inst/processing_geotop_simulation/geotop_simulation/out/maps/hsupN0017.asc
ncols         104
nrows         10
xllcorner     -2.000000
yllcorner     0.000000
cellsize      1.000000
NODATA_value  -9999.0
[rows 0 to 9 of 10, columns 0 to 63 of 104]
-9999.0 -9999.0 -9999.0 -9999.0 -9999.0 -9999.0 -9999.0 -9999.0 -9999.0 -9999.0 -9999.0 -9999.0 -9999.0 -9999.0 -9999.0 -9999.0 -9999.0 -9999.0 -9999.0 -9999.0 -9999.0 -9999.0 -9999.0 -9999.0 -9999.0 -9999.0 -9999.0 -9999.0 -9999.0 -9999.0 -9999.0 -9999.0 -9999.0 -9999.0 -9999.0 -9999.0 -9999.0 -9999.0 -9999.0 -9999.0 -9999.0 -9999.0 -9999.0 -9999.0 -9999.0 -9999.0 -9999.0 -9999.0 -9999.0 -9999.0 -9999.0 -9999.0 -9999.0 -9999.0 -9999.0 -9999.0 -9999.0 -9999.0 -9999.0 -9999.0 -9999.0 -9999.0 -9999.0 -9999.0
-9999.0 -9999.0 -9999.0 -9999.0 -9999.0 -9999.0 -9999.0 -9999.0 -9999.0 -9999.0 -9999.0 -9999.0 -9999.0 -9999.0 -9999.0 -9999.0 -9999.0 -9999.0 -9999.0 -9999.0 -9999.0 -9999.0 -9999.0 -9999.0 -9999.0 -9999.0 -9999.0 -9999.0 -9999.0 -9999.0 -9999.0 -9999.0 -9999.0 -9999.0 -9999.0 -9999.0 -9999.0 -9999.0 -9999.0 -9999.0 -9999.0 -9999.0 -9999.0 -9999.0 -9999.0 -9999.0 -9999.0 -9999.0 -9999.0 -9999.0 -9999.0 -9999.0 -9999.0 -9999.0 -9999.0 -9999.0 -9999.0 -9999.0 -9999.0 -9999.0 -9999.0 -9999.0 -9999.0 -9999.0
-9999.0 -9999.0 1.108713 0.291908 0.284389 0.276934 0.269544 0.262218 0.254959 0.247766 0.240640 0.233581 0.226592 0.219671 0.212820 0.206041 0.199332 0.192696 0.186133 0.179644 0.173230 0.166891 0.160630 0.154446 0.148341 0.142316 0.136372 0.130510 0.124731 0.119037 0.113428 0.107907 0.102475 0.097133 0.091883 0.086726 0.081664 0.076700 0.071835 0.067071 0.062410 0.057856 0.053410 0.049075 0.044854 0.040752 0.036770 0.032914 0.029188 0.025596 0.022144 0.018839 0.015687 0.012696 0.009877 0.007240 0.004793 0.002535 0.000000 0.000000 0.000000 0.000000 0.000000 0.000000
-9999.0 -9999.0 1.883593 0.291908 0.284389 0.276934 0.269544 0.262218 0.254959 0.247766 0.240640 0.233581 0.226592 0.219671 0.212820 0.206041 0.199332 0.192696 0.186133 0.179644 0.173230 0.166891 0.160630 0.154446 0.148341 0.142316 0.136372 0.130510 0.124731 0.119037 0.113428 0.107907 0.102475 0.097133 0.091883 0.086726 0.081664 0.076700 0.071835 0.067071 0.062410 0.057856 0.053410 0.049075 0.044854 0.040752 0.036770 0.032914 0.029188 0.025596 0.022144 0.018839 0.015687 0.012696 0.009877 0.007240 0.004793 0.002535 0.000000 0.000000 0.000000 0.000000 0.000000 0.000000
-9999.0 -9999.0 1.883593 0.291908 0.284389 0.276934 0.269544 0.262218 0.254959 0.247766 0.240640 0.233581 0.226592 0.219671 0.212820 0.206041 0.199332 0.192696 0.186133 0.179644 0.173230 0.166891 0.160630 0.154446 0.148341 0.142316 0.136372 0.130510 0.124731 0.119037 0.113428 0.107907 0.102475 0.097133 0.091883 0.086726 0.081664 0.076700 0.071835 0.067071 0.062410 0.057856 0.053410 0.049075 0.044854 0.040752 0.036770 0.032914 0.029188 0.025596 0.022144 0.018839 0.015687 0.012696 0.009877 0.007240 0.004793 0.002535 0.000000 0.000000 0.000000 0.000000 0.000000 0.000000
-9999.0 -9999.0 1.883593 0.291908 0.284389 0.276934 0.269544 0.262218 0.254959 0.247766 0.240640 0.233581 0.226592 0.219671 0.212820 0.206041 0.199332 0.192696 0.186133 0.179644 0.173230 0.166891 0.160630 0.154446 0.148341 0.142316 0.136372 0.130510 0.124731 0.119037 0.113428 0.107907 0.102475 0.097133 0.091883 0.086726 0.081664 0.076700 0.071835 0.067071 0.062410 0.057856 0.053410 0.049075 0.044854 0.040752 0.036770 0.032914 0.029188 0.025596 0.022144 0.018839 0.015687 0.012696 0.009877 0.007240 0.004793 0.002535 0.000000 0.000000 0.000000 0.000000 0.000000 0.000000
-9999.0 -9999.0 1.883593 0.291908 0.284389 0.276934 0.269544 0.262218 0.254959 0.247766 0.240640 0.233581 0.226592 0.219671 0.212820 0.206041 0.199332 0.192696 0.186133 0.179644 0.173230 0.166891 0.160630 0.154446 0.148341 0.142316 0.136372 0.130510 0.124731 0.119037 0.113428 0.107907 0.102475 0.097133 0.091883 0.086726 0.081664 0.076700 0.071835 0.067071 0.062410 0.057856 0.053410 0.049075 0.044854 0.040752 0.036770 0.032914 0.029188 0.025596 0.022144 0.018839 0.015687 0.012696 0.009877 0.007240 0.004793 0.002535 0.000000 0.000000 0.000000 0.000000 0.000000 0.000000
-9999.0 -9999.0 1.108713 0.291908 0.284389 0.276934 0.269544 0.262218 0.254959 0.247766 0.240640 0.233581 0.226592 0.219671 0.212820 0.206041 0.199332 0.192696 0.186133 0.179644 0.173230 0.166891 0.160630 0.154446 0.148341 0.142316 0.136372 0.130510 0.124731 0.119037 0.113428 0.107907 0.102475 0.097133 0.091883 0.086726 0.081664 0.076700 0.071835 0.067071 0.062410 0.057856 0.053410 0.049075 0.044854 0.040752 0.036770 0.032914 0.029188 0.025596 0.022144 0.018839 0.015687 0.012696 0.009877 0.007240 0.004793 0.002535 0.000000 0.000000 0.000000 0.000000 0.000000 0.000000
-9999.0 -9999.0 -9999.0 -9999.0 -9999.0 -9999.0 -9999.0 -9999.0 -9999.0 -9999.0 -9999.0 -9999.0 -9999.0 -9999.0 -9999.0 -9999.0 -9999.0 -9999.0 -9999.0 -9999.0 -9999.0 -9999.0 -9999.0 -9999.0 -9999.0 -9999.0 -9999.0 -9999.0 -9999.0 -9999.0 -9999.0 -9999.0 -9999.0 -9999.0 -9999.0 -9999.0 -9999.0 -9999.0 -9999.0 -9999.0 -9999.0 -9999.0 -9999.0 -9999.0 -9999.0 -9999.0 -9999.0 -9999.0 -9999.0 -9999.0 -9999.0 -9999.0 -9999.0 -9999.0 -9999.0 -9999.0 -9999.0 -9999.0 -9999.0 -9999.0 -9999.0 -9999.0 -9999.0 -9999.0
-9999.0 -9999.0 -9999.0 -9999.0 -9999.0 -9999.0 -9999.0 -9999.0 -9999.0 -9999.0 -9999.0 -9999.0 -9999.0 -9999.0 -9999.0 -9999.0 -9999.0 -9999.0 -9999.0 -9999.0 -9999.0 -9999.0 -9999.0 -9999.0 -9999.0 -9999.0 -9999.0 -9999.0 -9999.0 -9999.0 -9999.0 -9999.0 -9999.0 -9999.0 -9999.0 -9999.0 -9999.0 -9999.0 -9999.0 -9999.0 -9999.0 -9999.0 -9999.0 -9999.0 -9999.0 -9999.0 -9999.0 -9999.0 -9999.0 -9999.0 -9999.0 -9999.0 -9999.0 -9999.0 -9999.0 -9999.0 -9999.0 -9999.0 -9999.0 -9999.0 -9999.0 -9999.0 -9999.0 -9999.0
