inst/processing_geotop_simulation/geotop_simulation/out/maps/hsupN0008.asc
ncols         104
nrows         10
xllcorner     -2.000000
yllcorner     0.000000
cellsize      1.000000
NODATA_value  -9999.0
[rows 0 to 9 of 10, columns 0 to 63 of 104]
-9999.0 -9999.0 -9999.0 -9999.0 -9999.0 -9999.0 -9999.0 -9999.0 -9999.0 -9999.0 -9999.0 -9999.0 -9999.0 -9999.0 -9999.0 -9999.0 -9999.0 -9999.0 -9999.0 -9999.0 -9999.0 -9999.0 -9999.0 -9999.0 -9999.0 -9999.0 -9999.0 -9999.0 -9999.0 -9999.0 -9999.0 -9999.0 -9999.0 -9999.0 -9999.0 -9999.0 -9999.0 -9999.0 -9999.0 -9999.0 -9999.0 -9999.0 -9999.0 -9999.0 -9999.0 -9999.0 -9999.0 -9999.0 -9999.0 -9999.0 -9999.0 -9999.0 -9999.0 -9999.0 -9999.0 -9999.0 -9999.0 -9999.0 -9999.0 -9999.0 -9999.0 -9999.0 -9999.0 -9999.0
-9999.0 -9999.0 -9999.0 -9999.0 -9999.0 -9999.0 -9999.0 -9999.0 -9999.0 -9999.0 -9999.0 -9999.0 -9999.0 -9999.0 -9999.0 -9999.0 -9999.0 -9999.0 -9999.0 -9999.0 -9999.0 -9999.0 -9999.0 -9999.0 -9999.0 -9999.0 -9999.0 -9999.0 -9999.0 -9999.0 -9999.0 -9999.0 -9999.0 -9999.0 -9999.0 -9999.0 -9999.0 -9999.0 -9999.0 -9999.0 -9999.0 -9999.0 -9999.0 -9999.0 -9999.0 -9999.0 -9999.0 -9999.0 -9999.0 -9999.0 -9999.0 -9999.0 -9999.0 -9999.0 -9999.0 -9999.0 -9999.0 -9999.0 -9999.0 -9999.0 -9999.0 -9999.0 -9999.0 -9999.0
-9999.0 -9999.0 1.185451 0.311050 0.303346 0.295703 0.288124 0.280607 0.273155 0.265767 0.258444 0.251187 0.243997 0.236873 0.229818 0.222831 0.215914 0.209066 0.202290 0.195585 0.188953 0.182394 0.175910 0.169501 0.163168 0.156913 0.150735 0.144638 0.138620 0.132685 0.126832 0.121064 0.115381 0.109785 0.104278 0.098860 0.093534 0.088302 0.083165 0.078124 0.073183 0.068344 0.063608 0.058978 0.054457 0.050047 0.045753 0.041577 0.037522 0.033595 0.029797 0.026136 0.022616 0.019244 0.016028 0.012975 0.010096 0.007401 0.004901 0.002593 0.000000 0.000000 0.000000 0.000000
-9999.0 -9999.0 2.010542 0.311050 0.303346 0.295703 0.288124 0.280607 0.273155 0.265767 0.258444 0.251187 0.243997 0.236873 0.229818 0.222831 0.215914 0.209066 0.202290 0.195585 0.188953 0.182394 0.175910 0.169501 0.163168 0.156913 0.150735 0.144638 0.138620 0.132685 0.126832 0.121064 0.115381 0.109785 0.104278 0.098860 0.093534 0.088302 0.083165 0.078124 0.073183 0.068344 0.063608 0.058978 0.054457 0.050047 0.045753 0.041577 0.037522 0.033595 0.029797 0.026136 0.022616 0.019244 0.016028 0.012975 0.010096 0.007401 0.004901 0.002593 0.000000 0.000000 0.000000 0.000000
-9999.0 -9999.0 2.010542 0.311050 0.303346 0.295703 0.288124 0.280607 0.273155 0.265767 0.258444 0.251187 0.243997 0.236873 0.229818 0.222831 0.215914 0.209066 0.202290 0.195585 0.188953 0.182394 0.175910 0.169501 0.163168 0.156913 0.150735 0.144638 0.138620 0.132685 0.126832 0.121064 0.115381 0.109785 0.104278 0.098860 0.093534 0.088302 0.083165 0.078124 0.073183 0.068344 0.063608 0.058978 0.054457 0.050047 0.045753 0.041577 0.037522 0.033595 0.029797 0.026136 0.022616 0.019244 0.016028 0.012975 0.010096 0.007401 0.004901 0.002593 0.000000 0.000000 0.000000 0.000000
-9999.0 -9999.0 2.010542 0.311050 0.303346 0.295703 0.288124 0.280607 0.273155 0.265767 0.258444 0.251187 0.243997 0.236873 0.229818 0.222831 0.215914 0.209066 0.202290 0.195585 0.188953 0.182394 0.175910 0.169501 0.163168 0.156913 0.150735 0.144638 0.138620 0.132685 0.126832 0.121064 0.115381 0.109785 0.104278 0.098860 0.093534 0.088302 0.083165 0.078124 0.073183 0.068344 0.063608 0.058978 0.054457 0.050047 0.045753 0.041577 0.037522 0.033595 0.029797 0.026136 0.022616 0.019244 0.016028 0.012975 0.010096 0.007401 0.004901 0.002593 0.000000 0.000000 0.000000 0.000000
-9999.0 -9999.0 2.010542 0.311050 0.303346 0.295703 0.288124 0.280607 0.273155 0.265767 0.258444 0.251187 0.243997 0.236873 0.229818 0.222831 0.215914 0.209066 0.202290 0.195585 0.188953 0.182394 0.175910 0.169501 0.163168 0.156913 0.150735 0.144638 0.138620 0.132685 0.126832 0.121064 0.115381 0.109785 0.104278 0.098860 0.093534 0.088302 0.083165 0.078124 0.073183 0.068344 0.063608 0.058978 0.054457 0.050047 0.045753 0.041577 0.037522 0.033595 0.029797 0.026136 0.022616 0.019244 0.016028 0.012975 0.010096 0.007401 0.004901 0.002593 0.000000 0.000000 0.000000 0.000000
-9999.0 -9999.0 1.185451 0.311050 0.303346 0.295703 0.288124 0.280607 0.273155 0.265767 0.258444 0.251187 0.243997 0.236873 0.229818 0.222831 0.215914 0.209066 0.202290 0.195585 0.188953 0.182394 0.175910 0.169501 0.163168 0.156913 0.150735 0.144638 0.138620 0.132685 0.126832 0.121064 0.115381 0.109785 0.104278 0.098860 0.093534 0.088302 0.083165 0.078124 0.073183 0.068344 0.063608 0.058978 0.054457 0.050047 0.045753 0.041577 0.037522 0.033595 0.029797 0.026136 0.022616 0.019244 0.016028 0.012975 0.010096 0.007401 0.004901 0.002593 0.000000 0.000000 0.000000 0.000000
-9999.0 -9999.0 -9999.0 -9999.0 -9999.0 -9999.0 -9999.0 -9999.0 -9999.0 -9999.0 -9999.0 -9999.0 -9999.0 -9999.0 -9999.0 -9999.0 -9999.0 -9999.0 -9999.0 -9999.0 -9999.0 -9999.0 -9999.0 -9999.0 -9999.0 -9999.0 -9999.0 -9999.0 -9999.0 -9999.0 -9999.0 -9999.0 -9999.0 -9999.0 -9999.0 -9999.0 -9999.0 -9999.0 -9999.0 -9999.0 -9999.0 -9999.0 -9999.0 -9999.0 -9999.0 -9999.0 -9999.0 -9999.0 -9999.0 -9999.0 -9999.0 -9999.0 -9999.0 -9999.0 -9999.0 -9999.0 -9999.0 -9999.0 -9999.0 -9999.0 -9999.0 -9999.0 -9999.0 -9999.0
-9999.0 -9999.0 -9999.0 -9999.0 -9999.0 -9999.0 -9999.0 -9999.0 -9999.0 -9999.0 -9999.0 -9999.0 -9999.0 -9999.0 -9999.0 -9999.0 -9999.0 -9999.0 -9999.0 -9999.0 -9999.0 -9999.0 -9999.0 -9999.0 -9999.0 -9999.0 -9999.0 -9999.0 -9999.0 -9999.0 -9999.0 -9999.0 -9999.0 -9999.0 -9999.0 -9999.0 -9999.0 -9999.0 -9999.0 -9999.0 -9999.0 -9999.0 -9999.0 -9999.0 -9999.0 -9999.0 -9999.0 -9999.0 -9999.0 -9999.0 -9999.0 -9999.0 -9999.0 -9999.0 -9999.0 -9999.0 -9999.0 -9999.0 -9999.0 -9999.0 -9999.0 -9999.0 -9999.0 -9999.0
