inst/processing_geotop_simulation/geotop_simulation/out/maps/hsupN0003.asc
ncols         104
nrows         10
xllcorner     -2.000000
yllcorner     0.000000
cellsize      1.000000
NODATA_value  -9999.0
[rows 0 to 9 of 10, columns 0 to 63 of 104]
-9999.0 -9999.0 -9999.0 -9999.0 -9999.0 -9999.0 -9999.0 -9999.0 -9999.0 -9999.0 -9999.0 -9999.0 -9999.0 -9999.0 -9999.0 -9999.0 -9999.0 -9999.0 -9999.0 -9999.0 -9999.0 -9999.0 -9999.0 -9999.0 -9999.0 -9999.0 -9999.0 -9999.0 -9999.0 -9999.0 -9999.0 -9999.0 -9999.0 -9999.0 -9999.0 -9999.0 -9999.0 -9999.0 -9999.0 -9999.0 -9999.0 -9999.0 -9999.0 -9999.0 -9999.0 -9999.0 -9999.0 -9999.0 -9999.0 -9999.0 -9999.0 -9999.0 -9999.0 -9999.0 -9999.0 -9999.0 -9999.0 -9999.0 -9999.0 -9999.0 -9999.0 -9999.0 -9999.0 -9999.0
-9999.0 -9999.0 -9999.0 -9999.0 -9999.0 -9999.0 -9999.0 -9999.0 -9999.0 -9999.0 -9999.0 -9999.0 -9999.0 -9999.0 -9999.0 -9999.0 -9999.0 -9999.0 -9999.0 -9999.0 -9999.0 -9999.0 -9999.0 -9999.0 -9999.0 -9999.0 -9999.0 -9999.0 -9999.0 -9999.0 -9999.0 -9999.0 -9999.0 -9999.0 -9999.0 -9999.0 -9999.0 -9999.0 -9999.0 -9999.0 -9999.0 -9999.0 -9999.0 -9999.0 -9999.0 -9999.0 -9999.0 -9999.0 -9999.0 -9999.0 -9999.0 -9999.0 -9999.0 -9999.0 -9999.0 -9999.0 -9999.0 -9999.0 -9999.0 -9999.0 -9999.0 -9999.0 -9999.0 -9999.0
-9999.0 -9999.0 1.153386 0.303065 0.295435 0.287867 0.280361 0.272919 0.265542 0.258229 0.250982 0.243801 0.236686 0.229640 0.222661 0.215752 0.208913 0.202144 0.195447 0.188822 0.182270 0.175792 0.169389 0.163063 0.156813 0.150642 0.144550 0.138538 0.132608 0.126760 0.120997 0.115318 0.109727 0.104224 0.098811 0.093489 0.088261 0.083127 0.078091 0.073153 0.068317 0.063585 0.058958 0.054441 0.050035 0.045744 0.041571 0.037521 0.033597 0.029804 0.026147 0.022632 0.019267 0.016057 0.013014 0.010148 0.007471 0.005002 0.002757 0.000704 0.000000 0.000000 0.000000 0.000000
-9999.0 -9999.0 1.956911 0.303065 0.295435 0.287867 0.280361 0.272919 0.265542 0.258229 0.250982 0.243801 0.236686 0.229640 0.222661 0.215752 0.208913 0.202144 0.195447 0.188822 0.182270 0.175792 0.169389 0.163063 0.156813 0.150642 0.144550 0.138538 0.132608 0.126760 0.120997 0.115318 0.109727 0.104224 0.098811 0.093489 0.088261 0.083127 0.078091 0.073153 0.068317 0.063585 0.058958 0.054441 0.050035 0.045744 0.041571 0.037521 0.033597 0.029804 0.026147 0.022632 0.019267 0.016057 0.013014 0.010148 0.007471 0.005002 0.002757 0.000704 0.000000 0.000000 0.000000 0.000000
-9999.0 -9999.0 1.956911 0.303065 0.295435 0.287867 0.280361 0.272919 0.265542 0.258229 0.250982 0.243801 0.236686 0.229640 0.222661 0.215752 0.208913 0.202144 0.195447 0.188822 0.182270 0.175792 0.169389 0.163063 0.156813 0.150642 0.144550 0.138538 0.132608 0.126760 0.120997 0.115318 0.109727 0.104224 0.098811 0.093489 0.088261 0.083127 0.078091 0.073153 0.068317 0.063585 0.058958 0.054441 0.050035 0.045744 0.041571 0.037521 0.033597 0.029804 0.026147 0.022632 0.019267 0.016057 0.013014 0.010148 0.007471 0.005002 0.002757 0.000704 0.000000 0.000000 0.000000 0.000000
-9999.0 -9999.0 1.956911 0.303065 0.295435 0.287867 0.280361 0.272919 0.265542 0.258229 0.250982 0.243801 0.236686 0.229640 0.222661 0.215752 0.208913 0.202144 0.195447 0.188822 0.182270 0.175792 0.169389 0.163063 0.156813 0.150642 0.144550 0.138538 0.132608 0.126760 0.120997 0.115318 0.109727 0.104224 0.098811 0.093489 0.088261 0.083127 0.078091 0.073153 0.068317 0.063585 0.058958 0.054441 0.050035 0.045744 0.041571 0.037521 0.033597 0.029804 0.026147 0.022632 0.019267 0.016057 0.013014 0.010148 0.007471 0.005002 0.002757 0.000704 0.000000 0.000000 0.000000 0.000000
-9999.0 -9999.0 1.956911 0.303065 0.295435 0.287867 0.280361 0.272919 0.265542 0.258229 0.250982 0.243801 0.236686 0.229640 0.222661 0.215752 0.208913 0.202144 0.195447 0.188822 0.182270 0.175792 0.169389 0.163063 0.156813 0.150642 0.144550 0.138538 0.132608 0.126760 0.120997 0.115318 0.109727 0.104224 0.098811 0.093489 0.088261 0.083127 0.078091 0.073153 0.068317 0.063585 0.058958 0.054441 0.050035 0.045744 0.041571 0.037521 0.033597 0.029804 0.026147 0.022632 0.019267 0.016057 0.013014 0.010148 0.007471 0.005002 0.002757 0.000704 0.000000 0.000000 0.000000 0.000000
-9999.0 -9999.0 1.153386 0.303065 0.295435 0.287867 0.280361 0.272919 0.265542 0.258229 0.250982 0.243801 0.236686 0.229640 0.222661 0.215752 0.208913 0.202144 0.195447 0.188822 0.182270 0.175792 0.169389 0.163063 0.156813 0.150642 0.144550 0.138538 0.132608 0.126760 0.120997 0.115318 0.109727 0.104224 0.098811 0.093489 0.088261 0.083127 0.078091 0.073153 0.068317 0.063585 0.058958 0.054441 0.050035 0.045744 0.041571 0.037521 0.033597 0.029804 0.026147 0.022632 0.019267 0.016057 0.013014 0.010148 0.007471 0.005002 0.002757 0.000704 0.000000 0.000000 0.000000 0.000000
-9999.0 -9999.0 -9999.0 -9999.0 -9999.0 -9999.0 -9999.0 -9999.0 -9999.0 -9999.0 -9999.0 -9999.0 -9999.0 -9999.0 -9999.0 -9999.0 -9999.0 -9999.0 -9999.0 -9999.0 -9999.0 -9999.0 -9999.0 -9999.0 -9999.0 -9999.0 -9999.0 -9999.0 -9999.0 -9999.0 -9999.0 -9999.0 -9999.0 -9999.0 -9999.0 -9999.0 -9999.0 -9999.0 -9999.0 -9999.0 -9999.0 -9999.0 -9999.0 -9999.0 -9999.0 -9999.0 -9999.0 -9999.0 -9999.0 -9999.0 -9999.0 -9999.0 -9999.0 -9999.0 -9999.0 -9999.0 -9999.0 -9999.0 -9999.0 -9999.0 -9999.0 -9999.0 -9999.0 -9999.0
-9999.0 -9999.0 -9999.0 -9999.0 -9999.0 -9999.0 -9999.0 -9999.0 -9999.0 -9999.0 -9999.0 -9999.0 -9999.0 -9999.0 -9999.0 -9999.0 -9999.0 -9999.0 -9999.0 -9999.0 -9999.0 -9999.0 -9999.0 -9999.0 -9999.0 -9999.0 -9999.0 -9999.0 -9999.0 -9999.0 -9999.0 -9999.0 -9999.0 -9999.0 -9999.0 -9999.0 -9999.0 -9999.0 -9999.0 -9999.0 -9999.0 -9999.0 -9999.0 -9999.0 -9999.0 -9999.0 -9999.0 -9999.0 -9999.0 -9999.0 -9999.0 -9999.0 -9999.0 -9999.0 -9999.0 -9999.0 -9999.0 -9999.0 -9999.0 -9999.0 -9999.0 -9999.0 -9999.0 -9999.0
