inst/processing_geotop_simulation/geotop_simulation/out/maps/wtN0058.asc
ncols         104
nrows         10
xllcorner     -2.000000
yllcorner     0.000000
cellsize      1.000000
NODATA_value  -9999.0
-9999.0 -9999.0 -9999.0 -9999.0 -9999.0 -9999.0 -9999.0 -9999.0 -9999.0 -9999.0 -9999.0 -9999.0 -9999.0 -9999.0 -9999.0 -9999.0 -9999.0 -9999.0 -9999.0 -9999.0 -9999.0 -9999.0 -9999.0 -9999.0 -9999.0 -9999.0 -9999.0 -9999.0 -9999.0 -9999.0 -9999.0 -9999.0 -9999.0 -9999.0 -9999.0 -9999.0 -9999.0 -9999.0 -9999.0 -9999.0 -9999.0 -9999.0 -9999.0 -9999.0 -9999.0 -9999.0 -9999.0 -9999.0 -9999.0 -9999.0 -9999.0 -9999.0 -9999.0 -9999.0 -9999.0 -9999.0 -9999.0 -9999.0 -9999.0 -9999.0 -9999.0 -9999.0 -9999.0 -9999.0 -9999.0 -9999.0 -9999.0 -9999.0 -9999.0 -9999.0 -9999.0 -9999.0 -9999.0 -9999.0 -9999.0 -9999.0 -9999.0 -9999.0 -9999.0 -9999.0 -9999.0 -9999.0 -9999.0 -9999.0 -9999.0 -9999.0 -9999.0 -9999.0 -9999.0 -9999.0 -9999.0 -9999.0 -9999.0 -9999.0 -9999.0 -9999.0 -9999.0 -9999.0 -9999.0 -9999.0 -9999.0 -9999.0 -9999.0 -9999.0
-9999.0 -9999.0 -9999.0 -9999.0 -9999.0 -9999.0 -9999.0 -9999.0 -9999.0 -9999.0 -9999.0 -9999.0 -9999.0 -9999.0 -9999.0 -9999.0 -9999.0 -9999.0 -9999.0 -9999.0 -9999.0 -9999.0 -9999.0 -9999.0 -9999.0 -9999.0 -9999.0 -9999.0 -9999.0 -9999.0 -9999.0 -9999.0 -9999.0 -9999.0 -9999.0 -9999.0 -9999.0 -9999.0 -9999.0 -9999.0 -9999.0 -9999.0 -9999.0 -9999.0 -9999.0 -9999.0 -9999.0 -9999.0 -9999.0 -9999.0 -9999.0 -9999.0 -9999.0 -9999.0 -9999.0 -9999.0 -9999.0 -9999.0 -9999.0 -9999.0 -9999.0 -9999.0 -9999.0 -9999.0 -9999.0 -9999.0 -9999.0 -9999.0 -9999.0 -9999.0 -9999.0 -9999.0 -9999.0 -9999.0 -9999.0 -9999.0 -9999.0 -9999.0 -9999.0 -9999.0 -9999.0 -9999.0 -9999.0 -9999.0 -9999.0 -9999.0 -9999.0 -9999.0 -9999.0 -9999.0 -9999.0 -9999.0 -9999.0 -9999.0 -9999.0 -9999.0 -9999.0 -9999.0 -9999.0 -9999.0 -9999.0 -9999.0 -9999.0 -9999.0
-9999.0 -9999.0 802.753391 902.047277 1000.497013 1098.018210 1194.567476 1290.088471 1384.538429 1477.871021 1570.038076 1661.018411 1750.805200 1839.362169 1926.614145 2012.560392 2097.251085 2180.565882 2262.485164 2343.106880 2422.202267 2499.908758 2576.059892 2650.734591 2723.763561 2795.339145 2865.139045 2933.324396 2999.900016 3064.672648 3127.732716 3189.105582 3248.837500 3306.745671 3362.915468 3417.372259 3470.139717 3521.248491 3570.731038 3618.629535 3664.997715 3709.906691 3753.384283 3795.117782 3835.206745 3873.765367 3911.023998 3946.704999 3980.801144 4013.439859 4036.222302 4031.331787 4079.132638 4111.469805 4140.476174 4168.655384 4195.862821 4222.303826 4248.012008 4273.007259 4297.390798 4321.255403 4344.622750 4367.910341 4390.801924 4413.948773 4436.579737 4459.718548 4482.233680 4505.156848 4527.670840 4550.416926 4572.978711 4595.547041 4618.164854 4640.502750 4663.160555 4685.182397 4707.873610 4729.568831 4751.663809 4773.044560 4794.339799 4815.353501 4835.500312 4856.281347 4875.163588 4893.989538 4912.094181 4928.485199 4945.035795 4975.185951 4975.185951 4975.185951 4975.185951 4975.185951 4975.185951 4975.185951 4975.185951 4975.185951 4975.185951 4975.185951 -9999.0 -9999.0
-9999.0 -9999.0 802.753390 902.047277 1000.497011 1098.018210 1194.567475 1290.088471 1384.538428 1477.871021 1570.038075 1661.018411 1750.805199 1839.362169 1926.614144 2012.560391 2097.251085 2180.565881 2262.485164 2343.106879 2422.202267 2499.908757 2576.059892 2650.734590 2723.763561 2795.339144 2865.139044 2933.324395 2999.900016 3064.672647 3127.732716 3189.105582 3248.837500 3306.745671 3362.915468 3417.372260 3470.139717 3521.248492 3570.731038 3618.629535 3664.997715 3709.906691 3753.384282 3795.117782 3835.206744 3873.765366 3911.023997 3946.704998 3980.801143 4013.439858 4036.222300 4031.331786 4079.132637 4111.469804 4140.476174 4168.655383 4195.862820 4222.303825 4248.012007 4273.007258 4297.390797 4321.255402 4344.622749 4367.910340 4390.801924 4413.948773 4436.579737 4459.718549 4482.233681 4505.156848 4527.670841 4550.416927 4572.978711 4595.547040 4618.164853 4640.502750 4663.160554 4685.182396 4707.873609 4729.568830 4751.663809 4773.044559 4794.339798 4815.353501 4835.500312 4856.281347 4875.163588 4893.989538 4912.094181 4928.485199 4945.035795 4975.185951 4975.185951 4975.185951 4975.185951 4975.185951 4975.185951 4975.185951 4975.185951 4975.185951 4975.185951 4975.185951 -9999.0 -9999.0
-9999.0 -9999.0 802.753390 902.047276 1000.497012 1098.018210 1194.567475 1290.088470 1384.538429 1477.871020 1570.038075 1661.018410 1750.805199 1839.362168 1926.614144 2012.560391 2097.251084 2180.565881 2262.485164 2343.106879 2422.202266 2499.908757 2576.059891 2650.734590 2723.763560 2795.339144 2865.139044 2933.324395 2999.900016 3064.672647 3127.732715 3189.105582 3248.837500 3306.745671 3362.915468 3417.372260 3470.139717 3521.248492 3570.731039 3618.629535 3664.997716 3709.906691 3753.384283 3795.117781 3835.206744 3873.765366 3911.023997 3946.704997 3980.801142 4013.439857 4036.222300 4031.331786 4079.132637 4111.469804 4140.476173 4168.655383 4195.862820 4222.303825 4248.012007 4273.007257 4297.390797 4321.255402 4344.622749 4367.910340 4390.801924 4413.948773 4436.579737 4459.718549 4482.233681 4505.156849 4527.670841 4550.416927 4572.978711 4595.547040 4618.164853 4640.502749 4663.160554 4685.182395 4707.873609 4729.568830 4751.663809 4773.044559 4794.339798 4815.353501 4835.500312 4856.281347 4875.163588 4893.989538 4912.094181 4928.485199 4945.035796 4975.185951 4975.185951 4975.185951 4975.185951 4975.185951 4975.185951 4975.185951 4975.185951 4975.185951 4975.185951 4975.185951 -9999.0 -9999.0
-9999.0 -9999.0 802.753389 902.047277 1000.497011 1098.018210 1194.567475 1290.088471 1384.538428 1477.871021 1570.038075 1661.018411 1750.805199 1839.362169 1926.614144 2012.560391 2097.251084 2180.565881 2262.485164 2343.106879 2422.202267 2499.908757 2576.059891 2650.734589 2723.763560 2795.339144 2865.139044 2933.324395 2999.900016 3064.672647 3127.732716 3189.105582 3248.837500 3306.745671 3362.915468 3417.372260 3470.139717 3521.248492 3570.731038 3618.629536 3664.997715 3709.906692 3753.384282 3795.117782 3835.206744 3873.765366 3911.023997 3946.704997 3980.801142 4013.439857 4036.222300 4031.331786 4079.132637 4111.469804 4140.476173 4168.655383 4195.862820 4222.303825 4248.012007 4273.007257 4297.390797 4321.255402 4344.622749 4367.910340 4390.801924 4413.948773 4436.579737 4459.718549 4482.233681 4505.156849 4527.670841 4550.416927 4572.978711 4595.547040 4618.164853 4640.502749 4663.160554 4685.182395 4707.873609 4729.568830 4751.663809 4773.044559 4794.339798 4815.353501 4835.500312 4856.281347 4875.163588 4893.989538 4912.094181 4928.485199 4945.035796 4975.185951 4975.185951 4975.185951 4975.185951 4975.185951 4975.185951 4975.185951 4975.185951 4975.185951 4975.185951 4975.185951 -9999.0 -9999.0
-9999.0 -9999.0 802.753390 902.047277 1000.497012 1098.018210 1194.567475 1290.088470 1384.538429 1477.871020 1570.038075 1661.018410 1750.805200 1839.362169 1926.614144 2012.560391 2097.251085 2180.565881 2262.485164 2343.106879 2422.202267 2499.908758 2576.059891 2650.734590 2723.763560 2795.339145 2865.139044 2933.324396 2999.900016 3064.672648 3127.732715 3189.105582 3248.837500 3306.745671 3362.915468 3417.372260 3470.139717 3521.248492 3570.731038 3618.629535 3664.997716 3709.906691 3753.384283 3795.117782 3835.206745 3873.765366 3911.023997 3946.704998 3980.801143 4013.439858 4036.222300 4031.331786 4079.132637 4111.469804 4140.476174 4168.655383 4195.862820 4222.303825 4248.012007 4273.007258 4297.390797 4321.255402 4344.622749 4367.910340 4390.801924 4413.948773 4436.579737 4459.718549 4482.233681 4505.156848 4527.670841 4550.416927 4572.978711 4595.547040 4618.164853 4640.502750 4663.160554 4685.182396 4707.873609 4729.568830 4751.663809 4773.044559 4794.339798 4815.353501 4835.500312 4856.281347 4875.163588 4893.989538 4912.094181 4928.485199 4945.035795 4975.185951 4975.185951 4975.185951 4975.185951 4975.185951 4975.185951 4975.185951 4975.185951 4975.185951 4975.185951 4975.185951 -9999.0 -9999.0
-9999.0 -9999.0 802.753390 902.047278 1000.497012 1098.018211 1194.567475 1290.088471 1384.538429 1477.871021 1570.038075 1661.018411 1750.805200 1839.362169 1926.614145 2012.560392 2097.251085 2180.565882 2262.485164 2343.106879 2422.202267 2499.908758 2576.059893 2650.734591 2723.763562 2795.339145 2865.139045 2933.324396 2999.900017 3064.672648 3127.732716 3189.105582 3248.837500 3306.745671 3362.915468 3417.372260 3470.139716 3521.248492 3570.731038 3618.629535 3664.997715 3709.906691 3753.384282 3795.117782 3835.206745 3873.765367 3911.023998 3946.704999 3980.801144 4013.439859 4036.222302 4031.331787 4079.132638 4111.469805 4140.476174 4168.655384 4195.862821 4222.303826 4248.012008 4273.007259 4297.390798 4321.255403 4344.622750 4367.910341 4390.801924 4413.948773 4436.579737 4459.718548 4482.233680 4505.156848 4527.670840 4550.416926 4572.978711 4595.547041 4618.164854 4640.502750 4663.160555 4685.182397 4707.873610 4729.568831 4751.663809 4773.044560 4794.339799 4815.353501 4835.500312 4856.281347 4875.163588 4893.989538 4912.094181 4928.485199 4945.035795 4975.185951 4975.185951 4975.185951 4975.185951 4975.185951 4975.185951 4975.185951 4975.185951 4975.185951 4975.185951 4975.185951 -9999.0 -9999.0
-9999.0 -9999.0 -9999.0 -9999.0 -9999.0 -9999.0 -9999.0 -9999.0 -9999.0 -9999.0 -9999.0 -9999.0 -9999.0 -9999.0 -9999.0 -9999.0 -9999.0 -9999.0 -9999.0 -9999.0 -9999.0 -9999.0 -9999.0 -9999.0 -9999.0 -9999.0 -9999.0 -9999.0 -9999.0 -9999.0 -9999.0 -9999.0 -9999.0 -9999.0 -9999.0 -9999.0 -9999.0 -9999.0 -9999.0 -9999.0 -9999.0 -9999.0 -9999.0 -9999.0 -9999.0 -9999.0 -9999.0 -9999.0 -9999.0 -9999.0 -9999.0 -9999.0 -9999.0 -9999.0 -9999.0 -9999.0 -9999.0 -9999.0 -9999.0 -9999.0 -9999.0 -9999.0 -9999.0 -9999.0 -9999.0 -9999.0 -9999.0 -9999.0 -9999.0 -9999.0 -9999.0 -9999.0 -9999.0 -9999.0 -9999.0 -9999.0 -9999.0 -9999.0 -9999.0 -9999.0 -9999.0 -9999.0 -9999.0 -9999.0 -9999.0 -9999.0 -9999.0 -9999.0 -9999.0 -9999.0 -9999.0 -9999.0 -9999.0 -9999.0 -9999.0 -9999.0 -9999.0 -9999.0 -9999.0 -9999.0 -9999.0 -9999.0 -9999.0 -9999.0
-9999.0 -9999.0 -9999.0 -9999.0 -9999.0 -9999.0 -9999.0 -9999.0 -9999.0 -9999.0 -9999.0 -9999.0 -9999.0 -9999.0 -9999.0 -9999.0 -9999.0 -9999.0 -9999.0 -9999.0 -9999.0 -9999.0 -9999.0 -9999.0 -9999.0 -9999.0 -9999.0 -9999.0 -9999.0 -9999.0 -9999.0 -9999.0 -9999.0 -9999.0 -9999.0 -9999.0 -9999.0 -9999.0 -9999.0 -9999.0 -9999.0 -9999.0 -9999.0 -9999.0 -9999.0 -9999.0 -9999.0 -9999.0 -9999.0 -9999.0 -9999.0 -9999.0 -9999.0 -9999.0 -9999.0 -9999.0 -9999.0 -9999.0 -9999.0 -9999.0 -9999.0 -9999.0 -9999.0 -9999.0 -9999.0 -9999.0 -9999.0 -9999.0 -9999.0 -9999.0 -9999.0 -9999.0 -9999.0 -9999.0 -9999.0 -9999.0 -9999.0 -9999.0 -9999.0 -9999.0 -9999.0 -9999.0 -9999.0 -9999.0 -9999.0 -9999.0 -9999.0 -9999.0 -9999.0 -9999.0 -9999.0 -9999.0 -9999.0 -9999.0 -9999.0 -9999.0 -9999.0 -9999.0 -9999.0 -9999.0 -9999.0 -9999.0 -9999.0 -9999.0