inst/processing_geotop_simulation/geotop_simulation/out/maps/wtN0140.asc
ncols         104
nrows         10
xllcorner     -2.000000
yllcorner     0.000000
cellsize      1.000000
NODATA_value  -9999.0
-9999.0 -9999.0 -9999.0 -9999.0 -9999.0 -9999.0 -9999.0 -9999.0 -9999.0 -9999.0 -9999.0 -9999.0 -9999.0 -9999.0 -9999.0 -9999.0 -9999.0 -9999.0 -9999.0 -9999.0 -9999.0 -9999.0 -9999.0 -9999.0 -9999.0 -9999.0 -9999.0 -9999.0 -9999.0 -9999.0 -9999.0 -9999.0 -9999.0 -9999.0 -9999.0 -9999.0 -9999.0 -9999.0 -9999.0 -9999.0 -9999.0 -9999.0 -9999.0 -9999.0 -9999.0 -9999.0 -9999.0 -9999.0 -9999.0 -9999.0 -9999.0 -9999.0 -9999.0 -9999.0 -9999.0 -9999.0 -9999.0 -9999.0 -9999.0 -9999.0 -9999.0 -9999.0 -9999.0 -9999.0 -9999.0 -9999.0 -9999.0 -9999.0 -9999.0 -9999.0 -9999.0 -9999.0 -9999.0 -9999.0 -9999.0 -9999.0 -9999.0 -9999.0 -9999.0 -9999.0 -9999.0 -9999.0 -9999.0 -9999.0 -9999.0 -9999.0 -9999.0 -9999.0 -9999.0 -9999.0 -9999.0 -9999.0 -9999.0 -9999.0 -9999.0 -9999.0 -9999.0 -9999.0 -9999.0 -9999.0 -9999.0 -9999.0 -9999.0 -9999.0
-9999.0 -9999.0 -9999.0 -9999.0 -9999.0 -9999.0 -9999.0 -9999.0 -9999.0 -9999.0 -9999.0 -9999.0 -9999.0 -9999.0 -9999.0 -9999.0 -9999.0 -9999.0 -9999.0 -9999.0 -9999.0 -9999.0 -9999.0 -9999.0 -9999.0 -9999.0 -9999.0 -9999.0 -9999.0 -9999.0 -9999.0 -9999.0 -9999.0 -9999.0 -9999.0 -9999.0 -9999.0 -9999.0 -9999.0 -9999.0 -9999.0 -9999.0 -9999.0 -9999.0 -9999.0 -9999.0 -9999.0 -9999.0 -9999.0 -9999.0 -9999.0 -9999.0 -9999.0 -9999.0 -9999.0 -9999.0 -9999.0 -9999.0 -9999.0 -9999.0 -9999.0 -9999.0 -9999.0 -9999.0 -9999.0 -9999.0 -9999.0 -9999.0 -9999.0 -9999.0 -9999.0 -9999.0 -9999.0 -9999.0 -9999.0 -9999.0 -9999.0 -9999.0 -9999.0 -9999.0 -9999.0 -9999.0 -9999.0 -9999.0 -9999.0 -9999.0 -9999.0 -9999.0 -9999.0 -9999.0 -9999.0 -9999.0 -9999.0 -9999.0 -9999.0 -9999.0 -9999.0 -9999.0 -9999.0 -9999.0 -9999.0 -9999.0 -9999.0 -9999.0
-9999.0 -9999.0 0.000000 75.313149 168.243269 263.129123 358.743335 454.651924 550.662240 646.679778 742.655632 838.563951 934.391165 1030.129333 1125.771496 1221.312748 1316.742624 1412.050962 1507.236022 1602.294571 1697.223359 1792.018765 1886.676771 1981.193033 2075.563099 2169.783332 2263.709608 2357.735771 2451.438906 2544.953544 2638.271456 2731.383617 2824.280643 2916.954761 3009.391570 3101.543868 3193.406495 3284.962316 3376.191623 3467.074589 3557.589544 3647.634165 3737.172017 3826.140241 3914.484272 4002.097036 4088.808165 4174.529170 4259.153691 4342.324003 4423.770280 4503.244758 4579.862230 4653.303245 4721.939862 4784.513753 4839.113372 4883.350079 4916.113900 4937.938351 4975.185951 4975.185951 4975.185951 4975.185951 4975.185951 4975.185951 4975.185951 4975.185951 4975.185951 4975.185951 4975.185951 4975.185951 4975.185951 4975.185951 4975.185951 4975.185951 4975.185951 4975.185951 4975.185951 4975.185951 4975.185951 4975.185951 4975.185951 4975.185951 4975.185951 4975.185951 4975.185951 4975.185951 4975.185951 4975.185951 4975.185951 4975.185951 4975.185951 4975.185951 4975.185951 4975.185951 4975.185951 4975.185951 4975.185951 4975.185951 4975.185951 4975.185951 -9999.0 -9999.0
-9999.0 -9999.0 0.000000 75.310790 168.242680 263.128952 358.743281 454.651907 550.662234 646.679776 742.655631 838.563951 934.391165 1030.129333 1125.771496 1221.312748 1316.742624 1412.050963 1507.236023 1602.294572 1697.223360 1792.018766 1886.676772 1981.193034 2075.563099 2169.783333 2263.709608 2357.735772 2451.438907 2544.953545 2638.271458 2731.383618 2824.280644 2916.954762 3009.391571 3101.543868 3193.406496 3284.962316 3376.191623 3467.074589 3557.589544 3647.634164 3737.172016 3826.140240 3914.484272 4002.097036 4088.808164 4174.529170 4259.153691 4342.324003 4423.770280 4503.244758 4579.862230 4653.303245 4721.939862 4784.513753 4839.113372 4883.350079 4916.113900 4937.938351 4975.185951 4975.185951 4975.185951 4975.185951 4975.185951 4975.185951 4975.185951 4975.185951 4975.185951 4975.185951 4975.185951 4975.185951 4975.185951 4975.185951 4975.185951 4975.185951 4975.185951 4975.185951 4975.185951 4975.185951 4975.185951 4975.185951 4975.185951 4975.185951 4975.185951 4975.185951 4975.185951 4975.185951 4975.185951 4975.185951 4975.185951 4975.185951 4975.185951 4975.185951 4975.185951 4975.185951 4975.185951 4975.185951 4975.185951 4975.185951 4975.185951 4975.185951 -9999.0 -9999.0
-9999.0 -9999.0 0.000000 75.309854 168.242309 263.128818 358.743234 454.651890 550.662228 646.679774 742.655630 838.563951 934.391165 1030.129333 1125.771497 1221.312748 1316.742624 1412.050963 1507.236023 1602.294572 1697.223360 1792.018766 1886.676772 1981.193034 2075.563100 2169.783333 2263.709608 2357.735773 2451.438907 2544.953545 2638.271458 2731.383618 2824.280645 2916.954763 3009.391571 3101.543869 3193.406496 3284.962316 3376.191623 3467.074589 3557.589544 3647.634164 3737.172016 3826.140240 3914.484271 4002.097035 4088.808164 4174.529170 4259.153691 4342.324003 4423.770280 4503.244759 4579.862230 4653.303245 4721.939862 4784.513753 4839.113372 4883.350079 4916.113900 4937.938351 4975.185951 4975.185951 4975.185951 4975.185951 4975.185951 4975.185951 4975.185951 4975.185951 4975.185951 4975.185951 4975.185951 4975.185951 4975.185951 4975.185951 4975.185951 4975.185951 4975.185951 4975.185951 4975.185951 4975.185951 4975.185951 4975.185951 4975.185951 4975.185951 4975.185951 4975.185951 4975.185951 4975.185951 4975.185951 4975.185951 4975.185951 4975.185951 4975.185951 4975.185951 4975.185951 4975.185951 4975.185951 4975.185951 4975.185951 4975.185951 4975.185951 4975.185951 -9999.0 -9999.0
-9999.0 -9999.0 0.000000 75.309854 168.242310 263.128818 358.743234 454.651890 550.662228 646.679774 742.655630 838.563951 934.391165 1030.129334 1125.771497 1221.312748 1316.742624 1412.050963 1507.236023 1602.294572 1697.223360 1792.018766 1886.676772 1981.193035 2075.563100 2169.783333 2263.709608 2357.735773 2451.438907 2544.953545 2638.271458 2731.383618 2824.280645 2916.954763 3009.391571 3101.543868 3193.406496 3284.962316 3376.191623 3467.074589 3557.589544 3647.634164 3737.172016 3826.140240 3914.484271 4002.097035 4088.808164 4174.529170 4259.153691 4342.324003 4423.770280 4503.244759 4579.862230 4653.303245 4721.939862 4784.513753 4839.113372 4883.350079 4916.113900 4937.938351 4975.185951 4975.185951 4975.185951 4975.185951 4975.185951 4975.185951 4975.185951 4975.185951 4975.185951 4975.185951 4975.185951 4975.185951 4975.185951 4975.185951 4975.185951 4975.185951 4975.185951 4975.185951 4975.185951 4975.185951 4975.185951 4975.185951 4975.185951 4975.185951 4975.185951 4975.185951 4975.185951 4975.185951 4975.185951 4975.185951 4975.185951 4975.185951 4975.185951 4975.185951 4975.185951 4975.185951 4975.185951 4975.185951 4975.185951 4975.185951 4975.185951 4975.185951 -9999.0 -9999.0
-9999.0 -9999.0 0.000000 75.310790 168.242680 263.128952 358.743281 454.651907 550.662234 646.679776 742.655631 838.563951 934.391165 1030.129333 1125.771497 1221.312748 1316.742624 1412.050963 1507.236023 1602.294572 1697.223360 1792.018766 1886.676772 1981.193034 2075.563099 2169.783333 2263.709608 2357.735772 2451.438907 2544.953545 2638.271457 2731.383618 2824.280644 2916.954762 3009.391570 3101.543868 3193.406496 3284.962316 3376.191623 3467.074589 3557.589544 3647.634164 3737.172016 3826.140241 3914.484272 4002.097036 4088.808164 4174.529170 4259.153691 4342.324003 4423.770280 4503.244758 4579.862230 4653.303245 4721.939862 4784.513753 4839.113372 4883.350079 4916.113900 4937.938351 4975.185951 4975.185951 4975.185951 4975.185951 4975.185951 4975.185951 4975.185951 4975.185951 4975.185951 4975.185951 4975.185951 4975.185951 4975.185951 4975.185951 4975.185951 4975.185951 4975.185951 4975.185951 4975.185951 4975.185951 4975.185951 4975.185951 4975.185951 4975.185951 4975.185951 4975.185951 4975.185951 4975.185951 4975.185951 4975.185951 4975.185951 4975.185951 4975.185951 4975.185951 4975.185951 4975.185951 4975.185951 4975.185951 4975.185951 4975.185951 4975.185951 4975.185951 -9999.0 -9999.0
-9999.0 -9999.0 0.000000 75.313149 168.243269 263.129123 358.743335 454.651924 550.662240 646.679778 742.655632 838.563952 934.391165 1030.129333 1125.771496 1221.312748 1316.742623 1412.050963 1507.236022 1602.294571 1697.223359 1792.018766 1886.676771 1981.193034 2075.563098 2169.783332 2263.709608 2357.735771 2451.438906 2544.953544 2638.271457 2731.383617 2824.280643 2916.954761 3009.391570 3101.543868 3193.406495 3284.962316 3376.191623 3467.074589 3557.589544 3647.634165 3737.172017 3826.140241 3914.484272 4002.097036 4088.808165 4174.529170 4259.153691 4342.324003 4423.770280 4503.244758 4579.862230 4653.303245 4721.939862 4784.513753 4839.113372 4883.350079 4916.113900 4937.938351 4975.185951 4975.185951 4975.185951 4975.185951 4975.185951 4975.185951 4975.185951 4975.185951 4975.185951 4975.185951 4975.185951 4975.185951 4975.185951 4975.185951 4975.185951 4975.185951 4975.185951 4975.185951 4975.185951 4975.185951 4975.185951 4975.185951 4975.185951 4975.185951 4975.185951 4975.185951 4975.185951 4975.185951 4975.185951 4975.185951 4975.185951 4975.185951 4975.185951 4975.185951 4975.185951 4975.185951 4975.185951 4975.185951 4975.185951 4975.185951 4975.185951 4975.185951 -9999.0 -9999.0
-9999.0 -9999.0 -9999.0 -9999.0 -9999.0 -9999.0 -9999.0 -9999.0 -9999.0 -9999.0 -9999.0 -9999.0 -9999.0 -9999.0 -9999.0 -9999.0 -9999.0 -9999.0 -9999.0 -9999.0 -9999.0 -9999.0 -9999.0 -9999.0 -9999.0 -9999.0 -9999.0 -9999.0 -9999.0 -9999.0 -9999.0 -9999.0 -9999.0 -9999.0 -9999.0 -9999.0 -9999.0 -9999.0 -9999.0 -9999.0 -9999.0 -9999.0 -9999.0 -9999.0 -9999.0 -9999.0 -9999.0 -9999.0 -9999.0 -9999.0 -9999.0 -9999.0 -9999.0 -9999.0 -9999.0 -9999.0 -9999.0 -9999.0 -9999.0 -9999.0 -9999.0 -9999.0 -9999.0 -9999.0 -9999.0 -9999.0 -9999.0 -9999.0 -9999.0 -9999.0 -9999.0 -9999.0 -9999.0 -9999.0 -9999.0 -9999.0 -9999.0 -9999.0 -9999.0 -9999.0 -9999.0 -9999.0 -9999.0 -9999.0 -9999.0 -9999.0 -9999.0 -9999.0 -9999.0 -9999.0 -9999.0 -9999.0 -9999.0 -9999.0 -9999.0 -9999.0 -9999.0 -9999.0 -9999.0 -9999.0 -9999.0 -9999.0 -9999.0 -9999.0
-9999.0 -9999.0 -9999.0 -9999.0 -9999.0 -9999.0 -9999.0 -9999.0 -9999.0 -9999.0 -9999.0 -9999.0 -9999.0 -9999.0 -9999.0 -9999.0 -9999.0 -9999.0 -9999.0 -9999.0 -9999.0 -9999.0 -9999.0 -9999.0 -9999.0 -9999.0 -9999.0 -9999.0 -9999.0 -9999.0 -9999.0 -9999.0 -9999.0 -9999.0 -9999.0 -9999.0 -9999.0 -9999.0 -9999.0 -9999.0 -9999.0 -9999.0 -9999.0 -9999.0 -9999.0 -9999.0 -9999.0 -9999.0 -9999.0 -9999.0 -9999.0 -9999.0 -9999.0 -9999.0 -9999.0 -9999.0 -9999.0 -9999.0 -9999.0 -9999.0 -9999.0 -9999.0 -9999.0 -9999.0 -9999.0 -9999.0 -9999.0 -9999.0 -9999.0 -9999.0 -9999.0 -9999.0 -9999.0 -9999.0 -9999.0 -9999.0 -9999.0 -9999.0 -9999.0 -9999.0 -9999.0 -9999.0 -9999.0 -9999.0 -9999.0 -9999.0 -9999.0 -9999.0 -9999.0 -9999.0 -9999.0 -9999.0 -9999.0 -9999.0 -9999.0 -9999.0 -9999.0 -9999.0 -9999.0 -9999.0 -9999.0 -9999.0 -9999.0 -9999.0