inst/processing_geotop_simulation/geotop_simulation/out/maps/wtN0139.asc
ncols         104
nrows         10
xllcorner     -2.000000
yllcorner     0.000000
cellsize      1.000000
NODATA_value  -9999.0
-9999.0 -9999.0 -9999.0 -9999.0 -9999.0 -9999.0 -9999.0 -9999.0 -9999.0 -9999.0 -9999.0 -9999.0 -9999.0 -9999.0 -9999.0 -9999.0 -9999.0 -9999.0 -9999.0 -9999.0 -9999.0 -9999.0 -9999.0 -9999.0 -9999.0 -9999.0 -9999.0 -9999.0 -9999.0 -9999.0 -9999.0 -9999.0 -9999.0 -9999.0 -9999.0 -9999.0 -9999.0 -9999.0 -9999.0 -9999.0 -9999.0 -9999.0 -9999.0 -9999.0 -9999.0 -9999.0 -9999.0 -9999.0 -9999.0 -9999.0 -9999.0 -9999.0 -9999.0 -9999.0 -9999.0 -9999.0 -9999.0 -9999.0 -9999.0 -9999.0 -9999.0 -9999.0 -9999.0 -9999.0 -9999.0 -9999.0 -9999.0 -9999.0 -9999.0 -9999.0 -9999.0 -9999.0 -9999.0 -9999.0 -9999.0 -9999.0 -9999.0 -9999.0 -9999.0 -9999.0 -9999.0 -9999.0 -9999.0 -9999.0 -9999.0 -9999.0 -9999.0 -9999.0 -9999.0 -9999.0 -9999.0 -9999.0 -9999.0 -9999.0 -9999.0 -9999.0 -9999.0 -9999.0 -9999.0 -9999.0 -9999.0 -9999.0 -9999.0 -9999.0
-9999.0 -9999.0 -9999.0 -9999.0 -9999.0 -9999.0 -9999.0 -9999.0 -9999.0 -9999.0 -9999.0 -9999.0 -9999.0 -9999.0 -9999.0 -9999.0 -9999.0 -9999.0 -9999.0 -9999.0 -9999.0 -9999.0 -9999.0 -9999.0 -9999.0 -9999.0 -9999.0 -9999.0 -9999.0 -9999.0 -9999.0 -9999.0 -9999.0 -9999.0 -9999.0 -9999.0 -9999.0 -9999.0 -9999.0 -9999.0 -9999.0 -9999.0 -9999.0 -9999.0 -9999.0 -9999.0 -9999.0 -9999.0 -9999.0 -9999.0 -9999.0 -9999.0 -9999.0 -9999.0 -9999.0 -9999.0 -9999.0 -9999.0 -9999.0 -9999.0 -9999.0 -9999.0 -9999.0 -9999.0 -9999.0 -9999.0 -9999.0 -9999.0 -9999.0 -9999.0 -9999.0 -9999.0 -9999.0 -9999.0 -9999.0 -9999.0 -9999.0 -9999.0 -9999.0 -9999.0 -9999.0 -9999.0 -9999.0 -9999.0 -9999.0 -9999.0 -9999.0 -9999.0 -9999.0 -9999.0 -9999.0 -9999.0 -9999.0 -9999.0 -9999.0 -9999.0 -9999.0 -9999.0 -9999.0 -9999.0 -9999.0 -9999.0 -9999.0 -9999.0
-9999.0 -9999.0 0.000000 75.084410 167.944278 262.778509 358.347832 454.214249 550.183325 646.159701 742.094023 837.960223 933.744618 1029.439178 1125.036771 1220.532900 1315.913248 1411.171594 1506.305332 1601.311161 1696.185796 1790.925576 1885.526462 1979.984140 2074.294342 2168.454652 2262.454123 2356.271055 2449.904686 2543.347986 2636.592677 2729.629791 2822.450322 2915.048574 3007.395400 3099.459086 3191.231305 3282.694805 3373.830379 3464.621533 3555.023078 3644.957130 3734.383333 3823.239509 3911.476054 3998.947288 4085.524968 4171.118130 4255.629498 4338.640790 4419.967410 4499.267532 4575.783623 4649.074016 4717.750838 4780.388542 4835.158739 4879.808749 4913.316378 4935.522673 4975.185951 4975.185951 4975.185951 4975.185951 4975.185951 4975.185951 4975.185951 4975.185951 4975.185951 4975.185951 4975.185951 4975.185951 4975.185951 4975.185951 4975.185951 4975.185951 4975.185951 4975.185951 4975.185951 4975.185951 4975.185951 4975.185951 4975.185951 4975.185951 4975.185951 4975.185951 4975.185951 4975.185951 4975.185951 4975.185951 4975.185951 4975.185951 4975.185951 4975.185951 4975.185951 4975.185951 4975.185951 4975.185951 4975.185951 4975.185951 4975.185951 4975.185951 -9999.0 -9999.0
-9999.0 -9999.0 0.000000 75.082049 167.943689 262.778338 358.347779 454.214231 550.183319 646.159699 742.094022 837.960222 933.744618 1029.439179 1125.036771 1220.532901 1315.913248 1411.171594 1506.305332 1601.311161 1696.185797 1790.925577 1885.526463 1979.984141 2074.294343 2168.454653 2262.454124 2356.271056 2449.904687 2543.347987 2636.592678 2729.629791 2822.450323 2915.048574 3007.395400 3099.459086 3191.231305 3282.694805 3373.830378 3464.621532 3555.023078 3644.957129 3734.383332 3823.239508 3911.476053 3998.947287 4085.524968 4171.118130 4255.629498 4338.640790 4419.967410 4499.267532 4575.783623 4649.074016 4717.750838 4780.388542 4835.158739 4879.808749 4913.316378 4935.522673 4975.185951 4975.185951 4975.185951 4975.185951 4975.185951 4975.185951 4975.185951 4975.185951 4975.185951 4975.185951 4975.185951 4975.185951 4975.185951 4975.185951 4975.185951 4975.185951 4975.185951 4975.185951 4975.185951 4975.185951 4975.185951 4975.185951 4975.185951 4975.185951 4975.185951 4975.185951 4975.185951 4975.185951 4975.185951 4975.185951 4975.185951 4975.185951 4975.185951 4975.185951 4975.185951 4975.185951 4975.185951 4975.185951 4975.185951 4975.185951 4975.185951 4975.185951 -9999.0 -9999.0
-9999.0 -9999.0 0.000000 75.081112 167.943318 262.778204 358.347731 454.214214 550.183313 646.159697 742.094022 837.960222 933.744618 1029.439179 1125.036771 1220.532901 1315.913248 1411.171595 1506.305332 1601.311161 1696.185797 1790.925577 1885.526463 1979.984141 2074.294344 2168.454653 2262.454125 2356.271056 2449.904688 2543.347988 2636.592678 2729.629792 2822.450324 2915.048575 3007.395400 3099.459086 3191.231305 3282.694804 3373.830378 3464.621532 3555.023077 3644.957128 3734.383332 3823.239508 3911.476053 3998.947287 4085.524968 4171.118130 4255.629498 4338.640790 4419.967410 4499.267532 4575.783623 4649.074016 4717.750838 4780.388542 4835.158739 4879.808749 4913.316378 4935.522673 4975.185951 4975.185951 4975.185951 4975.185951 4975.185951 4975.185951 4975.185951 4975.185951 4975.185951 4975.185951 4975.185951 4975.185951 4975.185951 4975.185951 4975.185951 4975.185951 4975.185951 4975.185951 4975.185951 4975.185951 4975.185951 4975.185951 4975.185951 4975.185951 4975.185951 4975.185951 4975.185951 4975.185951 4975.185951 4975.185951 4975.185951 4975.185951 4975.185951 4975.185951 4975.185951 4975.185951 4975.185951 4975.185951 4975.185951 4975.185951 4975.185951 4975.185951 -9999.0 -9999.0
-9999.0 -9999.0 0.000000 75.081112 167.943318 262.778204 358.347731 454.214214 550.183313 646.159697 742.094022 837.960222 933.744618 1029.439179 1125.036771 1220.532901 1315.913249 1411.171594 1506.305332 1601.311161 1696.185797 1790.925577 1885.526464 1979.984141 2074.294344 2168.454653 2262.454125 2356.271056 2449.904688 2543.347987 2636.592678 2729.629792 2822.450324 2915.048575 3007.395400 3099.459086 3191.231305 3282.694804 3373.830378 3464.621532 3555.023077 3644.957128 3734.383332 3823.239508 3911.476053 3998.947287 4085.524968 4171.118130 4255.629498 4338.640790 4419.967410 4499.267532 4575.783623 4649.074016 4717.750838 4780.388542 4835.158739 4879.808749 4913.316378 4935.522673 4975.185951 4975.185951 4975.185951 4975.185951 4975.185951 4975.185951 4975.185951 4975.185951 4975.185951 4975.185951 4975.185951 4975.185951 4975.185951 4975.185951 4975.185951 4975.185951 4975.185951 4975.185951 4975.185951 4975.185951 4975.185951 4975.185951 4975.185951 4975.185951 4975.185951 4975.185951 4975.185951 4975.185951 4975.185951 4975.185951 4975.185951 4975.185951 4975.185951 4975.185951 4975.185951 4975.185951 4975.185951 4975.185951 4975.185951 4975.185951 4975.185951 4975.185951 -9999.0 -9999.0
-9999.0 -9999.0 0.000000 75.082049 167.943689 262.778338 358.347779 454.214231 550.183319 646.159699 742.094022 837.960222 933.744618 1029.439178 1125.036771 1220.532901 1315.913248 1411.171594 1506.305332 1601.311161 1696.185797 1790.925577 1885.526463 1979.984141 2074.294343 2168.454653 2262.454124 2356.271056 2449.904687 2543.347987 2636.592678 2729.629792 2822.450323 2915.048574 3007.395400 3099.459086 3191.231305 3282.694805 3373.830378 3464.621532 3555.023078 3644.957129 3734.383332 3823.239508 3911.476053 3998.947287 4085.524968 4171.118130 4255.629498 4338.640790 4419.967410 4499.267532 4575.783623 4649.074016 4717.750838 4780.388542 4835.158739 4879.808749 4913.316378 4935.522673 4975.185951 4975.185951 4975.185951 4975.185951 4975.185951 4975.185951 4975.185951 4975.185951 4975.185951 4975.185951 4975.185951 4975.185951 4975.185951 4975.185951 4975.185951 4975.185951 4975.185951 4975.185951 4975.185951 4975.185951 4975.185951 4975.185951 4975.185951 4975.185951 4975.185951 4975.185951 4975.185951 4975.185951 4975.185951 4975.185951 4975.185951 4975.185951 4975.185951 4975.185951 4975.185951 4975.185951 4975.185951 4975.185951 4975.185951 4975.185951 4975.185951 4975.185951 -9999.0 -9999.0
-9999.0 -9999.0 0.000000 75.084410 167.944278 262.778509 358.347832 454.214249 550.183325 646.159701 742.094023 837.960223 933.744618 1029.439178 1125.036771 1220.532900 1315.913248 1411.171594 1506.305332 1601.311161 1696.185797 1790.925576 1885.526463 1979.984140 2074.294343 2168.454652 2262.454123 2356.271055 2449.904686 2543.347986 2636.592677 2729.629791 2822.450323 2915.048574 3007.395400 3099.459086 3191.231305 3282.694805 3373.830379 3464.621533 3555.023078 3644.957130 3734.383333 3823.239509 3911.476054 3998.947288 4085.524968 4171.118130 4255.629498 4338.640790 4419.967410 4499.267532 4575.783623 4649.074016 4717.750838 4780.388542 4835.158739 4879.808749 4913.316378 4935.522673 4975.185951 4975.185951 4975.185951 4975.185951 4975.185951 4975.185951 4975.185951 4975.185951 4975.185951 4975.185951 4975.185951 4975.185951 4975.185951 4975.185951 4975.185951 4975.185951 4975.185951 4975.185951 4975.185951 4975.185951 4975.185951 4975.185951 4975.185951 4975.185951 4975.185951 4975.185951 4975.185951 4975.185951 4975.185951 4975.185951 4975.185951 4975.185951 4975.185951 4975.185951 4975.185951 4975.185951 4975.185951 4975.185951 4975.185951 4975.185951 4975.185951 4975.185951 -9999.0 -9999.0
-9999.0 -9999.0 -9999.0 -9999.0 -9999.0 -9999.0 -9999.0 -9999.0 -9999.0 -9999.0 -9999.0 -9999.0 -9999.0 -9999.0 -9999.0 -9999.0 -9999.0 -9999.0 -9999.0 -9999.0 -9999.0 -9999.0 -9999.0 -9999.0 -9999.0 -9999.0 -9999.0 -9999.0 -9999.0 -9999.0 -9999.0 -9999.0 -9999.0 -9999.0 -9999.0 -9999.0 -9999.0 -9999.0 -9999.0 -9999.0 -9999.0 -9999.0 -9999.0 -9999.0 -9999.0 -9999.0 -9999.0 -9999.0 -9999.0 -9999.0 -9999.0 -9999.0 -9999.0 -9999.0 -9999.0 -9999.0 -9999.0 -9999.0 -9999.0 -9999.0 -9999.0 -9999.0 -9999.0 -9999.0 -9999.0 -9999.0 -9999.0 -9999.0 -9999.0 -9999.0 -9999.0 -9999.0 -9999.0 -9999.0 -9999.0 -9999.0 -9999.0 -9999.0 -9999.0 -9999.0 -9999.0 -9999.0 -9999.0 -9999.0 -9999.0 -9999.0 -9999.0 -9999.0 -9999.0 -9999.0 -9999.0 -9999.0 -9999.0 -9999.0 -9999.0 -9999.0 -9999.0 -9999.0 -9999.0 -9999.0 -9999.0 -9999.0 -9999.0 -9999.0
-9999.0 -9999.0 -9999.0 -9999.0 -9999.0 -9999.0 -9999.0 -9999.0 -9999.0 -9999.0 -9999.0 -9999.0 -9999.0 -9999.0 -9999.0 -9999.0 -9999.0 -9999.0 -9999.0 -9999.0 -9999.0 -9999.0 -9999.0 -9999.0 -9999.0 -9999.0 -9999.0 -9999.0 -9999.0 -9999.0 -9999.0 -9999.0 -9999.0 -9999.0 -9999.0 -9999.0 -9999.0 -9999.0 -9999.0 -9999.0 -9999.0 -9999.0 -9999.0 -9999.0 -9999.0 -9999.0 -9999.0 -9999.0 -9999.0 -9999.0 -9999.0 -9999.0 -9999.0 -9999.0 -9999.0 -9999.0 -9999.0 -9999.0 -9999.0 -9999.0 -9999.0 -9999.0 -9999.0 -9999.0 -9999.0 -9999.0 -9999.0 -9999.0 -9999.0 -9999.0 -9999.0 -9999.0 -9999.0 -9999.0 -9999.0 -9999.0 -9999.0 -9999.0 -9999.0 -9999.0 -9999.0 -9999.0 -9999.0 -9999.0 -9999.0 -9999.0 -9999.0 -9999.0 -9999.0 -9999.0 -9999.0 -9999.0 -9999.0 -9999.0 -9999.0 -9999.0 -9999.0 -9999.0 -9999.0 -9999.0 -9999.0 -9999.0 -9999.0 -9999.0