inst/processing_geotop_simulation/geotop_simulation/out/maps/wtN0135.asc
ncols         104
nrows         10
xllcorner     -2.000000
yllcorner     0.000000
cellsize      1.000000
NODATA_value  -9999.0
-9999.0 -9999.0 -9999.0 -9999.0 -9999.0 -9999.0 -9999.0 -9999.0 -9999.0 -9999.0 -9999.0 -9999.0 -9999.0 -9999.0 -9999.0 -9999.0 -9999.0 -9999.0 -9999.0 -9999.0 -9999.0 -9999.0 -9999.0 -9999.0 -9999.0 -9999.0 -9999.0 -9999.0 -9999.0 -9999.0 -9999.0 -9999.0 -9999.0 -9999.0 -9999.0 -9999.0 -9999.0 -9999.0 -9999.0 -9999.0 -9999.0 -9999.0 -9999.0 -9999.0 -9999.0 -9999.0 -9999.0 -9999.0 -9999.0 -9999.0 -9999.0 -9999.0 -9999.0 -9999.0 -9999.0 -9999.0 -9999.0 -9999.0 -9999.0 -9999.0 -9999.0 -9999.0 -9999.0 -9999.0 -9999.0 -9999.0 -9999.0 -9999.0 -9999.0 -9999.0 -9999.0 -9999.0 -9999.0 -9999.0 -9999.0 -9999.0 -9999.0 -9999.0 -9999.0 -9999.0 -9999.0 -9999.0 -9999.0 -9999.0 -9999.0 -9999.0 -9999.0 -9999.0 -9999.0 -9999.0 -9999.0 -9999.0 -9999.0 -9999.0 -9999.0 -9999.0 -9999.0 -9999.0 -9999.0 -9999.0 -9999.0 -9999.0 -9999.0 -9999.0
-9999.0 -9999.0 -9999.0 -9999.0 -9999.0 -9999.0 -9999.0 -9999.0 -9999.0 -9999.0 -9999.0 -9999.0 -9999.0 -9999.0 -9999.0 -9999.0 -9999.0 -9999.0 -9999.0 -9999.0 -9999.0 -9999.0 -9999.0 -9999.0 -9999.0 -9999.0 -9999.0 -9999.0 -9999.0 -9999.0 -9999.0 -9999.0 -9999.0 -9999.0 -9999.0 -9999.0 -9999.0 -9999.0 -9999.0 -9999.0 -9999.0 -9999.0 -9999.0 -9999.0 -9999.0 -9999.0 -9999.0 -9999.0 -9999.0 -9999.0 -9999.0 -9999.0 -9999.0 -9999.0 -9999.0 -9999.0 -9999.0 -9999.0 -9999.0 -9999.0 -9999.0 -9999.0 -9999.0 -9999.0 -9999.0 -9999.0 -9999.0 -9999.0 -9999.0 -9999.0 -9999.0 -9999.0 -9999.0 -9999.0 -9999.0 -9999.0 -9999.0 -9999.0 -9999.0 -9999.0 -9999.0 -9999.0 -9999.0 -9999.0 -9999.0 -9999.0 -9999.0 -9999.0 -9999.0 -9999.0 -9999.0 -9999.0 -9999.0 -9999.0 -9999.0 -9999.0 -9999.0 -9999.0 -9999.0 -9999.0 -9999.0 -9999.0 -9999.0 -9999.0
-9999.0 -9999.0 0.000000 74.171959 166.755932 261.386155 356.777909 452.477408 548.283210 644.096516 739.866259 835.565522 931.180230 1026.702079 1122.124146 1217.433471 1312.618300 1407.676906 1502.605037 1597.399327 1692.056384 1786.572371 1880.943218 1975.164909 2069.235192 2163.144891 2256.870512 2350.412229 2443.763519 2536.916646 2629.863372 2722.595475 2815.108847 2907.371915 2999.357789 3091.059240 3182.461007 3273.546379 3364.302972 3454.682492 3544.624388 3634.103981 3723.071192 3811.476197 3899.184391 3986.089860 4072.122084 4157.211330 4241.030755 4323.429932 4404.248491 4482.819093 4558.915912 4631.566847 4700.209249 4763.145069 4818.647597 4864.976934 4901.409987 4925.702191 4942.040038 4975.185951 4975.185951 4975.185951 4975.185951 4975.185951 4975.185951 4975.185951 4975.185951 4975.185951 4975.185951 4975.185951 4975.185951 4975.185951 4975.185951 4975.185951 4975.185951 4975.185951 4975.185951 4975.185951 4975.185951 4975.185951 4975.185951 4975.185951 4975.185951 4975.185951 4975.185951 4975.185951 4975.185951 4975.185951 4975.185951 4975.185951 4975.185951 4975.185951 4975.185951 4975.185951 4975.185951 4975.185951 4975.185951 4975.185951 4975.185951 4975.185951 -9999.0 -9999.0
-9999.0 -9999.0 0.000000 74.169577 166.755339 261.385983 356.777855 452.477390 548.283205 644.096514 739.866258 835.565521 931.180230 1026.702079 1122.124146 1217.433471 1312.618301 1407.676907 1502.605037 1597.399327 1692.056385 1786.572371 1880.943218 1975.164910 2069.235192 2163.144891 2256.870513 2350.412230 2443.763520 2536.916647 2629.863373 2722.595476 2815.108848 2907.371916 2999.357790 3091.059241 3182.461007 3273.546379 3364.302972 3454.682492 3544.624388 3634.103981 3723.071192 3811.476196 3899.184391 3986.089860 4072.122084 4157.211330 4241.030755 4323.429932 4404.248491 4482.819093 4558.915912 4631.566847 4700.209249 4763.145069 4818.647597 4864.976934 4901.409987 4925.702191 4942.040038 4975.185951 4975.185951 4975.185951 4975.185951 4975.185951 4975.185951 4975.185951 4975.185951 4975.185951 4975.185951 4975.185951 4975.185951 4975.185951 4975.185951 4975.185951 4975.185951 4975.185951 4975.185951 4975.185951 4975.185951 4975.185951 4975.185951 4975.185951 4975.185951 4975.185951 4975.185951 4975.185951 4975.185951 4975.185951 4975.185951 4975.185951 4975.185951 4975.185951 4975.185951 4975.185951 4975.185951 4975.185951 4975.185951 4975.185951 4975.185951 4975.185951 -9999.0 -9999.0
-9999.0 -9999.0 0.000000 74.168632 166.754966 261.385848 356.777807 452.477374 548.283199 644.096512 739.866257 835.565521 931.180230 1026.702079 1122.124146 1217.433471 1312.618301 1407.676907 1502.605038 1597.399328 1692.056385 1786.572372 1880.943219 1975.164910 2069.235193 2163.144892 2256.870513 2350.412230 2443.763521 2536.916648 2629.863373 2722.595477 2815.108848 2907.371916 2999.357790 3091.059241 3182.461007 3273.546379 3364.302972 3454.682492 3544.624388 3634.103980 3723.071192 3811.476196 3899.184391 3986.089860 4072.122084 4157.211330 4241.030755 4323.429932 4404.248491 4482.819093 4558.915912 4631.566847 4700.209249 4763.145069 4818.647597 4864.976934 4901.409987 4925.702191 4942.040038 4975.185951 4975.185951 4975.185951 4975.185951 4975.185951 4975.185951 4975.185951 4975.185951 4975.185951 4975.185951 4975.185951 4975.185951 4975.185951 4975.185951 4975.185951 4975.185951 4975.185951 4975.185951 4975.185951 4975.185951 4975.185951 4975.185951 4975.185951 4975.185951 4975.185951 4975.185951 4975.185951 4975.185951 4975.185951 4975.185951 4975.185951 4975.185951 4975.185951 4975.185951 4975.185951 4975.185951 4975.185951 4975.185951 4975.185951 4975.185951 4975.185951 -9999.0 -9999.0
-9999.0 -9999.0 0.000000 74.168632 166.754966 261.385848 356.777807 452.477373 548.283199 644.096512 739.866257 835.565521 931.180230 1026.702079 1122.124146 1217.433471 1312.618301 1407.676907 1502.605038 1597.399328 1692.056385 1786.572371 1880.943219 1975.164910 2069.235193 2163.144892 2256.870513 2350.412230 2443.763521 2536.916648 2629.863374 2722.595476 2815.108849 2907.371916 2999.357790 3091.059241 3182.461007 3273.546379 3364.302972 3454.682491 3544.624388 3634.103980 3723.071192 3811.476196 3899.184391 3986.089860 4072.122084 4157.211330 4241.030755 4323.429932 4404.248491 4482.819093 4558.915912 4631.566847 4700.209249 4763.145069 4818.647597 4864.976934 4901.409987 4925.702191 4942.040038 4975.185951 4975.185951 4975.185951 4975.185951 4975.185951 4975.185951 4975.185951 4975.185951 4975.185951 4975.185951 4975.185951 4975.185951 4975.185951 4975.185951 4975.185951 4975.185951 4975.185951 4975.185951 4975.185951 4975.185951 4975.185951 4975.185951 4975.185951 4975.185951 4975.185951 4975.185951 4975.185951 4975.185951 4975.185951 4975.185951 4975.185951 4975.185951 4975.185951 4975.185951 4975.185951 4975.185951 4975.185951 4975.185951 4975.185951 4975.185951 4975.185951 -9999.0 -9999.0
-9999.0 -9999.0 0.000000 74.169577 166.755339 261.385983 356.777855 452.477390 548.283204 644.096514 739.866258 835.565521 931.180230 1026.702079 1122.124146 1217.433471 1312.618301 1407.676907 1502.605037 1597.399327 1692.056385 1786.572371 1880.943218 1975.164910 2069.235192 2163.144891 2256.870513 2350.412230 2443.763520 2536.916647 2629.863373 2722.595476 2815.108848 2907.371916 2999.357790 3091.059241 3182.461007 3273.546379 3364.302972 3454.682492 3544.624388 3634.103981 3723.071192 3811.476196 3899.184391 3986.089860 4072.122084 4157.211330 4241.030755 4323.429932 4404.248491 4482.819093 4558.915912 4631.566847 4700.209249 4763.145069 4818.647597 4864.976934 4901.409987 4925.702191 4942.040038 4975.185951 4975.185951 4975.185951 4975.185951 4975.185951 4975.185951 4975.185951 4975.185951 4975.185951 4975.185951 4975.185951 4975.185951 4975.185951 4975.185951 4975.185951 4975.185951 4975.185951 4975.185951 4975.185951 4975.185951 4975.185951 4975.185951 4975.185951 4975.185951 4975.185951 4975.185951 4975.185951 4975.185951 4975.185951 4975.185951 4975.185951 4975.185951 4975.185951 4975.185951 4975.185951 4975.185951 4975.185951 4975.185951 4975.185951 4975.185951 4975.185951 -9999.0 -9999.0
-9999.0 -9999.0 0.000000 74.171958 166.755932 261.386155 356.777909 452.477408 548.283211 644.096516 739.866259 835.565521 931.180230 1026.702079 1122.124146 1217.433471 1312.618301 1407.676906 1502.605037 1597.399327 1692.056384 1786.572371 1880.943218 1975.164909 2069.235192 2163.144890 2256.870512 2350.412229 2443.763519 2536.916646 2629.863372 2722.595475 2815.108848 2907.371915 2999.357789 3091.059240 3182.461007 3273.546379 3364.302973 3454.682492 3544.624388 3634.103981 3723.071192 3811.476197 3899.184391 3986.089860 4072.122085 4157.211330 4241.030755 4323.429932 4404.248491 4482.819093 4558.915912 4631.566847 4700.209249 4763.145069 4818.647597 4864.976934 4901.409987 4925.702191 4942.040038 4975.185951 4975.185951 4975.185951 4975.185951 4975.185951 4975.185951 4975.185951 4975.185951 4975.185951 4975.185951 4975.185951 4975.185951 4975.185951 4975.185951 4975.185951 4975.185951 4975.185951 4975.185951 4975.185951 4975.185951 4975.185951 4975.185951 4975.185951 4975.185951 4975.185951 4975.185951 4975.185951 4975.185951 4975.185951 4975.185951 4975.185951 4975.185951 4975.185951 4975.185951 4975.185951 4975.185951 4975.185951 4975.185951 4975.185951 4975.185951 4975.185951 -9999.0 -9999.0
-9999.0 -9999.0 -9999.0 -9999.0 -9999.0 -9999.0 -9999.0 -9999.0 -9999.0 -9999.0 -9999.0 -9999.0 -9999.0 -9999.0 -9999.0 -9999.0 -9999.0 -9999.0 -9999.0 -9999.0 -9999.0 -9999.0 -9999.0 -9999.0 -9999.0 -9999.0 -9999.0 -9999.0 -9999.0 -9999.0 -9999.0 -9999.0 -9999.0 -9999.0 -9999.0 -9999.0 -9999.0 -9999.0 -9999.0 -9999.0 -9999.0 -9999.0 -9999.0 -9999.0 -9999.0 -9999.0 -9999.0 -9999.0 -9999.0 -9999.0 -9999.0 -9999.0 -9999.0 -9999.0 -9999.0 -9999.0 -9999.0 -9999.0 -9999.0 -9999.0 -9999.0 -9999.0 -9999.0 -9999.0 -9999.0 -9999.0 -9999.0 -9999.0 -9999.0 -9999.0 -9999.0 -9999.0 -9999.0 -9999.0 -9999.0 -9999.0 -9999.0 -9999.0 -9999.0 -9999.0 -9999.0 -9999.0 -9999.0 -9999.0 -9999.0 -9999.0 -9999.0 -9999.0 -9999.0 -9999.0 -9999.0 -9999.0 -9999.0 -9999.0 -9999.0 -9999.0 -9999.0 -9999.0 -9999.0 -9999.0 -9999.0 -9999.0 -9999.0 -9999.0
-9999.0 -9999.0 -9999.0 -9999.0 -9999.0 -9999.0 -9999.0 -9999.0 -9999.0 -9999.0 -9999.0 -9999.0 -9999.0 -9999.0 -9999.0 -9999.0 -9999.0 -9999.0 -9999.0 -9999.0 -9999.0 -9999.0 -9999.0 -9999.0 -9999.0 -9999.0 -9999.0 -9999.0 -9999.0 -9999.0 -9999.0 -9999.0 -9999.0 -9999.0 -9999.0 -9999.0 -9999.0 -9999.0 -9999.0 -9999.0 -9999.0 -9999.0 -9999.0 -9999.0 -9999.0 -9999.0 -9999.0 -9999.0 -9999.0 -9999.0 -9999.0 -9999.0 -9999.0 -9999.0 -9999.0 -9999.0 -9999.0 -9999.0 -9999.0 -9999.0 -9999.0 -9999.0 -9999.0 -9999.0 -9999.0 -9999.0 -9999.0 -9999.0 -9999.0 -9999.0 -9999.0 -9999.0 -9999.0 -9999.0 -9999.0 -9999.0 -9999.0 -9999.0 -9999.0 -9999.0 -9999.0 -9999.0 -9999.0 -9999.0 -9999.0 -9999.0 -9999.0 -9999.0 -9999.0 -9999.0 -9999.0 -9999.0 -9999.0 -9999.0 -9999.0 -9999.0 -9999.0 -9999.0 -9999.0 -9999.0 -9999.0 -9999.0 -9999.0 -9999.0