inst/processing_geotop_simulation/geotop_simulation/out/maps/wtN0196.asc
ncols         104
nrows         10
xllcorner     -2.000000
yllcorner     0.000000
cellsize      1.000000
NODATA_value  -9999.0
-9999.0 -9999.0 -9999.0 -9999.0 -9999.0 -9999.0 -9999.0 -9999.0 -9999.0 -9999.0 -9999.0 -9999.0 -9999.0 -9999.0 -9999.0 -9999.0 -9999.0 -9999.0 -9999.0 -9999.0 -9999.0 -9999.0 -9999.0 -9999.0 -9999.0 -9999.0 -9999.0 -9999.0 -9999.0 -9999.0 -9999.0 -9999.0 -9999.0 -9999.0 -9999.0 -9999.0 -9999.0 -9999.0 -9999.0 -9999.0 -9999.0 -9999.0 -9999.0 -9999.0 -9999.0 -9999.0 -9999.0 -9999.0 -9999.0 -9999.0 -9999.0 -9999.0 -9999.0 -9999.0 -9999.0 -9999.0 -9999.0 -9999.0 -9999.0 -9999.0 -9999.0 -9999.0 -9999.0 -9999.0 -9999.0 -9999.0 -9999.0 -9999.0 -9999.0 -9999.0 -9999.0 -9999.0 -9999.0 -9999.0 -9999.0 -9999.0 -9999.0 -9999.0 -9999.0 -9999.0 -9999.0 -9999.0 -9999.0 -9999.0 -9999.0 -9999.0 -9999.0 -9999.0 -9999.0 -9999.0 -9999.0 -9999.0 -9999.0 -9999.0 -9999.0 -9999.0 -9999.0 -9999.0 -9999.0 -9999.0 -9999.0 -9999.0 -9999.0 -9999.0
-9999.0 -9999.0 -9999.0 -9999.0 -9999.0 -9999.0 -9999.0 -9999.0 -9999.0 -9999.0 -9999.0 -9999.0 -9999.0 -9999.0 -9999.0 -9999.0 -9999.0 -9999.0 -9999.0 -9999.0 -9999.0 -9999.0 -9999.0 -9999.0 -9999.0 -9999.0 -9999.0 -9999.0 -9999.0 -9999.0 -9999.0 -9999.0 -9999.0 -9999.0 -9999.0 -9999.0 -9999.0 -9999.0 -9999.0 -9999.0 -9999.0 -9999.0 -9999.0 -9999.0 -9999.0 -9999.0 -9999.0 -9999.0 -9999.0 -9999.0 -9999.0 -9999.0 -9999.0 -9999.0 -9999.0 -9999.0 -9999.0 -9999.0 -9999.0 -9999.0 -9999.0 -9999.0 -9999.0 -9999.0 -9999.0 -9999.0 -9999.0 -9999.0 -9999.0 -9999.0 -9999.0 -9999.0 -9999.0 -9999.0 -9999.0 -9999.0 -9999.0 -9999.0 -9999.0 -9999.0 -9999.0 -9999.0 -9999.0 -9999.0 -9999.0 -9999.0 -9999.0 -9999.0 -9999.0 -9999.0 -9999.0 -9999.0 -9999.0 -9999.0 -9999.0 -9999.0 -9999.0 -9999.0 -9999.0 -9999.0 -9999.0 -9999.0 -9999.0 -9999.0
-9999.0 -9999.0 0.000000 85.917299 182.054339 279.320366 377.005649 474.859705 572.771963 670.686004 768.573273 866.418992 964.215042 1061.956774 1159.641413 1257.266221 1354.828102 1452.324176 1549.751396 1647.106550 1744.386576 1841.588596 1938.709623 2035.746413 2132.695400 2229.552657 2326.313861 2422.974276 2519.528734 2615.971785 2712.299025 2808.494108 2904.550302 3000.458893 3096.209198 3191.788942 3287.184051 3382.378315 3477.352961 3572.086054 3666.551486 3760.717498 3854.530573 3947.909409 4040.787785 4133.078050 4224.671271 4315.427601 4405.168027 4493.500144 4579.980992 4663.986344 4744.351378 4818.847830 4884.042790 4934.680172 4975.185951 4975.185951 4975.185951 4975.185951 4975.185951 4975.185951 4975.185951 4975.185951 4975.185951 4975.185951 4975.185951 4975.185951 4975.185951 4975.185951 4975.185951 4975.185951 4975.185951 4975.185951 4975.185951 4975.185951 4975.185951 4975.185951 4975.185951 4975.185951 4975.185951 4975.185951 4975.185951 4975.185951 4975.185951 4975.185951 4975.185951 4975.185951 4975.185951 4975.185951 4975.185951 4975.185951 4975.185951 4975.185951 4975.185951 4975.185951 4975.185951 4975.185951 4975.185951 4975.185951 4975.185951 4975.185951 -9999.0 -9999.0
-9999.0 -9999.0 0.000000 85.915064 182.053782 279.320205 377.005598 474.859688 572.771957 670.686002 768.573272 866.418992 964.215041 1061.956773 1159.641413 1257.266221 1354.828103 1452.324176 1549.751397 1647.106550 1744.386577 1841.588596 1938.709623 2035.746413 2132.695401 2229.552657 2326.313862 2422.974276 2519.528735 2615.971786 2712.299026 2808.494108 2904.550303 3000.458894 3096.209199 3191.788943 3287.184052 3382.378316 3477.352962 3572.086055 3666.551486 3760.717498 3854.530573 3947.909408 4040.787784 4133.078049 4224.671270 4315.427600 4405.168027 4493.500143 4579.980992 4663.986344 4744.351378 4818.847830 4884.042790 4934.680172 4975.185951 4975.185951 4975.185951 4975.185951 4975.185951 4975.185951 4975.185951 4975.185951 4975.185951 4975.185951 4975.185951 4975.185951 4975.185951 4975.185951 4975.185951 4975.185951 4975.185951 4975.185951 4975.185951 4975.185951 4975.185951 4975.185951 4975.185951 4975.185951 4975.185951 4975.185951 4975.185951 4975.185951 4975.185951 4975.185951 4975.185951 4975.185951 4975.185951 4975.185951 4975.185951 4975.185951 4975.185951 4975.185951 4975.185951 4975.185951 4975.185951 4975.185951 4975.185951 4975.185951 4975.185951 4975.185951 -9999.0 -9999.0
-9999.0 -9999.0 0.000000 85.914171 182.053430 279.320078 377.005553 474.859672 572.771951 670.686000 768.573271 866.418991 964.215041 1061.956773 1159.641413 1257.266221 1354.828103 1452.324176 1549.751397 1647.106550 1744.386577 1841.588597 1938.709623 2035.746414 2132.695401 2229.552657 2326.313862 2422.974277 2519.528735 2615.971786 2712.299027 2808.494109 2904.550303 3000.458894 3096.209199 3191.788944 3287.184052 3382.378316 3477.352962 3572.086055 3666.551487 3760.717498 3854.530573 3947.909408 4040.787784 4133.078048 4224.671269 4315.427599 4405.168026 4493.500143 4579.980991 4663.986344 4744.351378 4818.847830 4884.042790 4934.680172 4975.185951 4975.185951 4975.185951 4975.185951 4975.185951 4975.185951 4975.185951 4975.185951 4975.185951 4975.185951 4975.185951 4975.185951 4975.185951 4975.185951 4975.185951 4975.185951 4975.185951 4975.185951 4975.185951 4975.185951 4975.185951 4975.185951 4975.185951 4975.185951 4975.185951 4975.185951 4975.185951 4975.185951 4975.185951 4975.185951 4975.185951 4975.185951 4975.185951 4975.185951 4975.185951 4975.185951 4975.185951 4975.185951 4975.185951 4975.185951 4975.185951 4975.185951 4975.185951 4975.185951 4975.185951 4975.185951 -9999.0 -9999.0
-9999.0 -9999.0 0.000000 85.914171 182.053430 279.320078 377.005553 474.859672 572.771951 670.686000 768.573271 866.418991 964.215041 1061.956773 1159.641413 1257.266221 1354.828103 1452.324176 1549.751397 1647.106550 1744.386577 1841.588597 1938.709624 2035.746414 2132.695401 2229.552657 2326.313863 2422.974276 2519.528735 2615.971786 2712.299027 2808.494109 2904.550303 3000.458894 3096.209199 3191.788944 3287.184052 3382.378316 3477.352962 3572.086055 3666.551487 3760.717498 3854.530573 3947.909408 4040.787784 4133.078048 4224.671270 4315.427599 4405.168026 4493.500143 4579.980991 4663.986344 4744.351378 4818.847830 4884.042790 4934.680172 4975.185951 4975.185951 4975.185951 4975.185951 4975.185951 4975.185951 4975.185951 4975.185951 4975.185951 4975.185951 4975.185951 4975.185951 4975.185951 4975.185951 4975.185951 4975.185951 4975.185951 4975.185951 4975.185951 4975.185951 4975.185951 4975.185951 4975.185951 4975.185951 4975.185951 4975.185951 4975.185951 4975.185951 4975.185951 4975.185951 4975.185951 4975.185951 4975.185951 4975.185951 4975.185951 4975.185951 4975.185951 4975.185951 4975.185951 4975.185951 4975.185951 4975.185951 4975.185951 4975.185951 4975.185951 4975.185951 -9999.0 -9999.0
-9999.0 -9999.0 0.000000 85.915064 182.053782 279.320204 377.005598 474.859687 572.771957 670.686002 768.573272 866.418992 964.215041 1061.956773 1159.641413 1257.266221 1354.828102 1452.324176 1549.751396 1647.106550 1744.386576 1841.588597 1938.709623 2035.746414 2132.695401 2229.552657 2326.313862 2422.974276 2519.528734 2615.971786 2712.299026 2808.494109 2904.550303 3000.458894 3096.209199 3191.788943 3287.184052 3382.378316 3477.352962 3572.086055 3666.551486 3760.717498 3854.530573 3947.909409 4040.787784 4133.078049 4224.671270 4315.427600 4405.168027 4493.500143 4579.980992 4663.986344 4744.351378 4818.847830 4884.042790 4934.680172 4975.185951 4975.185951 4975.185951 4975.185951 4975.185951 4975.185951 4975.185951 4975.185951 4975.185951 4975.185951 4975.185951 4975.185951 4975.185951 4975.185951 4975.185951 4975.185951 4975.185951 4975.185951 4975.185951 4975.185951 4975.185951 4975.185951 4975.185951 4975.185951 4975.185951 4975.185951 4975.185951 4975.185951 4975.185951 4975.185951 4975.185951 4975.185951 4975.185951 4975.185951 4975.185951 4975.185951 4975.185951 4975.185951 4975.185951 4975.185951 4975.185951 4975.185951 4975.185951 4975.185951 4975.185951 4975.185951 -9999.0 -9999.0
-9999.0 -9999.0 0.000000 85.917299 182.054339 279.320366 377.005649 474.859705 572.771963 670.686004 768.573273 866.418992 964.215042 1061.956773 1159.641413 1257.266221 1354.828103 1452.324176 1549.751396 1647.106550 1744.386576 1841.588596 1938.709623 2035.746413 2132.695400 2229.552656 2326.313862 2422.974276 2519.528734 2615.971785 2712.299026 2808.494108 2904.550302 3000.458893 3096.209198 3191.788942 3287.184051 3382.378315 3477.352961 3572.086054 3666.551486 3760.717498 3854.530573 3947.909409 4040.787785 4133.078050 4224.671271 4315.427601 4405.168027 4493.500144 4579.980992 4663.986344 4744.351378 4818.847830 4884.042790 4934.680172 4975.185951 4975.185951 4975.185951 4975.185951 4975.185951 4975.185951 4975.185951 4975.185951 4975.185951 4975.185951 4975.185951 4975.185951 4975.185951 4975.185951 4975.185951 4975.185951 4975.185951 4975.185951 4975.185951 4975.185951 4975.185951 4975.185951 4975.185951 4975.185951 4975.185951 4975.185951 4975.185951 4975.185951 4975.185951 4975.185951 4975.185951 4975.185951 4975.185951 4975.185951 4975.185951 4975.185951 4975.185951 4975.185951 4975.185951 4975.185951 4975.185951 4975.185951 4975.185951 4975.185951 4975.185951 4975.185951 -9999.0 -9999.0
-9999.0 -9999.0 -9999.0 -9999.0 -9999.0 -9999.0 -9999.0 -9999.0 -9999.0 -9999.0 -9999.0 -9999.0 -9999.0 -9999.0 -9999.0 -9999.0 -9999.0 -9999.0 -9999.0 -9999.0 -9999.0 -9999.0 -9999.0 -9999.0 -9999.0 -9999.0 -9999.0 -9999.0 -9999.0 -9999.0 -9999.0 -9999.0 -9999.0 -9999.0 -9999.0 -9999.0 -9999.0 -9999.0 -9999.0 -9999.0 -9999.0 -9999.0 -9999.0 -9999.0 -9999.0 -9999.0 -9999.0 -9999.0 -9999.0 -9999.0 -9999.0 -9999.0 -9999.0 -9999.0 -9999.0 -9999.0 -9999.0 -9999.0 -9999.0 -9999.0 -9999.0 -9999.0 -9999.0 -9999.0 -9999.0 -9999.0 -9999.0 -9999.0 -9999.0 -9999.0 -9999.0 -9999.0 -9999.0 -9999.0 -9999.0 -9999.0 -9999.0 -9999.0 -9999.0 -9999.0 -9999.0 -9999.0 -9999.0 -9999.0 -9999.0 -9999.0 -9999.0 -9999.0 -9999.0 -9999.0 -9999.0 -9999.0 -9999.0 -9999.0 -9999.0 -9999.0 -9999.0 -9999.0 -9999.0 -9999.0 -9999.0 -9999.0 -9999.0 -9999.0
-9999.0 -9999.0 -9999.0 -9999.0 -9999.0 -9999.0 -9999.0 -9999.0 -9999.0 -9999.0 -9999.0 -9999.0 -9999.0 -9999.0 -9999.0 -9999.0 -9999.0 -9999.0 -9999.0 -9999.0 -9999.0 -9999.0 -9999.0 -9999.0 -9999.0 -9999.0 -9999.0 -9999.0 -9999.0 -9999.0 -9999.0 -9999.0 -9999.0 -9999.0 -9999.0 -9999.0 -9999.0 -9999.0 -9999.0 -9999.0 -9999.0 -9999.0 -9999.0 -9999.0 -9999.0 -9999.0 -9999.0 -9999.0 -9999.0 -9999.0 -9999.0 -9999.0 -9999.0 -9999.0 -9999.0 -9999.0 -9999.0 -9999.0 -9999.0 -9999.0 -9999.0 -9999.0 -9999.0 -9999.0 -9999.0 -9999.0 -9999.0 -9999.0 -9999.0 -9999.0 -9999.0 -9999.0 -9999.0 -9999.0 -9999.0 -9999.0 -9999.0 -9999.0 -9999.0 -9999.0 -9999.0 -9999.0 -9999.0 -9999.0 -9999.0 -9999.0 -9999.0 -9999.0 -9999.0 -9999.0 -9999.0 -9999.0 -9999.0 -9999.0 -9999.0 -9999.0 -9999.0 -9999.0 -9999.0 -9999.0 -9999.0 -9999.0 -9999.0 -9999.0