inst/processing_geotop_simulation/geotop_simulation/out/maps/wtN0045.asc
ncols         104
nrows         10
xllcorner     -2.000000
yllcorner     0.000000
cellsize      1.000000
NODATA_value  -9999.0
-9999.0 -9999.0 -9999.0 -9999.0 -9999.0 -9999.0 -9999.0 -9999.0 -9999.0 -9999.0 -9999.0 -9999.0 -9999.0 -9999.0 -9999.0 -9999.0 -9999.0 -9999.0 -9999.0 -9999.0 -9999.0 -9999.0 -9999.0 -9999.0 -9999.0 -9999.0 -9999.0 -9999.0 -9999.0 -9999.0 -9999.0 -9999.0 -9999.0 -9999.0 -9999.0 -9999.0 -9999.0 -9999.0 -9999.0 -9999.0 -9999.0 -9999.0 -9999.0 -9999.0 -9999.0 -9999.0 -9999.0 -9999.0 -9999.0 -9999.0 -9999.0 -9999.0 -9999.0 -9999.0 -9999.0 -9999.0 -9999.0 -9999.0 -9999.0 -9999.0 -9999.0 -9999.0 -9999.0 -9999.0 -9999.0 -9999.0 -9999.0 -9999.0 -9999.0 -9999.0 -9999.0 -9999.0 -9999.0 -9999.0 -9999.0 -9999.0 -9999.0 -9999.0 -9999.0 -9999.0 -9999.0 -9999.0 -9999.0 -9999.0 -9999.0 -9999.0 -9999.0 -9999.0 -9999.0 -9999.0 -9999.0 -9999.0 -9999.0 -9999.0 -9999.0 -9999.0 -9999.0 -9999.0 -9999.0 -9999.0 -9999.0 -9999.0 -9999.0 -9999.0
-9999.0 -9999.0 -9999.0 -9999.0 -9999.0 -9999.0 -9999.0 -9999.0 -9999.0 -9999.0 -9999.0 -9999.0 -9999.0 -9999.0 -9999.0 -9999.0 -9999.0 -9999.0 -9999.0 -9999.0 -9999.0 -9999.0 -9999.0 -9999.0 -9999.0 -9999.0 -9999.0 -9999.0 -9999.0 -9999.0 -9999.0 -9999.0 -9999.0 -9999.0 -9999.0 -9999.0 -9999.0 -9999.0 -9999.0 -9999.0 -9999.0 -9999.0 -9999.0 -9999.0 -9999.0 -9999.0 -9999.0 -9999.0 -9999.0 -9999.0 -9999.0 -9999.0 -9999.0 -9999.0 -9999.0 -9999.0 -9999.0 -9999.0 -9999.0 -9999.0 -9999.0 -9999.0 -9999.0 -9999.0 -9999.0 -9999.0 -9999.0 -9999.0 -9999.0 -9999.0 -9999.0 -9999.0 -9999.0 -9999.0 -9999.0 -9999.0 -9999.0 -9999.0 -9999.0 -9999.0 -9999.0 -9999.0 -9999.0 -9999.0 -9999.0 -9999.0 -9999.0 -9999.0 -9999.0 -9999.0 -9999.0 -9999.0 -9999.0 -9999.0 -9999.0 -9999.0 -9999.0 -9999.0 -9999.0 -9999.0 -9999.0 -9999.0 -9999.0 -9999.0
-9999.0 -9999.0 1442.734262 1542.403137 1641.413874 1739.724956 1837.291592 1934.068845 2030.023530 2125.095890 2219.228705 2312.363285 2404.439049 2495.411253 2585.197671 2673.772370 2761.168845 2847.421248 2932.575912 3016.482299 3099.124655 3180.503272 3260.309912 3338.487253 3414.848441 3489.031136 3560.883624 3629.879753 3695.680098 3757.842113 3815.656851 3868.596244 3916.048751 3957.413911 3992.437636 4020.546912 4041.849714 4056.407901 4065.216074 4068.999786 4068.719763 4065.436316 4060.415472 4054.776550 4048.694437 4043.147663 4038.884918 4036.450457 4036.143224 4037.859410 3955.272831 3905.520972 4010.971521 4027.750101 4040.494559 4053.598965 4067.148648 4081.143115 4095.935831 4111.933372 4128.375147 4145.711573 4164.485731 4183.864610 4204.680990 4226.573277 4249.675423 4273.889403 4299.098442 4325.157380 4352.150661 4379.545192 4407.946285 4436.226433 4464.981448 4493.703913 4522.208367 4550.861548 4578.590732 4606.217832 4632.782869 4658.911601 4684.070108 4708.769682 4732.592661 4756.375548 4779.389305 4803.160875 4826.221162 4850.806302 4874.647483 4900.462094 4925.215265 4975.185951 4975.185951 4975.185951 4975.185951 4975.185951 4975.185951 4975.185951 4975.185951 4975.185951 -9999.0 -9999.0
-9999.0 -9999.0 1442.734263 1542.403138 1641.413875 1739.724958 1837.291593 1934.068846 2030.023531 2125.095890 2219.228705 2312.363285 2404.439049 2495.411252 2585.197670 2673.772369 2761.168844 2847.421246 2932.575910 3016.482297 3099.124654 3180.503271 3260.309911 3338.487253 3414.848440 3489.031136 3560.883624 3629.879753 3695.680098 3757.842113 3815.656851 3868.596244 3916.048751 3957.413911 3992.437636 4020.546912 4041.849714 4056.407901 4065.216074 4068.999786 4068.719763 4065.436316 4060.415472 4054.776550 4048.694437 4043.147663 4038.884918 4036.450457 4036.143225 4037.859410 3955.272831 3905.520972 4010.971522 4027.750101 4040.494559 4053.598965 4067.148648 4081.143115 4095.935831 4111.933372 4128.375147 4145.711573 4164.485731 4183.864609 4204.680990 4226.573277 4249.675423 4273.889403 4299.098442 4325.157380 4352.150661 4379.545192 4407.946285 4436.226433 4464.981448 4493.703913 4522.208367 4550.861548 4578.590732 4606.217832 4632.782869 4658.911601 4684.070108 4708.769682 4732.592661 4756.375548 4779.389305 4803.160875 4826.221162 4850.806302 4874.647483 4900.462094 4925.215265 4975.185951 4975.185951 4975.185951 4975.185951 4975.185951 4975.185951 4975.185951 4975.185951 4975.185951 -9999.0 -9999.0
-9999.0 -9999.0 1442.734264 1542.403138 1641.413876 1739.724958 1837.291594 1934.068847 2030.023531 2125.095890 2219.228705 2312.363284 2404.439048 2495.411251 2585.197669 2673.772368 2761.168843 2847.421246 2932.575910 3016.482297 3099.124653 3180.503270 3260.309911 3338.487252 3414.848440 3489.031136 3560.883624 3629.879753 3695.680098 3757.842113 3815.656851 3868.596244 3916.048751 3957.413911 3992.437636 4020.546912 4041.849714 4056.407901 4065.216073 4068.999786 4068.719763 4065.436316 4060.415472 4054.776550 4048.694437 4043.147663 4038.884918 4036.450457 4036.143225 4037.859411 3955.272831 3905.520972 4010.971522 4027.750102 4040.494559 4053.598966 4067.148648 4081.143115 4095.935831 4111.933372 4128.375147 4145.711573 4164.485731 4183.864609 4204.680990 4226.573277 4249.675423 4273.889403 4299.098442 4325.157380 4352.150661 4379.545192 4407.946285 4436.226433 4464.981448 4493.703913 4522.208367 4550.861548 4578.590732 4606.217832 4632.782869 4658.911601 4684.070108 4708.769682 4732.592661 4756.375548 4779.389305 4803.160875 4826.221162 4850.806302 4874.647483 4900.462094 4925.215265 4975.185951 4975.185951 4975.185951 4975.185951 4975.185951 4975.185951 4975.185951 4975.185951 4975.185951 -9999.0 -9999.0
-9999.0 -9999.0 1442.734264 1542.403138 1641.413875 1739.724958 1837.291594 1934.068847 2030.023531 2125.095890 2219.228705 2312.363284 2404.439048 2495.411251 2585.197669 2673.772368 2761.168843 2847.421246 2932.575910 3016.482297 3099.124653 3180.503270 3260.309911 3338.487252 3414.848440 3489.031136 3560.883624 3629.879753 3695.680098 3757.842113 3815.656851 3868.596244 3916.048751 3957.413911 3992.437636 4020.546912 4041.849714 4056.407901 4065.216073 4068.999786 4068.719763 4065.436316 4060.415472 4054.776550 4048.694437 4043.147663 4038.884918 4036.450457 4036.143225 4037.859410 3955.272831 3905.520972 4010.971522 4027.750102 4040.494559 4053.598966 4067.148648 4081.143115 4095.935831 4111.933372 4128.375147 4145.711573 4164.485731 4183.864609 4204.680990 4226.573277 4249.675423 4273.889403 4299.098442 4325.157380 4352.150661 4379.545192 4407.946285 4436.226433 4464.981448 4493.703913 4522.208367 4550.861548 4578.590732 4606.217832 4632.782869 4658.911601 4684.070108 4708.769682 4732.592661 4756.375548 4779.389305 4803.160875 4826.221162 4850.806302 4874.647483 4900.462094 4925.215265 4975.185951 4975.185951 4975.185951 4975.185951 4975.185951 4975.185951 4975.185951 4975.185951 4975.185951 -9999.0 -9999.0
-9999.0 -9999.0 1442.734263 1542.403138 1641.413875 1739.724958 1837.291593 1934.068846 2030.023530 2125.095890 2219.228705 2312.363285 2404.439049 2495.411252 2585.197670 2673.772369 2761.168844 2847.421246 2932.575910 3016.482297 3099.124654 3180.503271 3260.309911 3338.487253 3414.848440 3489.031136 3560.883624 3629.879753 3695.680098 3757.842113 3815.656851 3868.596244 3916.048751 3957.413911 3992.437636 4020.546912 4041.849714 4056.407901 4065.216074 4068.999786 4068.719763 4065.436316 4060.415472 4054.776550 4048.694437 4043.147663 4038.884918 4036.450457 4036.143225 4037.859410 3955.272831 3905.520972 4010.971522 4027.750101 4040.494559 4053.598965 4067.148648 4081.143115 4095.935831 4111.933372 4128.375147 4145.711573 4164.485731 4183.864609 4204.680990 4226.573277 4249.675423 4273.889403 4299.098442 4325.157380 4352.150661 4379.545192 4407.946285 4436.226433 4464.981448 4493.703913 4522.208367 4550.861548 4578.590732 4606.217832 4632.782869 4658.911601 4684.070108 4708.769682 4732.592661 4756.375548 4779.389305 4803.160875 4826.221162 4850.806302 4874.647483 4900.462094 4925.215265 4975.185951 4975.185951 4975.185951 4975.185951 4975.185951 4975.185951 4975.185951 4975.185951 4975.185951 -9999.0 -9999.0
-9999.0 -9999.0 1442.734262 1542.403137 1641.413874 1739.724956 1837.291592 1934.068845 2030.023530 2125.095890 2219.228705 2312.363285 2404.439049 2495.411253 2585.197671 2673.772370 2761.168845 2847.421248 2932.575912 3016.482299 3099.124655 3180.503272 3260.309912 3338.487253 3414.848441 3489.031136 3560.883624 3629.879753 3695.680098 3757.842113 3815.656851 3868.596244 3916.048751 3957.413911 3992.437636 4020.546912 4041.849714 4056.407901 4065.216074 4068.999786 4068.719763 4065.436316 4060.415472 4054.776550 4048.694437 4043.147663 4038.884918 4036.450457 4036.143224 4037.859410 3955.272831 3905.520972 4010.971521 4027.750101 4040.494559 4053.598965 4067.148648 4081.143115 4095.935831 4111.933372 4128.375147 4145.711573 4164.485731 4183.864610 4204.680990 4226.573277 4249.675423 4273.889403 4299.098442 4325.157380 4352.150661 4379.545192 4407.946285 4436.226433 4464.981448 4493.703913 4522.208367 4550.861548 4578.590732 4606.217832 4632.782869 4658.911601 4684.070108 4708.769682 4732.592661 4756.375548 4779.389305 4803.160875 4826.221162 4850.806302 4874.647483 4900.462094 4925.215265 4975.185951 4975.185951 4975.185951 4975.185951 4975.185951 4975.185951 4975.185951 4975.185951 4975.185951 -9999.0 -9999.0
-9999.0 -9999.0 -9999.0 -9999.0 -9999.0 -9999.0 -9999.0 -9999.0 -9999.0 -9999.0 -9999.0 -9999.0 -9999.0 -9999.0 -9999.0 -9999.0 -9999.0 -9999.0 -9999.0 -9999.0 -9999.0 -9999.0 -9999.0 -9999.0 -9999.0 -9999.0 -9999.0 -9999.0 -9999.0 -9999.0 -9999.0 -9999.0 -9999.0 -9999.0 -9999.0 -9999.0 -9999.0 -9999.0 -9999.0 -9999.0 -9999.0 -9999.0 -9999.0 -9999.0 -9999.0 -9999.0 -9999.0 -9999.0 -9999.0 -9999.0 -9999.0 -9999.0 -9999.0 -9999.0 -9999.0 -9999.0 -9999.0 -9999.0 -9999.0 -9999.0 -9999.0 -9999.0 -9999.0 -9999.0 -9999.0 -9999.0 -9999.0 -9999.0 -9999.0 -9999.0 -9999.0 -9999.0 -9999.0 -9999.0 -9999.0 -9999.0 -9999.0 -9999.0 -9999.0 -9999.0 -9999.0 -9999.0 -9999.0 -9999.0 -9999.0 -9999.0 -9999.0 -9999.0 -9999.0 -9999.0 -9999.0 -9999.0 -9999.0 -9999.0 -9999.0 -9999.0 -9999.0 -9999.0 -9999.0 -9999.0 -9999.0 -9999.0 -9999.0 -9999.0
-9999.0 -9999.0 -9999.0 -9999.0 -9999.0 -9999.0 -9999.0 -9999.0 -9999.0 -9999.0 -9999.0 -9999.0 -9999.0 -9999.0 -9999.0 -9999.0 -9999.0 -9999.0 -9999.0 -9999.0 -9999.0 -9999.0 -9999.0 -9999.0 -9999.0 -9999.0 -9999.0 -9999.0 -9999.0 -9999.0 -9999.0 -9999.0 -9999.0 -9999.0 -9999.0 -9999.0 -9999.0 -9999.0 -9999.0 -9999.0 -9999.0 -9999.0 -9999.0 -9999.0 -9999.0 -9999.0 -9999.0 -9999.0 -9999.0 -9999.0 -9999.0 -9999.0 -9999.0 -9999.0 -9999.0 -9999.0 -9999.0 -9999.0 -9999.0 -9999.0 -9999.0 -9999.0 -9999.0 -9999.0 -9999.0 -9999.0 -9999.0 -9999.0 -9999.0 -9999.0 -9999.0 -9999.0 -9999.0 -9999.0 -9999.0 -9999.0 -9999.0 -9999.0 -9999.0 -9999.0 -9999.0 -9999.0 -9999.0 -9999.0 -9999.0 -9999.0 -9999.0 -9999.0 -9999.0 -9999.0 -9999.0 -9999.0 -9999.0 -9999.0 -9999.0 -9999.0 -9999.0 -9999.0 -9999.0 -9999.0 -9999.0 -9999.0 -9999.0 -9999.0