inst/processing_geotop_simulation/geotop_simulation/out/maps/wtN0146.asc
ncols         104
nrows         10
xllcorner     -2.000000
yllcorner     0.000000
cellsize      1.000000
NODATA_value  -9999.0
-9999.0 -9999.0 -9999.0 -9999.0 -9999.0 -9999.0 -9999.0 -9999.0 -9999.0 -9999.0 -9999.0 -9999.0 -9999.0 -9999.0 -9999.0 -9999.0 -9999.0 -9999.0 -9999.0 -9999.0 -9999.0 -9999.0 -9999.0 -9999.0 -9999.0 -9999.0 -9999.0 -9999.0 -9999.0 -9999.0 -9999.0 -9999.0 -9999.0 -9999.0 -9999.0 -9999.0 -9999.0 -9999.0 -9999.0 -9999.0 -9999.0 -9999.0 -9999.0 -9999.0 -9999.0 -9999.0 -9999.0 -9999.0 -9999.0 -9999.0 -9999.0 -9999.0 -9999.0 -9999.0 -9999.0 -9999.0 -9999.0 -9999.0 -9999.0 -9999.0 -9999.0 -9999.0 -9999.0 -9999.0 -9999.0 -9999.0 -9999.0 -9999.0 -9999.0 -9999.0 -9999.0 -9999.0 -9999.0 -9999.0 -9999.0 -9999.0 -9999.0 -9999.0 -9999.0 -9999.0 -9999.0 -9999.0 -9999.0 -9999.0 -9999.0 -9999.0 -9999.0 -9999.0 -9999.0 -9999.0 -9999.0 -9999.0 -9999.0 -9999.0 -9999.0 -9999.0 -9999.0 -9999.0 -9999.0 -9999.0 -9999.0 -9999.0 -9999.0 -9999.0
-9999.0 -9999.0 -9999.0 -9999.0 -9999.0 -9999.0 -9999.0 -9999.0 -9999.0 -9999.0 -9999.0 -9999.0 -9999.0 -9999.0 -9999.0 -9999.0 -9999.0 -9999.0 -9999.0 -9999.0 -9999.0 -9999.0 -9999.0 -9999.0 -9999.0 -9999.0 -9999.0 -9999.0 -9999.0 -9999.0 -9999.0 -9999.0 -9999.0 -9999.0 -9999.0 -9999.0 -9999.0 -9999.0 -9999.0 -9999.0 -9999.0 -9999.0 -9999.0 -9999.0 -9999.0 -9999.0 -9999.0 -9999.0 -9999.0 -9999.0 -9999.0 -9999.0 -9999.0 -9999.0 -9999.0 -9999.0 -9999.0 -9999.0 -9999.0 -9999.0 -9999.0 -9999.0 -9999.0 -9999.0 -9999.0 -9999.0 -9999.0 -9999.0 -9999.0 -9999.0 -9999.0 -9999.0 -9999.0 -9999.0 -9999.0 -9999.0 -9999.0 -9999.0 -9999.0 -9999.0 -9999.0 -9999.0 -9999.0 -9999.0 -9999.0 -9999.0 -9999.0 -9999.0 -9999.0 -9999.0 -9999.0 -9999.0 -9999.0 -9999.0 -9999.0 -9999.0 -9999.0 -9999.0 -9999.0 -9999.0 -9999.0 -9999.0 -9999.0 -9999.0
-9999.0 -9999.0 0.000000 76.685523 170.036701 265.232169 361.115581 457.277026 553.534496 649.798681 746.023308 842.183855 938.267424 1034.266593 1130.175384 1225.988026 1321.701400 1417.309770 1512.799007 1608.169191 1703.417508 1798.540632 1893.534715 1988.395473 2083.118253 2177.698120 2272.130226 2366.412105 2460.526165 2554.456777 2648.200352 2741.748345 2835.090898 2928.217208 3021.116001 3113.779153 3206.172121 3298.261449 3390.033282 3481.464590 3572.528738 3663.197163 3753.393113 3843.011765 3931.996830 4020.273344 4107.770919 4194.248270 4279.552029 4363.518808 4445.777643 4525.821087 4603.291988 4676.904067 4745.813319 4808.130936 4861.286625 4903.490324 4931.915528 4975.185951 4975.185951 4975.185951 4975.185951 4975.185951 4975.185951 4975.185951 4975.185951 4975.185951 4975.185951 4975.185951 4975.185951 4975.185951 4975.185951 4975.185951 4975.185951 4975.185951 4975.185951 4975.185951 4975.185951 4975.185951 4975.185951 4975.185951 4975.185951 4975.185951 4975.185951 4975.185951 4975.185951 4975.185951 4975.185951 4975.185951 4975.185951 4975.185951 4975.185951 4975.185951 4975.185951 4975.185951 4975.185951 4975.185951 4975.185951 4975.185951 4975.185951 4975.185951 -9999.0 -9999.0
-9999.0 -9999.0 0.000000 76.683176 170.036115 265.231999 361.115528 457.277008 553.534490 649.798679 746.023307 842.183855 938.267424 1034.266593 1130.175385 1225.988026 1321.701400 1417.309770 1512.799008 1608.169191 1703.417509 1798.540633 1893.534715 1988.395474 2083.118253 2177.698121 2272.130226 2366.412106 2460.526166 2554.456778 2648.200353 2741.748346 2835.090899 2928.217208 3021.116001 3113.779154 3206.172122 3298.261449 3390.033281 3481.464590 3572.528737 3663.197162 3753.393112 3843.011765 3931.996829 4020.273344 4107.770918 4194.248270 4279.552029 4363.518809 4445.777643 4525.821087 4603.291988 4676.904067 4745.813319 4808.130936 4861.286625 4903.490324 4931.915528 4975.185951 4975.185951 4975.185951 4975.185951 4975.185951 4975.185951 4975.185951 4975.185951 4975.185951 4975.185951 4975.185951 4975.185951 4975.185951 4975.185951 4975.185951 4975.185951 4975.185951 4975.185951 4975.185951 4975.185951 4975.185951 4975.185951 4975.185951 4975.185951 4975.185951 4975.185951 4975.185951 4975.185951 4975.185951 4975.185951 4975.185951 4975.185951 4975.185951 4975.185951 4975.185951 4975.185951 4975.185951 4975.185951 4975.185951 4975.185951 4975.185951 4975.185951 4975.185951 -9999.0 -9999.0
-9999.0 -9999.0 0.000000 76.682244 170.035746 265.231866 361.115481 457.276991 553.534484 649.798677 746.023306 842.183855 938.267423 1034.266593 1130.175385 1225.988026 1321.701400 1417.309770 1512.799008 1608.169192 1703.417509 1798.540633 1893.534716 1988.395474 2083.118254 2177.698122 2272.130227 2366.412106 2460.526167 2554.456778 2648.200353 2741.748347 2835.090900 2928.217209 3021.116002 3113.779154 3206.172122 3298.261449 3390.033281 3481.464589 3572.528737 3663.197161 3753.393111 3843.011764 3931.996829 4020.273343 4107.770918 4194.248270 4279.552029 4363.518809 4445.777643 4525.821087 4603.291988 4676.904067 4745.813319 4808.130936 4861.286625 4903.490324 4931.915528 4975.185951 4975.185951 4975.185951 4975.185951 4975.185951 4975.185951 4975.185951 4975.185951 4975.185951 4975.185951 4975.185951 4975.185951 4975.185951 4975.185951 4975.185951 4975.185951 4975.185951 4975.185951 4975.185951 4975.185951 4975.185951 4975.185951 4975.185951 4975.185951 4975.185951 4975.185951 4975.185951 4975.185951 4975.185951 4975.185951 4975.185951 4975.185951 4975.185951 4975.185951 4975.185951 4975.185951 4975.185951 4975.185951 4975.185951 4975.185951 4975.185951 4975.185951 4975.185951 -9999.0 -9999.0
-9999.0 -9999.0 0.000000 76.682244 170.035746 265.231865 361.115481 457.276991 553.534484 649.798677 746.023306 842.183855 938.267423 1034.266593 1130.175385 1225.988026 1321.701401 1417.309770 1512.799008 1608.169192 1703.417509 1798.540633 1893.534716 1988.395474 2083.118254 2177.698122 2272.130227 2366.412106 2460.526167 2554.456778 2648.200353 2741.748347 2835.090900 2928.217209 3021.116002 3113.779154 3206.172122 3298.261449 3390.033281 3481.464589 3572.528737 3663.197161 3753.393111 3843.011764 3931.996829 4020.273343 4107.770918 4194.248270 4279.552029 4363.518809 4445.777643 4525.821087 4603.291988 4676.904067 4745.813319 4808.130936 4861.286625 4903.490324 4931.915528 4975.185951 4975.185951 4975.185951 4975.185951 4975.185951 4975.185951 4975.185951 4975.185951 4975.185951 4975.185951 4975.185951 4975.185951 4975.185951 4975.185951 4975.185951 4975.185951 4975.185951 4975.185951 4975.185951 4975.185951 4975.185951 4975.185951 4975.185951 4975.185951 4975.185951 4975.185951 4975.185951 4975.185951 4975.185951 4975.185951 4975.185951 4975.185951 4975.185951 4975.185951 4975.185951 4975.185951 4975.185951 4975.185951 4975.185951 4975.185951 4975.185951 4975.185951 4975.185951 -9999.0 -9999.0
-9999.0 -9999.0 0.000000 76.683176 170.036115 265.231999 361.115528 457.277008 553.534490 649.798679 746.023307 842.183855 938.267423 1034.266593 1130.175385 1225.988026 1321.701400 1417.309770 1512.799008 1608.169191 1703.417509 1798.540633 1893.534715 1988.395474 2083.118253 2177.698121 2272.130226 2366.412106 2460.526166 2554.456778 2648.200353 2741.748346 2835.090899 2928.217208 3021.116001 3113.779154 3206.172122 3298.261449 3390.033281 3481.464590 3572.528737 3663.197162 3753.393112 3843.011765 3931.996829 4020.273344 4107.770918 4194.248270 4279.552029 4363.518809 4445.777643 4525.821087 4603.291988 4676.904067 4745.813319 4808.130936 4861.286625 4903.490324 4931.915528 4975.185951 4975.185951 4975.185951 4975.185951 4975.185951 4975.185951 4975.185951 4975.185951 4975.185951 4975.185951 4975.185951 4975.185951 4975.185951 4975.185951 4975.185951 4975.185951 4975.185951 4975.185951 4975.185951 4975.185951 4975.185951 4975.185951 4975.185951 4975.185951 4975.185951 4975.185951 4975.185951 4975.185951 4975.185951 4975.185951 4975.185951 4975.185951 4975.185951 4975.185951 4975.185951 4975.185951 4975.185951 4975.185951 4975.185951 4975.185951 4975.185951 4975.185951 4975.185951 -9999.0 -9999.0
-9999.0 -9999.0 0.000000 76.685523 170.036701 265.232169 361.115582 457.277026 553.534496 649.798681 746.023308 842.183855 938.267424 1034.266593 1130.175385 1225.988026 1321.701400 1417.309770 1512.799007 1608.169191 1703.417508 1798.540632 1893.534715 1988.395473 2083.118253 2177.698120 2272.130225 2366.412105 2460.526165 2554.456777 2648.200352 2741.748345 2835.090898 2928.217208 3021.116000 3113.779153 3206.172121 3298.261449 3390.033281 3481.464590 3572.528738 3663.197163 3753.393113 3843.011765 3931.996830 4020.273344 4107.770919 4194.248270 4279.552029 4363.518808 4445.777643 4525.821087 4603.291988 4676.904067 4745.813319 4808.130936 4861.286625 4903.490324 4931.915528 4975.185951 4975.185951 4975.185951 4975.185951 4975.185951 4975.185951 4975.185951 4975.185951 4975.185951 4975.185951 4975.185951 4975.185951 4975.185951 4975.185951 4975.185951 4975.185951 4975.185951 4975.185951 4975.185951 4975.185951 4975.185951 4975.185951 4975.185951 4975.185951 4975.185951 4975.185951 4975.185951 4975.185951 4975.185951 4975.185951 4975.185951 4975.185951 4975.185951 4975.185951 4975.185951 4975.185951 4975.185951 4975.185951 4975.185951 4975.185951 4975.185951 4975.185951 4975.185951 -9999.0 -9999.0
-9999.0 -9999.0 -9999.0 -9999.0 -9999.0 -9999.0 -9999.0 -9999.0 -9999.0 -9999.0 -9999.0 -9999.0 -9999.0 -9999.0 -9999.0 -9999.0 -9999.0 -9999.0 -9999.0 -9999.0 -9999.0 -9999.0 -9999.0 -9999.0 -9999.0 -9999.0 -9999.0 -9999.0 -9999.0 -9999.0 -9999.0 -9999.0 -9999.0 -9999.0 -9999.0 -9999.0 -9999.0 -9999.0 -9999.0 -9999.0 -9999.0 -9999.0 -9999.0 -9999.0 -9999.0 -9999.0 -9999.0 -9999.0 -9999.0 -9999.0 -9999.0 -9999.0 -9999.0 -9999.0 -9999.0 -9999.0 -9999.0 -9999.0 -9999.0 -9999.0 -9999.0 -9999.0 -9999.0 -9999.0 -9999.0 -9999.0 -9999.0 -9999.0 -9999.0 -9999.0 -9999.0 -9999.0 -9999.0 -9999.0 -9999.0 -9999.0 -9999.0 -9999.0 -9999.0 -9999.0 -9999.0 -9999.0 -9999.0 -9999.0 -9999.0 -9999.0 -9999.0 -9999.0 -9999.0 -9999.0 -9999.0 -9999.0 -9999.0 -9999.0 -9999.0 -9999.0 -9999.0 -9999.0 -9999.0 -9999.0 -9999.0 -9999.0 -9999.0 -9999.0
-9999.0 -9999.0 -9999.0 -9999.0 -9999.0 -9999.0 -9999.0 -9999.0 -9999.0 -9999.0 -9999.0 -9999.0 -9999.0 -9999.0 -9999.0 -9999.0 -9999.0 -9999.0 -9999.0 -9999.0 -9999.0 -9999.0 -9999.0 -9999.0 -9999.0 -9999.0 -9999.0 -9999.0 -9999.0 -9999.0 -9999.0 -9999.0 -9999.0 -9999.0 -9999.0 -9999.0 -9999.0 -9999.0 -9999.0 -9999.0 -9999.0 -9999.0 -9999.0 -9999.0 -9999.0 -9999.0 -9999.0 -9999.0 -9999.0 -9999.0 -9999.0 -9999.0 -9999.0 -9999.0 -9999.0 -9999.0 -9999.0 -9999.0 -9999.0 -9999.0 -9999.0 -9999.0 -9999.0 -9999.0 -9999.0 -9999.0 -9999.0 -9999.0 -9999.0 -9999.0 -9999.0 -9999.0 -9999.0 -9999.0 -9999.0 -9999.0 -9999.0 -9999.0 -9999.0 -9999.0 -9999.0 -9999.0 -9999.0 -9999.0 -9999.0 -9999.0 -9999.0 -9999.0 -9999.0 -9999.0 -9999.0 -9999.0 -9999.0 -9999.0 -9999.0 -9999.0 -9999.0 -9999.0 -9999.0 -9999.0 -9999.0 -9999.0 -9999.0 -9999.0