inst/processing_geotop_simulation/geotop_simulation/out/maps/wtN0078.asc
ncols         104
nrows         10
xllcorner     -2.000000
yllcorner     0.000000
cellsize      1.000000
NODATA_value  -9999.0
-9999.0 -9999.0 -9999.0 -9999.0 -9999.0 -9999.0 -9999.0 -9999.0 -9999.0 -9999.0 -9999.0 -9999.0 -9999.0 -9999.0 -9999.0 -9999.0 -9999.0 -9999.0 -9999.0 -9999.0 -9999.0 -9999.0 -9999.0 -9999.0 -9999.0 -9999.0 -9999.0 -9999.0 -9999.0 -9999.0 -9999.0 -9999.0 -9999.0 -9999.0 -9999.0 -9999.0 -9999.0 -9999.0 -9999.0 -9999.0 -9999.0 -9999.0 -9999.0 -9999.0 -9999.0 -9999.0 -9999.0 -9999.0 -9999.0 -9999.0 -9999.0 -9999.0 -9999.0 -9999.0 -9999.0 -9999.0 -9999.0 -9999.0 -9999.0 -9999.0 -9999.0 -9999.0 -9999.0 -9999.0 -9999.0 -9999.0 -9999.0 -9999.0 -9999.0 -9999.0 -9999.0 -9999.0 -9999.0 -9999.0 -9999.0 -9999.0 -9999.0 -9999.0 -9999.0 -9999.0 -9999.0 -9999.0 -9999.0 -9999.0 -9999.0 -9999.0 -9999.0 -9999.0 -9999.0 -9999.0 -9999.0 -9999.0 -9999.0 -9999.0 -9999.0 -9999.0 -9999.0 -9999.0 -9999.0 -9999.0 -9999.0 -9999.0 -9999.0 -9999.0
-9999.0 -9999.0 -9999.0 -9999.0 -9999.0 -9999.0 -9999.0 -9999.0 -9999.0 -9999.0 -9999.0 -9999.0 -9999.0 -9999.0 -9999.0 -9999.0 -9999.0 -9999.0 -9999.0 -9999.0 -9999.0 -9999.0 -9999.0 -9999.0 -9999.0 -9999.0 -9999.0 -9999.0 -9999.0 -9999.0 -9999.0 -9999.0 -9999.0 -9999.0 -9999.0 -9999.0 -9999.0 -9999.0 -9999.0 -9999.0 -9999.0 -9999.0 -9999.0 -9999.0 -9999.0 -9999.0 -9999.0 -9999.0 -9999.0 -9999.0 -9999.0 -9999.0 -9999.0 -9999.0 -9999.0 -9999.0 -9999.0 -9999.0 -9999.0 -9999.0 -9999.0 -9999.0 -9999.0 -9999.0 -9999.0 -9999.0 -9999.0 -9999.0 -9999.0 -9999.0 -9999.0 -9999.0 -9999.0 -9999.0 -9999.0 -9999.0 -9999.0 -9999.0 -9999.0 -9999.0 -9999.0 -9999.0 -9999.0 -9999.0 -9999.0 -9999.0 -9999.0 -9999.0 -9999.0 -9999.0 -9999.0 -9999.0 -9999.0 -9999.0 -9999.0 -9999.0 -9999.0 -9999.0 -9999.0 -9999.0 -9999.0 -9999.0 -9999.0 -9999.0
-9999.0 -9999.0 151.752280 252.366213 352.776308 452.851228 552.535043 651.796548 750.582115 848.808664 946.457481 1043.548925 1140.100724 1236.111092 1331.574568 1426.478414 1520.803803 1614.537454 1707.678122 1800.184230 1892.029255 1983.190080 2073.645628 2163.385982 2252.399905 2340.602398 2427.977482 2514.521619 2600.213882 2684.940072 2768.714795 2851.552283 2933.275185 3013.955904 3093.504426 3171.838650 3249.018147 3324.823456 3399.393310 3472.478812 3544.171803 3614.358756 3682.871765 3749.780597 3814.836111 3877.958769 3939.172306 3998.446087 4055.728243 4110.716735 4163.245610 4212.598810 4260.181532 4306.320451 4350.039583 4391.444426 4430.639730 4467.833072 4503.035350 4535.870939 4566.974149 4596.113661 4623.442261 4649.435695 4673.778219 4696.991129 4718.895287 4739.461505 4759.569856 4777.821557 4795.492140 4812.375018 4827.660686 4842.440534 4857.081285 4869.781157 4881.595888 4893.308477 4905.057894 4914.802310 4923.572423 4932.016282 4940.591343 4949.689254 4975.185951 4975.185951 4975.185951 4975.185951 4975.185951 4975.185951 4975.185951 4975.185951 4975.185951 4975.185951 4975.185951 4975.185951 4975.185951 4975.185951 4975.185951 4975.185951 4975.185951 4975.185951 -9999.0 -9999.0
-9999.0 -9999.0 151.752280 252.366214 352.776309 452.851229 552.535044 651.796548 750.582116 848.808664 946.457482 1043.548925 1140.100724 1236.111092 1331.574569 1426.478414 1520.803803 1614.537454 1707.678122 1800.184230 1892.029255 1983.190080 2073.645628 2163.385982 2252.399905 2340.602398 2427.977482 2514.521619 2600.213882 2684.940072 2768.714796 2851.552283 2933.275185 3013.955904 3093.504426 3171.838651 3249.018147 3324.823456 3399.393311 3472.478813 3544.171803 3614.358756 3682.871765 3749.780597 3814.836111 3877.958769 3939.172306 3998.446087 4055.728243 4110.716735 4163.245610 4212.598810 4260.181532 4306.320450 4350.039583 4391.444425 4430.639730 4467.833072 4503.035350 4535.870939 4566.974149 4596.113661 4623.442261 4649.435695 4673.778219 4696.991129 4718.895287 4739.461505 4759.569856 4777.821557 4795.492140 4812.375018 4827.660686 4842.440534 4857.081285 4869.781157 4881.595888 4893.308477 4905.057894 4914.802310 4923.572423 4932.016282 4940.591343 4949.689254 4975.185951 4975.185951 4975.185951 4975.185951 4975.185951 4975.185951 4975.185951 4975.185951 4975.185951 4975.185951 4975.185951 4975.185951 4975.185951 4975.185951 4975.185951 4975.185951 4975.185951 4975.185951 -9999.0 -9999.0
-9999.0 -9999.0 151.752281 252.366214 352.776309 452.851229 552.535044 651.796548 750.582116 848.808664 946.457482 1043.548925 1140.100724 1236.111092 1331.574569 1426.478414 1520.803803 1614.537454 1707.678122 1800.184230 1892.029254 1983.190080 2073.645628 2163.385981 2252.399905 2340.602398 2427.977482 2514.521619 2600.213882 2684.940072 2768.714796 2851.552283 2933.275185 3013.955904 3093.504427 3171.838651 3249.018147 3324.823456 3399.393311 3472.478813 3544.171803 3614.358756 3682.871765 3749.780597 3814.836111 3877.958769 3939.172306 3998.446087 4055.728243 4110.716735 4163.245610 4212.598810 4260.181532 4306.320450 4350.039583 4391.444425 4430.639730 4467.833072 4503.035350 4535.870939 4566.974149 4596.113661 4623.442261 4649.435695 4673.778219 4696.991129 4718.895287 4739.461505 4759.569856 4777.821557 4795.492140 4812.375018 4827.660686 4842.440534 4857.081285 4869.781157 4881.595888 4893.308477 4905.057894 4914.802310 4923.572423 4932.016282 4940.591343 4949.689254 4975.185951 4975.185951 4975.185951 4975.185951 4975.185951 4975.185951 4975.185951 4975.185951 4975.185951 4975.185951 4975.185951 4975.185951 4975.185951 4975.185951 4975.185951 4975.185951 4975.185951 4975.185951 -9999.0 -9999.0
-9999.0 -9999.0 151.752281 252.366214 352.776309 452.851229 552.535044 651.796548 750.582116 848.808664 946.457482 1043.548925 1140.100724 1236.111092 1331.574569 1426.478414 1520.803803 1614.537454 1707.678122 1800.184230 1892.029254 1983.190080 2073.645628 2163.385981 2252.399905 2340.602398 2427.977482 2514.521619 2600.213882 2684.940072 2768.714796 2851.552284 2933.275185 3013.955904 3093.504426 3171.838651 3249.018147 3324.823456 3399.393311 3472.478813 3544.171803 3614.358756 3682.871765 3749.780597 3814.836111 3877.958769 3939.172306 3998.446087 4055.728243 4110.716735 4163.245610 4212.598810 4260.181532 4306.320450 4350.039583 4391.444425 4430.639730 4467.833072 4503.035350 4535.870939 4566.974149 4596.113661 4623.442261 4649.435695 4673.778219 4696.991129 4718.895287 4739.461505 4759.569856 4777.821557 4795.492140 4812.375018 4827.660686 4842.440534 4857.081285 4869.781157 4881.595888 4893.308477 4905.057894 4914.802310 4923.572423 4932.016282 4940.591343 4949.689254 4975.185951 4975.185951 4975.185951 4975.185951 4975.185951 4975.185951 4975.185951 4975.185951 4975.185951 4975.185951 4975.185951 4975.185951 4975.185951 4975.185951 4975.185951 4975.185951 4975.185951 4975.185951 -9999.0 -9999.0
-9999.0 -9999.0 151.752280 252.366213 352.776309 452.851229 552.535044 651.796548 750.582116 848.808664 946.457481 1043.548925 1140.100724 1236.111092 1331.574569 1426.478414 1520.803803 1614.537454 1707.678122 1800.184230 1892.029255 1983.190080 2073.645628 2163.385982 2252.399905 2340.602398 2427.977482 2514.521619 2600.213882 2684.940072 2768.714796 2851.552283 2933.275185 3013.955904 3093.504426 3171.838651 3249.018147 3324.823456 3399.393311 3472.478813 3544.171803 3614.358756 3682.871765 3749.780597 3814.836111 3877.958769 3939.172306 3998.446087 4055.728243 4110.716735 4163.245610 4212.598810 4260.181532 4306.320450 4350.039583 4391.444425 4430.639730 4467.833072 4503.035350 4535.870939 4566.974149 4596.113661 4623.442261 4649.435695 4673.778219 4696.991129 4718.895287 4739.461505 4759.569856 4777.821557 4795.492140 4812.375018 4827.660686 4842.440534 4857.081285 4869.781157 4881.595888 4893.308477 4905.057894 4914.802310 4923.572423 4932.016282 4940.591343 4949.689254 4975.185951 4975.185951 4975.185951 4975.185951 4975.185951 4975.185951 4975.185951 4975.185951 4975.185951 4975.185951 4975.185951 4975.185951 4975.185951 4975.185951 4975.185951 4975.185951 4975.185951 4975.185951 -9999.0 -9999.0
-9999.0 -9999.0 151.752279 252.366213 352.776308 452.851228 552.535043 651.796548 750.582115 848.808664 946.457481 1043.548925 1140.100724 1236.111092 1331.574568 1426.478414 1520.803803 1614.537454 1707.678122 1800.184230 1892.029255 1983.190080 2073.645628 2163.385982 2252.399905 2340.602398 2427.977482 2514.521619 2600.213882 2684.940072 2768.714795 2851.552283 2933.275185 3013.955904 3093.504426 3171.838650 3249.018147 3324.823456 3399.393310 3472.478812 3544.171803 3614.358756 3682.871765 3749.780597 3814.836111 3877.958769 3939.172306 3998.446087 4055.728243 4110.716735 4163.245610 4212.598810 4260.181532 4306.320451 4350.039583 4391.444426 4430.639730 4467.833072 4503.035350 4535.870939 4566.974149 4596.113661 4623.442261 4649.435695 4673.778219 4696.991129 4718.895287 4739.461505 4759.569856 4777.821557 4795.492140 4812.375018 4827.660686 4842.440534 4857.081285 4869.781157 4881.595888 4893.308477 4905.057894 4914.802310 4923.572423 4932.016282 4940.591343 4949.689254 4975.185951 4975.185951 4975.185951 4975.185951 4975.185951 4975.185951 4975.185951 4975.185951 4975.185951 4975.185951 4975.185951 4975.185951 4975.185951 4975.185951 4975.185951 4975.185951 4975.185951 4975.185951 -9999.0 -9999.0
-9999.0 -9999.0 -9999.0 -9999.0 -9999.0 -9999.0 -9999.0 -9999.0 -9999.0 -9999.0 -9999.0 -9999.0 -9999.0 -9999.0 -9999.0 -9999.0 -9999.0 -9999.0 -9999.0 -9999.0 -9999.0 -9999.0 -9999.0 -9999.0 -9999.0 -9999.0 -9999.0 -9999.0 -9999.0 -9999.0 -9999.0 -9999.0 -9999.0 -9999.0 -9999.0 -9999.0 -9999.0 -9999.0 -9999.0 -9999.0 -9999.0 -9999.0 -9999.0 -9999.0 -9999.0 -9999.0 -9999.0 -9999.0 -9999.0 -9999.0 -9999.0 -9999.0 -9999.0 -9999.0 -9999.0 -9999.0 -9999.0 -9999.0 -9999.0 -9999.0 -9999.0 -9999.0 -9999.0 -9999.0 -9999.0 -9999.0 -9999.0 -9999.0 -9999.0 -9999.0 -9999.0 -9999.0 -9999.0 -9999.0 -9999.0 -9999.0 -9999.0 -9999.0 -9999.0 -9999.0 -9999.0 -9999.0 -9999.0 -9999.0 -9999.0 -9999.0 -9999.0 -9999.0 -9999.0 -9999.0 -9999.0 -9999.0 -9999.0 -9999.0 -9999.0 -9999.0 -9999.0 -9999.0 -9999.0 -9999.0 -9999.0 -9999.0 -9999.0 -9999.0
-9999.0 -9999.0 -9999.0 -9999.0 -9999.0 -9999.0 -9999.0 -9999.0 -9999.0 -9999.0 -9999.0 -9999.0 -9999.0 -9999.0 -9999.0 -9999.0 -9999.0 -9999.0 -9999.0 -9999.0 -9999.0 -9999.0 -9999.0 -9999.0 -9999.0 -9999.0 -9999.0 -9999.0 -9999.0 -9999.0 -9999.0 -9999.0 -9999.0 -9999.0 -9999.0 -9999.0 -9999.0 -9999.0 -9999.0 -9999.0 -9999.0 -9999.0 -9999.0 -9999.0 -9999.0 -9999.0 -9999.0 -9999.0 -9999.0 -9999.0 -9999.0 -9999.0 -9999.0 -9999.0 -9999.0 -9999.0 -9999.0 -9999.0 -9999.0 -9999.0 -9999.0 -9999.0 -9999.0 -9999.0 -9999.0 -9999.0 -9999.0 -9999.0 -9999.0 -9999.0 -9999.0 -9999.0 -9999.0 -9999.0 -9999.0 -9999.0 -9999.0 -9999.0 -9999.0 -9999.0 -9999.0 -9999.0 -9999.0 -9999.0 -9999.0 -9999.0 -9999.0 -9999.0 -9999.0 -9999.0 -9999.0 -9999.0 -9999.0 -9999.0 -9999.0 -9999.0 -9999.0 -9999.0 -9999.0 -9999.0 -9999.0 -9999.0 -9999.0 -9999.0