inst/processing_geotop_simulation/geotop_simulation/out/maps/wtN0160.asc
ncols         104
nrows         10
xllcorner     -2.000000
yllcorner     0.000000
cellsize      1.000000
NODATA_value  -9999.0
-9999.0 -9999.0 -9999.0 -9999.0 -9999.0 -9999.0 -9999.0 -9999.0 -9999.0 -9999.0 -9999.0 -9999.0 -9999.0 -9999.0 -9999.0 -9999.0 -9999.0 -9999.0 -9999.0 -9999.0 -9999.0 -9999.0 -9999.0 -9999.0 -9999.0 -9999.0 -9999.0 -9999.0 -9999.0 -9999.0 -9999.0 -9999.0 -9999.0 -9999.0 -9999.0 -9999.0 -9999.0 -9999.0 -9999.0 -9999.0 -9999.0 -9999.0 -9999.0 -9999.0 -9999.0 -9999.0 -9999.0 -9999.0 -9999.0 -9999.0 -9999.0 -9999.0 -9999.0 -9999.0 -9999.0 -9999.0 -9999.0 -9999.0 -9999.0 -9999.0 -9999.0 -9999.0 -9999.0 -9999.0 -9999.0 -9999.0 -9999.0 -9999.0 -9999.0 -9999.0 -9999.0 -9999.0 -9999.0 -9999.0 -9999.0 -9999.0 -9999.0 -9999.0 -9999.0 -9999.0 -9999.0 -9999.0 -9999.0 -9999.0 -9999.0 -9999.0 -9999.0 -9999.0 -9999.0 -9999.0 -9999.0 -9999.0 -9999.0 -9999.0 -9999.0 -9999.0 -9999.0 -9999.0 -9999.0 -9999.0 -9999.0 -9999.0 -9999.0 -9999.0
-9999.0 -9999.0 -9999.0 -9999.0 -9999.0 -9999.0 -9999.0 -9999.0 -9999.0 -9999.0 -9999.0 -9999.0 -9999.0 -9999.0 -9999.0 -9999.0 -9999.0 -9999.0 -9999.0 -9999.0 -9999.0 -9999.0 -9999.0 -9999.0 -9999.0 -9999.0 -9999.0 -9999.0 -9999.0 -9999.0 -9999.0 -9999.0 -9999.0 -9999.0 -9999.0 -9999.0 -9999.0 -9999.0 -9999.0 -9999.0 -9999.0 -9999.0 -9999.0 -9999.0 -9999.0 -9999.0 -9999.0 -9999.0 -9999.0 -9999.0 -9999.0 -9999.0 -9999.0 -9999.0 -9999.0 -9999.0 -9999.0 -9999.0 -9999.0 -9999.0 -9999.0 -9999.0 -9999.0 -9999.0 -9999.0 -9999.0 -9999.0 -9999.0 -9999.0 -9999.0 -9999.0 -9999.0 -9999.0 -9999.0 -9999.0 -9999.0 -9999.0 -9999.0 -9999.0 -9999.0 -9999.0 -9999.0 -9999.0 -9999.0 -9999.0 -9999.0 -9999.0 -9999.0 -9999.0 -9999.0 -9999.0 -9999.0 -9999.0 -9999.0 -9999.0 -9999.0 -9999.0 -9999.0 -9999.0 -9999.0 -9999.0 -9999.0 -9999.0 -9999.0
-9999.0 -9999.0 0.000000 79.743779 174.030186 269.914551 366.396919 463.120753 559.927660 656.739855 753.516951 850.237452 946.890020 1043.468246 1139.967817 1236.384269 1332.713481 1428.951530 1525.094447 1621.138997 1717.084743 1812.916997 1908.635409 2004.236855 2099.717102 2195.071357 2290.294343 2385.380298 2480.322974 2575.115679 2669.751479 2764.225391 2858.516723 2952.607753 3046.490361 3140.151241 3233.574996 3326.744250 3419.639766 3512.243330 3604.509656 3696.381190 3787.812704 3878.740271 3969.097741 4058.816118 4147.726941 4235.680861 4322.519752 4408.051497 4491.792103 4573.256307 4651.798864 4726.177868 4794.787498 4855.214054 4904.078439 4937.925797 4975.185951 4975.185951 4975.185951 4975.185951 4975.185951 4975.185951 4975.185951 4975.185951 4975.185951 4975.185951 4975.185951 4975.185951 4975.185951 4975.185951 4975.185951 4975.185951 4975.185951 4975.185951 4975.185951 4975.185951 4975.185951 4975.185951 4975.185951 4975.185951 4975.185951 4975.185951 4975.185951 4975.185951 4975.185951 4975.185951 4975.185951 4975.185951 4975.185951 4975.185951 4975.185951 4975.185951 4975.185951 4975.185951 4975.185951 4975.185951 4975.185951 4975.185951 4975.185951 4975.185951 -9999.0 -9999.0
-9999.0 -9999.0 0.000000 79.741464 174.029608 269.914383 366.396866 463.120736 559.927653 656.739853 753.516950 850.237451 946.890020 1043.468246 1139.967817 1236.384269 1332.713481 1428.951531 1525.094447 1621.138998 1717.084743 1812.916998 1908.635410 2004.236855 2099.717102 2195.071358 2290.294343 2385.380300 2480.322975 2575.115680 2669.751479 2764.225393 2858.516724 2952.607754 3046.490362 3140.151242 3233.574996 3326.744250 3419.639766 3512.243330 3604.509655 3696.381189 3787.812703 3878.740270 3969.097740 4058.816117 4147.726941 4235.680860 4322.519752 4408.051497 4491.792103 4573.256307 4651.798864 4726.177868 4794.787498 4855.214054 4904.078439 4937.925797 4975.185951 4975.185951 4975.185951 4975.185951 4975.185951 4975.185951 4975.185951 4975.185951 4975.185951 4975.185951 4975.185951 4975.185951 4975.185951 4975.185951 4975.185951 4975.185951 4975.185951 4975.185951 4975.185951 4975.185951 4975.185951 4975.185951 4975.185951 4975.185951 4975.185951 4975.185951 4975.185951 4975.185951 4975.185951 4975.185951 4975.185951 4975.185951 4975.185951 4975.185951 4975.185951 4975.185951 4975.185951 4975.185951 4975.185951 4975.185951 4975.185951 4975.185951 4975.185951 4975.185951 -9999.0 -9999.0
-9999.0 -9999.0 0.000000 79.740543 174.029243 269.914252 366.396819 463.120719 559.927648 656.739851 753.516949 850.237451 946.890020 1043.468246 1139.967817 1236.384269 1332.713482 1428.951531 1525.094447 1621.138998 1717.084743 1812.916998 1908.635410 2004.236856 2099.717103 2195.071358 2290.294344 2385.380300 2480.322975 2575.115680 2669.751480 2764.225393 2858.516725 2952.607754 3046.490362 3140.151242 3233.574996 3326.744250 3419.639766 3512.243330 3604.509655 3696.381189 3787.812703 3878.740270 3969.097740 4058.816117 4147.726941 4235.680860 4322.519752 4408.051497 4491.792103 4573.256307 4651.798864 4726.177868 4794.787498 4855.214054 4904.078439 4937.925797 4975.185951 4975.185951 4975.185951 4975.185951 4975.185951 4975.185951 4975.185951 4975.185951 4975.185951 4975.185951 4975.185951 4975.185951 4975.185951 4975.185951 4975.185951 4975.185951 4975.185951 4975.185951 4975.185951 4975.185951 4975.185951 4975.185951 4975.185951 4975.185951 4975.185951 4975.185951 4975.185951 4975.185951 4975.185951 4975.185951 4975.185951 4975.185951 4975.185951 4975.185951 4975.185951 4975.185951 4975.185951 4975.185951 4975.185951 4975.185951 4975.185951 4975.185951 4975.185951 4975.185951 -9999.0 -9999.0
-9999.0 -9999.0 0.000000 79.740543 174.029243 269.914252 366.396819 463.120719 559.927648 656.739851 753.516949 850.237451 946.890020 1043.468246 1139.967817 1236.384270 1332.713482 1428.951531 1525.094447 1621.138998 1717.084743 1812.916998 1908.635410 2004.236856 2099.717102 2195.071358 2290.294344 2385.380300 2480.322975 2575.115681 2669.751480 2764.225393 2858.516724 2952.607754 3046.490362 3140.151242 3233.574996 3326.744250 3419.639766 3512.243330 3604.509655 3696.381189 3787.812703 3878.740270 3969.097740 4058.816117 4147.726941 4235.680860 4322.519752 4408.051497 4491.792103 4573.256307 4651.798864 4726.177868 4794.787498 4855.214054 4904.078439 4937.925797 4975.185951 4975.185951 4975.185951 4975.185951 4975.185951 4975.185951 4975.185951 4975.185951 4975.185951 4975.185951 4975.185951 4975.185951 4975.185951 4975.185951 4975.185951 4975.185951 4975.185951 4975.185951 4975.185951 4975.185951 4975.185951 4975.185951 4975.185951 4975.185951 4975.185951 4975.185951 4975.185951 4975.185951 4975.185951 4975.185951 4975.185951 4975.185951 4975.185951 4975.185951 4975.185951 4975.185951 4975.185951 4975.185951 4975.185951 4975.185951 4975.185951 4975.185951 4975.185951 4975.185951 -9999.0 -9999.0
-9999.0 -9999.0 0.000000 79.741464 174.029608 269.914383 366.396866 463.120735 559.927654 656.739853 753.516950 850.237451 946.890020 1043.468246 1139.967817 1236.384269 1332.713481 1428.951531 1525.094447 1621.138998 1717.084743 1812.916998 1908.635410 2004.236855 2099.717102 2195.071357 2290.294343 2385.380299 2480.322975 2575.115680 2669.751480 2764.225392 2858.516724 2952.607754 3046.490362 3140.151241 3233.574996 3326.744250 3419.639766 3512.243330 3604.509655 3696.381189 3787.812703 3878.740270 3969.097740 4058.816117 4147.726941 4235.680860 4322.519752 4408.051497 4491.792103 4573.256307 4651.798864 4726.177868 4794.787498 4855.214054 4904.078439 4937.925797 4975.185951 4975.185951 4975.185951 4975.185951 4975.185951 4975.185951 4975.185951 4975.185951 4975.185951 4975.185951 4975.185951 4975.185951 4975.185951 4975.185951 4975.185951 4975.185951 4975.185951 4975.185951 4975.185951 4975.185951 4975.185951 4975.185951 4975.185951 4975.185951 4975.185951 4975.185951 4975.185951 4975.185951 4975.185951 4975.185951 4975.185951 4975.185951 4975.185951 4975.185951 4975.185951 4975.185951 4975.185951 4975.185951 4975.185951 4975.185951 4975.185951 4975.185951 4975.185951 4975.185951 -9999.0 -9999.0
-9999.0 -9999.0 0.000000 79.743779 174.030186 269.914551 366.396919 463.120753 559.927659 656.739855 753.516951 850.237452 946.890020 1043.468246 1139.967817 1236.384269 1332.713481 1428.951530 1525.094447 1621.138997 1717.084743 1812.916997 1908.635409 2004.236855 2099.717101 2195.071357 2290.294342 2385.380299 2480.322974 2575.115679 2669.751478 2764.225392 2858.516723 2952.607753 3046.490361 3140.151241 3233.574996 3326.744250 3419.639766 3512.243330 3604.509655 3696.381190 3787.812704 3878.740271 3969.097741 4058.816118 4147.726941 4235.680861 4322.519752 4408.051497 4491.792103 4573.256307 4651.798864 4726.177868 4794.787498 4855.214054 4904.078439 4937.925797 4975.185951 4975.185951 4975.185951 4975.185951 4975.185951 4975.185951 4975.185951 4975.185951 4975.185951 4975.185951 4975.185951 4975.185951 4975.185951 4975.185951 4975.185951 4975.185951 4975.185951 4975.185951 4975.185951 4975.185951 4975.185951 4975.185951 4975.185951 4975.185951 4975.185951 4975.185951 4975.185951 4975.185951 4975.185951 4975.185951 4975.185951 4975.185951 4975.185951 4975.185951 4975.185951 4975.185951 4975.185951 4975.185951 4975.185951 4975.185951 4975.185951 4975.185951 4975.185951 4975.185951 -9999.0 -9999.0
-9999.0 -9999.0 -9999.0 -9999.0 -9999.0 -9999.0 -9999.0 -9999.0 -9999.0 -9999.0 -9999.0 -9999.0 -9999.0 -9999.0 -9999.0 -9999.0 -9999.0 -9999.0 -9999.0 -9999.0 -9999.0 -9999.0 -9999.0 -9999.0 -9999.0 -9999.0 -9999.0 -9999.0 -9999.0 -9999.0 -9999.0 -9999.0 -9999.0 -9999.0 -9999.0 -9999.0 -9999.0 -9999.0 -9999.0 -9999.0 -9999.0 -9999.0 -9999.0 -9999.0 -9999.0 -9999.0 -9999.0 -9999.0 -9999.0 -9999.0 -9999.0 -9999.0 -9999.0 -9999.0 -9999.0 -9999.0 -9999.0 -9999.0 -9999.0 -9999.0 -9999.0 -9999.0 -9999.0 -9999.0 -9999.0 -9999.0 -9999.0 -9999.0 -9999.0 -9999.0 -9999.0 -9999.0 -9999.0 -9999.0 -9999.0 -9999.0 -9999.0 -9999.0 -9999.0 -9999.0 -9999.0 -9999.0 -9999.0 -9999.0 -9999.0 -9999.0 -9999.0 -9999.0 -9999.0 -9999.0 -9999.0 -9999.0 -9999.0 -9999.0 -9999.0 -9999.0 -9999.0 -9999.0 -9999.0 -9999.0 -9999.0 -9999.0 -9999.0 -9999.0
-9999.0 -9999.0 -9999.0 -9999.0 -9999.0 -9999.0 -9999.0 -9999.0 -9999.0 -9999.0 -9999.0 -9999.0 -9999.0 -9999.0 -9999.0 -9999.0 -9999.0 -9999.0 -9999.0 -9999.0 -9999.0 -9999.0 -9999.0 -9999.0 -9999.0 -9999.0 -9999.0 -9999.0 -9999.0 -9999.0 -9999.0 -9999.0 -9999.0 -9999.0 -9999.0 -9999.0 -9999.0 -9999.0 -9999.0 -9999.0 -9999.0 -9999.0 -9999.0 -9999.0 -9999.0 -9999.0 -9999.0 -9999.0 -9999.0 -9999.0 -9999.0 -9999.0 -9999.0 -9999.0 -9999.0 -9999.0 -9999.0 -9999.0 -9999.0 -9999.0 -9999.0 -9999.0 -9999.0 -9999.0 -9999.0 -9999.0 -9999.0 -9999.0 -9999.0 -9999.0 -9999.0 -9999.0 -9999.0 -9999.0 -9999.0 -9999.0 -9999.0 -9999.0 -9999.0 -9999.0 -9999.0 -9999.0 -9999.0 -9999.0 -9999.0 -9999.0 -9999.0 -9999.0 -9999.0 -9999.0 -9999.0 -9999.0 -9999.0 -9999.0 -9999.0 -9999.0 -9999.0 -9999.0 -9999.0 -9999.0 -9999.0 -9999.0 -9999.0 -9999.0