inst/processing_geotop_simulation/geotop_simulation/out/maps/wttopN0263.asc
ncols         104
nrows         10
xllcorner     -2.000000
yllcorner     0.000000
cellsize      1.000000
NODATA_value  -9999.0
-9999.0 -9999.0 -9999.0 -9999.0 -9999.0 -9999.0 -9999.0 -9999.0 -9999.0 -9999.0 -9999.0 -9999.0 -9999.0 -9999.0 -9999.0 -9999.0 -9999.0 -9999.0 -9999.0 -9999.0 -9999.0 -9999.0 -9999.0 -9999.0 -9999.0 -9999.0 -9999.0 -9999.0 -9999.0 -9999.0 -9999.0 -9999.0 -9999.0 -9999.0 -9999.0 -9999.0 -9999.0 -9999.0 -9999.0 -9999.0 -9999.0 -9999.0 -9999.0 -9999.0 -9999.0 -9999.0 -9999.0 -9999.0 -9999.0 -9999.0 -9999.0 -9999.0 -9999.0 -9999.0 -9999.0 -9999.0 -9999.0 -9999.0 -9999.0 -9999.0 -9999.0 -9999.0 -9999.0 -9999.0 -9999.0 -9999.0 -9999.0 -9999.0 -9999.0 -9999.0 -9999.0 -9999.0 -9999.0 -9999.0 -9999.0 -9999.0 -9999.0 -9999.0 -9999.0 -9999.0 -9999.0 -9999.0 -9999.0 -9999.0 -9999.0 -9999.0 -9999.0 -9999.0 -9999.0 -9999.0 -9999.0 -9999.0 -9999.0 -9999.0 -9999.0 -9999.0 -9999.0 -9999.0 -9999.0 -9999.0 -9999.0 -9999.0 -9999.0 -9999.0
-9999.0 -9999.0 -9999.0 -9999.0 -9999.0 -9999.0 -9999.0 -9999.0 -9999.0 -9999.0 -9999.0 -9999.0 -9999.0 -9999.0 -9999.0 -9999.0 -9999.0 -9999.0 -9999.0 -9999.0 -9999.0 -9999.0 -9999.0 -9999.0 -9999.0 -9999.0 -9999.0 -9999.0 -9999.0 -9999.0 -9999.0 -9999.0 -9999.0 -9999.0 -9999.0 -9999.0 -9999.0 -9999.0 -9999.0 -9999.0 -9999.0 -9999.0 -9999.0 -9999.0 -9999.0 -9999.0 -9999.0 -9999.0 -9999.0 -9999.0 -9999.0 -9999.0 -9999.0 -9999.0 -9999.0 -9999.0 -9999.0 -9999.0 -9999.0 -9999.0 -9999.0 -9999.0 -9999.0 -9999.0 -9999.0 -9999.0 -9999.0 -9999.0 -9999.0 -9999.0 -9999.0 -9999.0 -9999.0 -9999.0 -9999.0 -9999.0 -9999.0 -9999.0 -9999.0 -9999.0 -9999.0 -9999.0 -9999.0 -9999.0 -9999.0 -9999.0 -9999.0 -9999.0 -9999.0 -9999.0 -9999.0 -9999.0 -9999.0 -9999.0 -9999.0 -9999.0 -9999.0 -9999.0 -9999.0 -9999.0 -9999.0 -9999.0 -9999.0 -9999.0
-9999.0 -9999.0 0.000000 0.000000 190.144603 288.795049 387.684740 486.669830 585.686532 684.703492 783.704344 882.680221 981.626195 1080.539302 1179.417659 1278.259500 1377.062848 1475.825840 1574.546571 1673.222997 1771.852951 1870.434230 1968.964581 2067.441640 2165.862892 2264.225843 2362.526118 2460.760014 2558.923841 2657.013213 2755.023180 2852.948155 2950.781810 3048.516938 3146.145282 3243.657314 3341.041966 3438.286271 3535.374911 3632.289550 3729.007716 3825.500464 3921.728679 4017.641480 4113.177903 4208.260853 4302.783649 4396.572361 4489.405446 4580.938456 4670.616964 4757.506019 4839.434395 4911.993167 4975.185951 4975.185951 4975.185951 4975.185951 4975.185951 4975.185951 4975.185951 4975.185951 4975.185951 4975.185951 4975.185951 4975.185951 4975.185951 4975.185951 4975.185951 4975.185951 4975.185951 4975.185951 4975.185951 4975.185951 4975.185951 4975.185951 4975.185951 4975.185951 4975.185951 4975.185951 4975.185951 4975.185951 4975.185951 4975.185951 4975.185951 4975.185951 4975.185951 4975.185951 4975.185951 4975.185951 4975.185951 4975.185951 4975.185951 4975.185951 4975.185951 4975.185951 4975.185951 4975.185951 4975.185951 4975.185951 4975.185951 4975.185951 -9999.0 -9999.0
-9999.0 -9999.0 0.000000 0.000000 190.144082 288.794898 387.684692 486.669814 585.686526 684.703490 783.704343 882.680221 981.626195 1080.539302 1179.417659 1278.259500 1377.062849 1475.825841 1574.546571 1673.222997 1771.852952 1870.434230 1968.964581 2067.441640 2165.862893 2264.225843 2362.526118 2460.760014 2558.923841 2657.013213 2755.023180 2852.948155 2950.781810 3048.516938 3146.145282 3243.657315 3341.041967 3438.286272 3535.374911 3632.289551 3729.007717 3825.500465 3921.728680 4017.641481 4113.177904 4208.260854 4302.783650 4396.572361 4489.405446 4580.938455 4670.616962 4757.506015 4839.434394 4911.993164 4975.185951 4975.185951 4975.185951 4975.185951 4975.185951 4975.185951 4975.185951 4975.185951 4975.185951 4975.185951 4975.185951 4975.185951 4975.185951 4975.185951 4975.185951 4975.185951 4975.185951 4975.185951 4975.185951 4975.185951 4975.185951 4975.185951 4975.185951 4975.185951 4975.185951 4975.185951 4975.185951 4975.185951 4975.185951 4975.185951 4975.185951 4975.185951 4975.185951 4975.185951 4975.185951 4975.185951 4975.185951 4975.185951 4975.185951 4975.185951 4975.185951 4975.185951 4975.185951 4975.185951 4975.185951 4975.185951 4975.185951 4975.185951 -9999.0 -9999.0
-9999.0 -9999.0 0.000000 0.000000 190.143752 288.794778 387.684650 486.669799 585.686520 684.703488 783.704342 882.680221 981.626194 1080.539302 1179.417659 1278.259501 1377.062849 1475.825841 1574.546572 1673.222998 1771.852952 1870.434230 1968.964581 2067.441640 2165.862893 2264.225844 2362.526118 2460.760014 2558.923841 2657.013213 2755.023180 2852.948155 2950.781810 3048.516938 3146.145282 3243.657315 3341.041967 3438.286272 3535.374912 3632.289551 3729.007718 3825.500465 3921.728680 4017.641481 4113.177905 4208.260855 4302.783650 4396.572361 4489.405446 4580.938454 4670.616960 4757.506014 4839.434391 4911.993163 4975.185951 4975.185951 4975.185951 4975.185951 4975.185951 4975.185951 4975.185951 4975.185951 4975.185951 4975.185951 4975.185951 4975.185951 4975.185951 4975.185951 4975.185951 4975.185951 4975.185951 4975.185951 4975.185951 4975.185951 4975.185951 4975.185951 4975.185951 4975.185951 4975.185951 4975.185951 4975.185951 4975.185951 4975.185951 4975.185951 4975.185951 4975.185951 4975.185951 4975.185951 4975.185951 4975.185951 4975.185951 4975.185951 4975.185951 4975.185951 4975.185951 4975.185951 4975.185951 4975.185951 4975.185951 4975.185951 4975.185951 4975.185951 -9999.0 -9999.0
-9999.0 -9999.0 0.000000 0.000000 190.143752 288.794778 387.684650 486.669799 585.686520 684.703488 783.704342 882.680221 981.626194 1080.539302 1179.417659 1278.259501 1377.062849 1475.825841 1574.546572 1673.222998 1771.852952 1870.434230 1968.964581 2067.441640 2165.862893 2264.225844 2362.526118 2460.760014 2558.923841 2657.013213 2755.023180 2852.948155 2950.781810 3048.516938 3146.145282 3243.657315 3341.041967 3438.286272 3535.374912 3632.289551 3729.007718 3825.500465 3921.728680 4017.641481 4113.177905 4208.260855 4302.783650 4396.572361 4489.405446 4580.938454 4670.616960 4757.506014 4839.434391 4911.993163 4975.185951 4975.185951 4975.185951 4975.185951 4975.185951 4975.185951 4975.185951 4975.185951 4975.185951 4975.185951 4975.185951 4975.185951 4975.185951 4975.185951 4975.185951 4975.185951 4975.185951 4975.185951 4975.185951 4975.185951 4975.185951 4975.185951 4975.185951 4975.185951 4975.185951 4975.185951 4975.185951 4975.185951 4975.185951 4975.185951 4975.185951 4975.185951 4975.185951 4975.185951 4975.185951 4975.185951 4975.185951 4975.185951 4975.185951 4975.185951 4975.185951 4975.185951 4975.185951 4975.185951 4975.185951 4975.185951 4975.185951 4975.185951 -9999.0 -9999.0
-9999.0 -9999.0 0.000000 0.000000 190.144082 288.794898 387.684692 486.669814 585.686526 684.703490 783.704343 882.680221 981.626195 1080.539302 1179.417659 1278.259500 1377.062849 1475.825841 1574.546571 1673.222997 1771.852952 1870.434230 1968.964581 2067.441640 2165.862893 2264.225843 2362.526118 2460.760014 2558.923841 2657.013213 2755.023180 2852.948155 2950.781810 3048.516938 3146.145282 3243.657315 3341.041967 3438.286272 3535.374911 3632.289551 3729.007717 3825.500465 3921.728680 4017.641481 4113.177904 4208.260854 4302.783650 4396.572361 4489.405446 4580.938455 4670.616962 4757.506015 4839.434394 4911.993164 4975.185951 4975.185951 4975.185951 4975.185951 4975.185951 4975.185951 4975.185951 4975.185951 4975.185951 4975.185951 4975.185951 4975.185951 4975.185951 4975.185951 4975.185951 4975.185951 4975.185951 4975.185951 4975.185951 4975.185951 4975.185951 4975.185951 4975.185951 4975.185951 4975.185951 4975.185951 4975.185951 4975.185951 4975.185951 4975.185951 4975.185951 4975.185951 4975.185951 4975.185951 4975.185951 4975.185951 4975.185951 4975.185951 4975.185951 4975.185951 4975.185951 4975.185951 4975.185951 4975.185951 4975.185951 4975.185951 4975.185951 4975.185951 -9999.0 -9999.0
-9999.0 -9999.0 0.000000 0.000000 190.144603 288.795049 387.684740 486.669830 585.686532 684.703492 783.704344 882.680221 981.626195 1080.539302 1179.417659 1278.259500 1377.062848 1475.825840 1574.546571 1673.222997 1771.852951 1870.434230 1968.964580 2067.441640 2165.862892 2264.225843 2362.526118 2460.760014 2558.923841 2657.013213 2755.023180 2852.948155 2950.781810 3048.516938 3146.145282 3243.657314 3341.041966 3438.286271 3535.374911 3632.289550 3729.007716 3825.500464 3921.728679 4017.641480 4113.177903 4208.260853 4302.783649 4396.572361 4489.405446 4580.938456 4670.616964 4757.506019 4839.434395 4911.993167 4975.185951 4975.185951 4975.185951 4975.185951 4975.185951 4975.185951 4975.185951 4975.185951 4975.185951 4975.185951 4975.185951 4975.185951 4975.185951 4975.185951 4975.185951 4975.185951 4975.185951 4975.185951 4975.185951 4975.185951 4975.185951 4975.185951 4975.185951 4975.185951 4975.185951 4975.185951 4975.185951 4975.185951 4975.185951 4975.185951 4975.185951 4975.185951 4975.185951 4975.185951 4975.185951 4975.185951 4975.185951 4975.185951 4975.185951 4975.185951 4975.185951 4975.185951 4975.185951 4975.185951 4975.185951 4975.185951 4975.185951 4975.185951 -9999.0 -9999.0
-9999.0 -9999.0 -9999.0 -9999.0 -9999.0 -9999.0 -9999.0 -9999.0 -9999.0 -9999.0 -9999.0 -9999.0 -9999.0 -9999.0 -9999.0 -9999.0 -9999.0 -9999.0 -9999.0 -9999.0 -9999.0 -9999.0 -9999.0 -9999.0 -9999.0 -9999.0 -9999.0 -9999.0 -9999.0 -9999.0 -9999.0 -9999.0 -9999.0 -9999.0 -9999.0 -9999.0 -9999.0 -9999.0 -9999.0 -9999.0 -9999.0 -9999.0 -9999.0 -9999.0 -9999.0 -9999.0 -9999.0 -9999.0 -9999.0 -9999.0 -9999.0 -9999.0 -9999.0 -9999.0 -9999.0 -9999.0 -9999.0 -9999.0 -9999.0 -9999.0 -9999.0 -9999.0 -9999.0 -9999.0 -9999.0 -9999.0 -9999.0 -9999.0 -9999.0 -9999.0 -9999.0 -9999.0 -9999.0 -9999.0 -9999.0 -9999.0 -9999.0 -9999.0 -9999.0 -9999.0 -9999.0 -9999.0 -9999.0 -9999.0 -9999.0 -9999.0 -9999.0 -9999.0 -9999.0 -9999.0 -9999.0 -9999.0 -9999.0 -9999.0 -9999.0 -9999.0 -9999.0 -9999.0 -9999.0 -9999.0 -9999.0 -9999.0 -9999.0 -9999.0
-9999.0 -9999.0 -9999.0 -9999.0 -9999.0 -9999.0 -9999.0 -9999.0 -9999.0 -9999.0 -9999.0 -9999.0 -9999.0 -9999.0 -9999.0 -9999.0 -9999.0 -9999.0 -9999.0 -9999.0 -9999.0 -9999.0 -9999.0 -9999.0 -9999.0 -9999.0 -9999.0 -9999.0 -9999.0 -9999.0 -9999.0 -9999.0 -9999.0 -9999.0 -9999.0 -9999.0 -9999.0 -9999.0 -9999.0 -9999.0 -9999.0 -9999.0 -9999.0 -9999.0 -9999.0 -9999.0 -9999.0 -9999.0 -9999.0 -9999.0 -9999.0 -9999.0 -9999.0 -9999.0 -9999.0 -9999.0 -9999.0 -9999.0 -9999.0 -9999.0 -9999.0 -9999.0 -9999.0 -9999.0 -9999.0 -9999.0 -9999.0 -9999.0 -9999.0 -9999.0 -9999.0 -9999.0 -9999.0 -9999.0 -9999.0 -9999.0 -9999.0 -9999.0 -9999.0 -9999.0 -9999.0 -9999.0 -9999.0 -9999.0 -9999.0 -9999.0 -9999.0 -9999.0 -9999.0 -9999.0 -9999.0 -9999.0 -9999.0 -9999.0 -9999.0 -9999.0 -9999.0 -9999.0 -9999.0 -9999.0 -9999.0 -9999.0 -9999.0 -9999.0