inst/processing_geotop_simulation/geotop_simulation/out/maps/wttopN0180.asc
ncols         104
nrows         10
xllcorner     -2.000000
yllcorner     0.000000
cellsize      1.000000
NODATA_value  -9999.0
-9999.0 -9999.0 -9999.0 -9999.0 -9999.0 -9999.0 -9999.0 -9999.0 -9999.0 -9999.0 -9999.0 -9999.0 -9999.0 -9999.0 -9999.0 -9999.0 -9999.0 -9999.0 -9999.0 -9999.0 -9999.0 -9999.0 -9999.0 -9999.0 -9999.0 -9999.0 -9999.0 -9999.0 -9999.0 -9999.0 -9999.0 -9999.0 -9999.0 -9999.0 -9999.0 -9999.0 -9999.0 -9999.0 -9999.0 -9999.0 -9999.0 -9999.0 -9999.0 -9999.0 -9999.0 -9999.0 -9999.0 -9999.0 -9999.0 -9999.0 -9999.0 -9999.0 -9999.0 -9999.0 -9999.0 -9999.0 -9999.0 -9999.0 -9999.0 -9999.0 -9999.0 -9999.0 -9999.0 -9999.0 -9999.0 -9999.0 -9999.0 -9999.0 -9999.0 -9999.0 -9999.0 -9999.0 -9999.0 -9999.0 -9999.0 -9999.0 -9999.0 -9999.0 -9999.0 -9999.0 -9999.0 -9999.0 -9999.0 -9999.0 -9999.0 -9999.0 -9999.0 -9999.0 -9999.0 -9999.0 -9999.0 -9999.0 -9999.0 -9999.0 -9999.0 -9999.0 -9999.0 -9999.0 -9999.0 -9999.0 -9999.0 -9999.0 -9999.0 -9999.0
-9999.0 -9999.0 -9999.0 -9999.0 -9999.0 -9999.0 -9999.0 -9999.0 -9999.0 -9999.0 -9999.0 -9999.0 -9999.0 -9999.0 -9999.0 -9999.0 -9999.0 -9999.0 -9999.0 -9999.0 -9999.0 -9999.0 -9999.0 -9999.0 -9999.0 -9999.0 -9999.0 -9999.0 -9999.0 -9999.0 -9999.0 -9999.0 -9999.0 -9999.0 -9999.0 -9999.0 -9999.0 -9999.0 -9999.0 -9999.0 -9999.0 -9999.0 -9999.0 -9999.0 -9999.0 -9999.0 -9999.0 -9999.0 -9999.0 -9999.0 -9999.0 -9999.0 -9999.0 -9999.0 -9999.0 -9999.0 -9999.0 -9999.0 -9999.0 -9999.0 -9999.0 -9999.0 -9999.0 -9999.0 -9999.0 -9999.0 -9999.0 -9999.0 -9999.0 -9999.0 -9999.0 -9999.0 -9999.0 -9999.0 -9999.0 -9999.0 -9999.0 -9999.0 -9999.0 -9999.0 -9999.0 -9999.0 -9999.0 -9999.0 -9999.0 -9999.0 -9999.0 -9999.0 -9999.0 -9999.0 -9999.0 -9999.0 -9999.0 -9999.0 -9999.0 -9999.0 -9999.0 -9999.0 -9999.0 -9999.0 -9999.0 -9999.0 -9999.0 -9999.0
-9999.0 -9999.0 0.000000 0.000000 178.898554 275.624671 372.840830 470.251541 567.729032 665.209835 762.660857 860.064404 957.411029 1054.695402 1151.914292 1249.064440 1346.142330 1443.144660 1540.067925 1636.908573 1733.663412 1830.329469 1926.903614 2023.382462 2119.762488 2216.040956 2312.208941 2408.257494 2504.182876 2599.978879 2695.638386 2791.153437 2886.515151 2981.713601 3076.737644 3171.574763 3266.211145 3360.633893 3454.807512 3548.704575 3642.299472 3735.556013 3828.424517 3920.843506 4012.747491 4104.050601 4194.587027 4284.223943 4372.775325 4460.002742 4545.438531 4628.405687 4708.133242 4782.702395 4850.090839 4905.879127 4945.863230 4975.185951 4975.185951 4975.185951 4975.185951 4975.185951 4975.185951 4975.185951 4975.185951 4975.185951 4975.185951 4975.185951 4975.185951 4975.185951 4975.185951 4975.185951 4975.185951 4975.185951 4975.185951 4975.185951 4975.185951 4975.185951 4975.185951 4975.185951 4975.185951 4975.185951 4975.185951 4975.185951 4975.185951 4975.185951 4975.185951 4975.185951 4975.185951 4975.185951 4975.185951 4975.185951 4975.185951 4975.185951 4975.185951 4975.185951 4975.185951 4975.185951 4975.185951 4975.185951 4975.185951 4975.185951 -9999.0 -9999.0
-9999.0 -9999.0 0.000000 0.000000 178.897988 275.624507 372.840778 470.251523 567.729026 665.209833 762.660857 860.064404 957.411029 1054.695402 1151.914292 1249.064440 1346.142331 1443.144660 1540.067925 1636.908574 1733.663412 1830.329470 1926.903614 2023.382463 2119.762488 2216.040957 2312.208942 2408.257495 2504.182876 2599.978880 2695.638387 2791.153438 2886.515152 2981.713602 3076.737645 3171.574764 3266.211146 3360.633894 3454.807512 3548.704575 3642.299472 3735.556012 3828.424516 3920.843505 4012.747490 4104.050600 4194.587026 4284.223942 4372.775325 4460.002742 4545.438531 4628.405687 4708.133242 4782.702395 4850.090839 4905.879127 4945.863230 4975.185951 4975.185951 4975.185951 4975.185951 4975.185951 4975.185951 4975.185951 4975.185951 4975.185951 4975.185951 4975.185951 4975.185951 4975.185951 4975.185951 4975.185951 4975.185951 4975.185951 4975.185951 4975.185951 4975.185951 4975.185951 4975.185951 4975.185951 4975.185951 4975.185951 4975.185951 4975.185951 4975.185951 4975.185951 4975.185951 4975.185951 4975.185951 4975.185951 4975.185951 4975.185951 4975.185951 4975.185951 4975.185951 4975.185951 4975.185951 4975.185951 4975.185951 4975.185951 4975.185951 4975.185951 -9999.0 -9999.0
-9999.0 -9999.0 0.000000 0.000000 178.897631 275.624378 372.840733 470.251508 567.729021 665.209831 762.660856 860.064404 957.411029 1054.695402 1151.914292 1249.064440 1346.142331 1443.144660 1540.067926 1636.908574 1733.663412 1830.329470 1926.903615 2023.382463 2119.762489 2216.040957 2312.208942 2408.257496 2504.182877 2599.978880 2695.638388 2791.153438 2886.515153 2981.713602 3076.737645 3171.574765 3266.211146 3360.633894 3454.807513 3548.704575 3642.299472 3735.556012 3828.424516 3920.843504 4012.747489 4104.050599 4194.587025 4284.223942 4372.775324 4460.002742 4545.438531 4628.405687 4708.133242 4782.702395 4850.090839 4905.879127 4945.863230 4975.185951 4975.185951 4975.185951 4975.185951 4975.185951 4975.185951 4975.185951 4975.185951 4975.185951 4975.185951 4975.185951 4975.185951 4975.185951 4975.185951 4975.185951 4975.185951 4975.185951 4975.185951 4975.185951 4975.185951 4975.185951 4975.185951 4975.185951 4975.185951 4975.185951 4975.185951 4975.185951 4975.185951 4975.185951 4975.185951 4975.185951 4975.185951 4975.185951 4975.185951 4975.185951 4975.185951 4975.185951 4975.185951 4975.185951 4975.185951 4975.185951 4975.185951 4975.185951 4975.185951 4975.185951 -9999.0 -9999.0
-9999.0 -9999.0 0.000000 0.000000 178.897631 275.624378 372.840733 470.251507 567.729021 665.209831 762.660856 860.064404 957.411029 1054.695402 1151.914292 1249.064440 1346.142331 1443.144660 1540.067926 1636.908574 1733.663412 1830.329470 1926.903615 2023.382463 2119.762489 2216.040957 2312.208942 2408.257496 2504.182877 2599.978881 2695.638388 2791.153438 2886.515153 2981.713602 3076.737645 3171.574765 3266.211146 3360.633894 3454.807513 3548.704575 3642.299472 3735.556012 3828.424516 3920.843504 4012.747489 4104.050599 4194.587025 4284.223942 4372.775324 4460.002742 4545.438531 4628.405687 4708.133242 4782.702395 4850.090839 4905.879127 4945.863230 4975.185951 4975.185951 4975.185951 4975.185951 4975.185951 4975.185951 4975.185951 4975.185951 4975.185951 4975.185951 4975.185951 4975.185951 4975.185951 4975.185951 4975.185951 4975.185951 4975.185951 4975.185951 4975.185951 4975.185951 4975.185951 4975.185951 4975.185951 4975.185951 4975.185951 4975.185951 4975.185951 4975.185951 4975.185951 4975.185951 4975.185951 4975.185951 4975.185951 4975.185951 4975.185951 4975.185951 4975.185951 4975.185951 4975.185951 4975.185951 4975.185951 4975.185951 4975.185951 4975.185951 4975.185951 -9999.0 -9999.0
-9999.0 -9999.0 0.000000 0.000000 178.897988 275.624507 372.840778 470.251524 567.729026 665.209833 762.660857 860.064404 957.411029 1054.695402 1151.914292 1249.064440 1346.142331 1443.144660 1540.067926 1636.908573 1733.663412 1830.329470 1926.903615 2023.382462 2119.762489 2216.040956 2312.208942 2408.257495 2504.182877 2599.978880 2695.638387 2791.153438 2886.515152 2981.713602 3076.737645 3171.574764 3266.211146 3360.633894 3454.807513 3548.704575 3642.299472 3735.556012 3828.424516 3920.843505 4012.747490 4104.050600 4194.587026 4284.223942 4372.775325 4460.002742 4545.438531 4628.405687 4708.133242 4782.702395 4850.090839 4905.879127 4945.863230 4975.185951 4975.185951 4975.185951 4975.185951 4975.185951 4975.185951 4975.185951 4975.185951 4975.185951 4975.185951 4975.185951 4975.185951 4975.185951 4975.185951 4975.185951 4975.185951 4975.185951 4975.185951 4975.185951 4975.185951 4975.185951 4975.185951 4975.185951 4975.185951 4975.185951 4975.185951 4975.185951 4975.185951 4975.185951 4975.185951 4975.185951 4975.185951 4975.185951 4975.185951 4975.185951 4975.185951 4975.185951 4975.185951 4975.185951 4975.185951 4975.185951 4975.185951 4975.185951 4975.185951 4975.185951 -9999.0 -9999.0
-9999.0 -9999.0 0.000000 0.000000 178.898554 275.624671 372.840830 470.251541 567.729032 665.209835 762.660857 860.064404 957.411029 1054.695402 1151.914292 1249.064440 1346.142330 1443.144660 1540.067925 1636.908573 1733.663412 1830.329469 1926.903614 2023.382462 2119.762488 2216.040956 2312.208941 2408.257495 2504.182876 2599.978879 2695.638386 2791.153437 2886.515151 2981.713601 3076.737644 3171.574763 3266.211145 3360.633893 3454.807512 3548.704575 3642.299472 3735.556013 3828.424517 3920.843506 4012.747491 4104.050601 4194.587027 4284.223943 4372.775325 4460.002742 4545.438531 4628.405687 4708.133242 4782.702395 4850.090839 4905.879127 4945.863230 4975.185951 4975.185951 4975.185951 4975.185951 4975.185951 4975.185951 4975.185951 4975.185951 4975.185951 4975.185951 4975.185951 4975.185951 4975.185951 4975.185951 4975.185951 4975.185951 4975.185951 4975.185951 4975.185951 4975.185951 4975.185951 4975.185951 4975.185951 4975.185951 4975.185951 4975.185951 4975.185951 4975.185951 4975.185951 4975.185951 4975.185951 4975.185951 4975.185951 4975.185951 4975.185951 4975.185951 4975.185951 4975.185951 4975.185951 4975.185951 4975.185951 4975.185951 4975.185951 4975.185951 4975.185951 -9999.0 -9999.0
-9999.0 -9999.0 -9999.0 -9999.0 -9999.0 -9999.0 -9999.0 -9999.0 -9999.0 -9999.0 -9999.0 -9999.0 -9999.0 -9999.0 -9999.0 -9999.0 -9999.0 -9999.0 -9999.0 -9999.0 -9999.0 -9999.0 -9999.0 -9999.0 -9999.0 -9999.0 -9999.0 -9999.0 -9999.0 -9999.0 -9999.0 -9999.0 -9999.0 -9999.0 -9999.0 -9999.0 -9999.0 -9999.0 -9999.0 -9999.0 -9999.0 -9999.0 -9999.0 -9999.0 -9999.0 -9999.0 -9999.0 -9999.0 -9999.0 -9999.0 -9999.0 -9999.0 -9999.0 -9999.0 -9999.0 -9999.0 -9999.0 -9999.0 -9999.0 -9999.0 -9999.0 -9999.0 -9999.0 -9999.0 -9999.0 -9999.0 -9999.0 -9999.0 -9999.0 -9999.0 -9999.0 -9999.0 -9999.0 -9999.0 -9999.0 -9999.0 -9999.0 -9999.0 -9999.0 -9999.0 -9999.0 -9999.0 -9999.0 -9999.0 -9999.0 -9999.0 -9999.0 -9999.0 -9999.0 -9999.0 -9999.0 -9999.0 -9999.0 -9999.0 -9999.0 -9999.0 -9999.0 -9999.0 -9999.0 -9999.0 -9999.0 -9999.0 -9999.0 -9999.0
-9999.0 -9999.0 -9999.0 -9999.0 -9999.0 -9999.0 -9999.0 -9999.0 -9999.0 -9999.0 -9999.0 -9999.0 -9999.0 -9999.0 -9999.0 -9999.0 -9999.0 -9999.0 -9999.0 -9999.0 -9999.0 -9999.0 -9999.0 -9999.0 -9999.0 -9999.0 -9999.0 -9999.0 -9999.0 -9999.0 -9999.0 -9999.0 -9999.0 -9999.0 -9999.0 -9999.0 -9999.0 -9999.0 -9999.0 -9999.0 -9999.0 -9999.0 -9999.0 -9999.0 -9999.0 -9999.0 -9999.0 -9999.0 -9999.0 -9999.0 -9999.0 -9999.0 -9999.0 -9999.0 -9999.0 -9999.0 -9999.0 -9999.0 -9999.0 -9999.0 -9999.0 -9999.0 -9999.0 -9999.0 -9999.0 -9999.0 -9999.0 -9999.0 -9999.0 -9999.0 -9999.0 -9999.0 -9999.0 -9999.0 -9999.0 -9999.0 -9999.0 -9999.0 -9999.0 -9999.0 -9999.0 -9999.0 -9999.0 -9999.0 -9999.0 -9999.0 -9999.0 -9999.0 -9999.0 -9999.0 -9999.0 -9999.0 -9999.0 -9999.0 -9999.0 -9999.0 -9999.0 -9999.0 -9999.0 -9999.0 -9999.0 -9999.0 -9999.0 -9999.0