inst/processing_geotop_simulation/geotop_simulation/out/maps/wttopN0028.asc
ncols         104
nrows         10
xllcorner     -2.000000
yllcorner     0.000000
cellsize      1.000000
NODATA_value  -9999.0
-9999.0 -9999.0 -9999.0 -9999.0 -9999.0 -9999.0 -9999.0 -9999.0 -9999.0 -9999.0 -9999.0 -9999.0 -9999.0 -9999.0 -9999.0 -9999.0 -9999.0 -9999.0 -9999.0 -9999.0 -9999.0 -9999.0 -9999.0 -9999.0 -9999.0 -9999.0 -9999.0 -9999.0 -9999.0 -9999.0 -9999.0 -9999.0 -9999.0 -9999.0 -9999.0 -9999.0 -9999.0 -9999.0 -9999.0 -9999.0 -9999.0 -9999.0 -9999.0 -9999.0 -9999.0 -9999.0 -9999.0 -9999.0 -9999.0 -9999.0 -9999.0 -9999.0 -9999.0 -9999.0 -9999.0 -9999.0 -9999.0 -9999.0 -9999.0 -9999.0 -9999.0 -9999.0 -9999.0 -9999.0 -9999.0 -9999.0 -9999.0 -9999.0 -9999.0 -9999.0 -9999.0 -9999.0 -9999.0 -9999.0 -9999.0 -9999.0 -9999.0 -9999.0 -9999.0 -9999.0 -9999.0 -9999.0 -9999.0 -9999.0 -9999.0 -9999.0 -9999.0 -9999.0 -9999.0 -9999.0 -9999.0 -9999.0 -9999.0 -9999.0 -9999.0 -9999.0 -9999.0 -9999.0 -9999.0 -9999.0 -9999.0 -9999.0 -9999.0 -9999.0
-9999.0 -9999.0 -9999.0 -9999.0 -9999.0 -9999.0 -9999.0 -9999.0 -9999.0 -9999.0 -9999.0 -9999.0 -9999.0 -9999.0 -9999.0 -9999.0 -9999.0 -9999.0 -9999.0 -9999.0 -9999.0 -9999.0 -9999.0 -9999.0 -9999.0 -9999.0 -9999.0 -9999.0 -9999.0 -9999.0 -9999.0 -9999.0 -9999.0 -9999.0 -9999.0 -9999.0 -9999.0 -9999.0 -9999.0 -9999.0 -9999.0 -9999.0 -9999.0 -9999.0 -9999.0 -9999.0 -9999.0 -9999.0 -9999.0 -9999.0 -9999.0 -9999.0 -9999.0 -9999.0 -9999.0 -9999.0 -9999.0 -9999.0 -9999.0 -9999.0 -9999.0 -9999.0 -9999.0 -9999.0 -9999.0 -9999.0 -9999.0 -9999.0 -9999.0 -9999.0 -9999.0 -9999.0 -9999.0 -9999.0 -9999.0 -9999.0 -9999.0 -9999.0 -9999.0 -9999.0 -9999.0 -9999.0 -9999.0 -9999.0 -9999.0 -9999.0 -9999.0 -9999.0 -9999.0 -9999.0 -9999.0 -9999.0 -9999.0 -9999.0 -9999.0 -9999.0 -9999.0 -9999.0 -9999.0 -9999.0 -9999.0 -9999.0 -9999.0 -9999.0
-9999.0 -9999.0 138.664899 238.971520 341.694309 446.585066 552.797769 659.735230 767.379885 876.387772 990.003154 1099.724271 1206.976092 1312.413983 1416.101452 0.000000 0.000000 128.357387 168.078950 215.783499 271.548807 335.527109 407.125240 485.255437 567.987286 653.891259 742.015233 831.557199 921.852245 1012.519388 1103.387433 1194.282952 1285.078669 1375.715456 1466.190246 1556.932194 1648.911454 1743.867755 1845.282819 1957.639985 2076.680046 2204.068148 2341.064536 2487.492380 4975.185951 4975.185951 1919.823097 1884.011759 1859.200064 1843.127255 1830.846555 1821.651020 1815.054829 1810.750619 1808.570173 1808.468330 1810.269865 1814.234871 1820.655041 1829.817111 1841.843008 1856.801309 1873.266834 1889.974193 1911.107816 1934.796984 1959.560320 1983.820233 2006.815627 2029.556637 2053.092044 2078.385085 2104.748875 2132.620662 2161.684493 2191.564436 2222.581004 2254.180165 2286.278430 2319.206919 2352.447347 2385.923446 2420.005567 2454.414168 2488.794451 2523.584873 2559.021441 2594.052773 2629.181037 2664.997710 2700.357226 2734.781843 4975.185951 4975.185951 4975.185951 4975.185951 4975.185951 4975.185951 4975.185951 4975.185951 4975.185951 4975.185951 -9999.0 -9999.0
-9999.0 -9999.0 138.468800 238.925127 341.680444 446.580582 552.796184 659.734653 767.379666 876.387687 990.003122 1099.724259 1206.976087 1312.413981 1416.101452 0.000000 0.000000 128.357386 168.078950 215.783499 271.548807 335.527109 407.125240 485.255437 567.987286 653.891259 742.015233 831.557199 921.852245 1012.519388 1103.387433 1194.282952 1285.078669 1375.715456 1466.190246 1556.932194 1648.911454 1743.867755 1845.282820 1957.639986 2076.680046 2204.068148 2341.064536 2487.492380 4975.185951 4975.185951 1919.823097 1884.011759 1859.200064 1843.127254 1830.846555 1821.651019 1815.054829 1810.750619 1808.570174 1808.468330 1810.269865 1814.234871 1820.655041 1829.817112 1841.843008 1856.801309 1873.266835 1889.974193 1911.107816 1934.796984 1959.560321 1983.820233 2006.815627 2029.556637 2053.092044 2078.385084 2104.748874 2132.620661 2161.684493 2191.564436 2222.581003 2254.180164 2286.278430 2319.206919 2352.447347 2385.923445 2420.005567 2454.414167 2488.794451 2523.584873 2559.021441 2594.052773 2629.181037 2664.997710 2700.357226 2734.781843 4975.185951 4975.185951 4975.185951 4975.185951 4975.185951 4975.185951 4975.185951 4975.185951 4975.185951 4975.185951 -9999.0 -9999.0
-9999.0 -9999.0 138.402685 238.898331 341.670094 446.576741 552.794725 659.734100 767.379452 876.387604 990.003089 1099.724246 1206.976082 1312.413979 1416.101451 0.000000 0.000000 128.357386 168.078950 215.783499 271.548807 335.527109 407.125240 485.255437 567.987286 653.891259 742.015233 831.557199 921.852245 1012.519388 1103.387433 1194.282952 1285.078669 1375.715456 1466.190246 1556.932194 1648.911454 1743.867755 1845.282820 1957.639986 2076.680046 2204.068148 2341.064536 2487.492380 4975.185951 4975.185951 1919.823097 1884.011759 1859.200064 1843.127254 1830.846555 1821.651019 1815.054829 1810.750619 1808.570174 1808.468330 1810.269865 1814.234871 1820.655042 1829.817112 1841.843009 1856.801310 1873.266835 1889.974193 1911.107816 1934.796984 1959.560321 1983.820233 2006.815627 2029.556637 2053.092044 2078.385084 2104.748874 2132.620661 2161.684493 2191.564436 2222.581003 2254.180164 2286.278430 2319.206919 2352.447346 2385.923445 2420.005566 2454.414167 2488.794451 2523.584873 2559.021441 2594.052773 2629.181037 2664.997709 2700.357226 2734.781843 4975.185951 4975.185951 4975.185951 4975.185951 4975.185951 4975.185951 4975.185951 4975.185951 4975.185951 4975.185951 -9999.0 -9999.0
-9999.0 -9999.0 138.402685 238.898331 341.670094 446.576741 552.794725 659.734100 767.379452 876.387604 990.003089 1099.724246 1206.976082 1312.413979 1416.101451 0.000000 0.000000 128.357386 168.078950 215.783499 271.548807 335.527109 407.125240 485.255437 567.987286 653.891259 742.015233 831.557199 921.852245 1012.519388 1103.387433 1194.282952 1285.078669 1375.715456 1466.190246 1556.932194 1648.911454 1743.867755 1845.282820 1957.639986 2076.680046 2204.068148 2341.064536 2487.492380 4975.185951 4975.185951 1919.823097 1884.011759 1859.200064 1843.127254 1830.846555 1821.651019 1815.054829 1810.750619 1808.570174 1808.468330 1810.269865 1814.234871 1820.655042 1829.817112 1841.843009 1856.801310 1873.266835 1889.974193 1911.107816 1934.796984 1959.560321 1983.820233 2006.815627 2029.556637 2053.092044 2078.385084 2104.748874 2132.620661 2161.684493 2191.564436 2222.581003 2254.180164 2286.278430 2319.206919 2352.447346 2385.923445 2420.005566 2454.414167 2488.794451 2523.584873 2559.021441 2594.052773 2629.181037 2664.997709 2700.357226 2734.781843 4975.185951 4975.185951 4975.185951 4975.185951 4975.185951 4975.185951 4975.185951 4975.185951 4975.185951 4975.185951 -9999.0 -9999.0
-9999.0 -9999.0 138.468800 238.925127 341.680444 446.580582 552.796184 659.734653 767.379666 876.387687 990.003122 1099.724259 1206.976087 1312.413981 1416.101452 0.000000 0.000000 128.357386 168.078950 215.783499 271.548807 335.527109 407.125240 485.255437 567.987286 653.891259 742.015233 831.557199 921.852245 1012.519388 1103.387433 1194.282952 1285.078669 1375.715456 1466.190246 1556.932194 1648.911454 1743.867755 1845.282820 1957.639986 2076.680046 2204.068148 2341.064536 2487.492380 4975.185951 4975.185951 1919.823097 1884.011759 1859.200064 1843.127254 1830.846555 1821.651019 1815.054829 1810.750619 1808.570174 1808.468330 1810.269865 1814.234871 1820.655041 1829.817112 1841.843008 1856.801309 1873.266835 1889.974193 1911.107816 1934.796984 1959.560321 1983.820233 2006.815627 2029.556637 2053.092044 2078.385084 2104.748874 2132.620661 2161.684493 2191.564436 2222.581003 2254.180164 2286.278430 2319.206919 2352.447347 2385.923445 2420.005567 2454.414167 2488.794451 2523.584873 2559.021441 2594.052773 2629.181037 2664.997710 2700.357226 2734.781843 4975.185951 4975.185951 4975.185951 4975.185951 4975.185951 4975.185951 4975.185951 4975.185951 4975.185951 4975.185951 -9999.0 -9999.0
-9999.0 -9999.0 138.664900 238.971520 341.694309 446.585066 552.797769 659.735230 767.379885 876.387772 990.003154 1099.724271 1206.976092 1312.413983 1416.101452 0.000000 0.000000 128.357387 168.078950 215.783499 271.548807 335.527109 407.125240 485.255437 567.987286 653.891259 742.015233 831.557199 921.852245 1012.519388 1103.387433 1194.282952 1285.078669 1375.715456 1466.190246 1556.932194 1648.911454 1743.867755 1845.282819 1957.639985 2076.680046 2204.068148 2341.064536 2487.492380 4975.185951 4975.185951 1919.823097 1884.011759 1859.200064 1843.127255 1830.846555 1821.651020 1815.054829 1810.750619 1808.570173 1808.468330 1810.269865 1814.234871 1820.655041 1829.817111 1841.843008 1856.801309 1873.266834 1889.974193 1911.107815 1934.796984 1959.560320 1983.820233 2006.815627 2029.556637 2053.092044 2078.385085 2104.748875 2132.620662 2161.684493 2191.564436 2222.581004 2254.180165 2286.278430 2319.206919 2352.447347 2385.923446 2420.005567 2454.414168 2488.794451 2523.584873 2559.021441 2594.052773 2629.181037 2664.997710 2700.357226 2734.781843 4975.185951 4975.185951 4975.185951 4975.185951 4975.185951 4975.185951 4975.185951 4975.185951 4975.185951 4975.185951 -9999.0 -9999.0
-9999.0 -9999.0 -9999.0 -9999.0 -9999.0 -9999.0 -9999.0 -9999.0 -9999.0 -9999.0 -9999.0 -9999.0 -9999.0 -9999.0 -9999.0 -9999.0 -9999.0 -9999.0 -9999.0 -9999.0 -9999.0 -9999.0 -9999.0 -9999.0 -9999.0 -9999.0 -9999.0 -9999.0 -9999.0 -9999.0 -9999.0 -9999.0 -9999.0 -9999.0 -9999.0 -9999.0 -9999.0 -9999.0 -9999.0 -9999.0 -9999.0 -9999.0 -9999.0 -9999.0 -9999.0 -9999.0 -9999.0 -9999.0 -9999.0 -9999.0 -9999.0 -9999.0 -9999.0 -9999.0 -9999.0 -9999.0 -9999.0 -9999.0 -9999.0 -9999.0 -9999.0 -9999.0 -9999.0 -9999.0 -9999.0 -9999.0 -9999.0 -9999.0 -9999.0 -9999.0 -9999.0 -9999.0 -9999.0 -9999.0 -9999.0 -9999.0 -9999.0 -9999.0 -9999.0 -9999.0 -9999.0 -9999.0 -9999.0 -9999.0 -9999.0 -9999.0 -9999.0 -9999.0 -9999.0 -9999.0 -9999.0 -9999.0 -9999.0 -9999.0 -9999.0 -9999.0 -9999.0 -9999.0 -9999.0 -9999.0 -9999.0 -9999.0 -9999.0 -9999.0
-9999.0 -9999.0 -9999.0 -9999.0 -9999.0 -9999.0 -9999.0 -9999.0 -9999.0 -9999.0 -9999.0 -9999.0 -9999.0 -9999.0 -9999.0 -9999.0 -9999.0 -9999.0 -9999.0 -9999.0 -9999.0 -9999.0 -9999.0 -9999.0 -9999.0 -9999.0 -9999.0 -9999.0 -9999.0 -9999.0 -9999.0 -9999.0 -9999.0 -9999.0 -9999.0 -9999.0 -9999.0 -9999.0 -9999.0 -9999.0 -9999.0 -9999.0 -9999.0 -9999.0 -9999.0 -9999.0 -9999.0 -9999.0 -9999.0 -9999.0 -9999.0 -9999.0 -9999.0 -9999.0 -9999.0 -9999.0 -9999.0 -9999.0 -9999.0 -9999.0 -9999.0 -9999.0 -9999.0 -9999.0 -9999.0 -9999.0 -9999.0 -9999.0 -9999.0 -9999.0 -9999.0 -9999.0 -9999.0 -9999.0 -9999.0 -9999.0 -9999.0 -9999.0 -9999.0 -9999.0 -9999.0 -9999.0 -9999.0 -9999.0 -9999.0 -9999.0 -9999.0 -9999.0 -9999.0 -9999.0 -9999.0 -9999.0 -9999.0 -9999.0 -9999.0 -9999.0 -9999.0 -9999.0 -9999.0 -9999.0 -9999.0 -9999.0 -9999.0 -9999.0