inst/processing_geotop_simulation/geotop_simulation/out/maps/wttopN0144.asc
ncols         104
nrows         10
xllcorner     -2.000000
yllcorner     0.000000
cellsize      1.000000
NODATA_value  -9999.0
-9999.0 -9999.0 -9999.0 -9999.0 -9999.0 -9999.0 -9999.0 -9999.0 -9999.0 -9999.0 -9999.0 -9999.0 -9999.0 -9999.0 -9999.0 -9999.0 -9999.0 -9999.0 -9999.0 -9999.0 -9999.0 -9999.0 -9999.0 -9999.0 -9999.0 -9999.0 -9999.0 -9999.0 -9999.0 -9999.0 -9999.0 -9999.0 -9999.0 -9999.0 -9999.0 -9999.0 -9999.0 -9999.0 -9999.0 -9999.0 -9999.0 -9999.0 -9999.0 -9999.0 -9999.0 -9999.0 -9999.0 -9999.0 -9999.0 -9999.0 -9999.0 -9999.0 -9999.0 -9999.0 -9999.0 -9999.0 -9999.0 -9999.0 -9999.0 -9999.0 -9999.0 -9999.0 -9999.0 -9999.0 -9999.0 -9999.0 -9999.0 -9999.0 -9999.0 -9999.0 -9999.0 -9999.0 -9999.0 -9999.0 -9999.0 -9999.0 -9999.0 -9999.0 -9999.0 -9999.0 -9999.0 -9999.0 -9999.0 -9999.0 -9999.0 -9999.0 -9999.0 -9999.0 -9999.0 -9999.0 -9999.0 -9999.0 -9999.0 -9999.0 -9999.0 -9999.0 -9999.0 -9999.0 -9999.0 -9999.0 -9999.0 -9999.0 -9999.0 -9999.0
-9999.0 -9999.0 -9999.0 -9999.0 -9999.0 -9999.0 -9999.0 -9999.0 -9999.0 -9999.0 -9999.0 -9999.0 -9999.0 -9999.0 -9999.0 -9999.0 -9999.0 -9999.0 -9999.0 -9999.0 -9999.0 -9999.0 -9999.0 -9999.0 -9999.0 -9999.0 -9999.0 -9999.0 -9999.0 -9999.0 -9999.0 -9999.0 -9999.0 -9999.0 -9999.0 -9999.0 -9999.0 -9999.0 -9999.0 -9999.0 -9999.0 -9999.0 -9999.0 -9999.0 -9999.0 -9999.0 -9999.0 -9999.0 -9999.0 -9999.0 -9999.0 -9999.0 -9999.0 -9999.0 -9999.0 -9999.0 -9999.0 -9999.0 -9999.0 -9999.0 -9999.0 -9999.0 -9999.0 -9999.0 -9999.0 -9999.0 -9999.0 -9999.0 -9999.0 -9999.0 -9999.0 -9999.0 -9999.0 -9999.0 -9999.0 -9999.0 -9999.0 -9999.0 -9999.0 -9999.0 -9999.0 -9999.0 -9999.0 -9999.0 -9999.0 -9999.0 -9999.0 -9999.0 -9999.0 -9999.0 -9999.0 -9999.0 -9999.0 -9999.0 -9999.0 -9999.0 -9999.0 -9999.0 -9999.0 -9999.0 -9999.0 -9999.0 -9999.0 -9999.0
-9999.0 -9999.0 0.000000 0.000000 169.440800 264.533401 360.327377 456.404828 552.580216 648.762505 744.904546 840.981374 936.979862 1032.892419 1128.712731 1224.434939 1320.057113 1415.565605 1510.954394 1606.221838 1701.364921 1796.380211 1891.263795 1986.011354 2080.618236 2175.079629 2269.391349 2363.550968 2457.527751 2551.322036 2644.926495 2738.332193 2831.529248 2924.507089 3017.255848 3109.765631 3201.981404 3293.896678 3385.491820 3476.743822 3567.627202 3658.119909 3748.094167 3837.499830 3926.273018 4014.346544 4101.597595 4187.820594 4272.891861 4356.664657 4438.632973 4518.477730 4595.636270 4669.145439 4737.874323 4800.454658 4854.435122 4897.259258 4926.965013 4947.026379 4975.185951 4975.185951 4975.185951 4975.185951 4975.185951 4975.185951 4975.185951 4975.185951 4975.185951 4975.185951 4975.185951 4975.185951 4975.185951 4975.185951 4975.185951 4975.185951 4975.185951 4975.185951 4975.185951 4975.185951 4975.185951 4975.185951 4975.185951 4975.185951 4975.185951 4975.185951 4975.185951 4975.185951 4975.185951 4975.185951 4975.185951 4975.185951 4975.185951 4975.185951 4975.185951 4975.185951 4975.185951 4975.185951 4975.185951 4975.185951 4975.185951 4975.185951 -9999.0 -9999.0
-9999.0 -9999.0 0.000000 0.000000 169.440213 264.533231 360.327324 456.404810 552.580210 648.762502 744.904545 840.981374 936.979862 1032.892419 1128.712731 1224.434940 1320.057114 1415.565605 1510.954394 1606.221839 1701.364922 1796.380211 1891.263795 1986.011355 2080.618237 2175.079630 2269.391349 2363.550968 2457.527752 2551.322037 2644.926496 2738.332194 2831.529249 2924.507090 3017.255848 3109.765631 3201.981404 3293.896678 3385.491819 3476.743822 3567.627202 3658.119908 3748.094166 3837.499829 3926.273017 4014.346543 4101.597595 4187.820594 4272.891861 4356.664657 4438.632973 4518.477730 4595.636270 4669.145439 4737.874323 4800.454658 4854.435122 4897.259258 4926.965013 4947.026379 4975.185951 4975.185951 4975.185951 4975.185951 4975.185951 4975.185951 4975.185951 4975.185951 4975.185951 4975.185951 4975.185951 4975.185951 4975.185951 4975.185951 4975.185951 4975.185951 4975.185951 4975.185951 4975.185951 4975.185951 4975.185951 4975.185951 4975.185951 4975.185951 4975.185951 4975.185951 4975.185951 4975.185951 4975.185951 4975.185951 4975.185951 4975.185951 4975.185951 4975.185951 4975.185951 4975.185951 4975.185951 4975.185951 4975.185951 4975.185951 4975.185951 4975.185951 -9999.0 -9999.0
-9999.0 -9999.0 0.000000 0.000000 169.439844 264.533097 360.327277 456.404794 552.580204 648.762500 744.904544 840.981374 936.979862 1032.892419 1128.712731 1224.434940 1320.057114 1415.565605 1510.954394 1606.221839 1701.364922 1796.380212 1891.263796 1986.011355 2080.618238 2175.079631 2269.391350 2363.550969 2457.527753 2551.322038 2644.926496 2738.332194 2831.529249 2924.507090 3017.255849 3109.765631 3201.981404 3293.896678 3385.491819 3476.743822 3567.627201 3658.119908 3748.094166 3837.499829 3926.273017 4014.346543 4101.597595 4187.820594 4272.891861 4356.664657 4438.632973 4518.477730 4595.636270 4669.145439 4737.874323 4800.454658 4854.435122 4897.259258 4926.965013 4947.026379 4975.185951 4975.185951 4975.185951 4975.185951 4975.185951 4975.185951 4975.185951 4975.185951 4975.185951 4975.185951 4975.185951 4975.185951 4975.185951 4975.185951 4975.185951 4975.185951 4975.185951 4975.185951 4975.185951 4975.185951 4975.185951 4975.185951 4975.185951 4975.185951 4975.185951 4975.185951 4975.185951 4975.185951 4975.185951 4975.185951 4975.185951 4975.185951 4975.185951 4975.185951 4975.185951 4975.185951 4975.185951 4975.185951 4975.185951 4975.185951 4975.185951 4975.185951 -9999.0 -9999.0
-9999.0 -9999.0 0.000000 0.000000 169.439844 264.533097 360.327277 456.404794 552.580204 648.762500 744.904545 840.981374 936.979862 1032.892419 1128.712731 1224.434940 1320.057114 1415.565605 1510.954394 1606.221839 1701.364922 1796.380211 1891.263796 1986.011355 2080.618238 2175.079631 2269.391350 2363.550969 2457.527753 2551.322038 2644.926496 2738.332194 2831.529249 2924.507090 3017.255849 3109.765632 3201.981404 3293.896678 3385.491819 3476.743822 3567.627201 3658.119908 3748.094166 3837.499829 3926.273017 4014.346543 4101.597595 4187.820594 4272.891861 4356.664657 4438.632973 4518.477730 4595.636270 4669.145439 4737.874323 4800.454658 4854.435122 4897.259258 4926.965013 4947.026379 4975.185951 4975.185951 4975.185951 4975.185951 4975.185951 4975.185951 4975.185951 4975.185951 4975.185951 4975.185951 4975.185951 4975.185951 4975.185951 4975.185951 4975.185951 4975.185951 4975.185951 4975.185951 4975.185951 4975.185951 4975.185951 4975.185951 4975.185951 4975.185951 4975.185951 4975.185951 4975.185951 4975.185951 4975.185951 4975.185951 4975.185951 4975.185951 4975.185951 4975.185951 4975.185951 4975.185951 4975.185951 4975.185951 4975.185951 4975.185951 4975.185951 4975.185951 -9999.0 -9999.0
-9999.0 -9999.0 0.000000 0.000000 169.440213 264.533231 360.327324 456.404811 552.580210 648.762502 744.904545 840.981374 936.979862 1032.892419 1128.712731 1224.434940 1320.057114 1415.565605 1510.954394 1606.221839 1701.364922 1796.380211 1891.263795 1986.011355 2080.618237 2175.079630 2269.391349 2363.550968 2457.527752 2551.322037 2644.926496 2738.332194 2831.529249 2924.507090 3017.255849 3109.765631 3201.981404 3293.896678 3385.491819 3476.743822 3567.627202 3658.119908 3748.094166 3837.499829 3926.273017 4014.346543 4101.597595 4187.820594 4272.891861 4356.664657 4438.632973 4518.477730 4595.636270 4669.145439 4737.874323 4800.454658 4854.435122 4897.259258 4926.965013 4947.026379 4975.185951 4975.185951 4975.185951 4975.185951 4975.185951 4975.185951 4975.185951 4975.185951 4975.185951 4975.185951 4975.185951 4975.185951 4975.185951 4975.185951 4975.185951 4975.185951 4975.185951 4975.185951 4975.185951 4975.185951 4975.185951 4975.185951 4975.185951 4975.185951 4975.185951 4975.185951 4975.185951 4975.185951 4975.185951 4975.185951 4975.185951 4975.185951 4975.185951 4975.185951 4975.185951 4975.185951 4975.185951 4975.185951 4975.185951 4975.185951 4975.185951 4975.185951 -9999.0 -9999.0
-9999.0 -9999.0 0.000000 0.000000 169.440800 264.533401 360.327377 456.404828 552.580216 648.762504 744.904546 840.981374 936.979862 1032.892418 1128.712731 1224.434939 1320.057114 1415.565605 1510.954394 1606.221838 1701.364922 1796.380211 1891.263795 1986.011354 2080.618236 2175.079629 2269.391349 2363.550968 2457.527751 2551.322036 2644.926495 2738.332193 2831.529248 2924.507089 3017.255848 3109.765631 3201.981404 3293.896678 3385.491820 3476.743822 3567.627202 3658.119909 3748.094167 3837.499830 3926.273018 4014.346544 4101.597595 4187.820594 4272.891861 4356.664657 4438.632973 4518.477730 4595.636270 4669.145439 4737.874323 4800.454658 4854.435122 4897.259258 4926.965013 4947.026379 4975.185951 4975.185951 4975.185951 4975.185951 4975.185951 4975.185951 4975.185951 4975.185951 4975.185951 4975.185951 4975.185951 4975.185951 4975.185951 4975.185951 4975.185951 4975.185951 4975.185951 4975.185951 4975.185951 4975.185951 4975.185951 4975.185951 4975.185951 4975.185951 4975.185951 4975.185951 4975.185951 4975.185951 4975.185951 4975.185951 4975.185951 4975.185951 4975.185951 4975.185951 4975.185951 4975.185951 4975.185951 4975.185951 4975.185951 4975.185951 4975.185951 4975.185951 -9999.0 -9999.0
-9999.0 -9999.0 -9999.0 -9999.0 -9999.0 -9999.0 -9999.0 -9999.0 -9999.0 -9999.0 -9999.0 -9999.0 -9999.0 -9999.0 -9999.0 -9999.0 -9999.0 -9999.0 -9999.0 -9999.0 -9999.0 -9999.0 -9999.0 -9999.0 -9999.0 -9999.0 -9999.0 -9999.0 -9999.0 -9999.0 -9999.0 -9999.0 -9999.0 -9999.0 -9999.0 -9999.0 -9999.0 -9999.0 -9999.0 -9999.0 -9999.0 -9999.0 -9999.0 -9999.0 -9999.0 -9999.0 -9999.0 -9999.0 -9999.0 -9999.0 -9999.0 -9999.0 -9999.0 -9999.0 -9999.0 -9999.0 -9999.0 -9999.0 -9999.0 -9999.0 -9999.0 -9999.0 -9999.0 -9999.0 -9999.0 -9999.0 -9999.0 -9999.0 -9999.0 -9999.0 -9999.0 -9999.0 -9999.0 -9999.0 -9999.0 -9999.0 -9999.0 -9999.0 -9999.0 -9999.0 -9999.0 -9999.0 -9999.0 -9999.0 -9999.0 -9999.0 -9999.0 -9999.0 -9999.0 -9999.0 -9999.0 -9999.0 -9999.0 -9999.0 -9999.0 -9999.0 -9999.0 -9999.0 -9999.0 -9999.0 -9999.0 -9999.0 -9999.0 -9999.0
-9999.0 -9999.0 -9999.0 -9999.0 -9999.0 -9999.0 -9999.0 -9999.0 -9999.0 -9999.0 -9999.0 -9999.0 -9999.0 -9999.0 -9999.0 -9999.0 -9999.0 -9999.0 -9999.0 -9999.0 -9999.0 -9999.0 -9999.0 -9999.0 -9999.0 -9999.0 -9999.0 -9999.0 -9999.0 -9999.0 -9999.0 -9999.0 -9999.0 -9999.0 -9999.0 -9999.0 -9999.0 -9999.0 -9999.0 -9999.0 -9999.0 -9999.0 -9999.0 -9999.0 -9999.0 -9999.0 -9999.0 -9999.0 -9999.0 -9999.0 -9999.0 -9999.0 -9999.0 -9999.0 -9999.0 -9999.0 -9999.0 -9999.0 -9999.0 -9999.0 -9999.0 -9999.0 -9999.0 -9999.0 -9999.0 -9999.0 -9999.0 -9999.0 -9999.0 -9999.0 -9999.0 -9999.0 -9999.0 -9999.0 -9999.0 -9999.0 -9999.0 -9999.0 -9999.0 -9999.0 -9999.0 -9999.0 -9999.0 -9999.0 -9999.0 -9999.0 -9999.0 -9999.0 -9999.0 -9999.0 -9999.0 -9999.0 -9999.0 -9999.0 -9999.0 -9999.0 -9999.0 -9999.0 -9999.0 -9999.0 -9999.0 -9999.0 -9999.0 -9999.0