inst/processing_geotop_simulation/geotop_simulation/out/maps/wttopN0041.asc
ncols         104
nrows         10
xllcorner     -2.000000
yllcorner     0.000000
cellsize      1.000000
NODATA_value  -9999.0
-9999.0 -9999.0 -9999.0 -9999.0 -9999.0 -9999.0 -9999.0 -9999.0 -9999.0 -9999.0 -9999.0 -9999.0 -9999.0 -9999.0 -9999.0 -9999.0 -9999.0 -9999.0 -9999.0 -9999.0 -9999.0 -9999.0 -9999.0 -9999.0 -9999.0 -9999.0 -9999.0 -9999.0 -9999.0 -9999.0 -9999.0 -9999.0 -9999.0 -9999.0 -9999.0 -9999.0 -9999.0 -9999.0 -9999.0 -9999.0 -9999.0 -9999.0 -9999.0 -9999.0 -9999.0 -9999.0 -9999.0 -9999.0 -9999.0 -9999.0 -9999.0 -9999.0 -9999.0 -9999.0 -9999.0 -9999.0 -9999.0 -9999.0 -9999.0 -9999.0 -9999.0 -9999.0 -9999.0 -9999.0 -9999.0 -9999.0 -9999.0 -9999.0 -9999.0 -9999.0 -9999.0 -9999.0 -9999.0 -9999.0 -9999.0 -9999.0 -9999.0 -9999.0 -9999.0 -9999.0 -9999.0 -9999.0 -9999.0 -9999.0 -9999.0 -9999.0 -9999.0 -9999.0 -9999.0 -9999.0 -9999.0 -9999.0 -9999.0 -9999.0 -9999.0 -9999.0 -9999.0 -9999.0 -9999.0 -9999.0 -9999.0 -9999.0 -9999.0 -9999.0
-9999.0 -9999.0 -9999.0 -9999.0 -9999.0 -9999.0 -9999.0 -9999.0 -9999.0 -9999.0 -9999.0 -9999.0 -9999.0 -9999.0 -9999.0 -9999.0 -9999.0 -9999.0 -9999.0 -9999.0 -9999.0 -9999.0 -9999.0 -9999.0 -9999.0 -9999.0 -9999.0 -9999.0 -9999.0 -9999.0 -9999.0 -9999.0 -9999.0 -9999.0 -9999.0 -9999.0 -9999.0 -9999.0 -9999.0 -9999.0 -9999.0 -9999.0 -9999.0 -9999.0 -9999.0 -9999.0 -9999.0 -9999.0 -9999.0 -9999.0 -9999.0 -9999.0 -9999.0 -9999.0 -9999.0 -9999.0 -9999.0 -9999.0 -9999.0 -9999.0 -9999.0 -9999.0 -9999.0 -9999.0 -9999.0 -9999.0 -9999.0 -9999.0 -9999.0 -9999.0 -9999.0 -9999.0 -9999.0 -9999.0 -9999.0 -9999.0 -9999.0 -9999.0 -9999.0 -9999.0 -9999.0 -9999.0 -9999.0 -9999.0 -9999.0 -9999.0 -9999.0 -9999.0 -9999.0 -9999.0 -9999.0 -9999.0 -9999.0 -9999.0 -9999.0 -9999.0 -9999.0 -9999.0 -9999.0 -9999.0 -9999.0 -9999.0 -9999.0 -9999.0
-9999.0 -9999.0 1573.555263 1673.594119 1773.237955 1872.487140 1971.328840 2069.745489 2167.713635 2265.216801 2362.220358 2458.685655 2554.562571 2649.786792 2744.335603 2838.323414 2931.942598 3025.343823 3118.652377 3211.933541 3305.206756 3398.467930 3491.676819 3584.748944 3677.558609 3769.930745 3861.594576 3952.196953 4041.374657 4128.491265 4212.770391 4293.154495 4367.820722 4435.165797 4493.769580 4543.138209 4584.246520 2299.904813 2376.866751 2454.619031 2533.717751 2613.652849 2694.816694 2775.395469 2856.487358 2939.268037 3024.992804 3115.547688 3213.163605 3321.770048 3442.768369 3581.754712 3751.642156 3915.147740 3985.292814 3991.858676 3994.095357 3997.824984 4004.125229 4013.254288 4025.437182 4040.088691 4057.512092 4077.956000 4100.533492 4126.072083 4153.725305 4183.675095 4215.944772 4249.745135 4285.133984 4322.014294 4360.214636 4399.020989 4438.307435 4477.852423 4517.379037 4556.604055 4594.865850 4631.316597 4665.630822 4697.919780 4726.990898 4753.515364 4777.376167 4799.397873 4818.684162 4837.194668 4854.097851 4873.456807 4892.477784 4913.431763 4936.841488 4975.185951 4975.185951 4975.185951 4975.185951 4975.185951 4975.185951 4975.185951 4975.185951 4975.185951 -9999.0 -9999.0
-9999.0 -9999.0 1573.555263 1673.594119 1773.237955 1872.487140 1971.328840 2069.745489 2167.713635 2265.216801 2362.220358 2458.685655 2554.562572 2649.786792 2744.335603 2838.323414 2931.942599 3025.343823 3118.652377 3211.933541 3305.206756 3398.467930 3491.676819 3584.748944 3677.558609 3769.930745 3861.594576 3952.196953 4041.374657 4128.491265 4212.770391 4293.154495 4367.820722 4435.165797 4493.769580 4543.138209 4584.246520 2299.904813 2376.866751 2454.619031 2533.717751 2613.652849 2694.816694 2775.395469 2856.487358 2939.268037 3024.992804 3115.547688 3213.163605 3321.770048 3442.768369 3581.754712 3751.642156 3915.147740 3985.292814 3991.858676 3994.095357 3997.824985 4004.125229 4013.254288 4025.437183 4040.088692 4057.512092 4077.956000 4100.533492 4126.072083 4153.725305 4183.675095 4215.944772 4249.745135 4285.133984 4322.014294 4360.214636 4399.020989 4438.307435 4477.852423 4517.379037 4556.604055 4594.865850 4631.316597 4665.630822 4697.919780 4726.990898 4753.515364 4777.376167 4799.397873 4818.684162 4837.194668 4854.097851 4873.456807 4892.477784 4913.431763 4936.841488 4975.185951 4975.185951 4975.185951 4975.185951 4975.185951 4975.185951 4975.185951 4975.185951 4975.185951 -9999.0 -9999.0
-9999.0 -9999.0 1573.555263 1673.594119 1773.237955 1872.487140 1971.328840 2069.745489 2167.713635 2265.216801 2362.220358 2458.685655 2554.562572 2649.786793 2744.335604 2838.323415 2931.942599 3025.343823 3118.652377 3211.933541 3305.206756 3398.467930 3491.676819 3584.748944 3677.558609 3769.930745 3861.594576 3952.196953 4041.374657 4128.491265 4212.770391 4293.154495 4367.820722 4435.165797 4493.769580 4543.138209 4584.246520 2299.904813 2376.866751 2454.619031 2533.717751 2613.652849 2694.816694 2775.395469 2856.487358 2939.268037 3024.992804 3115.547687 3213.163605 3321.770048 3442.768369 3581.754712 3751.642156 3915.147740 3985.292814 3991.858676 3994.095358 3997.824985 4004.125230 4013.254289 4025.437183 4040.088692 4057.512092 4077.956000 4100.533492 4126.072083 4153.725305 4183.675095 4215.944772 4249.745135 4285.133984 4322.014294 4360.214636 4399.020989 4438.307435 4477.852423 4517.379037 4556.604055 4594.865850 4631.316597 4665.630822 4697.919780 4726.990898 4753.515364 4777.376167 4799.397873 4818.684162 4837.194668 4854.097851 4873.456807 4892.477784 4913.431763 4936.841488 4975.185951 4975.185951 4975.185951 4975.185951 4975.185951 4975.185951 4975.185951 4975.185951 4975.185951 -9999.0 -9999.0
-9999.0 -9999.0 1573.555263 1673.594119 1773.237955 1872.487140 1971.328840 2069.745489 2167.713635 2265.216801 2362.220358 2458.685655 2554.562572 2649.786793 2744.335603 2838.323415 2931.942599 3025.343823 3118.652377 3211.933541 3305.206756 3398.467930 3491.676819 3584.748944 3677.558609 3769.930745 3861.594576 3952.196953 4041.374657 4128.491265 4212.770391 4293.154495 4367.820722 4435.165797 4493.769580 4543.138209 4584.246520 2299.904813 2376.866751 2454.619031 2533.717751 2613.652849 2694.816694 2775.395469 2856.487358 2939.268037 3024.992804 3115.547687 3213.163605 3321.770048 3442.768369 3581.754712 3751.642156 3915.147740 3985.292814 3991.858676 3994.095358 3997.824985 4004.125230 4013.254289 4025.437183 4040.088692 4057.512092 4077.956000 4100.533492 4126.072083 4153.725305 4183.675095 4215.944772 4249.745135 4285.133984 4322.014294 4360.214636 4399.020989 4438.307435 4477.852423 4517.379037 4556.604055 4594.865850 4631.316597 4665.630822 4697.919780 4726.990898 4753.515364 4777.376167 4799.397873 4818.684162 4837.194668 4854.097851 4873.456807 4892.477784 4913.431763 4936.841488 4975.185951 4975.185951 4975.185951 4975.185951 4975.185951 4975.185951 4975.185951 4975.185951 4975.185951 -9999.0 -9999.0
-9999.0 -9999.0 1573.555263 1673.594119 1773.237955 1872.487140 1971.328840 2069.745489 2167.713635 2265.216801 2362.220358 2458.685655 2554.562572 2649.786792 2744.335603 2838.323414 2931.942599 3025.343823 3118.652377 3211.933541 3305.206756 3398.467930 3491.676819 3584.748944 3677.558609 3769.930745 3861.594576 3952.196953 4041.374657 4128.491265 4212.770391 4293.154495 4367.820722 4435.165797 4493.769580 4543.138209 4584.246520 2299.904813 2376.866751 2454.619031 2533.717751 2613.652849 2694.816694 2775.395469 2856.487358 2939.268037 3024.992804 3115.547688 3213.163605 3321.770048 3442.768369 3581.754712 3751.642156 3915.147740 3985.292814 3991.858676 3994.095357 3997.824985 4004.125229 4013.254288 4025.437183 4040.088692 4057.512092 4077.956000 4100.533492 4126.072083 4153.725305 4183.675095 4215.944772 4249.745135 4285.133984 4322.014294 4360.214636 4399.020989 4438.307435 4477.852423 4517.379037 4556.604055 4594.865850 4631.316597 4665.630822 4697.919780 4726.990898 4753.515364 4777.376167 4799.397873 4818.684162 4837.194668 4854.097851 4873.456807 4892.477784 4913.431763 4936.841488 4975.185951 4975.185951 4975.185951 4975.185951 4975.185951 4975.185951 4975.185951 4975.185951 4975.185951 -9999.0 -9999.0
-9999.0 -9999.0 1573.555263 1673.594119 1773.237955 1872.487140 1971.328840 2069.745489 2167.713635 2265.216801 2362.220358 2458.685655 2554.562571 2649.786792 2744.335603 2838.323414 2931.942598 3025.343823 3118.652377 3211.933541 3305.206756 3398.467930 3491.676819 3584.748944 3677.558609 3769.930745 3861.594576 3952.196953 4041.374657 4128.491265 4212.770391 4293.154495 4367.820722 4435.165797 4493.769580 4543.138209 4584.246520 2299.904813 2376.866751 2454.619031 2533.717751 2613.652849 2694.816694 2775.395469 2856.487358 2939.268037 3024.992804 3115.547688 3213.163605 3321.770048 3442.768369 3581.754712 3751.642156 3915.147740 3985.292814 3991.858676 3994.095357 3997.824984 4004.125229 4013.254288 4025.437182 4040.088691 4057.512092 4077.956000 4100.533492 4126.072083 4153.725305 4183.675095 4215.944772 4249.745135 4285.133984 4322.014294 4360.214636 4399.020989 4438.307435 4477.852423 4517.379037 4556.604055 4594.865850 4631.316597 4665.630822 4697.919780 4726.990898 4753.515364 4777.376167 4799.397873 4818.684162 4837.194668 4854.097851 4873.456807 4892.477784 4913.431763 4936.841488 4975.185951 4975.185951 4975.185951 4975.185951 4975.185951 4975.185951 4975.185951 4975.185951 4975.185951 -9999.0 -9999.0
-9999.0 -9999.0 -9999.0 -9999.0 -9999.0 -9999.0 -9999.0 -9999.0 -9999.0 -9999.0 -9999.0 -9999.0 -9999.0 -9999.0 -9999.0 -9999.0 -9999.0 -9999.0 -9999.0 -9999.0 -9999.0 -9999.0 -9999.0 -9999.0 -9999.0 -9999.0 -9999.0 -9999.0 -9999.0 -9999.0 -9999.0 -9999.0 -9999.0 -9999.0 -9999.0 -9999.0 -9999.0 -9999.0 -9999.0 -9999.0 -9999.0 -9999.0 -9999.0 -9999.0 -9999.0 -9999.0 -9999.0 -9999.0 -9999.0 -9999.0 -9999.0 -9999.0 -9999.0 -9999.0 -9999.0 -9999.0 -9999.0 -9999.0 -9999.0 -9999.0 -9999.0 -9999.0 -9999.0 -9999.0 -9999.0 -9999.0 -9999.0 -9999.0 -9999.0 -9999.0 -9999.0 -9999.0 -9999.0 -9999.0 -9999.0 -9999.0 -9999.0 -9999.0 -9999.0 -9999.0 -9999.0 -9999.0 -9999.0 -9999.0 -9999.0 -9999.0 -9999.0 -9999.0 -9999.0 -9999.0 -9999.0 -9999.0 -9999.0 -9999.0 -9999.0 -9999.0 -9999.0 -9999.0 -9999.0 -9999.0 -9999.0 -9999.0 -9999.0 -9999.0
-9999.0 -9999.0 -9999.0 -9999.0 -9999.0 -9999.0 -9999.0 -9999.0 -9999.0 -9999.0 -9999.0 -9999.0 -9999.0 -9999.0 -9999.0 -9999.0 -9999.0 -9999.0 -9999.0 -9999.0 -9999.0 -9999.0 -9999.0 -9999.0 -9999.0 -9999.0 -9999.0 -9999.0 -9999.0 -9999.0 -9999.0 -9999.0 -9999.0 -9999.0 -9999.0 -9999.0 -9999.0 -9999.0 -9999.0 -9999.0 -9999.0 -9999.0 -9999.0 -9999.0 -9999.0 -9999.0 -9999.0 -9999.0 -9999.0 -9999.0 -9999.0 -9999.0 -9999.0 -9999.0 -9999.0 -9999.0 -9999.0 -9999.0 -9999.0 -9999.0 -9999.0 -9999.0 -9999.0 -9999.0 -9999.0 -9999.0 -9999.0 -9999.0 -9999.0 -9999.0 -9999.0 -9999.0 -9999.0 -9999.0 -9999.0 -9999.0 -9999.0 -9999.0 -9999.0 -9999.0 -9999.0 -9999.0 -9999.0 -9999.0 -9999.0 -9999.0 -9999.0 -9999.0 -9999.0 -9999.0 -9999.0 -9999.0 -9999.0 -9999.0 -9999.0 -9999.0 -9999.0 -9999.0 -9999.0 -9999.0 -9999.0 -9999.0 -9999.0 -9999.0