inst/processing_geotop_simulation/geotop_simulation/out/maps/wttopN0095.asc
ncols         104
nrows         10
xllcorner     -2.000000
yllcorner     0.000000
cellsize      1.000000
NODATA_value  -9999.0
-9999.0 -9999.0 -9999.0 -9999.0 -9999.0 -9999.0 -9999.0 -9999.0 -9999.0 -9999.0 -9999.0 -9999.0 -9999.0 -9999.0 -9999.0 -9999.0 -9999.0 -9999.0 -9999.0 -9999.0 -9999.0 -9999.0 -9999.0 -9999.0 -9999.0 -9999.0 -9999.0 -9999.0 -9999.0 -9999.0 -9999.0 -9999.0 -9999.0 -9999.0 -9999.0 -9999.0 -9999.0 -9999.0 -9999.0 -9999.0 -9999.0 -9999.0 -9999.0 -9999.0 -9999.0 -9999.0 -9999.0 -9999.0 -9999.0 -9999.0 -9999.0 -9999.0 -9999.0 -9999.0 -9999.0 -9999.0 -9999.0 -9999.0 -9999.0 -9999.0 -9999.0 -9999.0 -9999.0 -9999.0 -9999.0 -9999.0 -9999.0 -9999.0 -9999.0 -9999.0 -9999.0 -9999.0 -9999.0 -9999.0 -9999.0 -9999.0 -9999.0 -9999.0 -9999.0 -9999.0 -9999.0 -9999.0 -9999.0 -9999.0 -9999.0 -9999.0 -9999.0 -9999.0 -9999.0 -9999.0 -9999.0 -9999.0 -9999.0 -9999.0 -9999.0 -9999.0 -9999.0 -9999.0 -9999.0 -9999.0 -9999.0 -9999.0 -9999.0 -9999.0
-9999.0 -9999.0 -9999.0 -9999.0 -9999.0 -9999.0 -9999.0 -9999.0 -9999.0 -9999.0 -9999.0 -9999.0 -9999.0 -9999.0 -9999.0 -9999.0 -9999.0 -9999.0 -9999.0 -9999.0 -9999.0 -9999.0 -9999.0 -9999.0 -9999.0 -9999.0 -9999.0 -9999.0 -9999.0 -9999.0 -9999.0 -9999.0 -9999.0 -9999.0 -9999.0 -9999.0 -9999.0 -9999.0 -9999.0 -9999.0 -9999.0 -9999.0 -9999.0 -9999.0 -9999.0 -9999.0 -9999.0 -9999.0 -9999.0 -9999.0 -9999.0 -9999.0 -9999.0 -9999.0 -9999.0 -9999.0 -9999.0 -9999.0 -9999.0 -9999.0 -9999.0 -9999.0 -9999.0 -9999.0 -9999.0 -9999.0 -9999.0 -9999.0 -9999.0 -9999.0 -9999.0 -9999.0 -9999.0 -9999.0 -9999.0 -9999.0 -9999.0 -9999.0 -9999.0 -9999.0 -9999.0 -9999.0 -9999.0 -9999.0 -9999.0 -9999.0 -9999.0 -9999.0 -9999.0 -9999.0 -9999.0 -9999.0 -9999.0 -9999.0 -9999.0 -9999.0 -9999.0 -9999.0 -9999.0 -9999.0 -9999.0 -9999.0 -9999.0 -9999.0
-9999.0 -9999.0 0.000000 0.000000 169.494627 264.622533 360.433137 456.499209 552.629684 648.732135 744.768719 840.711308 936.429307 1031.890012 1127.107454 1222.089807 1316.835110 1411.316406 1505.527733 1599.458194 1693.095284 1786.425643 1879.435381 1972.111481 2064.448197 2156.399088 2247.943222 2339.063500 2429.740911 2519.959967 2609.716391 2698.917278 2787.556668 2875.616575 2963.096389 3049.906391 3135.995909 3221.363290 3306.011161 3389.755016 3472.625436 3554.623216 3635.479820 3715.234437 3793.705392 3870.796271 3946.438211 4020.429694 4092.666125 4163.005621 4231.062615 4296.719055 4359.893367 4420.349800 4477.786097 4531.972677 4582.635620 4629.503066 4672.387236 4711.317623 4745.765464 4775.648125 4802.211307 4824.284435 4843.516074 4860.142200 4873.553574 4885.180024 4896.021768 4905.798247 4913.520139 4920.131116 4926.194184 4932.064181 4937.980122 4944.119103 4975.185951 4975.185951 4975.185951 4975.185951 4975.185951 4975.185951 4975.185951 4975.185951 4975.185951 4975.185951 4975.185951 4975.185951 4975.185951 4975.185951 4975.185951 4975.185951 4975.185951 4975.185951 4975.185951 4975.185951 4975.185951 4975.185951 4975.185951 4975.185951 4975.185951 4975.185951 -9999.0 -9999.0
-9999.0 -9999.0 0.000000 0.000000 169.494042 264.622364 360.433084 456.499192 552.629678 648.732133 744.768719 840.711309 936.429307 1031.890012 1127.107455 1222.089807 1316.835110 1411.316406 1505.527733 1599.458194 1693.095284 1786.425643 1879.435381 1972.111481 2064.448197 2156.399088 2247.943222 2339.063500 2429.740911 2519.959966 2609.716391 2698.917278 2787.556668 2875.616574 2963.096388 3049.906390 3135.995909 3221.363290 3306.011161 3389.755015 3472.625435 3554.623216 3635.479820 3715.234437 3793.705392 3870.796271 3946.438211 4020.429694 4092.666125 4163.005621 4231.062615 4296.719055 4359.893367 4420.349801 4477.786097 4531.972677 4582.635620 4629.503066 4672.387236 4711.317623 4745.765464 4775.648125 4802.211307 4824.284435 4843.516074 4860.142200 4873.553574 4885.180024 4896.021768 4905.798247 4913.520139 4920.131116 4926.194184 4932.064181 4937.980122 4944.119103 4975.185951 4975.185951 4975.185951 4975.185951 4975.185951 4975.185951 4975.185951 4975.185951 4975.185951 4975.185951 4975.185951 4975.185951 4975.185951 4975.185951 4975.185951 4975.185951 4975.185951 4975.185951 4975.185951 4975.185951 4975.185951 4975.185951 4975.185951 4975.185951 4975.185951 4975.185951 -9999.0 -9999.0
-9999.0 -9999.0 0.000000 0.000000 169.493673 264.622231 360.433038 456.499175 552.629673 648.732131 744.768718 840.711309 936.429307 1031.890012 1127.107455 1222.089807 1316.835110 1411.316406 1505.527733 1599.458194 1693.095284 1786.425643 1879.435381 1972.111481 2064.448196 2156.399088 2247.943222 2339.063500 2429.740910 2519.959966 2609.716391 2698.917278 2787.556668 2875.616574 2963.096388 3049.906390 3135.995908 3221.363290 3306.011161 3389.755015 3472.625435 3554.623216 3635.479819 3715.234437 3793.705392 3870.796271 3946.438211 4020.429694 4092.666125 4163.005621 4231.062616 4296.719055 4359.893367 4420.349801 4477.786097 4531.972677 4582.635620 4629.503066 4672.387236 4711.317623 4745.765464 4775.648125 4802.211307 4824.284435 4843.516074 4860.142200 4873.553574 4885.180024 4896.021768 4905.798247 4913.520139 4920.131116 4926.194184 4932.064181 4937.980122 4944.119103 4975.185951 4975.185951 4975.185951 4975.185951 4975.185951 4975.185951 4975.185951 4975.185951 4975.185951 4975.185951 4975.185951 4975.185951 4975.185951 4975.185951 4975.185951 4975.185951 4975.185951 4975.185951 4975.185951 4975.185951 4975.185951 4975.185951 4975.185951 4975.185951 4975.185951 4975.185951 -9999.0 -9999.0
-9999.0 -9999.0 0.000000 0.000000 169.493673 264.622231 360.433038 456.499176 552.629673 648.732131 744.768718 840.711309 936.429307 1031.890013 1127.107455 1222.089807 1316.835110 1411.316406 1505.527733 1599.458194 1693.095284 1786.425643 1879.435381 1972.111481 2064.448197 2156.399088 2247.943222 2339.063500 2429.740910 2519.959966 2609.716391 2698.917277 2787.556668 2875.616574 2963.096388 3049.906390 3135.995908 3221.363290 3306.011161 3389.755015 3472.625435 3554.623216 3635.479820 3715.234437 3793.705392 3870.796271 3946.438211 4020.429694 4092.666126 4163.005621 4231.062616 4296.719055 4359.893367 4420.349801 4477.786097 4531.972677 4582.635620 4629.503066 4672.387236 4711.317623 4745.765464 4775.648125 4802.211307 4824.284435 4843.516074 4860.142200 4873.553574 4885.180024 4896.021768 4905.798247 4913.520139 4920.131116 4926.194184 4932.064181 4937.980122 4944.119103 4975.185951 4975.185951 4975.185951 4975.185951 4975.185951 4975.185951 4975.185951 4975.185951 4975.185951 4975.185951 4975.185951 4975.185951 4975.185951 4975.185951 4975.185951 4975.185951 4975.185951 4975.185951 4975.185951 4975.185951 4975.185951 4975.185951 4975.185951 4975.185951 4975.185951 4975.185951 -9999.0 -9999.0
-9999.0 -9999.0 0.000000 0.000000 169.494042 264.622364 360.433085 456.499192 552.629678 648.732133 744.768719 840.711309 936.429307 1031.890012 1127.107455 1222.089807 1316.835110 1411.316406 1505.527733 1599.458194 1693.095284 1786.425643 1879.435381 1972.111481 2064.448197 2156.399088 2247.943222 2339.063500 2429.740911 2519.959966 2609.716391 2698.917278 2787.556668 2875.616574 2963.096388 3049.906390 3135.995908 3221.363290 3306.011161 3389.755015 3472.625435 3554.623216 3635.479820 3715.234437 3793.705392 3870.796271 3946.438211 4020.429694 4092.666125 4163.005621 4231.062615 4296.719055 4359.893367 4420.349801 4477.786097 4531.972677 4582.635620 4629.503066 4672.387236 4711.317623 4745.765464 4775.648125 4802.211307 4824.284435 4843.516074 4860.142200 4873.553574 4885.180024 4896.021768 4905.798247 4913.520139 4920.131116 4926.194184 4932.064181 4937.980122 4944.119103 4975.185951 4975.185951 4975.185951 4975.185951 4975.185951 4975.185951 4975.185951 4975.185951 4975.185951 4975.185951 4975.185951 4975.185951 4975.185951 4975.185951 4975.185951 4975.185951 4975.185951 4975.185951 4975.185951 4975.185951 4975.185951 4975.185951 4975.185951 4975.185951 4975.185951 4975.185951 -9999.0 -9999.0
-9999.0 -9999.0 0.000000 0.000000 169.494627 264.622533 360.433137 456.499209 552.629684 648.732135 744.768719 840.711309 936.429307 1031.890012 1127.107454 1222.089807 1316.835110 1411.316406 1505.527733 1599.458194 1693.095284 1786.425643 1879.435381 1972.111481 2064.448197 2156.399088 2247.943223 2339.063500 2429.740911 2519.959967 2609.716391 2698.917278 2787.556668 2875.616574 2963.096389 3049.906391 3135.995909 3221.363290 3306.011161 3389.755016 3472.625436 3554.623216 3635.479820 3715.234437 3793.705392 3870.796271 3946.438211 4020.429693 4092.666125 4163.005621 4231.062615 4296.719055 4359.893367 4420.349800 4477.786097 4531.972677 4582.635620 4629.503066 4672.387236 4711.317623 4745.765464 4775.648125 4802.211307 4824.284435 4843.516074 4860.142200 4873.553574 4885.180024 4896.021768 4905.798247 4913.520139 4920.131116 4926.194184 4932.064181 4937.980122 4944.119103 4975.185951 4975.185951 4975.185951 4975.185951 4975.185951 4975.185951 4975.185951 4975.185951 4975.185951 4975.185951 4975.185951 4975.185951 4975.185951 4975.185951 4975.185951 4975.185951 4975.185951 4975.185951 4975.185951 4975.185951 4975.185951 4975.185951 4975.185951 4975.185951 4975.185951 4975.185951 -9999.0 -9999.0
-9999.0 -9999.0 -9999.0 -9999.0 -9999.0 -9999.0 -9999.0 -9999.0 -9999.0 -9999.0 -9999.0 -9999.0 -9999.0 -9999.0 -9999.0 -9999.0 -9999.0 -9999.0 -9999.0 -9999.0 -9999.0 -9999.0 -9999.0 -9999.0 -9999.0 -9999.0 -9999.0 -9999.0 -9999.0 -9999.0 -9999.0 -9999.0 -9999.0 -9999.0 -9999.0 -9999.0 -9999.0 -9999.0 -9999.0 -9999.0 -9999.0 -9999.0 -9999.0 -9999.0 -9999.0 -9999.0 -9999.0 -9999.0 -9999.0 -9999.0 -9999.0 -9999.0 -9999.0 -9999.0 -9999.0 -9999.0 -9999.0 -9999.0 -9999.0 -9999.0 -9999.0 -9999.0 -9999.0 -9999.0 -9999.0 -9999.0 -9999.0 -9999.0 -9999.0 -9999.0 -9999.0 -9999.0 -9999.0 -9999.0 -9999.0 -9999.0 -9999.0 -9999.0 -9999.0 -9999.0 -9999.0 -9999.0 -9999.0 -9999.0 -9999.0 -9999.0 -9999.0 -9999.0 -9999.0 -9999.0 -9999.0 -9999.0 -9999.0 -9999.0 -9999.0 -9999.0 -9999.0 -9999.0 -9999.0 -9999.0 -9999.0 -9999.0 -9999.0 -9999.0
-9999.0 -9999.0 -9999.0 -9999.0 -9999.0 -9999.0 -9999.0 -9999.0 -9999.0 -9999.0 -9999.0 -9999.0 -9999.0 -9999.0 -9999.0 -9999.0 -9999.0 -9999.0 -9999.0 -9999.0 -9999.0 -9999.0 -9999.0 -9999.0 -9999.0 -9999.0 -9999.0 -9999.0 -9999.0 -9999.0 -9999.0 -9999.0 -9999.0 -9999.0 -9999.0 -9999.0 -9999.0 -9999.0 -9999.0 -9999.0 -9999.0 -9999.0 -9999.0 -9999.0 -9999.0 -9999.0 -9999.0 -9999.0 -9999.0 -9999.0 -9999.0 -9999.0 -9999.0 -9999.0 -9999.0 -9999.0 -9999.0 -9999.0 -9999.0 -9999.0 -9999.0 -9999.0 -9999.0 -9999.0 -9999.0 -9999.0 -9999.0 -9999.0 -9999.0 -9999.0 -9999.0 -9999.0 -9999.0 -9999.0 -9999.0 -9999.0 -9999.0 -9999.0 -9999.0 -9999.0 -9999.0 -9999.0 -9999.0 -9999.0 -9999.0 -9999.0 -9999.0 -9999.0 -9999.0 -9999.0 -9999.0 -9999.0 -9999.0 -9999.0 -9999.0 -9999.0 -9999.0 -9999.0 -9999.0 -9999.0 -9999.0 -9999.0 -9999.0 -9999.0