inst/processing_geotop_simulation/geotop_simulation/out/maps/wttopN0125.asc
ncols         104
nrows         10
xllcorner     -2.000000
yllcorner     0.000000
cellsize      1.000000
NODATA_value  -9999.0
-9999.0 -9999.0 -9999.0 -9999.0 -9999.0 -9999.0 -9999.0 -9999.0 -9999.0 -9999.0 -9999.0 -9999.0 -9999.0 -9999.0 -9999.0 -9999.0 -9999.0 -9999.0 -9999.0 -9999.0 -9999.0 -9999.0 -9999.0 -9999.0 -9999.0 -9999.0 -9999.0 -9999.0 -9999.0 -9999.0 -9999.0 -9999.0 -9999.0 -9999.0 -9999.0 -9999.0 -9999.0 -9999.0 -9999.0 -9999.0 -9999.0 -9999.0 -9999.0 -9999.0 -9999.0 -9999.0 -9999.0 -9999.0 -9999.0 -9999.0 -9999.0 -9999.0 -9999.0 -9999.0 -9999.0 -9999.0 -9999.0 -9999.0 -9999.0 -9999.0 -9999.0 -9999.0 -9999.0 -9999.0 -9999.0 -9999.0 -9999.0 -9999.0 -9999.0 -9999.0 -9999.0 -9999.0 -9999.0 -9999.0 -9999.0 -9999.0 -9999.0 -9999.0 -9999.0 -9999.0 -9999.0 -9999.0 -9999.0 -9999.0 -9999.0 -9999.0 -9999.0 -9999.0 -9999.0 -9999.0 -9999.0 -9999.0 -9999.0 -9999.0 -9999.0 -9999.0 -9999.0 -9999.0 -9999.0 -9999.0 -9999.0 -9999.0 -9999.0 -9999.0
-9999.0 -9999.0 -9999.0 -9999.0 -9999.0 -9999.0 -9999.0 -9999.0 -9999.0 -9999.0 -9999.0 -9999.0 -9999.0 -9999.0 -9999.0 -9999.0 -9999.0 -9999.0 -9999.0 -9999.0 -9999.0 -9999.0 -9999.0 -9999.0 -9999.0 -9999.0 -9999.0 -9999.0 -9999.0 -9999.0 -9999.0 -9999.0 -9999.0 -9999.0 -9999.0 -9999.0 -9999.0 -9999.0 -9999.0 -9999.0 -9999.0 -9999.0 -9999.0 -9999.0 -9999.0 -9999.0 -9999.0 -9999.0 -9999.0 -9999.0 -9999.0 -9999.0 -9999.0 -9999.0 -9999.0 -9999.0 -9999.0 -9999.0 -9999.0 -9999.0 -9999.0 -9999.0 -9999.0 -9999.0 -9999.0 -9999.0 -9999.0 -9999.0 -9999.0 -9999.0 -9999.0 -9999.0 -9999.0 -9999.0 -9999.0 -9999.0 -9999.0 -9999.0 -9999.0 -9999.0 -9999.0 -9999.0 -9999.0 -9999.0 -9999.0 -9999.0 -9999.0 -9999.0 -9999.0 -9999.0 -9999.0 -9999.0 -9999.0 -9999.0 -9999.0 -9999.0 -9999.0 -9999.0 -9999.0 -9999.0 -9999.0 -9999.0 -9999.0 -9999.0
-9999.0 -9999.0 0.000000 0.000000 164.018422 258.181032 353.165159 448.480756 543.910198 639.346729 734.735397 830.047538 925.268636 1020.391858 1115.386006 1210.243725 1304.961809 1399.535338 1493.960561 1588.234448 1682.353337 1776.313255 1870.112566 1963.741082 2057.175329 2150.416057 2243.457215 2336.291675 2428.912015 2521.311614 2613.491157 2705.398728 2797.030807 2888.378264 2979.428750 3070.170101 3160.600738 3250.632031 3340.259290 3429.462669 3518.221851 3606.502609 3694.157578 3781.144924 3867.416495 3952.878448 4037.325807 4120.707612 4202.909192 4283.543705 4362.528876 4439.355903 4513.706240 4584.934278 4652.631175 4715.366765 4772.002729 4821.214832 4861.952460 4893.291520 4915.419020 4930.067115 4940.377500 4948.361198 4975.185951 4975.185951 4975.185951 4975.185951 4975.185951 4975.185951 4975.185951 4975.185951 4975.185951 4975.185951 4975.185951 4975.185951 4975.185951 4975.185951 4975.185951 4975.185951 4975.185951 4975.185951 4975.185951 4975.185951 4975.185951 4975.185951 4975.185951 4975.185951 4975.185951 4975.185951 4975.185951 4975.185951 4975.185951 4975.185951 4975.185951 4975.185951 4975.185951 4975.185951 4975.185951 4975.185951 4975.185951 4975.185951 -9999.0 -9999.0
-9999.0 -9999.0 0.000000 0.000000 164.017825 258.180859 353.165105 448.480738 543.910192 639.346727 734.735396 830.047537 925.268636 1020.391858 1115.386006 1210.243725 1304.961809 1399.535338 1493.960562 1588.234449 1682.353337 1776.313255 1870.112567 1963.741082 2057.175330 2150.416057 2243.457216 2336.291675 2428.912016 2521.311614 2613.491158 2705.398729 2797.030808 2888.378264 2979.428751 3070.170102 3160.600739 3250.632031 3340.259290 3429.462669 3518.221851 3606.502608 3694.157578 3781.144923 3867.416494 3952.878448 4037.325807 4120.707611 4202.909192 4283.543704 4362.528876 4439.355903 4513.706240 4584.934278 4652.631175 4715.366765 4772.002729 4821.214832 4861.952460 4893.291520 4915.419020 4930.067115 4940.377500 4948.361198 4975.185951 4975.185951 4975.185951 4975.185951 4975.185951 4975.185951 4975.185951 4975.185951 4975.185951 4975.185951 4975.185951 4975.185951 4975.185951 4975.185951 4975.185951 4975.185951 4975.185951 4975.185951 4975.185951 4975.185951 4975.185951 4975.185951 4975.185951 4975.185951 4975.185951 4975.185951 4975.185951 4975.185951 4975.185951 4975.185951 4975.185951 4975.185951 4975.185951 4975.185951 4975.185951 4975.185951 4975.185951 4975.185951 -9999.0 -9999.0
-9999.0 -9999.0 0.000000 0.000000 164.017450 258.180723 353.165057 448.480721 543.910186 639.346725 734.735395 830.047537 925.268635 1020.391859 1115.386006 1210.243725 1304.961809 1399.535339 1493.960562 1588.234449 1682.353337 1776.313255 1870.112567 1963.741083 2057.175330 2150.416058 2243.457216 2336.291676 2428.912016 2521.311615 2613.491158 2705.398729 2797.030808 2888.378265 2979.428751 3070.170102 3160.600739 3250.632031 3340.259290 3429.462669 3518.221850 3606.502608 3694.157577 3781.144923 3867.416494 3952.878448 4037.325806 4120.707611 4202.909192 4283.543704 4362.528876 4439.355903 4513.706240 4584.934278 4652.631175 4715.366765 4772.002729 4821.214832 4861.952460 4893.291520 4915.419020 4930.067115 4940.377500 4948.361198 4975.185951 4975.185951 4975.185951 4975.185951 4975.185951 4975.185951 4975.185951 4975.185951 4975.185951 4975.185951 4975.185951 4975.185951 4975.185951 4975.185951 4975.185951 4975.185951 4975.185951 4975.185951 4975.185951 4975.185951 4975.185951 4975.185951 4975.185951 4975.185951 4975.185951 4975.185951 4975.185951 4975.185951 4975.185951 4975.185951 4975.185951 4975.185951 4975.185951 4975.185951 4975.185951 4975.185951 4975.185951 4975.185951 -9999.0 -9999.0
-9999.0 -9999.0 0.000000 0.000000 164.017450 258.180723 353.165057 448.480721 543.910186 639.346725 734.735395 830.047537 925.268636 1020.391858 1115.386006 1210.243725 1304.961810 1399.535338 1493.960562 1588.234449 1682.353337 1776.313255 1870.112567 1963.741083 2057.175330 2150.416058 2243.457217 2336.291676 2428.912016 2521.311615 2613.491158 2705.398729 2797.030808 2888.378265 2979.428751 3070.170102 3160.600739 3250.632031 3340.259290 3429.462668 3518.221850 3606.502608 3694.157577 3781.144923 3867.416494 3952.878448 4037.325806 4120.707611 4202.909192 4283.543704 4362.528876 4439.355903 4513.706240 4584.934278 4652.631175 4715.366765 4772.002729 4821.214832 4861.952460 4893.291520 4915.419020 4930.067115 4940.377500 4948.361198 4975.185951 4975.185951 4975.185951 4975.185951 4975.185951 4975.185951 4975.185951 4975.185951 4975.185951 4975.185951 4975.185951 4975.185951 4975.185951 4975.185951 4975.185951 4975.185951 4975.185951 4975.185951 4975.185951 4975.185951 4975.185951 4975.185951 4975.185951 4975.185951 4975.185951 4975.185951 4975.185951 4975.185951 4975.185951 4975.185951 4975.185951 4975.185951 4975.185951 4975.185951 4975.185951 4975.185951 4975.185951 4975.185951 -9999.0 -9999.0
-9999.0 -9999.0 0.000000 0.000000 164.017825 258.180859 353.165105 448.480738 543.910192 639.346727 734.735396 830.047538 925.268636 1020.391859 1115.386006 1210.243725 1304.961809 1399.535338 1493.960562 1588.234449 1682.353337 1776.313255 1870.112567 1963.741082 2057.175329 2150.416058 2243.457216 2336.291676 2428.912016 2521.311615 2613.491158 2705.398729 2797.030808 2888.378264 2979.428751 3070.170102 3160.600739 3250.632031 3340.259290 3429.462669 3518.221850 3606.502608 3694.157577 3781.144923 3867.416494 3952.878448 4037.325807 4120.707611 4202.909192 4283.543704 4362.528876 4439.355903 4513.706240 4584.934278 4652.631175 4715.366765 4772.002729 4821.214832 4861.952460 4893.291520 4915.419020 4930.067115 4940.377500 4948.361198 4975.185951 4975.185951 4975.185951 4975.185951 4975.185951 4975.185951 4975.185951 4975.185951 4975.185951 4975.185951 4975.185951 4975.185951 4975.185951 4975.185951 4975.185951 4975.185951 4975.185951 4975.185951 4975.185951 4975.185951 4975.185951 4975.185951 4975.185951 4975.185951 4975.185951 4975.185951 4975.185951 4975.185951 4975.185951 4975.185951 4975.185951 4975.185951 4975.185951 4975.185951 4975.185951 4975.185951 4975.185951 4975.185951 -9999.0 -9999.0
-9999.0 -9999.0 0.000000 0.000000 164.018422 258.181032 353.165160 448.480756 543.910198 639.346729 734.735397 830.047538 925.268636 1020.391858 1115.386006 1210.243725 1304.961809 1399.535338 1493.960561 1588.234448 1682.353337 1776.313255 1870.112566 1963.741082 2057.175329 2150.416057 2243.457215 2336.291674 2428.912015 2521.311614 2613.491157 2705.398728 2797.030807 2888.378263 2979.428750 3070.170101 3160.600739 3250.632031 3340.259290 3429.462669 3518.221851 3606.502609 3694.157578 3781.144924 3867.416495 3952.878448 4037.325807 4120.707612 4202.909192 4283.543704 4362.528876 4439.355903 4513.706240 4584.934278 4652.631175 4715.366765 4772.002729 4821.214832 4861.952460 4893.291520 4915.419020 4930.067115 4940.377500 4948.361198 4975.185951 4975.185951 4975.185951 4975.185951 4975.185951 4975.185951 4975.185951 4975.185951 4975.185951 4975.185951 4975.185951 4975.185951 4975.185951 4975.185951 4975.185951 4975.185951 4975.185951 4975.185951 4975.185951 4975.185951 4975.185951 4975.185951 4975.185951 4975.185951 4975.185951 4975.185951 4975.185951 4975.185951 4975.185951 4975.185951 4975.185951 4975.185951 4975.185951 4975.185951 4975.185951 4975.185951 4975.185951 4975.185951 -9999.0 -9999.0
-9999.0 -9999.0 -9999.0 -9999.0 -9999.0 -9999.0 -9999.0 -9999.0 -9999.0 -9999.0 -9999.0 -9999.0 -9999.0 -9999.0 -9999.0 -9999.0 -9999.0 -9999.0 -9999.0 -9999.0 -9999.0 -9999.0 -9999.0 -9999.0 -9999.0 -9999.0 -9999.0 -9999.0 -9999.0 -9999.0 -9999.0 -9999.0 -9999.0 -9999.0 -9999.0 -9999.0 -9999.0 -9999.0 -9999.0 -9999.0 -9999.0 -9999.0 -9999.0 -9999.0 -9999.0 -9999.0 -9999.0 -9999.0 -9999.0 -9999.0 -9999.0 -9999.0 -9999.0 -9999.0 -9999.0 -9999.0 -9999.0 -9999.0 -9999.0 -9999.0 -9999.0 -9999.0 -9999.0 -9999.0 -9999.0 -9999.0 -9999.0 -9999.0 -9999.0 -9999.0 -9999.0 -9999.0 -9999.0 -9999.0 -9999.0 -9999.0 -9999.0 -9999.0 -9999.0 -9999.0 -9999.0 -9999.0 -9999.0 -9999.0 -9999.0 -9999.0 -9999.0 -9999.0 -9999.0 -9999.0 -9999.0 -9999.0 -9999.0 -9999.0 -9999.0 -9999.0 -9999.0 -9999.0 -9999.0 -9999.0 -9999.0 -9999.0 -9999.0 -9999.0
-9999.0 -9999.0 -9999.0 -9999.0 -9999.0 -9999.0 -9999.0 -9999.0 -9999.0 -9999.0 -9999.0 -9999.0 -9999.0 -9999.0 -9999.0 -9999.0 -9999.0 -9999.0 -9999.0 -9999.0 -9999.0 -9999.0 -9999.0 -9999.0 -9999.0 -9999.0 -9999.0 -9999.0 -9999.0 -9999.0 -9999.0 -9999.0 -9999.0 -9999.0 -9999.0 -9999.0 -9999.0 -9999.0 -9999.0 -9999.0 -9999.0 -9999.0 -9999.0 -9999.0 -9999.0 -9999.0 -9999.0 -9999.0 -9999.0 -9999.0 -9999.0 -9999.0 -9999.0 -9999.0 -9999.0 -9999.0 -9999.0 -9999.0 -9999.0 -9999.0 -9999.0 -9999.0 -9999.0 -9999.0 -9999.0 -9999.0 -9999.0 -9999.0 -9999.0 -9999.0 -9999.0 -9999.0 -9999.0 -9999.0 -9999.0 -9999.0 -9999.0 -9999.0 -9999.0 -9999.0 -9999.0 -9999.0 -9999.0 -9999.0 -9999.0 -9999.0 -9999.0 -9999.0 -9999.0 -9999.0 -9999.0 -9999.0 -9999.0 -9999.0 -9999.0 -9999.0 -9999.0 -9999.0 -9999.0 -9999.0 -9999.0 -9999.0 -9999.0 -9999.0