inst/processing_geotop_simulation/geotop_simulation/out/maps/wttopN0022.asc
ncols         104
nrows         10
xllcorner     -2.000000
yllcorner     0.000000
cellsize      1.000000
NODATA_value  -9999.0
-9999.0 -9999.0 -9999.0 -9999.0 -9999.0 -9999.0 -9999.0 -9999.0 -9999.0 -9999.0 -9999.0 -9999.0 -9999.0 -9999.0 -9999.0 -9999.0 -9999.0 -9999.0 -9999.0 -9999.0 -9999.0 -9999.0 -9999.0 -9999.0 -9999.0 -9999.0 -9999.0 -9999.0 -9999.0 -9999.0 -9999.0 -9999.0 -9999.0 -9999.0 -9999.0 -9999.0 -9999.0 -9999.0 -9999.0 -9999.0 -9999.0 -9999.0 -9999.0 -9999.0 -9999.0 -9999.0 -9999.0 -9999.0 -9999.0 -9999.0 -9999.0 -9999.0 -9999.0 -9999.0 -9999.0 -9999.0 -9999.0 -9999.0 -9999.0 -9999.0 -9999.0 -9999.0 -9999.0 -9999.0 -9999.0 -9999.0 -9999.0 -9999.0 -9999.0 -9999.0 -9999.0 -9999.0 -9999.0 -9999.0 -9999.0 -9999.0 -9999.0 -9999.0 -9999.0 -9999.0 -9999.0 -9999.0 -9999.0 -9999.0 -9999.0 -9999.0 -9999.0 -9999.0 -9999.0 -9999.0 -9999.0 -9999.0 -9999.0 -9999.0 -9999.0 -9999.0 -9999.0 -9999.0 -9999.0 -9999.0 -9999.0 -9999.0 -9999.0 -9999.0
-9999.0 -9999.0 -9999.0 -9999.0 -9999.0 -9999.0 -9999.0 -9999.0 -9999.0 -9999.0 -9999.0 -9999.0 -9999.0 -9999.0 -9999.0 -9999.0 -9999.0 -9999.0 -9999.0 -9999.0 -9999.0 -9999.0 -9999.0 -9999.0 -9999.0 -9999.0 -9999.0 -9999.0 -9999.0 -9999.0 -9999.0 -9999.0 -9999.0 -9999.0 -9999.0 -9999.0 -9999.0 -9999.0 -9999.0 -9999.0 -9999.0 -9999.0 -9999.0 -9999.0 -9999.0 -9999.0 -9999.0 -9999.0 -9999.0 -9999.0 -9999.0 -9999.0 -9999.0 -9999.0 -9999.0 -9999.0 -9999.0 -9999.0 -9999.0 -9999.0 -9999.0 -9999.0 -9999.0 -9999.0 -9999.0 -9999.0 -9999.0 -9999.0 -9999.0 -9999.0 -9999.0 -9999.0 -9999.0 -9999.0 -9999.0 -9999.0 -9999.0 -9999.0 -9999.0 -9999.0 -9999.0 -9999.0 -9999.0 -9999.0 -9999.0 -9999.0 -9999.0 -9999.0 -9999.0 -9999.0 -9999.0 -9999.0 -9999.0 -9999.0 -9999.0 -9999.0 -9999.0 -9999.0 -9999.0 -9999.0 -9999.0 -9999.0 -9999.0 -9999.0
-9999.0 -9999.0 0.000000 0.000000 193.306535 294.163115 398.503650 505.020997 613.301597 724.799388 844.920612 962.214280 1077.078189 1189.176694 1298.101816 0.000000 0.000000 0.000000 0.000000 166.126598 216.172782 272.303741 334.741091 402.846088 475.940649 552.272215 631.231156 711.525094 792.936877 875.132327 957.879631 1041.469268 1125.978855 1210.949979 1296.362579 1382.101480 1467.679856 1549.554654 1627.283594 1701.841405 1785.415634 1897.455737 2042.729316 4975.185951 4975.185951 4975.185951 4975.185951 4975.185951 4975.185951 4975.185951 4975.185951 1517.313403 1485.482428 1457.766209 1433.070330 1409.007597 1384.576827 1359.710976 1330.342807 1314.511287 1307.333520 1298.501007 1157.296379 1175.316663 1194.044367 1216.802660 1243.625505 1273.300194 1305.428545 1339.765296 1375.900725 1413.243276 1451.641234 1490.896966 1530.809757 1571.209035 1611.652371 1651.818644 1691.585406 1730.887421 1769.766317 1808.044025 1845.189432 1881.431719 1917.217189 1952.098863 1985.962472 2019.660068 2052.772438 2085.028540 2117.737492 2149.138121 4975.185951 4975.185951 4975.185951 4975.185951 4975.185951 4975.185951 4975.185951 4975.185951 4975.185951 4975.185951 -9999.0 -9999.0
-9999.0 -9999.0 0.000000 0.000000 193.299626 294.160885 398.502831 505.020689 613.301474 724.799339 844.920593 962.214272 1077.078186 1189.176693 1298.101815 0.000000 0.000000 0.000000 0.000000 166.126598 216.172782 272.303741 334.741091 402.846088 475.940650 552.272214 631.231156 711.525094 792.936877 875.132327 957.879631 1041.469267 1125.978855 1210.949979 1296.362579 1382.101479 1467.679856 1549.554653 1627.283594 1701.841405 1785.415634 1897.455738 2042.729316 4975.185951 4975.185951 4975.185951 4975.185951 4975.185951 4975.185951 4975.185951 4975.185951 1517.313403 1485.482427 1457.766209 1433.070330 1409.007597 1384.576827 1359.710976 1330.342806 1314.511287 1307.333520 1298.501007 1157.296379 1175.316663 1194.044367 1216.802660 1243.625505 1273.300194 1305.428545 1339.765296 1375.900725 1413.243276 1451.641234 1490.896966 1530.809757 1571.209035 1611.652371 1651.818644 1691.585406 1730.887421 1769.766317 1808.044025 1845.189432 1881.431719 1917.217189 1952.098863 1985.962472 2019.660068 2052.772438 2085.028540 2117.737492 2149.138121 4975.185951 4975.185951 4975.185951 4975.185951 4975.185951 4975.185951 4975.185951 4975.185951 4975.185951 4975.185951 -9999.0 -9999.0
-9999.0 -9999.0 0.000000 0.000000 193.295009 294.159057 398.502093 505.020396 613.301355 724.799292 844.920573 962.214264 1077.078183 1189.176691 1298.101815 0.000000 0.000000 0.000000 0.000000 166.126598 216.172782 272.303741 334.741091 402.846088 475.940650 552.272215 631.231156 711.525094 792.936877 875.132327 957.879631 1041.469267 1125.978855 1210.949979 1296.362578 1382.101479 1467.679856 1549.554653 1627.283594 1701.841405 1785.415635 1897.455738 2042.729316 4975.185951 4975.185951 4975.185951 4975.185951 4975.185951 4975.185951 4975.185951 4975.185951 1517.313403 1485.482428 1457.766209 1433.070330 1409.007597 1384.576827 1359.710976 1330.342807 1314.511287 1307.333520 1298.501007 1157.296379 1175.316663 1194.044367 1216.802660 1243.625505 1273.300194 1305.428545 1339.765296 1375.900725 1413.243276 1451.641234 1490.896966 1530.809757 1571.209035 1611.652371 1651.818644 1691.585406 1730.887421 1769.766317 1808.044025 1845.189432 1881.431719 1917.217189 1952.098863 1985.962472 2019.660068 2052.772438 2085.028540 2117.737492 2149.138121 4975.185951 4975.185951 4975.185951 4975.185951 4975.185951 4975.185951 4975.185951 4975.185951 4975.185951 4975.185951 -9999.0 -9999.0
-9999.0 -9999.0 0.000000 0.000000 193.295009 294.159057 398.502093 505.020396 613.301355 724.799292 844.920573 962.214264 1077.078183 1189.176691 1298.101815 0.000000 0.000000 0.000000 0.000000 166.126598 216.172782 272.303741 334.741091 402.846088 475.940650 552.272215 631.231156 711.525094 792.936877 875.132327 957.879631 1041.469267 1125.978855 1210.949979 1296.362578 1382.101479 1467.679856 1549.554653 1627.283594 1701.841405 1785.415635 1897.455738 2042.729316 4975.185951 4975.185951 4975.185951 4975.185951 4975.185951 4975.185951 4975.185951 4975.185951 1517.313403 1485.482427 1457.766209 1433.070330 1409.007597 1384.576827 1359.710976 1330.342806 1314.511287 1307.333520 1298.501007 1157.296379 1175.316663 1194.044367 1216.802660 1243.625505 1273.300194 1305.428545 1339.765296 1375.900725 1413.243276 1451.641234 1490.896966 1530.809757 1571.209035 1611.652371 1651.818644 1691.585406 1730.887421 1769.766317 1808.044025 1845.189432 1881.431719 1917.217189 1952.098863 1985.962472 2019.660068 2052.772438 2085.028540 2117.737492 2149.138121 4975.185951 4975.185951 4975.185951 4975.185951 4975.185951 4975.185951 4975.185951 4975.185951 4975.185951 4975.185951 -9999.0 -9999.0
-9999.0 -9999.0 0.000000 0.000000 193.299626 294.160885 398.502831 505.020689 613.301474 724.799339 844.920593 962.214272 1077.078186 1189.176693 1298.101815 0.000000 0.000000 0.000000 0.000000 166.126598 216.172782 272.303741 334.741091 402.846088 475.940650 552.272214 631.231156 711.525094 792.936877 875.132327 957.879631 1041.469267 1125.978855 1210.949979 1296.362579 1382.101479 1467.679856 1549.554653 1627.283594 1701.841405 1785.415634 1897.455738 2042.729316 4975.185951 4975.185951 4975.185951 4975.185951 4975.185951 4975.185951 4975.185951 4975.185951 1517.313403 1485.482428 1457.766209 1433.070330 1409.007597 1384.576827 1359.710976 1330.342807 1314.511287 1307.333520 1298.501007 1157.296379 1175.316663 1194.044367 1216.802660 1243.625505 1273.300194 1305.428545 1339.765296 1375.900725 1413.243276 1451.641234 1490.896966 1530.809757 1571.209035 1611.652371 1651.818644 1691.585406 1730.887421 1769.766317 1808.044025 1845.189432 1881.431719 1917.217189 1952.098863 1985.962472 2019.660068 2052.772438 2085.028540 2117.737492 2149.138121 4975.185951 4975.185951 4975.185951 4975.185951 4975.185951 4975.185951 4975.185951 4975.185951 4975.185951 4975.185951 -9999.0 -9999.0
-9999.0 -9999.0 0.000000 0.000000 193.306535 294.163115 398.503650 505.020997 613.301597 724.799388 844.920612 962.214280 1077.078189 1189.176694 1298.101816 0.000000 0.000000 0.000000 0.000000 166.126598 216.172782 272.303741 334.741091 402.846088 475.940649 552.272215 631.231156 711.525094 792.936877 875.132327 957.879631 1041.469268 1125.978855 1210.949979 1296.362579 1382.101480 1467.679856 1549.554654 1627.283594 1701.841405 1785.415634 1897.455737 2042.729316 4975.185951 4975.185951 4975.185951 4975.185951 4975.185951 4975.185951 4975.185951 4975.185951 1517.313403 1485.482427 1457.766209 1433.070330 1409.007597 1384.576827 1359.710976 1330.342806 1314.511287 1307.333520 1298.501007 1157.296379 1175.316663 1194.044367 1216.802660 1243.625505 1273.300194 1305.428545 1339.765296 1375.900725 1413.243276 1451.641234 1490.896966 1530.809757 1571.209035 1611.652371 1651.818644 1691.585406 1730.887421 1769.766317 1808.044025 1845.189432 1881.431719 1917.217189 1952.098863 1985.962472 2019.660068 2052.772438 2085.028540 2117.737492 2149.138121 4975.185951 4975.185951 4975.185951 4975.185951 4975.185951 4975.185951 4975.185951 4975.185951 4975.185951 4975.185951 -9999.0 -9999.0
-9999.0 -9999.0 -9999.0 -9999.0 -9999.0 -9999.0 -9999.0 -9999.0 -9999.0 -9999.0 -9999.0 -9999.0 -9999.0 -9999.0 -9999.0 -9999.0 -9999.0 -9999.0 -9999.0 -9999.0 -9999.0 -9999.0 -9999.0 -9999.0 -9999.0 -9999.0 -9999.0 -9999.0 -9999.0 -9999.0 -9999.0 -9999.0 -9999.0 -9999.0 -9999.0 -9999.0 -9999.0 -9999.0 -9999.0 -9999.0 -9999.0 -9999.0 -9999.0 -9999.0 -9999.0 -9999.0 -9999.0 -9999.0 -9999.0 -9999.0 -9999.0 -9999.0 -9999.0 -9999.0 -9999.0 -9999.0 -9999.0 -9999.0 -9999.0 -9999.0 -9999.0 -9999.0 -9999.0 -9999.0 -9999.0 -9999.0 -9999.0 -9999.0 -9999.0 -9999.0 -9999.0 -9999.0 -9999.0 -9999.0 -9999.0 -9999.0 -9999.0 -9999.0 -9999.0 -9999.0 -9999.0 -9999.0 -9999.0 -9999.0 -9999.0 -9999.0 -9999.0 -9999.0 -9999.0 -9999.0 -9999.0 -9999.0 -9999.0 -9999.0 -9999.0 -9999.0 -9999.0 -9999.0 -9999.0 -9999.0 -9999.0 -9999.0 -9999.0 -9999.0
-9999.0 -9999.0 -9999.0 -9999.0 -9999.0 -9999.0 -9999.0 -9999.0 -9999.0 -9999.0 -9999.0 -9999.0 -9999.0 -9999.0 -9999.0 -9999.0 -9999.0 -9999.0 -9999.0 -9999.0 -9999.0 -9999.0 -9999.0 -9999.0 -9999.0 -9999.0 -9999.0 -9999.0 -9999.0 -9999.0 -9999.0 -9999.0 -9999.0 -9999.0 -9999.0 -9999.0 -9999.0 -9999.0 -9999.0 -9999.0 -9999.0 -9999.0 -9999.0 -9999.0 -9999.0 -9999.0 -9999.0 -9999.0 -9999.0 -9999.0 -9999.0 -9999.0 -9999.0 -9999.0 -9999.0 -9999.0 -9999.0 -9999.0 -9999.0 -9999.0 -9999.0 -9999.0 -9999.0 -9999.0 -9999.0 -9999.0 -9999.0 -9999.0 -9999.0 -9999.0 -9999.0 -9999.0 -9999.0 -9999.0 -9999.0 -9999.0 -9999.0 -9999.0 -9999.0 -9999.0 -9999.0 -9999.0 -9999.0 -9999.0 -9999.0 -9999.0 -9999.0 -9999.0 -9999.0 -9999.0 -9999.0 -9999.0 -9999.0 -9999.0 -9999.0 -9999.0 -9999.0 -9999.0 -9999.0 -9999.0 -9999.0 -9999.0 -9999.0 -9999.0