inst/processing_geotop_simulation/geotop_simulation/out/maps/wttopN0204.asc
ncols         104
nrows         10
xllcorner     -2.000000
yllcorner     0.000000
cellsize      1.000000
NODATA_value  -9999.0
-9999.0 -9999.0 -9999.0 -9999.0 -9999.0 -9999.0 -9999.0 -9999.0 -9999.0 -9999.0 -9999.0 -9999.0 -9999.0 -9999.0 -9999.0 -9999.0 -9999.0 -9999.0 -9999.0 -9999.0 -9999.0 -9999.0 -9999.0 -9999.0 -9999.0 -9999.0 -9999.0 -9999.0 -9999.0 -9999.0 -9999.0 -9999.0 -9999.0 -9999.0 -9999.0 -9999.0 -9999.0 -9999.0 -9999.0 -9999.0 -9999.0 -9999.0 -9999.0 -9999.0 -9999.0 -9999.0 -9999.0 -9999.0 -9999.0 -9999.0 -9999.0 -9999.0 -9999.0 -9999.0 -9999.0 -9999.0 -9999.0 -9999.0 -9999.0 -9999.0 -9999.0 -9999.0 -9999.0 -9999.0 -9999.0 -9999.0 -9999.0 -9999.0 -9999.0 -9999.0 -9999.0 -9999.0 -9999.0 -9999.0 -9999.0 -9999.0 -9999.0 -9999.0 -9999.0 -9999.0 -9999.0 -9999.0 -9999.0 -9999.0 -9999.0 -9999.0 -9999.0 -9999.0 -9999.0 -9999.0 -9999.0 -9999.0 -9999.0 -9999.0 -9999.0 -9999.0 -9999.0 -9999.0 -9999.0 -9999.0 -9999.0 -9999.0 -9999.0 -9999.0
-9999.0 -9999.0 -9999.0 -9999.0 -9999.0 -9999.0 -9999.0 -9999.0 -9999.0 -9999.0 -9999.0 -9999.0 -9999.0 -9999.0 -9999.0 -9999.0 -9999.0 -9999.0 -9999.0 -9999.0 -9999.0 -9999.0 -9999.0 -9999.0 -9999.0 -9999.0 -9999.0 -9999.0 -9999.0 -9999.0 -9999.0 -9999.0 -9999.0 -9999.0 -9999.0 -9999.0 -9999.0 -9999.0 -9999.0 -9999.0 -9999.0 -9999.0 -9999.0 -9999.0 -9999.0 -9999.0 -9999.0 -9999.0 -9999.0 -9999.0 -9999.0 -9999.0 -9999.0 -9999.0 -9999.0 -9999.0 -9999.0 -9999.0 -9999.0 -9999.0 -9999.0 -9999.0 -9999.0 -9999.0 -9999.0 -9999.0 -9999.0 -9999.0 -9999.0 -9999.0 -9999.0 -9999.0 -9999.0 -9999.0 -9999.0 -9999.0 -9999.0 -9999.0 -9999.0 -9999.0 -9999.0 -9999.0 -9999.0 -9999.0 -9999.0 -9999.0 -9999.0 -9999.0 -9999.0 -9999.0 -9999.0 -9999.0 -9999.0 -9999.0 -9999.0 -9999.0 -9999.0 -9999.0 -9999.0 -9999.0 -9999.0 -9999.0 -9999.0 -9999.0
-9999.0 -9999.0 0.000000 0.000000 183.413777 280.912609 378.800335 476.844275 574.941302 673.040952 771.117079 869.153383 967.143045 1065.081797 1162.967055 1260.796274 1358.566540 1456.275143 1553.919233 1651.495764 1749.001764 1846.434411 1943.790799 2041.067784 2138.261917 2235.369394 2332.386021 2429.307173 2526.127747 2622.842105 2719.444022 2815.926739 2912.283841 3008.501140 3104.565448 3200.466385 3296.190239 3391.720963 3487.039843 3582.124871 3676.949510 3771.479912 3865.670366 3959.465034 4052.784039 4145.518557 4237.559399 4328.757357 4418.910703 4507.746253 4594.727543 4679.057904 4759.641786 4833.926974 4898.512895 4947.147514 4975.185951 4975.185951 4975.185951 4975.185951 4975.185951 4975.185951 4975.185951 4975.185951 4975.185951 4975.185951 4975.185951 4975.185951 4975.185951 4975.185951 4975.185951 4975.185951 4975.185951 4975.185951 4975.185951 4975.185951 4975.185951 4975.185951 4975.185951 4975.185951 4975.185951 4975.185951 4975.185951 4975.185951 4975.185951 4975.185951 4975.185951 4975.185951 4975.185951 4975.185951 4975.185951 4975.185951 4975.185951 4975.185951 4975.185951 4975.185951 4975.185951 4975.185951 4975.185951 4975.185951 4975.185951 4975.185951 -9999.0 -9999.0
-9999.0 -9999.0 0.000000 0.000000 183.413225 280.912449 378.800284 476.844259 574.941296 673.040950 771.117078 869.153382 967.143045 1065.081797 1162.967055 1260.796274 1358.566540 1456.275144 1553.919234 1651.495764 1749.001764 1846.434412 1943.790799 2041.067785 2138.261918 2235.369394 2332.386021 2429.307174 2526.127748 2622.842105 2719.444023 2815.926739 2912.283842 3008.501141 3104.565449 3200.466386 3296.190240 3391.720964 3487.039844 3582.124872 3676.949510 3771.479912 3865.670365 3959.465034 4052.784039 4145.518556 4237.559398 4328.757356 4418.910703 4507.746253 4594.727542 4679.057904 4759.641786 4833.926974 4898.512895 4947.147514 4975.185951 4975.185951 4975.185951 4975.185951 4975.185951 4975.185951 4975.185951 4975.185951 4975.185951 4975.185951 4975.185951 4975.185951 4975.185951 4975.185951 4975.185951 4975.185951 4975.185951 4975.185951 4975.185951 4975.185951 4975.185951 4975.185951 4975.185951 4975.185951 4975.185951 4975.185951 4975.185951 4975.185951 4975.185951 4975.185951 4975.185951 4975.185951 4975.185951 4975.185951 4975.185951 4975.185951 4975.185951 4975.185951 4975.185951 4975.185951 4975.185951 4975.185951 4975.185951 4975.185951 4975.185951 4975.185951 -9999.0 -9999.0
-9999.0 -9999.0 0.000000 0.000000 183.412876 280.912323 378.800240 476.844243 574.941290 673.040948 771.117077 869.153382 967.143045 1065.081797 1162.967055 1260.796274 1358.566540 1456.275144 1553.919234 1651.495764 1749.001765 1846.434412 1943.790799 2041.067785 2138.261918 2235.369395 2332.386022 2429.307174 2526.127748 2622.842106 2719.444023 2815.926740 2912.283842 3008.501141 3104.565449 3200.466386 3296.190240 3391.720964 3487.039844 3582.124872 3676.949511 3771.479912 3865.670365 3959.465034 4052.784038 4145.518556 4237.559398 4328.757356 4418.910702 4507.746252 4594.727542 4679.057904 4759.641786 4833.926974 4898.512895 4947.147514 4975.185951 4975.185951 4975.185951 4975.185951 4975.185951 4975.185951 4975.185951 4975.185951 4975.185951 4975.185951 4975.185951 4975.185951 4975.185951 4975.185951 4975.185951 4975.185951 4975.185951 4975.185951 4975.185951 4975.185951 4975.185951 4975.185951 4975.185951 4975.185951 4975.185951 4975.185951 4975.185951 4975.185951 4975.185951 4975.185951 4975.185951 4975.185951 4975.185951 4975.185951 4975.185951 4975.185951 4975.185951 4975.185951 4975.185951 4975.185951 4975.185951 4975.185951 4975.185951 4975.185951 4975.185951 4975.185951 -9999.0 -9999.0
-9999.0 -9999.0 0.000000 0.000000 183.412876 280.912323 378.800240 476.844243 574.941290 673.040948 771.117077 869.153382 967.143045 1065.081797 1162.967055 1260.796274 1358.566540 1456.275144 1553.919234 1651.495764 1749.001765 1846.434412 1943.790799 2041.067785 2138.261918 2235.369395 2332.386022 2429.307174 2526.127748 2622.842106 2719.444023 2815.926740 2912.283842 3008.501141 3104.565449 3200.466386 3296.190240 3391.720964 3487.039844 3582.124872 3676.949511 3771.479912 3865.670365 3959.465034 4052.784038 4145.518556 4237.559398 4328.757356 4418.910702 4507.746252 4594.727542 4679.057904 4759.641786 4833.926974 4898.512895 4947.147514 4975.185951 4975.185951 4975.185951 4975.185951 4975.185951 4975.185951 4975.185951 4975.185951 4975.185951 4975.185951 4975.185951 4975.185951 4975.185951 4975.185951 4975.185951 4975.185951 4975.185951 4975.185951 4975.185951 4975.185951 4975.185951 4975.185951 4975.185951 4975.185951 4975.185951 4975.185951 4975.185951 4975.185951 4975.185951 4975.185951 4975.185951 4975.185951 4975.185951 4975.185951 4975.185951 4975.185951 4975.185951 4975.185951 4975.185951 4975.185951 4975.185951 4975.185951 4975.185951 4975.185951 4975.185951 4975.185951 -9999.0 -9999.0
-9999.0 -9999.0 0.000000 0.000000 183.413225 280.912449 378.800284 476.844259 574.941296 673.040950 771.117078 869.153382 967.143045 1065.081797 1162.967055 1260.796274 1358.566540 1456.275144 1553.919234 1651.495764 1749.001764 1846.434412 1943.790799 2041.067785 2138.261918 2235.369394 2332.386021 2429.307174 2526.127748 2622.842105 2719.444023 2815.926739 2912.283842 3008.501141 3104.565449 3200.466386 3296.190240 3391.720964 3487.039844 3582.124872 3676.949510 3771.479912 3865.670365 3959.465034 4052.784039 4145.518556 4237.559398 4328.757356 4418.910703 4507.746253 4594.727542 4679.057904 4759.641786 4833.926974 4898.512895 4947.147514 4975.185951 4975.185951 4975.185951 4975.185951 4975.185951 4975.185951 4975.185951 4975.185951 4975.185951 4975.185951 4975.185951 4975.185951 4975.185951 4975.185951 4975.185951 4975.185951 4975.185951 4975.185951 4975.185951 4975.185951 4975.185951 4975.185951 4975.185951 4975.185951 4975.185951 4975.185951 4975.185951 4975.185951 4975.185951 4975.185951 4975.185951 4975.185951 4975.185951 4975.185951 4975.185951 4975.185951 4975.185951 4975.185951 4975.185951 4975.185951 4975.185951 4975.185951 4975.185951 4975.185951 4975.185951 4975.185951 -9999.0 -9999.0
-9999.0 -9999.0 0.000000 0.000000 183.413777 280.912609 378.800335 476.844275 574.941302 673.040952 771.117079 869.153383 967.143045 1065.081797 1162.967055 1260.796273 1358.566540 1456.275143 1553.919233 1651.495764 1749.001764 1846.434411 1943.790799 2041.067784 2138.261917 2235.369394 2332.386021 2429.307173 2526.127747 2622.842105 2719.444022 2815.926739 2912.283841 3008.501140 3104.565448 3200.466385 3296.190239 3391.720963 3487.039843 3582.124871 3676.949510 3771.479912 3865.670366 3959.465034 4052.784039 4145.518557 4237.559399 4328.757357 4418.910703 4507.746253 4594.727543 4679.057904 4759.641786 4833.926974 4898.512895 4947.147514 4975.185951 4975.185951 4975.185951 4975.185951 4975.185951 4975.185951 4975.185951 4975.185951 4975.185951 4975.185951 4975.185951 4975.185951 4975.185951 4975.185951 4975.185951 4975.185951 4975.185951 4975.185951 4975.185951 4975.185951 4975.185951 4975.185951 4975.185951 4975.185951 4975.185951 4975.185951 4975.185951 4975.185951 4975.185951 4975.185951 4975.185951 4975.185951 4975.185951 4975.185951 4975.185951 4975.185951 4975.185951 4975.185951 4975.185951 4975.185951 4975.185951 4975.185951 4975.185951 4975.185951 4975.185951 4975.185951 -9999.0 -9999.0
-9999.0 -9999.0 -9999.0 -9999.0 -9999.0 -9999.0 -9999.0 -9999.0 -9999.0 -9999.0 -9999.0 -9999.0 -9999.0 -9999.0 -9999.0 -9999.0 -9999.0 -9999.0 -9999.0 -9999.0 -9999.0 -9999.0 -9999.0 -9999.0 -9999.0 -9999.0 -9999.0 -9999.0 -9999.0 -9999.0 -9999.0 -9999.0 -9999.0 -9999.0 -9999.0 -9999.0 -9999.0 -9999.0 -9999.0 -9999.0 -9999.0 -9999.0 -9999.0 -9999.0 -9999.0 -9999.0 -9999.0 -9999.0 -9999.0 -9999.0 -9999.0 -9999.0 -9999.0 -9999.0 -9999.0 -9999.0 -9999.0 -9999.0 -9999.0 -9999.0 -9999.0 -9999.0 -9999.0 -9999.0 -9999.0 -9999.0 -9999.0 -9999.0 -9999.0 -9999.0 -9999.0 -9999.0 -9999.0 -9999.0 -9999.0 -9999.0 -9999.0 -9999.0 -9999.0 -9999.0 -9999.0 -9999.0 -9999.0 -9999.0 -9999.0 -9999.0 -9999.0 -9999.0 -9999.0 -9999.0 -9999.0 -9999.0 -9999.0 -9999.0 -9999.0 -9999.0 -9999.0 -9999.0 -9999.0 -9999.0 -9999.0 -9999.0 -9999.0 -9999.0
-9999.0 -9999.0 -9999.0 -9999.0 -9999.0 -9999.0 -9999.0 -9999.0 -9999.0 -9999.0 -9999.0 -9999.0 -9999.0 -9999.0 -9999.0 -9999.0 -9999.0 -9999.0 -9999.0 -9999.0 -9999.0 -9999.0 -9999.0 -9999.0 -9999.0 -9999.0 -9999.0 -9999.0 -9999.0 -9999.0 -9999.0 -9999.0 -9999.0 -9999.0 -9999.0 -9999.0 -9999.0 -9999.0 -9999.0 -9999.0 -9999.0 -9999.0 -9999.0 -9999.0 -9999.0 -9999.0 -9999.0 -9999.0 -9999.0 -9999.0 -9999.0 -9999.0 -9999.0 -9999.0 -9999.0 -9999.0 -9999.0 -9999.0 -9999.0 -9999.0 -9999.0 -9999.0 -9999.0 -9999.0 -9999.0 -9999.0 -9999.0 -9999.0 -9999.0 -9999.0 -9999.0 -9999.0 -9999.0 -9999.0 -9999.0 -9999.0 -9999.0 -9999.0 -9999.0 -9999.0 -9999.0 -9999.0 -9999.0 -9999.0 -9999.0 -9999.0 -9999.0 -9999.0 -9999.0 -9999.0 -9999.0 -9999.0 -9999.0 -9999.0 -9999.0 -9999.0 -9999.0 -9999.0 -9999.0 -9999.0 -9999.0 -9999.0 -9999.0 -9999.0