inst/processing_geotop_simulation/geotop_simulation/out/maps/wttopN0092.asc
ncols         104
nrows         10
xllcorner     -2.000000
yllcorner     0.000000
cellsize      1.000000
NODATA_value  -9999.0
-9999.0 -9999.0 -9999.0 -9999.0 -9999.0 -9999.0 -9999.0 -9999.0 -9999.0 -9999.0 -9999.0 -9999.0 -9999.0 -9999.0 -9999.0 -9999.0 -9999.0 -9999.0 -9999.0 -9999.0 -9999.0 -9999.0 -9999.0 -9999.0 -9999.0 -9999.0 -9999.0 -9999.0 -9999.0 -9999.0 -9999.0 -9999.0 -9999.0 -9999.0 -9999.0 -9999.0 -9999.0 -9999.0 -9999.0 -9999.0 -9999.0 -9999.0 -9999.0 -9999.0 -9999.0 -9999.0 -9999.0 -9999.0 -9999.0 -9999.0 -9999.0 -9999.0 -9999.0 -9999.0 -9999.0 -9999.0 -9999.0 -9999.0 -9999.0 -9999.0 -9999.0 -9999.0 -9999.0 -9999.0 -9999.0 -9999.0 -9999.0 -9999.0 -9999.0 -9999.0 -9999.0 -9999.0 -9999.0 -9999.0 -9999.0 -9999.0 -9999.0 -9999.0 -9999.0 -9999.0 -9999.0 -9999.0 -9999.0 -9999.0 -9999.0 -9999.0 -9999.0 -9999.0 -9999.0 -9999.0 -9999.0 -9999.0 -9999.0 -9999.0 -9999.0 -9999.0 -9999.0 -9999.0 -9999.0 -9999.0 -9999.0 -9999.0 -9999.0 -9999.0
-9999.0 -9999.0 -9999.0 -9999.0 -9999.0 -9999.0 -9999.0 -9999.0 -9999.0 -9999.0 -9999.0 -9999.0 -9999.0 -9999.0 -9999.0 -9999.0 -9999.0 -9999.0 -9999.0 -9999.0 -9999.0 -9999.0 -9999.0 -9999.0 -9999.0 -9999.0 -9999.0 -9999.0 -9999.0 -9999.0 -9999.0 -9999.0 -9999.0 -9999.0 -9999.0 -9999.0 -9999.0 -9999.0 -9999.0 -9999.0 -9999.0 -9999.0 -9999.0 -9999.0 -9999.0 -9999.0 -9999.0 -9999.0 -9999.0 -9999.0 -9999.0 -9999.0 -9999.0 -9999.0 -9999.0 -9999.0 -9999.0 -9999.0 -9999.0 -9999.0 -9999.0 -9999.0 -9999.0 -9999.0 -9999.0 -9999.0 -9999.0 -9999.0 -9999.0 -9999.0 -9999.0 -9999.0 -9999.0 -9999.0 -9999.0 -9999.0 -9999.0 -9999.0 -9999.0 -9999.0 -9999.0 -9999.0 -9999.0 -9999.0 -9999.0 -9999.0 -9999.0 -9999.0 -9999.0 -9999.0 -9999.0 -9999.0 -9999.0 -9999.0 -9999.0 -9999.0 -9999.0 -9999.0 -9999.0 -9999.0 -9999.0 -9999.0 -9999.0 -9999.0
-9999.0 -9999.0 0.000000 0.000000 174.107274 270.042898 366.548507 463.255416 559.997725 656.696593 753.323353 849.809059 946.010048 1041.931760 1137.592286 1232.994028 1328.125377 1422.975281 1517.431715 1611.789334 1705.711107 1799.286805 1892.498394 1985.326873 2077.753075 2169.759524 2261.339411 2352.426167 2443.000966 2533.040278 2622.522928 2711.444953 2799.719805 2887.312192 2974.206539 3060.409983 3145.792949 3230.326444 3314.029198 3396.790701 3478.524894 3559.294398 3638.826469 3717.120059 3794.036723 3869.458186 3943.295178 4015.430924 4085.631498 4153.960741 4219.875083 4283.172987 4344.001842 4402.423451 4457.961537 4510.337660 4559.425861 4605.091147 4646.867999 4684.700259 4718.872038 4749.548324 4776.163759 4800.108909 4820.503243 4838.271359 4854.812386 4868.132541 4879.626259 4890.230660 4900.558162 4909.358255 4916.619426 4923.128045 4929.323836 4935.502255 4941.881972 4948.650418 4975.185951 4975.185951 4975.185951 4975.185951 4975.185951 4975.185951 4975.185951 4975.185951 4975.185951 4975.185951 4975.185951 4975.185951 4975.185951 4975.185951 4975.185951 4975.185951 4975.185951 4975.185951 4975.185951 4975.185951 4975.185951 4975.185951 4975.185951 4975.185951 -9999.0 -9999.0
-9999.0 -9999.0 0.000000 0.000000 174.106700 270.042732 366.548456 463.255399 559.997720 656.696592 753.323353 849.809060 946.010048 1041.931760 1137.592287 1232.994028 1328.125377 1422.975281 1517.431715 1611.789334 1705.711107 1799.286805 1892.498394 1985.326873 2077.753075 2169.759524 2261.339411 2352.426166 2443.000966 2533.040278 2622.522927 2711.444953 2799.719804 2887.312191 2974.206538 3060.409983 3145.792948 3230.326443 3314.029198 3396.790701 3478.524894 3559.294398 3638.826469 3717.120059 3794.036724 3869.458187 3943.295178 4015.430925 4085.631499 4153.960742 4219.875084 4283.172988 4344.001842 4402.423451 4457.961538 4510.337660 4559.425861 4605.091147 4646.867999 4684.700259 4718.872038 4749.548324 4776.163759 4800.108909 4820.503243 4838.271359 4854.812386 4868.132541 4879.626259 4890.230660 4900.558162 4909.358255 4916.619426 4923.128045 4929.323836 4935.502255 4941.881972 4948.650418 4975.185951 4975.185951 4975.185951 4975.185951 4975.185951 4975.185951 4975.185951 4975.185951 4975.185951 4975.185951 4975.185951 4975.185951 4975.185951 4975.185951 4975.185951 4975.185951 4975.185951 4975.185951 4975.185951 4975.185951 4975.185951 4975.185951 4975.185951 4975.185951 -9999.0 -9999.0
-9999.0 -9999.0 0.000000 0.000000 174.106337 270.042602 366.548410 463.255383 559.997714 656.696590 753.323352 849.809060 946.010049 1041.931761 1137.592287 1232.994028 1328.125377 1422.975281 1517.431715 1611.789334 1705.711107 1799.286805 1892.498394 1985.326873 2077.753075 2169.759523 2261.339411 2352.426166 2443.000966 2533.040278 2622.522927 2711.444953 2799.719804 2887.312191 2974.206538 3060.409983 3145.792948 3230.326443 3314.029197 3396.790701 3478.524894 3559.294399 3638.826469 3717.120059 3794.036724 3869.458187 3943.295178 4015.430925 4085.631499 4153.960742 4219.875084 4283.172988 4344.001842 4402.423451 4457.961538 4510.337660 4559.425861 4605.091147 4646.867999 4684.700259 4718.872038 4749.548324 4776.163759 4800.108909 4820.503243 4838.271359 4854.812386 4868.132541 4879.626259 4890.230660 4900.558162 4909.358255 4916.619426 4923.128045 4929.323836 4935.502255 4941.881972 4948.650418 4975.185951 4975.185951 4975.185951 4975.185951 4975.185951 4975.185951 4975.185951 4975.185951 4975.185951 4975.185951 4975.185951 4975.185951 4975.185951 4975.185951 4975.185951 4975.185951 4975.185951 4975.185951 4975.185951 4975.185951 4975.185951 4975.185951 4975.185951 4975.185951 -9999.0 -9999.0
-9999.0 -9999.0 0.000000 0.000000 174.106337 270.042602 366.548410 463.255383 559.997714 656.696590 753.323352 849.809060 946.010049 1041.931761 1137.592287 1232.994028 1328.125377 1422.975281 1517.431715 1611.789334 1705.711107 1799.286805 1892.498394 1985.326873 2077.753075 2169.759523 2261.339411 2352.426166 2443.000966 2533.040278 2622.522927 2711.444952 2799.719804 2887.312191 2974.206538 3060.409982 3145.792948 3230.326443 3314.029198 3396.790701 3478.524894 3559.294398 3638.826469 3717.120059 3794.036724 3869.458187 3943.295178 4015.430925 4085.631499 4153.960742 4219.875084 4283.172988 4344.001842 4402.423451 4457.961538 4510.337660 4559.425861 4605.091147 4646.867999 4684.700259 4718.872038 4749.548324 4776.163759 4800.108909 4820.503243 4838.271359 4854.812386 4868.132541 4879.626259 4890.230660 4900.558162 4909.358255 4916.619426 4923.128045 4929.323836 4935.502255 4941.881972 4948.650418 4975.185951 4975.185951 4975.185951 4975.185951 4975.185951 4975.185951 4975.185951 4975.185951 4975.185951 4975.185951 4975.185951 4975.185951 4975.185951 4975.185951 4975.185951 4975.185951 4975.185951 4975.185951 4975.185951 4975.185951 4975.185951 4975.185951 4975.185951 4975.185951 -9999.0 -9999.0
-9999.0 -9999.0 0.000000 0.000000 174.106699 270.042732 366.548455 463.255399 559.997720 656.696592 753.323353 849.809060 946.010048 1041.931760 1137.592287 1232.994028 1328.125377 1422.975281 1517.431715 1611.789334 1705.711107 1799.286805 1892.498394 1985.326873 2077.753075 2169.759524 2261.339411 2352.426166 2443.000966 2533.040278 2622.522927 2711.444953 2799.719804 2887.312191 2974.206538 3060.409983 3145.792948 3230.326444 3314.029198 3396.790701 3478.524894 3559.294398 3638.826469 3717.120059 3794.036724 3869.458187 3943.295178 4015.430925 4085.631499 4153.960742 4219.875084 4283.172988 4344.001842 4402.423451 4457.961538 4510.337660 4559.425861 4605.091147 4646.867999 4684.700259 4718.872038 4749.548324 4776.163759 4800.108909 4820.503243 4838.271359 4854.812386 4868.132541 4879.626259 4890.230660 4900.558162 4909.358255 4916.619426 4923.128045 4929.323836 4935.502255 4941.881972 4948.650418 4975.185951 4975.185951 4975.185951 4975.185951 4975.185951 4975.185951 4975.185951 4975.185951 4975.185951 4975.185951 4975.185951 4975.185951 4975.185951 4975.185951 4975.185951 4975.185951 4975.185951 4975.185951 4975.185951 4975.185951 4975.185951 4975.185951 4975.185951 4975.185951 -9999.0 -9999.0
-9999.0 -9999.0 0.000000 0.000000 174.107274 270.042898 366.548507 463.255416 559.997725 656.696593 753.323353 849.809059 946.010048 1041.931760 1137.592286 1232.994028 1328.125377 1422.975281 1517.431715 1611.789334 1705.711107 1799.286806 1892.498394 1985.326873 2077.753075 2169.759524 2261.339411 2352.426167 2443.000966 2533.040278 2622.522928 2711.444953 2799.719805 2887.312191 2974.206539 3060.409983 3145.792949 3230.326444 3314.029198 3396.790701 3478.524894 3559.294398 3638.826469 3717.120059 3794.036723 3869.458186 3943.295178 4015.430924 4085.631498 4153.960741 4219.875083 4283.172987 4344.001842 4402.423451 4457.961537 4510.337660 4559.425861 4605.091147 4646.867999 4684.700259 4718.872038 4749.548324 4776.163759 4800.108909 4820.503243 4838.271359 4854.812386 4868.132541 4879.626259 4890.230660 4900.558162 4909.358255 4916.619426 4923.128045 4929.323836 4935.502255 4941.881972 4948.650418 4975.185951 4975.185951 4975.185951 4975.185951 4975.185951 4975.185951 4975.185951 4975.185951 4975.185951 4975.185951 4975.185951 4975.185951 4975.185951 4975.185951 4975.185951 4975.185951 4975.185951 4975.185951 4975.185951 4975.185951 4975.185951 4975.185951 4975.185951 4975.185951 -9999.0 -9999.0
-9999.0 -9999.0 -9999.0 -9999.0 -9999.0 -9999.0 -9999.0 -9999.0 -9999.0 -9999.0 -9999.0 -9999.0 -9999.0 -9999.0 -9999.0 -9999.0 -9999.0 -9999.0 -9999.0 -9999.0 -9999.0 -9999.0 -9999.0 -9999.0 -9999.0 -9999.0 -9999.0 -9999.0 -9999.0 -9999.0 -9999.0 -9999.0 -9999.0 -9999.0 -9999.0 -9999.0 -9999.0 -9999.0 -9999.0 -9999.0 -9999.0 -9999.0 -9999.0 -9999.0 -9999.0 -9999.0 -9999.0 -9999.0 -9999.0 -9999.0 -9999.0 -9999.0 -9999.0 -9999.0 -9999.0 -9999.0 -9999.0 -9999.0 -9999.0 -9999.0 -9999.0 -9999.0 -9999.0 -9999.0 -9999.0 -9999.0 -9999.0 -9999.0 -9999.0 -9999.0 -9999.0 -9999.0 -9999.0 -9999.0 -9999.0 -9999.0 -9999.0 -9999.0 -9999.0 -9999.0 -9999.0 -9999.0 -9999.0 -9999.0 -9999.0 -9999.0 -9999.0 -9999.0 -9999.0 -9999.0 -9999.0 -9999.0 -9999.0 -9999.0 -9999.0 -9999.0 -9999.0 -9999.0 -9999.0 -9999.0 -9999.0 -9999.0 -9999.0 -9999.0
-9999.0 -9999.0 -9999.0 -9999.0 -9999.0 -9999.0 -9999.0 -9999.0 -9999.0 -9999.0 -9999.0 -9999.0 -9999.0 -9999.0 -9999.0 -9999.0 -9999.0 -9999.0 -9999.0 -9999.0 -9999.0 -9999.0 -9999.0 -9999.0 -9999.0 -9999.0 -9999.0 -9999.0 -9999.0 -9999.0 -9999.0 -9999.0 -9999.0 -9999.0 -9999.0 -9999.0 -9999.0 -9999.0 -9999.0 -9999.0 -9999.0 -9999.0 -9999.0 -9999.0 -9999.0 -9999.0 -9999.0 -9999.0 -9999.0 -9999.0 -9999.0 -9999.0 -9999.0 -9999.0 -9999.0 -9999.0 -9999.0 -9999.0 -9999.0 -9999.0 -9999.0 -9999.0 -9999.0 -9999.0 -9999.0 -9999.0 -9999.0 -9999.0 -9999.0 -9999.0 -9999.0 -9999.0 -9999.0 -9999.0 -9999.0 -9999.0 -9999.0 -9999.0 -9999.0 -9999.0 -9999.0 -9999.0 -9999.0 -9999.0 -9999.0 -9999.0 -9999.0 -9999.0 -9999.0 -9999.0 -9999.0 -9999.0 -9999.0 -9999.0 -9999.0 -9999.0 -9999.0 -9999.0 -9999.0 -9999.0 -9999.0 -9999.0 -9999.0 -9999.0