inst/processing_geotop_simulation/geotop_simulation/out/maps/wttopN0110.asc
ncols         104
nrows         10
xllcorner     -2.000000
yllcorner     0.000000
cellsize      1.000000
NODATA_value  -9999.0
-9999.0 -9999.0 -9999.0 -9999.0 -9999.0 -9999.0 -9999.0 -9999.0 -9999.0 -9999.0 -9999.0 -9999.0 -9999.0 -9999.0 -9999.0 -9999.0 -9999.0 -9999.0 -9999.0 -9999.0 -9999.0 -9999.0 -9999.0 -9999.0 -9999.0 -9999.0 -9999.0 -9999.0 -9999.0 -9999.0 -9999.0 -9999.0 -9999.0 -9999.0 -9999.0 -9999.0 -9999.0 -9999.0 -9999.0 -9999.0 -9999.0 -9999.0 -9999.0 -9999.0 -9999.0 -9999.0 -9999.0 -9999.0 -9999.0 -9999.0 -9999.0 -9999.0 -9999.0 -9999.0 -9999.0 -9999.0 -9999.0 -9999.0 -9999.0 -9999.0 -9999.0 -9999.0 -9999.0 -9999.0 -9999.0 -9999.0 -9999.0 -9999.0 -9999.0 -9999.0 -9999.0 -9999.0 -9999.0 -9999.0 -9999.0 -9999.0 -9999.0 -9999.0 -9999.0 -9999.0 -9999.0 -9999.0 -9999.0 -9999.0 -9999.0 -9999.0 -9999.0 -9999.0 -9999.0 -9999.0 -9999.0 -9999.0 -9999.0 -9999.0 -9999.0 -9999.0 -9999.0 -9999.0 -9999.0 -9999.0 -9999.0 -9999.0 -9999.0 -9999.0
-9999.0 -9999.0 -9999.0 -9999.0 -9999.0 -9999.0 -9999.0 -9999.0 -9999.0 -9999.0 -9999.0 -9999.0 -9999.0 -9999.0 -9999.0 -9999.0 -9999.0 -9999.0 -9999.0 -9999.0 -9999.0 -9999.0 -9999.0 -9999.0 -9999.0 -9999.0 -9999.0 -9999.0 -9999.0 -9999.0 -9999.0 -9999.0 -9999.0 -9999.0 -9999.0 -9999.0 -9999.0 -9999.0 -9999.0 -9999.0 -9999.0 -9999.0 -9999.0 -9999.0 -9999.0 -9999.0 -9999.0 -9999.0 -9999.0 -9999.0 -9999.0 -9999.0 -9999.0 -9999.0 -9999.0 -9999.0 -9999.0 -9999.0 -9999.0 -9999.0 -9999.0 -9999.0 -9999.0 -9999.0 -9999.0 -9999.0 -9999.0 -9999.0 -9999.0 -9999.0 -9999.0 -9999.0 -9999.0 -9999.0 -9999.0 -9999.0 -9999.0 -9999.0 -9999.0 -9999.0 -9999.0 -9999.0 -9999.0 -9999.0 -9999.0 -9999.0 -9999.0 -9999.0 -9999.0 -9999.0 -9999.0 -9999.0 -9999.0 -9999.0 -9999.0 -9999.0 -9999.0 -9999.0 -9999.0 -9999.0 -9999.0 -9999.0 -9999.0 -9999.0
-9999.0 -9999.0 0.000000 0.000000 162.110980 255.952098 350.653706 445.698750 540.857262 636.016467 731.119323 826.138684 921.061710 1015.839641 1110.439729 1204.856715 1299.090040 1393.136233 1486.992202 1580.654442 1674.119449 1767.388486 1860.428871 1953.234921 2045.801576 2138.121157 2230.183094 2321.979822 2413.513629 2504.721529 2595.604320 2686.151977 2776.353528 2866.205988 2955.663953 3044.677811 3133.243513 3221.347764 3308.992622 3396.035868 3482.483588 3568.318247 3653.460055 3737.725234 3821.104444 3903.533975 3984.751252 4064.779139 4143.356734 4220.307954 4295.419498 4368.318199 4438.674668 4506.474012 4570.755380 4631.117555 4686.941968 4737.447811 4781.813373 4819.576979 4851.115780 4875.013566 4893.818007 4908.160010 4918.165522 4925.747958 4932.038766 4937.709805 4943.173172 4948.693712 4975.185951 4975.185951 4975.185951 4975.185951 4975.185951 4975.185951 4975.185951 4975.185951 4975.185951 4975.185951 4975.185951 4975.185951 4975.185951 4975.185951 4975.185951 4975.185951 4975.185951 4975.185951 4975.185951 4975.185951 4975.185951 4975.185951 4975.185951 4975.185951 4975.185951 4975.185951 4975.185951 4975.185951 4975.185951 4975.185951 4975.185951 4975.185951 -9999.0 -9999.0
-9999.0 -9999.0 0.000000 0.000000 162.110381 255.951924 350.653651 445.698732 540.857256 636.016465 731.119322 826.138684 921.061710 1015.839641 1110.439729 1204.856715 1299.090040 1393.136233 1486.992202 1580.654442 1674.119449 1767.388486 1860.428871 1953.234921 2045.801576 2138.121157 2230.183094 2321.979822 2413.513629 2504.721529 2595.604320 2686.151978 2776.353529 2866.205989 2955.663954 3044.677812 3133.243514 3221.347765 3308.992623 3396.035869 3482.483589 3568.318248 3653.460056 3737.725234 3821.104444 3903.533975 3984.751252 4064.779139 4143.356734 4220.307954 4295.419498 4368.318198 4438.674668 4506.474012 4570.755380 4631.117555 4686.941968 4737.447811 4781.813373 4819.576979 4851.115780 4875.013567 4893.818008 4908.160011 4918.165523 4925.747958 4932.038766 4937.709805 4943.173172 4948.693712 4975.185951 4975.185951 4975.185951 4975.185951 4975.185951 4975.185951 4975.185951 4975.185951 4975.185951 4975.185951 4975.185951 4975.185951 4975.185951 4975.185951 4975.185951 4975.185951 4975.185951 4975.185951 4975.185951 4975.185951 4975.185951 4975.185951 4975.185951 4975.185951 4975.185951 4975.185951 4975.185951 4975.185951 4975.185951 4975.185951 4975.185951 4975.185951 -9999.0 -9999.0
-9999.0 -9999.0 0.000000 0.000000 162.110004 255.951788 350.653603 445.698715 540.857250 636.016462 731.119322 826.138683 921.061710 1015.839641 1110.439729 1204.856715 1299.090040 1393.136232 1486.992202 1580.654442 1674.119449 1767.388486 1860.428871 1953.234921 2045.801576 2138.121158 2230.183094 2321.979822 2413.513630 2504.721529 2595.604321 2686.151978 2776.353529 2866.205989 2955.663954 3044.677813 3133.243514 3221.347766 3308.992624 3396.035869 3482.483589 3568.318248 3653.460056 3737.725234 3821.104444 3903.533975 3984.751252 4064.779139 4143.356734 4220.307954 4295.419498 4368.318199 4438.674668 4506.474012 4570.755380 4631.117555 4686.941968 4737.447811 4781.813373 4819.576979 4851.115780 4875.013567 4893.818008 4908.160011 4918.165523 4925.747958 4932.038766 4937.709805 4943.173172 4948.693712 4975.185951 4975.185951 4975.185951 4975.185951 4975.185951 4975.185951 4975.185951 4975.185951 4975.185951 4975.185951 4975.185951 4975.185951 4975.185951 4975.185951 4975.185951 4975.185951 4975.185951 4975.185951 4975.185951 4975.185951 4975.185951 4975.185951 4975.185951 4975.185951 4975.185951 4975.185951 4975.185951 4975.185951 4975.185951 4975.185951 4975.185951 4975.185951 -9999.0 -9999.0
-9999.0 -9999.0 0.000000 0.000000 162.110004 255.951788 350.653603 445.698715 540.857250 636.016462 731.119322 826.138683 921.061709 1015.839641 1110.439729 1204.856715 1299.090040 1393.136232 1486.992202 1580.654442 1674.119449 1767.388486 1860.428871 1953.234921 2045.801576 2138.121158 2230.183094 2321.979822 2413.513630 2504.721529 2595.604321 2686.151978 2776.353529 2866.205989 2955.663954 3044.677813 3133.243514 3221.347766 3308.992624 3396.035869 3482.483589 3568.318248 3653.460056 3737.725234 3821.104444 3903.533975 3984.751252 4064.779139 4143.356734 4220.307954 4295.419498 4368.318199 4438.674668 4506.474012 4570.755380 4631.117555 4686.941968 4737.447811 4781.813373 4819.576979 4851.115780 4875.013567 4893.818008 4908.160011 4918.165523 4925.747958 4932.038766 4937.709805 4943.173172 4948.693712 4975.185951 4975.185951 4975.185951 4975.185951 4975.185951 4975.185951 4975.185951 4975.185951 4975.185951 4975.185951 4975.185951 4975.185951 4975.185951 4975.185951 4975.185951 4975.185951 4975.185951 4975.185951 4975.185951 4975.185951 4975.185951 4975.185951 4975.185951 4975.185951 4975.185951 4975.185951 4975.185951 4975.185951 4975.185951 4975.185951 4975.185951 4975.185951 -9999.0 -9999.0
-9999.0 -9999.0 0.000000 0.000000 162.110381 255.951924 350.653651 445.698732 540.857256 636.016465 731.119322 826.138684 921.061710 1015.839641 1110.439729 1204.856715 1299.090040 1393.136233 1486.992202 1580.654442 1674.119449 1767.388486 1860.428871 1953.234921 2045.801576 2138.121157 2230.183094 2321.979822 2413.513629 2504.721529 2595.604320 2686.151978 2776.353529 2866.205989 2955.663954 3044.677812 3133.243514 3221.347765 3308.992623 3396.035869 3482.483589 3568.318248 3653.460056 3737.725234 3821.104444 3903.533975 3984.751252 4064.779139 4143.356734 4220.307954 4295.419498 4368.318198 4438.674668 4506.474012 4570.755380 4631.117555 4686.941968 4737.447811 4781.813373 4819.576979 4851.115780 4875.013567 4893.818008 4908.160011 4918.165523 4925.747958 4932.038766 4937.709805 4943.173172 4948.693712 4975.185951 4975.185951 4975.185951 4975.185951 4975.185951 4975.185951 4975.185951 4975.185951 4975.185951 4975.185951 4975.185951 4975.185951 4975.185951 4975.185951 4975.185951 4975.185951 4975.185951 4975.185951 4975.185951 4975.185951 4975.185951 4975.185951 4975.185951 4975.185951 4975.185951 4975.185951 4975.185951 4975.185951 4975.185951 4975.185951 4975.185951 4975.185951 -9999.0 -9999.0
-9999.0 -9999.0 0.000000 0.000000 162.110980 255.952098 350.653706 445.698750 540.857262 636.016467 731.119323 826.138684 921.061710 1015.839641 1110.439729 1204.856715 1299.090040 1393.136233 1486.992202 1580.654442 1674.119449 1767.388486 1860.428871 1953.234921 2045.801576 2138.121157 2230.183094 2321.979822 2413.513629 2504.721529 2595.604320 2686.151977 2776.353528 2866.205988 2955.663953 3044.677811 3133.243513 3221.347764 3308.992622 3396.035868 3482.483588 3568.318247 3653.460055 3737.725234 3821.104444 3903.533975 3984.751252 4064.779139 4143.356734 4220.307954 4295.419498 4368.318199 4438.674668 4506.474012 4570.755380 4631.117555 4686.941968 4737.447811 4781.813373 4819.576979 4851.115780 4875.013566 4893.818007 4908.160010 4918.165522 4925.747958 4932.038766 4937.709805 4943.173172 4948.693712 4975.185951 4975.185951 4975.185951 4975.185951 4975.185951 4975.185951 4975.185951 4975.185951 4975.185951 4975.185951 4975.185951 4975.185951 4975.185951 4975.185951 4975.185951 4975.185951 4975.185951 4975.185951 4975.185951 4975.185951 4975.185951 4975.185951 4975.185951 4975.185951 4975.185951 4975.185951 4975.185951 4975.185951 4975.185951 4975.185951 4975.185951 4975.185951 -9999.0 -9999.0
-9999.0 -9999.0 -9999.0 -9999.0 -9999.0 -9999.0 -9999.0 -9999.0 -9999.0 -9999.0 -9999.0 -9999.0 -9999.0 -9999.0 -9999.0 -9999.0 -9999.0 -9999.0 -9999.0 -9999.0 -9999.0 -9999.0 -9999.0 -9999.0 -9999.0 -9999.0 -9999.0 -9999.0 -9999.0 -9999.0 -9999.0 -9999.0 -9999.0 -9999.0 -9999.0 -9999.0 -9999.0 -9999.0 -9999.0 -9999.0 -9999.0 -9999.0 -9999.0 -9999.0 -9999.0 -9999.0 -9999.0 -9999.0 -9999.0 -9999.0 -9999.0 -9999.0 -9999.0 -9999.0 -9999.0 -9999.0 -9999.0 -9999.0 -9999.0 -9999.0 -9999.0 -9999.0 -9999.0 -9999.0 -9999.0 -9999.0 -9999.0 -9999.0 -9999.0 -9999.0 -9999.0 -9999.0 -9999.0 -9999.0 -9999.0 -9999.0 -9999.0 -9999.0 -9999.0 -9999.0 -9999.0 -9999.0 -9999.0 -9999.0 -9999.0 -9999.0 -9999.0 -9999.0 -9999.0 -9999.0 -9999.0 -9999.0 -9999.0 -9999.0 -9999.0 -9999.0 -9999.0 -9999.0 -9999.0 -9999.0 -9999.0 -9999.0 -9999.0 -9999.0
-9999.0 -9999.0 -9999.0 -9999.0 -9999.0 -9999.0 -9999.0 -9999.0 -9999.0 -9999.0 -9999.0 -9999.0 -9999.0 -9999.0 -9999.0 -9999.0 -9999.0 -9999.0 -9999.0 -9999.0 -9999.0 -9999.0 -9999.0 -9999.0 -9999.0 -9999.0 -9999.0 -9999.0 -9999.0 -9999.0 -9999.0 -9999.0 -9999.0 -9999.0 -9999.0 -9999.0 -9999.0 -9999.0 -9999.0 -9999.0 -9999.0 -9999.0 -9999.0 -9999.0 -9999.0 -9999.0 -9999.0 -9999.0 -9999.0 -9999.0 -9999.0 -9999.0 -9999.0 -9999.0 -9999.0 -9999.0 -9999.0 -9999.0 -9999.0 -9999.0 -9999.0 -9999.0 -9999.0 -9999.0 -9999.0 -9999.0 -9999.0 -9999.0 -9999.0 -9999.0 -9999.0 -9999.0 -9999.0 -9999.0 -9999.0 -9999.0 -9999.0 -9999.0 -9999.0 -9999.0 -9999.0 -9999.0 -9999.0 -9999.0 -9999.0 -9999.0 -9999.0 -9999.0 -9999.0 -9999.0 -9999.0 -9999.0 -9999.0 -9999.0 -9999.0 -9999.0 -9999.0 -9999.0 -9999.0 -9999.0 -9999.0 -9999.0 -9999.0 -9999.0