inst/processing_geotop_simulation/geotop_simulation/out/maps/wttopN0154.asc
ncols         104
nrows         10
xllcorner     -2.000000
yllcorner     0.000000
cellsize      1.000000
NODATA_value  -9999.0
-9999.0 -9999.0 -9999.0 -9999.0 -9999.0 -9999.0 -9999.0 -9999.0 -9999.0 -9999.0 -9999.0 -9999.0 -9999.0 -9999.0 -9999.0 -9999.0 -9999.0 -9999.0 -9999.0 -9999.0 -9999.0 -9999.0 -9999.0 -9999.0 -9999.0 -9999.0 -9999.0 -9999.0 -9999.0 -9999.0 -9999.0 -9999.0 -9999.0 -9999.0 -9999.0 -9999.0 -9999.0 -9999.0 -9999.0 -9999.0 -9999.0 -9999.0 -9999.0 -9999.0 -9999.0 -9999.0 -9999.0 -9999.0 -9999.0 -9999.0 -9999.0 -9999.0 -9999.0 -9999.0 -9999.0 -9999.0 -9999.0 -9999.0 -9999.0 -9999.0 -9999.0 -9999.0 -9999.0 -9999.0 -9999.0 -9999.0 -9999.0 -9999.0 -9999.0 -9999.0 -9999.0 -9999.0 -9999.0 -9999.0 -9999.0 -9999.0 -9999.0 -9999.0 -9999.0 -9999.0 -9999.0 -9999.0 -9999.0 -9999.0 -9999.0 -9999.0 -9999.0 -9999.0 -9999.0 -9999.0 -9999.0 -9999.0 -9999.0 -9999.0 -9999.0 -9999.0 -9999.0 -9999.0 -9999.0 -9999.0 -9999.0 -9999.0 -9999.0 -9999.0
-9999.0 -9999.0 -9999.0 -9999.0 -9999.0 -9999.0 -9999.0 -9999.0 -9999.0 -9999.0 -9999.0 -9999.0 -9999.0 -9999.0 -9999.0 -9999.0 -9999.0 -9999.0 -9999.0 -9999.0 -9999.0 -9999.0 -9999.0 -9999.0 -9999.0 -9999.0 -9999.0 -9999.0 -9999.0 -9999.0 -9999.0 -9999.0 -9999.0 -9999.0 -9999.0 -9999.0 -9999.0 -9999.0 -9999.0 -9999.0 -9999.0 -9999.0 -9999.0 -9999.0 -9999.0 -9999.0 -9999.0 -9999.0 -9999.0 -9999.0 -9999.0 -9999.0 -9999.0 -9999.0 -9999.0 -9999.0 -9999.0 -9999.0 -9999.0 -9999.0 -9999.0 -9999.0 -9999.0 -9999.0 -9999.0 -9999.0 -9999.0 -9999.0 -9999.0 -9999.0 -9999.0 -9999.0 -9999.0 -9999.0 -9999.0 -9999.0 -9999.0 -9999.0 -9999.0 -9999.0 -9999.0 -9999.0 -9999.0 -9999.0 -9999.0 -9999.0 -9999.0 -9999.0 -9999.0 -9999.0 -9999.0 -9999.0 -9999.0 -9999.0 -9999.0 -9999.0 -9999.0 -9999.0 -9999.0 -9999.0 -9999.0 -9999.0 -9999.0 -9999.0
-9999.0 -9999.0 0.000000 0.000000 172.365289 267.962557 364.195307 460.684779 557.262751 653.846635 750.393586 846.880844 943.296410 1039.633487 1135.887180 1232.052465 1328.125138 1424.101373 1519.978548 1615.749031 1711.403753 1806.942363 1902.361589 1997.657426 2092.825363 2187.860487 2282.757430 2377.510456 2472.113656 2566.562392 2660.845298 2754.938240 2848.837422 2942.532545 3036.011532 3129.260875 3222.265768 3315.011792 3407.476550 3499.602145 3591.370143 3682.744560 3773.674740 3864.102760 3953.950962 4043.072703 4131.383159 4218.766496 4305.096068 4389.964008 4473.107667 4554.208628 4632.242347 4706.574060 4775.203857 4836.213426 4886.685767 4923.843288 4949.173137 4975.185951 4975.185951 4975.185951 4975.185951 4975.185951 4975.185951 4975.185951 4975.185951 4975.185951 4975.185951 4975.185951 4975.185951 4975.185951 4975.185951 4975.185951 4975.185951 4975.185951 4975.185951 4975.185951 4975.185951 4975.185951 4975.185951 4975.185951 4975.185951 4975.185951 4975.185951 4975.185951 4975.185951 4975.185951 4975.185951 4975.185951 4975.185951 4975.185951 4975.185951 4975.185951 4975.185951 4975.185951 4975.185951 4975.185951 4975.185951 4975.185951 4975.185951 4975.185951 -9999.0 -9999.0
-9999.0 -9999.0 0.000000 0.000000 172.364708 267.962388 364.195254 460.684762 557.262745 653.846633 750.393586 846.880843 943.296410 1039.633487 1135.887180 1232.052465 1328.125138 1424.101373 1519.978549 1615.749031 1711.403753 1806.942364 1902.361590 1997.657426 2092.825364 2187.860488 2282.757431 2377.510457 2472.113657 2566.562393 2660.845299 2754.938241 2848.837423 2942.532545 3036.011533 3129.260875 3222.265769 3315.011792 3407.476550 3499.602145 3591.370143 3682.744559 3773.674740 3864.102759 3953.950961 4043.072702 4131.383159 4218.766496 4305.096068 4389.964008 4473.107667 4554.208628 4632.242347 4706.574060 4775.203857 4836.213426 4886.685767 4923.843288 4949.173137 4975.185951 4975.185951 4975.185951 4975.185951 4975.185951 4975.185951 4975.185951 4975.185951 4975.185951 4975.185951 4975.185951 4975.185951 4975.185951 4975.185951 4975.185951 4975.185951 4975.185951 4975.185951 4975.185951 4975.185951 4975.185951 4975.185951 4975.185951 4975.185951 4975.185951 4975.185951 4975.185951 4975.185951 4975.185951 4975.185951 4975.185951 4975.185951 4975.185951 4975.185951 4975.185951 4975.185951 4975.185951 4975.185951 4975.185951 4975.185951 4975.185951 4975.185951 4975.185951 -9999.0 -9999.0
-9999.0 -9999.0 0.000000 0.000000 172.364341 267.962256 364.195208 460.684745 557.262739 653.846631 750.393585 846.880843 943.296410 1039.633488 1135.887180 1232.052466 1328.125138 1424.101373 1519.978549 1615.749032 1711.403754 1806.942364 1902.361590 1997.657427 2092.825364 2187.860488 2282.757432 2377.510457 2472.113658 2566.562393 2660.845300 2754.938241 2848.837424 2942.532546 3036.011533 3129.260876 3222.265769 3315.011792 3407.476550 3499.602145 3591.370143 3682.744559 3773.674739 3864.102758 3953.950961 4043.072702 4131.383159 4218.766496 4305.096068 4389.964008 4473.107667 4554.208628 4632.242347 4706.574060 4775.203857 4836.213426 4886.685767 4923.843288 4949.173137 4975.185951 4975.185951 4975.185951 4975.185951 4975.185951 4975.185951 4975.185951 4975.185951 4975.185951 4975.185951 4975.185951 4975.185951 4975.185951 4975.185951 4975.185951 4975.185951 4975.185951 4975.185951 4975.185951 4975.185951 4975.185951 4975.185951 4975.185951 4975.185951 4975.185951 4975.185951 4975.185951 4975.185951 4975.185951 4975.185951 4975.185951 4975.185951 4975.185951 4975.185951 4975.185951 4975.185951 4975.185951 4975.185951 4975.185951 4975.185951 4975.185951 4975.185951 4975.185951 -9999.0 -9999.0
-9999.0 -9999.0 0.000000 0.000000 172.364341 267.962256 364.195208 460.684745 557.262739 653.846631 750.393585 846.880843 943.296410 1039.633487 1135.887180 1232.052466 1328.125138 1424.101373 1519.978549 1615.749032 1711.403754 1806.942364 1902.361591 1997.657427 2092.825364 2187.860488 2282.757432 2377.510457 2472.113658 2566.562393 2660.845300 2754.938241 2848.837424 2942.532546 3036.011533 3129.260876 3222.265769 3315.011792 3407.476550 3499.602145 3591.370143 3682.744559 3773.674739 3864.102759 3953.950961 4043.072702 4131.383159 4218.766496 4305.096068 4389.964008 4473.107667 4554.208628 4632.242347 4706.574060 4775.203857 4836.213426 4886.685767 4923.843288 4949.173137 4975.185951 4975.185951 4975.185951 4975.185951 4975.185951 4975.185951 4975.185951 4975.185951 4975.185951 4975.185951 4975.185951 4975.185951 4975.185951 4975.185951 4975.185951 4975.185951 4975.185951 4975.185951 4975.185951 4975.185951 4975.185951 4975.185951 4975.185951 4975.185951 4975.185951 4975.185951 4975.185951 4975.185951 4975.185951 4975.185951 4975.185951 4975.185951 4975.185951 4975.185951 4975.185951 4975.185951 4975.185951 4975.185951 4975.185951 4975.185951 4975.185951 4975.185951 4975.185951 -9999.0 -9999.0
-9999.0 -9999.0 0.000000 0.000000 172.364708 267.962388 364.195254 460.684762 557.262745 653.846633 750.393586 846.880843 943.296410 1039.633487 1135.887180 1232.052465 1328.125138 1424.101373 1519.978548 1615.749031 1711.403753 1806.942364 1902.361590 1997.657426 2092.825364 2187.860488 2282.757431 2377.510457 2472.113657 2566.562393 2660.845299 2754.938240 2848.837423 2942.532545 3036.011533 3129.260875 3222.265769 3315.011792 3407.476550 3499.602145 3591.370143 3682.744559 3773.674740 3864.102759 3953.950961 4043.072702 4131.383159 4218.766496 4305.096068 4389.964008 4473.107667 4554.208628 4632.242347 4706.574060 4775.203857 4836.213426 4886.685767 4923.843288 4949.173137 4975.185951 4975.185951 4975.185951 4975.185951 4975.185951 4975.185951 4975.185951 4975.185951 4975.185951 4975.185951 4975.185951 4975.185951 4975.185951 4975.185951 4975.185951 4975.185951 4975.185951 4975.185951 4975.185951 4975.185951 4975.185951 4975.185951 4975.185951 4975.185951 4975.185951 4975.185951 4975.185951 4975.185951 4975.185951 4975.185951 4975.185951 4975.185951 4975.185951 4975.185951 4975.185951 4975.185951 4975.185951 4975.185951 4975.185951 4975.185951 4975.185951 4975.185951 4975.185951 -9999.0 -9999.0
-9999.0 -9999.0 0.000000 0.000000 172.365289 267.962557 364.195307 460.684779 557.262751 653.846635 750.393586 846.880844 943.296410 1039.633487 1135.887180 1232.052465 1328.125138 1424.101373 1519.978548 1615.749031 1711.403753 1806.942363 1902.361590 1997.657426 2092.825363 2187.860487 2282.757430 2377.510456 2472.113656 2566.562392 2660.845298 2754.938240 2848.837422 2942.532545 3036.011532 3129.260875 3222.265768 3315.011792 3407.476550 3499.602145 3591.370143 3682.744560 3773.674740 3864.102760 3953.950962 4043.072703 4131.383159 4218.766496 4305.096068 4389.964008 4473.107667 4554.208628 4632.242347 4706.574060 4775.203857 4836.213426 4886.685767 4923.843288 4949.173137 4975.185951 4975.185951 4975.185951 4975.185951 4975.185951 4975.185951 4975.185951 4975.185951 4975.185951 4975.185951 4975.185951 4975.185951 4975.185951 4975.185951 4975.185951 4975.185951 4975.185951 4975.185951 4975.185951 4975.185951 4975.185951 4975.185951 4975.185951 4975.185951 4975.185951 4975.185951 4975.185951 4975.185951 4975.185951 4975.185951 4975.185951 4975.185951 4975.185951 4975.185951 4975.185951 4975.185951 4975.185951 4975.185951 4975.185951 4975.185951 4975.185951 4975.185951 4975.185951 -9999.0 -9999.0
-9999.0 -9999.0 -9999.0 -9999.0 -9999.0 -9999.0 -9999.0 -9999.0 -9999.0 -9999.0 -9999.0 -9999.0 -9999.0 -9999.0 -9999.0 -9999.0 -9999.0 -9999.0 -9999.0 -9999.0 -9999.0 -9999.0 -9999.0 -9999.0 -9999.0 -9999.0 -9999.0 -9999.0 -9999.0 -9999.0 -9999.0 -9999.0 -9999.0 -9999.0 -9999.0 -9999.0 -9999.0 -9999.0 -9999.0 -9999.0 -9999.0 -9999.0 -9999.0 -9999.0 -9999.0 -9999.0 -9999.0 -9999.0 -9999.0 -9999.0 -9999.0 -9999.0 -9999.0 -9999.0 -9999.0 -9999.0 -9999.0 -9999.0 -9999.0 -9999.0 -9999.0 -9999.0 -9999.0 -9999.0 -9999.0 -9999.0 -9999.0 -9999.0 -9999.0 -9999.0 -9999.0 -9999.0 -9999.0 -9999.0 -9999.0 -9999.0 -9999.0 -9999.0 -9999.0 -9999.0 -9999.0 -9999.0 -9999.0 -9999.0 -9999.0 -9999.0 -9999.0 -9999.0 -9999.0 -9999.0 -9999.0 -9999.0 -9999.0 -9999.0 -9999.0 -9999.0 -9999.0 -9999.0 -9999.0 -9999.0 -9999.0 -9999.0 -9999.0 -9999.0
-9999.0 -9999.0 -9999.0 -9999.0 -9999.0 -9999.0 -9999.0 -9999.0 -9999.0 -9999.0 -9999.0 -9999.0 -9999.0 -9999.0 -9999.0 -9999.0 -9999.0 -9999.0 -9999.0 -9999.0 -9999.0 -9999.0 -9999.0 -9999.0 -9999.0 -9999.0 -9999.0 -9999.0 -9999.0 -9999.0 -9999.0 -9999.0 -9999.0 -9999.0 -9999.0 -9999.0 -9999.0 -9999.0 -9999.0 -9999.0 -9999.0 -9999.0 -9999.0 -9999.0 -9999.0 -9999.0 -9999.0 -9999.0 -9999.0 -9999.0 -9999.0 -9999.0 -9999.0 -9999.0 -9999.0 -9999.0 -9999.0 -9999.0 -9999.0 -9999.0 -9999.0 -9999.0 -9999.0 -9999.0 -9999.0 -9999.0 -9999.0 -9999.0 -9999.0 -9999.0 -9999.0 -9999.0 -9999.0 -9999.0 -9999.0 -9999.0 -9999.0 -9999.0 -9999.0 -9999.0 -9999.0 -9999.0 -9999.0 -9999.0 -9999.0 -9999.0 -9999.0 -9999.0 -9999.0 -9999.0 -9999.0 -9999.0 -9999.0 -9999.0 -9999.0 -9999.0 -9999.0 -9999.0 -9999.0 -9999.0 -9999.0 -9999.0 -9999.0 -9999.0