inst/processing_geotop_simulation/geotop_simulation/out/maps/wttopN0121.asc
ncols         104
nrows         10
xllcorner     -2.000000
yllcorner     0.000000
cellsize      1.000000
NODATA_value  -9999.0
-9999.0 -9999.0 -9999.0 -9999.0 -9999.0 -9999.0 -9999.0 -9999.0 -9999.0 -9999.0 -9999.0 -9999.0 -9999.0 -9999.0 -9999.0 -9999.0 -9999.0 -9999.0 -9999.0 -9999.0 -9999.0 -9999.0 -9999.0 -9999.0 -9999.0 -9999.0 -9999.0 -9999.0 -9999.0 -9999.0 -9999.0 -9999.0 -9999.0 -9999.0 -9999.0 -9999.0 -9999.0 -9999.0 -9999.0 -9999.0 -9999.0 -9999.0 -9999.0 -9999.0 -9999.0 -9999.0 -9999.0 -9999.0 -9999.0 -9999.0 -9999.0 -9999.0 -9999.0 -9999.0 -9999.0 -9999.0 -9999.0 -9999.0 -9999.0 -9999.0 -9999.0 -9999.0 -9999.0 -9999.0 -9999.0 -9999.0 -9999.0 -9999.0 -9999.0 -9999.0 -9999.0 -9999.0 -9999.0 -9999.0 -9999.0 -9999.0 -9999.0 -9999.0 -9999.0 -9999.0 -9999.0 -9999.0 -9999.0 -9999.0 -9999.0 -9999.0 -9999.0 -9999.0 -9999.0 -9999.0 -9999.0 -9999.0 -9999.0 -9999.0 -9999.0 -9999.0 -9999.0 -9999.0 -9999.0 -9999.0 -9999.0 -9999.0 -9999.0 -9999.0
-9999.0 -9999.0 -9999.0 -9999.0 -9999.0 -9999.0 -9999.0 -9999.0 -9999.0 -9999.0 -9999.0 -9999.0 -9999.0 -9999.0 -9999.0 -9999.0 -9999.0 -9999.0 -9999.0 -9999.0 -9999.0 -9999.0 -9999.0 -9999.0 -9999.0 -9999.0 -9999.0 -9999.0 -9999.0 -9999.0 -9999.0 -9999.0 -9999.0 -9999.0 -9999.0 -9999.0 -9999.0 -9999.0 -9999.0 -9999.0 -9999.0 -9999.0 -9999.0 -9999.0 -9999.0 -9999.0 -9999.0 -9999.0 -9999.0 -9999.0 -9999.0 -9999.0 -9999.0 -9999.0 -9999.0 -9999.0 -9999.0 -9999.0 -9999.0 -9999.0 -9999.0 -9999.0 -9999.0 -9999.0 -9999.0 -9999.0 -9999.0 -9999.0 -9999.0 -9999.0 -9999.0 -9999.0 -9999.0 -9999.0 -9999.0 -9999.0 -9999.0 -9999.0 -9999.0 -9999.0 -9999.0 -9999.0 -9999.0 -9999.0 -9999.0 -9999.0 -9999.0 -9999.0 -9999.0 -9999.0 -9999.0 -9999.0 -9999.0 -9999.0 -9999.0 -9999.0 -9999.0 -9999.0 -9999.0 -9999.0 -9999.0 -9999.0 -9999.0 -9999.0
-9999.0 -9999.0 0.000000 0.000000 163.132277 257.144003 351.996372 447.187431 542.494226 637.807381 733.070752 828.255338 923.347848 1018.332263 1113.178654 1207.878653 1302.429224 1396.825629 1491.064462 1585.143369 1679.059176 1772.808018 1866.391366 1959.773978 2052.957415 2145.936535 2238.704384 2331.253625 2423.577588 2515.675587 2607.509472 2699.061016 2790.325255 2881.290866 2971.946805 3062.291890 3152.250429 3241.806819 3330.946556 3419.652121 3507.909645 3595.579748 3682.634815 3769.019647 3854.670237 3939.377437 4023.105628 4105.807713 4187.111374 4266.965177 4345.061879 4421.010608 4494.477363 4564.982116 4631.723943 4694.064372 4751.026541 4801.054443 4843.226021 4876.158179 4901.933996 4918.906523 4930.459501 4938.996012 4945.986097 4975.185951 4975.185951 4975.185951 4975.185951 4975.185951 4975.185951 4975.185951 4975.185951 4975.185951 4975.185951 4975.185951 4975.185951 4975.185951 4975.185951 4975.185951 4975.185951 4975.185951 4975.185951 4975.185951 4975.185951 4975.185951 4975.185951 4975.185951 4975.185951 4975.185951 4975.185951 4975.185951 4975.185951 4975.185951 4975.185951 4975.185951 4975.185951 4975.185951 4975.185951 4975.185951 4975.185951 4975.185951 -9999.0 -9999.0
-9999.0 -9999.0 0.000000 0.000000 163.131679 257.143829 351.996317 447.187413 542.494220 637.807379 733.070751 828.255338 923.347848 1018.332263 1113.178654 1207.878653 1302.429224 1396.825630 1491.064463 1585.143370 1679.059176 1772.808019 1866.391366 1959.773979 2052.957416 2145.936536 2238.704384 2331.253626 2423.577589 2515.675588 2607.509473 2699.061017 2790.325256 2881.290867 2971.946806 3062.291890 3152.250429 3241.806820 3330.946556 3419.652121 3507.909644 3595.579747 3682.634815 3769.019646 3854.670236 3939.377437 4023.105628 4105.807713 4187.111374 4266.965177 4345.061879 4421.010608 4494.477363 4564.982116 4631.723943 4694.064372 4751.026541 4801.054443 4843.226021 4876.158179 4901.933996 4918.906523 4930.459501 4938.996012 4945.986097 4975.185951 4975.185951 4975.185951 4975.185951 4975.185951 4975.185951 4975.185951 4975.185951 4975.185951 4975.185951 4975.185951 4975.185951 4975.185951 4975.185951 4975.185951 4975.185951 4975.185951 4975.185951 4975.185951 4975.185951 4975.185951 4975.185951 4975.185951 4975.185951 4975.185951 4975.185951 4975.185951 4975.185951 4975.185951 4975.185951 4975.185951 4975.185951 4975.185951 4975.185951 4975.185951 4975.185951 4975.185951 -9999.0 -9999.0
-9999.0 -9999.0 0.000000 0.000000 163.131303 257.143694 351.996270 447.187396 542.494214 637.807377 733.070750 828.255337 923.347848 1018.332263 1113.178654 1207.878653 1302.429224 1396.825630 1491.064463 1585.143370 1679.059176 1772.808019 1866.391366 1959.773979 2052.957416 2145.936536 2238.704385 2331.253626 2423.577590 2515.675588 2607.509474 2699.061017 2790.325257 2881.290867 2971.946806 3062.291891 3152.250429 3241.806820 3330.946556 3419.652121 3507.909644 3595.579747 3682.634814 3769.019646 3854.670236 3939.377437 4023.105627 4105.807713 4187.111374 4266.965177 4345.061879 4421.010608 4494.477363 4564.982116 4631.723943 4694.064372 4751.026541 4801.054443 4843.226021 4876.158179 4901.933996 4918.906523 4930.459501 4938.996012 4945.986097 4975.185951 4975.185951 4975.185951 4975.185951 4975.185951 4975.185951 4975.185951 4975.185951 4975.185951 4975.185951 4975.185951 4975.185951 4975.185951 4975.185951 4975.185951 4975.185951 4975.185951 4975.185951 4975.185951 4975.185951 4975.185951 4975.185951 4975.185951 4975.185951 4975.185951 4975.185951 4975.185951 4975.185951 4975.185951 4975.185951 4975.185951 4975.185951 4975.185951 4975.185951 4975.185951 4975.185951 4975.185951 -9999.0 -9999.0
-9999.0 -9999.0 0.000000 0.000000 163.131303 257.143694 351.996269 447.187396 542.494214 637.807377 733.070750 828.255337 923.347848 1018.332263 1113.178654 1207.878653 1302.429224 1396.825630 1491.064463 1585.143370 1679.059176 1772.808019 1866.391366 1959.773979 2052.957416 2145.936536 2238.704385 2331.253626 2423.577590 2515.675588 2607.509473 2699.061017 2790.325257 2881.290868 2971.946806 3062.291891 3152.250429 3241.806820 3330.946556 3419.652121 3507.909644 3595.579747 3682.634814 3769.019646 3854.670236 3939.377437 4023.105627 4105.807713 4187.111374 4266.965177 4345.061879 4421.010608 4494.477363 4564.982116 4631.723943 4694.064372 4751.026541 4801.054443 4843.226021 4876.158179 4901.933996 4918.906523 4930.459501 4938.996012 4945.986097 4975.185951 4975.185951 4975.185951 4975.185951 4975.185951 4975.185951 4975.185951 4975.185951 4975.185951 4975.185951 4975.185951 4975.185951 4975.185951 4975.185951 4975.185951 4975.185951 4975.185951 4975.185951 4975.185951 4975.185951 4975.185951 4975.185951 4975.185951 4975.185951 4975.185951 4975.185951 4975.185951 4975.185951 4975.185951 4975.185951 4975.185951 4975.185951 4975.185951 4975.185951 4975.185951 4975.185951 4975.185951 -9999.0 -9999.0
-9999.0 -9999.0 0.000000 0.000000 163.131679 257.143829 351.996317 447.187413 542.494220 637.807379 733.070751 828.255338 923.347848 1018.332263 1113.178654 1207.878653 1302.429224 1396.825630 1491.064463 1585.143370 1679.059176 1772.808019 1866.391366 1959.773978 2052.957416 2145.936536 2238.704385 2331.253626 2423.577589 2515.675588 2607.509473 2699.061017 2790.325256 2881.290867 2971.946806 3062.291890 3152.250429 3241.806820 3330.946556 3419.652121 3507.909644 3595.579747 3682.634815 3769.019646 3854.670236 3939.377437 4023.105627 4105.807713 4187.111374 4266.965177 4345.061879 4421.010608 4494.477363 4564.982116 4631.723943 4694.064372 4751.026541 4801.054443 4843.226021 4876.158179 4901.933996 4918.906523 4930.459501 4938.996012 4945.986097 4975.185951 4975.185951 4975.185951 4975.185951 4975.185951 4975.185951 4975.185951 4975.185951 4975.185951 4975.185951 4975.185951 4975.185951 4975.185951 4975.185951 4975.185951 4975.185951 4975.185951 4975.185951 4975.185951 4975.185951 4975.185951 4975.185951 4975.185951 4975.185951 4975.185951 4975.185951 4975.185951 4975.185951 4975.185951 4975.185951 4975.185951 4975.185951 4975.185951 4975.185951 4975.185951 4975.185951 4975.185951 -9999.0 -9999.0
-9999.0 -9999.0 0.000000 0.000000 163.132277 257.144003 351.996372 447.187431 542.494226 637.807381 733.070752 828.255338 923.347848 1018.332262 1113.178654 1207.878653 1302.429224 1396.825629 1491.064462 1585.143369 1679.059176 1772.808018 1866.391366 1959.773978 2052.957415 2145.936535 2238.704384 2331.253625 2423.577588 2515.675587 2607.509472 2699.061016 2790.325255 2881.290866 2971.946805 3062.291890 3152.250429 3241.806819 3330.946556 3419.652121 3507.909645 3595.579748 3682.634815 3769.019647 3854.670237 3939.377437 4023.105628 4105.807713 4187.111374 4266.965177 4345.061879 4421.010608 4494.477363 4564.982116 4631.723943 4694.064372 4751.026541 4801.054443 4843.226021 4876.158179 4901.933996 4918.906523 4930.459501 4938.996012 4945.986097 4975.185951 4975.185951 4975.185951 4975.185951 4975.185951 4975.185951 4975.185951 4975.185951 4975.185951 4975.185951 4975.185951 4975.185951 4975.185951 4975.185951 4975.185951 4975.185951 4975.185951 4975.185951 4975.185951 4975.185951 4975.185951 4975.185951 4975.185951 4975.185951 4975.185951 4975.185951 4975.185951 4975.185951 4975.185951 4975.185951 4975.185951 4975.185951 4975.185951 4975.185951 4975.185951 4975.185951 4975.185951 -9999.0 -9999.0
-9999.0 -9999.0 -9999.0 -9999.0 -9999.0 -9999.0 -9999.0 -9999.0 -9999.0 -9999.0 -9999.0 -9999.0 -9999.0 -9999.0 -9999.0 -9999.0 -9999.0 -9999.0 -9999.0 -9999.0 -9999.0 -9999.0 -9999.0 -9999.0 -9999.0 -9999.0 -9999.0 -9999.0 -9999.0 -9999.0 -9999.0 -9999.0 -9999.0 -9999.0 -9999.0 -9999.0 -9999.0 -9999.0 -9999.0 -9999.0 -9999.0 -9999.0 -9999.0 -9999.0 -9999.0 -9999.0 -9999.0 -9999.0 -9999.0 -9999.0 -9999.0 -9999.0 -9999.0 -9999.0 -9999.0 -9999.0 -9999.0 -9999.0 -9999.0 -9999.0 -9999.0 -9999.0 -9999.0 -9999.0 -9999.0 -9999.0 -9999.0 -9999.0 -9999.0 -9999.0 -9999.0 -9999.0 -9999.0 -9999.0 -9999.0 -9999.0 -9999.0 -9999.0 -9999.0 -9999.0 -9999.0 -9999.0 -9999.0 -9999.0 -9999.0 -9999.0 -9999.0 -9999.0 -9999.0 -9999.0 -9999.0 -9999.0 -9999.0 -9999.0 -9999.0 -9999.0 -9999.0 -9999.0 -9999.0 -9999.0 -9999.0 -9999.0 -9999.0 -9999.0
-9999.0 -9999.0 -9999.0 -9999.0 -9999.0 -9999.0 -9999.0 -9999.0 -9999.0 -9999.0 -9999.0 -9999.0 -9999.0 -9999.0 -9999.0 -9999.0 -9999.0 -9999.0 -9999.0 -9999.0 -9999.0 -9999.0 -9999.0 -9999.0 -9999.0 -9999.0 -9999.0 -9999.0 -9999.0 -9999.0 -9999.0 -9999.0 -9999.0 -9999.0 -9999.0 -9999.0 -9999.0 -9999.0 -9999.0 -9999.0 -9999.0 -9999.0 -9999.0 -9999.0 -9999.0 -9999.0 -9999.0 -9999.0 -9999.0 -9999.0 -9999.0 -9999.0 -9999.0 -9999.0 -9999.0 -9999.0 -9999.0 -9999.0 -9999.0 -9999.0 -9999.0 -9999.0 -9999.0 -9999.0 -9999.0 -9999.0 -9999.0 -9999.0 -9999.0 -9999.0 -9999.0 -9999.0 -9999.0 -9999.0 -9999.0 -9999.0 -9999.0 -9999.0 -9999.0 -9999.0 -9999.0 -9999.0 -9999.0 -9999.0 -9999.0 -9999.0 -9999.0 -9999.0 -9999.0 -9999.0 -9999.0 -9999.0 -9999.0 -9999.0 -9999.0 -9999.0 -9999.0 -9999.0 -9999.0 -9999.0 -9999.0 -9999.0 -9999.0 -9999.0