inst/processing_geotop_simulation/geotop_simulation/out/maps/wttopN0032.asc
ncols         104
nrows         10
xllcorner     -2.000000
yllcorner     0.000000
cellsize      1.000000
NODATA_value  -9999.0
-9999.0 -9999.0 -9999.0 -9999.0 -9999.0 -9999.0 -9999.0 -9999.0 -9999.0 -9999.0 -9999.0 -9999.0 -9999.0 -9999.0 -9999.0 -9999.0 -9999.0 -9999.0 -9999.0 -9999.0 -9999.0 -9999.0 -9999.0 -9999.0 -9999.0 -9999.0 -9999.0 -9999.0 -9999.0 -9999.0 -9999.0 -9999.0 -9999.0 -9999.0 -9999.0 -9999.0 -9999.0 -9999.0 -9999.0 -9999.0 -9999.0 -9999.0 -9999.0 -9999.0 -9999.0 -9999.0 -9999.0 -9999.0 -9999.0 -9999.0 -9999.0 -9999.0 -9999.0 -9999.0 -9999.0 -9999.0 -9999.0 -9999.0 -9999.0 -9999.0 -9999.0 -9999.0 -9999.0 -9999.0 -9999.0 -9999.0 -9999.0 -9999.0 -9999.0 -9999.0 -9999.0 -9999.0 -9999.0 -9999.0 -9999.0 -9999.0 -9999.0 -9999.0 -9999.0 -9999.0 -9999.0 -9999.0 -9999.0 -9999.0 -9999.0 -9999.0 -9999.0 -9999.0 -9999.0 -9999.0 -9999.0 -9999.0 -9999.0 -9999.0 -9999.0 -9999.0 -9999.0 -9999.0 -9999.0 -9999.0 -9999.0 -9999.0 -9999.0 -9999.0
-9999.0 -9999.0 -9999.0 -9999.0 -9999.0 -9999.0 -9999.0 -9999.0 -9999.0 -9999.0 -9999.0 -9999.0 -9999.0 -9999.0 -9999.0 -9999.0 -9999.0 -9999.0 -9999.0 -9999.0 -9999.0 -9999.0 -9999.0 -9999.0 -9999.0 -9999.0 -9999.0 -9999.0 -9999.0 -9999.0 -9999.0 -9999.0 -9999.0 -9999.0 -9999.0 -9999.0 -9999.0 -9999.0 -9999.0 -9999.0 -9999.0 -9999.0 -9999.0 -9999.0 -9999.0 -9999.0 -9999.0 -9999.0 -9999.0 -9999.0 -9999.0 -9999.0 -9999.0 -9999.0 -9999.0 -9999.0 -9999.0 -9999.0 -9999.0 -9999.0 -9999.0 -9999.0 -9999.0 -9999.0 -9999.0 -9999.0 -9999.0 -9999.0 -9999.0 -9999.0 -9999.0 -9999.0 -9999.0 -9999.0 -9999.0 -9999.0 -9999.0 -9999.0 -9999.0 -9999.0 -9999.0 -9999.0 -9999.0 -9999.0 -9999.0 -9999.0 -9999.0 -9999.0 -9999.0 -9999.0 -9999.0 -9999.0 -9999.0 -9999.0 -9999.0 -9999.0 -9999.0 -9999.0 -9999.0 -9999.0 -9999.0 -9999.0 -9999.0 -9999.0
-9999.0 -9999.0 658.536824 757.280593 853.307960 947.547862 1040.702351 1133.384294 1225.919129 1318.005316 1409.605755 1500.836067 1591.313362 1680.048298 1766.035294 1851.479283 1936.792906 299.212633 353.097930 412.291778 474.885913 540.708143 609.718363 680.957753 754.528850 829.915182 907.192064 985.878949 1066.060904 1147.627264 1230.355524 1314.224706 1399.257646 1485.256976 1571.906284 1658.801036 1745.293345 1830.117064 1911.160086 1988.401714 2069.912431 2172.103541 2297.218994 2407.264185 2500.277791 2578.915888 2740.218808 2258.216548 2207.652399 2181.400493 2169.277612 2165.781579 2168.845635 2177.037507 2189.300190 2205.893182 2221.578816 2240.052745 2261.313486 2286.575443 2310.565401 2335.629744 2361.211108 2385.883266 2412.590117 2441.789438 2473.078021 2503.397717 2533.259406 2562.220765 2590.095651 2615.418883 2640.758511 2666.805511 2694.113315 2722.923507 2752.142893 2782.605041 2815.054436 2847.541213 2876.360244 2902.787250 2924.738452 2947.537477 2973.217191 3000.651646 3030.663613 3063.352664 3096.173344 3128.885950 3169.241546 4975.185951 4975.185951 4975.185951 4975.185951 4975.185951 4975.185951 4975.185951 4975.185951 4975.185951 4975.185951 4975.185951 -9999.0 -9999.0
-9999.0 -9999.0 658.536616 757.280493 853.307918 947.547845 1040.702345 1133.384291 1225.919128 1318.005315 1409.605754 1500.836067 1591.313362 1680.048298 1766.035294 1851.479283 1936.792907 299.212633 353.097930 412.291778 474.885913 540.708143 609.718363 680.957753 754.528850 829.915182 907.192064 985.878949 1066.060904 1147.627264 1230.355524 1314.224706 1399.257646 1485.256976 1571.906284 1658.801036 1745.293345 1830.117064 1911.160086 1988.401714 2069.912431 2172.103541 2297.218994 2407.264185 2500.277791 2578.915888 2740.218807 2258.216548 2207.652399 2181.400493 2169.277612 2165.781580 2168.845636 2177.037507 2189.300191 2205.893183 2221.578817 2240.052746 2261.313487 2286.575442 2310.565401 2335.629743 2361.211108 2385.883266 2412.590118 2441.789438 2473.078022 2503.397718 2533.259407 2562.220765 2590.095651 2615.418883 2640.758510 2666.805511 2694.113314 2722.923506 2752.142892 2782.605040 2815.054435 2847.541212 2876.360243 2902.787250 2924.738452 2947.537477 2973.217191 3000.651646 3030.663612 3063.352663 3096.173344 3128.885950 3169.241546 4975.185951 4975.185951 4975.185951 4975.185951 4975.185951 4975.185951 4975.185951 4975.185951 4975.185951 4975.185951 4975.185951 -9999.0 -9999.0
-9999.0 -9999.0 658.536494 757.280423 853.307884 947.547830 1040.702338 1133.384289 1225.919127 1318.005315 1409.605754 1500.836067 1591.313362 1680.048298 1766.035294 1851.479283 1936.792907 299.212633 353.097930 412.291778 474.885913 540.708143 609.718363 680.957753 754.528850 829.915182 907.192064 985.878949 1066.060904 1147.627264 1230.355524 1314.224706 1399.257646 1485.256976 1571.906284 1658.801036 1745.293345 1830.117064 1911.160085 1988.401714 2069.912431 2172.103541 2297.218994 2407.264185 2500.277791 2578.915888 2740.218807 2258.216548 2207.652399 2181.400493 2169.277612 2165.781580 2168.845636 2177.037508 2189.300191 2205.893183 2221.578818 2240.052746 2261.313487 2286.575442 2310.565400 2335.629743 2361.211107 2385.883266 2412.590117 2441.789439 2473.078022 2503.397718 2533.259408 2562.220765 2590.095651 2615.418883 2640.758510 2666.805510 2694.113314 2722.923505 2752.142892 2782.605040 2815.054435 2847.541212 2876.360243 2902.787250 2924.738452 2947.537477 2973.217190 3000.651646 3030.663612 3063.352663 3096.173344 3128.885950 3169.241546 4975.185951 4975.185951 4975.185951 4975.185951 4975.185951 4975.185951 4975.185951 4975.185951 4975.185951 4975.185951 4975.185951 -9999.0 -9999.0
-9999.0 -9999.0 658.536494 757.280423 853.307884 947.547830 1040.702338 1133.384289 1225.919127 1318.005315 1409.605754 1500.836067 1591.313362 1680.048298 1766.035294 1851.479283 1936.792907 299.212633 353.097930 412.291778 474.885913 540.708143 609.718363 680.957753 754.528850 829.915182 907.192064 985.878949 1066.060904 1147.627264 1230.355524 1314.224706 1399.257646 1485.256976 1571.906284 1658.801036 1745.293345 1830.117064 1911.160085 1988.401714 2069.912431 2172.103541 2297.218994 2407.264185 2500.277791 2578.915888 2740.218807 2258.216548 2207.652399 2181.400493 2169.277612 2165.781580 2168.845636 2177.037508 2189.300191 2205.893183 2221.578818 2240.052746 2261.313487 2286.575442 2310.565400 2335.629743 2361.211107 2385.883266 2412.590117 2441.789439 2473.078022 2503.397718 2533.259408 2562.220765 2590.095651 2615.418883 2640.758510 2666.805510 2694.113314 2722.923505 2752.142892 2782.605040 2815.054435 2847.541212 2876.360243 2902.787250 2924.738452 2947.537477 2973.217190 3000.651646 3030.663612 3063.352663 3096.173344 3128.885950 3169.241546 4975.185951 4975.185951 4975.185951 4975.185951 4975.185951 4975.185951 4975.185951 4975.185951 4975.185951 4975.185951 4975.185951 -9999.0 -9999.0
-9999.0 -9999.0 658.536616 757.280493 853.307918 947.547845 1040.702345 1133.384291 1225.919128 1318.005315 1409.605754 1500.836067 1591.313362 1680.048298 1766.035294 1851.479283 1936.792907 299.212633 353.097930 412.291778 474.885913 540.708143 609.718363 680.957753 754.528850 829.915182 907.192064 985.878949 1066.060904 1147.627264 1230.355524 1314.224706 1399.257646 1485.256976 1571.906284 1658.801036 1745.293345 1830.117064 1911.160086 1988.401714 2069.912431 2172.103541 2297.218994 2407.264185 2500.277791 2578.915888 2740.218807 2258.216548 2207.652399 2181.400493 2169.277612 2165.781580 2168.845636 2177.037507 2189.300191 2205.893183 2221.578817 2240.052746 2261.313487 2286.575442 2310.565401 2335.629743 2361.211108 2385.883266 2412.590118 2441.789438 2473.078022 2503.397718 2533.259407 2562.220765 2590.095651 2615.418883 2640.758510 2666.805511 2694.113314 2722.923506 2752.142892 2782.605040 2815.054435 2847.541212 2876.360243 2902.787250 2924.738452 2947.537477 2973.217191 3000.651646 3030.663612 3063.352663 3096.173344 3128.885950 3169.241546 4975.185951 4975.185951 4975.185951 4975.185951 4975.185951 4975.185951 4975.185951 4975.185951 4975.185951 4975.185951 4975.185951 -9999.0 -9999.0
-9999.0 -9999.0 658.536824 757.280593 853.307960 947.547862 1040.702351 1133.384294 1225.919129 1318.005316 1409.605755 1500.836067 1591.313362 1680.048298 1766.035294 1851.479283 1936.792906 299.212633 353.097930 412.291778 474.885913 540.708143 609.718363 680.957753 754.528850 829.915182 907.192064 985.878949 1066.060904 1147.627264 1230.355524 1314.224706 1399.257646 1485.256976 1571.906284 1658.801036 1745.293345 1830.117064 1911.160086 1988.401714 2069.912431 2172.103541 2297.218994 2407.264185 2500.277791 2578.915888 2740.218808 2258.216548 2207.652399 2181.400493 2169.277612 2165.781579 2168.845635 2177.037507 2189.300190 2205.893182 2221.578816 2240.052745 2261.313486 2286.575443 2310.565401 2335.629744 2361.211108 2385.883267 2412.590117 2441.789438 2473.078021 2503.397717 2533.259406 2562.220765 2590.095651 2615.418883 2640.758511 2666.805511 2694.113315 2722.923507 2752.142893 2782.605041 2815.054436 2847.541213 2876.360244 2902.787250 2924.738452 2947.537477 2973.217191 3000.651646 3030.663613 3063.352664 3096.173344 3128.885950 3169.241546 4975.185951 4975.185951 4975.185951 4975.185951 4975.185951 4975.185951 4975.185951 4975.185951 4975.185951 4975.185951 4975.185951 -9999.0 -9999.0
-9999.0 -9999.0 -9999.0 -9999.0 -9999.0 -9999.0 -9999.0 -9999.0 -9999.0 -9999.0 -9999.0 -9999.0 -9999.0 -9999.0 -9999.0 -9999.0 -9999.0 -9999.0 -9999.0 -9999.0 -9999.0 -9999.0 -9999.0 -9999.0 -9999.0 -9999.0 -9999.0 -9999.0 -9999.0 -9999.0 -9999.0 -9999.0 -9999.0 -9999.0 -9999.0 -9999.0 -9999.0 -9999.0 -9999.0 -9999.0 -9999.0 -9999.0 -9999.0 -9999.0 -9999.0 -9999.0 -9999.0 -9999.0 -9999.0 -9999.0 -9999.0 -9999.0 -9999.0 -9999.0 -9999.0 -9999.0 -9999.0 -9999.0 -9999.0 -9999.0 -9999.0 -9999.0 -9999.0 -9999.0 -9999.0 -9999.0 -9999.0 -9999.0 -9999.0 -9999.0 -9999.0 -9999.0 -9999.0 -9999.0 -9999.0 -9999.0 -9999.0 -9999.0 -9999.0 -9999.0 -9999.0 -9999.0 -9999.0 -9999.0 -9999.0 -9999.0 -9999.0 -9999.0 -9999.0 -9999.0 -9999.0 -9999.0 -9999.0 -9999.0 -9999.0 -9999.0 -9999.0 -9999.0 -9999.0 -9999.0 -9999.0 -9999.0 -9999.0 -9999.0
-9999.0 -9999.0 -9999.0 -9999.0 -9999.0 -9999.0 -9999.0 -9999.0 -9999.0 -9999.0 -9999.0 -9999.0 -9999.0 -9999.0 -9999.0 -9999.0 -9999.0 -9999.0 -9999.0 -9999.0 -9999.0 -9999.0 -9999.0 -9999.0 -9999.0 -9999.0 -9999.0 -9999.0 -9999.0 -9999.0 -9999.0 -9999.0 -9999.0 -9999.0 -9999.0 -9999.0 -9999.0 -9999.0 -9999.0 -9999.0 -9999.0 -9999.0 -9999.0 -9999.0 -9999.0 -9999.0 -9999.0 -9999.0 -9999.0 -9999.0 -9999.0 -9999.0 -9999.0 -9999.0 -9999.0 -9999.0 -9999.0 -9999.0 -9999.0 -9999.0 -9999.0 -9999.0 -9999.0 -9999.0 -9999.0 -9999.0 -9999.0 -9999.0 -9999.0 -9999.0 -9999.0 -9999.0 -9999.0 -9999.0 -9999.0 -9999.0 -9999.0 -9999.0 -9999.0 -9999.0 -9999.0 -9999.0 -9999.0 -9999.0 -9999.0 -9999.0 -9999.0 -9999.0 -9999.0 -9999.0 -9999.0 -9999.0 -9999.0 -9999.0 -9999.0 -9999.0 -9999.0 -9999.0 -9999.0 -9999.0 -9999.0 -9999.0 -9999.0 -9999.0