inst/processing_geotop_simulation/geotop_simulation/out/maps3D/PwL0004N0031.asc
ncols         104
nrows         10
xllcorner     -2.000000
yllcorner     0.000000
cellsize      1.000000
NODATA_value  -9999.0
-9999.0 -9999.0 -9999.0 -9999.0 -9999.0 -9999.0 -9999.0 -9999.0 -9999.0 -9999.0 -9999.0 -9999.0 -9999.0 -9999.0 -9999.0 -9999.0 -9999.0 -9999.0 -9999.0 -9999.0 -9999.0 -9999.0 -9999.0 -9999.0 -9999.0 -9999.0 -9999.0 -9999.0 -9999.0 -9999.0 -9999.0 -9999.0 -9999.0 -9999.0 -9999.0 -9999.0 -9999.0 -9999.0 -9999.0 -9999.0 -9999.0 -9999.0 -9999.0 -9999.0 -9999.0 -9999.0 -9999.0 -9999.0 -9999.0 -9999.0 -9999.0 -9999.0 -9999.0 -9999.0 -9999.0 -9999.0 -9999.0 -9999.0 -9999.0 -9999.0 -9999.0 -9999.0 -9999.0 -9999.0 -9999.0 -9999.0 -9999.0 -9999.0 -9999.0 -9999.0 -9999.0 -9999.0 -9999.0 -9999.0 -9999.0 -9999.0 -9999.0 -9999.0 -9999.0 -9999.0 -9999.0 -9999.0 -9999.0 -9999.0 -9999.0 -9999.0 -9999.0 -9999.0 -9999.0 -9999.0 -9999.0 -9999.0 -9999.0 -9999.0 -9999.0 -9999.0 -9999.0 -9999.0 -9999.0 -9999.0 -9999.0 -9999.0 -9999.0 -9999.0
-9999.0 -9999.0 -9999.0 -9999.0 -9999.0 -9999.0 -9999.0 -9999.0 -9999.0 -9999.0 -9999.0 -9999.0 -9999.0 -9999.0 -9999.0 -9999.0 -9999.0 -9999.0 -9999.0 -9999.0 -9999.0 -9999.0 -9999.0 -9999.0 -9999.0 -9999.0 -9999.0 -9999.0 -9999.0 -9999.0 -9999.0 -9999.0 -9999.0 -9999.0 -9999.0 -9999.0 -9999.0 -9999.0 -9999.0 -9999.0 -9999.0 -9999.0 -9999.0 -9999.0 -9999.0 -9999.0 -9999.0 -9999.0 -9999.0 -9999.0 -9999.0 -9999.0 -9999.0 -9999.0 -9999.0 -9999.0 -9999.0 -9999.0 -9999.0 -9999.0 -9999.0 -9999.0 -9999.0 -9999.0 -9999.0 -9999.0 -9999.0 -9999.0 -9999.0 -9999.0 -9999.0 -9999.0 -9999.0 -9999.0 -9999.0 -9999.0 -9999.0 -9999.0 -9999.0 -9999.0 -9999.0 -9999.0 -9999.0 -9999.0 -9999.0 -9999.0 -9999.0 -9999.0 -9999.0 -9999.0 -9999.0 -9999.0 -9999.0 -9999.0 -9999.0 -9999.0 -9999.0 -9999.0 -9999.0 -9999.0 -9999.0 -9999.0 -9999.0 -9999.0
-9999.0 -9999.0 -261.651769 -345.746840 -412.980242 -459.615925 -486.717929 -500.123217 -507.189483 -515.166341 -516.760629 -524.103646 -509.465199 -468.452260 -259.598818 -70.761218 -13.414163 -56.341969 -105.432374 -158.589400 -214.758336 -272.649953 -330.104798 -382.982534 -427.419736 -460.402455 -482.221264 -495.323275 -502.642088 -506.518527 -508.504790 -509.497203 -509.970761 -510.156369 -510.150828 -509.968879 -509.477388 -508.608791 -511.090913 -513.052880 -493.229822 -514.576120 -634.653347 -596.747852 -551.000349 -523.710749 -511.145262 -509.662067 -509.524766 -509.564152 -509.632094 -509.703249 -509.771140 -509.833674 -509.890837 -509.950867 -510.098154 -511.141037 -519.527415 -538.506251 -571.017054 -588.584535 -529.763306 -524.588064 -514.013325 -511.213827 -510.898588 -510.990731 -511.129635 -511.247450 -511.335882 -511.399693 -511.445078 -511.477596 -511.501171 -511.518512 -511.531606 -511.541620 -511.549413 -511.555860 -511.561578 -511.567424 -511.574277 -511.583487 -511.597045 -511.617821 -511.650190 -511.701146 -511.782168 -511.912268 -512.123518 -512.471471 -513.055289 -514.057071 -515.817750 -518.976308 -524.699237 -534.987773 -552.933219 -582.659157 -628.952476 -697.031714 -9999.0 -9999.0
-9999.0 -9999.0 -261.618362 -345.738017 -412.977745 -459.615316 -486.717832 -500.123230 -507.189507 -515.166360 -516.760630 -524.103646 -509.465199 -468.452260 -259.598818 -70.761218 -13.414163 -56.341969 -105.432374 -158.589400 -214.758336 -272.649953 -330.104798 -382.982534 -427.419736 -460.402455 -482.221264 -495.323275 -502.642088 -506.518527 -508.504790 -509.497203 -509.970761 -510.156369 -510.150828 -509.968879 -509.477388 -508.608791 -511.090913 -513.052879 -493.229823 -514.576120 -634.653347 -596.747852 -551.000349 -523.710749 -511.145262 -509.662067 -509.524766 -509.564152 -509.632094 -509.703249 -509.771140 -509.833674 -509.890837 -509.950867 -510.098154 -511.141037 -519.527415 -538.506251 -571.017054 -588.584535 -529.763306 -524.588064 -514.013325 -511.213827 -510.898588 -510.990731 -511.129635 -511.247450 -511.335882 -511.399693 -511.445078 -511.477596 -511.501171 -511.518512 -511.531606 -511.541620 -511.549413 -511.555860 -511.561578 -511.567424 -511.574277 -511.583487 -511.597045 -511.617821 -511.650190 -511.701146 -511.782168 -511.912268 -512.123518 -512.471471 -513.055289 -514.057071 -515.817750 -518.976308 -524.699237 -534.987774 -552.933219 -582.659157 -628.952476 -697.031714 -9999.0 -9999.0
-9999.0 -9999.0 -261.607628 -345.733817 -412.976229 -459.614890 -486.717762 -500.123244 -507.189532 -515.166379 -516.760632 -524.103646 -509.465199 -468.452260 -259.598818 -70.761218 -13.414163 -56.341969 -105.432374 -158.589400 -214.758336 -272.649953 -330.104798 -382.982534 -427.419736 -460.402455 -482.221264 -495.323275 -502.642088 -506.518527 -508.504790 -509.497203 -509.970761 -510.156369 -510.150828 -509.968879 -509.477388 -508.608791 -511.090913 -513.052879 -493.229823 -514.576120 -634.653347 -596.747852 -551.000349 -523.710749 -511.145262 -509.662067 -509.524766 -509.564152 -509.632094 -509.703249 -509.771140 -509.833674 -509.890837 -509.950867 -510.098154 -511.141037 -519.527415 -538.506251 -571.017054 -588.584535 -529.763306 -524.588064 -514.013325 -511.213827 -510.898588 -510.990731 -511.129635 -511.247450 -511.335882 -511.399693 -511.445078 -511.477596 -511.501171 -511.518512 -511.531606 -511.541620 -511.549413 -511.555860 -511.561578 -511.567424 -511.574277 -511.583487 -511.597045 -511.617821 -511.650190 -511.701146 -511.782168 -511.912268 -512.123518 -512.471471 -513.055289 -514.057071 -515.817750 -518.976308 -524.699237 -534.987773 -552.933219 -582.659157 -628.952476 -697.031714 -9999.0 -9999.0
-9999.0 -9999.0 -261.607628 -345.733816 -412.976229 -459.614890 -486.717762 -500.123244 -507.189532 -515.166379 -516.760632 -524.103646 -509.465199 -468.452260 -259.598818 -70.761218 -13.414163 -56.341969 -105.432374 -158.589400 -214.758336 -272.649953 -330.104798 -382.982534 -427.419736 -460.402455 -482.221264 -495.323275 -502.642088 -506.518527 -508.504790 -509.497203 -509.970761 -510.156369 -510.150828 -509.968879 -509.477388 -508.608791 -511.090913 -513.052879 -493.229823 -514.576120 -634.653347 -596.747852 -551.000349 -523.710749 -511.145262 -509.662067 -509.524766 -509.564152 -509.632094 -509.703249 -509.771140 -509.833674 -509.890837 -509.950867 -510.098154 -511.141037 -519.527415 -538.506251 -571.017054 -588.584535 -529.763306 -524.588064 -514.013325 -511.213827 -510.898588 -510.990731 -511.129635 -511.247450 -511.335882 -511.399693 -511.445078 -511.477596 -511.501171 -511.518512 -511.531606 -511.541620 -511.549413 -511.555860 -511.561578 -511.567424 -511.574277 -511.583487 -511.597045 -511.617821 -511.650190 -511.701146 -511.782168 -511.912268 -512.123518 -512.471471 -513.055289 -514.057071 -515.817750 -518.976308 -524.699237 -534.987774 -552.933219 -582.659157 -628.952476 -697.031714 -9999.0 -9999.0
-9999.0 -9999.0 -261.618361 -345.738017 -412.977745 -459.615316 -486.717832 -500.123230 -507.189507 -515.166360 -516.760630 -524.103646 -509.465199 -468.452260 -259.598818 -70.761218 -13.414163 -56.341969 -105.432374 -158.589400 -214.758336 -272.649953 -330.104798 -382.982534 -427.419736 -460.402455 -482.221264 -495.323275 -502.642088 -506.518527 -508.504790 -509.497203 -509.970761 -510.156369 -510.150828 -509.968879 -509.477388 -508.608791 -511.090913 -513.052879 -493.229823 -514.576120 -634.653347 -596.747852 -551.000349 -523.710749 -511.145262 -509.662067 -509.524766 -509.564152 -509.632094 -509.703249 -509.771140 -509.833674 -509.890837 -509.950867 -510.098154 -511.141037 -519.527415 -538.506251 -571.017054 -588.584535 -529.763306 -524.588064 -514.013325 -511.213827 -510.898588 -510.990731 -511.129635 -511.247450 -511.335882 -511.399693 -511.445078 -511.477596 -511.501171 -511.518512 -511.531606 -511.541620 -511.549413 -511.555860 -511.561578 -511.567424 -511.574277 -511.583487 -511.597045 -511.617821 -511.650190 -511.701146 -511.782168 -511.912268 -512.123518 -512.471471 -513.055289 -514.057071 -515.817750 -518.976308 -524.699237 -534.987773 -552.933219 -582.659157 -628.952476 -697.031714 -9999.0 -9999.0
-9999.0 -9999.0 -261.651769 -345.746840 -412.980242 -459.615925 -486.717929 -500.123217 -507.189483 -515.166341 -516.760629 -524.103646 -509.465199 -468.452260 -259.598818 -70.761218 -13.414163 -56.341969 -105.432374 -158.589400 -214.758336 -272.649953 -330.104798 -382.982534 -427.419736 -460.402455 -482.221264 -495.323275 -502.642088 -506.518527 -508.504790 -509.497203 -509.970761 -510.156369 -510.150828 -509.968879 -509.477388 -508.608791 -511.090913 -513.052880 -493.229822 -514.576120 -634.653347 -596.747852 -551.000349 -523.710749 -511.145262 -509.662067 -509.524766 -509.564152 -509.632094 -509.703249 -509.771140 -509.833674 -509.890837 -509.950867 -510.098154 -511.141037 -519.527415 -538.506251 -571.017054 -588.584535 -529.763306 -524.588064 -514.013325 -511.213827 -510.898588 -510.990731 -511.129635 -511.247450 -511.335882 -511.399693 -511.445078 -511.477596 -511.501171 -511.518512 -511.531606 -511.541620 -511.549413 -511.555860 -511.561578 -511.567424 -511.574277 -511.583487 -511.597045 -511.617821 -511.650190 -511.701146 -511.782168 -511.912268 -512.123518 -512.471471 -513.055289 -514.057071 -515.817750 -518.976308 -524.699237 -534.987774 -552.933219 -582.659157 -628.952476 -697.031714 -9999.0 -9999.0
-9999.0 -9999.0 -9999.0 -9999.0 -9999.0 -9999.0 -9999.0 -9999.0 -9999.0 -9999.0 -9999.0 -9999.0 -9999.0 -9999.0 -9999.0 -9999.0 -9999.0 -9999.0 -9999.0 -9999.0 -9999.0 -9999.0 -9999.0 -9999.0 -9999.0 -9999.0 -9999.0 -9999.0 -9999.0 -9999.0 -9999.0 -9999.0 -9999.0 -9999.0 -9999.0 -9999.0 -9999.0 -9999.0 -9999.0 -9999.0 -9999.0 -9999.0 -9999.0 -9999.0 -9999.0 -9999.0 -9999.0 -9999.0 -9999.0 -9999.0 -9999.0 -9999.0 -9999.0 -9999.0 -9999.0 -9999.0 -9999.0 -9999.0 -9999.0 -9999.0 -9999.0 -9999.0 -9999.0 -9999.0 -9999.0 -9999.0 -9999.0 -9999.0 -9999.0 -9999.0 -9999.0 -9999.0 -9999.0 -9999.0 -9999.0 -9999.0 -9999.0 -9999.0 -9999.0 -9999.0 -9999.0 -9999.0 -9999.0 -9999.0 -9999.0 -9999.0 -9999.0 -9999.0 -9999.0 -9999.0 -9999.0 -9999.0 -9999.0 -9999.0 -9999.0 -9999.0 -9999.0 -9999.0 -9999.0 -9999.0 -9999.0 -9999.0 -9999.0 -9999.0
-9999.0 -9999.0 -9999.0 -9999.0 -9999.0 -9999.0 -9999.0 -9999.0 -9999.0 -9999.0 -9999.0 -9999.0 -9999.0 -9999.0 -9999.0 -9999.0 -9999.0 -9999.0 -9999.0 -9999.0 -9999.0 -9999.0 -9999.0 -9999.0 -9999.0 -9999.0 -9999.0 -9999.0 -9999.0 -9999.0 -9999.0 -9999.0 -9999.0 -9999.0 -9999.0 -9999.0 -9999.0 -9999.0 -9999.0 -9999.0 -9999.0 -9999.0 -9999.0 -9999.0 -9999.0 -9999.0 -9999.0 -9999.0 -9999.0 -9999.0 -9999.0 -9999.0 -9999.0 -9999.0 -9999.0 -9999.0 -9999.0 -9999.0 -9999.0 -9999.0 -9999.0 -9999.0 -9999.0 -9999.0 -9999.0 -9999.0 -9999.0 -9999.0 -9999.0 -9999.0 -9999.0 -9999.0 -9999.0 -9999.0 -9999.0 -9999.0 -9999.0 -9999.0 -9999.0 -9999.0 -9999.0 -9999.0 -9999.0 -9999.0 -9999.0 -9999.0 -9999.0 -9999.0 -9999.0 -9999.0 -9999.0 -9999.0 -9999.0 -9999.0 -9999.0 -9999.0 -9999.0 -9999.0 -9999.0 -9999.0 -9999.0 -9999.0 -9999.0 -9999.0