inst/processing_geotop_simulation/geotop_simulation/out/maps3D/PwL0010N0281.asc
ncols         104
nrows         10
xllcorner     -2.000000
yllcorner     0.000000
cellsize      1.000000
NODATA_value  -9999.0
-9999.0 -9999.0 -9999.0 -9999.0 -9999.0 -9999.0 -9999.0 -9999.0 -9999.0 -9999.0 -9999.0 -9999.0 -9999.0 -9999.0 -9999.0 -9999.0 -9999.0 -9999.0 -9999.0 -9999.0 -9999.0 -9999.0 -9999.0 -9999.0 -9999.0 -9999.0 -9999.0 -9999.0 -9999.0 -9999.0 -9999.0 -9999.0 -9999.0 -9999.0 -9999.0 -9999.0 -9999.0 -9999.0 -9999.0 -9999.0 -9999.0 -9999.0 -9999.0 -9999.0 -9999.0 -9999.0 -9999.0 -9999.0 -9999.0 -9999.0 -9999.0 -9999.0 -9999.0 -9999.0 -9999.0 -9999.0 -9999.0 -9999.0 -9999.0 -9999.0 -9999.0 -9999.0 -9999.0 -9999.0 -9999.0 -9999.0 -9999.0 -9999.0 -9999.0 -9999.0 -9999.0 -9999.0 -9999.0 -9999.0 -9999.0 -9999.0 -9999.0 -9999.0 -9999.0 -9999.0 -9999.0 -9999.0 -9999.0 -9999.0 -9999.0 -9999.0 -9999.0 -9999.0 -9999.0 -9999.0 -9999.0 -9999.0 -9999.0 -9999.0 -9999.0 -9999.0 -9999.0 -9999.0 -9999.0 -9999.0 -9999.0 -9999.0 -9999.0 -9999.0
-9999.0 -9999.0 -9999.0 -9999.0 -9999.0 -9999.0 -9999.0 -9999.0 -9999.0 -9999.0 -9999.0 -9999.0 -9999.0 -9999.0 -9999.0 -9999.0 -9999.0 -9999.0 -9999.0 -9999.0 -9999.0 -9999.0 -9999.0 -9999.0 -9999.0 -9999.0 -9999.0 -9999.0 -9999.0 -9999.0 -9999.0 -9999.0 -9999.0 -9999.0 -9999.0 -9999.0 -9999.0 -9999.0 -9999.0 -9999.0 -9999.0 -9999.0 -9999.0 -9999.0 -9999.0 -9999.0 -9999.0 -9999.0 -9999.0 -9999.0 -9999.0 -9999.0 -9999.0 -9999.0 -9999.0 -9999.0 -9999.0 -9999.0 -9999.0 -9999.0 -9999.0 -9999.0 -9999.0 -9999.0 -9999.0 -9999.0 -9999.0 -9999.0 -9999.0 -9999.0 -9999.0 -9999.0 -9999.0 -9999.0 -9999.0 -9999.0 -9999.0 -9999.0 -9999.0 -9999.0 -9999.0 -9999.0 -9999.0 -9999.0 -9999.0 -9999.0 -9999.0 -9999.0 -9999.0 -9999.0 -9999.0 -9999.0 -9999.0 -9999.0 -9999.0 -9999.0 -9999.0 -9999.0 -9999.0 -9999.0 -9999.0 -9999.0 -9999.0 -9999.0
-9999.0 -9999.0 474.917221 377.875631 279.895391 181.475278 82.868688 -15.812667 -114.514577 -213.212182 -311.874157 -410.451654 -508.840935 -606.823617 -704.126781 -801.720270 -899.037229 -996.047387 -1092.779843 -1186.127917 -1275.614462 -1358.422683 -1431.518452 -1492.874168 -1542.018307 -1579.834212 -1607.998982 -1628.436450 -1642.959883 -1653.106467 -1660.097289 -1664.859895 -1668.075717 -1670.232456 -1671.672340 -1672.633998 -1673.292297 -1673.825402 -1674.653866 -1677.314284 -1685.826950 -1694.555855 -1349.799212 -1574.720273 -1510.291331 -1470.766050 -1452.920447 -1450.530562 -1450.286470 -1450.311535 -1450.374907 -1450.442866 -1450.508126 -1450.568529 -1450.624455 -1450.688371 -1450.882187 -1452.239685 -1461.418044 -1482.446095 -1511.235301 -1272.292216 -1662.176277 -1678.789334 -1675.926906 -1674.871752 -1674.661077 -1674.626108 -1674.621078 -1674.620919 -1674.621477 -1674.622036 -1674.622487 -1674.622835 -1674.623104 -1674.623314 -1674.623482 -1674.623619 -1674.623735 -1674.623840 -1674.623943 -1674.624058 -1674.624202 -1674.624401 -1674.624692 -1674.625137 -1674.625835 -1674.626952 -1674.628771 -1674.631791 -1674.636927 -1674.645903 -1674.662066 -1674.692057 -1674.749307 -1674.861696 -1675.089741 -1675.574009 -1676.668112 -1679.343755 -1686.638661 -1710.106918 -9999.0 -9999.0
-9999.0 -9999.0 474.923408 377.877350 279.895870 181.475422 82.868735 -15.812651 -114.514571 -213.212180 -311.874155 -410.451654 -508.840935 -606.823617 -704.126781 -801.720270 -899.037229 -996.047387 -1092.779843 -1186.127917 -1275.614462 -1358.422684 -1431.518452 -1492.874168 -1542.018307 -1579.834212 -1607.998982 -1628.436450 -1642.959883 -1653.106467 -1660.097289 -1664.859895 -1668.075717 -1670.232456 -1671.672340 -1672.633998 -1673.292297 -1673.825402 -1674.653866 -1677.314284 -1685.826950 -1694.555855 -1349.799212 -1574.720273 -1510.291330 -1470.766049 -1452.920447 -1450.530562 -1450.286470 -1450.311535 -1450.374907 -1450.442866 -1450.508126 -1450.568529 -1450.624455 -1450.688371 -1450.882187 -1452.239685 -1461.418044 -1482.446095 -1511.235301 -1272.292216 -1662.176277 -1678.789334 -1675.926906 -1674.871752 -1674.661077 -1674.626108 -1674.621078 -1674.620919 -1674.621477 -1674.622036 -1674.622487 -1674.622835 -1674.623104 -1674.623314 -1674.623482 -1674.623619 -1674.623735 -1674.623840 -1674.623943 -1674.624058 -1674.624202 -1674.624401 -1674.624692 -1674.625137 -1674.625835 -1674.626952 -1674.628771 -1674.631791 -1674.636927 -1674.645903 -1674.662066 -1674.692057 -1674.749307 -1674.861696 -1675.089741 -1675.574009 -1676.668112 -1679.343755 -1686.638661 -1710.106918 -9999.0 -9999.0
-9999.0 -9999.0 474.924875 377.878122 279.896180 181.475536 82.868775 -15.812636 -114.514566 -213.212178 -311.874155 -410.451653 -508.840935 -606.823617 -704.126781 -801.720270 -899.037229 -996.047387 -1092.779843 -1186.127917 -1275.614462 -1358.422684 -1431.518452 -1492.874168 -1542.018308 -1579.834212 -1607.998982 -1628.436450 -1642.959883 -1653.106467 -1660.097289 -1664.859895 -1668.075717 -1670.232456 -1671.672340 -1672.633998 -1673.292297 -1673.825402 -1674.653866 -1677.314284 -1685.826950 -1694.555855 -1349.799212 -1574.720273 -1510.291330 -1470.766048 -1452.920447 -1450.530562 -1450.286470 -1450.311535 -1450.374907 -1450.442866 -1450.508126 -1450.568529 -1450.624455 -1450.688371 -1450.882187 -1452.239685 -1461.418044 -1482.446095 -1511.235300 -1272.292216 -1662.176277 -1678.789334 -1675.926906 -1674.871752 -1674.661077 -1674.626108 -1674.621078 -1674.620919 -1674.621477 -1674.622036 -1674.622487 -1674.622835 -1674.623104 -1674.623314 -1674.623482 -1674.623619 -1674.623735 -1674.623840 -1674.623943 -1674.624058 -1674.624202 -1674.624401 -1674.624692 -1674.625137 -1674.625835 -1674.626952 -1674.628771 -1674.631791 -1674.636927 -1674.645903 -1674.662066 -1674.692057 -1674.749307 -1674.861696 -1675.089741 -1675.574009 -1676.668112 -1679.343755 -1686.638661 -1710.106918 -9999.0 -9999.0
-9999.0 -9999.0 474.924875 377.878121 279.896180 181.475536 82.868776 -15.812636 -114.514566 -213.212178 -311.874155 -410.451653 -508.840935 -606.823617 -704.126781 -801.720270 -899.037229 -996.047387 -1092.779843 -1186.127917 -1275.614462 -1358.422684 -1431.518452 -1492.874168 -1542.018308 -1579.834212 -1607.998982 -1628.436450 -1642.959883 -1653.106467 -1660.097289 -1664.859895 -1668.075717 -1670.232456 -1671.672340 -1672.633998 -1673.292297 -1673.825402 -1674.653866 -1677.314284 -1685.826950 -1694.555855 -1349.799212 -1574.720273 -1510.291330 -1470.766048 -1452.920447 -1450.530562 -1450.286470 -1450.311535 -1450.374907 -1450.442866 -1450.508126 -1450.568529 -1450.624455 -1450.688371 -1450.882187 -1452.239685 -1461.418044 -1482.446095 -1511.235300 -1272.292216 -1662.176277 -1678.789334 -1675.926906 -1674.871752 -1674.661077 -1674.626108 -1674.621078 -1674.620919 -1674.621477 -1674.622036 -1674.622487 -1674.622835 -1674.623104 -1674.623314 -1674.623482 -1674.623619 -1674.623735 -1674.623840 -1674.623943 -1674.624058 -1674.624202 -1674.624401 -1674.624692 -1674.625137 -1674.625835 -1674.626952 -1674.628771 -1674.631791 -1674.636927 -1674.645903 -1674.662066 -1674.692057 -1674.749307 -1674.861696 -1675.089741 -1675.574009 -1676.668112 -1679.343755 -1686.638661 -1710.106918 -9999.0 -9999.0
-9999.0 -9999.0 474.923408 377.877350 279.895870 181.475422 82.868734 -15.812651 -114.514572 -213.212180 -311.874156 -410.451654 -508.840935 -606.823617 -704.126781 -801.720270 -899.037229 -996.047387 -1092.779843 -1186.127917 -1275.614462 -1358.422684 -1431.518452 -1492.874168 -1542.018307 -1579.834212 -1607.998982 -1628.436450 -1642.959883 -1653.106467 -1660.097289 -1664.859895 -1668.075717 -1670.232456 -1671.672340 -1672.633998 -1673.292297 -1673.825402 -1674.653866 -1677.314284 -1685.826950 -1694.555855 -1349.799212 -1574.720273 -1510.291330 -1470.766049 -1452.920447 -1450.530562 -1450.286470 -1450.311535 -1450.374907 -1450.442866 -1450.508126 -1450.568529 -1450.624455 -1450.688371 -1450.882187 -1452.239685 -1461.418044 -1482.446095 -1511.235301 -1272.292216 -1662.176277 -1678.789334 -1675.926906 -1674.871752 -1674.661077 -1674.626108 -1674.621078 -1674.620919 -1674.621477 -1674.622036 -1674.622487 -1674.622835 -1674.623104 -1674.623314 -1674.623482 -1674.623619 -1674.623735 -1674.623840 -1674.623943 -1674.624058 -1674.624202 -1674.624401 -1674.624692 -1674.625137 -1674.625835 -1674.626952 -1674.628771 -1674.631791 -1674.636927 -1674.645903 -1674.662066 -1674.692057 -1674.749307 -1674.861696 -1675.089741 -1675.574009 -1676.668112 -1679.343755 -1686.638661 -1710.106918 -9999.0 -9999.0
-9999.0 -9999.0 474.917221 377.875631 279.895391 181.475277 82.868688 -15.812667 -114.514577 -213.212182 -311.874156 -410.451654 -508.840935 -606.823617 -704.126781 -801.720270 -899.037228 -996.047387 -1092.779843 -1186.127917 -1275.614462 -1358.422683 -1431.518452 -1492.874168 -1542.018307 -1579.834212 -1607.998982 -1628.436450 -1642.959883 -1653.106467 -1660.097289 -1664.859895 -1668.075717 -1670.232456 -1671.672340 -1672.633998 -1673.292297 -1673.825402 -1674.653866 -1677.314284 -1685.826950 -1694.555855 -1349.799212 -1574.720273 -1510.291331 -1470.766050 -1452.920447 -1450.530562 -1450.286470 -1450.311535 -1450.374907 -1450.442866 -1450.508126 -1450.568529 -1450.624455 -1450.688371 -1450.882187 -1452.239685 -1461.418044 -1482.446095 -1511.235301 -1272.292216 -1662.176277 -1678.789334 -1675.926906 -1674.871752 -1674.661077 -1674.626108 -1674.621078 -1674.620919 -1674.621477 -1674.622036 -1674.622487 -1674.622835 -1674.623104 -1674.623314 -1674.623482 -1674.623619 -1674.623735 -1674.623840 -1674.623943 -1674.624058 -1674.624202 -1674.624401 -1674.624692 -1674.625137 -1674.625835 -1674.626952 -1674.628771 -1674.631791 -1674.636927 -1674.645903 -1674.662066 -1674.692057 -1674.749307 -1674.861696 -1675.089741 -1675.574009 -1676.668112 -1679.343755 -1686.638661 -1710.106918 -9999.0 -9999.0
-9999.0 -9999.0 -9999.0 -9999.0 -9999.0 -9999.0 -9999.0 -9999.0 -9999.0 -9999.0 -9999.0 -9999.0 -9999.0 -9999.0 -9999.0 -9999.0 -9999.0 -9999.0 -9999.0 -9999.0 -9999.0 -9999.0 -9999.0 -9999.0 -9999.0 -9999.0 -9999.0 -9999.0 -9999.0 -9999.0 -9999.0 -9999.0 -9999.0 -9999.0 -9999.0 -9999.0 -9999.0 -9999.0 -9999.0 -9999.0 -9999.0 -9999.0 -9999.0 -9999.0 -9999.0 -9999.0 -9999.0 -9999.0 -9999.0 -9999.0 -9999.0 -9999.0 -9999.0 -9999.0 -9999.0 -9999.0 -9999.0 -9999.0 -9999.0 -9999.0 -9999.0 -9999.0 -9999.0 -9999.0 -9999.0 -9999.0 -9999.0 -9999.0 -9999.0 -9999.0 -9999.0 -9999.0 -9999.0 -9999.0 -9999.0 -9999.0 -9999.0 -9999.0 -9999.0 -9999.0 -9999.0 -9999.0 -9999.0 -9999.0 -9999.0 -9999.0 -9999.0 -9999.0 -9999.0 -9999.0 -9999.0 -9999.0 -9999.0 -9999.0 -9999.0 -9999.0 -9999.0 -9999.0 -9999.0 -9999.0 -9999.0 -9999.0 -9999.0 -9999.0
-9999.0 -9999.0 -9999.0 -9999.0 -9999.0 -9999.0 -9999.0 -9999.0 -9999.0 -9999.0 -9999.0 -9999.0 -9999.0 -9999.0 -9999.0 -9999.0 -9999.0 -9999.0 -9999.0 -9999.0 -9999.0 -9999.0 -9999.0 -9999.0 -9999.0 -9999.0 -9999.0 -9999.0 -9999.0 -9999.0 -9999.0 -9999.0 -9999.0 -9999.0 -9999.0 -9999.0 -9999.0 -9999.0 -9999.0 -9999.0 -9999.0 -9999.0 -9999.0 -9999.0 -9999.0 -9999.0 -9999.0 -9999.0 -9999.0 -9999.0 -9999.0 -9999.0 -9999.0 -9999.0 -9999.0 -9999.0 -9999.0 -9999.0 -9999.0 -9999.0 -9999.0 -9999.0 -9999.0 -9999.0 -9999.0 -9999.0 -9999.0 -9999.0 -9999.0 -9999.0 -9999.0 -9999.0 -9999.0 -9999.0 -9999.0 -9999.0 -9999.0 -9999.0 -9999.0 -9999.0 -9999.0 -9999.0 -9999.0 -9999.0 -9999.0 -9999.0 -9999.0 -9999.0 -9999.0 -9999.0 -9999.0 -9999.0 -9999.0 -9999.0 -9999.0 -9999.0 -9999.0 -9999.0 -9999.0 -9999.0 -9999.0 -9999.0 -9999.0 -9999.0