inst/processing_geotop_simulation/geotop_simulation/out/maps3D/PwL0001N0464.asc
ncols         104
nrows         10
xllcorner     -2.000000
yllcorner     0.000000
cellsize      1.000000
NODATA_value  -9999.0
-9999.0 -9999.0 -9999.0 -9999.0 -9999.0 -9999.0 -9999.0 -9999.0 -9999.0 -9999.0 -9999.0 -9999.0 -9999.0 -9999.0 -9999.0 -9999.0 -9999.0 -9999.0 -9999.0 -9999.0 -9999.0 -9999.0 -9999.0 -9999.0 -9999.0 -9999.0 -9999.0 -9999.0 -9999.0 -9999.0 -9999.0 -9999.0 -9999.0 -9999.0 -9999.0 -9999.0 -9999.0 -9999.0 -9999.0 -9999.0 -9999.0 -9999.0 -9999.0 -9999.0 -9999.0 -9999.0 -9999.0 -9999.0 -9999.0 -9999.0 -9999.0 -9999.0 -9999.0 -9999.0 -9999.0 -9999.0 -9999.0 -9999.0 -9999.0 -9999.0 -9999.0 -9999.0 -9999.0 -9999.0 -9999.0 -9999.0 -9999.0 -9999.0 -9999.0 -9999.0 -9999.0 -9999.0 -9999.0 -9999.0 -9999.0 -9999.0 -9999.0 -9999.0 -9999.0 -9999.0 -9999.0 -9999.0 -9999.0 -9999.0 -9999.0 -9999.0 -9999.0 -9999.0 -9999.0 -9999.0 -9999.0 -9999.0 -9999.0 -9999.0 -9999.0 -9999.0 -9999.0 -9999.0 -9999.0 -9999.0 -9999.0 -9999.0 -9999.0 -9999.0
-9999.0 -9999.0 -9999.0 -9999.0 -9999.0 -9999.0 -9999.0 -9999.0 -9999.0 -9999.0 -9999.0 -9999.0 -9999.0 -9999.0 -9999.0 -9999.0 -9999.0 -9999.0 -9999.0 -9999.0 -9999.0 -9999.0 -9999.0 -9999.0 -9999.0 -9999.0 -9999.0 -9999.0 -9999.0 -9999.0 -9999.0 -9999.0 -9999.0 -9999.0 -9999.0 -9999.0 -9999.0 -9999.0 -9999.0 -9999.0 -9999.0 -9999.0 -9999.0 -9999.0 -9999.0 -9999.0 -9999.0 -9999.0 -9999.0 -9999.0 -9999.0 -9999.0 -9999.0 -9999.0 -9999.0 -9999.0 -9999.0 -9999.0 -9999.0 -9999.0 -9999.0 -9999.0 -9999.0 -9999.0 -9999.0 -9999.0 -9999.0 -9999.0 -9999.0 -9999.0 -9999.0 -9999.0 -9999.0 -9999.0 -9999.0 -9999.0 -9999.0 -9999.0 -9999.0 -9999.0 -9999.0 -9999.0 -9999.0 -9999.0 -9999.0 -9999.0 -9999.0 -9999.0 -9999.0 -9999.0 -9999.0 -9999.0 -9999.0 -9999.0 -9999.0 -9999.0 -9999.0 -9999.0 -9999.0 -9999.0 -9999.0 -9999.0 -9999.0 -9999.0
-9999.0 -9999.0 25.808053 -72.180642 -171.267898 -270.592486 -370.003761 -469.446618 -568.893208 -668.322500 -767.707372 -867.029690 -966.272512 -1065.415361 -1164.528821 -1263.591593 -1362.434485 -1460.922289 -1558.793196 -1655.496142 -1749.898686 -1839.908669 -1922.514031 -1994.713342 -2054.697070 -2102.315933 -2138.738502 -2165.801452 -2185.467465 -2199.514863 -2209.415058 -2216.318890 -2221.093027 -2224.372799 -2226.615304 -2228.147749 -2229.217044 -2230.074964 -2231.191128 -2233.361894 -2231.693676 -2151.910248 -1322.194831 -1317.825224 -1308.112019 -1301.636124 -1298.583835 -1298.092325 -1298.037818 -1298.042042 -1298.054699 -1298.068397 -1298.081575 -1298.093789 -1298.105195 -1298.119073 -1298.165255 -1298.466182 -1300.114829 -1303.725408 -1308.385737 -1305.701088 -2127.185649 -2226.199105 -2232.038711 -2231.670523 -2231.464996 -2231.418765 -2231.410735 -2231.409825 -2231.410081 -2231.410454 -2231.410776 -2231.411031 -2231.411232 -2231.411394 -2231.411526 -2231.411637 -2231.411735 -2231.411825 -2231.411916 -2231.412017 -2231.412140 -2231.412304 -2231.412538 -2231.412887 -2231.413426 -2231.414281 -2231.415667 -2231.417971 -2231.421907 -2231.428834 -2231.441416 -2231.464987 -2231.510508 -2231.601359 -2231.790267 -2232.205238 -2233.184799 -2235.720642 -2243.100948 -2267.752732 -9999.0 -9999.0
-9999.0 -9999.0 25.818867 -72.178850 -171.267452 -270.592356 -370.003719 -469.446604 -568.893203 -668.322498 -767.707371 -867.029689 -966.272512 -1065.415361 -1164.528821 -1263.591593 -1362.434485 -1460.922289 -1558.793196 -1655.496142 -1749.898686 -1839.908669 -1922.514032 -1994.713342 -2054.697070 -2102.315933 -2138.738502 -2165.801452 -2185.467465 -2199.514863 -2209.415058 -2216.318890 -2221.093027 -2224.372799 -2226.615304 -2228.147749 -2229.217044 -2230.074964 -2231.191128 -2233.361894 -2231.693676 -2151.910248 -1322.194831 -1317.825224 -1308.112019 -1301.636124 -1298.583835 -1298.092325 -1298.037818 -1298.042042 -1298.054699 -1298.068397 -1298.081575 -1298.093789 -1298.105195 -1298.119073 -1298.165255 -1298.466182 -1300.114829 -1303.725408 -1308.385737 -1305.701088 -2127.185649 -2226.199105 -2232.038711 -2231.670523 -2231.464996 -2231.418765 -2231.410735 -2231.409825 -2231.410081 -2231.410454 -2231.410776 -2231.411031 -2231.411232 -2231.411394 -2231.411526 -2231.411637 -2231.411735 -2231.411825 -2231.411916 -2231.412017 -2231.412140 -2231.412304 -2231.412538 -2231.412887 -2231.413426 -2231.414281 -2231.415667 -2231.417971 -2231.421906 -2231.428834 -2231.441416 -2231.464987 -2231.510508 -2231.601359 -2231.790267 -2232.205238 -2233.184799 -2235.720642 -2243.100948 -2267.752732 -9999.0 -9999.0
-9999.0 -9999.0 25.819866 -72.178132 -171.267169 -270.592254 -370.003683 -469.446591 -568.893198 -668.322496 -767.707370 -867.029689 -966.272512 -1065.415361 -1164.528821 -1263.591593 -1362.434485 -1460.922289 -1558.793196 -1655.496142 -1749.898687 -1839.908669 -1922.514032 -1994.713342 -2054.697070 -2102.315933 -2138.738502 -2165.801452 -2185.467465 -2199.514863 -2209.415058 -2216.318890 -2221.093027 -2224.372799 -2226.615304 -2228.147749 -2229.217044 -2230.074964 -2231.191128 -2233.361894 -2231.693676 -2151.910248 -1322.194831 -1317.825224 -1308.112019 -1301.636124 -1298.583835 -1298.092325 -1298.037818 -1298.042042 -1298.054699 -1298.068397 -1298.081575 -1298.093789 -1298.105195 -1298.119073 -1298.165255 -1298.466182 -1300.114829 -1303.725408 -1308.385737 -1305.701088 -2127.185649 -2226.199105 -2232.038711 -2231.670523 -2231.464996 -2231.418765 -2231.410735 -2231.409825 -2231.410081 -2231.410454 -2231.410776 -2231.411031 -2231.411232 -2231.411394 -2231.411526 -2231.411637 -2231.411735 -2231.411825 -2231.411916 -2231.412017 -2231.412140 -2231.412304 -2231.412538 -2231.412887 -2231.413426 -2231.414281 -2231.415667 -2231.417971 -2231.421906 -2231.428834 -2231.441416 -2231.464987 -2231.510508 -2231.601359 -2231.790267 -2232.205238 -2233.184799 -2235.720642 -2243.100948 -2267.752732 -9999.0 -9999.0
-9999.0 -9999.0 25.819866 -72.178132 -171.267169 -270.592254 -370.003683 -469.446591 -568.893198 -668.322496 -767.707370 -867.029689 -966.272512 -1065.415361 -1164.528821 -1263.591593 -1362.434485 -1460.922289 -1558.793196 -1655.496142 -1749.898686 -1839.908669 -1922.514032 -1994.713342 -2054.697070 -2102.315933 -2138.738502 -2165.801452 -2185.467465 -2199.514863 -2209.415058 -2216.318890 -2221.093027 -2224.372799 -2226.615304 -2228.147749 -2229.217044 -2230.074964 -2231.191128 -2233.361894 -2231.693676 -2151.910248 -1322.194831 -1317.825224 -1308.112019 -1301.636124 -1298.583835 -1298.092325 -1298.037818 -1298.042042 -1298.054699 -1298.068397 -1298.081575 -1298.093789 -1298.105195 -1298.119073 -1298.165255 -1298.466182 -1300.114829 -1303.725408 -1308.385737 -1305.701088 -2127.185649 -2226.199105 -2232.038711 -2231.670523 -2231.464996 -2231.418765 -2231.410735 -2231.409825 -2231.410081 -2231.410454 -2231.410776 -2231.411031 -2231.411232 -2231.411394 -2231.411526 -2231.411637 -2231.411735 -2231.411825 -2231.411916 -2231.412017 -2231.412140 -2231.412304 -2231.412538 -2231.412887 -2231.413426 -2231.414281 -2231.415667 -2231.417971 -2231.421906 -2231.428834 -2231.441416 -2231.464987 -2231.510508 -2231.601359 -2231.790267 -2232.205238 -2233.184799 -2235.720642 -2243.100948 -2267.752732 -9999.0 -9999.0
-9999.0 -9999.0 25.818867 -72.178850 -171.267452 -270.592356 -370.003719 -469.446604 -568.893203 -668.322498 -767.707371 -867.029689 -966.272512 -1065.415361 -1164.528821 -1263.591593 -1362.434485 -1460.922289 -1558.793196 -1655.496142 -1749.898686 -1839.908669 -1922.514032 -1994.713342 -2054.697070 -2102.315933 -2138.738502 -2165.801452 -2185.467465 -2199.514863 -2209.415058 -2216.318890 -2221.093027 -2224.372799 -2226.615304 -2228.147749 -2229.217044 -2230.074964 -2231.191128 -2233.361894 -2231.693676 -2151.910248 -1322.194831 -1317.825224 -1308.112019 -1301.636124 -1298.583835 -1298.092325 -1298.037818 -1298.042042 -1298.054699 -1298.068397 -1298.081575 -1298.093789 -1298.105195 -1298.119073 -1298.165255 -1298.466182 -1300.114829 -1303.725408 -1308.385737 -1305.701088 -2127.185649 -2226.199105 -2232.038711 -2231.670523 -2231.464996 -2231.418765 -2231.410735 -2231.409825 -2231.410081 -2231.410454 -2231.410776 -2231.411031 -2231.411232 -2231.411394 -2231.411526 -2231.411637 -2231.411735 -2231.411825 -2231.411916 -2231.412017 -2231.412140 -2231.412304 -2231.412538 -2231.412887 -2231.413426 -2231.414281 -2231.415667 -2231.417971 -2231.421906 -2231.428834 -2231.441416 -2231.464987 -2231.510508 -2231.601359 -2231.790267 -2232.205238 -2233.184799 -2235.720642 -2243.100948 -2267.752732 -9999.0 -9999.0
-9999.0 -9999.0 25.808053 -72.180642 -171.267898 -270.592486 -370.003761 -469.446618 -568.893208 -668.322500 -767.707372 -867.029690 -966.272512 -1065.415361 -1164.528821 -1263.591593 -1362.434485 -1460.922289 -1558.793196 -1655.496142 -1749.898686 -1839.908669 -1922.514031 -1994.713342 -2054.697070 -2102.315933 -2138.738502 -2165.801452 -2185.467465 -2199.514863 -2209.415058 -2216.318890 -2221.093027 -2224.372799 -2226.615304 -2228.147749 -2229.217044 -2230.074964 -2231.191128 -2233.361894 -2231.693676 -2151.910248 -1322.194831 -1317.825224 -1308.112019 -1301.636124 -1298.583835 -1298.092325 -1298.037818 -1298.042042 -1298.054699 -1298.068397 -1298.081575 -1298.093789 -1298.105195 -1298.119073 -1298.165255 -1298.466182 -1300.114829 -1303.725408 -1308.385737 -1305.701088 -2127.185649 -2226.199105 -2232.038711 -2231.670523 -2231.464996 -2231.418765 -2231.410735 -2231.409825 -2231.410081 -2231.410454 -2231.410776 -2231.411031 -2231.411232 -2231.411394 -2231.411526 -2231.411637 -2231.411735 -2231.411825 -2231.411916 -2231.412017 -2231.412140 -2231.412304 -2231.412538 -2231.412887 -2231.413426 -2231.414281 -2231.415667 -2231.417971 -2231.421907 -2231.428834 -2231.441416 -2231.464987 -2231.510508 -2231.601359 -2231.790267 -2232.205238 -2233.184799 -2235.720642 -2243.100948 -2267.752732 -9999.0 -9999.0
-9999.0 -9999.0 -9999.0 -9999.0 -9999.0 -9999.0 -9999.0 -9999.0 -9999.0 -9999.0 -9999.0 -9999.0 -9999.0 -9999.0 -9999.0 -9999.0 -9999.0 -9999.0 -9999.0 -9999.0 -9999.0 -9999.0 -9999.0 -9999.0 -9999.0 -9999.0 -9999.0 -9999.0 -9999.0 -9999.0 -9999.0 -9999.0 -9999.0 -9999.0 -9999.0 -9999.0 -9999.0 -9999.0 -9999.0 -9999.0 -9999.0 -9999.0 -9999.0 -9999.0 -9999.0 -9999.0 -9999.0 -9999.0 -9999.0 -9999.0 -9999.0 -9999.0 -9999.0 -9999.0 -9999.0 -9999.0 -9999.0 -9999.0 -9999.0 -9999.0 -9999.0 -9999.0 -9999.0 -9999.0 -9999.0 -9999.0 -9999.0 -9999.0 -9999.0 -9999.0 -9999.0 -9999.0 -9999.0 -9999.0 -9999.0 -9999.0 -9999.0 -9999.0 -9999.0 -9999.0 -9999.0 -9999.0 -9999.0 -9999.0 -9999.0 -9999.0 -9999.0 -9999.0 -9999.0 -9999.0 -9999.0 -9999.0 -9999.0 -9999.0 -9999.0 -9999.0 -9999.0 -9999.0 -9999.0 -9999.0 -9999.0 -9999.0 -9999.0 -9999.0
-9999.0 -9999.0 -9999.0 -9999.0 -9999.0 -9999.0 -9999.0 -9999.0 -9999.0 -9999.0 -9999.0 -9999.0 -9999.0 -9999.0 -9999.0 -9999.0 -9999.0 -9999.0 -9999.0 -9999.0 -9999.0 -9999.0 -9999.0 -9999.0 -9999.0 -9999.0 -9999.0 -9999.0 -9999.0 -9999.0 -9999.0 -9999.0 -9999.0 -9999.0 -9999.0 -9999.0 -9999.0 -9999.0 -9999.0 -9999.0 -9999.0 -9999.0 -9999.0 -9999.0 -9999.0 -9999.0 -9999.0 -9999.0 -9999.0 -9999.0 -9999.0 -9999.0 -9999.0 -9999.0 -9999.0 -9999.0 -9999.0 -9999.0 -9999.0 -9999.0 -9999.0 -9999.0 -9999.0 -9999.0 -9999.0 -9999.0 -9999.0 -9999.0 -9999.0 -9999.0 -9999.0 -9999.0 -9999.0 -9999.0 -9999.0 -9999.0 -9999.0 -9999.0 -9999.0 -9999.0 -9999.0 -9999.0 -9999.0 -9999.0 -9999.0 -9999.0 -9999.0 -9999.0 -9999.0 -9999.0 -9999.0 -9999.0 -9999.0 -9999.0 -9999.0 -9999.0 -9999.0 -9999.0 -9999.0 -9999.0 -9999.0 -9999.0 -9999.0 -9999.0