inst/processing_geotop_simulation/geotop_simulation/out/maps3D/PwL0007N0458.asc
ncols         104
nrows         10
xllcorner     -2.000000
yllcorner     0.000000
cellsize      1.000000
NODATA_value  -9999.0
-9999.0 -9999.0 -9999.0 -9999.0 -9999.0 -9999.0 -9999.0 -9999.0 -9999.0 -9999.0 -9999.0 -9999.0 -9999.0 -9999.0 -9999.0 -9999.0 -9999.0 -9999.0 -9999.0 -9999.0 -9999.0 -9999.0 -9999.0 -9999.0 -9999.0 -9999.0 -9999.0 -9999.0 -9999.0 -9999.0 -9999.0 -9999.0 -9999.0 -9999.0 -9999.0 -9999.0 -9999.0 -9999.0 -9999.0 -9999.0 -9999.0 -9999.0 -9999.0 -9999.0 -9999.0 -9999.0 -9999.0 -9999.0 -9999.0 -9999.0 -9999.0 -9999.0 -9999.0 -9999.0 -9999.0 -9999.0 -9999.0 -9999.0 -9999.0 -9999.0 -9999.0 -9999.0 -9999.0 -9999.0 -9999.0 -9999.0 -9999.0 -9999.0 -9999.0 -9999.0 -9999.0 -9999.0 -9999.0 -9999.0 -9999.0 -9999.0 -9999.0 -9999.0 -9999.0 -9999.0 -9999.0 -9999.0 -9999.0 -9999.0 -9999.0 -9999.0 -9999.0 -9999.0 -9999.0 -9999.0 -9999.0 -9999.0 -9999.0 -9999.0 -9999.0 -9999.0 -9999.0 -9999.0 -9999.0 -9999.0 -9999.0 -9999.0 -9999.0 -9999.0
-9999.0 -9999.0 -9999.0 -9999.0 -9999.0 -9999.0 -9999.0 -9999.0 -9999.0 -9999.0 -9999.0 -9999.0 -9999.0 -9999.0 -9999.0 -9999.0 -9999.0 -9999.0 -9999.0 -9999.0 -9999.0 -9999.0 -9999.0 -9999.0 -9999.0 -9999.0 -9999.0 -9999.0 -9999.0 -9999.0 -9999.0 -9999.0 -9999.0 -9999.0 -9999.0 -9999.0 -9999.0 -9999.0 -9999.0 -9999.0 -9999.0 -9999.0 -9999.0 -9999.0 -9999.0 -9999.0 -9999.0 -9999.0 -9999.0 -9999.0 -9999.0 -9999.0 -9999.0 -9999.0 -9999.0 -9999.0 -9999.0 -9999.0 -9999.0 -9999.0 -9999.0 -9999.0 -9999.0 -9999.0 -9999.0 -9999.0 -9999.0 -9999.0 -9999.0 -9999.0 -9999.0 -9999.0 -9999.0 -9999.0 -9999.0 -9999.0 -9999.0 -9999.0 -9999.0 -9999.0 -9999.0 -9999.0 -9999.0 -9999.0 -9999.0 -9999.0 -9999.0 -9999.0 -9999.0 -9999.0 -9999.0 -9999.0 -9999.0 -9999.0 -9999.0 -9999.0 -9999.0 -9999.0 -9999.0 -9999.0 -9999.0 -9999.0 -9999.0 -9999.0
-9999.0 -9999.0 323.492116 224.967544 125.860792 26.541199 -72.860535 -172.296048 -271.741834 -371.181978 -470.601337 -569.973425 -669.245244 -768.409821 -867.558483 -966.678275 -1065.744495 -1164.597350 -1262.902686 -1360.353831 -1456.103450 -1548.516377 -1635.065827 -1712.908632 -1779.846161 -1834.954836 -1878.604189 -1912.069071 -1937.051900 -1955.307670 -1968.422150 -1977.716688 -1984.233932 -1988.765607 -1991.896924 -1994.055053 -1995.563269 -1996.734043 -1998.098029 -2000.607289 -2001.000267 -1944.055417 -1245.128457 -1283.310147 -1265.076592 -1252.715313 -1246.943858 -1246.062675 -1245.967241 -1245.974771 -1245.996935 -1246.020882 -1246.043910 -1246.065244 -1246.085132 -1246.109036 -1246.187690 -1246.714074 -1249.779430 -1256.552047 -1264.123627 -1214.109163 -1913.810165 -1994.662017 -1999.444423 -1999.001567 -1998.784803 -1998.736085 -1998.727546 -1998.726547 -1998.726792 -1998.727170 -1998.727500 -1998.727766 -1998.727978 -1998.728151 -1998.728296 -1998.728421 -1998.728532 -1998.728637 -1998.728743 -1998.728859 -1998.728997 -1998.729178 -1998.729429 -1998.729795 -1998.730351 -1998.731222 -1998.732624 -1998.734944 -1998.738895 -1998.745840 -1998.758448 -1998.782082 -1998.827793 -1998.919276 -1999.110295 -1999.532089 -2000.532703 -2003.130250 -2010.675322 -2035.658875 -9999.0 -9999.0
-9999.0 -9999.0 323.498911 224.969186 125.861227 26.541328 -72.860494 -172.296034 -271.741829 -371.181976 -470.601336 -569.973424 -669.245243 -768.409821 -867.558483 -966.678275 -1065.744495 -1164.597351 -1262.902687 -1360.353831 -1456.103450 -1548.516377 -1635.065827 -1712.908633 -1779.846161 -1834.954836 -1878.604189 -1912.069071 -1937.051900 -1955.307670 -1968.422150 -1977.716688 -1984.233932 -1988.765607 -1991.896924 -1994.055053 -1995.563269 -1996.734043 -1998.098029 -2000.607289 -2001.000267 -1944.055417 -1245.128457 -1283.310147 -1265.076592 -1252.715313 -1246.943858 -1246.062675 -1245.967241 -1245.974771 -1245.996935 -1246.020882 -1246.043910 -1246.065244 -1246.085132 -1246.109036 -1246.187690 -1246.714074 -1249.779430 -1256.552047 -1264.123627 -1214.109163 -1913.810165 -1994.662017 -1999.444423 -1999.001567 -1998.784803 -1998.736085 -1998.727546 -1998.726547 -1998.726792 -1998.727170 -1998.727500 -1998.727766 -1998.727978 -1998.728151 -1998.728296 -1998.728421 -1998.728532 -1998.728637 -1998.728743 -1998.728859 -1998.728997 -1998.729178 -1998.729429 -1998.729795 -1998.730351 -1998.731222 -1998.732624 -1998.734944 -1998.738895 -1998.745839 -1998.758448 -1998.782082 -1998.827793 -1998.919276 -1999.110295 -1999.532089 -2000.532703 -2003.130250 -2010.675322 -2035.658875 -9999.0 -9999.0
-9999.0 -9999.0 323.500197 224.969885 125.861506 26.541430 -72.860458 -172.296021 -271.741824 -371.181974 -470.601335 -569.973424 -669.245243 -768.409821 -867.558483 -966.678275 -1065.744495 -1164.597351 -1262.902687 -1360.353831 -1456.103450 -1548.516377 -1635.065827 -1712.908633 -1779.846161 -1834.954836 -1878.604190 -1912.069071 -1937.051900 -1955.307670 -1968.422150 -1977.716688 -1984.233932 -1988.765607 -1991.896924 -1994.055053 -1995.563269 -1996.734043 -1998.098029 -2000.607289 -2001.000267 -1944.055417 -1245.128457 -1283.310147 -1265.076592 -1252.715313 -1246.943858 -1246.062675 -1245.967241 -1245.974771 -1245.996935 -1246.020882 -1246.043910 -1246.065244 -1246.085132 -1246.109036 -1246.187690 -1246.714074 -1249.779430 -1256.552047 -1264.123627 -1214.109163 -1913.810165 -1994.662017 -1999.444423 -1999.001567 -1998.784803 -1998.736085 -1998.727546 -1998.726547 -1998.726792 -1998.727170 -1998.727500 -1998.727766 -1998.727978 -1998.728151 -1998.728296 -1998.728421 -1998.728532 -1998.728637 -1998.728743 -1998.728859 -1998.728997 -1998.729178 -1998.729429 -1998.729795 -1998.730351 -1998.731222 -1998.732624 -1998.734944 -1998.738895 -1998.745839 -1998.758448 -1998.782082 -1998.827793 -1998.919276 -1999.110295 -1999.532089 -2000.532703 -2003.130250 -2010.675322 -2035.658875 -9999.0 -9999.0
-9999.0 -9999.0 323.500197 224.969885 125.861505 26.541430 -72.860458 -172.296021 -271.741824 -371.181974 -470.601335 -569.973424 -669.245243 -768.409821 -867.558483 -966.678275 -1065.744495 -1164.597351 -1262.902687 -1360.353831 -1456.103450 -1548.516377 -1635.065827 -1712.908633 -1779.846161 -1834.954836 -1878.604190 -1912.069071 -1937.051900 -1955.307670 -1968.422150 -1977.716688 -1984.233932 -1988.765607 -1991.896924 -1994.055053 -1995.563269 -1996.734043 -1998.098029 -2000.607289 -2001.000267 -1944.055417 -1245.128457 -1283.310147 -1265.076592 -1252.715313 -1246.943858 -1246.062675 -1245.967241 -1245.974771 -1245.996935 -1246.020882 -1246.043910 -1246.065244 -1246.085132 -1246.109036 -1246.187690 -1246.714074 -1249.779430 -1256.552047 -1264.123627 -1214.109163 -1913.810165 -1994.662017 -1999.444423 -1999.001567 -1998.784803 -1998.736085 -1998.727546 -1998.726547 -1998.726792 -1998.727170 -1998.727500 -1998.727766 -1998.727978 -1998.728151 -1998.728296 -1998.728421 -1998.728532 -1998.728637 -1998.728743 -1998.728859 -1998.728997 -1998.729178 -1998.729429 -1998.729795 -1998.730351 -1998.731222 -1998.732624 -1998.734944 -1998.738895 -1998.745839 -1998.758448 -1998.782082 -1998.827793 -1998.919276 -1999.110295 -1999.532089 -2000.532703 -2003.130250 -2010.675322 -2035.658875 -9999.0 -9999.0
-9999.0 -9999.0 323.498911 224.969186 125.861227 26.541328 -72.860494 -172.296034 -271.741829 -371.181976 -470.601336 -569.973424 -669.245243 -768.409821 -867.558483 -966.678275 -1065.744495 -1164.597351 -1262.902687 -1360.353831 -1456.103450 -1548.516377 -1635.065827 -1712.908633 -1779.846161 -1834.954836 -1878.604189 -1912.069071 -1937.051900 -1955.307670 -1968.422150 -1977.716688 -1984.233932 -1988.765607 -1991.896924 -1994.055053 -1995.563269 -1996.734043 -1998.098029 -2000.607289 -2001.000267 -1944.055417 -1245.128457 -1283.310147 -1265.076592 -1252.715313 -1246.943858 -1246.062675 -1245.967241 -1245.974771 -1245.996935 -1246.020882 -1246.043910 -1246.065244 -1246.085132 -1246.109036 -1246.187690 -1246.714074 -1249.779430 -1256.552047 -1264.123627 -1214.109163 -1913.810165 -1994.662017 -1999.444423 -1999.001567 -1998.784803 -1998.736085 -1998.727546 -1998.726547 -1998.726792 -1998.727170 -1998.727500 -1998.727766 -1998.727978 -1998.728151 -1998.728296 -1998.728421 -1998.728532 -1998.728637 -1998.728743 -1998.728859 -1998.728997 -1998.729178 -1998.729429 -1998.729795 -1998.730351 -1998.731222 -1998.732624 -1998.734944 -1998.738895 -1998.745839 -1998.758448 -1998.782082 -1998.827793 -1998.919276 -1999.110295 -1999.532089 -2000.532703 -2003.130250 -2010.675322 -2035.658875 -9999.0 -9999.0
-9999.0 -9999.0 323.492116 224.967544 125.860792 26.541199 -72.860535 -172.296048 -271.741834 -371.181978 -470.601337 -569.973425 -669.245244 -768.409821 -867.558483 -966.678275 -1065.744495 -1164.597350 -1262.902686 -1360.353831 -1456.103450 -1548.516377 -1635.065827 -1712.908632 -1779.846161 -1834.954836 -1878.604189 -1912.069071 -1937.051900 -1955.307670 -1968.422150 -1977.716688 -1984.233932 -1988.765607 -1991.896924 -1994.055053 -1995.563269 -1996.734043 -1998.098029 -2000.607289 -2001.000267 -1944.055417 -1245.128457 -1283.310147 -1265.076592 -1252.715313 -1246.943858 -1246.062675 -1245.967241 -1245.974771 -1245.996935 -1246.020882 -1246.043910 -1246.065244 -1246.085132 -1246.109036 -1246.187690 -1246.714074 -1249.779430 -1256.552047 -1264.123627 -1214.109163 -1913.810165 -1994.662017 -1999.444423 -1999.001567 -1998.784803 -1998.736085 -1998.727546 -1998.726547 -1998.726792 -1998.727170 -1998.727500 -1998.727766 -1998.727978 -1998.728151 -1998.728296 -1998.728421 -1998.728532 -1998.728637 -1998.728743 -1998.728859 -1998.728997 -1998.729178 -1998.729429 -1998.729795 -1998.730351 -1998.731222 -1998.732624 -1998.734944 -1998.738895 -1998.745840 -1998.758448 -1998.782082 -1998.827793 -1998.919276 -1999.110295 -1999.532089 -2000.532703 -2003.130250 -2010.675322 -2035.658875 -9999.0 -9999.0
-9999.0 -9999.0 -9999.0 -9999.0 -9999.0 -9999.0 -9999.0 -9999.0 -9999.0 -9999.0 -9999.0 -9999.0 -9999.0 -9999.0 -9999.0 -9999.0 -9999.0 -9999.0 -9999.0 -9999.0 -9999.0 -9999.0 -9999.0 -9999.0 -9999.0 -9999.0 -9999.0 -9999.0 -9999.0 -9999.0 -9999.0 -9999.0 -9999.0 -9999.0 -9999.0 -9999.0 -9999.0 -9999.0 -9999.0 -9999.0 -9999.0 -9999.0 -9999.0 -9999.0 -9999.0 -9999.0 -9999.0 -9999.0 -9999.0 -9999.0 -9999.0 -9999.0 -9999.0 -9999.0 -9999.0 -9999.0 -9999.0 -9999.0 -9999.0 -9999.0 -9999.0 -9999.0 -9999.0 -9999.0 -9999.0 -9999.0 -9999.0 -9999.0 -9999.0 -9999.0 -9999.0 -9999.0 -9999.0 -9999.0 -9999.0 -9999.0 -9999.0 -9999.0 -9999.0 -9999.0 -9999.0 -9999.0 -9999.0 -9999.0 -9999.0 -9999.0 -9999.0 -9999.0 -9999.0 -9999.0 -9999.0 -9999.0 -9999.0 -9999.0 -9999.0 -9999.0 -9999.0 -9999.0 -9999.0 -9999.0 -9999.0 -9999.0 -9999.0 -9999.0
-9999.0 -9999.0 -9999.0 -9999.0 -9999.0 -9999.0 -9999.0 -9999.0 -9999.0 -9999.0 -9999.0 -9999.0 -9999.0 -9999.0 -9999.0 -9999.0 -9999.0 -9999.0 -9999.0 -9999.0 -9999.0 -9999.0 -9999.0 -9999.0 -9999.0 -9999.0 -9999.0 -9999.0 -9999.0 -9999.0 -9999.0 -9999.0 -9999.0 -9999.0 -9999.0 -9999.0 -9999.0 -9999.0 -9999.0 -9999.0 -9999.0 -9999.0 -9999.0 -9999.0 -9999.0 -9999.0 -9999.0 -9999.0 -9999.0 -9999.0 -9999.0 -9999.0 -9999.0 -9999.0 -9999.0 -9999.0 -9999.0 -9999.0 -9999.0 -9999.0 -9999.0 -9999.0 -9999.0 -9999.0 -9999.0 -9999.0 -9999.0 -9999.0 -9999.0 -9999.0 -9999.0 -9999.0 -9999.0 -9999.0 -9999.0 -9999.0 -9999.0 -9999.0 -9999.0 -9999.0 -9999.0 -9999.0 -9999.0 -9999.0 -9999.0 -9999.0 -9999.0 -9999.0 -9999.0 -9999.0 -9999.0 -9999.0 -9999.0 -9999.0 -9999.0 -9999.0 -9999.0 -9999.0 -9999.0 -9999.0 -9999.0 -9999.0 -9999.0 -9999.0