inst/processing_geotop_simulation/geotop_simulation/out/maps3D/PwL0018N0266.asc
ncols         104
nrows         10
xllcorner     -2.000000
yllcorner     0.000000
cellsize      1.000000
NODATA_value  -9999.0
-9999.0 -9999.0 -9999.0 -9999.0 -9999.0 -9999.0 -9999.0 -9999.0 -9999.0 -9999.0 -9999.0 -9999.0 -9999.0 -9999.0 -9999.0 -9999.0 -9999.0 -9999.0 -9999.0 -9999.0 -9999.0 -9999.0 -9999.0 -9999.0 -9999.0 -9999.0 -9999.0 -9999.0 -9999.0 -9999.0 -9999.0 -9999.0 -9999.0 -9999.0 -9999.0 -9999.0 -9999.0 -9999.0 -9999.0 -9999.0 -9999.0 -9999.0 -9999.0 -9999.0 -9999.0 -9999.0 -9999.0 -9999.0 -9999.0 -9999.0 -9999.0 -9999.0 -9999.0 -9999.0 -9999.0 -9999.0 -9999.0 -9999.0 -9999.0 -9999.0 -9999.0 -9999.0 -9999.0 -9999.0 -9999.0 -9999.0 -9999.0 -9999.0 -9999.0 -9999.0 -9999.0 -9999.0 -9999.0 -9999.0 -9999.0 -9999.0 -9999.0 -9999.0 -9999.0 -9999.0 -9999.0 -9999.0 -9999.0 -9999.0 -9999.0 -9999.0 -9999.0 -9999.0 -9999.0 -9999.0 -9999.0 -9999.0 -9999.0 -9999.0 -9999.0 -9999.0 -9999.0 -9999.0 -9999.0 -9999.0 -9999.0 -9999.0 -9999.0 -9999.0
-9999.0 -9999.0 -9999.0 -9999.0 -9999.0 -9999.0 -9999.0 -9999.0 -9999.0 -9999.0 -9999.0 -9999.0 -9999.0 -9999.0 -9999.0 -9999.0 -9999.0 -9999.0 -9999.0 -9999.0 -9999.0 -9999.0 -9999.0 -9999.0 -9999.0 -9999.0 -9999.0 -9999.0 -9999.0 -9999.0 -9999.0 -9999.0 -9999.0 -9999.0 -9999.0 -9999.0 -9999.0 -9999.0 -9999.0 -9999.0 -9999.0 -9999.0 -9999.0 -9999.0 -9999.0 -9999.0 -9999.0 -9999.0 -9999.0 -9999.0 -9999.0 -9999.0 -9999.0 -9999.0 -9999.0 -9999.0 -9999.0 -9999.0 -9999.0 -9999.0 -9999.0 -9999.0 -9999.0 -9999.0 -9999.0 -9999.0 -9999.0 -9999.0 -9999.0 -9999.0 -9999.0 -9999.0 -9999.0 -9999.0 -9999.0 -9999.0 -9999.0 -9999.0 -9999.0 -9999.0 -9999.0 -9999.0 -9999.0 -9999.0 -9999.0 -9999.0 -9999.0 -9999.0 -9999.0 -9999.0 -9999.0 -9999.0 -9999.0 -9999.0 -9999.0 -9999.0 -9999.0 -9999.0 -9999.0 -9999.0 -9999.0 -9999.0 -9999.0 -9999.0
-9999.0 -9999.0 872.963160 775.193277 677.160013 578.831393 480.348652 381.797705 283.224590 184.654115 86.100017 -12.426735 -110.916909 -209.360629 -307.713828 -405.893971 -503.743636 -600.994617 -697.232833 -793.904631 -889.934700 -985.064064 -1079.020137 -1161.893564 -1235.594701 -1298.477424 -1349.942205 -1390.440980 -1421.211710 -1443.899621 -1460.218249 -1471.724701 -1479.713091 -1485.194008 -1488.922511 -1491.447385 -1493.170614 -1494.443600 -1495.868529 -1499.435307 -1512.239707 -1563.464396 -1967.319386 -4040.024668 -4084.154156 -4084.158400 -4084.157871 -4084.151976 -4084.123779 -4084.031828 -4083.781522 -4083.066714 -4081.899545 -4080.404617 -4077.948547 -4073.257081 -4063.263452 -4040.618455 -3989.326814 -3881.146382 -3594.158842 -1716.685186 -1523.010915 -1504.144858 -1498.389972 -1497.036122 -1496.784947 -1496.743899 -1496.737967 -1496.737683 -1496.738233 -1496.738805 -1496.739274 -1496.739640 -1496.739928 -1496.740157 -1496.740343 -1496.740499 -1496.740633 -1496.740756 -1496.740879 -1496.741013 -1496.741177 -1496.741395 -1496.741709 -1496.742178 -1496.742903 -1496.744053 -1496.745916 -1496.749001 -1496.754244 -1496.763413 -1496.779951 -1496.810720 -1496.869709 -1496.986408 -1497.226339 -1497.745728 -1498.944147 -1501.912619 -1509.933759 -1534.754510 -9999.0 -9999.0
-9999.0 -9999.0 872.966632 775.194549 677.160420 578.831525 480.348695 381.797720 283.224595 184.654118 86.100018 -12.426735 -110.916909 -209.360629 -307.713829 -405.893971 -503.743636 -600.994618 -697.232833 -793.904631 -889.934701 -985.064064 -1079.020137 -1161.893565 -1235.594702 -1298.477424 -1349.942205 -1390.440981 -1421.211710 -1443.899622 -1460.218249 -1471.724701 -1479.713091 -1485.194008 -1488.922511 -1491.447385 -1493.170614 -1494.443600 -1495.868529 -1499.435307 -1512.239707 -1563.464396 -1967.319385 -4040.024668 -4084.154156 -4084.158400 -4084.157871 -4084.151976 -4084.123779 -4084.031828 -4083.781522 -4083.066714 -4081.899545 -4080.404617 -4077.948547 -4073.257081 -4063.263452 -4040.618455 -3989.326814 -3881.146382 -3594.158842 -1716.685186 -1523.010915 -1504.144858 -1498.389972 -1497.036122 -1496.784947 -1496.743899 -1496.737967 -1496.737683 -1496.738233 -1496.738805 -1496.739274 -1496.739640 -1496.739928 -1496.740157 -1496.740343 -1496.740499 -1496.740633 -1496.740756 -1496.740879 -1496.741013 -1496.741177 -1496.741395 -1496.741709 -1496.742178 -1496.742903 -1496.744053 -1496.745916 -1496.749001 -1496.754244 -1496.763413 -1496.779951 -1496.810720 -1496.869709 -1496.986408 -1497.226339 -1497.745728 -1498.944147 -1501.912619 -1509.933759 -1534.754510 -9999.0 -9999.0
-9999.0 -9999.0 872.967883 775.195215 677.160698 578.831630 480.348734 381.797734 283.224601 184.654119 86.100018 -12.426735 -110.916909 -209.360629 -307.713829 -405.893971 -503.743636 -600.994618 -697.232833 -793.904631 -889.934701 -985.064064 -1079.020137 -1161.893565 -1235.594702 -1298.477424 -1349.942205 -1390.440981 -1421.211710 -1443.899622 -1460.218249 -1471.724701 -1479.713091 -1485.194008 -1488.922511 -1491.447385 -1493.170614 -1494.443600 -1495.868529 -1499.435307 -1512.239707 -1563.464396 -1967.319385 -4040.024668 -4084.154156 -4084.158400 -4084.157871 -4084.151976 -4084.123779 -4084.031828 -4083.781522 -4083.066714 -4081.899545 -4080.404617 -4077.948547 -4073.257081 -4063.263452 -4040.618455 -3989.326814 -3881.146381 -3594.158841 -1716.685186 -1523.010915 -1504.144858 -1498.389972 -1497.036122 -1496.784947 -1496.743899 -1496.737967 -1496.737683 -1496.738233 -1496.738805 -1496.739274 -1496.739640 -1496.739928 -1496.740157 -1496.740343 -1496.740499 -1496.740633 -1496.740756 -1496.740879 -1496.741013 -1496.741177 -1496.741395 -1496.741709 -1496.742178 -1496.742903 -1496.744053 -1496.745916 -1496.749001 -1496.754244 -1496.763413 -1496.779951 -1496.810720 -1496.869709 -1496.986408 -1497.226339 -1497.745728 -1498.944147 -1501.912619 -1509.933759 -1534.754510 -9999.0 -9999.0
-9999.0 -9999.0 872.967883 775.195215 677.160698 578.831630 480.348734 381.797734 283.224601 184.654119 86.100018 -12.426735 -110.916909 -209.360629 -307.713829 -405.893971 -503.743636 -600.994618 -697.232833 -793.904631 -889.934701 -985.064064 -1079.020137 -1161.893565 -1235.594702 -1298.477424 -1349.942205 -1390.440981 -1421.211710 -1443.899622 -1460.218249 -1471.724701 -1479.713091 -1485.194008 -1488.922511 -1491.447385 -1493.170614 -1494.443600 -1495.868529 -1499.435307 -1512.239707 -1563.464396 -1967.319385 -4040.024668 -4084.154156 -4084.158400 -4084.157871 -4084.151976 -4084.123779 -4084.031828 -4083.781522 -4083.066714 -4081.899545 -4080.404617 -4077.948547 -4073.257081 -4063.263452 -4040.618455 -3989.326814 -3881.146382 -3594.158841 -1716.685186 -1523.010915 -1504.144858 -1498.389972 -1497.036122 -1496.784947 -1496.743899 -1496.737967 -1496.737683 -1496.738233 -1496.738805 -1496.739274 -1496.739640 -1496.739928 -1496.740157 -1496.740343 -1496.740499 -1496.740633 -1496.740756 -1496.740879 -1496.741013 -1496.741177 -1496.741395 -1496.741709 -1496.742178 -1496.742903 -1496.744053 -1496.745916 -1496.749001 -1496.754244 -1496.763413 -1496.779951 -1496.810720 -1496.869709 -1496.986408 -1497.226339 -1497.745728 -1498.944147 -1501.912619 -1509.933759 -1534.754510 -9999.0 -9999.0
-9999.0 -9999.0 872.966632 775.194549 677.160420 578.831525 480.348695 381.797720 283.224595 184.654118 86.100018 -12.426735 -110.916909 -209.360629 -307.713829 -405.893971 -503.743636 -600.994618 -697.232833 -793.904631 -889.934701 -985.064064 -1079.020137 -1161.893565 -1235.594702 -1298.477424 -1349.942205 -1390.440981 -1421.211710 -1443.899622 -1460.218249 -1471.724701 -1479.713091 -1485.194008 -1488.922511 -1491.447385 -1493.170614 -1494.443600 -1495.868529 -1499.435307 -1512.239707 -1563.464396 -1967.319385 -4040.024668 -4084.154156 -4084.158400 -4084.157871 -4084.151976 -4084.123779 -4084.031828 -4083.781522 -4083.066714 -4081.899545 -4080.404617 -4077.948547 -4073.257081 -4063.263452 -4040.618455 -3989.326814 -3881.146382 -3594.158842 -1716.685186 -1523.010915 -1504.144858 -1498.389972 -1497.036122 -1496.784947 -1496.743899 -1496.737967 -1496.737683 -1496.738233 -1496.738805 -1496.739274 -1496.739640 -1496.739928 -1496.740157 -1496.740343 -1496.740499 -1496.740633 -1496.740756 -1496.740879 -1496.741013 -1496.741177 -1496.741395 -1496.741709 -1496.742178 -1496.742903 -1496.744053 -1496.745916 -1496.749001 -1496.754244 -1496.763413 -1496.779951 -1496.810720 -1496.869709 -1496.986408 -1497.226339 -1497.745728 -1498.944147 -1501.912619 -1509.933759 -1534.754510 -9999.0 -9999.0
-9999.0 -9999.0 872.963160 775.193277 677.160013 578.831393 480.348652 381.797705 283.224590 184.654115 86.100017 -12.426735 -110.916909 -209.360629 -307.713828 -405.893971 -503.743636 -600.994617 -697.232833 -793.904631 -889.934700 -985.064064 -1079.020137 -1161.893564 -1235.594701 -1298.477424 -1349.942205 -1390.440980 -1421.211710 -1443.899621 -1460.218249 -1471.724701 -1479.713091 -1485.194008 -1488.922511 -1491.447385 -1493.170614 -1494.443600 -1495.868529 -1499.435307 -1512.239707 -1563.464396 -1967.319386 -4040.024668 -4084.154156 -4084.158400 -4084.157871 -4084.151976 -4084.123779 -4084.031828 -4083.781522 -4083.066714 -4081.899545 -4080.404617 -4077.948547 -4073.257081 -4063.263452 -4040.618455 -3989.326814 -3881.146382 -3594.158843 -1716.685186 -1523.010915 -1504.144858 -1498.389972 -1497.036122 -1496.784947 -1496.743899 -1496.737967 -1496.737683 -1496.738233 -1496.738805 -1496.739274 -1496.739640 -1496.739928 -1496.740157 -1496.740343 -1496.740499 -1496.740633 -1496.740756 -1496.740879 -1496.741013 -1496.741177 -1496.741395 -1496.741709 -1496.742178 -1496.742903 -1496.744053 -1496.745916 -1496.749001 -1496.754244 -1496.763413 -1496.779951 -1496.810720 -1496.869709 -1496.986408 -1497.226339 -1497.745728 -1498.944147 -1501.912619 -1509.933759 -1534.754510 -9999.0 -9999.0
-9999.0 -9999.0 -9999.0 -9999.0 -9999.0 -9999.0 -9999.0 -9999.0 -9999.0 -9999.0 -9999.0 -9999.0 -9999.0 -9999.0 -9999.0 -9999.0 -9999.0 -9999.0 -9999.0 -9999.0 -9999.0 -9999.0 -9999.0 -9999.0 -9999.0 -9999.0 -9999.0 -9999.0 -9999.0 -9999.0 -9999.0 -9999.0 -9999.0 -9999.0 -9999.0 -9999.0 -9999.0 -9999.0 -9999.0 -9999.0 -9999.0 -9999.0 -9999.0 -9999.0 -9999.0 -9999.0 -9999.0 -9999.0 -9999.0 -9999.0 -9999.0 -9999.0 -9999.0 -9999.0 -9999.0 -9999.0 -9999.0 -9999.0 -9999.0 -9999.0 -9999.0 -9999.0 -9999.0 -9999.0 -9999.0 -9999.0 -9999.0 -9999.0 -9999.0 -9999.0 -9999.0 -9999.0 -9999.0 -9999.0 -9999.0 -9999.0 -9999.0 -9999.0 -9999.0 -9999.0 -9999.0 -9999.0 -9999.0 -9999.0 -9999.0 -9999.0 -9999.0 -9999.0 -9999.0 -9999.0 -9999.0 -9999.0 -9999.0 -9999.0 -9999.0 -9999.0 -9999.0 -9999.0 -9999.0 -9999.0 -9999.0 -9999.0 -9999.0 -9999.0
-9999.0 -9999.0 -9999.0 -9999.0 -9999.0 -9999.0 -9999.0 -9999.0 -9999.0 -9999.0 -9999.0 -9999.0 -9999.0 -9999.0 -9999.0 -9999.0 -9999.0 -9999.0 -9999.0 -9999.0 -9999.0 -9999.0 -9999.0 -9999.0 -9999.0 -9999.0 -9999.0 -9999.0 -9999.0 -9999.0 -9999.0 -9999.0 -9999.0 -9999.0 -9999.0 -9999.0 -9999.0 -9999.0 -9999.0 -9999.0 -9999.0 -9999.0 -9999.0 -9999.0 -9999.0 -9999.0 -9999.0 -9999.0 -9999.0 -9999.0 -9999.0 -9999.0 -9999.0 -9999.0 -9999.0 -9999.0 -9999.0 -9999.0 -9999.0 -9999.0 -9999.0 -9999.0 -9999.0 -9999.0 -9999.0 -9999.0 -9999.0 -9999.0 -9999.0 -9999.0 -9999.0 -9999.0 -9999.0 -9999.0 -9999.0 -9999.0 -9999.0 -9999.0 -9999.0 -9999.0 -9999.0 -9999.0 -9999.0 -9999.0 -9999.0 -9999.0 -9999.0 -9999.0 -9999.0 -9999.0 -9999.0 -9999.0 -9999.0 -9999.0 -9999.0 -9999.0 -9999.0 -9999.0 -9999.0 -9999.0 -9999.0 -9999.0 -9999.0 -9999.0