inst/processing_geotop_simulation/geotop_simulation/out/maps3D/PwL0003N0370.asc
ncols         104
nrows         10
xllcorner     -2.000000
yllcorner     0.000000
cellsize      1.000000
NODATA_value  -9999.0
-9999.0 -9999.0 -9999.0 -9999.0 -9999.0 -9999.0 -9999.0 -9999.0 -9999.0 -9999.0 -9999.0 -9999.0 -9999.0 -9999.0 -9999.0 -9999.0 -9999.0 -9999.0 -9999.0 -9999.0 -9999.0 -9999.0 -9999.0 -9999.0 -9999.0 -9999.0 -9999.0 -9999.0 -9999.0 -9999.0 -9999.0 -9999.0 -9999.0 -9999.0 -9999.0 -9999.0 -9999.0 -9999.0 -9999.0 -9999.0 -9999.0 -9999.0 -9999.0 -9999.0 -9999.0 -9999.0 -9999.0 -9999.0 -9999.0 -9999.0 -9999.0 -9999.0 -9999.0 -9999.0 -9999.0 -9999.0 -9999.0 -9999.0 -9999.0 -9999.0 -9999.0 -9999.0 -9999.0 -9999.0 -9999.0 -9999.0 -9999.0 -9999.0 -9999.0 -9999.0 -9999.0 -9999.0 -9999.0 -9999.0 -9999.0 -9999.0 -9999.0 -9999.0 -9999.0 -9999.0 -9999.0 -9999.0 -9999.0 -9999.0 -9999.0 -9999.0 -9999.0 -9999.0 -9999.0 -9999.0 -9999.0 -9999.0 -9999.0 -9999.0 -9999.0 -9999.0 -9999.0 -9999.0 -9999.0 -9999.0 -9999.0 -9999.0 -9999.0 -9999.0
-9999.0 -9999.0 -9999.0 -9999.0 -9999.0 -9999.0 -9999.0 -9999.0 -9999.0 -9999.0 -9999.0 -9999.0 -9999.0 -9999.0 -9999.0 -9999.0 -9999.0 -9999.0 -9999.0 -9999.0 -9999.0 -9999.0 -9999.0 -9999.0 -9999.0 -9999.0 -9999.0 -9999.0 -9999.0 -9999.0 -9999.0 -9999.0 -9999.0 -9999.0 -9999.0 -9999.0 -9999.0 -9999.0 -9999.0 -9999.0 -9999.0 -9999.0 -9999.0 -9999.0 -9999.0 -9999.0 -9999.0 -9999.0 -9999.0 -9999.0 -9999.0 -9999.0 -9999.0 -9999.0 -9999.0 -9999.0 -9999.0 -9999.0 -9999.0 -9999.0 -9999.0 -9999.0 -9999.0 -9999.0 -9999.0 -9999.0 -9999.0 -9999.0 -9999.0 -9999.0 -9999.0 -9999.0 -9999.0 -9999.0 -9999.0 -9999.0 -9999.0 -9999.0 -9999.0 -9999.0 -9999.0 -9999.0 -9999.0 -9999.0 -9999.0 -9999.0 -9999.0 -9999.0 -9999.0 -9999.0 -9999.0 -9999.0 -9999.0 -9999.0 -9999.0 -9999.0 -9999.0 -9999.0 -9999.0 -9999.0 -9999.0 -9999.0 -9999.0 -9999.0
-9999.0 -9999.0 125.621739 28.236544 -70.439851 -169.455734 -268.597818 -367.786115 -466.978536 -566.146231 -665.237303 -764.187670 -863.009112 -961.638062 -1060.189095 -1158.724219 -1256.787957 -1354.122948 -1450.205008 -1544.094454 -1634.052238 -1717.207036 -1790.270951 -1851.007781 -1899.024510 -1935.479339 -1962.320709 -1981.637032 -1995.297790 -2004.826590 -2011.399288 -2015.891757 -2018.939899 -2020.996271 -2022.378267 -2023.308273 -2023.952774 -2024.493013 -2025.349417 -2027.664552 -2030.254127 -1975.897150 -1211.103390 -1212.273168 -1201.062874 -1193.677662 -1190.206435 -1189.666537 -1189.607943 -1189.613225 -1189.627729 -1189.643369 -1189.658407 -1189.672339 -1189.685309 -1189.700729 -1189.750250 -1190.077029 -1191.938397 -1196.050804 -1201.543766 -1192.276447 -1951.519445 -2024.240555 -2026.220735 -2025.498230 -2025.289903 -2025.250514 -2025.244357 -2025.243885 -2025.244287 -2025.244740 -2025.245113 -2025.245403 -2025.245628 -2025.245805 -2025.245947 -2025.246063 -2025.246162 -2025.246252 -2025.246341 -2025.246441 -2025.246566 -2025.246737 -2025.246988 -2025.247371 -2025.247971 -2025.248930 -2025.250493 -2025.253095 -2025.257533 -2025.265319 -2025.279396 -2025.305625 -2025.355916 -2025.455224 -2025.658458 -2026.095302 -2027.098986 -2029.617195 -2036.743999 -2060.441771 -9999.0 -9999.0
-9999.0 -9999.0 125.631607 28.238438 -70.439375 -169.455595 -268.597774 -367.786100 -466.978531 -566.146228 -665.237302 -764.187669 -863.009112 -961.638062 -1060.189095 -1158.724220 -1256.787957 -1354.122948 -1450.205008 -1544.094454 -1634.052238 -1717.207036 -1790.270951 -1851.007781 -1899.024511 -1935.479340 -1962.320709 -1981.637032 -1995.297790 -2004.826590 -2011.399288 -2015.891757 -2018.939899 -2020.996271 -2022.378267 -2023.308273 -2023.952774 -2024.493013 -2025.349417 -2027.664552 -2030.254127 -1975.897150 -1211.103390 -1212.273168 -1201.062874 -1193.677662 -1190.206435 -1189.666537 -1189.607943 -1189.613225 -1189.627729 -1189.643369 -1189.658407 -1189.672339 -1189.685309 -1189.700729 -1189.750250 -1190.077029 -1191.938397 -1196.050804 -1201.543766 -1192.276447 -1951.519445 -2024.240555 -2026.220735 -2025.498230 -2025.289903 -2025.250514 -2025.244357 -2025.243885 -2025.244287 -2025.244740 -2025.245113 -2025.245403 -2025.245628 -2025.245805 -2025.245947 -2025.246063 -2025.246162 -2025.246252 -2025.246341 -2025.246441 -2025.246566 -2025.246737 -2025.246988 -2025.247371 -2025.247971 -2025.248930 -2025.250493 -2025.253095 -2025.257533 -2025.265319 -2025.279396 -2025.305625 -2025.355916 -2025.455224 -2025.658458 -2026.095302 -2027.098986 -2029.617195 -2036.743999 -2060.441771 -9999.0 -9999.0
-9999.0 -9999.0 125.632839 28.239202 -70.439074 -169.455486 -268.597735 -367.786086 -466.978526 -566.146226 -665.237301 -764.187669 -863.009112 -961.638062 -1060.189095 -1158.724220 -1256.787957 -1354.122948 -1450.205008 -1544.094454 -1634.052238 -1717.207036 -1790.270952 -1851.007781 -1899.024511 -1935.479340 -1962.320709 -1981.637032 -1995.297790 -2004.826590 -2011.399288 -2015.891757 -2018.939899 -2020.996271 -2022.378267 -2023.308273 -2023.952774 -2024.493013 -2025.349417 -2027.664552 -2030.254127 -1975.897150 -1211.103390 -1212.273168 -1201.062874 -1193.677662 -1190.206435 -1189.666537 -1189.607943 -1189.613225 -1189.627729 -1189.643369 -1189.658407 -1189.672339 -1189.685309 -1189.700729 -1189.750250 -1190.077029 -1191.938397 -1196.050804 -1201.543766 -1192.276447 -1951.519445 -2024.240555 -2026.220735 -2025.498230 -2025.289903 -2025.250514 -2025.244357 -2025.243885 -2025.244287 -2025.244740 -2025.245113 -2025.245403 -2025.245628 -2025.245805 -2025.245947 -2025.246063 -2025.246162 -2025.246252 -2025.246341 -2025.246441 -2025.246566 -2025.246737 -2025.246988 -2025.247371 -2025.247971 -2025.248930 -2025.250493 -2025.253095 -2025.257533 -2025.265319 -2025.279396 -2025.305625 -2025.355916 -2025.455224 -2025.658458 -2026.095302 -2027.098986 -2029.617195 -2036.743999 -2060.441771 -9999.0 -9999.0
-9999.0 -9999.0 125.632838 28.239202 -70.439074 -169.455486 -268.597735 -367.786086 -466.978526 -566.146226 -665.237301 -764.187669 -863.009112 -961.638062 -1060.189095 -1158.724220 -1256.787957 -1354.122948 -1450.205008 -1544.094454 -1634.052238 -1717.207036 -1790.270952 -1851.007781 -1899.024511 -1935.479340 -1962.320709 -1981.637032 -1995.297790 -2004.826590 -2011.399288 -2015.891757 -2018.939899 -2020.996271 -2022.378267 -2023.308273 -2023.952774 -2024.493013 -2025.349417 -2027.664552 -2030.254127 -1975.897150 -1211.103390 -1212.273168 -1201.062874 -1193.677662 -1190.206435 -1189.666537 -1189.607943 -1189.613225 -1189.627729 -1189.643369 -1189.658407 -1189.672339 -1189.685309 -1189.700729 -1189.750250 -1190.077029 -1191.938397 -1196.050804 -1201.543766 -1192.276447 -1951.519445 -2024.240555 -2026.220735 -2025.498230 -2025.289903 -2025.250514 -2025.244357 -2025.243885 -2025.244287 -2025.244740 -2025.245113 -2025.245403 -2025.245628 -2025.245805 -2025.245947 -2025.246063 -2025.246162 -2025.246252 -2025.246341 -2025.246441 -2025.246566 -2025.246737 -2025.246988 -2025.247371 -2025.247971 -2025.248930 -2025.250493 -2025.253095 -2025.257533 -2025.265319 -2025.279396 -2025.305625 -2025.355916 -2025.455224 -2025.658458 -2026.095302 -2027.098986 -2029.617195 -2036.743999 -2060.441771 -9999.0 -9999.0
-9999.0 -9999.0 125.631607 28.238438 -70.439375 -169.455595 -268.597774 -367.786100 -466.978531 -566.146228 -665.237302 -764.187669 -863.009112 -961.638062 -1060.189095 -1158.724220 -1256.787957 -1354.122948 -1450.205008 -1544.094454 -1634.052238 -1717.207036 -1790.270951 -1851.007781 -1899.024511 -1935.479340 -1962.320709 -1981.637032 -1995.297790 -2004.826590 -2011.399288 -2015.891757 -2018.939899 -2020.996271 -2022.378267 -2023.308273 -2023.952774 -2024.493013 -2025.349417 -2027.664552 -2030.254127 -1975.897150 -1211.103390 -1212.273168 -1201.062874 -1193.677662 -1190.206435 -1189.666537 -1189.607943 -1189.613225 -1189.627729 -1189.643369 -1189.658407 -1189.672339 -1189.685309 -1189.700729 -1189.750250 -1190.077029 -1191.938397 -1196.050804 -1201.543766 -1192.276447 -1951.519445 -2024.240555 -2026.220735 -2025.498230 -2025.289903 -2025.250514 -2025.244357 -2025.243885 -2025.244287 -2025.244740 -2025.245113 -2025.245403 -2025.245628 -2025.245805 -2025.245947 -2025.246063 -2025.246162 -2025.246252 -2025.246341 -2025.246441 -2025.246566 -2025.246737 -2025.246988 -2025.247371 -2025.247971 -2025.248930 -2025.250493 -2025.253095 -2025.257533 -2025.265319 -2025.279396 -2025.305625 -2025.355916 -2025.455224 -2025.658458 -2026.095302 -2027.098986 -2029.617195 -2036.743999 -2060.441771 -9999.0 -9999.0
-9999.0 -9999.0 125.621739 28.236544 -70.439851 -169.455734 -268.597818 -367.786115 -466.978536 -566.146231 -665.237303 -764.187670 -863.009112 -961.638062 -1060.189095 -1158.724219 -1256.787957 -1354.122948 -1450.205008 -1544.094454 -1634.052238 -1717.207036 -1790.270951 -1851.007781 -1899.024510 -1935.479339 -1962.320709 -1981.637032 -1995.297790 -2004.826590 -2011.399288 -2015.891757 -2018.939899 -2020.996271 -2022.378267 -2023.308273 -2023.952774 -2024.493013 -2025.349417 -2027.664552 -2030.254127 -1975.897150 -1211.103390 -1212.273168 -1201.062874 -1193.677662 -1190.206435 -1189.666537 -1189.607943 -1189.613225 -1189.627729 -1189.643369 -1189.658407 -1189.672339 -1189.685309 -1189.700729 -1189.750250 -1190.077029 -1191.938397 -1196.050804 -1201.543766 -1192.276447 -1951.519445 -2024.240555 -2026.220735 -2025.498230 -2025.289903 -2025.250514 -2025.244357 -2025.243885 -2025.244287 -2025.244740 -2025.245113 -2025.245403 -2025.245628 -2025.245805 -2025.245947 -2025.246063 -2025.246162 -2025.246252 -2025.246341 -2025.246441 -2025.246566 -2025.246737 -2025.246988 -2025.247371 -2025.247971 -2025.248930 -2025.250493 -2025.253095 -2025.257533 -2025.265319 -2025.279396 -2025.305625 -2025.355916 -2025.455224 -2025.658458 -2026.095302 -2027.098986 -2029.617195 -2036.743999 -2060.441771 -9999.0 -9999.0
-9999.0 -9999.0 -9999.0 -9999.0 -9999.0 -9999.0 -9999.0 -9999.0 -9999.0 -9999.0 -9999.0 -9999.0 -9999.0 -9999.0 -9999.0 -9999.0 -9999.0 -9999.0 -9999.0 -9999.0 -9999.0 -9999.0 -9999.0 -9999.0 -9999.0 -9999.0 -9999.0 -9999.0 -9999.0 -9999.0 -9999.0 -9999.0 -9999.0 -9999.0 -9999.0 -9999.0 -9999.0 -9999.0 -9999.0 -9999.0 -9999.0 -9999.0 -9999.0 -9999.0 -9999.0 -9999.0 -9999.0 -9999.0 -9999.0 -9999.0 -9999.0 -9999.0 -9999.0 -9999.0 -9999.0 -9999.0 -9999.0 -9999.0 -9999.0 -9999.0 -9999.0 -9999.0 -9999.0 -9999.0 -9999.0 -9999.0 -9999.0 -9999.0 -9999.0 -9999.0 -9999.0 -9999.0 -9999.0 -9999.0 -9999.0 -9999.0 -9999.0 -9999.0 -9999.0 -9999.0 -9999.0 -9999.0 -9999.0 -9999.0 -9999.0 -9999.0 -9999.0 -9999.0 -9999.0 -9999.0 -9999.0 -9999.0 -9999.0 -9999.0 -9999.0 -9999.0 -9999.0 -9999.0 -9999.0 -9999.0 -9999.0 -9999.0 -9999.0 -9999.0
-9999.0 -9999.0 -9999.0 -9999.0 -9999.0 -9999.0 -9999.0 -9999.0 -9999.0 -9999.0 -9999.0 -9999.0 -9999.0 -9999.0 -9999.0 -9999.0 -9999.0 -9999.0 -9999.0 -9999.0 -9999.0 -9999.0 -9999.0 -9999.0 -9999.0 -9999.0 -9999.0 -9999.0 -9999.0 -9999.0 -9999.0 -9999.0 -9999.0 -9999.0 -9999.0 -9999.0 -9999.0 -9999.0 -9999.0 -9999.0 -9999.0 -9999.0 -9999.0 -9999.0 -9999.0 -9999.0 -9999.0 -9999.0 -9999.0 -9999.0 -9999.0 -9999.0 -9999.0 -9999.0 -9999.0 -9999.0 -9999.0 -9999.0 -9999.0 -9999.0 -9999.0 -9999.0 -9999.0 -9999.0 -9999.0 -9999.0 -9999.0 -9999.0 -9999.0 -9999.0 -9999.0 -9999.0 -9999.0 -9999.0 -9999.0 -9999.0 -9999.0 -9999.0 -9999.0 -9999.0 -9999.0 -9999.0 -9999.0 -9999.0 -9999.0 -9999.0 -9999.0 -9999.0 -9999.0 -9999.0 -9999.0 -9999.0 -9999.0 -9999.0 -9999.0 -9999.0 -9999.0 -9999.0 -9999.0 -9999.0 -9999.0 -9999.0 -9999.0 -9999.0