inst/processing_geotop_simulation/geotop_simulation/out/maps3D/PwL0009N0305.asc
ncols         104
nrows         10
xllcorner     -2.000000
yllcorner     0.000000
cellsize      1.000000
NODATA_value  -9999.0
-9999.0 -9999.0 -9999.0 -9999.0 -9999.0 -9999.0 -9999.0 -9999.0 -9999.0 -9999.0 -9999.0 -9999.0 -9999.0 -9999.0 -9999.0 -9999.0 -9999.0 -9999.0 -9999.0 -9999.0 -9999.0 -9999.0 -9999.0 -9999.0 -9999.0 -9999.0 -9999.0 -9999.0 -9999.0 -9999.0 -9999.0 -9999.0 -9999.0 -9999.0 -9999.0 -9999.0 -9999.0 -9999.0 -9999.0 -9999.0 -9999.0 -9999.0 -9999.0 -9999.0 -9999.0 -9999.0 -9999.0 -9999.0 -9999.0 -9999.0 -9999.0 -9999.0 -9999.0 -9999.0 -9999.0 -9999.0 -9999.0 -9999.0 -9999.0 -9999.0 -9999.0 -9999.0 -9999.0 -9999.0 -9999.0 -9999.0 -9999.0 -9999.0 -9999.0 -9999.0 -9999.0 -9999.0 -9999.0 -9999.0 -9999.0 -9999.0 -9999.0 -9999.0 -9999.0 -9999.0 -9999.0 -9999.0 -9999.0 -9999.0 -9999.0 -9999.0 -9999.0 -9999.0 -9999.0 -9999.0 -9999.0 -9999.0 -9999.0 -9999.0 -9999.0 -9999.0 -9999.0 -9999.0 -9999.0 -9999.0 -9999.0 -9999.0 -9999.0 -9999.0
-9999.0 -9999.0 -9999.0 -9999.0 -9999.0 -9999.0 -9999.0 -9999.0 -9999.0 -9999.0 -9999.0 -9999.0 -9999.0 -9999.0 -9999.0 -9999.0 -9999.0 -9999.0 -9999.0 -9999.0 -9999.0 -9999.0 -9999.0 -9999.0 -9999.0 -9999.0 -9999.0 -9999.0 -9999.0 -9999.0 -9999.0 -9999.0 -9999.0 -9999.0 -9999.0 -9999.0 -9999.0 -9999.0 -9999.0 -9999.0 -9999.0 -9999.0 -9999.0 -9999.0 -9999.0 -9999.0 -9999.0 -9999.0 -9999.0 -9999.0 -9999.0 -9999.0 -9999.0 -9999.0 -9999.0 -9999.0 -9999.0 -9999.0 -9999.0 -9999.0 -9999.0 -9999.0 -9999.0 -9999.0 -9999.0 -9999.0 -9999.0 -9999.0 -9999.0 -9999.0 -9999.0 -9999.0 -9999.0 -9999.0 -9999.0 -9999.0 -9999.0 -9999.0 -9999.0 -9999.0 -9999.0 -9999.0 -9999.0 -9999.0 -9999.0 -9999.0 -9999.0 -9999.0 -9999.0 -9999.0 -9999.0 -9999.0 -9999.0 -9999.0 -9999.0 -9999.0 -9999.0 -9999.0 -9999.0 -9999.0 -9999.0 -9999.0 -9999.0 -9999.0
-9999.0 -9999.0 424.589783 327.264584 229.022354 130.384443 31.582990 -67.281155 -166.165547 -265.043046 -363.882847 -462.634963 -561.190822 -659.328993 -757.173744 -855.109634 -952.825423 -1050.306976 -1146.705184 -1240.485400 -1330.549218 -1414.174493 -1488.307345 -1550.802932 -1601.063871 -1639.887047 -1668.908261 -1690.043907 -1705.119494 -1715.692978 -1723.007920 -1728.012803 -1731.407202 -1733.693902 -1735.227329 -1736.255816 -1736.962413 -1737.534931 -1738.406710 -1741.046319 -1748.342747 -1743.552394 -1270.168178 -1391.086475 -1351.876957 -1327.062901 -1315.689971 -1314.112694 -1313.949571 -1313.965770 -1314.007540 -1314.052389 -1314.095470 -1314.135350 -1314.172318 -1314.214942 -1314.346114 -1315.254470 -1321.159568 -1334.536598 -1352.195827 -1214.436837 -1712.192987 -1741.359974 -1739.636809 -1738.647371 -1738.433043 -1738.396216 -1738.390783 -1738.390517 -1738.391021 -1738.391544 -1738.391969 -1738.392298 -1738.392553 -1738.392752 -1738.392912 -1738.393043 -1738.393154 -1738.393254 -1738.393354 -1738.393465 -1738.393603 -1738.393793 -1738.394072 -1738.394497 -1738.395163 -1738.396227 -1738.397960 -1738.400840 -1738.405741 -1738.414318 -1738.429784 -1738.458523 -1738.513471 -1738.621575 -1738.841643 -1739.311108 -1740.378069 -1743.008860 -1750.264888 -1773.841971 -9999.0 -9999.0
-9999.0 -9999.0 424.596321 327.266323 229.022830 130.384586 31.583036 -67.281139 -166.165542 -265.043044 -363.882846 -462.634962 -561.190822 -659.328993 -757.173744 -855.109634 -952.825423 -1050.306976 -1146.705184 -1240.485400 -1330.549218 -1414.174493 -1488.307345 -1550.802932 -1601.063871 -1639.887047 -1668.908261 -1690.043907 -1705.119494 -1715.692978 -1723.007920 -1728.012803 -1731.407202 -1733.693902 -1735.227329 -1736.255816 -1736.962413 -1737.534931 -1738.406710 -1741.046319 -1748.342747 -1743.552394 -1270.168178 -1391.086475 -1351.876957 -1327.062900 -1315.689971 -1314.112694 -1313.949571 -1313.965770 -1314.007540 -1314.052389 -1314.095470 -1314.135350 -1314.172318 -1314.214942 -1314.346114 -1315.254470 -1321.159567 -1334.536598 -1352.195827 -1214.436837 -1712.192987 -1741.359974 -1739.636809 -1738.647371 -1738.433043 -1738.396216 -1738.390783 -1738.390517 -1738.391021 -1738.391544 -1738.391969 -1738.392298 -1738.392553 -1738.392752 -1738.392912 -1738.393043 -1738.393154 -1738.393254 -1738.393354 -1738.393465 -1738.393603 -1738.393793 -1738.394072 -1738.394497 -1738.395163 -1738.396227 -1738.397960 -1738.400840 -1738.405741 -1738.414318 -1738.429784 -1738.458523 -1738.513471 -1738.621575 -1738.841643 -1739.311108 -1740.378069 -1743.008860 -1750.264888 -1773.841971 -9999.0 -9999.0
-9999.0 -9999.0 424.597767 327.267089 229.023136 130.384698 31.583076 -67.281125 -166.165536 -265.043042 -363.882845 -462.634962 -561.190822 -659.328993 -757.173744 -855.109634 -952.825423 -1050.306976 -1146.705185 -1240.485400 -1330.549218 -1414.174493 -1488.307345 -1550.802932 -1601.063871 -1639.887047 -1668.908261 -1690.043907 -1705.119495 -1715.692978 -1723.007920 -1728.012803 -1731.407202 -1733.693902 -1735.227329 -1736.255816 -1736.962413 -1737.534931 -1738.406710 -1741.046319 -1748.342747 -1743.552394 -1270.168178 -1391.086475 -1351.876957 -1327.062900 -1315.689971 -1314.112693 -1313.949571 -1313.965770 -1314.007540 -1314.052389 -1314.095470 -1314.135350 -1314.172318 -1314.214942 -1314.346114 -1315.254470 -1321.159567 -1334.536598 -1352.195827 -1214.436837 -1712.192987 -1741.359974 -1739.636809 -1738.647371 -1738.433043 -1738.396216 -1738.390783 -1738.390517 -1738.391021 -1738.391544 -1738.391969 -1738.392298 -1738.392553 -1738.392752 -1738.392912 -1738.393043 -1738.393154 -1738.393254 -1738.393354 -1738.393465 -1738.393603 -1738.393793 -1738.394072 -1738.394497 -1738.395163 -1738.396227 -1738.397960 -1738.400840 -1738.405741 -1738.414318 -1738.429784 -1738.458523 -1738.513471 -1738.621575 -1738.841643 -1739.311108 -1740.378069 -1743.008860 -1750.264888 -1773.841971 -9999.0 -9999.0
-9999.0 -9999.0 424.597767 327.267089 229.023136 130.384698 31.583076 -67.281125 -166.165536 -265.043042 -363.882845 -462.634962 -561.190822 -659.328993 -757.173744 -855.109634 -952.825423 -1050.306976 -1146.705184 -1240.485400 -1330.549218 -1414.174493 -1488.307345 -1550.802932 -1601.063871 -1639.887047 -1668.908261 -1690.043907 -1705.119495 -1715.692978 -1723.007920 -1728.012803 -1731.407202 -1733.693902 -1735.227329 -1736.255816 -1736.962413 -1737.534931 -1738.406710 -1741.046319 -1748.342747 -1743.552394 -1270.168178 -1391.086475 -1351.876957 -1327.062900 -1315.689971 -1314.112693 -1313.949571 -1313.965770 -1314.007540 -1314.052389 -1314.095470 -1314.135350 -1314.172318 -1314.214942 -1314.346114 -1315.254470 -1321.159567 -1334.536598 -1352.195827 -1214.436837 -1712.192987 -1741.359974 -1739.636809 -1738.647371 -1738.433043 -1738.396216 -1738.390783 -1738.390517 -1738.391021 -1738.391544 -1738.391969 -1738.392298 -1738.392553 -1738.392752 -1738.392912 -1738.393043 -1738.393154 -1738.393254 -1738.393354 -1738.393465 -1738.393603 -1738.393793 -1738.394072 -1738.394497 -1738.395163 -1738.396227 -1738.397960 -1738.400840 -1738.405741 -1738.414318 -1738.429784 -1738.458523 -1738.513471 -1738.621575 -1738.841643 -1739.311108 -1740.378069 -1743.008860 -1750.264888 -1773.841971 -9999.0 -9999.0
-9999.0 -9999.0 424.596321 327.266323 229.022830 130.384586 31.583036 -67.281139 -166.165542 -265.043044 -363.882846 -462.634962 -561.190822 -659.328993 -757.173744 -855.109634 -952.825423 -1050.306976 -1146.705184 -1240.485400 -1330.549218 -1414.174493 -1488.307345 -1550.802932 -1601.063871 -1639.887047 -1668.908261 -1690.043907 -1705.119494 -1715.692978 -1723.007920 -1728.012803 -1731.407202 -1733.693902 -1735.227329 -1736.255816 -1736.962413 -1737.534931 -1738.406710 -1741.046319 -1748.342747 -1743.552394 -1270.168178 -1391.086475 -1351.876957 -1327.062900 -1315.689971 -1314.112694 -1313.949571 -1313.965770 -1314.007540 -1314.052389 -1314.095470 -1314.135350 -1314.172318 -1314.214942 -1314.346114 -1315.254470 -1321.159567 -1334.536598 -1352.195827 -1214.436837 -1712.192987 -1741.359974 -1739.636809 -1738.647371 -1738.433043 -1738.396216 -1738.390783 -1738.390517 -1738.391021 -1738.391544 -1738.391969 -1738.392298 -1738.392553 -1738.392752 -1738.392912 -1738.393043 -1738.393154 -1738.393254 -1738.393354 -1738.393465 -1738.393603 -1738.393793 -1738.394072 -1738.394497 -1738.395163 -1738.396227 -1738.397960 -1738.400840 -1738.405741 -1738.414318 -1738.429784 -1738.458523 -1738.513471 -1738.621575 -1738.841643 -1739.311108 -1740.378069 -1743.008860 -1750.264888 -1773.841971 -9999.0 -9999.0
-9999.0 -9999.0 424.589783 327.264584 229.022354 130.384443 31.582990 -67.281155 -166.165547 -265.043046 -363.882847 -462.634963 -561.190822 -659.328993 -757.173743 -855.109634 -952.825423 -1050.306976 -1146.705184 -1240.485400 -1330.549218 -1414.174493 -1488.307345 -1550.802932 -1601.063871 -1639.887047 -1668.908261 -1690.043907 -1705.119494 -1715.692978 -1723.007920 -1728.012803 -1731.407202 -1733.693902 -1735.227329 -1736.255816 -1736.962413 -1737.534931 -1738.406710 -1741.046319 -1748.342747 -1743.552394 -1270.168178 -1391.086475 -1351.876957 -1327.062901 -1315.689971 -1314.112694 -1313.949571 -1313.965770 -1314.007540 -1314.052389 -1314.095470 -1314.135350 -1314.172318 -1314.214942 -1314.346114 -1315.254470 -1321.159568 -1334.536598 -1352.195827 -1214.436837 -1712.192987 -1741.359974 -1739.636809 -1738.647371 -1738.433043 -1738.396216 -1738.390783 -1738.390517 -1738.391021 -1738.391544 -1738.391969 -1738.392298 -1738.392553 -1738.392752 -1738.392912 -1738.393043 -1738.393154 -1738.393254 -1738.393354 -1738.393465 -1738.393603 -1738.393793 -1738.394072 -1738.394497 -1738.395163 -1738.396227 -1738.397960 -1738.400840 -1738.405741 -1738.414318 -1738.429784 -1738.458523 -1738.513471 -1738.621575 -1738.841643 -1739.311108 -1740.378069 -1743.008860 -1750.264888 -1773.841971 -9999.0 -9999.0
-9999.0 -9999.0 -9999.0 -9999.0 -9999.0 -9999.0 -9999.0 -9999.0 -9999.0 -9999.0 -9999.0 -9999.0 -9999.0 -9999.0 -9999.0 -9999.0 -9999.0 -9999.0 -9999.0 -9999.0 -9999.0 -9999.0 -9999.0 -9999.0 -9999.0 -9999.0 -9999.0 -9999.0 -9999.0 -9999.0 -9999.0 -9999.0 -9999.0 -9999.0 -9999.0 -9999.0 -9999.0 -9999.0 -9999.0 -9999.0 -9999.0 -9999.0 -9999.0 -9999.0 -9999.0 -9999.0 -9999.0 -9999.0 -9999.0 -9999.0 -9999.0 -9999.0 -9999.0 -9999.0 -9999.0 -9999.0 -9999.0 -9999.0 -9999.0 -9999.0 -9999.0 -9999.0 -9999.0 -9999.0 -9999.0 -9999.0 -9999.0 -9999.0 -9999.0 -9999.0 -9999.0 -9999.0 -9999.0 -9999.0 -9999.0 -9999.0 -9999.0 -9999.0 -9999.0 -9999.0 -9999.0 -9999.0 -9999.0 -9999.0 -9999.0 -9999.0 -9999.0 -9999.0 -9999.0 -9999.0 -9999.0 -9999.0 -9999.0 -9999.0 -9999.0 -9999.0 -9999.0 -9999.0 -9999.0 -9999.0 -9999.0 -9999.0 -9999.0 -9999.0
-9999.0 -9999.0 -9999.0 -9999.0 -9999.0 -9999.0 -9999.0 -9999.0 -9999.0 -9999.0 -9999.0 -9999.0 -9999.0 -9999.0 -9999.0 -9999.0 -9999.0 -9999.0 -9999.0 -9999.0 -9999.0 -9999.0 -9999.0 -9999.0 -9999.0 -9999.0 -9999.0 -9999.0 -9999.0 -9999.0 -9999.0 -9999.0 -9999.0 -9999.0 -9999.0 -9999.0 -9999.0 -9999.0 -9999.0 -9999.0 -9999.0 -9999.0 -9999.0 -9999.0 -9999.0 -9999.0 -9999.0 -9999.0 -9999.0 -9999.0 -9999.0 -9999.0 -9999.0 -9999.0 -9999.0 -9999.0 -9999.0 -9999.0 -9999.0 -9999.0 -9999.0 -9999.0 -9999.0 -9999.0 -9999.0 -9999.0 -9999.0 -9999.0 -9999.0 -9999.0 -9999.0 -9999.0 -9999.0 -9999.0 -9999.0 -9999.0 -9999.0 -9999.0 -9999.0 -9999.0 -9999.0 -9999.0 -9999.0 -9999.0 -9999.0 -9999.0 -9999.0 -9999.0 -9999.0 -9999.0 -9999.0 -9999.0 -9999.0 -9999.0 -9999.0 -9999.0 -9999.0 -9999.0 -9999.0 -9999.0 -9999.0 -9999.0 -9999.0 -9999.0