inst/processing_geotop_simulation/geotop_simulation/out/maps3D/PwL0010N0191.asc
ncols         104
nrows         10
xllcorner     -2.000000
yllcorner     0.000000
cellsize      1.000000
NODATA_value  -9999.0
-9999.0 -9999.0 -9999.0 -9999.0 -9999.0 -9999.0 -9999.0 -9999.0 -9999.0 -9999.0 -9999.0 -9999.0 -9999.0 -9999.0 -9999.0 -9999.0 -9999.0 -9999.0 -9999.0 -9999.0 -9999.0 -9999.0 -9999.0 -9999.0 -9999.0 -9999.0 -9999.0 -9999.0 -9999.0 -9999.0 -9999.0 -9999.0 -9999.0 -9999.0 -9999.0 -9999.0 -9999.0 -9999.0 -9999.0 -9999.0 -9999.0 -9999.0 -9999.0 -9999.0 -9999.0 -9999.0 -9999.0 -9999.0 -9999.0 -9999.0 -9999.0 -9999.0 -9999.0 -9999.0 -9999.0 -9999.0 -9999.0 -9999.0 -9999.0 -9999.0 -9999.0 -9999.0 -9999.0 -9999.0 -9999.0 -9999.0 -9999.0 -9999.0 -9999.0 -9999.0 -9999.0 -9999.0 -9999.0 -9999.0 -9999.0 -9999.0 -9999.0 -9999.0 -9999.0 -9999.0 -9999.0 -9999.0 -9999.0 -9999.0 -9999.0 -9999.0 -9999.0 -9999.0 -9999.0 -9999.0 -9999.0 -9999.0 -9999.0 -9999.0 -9999.0 -9999.0 -9999.0 -9999.0 -9999.0 -9999.0 -9999.0 -9999.0 -9999.0 -9999.0
-9999.0 -9999.0 -9999.0 -9999.0 -9999.0 -9999.0 -9999.0 -9999.0 -9999.0 -9999.0 -9999.0 -9999.0 -9999.0 -9999.0 -9999.0 -9999.0 -9999.0 -9999.0 -9999.0 -9999.0 -9999.0 -9999.0 -9999.0 -9999.0 -9999.0 -9999.0 -9999.0 -9999.0 -9999.0 -9999.0 -9999.0 -9999.0 -9999.0 -9999.0 -9999.0 -9999.0 -9999.0 -9999.0 -9999.0 -9999.0 -9999.0 -9999.0 -9999.0 -9999.0 -9999.0 -9999.0 -9999.0 -9999.0 -9999.0 -9999.0 -9999.0 -9999.0 -9999.0 -9999.0 -9999.0 -9999.0 -9999.0 -9999.0 -9999.0 -9999.0 -9999.0 -9999.0 -9999.0 -9999.0 -9999.0 -9999.0 -9999.0 -9999.0 -9999.0 -9999.0 -9999.0 -9999.0 -9999.0 -9999.0 -9999.0 -9999.0 -9999.0 -9999.0 -9999.0 -9999.0 -9999.0 -9999.0 -9999.0 -9999.0 -9999.0 -9999.0 -9999.0 -9999.0 -9999.0 -9999.0 -9999.0 -9999.0 -9999.0 -9999.0 -9999.0 -9999.0 -9999.0 -9999.0 -9999.0 -9999.0 -9999.0 -9999.0 -9999.0 -9999.0
-9999.0 -9999.0 479.891187 386.019656 290.213998 193.498574 96.395563 -0.868345 -98.174566 -195.470891 -292.686379 -389.707264 -486.295631 -581.981355 -676.245469 -771.209484 -865.752649 -959.995766 -1054.061232 -1142.645653 -1223.976654 -1294.030707 -1350.678878 -1394.040331 -1425.827903 -1448.410879 -1464.106578 -1474.841490 -1482.086503 -1486.917227 -1490.102816 -1492.183497 -1493.532085 -1494.401278 -1494.959690 -1495.320287 -1495.565756 -1495.788078 -1496.263025 -1498.411619 -1508.518186 -1544.865279 -1432.951380 -1788.418534 -1676.474298 -1612.469583 -1584.161585 -1580.569629 -1580.209243 -1580.248253 -1580.343977 -1580.446431 -1580.544773 -1580.635770 -1580.719879 -1580.814726 -1581.095499 -1583.093619 -1597.458790 -1630.867810 -1683.877641 -1323.359086 -1515.239392 -1502.659900 -1497.292697 -1496.258852 -1496.096903 -1496.072390 -1496.069269 -1496.069684 -1496.070571 -1496.071362 -1496.071983 -1496.072457 -1496.072820 -1496.073101 -1496.073324 -1496.073504 -1496.073654 -1496.073788 -1496.073919 -1496.074065 -1496.074247 -1496.074501 -1496.074877 -1496.075453 -1496.076361 -1496.077813 -1496.080172 -1496.084075 -1496.090672 -1496.102115 -1496.122556 -1496.160175 -1496.231348 -1496.369383 -1496.644128 -1497.210832 -1498.443870 -1501.326301 -1508.749966 -1531.452059 -9999.0 -9999.0
-9999.0 -9999.0 479.897896 386.021525 290.214519 193.498731 96.395614 -0.868328 -98.174560 -195.470889 -292.686378 -389.707264 -486.295631 -581.981355 -676.245469 -771.209484 -865.752649 -959.995766 -1054.061232 -1142.645653 -1223.976655 -1294.030707 -1350.678879 -1394.040331 -1425.827904 -1448.410879 -1464.106578 -1474.841490 -1482.086503 -1486.917227 -1490.102816 -1492.183497 -1493.532085 -1494.401278 -1494.959690 -1495.320287 -1495.565756 -1495.788078 -1496.263025 -1498.411619 -1508.518186 -1544.865279 -1432.951380 -1788.418533 -1676.474297 -1612.469581 -1584.161585 -1580.569629 -1580.209243 -1580.248253 -1580.343977 -1580.446431 -1580.544773 -1580.635770 -1580.719879 -1580.814726 -1581.095499 -1583.093619 -1597.458790 -1630.867810 -1683.877641 -1323.359086 -1515.239392 -1502.659900 -1497.292697 -1496.258852 -1496.096903 -1496.072390 -1496.069269 -1496.069684 -1496.070571 -1496.071362 -1496.071983 -1496.072457 -1496.072820 -1496.073101 -1496.073324 -1496.073504 -1496.073654 -1496.073788 -1496.073919 -1496.074065 -1496.074247 -1496.074501 -1496.074877 -1496.075453 -1496.076361 -1496.077813 -1496.080172 -1496.084075 -1496.090672 -1496.102115 -1496.122556 -1496.160175 -1496.231348 -1496.369383 -1496.644128 -1497.210832 -1498.443870 -1501.326301 -1508.749966 -1531.452059 -9999.0 -9999.0
-9999.0 -9999.0 479.899487 386.022362 290.214856 193.498855 96.395658 -0.868312 -98.174554 -195.470887 -292.686377 -389.707264 -486.295631 -581.981355 -676.245469 -771.209484 -865.752649 -959.995766 -1054.061232 -1142.645654 -1223.976655 -1294.030707 -1350.678879 -1394.040331 -1425.827904 -1448.410879 -1464.106578 -1474.841490 -1482.086503 -1486.917227 -1490.102816 -1492.183497 -1493.532085 -1494.401278 -1494.959690 -1495.320287 -1495.565756 -1495.788078 -1496.263025 -1498.411619 -1508.518186 -1544.865279 -1432.951380 -1788.418533 -1676.474297 -1612.469581 -1584.161585 -1580.569629 -1580.209243 -1580.248253 -1580.343977 -1580.446431 -1580.544773 -1580.635770 -1580.719879 -1580.814726 -1581.095499 -1583.093619 -1597.458790 -1630.867810 -1683.877641 -1323.359086 -1515.239392 -1502.659900 -1497.292697 -1496.258852 -1496.096903 -1496.072390 -1496.069269 -1496.069684 -1496.070571 -1496.071362 -1496.071983 -1496.072457 -1496.072820 -1496.073101 -1496.073324 -1496.073504 -1496.073654 -1496.073788 -1496.073919 -1496.074065 -1496.074247 -1496.074501 -1496.074877 -1496.075453 -1496.076361 -1496.077813 -1496.080172 -1496.084075 -1496.090672 -1496.102115 -1496.122556 -1496.160175 -1496.231348 -1496.369383 -1496.644128 -1497.210832 -1498.443870 -1501.326301 -1508.749966 -1531.452059 -9999.0 -9999.0
-9999.0 -9999.0 479.899487 386.022362 290.214856 193.498855 96.395658 -0.868312 -98.174554 -195.470887 -292.686377 -389.707264 -486.295631 -581.981355 -676.245469 -771.209484 -865.752649 -959.995766 -1054.061233 -1142.645654 -1223.976655 -1294.030707 -1350.678879 -1394.040331 -1425.827904 -1448.410879 -1464.106578 -1474.841490 -1482.086503 -1486.917227 -1490.102816 -1492.183497 -1493.532085 -1494.401278 -1494.959690 -1495.320287 -1495.565756 -1495.788078 -1496.263025 -1498.411619 -1508.518186 -1544.865279 -1432.951380 -1788.418533 -1676.474297 -1612.469581 -1584.161585 -1580.569629 -1580.209243 -1580.248253 -1580.343977 -1580.446431 -1580.544773 -1580.635770 -1580.719879 -1580.814726 -1581.095499 -1583.093619 -1597.458790 -1630.867810 -1683.877641 -1323.359086 -1515.239392 -1502.659900 -1497.292697 -1496.258852 -1496.096903 -1496.072390 -1496.069269 -1496.069684 -1496.070571 -1496.071362 -1496.071983 -1496.072457 -1496.072820 -1496.073101 -1496.073324 -1496.073504 -1496.073654 -1496.073788 -1496.073919 -1496.074065 -1496.074247 -1496.074501 -1496.074877 -1496.075453 -1496.076361 -1496.077813 -1496.080172 -1496.084075 -1496.090672 -1496.102115 -1496.122556 -1496.160175 -1496.231348 -1496.369383 -1496.644128 -1497.210832 -1498.443870 -1501.326301 -1508.749966 -1531.452059 -9999.0 -9999.0
-9999.0 -9999.0 479.897896 386.021525 290.214519 193.498731 96.395614 -0.868328 -98.174560 -195.470889 -292.686378 -389.707264 -486.295631 -581.981355 -676.245469 -771.209484 -865.752649 -959.995766 -1054.061232 -1142.645653 -1223.976655 -1294.030707 -1350.678879 -1394.040331 -1425.827904 -1448.410879 -1464.106578 -1474.841490 -1482.086503 -1486.917227 -1490.102816 -1492.183497 -1493.532085 -1494.401278 -1494.959690 -1495.320287 -1495.565756 -1495.788078 -1496.263025 -1498.411619 -1508.518186 -1544.865279 -1432.951380 -1788.418533 -1676.474297 -1612.469581 -1584.161585 -1580.569629 -1580.209243 -1580.248253 -1580.343977 -1580.446431 -1580.544773 -1580.635770 -1580.719879 -1580.814726 -1581.095499 -1583.093619 -1597.458790 -1630.867810 -1683.877641 -1323.359086 -1515.239392 -1502.659900 -1497.292697 -1496.258852 -1496.096903 -1496.072390 -1496.069269 -1496.069684 -1496.070571 -1496.071362 -1496.071983 -1496.072457 -1496.072820 -1496.073101 -1496.073324 -1496.073504 -1496.073654 -1496.073788 -1496.073919 -1496.074065 -1496.074247 -1496.074501 -1496.074877 -1496.075453 -1496.076361 -1496.077813 -1496.080172 -1496.084075 -1496.090672 -1496.102115 -1496.122556 -1496.160175 -1496.231348 -1496.369383 -1496.644128 -1497.210832 -1498.443870 -1501.326301 -1508.749966 -1531.452059 -9999.0 -9999.0
-9999.0 -9999.0 479.891187 386.019656 290.213998 193.498574 96.395563 -0.868345 -98.174566 -195.470891 -292.686379 -389.707264 -486.295631 -581.981355 -676.245469 -771.209484 -865.752649 -959.995766 -1054.061232 -1142.645653 -1223.976654 -1294.030707 -1350.678878 -1394.040331 -1425.827903 -1448.410879 -1464.106578 -1474.841490 -1482.086503 -1486.917227 -1490.102816 -1492.183497 -1493.532085 -1494.401278 -1494.959690 -1495.320287 -1495.565756 -1495.788078 -1496.263025 -1498.411619 -1508.518186 -1544.865279 -1432.951380 -1788.418534 -1676.474298 -1612.469583 -1584.161585 -1580.569629 -1580.209243 -1580.248253 -1580.343977 -1580.446431 -1580.544773 -1580.635770 -1580.719879 -1580.814726 -1581.095499 -1583.093619 -1597.458790 -1630.867810 -1683.877641 -1323.359086 -1515.239392 -1502.659900 -1497.292697 -1496.258852 -1496.096903 -1496.072390 -1496.069269 -1496.069684 -1496.070571 -1496.071362 -1496.071983 -1496.072457 -1496.072820 -1496.073101 -1496.073324 -1496.073504 -1496.073654 -1496.073788 -1496.073919 -1496.074065 -1496.074247 -1496.074501 -1496.074877 -1496.075453 -1496.076361 -1496.077813 -1496.080172 -1496.084075 -1496.090672 -1496.102115 -1496.122556 -1496.160175 -1496.231348 -1496.369383 -1496.644128 -1497.210832 -1498.443870 -1501.326301 -1508.749966 -1531.452059 -9999.0 -9999.0
-9999.0 -9999.0 -9999.0 -9999.0 -9999.0 -9999.0 -9999.0 -9999.0 -9999.0 -9999.0 -9999.0 -9999.0 -9999.0 -9999.0 -9999.0 -9999.0 -9999.0 -9999.0 -9999.0 -9999.0 -9999.0 -9999.0 -9999.0 -9999.0 -9999.0 -9999.0 -9999.0 -9999.0 -9999.0 -9999.0 -9999.0 -9999.0 -9999.0 -9999.0 -9999.0 -9999.0 -9999.0 -9999.0 -9999.0 -9999.0 -9999.0 -9999.0 -9999.0 -9999.0 -9999.0 -9999.0 -9999.0 -9999.0 -9999.0 -9999.0 -9999.0 -9999.0 -9999.0 -9999.0 -9999.0 -9999.0 -9999.0 -9999.0 -9999.0 -9999.0 -9999.0 -9999.0 -9999.0 -9999.0 -9999.0 -9999.0 -9999.0 -9999.0 -9999.0 -9999.0 -9999.0 -9999.0 -9999.0 -9999.0 -9999.0 -9999.0 -9999.0 -9999.0 -9999.0 -9999.0 -9999.0 -9999.0 -9999.0 -9999.0 -9999.0 -9999.0 -9999.0 -9999.0 -9999.0 -9999.0 -9999.0 -9999.0 -9999.0 -9999.0 -9999.0 -9999.0 -9999.0 -9999.0 -9999.0 -9999.0 -9999.0 -9999.0 -9999.0 -9999.0
-9999.0 -9999.0 -9999.0 -9999.0 -9999.0 -9999.0 -9999.0 -9999.0 -9999.0 -9999.0 -9999.0 -9999.0 -9999.0 -9999.0 -9999.0 -9999.0 -9999.0 -9999.0 -9999.0 -9999.0 -9999.0 -9999.0 -9999.0 -9999.0 -9999.0 -9999.0 -9999.0 -9999.0 -9999.0 -9999.0 -9999.0 -9999.0 -9999.0 -9999.0 -9999.0 -9999.0 -9999.0 -9999.0 -9999.0 -9999.0 -9999.0 -9999.0 -9999.0 -9999.0 -9999.0 -9999.0 -9999.0 -9999.0 -9999.0 -9999.0 -9999.0 -9999.0 -9999.0 -9999.0 -9999.0 -9999.0 -9999.0 -9999.0 -9999.0 -9999.0 -9999.0 -9999.0 -9999.0 -9999.0 -9999.0 -9999.0 -9999.0 -9999.0 -9999.0 -9999.0 -9999.0 -9999.0 -9999.0 -9999.0 -9999.0 -9999.0 -9999.0 -9999.0 -9999.0 -9999.0 -9999.0 -9999.0 -9999.0 -9999.0 -9999.0 -9999.0 -9999.0 -9999.0 -9999.0 -9999.0 -9999.0 -9999.0 -9999.0 -9999.0 -9999.0 -9999.0 -9999.0 -9999.0 -9999.0 -9999.0 -9999.0 -9999.0 -9999.0 -9999.0