inst/processing_geotop_simulation/geotop_simulation/out/maps3D/PwL0017N0387.asc
ncols         104
nrows         10
xllcorner     -2.000000
yllcorner     0.000000
cellsize      1.000000
NODATA_value  -9999.0
-9999.0 -9999.0 -9999.0 -9999.0 -9999.0 -9999.0 -9999.0 -9999.0 -9999.0 -9999.0 -9999.0 -9999.0 -9999.0 -9999.0 -9999.0 -9999.0 -9999.0 -9999.0 -9999.0 -9999.0 -9999.0 -9999.0 -9999.0 -9999.0 -9999.0 -9999.0 -9999.0 -9999.0 -9999.0 -9999.0 -9999.0 -9999.0 -9999.0 -9999.0 -9999.0 -9999.0 -9999.0 -9999.0 -9999.0 -9999.0 -9999.0 -9999.0 -9999.0 -9999.0 -9999.0 -9999.0 -9999.0 -9999.0 -9999.0 -9999.0 -9999.0 -9999.0 -9999.0 -9999.0 -9999.0 -9999.0 -9999.0 -9999.0 -9999.0 -9999.0 -9999.0 -9999.0 -9999.0 -9999.0 -9999.0 -9999.0 -9999.0 -9999.0 -9999.0 -9999.0 -9999.0 -9999.0 -9999.0 -9999.0 -9999.0 -9999.0 -9999.0 -9999.0 -9999.0 -9999.0 -9999.0 -9999.0 -9999.0 -9999.0 -9999.0 -9999.0 -9999.0 -9999.0 -9999.0 -9999.0 -9999.0 -9999.0 -9999.0 -9999.0 -9999.0 -9999.0 -9999.0 -9999.0 -9999.0 -9999.0 -9999.0 -9999.0 -9999.0 -9999.0
-9999.0 -9999.0 -9999.0 -9999.0 -9999.0 -9999.0 -9999.0 -9999.0 -9999.0 -9999.0 -9999.0 -9999.0 -9999.0 -9999.0 -9999.0 -9999.0 -9999.0 -9999.0 -9999.0 -9999.0 -9999.0 -9999.0 -9999.0 -9999.0 -9999.0 -9999.0 -9999.0 -9999.0 -9999.0 -9999.0 -9999.0 -9999.0 -9999.0 -9999.0 -9999.0 -9999.0 -9999.0 -9999.0 -9999.0 -9999.0 -9999.0 -9999.0 -9999.0 -9999.0 -9999.0 -9999.0 -9999.0 -9999.0 -9999.0 -9999.0 -9999.0 -9999.0 -9999.0 -9999.0 -9999.0 -9999.0 -9999.0 -9999.0 -9999.0 -9999.0 -9999.0 -9999.0 -9999.0 -9999.0 -9999.0 -9999.0 -9999.0 -9999.0 -9999.0 -9999.0 -9999.0 -9999.0 -9999.0 -9999.0 -9999.0 -9999.0 -9999.0 -9999.0 -9999.0 -9999.0 -9999.0 -9999.0 -9999.0 -9999.0 -9999.0 -9999.0 -9999.0 -9999.0 -9999.0 -9999.0 -9999.0 -9999.0 -9999.0 -9999.0 -9999.0 -9999.0 -9999.0 -9999.0 -9999.0 -9999.0 -9999.0 -9999.0 -9999.0 -9999.0
-9999.0 -9999.0 820.116143 721.302394 622.318328 523.171905 423.943552 324.679495 225.404033 126.130155 26.865494 -72.382487 -171.612746 -270.816166 -369.970727 -469.039318 -567.952927 -666.592825 -765.061733 -863.510878 -961.661013 -1059.349272 -1154.748462 -1244.812919 -1328.271591 -1403.025104 -1467.544633 -1521.170102 -1564.161776 -1597.519981 -1622.681487 -1641.217871 -1654.614785 -1664.151216 -1670.860154 -1675.542155 -1678.814697 -1681.221600 -1683.539093 -1687.549626 -1696.780172 -1715.772944 -1962.739436 -4058.748504 -4133.651631 -4133.661208 -4133.659803 -4133.657586 -4133.648735 -4133.621772 -4133.552308 -4133.364534 -4133.069702 -4132.701094 -4132.107356 -4130.994647 -4128.660595 -4123.353422 -4110.654477 -4079.504577 -3851.942011 -1736.452709 -1673.141546 -1688.458700 -1687.235890 -1686.215810 -1685.942868 -1685.888640 -1685.879593 -1685.878611 -1685.878931 -1685.879386 -1685.879787 -1685.880118 -1685.880393 -1685.880626 -1685.880830 -1685.881012 -1685.881181 -1685.881344 -1685.881510 -1685.881688 -1685.881892 -1685.882144 -1685.882473 -1685.882930 -1685.883594 -1685.884602 -1685.886186 -1685.888764 -1685.893109 -1685.900691 -1685.914402 -1685.940058 -1685.989716 -1686.089428 -1686.298860 -1686.764334 -1687.870694 -1690.713301 -1698.753137 -1724.431157 -9999.0 -9999.0
-9999.0 -9999.0 820.119525 721.303597 622.318706 523.172027 423.943592 324.679510 225.404038 126.130157 26.865495 -72.382486 -171.612745 -270.816166 -369.970726 -469.039318 -567.952928 -666.592826 -765.061734 -863.510878 -961.661013 -1059.349272 -1154.748463 -1244.812919 -1328.271591 -1403.025105 -1467.544633 -1521.170103 -1564.161776 -1597.519981 -1622.681487 -1641.217871 -1654.614785 -1664.151216 -1670.860154 -1675.542155 -1678.814697 -1681.221600 -1683.539093 -1687.549626 -1696.780172 -1715.772944 -1962.739435 -4058.748503 -4133.651631 -4133.661208 -4133.659803 -4133.657586 -4133.648735 -4133.621772 -4133.552308 -4133.364534 -4133.069702 -4132.701094 -4132.107356 -4130.994647 -4128.660595 -4123.353422 -4110.654477 -4079.504577 -3851.942011 -1736.452709 -1673.141546 -1688.458700 -1687.235890 -1686.215810 -1685.942868 -1685.888640 -1685.879593 -1685.878611 -1685.878931 -1685.879386 -1685.879787 -1685.880118 -1685.880393 -1685.880626 -1685.880830 -1685.881012 -1685.881181 -1685.881344 -1685.881510 -1685.881688 -1685.881892 -1685.882144 -1685.882473 -1685.882930 -1685.883594 -1685.884602 -1685.886186 -1685.888764 -1685.893109 -1685.900691 -1685.914402 -1685.940058 -1685.989716 -1686.089428 -1686.298860 -1686.764334 -1687.870694 -1690.713301 -1698.753137 -1724.431157 -9999.0 -9999.0
-9999.0 -9999.0 820.120694 721.304215 622.318963 523.172124 423.943628 324.679523 225.404043 126.130159 26.865496 -72.382486 -171.612745 -270.816166 -369.970727 -469.039318 -567.952928 -666.592826 -765.061734 -863.510878 -961.661013 -1059.349272 -1154.748463 -1244.812919 -1328.271591 -1403.025105 -1467.544633 -1521.170103 -1564.161776 -1597.519981 -1622.681487 -1641.217871 -1654.614785 -1664.151216 -1670.860154 -1675.542155 -1678.814697 -1681.221600 -1683.539093 -1687.549626 -1696.780172 -1715.772944 -1962.739435 -4058.748503 -4133.651631 -4133.661208 -4133.659803 -4133.657586 -4133.648735 -4133.621772 -4133.552308 -4133.364534 -4133.069702 -4132.701094 -4132.107356 -4130.994647 -4128.660595 -4123.353422 -4110.654477 -4079.504577 -3851.942011 -1736.452708 -1673.141546 -1688.458700 -1687.235890 -1686.215810 -1685.942868 -1685.888640 -1685.879593 -1685.878611 -1685.878931 -1685.879386 -1685.879787 -1685.880118 -1685.880393 -1685.880626 -1685.880830 -1685.881012 -1685.881181 -1685.881344 -1685.881510 -1685.881688 -1685.881892 -1685.882144 -1685.882473 -1685.882930 -1685.883594 -1685.884602 -1685.886186 -1685.888764 -1685.893109 -1685.900691 -1685.914402 -1685.940058 -1685.989716 -1686.089428 -1686.298860 -1686.764334 -1687.870694 -1690.713301 -1698.753137 -1724.431157 -9999.0 -9999.0
-9999.0 -9999.0 820.120694 721.304215 622.318963 523.172124 423.943628 324.679523 225.404043 126.130159 26.865496 -72.382486 -171.612745 -270.816166 -369.970726 -469.039318 -567.952928 -666.592826 -765.061734 -863.510878 -961.661013 -1059.349272 -1154.748463 -1244.812919 -1328.271591 -1403.025105 -1467.544633 -1521.170103 -1564.161776 -1597.519981 -1622.681487 -1641.217871 -1654.614785 -1664.151216 -1670.860154 -1675.542155 -1678.814697 -1681.221600 -1683.539093 -1687.549626 -1696.780172 -1715.772944 -1962.739435 -4058.748503 -4133.651631 -4133.661208 -4133.659803 -4133.657586 -4133.648735 -4133.621772 -4133.552308 -4133.364534 -4133.069702 -4132.701094 -4132.107356 -4130.994647 -4128.660595 -4123.353422 -4110.654477 -4079.504577 -3851.942011 -1736.452709 -1673.141546 -1688.458700 -1687.235890 -1686.215810 -1685.942868 -1685.888640 -1685.879593 -1685.878611 -1685.878931 -1685.879386 -1685.879787 -1685.880118 -1685.880393 -1685.880626 -1685.880830 -1685.881012 -1685.881181 -1685.881344 -1685.881510 -1685.881688 -1685.881892 -1685.882144 -1685.882473 -1685.882930 -1685.883594 -1685.884602 -1685.886186 -1685.888764 -1685.893109 -1685.900691 -1685.914402 -1685.940058 -1685.989716 -1686.089428 -1686.298860 -1686.764334 -1687.870694 -1690.713301 -1698.753137 -1724.431157 -9999.0 -9999.0
-9999.0 -9999.0 820.119526 721.303597 622.318706 523.172026 423.943592 324.679510 225.404038 126.130157 26.865495 -72.382486 -171.612746 -270.816166 -369.970727 -469.039318 -567.952928 -666.592826 -765.061734 -863.510878 -961.661013 -1059.349272 -1154.748463 -1244.812919 -1328.271591 -1403.025105 -1467.544633 -1521.170103 -1564.161776 -1597.519981 -1622.681487 -1641.217871 -1654.614785 -1664.151216 -1670.860154 -1675.542155 -1678.814697 -1681.221600 -1683.539093 -1687.549626 -1696.780172 -1715.772944 -1962.739435 -4058.748503 -4133.651631 -4133.661208 -4133.659803 -4133.657586 -4133.648735 -4133.621772 -4133.552308 -4133.364534 -4133.069702 -4132.701094 -4132.107356 -4130.994647 -4128.660595 -4123.353422 -4110.654477 -4079.504577 -3851.942011 -1736.452709 -1673.141546 -1688.458700 -1687.235890 -1686.215810 -1685.942868 -1685.888640 -1685.879593 -1685.878611 -1685.878931 -1685.879386 -1685.879787 -1685.880118 -1685.880393 -1685.880626 -1685.880830 -1685.881012 -1685.881181 -1685.881344 -1685.881510 -1685.881688 -1685.881892 -1685.882144 -1685.882473 -1685.882930 -1685.883594 -1685.884602 -1685.886186 -1685.888764 -1685.893109 -1685.900691 -1685.914402 -1685.940058 -1685.989716 -1686.089428 -1686.298860 -1686.764334 -1687.870694 -1690.713301 -1698.753137 -1724.431157 -9999.0 -9999.0
-9999.0 -9999.0 820.116143 721.302394 622.318328 523.171905 423.943552 324.679495 225.404033 126.130155 26.865494 -72.382487 -171.612746 -270.816167 -369.970726 -469.039318 -567.952927 -666.592825 -765.061733 -863.510878 -961.661013 -1059.349272 -1154.748462 -1244.812919 -1328.271591 -1403.025104 -1467.544633 -1521.170102 -1564.161776 -1597.519981 -1622.681487 -1641.217871 -1654.614785 -1664.151216 -1670.860154 -1675.542155 -1678.814697 -1681.221600 -1683.539093 -1687.549626 -1696.780172 -1715.772944 -1962.739436 -4058.748504 -4133.651631 -4133.661208 -4133.659803 -4133.657586 -4133.648735 -4133.621772 -4133.552308 -4133.364534 -4133.069702 -4132.701094 -4132.107356 -4130.994647 -4128.660595 -4123.353422 -4110.654477 -4079.504577 -3851.942012 -1736.452709 -1673.141546 -1688.458700 -1687.235890 -1686.215810 -1685.942868 -1685.888640 -1685.879593 -1685.878611 -1685.878931 -1685.879386 -1685.879787 -1685.880118 -1685.880393 -1685.880626 -1685.880830 -1685.881012 -1685.881181 -1685.881344 -1685.881510 -1685.881688 -1685.881892 -1685.882144 -1685.882473 -1685.882930 -1685.883594 -1685.884602 -1685.886186 -1685.888764 -1685.893109 -1685.900691 -1685.914402 -1685.940058 -1685.989716 -1686.089428 -1686.298860 -1686.764334 -1687.870694 -1690.713301 -1698.753137 -1724.431157 -9999.0 -9999.0
-9999.0 -9999.0 -9999.0 -9999.0 -9999.0 -9999.0 -9999.0 -9999.0 -9999.0 -9999.0 -9999.0 -9999.0 -9999.0 -9999.0 -9999.0 -9999.0 -9999.0 -9999.0 -9999.0 -9999.0 -9999.0 -9999.0 -9999.0 -9999.0 -9999.0 -9999.0 -9999.0 -9999.0 -9999.0 -9999.0 -9999.0 -9999.0 -9999.0 -9999.0 -9999.0 -9999.0 -9999.0 -9999.0 -9999.0 -9999.0 -9999.0 -9999.0 -9999.0 -9999.0 -9999.0 -9999.0 -9999.0 -9999.0 -9999.0 -9999.0 -9999.0 -9999.0 -9999.0 -9999.0 -9999.0 -9999.0 -9999.0 -9999.0 -9999.0 -9999.0 -9999.0 -9999.0 -9999.0 -9999.0 -9999.0 -9999.0 -9999.0 -9999.0 -9999.0 -9999.0 -9999.0 -9999.0 -9999.0 -9999.0 -9999.0 -9999.0 -9999.0 -9999.0 -9999.0 -9999.0 -9999.0 -9999.0 -9999.0 -9999.0 -9999.0 -9999.0 -9999.0 -9999.0 -9999.0 -9999.0 -9999.0 -9999.0 -9999.0 -9999.0 -9999.0 -9999.0 -9999.0 -9999.0 -9999.0 -9999.0 -9999.0 -9999.0 -9999.0 -9999.0
-9999.0 -9999.0 -9999.0 -9999.0 -9999.0 -9999.0 -9999.0 -9999.0 -9999.0 -9999.0 -9999.0 -9999.0 -9999.0 -9999.0 -9999.0 -9999.0 -9999.0 -9999.0 -9999.0 -9999.0 -9999.0 -9999.0 -9999.0 -9999.0 -9999.0 -9999.0 -9999.0 -9999.0 -9999.0 -9999.0 -9999.0 -9999.0 -9999.0 -9999.0 -9999.0 -9999.0 -9999.0 -9999.0 -9999.0 -9999.0 -9999.0 -9999.0 -9999.0 -9999.0 -9999.0 -9999.0 -9999.0 -9999.0 -9999.0 -9999.0 -9999.0 -9999.0 -9999.0 -9999.0 -9999.0 -9999.0 -9999.0 -9999.0 -9999.0 -9999.0 -9999.0 -9999.0 -9999.0 -9999.0 -9999.0 -9999.0 -9999.0 -9999.0 -9999.0 -9999.0 -9999.0 -9999.0 -9999.0 -9999.0 -9999.0 -9999.0 -9999.0 -9999.0 -9999.0 -9999.0 -9999.0 -9999.0 -9999.0 -9999.0 -9999.0 -9999.0 -9999.0 -9999.0 -9999.0 -9999.0 -9999.0 -9999.0 -9999.0 -9999.0 -9999.0 -9999.0 -9999.0 -9999.0 -9999.0 -9999.0 -9999.0 -9999.0 -9999.0 -9999.0