inst/processing_geotop_simulation/geotop_simulation/out/maps3D/PwL0001N0119.asc
ncols         104
nrows         10
xllcorner     -2.000000
yllcorner     0.000000
cellsize      1.000000
NODATA_value  -9999.0
-9999.0 -9999.0 -9999.0 -9999.0 -9999.0 -9999.0 -9999.0 -9999.0 -9999.0 -9999.0 -9999.0 -9999.0 -9999.0 -9999.0 -9999.0 -9999.0 -9999.0 -9999.0 -9999.0 -9999.0 -9999.0 -9999.0 -9999.0 -9999.0 -9999.0 -9999.0 -9999.0 -9999.0 -9999.0 -9999.0 -9999.0 -9999.0 -9999.0 -9999.0 -9999.0 -9999.0 -9999.0 -9999.0 -9999.0 -9999.0 -9999.0 -9999.0 -9999.0 -9999.0 -9999.0 -9999.0 -9999.0 -9999.0 -9999.0 -9999.0 -9999.0 -9999.0 -9999.0 -9999.0 -9999.0 -9999.0 -9999.0 -9999.0 -9999.0 -9999.0 -9999.0 -9999.0 -9999.0 -9999.0 -9999.0 -9999.0 -9999.0 -9999.0 -9999.0 -9999.0 -9999.0 -9999.0 -9999.0 -9999.0 -9999.0 -9999.0 -9999.0 -9999.0 -9999.0 -9999.0 -9999.0 -9999.0 -9999.0 -9999.0 -9999.0 -9999.0 -9999.0 -9999.0 -9999.0 -9999.0 -9999.0 -9999.0 -9999.0 -9999.0 -9999.0 -9999.0 -9999.0 -9999.0 -9999.0 -9999.0 -9999.0 -9999.0 -9999.0 -9999.0
-9999.0 -9999.0 -9999.0 -9999.0 -9999.0 -9999.0 -9999.0 -9999.0 -9999.0 -9999.0 -9999.0 -9999.0 -9999.0 -9999.0 -9999.0 -9999.0 -9999.0 -9999.0 -9999.0 -9999.0 -9999.0 -9999.0 -9999.0 -9999.0 -9999.0 -9999.0 -9999.0 -9999.0 -9999.0 -9999.0 -9999.0 -9999.0 -9999.0 -9999.0 -9999.0 -9999.0 -9999.0 -9999.0 -9999.0 -9999.0 -9999.0 -9999.0 -9999.0 -9999.0 -9999.0 -9999.0 -9999.0 -9999.0 -9999.0 -9999.0 -9999.0 -9999.0 -9999.0 -9999.0 -9999.0 -9999.0 -9999.0 -9999.0 -9999.0 -9999.0 -9999.0 -9999.0 -9999.0 -9999.0 -9999.0 -9999.0 -9999.0 -9999.0 -9999.0 -9999.0 -9999.0 -9999.0 -9999.0 -9999.0 -9999.0 -9999.0 -9999.0 -9999.0 -9999.0 -9999.0 -9999.0 -9999.0 -9999.0 -9999.0 -9999.0 -9999.0 -9999.0 -9999.0 -9999.0 -9999.0 -9999.0 -9999.0 -9999.0 -9999.0 -9999.0 -9999.0 -9999.0 -9999.0 -9999.0 -9999.0 -9999.0 -9999.0 -9999.0 -9999.0
-9999.0 -9999.0 34.901216 -46.013205 -137.236713 -230.725988 -325.053506 -419.699715 -514.407940 -609.018554 -703.483482 -798.292676 -896.058694 -1001.246045 -1105.295038 -1205.820658 -1312.924801 -1415.475325 -1488.029966 -1523.878419 -1538.795932 -1544.174761 -1545.764563 -1546.387740 -1547.205264 -1548.512719 -1550.199005 -1552.016316 -1553.736829 -1555.219482 -1556.411597 -1557.321566 -1557.989162 -1558.463630 -1558.791610 -1559.013884 -1559.171505 -1559.317905 -1559.548785 -1560.543081 -1566.944478 -1581.886328 -999.400584 -994.535780 -983.463568 -976.589647 -973.370474 -972.915840 -972.870353 -972.879755 -972.897842 -972.917024 -972.935432 -972.952463 -972.968117 -972.984872 -973.027213 -973.300347 -975.020863 -978.939356 -985.308725 -982.670510 -1563.885363 -1563.923860 -1560.260036 -1559.655585 -1559.558421 -1559.541874 -1559.540476 -1559.541893 -1559.543535 -1559.544894 -1559.545935 -1559.546721 -1559.547320 -1559.547783 -1559.548149 -1559.548443 -1559.548687 -1559.548901 -1559.549108 -1559.549335 -1559.549619 -1559.550009 -1559.550585 -1559.551469 -1559.552854 -1559.555063 -1559.558635 -1559.564499 -1559.574317 -1559.591158 -1559.620881 -1559.674949 -1559.776119 -1559.969822 -1560.347269 -1561.095914 -1562.624950 -1565.915351 -1573.614928 -1595.126860 -9999.0 -9999.0
-9999.0 -9999.0 34.915399 -46.010806 -137.236114 -230.725815 -325.053451 -419.699697 -514.407933 -609.018551 -703.483481 -798.292676 -896.058694 -1001.246045 -1105.295038 -1205.820658 -1312.924801 -1415.475325 -1488.029966 -1523.878419 -1538.795932 -1544.174761 -1545.764563 -1546.387740 -1547.205264 -1548.512719 -1550.199005 -1552.016316 -1553.736829 -1555.219482 -1556.411597 -1557.321566 -1557.989162 -1558.463630 -1558.791610 -1559.013884 -1559.171505 -1559.317905 -1559.548785 -1560.543081 -1566.944478 -1581.886328 -999.400584 -994.535780 -983.463568 -976.589647 -973.370474 -972.915840 -972.870353 -972.879755 -972.897842 -972.917024 -972.935432 -972.952463 -972.968117 -972.984872 -973.027213 -973.300347 -975.020863 -978.939356 -985.308725 -982.670510 -1563.885363 -1563.923860 -1560.260036 -1559.655585 -1559.558421 -1559.541874 -1559.540476 -1559.541893 -1559.543535 -1559.544894 -1559.545935 -1559.546721 -1559.547320 -1559.547783 -1559.548149 -1559.548443 -1559.548687 -1559.548901 -1559.549108 -1559.549335 -1559.549619 -1559.550009 -1559.550585 -1559.551469 -1559.552854 -1559.555063 -1559.558635 -1559.564499 -1559.574317 -1559.591158 -1559.620881 -1559.674949 -1559.776119 -1559.969822 -1560.347269 -1561.095914 -1562.624950 -1565.915351 -1573.614928 -1595.126860 -9999.0 -9999.0
-9999.0 -9999.0 34.916708 -46.009858 -137.235738 -230.725678 -325.053403 -419.699680 -514.407927 -609.018549 -703.483480 -798.292676 -896.058694 -1001.246045 -1105.295038 -1205.820658 -1312.924801 -1415.475325 -1488.029966 -1523.878419 -1538.795932 -1544.174761 -1545.764563 -1546.387740 -1547.205264 -1548.512719 -1550.199005 -1552.016316 -1553.736829 -1555.219482 -1556.411597 -1557.321566 -1557.989162 -1558.463630 -1558.791610 -1559.013884 -1559.171505 -1559.317905 -1559.548785 -1560.543081 -1566.944478 -1581.886328 -999.400584 -994.535780 -983.463568 -976.589647 -973.370474 -972.915840 -972.870353 -972.879755 -972.897842 -972.917024 -972.935432 -972.952463 -972.968117 -972.984872 -973.027213 -973.300347 -975.020863 -978.939356 -985.308725 -982.670510 -1563.885363 -1563.923860 -1560.260036 -1559.655585 -1559.558421 -1559.541874 -1559.540476 -1559.541893 -1559.543535 -1559.544894 -1559.545935 -1559.546721 -1559.547320 -1559.547783 -1559.548149 -1559.548443 -1559.548687 -1559.548901 -1559.549108 -1559.549335 -1559.549619 -1559.550009 -1559.550585 -1559.551469 -1559.552854 -1559.555063 -1559.558635 -1559.564499 -1559.574317 -1559.591158 -1559.620881 -1559.674949 -1559.776119 -1559.969822 -1560.347269 -1561.095914 -1562.624950 -1565.915351 -1573.614928 -1595.126860 -9999.0 -9999.0
-9999.0 -9999.0 34.916708 -46.009858 -137.235738 -230.725678 -325.053403 -419.699680 -514.407927 -609.018549 -703.483480 -798.292676 -896.058694 -1001.246045 -1105.295038 -1205.820658 -1312.924801 -1415.475325 -1488.029966 -1523.878419 -1538.795932 -1544.174761 -1545.764563 -1546.387740 -1547.205264 -1548.512719 -1550.199005 -1552.016316 -1553.736829 -1555.219482 -1556.411597 -1557.321566 -1557.989162 -1558.463630 -1558.791610 -1559.013884 -1559.171505 -1559.317905 -1559.548785 -1560.543081 -1566.944478 -1581.886328 -999.400584 -994.535780 -983.463568 -976.589647 -973.370474 -972.915840 -972.870353 -972.879755 -972.897842 -972.917024 -972.935432 -972.952463 -972.968117 -972.984872 -973.027213 -973.300347 -975.020863 -978.939356 -985.308725 -982.670510 -1563.885363 -1563.923860 -1560.260036 -1559.655585 -1559.558421 -1559.541874 -1559.540476 -1559.541893 -1559.543535 -1559.544894 -1559.545935 -1559.546721 -1559.547320 -1559.547783 -1559.548149 -1559.548443 -1559.548687 -1559.548901 -1559.549108 -1559.549335 -1559.549619 -1559.550009 -1559.550585 -1559.551469 -1559.552854 -1559.555063 -1559.558635 -1559.564499 -1559.574317 -1559.591158 -1559.620881 -1559.674949 -1559.776119 -1559.969822 -1560.347269 -1561.095914 -1562.624950 -1565.915351 -1573.614928 -1595.126860 -9999.0 -9999.0
-9999.0 -9999.0 34.915399 -46.010806 -137.236114 -230.725814 -325.053451 -419.699697 -514.407933 -609.018551 -703.483481 -798.292676 -896.058694 -1001.246045 -1105.295038 -1205.820658 -1312.924801 -1415.475325 -1488.029966 -1523.878419 -1538.795932 -1544.174761 -1545.764563 -1546.387740 -1547.205264 -1548.512719 -1550.199005 -1552.016316 -1553.736829 -1555.219482 -1556.411597 -1557.321566 -1557.989162 -1558.463630 -1558.791610 -1559.013884 -1559.171505 -1559.317905 -1559.548785 -1560.543081 -1566.944478 -1581.886328 -999.400584 -994.535780 -983.463568 -976.589647 -973.370474 -972.915840 -972.870353 -972.879755 -972.897842 -972.917024 -972.935432 -972.952463 -972.968117 -972.984872 -973.027213 -973.300347 -975.020863 -978.939356 -985.308725 -982.670510 -1563.885363 -1563.923860 -1560.260036 -1559.655585 -1559.558421 -1559.541874 -1559.540476 -1559.541893 -1559.543535 -1559.544894 -1559.545935 -1559.546721 -1559.547320 -1559.547783 -1559.548149 -1559.548443 -1559.548687 -1559.548901 -1559.549108 -1559.549335 -1559.549619 -1559.550009 -1559.550585 -1559.551469 -1559.552854 -1559.555063 -1559.558635 -1559.564499 -1559.574317 -1559.591158 -1559.620881 -1559.674949 -1559.776119 -1559.969822 -1560.347269 -1561.095914 -1562.624950 -1565.915351 -1573.614928 -1595.126860 -9999.0 -9999.0
-9999.0 -9999.0 34.901216 -46.013205 -137.236713 -230.725989 -325.053506 -419.699716 -514.407940 -609.018554 -703.483482 -798.292677 -896.058694 -1001.246045 -1105.295037 -1205.820658 -1312.924801 -1415.475325 -1488.029966 -1523.878419 -1538.795932 -1544.174761 -1545.764563 -1546.387740 -1547.205264 -1548.512719 -1550.199005 -1552.016316 -1553.736829 -1555.219482 -1556.411597 -1557.321566 -1557.989162 -1558.463630 -1558.791610 -1559.013884 -1559.171505 -1559.317905 -1559.548785 -1560.543081 -1566.944478 -1581.886328 -999.400584 -994.535780 -983.463568 -976.589647 -973.370474 -972.915840 -972.870353 -972.879755 -972.897842 -972.917024 -972.935432 -972.952463 -972.968117 -972.984872 -973.027213 -973.300347 -975.020863 -978.939356 -985.308725 -982.670510 -1563.885363 -1563.923860 -1560.260036 -1559.655585 -1559.558421 -1559.541874 -1559.540476 -1559.541893 -1559.543535 -1559.544894 -1559.545935 -1559.546721 -1559.547320 -1559.547783 -1559.548149 -1559.548443 -1559.548687 -1559.548901 -1559.549108 -1559.549335 -1559.549619 -1559.550009 -1559.550585 -1559.551469 -1559.552854 -1559.555063 -1559.558635 -1559.564499 -1559.574317 -1559.591158 -1559.620881 -1559.674949 -1559.776119 -1559.969822 -1560.347269 -1561.095914 -1562.624950 -1565.915351 -1573.614928 -1595.126861 -9999.0 -9999.0
-9999.0 -9999.0 -9999.0 -9999.0 -9999.0 -9999.0 -9999.0 -9999.0 -9999.0 -9999.0 -9999.0 -9999.0 -9999.0 -9999.0 -9999.0 -9999.0 -9999.0 -9999.0 -9999.0 -9999.0 -9999.0 -9999.0 -9999.0 -9999.0 -9999.0 -9999.0 -9999.0 -9999.0 -9999.0 -9999.0 -9999.0 -9999.0 -9999.0 -9999.0 -9999.0 -9999.0 -9999.0 -9999.0 -9999.0 -9999.0 -9999.0 -9999.0 -9999.0 -9999.0 -9999.0 -9999.0 -9999.0 -9999.0 -9999.0 -9999.0 -9999.0 -9999.0 -9999.0 -9999.0 -9999.0 -9999.0 -9999.0 -9999.0 -9999.0 -9999.0 -9999.0 -9999.0 -9999.0 -9999.0 -9999.0 -9999.0 -9999.0 -9999.0 -9999.0 -9999.0 -9999.0 -9999.0 -9999.0 -9999.0 -9999.0 -9999.0 -9999.0 -9999.0 -9999.0 -9999.0 -9999.0 -9999.0 -9999.0 -9999.0 -9999.0 -9999.0 -9999.0 -9999.0 -9999.0 -9999.0 -9999.0 -9999.0 -9999.0 -9999.0 -9999.0 -9999.0 -9999.0 -9999.0 -9999.0 -9999.0 -9999.0 -9999.0 -9999.0 -9999.0
-9999.0 -9999.0 -9999.0 -9999.0 -9999.0 -9999.0 -9999.0 -9999.0 -9999.0 -9999.0 -9999.0 -9999.0 -9999.0 -9999.0 -9999.0 -9999.0 -9999.0 -9999.0 -9999.0 -9999.0 -9999.0 -9999.0 -9999.0 -9999.0 -9999.0 -9999.0 -9999.0 -9999.0 -9999.0 -9999.0 -9999.0 -9999.0 -9999.0 -9999.0 -9999.0 -9999.0 -9999.0 -9999.0 -9999.0 -9999.0 -9999.0 -9999.0 -9999.0 -9999.0 -9999.0 -9999.0 -9999.0 -9999.0 -9999.0 -9999.0 -9999.0 -9999.0 -9999.0 -9999.0 -9999.0 -9999.0 -9999.0 -9999.0 -9999.0 -9999.0 -9999.0 -9999.0 -9999.0 -9999.0 -9999.0 -9999.0 -9999.0 -9999.0 -9999.0 -9999.0 -9999.0 -9999.0 -9999.0 -9999.0 -9999.0 -9999.0 -9999.0 -9999.0 -9999.0 -9999.0 -9999.0 -9999.0 -9999.0 -9999.0 -9999.0 -9999.0 -9999.0 -9999.0 -9999.0 -9999.0 -9999.0 -9999.0 -9999.0 -9999.0 -9999.0 -9999.0 -9999.0 -9999.0 -9999.0 -9999.0 -9999.0 -9999.0 -9999.0 -9999.0