inst/processing_geotop_simulation/geotop_simulation/out/maps3D/PwL0010N0372.asc
ncols         104
nrows         10
xllcorner     -2.000000
yllcorner     0.000000
cellsize      1.000000
NODATA_value  -9999.0
-9999.0 -9999.0 -9999.0 -9999.0 -9999.0 -9999.0 -9999.0 -9999.0 -9999.0 -9999.0 -9999.0 -9999.0 -9999.0 -9999.0 -9999.0 -9999.0 -9999.0 -9999.0 -9999.0 -9999.0 -9999.0 -9999.0 -9999.0 -9999.0 -9999.0 -9999.0 -9999.0 -9999.0 -9999.0 -9999.0 -9999.0 -9999.0 -9999.0 -9999.0 -9999.0 -9999.0 -9999.0 -9999.0 -9999.0 -9999.0 -9999.0 -9999.0 -9999.0 -9999.0 -9999.0 -9999.0 -9999.0 -9999.0 -9999.0 -9999.0 -9999.0 -9999.0 -9999.0 -9999.0 -9999.0 -9999.0 -9999.0 -9999.0 -9999.0 -9999.0 -9999.0 -9999.0 -9999.0 -9999.0 -9999.0 -9999.0 -9999.0 -9999.0 -9999.0 -9999.0 -9999.0 -9999.0 -9999.0 -9999.0 -9999.0 -9999.0 -9999.0 -9999.0 -9999.0 -9999.0 -9999.0 -9999.0 -9999.0 -9999.0 -9999.0 -9999.0 -9999.0 -9999.0 -9999.0 -9999.0 -9999.0 -9999.0 -9999.0 -9999.0 -9999.0 -9999.0 -9999.0 -9999.0 -9999.0 -9999.0 -9999.0 -9999.0 -9999.0 -9999.0
-9999.0 -9999.0 -9999.0 -9999.0 -9999.0 -9999.0 -9999.0 -9999.0 -9999.0 -9999.0 -9999.0 -9999.0 -9999.0 -9999.0 -9999.0 -9999.0 -9999.0 -9999.0 -9999.0 -9999.0 -9999.0 -9999.0 -9999.0 -9999.0 -9999.0 -9999.0 -9999.0 -9999.0 -9999.0 -9999.0 -9999.0 -9999.0 -9999.0 -9999.0 -9999.0 -9999.0 -9999.0 -9999.0 -9999.0 -9999.0 -9999.0 -9999.0 -9999.0 -9999.0 -9999.0 -9999.0 -9999.0 -9999.0 -9999.0 -9999.0 -9999.0 -9999.0 -9999.0 -9999.0 -9999.0 -9999.0 -9999.0 -9999.0 -9999.0 -9999.0 -9999.0 -9999.0 -9999.0 -9999.0 -9999.0 -9999.0 -9999.0 -9999.0 -9999.0 -9999.0 -9999.0 -9999.0 -9999.0 -9999.0 -9999.0 -9999.0 -9999.0 -9999.0 -9999.0 -9999.0 -9999.0 -9999.0 -9999.0 -9999.0 -9999.0 -9999.0 -9999.0 -9999.0 -9999.0 -9999.0 -9999.0 -9999.0 -9999.0 -9999.0 -9999.0 -9999.0 -9999.0 -9999.0 -9999.0 -9999.0 -9999.0 -9999.0 -9999.0 -9999.0
-9999.0 -9999.0 473.084803 374.869270 276.086083 177.037365 77.876332 -21.329189 -120.547025 -219.762871 -318.960557 -418.116892 -517.186021 -616.073503 -714.661409 -813.370628 -911.949124 -1010.371925 -1108.621068 -1205.203957 -1299.611861 -1389.983171 -1473.681539 -1548.040974 -1611.237525 -1662.717347 -1703.099219 -1733.775171 -1756.467990 -1772.896921 -1784.586386 -1792.789452 -1798.483499 -1802.402556 -1805.083161 -1806.912342 -1808.179012 -1809.162188 -1810.387948 -1813.240950 -1818.796236 -1802.682612 -1329.977136 -1504.122197 -1457.257315 -1427.008093 -1413.202510 -1411.274065 -1411.073569 -1411.092417 -1411.142419 -1411.196170 -1411.247810 -1411.295620 -1411.339979 -1411.391497 -1411.552310 -1412.664689 -1419.832691 -1436.069359 -1455.187619 -1266.672540 -1768.578553 -1811.455710 -1811.929561 -1811.083263 -1810.850819 -1810.806199 -1810.799054 -1810.798401 -1810.798765 -1810.799207 -1810.799578 -1810.799871 -1810.800102 -1810.800287 -1810.800438 -1810.800565 -1810.800676 -1810.800778 -1810.800881 -1810.800994 -1810.801133 -1810.801317 -1810.801579 -1810.801971 -1810.802575 -1810.803532 -1810.805081 -1810.807651 -1810.812029 -1810.819711 -1810.833620 -1810.859594 -1810.909578 -1811.008872 -1811.213988 -1811.660401 -1812.699767 -1815.333846 -1822.795451 -1847.234629 -9999.0 -9999.0
-9999.0 -9999.0 473.090548 374.870865 276.086527 177.037499 77.876375 -21.329174 -120.547020 -219.762868 -318.960556 -418.116892 -517.186021 -616.073503 -714.661409 -813.370628 -911.949124 -1010.371926 -1108.621068 -1205.203958 -1299.611862 -1389.983171 -1473.681539 -1548.040974 -1611.237525 -1662.717347 -1703.099219 -1733.775171 -1756.467990 -1772.896921 -1784.586386 -1792.789452 -1798.483499 -1802.402556 -1805.083161 -1806.912342 -1808.179012 -1809.162188 -1810.387948 -1813.240950 -1818.796236 -1802.682612 -1329.977136 -1504.122197 -1457.257314 -1427.008092 -1413.202510 -1411.274065 -1411.073569 -1411.092417 -1411.142419 -1411.196170 -1411.247810 -1411.295620 -1411.339979 -1411.391497 -1411.552310 -1412.664689 -1419.832691 -1436.069359 -1455.187620 -1266.672540 -1768.578553 -1811.455710 -1811.929561 -1811.083263 -1810.850819 -1810.806199 -1810.799054 -1810.798401 -1810.798765 -1810.799207 -1810.799578 -1810.799871 -1810.800102 -1810.800287 -1810.800438 -1810.800565 -1810.800676 -1810.800778 -1810.800881 -1810.800994 -1810.801133 -1810.801317 -1810.801579 -1810.801971 -1810.802575 -1810.803532 -1810.805081 -1810.807651 -1810.812029 -1810.819711 -1810.833620 -1810.859594 -1810.909578 -1811.008872 -1811.213988 -1811.660401 -1812.699767 -1815.333846 -1822.795451 -1847.234629 -9999.0 -9999.0
-9999.0 -9999.0 473.091910 374.871581 276.086815 177.037605 77.876414 -21.329160 -120.547015 -219.762866 -318.960555 -418.116891 -517.186021 -616.073503 -714.661409 -813.370628 -911.949124 -1010.371926 -1108.621068 -1205.203958 -1299.611862 -1389.983171 -1473.681539 -1548.040974 -1611.237525 -1662.717347 -1703.099219 -1733.775171 -1756.467990 -1772.896921 -1784.586386 -1792.789452 -1798.483499 -1802.402556 -1805.083161 -1806.912342 -1808.179012 -1809.162188 -1810.387948 -1813.240950 -1818.796236 -1802.682612 -1329.977136 -1504.122197 -1457.257314 -1427.008092 -1413.202510 -1411.274065 -1411.073569 -1411.092417 -1411.142419 -1411.196170 -1411.247810 -1411.295620 -1411.339979 -1411.391497 -1411.552310 -1412.664689 -1419.832691 -1436.069359 -1455.187619 -1266.672540 -1768.578553 -1811.455710 -1811.929561 -1811.083263 -1810.850819 -1810.806199 -1810.799054 -1810.798401 -1810.798765 -1810.799207 -1810.799578 -1810.799871 -1810.800102 -1810.800287 -1810.800438 -1810.800565 -1810.800676 -1810.800778 -1810.800881 -1810.800994 -1810.801133 -1810.801317 -1810.801579 -1810.801971 -1810.802575 -1810.803532 -1810.805081 -1810.807651 -1810.812029 -1810.819711 -1810.833620 -1810.859594 -1810.909578 -1811.008872 -1811.213988 -1811.660401 -1812.699767 -1815.333846 -1822.795451 -1847.234629 -9999.0 -9999.0
-9999.0 -9999.0 473.091910 374.871581 276.086815 177.037605 77.876414 -21.329160 -120.547015 -219.762866 -318.960555 -418.116891 -517.186020 -616.073503 -714.661409 -813.370628 -911.949124 -1010.371926 -1108.621068 -1205.203958 -1299.611862 -1389.983171 -1473.681539 -1548.040974 -1611.237525 -1662.717347 -1703.099219 -1733.775171 -1756.467990 -1772.896921 -1784.586386 -1792.789452 -1798.483499 -1802.402556 -1805.083161 -1806.912342 -1808.179012 -1809.162188 -1810.387948 -1813.240950 -1818.796236 -1802.682612 -1329.977136 -1504.122197 -1457.257314 -1427.008092 -1413.202510 -1411.274065 -1411.073569 -1411.092417 -1411.142419 -1411.196170 -1411.247810 -1411.295620 -1411.339979 -1411.391497 -1411.552310 -1412.664689 -1419.832691 -1436.069359 -1455.187619 -1266.672540 -1768.578553 -1811.455710 -1811.929561 -1811.083263 -1810.850819 -1810.806199 -1810.799054 -1810.798401 -1810.798765 -1810.799207 -1810.799578 -1810.799871 -1810.800102 -1810.800287 -1810.800438 -1810.800565 -1810.800676 -1810.800778 -1810.800881 -1810.800994 -1810.801133 -1810.801317 -1810.801579 -1810.801971 -1810.802575 -1810.803532 -1810.805081 -1810.807651 -1810.812029 -1810.819711 -1810.833620 -1810.859594 -1810.909578 -1811.008872 -1811.213988 -1811.660401 -1812.699767 -1815.333846 -1822.795451 -1847.234629 -9999.0 -9999.0
-9999.0 -9999.0 473.090548 374.870865 276.086527 177.037499 77.876375 -21.329174 -120.547020 -219.762868 -318.960556 -418.116891 -517.186021 -616.073503 -714.661409 -813.370628 -911.949124 -1010.371926 -1108.621068 -1205.203958 -1299.611862 -1389.983171 -1473.681539 -1548.040974 -1611.237525 -1662.717347 -1703.099219 -1733.775171 -1756.467990 -1772.896921 -1784.586386 -1792.789452 -1798.483499 -1802.402556 -1805.083161 -1806.912342 -1808.179012 -1809.162188 -1810.387948 -1813.240950 -1818.796236 -1802.682612 -1329.977136 -1504.122197 -1457.257314 -1427.008092 -1413.202510 -1411.274065 -1411.073569 -1411.092417 -1411.142419 -1411.196170 -1411.247810 -1411.295620 -1411.339979 -1411.391497 -1411.552310 -1412.664689 -1419.832691 -1436.069359 -1455.187620 -1266.672540 -1768.578553 -1811.455710 -1811.929561 -1811.083263 -1810.850819 -1810.806199 -1810.799054 -1810.798401 -1810.798765 -1810.799207 -1810.799578 -1810.799871 -1810.800102 -1810.800287 -1810.800438 -1810.800565 -1810.800676 -1810.800778 -1810.800881 -1810.800994 -1810.801133 -1810.801317 -1810.801579 -1810.801971 -1810.802575 -1810.803532 -1810.805081 -1810.807651 -1810.812029 -1810.819711 -1810.833620 -1810.859594 -1810.909578 -1811.008872 -1811.213988 -1811.660401 -1812.699767 -1815.333846 -1822.795451 -1847.234629 -9999.0 -9999.0
-9999.0 -9999.0 473.084803 374.869270 276.086083 177.037365 77.876332 -21.329189 -120.547025 -219.762871 -318.960557 -418.116892 -517.186021 -616.073503 -714.661409 -813.370628 -911.949124 -1010.371926 -1108.621068 -1205.203957 -1299.611861 -1389.983171 -1473.681539 -1548.040974 -1611.237525 -1662.717347 -1703.099219 -1733.775171 -1756.467990 -1772.896921 -1784.586386 -1792.789452 -1798.483499 -1802.402556 -1805.083161 -1806.912342 -1808.179012 -1809.162188 -1810.387948 -1813.240950 -1818.796236 -1802.682612 -1329.977136 -1504.122197 -1457.257315 -1427.008093 -1413.202510 -1411.274065 -1411.073569 -1411.092417 -1411.142419 -1411.196170 -1411.247810 -1411.295620 -1411.339979 -1411.391497 -1411.552310 -1412.664689 -1419.832691 -1436.069359 -1455.187619 -1266.672540 -1768.578553 -1811.455710 -1811.929561 -1811.083263 -1810.850819 -1810.806199 -1810.799054 -1810.798401 -1810.798765 -1810.799207 -1810.799578 -1810.799871 -1810.800102 -1810.800287 -1810.800438 -1810.800565 -1810.800676 -1810.800778 -1810.800881 -1810.800994 -1810.801133 -1810.801317 -1810.801579 -1810.801971 -1810.802575 -1810.803532 -1810.805081 -1810.807651 -1810.812029 -1810.819711 -1810.833620 -1810.859594 -1810.909578 -1811.008872 -1811.213988 -1811.660401 -1812.699767 -1815.333846 -1822.795451 -1847.234629 -9999.0 -9999.0
-9999.0 -9999.0 -9999.0 -9999.0 -9999.0 -9999.0 -9999.0 -9999.0 -9999.0 -9999.0 -9999.0 -9999.0 -9999.0 -9999.0 -9999.0 -9999.0 -9999.0 -9999.0 -9999.0 -9999.0 -9999.0 -9999.0 -9999.0 -9999.0 -9999.0 -9999.0 -9999.0 -9999.0 -9999.0 -9999.0 -9999.0 -9999.0 -9999.0 -9999.0 -9999.0 -9999.0 -9999.0 -9999.0 -9999.0 -9999.0 -9999.0 -9999.0 -9999.0 -9999.0 -9999.0 -9999.0 -9999.0 -9999.0 -9999.0 -9999.0 -9999.0 -9999.0 -9999.0 -9999.0 -9999.0 -9999.0 -9999.0 -9999.0 -9999.0 -9999.0 -9999.0 -9999.0 -9999.0 -9999.0 -9999.0 -9999.0 -9999.0 -9999.0 -9999.0 -9999.0 -9999.0 -9999.0 -9999.0 -9999.0 -9999.0 -9999.0 -9999.0 -9999.0 -9999.0 -9999.0 -9999.0 -9999.0 -9999.0 -9999.0 -9999.0 -9999.0 -9999.0 -9999.0 -9999.0 -9999.0 -9999.0 -9999.0 -9999.0 -9999.0 -9999.0 -9999.0 -9999.0 -9999.0 -9999.0 -9999.0 -9999.0 -9999.0 -9999.0 -9999.0
-9999.0 -9999.0 -9999.0 -9999.0 -9999.0 -9999.0 -9999.0 -9999.0 -9999.0 -9999.0 -9999.0 -9999.0 -9999.0 -9999.0 -9999.0 -9999.0 -9999.0 -9999.0 -9999.0 -9999.0 -9999.0 -9999.0 -9999.0 -9999.0 -9999.0 -9999.0 -9999.0 -9999.0 -9999.0 -9999.0 -9999.0 -9999.0 -9999.0 -9999.0 -9999.0 -9999.0 -9999.0 -9999.0 -9999.0 -9999.0 -9999.0 -9999.0 -9999.0 -9999.0 -9999.0 -9999.0 -9999.0 -9999.0 -9999.0 -9999.0 -9999.0 -9999.0 -9999.0 -9999.0 -9999.0 -9999.0 -9999.0 -9999.0 -9999.0 -9999.0 -9999.0 -9999.0 -9999.0 -9999.0 -9999.0 -9999.0 -9999.0 -9999.0 -9999.0 -9999.0 -9999.0 -9999.0 -9999.0 -9999.0 -9999.0 -9999.0 -9999.0 -9999.0 -9999.0 -9999.0 -9999.0 -9999.0 -9999.0 -9999.0 -9999.0 -9999.0 -9999.0 -9999.0 -9999.0 -9999.0 -9999.0 -9999.0 -9999.0 -9999.0 -9999.0 -9999.0 -9999.0 -9999.0 -9999.0 -9999.0 -9999.0 -9999.0 -9999.0 -9999.0