inst/processing_geotop_simulation/geotop_simulation/out/maps3D/PwL0018N0067.asc
ncols         104
nrows         10
xllcorner     -2.000000
yllcorner     0.000000
cellsize      1.000000
NODATA_value  -9999.0
-9999.0 -9999.0 -9999.0 -9999.0 -9999.0 -9999.0 -9999.0 -9999.0 -9999.0 -9999.0 -9999.0 -9999.0 -9999.0 -9999.0 -9999.0 -9999.0 -9999.0 -9999.0 -9999.0 -9999.0 -9999.0 -9999.0 -9999.0 -9999.0 -9999.0 -9999.0 -9999.0 -9999.0 -9999.0 -9999.0 -9999.0 -9999.0 -9999.0 -9999.0 -9999.0 -9999.0 -9999.0 -9999.0 -9999.0 -9999.0 -9999.0 -9999.0 -9999.0 -9999.0 -9999.0 -9999.0 -9999.0 -9999.0 -9999.0 -9999.0 -9999.0 -9999.0 -9999.0 -9999.0 -9999.0 -9999.0 -9999.0 -9999.0 -9999.0 -9999.0 -9999.0 -9999.0 -9999.0 -9999.0 -9999.0 -9999.0 -9999.0 -9999.0 -9999.0 -9999.0 -9999.0 -9999.0 -9999.0 -9999.0 -9999.0 -9999.0 -9999.0 -9999.0 -9999.0 -9999.0 -9999.0 -9999.0 -9999.0 -9999.0 -9999.0 -9999.0 -9999.0 -9999.0 -9999.0 -9999.0 -9999.0 -9999.0 -9999.0 -9999.0 -9999.0 -9999.0 -9999.0 -9999.0 -9999.0 -9999.0 -9999.0 -9999.0 -9999.0 -9999.0
-9999.0 -9999.0 -9999.0 -9999.0 -9999.0 -9999.0 -9999.0 -9999.0 -9999.0 -9999.0 -9999.0 -9999.0 -9999.0 -9999.0 -9999.0 -9999.0 -9999.0 -9999.0 -9999.0 -9999.0 -9999.0 -9999.0 -9999.0 -9999.0 -9999.0 -9999.0 -9999.0 -9999.0 -9999.0 -9999.0 -9999.0 -9999.0 -9999.0 -9999.0 -9999.0 -9999.0 -9999.0 -9999.0 -9999.0 -9999.0 -9999.0 -9999.0 -9999.0 -9999.0 -9999.0 -9999.0 -9999.0 -9999.0 -9999.0 -9999.0 -9999.0 -9999.0 -9999.0 -9999.0 -9999.0 -9999.0 -9999.0 -9999.0 -9999.0 -9999.0 -9999.0 -9999.0 -9999.0 -9999.0 -9999.0 -9999.0 -9999.0 -9999.0 -9999.0 -9999.0 -9999.0 -9999.0 -9999.0 -9999.0 -9999.0 -9999.0 -9999.0 -9999.0 -9999.0 -9999.0 -9999.0 -9999.0 -9999.0 -9999.0 -9999.0 -9999.0 -9999.0 -9999.0 -9999.0 -9999.0 -9999.0 -9999.0 -9999.0 -9999.0 -9999.0 -9999.0 -9999.0 -9999.0 -9999.0 -9999.0 -9999.0 -9999.0 -9999.0 -9999.0
-9999.0 -9999.0 414.570102 314.882343 215.647174 117.037874 19.157510 -78.061550 -175.351173 -274.206081 -376.574748 -482.811691 -587.772140 -676.688662 -731.370235 -759.378684 -771.140630 -775.112474 -776.455298 -826.593140 -874.325030 -920.598528 -966.736436 -939.146899 -921.643980 -911.673130 -906.826518 -905.190069 -905.386397 -906.497043 -907.949084 -909.412237 -910.718715 -911.802502 -912.656245 -913.304416 -913.796733 -914.217713 -914.643186 -915.492892 -923.405794 -1019.966524 -2178.010900 -4081.431630 -4084.158374 -4084.158416 -4084.158416 -4084.158416 -4084.158416 -4084.158416 -4084.158415 -4084.158414 -4084.158412 -4084.158408 -4084.158401 -4084.158385 -4084.158341 -4084.158207 -4084.157758 -4084.156049 -4079.756966 -2071.620932 -993.590689 -921.400435 -915.852886 -915.231604 -915.120490 -915.100100 -915.098928 -915.101384 -915.104035 -915.106206 -915.107867 -915.109126 -915.110088 -915.110837 -915.111430 -915.111909 -915.112306 -915.112655 -915.112992 -915.113361 -915.113818 -915.114448 -915.115375 -915.116792 -915.119014 -915.122551 -915.128260 -915.137613 -915.153232 -915.179941 -915.226937 -915.312226 -915.471662 -915.777202 -916.374497 -917.568572 -920.061093 -925.718022 -939.954189 -976.711562 -9999.0 -9999.0
-9999.0 -9999.0 414.570101 314.882343 215.647174 117.037874 19.157510 -78.061550 -175.351173 -274.206082 -376.574749 -482.811692 -587.772140 -676.688662 -731.370235 -759.378684 -771.140630 -775.112474 -776.455298 -826.593140 -874.325030 -920.598528 -966.736436 -939.146899 -921.643980 -911.673130 -906.826518 -905.190069 -905.386397 -906.497043 -907.949084 -909.412237 -910.718715 -911.802502 -912.656245 -913.304416 -913.796733 -914.217713 -914.643186 -915.492892 -923.405794 -1019.966524 -2178.010900 -4081.431630 -4084.158374 -4084.158416 -4084.158416 -4084.158416 -4084.158416 -4084.158416 -4084.158415 -4084.158414 -4084.158412 -4084.158408 -4084.158401 -4084.158385 -4084.158341 -4084.158207 -4084.157758 -4084.156049 -4079.756966 -2071.620932 -993.590689 -921.400435 -915.852886 -915.231604 -915.120490 -915.100100 -915.098928 -915.101384 -915.104035 -915.106206 -915.107867 -915.109126 -915.110088 -915.110837 -915.111430 -915.111909 -915.112306 -915.112655 -915.112992 -915.113361 -915.113818 -915.114448 -915.115375 -915.116792 -915.119014 -915.122551 -915.128260 -915.137613 -915.153232 -915.179941 -915.226937 -915.312226 -915.471662 -915.777202 -916.374497 -917.568572 -920.061093 -925.718022 -939.954189 -976.711562 -9999.0 -9999.0
-9999.0 -9999.0 414.570101 314.882342 215.647173 117.037874 19.157509 -78.061550 -175.351174 -274.206082 -376.574749 -482.811692 -587.772141 -676.688662 -731.370235 -759.378684 -771.140630 -775.112474 -776.455298 -826.593140 -874.325030 -920.598528 -966.736436 -939.146899 -921.643980 -911.673130 -906.826518 -905.190069 -905.386397 -906.497043 -907.949084 -909.412237 -910.718715 -911.802502 -912.656245 -913.304416 -913.796733 -914.217713 -914.643186 -915.492892 -923.405794 -1019.966524 -2178.010900 -4081.431630 -4084.158374 -4084.158416 -4084.158416 -4084.158416 -4084.158416 -4084.158416 -4084.158415 -4084.158414 -4084.158412 -4084.158408 -4084.158401 -4084.158385 -4084.158341 -4084.158207 -4084.157758 -4084.156049 -4079.756966 -2071.620932 -993.590689 -921.400435 -915.852886 -915.231604 -915.120490 -915.100100 -915.098928 -915.101384 -915.104035 -915.106206 -915.107867 -915.109126 -915.110088 -915.110837 -915.111430 -915.111909 -915.112306 -915.112655 -915.112992 -915.113361 -915.113818 -915.114448 -915.115375 -915.116792 -915.119014 -915.122551 -915.128260 -915.137613 -915.153232 -915.179941 -915.226937 -915.312226 -915.471662 -915.777202 -916.374497 -917.568572 -920.061093 -925.718022 -939.954189 -976.711561 -9999.0 -9999.0
-9999.0 -9999.0 414.570101 314.882342 215.647173 117.037874 19.157509 -78.061550 -175.351174 -274.206082 -376.574749 -482.811692 -587.772140 -676.688662 -731.370235 -759.378684 -771.140630 -775.112474 -776.455298 -826.593140 -874.325030 -920.598528 -966.736436 -939.146899 -921.643980 -911.673130 -906.826518 -905.190069 -905.386397 -906.497043 -907.949084 -909.412237 -910.718715 -911.802502 -912.656245 -913.304416 -913.796733 -914.217713 -914.643186 -915.492892 -923.405794 -1019.966524 -2178.010900 -4081.431630 -4084.158374 -4084.158416 -4084.158416 -4084.158416 -4084.158416 -4084.158416 -4084.158415 -4084.158414 -4084.158412 -4084.158408 -4084.158401 -4084.158385 -4084.158341 -4084.158207 -4084.157758 -4084.156049 -4079.756966 -2071.620932 -993.590689 -921.400435 -915.852886 -915.231604 -915.120490 -915.100100 -915.098928 -915.101384 -915.104035 -915.106206 -915.107867 -915.109126 -915.110088 -915.110837 -915.111430 -915.111909 -915.112306 -915.112655 -915.112992 -915.113361 -915.113818 -915.114448 -915.115375 -915.116792 -915.119014 -915.122551 -915.128260 -915.137613 -915.153232 -915.179941 -915.226937 -915.312226 -915.471662 -915.777202 -916.374497 -917.568572 -920.061093 -925.718022 -939.954189 -976.711561 -9999.0 -9999.0
-9999.0 -9999.0 414.570101 314.882343 215.647174 117.037874 19.157510 -78.061550 -175.351173 -274.206082 -376.574749 -482.811692 -587.772140 -676.688662 -731.370235 -759.378684 -771.140630 -775.112474 -776.455298 -826.593140 -874.325030 -920.598528 -966.736436 -939.146899 -921.643980 -911.673130 -906.826518 -905.190069 -905.386397 -906.497043 -907.949084 -909.412237 -910.718715 -911.802502 -912.656245 -913.304416 -913.796733 -914.217713 -914.643186 -915.492892 -923.405794 -1019.966524 -2178.010900 -4081.431630 -4084.158374 -4084.158416 -4084.158416 -4084.158416 -4084.158416 -4084.158416 -4084.158415 -4084.158414 -4084.158412 -4084.158408 -4084.158401 -4084.158385 -4084.158341 -4084.158207 -4084.157758 -4084.156049 -4079.756966 -2071.620932 -993.590689 -921.400435 -915.852886 -915.231604 -915.120490 -915.100100 -915.098928 -915.101384 -915.104035 -915.106206 -915.107867 -915.109126 -915.110088 -915.110837 -915.111430 -915.111909 -915.112306 -915.112655 -915.112992 -915.113361 -915.113818 -915.114448 -915.115375 -915.116792 -915.119014 -915.122551 -915.128260 -915.137613 -915.153232 -915.179941 -915.226937 -915.312226 -915.471662 -915.777202 -916.374497 -917.568572 -920.061093 -925.718022 -939.954189 -976.711562 -9999.0 -9999.0
-9999.0 -9999.0 414.570102 314.882343 215.647174 117.037874 19.157510 -78.061550 -175.351173 -274.206081 -376.574748 -482.811691 -587.772140 -676.688662 -731.370235 -759.378684 -771.140630 -775.112474 -776.455298 -826.593140 -874.325030 -920.598528 -966.736436 -939.146899 -921.643980 -911.673130 -906.826518 -905.190069 -905.386397 -906.497043 -907.949084 -909.412237 -910.718715 -911.802502 -912.656245 -913.304416 -913.796733 -914.217713 -914.643186 -915.492892 -923.405794 -1019.966524 -2178.010900 -4081.431630 -4084.158374 -4084.158416 -4084.158416 -4084.158416 -4084.158416 -4084.158416 -4084.158415 -4084.158414 -4084.158412 -4084.158408 -4084.158401 -4084.158385 -4084.158341 -4084.158207 -4084.157758 -4084.156049 -4079.756966 -2071.620932 -993.590689 -921.400435 -915.852886 -915.231604 -915.120490 -915.100100 -915.098928 -915.101384 -915.104035 -915.106206 -915.107867 -915.109126 -915.110088 -915.110837 -915.111430 -915.111909 -915.112306 -915.112655 -915.112992 -915.113361 -915.113818 -915.114448 -915.115375 -915.116792 -915.119014 -915.122551 -915.128260 -915.137613 -915.153232 -915.179941 -915.226937 -915.312226 -915.471662 -915.777202 -916.374497 -917.568572 -920.061093 -925.718022 -939.954189 -976.711562 -9999.0 -9999.0
-9999.0 -9999.0 -9999.0 -9999.0 -9999.0 -9999.0 -9999.0 -9999.0 -9999.0 -9999.0 -9999.0 -9999.0 -9999.0 -9999.0 -9999.0 -9999.0 -9999.0 -9999.0 -9999.0 -9999.0 -9999.0 -9999.0 -9999.0 -9999.0 -9999.0 -9999.0 -9999.0 -9999.0 -9999.0 -9999.0 -9999.0 -9999.0 -9999.0 -9999.0 -9999.0 -9999.0 -9999.0 -9999.0 -9999.0 -9999.0 -9999.0 -9999.0 -9999.0 -9999.0 -9999.0 -9999.0 -9999.0 -9999.0 -9999.0 -9999.0 -9999.0 -9999.0 -9999.0 -9999.0 -9999.0 -9999.0 -9999.0 -9999.0 -9999.0 -9999.0 -9999.0 -9999.0 -9999.0 -9999.0 -9999.0 -9999.0 -9999.0 -9999.0 -9999.0 -9999.0 -9999.0 -9999.0 -9999.0 -9999.0 -9999.0 -9999.0 -9999.0 -9999.0 -9999.0 -9999.0 -9999.0 -9999.0 -9999.0 -9999.0 -9999.0 -9999.0 -9999.0 -9999.0 -9999.0 -9999.0 -9999.0 -9999.0 -9999.0 -9999.0 -9999.0 -9999.0 -9999.0 -9999.0 -9999.0 -9999.0 -9999.0 -9999.0 -9999.0 -9999.0
-9999.0 -9999.0 -9999.0 -9999.0 -9999.0 -9999.0 -9999.0 -9999.0 -9999.0 -9999.0 -9999.0 -9999.0 -9999.0 -9999.0 -9999.0 -9999.0 -9999.0 -9999.0 -9999.0 -9999.0 -9999.0 -9999.0 -9999.0 -9999.0 -9999.0 -9999.0 -9999.0 -9999.0 -9999.0 -9999.0 -9999.0 -9999.0 -9999.0 -9999.0 -9999.0 -9999.0 -9999.0 -9999.0 -9999.0 -9999.0 -9999.0 -9999.0 -9999.0 -9999.0 -9999.0 -9999.0 -9999.0 -9999.0 -9999.0 -9999.0 -9999.0 -9999.0 -9999.0 -9999.0 -9999.0 -9999.0 -9999.0 -9999.0 -9999.0 -9999.0 -9999.0 -9999.0 -9999.0 -9999.0 -9999.0 -9999.0 -9999.0 -9999.0 -9999.0 -9999.0 -9999.0 -9999.0 -9999.0 -9999.0 -9999.0 -9999.0 -9999.0 -9999.0 -9999.0 -9999.0 -9999.0 -9999.0 -9999.0 -9999.0 -9999.0 -9999.0 -9999.0 -9999.0 -9999.0 -9999.0 -9999.0 -9999.0 -9999.0 -9999.0 -9999.0 -9999.0 -9999.0 -9999.0 -9999.0 -9999.0 -9999.0 -9999.0 -9999.0 -9999.0