inst/processing_geotop_simulation/geotop_simulation/out/maps3D/PwL0002N0091.asc
ncols         104
nrows         10
xllcorner     -2.000000
yllcorner     0.000000
cellsize      1.000000
NODATA_value  -9999.0
-9999.0 -9999.0 -9999.0 -9999.0 -9999.0 -9999.0 -9999.0 -9999.0 -9999.0 -9999.0 -9999.0 -9999.0 -9999.0 -9999.0 -9999.0 -9999.0 -9999.0 -9999.0 -9999.0 -9999.0 -9999.0 -9999.0 -9999.0 -9999.0 -9999.0 -9999.0 -9999.0 -9999.0 -9999.0 -9999.0 -9999.0 -9999.0 -9999.0 -9999.0 -9999.0 -9999.0 -9999.0 -9999.0 -9999.0 -9999.0 -9999.0 -9999.0 -9999.0 -9999.0 -9999.0 -9999.0 -9999.0 -9999.0 -9999.0 -9999.0 -9999.0 -9999.0 -9999.0 -9999.0 -9999.0 -9999.0 -9999.0 -9999.0 -9999.0 -9999.0 -9999.0 -9999.0 -9999.0 -9999.0 -9999.0 -9999.0 -9999.0 -9999.0 -9999.0 -9999.0 -9999.0 -9999.0 -9999.0 -9999.0 -9999.0 -9999.0 -9999.0 -9999.0 -9999.0 -9999.0 -9999.0 -9999.0 -9999.0 -9999.0 -9999.0 -9999.0 -9999.0 -9999.0 -9999.0 -9999.0 -9999.0 -9999.0 -9999.0 -9999.0 -9999.0 -9999.0 -9999.0 -9999.0 -9999.0 -9999.0 -9999.0 -9999.0 -9999.0 -9999.0
-9999.0 -9999.0 -9999.0 -9999.0 -9999.0 -9999.0 -9999.0 -9999.0 -9999.0 -9999.0 -9999.0 -9999.0 -9999.0 -9999.0 -9999.0 -9999.0 -9999.0 -9999.0 -9999.0 -9999.0 -9999.0 -9999.0 -9999.0 -9999.0 -9999.0 -9999.0 -9999.0 -9999.0 -9999.0 -9999.0 -9999.0 -9999.0 -9999.0 -9999.0 -9999.0 -9999.0 -9999.0 -9999.0 -9999.0 -9999.0 -9999.0 -9999.0 -9999.0 -9999.0 -9999.0 -9999.0 -9999.0 -9999.0 -9999.0 -9999.0 -9999.0 -9999.0 -9999.0 -9999.0 -9999.0 -9999.0 -9999.0 -9999.0 -9999.0 -9999.0 -9999.0 -9999.0 -9999.0 -9999.0 -9999.0 -9999.0 -9999.0 -9999.0 -9999.0 -9999.0 -9999.0 -9999.0 -9999.0 -9999.0 -9999.0 -9999.0 -9999.0 -9999.0 -9999.0 -9999.0 -9999.0 -9999.0 -9999.0 -9999.0 -9999.0 -9999.0 -9999.0 -9999.0 -9999.0 -9999.0 -9999.0 -9999.0 -9999.0 -9999.0 -9999.0 -9999.0 -9999.0 -9999.0 -9999.0 -9999.0 -9999.0 -9999.0 -9999.0 -9999.0
-9999.0 -9999.0 81.545446 -6.697436 -101.065452 -196.939467 -293.452569 -390.461126 -488.243555 -588.215876 -709.088470 -902.258884 -1044.311075 -1145.434729 -1225.572990 -1301.110503 -1353.099878 -1377.594317 -1383.360980 -1380.051605 -1374.359831 -1369.619340 -1367.012670 -1366.625675 -1368.049157 -1370.685593 -1373.908160 -1377.176726 -1380.119657 -1382.553118 -1384.441532 -1385.837718 -1386.831890 -1387.518350 -1387.979147 -1388.280696 -1388.483886 -1388.662441 -1388.880453 -1389.482849 -1394.622614 -1416.686716 -906.948829 -902.170983 -889.839991 -882.264894 -878.724886 -878.236994 -878.189201 -878.201012 -878.222518 -878.245253 -878.267062 -878.287235 -878.305734 -878.325133 -878.371226 -878.664489 -880.556204 -884.896376 -892.113691 -888.679420 -1400.030231 -1392.671563 -1389.540819 -1389.046234 -1388.955123 -1388.938776 -1388.938054 -1388.940215 -1388.942478 -1388.944312 -1388.945708 -1388.946759 -1388.947558 -1388.948177 -1388.948665 -1388.949057 -1388.949381 -1388.949664 -1388.949936 -1388.950233 -1388.950600 -1388.951105 -1388.951847 -1388.952983 -1388.954762 -1388.957593 -1388.962160 -1388.969639 -1388.982112 -1389.003409 -1389.040809 -1389.108509 -1389.234659 -1389.475315 -1389.942067 -1390.859106 -1392.696291 -1396.526239 -1405.083465 -1427.295989 -9999.0 -9999.0
-9999.0 -9999.0 81.558087 -6.695157 -101.064883 -196.939302 -293.452518 -390.461109 -488.243550 -588.215875 -709.088470 -902.258884 -1044.311075 -1145.434729 -1225.572990 -1301.110503 -1353.099879 -1377.594317 -1383.360980 -1380.051605 -1374.359831 -1369.619340 -1367.012670 -1366.625675 -1368.049157 -1370.685593 -1373.908160 -1377.176726 -1380.119657 -1382.553118 -1384.441532 -1385.837718 -1386.831890 -1387.518350 -1387.979147 -1388.280696 -1388.483886 -1388.662441 -1388.880453 -1389.482849 -1394.622614 -1416.686716 -906.948829 -902.170983 -889.839991 -882.264894 -878.724886 -878.236994 -878.189201 -878.201012 -878.222518 -878.245253 -878.267062 -878.287235 -878.305734 -878.325133 -878.371226 -878.664489 -880.556204 -884.896376 -892.113691 -888.679420 -1400.030231 -1392.671563 -1389.540819 -1389.046234 -1388.955123 -1388.938776 -1388.938054 -1388.940215 -1388.942478 -1388.944312 -1388.945708 -1388.946759 -1388.947558 -1388.948177 -1388.948665 -1388.949057 -1388.949381 -1388.949664 -1388.949936 -1388.950233 -1388.950600 -1388.951105 -1388.951847 -1388.952983 -1388.954762 -1388.957593 -1388.962160 -1388.969639 -1388.982112 -1389.003409 -1389.040809 -1389.108509 -1389.234659 -1389.475315 -1389.942067 -1390.859106 -1392.696291 -1396.526239 -1405.083465 -1427.295989 -9999.0 -9999.0
-9999.0 -9999.0 81.559460 -6.694250 -101.064524 -196.939172 -293.452472 -390.461093 -488.243545 -588.215873 -709.088469 -902.258884 -1044.311075 -1145.434729 -1225.572990 -1301.110503 -1353.099879 -1377.594317 -1383.360980 -1380.051605 -1374.359831 -1369.619340 -1367.012670 -1366.625675 -1368.049157 -1370.685593 -1373.908160 -1377.176726 -1380.119657 -1382.553118 -1384.441532 -1385.837718 -1386.831890 -1387.518350 -1387.979147 -1388.280696 -1388.483886 -1388.662441 -1388.880453 -1389.482849 -1394.622614 -1416.686716 -906.948829 -902.170983 -889.839991 -882.264894 -878.724886 -878.236994 -878.189201 -878.201012 -878.222518 -878.245253 -878.267062 -878.287235 -878.305734 -878.325133 -878.371226 -878.664489 -880.556204 -884.896376 -892.113691 -888.679420 -1400.030231 -1392.671563 -1389.540819 -1389.046234 -1388.955123 -1388.938776 -1388.938054 -1388.940215 -1388.942478 -1388.944312 -1388.945708 -1388.946759 -1388.947558 -1388.948177 -1388.948665 -1388.949057 -1388.949381 -1388.949664 -1388.949936 -1388.950233 -1388.950600 -1388.951105 -1388.951847 -1388.952983 -1388.954762 -1388.957593 -1388.962160 -1388.969639 -1388.982112 -1389.003409 -1389.040809 -1389.108509 -1389.234659 -1389.475315 -1389.942067 -1390.859106 -1392.696291 -1396.526239 -1405.083465 -1427.295989 -9999.0 -9999.0
-9999.0 -9999.0 81.559460 -6.694250 -101.064524 -196.939172 -293.452472 -390.461093 -488.243545 -588.215873 -709.088469 -902.258884 -1044.311075 -1145.434729 -1225.572990 -1301.110503 -1353.099879 -1377.594317 -1383.360980 -1380.051605 -1374.359831 -1369.619340 -1367.012670 -1366.625675 -1368.049157 -1370.685593 -1373.908160 -1377.176726 -1380.119657 -1382.553118 -1384.441532 -1385.837718 -1386.831890 -1387.518350 -1387.979147 -1388.280696 -1388.483886 -1388.662441 -1388.880453 -1389.482849 -1394.622614 -1416.686716 -906.948829 -902.170983 -889.839991 -882.264894 -878.724886 -878.236994 -878.189201 -878.201012 -878.222518 -878.245253 -878.267062 -878.287235 -878.305734 -878.325133 -878.371226 -878.664489 -880.556204 -884.896376 -892.113691 -888.679420 -1400.030231 -1392.671563 -1389.540819 -1389.046234 -1388.955123 -1388.938776 -1388.938054 -1388.940215 -1388.942478 -1388.944312 -1388.945708 -1388.946759 -1388.947558 -1388.948177 -1388.948665 -1388.949057 -1388.949381 -1388.949664 -1388.949936 -1388.950233 -1388.950600 -1388.951105 -1388.951847 -1388.952983 -1388.954762 -1388.957593 -1388.962160 -1388.969639 -1388.982112 -1389.003409 -1389.040809 -1389.108509 -1389.234659 -1389.475315 -1389.942067 -1390.859106 -1392.696291 -1396.526239 -1405.083465 -1427.295989 -9999.0 -9999.0
-9999.0 -9999.0 81.558087 -6.695157 -101.064883 -196.939302 -293.452518 -390.461109 -488.243550 -588.215875 -709.088470 -902.258884 -1044.311075 -1145.434729 -1225.572990 -1301.110503 -1353.099879 -1377.594317 -1383.360980 -1380.051605 -1374.359831 -1369.619340 -1367.012670 -1366.625675 -1368.049157 -1370.685593 -1373.908160 -1377.176726 -1380.119657 -1382.553118 -1384.441532 -1385.837718 -1386.831890 -1387.518350 -1387.979147 -1388.280696 -1388.483886 -1388.662441 -1388.880453 -1389.482849 -1394.622614 -1416.686716 -906.948829 -902.170983 -889.839991 -882.264894 -878.724886 -878.236994 -878.189201 -878.201012 -878.222518 -878.245253 -878.267062 -878.287235 -878.305734 -878.325133 -878.371226 -878.664489 -880.556204 -884.896376 -892.113691 -888.679420 -1400.030231 -1392.671563 -1389.540819 -1389.046234 -1388.955123 -1388.938776 -1388.938054 -1388.940215 -1388.942478 -1388.944312 -1388.945708 -1388.946759 -1388.947558 -1388.948177 -1388.948665 -1388.949057 -1388.949381 -1388.949664 -1388.949936 -1388.950233 -1388.950600 -1388.951105 -1388.951847 -1388.952983 -1388.954762 -1388.957593 -1388.962160 -1388.969639 -1388.982112 -1389.003409 -1389.040809 -1389.108509 -1389.234659 -1389.475315 -1389.942067 -1390.859106 -1392.696291 -1396.526239 -1405.083465 -1427.295989 -9999.0 -9999.0
-9999.0 -9999.0 81.545446 -6.697436 -101.065452 -196.939467 -293.452569 -390.461126 -488.243555 -588.215876 -709.088470 -902.258884 -1044.311075 -1145.434729 -1225.572990 -1301.110503 -1353.099878 -1377.594317 -1383.360980 -1380.051605 -1374.359831 -1369.619340 -1367.012670 -1366.625675 -1368.049157 -1370.685593 -1373.908160 -1377.176726 -1380.119657 -1382.553118 -1384.441532 -1385.837718 -1386.831890 -1387.518350 -1387.979147 -1388.280696 -1388.483886 -1388.662441 -1388.880453 -1389.482849 -1394.622614 -1416.686716 -906.948829 -902.170983 -889.839991 -882.264894 -878.724886 -878.236994 -878.189201 -878.201012 -878.222518 -878.245253 -878.267062 -878.287235 -878.305734 -878.325133 -878.371226 -878.664489 -880.556204 -884.896376 -892.113691 -888.679420 -1400.030231 -1392.671563 -1389.540819 -1389.046234 -1388.955123 -1388.938776 -1388.938054 -1388.940215 -1388.942478 -1388.944312 -1388.945708 -1388.946759 -1388.947558 -1388.948177 -1388.948665 -1388.949057 -1388.949381 -1388.949664 -1388.949936 -1388.950233 -1388.950600 -1388.951105 -1388.951847 -1388.952983 -1388.954762 -1388.957593 -1388.962160 -1388.969639 -1388.982112 -1389.003409 -1389.040809 -1389.108509 -1389.234659 -1389.475315 -1389.942067 -1390.859106 -1392.696291 -1396.526239 -1405.083465 -1427.295989 -9999.0 -9999.0
-9999.0 -9999.0 -9999.0 -9999.0 -9999.0 -9999.0 -9999.0 -9999.0 -9999.0 -9999.0 -9999.0 -9999.0 -9999.0 -9999.0 -9999.0 -9999.0 -9999.0 -9999.0 -9999.0 -9999.0 -9999.0 -9999.0 -9999.0 -9999.0 -9999.0 -9999.0 -9999.0 -9999.0 -9999.0 -9999.0 -9999.0 -9999.0 -9999.0 -9999.0 -9999.0 -9999.0 -9999.0 -9999.0 -9999.0 -9999.0 -9999.0 -9999.0 -9999.0 -9999.0 -9999.0 -9999.0 -9999.0 -9999.0 -9999.0 -9999.0 -9999.0 -9999.0 -9999.0 -9999.0 -9999.0 -9999.0 -9999.0 -9999.0 -9999.0 -9999.0 -9999.0 -9999.0 -9999.0 -9999.0 -9999.0 -9999.0 -9999.0 -9999.0 -9999.0 -9999.0 -9999.0 -9999.0 -9999.0 -9999.0 -9999.0 -9999.0 -9999.0 -9999.0 -9999.0 -9999.0 -9999.0 -9999.0 -9999.0 -9999.0 -9999.0 -9999.0 -9999.0 -9999.0 -9999.0 -9999.0 -9999.0 -9999.0 -9999.0 -9999.0 -9999.0 -9999.0 -9999.0 -9999.0 -9999.0 -9999.0 -9999.0 -9999.0 -9999.0 -9999.0
-9999.0 -9999.0 -9999.0 -9999.0 -9999.0 -9999.0 -9999.0 -9999.0 -9999.0 -9999.0 -9999.0 -9999.0 -9999.0 -9999.0 -9999.0 -9999.0 -9999.0 -9999.0 -9999.0 -9999.0 -9999.0 -9999.0 -9999.0 -9999.0 -9999.0 -9999.0 -9999.0 -9999.0 -9999.0 -9999.0 -9999.0 -9999.0 -9999.0 -9999.0 -9999.0 -9999.0 -9999.0 -9999.0 -9999.0 -9999.0 -9999.0 -9999.0 -9999.0 -9999.0 -9999.0 -9999.0 -9999.0 -9999.0 -9999.0 -9999.0 -9999.0 -9999.0 -9999.0 -9999.0 -9999.0 -9999.0 -9999.0 -9999.0 -9999.0 -9999.0 -9999.0 -9999.0 -9999.0 -9999.0 -9999.0 -9999.0 -9999.0 -9999.0 -9999.0 -9999.0 -9999.0 -9999.0 -9999.0 -9999.0 -9999.0 -9999.0 -9999.0 -9999.0 -9999.0 -9999.0 -9999.0 -9999.0 -9999.0 -9999.0 -9999.0 -9999.0 -9999.0 -9999.0 -9999.0 -9999.0 -9999.0 -9999.0 -9999.0 -9999.0 -9999.0 -9999.0 -9999.0 -9999.0 -9999.0 -9999.0 -9999.0 -9999.0 -9999.0 -9999.0