inst/processing_geotop_simulation/geotop_simulation/out/maps3D/PwL0008N0060.asc
ncols         104
nrows         10
xllcorner     -2.000000
yllcorner     0.000000
cellsize      1.000000
NODATA_value  -9999.0
-9999.0 -9999.0 -9999.0 -9999.0 -9999.0 -9999.0 -9999.0 -9999.0 -9999.0 -9999.0 -9999.0 -9999.0 -9999.0 -9999.0 -9999.0 -9999.0 -9999.0 -9999.0 -9999.0 -9999.0 -9999.0 -9999.0 -9999.0 -9999.0 -9999.0 -9999.0 -9999.0 -9999.0 -9999.0 -9999.0 -9999.0 -9999.0 -9999.0 -9999.0 -9999.0 -9999.0 -9999.0 -9999.0 -9999.0 -9999.0 -9999.0 -9999.0 -9999.0 -9999.0 -9999.0 -9999.0 -9999.0 -9999.0 -9999.0 -9999.0 -9999.0 -9999.0 -9999.0 -9999.0 -9999.0 -9999.0 -9999.0 -9999.0 -9999.0 -9999.0 -9999.0 -9999.0 -9999.0 -9999.0 -9999.0 -9999.0 -9999.0 -9999.0 -9999.0 -9999.0 -9999.0 -9999.0 -9999.0 -9999.0 -9999.0 -9999.0 -9999.0 -9999.0 -9999.0 -9999.0 -9999.0 -9999.0 -9999.0 -9999.0 -9999.0 -9999.0 -9999.0 -9999.0 -9999.0 -9999.0 -9999.0 -9999.0 -9999.0 -9999.0 -9999.0 -9999.0 -9999.0 -9999.0 -9999.0 -9999.0 -9999.0 -9999.0 -9999.0 -9999.0
-9999.0 -9999.0 -9999.0 -9999.0 -9999.0 -9999.0 -9999.0 -9999.0 -9999.0 -9999.0 -9999.0 -9999.0 -9999.0 -9999.0 -9999.0 -9999.0 -9999.0 -9999.0 -9999.0 -9999.0 -9999.0 -9999.0 -9999.0 -9999.0 -9999.0 -9999.0 -9999.0 -9999.0 -9999.0 -9999.0 -9999.0 -9999.0 -9999.0 -9999.0 -9999.0 -9999.0 -9999.0 -9999.0 -9999.0 -9999.0 -9999.0 -9999.0 -9999.0 -9999.0 -9999.0 -9999.0 -9999.0 -9999.0 -9999.0 -9999.0 -9999.0 -9999.0 -9999.0 -9999.0 -9999.0 -9999.0 -9999.0 -9999.0 -9999.0 -9999.0 -9999.0 -9999.0 -9999.0 -9999.0 -9999.0 -9999.0 -9999.0 -9999.0 -9999.0 -9999.0 -9999.0 -9999.0 -9999.0 -9999.0 -9999.0 -9999.0 -9999.0 -9999.0 -9999.0 -9999.0 -9999.0 -9999.0 -9999.0 -9999.0 -9999.0 -9999.0 -9999.0 -9999.0 -9999.0 -9999.0 -9999.0 -9999.0 -9999.0 -9999.0 -9999.0 -9999.0 -9999.0 -9999.0 -9999.0 -9999.0 -9999.0 -9999.0 -9999.0 -9999.0
-9999.0 -9999.0 -357.133617 -481.017949 -622.920584 -772.485182 -894.582891 -963.546590 -991.065800 -996.568142 -968.306879 -928.528858 -894.033713 -863.001364 -893.115404 -930.947148 -969.650508 -1010.770088 -999.285696 -983.371163 -970.855140 -963.914426 -962.176377 -964.467977 -969.482646 -975.999225 -982.949536 -989.502717 -995.142325 -999.664202 -1003.092985 -1005.579222 -1007.317906 -1008.496947 -1009.273147 -1009.767884 -1010.084973 -1010.357066 -1010.666954 -1010.856483 -1014.542978 -1063.740929 -1562.615621 -1840.648497 -1663.014468 -1568.677377 -1527.396566 -1522.582323 -1522.103966 -1522.140143 -1522.245748 -1522.359254 -1522.468152 -1522.568886 -1522.662180 -1522.769569 -1523.108120 -1525.650841 -1546.074014 -1593.700186 -1681.953906 -1374.288295 -1046.971641 -1014.296214 -1011.400358 -1010.904501 -1010.795822 -1010.776894 -1010.777414 -1010.781294 -1010.785041 -1010.788023 -1010.790276 -1010.791970 -1010.793258 -1010.794254 -1010.795042 -1010.795673 -1010.796194 -1010.796646 -1010.797078 -1010.797544 -1010.798118 -1010.798902 -1010.800050 -1010.801803 -1010.804544 -1010.808898 -1010.815904 -1010.827338 -1010.846327 -1010.878577 -1010.934873 -1011.036184 -1011.224047 -1011.581193 -1012.271732 -1013.620474 -1016.285579 -1021.706916 -1033.380581 -1060.654967 -9999.0 -9999.0
-9999.0 -9999.0 -357.133616 -481.017947 -622.920578 -772.485175 -894.582887 -963.546589 -991.065800 -996.568143 -968.306879 -928.528858 -894.033713 -863.001364 -893.115404 -930.947148 -969.650508 -1010.770088 -999.285696 -983.371163 -970.855140 -963.914426 -962.176377 -964.467977 -969.482646 -975.999225 -982.949536 -989.502717 -995.142325 -999.664202 -1003.092985 -1005.579222 -1007.317906 -1008.496947 -1009.273147 -1009.767884 -1010.084973 -1010.357066 -1010.666954 -1010.856483 -1014.542978 -1063.740929 -1562.615621 -1840.648496 -1663.014466 -1568.677375 -1527.396566 -1522.582323 -1522.103966 -1522.140143 -1522.245748 -1522.359254 -1522.468152 -1522.568886 -1522.662180 -1522.769569 -1523.108120 -1525.650841 -1546.074014 -1593.700186 -1681.953906 -1374.288295 -1046.971641 -1014.296214 -1011.400358 -1010.904501 -1010.795822 -1010.776894 -1010.777414 -1010.781294 -1010.785041 -1010.788023 -1010.790276 -1010.791970 -1010.793258 -1010.794254 -1010.795042 -1010.795673 -1010.796194 -1010.796646 -1010.797078 -1010.797544 -1010.798118 -1010.798902 -1010.800050 -1010.801803 -1010.804544 -1010.808898 -1010.815904 -1010.827338 -1010.846327 -1010.878577 -1010.934873 -1011.036184 -1011.224047 -1011.581193 -1012.271732 -1013.620474 -1016.285579 -1021.706916 -1033.380581 -1060.654967 -9999.0 -9999.0
-9999.0 -9999.0 -357.133616 -481.017946 -622.920575 -772.485169 -894.582884 -963.546589 -991.065801 -996.568143 -968.306879 -928.528858 -894.033713 -863.001364 -893.115404 -930.947148 -969.650508 -1010.770088 -999.285696 -983.371163 -970.855140 -963.914426 -962.176377 -964.467977 -969.482646 -975.999225 -982.949536 -989.502717 -995.142325 -999.664202 -1003.092985 -1005.579222 -1007.317906 -1008.496947 -1009.273147 -1009.767884 -1010.084973 -1010.357066 -1010.666954 -1010.856483 -1014.542978 -1063.740929 -1562.615621 -1840.648496 -1663.014466 -1568.677374 -1527.396566 -1522.582323 -1522.103966 -1522.140143 -1522.245748 -1522.359254 -1522.468152 -1522.568886 -1522.662180 -1522.769569 -1523.108120 -1525.650841 -1546.074014 -1593.700186 -1681.953906 -1374.288295 -1046.971641 -1014.296214 -1011.400358 -1010.904501 -1010.795822 -1010.776894 -1010.777414 -1010.781294 -1010.785041 -1010.788023 -1010.790276 -1010.791970 -1010.793258 -1010.794254 -1010.795042 -1010.795673 -1010.796194 -1010.796646 -1010.797078 -1010.797544 -1010.798118 -1010.798902 -1010.800050 -1010.801803 -1010.804544 -1010.808898 -1010.815904 -1010.827338 -1010.846327 -1010.878577 -1010.934873 -1011.036184 -1011.224047 -1011.581193 -1012.271732 -1013.620474 -1016.285579 -1021.706916 -1033.380581 -1060.654967 -9999.0 -9999.0
-9999.0 -9999.0 -357.133616 -481.017946 -622.920575 -772.485169 -894.582884 -963.546589 -991.065801 -996.568143 -968.306879 -928.528858 -894.033713 -863.001364 -893.115404 -930.947148 -969.650508 -1010.770088 -999.285696 -983.371163 -970.855140 -963.914426 -962.176377 -964.467977 -969.482646 -975.999225 -982.949536 -989.502717 -995.142325 -999.664202 -1003.092985 -1005.579222 -1007.317906 -1008.496947 -1009.273147 -1009.767884 -1010.084973 -1010.357066 -1010.666954 -1010.856483 -1014.542978 -1063.740929 -1562.615621 -1840.648496 -1663.014466 -1568.677374 -1527.396566 -1522.582323 -1522.103966 -1522.140143 -1522.245748 -1522.359254 -1522.468152 -1522.568886 -1522.662180 -1522.769569 -1523.108120 -1525.650841 -1546.074014 -1593.700186 -1681.953906 -1374.288295 -1046.971641 -1014.296214 -1011.400358 -1010.904501 -1010.795822 -1010.776894 -1010.777414 -1010.781294 -1010.785041 -1010.788023 -1010.790276 -1010.791970 -1010.793258 -1010.794254 -1010.795042 -1010.795673 -1010.796194 -1010.796646 -1010.797078 -1010.797544 -1010.798118 -1010.798902 -1010.800050 -1010.801803 -1010.804544 -1010.808898 -1010.815904 -1010.827338 -1010.846327 -1010.878577 -1010.934873 -1011.036184 -1011.224047 -1011.581193 -1012.271732 -1013.620474 -1016.285579 -1021.706916 -1033.380581 -1060.654967 -9999.0 -9999.0
-9999.0 -9999.0 -357.133617 -481.017947 -622.920579 -772.485175 -894.582887 -963.546589 -991.065800 -996.568143 -968.306879 -928.528858 -894.033713 -863.001364 -893.115404 -930.947148 -969.650508 -1010.770088 -999.285696 -983.371163 -970.855140 -963.914426 -962.176377 -964.467977 -969.482646 -975.999225 -982.949536 -989.502717 -995.142325 -999.664202 -1003.092985 -1005.579222 -1007.317906 -1008.496947 -1009.273147 -1009.767884 -1010.084973 -1010.357066 -1010.666954 -1010.856483 -1014.542978 -1063.740929 -1562.615621 -1840.648496 -1663.014466 -1568.677375 -1527.396566 -1522.582323 -1522.103966 -1522.140143 -1522.245748 -1522.359254 -1522.468152 -1522.568886 -1522.662180 -1522.769569 -1523.108120 -1525.650841 -1546.074014 -1593.700186 -1681.953906 -1374.288295 -1046.971641 -1014.296214 -1011.400358 -1010.904501 -1010.795822 -1010.776894 -1010.777414 -1010.781294 -1010.785041 -1010.788023 -1010.790276 -1010.791970 -1010.793258 -1010.794254 -1010.795042 -1010.795673 -1010.796194 -1010.796646 -1010.797078 -1010.797544 -1010.798118 -1010.798902 -1010.800050 -1010.801803 -1010.804544 -1010.808898 -1010.815904 -1010.827338 -1010.846327 -1010.878577 -1010.934873 -1011.036184 -1011.224047 -1011.581193 -1012.271732 -1013.620474 -1016.285579 -1021.706916 -1033.380581 -1060.654967 -9999.0 -9999.0
-9999.0 -9999.0 -357.133617 -481.017949 -622.920584 -772.485182 -894.582891 -963.546590 -991.065800 -996.568142 -968.306879 -928.528858 -894.033713 -863.001364 -893.115404 -930.947148 -969.650508 -1010.770088 -999.285696 -983.371163 -970.855140 -963.914426 -962.176377 -964.467977 -969.482646 -975.999225 -982.949536 -989.502717 -995.142325 -999.664202 -1003.092985 -1005.579222 -1007.317906 -1008.496947 -1009.273147 -1009.767884 -1010.084973 -1010.357066 -1010.666954 -1010.856483 -1014.542978 -1063.740929 -1562.615621 -1840.648497 -1663.014468 -1568.677377 -1527.396566 -1522.582323 -1522.103966 -1522.140143 -1522.245748 -1522.359254 -1522.468152 -1522.568886 -1522.662180 -1522.769569 -1523.108120 -1525.650841 -1546.074014 -1593.700186 -1681.953906 -1374.288295 -1046.971641 -1014.296214 -1011.400358 -1010.904501 -1010.795822 -1010.776894 -1010.777414 -1010.781294 -1010.785041 -1010.788023 -1010.790276 -1010.791970 -1010.793258 -1010.794254 -1010.795042 -1010.795673 -1010.796194 -1010.796646 -1010.797078 -1010.797544 -1010.798118 -1010.798902 -1010.800050 -1010.801803 -1010.804544 -1010.808898 -1010.815904 -1010.827338 -1010.846327 -1010.878577 -1010.934873 -1011.036184 -1011.224047 -1011.581193 -1012.271732 -1013.620474 -1016.285579 -1021.706916 -1033.380581 -1060.654967 -9999.0 -9999.0
-9999.0 -9999.0 -9999.0 -9999.0 -9999.0 -9999.0 -9999.0 -9999.0 -9999.0 -9999.0 -9999.0 -9999.0 -9999.0 -9999.0 -9999.0 -9999.0 -9999.0 -9999.0 -9999.0 -9999.0 -9999.0 -9999.0 -9999.0 -9999.0 -9999.0 -9999.0 -9999.0 -9999.0 -9999.0 -9999.0 -9999.0 -9999.0 -9999.0 -9999.0 -9999.0 -9999.0 -9999.0 -9999.0 -9999.0 -9999.0 -9999.0 -9999.0 -9999.0 -9999.0 -9999.0 -9999.0 -9999.0 -9999.0 -9999.0 -9999.0 -9999.0 -9999.0 -9999.0 -9999.0 -9999.0 -9999.0 -9999.0 -9999.0 -9999.0 -9999.0 -9999.0 -9999.0 -9999.0 -9999.0 -9999.0 -9999.0 -9999.0 -9999.0 -9999.0 -9999.0 -9999.0 -9999.0 -9999.0 -9999.0 -9999.0 -9999.0 -9999.0 -9999.0 -9999.0 -9999.0 -9999.0 -9999.0 -9999.0 -9999.0 -9999.0 -9999.0 -9999.0 -9999.0 -9999.0 -9999.0 -9999.0 -9999.0 -9999.0 -9999.0 -9999.0 -9999.0 -9999.0 -9999.0 -9999.0 -9999.0 -9999.0 -9999.0 -9999.0 -9999.0
-9999.0 -9999.0 -9999.0 -9999.0 -9999.0 -9999.0 -9999.0 -9999.0 -9999.0 -9999.0 -9999.0 -9999.0 -9999.0 -9999.0 -9999.0 -9999.0 -9999.0 -9999.0 -9999.0 -9999.0 -9999.0 -9999.0 -9999.0 -9999.0 -9999.0 -9999.0 -9999.0 -9999.0 -9999.0 -9999.0 -9999.0 -9999.0 -9999.0 -9999.0 -9999.0 -9999.0 -9999.0 -9999.0 -9999.0 -9999.0 -9999.0 -9999.0 -9999.0 -9999.0 -9999.0 -9999.0 -9999.0 -9999.0 -9999.0 -9999.0 -9999.0 -9999.0 -9999.0 -9999.0 -9999.0 -9999.0 -9999.0 -9999.0 -9999.0 -9999.0 -9999.0 -9999.0 -9999.0 -9999.0 -9999.0 -9999.0 -9999.0 -9999.0 -9999.0 -9999.0 -9999.0 -9999.0 -9999.0 -9999.0 -9999.0 -9999.0 -9999.0 -9999.0 -9999.0 -9999.0 -9999.0 -9999.0 -9999.0 -9999.0 -9999.0 -9999.0 -9999.0 -9999.0 -9999.0 -9999.0 -9999.0 -9999.0 -9999.0 -9999.0 -9999.0 -9999.0 -9999.0 -9999.0 -9999.0 -9999.0 -9999.0 -9999.0 -9999.0 -9999.0