inst/processing_geotop_simulation/geotop_simulation/out/maps3D/PwL0002N0043.asc
ncols         104
nrows         10
xllcorner     -2.000000
yllcorner     0.000000
cellsize      1.000000
NODATA_value  -9999.0
-9999.0 -9999.0 -9999.0 -9999.0 -9999.0 -9999.0 -9999.0 -9999.0 -9999.0 -9999.0 -9999.0 -9999.0 -9999.0 -9999.0 -9999.0 -9999.0 -9999.0 -9999.0 -9999.0 -9999.0 -9999.0 -9999.0 -9999.0 -9999.0 -9999.0 -9999.0 -9999.0 -9999.0 -9999.0 -9999.0 -9999.0 -9999.0 -9999.0 -9999.0 -9999.0 -9999.0 -9999.0 -9999.0 -9999.0 -9999.0 -9999.0 -9999.0 -9999.0 -9999.0 -9999.0 -9999.0 -9999.0 -9999.0 -9999.0 -9999.0 -9999.0 -9999.0 -9999.0 -9999.0 -9999.0 -9999.0 -9999.0 -9999.0 -9999.0 -9999.0 -9999.0 -9999.0 -9999.0 -9999.0 -9999.0 -9999.0 -9999.0 -9999.0 -9999.0 -9999.0 -9999.0 -9999.0 -9999.0 -9999.0 -9999.0 -9999.0 -9999.0 -9999.0 -9999.0 -9999.0 -9999.0 -9999.0 -9999.0 -9999.0 -9999.0 -9999.0 -9999.0 -9999.0 -9999.0 -9999.0 -9999.0 -9999.0 -9999.0 -9999.0 -9999.0 -9999.0 -9999.0 -9999.0 -9999.0 -9999.0 -9999.0 -9999.0 -9999.0 -9999.0
-9999.0 -9999.0 -9999.0 -9999.0 -9999.0 -9999.0 -9999.0 -9999.0 -9999.0 -9999.0 -9999.0 -9999.0 -9999.0 -9999.0 -9999.0 -9999.0 -9999.0 -9999.0 -9999.0 -9999.0 -9999.0 -9999.0 -9999.0 -9999.0 -9999.0 -9999.0 -9999.0 -9999.0 -9999.0 -9999.0 -9999.0 -9999.0 -9999.0 -9999.0 -9999.0 -9999.0 -9999.0 -9999.0 -9999.0 -9999.0 -9999.0 -9999.0 -9999.0 -9999.0 -9999.0 -9999.0 -9999.0 -9999.0 -9999.0 -9999.0 -9999.0 -9999.0 -9999.0 -9999.0 -9999.0 -9999.0 -9999.0 -9999.0 -9999.0 -9999.0 -9999.0 -9999.0 -9999.0 -9999.0 -9999.0 -9999.0 -9999.0 -9999.0 -9999.0 -9999.0 -9999.0 -9999.0 -9999.0 -9999.0 -9999.0 -9999.0 -9999.0 -9999.0 -9999.0 -9999.0 -9999.0 -9999.0 -9999.0 -9999.0 -9999.0 -9999.0 -9999.0 -9999.0 -9999.0 -9999.0 -9999.0 -9999.0 -9999.0 -9999.0 -9999.0 -9999.0 -9999.0 -9999.0 -9999.0 -9999.0 -9999.0 -9999.0 -9999.0 -9999.0
-9999.0 -9999.0 -949.289560 -958.384035 -961.920291 -965.599294 -968.861173 -971.174746 -972.550099 -969.021381 -923.664826 -913.956601 -924.669496 -932.747387 -938.350214 -922.198702 -881.089456 -843.843895 -821.887845 -814.948137 -819.939343 -833.680565 -853.047812 -875.057941 -897.143939 -917.342677 -934.315771 -947.461613 -956.917693 -963.311603 -967.427601 -969.977374 -971.508767 -972.401664 -972.900771 -973.153319 -973.258716 -973.420985 -973.938672 -973.558208 -972.767651 -985.453114 -672.292401 -660.275728 -645.589513 -636.878818 -632.850786 -632.307586 -632.261162 -632.293116 -632.340807 -632.390599 -632.438301 -632.482390 -632.522498 -632.561326 -632.627902 -632.984709 -635.221340 -640.612999 -650.070552 -653.359341 -977.418310 -976.691709 -974.617115 -973.911200 -973.757679 -973.737280 -973.743308 -973.752901 -973.761274 -973.767726 -973.772527 -973.776103 -973.778804 -973.780880 -973.782511 -973.783811 -973.784871 -973.785780 -973.786633 -973.787540 -973.788639 -973.790126 -973.792293 -973.795589 -973.800728 -973.808869 -973.821921 -973.843111 -973.878056 -973.936869 -974.038415 -974.219023 -974.550172 -975.173573 -976.368042 -978.671522 -983.098704 -991.554950 -1007.768906 -1039.581372 -9999.0 -9999.0
-9999.0 -9999.0 -949.289444 -958.383901 -961.920196 -965.599252 -968.861162 -971.174746 -972.550101 -969.021383 -923.664826 -913.956601 -924.669496 -932.747387 -938.350214 -922.198702 -881.089456 -843.843895 -821.887845 -814.948137 -819.939343 -833.680565 -853.047812 -875.057941 -897.143939 -917.342677 -934.315771 -947.461613 -956.917693 -963.311603 -967.427601 -969.977374 -971.508767 -972.401664 -972.900771 -973.153319 -973.258716 -973.420985 -973.938672 -973.558208 -972.767651 -985.453114 -672.292401 -660.275728 -645.589512 -636.878818 -632.850786 -632.307586 -632.261162 -632.293116 -632.340807 -632.390599 -632.438301 -632.482390 -632.522498 -632.561326 -632.627902 -632.984709 -635.221340 -640.612999 -650.070552 -653.359341 -977.418310 -976.691709 -974.617115 -973.911200 -973.757679 -973.737280 -973.743308 -973.752901 -973.761274 -973.767726 -973.772527 -973.776103 -973.778804 -973.780880 -973.782511 -973.783811 -973.784871 -973.785780 -973.786633 -973.787540 -973.788639 -973.790126 -973.792293 -973.795589 -973.800728 -973.808869 -973.821921 -973.843111 -973.878056 -973.936869 -974.038415 -974.219023 -974.550172 -975.173573 -976.368042 -978.671522 -983.098704 -991.554950 -1007.768906 -1039.581372 -9999.0 -9999.0
-9999.0 -9999.0 -949.289395 -958.383832 -961.920135 -965.599222 -968.861154 -971.174746 -972.550103 -969.021384 -923.664827 -913.956601 -924.669496 -932.747387 -938.350214 -922.198702 -881.089456 -843.843895 -821.887845 -814.948137 -819.939343 -833.680565 -853.047812 -875.057941 -897.143939 -917.342677 -934.315771 -947.461613 -956.917693 -963.311603 -967.427601 -969.977374 -971.508767 -972.401664 -972.900771 -973.153319 -973.258716 -973.420985 -973.938672 -973.558208 -972.767651 -985.453114 -672.292401 -660.275728 -645.589512 -636.878818 -632.850786 -632.307586 -632.261162 -632.293116 -632.340807 -632.390599 -632.438301 -632.482390 -632.522498 -632.561326 -632.627902 -632.984709 -635.221340 -640.612999 -650.070552 -653.359341 -977.418310 -976.691709 -974.617115 -973.911200 -973.757679 -973.737280 -973.743308 -973.752901 -973.761274 -973.767726 -973.772527 -973.776103 -973.778804 -973.780880 -973.782511 -973.783811 -973.784871 -973.785780 -973.786633 -973.787540 -973.788639 -973.790126 -973.792293 -973.795589 -973.800728 -973.808869 -973.821921 -973.843111 -973.878056 -973.936869 -974.038415 -974.219023 -974.550172 -975.173573 -976.368042 -978.671522 -983.098704 -991.554950 -1007.768906 -1039.581372 -9999.0 -9999.0
-9999.0 -9999.0 -949.289395 -958.383832 -961.920135 -965.599222 -968.861154 -971.174746 -972.550103 -969.021384 -923.664827 -913.956601 -924.669496 -932.747387 -938.350214 -922.198702 -881.089456 -843.843895 -821.887845 -814.948137 -819.939343 -833.680565 -853.047812 -875.057941 -897.143939 -917.342677 -934.315771 -947.461613 -956.917693 -963.311603 -967.427601 -969.977374 -971.508767 -972.401664 -972.900771 -973.153319 -973.258716 -973.420985 -973.938672 -973.558208 -972.767651 -985.453114 -672.292401 -660.275728 -645.589512 -636.878818 -632.850786 -632.307586 -632.261162 -632.293116 -632.340807 -632.390599 -632.438301 -632.482390 -632.522498 -632.561326 -632.627902 -632.984709 -635.221340 -640.612999 -650.070552 -653.359341 -977.418310 -976.691709 -974.617115 -973.911200 -973.757679 -973.737280 -973.743308 -973.752901 -973.761274 -973.767726 -973.772527 -973.776103 -973.778804 -973.780880 -973.782511 -973.783811 -973.784871 -973.785780 -973.786633 -973.787540 -973.788639 -973.790126 -973.792293 -973.795589 -973.800728 -973.808869 -973.821921 -973.843111 -973.878056 -973.936869 -974.038415 -974.219023 -974.550172 -975.173573 -976.368042 -978.671522 -983.098704 -991.554950 -1007.768906 -1039.581372 -9999.0 -9999.0
-9999.0 -9999.0 -949.289444 -958.383901 -961.920196 -965.599252 -968.861162 -971.174746 -972.550101 -969.021383 -923.664826 -913.956601 -924.669496 -932.747387 -938.350214 -922.198702 -881.089456 -843.843895 -821.887845 -814.948137 -819.939343 -833.680565 -853.047812 -875.057941 -897.143939 -917.342677 -934.315771 -947.461613 -956.917693 -963.311603 -967.427601 -969.977374 -971.508767 -972.401664 -972.900771 -973.153319 -973.258716 -973.420985 -973.938672 -973.558208 -972.767651 -985.453114 -672.292401 -660.275728 -645.589512 -636.878818 -632.850786 -632.307586 -632.261162 -632.293116 -632.340807 -632.390599 -632.438301 -632.482390 -632.522498 -632.561326 -632.627902 -632.984709 -635.221340 -640.612999 -650.070552 -653.359341 -977.418310 -976.691709 -974.617115 -973.911200 -973.757679 -973.737280 -973.743308 -973.752901 -973.761274 -973.767726 -973.772527 -973.776103 -973.778804 -973.780880 -973.782511 -973.783811 -973.784871 -973.785780 -973.786633 -973.787540 -973.788639 -973.790126 -973.792293 -973.795589 -973.800728 -973.808869 -973.821921 -973.843111 -973.878056 -973.936869 -974.038415 -974.219023 -974.550172 -975.173573 -976.368042 -978.671522 -983.098704 -991.554950 -1007.768906 -1039.581372 -9999.0 -9999.0
-9999.0 -9999.0 -949.289560 -958.384035 -961.920291 -965.599294 -968.861173 -971.174746 -972.550099 -969.021381 -923.664826 -913.956601 -924.669496 -932.747387 -938.350214 -922.198702 -881.089456 -843.843895 -821.887845 -814.948137 -819.939343 -833.680565 -853.047812 -875.057941 -897.143939 -917.342677 -934.315771 -947.461613 -956.917693 -963.311603 -967.427601 -969.977374 -971.508767 -972.401664 -972.900771 -973.153319 -973.258716 -973.420985 -973.938672 -973.558208 -972.767651 -985.453114 -672.292401 -660.275728 -645.589513 -636.878818 -632.850786 -632.307586 -632.261162 -632.293116 -632.340807 -632.390599 -632.438301 -632.482390 -632.522498 -632.561326 -632.627902 -632.984709 -635.221340 -640.612999 -650.070552 -653.359341 -977.418310 -976.691709 -974.617115 -973.911200 -973.757679 -973.737280 -973.743308 -973.752901 -973.761274 -973.767726 -973.772527 -973.776103 -973.778804 -973.780880 -973.782511 -973.783811 -973.784871 -973.785780 -973.786633 -973.787540 -973.788639 -973.790126 -973.792293 -973.795589 -973.800728 -973.808869 -973.821921 -973.843111 -973.878056 -973.936869 -974.038415 -974.219023 -974.550172 -975.173573 -976.368042 -978.671522 -983.098704 -991.554950 -1007.768906 -1039.581372 -9999.0 -9999.0
-9999.0 -9999.0 -9999.0 -9999.0 -9999.0 -9999.0 -9999.0 -9999.0 -9999.0 -9999.0 -9999.0 -9999.0 -9999.0 -9999.0 -9999.0 -9999.0 -9999.0 -9999.0 -9999.0 -9999.0 -9999.0 -9999.0 -9999.0 -9999.0 -9999.0 -9999.0 -9999.0 -9999.0 -9999.0 -9999.0 -9999.0 -9999.0 -9999.0 -9999.0 -9999.0 -9999.0 -9999.0 -9999.0 -9999.0 -9999.0 -9999.0 -9999.0 -9999.0 -9999.0 -9999.0 -9999.0 -9999.0 -9999.0 -9999.0 -9999.0 -9999.0 -9999.0 -9999.0 -9999.0 -9999.0 -9999.0 -9999.0 -9999.0 -9999.0 -9999.0 -9999.0 -9999.0 -9999.0 -9999.0 -9999.0 -9999.0 -9999.0 -9999.0 -9999.0 -9999.0 -9999.0 -9999.0 -9999.0 -9999.0 -9999.0 -9999.0 -9999.0 -9999.0 -9999.0 -9999.0 -9999.0 -9999.0 -9999.0 -9999.0 -9999.0 -9999.0 -9999.0 -9999.0 -9999.0 -9999.0 -9999.0 -9999.0 -9999.0 -9999.0 -9999.0 -9999.0 -9999.0 -9999.0 -9999.0 -9999.0 -9999.0 -9999.0 -9999.0 -9999.0
-9999.0 -9999.0 -9999.0 -9999.0 -9999.0 -9999.0 -9999.0 -9999.0 -9999.0 -9999.0 -9999.0 -9999.0 -9999.0 -9999.0 -9999.0 -9999.0 -9999.0 -9999.0 -9999.0 -9999.0 -9999.0 -9999.0 -9999.0 -9999.0 -9999.0 -9999.0 -9999.0 -9999.0 -9999.0 -9999.0 -9999.0 -9999.0 -9999.0 -9999.0 -9999.0 -9999.0 -9999.0 -9999.0 -9999.0 -9999.0 -9999.0 -9999.0 -9999.0 -9999.0 -9999.0 -9999.0 -9999.0 -9999.0 -9999.0 -9999.0 -9999.0 -9999.0 -9999.0 -9999.0 -9999.0 -9999.0 -9999.0 -9999.0 -9999.0 -9999.0 -9999.0 -9999.0 -9999.0 -9999.0 -9999.0 -9999.0 -9999.0 -9999.0 -9999.0 -9999.0 -9999.0 -9999.0 -9999.0 -9999.0 -9999.0 -9999.0 -9999.0 -9999.0 -9999.0 -9999.0 -9999.0 -9999.0 -9999.0 -9999.0 -9999.0 -9999.0 -9999.0 -9999.0 -9999.0 -9999.0 -9999.0 -9999.0 -9999.0 -9999.0 -9999.0 -9999.0 -9999.0 -9999.0 -9999.0 -9999.0 -9999.0 -9999.0 -9999.0 -9999.0