inst/processing_geotop_simulation/geotop_simulation/out/maps3D/PwL0015N0244.asc
ncols         104
nrows         10
xllcorner     -2.000000
yllcorner     0.000000
cellsize      1.000000
NODATA_value  -9999.0
-9999.0 -9999.0 -9999.0 -9999.0 -9999.0 -9999.0 -9999.0 -9999.0 -9999.0 -9999.0 -9999.0 -9999.0 -9999.0 -9999.0 -9999.0 -9999.0 -9999.0 -9999.0 -9999.0 -9999.0 -9999.0 -9999.0 -9999.0 -9999.0 -9999.0 -9999.0 -9999.0 -9999.0 -9999.0 -9999.0 -9999.0 -9999.0 -9999.0 -9999.0 -9999.0 -9999.0 -9999.0 -9999.0 -9999.0 -9999.0 -9999.0 -9999.0 -9999.0 -9999.0 -9999.0 -9999.0 -9999.0 -9999.0 -9999.0 -9999.0 -9999.0 -9999.0 -9999.0 -9999.0 -9999.0 -9999.0 -9999.0 -9999.0 -9999.0 -9999.0 -9999.0 -9999.0 -9999.0 -9999.0 -9999.0 -9999.0 -9999.0 -9999.0 -9999.0 -9999.0 -9999.0 -9999.0 -9999.0 -9999.0 -9999.0 -9999.0 -9999.0 -9999.0 -9999.0 -9999.0 -9999.0 -9999.0 -9999.0 -9999.0 -9999.0 -9999.0 -9999.0 -9999.0 -9999.0 -9999.0 -9999.0 -9999.0 -9999.0 -9999.0 -9999.0 -9999.0 -9999.0 -9999.0 -9999.0 -9999.0 -9999.0 -9999.0 -9999.0 -9999.0
-9999.0 -9999.0 -9999.0 -9999.0 -9999.0 -9999.0 -9999.0 -9999.0 -9999.0 -9999.0 -9999.0 -9999.0 -9999.0 -9999.0 -9999.0 -9999.0 -9999.0 -9999.0 -9999.0 -9999.0 -9999.0 -9999.0 -9999.0 -9999.0 -9999.0 -9999.0 -9999.0 -9999.0 -9999.0 -9999.0 -9999.0 -9999.0 -9999.0 -9999.0 -9999.0 -9999.0 -9999.0 -9999.0 -9999.0 -9999.0 -9999.0 -9999.0 -9999.0 -9999.0 -9999.0 -9999.0 -9999.0 -9999.0 -9999.0 -9999.0 -9999.0 -9999.0 -9999.0 -9999.0 -9999.0 -9999.0 -9999.0 -9999.0 -9999.0 -9999.0 -9999.0 -9999.0 -9999.0 -9999.0 -9999.0 -9999.0 -9999.0 -9999.0 -9999.0 -9999.0 -9999.0 -9999.0 -9999.0 -9999.0 -9999.0 -9999.0 -9999.0 -9999.0 -9999.0 -9999.0 -9999.0 -9999.0 -9999.0 -9999.0 -9999.0 -9999.0 -9999.0 -9999.0 -9999.0 -9999.0 -9999.0 -9999.0 -9999.0 -9999.0 -9999.0 -9999.0 -9999.0 -9999.0 -9999.0 -9999.0 -9999.0 -9999.0 -9999.0 -9999.0
-9999.0 -9999.0 725.024495 628.045905 530.488776 432.499466 334.302998 236.016795 137.700432 39.385652 -58.903041 -157.156563 -255.345947 -353.400358 -451.184666 -548.490697 -644.954650 -740.964811 -837.112853 -932.682143 -1027.415508 -1117.828653 -1198.883760 -1270.069715 -1329.810675 -1377.806388 -1414.881543 -1442.569918 -1462.671778 -1476.930203 -1486.855102 -1493.660956 -1498.274202 -1501.374270 -1503.445200 -1504.826600 -1505.763377 -1506.481816 -1507.450969 -1510.470263 -1522.351579 -1570.634015 -2013.709055 -4190.535892 -4232.661897 -4232.652819 -4232.641353 -4232.639481 -4232.639287 -4232.639307 -4232.639358 -4232.639411 -4232.639462 -4232.639509 -4232.639552 -4232.639600 -4232.639741 -4232.640762 -4232.647351 -4232.650885 -4162.506028 -1872.237868 -1533.998447 -1514.824750 -1509.183734 -1507.927056 -1507.705973 -1507.671048 -1507.666180 -1507.666116 -1507.666747 -1507.667364 -1507.667860 -1507.668243 -1507.668539 -1507.668772 -1507.668958 -1507.669111 -1507.669240 -1507.669356 -1507.669471 -1507.669599 -1507.669757 -1507.669974 -1507.670292 -1507.670775 -1507.671532 -1507.672741 -1507.674706 -1507.677967 -1507.683506 -1507.693177 -1507.710575 -1507.742837 -1507.804405 -1507.925319 -1508.171028 -1508.694319 -1509.880026 -1512.770824 -1520.505844 -1544.545260 -9999.0 -9999.0
-9999.0 -9999.0 725.028901 628.047379 530.489223 432.499607 334.303045 236.016810 137.700438 39.385654 -58.903041 -157.156562 -255.345947 -353.400358 -451.184666 -548.490697 -644.954650 -740.964812 -837.112854 -932.682143 -1027.415508 -1117.828653 -1198.883760 -1270.069715 -1329.810675 -1377.806389 -1414.881543 -1442.569918 -1462.671778 -1476.930203 -1486.855102 -1493.660956 -1498.274202 -1501.374270 -1503.445200 -1504.826600 -1505.763377 -1506.481816 -1507.450969 -1510.470263 -1522.351579 -1570.634015 -2013.709055 -4190.535892 -4232.661897 -4232.652819 -4232.641353 -4232.639481 -4232.639287 -4232.639307 -4232.639358 -4232.639411 -4232.639462 -4232.639509 -4232.639552 -4232.639600 -4232.639741 -4232.640762 -4232.647351 -4232.650885 -4162.506028 -1872.237868 -1533.998447 -1514.824750 -1509.183734 -1507.927056 -1507.705973 -1507.671048 -1507.666180 -1507.666116 -1507.666747 -1507.667364 -1507.667860 -1507.668243 -1507.668539 -1507.668772 -1507.668958 -1507.669111 -1507.669240 -1507.669356 -1507.669471 -1507.669599 -1507.669757 -1507.669974 -1507.670292 -1507.670775 -1507.671532 -1507.672741 -1507.674706 -1507.677967 -1507.683506 -1507.693177 -1507.710575 -1507.742837 -1507.804405 -1507.925319 -1508.171028 -1508.694319 -1509.880026 -1512.770824 -1520.505844 -1544.545260 -9999.0 -9999.0
-9999.0 -9999.0 725.030289 628.048107 530.489523 432.499719 334.303085 236.016825 137.700443 39.385656 -58.903040 -157.156562 -255.345947 -353.400358 -451.184666 -548.490697 -644.954650 -740.964812 -837.112854 -932.682143 -1027.415508 -1117.828654 -1198.883760 -1270.069715 -1329.810675 -1377.806389 -1414.881543 -1442.569918 -1462.671778 -1476.930203 -1486.855102 -1493.660956 -1498.274202 -1501.374270 -1503.445200 -1504.826600 -1505.763377 -1506.481816 -1507.450969 -1510.470263 -1522.351579 -1570.634015 -2013.709055 -4190.535892 -4232.661897 -4232.652819 -4232.641353 -4232.639481 -4232.639287 -4232.639307 -4232.639358 -4232.639411 -4232.639462 -4232.639509 -4232.639552 -4232.639600 -4232.639741 -4232.640762 -4232.647351 -4232.650885 -4162.506028 -1872.237868 -1533.998447 -1514.824750 -1509.183734 -1507.927056 -1507.705973 -1507.671048 -1507.666180 -1507.666116 -1507.666747 -1507.667364 -1507.667860 -1507.668243 -1507.668539 -1507.668772 -1507.668958 -1507.669111 -1507.669240 -1507.669356 -1507.669471 -1507.669599 -1507.669757 -1507.669974 -1507.670292 -1507.670775 -1507.671532 -1507.672741 -1507.674706 -1507.677967 -1507.683506 -1507.693177 -1507.710575 -1507.742837 -1507.804405 -1507.925319 -1508.171028 -1508.694319 -1509.880026 -1512.770824 -1520.505844 -1544.545260 -9999.0 -9999.0
-9999.0 -9999.0 725.030289 628.048107 530.489523 432.499719 334.303085 236.016825 137.700443 39.385656 -58.903040 -157.156562 -255.345947 -353.400358 -451.184666 -548.490697 -644.954650 -740.964812 -837.112854 -932.682143 -1027.415508 -1117.828654 -1198.883760 -1270.069715 -1329.810675 -1377.806389 -1414.881543 -1442.569918 -1462.671778 -1476.930203 -1486.855102 -1493.660956 -1498.274202 -1501.374270 -1503.445200 -1504.826600 -1505.763377 -1506.481816 -1507.450969 -1510.470263 -1522.351579 -1570.634015 -2013.709055 -4190.535892 -4232.661897 -4232.652819 -4232.641353 -4232.639481 -4232.639287 -4232.639307 -4232.639358 -4232.639411 -4232.639462 -4232.639509 -4232.639552 -4232.639600 -4232.639741 -4232.640762 -4232.647351 -4232.650885 -4162.506028 -1872.237868 -1533.998447 -1514.824750 -1509.183734 -1507.927056 -1507.705973 -1507.671048 -1507.666180 -1507.666116 -1507.666747 -1507.667364 -1507.667860 -1507.668243 -1507.668539 -1507.668772 -1507.668958 -1507.669111 -1507.669240 -1507.669356 -1507.669471 -1507.669599 -1507.669757 -1507.669974 -1507.670292 -1507.670775 -1507.671532 -1507.672741 -1507.674706 -1507.677967 -1507.683506 -1507.693177 -1507.710575 -1507.742837 -1507.804405 -1507.925319 -1508.171028 -1508.694319 -1509.880026 -1512.770824 -1520.505844 -1544.545260 -9999.0 -9999.0
-9999.0 -9999.0 725.028901 628.047379 530.489223 432.499607 334.303045 236.016810 137.700438 39.385654 -58.903041 -157.156562 -255.345947 -353.400358 -451.184666 -548.490697 -644.954650 -740.964812 -837.112854 -932.682143 -1027.415508 -1117.828653 -1198.883760 -1270.069715 -1329.810675 -1377.806389 -1414.881543 -1442.569918 -1462.671778 -1476.930203 -1486.855102 -1493.660956 -1498.274202 -1501.374270 -1503.445200 -1504.826600 -1505.763377 -1506.481816 -1507.450969 -1510.470263 -1522.351579 -1570.634015 -2013.709055 -4190.535892 -4232.661897 -4232.652819 -4232.641353 -4232.639481 -4232.639287 -4232.639307 -4232.639358 -4232.639411 -4232.639462 -4232.639509 -4232.639552 -4232.639600 -4232.639741 -4232.640762 -4232.647351 -4232.650885 -4162.506028 -1872.237868 -1533.998447 -1514.824750 -1509.183734 -1507.927056 -1507.705973 -1507.671048 -1507.666180 -1507.666116 -1507.666747 -1507.667364 -1507.667860 -1507.668243 -1507.668539 -1507.668772 -1507.668958 -1507.669111 -1507.669240 -1507.669356 -1507.669471 -1507.669599 -1507.669757 -1507.669974 -1507.670292 -1507.670775 -1507.671532 -1507.672741 -1507.674706 -1507.677967 -1507.683506 -1507.693177 -1507.710575 -1507.742837 -1507.804405 -1507.925319 -1508.171028 -1508.694319 -1509.880026 -1512.770824 -1520.505844 -1544.545260 -9999.0 -9999.0
-9999.0 -9999.0 725.024495 628.045905 530.488776 432.499466 334.302999 236.016795 137.700432 39.385652 -58.903041 -157.156563 -255.345947 -353.400358 -451.184666 -548.490696 -644.954650 -740.964811 -837.112853 -932.682143 -1027.415508 -1117.828653 -1198.883760 -1270.069715 -1329.810675 -1377.806388 -1414.881543 -1442.569918 -1462.671778 -1476.930203 -1486.855102 -1493.660956 -1498.274202 -1501.374270 -1503.445200 -1504.826600 -1505.763377 -1506.481816 -1507.450969 -1510.470263 -1522.351579 -1570.634015 -2013.709055 -4190.535892 -4232.661897 -4232.652819 -4232.641353 -4232.639481 -4232.639287 -4232.639307 -4232.639358 -4232.639411 -4232.639462 -4232.639509 -4232.639552 -4232.639600 -4232.639741 -4232.640762 -4232.647351 -4232.650885 -4162.506028 -1872.237868 -1533.998447 -1514.824750 -1509.183734 -1507.927056 -1507.705973 -1507.671048 -1507.666180 -1507.666116 -1507.666747 -1507.667364 -1507.667860 -1507.668243 -1507.668539 -1507.668772 -1507.668958 -1507.669111 -1507.669240 -1507.669356 -1507.669471 -1507.669599 -1507.669757 -1507.669974 -1507.670292 -1507.670775 -1507.671532 -1507.672741 -1507.674706 -1507.677967 -1507.683506 -1507.693177 -1507.710575 -1507.742837 -1507.804405 -1507.925319 -1508.171028 -1508.694319 -1509.880026 -1512.770824 -1520.505844 -1544.545260 -9999.0 -9999.0
-9999.0 -9999.0 -9999.0 -9999.0 -9999.0 -9999.0 -9999.0 -9999.0 -9999.0 -9999.0 -9999.0 -9999.0 -9999.0 -9999.0 -9999.0 -9999.0 -9999.0 -9999.0 -9999.0 -9999.0 -9999.0 -9999.0 -9999.0 -9999.0 -9999.0 -9999.0 -9999.0 -9999.0 -9999.0 -9999.0 -9999.0 -9999.0 -9999.0 -9999.0 -9999.0 -9999.0 -9999.0 -9999.0 -9999.0 -9999.0 -9999.0 -9999.0 -9999.0 -9999.0 -9999.0 -9999.0 -9999.0 -9999.0 -9999.0 -9999.0 -9999.0 -9999.0 -9999.0 -9999.0 -9999.0 -9999.0 -9999.0 -9999.0 -9999.0 -9999.0 -9999.0 -9999.0 -9999.0 -9999.0 -9999.0 -9999.0 -9999.0 -9999.0 -9999.0 -9999.0 -9999.0 -9999.0 -9999.0 -9999.0 -9999.0 -9999.0 -9999.0 -9999.0 -9999.0 -9999.0 -9999.0 -9999.0 -9999.0 -9999.0 -9999.0 -9999.0 -9999.0 -9999.0 -9999.0 -9999.0 -9999.0 -9999.0 -9999.0 -9999.0 -9999.0 -9999.0 -9999.0 -9999.0 -9999.0 -9999.0 -9999.0 -9999.0 -9999.0 -9999.0
-9999.0 -9999.0 -9999.0 -9999.0 -9999.0 -9999.0 -9999.0 -9999.0 -9999.0 -9999.0 -9999.0 -9999.0 -9999.0 -9999.0 -9999.0 -9999.0 -9999.0 -9999.0 -9999.0 -9999.0 -9999.0 -9999.0 -9999.0 -9999.0 -9999.0 -9999.0 -9999.0 -9999.0 -9999.0 -9999.0 -9999.0 -9999.0 -9999.0 -9999.0 -9999.0 -9999.0 -9999.0 -9999.0 -9999.0 -9999.0 -9999.0 -9999.0 -9999.0 -9999.0 -9999.0 -9999.0 -9999.0 -9999.0 -9999.0 -9999.0 -9999.0 -9999.0 -9999.0 -9999.0 -9999.0 -9999.0 -9999.0 -9999.0 -9999.0 -9999.0 -9999.0 -9999.0 -9999.0 -9999.0 -9999.0 -9999.0 -9999.0 -9999.0 -9999.0 -9999.0 -9999.0 -9999.0 -9999.0 -9999.0 -9999.0 -9999.0 -9999.0 -9999.0 -9999.0 -9999.0 -9999.0 -9999.0 -9999.0 -9999.0 -9999.0 -9999.0 -9999.0 -9999.0 -9999.0 -9999.0 -9999.0 -9999.0 -9999.0 -9999.0 -9999.0 -9999.0 -9999.0 -9999.0 -9999.0 -9999.0 -9999.0 -9999.0 -9999.0 -9999.0