inst/processing_geotop_simulation/geotop_simulation/out/maps3D/PwL0009N0228.asc
ncols         104
nrows         10
xllcorner     -2.000000
yllcorner     0.000000
cellsize      1.000000
NODATA_value  -9999.0
-9999.0 -9999.0 -9999.0 -9999.0 -9999.0 -9999.0 -9999.0 -9999.0 -9999.0 -9999.0 -9999.0 -9999.0 -9999.0 -9999.0 -9999.0 -9999.0 -9999.0 -9999.0 -9999.0 -9999.0 -9999.0 -9999.0 -9999.0 -9999.0 -9999.0 -9999.0 -9999.0 -9999.0 -9999.0 -9999.0 -9999.0 -9999.0 -9999.0 -9999.0 -9999.0 -9999.0 -9999.0 -9999.0 -9999.0 -9999.0 -9999.0 -9999.0 -9999.0 -9999.0 -9999.0 -9999.0 -9999.0 -9999.0 -9999.0 -9999.0 -9999.0 -9999.0 -9999.0 -9999.0 -9999.0 -9999.0 -9999.0 -9999.0 -9999.0 -9999.0 -9999.0 -9999.0 -9999.0 -9999.0 -9999.0 -9999.0 -9999.0 -9999.0 -9999.0 -9999.0 -9999.0 -9999.0 -9999.0 -9999.0 -9999.0 -9999.0 -9999.0 -9999.0 -9999.0 -9999.0 -9999.0 -9999.0 -9999.0 -9999.0 -9999.0 -9999.0 -9999.0 -9999.0 -9999.0 -9999.0 -9999.0 -9999.0 -9999.0 -9999.0 -9999.0 -9999.0 -9999.0 -9999.0 -9999.0 -9999.0 -9999.0 -9999.0 -9999.0 -9999.0
-9999.0 -9999.0 -9999.0 -9999.0 -9999.0 -9999.0 -9999.0 -9999.0 -9999.0 -9999.0 -9999.0 -9999.0 -9999.0 -9999.0 -9999.0 -9999.0 -9999.0 -9999.0 -9999.0 -9999.0 -9999.0 -9999.0 -9999.0 -9999.0 -9999.0 -9999.0 -9999.0 -9999.0 -9999.0 -9999.0 -9999.0 -9999.0 -9999.0 -9999.0 -9999.0 -9999.0 -9999.0 -9999.0 -9999.0 -9999.0 -9999.0 -9999.0 -9999.0 -9999.0 -9999.0 -9999.0 -9999.0 -9999.0 -9999.0 -9999.0 -9999.0 -9999.0 -9999.0 -9999.0 -9999.0 -9999.0 -9999.0 -9999.0 -9999.0 -9999.0 -9999.0 -9999.0 -9999.0 -9999.0 -9999.0 -9999.0 -9999.0 -9999.0 -9999.0 -9999.0 -9999.0 -9999.0 -9999.0 -9999.0 -9999.0 -9999.0 -9999.0 -9999.0 -9999.0 -9999.0 -9999.0 -9999.0 -9999.0 -9999.0 -9999.0 -9999.0 -9999.0 -9999.0 -9999.0 -9999.0 -9999.0 -9999.0 -9999.0 -9999.0 -9999.0 -9999.0 -9999.0 -9999.0 -9999.0 -9999.0 -9999.0 -9999.0 -9999.0 -9999.0
-9999.0 -9999.0 427.372118 332.002212 235.049998 137.413491 39.492848 -58.537863 -156.603804 -254.654218 -352.629290 -450.423447 -547.806821 -644.315019 -740.230861 -836.378613 -932.150945 -1027.627135 -1121.384193 -1211.014480 -1294.617173 -1368.415662 -1429.775784 -1478.100445 -1514.515182 -1541.052353 -1559.922312 -1573.094422 -1582.152264 -1588.300468 -1592.426460 -1595.168647 -1596.976916 -1598.162333 -1598.936635 -1599.444020 -1599.790144 -1600.090614 -1600.672019 -1602.998582 -1612.191338 -1630.381649 -1277.835633 -1425.971410 -1374.797760 -1343.714405 -1329.569425 -1327.684081 -1327.492312 -1327.512957 -1327.563954 -1327.618586 -1327.671040 -1327.719585 -1327.764498 -1327.815512 -1327.968191 -1329.037634 -1336.319112 -1352.954081 -1377.474052 -1210.492400 -1600.713391 -1605.903619 -1601.741235 -1600.697402 -1600.517117 -1600.489056 -1600.485290 -1600.485469 -1600.486200 -1600.486878 -1600.487415 -1600.487826 -1600.488141 -1600.488386 -1600.488581 -1600.488738 -1600.488870 -1600.488988 -1600.489103 -1600.489232 -1600.489394 -1600.489619 -1600.489951 -1600.490461 -1600.491264 -1600.492551 -1600.494643 -1600.498111 -1600.503988 -1600.514215 -1600.532542 -1600.566379 -1600.630605 -1600.755687 -1601.006293 -1601.528533 -1602.680484 -1605.420157 -1612.656159 -1635.451027 -9999.0 -9999.0
-9999.0 -9999.0 427.379116 332.004076 235.050509 137.413645 39.492897 -58.537846 -156.603798 -254.654216 -352.629289 -450.423446 -547.806821 -644.315018 -740.230861 -836.378613 -932.150945 -1027.627135 -1121.384194 -1211.014480 -1294.617173 -1368.415662 -1429.775784 -1478.100445 -1514.515182 -1541.052354 -1559.922312 -1573.094422 -1582.152264 -1588.300468 -1592.426460 -1595.168647 -1596.976916 -1598.162333 -1598.936635 -1599.444020 -1599.790144 -1600.090614 -1600.672019 -1602.998582 -1612.191338 -1630.381649 -1277.835633 -1425.971410 -1374.797759 -1343.714405 -1329.569425 -1327.684081 -1327.492312 -1327.512957 -1327.563954 -1327.618586 -1327.671040 -1327.719585 -1327.764498 -1327.815512 -1327.968191 -1329.037634 -1336.319112 -1352.954081 -1377.474052 -1210.492400 -1600.713391 -1605.903619 -1601.741235 -1600.697402 -1600.517117 -1600.489056 -1600.485290 -1600.485469 -1600.486200 -1600.486878 -1600.487415 -1600.487826 -1600.488141 -1600.488386 -1600.488581 -1600.488738 -1600.488870 -1600.488988 -1600.489103 -1600.489232 -1600.489394 -1600.489619 -1600.489951 -1600.490461 -1600.491264 -1600.492551 -1600.494643 -1600.498111 -1600.503988 -1600.514215 -1600.532542 -1600.566379 -1600.630605 -1600.755687 -1601.006293 -1601.528533 -1602.680484 -1605.420157 -1612.656159 -1635.451027 -9999.0 -9999.0
-9999.0 -9999.0 427.380664 332.004896 235.050837 137.413765 39.492940 -58.537831 -156.603792 -254.654214 -352.629288 -450.423446 -547.806821 -644.315018 -740.230861 -836.378613 -932.150945 -1027.627135 -1121.384194 -1211.014480 -1294.617173 -1368.415662 -1429.775785 -1478.100445 -1514.515182 -1541.052354 -1559.922312 -1573.094422 -1582.152264 -1588.300468 -1592.426460 -1595.168647 -1596.976916 -1598.162333 -1598.936635 -1599.444020 -1599.790144 -1600.090614 -1600.672019 -1602.998582 -1612.191338 -1630.381649 -1277.835633 -1425.971410 -1374.797759 -1343.714404 -1329.569425 -1327.684081 -1327.492312 -1327.512957 -1327.563954 -1327.618586 -1327.671040 -1327.719585 -1327.764498 -1327.815512 -1327.968191 -1329.037634 -1336.319112 -1352.954081 -1377.474052 -1210.492400 -1600.713391 -1605.903619 -1601.741235 -1600.697402 -1600.517117 -1600.489056 -1600.485290 -1600.485469 -1600.486200 -1600.486878 -1600.487415 -1600.487826 -1600.488141 -1600.488386 -1600.488581 -1600.488738 -1600.488870 -1600.488988 -1600.489103 -1600.489232 -1600.489394 -1600.489619 -1600.489951 -1600.490461 -1600.491264 -1600.492551 -1600.494643 -1600.498111 -1600.503988 -1600.514215 -1600.532542 -1600.566379 -1600.630605 -1600.755687 -1601.006293 -1601.528533 -1602.680484 -1605.420157 -1612.656159 -1635.451027 -9999.0 -9999.0
-9999.0 -9999.0 427.380664 332.004896 235.050837 137.413765 39.492940 -58.537831 -156.603792 -254.654213 -352.629288 -450.423446 -547.806821 -644.315018 -740.230861 -836.378613 -932.150945 -1027.627135 -1121.384194 -1211.014480 -1294.617173 -1368.415662 -1429.775785 -1478.100445 -1514.515182 -1541.052354 -1559.922312 -1573.094422 -1582.152264 -1588.300468 -1592.426460 -1595.168647 -1596.976916 -1598.162333 -1598.936635 -1599.444020 -1599.790144 -1600.090614 -1600.672019 -1602.998582 -1612.191338 -1630.381649 -1277.835633 -1425.971410 -1374.797759 -1343.714404 -1329.569425 -1327.684081 -1327.492312 -1327.512957 -1327.563954 -1327.618586 -1327.671040 -1327.719585 -1327.764498 -1327.815512 -1327.968191 -1329.037634 -1336.319112 -1352.954081 -1377.474052 -1210.492400 -1600.713391 -1605.903619 -1601.741235 -1600.697402 -1600.517117 -1600.489056 -1600.485290 -1600.485469 -1600.486200 -1600.486878 -1600.487415 -1600.487826 -1600.488141 -1600.488386 -1600.488581 -1600.488738 -1600.488870 -1600.488988 -1600.489103 -1600.489232 -1600.489394 -1600.489619 -1600.489951 -1600.490461 -1600.491264 -1600.492551 -1600.494643 -1600.498111 -1600.503988 -1600.514215 -1600.532542 -1600.566379 -1600.630605 -1600.755687 -1601.006293 -1601.528533 -1602.680484 -1605.420157 -1612.656159 -1635.451027 -9999.0 -9999.0
-9999.0 -9999.0 427.379116 332.004076 235.050509 137.413645 39.492897 -58.537846 -156.603798 -254.654216 -352.629289 -450.423446 -547.806821 -644.315018 -740.230861 -836.378613 -932.150945 -1027.627135 -1121.384194 -1211.014480 -1294.617173 -1368.415662 -1429.775784 -1478.100445 -1514.515182 -1541.052354 -1559.922312 -1573.094422 -1582.152264 -1588.300468 -1592.426460 -1595.168647 -1596.976916 -1598.162333 -1598.936635 -1599.444020 -1599.790144 -1600.090614 -1600.672019 -1602.998582 -1612.191338 -1630.381649 -1277.835633 -1425.971410 -1374.797759 -1343.714405 -1329.569425 -1327.684081 -1327.492312 -1327.512957 -1327.563954 -1327.618586 -1327.671040 -1327.719585 -1327.764498 -1327.815512 -1327.968191 -1329.037634 -1336.319112 -1352.954081 -1377.474052 -1210.492400 -1600.713391 -1605.903619 -1601.741235 -1600.697402 -1600.517117 -1600.489056 -1600.485290 -1600.485469 -1600.486200 -1600.486878 -1600.487415 -1600.487826 -1600.488141 -1600.488386 -1600.488581 -1600.488738 -1600.488870 -1600.488988 -1600.489103 -1600.489232 -1600.489394 -1600.489619 -1600.489951 -1600.490461 -1600.491264 -1600.492551 -1600.494643 -1600.498111 -1600.503988 -1600.514215 -1600.532542 -1600.566379 -1600.630605 -1600.755687 -1601.006293 -1601.528533 -1602.680484 -1605.420157 -1612.656159 -1635.451027 -9999.0 -9999.0
-9999.0 -9999.0 427.372118 332.002212 235.049998 137.413491 39.492848 -58.537863 -156.603804 -254.654218 -352.629290 -450.423447 -547.806821 -644.315018 -740.230861 -836.378613 -932.150945 -1027.627135 -1121.384193 -1211.014480 -1294.617173 -1368.415662 -1429.775784 -1478.100445 -1514.515182 -1541.052353 -1559.922312 -1573.094422 -1582.152264 -1588.300468 -1592.426460 -1595.168647 -1596.976916 -1598.162333 -1598.936635 -1599.444020 -1599.790144 -1600.090614 -1600.672019 -1602.998582 -1612.191338 -1630.381649 -1277.835633 -1425.971410 -1374.797760 -1343.714405 -1329.569425 -1327.684081 -1327.492312 -1327.512957 -1327.563954 -1327.618586 -1327.671040 -1327.719585 -1327.764498 -1327.815512 -1327.968191 -1329.037634 -1336.319112 -1352.954081 -1377.474052 -1210.492400 -1600.713391 -1605.903619 -1601.741235 -1600.697402 -1600.517117 -1600.489056 -1600.485290 -1600.485469 -1600.486200 -1600.486878 -1600.487415 -1600.487826 -1600.488141 -1600.488386 -1600.488581 -1600.488738 -1600.488870 -1600.488988 -1600.489103 -1600.489232 -1600.489394 -1600.489619 -1600.489951 -1600.490461 -1600.491264 -1600.492551 -1600.494643 -1600.498111 -1600.503988 -1600.514215 -1600.532542 -1600.566379 -1600.630605 -1600.755687 -1601.006293 -1601.528533 -1602.680484 -1605.420157 -1612.656159 -1635.451027 -9999.0 -9999.0
-9999.0 -9999.0 -9999.0 -9999.0 -9999.0 -9999.0 -9999.0 -9999.0 -9999.0 -9999.0 -9999.0 -9999.0 -9999.0 -9999.0 -9999.0 -9999.0 -9999.0 -9999.0 -9999.0 -9999.0 -9999.0 -9999.0 -9999.0 -9999.0 -9999.0 -9999.0 -9999.0 -9999.0 -9999.0 -9999.0 -9999.0 -9999.0 -9999.0 -9999.0 -9999.0 -9999.0 -9999.0 -9999.0 -9999.0 -9999.0 -9999.0 -9999.0 -9999.0 -9999.0 -9999.0 -9999.0 -9999.0 -9999.0 -9999.0 -9999.0 -9999.0 -9999.0 -9999.0 -9999.0 -9999.0 -9999.0 -9999.0 -9999.0 -9999.0 -9999.0 -9999.0 -9999.0 -9999.0 -9999.0 -9999.0 -9999.0 -9999.0 -9999.0 -9999.0 -9999.0 -9999.0 -9999.0 -9999.0 -9999.0 -9999.0 -9999.0 -9999.0 -9999.0 -9999.0 -9999.0 -9999.0 -9999.0 -9999.0 -9999.0 -9999.0 -9999.0 -9999.0 -9999.0 -9999.0 -9999.0 -9999.0 -9999.0 -9999.0 -9999.0 -9999.0 -9999.0 -9999.0 -9999.0 -9999.0 -9999.0 -9999.0 -9999.0 -9999.0 -9999.0
-9999.0 -9999.0 -9999.0 -9999.0 -9999.0 -9999.0 -9999.0 -9999.0 -9999.0 -9999.0 -9999.0 -9999.0 -9999.0 -9999.0 -9999.0 -9999.0 -9999.0 -9999.0 -9999.0 -9999.0 -9999.0 -9999.0 -9999.0 -9999.0 -9999.0 -9999.0 -9999.0 -9999.0 -9999.0 -9999.0 -9999.0 -9999.0 -9999.0 -9999.0 -9999.0 -9999.0 -9999.0 -9999.0 -9999.0 -9999.0 -9999.0 -9999.0 -9999.0 -9999.0 -9999.0 -9999.0 -9999.0 -9999.0 -9999.0 -9999.0 -9999.0 -9999.0 -9999.0 -9999.0 -9999.0 -9999.0 -9999.0 -9999.0 -9999.0 -9999.0 -9999.0 -9999.0 -9999.0 -9999.0 -9999.0 -9999.0 -9999.0 -9999.0 -9999.0 -9999.0 -9999.0 -9999.0 -9999.0 -9999.0 -9999.0 -9999.0 -9999.0 -9999.0 -9999.0 -9999.0 -9999.0 -9999.0 -9999.0 -9999.0 -9999.0 -9999.0 -9999.0 -9999.0 -9999.0 -9999.0 -9999.0 -9999.0 -9999.0 -9999.0 -9999.0 -9999.0 -9999.0 -9999.0 -9999.0 -9999.0 -9999.0 -9999.0 -9999.0 -9999.0