inst/processing_geotop_simulation/geotop_simulation/out/maps3D/PwL0005N0263.asc
ncols         104
nrows         10
xllcorner     -2.000000
yllcorner     0.000000
cellsize      1.000000
NODATA_value  -9999.0
-9999.0 -9999.0 -9999.0 -9999.0 -9999.0 -9999.0 -9999.0 -9999.0 -9999.0 -9999.0 -9999.0 -9999.0 -9999.0 -9999.0 -9999.0 -9999.0 -9999.0 -9999.0 -9999.0 -9999.0 -9999.0 -9999.0 -9999.0 -9999.0 -9999.0 -9999.0 -9999.0 -9999.0 -9999.0 -9999.0 -9999.0 -9999.0 -9999.0 -9999.0 -9999.0 -9999.0 -9999.0 -9999.0 -9999.0 -9999.0 -9999.0 -9999.0 -9999.0 -9999.0 -9999.0 -9999.0 -9999.0 -9999.0 -9999.0 -9999.0 -9999.0 -9999.0 -9999.0 -9999.0 -9999.0 -9999.0 -9999.0 -9999.0 -9999.0 -9999.0 -9999.0 -9999.0 -9999.0 -9999.0 -9999.0 -9999.0 -9999.0 -9999.0 -9999.0 -9999.0 -9999.0 -9999.0 -9999.0 -9999.0 -9999.0 -9999.0 -9999.0 -9999.0 -9999.0 -9999.0 -9999.0 -9999.0 -9999.0 -9999.0 -9999.0 -9999.0 -9999.0 -9999.0 -9999.0 -9999.0 -9999.0 -9999.0 -9999.0 -9999.0 -9999.0 -9999.0 -9999.0 -9999.0 -9999.0 -9999.0 -9999.0 -9999.0 -9999.0 -9999.0
-9999.0 -9999.0 -9999.0 -9999.0 -9999.0 -9999.0 -9999.0 -9999.0 -9999.0 -9999.0 -9999.0 -9999.0 -9999.0 -9999.0 -9999.0 -9999.0 -9999.0 -9999.0 -9999.0 -9999.0 -9999.0 -9999.0 -9999.0 -9999.0 -9999.0 -9999.0 -9999.0 -9999.0 -9999.0 -9999.0 -9999.0 -9999.0 -9999.0 -9999.0 -9999.0 -9999.0 -9999.0 -9999.0 -9999.0 -9999.0 -9999.0 -9999.0 -9999.0 -9999.0 -9999.0 -9999.0 -9999.0 -9999.0 -9999.0 -9999.0 -9999.0 -9999.0 -9999.0 -9999.0 -9999.0 -9999.0 -9999.0 -9999.0 -9999.0 -9999.0 -9999.0 -9999.0 -9999.0 -9999.0 -9999.0 -9999.0 -9999.0 -9999.0 -9999.0 -9999.0 -9999.0 -9999.0 -9999.0 -9999.0 -9999.0 -9999.0 -9999.0 -9999.0 -9999.0 -9999.0 -9999.0 -9999.0 -9999.0 -9999.0 -9999.0 -9999.0 -9999.0 -9999.0 -9999.0 -9999.0 -9999.0 -9999.0 -9999.0 -9999.0 -9999.0 -9999.0 -9999.0 -9999.0 -9999.0 -9999.0 -9999.0 -9999.0 -9999.0 -9999.0
-9999.0 -9999.0 226.791142 131.150597 33.576273 -64.594033 -162.995475 -261.486257 -359.986320 -458.440089 -556.762810 -654.737754 -752.236629 -849.388391 -946.275952 -1043.229509 -1139.506343 -1233.878415 -1325.985971 -1414.580370 -1496.627402 -1568.175221 -1626.618741 -1671.727879 -1705.082196 -1729.017291 -1745.848560 -1757.515008 -1765.508535 -1770.929321 -1774.571075 -1776.997484 -1778.603058 -1779.659874 -1780.353273 -1780.810098 -1781.125152 -1781.409976 -1781.993323 -1784.211752 -1790.934200 -1774.216001 -1129.403976 -1144.360641 -1128.752119 -1118.715883 -1114.025564 -1113.338978 -1113.266859 -1113.274643 -1113.294037 -1113.314852 -1113.334851 -1113.353368 -1113.370535 -1113.390328 -1113.450676 -1113.857144 -1116.338233 -1121.890638 -1129.758032 -1103.913783 -1749.407851 -1784.985059 -1782.908901 -1781.969538 -1781.787214 -1781.757687 -1781.753588 -1781.753636 -1781.754278 -1781.754890 -1781.755376 -1781.755750 -1781.756036 -1781.756258 -1781.756435 -1781.756578 -1781.756698 -1781.756805 -1781.756911 -1781.757028 -1781.757177 -1781.757383 -1781.757689 -1781.758158 -1781.758897 -1781.760081 -1781.762010 -1781.765209 -1781.770639 -1781.780103 -1781.797093 -1781.828510 -1781.888232 -1782.004734 -1782.238685 -1782.727827 -1783.811883 -1786.412846 -1793.411846 -1816.045972 -9999.0 -9999.0
-9999.0 -9999.0 226.800363 131.152603 33.576790 -64.593882 -162.995427 -261.486240 -359.986314 -458.440087 -556.762809 -654.737753 -752.236628 -849.388391 -946.275952 -1043.229509 -1139.506344 -1233.878415 -1325.985971 -1414.580370 -1496.627403 -1568.175221 -1626.618741 -1671.727879 -1705.082196 -1729.017291 -1745.848560 -1757.515008 -1765.508535 -1770.929321 -1774.571075 -1776.997484 -1778.603058 -1779.659874 -1780.353273 -1780.810098 -1781.125152 -1781.409976 -1781.993323 -1784.211752 -1790.934200 -1774.216001 -1129.403976 -1144.360641 -1128.752118 -1118.715883 -1114.025564 -1113.338978 -1113.266859 -1113.274643 -1113.294037 -1113.314852 -1113.334851 -1113.353368 -1113.370535 -1113.390328 -1113.450676 -1113.857144 -1116.338233 -1121.890638 -1129.758032 -1103.913783 -1749.407851 -1784.985059 -1782.908901 -1781.969538 -1781.787214 -1781.757687 -1781.753588 -1781.753636 -1781.754278 -1781.754890 -1781.755376 -1781.755750 -1781.756036 -1781.756258 -1781.756435 -1781.756578 -1781.756698 -1781.756805 -1781.756911 -1781.757028 -1781.757177 -1781.757383 -1781.757689 -1781.758158 -1781.758897 -1781.760081 -1781.762010 -1781.765209 -1781.770639 -1781.780103 -1781.797093 -1781.828510 -1781.888232 -1782.004734 -1782.238685 -1782.727827 -1783.811883 -1786.412846 -1793.411846 -1816.045972 -9999.0 -9999.0
-9999.0 -9999.0 226.801811 131.153429 33.577118 -64.593763 -162.995385 -261.486225 -359.986308 -458.440085 -556.762808 -654.737753 -752.236628 -849.388391 -946.275952 -1043.229509 -1139.506344 -1233.878415 -1325.985971 -1414.580370 -1496.627403 -1568.175221 -1626.618742 -1671.727879 -1705.082196 -1729.017291 -1745.848560 -1757.515008 -1765.508535 -1770.929321 -1774.571075 -1776.997484 -1778.603058 -1779.659874 -1780.353273 -1780.810098 -1781.125152 -1781.409976 -1781.993323 -1784.211752 -1790.934200 -1774.216001 -1129.403976 -1144.360641 -1128.752118 -1118.715883 -1114.025564 -1113.338978 -1113.266859 -1113.274643 -1113.294037 -1113.314852 -1113.334851 -1113.353368 -1113.370535 -1113.390328 -1113.450676 -1113.857144 -1116.338233 -1121.890638 -1129.758032 -1103.913783 -1749.407851 -1784.985059 -1782.908901 -1781.969538 -1781.787214 -1781.757687 -1781.753588 -1781.753636 -1781.754278 -1781.754890 -1781.755376 -1781.755750 -1781.756036 -1781.756258 -1781.756435 -1781.756578 -1781.756698 -1781.756805 -1781.756911 -1781.757028 -1781.757177 -1781.757383 -1781.757689 -1781.758158 -1781.758897 -1781.760081 -1781.762010 -1781.765209 -1781.770639 -1781.780103 -1781.797093 -1781.828510 -1781.888232 -1782.004734 -1782.238685 -1782.727827 -1783.811883 -1786.412846 -1793.411846 -1816.045972 -9999.0 -9999.0
-9999.0 -9999.0 226.801811 131.153429 33.577117 -64.593763 -162.995385 -261.486225 -359.986308 -458.440085 -556.762808 -654.737753 -752.236628 -849.388391 -946.275952 -1043.229509 -1139.506344 -1233.878415 -1325.985971 -1414.580370 -1496.627403 -1568.175221 -1626.618742 -1671.727879 -1705.082196 -1729.017291 -1745.848560 -1757.515008 -1765.508535 -1770.929321 -1774.571075 -1776.997484 -1778.603058 -1779.659874 -1780.353273 -1780.810098 -1781.125152 -1781.409976 -1781.993323 -1784.211752 -1790.934200 -1774.216001 -1129.403976 -1144.360641 -1128.752118 -1118.715883 -1114.025564 -1113.338978 -1113.266859 -1113.274643 -1113.294037 -1113.314852 -1113.334851 -1113.353368 -1113.370535 -1113.390328 -1113.450676 -1113.857144 -1116.338233 -1121.890638 -1129.758032 -1103.913783 -1749.407851 -1784.985059 -1782.908901 -1781.969538 -1781.787214 -1781.757687 -1781.753588 -1781.753636 -1781.754278 -1781.754890 -1781.755376 -1781.755750 -1781.756036 -1781.756258 -1781.756435 -1781.756578 -1781.756698 -1781.756805 -1781.756911 -1781.757028 -1781.757177 -1781.757383 -1781.757689 -1781.758158 -1781.758897 -1781.760081 -1781.762010 -1781.765209 -1781.770639 -1781.780103 -1781.797093 -1781.828510 -1781.888232 -1782.004734 -1782.238685 -1782.727827 -1783.811883 -1786.412846 -1793.411846 -1816.045972 -9999.0 -9999.0
-9999.0 -9999.0 226.800363 131.152603 33.576790 -64.593882 -162.995427 -261.486240 -359.986314 -458.440087 -556.762809 -654.737753 -752.236628 -849.388391 -946.275952 -1043.229509 -1139.506344 -1233.878415 -1325.985971 -1414.580370 -1496.627403 -1568.175221 -1626.618741 -1671.727879 -1705.082196 -1729.017291 -1745.848560 -1757.515008 -1765.508535 -1770.929321 -1774.571075 -1776.997484 -1778.603058 -1779.659874 -1780.353273 -1780.810098 -1781.125152 -1781.409976 -1781.993323 -1784.211752 -1790.934200 -1774.216001 -1129.403976 -1144.360641 -1128.752118 -1118.715883 -1114.025564 -1113.338978 -1113.266859 -1113.274643 -1113.294037 -1113.314852 -1113.334851 -1113.353368 -1113.370535 -1113.390328 -1113.450676 -1113.857144 -1116.338233 -1121.890638 -1129.758032 -1103.913783 -1749.407851 -1784.985059 -1782.908901 -1781.969538 -1781.787214 -1781.757687 -1781.753588 -1781.753636 -1781.754278 -1781.754890 -1781.755376 -1781.755750 -1781.756036 -1781.756258 -1781.756435 -1781.756578 -1781.756698 -1781.756805 -1781.756911 -1781.757028 -1781.757177 -1781.757383 -1781.757689 -1781.758158 -1781.758897 -1781.760081 -1781.762010 -1781.765209 -1781.770639 -1781.780103 -1781.797093 -1781.828510 -1781.888232 -1782.004734 -1782.238685 -1782.727827 -1783.811883 -1786.412846 -1793.411846 -1816.045972 -9999.0 -9999.0
-9999.0 -9999.0 226.791142 131.150597 33.576273 -64.594033 -162.995475 -261.486257 -359.986320 -458.440089 -556.762810 -654.737754 -752.236629 -849.388391 -946.275952 -1043.229509 -1139.506343 -1233.878415 -1325.985971 -1414.580370 -1496.627402 -1568.175221 -1626.618741 -1671.727879 -1705.082196 -1729.017291 -1745.848560 -1757.515008 -1765.508535 -1770.929321 -1774.571075 -1776.997484 -1778.603058 -1779.659874 -1780.353273 -1780.810098 -1781.125152 -1781.409976 -1781.993323 -1784.211752 -1790.934200 -1774.216001 -1129.403976 -1144.360641 -1128.752119 -1118.715883 -1114.025564 -1113.338978 -1113.266859 -1113.274643 -1113.294037 -1113.314852 -1113.334851 -1113.353368 -1113.370535 -1113.390328 -1113.450676 -1113.857144 -1116.338233 -1121.890638 -1129.758032 -1103.913783 -1749.407851 -1784.985059 -1782.908901 -1781.969538 -1781.787214 -1781.757687 -1781.753588 -1781.753636 -1781.754278 -1781.754890 -1781.755376 -1781.755750 -1781.756036 -1781.756258 -1781.756435 -1781.756578 -1781.756698 -1781.756805 -1781.756911 -1781.757028 -1781.757177 -1781.757383 -1781.757689 -1781.758158 -1781.758897 -1781.760081 -1781.762010 -1781.765209 -1781.770639 -1781.780103 -1781.797093 -1781.828510 -1781.888232 -1782.004734 -1782.238685 -1782.727827 -1783.811883 -1786.412846 -1793.411846 -1816.045972 -9999.0 -9999.0
-9999.0 -9999.0 -9999.0 -9999.0 -9999.0 -9999.0 -9999.0 -9999.0 -9999.0 -9999.0 -9999.0 -9999.0 -9999.0 -9999.0 -9999.0 -9999.0 -9999.0 -9999.0 -9999.0 -9999.0 -9999.0 -9999.0 -9999.0 -9999.0 -9999.0 -9999.0 -9999.0 -9999.0 -9999.0 -9999.0 -9999.0 -9999.0 -9999.0 -9999.0 -9999.0 -9999.0 -9999.0 -9999.0 -9999.0 -9999.0 -9999.0 -9999.0 -9999.0 -9999.0 -9999.0 -9999.0 -9999.0 -9999.0 -9999.0 -9999.0 -9999.0 -9999.0 -9999.0 -9999.0 -9999.0 -9999.0 -9999.0 -9999.0 -9999.0 -9999.0 -9999.0 -9999.0 -9999.0 -9999.0 -9999.0 -9999.0 -9999.0 -9999.0 -9999.0 -9999.0 -9999.0 -9999.0 -9999.0 -9999.0 -9999.0 -9999.0 -9999.0 -9999.0 -9999.0 -9999.0 -9999.0 -9999.0 -9999.0 -9999.0 -9999.0 -9999.0 -9999.0 -9999.0 -9999.0 -9999.0 -9999.0 -9999.0 -9999.0 -9999.0 -9999.0 -9999.0 -9999.0 -9999.0 -9999.0 -9999.0 -9999.0 -9999.0 -9999.0 -9999.0
-9999.0 -9999.0 -9999.0 -9999.0 -9999.0 -9999.0 -9999.0 -9999.0 -9999.0 -9999.0 -9999.0 -9999.0 -9999.0 -9999.0 -9999.0 -9999.0 -9999.0 -9999.0 -9999.0 -9999.0 -9999.0 -9999.0 -9999.0 -9999.0 -9999.0 -9999.0 -9999.0 -9999.0 -9999.0 -9999.0 -9999.0 -9999.0 -9999.0 -9999.0 -9999.0 -9999.0 -9999.0 -9999.0 -9999.0 -9999.0 -9999.0 -9999.0 -9999.0 -9999.0 -9999.0 -9999.0 -9999.0 -9999.0 -9999.0 -9999.0 -9999.0 -9999.0 -9999.0 -9999.0 -9999.0 -9999.0 -9999.0 -9999.0 -9999.0 -9999.0 -9999.0 -9999.0 -9999.0 -9999.0 -9999.0 -9999.0 -9999.0 -9999.0 -9999.0 -9999.0 -9999.0 -9999.0 -9999.0 -9999.0 -9999.0 -9999.0 -9999.0 -9999.0 -9999.0 -9999.0 -9999.0 -9999.0 -9999.0 -9999.0 -9999.0 -9999.0 -9999.0 -9999.0 -9999.0 -9999.0 -9999.0 -9999.0 -9999.0 -9999.0 -9999.0 -9999.0 -9999.0 -9999.0 -9999.0 -9999.0 -9999.0 -9999.0 -9999.0 -9999.0