inst/processing_geotop_simulation/geotop_simulation/out/maps3D/PwL0008N0087.asc
ncols         104
nrows         10
xllcorner     -2.000000
yllcorner     0.000000
cellsize      1.000000
NODATA_value  -9999.0
-9999.0 -9999.0 -9999.0 -9999.0 -9999.0 -9999.0 -9999.0 -9999.0 -9999.0 -9999.0 -9999.0 -9999.0 -9999.0 -9999.0 -9999.0 -9999.0 -9999.0 -9999.0 -9999.0 -9999.0 -9999.0 -9999.0 -9999.0 -9999.0 -9999.0 -9999.0 -9999.0 -9999.0 -9999.0 -9999.0 -9999.0 -9999.0 -9999.0 -9999.0 -9999.0 -9999.0 -9999.0 -9999.0 -9999.0 -9999.0 -9999.0 -9999.0 -9999.0 -9999.0 -9999.0 -9999.0 -9999.0 -9999.0 -9999.0 -9999.0 -9999.0 -9999.0 -9999.0 -9999.0 -9999.0 -9999.0 -9999.0 -9999.0 -9999.0 -9999.0 -9999.0 -9999.0 -9999.0 -9999.0 -9999.0 -9999.0 -9999.0 -9999.0 -9999.0 -9999.0 -9999.0 -9999.0 -9999.0 -9999.0 -9999.0 -9999.0 -9999.0 -9999.0 -9999.0 -9999.0 -9999.0 -9999.0 -9999.0 -9999.0 -9999.0 -9999.0 -9999.0 -9999.0 -9999.0 -9999.0 -9999.0 -9999.0 -9999.0 -9999.0 -9999.0 -9999.0 -9999.0 -9999.0 -9999.0 -9999.0 -9999.0 -9999.0 -9999.0 -9999.0
-9999.0 -9999.0 -9999.0 -9999.0 -9999.0 -9999.0 -9999.0 -9999.0 -9999.0 -9999.0 -9999.0 -9999.0 -9999.0 -9999.0 -9999.0 -9999.0 -9999.0 -9999.0 -9999.0 -9999.0 -9999.0 -9999.0 -9999.0 -9999.0 -9999.0 -9999.0 -9999.0 -9999.0 -9999.0 -9999.0 -9999.0 -9999.0 -9999.0 -9999.0 -9999.0 -9999.0 -9999.0 -9999.0 -9999.0 -9999.0 -9999.0 -9999.0 -9999.0 -9999.0 -9999.0 -9999.0 -9999.0 -9999.0 -9999.0 -9999.0 -9999.0 -9999.0 -9999.0 -9999.0 -9999.0 -9999.0 -9999.0 -9999.0 -9999.0 -9999.0 -9999.0 -9999.0 -9999.0 -9999.0 -9999.0 -9999.0 -9999.0 -9999.0 -9999.0 -9999.0 -9999.0 -9999.0 -9999.0 -9999.0 -9999.0 -9999.0 -9999.0 -9999.0 -9999.0 -9999.0 -9999.0 -9999.0 -9999.0 -9999.0 -9999.0 -9999.0 -9999.0 -9999.0 -9999.0 -9999.0 -9999.0 -9999.0 -9999.0 -9999.0 -9999.0 -9999.0 -9999.0 -9999.0 -9999.0 -9999.0 -9999.0 -9999.0 -9999.0 -9999.0
-9999.0 -9999.0 376.311423 280.162000 182.514506 84.292176 -14.109007 -112.551960 -211.210628 -310.934865 -415.666387 -529.800740 -654.965312 -791.797879 -913.092394 -1005.632149 -1086.402685 -1155.388004 -1181.791320 -1187.990354 -1184.839206 -1179.348738 -1174.839062 -1172.403883 -1172.029789 -1173.230540 -1175.374346 -1177.875095 -1180.302951 -1182.414412 -1184.118715 -1185.422301 -1186.379933 -1187.061167 -1187.532216 -1187.850318 -1188.071630 -1188.267661 -1188.511289 -1189.264767 -1195.955767 -1247.999546 -1315.736342 -1475.797111 -1384.792682 -1333.830231 -1311.096424 -1308.334241 -1308.060535 -1308.090566 -1308.163463 -1308.241382 -1308.316136 -1308.385285 -1308.449123 -1308.520490 -1308.728617 -1310.232617 -1321.676079 -1348.218208 -1395.285555 -1206.145761 -1227.405044 -1193.675061 -1189.270018 -1188.705617 -1188.609448 -1188.592423 -1188.591535 -1188.593636 -1188.595869 -1188.597686 -1188.599070 -1188.600114 -1188.600909 -1188.601524 -1188.602010 -1188.602401 -1188.602724 -1188.603007 -1188.603279 -1188.603576 -1188.603944 -1188.604451 -1188.605197 -1188.606338 -1188.608127 -1188.610975 -1188.615571 -1188.623101 -1188.635669 -1188.657150 -1188.694913 -1188.763350 -1188.891016 -1189.134867 -1189.608747 -1190.543823 -1192.435306 -1196.448757 -1205.604897 -1229.281731 -9999.0 -9999.0
-9999.0 -9999.0 376.318515 280.163800 182.514989 84.292319 -14.108962 -112.551946 -211.210624 -310.934863 -415.666387 -529.800740 -654.965312 -791.797880 -913.092394 -1005.632149 -1086.402685 -1155.388004 -1181.791320 -1187.990354 -1184.839206 -1179.348738 -1174.839062 -1172.403883 -1172.029789 -1173.230540 -1175.374346 -1177.875095 -1180.302951 -1182.414412 -1184.118715 -1185.422301 -1186.379933 -1187.061167 -1187.532216 -1187.850318 -1188.071630 -1188.267661 -1188.511289 -1189.264767 -1195.955767 -1247.999546 -1315.736341 -1475.797111 -1384.792682 -1333.830229 -1311.096424 -1308.334241 -1308.060535 -1308.090566 -1308.163463 -1308.241382 -1308.316136 -1308.385285 -1308.449123 -1308.520490 -1308.728617 -1310.232617 -1321.676079 -1348.218208 -1395.285555 -1206.145761 -1227.405044 -1193.675061 -1189.270018 -1188.705617 -1188.609448 -1188.592423 -1188.591535 -1188.593636 -1188.595869 -1188.597686 -1188.599070 -1188.600114 -1188.600909 -1188.601524 -1188.602010 -1188.602401 -1188.602724 -1188.603007 -1188.603279 -1188.603576 -1188.603944 -1188.604451 -1188.605197 -1188.606338 -1188.608127 -1188.610975 -1188.615571 -1188.623101 -1188.635669 -1188.657150 -1188.694913 -1188.763350 -1188.891016 -1189.134867 -1189.608747 -1190.543823 -1192.435306 -1196.448757 -1205.604897 -1229.281731 -9999.0 -9999.0
-9999.0 -9999.0 376.319971 280.164579 182.515299 84.292431 -14.108923 -112.551932 -211.210619 -310.934862 -415.666386 -529.800740 -654.965312 -791.797880 -913.092394 -1005.632149 -1086.402685 -1155.388004 -1181.791320 -1187.990354 -1184.839206 -1179.348738 -1174.839062 -1172.403883 -1172.029789 -1173.230540 -1175.374346 -1177.875095 -1180.302951 -1182.414412 -1184.118715 -1185.422301 -1186.379933 -1187.061167 -1187.532216 -1187.850318 -1188.071630 -1188.267661 -1188.511289 -1189.264767 -1195.955767 -1247.999546 -1315.736341 -1475.797111 -1384.792681 -1333.830229 -1311.096424 -1308.334241 -1308.060535 -1308.090566 -1308.163463 -1308.241382 -1308.316136 -1308.385285 -1308.449123 -1308.520490 -1308.728617 -1310.232617 -1321.676079 -1348.218208 -1395.285555 -1206.145761 -1227.405044 -1193.675061 -1189.270018 -1188.705617 -1188.609448 -1188.592423 -1188.591535 -1188.593636 -1188.595869 -1188.597686 -1188.599070 -1188.600114 -1188.600909 -1188.601524 -1188.602010 -1188.602401 -1188.602724 -1188.603007 -1188.603279 -1188.603576 -1188.603944 -1188.604451 -1188.605197 -1188.606338 -1188.608127 -1188.610975 -1188.615571 -1188.623101 -1188.635669 -1188.657150 -1188.694913 -1188.763350 -1188.891016 -1189.134867 -1189.608747 -1190.543823 -1192.435306 -1196.448757 -1205.604897 -1229.281731 -9999.0 -9999.0
-9999.0 -9999.0 376.319971 280.164579 182.515298 84.292431 -14.108923 -112.551932 -211.210619 -310.934862 -415.666386 -529.800740 -654.965312 -791.797880 -913.092394 -1005.632149 -1086.402685 -1155.388004 -1181.791320 -1187.990354 -1184.839206 -1179.348738 -1174.839062 -1172.403883 -1172.029789 -1173.230540 -1175.374346 -1177.875095 -1180.302951 -1182.414412 -1184.118715 -1185.422301 -1186.379933 -1187.061167 -1187.532216 -1187.850318 -1188.071630 -1188.267661 -1188.511289 -1189.264767 -1195.955767 -1247.999546 -1315.736341 -1475.797111 -1384.792681 -1333.830229 -1311.096424 -1308.334241 -1308.060535 -1308.090566 -1308.163463 -1308.241382 -1308.316136 -1308.385285 -1308.449123 -1308.520490 -1308.728617 -1310.232617 -1321.676079 -1348.218208 -1395.285555 -1206.145761 -1227.405044 -1193.675061 -1189.270018 -1188.705617 -1188.609448 -1188.592423 -1188.591535 -1188.593636 -1188.595869 -1188.597686 -1188.599070 -1188.600114 -1188.600909 -1188.601524 -1188.602010 -1188.602401 -1188.602724 -1188.603007 -1188.603279 -1188.603576 -1188.603944 -1188.604451 -1188.605197 -1188.606338 -1188.608127 -1188.610975 -1188.615571 -1188.623101 -1188.635669 -1188.657150 -1188.694913 -1188.763350 -1188.891016 -1189.134867 -1189.608747 -1190.543823 -1192.435306 -1196.448757 -1205.604897 -1229.281731 -9999.0 -9999.0
-9999.0 -9999.0 376.318515 280.163800 182.514989 84.292319 -14.108962 -112.551946 -211.210623 -310.934863 -415.666386 -529.800740 -654.965312 -791.797880 -913.092394 -1005.632149 -1086.402685 -1155.388004 -1181.791320 -1187.990354 -1184.839206 -1179.348738 -1174.839062 -1172.403883 -1172.029789 -1173.230540 -1175.374346 -1177.875095 -1180.302951 -1182.414412 -1184.118715 -1185.422301 -1186.379933 -1187.061167 -1187.532216 -1187.850318 -1188.071630 -1188.267661 -1188.511289 -1189.264767 -1195.955767 -1247.999546 -1315.736341 -1475.797111 -1384.792682 -1333.830229 -1311.096424 -1308.334241 -1308.060535 -1308.090566 -1308.163463 -1308.241382 -1308.316136 -1308.385285 -1308.449123 -1308.520490 -1308.728617 -1310.232617 -1321.676079 -1348.218208 -1395.285555 -1206.145761 -1227.405044 -1193.675061 -1189.270018 -1188.705617 -1188.609448 -1188.592423 -1188.591535 -1188.593636 -1188.595869 -1188.597686 -1188.599070 -1188.600114 -1188.600909 -1188.601524 -1188.602010 -1188.602401 -1188.602724 -1188.603007 -1188.603279 -1188.603576 -1188.603944 -1188.604451 -1188.605197 -1188.606338 -1188.608127 -1188.610975 -1188.615571 -1188.623101 -1188.635669 -1188.657150 -1188.694913 -1188.763350 -1188.891016 -1189.134867 -1189.608747 -1190.543823 -1192.435306 -1196.448757 -1205.604897 -1229.281731 -9999.0 -9999.0
-9999.0 -9999.0 376.311423 280.162000 182.514506 84.292176 -14.109007 -112.551960 -211.210628 -310.934865 -415.666387 -529.800740 -654.965312 -791.797879 -913.092394 -1005.632149 -1086.402685 -1155.388004 -1181.791320 -1187.990354 -1184.839206 -1179.348738 -1174.839062 -1172.403883 -1172.029789 -1173.230540 -1175.374346 -1177.875095 -1180.302951 -1182.414412 -1184.118715 -1185.422301 -1186.379933 -1187.061167 -1187.532216 -1187.850318 -1188.071630 -1188.267661 -1188.511289 -1189.264767 -1195.955767 -1247.999546 -1315.736342 -1475.797111 -1384.792682 -1333.830231 -1311.096424 -1308.334241 -1308.060535 -1308.090566 -1308.163463 -1308.241382 -1308.316136 -1308.385285 -1308.449123 -1308.520490 -1308.728617 -1310.232617 -1321.676079 -1348.218208 -1395.285555 -1206.145761 -1227.405044 -1193.675061 -1189.270018 -1188.705617 -1188.609448 -1188.592423 -1188.591535 -1188.593636 -1188.595869 -1188.597686 -1188.599070 -1188.600114 -1188.600909 -1188.601524 -1188.602010 -1188.602401 -1188.602724 -1188.603007 -1188.603279 -1188.603576 -1188.603944 -1188.604451 -1188.605197 -1188.606338 -1188.608127 -1188.610975 -1188.615571 -1188.623101 -1188.635669 -1188.657150 -1188.694913 -1188.763350 -1188.891016 -1189.134867 -1189.608747 -1190.543823 -1192.435306 -1196.448757 -1205.604897 -1229.281731 -9999.0 -9999.0
-9999.0 -9999.0 -9999.0 -9999.0 -9999.0 -9999.0 -9999.0 -9999.0 -9999.0 -9999.0 -9999.0 -9999.0 -9999.0 -9999.0 -9999.0 -9999.0 -9999.0 -9999.0 -9999.0 -9999.0 -9999.0 -9999.0 -9999.0 -9999.0 -9999.0 -9999.0 -9999.0 -9999.0 -9999.0 -9999.0 -9999.0 -9999.0 -9999.0 -9999.0 -9999.0 -9999.0 -9999.0 -9999.0 -9999.0 -9999.0 -9999.0 -9999.0 -9999.0 -9999.0 -9999.0 -9999.0 -9999.0 -9999.0 -9999.0 -9999.0 -9999.0 -9999.0 -9999.0 -9999.0 -9999.0 -9999.0 -9999.0 -9999.0 -9999.0 -9999.0 -9999.0 -9999.0 -9999.0 -9999.0 -9999.0 -9999.0 -9999.0 -9999.0 -9999.0 -9999.0 -9999.0 -9999.0 -9999.0 -9999.0 -9999.0 -9999.0 -9999.0 -9999.0 -9999.0 -9999.0 -9999.0 -9999.0 -9999.0 -9999.0 -9999.0 -9999.0 -9999.0 -9999.0 -9999.0 -9999.0 -9999.0 -9999.0 -9999.0 -9999.0 -9999.0 -9999.0 -9999.0 -9999.0 -9999.0 -9999.0 -9999.0 -9999.0 -9999.0 -9999.0
-9999.0 -9999.0 -9999.0 -9999.0 -9999.0 -9999.0 -9999.0 -9999.0 -9999.0 -9999.0 -9999.0 -9999.0 -9999.0 -9999.0 -9999.0 -9999.0 -9999.0 -9999.0 -9999.0 -9999.0 -9999.0 -9999.0 -9999.0 -9999.0 -9999.0 -9999.0 -9999.0 -9999.0 -9999.0 -9999.0 -9999.0 -9999.0 -9999.0 -9999.0 -9999.0 -9999.0 -9999.0 -9999.0 -9999.0 -9999.0 -9999.0 -9999.0 -9999.0 -9999.0 -9999.0 -9999.0 -9999.0 -9999.0 -9999.0 -9999.0 -9999.0 -9999.0 -9999.0 -9999.0 -9999.0 -9999.0 -9999.0 -9999.0 -9999.0 -9999.0 -9999.0 -9999.0 -9999.0 -9999.0 -9999.0 -9999.0 -9999.0 -9999.0 -9999.0 -9999.0 -9999.0 -9999.0 -9999.0 -9999.0 -9999.0 -9999.0 -9999.0 -9999.0 -9999.0 -9999.0 -9999.0 -9999.0 -9999.0 -9999.0 -9999.0 -9999.0 -9999.0 -9999.0 -9999.0 -9999.0 -9999.0 -9999.0 -9999.0 -9999.0 -9999.0 -9999.0 -9999.0 -9999.0 -9999.0 -9999.0 -9999.0 -9999.0 -9999.0 -9999.0