inst/processing_geotop_simulation/geotop_simulation/out/maps3D/PwL0002N0184.asc
ncols         104
nrows         10
xllcorner     -2.000000
yllcorner     0.000000
cellsize      1.000000
NODATA_value  -9999.0
-9999.0 -9999.0 -9999.0 -9999.0 -9999.0 -9999.0 -9999.0 -9999.0 -9999.0 -9999.0 -9999.0 -9999.0 -9999.0 -9999.0 -9999.0 -9999.0 -9999.0 -9999.0 -9999.0 -9999.0 -9999.0 -9999.0 -9999.0 -9999.0 -9999.0 -9999.0 -9999.0 -9999.0 -9999.0 -9999.0 -9999.0 -9999.0 -9999.0 -9999.0 -9999.0 -9999.0 -9999.0 -9999.0 -9999.0 -9999.0 -9999.0 -9999.0 -9999.0 -9999.0 -9999.0 -9999.0 -9999.0 -9999.0 -9999.0 -9999.0 -9999.0 -9999.0 -9999.0 -9999.0 -9999.0 -9999.0 -9999.0 -9999.0 -9999.0 -9999.0 -9999.0 -9999.0 -9999.0 -9999.0 -9999.0 -9999.0 -9999.0 -9999.0 -9999.0 -9999.0 -9999.0 -9999.0 -9999.0 -9999.0 -9999.0 -9999.0 -9999.0 -9999.0 -9999.0 -9999.0 -9999.0 -9999.0 -9999.0 -9999.0 -9999.0 -9999.0 -9999.0 -9999.0 -9999.0 -9999.0 -9999.0 -9999.0 -9999.0 -9999.0 -9999.0 -9999.0 -9999.0 -9999.0 -9999.0 -9999.0 -9999.0 -9999.0 -9999.0 -9999.0
-9999.0 -9999.0 -9999.0 -9999.0 -9999.0 -9999.0 -9999.0 -9999.0 -9999.0 -9999.0 -9999.0 -9999.0 -9999.0 -9999.0 -9999.0 -9999.0 -9999.0 -9999.0 -9999.0 -9999.0 -9999.0 -9999.0 -9999.0 -9999.0 -9999.0 -9999.0 -9999.0 -9999.0 -9999.0 -9999.0 -9999.0 -9999.0 -9999.0 -9999.0 -9999.0 -9999.0 -9999.0 -9999.0 -9999.0 -9999.0 -9999.0 -9999.0 -9999.0 -9999.0 -9999.0 -9999.0 -9999.0 -9999.0 -9999.0 -9999.0 -9999.0 -9999.0 -9999.0 -9999.0 -9999.0 -9999.0 -9999.0 -9999.0 -9999.0 -9999.0 -9999.0 -9999.0 -9999.0 -9999.0 -9999.0 -9999.0 -9999.0 -9999.0 -9999.0 -9999.0 -9999.0 -9999.0 -9999.0 -9999.0 -9999.0 -9999.0 -9999.0 -9999.0 -9999.0 -9999.0 -9999.0 -9999.0 -9999.0 -9999.0 -9999.0 -9999.0 -9999.0 -9999.0 -9999.0 -9999.0 -9999.0 -9999.0 -9999.0 -9999.0 -9999.0 -9999.0 -9999.0 -9999.0 -9999.0 -9999.0 -9999.0 -9999.0 -9999.0 -9999.0
-9999.0 -9999.0 80.469166 -9.472473 -104.611927 -201.003744 -297.852362 -394.842167 -491.807437 -588.607900 -684.909800 -780.551219 -875.377814 -969.252355 -1063.210115 -1156.864798 -1248.966650 -1340.006507 -1429.615968 -1511.579322 -1577.478577 -1625.538921 -1658.269924 -1679.715273 -1693.584002 -1702.607533 -1708.575826 -1712.590062 -1715.317404 -1717.173922 -1718.432937 -1719.281255 -1719.848884 -1720.226191 -1720.475528 -1720.641282 -1720.761625 -1720.891809 -1721.228967 -1722.890480 -1730.162186 -1727.204558 -1073.691937 -1071.598348 -1060.282974 -1053.133321 -1049.780966 -1049.292869 -1049.242446 -1049.249801 -1049.265867 -1049.283016 -1049.299485 -1049.314729 -1049.328805 -1049.344499 -1049.388709 -1049.680601 -1051.466879 -1055.488665 -1061.692648 -1055.853594 -1706.624399 -1725.533732 -1722.020629 -1721.192659 -1721.059479 -1721.038792 -1721.036273 -1721.036878 -1721.037876 -1721.038745 -1721.039422 -1721.039936 -1721.040328 -1721.040632 -1721.040872 -1721.041066 -1721.041227 -1721.041370 -1721.041509 -1721.041664 -1721.041859 -1721.042129 -1721.042528 -1721.043143 -1721.044109 -1721.045654 -1721.048162 -1721.052302 -1721.059282 -1721.071352 -1721.092841 -1721.132259 -1721.206571 -1721.349978 -1721.632894 -1722.207348 -1723.428489 -1726.209559 -1733.238074 -1754.863583 -9999.0 -9999.0
-9999.0 -9999.0 80.481691 -9.470217 -104.611364 -201.003580 -297.852310 -394.842149 -491.807431 -588.607898 -684.909800 -780.551219 -875.377814 -969.252355 -1063.210115 -1156.864799 -1248.966650 -1340.006507 -1429.615968 -1511.579322 -1577.478578 -1625.538921 -1658.269924 -1679.715273 -1693.584002 -1702.607533 -1708.575826 -1712.590062 -1715.317404 -1717.173922 -1718.432937 -1719.281255 -1719.848884 -1720.226191 -1720.475528 -1720.641282 -1720.761625 -1720.891809 -1721.228967 -1722.890480 -1730.162186 -1727.204558 -1073.691937 -1071.598348 -1060.282974 -1053.133320 -1049.780966 -1049.292869 -1049.242446 -1049.249801 -1049.265867 -1049.283016 -1049.299485 -1049.314729 -1049.328805 -1049.344499 -1049.388709 -1049.680601 -1051.466879 -1055.488665 -1061.692648 -1055.853594 -1706.624399 -1725.533732 -1722.020629 -1721.192659 -1721.059479 -1721.038792 -1721.036273 -1721.036878 -1721.037876 -1721.038745 -1721.039422 -1721.039936 -1721.040328 -1721.040632 -1721.040872 -1721.041066 -1721.041227 -1721.041370 -1721.041509 -1721.041664 -1721.041859 -1721.042129 -1721.042528 -1721.043143 -1721.044109 -1721.045654 -1721.048162 -1721.052302 -1721.059282 -1721.071352 -1721.092841 -1721.132259 -1721.206571 -1721.349978 -1721.632894 -1722.207348 -1723.428489 -1726.209559 -1733.238074 -1754.863583 -9999.0 -9999.0
-9999.0 -9999.0 80.483051 -9.469318 -104.611008 -201.003451 -297.852264 -394.842133 -491.807425 -588.607896 -684.909799 -780.551218 -875.377814 -969.252355 -1063.210115 -1156.864799 -1248.966651 -1340.006507 -1429.615969 -1511.579322 -1577.478578 -1625.538921 -1658.269924 -1679.715273 -1693.584002 -1702.607533 -1708.575826 -1712.590062 -1715.317404 -1717.173922 -1718.432937 -1719.281255 -1719.848884 -1720.226191 -1720.475528 -1720.641282 -1720.761625 -1720.891809 -1721.228967 -1722.890480 -1730.162186 -1727.204558 -1073.691937 -1071.598348 -1060.282974 -1053.133320 -1049.780966 -1049.292869 -1049.242446 -1049.249801 -1049.265867 -1049.283016 -1049.299485 -1049.314729 -1049.328805 -1049.344499 -1049.388709 -1049.680601 -1051.466879 -1055.488665 -1061.692648 -1055.853594 -1706.624399 -1725.533732 -1722.020629 -1721.192659 -1721.059479 -1721.038792 -1721.036273 -1721.036878 -1721.037876 -1721.038745 -1721.039422 -1721.039936 -1721.040328 -1721.040632 -1721.040872 -1721.041066 -1721.041227 -1721.041370 -1721.041509 -1721.041664 -1721.041859 -1721.042129 -1721.042528 -1721.043143 -1721.044109 -1721.045654 -1721.048162 -1721.052302 -1721.059282 -1721.071352 -1721.092841 -1721.132259 -1721.206571 -1721.349978 -1721.632894 -1722.207348 -1723.428489 -1726.209559 -1733.238074 -1754.863583 -9999.0 -9999.0
-9999.0 -9999.0 80.483051 -9.469318 -104.611008 -201.003451 -297.852264 -394.842133 -491.807425 -588.607896 -684.909799 -780.551218 -875.377814 -969.252355 -1063.210116 -1156.864799 -1248.966651 -1340.006507 -1429.615969 -1511.579322 -1577.478578 -1625.538921 -1658.269924 -1679.715273 -1693.584002 -1702.607533 -1708.575826 -1712.590062 -1715.317404 -1717.173922 -1718.432937 -1719.281255 -1719.848884 -1720.226191 -1720.475528 -1720.641282 -1720.761625 -1720.891809 -1721.228967 -1722.890480 -1730.162186 -1727.204558 -1073.691937 -1071.598348 -1060.282974 -1053.133320 -1049.780966 -1049.292869 -1049.242446 -1049.249801 -1049.265867 -1049.283016 -1049.299485 -1049.314729 -1049.328805 -1049.344499 -1049.388709 -1049.680601 -1051.466879 -1055.488665 -1061.692648 -1055.853594 -1706.624399 -1725.533732 -1722.020629 -1721.192659 -1721.059479 -1721.038792 -1721.036273 -1721.036878 -1721.037876 -1721.038745 -1721.039422 -1721.039936 -1721.040328 -1721.040632 -1721.040872 -1721.041066 -1721.041227 -1721.041370 -1721.041509 -1721.041664 -1721.041859 -1721.042129 -1721.042528 -1721.043143 -1721.044109 -1721.045654 -1721.048162 -1721.052302 -1721.059282 -1721.071352 -1721.092841 -1721.132259 -1721.206571 -1721.349978 -1721.632894 -1722.207348 -1723.428489 -1726.209559 -1733.238074 -1754.863583 -9999.0 -9999.0
-9999.0 -9999.0 80.481691 -9.470217 -104.611363 -201.003580 -297.852309 -394.842149 -491.807431 -588.607898 -684.909800 -780.551219 -875.377814 -969.252355 -1063.210115 -1156.864799 -1248.966650 -1340.006507 -1429.615968 -1511.579322 -1577.478578 -1625.538921 -1658.269924 -1679.715273 -1693.584002 -1702.607533 -1708.575826 -1712.590062 -1715.317404 -1717.173922 -1718.432937 -1719.281255 -1719.848884 -1720.226191 -1720.475528 -1720.641282 -1720.761625 -1720.891809 -1721.228967 -1722.890480 -1730.162186 -1727.204558 -1073.691937 -1071.598348 -1060.282974 -1053.133320 -1049.780966 -1049.292869 -1049.242446 -1049.249801 -1049.265867 -1049.283016 -1049.299485 -1049.314729 -1049.328805 -1049.344499 -1049.388709 -1049.680601 -1051.466879 -1055.488665 -1061.692648 -1055.853594 -1706.624399 -1725.533732 -1722.020629 -1721.192659 -1721.059479 -1721.038792 -1721.036273 -1721.036878 -1721.037876 -1721.038745 -1721.039422 -1721.039936 -1721.040328 -1721.040632 -1721.040872 -1721.041066 -1721.041227 -1721.041370 -1721.041509 -1721.041664 -1721.041859 -1721.042129 -1721.042528 -1721.043143 -1721.044109 -1721.045654 -1721.048162 -1721.052302 -1721.059282 -1721.071352 -1721.092841 -1721.132259 -1721.206571 -1721.349978 -1721.632894 -1722.207348 -1723.428489 -1726.209559 -1733.238074 -1754.863583 -9999.0 -9999.0
-9999.0 -9999.0 80.469166 -9.472473 -104.611928 -201.003744 -297.852362 -394.842167 -491.807437 -588.607900 -684.909800 -780.551219 -875.377814 -969.252355 -1063.210115 -1156.864798 -1248.966650 -1340.006506 -1429.615968 -1511.579322 -1577.478577 -1625.538921 -1658.269924 -1679.715273 -1693.584002 -1702.607533 -1708.575826 -1712.590062 -1715.317404 -1717.173922 -1718.432937 -1719.281255 -1719.848884 -1720.226191 -1720.475528 -1720.641282 -1720.761625 -1720.891809 -1721.228967 -1722.890480 -1730.162186 -1727.204558 -1073.691937 -1071.598348 -1060.282974 -1053.133321 -1049.780966 -1049.292869 -1049.242446 -1049.249801 -1049.265867 -1049.283016 -1049.299485 -1049.314729 -1049.328805 -1049.344499 -1049.388709 -1049.680601 -1051.466879 -1055.488665 -1061.692648 -1055.853594 -1706.624399 -1725.533732 -1722.020629 -1721.192659 -1721.059479 -1721.038792 -1721.036273 -1721.036878 -1721.037876 -1721.038745 -1721.039422 -1721.039936 -1721.040328 -1721.040632 -1721.040872 -1721.041066 -1721.041227 -1721.041370 -1721.041509 -1721.041664 -1721.041859 -1721.042129 -1721.042528 -1721.043143 -1721.044109 -1721.045654 -1721.048162 -1721.052302 -1721.059282 -1721.071352 -1721.092841 -1721.132259 -1721.206571 -1721.349978 -1721.632894 -1722.207348 -1723.428489 -1726.209559 -1733.238074 -1754.863583 -9999.0 -9999.0
-9999.0 -9999.0 -9999.0 -9999.0 -9999.0 -9999.0 -9999.0 -9999.0 -9999.0 -9999.0 -9999.0 -9999.0 -9999.0 -9999.0 -9999.0 -9999.0 -9999.0 -9999.0 -9999.0 -9999.0 -9999.0 -9999.0 -9999.0 -9999.0 -9999.0 -9999.0 -9999.0 -9999.0 -9999.0 -9999.0 -9999.0 -9999.0 -9999.0 -9999.0 -9999.0 -9999.0 -9999.0 -9999.0 -9999.0 -9999.0 -9999.0 -9999.0 -9999.0 -9999.0 -9999.0 -9999.0 -9999.0 -9999.0 -9999.0 -9999.0 -9999.0 -9999.0 -9999.0 -9999.0 -9999.0 -9999.0 -9999.0 -9999.0 -9999.0 -9999.0 -9999.0 -9999.0 -9999.0 -9999.0 -9999.0 -9999.0 -9999.0 -9999.0 -9999.0 -9999.0 -9999.0 -9999.0 -9999.0 -9999.0 -9999.0 -9999.0 -9999.0 -9999.0 -9999.0 -9999.0 -9999.0 -9999.0 -9999.0 -9999.0 -9999.0 -9999.0 -9999.0 -9999.0 -9999.0 -9999.0 -9999.0 -9999.0 -9999.0 -9999.0 -9999.0 -9999.0 -9999.0 -9999.0 -9999.0 -9999.0 -9999.0 -9999.0 -9999.0 -9999.0
-9999.0 -9999.0 -9999.0 -9999.0 -9999.0 -9999.0 -9999.0 -9999.0 -9999.0 -9999.0 -9999.0 -9999.0 -9999.0 -9999.0 -9999.0 -9999.0 -9999.0 -9999.0 -9999.0 -9999.0 -9999.0 -9999.0 -9999.0 -9999.0 -9999.0 -9999.0 -9999.0 -9999.0 -9999.0 -9999.0 -9999.0 -9999.0 -9999.0 -9999.0 -9999.0 -9999.0 -9999.0 -9999.0 -9999.0 -9999.0 -9999.0 -9999.0 -9999.0 -9999.0 -9999.0 -9999.0 -9999.0 -9999.0 -9999.0 -9999.0 -9999.0 -9999.0 -9999.0 -9999.0 -9999.0 -9999.0 -9999.0 -9999.0 -9999.0 -9999.0 -9999.0 -9999.0 -9999.0 -9999.0 -9999.0 -9999.0 -9999.0 -9999.0 -9999.0 -9999.0 -9999.0 -9999.0 -9999.0 -9999.0 -9999.0 -9999.0 -9999.0 -9999.0 -9999.0 -9999.0 -9999.0 -9999.0 -9999.0 -9999.0 -9999.0 -9999.0 -9999.0 -9999.0 -9999.0 -9999.0 -9999.0 -9999.0 -9999.0 -9999.0 -9999.0 -9999.0 -9999.0 -9999.0 -9999.0 -9999.0 -9999.0 -9999.0 -9999.0 -9999.0