inst/processing_geotop_simulation/geotop_simulation/out/maps3D/PwL0010N0366.asc
ncols         104
nrows         10
xllcorner     -2.000000
yllcorner     0.000000
cellsize      1.000000
NODATA_value  -9999.0
-9999.0 -9999.0 -9999.0 -9999.0 -9999.0 -9999.0 -9999.0 -9999.0 -9999.0 -9999.0 -9999.0 -9999.0 -9999.0 -9999.0 -9999.0 -9999.0 -9999.0 -9999.0 -9999.0 -9999.0 -9999.0 -9999.0 -9999.0 -9999.0 -9999.0 -9999.0 -9999.0 -9999.0 -9999.0 -9999.0 -9999.0 -9999.0 -9999.0 -9999.0 -9999.0 -9999.0 -9999.0 -9999.0 -9999.0 -9999.0 -9999.0 -9999.0 -9999.0 -9999.0 -9999.0 -9999.0 -9999.0 -9999.0 -9999.0 -9999.0 -9999.0 -9999.0 -9999.0 -9999.0 -9999.0 -9999.0 -9999.0 -9999.0 -9999.0 -9999.0 -9999.0 -9999.0 -9999.0 -9999.0 -9999.0 -9999.0 -9999.0 -9999.0 -9999.0 -9999.0 -9999.0 -9999.0 -9999.0 -9999.0 -9999.0 -9999.0 -9999.0 -9999.0 -9999.0 -9999.0 -9999.0 -9999.0 -9999.0 -9999.0 -9999.0 -9999.0 -9999.0 -9999.0 -9999.0 -9999.0 -9999.0 -9999.0 -9999.0 -9999.0 -9999.0 -9999.0 -9999.0 -9999.0 -9999.0 -9999.0 -9999.0 -9999.0 -9999.0 -9999.0
-9999.0 -9999.0 -9999.0 -9999.0 -9999.0 -9999.0 -9999.0 -9999.0 -9999.0 -9999.0 -9999.0 -9999.0 -9999.0 -9999.0 -9999.0 -9999.0 -9999.0 -9999.0 -9999.0 -9999.0 -9999.0 -9999.0 -9999.0 -9999.0 -9999.0 -9999.0 -9999.0 -9999.0 -9999.0 -9999.0 -9999.0 -9999.0 -9999.0 -9999.0 -9999.0 -9999.0 -9999.0 -9999.0 -9999.0 -9999.0 -9999.0 -9999.0 -9999.0 -9999.0 -9999.0 -9999.0 -9999.0 -9999.0 -9999.0 -9999.0 -9999.0 -9999.0 -9999.0 -9999.0 -9999.0 -9999.0 -9999.0 -9999.0 -9999.0 -9999.0 -9999.0 -9999.0 -9999.0 -9999.0 -9999.0 -9999.0 -9999.0 -9999.0 -9999.0 -9999.0 -9999.0 -9999.0 -9999.0 -9999.0 -9999.0 -9999.0 -9999.0 -9999.0 -9999.0 -9999.0 -9999.0 -9999.0 -9999.0 -9999.0 -9999.0 -9999.0 -9999.0 -9999.0 -9999.0 -9999.0 -9999.0 -9999.0 -9999.0 -9999.0 -9999.0 -9999.0 -9999.0 -9999.0 -9999.0 -9999.0 -9999.0 -9999.0 -9999.0 -9999.0
-9999.0 -9999.0 473.164242 374.999663 276.251298 177.229832 78.092836 -21.089944 -120.285396 -219.478778 -318.653268 -417.784715 -516.824991 -615.674754 -714.209905 -812.872780 -911.398577 -1009.761147 -1107.942621 -1204.375840 -1298.545808 -1388.539478 -1471.682698 -1545.322036 -1607.696323 -1658.335664 -1697.932818 -1727.926762 -1750.058785 -1766.045668 -1777.397693 -1785.349400 -1790.859706 -1794.646408 -1797.232764 -1798.995375 -1800.214995 -1801.163597 -1802.361265 -1805.208356 -1810.983588 -1796.407323 -1330.450569 -1506.985903 -1459.320107 -1428.652075 -1414.661139 -1412.711555 -1412.509089 -1412.528242 -1412.578875 -1412.633297 -1412.685579 -1412.733983 -1412.778887 -1412.830982 -1412.993287 -1414.116852 -1421.377386 -1437.833360 -1457.404317 -1266.462280 -1762.403218 -1803.640540 -1803.881323 -1803.015776 -1802.783894 -1802.739843 -1802.732838 -1802.732218 -1802.732591 -1802.733039 -1802.733414 -1802.733709 -1802.733941 -1802.734127 -1802.734278 -1802.734405 -1802.734516 -1802.734618 -1802.734719 -1802.734832 -1802.734970 -1802.735154 -1802.735417 -1802.735811 -1802.736419 -1802.737382 -1802.738944 -1802.741536 -1802.745952 -1802.753700 -1802.767723 -1802.793901 -1802.844252 -1802.944200 -1803.150434 -1803.598606 -1804.640172 -1807.274244 -1814.720560 -1839.095449 -9999.0 -9999.0
-9999.0 -9999.0 473.170014 375.001265 276.251745 177.229966 78.092880 -21.089929 -120.285390 -219.478776 -318.653266 -417.784715 -516.824991 -615.674754 -714.209905 -812.872780 -911.398577 -1009.761148 -1107.942621 -1204.375840 -1298.545808 -1388.539478 -1471.682699 -1545.322036 -1607.696323 -1658.335665 -1697.932818 -1727.926762 -1750.058785 -1766.045668 -1777.397693 -1785.349400 -1790.859706 -1794.646408 -1797.232764 -1798.995375 -1800.214995 -1801.163597 -1802.361265 -1805.208356 -1810.983588 -1796.407323 -1330.450569 -1506.985902 -1459.320106 -1428.652074 -1414.661139 -1412.711555 -1412.509089 -1412.528242 -1412.578875 -1412.633297 -1412.685579 -1412.733983 -1412.778887 -1412.830982 -1412.993287 -1414.116852 -1421.377386 -1437.833360 -1457.404317 -1266.462280 -1762.403218 -1803.640540 -1803.881322 -1803.015776 -1802.783894 -1802.739843 -1802.732838 -1802.732218 -1802.732591 -1802.733039 -1802.733414 -1802.733709 -1802.733941 -1802.734127 -1802.734278 -1802.734405 -1802.734516 -1802.734618 -1802.734719 -1802.734832 -1802.734970 -1802.735154 -1802.735417 -1802.735811 -1802.736419 -1802.737382 -1802.738944 -1802.741536 -1802.745952 -1802.753700 -1802.767723 -1802.793901 -1802.844252 -1802.944200 -1803.150434 -1803.598606 -1804.640172 -1807.274244 -1814.720560 -1839.095449 -9999.0 -9999.0
-9999.0 -9999.0 473.171382 375.001985 276.252033 177.230073 78.092918 -21.089916 -120.285385 -219.478774 -318.653266 -417.784714 -516.824991 -615.674754 -714.209905 -812.872780 -911.398577 -1009.761148 -1107.942621 -1204.375840 -1298.545809 -1388.539478 -1471.682699 -1545.322037 -1607.696323 -1658.335665 -1697.932818 -1727.926762 -1750.058786 -1766.045668 -1777.397693 -1785.349400 -1790.859706 -1794.646408 -1797.232764 -1798.995375 -1800.214995 -1801.163597 -1802.361265 -1805.208356 -1810.983588 -1796.407323 -1330.450569 -1506.985902 -1459.320106 -1428.652074 -1414.661139 -1412.711555 -1412.509089 -1412.528242 -1412.578875 -1412.633297 -1412.685579 -1412.733983 -1412.778887 -1412.830982 -1412.993287 -1414.116852 -1421.377386 -1437.833360 -1457.404317 -1266.462280 -1762.403218 -1803.640540 -1803.881322 -1803.015776 -1802.783894 -1802.739843 -1802.732838 -1802.732218 -1802.732591 -1802.733039 -1802.733414 -1802.733709 -1802.733941 -1802.734127 -1802.734278 -1802.734405 -1802.734516 -1802.734618 -1802.734719 -1802.734832 -1802.734970 -1802.735154 -1802.735417 -1802.735811 -1802.736419 -1802.737382 -1802.738944 -1802.741536 -1802.745952 -1802.753700 -1802.767723 -1802.793901 -1802.844252 -1802.944200 -1803.150434 -1803.598606 -1804.640172 -1807.274244 -1814.720560 -1839.095449 -9999.0 -9999.0
-9999.0 -9999.0 473.171382 375.001985 276.252033 177.230073 78.092918 -21.089916 -120.285385 -219.478774 -318.653266 -417.784714 -516.824991 -615.674754 -714.209905 -812.872781 -911.398577 -1009.761148 -1107.942621 -1204.375840 -1298.545808 -1388.539478 -1471.682699 -1545.322037 -1607.696323 -1658.335665 -1697.932818 -1727.926762 -1750.058786 -1766.045668 -1777.397693 -1785.349400 -1790.859706 -1794.646408 -1797.232764 -1798.995375 -1800.214995 -1801.163597 -1802.361265 -1805.208356 -1810.983588 -1796.407323 -1330.450569 -1506.985902 -1459.320106 -1428.652074 -1414.661139 -1412.711555 -1412.509089 -1412.528242 -1412.578875 -1412.633297 -1412.685579 -1412.733983 -1412.778887 -1412.830982 -1412.993287 -1414.116852 -1421.377386 -1437.833360 -1457.404317 -1266.462280 -1762.403218 -1803.640540 -1803.881322 -1803.015776 -1802.783894 -1802.739843 -1802.732838 -1802.732218 -1802.732591 -1802.733039 -1802.733414 -1802.733709 -1802.733941 -1802.734127 -1802.734278 -1802.734405 -1802.734516 -1802.734618 -1802.734719 -1802.734832 -1802.734970 -1802.735154 -1802.735417 -1802.735811 -1802.736419 -1802.737382 -1802.738944 -1802.741536 -1802.745952 -1802.753700 -1802.767723 -1802.793901 -1802.844252 -1802.944200 -1803.150434 -1803.598606 -1804.640172 -1807.274244 -1814.720560 -1839.095449 -9999.0 -9999.0
-9999.0 -9999.0 473.170014 375.001265 276.251745 177.229966 78.092880 -21.089929 -120.285390 -219.478776 -318.653267 -417.784715 -516.824991 -615.674754 -714.209905 -812.872780 -911.398577 -1009.761148 -1107.942621 -1204.375840 -1298.545808 -1388.539478 -1471.682699 -1545.322036 -1607.696323 -1658.335665 -1697.932818 -1727.926762 -1750.058785 -1766.045668 -1777.397693 -1785.349400 -1790.859706 -1794.646408 -1797.232764 -1798.995375 -1800.214995 -1801.163597 -1802.361265 -1805.208356 -1810.983588 -1796.407323 -1330.450569 -1506.985902 -1459.320106 -1428.652074 -1414.661139 -1412.711555 -1412.509089 -1412.528242 -1412.578875 -1412.633297 -1412.685579 -1412.733983 -1412.778887 -1412.830982 -1412.993287 -1414.116852 -1421.377386 -1437.833360 -1457.404317 -1266.462280 -1762.403218 -1803.640540 -1803.881322 -1803.015776 -1802.783894 -1802.739843 -1802.732838 -1802.732218 -1802.732591 -1802.733039 -1802.733414 -1802.733709 -1802.733941 -1802.734127 -1802.734278 -1802.734405 -1802.734516 -1802.734618 -1802.734719 -1802.734832 -1802.734970 -1802.735154 -1802.735417 -1802.735811 -1802.736419 -1802.737382 -1802.738944 -1802.741536 -1802.745952 -1802.753700 -1802.767723 -1802.793901 -1802.844252 -1802.944200 -1803.150434 -1803.598606 -1804.640172 -1807.274244 -1814.720560 -1839.095449 -9999.0 -9999.0
-9999.0 -9999.0 473.164242 374.999663 276.251298 177.229832 78.092836 -21.089944 -120.285396 -219.478778 -318.653267 -417.784715 -516.824991 -615.674754 -714.209905 -812.872780 -911.398577 -1009.761148 -1107.942621 -1204.375840 -1298.545808 -1388.539478 -1471.682698 -1545.322036 -1607.696323 -1658.335664 -1697.932818 -1727.926762 -1750.058785 -1766.045668 -1777.397693 -1785.349400 -1790.859706 -1794.646408 -1797.232764 -1798.995375 -1800.214995 -1801.163597 -1802.361265 -1805.208356 -1810.983588 -1796.407323 -1330.450569 -1506.985903 -1459.320107 -1428.652075 -1414.661139 -1412.711555 -1412.509089 -1412.528242 -1412.578875 -1412.633297 -1412.685579 -1412.733983 -1412.778887 -1412.830982 -1412.993287 -1414.116852 -1421.377386 -1437.833360 -1457.404317 -1266.462280 -1762.403218 -1803.640540 -1803.881323 -1803.015776 -1802.783894 -1802.739843 -1802.732838 -1802.732218 -1802.732591 -1802.733039 -1802.733414 -1802.733709 -1802.733941 -1802.734127 -1802.734278 -1802.734405 -1802.734516 -1802.734618 -1802.734719 -1802.734832 -1802.734970 -1802.735154 -1802.735417 -1802.735811 -1802.736419 -1802.737382 -1802.738944 -1802.741536 -1802.745952 -1802.753700 -1802.767723 -1802.793901 -1802.844252 -1802.944200 -1803.150434 -1803.598606 -1804.640172 -1807.274244 -1814.720560 -1839.095449 -9999.0 -9999.0
-9999.0 -9999.0 -9999.0 -9999.0 -9999.0 -9999.0 -9999.0 -9999.0 -9999.0 -9999.0 -9999.0 -9999.0 -9999.0 -9999.0 -9999.0 -9999.0 -9999.0 -9999.0 -9999.0 -9999.0 -9999.0 -9999.0 -9999.0 -9999.0 -9999.0 -9999.0 -9999.0 -9999.0 -9999.0 -9999.0 -9999.0 -9999.0 -9999.0 -9999.0 -9999.0 -9999.0 -9999.0 -9999.0 -9999.0 -9999.0 -9999.0 -9999.0 -9999.0 -9999.0 -9999.0 -9999.0 -9999.0 -9999.0 -9999.0 -9999.0 -9999.0 -9999.0 -9999.0 -9999.0 -9999.0 -9999.0 -9999.0 -9999.0 -9999.0 -9999.0 -9999.0 -9999.0 -9999.0 -9999.0 -9999.0 -9999.0 -9999.0 -9999.0 -9999.0 -9999.0 -9999.0 -9999.0 -9999.0 -9999.0 -9999.0 -9999.0 -9999.0 -9999.0 -9999.0 -9999.0 -9999.0 -9999.0 -9999.0 -9999.0 -9999.0 -9999.0 -9999.0 -9999.0 -9999.0 -9999.0 -9999.0 -9999.0 -9999.0 -9999.0 -9999.0 -9999.0 -9999.0 -9999.0 -9999.0 -9999.0 -9999.0 -9999.0 -9999.0 -9999.0
-9999.0 -9999.0 -9999.0 -9999.0 -9999.0 -9999.0 -9999.0 -9999.0 -9999.0 -9999.0 -9999.0 -9999.0 -9999.0 -9999.0 -9999.0 -9999.0 -9999.0 -9999.0 -9999.0 -9999.0 -9999.0 -9999.0 -9999.0 -9999.0 -9999.0 -9999.0 -9999.0 -9999.0 -9999.0 -9999.0 -9999.0 -9999.0 -9999.0 -9999.0 -9999.0 -9999.0 -9999.0 -9999.0 -9999.0 -9999.0 -9999.0 -9999.0 -9999.0 -9999.0 -9999.0 -9999.0 -9999.0 -9999.0 -9999.0 -9999.0 -9999.0 -9999.0 -9999.0 -9999.0 -9999.0 -9999.0 -9999.0 -9999.0 -9999.0 -9999.0 -9999.0 -9999.0 -9999.0 -9999.0 -9999.0 -9999.0 -9999.0 -9999.0 -9999.0 -9999.0 -9999.0 -9999.0 -9999.0 -9999.0 -9999.0 -9999.0 -9999.0 -9999.0 -9999.0 -9999.0 -9999.0 -9999.0 -9999.0 -9999.0 -9999.0 -9999.0 -9999.0 -9999.0 -9999.0 -9999.0 -9999.0 -9999.0 -9999.0 -9999.0 -9999.0 -9999.0 -9999.0 -9999.0 -9999.0 -9999.0 -9999.0 -9999.0 -9999.0 -9999.0