inst/processing_geotop_simulation/geotop_simulation/out/maps3D/PwL0018N0144.asc
ncols         104
nrows         10
xllcorner     -2.000000
yllcorner     0.000000
cellsize      1.000000
NODATA_value  -9999.0
-9999.0 -9999.0 -9999.0 -9999.0 -9999.0 -9999.0 -9999.0 -9999.0 -9999.0 -9999.0 -9999.0 -9999.0 -9999.0 -9999.0 -9999.0 -9999.0 -9999.0 -9999.0 -9999.0 -9999.0 -9999.0 -9999.0 -9999.0 -9999.0 -9999.0 -9999.0 -9999.0 -9999.0 -9999.0 -9999.0 -9999.0 -9999.0 -9999.0 -9999.0 -9999.0 -9999.0 -9999.0 -9999.0 -9999.0 -9999.0 -9999.0 -9999.0 -9999.0 -9999.0 -9999.0 -9999.0 -9999.0 -9999.0 -9999.0 -9999.0 -9999.0 -9999.0 -9999.0 -9999.0 -9999.0 -9999.0 -9999.0 -9999.0 -9999.0 -9999.0 -9999.0 -9999.0 -9999.0 -9999.0 -9999.0 -9999.0 -9999.0 -9999.0 -9999.0 -9999.0 -9999.0 -9999.0 -9999.0 -9999.0 -9999.0 -9999.0 -9999.0 -9999.0 -9999.0 -9999.0 -9999.0 -9999.0 -9999.0 -9999.0 -9999.0 -9999.0 -9999.0 -9999.0 -9999.0 -9999.0 -9999.0 -9999.0 -9999.0 -9999.0 -9999.0 -9999.0 -9999.0 -9999.0 -9999.0 -9999.0 -9999.0 -9999.0 -9999.0 -9999.0
-9999.0 -9999.0 -9999.0 -9999.0 -9999.0 -9999.0 -9999.0 -9999.0 -9999.0 -9999.0 -9999.0 -9999.0 -9999.0 -9999.0 -9999.0 -9999.0 -9999.0 -9999.0 -9999.0 -9999.0 -9999.0 -9999.0 -9999.0 -9999.0 -9999.0 -9999.0 -9999.0 -9999.0 -9999.0 -9999.0 -9999.0 -9999.0 -9999.0 -9999.0 -9999.0 -9999.0 -9999.0 -9999.0 -9999.0 -9999.0 -9999.0 -9999.0 -9999.0 -9999.0 -9999.0 -9999.0 -9999.0 -9999.0 -9999.0 -9999.0 -9999.0 -9999.0 -9999.0 -9999.0 -9999.0 -9999.0 -9999.0 -9999.0 -9999.0 -9999.0 -9999.0 -9999.0 -9999.0 -9999.0 -9999.0 -9999.0 -9999.0 -9999.0 -9999.0 -9999.0 -9999.0 -9999.0 -9999.0 -9999.0 -9999.0 -9999.0 -9999.0 -9999.0 -9999.0 -9999.0 -9999.0 -9999.0 -9999.0 -9999.0 -9999.0 -9999.0 -9999.0 -9999.0 -9999.0 -9999.0 -9999.0 -9999.0 -9999.0 -9999.0 -9999.0 -9999.0 -9999.0 -9999.0 -9999.0 -9999.0 -9999.0 -9999.0 -9999.0 -9999.0
-9999.0 -9999.0 886.064339 792.670115 698.521719 603.506616 508.034884 412.358144 316.611635 220.868176 125.167773 29.534675 -66.000821 -161.427473 -256.679968 -351.648290 -446.175978 -539.972701 -632.298791 -724.199357 -814.613172 -903.254636 -989.794642 -1056.715730 -1110.143380 -1150.403570 -1179.237498 -1199.029617 -1212.152257 -1220.610270 -1225.940077 -1229.240549 -1231.258686 -1232.483043 -1233.223591 -1233.674984 -1233.965739 -1234.210860 -1234.691811 -1236.989300 -1250.170447 -1337.100890 -2028.818061 -4068.065582 -4084.157703 -4084.158416 -4084.158414 -4084.158394 -4084.158272 -4084.157810 -4084.156368 -4084.151673 -4084.143172 -4084.131434 -4084.110756 -4084.067961 -4083.966780 -4083.701141 -4082.946566 -4080.643743 -4043.727196 -1853.707683 -1301.602456 -1244.305842 -1235.928503 -1234.758219 -1234.596623 -1234.572886 -1234.570037 -1234.570702 -1234.571810 -1234.572778 -1234.573535 -1234.574112 -1234.574555 -1234.574899 -1234.575172 -1234.575393 -1234.575578 -1234.575742 -1234.575902 -1234.576079 -1234.576301 -1234.576606 -1234.577058 -1234.577749 -1234.578837 -1234.580574 -1234.583395 -1234.588054 -1234.595916 -1234.609530 -1234.633805 -1234.678419 -1234.762761 -1234.926388 -1235.252855 -1235.930955 -1237.427371 -1240.980022 -1250.019886 -1275.451969 -9999.0 -9999.0
-9999.0 -9999.0 886.068200 792.671534 698.522175 603.506763 508.034933 412.358160 316.611640 220.868178 125.167774 29.534675 -66.000821 -161.427473 -256.679969 -351.648290 -446.175978 -539.972701 -632.298792 -724.199358 -814.613173 -903.254637 -989.794642 -1056.715731 -1110.143380 -1150.403570 -1179.237498 -1199.029617 -1212.152257 -1220.610270 -1225.940077 -1229.240549 -1231.258686 -1232.483043 -1233.223591 -1233.674984 -1233.965739 -1234.210860 -1234.691811 -1236.989300 -1250.170447 -1337.100890 -2028.818061 -4068.065582 -4084.157703 -4084.158416 -4084.158414 -4084.158394 -4084.158272 -4084.157810 -4084.156368 -4084.151673 -4084.143172 -4084.131434 -4084.110756 -4084.067961 -4083.966780 -4083.701141 -4082.946566 -4080.643743 -4043.727196 -1853.707683 -1301.602456 -1244.305842 -1235.928503 -1234.758219 -1234.596623 -1234.572886 -1234.570037 -1234.570702 -1234.571810 -1234.572778 -1234.573535 -1234.574112 -1234.574555 -1234.574899 -1234.575172 -1234.575393 -1234.575578 -1234.575742 -1234.575902 -1234.576079 -1234.576301 -1234.576606 -1234.577058 -1234.577749 -1234.578837 -1234.580574 -1234.583395 -1234.588054 -1234.595916 -1234.609530 -1234.633805 -1234.678419 -1234.762761 -1234.926388 -1235.252855 -1235.930955 -1237.427371 -1240.980022 -1250.019886 -1275.451969 -9999.0 -9999.0
-9999.0 -9999.0 886.069592 792.672276 698.522486 603.506882 508.034976 412.358176 316.611646 220.868180 125.167775 29.534675 -66.000821 -161.427473 -256.679969 -351.648290 -446.175978 -539.972702 -632.298792 -724.199358 -814.613173 -903.254637 -989.794642 -1056.715731 -1110.143380 -1150.403570 -1179.237498 -1199.029617 -1212.152257 -1220.610270 -1225.940077 -1229.240549 -1231.258686 -1232.483043 -1233.223591 -1233.674984 -1233.965739 -1234.210860 -1234.691811 -1236.989300 -1250.170447 -1337.100890 -2028.818061 -4068.065582 -4084.157703 -4084.158416 -4084.158414 -4084.158394 -4084.158272 -4084.157810 -4084.156368 -4084.151673 -4084.143172 -4084.131434 -4084.110756 -4084.067961 -4083.966780 -4083.701141 -4082.946566 -4080.643743 -4043.727196 -1853.707683 -1301.602456 -1244.305842 -1235.928503 -1234.758219 -1234.596623 -1234.572886 -1234.570037 -1234.570702 -1234.571810 -1234.572778 -1234.573535 -1234.574112 -1234.574555 -1234.574899 -1234.575172 -1234.575393 -1234.575578 -1234.575742 -1234.575902 -1234.576079 -1234.576301 -1234.576606 -1234.577058 -1234.577749 -1234.578837 -1234.580574 -1234.583395 -1234.588054 -1234.595916 -1234.609530 -1234.633805 -1234.678419 -1234.762761 -1234.926388 -1235.252855 -1235.930955 -1237.427371 -1240.980022 -1250.019886 -1275.451969 -9999.0 -9999.0
-9999.0 -9999.0 886.069592 792.672276 698.522486 603.506882 508.034976 412.358176 316.611646 220.868180 125.167774 29.534675 -66.000821 -161.427473 -256.679969 -351.648290 -446.175978 -539.972702 -632.298792 -724.199358 -814.613173 -903.254637 -989.794642 -1056.715731 -1110.143380 -1150.403570 -1179.237498 -1199.029617 -1212.152257 -1220.610270 -1225.940077 -1229.240549 -1231.258686 -1232.483043 -1233.223591 -1233.674984 -1233.965739 -1234.210860 -1234.691811 -1236.989300 -1250.170447 -1337.100890 -2028.818061 -4068.065582 -4084.157703 -4084.158416 -4084.158414 -4084.158394 -4084.158272 -4084.157810 -4084.156368 -4084.151673 -4084.143172 -4084.131434 -4084.110756 -4084.067961 -4083.966780 -4083.701141 -4082.946566 -4080.643743 -4043.727196 -1853.707683 -1301.602456 -1244.305842 -1235.928503 -1234.758219 -1234.596623 -1234.572886 -1234.570037 -1234.570702 -1234.571810 -1234.572778 -1234.573535 -1234.574112 -1234.574555 -1234.574899 -1234.575172 -1234.575393 -1234.575578 -1234.575742 -1234.575902 -1234.576079 -1234.576301 -1234.576606 -1234.577058 -1234.577749 -1234.578837 -1234.580574 -1234.583395 -1234.588054 -1234.595916 -1234.609530 -1234.633805 -1234.678419 -1234.762761 -1234.926388 -1235.252855 -1235.930955 -1237.427371 -1240.980022 -1250.019886 -1275.451969 -9999.0 -9999.0
-9999.0 -9999.0 886.068200 792.671534 698.522175 603.506763 508.034933 412.358160 316.611640 220.868178 125.167774 29.534675 -66.000821 -161.427473 -256.679968 -351.648290 -446.175978 -539.972701 -632.298792 -724.199358 -814.613173 -903.254637 -989.794642 -1056.715731 -1110.143380 -1150.403570 -1179.237498 -1199.029617 -1212.152257 -1220.610270 -1225.940077 -1229.240549 -1231.258686 -1232.483043 -1233.223591 -1233.674984 -1233.965739 -1234.210860 -1234.691811 -1236.989300 -1250.170447 -1337.100890 -2028.818061 -4068.065582 -4084.157703 -4084.158416 -4084.158414 -4084.158394 -4084.158272 -4084.157810 -4084.156368 -4084.151673 -4084.143172 -4084.131434 -4084.110756 -4084.067961 -4083.966780 -4083.701141 -4082.946566 -4080.643743 -4043.727196 -1853.707683 -1301.602456 -1244.305842 -1235.928503 -1234.758219 -1234.596623 -1234.572886 -1234.570037 -1234.570702 -1234.571810 -1234.572778 -1234.573535 -1234.574112 -1234.574555 -1234.574899 -1234.575172 -1234.575393 -1234.575578 -1234.575742 -1234.575902 -1234.576079 -1234.576301 -1234.576606 -1234.577058 -1234.577749 -1234.578837 -1234.580574 -1234.583395 -1234.588054 -1234.595916 -1234.609530 -1234.633805 -1234.678419 -1234.762761 -1234.926388 -1235.252855 -1235.930955 -1237.427371 -1240.980022 -1250.019886 -1275.451969 -9999.0 -9999.0
-9999.0 -9999.0 886.064339 792.670115 698.521719 603.506616 508.034884 412.358144 316.611634 220.868176 125.167773 29.534675 -66.000821 -161.427473 -256.679968 -351.648290 -446.175978 -539.972701 -632.298792 -724.199357 -814.613172 -903.254636 -989.794642 -1056.715730 -1110.143380 -1150.403570 -1179.237498 -1199.029617 -1212.152257 -1220.610270 -1225.940077 -1229.240549 -1231.258686 -1232.483043 -1233.223591 -1233.674984 -1233.965739 -1234.210860 -1234.691811 -1236.989300 -1250.170447 -1337.100890 -2028.818061 -4068.065582 -4084.157703 -4084.158416 -4084.158414 -4084.158394 -4084.158272 -4084.157810 -4084.156368 -4084.151673 -4084.143172 -4084.131434 -4084.110756 -4084.067961 -4083.966780 -4083.701141 -4082.946566 -4080.643743 -4043.727196 -1853.707683 -1301.602456 -1244.305842 -1235.928503 -1234.758219 -1234.596623 -1234.572886 -1234.570037 -1234.570702 -1234.571810 -1234.572778 -1234.573535 -1234.574112 -1234.574555 -1234.574899 -1234.575172 -1234.575393 -1234.575578 -1234.575742 -1234.575902 -1234.576079 -1234.576301 -1234.576606 -1234.577058 -1234.577749 -1234.578837 -1234.580574 -1234.583395 -1234.588054 -1234.595916 -1234.609530 -1234.633805 -1234.678419 -1234.762761 -1234.926388 -1235.252855 -1235.930955 -1237.427371 -1240.980022 -1250.019886 -1275.451969 -9999.0 -9999.0
-9999.0 -9999.0 -9999.0 -9999.0 -9999.0 -9999.0 -9999.0 -9999.0 -9999.0 -9999.0 -9999.0 -9999.0 -9999.0 -9999.0 -9999.0 -9999.0 -9999.0 -9999.0 -9999.0 -9999.0 -9999.0 -9999.0 -9999.0 -9999.0 -9999.0 -9999.0 -9999.0 -9999.0 -9999.0 -9999.0 -9999.0 -9999.0 -9999.0 -9999.0 -9999.0 -9999.0 -9999.0 -9999.0 -9999.0 -9999.0 -9999.0 -9999.0 -9999.0 -9999.0 -9999.0 -9999.0 -9999.0 -9999.0 -9999.0 -9999.0 -9999.0 -9999.0 -9999.0 -9999.0 -9999.0 -9999.0 -9999.0 -9999.0 -9999.0 -9999.0 -9999.0 -9999.0 -9999.0 -9999.0 -9999.0 -9999.0 -9999.0 -9999.0 -9999.0 -9999.0 -9999.0 -9999.0 -9999.0 -9999.0 -9999.0 -9999.0 -9999.0 -9999.0 -9999.0 -9999.0 -9999.0 -9999.0 -9999.0 -9999.0 -9999.0 -9999.0 -9999.0 -9999.0 -9999.0 -9999.0 -9999.0 -9999.0 -9999.0 -9999.0 -9999.0 -9999.0 -9999.0 -9999.0 -9999.0 -9999.0 -9999.0 -9999.0 -9999.0 -9999.0
-9999.0 -9999.0 -9999.0 -9999.0 -9999.0 -9999.0 -9999.0 -9999.0 -9999.0 -9999.0 -9999.0 -9999.0 -9999.0 -9999.0 -9999.0 -9999.0 -9999.0 -9999.0 -9999.0 -9999.0 -9999.0 -9999.0 -9999.0 -9999.0 -9999.0 -9999.0 -9999.0 -9999.0 -9999.0 -9999.0 -9999.0 -9999.0 -9999.0 -9999.0 -9999.0 -9999.0 -9999.0 -9999.0 -9999.0 -9999.0 -9999.0 -9999.0 -9999.0 -9999.0 -9999.0 -9999.0 -9999.0 -9999.0 -9999.0 -9999.0 -9999.0 -9999.0 -9999.0 -9999.0 -9999.0 -9999.0 -9999.0 -9999.0 -9999.0 -9999.0 -9999.0 -9999.0 -9999.0 -9999.0 -9999.0 -9999.0 -9999.0 -9999.0 -9999.0 -9999.0 -9999.0 -9999.0 -9999.0 -9999.0 -9999.0 -9999.0 -9999.0 -9999.0 -9999.0 -9999.0 -9999.0 -9999.0 -9999.0 -9999.0 -9999.0 -9999.0 -9999.0 -9999.0 -9999.0 -9999.0 -9999.0 -9999.0 -9999.0 -9999.0 -9999.0 -9999.0 -9999.0 -9999.0 -9999.0 -9999.0 -9999.0 -9999.0 -9999.0 -9999.0