inst/processing_geotop_simulation/geotop_simulation/out/maps3D/PwL0002N0036.asc
ncols         104
nrows         10
xllcorner     -2.000000
yllcorner     0.000000
cellsize      1.000000
NODATA_value  -9999.0
-9999.0 -9999.0 -9999.0 -9999.0 -9999.0 -9999.0 -9999.0 -9999.0 -9999.0 -9999.0 -9999.0 -9999.0 -9999.0 -9999.0 -9999.0 -9999.0 -9999.0 -9999.0 -9999.0 -9999.0 -9999.0 -9999.0 -9999.0 -9999.0 -9999.0 -9999.0 -9999.0 -9999.0 -9999.0 -9999.0 -9999.0 -9999.0 -9999.0 -9999.0 -9999.0 -9999.0 -9999.0 -9999.0 -9999.0 -9999.0 -9999.0 -9999.0 -9999.0 -9999.0 -9999.0 -9999.0 -9999.0 -9999.0 -9999.0 -9999.0 -9999.0 -9999.0 -9999.0 -9999.0 -9999.0 -9999.0 -9999.0 -9999.0 -9999.0 -9999.0 -9999.0 -9999.0 -9999.0 -9999.0 -9999.0 -9999.0 -9999.0 -9999.0 -9999.0 -9999.0 -9999.0 -9999.0 -9999.0 -9999.0 -9999.0 -9999.0 -9999.0 -9999.0 -9999.0 -9999.0 -9999.0 -9999.0 -9999.0 -9999.0 -9999.0 -9999.0 -9999.0 -9999.0 -9999.0 -9999.0 -9999.0 -9999.0 -9999.0 -9999.0 -9999.0 -9999.0 -9999.0 -9999.0 -9999.0 -9999.0 -9999.0 -9999.0 -9999.0 -9999.0
-9999.0 -9999.0 -9999.0 -9999.0 -9999.0 -9999.0 -9999.0 -9999.0 -9999.0 -9999.0 -9999.0 -9999.0 -9999.0 -9999.0 -9999.0 -9999.0 -9999.0 -9999.0 -9999.0 -9999.0 -9999.0 -9999.0 -9999.0 -9999.0 -9999.0 -9999.0 -9999.0 -9999.0 -9999.0 -9999.0 -9999.0 -9999.0 -9999.0 -9999.0 -9999.0 -9999.0 -9999.0 -9999.0 -9999.0 -9999.0 -9999.0 -9999.0 -9999.0 -9999.0 -9999.0 -9999.0 -9999.0 -9999.0 -9999.0 -9999.0 -9999.0 -9999.0 -9999.0 -9999.0 -9999.0 -9999.0 -9999.0 -9999.0 -9999.0 -9999.0 -9999.0 -9999.0 -9999.0 -9999.0 -9999.0 -9999.0 -9999.0 -9999.0 -9999.0 -9999.0 -9999.0 -9999.0 -9999.0 -9999.0 -9999.0 -9999.0 -9999.0 -9999.0 -9999.0 -9999.0 -9999.0 -9999.0 -9999.0 -9999.0 -9999.0 -9999.0 -9999.0 -9999.0 -9999.0 -9999.0 -9999.0 -9999.0 -9999.0 -9999.0 -9999.0 -9999.0 -9999.0 -9999.0 -9999.0 -9999.0 -9999.0 -9999.0 -9999.0 -9999.0
-9999.0 -9999.0 -781.251930 -789.573829 -796.111758 -803.646744 -810.157799 -814.560065 -817.321745 -817.735515 -792.735451 -795.286085 -804.624115 -798.929986 -749.736263 -633.918918 -526.324794 -485.339132 -496.539265 -531.322107 -574.599573 -618.978502 -660.944985 -698.917464 -731.972114 -759.300757 -780.304817 -795.178417 -804.948739 -810.984100 -814.542594 -816.568180 -817.687258 -818.282615 -818.573175 -818.670363 -818.624562 -818.686094 -819.650644 -819.114771 -815.457429 -825.955882 -577.540777 -560.491919 -543.866041 -534.203517 -529.773500 -529.159019 -529.113114 -529.170049 -529.250384 -529.333915 -529.413903 -529.487814 -529.554877 -529.618068 -529.711054 -530.147514 -532.651751 -538.970247 -550.215920 -557.845527 -823.935630 -823.911982 -820.513152 -819.428441 -819.221673 -819.204462 -819.221768 -819.241909 -819.258515 -819.271020 -819.280202 -819.286978 -819.292053 -819.295920 -819.298937 -819.301322 -819.303246 -819.304877 -819.306386 -819.307970 -819.309872 -819.312432 -819.316151 -819.321799 -819.330595 -819.344506 -819.366760 -819.402771 -819.461888 -819.560766 -819.730156 -820.028695 -820.570807 -821.581660 -823.500166 -827.158607 -834.067663 -846.831771 -869.815389 -910.205797 -9999.0 -9999.0
-9999.0 -9999.0 -781.251687 -789.573535 -796.111552 -803.646657 -810.157778 -814.560066 -817.321749 -817.735519 -792.735452 -795.286085 -804.624115 -798.929986 -749.736263 -633.918918 -526.324794 -485.339132 -496.539265 -531.322107 -574.599573 -618.978502 -660.944985 -698.917464 -731.972114 -759.300757 -780.304817 -795.178417 -804.948739 -810.984100 -814.542594 -816.568180 -817.687258 -818.282615 -818.573175 -818.670363 -818.624562 -818.686094 -819.650644 -819.114771 -815.457429 -825.955882 -577.540777 -560.491919 -543.866041 -534.203517 -529.773500 -529.159019 -529.113114 -529.170049 -529.250384 -529.333915 -529.413903 -529.487814 -529.554877 -529.618068 -529.711054 -530.147514 -532.651751 -538.970247 -550.215920 -557.845527 -823.935630 -823.911982 -820.513152 -819.428441 -819.221673 -819.204462 -819.221768 -819.241909 -819.258515 -819.271020 -819.280202 -819.286978 -819.292053 -819.295920 -819.298937 -819.301322 -819.303246 -819.304877 -819.306386 -819.307970 -819.309872 -819.312432 -819.316151 -819.321799 -819.330595 -819.344506 -819.366760 -819.402771 -819.461888 -819.560766 -819.730156 -820.028695 -820.570807 -821.581660 -823.500166 -827.158607 -834.067663 -846.831771 -869.815389 -910.205797 -9999.0 -9999.0
-9999.0 -9999.0 -781.251602 -789.573399 -796.111429 -803.646597 -810.157762 -814.560067 -817.321754 -817.735523 -792.735452 -795.286085 -804.624115 -798.929986 -749.736263 -633.918918 -526.324794 -485.339132 -496.539265 -531.322107 -574.599573 -618.978502 -660.944985 -698.917464 -731.972114 -759.300757 -780.304817 -795.178417 -804.948739 -810.984100 -814.542594 -816.568180 -817.687258 -818.282615 -818.573175 -818.670363 -818.624562 -818.686094 -819.650644 -819.114771 -815.457429 -825.955882 -577.540777 -560.491919 -543.866041 -534.203517 -529.773500 -529.159019 -529.113114 -529.170049 -529.250384 -529.333915 -529.413903 -529.487814 -529.554877 -529.618068 -529.711054 -530.147514 -532.651751 -538.970247 -550.215920 -557.845527 -823.935630 -823.911982 -820.513152 -819.428441 -819.221673 -819.204462 -819.221768 -819.241909 -819.258515 -819.271020 -819.280202 -819.286978 -819.292053 -819.295920 -819.298937 -819.301322 -819.303246 -819.304877 -819.306386 -819.307970 -819.309872 -819.312432 -819.316151 -819.321799 -819.330595 -819.344506 -819.366760 -819.402771 -819.461888 -819.560766 -819.730156 -820.028695 -820.570807 -821.581660 -823.500166 -827.158607 -834.067663 -846.831771 -869.815389 -910.205797 -9999.0 -9999.0
-9999.0 -9999.0 -781.251602 -789.573399 -796.111429 -803.646597 -810.157762 -814.560067 -817.321754 -817.735523 -792.735452 -795.286085 -804.624115 -798.929986 -749.736263 -633.918918 -526.324794 -485.339132 -496.539265 -531.322107 -574.599573 -618.978502 -660.944985 -698.917464 -731.972114 -759.300757 -780.304817 -795.178417 -804.948739 -810.984100 -814.542594 -816.568180 -817.687258 -818.282615 -818.573175 -818.670363 -818.624562 -818.686094 -819.650644 -819.114771 -815.457429 -825.955882 -577.540777 -560.491919 -543.866041 -534.203517 -529.773500 -529.159019 -529.113114 -529.170049 -529.250384 -529.333915 -529.413903 -529.487814 -529.554877 -529.618068 -529.711054 -530.147514 -532.651751 -538.970247 -550.215920 -557.845527 -823.935630 -823.911982 -820.513152 -819.428441 -819.221673 -819.204462 -819.221768 -819.241909 -819.258515 -819.271020 -819.280202 -819.286978 -819.292053 -819.295920 -819.298937 -819.301322 -819.303246 -819.304877 -819.306386 -819.307970 -819.309872 -819.312432 -819.316151 -819.321799 -819.330595 -819.344506 -819.366760 -819.402771 -819.461888 -819.560766 -819.730156 -820.028695 -820.570807 -821.581660 -823.500166 -827.158607 -834.067663 -846.831771 -869.815389 -910.205797 -9999.0 -9999.0
-9999.0 -9999.0 -781.251687 -789.573535 -796.111552 -803.646657 -810.157778 -814.560066 -817.321749 -817.735519 -792.735452 -795.286085 -804.624115 -798.929986 -749.736263 -633.918918 -526.324794 -485.339132 -496.539265 -531.322107 -574.599573 -618.978502 -660.944985 -698.917464 -731.972114 -759.300757 -780.304817 -795.178417 -804.948739 -810.984100 -814.542594 -816.568180 -817.687258 -818.282615 -818.573175 -818.670363 -818.624562 -818.686094 -819.650644 -819.114771 -815.457429 -825.955882 -577.540777 -560.491919 -543.866041 -534.203517 -529.773500 -529.159019 -529.113114 -529.170049 -529.250384 -529.333915 -529.413903 -529.487814 -529.554877 -529.618068 -529.711054 -530.147514 -532.651751 -538.970247 -550.215920 -557.845527 -823.935630 -823.911982 -820.513152 -819.428441 -819.221673 -819.204462 -819.221768 -819.241909 -819.258515 -819.271020 -819.280202 -819.286978 -819.292053 -819.295920 -819.298937 -819.301322 -819.303246 -819.304877 -819.306386 -819.307970 -819.309872 -819.312432 -819.316151 -819.321799 -819.330595 -819.344506 -819.366760 -819.402771 -819.461888 -819.560766 -819.730156 -820.028695 -820.570807 -821.581660 -823.500166 -827.158607 -834.067663 -846.831771 -869.815389 -910.205797 -9999.0 -9999.0
-9999.0 -9999.0 -781.251930 -789.573829 -796.111758 -803.646744 -810.157799 -814.560065 -817.321745 -817.735515 -792.735451 -795.286085 -804.624115 -798.929986 -749.736263 -633.918918 -526.324794 -485.339132 -496.539265 -531.322107 -574.599573 -618.978502 -660.944985 -698.917464 -731.972114 -759.300757 -780.304817 -795.178417 -804.948739 -810.984100 -814.542594 -816.568180 -817.687258 -818.282615 -818.573175 -818.670363 -818.624562 -818.686094 -819.650644 -819.114771 -815.457429 -825.955882 -577.540777 -560.491919 -543.866041 -534.203517 -529.773500 -529.159019 -529.113114 -529.170049 -529.250384 -529.333915 -529.413903 -529.487814 -529.554877 -529.618068 -529.711054 -530.147514 -532.651751 -538.970247 -550.215920 -557.845527 -823.935630 -823.911982 -820.513152 -819.428441 -819.221673 -819.204462 -819.221768 -819.241909 -819.258515 -819.271020 -819.280202 -819.286978 -819.292053 -819.295920 -819.298937 -819.301322 -819.303246 -819.304877 -819.306386 -819.307970 -819.309872 -819.312432 -819.316151 -819.321799 -819.330595 -819.344506 -819.366760 -819.402771 -819.461888 -819.560766 -819.730156 -820.028695 -820.570807 -821.581660 -823.500166 -827.158607 -834.067663 -846.831771 -869.815389 -910.205797 -9999.0 -9999.0
-9999.0 -9999.0 -9999.0 -9999.0 -9999.0 -9999.0 -9999.0 -9999.0 -9999.0 -9999.0 -9999.0 -9999.0 -9999.0 -9999.0 -9999.0 -9999.0 -9999.0 -9999.0 -9999.0 -9999.0 -9999.0 -9999.0 -9999.0 -9999.0 -9999.0 -9999.0 -9999.0 -9999.0 -9999.0 -9999.0 -9999.0 -9999.0 -9999.0 -9999.0 -9999.0 -9999.0 -9999.0 -9999.0 -9999.0 -9999.0 -9999.0 -9999.0 -9999.0 -9999.0 -9999.0 -9999.0 -9999.0 -9999.0 -9999.0 -9999.0 -9999.0 -9999.0 -9999.0 -9999.0 -9999.0 -9999.0 -9999.0 -9999.0 -9999.0 -9999.0 -9999.0 -9999.0 -9999.0 -9999.0 -9999.0 -9999.0 -9999.0 -9999.0 -9999.0 -9999.0 -9999.0 -9999.0 -9999.0 -9999.0 -9999.0 -9999.0 -9999.0 -9999.0 -9999.0 -9999.0 -9999.0 -9999.0 -9999.0 -9999.0 -9999.0 -9999.0 -9999.0 -9999.0 -9999.0 -9999.0 -9999.0 -9999.0 -9999.0 -9999.0 -9999.0 -9999.0 -9999.0 -9999.0 -9999.0 -9999.0 -9999.0 -9999.0 -9999.0 -9999.0
-9999.0 -9999.0 -9999.0 -9999.0 -9999.0 -9999.0 -9999.0 -9999.0 -9999.0 -9999.0 -9999.0 -9999.0 -9999.0 -9999.0 -9999.0 -9999.0 -9999.0 -9999.0 -9999.0 -9999.0 -9999.0 -9999.0 -9999.0 -9999.0 -9999.0 -9999.0 -9999.0 -9999.0 -9999.0 -9999.0 -9999.0 -9999.0 -9999.0 -9999.0 -9999.0 -9999.0 -9999.0 -9999.0 -9999.0 -9999.0 -9999.0 -9999.0 -9999.0 -9999.0 -9999.0 -9999.0 -9999.0 -9999.0 -9999.0 -9999.0 -9999.0 -9999.0 -9999.0 -9999.0 -9999.0 -9999.0 -9999.0 -9999.0 -9999.0 -9999.0 -9999.0 -9999.0 -9999.0 -9999.0 -9999.0 -9999.0 -9999.0 -9999.0 -9999.0 -9999.0 -9999.0 -9999.0 -9999.0 -9999.0 -9999.0 -9999.0 -9999.0 -9999.0 -9999.0 -9999.0 -9999.0 -9999.0 -9999.0 -9999.0 -9999.0 -9999.0 -9999.0 -9999.0 -9999.0 -9999.0 -9999.0 -9999.0 -9999.0 -9999.0 -9999.0 -9999.0 -9999.0 -9999.0 -9999.0 -9999.0 -9999.0 -9999.0 -9999.0 -9999.0