inst/processing_geotop_simulation/geotop_simulation/out/maps3D/PwL0022N0321.asc
ncols         104
nrows         10
xllcorner     -2.000000
yllcorner     0.000000
cellsize      1.000000
NODATA_value  -9999.0
-9999.0 -9999.0 -9999.0 -9999.0 -9999.0 -9999.0 -9999.0 -9999.0 -9999.0 -9999.0 -9999.0 -9999.0 -9999.0 -9999.0 -9999.0 -9999.0 -9999.0 -9999.0 -9999.0 -9999.0 -9999.0 -9999.0 -9999.0 -9999.0 -9999.0 -9999.0 -9999.0 -9999.0 -9999.0 -9999.0 -9999.0 -9999.0 -9999.0 -9999.0 -9999.0 -9999.0 -9999.0 -9999.0 -9999.0 -9999.0 -9999.0 -9999.0 -9999.0 -9999.0 -9999.0 -9999.0 -9999.0 -9999.0 -9999.0 -9999.0 -9999.0 -9999.0 -9999.0 -9999.0 -9999.0 -9999.0 -9999.0 -9999.0 -9999.0 -9999.0 -9999.0 -9999.0 -9999.0 -9999.0 -9999.0 -9999.0 -9999.0 -9999.0 -9999.0 -9999.0 -9999.0 -9999.0 -9999.0 -9999.0 -9999.0 -9999.0 -9999.0 -9999.0 -9999.0 -9999.0 -9999.0 -9999.0 -9999.0 -9999.0 -9999.0 -9999.0 -9999.0 -9999.0 -9999.0 -9999.0 -9999.0 -9999.0 -9999.0 -9999.0 -9999.0 -9999.0 -9999.0 -9999.0 -9999.0 -9999.0 -9999.0 -9999.0 -9999.0 -9999.0
-9999.0 -9999.0 -9999.0 -9999.0 -9999.0 -9999.0 -9999.0 -9999.0 -9999.0 -9999.0 -9999.0 -9999.0 -9999.0 -9999.0 -9999.0 -9999.0 -9999.0 -9999.0 -9999.0 -9999.0 -9999.0 -9999.0 -9999.0 -9999.0 -9999.0 -9999.0 -9999.0 -9999.0 -9999.0 -9999.0 -9999.0 -9999.0 -9999.0 -9999.0 -9999.0 -9999.0 -9999.0 -9999.0 -9999.0 -9999.0 -9999.0 -9999.0 -9999.0 -9999.0 -9999.0 -9999.0 -9999.0 -9999.0 -9999.0 -9999.0 -9999.0 -9999.0 -9999.0 -9999.0 -9999.0 -9999.0 -9999.0 -9999.0 -9999.0 -9999.0 -9999.0 -9999.0 -9999.0 -9999.0 -9999.0 -9999.0 -9999.0 -9999.0 -9999.0 -9999.0 -9999.0 -9999.0 -9999.0 -9999.0 -9999.0 -9999.0 -9999.0 -9999.0 -9999.0 -9999.0 -9999.0 -9999.0 -9999.0 -9999.0 -9999.0 -9999.0 -9999.0 -9999.0 -9999.0 -9999.0 -9999.0 -9999.0 -9999.0 -9999.0 -9999.0 -9999.0 -9999.0 -9999.0 -9999.0 -9999.0 -9999.0 -9999.0 -9999.0 -9999.0
-9999.0 -9999.0 1069.463052 970.781614 872.069983 773.212809 674.268579 575.284713 476.289034 377.297188 278.318059 179.356827 80.416610 -18.497736 -117.382042 -216.229517 -315.009736 -413.661941 -512.068862 -610.016862 -707.127530 -804.454957 -901.135756 -996.923838 -1091.509009 -1174.407073 -1248.450225 -1312.137383 -1364.829855 -1406.820801 -1439.162005 -1463.348694 -1481.001742 -1493.637327 -1502.545700 -1508.758788 -1513.080995 -1516.197806 -1519.021626 -1523.800096 -1537.160704 -1580.054325 -1623.473891 -2370.680998 -3619.160289 -3588.203908 -2902.400595 -2507.995154 -2305.671390 -2176.724321 -2083.464353 -2004.059539 -1954.710225 -1922.242281 -1891.659011 -1859.111163 -1823.324594 -1784.638392 -1744.239376 -1702.774237 -1651.762663 -1416.739322 -1537.120874 -1528.999384 -1524.151633 -1522.748383 -1522.449508 -1522.395873 -1522.387485 -1522.386731 -1522.387163 -1522.387696 -1522.388157 -1522.388538 -1522.388853 -1522.389121 -1522.389354 -1522.389563 -1522.389756 -1522.389942 -1522.390130 -1522.390331 -1522.390561 -1522.390843 -1522.391211 -1522.391721 -1522.392461 -1522.393581 -1522.395339 -1522.398196 -1522.403001 -1522.411369 -1522.426471 -1522.454678 -1522.509196 -1522.618571 -1522.848307 -1523.359165 -1524.570210 -1527.640528 -1536.076415 -1562.107563 -9999.0 -9999.0
-9999.0 -9999.0 1069.465541 970.782626 872.070329 773.212926 674.268619 575.284727 476.289039 377.297190 278.318060 179.356827 80.416610 -18.497736 -117.382042 -216.229518 -315.009737 -413.661941 -512.068862 -610.016862 -707.127530 -804.454957 -901.135756 -996.923838 -1091.509009 -1174.407073 -1248.450225 -1312.137383 -1364.829855 -1406.820801 -1439.162005 -1463.348694 -1481.001742 -1493.637327 -1502.545700 -1508.758788 -1513.080995 -1516.197806 -1519.021627 -1523.800096 -1537.160704 -1580.054325 -1623.473890 -2370.680997 -3619.160289 -3588.203908 -2902.400594 -2507.995153 -2305.671390 -2176.724320 -2083.464352 -2004.059539 -1954.710225 -1922.242281 -1891.659011 -1859.111163 -1823.324594 -1784.638392 -1744.239376 -1702.774237 -1651.762663 -1416.739323 -1537.120874 -1528.999384 -1524.151633 -1522.748383 -1522.449508 -1522.395873 -1522.387485 -1522.386731 -1522.387163 -1522.387696 -1522.388157 -1522.388538 -1522.388853 -1522.389121 -1522.389354 -1522.389563 -1522.389756 -1522.389942 -1522.390130 -1522.390331 -1522.390561 -1522.390843 -1522.391211 -1522.391721 -1522.392461 -1522.393581 -1522.395339 -1522.398196 -1522.403001 -1522.411369 -1522.426471 -1522.454678 -1522.509196 -1522.618571 -1522.848307 -1523.359165 -1524.570210 -1527.640528 -1536.076415 -1562.107563 -9999.0 -9999.0
-9999.0 -9999.0 1069.466583 970.783195 872.070574 773.213020 674.268654 575.284740 476.289044 377.297192 278.318061 179.356828 80.416610 -18.497736 -117.382042 -216.229518 -315.009737 -413.661941 -512.068863 -610.016862 -707.127530 -804.454957 -901.135756 -996.923838 -1091.509009 -1174.407073 -1248.450226 -1312.137383 -1364.829855 -1406.820801 -1439.162005 -1463.348694 -1481.001742 -1493.637327 -1502.545700 -1508.758788 -1513.080995 -1516.197806 -1519.021627 -1523.800096 -1537.160704 -1580.054325 -1623.473890 -2370.680997 -3619.160288 -3588.203908 -2902.400594 -2507.995153 -2305.671389 -2176.724319 -2083.464351 -2004.059538 -1954.710225 -1922.242281 -1891.659011 -1859.111162 -1823.324594 -1784.638392 -1744.239376 -1702.774237 -1651.762663 -1416.739322 -1537.120874 -1528.999384 -1524.151633 -1522.748383 -1522.449508 -1522.395873 -1522.387485 -1522.386731 -1522.387163 -1522.387696 -1522.388157 -1522.388538 -1522.388853 -1522.389121 -1522.389354 -1522.389563 -1522.389756 -1522.389942 -1522.390130 -1522.390331 -1522.390561 -1522.390843 -1522.391211 -1522.391721 -1522.392461 -1522.393581 -1522.395339 -1522.398196 -1522.403001 -1522.411369 -1522.426471 -1522.454678 -1522.509196 -1522.618571 -1522.848307 -1523.359165 -1524.570210 -1527.640528 -1536.076415 -1562.107563 -9999.0 -9999.0
-9999.0 -9999.0 1069.466583 970.783195 872.070574 773.213020 674.268654 575.284740 476.289044 377.297192 278.318061 179.356828 80.416610 -18.497736 -117.382042 -216.229518 -315.009737 -413.661941 -512.068863 -610.016862 -707.127530 -804.454957 -901.135756 -996.923838 -1091.509009 -1174.407073 -1248.450226 -1312.137383 -1364.829855 -1406.820801 -1439.162005 -1463.348694 -1481.001742 -1493.637327 -1502.545700 -1508.758788 -1513.080995 -1516.197806 -1519.021627 -1523.800096 -1537.160704 -1580.054325 -1623.473890 -2370.680997 -3619.160288 -3588.203908 -2902.400594 -2507.995153 -2305.671389 -2176.724320 -2083.464351 -2004.059538 -1954.710225 -1922.242281 -1891.659011 -1859.111163 -1823.324594 -1784.638392 -1744.239376 -1702.774237 -1651.762663 -1416.739322 -1537.120874 -1528.999384 -1524.151633 -1522.748383 -1522.449508 -1522.395873 -1522.387485 -1522.386731 -1522.387163 -1522.387696 -1522.388157 -1522.388538 -1522.388853 -1522.389121 -1522.389354 -1522.389563 -1522.389756 -1522.389942 -1522.390130 -1522.390331 -1522.390561 -1522.390843 -1522.391211 -1522.391721 -1522.392461 -1522.393581 -1522.395339 -1522.398196 -1522.403001 -1522.411369 -1522.426471 -1522.454678 -1522.509196 -1522.618571 -1522.848307 -1523.359165 -1524.570210 -1527.640528 -1536.076415 -1562.107563 -9999.0 -9999.0
-9999.0 -9999.0 1069.465541 970.782626 872.070329 773.212926 674.268619 575.284727 476.289039 377.297190 278.318060 179.356827 80.416610 -18.497736 -117.382042 -216.229518 -315.009737 -413.661941 -512.068862 -610.016862 -707.127530 -804.454957 -901.135756 -996.923838 -1091.509009 -1174.407073 -1248.450225 -1312.137383 -1364.829855 -1406.820801 -1439.162005 -1463.348694 -1481.001742 -1493.637327 -1502.545700 -1508.758788 -1513.080995 -1516.197806 -1519.021627 -1523.800096 -1537.160704 -1580.054325 -1623.473890 -2370.680997 -3619.160289 -3588.203908 -2902.400594 -2507.995153 -2305.671390 -2176.724320 -2083.464352 -2004.059539 -1954.710225 -1922.242281 -1891.659011 -1859.111163 -1823.324594 -1784.638392 -1744.239376 -1702.774237 -1651.762663 -1416.739322 -1537.120874 -1528.999384 -1524.151633 -1522.748383 -1522.449508 -1522.395873 -1522.387485 -1522.386731 -1522.387163 -1522.387696 -1522.388157 -1522.388538 -1522.388853 -1522.389121 -1522.389354 -1522.389563 -1522.389756 -1522.389942 -1522.390130 -1522.390331 -1522.390561 -1522.390843 -1522.391211 -1522.391721 -1522.392461 -1522.393581 -1522.395339 -1522.398196 -1522.403001 -1522.411369 -1522.426471 -1522.454678 -1522.509196 -1522.618571 -1522.848307 -1523.359165 -1524.570210 -1527.640528 -1536.076415 -1562.107563 -9999.0 -9999.0
-9999.0 -9999.0 1069.463052 970.781614 872.069983 773.212809 674.268579 575.284713 476.289034 377.297188 278.318059 179.356827 80.416610 -18.497736 -117.382042 -216.229517 -315.009736 -413.661941 -512.068862 -610.016862 -707.127529 -804.454957 -901.135756 -996.923838 -1091.509009 -1174.407073 -1248.450225 -1312.137383 -1364.829855 -1406.820801 -1439.162005 -1463.348694 -1481.001742 -1493.637327 -1502.545700 -1508.758788 -1513.080995 -1516.197806 -1519.021626 -1523.800096 -1537.160704 -1580.054325 -1623.473891 -2370.680998 -3619.160289 -3588.203908 -2902.400595 -2507.995154 -2305.671390 -2176.724321 -2083.464353 -2004.059539 -1954.710225 -1922.242282 -1891.659011 -1859.111163 -1823.324594 -1784.638392 -1744.239376 -1702.774237 -1651.762663 -1416.739322 -1537.120874 -1528.999384 -1524.151633 -1522.748383 -1522.449508 -1522.395873 -1522.387485 -1522.386731 -1522.387163 -1522.387696 -1522.388157 -1522.388538 -1522.388853 -1522.389121 -1522.389354 -1522.389563 -1522.389756 -1522.389942 -1522.390130 -1522.390331 -1522.390561 -1522.390843 -1522.391211 -1522.391721 -1522.392461 -1522.393581 -1522.395339 -1522.398196 -1522.403001 -1522.411369 -1522.426471 -1522.454678 -1522.509196 -1522.618571 -1522.848307 -1523.359165 -1524.570210 -1527.640528 -1536.076415 -1562.107563 -9999.0 -9999.0
-9999.0 -9999.0 -9999.0 -9999.0 -9999.0 -9999.0 -9999.0 -9999.0 -9999.0 -9999.0 -9999.0 -9999.0 -9999.0 -9999.0 -9999.0 -9999.0 -9999.0 -9999.0 -9999.0 -9999.0 -9999.0 -9999.0 -9999.0 -9999.0 -9999.0 -9999.0 -9999.0 -9999.0 -9999.0 -9999.0 -9999.0 -9999.0 -9999.0 -9999.0 -9999.0 -9999.0 -9999.0 -9999.0 -9999.0 -9999.0 -9999.0 -9999.0 -9999.0 -9999.0 -9999.0 -9999.0 -9999.0 -9999.0 -9999.0 -9999.0 -9999.0 -9999.0 -9999.0 -9999.0 -9999.0 -9999.0 -9999.0 -9999.0 -9999.0 -9999.0 -9999.0 -9999.0 -9999.0 -9999.0 -9999.0 -9999.0 -9999.0 -9999.0 -9999.0 -9999.0 -9999.0 -9999.0 -9999.0 -9999.0 -9999.0 -9999.0 -9999.0 -9999.0 -9999.0 -9999.0 -9999.0 -9999.0 -9999.0 -9999.0 -9999.0 -9999.0 -9999.0 -9999.0 -9999.0 -9999.0 -9999.0 -9999.0 -9999.0 -9999.0 -9999.0 -9999.0 -9999.0 -9999.0 -9999.0 -9999.0 -9999.0 -9999.0 -9999.0 -9999.0
-9999.0 -9999.0 -9999.0 -9999.0 -9999.0 -9999.0 -9999.0 -9999.0 -9999.0 -9999.0 -9999.0 -9999.0 -9999.0 -9999.0 -9999.0 -9999.0 -9999.0 -9999.0 -9999.0 -9999.0 -9999.0 -9999.0 -9999.0 -9999.0 -9999.0 -9999.0 -9999.0 -9999.0 -9999.0 -9999.0 -9999.0 -9999.0 -9999.0 -9999.0 -9999.0 -9999.0 -9999.0 -9999.0 -9999.0 -9999.0 -9999.0 -9999.0 -9999.0 -9999.0 -9999.0 -9999.0 -9999.0 -9999.0 -9999.0 -9999.0 -9999.0 -9999.0 -9999.0 -9999.0 -9999.0 -9999.0 -9999.0 -9999.0 -9999.0 -9999.0 -9999.0 -9999.0 -9999.0 -9999.0 -9999.0 -9999.0 -9999.0 -9999.0 -9999.0 -9999.0 -9999.0 -9999.0 -9999.0 -9999.0 -9999.0 -9999.0 -9999.0 -9999.0 -9999.0 -9999.0 -9999.0 -9999.0 -9999.0 -9999.0 -9999.0 -9999.0 -9999.0 -9999.0 -9999.0 -9999.0 -9999.0 -9999.0 -9999.0 -9999.0 -9999.0 -9999.0 -9999.0 -9999.0 -9999.0 -9999.0 -9999.0 -9999.0 -9999.0 -9999.0