inst/processing_geotop_simulation/geotop_simulation/out/maps3D/PwL0010N0082.asc
ncols         104
nrows         10
xllcorner     -2.000000
yllcorner     0.000000
cellsize      1.000000
NODATA_value  -9999.0
-9999.0 -9999.0 -9999.0 -9999.0 -9999.0 -9999.0 -9999.0 -9999.0 -9999.0 -9999.0 -9999.0 -9999.0 -9999.0 -9999.0 -9999.0 -9999.0 -9999.0 -9999.0 -9999.0 -9999.0 -9999.0 -9999.0 -9999.0 -9999.0 -9999.0 -9999.0 -9999.0 -9999.0 -9999.0 -9999.0 -9999.0 -9999.0 -9999.0 -9999.0 -9999.0 -9999.0 -9999.0 -9999.0 -9999.0 -9999.0 -9999.0 -9999.0 -9999.0 -9999.0 -9999.0 -9999.0 -9999.0 -9999.0 -9999.0 -9999.0 -9999.0 -9999.0 -9999.0 -9999.0 -9999.0 -9999.0 -9999.0 -9999.0 -9999.0 -9999.0 -9999.0 -9999.0 -9999.0 -9999.0 -9999.0 -9999.0 -9999.0 -9999.0 -9999.0 -9999.0 -9999.0 -9999.0 -9999.0 -9999.0 -9999.0 -9999.0 -9999.0 -9999.0 -9999.0 -9999.0 -9999.0 -9999.0 -9999.0 -9999.0 -9999.0 -9999.0 -9999.0 -9999.0 -9999.0 -9999.0 -9999.0 -9999.0 -9999.0 -9999.0 -9999.0 -9999.0 -9999.0 -9999.0 -9999.0 -9999.0 -9999.0 -9999.0 -9999.0 -9999.0
-9999.0 -9999.0 -9999.0 -9999.0 -9999.0 -9999.0 -9999.0 -9999.0 -9999.0 -9999.0 -9999.0 -9999.0 -9999.0 -9999.0 -9999.0 -9999.0 -9999.0 -9999.0 -9999.0 -9999.0 -9999.0 -9999.0 -9999.0 -9999.0 -9999.0 -9999.0 -9999.0 -9999.0 -9999.0 -9999.0 -9999.0 -9999.0 -9999.0 -9999.0 -9999.0 -9999.0 -9999.0 -9999.0 -9999.0 -9999.0 -9999.0 -9999.0 -9999.0 -9999.0 -9999.0 -9999.0 -9999.0 -9999.0 -9999.0 -9999.0 -9999.0 -9999.0 -9999.0 -9999.0 -9999.0 -9999.0 -9999.0 -9999.0 -9999.0 -9999.0 -9999.0 -9999.0 -9999.0 -9999.0 -9999.0 -9999.0 -9999.0 -9999.0 -9999.0 -9999.0 -9999.0 -9999.0 -9999.0 -9999.0 -9999.0 -9999.0 -9999.0 -9999.0 -9999.0 -9999.0 -9999.0 -9999.0 -9999.0 -9999.0 -9999.0 -9999.0 -9999.0 -9999.0 -9999.0 -9999.0 -9999.0 -9999.0 -9999.0 -9999.0 -9999.0 -9999.0 -9999.0 -9999.0 -9999.0 -9999.0 -9999.0 -9999.0 -9999.0 -9999.0
-9999.0 -9999.0 405.896393 305.695463 205.528589 105.547787 5.846777 -93.589162 -193.236665 -294.451544 -399.950105 -511.068657 -627.357437 -742.162103 -845.718834 -931.666010 -1002.142160 -1064.649237 -1122.849439 -1129.166246 -1124.360196 -1116.696413 -1110.234149 -1106.310209 -1104.908893 -1105.456340 -1107.220372 -1109.528276 -1111.883625 -1113.994612 -1115.736683 -1117.093813 -1118.107067 -1118.838680 -1119.351794 -1119.703133 -1119.950127 -1120.167647 -1120.429074 -1121.190260 -1128.292974 -1195.920209 -2065.387715 -4116.131039 -3703.912273 -3384.022060 -3228.827118 -3210.238383 -3208.386026 -3208.526727 -3208.936711 -3209.377376 -3209.800158 -3210.191243 -3210.553437 -3210.970385 -3212.284226 -3222.121975 -3299.921580 -3474.499745 -3753.035093 -1854.063343 -1174.518231 -1126.086898 -1121.237356 -1120.657635 -1120.559121 -1120.541642 -1120.540775 -1120.542983 -1120.545320 -1120.547221 -1120.548669 -1120.549761 -1120.550593 -1120.551237 -1120.551746 -1120.552156 -1120.552494 -1120.552790 -1120.553076 -1120.553387 -1120.553773 -1120.554304 -1120.555085 -1120.556280 -1120.558154 -1120.561136 -1120.565948 -1120.573830 -1120.586985 -1120.609464 -1120.648975 -1120.720571 -1120.854129 -1121.109282 -1121.605360 -1122.585345 -1124.573206 -1128.816457 -1138.565249 -1163.489813 -9999.0 -9999.0
-9999.0 -9999.0 405.896392 305.695462 205.528590 105.547787 5.846775 -93.589163 -193.236665 -294.451544 -399.950106 -511.068657 -627.357437 -742.162103 -845.718834 -931.666010 -1002.142160 -1064.649237 -1122.849439 -1129.166246 -1124.360196 -1116.696413 -1110.234149 -1106.310209 -1104.908893 -1105.456340 -1107.220372 -1109.528276 -1111.883625 -1113.994612 -1115.736683 -1117.093813 -1118.107067 -1118.838680 -1119.351794 -1119.703133 -1119.950127 -1120.167647 -1120.429074 -1121.190260 -1128.292974 -1195.920209 -2065.387715 -4116.131037 -3703.912268 -3384.022050 -3228.827118 -3210.238383 -3208.386026 -3208.526727 -3208.936711 -3209.377376 -3209.800158 -3210.191243 -3210.553437 -3210.970385 -3212.284226 -3222.121975 -3299.921579 -3474.499745 -3753.035093 -1854.063343 -1174.518231 -1126.086898 -1121.237356 -1120.657635 -1120.559121 -1120.541642 -1120.540775 -1120.542983 -1120.545320 -1120.547221 -1120.548669 -1120.549761 -1120.550593 -1120.551237 -1120.551746 -1120.552156 -1120.552494 -1120.552790 -1120.553076 -1120.553387 -1120.553773 -1120.554304 -1120.555085 -1120.556280 -1120.558154 -1120.561136 -1120.565948 -1120.573830 -1120.586985 -1120.609464 -1120.648975 -1120.720571 -1120.854129 -1121.109282 -1121.605360 -1122.585345 -1124.573206 -1128.816457 -1138.565249 -1163.489813 -9999.0 -9999.0
-9999.0 -9999.0 405.896392 305.695462 205.528589 105.547787 5.846776 -93.589163 -193.236665 -294.451545 -399.950106 -511.068657 -627.357437 -742.162103 -845.718834 -931.666010 -1002.142160 -1064.649237 -1122.849439 -1129.166246 -1124.360196 -1116.696413 -1110.234149 -1106.310209 -1104.908893 -1105.456340 -1107.220372 -1109.528276 -1111.883625 -1113.994612 -1115.736683 -1117.093813 -1118.107067 -1118.838680 -1119.351794 -1119.703133 -1119.950127 -1120.167647 -1120.429074 -1121.190260 -1128.292974 -1195.920209 -2065.387715 -4116.131037 -3703.912267 -3384.022046 -3228.827118 -3210.238383 -3208.386026 -3208.526727 -3208.936711 -3209.377376 -3209.800158 -3210.191243 -3210.553437 -3210.970385 -3212.284226 -3222.121975 -3299.921579 -3474.499745 -3753.035092 -1854.063343 -1174.518231 -1126.086898 -1121.237356 -1120.657635 -1120.559121 -1120.541642 -1120.540775 -1120.542983 -1120.545320 -1120.547221 -1120.548669 -1120.549761 -1120.550593 -1120.551237 -1120.551746 -1120.552156 -1120.552494 -1120.552790 -1120.553076 -1120.553387 -1120.553773 -1120.554304 -1120.555085 -1120.556280 -1120.558154 -1120.561136 -1120.565948 -1120.573830 -1120.586985 -1120.609464 -1120.648975 -1120.720571 -1120.854129 -1121.109282 -1121.605360 -1122.585345 -1124.573206 -1128.816457 -1138.565249 -1163.489813 -9999.0 -9999.0
-9999.0 -9999.0 405.896392 305.695462 205.528589 105.547787 5.846776 -93.589163 -193.236665 -294.451545 -399.950106 -511.068657 -627.357437 -742.162103 -845.718834 -931.666010 -1002.142160 -1064.649237 -1122.849439 -1129.166246 -1124.360196 -1116.696413 -1110.234149 -1106.310209 -1104.908893 -1105.456340 -1107.220372 -1109.528276 -1111.883625 -1113.994612 -1115.736683 -1117.093813 -1118.107067 -1118.838680 -1119.351794 -1119.703133 -1119.950127 -1120.167647 -1120.429074 -1121.190260 -1128.292974 -1195.920209 -2065.387715 -4116.131037 -3703.912267 -3384.022046 -3228.827118 -3210.238383 -3208.386026 -3208.526727 -3208.936711 -3209.377376 -3209.800158 -3210.191243 -3210.553437 -3210.970385 -3212.284226 -3222.121975 -3299.921579 -3474.499745 -3753.035092 -1854.063343 -1174.518231 -1126.086898 -1121.237356 -1120.657635 -1120.559121 -1120.541642 -1120.540775 -1120.542983 -1120.545320 -1120.547221 -1120.548669 -1120.549761 -1120.550593 -1120.551237 -1120.551746 -1120.552156 -1120.552494 -1120.552790 -1120.553076 -1120.553387 -1120.553773 -1120.554304 -1120.555085 -1120.556280 -1120.558154 -1120.561136 -1120.565948 -1120.573830 -1120.586985 -1120.609464 -1120.648975 -1120.720571 -1120.854129 -1121.109282 -1121.605360 -1122.585345 -1124.573206 -1128.816457 -1138.565249 -1163.489813 -9999.0 -9999.0
-9999.0 -9999.0 405.896392 305.695462 205.528590 105.547787 5.846775 -93.589163 -193.236665 -294.451544 -399.950106 -511.068657 -627.357437 -742.162103 -845.718834 -931.666010 -1002.142160 -1064.649237 -1122.849439 -1129.166246 -1124.360196 -1116.696413 -1110.234149 -1106.310209 -1104.908893 -1105.456340 -1107.220372 -1109.528276 -1111.883625 -1113.994612 -1115.736683 -1117.093813 -1118.107067 -1118.838680 -1119.351794 -1119.703133 -1119.950127 -1120.167647 -1120.429074 -1121.190260 -1128.292974 -1195.920209 -2065.387715 -4116.131037 -3703.912268 -3384.022050 -3228.827118 -3210.238383 -3208.386026 -3208.526727 -3208.936711 -3209.377376 -3209.800158 -3210.191243 -3210.553437 -3210.970385 -3212.284226 -3222.121975 -3299.921579 -3474.499745 -3753.035093 -1854.063343 -1174.518231 -1126.086898 -1121.237356 -1120.657635 -1120.559121 -1120.541642 -1120.540775 -1120.542983 -1120.545320 -1120.547221 -1120.548669 -1120.549761 -1120.550593 -1120.551237 -1120.551746 -1120.552156 -1120.552494 -1120.552790 -1120.553076 -1120.553387 -1120.553773 -1120.554304 -1120.555085 -1120.556280 -1120.558154 -1120.561136 -1120.565948 -1120.573830 -1120.586985 -1120.609464 -1120.648975 -1120.720571 -1120.854129 -1121.109282 -1121.605360 -1122.585345 -1124.573206 -1128.816457 -1138.565249 -1163.489813 -9999.0 -9999.0
-9999.0 -9999.0 405.896393 305.695463 205.528589 105.547787 5.846777 -93.589162 -193.236665 -294.451544 -399.950106 -511.068657 -627.357437 -742.162103 -845.718834 -931.666010 -1002.142160 -1064.649237 -1122.849439 -1129.166246 -1124.360196 -1116.696413 -1110.234149 -1106.310209 -1104.908893 -1105.456340 -1107.220372 -1109.528276 -1111.883625 -1113.994612 -1115.736683 -1117.093813 -1118.107067 -1118.838680 -1119.351794 -1119.703133 -1119.950127 -1120.167647 -1120.429074 -1121.190260 -1128.292974 -1195.920209 -2065.387715 -4116.131039 -3703.912273 -3384.022060 -3228.827118 -3210.238383 -3208.386026 -3208.526727 -3208.936711 -3209.377376 -3209.800158 -3210.191243 -3210.553437 -3210.970385 -3212.284226 -3222.121975 -3299.921580 -3474.499745 -3753.035093 -1854.063343 -1174.518231 -1126.086898 -1121.237356 -1120.657635 -1120.559121 -1120.541642 -1120.540775 -1120.542983 -1120.545320 -1120.547221 -1120.548669 -1120.549761 -1120.550593 -1120.551237 -1120.551746 -1120.552156 -1120.552494 -1120.552790 -1120.553076 -1120.553387 -1120.553773 -1120.554304 -1120.555085 -1120.556280 -1120.558154 -1120.561136 -1120.565948 -1120.573830 -1120.586985 -1120.609464 -1120.648975 -1120.720571 -1120.854129 -1121.109282 -1121.605360 -1122.585345 -1124.573206 -1128.816457 -1138.565249 -1163.489813 -9999.0 -9999.0
-9999.0 -9999.0 -9999.0 -9999.0 -9999.0 -9999.0 -9999.0 -9999.0 -9999.0 -9999.0 -9999.0 -9999.0 -9999.0 -9999.0 -9999.0 -9999.0 -9999.0 -9999.0 -9999.0 -9999.0 -9999.0 -9999.0 -9999.0 -9999.0 -9999.0 -9999.0 -9999.0 -9999.0 -9999.0 -9999.0 -9999.0 -9999.0 -9999.0 -9999.0 -9999.0 -9999.0 -9999.0 -9999.0 -9999.0 -9999.0 -9999.0 -9999.0 -9999.0 -9999.0 -9999.0 -9999.0 -9999.0 -9999.0 -9999.0 -9999.0 -9999.0 -9999.0 -9999.0 -9999.0 -9999.0 -9999.0 -9999.0 -9999.0 -9999.0 -9999.0 -9999.0 -9999.0 -9999.0 -9999.0 -9999.0 -9999.0 -9999.0 -9999.0 -9999.0 -9999.0 -9999.0 -9999.0 -9999.0 -9999.0 -9999.0 -9999.0 -9999.0 -9999.0 -9999.0 -9999.0 -9999.0 -9999.0 -9999.0 -9999.0 -9999.0 -9999.0 -9999.0 -9999.0 -9999.0 -9999.0 -9999.0 -9999.0 -9999.0 -9999.0 -9999.0 -9999.0 -9999.0 -9999.0 -9999.0 -9999.0 -9999.0 -9999.0 -9999.0 -9999.0
-9999.0 -9999.0 -9999.0 -9999.0 -9999.0 -9999.0 -9999.0 -9999.0 -9999.0 -9999.0 -9999.0 -9999.0 -9999.0 -9999.0 -9999.0 -9999.0 -9999.0 -9999.0 -9999.0 -9999.0 -9999.0 -9999.0 -9999.0 -9999.0 -9999.0 -9999.0 -9999.0 -9999.0 -9999.0 -9999.0 -9999.0 -9999.0 -9999.0 -9999.0 -9999.0 -9999.0 -9999.0 -9999.0 -9999.0 -9999.0 -9999.0 -9999.0 -9999.0 -9999.0 -9999.0 -9999.0 -9999.0 -9999.0 -9999.0 -9999.0 -9999.0 -9999.0 -9999.0 -9999.0 -9999.0 -9999.0 -9999.0 -9999.0 -9999.0 -9999.0 -9999.0 -9999.0 -9999.0 -9999.0 -9999.0 -9999.0 -9999.0 -9999.0 -9999.0 -9999.0 -9999.0 -9999.0 -9999.0 -9999.0 -9999.0 -9999.0 -9999.0 -9999.0 -9999.0 -9999.0 -9999.0 -9999.0 -9999.0 -9999.0 -9999.0 -9999.0 -9999.0 -9999.0 -9999.0 -9999.0 -9999.0 -9999.0 -9999.0 -9999.0 -9999.0 -9999.0 -9999.0 -9999.0 -9999.0 -9999.0 -9999.0 -9999.0 -9999.0 -9999.0