inst/processing_geotop_simulation/geotop_simulation/out/maps3D/PwL0018N0200.asc
ncols         104
nrows         10
xllcorner     -2.000000
yllcorner     0.000000
cellsize      1.000000
NODATA_value  -9999.0
-9999.0 -9999.0 -9999.0 -9999.0 -9999.0 -9999.0 -9999.0 -9999.0 -9999.0 -9999.0 -9999.0 -9999.0 -9999.0 -9999.0 -9999.0 -9999.0 -9999.0 -9999.0 -9999.0 -9999.0 -9999.0 -9999.0 -9999.0 -9999.0 -9999.0 -9999.0 -9999.0 -9999.0 -9999.0 -9999.0 -9999.0 -9999.0 -9999.0 -9999.0 -9999.0 -9999.0 -9999.0 -9999.0 -9999.0 -9999.0 -9999.0 -9999.0 -9999.0 -9999.0 -9999.0 -9999.0 -9999.0 -9999.0 -9999.0 -9999.0 -9999.0 -9999.0 -9999.0 -9999.0 -9999.0 -9999.0 -9999.0 -9999.0 -9999.0 -9999.0 -9999.0 -9999.0 -9999.0 -9999.0 -9999.0 -9999.0 -9999.0 -9999.0 -9999.0 -9999.0 -9999.0 -9999.0 -9999.0 -9999.0 -9999.0 -9999.0 -9999.0 -9999.0 -9999.0 -9999.0 -9999.0 -9999.0 -9999.0 -9999.0 -9999.0 -9999.0 -9999.0 -9999.0 -9999.0 -9999.0 -9999.0 -9999.0 -9999.0 -9999.0 -9999.0 -9999.0 -9999.0 -9999.0 -9999.0 -9999.0 -9999.0 -9999.0 -9999.0 -9999.0
-9999.0 -9999.0 -9999.0 -9999.0 -9999.0 -9999.0 -9999.0 -9999.0 -9999.0 -9999.0 -9999.0 -9999.0 -9999.0 -9999.0 -9999.0 -9999.0 -9999.0 -9999.0 -9999.0 -9999.0 -9999.0 -9999.0 -9999.0 -9999.0 -9999.0 -9999.0 -9999.0 -9999.0 -9999.0 -9999.0 -9999.0 -9999.0 -9999.0 -9999.0 -9999.0 -9999.0 -9999.0 -9999.0 -9999.0 -9999.0 -9999.0 -9999.0 -9999.0 -9999.0 -9999.0 -9999.0 -9999.0 -9999.0 -9999.0 -9999.0 -9999.0 -9999.0 -9999.0 -9999.0 -9999.0 -9999.0 -9999.0 -9999.0 -9999.0 -9999.0 -9999.0 -9999.0 -9999.0 -9999.0 -9999.0 -9999.0 -9999.0 -9999.0 -9999.0 -9999.0 -9999.0 -9999.0 -9999.0 -9999.0 -9999.0 -9999.0 -9999.0 -9999.0 -9999.0 -9999.0 -9999.0 -9999.0 -9999.0 -9999.0 -9999.0 -9999.0 -9999.0 -9999.0 -9999.0 -9999.0 -9999.0 -9999.0 -9999.0 -9999.0 -9999.0 -9999.0 -9999.0 -9999.0 -9999.0 -9999.0 -9999.0 -9999.0 -9999.0 -9999.0
-9999.0 -9999.0 877.725317 781.553529 684.934192 587.809173 490.419203 392.910950 295.362895 197.816832 100.297859 2.821846 -94.592164 -191.927978 -289.109511 -385.993739 -482.322165 -577.691237 -671.495106 -765.917727 -859.258674 -951.269031 -1041.766390 -1116.637034 -1180.372355 -1232.191967 -1272.547893 -1302.794530 -1324.732213 -1340.214084 -1350.899967 -1358.147333 -1362.997258 -1366.211343 -1368.327705 -1369.719097 -1370.648527 -1371.345159 -1372.259999 -1375.273860 -1388.866094 -1458.765831 -1995.361338 -4055.863014 -4084.156495 -4084.158415 -4084.158376 -4084.157885 -4084.155315 -4084.146282 -4084.120150 -4084.041165 -4083.905497 -4083.724615 -4083.416381 -4082.803396 -4081.426332 -4078.025763 -4069.026006 -4044.263378 -3916.970656 -1768.211389 -1420.509944 -1381.658940 -1374.097156 -1372.758514 -1372.548674 -1372.517214 -1372.513044 -1372.513213 -1372.513988 -1372.514711 -1372.515287 -1372.515730 -1372.516072 -1372.516340 -1372.516554 -1372.516729 -1372.516876 -1372.517008 -1372.517137 -1372.517280 -1372.517458 -1372.517702 -1372.518060 -1372.518607 -1372.519464 -1372.520833 -1372.523058 -1372.526746 -1372.532998 -1372.543888 -1372.563430 -1372.599575 -1372.668376 -1372.803089 -1373.075825 -1373.654480 -1374.961587 -1378.127690 -1386.410042 -1411.056027 -9999.0 -9999.0
-9999.0 -9999.0 877.729003 781.554881 684.934624 587.809313 490.419250 392.910966 295.362900 197.816834 100.297860 2.821846 -94.592164 -191.927978 -289.109511 -385.993739 -482.322165 -577.691237 -671.495106 -765.917727 -859.258674 -951.269032 -1041.766391 -1116.637034 -1180.372355 -1232.191967 -1272.547893 -1302.794530 -1324.732213 -1340.214084 -1350.899967 -1358.147333 -1362.997258 -1366.211343 -1368.327705 -1369.719097 -1370.648527 -1371.345159 -1372.259999 -1375.273860 -1388.866094 -1458.765831 -1995.361338 -4055.863014 -4084.156495 -4084.158415 -4084.158376 -4084.157885 -4084.155315 -4084.146282 -4084.120150 -4084.041165 -4083.905497 -4083.724615 -4083.416381 -4082.803396 -4081.426332 -4078.025763 -4069.026006 -4044.263378 -3916.970656 -1768.211389 -1420.509944 -1381.658940 -1374.097156 -1372.758514 -1372.548674 -1372.517214 -1372.513044 -1372.513213 -1372.513988 -1372.514711 -1372.515287 -1372.515730 -1372.516072 -1372.516340 -1372.516554 -1372.516729 -1372.516876 -1372.517008 -1372.517137 -1372.517280 -1372.517458 -1372.517702 -1372.518060 -1372.518607 -1372.519464 -1372.520833 -1372.523058 -1372.526746 -1372.532998 -1372.543888 -1372.563430 -1372.599575 -1372.668376 -1372.803089 -1373.075825 -1373.654480 -1374.961587 -1378.127690 -1386.410042 -1411.056027 -9999.0 -9999.0
-9999.0 -9999.0 877.730331 781.555587 684.934920 587.809425 490.419291 392.910981 295.362906 197.816836 100.297861 2.821846 -94.592164 -191.927978 -289.109511 -385.993739 -482.322165 -577.691237 -671.495106 -765.917727 -859.258674 -951.269032 -1041.766391 -1116.637035 -1180.372356 -1232.191967 -1272.547893 -1302.794530 -1324.732213 -1340.214084 -1350.899967 -1358.147333 -1362.997258 -1366.211343 -1368.327705 -1369.719097 -1370.648527 -1371.345159 -1372.259999 -1375.273860 -1388.866094 -1458.765831 -1995.361338 -4055.863014 -4084.156495 -4084.158415 -4084.158376 -4084.157885 -4084.155315 -4084.146282 -4084.120150 -4084.041165 -4083.905497 -4083.724615 -4083.416381 -4082.803396 -4081.426332 -4078.025763 -4069.026006 -4044.263378 -3916.970656 -1768.211389 -1420.509944 -1381.658940 -1374.097156 -1372.758514 -1372.548674 -1372.517214 -1372.513044 -1372.513213 -1372.513988 -1372.514711 -1372.515287 -1372.515730 -1372.516072 -1372.516340 -1372.516554 -1372.516729 -1372.516876 -1372.517008 -1372.517137 -1372.517280 -1372.517458 -1372.517702 -1372.518060 -1372.518607 -1372.519464 -1372.520833 -1372.523058 -1372.526746 -1372.532998 -1372.543888 -1372.563430 -1372.599575 -1372.668376 -1372.803089 -1373.075825 -1373.654480 -1374.961587 -1378.127690 -1386.410042 -1411.056027 -9999.0 -9999.0
-9999.0 -9999.0 877.730331 781.555587 684.934920 587.809425 490.419291 392.910981 295.362906 197.816836 100.297861 2.821846 -94.592164 -191.927978 -289.109511 -385.993739 -482.322165 -577.691237 -671.495106 -765.917727 -859.258674 -951.269032 -1041.766391 -1116.637035 -1180.372356 -1232.191967 -1272.547893 -1302.794530 -1324.732213 -1340.214084 -1350.899967 -1358.147333 -1362.997258 -1366.211343 -1368.327705 -1369.719097 -1370.648527 -1371.345159 -1372.259999 -1375.273860 -1388.866094 -1458.765831 -1995.361338 -4055.863014 -4084.156495 -4084.158415 -4084.158376 -4084.157885 -4084.155315 -4084.146282 -4084.120150 -4084.041165 -4083.905497 -4083.724615 -4083.416381 -4082.803396 -4081.426332 -4078.025763 -4069.026006 -4044.263378 -3916.970656 -1768.211389 -1420.509944 -1381.658940 -1374.097156 -1372.758514 -1372.548674 -1372.517214 -1372.513044 -1372.513213 -1372.513988 -1372.514711 -1372.515287 -1372.515730 -1372.516072 -1372.516340 -1372.516554 -1372.516729 -1372.516876 -1372.517008 -1372.517137 -1372.517280 -1372.517458 -1372.517702 -1372.518060 -1372.518607 -1372.519464 -1372.520833 -1372.523058 -1372.526746 -1372.532998 -1372.543888 -1372.563430 -1372.599575 -1372.668376 -1372.803089 -1373.075825 -1373.654480 -1374.961587 -1378.127690 -1386.410042 -1411.056027 -9999.0 -9999.0
-9999.0 -9999.0 877.729003 781.554881 684.934624 587.809313 490.419250 392.910966 295.362900 197.816834 100.297860 2.821846 -94.592164 -191.927978 -289.109511 -385.993739 -482.322165 -577.691237 -671.495106 -765.917727 -859.258674 -951.269032 -1041.766391 -1116.637034 -1180.372355 -1232.191967 -1272.547893 -1302.794530 -1324.732213 -1340.214084 -1350.899967 -1358.147333 -1362.997258 -1366.211343 -1368.327705 -1369.719097 -1370.648527 -1371.345159 -1372.259999 -1375.273860 -1388.866094 -1458.765831 -1995.361338 -4055.863014 -4084.156495 -4084.158415 -4084.158376 -4084.157885 -4084.155315 -4084.146282 -4084.120150 -4084.041165 -4083.905497 -4083.724615 -4083.416381 -4082.803396 -4081.426332 -4078.025763 -4069.026006 -4044.263378 -3916.970656 -1768.211389 -1420.509944 -1381.658940 -1374.097156 -1372.758514 -1372.548674 -1372.517214 -1372.513044 -1372.513213 -1372.513988 -1372.514711 -1372.515287 -1372.515730 -1372.516072 -1372.516340 -1372.516554 -1372.516729 -1372.516876 -1372.517008 -1372.517137 -1372.517280 -1372.517458 -1372.517702 -1372.518060 -1372.518607 -1372.519464 -1372.520833 -1372.523058 -1372.526746 -1372.532998 -1372.543888 -1372.563430 -1372.599575 -1372.668376 -1372.803089 -1373.075825 -1373.654480 -1374.961587 -1378.127690 -1386.410042 -1411.056027 -9999.0 -9999.0
-9999.0 -9999.0 877.725317 781.553529 684.934192 587.809173 490.419203 392.910950 295.362895 197.816832 100.297859 2.821846 -94.592164 -191.927978 -289.109511 -385.993739 -482.322165 -577.691237 -671.495106 -765.917727 -859.258674 -951.269031 -1041.766390 -1116.637034 -1180.372355 -1232.191967 -1272.547893 -1302.794530 -1324.732213 -1340.214084 -1350.899967 -1358.147333 -1362.997258 -1366.211343 -1368.327705 -1369.719097 -1370.648527 -1371.345159 -1372.259999 -1375.273860 -1388.866094 -1458.765831 -1995.361338 -4055.863014 -4084.156495 -4084.158415 -4084.158376 -4084.157885 -4084.155315 -4084.146282 -4084.120150 -4084.041165 -4083.905497 -4083.724615 -4083.416381 -4082.803396 -4081.426332 -4078.025763 -4069.026006 -4044.263378 -3916.970657 -1768.211389 -1420.509944 -1381.658940 -1374.097156 -1372.758514 -1372.548674 -1372.517214 -1372.513044 -1372.513213 -1372.513988 -1372.514711 -1372.515287 -1372.515730 -1372.516072 -1372.516340 -1372.516554 -1372.516729 -1372.516876 -1372.517008 -1372.517137 -1372.517280 -1372.517458 -1372.517702 -1372.518060 -1372.518607 -1372.519464 -1372.520833 -1372.523058 -1372.526746 -1372.532998 -1372.543888 -1372.563430 -1372.599575 -1372.668376 -1372.803089 -1373.075825 -1373.654480 -1374.961587 -1378.127690 -1386.410042 -1411.056027 -9999.0 -9999.0
-9999.0 -9999.0 -9999.0 -9999.0 -9999.0 -9999.0 -9999.0 -9999.0 -9999.0 -9999.0 -9999.0 -9999.0 -9999.0 -9999.0 -9999.0 -9999.0 -9999.0 -9999.0 -9999.0 -9999.0 -9999.0 -9999.0 -9999.0 -9999.0 -9999.0 -9999.0 -9999.0 -9999.0 -9999.0 -9999.0 -9999.0 -9999.0 -9999.0 -9999.0 -9999.0 -9999.0 -9999.0 -9999.0 -9999.0 -9999.0 -9999.0 -9999.0 -9999.0 -9999.0 -9999.0 -9999.0 -9999.0 -9999.0 -9999.0 -9999.0 -9999.0 -9999.0 -9999.0 -9999.0 -9999.0 -9999.0 -9999.0 -9999.0 -9999.0 -9999.0 -9999.0 -9999.0 -9999.0 -9999.0 -9999.0 -9999.0 -9999.0 -9999.0 -9999.0 -9999.0 -9999.0 -9999.0 -9999.0 -9999.0 -9999.0 -9999.0 -9999.0 -9999.0 -9999.0 -9999.0 -9999.0 -9999.0 -9999.0 -9999.0 -9999.0 -9999.0 -9999.0 -9999.0 -9999.0 -9999.0 -9999.0 -9999.0 -9999.0 -9999.0 -9999.0 -9999.0 -9999.0 -9999.0 -9999.0 -9999.0 -9999.0 -9999.0 -9999.0 -9999.0
-9999.0 -9999.0 -9999.0 -9999.0 -9999.0 -9999.0 -9999.0 -9999.0 -9999.0 -9999.0 -9999.0 -9999.0 -9999.0 -9999.0 -9999.0 -9999.0 -9999.0 -9999.0 -9999.0 -9999.0 -9999.0 -9999.0 -9999.0 -9999.0 -9999.0 -9999.0 -9999.0 -9999.0 -9999.0 -9999.0 -9999.0 -9999.0 -9999.0 -9999.0 -9999.0 -9999.0 -9999.0 -9999.0 -9999.0 -9999.0 -9999.0 -9999.0 -9999.0 -9999.0 -9999.0 -9999.0 -9999.0 -9999.0 -9999.0 -9999.0 -9999.0 -9999.0 -9999.0 -9999.0 -9999.0 -9999.0 -9999.0 -9999.0 -9999.0 -9999.0 -9999.0 -9999.0 -9999.0 -9999.0 -9999.0 -9999.0 -9999.0 -9999.0 -9999.0 -9999.0 -9999.0 -9999.0 -9999.0 -9999.0 -9999.0 -9999.0 -9999.0 -9999.0 -9999.0 -9999.0 -9999.0 -9999.0 -9999.0 -9999.0 -9999.0 -9999.0 -9999.0 -9999.0 -9999.0 -9999.0 -9999.0 -9999.0 -9999.0 -9999.0 -9999.0 -9999.0 -9999.0 -9999.0 -9999.0 -9999.0 -9999.0 -9999.0 -9999.0 -9999.0