inst/processing_geotop_simulation/geotop_simulation/out/maps3D/PwL0010N0423.asc
ncols         104
nrows         10
xllcorner     -2.000000
yllcorner     0.000000
cellsize      1.000000
NODATA_value  -9999.0
-9999.0 -9999.0 -9999.0 -9999.0 -9999.0 -9999.0 -9999.0 -9999.0 -9999.0 -9999.0 -9999.0 -9999.0 -9999.0 -9999.0 -9999.0 -9999.0 -9999.0 -9999.0 -9999.0 -9999.0 -9999.0 -9999.0 -9999.0 -9999.0 -9999.0 -9999.0 -9999.0 -9999.0 -9999.0 -9999.0 -9999.0 -9999.0 -9999.0 -9999.0 -9999.0 -9999.0 -9999.0 -9999.0 -9999.0 -9999.0 -9999.0 -9999.0 -9999.0 -9999.0 -9999.0 -9999.0 -9999.0 -9999.0 -9999.0 -9999.0 -9999.0 -9999.0 -9999.0 -9999.0 -9999.0 -9999.0 -9999.0 -9999.0 -9999.0 -9999.0 -9999.0 -9999.0 -9999.0 -9999.0 -9999.0 -9999.0 -9999.0 -9999.0 -9999.0 -9999.0 -9999.0 -9999.0 -9999.0 -9999.0 -9999.0 -9999.0 -9999.0 -9999.0 -9999.0 -9999.0 -9999.0 -9999.0 -9999.0 -9999.0 -9999.0 -9999.0 -9999.0 -9999.0 -9999.0 -9999.0 -9999.0 -9999.0 -9999.0 -9999.0 -9999.0 -9999.0 -9999.0 -9999.0 -9999.0 -9999.0 -9999.0 -9999.0 -9999.0 -9999.0
-9999.0 -9999.0 -9999.0 -9999.0 -9999.0 -9999.0 -9999.0 -9999.0 -9999.0 -9999.0 -9999.0 -9999.0 -9999.0 -9999.0 -9999.0 -9999.0 -9999.0 -9999.0 -9999.0 -9999.0 -9999.0 -9999.0 -9999.0 -9999.0 -9999.0 -9999.0 -9999.0 -9999.0 -9999.0 -9999.0 -9999.0 -9999.0 -9999.0 -9999.0 -9999.0 -9999.0 -9999.0 -9999.0 -9999.0 -9999.0 -9999.0 -9999.0 -9999.0 -9999.0 -9999.0 -9999.0 -9999.0 -9999.0 -9999.0 -9999.0 -9999.0 -9999.0 -9999.0 -9999.0 -9999.0 -9999.0 -9999.0 -9999.0 -9999.0 -9999.0 -9999.0 -9999.0 -9999.0 -9999.0 -9999.0 -9999.0 -9999.0 -9999.0 -9999.0 -9999.0 -9999.0 -9999.0 -9999.0 -9999.0 -9999.0 -9999.0 -9999.0 -9999.0 -9999.0 -9999.0 -9999.0 -9999.0 -9999.0 -9999.0 -9999.0 -9999.0 -9999.0 -9999.0 -9999.0 -9999.0 -9999.0 -9999.0 -9999.0 -9999.0 -9999.0 -9999.0 -9999.0 -9999.0 -9999.0 -9999.0 -9999.0 -9999.0 -9999.0 -9999.0
-9999.0 -9999.0 472.542846 373.979568 274.958811 175.724206 76.399220 -22.961430 -122.331972 -221.700979 -321.056838 -420.382429 -519.646535 -618.785913 -717.722209 -816.738606 -915.665439 -1014.486622 -1113.188083 -1210.776030 -1306.826337 -1399.872417 -1487.620707 -1567.407485 -1637.005354 -1695.229675 -1742.083170 -1778.520094 -1806.048317 -1826.355634 -1841.049542 -1851.518866 -1858.887632 -1864.024658 -1867.580069 -1870.031937 -1871.741460 -1873.049341 -1874.527915 -1877.403490 -1880.994791 -1852.356961 -1328.701935 -1485.596362 -1444.387245 -1417.145408 -1404.676441 -1402.899866 -1402.713393 -1402.730001 -1402.775407 -1402.824286 -1402.871256 -1402.914749 -1402.955153 -1403.002510 -1403.152681 -1404.184833 -1410.685669 -1425.337122 -1441.162611 -1270.302038 -1817.503856 -1873.789803 -1876.289285 -1875.632235 -1875.399797 -1875.350827 -1875.342500 -1875.341580 -1875.341862 -1875.342265 -1875.342614 -1875.342895 -1875.343121 -1875.343305 -1875.343459 -1875.343592 -1875.343712 -1875.343824 -1875.343937 -1875.344061 -1875.344209 -1875.344401 -1875.344665 -1875.345050 -1875.345632 -1875.346542 -1875.348004 -1875.350419 -1875.354525 -1875.361734 -1875.374806 -1875.399282 -1875.446577 -1875.541123 -1875.738248 -1876.172549 -1877.198695 -1879.843373 -1887.449501 -1912.427967 -9999.0 -9999.0
-9999.0 -9999.0 472.548383 373.981104 274.959239 175.724335 76.399262 -22.961415 -122.331967 -221.700977 -321.056837 -420.382429 -519.646535 -618.785913 -717.722209 -816.738606 -915.665439 -1014.486622 -1113.188083 -1210.776030 -1306.826337 -1399.872417 -1487.620707 -1567.407485 -1637.005355 -1695.229675 -1742.083170 -1778.520094 -1806.048317 -1826.355634 -1841.049542 -1851.518866 -1858.887632 -1864.024658 -1867.580069 -1870.031937 -1871.741460 -1873.049341 -1874.527915 -1877.403490 -1880.994791 -1852.356961 -1328.701934 -1485.596362 -1444.387245 -1417.145407 -1404.676441 -1402.899866 -1402.713393 -1402.730001 -1402.775407 -1402.824286 -1402.871256 -1402.914749 -1402.955153 -1403.002510 -1403.152681 -1404.184833 -1410.685669 -1425.337122 -1441.162611 -1270.302038 -1817.503856 -1873.789803 -1876.289284 -1875.632235 -1875.399797 -1875.350827 -1875.342500 -1875.341580 -1875.341862 -1875.342265 -1875.342614 -1875.342895 -1875.343121 -1875.343305 -1875.343459 -1875.343592 -1875.343712 -1875.343824 -1875.343937 -1875.344061 -1875.344209 -1875.344401 -1875.344665 -1875.345050 -1875.345632 -1875.346542 -1875.348004 -1875.350419 -1875.354525 -1875.361734 -1875.374806 -1875.399282 -1875.446577 -1875.541123 -1875.738248 -1876.172549 -1877.198695 -1879.843373 -1887.449501 -1912.427967 -9999.0 -9999.0
-9999.0 -9999.0 472.549696 373.981794 274.959516 175.724437 76.399299 -22.961402 -122.331962 -221.700975 -321.056837 -420.382428 -519.646535 -618.785913 -717.722209 -816.738607 -915.665440 -1014.486622 -1113.188084 -1210.776030 -1306.826337 -1399.872417 -1487.620707 -1567.407485 -1637.005355 -1695.229676 -1742.083170 -1778.520094 -1806.048317 -1826.355634 -1841.049542 -1851.518866 -1858.887632 -1864.024658 -1867.580069 -1870.031937 -1871.741460 -1873.049341 -1874.527915 -1877.403490 -1880.994791 -1852.356961 -1328.701934 -1485.596362 -1444.387245 -1417.145407 -1404.676441 -1402.899866 -1402.713393 -1402.730001 -1402.775407 -1402.824286 -1402.871256 -1402.914749 -1402.955153 -1403.002510 -1403.152681 -1404.184833 -1410.685669 -1425.337122 -1441.162611 -1270.302038 -1817.503856 -1873.789803 -1876.289284 -1875.632235 -1875.399797 -1875.350827 -1875.342500 -1875.341580 -1875.341862 -1875.342265 -1875.342614 -1875.342895 -1875.343121 -1875.343305 -1875.343459 -1875.343592 -1875.343712 -1875.343824 -1875.343937 -1875.344061 -1875.344209 -1875.344401 -1875.344665 -1875.345050 -1875.345632 -1875.346542 -1875.348004 -1875.350419 -1875.354525 -1875.361734 -1875.374806 -1875.399282 -1875.446577 -1875.541123 -1875.738248 -1876.172549 -1877.198695 -1879.843373 -1887.449501 -1912.427967 -9999.0 -9999.0
-9999.0 -9999.0 472.549696 373.981794 274.959516 175.724437 76.399299 -22.961402 -122.331962 -221.700975 -321.056836 -420.382428 -519.646535 -618.785913 -717.722209 -816.738607 -915.665439 -1014.486622 -1113.188083 -1210.776030 -1306.826337 -1399.872417 -1487.620707 -1567.407485 -1637.005355 -1695.229676 -1742.083170 -1778.520094 -1806.048317 -1826.355634 -1841.049542 -1851.518866 -1858.887632 -1864.024658 -1867.580069 -1870.031937 -1871.741460 -1873.049341 -1874.527915 -1877.403490 -1880.994791 -1852.356961 -1328.701934 -1485.596362 -1444.387245 -1417.145407 -1404.676441 -1402.899866 -1402.713393 -1402.730001 -1402.775407 -1402.824286 -1402.871256 -1402.914749 -1402.955153 -1403.002510 -1403.152681 -1404.184833 -1410.685669 -1425.337122 -1441.162611 -1270.302038 -1817.503856 -1873.789803 -1876.289284 -1875.632235 -1875.399797 -1875.350827 -1875.342500 -1875.341580 -1875.341862 -1875.342265 -1875.342614 -1875.342895 -1875.343121 -1875.343305 -1875.343459 -1875.343592 -1875.343712 -1875.343824 -1875.343937 -1875.344061 -1875.344209 -1875.344401 -1875.344665 -1875.345050 -1875.345632 -1875.346542 -1875.348004 -1875.350419 -1875.354525 -1875.361734 -1875.374806 -1875.399282 -1875.446577 -1875.541123 -1875.738248 -1876.172549 -1877.198695 -1879.843373 -1887.449501 -1912.427967 -9999.0 -9999.0
-9999.0 -9999.0 472.548383 373.981104 274.959239 175.724335 76.399262 -22.961415 -122.331967 -221.700977 -321.056837 -420.382429 -519.646535 -618.785913 -717.722209 -816.738606 -915.665439 -1014.486622 -1113.188083 -1210.776030 -1306.826337 -1399.872417 -1487.620707 -1567.407485 -1637.005355 -1695.229675 -1742.083170 -1778.520094 -1806.048317 -1826.355634 -1841.049542 -1851.518866 -1858.887632 -1864.024658 -1867.580069 -1870.031937 -1871.741460 -1873.049341 -1874.527915 -1877.403490 -1880.994791 -1852.356961 -1328.701934 -1485.596362 -1444.387245 -1417.145407 -1404.676441 -1402.899866 -1402.713393 -1402.730001 -1402.775407 -1402.824286 -1402.871256 -1402.914749 -1402.955153 -1403.002510 -1403.152681 -1404.184833 -1410.685669 -1425.337122 -1441.162611 -1270.302038 -1817.503856 -1873.789803 -1876.289284 -1875.632235 -1875.399797 -1875.350827 -1875.342500 -1875.341580 -1875.341862 -1875.342265 -1875.342614 -1875.342895 -1875.343121 -1875.343305 -1875.343459 -1875.343592 -1875.343712 -1875.343824 -1875.343937 -1875.344061 -1875.344209 -1875.344401 -1875.344665 -1875.345050 -1875.345632 -1875.346542 -1875.348004 -1875.350419 -1875.354525 -1875.361734 -1875.374806 -1875.399282 -1875.446577 -1875.541123 -1875.738248 -1876.172549 -1877.198695 -1879.843373 -1887.449501 -1912.427967 -9999.0 -9999.0
-9999.0 -9999.0 472.542846 373.979568 274.958811 175.724206 76.399220 -22.961430 -122.331972 -221.700979 -321.056838 -420.382429 -519.646535 -618.785913 -717.722209 -816.738606 -915.665439 -1014.486622 -1113.188083 -1210.776030 -1306.826337 -1399.872417 -1487.620707 -1567.407485 -1637.005354 -1695.229675 -1742.083170 -1778.520094 -1806.048317 -1826.355634 -1841.049542 -1851.518866 -1858.887632 -1864.024658 -1867.580069 -1870.031937 -1871.741460 -1873.049341 -1874.527915 -1877.403490 -1880.994791 -1852.356961 -1328.701935 -1485.596362 -1444.387245 -1417.145408 -1404.676441 -1402.899866 -1402.713393 -1402.730001 -1402.775407 -1402.824286 -1402.871256 -1402.914749 -1402.955153 -1403.002510 -1403.152681 -1404.184833 -1410.685669 -1425.337122 -1441.162611 -1270.302038 -1817.503856 -1873.789803 -1876.289285 -1875.632235 -1875.399797 -1875.350827 -1875.342500 -1875.341580 -1875.341862 -1875.342265 -1875.342614 -1875.342895 -1875.343121 -1875.343305 -1875.343459 -1875.343592 -1875.343712 -1875.343824 -1875.343937 -1875.344061 -1875.344209 -1875.344401 -1875.344665 -1875.345050 -1875.345632 -1875.346542 -1875.348004 -1875.350419 -1875.354525 -1875.361734 -1875.374806 -1875.399282 -1875.446577 -1875.541123 -1875.738248 -1876.172549 -1877.198695 -1879.843373 -1887.449501 -1912.427967 -9999.0 -9999.0
-9999.0 -9999.0 -9999.0 -9999.0 -9999.0 -9999.0 -9999.0 -9999.0 -9999.0 -9999.0 -9999.0 -9999.0 -9999.0 -9999.0 -9999.0 -9999.0 -9999.0 -9999.0 -9999.0 -9999.0 -9999.0 -9999.0 -9999.0 -9999.0 -9999.0 -9999.0 -9999.0 -9999.0 -9999.0 -9999.0 -9999.0 -9999.0 -9999.0 -9999.0 -9999.0 -9999.0 -9999.0 -9999.0 -9999.0 -9999.0 -9999.0 -9999.0 -9999.0 -9999.0 -9999.0 -9999.0 -9999.0 -9999.0 -9999.0 -9999.0 -9999.0 -9999.0 -9999.0 -9999.0 -9999.0 -9999.0 -9999.0 -9999.0 -9999.0 -9999.0 -9999.0 -9999.0 -9999.0 -9999.0 -9999.0 -9999.0 -9999.0 -9999.0 -9999.0 -9999.0 -9999.0 -9999.0 -9999.0 -9999.0 -9999.0 -9999.0 -9999.0 -9999.0 -9999.0 -9999.0 -9999.0 -9999.0 -9999.0 -9999.0 -9999.0 -9999.0 -9999.0 -9999.0 -9999.0 -9999.0 -9999.0 -9999.0 -9999.0 -9999.0 -9999.0 -9999.0 -9999.0 -9999.0 -9999.0 -9999.0 -9999.0 -9999.0 -9999.0 -9999.0
-9999.0 -9999.0 -9999.0 -9999.0 -9999.0 -9999.0 -9999.0 -9999.0 -9999.0 -9999.0 -9999.0 -9999.0 -9999.0 -9999.0 -9999.0 -9999.0 -9999.0 -9999.0 -9999.0 -9999.0 -9999.0 -9999.0 -9999.0 -9999.0 -9999.0 -9999.0 -9999.0 -9999.0 -9999.0 -9999.0 -9999.0 -9999.0 -9999.0 -9999.0 -9999.0 -9999.0 -9999.0 -9999.0 -9999.0 -9999.0 -9999.0 -9999.0 -9999.0 -9999.0 -9999.0 -9999.0 -9999.0 -9999.0 -9999.0 -9999.0 -9999.0 -9999.0 -9999.0 -9999.0 -9999.0 -9999.0 -9999.0 -9999.0 -9999.0 -9999.0 -9999.0 -9999.0 -9999.0 -9999.0 -9999.0 -9999.0 -9999.0 -9999.0 -9999.0 -9999.0 -9999.0 -9999.0 -9999.0 -9999.0 -9999.0 -9999.0 -9999.0 -9999.0 -9999.0 -9999.0 -9999.0 -9999.0 -9999.0 -9999.0 -9999.0 -9999.0 -9999.0 -9999.0 -9999.0 -9999.0 -9999.0 -9999.0 -9999.0 -9999.0 -9999.0 -9999.0 -9999.0 -9999.0 -9999.0 -9999.0 -9999.0 -9999.0 -9999.0 -9999.0