inst/processing_geotop_simulation/geotop_simulation/out/maps3D/PwL0011N0228.asc
ncols         104
nrows         10
xllcorner     -2.000000
yllcorner     0.000000
cellsize      1.000000
NODATA_value  -9999.0
-9999.0 -9999.0 -9999.0 -9999.0 -9999.0 -9999.0 -9999.0 -9999.0 -9999.0 -9999.0 -9999.0 -9999.0 -9999.0 -9999.0 -9999.0 -9999.0 -9999.0 -9999.0 -9999.0 -9999.0 -9999.0 -9999.0 -9999.0 -9999.0 -9999.0 -9999.0 -9999.0 -9999.0 -9999.0 -9999.0 -9999.0 -9999.0 -9999.0 -9999.0 -9999.0 -9999.0 -9999.0 -9999.0 -9999.0 -9999.0 -9999.0 -9999.0 -9999.0 -9999.0 -9999.0 -9999.0 -9999.0 -9999.0 -9999.0 -9999.0 -9999.0 -9999.0 -9999.0 -9999.0 -9999.0 -9999.0 -9999.0 -9999.0 -9999.0 -9999.0 -9999.0 -9999.0 -9999.0 -9999.0 -9999.0 -9999.0 -9999.0 -9999.0 -9999.0 -9999.0 -9999.0 -9999.0 -9999.0 -9999.0 -9999.0 -9999.0 -9999.0 -9999.0 -9999.0 -9999.0 -9999.0 -9999.0 -9999.0 -9999.0 -9999.0 -9999.0 -9999.0 -9999.0 -9999.0 -9999.0 -9999.0 -9999.0 -9999.0 -9999.0 -9999.0 -9999.0 -9999.0 -9999.0 -9999.0 -9999.0 -9999.0 -9999.0 -9999.0 -9999.0
-9999.0 -9999.0 -9999.0 -9999.0 -9999.0 -9999.0 -9999.0 -9999.0 -9999.0 -9999.0 -9999.0 -9999.0 -9999.0 -9999.0 -9999.0 -9999.0 -9999.0 -9999.0 -9999.0 -9999.0 -9999.0 -9999.0 -9999.0 -9999.0 -9999.0 -9999.0 -9999.0 -9999.0 -9999.0 -9999.0 -9999.0 -9999.0 -9999.0 -9999.0 -9999.0 -9999.0 -9999.0 -9999.0 -9999.0 -9999.0 -9999.0 -9999.0 -9999.0 -9999.0 -9999.0 -9999.0 -9999.0 -9999.0 -9999.0 -9999.0 -9999.0 -9999.0 -9999.0 -9999.0 -9999.0 -9999.0 -9999.0 -9999.0 -9999.0 -9999.0 -9999.0 -9999.0 -9999.0 -9999.0 -9999.0 -9999.0 -9999.0 -9999.0 -9999.0 -9999.0 -9999.0 -9999.0 -9999.0 -9999.0 -9999.0 -9999.0 -9999.0 -9999.0 -9999.0 -9999.0 -9999.0 -9999.0 -9999.0 -9999.0 -9999.0 -9999.0 -9999.0 -9999.0 -9999.0 -9999.0 -9999.0 -9999.0 -9999.0 -9999.0 -9999.0 -9999.0 -9999.0 -9999.0 -9999.0 -9999.0 -9999.0 -9999.0 -9999.0 -9999.0
-9999.0 -9999.0 526.962027 431.144013 334.108081 236.450266 138.522271 40.480721 -57.591482 -155.658127 -253.682772 -351.601587 -449.284839 -546.453779 -642.727432 -738.586229 -834.579673 -930.159090 -1025.387830 -1118.153756 -1204.779732 -1283.240364 -1350.593319 -1405.441574 -1448.078135 -1479.983380 -1503.154495 -1519.592133 -1531.033842 -1538.872747 -1544.172260 -1547.715915 -1550.064988 -1551.612148 -1552.627016 -1553.293971 -1553.746527 -1554.122194 -1554.778457 -1557.277510 -1567.462147 -1598.512309 -1535.302763 -2143.054174 -1976.704129 -1881.239621 -1839.332222 -1834.011802 -1833.477246 -1833.534004 -1833.674595 -1833.825138 -1833.969649 -1834.103375 -1834.227019 -1834.366801 -1834.782903 -1837.744382 -1858.985475 -1908.578194 -1982.605811 -1405.300329 -1566.348446 -1560.807586 -1555.988154 -1554.877817 -1554.687927 -1554.658447 -1554.654467 -1554.654602 -1554.655317 -1554.655986 -1554.656517 -1554.656924 -1554.657237 -1554.657480 -1554.657674 -1554.657831 -1554.657962 -1554.658080 -1554.658196 -1554.658325 -1554.658486 -1554.658710 -1554.659041 -1554.659548 -1554.660345 -1554.661622 -1554.663700 -1554.667144 -1554.672983 -1554.683152 -1554.701390 -1554.735094 -1554.799138 -1554.924085 -1555.175192 -1555.701087 -1556.868578 -1559.661511 -1567.052030 -1590.188883 -9999.0 -9999.0
-9999.0 -9999.0 526.968043 431.145756 334.108575 236.450416 138.522320 40.480738 -57.591476 -155.658125 -253.682771 -351.601586 -449.284839 -546.453779 -642.727432 -738.586229 -834.579673 -930.159090 -1025.387830 -1118.153756 -1204.779733 -1283.240364 -1350.593319 -1405.441574 -1448.078135 -1479.983380 -1503.154495 -1519.592133 -1531.033842 -1538.872747 -1544.172260 -1547.715915 -1550.064988 -1551.612148 -1552.627016 -1553.293971 -1553.746527 -1554.122194 -1554.778457 -1557.277510 -1567.462147 -1598.512309 -1535.302762 -2143.054173 -1976.704128 -1881.239619 -1839.332222 -1834.011802 -1833.477246 -1833.534004 -1833.674595 -1833.825138 -1833.969649 -1834.103375 -1834.227019 -1834.366801 -1834.782903 -1837.744382 -1858.985475 -1908.578194 -1982.605811 -1405.300329 -1566.348446 -1560.807586 -1555.988154 -1554.877817 -1554.687927 -1554.658447 -1554.654467 -1554.654602 -1554.655317 -1554.655986 -1554.656517 -1554.656924 -1554.657237 -1554.657480 -1554.657674 -1554.657831 -1554.657962 -1554.658080 -1554.658196 -1554.658325 -1554.658486 -1554.658710 -1554.659041 -1554.659548 -1554.660345 -1554.661622 -1554.663700 -1554.667144 -1554.672983 -1554.683152 -1554.701390 -1554.735094 -1554.799138 -1554.924085 -1555.175192 -1555.701087 -1556.868578 -1559.661511 -1567.052030 -1590.188883 -9999.0 -9999.0
-9999.0 -9999.0 526.969565 431.146553 334.108897 236.450535 138.522363 40.480753 -57.591470 -155.658123 -253.682770 -351.601586 -449.284839 -546.453779 -642.727432 -738.586229 -834.579673 -930.159090 -1025.387830 -1118.153756 -1204.779733 -1283.240364 -1350.593319 -1405.441574 -1448.078135 -1479.983380 -1503.154495 -1519.592133 -1531.033842 -1538.872747 -1544.172260 -1547.715915 -1550.064988 -1551.612148 -1552.627016 -1553.293971 -1553.746527 -1554.122194 -1554.778457 -1557.277510 -1567.462147 -1598.512309 -1535.302762 -2143.054173 -1976.704127 -1881.239618 -1839.332222 -1834.011802 -1833.477246 -1833.534004 -1833.674595 -1833.825138 -1833.969649 -1834.103375 -1834.227019 -1834.366801 -1834.782903 -1837.744382 -1858.985475 -1908.578194 -1982.605811 -1405.300329 -1566.348446 -1560.807586 -1555.988154 -1554.877817 -1554.687927 -1554.658447 -1554.654467 -1554.654602 -1554.655317 -1554.655986 -1554.656517 -1554.656924 -1554.657237 -1554.657480 -1554.657674 -1554.657831 -1554.657962 -1554.658080 -1554.658196 -1554.658325 -1554.658486 -1554.658710 -1554.659041 -1554.659548 -1554.660345 -1554.661622 -1554.663700 -1554.667144 -1554.672983 -1554.683152 -1554.701390 -1554.735094 -1554.799138 -1554.924085 -1555.175192 -1555.701087 -1556.868578 -1559.661511 -1567.052030 -1590.188883 -9999.0 -9999.0
-9999.0 -9999.0 526.969565 431.146553 334.108897 236.450535 138.522363 40.480753 -57.591470 -155.658123 -253.682770 -351.601586 -449.284839 -546.453779 -642.727432 -738.586229 -834.579673 -930.159090 -1025.387830 -1118.153756 -1204.779733 -1283.240364 -1350.593319 -1405.441574 -1448.078135 -1479.983380 -1503.154495 -1519.592133 -1531.033842 -1538.872747 -1544.172260 -1547.715915 -1550.064988 -1551.612148 -1552.627016 -1553.293971 -1553.746527 -1554.122194 -1554.778457 -1557.277510 -1567.462147 -1598.512309 -1535.302762 -2143.054173 -1976.704127 -1881.239618 -1839.332222 -1834.011802 -1833.477246 -1833.534004 -1833.674595 -1833.825138 -1833.969649 -1834.103375 -1834.227019 -1834.366801 -1834.782903 -1837.744382 -1858.985475 -1908.578194 -1982.605811 -1405.300329 -1566.348446 -1560.807586 -1555.988154 -1554.877817 -1554.687927 -1554.658447 -1554.654467 -1554.654602 -1554.655317 -1554.655986 -1554.656517 -1554.656924 -1554.657237 -1554.657480 -1554.657674 -1554.657831 -1554.657962 -1554.658080 -1554.658196 -1554.658325 -1554.658486 -1554.658710 -1554.659041 -1554.659548 -1554.660345 -1554.661622 -1554.663700 -1554.667144 -1554.672983 -1554.683152 -1554.701390 -1554.735094 -1554.799138 -1554.924085 -1555.175192 -1555.701087 -1556.868578 -1559.661511 -1567.052030 -1590.188883 -9999.0 -9999.0
-9999.0 -9999.0 526.968043 431.145756 334.108575 236.450416 138.522320 40.480738 -57.591476 -155.658125 -253.682771 -351.601586 -449.284839 -546.453779 -642.727432 -738.586229 -834.579673 -930.159090 -1025.387830 -1118.153756 -1204.779733 -1283.240364 -1350.593319 -1405.441574 -1448.078135 -1479.983380 -1503.154495 -1519.592133 -1531.033842 -1538.872747 -1544.172260 -1547.715915 -1550.064988 -1551.612148 -1552.627016 -1553.293971 -1553.746527 -1554.122194 -1554.778457 -1557.277510 -1567.462147 -1598.512309 -1535.302762 -2143.054173 -1976.704128 -1881.239619 -1839.332222 -1834.011802 -1833.477246 -1833.534004 -1833.674595 -1833.825138 -1833.969649 -1834.103375 -1834.227019 -1834.366801 -1834.782903 -1837.744382 -1858.985475 -1908.578194 -1982.605811 -1405.300329 -1566.348446 -1560.807586 -1555.988154 -1554.877817 -1554.687927 -1554.658447 -1554.654467 -1554.654602 -1554.655317 -1554.655986 -1554.656517 -1554.656924 -1554.657237 -1554.657480 -1554.657674 -1554.657831 -1554.657962 -1554.658080 -1554.658196 -1554.658325 -1554.658486 -1554.658710 -1554.659041 -1554.659548 -1554.660345 -1554.661622 -1554.663700 -1554.667144 -1554.672983 -1554.683152 -1554.701390 -1554.735094 -1554.799138 -1554.924085 -1555.175192 -1555.701087 -1556.868578 -1559.661511 -1567.052030 -1590.188883 -9999.0 -9999.0
-9999.0 -9999.0 526.962027 431.144013 334.108081 236.450266 138.522271 40.480721 -57.591482 -155.658127 -253.682772 -351.601587 -449.284839 -546.453779 -642.727432 -738.586229 -834.579673 -930.159090 -1025.387830 -1118.153756 -1204.779732 -1283.240364 -1350.593319 -1405.441574 -1448.078135 -1479.983380 -1503.154495 -1519.592133 -1531.033842 -1538.872747 -1544.172260 -1547.715915 -1550.064988 -1551.612148 -1552.627016 -1553.293971 -1553.746527 -1554.122194 -1554.778457 -1557.277510 -1567.462147 -1598.512309 -1535.302763 -2143.054174 -1976.704129 -1881.239621 -1839.332222 -1834.011802 -1833.477246 -1833.534004 -1833.674595 -1833.825138 -1833.969649 -1834.103375 -1834.227019 -1834.366801 -1834.782903 -1837.744382 -1858.985475 -1908.578194 -1982.605811 -1405.300329 -1566.348446 -1560.807586 -1555.988154 -1554.877817 -1554.687927 -1554.658447 -1554.654467 -1554.654602 -1554.655317 -1554.655986 -1554.656517 -1554.656924 -1554.657237 -1554.657480 -1554.657674 -1554.657831 -1554.657962 -1554.658080 -1554.658196 -1554.658325 -1554.658486 -1554.658710 -1554.659041 -1554.659548 -1554.660345 -1554.661622 -1554.663700 -1554.667144 -1554.672983 -1554.683152 -1554.701390 -1554.735094 -1554.799138 -1554.924085 -1555.175192 -1555.701087 -1556.868578 -1559.661511 -1567.052030 -1590.188883 -9999.0 -9999.0
-9999.0 -9999.0 -9999.0 -9999.0 -9999.0 -9999.0 -9999.0 -9999.0 -9999.0 -9999.0 -9999.0 -9999.0 -9999.0 -9999.0 -9999.0 -9999.0 -9999.0 -9999.0 -9999.0 -9999.0 -9999.0 -9999.0 -9999.0 -9999.0 -9999.0 -9999.0 -9999.0 -9999.0 -9999.0 -9999.0 -9999.0 -9999.0 -9999.0 -9999.0 -9999.0 -9999.0 -9999.0 -9999.0 -9999.0 -9999.0 -9999.0 -9999.0 -9999.0 -9999.0 -9999.0 -9999.0 -9999.0 -9999.0 -9999.0 -9999.0 -9999.0 -9999.0 -9999.0 -9999.0 -9999.0 -9999.0 -9999.0 -9999.0 -9999.0 -9999.0 -9999.0 -9999.0 -9999.0 -9999.0 -9999.0 -9999.0 -9999.0 -9999.0 -9999.0 -9999.0 -9999.0 -9999.0 -9999.0 -9999.0 -9999.0 -9999.0 -9999.0 -9999.0 -9999.0 -9999.0 -9999.0 -9999.0 -9999.0 -9999.0 -9999.0 -9999.0 -9999.0 -9999.0 -9999.0 -9999.0 -9999.0 -9999.0 -9999.0 -9999.0 -9999.0 -9999.0 -9999.0 -9999.0 -9999.0 -9999.0 -9999.0 -9999.0 -9999.0 -9999.0
-9999.0 -9999.0 -9999.0 -9999.0 -9999.0 -9999.0 -9999.0 -9999.0 -9999.0 -9999.0 -9999.0 -9999.0 -9999.0 -9999.0 -9999.0 -9999.0 -9999.0 -9999.0 -9999.0 -9999.0 -9999.0 -9999.0 -9999.0 -9999.0 -9999.0 -9999.0 -9999.0 -9999.0 -9999.0 -9999.0 -9999.0 -9999.0 -9999.0 -9999.0 -9999.0 -9999.0 -9999.0 -9999.0 -9999.0 -9999.0 -9999.0 -9999.0 -9999.0 -9999.0 -9999.0 -9999.0 -9999.0 -9999.0 -9999.0 -9999.0 -9999.0 -9999.0 -9999.0 -9999.0 -9999.0 -9999.0 -9999.0 -9999.0 -9999.0 -9999.0 -9999.0 -9999.0 -9999.0 -9999.0 -9999.0 -9999.0 -9999.0 -9999.0 -9999.0 -9999.0 -9999.0 -9999.0 -9999.0 -9999.0 -9999.0 -9999.0 -9999.0 -9999.0 -9999.0 -9999.0 -9999.0 -9999.0 -9999.0 -9999.0 -9999.0 -9999.0 -9999.0 -9999.0 -9999.0 -9999.0 -9999.0 -9999.0 -9999.0 -9999.0 -9999.0 -9999.0 -9999.0 -9999.0 -9999.0 -9999.0 -9999.0 -9999.0 -9999.0 -9999.0