inst/processing_geotop_simulation/geotop_simulation/out/maps3D/PwL0010N0333.asc
ncols         104
nrows         10
xllcorner     -2.000000
yllcorner     0.000000
cellsize      1.000000
NODATA_value  -9999.0
-9999.0 -9999.0 -9999.0 -9999.0 -9999.0 -9999.0 -9999.0 -9999.0 -9999.0 -9999.0 -9999.0 -9999.0 -9999.0 -9999.0 -9999.0 -9999.0 -9999.0 -9999.0 -9999.0 -9999.0 -9999.0 -9999.0 -9999.0 -9999.0 -9999.0 -9999.0 -9999.0 -9999.0 -9999.0 -9999.0 -9999.0 -9999.0 -9999.0 -9999.0 -9999.0 -9999.0 -9999.0 -9999.0 -9999.0 -9999.0 -9999.0 -9999.0 -9999.0 -9999.0 -9999.0 -9999.0 -9999.0 -9999.0 -9999.0 -9999.0 -9999.0 -9999.0 -9999.0 -9999.0 -9999.0 -9999.0 -9999.0 -9999.0 -9999.0 -9999.0 -9999.0 -9999.0 -9999.0 -9999.0 -9999.0 -9999.0 -9999.0 -9999.0 -9999.0 -9999.0 -9999.0 -9999.0 -9999.0 -9999.0 -9999.0 -9999.0 -9999.0 -9999.0 -9999.0 -9999.0 -9999.0 -9999.0 -9999.0 -9999.0 -9999.0 -9999.0 -9999.0 -9999.0 -9999.0 -9999.0 -9999.0 -9999.0 -9999.0 -9999.0 -9999.0 -9999.0 -9999.0 -9999.0 -9999.0 -9999.0 -9999.0 -9999.0 -9999.0 -9999.0
-9999.0 -9999.0 -9999.0 -9999.0 -9999.0 -9999.0 -9999.0 -9999.0 -9999.0 -9999.0 -9999.0 -9999.0 -9999.0 -9999.0 -9999.0 -9999.0 -9999.0 -9999.0 -9999.0 -9999.0 -9999.0 -9999.0 -9999.0 -9999.0 -9999.0 -9999.0 -9999.0 -9999.0 -9999.0 -9999.0 -9999.0 -9999.0 -9999.0 -9999.0 -9999.0 -9999.0 -9999.0 -9999.0 -9999.0 -9999.0 -9999.0 -9999.0 -9999.0 -9999.0 -9999.0 -9999.0 -9999.0 -9999.0 -9999.0 -9999.0 -9999.0 -9999.0 -9999.0 -9999.0 -9999.0 -9999.0 -9999.0 -9999.0 -9999.0 -9999.0 -9999.0 -9999.0 -9999.0 -9999.0 -9999.0 -9999.0 -9999.0 -9999.0 -9999.0 -9999.0 -9999.0 -9999.0 -9999.0 -9999.0 -9999.0 -9999.0 -9999.0 -9999.0 -9999.0 -9999.0 -9999.0 -9999.0 -9999.0 -9999.0 -9999.0 -9999.0 -9999.0 -9999.0 -9999.0 -9999.0 -9999.0 -9999.0 -9999.0 -9999.0 -9999.0 -9999.0 -9999.0 -9999.0 -9999.0 -9999.0 -9999.0 -9999.0 -9999.0 -9999.0
-9999.0 -9999.0 473.683249 375.851439 277.330554 178.487130 79.507172 -19.527087 -118.576345 -217.622887 -316.645766 -415.614000 -514.463993 -613.063118 -711.244842 -809.598491 -907.772836 -1005.735754 -1103.474524 -1198.937970 -1291.598164 -1379.235224 -1458.986401 -1528.330980 -1585.917540 -1631.770268 -1666.984921 -1693.233249 -1712.328343 -1725.949188 -1735.512629 -1742.142961 -1746.694184 -1749.794323 -1751.894484 -1753.315391 -1754.294439 -1755.065798 -1756.114327 -1758.913780 -1765.844481 -1759.983034 -1334.726718 -1526.321377 -1473.498872 -1440.157128 -1424.997870 -1422.915223 -1422.700302 -1422.721322 -1422.775890 -1422.834488 -1422.890772 -1422.942877 -1422.991176 -1423.046881 -1423.218625 -1424.412676 -1432.255273 -1450.096965 -1472.523303 -1266.454894 -1726.534582 -1758.541881 -1757.528050 -1756.569441 -1756.342834 -1756.302101 -1756.295871 -1756.295426 -1756.295863 -1756.296347 -1756.296745 -1756.297056 -1756.297298 -1756.297489 -1756.297644 -1756.297772 -1756.297882 -1756.297982 -1756.298082 -1756.298193 -1756.298331 -1756.298517 -1756.298786 -1756.299194 -1756.299829 -1756.300840 -1756.302483 -1756.305213 -1756.309863 -1756.318013 -1756.332739 -1756.360170 -1756.412782 -1756.516775 -1756.730001 -1757.189425 -1758.246123 -1760.886039 -1768.257049 -1792.277041 -9999.0 -9999.0
-9999.0 -9999.0 473.689172 375.853083 277.331012 178.487269 79.507216 -19.527072 -118.576339 -217.622885 -316.645765 -415.613999 -514.463993 -613.063118 -711.244842 -809.598491 -907.772836 -1005.735754 -1103.474524 -1198.937971 -1291.598164 -1379.235224 -1458.986401 -1528.330981 -1585.917540 -1631.770268 -1666.984922 -1693.233249 -1712.328343 -1725.949188 -1735.512629 -1742.142961 -1746.694184 -1749.794323 -1751.894484 -1753.315391 -1754.294439 -1755.065798 -1756.114327 -1758.913780 -1765.844481 -1759.983034 -1334.726718 -1526.321377 -1473.498871 -1440.157127 -1424.997870 -1422.915223 -1422.700302 -1422.721322 -1422.775890 -1422.834488 -1422.890772 -1422.942877 -1422.991176 -1423.046881 -1423.218625 -1424.412676 -1432.255273 -1450.096965 -1472.523303 -1266.454894 -1726.534582 -1758.541881 -1757.528050 -1756.569441 -1756.342834 -1756.302101 -1756.295871 -1756.295426 -1756.295863 -1756.296347 -1756.296745 -1756.297056 -1756.297298 -1756.297489 -1756.297644 -1756.297772 -1756.297882 -1756.297982 -1756.298082 -1756.298193 -1756.298331 -1756.298517 -1756.298786 -1756.299194 -1756.299829 -1756.300840 -1756.302483 -1756.305213 -1756.309863 -1756.318013 -1756.332739 -1756.360170 -1756.412782 -1756.516775 -1756.730001 -1757.189425 -1758.246123 -1760.886039 -1768.257049 -1792.277041 -9999.0 -9999.0
-9999.0 -9999.0 473.690576 375.853821 277.331308 178.487378 79.507256 -19.527058 -118.576334 -217.622883 -316.645764 -415.613999 -514.463993 -613.063117 -711.244842 -809.598491 -907.772836 -1005.735754 -1103.474524 -1198.937971 -1291.598164 -1379.235224 -1458.986401 -1528.330981 -1585.917541 -1631.770268 -1666.984922 -1693.233250 -1712.328343 -1725.949188 -1735.512629 -1742.142961 -1746.694184 -1749.794323 -1751.894484 -1753.315391 -1754.294439 -1755.065798 -1756.114327 -1758.913780 -1765.844481 -1759.983034 -1334.726718 -1526.321377 -1473.498871 -1440.157126 -1424.997870 -1422.915223 -1422.700302 -1422.721322 -1422.775890 -1422.834488 -1422.890772 -1422.942877 -1422.991176 -1423.046881 -1423.218625 -1424.412676 -1432.255273 -1450.096965 -1472.523303 -1266.454894 -1726.534582 -1758.541881 -1757.528050 -1756.569441 -1756.342834 -1756.302101 -1756.295871 -1756.295426 -1756.295863 -1756.296347 -1756.296745 -1756.297056 -1756.297298 -1756.297489 -1756.297644 -1756.297772 -1756.297882 -1756.297982 -1756.298082 -1756.298193 -1756.298331 -1756.298517 -1756.298786 -1756.299194 -1756.299829 -1756.300840 -1756.302483 -1756.305213 -1756.309863 -1756.318013 -1756.332739 -1756.360170 -1756.412782 -1756.516775 -1756.730001 -1757.189425 -1758.246123 -1760.886039 -1768.257049 -1792.277041 -9999.0 -9999.0
-9999.0 -9999.0 473.690576 375.853821 277.331308 178.487378 79.507256 -19.527058 -118.576334 -217.622883 -316.645764 -415.613999 -514.463993 -613.063117 -711.244842 -809.598491 -907.772836 -1005.735754 -1103.474524 -1198.937971 -1291.598164 -1379.235224 -1458.986401 -1528.330981 -1585.917541 -1631.770268 -1666.984922 -1693.233250 -1712.328343 -1725.949188 -1735.512629 -1742.142961 -1746.694184 -1749.794323 -1751.894484 -1753.315391 -1754.294439 -1755.065798 -1756.114327 -1758.913780 -1765.844481 -1759.983034 -1334.726718 -1526.321377 -1473.498871 -1440.157126 -1424.997870 -1422.915223 -1422.700302 -1422.721322 -1422.775890 -1422.834488 -1422.890772 -1422.942877 -1422.991176 -1423.046881 -1423.218625 -1424.412676 -1432.255273 -1450.096965 -1472.523303 -1266.454894 -1726.534582 -1758.541881 -1757.528050 -1756.569441 -1756.342834 -1756.302101 -1756.295871 -1756.295426 -1756.295863 -1756.296347 -1756.296745 -1756.297056 -1756.297298 -1756.297489 -1756.297644 -1756.297772 -1756.297882 -1756.297982 -1756.298082 -1756.298193 -1756.298331 -1756.298517 -1756.298786 -1756.299194 -1756.299829 -1756.300840 -1756.302483 -1756.305213 -1756.309863 -1756.318013 -1756.332739 -1756.360170 -1756.412782 -1756.516775 -1756.730001 -1757.189425 -1758.246123 -1760.886039 -1768.257049 -1792.277041 -9999.0 -9999.0
-9999.0 -9999.0 473.689172 375.853083 277.331011 178.487269 79.507216 -19.527072 -118.576339 -217.622885 -316.645765 -415.613999 -514.463993 -613.063117 -711.244842 -809.598491 -907.772836 -1005.735754 -1103.474524 -1198.937971 -1291.598164 -1379.235224 -1458.986401 -1528.330981 -1585.917540 -1631.770268 -1666.984922 -1693.233249 -1712.328343 -1725.949188 -1735.512629 -1742.142961 -1746.694184 -1749.794323 -1751.894484 -1753.315391 -1754.294439 -1755.065798 -1756.114327 -1758.913780 -1765.844481 -1759.983034 -1334.726718 -1526.321377 -1473.498871 -1440.157127 -1424.997870 -1422.915223 -1422.700302 -1422.721322 -1422.775890 -1422.834488 -1422.890772 -1422.942877 -1422.991176 -1423.046881 -1423.218625 -1424.412676 -1432.255273 -1450.096965 -1472.523303 -1266.454894 -1726.534582 -1758.541881 -1757.528050 -1756.569441 -1756.342834 -1756.302101 -1756.295871 -1756.295426 -1756.295863 -1756.296347 -1756.296745 -1756.297056 -1756.297298 -1756.297489 -1756.297644 -1756.297772 -1756.297882 -1756.297982 -1756.298082 -1756.298193 -1756.298331 -1756.298517 -1756.298786 -1756.299194 -1756.299829 -1756.300840 -1756.302483 -1756.305213 -1756.309863 -1756.318013 -1756.332739 -1756.360170 -1756.412782 -1756.516775 -1756.730001 -1757.189425 -1758.246123 -1760.886039 -1768.257049 -1792.277041 -9999.0 -9999.0
-9999.0 -9999.0 473.683249 375.851439 277.330554 178.487130 79.507172 -19.527087 -118.576344 -217.622887 -316.645765 -415.614000 -514.463993 -613.063118 -711.244842 -809.598491 -907.772836 -1005.735754 -1103.474524 -1198.937970 -1291.598164 -1379.235224 -1458.986401 -1528.330980 -1585.917540 -1631.770268 -1666.984921 -1693.233249 -1712.328343 -1725.949188 -1735.512629 -1742.142961 -1746.694184 -1749.794323 -1751.894484 -1753.315391 -1754.294439 -1755.065798 -1756.114327 -1758.913780 -1765.844481 -1759.983034 -1334.726718 -1526.321377 -1473.498872 -1440.157128 -1424.997870 -1422.915223 -1422.700302 -1422.721322 -1422.775890 -1422.834488 -1422.890772 -1422.942877 -1422.991176 -1423.046881 -1423.218625 -1424.412676 -1432.255273 -1450.096965 -1472.523303 -1266.454894 -1726.534582 -1758.541881 -1757.528050 -1756.569441 -1756.342834 -1756.302101 -1756.295871 -1756.295426 -1756.295863 -1756.296347 -1756.296745 -1756.297056 -1756.297298 -1756.297489 -1756.297644 -1756.297772 -1756.297882 -1756.297982 -1756.298082 -1756.298193 -1756.298331 -1756.298517 -1756.298786 -1756.299194 -1756.299829 -1756.300840 -1756.302483 -1756.305213 -1756.309863 -1756.318013 -1756.332739 -1756.360170 -1756.412782 -1756.516775 -1756.730001 -1757.189425 -1758.246123 -1760.886039 -1768.257049 -1792.277041 -9999.0 -9999.0
-9999.0 -9999.0 -9999.0 -9999.0 -9999.0 -9999.0 -9999.0 -9999.0 -9999.0 -9999.0 -9999.0 -9999.0 -9999.0 -9999.0 -9999.0 -9999.0 -9999.0 -9999.0 -9999.0 -9999.0 -9999.0 -9999.0 -9999.0 -9999.0 -9999.0 -9999.0 -9999.0 -9999.0 -9999.0 -9999.0 -9999.0 -9999.0 -9999.0 -9999.0 -9999.0 -9999.0 -9999.0 -9999.0 -9999.0 -9999.0 -9999.0 -9999.0 -9999.0 -9999.0 -9999.0 -9999.0 -9999.0 -9999.0 -9999.0 -9999.0 -9999.0 -9999.0 -9999.0 -9999.0 -9999.0 -9999.0 -9999.0 -9999.0 -9999.0 -9999.0 -9999.0 -9999.0 -9999.0 -9999.0 -9999.0 -9999.0 -9999.0 -9999.0 -9999.0 -9999.0 -9999.0 -9999.0 -9999.0 -9999.0 -9999.0 -9999.0 -9999.0 -9999.0 -9999.0 -9999.0 -9999.0 -9999.0 -9999.0 -9999.0 -9999.0 -9999.0 -9999.0 -9999.0 -9999.0 -9999.0 -9999.0 -9999.0 -9999.0 -9999.0 -9999.0 -9999.0 -9999.0 -9999.0 -9999.0 -9999.0 -9999.0 -9999.0 -9999.0 -9999.0
-9999.0 -9999.0 -9999.0 -9999.0 -9999.0 -9999.0 -9999.0 -9999.0 -9999.0 -9999.0 -9999.0 -9999.0 -9999.0 -9999.0 -9999.0 -9999.0 -9999.0 -9999.0 -9999.0 -9999.0 -9999.0 -9999.0 -9999.0 -9999.0 -9999.0 -9999.0 -9999.0 -9999.0 -9999.0 -9999.0 -9999.0 -9999.0 -9999.0 -9999.0 -9999.0 -9999.0 -9999.0 -9999.0 -9999.0 -9999.0 -9999.0 -9999.0 -9999.0 -9999.0 -9999.0 -9999.0 -9999.0 -9999.0 -9999.0 -9999.0 -9999.0 -9999.0 -9999.0 -9999.0 -9999.0 -9999.0 -9999.0 -9999.0 -9999.0 -9999.0 -9999.0 -9999.0 -9999.0 -9999.0 -9999.0 -9999.0 -9999.0 -9999.0 -9999.0 -9999.0 -9999.0 -9999.0 -9999.0 -9999.0 -9999.0 -9999.0 -9999.0 -9999.0 -9999.0 -9999.0 -9999.0 -9999.0 -9999.0 -9999.0 -9999.0 -9999.0 -9999.0 -9999.0 -9999.0 -9999.0 -9999.0 -9999.0 -9999.0 -9999.0 -9999.0 -9999.0 -9999.0 -9999.0 -9999.0 -9999.0 -9999.0 -9999.0 -9999.0 -9999.0