inst/processing_geotop_simulation/geotop_simulation/out/maps3D/PwL0016N0222.asc
ncols         104
nrows         10
xllcorner     -2.000000
yllcorner     0.000000
cellsize      1.000000
NODATA_value  -9999.0
-9999.0 -9999.0 -9999.0 -9999.0 -9999.0 -9999.0 -9999.0 -9999.0 -9999.0 -9999.0 -9999.0 -9999.0 -9999.0 -9999.0 -9999.0 -9999.0 -9999.0 -9999.0 -9999.0 -9999.0 -9999.0 -9999.0 -9999.0 -9999.0 -9999.0 -9999.0 -9999.0 -9999.0 -9999.0 -9999.0 -9999.0 -9999.0 -9999.0 -9999.0 -9999.0 -9999.0 -9999.0 -9999.0 -9999.0 -9999.0 -9999.0 -9999.0 -9999.0 -9999.0 -9999.0 -9999.0 -9999.0 -9999.0 -9999.0 -9999.0 -9999.0 -9999.0 -9999.0 -9999.0 -9999.0 -9999.0 -9999.0 -9999.0 -9999.0 -9999.0 -9999.0 -9999.0 -9999.0 -9999.0 -9999.0 -9999.0 -9999.0 -9999.0 -9999.0 -9999.0 -9999.0 -9999.0 -9999.0 -9999.0 -9999.0 -9999.0 -9999.0 -9999.0 -9999.0 -9999.0 -9999.0 -9999.0 -9999.0 -9999.0 -9999.0 -9999.0 -9999.0 -9999.0 -9999.0 -9999.0 -9999.0 -9999.0 -9999.0 -9999.0 -9999.0 -9999.0 -9999.0 -9999.0 -9999.0 -9999.0 -9999.0 -9999.0 -9999.0 -9999.0
-9999.0 -9999.0 -9999.0 -9999.0 -9999.0 -9999.0 -9999.0 -9999.0 -9999.0 -9999.0 -9999.0 -9999.0 -9999.0 -9999.0 -9999.0 -9999.0 -9999.0 -9999.0 -9999.0 -9999.0 -9999.0 -9999.0 -9999.0 -9999.0 -9999.0 -9999.0 -9999.0 -9999.0 -9999.0 -9999.0 -9999.0 -9999.0 -9999.0 -9999.0 -9999.0 -9999.0 -9999.0 -9999.0 -9999.0 -9999.0 -9999.0 -9999.0 -9999.0 -9999.0 -9999.0 -9999.0 -9999.0 -9999.0 -9999.0 -9999.0 -9999.0 -9999.0 -9999.0 -9999.0 -9999.0 -9999.0 -9999.0 -9999.0 -9999.0 -9999.0 -9999.0 -9999.0 -9999.0 -9999.0 -9999.0 -9999.0 -9999.0 -9999.0 -9999.0 -9999.0 -9999.0 -9999.0 -9999.0 -9999.0 -9999.0 -9999.0 -9999.0 -9999.0 -9999.0 -9999.0 -9999.0 -9999.0 -9999.0 -9999.0 -9999.0 -9999.0 -9999.0 -9999.0 -9999.0 -9999.0 -9999.0 -9999.0 -9999.0 -9999.0 -9999.0 -9999.0 -9999.0 -9999.0 -9999.0 -9999.0 -9999.0 -9999.0 -9999.0 -9999.0
-9999.0 -9999.0 776.206077 679.657335 582.534432 484.928459 387.084208 289.135672 191.152006 93.169805 -4.787807 -102.701340 -200.557265 -298.293314 -395.787582 -492.834939 -589.084287 -684.029764 -779.638334 -874.572836 -968.522298 -1061.237035 -1142.348886 -1213.557823 -1273.253512 -1321.120561 -1357.989262 -1385.416414 -1405.232487 -1419.208501 -1428.874879 -1435.457789 -1439.887687 -1442.842630 -1444.802148 -1446.100001 -1446.974552 -1447.642307 -1448.553217 -1451.531831 -1464.174032 -1522.816616 -2014.201581 -4147.771826 -4183.165774 -4183.168300 -4183.168291 -4183.168289 -4183.168288 -4183.168287 -4183.168282 -4183.168267 -4183.168241 -4183.168206 -4183.168145 -4183.168023 -4183.167744 -4183.167039 -4183.165107 -4183.154215 -4123.877033 -1878.732622 -1485.991284 -1456.825546 -1450.281196 -1448.991825 -1448.778060 -1448.745212 -1448.740750 -1448.740807 -1448.741507 -1448.742173 -1448.742705 -1448.743116 -1448.743432 -1448.743680 -1448.743878 -1448.744040 -1448.744177 -1448.744300 -1448.744420 -1448.744554 -1448.744721 -1448.744949 -1448.745285 -1448.745796 -1448.746599 -1448.747881 -1448.749966 -1448.753423 -1448.759289 -1448.769518 -1448.787895 -1448.821921 -1448.886753 -1449.013812 -1449.271262 -1449.817564 -1451.050498 -1454.039436 -1461.943524 -1486.086871 -9999.0 -9999.0
-9999.0 -9999.0 776.210255 679.658778 582.534878 484.928601 387.084255 289.135689 191.152012 93.169808 -4.787806 -102.701339 -200.557265 -298.293314 -395.787582 -492.834939 -589.084287 -684.029764 -779.638334 -874.572837 -968.522298 -1061.237036 -1142.348887 -1213.557824 -1273.253512 -1321.120561 -1357.989262 -1385.416414 -1405.232488 -1419.208501 -1428.874879 -1435.457789 -1439.887687 -1442.842630 -1444.802148 -1446.100001 -1446.974552 -1447.642307 -1448.553217 -1451.531831 -1464.174032 -1522.816616 -2014.201581 -4147.771826 -4183.165774 -4183.168300 -4183.168291 -4183.168289 -4183.168288 -4183.168287 -4183.168282 -4183.168267 -4183.168241 -4183.168206 -4183.168145 -4183.168023 -4183.167744 -4183.167039 -4183.165107 -4183.154215 -4123.877033 -1878.732622 -1485.991284 -1456.825546 -1450.281196 -1448.991825 -1448.778060 -1448.745212 -1448.740750 -1448.740807 -1448.741507 -1448.742173 -1448.742705 -1448.743116 -1448.743432 -1448.743680 -1448.743878 -1448.744040 -1448.744177 -1448.744300 -1448.744420 -1448.744554 -1448.744721 -1448.744949 -1448.745285 -1448.745796 -1448.746599 -1448.747881 -1448.749966 -1448.753423 -1448.759289 -1448.769518 -1448.787895 -1448.821921 -1448.886753 -1449.013812 -1449.271262 -1449.817564 -1451.050498 -1454.039436 -1461.943524 -1486.086871 -9999.0 -9999.0
-9999.0 -9999.0 776.211635 679.659505 582.535179 484.928714 387.084297 289.135704 191.152017 93.169810 -4.787805 -102.701339 -200.557265 -298.293313 -395.787582 -492.834939 -589.084287 -684.029764 -779.638334 -874.572837 -968.522299 -1061.237036 -1142.348887 -1213.557824 -1273.253512 -1321.120561 -1357.989262 -1385.416414 -1405.232488 -1419.208501 -1428.874879 -1435.457789 -1439.887687 -1442.842630 -1444.802148 -1446.100001 -1446.974552 -1447.642307 -1448.553217 -1451.531831 -1464.174032 -1522.816616 -2014.201581 -4147.771826 -4183.165774 -4183.168300 -4183.168291 -4183.168289 -4183.168288 -4183.168287 -4183.168282 -4183.168267 -4183.168241 -4183.168206 -4183.168145 -4183.168023 -4183.167744 -4183.167039 -4183.165107 -4183.154215 -4123.877033 -1878.732622 -1485.991284 -1456.825546 -1450.281196 -1448.991825 -1448.778060 -1448.745212 -1448.740750 -1448.740807 -1448.741507 -1448.742173 -1448.742705 -1448.743116 -1448.743432 -1448.743680 -1448.743878 -1448.744040 -1448.744177 -1448.744300 -1448.744420 -1448.744554 -1448.744721 -1448.744949 -1448.745285 -1448.745796 -1448.746599 -1448.747881 -1448.749966 -1448.753423 -1448.759289 -1448.769518 -1448.787895 -1448.821921 -1448.886753 -1449.013812 -1449.271262 -1449.817564 -1451.050498 -1454.039436 -1461.943524 -1486.086871 -9999.0 -9999.0
-9999.0 -9999.0 776.211635 679.659505 582.535179 484.928714 387.084297 289.135704 191.152017 93.169810 -4.787805 -102.701339 -200.557265 -298.293313 -395.787582 -492.834939 -589.084287 -684.029764 -779.638334 -874.572837 -968.522299 -1061.237036 -1142.348887 -1213.557824 -1273.253512 -1321.120561 -1357.989262 -1385.416414 -1405.232488 -1419.208501 -1428.874879 -1435.457789 -1439.887687 -1442.842630 -1444.802148 -1446.100001 -1446.974552 -1447.642307 -1448.553217 -1451.531831 -1464.174032 -1522.816616 -2014.201581 -4147.771826 -4183.165774 -4183.168300 -4183.168291 -4183.168289 -4183.168288 -4183.168287 -4183.168282 -4183.168267 -4183.168241 -4183.168206 -4183.168145 -4183.168023 -4183.167744 -4183.167039 -4183.165107 -4183.154215 -4123.877033 -1878.732622 -1485.991284 -1456.825546 -1450.281196 -1448.991825 -1448.778060 -1448.745212 -1448.740750 -1448.740807 -1448.741507 -1448.742173 -1448.742705 -1448.743116 -1448.743432 -1448.743680 -1448.743878 -1448.744040 -1448.744177 -1448.744300 -1448.744420 -1448.744554 -1448.744721 -1448.744949 -1448.745285 -1448.745796 -1448.746599 -1448.747881 -1448.749966 -1448.753423 -1448.759289 -1448.769518 -1448.787895 -1448.821921 -1448.886753 -1449.013812 -1449.271262 -1449.817564 -1451.050498 -1454.039436 -1461.943524 -1486.086871 -9999.0 -9999.0
-9999.0 -9999.0 776.210255 679.658778 582.534878 484.928601 387.084255 289.135689 191.152012 93.169808 -4.787806 -102.701339 -200.557265 -298.293314 -395.787582 -492.834939 -589.084287 -684.029764 -779.638334 -874.572837 -968.522298 -1061.237036 -1142.348887 -1213.557824 -1273.253512 -1321.120561 -1357.989262 -1385.416414 -1405.232488 -1419.208501 -1428.874879 -1435.457789 -1439.887687 -1442.842630 -1444.802148 -1446.100001 -1446.974552 -1447.642307 -1448.553217 -1451.531831 -1464.174032 -1522.816616 -2014.201581 -4147.771826 -4183.165774 -4183.168300 -4183.168291 -4183.168289 -4183.168288 -4183.168287 -4183.168282 -4183.168267 -4183.168241 -4183.168206 -4183.168145 -4183.168023 -4183.167744 -4183.167039 -4183.165107 -4183.154215 -4123.877033 -1878.732622 -1485.991284 -1456.825546 -1450.281196 -1448.991825 -1448.778060 -1448.745212 -1448.740750 -1448.740807 -1448.741507 -1448.742173 -1448.742705 -1448.743116 -1448.743432 -1448.743680 -1448.743878 -1448.744040 -1448.744177 -1448.744300 -1448.744420 -1448.744554 -1448.744721 -1448.744949 -1448.745285 -1448.745796 -1448.746599 -1448.747881 -1448.749966 -1448.753423 -1448.759289 -1448.769518 -1448.787895 -1448.821921 -1448.886753 -1449.013812 -1449.271262 -1449.817564 -1451.050498 -1454.039436 -1461.943524 -1486.086871 -9999.0 -9999.0
-9999.0 -9999.0 776.206077 679.657335 582.534432 484.928459 387.084208 289.135672 191.152006 93.169805 -4.787807 -102.701340 -200.557265 -298.293314 -395.787582 -492.834939 -589.084287 -684.029764 -779.638334 -874.572836 -968.522298 -1061.237035 -1142.348886 -1213.557823 -1273.253512 -1321.120561 -1357.989262 -1385.416414 -1405.232487 -1419.208501 -1428.874879 -1435.457789 -1439.887687 -1442.842630 -1444.802148 -1446.100001 -1446.974552 -1447.642307 -1448.553217 -1451.531831 -1464.174032 -1522.816616 -2014.201581 -4147.771826 -4183.165774 -4183.168300 -4183.168291 -4183.168289 -4183.168288 -4183.168287 -4183.168282 -4183.168267 -4183.168241 -4183.168206 -4183.168145 -4183.168023 -4183.167744 -4183.167039 -4183.165107 -4183.154215 -4123.877033 -1878.732622 -1485.991284 -1456.825546 -1450.281196 -1448.991825 -1448.778060 -1448.745212 -1448.740750 -1448.740807 -1448.741507 -1448.742173 -1448.742705 -1448.743116 -1448.743432 -1448.743680 -1448.743878 -1448.744040 -1448.744177 -1448.744300 -1448.744420 -1448.744554 -1448.744721 -1448.744949 -1448.745285 -1448.745796 -1448.746599 -1448.747881 -1448.749966 -1448.753423 -1448.759289 -1448.769518 -1448.787895 -1448.821921 -1448.886753 -1449.013812 -1449.271262 -1449.817564 -1451.050498 -1454.039436 -1461.943524 -1486.086871 -9999.0 -9999.0
-9999.0 -9999.0 -9999.0 -9999.0 -9999.0 -9999.0 -9999.0 -9999.0 -9999.0 -9999.0 -9999.0 -9999.0 -9999.0 -9999.0 -9999.0 -9999.0 -9999.0 -9999.0 -9999.0 -9999.0 -9999.0 -9999.0 -9999.0 -9999.0 -9999.0 -9999.0 -9999.0 -9999.0 -9999.0 -9999.0 -9999.0 -9999.0 -9999.0 -9999.0 -9999.0 -9999.0 -9999.0 -9999.0 -9999.0 -9999.0 -9999.0 -9999.0 -9999.0 -9999.0 -9999.0 -9999.0 -9999.0 -9999.0 -9999.0 -9999.0 -9999.0 -9999.0 -9999.0 -9999.0 -9999.0 -9999.0 -9999.0 -9999.0 -9999.0 -9999.0 -9999.0 -9999.0 -9999.0 -9999.0 -9999.0 -9999.0 -9999.0 -9999.0 -9999.0 -9999.0 -9999.0 -9999.0 -9999.0 -9999.0 -9999.0 -9999.0 -9999.0 -9999.0 -9999.0 -9999.0 -9999.0 -9999.0 -9999.0 -9999.0 -9999.0 -9999.0 -9999.0 -9999.0 -9999.0 -9999.0 -9999.0 -9999.0 -9999.0 -9999.0 -9999.0 -9999.0 -9999.0 -9999.0 -9999.0 -9999.0 -9999.0 -9999.0 -9999.0 -9999.0
-9999.0 -9999.0 -9999.0 -9999.0 -9999.0 -9999.0 -9999.0 -9999.0 -9999.0 -9999.0 -9999.0 -9999.0 -9999.0 -9999.0 -9999.0 -9999.0 -9999.0 -9999.0 -9999.0 -9999.0 -9999.0 -9999.0 -9999.0 -9999.0 -9999.0 -9999.0 -9999.0 -9999.0 -9999.0 -9999.0 -9999.0 -9999.0 -9999.0 -9999.0 -9999.0 -9999.0 -9999.0 -9999.0 -9999.0 -9999.0 -9999.0 -9999.0 -9999.0 -9999.0 -9999.0 -9999.0 -9999.0 -9999.0 -9999.0 -9999.0 -9999.0 -9999.0 -9999.0 -9999.0 -9999.0 -9999.0 -9999.0 -9999.0 -9999.0 -9999.0 -9999.0 -9999.0 -9999.0 -9999.0 -9999.0 -9999.0 -9999.0 -9999.0 -9999.0 -9999.0 -9999.0 -9999.0 -9999.0 -9999.0 -9999.0 -9999.0 -9999.0 -9999.0 -9999.0 -9999.0 -9999.0 -9999.0 -9999.0 -9999.0 -9999.0 -9999.0 -9999.0 -9999.0 -9999.0 -9999.0 -9999.0 -9999.0 -9999.0 -9999.0 -9999.0 -9999.0 -9999.0 -9999.0 -9999.0 -9999.0 -9999.0 -9999.0 -9999.0 -9999.0