inst/processing_geotop_simulation/geotop_simulation/out/maps3D/PwL0015N0052.asc
ncols         104
nrows         10
xllcorner     -2.000000
yllcorner     0.000000
cellsize      1.000000
NODATA_value  -9999.0
-9999.0 -9999.0 -9999.0 -9999.0 -9999.0 -9999.0 -9999.0 -9999.0 -9999.0 -9999.0 -9999.0 -9999.0 -9999.0 -9999.0 -9999.0 -9999.0 -9999.0 -9999.0 -9999.0 -9999.0 -9999.0 -9999.0 -9999.0 -9999.0 -9999.0 -9999.0 -9999.0 -9999.0 -9999.0 -9999.0 -9999.0 -9999.0 -9999.0 -9999.0 -9999.0 -9999.0 -9999.0 -9999.0 -9999.0 -9999.0 -9999.0 -9999.0 -9999.0 -9999.0 -9999.0 -9999.0 -9999.0 -9999.0 -9999.0 -9999.0 -9999.0 -9999.0 -9999.0 -9999.0 -9999.0 -9999.0 -9999.0 -9999.0 -9999.0 -9999.0 -9999.0 -9999.0 -9999.0 -9999.0 -9999.0 -9999.0 -9999.0 -9999.0 -9999.0 -9999.0 -9999.0 -9999.0 -9999.0 -9999.0 -9999.0 -9999.0 -9999.0 -9999.0 -9999.0 -9999.0 -9999.0 -9999.0 -9999.0 -9999.0 -9999.0 -9999.0 -9999.0 -9999.0 -9999.0 -9999.0 -9999.0 -9999.0 -9999.0 -9999.0 -9999.0 -9999.0 -9999.0 -9999.0 -9999.0 -9999.0 -9999.0 -9999.0 -9999.0 -9999.0
-9999.0 -9999.0 -9999.0 -9999.0 -9999.0 -9999.0 -9999.0 -9999.0 -9999.0 -9999.0 -9999.0 -9999.0 -9999.0 -9999.0 -9999.0 -9999.0 -9999.0 -9999.0 -9999.0 -9999.0 -9999.0 -9999.0 -9999.0 -9999.0 -9999.0 -9999.0 -9999.0 -9999.0 -9999.0 -9999.0 -9999.0 -9999.0 -9999.0 -9999.0 -9999.0 -9999.0 -9999.0 -9999.0 -9999.0 -9999.0 -9999.0 -9999.0 -9999.0 -9999.0 -9999.0 -9999.0 -9999.0 -9999.0 -9999.0 -9999.0 -9999.0 -9999.0 -9999.0 -9999.0 -9999.0 -9999.0 -9999.0 -9999.0 -9999.0 -9999.0 -9999.0 -9999.0 -9999.0 -9999.0 -9999.0 -9999.0 -9999.0 -9999.0 -9999.0 -9999.0 -9999.0 -9999.0 -9999.0 -9999.0 -9999.0 -9999.0 -9999.0 -9999.0 -9999.0 -9999.0 -9999.0 -9999.0 -9999.0 -9999.0 -9999.0 -9999.0 -9999.0 -9999.0 -9999.0 -9999.0 -9999.0 -9999.0 -9999.0 -9999.0 -9999.0 -9999.0 -9999.0 -9999.0 -9999.0 -9999.0 -9999.0 -9999.0 -9999.0 -9999.0
-9999.0 -9999.0 -408.563539 -530.936119 -648.463955 -736.873070 -784.735958 -808.190928 -819.227173 -822.236349 -811.941020 -794.332181 -774.949687 -752.864774 -731.318259 -714.730673 -701.036200 -712.616404 -744.607450 -775.115056 -806.398600 -806.816775 -786.735735 -778.475183 -777.756690 -781.582159 -787.845928 -795.059376 -802.207349 -808.665062 -814.112757 -818.458165 -821.764249 -824.179118 -825.880014 -827.038685 -827.819811 -828.424307 -828.982990 -829.259009 -833.265831 -899.689997 -2298.856576 -4231.139839 -4232.673252 -4232.673267 -4232.673267 -4232.673267 -4232.673267 -4232.673267 -4232.673267 -4232.673267 -4232.673267 -4232.673267 -4232.673267 -4232.673267 -4232.673267 -4232.673267 -4232.673267 -4232.673238 -4230.212404 -2198.689837 -879.566508 -833.455791 -830.161703 -829.583419 -829.453915 -829.430599 -829.430427 -829.434431 -829.438456 -829.441704 -829.444179 -829.446052 -829.447486 -829.448602 -829.449489 -829.450205 -829.450797 -829.451315 -829.451811 -829.452350 -829.453014 -829.453922 -829.455252 -829.457284 -829.460460 -829.465508 -829.473633 -829.486902 -829.508963 -829.546488 -829.612122 -829.730546 -829.950844 -830.371319 -831.188719 -832.799796 -836.045944 -842.959100 -859.224963 -899.290438 -9999.0 -9999.0
-9999.0 -9999.0 -408.563537 -530.936111 -648.463939 -736.873055 -784.735952 -808.190928 -819.227174 -822.236349 -811.941020 -794.332181 -774.949687 -752.864774 -731.318259 -714.730673 -701.036200 -712.616404 -744.607450 -775.115056 -806.398600 -806.816775 -786.735735 -778.475183 -777.756690 -781.582159 -787.845928 -795.059376 -802.207349 -808.665062 -814.112757 -818.458165 -821.764249 -824.179118 -825.880014 -827.038685 -827.819811 -828.424307 -828.982990 -829.259009 -833.265831 -899.689997 -2298.856576 -4231.139839 -4232.673252 -4232.673267 -4232.673267 -4232.673267 -4232.673267 -4232.673267 -4232.673267 -4232.673267 -4232.673267 -4232.673267 -4232.673267 -4232.673267 -4232.673267 -4232.673267 -4232.673267 -4232.673238 -4230.212404 -2198.689837 -879.566508 -833.455791 -830.161703 -829.583419 -829.453915 -829.430599 -829.430427 -829.434431 -829.438456 -829.441704 -829.444179 -829.446052 -829.447486 -829.448602 -829.449489 -829.450205 -829.450797 -829.451315 -829.451811 -829.452350 -829.453014 -829.453922 -829.455252 -829.457284 -829.460460 -829.465508 -829.473633 -829.486902 -829.508963 -829.546488 -829.612122 -829.730546 -829.950844 -830.371319 -831.188719 -832.799796 -836.045944 -842.959100 -859.224963 -899.290438 -9999.0 -9999.0
-9999.0 -9999.0 -408.563536 -530.936106 -648.463928 -736.873045 -784.735949 -808.190928 -819.227175 -822.236350 -811.941021 -794.332181 -774.949687 -752.864774 -731.318259 -714.730673 -701.036200 -712.616404 -744.607450 -775.115056 -806.398600 -806.816775 -786.735735 -778.475183 -777.756690 -781.582159 -787.845928 -795.059376 -802.207349 -808.665062 -814.112757 -818.458165 -821.764249 -824.179118 -825.880014 -827.038685 -827.819811 -828.424307 -828.982990 -829.259009 -833.265831 -899.689997 -2298.856576 -4231.139839 -4232.673252 -4232.673267 -4232.673267 -4232.673267 -4232.673267 -4232.673267 -4232.673267 -4232.673267 -4232.673267 -4232.673267 -4232.673267 -4232.673267 -4232.673267 -4232.673267 -4232.673267 -4232.673238 -4230.212404 -2198.689837 -879.566508 -833.455791 -830.161703 -829.583419 -829.453915 -829.430599 -829.430427 -829.434431 -829.438456 -829.441704 -829.444179 -829.446052 -829.447486 -829.448602 -829.449489 -829.450205 -829.450797 -829.451315 -829.451811 -829.452350 -829.453014 -829.453922 -829.455252 -829.457284 -829.460460 -829.465508 -829.473633 -829.486902 -829.508963 -829.546488 -829.612122 -829.730546 -829.950844 -830.371319 -831.188719 -832.799796 -836.045944 -842.959100 -859.224963 -899.290438 -9999.0 -9999.0
-9999.0 -9999.0 -408.563536 -530.936106 -648.463928 -736.873045 -784.735949 -808.190928 -819.227175 -822.236350 -811.941021 -794.332181 -774.949687 -752.864774 -731.318259 -714.730673 -701.036200 -712.616404 -744.607450 -775.115056 -806.398600 -806.816775 -786.735735 -778.475183 -777.756690 -781.582159 -787.845928 -795.059376 -802.207349 -808.665062 -814.112757 -818.458165 -821.764249 -824.179118 -825.880014 -827.038685 -827.819811 -828.424307 -828.982990 -829.259009 -833.265831 -899.689997 -2298.856576 -4231.139839 -4232.673252 -4232.673267 -4232.673267 -4232.673267 -4232.673267 -4232.673267 -4232.673267 -4232.673267 -4232.673267 -4232.673267 -4232.673267 -4232.673267 -4232.673267 -4232.673267 -4232.673267 -4232.673238 -4230.212404 -2198.689837 -879.566508 -833.455791 -830.161703 -829.583419 -829.453915 -829.430599 -829.430427 -829.434431 -829.438456 -829.441704 -829.444179 -829.446052 -829.447486 -829.448602 -829.449489 -829.450205 -829.450797 -829.451315 -829.451811 -829.452350 -829.453014 -829.453922 -829.455252 -829.457284 -829.460460 -829.465508 -829.473633 -829.486902 -829.508963 -829.546488 -829.612122 -829.730546 -829.950844 -830.371319 -831.188719 -832.799796 -836.045944 -842.959100 -859.224963 -899.290438 -9999.0 -9999.0
-9999.0 -9999.0 -408.563537 -530.936111 -648.463939 -736.873056 -784.735952 -808.190928 -819.227174 -822.236349 -811.941020 -794.332181 -774.949687 -752.864774 -731.318259 -714.730673 -701.036200 -712.616404 -744.607450 -775.115056 -806.398600 -806.816775 -786.735735 -778.475183 -777.756690 -781.582159 -787.845928 -795.059376 -802.207349 -808.665062 -814.112757 -818.458165 -821.764249 -824.179118 -825.880014 -827.038685 -827.819811 -828.424307 -828.982990 -829.259009 -833.265831 -899.689997 -2298.856576 -4231.139839 -4232.673252 -4232.673267 -4232.673267 -4232.673267 -4232.673267 -4232.673267 -4232.673267 -4232.673267 -4232.673267 -4232.673267 -4232.673267 -4232.673267 -4232.673267 -4232.673267 -4232.673267 -4232.673238 -4230.212404 -2198.689837 -879.566508 -833.455791 -830.161703 -829.583419 -829.453915 -829.430599 -829.430427 -829.434431 -829.438456 -829.441704 -829.444179 -829.446052 -829.447486 -829.448602 -829.449489 -829.450205 -829.450797 -829.451315 -829.451811 -829.452350 -829.453014 -829.453922 -829.455252 -829.457284 -829.460460 -829.465508 -829.473633 -829.486902 -829.508963 -829.546488 -829.612122 -829.730546 -829.950844 -830.371319 -831.188719 -832.799796 -836.045944 -842.959100 -859.224963 -899.290438 -9999.0 -9999.0
-9999.0 -9999.0 -408.563539 -530.936119 -648.463955 -736.873070 -784.735958 -808.190928 -819.227173 -822.236349 -811.941020 -794.332181 -774.949687 -752.864774 -731.318259 -714.730673 -701.036200 -712.616404 -744.607450 -775.115056 -806.398600 -806.816775 -786.735735 -778.475183 -777.756690 -781.582159 -787.845928 -795.059376 -802.207349 -808.665062 -814.112757 -818.458165 -821.764249 -824.179118 -825.880014 -827.038685 -827.819811 -828.424307 -828.982990 -829.259009 -833.265831 -899.689997 -2298.856576 -4231.139839 -4232.673252 -4232.673267 -4232.673267 -4232.673267 -4232.673267 -4232.673267 -4232.673267 -4232.673267 -4232.673267 -4232.673267 -4232.673267 -4232.673267 -4232.673267 -4232.673267 -4232.673267 -4232.673238 -4230.212404 -2198.689837 -879.566508 -833.455791 -830.161703 -829.583419 -829.453915 -829.430599 -829.430427 -829.434431 -829.438456 -829.441704 -829.444179 -829.446052 -829.447486 -829.448602 -829.449489 -829.450205 -829.450797 -829.451315 -829.451811 -829.452350 -829.453014 -829.453922 -829.455252 -829.457284 -829.460460 -829.465508 -829.473633 -829.486902 -829.508963 -829.546488 -829.612122 -829.730546 -829.950844 -830.371319 -831.188719 -832.799796 -836.045944 -842.959100 -859.224963 -899.290438 -9999.0 -9999.0
-9999.0 -9999.0 -9999.0 -9999.0 -9999.0 -9999.0 -9999.0 -9999.0 -9999.0 -9999.0 -9999.0 -9999.0 -9999.0 -9999.0 -9999.0 -9999.0 -9999.0 -9999.0 -9999.0 -9999.0 -9999.0 -9999.0 -9999.0 -9999.0 -9999.0 -9999.0 -9999.0 -9999.0 -9999.0 -9999.0 -9999.0 -9999.0 -9999.0 -9999.0 -9999.0 -9999.0 -9999.0 -9999.0 -9999.0 -9999.0 -9999.0 -9999.0 -9999.0 -9999.0 -9999.0 -9999.0 -9999.0 -9999.0 -9999.0 -9999.0 -9999.0 -9999.0 -9999.0 -9999.0 -9999.0 -9999.0 -9999.0 -9999.0 -9999.0 -9999.0 -9999.0 -9999.0 -9999.0 -9999.0 -9999.0 -9999.0 -9999.0 -9999.0 -9999.0 -9999.0 -9999.0 -9999.0 -9999.0 -9999.0 -9999.0 -9999.0 -9999.0 -9999.0 -9999.0 -9999.0 -9999.0 -9999.0 -9999.0 -9999.0 -9999.0 -9999.0 -9999.0 -9999.0 -9999.0 -9999.0 -9999.0 -9999.0 -9999.0 -9999.0 -9999.0 -9999.0 -9999.0 -9999.0 -9999.0 -9999.0 -9999.0 -9999.0 -9999.0 -9999.0
-9999.0 -9999.0 -9999.0 -9999.0 -9999.0 -9999.0 -9999.0 -9999.0 -9999.0 -9999.0 -9999.0 -9999.0 -9999.0 -9999.0 -9999.0 -9999.0 -9999.0 -9999.0 -9999.0 -9999.0 -9999.0 -9999.0 -9999.0 -9999.0 -9999.0 -9999.0 -9999.0 -9999.0 -9999.0 -9999.0 -9999.0 -9999.0 -9999.0 -9999.0 -9999.0 -9999.0 -9999.0 -9999.0 -9999.0 -9999.0 -9999.0 -9999.0 -9999.0 -9999.0 -9999.0 -9999.0 -9999.0 -9999.0 -9999.0 -9999.0 -9999.0 -9999.0 -9999.0 -9999.0 -9999.0 -9999.0 -9999.0 -9999.0 -9999.0 -9999.0 -9999.0 -9999.0 -9999.0 -9999.0 -9999.0 -9999.0 -9999.0 -9999.0 -9999.0 -9999.0 -9999.0 -9999.0 -9999.0 -9999.0 -9999.0 -9999.0 -9999.0 -9999.0 -9999.0 -9999.0 -9999.0 -9999.0 -9999.0 -9999.0 -9999.0 -9999.0 -9999.0 -9999.0 -9999.0 -9999.0 -9999.0 -9999.0 -9999.0 -9999.0 -9999.0 -9999.0 -9999.0 -9999.0 -9999.0 -9999.0 -9999.0 -9999.0 -9999.0 -9999.0