inst/processing_geotop_simulation/geotop_simulation/out/maps3D/PwL0022N0080.asc
ncols         104
nrows         10
xllcorner     -2.000000
yllcorner     0.000000
cellsize      1.000000
NODATA_value  -9999.0
-9999.0 -9999.0 -9999.0 -9999.0 -9999.0 -9999.0 -9999.0 -9999.0 -9999.0 -9999.0 -9999.0 -9999.0 -9999.0 -9999.0 -9999.0 -9999.0 -9999.0 -9999.0 -9999.0 -9999.0 -9999.0 -9999.0 -9999.0 -9999.0 -9999.0 -9999.0 -9999.0 -9999.0 -9999.0 -9999.0 -9999.0 -9999.0 -9999.0 -9999.0 -9999.0 -9999.0 -9999.0 -9999.0 -9999.0 -9999.0 -9999.0 -9999.0 -9999.0 -9999.0 -9999.0 -9999.0 -9999.0 -9999.0 -9999.0 -9999.0 -9999.0 -9999.0 -9999.0 -9999.0 -9999.0 -9999.0 -9999.0 -9999.0 -9999.0 -9999.0 -9999.0 -9999.0 -9999.0 -9999.0 -9999.0 -9999.0 -9999.0 -9999.0 -9999.0 -9999.0 -9999.0 -9999.0 -9999.0 -9999.0 -9999.0 -9999.0 -9999.0 -9999.0 -9999.0 -9999.0 -9999.0 -9999.0 -9999.0 -9999.0 -9999.0 -9999.0 -9999.0 -9999.0 -9999.0 -9999.0 -9999.0 -9999.0 -9999.0 -9999.0 -9999.0 -9999.0 -9999.0 -9999.0 -9999.0 -9999.0 -9999.0 -9999.0 -9999.0 -9999.0
-9999.0 -9999.0 -9999.0 -9999.0 -9999.0 -9999.0 -9999.0 -9999.0 -9999.0 -9999.0 -9999.0 -9999.0 -9999.0 -9999.0 -9999.0 -9999.0 -9999.0 -9999.0 -9999.0 -9999.0 -9999.0 -9999.0 -9999.0 -9999.0 -9999.0 -9999.0 -9999.0 -9999.0 -9999.0 -9999.0 -9999.0 -9999.0 -9999.0 -9999.0 -9999.0 -9999.0 -9999.0 -9999.0 -9999.0 -9999.0 -9999.0 -9999.0 -9999.0 -9999.0 -9999.0 -9999.0 -9999.0 -9999.0 -9999.0 -9999.0 -9999.0 -9999.0 -9999.0 -9999.0 -9999.0 -9999.0 -9999.0 -9999.0 -9999.0 -9999.0 -9999.0 -9999.0 -9999.0 -9999.0 -9999.0 -9999.0 -9999.0 -9999.0 -9999.0 -9999.0 -9999.0 -9999.0 -9999.0 -9999.0 -9999.0 -9999.0 -9999.0 -9999.0 -9999.0 -9999.0 -9999.0 -9999.0 -9999.0 -9999.0 -9999.0 -9999.0 -9999.0 -9999.0 -9999.0 -9999.0 -9999.0 -9999.0 -9999.0 -9999.0 -9999.0 -9999.0 -9999.0 -9999.0 -9999.0 -9999.0 -9999.0 -9999.0 -9999.0 -9999.0
-9999.0 -9999.0 958.449400 858.417941 758.491204 658.781107 559.365553 460.293449 361.606491 263.364831 165.625805 68.405248 -28.297882 -124.662496 -221.239392 -318.894373 -418.237144 -518.290912 -614.822605 -699.403735 -764.523534 -836.876537 -902.241026 -961.408961 -1015.560778 -992.809602 -976.173781 -964.869060 -957.578205 -953.091959 -950.474653 -949.053019 -948.363794 -948.099987 -948.066073 -948.145283 -948.282445 -948.479365 -948.811923 -950.152093 -960.628663 -1055.888811 -1709.871193 -3519.836447 -3886.031527 -3886.012562 -3876.595259 -3754.336124 -3413.903828 -3012.793504 -2673.795787 -2389.320236 -2227.508829 -2129.073571 -2041.689779 -1954.154747 -1863.514183 -1770.998200 -1679.681582 -1592.197159 -1504.955512 -1251.111448 -1022.046983 -957.129124 -950.003503 -949.215351 -949.097846 -949.077394 -949.075534 -949.077221 -949.079225 -949.080899 -949.082189 -949.083169 -949.083920 -949.084504 -949.084967 -949.085342 -949.085654 -949.085929 -949.086196 -949.086490 -949.086857 -949.087363 -949.088110 -949.089254 -949.091050 -949.093914 -949.098547 -949.106160 -949.118922 -949.140853 -949.179646 -949.250417 -949.383358 -949.639505 -950.145206 -951.179508 -953.441002 -958.929782 -973.592497 -1012.465273 -9999.0 -9999.0
-9999.0 -9999.0 958.449399 858.417940 758.491204 658.781106 559.365553 460.293449 361.606491 263.364830 165.625804 68.405248 -28.297882 -124.662496 -221.239392 -318.894373 -418.237144 -518.290912 -614.822605 -699.403735 -764.523534 -836.876537 -902.241026 -961.408961 -1015.560778 -992.809602 -976.173781 -964.869060 -957.578205 -953.091959 -950.474653 -949.053019 -948.363794 -948.099987 -948.066073 -948.145283 -948.282445 -948.479365 -948.811923 -950.152093 -960.628663 -1055.888811 -1709.871192 -3519.836446 -3886.031527 -3886.012562 -3876.595259 -3754.336123 -3413.903827 -3012.793502 -2673.795783 -2389.320235 -2227.508829 -2129.073571 -2041.689778 -1954.154747 -1863.514182 -1770.998200 -1679.681582 -1592.197159 -1504.955512 -1251.111448 -1022.046983 -957.129124 -950.003503 -949.215351 -949.097846 -949.077394 -949.075534 -949.077221 -949.079225 -949.080899 -949.082189 -949.083169 -949.083920 -949.084504 -949.084967 -949.085342 -949.085654 -949.085929 -949.086196 -949.086490 -949.086857 -949.087363 -949.088110 -949.089254 -949.091050 -949.093914 -949.098547 -949.106160 -949.118922 -949.140853 -949.179646 -949.250417 -949.383358 -949.639505 -950.145206 -951.179508 -953.441002 -958.929782 -973.592497 -1012.465273 -9999.0 -9999.0
-9999.0 -9999.0 958.449399 858.417940 758.491203 658.781106 559.365552 460.293449 361.606491 263.364830 165.625804 68.405248 -28.297883 -124.662496 -221.239392 -318.894373 -418.237144 -518.290912 -614.822605 -699.403735 -764.523534 -836.876537 -902.241026 -961.408961 -1015.560778 -992.809602 -976.173781 -964.869060 -957.578205 -953.091959 -950.474653 -949.053019 -948.363794 -948.099987 -948.066073 -948.145283 -948.282445 -948.479365 -948.811923 -950.152093 -960.628663 -1055.888811 -1709.871192 -3519.836445 -3886.031527 -3886.012562 -3876.595259 -3754.336123 -3413.903827 -3012.793499 -2673.795780 -2389.320234 -2227.508829 -2129.073571 -2041.689779 -1954.154746 -1863.514182 -1770.998200 -1679.681582 -1592.197159 -1504.955512 -1251.111448 -1022.046983 -957.129124 -950.003503 -949.215351 -949.097846 -949.077394 -949.075534 -949.077221 -949.079225 -949.080899 -949.082189 -949.083169 -949.083920 -949.084504 -949.084967 -949.085342 -949.085654 -949.085929 -949.086196 -949.086490 -949.086857 -949.087363 -949.088110 -949.089254 -949.091050 -949.093914 -949.098547 -949.106160 -949.118922 -949.140853 -949.179646 -949.250417 -949.383358 -949.639505 -950.145206 -951.179508 -953.441002 -958.929782 -973.592497 -1012.465273 -9999.0 -9999.0
-9999.0 -9999.0 958.449399 858.417940 758.491203 658.781106 559.365552 460.293448 361.606491 263.364830 165.625804 68.405248 -28.297882 -124.662496 -221.239392 -318.894373 -418.237144 -518.290912 -614.822605 -699.403735 -764.523534 -836.876537 -902.241026 -961.408961 -1015.560778 -992.809602 -976.173781 -964.869060 -957.578205 -953.091959 -950.474653 -949.053019 -948.363794 -948.099987 -948.066073 -948.145283 -948.282445 -948.479365 -948.811923 -950.152093 -960.628663 -1055.888811 -1709.871192 -3519.836445 -3886.031527 -3886.012562 -3876.595259 -3754.336123 -3413.903827 -3012.793500 -2673.795781 -2389.320234 -2227.508829 -2129.073571 -2041.689778 -1954.154746 -1863.514182 -1770.998200 -1679.681581 -1592.197159 -1504.955512 -1251.111448 -1022.046983 -957.129124 -950.003503 -949.215351 -949.097846 -949.077394 -949.075534 -949.077221 -949.079225 -949.080899 -949.082189 -949.083169 -949.083920 -949.084504 -949.084967 -949.085342 -949.085654 -949.085929 -949.086196 -949.086490 -949.086857 -949.087363 -949.088110 -949.089254 -949.091050 -949.093914 -949.098547 -949.106160 -949.118922 -949.140853 -949.179646 -949.250417 -949.383358 -949.639505 -950.145206 -951.179508 -953.441002 -958.929782 -973.592497 -1012.465273 -9999.0 -9999.0
-9999.0 -9999.0 958.449399 858.417940 758.491204 658.781106 559.365553 460.293449 361.606491 263.364830 165.625804 68.405248 -28.297882 -124.662496 -221.239392 -318.894373 -418.237144 -518.290912 -614.822605 -699.403735 -764.523534 -836.876537 -902.241026 -961.408961 -1015.560778 -992.809602 -976.173781 -964.869060 -957.578205 -953.091959 -950.474653 -949.053019 -948.363794 -948.099987 -948.066073 -948.145283 -948.282445 -948.479365 -948.811923 -950.152093 -960.628663 -1055.888811 -1709.871192 -3519.836446 -3886.031527 -3886.012562 -3876.595259 -3754.336123 -3413.903827 -3012.793501 -2673.795783 -2389.320234 -2227.508829 -2129.073571 -2041.689779 -1954.154746 -1863.514183 -1770.998200 -1679.681582 -1592.197159 -1504.955512 -1251.111448 -1022.046983 -957.129124 -950.003503 -949.215351 -949.097846 -949.077394 -949.075534 -949.077221 -949.079225 -949.080899 -949.082189 -949.083169 -949.083920 -949.084504 -949.084967 -949.085342 -949.085654 -949.085929 -949.086196 -949.086490 -949.086857 -949.087363 -949.088110 -949.089254 -949.091050 -949.093914 -949.098547 -949.106160 -949.118922 -949.140853 -949.179646 -949.250417 -949.383358 -949.639505 -950.145206 -951.179508 -953.441002 -958.929782 -973.592497 -1012.465273 -9999.0 -9999.0
-9999.0 -9999.0 958.449400 858.417941 758.491204 658.781107 559.365553 460.293449 361.606491 263.364830 165.625805 68.405248 -28.297882 -124.662496 -221.239392 -318.894373 -418.237144 -518.290912 -614.822605 -699.403735 -764.523534 -836.876537 -902.241026 -961.408961 -1015.560778 -992.809602 -976.173781 -964.869060 -957.578205 -953.091959 -950.474653 -949.053019 -948.363794 -948.099987 -948.066073 -948.145283 -948.282445 -948.479365 -948.811923 -950.152093 -960.628663 -1055.888811 -1709.871193 -3519.836447 -3886.031527 -3886.012562 -3876.595259 -3754.336124 -3413.903828 -3012.793505 -2673.795788 -2389.320236 -2227.508829 -2129.073571 -2041.689779 -1954.154747 -1863.514183 -1770.998201 -1679.681582 -1592.197159 -1504.955512 -1251.111448 -1022.046983 -957.129124 -950.003503 -949.215351 -949.097846 -949.077394 -949.075534 -949.077221 -949.079225 -949.080899 -949.082189 -949.083169 -949.083920 -949.084504 -949.084967 -949.085342 -949.085654 -949.085929 -949.086196 -949.086490 -949.086857 -949.087363 -949.088110 -949.089254 -949.091050 -949.093914 -949.098547 -949.106160 -949.118922 -949.140853 -949.179646 -949.250417 -949.383358 -949.639505 -950.145206 -951.179508 -953.441002 -958.929782 -973.592497 -1012.465273 -9999.0 -9999.0
-9999.0 -9999.0 -9999.0 -9999.0 -9999.0 -9999.0 -9999.0 -9999.0 -9999.0 -9999.0 -9999.0 -9999.0 -9999.0 -9999.0 -9999.0 -9999.0 -9999.0 -9999.0 -9999.0 -9999.0 -9999.0 -9999.0 -9999.0 -9999.0 -9999.0 -9999.0 -9999.0 -9999.0 -9999.0 -9999.0 -9999.0 -9999.0 -9999.0 -9999.0 -9999.0 -9999.0 -9999.0 -9999.0 -9999.0 -9999.0 -9999.0 -9999.0 -9999.0 -9999.0 -9999.0 -9999.0 -9999.0 -9999.0 -9999.0 -9999.0 -9999.0 -9999.0 -9999.0 -9999.0 -9999.0 -9999.0 -9999.0 -9999.0 -9999.0 -9999.0 -9999.0 -9999.0 -9999.0 -9999.0 -9999.0 -9999.0 -9999.0 -9999.0 -9999.0 -9999.0 -9999.0 -9999.0 -9999.0 -9999.0 -9999.0 -9999.0 -9999.0 -9999.0 -9999.0 -9999.0 -9999.0 -9999.0 -9999.0 -9999.0 -9999.0 -9999.0 -9999.0 -9999.0 -9999.0 -9999.0 -9999.0 -9999.0 -9999.0 -9999.0 -9999.0 -9999.0 -9999.0 -9999.0 -9999.0 -9999.0 -9999.0 -9999.0 -9999.0 -9999.0
-9999.0 -9999.0 -9999.0 -9999.0 -9999.0 -9999.0 -9999.0 -9999.0 -9999.0 -9999.0 -9999.0 -9999.0 -9999.0 -9999.0 -9999.0 -9999.0 -9999.0 -9999.0 -9999.0 -9999.0 -9999.0 -9999.0 -9999.0 -9999.0 -9999.0 -9999.0 -9999.0 -9999.0 -9999.0 -9999.0 -9999.0 -9999.0 -9999.0 -9999.0 -9999.0 -9999.0 -9999.0 -9999.0 -9999.0 -9999.0 -9999.0 -9999.0 -9999.0 -9999.0 -9999.0 -9999.0 -9999.0 -9999.0 -9999.0 -9999.0 -9999.0 -9999.0 -9999.0 -9999.0 -9999.0 -9999.0 -9999.0 -9999.0 -9999.0 -9999.0 -9999.0 -9999.0 -9999.0 -9999.0 -9999.0 -9999.0 -9999.0 -9999.0 -9999.0 -9999.0 -9999.0 -9999.0 -9999.0 -9999.0 -9999.0 -9999.0 -9999.0 -9999.0 -9999.0 -9999.0 -9999.0 -9999.0 -9999.0 -9999.0 -9999.0 -9999.0 -9999.0 -9999.0 -9999.0 -9999.0 -9999.0 -9999.0 -9999.0 -9999.0 -9999.0 -9999.0 -9999.0 -9999.0 -9999.0 -9999.0 -9999.0 -9999.0 -9999.0 -9999.0