inst/processing_geotop_simulation/geotop_simulation/out/maps3D/PwL0013N0184.asc
ncols         104
nrows         10
xllcorner     -2.000000
yllcorner     0.000000
cellsize      1.000000
NODATA_value  -9999.0
-9999.0 -9999.0 -9999.0 -9999.0 -9999.0 -9999.0 -9999.0 -9999.0 -9999.0 -9999.0 -9999.0 -9999.0 -9999.0 -9999.0 -9999.0 -9999.0 -9999.0 -9999.0 -9999.0 -9999.0 -9999.0 -9999.0 -9999.0 -9999.0 -9999.0 -9999.0 -9999.0 -9999.0 -9999.0 -9999.0 -9999.0 -9999.0 -9999.0 -9999.0 -9999.0 -9999.0 -9999.0 -9999.0 -9999.0 -9999.0 -9999.0 -9999.0 -9999.0 -9999.0 -9999.0 -9999.0 -9999.0 -9999.0 -9999.0 -9999.0 -9999.0 -9999.0 -9999.0 -9999.0 -9999.0 -9999.0 -9999.0 -9999.0 -9999.0 -9999.0 -9999.0 -9999.0 -9999.0 -9999.0 -9999.0 -9999.0 -9999.0 -9999.0 -9999.0 -9999.0 -9999.0 -9999.0 -9999.0 -9999.0 -9999.0 -9999.0 -9999.0 -9999.0 -9999.0 -9999.0 -9999.0 -9999.0 -9999.0 -9999.0 -9999.0 -9999.0 -9999.0 -9999.0 -9999.0 -9999.0 -9999.0 -9999.0 -9999.0 -9999.0 -9999.0 -9999.0 -9999.0 -9999.0 -9999.0 -9999.0 -9999.0 -9999.0 -9999.0 -9999.0
-9999.0 -9999.0 -9999.0 -9999.0 -9999.0 -9999.0 -9999.0 -9999.0 -9999.0 -9999.0 -9999.0 -9999.0 -9999.0 -9999.0 -9999.0 -9999.0 -9999.0 -9999.0 -9999.0 -9999.0 -9999.0 -9999.0 -9999.0 -9999.0 -9999.0 -9999.0 -9999.0 -9999.0 -9999.0 -9999.0 -9999.0 -9999.0 -9999.0 -9999.0 -9999.0 -9999.0 -9999.0 -9999.0 -9999.0 -9999.0 -9999.0 -9999.0 -9999.0 -9999.0 -9999.0 -9999.0 -9999.0 -9999.0 -9999.0 -9999.0 -9999.0 -9999.0 -9999.0 -9999.0 -9999.0 -9999.0 -9999.0 -9999.0 -9999.0 -9999.0 -9999.0 -9999.0 -9999.0 -9999.0 -9999.0 -9999.0 -9999.0 -9999.0 -9999.0 -9999.0 -9999.0 -9999.0 -9999.0 -9999.0 -9999.0 -9999.0 -9999.0 -9999.0 -9999.0 -9999.0 -9999.0 -9999.0 -9999.0 -9999.0 -9999.0 -9999.0 -9999.0 -9999.0 -9999.0 -9999.0 -9999.0 -9999.0 -9999.0 -9999.0 -9999.0 -9999.0 -9999.0 -9999.0 -9999.0 -9999.0 -9999.0 -9999.0 -9999.0 -9999.0
-9999.0 -9999.0 630.305611 535.949494 440.239005 343.699370 246.780183 149.698813 52.561935 -44.564349 -141.650127 -238.648187 -335.455684 -431.859324 -527.532519 -622.063600 -716.031928 -810.325817 -904.066208 -996.865262 -1085.078713 -1162.735513 -1228.769835 -1281.909089 -1322.627283 -1352.594472 -1373.961528 -1388.822452 -1398.951341 -1405.738002 -1410.220252 -1413.145872 -1415.038145 -1416.254202 -1417.032860 -1417.533281 -1417.868386 -1418.151950 -1418.689635 -1421.030125 -1432.597168 -1490.137824 -2019.823830 -4300.226512 -4326.337669 -4318.208521 -4310.757986 -4309.571685 -4309.449640 -4309.462211 -4309.493685 -4309.527324 -4309.559553 -4309.589325 -4309.616800 -4309.647722 -4309.739369 -4310.390261 -4314.663277 -4321.396024 -4276.320705 -1851.847652 -1457.885674 -1426.396127 -1419.870301 -1418.744021 -1418.572929 -1418.547360 -1418.544108 -1418.544512 -1418.545406 -1418.546207 -1418.546836 -1418.547316 -1418.547685 -1418.547971 -1418.548198 -1418.548381 -1418.548535 -1418.548672 -1418.548805 -1418.548954 -1418.549140 -1418.549398 -1418.549780 -1418.550365 -1418.551286 -1418.552760 -1418.555154 -1418.559116 -1418.565815 -1418.577440 -1418.598219 -1418.636485 -1418.708948 -1418.849707 -1419.130737 -1419.713683 -1420.992555 -1424.005594 -1431.764866 -1455.097207 -9999.0 -9999.0
-9999.0 -9999.0 630.311003 535.951181 440.239501 343.699523 246.780233 149.698830 52.561941 -44.564347 -141.650126 -238.648186 -335.455684 -431.859324 -527.532519 -622.063600 -716.031929 -810.325817 -904.066208 -996.865262 -1085.078713 -1162.735513 -1228.769835 -1281.909089 -1322.627283 -1352.594472 -1373.961529 -1388.822452 -1398.951341 -1405.738002 -1410.220252 -1413.145872 -1415.038145 -1416.254202 -1417.032860 -1417.533281 -1417.868386 -1418.151950 -1418.689635 -1421.030125 -1432.597168 -1490.137824 -2019.823830 -4300.226512 -4326.337669 -4318.208521 -4310.757986 -4309.571685 -4309.449640 -4309.462211 -4309.493685 -4309.527324 -4309.559553 -4309.589325 -4309.616800 -4309.647722 -4309.739369 -4310.390261 -4314.663277 -4321.396024 -4276.320705 -1851.847652 -1457.885674 -1426.396127 -1419.870301 -1418.744021 -1418.572929 -1418.547360 -1418.544108 -1418.544512 -1418.545406 -1418.546207 -1418.546836 -1418.547316 -1418.547685 -1418.547971 -1418.548198 -1418.548381 -1418.548535 -1418.548672 -1418.548805 -1418.548954 -1418.549140 -1418.549398 -1418.549780 -1418.550365 -1418.551286 -1418.552760 -1418.555154 -1418.559116 -1418.565815 -1418.577440 -1418.598219 -1418.636485 -1418.708948 -1418.849707 -1419.130737 -1419.713683 -1420.992555 -1424.005594 -1431.764866 -1455.097207 -9999.0 -9999.0
-9999.0 -9999.0 630.312536 535.951982 440.239828 343.699645 246.780277 149.698845 52.561946 -44.564345 -141.650125 -238.648186 -335.455684 -431.859324 -527.532519 -622.063600 -716.031929 -810.325817 -904.066208 -996.865263 -1085.078713 -1162.735513 -1228.769835 -1281.909089 -1322.627283 -1352.594472 -1373.961529 -1388.822452 -1398.951341 -1405.738003 -1410.220252 -1413.145872 -1415.038145 -1416.254202 -1417.032860 -1417.533281 -1417.868386 -1418.151950 -1418.689635 -1421.030125 -1432.597168 -1490.137824 -2019.823829 -4300.226512 -4326.337669 -4318.208521 -4310.757986 -4309.571685 -4309.449640 -4309.462211 -4309.493685 -4309.527324 -4309.559553 -4309.589325 -4309.616800 -4309.647722 -4309.739369 -4310.390261 -4314.663277 -4321.396024 -4276.320705 -1851.847652 -1457.885674 -1426.396127 -1419.870301 -1418.744021 -1418.572929 -1418.547360 -1418.544108 -1418.544512 -1418.545406 -1418.546207 -1418.546836 -1418.547316 -1418.547685 -1418.547971 -1418.548198 -1418.548381 -1418.548535 -1418.548672 -1418.548805 -1418.548954 -1418.549140 -1418.549398 -1418.549780 -1418.550365 -1418.551286 -1418.552760 -1418.555154 -1418.559116 -1418.565815 -1418.577440 -1418.598219 -1418.636485 -1418.708948 -1418.849707 -1419.130737 -1419.713683 -1420.992555 -1424.005594 -1431.764866 -1455.097207 -9999.0 -9999.0
-9999.0 -9999.0 630.312536 535.951982 440.239828 343.699645 246.780277 149.698846 52.561946 -44.564345 -141.650125 -238.648186 -335.455684 -431.859324 -527.532519 -622.063600 -716.031929 -810.325817 -904.066208 -996.865263 -1085.078713 -1162.735513 -1228.769835 -1281.909089 -1322.627283 -1352.594472 -1373.961529 -1388.822452 -1398.951341 -1405.738003 -1410.220252 -1413.145872 -1415.038145 -1416.254202 -1417.032860 -1417.533281 -1417.868386 -1418.151950 -1418.689635 -1421.030125 -1432.597168 -1490.137824 -2019.823829 -4300.226512 -4326.337669 -4318.208521 -4310.757986 -4309.571685 -4309.449640 -4309.462211 -4309.493685 -4309.527324 -4309.559553 -4309.589325 -4309.616800 -4309.647722 -4309.739369 -4310.390261 -4314.663277 -4321.396024 -4276.320705 -1851.847652 -1457.885674 -1426.396127 -1419.870301 -1418.744021 -1418.572929 -1418.547360 -1418.544108 -1418.544512 -1418.545406 -1418.546207 -1418.546836 -1418.547316 -1418.547685 -1418.547971 -1418.548198 -1418.548381 -1418.548535 -1418.548672 -1418.548805 -1418.548954 -1418.549140 -1418.549398 -1418.549780 -1418.550365 -1418.551286 -1418.552760 -1418.555154 -1418.559116 -1418.565815 -1418.577440 -1418.598219 -1418.636485 -1418.708948 -1418.849707 -1419.130737 -1419.713683 -1420.992555 -1424.005594 -1431.764866 -1455.097207 -9999.0 -9999.0
-9999.0 -9999.0 630.311003 535.951181 440.239501 343.699523 246.780233 149.698830 52.561941 -44.564347 -141.650126 -238.648186 -335.455684 -431.859324 -527.532519 -622.063600 -716.031928 -810.325817 -904.066208 -996.865262 -1085.078713 -1162.735513 -1228.769835 -1281.909089 -1322.627283 -1352.594472 -1373.961529 -1388.822452 -1398.951341 -1405.738002 -1410.220252 -1413.145872 -1415.038145 -1416.254202 -1417.032860 -1417.533281 -1417.868386 -1418.151950 -1418.689635 -1421.030125 -1432.597168 -1490.137824 -2019.823830 -4300.226512 -4326.337669 -4318.208521 -4310.757986 -4309.571685 -4309.449640 -4309.462211 -4309.493685 -4309.527324 -4309.559553 -4309.589325 -4309.616800 -4309.647722 -4309.739369 -4310.390261 -4314.663277 -4321.396024 -4276.320705 -1851.847652 -1457.885674 -1426.396127 -1419.870301 -1418.744021 -1418.572929 -1418.547360 -1418.544108 -1418.544512 -1418.545406 -1418.546207 -1418.546836 -1418.547316 -1418.547685 -1418.547971 -1418.548198 -1418.548381 -1418.548535 -1418.548672 -1418.548805 -1418.548954 -1418.549140 -1418.549398 -1418.549780 -1418.550365 -1418.551286 -1418.552760 -1418.555154 -1418.559116 -1418.565815 -1418.577440 -1418.598219 -1418.636485 -1418.708948 -1418.849707 -1419.130737 -1419.713683 -1420.992555 -1424.005594 -1431.764866 -1455.097207 -9999.0 -9999.0
-9999.0 -9999.0 630.305611 535.949494 440.239005 343.699370 246.780183 149.698813 52.561935 -44.564349 -141.650127 -238.648187 -335.455684 -431.859324 -527.532519 -622.063600 -716.031928 -810.325817 -904.066208 -996.865262 -1085.078713 -1162.735513 -1228.769835 -1281.909089 -1322.627283 -1352.594472 -1373.961528 -1388.822452 -1398.951341 -1405.738002 -1410.220252 -1413.145872 -1415.038145 -1416.254202 -1417.032860 -1417.533281 -1417.868386 -1418.151950 -1418.689635 -1421.030125 -1432.597168 -1490.137824 -2019.823830 -4300.226512 -4326.337669 -4318.208521 -4310.757986 -4309.571685 -4309.449640 -4309.462211 -4309.493685 -4309.527324 -4309.559553 -4309.589325 -4309.616800 -4309.647722 -4309.739369 -4310.390261 -4314.663277 -4321.396024 -4276.320705 -1851.847652 -1457.885674 -1426.396127 -1419.870301 -1418.744021 -1418.572929 -1418.547360 -1418.544108 -1418.544512 -1418.545406 -1418.546207 -1418.546836 -1418.547316 -1418.547685 -1418.547971 -1418.548198 -1418.548381 -1418.548535 -1418.548672 -1418.548805 -1418.548954 -1418.549140 -1418.549398 -1418.549780 -1418.550365 -1418.551286 -1418.552760 -1418.555154 -1418.559116 -1418.565815 -1418.577440 -1418.598219 -1418.636485 -1418.708948 -1418.849707 -1419.130737 -1419.713683 -1420.992555 -1424.005594 -1431.764866 -1455.097207 -9999.0 -9999.0
-9999.0 -9999.0 -9999.0 -9999.0 -9999.0 -9999.0 -9999.0 -9999.0 -9999.0 -9999.0 -9999.0 -9999.0 -9999.0 -9999.0 -9999.0 -9999.0 -9999.0 -9999.0 -9999.0 -9999.0 -9999.0 -9999.0 -9999.0 -9999.0 -9999.0 -9999.0 -9999.0 -9999.0 -9999.0 -9999.0 -9999.0 -9999.0 -9999.0 -9999.0 -9999.0 -9999.0 -9999.0 -9999.0 -9999.0 -9999.0 -9999.0 -9999.0 -9999.0 -9999.0 -9999.0 -9999.0 -9999.0 -9999.0 -9999.0 -9999.0 -9999.0 -9999.0 -9999.0 -9999.0 -9999.0 -9999.0 -9999.0 -9999.0 -9999.0 -9999.0 -9999.0 -9999.0 -9999.0 -9999.0 -9999.0 -9999.0 -9999.0 -9999.0 -9999.0 -9999.0 -9999.0 -9999.0 -9999.0 -9999.0 -9999.0 -9999.0 -9999.0 -9999.0 -9999.0 -9999.0 -9999.0 -9999.0 -9999.0 -9999.0 -9999.0 -9999.0 -9999.0 -9999.0 -9999.0 -9999.0 -9999.0 -9999.0 -9999.0 -9999.0 -9999.0 -9999.0 -9999.0 -9999.0 -9999.0 -9999.0 -9999.0 -9999.0 -9999.0 -9999.0
-9999.0 -9999.0 -9999.0 -9999.0 -9999.0 -9999.0 -9999.0 -9999.0 -9999.0 -9999.0 -9999.0 -9999.0 -9999.0 -9999.0 -9999.0 -9999.0 -9999.0 -9999.0 -9999.0 -9999.0 -9999.0 -9999.0 -9999.0 -9999.0 -9999.0 -9999.0 -9999.0 -9999.0 -9999.0 -9999.0 -9999.0 -9999.0 -9999.0 -9999.0 -9999.0 -9999.0 -9999.0 -9999.0 -9999.0 -9999.0 -9999.0 -9999.0 -9999.0 -9999.0 -9999.0 -9999.0 -9999.0 -9999.0 -9999.0 -9999.0 -9999.0 -9999.0 -9999.0 -9999.0 -9999.0 -9999.0 -9999.0 -9999.0 -9999.0 -9999.0 -9999.0 -9999.0 -9999.0 -9999.0 -9999.0 -9999.0 -9999.0 -9999.0 -9999.0 -9999.0 -9999.0 -9999.0 -9999.0 -9999.0 -9999.0 -9999.0 -9999.0 -9999.0 -9999.0 -9999.0 -9999.0 -9999.0 -9999.0 -9999.0 -9999.0 -9999.0 -9999.0 -9999.0 -9999.0 -9999.0 -9999.0 -9999.0 -9999.0 -9999.0 -9999.0 -9999.0 -9999.0 -9999.0 -9999.0 -9999.0 -9999.0 -9999.0 -9999.0 -9999.0