inst/processing_geotop_simulation/geotop_simulation/out/maps3D/PwL0017N0013.asc
ncols         104
nrows         10
xllcorner     -2.000000
yllcorner     0.000000
cellsize      1.000000
NODATA_value  -9999.0
-9999.0 -9999.0 -9999.0 -9999.0 -9999.0 -9999.0 -9999.0 -9999.0 -9999.0 -9999.0 -9999.0 -9999.0 -9999.0 -9999.0 -9999.0 -9999.0 -9999.0 -9999.0 -9999.0 -9999.0 -9999.0 -9999.0 -9999.0 -9999.0 -9999.0 -9999.0 -9999.0 -9999.0 -9999.0 -9999.0 -9999.0 -9999.0 -9999.0 -9999.0 -9999.0 -9999.0 -9999.0 -9999.0 -9999.0 -9999.0 -9999.0 -9999.0 -9999.0 -9999.0 -9999.0 -9999.0 -9999.0 -9999.0 -9999.0 -9999.0 -9999.0 -9999.0 -9999.0 -9999.0 -9999.0 -9999.0 -9999.0 -9999.0 -9999.0 -9999.0 -9999.0 -9999.0 -9999.0 -9999.0 -9999.0 -9999.0 -9999.0 -9999.0 -9999.0 -9999.0 -9999.0 -9999.0 -9999.0 -9999.0 -9999.0 -9999.0 -9999.0 -9999.0 -9999.0 -9999.0 -9999.0 -9999.0 -9999.0 -9999.0 -9999.0 -9999.0 -9999.0 -9999.0 -9999.0 -9999.0 -9999.0 -9999.0 -9999.0 -9999.0 -9999.0 -9999.0 -9999.0 -9999.0 -9999.0 -9999.0 -9999.0 -9999.0 -9999.0 -9999.0
-9999.0 -9999.0 -9999.0 -9999.0 -9999.0 -9999.0 -9999.0 -9999.0 -9999.0 -9999.0 -9999.0 -9999.0 -9999.0 -9999.0 -9999.0 -9999.0 -9999.0 -9999.0 -9999.0 -9999.0 -9999.0 -9999.0 -9999.0 -9999.0 -9999.0 -9999.0 -9999.0 -9999.0 -9999.0 -9999.0 -9999.0 -9999.0 -9999.0 -9999.0 -9999.0 -9999.0 -9999.0 -9999.0 -9999.0 -9999.0 -9999.0 -9999.0 -9999.0 -9999.0 -9999.0 -9999.0 -9999.0 -9999.0 -9999.0 -9999.0 -9999.0 -9999.0 -9999.0 -9999.0 -9999.0 -9999.0 -9999.0 -9999.0 -9999.0 -9999.0 -9999.0 -9999.0 -9999.0 -9999.0 -9999.0 -9999.0 -9999.0 -9999.0 -9999.0 -9999.0 -9999.0 -9999.0 -9999.0 -9999.0 -9999.0 -9999.0 -9999.0 -9999.0 -9999.0 -9999.0 -9999.0 -9999.0 -9999.0 -9999.0 -9999.0 -9999.0 -9999.0 -9999.0 -9999.0 -9999.0 -9999.0 -9999.0 -9999.0 -9999.0 -9999.0 -9999.0 -9999.0 -9999.0 -9999.0 -9999.0 -9999.0 -9999.0 -9999.0 -9999.0
-9999.0 -9999.0 818.626694 725.206260 633.437088 540.234998 443.558425 342.678272 236.948497 123.536969 -5.078685 -132.668255 -247.541767 -327.527806 -364.977430 -351.668848 -346.485012 -344.554056 -248.991978 -69.848939 120.068550 319.733540 518.100798 459.093165 398.783357 337.746309 276.359140 214.944324 159.955533 111.582086 69.348324 32.313928 0.281194 -28.620101 -54.174534 -78.264785 -101.107653 -123.851856 -147.406392 -172.462526 -199.113883 -224.301217 -3557.321405 -4133.660788 -4133.663366 -4133.663366 -4133.663366 -4133.663366 -4133.663366 -4133.663366 -4133.663366 -4133.663366 -4133.663366 -4133.663366 -4133.663366 -4133.663366 -4133.663366 -4133.663366 -4133.663366 -4133.663366 -4133.658888 -3437.740957 786.156817 700.174930 617.906433 536.416443 455.109679 374.606920 296.011332 220.732503 149.872068 84.527922 25.712572 -26.058492 -70.651031 -107.826379 -138.475539 -163.927730 -185.038480 -202.807236 -218.863744 -232.955753 -245.903117 -258.628750 -270.522211 -281.776375 -293.164879 -303.442162 -313.071285 -322.122807 -330.287150 -338.192698 -345.589690 -353.948746 -364.761599 -380.183503 -404.382286 -440.248572 -522.183340 -862.214753 -3802.092394 -4133.720607 -9999.0 -9999.0
-9999.0 -9999.0 818.675045 725.227703 633.445370 540.238200 443.559690 342.678776 236.948709 123.537064 -5.078640 -132.668232 -247.541754 -327.527799 -364.977426 -351.668848 -346.485013 -344.554056 -248.991978 -69.848940 120.068550 319.733540 518.100798 459.093165 398.783357 337.746309 276.359140 214.944324 159.955533 111.582086 69.348324 32.313928 0.281194 -28.620101 -54.174534 -78.264785 -101.107653 -123.851856 -147.406392 -172.462526 -199.113883 -224.301216 -3557.321405 -4133.660788 -4133.663366 -4133.663366 -4133.663366 -4133.663366 -4133.663366 -4133.663366 -4133.663366 -4133.663366 -4133.663366 -4133.663366 -4133.663366 -4133.663366 -4133.663366 -4133.663366 -4133.663366 -4133.663366 -4133.658888 -3437.740957 786.156817 700.174930 617.906433 536.416443 455.109679 374.606920 296.011332 220.732503 149.872068 84.527922 25.712572 -26.058492 -70.651031 -107.826379 -138.475539 -163.927730 -185.038480 -202.807236 -218.863744 -232.955753 -245.903117 -258.628750 -270.522211 -281.776375 -293.164879 -303.442162 -313.071285 -322.122807 -330.287150 -338.192698 -345.589690 -353.948746 -364.761599 -380.183503 -404.382286 -440.248572 -522.183339 -862.214752 -3802.092388 -4133.720607 -9999.0 -9999.0
-9999.0 -9999.0 818.696812 725.240620 633.451543 540.240921 443.560847 342.679257 236.948916 123.537157 -5.078595 -132.668209 -247.541741 -327.527792 -364.977422 -351.668848 -346.485013 -344.554056 -248.991978 -69.848940 120.068550 319.733540 518.100798 459.093164 398.783356 337.746309 276.359140 214.944324 159.955533 111.582086 69.348324 32.313928 0.281194 -28.620101 -54.174534 -78.264785 -101.107653 -123.851856 -147.406392 -172.462526 -199.113882 -224.301217 -3557.321405 -4133.660788 -4133.663366 -4133.663366 -4133.663366 -4133.663366 -4133.663366 -4133.663366 -4133.663366 -4133.663366 -4133.663366 -4133.663366 -4133.663366 -4133.663366 -4133.663366 -4133.663366 -4133.663366 -4133.663366 -4133.658888 -3437.740957 786.156817 700.174930 617.906433 536.416443 455.109679 374.606920 296.011332 220.732503 149.872068 84.527922 25.712572 -26.058492 -70.651031 -107.826379 -138.475539 -163.927730 -185.038480 -202.807236 -218.863744 -232.955753 -245.903117 -258.628750 -270.522211 -281.776375 -293.164879 -303.442162 -313.071285 -322.122807 -330.287150 -338.192698 -345.589690 -353.948746 -364.761599 -380.183503 -404.382286 -440.248572 -522.183339 -862.214749 -3802.092381 -4133.720607 -9999.0 -9999.0
-9999.0 -9999.0 818.696812 725.240620 633.451543 540.240921 443.560847 342.679257 236.948916 123.537157 -5.078595 -132.668209 -247.541741 -327.527792 -364.977422 -351.668848 -346.485013 -344.554056 -248.991978 -69.848940 120.068550 319.733540 518.100798 459.093164 398.783356 337.746309 276.359140 214.944324 159.955533 111.582086 69.348324 32.313928 0.281194 -28.620101 -54.174534 -78.264785 -101.107653 -123.851856 -147.406392 -172.462526 -199.113882 -224.301217 -3557.321405 -4133.660788 -4133.663366 -4133.663366 -4133.663366 -4133.663366 -4133.663366 -4133.663366 -4133.663366 -4133.663366 -4133.663366 -4133.663366 -4133.663366 -4133.663366 -4133.663366 -4133.663366 -4133.663366 -4133.663366 -4133.658888 -3437.740957 786.156817 700.174930 617.906433 536.416443 455.109679 374.606920 296.011332 220.732503 149.872068 84.527922 25.712572 -26.058492 -70.651031 -107.826379 -138.475539 -163.927730 -185.038480 -202.807236 -218.863744 -232.955753 -245.903117 -258.628750 -270.522211 -281.776375 -293.164879 -303.442162 -313.071285 -322.122807 -330.287150 -338.192698 -345.589690 -353.948746 -364.761599 -380.183503 -404.382286 -440.248572 -522.183339 -862.214750 -3802.092381 -4133.720607 -9999.0 -9999.0
-9999.0 -9999.0 818.675045 725.227703 633.445370 540.238200 443.559690 342.678776 236.948709 123.537064 -5.078640 -132.668232 -247.541754 -327.527799 -364.977426 -351.668848 -346.485013 -344.554056 -248.991978 -69.848940 120.068550 319.733540 518.100798 459.093165 398.783357 337.746309 276.359140 214.944324 159.955533 111.582086 69.348324 32.313928 0.281194 -28.620101 -54.174534 -78.264785 -101.107653 -123.851856 -147.406392 -172.462526 -199.113883 -224.301216 -3557.321405 -4133.660788 -4133.663366 -4133.663366 -4133.663366 -4133.663366 -4133.663366 -4133.663366 -4133.663366 -4133.663366 -4133.663366 -4133.663366 -4133.663366 -4133.663366 -4133.663366 -4133.663366 -4133.663366 -4133.663366 -4133.658888 -3437.740957 786.156817 700.174930 617.906433 536.416443 455.109679 374.606920 296.011332 220.732503 149.872068 84.527922 25.712572 -26.058492 -70.651031 -107.826379 -138.475539 -163.927730 -185.038480 -202.807236 -218.863744 -232.955753 -245.903117 -258.628750 -270.522211 -281.776375 -293.164879 -303.442162 -313.071285 -322.122807 -330.287150 -338.192698 -345.589690 -353.948746 -364.761599 -380.183503 -404.382286 -440.248572 -522.183339 -862.214751 -3802.092388 -4133.720607 -9999.0 -9999.0
-9999.0 -9999.0 818.626694 725.206260 633.437088 540.234998 443.558425 342.678272 236.948497 123.536969 -5.078685 -132.668255 -247.541767 -327.527806 -364.977430 -351.668848 -346.485012 -344.554056 -248.991978 -69.848939 120.068550 319.733540 518.100798 459.093165 398.783357 337.746309 276.359140 214.944324 159.955533 111.582086 69.348324 32.313928 0.281194 -28.620101 -54.174534 -78.264785 -101.107653 -123.851856 -147.406392 -172.462526 -199.113883 -224.301217 -3557.321405 -4133.660788 -4133.663366 -4133.663366 -4133.663366 -4133.663366 -4133.663366 -4133.663366 -4133.663366 -4133.663366 -4133.663366 -4133.663366 -4133.663366 -4133.663366 -4133.663366 -4133.663366 -4133.663366 -4133.663366 -4133.658888 -3437.740957 786.156817 700.174930 617.906433 536.416443 455.109679 374.606920 296.011332 220.732503 149.872068 84.527922 25.712572 -26.058492 -70.651031 -107.826379 -138.475539 -163.927730 -185.038480 -202.807236 -218.863744 -232.955753 -245.903117 -258.628750 -270.522211 -281.776375 -293.164879 -303.442162 -313.071285 -322.122807 -330.287150 -338.192698 -345.589690 -353.948746 -364.761599 -380.183503 -404.382286 -440.248572 -522.183339 -862.214754 -3802.092394 -4133.720607 -9999.0 -9999.0
-9999.0 -9999.0 -9999.0 -9999.0 -9999.0 -9999.0 -9999.0 -9999.0 -9999.0 -9999.0 -9999.0 -9999.0 -9999.0 -9999.0 -9999.0 -9999.0 -9999.0 -9999.0 -9999.0 -9999.0 -9999.0 -9999.0 -9999.0 -9999.0 -9999.0 -9999.0 -9999.0 -9999.0 -9999.0 -9999.0 -9999.0 -9999.0 -9999.0 -9999.0 -9999.0 -9999.0 -9999.0 -9999.0 -9999.0 -9999.0 -9999.0 -9999.0 -9999.0 -9999.0 -9999.0 -9999.0 -9999.0 -9999.0 -9999.0 -9999.0 -9999.0 -9999.0 -9999.0 -9999.0 -9999.0 -9999.0 -9999.0 -9999.0 -9999.0 -9999.0 -9999.0 -9999.0 -9999.0 -9999.0 -9999.0 -9999.0 -9999.0 -9999.0 -9999.0 -9999.0 -9999.0 -9999.0 -9999.0 -9999.0 -9999.0 -9999.0 -9999.0 -9999.0 -9999.0 -9999.0 -9999.0 -9999.0 -9999.0 -9999.0 -9999.0 -9999.0 -9999.0 -9999.0 -9999.0 -9999.0 -9999.0 -9999.0 -9999.0 -9999.0 -9999.0 -9999.0 -9999.0 -9999.0 -9999.0 -9999.0 -9999.0 -9999.0 -9999.0 -9999.0
-9999.0 -9999.0 -9999.0 -9999.0 -9999.0 -9999.0 -9999.0 -9999.0 -9999.0 -9999.0 -9999.0 -9999.0 -9999.0 -9999.0 -9999.0 -9999.0 -9999.0 -9999.0 -9999.0 -9999.0 -9999.0 -9999.0 -9999.0 -9999.0 -9999.0 -9999.0 -9999.0 -9999.0 -9999.0 -9999.0 -9999.0 -9999.0 -9999.0 -9999.0 -9999.0 -9999.0 -9999.0 -9999.0 -9999.0 -9999.0 -9999.0 -9999.0 -9999.0 -9999.0 -9999.0 -9999.0 -9999.0 -9999.0 -9999.0 -9999.0 -9999.0 -9999.0 -9999.0 -9999.0 -9999.0 -9999.0 -9999.0 -9999.0 -9999.0 -9999.0 -9999.0 -9999.0 -9999.0 -9999.0 -9999.0 -9999.0 -9999.0 -9999.0 -9999.0 -9999.0 -9999.0 -9999.0 -9999.0 -9999.0 -9999.0 -9999.0 -9999.0 -9999.0 -9999.0 -9999.0 -9999.0 -9999.0 -9999.0 -9999.0 -9999.0 -9999.0 -9999.0 -9999.0 -9999.0 -9999.0 -9999.0 -9999.0 -9999.0 -9999.0 -9999.0 -9999.0 -9999.0 -9999.0 -9999.0 -9999.0 -9999.0 -9999.0 -9999.0 -9999.0