inst/processing_geotop_simulation/geotop_simulation/out/maps3D/PwL0020N0212.asc
ncols         104
nrows         10
xllcorner     -2.000000
yllcorner     0.000000
cellsize      1.000000
NODATA_value  -9999.0
-9999.0 -9999.0 -9999.0 -9999.0 -9999.0 -9999.0 -9999.0 -9999.0 -9999.0 -9999.0 -9999.0 -9999.0 -9999.0 -9999.0 -9999.0 -9999.0 -9999.0 -9999.0 -9999.0 -9999.0 -9999.0 -9999.0 -9999.0 -9999.0 -9999.0 -9999.0 -9999.0 -9999.0 -9999.0 -9999.0 -9999.0 -9999.0 -9999.0 -9999.0 -9999.0 -9999.0 -9999.0 -9999.0 -9999.0 -9999.0 -9999.0 -9999.0 -9999.0 -9999.0 -9999.0 -9999.0 -9999.0 -9999.0 -9999.0 -9999.0 -9999.0 -9999.0 -9999.0 -9999.0 -9999.0 -9999.0 -9999.0 -9999.0 -9999.0 -9999.0 -9999.0 -9999.0 -9999.0 -9999.0 -9999.0 -9999.0 -9999.0 -9999.0 -9999.0 -9999.0 -9999.0 -9999.0 -9999.0 -9999.0 -9999.0 -9999.0 -9999.0 -9999.0 -9999.0 -9999.0 -9999.0 -9999.0 -9999.0 -9999.0 -9999.0 -9999.0 -9999.0 -9999.0 -9999.0 -9999.0 -9999.0 -9999.0 -9999.0 -9999.0 -9999.0 -9999.0 -9999.0 -9999.0 -9999.0 -9999.0 -9999.0 -9999.0 -9999.0 -9999.0
-9999.0 -9999.0 -9999.0 -9999.0 -9999.0 -9999.0 -9999.0 -9999.0 -9999.0 -9999.0 -9999.0 -9999.0 -9999.0 -9999.0 -9999.0 -9999.0 -9999.0 -9999.0 -9999.0 -9999.0 -9999.0 -9999.0 -9999.0 -9999.0 -9999.0 -9999.0 -9999.0 -9999.0 -9999.0 -9999.0 -9999.0 -9999.0 -9999.0 -9999.0 -9999.0 -9999.0 -9999.0 -9999.0 -9999.0 -9999.0 -9999.0 -9999.0 -9999.0 -9999.0 -9999.0 -9999.0 -9999.0 -9999.0 -9999.0 -9999.0 -9999.0 -9999.0 -9999.0 -9999.0 -9999.0 -9999.0 -9999.0 -9999.0 -9999.0 -9999.0 -9999.0 -9999.0 -9999.0 -9999.0 -9999.0 -9999.0 -9999.0 -9999.0 -9999.0 -9999.0 -9999.0 -9999.0 -9999.0 -9999.0 -9999.0 -9999.0 -9999.0 -9999.0 -9999.0 -9999.0 -9999.0 -9999.0 -9999.0 -9999.0 -9999.0 -9999.0 -9999.0 -9999.0 -9999.0 -9999.0 -9999.0 -9999.0 -9999.0 -9999.0 -9999.0 -9999.0 -9999.0 -9999.0 -9999.0 -9999.0 -9999.0 -9999.0 -9999.0 -9999.0
-9999.0 -9999.0 976.040608 879.179073 782.101228 684.640091 586.964807 489.192529 391.388745 293.589395 195.814488 98.075148 0.380948 -97.252073 -194.808466 -292.217183 -389.336294 -485.912934 -581.532533 -675.490139 -769.967408 -863.329615 -955.332398 -1045.754129 -1118.954342 -1181.049389 -1231.461362 -1270.726701 -1300.194853 -1321.617809 -1336.789153 -1347.311437 -1354.493058 -1359.336662 -1362.576595 -1364.735651 -1366.187888 -1367.249051 -1368.463699 -1371.861776 -1386.061340 -1453.725909 -1846.103129 -3926.546007 -3985.130257 -3985.130966 -3984.528860 -3977.928568 -3948.366569 -3868.993742 -3722.629536 -3498.236358 -3312.535517 -3176.842194 -3043.276712 -2899.684156 -2745.069550 -2586.430150 -2432.817127 -2288.488612 -2135.333974 -1518.814718 -1413.330603 -1378.496560 -1370.838382 -1369.414374 -1369.183697 -1369.148623 -1369.143871 -1369.143906 -1369.144621 -1369.145307 -1369.145858 -1369.146285 -1369.146617 -1369.146878 -1369.147088 -1369.147261 -1369.147408 -1369.147541 -1369.147672 -1369.147815 -1369.147992 -1369.148232 -1369.148581 -1369.149110 -1369.149935 -1369.151250 -1369.153385 -1369.156923 -1369.162928 -1369.173403 -1369.192238 -1369.227154 -1369.293816 -1369.424956 -1369.692560 -1370.266993 -1371.582180 -1374.804635 -1383.290238 -1408.480145 -9999.0 -9999.0
-9999.0 -9999.0 976.043766 879.180296 782.101633 684.640224 586.964852 489.192544 391.388751 293.589397 195.814489 98.075149 0.380949 -97.252073 -194.808466 -292.217183 -389.336294 -485.912934 -581.532534 -675.490139 -769.967408 -863.329615 -955.332398 -1045.754130 -1118.954343 -1181.049389 -1231.461363 -1270.726701 -1300.194854 -1321.617809 -1336.789153 -1347.311437 -1354.493058 -1359.336662 -1362.576595 -1364.735651 -1366.187888 -1367.249051 -1368.463699 -1371.861776 -1386.061340 -1453.725909 -1846.103128 -3926.546007 -3985.130257 -3985.130966 -3984.528860 -3977.928568 -3948.366569 -3868.993741 -3722.629533 -3498.236357 -3312.535516 -3176.842194 -3043.276711 -2899.684156 -2745.069549 -2586.430150 -2432.817126 -2288.488612 -2135.333974 -1518.814718 -1413.330603 -1378.496560 -1370.838382 -1369.414374 -1369.183697 -1369.148623 -1369.143871 -1369.143906 -1369.144621 -1369.145307 -1369.145858 -1369.146285 -1369.146617 -1369.146878 -1369.147088 -1369.147261 -1369.147408 -1369.147541 -1369.147672 -1369.147815 -1369.147992 -1369.148232 -1369.148581 -1369.149110 -1369.149935 -1369.151250 -1369.153385 -1369.156923 -1369.162928 -1369.173403 -1369.192238 -1369.227154 -1369.293816 -1369.424956 -1369.692560 -1370.266993 -1371.582180 -1374.804635 -1383.290238 -1408.480145 -9999.0 -9999.0
-9999.0 -9999.0 976.044997 879.180959 782.101914 684.640332 586.964892 489.192559 391.388756 293.589399 195.814490 98.075149 0.380949 -97.252073 -194.808465 -292.217183 -389.336294 -485.912934 -581.532534 -675.490140 -769.967408 -863.329616 -955.332398 -1045.754130 -1118.954343 -1181.049389 -1231.461363 -1270.726701 -1300.194854 -1321.617810 -1336.789153 -1347.311437 -1354.493058 -1359.336662 -1362.576595 -1364.735651 -1366.187888 -1367.249051 -1368.463699 -1371.861776 -1386.061340 -1453.725909 -1846.103128 -3926.546007 -3985.130257 -3985.130966 -3984.528860 -3977.928568 -3948.366569 -3868.993740 -3722.629531 -3498.236356 -3312.535516 -3176.842194 -3043.276711 -2899.684155 -2745.069549 -2586.430149 -2432.817126 -2288.488612 -2135.333974 -1518.814718 -1413.330603 -1378.496560 -1370.838382 -1369.414374 -1369.183697 -1369.148623 -1369.143871 -1369.143906 -1369.144621 -1369.145307 -1369.145858 -1369.146285 -1369.146617 -1369.146878 -1369.147088 -1369.147261 -1369.147408 -1369.147541 -1369.147672 -1369.147815 -1369.147992 -1369.148232 -1369.148581 -1369.149110 -1369.149935 -1369.151250 -1369.153385 -1369.156923 -1369.162928 -1369.173403 -1369.192238 -1369.227154 -1369.293816 -1369.424956 -1369.692560 -1370.266993 -1371.582180 -1374.804635 -1383.290238 -1408.480145 -9999.0 -9999.0
-9999.0 -9999.0 976.044997 879.180959 782.101914 684.640332 586.964892 489.192559 391.388756 293.589399 195.814490 98.075149 0.380949 -97.252073 -194.808465 -292.217183 -389.336294 -485.912934 -581.532534 -675.490140 -769.967408 -863.329616 -955.332398 -1045.754130 -1118.954343 -1181.049389 -1231.461363 -1270.726701 -1300.194854 -1321.617810 -1336.789153 -1347.311437 -1354.493058 -1359.336662 -1362.576595 -1364.735651 -1366.187888 -1367.249051 -1368.463699 -1371.861776 -1386.061340 -1453.725909 -1846.103128 -3926.546007 -3985.130257 -3985.130966 -3984.528860 -3977.928568 -3948.366569 -3868.993741 -3722.629532 -3498.236356 -3312.535516 -3176.842194 -3043.276710 -2899.684156 -2745.069549 -2586.430150 -2432.817126 -2288.488612 -2135.333974 -1518.814718 -1413.330603 -1378.496560 -1370.838382 -1369.414374 -1369.183697 -1369.148623 -1369.143871 -1369.143906 -1369.144621 -1369.145307 -1369.145858 -1369.146285 -1369.146617 -1369.146878 -1369.147088 -1369.147261 -1369.147408 -1369.147541 -1369.147672 -1369.147815 -1369.147992 -1369.148232 -1369.148581 -1369.149110 -1369.149935 -1369.151250 -1369.153385 -1369.156923 -1369.162928 -1369.173403 -1369.192238 -1369.227154 -1369.293816 -1369.424956 -1369.692560 -1370.266993 -1371.582180 -1374.804635 -1383.290238 -1408.480145 -9999.0 -9999.0
-9999.0 -9999.0 976.043766 879.180296 782.101633 684.640224 586.964852 489.192544 391.388751 293.589397 195.814489 98.075149 0.380949 -97.252073 -194.808465 -292.217183 -389.336294 -485.912934 -581.532533 -675.490139 -769.967408 -863.329615 -955.332398 -1045.754130 -1118.954343 -1181.049389 -1231.461363 -1270.726701 -1300.194854 -1321.617809 -1336.789153 -1347.311437 -1354.493058 -1359.336662 -1362.576595 -1364.735651 -1366.187888 -1367.249051 -1368.463699 -1371.861776 -1386.061340 -1453.725909 -1846.103128 -3926.546007 -3985.130257 -3985.130966 -3984.528860 -3977.928568 -3948.366569 -3868.993741 -3722.629533 -3498.236357 -3312.535516 -3176.842194 -3043.276711 -2899.684156 -2745.069549 -2586.430150 -2432.817126 -2288.488612 -2135.333975 -1518.814718 -1413.330603 -1378.496560 -1370.838382 -1369.414374 -1369.183697 -1369.148623 -1369.143871 -1369.143906 -1369.144621 -1369.145307 -1369.145858 -1369.146285 -1369.146617 -1369.146878 -1369.147088 -1369.147261 -1369.147408 -1369.147541 -1369.147672 -1369.147815 -1369.147992 -1369.148232 -1369.148581 -1369.149110 -1369.149935 -1369.151250 -1369.153385 -1369.156923 -1369.162928 -1369.173403 -1369.192238 -1369.227154 -1369.293816 -1369.424956 -1369.692560 -1370.266993 -1371.582180 -1374.804635 -1383.290238 -1408.480145 -9999.0 -9999.0
-9999.0 -9999.0 976.040608 879.179073 782.101228 684.640091 586.964807 489.192529 391.388745 293.589395 195.814488 98.075148 0.380948 -97.252073 -194.808466 -292.217183 -389.336294 -485.912934 -581.532533 -675.490139 -769.967408 -863.329615 -955.332398 -1045.754129 -1118.954342 -1181.049389 -1231.461362 -1270.726701 -1300.194853 -1321.617809 -1336.789153 -1347.311437 -1354.493058 -1359.336662 -1362.576595 -1364.735651 -1366.187888 -1367.249051 -1368.463699 -1371.861776 -1386.061340 -1453.725909 -1846.103129 -3926.546007 -3985.130257 -3985.130966 -3984.528860 -3977.928568 -3948.366569 -3868.993742 -3722.629536 -3498.236358 -3312.535517 -3176.842195 -3043.276711 -2899.684157 -2745.069550 -2586.430151 -2432.817126 -2288.488612 -2135.333975 -1518.814718 -1413.330603 -1378.496560 -1370.838382 -1369.414374 -1369.183697 -1369.148623 -1369.143871 -1369.143906 -1369.144621 -1369.145307 -1369.145858 -1369.146285 -1369.146617 -1369.146878 -1369.147088 -1369.147261 -1369.147408 -1369.147541 -1369.147672 -1369.147815 -1369.147992 -1369.148232 -1369.148581 -1369.149110 -1369.149935 -1369.151250 -1369.153385 -1369.156923 -1369.162928 -1369.173403 -1369.192238 -1369.227154 -1369.293816 -1369.424956 -1369.692560 -1370.266993 -1371.582180 -1374.804635 -1383.290238 -1408.480145 -9999.0 -9999.0
-9999.0 -9999.0 -9999.0 -9999.0 -9999.0 -9999.0 -9999.0 -9999.0 -9999.0 -9999.0 -9999.0 -9999.0 -9999.0 -9999.0 -9999.0 -9999.0 -9999.0 -9999.0 -9999.0 -9999.0 -9999.0 -9999.0 -9999.0 -9999.0 -9999.0 -9999.0 -9999.0 -9999.0 -9999.0 -9999.0 -9999.0 -9999.0 -9999.0 -9999.0 -9999.0 -9999.0 -9999.0 -9999.0 -9999.0 -9999.0 -9999.0 -9999.0 -9999.0 -9999.0 -9999.0 -9999.0 -9999.0 -9999.0 -9999.0 -9999.0 -9999.0 -9999.0 -9999.0 -9999.0 -9999.0 -9999.0 -9999.0 -9999.0 -9999.0 -9999.0 -9999.0 -9999.0 -9999.0 -9999.0 -9999.0 -9999.0 -9999.0 -9999.0 -9999.0 -9999.0 -9999.0 -9999.0 -9999.0 -9999.0 -9999.0 -9999.0 -9999.0 -9999.0 -9999.0 -9999.0 -9999.0 -9999.0 -9999.0 -9999.0 -9999.0 -9999.0 -9999.0 -9999.0 -9999.0 -9999.0 -9999.0 -9999.0 -9999.0 -9999.0 -9999.0 -9999.0 -9999.0 -9999.0 -9999.0 -9999.0 -9999.0 -9999.0 -9999.0 -9999.0
-9999.0 -9999.0 -9999.0 -9999.0 -9999.0 -9999.0 -9999.0 -9999.0 -9999.0 -9999.0 -9999.0 -9999.0 -9999.0 -9999.0 -9999.0 -9999.0 -9999.0 -9999.0 -9999.0 -9999.0 -9999.0 -9999.0 -9999.0 -9999.0 -9999.0 -9999.0 -9999.0 -9999.0 -9999.0 -9999.0 -9999.0 -9999.0 -9999.0 -9999.0 -9999.0 -9999.0 -9999.0 -9999.0 -9999.0 -9999.0 -9999.0 -9999.0 -9999.0 -9999.0 -9999.0 -9999.0 -9999.0 -9999.0 -9999.0 -9999.0 -9999.0 -9999.0 -9999.0 -9999.0 -9999.0 -9999.0 -9999.0 -9999.0 -9999.0 -9999.0 -9999.0 -9999.0 -9999.0 -9999.0 -9999.0 -9999.0 -9999.0 -9999.0 -9999.0 -9999.0 -9999.0 -9999.0 -9999.0 -9999.0 -9999.0 -9999.0 -9999.0 -9999.0 -9999.0 -9999.0 -9999.0 -9999.0 -9999.0 -9999.0 -9999.0 -9999.0 -9999.0 -9999.0 -9999.0 -9999.0 -9999.0 -9999.0 -9999.0 -9999.0 -9999.0 -9999.0 -9999.0 -9999.0 -9999.0 -9999.0 -9999.0 -9999.0 -9999.0 -9999.0