inst/processing_geotop_simulation/geotop_simulation/out/maps3D/PwL0002N0280.asc
ncols         104
nrows         10
xllcorner     -2.000000
yllcorner     0.000000
cellsize      1.000000
NODATA_value  -9999.0
-9999.0 -9999.0 -9999.0 -9999.0 -9999.0 -9999.0 -9999.0 -9999.0 -9999.0 -9999.0 -9999.0 -9999.0 -9999.0 -9999.0 -9999.0 -9999.0 -9999.0 -9999.0 -9999.0 -9999.0 -9999.0 -9999.0 -9999.0 -9999.0 -9999.0 -9999.0 -9999.0 -9999.0 -9999.0 -9999.0 -9999.0 -9999.0 -9999.0 -9999.0 -9999.0 -9999.0 -9999.0 -9999.0 -9999.0 -9999.0 -9999.0 -9999.0 -9999.0 -9999.0 -9999.0 -9999.0 -9999.0 -9999.0 -9999.0 -9999.0 -9999.0 -9999.0 -9999.0 -9999.0 -9999.0 -9999.0 -9999.0 -9999.0 -9999.0 -9999.0 -9999.0 -9999.0 -9999.0 -9999.0 -9999.0 -9999.0 -9999.0 -9999.0 -9999.0 -9999.0 -9999.0 -9999.0 -9999.0 -9999.0 -9999.0 -9999.0 -9999.0 -9999.0 -9999.0 -9999.0 -9999.0 -9999.0 -9999.0 -9999.0 -9999.0 -9999.0 -9999.0 -9999.0 -9999.0 -9999.0 -9999.0 -9999.0 -9999.0 -9999.0 -9999.0 -9999.0 -9999.0 -9999.0 -9999.0 -9999.0 -9999.0 -9999.0 -9999.0 -9999.0
-9999.0 -9999.0 -9999.0 -9999.0 -9999.0 -9999.0 -9999.0 -9999.0 -9999.0 -9999.0 -9999.0 -9999.0 -9999.0 -9999.0 -9999.0 -9999.0 -9999.0 -9999.0 -9999.0 -9999.0 -9999.0 -9999.0 -9999.0 -9999.0 -9999.0 -9999.0 -9999.0 -9999.0 -9999.0 -9999.0 -9999.0 -9999.0 -9999.0 -9999.0 -9999.0 -9999.0 -9999.0 -9999.0 -9999.0 -9999.0 -9999.0 -9999.0 -9999.0 -9999.0 -9999.0 -9999.0 -9999.0 -9999.0 -9999.0 -9999.0 -9999.0 -9999.0 -9999.0 -9999.0 -9999.0 -9999.0 -9999.0 -9999.0 -9999.0 -9999.0 -9999.0 -9999.0 -9999.0 -9999.0 -9999.0 -9999.0 -9999.0 -9999.0 -9999.0 -9999.0 -9999.0 -9999.0 -9999.0 -9999.0 -9999.0 -9999.0 -9999.0 -9999.0 -9999.0 -9999.0 -9999.0 -9999.0 -9999.0 -9999.0 -9999.0 -9999.0 -9999.0 -9999.0 -9999.0 -9999.0 -9999.0 -9999.0 -9999.0 -9999.0 -9999.0 -9999.0 -9999.0 -9999.0 -9999.0 -9999.0 -9999.0 -9999.0 -9999.0 -9999.0
-9999.0 -9999.0 77.066907 -18.358965 -116.158244 -214.526318 -313.102008 -411.746222 -510.387315 -608.967150 -707.353301 -805.477123 -903.255877 -1000.571580 -1097.782426 -1194.801070 -1290.777386 -1385.118946 -1477.075446 -1565.353939 -1646.959936 -1717.884836 -1775.465058 -1819.547505 -1851.866131 -1874.881532 -1890.966475 -1902.064146 -1909.643166 -1914.771639 -1918.212253 -1920.502787 -1922.017814 -1923.014872 -1923.669112 -1924.100432 -1924.399154 -1924.675073 -1925.256909 -1927.416259 -1932.942260 -1900.718008 -1169.482731 -1167.785403 -1157.011942 -1150.055887 -1146.788386 -1146.292721 -1146.239965 -1146.245793 -1146.260217 -1146.275703 -1146.290586 -1146.304368 -1146.317154 -1146.331951 -1146.377124 -1146.675786 -1148.424002 -1152.317440 -1157.925411 -1151.910636 -1878.250302 -1927.220081 -1926.096553 -1925.208661 -1925.025894 -1924.995718 -1924.991469 -1924.991462 -1924.992070 -1924.992655 -1924.993123 -1924.993481 -1924.993756 -1924.993970 -1924.994140 -1924.994277 -1924.994392 -1924.994496 -1924.994597 -1924.994711 -1924.994854 -1924.995053 -1924.995348 -1924.995802 -1924.996516 -1924.997660 -1924.999526 -1925.002622 -1925.007880 -1925.017050 -1925.033526 -1925.064014 -1925.122008 -1925.235229 -1925.462853 -1925.939599 -1926.998930 -1929.551988 -1936.477993 -1959.094974 -9999.0 -9999.0
-9999.0 -9999.0 77.078399 -18.356907 -116.157730 -214.526168 -313.101960 -411.746206 -510.387310 -608.967147 -707.353300 -805.477122 -903.255877 -1000.571580 -1097.782426 -1194.801070 -1290.777386 -1385.118947 -1477.075446 -1565.353939 -1646.959936 -1717.884837 -1775.465058 -1819.547505 -1851.866131 -1874.881532 -1890.966475 -1902.064146 -1909.643167 -1914.771639 -1918.212253 -1920.502787 -1922.017814 -1923.014872 -1923.669112 -1924.100432 -1924.399154 -1924.675073 -1925.256909 -1927.416259 -1932.942260 -1900.718008 -1169.482731 -1167.785403 -1157.011942 -1150.055887 -1146.788386 -1146.292721 -1146.239965 -1146.245793 -1146.260217 -1146.275703 -1146.290586 -1146.304368 -1146.317154 -1146.331951 -1146.377124 -1146.675786 -1148.424002 -1152.317440 -1157.925411 -1151.910636 -1878.250302 -1927.220081 -1926.096553 -1925.208661 -1925.025894 -1924.995718 -1924.991469 -1924.991462 -1924.992070 -1924.992655 -1924.993123 -1924.993481 -1924.993756 -1924.993970 -1924.994140 -1924.994277 -1924.994392 -1924.994496 -1924.994597 -1924.994711 -1924.994854 -1924.995053 -1924.995348 -1924.995802 -1924.996516 -1924.997660 -1924.999526 -1925.002622 -1925.007880 -1925.017050 -1925.033526 -1925.064014 -1925.122008 -1925.235229 -1925.462853 -1925.939599 -1926.998930 -1929.551988 -1936.477993 -1959.094974 -9999.0 -9999.0
-9999.0 -9999.0 77.079646 -18.356083 -116.157405 -214.526051 -313.101919 -411.746191 -510.387304 -608.967145 -707.353300 -805.477122 -903.255877 -1000.571580 -1097.782426 -1194.801071 -1290.777386 -1385.118947 -1477.075446 -1565.353939 -1646.959936 -1717.884837 -1775.465058 -1819.547505 -1851.866131 -1874.881532 -1890.966475 -1902.064146 -1909.643167 -1914.771639 -1918.212253 -1920.502787 -1922.017814 -1923.014872 -1923.669112 -1924.100432 -1924.399154 -1924.675073 -1925.256909 -1927.416259 -1932.942260 -1900.718008 -1169.482731 -1167.785403 -1157.011942 -1150.055887 -1146.788386 -1146.292721 -1146.239965 -1146.245793 -1146.260217 -1146.275703 -1146.290586 -1146.304368 -1146.317154 -1146.331951 -1146.377124 -1146.675786 -1148.424002 -1152.317440 -1157.925411 -1151.910636 -1878.250302 -1927.220081 -1926.096553 -1925.208661 -1925.025894 -1924.995718 -1924.991469 -1924.991462 -1924.992070 -1924.992655 -1924.993123 -1924.993481 -1924.993756 -1924.993970 -1924.994140 -1924.994277 -1924.994392 -1924.994496 -1924.994597 -1924.994711 -1924.994854 -1924.995053 -1924.995348 -1924.995802 -1924.996516 -1924.997660 -1924.999526 -1925.002622 -1925.007880 -1925.017050 -1925.033526 -1925.064014 -1925.122008 -1925.235229 -1925.462853 -1925.939599 -1926.998930 -1929.551988 -1936.477993 -1959.094974 -9999.0 -9999.0
-9999.0 -9999.0 77.079646 -18.356083 -116.157405 -214.526051 -313.101919 -411.746191 -510.387304 -608.967145 -707.353300 -805.477122 -903.255877 -1000.571580 -1097.782426 -1194.801071 -1290.777386 -1385.118947 -1477.075446 -1565.353939 -1646.959936 -1717.884837 -1775.465058 -1819.547505 -1851.866131 -1874.881532 -1890.966475 -1902.064146 -1909.643167 -1914.771639 -1918.212253 -1920.502787 -1922.017814 -1923.014872 -1923.669112 -1924.100432 -1924.399154 -1924.675073 -1925.256909 -1927.416259 -1932.942260 -1900.718008 -1169.482731 -1167.785403 -1157.011942 -1150.055887 -1146.788386 -1146.292721 -1146.239965 -1146.245793 -1146.260217 -1146.275703 -1146.290586 -1146.304368 -1146.317154 -1146.331951 -1146.377124 -1146.675786 -1148.424002 -1152.317440 -1157.925411 -1151.910636 -1878.250302 -1927.220081 -1926.096553 -1925.208661 -1925.025894 -1924.995718 -1924.991469 -1924.991462 -1924.992070 -1924.992655 -1924.993123 -1924.993481 -1924.993756 -1924.993970 -1924.994140 -1924.994277 -1924.994392 -1924.994496 -1924.994597 -1924.994711 -1924.994854 -1924.995053 -1924.995348 -1924.995802 -1924.996516 -1924.997660 -1924.999526 -1925.002622 -1925.007880 -1925.017050 -1925.033526 -1925.064014 -1925.122008 -1925.235229 -1925.462853 -1925.939599 -1926.998930 -1929.551988 -1936.477993 -1959.094974 -9999.0 -9999.0
-9999.0 -9999.0 77.078399 -18.356907 -116.157730 -214.526168 -313.101960 -411.746206 -510.387310 -608.967147 -707.353301 -805.477122 -903.255877 -1000.571580 -1097.782426 -1194.801070 -1290.777386 -1385.118947 -1477.075446 -1565.353939 -1646.959936 -1717.884837 -1775.465058 -1819.547505 -1851.866131 -1874.881532 -1890.966475 -1902.064146 -1909.643167 -1914.771639 -1918.212253 -1920.502787 -1922.017814 -1923.014872 -1923.669112 -1924.100432 -1924.399154 -1924.675073 -1925.256909 -1927.416259 -1932.942260 -1900.718008 -1169.482731 -1167.785403 -1157.011942 -1150.055887 -1146.788386 -1146.292721 -1146.239965 -1146.245793 -1146.260217 -1146.275703 -1146.290586 -1146.304368 -1146.317154 -1146.331951 -1146.377124 -1146.675786 -1148.424002 -1152.317440 -1157.925411 -1151.910636 -1878.250302 -1927.220081 -1926.096553 -1925.208661 -1925.025894 -1924.995718 -1924.991469 -1924.991462 -1924.992070 -1924.992655 -1924.993123 -1924.993481 -1924.993756 -1924.993970 -1924.994140 -1924.994277 -1924.994392 -1924.994496 -1924.994597 -1924.994711 -1924.994854 -1924.995053 -1924.995348 -1924.995802 -1924.996516 -1924.997660 -1924.999526 -1925.002622 -1925.007880 -1925.017050 -1925.033526 -1925.064014 -1925.122008 -1925.235229 -1925.462853 -1925.939599 -1926.998930 -1929.551988 -1936.477993 -1959.094974 -9999.0 -9999.0
-9999.0 -9999.0 77.066907 -18.358965 -116.158244 -214.526318 -313.102008 -411.746222 -510.387315 -608.967150 -707.353301 -805.477123 -903.255877 -1000.571580 -1097.782426 -1194.801070 -1290.777386 -1385.118946 -1477.075446 -1565.353939 -1646.959936 -1717.884836 -1775.465058 -1819.547505 -1851.866131 -1874.881532 -1890.966475 -1902.064146 -1909.643166 -1914.771639 -1918.212253 -1920.502787 -1922.017814 -1923.014872 -1923.669112 -1924.100432 -1924.399154 -1924.675073 -1925.256909 -1927.416259 -1932.942260 -1900.718008 -1169.482731 -1167.785403 -1157.011942 -1150.055887 -1146.788386 -1146.292721 -1146.239965 -1146.245793 -1146.260217 -1146.275703 -1146.290586 -1146.304368 -1146.317154 -1146.331951 -1146.377124 -1146.675786 -1148.424002 -1152.317440 -1157.925411 -1151.910636 -1878.250302 -1927.220081 -1926.096553 -1925.208661 -1925.025894 -1924.995718 -1924.991469 -1924.991462 -1924.992070 -1924.992655 -1924.993123 -1924.993481 -1924.993756 -1924.993970 -1924.994140 -1924.994277 -1924.994392 -1924.994496 -1924.994597 -1924.994711 -1924.994854 -1924.995053 -1924.995348 -1924.995802 -1924.996516 -1924.997660 -1924.999526 -1925.002622 -1925.007880 -1925.017050 -1925.033526 -1925.064014 -1925.122008 -1925.235229 -1925.462853 -1925.939599 -1926.998930 -1929.551988 -1936.477993 -1959.094974 -9999.0 -9999.0
-9999.0 -9999.0 -9999.0 -9999.0 -9999.0 -9999.0 -9999.0 -9999.0 -9999.0 -9999.0 -9999.0 -9999.0 -9999.0 -9999.0 -9999.0 -9999.0 -9999.0 -9999.0 -9999.0 -9999.0 -9999.0 -9999.0 -9999.0 -9999.0 -9999.0 -9999.0 -9999.0 -9999.0 -9999.0 -9999.0 -9999.0 -9999.0 -9999.0 -9999.0 -9999.0 -9999.0 -9999.0 -9999.0 -9999.0 -9999.0 -9999.0 -9999.0 -9999.0 -9999.0 -9999.0 -9999.0 -9999.0 -9999.0 -9999.0 -9999.0 -9999.0 -9999.0 -9999.0 -9999.0 -9999.0 -9999.0 -9999.0 -9999.0 -9999.0 -9999.0 -9999.0 -9999.0 -9999.0 -9999.0 -9999.0 -9999.0 -9999.0 -9999.0 -9999.0 -9999.0 -9999.0 -9999.0 -9999.0 -9999.0 -9999.0 -9999.0 -9999.0 -9999.0 -9999.0 -9999.0 -9999.0 -9999.0 -9999.0 -9999.0 -9999.0 -9999.0 -9999.0 -9999.0 -9999.0 -9999.0 -9999.0 -9999.0 -9999.0 -9999.0 -9999.0 -9999.0 -9999.0 -9999.0 -9999.0 -9999.0 -9999.0 -9999.0 -9999.0 -9999.0
-9999.0 -9999.0 -9999.0 -9999.0 -9999.0 -9999.0 -9999.0 -9999.0 -9999.0 -9999.0 -9999.0 -9999.0 -9999.0 -9999.0 -9999.0 -9999.0 -9999.0 -9999.0 -9999.0 -9999.0 -9999.0 -9999.0 -9999.0 -9999.0 -9999.0 -9999.0 -9999.0 -9999.0 -9999.0 -9999.0 -9999.0 -9999.0 -9999.0 -9999.0 -9999.0 -9999.0 -9999.0 -9999.0 -9999.0 -9999.0 -9999.0 -9999.0 -9999.0 -9999.0 -9999.0 -9999.0 -9999.0 -9999.0 -9999.0 -9999.0 -9999.0 -9999.0 -9999.0 -9999.0 -9999.0 -9999.0 -9999.0 -9999.0 -9999.0 -9999.0 -9999.0 -9999.0 -9999.0 -9999.0 -9999.0 -9999.0 -9999.0 -9999.0 -9999.0 -9999.0 -9999.0 -9999.0 -9999.0 -9999.0 -9999.0 -9999.0 -9999.0 -9999.0 -9999.0 -9999.0 -9999.0 -9999.0 -9999.0 -9999.0 -9999.0 -9999.0 -9999.0 -9999.0 -9999.0 -9999.0 -9999.0 -9999.0 -9999.0 -9999.0 -9999.0 -9999.0 -9999.0 -9999.0 -9999.0 -9999.0 -9999.0 -9999.0 -9999.0 -9999.0