inst/processing_geotop_simulation/geotop_simulation/out/maps3D/PwL0006N0444.asc
ncols         104
nrows         10
xllcorner     -2.000000
yllcorner     0.000000
cellsize      1.000000
NODATA_value  -9999.0
-9999.0 -9999.0 -9999.0 -9999.0 -9999.0 -9999.0 -9999.0 -9999.0 -9999.0 -9999.0 -9999.0 -9999.0 -9999.0 -9999.0 -9999.0 -9999.0 -9999.0 -9999.0 -9999.0 -9999.0 -9999.0 -9999.0 -9999.0 -9999.0 -9999.0 -9999.0 -9999.0 -9999.0 -9999.0 -9999.0 -9999.0 -9999.0 -9999.0 -9999.0 -9999.0 -9999.0 -9999.0 -9999.0 -9999.0 -9999.0 -9999.0 -9999.0 -9999.0 -9999.0 -9999.0 -9999.0 -9999.0 -9999.0 -9999.0 -9999.0 -9999.0 -9999.0 -9999.0 -9999.0 -9999.0 -9999.0 -9999.0 -9999.0 -9999.0 -9999.0 -9999.0 -9999.0 -9999.0 -9999.0 -9999.0 -9999.0 -9999.0 -9999.0 -9999.0 -9999.0 -9999.0 -9999.0 -9999.0 -9999.0 -9999.0 -9999.0 -9999.0 -9999.0 -9999.0 -9999.0 -9999.0 -9999.0 -9999.0 -9999.0 -9999.0 -9999.0 -9999.0 -9999.0 -9999.0 -9999.0 -9999.0 -9999.0 -9999.0 -9999.0 -9999.0 -9999.0 -9999.0 -9999.0 -9999.0 -9999.0 -9999.0 -9999.0 -9999.0 -9999.0
-9999.0 -9999.0 -9999.0 -9999.0 -9999.0 -9999.0 -9999.0 -9999.0 -9999.0 -9999.0 -9999.0 -9999.0 -9999.0 -9999.0 -9999.0 -9999.0 -9999.0 -9999.0 -9999.0 -9999.0 -9999.0 -9999.0 -9999.0 -9999.0 -9999.0 -9999.0 -9999.0 -9999.0 -9999.0 -9999.0 -9999.0 -9999.0 -9999.0 -9999.0 -9999.0 -9999.0 -9999.0 -9999.0 -9999.0 -9999.0 -9999.0 -9999.0 -9999.0 -9999.0 -9999.0 -9999.0 -9999.0 -9999.0 -9999.0 -9999.0 -9999.0 -9999.0 -9999.0 -9999.0 -9999.0 -9999.0 -9999.0 -9999.0 -9999.0 -9999.0 -9999.0 -9999.0 -9999.0 -9999.0 -9999.0 -9999.0 -9999.0 -9999.0 -9999.0 -9999.0 -9999.0 -9999.0 -9999.0 -9999.0 -9999.0 -9999.0 -9999.0 -9999.0 -9999.0 -9999.0 -9999.0 -9999.0 -9999.0 -9999.0 -9999.0 -9999.0 -9999.0 -9999.0 -9999.0 -9999.0 -9999.0 -9999.0 -9999.0 -9999.0 -9999.0 -9999.0 -9999.0 -9999.0 -9999.0 -9999.0 -9999.0 -9999.0 -9999.0 -9999.0
-9999.0 -9999.0 273.974564 175.610632 76.559736 -22.721316 -122.091117 -221.497171 -320.912990 -420.320153 -519.700376 -619.016690 -718.198434 -817.334121 -916.407273 -1015.461822 -1114.473708 -1213.053894 -1311.078122 -1408.057876 -1502.990275 -1594.003409 -1678.343881 -1753.133795 -1816.407644 -1867.637087 -1907.577724 -1937.768724 -1960.031921 -1976.129401 -1987.588693 -1995.646077 -2001.256442 -2005.133176 -2007.796903 -2009.623955 -2010.898135 -2011.899713 -2013.133621 -2015.571013 -2016.085098 -1956.502374 -1231.021747 -1254.441182 -1238.894530 -1228.405206 -1223.494255 -1222.736639 -1222.654259 -1222.660793 -1222.679997 -1222.700749 -1222.720706 -1222.739197 -1222.756437 -1222.777187 -1222.845508 -1223.300385 -1225.917910 -1231.690387 -1238.444688 -1204.348428 -1927.908653 -2009.863921 -2014.302903 -2013.813863 -2013.598065 -2013.551023 -2013.542942 -2013.542042 -2013.542311 -2013.542697 -2013.543030 -2013.543295 -2013.543505 -2013.543675 -2013.543815 -2013.543934 -2013.544039 -2013.544137 -2013.544235 -2013.544344 -2013.544476 -2013.544650 -2013.544894 -2013.545257 -2013.545813 -2013.546690 -2013.548108 -2013.550459 -2013.554470 -2013.561522 -2013.574322 -2013.598291 -2013.644581 -2013.736990 -2013.929223 -2014.351647 -2015.348278 -2017.921771 -2025.373986 -2050.110859 -9999.0 -9999.0
-9999.0 -9999.0 273.981973 175.612332 76.560179 -22.721185 -122.091076 -221.497156 -320.912985 -420.320150 -519.700375 -619.016689 -718.198434 -817.334121 -916.407273 -1015.461823 -1114.473708 -1213.053894 -1311.078122 -1408.057876 -1502.990275 -1594.003409 -1678.343881 -1753.133796 -1816.407644 -1867.637087 -1907.577724 -1937.768724 -1960.031921 -1976.129401 -1987.588693 -1995.646077 -2001.256442 -2005.133176 -2007.796903 -2009.623955 -2010.898135 -2011.899713 -2013.133621 -2015.571013 -2016.085098 -1956.502374 -1231.021747 -1254.441182 -1238.894530 -1228.405205 -1223.494255 -1222.736639 -1222.654259 -1222.660793 -1222.679997 -1222.700749 -1222.720706 -1222.739197 -1222.756437 -1222.777187 -1222.845508 -1223.300385 -1225.917910 -1231.690387 -1238.444688 -1204.348428 -1927.908653 -2009.863921 -2014.302903 -2013.813863 -2013.598065 -2013.551023 -2013.542942 -2013.542042 -2013.542311 -2013.542697 -2013.543030 -2013.543295 -2013.543505 -2013.543675 -2013.543815 -2013.543934 -2013.544039 -2013.544137 -2013.544235 -2013.544344 -2013.544476 -2013.544650 -2013.544894 -2013.545257 -2013.545813 -2013.546690 -2013.548108 -2013.550459 -2013.554470 -2013.561522 -2013.574322 -2013.598291 -2013.644581 -2013.736990 -2013.929223 -2014.351647 -2015.348278 -2017.921771 -2025.373986 -2050.110859 -9999.0 -9999.0
-9999.0 -9999.0 273.983257 175.613044 76.560462 -22.721083 -122.091039 -221.497143 -320.912980 -420.320148 -519.700374 -619.016689 -718.198433 -817.334121 -916.407273 -1015.461823 -1114.473708 -1213.053894 -1311.078123 -1408.057877 -1502.990275 -1594.003409 -1678.343882 -1753.133796 -1816.407644 -1867.637087 -1907.577724 -1937.768724 -1960.031921 -1976.129401 -1987.588693 -1995.646077 -2001.256442 -2005.133176 -2007.796903 -2009.623955 -2010.898135 -2011.899713 -2013.133621 -2015.571013 -2016.085098 -1956.502374 -1231.021747 -1254.441182 -1238.894530 -1228.405205 -1223.494255 -1222.736639 -1222.654259 -1222.660793 -1222.679997 -1222.700749 -1222.720706 -1222.739197 -1222.756437 -1222.777187 -1222.845508 -1223.300385 -1225.917910 -1231.690387 -1238.444688 -1204.348428 -1927.908653 -2009.863921 -2014.302903 -2013.813863 -2013.598065 -2013.551023 -2013.542942 -2013.542042 -2013.542311 -2013.542697 -2013.543030 -2013.543295 -2013.543505 -2013.543675 -2013.543815 -2013.543934 -2013.544039 -2013.544137 -2013.544235 -2013.544344 -2013.544476 -2013.544650 -2013.544894 -2013.545257 -2013.545813 -2013.546690 -2013.548108 -2013.550459 -2013.554470 -2013.561522 -2013.574322 -2013.598291 -2013.644581 -2013.736990 -2013.929223 -2014.351647 -2015.348278 -2017.921771 -2025.373986 -2050.110859 -9999.0 -9999.0
-9999.0 -9999.0 273.983256 175.613044 76.560462 -22.721083 -122.091039 -221.497143 -320.912980 -420.320148 -519.700374 -619.016689 -718.198433 -817.334121 -916.407273 -1015.461823 -1114.473708 -1213.053894 -1311.078123 -1408.057877 -1502.990275 -1594.003409 -1678.343881 -1753.133796 -1816.407644 -1867.637087 -1907.577724 -1937.768724 -1960.031921 -1976.129401 -1987.588693 -1995.646077 -2001.256442 -2005.133176 -2007.796903 -2009.623955 -2010.898135 -2011.899713 -2013.133621 -2015.571013 -2016.085098 -1956.502374 -1231.021747 -1254.441182 -1238.894530 -1228.405205 -1223.494255 -1222.736639 -1222.654259 -1222.660793 -1222.679997 -1222.700749 -1222.720706 -1222.739197 -1222.756437 -1222.777187 -1222.845508 -1223.300385 -1225.917910 -1231.690387 -1238.444688 -1204.348428 -1927.908653 -2009.863921 -2014.302903 -2013.813863 -2013.598065 -2013.551023 -2013.542942 -2013.542042 -2013.542311 -2013.542697 -2013.543030 -2013.543295 -2013.543505 -2013.543675 -2013.543815 -2013.543934 -2013.544039 -2013.544137 -2013.544235 -2013.544344 -2013.544476 -2013.544650 -2013.544894 -2013.545257 -2013.545813 -2013.546690 -2013.548108 -2013.550459 -2013.554470 -2013.561522 -2013.574322 -2013.598291 -2013.644581 -2013.736990 -2013.929223 -2014.351647 -2015.348278 -2017.921771 -2025.373986 -2050.110859 -9999.0 -9999.0
-9999.0 -9999.0 273.981973 175.612332 76.560180 -22.721185 -122.091076 -221.497157 -320.912985 -420.320150 -519.700375 -619.016689 -718.198434 -817.334121 -916.407273 -1015.461822 -1114.473708 -1213.053894 -1311.078122 -1408.057876 -1502.990275 -1594.003409 -1678.343881 -1753.133796 -1816.407644 -1867.637087 -1907.577724 -1937.768724 -1960.031921 -1976.129401 -1987.588693 -1995.646077 -2001.256442 -2005.133176 -2007.796903 -2009.623955 -2010.898135 -2011.899713 -2013.133621 -2015.571013 -2016.085098 -1956.502374 -1231.021747 -1254.441182 -1238.894530 -1228.405205 -1223.494255 -1222.736639 -1222.654259 -1222.660793 -1222.679997 -1222.700749 -1222.720706 -1222.739197 -1222.756437 -1222.777187 -1222.845508 -1223.300385 -1225.917910 -1231.690387 -1238.444688 -1204.348428 -1927.908653 -2009.863921 -2014.302903 -2013.813863 -2013.598065 -2013.551023 -2013.542942 -2013.542042 -2013.542311 -2013.542697 -2013.543030 -2013.543295 -2013.543505 -2013.543675 -2013.543815 -2013.543934 -2013.544039 -2013.544137 -2013.544235 -2013.544344 -2013.544476 -2013.544650 -2013.544894 -2013.545257 -2013.545813 -2013.546690 -2013.548108 -2013.550459 -2013.554470 -2013.561522 -2013.574322 -2013.598291 -2013.644581 -2013.736990 -2013.929223 -2014.351647 -2015.348278 -2017.921771 -2025.373986 -2050.110859 -9999.0 -9999.0
-9999.0 -9999.0 273.974564 175.610632 76.559735 -22.721316 -122.091117 -221.497171 -320.912990 -420.320153 -519.700376 -619.016690 -718.198434 -817.334121 -916.407273 -1015.461822 -1114.473708 -1213.053894 -1311.078122 -1408.057876 -1502.990275 -1594.003409 -1678.343881 -1753.133795 -1816.407644 -1867.637087 -1907.577724 -1937.768724 -1960.031921 -1976.129401 -1987.588693 -1995.646077 -2001.256442 -2005.133176 -2007.796903 -2009.623955 -2010.898135 -2011.899713 -2013.133621 -2015.571013 -2016.085098 -1956.502374 -1231.021747 -1254.441182 -1238.894530 -1228.405206 -1223.494255 -1222.736639 -1222.654259 -1222.660793 -1222.679997 -1222.700749 -1222.720706 -1222.739197 -1222.756437 -1222.777187 -1222.845508 -1223.300385 -1225.917910 -1231.690387 -1238.444688 -1204.348428 -1927.908653 -2009.863921 -2014.302903 -2013.813863 -2013.598065 -2013.551023 -2013.542942 -2013.542042 -2013.542311 -2013.542697 -2013.543030 -2013.543295 -2013.543505 -2013.543675 -2013.543815 -2013.543934 -2013.544039 -2013.544137 -2013.544235 -2013.544344 -2013.544476 -2013.544650 -2013.544894 -2013.545257 -2013.545813 -2013.546690 -2013.548108 -2013.550459 -2013.554470 -2013.561522 -2013.574322 -2013.598291 -2013.644581 -2013.736990 -2013.929223 -2014.351647 -2015.348278 -2017.921771 -2025.373986 -2050.110859 -9999.0 -9999.0
-9999.0 -9999.0 -9999.0 -9999.0 -9999.0 -9999.0 -9999.0 -9999.0 -9999.0 -9999.0 -9999.0 -9999.0 -9999.0 -9999.0 -9999.0 -9999.0 -9999.0 -9999.0 -9999.0 -9999.0 -9999.0 -9999.0 -9999.0 -9999.0 -9999.0 -9999.0 -9999.0 -9999.0 -9999.0 -9999.0 -9999.0 -9999.0 -9999.0 -9999.0 -9999.0 -9999.0 -9999.0 -9999.0 -9999.0 -9999.0 -9999.0 -9999.0 -9999.0 -9999.0 -9999.0 -9999.0 -9999.0 -9999.0 -9999.0 -9999.0 -9999.0 -9999.0 -9999.0 -9999.0 -9999.0 -9999.0 -9999.0 -9999.0 -9999.0 -9999.0 -9999.0 -9999.0 -9999.0 -9999.0 -9999.0 -9999.0 -9999.0 -9999.0 -9999.0 -9999.0 -9999.0 -9999.0 -9999.0 -9999.0 -9999.0 -9999.0 -9999.0 -9999.0 -9999.0 -9999.0 -9999.0 -9999.0 -9999.0 -9999.0 -9999.0 -9999.0 -9999.0 -9999.0 -9999.0 -9999.0 -9999.0 -9999.0 -9999.0 -9999.0 -9999.0 -9999.0 -9999.0 -9999.0 -9999.0 -9999.0 -9999.0 -9999.0 -9999.0 -9999.0
-9999.0 -9999.0 -9999.0 -9999.0 -9999.0 -9999.0 -9999.0 -9999.0 -9999.0 -9999.0 -9999.0 -9999.0 -9999.0 -9999.0 -9999.0 -9999.0 -9999.0 -9999.0 -9999.0 -9999.0 -9999.0 -9999.0 -9999.0 -9999.0 -9999.0 -9999.0 -9999.0 -9999.0 -9999.0 -9999.0 -9999.0 -9999.0 -9999.0 -9999.0 -9999.0 -9999.0 -9999.0 -9999.0 -9999.0 -9999.0 -9999.0 -9999.0 -9999.0 -9999.0 -9999.0 -9999.0 -9999.0 -9999.0 -9999.0 -9999.0 -9999.0 -9999.0 -9999.0 -9999.0 -9999.0 -9999.0 -9999.0 -9999.0 -9999.0 -9999.0 -9999.0 -9999.0 -9999.0 -9999.0 -9999.0 -9999.0 -9999.0 -9999.0 -9999.0 -9999.0 -9999.0 -9999.0 -9999.0 -9999.0 -9999.0 -9999.0 -9999.0 -9999.0 -9999.0 -9999.0 -9999.0 -9999.0 -9999.0 -9999.0 -9999.0 -9999.0 -9999.0 -9999.0 -9999.0 -9999.0 -9999.0 -9999.0 -9999.0 -9999.0 -9999.0 -9999.0 -9999.0 -9999.0 -9999.0 -9999.0 -9999.0 -9999.0 -9999.0 -9999.0