inst/processing_geotop_simulation/geotop_simulation/out/maps3D/PwL0014N0463.asc
ncols         104
nrows         10
xllcorner     -2.000000
yllcorner     0.000000
cellsize      1.000000
NODATA_value  -9999.0
-9999.0 -9999.0 -9999.0 -9999.0 -9999.0 -9999.0 -9999.0 -9999.0 -9999.0 -9999.0 -9999.0 -9999.0 -9999.0 -9999.0 -9999.0 -9999.0 -9999.0 -9999.0 -9999.0 -9999.0 -9999.0 -9999.0 -9999.0 -9999.0 -9999.0 -9999.0 -9999.0 -9999.0 -9999.0 -9999.0 -9999.0 -9999.0 -9999.0 -9999.0 -9999.0 -9999.0 -9999.0 -9999.0 -9999.0 -9999.0 -9999.0 -9999.0 -9999.0 -9999.0 -9999.0 -9999.0 -9999.0 -9999.0 -9999.0 -9999.0 -9999.0 -9999.0 -9999.0 -9999.0 -9999.0 -9999.0 -9999.0 -9999.0 -9999.0 -9999.0 -9999.0 -9999.0 -9999.0 -9999.0 -9999.0 -9999.0 -9999.0 -9999.0 -9999.0 -9999.0 -9999.0 -9999.0 -9999.0 -9999.0 -9999.0 -9999.0 -9999.0 -9999.0 -9999.0 -9999.0 -9999.0 -9999.0 -9999.0 -9999.0 -9999.0 -9999.0 -9999.0 -9999.0 -9999.0 -9999.0 -9999.0 -9999.0 -9999.0 -9999.0 -9999.0 -9999.0 -9999.0 -9999.0 -9999.0 -9999.0 -9999.0 -9999.0 -9999.0 -9999.0
-9999.0 -9999.0 -9999.0 -9999.0 -9999.0 -9999.0 -9999.0 -9999.0 -9999.0 -9999.0 -9999.0 -9999.0 -9999.0 -9999.0 -9999.0 -9999.0 -9999.0 -9999.0 -9999.0 -9999.0 -9999.0 -9999.0 -9999.0 -9999.0 -9999.0 -9999.0 -9999.0 -9999.0 -9999.0 -9999.0 -9999.0 -9999.0 -9999.0 -9999.0 -9999.0 -9999.0 -9999.0 -9999.0 -9999.0 -9999.0 -9999.0 -9999.0 -9999.0 -9999.0 -9999.0 -9999.0 -9999.0 -9999.0 -9999.0 -9999.0 -9999.0 -9999.0 -9999.0 -9999.0 -9999.0 -9999.0 -9999.0 -9999.0 -9999.0 -9999.0 -9999.0 -9999.0 -9999.0 -9999.0 -9999.0 -9999.0 -9999.0 -9999.0 -9999.0 -9999.0 -9999.0 -9999.0 -9999.0 -9999.0 -9999.0 -9999.0 -9999.0 -9999.0 -9999.0 -9999.0 -9999.0 -9999.0 -9999.0 -9999.0 -9999.0 -9999.0 -9999.0 -9999.0 -9999.0 -9999.0 -9999.0 -9999.0 -9999.0 -9999.0 -9999.0 -9999.0 -9999.0 -9999.0 -9999.0 -9999.0 -9999.0 -9999.0 -9999.0 -9999.0
-9999.0 -9999.0 670.561386 571.578527 472.373777 373.020747 273.598851 174.147674 74.686980 -24.771267 -124.220753 -223.659105 -323.077652 -422.459734 -521.777407 -620.990450 -720.028980 -819.132012 -918.132889 -1016.994135 -1115.643682 -1212.484734 -1306.674780 -1396.239542 -1478.898449 -1552.580043 -1615.880677 -1668.309146 -1710.269500 -1742.840008 -1767.467546 -1785.688045 -1798.932278 -1808.424535 -1815.153226 -1819.887467 -1823.226500 -1825.706877 -1828.067764 -1831.641024 -1836.355813 -1824.881414 -1666.316378 -3202.283748 -2909.053470 -2696.273981 -2605.843076 -2594.006945 -2592.798931 -2592.917270 -2593.223472 -2593.552168 -2593.867879 -2594.160146 -2594.430936 -2594.741919 -2595.695275 -2602.395707 -2648.295084 -2757.031956 -2818.861357 -1511.928468 -1783.590928 -1828.718103 -1831.466389 -1830.874161 -1830.628456 -1830.572258 -1830.562096 -1830.560815 -1830.561040 -1830.561450 -1830.561826 -1830.562144 -1830.562413 -1830.562646 -1830.562853 -1830.563044 -1830.563224 -1830.563400 -1830.563579 -1830.563772 -1830.563990 -1830.564252 -1830.564586 -1830.565037 -1830.565678 -1830.566633 -1830.568115 -1830.570507 -1830.574518 -1830.581507 -1830.594146 -1830.617836 -1830.663834 -1830.756640 -1830.952867 -1831.392837 -1832.451623 -1835.222777 -1843.235841 -1869.184771 -9999.0 -9999.0
-9999.0 -9999.0 670.565383 571.579818 472.374162 373.020867 273.598890 174.147688 74.686985 -24.771265 -124.220752 -223.659104 -323.077651 -422.459734 -521.777407 -620.990450 -720.028980 -819.132013 -918.132889 -1016.994135 -1115.643682 -1212.484734 -1306.674780 -1396.239542 -1478.898449 -1552.580043 -1615.880678 -1668.309146 -1710.269500 -1742.840008 -1767.467546 -1785.688045 -1798.932278 -1808.424535 -1815.153226 -1819.887467 -1823.226500 -1825.706877 -1828.067764 -1831.641024 -1836.355813 -1824.881414 -1666.316378 -3202.283745 -2909.053467 -2696.273976 -2605.843076 -2594.006945 -2592.798931 -2592.917270 -2593.223472 -2593.552168 -2593.867879 -2594.160146 -2594.430936 -2594.741919 -2595.695275 -2602.395707 -2648.295084 -2757.031956 -2818.861357 -1511.928468 -1783.590928 -1828.718103 -1831.466389 -1830.874160 -1830.628456 -1830.572258 -1830.562096 -1830.560815 -1830.561040 -1830.561450 -1830.561826 -1830.562144 -1830.562413 -1830.562646 -1830.562853 -1830.563044 -1830.563224 -1830.563400 -1830.563579 -1830.563772 -1830.563990 -1830.564252 -1830.564586 -1830.565037 -1830.565678 -1830.566633 -1830.568115 -1830.570507 -1830.574518 -1830.581506 -1830.594146 -1830.617836 -1830.663834 -1830.756640 -1830.952867 -1831.392837 -1832.451623 -1835.222777 -1843.235841 -1869.184771 -9999.0 -9999.0
-9999.0 -9999.0 670.566581 571.580445 472.374418 373.020962 273.598925 174.147701 74.686990 -24.771263 -124.220752 -223.659104 -323.077651 -422.459734 -521.777407 -620.990449 -720.028980 -819.132013 -918.132889 -1016.994135 -1115.643682 -1212.484734 -1306.674780 -1396.239542 -1478.898449 -1552.580043 -1615.880678 -1668.309146 -1710.269500 -1742.840008 -1767.467546 -1785.688045 -1798.932278 -1808.424535 -1815.153226 -1819.887467 -1823.226500 -1825.706877 -1828.067764 -1831.641024 -1836.355813 -1824.881414 -1666.316378 -3202.283745 -2909.053466 -2696.273973 -2605.843076 -2594.006945 -2592.798931 -2592.917270 -2593.223472 -2593.552168 -2593.867879 -2594.160146 -2594.430936 -2594.741919 -2595.695275 -2602.395707 -2648.295084 -2757.031956 -2818.861357 -1511.928468 -1783.590928 -1828.718103 -1831.466389 -1830.874160 -1830.628456 -1830.572258 -1830.562096 -1830.560815 -1830.561040 -1830.561450 -1830.561826 -1830.562144 -1830.562413 -1830.562646 -1830.562853 -1830.563044 -1830.563224 -1830.563400 -1830.563579 -1830.563772 -1830.563990 -1830.564252 -1830.564586 -1830.565037 -1830.565678 -1830.566633 -1830.568115 -1830.570507 -1830.574518 -1830.581506 -1830.594146 -1830.617836 -1830.663834 -1830.756640 -1830.952867 -1831.392837 -1832.451623 -1835.222777 -1843.235841 -1869.184771 -9999.0 -9999.0
-9999.0 -9999.0 670.566581 571.580445 472.374418 373.020962 273.598925 174.147701 74.686990 -24.771263 -124.220752 -223.659104 -323.077651 -422.459734 -521.777407 -620.990450 -720.028980 -819.132013 -918.132889 -1016.994135 -1115.643682 -1212.484734 -1306.674780 -1396.239542 -1478.898449 -1552.580043 -1615.880678 -1668.309146 -1710.269500 -1742.840008 -1767.467546 -1785.688045 -1798.932278 -1808.424535 -1815.153226 -1819.887467 -1823.226500 -1825.706877 -1828.067764 -1831.641024 -1836.355813 -1824.881414 -1666.316378 -3202.283745 -2909.053466 -2696.273973 -2605.843076 -2594.006945 -2592.798931 -2592.917270 -2593.223472 -2593.552168 -2593.867879 -2594.160146 -2594.430936 -2594.741919 -2595.695275 -2602.395707 -2648.295084 -2757.031956 -2818.861357 -1511.928468 -1783.590928 -1828.718103 -1831.466389 -1830.874160 -1830.628456 -1830.572258 -1830.562096 -1830.560815 -1830.561040 -1830.561450 -1830.561826 -1830.562144 -1830.562413 -1830.562646 -1830.562853 -1830.563044 -1830.563224 -1830.563400 -1830.563579 -1830.563772 -1830.563990 -1830.564252 -1830.564586 -1830.565037 -1830.565678 -1830.566633 -1830.568115 -1830.570507 -1830.574518 -1830.581506 -1830.594146 -1830.617836 -1830.663834 -1830.756640 -1830.952867 -1831.392837 -1832.451623 -1835.222777 -1843.235841 -1869.184771 -9999.0 -9999.0
-9999.0 -9999.0 670.565383 571.579818 472.374162 373.020867 273.598890 174.147688 74.686985 -24.771265 -124.220752 -223.659104 -323.077651 -422.459734 -521.777407 -620.990449 -720.028980 -819.132012 -918.132889 -1016.994135 -1115.643682 -1212.484734 -1306.674780 -1396.239542 -1478.898449 -1552.580043 -1615.880678 -1668.309146 -1710.269500 -1742.840008 -1767.467546 -1785.688045 -1798.932278 -1808.424535 -1815.153226 -1819.887467 -1823.226500 -1825.706877 -1828.067764 -1831.641024 -1836.355813 -1824.881414 -1666.316378 -3202.283745 -2909.053467 -2696.273976 -2605.843076 -2594.006945 -2592.798931 -2592.917270 -2593.223472 -2593.552168 -2593.867879 -2594.160146 -2594.430936 -2594.741919 -2595.695275 -2602.395707 -2648.295084 -2757.031956 -2818.861357 -1511.928468 -1783.590928 -1828.718103 -1831.466389 -1830.874160 -1830.628456 -1830.572258 -1830.562096 -1830.560815 -1830.561040 -1830.561450 -1830.561826 -1830.562144 -1830.562413 -1830.562646 -1830.562853 -1830.563044 -1830.563224 -1830.563400 -1830.563579 -1830.563772 -1830.563990 -1830.564252 -1830.564586 -1830.565037 -1830.565678 -1830.566633 -1830.568115 -1830.570507 -1830.574518 -1830.581506 -1830.594146 -1830.617836 -1830.663834 -1830.756640 -1830.952867 -1831.392837 -1832.451623 -1835.222777 -1843.235841 -1869.184771 -9999.0 -9999.0
-9999.0 -9999.0 670.561386 571.578527 472.373777 373.020747 273.598851 174.147674 74.686980 -24.771267 -124.220753 -223.659105 -323.077652 -422.459734 -521.777407 -620.990450 -720.028980 -819.132012 -918.132889 -1016.994135 -1115.643682 -1212.484734 -1306.674780 -1396.239542 -1478.898449 -1552.580043 -1615.880677 -1668.309146 -1710.269500 -1742.840008 -1767.467546 -1785.688045 -1798.932278 -1808.424535 -1815.153226 -1819.887467 -1823.226500 -1825.706877 -1828.067764 -1831.641024 -1836.355813 -1824.881414 -1666.316378 -3202.283748 -2909.053470 -2696.273981 -2605.843076 -2594.006945 -2592.798931 -2592.917270 -2593.223472 -2593.552168 -2593.867879 -2594.160146 -2594.430936 -2594.741919 -2595.695275 -2602.395707 -2648.295084 -2757.031956 -2818.861357 -1511.928468 -1783.590928 -1828.718103 -1831.466389 -1830.874161 -1830.628456 -1830.572258 -1830.562096 -1830.560815 -1830.561040 -1830.561450 -1830.561826 -1830.562144 -1830.562413 -1830.562646 -1830.562853 -1830.563044 -1830.563224 -1830.563400 -1830.563579 -1830.563772 -1830.563990 -1830.564252 -1830.564586 -1830.565037 -1830.565678 -1830.566633 -1830.568115 -1830.570507 -1830.574518 -1830.581507 -1830.594146 -1830.617836 -1830.663834 -1830.756640 -1830.952867 -1831.392837 -1832.451623 -1835.222777 -1843.235841 -1869.184771 -9999.0 -9999.0
-9999.0 -9999.0 -9999.0 -9999.0 -9999.0 -9999.0 -9999.0 -9999.0 -9999.0 -9999.0 -9999.0 -9999.0 -9999.0 -9999.0 -9999.0 -9999.0 -9999.0 -9999.0 -9999.0 -9999.0 -9999.0 -9999.0 -9999.0 -9999.0 -9999.0 -9999.0 -9999.0 -9999.0 -9999.0 -9999.0 -9999.0 -9999.0 -9999.0 -9999.0 -9999.0 -9999.0 -9999.0 -9999.0 -9999.0 -9999.0 -9999.0 -9999.0 -9999.0 -9999.0 -9999.0 -9999.0 -9999.0 -9999.0 -9999.0 -9999.0 -9999.0 -9999.0 -9999.0 -9999.0 -9999.0 -9999.0 -9999.0 -9999.0 -9999.0 -9999.0 -9999.0 -9999.0 -9999.0 -9999.0 -9999.0 -9999.0 -9999.0 -9999.0 -9999.0 -9999.0 -9999.0 -9999.0 -9999.0 -9999.0 -9999.0 -9999.0 -9999.0 -9999.0 -9999.0 -9999.0 -9999.0 -9999.0 -9999.0 -9999.0 -9999.0 -9999.0 -9999.0 -9999.0 -9999.0 -9999.0 -9999.0 -9999.0 -9999.0 -9999.0 -9999.0 -9999.0 -9999.0 -9999.0 -9999.0 -9999.0 -9999.0 -9999.0 -9999.0 -9999.0
-9999.0 -9999.0 -9999.0 -9999.0 -9999.0 -9999.0 -9999.0 -9999.0 -9999.0 -9999.0 -9999.0 -9999.0 -9999.0 -9999.0 -9999.0 -9999.0 -9999.0 -9999.0 -9999.0 -9999.0 -9999.0 -9999.0 -9999.0 -9999.0 -9999.0 -9999.0 -9999.0 -9999.0 -9999.0 -9999.0 -9999.0 -9999.0 -9999.0 -9999.0 -9999.0 -9999.0 -9999.0 -9999.0 -9999.0 -9999.0 -9999.0 -9999.0 -9999.0 -9999.0 -9999.0 -9999.0 -9999.0 -9999.0 -9999.0 -9999.0 -9999.0 -9999.0 -9999.0 -9999.0 -9999.0 -9999.0 -9999.0 -9999.0 -9999.0 -9999.0 -9999.0 -9999.0 -9999.0 -9999.0 -9999.0 -9999.0 -9999.0 -9999.0 -9999.0 -9999.0 -9999.0 -9999.0 -9999.0 -9999.0 -9999.0 -9999.0 -9999.0 -9999.0 -9999.0 -9999.0 -9999.0 -9999.0 -9999.0 -9999.0 -9999.0 -9999.0 -9999.0 -9999.0 -9999.0 -9999.0 -9999.0 -9999.0 -9999.0 -9999.0 -9999.0 -9999.0 -9999.0 -9999.0 -9999.0 -9999.0 -9999.0 -9999.0 -9999.0 -9999.0