inst/processing_geotop_simulation/geotop_simulation/out/maps3D/PwL0004N0179.asc
ncols         104
nrows         10
xllcorner     -2.000000
yllcorner     0.000000
cellsize      1.000000
NODATA_value  -9999.0
-9999.0 -9999.0 -9999.0 -9999.0 -9999.0 -9999.0 -9999.0 -9999.0 -9999.0 -9999.0 -9999.0 -9999.0 -9999.0 -9999.0 -9999.0 -9999.0 -9999.0 -9999.0 -9999.0 -9999.0 -9999.0 -9999.0 -9999.0 -9999.0 -9999.0 -9999.0 -9999.0 -9999.0 -9999.0 -9999.0 -9999.0 -9999.0 -9999.0 -9999.0 -9999.0 -9999.0 -9999.0 -9999.0 -9999.0 -9999.0 -9999.0 -9999.0 -9999.0 -9999.0 -9999.0 -9999.0 -9999.0 -9999.0 -9999.0 -9999.0 -9999.0 -9999.0 -9999.0 -9999.0 -9999.0 -9999.0 -9999.0 -9999.0 -9999.0 -9999.0 -9999.0 -9999.0 -9999.0 -9999.0 -9999.0 -9999.0 -9999.0 -9999.0 -9999.0 -9999.0 -9999.0 -9999.0 -9999.0 -9999.0 -9999.0 -9999.0 -9999.0 -9999.0 -9999.0 -9999.0 -9999.0 -9999.0 -9999.0 -9999.0 -9999.0 -9999.0 -9999.0 -9999.0 -9999.0 -9999.0 -9999.0 -9999.0 -9999.0 -9999.0 -9999.0 -9999.0 -9999.0 -9999.0 -9999.0 -9999.0 -9999.0 -9999.0 -9999.0 -9999.0
-9999.0 -9999.0 -9999.0 -9999.0 -9999.0 -9999.0 -9999.0 -9999.0 -9999.0 -9999.0 -9999.0 -9999.0 -9999.0 -9999.0 -9999.0 -9999.0 -9999.0 -9999.0 -9999.0 -9999.0 -9999.0 -9999.0 -9999.0 -9999.0 -9999.0 -9999.0 -9999.0 -9999.0 -9999.0 -9999.0 -9999.0 -9999.0 -9999.0 -9999.0 -9999.0 -9999.0 -9999.0 -9999.0 -9999.0 -9999.0 -9999.0 -9999.0 -9999.0 -9999.0 -9999.0 -9999.0 -9999.0 -9999.0 -9999.0 -9999.0 -9999.0 -9999.0 -9999.0 -9999.0 -9999.0 -9999.0 -9999.0 -9999.0 -9999.0 -9999.0 -9999.0 -9999.0 -9999.0 -9999.0 -9999.0 -9999.0 -9999.0 -9999.0 -9999.0 -9999.0 -9999.0 -9999.0 -9999.0 -9999.0 -9999.0 -9999.0 -9999.0 -9999.0 -9999.0 -9999.0 -9999.0 -9999.0 -9999.0 -9999.0 -9999.0 -9999.0 -9999.0 -9999.0 -9999.0 -9999.0 -9999.0 -9999.0 -9999.0 -9999.0 -9999.0 -9999.0 -9999.0 -9999.0 -9999.0 -9999.0 -9999.0 -9999.0 -9999.0 -9999.0
-9999.0 -9999.0 180.988107 90.435271 -4.527623 -100.746414 -197.448518 -294.320507 -391.189598 -487.926697 -584.300387 -679.715167 -774.563022 -868.545801 -962.362351 -1056.725022 -1149.188668 -1240.648127 -1330.688532 -1413.287721 -1480.364430 -1530.028374 -1564.402479 -1587.247415 -1602.179584 -1611.956665 -1618.436288 -1622.787673 -1625.732646 -1627.727216 -1629.072541 -1629.974190 -1630.574496 -1630.971726 -1631.233194 -1631.406366 -1631.531361 -1631.664691 -1632.004482 -1633.688293 -1641.400995 -1646.337116 -1050.310169 -1056.644890 -1042.079940 -1032.910964 -1028.625216 -1028.015074 -1027.952355 -1027.960944 -1027.980145 -1028.000654 -1028.020348 -1028.038575 -1028.055412 -1028.074244 -1028.127943 -1028.487925 -1030.752242 -1035.858378 -1043.700093 -1027.198648 -1624.403090 -1636.687861 -1632.817263 -1631.973086 -1631.839425 -1631.818732 -1631.816228 -1631.816852 -1631.817867 -1631.818750 -1631.819437 -1631.819958 -1631.820357 -1631.820665 -1631.820909 -1631.821106 -1631.821270 -1631.821415 -1631.821556 -1631.821713 -1631.821911 -1631.822185 -1631.822590 -1631.823213 -1631.824193 -1631.825759 -1631.828302 -1631.832499 -1631.839572 -1631.851804 -1631.873578 -1631.913512 -1631.988790 -1632.134059 -1632.420661 -1633.002685 -1634.240212 -1637.058270 -1644.164876 -1665.897192 -9999.0 -9999.0
-9999.0 -9999.0 180.998857 90.437485 -4.527059 -100.746250 -197.448466 -294.320489 -391.189592 -487.926695 -584.300386 -679.715166 -774.563022 -868.545801 -962.362351 -1056.725022 -1149.188668 -1240.648127 -1330.688533 -1413.287722 -1480.364430 -1530.028374 -1564.402479 -1587.247415 -1602.179584 -1611.956665 -1618.436288 -1622.787673 -1625.732646 -1627.727216 -1629.072541 -1629.974190 -1630.574496 -1630.971726 -1631.233195 -1631.406366 -1631.531361 -1631.664691 -1632.004482 -1633.688293 -1641.400995 -1646.337116 -1050.310169 -1056.644889 -1042.079940 -1032.910964 -1028.625216 -1028.015074 -1027.952355 -1027.960944 -1027.980145 -1028.000654 -1028.020348 -1028.038575 -1028.055412 -1028.074244 -1028.127943 -1028.487925 -1030.752242 -1035.858378 -1043.700093 -1027.198648 -1624.403090 -1636.687861 -1632.817263 -1631.973086 -1631.839425 -1631.818732 -1631.816228 -1631.816852 -1631.817867 -1631.818750 -1631.819437 -1631.819958 -1631.820357 -1631.820665 -1631.820909 -1631.821106 -1631.821270 -1631.821415 -1631.821556 -1631.821713 -1631.821911 -1631.822185 -1631.822590 -1631.823213 -1631.824193 -1631.825759 -1631.828302 -1631.832499 -1631.839572 -1631.851804 -1631.873578 -1631.913512 -1631.988790 -1632.134059 -1632.420661 -1633.002685 -1634.240212 -1637.058270 -1644.164876 -1665.897192 -9999.0 -9999.0
-9999.0 -9999.0 181.000372 90.438382 -4.526704 -100.746121 -197.448420 -294.320473 -391.189586 -487.926693 -584.300385 -679.715166 -774.563022 -868.545801 -962.362352 -1056.725022 -1149.188668 -1240.648127 -1330.688533 -1413.287722 -1480.364430 -1530.028374 -1564.402479 -1587.247415 -1602.179584 -1611.956665 -1618.436288 -1622.787673 -1625.732646 -1627.727216 -1629.072541 -1629.974190 -1630.574496 -1630.971726 -1631.233195 -1631.406366 -1631.531361 -1631.664691 -1632.004482 -1633.688293 -1641.400995 -1646.337116 -1050.310169 -1056.644889 -1042.079940 -1032.910964 -1028.625216 -1028.015074 -1027.952355 -1027.960944 -1027.980145 -1028.000654 -1028.020348 -1028.038575 -1028.055412 -1028.074244 -1028.127943 -1028.487925 -1030.752242 -1035.858378 -1043.700093 -1027.198648 -1624.403090 -1636.687861 -1632.817263 -1631.973086 -1631.839425 -1631.818732 -1631.816228 -1631.816852 -1631.817867 -1631.818750 -1631.819437 -1631.819958 -1631.820357 -1631.820665 -1631.820909 -1631.821106 -1631.821270 -1631.821415 -1631.821556 -1631.821713 -1631.821911 -1631.822185 -1631.822590 -1631.823213 -1631.824193 -1631.825759 -1631.828302 -1631.832499 -1631.839572 -1631.851804 -1631.873578 -1631.913512 -1631.988790 -1632.134059 -1632.420661 -1633.002685 -1634.240212 -1637.058270 -1644.164876 -1665.897192 -9999.0 -9999.0
-9999.0 -9999.0 181.000372 90.438382 -4.526704 -100.746121 -197.448420 -294.320473 -391.189586 -487.926693 -584.300385 -679.715166 -774.563022 -868.545801 -962.362352 -1056.725022 -1149.188668 -1240.648127 -1330.688533 -1413.287722 -1480.364430 -1530.028374 -1564.402479 -1587.247415 -1602.179584 -1611.956665 -1618.436288 -1622.787673 -1625.732646 -1627.727216 -1629.072541 -1629.974190 -1630.574496 -1630.971726 -1631.233195 -1631.406366 -1631.531361 -1631.664691 -1632.004482 -1633.688293 -1641.400995 -1646.337116 -1050.310169 -1056.644889 -1042.079940 -1032.910964 -1028.625216 -1028.015074 -1027.952355 -1027.960944 -1027.980145 -1028.000654 -1028.020348 -1028.038575 -1028.055412 -1028.074244 -1028.127943 -1028.487925 -1030.752242 -1035.858378 -1043.700093 -1027.198648 -1624.403090 -1636.687861 -1632.817263 -1631.973086 -1631.839425 -1631.818732 -1631.816228 -1631.816852 -1631.817867 -1631.818750 -1631.819437 -1631.819958 -1631.820357 -1631.820665 -1631.820909 -1631.821106 -1631.821270 -1631.821415 -1631.821556 -1631.821713 -1631.821911 -1631.822185 -1631.822590 -1631.823213 -1631.824193 -1631.825759 -1631.828302 -1631.832499 -1631.839572 -1631.851804 -1631.873578 -1631.913512 -1631.988790 -1632.134059 -1632.420661 -1633.002685 -1634.240212 -1637.058270 -1644.164876 -1665.897192 -9999.0 -9999.0
-9999.0 -9999.0 180.998857 90.437484 -4.527059 -100.746250 -197.448466 -294.320490 -391.189592 -487.926695 -584.300386 -679.715166 -774.563022 -868.545801 -962.362351 -1056.725022 -1149.188668 -1240.648127 -1330.688533 -1413.287722 -1480.364430 -1530.028374 -1564.402479 -1587.247415 -1602.179584 -1611.956665 -1618.436288 -1622.787673 -1625.732646 -1627.727216 -1629.072541 -1629.974190 -1630.574496 -1630.971726 -1631.233195 -1631.406366 -1631.531361 -1631.664691 -1632.004482 -1633.688293 -1641.400995 -1646.337116 -1050.310169 -1056.644889 -1042.079940 -1032.910964 -1028.625216 -1028.015074 -1027.952355 -1027.960944 -1027.980145 -1028.000654 -1028.020348 -1028.038575 -1028.055412 -1028.074244 -1028.127943 -1028.487925 -1030.752242 -1035.858378 -1043.700093 -1027.198648 -1624.403090 -1636.687861 -1632.817263 -1631.973086 -1631.839425 -1631.818732 -1631.816228 -1631.816852 -1631.817867 -1631.818750 -1631.819437 -1631.819958 -1631.820357 -1631.820665 -1631.820909 -1631.821106 -1631.821270 -1631.821415 -1631.821556 -1631.821713 -1631.821911 -1631.822185 -1631.822590 -1631.823213 -1631.824193 -1631.825759 -1631.828302 -1631.832499 -1631.839572 -1631.851804 -1631.873578 -1631.913512 -1631.988790 -1632.134059 -1632.420661 -1633.002685 -1634.240212 -1637.058270 -1644.164876 -1665.897192 -9999.0 -9999.0
-9999.0 -9999.0 180.988107 90.435271 -4.527623 -100.746414 -197.448518 -294.320507 -391.189598 -487.926697 -584.300387 -679.715166 -774.563023 -868.545801 -962.362351 -1056.725022 -1149.188668 -1240.648127 -1330.688532 -1413.287721 -1480.364430 -1530.028374 -1564.402479 -1587.247415 -1602.179584 -1611.956665 -1618.436288 -1622.787673 -1625.732646 -1627.727216 -1629.072541 -1629.974190 -1630.574496 -1630.971726 -1631.233194 -1631.406366 -1631.531361 -1631.664691 -1632.004482 -1633.688293 -1641.400995 -1646.337116 -1050.310169 -1056.644890 -1042.079940 -1032.910964 -1028.625216 -1028.015074 -1027.952355 -1027.960944 -1027.980145 -1028.000654 -1028.020348 -1028.038575 -1028.055412 -1028.074244 -1028.127943 -1028.487925 -1030.752242 -1035.858378 -1043.700093 -1027.198648 -1624.403090 -1636.687861 -1632.817263 -1631.973086 -1631.839425 -1631.818732 -1631.816228 -1631.816852 -1631.817867 -1631.818750 -1631.819437 -1631.819958 -1631.820357 -1631.820665 -1631.820909 -1631.821106 -1631.821270 -1631.821415 -1631.821556 -1631.821713 -1631.821911 -1631.822185 -1631.822590 -1631.823213 -1631.824193 -1631.825759 -1631.828302 -1631.832499 -1631.839572 -1631.851804 -1631.873578 -1631.913512 -1631.988790 -1632.134059 -1632.420661 -1633.002685 -1634.240212 -1637.058270 -1644.164876 -1665.897192 -9999.0 -9999.0
-9999.0 -9999.0 -9999.0 -9999.0 -9999.0 -9999.0 -9999.0 -9999.0 -9999.0 -9999.0 -9999.0 -9999.0 -9999.0 -9999.0 -9999.0 -9999.0 -9999.0 -9999.0 -9999.0 -9999.0 -9999.0 -9999.0 -9999.0 -9999.0 -9999.0 -9999.0 -9999.0 -9999.0 -9999.0 -9999.0 -9999.0 -9999.0 -9999.0 -9999.0 -9999.0 -9999.0 -9999.0 -9999.0 -9999.0 -9999.0 -9999.0 -9999.0 -9999.0 -9999.0 -9999.0 -9999.0 -9999.0 -9999.0 -9999.0 -9999.0 -9999.0 -9999.0 -9999.0 -9999.0 -9999.0 -9999.0 -9999.0 -9999.0 -9999.0 -9999.0 -9999.0 -9999.0 -9999.0 -9999.0 -9999.0 -9999.0 -9999.0 -9999.0 -9999.0 -9999.0 -9999.0 -9999.0 -9999.0 -9999.0 -9999.0 -9999.0 -9999.0 -9999.0 -9999.0 -9999.0 -9999.0 -9999.0 -9999.0 -9999.0 -9999.0 -9999.0 -9999.0 -9999.0 -9999.0 -9999.0 -9999.0 -9999.0 -9999.0 -9999.0 -9999.0 -9999.0 -9999.0 -9999.0 -9999.0 -9999.0 -9999.0 -9999.0 -9999.0 -9999.0
-9999.0 -9999.0 -9999.0 -9999.0 -9999.0 -9999.0 -9999.0 -9999.0 -9999.0 -9999.0 -9999.0 -9999.0 -9999.0 -9999.0 -9999.0 -9999.0 -9999.0 -9999.0 -9999.0 -9999.0 -9999.0 -9999.0 -9999.0 -9999.0 -9999.0 -9999.0 -9999.0 -9999.0 -9999.0 -9999.0 -9999.0 -9999.0 -9999.0 -9999.0 -9999.0 -9999.0 -9999.0 -9999.0 -9999.0 -9999.0 -9999.0 -9999.0 -9999.0 -9999.0 -9999.0 -9999.0 -9999.0 -9999.0 -9999.0 -9999.0 -9999.0 -9999.0 -9999.0 -9999.0 -9999.0 -9999.0 -9999.0 -9999.0 -9999.0 -9999.0 -9999.0 -9999.0 -9999.0 -9999.0 -9999.0 -9999.0 -9999.0 -9999.0 -9999.0 -9999.0 -9999.0 -9999.0 -9999.0 -9999.0 -9999.0 -9999.0 -9999.0 -9999.0 -9999.0 -9999.0 -9999.0 -9999.0 -9999.0 -9999.0 -9999.0 -9999.0 -9999.0 -9999.0 -9999.0 -9999.0 -9999.0 -9999.0 -9999.0 -9999.0 -9999.0 -9999.0 -9999.0 -9999.0 -9999.0 -9999.0 -9999.0 -9999.0 -9999.0 -9999.0