inst/processing_geotop_simulation/geotop_simulation/out/maps3D/PwL0015N0342.asc
ncols         104
nrows         10
xllcorner     -2.000000
yllcorner     0.000000
cellsize      1.000000
NODATA_value  -9999.0
-9999.0 -9999.0 -9999.0 -9999.0 -9999.0 -9999.0 -9999.0 -9999.0 -9999.0 -9999.0 -9999.0 -9999.0 -9999.0 -9999.0 -9999.0 -9999.0 -9999.0 -9999.0 -9999.0 -9999.0 -9999.0 -9999.0 -9999.0 -9999.0 -9999.0 -9999.0 -9999.0 -9999.0 -9999.0 -9999.0 -9999.0 -9999.0 -9999.0 -9999.0 -9999.0 -9999.0 -9999.0 -9999.0 -9999.0 -9999.0 -9999.0 -9999.0 -9999.0 -9999.0 -9999.0 -9999.0 -9999.0 -9999.0 -9999.0 -9999.0 -9999.0 -9999.0 -9999.0 -9999.0 -9999.0 -9999.0 -9999.0 -9999.0 -9999.0 -9999.0 -9999.0 -9999.0 -9999.0 -9999.0 -9999.0 -9999.0 -9999.0 -9999.0 -9999.0 -9999.0 -9999.0 -9999.0 -9999.0 -9999.0 -9999.0 -9999.0 -9999.0 -9999.0 -9999.0 -9999.0 -9999.0 -9999.0 -9999.0 -9999.0 -9999.0 -9999.0 -9999.0 -9999.0 -9999.0 -9999.0 -9999.0 -9999.0 -9999.0 -9999.0 -9999.0 -9999.0 -9999.0 -9999.0 -9999.0 -9999.0 -9999.0 -9999.0 -9999.0 -9999.0
-9999.0 -9999.0 -9999.0 -9999.0 -9999.0 -9999.0 -9999.0 -9999.0 -9999.0 -9999.0 -9999.0 -9999.0 -9999.0 -9999.0 -9999.0 -9999.0 -9999.0 -9999.0 -9999.0 -9999.0 -9999.0 -9999.0 -9999.0 -9999.0 -9999.0 -9999.0 -9999.0 -9999.0 -9999.0 -9999.0 -9999.0 -9999.0 -9999.0 -9999.0 -9999.0 -9999.0 -9999.0 -9999.0 -9999.0 -9999.0 -9999.0 -9999.0 -9999.0 -9999.0 -9999.0 -9999.0 -9999.0 -9999.0 -9999.0 -9999.0 -9999.0 -9999.0 -9999.0 -9999.0 -9999.0 -9999.0 -9999.0 -9999.0 -9999.0 -9999.0 -9999.0 -9999.0 -9999.0 -9999.0 -9999.0 -9999.0 -9999.0 -9999.0 -9999.0 -9999.0 -9999.0 -9999.0 -9999.0 -9999.0 -9999.0 -9999.0 -9999.0 -9999.0 -9999.0 -9999.0 -9999.0 -9999.0 -9999.0 -9999.0 -9999.0 -9999.0 -9999.0 -9999.0 -9999.0 -9999.0 -9999.0 -9999.0 -9999.0 -9999.0 -9999.0 -9999.0 -9999.0 -9999.0 -9999.0 -9999.0 -9999.0 -9999.0 -9999.0 -9999.0
-9999.0 -9999.0 721.673166 623.288932 524.593532 425.666609 326.629082 227.543987 128.443308 29.344368 -69.739586 -168.804953 -267.839851 -366.814411 -465.674670 -564.336228 -662.645484 -760.743433 -858.847281 -956.643946 -1054.003057 -1149.101323 -1238.833235 -1321.744737 -1395.546782 -1458.657458 -1510.516824 -1551.574037 -1583.022799 -1606.442471 -1623.481632 -1635.648157 -1644.207529 -1650.160161 -1654.264249 -1657.079839 -1659.025936 -1660.480812 -1662.075249 -1665.552023 -1675.024340 -1696.234829 -1942.461334 -4162.796359 -4230.544578 -4227.376190 -4224.451286 -4223.961766 -4223.910701 -4223.916044 -4223.929375 -4223.943624 -4223.957270 -4223.969870 -4223.981487 -4223.994597 -4224.033746 -4224.307338 -4226.001995 -4228.622633 -4106.117383 -1744.457349 -1656.464861 -1666.808938 -1664.516508 -1663.418802 -1663.162348 -1663.115275 -1663.107878 -1663.107226 -1663.107620 -1663.108094 -1663.108494 -1663.108812 -1663.109066 -1663.109272 -1663.109443 -1663.109589 -1663.109719 -1663.109840 -1663.109961 -1663.110094 -1663.110254 -1663.110461 -1663.110750 -1663.111174 -1663.111820 -1663.112832 -1663.114461 -1663.117153 -1663.121725 -1663.129735 -1663.144227 -1663.171287 -1663.223411 -1663.327196 -1663.542443 -1664.013312 -1665.113597 -1667.894294 -1675.665311 -1700.565329 -9999.0 -9999.0
-9999.0 -9999.0 721.677218 623.290286 524.593944 425.666738 326.629125 227.544002 128.443314 29.344370 -69.739585 -168.804952 -267.839850 -366.814411 -465.674670 -564.336228 -662.645485 -760.743433 -858.847281 -956.643946 -1054.003057 -1149.101323 -1238.833235 -1321.744737 -1395.546783 -1458.657458 -1510.516824 -1551.574037 -1583.022799 -1606.442471 -1623.481632 -1635.648157 -1644.207529 -1650.160161 -1654.264249 -1657.079839 -1659.025936 -1660.480812 -1662.075249 -1665.552023 -1675.024340 -1696.234829 -1942.461334 -4162.796359 -4230.544578 -4227.376190 -4224.451286 -4223.961766 -4223.910701 -4223.916044 -4223.929375 -4223.943624 -4223.957270 -4223.969870 -4223.981487 -4223.994597 -4224.033746 -4224.307338 -4226.001995 -4228.622633 -4106.117383 -1744.457349 -1656.464861 -1666.808938 -1664.516508 -1663.418802 -1663.162348 -1663.115275 -1663.107878 -1663.107226 -1663.107620 -1663.108094 -1663.108494 -1663.108812 -1663.109066 -1663.109272 -1663.109443 -1663.109589 -1663.109719 -1663.109840 -1663.109961 -1663.110094 -1663.110254 -1663.110461 -1663.110750 -1663.111174 -1663.111820 -1663.112832 -1663.114461 -1663.117153 -1663.121725 -1663.129735 -1663.144227 -1663.171287 -1663.223411 -1663.327196 -1663.542443 -1664.013312 -1665.113597 -1667.894294 -1675.665311 -1700.565329 -9999.0 -9999.0
-9999.0 -9999.0 721.678494 623.290956 524.594219 425.666841 326.629162 227.544016 128.443318 29.344372 -69.739584 -168.804952 -267.839850 -366.814411 -465.674670 -564.336228 -662.645485 -760.743433 -858.847282 -956.643947 -1054.003058 -1149.101323 -1238.833235 -1321.744737 -1395.546783 -1458.657458 -1510.516824 -1551.574037 -1583.022799 -1606.442471 -1623.481632 -1635.648157 -1644.207529 -1650.160161 -1654.264249 -1657.079839 -1659.025936 -1660.480812 -1662.075249 -1665.552023 -1675.024340 -1696.234829 -1942.461334 -4162.796359 -4230.544578 -4227.376190 -4224.451286 -4223.961766 -4223.910701 -4223.916044 -4223.929375 -4223.943624 -4223.957270 -4223.969870 -4223.981487 -4223.994597 -4224.033746 -4224.307338 -4226.001995 -4228.622633 -4106.117383 -1744.457349 -1656.464861 -1666.808938 -1664.516508 -1663.418802 -1663.162348 -1663.115275 -1663.107878 -1663.107226 -1663.107620 -1663.108094 -1663.108494 -1663.108812 -1663.109066 -1663.109272 -1663.109443 -1663.109589 -1663.109719 -1663.109840 -1663.109961 -1663.110094 -1663.110254 -1663.110461 -1663.110750 -1663.111174 -1663.111820 -1663.112832 -1663.114461 -1663.117153 -1663.121725 -1663.129735 -1663.144227 -1663.171287 -1663.223411 -1663.327196 -1663.542443 -1664.013312 -1665.113597 -1667.894294 -1675.665311 -1700.565329 -9999.0 -9999.0
-9999.0 -9999.0 721.678494 623.290956 524.594219 425.666841 326.629162 227.544016 128.443319 29.344372 -69.739584 -168.804952 -267.839850 -366.814411 -465.674670 -564.336228 -662.645485 -760.743433 -858.847282 -956.643947 -1054.003058 -1149.101323 -1238.833235 -1321.744737 -1395.546783 -1458.657458 -1510.516824 -1551.574037 -1583.022799 -1606.442471 -1623.481632 -1635.648157 -1644.207529 -1650.160161 -1654.264249 -1657.079839 -1659.025936 -1660.480812 -1662.075249 -1665.552023 -1675.024340 -1696.234829 -1942.461334 -4162.796359 -4230.544578 -4227.376190 -4224.451286 -4223.961766 -4223.910701 -4223.916044 -4223.929375 -4223.943624 -4223.957270 -4223.969870 -4223.981487 -4223.994597 -4224.033746 -4224.307338 -4226.001995 -4228.622633 -4106.117383 -1744.457349 -1656.464861 -1666.808938 -1664.516508 -1663.418802 -1663.162348 -1663.115275 -1663.107878 -1663.107226 -1663.107620 -1663.108094 -1663.108494 -1663.108812 -1663.109066 -1663.109272 -1663.109443 -1663.109589 -1663.109719 -1663.109840 -1663.109961 -1663.110094 -1663.110254 -1663.110461 -1663.110750 -1663.111174 -1663.111820 -1663.112832 -1663.114461 -1663.117153 -1663.121725 -1663.129735 -1663.144227 -1663.171287 -1663.223411 -1663.327196 -1663.542443 -1664.013312 -1665.113597 -1667.894294 -1675.665311 -1700.565329 -9999.0 -9999.0
-9999.0 -9999.0 721.677218 623.290286 524.593944 425.666738 326.629125 227.544002 128.443313 29.344370 -69.739585 -168.804952 -267.839850 -366.814411 -465.674670 -564.336228 -662.645485 -760.743433 -858.847281 -956.643946 -1054.003057 -1149.101323 -1238.833235 -1321.744737 -1395.546783 -1458.657458 -1510.516824 -1551.574037 -1583.022799 -1606.442471 -1623.481632 -1635.648157 -1644.207529 -1650.160161 -1654.264249 -1657.079839 -1659.025936 -1660.480812 -1662.075249 -1665.552023 -1675.024340 -1696.234829 -1942.461334 -4162.796359 -4230.544578 -4227.376190 -4224.451286 -4223.961766 -4223.910701 -4223.916044 -4223.929375 -4223.943624 -4223.957270 -4223.969870 -4223.981487 -4223.994597 -4224.033746 -4224.307338 -4226.001995 -4228.622633 -4106.117383 -1744.457349 -1656.464861 -1666.808938 -1664.516508 -1663.418802 -1663.162348 -1663.115275 -1663.107878 -1663.107226 -1663.107620 -1663.108094 -1663.108494 -1663.108812 -1663.109066 -1663.109272 -1663.109443 -1663.109589 -1663.109719 -1663.109840 -1663.109961 -1663.110094 -1663.110254 -1663.110461 -1663.110750 -1663.111174 -1663.111820 -1663.112832 -1663.114461 -1663.117153 -1663.121725 -1663.129735 -1663.144227 -1663.171287 -1663.223411 -1663.327196 -1663.542443 -1664.013312 -1665.113597 -1667.894294 -1675.665311 -1700.565329 -9999.0 -9999.0
-9999.0 -9999.0 721.673166 623.288932 524.593532 425.666609 326.629082 227.543987 128.443308 29.344368 -69.739586 -168.804953 -267.839850 -366.814411 -465.674670 -564.336228 -662.645484 -760.743433 -858.847281 -956.643946 -1054.003057 -1149.101323 -1238.833235 -1321.744737 -1395.546782 -1458.657458 -1510.516824 -1551.574037 -1583.022799 -1606.442471 -1623.481632 -1635.648157 -1644.207529 -1650.160161 -1654.264249 -1657.079839 -1659.025936 -1660.480812 -1662.075249 -1665.552023 -1675.024340 -1696.234829 -1942.461334 -4162.796359 -4230.544578 -4227.376190 -4224.451286 -4223.961766 -4223.910701 -4223.916044 -4223.929375 -4223.943624 -4223.957270 -4223.969870 -4223.981487 -4223.994597 -4224.033746 -4224.307338 -4226.001995 -4228.622633 -4106.117383 -1744.457349 -1656.464861 -1666.808938 -1664.516508 -1663.418802 -1663.162348 -1663.115275 -1663.107878 -1663.107226 -1663.107620 -1663.108094 -1663.108494 -1663.108812 -1663.109066 -1663.109272 -1663.109443 -1663.109589 -1663.109719 -1663.109840 -1663.109961 -1663.110094 -1663.110254 -1663.110461 -1663.110750 -1663.111174 -1663.111820 -1663.112832 -1663.114461 -1663.117153 -1663.121725 -1663.129735 -1663.144227 -1663.171287 -1663.223411 -1663.327196 -1663.542443 -1664.013312 -1665.113597 -1667.894294 -1675.665311 -1700.565329 -9999.0 -9999.0
-9999.0 -9999.0 -9999.0 -9999.0 -9999.0 -9999.0 -9999.0 -9999.0 -9999.0 -9999.0 -9999.0 -9999.0 -9999.0 -9999.0 -9999.0 -9999.0 -9999.0 -9999.0 -9999.0 -9999.0 -9999.0 -9999.0 -9999.0 -9999.0 -9999.0 -9999.0 -9999.0 -9999.0 -9999.0 -9999.0 -9999.0 -9999.0 -9999.0 -9999.0 -9999.0 -9999.0 -9999.0 -9999.0 -9999.0 -9999.0 -9999.0 -9999.0 -9999.0 -9999.0 -9999.0 -9999.0 -9999.0 -9999.0 -9999.0 -9999.0 -9999.0 -9999.0 -9999.0 -9999.0 -9999.0 -9999.0 -9999.0 -9999.0 -9999.0 -9999.0 -9999.0 -9999.0 -9999.0 -9999.0 -9999.0 -9999.0 -9999.0 -9999.0 -9999.0 -9999.0 -9999.0 -9999.0 -9999.0 -9999.0 -9999.0 -9999.0 -9999.0 -9999.0 -9999.0 -9999.0 -9999.0 -9999.0 -9999.0 -9999.0 -9999.0 -9999.0 -9999.0 -9999.0 -9999.0 -9999.0 -9999.0 -9999.0 -9999.0 -9999.0 -9999.0 -9999.0 -9999.0 -9999.0 -9999.0 -9999.0 -9999.0 -9999.0 -9999.0 -9999.0
-9999.0 -9999.0 -9999.0 -9999.0 -9999.0 -9999.0 -9999.0 -9999.0 -9999.0 -9999.0 -9999.0 -9999.0 -9999.0 -9999.0 -9999.0 -9999.0 -9999.0 -9999.0 -9999.0 -9999.0 -9999.0 -9999.0 -9999.0 -9999.0 -9999.0 -9999.0 -9999.0 -9999.0 -9999.0 -9999.0 -9999.0 -9999.0 -9999.0 -9999.0 -9999.0 -9999.0 -9999.0 -9999.0 -9999.0 -9999.0 -9999.0 -9999.0 -9999.0 -9999.0 -9999.0 -9999.0 -9999.0 -9999.0 -9999.0 -9999.0 -9999.0 -9999.0 -9999.0 -9999.0 -9999.0 -9999.0 -9999.0 -9999.0 -9999.0 -9999.0 -9999.0 -9999.0 -9999.0 -9999.0 -9999.0 -9999.0 -9999.0 -9999.0 -9999.0 -9999.0 -9999.0 -9999.0 -9999.0 -9999.0 -9999.0 -9999.0 -9999.0 -9999.0 -9999.0 -9999.0 -9999.0 -9999.0 -9999.0 -9999.0 -9999.0 -9999.0 -9999.0 -9999.0 -9999.0 -9999.0 -9999.0 -9999.0 -9999.0 -9999.0 -9999.0 -9999.0 -9999.0 -9999.0 -9999.0 -9999.0 -9999.0 -9999.0 -9999.0 -9999.0