inst/processing_geotop_simulation/geotop_simulation/out/maps3D/PwL0004N0094.asc
ncols         104
nrows         10
xllcorner     -2.000000
yllcorner     0.000000
cellsize      1.000000
NODATA_value  -9999.0
-9999.0 -9999.0 -9999.0 -9999.0 -9999.0 -9999.0 -9999.0 -9999.0 -9999.0 -9999.0 -9999.0 -9999.0 -9999.0 -9999.0 -9999.0 -9999.0 -9999.0 -9999.0 -9999.0 -9999.0 -9999.0 -9999.0 -9999.0 -9999.0 -9999.0 -9999.0 -9999.0 -9999.0 -9999.0 -9999.0 -9999.0 -9999.0 -9999.0 -9999.0 -9999.0 -9999.0 -9999.0 -9999.0 -9999.0 -9999.0 -9999.0 -9999.0 -9999.0 -9999.0 -9999.0 -9999.0 -9999.0 -9999.0 -9999.0 -9999.0 -9999.0 -9999.0 -9999.0 -9999.0 -9999.0 -9999.0 -9999.0 -9999.0 -9999.0 -9999.0 -9999.0 -9999.0 -9999.0 -9999.0 -9999.0 -9999.0 -9999.0 -9999.0 -9999.0 -9999.0 -9999.0 -9999.0 -9999.0 -9999.0 -9999.0 -9999.0 -9999.0 -9999.0 -9999.0 -9999.0 -9999.0 -9999.0 -9999.0 -9999.0 -9999.0 -9999.0 -9999.0 -9999.0 -9999.0 -9999.0 -9999.0 -9999.0 -9999.0 -9999.0 -9999.0 -9999.0 -9999.0 -9999.0 -9999.0 -9999.0 -9999.0 -9999.0 -9999.0 -9999.0
-9999.0 -9999.0 -9999.0 -9999.0 -9999.0 -9999.0 -9999.0 -9999.0 -9999.0 -9999.0 -9999.0 -9999.0 -9999.0 -9999.0 -9999.0 -9999.0 -9999.0 -9999.0 -9999.0 -9999.0 -9999.0 -9999.0 -9999.0 -9999.0 -9999.0 -9999.0 -9999.0 -9999.0 -9999.0 -9999.0 -9999.0 -9999.0 -9999.0 -9999.0 -9999.0 -9999.0 -9999.0 -9999.0 -9999.0 -9999.0 -9999.0 -9999.0 -9999.0 -9999.0 -9999.0 -9999.0 -9999.0 -9999.0 -9999.0 -9999.0 -9999.0 -9999.0 -9999.0 -9999.0 -9999.0 -9999.0 -9999.0 -9999.0 -9999.0 -9999.0 -9999.0 -9999.0 -9999.0 -9999.0 -9999.0 -9999.0 -9999.0 -9999.0 -9999.0 -9999.0 -9999.0 -9999.0 -9999.0 -9999.0 -9999.0 -9999.0 -9999.0 -9999.0 -9999.0 -9999.0 -9999.0 -9999.0 -9999.0 -9999.0 -9999.0 -9999.0 -9999.0 -9999.0 -9999.0 -9999.0 -9999.0 -9999.0 -9999.0 -9999.0 -9999.0 -9999.0 -9999.0 -9999.0 -9999.0 -9999.0 -9999.0 -9999.0 -9999.0 -9999.0
-9999.0 -9999.0 183.751346 96.512129 3.299760 -91.612054 -187.197308 -283.126940 -379.388938 -476.331187 -577.904727 -713.930587 -868.604225 -986.917143 -1089.673234 -1182.809630 -1260.098734 -1305.280371 -1322.403284 -1324.661192 -1321.193180 -1316.961057 -1314.067756 -1313.076303 -1313.812992 -1315.793640 -1318.445535 -1321.251510 -1323.842624 -1326.023789 -1327.740775 -1329.026154 -1329.952046 -1330.598506 -1331.037348 -1331.328175 -1331.527159 -1331.703285 -1331.926436 -1332.629098 -1338.387635 -1366.599218 -923.694740 -926.486466 -909.338634 -898.849425 -893.963592 -893.307662 -893.242888 -893.255679 -893.280548 -893.306918 -893.332216 -893.355617 -893.377117 -893.400081 -893.458172 -893.841969 -896.412157 -902.287877 -912.047285 -897.705082 -1348.511121 -1336.156664 -1332.615886 -1332.089434 -1331.996970 -1331.980532 -1331.979650 -1331.981652 -1331.983786 -1331.985522 -1331.986845 -1331.987842 -1331.988601 -1331.989188 -1331.989651 -1331.990023 -1331.990331 -1331.990601 -1331.990860 -1331.991143 -1331.991494 -1331.991977 -1331.992687 -1331.993774 -1331.995477 -1331.998190 -1332.002568 -1332.009739 -1332.021710 -1332.042171 -1332.078140 -1332.143321 -1332.264890 -1332.497005 -1332.947693 -1333.835231 -1335.622295 -1339.380874 -1347.878767 -1370.198580 -9999.0 -9999.0
-9999.0 -9999.0 183.762339 96.514398 3.300340 -91.611886 -187.197255 -283.126923 -379.388933 -476.331186 -577.904727 -713.930588 -868.604226 -986.917143 -1089.673234 -1182.809630 -1260.098734 -1305.280371 -1322.403284 -1324.661192 -1321.193180 -1316.961057 -1314.067756 -1313.076303 -1313.812992 -1315.793640 -1318.445535 -1321.251510 -1323.842624 -1326.023789 -1327.740775 -1329.026154 -1329.952046 -1330.598506 -1331.037348 -1331.328175 -1331.527159 -1331.703285 -1331.926436 -1332.629098 -1338.387635 -1366.599218 -923.694740 -926.486466 -909.338634 -898.849425 -893.963592 -893.307662 -893.242888 -893.255679 -893.280548 -893.306918 -893.332216 -893.355617 -893.377117 -893.400081 -893.458172 -893.841969 -896.412157 -902.287877 -912.047285 -897.705082 -1348.511121 -1336.156664 -1332.615886 -1332.089434 -1331.996970 -1331.980532 -1331.979650 -1331.981652 -1331.983786 -1331.985522 -1331.986845 -1331.987842 -1331.988601 -1331.989188 -1331.989651 -1331.990023 -1331.990331 -1331.990601 -1331.990860 -1331.991143 -1331.991494 -1331.991977 -1331.992687 -1331.993774 -1331.995477 -1331.998190 -1332.002568 -1332.009739 -1332.021710 -1332.042171 -1332.078140 -1332.143321 -1332.264890 -1332.497005 -1332.947693 -1333.835231 -1335.622295 -1339.380874 -1347.878767 -1370.198580 -9999.0 -9999.0
-9999.0 -9999.0 183.763889 96.515315 3.300705 -91.611754 -187.197209 -283.126906 -379.388927 -476.331184 -577.904726 -713.930588 -868.604226 -986.917143 -1089.673234 -1182.809630 -1260.098734 -1305.280371 -1322.403284 -1324.661192 -1321.193180 -1316.961057 -1314.067756 -1313.076303 -1313.812992 -1315.793640 -1318.445535 -1321.251510 -1323.842624 -1326.023789 -1327.740775 -1329.026154 -1329.952046 -1330.598506 -1331.037348 -1331.328175 -1331.527159 -1331.703285 -1331.926436 -1332.629098 -1338.387635 -1366.599218 -923.694740 -926.486466 -909.338634 -898.849424 -893.963592 -893.307662 -893.242888 -893.255679 -893.280548 -893.306918 -893.332216 -893.355617 -893.377117 -893.400081 -893.458172 -893.841969 -896.412157 -902.287877 -912.047285 -897.705082 -1348.511121 -1336.156664 -1332.615886 -1332.089434 -1331.996970 -1331.980532 -1331.979650 -1331.981652 -1331.983786 -1331.985522 -1331.986845 -1331.987842 -1331.988601 -1331.989188 -1331.989651 -1331.990023 -1331.990331 -1331.990601 -1331.990860 -1331.991143 -1331.991494 -1331.991977 -1331.992687 -1331.993774 -1331.995477 -1331.998190 -1332.002568 -1332.009739 -1332.021710 -1332.042171 -1332.078140 -1332.143321 -1332.264890 -1332.497005 -1332.947693 -1333.835231 -1335.622295 -1339.380874 -1347.878767 -1370.198580 -9999.0 -9999.0
-9999.0 -9999.0 183.763889 96.515315 3.300705 -91.611754 -187.197209 -283.126906 -379.388927 -476.331184 -577.904726 -713.930588 -868.604226 -986.917143 -1089.673234 -1182.809630 -1260.098734 -1305.280371 -1322.403284 -1324.661192 -1321.193180 -1316.961057 -1314.067756 -1313.076303 -1313.812992 -1315.793640 -1318.445535 -1321.251510 -1323.842624 -1326.023789 -1327.740775 -1329.026154 -1329.952046 -1330.598506 -1331.037348 -1331.328175 -1331.527159 -1331.703285 -1331.926436 -1332.629098 -1338.387635 -1366.599218 -923.694740 -926.486466 -909.338634 -898.849424 -893.963592 -893.307662 -893.242888 -893.255679 -893.280548 -893.306918 -893.332216 -893.355617 -893.377117 -893.400081 -893.458172 -893.841969 -896.412157 -902.287877 -912.047285 -897.705082 -1348.511121 -1336.156664 -1332.615886 -1332.089434 -1331.996970 -1331.980532 -1331.979650 -1331.981652 -1331.983786 -1331.985522 -1331.986845 -1331.987842 -1331.988601 -1331.989188 -1331.989651 -1331.990023 -1331.990331 -1331.990601 -1331.990860 -1331.991143 -1331.991494 -1331.991977 -1331.992687 -1331.993774 -1331.995477 -1331.998190 -1332.002568 -1332.009739 -1332.021710 -1332.042171 -1332.078140 -1332.143321 -1332.264890 -1332.497005 -1332.947693 -1333.835231 -1335.622295 -1339.380874 -1347.878767 -1370.198580 -9999.0 -9999.0
-9999.0 -9999.0 183.762339 96.514398 3.300339 -91.611886 -187.197255 -283.126923 -379.388933 -476.331186 -577.904727 -713.930588 -868.604226 -986.917143 -1089.673234 -1182.809630 -1260.098734 -1305.280371 -1322.403284 -1324.661192 -1321.193180 -1316.961057 -1314.067756 -1313.076303 -1313.812992 -1315.793640 -1318.445535 -1321.251510 -1323.842624 -1326.023789 -1327.740775 -1329.026154 -1329.952046 -1330.598506 -1331.037348 -1331.328175 -1331.527159 -1331.703285 -1331.926436 -1332.629098 -1338.387635 -1366.599218 -923.694740 -926.486466 -909.338634 -898.849425 -893.963592 -893.307662 -893.242888 -893.255679 -893.280548 -893.306918 -893.332216 -893.355617 -893.377117 -893.400081 -893.458172 -893.841969 -896.412157 -902.287877 -912.047285 -897.705082 -1348.511121 -1336.156664 -1332.615886 -1332.089434 -1331.996970 -1331.980532 -1331.979650 -1331.981652 -1331.983786 -1331.985522 -1331.986845 -1331.987842 -1331.988601 -1331.989188 -1331.989651 -1331.990023 -1331.990331 -1331.990601 -1331.990860 -1331.991143 -1331.991494 -1331.991977 -1331.992687 -1331.993774 -1331.995477 -1331.998190 -1332.002568 -1332.009739 -1332.021710 -1332.042171 -1332.078140 -1332.143321 -1332.264890 -1332.497005 -1332.947693 -1333.835231 -1335.622295 -1339.380874 -1347.878767 -1370.198580 -9999.0 -9999.0
-9999.0 -9999.0 183.751346 96.512129 3.299760 -91.612054 -187.197308 -283.126940 -379.388938 -476.331187 -577.904727 -713.930587 -868.604225 -986.917143 -1089.673234 -1182.809630 -1260.098734 -1305.280371 -1322.403284 -1324.661192 -1321.193180 -1316.961057 -1314.067756 -1313.076303 -1313.812992 -1315.793640 -1318.445535 -1321.251510 -1323.842624 -1326.023789 -1327.740775 -1329.026154 -1329.952046 -1330.598506 -1331.037348 -1331.328175 -1331.527159 -1331.703285 -1331.926436 -1332.629098 -1338.387635 -1366.599218 -923.694740 -926.486466 -909.338634 -898.849425 -893.963592 -893.307662 -893.242888 -893.255679 -893.280548 -893.306918 -893.332216 -893.355617 -893.377117 -893.400081 -893.458172 -893.841969 -896.412157 -902.287877 -912.047285 -897.705082 -1348.511121 -1336.156664 -1332.615886 -1332.089434 -1331.996970 -1331.980532 -1331.979650 -1331.981652 -1331.983786 -1331.985522 -1331.986845 -1331.987842 -1331.988601 -1331.989188 -1331.989651 -1331.990023 -1331.990331 -1331.990601 -1331.990860 -1331.991143 -1331.991494 -1331.991977 -1331.992687 -1331.993774 -1331.995477 -1331.998190 -1332.002568 -1332.009739 -1332.021710 -1332.042171 -1332.078140 -1332.143321 -1332.264890 -1332.497005 -1332.947693 -1333.835231 -1335.622295 -1339.380874 -1347.878767 -1370.198580 -9999.0 -9999.0
-9999.0 -9999.0 -9999.0 -9999.0 -9999.0 -9999.0 -9999.0 -9999.0 -9999.0 -9999.0 -9999.0 -9999.0 -9999.0 -9999.0 -9999.0 -9999.0 -9999.0 -9999.0 -9999.0 -9999.0 -9999.0 -9999.0 -9999.0 -9999.0 -9999.0 -9999.0 -9999.0 -9999.0 -9999.0 -9999.0 -9999.0 -9999.0 -9999.0 -9999.0 -9999.0 -9999.0 -9999.0 -9999.0 -9999.0 -9999.0 -9999.0 -9999.0 -9999.0 -9999.0 -9999.0 -9999.0 -9999.0 -9999.0 -9999.0 -9999.0 -9999.0 -9999.0 -9999.0 -9999.0 -9999.0 -9999.0 -9999.0 -9999.0 -9999.0 -9999.0 -9999.0 -9999.0 -9999.0 -9999.0 -9999.0 -9999.0 -9999.0 -9999.0 -9999.0 -9999.0 -9999.0 -9999.0 -9999.0 -9999.0 -9999.0 -9999.0 -9999.0 -9999.0 -9999.0 -9999.0 -9999.0 -9999.0 -9999.0 -9999.0 -9999.0 -9999.0 -9999.0 -9999.0 -9999.0 -9999.0 -9999.0 -9999.0 -9999.0 -9999.0 -9999.0 -9999.0 -9999.0 -9999.0 -9999.0 -9999.0 -9999.0 -9999.0 -9999.0 -9999.0
-9999.0 -9999.0 -9999.0 -9999.0 -9999.0 -9999.0 -9999.0 -9999.0 -9999.0 -9999.0 -9999.0 -9999.0 -9999.0 -9999.0 -9999.0 -9999.0 -9999.0 -9999.0 -9999.0 -9999.0 -9999.0 -9999.0 -9999.0 -9999.0 -9999.0 -9999.0 -9999.0 -9999.0 -9999.0 -9999.0 -9999.0 -9999.0 -9999.0 -9999.0 -9999.0 -9999.0 -9999.0 -9999.0 -9999.0 -9999.0 -9999.0 -9999.0 -9999.0 -9999.0 -9999.0 -9999.0 -9999.0 -9999.0 -9999.0 -9999.0 -9999.0 -9999.0 -9999.0 -9999.0 -9999.0 -9999.0 -9999.0 -9999.0 -9999.0 -9999.0 -9999.0 -9999.0 -9999.0 -9999.0 -9999.0 -9999.0 -9999.0 -9999.0 -9999.0 -9999.0 -9999.0 -9999.0 -9999.0 -9999.0 -9999.0 -9999.0 -9999.0 -9999.0 -9999.0 -9999.0 -9999.0 -9999.0 -9999.0 -9999.0 -9999.0 -9999.0 -9999.0 -9999.0 -9999.0 -9999.0 -9999.0 -9999.0 -9999.0 -9999.0 -9999.0 -9999.0 -9999.0 -9999.0 -9999.0 -9999.0 -9999.0 -9999.0 -9999.0 -9999.0