inst/processing_geotop_simulation/geotop_simulation/out/maps3D/PwL0009N0182.asc
ncols         104
nrows         10
xllcorner     -2.000000
yllcorner     0.000000
cellsize      1.000000
NODATA_value  -9999.0
-9999.0 -9999.0 -9999.0 -9999.0 -9999.0 -9999.0 -9999.0 -9999.0 -9999.0 -9999.0 -9999.0 -9999.0 -9999.0 -9999.0 -9999.0 -9999.0 -9999.0 -9999.0 -9999.0 -9999.0 -9999.0 -9999.0 -9999.0 -9999.0 -9999.0 -9999.0 -9999.0 -9999.0 -9999.0 -9999.0 -9999.0 -9999.0 -9999.0 -9999.0 -9999.0 -9999.0 -9999.0 -9999.0 -9999.0 -9999.0 -9999.0 -9999.0 -9999.0 -9999.0 -9999.0 -9999.0 -9999.0 -9999.0 -9999.0 -9999.0 -9999.0 -9999.0 -9999.0 -9999.0 -9999.0 -9999.0 -9999.0 -9999.0 -9999.0 -9999.0 -9999.0 -9999.0 -9999.0 -9999.0 -9999.0 -9999.0 -9999.0 -9999.0 -9999.0 -9999.0 -9999.0 -9999.0 -9999.0 -9999.0 -9999.0 -9999.0 -9999.0 -9999.0 -9999.0 -9999.0 -9999.0 -9999.0 -9999.0 -9999.0 -9999.0 -9999.0 -9999.0 -9999.0 -9999.0 -9999.0 -9999.0 -9999.0 -9999.0 -9999.0 -9999.0 -9999.0 -9999.0 -9999.0 -9999.0 -9999.0 -9999.0 -9999.0 -9999.0 -9999.0
-9999.0 -9999.0 -9999.0 -9999.0 -9999.0 -9999.0 -9999.0 -9999.0 -9999.0 -9999.0 -9999.0 -9999.0 -9999.0 -9999.0 -9999.0 -9999.0 -9999.0 -9999.0 -9999.0 -9999.0 -9999.0 -9999.0 -9999.0 -9999.0 -9999.0 -9999.0 -9999.0 -9999.0 -9999.0 -9999.0 -9999.0 -9999.0 -9999.0 -9999.0 -9999.0 -9999.0 -9999.0 -9999.0 -9999.0 -9999.0 -9999.0 -9999.0 -9999.0 -9999.0 -9999.0 -9999.0 -9999.0 -9999.0 -9999.0 -9999.0 -9999.0 -9999.0 -9999.0 -9999.0 -9999.0 -9999.0 -9999.0 -9999.0 -9999.0 -9999.0 -9999.0 -9999.0 -9999.0 -9999.0 -9999.0 -9999.0 -9999.0 -9999.0 -9999.0 -9999.0 -9999.0 -9999.0 -9999.0 -9999.0 -9999.0 -9999.0 -9999.0 -9999.0 -9999.0 -9999.0 -9999.0 -9999.0 -9999.0 -9999.0 -9999.0 -9999.0 -9999.0 -9999.0 -9999.0 -9999.0 -9999.0 -9999.0 -9999.0 -9999.0 -9999.0 -9999.0 -9999.0 -9999.0 -9999.0 -9999.0 -9999.0 -9999.0 -9999.0 -9999.0
-9999.0 -9999.0 430.812301 337.846793 242.485056 146.084364 49.248858 -47.753992 -144.809786 -241.842368 -338.759888 -435.403220 -531.442081 -626.266919 -720.377670 -814.868434 -909.010865 -1003.030640 -1095.380836 -1182.618174 -1260.779778 -1325.934508 -1376.761239 -1414.326704 -1441.020671 -1459.507572 -1472.110221 -1480.611370 -1486.294082 -1490.057685 -1492.527415 -1494.134513 -1495.173109 -1495.840940 -1496.269137 -1496.545534 -1496.735926 -1496.917905 -1497.337947 -1499.335469 -1509.005373 -1541.765133 -1302.011563 -1480.550059 -1415.523102 -1377.009514 -1359.597968 -1357.344982 -1357.118152 -1357.143394 -1357.204623 -1357.270141 -1357.333031 -1357.391225 -1357.445009 -1357.505617 -1357.684350 -1358.947210 -1367.847951 -1388.309678 -1420.504449 -1221.895416 -1513.608263 -1503.494625 -1498.298073 -1497.315961 -1497.164256 -1497.141251 -1497.138385 -1497.138892 -1497.139838 -1497.140673 -1497.141326 -1497.141823 -1497.142203 -1497.142497 -1497.142731 -1497.142919 -1497.143076 -1497.143216 -1497.143352 -1497.143503 -1497.143694 -1497.143958 -1497.144348 -1497.144949 -1497.145894 -1497.147405 -1497.149860 -1497.153916 -1497.160765 -1497.172629 -1497.193794 -1497.232690 -1497.306175 -1497.448417 -1497.730601 -1498.309394 -1499.558764 -1502.453026 -1509.840487 -1532.309877 -9999.0 -9999.0
-9999.0 -9999.0 430.819594 337.848740 242.485590 146.084524 49.248909 -47.753974 -144.809780 -241.842365 -338.759888 -435.403220 -531.442081 -626.266919 -720.377670 -814.868434 -909.010865 -1003.030640 -1095.380836 -1182.618174 -1260.779779 -1325.934508 -1376.761239 -1414.326705 -1441.020671 -1459.507572 -1472.110221 -1480.611371 -1486.294082 -1490.057685 -1492.527415 -1494.134513 -1495.173109 -1495.840940 -1496.269137 -1496.545534 -1496.735926 -1496.917905 -1497.337947 -1499.335469 -1509.005373 -1541.765133 -1302.011563 -1480.550058 -1415.523101 -1377.009513 -1359.597968 -1357.344982 -1357.118152 -1357.143394 -1357.204623 -1357.270141 -1357.333031 -1357.391225 -1357.445009 -1357.505617 -1357.684350 -1358.947210 -1367.847951 -1388.309678 -1420.504449 -1221.895416 -1513.608263 -1503.494625 -1498.298073 -1497.315961 -1497.164256 -1497.141251 -1497.138385 -1497.138892 -1497.139838 -1497.140673 -1497.141326 -1497.141823 -1497.142203 -1497.142497 -1497.142731 -1497.142919 -1497.143076 -1497.143216 -1497.143352 -1497.143503 -1497.143694 -1497.143958 -1497.144348 -1497.144949 -1497.145894 -1497.147405 -1497.149860 -1497.153916 -1497.160765 -1497.172629 -1497.193794 -1497.232690 -1497.306175 -1497.448417 -1497.730601 -1498.309394 -1499.558764 -1502.453026 -1509.840487 -1532.309877 -9999.0 -9999.0
-9999.0 -9999.0 430.821208 337.849595 242.485933 146.084649 49.248954 -47.753959 -144.809775 -241.842364 -338.759887 -435.403220 -531.442081 -626.266919 -720.377670 -814.868435 -909.010865 -1003.030640 -1095.380836 -1182.618174 -1260.779779 -1325.934508 -1376.761239 -1414.326705 -1441.020671 -1459.507572 -1472.110221 -1480.611371 -1486.294082 -1490.057685 -1492.527415 -1494.134513 -1495.173109 -1495.840940 -1496.269137 -1496.545534 -1496.735926 -1496.917905 -1497.337947 -1499.335469 -1509.005373 -1541.765133 -1302.011563 -1480.550058 -1415.523101 -1377.009512 -1359.597968 -1357.344982 -1357.118152 -1357.143394 -1357.204623 -1357.270141 -1357.333031 -1357.391225 -1357.445009 -1357.505617 -1357.684350 -1358.947210 -1367.847951 -1388.309678 -1420.504449 -1221.895416 -1513.608263 -1503.494625 -1498.298073 -1497.315961 -1497.164256 -1497.141251 -1497.138385 -1497.138892 -1497.139838 -1497.140673 -1497.141326 -1497.141823 -1497.142203 -1497.142497 -1497.142731 -1497.142919 -1497.143076 -1497.143216 -1497.143352 -1497.143503 -1497.143694 -1497.143958 -1497.144348 -1497.144949 -1497.145894 -1497.147405 -1497.149860 -1497.153916 -1497.160765 -1497.172629 -1497.193794 -1497.232690 -1497.306175 -1497.448417 -1497.730601 -1498.309394 -1499.558764 -1502.453026 -1509.840487 -1532.309877 -9999.0 -9999.0
-9999.0 -9999.0 430.821208 337.849595 242.485933 146.084650 49.248953 -47.753958 -144.809775 -241.842363 -338.759887 -435.403220 -531.442081 -626.266919 -720.377670 -814.868435 -909.010865 -1003.030640 -1095.380836 -1182.618174 -1260.779779 -1325.934508 -1376.761239 -1414.326705 -1441.020671 -1459.507572 -1472.110221 -1480.611371 -1486.294082 -1490.057685 -1492.527415 -1494.134513 -1495.173109 -1495.840940 -1496.269137 -1496.545534 -1496.735926 -1496.917905 -1497.337947 -1499.335469 -1509.005373 -1541.765133 -1302.011563 -1480.550058 -1415.523101 -1377.009512 -1359.597968 -1357.344982 -1357.118152 -1357.143394 -1357.204623 -1357.270141 -1357.333031 -1357.391225 -1357.445009 -1357.505617 -1357.684350 -1358.947210 -1367.847951 -1388.309678 -1420.504449 -1221.895416 -1513.608263 -1503.494625 -1498.298073 -1497.315961 -1497.164256 -1497.141251 -1497.138385 -1497.138892 -1497.139838 -1497.140673 -1497.141326 -1497.141823 -1497.142203 -1497.142497 -1497.142731 -1497.142919 -1497.143076 -1497.143216 -1497.143352 -1497.143503 -1497.143694 -1497.143958 -1497.144348 -1497.144949 -1497.145894 -1497.147405 -1497.149860 -1497.153916 -1497.160765 -1497.172629 -1497.193794 -1497.232690 -1497.306175 -1497.448417 -1497.730601 -1498.309394 -1499.558764 -1502.453026 -1509.840487 -1532.309877 -9999.0 -9999.0
-9999.0 -9999.0 430.819594 337.848740 242.485590 146.084523 49.248909 -47.753975 -144.809780 -241.842366 -338.759888 -435.403220 -531.442081 -626.266919 -720.377670 -814.868435 -909.010865 -1003.030640 -1095.380836 -1182.618174 -1260.779779 -1325.934508 -1376.761239 -1414.326705 -1441.020671 -1459.507572 -1472.110221 -1480.611371 -1486.294082 -1490.057685 -1492.527415 -1494.134513 -1495.173109 -1495.840940 -1496.269137 -1496.545534 -1496.735926 -1496.917905 -1497.337947 -1499.335469 -1509.005373 -1541.765133 -1302.011563 -1480.550058 -1415.523101 -1377.009513 -1359.597968 -1357.344982 -1357.118152 -1357.143394 -1357.204623 -1357.270141 -1357.333031 -1357.391225 -1357.445009 -1357.505617 -1357.684350 -1358.947210 -1367.847951 -1388.309678 -1420.504449 -1221.895416 -1513.608263 -1503.494625 -1498.298073 -1497.315961 -1497.164256 -1497.141251 -1497.138385 -1497.138892 -1497.139838 -1497.140673 -1497.141326 -1497.141823 -1497.142203 -1497.142497 -1497.142731 -1497.142919 -1497.143076 -1497.143216 -1497.143352 -1497.143503 -1497.143694 -1497.143958 -1497.144348 -1497.144949 -1497.145894 -1497.147405 -1497.149860 -1497.153916 -1497.160765 -1497.172629 -1497.193794 -1497.232690 -1497.306175 -1497.448417 -1497.730601 -1498.309394 -1499.558764 -1502.453026 -1509.840487 -1532.309877 -9999.0 -9999.0
-9999.0 -9999.0 430.812300 337.846793 242.485056 146.084364 49.248857 -47.753991 -144.809786 -241.842368 -338.759889 -435.403220 -531.442081 -626.266919 -720.377670 -814.868434 -909.010865 -1003.030640 -1095.380836 -1182.618174 -1260.779778 -1325.934508 -1376.761239 -1414.326704 -1441.020671 -1459.507572 -1472.110221 -1480.611370 -1486.294082 -1490.057685 -1492.527415 -1494.134513 -1495.173109 -1495.840940 -1496.269137 -1496.545534 -1496.735926 -1496.917905 -1497.337947 -1499.335469 -1509.005373 -1541.765133 -1302.011563 -1480.550059 -1415.523102 -1377.009514 -1359.597968 -1357.344982 -1357.118152 -1357.143394 -1357.204623 -1357.270141 -1357.333031 -1357.391225 -1357.445009 -1357.505617 -1357.684350 -1358.947210 -1367.847951 -1388.309678 -1420.504449 -1221.895416 -1513.608263 -1503.494625 -1498.298073 -1497.315961 -1497.164256 -1497.141251 -1497.138385 -1497.138892 -1497.139838 -1497.140673 -1497.141326 -1497.141823 -1497.142203 -1497.142497 -1497.142731 -1497.142919 -1497.143076 -1497.143216 -1497.143352 -1497.143503 -1497.143694 -1497.143958 -1497.144348 -1497.144949 -1497.145894 -1497.147405 -1497.149860 -1497.153916 -1497.160765 -1497.172629 -1497.193794 -1497.232690 -1497.306175 -1497.448417 -1497.730601 -1498.309394 -1499.558764 -1502.453026 -1509.840487 -1532.309877 -9999.0 -9999.0
-9999.0 -9999.0 -9999.0 -9999.0 -9999.0 -9999.0 -9999.0 -9999.0 -9999.0 -9999.0 -9999.0 -9999.0 -9999.0 -9999.0 -9999.0 -9999.0 -9999.0 -9999.0 -9999.0 -9999.0 -9999.0 -9999.0 -9999.0 -9999.0 -9999.0 -9999.0 -9999.0 -9999.0 -9999.0 -9999.0 -9999.0 -9999.0 -9999.0 -9999.0 -9999.0 -9999.0 -9999.0 -9999.0 -9999.0 -9999.0 -9999.0 -9999.0 -9999.0 -9999.0 -9999.0 -9999.0 -9999.0 -9999.0 -9999.0 -9999.0 -9999.0 -9999.0 -9999.0 -9999.0 -9999.0 -9999.0 -9999.0 -9999.0 -9999.0 -9999.0 -9999.0 -9999.0 -9999.0 -9999.0 -9999.0 -9999.0 -9999.0 -9999.0 -9999.0 -9999.0 -9999.0 -9999.0 -9999.0 -9999.0 -9999.0 -9999.0 -9999.0 -9999.0 -9999.0 -9999.0 -9999.0 -9999.0 -9999.0 -9999.0 -9999.0 -9999.0 -9999.0 -9999.0 -9999.0 -9999.0 -9999.0 -9999.0 -9999.0 -9999.0 -9999.0 -9999.0 -9999.0 -9999.0 -9999.0 -9999.0 -9999.0 -9999.0 -9999.0 -9999.0
-9999.0 -9999.0 -9999.0 -9999.0 -9999.0 -9999.0 -9999.0 -9999.0 -9999.0 -9999.0 -9999.0 -9999.0 -9999.0 -9999.0 -9999.0 -9999.0 -9999.0 -9999.0 -9999.0 -9999.0 -9999.0 -9999.0 -9999.0 -9999.0 -9999.0 -9999.0 -9999.0 -9999.0 -9999.0 -9999.0 -9999.0 -9999.0 -9999.0 -9999.0 -9999.0 -9999.0 -9999.0 -9999.0 -9999.0 -9999.0 -9999.0 -9999.0 -9999.0 -9999.0 -9999.0 -9999.0 -9999.0 -9999.0 -9999.0 -9999.0 -9999.0 -9999.0 -9999.0 -9999.0 -9999.0 -9999.0 -9999.0 -9999.0 -9999.0 -9999.0 -9999.0 -9999.0 -9999.0 -9999.0 -9999.0 -9999.0 -9999.0 -9999.0 -9999.0 -9999.0 -9999.0 -9999.0 -9999.0 -9999.0 -9999.0 -9999.0 -9999.0 -9999.0 -9999.0 -9999.0 -9999.0 -9999.0 -9999.0 -9999.0 -9999.0 -9999.0 -9999.0 -9999.0 -9999.0 -9999.0 -9999.0 -9999.0 -9999.0 -9999.0 -9999.0 -9999.0 -9999.0 -9999.0 -9999.0 -9999.0 -9999.0 -9999.0 -9999.0 -9999.0