inst/processing_geotop_simulation/geotop_simulation/out/maps3D/PwL0020N0211.asc
ncols         104
nrows         10
xllcorner     -2.000000
yllcorner     0.000000
cellsize      1.000000
NODATA_value  -9999.0
-9999.0 -9999.0 -9999.0 -9999.0 -9999.0 -9999.0 -9999.0 -9999.0 -9999.0 -9999.0 -9999.0 -9999.0 -9999.0 -9999.0 -9999.0 -9999.0 -9999.0 -9999.0 -9999.0 -9999.0 -9999.0 -9999.0 -9999.0 -9999.0 -9999.0 -9999.0 -9999.0 -9999.0 -9999.0 -9999.0 -9999.0 -9999.0 -9999.0 -9999.0 -9999.0 -9999.0 -9999.0 -9999.0 -9999.0 -9999.0 -9999.0 -9999.0 -9999.0 -9999.0 -9999.0 -9999.0 -9999.0 -9999.0 -9999.0 -9999.0 -9999.0 -9999.0 -9999.0 -9999.0 -9999.0 -9999.0 -9999.0 -9999.0 -9999.0 -9999.0 -9999.0 -9999.0 -9999.0 -9999.0 -9999.0 -9999.0 -9999.0 -9999.0 -9999.0 -9999.0 -9999.0 -9999.0 -9999.0 -9999.0 -9999.0 -9999.0 -9999.0 -9999.0 -9999.0 -9999.0 -9999.0 -9999.0 -9999.0 -9999.0 -9999.0 -9999.0 -9999.0 -9999.0 -9999.0 -9999.0 -9999.0 -9999.0 -9999.0 -9999.0 -9999.0 -9999.0 -9999.0 -9999.0 -9999.0 -9999.0 -9999.0 -9999.0 -9999.0 -9999.0
-9999.0 -9999.0 -9999.0 -9999.0 -9999.0 -9999.0 -9999.0 -9999.0 -9999.0 -9999.0 -9999.0 -9999.0 -9999.0 -9999.0 -9999.0 -9999.0 -9999.0 -9999.0 -9999.0 -9999.0 -9999.0 -9999.0 -9999.0 -9999.0 -9999.0 -9999.0 -9999.0 -9999.0 -9999.0 -9999.0 -9999.0 -9999.0 -9999.0 -9999.0 -9999.0 -9999.0 -9999.0 -9999.0 -9999.0 -9999.0 -9999.0 -9999.0 -9999.0 -9999.0 -9999.0 -9999.0 -9999.0 -9999.0 -9999.0 -9999.0 -9999.0 -9999.0 -9999.0 -9999.0 -9999.0 -9999.0 -9999.0 -9999.0 -9999.0 -9999.0 -9999.0 -9999.0 -9999.0 -9999.0 -9999.0 -9999.0 -9999.0 -9999.0 -9999.0 -9999.0 -9999.0 -9999.0 -9999.0 -9999.0 -9999.0 -9999.0 -9999.0 -9999.0 -9999.0 -9999.0 -9999.0 -9999.0 -9999.0 -9999.0 -9999.0 -9999.0 -9999.0 -9999.0 -9999.0 -9999.0 -9999.0 -9999.0 -9999.0 -9999.0 -9999.0 -9999.0 -9999.0 -9999.0 -9999.0 -9999.0 -9999.0 -9999.0 -9999.0 -9999.0
-9999.0 -9999.0 976.136319 879.302790 782.251089 684.812696 587.158243 489.405910 391.621764 293.842052 196.086941 98.367539 0.694082 -96.917842 -194.452580 -291.838552 -388.932874 -485.481291 -581.067018 -674.980034 -769.412281 -862.722810 -954.667974 -1045.027502 -1118.086698 -1180.017350 -1230.256780 -1269.356705 -1298.677798 -1319.977751 -1335.051068 -1345.498123 -1352.623677 -1357.426435 -1360.637128 -1362.775527 -1364.213258 -1365.263920 -1366.469368 -1369.856803 -1384.061802 -1452.000201 -1846.977210 -3927.469233 -3985.130851 -3985.131592 -3984.548610 -3978.141191 -3949.349420 -3871.613553 -3727.268400 -3504.408299 -3319.044208 -3183.222353 -3049.292683 -2905.104813 -2749.680548 -2590.118640 -2435.631546 -2290.584119 -2136.876332 -1518.874316 -1411.632220 -1376.511978 -1368.830301 -1367.407385 -1367.177456 -1367.142538 -1367.137814 -1367.137856 -1367.138575 -1367.139264 -1367.139817 -1367.140245 -1367.140577 -1367.140840 -1367.141050 -1367.141224 -1367.141371 -1367.141504 -1367.141635 -1367.141778 -1367.141955 -1367.142196 -1367.142546 -1367.143076 -1367.143903 -1367.145222 -1367.147364 -1367.150913 -1367.156936 -1367.167441 -1367.186329 -1367.221342 -1367.288179 -1367.419642 -1367.687838 -1368.263362 -1369.580649 -1372.807352 -1381.300295 -1406.493686 -9999.0 -9999.0
-9999.0 -9999.0 976.139480 879.304014 782.251494 684.812830 587.158287 489.405926 391.621769 293.842054 196.086942 98.367540 0.694082 -96.917842 -194.452579 -291.838552 -388.932874 -485.481291 -581.067018 -674.980035 -769.412281 -862.722811 -954.667974 -1045.027502 -1118.086698 -1180.017351 -1230.256781 -1269.356705 -1298.677798 -1319.977751 -1335.051068 -1345.498123 -1352.623677 -1357.426435 -1360.637128 -1362.775527 -1364.213258 -1365.263920 -1366.469368 -1369.856803 -1384.061802 -1452.000201 -1846.977209 -3927.469233 -3985.130851 -3985.131592 -3984.548610 -3978.141191 -3949.349420 -3871.613553 -3727.268397 -3504.408297 -3319.044208 -3183.222353 -3049.292682 -2905.104812 -2749.680547 -2590.118640 -2435.631545 -2290.584119 -2136.876332 -1518.874316 -1411.632220 -1376.511978 -1368.830301 -1367.407385 -1367.177456 -1367.142538 -1367.137814 -1367.137856 -1367.138575 -1367.139264 -1367.139817 -1367.140245 -1367.140577 -1367.140840 -1367.141050 -1367.141224 -1367.141371 -1367.141504 -1367.141635 -1367.141778 -1367.141955 -1367.142196 -1367.142546 -1367.143076 -1367.143903 -1367.145222 -1367.147364 -1367.150913 -1367.156936 -1367.167441 -1367.186329 -1367.221342 -1367.288179 -1367.419642 -1367.687838 -1368.263362 -1369.580649 -1372.807352 -1381.300295 -1406.493686 -9999.0 -9999.0
-9999.0 -9999.0 976.140712 879.304677 782.251775 684.812938 587.158327 489.405940 391.621775 293.842056 196.086943 98.367540 0.694082 -96.917842 -194.452579 -291.838552 -388.932874 -485.481291 -581.067018 -674.980035 -769.412282 -862.722811 -954.667975 -1045.027502 -1118.086699 -1180.017351 -1230.256781 -1269.356705 -1298.677799 -1319.977752 -1335.051068 -1345.498123 -1352.623677 -1357.426435 -1360.637128 -1362.775527 -1364.213258 -1365.263920 -1366.469368 -1369.856803 -1384.061802 -1452.000201 -1846.977209 -3927.469233 -3985.130851 -3985.131592 -3984.548610 -3978.141191 -3949.349420 -3871.613552 -3727.268396 -3504.408297 -3319.044208 -3183.222353 -3049.292682 -2905.104812 -2749.680547 -2590.118639 -2435.631545 -2290.584119 -2136.876332 -1518.874316 -1411.632220 -1376.511978 -1368.830301 -1367.407385 -1367.177456 -1367.142538 -1367.137814 -1367.137856 -1367.138575 -1367.139264 -1367.139817 -1367.140245 -1367.140577 -1367.140840 -1367.141050 -1367.141224 -1367.141371 -1367.141504 -1367.141635 -1367.141778 -1367.141955 -1367.142196 -1367.142546 -1367.143076 -1367.143903 -1367.145222 -1367.147364 -1367.150913 -1367.156936 -1367.167441 -1367.186329 -1367.221342 -1367.288179 -1367.419642 -1367.687838 -1368.263362 -1369.580649 -1372.807352 -1381.300295 -1406.493686 -9999.0 -9999.0
-9999.0 -9999.0 976.140712 879.304677 782.251775 684.812938 587.158327 489.405940 391.621775 293.842057 196.086943 98.367540 0.694082 -96.917842 -194.452579 -291.838552 -388.932874 -485.481291 -581.067018 -674.980035 -769.412282 -862.722811 -954.667975 -1045.027502 -1118.086699 -1180.017351 -1230.256781 -1269.356705 -1298.677799 -1319.977752 -1335.051068 -1345.498123 -1352.623677 -1357.426435 -1360.637128 -1362.775527 -1364.213258 -1365.263920 -1366.469368 -1369.856803 -1384.061802 -1452.000201 -1846.977209 -3927.469233 -3985.130851 -3985.131592 -3984.548610 -3978.141191 -3949.349420 -3871.613552 -3727.268396 -3504.408297 -3319.044208 -3183.222353 -3049.292681 -2905.104812 -2749.680547 -2590.118639 -2435.631545 -2290.584119 -2136.876332 -1518.874316 -1411.632220 -1376.511978 -1368.830301 -1367.407385 -1367.177456 -1367.142538 -1367.137814 -1367.137856 -1367.138575 -1367.139264 -1367.139817 -1367.140245 -1367.140577 -1367.140840 -1367.141050 -1367.141224 -1367.141371 -1367.141504 -1367.141635 -1367.141778 -1367.141955 -1367.142196 -1367.142546 -1367.143076 -1367.143903 -1367.145222 -1367.147364 -1367.150913 -1367.156936 -1367.167441 -1367.186329 -1367.221342 -1367.288179 -1367.419642 -1367.687838 -1368.263362 -1369.580649 -1372.807352 -1381.300295 -1406.493686 -9999.0 -9999.0
-9999.0 -9999.0 976.139480 879.304014 782.251494 684.812830 587.158288 489.405926 391.621770 293.842054 196.086942 98.367540 0.694082 -96.917842 -194.452579 -291.838552 -388.932874 -485.481291 -581.067018 -674.980035 -769.412281 -862.722811 -954.667974 -1045.027502 -1118.086698 -1180.017351 -1230.256781 -1269.356705 -1298.677798 -1319.977751 -1335.051068 -1345.498123 -1352.623677 -1357.426435 -1360.637128 -1362.775527 -1364.213258 -1365.263920 -1366.469368 -1369.856803 -1384.061802 -1452.000201 -1846.977209 -3927.469233 -3985.130851 -3985.131592 -3984.548610 -3978.141191 -3949.349420 -3871.613552 -3727.268397 -3504.408297 -3319.044208 -3183.222353 -3049.292682 -2905.104812 -2749.680548 -2590.118639 -2435.631546 -2290.584119 -2136.876332 -1518.874316 -1411.632220 -1376.511978 -1368.830301 -1367.407385 -1367.177456 -1367.142538 -1367.137814 -1367.137856 -1367.138575 -1367.139264 -1367.139817 -1367.140245 -1367.140577 -1367.140840 -1367.141050 -1367.141224 -1367.141371 -1367.141504 -1367.141635 -1367.141778 -1367.141955 -1367.142196 -1367.142546 -1367.143076 -1367.143903 -1367.145222 -1367.147364 -1367.150913 -1367.156936 -1367.167441 -1367.186329 -1367.221342 -1367.288179 -1367.419642 -1367.687838 -1368.263362 -1369.580649 -1372.807352 -1381.300295 -1406.493686 -9999.0 -9999.0
-9999.0 -9999.0 976.136319 879.302790 782.251089 684.812696 587.158242 489.405910 391.621764 293.842052 196.086941 98.367539 0.694082 -96.917842 -194.452580 -291.838552 -388.932874 -485.481291 -581.067018 -674.980034 -769.412281 -862.722810 -954.667974 -1045.027501 -1118.086698 -1180.017350 -1230.256781 -1269.356705 -1298.677798 -1319.977751 -1335.051068 -1345.498123 -1352.623677 -1357.426435 -1360.637128 -1362.775527 -1364.213258 -1365.263920 -1366.469368 -1369.856803 -1384.061802 -1452.000201 -1846.977210 -3927.469233 -3985.130851 -3985.131592 -3984.548610 -3978.141191 -3949.349420 -3871.613554 -3727.268400 -3504.408299 -3319.044208 -3183.222354 -3049.292682 -2905.104813 -2749.680548 -2590.118640 -2435.631546 -2290.584119 -2136.876333 -1518.874316 -1411.632220 -1376.511978 -1368.830301 -1367.407385 -1367.177456 -1367.142538 -1367.137814 -1367.137856 -1367.138575 -1367.139264 -1367.139817 -1367.140245 -1367.140577 -1367.140840 -1367.141050 -1367.141224 -1367.141371 -1367.141504 -1367.141635 -1367.141778 -1367.141955 -1367.142196 -1367.142546 -1367.143076 -1367.143903 -1367.145222 -1367.147364 -1367.150913 -1367.156936 -1367.167441 -1367.186329 -1367.221342 -1367.288179 -1367.419642 -1367.687838 -1368.263362 -1369.580649 -1372.807352 -1381.300295 -1406.493686 -9999.0 -9999.0
-9999.0 -9999.0 -9999.0 -9999.0 -9999.0 -9999.0 -9999.0 -9999.0 -9999.0 -9999.0 -9999.0 -9999.0 -9999.0 -9999.0 -9999.0 -9999.0 -9999.0 -9999.0 -9999.0 -9999.0 -9999.0 -9999.0 -9999.0 -9999.0 -9999.0 -9999.0 -9999.0 -9999.0 -9999.0 -9999.0 -9999.0 -9999.0 -9999.0 -9999.0 -9999.0 -9999.0 -9999.0 -9999.0 -9999.0 -9999.0 -9999.0 -9999.0 -9999.0 -9999.0 -9999.0 -9999.0 -9999.0 -9999.0 -9999.0 -9999.0 -9999.0 -9999.0 -9999.0 -9999.0 -9999.0 -9999.0 -9999.0 -9999.0 -9999.0 -9999.0 -9999.0 -9999.0 -9999.0 -9999.0 -9999.0 -9999.0 -9999.0 -9999.0 -9999.0 -9999.0 -9999.0 -9999.0 -9999.0 -9999.0 -9999.0 -9999.0 -9999.0 -9999.0 -9999.0 -9999.0 -9999.0 -9999.0 -9999.0 -9999.0 -9999.0 -9999.0 -9999.0 -9999.0 -9999.0 -9999.0 -9999.0 -9999.0 -9999.0 -9999.0 -9999.0 -9999.0 -9999.0 -9999.0 -9999.0 -9999.0 -9999.0 -9999.0 -9999.0 -9999.0
-9999.0 -9999.0 -9999.0 -9999.0 -9999.0 -9999.0 -9999.0 -9999.0 -9999.0 -9999.0 -9999.0 -9999.0 -9999.0 -9999.0 -9999.0 -9999.0 -9999.0 -9999.0 -9999.0 -9999.0 -9999.0 -9999.0 -9999.0 -9999.0 -9999.0 -9999.0 -9999.0 -9999.0 -9999.0 -9999.0 -9999.0 -9999.0 -9999.0 -9999.0 -9999.0 -9999.0 -9999.0 -9999.0 -9999.0 -9999.0 -9999.0 -9999.0 -9999.0 -9999.0 -9999.0 -9999.0 -9999.0 -9999.0 -9999.0 -9999.0 -9999.0 -9999.0 -9999.0 -9999.0 -9999.0 -9999.0 -9999.0 -9999.0 -9999.0 -9999.0 -9999.0 -9999.0 -9999.0 -9999.0 -9999.0 -9999.0 -9999.0 -9999.0 -9999.0 -9999.0 -9999.0 -9999.0 -9999.0 -9999.0 -9999.0 -9999.0 -9999.0 -9999.0 -9999.0 -9999.0 -9999.0 -9999.0 -9999.0 -9999.0 -9999.0 -9999.0 -9999.0 -9999.0 -9999.0 -9999.0 -9999.0 -9999.0 -9999.0 -9999.0 -9999.0 -9999.0 -9999.0 -9999.0 -9999.0 -9999.0 -9999.0 -9999.0 -9999.0 -9999.0