inst/processing_geotop_simulation/geotop_simulation/out/maps3D/PwL0003N0320.asc
ncols         104
nrows         10
xllcorner     -2.000000
yllcorner     0.000000
cellsize      1.000000
NODATA_value  -9999.0
-9999.0 -9999.0 -9999.0 -9999.0 -9999.0 -9999.0 -9999.0 -9999.0 -9999.0 -9999.0 -9999.0 -9999.0 -9999.0 -9999.0 -9999.0 -9999.0 -9999.0 -9999.0 -9999.0 -9999.0 -9999.0 -9999.0 -9999.0 -9999.0 -9999.0 -9999.0 -9999.0 -9999.0 -9999.0 -9999.0 -9999.0 -9999.0 -9999.0 -9999.0 -9999.0 -9999.0 -9999.0 -9999.0 -9999.0 -9999.0 -9999.0 -9999.0 -9999.0 -9999.0 -9999.0 -9999.0 -9999.0 -9999.0 -9999.0 -9999.0 -9999.0 -9999.0 -9999.0 -9999.0 -9999.0 -9999.0 -9999.0 -9999.0 -9999.0 -9999.0 -9999.0 -9999.0 -9999.0 -9999.0 -9999.0 -9999.0 -9999.0 -9999.0 -9999.0 -9999.0 -9999.0 -9999.0 -9999.0 -9999.0 -9999.0 -9999.0 -9999.0 -9999.0 -9999.0 -9999.0 -9999.0 -9999.0 -9999.0 -9999.0 -9999.0 -9999.0 -9999.0 -9999.0 -9999.0 -9999.0 -9999.0 -9999.0 -9999.0 -9999.0 -9999.0 -9999.0 -9999.0 -9999.0 -9999.0 -9999.0 -9999.0 -9999.0 -9999.0 -9999.0
-9999.0 -9999.0 -9999.0 -9999.0 -9999.0 -9999.0 -9999.0 -9999.0 -9999.0 -9999.0 -9999.0 -9999.0 -9999.0 -9999.0 -9999.0 -9999.0 -9999.0 -9999.0 -9999.0 -9999.0 -9999.0 -9999.0 -9999.0 -9999.0 -9999.0 -9999.0 -9999.0 -9999.0 -9999.0 -9999.0 -9999.0 -9999.0 -9999.0 -9999.0 -9999.0 -9999.0 -9999.0 -9999.0 -9999.0 -9999.0 -9999.0 -9999.0 -9999.0 -9999.0 -9999.0 -9999.0 -9999.0 -9999.0 -9999.0 -9999.0 -9999.0 -9999.0 -9999.0 -9999.0 -9999.0 -9999.0 -9999.0 -9999.0 -9999.0 -9999.0 -9999.0 -9999.0 -9999.0 -9999.0 -9999.0 -9999.0 -9999.0 -9999.0 -9999.0 -9999.0 -9999.0 -9999.0 -9999.0 -9999.0 -9999.0 -9999.0 -9999.0 -9999.0 -9999.0 -9999.0 -9999.0 -9999.0 -9999.0 -9999.0 -9999.0 -9999.0 -9999.0 -9999.0 -9999.0 -9999.0 -9999.0 -9999.0 -9999.0 -9999.0 -9999.0 -9999.0 -9999.0 -9999.0 -9999.0 -9999.0 -9999.0 -9999.0 -9999.0 -9999.0
-9999.0 -9999.0 126.165516 29.546001 -68.741506 -167.467759 -266.357087 -365.304520 -464.254707 -563.167605 -661.966791 -760.550273 -858.934028 -957.015732 -1054.977774 -1152.923643 -1250.124495 -1346.188197 -1440.414891 -1531.666186 -1617.722754 -1695.158424 -1760.808226 -1813.326144 -1853.378220 -1882.855619 -1904.007704 -1918.910979 -1929.265123 -1936.375957 -1941.211501 -1944.472455 -1946.656570 -1948.111734 -1949.078042 -1949.721565 -1950.166521 -1950.555059 -1951.263623 -1953.540492 -1957.976293 -1916.848883 -1178.760911 -1180.214384 -1168.730976 -1161.243666 -1157.727513 -1157.189690 -1157.131978 -1157.137714 -1157.152668 -1157.168759 -1157.184226 -1157.198551 -1157.211863 -1157.227473 -1157.276395 -1157.600460 -1159.481026 -1163.655078 -1169.435580 -1159.722104 -1893.166420 -1951.996821 -1952.129914 -1951.287540 -1951.089461 -1951.054881 -1951.049776 -1951.049552 -1951.050056 -1951.050572 -1951.050990 -1951.051312 -1951.051560 -1951.051754 -1951.051908 -1951.052033 -1951.052139 -1951.052234 -1951.052328 -1951.052434 -1951.052566 -1951.052750 -1951.053020 -1951.053436 -1951.054089 -1951.055137 -1951.056844 -1951.059683 -1951.064516 -1951.072969 -1951.088204 -1951.116489 -1951.170493 -1951.276480 -1951.491342 -1951.946985 -1952.976013 -1955.505207 -1962.514304 -1985.641532 -9999.0 -9999.0
-9999.0 -9999.0 126.175782 29.547972 -68.741010 -167.467615 -266.357041 -365.304504 -464.254701 -563.167603 -661.966790 -760.550273 -858.934027 -957.015732 -1054.977774 -1152.923643 -1250.124495 -1346.188197 -1440.414891 -1531.666186 -1617.722754 -1695.158424 -1760.808226 -1813.326144 -1853.378220 -1882.855619 -1904.007704 -1918.910979 -1929.265123 -1936.375957 -1941.211501 -1944.472455 -1946.656570 -1948.111734 -1949.078042 -1949.721565 -1950.166521 -1950.555059 -1951.263623 -1953.540492 -1957.976293 -1916.848883 -1178.760911 -1180.214384 -1168.730976 -1161.243666 -1157.727512 -1157.189690 -1157.131978 -1157.137714 -1157.152668 -1157.168759 -1157.184226 -1157.198551 -1157.211863 -1157.227473 -1157.276395 -1157.600460 -1159.481026 -1163.655078 -1169.435580 -1159.722104 -1893.166420 -1951.996821 -1952.129914 -1951.287540 -1951.089461 -1951.054881 -1951.049776 -1951.049552 -1951.050056 -1951.050572 -1951.050990 -1951.051312 -1951.051560 -1951.051754 -1951.051908 -1951.052033 -1951.052139 -1951.052234 -1951.052328 -1951.052434 -1951.052566 -1951.052750 -1951.053020 -1951.053436 -1951.054089 -1951.055137 -1951.056844 -1951.059683 -1951.064516 -1951.072969 -1951.088204 -1951.116489 -1951.170493 -1951.276480 -1951.491342 -1951.946985 -1952.976013 -1955.505207 -1962.514304 -1985.641532 -9999.0 -9999.0
-9999.0 -9999.0 126.177063 29.548767 -68.740697 -167.467502 -266.357001 -365.304490 -464.254696 -563.167601 -661.966789 -760.550273 -858.934027 -957.015732 -1054.977774 -1152.923643 -1250.124495 -1346.188197 -1440.414891 -1531.666186 -1617.722754 -1695.158424 -1760.808226 -1813.326144 -1853.378220 -1882.855619 -1904.007705 -1918.910979 -1929.265123 -1936.375957 -1941.211501 -1944.472455 -1946.656570 -1948.111734 -1949.078042 -1949.721565 -1950.166521 -1950.555059 -1951.263623 -1953.540492 -1957.976293 -1916.848883 -1178.760911 -1180.214384 -1168.730976 -1161.243665 -1157.727512 -1157.189690 -1157.131978 -1157.137714 -1157.152668 -1157.168759 -1157.184226 -1157.198551 -1157.211863 -1157.227473 -1157.276395 -1157.600460 -1159.481026 -1163.655078 -1169.435580 -1159.722104 -1893.166420 -1951.996821 -1952.129914 -1951.287540 -1951.089461 -1951.054881 -1951.049776 -1951.049552 -1951.050056 -1951.050572 -1951.050990 -1951.051312 -1951.051560 -1951.051754 -1951.051908 -1951.052033 -1951.052139 -1951.052234 -1951.052328 -1951.052434 -1951.052566 -1951.052750 -1951.053020 -1951.053436 -1951.054089 -1951.055137 -1951.056844 -1951.059683 -1951.064516 -1951.072969 -1951.088204 -1951.116489 -1951.170493 -1951.276480 -1951.491342 -1951.946985 -1952.976013 -1955.505207 -1962.514304 -1985.641532 -9999.0 -9999.0
-9999.0 -9999.0 126.177063 29.548767 -68.740697 -167.467502 -266.357001 -365.304490 -464.254696 -563.167601 -661.966789 -760.550273 -858.934027 -957.015732 -1054.977774 -1152.923643 -1250.124495 -1346.188197 -1440.414891 -1531.666186 -1617.722754 -1695.158424 -1760.808226 -1813.326144 -1853.378220 -1882.855619 -1904.007705 -1918.910979 -1929.265123 -1936.375957 -1941.211501 -1944.472455 -1946.656570 -1948.111734 -1949.078042 -1949.721565 -1950.166521 -1950.555059 -1951.263623 -1953.540492 -1957.976293 -1916.848883 -1178.760911 -1180.214384 -1168.730976 -1161.243665 -1157.727512 -1157.189690 -1157.131978 -1157.137714 -1157.152668 -1157.168759 -1157.184226 -1157.198551 -1157.211863 -1157.227473 -1157.276395 -1157.600460 -1159.481026 -1163.655078 -1169.435580 -1159.722104 -1893.166420 -1951.996821 -1952.129914 -1951.287540 -1951.089461 -1951.054881 -1951.049776 -1951.049552 -1951.050056 -1951.050572 -1951.050990 -1951.051312 -1951.051560 -1951.051754 -1951.051908 -1951.052033 -1951.052139 -1951.052234 -1951.052328 -1951.052434 -1951.052566 -1951.052750 -1951.053020 -1951.053436 -1951.054089 -1951.055137 -1951.056844 -1951.059683 -1951.064516 -1951.072969 -1951.088204 -1951.116489 -1951.170493 -1951.276480 -1951.491342 -1951.946985 -1952.976013 -1955.505207 -1962.514304 -1985.641532 -9999.0 -9999.0
-9999.0 -9999.0 126.175782 29.547972 -68.741010 -167.467615 -266.357041 -365.304504 -464.254701 -563.167603 -661.966790 -760.550273 -858.934027 -957.015732 -1054.977774 -1152.923643 -1250.124495 -1346.188197 -1440.414891 -1531.666186 -1617.722754 -1695.158424 -1760.808226 -1813.326144 -1853.378220 -1882.855619 -1904.007704 -1918.910979 -1929.265123 -1936.375957 -1941.211501 -1944.472455 -1946.656570 -1948.111734 -1949.078042 -1949.721565 -1950.166521 -1950.555059 -1951.263623 -1953.540492 -1957.976293 -1916.848883 -1178.760911 -1180.214384 -1168.730976 -1161.243666 -1157.727512 -1157.189690 -1157.131978 -1157.137714 -1157.152668 -1157.168759 -1157.184226 -1157.198551 -1157.211863 -1157.227473 -1157.276395 -1157.600460 -1159.481026 -1163.655078 -1169.435580 -1159.722104 -1893.166420 -1951.996821 -1952.129914 -1951.287540 -1951.089461 -1951.054881 -1951.049776 -1951.049552 -1951.050056 -1951.050572 -1951.050990 -1951.051312 -1951.051560 -1951.051754 -1951.051908 -1951.052033 -1951.052139 -1951.052234 -1951.052328 -1951.052434 -1951.052566 -1951.052750 -1951.053020 -1951.053436 -1951.054089 -1951.055137 -1951.056844 -1951.059683 -1951.064516 -1951.072969 -1951.088204 -1951.116489 -1951.170493 -1951.276480 -1951.491342 -1951.946985 -1952.976013 -1955.505207 -1962.514304 -1985.641532 -9999.0 -9999.0
-9999.0 -9999.0 126.165516 29.546001 -68.741506 -167.467759 -266.357087 -365.304520 -464.254707 -563.167605 -661.966791 -760.550273 -858.934027 -957.015732 -1054.977774 -1152.923643 -1250.124495 -1346.188197 -1440.414891 -1531.666186 -1617.722754 -1695.158424 -1760.808226 -1813.326144 -1853.378220 -1882.855619 -1904.007704 -1918.910979 -1929.265123 -1936.375957 -1941.211501 -1944.472455 -1946.656570 -1948.111734 -1949.078042 -1949.721565 -1950.166521 -1950.555059 -1951.263623 -1953.540492 -1957.976293 -1916.848883 -1178.760911 -1180.214384 -1168.730976 -1161.243666 -1157.727513 -1157.189690 -1157.131978 -1157.137714 -1157.152668 -1157.168759 -1157.184226 -1157.198551 -1157.211863 -1157.227473 -1157.276395 -1157.600460 -1159.481026 -1163.655078 -1169.435580 -1159.722104 -1893.166420 -1951.996821 -1952.129914 -1951.287540 -1951.089461 -1951.054881 -1951.049776 -1951.049552 -1951.050056 -1951.050572 -1951.050990 -1951.051312 -1951.051560 -1951.051754 -1951.051908 -1951.052033 -1951.052139 -1951.052234 -1951.052328 -1951.052434 -1951.052566 -1951.052750 -1951.053020 -1951.053436 -1951.054089 -1951.055137 -1951.056844 -1951.059683 -1951.064516 -1951.072969 -1951.088204 -1951.116489 -1951.170493 -1951.276480 -1951.491342 -1951.946985 -1952.976013 -1955.505207 -1962.514304 -1985.641532 -9999.0 -9999.0
-9999.0 -9999.0 -9999.0 -9999.0 -9999.0 -9999.0 -9999.0 -9999.0 -9999.0 -9999.0 -9999.0 -9999.0 -9999.0 -9999.0 -9999.0 -9999.0 -9999.0 -9999.0 -9999.0 -9999.0 -9999.0 -9999.0 -9999.0 -9999.0 -9999.0 -9999.0 -9999.0 -9999.0 -9999.0 -9999.0 -9999.0 -9999.0 -9999.0 -9999.0 -9999.0 -9999.0 -9999.0 -9999.0 -9999.0 -9999.0 -9999.0 -9999.0 -9999.0 -9999.0 -9999.0 -9999.0 -9999.0 -9999.0 -9999.0 -9999.0 -9999.0 -9999.0 -9999.0 -9999.0 -9999.0 -9999.0 -9999.0 -9999.0 -9999.0 -9999.0 -9999.0 -9999.0 -9999.0 -9999.0 -9999.0 -9999.0 -9999.0 -9999.0 -9999.0 -9999.0 -9999.0 -9999.0 -9999.0 -9999.0 -9999.0 -9999.0 -9999.0 -9999.0 -9999.0 -9999.0 -9999.0 -9999.0 -9999.0 -9999.0 -9999.0 -9999.0 -9999.0 -9999.0 -9999.0 -9999.0 -9999.0 -9999.0 -9999.0 -9999.0 -9999.0 -9999.0 -9999.0 -9999.0 -9999.0 -9999.0 -9999.0 -9999.0 -9999.0 -9999.0
-9999.0 -9999.0 -9999.0 -9999.0 -9999.0 -9999.0 -9999.0 -9999.0 -9999.0 -9999.0 -9999.0 -9999.0 -9999.0 -9999.0 -9999.0 -9999.0 -9999.0 -9999.0 -9999.0 -9999.0 -9999.0 -9999.0 -9999.0 -9999.0 -9999.0 -9999.0 -9999.0 -9999.0 -9999.0 -9999.0 -9999.0 -9999.0 -9999.0 -9999.0 -9999.0 -9999.0 -9999.0 -9999.0 -9999.0 -9999.0 -9999.0 -9999.0 -9999.0 -9999.0 -9999.0 -9999.0 -9999.0 -9999.0 -9999.0 -9999.0 -9999.0 -9999.0 -9999.0 -9999.0 -9999.0 -9999.0 -9999.0 -9999.0 -9999.0 -9999.0 -9999.0 -9999.0 -9999.0 -9999.0 -9999.0 -9999.0 -9999.0 -9999.0 -9999.0 -9999.0 -9999.0 -9999.0 -9999.0 -9999.0 -9999.0 -9999.0 -9999.0 -9999.0 -9999.0 -9999.0 -9999.0 -9999.0 -9999.0 -9999.0 -9999.0 -9999.0 -9999.0 -9999.0 -9999.0 -9999.0 -9999.0 -9999.0 -9999.0 -9999.0 -9999.0 -9999.0 -9999.0 -9999.0 -9999.0 -9999.0 -9999.0 -9999.0 -9999.0 -9999.0