inst/processing_geotop_simulation/geotop_simulation/out/maps3D/PwL0005N0362.asc
ncols         104
nrows         10
xllcorner     -2.000000
yllcorner     0.000000
cellsize      1.000000
NODATA_value  -9999.0
-9999.0 -9999.0 -9999.0 -9999.0 -9999.0 -9999.0 -9999.0 -9999.0 -9999.0 -9999.0 -9999.0 -9999.0 -9999.0 -9999.0 -9999.0 -9999.0 -9999.0 -9999.0 -9999.0 -9999.0 -9999.0 -9999.0 -9999.0 -9999.0 -9999.0 -9999.0 -9999.0 -9999.0 -9999.0 -9999.0 -9999.0 -9999.0 -9999.0 -9999.0 -9999.0 -9999.0 -9999.0 -9999.0 -9999.0 -9999.0 -9999.0 -9999.0 -9999.0 -9999.0 -9999.0 -9999.0 -9999.0 -9999.0 -9999.0 -9999.0 -9999.0 -9999.0 -9999.0 -9999.0 -9999.0 -9999.0 -9999.0 -9999.0 -9999.0 -9999.0 -9999.0 -9999.0 -9999.0 -9999.0 -9999.0 -9999.0 -9999.0 -9999.0 -9999.0 -9999.0 -9999.0 -9999.0 -9999.0 -9999.0 -9999.0 -9999.0 -9999.0 -9999.0 -9999.0 -9999.0 -9999.0 -9999.0 -9999.0 -9999.0 -9999.0 -9999.0 -9999.0 -9999.0 -9999.0 -9999.0 -9999.0 -9999.0 -9999.0 -9999.0 -9999.0 -9999.0 -9999.0 -9999.0 -9999.0 -9999.0 -9999.0 -9999.0 -9999.0 -9999.0
-9999.0 -9999.0 -9999.0 -9999.0 -9999.0 -9999.0 -9999.0 -9999.0 -9999.0 -9999.0 -9999.0 -9999.0 -9999.0 -9999.0 -9999.0 -9999.0 -9999.0 -9999.0 -9999.0 -9999.0 -9999.0 -9999.0 -9999.0 -9999.0 -9999.0 -9999.0 -9999.0 -9999.0 -9999.0 -9999.0 -9999.0 -9999.0 -9999.0 -9999.0 -9999.0 -9999.0 -9999.0 -9999.0 -9999.0 -9999.0 -9999.0 -9999.0 -9999.0 -9999.0 -9999.0 -9999.0 -9999.0 -9999.0 -9999.0 -9999.0 -9999.0 -9999.0 -9999.0 -9999.0 -9999.0 -9999.0 -9999.0 -9999.0 -9999.0 -9999.0 -9999.0 -9999.0 -9999.0 -9999.0 -9999.0 -9999.0 -9999.0 -9999.0 -9999.0 -9999.0 -9999.0 -9999.0 -9999.0 -9999.0 -9999.0 -9999.0 -9999.0 -9999.0 -9999.0 -9999.0 -9999.0 -9999.0 -9999.0 -9999.0 -9999.0 -9999.0 -9999.0 -9999.0 -9999.0 -9999.0 -9999.0 -9999.0 -9999.0 -9999.0 -9999.0 -9999.0 -9999.0 -9999.0 -9999.0 -9999.0 -9999.0 -9999.0 -9999.0 -9999.0
-9999.0 -9999.0 225.015159 127.448404 28.800014 -70.181053 -169.291177 -268.452011 -367.621845 -466.772807 -565.868030 -664.821498 -763.586120 -862.214240 -960.731015 -1059.256653 -1157.503232 -1254.944130 -1351.202629 -1445.396678 -1535.881509 -1619.911166 -1694.276845 -1756.676557 -1806.519295 -1844.741364 -1873.135203 -1893.721454 -1908.368683 -1918.635587 -1925.745642 -1930.621493 -1933.939069 -1936.182665 -1937.693659 -1938.712004 -1939.416846 -1939.998939 -1940.890723 -1943.300464 -1946.782088 -1902.211283 -1189.595888 -1203.607428 -1189.356483 -1179.950847 -1175.544959 -1174.874608 -1174.802524 -1174.809008 -1174.826781 -1174.845937 -1174.864353 -1174.881412 -1174.897283 -1174.916078 -1174.976245 -1175.377772 -1177.723981 -1182.925137 -1189.663793 -1165.596477 -1875.947997 -1940.479477 -1941.863090 -1941.094522 -1940.882668 -1940.843014 -1940.836841 -1940.836373 -1940.836782 -1940.837240 -1940.837618 -1940.837912 -1940.838141 -1940.838320 -1940.838464 -1940.838583 -1940.838684 -1940.838776 -1940.838867 -1940.838969 -1940.839096 -1940.839270 -1940.839525 -1940.839912 -1940.840518 -1940.841487 -1940.843065 -1940.845691 -1940.850168 -1940.858021 -1940.872218 -1940.898668 -1940.949386 -1941.049554 -1941.254615 -1941.695555 -1942.708756 -1945.248619 -1952.418608 -1976.171545 -9999.0 -9999.0
-9999.0 -9999.0 225.023651 127.450248 28.800489 -70.180914 -169.291133 -268.451996 -367.621839 -466.772805 -565.868029 -664.821498 -763.586119 -862.214240 -960.731015 -1059.256653 -1157.503232 -1254.944130 -1351.202629 -1445.396678 -1535.881509 -1619.911166 -1694.276845 -1756.676557 -1806.519295 -1844.741365 -1873.135203 -1893.721454 -1908.368684 -1918.635587 -1925.745642 -1930.621493 -1933.939069 -1936.182665 -1937.693659 -1938.712004 -1939.416846 -1939.998939 -1940.890723 -1943.300464 -1946.782088 -1902.211283 -1189.595888 -1203.607428 -1189.356483 -1179.950847 -1175.544959 -1174.874608 -1174.802524 -1174.809008 -1174.826781 -1174.845937 -1174.864353 -1174.881412 -1174.897283 -1174.916078 -1174.976245 -1175.377772 -1177.723981 -1182.925137 -1189.663793 -1165.596477 -1875.947997 -1940.479477 -1941.863090 -1941.094522 -1940.882668 -1940.843014 -1940.836841 -1940.836373 -1940.836782 -1940.837240 -1940.837618 -1940.837912 -1940.838141 -1940.838320 -1940.838464 -1940.838583 -1940.838684 -1940.838776 -1940.838867 -1940.838969 -1940.839096 -1940.839270 -1940.839525 -1940.839912 -1940.840518 -1940.841487 -1940.843065 -1940.845691 -1940.850168 -1940.858021 -1940.872218 -1940.898668 -1940.949386 -1941.049554 -1941.254615 -1941.695555 -1942.708756 -1945.248619 -1952.418608 -1976.171545 -9999.0 -9999.0
-9999.0 -9999.0 225.024985 127.451009 28.800790 -70.180805 -169.291094 -268.451982 -367.621834 -466.772803 -565.868028 -664.821497 -763.586119 -862.214240 -960.731015 -1059.256653 -1157.503232 -1254.944130 -1351.202629 -1445.396678 -1535.881509 -1619.911167 -1694.276845 -1756.676557 -1806.519295 -1844.741365 -1873.135203 -1893.721454 -1908.368684 -1918.635587 -1925.745642 -1930.621493 -1933.939069 -1936.182665 -1937.693659 -1938.712004 -1939.416846 -1939.998939 -1940.890723 -1943.300464 -1946.782088 -1902.211283 -1189.595888 -1203.607428 -1189.356483 -1179.950847 -1175.544959 -1174.874608 -1174.802524 -1174.809008 -1174.826781 -1174.845937 -1174.864353 -1174.881412 -1174.897283 -1174.916078 -1174.976245 -1175.377772 -1177.723981 -1182.925137 -1189.663793 -1165.596477 -1875.947997 -1940.479477 -1941.863090 -1941.094522 -1940.882668 -1940.843014 -1940.836841 -1940.836373 -1940.836782 -1940.837240 -1940.837618 -1940.837912 -1940.838141 -1940.838320 -1940.838464 -1940.838583 -1940.838684 -1940.838776 -1940.838867 -1940.838969 -1940.839096 -1940.839270 -1940.839525 -1940.839912 -1940.840518 -1940.841487 -1940.843065 -1940.845691 -1940.850168 -1940.858021 -1940.872218 -1940.898668 -1940.949386 -1941.049554 -1941.254615 -1941.695555 -1942.708756 -1945.248619 -1952.418608 -1976.171545 -9999.0 -9999.0
-9999.0 -9999.0 225.024985 127.451009 28.800790 -70.180805 -169.291094 -268.451982 -367.621834 -466.772803 -565.868028 -664.821497 -763.586119 -862.214240 -960.731015 -1059.256653 -1157.503232 -1254.944130 -1351.202629 -1445.396678 -1535.881509 -1619.911167 -1694.276845 -1756.676557 -1806.519295 -1844.741365 -1873.135203 -1893.721454 -1908.368684 -1918.635587 -1925.745642 -1930.621493 -1933.939069 -1936.182665 -1937.693659 -1938.712004 -1939.416846 -1939.998939 -1940.890723 -1943.300464 -1946.782088 -1902.211283 -1189.595888 -1203.607428 -1189.356483 -1179.950847 -1175.544959 -1174.874608 -1174.802524 -1174.809008 -1174.826781 -1174.845937 -1174.864353 -1174.881412 -1174.897283 -1174.916078 -1174.976245 -1175.377772 -1177.723981 -1182.925137 -1189.663793 -1165.596477 -1875.947997 -1940.479477 -1941.863090 -1941.094522 -1940.882668 -1940.843014 -1940.836841 -1940.836373 -1940.836782 -1940.837240 -1940.837618 -1940.837912 -1940.838141 -1940.838320 -1940.838464 -1940.838583 -1940.838684 -1940.838776 -1940.838867 -1940.838969 -1940.839096 -1940.839270 -1940.839525 -1940.839912 -1940.840518 -1940.841487 -1940.843065 -1940.845691 -1940.850168 -1940.858021 -1940.872218 -1940.898668 -1940.949386 -1941.049554 -1941.254615 -1941.695555 -1942.708756 -1945.248619 -1952.418608 -1976.171545 -9999.0 -9999.0
-9999.0 -9999.0 225.023651 127.450248 28.800489 -70.180914 -169.291133 -268.451996 -367.621839 -466.772805 -565.868029 -664.821498 -763.586119 -862.214240 -960.731015 -1059.256653 -1157.503232 -1254.944130 -1351.202629 -1445.396678 -1535.881509 -1619.911166 -1694.276845 -1756.676557 -1806.519295 -1844.741365 -1873.135203 -1893.721454 -1908.368684 -1918.635587 -1925.745642 -1930.621493 -1933.939069 -1936.182665 -1937.693659 -1938.712004 -1939.416846 -1939.998939 -1940.890723 -1943.300464 -1946.782088 -1902.211283 -1189.595888 -1203.607428 -1189.356483 -1179.950847 -1175.544959 -1174.874608 -1174.802524 -1174.809008 -1174.826781 -1174.845937 -1174.864353 -1174.881412 -1174.897283 -1174.916078 -1174.976245 -1175.377772 -1177.723981 -1182.925137 -1189.663793 -1165.596477 -1875.947997 -1940.479477 -1941.863090 -1941.094522 -1940.882668 -1940.843014 -1940.836841 -1940.836373 -1940.836782 -1940.837240 -1940.837618 -1940.837912 -1940.838141 -1940.838320 -1940.838464 -1940.838583 -1940.838684 -1940.838776 -1940.838867 -1940.838969 -1940.839096 -1940.839270 -1940.839525 -1940.839912 -1940.840518 -1940.841487 -1940.843065 -1940.845691 -1940.850168 -1940.858021 -1940.872218 -1940.898668 -1940.949386 -1941.049554 -1941.254615 -1941.695555 -1942.708756 -1945.248619 -1952.418608 -1976.171545 -9999.0 -9999.0
-9999.0 -9999.0 225.015159 127.448404 28.800014 -70.181053 -169.291177 -268.452011 -367.621845 -466.772807 -565.868030 -664.821498 -763.586120 -862.214240 -960.731015 -1059.256653 -1157.503232 -1254.944130 -1351.202629 -1445.396678 -1535.881509 -1619.911166 -1694.276845 -1756.676557 -1806.519295 -1844.741364 -1873.135203 -1893.721454 -1908.368683 -1918.635587 -1925.745642 -1930.621493 -1933.939069 -1936.182665 -1937.693659 -1938.712004 -1939.416846 -1939.998939 -1940.890723 -1943.300464 -1946.782088 -1902.211283 -1189.595888 -1203.607428 -1189.356483 -1179.950847 -1175.544959 -1174.874608 -1174.802524 -1174.809008 -1174.826781 -1174.845937 -1174.864353 -1174.881412 -1174.897283 -1174.916078 -1174.976245 -1175.377772 -1177.723981 -1182.925137 -1189.663793 -1165.596477 -1875.947997 -1940.479477 -1941.863090 -1941.094522 -1940.882668 -1940.843014 -1940.836841 -1940.836373 -1940.836782 -1940.837240 -1940.837618 -1940.837912 -1940.838141 -1940.838320 -1940.838464 -1940.838583 -1940.838684 -1940.838776 -1940.838867 -1940.838969 -1940.839096 -1940.839270 -1940.839525 -1940.839912 -1940.840518 -1940.841487 -1940.843065 -1940.845691 -1940.850168 -1940.858021 -1940.872218 -1940.898668 -1940.949386 -1941.049554 -1941.254615 -1941.695555 -1942.708756 -1945.248619 -1952.418608 -1976.171545 -9999.0 -9999.0
-9999.0 -9999.0 -9999.0 -9999.0 -9999.0 -9999.0 -9999.0 -9999.0 -9999.0 -9999.0 -9999.0 -9999.0 -9999.0 -9999.0 -9999.0 -9999.0 -9999.0 -9999.0 -9999.0 -9999.0 -9999.0 -9999.0 -9999.0 -9999.0 -9999.0 -9999.0 -9999.0 -9999.0 -9999.0 -9999.0 -9999.0 -9999.0 -9999.0 -9999.0 -9999.0 -9999.0 -9999.0 -9999.0 -9999.0 -9999.0 -9999.0 -9999.0 -9999.0 -9999.0 -9999.0 -9999.0 -9999.0 -9999.0 -9999.0 -9999.0 -9999.0 -9999.0 -9999.0 -9999.0 -9999.0 -9999.0 -9999.0 -9999.0 -9999.0 -9999.0 -9999.0 -9999.0 -9999.0 -9999.0 -9999.0 -9999.0 -9999.0 -9999.0 -9999.0 -9999.0 -9999.0 -9999.0 -9999.0 -9999.0 -9999.0 -9999.0 -9999.0 -9999.0 -9999.0 -9999.0 -9999.0 -9999.0 -9999.0 -9999.0 -9999.0 -9999.0 -9999.0 -9999.0 -9999.0 -9999.0 -9999.0 -9999.0 -9999.0 -9999.0 -9999.0 -9999.0 -9999.0 -9999.0 -9999.0 -9999.0 -9999.0 -9999.0 -9999.0 -9999.0
-9999.0 -9999.0 -9999.0 -9999.0 -9999.0 -9999.0 -9999.0 -9999.0 -9999.0 -9999.0 -9999.0 -9999.0 -9999.0 -9999.0 -9999.0 -9999.0 -9999.0 -9999.0 -9999.0 -9999.0 -9999.0 -9999.0 -9999.0 -9999.0 -9999.0 -9999.0 -9999.0 -9999.0 -9999.0 -9999.0 -9999.0 -9999.0 -9999.0 -9999.0 -9999.0 -9999.0 -9999.0 -9999.0 -9999.0 -9999.0 -9999.0 -9999.0 -9999.0 -9999.0 -9999.0 -9999.0 -9999.0 -9999.0 -9999.0 -9999.0 -9999.0 -9999.0 -9999.0 -9999.0 -9999.0 -9999.0 -9999.0 -9999.0 -9999.0 -9999.0 -9999.0 -9999.0 -9999.0 -9999.0 -9999.0 -9999.0 -9999.0 -9999.0 -9999.0 -9999.0 -9999.0 -9999.0 -9999.0 -9999.0 -9999.0 -9999.0 -9999.0 -9999.0 -9999.0 -9999.0 -9999.0 -9999.0 -9999.0 -9999.0 -9999.0 -9999.0 -9999.0 -9999.0 -9999.0 -9999.0 -9999.0 -9999.0 -9999.0 -9999.0 -9999.0 -9999.0 -9999.0 -9999.0 -9999.0 -9999.0 -9999.0 -9999.0 -9999.0 -9999.0