inst/processing_geotop_simulation/geotop_simulation/out/maps3D/PwL0007N0107.asc
ncols         104
nrows         10
xllcorner     -2.000000
yllcorner     0.000000
cellsize      1.000000
NODATA_value  -9999.0
-9999.0 -9999.0 -9999.0 -9999.0 -9999.0 -9999.0 -9999.0 -9999.0 -9999.0 -9999.0 -9999.0 -9999.0 -9999.0 -9999.0 -9999.0 -9999.0 -9999.0 -9999.0 -9999.0 -9999.0 -9999.0 -9999.0 -9999.0 -9999.0 -9999.0 -9999.0 -9999.0 -9999.0 -9999.0 -9999.0 -9999.0 -9999.0 -9999.0 -9999.0 -9999.0 -9999.0 -9999.0 -9999.0 -9999.0 -9999.0 -9999.0 -9999.0 -9999.0 -9999.0 -9999.0 -9999.0 -9999.0 -9999.0 -9999.0 -9999.0 -9999.0 -9999.0 -9999.0 -9999.0 -9999.0 -9999.0 -9999.0 -9999.0 -9999.0 -9999.0 -9999.0 -9999.0 -9999.0 -9999.0 -9999.0 -9999.0 -9999.0 -9999.0 -9999.0 -9999.0 -9999.0 -9999.0 -9999.0 -9999.0 -9999.0 -9999.0 -9999.0 -9999.0 -9999.0 -9999.0 -9999.0 -9999.0 -9999.0 -9999.0 -9999.0 -9999.0 -9999.0 -9999.0 -9999.0 -9999.0 -9999.0 -9999.0 -9999.0 -9999.0 -9999.0 -9999.0 -9999.0 -9999.0 -9999.0 -9999.0 -9999.0 -9999.0 -9999.0 -9999.0
-9999.0 -9999.0 -9999.0 -9999.0 -9999.0 -9999.0 -9999.0 -9999.0 -9999.0 -9999.0 -9999.0 -9999.0 -9999.0 -9999.0 -9999.0 -9999.0 -9999.0 -9999.0 -9999.0 -9999.0 -9999.0 -9999.0 -9999.0 -9999.0 -9999.0 -9999.0 -9999.0 -9999.0 -9999.0 -9999.0 -9999.0 -9999.0 -9999.0 -9999.0 -9999.0 -9999.0 -9999.0 -9999.0 -9999.0 -9999.0 -9999.0 -9999.0 -9999.0 -9999.0 -9999.0 -9999.0 -9999.0 -9999.0 -9999.0 -9999.0 -9999.0 -9999.0 -9999.0 -9999.0 -9999.0 -9999.0 -9999.0 -9999.0 -9999.0 -9999.0 -9999.0 -9999.0 -9999.0 -9999.0 -9999.0 -9999.0 -9999.0 -9999.0 -9999.0 -9999.0 -9999.0 -9999.0 -9999.0 -9999.0 -9999.0 -9999.0 -9999.0 -9999.0 -9999.0 -9999.0 -9999.0 -9999.0 -9999.0 -9999.0 -9999.0 -9999.0 -9999.0 -9999.0 -9999.0 -9999.0 -9999.0 -9999.0 -9999.0 -9999.0 -9999.0 -9999.0 -9999.0 -9999.0 -9999.0 -9999.0 -9999.0 -9999.0 -9999.0 -9999.0
-9999.0 -9999.0 337.975045 251.822048 160.283816 66.747419 -27.574186 -122.210278 -216.964314 -311.746435 -406.579008 -502.284192 -603.824393 -718.648959 -825.811403 -929.163255 -1028.479564 -1118.532301 -1203.266887 -1254.568991 -1279.350803 -1289.567811 -1293.030466 -1294.120079 -1294.855400 -1295.931610 -1297.396327 -1299.048578 -1300.662422 -1302.084610 -1303.248418 -1304.150306 -1304.821204 -1305.304378 -1305.642745 -1305.875029 -1306.041852 -1306.198266 -1306.439436 -1307.469286 -1314.964697 -1356.944839 -1117.677020 -1176.759877 -1135.432540 -1110.956522 -1099.745272 -1098.314858 -1098.172507 -1098.191185 -1098.233264 -1098.278141 -1098.321201 -1098.361035 -1098.397767 -1098.438361 -1098.552503 -1099.353211 -1105.097635 -1118.256495 -1140.383867 -1058.717683 -1335.126605 -1311.879045 -1307.208458 -1306.566684 -1306.466902 -1306.449947 -1306.448594 -1306.450139 -1306.451900 -1306.453353 -1306.454466 -1306.455306 -1306.455946 -1306.456442 -1306.456833 -1306.457148 -1306.457409 -1306.457638 -1306.457859 -1306.458102 -1306.458404 -1306.458821 -1306.459436 -1306.460378 -1306.461856 -1306.464212 -1306.468019 -1306.474270 -1306.484730 -1306.502665 -1306.534303 -1306.591833 -1306.699453 -1306.905514 -1307.307214 -1308.104893 -1309.738450 -1313.269312 -1321.532133 -1344.038135 -9999.0 -9999.0
-9999.0 -9999.0 337.983922 251.824222 160.284396 66.747590 -27.574132 -122.210260 -216.964308 -311.746433 -406.579007 -502.284192 -603.824394 -718.648959 -825.811403 -929.163255 -1028.479564 -1118.532301 -1203.266887 -1254.568991 -1279.350803 -1289.567811 -1293.030466 -1294.120079 -1294.855400 -1295.931610 -1297.396327 -1299.048578 -1300.662422 -1302.084610 -1303.248418 -1304.150306 -1304.821204 -1305.304378 -1305.642745 -1305.875029 -1306.041852 -1306.198266 -1306.439436 -1307.469286 -1314.964697 -1356.944839 -1117.677020 -1176.759877 -1135.432539 -1110.956521 -1099.745272 -1098.314858 -1098.172507 -1098.191185 -1098.233264 -1098.278141 -1098.321201 -1098.361035 -1098.397767 -1098.438361 -1098.552503 -1099.353211 -1105.097635 -1118.256495 -1140.383867 -1058.717683 -1335.126605 -1311.879045 -1307.208458 -1306.566684 -1306.466902 -1306.449947 -1306.448594 -1306.450139 -1306.451900 -1306.453353 -1306.454466 -1306.455306 -1306.455946 -1306.456442 -1306.456833 -1306.457148 -1306.457409 -1306.457638 -1306.457859 -1306.458102 -1306.458404 -1306.458821 -1306.459436 -1306.460378 -1306.461856 -1306.464212 -1306.468019 -1306.474270 -1306.484730 -1306.502665 -1306.534303 -1306.591833 -1306.699453 -1306.905514 -1307.307214 -1308.104893 -1309.738450 -1313.269312 -1321.532133 -1344.038135 -9999.0 -9999.0
-9999.0 -9999.0 337.985603 251.825141 160.284764 66.747725 -27.574084 -122.210243 -216.964302 -311.746431 -406.579007 -502.284192 -603.824393 -718.648960 -825.811403 -929.163255 -1028.479564 -1118.532301 -1203.266887 -1254.568991 -1279.350803 -1289.567811 -1293.030466 -1294.120079 -1294.855400 -1295.931610 -1297.396327 -1299.048578 -1300.662422 -1302.084610 -1303.248418 -1304.150306 -1304.821204 -1305.304378 -1305.642745 -1305.875029 -1306.041852 -1306.198266 -1306.439436 -1307.469286 -1314.964697 -1356.944839 -1117.677020 -1176.759877 -1135.432539 -1110.956521 -1099.745272 -1098.314858 -1098.172507 -1098.191185 -1098.233264 -1098.278141 -1098.321201 -1098.361035 -1098.397767 -1098.438361 -1098.552503 -1099.353211 -1105.097635 -1118.256495 -1140.383867 -1058.717683 -1335.126605 -1311.879045 -1307.208458 -1306.566684 -1306.466902 -1306.449947 -1306.448594 -1306.450139 -1306.451900 -1306.453353 -1306.454466 -1306.455306 -1306.455946 -1306.456442 -1306.456833 -1306.457148 -1306.457409 -1306.457638 -1306.457859 -1306.458102 -1306.458404 -1306.458821 -1306.459436 -1306.460378 -1306.461856 -1306.464212 -1306.468019 -1306.474270 -1306.484730 -1306.502665 -1306.534303 -1306.591833 -1306.699453 -1306.905514 -1307.307214 -1308.104893 -1309.738450 -1313.269312 -1321.532133 -1344.038135 -9999.0 -9999.0
-9999.0 -9999.0 337.985603 251.825141 160.284763 66.747725 -27.574084 -122.210243 -216.964302 -311.746431 -406.579007 -502.284192 -603.824394 -718.648960 -825.811403 -929.163255 -1028.479564 -1118.532301 -1203.266887 -1254.568991 -1279.350803 -1289.567811 -1293.030466 -1294.120079 -1294.855400 -1295.931610 -1297.396327 -1299.048578 -1300.662422 -1302.084610 -1303.248418 -1304.150306 -1304.821204 -1305.304378 -1305.642745 -1305.875029 -1306.041852 -1306.198266 -1306.439436 -1307.469286 -1314.964697 -1356.944839 -1117.677020 -1176.759877 -1135.432539 -1110.956521 -1099.745272 -1098.314858 -1098.172507 -1098.191185 -1098.233264 -1098.278141 -1098.321201 -1098.361035 -1098.397767 -1098.438361 -1098.552503 -1099.353211 -1105.097635 -1118.256495 -1140.383867 -1058.717683 -1335.126605 -1311.879045 -1307.208458 -1306.566684 -1306.466902 -1306.449947 -1306.448594 -1306.450139 -1306.451900 -1306.453353 -1306.454466 -1306.455306 -1306.455946 -1306.456442 -1306.456833 -1306.457148 -1306.457409 -1306.457638 -1306.457859 -1306.458102 -1306.458404 -1306.458821 -1306.459436 -1306.460378 -1306.461856 -1306.464212 -1306.468019 -1306.474270 -1306.484730 -1306.502665 -1306.534303 -1306.591833 -1306.699453 -1306.905514 -1307.307214 -1308.104893 -1309.738450 -1313.269312 -1321.532133 -1344.038135 -9999.0 -9999.0
-9999.0 -9999.0 337.983922 251.824222 160.284396 66.747590 -27.574132 -122.210260 -216.964308 -311.746433 -406.579007 -502.284192 -603.824393 -718.648959 -825.811403 -929.163255 -1028.479564 -1118.532301 -1203.266887 -1254.568991 -1279.350803 -1289.567811 -1293.030466 -1294.120079 -1294.855400 -1295.931610 -1297.396327 -1299.048578 -1300.662422 -1302.084610 -1303.248418 -1304.150306 -1304.821204 -1305.304378 -1305.642745 -1305.875029 -1306.041852 -1306.198266 -1306.439436 -1307.469286 -1314.964697 -1356.944839 -1117.677020 -1176.759877 -1135.432539 -1110.956521 -1099.745272 -1098.314858 -1098.172507 -1098.191185 -1098.233264 -1098.278141 -1098.321201 -1098.361035 -1098.397767 -1098.438361 -1098.552503 -1099.353211 -1105.097635 -1118.256495 -1140.383867 -1058.717683 -1335.126605 -1311.879045 -1307.208458 -1306.566684 -1306.466902 -1306.449947 -1306.448594 -1306.450139 -1306.451900 -1306.453353 -1306.454466 -1306.455306 -1306.455946 -1306.456442 -1306.456833 -1306.457148 -1306.457409 -1306.457638 -1306.457859 -1306.458102 -1306.458404 -1306.458821 -1306.459436 -1306.460378 -1306.461856 -1306.464212 -1306.468019 -1306.474270 -1306.484730 -1306.502665 -1306.534303 -1306.591833 -1306.699453 -1306.905514 -1307.307214 -1308.104893 -1309.738450 -1313.269312 -1321.532133 -1344.038135 -9999.0 -9999.0
-9999.0 -9999.0 337.975045 251.822048 160.283816 66.747419 -27.574186 -122.210278 -216.964314 -311.746435 -406.579008 -502.284192 -603.824393 -718.648959 -825.811403 -929.163255 -1028.479564 -1118.532301 -1203.266887 -1254.568991 -1279.350803 -1289.567811 -1293.030466 -1294.120079 -1294.855400 -1295.931610 -1297.396327 -1299.048578 -1300.662422 -1302.084610 -1303.248418 -1304.150306 -1304.821204 -1305.304378 -1305.642745 -1305.875029 -1306.041852 -1306.198266 -1306.439436 -1307.469286 -1314.964697 -1356.944839 -1117.677020 -1176.759877 -1135.432540 -1110.956522 -1099.745272 -1098.314858 -1098.172507 -1098.191185 -1098.233264 -1098.278141 -1098.321201 -1098.361035 -1098.397767 -1098.438361 -1098.552503 -1099.353211 -1105.097635 -1118.256495 -1140.383867 -1058.717683 -1335.126605 -1311.879045 -1307.208458 -1306.566684 -1306.466902 -1306.449947 -1306.448594 -1306.450139 -1306.451900 -1306.453353 -1306.454466 -1306.455306 -1306.455946 -1306.456442 -1306.456833 -1306.457148 -1306.457409 -1306.457638 -1306.457859 -1306.458102 -1306.458404 -1306.458821 -1306.459436 -1306.460378 -1306.461856 -1306.464212 -1306.468019 -1306.474270 -1306.484730 -1306.502665 -1306.534303 -1306.591833 -1306.699453 -1306.905514 -1307.307214 -1308.104893 -1309.738450 -1313.269312 -1321.532133 -1344.038135 -9999.0 -9999.0
-9999.0 -9999.0 -9999.0 -9999.0 -9999.0 -9999.0 -9999.0 -9999.0 -9999.0 -9999.0 -9999.0 -9999.0 -9999.0 -9999.0 -9999.0 -9999.0 -9999.0 -9999.0 -9999.0 -9999.0 -9999.0 -9999.0 -9999.0 -9999.0 -9999.0 -9999.0 -9999.0 -9999.0 -9999.0 -9999.0 -9999.0 -9999.0 -9999.0 -9999.0 -9999.0 -9999.0 -9999.0 -9999.0 -9999.0 -9999.0 -9999.0 -9999.0 -9999.0 -9999.0 -9999.0 -9999.0 -9999.0 -9999.0 -9999.0 -9999.0 -9999.0 -9999.0 -9999.0 -9999.0 -9999.0 -9999.0 -9999.0 -9999.0 -9999.0 -9999.0 -9999.0 -9999.0 -9999.0 -9999.0 -9999.0 -9999.0 -9999.0 -9999.0 -9999.0 -9999.0 -9999.0 -9999.0 -9999.0 -9999.0 -9999.0 -9999.0 -9999.0 -9999.0 -9999.0 -9999.0 -9999.0 -9999.0 -9999.0 -9999.0 -9999.0 -9999.0 -9999.0 -9999.0 -9999.0 -9999.0 -9999.0 -9999.0 -9999.0 -9999.0 -9999.0 -9999.0 -9999.0 -9999.0 -9999.0 -9999.0 -9999.0 -9999.0 -9999.0 -9999.0
-9999.0 -9999.0 -9999.0 -9999.0 -9999.0 -9999.0 -9999.0 -9999.0 -9999.0 -9999.0 -9999.0 -9999.0 -9999.0 -9999.0 -9999.0 -9999.0 -9999.0 -9999.0 -9999.0 -9999.0 -9999.0 -9999.0 -9999.0 -9999.0 -9999.0 -9999.0 -9999.0 -9999.0 -9999.0 -9999.0 -9999.0 -9999.0 -9999.0 -9999.0 -9999.0 -9999.0 -9999.0 -9999.0 -9999.0 -9999.0 -9999.0 -9999.0 -9999.0 -9999.0 -9999.0 -9999.0 -9999.0 -9999.0 -9999.0 -9999.0 -9999.0 -9999.0 -9999.0 -9999.0 -9999.0 -9999.0 -9999.0 -9999.0 -9999.0 -9999.0 -9999.0 -9999.0 -9999.0 -9999.0 -9999.0 -9999.0 -9999.0 -9999.0 -9999.0 -9999.0 -9999.0 -9999.0 -9999.0 -9999.0 -9999.0 -9999.0 -9999.0 -9999.0 -9999.0 -9999.0 -9999.0 -9999.0 -9999.0 -9999.0 -9999.0 -9999.0 -9999.0 -9999.0 -9999.0 -9999.0 -9999.0 -9999.0 -9999.0 -9999.0 -9999.0 -9999.0 -9999.0 -9999.0 -9999.0 -9999.0 -9999.0 -9999.0 -9999.0 -9999.0