inst/processing_geotop_simulation/geotop_simulation/out/maps3D/PwL0018N0477.asc
ncols         104
nrows         10
xllcorner     -2.000000
yllcorner     0.000000
cellsize      1.000000
NODATA_value  -9999.0
-9999.0 -9999.0 -9999.0 -9999.0 -9999.0 -9999.0 -9999.0 -9999.0 -9999.0 -9999.0 -9999.0 -9999.0 -9999.0 -9999.0 -9999.0 -9999.0 -9999.0 -9999.0 -9999.0 -9999.0 -9999.0 -9999.0 -9999.0 -9999.0 -9999.0 -9999.0 -9999.0 -9999.0 -9999.0 -9999.0 -9999.0 -9999.0 -9999.0 -9999.0 -9999.0 -9999.0 -9999.0 -9999.0 -9999.0 -9999.0 -9999.0 -9999.0 -9999.0 -9999.0 -9999.0 -9999.0 -9999.0 -9999.0 -9999.0 -9999.0 -9999.0 -9999.0 -9999.0 -9999.0 -9999.0 -9999.0 -9999.0 -9999.0 -9999.0 -9999.0 -9999.0 -9999.0 -9999.0 -9999.0 -9999.0 -9999.0 -9999.0 -9999.0 -9999.0 -9999.0 -9999.0 -9999.0 -9999.0 -9999.0 -9999.0 -9999.0 -9999.0 -9999.0 -9999.0 -9999.0 -9999.0 -9999.0 -9999.0 -9999.0 -9999.0 -9999.0 -9999.0 -9999.0 -9999.0 -9999.0 -9999.0 -9999.0 -9999.0 -9999.0 -9999.0 -9999.0 -9999.0 -9999.0 -9999.0 -9999.0 -9999.0 -9999.0 -9999.0 -9999.0
-9999.0 -9999.0 -9999.0 -9999.0 -9999.0 -9999.0 -9999.0 -9999.0 -9999.0 -9999.0 -9999.0 -9999.0 -9999.0 -9999.0 -9999.0 -9999.0 -9999.0 -9999.0 -9999.0 -9999.0 -9999.0 -9999.0 -9999.0 -9999.0 -9999.0 -9999.0 -9999.0 -9999.0 -9999.0 -9999.0 -9999.0 -9999.0 -9999.0 -9999.0 -9999.0 -9999.0 -9999.0 -9999.0 -9999.0 -9999.0 -9999.0 -9999.0 -9999.0 -9999.0 -9999.0 -9999.0 -9999.0 -9999.0 -9999.0 -9999.0 -9999.0 -9999.0 -9999.0 -9999.0 -9999.0 -9999.0 -9999.0 -9999.0 -9999.0 -9999.0 -9999.0 -9999.0 -9999.0 -9999.0 -9999.0 -9999.0 -9999.0 -9999.0 -9999.0 -9999.0 -9999.0 -9999.0 -9999.0 -9999.0 -9999.0 -9999.0 -9999.0 -9999.0 -9999.0 -9999.0 -9999.0 -9999.0 -9999.0 -9999.0 -9999.0 -9999.0 -9999.0 -9999.0 -9999.0 -9999.0 -9999.0 -9999.0 -9999.0 -9999.0 -9999.0 -9999.0 -9999.0 -9999.0 -9999.0 -9999.0 -9999.0 -9999.0 -9999.0 -9999.0
-9999.0 -9999.0 868.729030 769.532786 670.240419 570.841273 471.386691 371.907831 272.421386 172.936366 73.457769 -26.009851 -125.464038 -224.903707 -324.319681 -423.696159 -523.004331 -622.193874 -721.181289 -820.228345 -919.117597 -1017.752526 -1115.965126 -1210.832146 -1301.530194 -1386.044928 -1462.431259 -1529.182029 -1585.511233 -1631.454730 -1667.767461 -1695.683984 -1716.647173 -1732.087083 -1743.283564 -1751.309063 -1757.039267 -1761.249742 -1764.892862 -1769.569697 -1776.650520 -1781.643503 -1907.698352 -3980.541441 -4084.136285 -4084.154880 -4084.094806 -4083.586490 -4081.593885 -4076.082417 -4063.284430 -4033.272079 -3993.641320 -3952.074472 -3896.977950 -3817.190384 -3700.824193 -3541.684447 -3346.953444 -3134.195810 -2833.538433 -1656.857294 -1736.957673 -1769.221865 -1771.091115 -1770.430497 -1770.165403 -1770.103122 -1770.091545 -1770.090035 -1770.090279 -1770.090759 -1770.091219 -1770.091628 -1770.091993 -1770.092327 -1770.092639 -1770.092939 -1770.093232 -1770.093525 -1770.093827 -1770.094146 -1770.094495 -1770.094893 -1770.095368 -1770.095964 -1770.096753 -1770.097859 -1770.099491 -1770.102029 -1770.106178 -1770.113287 -1770.126026 -1770.149816 -1770.196061 -1770.289908 -1770.490260 -1770.944731 -1772.049963 -1774.959184 -1783.340879 -1810.043154 -9999.0 -9999.0
-9999.0 -9999.0 868.731988 769.533868 670.240765 570.841385 471.386729 371.907845 272.421391 172.936368 73.457770 -26.009851 -125.464038 -224.903707 -324.319680 -423.696159 -523.004331 -622.193875 -721.181289 -820.228345 -919.117597 -1017.752526 -1115.965126 -1210.832146 -1301.530194 -1386.044928 -1462.431259 -1529.182029 -1585.511233 -1631.454730 -1667.767461 -1695.683984 -1716.647173 -1732.087083 -1743.283564 -1751.309063 -1757.039267 -1761.249742 -1764.892862 -1769.569697 -1776.650520 -1781.643503 -1907.698351 -3980.541441 -4084.136285 -4084.154880 -4084.094806 -4083.586490 -4081.593885 -4076.082417 -4063.284430 -4033.272079 -3993.641320 -3952.074472 -3896.977949 -3817.190384 -3700.824192 -3541.684446 -3346.953443 -3134.195809 -2833.538433 -1656.857294 -1736.957673 -1769.221865 -1771.091115 -1770.430497 -1770.165403 -1770.103122 -1770.091545 -1770.090035 -1770.090279 -1770.090759 -1770.091219 -1770.091628 -1770.091993 -1770.092327 -1770.092639 -1770.092939 -1770.093232 -1770.093525 -1770.093827 -1770.094146 -1770.094495 -1770.094893 -1770.095368 -1770.095964 -1770.096753 -1770.097859 -1770.099491 -1770.102029 -1770.106178 -1770.113287 -1770.126026 -1770.149816 -1770.196061 -1770.289908 -1770.490260 -1770.944731 -1772.049963 -1774.959184 -1783.340879 -1810.043154 -9999.0 -9999.0
-9999.0 -9999.0 868.733054 769.534435 670.241002 570.841475 471.386762 371.907857 272.421396 172.936370 73.457771 -26.009850 -125.464038 -224.903707 -324.319680 -423.696159 -523.004331 -622.193875 -721.181289 -820.228345 -919.117597 -1017.752526 -1115.965126 -1210.832146 -1301.530194 -1386.044929 -1462.431259 -1529.182029 -1585.511233 -1631.454730 -1667.767461 -1695.683984 -1716.647173 -1732.087083 -1743.283564 -1751.309063 -1757.039267 -1761.249742 -1764.892862 -1769.569697 -1776.650520 -1781.643503 -1907.698351 -3980.541441 -4084.136285 -4084.154880 -4084.094806 -4083.586490 -4081.593885 -4076.082416 -4063.284430 -4033.272079 -3993.641320 -3952.074472 -3896.977949 -3817.190384 -3700.824192 -3541.684446 -3346.953443 -3134.195809 -2833.538433 -1656.857294 -1736.957673 -1769.221865 -1771.091115 -1770.430497 -1770.165403 -1770.103122 -1770.091545 -1770.090035 -1770.090279 -1770.090759 -1770.091219 -1770.091628 -1770.091993 -1770.092327 -1770.092639 -1770.092939 -1770.093232 -1770.093525 -1770.093827 -1770.094146 -1770.094495 -1770.094893 -1770.095368 -1770.095964 -1770.096753 -1770.097859 -1770.099491 -1770.102029 -1770.106178 -1770.113287 -1770.126026 -1770.149816 -1770.196061 -1770.289908 -1770.490260 -1770.944731 -1772.049963 -1774.959184 -1783.340879 -1810.043154 -9999.0 -9999.0
-9999.0 -9999.0 868.733054 769.534435 670.241002 570.841475 471.386762 371.907857 272.421396 172.936370 73.457771 -26.009850 -125.464038 -224.903707 -324.319680 -423.696159 -523.004331 -622.193875 -721.181289 -820.228345 -919.117597 -1017.752526 -1115.965126 -1210.832146 -1301.530194 -1386.044929 -1462.431259 -1529.182029 -1585.511233 -1631.454730 -1667.767461 -1695.683984 -1716.647173 -1732.087083 -1743.283564 -1751.309063 -1757.039267 -1761.249742 -1764.892862 -1769.569697 -1776.650520 -1781.643503 -1907.698351 -3980.541441 -4084.136285 -4084.154880 -4084.094806 -4083.586490 -4081.593885 -4076.082416 -4063.284430 -4033.272079 -3993.641320 -3952.074472 -3896.977949 -3817.190384 -3700.824191 -3541.684446 -3346.953443 -3134.195809 -2833.538433 -1656.857294 -1736.957673 -1769.221865 -1771.091115 -1770.430497 -1770.165403 -1770.103122 -1770.091545 -1770.090035 -1770.090279 -1770.090759 -1770.091219 -1770.091628 -1770.091993 -1770.092327 -1770.092639 -1770.092939 -1770.093232 -1770.093525 -1770.093827 -1770.094146 -1770.094495 -1770.094893 -1770.095368 -1770.095964 -1770.096753 -1770.097859 -1770.099491 -1770.102029 -1770.106178 -1770.113287 -1770.126026 -1770.149816 -1770.196061 -1770.289908 -1770.490260 -1770.944731 -1772.049963 -1774.959184 -1783.340879 -1810.043154 -9999.0 -9999.0
-9999.0 -9999.0 868.731988 769.533868 670.240765 570.841385 471.386729 371.907845 272.421391 172.936368 73.457770 -26.009851 -125.464038 -224.903707 -324.319681 -423.696159 -523.004331 -622.193875 -721.181289 -820.228345 -919.117597 -1017.752526 -1115.965126 -1210.832146 -1301.530194 -1386.044928 -1462.431259 -1529.182029 -1585.511233 -1631.454730 -1667.767461 -1695.683984 -1716.647173 -1732.087083 -1743.283564 -1751.309063 -1757.039267 -1761.249742 -1764.892862 -1769.569697 -1776.650520 -1781.643503 -1907.698351 -3980.541441 -4084.136285 -4084.154880 -4084.094806 -4083.586490 -4081.593885 -4076.082416 -4063.284430 -4033.272079 -3993.641320 -3952.074472 -3896.977949 -3817.190384 -3700.824192 -3541.684446 -3346.953443 -3134.195809 -2833.538433 -1656.857294 -1736.957673 -1769.221865 -1771.091115 -1770.430497 -1770.165403 -1770.103122 -1770.091545 -1770.090035 -1770.090279 -1770.090759 -1770.091219 -1770.091628 -1770.091993 -1770.092327 -1770.092639 -1770.092939 -1770.093232 -1770.093525 -1770.093827 -1770.094146 -1770.094495 -1770.094893 -1770.095368 -1770.095964 -1770.096753 -1770.097859 -1770.099491 -1770.102029 -1770.106178 -1770.113287 -1770.126026 -1770.149816 -1770.196061 -1770.289908 -1770.490260 -1770.944731 -1772.049963 -1774.959184 -1783.340879 -1810.043154 -9999.0 -9999.0
-9999.0 -9999.0 868.729030 769.532786 670.240419 570.841273 471.386691 371.907831 272.421386 172.936366 73.457769 -26.009851 -125.464038 -224.903707 -324.319681 -423.696159 -523.004331 -622.193874 -721.181289 -820.228345 -919.117597 -1017.752526 -1115.965126 -1210.832146 -1301.530194 -1386.044928 -1462.431259 -1529.182029 -1585.511233 -1631.454730 -1667.767461 -1695.683984 -1716.647173 -1732.087083 -1743.283564 -1751.309063 -1757.039267 -1761.249742 -1764.892862 -1769.569697 -1776.650520 -1781.643503 -1907.698352 -3980.541441 -4084.136285 -4084.154880 -4084.094806 -4083.586490 -4081.593885 -4076.082417 -4063.284430 -4033.272079 -3993.641320 -3952.074473 -3896.977949 -3817.190385 -3700.824192 -3541.684447 -3346.953444 -3134.195810 -2833.538434 -1656.857294 -1736.957673 -1769.221865 -1771.091115 -1770.430497 -1770.165403 -1770.103122 -1770.091545 -1770.090035 -1770.090279 -1770.090759 -1770.091219 -1770.091628 -1770.091993 -1770.092327 -1770.092639 -1770.092939 -1770.093232 -1770.093525 -1770.093827 -1770.094146 -1770.094495 -1770.094893 -1770.095368 -1770.095964 -1770.096753 -1770.097859 -1770.099491 -1770.102029 -1770.106178 -1770.113287 -1770.126026 -1770.149816 -1770.196061 -1770.289908 -1770.490260 -1770.944731 -1772.049963 -1774.959184 -1783.340879 -1810.043154 -9999.0 -9999.0
-9999.0 -9999.0 -9999.0 -9999.0 -9999.0 -9999.0 -9999.0 -9999.0 -9999.0 -9999.0 -9999.0 -9999.0 -9999.0 -9999.0 -9999.0 -9999.0 -9999.0 -9999.0 -9999.0 -9999.0 -9999.0 -9999.0 -9999.0 -9999.0 -9999.0 -9999.0 -9999.0 -9999.0 -9999.0 -9999.0 -9999.0 -9999.0 -9999.0 -9999.0 -9999.0 -9999.0 -9999.0 -9999.0 -9999.0 -9999.0 -9999.0 -9999.0 -9999.0 -9999.0 -9999.0 -9999.0 -9999.0 -9999.0 -9999.0 -9999.0 -9999.0 -9999.0 -9999.0 -9999.0 -9999.0 -9999.0 -9999.0 -9999.0 -9999.0 -9999.0 -9999.0 -9999.0 -9999.0 -9999.0 -9999.0 -9999.0 -9999.0 -9999.0 -9999.0 -9999.0 -9999.0 -9999.0 -9999.0 -9999.0 -9999.0 -9999.0 -9999.0 -9999.0 -9999.0 -9999.0 -9999.0 -9999.0 -9999.0 -9999.0 -9999.0 -9999.0 -9999.0 -9999.0 -9999.0 -9999.0 -9999.0 -9999.0 -9999.0 -9999.0 -9999.0 -9999.0 -9999.0 -9999.0 -9999.0 -9999.0 -9999.0 -9999.0 -9999.0 -9999.0
-9999.0 -9999.0 -9999.0 -9999.0 -9999.0 -9999.0 -9999.0 -9999.0 -9999.0 -9999.0 -9999.0 -9999.0 -9999.0 -9999.0 -9999.0 -9999.0 -9999.0 -9999.0 -9999.0 -9999.0 -9999.0 -9999.0 -9999.0 -9999.0 -9999.0 -9999.0 -9999.0 -9999.0 -9999.0 -9999.0 -9999.0 -9999.0 -9999.0 -9999.0 -9999.0 -9999.0 -9999.0 -9999.0 -9999.0 -9999.0 -9999.0 -9999.0 -9999.0 -9999.0 -9999.0 -9999.0 -9999.0 -9999.0 -9999.0 -9999.0 -9999.0 -9999.0 -9999.0 -9999.0 -9999.0 -9999.0 -9999.0 -9999.0 -9999.0 -9999.0 -9999.0 -9999.0 -9999.0 -9999.0 -9999.0 -9999.0 -9999.0 -9999.0 -9999.0 -9999.0 -9999.0 -9999.0 -9999.0 -9999.0 -9999.0 -9999.0 -9999.0 -9999.0 -9999.0 -9999.0 -9999.0 -9999.0 -9999.0 -9999.0 -9999.0 -9999.0 -9999.0 -9999.0 -9999.0 -9999.0 -9999.0 -9999.0 -9999.0 -9999.0 -9999.0 -9999.0 -9999.0 -9999.0 -9999.0 -9999.0 -9999.0 -9999.0 -9999.0 -9999.0