inst/processing_geotop_simulation/geotop_simulation/out/maps3D/PwL0001N0150.asc
ncols         104
nrows         10
xllcorner     -2.000000
yllcorner     0.000000
cellsize      1.000000
NODATA_value  -9999.0
-9999.0 -9999.0 -9999.0 -9999.0 -9999.0 -9999.0 -9999.0 -9999.0 -9999.0 -9999.0 -9999.0 -9999.0 -9999.0 -9999.0 -9999.0 -9999.0 -9999.0 -9999.0 -9999.0 -9999.0 -9999.0 -9999.0 -9999.0 -9999.0 -9999.0 -9999.0 -9999.0 -9999.0 -9999.0 -9999.0 -9999.0 -9999.0 -9999.0 -9999.0 -9999.0 -9999.0 -9999.0 -9999.0 -9999.0 -9999.0 -9999.0 -9999.0 -9999.0 -9999.0 -9999.0 -9999.0 -9999.0 -9999.0 -9999.0 -9999.0 -9999.0 -9999.0 -9999.0 -9999.0 -9999.0 -9999.0 -9999.0 -9999.0 -9999.0 -9999.0 -9999.0 -9999.0 -9999.0 -9999.0 -9999.0 -9999.0 -9999.0 -9999.0 -9999.0 -9999.0 -9999.0 -9999.0 -9999.0 -9999.0 -9999.0 -9999.0 -9999.0 -9999.0 -9999.0 -9999.0 -9999.0 -9999.0 -9999.0 -9999.0 -9999.0 -9999.0 -9999.0 -9999.0 -9999.0 -9999.0 -9999.0 -9999.0 -9999.0 -9999.0 -9999.0 -9999.0 -9999.0 -9999.0 -9999.0 -9999.0 -9999.0 -9999.0 -9999.0 -9999.0
-9999.0 -9999.0 -9999.0 -9999.0 -9999.0 -9999.0 -9999.0 -9999.0 -9999.0 -9999.0 -9999.0 -9999.0 -9999.0 -9999.0 -9999.0 -9999.0 -9999.0 -9999.0 -9999.0 -9999.0 -9999.0 -9999.0 -9999.0 -9999.0 -9999.0 -9999.0 -9999.0 -9999.0 -9999.0 -9999.0 -9999.0 -9999.0 -9999.0 -9999.0 -9999.0 -9999.0 -9999.0 -9999.0 -9999.0 -9999.0 -9999.0 -9999.0 -9999.0 -9999.0 -9999.0 -9999.0 -9999.0 -9999.0 -9999.0 -9999.0 -9999.0 -9999.0 -9999.0 -9999.0 -9999.0 -9999.0 -9999.0 -9999.0 -9999.0 -9999.0 -9999.0 -9999.0 -9999.0 -9999.0 -9999.0 -9999.0 -9999.0 -9999.0 -9999.0 -9999.0 -9999.0 -9999.0 -9999.0 -9999.0 -9999.0 -9999.0 -9999.0 -9999.0 -9999.0 -9999.0 -9999.0 -9999.0 -9999.0 -9999.0 -9999.0 -9999.0 -9999.0 -9999.0 -9999.0 -9999.0 -9999.0 -9999.0 -9999.0 -9999.0 -9999.0 -9999.0 -9999.0 -9999.0 -9999.0 -9999.0 -9999.0 -9999.0 -9999.0 -9999.0
-9999.0 -9999.0 32.639901 -52.468132 -145.636541 -240.562508 -336.126995 -431.892129 -527.630319 -623.145089 -718.109148 -812.334905 -905.890034 -999.291922 -1093.574805 -1187.566089 -1281.868426 -1377.715111 -1470.257691 -1544.169752 -1592.282476 -1621.465973 -1638.322172 -1647.995229 -1653.790918 -1657.575604 -1660.292105 -1662.366393 -1663.979635 -1665.221126 -1666.155385 -1666.841349 -1667.333706 -1667.679992 -1667.919018 -1668.082707 -1668.203172 -1668.327651 -1668.598008 -1669.945018 -1677.020152 -1683.222639 -1055.496660 -1051.363690 -1040.511609 -1033.714201 -1030.527619 -1030.069608 -1030.022969 -1030.031035 -1030.047538 -1030.065097 -1030.081953 -1030.097552 -1030.111923 -1030.127628 -1030.169661 -1030.444254 -1032.145261 -1035.995075 -1042.104385 -1038.751687 -1663.967459 -1673.135158 -1669.352387 -1668.627562 -1668.515079 -1668.497050 -1668.495103 -1668.496051 -1668.497310 -1668.498378 -1668.499201 -1668.499825 -1668.500301 -1668.500669 -1668.500960 -1668.501194 -1668.501389 -1668.501560 -1668.501727 -1668.501911 -1668.502142 -1668.502461 -1668.502933 -1668.503657 -1668.504795 -1668.506612 -1668.509556 -1668.514402 -1668.522545 -1668.536571 -1668.561438 -1668.606869 -1668.692198 -1668.856185 -1669.177534 -1669.821996 -1671.164720 -1674.140208 -1681.391857 -1702.804143 -9999.0 -9999.0
-9999.0 -9999.0 32.653839 -52.465794 -145.635956 -240.562338 -336.126941 -431.892111 -527.630313 -623.145087 -718.109147 -812.334905 -905.890034 -999.291922 -1093.574806 -1187.566089 -1281.868427 -1377.715111 -1470.257691 -1544.169752 -1592.282476 -1621.465973 -1638.322172 -1647.995229 -1653.790918 -1657.575604 -1660.292105 -1662.366393 -1663.979635 -1665.221126 -1666.155385 -1666.841349 -1667.333706 -1667.679992 -1667.919018 -1668.082707 -1668.203172 -1668.327651 -1668.598008 -1669.945018 -1677.020152 -1683.222639 -1055.496660 -1051.363690 -1040.511609 -1033.714201 -1030.527619 -1030.069608 -1030.022969 -1030.031035 -1030.047538 -1030.065097 -1030.081953 -1030.097552 -1030.111923 -1030.127628 -1030.169661 -1030.444254 -1032.145261 -1035.995075 -1042.104385 -1038.751687 -1663.967459 -1673.135158 -1669.352387 -1668.627562 -1668.515079 -1668.497050 -1668.495103 -1668.496051 -1668.497310 -1668.498378 -1668.499201 -1668.499825 -1668.500301 -1668.500669 -1668.500960 -1668.501194 -1668.501389 -1668.501560 -1668.501727 -1668.501911 -1668.502142 -1668.502461 -1668.502933 -1668.503657 -1668.504795 -1668.506612 -1668.509556 -1668.514402 -1668.522545 -1668.536571 -1668.561438 -1668.606869 -1668.692198 -1668.856185 -1669.177534 -1669.821996 -1671.164720 -1674.140208 -1681.391857 -1702.804143 -9999.0 -9999.0
-9999.0 -9999.0 32.655127 -52.464868 -145.635588 -240.562205 -336.126894 -431.892094 -527.630307 -623.145085 -718.109146 -812.334905 -905.890034 -999.291922 -1093.574806 -1187.566089 -1281.868427 -1377.715111 -1470.257691 -1544.169752 -1592.282476 -1621.465973 -1638.322172 -1647.995229 -1653.790918 -1657.575604 -1660.292105 -1662.366393 -1663.979635 -1665.221126 -1666.155385 -1666.841349 -1667.333706 -1667.679992 -1667.919018 -1668.082707 -1668.203172 -1668.327651 -1668.598008 -1669.945018 -1677.020152 -1683.222639 -1055.496660 -1051.363690 -1040.511609 -1033.714201 -1030.527619 -1030.069608 -1030.022969 -1030.031035 -1030.047538 -1030.065097 -1030.081953 -1030.097552 -1030.111923 -1030.127628 -1030.169661 -1030.444254 -1032.145261 -1035.995075 -1042.104385 -1038.751687 -1663.967459 -1673.135158 -1669.352387 -1668.627562 -1668.515079 -1668.497050 -1668.495103 -1668.496051 -1668.497310 -1668.498378 -1668.499201 -1668.499825 -1668.500301 -1668.500669 -1668.500960 -1668.501194 -1668.501389 -1668.501560 -1668.501727 -1668.501911 -1668.502142 -1668.502461 -1668.502933 -1668.503657 -1668.504795 -1668.506612 -1668.509556 -1668.514402 -1668.522545 -1668.536571 -1668.561438 -1668.606869 -1668.692198 -1668.856185 -1669.177534 -1669.821996 -1671.164720 -1674.140208 -1681.391857 -1702.804143 -9999.0 -9999.0
-9999.0 -9999.0 32.655127 -52.464868 -145.635588 -240.562205 -336.126894 -431.892094 -527.630307 -623.145085 -718.109146 -812.334905 -905.890034 -999.291922 -1093.574806 -1187.566089 -1281.868427 -1377.715111 -1470.257691 -1544.169752 -1592.282476 -1621.465973 -1638.322172 -1647.995229 -1653.790918 -1657.575604 -1660.292105 -1662.366393 -1663.979635 -1665.221126 -1666.155385 -1666.841349 -1667.333706 -1667.679992 -1667.919018 -1668.082707 -1668.203172 -1668.327651 -1668.598008 -1669.945018 -1677.020152 -1683.222639 -1055.496660 -1051.363690 -1040.511609 -1033.714201 -1030.527619 -1030.069608 -1030.022969 -1030.031035 -1030.047538 -1030.065097 -1030.081953 -1030.097552 -1030.111923 -1030.127628 -1030.169661 -1030.444254 -1032.145261 -1035.995075 -1042.104385 -1038.751687 -1663.967459 -1673.135158 -1669.352387 -1668.627562 -1668.515079 -1668.497050 -1668.495103 -1668.496051 -1668.497310 -1668.498378 -1668.499201 -1668.499825 -1668.500301 -1668.500669 -1668.500960 -1668.501194 -1668.501389 -1668.501560 -1668.501727 -1668.501911 -1668.502142 -1668.502461 -1668.502933 -1668.503657 -1668.504795 -1668.506612 -1668.509556 -1668.514402 -1668.522545 -1668.536571 -1668.561438 -1668.606869 -1668.692198 -1668.856185 -1669.177534 -1669.821996 -1671.164720 -1674.140208 -1681.391857 -1702.804143 -9999.0 -9999.0
-9999.0 -9999.0 32.653839 -52.465794 -145.635956 -240.562338 -336.126941 -431.892111 -527.630313 -623.145087 -718.109147 -812.334905 -905.890034 -999.291922 -1093.574805 -1187.566089 -1281.868427 -1377.715111 -1470.257691 -1544.169752 -1592.282476 -1621.465973 -1638.322172 -1647.995229 -1653.790918 -1657.575604 -1660.292105 -1662.366393 -1663.979635 -1665.221126 -1666.155385 -1666.841349 -1667.333706 -1667.679992 -1667.919018 -1668.082707 -1668.203172 -1668.327651 -1668.598008 -1669.945018 -1677.020152 -1683.222639 -1055.496660 -1051.363690 -1040.511609 -1033.714201 -1030.527619 -1030.069608 -1030.022969 -1030.031035 -1030.047538 -1030.065097 -1030.081953 -1030.097552 -1030.111923 -1030.127628 -1030.169661 -1030.444254 -1032.145261 -1035.995075 -1042.104385 -1038.751687 -1663.967459 -1673.135158 -1669.352387 -1668.627562 -1668.515079 -1668.497050 -1668.495103 -1668.496051 -1668.497310 -1668.498378 -1668.499201 -1668.499825 -1668.500301 -1668.500669 -1668.500960 -1668.501194 -1668.501389 -1668.501560 -1668.501727 -1668.501911 -1668.502142 -1668.502461 -1668.502933 -1668.503657 -1668.504795 -1668.506612 -1668.509556 -1668.514402 -1668.522545 -1668.536571 -1668.561438 -1668.606869 -1668.692198 -1668.856185 -1669.177534 -1669.821996 -1671.164720 -1674.140208 -1681.391857 -1702.804143 -9999.0 -9999.0
-9999.0 -9999.0 32.639901 -52.468132 -145.636541 -240.562508 -336.126995 -431.892129 -527.630319 -623.145089 -718.109148 -812.334905 -905.890034 -999.291922 -1093.574805 -1187.566089 -1281.868426 -1377.715111 -1470.257691 -1544.169752 -1592.282476 -1621.465973 -1638.322172 -1647.995229 -1653.790918 -1657.575604 -1660.292105 -1662.366393 -1663.979635 -1665.221126 -1666.155385 -1666.841349 -1667.333706 -1667.679992 -1667.919018 -1668.082707 -1668.203172 -1668.327651 -1668.598008 -1669.945018 -1677.020152 -1683.222639 -1055.496660 -1051.363690 -1040.511609 -1033.714201 -1030.527619 -1030.069608 -1030.022969 -1030.031035 -1030.047538 -1030.065097 -1030.081953 -1030.097552 -1030.111923 -1030.127628 -1030.169661 -1030.444254 -1032.145261 -1035.995075 -1042.104385 -1038.751687 -1663.967459 -1673.135158 -1669.352387 -1668.627562 -1668.515079 -1668.497050 -1668.495103 -1668.496051 -1668.497310 -1668.498378 -1668.499201 -1668.499825 -1668.500301 -1668.500669 -1668.500960 -1668.501194 -1668.501389 -1668.501560 -1668.501727 -1668.501911 -1668.502142 -1668.502461 -1668.502933 -1668.503657 -1668.504795 -1668.506612 -1668.509556 -1668.514402 -1668.522545 -1668.536571 -1668.561438 -1668.606869 -1668.692198 -1668.856185 -1669.177534 -1669.821996 -1671.164720 -1674.140208 -1681.391857 -1702.804143 -9999.0 -9999.0
-9999.0 -9999.0 -9999.0 -9999.0 -9999.0 -9999.0 -9999.0 -9999.0 -9999.0 -9999.0 -9999.0 -9999.0 -9999.0 -9999.0 -9999.0 -9999.0 -9999.0 -9999.0 -9999.0 -9999.0 -9999.0 -9999.0 -9999.0 -9999.0 -9999.0 -9999.0 -9999.0 -9999.0 -9999.0 -9999.0 -9999.0 -9999.0 -9999.0 -9999.0 -9999.0 -9999.0 -9999.0 -9999.0 -9999.0 -9999.0 -9999.0 -9999.0 -9999.0 -9999.0 -9999.0 -9999.0 -9999.0 -9999.0 -9999.0 -9999.0 -9999.0 -9999.0 -9999.0 -9999.0 -9999.0 -9999.0 -9999.0 -9999.0 -9999.0 -9999.0 -9999.0 -9999.0 -9999.0 -9999.0 -9999.0 -9999.0 -9999.0 -9999.0 -9999.0 -9999.0 -9999.0 -9999.0 -9999.0 -9999.0 -9999.0 -9999.0 -9999.0 -9999.0 -9999.0 -9999.0 -9999.0 -9999.0 -9999.0 -9999.0 -9999.0 -9999.0 -9999.0 -9999.0 -9999.0 -9999.0 -9999.0 -9999.0 -9999.0 -9999.0 -9999.0 -9999.0 -9999.0 -9999.0 -9999.0 -9999.0 -9999.0 -9999.0 -9999.0 -9999.0
-9999.0 -9999.0 -9999.0 -9999.0 -9999.0 -9999.0 -9999.0 -9999.0 -9999.0 -9999.0 -9999.0 -9999.0 -9999.0 -9999.0 -9999.0 -9999.0 -9999.0 -9999.0 -9999.0 -9999.0 -9999.0 -9999.0 -9999.0 -9999.0 -9999.0 -9999.0 -9999.0 -9999.0 -9999.0 -9999.0 -9999.0 -9999.0 -9999.0 -9999.0 -9999.0 -9999.0 -9999.0 -9999.0 -9999.0 -9999.0 -9999.0 -9999.0 -9999.0 -9999.0 -9999.0 -9999.0 -9999.0 -9999.0 -9999.0 -9999.0 -9999.0 -9999.0 -9999.0 -9999.0 -9999.0 -9999.0 -9999.0 -9999.0 -9999.0 -9999.0 -9999.0 -9999.0 -9999.0 -9999.0 -9999.0 -9999.0 -9999.0 -9999.0 -9999.0 -9999.0 -9999.0 -9999.0 -9999.0 -9999.0 -9999.0 -9999.0 -9999.0 -9999.0 -9999.0 -9999.0 -9999.0 -9999.0 -9999.0 -9999.0 -9999.0 -9999.0 -9999.0 -9999.0 -9999.0 -9999.0 -9999.0 -9999.0 -9999.0 -9999.0 -9999.0 -9999.0 -9999.0 -9999.0 -9999.0 -9999.0 -9999.0 -9999.0 -9999.0 -9999.0