inst/processing_geotop_simulation/geotop_simulation/out/maps3D/PwL0018N0050.asc
ncols         104
nrows         10
xllcorner     -2.000000
yllcorner     0.000000
cellsize      1.000000
NODATA_value  -9999.0
-9999.0 -9999.0 -9999.0 -9999.0 -9999.0 -9999.0 -9999.0 -9999.0 -9999.0 -9999.0 -9999.0 -9999.0 -9999.0 -9999.0 -9999.0 -9999.0 -9999.0 -9999.0 -9999.0 -9999.0 -9999.0 -9999.0 -9999.0 -9999.0 -9999.0 -9999.0 -9999.0 -9999.0 -9999.0 -9999.0 -9999.0 -9999.0 -9999.0 -9999.0 -9999.0 -9999.0 -9999.0 -9999.0 -9999.0 -9999.0 -9999.0 -9999.0 -9999.0 -9999.0 -9999.0 -9999.0 -9999.0 -9999.0 -9999.0 -9999.0 -9999.0 -9999.0 -9999.0 -9999.0 -9999.0 -9999.0 -9999.0 -9999.0 -9999.0 -9999.0 -9999.0 -9999.0 -9999.0 -9999.0 -9999.0 -9999.0 -9999.0 -9999.0 -9999.0 -9999.0 -9999.0 -9999.0 -9999.0 -9999.0 -9999.0 -9999.0 -9999.0 -9999.0 -9999.0 -9999.0 -9999.0 -9999.0 -9999.0 -9999.0 -9999.0 -9999.0 -9999.0 -9999.0 -9999.0 -9999.0 -9999.0 -9999.0 -9999.0 -9999.0 -9999.0 -9999.0 -9999.0 -9999.0 -9999.0 -9999.0 -9999.0 -9999.0 -9999.0 -9999.0
-9999.0 -9999.0 -9999.0 -9999.0 -9999.0 -9999.0 -9999.0 -9999.0 -9999.0 -9999.0 -9999.0 -9999.0 -9999.0 -9999.0 -9999.0 -9999.0 -9999.0 -9999.0 -9999.0 -9999.0 -9999.0 -9999.0 -9999.0 -9999.0 -9999.0 -9999.0 -9999.0 -9999.0 -9999.0 -9999.0 -9999.0 -9999.0 -9999.0 -9999.0 -9999.0 -9999.0 -9999.0 -9999.0 -9999.0 -9999.0 -9999.0 -9999.0 -9999.0 -9999.0 -9999.0 -9999.0 -9999.0 -9999.0 -9999.0 -9999.0 -9999.0 -9999.0 -9999.0 -9999.0 -9999.0 -9999.0 -9999.0 -9999.0 -9999.0 -9999.0 -9999.0 -9999.0 -9999.0 -9999.0 -9999.0 -9999.0 -9999.0 -9999.0 -9999.0 -9999.0 -9999.0 -9999.0 -9999.0 -9999.0 -9999.0 -9999.0 -9999.0 -9999.0 -9999.0 -9999.0 -9999.0 -9999.0 -9999.0 -9999.0 -9999.0 -9999.0 -9999.0 -9999.0 -9999.0 -9999.0 -9999.0 -9999.0 -9999.0 -9999.0 -9999.0 -9999.0 -9999.0 -9999.0 -9999.0 -9999.0 -9999.0 -9999.0 -9999.0 -9999.0
-9999.0 -9999.0 -356.015507 -470.229354 -580.851442 -669.568114 -722.083898 -749.933662 -763.817196 -769.087882 -763.504236 -751.351699 -736.123105 -716.763590 -695.672227 -678.095442 -663.566861 -652.303793 -644.386505 -675.095799 -702.763856 -729.823349 -758.755496 -733.335161 -723.550109 -722.609591 -726.626956 -733.186942 -740.719551 -748.205619 -755.007474 -760.779716 -765.408505 -768.944250 -771.532736 -773.358643 -774.622925 -775.572259 -776.372085 -776.783086 -780.804025 -841.575370 -2327.629090 -4083.103221 -4084.158405 -4084.158416 -4084.158416 -4084.158416 -4084.158416 -4084.158416 -4084.158416 -4084.158416 -4084.158416 -4084.158416 -4084.158416 -4084.158415 -4084.158415 -4084.158412 -4084.158402 -4084.158342 -4082.414596 -2224.785400 -820.509264 -781.248974 -778.001308 -777.384864 -777.244376 -777.218249 -777.217249 -777.220958 -777.224863 -777.228061 -777.230519 -777.232389 -777.233829 -777.234955 -777.235855 -777.236583 -777.237190 -777.237722 -777.238234 -777.238793 -777.239483 -777.240428 -777.241813 -777.243928 -777.247236 -777.252494 -777.260964 -777.274806 -777.297848 -777.337103 -777.405907 -777.530360 -777.762541 -778.207181 -779.075366 -780.799344 -784.330354 -792.143793 -811.951726 -864.069362 -9999.0 -9999.0
-9999.0 -9999.0 -356.015504 -470.229348 -580.851429 -669.568102 -722.083893 -749.933662 -763.817197 -769.087883 -763.504236 -751.351699 -736.123105 -716.763590 -695.672227 -678.095442 -663.566861 -652.303793 -644.386505 -675.095799 -702.763856 -729.823349 -758.755496 -733.335161 -723.550109 -722.609591 -726.626956 -733.186942 -740.719551 -748.205619 -755.007474 -760.779716 -765.408505 -768.944250 -771.532736 -773.358643 -774.622925 -775.572259 -776.372085 -776.783086 -780.804025 -841.575370 -2327.629090 -4083.103221 -4084.158405 -4084.158416 -4084.158416 -4084.158416 -4084.158416 -4084.158416 -4084.158416 -4084.158416 -4084.158416 -4084.158416 -4084.158416 -4084.158415 -4084.158415 -4084.158412 -4084.158402 -4084.158342 -4082.414596 -2224.785400 -820.509264 -781.248974 -778.001308 -777.384864 -777.244376 -777.218249 -777.217249 -777.220958 -777.224863 -777.228061 -777.230519 -777.232389 -777.233829 -777.234955 -777.235855 -777.236583 -777.237190 -777.237722 -777.238234 -777.238793 -777.239483 -777.240428 -777.241813 -777.243928 -777.247236 -777.252494 -777.260964 -777.274806 -777.297848 -777.337103 -777.405907 -777.530360 -777.762541 -778.207181 -779.075366 -780.799344 -784.330354 -792.143793 -811.951726 -864.069362 -9999.0 -9999.0
-9999.0 -9999.0 -356.015504 -470.229343 -580.851420 -669.568092 -722.083889 -749.933661 -763.817198 -769.087884 -763.504236 -751.351699 -736.123105 -716.763590 -695.672227 -678.095442 -663.566861 -652.303793 -644.386505 -675.095799 -702.763856 -729.823349 -758.755496 -733.335161 -723.550109 -722.609591 -726.626956 -733.186942 -740.719551 -748.205619 -755.007474 -760.779716 -765.408505 -768.944250 -771.532736 -773.358643 -774.622925 -775.572259 -776.372085 -776.783086 -780.804025 -841.575370 -2327.629090 -4083.103221 -4084.158405 -4084.158416 -4084.158416 -4084.158416 -4084.158416 -4084.158416 -4084.158416 -4084.158416 -4084.158416 -4084.158416 -4084.158416 -4084.158415 -4084.158415 -4084.158412 -4084.158402 -4084.158342 -4082.414596 -2224.785400 -820.509264 -781.248974 -778.001308 -777.384864 -777.244376 -777.218249 -777.217249 -777.220958 -777.224863 -777.228061 -777.230519 -777.232389 -777.233829 -777.234955 -777.235855 -777.236583 -777.237190 -777.237722 -777.238234 -777.238793 -777.239483 -777.240428 -777.241813 -777.243928 -777.247236 -777.252494 -777.260964 -777.274806 -777.297848 -777.337103 -777.405907 -777.530360 -777.762541 -778.207181 -779.075366 -780.799344 -784.330354 -792.143793 -811.951726 -864.069362 -9999.0 -9999.0
-9999.0 -9999.0 -356.015503 -470.229344 -580.851420 -669.568092 -722.083889 -749.933661 -763.817198 -769.087884 -763.504236 -751.351699 -736.123105 -716.763590 -695.672227 -678.095442 -663.566861 -652.303793 -644.386505 -675.095799 -702.763856 -729.823349 -758.755496 -733.335161 -723.550109 -722.609591 -726.626956 -733.186942 -740.719551 -748.205619 -755.007474 -760.779716 -765.408505 -768.944250 -771.532736 -773.358643 -774.622925 -775.572259 -776.372085 -776.783086 -780.804025 -841.575370 -2327.629090 -4083.103221 -4084.158405 -4084.158416 -4084.158416 -4084.158416 -4084.158416 -4084.158416 -4084.158416 -4084.158416 -4084.158416 -4084.158416 -4084.158416 -4084.158415 -4084.158415 -4084.158412 -4084.158402 -4084.158342 -4082.414596 -2224.785400 -820.509264 -781.248974 -778.001308 -777.384864 -777.244376 -777.218249 -777.217249 -777.220958 -777.224863 -777.228061 -777.230519 -777.232389 -777.233829 -777.234955 -777.235855 -777.236583 -777.237190 -777.237722 -777.238234 -777.238793 -777.239483 -777.240428 -777.241813 -777.243928 -777.247236 -777.252494 -777.260964 -777.274806 -777.297848 -777.337103 -777.405907 -777.530360 -777.762541 -778.207181 -779.075366 -780.799344 -784.330354 -792.143793 -811.951726 -864.069362 -9999.0 -9999.0
-9999.0 -9999.0 -356.015504 -470.229347 -580.851429 -669.568102 -722.083893 -749.933662 -763.817197 -769.087883 -763.504236 -751.351699 -736.123105 -716.763590 -695.672227 -678.095442 -663.566861 -652.303793 -644.386505 -675.095799 -702.763856 -729.823349 -758.755496 -733.335161 -723.550109 -722.609591 -726.626956 -733.186942 -740.719551 -748.205619 -755.007474 -760.779716 -765.408505 -768.944250 -771.532736 -773.358643 -774.622925 -775.572259 -776.372085 -776.783086 -780.804025 -841.575370 -2327.629090 -4083.103221 -4084.158405 -4084.158416 -4084.158416 -4084.158416 -4084.158416 -4084.158416 -4084.158416 -4084.158416 -4084.158416 -4084.158416 -4084.158416 -4084.158415 -4084.158415 -4084.158412 -4084.158402 -4084.158342 -4082.414596 -2224.785400 -820.509264 -781.248974 -778.001308 -777.384864 -777.244376 -777.218249 -777.217249 -777.220958 -777.224863 -777.228061 -777.230519 -777.232389 -777.233829 -777.234955 -777.235855 -777.236583 -777.237190 -777.237722 -777.238234 -777.238793 -777.239483 -777.240428 -777.241813 -777.243928 -777.247236 -777.252494 -777.260964 -777.274806 -777.297848 -777.337103 -777.405907 -777.530360 -777.762541 -778.207181 -779.075366 -780.799344 -784.330354 -792.143793 -811.951726 -864.069362 -9999.0 -9999.0
-9999.0 -9999.0 -356.015506 -470.229354 -580.851441 -669.568114 -722.083898 -749.933662 -763.817196 -769.087882 -763.504236 -751.351699 -736.123105 -716.763590 -695.672227 -678.095442 -663.566861 -652.303793 -644.386505 -675.095799 -702.763856 -729.823349 -758.755496 -733.335161 -723.550109 -722.609591 -726.626956 -733.186942 -740.719551 -748.205619 -755.007474 -760.779716 -765.408505 -768.944250 -771.532736 -773.358643 -774.622925 -775.572259 -776.372085 -776.783086 -780.804025 -841.575370 -2327.629090 -4083.103221 -4084.158405 -4084.158416 -4084.158416 -4084.158416 -4084.158416 -4084.158416 -4084.158416 -4084.158416 -4084.158416 -4084.158416 -4084.158416 -4084.158415 -4084.158415 -4084.158412 -4084.158402 -4084.158342 -4082.414596 -2224.785400 -820.509264 -781.248974 -778.001308 -777.384864 -777.244376 -777.218249 -777.217249 -777.220958 -777.224863 -777.228061 -777.230519 -777.232389 -777.233829 -777.234955 -777.235855 -777.236583 -777.237190 -777.237722 -777.238234 -777.238793 -777.239483 -777.240428 -777.241813 -777.243928 -777.247236 -777.252494 -777.260964 -777.274806 -777.297848 -777.337103 -777.405907 -777.530360 -777.762541 -778.207181 -779.075366 -780.799344 -784.330354 -792.143793 -811.951726 -864.069362 -9999.0 -9999.0
-9999.0 -9999.0 -9999.0 -9999.0 -9999.0 -9999.0 -9999.0 -9999.0 -9999.0 -9999.0 -9999.0 -9999.0 -9999.0 -9999.0 -9999.0 -9999.0 -9999.0 -9999.0 -9999.0 -9999.0 -9999.0 -9999.0 -9999.0 -9999.0 -9999.0 -9999.0 -9999.0 -9999.0 -9999.0 -9999.0 -9999.0 -9999.0 -9999.0 -9999.0 -9999.0 -9999.0 -9999.0 -9999.0 -9999.0 -9999.0 -9999.0 -9999.0 -9999.0 -9999.0 -9999.0 -9999.0 -9999.0 -9999.0 -9999.0 -9999.0 -9999.0 -9999.0 -9999.0 -9999.0 -9999.0 -9999.0 -9999.0 -9999.0 -9999.0 -9999.0 -9999.0 -9999.0 -9999.0 -9999.0 -9999.0 -9999.0 -9999.0 -9999.0 -9999.0 -9999.0 -9999.0 -9999.0 -9999.0 -9999.0 -9999.0 -9999.0 -9999.0 -9999.0 -9999.0 -9999.0 -9999.0 -9999.0 -9999.0 -9999.0 -9999.0 -9999.0 -9999.0 -9999.0 -9999.0 -9999.0 -9999.0 -9999.0 -9999.0 -9999.0 -9999.0 -9999.0 -9999.0 -9999.0 -9999.0 -9999.0 -9999.0 -9999.0 -9999.0 -9999.0
-9999.0 -9999.0 -9999.0 -9999.0 -9999.0 -9999.0 -9999.0 -9999.0 -9999.0 -9999.0 -9999.0 -9999.0 -9999.0 -9999.0 -9999.0 -9999.0 -9999.0 -9999.0 -9999.0 -9999.0 -9999.0 -9999.0 -9999.0 -9999.0 -9999.0 -9999.0 -9999.0 -9999.0 -9999.0 -9999.0 -9999.0 -9999.0 -9999.0 -9999.0 -9999.0 -9999.0 -9999.0 -9999.0 -9999.0 -9999.0 -9999.0 -9999.0 -9999.0 -9999.0 -9999.0 -9999.0 -9999.0 -9999.0 -9999.0 -9999.0 -9999.0 -9999.0 -9999.0 -9999.0 -9999.0 -9999.0 -9999.0 -9999.0 -9999.0 -9999.0 -9999.0 -9999.0 -9999.0 -9999.0 -9999.0 -9999.0 -9999.0 -9999.0 -9999.0 -9999.0 -9999.0 -9999.0 -9999.0 -9999.0 -9999.0 -9999.0 -9999.0 -9999.0 -9999.0 -9999.0 -9999.0 -9999.0 -9999.0 -9999.0 -9999.0 -9999.0 -9999.0 -9999.0 -9999.0 -9999.0 -9999.0 -9999.0 -9999.0 -9999.0 -9999.0 -9999.0 -9999.0 -9999.0 -9999.0 -9999.0 -9999.0 -9999.0 -9999.0 -9999.0