inst/processing_geotop_simulation/geotop_simulation/out/maps3D/PwL0006N0275.asc
ncols         104
nrows         10
xllcorner     -2.000000
yllcorner     0.000000
cellsize      1.000000
NODATA_value  -9999.0
-9999.0 -9999.0 -9999.0 -9999.0 -9999.0 -9999.0 -9999.0 -9999.0 -9999.0 -9999.0 -9999.0 -9999.0 -9999.0 -9999.0 -9999.0 -9999.0 -9999.0 -9999.0 -9999.0 -9999.0 -9999.0 -9999.0 -9999.0 -9999.0 -9999.0 -9999.0 -9999.0 -9999.0 -9999.0 -9999.0 -9999.0 -9999.0 -9999.0 -9999.0 -9999.0 -9999.0 -9999.0 -9999.0 -9999.0 -9999.0 -9999.0 -9999.0 -9999.0 -9999.0 -9999.0 -9999.0 -9999.0 -9999.0 -9999.0 -9999.0 -9999.0 -9999.0 -9999.0 -9999.0 -9999.0 -9999.0 -9999.0 -9999.0 -9999.0 -9999.0 -9999.0 -9999.0 -9999.0 -9999.0 -9999.0 -9999.0 -9999.0 -9999.0 -9999.0 -9999.0 -9999.0 -9999.0 -9999.0 -9999.0 -9999.0 -9999.0 -9999.0 -9999.0 -9999.0 -9999.0 -9999.0 -9999.0 -9999.0 -9999.0 -9999.0 -9999.0 -9999.0 -9999.0 -9999.0 -9999.0 -9999.0 -9999.0 -9999.0 -9999.0 -9999.0 -9999.0 -9999.0 -9999.0 -9999.0 -9999.0 -9999.0 -9999.0 -9999.0 -9999.0
-9999.0 -9999.0 -9999.0 -9999.0 -9999.0 -9999.0 -9999.0 -9999.0 -9999.0 -9999.0 -9999.0 -9999.0 -9999.0 -9999.0 -9999.0 -9999.0 -9999.0 -9999.0 -9999.0 -9999.0 -9999.0 -9999.0 -9999.0 -9999.0 -9999.0 -9999.0 -9999.0 -9999.0 -9999.0 -9999.0 -9999.0 -9999.0 -9999.0 -9999.0 -9999.0 -9999.0 -9999.0 -9999.0 -9999.0 -9999.0 -9999.0 -9999.0 -9999.0 -9999.0 -9999.0 -9999.0 -9999.0 -9999.0 -9999.0 -9999.0 -9999.0 -9999.0 -9999.0 -9999.0 -9999.0 -9999.0 -9999.0 -9999.0 -9999.0 -9999.0 -9999.0 -9999.0 -9999.0 -9999.0 -9999.0 -9999.0 -9999.0 -9999.0 -9999.0 -9999.0 -9999.0 -9999.0 -9999.0 -9999.0 -9999.0 -9999.0 -9999.0 -9999.0 -9999.0 -9999.0 -9999.0 -9999.0 -9999.0 -9999.0 -9999.0 -9999.0 -9999.0 -9999.0 -9999.0 -9999.0 -9999.0 -9999.0 -9999.0 -9999.0 -9999.0 -9999.0 -9999.0 -9999.0 -9999.0 -9999.0 -9999.0 -9999.0 -9999.0 -9999.0
-9999.0 -9999.0 276.211607 180.008146 82.215632 -16.111325 -114.644099 -213.260893 -311.893443 -410.492863 -508.997097 -607.257786 -704.973134 -802.487135 -899.752998 -996.986843 -1094.084475 -1189.326241 -1282.542265 -1372.600614 -1456.948504 -1531.930836 -1594.656757 -1644.268079 -1681.776955 -1709.203313 -1728.782294 -1742.514995 -1752.013655 -1758.506217 -1762.898497 -1765.843855 -1767.804776 -1769.103112 -1769.959814 -1770.526826 -1770.916981 -1771.258043 -1771.904179 -1774.223858 -1781.001788 -1766.027041 -1149.652208 -1176.740344 -1158.201817 -1146.280425 -1140.723858 -1139.918400 -1139.833966 -1139.842737 -1139.864967 -1139.888837 -1139.911771 -1139.933005 -1139.952697 -1139.975456 -1140.045353 -1140.519342 -1143.447019 -1150.006525 -1159.118219 -1119.567350 -1739.706626 -1774.794286 -1772.874284 -1771.921933 -1771.731082 -1771.699708 -1771.695279 -1771.695242 -1771.695843 -1771.696427 -1771.696893 -1771.697252 -1771.697527 -1771.697742 -1771.697912 -1771.698051 -1771.698167 -1771.698271 -1771.698374 -1771.698488 -1771.698633 -1771.698833 -1771.699129 -1771.699583 -1771.700298 -1771.701444 -1771.703310 -1771.706409 -1771.711672 -1771.720856 -1771.737364 -1771.767931 -1771.826123 -1771.939887 -1772.169136 -1772.650996 -1773.726294 -1776.326522 -1783.378218 -1806.249231 -9999.0 -9999.0
-9999.0 -9999.0 276.220049 180.010087 82.216139 -16.111176 -114.644051 -213.260877 -311.893437 -410.492861 -508.997096 -607.257785 -704.973134 -802.487135 -899.752998 -996.986843 -1094.084475 -1189.326241 -1282.542266 -1372.600615 -1456.948504 -1531.930837 -1594.656758 -1644.268079 -1681.776955 -1709.203313 -1728.782294 -1742.514995 -1752.013655 -1758.506217 -1762.898497 -1765.843855 -1767.804776 -1769.103112 -1769.959814 -1770.526826 -1770.916981 -1771.258043 -1771.904179 -1774.223858 -1781.001788 -1766.027041 -1149.652208 -1176.740344 -1158.201817 -1146.280425 -1140.723858 -1139.918400 -1139.833966 -1139.842737 -1139.864967 -1139.888837 -1139.911771 -1139.933005 -1139.952697 -1139.975456 -1140.045353 -1140.519342 -1143.447019 -1150.006525 -1159.118219 -1119.567350 -1739.706626 -1774.794286 -1772.874284 -1771.921933 -1771.731082 -1771.699708 -1771.695279 -1771.695242 -1771.695843 -1771.696427 -1771.696893 -1771.697252 -1771.697527 -1771.697742 -1771.697912 -1771.698051 -1771.698167 -1771.698271 -1771.698374 -1771.698488 -1771.698633 -1771.698833 -1771.699129 -1771.699583 -1771.700298 -1771.701444 -1771.703310 -1771.706409 -1771.711672 -1771.720856 -1771.737364 -1771.767931 -1771.826123 -1771.939887 -1772.169136 -1772.650996 -1773.726294 -1776.326522 -1783.378218 -1806.249231 -9999.0 -9999.0
-9999.0 -9999.0 276.221512 180.010898 82.216461 -16.111058 -114.644010 -213.260862 -311.893431 -410.492859 -508.997095 -607.257785 -704.973134 -802.487135 -899.752998 -996.986843 -1094.084475 -1189.326241 -1282.542266 -1372.600615 -1456.948504 -1531.930837 -1594.656758 -1644.268079 -1681.776955 -1709.203313 -1728.782294 -1742.514995 -1752.013655 -1758.506217 -1762.898497 -1765.843855 -1767.804776 -1769.103112 -1769.959814 -1770.526826 -1770.916981 -1771.258043 -1771.904179 -1774.223858 -1781.001788 -1766.027041 -1149.652208 -1176.740344 -1158.201817 -1146.280425 -1140.723858 -1139.918400 -1139.833966 -1139.842737 -1139.864967 -1139.888837 -1139.911771 -1139.933005 -1139.952697 -1139.975456 -1140.045353 -1140.519342 -1143.447019 -1150.006525 -1159.118219 -1119.567350 -1739.706626 -1774.794286 -1772.874284 -1771.921933 -1771.731082 -1771.699708 -1771.695279 -1771.695242 -1771.695843 -1771.696427 -1771.696893 -1771.697252 -1771.697527 -1771.697742 -1771.697912 -1771.698051 -1771.698167 -1771.698271 -1771.698374 -1771.698488 -1771.698633 -1771.698833 -1771.699129 -1771.699583 -1771.700298 -1771.701444 -1771.703310 -1771.706409 -1771.711672 -1771.720856 -1771.737364 -1771.767931 -1771.826123 -1771.939887 -1772.169136 -1772.650996 -1773.726294 -1776.326522 -1783.378218 -1806.249231 -9999.0 -9999.0
-9999.0 -9999.0 276.221512 180.010898 82.216461 -16.111058 -114.644010 -213.260862 -311.893431 -410.492859 -508.997095 -607.257785 -704.973134 -802.487135 -899.752998 -996.986843 -1094.084475 -1189.326241 -1282.542266 -1372.600615 -1456.948504 -1531.930837 -1594.656758 -1644.268079 -1681.776955 -1709.203313 -1728.782294 -1742.514995 -1752.013655 -1758.506217 -1762.898497 -1765.843855 -1767.804776 -1769.103112 -1769.959814 -1770.526826 -1770.916981 -1771.258043 -1771.904179 -1774.223858 -1781.001788 -1766.027041 -1149.652208 -1176.740344 -1158.201817 -1146.280425 -1140.723858 -1139.918400 -1139.833966 -1139.842737 -1139.864967 -1139.888837 -1139.911771 -1139.933005 -1139.952697 -1139.975456 -1140.045353 -1140.519342 -1143.447019 -1150.006525 -1159.118219 -1119.567350 -1739.706626 -1774.794286 -1772.874284 -1771.921933 -1771.731082 -1771.699708 -1771.695279 -1771.695242 -1771.695843 -1771.696427 -1771.696893 -1771.697252 -1771.697527 -1771.697742 -1771.697912 -1771.698051 -1771.698167 -1771.698271 -1771.698374 -1771.698488 -1771.698633 -1771.698833 -1771.699129 -1771.699583 -1771.700298 -1771.701444 -1771.703310 -1771.706409 -1771.711672 -1771.720856 -1771.737364 -1771.767931 -1771.826123 -1771.939887 -1772.169136 -1772.650996 -1773.726294 -1776.326522 -1783.378218 -1806.249231 -9999.0 -9999.0
-9999.0 -9999.0 276.220049 180.010087 82.216139 -16.111176 -114.644051 -213.260876 -311.893437 -410.492861 -508.997096 -607.257785 -704.973134 -802.487135 -899.752998 -996.986843 -1094.084475 -1189.326241 -1282.542266 -1372.600615 -1456.948504 -1531.930837 -1594.656758 -1644.268079 -1681.776955 -1709.203313 -1728.782294 -1742.514995 -1752.013655 -1758.506217 -1762.898497 -1765.843855 -1767.804776 -1769.103112 -1769.959814 -1770.526826 -1770.916981 -1771.258043 -1771.904179 -1774.223858 -1781.001788 -1766.027041 -1149.652208 -1176.740344 -1158.201817 -1146.280425 -1140.723858 -1139.918400 -1139.833966 -1139.842737 -1139.864967 -1139.888837 -1139.911771 -1139.933005 -1139.952697 -1139.975456 -1140.045353 -1140.519342 -1143.447019 -1150.006525 -1159.118219 -1119.567350 -1739.706626 -1774.794286 -1772.874284 -1771.921933 -1771.731082 -1771.699708 -1771.695279 -1771.695242 -1771.695843 -1771.696427 -1771.696893 -1771.697252 -1771.697527 -1771.697742 -1771.697912 -1771.698051 -1771.698167 -1771.698271 -1771.698374 -1771.698488 -1771.698633 -1771.698833 -1771.699129 -1771.699583 -1771.700298 -1771.701444 -1771.703310 -1771.706409 -1771.711672 -1771.720856 -1771.737364 -1771.767931 -1771.826123 -1771.939887 -1772.169136 -1772.650996 -1773.726294 -1776.326522 -1783.378218 -1806.249231 -9999.0 -9999.0
-9999.0 -9999.0 276.211607 180.008146 82.215632 -16.111325 -114.644098 -213.260893 -311.893443 -410.492863 -508.997097 -607.257786 -704.973134 -802.487135 -899.752998 -996.986843 -1094.084475 -1189.326241 -1282.542265 -1372.600614 -1456.948504 -1531.930836 -1594.656757 -1644.268079 -1681.776955 -1709.203313 -1728.782294 -1742.514995 -1752.013655 -1758.506217 -1762.898497 -1765.843855 -1767.804776 -1769.103112 -1769.959814 -1770.526826 -1770.916981 -1771.258043 -1771.904179 -1774.223858 -1781.001788 -1766.027041 -1149.652208 -1176.740344 -1158.201817 -1146.280425 -1140.723858 -1139.918400 -1139.833966 -1139.842737 -1139.864967 -1139.888837 -1139.911771 -1139.933005 -1139.952697 -1139.975456 -1140.045353 -1140.519342 -1143.447019 -1150.006525 -1159.118219 -1119.567350 -1739.706626 -1774.794286 -1772.874284 -1771.921933 -1771.731082 -1771.699708 -1771.695279 -1771.695242 -1771.695843 -1771.696427 -1771.696893 -1771.697252 -1771.697527 -1771.697742 -1771.697912 -1771.698051 -1771.698167 -1771.698271 -1771.698374 -1771.698488 -1771.698633 -1771.698833 -1771.699129 -1771.699583 -1771.700298 -1771.701444 -1771.703310 -1771.706409 -1771.711672 -1771.720856 -1771.737364 -1771.767931 -1771.826123 -1771.939887 -1772.169136 -1772.650996 -1773.726294 -1776.326522 -1783.378218 -1806.249231 -9999.0 -9999.0
-9999.0 -9999.0 -9999.0 -9999.0 -9999.0 -9999.0 -9999.0 -9999.0 -9999.0 -9999.0 -9999.0 -9999.0 -9999.0 -9999.0 -9999.0 -9999.0 -9999.0 -9999.0 -9999.0 -9999.0 -9999.0 -9999.0 -9999.0 -9999.0 -9999.0 -9999.0 -9999.0 -9999.0 -9999.0 -9999.0 -9999.0 -9999.0 -9999.0 -9999.0 -9999.0 -9999.0 -9999.0 -9999.0 -9999.0 -9999.0 -9999.0 -9999.0 -9999.0 -9999.0 -9999.0 -9999.0 -9999.0 -9999.0 -9999.0 -9999.0 -9999.0 -9999.0 -9999.0 -9999.0 -9999.0 -9999.0 -9999.0 -9999.0 -9999.0 -9999.0 -9999.0 -9999.0 -9999.0 -9999.0 -9999.0 -9999.0 -9999.0 -9999.0 -9999.0 -9999.0 -9999.0 -9999.0 -9999.0 -9999.0 -9999.0 -9999.0 -9999.0 -9999.0 -9999.0 -9999.0 -9999.0 -9999.0 -9999.0 -9999.0 -9999.0 -9999.0 -9999.0 -9999.0 -9999.0 -9999.0 -9999.0 -9999.0 -9999.0 -9999.0 -9999.0 -9999.0 -9999.0 -9999.0 -9999.0 -9999.0 -9999.0 -9999.0 -9999.0 -9999.0
-9999.0 -9999.0 -9999.0 -9999.0 -9999.0 -9999.0 -9999.0 -9999.0 -9999.0 -9999.0 -9999.0 -9999.0 -9999.0 -9999.0 -9999.0 -9999.0 -9999.0 -9999.0 -9999.0 -9999.0 -9999.0 -9999.0 -9999.0 -9999.0 -9999.0 -9999.0 -9999.0 -9999.0 -9999.0 -9999.0 -9999.0 -9999.0 -9999.0 -9999.0 -9999.0 -9999.0 -9999.0 -9999.0 -9999.0 -9999.0 -9999.0 -9999.0 -9999.0 -9999.0 -9999.0 -9999.0 -9999.0 -9999.0 -9999.0 -9999.0 -9999.0 -9999.0 -9999.0 -9999.0 -9999.0 -9999.0 -9999.0 -9999.0 -9999.0 -9999.0 -9999.0 -9999.0 -9999.0 -9999.0 -9999.0 -9999.0 -9999.0 -9999.0 -9999.0 -9999.0 -9999.0 -9999.0 -9999.0 -9999.0 -9999.0 -9999.0 -9999.0 -9999.0 -9999.0 -9999.0 -9999.0 -9999.0 -9999.0 -9999.0 -9999.0 -9999.0 -9999.0 -9999.0 -9999.0 -9999.0 -9999.0 -9999.0 -9999.0 -9999.0 -9999.0 -9999.0 -9999.0 -9999.0 -9999.0 -9999.0 -9999.0 -9999.0 -9999.0 -9999.0