inst/processing_geotop_simulation/geotop_simulation/out/maps3D/PwL0020N0392.asc
ncols         104
nrows         10
xllcorner     -2.000000
yllcorner     0.000000
cellsize      1.000000
NODATA_value  -9999.0
-9999.0 -9999.0 -9999.0 -9999.0 -9999.0 -9999.0 -9999.0 -9999.0 -9999.0 -9999.0 -9999.0 -9999.0 -9999.0 -9999.0 -9999.0 -9999.0 -9999.0 -9999.0 -9999.0 -9999.0 -9999.0 -9999.0 -9999.0 -9999.0 -9999.0 -9999.0 -9999.0 -9999.0 -9999.0 -9999.0 -9999.0 -9999.0 -9999.0 -9999.0 -9999.0 -9999.0 -9999.0 -9999.0 -9999.0 -9999.0 -9999.0 -9999.0 -9999.0 -9999.0 -9999.0 -9999.0 -9999.0 -9999.0 -9999.0 -9999.0 -9999.0 -9999.0 -9999.0 -9999.0 -9999.0 -9999.0 -9999.0 -9999.0 -9999.0 -9999.0 -9999.0 -9999.0 -9999.0 -9999.0 -9999.0 -9999.0 -9999.0 -9999.0 -9999.0 -9999.0 -9999.0 -9999.0 -9999.0 -9999.0 -9999.0 -9999.0 -9999.0 -9999.0 -9999.0 -9999.0 -9999.0 -9999.0 -9999.0 -9999.0 -9999.0 -9999.0 -9999.0 -9999.0 -9999.0 -9999.0 -9999.0 -9999.0 -9999.0 -9999.0 -9999.0 -9999.0 -9999.0 -9999.0 -9999.0 -9999.0 -9999.0 -9999.0 -9999.0 -9999.0
-9999.0 -9999.0 -9999.0 -9999.0 -9999.0 -9999.0 -9999.0 -9999.0 -9999.0 -9999.0 -9999.0 -9999.0 -9999.0 -9999.0 -9999.0 -9999.0 -9999.0 -9999.0 -9999.0 -9999.0 -9999.0 -9999.0 -9999.0 -9999.0 -9999.0 -9999.0 -9999.0 -9999.0 -9999.0 -9999.0 -9999.0 -9999.0 -9999.0 -9999.0 -9999.0 -9999.0 -9999.0 -9999.0 -9999.0 -9999.0 -9999.0 -9999.0 -9999.0 -9999.0 -9999.0 -9999.0 -9999.0 -9999.0 -9999.0 -9999.0 -9999.0 -9999.0 -9999.0 -9999.0 -9999.0 -9999.0 -9999.0 -9999.0 -9999.0 -9999.0 -9999.0 -9999.0 -9999.0 -9999.0 -9999.0 -9999.0 -9999.0 -9999.0 -9999.0 -9999.0 -9999.0 -9999.0 -9999.0 -9999.0 -9999.0 -9999.0 -9999.0 -9999.0 -9999.0 -9999.0 -9999.0 -9999.0 -9999.0 -9999.0 -9999.0 -9999.0 -9999.0 -9999.0 -9999.0 -9999.0 -9999.0 -9999.0 -9999.0 -9999.0 -9999.0 -9999.0 -9999.0 -9999.0 -9999.0 -9999.0 -9999.0 -9999.0 -9999.0 -9999.0
-9999.0 -9999.0 968.798985 869.812210 770.753629 671.570685 572.318774 473.036094 373.743998 274.454238 175.173407 75.905326 -23.345475 -122.576104 -221.783853 -320.952142 -420.050164 -519.019323 -617.753189 -716.066385 -814.486888 -912.557351 -1010.094127 -1106.840361 -1196.792025 -1280.185449 -1355.042862 -1419.884898 -1474.020849 -1517.633156 -1551.637560 -1577.405738 -1596.471717 -1610.307428 -1620.194605 -1627.180953 -1632.101675 -1635.684139 -1638.870046 -1643.659367 -1654.442208 -1680.797253 -1788.147824 -3579.097804 -3984.058877 -3983.952817 -3959.922720 -3813.673897 -3544.199269 -3266.988560 -3033.685904 -2830.649680 -2707.836355 -2629.136890 -2556.398897 -2480.407477 -2398.440470 -2311.782691 -2223.878689 -2137.225699 -2031.389120 -1544.016258 -1636.702900 -1646.341494 -1644.420275 -1643.310237 -1643.017317 -1642.958433 -1642.948469 -1642.947350 -1642.947678 -1642.948170 -1642.948615 -1642.948995 -1642.949322 -1642.949609 -1642.949868 -1642.950108 -1642.950338 -1642.950563 -1642.950793 -1642.951038 -1642.951312 -1642.951635 -1642.952038 -1642.952570 -1642.953311 -1642.954396 -1642.956057 -1642.958710 -1642.963124 -1642.970771 -1642.984544 -1643.010291 -1643.060213 -1643.160924 -1643.374045 -1643.852036 -1644.997305 -1647.951241 -1656.276332 -1682.518896 -9999.0 -9999.0
-9999.0 -9999.0 968.801700 869.813259 770.753976 671.570800 572.318813 473.036108 373.744003 274.454240 175.173409 75.905326 -23.345474 -122.576104 -221.783853 -320.952142 -420.050164 -519.019324 -617.753189 -716.066385 -814.486888 -912.557352 -1010.094127 -1106.840361 -1196.792025 -1280.185449 -1355.042862 -1419.884898 -1474.020849 -1517.633156 -1551.637560 -1577.405738 -1596.471717 -1610.307428 -1620.194605 -1627.180953 -1632.101675 -1635.684139 -1638.870046 -1643.659367 -1654.442208 -1680.797253 -1788.147823 -3579.097802 -3984.058877 -3983.952817 -3959.922719 -3813.673896 -3544.199268 -3266.988559 -3033.685901 -2830.649679 -2707.836354 -2629.136890 -2556.398897 -2480.407477 -2398.440469 -2311.782691 -2223.878689 -2137.225699 -2031.389120 -1544.016258 -1636.702900 -1646.341494 -1644.420275 -1643.310237 -1643.017317 -1642.958433 -1642.948469 -1642.947350 -1642.947678 -1642.948170 -1642.948615 -1642.948995 -1642.949322 -1642.949609 -1642.949868 -1642.950108 -1642.950337 -1642.950563 -1642.950793 -1642.951038 -1642.951312 -1642.951635 -1642.952038 -1642.952570 -1642.953311 -1642.954396 -1642.956057 -1642.958710 -1642.963124 -1642.970771 -1642.984544 -1643.010291 -1643.060213 -1643.160924 -1643.374045 -1643.852036 -1644.997305 -1647.951241 -1656.276332 -1682.518896 -9999.0 -9999.0
-9999.0 -9999.0 968.802759 869.813829 770.754217 671.570892 572.318847 473.036120 373.744008 274.454242 175.173409 75.905327 -23.345474 -122.576103 -221.783853 -320.952142 -420.050164 -519.019324 -617.753189 -716.066385 -814.486888 -912.557352 -1010.094127 -1106.840361 -1196.792026 -1280.185449 -1355.042863 -1419.884898 -1474.020849 -1517.633156 -1551.637560 -1577.405738 -1596.471717 -1610.307428 -1620.194605 -1627.180953 -1632.101675 -1635.684139 -1638.870046 -1643.659367 -1654.442208 -1680.797253 -1788.147823 -3579.097802 -3984.058877 -3983.952817 -3959.922719 -3813.673896 -3544.199268 -3266.988557 -3033.685900 -2830.649679 -2707.836354 -2629.136889 -2556.398897 -2480.407476 -2398.440469 -2311.782690 -2223.878689 -2137.225699 -2031.389120 -1544.016258 -1636.702900 -1646.341494 -1644.420275 -1643.310237 -1643.017317 -1642.958433 -1642.948469 -1642.947350 -1642.947678 -1642.948170 -1642.948615 -1642.948995 -1642.949322 -1642.949609 -1642.949868 -1642.950108 -1642.950337 -1642.950563 -1642.950793 -1642.951038 -1642.951312 -1642.951635 -1642.952038 -1642.952570 -1642.953311 -1642.954396 -1642.956057 -1642.958710 -1642.963124 -1642.970771 -1642.984544 -1643.010291 -1643.060213 -1643.160924 -1643.374045 -1643.852036 -1644.997305 -1647.951241 -1656.276332 -1682.518896 -9999.0 -9999.0
-9999.0 -9999.0 968.802759 869.813829 770.754217 671.570892 572.318847 473.036120 373.744008 274.454242 175.173409 75.905327 -23.345474 -122.576104 -221.783853 -320.952142 -420.050164 -519.019324 -617.753189 -716.066385 -814.486888 -912.557352 -1010.094127 -1106.840361 -1196.792026 -1280.185449 -1355.042863 -1419.884898 -1474.020849 -1517.633156 -1551.637560 -1577.405738 -1596.471717 -1610.307428 -1620.194605 -1627.180953 -1632.101675 -1635.684139 -1638.870046 -1643.659367 -1654.442208 -1680.797253 -1788.147823 -3579.097802 -3984.058877 -3983.952817 -3959.922719 -3813.673896 -3544.199268 -3266.988558 -3033.685900 -2830.649679 -2707.836354 -2629.136889 -2556.398897 -2480.407476 -2398.440469 -2311.782690 -2223.878689 -2137.225699 -2031.389120 -1544.016258 -1636.702900 -1646.341494 -1644.420275 -1643.310237 -1643.017317 -1642.958433 -1642.948469 -1642.947350 -1642.947678 -1642.948170 -1642.948615 -1642.948995 -1642.949322 -1642.949609 -1642.949868 -1642.950108 -1642.950337 -1642.950563 -1642.950793 -1642.951038 -1642.951312 -1642.951635 -1642.952038 -1642.952570 -1642.953311 -1642.954396 -1642.956057 -1642.958710 -1642.963124 -1642.970771 -1642.984544 -1643.010291 -1643.060213 -1643.160924 -1643.374045 -1643.852036 -1644.997305 -1647.951241 -1656.276332 -1682.518896 -9999.0 -9999.0
-9999.0 -9999.0 968.801700 869.813259 770.753976 671.570800 572.318813 473.036108 373.744003 274.454240 175.173408 75.905326 -23.345475 -122.576103 -221.783853 -320.952142 -420.050164 -519.019324 -617.753189 -716.066385 -814.486888 -912.557352 -1010.094127 -1106.840361 -1196.792025 -1280.185449 -1355.042862 -1419.884898 -1474.020849 -1517.633156 -1551.637560 -1577.405738 -1596.471717 -1610.307428 -1620.194605 -1627.180953 -1632.101675 -1635.684139 -1638.870046 -1643.659367 -1654.442208 -1680.797253 -1788.147823 -3579.097802 -3984.058877 -3983.952817 -3959.922719 -3813.673896 -3544.199268 -3266.988558 -3033.685901 -2830.649679 -2707.836354 -2629.136889 -2556.398897 -2480.407476 -2398.440469 -2311.782690 -2223.878689 -2137.225699 -2031.389120 -1544.016258 -1636.702900 -1646.341494 -1644.420275 -1643.310237 -1643.017317 -1642.958433 -1642.948469 -1642.947350 -1642.947678 -1642.948170 -1642.948615 -1642.948995 -1642.949322 -1642.949609 -1642.949868 -1642.950108 -1642.950337 -1642.950563 -1642.950793 -1642.951038 -1642.951312 -1642.951635 -1642.952038 -1642.952570 -1642.953311 -1642.954396 -1642.956057 -1642.958710 -1642.963124 -1642.970771 -1642.984544 -1643.010291 -1643.060213 -1643.160924 -1643.374045 -1643.852036 -1644.997305 -1647.951241 -1656.276332 -1682.518896 -9999.0 -9999.0
-9999.0 -9999.0 968.798984 869.812210 770.753629 671.570685 572.318774 473.036094 373.743998 274.454238 175.173408 75.905326 -23.345475 -122.576104 -221.783853 -320.952142 -420.050164 -519.019323 -617.753189 -716.066385 -814.486888 -912.557352 -1010.094127 -1106.840361 -1196.792025 -1280.185449 -1355.042862 -1419.884898 -1474.020849 -1517.633156 -1551.637560 -1577.405738 -1596.471717 -1610.307428 -1620.194605 -1627.180953 -1632.101675 -1635.684139 -1638.870046 -1643.659367 -1654.442208 -1680.797253 -1788.147824 -3579.097804 -3984.058877 -3983.952817 -3959.922720 -3813.673897 -3544.199269 -3266.988561 -3033.685905 -2830.649680 -2707.836355 -2629.136890 -2556.398897 -2480.407477 -2398.440470 -2311.782691 -2223.878689 -2137.225699 -2031.389121 -1544.016258 -1636.702900 -1646.341494 -1644.420275 -1643.310237 -1643.017317 -1642.958433 -1642.948469 -1642.947350 -1642.947678 -1642.948170 -1642.948615 -1642.948995 -1642.949322 -1642.949609 -1642.949868 -1642.950108 -1642.950338 -1642.950563 -1642.950793 -1642.951038 -1642.951312 -1642.951635 -1642.952038 -1642.952570 -1642.953311 -1642.954396 -1642.956057 -1642.958710 -1642.963124 -1642.970771 -1642.984544 -1643.010291 -1643.060213 -1643.160924 -1643.374045 -1643.852036 -1644.997305 -1647.951241 -1656.276332 -1682.518896 -9999.0 -9999.0
-9999.0 -9999.0 -9999.0 -9999.0 -9999.0 -9999.0 -9999.0 -9999.0 -9999.0 -9999.0 -9999.0 -9999.0 -9999.0 -9999.0 -9999.0 -9999.0 -9999.0 -9999.0 -9999.0 -9999.0 -9999.0 -9999.0 -9999.0 -9999.0 -9999.0 -9999.0 -9999.0 -9999.0 -9999.0 -9999.0 -9999.0 -9999.0 -9999.0 -9999.0 -9999.0 -9999.0 -9999.0 -9999.0 -9999.0 -9999.0 -9999.0 -9999.0 -9999.0 -9999.0 -9999.0 -9999.0 -9999.0 -9999.0 -9999.0 -9999.0 -9999.0 -9999.0 -9999.0 -9999.0 -9999.0 -9999.0 -9999.0 -9999.0 -9999.0 -9999.0 -9999.0 -9999.0 -9999.0 -9999.0 -9999.0 -9999.0 -9999.0 -9999.0 -9999.0 -9999.0 -9999.0 -9999.0 -9999.0 -9999.0 -9999.0 -9999.0 -9999.0 -9999.0 -9999.0 -9999.0 -9999.0 -9999.0 -9999.0 -9999.0 -9999.0 -9999.0 -9999.0 -9999.0 -9999.0 -9999.0 -9999.0 -9999.0 -9999.0 -9999.0 -9999.0 -9999.0 -9999.0 -9999.0 -9999.0 -9999.0 -9999.0 -9999.0 -9999.0 -9999.0
-9999.0 -9999.0 -9999.0 -9999.0 -9999.0 -9999.0 -9999.0 -9999.0 -9999.0 -9999.0 -9999.0 -9999.0 -9999.0 -9999.0 -9999.0 -9999.0 -9999.0 -9999.0 -9999.0 -9999.0 -9999.0 -9999.0 -9999.0 -9999.0 -9999.0 -9999.0 -9999.0 -9999.0 -9999.0 -9999.0 -9999.0 -9999.0 -9999.0 -9999.0 -9999.0 -9999.0 -9999.0 -9999.0 -9999.0 -9999.0 -9999.0 -9999.0 -9999.0 -9999.0 -9999.0 -9999.0 -9999.0 -9999.0 -9999.0 -9999.0 -9999.0 -9999.0 -9999.0 -9999.0 -9999.0 -9999.0 -9999.0 -9999.0 -9999.0 -9999.0 -9999.0 -9999.0 -9999.0 -9999.0 -9999.0 -9999.0 -9999.0 -9999.0 -9999.0 -9999.0 -9999.0 -9999.0 -9999.0 -9999.0 -9999.0 -9999.0 -9999.0 -9999.0 -9999.0 -9999.0 -9999.0 -9999.0 -9999.0 -9999.0 -9999.0 -9999.0 -9999.0 -9999.0 -9999.0 -9999.0 -9999.0 -9999.0 -9999.0 -9999.0 -9999.0 -9999.0 -9999.0 -9999.0 -9999.0 -9999.0 -9999.0 -9999.0 -9999.0 -9999.0