inst/processing_geotop_simulation/geotop_simulation/out/maps3D/PwL0017N0033.asc
ncols         104
nrows         10
xllcorner     -2.000000
yllcorner     0.000000
cellsize      1.000000
NODATA_value  -9999.0
-9999.0 -9999.0 -9999.0 -9999.0 -9999.0 -9999.0 -9999.0 -9999.0 -9999.0 -9999.0 -9999.0 -9999.0 -9999.0 -9999.0 -9999.0 -9999.0 -9999.0 -9999.0 -9999.0 -9999.0 -9999.0 -9999.0 -9999.0 -9999.0 -9999.0 -9999.0 -9999.0 -9999.0 -9999.0 -9999.0 -9999.0 -9999.0 -9999.0 -9999.0 -9999.0 -9999.0 -9999.0 -9999.0 -9999.0 -9999.0 -9999.0 -9999.0 -9999.0 -9999.0 -9999.0 -9999.0 -9999.0 -9999.0 -9999.0 -9999.0 -9999.0 -9999.0 -9999.0 -9999.0 -9999.0 -9999.0 -9999.0 -9999.0 -9999.0 -9999.0 -9999.0 -9999.0 -9999.0 -9999.0 -9999.0 -9999.0 -9999.0 -9999.0 -9999.0 -9999.0 -9999.0 -9999.0 -9999.0 -9999.0 -9999.0 -9999.0 -9999.0 -9999.0 -9999.0 -9999.0 -9999.0 -9999.0 -9999.0 -9999.0 -9999.0 -9999.0 -9999.0 -9999.0 -9999.0 -9999.0 -9999.0 -9999.0 -9999.0 -9999.0 -9999.0 -9999.0 -9999.0 -9999.0 -9999.0 -9999.0 -9999.0 -9999.0 -9999.0 -9999.0
-9999.0 -9999.0 -9999.0 -9999.0 -9999.0 -9999.0 -9999.0 -9999.0 -9999.0 -9999.0 -9999.0 -9999.0 -9999.0 -9999.0 -9999.0 -9999.0 -9999.0 -9999.0 -9999.0 -9999.0 -9999.0 -9999.0 -9999.0 -9999.0 -9999.0 -9999.0 -9999.0 -9999.0 -9999.0 -9999.0 -9999.0 -9999.0 -9999.0 -9999.0 -9999.0 -9999.0 -9999.0 -9999.0 -9999.0 -9999.0 -9999.0 -9999.0 -9999.0 -9999.0 -9999.0 -9999.0 -9999.0 -9999.0 -9999.0 -9999.0 -9999.0 -9999.0 -9999.0 -9999.0 -9999.0 -9999.0 -9999.0 -9999.0 -9999.0 -9999.0 -9999.0 -9999.0 -9999.0 -9999.0 -9999.0 -9999.0 -9999.0 -9999.0 -9999.0 -9999.0 -9999.0 -9999.0 -9999.0 -9999.0 -9999.0 -9999.0 -9999.0 -9999.0 -9999.0 -9999.0 -9999.0 -9999.0 -9999.0 -9999.0 -9999.0 -9999.0 -9999.0 -9999.0 -9999.0 -9999.0 -9999.0 -9999.0 -9999.0 -9999.0 -9999.0 -9999.0 -9999.0 -9999.0 -9999.0 -9999.0 -9999.0 -9999.0 -9999.0 -9999.0
-9999.0 -9999.0 -373.505896 -444.137448 -484.313913 -499.227596 -497.471082 -490.445680 -485.719677 -485.166051 -484.917559 -487.125890 -487.321422 -479.295174 -442.510353 -409.229531 -395.607488 -388.556516 -323.701864 -210.457764 -102.093855 12.062035 137.666046 65.158159 -8.615169 -83.728866 -158.457618 -231.228417 -298.539312 -356.534598 -402.007700 -433.992893 -454.456376 -466.593469 -473.385094 -476.976285 -478.659017 -480.790321 -488.222644 -486.352586 -463.887143 -484.664566 -2609.505186 -4133.416389 -4133.663365 -4133.663366 -4133.663366 -4133.663366 -4133.663366 -4133.663366 -4133.663366 -4133.663366 -4133.663366 -4133.663366 -4133.663366 -4133.663366 -4133.663366 -4133.663366 -4133.663366 -4133.663363 -4133.222532 -2489.950472 -522.813805 -506.575093 -488.313856 -483.850003 -482.796986 -482.483174 -482.355094 -482.291874 -482.257493 -482.237200 -482.225671 -482.219029 -482.215694 -482.214692 -482.214595 -482.214869 -482.215349 -482.215975 -482.216840 -482.218156 -482.219934 -482.223074 -482.227986 -482.235452 -482.246797 -482.264414 -482.292649 -482.339090 -482.417878 -482.555712 -482.805993 -483.279531 -484.210193 -486.096198 -489.986681 -498.008847 -514.157682 -545.437481 -608.824046 -749.782774 -9999.0 -9999.0
-9999.0 -9999.0 -373.506023 -444.137533 -484.313945 -499.227599 -497.471081 -490.445682 -485.719680 -485.166055 -484.917560 -487.125890 -487.321422 -479.295174 -442.510352 -409.229531 -395.607488 -388.556516 -323.701864 -210.457764 -102.093855 12.062035 137.666046 65.158159 -8.615169 -83.728866 -158.457618 -231.228417 -298.539312 -356.534598 -402.007700 -433.992893 -454.456376 -466.593469 -473.385094 -476.976285 -478.659017 -480.790321 -488.222644 -486.352586 -463.887143 -484.664566 -2609.505186 -4133.416389 -4133.663365 -4133.663366 -4133.663366 -4133.663366 -4133.663366 -4133.663366 -4133.663366 -4133.663366 -4133.663366 -4133.663366 -4133.663366 -4133.663366 -4133.663366 -4133.663366 -4133.663366 -4133.663363 -4133.222532 -2489.950472 -522.813805 -506.575093 -488.313856 -483.850003 -482.796986 -482.483174 -482.355094 -482.291874 -482.257493 -482.237200 -482.225671 -482.219029 -482.215694 -482.214692 -482.214595 -482.214869 -482.215349 -482.215975 -482.216840 -482.218156 -482.219934 -482.223074 -482.227986 -482.235452 -482.246797 -482.264414 -482.292649 -482.339090 -482.417878 -482.555712 -482.805993 -483.279531 -484.210193 -486.096198 -489.986681 -498.008847 -514.157682 -545.437481 -608.824046 -749.782774 -9999.0 -9999.0
-9999.0 -9999.0 -373.506151 -444.137619 -484.313979 -499.227604 -497.471080 -490.445684 -485.719684 -485.166059 -484.917560 -487.125890 -487.321422 -479.295174 -442.510352 -409.229531 -395.607488 -388.556516 -323.701864 -210.457764 -102.093855 12.062035 137.666046 65.158159 -8.615169 -83.728866 -158.457618 -231.228417 -298.539312 -356.534598 -402.007700 -433.992893 -454.456376 -466.593469 -473.385094 -476.976285 -478.659017 -480.790321 -488.222644 -486.352586 -463.887143 -484.664567 -2609.505186 -4133.416389 -4133.663365 -4133.663366 -4133.663366 -4133.663366 -4133.663366 -4133.663366 -4133.663366 -4133.663366 -4133.663366 -4133.663366 -4133.663366 -4133.663366 -4133.663366 -4133.663366 -4133.663366 -4133.663363 -4133.222532 -2489.950472 -522.813805 -506.575093 -488.313856 -483.850003 -482.796986 -482.483174 -482.355094 -482.291874 -482.257493 -482.237200 -482.225671 -482.219029 -482.215694 -482.214692 -482.214595 -482.214869 -482.215349 -482.215975 -482.216840 -482.218156 -482.219934 -482.223074 -482.227986 -482.235452 -482.246797 -482.264414 -482.292649 -482.339090 -482.417878 -482.555712 -482.805993 -483.279531 -484.210193 -486.096198 -489.986681 -498.008847 -514.157682 -545.437481 -608.824046 -749.782774 -9999.0 -9999.0
-9999.0 -9999.0 -373.506151 -444.137619 -484.313979 -499.227604 -497.471080 -490.445684 -485.719684 -485.166059 -484.917560 -487.125890 -487.321422 -479.295174 -442.510352 -409.229531 -395.607488 -388.556516 -323.701864 -210.457764 -102.093855 12.062035 137.666046 65.158159 -8.615169 -83.728866 -158.457618 -231.228417 -298.539312 -356.534598 -402.007700 -433.992893 -454.456376 -466.593469 -473.385094 -476.976285 -478.659017 -480.790321 -488.222644 -486.352586 -463.887143 -484.664567 -2609.505186 -4133.416389 -4133.663365 -4133.663366 -4133.663366 -4133.663366 -4133.663366 -4133.663366 -4133.663366 -4133.663366 -4133.663366 -4133.663366 -4133.663366 -4133.663366 -4133.663366 -4133.663366 -4133.663366 -4133.663363 -4133.222532 -2489.950472 -522.813805 -506.575093 -488.313856 -483.850003 -482.796986 -482.483174 -482.355094 -482.291874 -482.257493 -482.237200 -482.225671 -482.219029 -482.215694 -482.214692 -482.214595 -482.214869 -482.215349 -482.215975 -482.216840 -482.218156 -482.219934 -482.223074 -482.227986 -482.235452 -482.246797 -482.264414 -482.292649 -482.339090 -482.417878 -482.555712 -482.805993 -483.279531 -484.210193 -486.096198 -489.986681 -498.008847 -514.157682 -545.437481 -608.824046 -749.782774 -9999.0 -9999.0
-9999.0 -9999.0 -373.506023 -444.137533 -484.313945 -499.227599 -497.471081 -490.445682 -485.719680 -485.166055 -484.917560 -487.125890 -487.321422 -479.295174 -442.510352 -409.229531 -395.607488 -388.556516 -323.701864 -210.457764 -102.093855 12.062035 137.666046 65.158159 -8.615169 -83.728866 -158.457618 -231.228417 -298.539312 -356.534598 -402.007700 -433.992893 -454.456376 -466.593469 -473.385094 -476.976285 -478.659017 -480.790321 -488.222644 -486.352586 -463.887143 -484.664566 -2609.505186 -4133.416389 -4133.663365 -4133.663366 -4133.663366 -4133.663366 -4133.663366 -4133.663366 -4133.663366 -4133.663366 -4133.663366 -4133.663366 -4133.663366 -4133.663366 -4133.663366 -4133.663366 -4133.663366 -4133.663363 -4133.222532 -2489.950472 -522.813805 -506.575093 -488.313856 -483.850003 -482.796986 -482.483174 -482.355094 -482.291874 -482.257493 -482.237200 -482.225671 -482.219029 -482.215694 -482.214692 -482.214595 -482.214869 -482.215349 -482.215975 -482.216840 -482.218156 -482.219934 -482.223074 -482.227986 -482.235452 -482.246797 -482.264414 -482.292649 -482.339090 -482.417878 -482.555712 -482.805993 -483.279531 -484.210193 -486.096198 -489.986681 -498.008847 -514.157682 -545.437481 -608.824046 -749.782774 -9999.0 -9999.0
-9999.0 -9999.0 -373.505896 -444.137448 -484.313913 -499.227596 -497.471082 -490.445680 -485.719676 -485.166051 -484.917559 -487.125890 -487.321422 -479.295174 -442.510353 -409.229531 -395.607488 -388.556516 -323.701864 -210.457764 -102.093855 12.062035 137.666046 65.158159 -8.615169 -83.728866 -158.457618 -231.228417 -298.539312 -356.534598 -402.007700 -433.992893 -454.456376 -466.593469 -473.385094 -476.976285 -478.659017 -480.790321 -488.222644 -486.352586 -463.887143 -484.664566 -2609.505186 -4133.416389 -4133.663365 -4133.663366 -4133.663366 -4133.663366 -4133.663366 -4133.663366 -4133.663366 -4133.663366 -4133.663366 -4133.663366 -4133.663366 -4133.663366 -4133.663366 -4133.663366 -4133.663366 -4133.663363 -4133.222532 -2489.950472 -522.813805 -506.575093 -488.313856 -483.850003 -482.796986 -482.483174 -482.355094 -482.291874 -482.257493 -482.237200 -482.225671 -482.219029 -482.215694 -482.214692 -482.214595 -482.214869 -482.215349 -482.215975 -482.216840 -482.218156 -482.219934 -482.223074 -482.227986 -482.235452 -482.246797 -482.264414 -482.292649 -482.339090 -482.417878 -482.555712 -482.805993 -483.279531 -484.210193 -486.096198 -489.986681 -498.008847 -514.157682 -545.437481 -608.824046 -749.782775 -9999.0 -9999.0
-9999.0 -9999.0 -9999.0 -9999.0 -9999.0 -9999.0 -9999.0 -9999.0 -9999.0 -9999.0 -9999.0 -9999.0 -9999.0 -9999.0 -9999.0 -9999.0 -9999.0 -9999.0 -9999.0 -9999.0 -9999.0 -9999.0 -9999.0 -9999.0 -9999.0 -9999.0 -9999.0 -9999.0 -9999.0 -9999.0 -9999.0 -9999.0 -9999.0 -9999.0 -9999.0 -9999.0 -9999.0 -9999.0 -9999.0 -9999.0 -9999.0 -9999.0 -9999.0 -9999.0 -9999.0 -9999.0 -9999.0 -9999.0 -9999.0 -9999.0 -9999.0 -9999.0 -9999.0 -9999.0 -9999.0 -9999.0 -9999.0 -9999.0 -9999.0 -9999.0 -9999.0 -9999.0 -9999.0 -9999.0 -9999.0 -9999.0 -9999.0 -9999.0 -9999.0 -9999.0 -9999.0 -9999.0 -9999.0 -9999.0 -9999.0 -9999.0 -9999.0 -9999.0 -9999.0 -9999.0 -9999.0 -9999.0 -9999.0 -9999.0 -9999.0 -9999.0 -9999.0 -9999.0 -9999.0 -9999.0 -9999.0 -9999.0 -9999.0 -9999.0 -9999.0 -9999.0 -9999.0 -9999.0 -9999.0 -9999.0 -9999.0 -9999.0 -9999.0 -9999.0
-9999.0 -9999.0 -9999.0 -9999.0 -9999.0 -9999.0 -9999.0 -9999.0 -9999.0 -9999.0 -9999.0 -9999.0 -9999.0 -9999.0 -9999.0 -9999.0 -9999.0 -9999.0 -9999.0 -9999.0 -9999.0 -9999.0 -9999.0 -9999.0 -9999.0 -9999.0 -9999.0 -9999.0 -9999.0 -9999.0 -9999.0 -9999.0 -9999.0 -9999.0 -9999.0 -9999.0 -9999.0 -9999.0 -9999.0 -9999.0 -9999.0 -9999.0 -9999.0 -9999.0 -9999.0 -9999.0 -9999.0 -9999.0 -9999.0 -9999.0 -9999.0 -9999.0 -9999.0 -9999.0 -9999.0 -9999.0 -9999.0 -9999.0 -9999.0 -9999.0 -9999.0 -9999.0 -9999.0 -9999.0 -9999.0 -9999.0 -9999.0 -9999.0 -9999.0 -9999.0 -9999.0 -9999.0 -9999.0 -9999.0 -9999.0 -9999.0 -9999.0 -9999.0 -9999.0 -9999.0 -9999.0 -9999.0 -9999.0 -9999.0 -9999.0 -9999.0 -9999.0 -9999.0 -9999.0 -9999.0 -9999.0 -9999.0 -9999.0 -9999.0 -9999.0 -9999.0 -9999.0 -9999.0 -9999.0 -9999.0 -9999.0 -9999.0 -9999.0 -9999.0