inst/processing_geotop_simulation/geotop_simulation/out/maps3D/PwL0009N0262.asc
ncols         104
nrows         10
xllcorner     -2.000000
yllcorner     0.000000
cellsize      1.000000
NODATA_value  -9999.0
-9999.0 -9999.0 -9999.0 -9999.0 -9999.0 -9999.0 -9999.0 -9999.0 -9999.0 -9999.0 -9999.0 -9999.0 -9999.0 -9999.0 -9999.0 -9999.0 -9999.0 -9999.0 -9999.0 -9999.0 -9999.0 -9999.0 -9999.0 -9999.0 -9999.0 -9999.0 -9999.0 -9999.0 -9999.0 -9999.0 -9999.0 -9999.0 -9999.0 -9999.0 -9999.0 -9999.0 -9999.0 -9999.0 -9999.0 -9999.0 -9999.0 -9999.0 -9999.0 -9999.0 -9999.0 -9999.0 -9999.0 -9999.0 -9999.0 -9999.0 -9999.0 -9999.0 -9999.0 -9999.0 -9999.0 -9999.0 -9999.0 -9999.0 -9999.0 -9999.0 -9999.0 -9999.0 -9999.0 -9999.0 -9999.0 -9999.0 -9999.0 -9999.0 -9999.0 -9999.0 -9999.0 -9999.0 -9999.0 -9999.0 -9999.0 -9999.0 -9999.0 -9999.0 -9999.0 -9999.0 -9999.0 -9999.0 -9999.0 -9999.0 -9999.0 -9999.0 -9999.0 -9999.0 -9999.0 -9999.0 -9999.0 -9999.0 -9999.0 -9999.0 -9999.0 -9999.0 -9999.0 -9999.0 -9999.0 -9999.0 -9999.0 -9999.0 -9999.0 -9999.0
-9999.0 -9999.0 -9999.0 -9999.0 -9999.0 -9999.0 -9999.0 -9999.0 -9999.0 -9999.0 -9999.0 -9999.0 -9999.0 -9999.0 -9999.0 -9999.0 -9999.0 -9999.0 -9999.0 -9999.0 -9999.0 -9999.0 -9999.0 -9999.0 -9999.0 -9999.0 -9999.0 -9999.0 -9999.0 -9999.0 -9999.0 -9999.0 -9999.0 -9999.0 -9999.0 -9999.0 -9999.0 -9999.0 -9999.0 -9999.0 -9999.0 -9999.0 -9999.0 -9999.0 -9999.0 -9999.0 -9999.0 -9999.0 -9999.0 -9999.0 -9999.0 -9999.0 -9999.0 -9999.0 -9999.0 -9999.0 -9999.0 -9999.0 -9999.0 -9999.0 -9999.0 -9999.0 -9999.0 -9999.0 -9999.0 -9999.0 -9999.0 -9999.0 -9999.0 -9999.0 -9999.0 -9999.0 -9999.0 -9999.0 -9999.0 -9999.0 -9999.0 -9999.0 -9999.0 -9999.0 -9999.0 -9999.0 -9999.0 -9999.0 -9999.0 -9999.0 -9999.0 -9999.0 -9999.0 -9999.0 -9999.0 -9999.0 -9999.0 -9999.0 -9999.0 -9999.0 -9999.0 -9999.0 -9999.0 -9999.0 -9999.0 -9999.0 -9999.0 -9999.0
-9999.0 -9999.0 425.839749 329.394088 231.731717 133.543783 35.138154 -63.351332 -161.867766 -260.373301 -358.824160 -457.144928 -555.171056 -652.565181 -749.519451 -846.625936 -943.424723 -1039.929319 -1134.969322 -1226.559825 -1313.337801 -1392.009936 -1459.587592 -1514.629640 -1557.436643 -1589.512748 -1612.866852 -1629.496873 -1641.130417 -1649.149795 -1654.610055 -1658.290139 -1660.750299 -1662.384812 -1663.466471 -1664.183488 -1664.673852 -1665.083834 -1665.790987 -1668.287249 -1676.774508 -1684.543489 -1271.389542 -1405.279365 -1360.520967 -1332.760427 -1320.070607 -1318.347183 -1318.170576 -1318.188960 -1318.235190 -1318.284764 -1318.332371 -1318.376436 -1318.417237 -1318.463883 -1318.605205 -1319.589863 -1326.149761 -1341.072937 -1362.004316 -1210.130262 -1654.051608 -1670.099293 -1666.933262 -1665.891876 -1665.694187 -1665.662213 -1665.657732 -1665.657705 -1665.658323 -1665.658921 -1665.659400 -1665.659768 -1665.660051 -1665.660271 -1665.660447 -1665.660590 -1665.660710 -1665.660818 -1665.660924 -1665.661042 -1665.661191 -1665.661397 -1665.661700 -1665.662165 -1665.662897 -1665.664068 -1665.665975 -1665.669141 -1665.674518 -1665.683899 -1665.700761 -1665.731987 -1665.791452 -1665.907785 -1666.142534 -1666.637033 -1667.743148 -1670.418692 -1677.635365 -1700.757823 -9999.0 -9999.0
-9999.0 -9999.0 425.846536 329.395894 231.732212 133.543931 35.138202 -63.351315 -161.867760 -260.373299 -358.824159 -457.144928 -555.171056 -652.565181 -749.519451 -846.625936 -943.424723 -1039.929319 -1134.969322 -1226.559826 -1313.337802 -1392.009936 -1459.587593 -1514.629641 -1557.436643 -1589.512749 -1612.866852 -1629.496873 -1641.130418 -1649.149795 -1654.610055 -1658.290139 -1660.750299 -1662.384812 -1663.466471 -1664.183488 -1664.673852 -1665.083834 -1665.790987 -1668.287249 -1676.774508 -1684.543489 -1271.389542 -1405.279365 -1360.520967 -1332.760426 -1320.070607 -1318.347183 -1318.170576 -1318.188960 -1318.235190 -1318.284764 -1318.332371 -1318.376436 -1318.417237 -1318.463883 -1318.605205 -1319.589863 -1326.149761 -1341.072937 -1362.004316 -1210.130262 -1654.051608 -1670.099293 -1666.933262 -1665.891876 -1665.694187 -1665.662213 -1665.657732 -1665.657705 -1665.658323 -1665.658921 -1665.659400 -1665.659768 -1665.660051 -1665.660271 -1665.660447 -1665.660590 -1665.660710 -1665.660818 -1665.660924 -1665.661042 -1665.661191 -1665.661397 -1665.661700 -1665.662165 -1665.662897 -1665.664068 -1665.665975 -1665.669141 -1665.674518 -1665.683899 -1665.700761 -1665.731987 -1665.791452 -1665.907785 -1666.142534 -1666.637033 -1667.743148 -1670.418692 -1677.635365 -1700.757823 -9999.0 -9999.0
-9999.0 -9999.0 425.848037 329.396690 231.732530 133.544048 35.138244 -63.351301 -161.867755 -260.373297 -358.824159 -457.144928 -555.171056 -652.565181 -749.519451 -846.625936 -943.424723 -1039.929319 -1134.969322 -1226.559826 -1313.337802 -1392.009936 -1459.587593 -1514.629641 -1557.436643 -1589.512749 -1612.866852 -1629.496873 -1641.130418 -1649.149795 -1654.610055 -1658.290139 -1660.750299 -1662.384812 -1663.466471 -1664.183488 -1664.673852 -1665.083834 -1665.790987 -1668.287249 -1676.774508 -1684.543489 -1271.389542 -1405.279365 -1360.520966 -1332.760426 -1320.070607 -1318.347183 -1318.170575 -1318.188960 -1318.235190 -1318.284764 -1318.332371 -1318.376436 -1318.417237 -1318.463883 -1318.605205 -1319.589863 -1326.149761 -1341.072937 -1362.004316 -1210.130262 -1654.051608 -1670.099293 -1666.933262 -1665.891876 -1665.694187 -1665.662213 -1665.657732 -1665.657705 -1665.658323 -1665.658921 -1665.659400 -1665.659768 -1665.660051 -1665.660271 -1665.660447 -1665.660590 -1665.660710 -1665.660818 -1665.660924 -1665.661042 -1665.661191 -1665.661397 -1665.661700 -1665.662165 -1665.662897 -1665.664068 -1665.665975 -1665.669141 -1665.674518 -1665.683899 -1665.700761 -1665.731987 -1665.791452 -1665.907785 -1666.142534 -1666.637033 -1667.743148 -1670.418692 -1677.635365 -1700.757823 -9999.0 -9999.0
-9999.0 -9999.0 425.848037 329.396690 231.732530 133.544048 35.138244 -63.351301 -161.867755 -260.373297 -358.824159 -457.144928 -555.171056 -652.565181 -749.519451 -846.625936 -943.424723 -1039.929319 -1134.969322 -1226.559826 -1313.337802 -1392.009936 -1459.587593 -1514.629641 -1557.436643 -1589.512749 -1612.866852 -1629.496873 -1641.130418 -1649.149795 -1654.610055 -1658.290139 -1660.750299 -1662.384812 -1663.466471 -1664.183488 -1664.673852 -1665.083834 -1665.790987 -1668.287249 -1676.774508 -1684.543489 -1271.389542 -1405.279365 -1360.520966 -1332.760426 -1320.070607 -1318.347183 -1318.170575 -1318.188960 -1318.235190 -1318.284764 -1318.332371 -1318.376436 -1318.417237 -1318.463883 -1318.605205 -1319.589863 -1326.149761 -1341.072937 -1362.004316 -1210.130262 -1654.051608 -1670.099293 -1666.933262 -1665.891876 -1665.694187 -1665.662213 -1665.657732 -1665.657705 -1665.658323 -1665.658921 -1665.659400 -1665.659768 -1665.660051 -1665.660271 -1665.660447 -1665.660590 -1665.660710 -1665.660818 -1665.660924 -1665.661042 -1665.661191 -1665.661397 -1665.661700 -1665.662165 -1665.662897 -1665.664068 -1665.665975 -1665.669141 -1665.674518 -1665.683899 -1665.700761 -1665.731987 -1665.791452 -1665.907785 -1666.142534 -1666.637033 -1667.743148 -1670.418692 -1677.635365 -1700.757823 -9999.0 -9999.0
-9999.0 -9999.0 425.846536 329.395894 231.732212 133.543931 35.138202 -63.351315 -161.867760 -260.373299 -358.824159 -457.144928 -555.171056 -652.565181 -749.519451 -846.625936 -943.424723 -1039.929319 -1134.969322 -1226.559826 -1313.337802 -1392.009936 -1459.587593 -1514.629641 -1557.436643 -1589.512749 -1612.866852 -1629.496873 -1641.130418 -1649.149795 -1654.610055 -1658.290139 -1660.750299 -1662.384812 -1663.466471 -1664.183488 -1664.673852 -1665.083834 -1665.790987 -1668.287249 -1676.774508 -1684.543489 -1271.389542 -1405.279365 -1360.520967 -1332.760426 -1320.070607 -1318.347183 -1318.170576 -1318.188960 -1318.235190 -1318.284764 -1318.332371 -1318.376436 -1318.417237 -1318.463883 -1318.605205 -1319.589863 -1326.149761 -1341.072937 -1362.004316 -1210.130262 -1654.051608 -1670.099293 -1666.933262 -1665.891876 -1665.694187 -1665.662213 -1665.657732 -1665.657705 -1665.658323 -1665.658921 -1665.659400 -1665.659768 -1665.660051 -1665.660271 -1665.660447 -1665.660590 -1665.660710 -1665.660818 -1665.660924 -1665.661042 -1665.661191 -1665.661397 -1665.661700 -1665.662165 -1665.662897 -1665.664068 -1665.665975 -1665.669141 -1665.674518 -1665.683899 -1665.700761 -1665.731987 -1665.791452 -1665.907785 -1666.142534 -1666.637033 -1667.743148 -1670.418692 -1677.635365 -1700.757823 -9999.0 -9999.0
-9999.0 -9999.0 425.839749 329.394088 231.731717 133.543783 35.138154 -63.351332 -161.867766 -260.373301 -358.824160 -457.144928 -555.171056 -652.565181 -749.519451 -846.625936 -943.424723 -1039.929319 -1134.969322 -1226.559825 -1313.337801 -1392.009936 -1459.587592 -1514.629640 -1557.436643 -1589.512748 -1612.866852 -1629.496873 -1641.130417 -1649.149795 -1654.610055 -1658.290139 -1660.750299 -1662.384812 -1663.466471 -1664.183488 -1664.673852 -1665.083834 -1665.790987 -1668.287249 -1676.774508 -1684.543489 -1271.389542 -1405.279365 -1360.520967 -1332.760427 -1320.070607 -1318.347183 -1318.170576 -1318.188960 -1318.235190 -1318.284764 -1318.332371 -1318.376436 -1318.417237 -1318.463883 -1318.605205 -1319.589863 -1326.149761 -1341.072937 -1362.004316 -1210.130262 -1654.051608 -1670.099293 -1666.933262 -1665.891876 -1665.694187 -1665.662213 -1665.657732 -1665.657705 -1665.658323 -1665.658921 -1665.659400 -1665.659768 -1665.660051 -1665.660271 -1665.660447 -1665.660590 -1665.660710 -1665.660818 -1665.660924 -1665.661042 -1665.661191 -1665.661397 -1665.661700 -1665.662165 -1665.662897 -1665.664068 -1665.665975 -1665.669141 -1665.674518 -1665.683899 -1665.700761 -1665.731987 -1665.791452 -1665.907785 -1666.142534 -1666.637033 -1667.743148 -1670.418692 -1677.635365 -1700.757823 -9999.0 -9999.0
-9999.0 -9999.0 -9999.0 -9999.0 -9999.0 -9999.0 -9999.0 -9999.0 -9999.0 -9999.0 -9999.0 -9999.0 -9999.0 -9999.0 -9999.0 -9999.0 -9999.0 -9999.0 -9999.0 -9999.0 -9999.0 -9999.0 -9999.0 -9999.0 -9999.0 -9999.0 -9999.0 -9999.0 -9999.0 -9999.0 -9999.0 -9999.0 -9999.0 -9999.0 -9999.0 -9999.0 -9999.0 -9999.0 -9999.0 -9999.0 -9999.0 -9999.0 -9999.0 -9999.0 -9999.0 -9999.0 -9999.0 -9999.0 -9999.0 -9999.0 -9999.0 -9999.0 -9999.0 -9999.0 -9999.0 -9999.0 -9999.0 -9999.0 -9999.0 -9999.0 -9999.0 -9999.0 -9999.0 -9999.0 -9999.0 -9999.0 -9999.0 -9999.0 -9999.0 -9999.0 -9999.0 -9999.0 -9999.0 -9999.0 -9999.0 -9999.0 -9999.0 -9999.0 -9999.0 -9999.0 -9999.0 -9999.0 -9999.0 -9999.0 -9999.0 -9999.0 -9999.0 -9999.0 -9999.0 -9999.0 -9999.0 -9999.0 -9999.0 -9999.0 -9999.0 -9999.0 -9999.0 -9999.0 -9999.0 -9999.0 -9999.0 -9999.0 -9999.0 -9999.0
-9999.0 -9999.0 -9999.0 -9999.0 -9999.0 -9999.0 -9999.0 -9999.0 -9999.0 -9999.0 -9999.0 -9999.0 -9999.0 -9999.0 -9999.0 -9999.0 -9999.0 -9999.0 -9999.0 -9999.0 -9999.0 -9999.0 -9999.0 -9999.0 -9999.0 -9999.0 -9999.0 -9999.0 -9999.0 -9999.0 -9999.0 -9999.0 -9999.0 -9999.0 -9999.0 -9999.0 -9999.0 -9999.0 -9999.0 -9999.0 -9999.0 -9999.0 -9999.0 -9999.0 -9999.0 -9999.0 -9999.0 -9999.0 -9999.0 -9999.0 -9999.0 -9999.0 -9999.0 -9999.0 -9999.0 -9999.0 -9999.0 -9999.0 -9999.0 -9999.0 -9999.0 -9999.0 -9999.0 -9999.0 -9999.0 -9999.0 -9999.0 -9999.0 -9999.0 -9999.0 -9999.0 -9999.0 -9999.0 -9999.0 -9999.0 -9999.0 -9999.0 -9999.0 -9999.0 -9999.0 -9999.0 -9999.0 -9999.0 -9999.0 -9999.0 -9999.0 -9999.0 -9999.0 -9999.0 -9999.0 -9999.0 -9999.0 -9999.0 -9999.0 -9999.0 -9999.0 -9999.0 -9999.0 -9999.0 -9999.0 -9999.0 -9999.0 -9999.0 -9999.0