inst/processing_geotop_simulation/geotop_simulation/out/maps3D/PwL0009N0464.asc
ncols         104
nrows         10
xllcorner     -2.000000
yllcorner     0.000000
cellsize      1.000000
NODATA_value  -9999.0
-9999.0 -9999.0 -9999.0 -9999.0 -9999.0 -9999.0 -9999.0 -9999.0 -9999.0 -9999.0 -9999.0 -9999.0 -9999.0 -9999.0 -9999.0 -9999.0 -9999.0 -9999.0 -9999.0 -9999.0 -9999.0 -9999.0 -9999.0 -9999.0 -9999.0 -9999.0 -9999.0 -9999.0 -9999.0 -9999.0 -9999.0 -9999.0 -9999.0 -9999.0 -9999.0 -9999.0 -9999.0 -9999.0 -9999.0 -9999.0 -9999.0 -9999.0 -9999.0 -9999.0 -9999.0 -9999.0 -9999.0 -9999.0 -9999.0 -9999.0 -9999.0 -9999.0 -9999.0 -9999.0 -9999.0 -9999.0 -9999.0 -9999.0 -9999.0 -9999.0 -9999.0 -9999.0 -9999.0 -9999.0 -9999.0 -9999.0 -9999.0 -9999.0 -9999.0 -9999.0 -9999.0 -9999.0 -9999.0 -9999.0 -9999.0 -9999.0 -9999.0 -9999.0 -9999.0 -9999.0 -9999.0 -9999.0 -9999.0 -9999.0 -9999.0 -9999.0 -9999.0 -9999.0 -9999.0 -9999.0 -9999.0 -9999.0 -9999.0 -9999.0 -9999.0 -9999.0 -9999.0 -9999.0 -9999.0 -9999.0 -9999.0 -9999.0 -9999.0 -9999.0
-9999.0 -9999.0 -9999.0 -9999.0 -9999.0 -9999.0 -9999.0 -9999.0 -9999.0 -9999.0 -9999.0 -9999.0 -9999.0 -9999.0 -9999.0 -9999.0 -9999.0 -9999.0 -9999.0 -9999.0 -9999.0 -9999.0 -9999.0 -9999.0 -9999.0 -9999.0 -9999.0 -9999.0 -9999.0 -9999.0 -9999.0 -9999.0 -9999.0 -9999.0 -9999.0 -9999.0 -9999.0 -9999.0 -9999.0 -9999.0 -9999.0 -9999.0 -9999.0 -9999.0 -9999.0 -9999.0 -9999.0 -9999.0 -9999.0 -9999.0 -9999.0 -9999.0 -9999.0 -9999.0 -9999.0 -9999.0 -9999.0 -9999.0 -9999.0 -9999.0 -9999.0 -9999.0 -9999.0 -9999.0 -9999.0 -9999.0 -9999.0 -9999.0 -9999.0 -9999.0 -9999.0 -9999.0 -9999.0 -9999.0 -9999.0 -9999.0 -9999.0 -9999.0 -9999.0 -9999.0 -9999.0 -9999.0 -9999.0 -9999.0 -9999.0 -9999.0 -9999.0 -9999.0 -9999.0 -9999.0 -9999.0 -9999.0 -9999.0 -9999.0 -9999.0 -9999.0 -9999.0 -9999.0 -9999.0 -9999.0 -9999.0 -9999.0 -9999.0 -9999.0
-9999.0 -9999.0 422.642801 323.944304 224.798198 125.459388 26.041238 -73.407080 -172.865270 -272.321597 -371.764374 -471.177371 -570.529387 -669.760061 -768.908138 -868.075986 -967.177538 -1066.207427 -1164.933525 -1262.874486 -1359.502491 -1453.488417 -1542.655662 -1624.334385 -1696.151704 -1756.711409 -1805.818530 -1844.287647 -1873.554023 -1895.288024 -1911.115898 -1922.463993 -1930.500159 -1936.135847 -1940.058948 -1942.779332 -1944.684997 -1946.140510 -1947.723701 -1950.452870 -1951.734617 -1906.681700 -1291.123904 -1384.345668 -1356.144060 -1337.060675 -1328.234820 -1326.931828 -1326.792801 -1326.804255 -1326.837035 -1326.872398 -1326.906394 -1326.937882 -1326.967190 -1327.002041 -1327.115092 -1327.882370 -1332.524836 -1342.872521 -1353.632139 -1246.412715 -1873.040247 -1944.997517 -1949.476421 -1949.023351 -1948.800838 -1948.750025 -1948.740987 -1948.739892 -1948.740121 -1948.740501 -1948.740837 -1948.741110 -1948.741332 -1948.741516 -1948.741672 -1948.741809 -1948.741934 -1948.742053 -1948.742173 -1948.742304 -1948.742458 -1948.742654 -1948.742919 -1948.743300 -1948.743869 -1948.744751 -1948.746158 -1948.748475 -1948.752410 -1948.759316 -1948.771851 -1948.795358 -1948.840892 -1948.932260 -1949.123800 -1949.548854 -1950.562348 -1953.203472 -1960.878048 -1986.151650 -9999.0 -9999.0
-9999.0 -9999.0 422.648611 323.945848 224.798620 125.459515 26.041279 -73.407066 -172.865265 -272.321595 -371.764373 -471.177371 -570.529386 -669.760060 -768.908138 -868.075986 -967.177538 -1066.207428 -1164.933525 -1262.874487 -1359.502492 -1453.488417 -1542.655662 -1624.334385 -1696.151704 -1756.711409 -1805.818530 -1844.287647 -1873.554023 -1895.288024 -1911.115898 -1922.463993 -1930.500159 -1936.135847 -1940.058948 -1942.779332 -1944.684997 -1946.140510 -1947.723701 -1950.452870 -1951.734617 -1906.681700 -1291.123904 -1384.345668 -1356.144060 -1337.060674 -1328.234820 -1326.931828 -1326.792801 -1326.804255 -1326.837035 -1326.872398 -1326.906394 -1326.937882 -1326.967190 -1327.002041 -1327.115092 -1327.882370 -1332.524836 -1342.872521 -1353.632139 -1246.412715 -1873.040247 -1944.997517 -1949.476421 -1949.023351 -1948.800838 -1948.750025 -1948.740987 -1948.739892 -1948.740121 -1948.740501 -1948.740837 -1948.741110 -1948.741332 -1948.741516 -1948.741672 -1948.741809 -1948.741934 -1948.742053 -1948.742173 -1948.742304 -1948.742458 -1948.742654 -1948.742919 -1948.743300 -1948.743869 -1948.744751 -1948.746158 -1948.748475 -1948.752410 -1948.759316 -1948.771851 -1948.795358 -1948.840892 -1948.932260 -1949.123800 -1949.548853 -1950.562348 -1953.203472 -1960.878048 -1986.151650 -9999.0 -9999.0
-9999.0 -9999.0 422.649896 323.946528 224.798893 125.459615 26.041315 -73.407053 -172.865260 -272.321593 -371.764372 -471.177370 -570.529386 -669.760060 -768.908138 -868.075986 -967.177538 -1066.207428 -1164.933525 -1262.874487 -1359.502492 -1453.488417 -1542.655662 -1624.334385 -1696.151704 -1756.711409 -1805.818530 -1844.287647 -1873.554023 -1895.288024 -1911.115898 -1922.463993 -1930.500159 -1936.135847 -1940.058948 -1942.779332 -1944.684997 -1946.140510 -1947.723701 -1950.452870 -1951.734617 -1906.681700 -1291.123904 -1384.345668 -1356.144060 -1337.060674 -1328.234820 -1326.931828 -1326.792801 -1326.804255 -1326.837035 -1326.872398 -1326.906394 -1326.937882 -1326.967190 -1327.002041 -1327.115092 -1327.882370 -1332.524836 -1342.872521 -1353.632139 -1246.412715 -1873.040247 -1944.997517 -1949.476421 -1949.023351 -1948.800838 -1948.750025 -1948.740987 -1948.739892 -1948.740121 -1948.740501 -1948.740837 -1948.741110 -1948.741332 -1948.741516 -1948.741672 -1948.741809 -1948.741934 -1948.742053 -1948.742173 -1948.742304 -1948.742458 -1948.742654 -1948.742919 -1948.743300 -1948.743869 -1948.744751 -1948.746158 -1948.748475 -1948.752410 -1948.759316 -1948.771851 -1948.795358 -1948.840892 -1948.932260 -1949.123800 -1949.548853 -1950.562348 -1953.203472 -1960.878048 -1986.151650 -9999.0 -9999.0
-9999.0 -9999.0 422.649896 323.946529 224.798892 125.459615 26.041315 -73.407053 -172.865260 -272.321593 -371.764372 -471.177371 -570.529386 -669.760060 -768.908137 -868.075986 -967.177538 -1066.207428 -1164.933525 -1262.874487 -1359.502492 -1453.488417 -1542.655662 -1624.334385 -1696.151704 -1756.711409 -1805.818530 -1844.287647 -1873.554023 -1895.288024 -1911.115898 -1922.463993 -1930.500159 -1936.135847 -1940.058948 -1942.779332 -1944.684997 -1946.140510 -1947.723701 -1950.452870 -1951.734617 -1906.681700 -1291.123904 -1384.345668 -1356.144060 -1337.060674 -1328.234820 -1326.931828 -1326.792801 -1326.804255 -1326.837035 -1326.872398 -1326.906394 -1326.937882 -1326.967190 -1327.002041 -1327.115092 -1327.882370 -1332.524836 -1342.872521 -1353.632139 -1246.412715 -1873.040247 -1944.997517 -1949.476421 -1949.023351 -1948.800838 -1948.750025 -1948.740987 -1948.739892 -1948.740121 -1948.740501 -1948.740837 -1948.741110 -1948.741332 -1948.741516 -1948.741672 -1948.741809 -1948.741934 -1948.742053 -1948.742173 -1948.742304 -1948.742458 -1948.742654 -1948.742919 -1948.743300 -1948.743869 -1948.744751 -1948.746158 -1948.748475 -1948.752410 -1948.759316 -1948.771851 -1948.795358 -1948.840892 -1948.932260 -1949.123800 -1949.548853 -1950.562348 -1953.203472 -1960.878048 -1986.151650 -9999.0 -9999.0
-9999.0 -9999.0 422.648611 323.945848 224.798620 125.459515 26.041279 -73.407066 -172.865265 -272.321595 -371.764373 -471.177371 -570.529386 -669.760060 -768.908138 -868.075986 -967.177538 -1066.207428 -1164.933525 -1262.874487 -1359.502492 -1453.488417 -1542.655662 -1624.334385 -1696.151704 -1756.711409 -1805.818530 -1844.287647 -1873.554023 -1895.288024 -1911.115898 -1922.463993 -1930.500159 -1936.135847 -1940.058948 -1942.779332 -1944.684997 -1946.140510 -1947.723701 -1950.452870 -1951.734617 -1906.681700 -1291.123904 -1384.345668 -1356.144060 -1337.060674 -1328.234820 -1326.931828 -1326.792801 -1326.804255 -1326.837035 -1326.872398 -1326.906394 -1326.937882 -1326.967190 -1327.002041 -1327.115092 -1327.882370 -1332.524836 -1342.872521 -1353.632139 -1246.412715 -1873.040247 -1944.997517 -1949.476421 -1949.023351 -1948.800838 -1948.750025 -1948.740987 -1948.739892 -1948.740121 -1948.740501 -1948.740837 -1948.741110 -1948.741332 -1948.741516 -1948.741672 -1948.741809 -1948.741934 -1948.742053 -1948.742173 -1948.742304 -1948.742458 -1948.742654 -1948.742919 -1948.743300 -1948.743869 -1948.744751 -1948.746158 -1948.748475 -1948.752410 -1948.759316 -1948.771851 -1948.795358 -1948.840892 -1948.932260 -1949.123800 -1949.548853 -1950.562348 -1953.203472 -1960.878048 -1986.151650 -9999.0 -9999.0
-9999.0 -9999.0 422.642801 323.944305 224.798198 125.459388 26.041238 -73.407080 -172.865270 -272.321597 -371.764374 -471.177372 -570.529387 -669.760061 -768.908138 -868.075986 -967.177538 -1066.207427 -1164.933525 -1262.874486 -1359.502491 -1453.488417 -1542.655662 -1624.334385 -1696.151704 -1756.711409 -1805.818530 -1844.287647 -1873.554023 -1895.288024 -1911.115898 -1922.463993 -1930.500159 -1936.135847 -1940.058948 -1942.779332 -1944.684997 -1946.140510 -1947.723701 -1950.452870 -1951.734617 -1906.681700 -1291.123904 -1384.345668 -1356.144060 -1337.060675 -1328.234820 -1326.931828 -1326.792801 -1326.804255 -1326.837035 -1326.872398 -1326.906394 -1326.937882 -1326.967190 -1327.002041 -1327.115092 -1327.882370 -1332.524836 -1342.872521 -1353.632139 -1246.412715 -1873.040247 -1944.997517 -1949.476421 -1949.023351 -1948.800838 -1948.750025 -1948.740987 -1948.739892 -1948.740121 -1948.740501 -1948.740837 -1948.741110 -1948.741332 -1948.741516 -1948.741672 -1948.741809 -1948.741934 -1948.742053 -1948.742173 -1948.742304 -1948.742458 -1948.742654 -1948.742919 -1948.743300 -1948.743869 -1948.744751 -1948.746158 -1948.748475 -1948.752410 -1948.759316 -1948.771851 -1948.795358 -1948.840892 -1948.932260 -1949.123800 -1949.548854 -1950.562348 -1953.203472 -1960.878048 -1986.151650 -9999.0 -9999.0
-9999.0 -9999.0 -9999.0 -9999.0 -9999.0 -9999.0 -9999.0 -9999.0 -9999.0 -9999.0 -9999.0 -9999.0 -9999.0 -9999.0 -9999.0 -9999.0 -9999.0 -9999.0 -9999.0 -9999.0 -9999.0 -9999.0 -9999.0 -9999.0 -9999.0 -9999.0 -9999.0 -9999.0 -9999.0 -9999.0 -9999.0 -9999.0 -9999.0 -9999.0 -9999.0 -9999.0 -9999.0 -9999.0 -9999.0 -9999.0 -9999.0 -9999.0 -9999.0 -9999.0 -9999.0 -9999.0 -9999.0 -9999.0 -9999.0 -9999.0 -9999.0 -9999.0 -9999.0 -9999.0 -9999.0 -9999.0 -9999.0 -9999.0 -9999.0 -9999.0 -9999.0 -9999.0 -9999.0 -9999.0 -9999.0 -9999.0 -9999.0 -9999.0 -9999.0 -9999.0 -9999.0 -9999.0 -9999.0 -9999.0 -9999.0 -9999.0 -9999.0 -9999.0 -9999.0 -9999.0 -9999.0 -9999.0 -9999.0 -9999.0 -9999.0 -9999.0 -9999.0 -9999.0 -9999.0 -9999.0 -9999.0 -9999.0 -9999.0 -9999.0 -9999.0 -9999.0 -9999.0 -9999.0 -9999.0 -9999.0 -9999.0 -9999.0 -9999.0 -9999.0
-9999.0 -9999.0 -9999.0 -9999.0 -9999.0 -9999.0 -9999.0 -9999.0 -9999.0 -9999.0 -9999.0 -9999.0 -9999.0 -9999.0 -9999.0 -9999.0 -9999.0 -9999.0 -9999.0 -9999.0 -9999.0 -9999.0 -9999.0 -9999.0 -9999.0 -9999.0 -9999.0 -9999.0 -9999.0 -9999.0 -9999.0 -9999.0 -9999.0 -9999.0 -9999.0 -9999.0 -9999.0 -9999.0 -9999.0 -9999.0 -9999.0 -9999.0 -9999.0 -9999.0 -9999.0 -9999.0 -9999.0 -9999.0 -9999.0 -9999.0 -9999.0 -9999.0 -9999.0 -9999.0 -9999.0 -9999.0 -9999.0 -9999.0 -9999.0 -9999.0 -9999.0 -9999.0 -9999.0 -9999.0 -9999.0 -9999.0 -9999.0 -9999.0 -9999.0 -9999.0 -9999.0 -9999.0 -9999.0 -9999.0 -9999.0 -9999.0 -9999.0 -9999.0 -9999.0 -9999.0 -9999.0 -9999.0 -9999.0 -9999.0 -9999.0 -9999.0 -9999.0 -9999.0 -9999.0 -9999.0 -9999.0 -9999.0 -9999.0 -9999.0 -9999.0 -9999.0 -9999.0 -9999.0 -9999.0 -9999.0 -9999.0 -9999.0 -9999.0 -9999.0