inst/processing_geotop_simulation/geotop_simulation/out/maps3D/PwL0010N0342.asc
ncols         104
nrows         10
xllcorner     -2.000000
yllcorner     0.000000
cellsize      1.000000
NODATA_value  -9999.0
-9999.0 -9999.0 -9999.0 -9999.0 -9999.0 -9999.0 -9999.0 -9999.0 -9999.0 -9999.0 -9999.0 -9999.0 -9999.0 -9999.0 -9999.0 -9999.0 -9999.0 -9999.0 -9999.0 -9999.0 -9999.0 -9999.0 -9999.0 -9999.0 -9999.0 -9999.0 -9999.0 -9999.0 -9999.0 -9999.0 -9999.0 -9999.0 -9999.0 -9999.0 -9999.0 -9999.0 -9999.0 -9999.0 -9999.0 -9999.0 -9999.0 -9999.0 -9999.0 -9999.0 -9999.0 -9999.0 -9999.0 -9999.0 -9999.0 -9999.0 -9999.0 -9999.0 -9999.0 -9999.0 -9999.0 -9999.0 -9999.0 -9999.0 -9999.0 -9999.0 -9999.0 -9999.0 -9999.0 -9999.0 -9999.0 -9999.0 -9999.0 -9999.0 -9999.0 -9999.0 -9999.0 -9999.0 -9999.0 -9999.0 -9999.0 -9999.0 -9999.0 -9999.0 -9999.0 -9999.0 -9999.0 -9999.0 -9999.0 -9999.0 -9999.0 -9999.0 -9999.0 -9999.0 -9999.0 -9999.0 -9999.0 -9999.0 -9999.0 -9999.0 -9999.0 -9999.0 -9999.0 -9999.0 -9999.0 -9999.0 -9999.0 -9999.0 -9999.0 -9999.0
-9999.0 -9999.0 -9999.0 -9999.0 -9999.0 -9999.0 -9999.0 -9999.0 -9999.0 -9999.0 -9999.0 -9999.0 -9999.0 -9999.0 -9999.0 -9999.0 -9999.0 -9999.0 -9999.0 -9999.0 -9999.0 -9999.0 -9999.0 -9999.0 -9999.0 -9999.0 -9999.0 -9999.0 -9999.0 -9999.0 -9999.0 -9999.0 -9999.0 -9999.0 -9999.0 -9999.0 -9999.0 -9999.0 -9999.0 -9999.0 -9999.0 -9999.0 -9999.0 -9999.0 -9999.0 -9999.0 -9999.0 -9999.0 -9999.0 -9999.0 -9999.0 -9999.0 -9999.0 -9999.0 -9999.0 -9999.0 -9999.0 -9999.0 -9999.0 -9999.0 -9999.0 -9999.0 -9999.0 -9999.0 -9999.0 -9999.0 -9999.0 -9999.0 -9999.0 -9999.0 -9999.0 -9999.0 -9999.0 -9999.0 -9999.0 -9999.0 -9999.0 -9999.0 -9999.0 -9999.0 -9999.0 -9999.0 -9999.0 -9999.0 -9999.0 -9999.0 -9999.0 -9999.0 -9999.0 -9999.0 -9999.0 -9999.0 -9999.0 -9999.0 -9999.0 -9999.0 -9999.0 -9999.0 -9999.0 -9999.0 -9999.0 -9999.0 -9999.0 -9999.0
-9999.0 -9999.0 473.526034 375.593447 277.003659 178.106303 79.078774 -20.000471 -119.094009 -218.185027 -317.253826 -416.271496 -515.179214 -613.854617 -712.144286 -810.592301 -908.873858 -1006.958337 -1104.830652 -1200.585025 -1293.692873 -1382.022313 -1462.757984 -1533.331327 -1592.268102 -1639.452753 -1675.872421 -1703.140113 -1723.054569 -1737.309161 -1747.348775 -1754.329086 -1759.133201 -1762.413664 -1764.641075 -1766.151135 -1767.192796 -1768.010375 -1769.098732 -1771.913892 -1778.539397 -1770.263461 -1333.247046 -1520.372831 -1469.097821 -1436.557839 -1421.746395 -1419.703322 -1419.492118 -1419.512590 -1419.565996 -1419.623361 -1419.678463 -1419.729474 -1419.776769 -1419.831404 -1420.000332 -1421.173403 -1428.842954 -1446.271397 -1467.848361 -1266.239921 -1736.653530 -1771.216308 -1770.539638 -1769.604170 -1769.375755 -1769.334087 -1769.327646 -1769.327153 -1769.327572 -1769.328045 -1769.328436 -1769.328742 -1769.328981 -1769.329171 -1769.329324 -1769.329451 -1769.329561 -1769.329662 -1769.329762 -1769.329873 -1769.330010 -1769.330195 -1769.330462 -1769.330865 -1769.331492 -1769.332489 -1769.334108 -1769.336797 -1769.341379 -1769.349411 -1769.363932 -1769.390997 -1769.442949 -1769.545758 -1769.756923 -1770.212991 -1771.265012 -1773.902262 -1781.292173 -1805.409030 -9999.0 -9999.0
-9999.0 -9999.0 473.531914 375.595079 277.004114 178.106440 79.078818 -20.000456 -119.094003 -218.185024 -317.253825 -416.271496 -515.179214 -613.854617 -712.144286 -810.592301 -908.873858 -1006.958337 -1104.830653 -1200.585025 -1293.692873 -1382.022313 -1462.757984 -1533.331327 -1592.268102 -1639.452754 -1675.872421 -1703.140114 -1723.054569 -1737.309161 -1747.348775 -1754.329086 -1759.133201 -1762.413664 -1764.641075 -1766.151135 -1767.192796 -1768.010375 -1769.098732 -1771.913892 -1778.539397 -1770.263461 -1333.247045 -1520.372831 -1469.097821 -1436.557839 -1421.746395 -1419.703322 -1419.492118 -1419.512590 -1419.565996 -1419.623361 -1419.678463 -1419.729474 -1419.776769 -1419.831404 -1420.000332 -1421.173403 -1428.842954 -1446.271397 -1467.848361 -1266.239921 -1736.653530 -1771.216308 -1770.539638 -1769.604170 -1769.375755 -1769.334087 -1769.327646 -1769.327153 -1769.327572 -1769.328045 -1769.328436 -1769.328742 -1769.328981 -1769.329171 -1769.329324 -1769.329451 -1769.329561 -1769.329662 -1769.329762 -1769.329873 -1769.330010 -1769.330195 -1769.330462 -1769.330865 -1769.331492 -1769.332489 -1769.334108 -1769.336797 -1769.341379 -1769.349411 -1769.363932 -1769.390997 -1769.442949 -1769.545758 -1769.756923 -1770.212991 -1771.265012 -1773.902262 -1781.292173 -1805.409030 -9999.0 -9999.0
-9999.0 -9999.0 473.533308 375.595813 277.004408 178.106548 79.078857 -20.000442 -119.093998 -218.185022 -317.253824 -416.271495 -515.179214 -613.854617 -712.144286 -810.592301 -908.873858 -1006.958338 -1104.830653 -1200.585025 -1293.692873 -1382.022313 -1462.757984 -1533.331327 -1592.268103 -1639.452754 -1675.872421 -1703.140114 -1723.054569 -1737.309161 -1747.348775 -1754.329086 -1759.133201 -1762.413664 -1764.641075 -1766.151135 -1767.192796 -1768.010375 -1769.098732 -1771.913892 -1778.539397 -1770.263461 -1333.247045 -1520.372831 -1469.097821 -1436.557838 -1421.746395 -1419.703322 -1419.492118 -1419.512590 -1419.565996 -1419.623361 -1419.678463 -1419.729474 -1419.776769 -1419.831404 -1420.000332 -1421.173403 -1428.842954 -1446.271397 -1467.848361 -1266.239921 -1736.653530 -1771.216308 -1770.539638 -1769.604170 -1769.375755 -1769.334087 -1769.327646 -1769.327153 -1769.327572 -1769.328045 -1769.328436 -1769.328742 -1769.328981 -1769.329171 -1769.329324 -1769.329451 -1769.329561 -1769.329662 -1769.329762 -1769.329873 -1769.330010 -1769.330195 -1769.330462 -1769.330865 -1769.331492 -1769.332489 -1769.334108 -1769.336797 -1769.341379 -1769.349411 -1769.363932 -1769.390997 -1769.442949 -1769.545758 -1769.756923 -1770.212991 -1771.265012 -1773.902262 -1781.292173 -1805.409030 -9999.0 -9999.0
-9999.0 -9999.0 473.533309 375.595813 277.004408 178.106548 79.078857 -20.000442 -119.093998 -218.185022 -317.253824 -416.271495 -515.179214 -613.854617 -712.144286 -810.592301 -908.873858 -1006.958338 -1104.830653 -1200.585025 -1293.692873 -1382.022313 -1462.757984 -1533.331327 -1592.268103 -1639.452754 -1675.872421 -1703.140114 -1723.054569 -1737.309161 -1747.348775 -1754.329086 -1759.133201 -1762.413664 -1764.641075 -1766.151135 -1767.192796 -1768.010375 -1769.098732 -1771.913892 -1778.539397 -1770.263461 -1333.247045 -1520.372831 -1469.097821 -1436.557838 -1421.746395 -1419.703322 -1419.492118 -1419.512590 -1419.565996 -1419.623361 -1419.678463 -1419.729474 -1419.776769 -1419.831404 -1420.000332 -1421.173403 -1428.842954 -1446.271397 -1467.848361 -1266.239921 -1736.653530 -1771.216308 -1770.539638 -1769.604170 -1769.375755 -1769.334087 -1769.327646 -1769.327153 -1769.327572 -1769.328045 -1769.328436 -1769.328742 -1769.328981 -1769.329171 -1769.329324 -1769.329451 -1769.329561 -1769.329662 -1769.329762 -1769.329873 -1769.330010 -1769.330195 -1769.330462 -1769.330865 -1769.331492 -1769.332489 -1769.334108 -1769.336797 -1769.341379 -1769.349411 -1769.363932 -1769.390997 -1769.442949 -1769.545758 -1769.756923 -1770.212991 -1771.265012 -1773.902262 -1781.292173 -1805.409030 -9999.0 -9999.0
-9999.0 -9999.0 473.531914 375.595079 277.004114 178.106440 79.078818 -20.000456 -119.094003 -218.185024 -317.253825 -416.271495 -515.179214 -613.854617 -712.144286 -810.592301 -908.873858 -1006.958337 -1104.830653 -1200.585025 -1293.692873 -1382.022313 -1462.757984 -1533.331327 -1592.268102 -1639.452754 -1675.872421 -1703.140114 -1723.054569 -1737.309161 -1747.348775 -1754.329086 -1759.133201 -1762.413664 -1764.641075 -1766.151135 -1767.192796 -1768.010375 -1769.098732 -1771.913892 -1778.539397 -1770.263461 -1333.247045 -1520.372831 -1469.097821 -1436.557839 -1421.746395 -1419.703322 -1419.492118 -1419.512590 -1419.565996 -1419.623361 -1419.678463 -1419.729474 -1419.776769 -1419.831404 -1420.000332 -1421.173403 -1428.842954 -1446.271397 -1467.848361 -1266.239921 -1736.653530 -1771.216308 -1770.539638 -1769.604170 -1769.375755 -1769.334087 -1769.327646 -1769.327153 -1769.327572 -1769.328045 -1769.328436 -1769.328742 -1769.328981 -1769.329171 -1769.329324 -1769.329451 -1769.329561 -1769.329662 -1769.329762 -1769.329873 -1769.330010 -1769.330195 -1769.330462 -1769.330865 -1769.331492 -1769.332489 -1769.334108 -1769.336797 -1769.341379 -1769.349411 -1769.363932 -1769.390997 -1769.442949 -1769.545758 -1769.756923 -1770.212991 -1771.265012 -1773.902262 -1781.292173 -1805.409030 -9999.0 -9999.0
-9999.0 -9999.0 473.526034 375.593447 277.003659 178.106303 79.078774 -20.000471 -119.094009 -218.185027 -317.253826 -416.271496 -515.179214 -613.854617 -712.144286 -810.592301 -908.873858 -1006.958337 -1104.830652 -1200.585025 -1293.692873 -1382.022313 -1462.757984 -1533.331327 -1592.268102 -1639.452753 -1675.872421 -1703.140113 -1723.054569 -1737.309161 -1747.348775 -1754.329086 -1759.133201 -1762.413664 -1764.641075 -1766.151135 -1767.192796 -1768.010375 -1769.098732 -1771.913892 -1778.539397 -1770.263461 -1333.247046 -1520.372831 -1469.097821 -1436.557839 -1421.746395 -1419.703322 -1419.492118 -1419.512590 -1419.565996 -1419.623361 -1419.678463 -1419.729474 -1419.776769 -1419.831404 -1420.000332 -1421.173403 -1428.842954 -1446.271397 -1467.848361 -1266.239921 -1736.653530 -1771.216308 -1770.539638 -1769.604170 -1769.375755 -1769.334087 -1769.327646 -1769.327153 -1769.327572 -1769.328045 -1769.328436 -1769.328742 -1769.328981 -1769.329171 -1769.329324 -1769.329451 -1769.329561 -1769.329662 -1769.329762 -1769.329873 -1769.330010 -1769.330195 -1769.330462 -1769.330865 -1769.331492 -1769.332489 -1769.334108 -1769.336797 -1769.341379 -1769.349411 -1769.363932 -1769.390997 -1769.442949 -1769.545758 -1769.756923 -1770.212991 -1771.265012 -1773.902262 -1781.292173 -1805.409030 -9999.0 -9999.0
-9999.0 -9999.0 -9999.0 -9999.0 -9999.0 -9999.0 -9999.0 -9999.0 -9999.0 -9999.0 -9999.0 -9999.0 -9999.0 -9999.0 -9999.0 -9999.0 -9999.0 -9999.0 -9999.0 -9999.0 -9999.0 -9999.0 -9999.0 -9999.0 -9999.0 -9999.0 -9999.0 -9999.0 -9999.0 -9999.0 -9999.0 -9999.0 -9999.0 -9999.0 -9999.0 -9999.0 -9999.0 -9999.0 -9999.0 -9999.0 -9999.0 -9999.0 -9999.0 -9999.0 -9999.0 -9999.0 -9999.0 -9999.0 -9999.0 -9999.0 -9999.0 -9999.0 -9999.0 -9999.0 -9999.0 -9999.0 -9999.0 -9999.0 -9999.0 -9999.0 -9999.0 -9999.0 -9999.0 -9999.0 -9999.0 -9999.0 -9999.0 -9999.0 -9999.0 -9999.0 -9999.0 -9999.0 -9999.0 -9999.0 -9999.0 -9999.0 -9999.0 -9999.0 -9999.0 -9999.0 -9999.0 -9999.0 -9999.0 -9999.0 -9999.0 -9999.0 -9999.0 -9999.0 -9999.0 -9999.0 -9999.0 -9999.0 -9999.0 -9999.0 -9999.0 -9999.0 -9999.0 -9999.0 -9999.0 -9999.0 -9999.0 -9999.0 -9999.0 -9999.0
-9999.0 -9999.0 -9999.0 -9999.0 -9999.0 -9999.0 -9999.0 -9999.0 -9999.0 -9999.0 -9999.0 -9999.0 -9999.0 -9999.0 -9999.0 -9999.0 -9999.0 -9999.0 -9999.0 -9999.0 -9999.0 -9999.0 -9999.0 -9999.0 -9999.0 -9999.0 -9999.0 -9999.0 -9999.0 -9999.0 -9999.0 -9999.0 -9999.0 -9999.0 -9999.0 -9999.0 -9999.0 -9999.0 -9999.0 -9999.0 -9999.0 -9999.0 -9999.0 -9999.0 -9999.0 -9999.0 -9999.0 -9999.0 -9999.0 -9999.0 -9999.0 -9999.0 -9999.0 -9999.0 -9999.0 -9999.0 -9999.0 -9999.0 -9999.0 -9999.0 -9999.0 -9999.0 -9999.0 -9999.0 -9999.0 -9999.0 -9999.0 -9999.0 -9999.0 -9999.0 -9999.0 -9999.0 -9999.0 -9999.0 -9999.0 -9999.0 -9999.0 -9999.0 -9999.0 -9999.0 -9999.0 -9999.0 -9999.0 -9999.0 -9999.0 -9999.0 -9999.0 -9999.0 -9999.0 -9999.0 -9999.0 -9999.0 -9999.0 -9999.0 -9999.0 -9999.0 -9999.0 -9999.0 -9999.0 -9999.0 -9999.0 -9999.0 -9999.0 -9999.0