inst/processing_geotop_simulation/geotop_simulation/out/maps3D/PwL0017N0314.asc
ncols         104
nrows         10
xllcorner     -2.000000
yllcorner     0.000000
cellsize      1.000000
NODATA_value  -9999.0
-9999.0 -9999.0 -9999.0 -9999.0 -9999.0 -9999.0 -9999.0 -9999.0 -9999.0 -9999.0 -9999.0 -9999.0 -9999.0 -9999.0 -9999.0 -9999.0 -9999.0 -9999.0 -9999.0 -9999.0 -9999.0 -9999.0 -9999.0 -9999.0 -9999.0 -9999.0 -9999.0 -9999.0 -9999.0 -9999.0 -9999.0 -9999.0 -9999.0 -9999.0 -9999.0 -9999.0 -9999.0 -9999.0 -9999.0 -9999.0 -9999.0 -9999.0 -9999.0 -9999.0 -9999.0 -9999.0 -9999.0 -9999.0 -9999.0 -9999.0 -9999.0 -9999.0 -9999.0 -9999.0 -9999.0 -9999.0 -9999.0 -9999.0 -9999.0 -9999.0 -9999.0 -9999.0 -9999.0 -9999.0 -9999.0 -9999.0 -9999.0 -9999.0 -9999.0 -9999.0 -9999.0 -9999.0 -9999.0 -9999.0 -9999.0 -9999.0 -9999.0 -9999.0 -9999.0 -9999.0 -9999.0 -9999.0 -9999.0 -9999.0 -9999.0 -9999.0 -9999.0 -9999.0 -9999.0 -9999.0 -9999.0 -9999.0 -9999.0 -9999.0 -9999.0 -9999.0 -9999.0 -9999.0 -9999.0 -9999.0 -9999.0 -9999.0 -9999.0 -9999.0
-9999.0 -9999.0 -9999.0 -9999.0 -9999.0 -9999.0 -9999.0 -9999.0 -9999.0 -9999.0 -9999.0 -9999.0 -9999.0 -9999.0 -9999.0 -9999.0 -9999.0 -9999.0 -9999.0 -9999.0 -9999.0 -9999.0 -9999.0 -9999.0 -9999.0 -9999.0 -9999.0 -9999.0 -9999.0 -9999.0 -9999.0 -9999.0 -9999.0 -9999.0 -9999.0 -9999.0 -9999.0 -9999.0 -9999.0 -9999.0 -9999.0 -9999.0 -9999.0 -9999.0 -9999.0 -9999.0 -9999.0 -9999.0 -9999.0 -9999.0 -9999.0 -9999.0 -9999.0 -9999.0 -9999.0 -9999.0 -9999.0 -9999.0 -9999.0 -9999.0 -9999.0 -9999.0 -9999.0 -9999.0 -9999.0 -9999.0 -9999.0 -9999.0 -9999.0 -9999.0 -9999.0 -9999.0 -9999.0 -9999.0 -9999.0 -9999.0 -9999.0 -9999.0 -9999.0 -9999.0 -9999.0 -9999.0 -9999.0 -9999.0 -9999.0 -9999.0 -9999.0 -9999.0 -9999.0 -9999.0 -9999.0 -9999.0 -9999.0 -9999.0 -9999.0 -9999.0 -9999.0 -9999.0 -9999.0 -9999.0 -9999.0 -9999.0 -9999.0 -9999.0
-9999.0 -9999.0 821.576770 723.291562 624.761068 525.996117 427.112643 328.177335 229.225243 130.275098 31.337765 -67.576036 -166.463933 -265.308949 -364.072217 -462.684570 -561.017080 -658.850928 -756.387325 -853.928926 -950.987547 -1047.337564 -1140.099687 -1225.072126 -1301.547225 -1367.722762 -1422.725122 -1466.707702 -1500.666487 -1526.101489 -1544.675498 -1557.963762 -1567.317502 -1573.819502 -1578.296943 -1581.363015 -1583.475078 -1585.037189 -1586.706917 -1590.394350 -1601.687808 -1637.915015 -1981.511570 -4077.235295 -4133.656925 -4133.663317 -4133.663262 -4133.662945 -4133.661477 -4133.656761 -4133.644067 -4133.608206 -4133.549976 -4133.475433 -4133.352676 -4133.116643 -4132.605409 -4131.395158 -4128.335389 -4120.107091 -3986.186239 -1776.152063 -1597.045527 -1593.354931 -1589.458032 -1588.217684 -1587.954767 -1587.908541 -1587.901474 -1587.900921 -1587.901363 -1587.901869 -1587.902293 -1587.902629 -1587.902897 -1587.903114 -1587.903294 -1587.903447 -1587.903583 -1587.903709 -1587.903835 -1587.903973 -1587.904139 -1587.904355 -1587.904656 -1587.905099 -1587.905775 -1587.906835 -1587.908541 -1587.911358 -1587.916144 -1587.924521 -1587.939662 -1587.967911 -1588.022275 -1588.130411 -1588.354449 -1588.843992 -1589.985379 -1592.852282 -1600.765179 -1625.758432 -9999.0 -9999.0
-9999.0 -9999.0 821.580351 723.292836 624.761469 525.996245 427.112686 328.177350 229.225249 130.275100 31.337766 -67.576036 -166.463932 -265.308949 -364.072217 -462.684570 -561.017080 -658.850928 -756.387325 -853.928926 -950.987547 -1047.337564 -1140.099687 -1225.072126 -1301.547225 -1367.722762 -1422.725123 -1466.707703 -1500.666487 -1526.101489 -1544.675498 -1557.963762 -1567.317502 -1573.819502 -1578.296944 -1581.363015 -1583.475078 -1585.037189 -1586.706917 -1590.394350 -1601.687808 -1637.915015 -1981.511570 -4077.235295 -4133.656925 -4133.663317 -4133.663262 -4133.662945 -4133.661477 -4133.656761 -4133.644067 -4133.608206 -4133.549976 -4133.475433 -4133.352676 -4133.116643 -4132.605409 -4131.395158 -4128.335389 -4120.107091 -3986.186239 -1776.152063 -1597.045527 -1593.354931 -1589.458032 -1588.217684 -1587.954767 -1587.908541 -1587.901474 -1587.900921 -1587.901363 -1587.901869 -1587.902293 -1587.902629 -1587.902897 -1587.903114 -1587.903294 -1587.903447 -1587.903583 -1587.903709 -1587.903835 -1587.903973 -1587.904139 -1587.904355 -1587.904656 -1587.905099 -1587.905775 -1587.906835 -1587.908541 -1587.911358 -1587.916144 -1587.924521 -1587.939662 -1587.967911 -1588.022275 -1588.130411 -1588.354449 -1588.843992 -1589.985379 -1592.852282 -1600.765179 -1625.758432 -9999.0 -9999.0
-9999.0 -9999.0 821.581588 723.293490 624.761741 525.996348 427.112723 328.177364 229.225254 130.275102 31.337767 -67.576035 -166.463932 -265.308948 -364.072217 -462.684570 -561.017080 -658.850928 -756.387325 -853.928926 -950.987548 -1047.337564 -1140.099687 -1225.072126 -1301.547225 -1367.722762 -1422.725123 -1466.707703 -1500.666487 -1526.101489 -1544.675498 -1557.963762 -1567.317502 -1573.819502 -1578.296944 -1581.363015 -1583.475078 -1585.037189 -1586.706917 -1590.394350 -1601.687808 -1637.915015 -1981.511570 -4077.235295 -4133.656925 -4133.663317 -4133.663262 -4133.662945 -4133.661477 -4133.656761 -4133.644067 -4133.608206 -4133.549976 -4133.475433 -4133.352676 -4133.116643 -4132.605409 -4131.395158 -4128.335389 -4120.107091 -3986.186238 -1776.152063 -1597.045527 -1593.354931 -1589.458032 -1588.217684 -1587.954767 -1587.908541 -1587.901474 -1587.900921 -1587.901363 -1587.901869 -1587.902293 -1587.902629 -1587.902897 -1587.903114 -1587.903294 -1587.903447 -1587.903583 -1587.903709 -1587.903835 -1587.903973 -1587.904139 -1587.904355 -1587.904656 -1587.905099 -1587.905775 -1587.906835 -1587.908541 -1587.911358 -1587.916144 -1587.924521 -1587.939662 -1587.967911 -1588.022275 -1588.130411 -1588.354449 -1588.843992 -1589.985379 -1592.852282 -1600.765179 -1625.758432 -9999.0 -9999.0
-9999.0 -9999.0 821.581588 723.293490 624.761741 525.996347 427.112723 328.177363 229.225254 130.275102 31.337767 -67.576036 -166.463932 -265.308949 -364.072217 -462.684570 -561.017080 -658.850928 -756.387325 -853.928926 -950.987548 -1047.337564 -1140.099687 -1225.072126 -1301.547225 -1367.722762 -1422.725123 -1466.707703 -1500.666487 -1526.101489 -1544.675498 -1557.963762 -1567.317502 -1573.819502 -1578.296944 -1581.363015 -1583.475078 -1585.037189 -1586.706917 -1590.394350 -1601.687808 -1637.915015 -1981.511570 -4077.235295 -4133.656925 -4133.663317 -4133.663262 -4133.662945 -4133.661477 -4133.656761 -4133.644067 -4133.608206 -4133.549976 -4133.475433 -4133.352676 -4133.116643 -4132.605409 -4131.395158 -4128.335389 -4120.107091 -3986.186238 -1776.152063 -1597.045527 -1593.354931 -1589.458032 -1588.217684 -1587.954767 -1587.908541 -1587.901474 -1587.900921 -1587.901363 -1587.901869 -1587.902293 -1587.902629 -1587.902897 -1587.903114 -1587.903294 -1587.903447 -1587.903583 -1587.903709 -1587.903835 -1587.903973 -1587.904139 -1587.904355 -1587.904656 -1587.905099 -1587.905775 -1587.906835 -1587.908541 -1587.911358 -1587.916144 -1587.924521 -1587.939662 -1587.967911 -1588.022275 -1588.130411 -1588.354449 -1588.843992 -1589.985379 -1592.852282 -1600.765179 -1625.758432 -9999.0 -9999.0
-9999.0 -9999.0 821.580351 723.292836 624.761469 525.996245 427.112686 328.177350 229.225249 130.275100 31.337766 -67.576036 -166.463932 -265.308948 -364.072217 -462.684570 -561.017080 -658.850928 -756.387325 -853.928926 -950.987548 -1047.337564 -1140.099687 -1225.072126 -1301.547225 -1367.722762 -1422.725123 -1466.707703 -1500.666487 -1526.101489 -1544.675498 -1557.963762 -1567.317502 -1573.819502 -1578.296944 -1581.363015 -1583.475078 -1585.037189 -1586.706917 -1590.394350 -1601.687808 -1637.915015 -1981.511570 -4077.235295 -4133.656925 -4133.663317 -4133.663262 -4133.662945 -4133.661477 -4133.656761 -4133.644067 -4133.608206 -4133.549976 -4133.475433 -4133.352676 -4133.116643 -4132.605409 -4131.395158 -4128.335389 -4120.107091 -3986.186239 -1776.152063 -1597.045527 -1593.354931 -1589.458032 -1588.217684 -1587.954767 -1587.908541 -1587.901474 -1587.900921 -1587.901363 -1587.901869 -1587.902293 -1587.902629 -1587.902897 -1587.903114 -1587.903294 -1587.903447 -1587.903583 -1587.903709 -1587.903835 -1587.903973 -1587.904139 -1587.904355 -1587.904656 -1587.905099 -1587.905775 -1587.906835 -1587.908541 -1587.911358 -1587.916144 -1587.924521 -1587.939662 -1587.967911 -1588.022275 -1588.130411 -1588.354449 -1588.843992 -1589.985379 -1592.852282 -1600.765179 -1625.758432 -9999.0 -9999.0
-9999.0 -9999.0 821.576770 723.291562 624.761068 525.996117 427.112643 328.177335 229.225243 130.275098 31.337765 -67.576037 -166.463932 -265.308949 -364.072217 -462.684570 -561.017080 -658.850928 -756.387325 -853.928926 -950.987547 -1047.337564 -1140.099687 -1225.072126 -1301.547225 -1367.722762 -1422.725122 -1466.707702 -1500.666487 -1526.101489 -1544.675498 -1557.963762 -1567.317502 -1573.819502 -1578.296943 -1581.363015 -1583.475078 -1585.037189 -1586.706917 -1590.394350 -1601.687808 -1637.915015 -1981.511570 -4077.235295 -4133.656925 -4133.663317 -4133.663262 -4133.662945 -4133.661477 -4133.656761 -4133.644067 -4133.608206 -4133.549976 -4133.475433 -4133.352676 -4133.116643 -4132.605409 -4131.395158 -4128.335389 -4120.107091 -3986.186239 -1776.152063 -1597.045527 -1593.354931 -1589.458032 -1588.217684 -1587.954767 -1587.908541 -1587.901474 -1587.900921 -1587.901363 -1587.901869 -1587.902293 -1587.902629 -1587.902897 -1587.903114 -1587.903294 -1587.903447 -1587.903583 -1587.903709 -1587.903835 -1587.903973 -1587.904139 -1587.904355 -1587.904656 -1587.905099 -1587.905775 -1587.906835 -1587.908541 -1587.911358 -1587.916144 -1587.924521 -1587.939662 -1587.967911 -1588.022275 -1588.130411 -1588.354449 -1588.843992 -1589.985379 -1592.852282 -1600.765179 -1625.758432 -9999.0 -9999.0
-9999.0 -9999.0 -9999.0 -9999.0 -9999.0 -9999.0 -9999.0 -9999.0 -9999.0 -9999.0 -9999.0 -9999.0 -9999.0 -9999.0 -9999.0 -9999.0 -9999.0 -9999.0 -9999.0 -9999.0 -9999.0 -9999.0 -9999.0 -9999.0 -9999.0 -9999.0 -9999.0 -9999.0 -9999.0 -9999.0 -9999.0 -9999.0 -9999.0 -9999.0 -9999.0 -9999.0 -9999.0 -9999.0 -9999.0 -9999.0 -9999.0 -9999.0 -9999.0 -9999.0 -9999.0 -9999.0 -9999.0 -9999.0 -9999.0 -9999.0 -9999.0 -9999.0 -9999.0 -9999.0 -9999.0 -9999.0 -9999.0 -9999.0 -9999.0 -9999.0 -9999.0 -9999.0 -9999.0 -9999.0 -9999.0 -9999.0 -9999.0 -9999.0 -9999.0 -9999.0 -9999.0 -9999.0 -9999.0 -9999.0 -9999.0 -9999.0 -9999.0 -9999.0 -9999.0 -9999.0 -9999.0 -9999.0 -9999.0 -9999.0 -9999.0 -9999.0 -9999.0 -9999.0 -9999.0 -9999.0 -9999.0 -9999.0 -9999.0 -9999.0 -9999.0 -9999.0 -9999.0 -9999.0 -9999.0 -9999.0 -9999.0 -9999.0 -9999.0 -9999.0
-9999.0 -9999.0 -9999.0 -9999.0 -9999.0 -9999.0 -9999.0 -9999.0 -9999.0 -9999.0 -9999.0 -9999.0 -9999.0 -9999.0 -9999.0 -9999.0 -9999.0 -9999.0 -9999.0 -9999.0 -9999.0 -9999.0 -9999.0 -9999.0 -9999.0 -9999.0 -9999.0 -9999.0 -9999.0 -9999.0 -9999.0 -9999.0 -9999.0 -9999.0 -9999.0 -9999.0 -9999.0 -9999.0 -9999.0 -9999.0 -9999.0 -9999.0 -9999.0 -9999.0 -9999.0 -9999.0 -9999.0 -9999.0 -9999.0 -9999.0 -9999.0 -9999.0 -9999.0 -9999.0 -9999.0 -9999.0 -9999.0 -9999.0 -9999.0 -9999.0 -9999.0 -9999.0 -9999.0 -9999.0 -9999.0 -9999.0 -9999.0 -9999.0 -9999.0 -9999.0 -9999.0 -9999.0 -9999.0 -9999.0 -9999.0 -9999.0 -9999.0 -9999.0 -9999.0 -9999.0 -9999.0 -9999.0 -9999.0 -9999.0 -9999.0 -9999.0 -9999.0 -9999.0 -9999.0 -9999.0 -9999.0 -9999.0 -9999.0 -9999.0 -9999.0 -9999.0 -9999.0 -9999.0 -9999.0 -9999.0 -9999.0 -9999.0 -9999.0 -9999.0