inst/processing_geotop_simulation/geotop_simulation/out/maps3D/PwL0001N0057.asc
ncols         104
nrows         10
xllcorner     -2.000000
yllcorner     0.000000
cellsize      1.000000
NODATA_value  -9999.0
-9999.0 -9999.0 -9999.0 -9999.0 -9999.0 -9999.0 -9999.0 -9999.0 -9999.0 -9999.0 -9999.0 -9999.0 -9999.0 -9999.0 -9999.0 -9999.0 -9999.0 -9999.0 -9999.0 -9999.0 -9999.0 -9999.0 -9999.0 -9999.0 -9999.0 -9999.0 -9999.0 -9999.0 -9999.0 -9999.0 -9999.0 -9999.0 -9999.0 -9999.0 -9999.0 -9999.0 -9999.0 -9999.0 -9999.0 -9999.0 -9999.0 -9999.0 -9999.0 -9999.0 -9999.0 -9999.0 -9999.0 -9999.0 -9999.0 -9999.0 -9999.0 -9999.0 -9999.0 -9999.0 -9999.0 -9999.0 -9999.0 -9999.0 -9999.0 -9999.0 -9999.0 -9999.0 -9999.0 -9999.0 -9999.0 -9999.0 -9999.0 -9999.0 -9999.0 -9999.0 -9999.0 -9999.0 -9999.0 -9999.0 -9999.0 -9999.0 -9999.0 -9999.0 -9999.0 -9999.0 -9999.0 -9999.0 -9999.0 -9999.0 -9999.0 -9999.0 -9999.0 -9999.0 -9999.0 -9999.0 -9999.0 -9999.0 -9999.0 -9999.0 -9999.0 -9999.0 -9999.0 -9999.0 -9999.0 -9999.0 -9999.0 -9999.0 -9999.0 -9999.0
-9999.0 -9999.0 -9999.0 -9999.0 -9999.0 -9999.0 -9999.0 -9999.0 -9999.0 -9999.0 -9999.0 -9999.0 -9999.0 -9999.0 -9999.0 -9999.0 -9999.0 -9999.0 -9999.0 -9999.0 -9999.0 -9999.0 -9999.0 -9999.0 -9999.0 -9999.0 -9999.0 -9999.0 -9999.0 -9999.0 -9999.0 -9999.0 -9999.0 -9999.0 -9999.0 -9999.0 -9999.0 -9999.0 -9999.0 -9999.0 -9999.0 -9999.0 -9999.0 -9999.0 -9999.0 -9999.0 -9999.0 -9999.0 -9999.0 -9999.0 -9999.0 -9999.0 -9999.0 -9999.0 -9999.0 -9999.0 -9999.0 -9999.0 -9999.0 -9999.0 -9999.0 -9999.0 -9999.0 -9999.0 -9999.0 -9999.0 -9999.0 -9999.0 -9999.0 -9999.0 -9999.0 -9999.0 -9999.0 -9999.0 -9999.0 -9999.0 -9999.0 -9999.0 -9999.0 -9999.0 -9999.0 -9999.0 -9999.0 -9999.0 -9999.0 -9999.0 -9999.0 -9999.0 -9999.0 -9999.0 -9999.0 -9999.0 -9999.0 -9999.0 -9999.0 -9999.0 -9999.0 -9999.0 -9999.0 -9999.0 -9999.0 -9999.0 -9999.0 -9999.0
-9999.0 -9999.0 -1098.210259 -1158.014043 -1176.556837 -1184.273938 -1188.294479 -1190.511016 -1191.292277 -1181.584943 -1117.270653 -1092.014251 -1098.902197 -1113.719702 -1141.938813 -1168.686479 -1170.189900 -1155.809794 -1139.365520 -1127.698998 -1122.252273 -1122.354211 -1126.776628 -1134.242033 -1143.515060 -1153.424679 -1162.909507 -1171.165805 -1177.782514 -1182.731666 -1186.233050 -1188.602899 -1190.151228 -1191.132533 -1191.734612 -1192.087454 -1192.292594 -1192.491790 -1192.786031 -1192.738270 -1194.402256 -1212.319620 -794.606430 -785.693509 -773.631073 -766.357232 -762.971974 -762.510906 -762.468692 -762.487928 -762.518457 -762.550469 -762.581153 -762.609521 -762.635398 -762.661145 -762.711332 -763.001965 -764.853834 -769.211598 -776.712917 -778.140301 -1199.702465 -1195.202589 -1193.394374 -1192.909797 -1192.797203 -1192.778726 -1192.780344 -1192.785223 -1192.789755 -1192.793318 -1192.795996 -1192.798002 -1192.799524 -1192.800698 -1192.801624 -1192.802365 -1192.802973 -1192.803499 -1192.803998 -1192.804535 -1192.805191 -1192.806086 -1192.807393 -1192.809387 -1192.812502 -1192.817446 -1192.825391 -1192.838333 -1192.859775 -1192.896081 -1192.959224 -1193.072413 -1193.281517 -1193.677706 -1194.441056 -1195.923335 -1198.812778 -1204.513182 -1216.149994 -1241.923281 -9999.0 -9999.0
-9999.0 -9999.0 -1098.210206 -1158.013979 -1176.556791 -1184.273916 -1188.294473 -1190.511016 -1191.292279 -1181.584944 -1117.270653 -1092.014251 -1098.902197 -1113.719702 -1141.938813 -1168.686479 -1170.189900 -1155.809794 -1139.365520 -1127.698998 -1122.252273 -1122.354211 -1126.776628 -1134.242033 -1143.515060 -1153.424679 -1162.909507 -1171.165805 -1177.782514 -1182.731666 -1186.233050 -1188.602899 -1190.151228 -1191.132533 -1191.734612 -1192.087454 -1192.292594 -1192.491790 -1192.786031 -1192.738270 -1194.402256 -1212.319620 -794.606430 -785.693509 -773.631073 -766.357232 -762.971974 -762.510906 -762.468692 -762.487928 -762.518457 -762.550469 -762.581153 -762.609521 -762.635398 -762.661145 -762.711332 -763.001965 -764.853834 -769.211598 -776.712917 -778.140301 -1199.702465 -1195.202589 -1193.394374 -1192.909797 -1192.797203 -1192.778726 -1192.780344 -1192.785223 -1192.789755 -1192.793318 -1192.795996 -1192.798002 -1192.799524 -1192.800698 -1192.801624 -1192.802365 -1192.802973 -1192.803499 -1192.803998 -1192.804535 -1192.805191 -1192.806086 -1192.807393 -1192.809387 -1192.812502 -1192.817446 -1192.825391 -1192.838333 -1192.859775 -1192.896081 -1192.959224 -1193.072413 -1193.281517 -1193.677706 -1194.441056 -1195.923335 -1198.812778 -1204.513182 -1216.149994 -1241.923281 -9999.0 -9999.0
-9999.0 -9999.0 -1098.210179 -1158.013942 -1176.556759 -1184.273900 -1188.294468 -1190.511016 -1191.292280 -1181.584944 -1117.270653 -1092.014251 -1098.902197 -1113.719702 -1141.938813 -1168.686479 -1170.189900 -1155.809794 -1139.365520 -1127.698998 -1122.252273 -1122.354211 -1126.776628 -1134.242033 -1143.515060 -1153.424679 -1162.909507 -1171.165805 -1177.782514 -1182.731666 -1186.233050 -1188.602899 -1190.151228 -1191.132533 -1191.734612 -1192.087454 -1192.292594 -1192.491790 -1192.786031 -1192.738270 -1194.402256 -1212.319620 -794.606430 -785.693509 -773.631073 -766.357232 -762.971974 -762.510906 -762.468692 -762.487928 -762.518457 -762.550469 -762.581153 -762.609521 -762.635398 -762.661145 -762.711332 -763.001965 -764.853834 -769.211598 -776.712917 -778.140301 -1199.702465 -1195.202589 -1193.394374 -1192.909797 -1192.797203 -1192.778726 -1192.780344 -1192.785223 -1192.789755 -1192.793318 -1192.795996 -1192.798002 -1192.799524 -1192.800698 -1192.801624 -1192.802365 -1192.802973 -1192.803499 -1192.803998 -1192.804535 -1192.805191 -1192.806086 -1192.807393 -1192.809387 -1192.812502 -1192.817446 -1192.825391 -1192.838333 -1192.859775 -1192.896081 -1192.959224 -1193.072413 -1193.281517 -1193.677706 -1194.441056 -1195.923335 -1198.812778 -1204.513182 -1216.149994 -1241.923281 -9999.0 -9999.0
-9999.0 -9999.0 -1098.210179 -1158.013942 -1176.556759 -1184.273900 -1188.294468 -1190.511016 -1191.292280 -1181.584944 -1117.270653 -1092.014251 -1098.902197 -1113.719702 -1141.938813 -1168.686479 -1170.189900 -1155.809794 -1139.365520 -1127.698998 -1122.252273 -1122.354211 -1126.776628 -1134.242033 -1143.515060 -1153.424679 -1162.909507 -1171.165805 -1177.782514 -1182.731666 -1186.233050 -1188.602899 -1190.151228 -1191.132533 -1191.734612 -1192.087454 -1192.292594 -1192.491790 -1192.786031 -1192.738270 -1194.402256 -1212.319620 -794.606430 -785.693509 -773.631073 -766.357232 -762.971974 -762.510906 -762.468692 -762.487928 -762.518457 -762.550469 -762.581153 -762.609521 -762.635398 -762.661145 -762.711332 -763.001965 -764.853834 -769.211598 -776.712917 -778.140301 -1199.702465 -1195.202589 -1193.394374 -1192.909797 -1192.797203 -1192.778726 -1192.780344 -1192.785223 -1192.789755 -1192.793318 -1192.795996 -1192.798002 -1192.799524 -1192.800698 -1192.801624 -1192.802365 -1192.802973 -1192.803499 -1192.803998 -1192.804535 -1192.805191 -1192.806086 -1192.807393 -1192.809387 -1192.812502 -1192.817446 -1192.825391 -1192.838333 -1192.859775 -1192.896081 -1192.959224 -1193.072413 -1193.281517 -1193.677706 -1194.441056 -1195.923335 -1198.812778 -1204.513182 -1216.149994 -1241.923281 -9999.0 -9999.0
-9999.0 -9999.0 -1098.210206 -1158.013979 -1176.556791 -1184.273916 -1188.294473 -1190.511016 -1191.292279 -1181.584944 -1117.270653 -1092.014251 -1098.902197 -1113.719702 -1141.938813 -1168.686479 -1170.189900 -1155.809794 -1139.365520 -1127.698998 -1122.252273 -1122.354211 -1126.776628 -1134.242033 -1143.515060 -1153.424679 -1162.909507 -1171.165805 -1177.782514 -1182.731666 -1186.233050 -1188.602899 -1190.151228 -1191.132533 -1191.734612 -1192.087454 -1192.292594 -1192.491790 -1192.786031 -1192.738270 -1194.402256 -1212.319620 -794.606430 -785.693509 -773.631073 -766.357232 -762.971974 -762.510906 -762.468692 -762.487928 -762.518457 -762.550469 -762.581153 -762.609521 -762.635398 -762.661145 -762.711332 -763.001965 -764.853834 -769.211598 -776.712917 -778.140301 -1199.702465 -1195.202589 -1193.394374 -1192.909797 -1192.797203 -1192.778726 -1192.780344 -1192.785223 -1192.789755 -1192.793318 -1192.795996 -1192.798002 -1192.799524 -1192.800698 -1192.801624 -1192.802365 -1192.802973 -1192.803499 -1192.803998 -1192.804535 -1192.805191 -1192.806086 -1192.807393 -1192.809387 -1192.812502 -1192.817446 -1192.825391 -1192.838333 -1192.859775 -1192.896081 -1192.959224 -1193.072413 -1193.281517 -1193.677706 -1194.441056 -1195.923335 -1198.812778 -1204.513182 -1216.149994 -1241.923281 -9999.0 -9999.0
-9999.0 -9999.0 -1098.210259 -1158.014043 -1176.556837 -1184.273938 -1188.294479 -1190.511016 -1191.292277 -1181.584943 -1117.270653 -1092.014251 -1098.902197 -1113.719702 -1141.938813 -1168.686479 -1170.189900 -1155.809794 -1139.365520 -1127.698998 -1122.252273 -1122.354211 -1126.776628 -1134.242033 -1143.515060 -1153.424679 -1162.909507 -1171.165805 -1177.782514 -1182.731666 -1186.233050 -1188.602899 -1190.151228 -1191.132533 -1191.734612 -1192.087454 -1192.292594 -1192.491790 -1192.786031 -1192.738270 -1194.402256 -1212.319620 -794.606430 -785.693509 -773.631073 -766.357232 -762.971974 -762.510906 -762.468692 -762.487928 -762.518457 -762.550469 -762.581153 -762.609521 -762.635398 -762.661145 -762.711332 -763.001965 -764.853834 -769.211598 -776.712917 -778.140301 -1199.702465 -1195.202589 -1193.394374 -1192.909797 -1192.797203 -1192.778726 -1192.780344 -1192.785223 -1192.789755 -1192.793318 -1192.795996 -1192.798002 -1192.799524 -1192.800698 -1192.801624 -1192.802365 -1192.802973 -1192.803499 -1192.803998 -1192.804535 -1192.805191 -1192.806086 -1192.807393 -1192.809387 -1192.812502 -1192.817446 -1192.825391 -1192.838333 -1192.859775 -1192.896081 -1192.959224 -1193.072413 -1193.281517 -1193.677706 -1194.441056 -1195.923335 -1198.812778 -1204.513182 -1216.149994 -1241.923281 -9999.0 -9999.0
-9999.0 -9999.0 -9999.0 -9999.0 -9999.0 -9999.0 -9999.0 -9999.0 -9999.0 -9999.0 -9999.0 -9999.0 -9999.0 -9999.0 -9999.0 -9999.0 -9999.0 -9999.0 -9999.0 -9999.0 -9999.0 -9999.0 -9999.0 -9999.0 -9999.0 -9999.0 -9999.0 -9999.0 -9999.0 -9999.0 -9999.0 -9999.0 -9999.0 -9999.0 -9999.0 -9999.0 -9999.0 -9999.0 -9999.0 -9999.0 -9999.0 -9999.0 -9999.0 -9999.0 -9999.0 -9999.0 -9999.0 -9999.0 -9999.0 -9999.0 -9999.0 -9999.0 -9999.0 -9999.0 -9999.0 -9999.0 -9999.0 -9999.0 -9999.0 -9999.0 -9999.0 -9999.0 -9999.0 -9999.0 -9999.0 -9999.0 -9999.0 -9999.0 -9999.0 -9999.0 -9999.0 -9999.0 -9999.0 -9999.0 -9999.0 -9999.0 -9999.0 -9999.0 -9999.0 -9999.0 -9999.0 -9999.0 -9999.0 -9999.0 -9999.0 -9999.0 -9999.0 -9999.0 -9999.0 -9999.0 -9999.0 -9999.0 -9999.0 -9999.0 -9999.0 -9999.0 -9999.0 -9999.0 -9999.0 -9999.0 -9999.0 -9999.0 -9999.0 -9999.0
-9999.0 -9999.0 -9999.0 -9999.0 -9999.0 -9999.0 -9999.0 -9999.0 -9999.0 -9999.0 -9999.0 -9999.0 -9999.0 -9999.0 -9999.0 -9999.0 -9999.0 -9999.0 -9999.0 -9999.0 -9999.0 -9999.0 -9999.0 -9999.0 -9999.0 -9999.0 -9999.0 -9999.0 -9999.0 -9999.0 -9999.0 -9999.0 -9999.0 -9999.0 -9999.0 -9999.0 -9999.0 -9999.0 -9999.0 -9999.0 -9999.0 -9999.0 -9999.0 -9999.0 -9999.0 -9999.0 -9999.0 -9999.0 -9999.0 -9999.0 -9999.0 -9999.0 -9999.0 -9999.0 -9999.0 -9999.0 -9999.0 -9999.0 -9999.0 -9999.0 -9999.0 -9999.0 -9999.0 -9999.0 -9999.0 -9999.0 -9999.0 -9999.0 -9999.0 -9999.0 -9999.0 -9999.0 -9999.0 -9999.0 -9999.0 -9999.0 -9999.0 -9999.0 -9999.0 -9999.0 -9999.0 -9999.0 -9999.0 -9999.0 -9999.0 -9999.0 -9999.0 -9999.0 -9999.0 -9999.0 -9999.0 -9999.0 -9999.0 -9999.0 -9999.0 -9999.0 -9999.0 -9999.0 -9999.0 -9999.0 -9999.0 -9999.0 -9999.0 -9999.0