inst/processing_geotop_simulation/geotop_simulation/out/maps3D/PwL0019N0140.asc
ncols         104
nrows         10
xllcorner     -2.000000
yllcorner     0.000000
cellsize      1.000000
NODATA_value  -9999.0
-9999.0 -9999.0 -9999.0 -9999.0 -9999.0 -9999.0 -9999.0 -9999.0 -9999.0 -9999.0 -9999.0 -9999.0 -9999.0 -9999.0 -9999.0 -9999.0 -9999.0 -9999.0 -9999.0 -9999.0 -9999.0 -9999.0 -9999.0 -9999.0 -9999.0 -9999.0 -9999.0 -9999.0 -9999.0 -9999.0 -9999.0 -9999.0 -9999.0 -9999.0 -9999.0 -9999.0 -9999.0 -9999.0 -9999.0 -9999.0 -9999.0 -9999.0 -9999.0 -9999.0 -9999.0 -9999.0 -9999.0 -9999.0 -9999.0 -9999.0 -9999.0 -9999.0 -9999.0 -9999.0 -9999.0 -9999.0 -9999.0 -9999.0 -9999.0 -9999.0 -9999.0 -9999.0 -9999.0 -9999.0 -9999.0 -9999.0 -9999.0 -9999.0 -9999.0 -9999.0 -9999.0 -9999.0 -9999.0 -9999.0 -9999.0 -9999.0 -9999.0 -9999.0 -9999.0 -9999.0 -9999.0 -9999.0 -9999.0 -9999.0 -9999.0 -9999.0 -9999.0 -9999.0 -9999.0 -9999.0 -9999.0 -9999.0 -9999.0 -9999.0 -9999.0 -9999.0 -9999.0 -9999.0 -9999.0 -9999.0 -9999.0 -9999.0 -9999.0 -9999.0
-9999.0 -9999.0 -9999.0 -9999.0 -9999.0 -9999.0 -9999.0 -9999.0 -9999.0 -9999.0 -9999.0 -9999.0 -9999.0 -9999.0 -9999.0 -9999.0 -9999.0 -9999.0 -9999.0 -9999.0 -9999.0 -9999.0 -9999.0 -9999.0 -9999.0 -9999.0 -9999.0 -9999.0 -9999.0 -9999.0 -9999.0 -9999.0 -9999.0 -9999.0 -9999.0 -9999.0 -9999.0 -9999.0 -9999.0 -9999.0 -9999.0 -9999.0 -9999.0 -9999.0 -9999.0 -9999.0 -9999.0 -9999.0 -9999.0 -9999.0 -9999.0 -9999.0 -9999.0 -9999.0 -9999.0 -9999.0 -9999.0 -9999.0 -9999.0 -9999.0 -9999.0 -9999.0 -9999.0 -9999.0 -9999.0 -9999.0 -9999.0 -9999.0 -9999.0 -9999.0 -9999.0 -9999.0 -9999.0 -9999.0 -9999.0 -9999.0 -9999.0 -9999.0 -9999.0 -9999.0 -9999.0 -9999.0 -9999.0 -9999.0 -9999.0 -9999.0 -9999.0 -9999.0 -9999.0 -9999.0 -9999.0 -9999.0 -9999.0 -9999.0 -9999.0 -9999.0 -9999.0 -9999.0 -9999.0 -9999.0 -9999.0 -9999.0 -9999.0 -9999.0
-9999.0 -9999.0 936.812922 843.364936 749.330308 654.467393 559.153779 463.636076 368.049611 272.467930 176.931617 81.463270 -13.915547 -109.184446 -204.319620 -299.241763 -393.834421 -487.889525 -580.842695 -672.473961 -763.200443 -852.243011 -939.219169 -1015.627602 -1073.133747 -1117.071320 -1148.838967 -1170.747600 -1185.278633 -1194.614164 -1200.461579 -1204.053106 -1206.227736 -1207.532556 -1208.312549 -1208.782411 -1209.081686 -1209.331206 -1209.815950 -1212.133614 -1225.518095 -1314.230029 -2014.721129 -4019.865142 -4034.652810 -4034.653462 -4034.653276 -4034.650629 -4034.635500 -4034.578978 -4034.405545 -4033.851019 -4032.865718 -4031.524348 -4029.193596 -4024.460801 -4013.660082 -3987.389728 -3924.254751 -3787.440258 -3506.369849 -1721.934198 -1277.581427 -1219.642301 -1211.075495 -1209.892798 -1209.730655 -1209.706861 -1209.704015 -1209.704701 -1209.705832 -1209.706819 -1209.707591 -1209.708180 -1209.708631 -1209.708983 -1209.709262 -1209.709488 -1209.709677 -1209.709845 -1209.710009 -1209.710190 -1209.710416 -1209.710728 -1209.711187 -1209.711892 -1209.713000 -1209.714770 -1209.717643 -1209.722389 -1209.730396 -1209.744260 -1209.768983 -1209.814420 -1209.900332 -1210.067070 -1210.400077 -1211.093334 -1212.629668 -1216.297029 -1225.650803 -1251.706828 -9999.0 -9999.0
-9999.0 -9999.0 936.816524 843.366298 749.330753 654.467538 559.153827 463.636093 368.049617 272.467932 176.931618 81.463270 -13.915547 -109.184447 -204.319620 -299.241763 -393.834421 -487.889525 -580.842695 -672.473961 -763.200443 -852.243011 -939.219169 -1015.627603 -1073.133747 -1117.071320 -1148.838968 -1170.747600 -1185.278633 -1194.614164 -1200.461579 -1204.053106 -1206.227736 -1207.532556 -1208.312549 -1208.782411 -1209.081686 -1209.331206 -1209.815950 -1212.133614 -1225.518095 -1314.230029 -2014.721129 -4019.865142 -4034.652810 -4034.653462 -4034.653276 -4034.650629 -4034.635500 -4034.578978 -4034.405545 -4033.851019 -4032.865718 -4031.524348 -4029.193596 -4024.460801 -4013.660082 -3987.389728 -3924.254751 -3787.440258 -3506.369849 -1721.934198 -1277.581427 -1219.642301 -1211.075495 -1209.892798 -1209.730655 -1209.706861 -1209.704015 -1209.704701 -1209.705832 -1209.706819 -1209.707591 -1209.708180 -1209.708631 -1209.708983 -1209.709262 -1209.709488 -1209.709677 -1209.709845 -1209.710009 -1209.710190 -1209.710416 -1209.710728 -1209.711187 -1209.711892 -1209.713000 -1209.714770 -1209.717643 -1209.722389 -1209.730396 -1209.744260 -1209.768983 -1209.814420 -1209.900332 -1210.067070 -1210.400077 -1211.093334 -1212.629668 -1216.297029 -1225.650803 -1251.706828 -9999.0 -9999.0
-9999.0 -9999.0 936.817876 843.367022 749.331059 654.467655 559.153870 463.636108 368.049622 272.467934 176.931618 81.463270 -13.915547 -109.184447 -204.319621 -299.241763 -393.834421 -487.889525 -580.842695 -672.473961 -763.200443 -852.243011 -939.219169 -1015.627603 -1073.133748 -1117.071321 -1148.838968 -1170.747600 -1185.278633 -1194.614164 -1200.461579 -1204.053106 -1206.227736 -1207.532556 -1208.312549 -1208.782411 -1209.081686 -1209.331206 -1209.815950 -1212.133614 -1225.518095 -1314.230029 -2014.721129 -4019.865142 -4034.652810 -4034.653462 -4034.653276 -4034.650629 -4034.635500 -4034.578978 -4034.405545 -4033.851019 -4032.865718 -4031.524348 -4029.193596 -4024.460801 -4013.660082 -3987.389728 -3924.254751 -3787.440257 -3506.369848 -1721.934197 -1277.581427 -1219.642301 -1211.075495 -1209.892798 -1209.730655 -1209.706861 -1209.704015 -1209.704701 -1209.705832 -1209.706819 -1209.707591 -1209.708180 -1209.708631 -1209.708983 -1209.709262 -1209.709488 -1209.709677 -1209.709845 -1209.710009 -1209.710190 -1209.710416 -1209.710728 -1209.711187 -1209.711892 -1209.713000 -1209.714770 -1209.717643 -1209.722389 -1209.730396 -1209.744260 -1209.768983 -1209.814420 -1209.900332 -1210.067070 -1210.400077 -1211.093334 -1212.629668 -1216.297029 -1225.650803 -1251.706828 -9999.0 -9999.0
-9999.0 -9999.0 936.817876 843.367022 749.331059 654.467655 559.153870 463.636108 368.049622 272.467934 176.931619 81.463270 -13.915547 -109.184447 -204.319621 -299.241763 -393.834421 -487.889525 -580.842695 -672.473961 -763.200443 -852.243011 -939.219169 -1015.627603 -1073.133748 -1117.071321 -1148.838968 -1170.747600 -1185.278633 -1194.614164 -1200.461579 -1204.053106 -1206.227736 -1207.532556 -1208.312549 -1208.782411 -1209.081686 -1209.331206 -1209.815950 -1212.133614 -1225.518095 -1314.230029 -2014.721129 -4019.865142 -4034.652810 -4034.653462 -4034.653276 -4034.650629 -4034.635500 -4034.578978 -4034.405545 -4033.851019 -4032.865718 -4031.524348 -4029.193596 -4024.460801 -4013.660082 -3987.389728 -3924.254751 -3787.440258 -3506.369848 -1721.934198 -1277.581427 -1219.642301 -1211.075495 -1209.892798 -1209.730655 -1209.706861 -1209.704015 -1209.704701 -1209.705832 -1209.706819 -1209.707591 -1209.708180 -1209.708631 -1209.708983 -1209.709262 -1209.709488 -1209.709677 -1209.709845 -1209.710009 -1209.710190 -1209.710416 -1209.710728 -1209.711187 -1209.711892 -1209.713000 -1209.714770 -1209.717643 -1209.722389 -1209.730396 -1209.744260 -1209.768983 -1209.814420 -1209.900332 -1210.067070 -1210.400077 -1211.093334 -1212.629668 -1216.297029 -1225.650803 -1251.706828 -9999.0 -9999.0
-9999.0 -9999.0 936.816524 843.366298 749.330753 654.467538 559.153827 463.636093 368.049617 272.467932 176.931618 81.463270 -13.915547 -109.184447 -204.319621 -299.241763 -393.834421 -487.889525 -580.842695 -672.473961 -763.200443 -852.243011 -939.219169 -1015.627603 -1073.133747 -1117.071320 -1148.838968 -1170.747600 -1185.278633 -1194.614164 -1200.461579 -1204.053106 -1206.227736 -1207.532556 -1208.312549 -1208.782411 -1209.081686 -1209.331206 -1209.815950 -1212.133614 -1225.518095 -1314.230029 -2014.721129 -4019.865142 -4034.652810 -4034.653462 -4034.653276 -4034.650629 -4034.635500 -4034.578978 -4034.405545 -4033.851019 -4032.865718 -4031.524348 -4029.193596 -4024.460801 -4013.660082 -3987.389728 -3924.254751 -3787.440258 -3506.369849 -1721.934198 -1277.581427 -1219.642301 -1211.075495 -1209.892798 -1209.730655 -1209.706861 -1209.704015 -1209.704701 -1209.705832 -1209.706819 -1209.707591 -1209.708180 -1209.708631 -1209.708983 -1209.709262 -1209.709488 -1209.709677 -1209.709845 -1209.710009 -1209.710190 -1209.710416 -1209.710728 -1209.711187 -1209.711892 -1209.713000 -1209.714770 -1209.717643 -1209.722389 -1209.730396 -1209.744260 -1209.768983 -1209.814420 -1209.900332 -1210.067070 -1210.400077 -1211.093334 -1212.629668 -1216.297029 -1225.650803 -1251.706828 -9999.0 -9999.0
-9999.0 -9999.0 936.812921 843.364936 749.330308 654.467393 559.153779 463.636076 368.049611 272.467930 176.931617 81.463270 -13.915547 -109.184447 -204.319620 -299.241763 -393.834421 -487.889525 -580.842695 -672.473961 -763.200443 -852.243011 -939.219169 -1015.627602 -1073.133747 -1117.071320 -1148.838967 -1170.747600 -1185.278633 -1194.614164 -1200.461579 -1204.053106 -1206.227736 -1207.532556 -1208.312549 -1208.782411 -1209.081686 -1209.331206 -1209.815950 -1212.133614 -1225.518095 -1314.230029 -2014.721129 -4019.865142 -4034.652810 -4034.653462 -4034.653276 -4034.650629 -4034.635500 -4034.578978 -4034.405545 -4033.851019 -4032.865718 -4031.524348 -4029.193596 -4024.460801 -4013.660082 -3987.389728 -3924.254751 -3787.440258 -3506.369850 -1721.934198 -1277.581427 -1219.642301 -1211.075495 -1209.892798 -1209.730655 -1209.706861 -1209.704015 -1209.704701 -1209.705832 -1209.706819 -1209.707591 -1209.708180 -1209.708631 -1209.708983 -1209.709262 -1209.709488 -1209.709677 -1209.709845 -1209.710009 -1209.710190 -1209.710416 -1209.710728 -1209.711187 -1209.711892 -1209.713000 -1209.714770 -1209.717643 -1209.722389 -1209.730396 -1209.744260 -1209.768983 -1209.814420 -1209.900332 -1210.067070 -1210.400077 -1211.093334 -1212.629668 -1216.297029 -1225.650803 -1251.706828 -9999.0 -9999.0
-9999.0 -9999.0 -9999.0 -9999.0 -9999.0 -9999.0 -9999.0 -9999.0 -9999.0 -9999.0 -9999.0 -9999.0 -9999.0 -9999.0 -9999.0 -9999.0 -9999.0 -9999.0 -9999.0 -9999.0 -9999.0 -9999.0 -9999.0 -9999.0 -9999.0 -9999.0 -9999.0 -9999.0 -9999.0 -9999.0 -9999.0 -9999.0 -9999.0 -9999.0 -9999.0 -9999.0 -9999.0 -9999.0 -9999.0 -9999.0 -9999.0 -9999.0 -9999.0 -9999.0 -9999.0 -9999.0 -9999.0 -9999.0 -9999.0 -9999.0 -9999.0 -9999.0 -9999.0 -9999.0 -9999.0 -9999.0 -9999.0 -9999.0 -9999.0 -9999.0 -9999.0 -9999.0 -9999.0 -9999.0 -9999.0 -9999.0 -9999.0 -9999.0 -9999.0 -9999.0 -9999.0 -9999.0 -9999.0 -9999.0 -9999.0 -9999.0 -9999.0 -9999.0 -9999.0 -9999.0 -9999.0 -9999.0 -9999.0 -9999.0 -9999.0 -9999.0 -9999.0 -9999.0 -9999.0 -9999.0 -9999.0 -9999.0 -9999.0 -9999.0 -9999.0 -9999.0 -9999.0 -9999.0 -9999.0 -9999.0 -9999.0 -9999.0 -9999.0 -9999.0
-9999.0 -9999.0 -9999.0 -9999.0 -9999.0 -9999.0 -9999.0 -9999.0 -9999.0 -9999.0 -9999.0 -9999.0 -9999.0 -9999.0 -9999.0 -9999.0 -9999.0 -9999.0 -9999.0 -9999.0 -9999.0 -9999.0 -9999.0 -9999.0 -9999.0 -9999.0 -9999.0 -9999.0 -9999.0 -9999.0 -9999.0 -9999.0 -9999.0 -9999.0 -9999.0 -9999.0 -9999.0 -9999.0 -9999.0 -9999.0 -9999.0 -9999.0 -9999.0 -9999.0 -9999.0 -9999.0 -9999.0 -9999.0 -9999.0 -9999.0 -9999.0 -9999.0 -9999.0 -9999.0 -9999.0 -9999.0 -9999.0 -9999.0 -9999.0 -9999.0 -9999.0 -9999.0 -9999.0 -9999.0 -9999.0 -9999.0 -9999.0 -9999.0 -9999.0 -9999.0 -9999.0 -9999.0 -9999.0 -9999.0 -9999.0 -9999.0 -9999.0 -9999.0 -9999.0 -9999.0 -9999.0 -9999.0 -9999.0 -9999.0 -9999.0 -9999.0 -9999.0 -9999.0 -9999.0 -9999.0 -9999.0 -9999.0 -9999.0 -9999.0 -9999.0 -9999.0 -9999.0 -9999.0 -9999.0 -9999.0 -9999.0 -9999.0 -9999.0 -9999.0