inst/processing_geotop_simulation/geotop_simulation/out/maps3D/PwL0020N0156.asc
ncols         104
nrows         10
xllcorner     -2.000000
yllcorner     0.000000
cellsize      1.000000
NODATA_value  -9999.0
-9999.0 -9999.0 -9999.0 -9999.0 -9999.0 -9999.0 -9999.0 -9999.0 -9999.0 -9999.0 -9999.0 -9999.0 -9999.0 -9999.0 -9999.0 -9999.0 -9999.0 -9999.0 -9999.0 -9999.0 -9999.0 -9999.0 -9999.0 -9999.0 -9999.0 -9999.0 -9999.0 -9999.0 -9999.0 -9999.0 -9999.0 -9999.0 -9999.0 -9999.0 -9999.0 -9999.0 -9999.0 -9999.0 -9999.0 -9999.0 -9999.0 -9999.0 -9999.0 -9999.0 -9999.0 -9999.0 -9999.0 -9999.0 -9999.0 -9999.0 -9999.0 -9999.0 -9999.0 -9999.0 -9999.0 -9999.0 -9999.0 -9999.0 -9999.0 -9999.0 -9999.0 -9999.0 -9999.0 -9999.0 -9999.0 -9999.0 -9999.0 -9999.0 -9999.0 -9999.0 -9999.0 -9999.0 -9999.0 -9999.0 -9999.0 -9999.0 -9999.0 -9999.0 -9999.0 -9999.0 -9999.0 -9999.0 -9999.0 -9999.0 -9999.0 -9999.0 -9999.0 -9999.0 -9999.0 -9999.0 -9999.0 -9999.0 -9999.0 -9999.0 -9999.0 -9999.0 -9999.0 -9999.0 -9999.0 -9999.0 -9999.0 -9999.0 -9999.0 -9999.0
-9999.0 -9999.0 -9999.0 -9999.0 -9999.0 -9999.0 -9999.0 -9999.0 -9999.0 -9999.0 -9999.0 -9999.0 -9999.0 -9999.0 -9999.0 -9999.0 -9999.0 -9999.0 -9999.0 -9999.0 -9999.0 -9999.0 -9999.0 -9999.0 -9999.0 -9999.0 -9999.0 -9999.0 -9999.0 -9999.0 -9999.0 -9999.0 -9999.0 -9999.0 -9999.0 -9999.0 -9999.0 -9999.0 -9999.0 -9999.0 -9999.0 -9999.0 -9999.0 -9999.0 -9999.0 -9999.0 -9999.0 -9999.0 -9999.0 -9999.0 -9999.0 -9999.0 -9999.0 -9999.0 -9999.0 -9999.0 -9999.0 -9999.0 -9999.0 -9999.0 -9999.0 -9999.0 -9999.0 -9999.0 -9999.0 -9999.0 -9999.0 -9999.0 -9999.0 -9999.0 -9999.0 -9999.0 -9999.0 -9999.0 -9999.0 -9999.0 -9999.0 -9999.0 -9999.0 -9999.0 -9999.0 -9999.0 -9999.0 -9999.0 -9999.0 -9999.0 -9999.0 -9999.0 -9999.0 -9999.0 -9999.0 -9999.0 -9999.0 -9999.0 -9999.0 -9999.0 -9999.0 -9999.0 -9999.0 -9999.0 -9999.0 -9999.0 -9999.0 -9999.0
-9999.0 -9999.0 983.719326 889.095840 794.111130 698.475658 602.474512 506.306495 410.083111 313.865623 217.688130 121.569836 25.523699 -70.427178 -166.268595 -261.918335 -357.230116 -451.957444 -545.624476 -637.274782 -728.899837 -819.062258 -907.500508 -993.967591 -1058.900089 -1111.232348 -1151.323489 -1180.660238 -1201.294100 -1215.335294 -1224.638955 -1230.676748 -1234.534879 -1236.974023 -1238.506451 -1239.469891 -1240.091245 -1240.557651 -1241.238702 -1243.908274 -1257.887182 -1341.514394 -1917.030926 -3962.404915 -3985.146240 -3985.147075 -3985.081946 -3984.245256 -3979.878378 -3964.926525 -3925.305772 -3830.253157 -3714.906906 -3607.194998 -3481.002212 -3323.407917 -3130.217183 -2911.165558 -2687.122442 -2477.143088 -2272.105064 -1534.779725 -1302.953378 -1251.428155 -1242.802121 -1241.515603 -1241.333345 -1241.306806 -1241.303503 -1241.304000 -1241.305000 -1241.305892 -1241.306593 -1241.307130 -1241.307543 -1241.307866 -1241.308122 -1241.308331 -1241.308506 -1241.308662 -1241.308814 -1241.308981 -1241.309191 -1241.309478 -1241.309902 -1241.310549 -1241.311566 -1241.313192 -1241.315832 -1241.320198 -1241.327579 -1241.340391 -1241.363294 -1241.405497 -1241.485518 -1241.641437 -1241.954950 -1242.614757 -1244.096575 -1247.673828 -1256.878329 -1282.851091 -9999.0 -9999.0
-9999.0 -9999.0 983.722642 889.097126 794.111556 698.475799 602.474559 506.306511 410.083116 313.865625 217.688130 121.569836 25.523699 -70.427178 -166.268596 -261.918335 -357.230116 -451.957444 -545.624476 -637.274782 -728.899838 -819.062258 -907.500509 -993.967591 -1058.900090 -1111.232348 -1151.323489 -1180.660239 -1201.294100 -1215.335294 -1224.638955 -1230.676749 -1234.534879 -1236.974023 -1238.506451 -1239.469891 -1240.091245 -1240.557651 -1241.238702 -1243.908274 -1257.887182 -1341.514394 -1917.030926 -3962.404914 -3985.146240 -3985.147075 -3985.081946 -3984.245256 -3979.878378 -3964.926525 -3925.305771 -3830.253156 -3714.906905 -3607.194998 -3481.002211 -3323.407917 -3130.217182 -2911.165558 -2687.122441 -2477.143088 -2272.105065 -1534.779726 -1302.953378 -1251.428155 -1242.802121 -1241.515603 -1241.333345 -1241.306806 -1241.303503 -1241.304000 -1241.305000 -1241.305892 -1241.306593 -1241.307130 -1241.307543 -1241.307866 -1241.308122 -1241.308331 -1241.308506 -1241.308662 -1241.308814 -1241.308981 -1241.309191 -1241.309478 -1241.309902 -1241.310549 -1241.311566 -1241.313192 -1241.315832 -1241.320198 -1241.327579 -1241.340391 -1241.363294 -1241.405497 -1241.485518 -1241.641437 -1241.954950 -1242.614757 -1244.096575 -1247.673828 -1256.878329 -1282.851091 -9999.0 -9999.0
-9999.0 -9999.0 983.723934 889.097822 794.111852 698.475912 602.474601 506.306527 410.083122 313.865627 217.688131 121.569836 25.523699 -70.427178 -166.268596 -261.918335 -357.230116 -451.957444 -545.624476 -637.274782 -728.899838 -819.062259 -907.500509 -993.967592 -1058.900090 -1111.232348 -1151.323489 -1180.660239 -1201.294100 -1215.335294 -1224.638955 -1230.676749 -1234.534879 -1236.974023 -1238.506451 -1239.469891 -1240.091245 -1240.557651 -1241.238702 -1243.908274 -1257.887182 -1341.514394 -1917.030926 -3962.404914 -3985.146240 -3985.147075 -3985.081946 -3984.245256 -3979.878378 -3964.926525 -3925.305770 -3830.253156 -3714.906905 -3607.194998 -3481.002211 -3323.407916 -3130.217182 -2911.165557 -2687.122441 -2477.143088 -2272.105064 -1534.779725 -1302.953378 -1251.428155 -1242.802121 -1241.515603 -1241.333345 -1241.306806 -1241.303503 -1241.304000 -1241.305000 -1241.305892 -1241.306593 -1241.307130 -1241.307543 -1241.307866 -1241.308122 -1241.308331 -1241.308506 -1241.308662 -1241.308814 -1241.308981 -1241.309191 -1241.309478 -1241.309902 -1241.310549 -1241.311566 -1241.313192 -1241.315832 -1241.320198 -1241.327579 -1241.340391 -1241.363294 -1241.405497 -1241.485518 -1241.641437 -1241.954950 -1242.614757 -1244.096575 -1247.673828 -1256.878329 -1282.851091 -9999.0 -9999.0
-9999.0 -9999.0 983.723934 889.097822 794.111852 698.475912 602.474601 506.306527 410.083122 313.865627 217.688131 121.569836 25.523699 -70.427178 -166.268596 -261.918335 -357.230116 -451.957444 -545.624476 -637.274782 -728.899838 -819.062259 -907.500509 -993.967592 -1058.900090 -1111.232348 -1151.323489 -1180.660239 -1201.294100 -1215.335294 -1224.638955 -1230.676749 -1234.534879 -1236.974023 -1238.506451 -1239.469891 -1240.091245 -1240.557651 -1241.238702 -1243.908274 -1257.887182 -1341.514394 -1917.030926 -3962.404914 -3985.146240 -3985.147075 -3985.081946 -3984.245256 -3979.878378 -3964.926525 -3925.305770 -3830.253156 -3714.906905 -3607.194998 -3481.002211 -3323.407916 -3130.217182 -2911.165558 -2687.122441 -2477.143088 -2272.105064 -1534.779725 -1302.953378 -1251.428155 -1242.802121 -1241.515603 -1241.333345 -1241.306806 -1241.303503 -1241.304000 -1241.305000 -1241.305892 -1241.306593 -1241.307130 -1241.307543 -1241.307866 -1241.308122 -1241.308331 -1241.308506 -1241.308662 -1241.308814 -1241.308981 -1241.309191 -1241.309478 -1241.309902 -1241.310549 -1241.311566 -1241.313192 -1241.315832 -1241.320198 -1241.327579 -1241.340391 -1241.363294 -1241.405497 -1241.485518 -1241.641437 -1241.954950 -1242.614757 -1244.096575 -1247.673828 -1256.878329 -1282.851091 -9999.0 -9999.0
-9999.0 -9999.0 983.722642 889.097126 794.111556 698.475799 602.474559 506.306511 410.083116 313.865625 217.688130 121.569836 25.523699 -70.427178 -166.268596 -261.918335 -357.230116 -451.957444 -545.624476 -637.274782 -728.899838 -819.062258 -907.500509 -993.967591 -1058.900090 -1111.232348 -1151.323489 -1180.660239 -1201.294100 -1215.335294 -1224.638955 -1230.676749 -1234.534879 -1236.974023 -1238.506451 -1239.469891 -1240.091245 -1240.557651 -1241.238702 -1243.908274 -1257.887182 -1341.514394 -1917.030926 -3962.404914 -3985.146240 -3985.147075 -3985.081946 -3984.245256 -3979.878378 -3964.926525 -3925.305771 -3830.253156 -3714.906905 -3607.194998 -3481.002211 -3323.407916 -3130.217183 -2911.165558 -2687.122442 -2477.143088 -2272.105065 -1534.779726 -1302.953378 -1251.428155 -1242.802121 -1241.515603 -1241.333345 -1241.306806 -1241.303503 -1241.304000 -1241.305000 -1241.305892 -1241.306593 -1241.307130 -1241.307543 -1241.307866 -1241.308122 -1241.308331 -1241.308506 -1241.308662 -1241.308814 -1241.308981 -1241.309191 -1241.309478 -1241.309902 -1241.310549 -1241.311566 -1241.313192 -1241.315832 -1241.320198 -1241.327579 -1241.340391 -1241.363294 -1241.405497 -1241.485518 -1241.641437 -1241.954950 -1242.614757 -1244.096575 -1247.673828 -1256.878329 -1282.851091 -9999.0 -9999.0
-9999.0 -9999.0 983.719326 889.095840 794.111130 698.475658 602.474512 506.306495 410.083111 313.865623 217.688130 121.569836 25.523699 -70.427178 -166.268595 -261.918335 -357.230116 -451.957444 -545.624476 -637.274782 -728.899837 -819.062258 -907.500508 -993.967591 -1058.900089 -1111.232348 -1151.323489 -1180.660238 -1201.294100 -1215.335294 -1224.638955 -1230.676748 -1234.534879 -1236.974023 -1238.506451 -1239.469891 -1240.091245 -1240.557651 -1241.238702 -1243.908274 -1257.887182 -1341.514394 -1917.030926 -3962.404915 -3985.146240 -3985.147075 -3985.081946 -3984.245256 -3979.878378 -3964.926525 -3925.305772 -3830.253157 -3714.906906 -3607.194999 -3481.002212 -3323.407917 -3130.217183 -2911.165559 -2687.122442 -2477.143089 -2272.105065 -1534.779726 -1302.953378 -1251.428155 -1242.802121 -1241.515603 -1241.333345 -1241.306806 -1241.303503 -1241.304000 -1241.305000 -1241.305892 -1241.306593 -1241.307130 -1241.307543 -1241.307866 -1241.308122 -1241.308331 -1241.308506 -1241.308662 -1241.308814 -1241.308981 -1241.309191 -1241.309478 -1241.309902 -1241.310549 -1241.311566 -1241.313192 -1241.315832 -1241.320198 -1241.327579 -1241.340391 -1241.363294 -1241.405497 -1241.485518 -1241.641437 -1241.954950 -1242.614757 -1244.096575 -1247.673828 -1256.878329 -1282.851091 -9999.0 -9999.0
-9999.0 -9999.0 -9999.0 -9999.0 -9999.0 -9999.0 -9999.0 -9999.0 -9999.0 -9999.0 -9999.0 -9999.0 -9999.0 -9999.0 -9999.0 -9999.0 -9999.0 -9999.0 -9999.0 -9999.0 -9999.0 -9999.0 -9999.0 -9999.0 -9999.0 -9999.0 -9999.0 -9999.0 -9999.0 -9999.0 -9999.0 -9999.0 -9999.0 -9999.0 -9999.0 -9999.0 -9999.0 -9999.0 -9999.0 -9999.0 -9999.0 -9999.0 -9999.0 -9999.0 -9999.0 -9999.0 -9999.0 -9999.0 -9999.0 -9999.0 -9999.0 -9999.0 -9999.0 -9999.0 -9999.0 -9999.0 -9999.0 -9999.0 -9999.0 -9999.0 -9999.0 -9999.0 -9999.0 -9999.0 -9999.0 -9999.0 -9999.0 -9999.0 -9999.0 -9999.0 -9999.0 -9999.0 -9999.0 -9999.0 -9999.0 -9999.0 -9999.0 -9999.0 -9999.0 -9999.0 -9999.0 -9999.0 -9999.0 -9999.0 -9999.0 -9999.0 -9999.0 -9999.0 -9999.0 -9999.0 -9999.0 -9999.0 -9999.0 -9999.0 -9999.0 -9999.0 -9999.0 -9999.0 -9999.0 -9999.0 -9999.0 -9999.0 -9999.0 -9999.0
-9999.0 -9999.0 -9999.0 -9999.0 -9999.0 -9999.0 -9999.0 -9999.0 -9999.0 -9999.0 -9999.0 -9999.0 -9999.0 -9999.0 -9999.0 -9999.0 -9999.0 -9999.0 -9999.0 -9999.0 -9999.0 -9999.0 -9999.0 -9999.0 -9999.0 -9999.0 -9999.0 -9999.0 -9999.0 -9999.0 -9999.0 -9999.0 -9999.0 -9999.0 -9999.0 -9999.0 -9999.0 -9999.0 -9999.0 -9999.0 -9999.0 -9999.0 -9999.0 -9999.0 -9999.0 -9999.0 -9999.0 -9999.0 -9999.0 -9999.0 -9999.0 -9999.0 -9999.0 -9999.0 -9999.0 -9999.0 -9999.0 -9999.0 -9999.0 -9999.0 -9999.0 -9999.0 -9999.0 -9999.0 -9999.0 -9999.0 -9999.0 -9999.0 -9999.0 -9999.0 -9999.0 -9999.0 -9999.0 -9999.0 -9999.0 -9999.0 -9999.0 -9999.0 -9999.0 -9999.0 -9999.0 -9999.0 -9999.0 -9999.0 -9999.0 -9999.0 -9999.0 -9999.0 -9999.0 -9999.0 -9999.0 -9999.0 -9999.0 -9999.0 -9999.0 -9999.0 -9999.0 -9999.0 -9999.0 -9999.0 -9999.0 -9999.0 -9999.0 -9999.0