inst/processing_geotop_simulation/geotop_simulation/out/maps3D/PwL0000N0085.asc
ncols         104
nrows         10
xllcorner     -2.000000
yllcorner     0.000000
cellsize      1.000000
NODATA_value  -9999.0
-9999.0 -9999.0 -9999.0 -9999.0 -9999.0 -9999.0 -9999.0 -9999.0 -9999.0 -9999.0 -9999.0 -9999.0 -9999.0 -9999.0 -9999.0 -9999.0 -9999.0 -9999.0 -9999.0 -9999.0 -9999.0 -9999.0 -9999.0 -9999.0 -9999.0 -9999.0 -9999.0 -9999.0 -9999.0 -9999.0 -9999.0 -9999.0 -9999.0 -9999.0 -9999.0 -9999.0 -9999.0 -9999.0 -9999.0 -9999.0 -9999.0 -9999.0 -9999.0 -9999.0 -9999.0 -9999.0 -9999.0 -9999.0 -9999.0 -9999.0 -9999.0 -9999.0 -9999.0 -9999.0 -9999.0 -9999.0 -9999.0 -9999.0 -9999.0 -9999.0 -9999.0 -9999.0 -9999.0 -9999.0 -9999.0 -9999.0 -9999.0 -9999.0 -9999.0 -9999.0 -9999.0 -9999.0 -9999.0 -9999.0 -9999.0 -9999.0 -9999.0 -9999.0 -9999.0 -9999.0 -9999.0 -9999.0 -9999.0 -9999.0 -9999.0 -9999.0 -9999.0 -9999.0 -9999.0 -9999.0 -9999.0 -9999.0 -9999.0 -9999.0 -9999.0 -9999.0 -9999.0 -9999.0 -9999.0 -9999.0 -9999.0 -9999.0 -9999.0 -9999.0
-9999.0 -9999.0 -9999.0 -9999.0 -9999.0 -9999.0 -9999.0 -9999.0 -9999.0 -9999.0 -9999.0 -9999.0 -9999.0 -9999.0 -9999.0 -9999.0 -9999.0 -9999.0 -9999.0 -9999.0 -9999.0 -9999.0 -9999.0 -9999.0 -9999.0 -9999.0 -9999.0 -9999.0 -9999.0 -9999.0 -9999.0 -9999.0 -9999.0 -9999.0 -9999.0 -9999.0 -9999.0 -9999.0 -9999.0 -9999.0 -9999.0 -9999.0 -9999.0 -9999.0 -9999.0 -9999.0 -9999.0 -9999.0 -9999.0 -9999.0 -9999.0 -9999.0 -9999.0 -9999.0 -9999.0 -9999.0 -9999.0 -9999.0 -9999.0 -9999.0 -9999.0 -9999.0 -9999.0 -9999.0 -9999.0 -9999.0 -9999.0 -9999.0 -9999.0 -9999.0 -9999.0 -9999.0 -9999.0 -9999.0 -9999.0 -9999.0 -9999.0 -9999.0 -9999.0 -9999.0 -9999.0 -9999.0 -9999.0 -9999.0 -9999.0 -9999.0 -9999.0 -9999.0 -9999.0 -9999.0 -9999.0 -9999.0 -9999.0 -9999.0 -9999.0 -9999.0 -9999.0 -9999.0 -9999.0 -9999.0 -9999.0 -9999.0 -9999.0 -9999.0
-9999.0 -9999.0 -7.342368 -107.624791 -208.091372 -308.877498 -410.628183 -514.678496 -623.933609 -747.714822 -981.180809 -1139.369523 -1211.300466 -1260.325886 -1311.731902 -1367.188793 -1403.004675 -1417.305387 -1416.956045 -1410.581512 -1403.767651 -1398.991541 -1396.897360 -1397.263277 -1399.508986 -1402.939325 -1406.868041 -1410.721197 -1414.116663 -1416.879707 -1418.995561 -1420.541422 -1421.629979 -1422.373523 -1422.867152 -1423.186045 -1423.397408 -1423.582608 -1423.801326 -1424.291809 -1428.905487 -1450.112709 -937.867383 -931.544666 -920.110529 -913.099756 -909.823073 -909.370072 -909.326110 -909.338389 -909.360036 -909.382880 -909.404791 -909.425056 -909.443620 -909.462873 -909.506920 -909.782103 -911.543600 -915.600266 -922.387543 -921.208564 -1434.177176 -1427.299711 -1424.443607 -1423.973304 -1423.881944 -1423.865478 -1423.864988 -1423.867413 -1423.869897 -1423.871900 -1423.873420 -1423.874565 -1423.875436 -1423.876109 -1423.876640 -1423.877067 -1423.877419 -1423.877726 -1423.878021 -1423.878342 -1423.878738 -1423.879282 -1423.880081 -1423.881304 -1423.883218 -1423.886263 -1423.891172 -1423.899203 -1423.912585 -1423.935405 -1423.975420 -1424.047753 -1424.182369 -1424.438919 -1424.935923 -1425.910131 -1427.851817 -1431.862020 -1440.698563 -1463.150762 -9999.0 -9999.0
-9999.0 -9999.0 -7.342368 -107.624791 -208.091372 -308.877498 -410.628183 -514.678496 -623.933609 -747.714822 -981.180810 -1139.369524 -1211.300466 -1260.325886 -1311.731902 -1367.188793 -1403.004675 -1417.305387 -1416.956045 -1410.581512 -1403.767651 -1398.991541 -1396.897360 -1397.263277 -1399.508986 -1402.939325 -1406.868041 -1410.721197 -1414.116663 -1416.879707 -1418.995561 -1420.541422 -1421.629979 -1422.373523 -1422.867152 -1423.186045 -1423.397408 -1423.582608 -1423.801326 -1424.291809 -1428.905487 -1450.112709 -937.867383 -931.544666 -920.110529 -913.099755 -909.823073 -909.370072 -909.326110 -909.338389 -909.360036 -909.382880 -909.404791 -909.425056 -909.443620 -909.462873 -909.506920 -909.782103 -911.543600 -915.600266 -922.387543 -921.208564 -1434.177176 -1427.299711 -1424.443607 -1423.973304 -1423.881944 -1423.865478 -1423.864988 -1423.867413 -1423.869897 -1423.871900 -1423.873420 -1423.874565 -1423.875436 -1423.876109 -1423.876640 -1423.877067 -1423.877419 -1423.877726 -1423.878021 -1423.878342 -1423.878738 -1423.879282 -1423.880081 -1423.881304 -1423.883218 -1423.886263 -1423.891172 -1423.899203 -1423.912585 -1423.935405 -1423.975420 -1424.047753 -1424.182369 -1424.438919 -1424.935923 -1425.910131 -1427.851817 -1431.862020 -1440.698563 -1463.150762 -9999.0 -9999.0
-9999.0 -9999.0 -7.342368 -107.624791 -208.091372 -308.877498 -410.628183 -514.678496 -623.933609 -747.714822 -981.180810 -1139.369524 -1211.300466 -1260.325886 -1311.731902 -1367.188793 -1403.004675 -1417.305387 -1416.956045 -1410.581512 -1403.767651 -1398.991541 -1396.897360 -1397.263277 -1399.508986 -1402.939325 -1406.868041 -1410.721197 -1414.116663 -1416.879707 -1418.995561 -1420.541422 -1421.629979 -1422.373523 -1422.867152 -1423.186045 -1423.397408 -1423.582608 -1423.801326 -1424.291809 -1428.905487 -1450.112709 -937.867383 -931.544666 -920.110529 -913.099755 -909.823073 -909.370072 -909.326110 -909.338389 -909.360036 -909.382880 -909.404791 -909.425056 -909.443620 -909.462873 -909.506920 -909.782103 -911.543600 -915.600266 -922.387543 -921.208564 -1434.177176 -1427.299711 -1424.443607 -1423.973304 -1423.881944 -1423.865478 -1423.864988 -1423.867413 -1423.869897 -1423.871900 -1423.873420 -1423.874565 -1423.875436 -1423.876109 -1423.876640 -1423.877067 -1423.877419 -1423.877726 -1423.878021 -1423.878342 -1423.878738 -1423.879282 -1423.880081 -1423.881304 -1423.883218 -1423.886263 -1423.891172 -1423.899203 -1423.912585 -1423.935405 -1423.975420 -1424.047753 -1424.182369 -1424.438919 -1424.935923 -1425.910131 -1427.851817 -1431.862020 -1440.698563 -1463.150762 -9999.0 -9999.0
-9999.0 -9999.0 -7.342368 -107.624791 -208.091372 -308.877498 -410.628183 -514.678496 -623.933609 -747.714822 -981.180810 -1139.369524 -1211.300466 -1260.325886 -1311.731902 -1367.188793 -1403.004675 -1417.305387 -1416.956045 -1410.581512 -1403.767651 -1398.991541 -1396.897360 -1397.263277 -1399.508986 -1402.939325 -1406.868041 -1410.721197 -1414.116663 -1416.879707 -1418.995561 -1420.541422 -1421.629979 -1422.373523 -1422.867152 -1423.186045 -1423.397408 -1423.582608 -1423.801326 -1424.291809 -1428.905487 -1450.112709 -937.867383 -931.544666 -920.110529 -913.099755 -909.823073 -909.370072 -909.326110 -909.338389 -909.360036 -909.382880 -909.404791 -909.425056 -909.443620 -909.462873 -909.506920 -909.782103 -911.543600 -915.600266 -922.387543 -921.208564 -1434.177176 -1427.299711 -1424.443607 -1423.973304 -1423.881944 -1423.865478 -1423.864988 -1423.867413 -1423.869897 -1423.871900 -1423.873420 -1423.874565 -1423.875436 -1423.876109 -1423.876640 -1423.877067 -1423.877419 -1423.877726 -1423.878021 -1423.878342 -1423.878738 -1423.879282 -1423.880081 -1423.881304 -1423.883218 -1423.886263 -1423.891172 -1423.899203 -1423.912585 -1423.935405 -1423.975420 -1424.047753 -1424.182369 -1424.438919 -1424.935923 -1425.910131 -1427.851817 -1431.862020 -1440.698563 -1463.150762 -9999.0 -9999.0
-9999.0 -9999.0 -7.342368 -107.624791 -208.091372 -308.877498 -410.628183 -514.678496 -623.933609 -747.714822 -981.180809 -1139.369524 -1211.300466 -1260.325886 -1311.731902 -1367.188793 -1403.004675 -1417.305387 -1416.956045 -1410.581512 -1403.767651 -1398.991541 -1396.897360 -1397.263277 -1399.508986 -1402.939325 -1406.868041 -1410.721197 -1414.116663 -1416.879707 -1418.995561 -1420.541422 -1421.629979 -1422.373523 -1422.867152 -1423.186045 -1423.397408 -1423.582608 -1423.801326 -1424.291809 -1428.905487 -1450.112709 -937.867383 -931.544666 -920.110529 -913.099755 -909.823073 -909.370072 -909.326110 -909.338389 -909.360036 -909.382880 -909.404791 -909.425056 -909.443620 -909.462873 -909.506920 -909.782103 -911.543600 -915.600266 -922.387543 -921.208564 -1434.177176 -1427.299711 -1424.443607 -1423.973304 -1423.881944 -1423.865478 -1423.864988 -1423.867413 -1423.869897 -1423.871900 -1423.873420 -1423.874565 -1423.875436 -1423.876109 -1423.876640 -1423.877067 -1423.877419 -1423.877726 -1423.878021 -1423.878342 -1423.878738 -1423.879282 -1423.880081 -1423.881304 -1423.883218 -1423.886263 -1423.891172 -1423.899203 -1423.912585 -1423.935405 -1423.975420 -1424.047753 -1424.182369 -1424.438919 -1424.935923 -1425.910131 -1427.851817 -1431.862020 -1440.698563 -1463.150762 -9999.0 -9999.0
-9999.0 -9999.0 -7.342368 -107.624791 -208.091372 -308.877498 -410.628183 -514.678496 -623.933609 -747.714822 -981.180809 -1139.369523 -1211.300466 -1260.325886 -1311.731902 -1367.188793 -1403.004675 -1417.305387 -1416.956045 -1410.581512 -1403.767651 -1398.991541 -1396.897360 -1397.263277 -1399.508986 -1402.939325 -1406.868041 -1410.721197 -1414.116663 -1416.879707 -1418.995561 -1420.541422 -1421.629979 -1422.373523 -1422.867152 -1423.186045 -1423.397408 -1423.582608 -1423.801326 -1424.291809 -1428.905487 -1450.112709 -937.867383 -931.544666 -920.110529 -913.099756 -909.823073 -909.370072 -909.326110 -909.338389 -909.360036 -909.382880 -909.404791 -909.425056 -909.443620 -909.462873 -909.506920 -909.782103 -911.543600 -915.600266 -922.387543 -921.208564 -1434.177176 -1427.299711 -1424.443607 -1423.973304 -1423.881944 -1423.865478 -1423.864988 -1423.867413 -1423.869897 -1423.871900 -1423.873420 -1423.874565 -1423.875436 -1423.876109 -1423.876640 -1423.877067 -1423.877419 -1423.877726 -1423.878021 -1423.878342 -1423.878738 -1423.879282 -1423.880081 -1423.881304 -1423.883218 -1423.886263 -1423.891172 -1423.899203 -1423.912585 -1423.935405 -1423.975420 -1424.047753 -1424.182369 -1424.438919 -1424.935923 -1425.910131 -1427.851817 -1431.862020 -1440.698563 -1463.150762 -9999.0 -9999.0
-9999.0 -9999.0 -9999.0 -9999.0 -9999.0 -9999.0 -9999.0 -9999.0 -9999.0 -9999.0 -9999.0 -9999.0 -9999.0 -9999.0 -9999.0 -9999.0 -9999.0 -9999.0 -9999.0 -9999.0 -9999.0 -9999.0 -9999.0 -9999.0 -9999.0 -9999.0 -9999.0 -9999.0 -9999.0 -9999.0 -9999.0 -9999.0 -9999.0 -9999.0 -9999.0 -9999.0 -9999.0 -9999.0 -9999.0 -9999.0 -9999.0 -9999.0 -9999.0 -9999.0 -9999.0 -9999.0 -9999.0 -9999.0 -9999.0 -9999.0 -9999.0 -9999.0 -9999.0 -9999.0 -9999.0 -9999.0 -9999.0 -9999.0 -9999.0 -9999.0 -9999.0 -9999.0 -9999.0 -9999.0 -9999.0 -9999.0 -9999.0 -9999.0 -9999.0 -9999.0 -9999.0 -9999.0 -9999.0 -9999.0 -9999.0 -9999.0 -9999.0 -9999.0 -9999.0 -9999.0 -9999.0 -9999.0 -9999.0 -9999.0 -9999.0 -9999.0 -9999.0 -9999.0 -9999.0 -9999.0 -9999.0 -9999.0 -9999.0 -9999.0 -9999.0 -9999.0 -9999.0 -9999.0 -9999.0 -9999.0 -9999.0 -9999.0 -9999.0 -9999.0
-9999.0 -9999.0 -9999.0 -9999.0 -9999.0 -9999.0 -9999.0 -9999.0 -9999.0 -9999.0 -9999.0 -9999.0 -9999.0 -9999.0 -9999.0 -9999.0 -9999.0 -9999.0 -9999.0 -9999.0 -9999.0 -9999.0 -9999.0 -9999.0 -9999.0 -9999.0 -9999.0 -9999.0 -9999.0 -9999.0 -9999.0 -9999.0 -9999.0 -9999.0 -9999.0 -9999.0 -9999.0 -9999.0 -9999.0 -9999.0 -9999.0 -9999.0 -9999.0 -9999.0 -9999.0 -9999.0 -9999.0 -9999.0 -9999.0 -9999.0 -9999.0 -9999.0 -9999.0 -9999.0 -9999.0 -9999.0 -9999.0 -9999.0 -9999.0 -9999.0 -9999.0 -9999.0 -9999.0 -9999.0 -9999.0 -9999.0 -9999.0 -9999.0 -9999.0 -9999.0 -9999.0 -9999.0 -9999.0 -9999.0 -9999.0 -9999.0 -9999.0 -9999.0 -9999.0 -9999.0 -9999.0 -9999.0 -9999.0 -9999.0 -9999.0 -9999.0 -9999.0 -9999.0 -9999.0 -9999.0 -9999.0 -9999.0 -9999.0 -9999.0 -9999.0 -9999.0 -9999.0 -9999.0 -9999.0 -9999.0 -9999.0 -9999.0 -9999.0 -9999.0