inst/processing_geotop_simulation/geotop_simulation/out/maps3D/PwL0004N0475.asc
ncols         104
nrows         10
xllcorner     -2.000000
yllcorner     0.000000
cellsize      1.000000
NODATA_value  -9999.0
-9999.0 -9999.0 -9999.0 -9999.0 -9999.0 -9999.0 -9999.0 -9999.0 -9999.0 -9999.0 -9999.0 -9999.0 -9999.0 -9999.0 -9999.0 -9999.0 -9999.0 -9999.0 -9999.0 -9999.0 -9999.0 -9999.0 -9999.0 -9999.0 -9999.0 -9999.0 -9999.0 -9999.0 -9999.0 -9999.0 -9999.0 -9999.0 -9999.0 -9999.0 -9999.0 -9999.0 -9999.0 -9999.0 -9999.0 -9999.0 -9999.0 -9999.0 -9999.0 -9999.0 -9999.0 -9999.0 -9999.0 -9999.0 -9999.0 -9999.0 -9999.0 -9999.0 -9999.0 -9999.0 -9999.0 -9999.0 -9999.0 -9999.0 -9999.0 -9999.0 -9999.0 -9999.0 -9999.0 -9999.0 -9999.0 -9999.0 -9999.0 -9999.0 -9999.0 -9999.0 -9999.0 -9999.0 -9999.0 -9999.0 -9999.0 -9999.0 -9999.0 -9999.0 -9999.0 -9999.0 -9999.0 -9999.0 -9999.0 -9999.0 -9999.0 -9999.0 -9999.0 -9999.0 -9999.0 -9999.0 -9999.0 -9999.0 -9999.0 -9999.0 -9999.0 -9999.0 -9999.0 -9999.0 -9999.0 -9999.0 -9999.0 -9999.0 -9999.0 -9999.0
-9999.0 -9999.0 -9999.0 -9999.0 -9999.0 -9999.0 -9999.0 -9999.0 -9999.0 -9999.0 -9999.0 -9999.0 -9999.0 -9999.0 -9999.0 -9999.0 -9999.0 -9999.0 -9999.0 -9999.0 -9999.0 -9999.0 -9999.0 -9999.0 -9999.0 -9999.0 -9999.0 -9999.0 -9999.0 -9999.0 -9999.0 -9999.0 -9999.0 -9999.0 -9999.0 -9999.0 -9999.0 -9999.0 -9999.0 -9999.0 -9999.0 -9999.0 -9999.0 -9999.0 -9999.0 -9999.0 -9999.0 -9999.0 -9999.0 -9999.0 -9999.0 -9999.0 -9999.0 -9999.0 -9999.0 -9999.0 -9999.0 -9999.0 -9999.0 -9999.0 -9999.0 -9999.0 -9999.0 -9999.0 -9999.0 -9999.0 -9999.0 -9999.0 -9999.0 -9999.0 -9999.0 -9999.0 -9999.0 -9999.0 -9999.0 -9999.0 -9999.0 -9999.0 -9999.0 -9999.0 -9999.0 -9999.0 -9999.0 -9999.0 -9999.0 -9999.0 -9999.0 -9999.0 -9999.0 -9999.0 -9999.0 -9999.0 -9999.0 -9999.0 -9999.0 -9999.0 -9999.0 -9999.0 -9999.0 -9999.0 -9999.0 -9999.0 -9999.0 -9999.0
-9999.0 -9999.0 174.600451 76.236712 -22.895449 -122.246146 -221.680208 -321.146442 -420.618908 -520.080532 -619.509313 -718.858187 -818.156261 -917.369399 -1016.537688 -1115.725340 -1214.698749 -1313.377614 -1411.550154 -1508.762893 -1604.057059 -1695.601277 -1780.624103 -1856.136435 -1920.037246 -1971.725156 -2011.959341 -2042.322496 -2064.683809 -2080.840047 -2092.339018 -2100.426925 -2106.062731 -2109.961187 -2112.643340 -2114.485908 -2115.773805 -2116.789597 -2118.027895 -2120.275634 -2118.648692 -2042.805942 -1251.955832 -1257.118401 -1245.360734 -1237.422485 -1233.688866 -1233.094576 -1233.028923 -1233.033840 -1233.048833 -1233.065064 -1233.080679 -1233.095150 -1233.108667 -1233.125135 -1233.180211 -1233.541704 -1235.548943 -1239.946650 -1245.257503 -1231.611614 -2016.262956 -2112.980081 -2119.042794 -2118.712711 -2118.506049 -2118.458222 -2118.449755 -2118.448752 -2118.448985 -2118.449352 -2118.449671 -2118.449927 -2118.450130 -2118.450295 -2118.450431 -2118.450548 -2118.450651 -2118.450748 -2118.450845 -2118.450952 -2118.451082 -2118.451252 -2118.451491 -2118.451844 -2118.452383 -2118.453233 -2118.454606 -2118.456883 -2118.460768 -2118.467604 -2118.480025 -2118.503314 -2118.548359 -2118.638478 -2118.826544 -2119.241609 -2120.226571 -2122.789021 -2130.265190 -2155.159225 -9999.0 -9999.0
-9999.0 -9999.0 174.608931 76.238446 -22.895008 -122.246018 -221.680167 -321.146428 -420.618903 -520.080530 -619.509311 -718.858186 -818.156261 -917.369398 -1016.537688 -1115.725340 -1214.698749 -1313.377615 -1411.550154 -1508.762893 -1604.057059 -1695.601277 -1780.624103 -1856.136435 -1920.037246 -1971.725157 -2011.959341 -2042.322496 -2064.683809 -2080.840047 -2092.339018 -2100.426925 -2106.062731 -2109.961187 -2112.643340 -2114.485908 -2115.773805 -2116.789597 -2118.027894 -2120.275634 -2118.648692 -2042.805942 -1251.955832 -1257.118401 -1245.360734 -1237.422485 -1233.688866 -1233.094576 -1233.028923 -1233.033840 -1233.048833 -1233.065064 -1233.080679 -1233.095150 -1233.108667 -1233.125135 -1233.180211 -1233.541704 -1235.548943 -1239.946650 -1245.257503 -1231.611614 -2016.262956 -2112.980081 -2119.042794 -2118.712711 -2118.506048 -2118.458222 -2118.449755 -2118.448752 -2118.448985 -2118.449352 -2118.449671 -2118.449927 -2118.450130 -2118.450295 -2118.450431 -2118.450548 -2118.450651 -2118.450747 -2118.450845 -2118.450952 -2118.451082 -2118.451252 -2118.451491 -2118.451844 -2118.452383 -2118.453233 -2118.454606 -2118.456883 -2118.460768 -2118.467604 -2118.480025 -2118.503314 -2118.548359 -2118.638478 -2118.826544 -2119.241609 -2120.226570 -2122.789021 -2130.265190 -2155.159225 -9999.0 -9999.0
-9999.0 -9999.0 174.610126 76.239154 -22.894729 -122.245917 -221.680132 -321.146415 -420.618898 -520.080528 -619.509311 -718.858186 -818.156261 -917.369398 -1016.537688 -1115.725340 -1214.698749 -1313.377615 -1411.550154 -1508.762893 -1604.057059 -1695.601277 -1780.624103 -1856.136435 -1920.037247 -1971.725157 -2011.959341 -2042.322496 -2064.683809 -2080.840047 -2092.339018 -2100.426925 -2106.062731 -2109.961187 -2112.643340 -2114.485908 -2115.773805 -2116.789597 -2118.027894 -2120.275634 -2118.648692 -2042.805942 -1251.955832 -1257.118401 -1245.360734 -1237.422485 -1233.688866 -1233.094576 -1233.028923 -1233.033840 -1233.048833 -1233.065064 -1233.080679 -1233.095150 -1233.108667 -1233.125135 -1233.180211 -1233.541704 -1235.548943 -1239.946650 -1245.257503 -1231.611614 -2016.262956 -2112.980081 -2119.042794 -2118.712711 -2118.506048 -2118.458222 -2118.449755 -2118.448752 -2118.448985 -2118.449352 -2118.449671 -2118.449927 -2118.450130 -2118.450295 -2118.450431 -2118.450548 -2118.450651 -2118.450747 -2118.450845 -2118.450952 -2118.451082 -2118.451252 -2118.451491 -2118.451844 -2118.452383 -2118.453233 -2118.454606 -2118.456883 -2118.460768 -2118.467604 -2118.480025 -2118.503314 -2118.548359 -2118.638478 -2118.826544 -2119.241609 -2120.226570 -2122.789021 -2130.265190 -2155.159225 -9999.0 -9999.0
-9999.0 -9999.0 174.610126 76.239154 -22.894729 -122.245917 -221.680132 -321.146415 -420.618898 -520.080528 -619.509311 -718.858186 -818.156261 -917.369398 -1016.537688 -1115.725340 -1214.698749 -1313.377615 -1411.550154 -1508.762893 -1604.057059 -1695.601277 -1780.624103 -1856.136435 -1920.037247 -1971.725157 -2011.959341 -2042.322496 -2064.683809 -2080.840047 -2092.339018 -2100.426925 -2106.062731 -2109.961187 -2112.643340 -2114.485908 -2115.773805 -2116.789597 -2118.027894 -2120.275634 -2118.648692 -2042.805942 -1251.955832 -1257.118401 -1245.360734 -1237.422485 -1233.688866 -1233.094576 -1233.028923 -1233.033840 -1233.048833 -1233.065064 -1233.080679 -1233.095150 -1233.108667 -1233.125135 -1233.180211 -1233.541704 -1235.548943 -1239.946650 -1245.257503 -1231.611614 -2016.262956 -2112.980081 -2119.042794 -2118.712711 -2118.506048 -2118.458222 -2118.449755 -2118.448752 -2118.448985 -2118.449352 -2118.449671 -2118.449927 -2118.450130 -2118.450295 -2118.450431 -2118.450548 -2118.450651 -2118.450747 -2118.450845 -2118.450952 -2118.451082 -2118.451252 -2118.451491 -2118.451844 -2118.452383 -2118.453233 -2118.454606 -2118.456883 -2118.460768 -2118.467604 -2118.480025 -2118.503314 -2118.548359 -2118.638478 -2118.826544 -2119.241609 -2120.226570 -2122.789021 -2130.265190 -2155.159225 -9999.0 -9999.0
-9999.0 -9999.0 174.608931 76.238446 -22.895008 -122.246018 -221.680167 -321.146428 -420.618903 -520.080530 -619.509312 -718.858186 -818.156261 -917.369398 -1016.537688 -1115.725340 -1214.698749 -1313.377615 -1411.550154 -1508.762893 -1604.057059 -1695.601277 -1780.624103 -1856.136435 -1920.037246 -1971.725157 -2011.959341 -2042.322496 -2064.683809 -2080.840047 -2092.339018 -2100.426925 -2106.062731 -2109.961187 -2112.643340 -2114.485908 -2115.773805 -2116.789597 -2118.027894 -2120.275634 -2118.648692 -2042.805942 -1251.955832 -1257.118401 -1245.360734 -1237.422485 -1233.688866 -1233.094576 -1233.028923 -1233.033840 -1233.048833 -1233.065064 -1233.080679 -1233.095150 -1233.108667 -1233.125135 -1233.180211 -1233.541704 -1235.548943 -1239.946650 -1245.257503 -1231.611614 -2016.262956 -2112.980081 -2119.042794 -2118.712711 -2118.506048 -2118.458222 -2118.449755 -2118.448752 -2118.448985 -2118.449352 -2118.449671 -2118.449927 -2118.450130 -2118.450295 -2118.450431 -2118.450548 -2118.450651 -2118.450747 -2118.450845 -2118.450952 -2118.451082 -2118.451252 -2118.451491 -2118.451844 -2118.452383 -2118.453233 -2118.454606 -2118.456883 -2118.460768 -2118.467604 -2118.480025 -2118.503314 -2118.548359 -2118.638478 -2118.826544 -2119.241609 -2120.226570 -2122.789021 -2130.265190 -2155.159225 -9999.0 -9999.0
-9999.0 -9999.0 174.600451 76.236712 -22.895449 -122.246146 -221.680208 -321.146442 -420.618908 -520.080532 -619.509312 -718.858187 -818.156261 -917.369399 -1016.537688 -1115.725340 -1214.698749 -1313.377614 -1411.550154 -1508.762893 -1604.057059 -1695.601277 -1780.624103 -1856.136435 -1920.037246 -1971.725156 -2011.959341 -2042.322496 -2064.683809 -2080.840047 -2092.339018 -2100.426925 -2106.062731 -2109.961187 -2112.643340 -2114.485908 -2115.773805 -2116.789597 -2118.027895 -2120.275634 -2118.648692 -2042.805942 -1251.955832 -1257.118401 -1245.360734 -1237.422485 -1233.688866 -1233.094576 -1233.028923 -1233.033840 -1233.048833 -1233.065064 -1233.080679 -1233.095150 -1233.108667 -1233.125135 -1233.180211 -1233.541704 -1235.548943 -1239.946650 -1245.257503 -1231.611614 -2016.262956 -2112.980081 -2119.042794 -2118.712711 -2118.506049 -2118.458222 -2118.449755 -2118.448752 -2118.448985 -2118.449352 -2118.449671 -2118.449927 -2118.450130 -2118.450295 -2118.450431 -2118.450548 -2118.450651 -2118.450748 -2118.450845 -2118.450952 -2118.451082 -2118.451252 -2118.451491 -2118.451844 -2118.452383 -2118.453233 -2118.454606 -2118.456883 -2118.460768 -2118.467604 -2118.480025 -2118.503314 -2118.548359 -2118.638478 -2118.826544 -2119.241609 -2120.226571 -2122.789021 -2130.265190 -2155.159225 -9999.0 -9999.0
-9999.0 -9999.0 -9999.0 -9999.0 -9999.0 -9999.0 -9999.0 -9999.0 -9999.0 -9999.0 -9999.0 -9999.0 -9999.0 -9999.0 -9999.0 -9999.0 -9999.0 -9999.0 -9999.0 -9999.0 -9999.0 -9999.0 -9999.0 -9999.0 -9999.0 -9999.0 -9999.0 -9999.0 -9999.0 -9999.0 -9999.0 -9999.0 -9999.0 -9999.0 -9999.0 -9999.0 -9999.0 -9999.0 -9999.0 -9999.0 -9999.0 -9999.0 -9999.0 -9999.0 -9999.0 -9999.0 -9999.0 -9999.0 -9999.0 -9999.0 -9999.0 -9999.0 -9999.0 -9999.0 -9999.0 -9999.0 -9999.0 -9999.0 -9999.0 -9999.0 -9999.0 -9999.0 -9999.0 -9999.0 -9999.0 -9999.0 -9999.0 -9999.0 -9999.0 -9999.0 -9999.0 -9999.0 -9999.0 -9999.0 -9999.0 -9999.0 -9999.0 -9999.0 -9999.0 -9999.0 -9999.0 -9999.0 -9999.0 -9999.0 -9999.0 -9999.0 -9999.0 -9999.0 -9999.0 -9999.0 -9999.0 -9999.0 -9999.0 -9999.0 -9999.0 -9999.0 -9999.0 -9999.0 -9999.0 -9999.0 -9999.0 -9999.0 -9999.0 -9999.0
-9999.0 -9999.0 -9999.0 -9999.0 -9999.0 -9999.0 -9999.0 -9999.0 -9999.0 -9999.0 -9999.0 -9999.0 -9999.0 -9999.0 -9999.0 -9999.0 -9999.0 -9999.0 -9999.0 -9999.0 -9999.0 -9999.0 -9999.0 -9999.0 -9999.0 -9999.0 -9999.0 -9999.0 -9999.0 -9999.0 -9999.0 -9999.0 -9999.0 -9999.0 -9999.0 -9999.0 -9999.0 -9999.0 -9999.0 -9999.0 -9999.0 -9999.0 -9999.0 -9999.0 -9999.0 -9999.0 -9999.0 -9999.0 -9999.0 -9999.0 -9999.0 -9999.0 -9999.0 -9999.0 -9999.0 -9999.0 -9999.0 -9999.0 -9999.0 -9999.0 -9999.0 -9999.0 -9999.0 -9999.0 -9999.0 -9999.0 -9999.0 -9999.0 -9999.0 -9999.0 -9999.0 -9999.0 -9999.0 -9999.0 -9999.0 -9999.0 -9999.0 -9999.0 -9999.0 -9999.0 -9999.0 -9999.0 -9999.0 -9999.0 -9999.0 -9999.0 -9999.0 -9999.0 -9999.0 -9999.0 -9999.0 -9999.0 -9999.0 -9999.0 -9999.0 -9999.0 -9999.0 -9999.0 -9999.0 -9999.0 -9999.0 -9999.0 -9999.0 -9999.0