inst/processing_geotop_simulation/geotop_simulation/out/maps3D/PwL0010N0300.asc
ncols         104
nrows         10
xllcorner     -2.000000
yllcorner     0.000000
cellsize      1.000000
NODATA_value  -9999.0
-9999.0 -9999.0 -9999.0 -9999.0 -9999.0 -9999.0 -9999.0 -9999.0 -9999.0 -9999.0 -9999.0 -9999.0 -9999.0 -9999.0 -9999.0 -9999.0 -9999.0 -9999.0 -9999.0 -9999.0 -9999.0 -9999.0 -9999.0 -9999.0 -9999.0 -9999.0 -9999.0 -9999.0 -9999.0 -9999.0 -9999.0 -9999.0 -9999.0 -9999.0 -9999.0 -9999.0 -9999.0 -9999.0 -9999.0 -9999.0 -9999.0 -9999.0 -9999.0 -9999.0 -9999.0 -9999.0 -9999.0 -9999.0 -9999.0 -9999.0 -9999.0 -9999.0 -9999.0 -9999.0 -9999.0 -9999.0 -9999.0 -9999.0 -9999.0 -9999.0 -9999.0 -9999.0 -9999.0 -9999.0 -9999.0 -9999.0 -9999.0 -9999.0 -9999.0 -9999.0 -9999.0 -9999.0 -9999.0 -9999.0 -9999.0 -9999.0 -9999.0 -9999.0 -9999.0 -9999.0 -9999.0 -9999.0 -9999.0 -9999.0 -9999.0 -9999.0 -9999.0 -9999.0 -9999.0 -9999.0 -9999.0 -9999.0 -9999.0 -9999.0 -9999.0 -9999.0 -9999.0 -9999.0 -9999.0 -9999.0 -9999.0 -9999.0 -9999.0 -9999.0
-9999.0 -9999.0 -9999.0 -9999.0 -9999.0 -9999.0 -9999.0 -9999.0 -9999.0 -9999.0 -9999.0 -9999.0 -9999.0 -9999.0 -9999.0 -9999.0 -9999.0 -9999.0 -9999.0 -9999.0 -9999.0 -9999.0 -9999.0 -9999.0 -9999.0 -9999.0 -9999.0 -9999.0 -9999.0 -9999.0 -9999.0 -9999.0 -9999.0 -9999.0 -9999.0 -9999.0 -9999.0 -9999.0 -9999.0 -9999.0 -9999.0 -9999.0 -9999.0 -9999.0 -9999.0 -9999.0 -9999.0 -9999.0 -9999.0 -9999.0 -9999.0 -9999.0 -9999.0 -9999.0 -9999.0 -9999.0 -9999.0 -9999.0 -9999.0 -9999.0 -9999.0 -9999.0 -9999.0 -9999.0 -9999.0 -9999.0 -9999.0 -9999.0 -9999.0 -9999.0 -9999.0 -9999.0 -9999.0 -9999.0 -9999.0 -9999.0 -9999.0 -9999.0 -9999.0 -9999.0 -9999.0 -9999.0 -9999.0 -9999.0 -9999.0 -9999.0 -9999.0 -9999.0 -9999.0 -9999.0 -9999.0 -9999.0 -9999.0 -9999.0 -9999.0 -9999.0 -9999.0 -9999.0 -9999.0 -9999.0 -9999.0 -9999.0 -9999.0 -9999.0
-9999.0 -9999.0 474.387667 377.007127 278.794910 180.193137 81.426319 -17.406443 -116.257370 -215.104682 -313.921585 -412.667101 -511.254672 -609.503008 -707.184397 -805.104319 -902.787631 -1000.200335 -1097.349703 -1191.557361 -1282.323916 -1367.070668 -1442.799752 -1507.255184 -1559.609695 -1600.425043 -1631.177926 -1653.719000 -1669.878261 -1681.256067 -1689.151268 -1694.565974 -1698.245275 -1700.727725 -1702.394507 -1703.513331 -1704.281052 -1704.895767 -1705.802893 -1708.524563 -1716.499425 -1719.757629 -1342.764701 -1553.767568 -1494.169896 -1457.255323 -1440.551317 -1438.292589 -1438.061013 -1438.084390 -1438.144044 -1438.208048 -1438.269516 -1438.326412 -1438.379114 -1438.439543 -1438.623898 -1439.911518 -1448.521724 -1468.199768 -1494.337147 -1269.077513 -1686.987094 -1709.334784 -1707.125122 -1706.097448 -1705.879865 -1705.842728 -1705.837265 -1705.837000 -1705.837510 -1705.838038 -1705.838467 -1705.838799 -1705.839057 -1705.839259 -1705.839420 -1705.839553 -1705.839666 -1705.839768 -1705.839870 -1705.839982 -1705.840123 -1705.840315 -1705.840597 -1705.841026 -1705.841697 -1705.842770 -1705.844517 -1705.847419 -1705.852358 -1705.860999 -1705.876581 -1705.905536 -1705.960906 -1706.069880 -1706.291854 -1706.765819 -1707.843927 -1710.501951 -1717.817037 -1741.484163 -9999.0 -9999.0
-9999.0 -9999.0 474.393754 377.008817 278.795380 180.193278 81.426364 -17.406428 -116.257365 -215.104680 -313.921584 -412.667101 -511.254672 -609.503008 -707.184397 -805.104319 -902.787631 -1000.200335 -1097.349703 -1191.557361 -1282.323916 -1367.070668 -1442.799752 -1507.255184 -1559.609695 -1600.425043 -1631.177926 -1653.719000 -1669.878261 -1681.256067 -1689.151268 -1694.565974 -1698.245275 -1700.727725 -1702.394507 -1703.513331 -1704.281052 -1704.895767 -1705.802893 -1708.524563 -1716.499425 -1719.757629 -1342.764701 -1553.767568 -1494.169895 -1457.255322 -1440.551317 -1438.292589 -1438.061013 -1438.084390 -1438.144044 -1438.208048 -1438.269516 -1438.326412 -1438.379114 -1438.439543 -1438.623898 -1439.911518 -1448.521724 -1468.199768 -1494.337147 -1269.077513 -1686.987094 -1709.334784 -1707.125122 -1706.097448 -1705.879865 -1705.842728 -1705.837265 -1705.837000 -1705.837510 -1705.838038 -1705.838467 -1705.838799 -1705.839057 -1705.839259 -1705.839420 -1705.839553 -1705.839666 -1705.839768 -1705.839870 -1705.839982 -1705.840123 -1705.840315 -1705.840597 -1705.841026 -1705.841697 -1705.842770 -1705.844517 -1705.847419 -1705.852358 -1705.860999 -1705.876581 -1705.905536 -1705.960906 -1706.069880 -1706.291854 -1706.765819 -1707.843927 -1710.501951 -1717.817037 -1741.484163 -9999.0 -9999.0
-9999.0 -9999.0 474.395197 377.009576 278.795685 180.193391 81.426405 -17.406414 -116.257360 -215.104678 -313.921583 -412.667101 -511.254672 -609.503008 -707.184397 -805.104319 -902.787631 -1000.200335 -1097.349704 -1191.557362 -1282.323916 -1367.070668 -1442.799752 -1507.255184 -1559.609695 -1600.425043 -1631.177926 -1653.719000 -1669.878261 -1681.256067 -1689.151268 -1694.565974 -1698.245275 -1700.727725 -1702.394507 -1703.513331 -1704.281052 -1704.895767 -1705.802893 -1708.524563 -1716.499425 -1719.757629 -1342.764701 -1553.767568 -1494.169895 -1457.255322 -1440.551317 -1438.292589 -1438.061013 -1438.084390 -1438.144044 -1438.208048 -1438.269516 -1438.326412 -1438.379114 -1438.439543 -1438.623898 -1439.911518 -1448.521724 -1468.199768 -1494.337147 -1269.077513 -1686.987094 -1709.334784 -1707.125122 -1706.097448 -1705.879865 -1705.842728 -1705.837265 -1705.837000 -1705.837510 -1705.838038 -1705.838467 -1705.838799 -1705.839057 -1705.839259 -1705.839420 -1705.839553 -1705.839666 -1705.839768 -1705.839870 -1705.839982 -1705.840123 -1705.840315 -1705.840597 -1705.841026 -1705.841697 -1705.842770 -1705.844517 -1705.847419 -1705.852358 -1705.860999 -1705.876581 -1705.905536 -1705.960906 -1706.069880 -1706.291854 -1706.765819 -1707.843927 -1710.501951 -1717.817037 -1741.484163 -9999.0 -9999.0
-9999.0 -9999.0 474.395197 377.009576 278.795685 180.193391 81.426405 -17.406414 -116.257360 -215.104678 -313.921583 -412.667101 -511.254672 -609.503008 -707.184397 -805.104319 -902.787631 -1000.200335 -1097.349704 -1191.557362 -1282.323916 -1367.070668 -1442.799752 -1507.255184 -1559.609695 -1600.425043 -1631.177926 -1653.719000 -1669.878261 -1681.256067 -1689.151268 -1694.565974 -1698.245275 -1700.727725 -1702.394507 -1703.513331 -1704.281052 -1704.895767 -1705.802893 -1708.524563 -1716.499425 -1719.757629 -1342.764701 -1553.767568 -1494.169895 -1457.255322 -1440.551317 -1438.292589 -1438.061013 -1438.084390 -1438.144044 -1438.208048 -1438.269516 -1438.326412 -1438.379114 -1438.439543 -1438.623898 -1439.911518 -1448.521724 -1468.199768 -1494.337147 -1269.077513 -1686.987094 -1709.334784 -1707.125122 -1706.097448 -1705.879865 -1705.842728 -1705.837265 -1705.837000 -1705.837510 -1705.838038 -1705.838467 -1705.838799 -1705.839057 -1705.839259 -1705.839420 -1705.839553 -1705.839666 -1705.839768 -1705.839870 -1705.839982 -1705.840123 -1705.840315 -1705.840597 -1705.841026 -1705.841697 -1705.842770 -1705.844517 -1705.847419 -1705.852358 -1705.860999 -1705.876581 -1705.905536 -1705.960906 -1706.069880 -1706.291854 -1706.765819 -1707.843927 -1710.501951 -1717.817037 -1741.484163 -9999.0 -9999.0
-9999.0 -9999.0 474.393754 377.008817 278.795380 180.193279 81.426364 -17.406428 -116.257365 -215.104680 -313.921584 -412.667101 -511.254672 -609.503008 -707.184397 -805.104319 -902.787631 -1000.200335 -1097.349703 -1191.557361 -1282.323916 -1367.070668 -1442.799752 -1507.255184 -1559.609695 -1600.425043 -1631.177926 -1653.719000 -1669.878261 -1681.256067 -1689.151268 -1694.565974 -1698.245275 -1700.727725 -1702.394507 -1703.513331 -1704.281052 -1704.895767 -1705.802893 -1708.524563 -1716.499425 -1719.757629 -1342.764701 -1553.767568 -1494.169895 -1457.255322 -1440.551317 -1438.292589 -1438.061013 -1438.084390 -1438.144044 -1438.208048 -1438.269516 -1438.326412 -1438.379114 -1438.439543 -1438.623898 -1439.911518 -1448.521724 -1468.199768 -1494.337147 -1269.077513 -1686.987094 -1709.334784 -1707.125122 -1706.097448 -1705.879865 -1705.842728 -1705.837265 -1705.837000 -1705.837510 -1705.838038 -1705.838467 -1705.838799 -1705.839057 -1705.839259 -1705.839420 -1705.839553 -1705.839666 -1705.839768 -1705.839870 -1705.839982 -1705.840123 -1705.840315 -1705.840597 -1705.841026 -1705.841697 -1705.842770 -1705.844517 -1705.847419 -1705.852358 -1705.860999 -1705.876581 -1705.905536 -1705.960906 -1706.069880 -1706.291854 -1706.765819 -1707.843927 -1710.501951 -1717.817037 -1741.484163 -9999.0 -9999.0
-9999.0 -9999.0 474.387668 377.007127 278.794910 180.193136 81.426319 -17.406443 -116.257370 -215.104682 -313.921585 -412.667101 -511.254672 -609.503008 -707.184397 -805.104319 -902.787631 -1000.200335 -1097.349703 -1191.557361 -1282.323916 -1367.070668 -1442.799752 -1507.255184 -1559.609695 -1600.425043 -1631.177926 -1653.719000 -1669.878261 -1681.256067 -1689.151268 -1694.565974 -1698.245275 -1700.727725 -1702.394507 -1703.513331 -1704.281052 -1704.895767 -1705.802893 -1708.524563 -1716.499425 -1719.757629 -1342.764701 -1553.767568 -1494.169896 -1457.255323 -1440.551317 -1438.292589 -1438.061013 -1438.084390 -1438.144044 -1438.208048 -1438.269516 -1438.326412 -1438.379114 -1438.439543 -1438.623898 -1439.911518 -1448.521724 -1468.199768 -1494.337147 -1269.077513 -1686.987094 -1709.334784 -1707.125122 -1706.097448 -1705.879865 -1705.842728 -1705.837265 -1705.837000 -1705.837510 -1705.838038 -1705.838467 -1705.838799 -1705.839057 -1705.839259 -1705.839420 -1705.839553 -1705.839666 -1705.839768 -1705.839870 -1705.839982 -1705.840123 -1705.840315 -1705.840597 -1705.841026 -1705.841697 -1705.842770 -1705.844517 -1705.847419 -1705.852358 -1705.860999 -1705.876581 -1705.905536 -1705.960906 -1706.069880 -1706.291854 -1706.765819 -1707.843927 -1710.501951 -1717.817037 -1741.484163 -9999.0 -9999.0
-9999.0 -9999.0 -9999.0 -9999.0 -9999.0 -9999.0 -9999.0 -9999.0 -9999.0 -9999.0 -9999.0 -9999.0 -9999.0 -9999.0 -9999.0 -9999.0 -9999.0 -9999.0 -9999.0 -9999.0 -9999.0 -9999.0 -9999.0 -9999.0 -9999.0 -9999.0 -9999.0 -9999.0 -9999.0 -9999.0 -9999.0 -9999.0 -9999.0 -9999.0 -9999.0 -9999.0 -9999.0 -9999.0 -9999.0 -9999.0 -9999.0 -9999.0 -9999.0 -9999.0 -9999.0 -9999.0 -9999.0 -9999.0 -9999.0 -9999.0 -9999.0 -9999.0 -9999.0 -9999.0 -9999.0 -9999.0 -9999.0 -9999.0 -9999.0 -9999.0 -9999.0 -9999.0 -9999.0 -9999.0 -9999.0 -9999.0 -9999.0 -9999.0 -9999.0 -9999.0 -9999.0 -9999.0 -9999.0 -9999.0 -9999.0 -9999.0 -9999.0 -9999.0 -9999.0 -9999.0 -9999.0 -9999.0 -9999.0 -9999.0 -9999.0 -9999.0 -9999.0 -9999.0 -9999.0 -9999.0 -9999.0 -9999.0 -9999.0 -9999.0 -9999.0 -9999.0 -9999.0 -9999.0 -9999.0 -9999.0 -9999.0 -9999.0 -9999.0 -9999.0
-9999.0 -9999.0 -9999.0 -9999.0 -9999.0 -9999.0 -9999.0 -9999.0 -9999.0 -9999.0 -9999.0 -9999.0 -9999.0 -9999.0 -9999.0 -9999.0 -9999.0 -9999.0 -9999.0 -9999.0 -9999.0 -9999.0 -9999.0 -9999.0 -9999.0 -9999.0 -9999.0 -9999.0 -9999.0 -9999.0 -9999.0 -9999.0 -9999.0 -9999.0 -9999.0 -9999.0 -9999.0 -9999.0 -9999.0 -9999.0 -9999.0 -9999.0 -9999.0 -9999.0 -9999.0 -9999.0 -9999.0 -9999.0 -9999.0 -9999.0 -9999.0 -9999.0 -9999.0 -9999.0 -9999.0 -9999.0 -9999.0 -9999.0 -9999.0 -9999.0 -9999.0 -9999.0 -9999.0 -9999.0 -9999.0 -9999.0 -9999.0 -9999.0 -9999.0 -9999.0 -9999.0 -9999.0 -9999.0 -9999.0 -9999.0 -9999.0 -9999.0 -9999.0 -9999.0 -9999.0 -9999.0 -9999.0 -9999.0 -9999.0 -9999.0 -9999.0 -9999.0 -9999.0 -9999.0 -9999.0 -9999.0 -9999.0 -9999.0 -9999.0 -9999.0 -9999.0 -9999.0 -9999.0 -9999.0 -9999.0 -9999.0 -9999.0 -9999.0 -9999.0