inst/processing_geotop_simulation/geotop_simulation/out/maps3D/PwL0018N0114.asc
ncols         104
nrows         10
xllcorner     -2.000000
yllcorner     0.000000
cellsize      1.000000
NODATA_value  -9999.0
-9999.0 -9999.0 -9999.0 -9999.0 -9999.0 -9999.0 -9999.0 -9999.0 -9999.0 -9999.0 -9999.0 -9999.0 -9999.0 -9999.0 -9999.0 -9999.0 -9999.0 -9999.0 -9999.0 -9999.0 -9999.0 -9999.0 -9999.0 -9999.0 -9999.0 -9999.0 -9999.0 -9999.0 -9999.0 -9999.0 -9999.0 -9999.0 -9999.0 -9999.0 -9999.0 -9999.0 -9999.0 -9999.0 -9999.0 -9999.0 -9999.0 -9999.0 -9999.0 -9999.0 -9999.0 -9999.0 -9999.0 -9999.0 -9999.0 -9999.0 -9999.0 -9999.0 -9999.0 -9999.0 -9999.0 -9999.0 -9999.0 -9999.0 -9999.0 -9999.0 -9999.0 -9999.0 -9999.0 -9999.0 -9999.0 -9999.0 -9999.0 -9999.0 -9999.0 -9999.0 -9999.0 -9999.0 -9999.0 -9999.0 -9999.0 -9999.0 -9999.0 -9999.0 -9999.0 -9999.0 -9999.0 -9999.0 -9999.0 -9999.0 -9999.0 -9999.0 -9999.0 -9999.0 -9999.0 -9999.0 -9999.0 -9999.0 -9999.0 -9999.0 -9999.0 -9999.0 -9999.0 -9999.0 -9999.0 -9999.0 -9999.0 -9999.0 -9999.0 -9999.0
-9999.0 -9999.0 -9999.0 -9999.0 -9999.0 -9999.0 -9999.0 -9999.0 -9999.0 -9999.0 -9999.0 -9999.0 -9999.0 -9999.0 -9999.0 -9999.0 -9999.0 -9999.0 -9999.0 -9999.0 -9999.0 -9999.0 -9999.0 -9999.0 -9999.0 -9999.0 -9999.0 -9999.0 -9999.0 -9999.0 -9999.0 -9999.0 -9999.0 -9999.0 -9999.0 -9999.0 -9999.0 -9999.0 -9999.0 -9999.0 -9999.0 -9999.0 -9999.0 -9999.0 -9999.0 -9999.0 -9999.0 -9999.0 -9999.0 -9999.0 -9999.0 -9999.0 -9999.0 -9999.0 -9999.0 -9999.0 -9999.0 -9999.0 -9999.0 -9999.0 -9999.0 -9999.0 -9999.0 -9999.0 -9999.0 -9999.0 -9999.0 -9999.0 -9999.0 -9999.0 -9999.0 -9999.0 -9999.0 -9999.0 -9999.0 -9999.0 -9999.0 -9999.0 -9999.0 -9999.0 -9999.0 -9999.0 -9999.0 -9999.0 -9999.0 -9999.0 -9999.0 -9999.0 -9999.0 -9999.0 -9999.0 -9999.0 -9999.0 -9999.0 -9999.0 -9999.0 -9999.0 -9999.0 -9999.0 -9999.0 -9999.0 -9999.0 -9999.0 -9999.0
-9999.0 -9999.0 890.635458 798.761121 705.962115 612.097283 517.672496 422.998552 328.242716 233.494980 138.803936 44.194435 -50.304207 -144.676641 -238.958179 -333.286651 -427.950900 -523.228206 -619.132259 -713.790456 -805.871242 -895.544341 -980.811020 -1039.684770 -1080.187165 -1105.662618 -1120.622966 -1128.970452 -1133.443953 -1135.756849 -1136.914767 -1137.479101 -1137.751008 -1137.885422 -1137.958117 -1138.006241 -1138.055868 -1138.149922 -1138.458282 -1140.262867 -1152.464902 -1248.061577 -2058.394003 -4073.948420 -4084.158087 -4084.158416 -4084.158416 -4084.158414 -4084.158403 -4084.158359 -4084.158213 -4084.157713 -4084.156764 -4084.155407 -4084.152952 -4084.147745 -4084.135112 -4084.100768 -4083.998032 -4083.665433 -4065.242157 -1917.954232 -1214.978087 -1147.709406 -1139.484147 -1138.485596 -1138.351756 -1138.331178 -1138.328961 -1138.330026 -1138.331451 -1138.332661 -1138.333598 -1138.334310 -1138.334854 -1138.335277 -1138.335612 -1138.335882 -1138.336107 -1138.336306 -1138.336500 -1138.336714 -1138.336981 -1138.337351 -1138.337897 -1138.338734 -1138.340049 -1138.342149 -1138.345551 -1138.351157 -1138.360584 -1138.376840 -1138.405704 -1138.458528 -1138.557991 -1138.749988 -1139.129896 -1139.908300 -1141.597557 -1145.558182 -1155.525761 -1182.493007 -9999.0 -9999.0
-9999.0 -9999.0 890.639375 798.762564 705.962579 612.097433 517.672546 422.998569 328.242722 233.494982 138.803937 44.194435 -50.304207 -144.676641 -238.958179 -333.286651 -427.950900 -523.228206 -619.132259 -713.790456 -805.871243 -895.544341 -980.811020 -1039.684770 -1080.187165 -1105.662618 -1120.622966 -1128.970452 -1133.443953 -1135.756849 -1136.914767 -1137.479101 -1137.751008 -1137.885422 -1137.958117 -1138.006241 -1138.055868 -1138.149922 -1138.458282 -1140.262867 -1152.464902 -1248.061577 -2058.394003 -4073.948420 -4084.158087 -4084.158416 -4084.158416 -4084.158414 -4084.158403 -4084.158359 -4084.158213 -4084.157713 -4084.156764 -4084.155407 -4084.152952 -4084.147745 -4084.135112 -4084.100768 -4083.998032 -4083.665433 -4065.242157 -1917.954232 -1214.978087 -1147.709406 -1139.484147 -1138.485596 -1138.351756 -1138.331178 -1138.328961 -1138.330026 -1138.331451 -1138.332661 -1138.333598 -1138.334310 -1138.334854 -1138.335277 -1138.335612 -1138.335882 -1138.336107 -1138.336306 -1138.336500 -1138.336714 -1138.336981 -1138.337351 -1138.337897 -1138.338734 -1138.340049 -1138.342149 -1138.345551 -1138.351157 -1138.360584 -1138.376840 -1138.405704 -1138.458528 -1138.557991 -1138.749988 -1139.129896 -1139.908300 -1141.597557 -1145.558182 -1155.525761 -1182.493007 -9999.0 -9999.0
-9999.0 -9999.0 890.640787 798.763319 705.962895 612.097554 517.672590 422.998585 328.242728 233.494984 138.803938 44.194435 -50.304207 -144.676641 -238.958179 -333.286651 -427.950900 -523.228206 -619.132259 -713.790456 -805.871243 -895.544341 -980.811020 -1039.684770 -1080.187165 -1105.662618 -1120.622966 -1128.970452 -1133.443953 -1135.756849 -1136.914767 -1137.479101 -1137.751008 -1137.885422 -1137.958117 -1138.006241 -1138.055868 -1138.149922 -1138.458282 -1140.262867 -1152.464902 -1248.061577 -2058.394003 -4073.948420 -4084.158087 -4084.158416 -4084.158416 -4084.158414 -4084.158403 -4084.158359 -4084.158213 -4084.157713 -4084.156764 -4084.155407 -4084.152952 -4084.147745 -4084.135112 -4084.100768 -4083.998032 -4083.665433 -4065.242157 -1917.954232 -1214.978087 -1147.709406 -1139.484147 -1138.485596 -1138.351756 -1138.331178 -1138.328961 -1138.330026 -1138.331451 -1138.332661 -1138.333598 -1138.334310 -1138.334854 -1138.335277 -1138.335612 -1138.335882 -1138.336107 -1138.336306 -1138.336500 -1138.336714 -1138.336981 -1138.337351 -1138.337897 -1138.338734 -1138.340049 -1138.342149 -1138.345551 -1138.351157 -1138.360584 -1138.376840 -1138.405704 -1138.458528 -1138.557991 -1138.749988 -1139.129896 -1139.908300 -1141.597557 -1145.558182 -1155.525761 -1182.493007 -9999.0 -9999.0
-9999.0 -9999.0 890.640787 798.763318 705.962895 612.097553 517.672590 422.998585 328.242728 233.494984 138.803938 44.194435 -50.304207 -144.676641 -238.958179 -333.286651 -427.950900 -523.228206 -619.132259 -713.790456 -805.871243 -895.544341 -980.811020 -1039.684770 -1080.187165 -1105.662618 -1120.622966 -1128.970452 -1133.443953 -1135.756849 -1136.914767 -1137.479101 -1137.751008 -1137.885422 -1137.958117 -1138.006241 -1138.055868 -1138.149922 -1138.458282 -1140.262867 -1152.464902 -1248.061577 -2058.394003 -4073.948420 -4084.158087 -4084.158416 -4084.158416 -4084.158414 -4084.158403 -4084.158359 -4084.158213 -4084.157713 -4084.156764 -4084.155407 -4084.152952 -4084.147745 -4084.135112 -4084.100768 -4083.998032 -4083.665433 -4065.242157 -1917.954232 -1214.978087 -1147.709406 -1139.484147 -1138.485596 -1138.351756 -1138.331178 -1138.328961 -1138.330026 -1138.331451 -1138.332661 -1138.333598 -1138.334310 -1138.334854 -1138.335277 -1138.335612 -1138.335882 -1138.336107 -1138.336306 -1138.336500 -1138.336714 -1138.336981 -1138.337351 -1138.337897 -1138.338734 -1138.340049 -1138.342149 -1138.345551 -1138.351157 -1138.360584 -1138.376840 -1138.405704 -1138.458528 -1138.557991 -1138.749988 -1139.129896 -1139.908300 -1141.597557 -1145.558182 -1155.525761 -1182.493007 -9999.0 -9999.0
-9999.0 -9999.0 890.639375 798.762564 705.962579 612.097433 517.672546 422.998569 328.242722 233.494982 138.803937 44.194435 -50.304207 -144.676641 -238.958179 -333.286651 -427.950900 -523.228206 -619.132259 -713.790456 -805.871243 -895.544341 -980.811020 -1039.684770 -1080.187165 -1105.662618 -1120.622966 -1128.970452 -1133.443953 -1135.756849 -1136.914767 -1137.479101 -1137.751008 -1137.885422 -1137.958117 -1138.006241 -1138.055868 -1138.149922 -1138.458282 -1140.262867 -1152.464902 -1248.061577 -2058.394003 -4073.948420 -4084.158087 -4084.158416 -4084.158416 -4084.158414 -4084.158403 -4084.158359 -4084.158213 -4084.157713 -4084.156764 -4084.155407 -4084.152952 -4084.147745 -4084.135112 -4084.100768 -4083.998032 -4083.665433 -4065.242157 -1917.954232 -1214.978087 -1147.709406 -1139.484147 -1138.485596 -1138.351756 -1138.331178 -1138.328961 -1138.330026 -1138.331451 -1138.332661 -1138.333598 -1138.334310 -1138.334854 -1138.335277 -1138.335612 -1138.335882 -1138.336107 -1138.336306 -1138.336500 -1138.336714 -1138.336981 -1138.337351 -1138.337897 -1138.338734 -1138.340049 -1138.342149 -1138.345551 -1138.351157 -1138.360584 -1138.376840 -1138.405704 -1138.458528 -1138.557991 -1138.749988 -1139.129896 -1139.908300 -1141.597557 -1145.558182 -1155.525761 -1182.493007 -9999.0 -9999.0
-9999.0 -9999.0 890.635459 798.761120 705.962115 612.097283 517.672496 422.998552 328.242716 233.494979 138.803936 44.194435 -50.304207 -144.676641 -238.958179 -333.286651 -427.950900 -523.228206 -619.132259 -713.790456 -805.871242 -895.544341 -980.811020 -1039.684770 -1080.187165 -1105.662618 -1120.622966 -1128.970452 -1133.443953 -1135.756849 -1136.914767 -1137.479101 -1137.751008 -1137.885422 -1137.958117 -1138.006241 -1138.055868 -1138.149922 -1138.458282 -1140.262867 -1152.464902 -1248.061577 -2058.394003 -4073.948420 -4084.158087 -4084.158416 -4084.158416 -4084.158414 -4084.158403 -4084.158359 -4084.158213 -4084.157713 -4084.156764 -4084.155407 -4084.152952 -4084.147745 -4084.135112 -4084.100768 -4083.998032 -4083.665433 -4065.242157 -1917.954232 -1214.978087 -1147.709406 -1139.484147 -1138.485596 -1138.351756 -1138.331178 -1138.328961 -1138.330026 -1138.331451 -1138.332661 -1138.333598 -1138.334310 -1138.334854 -1138.335277 -1138.335612 -1138.335882 -1138.336107 -1138.336306 -1138.336500 -1138.336714 -1138.336981 -1138.337351 -1138.337897 -1138.338734 -1138.340049 -1138.342149 -1138.345551 -1138.351157 -1138.360584 -1138.376840 -1138.405704 -1138.458528 -1138.557991 -1138.749988 -1139.129896 -1139.908300 -1141.597557 -1145.558182 -1155.525761 -1182.493007 -9999.0 -9999.0
-9999.0 -9999.0 -9999.0 -9999.0 -9999.0 -9999.0 -9999.0 -9999.0 -9999.0 -9999.0 -9999.0 -9999.0 -9999.0 -9999.0 -9999.0 -9999.0 -9999.0 -9999.0 -9999.0 -9999.0 -9999.0 -9999.0 -9999.0 -9999.0 -9999.0 -9999.0 -9999.0 -9999.0 -9999.0 -9999.0 -9999.0 -9999.0 -9999.0 -9999.0 -9999.0 -9999.0 -9999.0 -9999.0 -9999.0 -9999.0 -9999.0 -9999.0 -9999.0 -9999.0 -9999.0 -9999.0 -9999.0 -9999.0 -9999.0 -9999.0 -9999.0 -9999.0 -9999.0 -9999.0 -9999.0 -9999.0 -9999.0 -9999.0 -9999.0 -9999.0 -9999.0 -9999.0 -9999.0 -9999.0 -9999.0 -9999.0 -9999.0 -9999.0 -9999.0 -9999.0 -9999.0 -9999.0 -9999.0 -9999.0 -9999.0 -9999.0 -9999.0 -9999.0 -9999.0 -9999.0 -9999.0 -9999.0 -9999.0 -9999.0 -9999.0 -9999.0 -9999.0 -9999.0 -9999.0 -9999.0 -9999.0 -9999.0 -9999.0 -9999.0 -9999.0 -9999.0 -9999.0 -9999.0 -9999.0 -9999.0 -9999.0 -9999.0 -9999.0 -9999.0
-9999.0 -9999.0 -9999.0 -9999.0 -9999.0 -9999.0 -9999.0 -9999.0 -9999.0 -9999.0 -9999.0 -9999.0 -9999.0 -9999.0 -9999.0 -9999.0 -9999.0 -9999.0 -9999.0 -9999.0 -9999.0 -9999.0 -9999.0 -9999.0 -9999.0 -9999.0 -9999.0 -9999.0 -9999.0 -9999.0 -9999.0 -9999.0 -9999.0 -9999.0 -9999.0 -9999.0 -9999.0 -9999.0 -9999.0 -9999.0 -9999.0 -9999.0 -9999.0 -9999.0 -9999.0 -9999.0 -9999.0 -9999.0 -9999.0 -9999.0 -9999.0 -9999.0 -9999.0 -9999.0 -9999.0 -9999.0 -9999.0 -9999.0 -9999.0 -9999.0 -9999.0 -9999.0 -9999.0 -9999.0 -9999.0 -9999.0 -9999.0 -9999.0 -9999.0 -9999.0 -9999.0 -9999.0 -9999.0 -9999.0 -9999.0 -9999.0 -9999.0 -9999.0 -9999.0 -9999.0 -9999.0 -9999.0 -9999.0 -9999.0 -9999.0 -9999.0 -9999.0 -9999.0 -9999.0 -9999.0 -9999.0 -9999.0 -9999.0 -9999.0 -9999.0 -9999.0 -9999.0 -9999.0 -9999.0 -9999.0 -9999.0 -9999.0 -9999.0 -9999.0