inst/processing_geotop_simulation/geotop_simulation/out/maps3D/PwL0004N0410.asc
ncols         104
nrows         10
xllcorner     -2.000000
yllcorner     0.000000
cellsize      1.000000
NODATA_value  -9999.0
-9999.0 -9999.0 -9999.0 -9999.0 -9999.0 -9999.0 -9999.0 -9999.0 -9999.0 -9999.0 -9999.0 -9999.0 -9999.0 -9999.0 -9999.0 -9999.0 -9999.0 -9999.0 -9999.0 -9999.0 -9999.0 -9999.0 -9999.0 -9999.0 -9999.0 -9999.0 -9999.0 -9999.0 -9999.0 -9999.0 -9999.0 -9999.0 -9999.0 -9999.0 -9999.0 -9999.0 -9999.0 -9999.0 -9999.0 -9999.0 -9999.0 -9999.0 -9999.0 -9999.0 -9999.0 -9999.0 -9999.0 -9999.0 -9999.0 -9999.0 -9999.0 -9999.0 -9999.0 -9999.0 -9999.0 -9999.0 -9999.0 -9999.0 -9999.0 -9999.0 -9999.0 -9999.0 -9999.0 -9999.0 -9999.0 -9999.0 -9999.0 -9999.0 -9999.0 -9999.0 -9999.0 -9999.0 -9999.0 -9999.0 -9999.0 -9999.0 -9999.0 -9999.0 -9999.0 -9999.0 -9999.0 -9999.0 -9999.0 -9999.0 -9999.0 -9999.0 -9999.0 -9999.0 -9999.0 -9999.0 -9999.0 -9999.0 -9999.0 -9999.0 -9999.0 -9999.0 -9999.0 -9999.0 -9999.0 -9999.0 -9999.0 -9999.0 -9999.0 -9999.0
-9999.0 -9999.0 -9999.0 -9999.0 -9999.0 -9999.0 -9999.0 -9999.0 -9999.0 -9999.0 -9999.0 -9999.0 -9999.0 -9999.0 -9999.0 -9999.0 -9999.0 -9999.0 -9999.0 -9999.0 -9999.0 -9999.0 -9999.0 -9999.0 -9999.0 -9999.0 -9999.0 -9999.0 -9999.0 -9999.0 -9999.0 -9999.0 -9999.0 -9999.0 -9999.0 -9999.0 -9999.0 -9999.0 -9999.0 -9999.0 -9999.0 -9999.0 -9999.0 -9999.0 -9999.0 -9999.0 -9999.0 -9999.0 -9999.0 -9999.0 -9999.0 -9999.0 -9999.0 -9999.0 -9999.0 -9999.0 -9999.0 -9999.0 -9999.0 -9999.0 -9999.0 -9999.0 -9999.0 -9999.0 -9999.0 -9999.0 -9999.0 -9999.0 -9999.0 -9999.0 -9999.0 -9999.0 -9999.0 -9999.0 -9999.0 -9999.0 -9999.0 -9999.0 -9999.0 -9999.0 -9999.0 -9999.0 -9999.0 -9999.0 -9999.0 -9999.0 -9999.0 -9999.0 -9999.0 -9999.0 -9999.0 -9999.0 -9999.0 -9999.0 -9999.0 -9999.0 -9999.0 -9999.0 -9999.0 -9999.0 -9999.0 -9999.0 -9999.0 -9999.0
-9999.0 -9999.0 174.958789 77.036999 -21.860133 -121.034723 -220.315184 -319.636113 -418.963516 -518.274844 -617.538113 -716.680048 -815.743836 -914.674706 -1013.535938 -1112.432658 -1210.985942 -1309.050203 -1406.261424 -1501.906449 -1594.611678 -1681.981363 -1760.879589 -1828.592173 -1883.871304 -1927.092075 -1959.734554 -1983.734702 -2001.018215 -2013.264075 -2021.829299 -2027.758650 -2031.829726 -2034.607032 -2036.493153 -2037.773950 -2038.663974 -2039.386154 -2040.398269 -2042.740233 -2043.955664 -1983.009793 -1219.961859 -1225.863888 -1213.712440 -1205.618671 -1201.816582 -1201.222638 -1201.157842 -1201.163238 -1201.178704 -1201.195407 -1201.211471 -1201.226354 -1201.240227 -1201.256876 -1201.311272 -1201.670565 -1203.707905 -1208.197346 -1213.902957 -1199.256670 -1957.248262 -2037.915048 -2041.336732 -2040.736818 -2040.523986 -2040.480713 -2040.473613 -2040.472928 -2040.473257 -2040.473670 -2040.474017 -2040.474290 -2040.474503 -2040.474672 -2040.474809 -2040.474922 -2040.475021 -2040.475111 -2040.475201 -2040.475302 -2040.475426 -2040.475594 -2040.475836 -2040.476202 -2040.476771 -2040.477677 -2040.479152 -2040.481604 -2040.485791 -2040.493149 -2040.506483 -2040.531396 -2040.579337 -2040.674515 -2040.870889 -2041.297736 -2042.292017 -2044.825701 -2052.094724 -2076.299513 -9999.0 -9999.0
-9999.0 -9999.0 174.967649 77.038811 -21.859672 -121.034589 -220.315141 -319.636099 -418.963511 -518.274842 -617.538112 -716.680048 -815.743836 -914.674706 -1013.535938 -1112.432658 -1210.985942 -1309.050203 -1406.261424 -1501.906450 -1594.611678 -1681.981363 -1760.879589 -1828.592173 -1883.871305 -1927.092075 -1959.734554 -1983.734702 -2001.018215 -2013.264075 -2021.829299 -2027.758650 -2031.829726 -2034.607032 -2036.493153 -2037.773950 -2038.663974 -2039.386154 -2040.398269 -2042.740233 -2043.955664 -1983.009793 -1219.961859 -1225.863888 -1213.712440 -1205.618670 -1201.816582 -1201.222638 -1201.157842 -1201.163238 -1201.178704 -1201.195407 -1201.211471 -1201.226354 -1201.240227 -1201.256876 -1201.311272 -1201.670565 -1203.707905 -1208.197346 -1213.902957 -1199.256670 -1957.248262 -2037.915048 -2041.336732 -2040.736818 -2040.523986 -2040.480713 -2040.473613 -2040.472928 -2040.473257 -2040.473670 -2040.474017 -2040.474290 -2040.474503 -2040.474672 -2040.474809 -2040.474922 -2040.475021 -2040.475111 -2040.475201 -2040.475302 -2040.475426 -2040.475593 -2040.475836 -2040.476202 -2040.476771 -2040.477677 -2040.479152 -2040.481604 -2040.485791 -2040.493149 -2040.506483 -2040.531396 -2040.579337 -2040.674515 -2040.870889 -2041.297736 -2042.292017 -2044.825701 -2052.094724 -2076.299513 -9999.0 -9999.0
-9999.0 -9999.0 174.968898 77.039550 -21.859380 -121.034483 -220.315103 -319.636085 -418.963506 -518.274840 -617.538111 -716.680048 -815.743836 -914.674706 -1013.535938 -1112.432659 -1210.985943 -1309.050203 -1406.261424 -1501.906450 -1594.611678 -1681.981363 -1760.879589 -1828.592173 -1883.871305 -1927.092075 -1959.734554 -1983.734702 -2001.018215 -2013.264075 -2021.829299 -2027.758650 -2031.829726 -2034.607032 -2036.493153 -2037.773950 -2038.663974 -2039.386154 -2040.398269 -2042.740233 -2043.955664 -1983.009793 -1219.961859 -1225.863888 -1213.712440 -1205.618670 -1201.816582 -1201.222638 -1201.157842 -1201.163238 -1201.178704 -1201.195407 -1201.211471 -1201.226354 -1201.240227 -1201.256876 -1201.311272 -1201.670565 -1203.707905 -1208.197346 -1213.902957 -1199.256670 -1957.248262 -2037.915048 -2041.336732 -2040.736818 -2040.523986 -2040.480713 -2040.473613 -2040.472928 -2040.473257 -2040.473670 -2040.474017 -2040.474290 -2040.474503 -2040.474672 -2040.474809 -2040.474922 -2040.475021 -2040.475111 -2040.475201 -2040.475302 -2040.475426 -2040.475593 -2040.475836 -2040.476202 -2040.476771 -2040.477677 -2040.479152 -2040.481604 -2040.485791 -2040.493149 -2040.506483 -2040.531396 -2040.579337 -2040.674515 -2040.870889 -2041.297736 -2042.292017 -2044.825701 -2052.094724 -2076.299513 -9999.0 -9999.0
-9999.0 -9999.0 174.968898 77.039550 -21.859380 -121.034483 -220.315103 -319.636085 -418.963506 -518.274840 -617.538111 -716.680048 -815.743836 -914.674706 -1013.535938 -1112.432659 -1210.985943 -1309.050203 -1406.261424 -1501.906450 -1594.611678 -1681.981363 -1760.879589 -1828.592173 -1883.871305 -1927.092075 -1959.734554 -1983.734702 -2001.018215 -2013.264075 -2021.829299 -2027.758650 -2031.829726 -2034.607032 -2036.493153 -2037.773950 -2038.663974 -2039.386154 -2040.398269 -2042.740233 -2043.955664 -1983.009793 -1219.961859 -1225.863888 -1213.712440 -1205.618670 -1201.816582 -1201.222638 -1201.157842 -1201.163238 -1201.178704 -1201.195407 -1201.211471 -1201.226354 -1201.240227 -1201.256876 -1201.311272 -1201.670565 -1203.707905 -1208.197346 -1213.902957 -1199.256670 -1957.248262 -2037.915048 -2041.336732 -2040.736818 -2040.523986 -2040.480713 -2040.473613 -2040.472928 -2040.473257 -2040.473670 -2040.474017 -2040.474290 -2040.474503 -2040.474672 -2040.474809 -2040.474922 -2040.475021 -2040.475111 -2040.475201 -2040.475302 -2040.475426 -2040.475593 -2040.475836 -2040.476202 -2040.476771 -2040.477677 -2040.479152 -2040.481604 -2040.485791 -2040.493149 -2040.506483 -2040.531396 -2040.579337 -2040.674515 -2040.870889 -2041.297736 -2042.292017 -2044.825701 -2052.094724 -2076.299513 -9999.0 -9999.0
-9999.0 -9999.0 174.967649 77.038811 -21.859672 -121.034589 -220.315141 -319.636099 -418.963511 -518.274842 -617.538112 -716.680048 -815.743836 -914.674706 -1013.535938 -1112.432658 -1210.985942 -1309.050203 -1406.261424 -1501.906450 -1594.611678 -1681.981363 -1760.879589 -1828.592173 -1883.871305 -1927.092075 -1959.734554 -1983.734702 -2001.018215 -2013.264075 -2021.829299 -2027.758650 -2031.829726 -2034.607032 -2036.493153 -2037.773950 -2038.663974 -2039.386154 -2040.398269 -2042.740233 -2043.955664 -1983.009793 -1219.961859 -1225.863888 -1213.712440 -1205.618670 -1201.816582 -1201.222638 -1201.157842 -1201.163238 -1201.178704 -1201.195407 -1201.211471 -1201.226354 -1201.240227 -1201.256876 -1201.311272 -1201.670565 -1203.707905 -1208.197346 -1213.902957 -1199.256670 -1957.248262 -2037.915048 -2041.336732 -2040.736818 -2040.523986 -2040.480713 -2040.473613 -2040.472928 -2040.473257 -2040.473670 -2040.474017 -2040.474290 -2040.474503 -2040.474672 -2040.474809 -2040.474922 -2040.475021 -2040.475111 -2040.475201 -2040.475302 -2040.475426 -2040.475593 -2040.475836 -2040.476202 -2040.476771 -2040.477677 -2040.479152 -2040.481604 -2040.485791 -2040.493149 -2040.506483 -2040.531396 -2040.579337 -2040.674515 -2040.870889 -2041.297736 -2042.292017 -2044.825701 -2052.094724 -2076.299513 -9999.0 -9999.0
-9999.0 -9999.0 174.958789 77.036999 -21.860133 -121.034723 -220.315184 -319.636113 -418.963516 -518.274844 -617.538113 -716.680048 -815.743836 -914.674706 -1013.535938 -1112.432658 -1210.985942 -1309.050203 -1406.261424 -1501.906450 -1594.611678 -1681.981363 -1760.879589 -1828.592173 -1883.871304 -1927.092075 -1959.734554 -1983.734702 -2001.018215 -2013.264075 -2021.829299 -2027.758650 -2031.829726 -2034.607032 -2036.493153 -2037.773950 -2038.663974 -2039.386154 -2040.398269 -2042.740233 -2043.955664 -1983.009793 -1219.961859 -1225.863888 -1213.712440 -1205.618671 -1201.816582 -1201.222638 -1201.157842 -1201.163238 -1201.178704 -1201.195407 -1201.211471 -1201.226354 -1201.240227 -1201.256876 -1201.311272 -1201.670565 -1203.707905 -1208.197346 -1213.902957 -1199.256670 -1957.248262 -2037.915048 -2041.336732 -2040.736818 -2040.523986 -2040.480713 -2040.473613 -2040.472928 -2040.473257 -2040.473670 -2040.474017 -2040.474290 -2040.474503 -2040.474672 -2040.474809 -2040.474922 -2040.475021 -2040.475111 -2040.475201 -2040.475302 -2040.475426 -2040.475594 -2040.475836 -2040.476202 -2040.476771 -2040.477677 -2040.479152 -2040.481604 -2040.485791 -2040.493149 -2040.506483 -2040.531396 -2040.579337 -2040.674515 -2040.870889 -2041.297736 -2042.292017 -2044.825701 -2052.094724 -2076.299513 -9999.0 -9999.0
-9999.0 -9999.0 -9999.0 -9999.0 -9999.0 -9999.0 -9999.0 -9999.0 -9999.0 -9999.0 -9999.0 -9999.0 -9999.0 -9999.0 -9999.0 -9999.0 -9999.0 -9999.0 -9999.0 -9999.0 -9999.0 -9999.0 -9999.0 -9999.0 -9999.0 -9999.0 -9999.0 -9999.0 -9999.0 -9999.0 -9999.0 -9999.0 -9999.0 -9999.0 -9999.0 -9999.0 -9999.0 -9999.0 -9999.0 -9999.0 -9999.0 -9999.0 -9999.0 -9999.0 -9999.0 -9999.0 -9999.0 -9999.0 -9999.0 -9999.0 -9999.0 -9999.0 -9999.0 -9999.0 -9999.0 -9999.0 -9999.0 -9999.0 -9999.0 -9999.0 -9999.0 -9999.0 -9999.0 -9999.0 -9999.0 -9999.0 -9999.0 -9999.0 -9999.0 -9999.0 -9999.0 -9999.0 -9999.0 -9999.0 -9999.0 -9999.0 -9999.0 -9999.0 -9999.0 -9999.0 -9999.0 -9999.0 -9999.0 -9999.0 -9999.0 -9999.0 -9999.0 -9999.0 -9999.0 -9999.0 -9999.0 -9999.0 -9999.0 -9999.0 -9999.0 -9999.0 -9999.0 -9999.0 -9999.0 -9999.0 -9999.0 -9999.0 -9999.0 -9999.0
-9999.0 -9999.0 -9999.0 -9999.0 -9999.0 -9999.0 -9999.0 -9999.0 -9999.0 -9999.0 -9999.0 -9999.0 -9999.0 -9999.0 -9999.0 -9999.0 -9999.0 -9999.0 -9999.0 -9999.0 -9999.0 -9999.0 -9999.0 -9999.0 -9999.0 -9999.0 -9999.0 -9999.0 -9999.0 -9999.0 -9999.0 -9999.0 -9999.0 -9999.0 -9999.0 -9999.0 -9999.0 -9999.0 -9999.0 -9999.0 -9999.0 -9999.0 -9999.0 -9999.0 -9999.0 -9999.0 -9999.0 -9999.0 -9999.0 -9999.0 -9999.0 -9999.0 -9999.0 -9999.0 -9999.0 -9999.0 -9999.0 -9999.0 -9999.0 -9999.0 -9999.0 -9999.0 -9999.0 -9999.0 -9999.0 -9999.0 -9999.0 -9999.0 -9999.0 -9999.0 -9999.0 -9999.0 -9999.0 -9999.0 -9999.0 -9999.0 -9999.0 -9999.0 -9999.0 -9999.0 -9999.0 -9999.0 -9999.0 -9999.0 -9999.0 -9999.0 -9999.0 -9999.0 -9999.0 -9999.0 -9999.0 -9999.0 -9999.0 -9999.0 -9999.0 -9999.0 -9999.0 -9999.0 -9999.0 -9999.0 -9999.0 -9999.0 -9999.0 -9999.0