inst/processing_geotop_simulation/geotop_simulation/out/maps3D/PwL0013N0286.asc
ncols         104
nrows         10
xllcorner     -2.000000
yllcorner     0.000000
cellsize      1.000000
NODATA_value  -9999.0
-9999.0 -9999.0 -9999.0 -9999.0 -9999.0 -9999.0 -9999.0 -9999.0 -9999.0 -9999.0 -9999.0 -9999.0 -9999.0 -9999.0 -9999.0 -9999.0 -9999.0 -9999.0 -9999.0 -9999.0 -9999.0 -9999.0 -9999.0 -9999.0 -9999.0 -9999.0 -9999.0 -9999.0 -9999.0 -9999.0 -9999.0 -9999.0 -9999.0 -9999.0 -9999.0 -9999.0 -9999.0 -9999.0 -9999.0 -9999.0 -9999.0 -9999.0 -9999.0 -9999.0 -9999.0 -9999.0 -9999.0 -9999.0 -9999.0 -9999.0 -9999.0 -9999.0 -9999.0 -9999.0 -9999.0 -9999.0 -9999.0 -9999.0 -9999.0 -9999.0 -9999.0 -9999.0 -9999.0 -9999.0 -9999.0 -9999.0 -9999.0 -9999.0 -9999.0 -9999.0 -9999.0 -9999.0 -9999.0 -9999.0 -9999.0 -9999.0 -9999.0 -9999.0 -9999.0 -9999.0 -9999.0 -9999.0 -9999.0 -9999.0 -9999.0 -9999.0 -9999.0 -9999.0 -9999.0 -9999.0 -9999.0 -9999.0 -9999.0 -9999.0 -9999.0 -9999.0 -9999.0 -9999.0 -9999.0 -9999.0 -9999.0 -9999.0 -9999.0 -9999.0
-9999.0 -9999.0 -9999.0 -9999.0 -9999.0 -9999.0 -9999.0 -9999.0 -9999.0 -9999.0 -9999.0 -9999.0 -9999.0 -9999.0 -9999.0 -9999.0 -9999.0 -9999.0 -9999.0 -9999.0 -9999.0 -9999.0 -9999.0 -9999.0 -9999.0 -9999.0 -9999.0 -9999.0 -9999.0 -9999.0 -9999.0 -9999.0 -9999.0 -9999.0 -9999.0 -9999.0 -9999.0 -9999.0 -9999.0 -9999.0 -9999.0 -9999.0 -9999.0 -9999.0 -9999.0 -9999.0 -9999.0 -9999.0 -9999.0 -9999.0 -9999.0 -9999.0 -9999.0 -9999.0 -9999.0 -9999.0 -9999.0 -9999.0 -9999.0 -9999.0 -9999.0 -9999.0 -9999.0 -9999.0 -9999.0 -9999.0 -9999.0 -9999.0 -9999.0 -9999.0 -9999.0 -9999.0 -9999.0 -9999.0 -9999.0 -9999.0 -9999.0 -9999.0 -9999.0 -9999.0 -9999.0 -9999.0 -9999.0 -9999.0 -9999.0 -9999.0 -9999.0 -9999.0 -9999.0 -9999.0 -9999.0 -9999.0 -9999.0 -9999.0 -9999.0 -9999.0 -9999.0 -9999.0 -9999.0 -9999.0 -9999.0 -9999.0 -9999.0 -9999.0
-9999.0 -9999.0 623.817574 526.281671 428.149754 329.654982 230.995296 132.265462 33.512639 -65.233562 -163.961924 -262.653356 -361.265814 -459.709781 -557.834955 -655.442804 -752.746547 -850.097475 -947.089819 -1043.654504 -1137.800783 -1226.174238 -1307.171780 -1378.268048 -1437.930124 -1485.906395 -1523.049684 -1550.891945 -1571.209946 -1585.715239 -1595.888753 -1602.924027 -1607.735692 -1610.999021 -1613.199184 -1614.680011 -1615.692981 -1616.476963 -1617.522714 -1620.523105 -1630.497238 -1656.230961 -1777.618423 -3834.746244 -3492.028742 -3207.664789 -3075.837273 -3058.976867 -3057.281427 -3057.459346 -3057.902470 -3058.377037 -3058.832582 -3059.254123 -3059.643917 -3060.085012 -3061.401302 -3070.775602 -3137.893943 -3291.818028 -3443.527697 -1594.557180 -1620.092722 -1622.852441 -1619.184518 -1618.035561 -1617.806669 -1617.768328 -1617.762730 -1617.762463 -1617.762988 -1617.763531 -1617.763974 -1617.764317 -1617.764584 -1617.764794 -1617.764963 -1617.765103 -1617.765222 -1617.765330 -1617.765437 -1617.765556 -1617.765703 -1617.765904 -1617.766195 -1617.766637 -1617.767328 -1617.768428 -1617.770216 -1617.773186 -1617.778236 -1617.787073 -1617.803007 -1617.832626 -1617.889307 -1618.001019 -1618.229166 -1618.718179 -1619.834802 -1622.589586 -1630.120170 -1654.130231 -9999.0 -9999.0
-9999.0 -9999.0 623.822494 526.283207 428.150205 329.655121 230.995342 132.265478 33.512644 -65.233560 -163.961923 -262.653355 -361.265814 -459.709781 -557.834955 -655.442804 -752.746547 -850.097476 -947.089819 -1043.654504 -1137.800784 -1226.174238 -1307.171780 -1378.268048 -1437.930125 -1485.906395 -1523.049684 -1550.891946 -1571.209946 -1585.715239 -1595.888753 -1602.924027 -1607.735692 -1610.999021 -1613.199184 -1614.680011 -1615.692981 -1616.476963 -1617.522714 -1620.523105 -1630.497238 -1656.230961 -1777.618423 -3834.746242 -3492.028738 -3207.664781 -3075.837274 -3058.976867 -3057.281427 -3057.459346 -3057.902470 -3058.377037 -3058.832582 -3059.254123 -3059.643917 -3060.085012 -3061.401302 -3070.775601 -3137.893942 -3291.818027 -3443.527697 -1594.557180 -1620.092722 -1622.852441 -1619.184518 -1618.035561 -1617.806669 -1617.768328 -1617.762730 -1617.762463 -1617.762988 -1617.763531 -1617.763974 -1617.764317 -1617.764584 -1617.764794 -1617.764963 -1617.765103 -1617.765222 -1617.765330 -1617.765437 -1617.765556 -1617.765703 -1617.765904 -1617.766195 -1617.766637 -1617.767328 -1617.768428 -1617.770216 -1617.773186 -1617.778236 -1617.787073 -1617.803007 -1617.832626 -1617.889307 -1618.001019 -1618.229166 -1618.718179 -1619.834802 -1622.589586 -1630.120170 -1654.130231 -9999.0 -9999.0
-9999.0 -9999.0 623.823892 526.283938 428.150502 329.655232 230.995382 132.265492 33.512650 -65.233558 -163.961922 -262.653355 -361.265814 -459.709781 -557.834955 -655.442804 -752.746548 -850.097476 -947.089819 -1043.654504 -1137.800784 -1226.174239 -1307.171780 -1378.268048 -1437.930125 -1485.906395 -1523.049684 -1550.891946 -1571.209946 -1585.715240 -1595.888753 -1602.924027 -1607.735692 -1610.999021 -1613.199184 -1614.680011 -1615.692981 -1616.476963 -1617.522714 -1620.523105 -1630.497238 -1656.230961 -1777.618423 -3834.746242 -3492.028737 -3207.664777 -3075.837273 -3058.976867 -3057.281427 -3057.459346 -3057.902470 -3058.377037 -3058.832582 -3059.254123 -3059.643917 -3060.085012 -3061.401303 -3070.775601 -3137.893943 -3291.818027 -3443.527697 -1594.557180 -1620.092722 -1622.852441 -1619.184518 -1618.035561 -1617.806669 -1617.768328 -1617.762730 -1617.762463 -1617.762988 -1617.763531 -1617.763974 -1617.764317 -1617.764584 -1617.764794 -1617.764963 -1617.765103 -1617.765222 -1617.765330 -1617.765437 -1617.765556 -1617.765703 -1617.765904 -1617.766195 -1617.766637 -1617.767328 -1617.768428 -1617.770216 -1617.773186 -1617.778236 -1617.787073 -1617.803007 -1617.832626 -1617.889307 -1618.001019 -1618.229166 -1618.718179 -1619.834802 -1622.589586 -1630.120170 -1654.130231 -9999.0 -9999.0
-9999.0 -9999.0 623.823892 526.283938 428.150502 329.655232 230.995382 132.265492 33.512650 -65.233558 -163.961922 -262.653355 -361.265814 -459.709781 -557.834955 -655.442804 -752.746547 -850.097476 -947.089819 -1043.654504 -1137.800784 -1226.174239 -1307.171780 -1378.268048 -1437.930125 -1485.906395 -1523.049684 -1550.891946 -1571.209946 -1585.715240 -1595.888753 -1602.924027 -1607.735692 -1610.999021 -1613.199184 -1614.680011 -1615.692981 -1616.476963 -1617.522714 -1620.523105 -1630.497238 -1656.230961 -1777.618423 -3834.746242 -3492.028737 -3207.664777 -3075.837273 -3058.976867 -3057.281427 -3057.459346 -3057.902470 -3058.377037 -3058.832582 -3059.254123 -3059.643917 -3060.085012 -3061.401303 -3070.775601 -3137.893943 -3291.818027 -3443.527697 -1594.557180 -1620.092722 -1622.852441 -1619.184518 -1618.035561 -1617.806669 -1617.768328 -1617.762730 -1617.762463 -1617.762988 -1617.763531 -1617.763974 -1617.764317 -1617.764584 -1617.764794 -1617.764963 -1617.765103 -1617.765222 -1617.765330 -1617.765437 -1617.765556 -1617.765703 -1617.765904 -1617.766195 -1617.766637 -1617.767328 -1617.768428 -1617.770216 -1617.773186 -1617.778236 -1617.787073 -1617.803007 -1617.832626 -1617.889307 -1618.001019 -1618.229166 -1618.718179 -1619.834802 -1622.589586 -1630.120170 -1654.130231 -9999.0 -9999.0
-9999.0 -9999.0 623.822494 526.283207 428.150205 329.655121 230.995342 132.265478 33.512644 -65.233560 -163.961923 -262.653355 -361.265814 -459.709781 -557.834955 -655.442804 -752.746547 -850.097476 -947.089819 -1043.654504 -1137.800784 -1226.174238 -1307.171780 -1378.268048 -1437.930125 -1485.906395 -1523.049684 -1550.891946 -1571.209946 -1585.715239 -1595.888753 -1602.924027 -1607.735692 -1610.999021 -1613.199184 -1614.680011 -1615.692981 -1616.476963 -1617.522714 -1620.523105 -1630.497238 -1656.230961 -1777.618423 -3834.746242 -3492.028738 -3207.664781 -3075.837274 -3058.976867 -3057.281427 -3057.459346 -3057.902470 -3058.377037 -3058.832582 -3059.254123 -3059.643917 -3060.085012 -3061.401302 -3070.775601 -3137.893942 -3291.818027 -3443.527697 -1594.557180 -1620.092722 -1622.852441 -1619.184518 -1618.035561 -1617.806669 -1617.768328 -1617.762730 -1617.762463 -1617.762988 -1617.763531 -1617.763974 -1617.764317 -1617.764584 -1617.764794 -1617.764963 -1617.765103 -1617.765222 -1617.765330 -1617.765437 -1617.765556 -1617.765703 -1617.765904 -1617.766195 -1617.766637 -1617.767328 -1617.768428 -1617.770216 -1617.773186 -1617.778236 -1617.787073 -1617.803007 -1617.832626 -1617.889307 -1618.001019 -1618.229166 -1618.718179 -1619.834802 -1622.589586 -1630.120170 -1654.130231 -9999.0 -9999.0
-9999.0 -9999.0 623.817574 526.281671 428.149754 329.654982 230.995296 132.265462 33.512639 -65.233562 -163.961924 -262.653356 -361.265814 -459.709781 -557.834955 -655.442804 -752.746547 -850.097475 -947.089819 -1043.654504 -1137.800783 -1226.174238 -1307.171780 -1378.268048 -1437.930124 -1485.906395 -1523.049684 -1550.891945 -1571.209946 -1585.715239 -1595.888753 -1602.924027 -1607.735692 -1610.999021 -1613.199184 -1614.680011 -1615.692981 -1616.476963 -1617.522714 -1620.523105 -1630.497238 -1656.230961 -1777.618423 -3834.746244 -3492.028742 -3207.664789 -3075.837273 -3058.976867 -3057.281427 -3057.459346 -3057.902470 -3058.377037 -3058.832582 -3059.254123 -3059.643917 -3060.085012 -3061.401302 -3070.775602 -3137.893943 -3291.818028 -3443.527697 -1594.557180 -1620.092722 -1622.852441 -1619.184518 -1618.035561 -1617.806669 -1617.768328 -1617.762730 -1617.762463 -1617.762988 -1617.763531 -1617.763974 -1617.764317 -1617.764584 -1617.764794 -1617.764963 -1617.765103 -1617.765222 -1617.765330 -1617.765437 -1617.765556 -1617.765703 -1617.765904 -1617.766195 -1617.766637 -1617.767328 -1617.768428 -1617.770216 -1617.773186 -1617.778236 -1617.787073 -1617.803007 -1617.832626 -1617.889307 -1618.001019 -1618.229166 -1618.718179 -1619.834802 -1622.589586 -1630.120170 -1654.130231 -9999.0 -9999.0
-9999.0 -9999.0 -9999.0 -9999.0 -9999.0 -9999.0 -9999.0 -9999.0 -9999.0 -9999.0 -9999.0 -9999.0 -9999.0 -9999.0 -9999.0 -9999.0 -9999.0 -9999.0 -9999.0 -9999.0 -9999.0 -9999.0 -9999.0 -9999.0 -9999.0 -9999.0 -9999.0 -9999.0 -9999.0 -9999.0 -9999.0 -9999.0 -9999.0 -9999.0 -9999.0 -9999.0 -9999.0 -9999.0 -9999.0 -9999.0 -9999.0 -9999.0 -9999.0 -9999.0 -9999.0 -9999.0 -9999.0 -9999.0 -9999.0 -9999.0 -9999.0 -9999.0 -9999.0 -9999.0 -9999.0 -9999.0 -9999.0 -9999.0 -9999.0 -9999.0 -9999.0 -9999.0 -9999.0 -9999.0 -9999.0 -9999.0 -9999.0 -9999.0 -9999.0 -9999.0 -9999.0 -9999.0 -9999.0 -9999.0 -9999.0 -9999.0 -9999.0 -9999.0 -9999.0 -9999.0 -9999.0 -9999.0 -9999.0 -9999.0 -9999.0 -9999.0 -9999.0 -9999.0 -9999.0 -9999.0 -9999.0 -9999.0 -9999.0 -9999.0 -9999.0 -9999.0 -9999.0 -9999.0 -9999.0 -9999.0 -9999.0 -9999.0 -9999.0 -9999.0
-9999.0 -9999.0 -9999.0 -9999.0 -9999.0 -9999.0 -9999.0 -9999.0 -9999.0 -9999.0 -9999.0 -9999.0 -9999.0 -9999.0 -9999.0 -9999.0 -9999.0 -9999.0 -9999.0 -9999.0 -9999.0 -9999.0 -9999.0 -9999.0 -9999.0 -9999.0 -9999.0 -9999.0 -9999.0 -9999.0 -9999.0 -9999.0 -9999.0 -9999.0 -9999.0 -9999.0 -9999.0 -9999.0 -9999.0 -9999.0 -9999.0 -9999.0 -9999.0 -9999.0 -9999.0 -9999.0 -9999.0 -9999.0 -9999.0 -9999.0 -9999.0 -9999.0 -9999.0 -9999.0 -9999.0 -9999.0 -9999.0 -9999.0 -9999.0 -9999.0 -9999.0 -9999.0 -9999.0 -9999.0 -9999.0 -9999.0 -9999.0 -9999.0 -9999.0 -9999.0 -9999.0 -9999.0 -9999.0 -9999.0 -9999.0 -9999.0 -9999.0 -9999.0 -9999.0 -9999.0 -9999.0 -9999.0 -9999.0 -9999.0 -9999.0 -9999.0 -9999.0 -9999.0 -9999.0 -9999.0 -9999.0 -9999.0 -9999.0 -9999.0 -9999.0 -9999.0 -9999.0 -9999.0 -9999.0 -9999.0 -9999.0 -9999.0 -9999.0 -9999.0