inst/processing_geotop_simulation/geotop_simulation/out/maps3D/PwL0005N0214.asc
ncols         104
nrows         10
xllcorner     -2.000000
yllcorner     0.000000
cellsize      1.000000
NODATA_value  -9999.0
-9999.0 -9999.0 -9999.0 -9999.0 -9999.0 -9999.0 -9999.0 -9999.0 -9999.0 -9999.0 -9999.0 -9999.0 -9999.0 -9999.0 -9999.0 -9999.0 -9999.0 -9999.0 -9999.0 -9999.0 -9999.0 -9999.0 -9999.0 -9999.0 -9999.0 -9999.0 -9999.0 -9999.0 -9999.0 -9999.0 -9999.0 -9999.0 -9999.0 -9999.0 -9999.0 -9999.0 -9999.0 -9999.0 -9999.0 -9999.0 -9999.0 -9999.0 -9999.0 -9999.0 -9999.0 -9999.0 -9999.0 -9999.0 -9999.0 -9999.0 -9999.0 -9999.0 -9999.0 -9999.0 -9999.0 -9999.0 -9999.0 -9999.0 -9999.0 -9999.0 -9999.0 -9999.0 -9999.0 -9999.0 -9999.0 -9999.0 -9999.0 -9999.0 -9999.0 -9999.0 -9999.0 -9999.0 -9999.0 -9999.0 -9999.0 -9999.0 -9999.0 -9999.0 -9999.0 -9999.0 -9999.0 -9999.0 -9999.0 -9999.0 -9999.0 -9999.0 -9999.0 -9999.0 -9999.0 -9999.0 -9999.0 -9999.0 -9999.0 -9999.0 -9999.0 -9999.0 -9999.0 -9999.0 -9999.0 -9999.0 -9999.0 -9999.0 -9999.0 -9999.0
-9999.0 -9999.0 -9999.0 -9999.0 -9999.0 -9999.0 -9999.0 -9999.0 -9999.0 -9999.0 -9999.0 -9999.0 -9999.0 -9999.0 -9999.0 -9999.0 -9999.0 -9999.0 -9999.0 -9999.0 -9999.0 -9999.0 -9999.0 -9999.0 -9999.0 -9999.0 -9999.0 -9999.0 -9999.0 -9999.0 -9999.0 -9999.0 -9999.0 -9999.0 -9999.0 -9999.0 -9999.0 -9999.0 -9999.0 -9999.0 -9999.0 -9999.0 -9999.0 -9999.0 -9999.0 -9999.0 -9999.0 -9999.0 -9999.0 -9999.0 -9999.0 -9999.0 -9999.0 -9999.0 -9999.0 -9999.0 -9999.0 -9999.0 -9999.0 -9999.0 -9999.0 -9999.0 -9999.0 -9999.0 -9999.0 -9999.0 -9999.0 -9999.0 -9999.0 -9999.0 -9999.0 -9999.0 -9999.0 -9999.0 -9999.0 -9999.0 -9999.0 -9999.0 -9999.0 -9999.0 -9999.0 -9999.0 -9999.0 -9999.0 -9999.0 -9999.0 -9999.0 -9999.0 -9999.0 -9999.0 -9999.0 -9999.0 -9999.0 -9999.0 -9999.0 -9999.0 -9999.0 -9999.0 -9999.0 -9999.0 -9999.0 -9999.0 -9999.0 -9999.0
-9999.0 -9999.0 228.728549 135.179287 38.773810 -58.513594 -156.142968 -253.903792 -351.674209 -449.367855 -546.847454 -643.759085 -739.900012 -835.512787 -930.769747 -1026.195677 -1120.688776 -1212.779052 -1302.686994 -1388.201290 -1464.089945 -1526.235984 -1573.669738 -1608.036583 -1632.109348 -1648.651217 -1659.907247 -1667.522480 -1672.646129 -1676.070020 -1678.340623 -1679.835091 -1680.812265 -1681.447885 -1681.859999 -1682.128925 -1682.316362 -1682.500518 -1682.941751 -1684.919669 -1692.636104 -1691.077111 -1092.512279 -1107.559600 -1090.982120 -1080.471208 -1075.565160 -1074.863561 -1074.790862 -1074.799584 -1074.820230 -1074.842336 -1074.863569 -1074.883223 -1074.901409 -1074.922056 -1074.983079 -1075.395585 -1077.980963 -1083.795804 -1092.416588 -1065.909070 -1667.204434 -1687.221766 -1683.814012 -1682.889061 -1682.731923 -1682.707557 -1682.704390 -1682.704735 -1682.705557 -1682.706297 -1682.706878 -1682.707321 -1682.707660 -1682.707923 -1682.708131 -1682.708299 -1682.708439 -1682.708564 -1682.708686 -1682.708822 -1682.708994 -1682.709232 -1682.709584 -1682.710127 -1682.710981 -1682.712348 -1682.714571 -1682.718249 -1682.724468 -1682.735263 -1682.754555 -1682.790074 -1682.857283 -1682.987594 -1683.246702 -1683.779987 -1684.936566 -1687.637398 -1694.665186 -1716.788938 -9999.0 -9999.0
-9999.0 -9999.0 228.738187 135.181388 38.774351 -58.513436 -156.142918 -253.903775 -351.674203 -449.367853 -546.847454 -643.759084 -739.900012 -835.512787 -930.769747 -1026.195677 -1120.688776 -1212.779052 -1302.686995 -1388.201290 -1464.089945 -1526.235984 -1573.669738 -1608.036583 -1632.109348 -1648.651217 -1659.907247 -1667.522480 -1672.646129 -1676.070020 -1678.340623 -1679.835091 -1680.812265 -1681.447885 -1681.859999 -1682.128925 -1682.316362 -1682.500518 -1682.941751 -1684.919669 -1692.636104 -1691.077111 -1092.512279 -1107.559600 -1090.982119 -1080.471208 -1075.565160 -1074.863561 -1074.790862 -1074.799584 -1074.820230 -1074.842336 -1074.863569 -1074.883223 -1074.901409 -1074.922056 -1074.983079 -1075.395585 -1077.980963 -1083.795804 -1092.416588 -1065.909070 -1667.204434 -1687.221766 -1683.814012 -1682.889061 -1682.731923 -1682.707557 -1682.704390 -1682.704735 -1682.705557 -1682.706297 -1682.706878 -1682.707321 -1682.707660 -1682.707923 -1682.708131 -1682.708299 -1682.708439 -1682.708564 -1682.708686 -1682.708822 -1682.708994 -1682.709232 -1682.709584 -1682.710127 -1682.710981 -1682.712348 -1682.714571 -1682.718249 -1682.724468 -1682.735263 -1682.754555 -1682.790074 -1682.857283 -1682.987594 -1683.246702 -1683.779987 -1684.936566 -1687.637398 -1694.665186 -1716.788938 -9999.0 -9999.0
-9999.0 -9999.0 228.739702 135.182252 38.774694 -58.513311 -156.142874 -253.903759 -351.674197 -449.367851 -546.847453 -643.759084 -739.900012 -835.512787 -930.769747 -1026.195677 -1120.688776 -1212.779052 -1302.686995 -1388.201290 -1464.089946 -1526.235985 -1573.669738 -1608.036583 -1632.109348 -1648.651217 -1659.907247 -1667.522480 -1672.646129 -1676.070020 -1678.340623 -1679.835091 -1680.812265 -1681.447885 -1681.859999 -1682.128925 -1682.316362 -1682.500518 -1682.941751 -1684.919669 -1692.636104 -1691.077111 -1092.512279 -1107.559600 -1090.982119 -1080.471208 -1075.565160 -1074.863561 -1074.790862 -1074.799584 -1074.820230 -1074.842336 -1074.863569 -1074.883223 -1074.901409 -1074.922056 -1074.983079 -1075.395585 -1077.980963 -1083.795804 -1092.416588 -1065.909070 -1667.204434 -1687.221766 -1683.814012 -1682.889061 -1682.731923 -1682.707557 -1682.704390 -1682.704735 -1682.705557 -1682.706297 -1682.706878 -1682.707321 -1682.707660 -1682.707923 -1682.708131 -1682.708299 -1682.708439 -1682.708564 -1682.708686 -1682.708822 -1682.708994 -1682.709232 -1682.709584 -1682.710127 -1682.710981 -1682.712348 -1682.714571 -1682.718249 -1682.724468 -1682.735263 -1682.754555 -1682.790074 -1682.857283 -1682.987594 -1683.246702 -1683.779987 -1684.936566 -1687.637398 -1694.665186 -1716.788938 -9999.0 -9999.0
-9999.0 -9999.0 228.739702 135.182252 38.774695 -58.513312 -156.142874 -253.903759 -351.674197 -449.367851 -546.847453 -643.759084 -739.900012 -835.512787 -930.769747 -1026.195677 -1120.688776 -1212.779052 -1302.686995 -1388.201290 -1464.089946 -1526.235985 -1573.669738 -1608.036583 -1632.109348 -1648.651217 -1659.907247 -1667.522480 -1672.646129 -1676.070020 -1678.340623 -1679.835091 -1680.812265 -1681.447885 -1681.859999 -1682.128925 -1682.316362 -1682.500518 -1682.941751 -1684.919669 -1692.636104 -1691.077111 -1092.512279 -1107.559600 -1090.982119 -1080.471208 -1075.565160 -1074.863561 -1074.790862 -1074.799584 -1074.820230 -1074.842336 -1074.863569 -1074.883223 -1074.901409 -1074.922056 -1074.983079 -1075.395585 -1077.980963 -1083.795804 -1092.416588 -1065.909070 -1667.204434 -1687.221766 -1683.814012 -1682.889061 -1682.731923 -1682.707557 -1682.704390 -1682.704735 -1682.705557 -1682.706297 -1682.706878 -1682.707321 -1682.707660 -1682.707923 -1682.708131 -1682.708299 -1682.708439 -1682.708564 -1682.708686 -1682.708822 -1682.708994 -1682.709232 -1682.709584 -1682.710127 -1682.710981 -1682.712348 -1682.714571 -1682.718249 -1682.724468 -1682.735263 -1682.754555 -1682.790074 -1682.857283 -1682.987594 -1683.246702 -1683.779987 -1684.936566 -1687.637398 -1694.665186 -1716.788938 -9999.0 -9999.0
-9999.0 -9999.0 228.738187 135.181388 38.774351 -58.513436 -156.142918 -253.903775 -351.674203 -449.367853 -546.847454 -643.759084 -739.900012 -835.512787 -930.769747 -1026.195677 -1120.688776 -1212.779052 -1302.686995 -1388.201290 -1464.089945 -1526.235984 -1573.669738 -1608.036583 -1632.109348 -1648.651217 -1659.907247 -1667.522480 -1672.646129 -1676.070020 -1678.340623 -1679.835091 -1680.812265 -1681.447885 -1681.859999 -1682.128925 -1682.316362 -1682.500518 -1682.941751 -1684.919669 -1692.636104 -1691.077111 -1092.512279 -1107.559600 -1090.982119 -1080.471208 -1075.565160 -1074.863561 -1074.790862 -1074.799584 -1074.820230 -1074.842336 -1074.863569 -1074.883223 -1074.901409 -1074.922056 -1074.983079 -1075.395585 -1077.980963 -1083.795804 -1092.416588 -1065.909070 -1667.204434 -1687.221766 -1683.814012 -1682.889061 -1682.731923 -1682.707557 -1682.704390 -1682.704735 -1682.705557 -1682.706297 -1682.706878 -1682.707321 -1682.707660 -1682.707923 -1682.708131 -1682.708299 -1682.708439 -1682.708564 -1682.708686 -1682.708822 -1682.708994 -1682.709232 -1682.709584 -1682.710127 -1682.710981 -1682.712348 -1682.714571 -1682.718249 -1682.724468 -1682.735263 -1682.754555 -1682.790074 -1682.857283 -1682.987594 -1683.246702 -1683.779987 -1684.936566 -1687.637398 -1694.665186 -1716.788938 -9999.0 -9999.0
-9999.0 -9999.0 228.728549 135.179287 38.773810 -58.513594 -156.142968 -253.903792 -351.674209 -449.367855 -546.847454 -643.759085 -739.900012 -835.512787 -930.769747 -1026.195677 -1120.688776 -1212.779052 -1302.686994 -1388.201290 -1464.089945 -1526.235984 -1573.669738 -1608.036583 -1632.109348 -1648.651217 -1659.907247 -1667.522480 -1672.646129 -1676.070020 -1678.340623 -1679.835091 -1680.812265 -1681.447885 -1681.859999 -1682.128925 -1682.316362 -1682.500518 -1682.941751 -1684.919669 -1692.636104 -1691.077111 -1092.512279 -1107.559600 -1090.982120 -1080.471208 -1075.565160 -1074.863561 -1074.790862 -1074.799584 -1074.820230 -1074.842336 -1074.863569 -1074.883223 -1074.901409 -1074.922056 -1074.983079 -1075.395585 -1077.980963 -1083.795804 -1092.416588 -1065.909070 -1667.204434 -1687.221766 -1683.814012 -1682.889061 -1682.731923 -1682.707557 -1682.704390 -1682.704735 -1682.705557 -1682.706297 -1682.706878 -1682.707321 -1682.707660 -1682.707923 -1682.708131 -1682.708299 -1682.708439 -1682.708564 -1682.708686 -1682.708822 -1682.708994 -1682.709232 -1682.709584 -1682.710127 -1682.710981 -1682.712348 -1682.714571 -1682.718249 -1682.724468 -1682.735263 -1682.754555 -1682.790074 -1682.857283 -1682.987594 -1683.246702 -1683.779987 -1684.936566 -1687.637398 -1694.665186 -1716.788938 -9999.0 -9999.0
-9999.0 -9999.0 -9999.0 -9999.0 -9999.0 -9999.0 -9999.0 -9999.0 -9999.0 -9999.0 -9999.0 -9999.0 -9999.0 -9999.0 -9999.0 -9999.0 -9999.0 -9999.0 -9999.0 -9999.0 -9999.0 -9999.0 -9999.0 -9999.0 -9999.0 -9999.0 -9999.0 -9999.0 -9999.0 -9999.0 -9999.0 -9999.0 -9999.0 -9999.0 -9999.0 -9999.0 -9999.0 -9999.0 -9999.0 -9999.0 -9999.0 -9999.0 -9999.0 -9999.0 -9999.0 -9999.0 -9999.0 -9999.0 -9999.0 -9999.0 -9999.0 -9999.0 -9999.0 -9999.0 -9999.0 -9999.0 -9999.0 -9999.0 -9999.0 -9999.0 -9999.0 -9999.0 -9999.0 -9999.0 -9999.0 -9999.0 -9999.0 -9999.0 -9999.0 -9999.0 -9999.0 -9999.0 -9999.0 -9999.0 -9999.0 -9999.0 -9999.0 -9999.0 -9999.0 -9999.0 -9999.0 -9999.0 -9999.0 -9999.0 -9999.0 -9999.0 -9999.0 -9999.0 -9999.0 -9999.0 -9999.0 -9999.0 -9999.0 -9999.0 -9999.0 -9999.0 -9999.0 -9999.0 -9999.0 -9999.0 -9999.0 -9999.0 -9999.0 -9999.0
-9999.0 -9999.0 -9999.0 -9999.0 -9999.0 -9999.0 -9999.0 -9999.0 -9999.0 -9999.0 -9999.0 -9999.0 -9999.0 -9999.0 -9999.0 -9999.0 -9999.0 -9999.0 -9999.0 -9999.0 -9999.0 -9999.0 -9999.0 -9999.0 -9999.0 -9999.0 -9999.0 -9999.0 -9999.0 -9999.0 -9999.0 -9999.0 -9999.0 -9999.0 -9999.0 -9999.0 -9999.0 -9999.0 -9999.0 -9999.0 -9999.0 -9999.0 -9999.0 -9999.0 -9999.0 -9999.0 -9999.0 -9999.0 -9999.0 -9999.0 -9999.0 -9999.0 -9999.0 -9999.0 -9999.0 -9999.0 -9999.0 -9999.0 -9999.0 -9999.0 -9999.0 -9999.0 -9999.0 -9999.0 -9999.0 -9999.0 -9999.0 -9999.0 -9999.0 -9999.0 -9999.0 -9999.0 -9999.0 -9999.0 -9999.0 -9999.0 -9999.0 -9999.0 -9999.0 -9999.0 -9999.0 -9999.0 -9999.0 -9999.0 -9999.0 -9999.0 -9999.0 -9999.0 -9999.0 -9999.0 -9999.0 -9999.0 -9999.0 -9999.0 -9999.0 -9999.0 -9999.0 -9999.0 -9999.0 -9999.0 -9999.0 -9999.0 -9999.0 -9999.0