inst/processing_geotop_simulation/geotop_simulation/out/maps3D/PwL0004N0451.asc
ncols         104
nrows         10
xllcorner     -2.000000
yllcorner     0.000000
cellsize      1.000000
NODATA_value  -9999.0
-9999.0 -9999.0 -9999.0 -9999.0 -9999.0 -9999.0 -9999.0 -9999.0 -9999.0 -9999.0 -9999.0 -9999.0 -9999.0 -9999.0 -9999.0 -9999.0 -9999.0 -9999.0 -9999.0 -9999.0 -9999.0 -9999.0 -9999.0 -9999.0 -9999.0 -9999.0 -9999.0 -9999.0 -9999.0 -9999.0 -9999.0 -9999.0 -9999.0 -9999.0 -9999.0 -9999.0 -9999.0 -9999.0 -9999.0 -9999.0 -9999.0 -9999.0 -9999.0 -9999.0 -9999.0 -9999.0 -9999.0 -9999.0 -9999.0 -9999.0 -9999.0 -9999.0 -9999.0 -9999.0 -9999.0 -9999.0 -9999.0 -9999.0 -9999.0 -9999.0 -9999.0 -9999.0 -9999.0 -9999.0 -9999.0 -9999.0 -9999.0 -9999.0 -9999.0 -9999.0 -9999.0 -9999.0 -9999.0 -9999.0 -9999.0 -9999.0 -9999.0 -9999.0 -9999.0 -9999.0 -9999.0 -9999.0 -9999.0 -9999.0 -9999.0 -9999.0 -9999.0 -9999.0 -9999.0 -9999.0 -9999.0 -9999.0 -9999.0 -9999.0 -9999.0 -9999.0 -9999.0 -9999.0 -9999.0 -9999.0 -9999.0 -9999.0 -9999.0 -9999.0
-9999.0 -9999.0 -9999.0 -9999.0 -9999.0 -9999.0 -9999.0 -9999.0 -9999.0 -9999.0 -9999.0 -9999.0 -9999.0 -9999.0 -9999.0 -9999.0 -9999.0 -9999.0 -9999.0 -9999.0 -9999.0 -9999.0 -9999.0 -9999.0 -9999.0 -9999.0 -9999.0 -9999.0 -9999.0 -9999.0 -9999.0 -9999.0 -9999.0 -9999.0 -9999.0 -9999.0 -9999.0 -9999.0 -9999.0 -9999.0 -9999.0 -9999.0 -9999.0 -9999.0 -9999.0 -9999.0 -9999.0 -9999.0 -9999.0 -9999.0 -9999.0 -9999.0 -9999.0 -9999.0 -9999.0 -9999.0 -9999.0 -9999.0 -9999.0 -9999.0 -9999.0 -9999.0 -9999.0 -9999.0 -9999.0 -9999.0 -9999.0 -9999.0 -9999.0 -9999.0 -9999.0 -9999.0 -9999.0 -9999.0 -9999.0 -9999.0 -9999.0 -9999.0 -9999.0 -9999.0 -9999.0 -9999.0 -9999.0 -9999.0 -9999.0 -9999.0 -9999.0 -9999.0 -9999.0 -9999.0 -9999.0 -9999.0 -9999.0 -9999.0 -9999.0 -9999.0 -9999.0 -9999.0 -9999.0 -9999.0 -9999.0 -9999.0 -9999.0 -9999.0
-9999.0 -9999.0 174.715188 76.492993 -22.563909 -121.858224 -221.243112 -320.662857 -420.088977 -519.502614 -618.878838 -718.162682 -817.387626 -916.513388 -1015.586910 -1114.684405 -1213.529409 -1312.022199 -1409.903796 -1506.634123 -1601.110992 -1691.302402 -1774.283761 -1847.120437 -1907.984825 -1956.623229 -1994.072531 -2022.066684 -2042.514801 -2057.183360 -2067.557229 -2074.811688 -2079.839755 -2083.300463 -2085.670323 -2087.291550 -2088.422173 -2089.322263 -2090.474237 -2092.765347 -2092.210420 -2021.693308 -1240.603130 -1246.052436 -1234.156494 -1226.164290 -1222.406973 -1221.812897 -1221.747564 -1221.752648 -1221.767803 -1221.784195 -1221.799964 -1221.814576 -1221.828215 -1221.844741 -1221.899559 -1222.260208 -1224.277803 -1228.707533 -1234.158581 -1220.133456 -1995.432006 -2086.375743 -2091.453135 -2091.016278 -2090.805900 -2090.759594 -2090.751625 -2090.750739 -2090.751005 -2090.751387 -2090.751715 -2090.751975 -2090.752181 -2090.752346 -2090.752481 -2090.752596 -2090.752696 -2090.752789 -2090.752883 -2090.752986 -2090.753113 -2090.753281 -2090.753519 -2090.753875 -2090.754423 -2090.755290 -2090.756695 -2090.759029 -2090.763014 -2090.770025 -2090.782751 -2090.806584 -2090.852597 -2090.944394 -2091.135172 -2091.553924 -2092.541072 -2095.090652 -2102.487957 -2127.132081 -9999.0 -9999.0
-9999.0 -9999.0 174.723802 76.494755 -22.563462 -121.858094 -221.243070 -320.662843 -420.088972 -519.502612 -618.878837 -718.162681 -817.387625 -916.513388 -1015.586910 -1114.684405 -1213.529409 -1312.022200 -1409.903797 -1506.634123 -1601.110992 -1691.302402 -1774.283761 -1847.120437 -1907.984825 -1956.623229 -1994.072531 -2022.066684 -2042.514801 -2057.183360 -2067.557229 -2074.811688 -2079.839755 -2083.300463 -2085.670323 -2087.291550 -2088.422173 -2089.322263 -2090.474237 -2092.765347 -2092.210420 -2021.693308 -1240.603130 -1246.052436 -1234.156494 -1226.164290 -1222.406973 -1221.812897 -1221.747564 -1221.752648 -1221.767803 -1221.784195 -1221.799964 -1221.814576 -1221.828215 -1221.844741 -1221.899559 -1222.260208 -1224.277803 -1228.707533 -1234.158581 -1220.133456 -1995.432006 -2086.375743 -2091.453135 -2091.016278 -2090.805900 -2090.759594 -2090.751625 -2090.750739 -2090.751005 -2090.751387 -2090.751715 -2090.751975 -2090.752181 -2090.752346 -2090.752481 -2090.752596 -2090.752696 -2090.752789 -2090.752883 -2090.752986 -2090.753113 -2090.753281 -2090.753519 -2090.753875 -2090.754423 -2090.755290 -2090.756695 -2090.759029 -2090.763014 -2090.770025 -2090.782751 -2090.806584 -2090.852597 -2090.944394 -2091.135172 -2091.553924 -2092.541072 -2095.090652 -2102.487957 -2127.132081 -9999.0 -9999.0
-9999.0 -9999.0 174.725016 76.495474 -22.563178 -121.857991 -221.243034 -320.662830 -420.088967 -519.502610 -618.878836 -718.162680 -817.387625 -916.513387 -1015.586910 -1114.684405 -1213.529409 -1312.022200 -1409.903797 -1506.634123 -1601.110992 -1691.302402 -1774.283761 -1847.120437 -1907.984825 -1956.623229 -1994.072531 -2022.066684 -2042.514801 -2057.183360 -2067.557229 -2074.811688 -2079.839755 -2083.300463 -2085.670323 -2087.291550 -2088.422173 -2089.322263 -2090.474237 -2092.765347 -2092.210420 -2021.693308 -1240.603130 -1246.052436 -1234.156494 -1226.164289 -1222.406973 -1221.812897 -1221.747564 -1221.752648 -1221.767803 -1221.784195 -1221.799964 -1221.814576 -1221.828215 -1221.844741 -1221.899559 -1222.260208 -1224.277803 -1228.707533 -1234.158581 -1220.133456 -1995.432006 -2086.375743 -2091.453135 -2091.016278 -2090.805900 -2090.759594 -2090.751625 -2090.750739 -2090.751005 -2090.751387 -2090.751715 -2090.751975 -2090.752181 -2090.752346 -2090.752481 -2090.752596 -2090.752696 -2090.752789 -2090.752883 -2090.752986 -2090.753113 -2090.753281 -2090.753519 -2090.753875 -2090.754423 -2090.755290 -2090.756695 -2090.759029 -2090.763014 -2090.770025 -2090.782751 -2090.806584 -2090.852597 -2090.944394 -2091.135172 -2091.553924 -2092.541072 -2095.090652 -2102.487957 -2127.132081 -9999.0 -9999.0
-9999.0 -9999.0 174.725016 76.495474 -22.563178 -121.857991 -221.243034 -320.662830 -420.088967 -519.502610 -618.878836 -718.162680 -817.387625 -916.513387 -1015.586910 -1114.684405 -1213.529409 -1312.022200 -1409.903797 -1506.634123 -1601.110992 -1691.302402 -1774.283761 -1847.120437 -1907.984825 -1956.623229 -1994.072531 -2022.066684 -2042.514801 -2057.183360 -2067.557229 -2074.811688 -2079.839755 -2083.300463 -2085.670323 -2087.291550 -2088.422173 -2089.322263 -2090.474237 -2092.765347 -2092.210420 -2021.693308 -1240.603130 -1246.052436 -1234.156494 -1226.164289 -1222.406973 -1221.812897 -1221.747564 -1221.752648 -1221.767803 -1221.784195 -1221.799964 -1221.814576 -1221.828215 -1221.844741 -1221.899559 -1222.260208 -1224.277803 -1228.707533 -1234.158581 -1220.133456 -1995.432006 -2086.375743 -2091.453135 -2091.016278 -2090.805900 -2090.759594 -2090.751625 -2090.750739 -2090.751005 -2090.751387 -2090.751715 -2090.751975 -2090.752181 -2090.752346 -2090.752481 -2090.752596 -2090.752696 -2090.752789 -2090.752883 -2090.752986 -2090.753113 -2090.753281 -2090.753519 -2090.753875 -2090.754423 -2090.755290 -2090.756695 -2090.759029 -2090.763014 -2090.770025 -2090.782751 -2090.806584 -2090.852597 -2090.944394 -2091.135172 -2091.553924 -2092.541072 -2095.090652 -2102.487957 -2127.132081 -9999.0 -9999.0
-9999.0 -9999.0 174.723802 76.494755 -22.563462 -121.858094 -221.243070 -320.662843 -420.088972 -519.502612 -618.878837 -718.162681 -817.387626 -916.513388 -1015.586910 -1114.684405 -1213.529409 -1312.022200 -1409.903797 -1506.634123 -1601.110992 -1691.302402 -1774.283761 -1847.120437 -1907.984825 -1956.623229 -1994.072531 -2022.066684 -2042.514801 -2057.183360 -2067.557229 -2074.811688 -2079.839755 -2083.300463 -2085.670323 -2087.291550 -2088.422173 -2089.322263 -2090.474237 -2092.765347 -2092.210420 -2021.693308 -1240.603130 -1246.052436 -1234.156494 -1226.164290 -1222.406973 -1221.812897 -1221.747564 -1221.752648 -1221.767803 -1221.784195 -1221.799964 -1221.814576 -1221.828215 -1221.844741 -1221.899559 -1222.260208 -1224.277803 -1228.707533 -1234.158581 -1220.133456 -1995.432006 -2086.375743 -2091.453135 -2091.016278 -2090.805900 -2090.759594 -2090.751625 -2090.750739 -2090.751005 -2090.751387 -2090.751715 -2090.751975 -2090.752181 -2090.752346 -2090.752481 -2090.752596 -2090.752696 -2090.752789 -2090.752883 -2090.752986 -2090.753113 -2090.753281 -2090.753519 -2090.753875 -2090.754423 -2090.755290 -2090.756695 -2090.759029 -2090.763014 -2090.770025 -2090.782751 -2090.806584 -2090.852597 -2090.944394 -2091.135172 -2091.553924 -2092.541072 -2095.090652 -2102.487957 -2127.132081 -9999.0 -9999.0
-9999.0 -9999.0 174.715188 76.492993 -22.563909 -121.858224 -221.243112 -320.662857 -420.088977 -519.502614 -618.878838 -718.162682 -817.387626 -916.513388 -1015.586910 -1114.684405 -1213.529409 -1312.022199 -1409.903796 -1506.634123 -1601.110992 -1691.302402 -1774.283761 -1847.120437 -1907.984825 -1956.623229 -1994.072531 -2022.066684 -2042.514801 -2057.183360 -2067.557229 -2074.811688 -2079.839755 -2083.300463 -2085.670323 -2087.291550 -2088.422173 -2089.322263 -2090.474237 -2092.765347 -2092.210420 -2021.693308 -1240.603130 -1246.052436 -1234.156494 -1226.164290 -1222.406973 -1221.812897 -1221.747564 -1221.752648 -1221.767803 -1221.784195 -1221.799964 -1221.814576 -1221.828215 -1221.844741 -1221.899559 -1222.260208 -1224.277803 -1228.707533 -1234.158581 -1220.133456 -1995.432006 -2086.375743 -2091.453135 -2091.016278 -2090.805900 -2090.759594 -2090.751625 -2090.750739 -2090.751005 -2090.751387 -2090.751715 -2090.751975 -2090.752181 -2090.752346 -2090.752481 -2090.752596 -2090.752696 -2090.752789 -2090.752883 -2090.752986 -2090.753113 -2090.753281 -2090.753519 -2090.753875 -2090.754423 -2090.755290 -2090.756695 -2090.759029 -2090.763014 -2090.770025 -2090.782751 -2090.806584 -2090.852597 -2090.944394 -2091.135172 -2091.553924 -2092.541072 -2095.090652 -2102.487957 -2127.132081 -9999.0 -9999.0
-9999.0 -9999.0 -9999.0 -9999.0 -9999.0 -9999.0 -9999.0 -9999.0 -9999.0 -9999.0 -9999.0 -9999.0 -9999.0 -9999.0 -9999.0 -9999.0 -9999.0 -9999.0 -9999.0 -9999.0 -9999.0 -9999.0 -9999.0 -9999.0 -9999.0 -9999.0 -9999.0 -9999.0 -9999.0 -9999.0 -9999.0 -9999.0 -9999.0 -9999.0 -9999.0 -9999.0 -9999.0 -9999.0 -9999.0 -9999.0 -9999.0 -9999.0 -9999.0 -9999.0 -9999.0 -9999.0 -9999.0 -9999.0 -9999.0 -9999.0 -9999.0 -9999.0 -9999.0 -9999.0 -9999.0 -9999.0 -9999.0 -9999.0 -9999.0 -9999.0 -9999.0 -9999.0 -9999.0 -9999.0 -9999.0 -9999.0 -9999.0 -9999.0 -9999.0 -9999.0 -9999.0 -9999.0 -9999.0 -9999.0 -9999.0 -9999.0 -9999.0 -9999.0 -9999.0 -9999.0 -9999.0 -9999.0 -9999.0 -9999.0 -9999.0 -9999.0 -9999.0 -9999.0 -9999.0 -9999.0 -9999.0 -9999.0 -9999.0 -9999.0 -9999.0 -9999.0 -9999.0 -9999.0 -9999.0 -9999.0 -9999.0 -9999.0 -9999.0 -9999.0
-9999.0 -9999.0 -9999.0 -9999.0 -9999.0 -9999.0 -9999.0 -9999.0 -9999.0 -9999.0 -9999.0 -9999.0 -9999.0 -9999.0 -9999.0 -9999.0 -9999.0 -9999.0 -9999.0 -9999.0 -9999.0 -9999.0 -9999.0 -9999.0 -9999.0 -9999.0 -9999.0 -9999.0 -9999.0 -9999.0 -9999.0 -9999.0 -9999.0 -9999.0 -9999.0 -9999.0 -9999.0 -9999.0 -9999.0 -9999.0 -9999.0 -9999.0 -9999.0 -9999.0 -9999.0 -9999.0 -9999.0 -9999.0 -9999.0 -9999.0 -9999.0 -9999.0 -9999.0 -9999.0 -9999.0 -9999.0 -9999.0 -9999.0 -9999.0 -9999.0 -9999.0 -9999.0 -9999.0 -9999.0 -9999.0 -9999.0 -9999.0 -9999.0 -9999.0 -9999.0 -9999.0 -9999.0 -9999.0 -9999.0 -9999.0 -9999.0 -9999.0 -9999.0 -9999.0 -9999.0 -9999.0 -9999.0 -9999.0 -9999.0 -9999.0 -9999.0 -9999.0 -9999.0 -9999.0 -9999.0 -9999.0 -9999.0 -9999.0 -9999.0 -9999.0 -9999.0 -9999.0 -9999.0 -9999.0 -9999.0 -9999.0 -9999.0 -9999.0 -9999.0