inst/processing_geotop_simulation/geotop_simulation/out/maps3D/PwL0017N0436.asc
ncols         104
nrows         10
xllcorner     -2.000000
yllcorner     0.000000
cellsize      1.000000
NODATA_value  -9999.0
-9999.0 -9999.0 -9999.0 -9999.0 -9999.0 -9999.0 -9999.0 -9999.0 -9999.0 -9999.0 -9999.0 -9999.0 -9999.0 -9999.0 -9999.0 -9999.0 -9999.0 -9999.0 -9999.0 -9999.0 -9999.0 -9999.0 -9999.0 -9999.0 -9999.0 -9999.0 -9999.0 -9999.0 -9999.0 -9999.0 -9999.0 -9999.0 -9999.0 -9999.0 -9999.0 -9999.0 -9999.0 -9999.0 -9999.0 -9999.0 -9999.0 -9999.0 -9999.0 -9999.0 -9999.0 -9999.0 -9999.0 -9999.0 -9999.0 -9999.0 -9999.0 -9999.0 -9999.0 -9999.0 -9999.0 -9999.0 -9999.0 -9999.0 -9999.0 -9999.0 -9999.0 -9999.0 -9999.0 -9999.0 -9999.0 -9999.0 -9999.0 -9999.0 -9999.0 -9999.0 -9999.0 -9999.0 -9999.0 -9999.0 -9999.0 -9999.0 -9999.0 -9999.0 -9999.0 -9999.0 -9999.0 -9999.0 -9999.0 -9999.0 -9999.0 -9999.0 -9999.0 -9999.0 -9999.0 -9999.0 -9999.0 -9999.0 -9999.0 -9999.0 -9999.0 -9999.0 -9999.0 -9999.0 -9999.0 -9999.0 -9999.0 -9999.0 -9999.0 -9999.0
-9999.0 -9999.0 -9999.0 -9999.0 -9999.0 -9999.0 -9999.0 -9999.0 -9999.0 -9999.0 -9999.0 -9999.0 -9999.0 -9999.0 -9999.0 -9999.0 -9999.0 -9999.0 -9999.0 -9999.0 -9999.0 -9999.0 -9999.0 -9999.0 -9999.0 -9999.0 -9999.0 -9999.0 -9999.0 -9999.0 -9999.0 -9999.0 -9999.0 -9999.0 -9999.0 -9999.0 -9999.0 -9999.0 -9999.0 -9999.0 -9999.0 -9999.0 -9999.0 -9999.0 -9999.0 -9999.0 -9999.0 -9999.0 -9999.0 -9999.0 -9999.0 -9999.0 -9999.0 -9999.0 -9999.0 -9999.0 -9999.0 -9999.0 -9999.0 -9999.0 -9999.0 -9999.0 -9999.0 -9999.0 -9999.0 -9999.0 -9999.0 -9999.0 -9999.0 -9999.0 -9999.0 -9999.0 -9999.0 -9999.0 -9999.0 -9999.0 -9999.0 -9999.0 -9999.0 -9999.0 -9999.0 -9999.0 -9999.0 -9999.0 -9999.0 -9999.0 -9999.0 -9999.0 -9999.0 -9999.0 -9999.0 -9999.0 -9999.0 -9999.0 -9999.0 -9999.0 -9999.0 -9999.0 -9999.0 -9999.0 -9999.0 -9999.0 -9999.0 -9999.0
-9999.0 -9999.0 819.525960 720.498491 621.331135 522.030609 422.662934 323.266048 223.859886 124.455112 25.058022 -74.325253 -173.694030 -273.042109 -372.353665 -471.602634 -570.741379 -669.688295 -768.515512 -867.323954 -965.913734 -1064.155457 -1160.695898 -1253.090879 -1339.957288 -1419.171425 -1488.960388 -1548.257146 -1596.868166 -1635.410856 -1665.078297 -1687.344773 -1703.711769 -1715.541764 -1723.979918 -1729.941975 -1734.151229 -1737.245798 -1740.070905 -1744.275712 -1751.968916 -1760.695411 -1944.375910 -4045.653350 -4133.641560 -4133.645253 -4133.634617 -4133.627347 -4133.603717 -4133.534257 -4133.359939 -4132.900091 -4132.192228 -4131.321197 -4129.939604 -4127.394491 -4122.170052 -4110.661071 -4084.555589 -4026.134397 -3728.953912 -1706.247884 -1717.141215 -1743.971088 -1744.616063 -1743.797230 -1743.528527 -1743.470202 -1743.459894 -1743.458639 -1743.458903 -1743.459351 -1743.459762 -1743.460113 -1743.460414 -1743.460679 -1743.460918 -1743.461140 -1743.461351 -1743.461560 -1743.461773 -1743.462000 -1743.462254 -1743.462555 -1743.462931 -1743.463429 -1743.464125 -1743.465145 -1743.466710 -1743.469214 -1743.473388 -1743.480629 -1743.493692 -1743.518142 -1743.565599 -1743.661420 -1743.864333 -1744.319958 -1745.415816 -1748.269844 -1756.441193 -1782.593217 -9999.0 -9999.0
-9999.0 -9999.0 819.529227 720.499653 621.331501 522.030726 422.662973 323.266061 223.859892 124.455115 25.058023 -74.325253 -173.694030 -273.042109 -372.353665 -471.602634 -570.741379 -669.688295 -768.515513 -867.323954 -965.913734 -1064.155457 -1160.695899 -1253.090879 -1339.957288 -1419.171425 -1488.960388 -1548.257146 -1596.868166 -1635.410856 -1665.078297 -1687.344773 -1703.711769 -1715.541764 -1723.979918 -1729.941975 -1734.151229 -1737.245798 -1740.070905 -1744.275712 -1751.968916 -1760.695411 -1944.375910 -4045.653350 -4133.641560 -4133.645253 -4133.634617 -4133.627347 -4133.603717 -4133.534257 -4133.359939 -4132.900091 -4132.192228 -4131.321197 -4129.939604 -4127.394491 -4122.170052 -4110.661071 -4084.555589 -4026.134397 -3728.953912 -1706.247884 -1717.141214 -1743.971088 -1744.616062 -1743.797230 -1743.528527 -1743.470202 -1743.459894 -1743.458639 -1743.458903 -1743.459351 -1743.459762 -1743.460113 -1743.460414 -1743.460679 -1743.460918 -1743.461140 -1743.461351 -1743.461560 -1743.461773 -1743.462000 -1743.462254 -1743.462555 -1743.462931 -1743.463429 -1743.464125 -1743.465145 -1743.466710 -1743.469214 -1743.473388 -1743.480629 -1743.493692 -1743.518142 -1743.565599 -1743.661420 -1743.864333 -1744.319958 -1745.415816 -1748.269844 -1756.441193 -1782.593217 -9999.0 -9999.0
-9999.0 -9999.0 819.530355 720.500250 621.331749 522.030819 422.663008 323.266074 223.859896 124.455116 25.058024 -74.325252 -173.694030 -273.042108 -372.353665 -471.602634 -570.741379 -669.688296 -768.515513 -867.323954 -965.913734 -1064.155458 -1160.695899 -1253.090879 -1339.957288 -1419.171425 -1488.960388 -1548.257146 -1596.868166 -1635.410856 -1665.078297 -1687.344773 -1703.711769 -1715.541764 -1723.979918 -1729.941975 -1734.151229 -1737.245798 -1740.070905 -1744.275712 -1751.968916 -1760.695411 -1944.375910 -4045.653350 -4133.641560 -4133.645253 -4133.634617 -4133.627347 -4133.603717 -4133.534257 -4133.359939 -4132.900091 -4132.192228 -4131.321197 -4129.939604 -4127.394491 -4122.170052 -4110.661071 -4084.555589 -4026.134397 -3728.953911 -1706.247884 -1717.141214 -1743.971088 -1744.616062 -1743.797230 -1743.528527 -1743.470202 -1743.459894 -1743.458639 -1743.458903 -1743.459351 -1743.459762 -1743.460113 -1743.460414 -1743.460679 -1743.460918 -1743.461140 -1743.461351 -1743.461560 -1743.461773 -1743.462000 -1743.462254 -1743.462555 -1743.462931 -1743.463429 -1743.464125 -1743.465145 -1743.466710 -1743.469214 -1743.473388 -1743.480629 -1743.493692 -1743.518142 -1743.565599 -1743.661420 -1743.864333 -1744.319958 -1745.415816 -1748.269844 -1756.441193 -1782.593217 -9999.0 -9999.0
-9999.0 -9999.0 819.530355 720.500250 621.331749 522.030820 422.663008 323.266074 223.859896 124.455116 25.058024 -74.325252 -173.694030 -273.042108 -372.353665 -471.602634 -570.741379 -669.688296 -768.515513 -867.323954 -965.913734 -1064.155458 -1160.695899 -1253.090879 -1339.957288 -1419.171425 -1488.960388 -1548.257146 -1596.868166 -1635.410856 -1665.078297 -1687.344773 -1703.711769 -1715.541764 -1723.979918 -1729.941975 -1734.151229 -1737.245798 -1740.070905 -1744.275712 -1751.968916 -1760.695411 -1944.375910 -4045.653350 -4133.641560 -4133.645253 -4133.634617 -4133.627347 -4133.603717 -4133.534257 -4133.359939 -4132.900091 -4132.192228 -4131.321197 -4129.939604 -4127.394491 -4122.170052 -4110.661071 -4084.555588 -4026.134397 -3728.953911 -1706.247884 -1717.141214 -1743.971088 -1744.616062 -1743.797230 -1743.528527 -1743.470202 -1743.459894 -1743.458639 -1743.458903 -1743.459351 -1743.459762 -1743.460113 -1743.460414 -1743.460679 -1743.460918 -1743.461140 -1743.461351 -1743.461560 -1743.461773 -1743.462000 -1743.462254 -1743.462555 -1743.462931 -1743.463429 -1743.464125 -1743.465145 -1743.466710 -1743.469214 -1743.473388 -1743.480629 -1743.493692 -1743.518142 -1743.565599 -1743.661420 -1743.864333 -1744.319958 -1745.415816 -1748.269844 -1756.441193 -1782.593217 -9999.0 -9999.0
-9999.0 -9999.0 819.529227 720.499653 621.331501 522.030726 422.662973 323.266061 223.859892 124.455115 25.058023 -74.325253 -173.694030 -273.042109 -372.353665 -471.602634 -570.741379 -669.688295 -768.515513 -867.323954 -965.913734 -1064.155457 -1160.695899 -1253.090879 -1339.957288 -1419.171425 -1488.960388 -1548.257146 -1596.868166 -1635.410856 -1665.078297 -1687.344773 -1703.711769 -1715.541764 -1723.979918 -1729.941975 -1734.151229 -1737.245798 -1740.070905 -1744.275712 -1751.968916 -1760.695411 -1944.375910 -4045.653350 -4133.641560 -4133.645253 -4133.634617 -4133.627347 -4133.603717 -4133.534257 -4133.359939 -4132.900091 -4132.192228 -4131.321197 -4129.939604 -4127.394491 -4122.170052 -4110.661071 -4084.555589 -4026.134397 -3728.953912 -1706.247884 -1717.141214 -1743.971088 -1744.616062 -1743.797230 -1743.528527 -1743.470202 -1743.459894 -1743.458639 -1743.458903 -1743.459351 -1743.459762 -1743.460113 -1743.460414 -1743.460679 -1743.460918 -1743.461140 -1743.461351 -1743.461560 -1743.461773 -1743.462000 -1743.462254 -1743.462555 -1743.462931 -1743.463429 -1743.464125 -1743.465145 -1743.466710 -1743.469214 -1743.473388 -1743.480629 -1743.493692 -1743.518142 -1743.565599 -1743.661420 -1743.864333 -1744.319958 -1745.415816 -1748.269844 -1756.441193 -1782.593217 -9999.0 -9999.0
-9999.0 -9999.0 819.525960 720.498491 621.331135 522.030609 422.662934 323.266048 223.859886 124.455112 25.058022 -74.325253 -173.694030 -273.042109 -372.353665 -471.602634 -570.741379 -669.688295 -768.515512 -867.323954 -965.913734 -1064.155457 -1160.695898 -1253.090879 -1339.957288 -1419.171425 -1488.960388 -1548.257146 -1596.868166 -1635.410856 -1665.078297 -1687.344773 -1703.711769 -1715.541764 -1723.979918 -1729.941975 -1734.151229 -1737.245798 -1740.070905 -1744.275712 -1751.968916 -1760.695411 -1944.375910 -4045.653350 -4133.641560 -4133.645253 -4133.634617 -4133.627347 -4133.603717 -4133.534257 -4133.359939 -4132.900091 -4132.192228 -4131.321197 -4129.939604 -4127.394491 -4122.170052 -4110.661071 -4084.555589 -4026.134397 -3728.953912 -1706.247884 -1717.141215 -1743.971088 -1744.616063 -1743.797230 -1743.528527 -1743.470202 -1743.459894 -1743.458639 -1743.458903 -1743.459351 -1743.459762 -1743.460113 -1743.460414 -1743.460679 -1743.460918 -1743.461140 -1743.461351 -1743.461560 -1743.461773 -1743.462000 -1743.462254 -1743.462555 -1743.462931 -1743.463429 -1743.464125 -1743.465145 -1743.466710 -1743.469214 -1743.473388 -1743.480629 -1743.493692 -1743.518142 -1743.565599 -1743.661420 -1743.864333 -1744.319958 -1745.415816 -1748.269844 -1756.441193 -1782.593217 -9999.0 -9999.0
-9999.0 -9999.0 -9999.0 -9999.0 -9999.0 -9999.0 -9999.0 -9999.0 -9999.0 -9999.0 -9999.0 -9999.0 -9999.0 -9999.0 -9999.0 -9999.0 -9999.0 -9999.0 -9999.0 -9999.0 -9999.0 -9999.0 -9999.0 -9999.0 -9999.0 -9999.0 -9999.0 -9999.0 -9999.0 -9999.0 -9999.0 -9999.0 -9999.0 -9999.0 -9999.0 -9999.0 -9999.0 -9999.0 -9999.0 -9999.0 -9999.0 -9999.0 -9999.0 -9999.0 -9999.0 -9999.0 -9999.0 -9999.0 -9999.0 -9999.0 -9999.0 -9999.0 -9999.0 -9999.0 -9999.0 -9999.0 -9999.0 -9999.0 -9999.0 -9999.0 -9999.0 -9999.0 -9999.0 -9999.0 -9999.0 -9999.0 -9999.0 -9999.0 -9999.0 -9999.0 -9999.0 -9999.0 -9999.0 -9999.0 -9999.0 -9999.0 -9999.0 -9999.0 -9999.0 -9999.0 -9999.0 -9999.0 -9999.0 -9999.0 -9999.0 -9999.0 -9999.0 -9999.0 -9999.0 -9999.0 -9999.0 -9999.0 -9999.0 -9999.0 -9999.0 -9999.0 -9999.0 -9999.0 -9999.0 -9999.0 -9999.0 -9999.0 -9999.0 -9999.0
-9999.0 -9999.0 -9999.0 -9999.0 -9999.0 -9999.0 -9999.0 -9999.0 -9999.0 -9999.0 -9999.0 -9999.0 -9999.0 -9999.0 -9999.0 -9999.0 -9999.0 -9999.0 -9999.0 -9999.0 -9999.0 -9999.0 -9999.0 -9999.0 -9999.0 -9999.0 -9999.0 -9999.0 -9999.0 -9999.0 -9999.0 -9999.0 -9999.0 -9999.0 -9999.0 -9999.0 -9999.0 -9999.0 -9999.0 -9999.0 -9999.0 -9999.0 -9999.0 -9999.0 -9999.0 -9999.0 -9999.0 -9999.0 -9999.0 -9999.0 -9999.0 -9999.0 -9999.0 -9999.0 -9999.0 -9999.0 -9999.0 -9999.0 -9999.0 -9999.0 -9999.0 -9999.0 -9999.0 -9999.0 -9999.0 -9999.0 -9999.0 -9999.0 -9999.0 -9999.0 -9999.0 -9999.0 -9999.0 -9999.0 -9999.0 -9999.0 -9999.0 -9999.0 -9999.0 -9999.0 -9999.0 -9999.0 -9999.0 -9999.0 -9999.0 -9999.0 -9999.0 -9999.0 -9999.0 -9999.0 -9999.0 -9999.0 -9999.0 -9999.0 -9999.0 -9999.0 -9999.0 -9999.0 -9999.0 -9999.0 -9999.0 -9999.0 -9999.0 -9999.0