inst/processing_geotop_simulation/geotop_simulation/out/maps3D/PwL0014N0099.asc
ncols         104
nrows         10
xllcorner     -2.000000
yllcorner     0.000000
cellsize      1.000000
NODATA_value  -9999.0
-9999.0 -9999.0 -9999.0 -9999.0 -9999.0 -9999.0 -9999.0 -9999.0 -9999.0 -9999.0 -9999.0 -9999.0 -9999.0 -9999.0 -9999.0 -9999.0 -9999.0 -9999.0 -9999.0 -9999.0 -9999.0 -9999.0 -9999.0 -9999.0 -9999.0 -9999.0 -9999.0 -9999.0 -9999.0 -9999.0 -9999.0 -9999.0 -9999.0 -9999.0 -9999.0 -9999.0 -9999.0 -9999.0 -9999.0 -9999.0 -9999.0 -9999.0 -9999.0 -9999.0 -9999.0 -9999.0 -9999.0 -9999.0 -9999.0 -9999.0 -9999.0 -9999.0 -9999.0 -9999.0 -9999.0 -9999.0 -9999.0 -9999.0 -9999.0 -9999.0 -9999.0 -9999.0 -9999.0 -9999.0 -9999.0 -9999.0 -9999.0 -9999.0 -9999.0 -9999.0 -9999.0 -9999.0 -9999.0 -9999.0 -9999.0 -9999.0 -9999.0 -9999.0 -9999.0 -9999.0 -9999.0 -9999.0 -9999.0 -9999.0 -9999.0 -9999.0 -9999.0 -9999.0 -9999.0 -9999.0 -9999.0 -9999.0 -9999.0 -9999.0 -9999.0 -9999.0 -9999.0 -9999.0 -9999.0 -9999.0 -9999.0 -9999.0 -9999.0 -9999.0
-9999.0 -9999.0 -9999.0 -9999.0 -9999.0 -9999.0 -9999.0 -9999.0 -9999.0 -9999.0 -9999.0 -9999.0 -9999.0 -9999.0 -9999.0 -9999.0 -9999.0 -9999.0 -9999.0 -9999.0 -9999.0 -9999.0 -9999.0 -9999.0 -9999.0 -9999.0 -9999.0 -9999.0 -9999.0 -9999.0 -9999.0 -9999.0 -9999.0 -9999.0 -9999.0 -9999.0 -9999.0 -9999.0 -9999.0 -9999.0 -9999.0 -9999.0 -9999.0 -9999.0 -9999.0 -9999.0 -9999.0 -9999.0 -9999.0 -9999.0 -9999.0 -9999.0 -9999.0 -9999.0 -9999.0 -9999.0 -9999.0 -9999.0 -9999.0 -9999.0 -9999.0 -9999.0 -9999.0 -9999.0 -9999.0 -9999.0 -9999.0 -9999.0 -9999.0 -9999.0 -9999.0 -9999.0 -9999.0 -9999.0 -9999.0 -9999.0 -9999.0 -9999.0 -9999.0 -9999.0 -9999.0 -9999.0 -9999.0 -9999.0 -9999.0 -9999.0 -9999.0 -9999.0 -9999.0 -9999.0 -9999.0 -9999.0 -9999.0 -9999.0 -9999.0 -9999.0 -9999.0 -9999.0 -9999.0 -9999.0 -9999.0 -9999.0 -9999.0 -9999.0
-9999.0 -9999.0 688.092609 596.998000 504.006624 409.725553 314.845459 219.715380 124.511087 29.325909 -65.779463 -160.855412 -256.122435 -352.213743 -450.289104 -552.397801 -661.180382 -769.623812 -869.152144 -963.958939 -1049.846404 -1097.330831 -1120.222475 -1129.107399 -1131.679567 -1132.052028 -1131.993255 -1132.072940 -1132.360873 -1132.776377 -1133.228945 -1133.656621 -1134.027629 -1134.331246 -1134.568981 -1134.750296 -1134.896553 -1135.052198 -1135.327804 -1136.632051 -1146.659379 -1234.986030 -2105.925905 -4272.900209 -4282.178006 -4282.178217 -4282.178216 -4282.178216 -4282.178216 -4282.178216 -4282.178216 -4282.178216 -4282.178216 -4282.178216 -4282.178216 -4282.178216 -4282.178216 -4282.178216 -4282.178217 -4282.177825 -4267.447119 -1994.631038 -1208.499780 -1143.133625 -1136.258022 -1135.475594 -1135.364288 -1135.345899 -1135.344286 -1135.345780 -1135.347537 -1135.348996 -1135.350117 -1135.350965 -1135.351612 -1135.352114 -1135.352510 -1135.352830 -1135.353095 -1135.353328 -1135.353554 -1135.353803 -1135.354113 -1135.354541 -1135.355173 -1135.356141 -1135.357661 -1135.360084 -1135.364004 -1135.370445 -1135.381237 -1135.399770 -1135.432521 -1135.492187 -1135.604028 -1135.818735 -1136.239384 -1137.084044 -1138.854087 -1142.823938 -1152.442928 -1178.071876 -9999.0 -9999.0
-9999.0 -9999.0 688.097815 596.999696 504.007132 409.725711 314.845510 219.715398 124.511092 29.325911 -65.779463 -160.855412 -256.122436 -352.213743 -450.289104 -552.397801 -661.180382 -769.623812 -869.152144 -963.958939 -1049.846404 -1097.330831 -1120.222475 -1129.107399 -1131.679567 -1132.052028 -1131.993255 -1132.072940 -1132.360873 -1132.776377 -1133.228945 -1133.656621 -1134.027629 -1134.331246 -1134.568981 -1134.750296 -1134.896553 -1135.052198 -1135.327804 -1136.632051 -1146.659379 -1234.986030 -2105.925905 -4272.900209 -4282.178006 -4282.178217 -4282.178216 -4282.178216 -4282.178216 -4282.178216 -4282.178216 -4282.178216 -4282.178216 -4282.178216 -4282.178216 -4282.178216 -4282.178216 -4282.178216 -4282.178217 -4282.177825 -4267.447119 -1994.631038 -1208.499780 -1143.133625 -1136.258022 -1135.475594 -1135.364288 -1135.345899 -1135.344286 -1135.345780 -1135.347537 -1135.348996 -1135.350117 -1135.350965 -1135.351612 -1135.352114 -1135.352510 -1135.352830 -1135.353095 -1135.353328 -1135.353554 -1135.353803 -1135.354113 -1135.354541 -1135.355173 -1135.356141 -1135.357661 -1135.360084 -1135.364004 -1135.370445 -1135.381237 -1135.399770 -1135.432521 -1135.492187 -1135.604028 -1135.818735 -1136.239384 -1137.084044 -1138.854087 -1142.823938 -1152.442928 -1178.071876 -9999.0 -9999.0
-9999.0 -9999.0 688.099375 597.000517 504.007469 409.725836 314.845555 219.715413 124.511098 29.325913 -65.779462 -160.855412 -256.122436 -352.213744 -450.289104 -552.397801 -661.180382 -769.623812 -869.152144 -963.958939 -1049.846404 -1097.330830 -1120.222475 -1129.107399 -1131.679567 -1132.052028 -1131.993255 -1132.072940 -1132.360873 -1132.776377 -1133.228945 -1133.656621 -1134.027629 -1134.331246 -1134.568981 -1134.750296 -1134.896553 -1135.052198 -1135.327804 -1136.632051 -1146.659379 -1234.986030 -2105.925905 -4272.900209 -4282.178006 -4282.178217 -4282.178216 -4282.178216 -4282.178216 -4282.178216 -4282.178216 -4282.178216 -4282.178216 -4282.178216 -4282.178216 -4282.178216 -4282.178216 -4282.178216 -4282.178217 -4282.177825 -4267.447119 -1994.631038 -1208.499780 -1143.133625 -1136.258022 -1135.475594 -1135.364288 -1135.345899 -1135.344286 -1135.345780 -1135.347537 -1135.348996 -1135.350117 -1135.350965 -1135.351612 -1135.352114 -1135.352510 -1135.352830 -1135.353095 -1135.353328 -1135.353554 -1135.353803 -1135.354113 -1135.354541 -1135.355173 -1135.356141 -1135.357661 -1135.360084 -1135.364004 -1135.370445 -1135.381237 -1135.399770 -1135.432521 -1135.492187 -1135.604028 -1135.818735 -1136.239384 -1137.084044 -1138.854087 -1142.823938 -1152.442928 -1178.071876 -9999.0 -9999.0
-9999.0 -9999.0 688.099375 597.000517 504.007469 409.725837 314.845555 219.715414 124.511098 29.325913 -65.779462 -160.855412 -256.122436 -352.213744 -450.289104 -552.397801 -661.180382 -769.623812 -869.152144 -963.958939 -1049.846404 -1097.330830 -1120.222475 -1129.107399 -1131.679567 -1132.052028 -1131.993255 -1132.072940 -1132.360873 -1132.776377 -1133.228945 -1133.656621 -1134.027629 -1134.331246 -1134.568981 -1134.750296 -1134.896553 -1135.052198 -1135.327804 -1136.632051 -1146.659379 -1234.986030 -2105.925905 -4272.900209 -4282.178006 -4282.178217 -4282.178216 -4282.178216 -4282.178216 -4282.178216 -4282.178216 -4282.178216 -4282.178216 -4282.178216 -4282.178216 -4282.178216 -4282.178216 -4282.178216 -4282.178217 -4282.177825 -4267.447119 -1994.631038 -1208.499780 -1143.133625 -1136.258022 -1135.475594 -1135.364288 -1135.345899 -1135.344286 -1135.345780 -1135.347537 -1135.348996 -1135.350117 -1135.350965 -1135.351612 -1135.352114 -1135.352510 -1135.352830 -1135.353095 -1135.353328 -1135.353554 -1135.353803 -1135.354113 -1135.354541 -1135.355173 -1135.356141 -1135.357661 -1135.360084 -1135.364004 -1135.370445 -1135.381237 -1135.399770 -1135.432521 -1135.492187 -1135.604028 -1135.818735 -1136.239384 -1137.084044 -1138.854087 -1142.823938 -1152.442928 -1178.071876 -9999.0 -9999.0
-9999.0 -9999.0 688.097815 596.999696 504.007133 409.725711 314.845510 219.715397 124.511092 29.325911 -65.779463 -160.855412 -256.122436 -352.213743 -450.289104 -552.397801 -661.180382 -769.623812 -869.152144 -963.958939 -1049.846404 -1097.330831 -1120.222475 -1129.107399 -1131.679567 -1132.052028 -1131.993255 -1132.072940 -1132.360873 -1132.776377 -1133.228945 -1133.656621 -1134.027629 -1134.331246 -1134.568981 -1134.750296 -1134.896553 -1135.052198 -1135.327804 -1136.632051 -1146.659379 -1234.986030 -2105.925905 -4272.900209 -4282.178006 -4282.178217 -4282.178216 -4282.178216 -4282.178216 -4282.178216 -4282.178216 -4282.178216 -4282.178216 -4282.178216 -4282.178216 -4282.178216 -4282.178216 -4282.178216 -4282.178217 -4282.177825 -4267.447119 -1994.631038 -1208.499780 -1143.133625 -1136.258022 -1135.475594 -1135.364288 -1135.345899 -1135.344286 -1135.345780 -1135.347537 -1135.348996 -1135.350117 -1135.350965 -1135.351612 -1135.352114 -1135.352510 -1135.352830 -1135.353095 -1135.353328 -1135.353554 -1135.353803 -1135.354113 -1135.354541 -1135.355173 -1135.356141 -1135.357661 -1135.360084 -1135.364004 -1135.370445 -1135.381237 -1135.399770 -1135.432521 -1135.492187 -1135.604028 -1135.818735 -1136.239384 -1137.084044 -1138.854087 -1142.823938 -1152.442928 -1178.071876 -9999.0 -9999.0
-9999.0 -9999.0 688.092609 596.998001 504.006624 409.725553 314.845459 219.715380 124.511087 29.325909 -65.779463 -160.855412 -256.122436 -352.213743 -450.289104 -552.397801 -661.180382 -769.623812 -869.152144 -963.958939 -1049.846404 -1097.330831 -1120.222475 -1129.107399 -1131.679567 -1132.052028 -1131.993255 -1132.072940 -1132.360873 -1132.776377 -1133.228945 -1133.656621 -1134.027629 -1134.331246 -1134.568981 -1134.750296 -1134.896553 -1135.052198 -1135.327804 -1136.632051 -1146.659379 -1234.986030 -2105.925905 -4272.900210 -4282.178006 -4282.178217 -4282.178216 -4282.178216 -4282.178216 -4282.178216 -4282.178216 -4282.178216 -4282.178216 -4282.178216 -4282.178216 -4282.178216 -4282.178216 -4282.178216 -4282.178217 -4282.177825 -4267.447119 -1994.631038 -1208.499780 -1143.133625 -1136.258022 -1135.475594 -1135.364288 -1135.345899 -1135.344286 -1135.345780 -1135.347537 -1135.348996 -1135.350117 -1135.350965 -1135.351612 -1135.352114 -1135.352510 -1135.352830 -1135.353095 -1135.353328 -1135.353554 -1135.353803 -1135.354113 -1135.354541 -1135.355173 -1135.356141 -1135.357661 -1135.360084 -1135.364004 -1135.370445 -1135.381237 -1135.399770 -1135.432521 -1135.492187 -1135.604028 -1135.818735 -1136.239384 -1137.084044 -1138.854087 -1142.823938 -1152.442928 -1178.071876 -9999.0 -9999.0
-9999.0 -9999.0 -9999.0 -9999.0 -9999.0 -9999.0 -9999.0 -9999.0 -9999.0 -9999.0 -9999.0 -9999.0 -9999.0 -9999.0 -9999.0 -9999.0 -9999.0 -9999.0 -9999.0 -9999.0 -9999.0 -9999.0 -9999.0 -9999.0 -9999.0 -9999.0 -9999.0 -9999.0 -9999.0 -9999.0 -9999.0 -9999.0 -9999.0 -9999.0 -9999.0 -9999.0 -9999.0 -9999.0 -9999.0 -9999.0 -9999.0 -9999.0 -9999.0 -9999.0 -9999.0 -9999.0 -9999.0 -9999.0 -9999.0 -9999.0 -9999.0 -9999.0 -9999.0 -9999.0 -9999.0 -9999.0 -9999.0 -9999.0 -9999.0 -9999.0 -9999.0 -9999.0 -9999.0 -9999.0 -9999.0 -9999.0 -9999.0 -9999.0 -9999.0 -9999.0 -9999.0 -9999.0 -9999.0 -9999.0 -9999.0 -9999.0 -9999.0 -9999.0 -9999.0 -9999.0 -9999.0 -9999.0 -9999.0 -9999.0 -9999.0 -9999.0 -9999.0 -9999.0 -9999.0 -9999.0 -9999.0 -9999.0 -9999.0 -9999.0 -9999.0 -9999.0 -9999.0 -9999.0 -9999.0 -9999.0 -9999.0 -9999.0 -9999.0 -9999.0
-9999.0 -9999.0 -9999.0 -9999.0 -9999.0 -9999.0 -9999.0 -9999.0 -9999.0 -9999.0 -9999.0 -9999.0 -9999.0 -9999.0 -9999.0 -9999.0 -9999.0 -9999.0 -9999.0 -9999.0 -9999.0 -9999.0 -9999.0 -9999.0 -9999.0 -9999.0 -9999.0 -9999.0 -9999.0 -9999.0 -9999.0 -9999.0 -9999.0 -9999.0 -9999.0 -9999.0 -9999.0 -9999.0 -9999.0 -9999.0 -9999.0 -9999.0 -9999.0 -9999.0 -9999.0 -9999.0 -9999.0 -9999.0 -9999.0 -9999.0 -9999.0 -9999.0 -9999.0 -9999.0 -9999.0 -9999.0 -9999.0 -9999.0 -9999.0 -9999.0 -9999.0 -9999.0 -9999.0 -9999.0 -9999.0 -9999.0 -9999.0 -9999.0 -9999.0 -9999.0 -9999.0 -9999.0 -9999.0 -9999.0 -9999.0 -9999.0 -9999.0 -9999.0 -9999.0 -9999.0 -9999.0 -9999.0 -9999.0 -9999.0 -9999.0 -9999.0 -9999.0 -9999.0 -9999.0 -9999.0 -9999.0 -9999.0 -9999.0 -9999.0 -9999.0 -9999.0 -9999.0 -9999.0 -9999.0 -9999.0 -9999.0 -9999.0 -9999.0 -9999.0