inst/processing_geotop_simulation/geotop_simulation/out/maps3D/PwL0002N0281.asc
ncols         104
nrows         10
xllcorner     -2.000000
yllcorner     0.000000
cellsize      1.000000
NODATA_value  -9999.0
-9999.0 -9999.0 -9999.0 -9999.0 -9999.0 -9999.0 -9999.0 -9999.0 -9999.0 -9999.0 -9999.0 -9999.0 -9999.0 -9999.0 -9999.0 -9999.0 -9999.0 -9999.0 -9999.0 -9999.0 -9999.0 -9999.0 -9999.0 -9999.0 -9999.0 -9999.0 -9999.0 -9999.0 -9999.0 -9999.0 -9999.0 -9999.0 -9999.0 -9999.0 -9999.0 -9999.0 -9999.0 -9999.0 -9999.0 -9999.0 -9999.0 -9999.0 -9999.0 -9999.0 -9999.0 -9999.0 -9999.0 -9999.0 -9999.0 -9999.0 -9999.0 -9999.0 -9999.0 -9999.0 -9999.0 -9999.0 -9999.0 -9999.0 -9999.0 -9999.0 -9999.0 -9999.0 -9999.0 -9999.0 -9999.0 -9999.0 -9999.0 -9999.0 -9999.0 -9999.0 -9999.0 -9999.0 -9999.0 -9999.0 -9999.0 -9999.0 -9999.0 -9999.0 -9999.0 -9999.0 -9999.0 -9999.0 -9999.0 -9999.0 -9999.0 -9999.0 -9999.0 -9999.0 -9999.0 -9999.0 -9999.0 -9999.0 -9999.0 -9999.0 -9999.0 -9999.0 -9999.0 -9999.0 -9999.0 -9999.0 -9999.0 -9999.0 -9999.0 -9999.0
-9999.0 -9999.0 -9999.0 -9999.0 -9999.0 -9999.0 -9999.0 -9999.0 -9999.0 -9999.0 -9999.0 -9999.0 -9999.0 -9999.0 -9999.0 -9999.0 -9999.0 -9999.0 -9999.0 -9999.0 -9999.0 -9999.0 -9999.0 -9999.0 -9999.0 -9999.0 -9999.0 -9999.0 -9999.0 -9999.0 -9999.0 -9999.0 -9999.0 -9999.0 -9999.0 -9999.0 -9999.0 -9999.0 -9999.0 -9999.0 -9999.0 -9999.0 -9999.0 -9999.0 -9999.0 -9999.0 -9999.0 -9999.0 -9999.0 -9999.0 -9999.0 -9999.0 -9999.0 -9999.0 -9999.0 -9999.0 -9999.0 -9999.0 -9999.0 -9999.0 -9999.0 -9999.0 -9999.0 -9999.0 -9999.0 -9999.0 -9999.0 -9999.0 -9999.0 -9999.0 -9999.0 -9999.0 -9999.0 -9999.0 -9999.0 -9999.0 -9999.0 -9999.0 -9999.0 -9999.0 -9999.0 -9999.0 -9999.0 -9999.0 -9999.0 -9999.0 -9999.0 -9999.0 -9999.0 -9999.0 -9999.0 -9999.0 -9999.0 -9999.0 -9999.0 -9999.0 -9999.0 -9999.0 -9999.0 -9999.0 -9999.0 -9999.0 -9999.0 -9999.0
-9999.0 -9999.0 77.048154 -18.408180 -116.222176 -214.601178 -313.186424 -411.839803 -510.490192 -609.079925 -707.477877 -805.616110 -903.412618 -1000.750578 -1097.984327 -1195.027439 -1291.037690 -1385.425126 -1477.437483 -1565.785922 -1647.500732 -1718.586092 -1776.359948 -1820.637658 -1853.129342 -1876.285275 -1892.477873 -1903.654874 -1911.290842 -1916.459458 -1919.928000 -1922.237764 -1923.765928 -1924.771905 -1925.432175 -1925.867568 -1926.169088 -1926.447208 -1927.031797 -1929.194109 -1934.691438 -1902.178283 -1170.299265 -1168.600816 -1157.832000 -1150.877507 -1147.610684 -1147.114937 -1147.062158 -1147.067975 -1147.082387 -1147.097861 -1147.112733 -1147.126506 -1147.139283 -1147.154074 -1147.199260 -1147.497998 -1149.245934 -1153.138360 -1158.741011 -1152.729559 -1879.694512 -1928.963256 -1927.871600 -1926.984549 -1926.801382 -1926.771102 -1926.766834 -1926.766821 -1926.767426 -1926.768010 -1926.768476 -1926.768833 -1926.769108 -1926.769321 -1926.769490 -1926.769627 -1926.769742 -1926.769845 -1926.769947 -1926.770060 -1926.770203 -1926.770402 -1926.770696 -1926.771148 -1926.771861 -1926.773003 -1926.774863 -1926.777952 -1926.783198 -1926.792349 -1926.808790 -1926.839217 -1926.897099 -1927.010115 -1927.237374 -1927.713495 -1928.771861 -1931.323861 -1938.250970 -1960.879455 -9999.0 -9999.0
-9999.0 -9999.0 77.059635 -18.406124 -116.221662 -214.601028 -313.186377 -411.839787 -510.490187 -609.079923 -707.477876 -805.616109 -903.412618 -1000.750578 -1097.984327 -1195.027439 -1291.037690 -1385.425126 -1477.437483 -1565.785922 -1647.500732 -1718.586092 -1776.359949 -1820.637659 -1853.129342 -1876.285275 -1892.477873 -1903.654874 -1911.290842 -1916.459458 -1919.928000 -1922.237764 -1923.765928 -1924.771905 -1925.432175 -1925.867568 -1926.169088 -1926.447208 -1927.031797 -1929.194109 -1934.691438 -1902.178283 -1170.299265 -1168.600816 -1157.832000 -1150.877507 -1147.610684 -1147.114937 -1147.062158 -1147.067975 -1147.082387 -1147.097861 -1147.112733 -1147.126506 -1147.139283 -1147.154074 -1147.199260 -1147.497998 -1149.245934 -1153.138360 -1158.741011 -1152.729559 -1879.694512 -1928.963256 -1927.871600 -1926.984549 -1926.801382 -1926.771102 -1926.766834 -1926.766821 -1926.767426 -1926.768010 -1926.768476 -1926.768833 -1926.769108 -1926.769321 -1926.769490 -1926.769627 -1926.769742 -1926.769845 -1926.769947 -1926.770060 -1926.770203 -1926.770402 -1926.770696 -1926.771148 -1926.771861 -1926.773003 -1926.774863 -1926.777952 -1926.783198 -1926.792349 -1926.808790 -1926.839217 -1926.897099 -1927.010115 -1927.237374 -1927.713495 -1928.771861 -1931.323861 -1938.250970 -1960.879455 -9999.0 -9999.0
-9999.0 -9999.0 77.060881 -18.405300 -116.221338 -214.600911 -313.186335 -411.839772 -510.490181 -609.079921 -707.477875 -805.616109 -903.412617 -1000.750578 -1097.984327 -1195.027439 -1291.037690 -1385.425126 -1477.437483 -1565.785923 -1647.500732 -1718.586092 -1776.359949 -1820.637659 -1853.129342 -1876.285275 -1892.477873 -1903.654874 -1911.290842 -1916.459458 -1919.928000 -1922.237764 -1923.765928 -1924.771905 -1925.432175 -1925.867568 -1926.169088 -1926.447208 -1927.031797 -1929.194109 -1934.691438 -1902.178283 -1170.299265 -1168.600816 -1157.832000 -1150.877507 -1147.610684 -1147.114937 -1147.062158 -1147.067975 -1147.082387 -1147.097861 -1147.112733 -1147.126506 -1147.139283 -1147.154074 -1147.199260 -1147.497998 -1149.245934 -1153.138360 -1158.741011 -1152.729559 -1879.694512 -1928.963256 -1927.871600 -1926.984549 -1926.801382 -1926.771102 -1926.766834 -1926.766821 -1926.767426 -1926.768010 -1926.768476 -1926.768833 -1926.769108 -1926.769321 -1926.769490 -1926.769627 -1926.769742 -1926.769845 -1926.769947 -1926.770060 -1926.770203 -1926.770402 -1926.770696 -1926.771148 -1926.771861 -1926.773003 -1926.774863 -1926.777952 -1926.783198 -1926.792349 -1926.808790 -1926.839217 -1926.897099 -1927.010115 -1927.237374 -1927.713495 -1928.771861 -1931.323861 -1938.250970 -1960.879455 -9999.0 -9999.0
-9999.0 -9999.0 77.060881 -18.405300 -116.221338 -214.600911 -313.186335 -411.839772 -510.490181 -609.079921 -707.477875 -805.616109 -903.412617 -1000.750578 -1097.984327 -1195.027439 -1291.037690 -1385.425126 -1477.437483 -1565.785923 -1647.500732 -1718.586092 -1776.359949 -1820.637659 -1853.129342 -1876.285275 -1892.477873 -1903.654874 -1911.290842 -1916.459458 -1919.928000 -1922.237764 -1923.765928 -1924.771905 -1925.432175 -1925.867568 -1926.169088 -1926.447208 -1927.031797 -1929.194109 -1934.691438 -1902.178283 -1170.299265 -1168.600816 -1157.832000 -1150.877507 -1147.610684 -1147.114937 -1147.062158 -1147.067975 -1147.082387 -1147.097861 -1147.112733 -1147.126506 -1147.139283 -1147.154074 -1147.199260 -1147.497998 -1149.245934 -1153.138360 -1158.741011 -1152.729559 -1879.694512 -1928.963256 -1927.871600 -1926.984549 -1926.801382 -1926.771102 -1926.766834 -1926.766821 -1926.767426 -1926.768010 -1926.768476 -1926.768833 -1926.769108 -1926.769321 -1926.769490 -1926.769627 -1926.769742 -1926.769845 -1926.769947 -1926.770060 -1926.770203 -1926.770402 -1926.770696 -1926.771148 -1926.771861 -1926.773003 -1926.774863 -1926.777952 -1926.783198 -1926.792349 -1926.808790 -1926.839217 -1926.897099 -1927.010115 -1927.237374 -1927.713495 -1928.771861 -1931.323861 -1938.250970 -1960.879455 -9999.0 -9999.0
-9999.0 -9999.0 77.059635 -18.406124 -116.221663 -214.601028 -313.186377 -411.839787 -510.490187 -609.079923 -707.477876 -805.616109 -903.412618 -1000.750578 -1097.984327 -1195.027439 -1291.037690 -1385.425126 -1477.437483 -1565.785922 -1647.500732 -1718.586092 -1776.359949 -1820.637659 -1853.129342 -1876.285275 -1892.477873 -1903.654874 -1911.290842 -1916.459458 -1919.928000 -1922.237764 -1923.765928 -1924.771905 -1925.432175 -1925.867568 -1926.169088 -1926.447208 -1927.031797 -1929.194109 -1934.691438 -1902.178283 -1170.299265 -1168.600816 -1157.832000 -1150.877507 -1147.610684 -1147.114937 -1147.062158 -1147.067975 -1147.082387 -1147.097861 -1147.112733 -1147.126506 -1147.139283 -1147.154074 -1147.199260 -1147.497998 -1149.245934 -1153.138360 -1158.741011 -1152.729559 -1879.694512 -1928.963256 -1927.871600 -1926.984549 -1926.801382 -1926.771102 -1926.766834 -1926.766821 -1926.767426 -1926.768010 -1926.768476 -1926.768833 -1926.769108 -1926.769321 -1926.769490 -1926.769627 -1926.769742 -1926.769845 -1926.769947 -1926.770060 -1926.770203 -1926.770402 -1926.770696 -1926.771148 -1926.771861 -1926.773003 -1926.774863 -1926.777952 -1926.783198 -1926.792349 -1926.808790 -1926.839217 -1926.897099 -1927.010115 -1927.237374 -1927.713495 -1928.771861 -1931.323861 -1938.250970 -1960.879455 -9999.0 -9999.0
-9999.0 -9999.0 77.048154 -18.408180 -116.222176 -214.601178 -313.186424 -411.839803 -510.490192 -609.079925 -707.477877 -805.616110 -903.412618 -1000.750578 -1097.984327 -1195.027439 -1291.037690 -1385.425126 -1477.437483 -1565.785922 -1647.500732 -1718.586092 -1776.359948 -1820.637658 -1853.129342 -1876.285275 -1892.477873 -1903.654874 -1911.290842 -1916.459458 -1919.928000 -1922.237764 -1923.765928 -1924.771905 -1925.432175 -1925.867568 -1926.169088 -1926.447208 -1927.031797 -1929.194109 -1934.691438 -1902.178283 -1170.299265 -1168.600816 -1157.832000 -1150.877507 -1147.610684 -1147.114937 -1147.062158 -1147.067975 -1147.082387 -1147.097861 -1147.112733 -1147.126506 -1147.139283 -1147.154074 -1147.199260 -1147.497998 -1149.245934 -1153.138360 -1158.741011 -1152.729559 -1879.694512 -1928.963256 -1927.871600 -1926.984549 -1926.801382 -1926.771102 -1926.766834 -1926.766821 -1926.767426 -1926.768010 -1926.768476 -1926.768833 -1926.769108 -1926.769321 -1926.769490 -1926.769627 -1926.769742 -1926.769845 -1926.769947 -1926.770060 -1926.770203 -1926.770402 -1926.770696 -1926.771148 -1926.771861 -1926.773003 -1926.774863 -1926.777952 -1926.783198 -1926.792349 -1926.808790 -1926.839217 -1926.897099 -1927.010115 -1927.237374 -1927.713495 -1928.771861 -1931.323861 -1938.250970 -1960.879455 -9999.0 -9999.0
-9999.0 -9999.0 -9999.0 -9999.0 -9999.0 -9999.0 -9999.0 -9999.0 -9999.0 -9999.0 -9999.0 -9999.0 -9999.0 -9999.0 -9999.0 -9999.0 -9999.0 -9999.0 -9999.0 -9999.0 -9999.0 -9999.0 -9999.0 -9999.0 -9999.0 -9999.0 -9999.0 -9999.0 -9999.0 -9999.0 -9999.0 -9999.0 -9999.0 -9999.0 -9999.0 -9999.0 -9999.0 -9999.0 -9999.0 -9999.0 -9999.0 -9999.0 -9999.0 -9999.0 -9999.0 -9999.0 -9999.0 -9999.0 -9999.0 -9999.0 -9999.0 -9999.0 -9999.0 -9999.0 -9999.0 -9999.0 -9999.0 -9999.0 -9999.0 -9999.0 -9999.0 -9999.0 -9999.0 -9999.0 -9999.0 -9999.0 -9999.0 -9999.0 -9999.0 -9999.0 -9999.0 -9999.0 -9999.0 -9999.0 -9999.0 -9999.0 -9999.0 -9999.0 -9999.0 -9999.0 -9999.0 -9999.0 -9999.0 -9999.0 -9999.0 -9999.0 -9999.0 -9999.0 -9999.0 -9999.0 -9999.0 -9999.0 -9999.0 -9999.0 -9999.0 -9999.0 -9999.0 -9999.0 -9999.0 -9999.0 -9999.0 -9999.0 -9999.0 -9999.0
-9999.0 -9999.0 -9999.0 -9999.0 -9999.0 -9999.0 -9999.0 -9999.0 -9999.0 -9999.0 -9999.0 -9999.0 -9999.0 -9999.0 -9999.0 -9999.0 -9999.0 -9999.0 -9999.0 -9999.0 -9999.0 -9999.0 -9999.0 -9999.0 -9999.0 -9999.0 -9999.0 -9999.0 -9999.0 -9999.0 -9999.0 -9999.0 -9999.0 -9999.0 -9999.0 -9999.0 -9999.0 -9999.0 -9999.0 -9999.0 -9999.0 -9999.0 -9999.0 -9999.0 -9999.0 -9999.0 -9999.0 -9999.0 -9999.0 -9999.0 -9999.0 -9999.0 -9999.0 -9999.0 -9999.0 -9999.0 -9999.0 -9999.0 -9999.0 -9999.0 -9999.0 -9999.0 -9999.0 -9999.0 -9999.0 -9999.0 -9999.0 -9999.0 -9999.0 -9999.0 -9999.0 -9999.0 -9999.0 -9999.0 -9999.0 -9999.0 -9999.0 -9999.0 -9999.0 -9999.0 -9999.0 -9999.0 -9999.0 -9999.0 -9999.0 -9999.0 -9999.0 -9999.0 -9999.0 -9999.0 -9999.0 -9999.0 -9999.0 -9999.0 -9999.0 -9999.0 -9999.0 -9999.0 -9999.0 -9999.0 -9999.0 -9999.0 -9999.0 -9999.0