inst/processing_geotop_simulation/geotop_simulation/out/maps3D/PwL0000N0154.asc
ncols         104
nrows         10
xllcorner     -2.000000
yllcorner     0.000000
cellsize      1.000000
NODATA_value  -9999.0
-9999.0 -9999.0 -9999.0 -9999.0 -9999.0 -9999.0 -9999.0 -9999.0 -9999.0 -9999.0 -9999.0 -9999.0 -9999.0 -9999.0 -9999.0 -9999.0 -9999.0 -9999.0 -9999.0 -9999.0 -9999.0 -9999.0 -9999.0 -9999.0 -9999.0 -9999.0 -9999.0 -9999.0 -9999.0 -9999.0 -9999.0 -9999.0 -9999.0 -9999.0 -9999.0 -9999.0 -9999.0 -9999.0 -9999.0 -9999.0 -9999.0 -9999.0 -9999.0 -9999.0 -9999.0 -9999.0 -9999.0 -9999.0 -9999.0 -9999.0 -9999.0 -9999.0 -9999.0 -9999.0 -9999.0 -9999.0 -9999.0 -9999.0 -9999.0 -9999.0 -9999.0 -9999.0 -9999.0 -9999.0 -9999.0 -9999.0 -9999.0 -9999.0 -9999.0 -9999.0 -9999.0 -9999.0 -9999.0 -9999.0 -9999.0 -9999.0 -9999.0 -9999.0 -9999.0 -9999.0 -9999.0 -9999.0 -9999.0 -9999.0 -9999.0 -9999.0 -9999.0 -9999.0 -9999.0 -9999.0 -9999.0 -9999.0 -9999.0 -9999.0 -9999.0 -9999.0 -9999.0 -9999.0 -9999.0 -9999.0 -9999.0 -9999.0 -9999.0 -9999.0
-9999.0 -9999.0 -9999.0 -9999.0 -9999.0 -9999.0 -9999.0 -9999.0 -9999.0 -9999.0 -9999.0 -9999.0 -9999.0 -9999.0 -9999.0 -9999.0 -9999.0 -9999.0 -9999.0 -9999.0 -9999.0 -9999.0 -9999.0 -9999.0 -9999.0 -9999.0 -9999.0 -9999.0 -9999.0 -9999.0 -9999.0 -9999.0 -9999.0 -9999.0 -9999.0 -9999.0 -9999.0 -9999.0 -9999.0 -9999.0 -9999.0 -9999.0 -9999.0 -9999.0 -9999.0 -9999.0 -9999.0 -9999.0 -9999.0 -9999.0 -9999.0 -9999.0 -9999.0 -9999.0 -9999.0 -9999.0 -9999.0 -9999.0 -9999.0 -9999.0 -9999.0 -9999.0 -9999.0 -9999.0 -9999.0 -9999.0 -9999.0 -9999.0 -9999.0 -9999.0 -9999.0 -9999.0 -9999.0 -9999.0 -9999.0 -9999.0 -9999.0 -9999.0 -9999.0 -9999.0 -9999.0 -9999.0 -9999.0 -9999.0 -9999.0 -9999.0 -9999.0 -9999.0 -9999.0 -9999.0 -9999.0 -9999.0 -9999.0 -9999.0 -9999.0 -9999.0 -9999.0 -9999.0 -9999.0 -9999.0 -9999.0 -9999.0 -9999.0 -9999.0
-9999.0 -9999.0 0.033162 -78.097931 -171.533778 -266.657184 -362.393027 -458.319878 -554.217075 -649.892961 -745.016951 -839.383852 -933.003914 -1026.230894 -1120.184170 -1213.877684 -1307.556446 -1402.514256 -1494.816381 -1570.432859 -1621.469187 -1653.321613 -1672.194751 -1683.240127 -1689.906398 -1694.212290 -1697.222934 -1699.451971 -1701.139158 -1702.410637 -1703.352815 -1704.036866 -1704.523856 -1704.864366 -1705.098476 -1705.258493 -1705.376443 -1705.499781 -1705.776604 -1707.163176 -1714.279803 -1719.273375 -1086.525663 -1082.462275 -1071.634731 -1064.845433 -1061.662297 -1061.203806 -1061.157028 -1061.164964 -1061.181315 -1061.198719 -1061.215429 -1061.230891 -1061.245141 -1061.260749 -1061.302780 -1061.577652 -1063.276767 -1067.119676 -1073.199764 -1069.780477 -1699.883849 -1710.300621 -1706.535318 -1705.796989 -1705.682245 -1705.663958 -1705.661945 -1705.662846 -1705.664068 -1705.665108 -1705.665911 -1705.666519 -1705.666983 -1705.667342 -1705.667626 -1705.667854 -1705.668044 -1705.668211 -1705.668374 -1705.668554 -1705.668780 -1705.669092 -1705.669554 -1705.670262 -1705.671376 -1705.673155 -1705.676038 -1705.680785 -1705.688765 -1705.702517 -1705.726910 -1705.771497 -1705.855281 -1706.016372 -1706.332284 -1706.966743 -1708.291812 -1711.238128 -1718.451847 -1739.874598 -9999.0 -9999.0
-9999.0 -9999.0 0.116341 -78.095601 -171.533195 -266.657015 -362.392974 -458.319860 -554.217069 -649.892959 -745.016950 -839.383852 -933.003914 -1026.230894 -1120.184171 -1213.877684 -1307.556446 -1402.514256 -1494.816381 -1570.432859 -1621.469187 -1653.321613 -1672.194751 -1683.240127 -1689.906398 -1694.212290 -1697.222934 -1699.451971 -1701.139158 -1702.410637 -1703.352815 -1704.036866 -1704.523856 -1704.864366 -1705.098476 -1705.258493 -1705.376443 -1705.499781 -1705.776604 -1707.163176 -1714.279803 -1719.273375 -1086.525663 -1082.462275 -1071.634731 -1064.845433 -1061.662297 -1061.203806 -1061.157028 -1061.164964 -1061.181315 -1061.198719 -1061.215429 -1061.230891 -1061.245141 -1061.260749 -1061.302780 -1061.577652 -1063.276767 -1067.119676 -1073.199764 -1069.780477 -1699.883849 -1710.300621 -1706.535318 -1705.796989 -1705.682245 -1705.663958 -1705.661945 -1705.662846 -1705.664068 -1705.665108 -1705.665911 -1705.666519 -1705.666983 -1705.667342 -1705.667626 -1705.667854 -1705.668044 -1705.668211 -1705.668374 -1705.668554 -1705.668780 -1705.669092 -1705.669554 -1705.670262 -1705.671376 -1705.673155 -1705.676038 -1705.680785 -1705.688765 -1705.702517 -1705.726910 -1705.771497 -1705.855281 -1706.016372 -1706.332284 -1706.966743 -1708.291812 -1711.238128 -1718.451847 -1739.874598 -9999.0 -9999.0
-9999.0 -9999.0 0.116343 -78.094678 -171.532829 -266.656882 -362.392926 -458.319844 -554.217063 -649.892957 -745.016949 -839.383852 -933.003914 -1026.230894 -1120.184171 -1213.877684 -1307.556446 -1402.514257 -1494.816381 -1570.432860 -1621.469187 -1653.321613 -1672.194751 -1683.240127 -1689.906398 -1694.212290 -1697.222934 -1699.451971 -1701.139158 -1702.410637 -1703.352815 -1704.036866 -1704.523856 -1704.864366 -1705.098476 -1705.258493 -1705.376443 -1705.499781 -1705.776604 -1707.163176 -1714.279803 -1719.273375 -1086.525663 -1082.462275 -1071.634731 -1064.845433 -1061.662297 -1061.203806 -1061.157028 -1061.164964 -1061.181315 -1061.198719 -1061.215429 -1061.230891 -1061.245141 -1061.260749 -1061.302780 -1061.577652 -1063.276767 -1067.119676 -1073.199764 -1069.780477 -1699.883849 -1710.300621 -1706.535318 -1705.796989 -1705.682245 -1705.663958 -1705.661945 -1705.662846 -1705.664068 -1705.665108 -1705.665911 -1705.666519 -1705.666983 -1705.667342 -1705.667626 -1705.667854 -1705.668044 -1705.668211 -1705.668374 -1705.668554 -1705.668780 -1705.669092 -1705.669554 -1705.670262 -1705.671376 -1705.673155 -1705.676038 -1705.680785 -1705.688765 -1705.702517 -1705.726910 -1705.771497 -1705.855281 -1706.016372 -1706.332284 -1706.966743 -1708.291812 -1711.238128 -1718.451847 -1739.874598 -9999.0 -9999.0
-9999.0 -9999.0 0.116343 -78.094678 -171.532829 -266.656882 -362.392927 -458.319843 -554.217063 -649.892957 -745.016949 -839.383852 -933.003914 -1026.230894 -1120.184171 -1213.877684 -1307.556446 -1402.514257 -1494.816381 -1570.432860 -1621.469187 -1653.321613 -1672.194751 -1683.240127 -1689.906398 -1694.212290 -1697.222934 -1699.451971 -1701.139158 -1702.410637 -1703.352815 -1704.036866 -1704.523856 -1704.864366 -1705.098476 -1705.258493 -1705.376443 -1705.499781 -1705.776604 -1707.163176 -1714.279803 -1719.273375 -1086.525663 -1082.462275 -1071.634731 -1064.845433 -1061.662297 -1061.203806 -1061.157028 -1061.164964 -1061.181315 -1061.198719 -1061.215429 -1061.230891 -1061.245141 -1061.260749 -1061.302780 -1061.577652 -1063.276767 -1067.119676 -1073.199764 -1069.780477 -1699.883849 -1710.300621 -1706.535318 -1705.796989 -1705.682245 -1705.663958 -1705.661945 -1705.662846 -1705.664068 -1705.665108 -1705.665911 -1705.666519 -1705.666983 -1705.667342 -1705.667626 -1705.667854 -1705.668044 -1705.668211 -1705.668374 -1705.668554 -1705.668780 -1705.669092 -1705.669554 -1705.670262 -1705.671376 -1705.673155 -1705.676038 -1705.680785 -1705.688765 -1705.702517 -1705.726910 -1705.771497 -1705.855281 -1706.016372 -1706.332284 -1706.966743 -1708.291812 -1711.238128 -1718.451847 -1739.874598 -9999.0 -9999.0
-9999.0 -9999.0 0.116341 -78.095601 -171.533195 -266.657015 -362.392974 -458.319860 -554.217069 -649.892959 -745.016950 -839.383852 -933.003914 -1026.230894 -1120.184171 -1213.877684 -1307.556446 -1402.514257 -1494.816381 -1570.432859 -1621.469187 -1653.321613 -1672.194751 -1683.240127 -1689.906398 -1694.212290 -1697.222934 -1699.451971 -1701.139158 -1702.410637 -1703.352815 -1704.036866 -1704.523856 -1704.864366 -1705.098476 -1705.258493 -1705.376443 -1705.499781 -1705.776604 -1707.163176 -1714.279803 -1719.273375 -1086.525663 -1082.462275 -1071.634731 -1064.845433 -1061.662297 -1061.203806 -1061.157028 -1061.164964 -1061.181315 -1061.198719 -1061.215429 -1061.230891 -1061.245141 -1061.260749 -1061.302780 -1061.577652 -1063.276767 -1067.119676 -1073.199764 -1069.780477 -1699.883849 -1710.300621 -1706.535318 -1705.796989 -1705.682245 -1705.663958 -1705.661945 -1705.662846 -1705.664068 -1705.665108 -1705.665911 -1705.666519 -1705.666983 -1705.667342 -1705.667626 -1705.667854 -1705.668044 -1705.668211 -1705.668374 -1705.668554 -1705.668780 -1705.669092 -1705.669554 -1705.670262 -1705.671376 -1705.673155 -1705.676038 -1705.680785 -1705.688765 -1705.702517 -1705.726910 -1705.771497 -1705.855281 -1706.016372 -1706.332284 -1706.966743 -1708.291812 -1711.238128 -1718.451847 -1739.874598 -9999.0 -9999.0
-9999.0 -9999.0 0.033162 -78.097931 -171.533778 -266.657184 -362.393027 -458.319878 -554.217075 -649.892961 -745.016951 -839.383852 -933.003914 -1026.230894 -1120.184171 -1213.877684 -1307.556446 -1402.514256 -1494.816381 -1570.432859 -1621.469187 -1653.321613 -1672.194751 -1683.240127 -1689.906398 -1694.212290 -1697.222934 -1699.451971 -1701.139158 -1702.410637 -1703.352815 -1704.036866 -1704.523856 -1704.864366 -1705.098476 -1705.258493 -1705.376443 -1705.499781 -1705.776604 -1707.163176 -1714.279803 -1719.273375 -1086.525663 -1082.462275 -1071.634731 -1064.845433 -1061.662297 -1061.203806 -1061.157028 -1061.164964 -1061.181315 -1061.198719 -1061.215429 -1061.230891 -1061.245141 -1061.260749 -1061.302780 -1061.577652 -1063.276767 -1067.119676 -1073.199764 -1069.780477 -1699.883849 -1710.300621 -1706.535318 -1705.796989 -1705.682245 -1705.663958 -1705.661945 -1705.662846 -1705.664068 -1705.665108 -1705.665911 -1705.666519 -1705.666983 -1705.667342 -1705.667626 -1705.667854 -1705.668044 -1705.668211 -1705.668374 -1705.668554 -1705.668780 -1705.669092 -1705.669554 -1705.670262 -1705.671376 -1705.673155 -1705.676038 -1705.680785 -1705.688765 -1705.702517 -1705.726910 -1705.771497 -1705.855281 -1706.016372 -1706.332284 -1706.966743 -1708.291812 -1711.238128 -1718.451847 -1739.874598 -9999.0 -9999.0
-9999.0 -9999.0 -9999.0 -9999.0 -9999.0 -9999.0 -9999.0 -9999.0 -9999.0 -9999.0 -9999.0 -9999.0 -9999.0 -9999.0 -9999.0 -9999.0 -9999.0 -9999.0 -9999.0 -9999.0 -9999.0 -9999.0 -9999.0 -9999.0 -9999.0 -9999.0 -9999.0 -9999.0 -9999.0 -9999.0 -9999.0 -9999.0 -9999.0 -9999.0 -9999.0 -9999.0 -9999.0 -9999.0 -9999.0 -9999.0 -9999.0 -9999.0 -9999.0 -9999.0 -9999.0 -9999.0 -9999.0 -9999.0 -9999.0 -9999.0 -9999.0 -9999.0 -9999.0 -9999.0 -9999.0 -9999.0 -9999.0 -9999.0 -9999.0 -9999.0 -9999.0 -9999.0 -9999.0 -9999.0 -9999.0 -9999.0 -9999.0 -9999.0 -9999.0 -9999.0 -9999.0 -9999.0 -9999.0 -9999.0 -9999.0 -9999.0 -9999.0 -9999.0 -9999.0 -9999.0 -9999.0 -9999.0 -9999.0 -9999.0 -9999.0 -9999.0 -9999.0 -9999.0 -9999.0 -9999.0 -9999.0 -9999.0 -9999.0 -9999.0 -9999.0 -9999.0 -9999.0 -9999.0 -9999.0 -9999.0 -9999.0 -9999.0 -9999.0 -9999.0
-9999.0 -9999.0 -9999.0 -9999.0 -9999.0 -9999.0 -9999.0 -9999.0 -9999.0 -9999.0 -9999.0 -9999.0 -9999.0 -9999.0 -9999.0 -9999.0 -9999.0 -9999.0 -9999.0 -9999.0 -9999.0 -9999.0 -9999.0 -9999.0 -9999.0 -9999.0 -9999.0 -9999.0 -9999.0 -9999.0 -9999.0 -9999.0 -9999.0 -9999.0 -9999.0 -9999.0 -9999.0 -9999.0 -9999.0 -9999.0 -9999.0 -9999.0 -9999.0 -9999.0 -9999.0 -9999.0 -9999.0 -9999.0 -9999.0 -9999.0 -9999.0 -9999.0 -9999.0 -9999.0 -9999.0 -9999.0 -9999.0 -9999.0 -9999.0 -9999.0 -9999.0 -9999.0 -9999.0 -9999.0 -9999.0 -9999.0 -9999.0 -9999.0 -9999.0 -9999.0 -9999.0 -9999.0 -9999.0 -9999.0 -9999.0 -9999.0 -9999.0 -9999.0 -9999.0 -9999.0 -9999.0 -9999.0 -9999.0 -9999.0 -9999.0 -9999.0 -9999.0 -9999.0 -9999.0 -9999.0 -9999.0 -9999.0 -9999.0 -9999.0 -9999.0 -9999.0 -9999.0 -9999.0 -9999.0 -9999.0 -9999.0 -9999.0 -9999.0 -9999.0