inst/processing_geotop_simulation/geotop_simulation/out/maps3D/PwL0014N0189.asc
ncols         104
nrows         10
xllcorner     -2.000000
yllcorner     0.000000
cellsize      1.000000
NODATA_value  -9999.0
-9999.0 -9999.0 -9999.0 -9999.0 -9999.0 -9999.0 -9999.0 -9999.0 -9999.0 -9999.0 -9999.0 -9999.0 -9999.0 -9999.0 -9999.0 -9999.0 -9999.0 -9999.0 -9999.0 -9999.0 -9999.0 -9999.0 -9999.0 -9999.0 -9999.0 -9999.0 -9999.0 -9999.0 -9999.0 -9999.0 -9999.0 -9999.0 -9999.0 -9999.0 -9999.0 -9999.0 -9999.0 -9999.0 -9999.0 -9999.0 -9999.0 -9999.0 -9999.0 -9999.0 -9999.0 -9999.0 -9999.0 -9999.0 -9999.0 -9999.0 -9999.0 -9999.0 -9999.0 -9999.0 -9999.0 -9999.0 -9999.0 -9999.0 -9999.0 -9999.0 -9999.0 -9999.0 -9999.0 -9999.0 -9999.0 -9999.0 -9999.0 -9999.0 -9999.0 -9999.0 -9999.0 -9999.0 -9999.0 -9999.0 -9999.0 -9999.0 -9999.0 -9999.0 -9999.0 -9999.0 -9999.0 -9999.0 -9999.0 -9999.0 -9999.0 -9999.0 -9999.0 -9999.0 -9999.0 -9999.0 -9999.0 -9999.0 -9999.0 -9999.0 -9999.0 -9999.0 -9999.0 -9999.0 -9999.0 -9999.0 -9999.0 -9999.0 -9999.0 -9999.0
-9999.0 -9999.0 -9999.0 -9999.0 -9999.0 -9999.0 -9999.0 -9999.0 -9999.0 -9999.0 -9999.0 -9999.0 -9999.0 -9999.0 -9999.0 -9999.0 -9999.0 -9999.0 -9999.0 -9999.0 -9999.0 -9999.0 -9999.0 -9999.0 -9999.0 -9999.0 -9999.0 -9999.0 -9999.0 -9999.0 -9999.0 -9999.0 -9999.0 -9999.0 -9999.0 -9999.0 -9999.0 -9999.0 -9999.0 -9999.0 -9999.0 -9999.0 -9999.0 -9999.0 -9999.0 -9999.0 -9999.0 -9999.0 -9999.0 -9999.0 -9999.0 -9999.0 -9999.0 -9999.0 -9999.0 -9999.0 -9999.0 -9999.0 -9999.0 -9999.0 -9999.0 -9999.0 -9999.0 -9999.0 -9999.0 -9999.0 -9999.0 -9999.0 -9999.0 -9999.0 -9999.0 -9999.0 -9999.0 -9999.0 -9999.0 -9999.0 -9999.0 -9999.0 -9999.0 -9999.0 -9999.0 -9999.0 -9999.0 -9999.0 -9999.0 -9999.0 -9999.0 -9999.0 -9999.0 -9999.0 -9999.0 -9999.0 -9999.0 -9999.0 -9999.0 -9999.0 -9999.0 -9999.0 -9999.0 -9999.0 -9999.0 -9999.0 -9999.0 -9999.0
-9999.0 -9999.0 679.629258 584.752792 488.774041 392.051609 294.980553 197.757724 100.483932 3.213349 -94.014216 -191.179090 -288.206956 -384.945373 -481.134504 -576.417498 -670.243451 -764.868266 -858.923386 -952.052975 -1043.894036 -1124.836955 -1195.273446 -1253.392445 -1299.033770 -1333.378117 -1358.332906 -1375.960558 -1388.128549 -1396.368164 -1401.859743 -1405.473196 -1407.827513 -1409.350700 -1410.332079 -1410.965858 -1411.389101 -1411.734640 -1412.336651 -1414.816820 -1426.829405 -1487.861934 -2037.032426 -4252.372573 -4282.147947 -4282.105259 -4282.063725 -4282.057036 -4282.056347 -4282.056417 -4282.056595 -4282.056784 -4282.056965 -4282.057133 -4282.057287 -4282.057461 -4282.057977 -4282.061644 -4282.085599 -4282.119580 -4233.434224 -1904.931848 -1454.488562 -1420.368018 -1413.619206 -1412.445745 -1412.265974 -1412.239116 -1412.235658 -1412.236000 -1412.236858 -1412.237635 -1412.238246 -1412.238714 -1412.239072 -1412.239352 -1412.239573 -1412.239753 -1412.239903 -1412.240037 -1412.240169 -1412.240314 -1412.240497 -1412.240750 -1412.241123 -1412.241695 -1412.242595 -1412.244035 -1412.246376 -1412.250250 -1412.256806 -1412.268195 -1412.288572 -1412.326136 -1412.397352 -1412.535924 -1412.813404 -1413.391800 -1414.669031 -1417.698378 -1425.538434 -1449.120317 -9999.0 -9999.0
-9999.0 -9999.0 679.634243 584.754407 488.774524 392.051759 294.980602 197.757740 100.483938 3.213351 -94.014215 -191.179090 -288.206956 -384.945373 -481.134504 -576.417498 -670.243451 -764.868266 -858.923387 -952.052975 -1043.894036 -1124.836955 -1195.273446 -1253.392445 -1299.033771 -1333.378118 -1358.332906 -1375.960558 -1388.128549 -1396.368164 -1401.859743 -1405.473196 -1407.827513 -1409.350700 -1410.332079 -1410.965858 -1411.389101 -1411.734640 -1412.336651 -1414.816820 -1426.829405 -1487.861934 -2037.032425 -4252.372573 -4282.147947 -4282.105259 -4282.063725 -4282.057036 -4282.056347 -4282.056417 -4282.056595 -4282.056784 -4282.056965 -4282.057133 -4282.057287 -4282.057461 -4282.057977 -4282.061644 -4282.085599 -4282.119580 -4233.434224 -1904.931848 -1454.488562 -1420.368018 -1413.619206 -1412.445745 -1412.265974 -1412.239116 -1412.235658 -1412.236000 -1412.236858 -1412.237635 -1412.238246 -1412.238714 -1412.239072 -1412.239352 -1412.239573 -1412.239753 -1412.239903 -1412.240037 -1412.240169 -1412.240314 -1412.240497 -1412.240750 -1412.241123 -1412.241695 -1412.242595 -1412.244035 -1412.246376 -1412.250250 -1412.256806 -1412.268195 -1412.288572 -1412.326136 -1412.397352 -1412.535924 -1412.813404 -1413.391800 -1414.669031 -1417.698378 -1425.538434 -1449.120317 -9999.0 -9999.0
-9999.0 -9999.0 679.635737 584.755190 488.774844 392.051879 294.980646 197.757756 100.483943 3.213353 -94.014214 -191.179090 -288.206955 -384.945373 -481.134504 -576.417498 -670.243451 -764.868266 -858.923387 -952.052975 -1043.894036 -1124.836955 -1195.273447 -1253.392445 -1299.033771 -1333.378118 -1358.332906 -1375.960558 -1388.128549 -1396.368164 -1401.859743 -1405.473196 -1407.827513 -1409.350700 -1410.332079 -1410.965858 -1411.389101 -1411.734640 -1412.336651 -1414.816820 -1426.829405 -1487.861934 -2037.032425 -4252.372573 -4282.147947 -4282.105259 -4282.063725 -4282.057036 -4282.056347 -4282.056417 -4282.056595 -4282.056784 -4282.056965 -4282.057133 -4282.057287 -4282.057461 -4282.057977 -4282.061644 -4282.085599 -4282.119580 -4233.434224 -1904.931848 -1454.488562 -1420.368018 -1413.619206 -1412.445745 -1412.265974 -1412.239116 -1412.235658 -1412.236000 -1412.236858 -1412.237635 -1412.238246 -1412.238714 -1412.239072 -1412.239352 -1412.239573 -1412.239753 -1412.239903 -1412.240037 -1412.240169 -1412.240314 -1412.240497 -1412.240750 -1412.241123 -1412.241695 -1412.242595 -1412.244035 -1412.246376 -1412.250250 -1412.256806 -1412.268195 -1412.288572 -1412.326136 -1412.397352 -1412.535924 -1412.813404 -1413.391800 -1414.669031 -1417.698378 -1425.538434 -1449.120317 -9999.0 -9999.0
-9999.0 -9999.0 679.635737 584.755190 488.774844 392.051879 294.980645 197.757756 100.483943 3.213353 -94.014214 -191.179090 -288.206956 -384.945373 -481.134504 -576.417498 -670.243451 -764.868266 -858.923387 -952.052975 -1043.894036 -1124.836955 -1195.273447 -1253.392445 -1299.033771 -1333.378118 -1358.332906 -1375.960558 -1388.128549 -1396.368164 -1401.859743 -1405.473196 -1407.827513 -1409.350700 -1410.332079 -1410.965858 -1411.389101 -1411.734640 -1412.336651 -1414.816820 -1426.829405 -1487.861934 -2037.032425 -4252.372573 -4282.147947 -4282.105259 -4282.063725 -4282.057036 -4282.056347 -4282.056417 -4282.056595 -4282.056784 -4282.056965 -4282.057133 -4282.057287 -4282.057461 -4282.057977 -4282.061644 -4282.085599 -4282.119580 -4233.434224 -1904.931848 -1454.488562 -1420.368018 -1413.619206 -1412.445745 -1412.265974 -1412.239116 -1412.235658 -1412.236000 -1412.236858 -1412.237635 -1412.238246 -1412.238714 -1412.239072 -1412.239352 -1412.239573 -1412.239753 -1412.239903 -1412.240037 -1412.240169 -1412.240314 -1412.240497 -1412.240750 -1412.241123 -1412.241695 -1412.242595 -1412.244035 -1412.246376 -1412.250250 -1412.256806 -1412.268195 -1412.288572 -1412.326136 -1412.397352 -1412.535924 -1412.813404 -1413.391800 -1414.669031 -1417.698378 -1425.538434 -1449.120317 -9999.0 -9999.0
-9999.0 -9999.0 679.634243 584.754407 488.774524 392.051759 294.980602 197.757740 100.483938 3.213351 -94.014215 -191.179090 -288.206956 -384.945373 -481.134504 -576.417498 -670.243451 -764.868266 -858.923387 -952.052975 -1043.894036 -1124.836955 -1195.273446 -1253.392445 -1299.033771 -1333.378118 -1358.332906 -1375.960558 -1388.128549 -1396.368164 -1401.859743 -1405.473196 -1407.827513 -1409.350700 -1410.332079 -1410.965858 -1411.389101 -1411.734640 -1412.336651 -1414.816820 -1426.829405 -1487.861934 -2037.032425 -4252.372573 -4282.147947 -4282.105259 -4282.063725 -4282.057036 -4282.056347 -4282.056417 -4282.056595 -4282.056784 -4282.056965 -4282.057133 -4282.057287 -4282.057461 -4282.057977 -4282.061644 -4282.085599 -4282.119580 -4233.434224 -1904.931848 -1454.488562 -1420.368018 -1413.619206 -1412.445745 -1412.265974 -1412.239116 -1412.235658 -1412.236000 -1412.236858 -1412.237635 -1412.238246 -1412.238714 -1412.239072 -1412.239352 -1412.239573 -1412.239753 -1412.239903 -1412.240037 -1412.240169 -1412.240314 -1412.240497 -1412.240750 -1412.241123 -1412.241695 -1412.242595 -1412.244035 -1412.246376 -1412.250250 -1412.256806 -1412.268195 -1412.288572 -1412.326136 -1412.397352 -1412.535924 -1412.813404 -1413.391800 -1414.669031 -1417.698378 -1425.538434 -1449.120317 -9999.0 -9999.0
-9999.0 -9999.0 679.629258 584.752792 488.774041 392.051609 294.980553 197.757724 100.483932 3.213349 -94.014216 -191.179090 -288.206956 -384.945373 -481.134504 -576.417498 -670.243451 -764.868266 -858.923386 -952.052975 -1043.894036 -1124.836955 -1195.273446 -1253.392445 -1299.033770 -1333.378117 -1358.332906 -1375.960558 -1388.128549 -1396.368164 -1401.859743 -1405.473196 -1407.827513 -1409.350700 -1410.332079 -1410.965858 -1411.389101 -1411.734640 -1412.336651 -1414.816820 -1426.829405 -1487.861934 -2037.032426 -4252.372573 -4282.147947 -4282.105259 -4282.063725 -4282.057036 -4282.056347 -4282.056417 -4282.056595 -4282.056784 -4282.056965 -4282.057133 -4282.057287 -4282.057461 -4282.057977 -4282.061644 -4282.085599 -4282.119580 -4233.434224 -1904.931848 -1454.488562 -1420.368018 -1413.619206 -1412.445745 -1412.265974 -1412.239116 -1412.235658 -1412.236000 -1412.236858 -1412.237635 -1412.238246 -1412.238714 -1412.239072 -1412.239352 -1412.239573 -1412.239753 -1412.239903 -1412.240037 -1412.240169 -1412.240314 -1412.240497 -1412.240750 -1412.241123 -1412.241695 -1412.242595 -1412.244035 -1412.246376 -1412.250250 -1412.256806 -1412.268195 -1412.288572 -1412.326136 -1412.397352 -1412.535924 -1412.813404 -1413.391800 -1414.669031 -1417.698378 -1425.538434 -1449.120317 -9999.0 -9999.0
-9999.0 -9999.0 -9999.0 -9999.0 -9999.0 -9999.0 -9999.0 -9999.0 -9999.0 -9999.0 -9999.0 -9999.0 -9999.0 -9999.0 -9999.0 -9999.0 -9999.0 -9999.0 -9999.0 -9999.0 -9999.0 -9999.0 -9999.0 -9999.0 -9999.0 -9999.0 -9999.0 -9999.0 -9999.0 -9999.0 -9999.0 -9999.0 -9999.0 -9999.0 -9999.0 -9999.0 -9999.0 -9999.0 -9999.0 -9999.0 -9999.0 -9999.0 -9999.0 -9999.0 -9999.0 -9999.0 -9999.0 -9999.0 -9999.0 -9999.0 -9999.0 -9999.0 -9999.0 -9999.0 -9999.0 -9999.0 -9999.0 -9999.0 -9999.0 -9999.0 -9999.0 -9999.0 -9999.0 -9999.0 -9999.0 -9999.0 -9999.0 -9999.0 -9999.0 -9999.0 -9999.0 -9999.0 -9999.0 -9999.0 -9999.0 -9999.0 -9999.0 -9999.0 -9999.0 -9999.0 -9999.0 -9999.0 -9999.0 -9999.0 -9999.0 -9999.0 -9999.0 -9999.0 -9999.0 -9999.0 -9999.0 -9999.0 -9999.0 -9999.0 -9999.0 -9999.0 -9999.0 -9999.0 -9999.0 -9999.0 -9999.0 -9999.0 -9999.0 -9999.0
-9999.0 -9999.0 -9999.0 -9999.0 -9999.0 -9999.0 -9999.0 -9999.0 -9999.0 -9999.0 -9999.0 -9999.0 -9999.0 -9999.0 -9999.0 -9999.0 -9999.0 -9999.0 -9999.0 -9999.0 -9999.0 -9999.0 -9999.0 -9999.0 -9999.0 -9999.0 -9999.0 -9999.0 -9999.0 -9999.0 -9999.0 -9999.0 -9999.0 -9999.0 -9999.0 -9999.0 -9999.0 -9999.0 -9999.0 -9999.0 -9999.0 -9999.0 -9999.0 -9999.0 -9999.0 -9999.0 -9999.0 -9999.0 -9999.0 -9999.0 -9999.0 -9999.0 -9999.0 -9999.0 -9999.0 -9999.0 -9999.0 -9999.0 -9999.0 -9999.0 -9999.0 -9999.0 -9999.0 -9999.0 -9999.0 -9999.0 -9999.0 -9999.0 -9999.0 -9999.0 -9999.0 -9999.0 -9999.0 -9999.0 -9999.0 -9999.0 -9999.0 -9999.0 -9999.0 -9999.0 -9999.0 -9999.0 -9999.0 -9999.0 -9999.0 -9999.0 -9999.0 -9999.0 -9999.0 -9999.0 -9999.0 -9999.0 -9999.0 -9999.0 -9999.0 -9999.0 -9999.0 -9999.0 -9999.0 -9999.0 -9999.0 -9999.0 -9999.0 -9999.0