inst/processing_geotop_simulation/geotop_simulation/out/maps3D/PwL0015N0434.asc
ncols         104
nrows         10
xllcorner     -2.000000
yllcorner     0.000000
cellsize      1.000000
NODATA_value  -9999.0
-9999.0 -9999.0 -9999.0 -9999.0 -9999.0 -9999.0 -9999.0 -9999.0 -9999.0 -9999.0 -9999.0 -9999.0 -9999.0 -9999.0 -9999.0 -9999.0 -9999.0 -9999.0 -9999.0 -9999.0 -9999.0 -9999.0 -9999.0 -9999.0 -9999.0 -9999.0 -9999.0 -9999.0 -9999.0 -9999.0 -9999.0 -9999.0 -9999.0 -9999.0 -9999.0 -9999.0 -9999.0 -9999.0 -9999.0 -9999.0 -9999.0 -9999.0 -9999.0 -9999.0 -9999.0 -9999.0 -9999.0 -9999.0 -9999.0 -9999.0 -9999.0 -9999.0 -9999.0 -9999.0 -9999.0 -9999.0 -9999.0 -9999.0 -9999.0 -9999.0 -9999.0 -9999.0 -9999.0 -9999.0 -9999.0 -9999.0 -9999.0 -9999.0 -9999.0 -9999.0 -9999.0 -9999.0 -9999.0 -9999.0 -9999.0 -9999.0 -9999.0 -9999.0 -9999.0 -9999.0 -9999.0 -9999.0 -9999.0 -9999.0 -9999.0 -9999.0 -9999.0 -9999.0 -9999.0 -9999.0 -9999.0 -9999.0 -9999.0 -9999.0 -9999.0 -9999.0 -9999.0 -9999.0 -9999.0 -9999.0 -9999.0 -9999.0 -9999.0 -9999.0
-9999.0 -9999.0 -9999.0 -9999.0 -9999.0 -9999.0 -9999.0 -9999.0 -9999.0 -9999.0 -9999.0 -9999.0 -9999.0 -9999.0 -9999.0 -9999.0 -9999.0 -9999.0 -9999.0 -9999.0 -9999.0 -9999.0 -9999.0 -9999.0 -9999.0 -9999.0 -9999.0 -9999.0 -9999.0 -9999.0 -9999.0 -9999.0 -9999.0 -9999.0 -9999.0 -9999.0 -9999.0 -9999.0 -9999.0 -9999.0 -9999.0 -9999.0 -9999.0 -9999.0 -9999.0 -9999.0 -9999.0 -9999.0 -9999.0 -9999.0 -9999.0 -9999.0 -9999.0 -9999.0 -9999.0 -9999.0 -9999.0 -9999.0 -9999.0 -9999.0 -9999.0 -9999.0 -9999.0 -9999.0 -9999.0 -9999.0 -9999.0 -9999.0 -9999.0 -9999.0 -9999.0 -9999.0 -9999.0 -9999.0 -9999.0 -9999.0 -9999.0 -9999.0 -9999.0 -9999.0 -9999.0 -9999.0 -9999.0 -9999.0 -9999.0 -9999.0 -9999.0 -9999.0 -9999.0 -9999.0 -9999.0 -9999.0 -9999.0 -9999.0 -9999.0 -9999.0 -9999.0 -9999.0 -9999.0 -9999.0 -9999.0 -9999.0 -9999.0 -9999.0
-9999.0 -9999.0 720.390000 621.466399 522.334893 423.049011 323.689505 224.298446 124.897177 25.497329 -73.892249 -173.269501 -272.628682 -371.954243 -471.219762 -570.384373 -669.374633 -768.260755 -867.142834 -965.859848 -1064.330815 -1161.584746 -1255.701230 -1345.191923 -1427.796025 -1501.449290 -1564.735570 -1617.141408 -1659.053107 -1691.543257 -1716.064264 -1734.163536 -1747.283983 -1756.659482 -1763.284386 -1767.930267 -1771.195699 -1773.614334 -1775.936231 -1779.666204 -1786.109629 -1786.039852 -1826.585925 -4103.328313 -4151.986844 -4060.103777 -3993.548796 -3983.347992 -3982.291277 -3982.398332 -3982.670325 -3982.961644 -3983.241025 -3983.499302 -3983.738023 -3984.009928 -3984.832936 -3990.582217 -4027.351832 -4093.874658 -3950.095311 -1625.332134 -1744.161262 -1778.149993 -1779.397420 -1778.638695 -1778.381722 -1778.326190 -1778.316457 -1778.315291 -1778.315549 -1778.315974 -1778.316356 -1778.316676 -1778.316945 -1778.317176 -1778.317380 -1778.317565 -1778.317739 -1778.317908 -1778.318080 -1778.318265 -1778.318475 -1778.318731 -1778.319060 -1778.319510 -1778.320156 -1778.321125 -1778.322639 -1778.325091 -1778.329213 -1778.336402 -1778.349404 -1778.373761 -1778.420995 -1778.516108 -1778.716650 -1779.164617 -1780.237168 -1783.024823 -1791.025762 -1816.841209 -9999.0 -9999.0
-9999.0 -9999.0 720.393786 621.467664 522.335277 423.049132 323.689545 224.298460 124.897182 25.497331 -73.892248 -173.269500 -272.628682 -371.954243 -471.219762 -570.384373 -669.374633 -768.260755 -867.142834 -965.859849 -1064.330815 -1161.584746 -1255.701231 -1345.191923 -1427.796025 -1501.449290 -1564.735570 -1617.141408 -1659.053107 -1691.543257 -1716.064264 -1734.163536 -1747.283983 -1756.659482 -1763.284386 -1767.930267 -1771.195699 -1773.614334 -1775.936231 -1779.666204 -1786.109629 -1786.039852 -1826.585925 -4103.328312 -4151.986843 -4060.103773 -3993.548796 -3983.347992 -3982.291277 -3982.398332 -3982.670325 -3982.961644 -3983.241025 -3983.499302 -3983.738023 -3984.009928 -3984.832936 -3990.582217 -4027.351832 -4093.874658 -3950.095312 -1625.332134 -1744.161262 -1778.149993 -1779.397420 -1778.638695 -1778.381722 -1778.326190 -1778.316457 -1778.315291 -1778.315549 -1778.315974 -1778.316356 -1778.316676 -1778.316945 -1778.317176 -1778.317380 -1778.317565 -1778.317739 -1778.317908 -1778.318080 -1778.318265 -1778.318475 -1778.318731 -1778.319060 -1778.319510 -1778.320156 -1778.321125 -1778.322639 -1778.325091 -1778.329213 -1778.336402 -1778.349404 -1778.373761 -1778.420995 -1778.516108 -1778.716650 -1779.164617 -1780.237168 -1783.024823 -1791.025762 -1816.841209 -9999.0 -9999.0
-9999.0 -9999.0 720.394979 621.468289 522.335534 423.049228 323.689580 224.298472 124.897187 25.497333 -73.892247 -173.269500 -272.628681 -371.954243 -471.219762 -570.384373 -669.374633 -768.260755 -867.142835 -965.859849 -1064.330815 -1161.584746 -1255.701231 -1345.191924 -1427.796025 -1501.449290 -1564.735570 -1617.141408 -1659.053107 -1691.543257 -1716.064264 -1734.163536 -1747.283983 -1756.659482 -1763.284386 -1767.930267 -1771.195699 -1773.614334 -1775.936231 -1779.666204 -1786.109629 -1786.039852 -1826.585925 -4103.328312 -4151.986843 -4060.103772 -3993.548796 -3983.347992 -3982.291277 -3982.398332 -3982.670325 -3982.961644 -3983.241025 -3983.499302 -3983.738023 -3984.009928 -3984.832936 -3990.582217 -4027.351832 -4093.874658 -3950.095311 -1625.332134 -1744.161262 -1778.149993 -1779.397420 -1778.638695 -1778.381722 -1778.326190 -1778.316457 -1778.315291 -1778.315549 -1778.315974 -1778.316356 -1778.316676 -1778.316945 -1778.317176 -1778.317380 -1778.317565 -1778.317739 -1778.317908 -1778.318080 -1778.318265 -1778.318475 -1778.318731 -1778.319060 -1778.319510 -1778.320156 -1778.321125 -1778.322639 -1778.325091 -1778.329213 -1778.336402 -1778.349404 -1778.373761 -1778.420995 -1778.516108 -1778.716650 -1779.164617 -1780.237168 -1783.024823 -1791.025762 -1816.841209 -9999.0 -9999.0
-9999.0 -9999.0 720.394979 621.468290 522.335534 423.049228 323.689580 224.298472 124.897187 25.497333 -73.892247 -173.269500 -272.628681 -371.954243 -471.219762 -570.384373 -669.374633 -768.260755 -867.142835 -965.859849 -1064.330815 -1161.584746 -1255.701231 -1345.191924 -1427.796025 -1501.449290 -1564.735570 -1617.141408 -1659.053107 -1691.543257 -1716.064264 -1734.163536 -1747.283983 -1756.659482 -1763.284386 -1767.930267 -1771.195699 -1773.614334 -1775.936231 -1779.666204 -1786.109629 -1786.039852 -1826.585925 -4103.328312 -4151.986843 -4060.103772 -3993.548796 -3983.347992 -3982.291277 -3982.398332 -3982.670325 -3982.961644 -3983.241025 -3983.499302 -3983.738023 -3984.009928 -3984.832936 -3990.582217 -4027.351832 -4093.874658 -3950.095311 -1625.332134 -1744.161262 -1778.149993 -1779.397420 -1778.638695 -1778.381722 -1778.326190 -1778.316457 -1778.315291 -1778.315549 -1778.315974 -1778.316356 -1778.316676 -1778.316945 -1778.317176 -1778.317380 -1778.317565 -1778.317739 -1778.317908 -1778.318080 -1778.318265 -1778.318475 -1778.318731 -1778.319060 -1778.319510 -1778.320156 -1778.321125 -1778.322639 -1778.325091 -1778.329213 -1778.336402 -1778.349404 -1778.373761 -1778.420995 -1778.516108 -1778.716650 -1779.164617 -1780.237168 -1783.024823 -1791.025762 -1816.841209 -9999.0 -9999.0
-9999.0 -9999.0 720.393786 621.467664 522.335277 423.049132 323.689545 224.298460 124.897182 25.497331 -73.892248 -173.269500 -272.628682 -371.954243 -471.219762 -570.384373 -669.374633 -768.260755 -867.142834 -965.859849 -1064.330815 -1161.584746 -1255.701231 -1345.191923 -1427.796025 -1501.449290 -1564.735570 -1617.141408 -1659.053107 -1691.543257 -1716.064264 -1734.163536 -1747.283983 -1756.659482 -1763.284386 -1767.930267 -1771.195699 -1773.614334 -1775.936231 -1779.666204 -1786.109629 -1786.039852 -1826.585925 -4103.328312 -4151.986843 -4060.103773 -3993.548796 -3983.347992 -3982.291277 -3982.398332 -3982.670325 -3982.961644 -3983.241025 -3983.499302 -3983.738023 -3984.009928 -3984.832936 -3990.582217 -4027.351832 -4093.874658 -3950.095312 -1625.332134 -1744.161262 -1778.149993 -1779.397420 -1778.638695 -1778.381722 -1778.326190 -1778.316457 -1778.315291 -1778.315549 -1778.315974 -1778.316356 -1778.316676 -1778.316945 -1778.317176 -1778.317380 -1778.317565 -1778.317739 -1778.317908 -1778.318080 -1778.318265 -1778.318475 -1778.318731 -1778.319060 -1778.319510 -1778.320156 -1778.321125 -1778.322639 -1778.325091 -1778.329213 -1778.336402 -1778.349404 -1778.373761 -1778.420995 -1778.516108 -1778.716650 -1779.164617 -1780.237168 -1783.024823 -1791.025762 -1816.841209 -9999.0 -9999.0
-9999.0 -9999.0 720.390000 621.466399 522.334893 423.049011 323.689505 224.298446 124.897177 25.497329 -73.892249 -173.269501 -272.628682 -371.954243 -471.219762 -570.384373 -669.374633 -768.260755 -867.142834 -965.859848 -1064.330815 -1161.584746 -1255.701230 -1345.191923 -1427.796025 -1501.449290 -1564.735570 -1617.141408 -1659.053107 -1691.543257 -1716.064264 -1734.163536 -1747.283983 -1756.659482 -1763.284386 -1767.930267 -1771.195699 -1773.614334 -1775.936231 -1779.666204 -1786.109629 -1786.039852 -1826.585925 -4103.328313 -4151.986844 -4060.103777 -3993.548796 -3983.347992 -3982.291277 -3982.398332 -3982.670325 -3982.961644 -3983.241025 -3983.499302 -3983.738023 -3984.009928 -3984.832936 -3990.582217 -4027.351832 -4093.874658 -3950.095312 -1625.332134 -1744.161262 -1778.149993 -1779.397420 -1778.638695 -1778.381722 -1778.326190 -1778.316457 -1778.315291 -1778.315549 -1778.315974 -1778.316356 -1778.316676 -1778.316945 -1778.317176 -1778.317380 -1778.317565 -1778.317739 -1778.317908 -1778.318080 -1778.318265 -1778.318475 -1778.318731 -1778.319060 -1778.319510 -1778.320156 -1778.321125 -1778.322639 -1778.325091 -1778.329213 -1778.336402 -1778.349404 -1778.373761 -1778.420995 -1778.516108 -1778.716650 -1779.164617 -1780.237168 -1783.024823 -1791.025762 -1816.841209 -9999.0 -9999.0
-9999.0 -9999.0 -9999.0 -9999.0 -9999.0 -9999.0 -9999.0 -9999.0 -9999.0 -9999.0 -9999.0 -9999.0 -9999.0 -9999.0 -9999.0 -9999.0 -9999.0 -9999.0 -9999.0 -9999.0 -9999.0 -9999.0 -9999.0 -9999.0 -9999.0 -9999.0 -9999.0 -9999.0 -9999.0 -9999.0 -9999.0 -9999.0 -9999.0 -9999.0 -9999.0 -9999.0 -9999.0 -9999.0 -9999.0 -9999.0 -9999.0 -9999.0 -9999.0 -9999.0 -9999.0 -9999.0 -9999.0 -9999.0 -9999.0 -9999.0 -9999.0 -9999.0 -9999.0 -9999.0 -9999.0 -9999.0 -9999.0 -9999.0 -9999.0 -9999.0 -9999.0 -9999.0 -9999.0 -9999.0 -9999.0 -9999.0 -9999.0 -9999.0 -9999.0 -9999.0 -9999.0 -9999.0 -9999.0 -9999.0 -9999.0 -9999.0 -9999.0 -9999.0 -9999.0 -9999.0 -9999.0 -9999.0 -9999.0 -9999.0 -9999.0 -9999.0 -9999.0 -9999.0 -9999.0 -9999.0 -9999.0 -9999.0 -9999.0 -9999.0 -9999.0 -9999.0 -9999.0 -9999.0 -9999.0 -9999.0 -9999.0 -9999.0 -9999.0 -9999.0
-9999.0 -9999.0 -9999.0 -9999.0 -9999.0 -9999.0 -9999.0 -9999.0 -9999.0 -9999.0 -9999.0 -9999.0 -9999.0 -9999.0 -9999.0 -9999.0 -9999.0 -9999.0 -9999.0 -9999.0 -9999.0 -9999.0 -9999.0 -9999.0 -9999.0 -9999.0 -9999.0 -9999.0 -9999.0 -9999.0 -9999.0 -9999.0 -9999.0 -9999.0 -9999.0 -9999.0 -9999.0 -9999.0 -9999.0 -9999.0 -9999.0 -9999.0 -9999.0 -9999.0 -9999.0 -9999.0 -9999.0 -9999.0 -9999.0 -9999.0 -9999.0 -9999.0 -9999.0 -9999.0 -9999.0 -9999.0 -9999.0 -9999.0 -9999.0 -9999.0 -9999.0 -9999.0 -9999.0 -9999.0 -9999.0 -9999.0 -9999.0 -9999.0 -9999.0 -9999.0 -9999.0 -9999.0 -9999.0 -9999.0 -9999.0 -9999.0 -9999.0 -9999.0 -9999.0 -9999.0 -9999.0 -9999.0 -9999.0 -9999.0 -9999.0 -9999.0 -9999.0 -9999.0 -9999.0 -9999.0 -9999.0 -9999.0 -9999.0 -9999.0 -9999.0 -9999.0 -9999.0 -9999.0 -9999.0 -9999.0 -9999.0 -9999.0 -9999.0 -9999.0