inst/processing_geotop_simulation/geotop_simulation/out/maps3D/PwL0012N0282.asc
ncols         104
nrows         10
xllcorner     -2.000000
yllcorner     0.000000
cellsize      1.000000
NODATA_value  -9999.0
-9999.0 -9999.0 -9999.0 -9999.0 -9999.0 -9999.0 -9999.0 -9999.0 -9999.0 -9999.0 -9999.0 -9999.0 -9999.0 -9999.0 -9999.0 -9999.0 -9999.0 -9999.0 -9999.0 -9999.0 -9999.0 -9999.0 -9999.0 -9999.0 -9999.0 -9999.0 -9999.0 -9999.0 -9999.0 -9999.0 -9999.0 -9999.0 -9999.0 -9999.0 -9999.0 -9999.0 -9999.0 -9999.0 -9999.0 -9999.0 -9999.0 -9999.0 -9999.0 -9999.0 -9999.0 -9999.0 -9999.0 -9999.0 -9999.0 -9999.0 -9999.0 -9999.0 -9999.0 -9999.0 -9999.0 -9999.0 -9999.0 -9999.0 -9999.0 -9999.0 -9999.0 -9999.0 -9999.0 -9999.0 -9999.0 -9999.0 -9999.0 -9999.0 -9999.0 -9999.0 -9999.0 -9999.0 -9999.0 -9999.0 -9999.0 -9999.0 -9999.0 -9999.0 -9999.0 -9999.0 -9999.0 -9999.0 -9999.0 -9999.0 -9999.0 -9999.0 -9999.0 -9999.0 -9999.0 -9999.0 -9999.0 -9999.0 -9999.0 -9999.0 -9999.0 -9999.0 -9999.0 -9999.0 -9999.0 -9999.0 -9999.0 -9999.0 -9999.0 -9999.0
-9999.0 -9999.0 -9999.0 -9999.0 -9999.0 -9999.0 -9999.0 -9999.0 -9999.0 -9999.0 -9999.0 -9999.0 -9999.0 -9999.0 -9999.0 -9999.0 -9999.0 -9999.0 -9999.0 -9999.0 -9999.0 -9999.0 -9999.0 -9999.0 -9999.0 -9999.0 -9999.0 -9999.0 -9999.0 -9999.0 -9999.0 -9999.0 -9999.0 -9999.0 -9999.0 -9999.0 -9999.0 -9999.0 -9999.0 -9999.0 -9999.0 -9999.0 -9999.0 -9999.0 -9999.0 -9999.0 -9999.0 -9999.0 -9999.0 -9999.0 -9999.0 -9999.0 -9999.0 -9999.0 -9999.0 -9999.0 -9999.0 -9999.0 -9999.0 -9999.0 -9999.0 -9999.0 -9999.0 -9999.0 -9999.0 -9999.0 -9999.0 -9999.0 -9999.0 -9999.0 -9999.0 -9999.0 -9999.0 -9999.0 -9999.0 -9999.0 -9999.0 -9999.0 -9999.0 -9999.0 -9999.0 -9999.0 -9999.0 -9999.0 -9999.0 -9999.0 -9999.0 -9999.0 -9999.0 -9999.0 -9999.0 -9999.0 -9999.0 -9999.0 -9999.0 -9999.0 -9999.0 -9999.0 -9999.0 -9999.0 -9999.0 -9999.0 -9999.0 -9999.0
-9999.0 -9999.0 574.269720 476.927411 378.875754 280.429804 181.808922 83.114115 -15.602620 -114.312999 -213.003576 -311.644025 -410.176852 -508.476642 -606.349753 -703.569321 -801.069432 -898.245938 -995.065793 -1091.484571 -1183.252896 -1269.659458 -1347.811552 -1415.314097 -1470.995032 -1515.031485 -1548.618612 -1573.475389 -1591.422850 -1604.123780 -1612.966956 -1619.044637 -1623.179347 -1625.970556 -1627.844745 -1629.102024 -1629.961722 -1630.637033 -1631.589790 -1634.459780 -1644.006379 -1665.033409 -1608.391011 -2549.254763 -2312.546674 -2177.755271 -2119.723833 -2112.320297 -2111.574118 -2111.652036 -2111.846770 -2112.055403 -2112.255705 -2112.441078 -2112.612551 -2112.807056 -2113.389787 -2117.526422 -2146.913729 -2216.056894 -2308.556788 -1465.243832 -1630.062302 -1636.572007 -1633.093445 -1631.973683 -1631.752018 -1631.715132 -1631.709789 -1631.709573 -1631.710115 -1631.710666 -1631.711114 -1631.711460 -1631.711728 -1631.711939 -1631.712108 -1631.712247 -1631.712365 -1631.712472 -1631.712577 -1631.712695 -1631.712841 -1631.713041 -1631.713333 -1631.713777 -1631.714473 -1631.715583 -1631.717390 -1631.720390 -1631.725492 -1631.734414 -1631.750493 -1631.780359 -1631.837448 -1631.949775 -1632.178546 -1632.666994 -1633.777406 -1636.506336 -1643.952476 -1667.752463 -9999.0 -9999.0
-9999.0 -9999.0 574.275039 476.929012 378.876215 280.429946 181.808968 83.114131 -15.602614 -114.312997 -213.003575 -311.644025 -410.176852 -508.476642 -606.349753 -703.569321 -801.069432 -898.245939 -995.065793 -1091.484571 -1183.252896 -1269.659458 -1347.811552 -1415.314097 -1470.995032 -1515.031485 -1548.618613 -1573.475389 -1591.422850 -1604.123780 -1612.966956 -1619.044637 -1623.179347 -1625.970556 -1627.844745 -1629.102024 -1629.961722 -1630.637033 -1631.589790 -1634.459780 -1644.006379 -1665.033409 -1608.391011 -2549.254761 -2312.546672 -2177.755267 -2119.723833 -2112.320297 -2111.574117 -2111.652036 -2111.846770 -2112.055403 -2112.255705 -2112.441078 -2112.612551 -2112.807056 -2113.389787 -2117.526422 -2146.913729 -2216.056893 -2308.556788 -1465.243832 -1630.062302 -1636.572007 -1633.093445 -1631.973683 -1631.752018 -1631.715132 -1631.709789 -1631.709573 -1631.710115 -1631.710666 -1631.711114 -1631.711460 -1631.711728 -1631.711939 -1631.712108 -1631.712247 -1631.712365 -1631.712472 -1631.712577 -1631.712695 -1631.712841 -1631.713041 -1631.713333 -1631.713777 -1631.714473 -1631.715583 -1631.717390 -1631.720390 -1631.725492 -1631.734414 -1631.750493 -1631.780359 -1631.837448 -1631.949775 -1632.178546 -1632.666994 -1633.777406 -1636.506336 -1643.952476 -1667.752463 -9999.0 -9999.0
-9999.0 -9999.0 574.276468 476.929758 378.876517 280.430058 181.809008 83.114145 -15.602609 -114.312995 -213.003574 -311.644024 -410.176852 -508.476642 -606.349753 -703.569321 -801.069432 -898.245939 -995.065793 -1091.484571 -1183.252896 -1269.659458 -1347.811552 -1415.314097 -1470.995033 -1515.031485 -1548.618613 -1573.475389 -1591.422850 -1604.123780 -1612.966956 -1619.044638 -1623.179347 -1625.970557 -1627.844745 -1629.102024 -1629.961722 -1630.637033 -1631.589790 -1634.459780 -1644.006379 -1665.033409 -1608.391011 -2549.254761 -2312.546671 -2177.755266 -2119.723833 -2112.320297 -2111.574117 -2111.652036 -2111.846770 -2112.055403 -2112.255705 -2112.441078 -2112.612551 -2112.807056 -2113.389787 -2117.526422 -2146.913729 -2216.056893 -2308.556788 -1465.243832 -1630.062302 -1636.572007 -1633.093445 -1631.973683 -1631.752018 -1631.715132 -1631.709789 -1631.709573 -1631.710115 -1631.710666 -1631.711114 -1631.711460 -1631.711728 -1631.711939 -1631.712108 -1631.712247 -1631.712365 -1631.712472 -1631.712577 -1631.712695 -1631.712841 -1631.713041 -1631.713333 -1631.713777 -1631.714473 -1631.715583 -1631.717390 -1631.720390 -1631.725492 -1631.734414 -1631.750493 -1631.780359 -1631.837448 -1631.949775 -1632.178546 -1632.666994 -1633.777406 -1636.506336 -1643.952476 -1667.752463 -9999.0 -9999.0
-9999.0 -9999.0 574.276468 476.929758 378.876517 280.430058 181.809008 83.114145 -15.602609 -114.312995 -213.003574 -311.644024 -410.176852 -508.476642 -606.349753 -703.569321 -801.069432 -898.245939 -995.065793 -1091.484571 -1183.252896 -1269.659458 -1347.811552 -1415.314097 -1470.995033 -1515.031485 -1548.618613 -1573.475389 -1591.422850 -1604.123780 -1612.966956 -1619.044638 -1623.179347 -1625.970557 -1627.844745 -1629.102024 -1629.961722 -1630.637033 -1631.589790 -1634.459780 -1644.006379 -1665.033409 -1608.391011 -2549.254761 -2312.546671 -2177.755266 -2119.723833 -2112.320297 -2111.574117 -2111.652036 -2111.846770 -2112.055403 -2112.255705 -2112.441078 -2112.612551 -2112.807056 -2113.389787 -2117.526422 -2146.913729 -2216.056893 -2308.556788 -1465.243832 -1630.062302 -1636.572007 -1633.093445 -1631.973683 -1631.752018 -1631.715132 -1631.709789 -1631.709573 -1631.710115 -1631.710666 -1631.711114 -1631.711460 -1631.711728 -1631.711939 -1631.712108 -1631.712247 -1631.712365 -1631.712472 -1631.712577 -1631.712695 -1631.712841 -1631.713041 -1631.713333 -1631.713777 -1631.714473 -1631.715583 -1631.717390 -1631.720390 -1631.725492 -1631.734414 -1631.750493 -1631.780359 -1631.837448 -1631.949775 -1632.178546 -1632.666994 -1633.777406 -1636.506336 -1643.952476 -1667.752463 -9999.0 -9999.0
-9999.0 -9999.0 574.275039 476.929012 378.876215 280.429946 181.808968 83.114131 -15.602614 -114.312997 -213.003575 -311.644025 -410.176852 -508.476642 -606.349753 -703.569321 -801.069432 -898.245939 -995.065793 -1091.484571 -1183.252896 -1269.659458 -1347.811552 -1415.314097 -1470.995032 -1515.031485 -1548.618613 -1573.475389 -1591.422850 -1604.123780 -1612.966956 -1619.044637 -1623.179347 -1625.970556 -1627.844745 -1629.102024 -1629.961722 -1630.637033 -1631.589790 -1634.459780 -1644.006379 -1665.033409 -1608.391011 -2549.254761 -2312.546672 -2177.755267 -2119.723833 -2112.320297 -2111.574117 -2111.652036 -2111.846770 -2112.055403 -2112.255705 -2112.441078 -2112.612551 -2112.807056 -2113.389787 -2117.526422 -2146.913729 -2216.056893 -2308.556788 -1465.243832 -1630.062302 -1636.572007 -1633.093445 -1631.973683 -1631.752018 -1631.715132 -1631.709789 -1631.709573 -1631.710115 -1631.710666 -1631.711114 -1631.711460 -1631.711728 -1631.711939 -1631.712108 -1631.712247 -1631.712365 -1631.712472 -1631.712577 -1631.712695 -1631.712841 -1631.713041 -1631.713333 -1631.713777 -1631.714473 -1631.715583 -1631.717390 -1631.720390 -1631.725492 -1631.734414 -1631.750493 -1631.780359 -1631.837448 -1631.949775 -1632.178546 -1632.666994 -1633.777406 -1636.506336 -1643.952476 -1667.752463 -9999.0 -9999.0
-9999.0 -9999.0 574.269720 476.927411 378.875754 280.429804 181.808922 83.114115 -15.602620 -114.312999 -213.003576 -311.644025 -410.176852 -508.476642 -606.349753 -703.569321 -801.069432 -898.245938 -995.065793 -1091.484571 -1183.252896 -1269.659458 -1347.811552 -1415.314097 -1470.995032 -1515.031485 -1548.618612 -1573.475389 -1591.422850 -1604.123780 -1612.966956 -1619.044637 -1623.179347 -1625.970556 -1627.844745 -1629.102024 -1629.961722 -1630.637033 -1631.589790 -1634.459780 -1644.006379 -1665.033409 -1608.391011 -2549.254763 -2312.546674 -2177.755271 -2119.723833 -2112.320297 -2111.574118 -2111.652036 -2111.846770 -2112.055403 -2112.255705 -2112.441078 -2112.612551 -2112.807056 -2113.389787 -2117.526422 -2146.913729 -2216.056894 -2308.556788 -1465.243832 -1630.062302 -1636.572007 -1633.093445 -1631.973683 -1631.752018 -1631.715132 -1631.709789 -1631.709573 -1631.710115 -1631.710666 -1631.711114 -1631.711460 -1631.711728 -1631.711939 -1631.712108 -1631.712247 -1631.712365 -1631.712472 -1631.712577 -1631.712695 -1631.712841 -1631.713041 -1631.713333 -1631.713777 -1631.714473 -1631.715583 -1631.717390 -1631.720390 -1631.725492 -1631.734414 -1631.750493 -1631.780359 -1631.837448 -1631.949775 -1632.178546 -1632.666994 -1633.777406 -1636.506336 -1643.952476 -1667.752463 -9999.0 -9999.0
-9999.0 -9999.0 -9999.0 -9999.0 -9999.0 -9999.0 -9999.0 -9999.0 -9999.0 -9999.0 -9999.0 -9999.0 -9999.0 -9999.0 -9999.0 -9999.0 -9999.0 -9999.0 -9999.0 -9999.0 -9999.0 -9999.0 -9999.0 -9999.0 -9999.0 -9999.0 -9999.0 -9999.0 -9999.0 -9999.0 -9999.0 -9999.0 -9999.0 -9999.0 -9999.0 -9999.0 -9999.0 -9999.0 -9999.0 -9999.0 -9999.0 -9999.0 -9999.0 -9999.0 -9999.0 -9999.0 -9999.0 -9999.0 -9999.0 -9999.0 -9999.0 -9999.0 -9999.0 -9999.0 -9999.0 -9999.0 -9999.0 -9999.0 -9999.0 -9999.0 -9999.0 -9999.0 -9999.0 -9999.0 -9999.0 -9999.0 -9999.0 -9999.0 -9999.0 -9999.0 -9999.0 -9999.0 -9999.0 -9999.0 -9999.0 -9999.0 -9999.0 -9999.0 -9999.0 -9999.0 -9999.0 -9999.0 -9999.0 -9999.0 -9999.0 -9999.0 -9999.0 -9999.0 -9999.0 -9999.0 -9999.0 -9999.0 -9999.0 -9999.0 -9999.0 -9999.0 -9999.0 -9999.0 -9999.0 -9999.0 -9999.0 -9999.0 -9999.0 -9999.0
-9999.0 -9999.0 -9999.0 -9999.0 -9999.0 -9999.0 -9999.0 -9999.0 -9999.0 -9999.0 -9999.0 -9999.0 -9999.0 -9999.0 -9999.0 -9999.0 -9999.0 -9999.0 -9999.0 -9999.0 -9999.0 -9999.0 -9999.0 -9999.0 -9999.0 -9999.0 -9999.0 -9999.0 -9999.0 -9999.0 -9999.0 -9999.0 -9999.0 -9999.0 -9999.0 -9999.0 -9999.0 -9999.0 -9999.0 -9999.0 -9999.0 -9999.0 -9999.0 -9999.0 -9999.0 -9999.0 -9999.0 -9999.0 -9999.0 -9999.0 -9999.0 -9999.0 -9999.0 -9999.0 -9999.0 -9999.0 -9999.0 -9999.0 -9999.0 -9999.0 -9999.0 -9999.0 -9999.0 -9999.0 -9999.0 -9999.0 -9999.0 -9999.0 -9999.0 -9999.0 -9999.0 -9999.0 -9999.0 -9999.0 -9999.0 -9999.0 -9999.0 -9999.0 -9999.0 -9999.0 -9999.0 -9999.0 -9999.0 -9999.0 -9999.0 -9999.0 -9999.0 -9999.0 -9999.0 -9999.0 -9999.0 -9999.0 -9999.0 -9999.0 -9999.0 -9999.0 -9999.0 -9999.0 -9999.0 -9999.0 -9999.0 -9999.0 -9999.0 -9999.0