inst/processing_geotop_simulation/geotop_simulation/out/maps3D/PwL0010N0048.asc
ncols         104
nrows         10
xllcorner     -2.000000
yllcorner     0.000000
cellsize      1.000000
NODATA_value  -9999.0
-9999.0 -9999.0 -9999.0 -9999.0 -9999.0 -9999.0 -9999.0 -9999.0 -9999.0 -9999.0 -9999.0 -9999.0 -9999.0 -9999.0 -9999.0 -9999.0 -9999.0 -9999.0 -9999.0 -9999.0 -9999.0 -9999.0 -9999.0 -9999.0 -9999.0 -9999.0 -9999.0 -9999.0 -9999.0 -9999.0 -9999.0 -9999.0 -9999.0 -9999.0 -9999.0 -9999.0 -9999.0 -9999.0 -9999.0 -9999.0 -9999.0 -9999.0 -9999.0 -9999.0 -9999.0 -9999.0 -9999.0 -9999.0 -9999.0 -9999.0 -9999.0 -9999.0 -9999.0 -9999.0 -9999.0 -9999.0 -9999.0 -9999.0 -9999.0 -9999.0 -9999.0 -9999.0 -9999.0 -9999.0 -9999.0 -9999.0 -9999.0 -9999.0 -9999.0 -9999.0 -9999.0 -9999.0 -9999.0 -9999.0 -9999.0 -9999.0 -9999.0 -9999.0 -9999.0 -9999.0 -9999.0 -9999.0 -9999.0 -9999.0 -9999.0 -9999.0 -9999.0 -9999.0 -9999.0 -9999.0 -9999.0 -9999.0 -9999.0 -9999.0 -9999.0 -9999.0 -9999.0 -9999.0 -9999.0 -9999.0 -9999.0 -9999.0 -9999.0 -9999.0
-9999.0 -9999.0 -9999.0 -9999.0 -9999.0 -9999.0 -9999.0 -9999.0 -9999.0 -9999.0 -9999.0 -9999.0 -9999.0 -9999.0 -9999.0 -9999.0 -9999.0 -9999.0 -9999.0 -9999.0 -9999.0 -9999.0 -9999.0 -9999.0 -9999.0 -9999.0 -9999.0 -9999.0 -9999.0 -9999.0 -9999.0 -9999.0 -9999.0 -9999.0 -9999.0 -9999.0 -9999.0 -9999.0 -9999.0 -9999.0 -9999.0 -9999.0 -9999.0 -9999.0 -9999.0 -9999.0 -9999.0 -9999.0 -9999.0 -9999.0 -9999.0 -9999.0 -9999.0 -9999.0 -9999.0 -9999.0 -9999.0 -9999.0 -9999.0 -9999.0 -9999.0 -9999.0 -9999.0 -9999.0 -9999.0 -9999.0 -9999.0 -9999.0 -9999.0 -9999.0 -9999.0 -9999.0 -9999.0 -9999.0 -9999.0 -9999.0 -9999.0 -9999.0 -9999.0 -9999.0 -9999.0 -9999.0 -9999.0 -9999.0 -9999.0 -9999.0 -9999.0 -9999.0 -9999.0 -9999.0 -9999.0 -9999.0 -9999.0 -9999.0 -9999.0 -9999.0 -9999.0 -9999.0 -9999.0 -9999.0 -9999.0 -9999.0 -9999.0 -9999.0
-9999.0 -9999.0 -801.689051 -827.573916 -838.490644 -844.871010 -848.928580 -851.410629 -852.717007 -850.936399 -833.572862 -808.835229 -784.212647 -757.310821 -731.393295 -755.504576 -775.976799 -795.094482 -816.486362 -785.492696 -768.167726 -762.280258 -764.489063 -772.025930 -782.767002 -795.037765 -807.439784 -818.860618 -828.575469 -836.290246 -842.064416 -846.174216 -848.979721 -850.828163 -852.005855 -852.727850 -853.164170 -853.529409 -853.988816 -853.907570 -855.780877 -901.611584 -2332.218164 -4478.376596 -4479.896218 -4479.424009 -4478.968482 -4478.899632 -4478.892399 -4478.892353 -4478.893170 -4478.894079 -4478.894953 -4478.895761 -4478.896523 -4478.897545 -4478.901853 -4478.936431 -4479.191216 -4479.581548 -4477.233821 -2236.457891 -886.696466 -857.331600 -854.824224 -854.225932 -854.089037 -854.066440 -854.068036 -854.073655 -854.078948 -854.083138 -854.086300 -854.088679 -854.090491 -854.091896 -854.093007 -854.093900 -854.094635 -854.095273 -854.095879 -854.096531 -854.097330 -854.098417 -854.100007 -854.102430 -854.106214 -854.112218 -854.121866 -854.137584 -854.163628 -854.207735 -854.284479 -854.422161 -854.676851 -855.160386 -856.094765 -857.917207 -861.498456 -868.695034 -883.975623 -918.158053 -9999.0 -9999.0
-9999.0 -9999.0 -801.688986 -827.573838 -838.490587 -844.870983 -848.928573 -851.410629 -852.717009 -850.936400 -833.572862 -808.835229 -784.212647 -757.310821 -731.393295 -755.504576 -775.976799 -795.094482 -816.486362 -785.492696 -768.167726 -762.280258 -764.489063 -772.025930 -782.767002 -795.037765 -807.439784 -818.860618 -828.575469 -836.290246 -842.064416 -846.174216 -848.979721 -850.828163 -852.005855 -852.727850 -853.164170 -853.529409 -853.988816 -853.907570 -855.780877 -901.611584 -2332.218163 -4478.376596 -4479.896218 -4479.424009 -4478.968482 -4478.899632 -4478.892399 -4478.892353 -4478.893170 -4478.894079 -4478.894953 -4478.895761 -4478.896523 -4478.897545 -4478.901853 -4478.936431 -4479.191216 -4479.581548 -4477.233821 -2236.457891 -886.696466 -857.331600 -854.824224 -854.225932 -854.089037 -854.066440 -854.068036 -854.073655 -854.078948 -854.083138 -854.086300 -854.088679 -854.090491 -854.091896 -854.093007 -854.093900 -854.094635 -854.095273 -854.095879 -854.096531 -854.097330 -854.098417 -854.100007 -854.102430 -854.106214 -854.112218 -854.121866 -854.137584 -854.163628 -854.207735 -854.284479 -854.422161 -854.676851 -855.160386 -856.094765 -857.917207 -861.498456 -868.695034 -883.975623 -918.158053 -9999.0 -9999.0
-9999.0 -9999.0 -801.688954 -827.573794 -838.490549 -844.870964 -848.928567 -851.410629 -852.717010 -850.936401 -833.572862 -808.835229 -784.212647 -757.310821 -731.393295 -755.504576 -775.976799 -795.094482 -816.486362 -785.492696 -768.167726 -762.280258 -764.489063 -772.025930 -782.767002 -795.037765 -807.439784 -818.860618 -828.575469 -836.290246 -842.064416 -846.174216 -848.979721 -850.828163 -852.005855 -852.727850 -853.164170 -853.529409 -853.988816 -853.907570 -855.780877 -901.611584 -2332.218163 -4478.376596 -4479.896218 -4479.424009 -4478.968482 -4478.899632 -4478.892399 -4478.892353 -4478.893170 -4478.894079 -4478.894953 -4478.895761 -4478.896523 -4478.897545 -4478.901853 -4478.936431 -4479.191216 -4479.581548 -4477.233821 -2236.457891 -886.696466 -857.331600 -854.824224 -854.225932 -854.089037 -854.066440 -854.068036 -854.073655 -854.078948 -854.083138 -854.086300 -854.088679 -854.090491 -854.091896 -854.093007 -854.093900 -854.094635 -854.095273 -854.095879 -854.096531 -854.097330 -854.098417 -854.100007 -854.102430 -854.106214 -854.112218 -854.121866 -854.137584 -854.163628 -854.207735 -854.284479 -854.422161 -854.676851 -855.160386 -856.094765 -857.917207 -861.498456 -868.695034 -883.975623 -918.158053 -9999.0 -9999.0
-9999.0 -9999.0 -801.688954 -827.573794 -838.490549 -844.870964 -848.928567 -851.410629 -852.717010 -850.936401 -833.572862 -808.835229 -784.212647 -757.310821 -731.393295 -755.504576 -775.976799 -795.094482 -816.486362 -785.492696 -768.167726 -762.280258 -764.489063 -772.025930 -782.767002 -795.037765 -807.439784 -818.860618 -828.575469 -836.290246 -842.064416 -846.174216 -848.979721 -850.828163 -852.005855 -852.727850 -853.164170 -853.529409 -853.988816 -853.907570 -855.780877 -901.611584 -2332.218163 -4478.376596 -4479.896218 -4479.424009 -4478.968482 -4478.899632 -4478.892399 -4478.892353 -4478.893170 -4478.894079 -4478.894953 -4478.895761 -4478.896523 -4478.897545 -4478.901853 -4478.936431 -4479.191216 -4479.581548 -4477.233821 -2236.457891 -886.696466 -857.331600 -854.824224 -854.225932 -854.089037 -854.066440 -854.068036 -854.073655 -854.078948 -854.083138 -854.086300 -854.088679 -854.090491 -854.091896 -854.093007 -854.093900 -854.094635 -854.095273 -854.095879 -854.096531 -854.097330 -854.098417 -854.100007 -854.102430 -854.106214 -854.112218 -854.121866 -854.137584 -854.163628 -854.207735 -854.284479 -854.422161 -854.676851 -855.160386 -856.094765 -857.917207 -861.498456 -868.695034 -883.975623 -918.158053 -9999.0 -9999.0
-9999.0 -9999.0 -801.688986 -827.573838 -838.490587 -844.870983 -848.928573 -851.410629 -852.717009 -850.936400 -833.572862 -808.835229 -784.212647 -757.310821 -731.393295 -755.504576 -775.976799 -795.094482 -816.486362 -785.492696 -768.167726 -762.280258 -764.489063 -772.025930 -782.767002 -795.037765 -807.439784 -818.860618 -828.575469 -836.290246 -842.064416 -846.174216 -848.979721 -850.828163 -852.005855 -852.727850 -853.164170 -853.529409 -853.988816 -853.907570 -855.780877 -901.611584 -2332.218163 -4478.376596 -4479.896218 -4479.424009 -4478.968482 -4478.899632 -4478.892399 -4478.892353 -4478.893170 -4478.894079 -4478.894953 -4478.895761 -4478.896523 -4478.897545 -4478.901853 -4478.936431 -4479.191216 -4479.581548 -4477.233821 -2236.457891 -886.696466 -857.331600 -854.824224 -854.225932 -854.089037 -854.066440 -854.068036 -854.073655 -854.078948 -854.083138 -854.086300 -854.088679 -854.090491 -854.091896 -854.093007 -854.093900 -854.094635 -854.095273 -854.095879 -854.096531 -854.097330 -854.098417 -854.100007 -854.102430 -854.106214 -854.112218 -854.121866 -854.137584 -854.163628 -854.207735 -854.284479 -854.422161 -854.676851 -855.160386 -856.094765 -857.917207 -861.498456 -868.695034 -883.975623 -918.158053 -9999.0 -9999.0
-9999.0 -9999.0 -801.689051 -827.573916 -838.490644 -844.871010 -848.928580 -851.410629 -852.717007 -850.936399 -833.572862 -808.835229 -784.212647 -757.310821 -731.393295 -755.504576 -775.976799 -795.094482 -816.486362 -785.492696 -768.167726 -762.280258 -764.489063 -772.025930 -782.767002 -795.037765 -807.439784 -818.860618 -828.575469 -836.290246 -842.064416 -846.174216 -848.979721 -850.828163 -852.005855 -852.727850 -853.164170 -853.529409 -853.988816 -853.907570 -855.780877 -901.611584 -2332.218164 -4478.376596 -4479.896218 -4479.424009 -4478.968482 -4478.899632 -4478.892399 -4478.892353 -4478.893170 -4478.894079 -4478.894953 -4478.895761 -4478.896523 -4478.897545 -4478.901853 -4478.936431 -4479.191216 -4479.581548 -4477.233821 -2236.457891 -886.696466 -857.331600 -854.824224 -854.225932 -854.089037 -854.066440 -854.068036 -854.073655 -854.078948 -854.083138 -854.086300 -854.088679 -854.090491 -854.091896 -854.093007 -854.093900 -854.094635 -854.095273 -854.095879 -854.096531 -854.097330 -854.098417 -854.100007 -854.102430 -854.106214 -854.112218 -854.121866 -854.137584 -854.163628 -854.207735 -854.284479 -854.422161 -854.676851 -855.160386 -856.094765 -857.917207 -861.498456 -868.695034 -883.975623 -918.158053 -9999.0 -9999.0
-9999.0 -9999.0 -9999.0 -9999.0 -9999.0 -9999.0 -9999.0 -9999.0 -9999.0 -9999.0 -9999.0 -9999.0 -9999.0 -9999.0 -9999.0 -9999.0 -9999.0 -9999.0 -9999.0 -9999.0 -9999.0 -9999.0 -9999.0 -9999.0 -9999.0 -9999.0 -9999.0 -9999.0 -9999.0 -9999.0 -9999.0 -9999.0 -9999.0 -9999.0 -9999.0 -9999.0 -9999.0 -9999.0 -9999.0 -9999.0 -9999.0 -9999.0 -9999.0 -9999.0 -9999.0 -9999.0 -9999.0 -9999.0 -9999.0 -9999.0 -9999.0 -9999.0 -9999.0 -9999.0 -9999.0 -9999.0 -9999.0 -9999.0 -9999.0 -9999.0 -9999.0 -9999.0 -9999.0 -9999.0 -9999.0 -9999.0 -9999.0 -9999.0 -9999.0 -9999.0 -9999.0 -9999.0 -9999.0 -9999.0 -9999.0 -9999.0 -9999.0 -9999.0 -9999.0 -9999.0 -9999.0 -9999.0 -9999.0 -9999.0 -9999.0 -9999.0 -9999.0 -9999.0 -9999.0 -9999.0 -9999.0 -9999.0 -9999.0 -9999.0 -9999.0 -9999.0 -9999.0 -9999.0 -9999.0 -9999.0 -9999.0 -9999.0 -9999.0 -9999.0
-9999.0 -9999.0 -9999.0 -9999.0 -9999.0 -9999.0 -9999.0 -9999.0 -9999.0 -9999.0 -9999.0 -9999.0 -9999.0 -9999.0 -9999.0 -9999.0 -9999.0 -9999.0 -9999.0 -9999.0 -9999.0 -9999.0 -9999.0 -9999.0 -9999.0 -9999.0 -9999.0 -9999.0 -9999.0 -9999.0 -9999.0 -9999.0 -9999.0 -9999.0 -9999.0 -9999.0 -9999.0 -9999.0 -9999.0 -9999.0 -9999.0 -9999.0 -9999.0 -9999.0 -9999.0 -9999.0 -9999.0 -9999.0 -9999.0 -9999.0 -9999.0 -9999.0 -9999.0 -9999.0 -9999.0 -9999.0 -9999.0 -9999.0 -9999.0 -9999.0 -9999.0 -9999.0 -9999.0 -9999.0 -9999.0 -9999.0 -9999.0 -9999.0 -9999.0 -9999.0 -9999.0 -9999.0 -9999.0 -9999.0 -9999.0 -9999.0 -9999.0 -9999.0 -9999.0 -9999.0 -9999.0 -9999.0 -9999.0 -9999.0 -9999.0 -9999.0 -9999.0 -9999.0 -9999.0 -9999.0 -9999.0 -9999.0 -9999.0 -9999.0 -9999.0 -9999.0 -9999.0 -9999.0 -9999.0 -9999.0 -9999.0 -9999.0 -9999.0 -9999.0