inst/processing_geotop_simulation/geotop_simulation/out/maps3D/PwL0011N0057.asc
ncols         104
nrows         10
xllcorner     -2.000000
yllcorner     0.000000
cellsize      1.000000
NODATA_value  -9999.0
-9999.0 -9999.0 -9999.0 -9999.0 -9999.0 -9999.0 -9999.0 -9999.0 -9999.0 -9999.0 -9999.0 -9999.0 -9999.0 -9999.0 -9999.0 -9999.0 -9999.0 -9999.0 -9999.0 -9999.0 -9999.0 -9999.0 -9999.0 -9999.0 -9999.0 -9999.0 -9999.0 -9999.0 -9999.0 -9999.0 -9999.0 -9999.0 -9999.0 -9999.0 -9999.0 -9999.0 -9999.0 -9999.0 -9999.0 -9999.0 -9999.0 -9999.0 -9999.0 -9999.0 -9999.0 -9999.0 -9999.0 -9999.0 -9999.0 -9999.0 -9999.0 -9999.0 -9999.0 -9999.0 -9999.0 -9999.0 -9999.0 -9999.0 -9999.0 -9999.0 -9999.0 -9999.0 -9999.0 -9999.0 -9999.0 -9999.0 -9999.0 -9999.0 -9999.0 -9999.0 -9999.0 -9999.0 -9999.0 -9999.0 -9999.0 -9999.0 -9999.0 -9999.0 -9999.0 -9999.0 -9999.0 -9999.0 -9999.0 -9999.0 -9999.0 -9999.0 -9999.0 -9999.0 -9999.0 -9999.0 -9999.0 -9999.0 -9999.0 -9999.0 -9999.0 -9999.0 -9999.0 -9999.0 -9999.0 -9999.0 -9999.0 -9999.0 -9999.0 -9999.0
-9999.0 -9999.0 -9999.0 -9999.0 -9999.0 -9999.0 -9999.0 -9999.0 -9999.0 -9999.0 -9999.0 -9999.0 -9999.0 -9999.0 -9999.0 -9999.0 -9999.0 -9999.0 -9999.0 -9999.0 -9999.0 -9999.0 -9999.0 -9999.0 -9999.0 -9999.0 -9999.0 -9999.0 -9999.0 -9999.0 -9999.0 -9999.0 -9999.0 -9999.0 -9999.0 -9999.0 -9999.0 -9999.0 -9999.0 -9999.0 -9999.0 -9999.0 -9999.0 -9999.0 -9999.0 -9999.0 -9999.0 -9999.0 -9999.0 -9999.0 -9999.0 -9999.0 -9999.0 -9999.0 -9999.0 -9999.0 -9999.0 -9999.0 -9999.0 -9999.0 -9999.0 -9999.0 -9999.0 -9999.0 -9999.0 -9999.0 -9999.0 -9999.0 -9999.0 -9999.0 -9999.0 -9999.0 -9999.0 -9999.0 -9999.0 -9999.0 -9999.0 -9999.0 -9999.0 -9999.0 -9999.0 -9999.0 -9999.0 -9999.0 -9999.0 -9999.0 -9999.0 -9999.0 -9999.0 -9999.0 -9999.0 -9999.0 -9999.0 -9999.0 -9999.0 -9999.0 -9999.0 -9999.0 -9999.0 -9999.0 -9999.0 -9999.0 -9999.0 -9999.0
-9999.0 -9999.0 -341.244609 -462.638139 -597.910314 -732.704516 -835.444512 -889.778961 -912.633724 -918.585291 -900.627933 -872.372321 -845.257998 -818.420948 -796.600864 -808.368753 -844.854261 -880.494772 -917.238279 -924.613242 -903.845197 -890.553103 -884.518907 -884.096543 -887.501284 -893.167608 -899.801654 -906.415442 -912.363003 -917.324989 -921.230390 -924.162712 -926.280616 -927.760417 -928.762993 -929.421475 -929.854279 -930.210470 -930.584326 -930.817039 -934.945088 -1001.089491 -2248.876301 -4427.925471 -4430.686480 -4430.675623 -4430.665117 -4430.663525 -4430.663359 -4430.663362 -4430.663387 -4430.663414 -4430.663440 -4430.663465 -4430.663487 -4430.663515 -4430.663620 -4430.664438 -4430.670366 -4430.679433 -4426.436141 -2150.774283 -983.238918 -934.734776 -931.443803 -930.917377 -930.802537 -930.782332 -930.782655 -930.786574 -930.790403 -930.793462 -930.795779 -930.797524 -930.798854 -930.799884 -930.800699 -930.801354 -930.801895 -930.802365 -930.802815 -930.803302 -930.803901 -930.804720 -930.805920 -930.807752 -930.810617 -930.815169 -930.822495 -930.834454 -930.854324 -930.888089 -930.947073 -931.053319 -931.250542 -931.625956 -932.353064 -933.777510 -936.611111 -942.465237 -955.429902 -986.083035 -9999.0 -9999.0
-9999.0 -9999.0 -341.244615 -462.638127 -597.910305 -732.704507 -835.444508 -889.778960 -912.633724 -918.585291 -900.627933 -872.372321 -845.257998 -818.420948 -796.600864 -808.368753 -844.854261 -880.494772 -917.238279 -924.613242 -903.845197 -890.553103 -884.518907 -884.096543 -887.501284 -893.167608 -899.801654 -906.415442 -912.363003 -917.324989 -921.230390 -924.162712 -926.280616 -927.760417 -928.762993 -929.421475 -929.854279 -930.210470 -930.584326 -930.817039 -934.945088 -1001.089491 -2248.876300 -4427.925470 -4430.686480 -4430.675623 -4430.665117 -4430.663525 -4430.663359 -4430.663362 -4430.663387 -4430.663414 -4430.663440 -4430.663465 -4430.663487 -4430.663515 -4430.663620 -4430.664438 -4430.670366 -4430.679433 -4426.436141 -2150.774283 -983.238918 -934.734776 -931.443803 -930.917377 -930.802537 -930.782332 -930.782655 -930.786574 -930.790403 -930.793462 -930.795779 -930.797524 -930.798854 -930.799884 -930.800699 -930.801354 -930.801895 -930.802365 -930.802815 -930.803302 -930.803901 -930.804720 -930.805920 -930.807752 -930.810617 -930.815169 -930.822495 -930.834454 -930.854324 -930.888089 -930.947073 -931.053319 -931.250542 -931.625956 -932.353064 -933.777510 -936.611111 -942.465237 -955.429902 -986.083035 -9999.0 -9999.0
-9999.0 -9999.0 -341.244607 -462.638126 -597.910301 -732.704500 -835.444504 -889.778960 -912.633725 -918.585292 -900.627933 -872.372321 -845.257998 -818.420948 -796.600864 -808.368753 -844.854261 -880.494772 -917.238279 -924.613242 -903.845197 -890.553103 -884.518907 -884.096543 -887.501284 -893.167608 -899.801654 -906.415442 -912.363003 -917.324989 -921.230390 -924.162712 -926.280616 -927.760417 -928.762993 -929.421475 -929.854279 -930.210470 -930.584326 -930.817039 -934.945088 -1001.089491 -2248.876300 -4427.925470 -4430.686480 -4430.675623 -4430.665117 -4430.663525 -4430.663359 -4430.663362 -4430.663387 -4430.663414 -4430.663440 -4430.663465 -4430.663487 -4430.663515 -4430.663620 -4430.664438 -4430.670366 -4430.679433 -4426.436141 -2150.774283 -983.238918 -934.734776 -931.443803 -930.917377 -930.802537 -930.782332 -930.782655 -930.786574 -930.790403 -930.793462 -930.795779 -930.797524 -930.798854 -930.799884 -930.800699 -930.801354 -930.801895 -930.802365 -930.802815 -930.803302 -930.803901 -930.804720 -930.805920 -930.807752 -930.810617 -930.815169 -930.822495 -930.834454 -930.854324 -930.888089 -930.947073 -931.053319 -931.250542 -931.625956 -932.353064 -933.777510 -936.611111 -942.465237 -955.429902 -986.083035 -9999.0 -9999.0
-9999.0 -9999.0 -341.244608 -462.638125 -597.910301 -732.704500 -835.444504 -889.778960 -912.633725 -918.585292 -900.627933 -872.372321 -845.257998 -818.420948 -796.600864 -808.368753 -844.854261 -880.494772 -917.238279 -924.613242 -903.845197 -890.553103 -884.518907 -884.096543 -887.501284 -893.167608 -899.801654 -906.415442 -912.363003 -917.324989 -921.230390 -924.162712 -926.280616 -927.760417 -928.762993 -929.421475 -929.854279 -930.210470 -930.584326 -930.817039 -934.945088 -1001.089491 -2248.876300 -4427.925470 -4430.686480 -4430.675623 -4430.665117 -4430.663525 -4430.663359 -4430.663362 -4430.663387 -4430.663414 -4430.663440 -4430.663465 -4430.663487 -4430.663515 -4430.663620 -4430.664438 -4430.670366 -4430.679433 -4426.436141 -2150.774283 -983.238918 -934.734776 -931.443803 -930.917377 -930.802537 -930.782332 -930.782655 -930.786574 -930.790403 -930.793462 -930.795779 -930.797524 -930.798854 -930.799884 -930.800699 -930.801354 -930.801895 -930.802365 -930.802815 -930.803302 -930.803901 -930.804720 -930.805920 -930.807752 -930.810617 -930.815169 -930.822495 -930.834454 -930.854324 -930.888089 -930.947073 -931.053319 -931.250542 -931.625956 -932.353064 -933.777510 -936.611111 -942.465237 -955.429902 -986.083035 -9999.0 -9999.0
-9999.0 -9999.0 -341.244614 -462.638127 -597.910305 -732.704507 -835.444507 -889.778960 -912.633724 -918.585291 -900.627933 -872.372321 -845.257998 -818.420948 -796.600864 -808.368753 -844.854261 -880.494772 -917.238279 -924.613242 -903.845197 -890.553103 -884.518907 -884.096543 -887.501284 -893.167608 -899.801654 -906.415442 -912.363003 -917.324989 -921.230390 -924.162712 -926.280616 -927.760417 -928.762993 -929.421475 -929.854279 -930.210470 -930.584326 -930.817039 -934.945088 -1001.089491 -2248.876300 -4427.925470 -4430.686480 -4430.675623 -4430.665117 -4430.663525 -4430.663359 -4430.663362 -4430.663387 -4430.663414 -4430.663440 -4430.663465 -4430.663487 -4430.663515 -4430.663620 -4430.664438 -4430.670366 -4430.679433 -4426.436141 -2150.774283 -983.238918 -934.734776 -931.443803 -930.917377 -930.802537 -930.782332 -930.782655 -930.786574 -930.790403 -930.793462 -930.795779 -930.797524 -930.798854 -930.799884 -930.800699 -930.801354 -930.801895 -930.802365 -930.802815 -930.803302 -930.803901 -930.804720 -930.805920 -930.807752 -930.810617 -930.815169 -930.822495 -930.834454 -930.854324 -930.888089 -930.947073 -931.053319 -931.250542 -931.625956 -932.353064 -933.777510 -936.611111 -942.465237 -955.429902 -986.083035 -9999.0 -9999.0
-9999.0 -9999.0 -341.244609 -462.638138 -597.910315 -732.704516 -835.444512 -889.778961 -912.633724 -918.585291 -900.627933 -872.372321 -845.257998 -818.420948 -796.600864 -808.368753 -844.854261 -880.494772 -917.238279 -924.613242 -903.845197 -890.553103 -884.518907 -884.096543 -887.501284 -893.167608 -899.801654 -906.415442 -912.363003 -917.324989 -921.230390 -924.162712 -926.280616 -927.760417 -928.762993 -929.421475 -929.854279 -930.210470 -930.584326 -930.817039 -934.945088 -1001.089491 -2248.876301 -4427.925471 -4430.686480 -4430.675623 -4430.665117 -4430.663525 -4430.663359 -4430.663362 -4430.663387 -4430.663414 -4430.663440 -4430.663465 -4430.663487 -4430.663515 -4430.663620 -4430.664438 -4430.670366 -4430.679433 -4426.436141 -2150.774283 -983.238918 -934.734776 -931.443803 -930.917377 -930.802537 -930.782332 -930.782655 -930.786574 -930.790403 -930.793462 -930.795779 -930.797524 -930.798854 -930.799884 -930.800699 -930.801354 -930.801895 -930.802365 -930.802815 -930.803302 -930.803901 -930.804720 -930.805920 -930.807752 -930.810617 -930.815169 -930.822495 -930.834454 -930.854324 -930.888089 -930.947073 -931.053319 -931.250542 -931.625956 -932.353064 -933.777510 -936.611111 -942.465237 -955.429902 -986.083035 -9999.0 -9999.0
-9999.0 -9999.0 -9999.0 -9999.0 -9999.0 -9999.0 -9999.0 -9999.0 -9999.0 -9999.0 -9999.0 -9999.0 -9999.0 -9999.0 -9999.0 -9999.0 -9999.0 -9999.0 -9999.0 -9999.0 -9999.0 -9999.0 -9999.0 -9999.0 -9999.0 -9999.0 -9999.0 -9999.0 -9999.0 -9999.0 -9999.0 -9999.0 -9999.0 -9999.0 -9999.0 -9999.0 -9999.0 -9999.0 -9999.0 -9999.0 -9999.0 -9999.0 -9999.0 -9999.0 -9999.0 -9999.0 -9999.0 -9999.0 -9999.0 -9999.0 -9999.0 -9999.0 -9999.0 -9999.0 -9999.0 -9999.0 -9999.0 -9999.0 -9999.0 -9999.0 -9999.0 -9999.0 -9999.0 -9999.0 -9999.0 -9999.0 -9999.0 -9999.0 -9999.0 -9999.0 -9999.0 -9999.0 -9999.0 -9999.0 -9999.0 -9999.0 -9999.0 -9999.0 -9999.0 -9999.0 -9999.0 -9999.0 -9999.0 -9999.0 -9999.0 -9999.0 -9999.0 -9999.0 -9999.0 -9999.0 -9999.0 -9999.0 -9999.0 -9999.0 -9999.0 -9999.0 -9999.0 -9999.0 -9999.0 -9999.0 -9999.0 -9999.0 -9999.0 -9999.0
-9999.0 -9999.0 -9999.0 -9999.0 -9999.0 -9999.0 -9999.0 -9999.0 -9999.0 -9999.0 -9999.0 -9999.0 -9999.0 -9999.0 -9999.0 -9999.0 -9999.0 -9999.0 -9999.0 -9999.0 -9999.0 -9999.0 -9999.0 -9999.0 -9999.0 -9999.0 -9999.0 -9999.0 -9999.0 -9999.0 -9999.0 -9999.0 -9999.0 -9999.0 -9999.0 -9999.0 -9999.0 -9999.0 -9999.0 -9999.0 -9999.0 -9999.0 -9999.0 -9999.0 -9999.0 -9999.0 -9999.0 -9999.0 -9999.0 -9999.0 -9999.0 -9999.0 -9999.0 -9999.0 -9999.0 -9999.0 -9999.0 -9999.0 -9999.0 -9999.0 -9999.0 -9999.0 -9999.0 -9999.0 -9999.0 -9999.0 -9999.0 -9999.0 -9999.0 -9999.0 -9999.0 -9999.0 -9999.0 -9999.0 -9999.0 -9999.0 -9999.0 -9999.0 -9999.0 -9999.0 -9999.0 -9999.0 -9999.0 -9999.0 -9999.0 -9999.0 -9999.0 -9999.0 -9999.0 -9999.0 -9999.0 -9999.0 -9999.0 -9999.0 -9999.0 -9999.0 -9999.0 -9999.0 -9999.0 -9999.0 -9999.0 -9999.0 -9999.0 -9999.0