inst/processing_geotop_simulation/geotop_simulation/out/maps3D/PwL0016N0069.asc
ncols         104
nrows         10
xllcorner     -2.000000
yllcorner     0.000000
cellsize      1.000000
NODATA_value  -9999.0
-9999.0 -9999.0 -9999.0 -9999.0 -9999.0 -9999.0 -9999.0 -9999.0 -9999.0 -9999.0 -9999.0 -9999.0 -9999.0 -9999.0 -9999.0 -9999.0 -9999.0 -9999.0 -9999.0 -9999.0 -9999.0 -9999.0 -9999.0 -9999.0 -9999.0 -9999.0 -9999.0 -9999.0 -9999.0 -9999.0 -9999.0 -9999.0 -9999.0 -9999.0 -9999.0 -9999.0 -9999.0 -9999.0 -9999.0 -9999.0 -9999.0 -9999.0 -9999.0 -9999.0 -9999.0 -9999.0 -9999.0 -9999.0 -9999.0 -9999.0 -9999.0 -9999.0 -9999.0 -9999.0 -9999.0 -9999.0 -9999.0 -9999.0 -9999.0 -9999.0 -9999.0 -9999.0 -9999.0 -9999.0 -9999.0 -9999.0 -9999.0 -9999.0 -9999.0 -9999.0 -9999.0 -9999.0 -9999.0 -9999.0 -9999.0 -9999.0 -9999.0 -9999.0 -9999.0 -9999.0 -9999.0 -9999.0 -9999.0 -9999.0 -9999.0 -9999.0 -9999.0 -9999.0 -9999.0 -9999.0 -9999.0 -9999.0 -9999.0 -9999.0 -9999.0 -9999.0 -9999.0 -9999.0 -9999.0 -9999.0 -9999.0 -9999.0 -9999.0 -9999.0
-9999.0 -9999.0 -9999.0 -9999.0 -9999.0 -9999.0 -9999.0 -9999.0 -9999.0 -9999.0 -9999.0 -9999.0 -9999.0 -9999.0 -9999.0 -9999.0 -9999.0 -9999.0 -9999.0 -9999.0 -9999.0 -9999.0 -9999.0 -9999.0 -9999.0 -9999.0 -9999.0 -9999.0 -9999.0 -9999.0 -9999.0 -9999.0 -9999.0 -9999.0 -9999.0 -9999.0 -9999.0 -9999.0 -9999.0 -9999.0 -9999.0 -9999.0 -9999.0 -9999.0 -9999.0 -9999.0 -9999.0 -9999.0 -9999.0 -9999.0 -9999.0 -9999.0 -9999.0 -9999.0 -9999.0 -9999.0 -9999.0 -9999.0 -9999.0 -9999.0 -9999.0 -9999.0 -9999.0 -9999.0 -9999.0 -9999.0 -9999.0 -9999.0 -9999.0 -9999.0 -9999.0 -9999.0 -9999.0 -9999.0 -9999.0 -9999.0 -9999.0 -9999.0 -9999.0 -9999.0 -9999.0 -9999.0 -9999.0 -9999.0 -9999.0 -9999.0 -9999.0 -9999.0 -9999.0 -9999.0 -9999.0 -9999.0 -9999.0 -9999.0 -9999.0 -9999.0 -9999.0 -9999.0 -9999.0 -9999.0 -9999.0 -9999.0 -9999.0 -9999.0
-9999.0 -9999.0 378.389171 278.621912 179.224572 80.332764 -17.899697 -115.673247 -213.986351 -314.717198 -419.858361 -528.820313 -634.119394 -718.106646 -765.707828 -789.582359 -799.372338 -802.896885 -853.439904 -901.837296 -949.064459 -996.449994 -972.784515 -956.161952 -946.095393 -941.043418 -939.378790 -939.742785 -941.139903 -942.918069 -944.693887 -946.271471 -947.575293 -948.599295 -949.372288 -949.938429 -950.356427 -950.713461 -951.085359 -951.878163 -959.612152 -1054.355409 -2173.725229 -4179.757280 -4183.168267 -4183.168317 -4183.168317 -4183.168317 -4183.168317 -4183.168317 -4183.168317 -4183.168317 -4183.168317 -4183.168317 -4183.168317 -4183.168317 -4183.168317 -4183.168317 -4183.168317 -4183.168222 -4177.737860 -2067.544209 -1030.371097 -957.669659 -952.155917 -951.546396 -951.438526 -951.418934 -951.417945 -951.420435 -951.423082 -951.425241 -951.426889 -951.428136 -951.429088 -951.429828 -951.430413 -951.430885 -951.431276 -951.431619 -951.431949 -951.432310 -951.432759 -951.433375 -951.434281 -951.435667 -951.437840 -951.441298 -951.446878 -951.456017 -951.471271 -951.497338 -951.543168 -951.626263 -951.781433 -952.078397 -952.657654 -953.810114 -956.188591 -961.462201 -974.280603 -1006.854315 -9999.0 -9999.0
-9999.0 -9999.0 378.389171 278.621912 179.224572 80.332763 -17.899697 -115.673247 -213.986351 -314.717198 -419.858361 -528.820314 -634.119394 -718.106647 -765.707828 -789.582359 -799.372338 -802.896885 -853.439904 -901.837296 -949.064459 -996.449994 -972.784515 -956.161952 -946.095393 -941.043418 -939.378790 -939.742785 -941.139903 -942.918069 -944.693887 -946.271471 -947.575293 -948.599295 -949.372288 -949.938429 -950.356427 -950.713461 -951.085359 -951.878163 -959.612152 -1054.355409 -2173.725229 -4179.757280 -4183.168267 -4183.168317 -4183.168317 -4183.168317 -4183.168317 -4183.168317 -4183.168317 -4183.168317 -4183.168317 -4183.168317 -4183.168317 -4183.168317 -4183.168317 -4183.168317 -4183.168317 -4183.168222 -4177.737860 -2067.544209 -1030.371097 -957.669659 -952.155917 -951.546396 -951.438526 -951.418934 -951.417945 -951.420435 -951.423082 -951.425241 -951.426889 -951.428136 -951.429088 -951.429828 -951.430413 -951.430885 -951.431276 -951.431619 -951.431949 -951.432310 -951.432759 -951.433375 -951.434281 -951.435667 -951.437840 -951.441298 -951.446878 -951.456017 -951.471271 -951.497338 -951.543168 -951.626263 -951.781433 -952.078397 -952.657654 -953.810114 -956.188591 -961.462201 -974.280603 -1006.854315 -9999.0 -9999.0
-9999.0 -9999.0 378.389171 278.621912 179.224571 80.332763 -17.899698 -115.673247 -213.986352 -314.717199 -419.858361 -528.820314 -634.119394 -718.106647 -765.707828 -789.582358 -799.372338 -802.896885 -853.439904 -901.837296 -949.064459 -996.449994 -972.784515 -956.161952 -946.095393 -941.043418 -939.378790 -939.742785 -941.139903 -942.918069 -944.693887 -946.271471 -947.575293 -948.599295 -949.372288 -949.938429 -950.356427 -950.713461 -951.085359 -951.878163 -959.612152 -1054.355409 -2173.725229 -4179.757280 -4183.168267 -4183.168317 -4183.168317 -4183.168317 -4183.168317 -4183.168317 -4183.168317 -4183.168317 -4183.168317 -4183.168317 -4183.168317 -4183.168317 -4183.168317 -4183.168317 -4183.168317 -4183.168222 -4177.737860 -2067.544209 -1030.371097 -957.669659 -952.155917 -951.546396 -951.438526 -951.418934 -951.417945 -951.420435 -951.423082 -951.425241 -951.426889 -951.428136 -951.429088 -951.429828 -951.430413 -951.430885 -951.431276 -951.431619 -951.431949 -951.432310 -951.432759 -951.433375 -951.434281 -951.435667 -951.437840 -951.441298 -951.446878 -951.456017 -951.471271 -951.497338 -951.543168 -951.626263 -951.781433 -952.078397 -952.657654 -953.810114 -956.188591 -961.462201 -974.280603 -1006.854315 -9999.0 -9999.0
-9999.0 -9999.0 378.389171 278.621912 179.224571 80.332763 -17.899698 -115.673247 -213.986352 -314.717199 -419.858361 -528.820314 -634.119394 -718.106647 -765.707828 -789.582358 -799.372338 -802.896885 -853.439904 -901.837296 -949.064459 -996.449994 -972.784515 -956.161952 -946.095393 -941.043418 -939.378790 -939.742785 -941.139903 -942.918069 -944.693887 -946.271471 -947.575293 -948.599295 -949.372288 -949.938429 -950.356427 -950.713461 -951.085359 -951.878163 -959.612152 -1054.355409 -2173.725229 -4179.757280 -4183.168267 -4183.168317 -4183.168317 -4183.168317 -4183.168317 -4183.168317 -4183.168317 -4183.168317 -4183.168317 -4183.168317 -4183.168317 -4183.168317 -4183.168317 -4183.168317 -4183.168317 -4183.168222 -4177.737860 -2067.544209 -1030.371097 -957.669659 -952.155917 -951.546396 -951.438526 -951.418934 -951.417945 -951.420435 -951.423082 -951.425241 -951.426889 -951.428136 -951.429088 -951.429828 -951.430413 -951.430885 -951.431276 -951.431619 -951.431949 -951.432310 -951.432759 -951.433375 -951.434281 -951.435667 -951.437840 -951.441298 -951.446878 -951.456017 -951.471271 -951.497338 -951.543168 -951.626263 -951.781433 -952.078397 -952.657654 -953.810114 -956.188591 -961.462201 -974.280603 -1006.854315 -9999.0 -9999.0
-9999.0 -9999.0 378.389171 278.621912 179.224572 80.332763 -17.899697 -115.673247 -213.986351 -314.717199 -419.858361 -528.820314 -634.119394 -718.106647 -765.707828 -789.582359 -799.372338 -802.896885 -853.439904 -901.837296 -949.064459 -996.449994 -972.784515 -956.161952 -946.095393 -941.043418 -939.378790 -939.742785 -941.139903 -942.918069 -944.693887 -946.271471 -947.575293 -948.599295 -949.372288 -949.938429 -950.356427 -950.713461 -951.085359 -951.878163 -959.612152 -1054.355409 -2173.725229 -4179.757280 -4183.168267 -4183.168317 -4183.168317 -4183.168317 -4183.168317 -4183.168317 -4183.168317 -4183.168317 -4183.168317 -4183.168317 -4183.168317 -4183.168317 -4183.168317 -4183.168317 -4183.168317 -4183.168222 -4177.737860 -2067.544209 -1030.371097 -957.669659 -952.155917 -951.546396 -951.438526 -951.418934 -951.417945 -951.420435 -951.423082 -951.425241 -951.426889 -951.428136 -951.429088 -951.429828 -951.430413 -951.430885 -951.431276 -951.431619 -951.431949 -951.432310 -951.432759 -951.433375 -951.434281 -951.435667 -951.437840 -951.441298 -951.446878 -951.456017 -951.471271 -951.497338 -951.543168 -951.626263 -951.781433 -952.078397 -952.657654 -953.810114 -956.188591 -961.462201 -974.280603 -1006.854315 -9999.0 -9999.0
-9999.0 -9999.0 378.389171 278.621912 179.224572 80.332764 -17.899697 -115.673247 -213.986351 -314.717198 -419.858361 -528.820313 -634.119394 -718.106646 -765.707828 -789.582359 -799.372338 -802.896885 -853.439904 -901.837296 -949.064459 -996.449994 -972.784515 -956.161952 -946.095393 -941.043418 -939.378790 -939.742785 -941.139903 -942.918069 -944.693887 -946.271471 -947.575293 -948.599295 -949.372288 -949.938429 -950.356427 -950.713461 -951.085359 -951.878163 -959.612152 -1054.355409 -2173.725229 -4179.757280 -4183.168267 -4183.168317 -4183.168317 -4183.168317 -4183.168317 -4183.168317 -4183.168317 -4183.168317 -4183.168317 -4183.168317 -4183.168317 -4183.168317 -4183.168317 -4183.168317 -4183.168317 -4183.168222 -4177.737860 -2067.544209 -1030.371097 -957.669659 -952.155917 -951.546396 -951.438526 -951.418934 -951.417945 -951.420435 -951.423082 -951.425241 -951.426889 -951.428136 -951.429088 -951.429828 -951.430413 -951.430885 -951.431276 -951.431619 -951.431949 -951.432310 -951.432759 -951.433375 -951.434281 -951.435667 -951.437840 -951.441298 -951.446878 -951.456017 -951.471271 -951.497338 -951.543168 -951.626263 -951.781433 -952.078397 -952.657654 -953.810114 -956.188591 -961.462201 -974.280603 -1006.854315 -9999.0 -9999.0
-9999.0 -9999.0 -9999.0 -9999.0 -9999.0 -9999.0 -9999.0 -9999.0 -9999.0 -9999.0 -9999.0 -9999.0 -9999.0 -9999.0 -9999.0 -9999.0 -9999.0 -9999.0 -9999.0 -9999.0 -9999.0 -9999.0 -9999.0 -9999.0 -9999.0 -9999.0 -9999.0 -9999.0 -9999.0 -9999.0 -9999.0 -9999.0 -9999.0 -9999.0 -9999.0 -9999.0 -9999.0 -9999.0 -9999.0 -9999.0 -9999.0 -9999.0 -9999.0 -9999.0 -9999.0 -9999.0 -9999.0 -9999.0 -9999.0 -9999.0 -9999.0 -9999.0 -9999.0 -9999.0 -9999.0 -9999.0 -9999.0 -9999.0 -9999.0 -9999.0 -9999.0 -9999.0 -9999.0 -9999.0 -9999.0 -9999.0 -9999.0 -9999.0 -9999.0 -9999.0 -9999.0 -9999.0 -9999.0 -9999.0 -9999.0 -9999.0 -9999.0 -9999.0 -9999.0 -9999.0 -9999.0 -9999.0 -9999.0 -9999.0 -9999.0 -9999.0 -9999.0 -9999.0 -9999.0 -9999.0 -9999.0 -9999.0 -9999.0 -9999.0 -9999.0 -9999.0 -9999.0 -9999.0 -9999.0 -9999.0 -9999.0 -9999.0 -9999.0 -9999.0
-9999.0 -9999.0 -9999.0 -9999.0 -9999.0 -9999.0 -9999.0 -9999.0 -9999.0 -9999.0 -9999.0 -9999.0 -9999.0 -9999.0 -9999.0 -9999.0 -9999.0 -9999.0 -9999.0 -9999.0 -9999.0 -9999.0 -9999.0 -9999.0 -9999.0 -9999.0 -9999.0 -9999.0 -9999.0 -9999.0 -9999.0 -9999.0 -9999.0 -9999.0 -9999.0 -9999.0 -9999.0 -9999.0 -9999.0 -9999.0 -9999.0 -9999.0 -9999.0 -9999.0 -9999.0 -9999.0 -9999.0 -9999.0 -9999.0 -9999.0 -9999.0 -9999.0 -9999.0 -9999.0 -9999.0 -9999.0 -9999.0 -9999.0 -9999.0 -9999.0 -9999.0 -9999.0 -9999.0 -9999.0 -9999.0 -9999.0 -9999.0 -9999.0 -9999.0 -9999.0 -9999.0 -9999.0 -9999.0 -9999.0 -9999.0 -9999.0 -9999.0 -9999.0 -9999.0 -9999.0 -9999.0 -9999.0 -9999.0 -9999.0 -9999.0 -9999.0 -9999.0 -9999.0 -9999.0 -9999.0 -9999.0 -9999.0 -9999.0 -9999.0 -9999.0 -9999.0 -9999.0 -9999.0 -9999.0 -9999.0 -9999.0 -9999.0 -9999.0 -9999.0