inst/processing_geotop_simulation/geotop_simulation/out/maps3D/PwL0007N0474.asc
ncols         104
nrows         10
xllcorner     -2.000000
yllcorner     0.000000
cellsize      1.000000
NODATA_value  -9999.0
-9999.0 -9999.0 -9999.0 -9999.0 -9999.0 -9999.0 -9999.0 -9999.0 -9999.0 -9999.0 -9999.0 -9999.0 -9999.0 -9999.0 -9999.0 -9999.0 -9999.0 -9999.0 -9999.0 -9999.0 -9999.0 -9999.0 -9999.0 -9999.0 -9999.0 -9999.0 -9999.0 -9999.0 -9999.0 -9999.0 -9999.0 -9999.0 -9999.0 -9999.0 -9999.0 -9999.0 -9999.0 -9999.0 -9999.0 -9999.0 -9999.0 -9999.0 -9999.0 -9999.0 -9999.0 -9999.0 -9999.0 -9999.0 -9999.0 -9999.0 -9999.0 -9999.0 -9999.0 -9999.0 -9999.0 -9999.0 -9999.0 -9999.0 -9999.0 -9999.0 -9999.0 -9999.0 -9999.0 -9999.0 -9999.0 -9999.0 -9999.0 -9999.0 -9999.0 -9999.0 -9999.0 -9999.0 -9999.0 -9999.0 -9999.0 -9999.0 -9999.0 -9999.0 -9999.0 -9999.0 -9999.0 -9999.0 -9999.0 -9999.0 -9999.0 -9999.0 -9999.0 -9999.0 -9999.0 -9999.0 -9999.0 -9999.0 -9999.0 -9999.0 -9999.0 -9999.0 -9999.0 -9999.0 -9999.0 -9999.0 -9999.0 -9999.0 -9999.0 -9999.0
-9999.0 -9999.0 -9999.0 -9999.0 -9999.0 -9999.0 -9999.0 -9999.0 -9999.0 -9999.0 -9999.0 -9999.0 -9999.0 -9999.0 -9999.0 -9999.0 -9999.0 -9999.0 -9999.0 -9999.0 -9999.0 -9999.0 -9999.0 -9999.0 -9999.0 -9999.0 -9999.0 -9999.0 -9999.0 -9999.0 -9999.0 -9999.0 -9999.0 -9999.0 -9999.0 -9999.0 -9999.0 -9999.0 -9999.0 -9999.0 -9999.0 -9999.0 -9999.0 -9999.0 -9999.0 -9999.0 -9999.0 -9999.0 -9999.0 -9999.0 -9999.0 -9999.0 -9999.0 -9999.0 -9999.0 -9999.0 -9999.0 -9999.0 -9999.0 -9999.0 -9999.0 -9999.0 -9999.0 -9999.0 -9999.0 -9999.0 -9999.0 -9999.0 -9999.0 -9999.0 -9999.0 -9999.0 -9999.0 -9999.0 -9999.0 -9999.0 -9999.0 -9999.0 -9999.0 -9999.0 -9999.0 -9999.0 -9999.0 -9999.0 -9999.0 -9999.0 -9999.0 -9999.0 -9999.0 -9999.0 -9999.0 -9999.0 -9999.0 -9999.0 -9999.0 -9999.0 -9999.0 -9999.0 -9999.0 -9999.0 -9999.0 -9999.0 -9999.0 -9999.0
-9999.0 -9999.0 323.401269 224.797966 125.643442 26.287429 -73.146331 -172.612068 -272.087560 -371.558009 -471.009266 -570.417317 -669.734174 -768.954159 -868.159649 -967.338508 -1066.468892 -1165.408644 -1263.862632 -1361.559723 -1457.731738 -1550.861835 -1638.534172 -1717.918683 -1786.698986 -1843.758416 -1889.279562 -1924.407967 -1950.785094 -1970.158854 -1984.140301 -1994.090334 -2001.093675 -2005.980444 -2009.368135 -2011.709816 -2013.349377 -2014.616466 -2016.050976 -2018.538077 -2018.231894 -1957.695759 -1250.664952 -1288.250810 -1270.300529 -1258.074512 -1252.363811 -1251.487568 -1251.392385 -1251.399732 -1251.421640 -1251.445323 -1251.468099 -1251.489202 -1251.508882 -1251.532614 -1251.611098 -1252.135388 -1255.171395 -1261.869222 -1269.217365 -1219.953575 -1927.279277 -2012.010378 -2017.451822 -2017.082767 -2016.869004 -2016.819310 -2016.810432 -2016.809354 -2016.809577 -2016.809947 -2016.810273 -2016.810537 -2016.810750 -2016.810924 -2016.811071 -2016.811199 -2016.811314 -2016.811423 -2016.811533 -2016.811653 -2016.811796 -2016.811980 -2016.812233 -2016.812600 -2016.813153 -2016.814016 -2016.815400 -2016.817685 -2016.821575 -2016.828411 -2016.840826 -2016.864112 -2016.909205 -2016.999618 -2017.188918 -2017.608413 -2018.607845 -2021.214415 -2028.812248 -2053.959959 -9999.0 -9999.0
-9999.0 -9999.0 323.407993 224.799591 125.643873 26.287556 -73.146290 -172.612054 -272.087554 -371.558007 -471.009265 -570.417316 -669.734173 -768.954159 -868.159649 -967.338508 -1066.468892 -1165.408644 -1263.862632 -1361.559723 -1457.731738 -1550.861835 -1638.534172 -1717.918683 -1786.698986 -1843.758416 -1889.279562 -1924.407967 -1950.785094 -1970.158854 -1984.140301 -1994.090334 -2001.093675 -2005.980444 -2009.368135 -2011.709816 -2013.349377 -2014.616466 -2016.050976 -2018.538077 -2018.231894 -1957.695759 -1250.664952 -1288.250810 -1270.300529 -1258.074511 -1252.363811 -1251.487568 -1251.392385 -1251.399732 -1251.421640 -1251.445323 -1251.468099 -1251.489202 -1251.508882 -1251.532614 -1251.611098 -1252.135388 -1255.171395 -1261.869222 -1269.217365 -1219.953575 -1927.279277 -2012.010378 -2017.451821 -2017.082767 -2016.869004 -2016.819310 -2016.810432 -2016.809354 -2016.809577 -2016.809947 -2016.810273 -2016.810537 -2016.810750 -2016.810924 -2016.811071 -2016.811199 -2016.811314 -2016.811423 -2016.811533 -2016.811653 -2016.811796 -2016.811980 -2016.812233 -2016.812600 -2016.813153 -2016.814016 -2016.815400 -2016.817685 -2016.821575 -2016.828411 -2016.840825 -2016.864112 -2016.909205 -2016.999618 -2017.188918 -2017.608413 -2018.607845 -2021.214415 -2028.812248 -2053.959959 -9999.0 -9999.0
-9999.0 -9999.0 323.409267 224.800283 125.644148 26.287657 -73.146254 -172.612041 -272.087550 -371.558005 -471.009265 -570.417316 -669.734173 -768.954159 -868.159649 -967.338508 -1066.468892 -1165.408644 -1263.862632 -1361.559724 -1457.731738 -1550.861836 -1638.534172 -1717.918684 -1786.698986 -1843.758416 -1889.279562 -1924.407967 -1950.785094 -1970.158854 -1984.140301 -1994.090334 -2001.093675 -2005.980444 -2009.368135 -2011.709816 -2013.349377 -2014.616466 -2016.050976 -2018.538077 -2018.231894 -1957.695759 -1250.664952 -1288.250810 -1270.300529 -1258.074511 -1252.363811 -1251.487568 -1251.392385 -1251.399732 -1251.421640 -1251.445323 -1251.468099 -1251.489202 -1251.508882 -1251.532614 -1251.611098 -1252.135388 -1255.171395 -1261.869222 -1269.217365 -1219.953575 -1927.279277 -2012.010378 -2017.451821 -2017.082767 -2016.869004 -2016.819310 -2016.810432 -2016.809354 -2016.809577 -2016.809947 -2016.810273 -2016.810537 -2016.810750 -2016.810924 -2016.811071 -2016.811199 -2016.811314 -2016.811423 -2016.811533 -2016.811653 -2016.811796 -2016.811980 -2016.812233 -2016.812600 -2016.813153 -2016.814016 -2016.815400 -2016.817685 -2016.821575 -2016.828411 -2016.840825 -2016.864112 -2016.909205 -2016.999618 -2017.188918 -2017.608413 -2018.607845 -2021.214415 -2028.812248 -2053.959959 -9999.0 -9999.0
-9999.0 -9999.0 323.409267 224.800283 125.644148 26.287657 -73.146254 -172.612041 -272.087550 -371.558005 -471.009264 -570.417316 -669.734173 -768.954159 -868.159649 -967.338508 -1066.468892 -1165.408644 -1263.862632 -1361.559724 -1457.731738 -1550.861836 -1638.534172 -1717.918684 -1786.698986 -1843.758416 -1889.279562 -1924.407967 -1950.785094 -1970.158854 -1984.140301 -1994.090334 -2001.093675 -2005.980444 -2009.368135 -2011.709816 -2013.349377 -2014.616466 -2016.050976 -2018.538077 -2018.231894 -1957.695759 -1250.664952 -1288.250810 -1270.300529 -1258.074511 -1252.363811 -1251.487568 -1251.392385 -1251.399732 -1251.421640 -1251.445323 -1251.468099 -1251.489202 -1251.508882 -1251.532614 -1251.611098 -1252.135388 -1255.171395 -1261.869222 -1269.217365 -1219.953575 -1927.279277 -2012.010378 -2017.451821 -2017.082767 -2016.869004 -2016.819310 -2016.810432 -2016.809354 -2016.809577 -2016.809947 -2016.810273 -2016.810537 -2016.810750 -2016.810924 -2016.811071 -2016.811199 -2016.811314 -2016.811423 -2016.811533 -2016.811653 -2016.811796 -2016.811980 -2016.812233 -2016.812600 -2016.813153 -2016.814016 -2016.815400 -2016.817685 -2016.821575 -2016.828411 -2016.840825 -2016.864112 -2016.909205 -2016.999618 -2017.188918 -2017.608413 -2018.607845 -2021.214415 -2028.812248 -2053.959959 -9999.0 -9999.0
-9999.0 -9999.0 323.407993 224.799591 125.643873 26.287556 -73.146290 -172.612054 -272.087554 -371.558007 -471.009265 -570.417316 -669.734174 -768.954159 -868.159649 -967.338508 -1066.468892 -1165.408644 -1263.862632 -1361.559723 -1457.731738 -1550.861835 -1638.534172 -1717.918683 -1786.698986 -1843.758416 -1889.279562 -1924.407967 -1950.785094 -1970.158854 -1984.140301 -1994.090334 -2001.093675 -2005.980444 -2009.368135 -2011.709816 -2013.349377 -2014.616466 -2016.050976 -2018.538077 -2018.231894 -1957.695759 -1250.664952 -1288.250810 -1270.300529 -1258.074511 -1252.363811 -1251.487568 -1251.392385 -1251.399732 -1251.421640 -1251.445323 -1251.468099 -1251.489202 -1251.508882 -1251.532614 -1251.611098 -1252.135388 -1255.171395 -1261.869222 -1269.217365 -1219.953575 -1927.279277 -2012.010378 -2017.451821 -2017.082767 -2016.869004 -2016.819310 -2016.810432 -2016.809354 -2016.809577 -2016.809947 -2016.810273 -2016.810537 -2016.810750 -2016.810924 -2016.811071 -2016.811199 -2016.811314 -2016.811423 -2016.811533 -2016.811653 -2016.811796 -2016.811980 -2016.812233 -2016.812600 -2016.813153 -2016.814016 -2016.815400 -2016.817685 -2016.821575 -2016.828411 -2016.840825 -2016.864112 -2016.909205 -2016.999618 -2017.188918 -2017.608413 -2018.607845 -2021.214415 -2028.812248 -2053.959959 -9999.0 -9999.0
-9999.0 -9999.0 323.401269 224.797966 125.643442 26.287429 -73.146331 -172.612068 -272.087560 -371.558009 -471.009266 -570.417317 -669.734174 -768.954159 -868.159649 -967.338508 -1066.468892 -1165.408644 -1263.862632 -1361.559723 -1457.731738 -1550.861835 -1638.534172 -1717.918683 -1786.698986 -1843.758416 -1889.279562 -1924.407967 -1950.785094 -1970.158854 -1984.140301 -1994.090334 -2001.093675 -2005.980444 -2009.368135 -2011.709816 -2013.349377 -2014.616466 -2016.050976 -2018.538077 -2018.231894 -1957.695759 -1250.664952 -1288.250810 -1270.300529 -1258.074512 -1252.363811 -1251.487568 -1251.392385 -1251.399732 -1251.421640 -1251.445323 -1251.468099 -1251.489202 -1251.508882 -1251.532614 -1251.611098 -1252.135388 -1255.171395 -1261.869222 -1269.217365 -1219.953575 -1927.279277 -2012.010378 -2017.451822 -2017.082767 -2016.869004 -2016.819310 -2016.810432 -2016.809354 -2016.809577 -2016.809947 -2016.810273 -2016.810537 -2016.810750 -2016.810924 -2016.811071 -2016.811199 -2016.811314 -2016.811423 -2016.811533 -2016.811653 -2016.811796 -2016.811980 -2016.812233 -2016.812600 -2016.813153 -2016.814016 -2016.815400 -2016.817685 -2016.821575 -2016.828411 -2016.840826 -2016.864112 -2016.909205 -2016.999618 -2017.188918 -2017.608413 -2018.607845 -2021.214415 -2028.812248 -2053.959959 -9999.0 -9999.0
-9999.0 -9999.0 -9999.0 -9999.0 -9999.0 -9999.0 -9999.0 -9999.0 -9999.0 -9999.0 -9999.0 -9999.0 -9999.0 -9999.0 -9999.0 -9999.0 -9999.0 -9999.0 -9999.0 -9999.0 -9999.0 -9999.0 -9999.0 -9999.0 -9999.0 -9999.0 -9999.0 -9999.0 -9999.0 -9999.0 -9999.0 -9999.0 -9999.0 -9999.0 -9999.0 -9999.0 -9999.0 -9999.0 -9999.0 -9999.0 -9999.0 -9999.0 -9999.0 -9999.0 -9999.0 -9999.0 -9999.0 -9999.0 -9999.0 -9999.0 -9999.0 -9999.0 -9999.0 -9999.0 -9999.0 -9999.0 -9999.0 -9999.0 -9999.0 -9999.0 -9999.0 -9999.0 -9999.0 -9999.0 -9999.0 -9999.0 -9999.0 -9999.0 -9999.0 -9999.0 -9999.0 -9999.0 -9999.0 -9999.0 -9999.0 -9999.0 -9999.0 -9999.0 -9999.0 -9999.0 -9999.0 -9999.0 -9999.0 -9999.0 -9999.0 -9999.0 -9999.0 -9999.0 -9999.0 -9999.0 -9999.0 -9999.0 -9999.0 -9999.0 -9999.0 -9999.0 -9999.0 -9999.0 -9999.0 -9999.0 -9999.0 -9999.0 -9999.0 -9999.0
-9999.0 -9999.0 -9999.0 -9999.0 -9999.0 -9999.0 -9999.0 -9999.0 -9999.0 -9999.0 -9999.0 -9999.0 -9999.0 -9999.0 -9999.0 -9999.0 -9999.0 -9999.0 -9999.0 -9999.0 -9999.0 -9999.0 -9999.0 -9999.0 -9999.0 -9999.0 -9999.0 -9999.0 -9999.0 -9999.0 -9999.0 -9999.0 -9999.0 -9999.0 -9999.0 -9999.0 -9999.0 -9999.0 -9999.0 -9999.0 -9999.0 -9999.0 -9999.0 -9999.0 -9999.0 -9999.0 -9999.0 -9999.0 -9999.0 -9999.0 -9999.0 -9999.0 -9999.0 -9999.0 -9999.0 -9999.0 -9999.0 -9999.0 -9999.0 -9999.0 -9999.0 -9999.0 -9999.0 -9999.0 -9999.0 -9999.0 -9999.0 -9999.0 -9999.0 -9999.0 -9999.0 -9999.0 -9999.0 -9999.0 -9999.0 -9999.0 -9999.0 -9999.0 -9999.0 -9999.0 -9999.0 -9999.0 -9999.0 -9999.0 -9999.0 -9999.0 -9999.0 -9999.0 -9999.0 -9999.0 -9999.0 -9999.0 -9999.0 -9999.0 -9999.0 -9999.0 -9999.0 -9999.0 -9999.0 -9999.0 -9999.0 -9999.0 -9999.0 -9999.0