inst/processing_geotop_simulation/geotop_simulation/out/maps3D/PwL0009N0065.asc
ncols         104
nrows         10
xllcorner     -2.000000
yllcorner     0.000000
cellsize      1.000000
NODATA_value  -9999.0
-9999.0 -9999.0 -9999.0 -9999.0 -9999.0 -9999.0 -9999.0 -9999.0 -9999.0 -9999.0 -9999.0 -9999.0 -9999.0 -9999.0 -9999.0 -9999.0 -9999.0 -9999.0 -9999.0 -9999.0 -9999.0 -9999.0 -9999.0 -9999.0 -9999.0 -9999.0 -9999.0 -9999.0 -9999.0 -9999.0 -9999.0 -9999.0 -9999.0 -9999.0 -9999.0 -9999.0 -9999.0 -9999.0 -9999.0 -9999.0 -9999.0 -9999.0 -9999.0 -9999.0 -9999.0 -9999.0 -9999.0 -9999.0 -9999.0 -9999.0 -9999.0 -9999.0 -9999.0 -9999.0 -9999.0 -9999.0 -9999.0 -9999.0 -9999.0 -9999.0 -9999.0 -9999.0 -9999.0 -9999.0 -9999.0 -9999.0 -9999.0 -9999.0 -9999.0 -9999.0 -9999.0 -9999.0 -9999.0 -9999.0 -9999.0 -9999.0 -9999.0 -9999.0 -9999.0 -9999.0 -9999.0 -9999.0 -9999.0 -9999.0 -9999.0 -9999.0 -9999.0 -9999.0 -9999.0 -9999.0 -9999.0 -9999.0 -9999.0 -9999.0 -9999.0 -9999.0 -9999.0 -9999.0 -9999.0 -9999.0 -9999.0 -9999.0 -9999.0 -9999.0
-9999.0 -9999.0 -9999.0 -9999.0 -9999.0 -9999.0 -9999.0 -9999.0 -9999.0 -9999.0 -9999.0 -9999.0 -9999.0 -9999.0 -9999.0 -9999.0 -9999.0 -9999.0 -9999.0 -9999.0 -9999.0 -9999.0 -9999.0 -9999.0 -9999.0 -9999.0 -9999.0 -9999.0 -9999.0 -9999.0 -9999.0 -9999.0 -9999.0 -9999.0 -9999.0 -9999.0 -9999.0 -9999.0 -9999.0 -9999.0 -9999.0 -9999.0 -9999.0 -9999.0 -9999.0 -9999.0 -9999.0 -9999.0 -9999.0 -9999.0 -9999.0 -9999.0 -9999.0 -9999.0 -9999.0 -9999.0 -9999.0 -9999.0 -9999.0 -9999.0 -9999.0 -9999.0 -9999.0 -9999.0 -9999.0 -9999.0 -9999.0 -9999.0 -9999.0 -9999.0 -9999.0 -9999.0 -9999.0 -9999.0 -9999.0 -9999.0 -9999.0 -9999.0 -9999.0 -9999.0 -9999.0 -9999.0 -9999.0 -9999.0 -9999.0 -9999.0 -9999.0 -9999.0 -9999.0 -9999.0 -9999.0 -9999.0 -9999.0 -9999.0 -9999.0 -9999.0 -9999.0 -9999.0 -9999.0 -9999.0 -9999.0 -9999.0 -9999.0 -9999.0
-9999.0 -9999.0 -99.843101 -201.014242 -305.789833 -418.467774 -543.816088 -682.782736 -821.131419 -923.597860 -951.385780 -933.158136 -907.322865 -880.550732 -888.239005 -930.244344 -972.587513 -1016.147328 -1035.505823 -1022.471736 -1009.230895 -1000.002145 -995.523520 -995.117188 -997.676480 -1002.060515 -1007.240213 -1012.398734 -1017.002624 -1020.800697 -1023.753539 -1025.945639 -1027.514300 -1028.602878 -1029.336976 -1029.818046 -1030.136940 -1030.408239 -1030.703973 -1031.053522 -1035.833482 -1094.580703 -1979.209345 -3135.526160 -2671.657970 -2422.278578 -2315.871961 -2303.694391 -2302.482453 -2302.557803 -2302.803841 -2303.069142 -2303.323734 -2303.559280 -2303.777838 -2304.033427 -2304.869884 -2311.238904 -2363.265164 -2486.540270 -2718.969221 -1726.200181 -1076.361424 -1034.958015 -1031.470570 -1030.967762 -1030.863970 -1030.845502 -1030.845514 -1030.848807 -1030.852064 -1030.854672 -1030.856648 -1030.858135 -1030.859267 -1030.860143 -1030.860835 -1030.861391 -1030.861849 -1030.862249 -1030.862631 -1030.863045 -1030.863556 -1030.864255 -1030.865281 -1030.866848 -1030.869301 -1030.873198 -1030.879476 -1030.889730 -1030.906786 -1030.935805 -1030.986564 -1031.078106 -1031.248175 -1031.571989 -1032.199085 -1033.427692 -1035.873750 -1040.926978 -1052.061122 -1078.830081 -9999.0 -9999.0
-9999.0 -9999.0 -99.843099 -201.014240 -305.789831 -418.467772 -543.816085 -682.782735 -821.131418 -923.597860 -951.385780 -933.158136 -907.322865 -880.550732 -888.239005 -930.244344 -972.587513 -1016.147328 -1035.505823 -1022.471736 -1009.230895 -1000.002145 -995.523520 -995.117188 -997.676480 -1002.060515 -1007.240213 -1012.398734 -1017.002624 -1020.800697 -1023.753539 -1025.945639 -1027.514300 -1028.602878 -1029.336976 -1029.818046 -1030.136940 -1030.408239 -1030.703973 -1031.053522 -1035.833482 -1094.580703 -1979.209345 -3135.526157 -2671.657966 -2422.278571 -2315.871961 -2303.694391 -2302.482452 -2302.557803 -2302.803841 -2303.069142 -2303.323734 -2303.559280 -2303.777838 -2304.033427 -2304.869884 -2311.238904 -2363.265164 -2486.540270 -2718.969221 -1726.200181 -1076.361424 -1034.958015 -1031.470570 -1030.967762 -1030.863970 -1030.845502 -1030.845514 -1030.848807 -1030.852064 -1030.854672 -1030.856648 -1030.858135 -1030.859267 -1030.860143 -1030.860835 -1030.861391 -1030.861849 -1030.862249 -1030.862631 -1030.863045 -1030.863556 -1030.864255 -1030.865281 -1030.866848 -1030.869301 -1030.873198 -1030.879476 -1030.889730 -1030.906786 -1030.935805 -1030.986564 -1031.078106 -1031.248175 -1031.571989 -1032.199085 -1033.427692 -1035.873750 -1040.926978 -1052.061122 -1078.830081 -9999.0 -9999.0
-9999.0 -9999.0 -99.843098 -201.014239 -305.789829 -418.467771 -543.816084 -682.782733 -821.131418 -923.597860 -951.385780 -933.158136 -907.322865 -880.550732 -888.239005 -930.244344 -972.587513 -1016.147328 -1035.505823 -1022.471736 -1009.230895 -1000.002145 -995.523520 -995.117188 -997.676480 -1002.060515 -1007.240213 -1012.398734 -1017.002624 -1020.800697 -1023.753539 -1025.945639 -1027.514300 -1028.602878 -1029.336976 -1029.818046 -1030.136940 -1030.408239 -1030.703973 -1031.053522 -1035.833482 -1094.580703 -1979.209345 -3135.526157 -2671.657965 -2422.278568 -2315.871961 -2303.694391 -2302.482452 -2302.557803 -2302.803841 -2303.069142 -2303.323734 -2303.559280 -2303.777838 -2304.033427 -2304.869884 -2311.238904 -2363.265164 -2486.540270 -2718.969221 -1726.200181 -1076.361424 -1034.958015 -1031.470570 -1030.967762 -1030.863970 -1030.845502 -1030.845514 -1030.848807 -1030.852064 -1030.854672 -1030.856648 -1030.858135 -1030.859267 -1030.860143 -1030.860835 -1030.861391 -1030.861849 -1030.862249 -1030.862631 -1030.863045 -1030.863556 -1030.864255 -1030.865281 -1030.866848 -1030.869301 -1030.873198 -1030.879476 -1030.889730 -1030.906786 -1030.935805 -1030.986564 -1031.078106 -1031.248175 -1031.571989 -1032.199085 -1033.427692 -1035.873750 -1040.926978 -1052.061122 -1078.830081 -9999.0 -9999.0
-9999.0 -9999.0 -99.843098 -201.014239 -305.789829 -418.467771 -543.816084 -682.782734 -821.131418 -923.597860 -951.385780 -933.158136 -907.322865 -880.550732 -888.239005 -930.244344 -972.587513 -1016.147328 -1035.505823 -1022.471736 -1009.230895 -1000.002145 -995.523520 -995.117188 -997.676480 -1002.060515 -1007.240213 -1012.398734 -1017.002624 -1020.800697 -1023.753539 -1025.945639 -1027.514300 -1028.602878 -1029.336976 -1029.818046 -1030.136940 -1030.408239 -1030.703973 -1031.053522 -1035.833482 -1094.580703 -1979.209345 -3135.526157 -2671.657965 -2422.278568 -2315.871961 -2303.694391 -2302.482452 -2302.557803 -2302.803841 -2303.069142 -2303.323734 -2303.559280 -2303.777838 -2304.033427 -2304.869884 -2311.238904 -2363.265164 -2486.540270 -2718.969221 -1726.200181 -1076.361424 -1034.958015 -1031.470570 -1030.967762 -1030.863970 -1030.845502 -1030.845514 -1030.848807 -1030.852064 -1030.854672 -1030.856648 -1030.858135 -1030.859267 -1030.860143 -1030.860835 -1030.861391 -1030.861849 -1030.862249 -1030.862631 -1030.863045 -1030.863556 -1030.864255 -1030.865281 -1030.866848 -1030.869301 -1030.873198 -1030.879476 -1030.889730 -1030.906786 -1030.935805 -1030.986564 -1031.078106 -1031.248175 -1031.571989 -1032.199085 -1033.427692 -1035.873750 -1040.926978 -1052.061122 -1078.830081 -9999.0 -9999.0
-9999.0 -9999.0 -99.843099 -201.014240 -305.789831 -418.467772 -543.816085 -682.782735 -821.131418 -923.597860 -951.385780 -933.158136 -907.322865 -880.550732 -888.239005 -930.244344 -972.587513 -1016.147328 -1035.505823 -1022.471736 -1009.230895 -1000.002145 -995.523520 -995.117188 -997.676480 -1002.060515 -1007.240213 -1012.398734 -1017.002624 -1020.800697 -1023.753539 -1025.945639 -1027.514300 -1028.602878 -1029.336976 -1029.818046 -1030.136940 -1030.408239 -1030.703973 -1031.053522 -1035.833482 -1094.580703 -1979.209345 -3135.526157 -2671.657966 -2422.278571 -2315.871961 -2303.694391 -2302.482452 -2302.557803 -2302.803841 -2303.069142 -2303.323734 -2303.559280 -2303.777838 -2304.033427 -2304.869884 -2311.238904 -2363.265164 -2486.540270 -2718.969221 -1726.200181 -1076.361424 -1034.958015 -1031.470570 -1030.967762 -1030.863970 -1030.845502 -1030.845514 -1030.848807 -1030.852064 -1030.854672 -1030.856648 -1030.858135 -1030.859267 -1030.860143 -1030.860835 -1030.861391 -1030.861849 -1030.862249 -1030.862631 -1030.863045 -1030.863556 -1030.864255 -1030.865281 -1030.866848 -1030.869301 -1030.873198 -1030.879476 -1030.889730 -1030.906786 -1030.935805 -1030.986564 -1031.078106 -1031.248175 -1031.571989 -1032.199085 -1033.427692 -1035.873750 -1040.926978 -1052.061122 -1078.830081 -9999.0 -9999.0
-9999.0 -9999.0 -99.843101 -201.014242 -305.789833 -418.467774 -543.816087 -682.782736 -821.131419 -923.597860 -951.385780 -933.158136 -907.322865 -880.550732 -888.239005 -930.244344 -972.587513 -1016.147328 -1035.505823 -1022.471736 -1009.230895 -1000.002145 -995.523520 -995.117188 -997.676480 -1002.060515 -1007.240213 -1012.398734 -1017.002624 -1020.800697 -1023.753539 -1025.945639 -1027.514300 -1028.602878 -1029.336976 -1029.818046 -1030.136940 -1030.408239 -1030.703973 -1031.053522 -1035.833482 -1094.580703 -1979.209345 -3135.526160 -2671.657970 -2422.278578 -2315.871961 -2303.694391 -2302.482453 -2302.557803 -2302.803841 -2303.069142 -2303.323734 -2303.559280 -2303.777838 -2304.033427 -2304.869884 -2311.238904 -2363.265164 -2486.540270 -2718.969221 -1726.200181 -1076.361424 -1034.958015 -1031.470570 -1030.967762 -1030.863970 -1030.845502 -1030.845514 -1030.848807 -1030.852064 -1030.854672 -1030.856648 -1030.858135 -1030.859267 -1030.860143 -1030.860835 -1030.861391 -1030.861849 -1030.862249 -1030.862631 -1030.863045 -1030.863556 -1030.864255 -1030.865281 -1030.866848 -1030.869301 -1030.873198 -1030.879476 -1030.889730 -1030.906786 -1030.935805 -1030.986564 -1031.078106 -1031.248175 -1031.571989 -1032.199085 -1033.427692 -1035.873750 -1040.926978 -1052.061122 -1078.830081 -9999.0 -9999.0
-9999.0 -9999.0 -9999.0 -9999.0 -9999.0 -9999.0 -9999.0 -9999.0 -9999.0 -9999.0 -9999.0 -9999.0 -9999.0 -9999.0 -9999.0 -9999.0 -9999.0 -9999.0 -9999.0 -9999.0 -9999.0 -9999.0 -9999.0 -9999.0 -9999.0 -9999.0 -9999.0 -9999.0 -9999.0 -9999.0 -9999.0 -9999.0 -9999.0 -9999.0 -9999.0 -9999.0 -9999.0 -9999.0 -9999.0 -9999.0 -9999.0 -9999.0 -9999.0 -9999.0 -9999.0 -9999.0 -9999.0 -9999.0 -9999.0 -9999.0 -9999.0 -9999.0 -9999.0 -9999.0 -9999.0 -9999.0 -9999.0 -9999.0 -9999.0 -9999.0 -9999.0 -9999.0 -9999.0 -9999.0 -9999.0 -9999.0 -9999.0 -9999.0 -9999.0 -9999.0 -9999.0 -9999.0 -9999.0 -9999.0 -9999.0 -9999.0 -9999.0 -9999.0 -9999.0 -9999.0 -9999.0 -9999.0 -9999.0 -9999.0 -9999.0 -9999.0 -9999.0 -9999.0 -9999.0 -9999.0 -9999.0 -9999.0 -9999.0 -9999.0 -9999.0 -9999.0 -9999.0 -9999.0 -9999.0 -9999.0 -9999.0 -9999.0 -9999.0 -9999.0
-9999.0 -9999.0 -9999.0 -9999.0 -9999.0 -9999.0 -9999.0 -9999.0 -9999.0 -9999.0 -9999.0 -9999.0 -9999.0 -9999.0 -9999.0 -9999.0 -9999.0 -9999.0 -9999.0 -9999.0 -9999.0 -9999.0 -9999.0 -9999.0 -9999.0 -9999.0 -9999.0 -9999.0 -9999.0 -9999.0 -9999.0 -9999.0 -9999.0 -9999.0 -9999.0 -9999.0 -9999.0 -9999.0 -9999.0 -9999.0 -9999.0 -9999.0 -9999.0 -9999.0 -9999.0 -9999.0 -9999.0 -9999.0 -9999.0 -9999.0 -9999.0 -9999.0 -9999.0 -9999.0 -9999.0 -9999.0 -9999.0 -9999.0 -9999.0 -9999.0 -9999.0 -9999.0 -9999.0 -9999.0 -9999.0 -9999.0 -9999.0 -9999.0 -9999.0 -9999.0 -9999.0 -9999.0 -9999.0 -9999.0 -9999.0 -9999.0 -9999.0 -9999.0 -9999.0 -9999.0 -9999.0 -9999.0 -9999.0 -9999.0 -9999.0 -9999.0 -9999.0 -9999.0 -9999.0 -9999.0 -9999.0 -9999.0 -9999.0 -9999.0 -9999.0 -9999.0 -9999.0 -9999.0 -9999.0 -9999.0 -9999.0 -9999.0 -9999.0 -9999.0