inst/processing_geotop_simulation/geotop_simulation/out/maps3D/PwL0009N0256.asc
ncols         104
nrows         10
xllcorner     -2.000000
yllcorner     0.000000
cellsize      1.000000
NODATA_value  -9999.0
-9999.0 -9999.0 -9999.0 -9999.0 -9999.0 -9999.0 -9999.0 -9999.0 -9999.0 -9999.0 -9999.0 -9999.0 -9999.0 -9999.0 -9999.0 -9999.0 -9999.0 -9999.0 -9999.0 -9999.0 -9999.0 -9999.0 -9999.0 -9999.0 -9999.0 -9999.0 -9999.0 -9999.0 -9999.0 -9999.0 -9999.0 -9999.0 -9999.0 -9999.0 -9999.0 -9999.0 -9999.0 -9999.0 -9999.0 -9999.0 -9999.0 -9999.0 -9999.0 -9999.0 -9999.0 -9999.0 -9999.0 -9999.0 -9999.0 -9999.0 -9999.0 -9999.0 -9999.0 -9999.0 -9999.0 -9999.0 -9999.0 -9999.0 -9999.0 -9999.0 -9999.0 -9999.0 -9999.0 -9999.0 -9999.0 -9999.0 -9999.0 -9999.0 -9999.0 -9999.0 -9999.0 -9999.0 -9999.0 -9999.0 -9999.0 -9999.0 -9999.0 -9999.0 -9999.0 -9999.0 -9999.0 -9999.0 -9999.0 -9999.0 -9999.0 -9999.0 -9999.0 -9999.0 -9999.0 -9999.0 -9999.0 -9999.0 -9999.0 -9999.0 -9999.0 -9999.0 -9999.0 -9999.0 -9999.0 -9999.0 -9999.0 -9999.0 -9999.0 -9999.0
-9999.0 -9999.0 -9999.0 -9999.0 -9999.0 -9999.0 -9999.0 -9999.0 -9999.0 -9999.0 -9999.0 -9999.0 -9999.0 -9999.0 -9999.0 -9999.0 -9999.0 -9999.0 -9999.0 -9999.0 -9999.0 -9999.0 -9999.0 -9999.0 -9999.0 -9999.0 -9999.0 -9999.0 -9999.0 -9999.0 -9999.0 -9999.0 -9999.0 -9999.0 -9999.0 -9999.0 -9999.0 -9999.0 -9999.0 -9999.0 -9999.0 -9999.0 -9999.0 -9999.0 -9999.0 -9999.0 -9999.0 -9999.0 -9999.0 -9999.0 -9999.0 -9999.0 -9999.0 -9999.0 -9999.0 -9999.0 -9999.0 -9999.0 -9999.0 -9999.0 -9999.0 -9999.0 -9999.0 -9999.0 -9999.0 -9999.0 -9999.0 -9999.0 -9999.0 -9999.0 -9999.0 -9999.0 -9999.0 -9999.0 -9999.0 -9999.0 -9999.0 -9999.0 -9999.0 -9999.0 -9999.0 -9999.0 -9999.0 -9999.0 -9999.0 -9999.0 -9999.0 -9999.0 -9999.0 -9999.0 -9999.0 -9999.0 -9999.0 -9999.0 -9999.0 -9999.0 -9999.0 -9999.0 -9999.0 -9999.0 -9999.0 -9999.0 -9999.0 -9999.0
-9999.0 -9999.0 426.067042 329.781119 232.224132 134.118004 35.784332 -62.637062 -161.086627 -259.524629 -357.904967 -456.147655 -554.078022 -651.338307 -748.133593 -845.092659 -941.730891 -1038.069682 -1132.891299 -1224.142617 -1310.398361 -1388.278426 -1454.831550 -1508.745047 -1550.458132 -1581.571135 -1604.135107 -1620.149096 -1631.319561 -1638.999906 -1644.216772 -1647.724722 -1650.064567 -1651.615760 -1652.640121 -1653.317886 -1653.781140 -1654.170600 -1654.855297 -1657.325576 -1665.954602 -1675.526911 -1272.083859 -1408.159820 -1362.437931 -1334.176096 -1321.263921 -1319.515730 -1319.336816 -1319.355557 -1319.402528 -1319.452888 -1319.501248 -1319.546008 -1319.587448 -1319.634768 -1319.777821 -1320.775432 -1327.445848 -1342.629783 -1364.109581 -1209.886289 -1645.182803 -1659.337869 -1655.985115 -1654.940639 -1654.745758 -1654.714475 -1654.710123 -1654.710131 -1654.710767 -1654.711378 -1654.711865 -1654.712240 -1654.712528 -1654.712752 -1654.712931 -1654.713076 -1654.713198 -1654.713307 -1654.713414 -1654.713534 -1654.713685 -1654.713894 -1654.714202 -1654.714674 -1654.715416 -1654.716606 -1654.718542 -1654.721755 -1654.727211 -1654.736725 -1654.753818 -1654.785456 -1654.845670 -1654.963376 -1655.200598 -1655.699383 -1656.812449 -1659.497116 -1666.713271 -1689.775013 -9999.0 -9999.0
-9999.0 -9999.0 426.073865 329.782935 232.224629 134.118153 35.784380 -62.637046 -161.086621 -259.524627 -357.904966 -456.147654 -554.078022 -651.338307 -748.133593 -845.092659 -941.730891 -1038.069682 -1132.891299 -1224.142617 -1310.398361 -1388.278426 -1454.831550 -1508.745047 -1550.458133 -1581.571135 -1604.135108 -1620.149096 -1631.319561 -1638.999906 -1644.216772 -1647.724722 -1650.064567 -1651.615760 -1652.640121 -1653.317886 -1653.781140 -1654.170600 -1654.855297 -1657.325576 -1665.954602 -1675.526911 -1272.083859 -1408.159820 -1362.437931 -1334.176095 -1321.263921 -1319.515730 -1319.336816 -1319.355557 -1319.402528 -1319.452888 -1319.501248 -1319.546008 -1319.587448 -1319.634768 -1319.777821 -1320.775432 -1327.445848 -1342.629783 -1364.109581 -1209.886289 -1645.182803 -1659.337869 -1655.985115 -1654.940639 -1654.745758 -1654.714475 -1654.710123 -1654.710131 -1654.710767 -1654.711378 -1654.711865 -1654.712240 -1654.712528 -1654.712752 -1654.712931 -1654.713076 -1654.713198 -1654.713307 -1654.713414 -1654.713534 -1654.713685 -1654.713894 -1654.714202 -1654.714674 -1654.715416 -1654.716606 -1654.718542 -1654.721755 -1654.727211 -1654.736725 -1654.753818 -1654.785456 -1654.845670 -1654.963376 -1655.200598 -1655.699383 -1656.812449 -1659.497116 -1666.713271 -1689.775013 -9999.0 -9999.0
-9999.0 -9999.0 426.075375 329.783735 232.224950 134.118270 35.784422 -62.637031 -161.086616 -259.524625 -357.904965 -456.147654 -554.078022 -651.338307 -748.133592 -845.092659 -941.730891 -1038.069682 -1132.891299 -1224.142617 -1310.398361 -1388.278426 -1454.831550 -1508.745047 -1550.458133 -1581.571135 -1604.135108 -1620.149096 -1631.319561 -1638.999906 -1644.216772 -1647.724722 -1650.064567 -1651.615760 -1652.640121 -1653.317886 -1653.781140 -1654.170600 -1654.855297 -1657.325576 -1665.954602 -1675.526911 -1272.083859 -1408.159820 -1362.437930 -1334.176095 -1321.263921 -1319.515730 -1319.336816 -1319.355557 -1319.402528 -1319.452888 -1319.501248 -1319.546008 -1319.587448 -1319.634768 -1319.777821 -1320.775432 -1327.445848 -1342.629783 -1364.109581 -1209.886289 -1645.182803 -1659.337869 -1655.985115 -1654.940639 -1654.745758 -1654.714475 -1654.710123 -1654.710131 -1654.710767 -1654.711378 -1654.711865 -1654.712240 -1654.712528 -1654.712752 -1654.712931 -1654.713076 -1654.713198 -1654.713307 -1654.713414 -1654.713534 -1654.713685 -1654.713894 -1654.714202 -1654.714674 -1654.715416 -1654.716606 -1654.718542 -1654.721755 -1654.727211 -1654.736725 -1654.753818 -1654.785456 -1654.845670 -1654.963376 -1655.200598 -1655.699383 -1656.812449 -1659.497116 -1666.713271 -1689.775013 -9999.0 -9999.0
-9999.0 -9999.0 426.075375 329.783735 232.224950 134.118270 35.784422 -62.637031 -161.086616 -259.524625 -357.904965 -456.147654 -554.078022 -651.338307 -748.133592 -845.092659 -941.730891 -1038.069682 -1132.891299 -1224.142617 -1310.398361 -1388.278426 -1454.831550 -1508.745047 -1550.458133 -1581.571135 -1604.135108 -1620.149096 -1631.319561 -1638.999906 -1644.216772 -1647.724722 -1650.064567 -1651.615760 -1652.640121 -1653.317886 -1653.781140 -1654.170600 -1654.855297 -1657.325576 -1665.954602 -1675.526911 -1272.083859 -1408.159820 -1362.437930 -1334.176095 -1321.263921 -1319.515730 -1319.336816 -1319.355557 -1319.402528 -1319.452888 -1319.501248 -1319.546008 -1319.587448 -1319.634768 -1319.777821 -1320.775432 -1327.445848 -1342.629783 -1364.109581 -1209.886289 -1645.182803 -1659.337869 -1655.985115 -1654.940639 -1654.745758 -1654.714475 -1654.710123 -1654.710131 -1654.710767 -1654.711378 -1654.711865 -1654.712240 -1654.712528 -1654.712752 -1654.712931 -1654.713076 -1654.713198 -1654.713307 -1654.713414 -1654.713534 -1654.713685 -1654.713894 -1654.714202 -1654.714674 -1654.715416 -1654.716606 -1654.718542 -1654.721755 -1654.727211 -1654.736725 -1654.753818 -1654.785456 -1654.845670 -1654.963376 -1655.200598 -1655.699383 -1656.812449 -1659.497116 -1666.713271 -1689.775013 -9999.0 -9999.0
-9999.0 -9999.0 426.073865 329.782935 232.224629 134.118153 35.784380 -62.637046 -161.086621 -259.524627 -357.904966 -456.147654 -554.078022 -651.338307 -748.133592 -845.092659 -941.730891 -1038.069682 -1132.891299 -1224.142617 -1310.398361 -1388.278426 -1454.831550 -1508.745047 -1550.458133 -1581.571135 -1604.135108 -1620.149096 -1631.319561 -1638.999906 -1644.216772 -1647.724722 -1650.064567 -1651.615760 -1652.640121 -1653.317886 -1653.781140 -1654.170600 -1654.855297 -1657.325576 -1665.954602 -1675.526911 -1272.083859 -1408.159820 -1362.437931 -1334.176095 -1321.263921 -1319.515730 -1319.336816 -1319.355557 -1319.402528 -1319.452888 -1319.501248 -1319.546008 -1319.587448 -1319.634768 -1319.777821 -1320.775432 -1327.445848 -1342.629783 -1364.109581 -1209.886289 -1645.182803 -1659.337869 -1655.985115 -1654.940639 -1654.745758 -1654.714475 -1654.710123 -1654.710131 -1654.710767 -1654.711378 -1654.711865 -1654.712240 -1654.712528 -1654.712752 -1654.712931 -1654.713076 -1654.713198 -1654.713307 -1654.713414 -1654.713534 -1654.713685 -1654.713894 -1654.714202 -1654.714674 -1654.715416 -1654.716606 -1654.718542 -1654.721755 -1654.727211 -1654.736725 -1654.753818 -1654.785456 -1654.845670 -1654.963376 -1655.200598 -1655.699383 -1656.812449 -1659.497116 -1666.713271 -1689.775013 -9999.0 -9999.0
-9999.0 -9999.0 426.067042 329.781119 232.224132 134.118004 35.784332 -62.637062 -161.086627 -259.524629 -357.904967 -456.147655 -554.078022 -651.338307 -748.133593 -845.092659 -941.730891 -1038.069682 -1132.891299 -1224.142617 -1310.398361 -1388.278426 -1454.831550 -1508.745047 -1550.458132 -1581.571135 -1604.135107 -1620.149096 -1631.319561 -1638.999906 -1644.216772 -1647.724722 -1650.064567 -1651.615760 -1652.640121 -1653.317886 -1653.781140 -1654.170600 -1654.855297 -1657.325576 -1665.954602 -1675.526911 -1272.083859 -1408.159820 -1362.437931 -1334.176096 -1321.263921 -1319.515730 -1319.336816 -1319.355557 -1319.402528 -1319.452888 -1319.501248 -1319.546008 -1319.587448 -1319.634768 -1319.777821 -1320.775432 -1327.445848 -1342.629783 -1364.109581 -1209.886289 -1645.182803 -1659.337869 -1655.985115 -1654.940639 -1654.745758 -1654.714475 -1654.710123 -1654.710131 -1654.710767 -1654.711378 -1654.711865 -1654.712240 -1654.712528 -1654.712752 -1654.712931 -1654.713076 -1654.713198 -1654.713307 -1654.713414 -1654.713534 -1654.713685 -1654.713894 -1654.714202 -1654.714674 -1654.715416 -1654.716606 -1654.718542 -1654.721755 -1654.727211 -1654.736725 -1654.753818 -1654.785456 -1654.845670 -1654.963376 -1655.200598 -1655.699383 -1656.812449 -1659.497116 -1666.713271 -1689.775013 -9999.0 -9999.0
-9999.0 -9999.0 -9999.0 -9999.0 -9999.0 -9999.0 -9999.0 -9999.0 -9999.0 -9999.0 -9999.0 -9999.0 -9999.0 -9999.0 -9999.0 -9999.0 -9999.0 -9999.0 -9999.0 -9999.0 -9999.0 -9999.0 -9999.0 -9999.0 -9999.0 -9999.0 -9999.0 -9999.0 -9999.0 -9999.0 -9999.0 -9999.0 -9999.0 -9999.0 -9999.0 -9999.0 -9999.0 -9999.0 -9999.0 -9999.0 -9999.0 -9999.0 -9999.0 -9999.0 -9999.0 -9999.0 -9999.0 -9999.0 -9999.0 -9999.0 -9999.0 -9999.0 -9999.0 -9999.0 -9999.0 -9999.0 -9999.0 -9999.0 -9999.0 -9999.0 -9999.0 -9999.0 -9999.0 -9999.0 -9999.0 -9999.0 -9999.0 -9999.0 -9999.0 -9999.0 -9999.0 -9999.0 -9999.0 -9999.0 -9999.0 -9999.0 -9999.0 -9999.0 -9999.0 -9999.0 -9999.0 -9999.0 -9999.0 -9999.0 -9999.0 -9999.0 -9999.0 -9999.0 -9999.0 -9999.0 -9999.0 -9999.0 -9999.0 -9999.0 -9999.0 -9999.0 -9999.0 -9999.0 -9999.0 -9999.0 -9999.0 -9999.0 -9999.0 -9999.0
-9999.0 -9999.0 -9999.0 -9999.0 -9999.0 -9999.0 -9999.0 -9999.0 -9999.0 -9999.0 -9999.0 -9999.0 -9999.0 -9999.0 -9999.0 -9999.0 -9999.0 -9999.0 -9999.0 -9999.0 -9999.0 -9999.0 -9999.0 -9999.0 -9999.0 -9999.0 -9999.0 -9999.0 -9999.0 -9999.0 -9999.0 -9999.0 -9999.0 -9999.0 -9999.0 -9999.0 -9999.0 -9999.0 -9999.0 -9999.0 -9999.0 -9999.0 -9999.0 -9999.0 -9999.0 -9999.0 -9999.0 -9999.0 -9999.0 -9999.0 -9999.0 -9999.0 -9999.0 -9999.0 -9999.0 -9999.0 -9999.0 -9999.0 -9999.0 -9999.0 -9999.0 -9999.0 -9999.0 -9999.0 -9999.0 -9999.0 -9999.0 -9999.0 -9999.0 -9999.0 -9999.0 -9999.0 -9999.0 -9999.0 -9999.0 -9999.0 -9999.0 -9999.0 -9999.0 -9999.0 -9999.0 -9999.0 -9999.0 -9999.0 -9999.0 -9999.0 -9999.0 -9999.0 -9999.0 -9999.0 -9999.0 -9999.0 -9999.0 -9999.0 -9999.0 -9999.0 -9999.0 -9999.0 -9999.0 -9999.0 -9999.0 -9999.0 -9999.0 -9999.0