inst/processing_geotop_simulation/geotop_simulation/out/maps3D/PwL0016N0468.asc
ncols         104
nrows         10
xllcorner     -2.000000
yllcorner     0.000000
cellsize      1.000000
NODATA_value  -9999.0
-9999.0 -9999.0 -9999.0 -9999.0 -9999.0 -9999.0 -9999.0 -9999.0 -9999.0 -9999.0 -9999.0 -9999.0 -9999.0 -9999.0 -9999.0 -9999.0 -9999.0 -9999.0 -9999.0 -9999.0 -9999.0 -9999.0 -9999.0 -9999.0 -9999.0 -9999.0 -9999.0 -9999.0 -9999.0 -9999.0 -9999.0 -9999.0 -9999.0 -9999.0 -9999.0 -9999.0 -9999.0 -9999.0 -9999.0 -9999.0 -9999.0 -9999.0 -9999.0 -9999.0 -9999.0 -9999.0 -9999.0 -9999.0 -9999.0 -9999.0 -9999.0 -9999.0 -9999.0 -9999.0 -9999.0 -9999.0 -9999.0 -9999.0 -9999.0 -9999.0 -9999.0 -9999.0 -9999.0 -9999.0 -9999.0 -9999.0 -9999.0 -9999.0 -9999.0 -9999.0 -9999.0 -9999.0 -9999.0 -9999.0 -9999.0 -9999.0 -9999.0 -9999.0 -9999.0 -9999.0 -9999.0 -9999.0 -9999.0 -9999.0 -9999.0 -9999.0 -9999.0 -9999.0 -9999.0 -9999.0 -9999.0 -9999.0 -9999.0 -9999.0 -9999.0 -9999.0 -9999.0 -9999.0 -9999.0 -9999.0 -9999.0 -9999.0 -9999.0 -9999.0
-9999.0 -9999.0 -9999.0 -9999.0 -9999.0 -9999.0 -9999.0 -9999.0 -9999.0 -9999.0 -9999.0 -9999.0 -9999.0 -9999.0 -9999.0 -9999.0 -9999.0 -9999.0 -9999.0 -9999.0 -9999.0 -9999.0 -9999.0 -9999.0 -9999.0 -9999.0 -9999.0 -9999.0 -9999.0 -9999.0 -9999.0 -9999.0 -9999.0 -9999.0 -9999.0 -9999.0 -9999.0 -9999.0 -9999.0 -9999.0 -9999.0 -9999.0 -9999.0 -9999.0 -9999.0 -9999.0 -9999.0 -9999.0 -9999.0 -9999.0 -9999.0 -9999.0 -9999.0 -9999.0 -9999.0 -9999.0 -9999.0 -9999.0 -9999.0 -9999.0 -9999.0 -9999.0 -9999.0 -9999.0 -9999.0 -9999.0 -9999.0 -9999.0 -9999.0 -9999.0 -9999.0 -9999.0 -9999.0 -9999.0 -9999.0 -9999.0 -9999.0 -9999.0 -9999.0 -9999.0 -9999.0 -9999.0 -9999.0 -9999.0 -9999.0 -9999.0 -9999.0 -9999.0 -9999.0 -9999.0 -9999.0 -9999.0 -9999.0 -9999.0 -9999.0 -9999.0 -9999.0 -9999.0 -9999.0 -9999.0 -9999.0 -9999.0 -9999.0 -9999.0
-9999.0 -9999.0 769.667367 670.576285 571.331983 471.959967 372.525386 273.063815 173.593612 74.124514 -25.336469 -124.785566 -224.221371 -323.634731 -423.009126 -522.318059 -621.513948 -720.520741 -819.592902 -918.539215 -1017.295840 -1115.740462 -1211.646719 -1304.079167 -1390.982944 -1470.234081 -1540.072954 -1599.452501 -1648.193159 -1686.912602 -1716.791386 -1739.284819 -1755.875709 -1767.912354 -1776.531575 -1782.646139 -1786.980866 -1790.178358 -1793.072914 -1797.129785 -1803.080560 -1801.126649 -1887.359215 -4079.439298 -4180.426353 -4176.399620 -4172.699635 -4172.065762 -4171.998265 -4172.002824 -4172.014453 -4172.018044 -4172.012566 -4171.999972 -4171.968300 -4171.896726 -4171.759633 -4171.686547 -4172.781537 -4173.337638 -3962.929052 -1659.848430 -1757.800683 -1795.388510 -1797.620163 -1796.986101 -1796.730475 -1796.671427 -1796.660621 -1796.659233 -1796.659463 -1796.659899 -1796.660307 -1796.660660 -1796.660966 -1796.661238 -1796.661487 -1796.661720 -1796.661944 -1796.662165 -1796.662392 -1796.662634 -1796.662903 -1796.663218 -1796.663606 -1796.664114 -1796.664812 -1796.665825 -1796.667364 -1796.669812 -1796.673875 -1796.680910 -1796.693589 -1796.717327 -1796.763455 -1796.856788 -1797.055034 -1797.501973 -1798.582867 -1801.419297 -1809.605803 -1835.907796 -9999.0 -9999.0
-9999.0 -9999.0 769.670807 670.577471 571.332350 471.960083 372.525424 273.063828 173.593617 74.124516 -25.336468 -124.785565 -224.221370 -323.634730 -423.009126 -522.318059 -621.513948 -720.520741 -819.592902 -918.539215 -1017.295840 -1115.740463 -1211.646720 -1304.079167 -1390.982944 -1470.234081 -1540.072954 -1599.452501 -1648.193159 -1686.912602 -1716.791386 -1739.284819 -1755.875709 -1767.912354 -1776.531575 -1782.646139 -1786.980866 -1790.178358 -1793.072914 -1797.129785 -1803.080560 -1801.126649 -1887.359215 -4079.439298 -4180.426353 -4176.399620 -4172.699635 -4172.065762 -4171.998265 -4172.002824 -4172.014453 -4172.018044 -4172.012566 -4171.999972 -4171.968300 -4171.896726 -4171.759633 -4171.686547 -4172.781537 -4173.337638 -3962.929052 -1659.848430 -1757.800683 -1795.388510 -1797.620163 -1796.986101 -1796.730475 -1796.671427 -1796.660621 -1796.659233 -1796.659463 -1796.659899 -1796.660307 -1796.660660 -1796.660966 -1796.661238 -1796.661487 -1796.661720 -1796.661944 -1796.662165 -1796.662392 -1796.662634 -1796.662903 -1796.663218 -1796.663606 -1796.664114 -1796.664812 -1796.665825 -1796.667364 -1796.669812 -1796.673875 -1796.680910 -1796.693589 -1796.717327 -1796.763455 -1796.856788 -1797.055034 -1797.501973 -1798.582867 -1801.419297 -1809.605803 -1835.907796 -9999.0 -9999.0
-9999.0 -9999.0 769.671943 670.578069 571.332597 471.960176 372.525458 273.063841 173.593622 74.124518 -25.336467 -124.785565 -224.221370 -323.634730 -423.009126 -522.318059 -621.513948 -720.520741 -819.592902 -918.539215 -1017.295841 -1115.740463 -1211.646720 -1304.079167 -1390.982945 -1470.234081 -1540.072954 -1599.452502 -1648.193159 -1686.912602 -1716.791386 -1739.284819 -1755.875709 -1767.912354 -1776.531575 -1782.646139 -1786.980866 -1790.178358 -1793.072914 -1797.129785 -1803.080560 -1801.126649 -1887.359215 -4079.439298 -4180.426353 -4176.399620 -4172.699635 -4172.065762 -4171.998265 -4172.002824 -4172.014453 -4172.018044 -4172.012566 -4171.999972 -4171.968300 -4171.896726 -4171.759633 -4171.686547 -4172.781537 -4173.337638 -3962.929052 -1659.848430 -1757.800683 -1795.388510 -1797.620163 -1796.986101 -1796.730475 -1796.671427 -1796.660621 -1796.659233 -1796.659463 -1796.659899 -1796.660307 -1796.660660 -1796.660966 -1796.661238 -1796.661487 -1796.661720 -1796.661944 -1796.662165 -1796.662392 -1796.662634 -1796.662903 -1796.663218 -1796.663606 -1796.664114 -1796.664812 -1796.665825 -1796.667364 -1796.669812 -1796.673875 -1796.680910 -1796.693589 -1796.717327 -1796.763455 -1796.856788 -1797.055034 -1797.501973 -1798.582867 -1801.419297 -1809.605803 -1835.907796 -9999.0 -9999.0
-9999.0 -9999.0 769.671943 670.578070 571.332597 471.960176 372.525458 273.063841 173.593622 74.124518 -25.336467 -124.785565 -224.221370 -323.634730 -423.009126 -522.318059 -621.513948 -720.520741 -819.592902 -918.539215 -1017.295841 -1115.740463 -1211.646720 -1304.079167 -1390.982945 -1470.234081 -1540.072954 -1599.452502 -1648.193159 -1686.912602 -1716.791386 -1739.284819 -1755.875709 -1767.912354 -1776.531575 -1782.646139 -1786.980866 -1790.178358 -1793.072914 -1797.129785 -1803.080560 -1801.126649 -1887.359215 -4079.439298 -4180.426353 -4176.399620 -4172.699635 -4172.065762 -4171.998265 -4172.002824 -4172.014453 -4172.018044 -4172.012566 -4171.999972 -4171.968300 -4171.896726 -4171.759633 -4171.686547 -4172.781537 -4173.337638 -3962.929052 -1659.848430 -1757.800683 -1795.388510 -1797.620163 -1796.986101 -1796.730475 -1796.671427 -1796.660621 -1796.659233 -1796.659463 -1796.659899 -1796.660307 -1796.660660 -1796.660966 -1796.661238 -1796.661487 -1796.661720 -1796.661944 -1796.662165 -1796.662392 -1796.662634 -1796.662903 -1796.663218 -1796.663606 -1796.664114 -1796.664812 -1796.665825 -1796.667364 -1796.669812 -1796.673875 -1796.680910 -1796.693589 -1796.717327 -1796.763455 -1796.856788 -1797.055034 -1797.501973 -1798.582867 -1801.419297 -1809.605803 -1835.907796 -9999.0 -9999.0
-9999.0 -9999.0 769.670807 670.577471 571.332350 471.960083 372.525424 273.063828 173.593617 74.124516 -25.336468 -124.785565 -224.221370 -323.634730 -423.009126 -522.318059 -621.513948 -720.520741 -819.592902 -918.539215 -1017.295840 -1115.740463 -1211.646720 -1304.079167 -1390.982944 -1470.234081 -1540.072954 -1599.452501 -1648.193159 -1686.912602 -1716.791386 -1739.284819 -1755.875709 -1767.912354 -1776.531575 -1782.646139 -1786.980866 -1790.178358 -1793.072914 -1797.129785 -1803.080560 -1801.126649 -1887.359215 -4079.439298 -4180.426353 -4176.399620 -4172.699635 -4172.065762 -4171.998265 -4172.002824 -4172.014453 -4172.018044 -4172.012566 -4171.999972 -4171.968300 -4171.896726 -4171.759633 -4171.686547 -4172.781537 -4173.337638 -3962.929052 -1659.848430 -1757.800683 -1795.388510 -1797.620163 -1796.986101 -1796.730475 -1796.671427 -1796.660621 -1796.659233 -1796.659463 -1796.659899 -1796.660307 -1796.660660 -1796.660966 -1796.661238 -1796.661487 -1796.661720 -1796.661944 -1796.662165 -1796.662392 -1796.662634 -1796.662903 -1796.663218 -1796.663606 -1796.664114 -1796.664812 -1796.665825 -1796.667364 -1796.669812 -1796.673875 -1796.680910 -1796.693589 -1796.717327 -1796.763455 -1796.856788 -1797.055034 -1797.501973 -1798.582867 -1801.419297 -1809.605803 -1835.907796 -9999.0 -9999.0
-9999.0 -9999.0 769.667366 670.576285 571.331983 471.959967 372.525386 273.063815 173.593612 74.124514 -25.336469 -124.785566 -224.221371 -323.634731 -423.009126 -522.318060 -621.513948 -720.520741 -819.592902 -918.539215 -1017.295840 -1115.740462 -1211.646719 -1304.079167 -1390.982944 -1470.234081 -1540.072954 -1599.452501 -1648.193159 -1686.912602 -1716.791386 -1739.284819 -1755.875709 -1767.912354 -1776.531575 -1782.646139 -1786.980866 -1790.178358 -1793.072914 -1797.129785 -1803.080560 -1801.126649 -1887.359215 -4079.439298 -4180.426353 -4176.399620 -4172.699635 -4172.065762 -4171.998265 -4172.002824 -4172.014453 -4172.018044 -4172.012566 -4171.999972 -4171.968300 -4171.896726 -4171.759633 -4171.686547 -4172.781537 -4173.337638 -3962.929052 -1659.848430 -1757.800683 -1795.388510 -1797.620163 -1796.986101 -1796.730475 -1796.671427 -1796.660621 -1796.659233 -1796.659463 -1796.659899 -1796.660307 -1796.660660 -1796.660966 -1796.661238 -1796.661487 -1796.661720 -1796.661944 -1796.662165 -1796.662392 -1796.662634 -1796.662903 -1796.663218 -1796.663606 -1796.664114 -1796.664812 -1796.665825 -1796.667364 -1796.669812 -1796.673875 -1796.680910 -1796.693589 -1796.717327 -1796.763455 -1796.856788 -1797.055034 -1797.501973 -1798.582867 -1801.419297 -1809.605803 -1835.907796 -9999.0 -9999.0
-9999.0 -9999.0 -9999.0 -9999.0 -9999.0 -9999.0 -9999.0 -9999.0 -9999.0 -9999.0 -9999.0 -9999.0 -9999.0 -9999.0 -9999.0 -9999.0 -9999.0 -9999.0 -9999.0 -9999.0 -9999.0 -9999.0 -9999.0 -9999.0 -9999.0 -9999.0 -9999.0 -9999.0 -9999.0 -9999.0 -9999.0 -9999.0 -9999.0 -9999.0 -9999.0 -9999.0 -9999.0 -9999.0 -9999.0 -9999.0 -9999.0 -9999.0 -9999.0 -9999.0 -9999.0 -9999.0 -9999.0 -9999.0 -9999.0 -9999.0 -9999.0 -9999.0 -9999.0 -9999.0 -9999.0 -9999.0 -9999.0 -9999.0 -9999.0 -9999.0 -9999.0 -9999.0 -9999.0 -9999.0 -9999.0 -9999.0 -9999.0 -9999.0 -9999.0 -9999.0 -9999.0 -9999.0 -9999.0 -9999.0 -9999.0 -9999.0 -9999.0 -9999.0 -9999.0 -9999.0 -9999.0 -9999.0 -9999.0 -9999.0 -9999.0 -9999.0 -9999.0 -9999.0 -9999.0 -9999.0 -9999.0 -9999.0 -9999.0 -9999.0 -9999.0 -9999.0 -9999.0 -9999.0 -9999.0 -9999.0 -9999.0 -9999.0 -9999.0 -9999.0
-9999.0 -9999.0 -9999.0 -9999.0 -9999.0 -9999.0 -9999.0 -9999.0 -9999.0 -9999.0 -9999.0 -9999.0 -9999.0 -9999.0 -9999.0 -9999.0 -9999.0 -9999.0 -9999.0 -9999.0 -9999.0 -9999.0 -9999.0 -9999.0 -9999.0 -9999.0 -9999.0 -9999.0 -9999.0 -9999.0 -9999.0 -9999.0 -9999.0 -9999.0 -9999.0 -9999.0 -9999.0 -9999.0 -9999.0 -9999.0 -9999.0 -9999.0 -9999.0 -9999.0 -9999.0 -9999.0 -9999.0 -9999.0 -9999.0 -9999.0 -9999.0 -9999.0 -9999.0 -9999.0 -9999.0 -9999.0 -9999.0 -9999.0 -9999.0 -9999.0 -9999.0 -9999.0 -9999.0 -9999.0 -9999.0 -9999.0 -9999.0 -9999.0 -9999.0 -9999.0 -9999.0 -9999.0 -9999.0 -9999.0 -9999.0 -9999.0 -9999.0 -9999.0 -9999.0 -9999.0 -9999.0 -9999.0 -9999.0 -9999.0 -9999.0 -9999.0 -9999.0 -9999.0 -9999.0 -9999.0 -9999.0 -9999.0 -9999.0 -9999.0 -9999.0 -9999.0 -9999.0 -9999.0 -9999.0 -9999.0 -9999.0 -9999.0 -9999.0 -9999.0