inst/processing_geotop_simulation/geotop_simulation/out/maps3D/PwL0009N0138.asc
ncols         104
nrows         10
xllcorner     -2.000000
yllcorner     0.000000
cellsize      1.000000
NODATA_value  -9999.0
-9999.0 -9999.0 -9999.0 -9999.0 -9999.0 -9999.0 -9999.0 -9999.0 -9999.0 -9999.0 -9999.0 -9999.0 -9999.0 -9999.0 -9999.0 -9999.0 -9999.0 -9999.0 -9999.0 -9999.0 -9999.0 -9999.0 -9999.0 -9999.0 -9999.0 -9999.0 -9999.0 -9999.0 -9999.0 -9999.0 -9999.0 -9999.0 -9999.0 -9999.0 -9999.0 -9999.0 -9999.0 -9999.0 -9999.0 -9999.0 -9999.0 -9999.0 -9999.0 -9999.0 -9999.0 -9999.0 -9999.0 -9999.0 -9999.0 -9999.0 -9999.0 -9999.0 -9999.0 -9999.0 -9999.0 -9999.0 -9999.0 -9999.0 -9999.0 -9999.0 -9999.0 -9999.0 -9999.0 -9999.0 -9999.0 -9999.0 -9999.0 -9999.0 -9999.0 -9999.0 -9999.0 -9999.0 -9999.0 -9999.0 -9999.0 -9999.0 -9999.0 -9999.0 -9999.0 -9999.0 -9999.0 -9999.0 -9999.0 -9999.0 -9999.0 -9999.0 -9999.0 -9999.0 -9999.0 -9999.0 -9999.0 -9999.0 -9999.0 -9999.0 -9999.0 -9999.0 -9999.0 -9999.0 -9999.0 -9999.0 -9999.0 -9999.0 -9999.0 -9999.0
-9999.0 -9999.0 -9999.0 -9999.0 -9999.0 -9999.0 -9999.0 -9999.0 -9999.0 -9999.0 -9999.0 -9999.0 -9999.0 -9999.0 -9999.0 -9999.0 -9999.0 -9999.0 -9999.0 -9999.0 -9999.0 -9999.0 -9999.0 -9999.0 -9999.0 -9999.0 -9999.0 -9999.0 -9999.0 -9999.0 -9999.0 -9999.0 -9999.0 -9999.0 -9999.0 -9999.0 -9999.0 -9999.0 -9999.0 -9999.0 -9999.0 -9999.0 -9999.0 -9999.0 -9999.0 -9999.0 -9999.0 -9999.0 -9999.0 -9999.0 -9999.0 -9999.0 -9999.0 -9999.0 -9999.0 -9999.0 -9999.0 -9999.0 -9999.0 -9999.0 -9999.0 -9999.0 -9999.0 -9999.0 -9999.0 -9999.0 -9999.0 -9999.0 -9999.0 -9999.0 -9999.0 -9999.0 -9999.0 -9999.0 -9999.0 -9999.0 -9999.0 -9999.0 -9999.0 -9999.0 -9999.0 -9999.0 -9999.0 -9999.0 -9999.0 -9999.0 -9999.0 -9999.0 -9999.0 -9999.0 -9999.0 -9999.0 -9999.0 -9999.0 -9999.0 -9999.0 -9999.0 -9999.0 -9999.0 -9999.0 -9999.0 -9999.0 -9999.0 -9999.0
-9999.0 -9999.0 436.247224 347.040702 254.190189 159.746968 64.636953 -30.739454 -126.198878 -221.640902 -316.946500 -411.960696 -506.499606 -600.713490 -695.351013 -789.899338 -884.342928 -978.333434 -1070.542260 -1155.899810 -1224.929958 -1275.878737 -1310.593283 -1332.972742 -1347.024357 -1355.852366 -1361.507918 -1365.223775 -1367.713654 -1369.398647 -1370.541953 -1371.316575 -1371.839887 -1372.192210 -1372.428425 -1372.587775 -1372.705621 -1372.832499 -1373.128507 -1374.680008 -1384.021602 -1430.672172 -1364.621079 -1602.609244 -1509.213593 -1456.294643 -1432.703613 -1429.754485 -1429.460269 -1429.492962 -1429.572080 -1429.656686 -1429.737878 -1429.812996 -1429.882378 -1429.960189 -1430.188014 -1431.816614 -1443.766161 -1471.468796 -1518.146296 -1261.071750 -1404.710210 -1379.617359 -1373.991649 -1373.150769 -1373.028918 -1373.009878 -1373.007812 -1373.008768 -1373.010054 -1373.011145 -1373.011989 -1373.012628 -1373.013116 -1373.013494 -1373.013793 -1373.014033 -1373.014233 -1373.014410 -1373.014582 -1373.014771 -1373.015009 -1373.015338 -1373.015824 -1373.016570 -1373.017743 -1373.019616 -1373.022650 -1373.027648 -1373.036049 -1373.050528 -1373.076215 -1373.123177 -1373.211459 -1373.381352 -1373.715212 -1374.388709 -1375.806742 -1378.991501 -1386.796016 -1409.288901 -9999.0 -9999.0
-9999.0 -9999.0 436.254773 347.042724 254.190745 159.747135 64.637006 -30.739437 -126.198872 -221.640900 -316.946499 -411.960696 -506.499606 -600.713490 -695.351013 -789.899338 -884.342928 -978.333434 -1070.542260 -1155.899810 -1224.929958 -1275.878737 -1310.593283 -1332.972742 -1347.024357 -1355.852366 -1361.507918 -1365.223775 -1367.713654 -1369.398647 -1370.541953 -1371.316575 -1371.839887 -1372.192210 -1372.428425 -1372.587775 -1372.705621 -1372.832499 -1373.128507 -1374.680008 -1384.021602 -1430.672172 -1364.621079 -1602.609243 -1509.213593 -1456.294642 -1432.703613 -1429.754485 -1429.460269 -1429.492962 -1429.572080 -1429.656686 -1429.737878 -1429.812996 -1429.882378 -1429.960189 -1430.188014 -1431.816614 -1443.766161 -1471.468796 -1518.146296 -1261.071750 -1404.710210 -1379.617359 -1373.991649 -1373.150769 -1373.028918 -1373.009878 -1373.007812 -1373.008768 -1373.010054 -1373.011145 -1373.011989 -1373.012628 -1373.013116 -1373.013494 -1373.013793 -1373.014033 -1373.014233 -1373.014410 -1373.014582 -1373.014771 -1373.015009 -1373.015338 -1373.015824 -1373.016570 -1373.017743 -1373.019616 -1373.022650 -1373.027648 -1373.036049 -1373.050528 -1373.076215 -1373.123177 -1373.211459 -1373.381352 -1373.715212 -1374.388709 -1375.806742 -1378.991501 -1386.796016 -1409.288901 -9999.0 -9999.0
-9999.0 -9999.0 436.256444 347.043610 254.191102 159.747266 64.637053 -30.739420 -126.198866 -221.640898 -316.946498 -411.960696 -506.499606 -600.713490 -695.351013 -789.899338 -884.342928 -978.333435 -1070.542260 -1155.899810 -1224.929958 -1275.878737 -1310.593283 -1332.972742 -1347.024357 -1355.852366 -1361.507918 -1365.223775 -1367.713654 -1369.398647 -1370.541953 -1371.316575 -1371.839887 -1372.192210 -1372.428425 -1372.587775 -1372.705621 -1372.832499 -1373.128507 -1374.680008 -1384.021602 -1430.672172 -1364.621079 -1602.609243 -1509.213592 -1456.294641 -1432.703613 -1429.754485 -1429.460269 -1429.492962 -1429.572080 -1429.656686 -1429.737878 -1429.812996 -1429.882378 -1429.960189 -1430.188014 -1431.816614 -1443.766161 -1471.468796 -1518.146296 -1261.071750 -1404.710210 -1379.617359 -1373.991649 -1373.150769 -1373.028918 -1373.009878 -1373.007812 -1373.008768 -1373.010054 -1373.011145 -1373.011989 -1373.012628 -1373.013116 -1373.013494 -1373.013793 -1373.014033 -1373.014233 -1373.014410 -1373.014582 -1373.014771 -1373.015009 -1373.015338 -1373.015824 -1373.016570 -1373.017743 -1373.019616 -1373.022650 -1373.027648 -1373.036049 -1373.050528 -1373.076215 -1373.123177 -1373.211459 -1373.381352 -1373.715212 -1374.388709 -1375.806742 -1378.991501 -1386.796016 -1409.288901 -9999.0 -9999.0
-9999.0 -9999.0 436.256444 347.043610 254.191102 159.747266 64.637053 -30.739420 -126.198867 -221.640898 -316.946498 -411.960696 -506.499606 -600.713490 -695.351013 -789.899338 -884.342928 -978.333435 -1070.542260 -1155.899810 -1224.929958 -1275.878737 -1310.593283 -1332.972742 -1347.024357 -1355.852366 -1361.507918 -1365.223775 -1367.713654 -1369.398647 -1370.541953 -1371.316575 -1371.839887 -1372.192210 -1372.428425 -1372.587775 -1372.705621 -1372.832499 -1373.128507 -1374.680008 -1384.021602 -1430.672172 -1364.621079 -1602.609243 -1509.213592 -1456.294641 -1432.703613 -1429.754485 -1429.460269 -1429.492962 -1429.572080 -1429.656686 -1429.737878 -1429.812996 -1429.882378 -1429.960189 -1430.188014 -1431.816614 -1443.766161 -1471.468796 -1518.146296 -1261.071750 -1404.710210 -1379.617359 -1373.991649 -1373.150769 -1373.028918 -1373.009878 -1373.007812 -1373.008768 -1373.010054 -1373.011145 -1373.011989 -1373.012628 -1373.013116 -1373.013494 -1373.013793 -1373.014033 -1373.014233 -1373.014410 -1373.014582 -1373.014771 -1373.015009 -1373.015338 -1373.015824 -1373.016570 -1373.017743 -1373.019616 -1373.022650 -1373.027648 -1373.036049 -1373.050528 -1373.076215 -1373.123177 -1373.211459 -1373.381352 -1373.715212 -1374.388709 -1375.806742 -1378.991501 -1386.796016 -1409.288901 -9999.0 -9999.0
-9999.0 -9999.0 436.254773 347.042723 254.190745 159.747135 64.637007 -30.739437 -126.198872 -221.640900 -316.946499 -411.960696 -506.499606 -600.713490 -695.351013 -789.899338 -884.342928 -978.333434 -1070.542260 -1155.899810 -1224.929958 -1275.878737 -1310.593283 -1332.972742 -1347.024357 -1355.852366 -1361.507918 -1365.223775 -1367.713654 -1369.398647 -1370.541953 -1371.316575 -1371.839887 -1372.192210 -1372.428425 -1372.587775 -1372.705621 -1372.832499 -1373.128507 -1374.680008 -1384.021602 -1430.672172 -1364.621079 -1602.609243 -1509.213593 -1456.294642 -1432.703613 -1429.754485 -1429.460269 -1429.492962 -1429.572080 -1429.656686 -1429.737878 -1429.812996 -1429.882378 -1429.960189 -1430.188014 -1431.816614 -1443.766161 -1471.468796 -1518.146296 -1261.071750 -1404.710210 -1379.617359 -1373.991649 -1373.150769 -1373.028918 -1373.009878 -1373.007812 -1373.008768 -1373.010054 -1373.011145 -1373.011989 -1373.012628 -1373.013116 -1373.013494 -1373.013793 -1373.014033 -1373.014233 -1373.014410 -1373.014582 -1373.014771 -1373.015009 -1373.015338 -1373.015824 -1373.016570 -1373.017743 -1373.019616 -1373.022650 -1373.027648 -1373.036049 -1373.050528 -1373.076215 -1373.123177 -1373.211459 -1373.381352 -1373.715212 -1374.388709 -1375.806742 -1378.991501 -1386.796016 -1409.288901 -9999.0 -9999.0
-9999.0 -9999.0 436.247224 347.040702 254.190189 159.746968 64.636953 -30.739454 -126.198878 -221.640902 -316.946500 -411.960696 -506.499606 -600.713490 -695.351013 -789.899338 -884.342928 -978.333434 -1070.542260 -1155.899810 -1224.929958 -1275.878737 -1310.593283 -1332.972742 -1347.024357 -1355.852366 -1361.507918 -1365.223775 -1367.713654 -1369.398647 -1370.541953 -1371.316575 -1371.839887 -1372.192210 -1372.428425 -1372.587775 -1372.705621 -1372.832499 -1373.128507 -1374.680008 -1384.021602 -1430.672172 -1364.621079 -1602.609244 -1509.213593 -1456.294643 -1432.703613 -1429.754485 -1429.460269 -1429.492962 -1429.572080 -1429.656686 -1429.737878 -1429.812996 -1429.882378 -1429.960189 -1430.188014 -1431.816614 -1443.766161 -1471.468796 -1518.146296 -1261.071750 -1404.710210 -1379.617359 -1373.991649 -1373.150769 -1373.028918 -1373.009878 -1373.007812 -1373.008768 -1373.010054 -1373.011145 -1373.011989 -1373.012628 -1373.013116 -1373.013494 -1373.013793 -1373.014033 -1373.014233 -1373.014410 -1373.014582 -1373.014771 -1373.015009 -1373.015338 -1373.015824 -1373.016570 -1373.017743 -1373.019616 -1373.022650 -1373.027648 -1373.036049 -1373.050528 -1373.076215 -1373.123177 -1373.211459 -1373.381352 -1373.715212 -1374.388709 -1375.806742 -1378.991501 -1386.796016 -1409.288901 -9999.0 -9999.0
-9999.0 -9999.0 -9999.0 -9999.0 -9999.0 -9999.0 -9999.0 -9999.0 -9999.0 -9999.0 -9999.0 -9999.0 -9999.0 -9999.0 -9999.0 -9999.0 -9999.0 -9999.0 -9999.0 -9999.0 -9999.0 -9999.0 -9999.0 -9999.0 -9999.0 -9999.0 -9999.0 -9999.0 -9999.0 -9999.0 -9999.0 -9999.0 -9999.0 -9999.0 -9999.0 -9999.0 -9999.0 -9999.0 -9999.0 -9999.0 -9999.0 -9999.0 -9999.0 -9999.0 -9999.0 -9999.0 -9999.0 -9999.0 -9999.0 -9999.0 -9999.0 -9999.0 -9999.0 -9999.0 -9999.0 -9999.0 -9999.0 -9999.0 -9999.0 -9999.0 -9999.0 -9999.0 -9999.0 -9999.0 -9999.0 -9999.0 -9999.0 -9999.0 -9999.0 -9999.0 -9999.0 -9999.0 -9999.0 -9999.0 -9999.0 -9999.0 -9999.0 -9999.0 -9999.0 -9999.0 -9999.0 -9999.0 -9999.0 -9999.0 -9999.0 -9999.0 -9999.0 -9999.0 -9999.0 -9999.0 -9999.0 -9999.0 -9999.0 -9999.0 -9999.0 -9999.0 -9999.0 -9999.0 -9999.0 -9999.0 -9999.0 -9999.0 -9999.0 -9999.0
-9999.0 -9999.0 -9999.0 -9999.0 -9999.0 -9999.0 -9999.0 -9999.0 -9999.0 -9999.0 -9999.0 -9999.0 -9999.0 -9999.0 -9999.0 -9999.0 -9999.0 -9999.0 -9999.0 -9999.0 -9999.0 -9999.0 -9999.0 -9999.0 -9999.0 -9999.0 -9999.0 -9999.0 -9999.0 -9999.0 -9999.0 -9999.0 -9999.0 -9999.0 -9999.0 -9999.0 -9999.0 -9999.0 -9999.0 -9999.0 -9999.0 -9999.0 -9999.0 -9999.0 -9999.0 -9999.0 -9999.0 -9999.0 -9999.0 -9999.0 -9999.0 -9999.0 -9999.0 -9999.0 -9999.0 -9999.0 -9999.0 -9999.0 -9999.0 -9999.0 -9999.0 -9999.0 -9999.0 -9999.0 -9999.0 -9999.0 -9999.0 -9999.0 -9999.0 -9999.0 -9999.0 -9999.0 -9999.0 -9999.0 -9999.0 -9999.0 -9999.0 -9999.0 -9999.0 -9999.0 -9999.0 -9999.0 -9999.0 -9999.0 -9999.0 -9999.0 -9999.0 -9999.0 -9999.0 -9999.0 -9999.0 -9999.0 -9999.0 -9999.0 -9999.0 -9999.0 -9999.0 -9999.0 -9999.0 -9999.0 -9999.0 -9999.0 -9999.0 -9999.0