inst/processing_geotop_simulation/geotop_simulation/out/maps3D/PwL0016N0428.asc
ncols         104
nrows         10
xllcorner     -2.000000
yllcorner     0.000000
cellsize      1.000000
NODATA_value  -9999.0
-9999.0 -9999.0 -9999.0 -9999.0 -9999.0 -9999.0 -9999.0 -9999.0 -9999.0 -9999.0 -9999.0 -9999.0 -9999.0 -9999.0 -9999.0 -9999.0 -9999.0 -9999.0 -9999.0 -9999.0 -9999.0 -9999.0 -9999.0 -9999.0 -9999.0 -9999.0 -9999.0 -9999.0 -9999.0 -9999.0 -9999.0 -9999.0 -9999.0 -9999.0 -9999.0 -9999.0 -9999.0 -9999.0 -9999.0 -9999.0 -9999.0 -9999.0 -9999.0 -9999.0 -9999.0 -9999.0 -9999.0 -9999.0 -9999.0 -9999.0 -9999.0 -9999.0 -9999.0 -9999.0 -9999.0 -9999.0 -9999.0 -9999.0 -9999.0 -9999.0 -9999.0 -9999.0 -9999.0 -9999.0 -9999.0 -9999.0 -9999.0 -9999.0 -9999.0 -9999.0 -9999.0 -9999.0 -9999.0 -9999.0 -9999.0 -9999.0 -9999.0 -9999.0 -9999.0 -9999.0 -9999.0 -9999.0 -9999.0 -9999.0 -9999.0 -9999.0 -9999.0 -9999.0 -9999.0 -9999.0 -9999.0 -9999.0 -9999.0 -9999.0 -9999.0 -9999.0 -9999.0 -9999.0 -9999.0 -9999.0 -9999.0 -9999.0 -9999.0 -9999.0
-9999.0 -9999.0 -9999.0 -9999.0 -9999.0 -9999.0 -9999.0 -9999.0 -9999.0 -9999.0 -9999.0 -9999.0 -9999.0 -9999.0 -9999.0 -9999.0 -9999.0 -9999.0 -9999.0 -9999.0 -9999.0 -9999.0 -9999.0 -9999.0 -9999.0 -9999.0 -9999.0 -9999.0 -9999.0 -9999.0 -9999.0 -9999.0 -9999.0 -9999.0 -9999.0 -9999.0 -9999.0 -9999.0 -9999.0 -9999.0 -9999.0 -9999.0 -9999.0 -9999.0 -9999.0 -9999.0 -9999.0 -9999.0 -9999.0 -9999.0 -9999.0 -9999.0 -9999.0 -9999.0 -9999.0 -9999.0 -9999.0 -9999.0 -9999.0 -9999.0 -9999.0 -9999.0 -9999.0 -9999.0 -9999.0 -9999.0 -9999.0 -9999.0 -9999.0 -9999.0 -9999.0 -9999.0 -9999.0 -9999.0 -9999.0 -9999.0 -9999.0 -9999.0 -9999.0 -9999.0 -9999.0 -9999.0 -9999.0 -9999.0 -9999.0 -9999.0 -9999.0 -9999.0 -9999.0 -9999.0 -9999.0 -9999.0 -9999.0 -9999.0 -9999.0 -9999.0 -9999.0 -9999.0 -9999.0 -9999.0 -9999.0 -9999.0 -9999.0 -9999.0
-9999.0 -9999.0 770.030098 671.080422 571.953885 472.679812 373.333427 273.955813 174.568175 75.181754 -24.195401 -123.558834 -222.906626 -322.227084 -421.498900 -520.687355 -619.729841 -718.525064 -817.406241 -916.123344 -1014.596064 -1112.676781 -1207.511450 -1298.180676 -1382.495503 -1458.348972 -1524.164604 -1579.201203 -1623.622017 -1658.337075 -1684.716798 -1704.296683 -1718.553401 -1728.776160 -1736.019047 -1741.108194 -1744.687804 -1747.328716 -1749.817774 -1753.752090 -1761.056954 -1767.098071 -1924.224695 -4093.486485 -4182.529724 -4181.603256 -4180.738380 -4180.591079 -4180.575294 -4180.575889 -4180.577328 -4180.574607 -4180.567507 -4180.556967 -4180.536773 -4180.495985 -4180.413326 -4180.277795 -4180.240032 -4179.560468 -4003.574937 -1699.989932 -1724.448675 -1752.998049 -1753.669763 -1752.850659 -1752.586874 -1752.530487 -1752.520643 -1752.519470 -1752.519738 -1752.520173 -1752.520567 -1752.520898 -1752.521178 -1752.521420 -1752.521635 -1752.521831 -1752.522016 -1752.522197 -1752.522381 -1752.522578 -1752.522801 -1752.523071 -1752.523415 -1752.523880 -1752.524544 -1752.525534 -1752.527073 -1752.529557 -1752.533723 -1752.540978 -1752.554090 -1752.578643 -1752.626263 -1752.722209 -1752.924712 -1753.377577 -1754.462508 -1757.280004 -1765.344399 -1791.258296 -9999.0 -9999.0
-9999.0 -9999.0 770.033632 671.081640 571.954261 472.679931 373.333466 273.955827 174.568180 75.181756 -24.195400 -123.558834 -222.906625 -322.227084 -421.498900 -520.687355 -619.729841 -718.525065 -817.406241 -916.123344 -1014.596064 -1112.676781 -1207.511450 -1298.180676 -1382.495503 -1458.348973 -1524.164604 -1579.201203 -1623.622017 -1658.337075 -1684.716798 -1704.296683 -1718.553401 -1728.776160 -1736.019047 -1741.108194 -1744.687804 -1747.328716 -1749.817774 -1753.752090 -1761.056954 -1767.098071 -1924.224695 -4093.486485 -4182.529724 -4181.603256 -4180.738380 -4180.591079 -4180.575294 -4180.575889 -4180.577328 -4180.574607 -4180.567507 -4180.556967 -4180.536773 -4180.495985 -4180.413326 -4180.277795 -4180.240032 -4179.560468 -4003.574937 -1699.989932 -1724.448675 -1752.998049 -1753.669763 -1752.850659 -1752.586874 -1752.530486 -1752.520643 -1752.519470 -1752.519738 -1752.520173 -1752.520567 -1752.520898 -1752.521178 -1752.521420 -1752.521635 -1752.521831 -1752.522016 -1752.522196 -1752.522381 -1752.522578 -1752.522801 -1752.523071 -1752.523415 -1752.523880 -1752.524544 -1752.525534 -1752.527073 -1752.529557 -1752.533723 -1752.540978 -1752.554090 -1752.578643 -1752.626263 -1752.722209 -1752.924712 -1753.377577 -1754.462508 -1757.280004 -1765.344399 -1791.258296 -9999.0 -9999.0
-9999.0 -9999.0 770.034799 671.082254 571.954515 472.680027 373.333501 273.955839 174.568184 75.181758 -24.195399 -123.558833 -222.906625 -322.227084 -421.498900 -520.687355 -619.729841 -718.525065 -817.406242 -916.123344 -1014.596064 -1112.676782 -1207.511451 -1298.180676 -1382.495503 -1458.348973 -1524.164604 -1579.201203 -1623.622017 -1658.337075 -1684.716798 -1704.296683 -1718.553401 -1728.776160 -1736.019047 -1741.108194 -1744.687804 -1747.328716 -1749.817774 -1753.752090 -1761.056954 -1767.098071 -1924.224695 -4093.486485 -4182.529724 -4181.603256 -4180.738380 -4180.591079 -4180.575294 -4180.575889 -4180.577328 -4180.574607 -4180.567507 -4180.556967 -4180.536773 -4180.495985 -4180.413326 -4180.277795 -4180.240032 -4179.560468 -4003.574937 -1699.989932 -1724.448675 -1752.998049 -1753.669763 -1752.850659 -1752.586874 -1752.530486 -1752.520643 -1752.519470 -1752.519738 -1752.520173 -1752.520567 -1752.520898 -1752.521178 -1752.521420 -1752.521635 -1752.521831 -1752.522016 -1752.522196 -1752.522381 -1752.522578 -1752.522801 -1752.523070 -1752.523415 -1752.523880 -1752.524544 -1752.525534 -1752.527073 -1752.529557 -1752.533723 -1752.540978 -1752.554090 -1752.578643 -1752.626263 -1752.722209 -1752.924712 -1753.377577 -1754.462508 -1757.280004 -1765.344399 -1791.258296 -9999.0 -9999.0
-9999.0 -9999.0 770.034799 671.082254 571.954515 472.680027 373.333501 273.955839 174.568184 75.181758 -24.195399 -123.558833 -222.906625 -322.227084 -421.498900 -520.687355 -619.729841 -718.525065 -817.406242 -916.123345 -1014.596064 -1112.676782 -1207.511451 -1298.180676 -1382.495503 -1458.348973 -1524.164604 -1579.201203 -1623.622017 -1658.337075 -1684.716798 -1704.296683 -1718.553401 -1728.776160 -1736.019047 -1741.108194 -1744.687804 -1747.328716 -1749.817774 -1753.752090 -1761.056954 -1767.098071 -1924.224695 -4093.486485 -4182.529724 -4181.603256 -4180.738380 -4180.591079 -4180.575294 -4180.575889 -4180.577328 -4180.574607 -4180.567507 -4180.556967 -4180.536773 -4180.495985 -4180.413326 -4180.277795 -4180.240032 -4179.560468 -4003.574937 -1699.989932 -1724.448675 -1752.998049 -1753.669763 -1752.850659 -1752.586874 -1752.530486 -1752.520643 -1752.519470 -1752.519738 -1752.520173 -1752.520567 -1752.520898 -1752.521178 -1752.521420 -1752.521635 -1752.521831 -1752.522016 -1752.522196 -1752.522381 -1752.522578 -1752.522801 -1752.523070 -1752.523415 -1752.523880 -1752.524544 -1752.525534 -1752.527073 -1752.529557 -1752.533723 -1752.540978 -1752.554090 -1752.578643 -1752.626263 -1752.722209 -1752.924712 -1753.377577 -1754.462508 -1757.280004 -1765.344399 -1791.258296 -9999.0 -9999.0
-9999.0 -9999.0 770.033632 671.081640 571.954261 472.679931 373.333466 273.955827 174.568180 75.181756 -24.195400 -123.558834 -222.906625 -322.227084 -421.498900 -520.687355 -619.729841 -718.525065 -817.406241 -916.123344 -1014.596064 -1112.676781 -1207.511450 -1298.180676 -1382.495503 -1458.348973 -1524.164604 -1579.201203 -1623.622017 -1658.337075 -1684.716798 -1704.296683 -1718.553401 -1728.776160 -1736.019047 -1741.108194 -1744.687804 -1747.328716 -1749.817774 -1753.752090 -1761.056954 -1767.098071 -1924.224695 -4093.486485 -4182.529724 -4181.603256 -4180.738380 -4180.591079 -4180.575294 -4180.575889 -4180.577328 -4180.574607 -4180.567507 -4180.556967 -4180.536773 -4180.495985 -4180.413326 -4180.277795 -4180.240032 -4179.560468 -4003.574937 -1699.989932 -1724.448675 -1752.998049 -1753.669763 -1752.850659 -1752.586874 -1752.530486 -1752.520643 -1752.519470 -1752.519738 -1752.520173 -1752.520567 -1752.520898 -1752.521178 -1752.521420 -1752.521635 -1752.521831 -1752.522016 -1752.522196 -1752.522381 -1752.522578 -1752.522801 -1752.523071 -1752.523415 -1752.523880 -1752.524544 -1752.525534 -1752.527073 -1752.529557 -1752.533723 -1752.540978 -1752.554090 -1752.578643 -1752.626263 -1752.722209 -1752.924712 -1753.377577 -1754.462508 -1757.280004 -1765.344399 -1791.258296 -9999.0 -9999.0
-9999.0 -9999.0 770.030098 671.080422 571.953885 472.679812 373.333427 273.955813 174.568175 75.181754 -24.195401 -123.558834 -222.906626 -322.227084 -421.498900 -520.687355 -619.729841 -718.525064 -817.406241 -916.123344 -1014.596064 -1112.676781 -1207.511450 -1298.180676 -1382.495503 -1458.348972 -1524.164604 -1579.201203 -1623.622017 -1658.337075 -1684.716798 -1704.296683 -1718.553401 -1728.776160 -1736.019047 -1741.108194 -1744.687804 -1747.328716 -1749.817774 -1753.752090 -1761.056954 -1767.098071 -1924.224695 -4093.486485 -4182.529724 -4181.603256 -4180.738380 -4180.591079 -4180.575294 -4180.575889 -4180.577328 -4180.574607 -4180.567507 -4180.556967 -4180.536773 -4180.495985 -4180.413326 -4180.277795 -4180.240032 -4179.560468 -4003.574937 -1699.989932 -1724.448675 -1752.998049 -1753.669763 -1752.850659 -1752.586874 -1752.530487 -1752.520643 -1752.519470 -1752.519738 -1752.520173 -1752.520567 -1752.520898 -1752.521178 -1752.521420 -1752.521635 -1752.521831 -1752.522016 -1752.522197 -1752.522381 -1752.522578 -1752.522801 -1752.523071 -1752.523415 -1752.523880 -1752.524544 -1752.525534 -1752.527073 -1752.529557 -1752.533723 -1752.540978 -1752.554090 -1752.578643 -1752.626263 -1752.722209 -1752.924712 -1753.377577 -1754.462508 -1757.280004 -1765.344399 -1791.258296 -9999.0 -9999.0
-9999.0 -9999.0 -9999.0 -9999.0 -9999.0 -9999.0 -9999.0 -9999.0 -9999.0 -9999.0 -9999.0 -9999.0 -9999.0 -9999.0 -9999.0 -9999.0 -9999.0 -9999.0 -9999.0 -9999.0 -9999.0 -9999.0 -9999.0 -9999.0 -9999.0 -9999.0 -9999.0 -9999.0 -9999.0 -9999.0 -9999.0 -9999.0 -9999.0 -9999.0 -9999.0 -9999.0 -9999.0 -9999.0 -9999.0 -9999.0 -9999.0 -9999.0 -9999.0 -9999.0 -9999.0 -9999.0 -9999.0 -9999.0 -9999.0 -9999.0 -9999.0 -9999.0 -9999.0 -9999.0 -9999.0 -9999.0 -9999.0 -9999.0 -9999.0 -9999.0 -9999.0 -9999.0 -9999.0 -9999.0 -9999.0 -9999.0 -9999.0 -9999.0 -9999.0 -9999.0 -9999.0 -9999.0 -9999.0 -9999.0 -9999.0 -9999.0 -9999.0 -9999.0 -9999.0 -9999.0 -9999.0 -9999.0 -9999.0 -9999.0 -9999.0 -9999.0 -9999.0 -9999.0 -9999.0 -9999.0 -9999.0 -9999.0 -9999.0 -9999.0 -9999.0 -9999.0 -9999.0 -9999.0 -9999.0 -9999.0 -9999.0 -9999.0 -9999.0 -9999.0
-9999.0 -9999.0 -9999.0 -9999.0 -9999.0 -9999.0 -9999.0 -9999.0 -9999.0 -9999.0 -9999.0 -9999.0 -9999.0 -9999.0 -9999.0 -9999.0 -9999.0 -9999.0 -9999.0 -9999.0 -9999.0 -9999.0 -9999.0 -9999.0 -9999.0 -9999.0 -9999.0 -9999.0 -9999.0 -9999.0 -9999.0 -9999.0 -9999.0 -9999.0 -9999.0 -9999.0 -9999.0 -9999.0 -9999.0 -9999.0 -9999.0 -9999.0 -9999.0 -9999.0 -9999.0 -9999.0 -9999.0 -9999.0 -9999.0 -9999.0 -9999.0 -9999.0 -9999.0 -9999.0 -9999.0 -9999.0 -9999.0 -9999.0 -9999.0 -9999.0 -9999.0 -9999.0 -9999.0 -9999.0 -9999.0 -9999.0 -9999.0 -9999.0 -9999.0 -9999.0 -9999.0 -9999.0 -9999.0 -9999.0 -9999.0 -9999.0 -9999.0 -9999.0 -9999.0 -9999.0 -9999.0 -9999.0 -9999.0 -9999.0 -9999.0 -9999.0 -9999.0 -9999.0 -9999.0 -9999.0 -9999.0 -9999.0 -9999.0 -9999.0 -9999.0 -9999.0 -9999.0 -9999.0 -9999.0 -9999.0 -9999.0 -9999.0 -9999.0 -9999.0