inst/processing_geotop_simulation/geotop_simulation/out/maps3D/PwL0010N0375.asc
ncols         104
nrows         10
xllcorner     -2.000000
yllcorner     0.000000
cellsize      1.000000
NODATA_value  -9999.0
-9999.0 -9999.0 -9999.0 -9999.0 -9999.0 -9999.0 -9999.0 -9999.0 -9999.0 -9999.0 -9999.0 -9999.0 -9999.0 -9999.0 -9999.0 -9999.0 -9999.0 -9999.0 -9999.0 -9999.0 -9999.0 -9999.0 -9999.0 -9999.0 -9999.0 -9999.0 -9999.0 -9999.0 -9999.0 -9999.0 -9999.0 -9999.0 -9999.0 -9999.0 -9999.0 -9999.0 -9999.0 -9999.0 -9999.0 -9999.0 -9999.0 -9999.0 -9999.0 -9999.0 -9999.0 -9999.0 -9999.0 -9999.0 -9999.0 -9999.0 -9999.0 -9999.0 -9999.0 -9999.0 -9999.0 -9999.0 -9999.0 -9999.0 -9999.0 -9999.0 -9999.0 -9999.0 -9999.0 -9999.0 -9999.0 -9999.0 -9999.0 -9999.0 -9999.0 -9999.0 -9999.0 -9999.0 -9999.0 -9999.0 -9999.0 -9999.0 -9999.0 -9999.0 -9999.0 -9999.0 -9999.0 -9999.0 -9999.0 -9999.0 -9999.0 -9999.0 -9999.0 -9999.0 -9999.0 -9999.0 -9999.0 -9999.0 -9999.0 -9999.0 -9999.0 -9999.0 -9999.0 -9999.0 -9999.0 -9999.0 -9999.0 -9999.0 -9999.0 -9999.0
-9999.0 -9999.0 -9999.0 -9999.0 -9999.0 -9999.0 -9999.0 -9999.0 -9999.0 -9999.0 -9999.0 -9999.0 -9999.0 -9999.0 -9999.0 -9999.0 -9999.0 -9999.0 -9999.0 -9999.0 -9999.0 -9999.0 -9999.0 -9999.0 -9999.0 -9999.0 -9999.0 -9999.0 -9999.0 -9999.0 -9999.0 -9999.0 -9999.0 -9999.0 -9999.0 -9999.0 -9999.0 -9999.0 -9999.0 -9999.0 -9999.0 -9999.0 -9999.0 -9999.0 -9999.0 -9999.0 -9999.0 -9999.0 -9999.0 -9999.0 -9999.0 -9999.0 -9999.0 -9999.0 -9999.0 -9999.0 -9999.0 -9999.0 -9999.0 -9999.0 -9999.0 -9999.0 -9999.0 -9999.0 -9999.0 -9999.0 -9999.0 -9999.0 -9999.0 -9999.0 -9999.0 -9999.0 -9999.0 -9999.0 -9999.0 -9999.0 -9999.0 -9999.0 -9999.0 -9999.0 -9999.0 -9999.0 -9999.0 -9999.0 -9999.0 -9999.0 -9999.0 -9999.0 -9999.0 -9999.0 -9999.0 -9999.0 -9999.0 -9999.0 -9999.0 -9999.0 -9999.0 -9999.0 -9999.0 -9999.0 -9999.0 -9999.0 -9999.0 -9999.0
-9999.0 -9999.0 473.046518 374.806427 276.006458 176.944607 77.771991 -21.444488 -120.673111 -219.899775 -319.108644 -418.276964 -517.359967 -616.265545 -714.878701 -813.610123 -912.213854 -1010.665508 -1108.947153 -1205.602061 -1300.125032 -1390.679736 -1474.649009 -1549.361745 -1612.963888 -1664.860356 -1705.632963 -1736.649813 -1759.623859 -1776.275073 -1788.134608 -1796.464604 -1802.251592 -1806.237696 -1808.966109 -1810.829096 -1812.119682 -1813.120424 -1814.360351 -1817.216022 -1822.660339 -1805.783683 -1329.770366 -1502.754002 -1456.276414 -1426.230419 -1412.514972 -1410.596807 -1410.397266 -1410.415967 -1410.465660 -1410.519085 -1410.570412 -1410.617932 -1410.662026 -1410.713264 -1410.873351 -1411.980293 -1419.103285 -1435.233321 -1454.131447 -1266.798004 -1771.629452 -1815.322152 -1815.913039 -1815.076620 -1814.843939 -1814.799039 -1814.791824 -1814.791155 -1814.791513 -1814.791953 -1814.792322 -1814.792614 -1814.792845 -1814.793029 -1814.793180 -1814.793307 -1814.793418 -1814.793521 -1814.793624 -1814.793738 -1814.793877 -1814.794061 -1814.794323 -1814.794714 -1814.795316 -1814.796269 -1814.797812 -1814.800371 -1814.804731 -1814.812382 -1814.826235 -1814.852109 -1814.901914 -1815.000890 -1815.205462 -1815.651025 -1816.689348 -1819.323541 -1826.792949 -1851.264222 -9999.0 -9999.0
-9999.0 -9999.0 473.052250 374.808018 276.006901 176.944741 77.772034 -21.444473 -120.673106 -219.899773 -319.108643 -418.276964 -517.359967 -616.265545 -714.878701 -813.610123 -912.213854 -1010.665508 -1108.947153 -1205.602061 -1300.125032 -1390.679736 -1474.649010 -1549.361745 -1612.963888 -1664.860356 -1705.632963 -1736.649813 -1759.623859 -1776.275073 -1788.134608 -1796.464604 -1802.251592 -1806.237696 -1808.966109 -1810.829096 -1812.119682 -1813.120424 -1814.360351 -1817.216022 -1822.660339 -1805.783683 -1329.770366 -1502.754002 -1456.276414 -1426.230418 -1412.514972 -1410.596807 -1410.397266 -1410.415967 -1410.465660 -1410.519085 -1410.570412 -1410.617932 -1410.662026 -1410.713264 -1410.873351 -1411.980293 -1419.103285 -1435.233321 -1454.131447 -1266.798004 -1771.629452 -1815.322152 -1815.913039 -1815.076620 -1814.843939 -1814.799039 -1814.791824 -1814.791155 -1814.791513 -1814.791953 -1814.792322 -1814.792614 -1814.792845 -1814.793029 -1814.793180 -1814.793307 -1814.793418 -1814.793521 -1814.793624 -1814.793738 -1814.793877 -1814.794061 -1814.794323 -1814.794714 -1814.795316 -1814.796269 -1814.797812 -1814.800371 -1814.804731 -1814.812382 -1814.826235 -1814.852109 -1814.901914 -1815.000890 -1815.205462 -1815.651025 -1816.689348 -1819.323541 -1826.792949 -1851.264222 -9999.0 -9999.0
-9999.0 -9999.0 473.053609 374.808733 276.007189 176.944847 77.772072 -21.444459 -120.673101 -219.899771 -319.108642 -418.276963 -517.359967 -616.265545 -714.878701 -813.610123 -912.213854 -1010.665508 -1108.947154 -1205.602061 -1300.125033 -1390.679736 -1474.649010 -1549.361745 -1612.963888 -1664.860356 -1705.632963 -1736.649813 -1759.623859 -1776.275073 -1788.134608 -1796.464604 -1802.251592 -1806.237696 -1808.966109 -1810.829096 -1812.119682 -1813.120424 -1814.360351 -1817.216022 -1822.660339 -1805.783683 -1329.770366 -1502.754002 -1456.276414 -1426.230418 -1412.514972 -1410.596807 -1410.397266 -1410.415967 -1410.465660 -1410.519085 -1410.570412 -1410.617932 -1410.662026 -1410.713264 -1410.873351 -1411.980293 -1419.103285 -1435.233321 -1454.131447 -1266.798004 -1771.629452 -1815.322152 -1815.913039 -1815.076620 -1814.843939 -1814.799039 -1814.791824 -1814.791155 -1814.791513 -1814.791953 -1814.792322 -1814.792614 -1814.792845 -1814.793029 -1814.793180 -1814.793307 -1814.793418 -1814.793521 -1814.793624 -1814.793738 -1814.793877 -1814.794061 -1814.794323 -1814.794714 -1814.795316 -1814.796269 -1814.797812 -1814.800371 -1814.804731 -1814.812382 -1814.826235 -1814.852109 -1814.901914 -1815.000890 -1815.205462 -1815.651025 -1816.689348 -1819.323541 -1826.792949 -1851.264222 -9999.0 -9999.0
-9999.0 -9999.0 473.053609 374.808733 276.007188 176.944847 77.772072 -21.444459 -120.673101 -219.899771 -319.108642 -418.276964 -517.359967 -616.265545 -714.878701 -813.610123 -912.213854 -1010.665508 -1108.947153 -1205.602061 -1300.125033 -1390.679736 -1474.649010 -1549.361745 -1612.963888 -1664.860356 -1705.632963 -1736.649813 -1759.623859 -1776.275073 -1788.134608 -1796.464604 -1802.251592 -1806.237696 -1808.966109 -1810.829096 -1812.119682 -1813.120424 -1814.360351 -1817.216022 -1822.660339 -1805.783683 -1329.770366 -1502.754002 -1456.276414 -1426.230418 -1412.514972 -1410.596807 -1410.397266 -1410.415967 -1410.465660 -1410.519085 -1410.570412 -1410.617932 -1410.662026 -1410.713264 -1410.873351 -1411.980293 -1419.103285 -1435.233321 -1454.131447 -1266.798004 -1771.629452 -1815.322152 -1815.913039 -1815.076620 -1814.843939 -1814.799039 -1814.791824 -1814.791155 -1814.791513 -1814.791953 -1814.792322 -1814.792614 -1814.792845 -1814.793029 -1814.793180 -1814.793307 -1814.793418 -1814.793521 -1814.793624 -1814.793738 -1814.793877 -1814.794061 -1814.794323 -1814.794714 -1814.795316 -1814.796269 -1814.797812 -1814.800371 -1814.804731 -1814.812382 -1814.826235 -1814.852109 -1814.901914 -1815.000890 -1815.205462 -1815.651025 -1816.689348 -1819.323541 -1826.792949 -1851.264222 -9999.0 -9999.0
-9999.0 -9999.0 473.052250 374.808018 276.006902 176.944741 77.772034 -21.444473 -120.673106 -219.899773 -319.108643 -418.276964 -517.359967 -616.265545 -714.878701 -813.610123 -912.213854 -1010.665508 -1108.947153 -1205.602061 -1300.125032 -1390.679736 -1474.649010 -1549.361745 -1612.963888 -1664.860356 -1705.632963 -1736.649813 -1759.623859 -1776.275073 -1788.134608 -1796.464604 -1802.251592 -1806.237696 -1808.966109 -1810.829096 -1812.119682 -1813.120424 -1814.360351 -1817.216022 -1822.660339 -1805.783683 -1329.770366 -1502.754002 -1456.276414 -1426.230418 -1412.514972 -1410.596807 -1410.397266 -1410.415967 -1410.465660 -1410.519085 -1410.570412 -1410.617932 -1410.662026 -1410.713264 -1410.873351 -1411.980293 -1419.103285 -1435.233321 -1454.131447 -1266.798004 -1771.629452 -1815.322152 -1815.913039 -1815.076620 -1814.843939 -1814.799039 -1814.791824 -1814.791155 -1814.791513 -1814.791953 -1814.792322 -1814.792614 -1814.792845 -1814.793029 -1814.793180 -1814.793307 -1814.793418 -1814.793521 -1814.793624 -1814.793738 -1814.793877 -1814.794061 -1814.794323 -1814.794714 -1814.795316 -1814.796269 -1814.797812 -1814.800371 -1814.804731 -1814.812382 -1814.826235 -1814.852109 -1814.901914 -1815.000890 -1815.205462 -1815.651025 -1816.689348 -1819.323541 -1826.792949 -1851.264222 -9999.0 -9999.0
-9999.0 -9999.0 473.046518 374.806427 276.006458 176.944607 77.771991 -21.444488 -120.673111 -219.899775 -319.108644 -418.276964 -517.359967 -616.265545 -714.878701 -813.610123 -912.213854 -1010.665508 -1108.947153 -1205.602061 -1300.125032 -1390.679736 -1474.649009 -1549.361745 -1612.963888 -1664.860356 -1705.632963 -1736.649813 -1759.623859 -1776.275073 -1788.134608 -1796.464604 -1802.251592 -1806.237696 -1808.966109 -1810.829096 -1812.119682 -1813.120424 -1814.360351 -1817.216022 -1822.660339 -1805.783683 -1329.770366 -1502.754002 -1456.276414 -1426.230419 -1412.514972 -1410.596807 -1410.397266 -1410.415967 -1410.465660 -1410.519085 -1410.570412 -1410.617932 -1410.662026 -1410.713264 -1410.873351 -1411.980293 -1419.103285 -1435.233321 -1454.131447 -1266.798004 -1771.629452 -1815.322152 -1815.913039 -1815.076620 -1814.843939 -1814.799039 -1814.791824 -1814.791155 -1814.791513 -1814.791953 -1814.792322 -1814.792614 -1814.792845 -1814.793029 -1814.793180 -1814.793307 -1814.793418 -1814.793521 -1814.793624 -1814.793738 -1814.793877 -1814.794061 -1814.794323 -1814.794714 -1814.795316 -1814.796269 -1814.797812 -1814.800371 -1814.804731 -1814.812382 -1814.826235 -1814.852109 -1814.901914 -1815.000890 -1815.205462 -1815.651025 -1816.689348 -1819.323541 -1826.792949 -1851.264222 -9999.0 -9999.0
-9999.0 -9999.0 -9999.0 -9999.0 -9999.0 -9999.0 -9999.0 -9999.0 -9999.0 -9999.0 -9999.0 -9999.0 -9999.0 -9999.0 -9999.0 -9999.0 -9999.0 -9999.0 -9999.0 -9999.0 -9999.0 -9999.0 -9999.0 -9999.0 -9999.0 -9999.0 -9999.0 -9999.0 -9999.0 -9999.0 -9999.0 -9999.0 -9999.0 -9999.0 -9999.0 -9999.0 -9999.0 -9999.0 -9999.0 -9999.0 -9999.0 -9999.0 -9999.0 -9999.0 -9999.0 -9999.0 -9999.0 -9999.0 -9999.0 -9999.0 -9999.0 -9999.0 -9999.0 -9999.0 -9999.0 -9999.0 -9999.0 -9999.0 -9999.0 -9999.0 -9999.0 -9999.0 -9999.0 -9999.0 -9999.0 -9999.0 -9999.0 -9999.0 -9999.0 -9999.0 -9999.0 -9999.0 -9999.0 -9999.0 -9999.0 -9999.0 -9999.0 -9999.0 -9999.0 -9999.0 -9999.0 -9999.0 -9999.0 -9999.0 -9999.0 -9999.0 -9999.0 -9999.0 -9999.0 -9999.0 -9999.0 -9999.0 -9999.0 -9999.0 -9999.0 -9999.0 -9999.0 -9999.0 -9999.0 -9999.0 -9999.0 -9999.0 -9999.0 -9999.0
-9999.0 -9999.0 -9999.0 -9999.0 -9999.0 -9999.0 -9999.0 -9999.0 -9999.0 -9999.0 -9999.0 -9999.0 -9999.0 -9999.0 -9999.0 -9999.0 -9999.0 -9999.0 -9999.0 -9999.0 -9999.0 -9999.0 -9999.0 -9999.0 -9999.0 -9999.0 -9999.0 -9999.0 -9999.0 -9999.0 -9999.0 -9999.0 -9999.0 -9999.0 -9999.0 -9999.0 -9999.0 -9999.0 -9999.0 -9999.0 -9999.0 -9999.0 -9999.0 -9999.0 -9999.0 -9999.0 -9999.0 -9999.0 -9999.0 -9999.0 -9999.0 -9999.0 -9999.0 -9999.0 -9999.0 -9999.0 -9999.0 -9999.0 -9999.0 -9999.0 -9999.0 -9999.0 -9999.0 -9999.0 -9999.0 -9999.0 -9999.0 -9999.0 -9999.0 -9999.0 -9999.0 -9999.0 -9999.0 -9999.0 -9999.0 -9999.0 -9999.0 -9999.0 -9999.0 -9999.0 -9999.0 -9999.0 -9999.0 -9999.0 -9999.0 -9999.0 -9999.0 -9999.0 -9999.0 -9999.0 -9999.0 -9999.0 -9999.0 -9999.0 -9999.0 -9999.0 -9999.0 -9999.0 -9999.0 -9999.0 -9999.0 -9999.0 -9999.0 -9999.0