inst/processing_geotop_simulation/geotop_simulation/out/maps3D/PwL0008N0229.asc
ncols         104
nrows         10
xllcorner     -2.000000
yllcorner     0.000000
cellsize      1.000000
NODATA_value  -9999.0
-9999.0 -9999.0 -9999.0 -9999.0 -9999.0 -9999.0 -9999.0 -9999.0 -9999.0 -9999.0 -9999.0 -9999.0 -9999.0 -9999.0 -9999.0 -9999.0 -9999.0 -9999.0 -9999.0 -9999.0 -9999.0 -9999.0 -9999.0 -9999.0 -9999.0 -9999.0 -9999.0 -9999.0 -9999.0 -9999.0 -9999.0 -9999.0 -9999.0 -9999.0 -9999.0 -9999.0 -9999.0 -9999.0 -9999.0 -9999.0 -9999.0 -9999.0 -9999.0 -9999.0 -9999.0 -9999.0 -9999.0 -9999.0 -9999.0 -9999.0 -9999.0 -9999.0 -9999.0 -9999.0 -9999.0 -9999.0 -9999.0 -9999.0 -9999.0 -9999.0 -9999.0 -9999.0 -9999.0 -9999.0 -9999.0 -9999.0 -9999.0 -9999.0 -9999.0 -9999.0 -9999.0 -9999.0 -9999.0 -9999.0 -9999.0 -9999.0 -9999.0 -9999.0 -9999.0 -9999.0 -9999.0 -9999.0 -9999.0 -9999.0 -9999.0 -9999.0 -9999.0 -9999.0 -9999.0 -9999.0 -9999.0 -9999.0 -9999.0 -9999.0 -9999.0 -9999.0 -9999.0 -9999.0 -9999.0 -9999.0 -9999.0 -9999.0 -9999.0 -9999.0
-9999.0 -9999.0 -9999.0 -9999.0 -9999.0 -9999.0 -9999.0 -9999.0 -9999.0 -9999.0 -9999.0 -9999.0 -9999.0 -9999.0 -9999.0 -9999.0 -9999.0 -9999.0 -9999.0 -9999.0 -9999.0 -9999.0 -9999.0 -9999.0 -9999.0 -9999.0 -9999.0 -9999.0 -9999.0 -9999.0 -9999.0 -9999.0 -9999.0 -9999.0 -9999.0 -9999.0 -9999.0 -9999.0 -9999.0 -9999.0 -9999.0 -9999.0 -9999.0 -9999.0 -9999.0 -9999.0 -9999.0 -9999.0 -9999.0 -9999.0 -9999.0 -9999.0 -9999.0 -9999.0 -9999.0 -9999.0 -9999.0 -9999.0 -9999.0 -9999.0 -9999.0 -9999.0 -9999.0 -9999.0 -9999.0 -9999.0 -9999.0 -9999.0 -9999.0 -9999.0 -9999.0 -9999.0 -9999.0 -9999.0 -9999.0 -9999.0 -9999.0 -9999.0 -9999.0 -9999.0 -9999.0 -9999.0 -9999.0 -9999.0 -9999.0 -9999.0 -9999.0 -9999.0 -9999.0 -9999.0 -9999.0 -9999.0 -9999.0 -9999.0 -9999.0 -9999.0 -9999.0 -9999.0 -9999.0 -9999.0 -9999.0 -9999.0 -9999.0 -9999.0
-9999.0 -9999.0 377.507923 282.343946 185.404700 87.757555 -10.174470 -108.217304 -206.295384 -304.346035 -402.301348 -500.023961 -597.216753 -693.309228 -789.544850 -885.616662 -981.360707 -1076.919067 -1169.039890 -1257.845171 -1340.039653 -1411.700482 -1470.392143 -1515.909863 -1549.735856 -1574.105043 -1591.280743 -1603.192485 -1611.345374 -1616.860479 -1620.552082 -1623.000553 -1624.612382 -1625.667443 -1626.355678 -1626.806335 -1627.114812 -1627.388673 -1627.942671 -1630.197577 -1638.898464 -1650.281330 -1203.868069 -1287.289946 -1252.649469 -1231.176437 -1221.303163 -1219.956794 -1219.818942 -1219.833943 -1219.870890 -1219.910480 -1219.948497 -1219.983684 -1220.016249 -1220.053323 -1220.164505 -1220.936176 -1226.054167 -1237.669415 -1254.640073 -1153.253315 -1621.988820 -1632.781981 -1628.956731 -1627.942934 -1627.766467 -1627.738937 -1627.735248 -1627.735441 -1627.736177 -1627.736858 -1627.737396 -1627.737807 -1627.738123 -1627.738368 -1627.738562 -1627.738719 -1627.738851 -1627.738969 -1627.739084 -1627.739213 -1627.739375 -1627.739599 -1627.739931 -1627.740442 -1627.741246 -1627.742533 -1627.744628 -1627.748098 -1627.753979 -1627.764208 -1627.782535 -1627.816360 -1627.880539 -1628.005447 -1628.255413 -1628.775326 -1629.919281 -1632.633878 -1639.800879 -1662.451289 -9999.0 -9999.0
-9999.0 -9999.0 377.515468 282.345866 185.405218 87.757709 -10.174421 -108.217288 -206.295378 -304.346033 -402.301347 -500.023961 -597.216753 -693.309228 -789.544850 -885.616662 -981.360707 -1076.919067 -1169.039890 -1257.845171 -1340.039653 -1411.700482 -1470.392143 -1515.909863 -1549.735856 -1574.105043 -1591.280743 -1603.192485 -1611.345374 -1616.860479 -1620.552082 -1623.000553 -1624.612382 -1625.667443 -1626.355678 -1626.806335 -1627.114812 -1627.388673 -1627.942671 -1630.197577 -1638.898464 -1650.281330 -1203.868069 -1287.289946 -1252.649468 -1231.176436 -1221.303163 -1219.956794 -1219.818942 -1219.833943 -1219.870890 -1219.910480 -1219.948497 -1219.983684 -1220.016249 -1220.053323 -1220.164505 -1220.936176 -1226.054167 -1237.669415 -1254.640073 -1153.253315 -1621.988820 -1632.781981 -1628.956731 -1627.942934 -1627.766467 -1627.738937 -1627.735248 -1627.735441 -1627.736177 -1627.736858 -1627.737396 -1627.737807 -1627.738123 -1627.738368 -1627.738562 -1627.738719 -1627.738851 -1627.738969 -1627.739084 -1627.739213 -1627.739375 -1627.739599 -1627.739931 -1627.740442 -1627.741246 -1627.742533 -1627.744628 -1627.748098 -1627.753979 -1627.764208 -1627.782535 -1627.816360 -1627.880539 -1628.005447 -1628.255413 -1628.775326 -1629.919281 -1632.633878 -1639.800879 -1662.451289 -9999.0 -9999.0
-9999.0 -9999.0 377.517017 282.346696 185.405549 87.757830 -10.174378 -108.217273 -206.295372 -304.346031 -402.301346 -500.023960 -597.216753 -693.309228 -789.544850 -885.616662 -981.360708 -1076.919067 -1169.039890 -1257.845171 -1340.039653 -1411.700482 -1470.392144 -1515.909863 -1549.735856 -1574.105043 -1591.280743 -1603.192486 -1611.345374 -1616.860479 -1620.552082 -1623.000553 -1624.612382 -1625.667443 -1626.355678 -1626.806335 -1627.114812 -1627.388673 -1627.942671 -1630.197577 -1638.898464 -1650.281330 -1203.868068 -1287.289946 -1252.649468 -1231.176436 -1221.303163 -1219.956794 -1219.818942 -1219.833943 -1219.870890 -1219.910480 -1219.948497 -1219.983684 -1220.016249 -1220.053323 -1220.164505 -1220.936176 -1226.054167 -1237.669415 -1254.640073 -1153.253315 -1621.988820 -1632.781981 -1628.956731 -1627.942934 -1627.766467 -1627.738937 -1627.735248 -1627.735441 -1627.736177 -1627.736858 -1627.737396 -1627.737807 -1627.738123 -1627.738368 -1627.738562 -1627.738719 -1627.738851 -1627.738969 -1627.739084 -1627.739213 -1627.739375 -1627.739599 -1627.739931 -1627.740442 -1627.741246 -1627.742533 -1627.744628 -1627.748098 -1627.753979 -1627.764208 -1627.782535 -1627.816360 -1627.880539 -1628.005447 -1628.255413 -1628.775326 -1629.919281 -1632.633878 -1639.800879 -1662.451289 -9999.0 -9999.0
-9999.0 -9999.0 377.517017 282.346696 185.405549 87.757830 -10.174378 -108.217273 -206.295372 -304.346031 -402.301346 -500.023960 -597.216753 -693.309228 -789.544850 -885.616662 -981.360708 -1076.919067 -1169.039890 -1257.845171 -1340.039653 -1411.700482 -1470.392144 -1515.909863 -1549.735856 -1574.105043 -1591.280743 -1603.192486 -1611.345374 -1616.860479 -1620.552082 -1623.000553 -1624.612382 -1625.667443 -1626.355678 -1626.806335 -1627.114812 -1627.388673 -1627.942671 -1630.197577 -1638.898464 -1650.281330 -1203.868068 -1287.289946 -1252.649468 -1231.176436 -1221.303163 -1219.956794 -1219.818942 -1219.833943 -1219.870890 -1219.910480 -1219.948497 -1219.983684 -1220.016249 -1220.053323 -1220.164505 -1220.936176 -1226.054167 -1237.669415 -1254.640073 -1153.253315 -1621.988820 -1632.781981 -1628.956731 -1627.942934 -1627.766467 -1627.738937 -1627.735248 -1627.735441 -1627.736177 -1627.736858 -1627.737396 -1627.737807 -1627.738123 -1627.738368 -1627.738562 -1627.738719 -1627.738851 -1627.738969 -1627.739084 -1627.739213 -1627.739375 -1627.739599 -1627.739931 -1627.740442 -1627.741246 -1627.742533 -1627.744628 -1627.748098 -1627.753979 -1627.764208 -1627.782535 -1627.816360 -1627.880539 -1628.005447 -1628.255413 -1628.775326 -1629.919281 -1632.633878 -1639.800879 -1662.451289 -9999.0 -9999.0
-9999.0 -9999.0 377.515468 282.345866 185.405218 87.757709 -10.174421 -108.217288 -206.295378 -304.346033 -402.301347 -500.023961 -597.216753 -693.309228 -789.544850 -885.616662 -981.360707 -1076.919067 -1169.039890 -1257.845171 -1340.039653 -1411.700482 -1470.392143 -1515.909863 -1549.735856 -1574.105043 -1591.280743 -1603.192485 -1611.345374 -1616.860479 -1620.552082 -1623.000553 -1624.612382 -1625.667443 -1626.355678 -1626.806335 -1627.114812 -1627.388673 -1627.942671 -1630.197577 -1638.898464 -1650.281330 -1203.868068 -1287.289946 -1252.649468 -1231.176436 -1221.303163 -1219.956794 -1219.818942 -1219.833943 -1219.870890 -1219.910480 -1219.948497 -1219.983684 -1220.016249 -1220.053323 -1220.164505 -1220.936176 -1226.054167 -1237.669415 -1254.640073 -1153.253315 -1621.988820 -1632.781981 -1628.956731 -1627.942934 -1627.766467 -1627.738937 -1627.735248 -1627.735441 -1627.736177 -1627.736858 -1627.737396 -1627.737807 -1627.738123 -1627.738368 -1627.738562 -1627.738719 -1627.738851 -1627.738969 -1627.739084 -1627.739213 -1627.739375 -1627.739599 -1627.739931 -1627.740442 -1627.741246 -1627.742533 -1627.744628 -1627.748098 -1627.753979 -1627.764208 -1627.782535 -1627.816360 -1627.880539 -1628.005447 -1628.255413 -1628.775326 -1629.919281 -1632.633878 -1639.800879 -1662.451289 -9999.0 -9999.0
-9999.0 -9999.0 377.507923 282.343946 185.404700 87.757555 -10.174470 -108.217304 -206.295384 -304.346035 -402.301348 -500.023961 -597.216753 -693.309228 -789.544850 -885.616662 -981.360707 -1076.919067 -1169.039890 -1257.845171 -1340.039653 -1411.700482 -1470.392143 -1515.909863 -1549.735856 -1574.105043 -1591.280743 -1603.192485 -1611.345374 -1616.860479 -1620.552082 -1623.000553 -1624.612382 -1625.667443 -1626.355678 -1626.806335 -1627.114812 -1627.388673 -1627.942671 -1630.197577 -1638.898464 -1650.281330 -1203.868069 -1287.289946 -1252.649469 -1231.176437 -1221.303163 -1219.956794 -1219.818942 -1219.833943 -1219.870890 -1219.910480 -1219.948497 -1219.983684 -1220.016249 -1220.053323 -1220.164505 -1220.936176 -1226.054167 -1237.669415 -1254.640073 -1153.253315 -1621.988820 -1632.781981 -1628.956731 -1627.942934 -1627.766467 -1627.738937 -1627.735248 -1627.735441 -1627.736177 -1627.736858 -1627.737396 -1627.737807 -1627.738123 -1627.738368 -1627.738562 -1627.738719 -1627.738851 -1627.738969 -1627.739084 -1627.739213 -1627.739375 -1627.739599 -1627.739931 -1627.740442 -1627.741246 -1627.742533 -1627.744628 -1627.748098 -1627.753979 -1627.764208 -1627.782535 -1627.816360 -1627.880539 -1628.005447 -1628.255413 -1628.775326 -1629.919281 -1632.633878 -1639.800879 -1662.451289 -9999.0 -9999.0
-9999.0 -9999.0 -9999.0 -9999.0 -9999.0 -9999.0 -9999.0 -9999.0 -9999.0 -9999.0 -9999.0 -9999.0 -9999.0 -9999.0 -9999.0 -9999.0 -9999.0 -9999.0 -9999.0 -9999.0 -9999.0 -9999.0 -9999.0 -9999.0 -9999.0 -9999.0 -9999.0 -9999.0 -9999.0 -9999.0 -9999.0 -9999.0 -9999.0 -9999.0 -9999.0 -9999.0 -9999.0 -9999.0 -9999.0 -9999.0 -9999.0 -9999.0 -9999.0 -9999.0 -9999.0 -9999.0 -9999.0 -9999.0 -9999.0 -9999.0 -9999.0 -9999.0 -9999.0 -9999.0 -9999.0 -9999.0 -9999.0 -9999.0 -9999.0 -9999.0 -9999.0 -9999.0 -9999.0 -9999.0 -9999.0 -9999.0 -9999.0 -9999.0 -9999.0 -9999.0 -9999.0 -9999.0 -9999.0 -9999.0 -9999.0 -9999.0 -9999.0 -9999.0 -9999.0 -9999.0 -9999.0 -9999.0 -9999.0 -9999.0 -9999.0 -9999.0 -9999.0 -9999.0 -9999.0 -9999.0 -9999.0 -9999.0 -9999.0 -9999.0 -9999.0 -9999.0 -9999.0 -9999.0 -9999.0 -9999.0 -9999.0 -9999.0 -9999.0 -9999.0
-9999.0 -9999.0 -9999.0 -9999.0 -9999.0 -9999.0 -9999.0 -9999.0 -9999.0 -9999.0 -9999.0 -9999.0 -9999.0 -9999.0 -9999.0 -9999.0 -9999.0 -9999.0 -9999.0 -9999.0 -9999.0 -9999.0 -9999.0 -9999.0 -9999.0 -9999.0 -9999.0 -9999.0 -9999.0 -9999.0 -9999.0 -9999.0 -9999.0 -9999.0 -9999.0 -9999.0 -9999.0 -9999.0 -9999.0 -9999.0 -9999.0 -9999.0 -9999.0 -9999.0 -9999.0 -9999.0 -9999.0 -9999.0 -9999.0 -9999.0 -9999.0 -9999.0 -9999.0 -9999.0 -9999.0 -9999.0 -9999.0 -9999.0 -9999.0 -9999.0 -9999.0 -9999.0 -9999.0 -9999.0 -9999.0 -9999.0 -9999.0 -9999.0 -9999.0 -9999.0 -9999.0 -9999.0 -9999.0 -9999.0 -9999.0 -9999.0 -9999.0 -9999.0 -9999.0 -9999.0 -9999.0 -9999.0 -9999.0 -9999.0 -9999.0 -9999.0 -9999.0 -9999.0 -9999.0 -9999.0 -9999.0 -9999.0 -9999.0 -9999.0 -9999.0 -9999.0 -9999.0 -9999.0 -9999.0 -9999.0 -9999.0 -9999.0 -9999.0 -9999.0