inst/processing_geotop_simulation/geotop_simulation/out/maps3D/PwL0005N0461.asc
ncols         104
nrows         10
xllcorner     -2.000000
yllcorner     0.000000
cellsize      1.000000
NODATA_value  -9999.0
-9999.0 -9999.0 -9999.0 -9999.0 -9999.0 -9999.0 -9999.0 -9999.0 -9999.0 -9999.0 -9999.0 -9999.0 -9999.0 -9999.0 -9999.0 -9999.0 -9999.0 -9999.0 -9999.0 -9999.0 -9999.0 -9999.0 -9999.0 -9999.0 -9999.0 -9999.0 -9999.0 -9999.0 -9999.0 -9999.0 -9999.0 -9999.0 -9999.0 -9999.0 -9999.0 -9999.0 -9999.0 -9999.0 -9999.0 -9999.0 -9999.0 -9999.0 -9999.0 -9999.0 -9999.0 -9999.0 -9999.0 -9999.0 -9999.0 -9999.0 -9999.0 -9999.0 -9999.0 -9999.0 -9999.0 -9999.0 -9999.0 -9999.0 -9999.0 -9999.0 -9999.0 -9999.0 -9999.0 -9999.0 -9999.0 -9999.0 -9999.0 -9999.0 -9999.0 -9999.0 -9999.0 -9999.0 -9999.0 -9999.0 -9999.0 -9999.0 -9999.0 -9999.0 -9999.0 -9999.0 -9999.0 -9999.0 -9999.0 -9999.0 -9999.0 -9999.0 -9999.0 -9999.0 -9999.0 -9999.0 -9999.0 -9999.0 -9999.0 -9999.0 -9999.0 -9999.0 -9999.0 -9999.0 -9999.0 -9999.0 -9999.0 -9999.0 -9999.0 -9999.0
-9999.0 -9999.0 -9999.0 -9999.0 -9999.0 -9999.0 -9999.0 -9999.0 -9999.0 -9999.0 -9999.0 -9999.0 -9999.0 -9999.0 -9999.0 -9999.0 -9999.0 -9999.0 -9999.0 -9999.0 -9999.0 -9999.0 -9999.0 -9999.0 -9999.0 -9999.0 -9999.0 -9999.0 -9999.0 -9999.0 -9999.0 -9999.0 -9999.0 -9999.0 -9999.0 -9999.0 -9999.0 -9999.0 -9999.0 -9999.0 -9999.0 -9999.0 -9999.0 -9999.0 -9999.0 -9999.0 -9999.0 -9999.0 -9999.0 -9999.0 -9999.0 -9999.0 -9999.0 -9999.0 -9999.0 -9999.0 -9999.0 -9999.0 -9999.0 -9999.0 -9999.0 -9999.0 -9999.0 -9999.0 -9999.0 -9999.0 -9999.0 -9999.0 -9999.0 -9999.0 -9999.0 -9999.0 -9999.0 -9999.0 -9999.0 -9999.0 -9999.0 -9999.0 -9999.0 -9999.0 -9999.0 -9999.0 -9999.0 -9999.0 -9999.0 -9999.0 -9999.0 -9999.0 -9999.0 -9999.0 -9999.0 -9999.0 -9999.0 -9999.0 -9999.0 -9999.0 -9999.0 -9999.0 -9999.0 -9999.0 -9999.0 -9999.0 -9999.0 -9999.0
-9999.0 -9999.0 224.272247 125.897406 26.799243 -72.521148 -171.927756 -271.368396 -370.816993 -470.255750 -569.664982 -669.002416 -768.247707 -867.428577 -966.555561 -1065.681882 -1164.678392 -1263.315686 -1361.425394 -1458.538656 -1553.677250 -1644.992721 -1729.723420 -1804.932095 -1868.579670 -1920.096298 -1960.236125 -1990.558449 -2012.908367 -2029.065684 -2040.568876 -2048.660160 -2054.297443 -2058.195698 -2060.876540 -2062.717158 -2064.002488 -2065.014540 -2066.253232 -2068.590022 -2067.938846 -1999.381032 -1237.783738 -1250.375569 -1237.071144 -1228.080107 -1223.859441 -1223.196824 -1223.124135 -1223.129711 -1223.146451 -1223.164558 -1223.181976 -1223.198116 -1223.213180 -1223.231436 -1223.292097 -1223.692825 -1225.953146 -1230.918956 -1236.809071 -1214.772083 -1971.908715 -2062.011812 -2067.341968 -2066.939472 -2066.728463 -2066.680947 -2066.672648 -2066.671690 -2066.671938 -2066.672314 -2066.672639 -2066.672899 -2066.673105 -2066.673272 -2066.673410 -2066.673528 -2066.673632 -2066.673730 -2066.673828 -2066.673936 -2066.674066 -2066.674238 -2066.674480 -2066.674837 -2066.675384 -2066.676246 -2066.677638 -2066.679947 -2066.683887 -2066.690817 -2066.703403 -2066.726987 -2066.772572 -2066.863685 -2067.053560 -2067.471819 -2068.461828 -2071.028964 -2078.494392 -2103.319473 -9999.0 -9999.0
-9999.0 -9999.0 224.280163 125.899124 26.799685 -72.521018 -171.927715 -271.368382 -370.816987 -470.255748 -569.664981 -669.002416 -768.247706 -867.428576 -966.555561 -1065.681882 -1164.678392 -1263.315686 -1361.425394 -1458.538656 -1553.677250 -1644.992721 -1729.723420 -1804.932095 -1868.579670 -1920.096298 -1960.236125 -1990.558449 -2012.908367 -2029.065684 -2040.568876 -2048.660160 -2054.297443 -2058.195698 -2060.876540 -2062.717158 -2064.002488 -2065.014540 -2066.253232 -2068.590022 -2067.938846 -1999.381032 -1237.783738 -1250.375569 -1237.071143 -1228.080107 -1223.859441 -1223.196824 -1223.124135 -1223.129711 -1223.146451 -1223.164558 -1223.181976 -1223.198116 -1223.213180 -1223.231436 -1223.292097 -1223.692825 -1225.953146 -1230.918956 -1236.809071 -1214.772083 -1971.908715 -2062.011812 -2067.341968 -2066.939472 -2066.728463 -2066.680947 -2066.672648 -2066.671690 -2066.671938 -2066.672314 -2066.672639 -2066.672899 -2066.673105 -2066.673272 -2066.673410 -2066.673528 -2066.673632 -2066.673730 -2066.673828 -2066.673936 -2066.674066 -2066.674238 -2066.674480 -2066.674837 -2066.675384 -2066.676246 -2066.677638 -2066.679947 -2066.683887 -2066.690817 -2066.703403 -2066.726987 -2066.772572 -2066.863685 -2067.053560 -2067.471819 -2068.461828 -2071.028964 -2078.494392 -2103.319473 -9999.0 -9999.0
-9999.0 -9999.0 224.281407 125.899834 26.799966 -72.520916 -171.927679 -271.368369 -370.816983 -470.255746 -569.664980 -669.002415 -768.247706 -867.428576 -966.555561 -1065.681882 -1164.678392 -1263.315686 -1361.425394 -1458.538656 -1553.677250 -1644.992721 -1729.723421 -1804.932095 -1868.579670 -1920.096298 -1960.236125 -1990.558449 -2012.908367 -2029.065684 -2040.568876 -2048.660160 -2054.297443 -2058.195698 -2060.876540 -2062.717158 -2064.002488 -2065.014540 -2066.253232 -2068.590022 -2067.938846 -1999.381032 -1237.783738 -1250.375569 -1237.071143 -1228.080107 -1223.859441 -1223.196824 -1223.124135 -1223.129711 -1223.146451 -1223.164558 -1223.181976 -1223.198116 -1223.213180 -1223.231436 -1223.292097 -1223.692825 -1225.953146 -1230.918956 -1236.809071 -1214.772083 -1971.908715 -2062.011812 -2067.341968 -2066.939472 -2066.728463 -2066.680947 -2066.672648 -2066.671690 -2066.671938 -2066.672314 -2066.672639 -2066.672899 -2066.673105 -2066.673272 -2066.673410 -2066.673528 -2066.673632 -2066.673730 -2066.673828 -2066.673936 -2066.674066 -2066.674238 -2066.674480 -2066.674837 -2066.675384 -2066.676246 -2066.677638 -2066.679947 -2066.683887 -2066.690817 -2066.703403 -2066.726987 -2066.772572 -2066.863685 -2067.053560 -2067.471819 -2068.461828 -2071.028964 -2078.494392 -2103.319473 -9999.0 -9999.0
-9999.0 -9999.0 224.281407 125.899834 26.799966 -72.520916 -171.927679 -271.368369 -370.816983 -470.255746 -569.664980 -669.002415 -768.247706 -867.428576 -966.555561 -1065.681882 -1164.678392 -1263.315686 -1361.425394 -1458.538656 -1553.677250 -1644.992721 -1729.723421 -1804.932095 -1868.579670 -1920.096298 -1960.236125 -1990.558449 -2012.908367 -2029.065684 -2040.568876 -2048.660160 -2054.297443 -2058.195698 -2060.876540 -2062.717158 -2064.002488 -2065.014540 -2066.253232 -2068.590022 -2067.938846 -1999.381032 -1237.783738 -1250.375569 -1237.071143 -1228.080107 -1223.859441 -1223.196824 -1223.124135 -1223.129711 -1223.146451 -1223.164558 -1223.181976 -1223.198116 -1223.213180 -1223.231436 -1223.292097 -1223.692825 -1225.953146 -1230.918956 -1236.809071 -1214.772083 -1971.908715 -2062.011812 -2067.341968 -2066.939472 -2066.728463 -2066.680947 -2066.672648 -2066.671690 -2066.671938 -2066.672314 -2066.672639 -2066.672899 -2066.673105 -2066.673272 -2066.673410 -2066.673528 -2066.673632 -2066.673730 -2066.673828 -2066.673936 -2066.674066 -2066.674238 -2066.674480 -2066.674837 -2066.675384 -2066.676246 -2066.677638 -2066.679947 -2066.683887 -2066.690817 -2066.703403 -2066.726987 -2066.772572 -2066.863685 -2067.053560 -2067.471819 -2068.461828 -2071.028964 -2078.494392 -2103.319473 -9999.0 -9999.0
-9999.0 -9999.0 224.280163 125.899124 26.799685 -72.521018 -171.927715 -271.368382 -370.816987 -470.255748 -569.664981 -669.002416 -768.247706 -867.428576 -966.555561 -1065.681882 -1164.678392 -1263.315686 -1361.425394 -1458.538656 -1553.677250 -1644.992721 -1729.723420 -1804.932095 -1868.579670 -1920.096298 -1960.236125 -1990.558449 -2012.908367 -2029.065684 -2040.568876 -2048.660160 -2054.297443 -2058.195698 -2060.876540 -2062.717158 -2064.002488 -2065.014540 -2066.253232 -2068.590022 -2067.938846 -1999.381032 -1237.783738 -1250.375569 -1237.071143 -1228.080107 -1223.859441 -1223.196824 -1223.124135 -1223.129711 -1223.146451 -1223.164558 -1223.181976 -1223.198116 -1223.213180 -1223.231436 -1223.292097 -1223.692825 -1225.953146 -1230.918956 -1236.809071 -1214.772083 -1971.908715 -2062.011812 -2067.341968 -2066.939472 -2066.728463 -2066.680947 -2066.672648 -2066.671690 -2066.671938 -2066.672314 -2066.672639 -2066.672899 -2066.673105 -2066.673272 -2066.673410 -2066.673528 -2066.673632 -2066.673730 -2066.673828 -2066.673936 -2066.674066 -2066.674238 -2066.674480 -2066.674837 -2066.675384 -2066.676246 -2066.677638 -2066.679947 -2066.683887 -2066.690817 -2066.703403 -2066.726987 -2066.772572 -2066.863685 -2067.053560 -2067.471819 -2068.461828 -2071.028964 -2078.494392 -2103.319473 -9999.0 -9999.0
-9999.0 -9999.0 224.272247 125.897407 26.799243 -72.521148 -171.927756 -271.368396 -370.816993 -470.255750 -569.664982 -669.002416 -768.247707 -867.428577 -966.555561 -1065.681882 -1164.678392 -1263.315686 -1361.425394 -1458.538656 -1553.677250 -1644.992721 -1729.723420 -1804.932095 -1868.579670 -1920.096298 -1960.236125 -1990.558449 -2012.908367 -2029.065684 -2040.568876 -2048.660160 -2054.297443 -2058.195698 -2060.876540 -2062.717158 -2064.002488 -2065.014540 -2066.253232 -2068.590022 -2067.938846 -1999.381032 -1237.783738 -1250.375569 -1237.071144 -1228.080107 -1223.859441 -1223.196824 -1223.124135 -1223.129711 -1223.146451 -1223.164558 -1223.181976 -1223.198116 -1223.213180 -1223.231436 -1223.292097 -1223.692825 -1225.953146 -1230.918956 -1236.809071 -1214.772083 -1971.908715 -2062.011812 -2067.341968 -2066.939472 -2066.728463 -2066.680947 -2066.672648 -2066.671690 -2066.671938 -2066.672314 -2066.672639 -2066.672899 -2066.673105 -2066.673272 -2066.673410 -2066.673528 -2066.673632 -2066.673730 -2066.673828 -2066.673936 -2066.674066 -2066.674238 -2066.674480 -2066.674837 -2066.675384 -2066.676246 -2066.677638 -2066.679947 -2066.683887 -2066.690817 -2066.703403 -2066.726987 -2066.772572 -2066.863685 -2067.053560 -2067.471819 -2068.461828 -2071.028964 -2078.494392 -2103.319473 -9999.0 -9999.0
-9999.0 -9999.0 -9999.0 -9999.0 -9999.0 -9999.0 -9999.0 -9999.0 -9999.0 -9999.0 -9999.0 -9999.0 -9999.0 -9999.0 -9999.0 -9999.0 -9999.0 -9999.0 -9999.0 -9999.0 -9999.0 -9999.0 -9999.0 -9999.0 -9999.0 -9999.0 -9999.0 -9999.0 -9999.0 -9999.0 -9999.0 -9999.0 -9999.0 -9999.0 -9999.0 -9999.0 -9999.0 -9999.0 -9999.0 -9999.0 -9999.0 -9999.0 -9999.0 -9999.0 -9999.0 -9999.0 -9999.0 -9999.0 -9999.0 -9999.0 -9999.0 -9999.0 -9999.0 -9999.0 -9999.0 -9999.0 -9999.0 -9999.0 -9999.0 -9999.0 -9999.0 -9999.0 -9999.0 -9999.0 -9999.0 -9999.0 -9999.0 -9999.0 -9999.0 -9999.0 -9999.0 -9999.0 -9999.0 -9999.0 -9999.0 -9999.0 -9999.0 -9999.0 -9999.0 -9999.0 -9999.0 -9999.0 -9999.0 -9999.0 -9999.0 -9999.0 -9999.0 -9999.0 -9999.0 -9999.0 -9999.0 -9999.0 -9999.0 -9999.0 -9999.0 -9999.0 -9999.0 -9999.0 -9999.0 -9999.0 -9999.0 -9999.0 -9999.0 -9999.0
-9999.0 -9999.0 -9999.0 -9999.0 -9999.0 -9999.0 -9999.0 -9999.0 -9999.0 -9999.0 -9999.0 -9999.0 -9999.0 -9999.0 -9999.0 -9999.0 -9999.0 -9999.0 -9999.0 -9999.0 -9999.0 -9999.0 -9999.0 -9999.0 -9999.0 -9999.0 -9999.0 -9999.0 -9999.0 -9999.0 -9999.0 -9999.0 -9999.0 -9999.0 -9999.0 -9999.0 -9999.0 -9999.0 -9999.0 -9999.0 -9999.0 -9999.0 -9999.0 -9999.0 -9999.0 -9999.0 -9999.0 -9999.0 -9999.0 -9999.0 -9999.0 -9999.0 -9999.0 -9999.0 -9999.0 -9999.0 -9999.0 -9999.0 -9999.0 -9999.0 -9999.0 -9999.0 -9999.0 -9999.0 -9999.0 -9999.0 -9999.0 -9999.0 -9999.0 -9999.0 -9999.0 -9999.0 -9999.0 -9999.0 -9999.0 -9999.0 -9999.0 -9999.0 -9999.0 -9999.0 -9999.0 -9999.0 -9999.0 -9999.0 -9999.0 -9999.0 -9999.0 -9999.0 -9999.0 -9999.0 -9999.0 -9999.0 -9999.0 -9999.0 -9999.0 -9999.0 -9999.0 -9999.0 -9999.0 -9999.0 -9999.0 -9999.0 -9999.0 -9999.0