inst/processing_geotop_simulation/geotop_simulation/out/maps3D/PwL0001N0074.asc
ncols         104
nrows         10
xllcorner     -2.000000
yllcorner     0.000000
cellsize      1.000000
NODATA_value  -9999.0
-9999.0 -9999.0 -9999.0 -9999.0 -9999.0 -9999.0 -9999.0 -9999.0 -9999.0 -9999.0 -9999.0 -9999.0 -9999.0 -9999.0 -9999.0 -9999.0 -9999.0 -9999.0 -9999.0 -9999.0 -9999.0 -9999.0 -9999.0 -9999.0 -9999.0 -9999.0 -9999.0 -9999.0 -9999.0 -9999.0 -9999.0 -9999.0 -9999.0 -9999.0 -9999.0 -9999.0 -9999.0 -9999.0 -9999.0 -9999.0 -9999.0 -9999.0 -9999.0 -9999.0 -9999.0 -9999.0 -9999.0 -9999.0 -9999.0 -9999.0 -9999.0 -9999.0 -9999.0 -9999.0 -9999.0 -9999.0 -9999.0 -9999.0 -9999.0 -9999.0 -9999.0 -9999.0 -9999.0 -9999.0 -9999.0 -9999.0 -9999.0 -9999.0 -9999.0 -9999.0 -9999.0 -9999.0 -9999.0 -9999.0 -9999.0 -9999.0 -9999.0 -9999.0 -9999.0 -9999.0 -9999.0 -9999.0 -9999.0 -9999.0 -9999.0 -9999.0 -9999.0 -9999.0 -9999.0 -9999.0 -9999.0 -9999.0 -9999.0 -9999.0 -9999.0 -9999.0 -9999.0 -9999.0 -9999.0 -9999.0 -9999.0 -9999.0 -9999.0 -9999.0
-9999.0 -9999.0 -9999.0 -9999.0 -9999.0 -9999.0 -9999.0 -9999.0 -9999.0 -9999.0 -9999.0 -9999.0 -9999.0 -9999.0 -9999.0 -9999.0 -9999.0 -9999.0 -9999.0 -9999.0 -9999.0 -9999.0 -9999.0 -9999.0 -9999.0 -9999.0 -9999.0 -9999.0 -9999.0 -9999.0 -9999.0 -9999.0 -9999.0 -9999.0 -9999.0 -9999.0 -9999.0 -9999.0 -9999.0 -9999.0 -9999.0 -9999.0 -9999.0 -9999.0 -9999.0 -9999.0 -9999.0 -9999.0 -9999.0 -9999.0 -9999.0 -9999.0 -9999.0 -9999.0 -9999.0 -9999.0 -9999.0 -9999.0 -9999.0 -9999.0 -9999.0 -9999.0 -9999.0 -9999.0 -9999.0 -9999.0 -9999.0 -9999.0 -9999.0 -9999.0 -9999.0 -9999.0 -9999.0 -9999.0 -9999.0 -9999.0 -9999.0 -9999.0 -9999.0 -9999.0 -9999.0 -9999.0 -9999.0 -9999.0 -9999.0 -9999.0 -9999.0 -9999.0 -9999.0 -9999.0 -9999.0 -9999.0 -9999.0 -9999.0 -9999.0 -9999.0 -9999.0 -9999.0 -9999.0 -9999.0 -9999.0 -9999.0 -9999.0 -9999.0
-9999.0 -9999.0 -224.751688 -326.296895 -430.220094 -539.768754 -665.796497 -834.471035 -1039.561113 -1191.881809 -1209.904150 -1186.872228 -1193.369975 -1211.874424 -1249.618784 -1293.477731 -1317.410289 -1321.417734 -1314.386779 -1304.924180 -1297.484162 -1293.482946 -1292.863896 -1294.994232 -1299.053838 -1304.196640 -1309.631039 -1314.717345 -1319.054418 -1322.491298 -1325.062266 -1326.900100 -1328.167351 -1329.015141 -1329.565938 -1329.912673 -1330.134956 -1330.331504 -1330.561995 -1330.856746 -1334.523108 -1355.909000 -874.773728 -867.691116 -856.077425 -848.993143 -845.685729 -845.231624 -845.188253 -845.202290 -845.226159 -845.251295 -845.275399 -845.297688 -845.318078 -845.338937 -845.384381 -845.662671 -847.448504 -851.585603 -858.579279 -858.167641 -1340.958240 -1333.612969 -1331.182819 -1330.735670 -1330.640614 -1330.623653 -1330.623684 -1330.626726 -1330.629726 -1330.632124 -1330.633939 -1330.635303 -1330.636339 -1330.637140 -1330.637772 -1330.638280 -1330.638697 -1330.639061 -1330.639409 -1330.639785 -1330.640249 -1330.640885 -1330.641816 -1330.643240 -1330.645468 -1330.649009 -1330.654711 -1330.664027 -1330.679518 -1330.705872 -1330.751959 -1330.835041 -1330.989299 -1331.282735 -1331.850109 -1332.958198 -1335.148137 -1339.598166 -1349.156442 -1372.392810 -9999.0 -9999.0
-9999.0 -9999.0 -224.751688 -326.296897 -430.220095 -539.768755 -665.796497 -834.471036 -1039.561114 -1191.881809 -1209.904150 -1186.872228 -1193.369975 -1211.874424 -1249.618784 -1293.477731 -1317.410289 -1321.417734 -1314.386779 -1304.924180 -1297.484162 -1293.482946 -1292.863896 -1294.994232 -1299.053838 -1304.196640 -1309.631039 -1314.717345 -1319.054418 -1322.491298 -1325.062266 -1326.900100 -1328.167351 -1329.015141 -1329.565938 -1329.912673 -1330.134956 -1330.331504 -1330.561995 -1330.856746 -1334.523108 -1355.909000 -874.773728 -867.691116 -856.077425 -848.993143 -845.685729 -845.231624 -845.188253 -845.202290 -845.226159 -845.251295 -845.275399 -845.297688 -845.318078 -845.338937 -845.384381 -845.662671 -847.448504 -851.585603 -858.579279 -858.167641 -1340.958240 -1333.612969 -1331.182819 -1330.735670 -1330.640614 -1330.623653 -1330.623684 -1330.626726 -1330.629726 -1330.632124 -1330.633939 -1330.635303 -1330.636339 -1330.637140 -1330.637772 -1330.638280 -1330.638697 -1330.639061 -1330.639409 -1330.639785 -1330.640249 -1330.640885 -1330.641816 -1330.643240 -1330.645468 -1330.649009 -1330.654711 -1330.664027 -1330.679518 -1330.705872 -1330.751959 -1330.835041 -1330.989299 -1331.282735 -1331.850109 -1332.958198 -1335.148137 -1339.598166 -1349.156442 -1372.392810 -9999.0 -9999.0
-9999.0 -9999.0 -224.751688 -326.296897 -430.220095 -539.768755 -665.796498 -834.471036 -1039.561115 -1191.881810 -1209.904150 -1186.872228 -1193.369975 -1211.874424 -1249.618784 -1293.477731 -1317.410289 -1321.417734 -1314.386779 -1304.924180 -1297.484162 -1293.482946 -1292.863896 -1294.994232 -1299.053838 -1304.196640 -1309.631039 -1314.717345 -1319.054418 -1322.491298 -1325.062266 -1326.900100 -1328.167351 -1329.015141 -1329.565938 -1329.912673 -1330.134956 -1330.331504 -1330.561995 -1330.856746 -1334.523108 -1355.909000 -874.773728 -867.691116 -856.077425 -848.993143 -845.685729 -845.231624 -845.188253 -845.202290 -845.226159 -845.251295 -845.275399 -845.297688 -845.318078 -845.338937 -845.384381 -845.662671 -847.448504 -851.585603 -858.579279 -858.167641 -1340.958240 -1333.612969 -1331.182819 -1330.735670 -1330.640614 -1330.623653 -1330.623684 -1330.626726 -1330.629726 -1330.632124 -1330.633939 -1330.635303 -1330.636339 -1330.637140 -1330.637772 -1330.638280 -1330.638697 -1330.639061 -1330.639409 -1330.639785 -1330.640249 -1330.640885 -1330.641816 -1330.643240 -1330.645468 -1330.649009 -1330.654711 -1330.664027 -1330.679518 -1330.705872 -1330.751959 -1330.835041 -1330.989299 -1331.282735 -1331.850109 -1332.958198 -1335.148137 -1339.598166 -1349.156442 -1372.392810 -9999.0 -9999.0
-9999.0 -9999.0 -224.751688 -326.296897 -430.220095 -539.768755 -665.796498 -834.471036 -1039.561115 -1191.881810 -1209.904150 -1186.872228 -1193.369975 -1211.874424 -1249.618784 -1293.477731 -1317.410289 -1321.417734 -1314.386779 -1304.924180 -1297.484162 -1293.482946 -1292.863896 -1294.994232 -1299.053838 -1304.196640 -1309.631039 -1314.717345 -1319.054418 -1322.491298 -1325.062266 -1326.900100 -1328.167351 -1329.015141 -1329.565938 -1329.912673 -1330.134956 -1330.331504 -1330.561995 -1330.856746 -1334.523108 -1355.909000 -874.773728 -867.691116 -856.077425 -848.993143 -845.685729 -845.231624 -845.188253 -845.202290 -845.226159 -845.251295 -845.275399 -845.297688 -845.318078 -845.338937 -845.384381 -845.662671 -847.448504 -851.585603 -858.579279 -858.167641 -1340.958240 -1333.612969 -1331.182819 -1330.735670 -1330.640614 -1330.623653 -1330.623684 -1330.626726 -1330.629726 -1330.632124 -1330.633939 -1330.635303 -1330.636339 -1330.637140 -1330.637772 -1330.638280 -1330.638697 -1330.639061 -1330.639409 -1330.639785 -1330.640249 -1330.640885 -1330.641816 -1330.643240 -1330.645468 -1330.649009 -1330.654711 -1330.664027 -1330.679518 -1330.705872 -1330.751959 -1330.835041 -1330.989299 -1331.282735 -1331.850109 -1332.958198 -1335.148137 -1339.598166 -1349.156442 -1372.392810 -9999.0 -9999.0
-9999.0 -9999.0 -224.751688 -326.296897 -430.220095 -539.768755 -665.796497 -834.471036 -1039.561114 -1191.881809 -1209.904150 -1186.872228 -1193.369975 -1211.874424 -1249.618784 -1293.477731 -1317.410289 -1321.417734 -1314.386779 -1304.924180 -1297.484162 -1293.482946 -1292.863896 -1294.994232 -1299.053838 -1304.196640 -1309.631039 -1314.717345 -1319.054418 -1322.491298 -1325.062266 -1326.900100 -1328.167351 -1329.015141 -1329.565938 -1329.912673 -1330.134956 -1330.331504 -1330.561995 -1330.856746 -1334.523108 -1355.909000 -874.773728 -867.691116 -856.077425 -848.993143 -845.685729 -845.231624 -845.188253 -845.202290 -845.226159 -845.251295 -845.275399 -845.297688 -845.318078 -845.338937 -845.384381 -845.662671 -847.448504 -851.585603 -858.579279 -858.167641 -1340.958240 -1333.612969 -1331.182819 -1330.735670 -1330.640614 -1330.623653 -1330.623684 -1330.626726 -1330.629726 -1330.632124 -1330.633939 -1330.635303 -1330.636339 -1330.637140 -1330.637772 -1330.638280 -1330.638697 -1330.639061 -1330.639409 -1330.639785 -1330.640249 -1330.640885 -1330.641816 -1330.643240 -1330.645468 -1330.649009 -1330.654711 -1330.664027 -1330.679518 -1330.705872 -1330.751959 -1330.835041 -1330.989299 -1331.282735 -1331.850109 -1332.958198 -1335.148137 -1339.598166 -1349.156442 -1372.392810 -9999.0 -9999.0
-9999.0 -9999.0 -224.751688 -326.296895 -430.220094 -539.768754 -665.796497 -834.471035 -1039.561113 -1191.881809 -1209.904150 -1186.872228 -1193.369975 -1211.874424 -1249.618784 -1293.477731 -1317.410289 -1321.417734 -1314.386779 -1304.924180 -1297.484162 -1293.482946 -1292.863896 -1294.994232 -1299.053838 -1304.196640 -1309.631039 -1314.717345 -1319.054418 -1322.491298 -1325.062266 -1326.900100 -1328.167351 -1329.015141 -1329.565938 -1329.912673 -1330.134956 -1330.331504 -1330.561995 -1330.856746 -1334.523108 -1355.909000 -874.773728 -867.691116 -856.077425 -848.993143 -845.685729 -845.231624 -845.188253 -845.202290 -845.226159 -845.251295 -845.275399 -845.297688 -845.318078 -845.338937 -845.384381 -845.662671 -847.448504 -851.585603 -858.579279 -858.167641 -1340.958240 -1333.612969 -1331.182819 -1330.735670 -1330.640614 -1330.623653 -1330.623684 -1330.626726 -1330.629726 -1330.632124 -1330.633939 -1330.635303 -1330.636339 -1330.637140 -1330.637772 -1330.638280 -1330.638697 -1330.639061 -1330.639409 -1330.639785 -1330.640249 -1330.640885 -1330.641816 -1330.643240 -1330.645468 -1330.649009 -1330.654711 -1330.664027 -1330.679518 -1330.705872 -1330.751959 -1330.835041 -1330.989299 -1331.282735 -1331.850109 -1332.958198 -1335.148137 -1339.598166 -1349.156442 -1372.392810 -9999.0 -9999.0
-9999.0 -9999.0 -9999.0 -9999.0 -9999.0 -9999.0 -9999.0 -9999.0 -9999.0 -9999.0 -9999.0 -9999.0 -9999.0 -9999.0 -9999.0 -9999.0 -9999.0 -9999.0 -9999.0 -9999.0 -9999.0 -9999.0 -9999.0 -9999.0 -9999.0 -9999.0 -9999.0 -9999.0 -9999.0 -9999.0 -9999.0 -9999.0 -9999.0 -9999.0 -9999.0 -9999.0 -9999.0 -9999.0 -9999.0 -9999.0 -9999.0 -9999.0 -9999.0 -9999.0 -9999.0 -9999.0 -9999.0 -9999.0 -9999.0 -9999.0 -9999.0 -9999.0 -9999.0 -9999.0 -9999.0 -9999.0 -9999.0 -9999.0 -9999.0 -9999.0 -9999.0 -9999.0 -9999.0 -9999.0 -9999.0 -9999.0 -9999.0 -9999.0 -9999.0 -9999.0 -9999.0 -9999.0 -9999.0 -9999.0 -9999.0 -9999.0 -9999.0 -9999.0 -9999.0 -9999.0 -9999.0 -9999.0 -9999.0 -9999.0 -9999.0 -9999.0 -9999.0 -9999.0 -9999.0 -9999.0 -9999.0 -9999.0 -9999.0 -9999.0 -9999.0 -9999.0 -9999.0 -9999.0 -9999.0 -9999.0 -9999.0 -9999.0 -9999.0 -9999.0
-9999.0 -9999.0 -9999.0 -9999.0 -9999.0 -9999.0 -9999.0 -9999.0 -9999.0 -9999.0 -9999.0 -9999.0 -9999.0 -9999.0 -9999.0 -9999.0 -9999.0 -9999.0 -9999.0 -9999.0 -9999.0 -9999.0 -9999.0 -9999.0 -9999.0 -9999.0 -9999.0 -9999.0 -9999.0 -9999.0 -9999.0 -9999.0 -9999.0 -9999.0 -9999.0 -9999.0 -9999.0 -9999.0 -9999.0 -9999.0 -9999.0 -9999.0 -9999.0 -9999.0 -9999.0 -9999.0 -9999.0 -9999.0 -9999.0 -9999.0 -9999.0 -9999.0 -9999.0 -9999.0 -9999.0 -9999.0 -9999.0 -9999.0 -9999.0 -9999.0 -9999.0 -9999.0 -9999.0 -9999.0 -9999.0 -9999.0 -9999.0 -9999.0 -9999.0 -9999.0 -9999.0 -9999.0 -9999.0 -9999.0 -9999.0 -9999.0 -9999.0 -9999.0 -9999.0 -9999.0 -9999.0 -9999.0 -9999.0 -9999.0 -9999.0 -9999.0 -9999.0 -9999.0 -9999.0 -9999.0 -9999.0 -9999.0 -9999.0 -9999.0 -9999.0 -9999.0 -9999.0 -9999.0 -9999.0 -9999.0 -9999.0 -9999.0 -9999.0 -9999.0