inst/processing_geotop_simulation/geotop_simulation/out/maps3D/PwL0011N0431.asc
ncols         104
nrows         10
xllcorner     -2.000000
yllcorner     0.000000
cellsize      1.000000
NODATA_value  -9999.0
-9999.0 -9999.0 -9999.0 -9999.0 -9999.0 -9999.0 -9999.0 -9999.0 -9999.0 -9999.0 -9999.0 -9999.0 -9999.0 -9999.0 -9999.0 -9999.0 -9999.0 -9999.0 -9999.0 -9999.0 -9999.0 -9999.0 -9999.0 -9999.0 -9999.0 -9999.0 -9999.0 -9999.0 -9999.0 -9999.0 -9999.0 -9999.0 -9999.0 -9999.0 -9999.0 -9999.0 -9999.0 -9999.0 -9999.0 -9999.0 -9999.0 -9999.0 -9999.0 -9999.0 -9999.0 -9999.0 -9999.0 -9999.0 -9999.0 -9999.0 -9999.0 -9999.0 -9999.0 -9999.0 -9999.0 -9999.0 -9999.0 -9999.0 -9999.0 -9999.0 -9999.0 -9999.0 -9999.0 -9999.0 -9999.0 -9999.0 -9999.0 -9999.0 -9999.0 -9999.0 -9999.0 -9999.0 -9999.0 -9999.0 -9999.0 -9999.0 -9999.0 -9999.0 -9999.0 -9999.0 -9999.0 -9999.0 -9999.0 -9999.0 -9999.0 -9999.0 -9999.0 -9999.0 -9999.0 -9999.0 -9999.0 -9999.0 -9999.0 -9999.0 -9999.0 -9999.0 -9999.0 -9999.0 -9999.0 -9999.0 -9999.0 -9999.0 -9999.0 -9999.0
-9999.0 -9999.0 -9999.0 -9999.0 -9999.0 -9999.0 -9999.0 -9999.0 -9999.0 -9999.0 -9999.0 -9999.0 -9999.0 -9999.0 -9999.0 -9999.0 -9999.0 -9999.0 -9999.0 -9999.0 -9999.0 -9999.0 -9999.0 -9999.0 -9999.0 -9999.0 -9999.0 -9999.0 -9999.0 -9999.0 -9999.0 -9999.0 -9999.0 -9999.0 -9999.0 -9999.0 -9999.0 -9999.0 -9999.0 -9999.0 -9999.0 -9999.0 -9999.0 -9999.0 -9999.0 -9999.0 -9999.0 -9999.0 -9999.0 -9999.0 -9999.0 -9999.0 -9999.0 -9999.0 -9999.0 -9999.0 -9999.0 -9999.0 -9999.0 -9999.0 -9999.0 -9999.0 -9999.0 -9999.0 -9999.0 -9999.0 -9999.0 -9999.0 -9999.0 -9999.0 -9999.0 -9999.0 -9999.0 -9999.0 -9999.0 -9999.0 -9999.0 -9999.0 -9999.0 -9999.0 -9999.0 -9999.0 -9999.0 -9999.0 -9999.0 -9999.0 -9999.0 -9999.0 -9999.0 -9999.0 -9999.0 -9999.0 -9999.0 -9999.0 -9999.0 -9999.0 -9999.0 -9999.0 -9999.0 -9999.0 -9999.0 -9999.0 -9999.0 -9999.0
-9999.0 -9999.0 522.070090 423.394465 324.330503 225.069179 125.722576 26.340799 -73.049726 -172.438445 -271.817309 -371.172793 -470.482195 -569.699236 -668.759051 -767.740931 -866.730440 -965.616336 -1064.378498 -1162.566488 -1259.242665 -1353.387786 -1442.938400 -1525.346055 -1598.279503 -1660.255967 -1710.906305 -1750.864988 -1781.440207 -1804.243971 -1820.899062 -1832.860325 -1841.336568 -1847.280422 -1851.415257 -1854.278835 -1856.279462 -1857.796068 -1859.434791 -1862.449358 -1866.356426 -1842.746898 -1388.916515 -1642.686857 -1583.484431 -1544.634752 -1527.054920 -1524.599120 -1524.343291 -1524.366640 -1524.429546 -1524.497212 -1524.562224 -1524.622419 -1524.678295 -1524.743419 -1524.948113 -1526.364149 -1535.476977 -1556.180875 -1577.507152 -1315.326394 -1806.139452 -1858.978602 -1861.476866 -1860.827234 -1860.590998 -1860.540393 -1860.531675 -1860.530677 -1860.530944 -1860.531346 -1860.531697 -1860.531982 -1860.532213 -1860.532404 -1860.532566 -1860.532708 -1860.532836 -1860.532958 -1860.533081 -1860.533216 -1860.533374 -1860.533576 -1860.533850 -1860.534243 -1860.534832 -1860.535746 -1860.537205 -1860.539606 -1860.543682 -1860.550832 -1860.563797 -1860.588083 -1860.635068 -1860.729191 -1860.926049 -1861.361488 -1862.394665 -1865.067047 -1872.763345 -1897.959482 -9999.0 -9999.0
-9999.0 -9999.0 522.075196 423.395942 324.330921 225.069306 125.722618 26.340813 -73.049721 -172.438443 -271.817308 -371.172792 -470.482195 -569.699236 -668.759051 -767.740931 -866.730440 -965.616336 -1064.378498 -1162.566488 -1259.242665 -1353.387786 -1442.938400 -1525.346055 -1598.279503 -1660.255967 -1710.906305 -1750.864989 -1781.440207 -1804.243971 -1820.899062 -1832.860325 -1841.336568 -1847.280422 -1851.415257 -1854.278835 -1856.279462 -1857.796068 -1859.434791 -1862.449358 -1866.356426 -1842.746898 -1388.916515 -1642.686857 -1583.484431 -1544.634751 -1527.054920 -1524.599120 -1524.343291 -1524.366640 -1524.429546 -1524.497212 -1524.562224 -1524.622419 -1524.678295 -1524.743419 -1524.948113 -1526.364149 -1535.476977 -1556.180875 -1577.507152 -1315.326394 -1806.139452 -1858.978602 -1861.476866 -1860.827234 -1860.590998 -1860.540393 -1860.531675 -1860.530677 -1860.530944 -1860.531346 -1860.531697 -1860.531982 -1860.532213 -1860.532404 -1860.532566 -1860.532708 -1860.532836 -1860.532958 -1860.533081 -1860.533216 -1860.533374 -1860.533576 -1860.533850 -1860.534243 -1860.534832 -1860.535746 -1860.537205 -1860.539606 -1860.543682 -1860.550832 -1860.563797 -1860.588083 -1860.635068 -1860.729191 -1860.926049 -1861.361488 -1862.394665 -1865.067047 -1872.763345 -1897.959482 -9999.0 -9999.0
-9999.0 -9999.0 522.076488 423.396618 324.331194 225.069407 125.722654 26.340826 -73.049716 -172.438441 -271.817307 -371.172792 -470.482194 -569.699236 -668.759051 -767.740931 -866.730440 -965.616336 -1064.378498 -1162.566488 -1259.242665 -1353.387787 -1442.938401 -1525.346056 -1598.279504 -1660.255967 -1710.906305 -1750.864989 -1781.440208 -1804.243971 -1820.899062 -1832.860325 -1841.336568 -1847.280422 -1851.415257 -1854.278835 -1856.279462 -1857.796068 -1859.434791 -1862.449358 -1866.356426 -1842.746898 -1388.916515 -1642.686857 -1583.484431 -1544.634750 -1527.054920 -1524.599120 -1524.343291 -1524.366640 -1524.429546 -1524.497212 -1524.562224 -1524.622419 -1524.678295 -1524.743419 -1524.948113 -1526.364149 -1535.476977 -1556.180875 -1577.507152 -1315.326394 -1806.139452 -1858.978602 -1861.476866 -1860.827234 -1860.590998 -1860.540393 -1860.531675 -1860.530677 -1860.530944 -1860.531346 -1860.531697 -1860.531982 -1860.532213 -1860.532404 -1860.532566 -1860.532708 -1860.532836 -1860.532958 -1860.533081 -1860.533216 -1860.533374 -1860.533576 -1860.533850 -1860.534243 -1860.534832 -1860.535746 -1860.537205 -1860.539606 -1860.543682 -1860.550832 -1860.563797 -1860.588083 -1860.635068 -1860.729191 -1860.926049 -1861.361488 -1862.394665 -1865.067047 -1872.763345 -1897.959482 -9999.0 -9999.0
-9999.0 -9999.0 522.076488 423.396618 324.331194 225.069407 125.722654 26.340826 -73.049716 -172.438441 -271.817307 -371.172792 -470.482194 -569.699236 -668.759051 -767.740931 -866.730440 -965.616336 -1064.378498 -1162.566488 -1259.242665 -1353.387787 -1442.938401 -1525.346056 -1598.279504 -1660.255967 -1710.906305 -1750.864989 -1781.440208 -1804.243971 -1820.899062 -1832.860325 -1841.336568 -1847.280422 -1851.415257 -1854.278835 -1856.279462 -1857.796068 -1859.434791 -1862.449358 -1866.356426 -1842.746898 -1388.916515 -1642.686857 -1583.484431 -1544.634750 -1527.054920 -1524.599120 -1524.343291 -1524.366640 -1524.429546 -1524.497212 -1524.562224 -1524.622419 -1524.678295 -1524.743419 -1524.948113 -1526.364149 -1535.476977 -1556.180875 -1577.507152 -1315.326394 -1806.139452 -1858.978602 -1861.476866 -1860.827234 -1860.590998 -1860.540393 -1860.531675 -1860.530677 -1860.530944 -1860.531346 -1860.531697 -1860.531982 -1860.532213 -1860.532404 -1860.532566 -1860.532708 -1860.532836 -1860.532958 -1860.533081 -1860.533216 -1860.533374 -1860.533576 -1860.533850 -1860.534243 -1860.534832 -1860.535746 -1860.537205 -1860.539606 -1860.543682 -1860.550832 -1860.563797 -1860.588083 -1860.635068 -1860.729191 -1860.926049 -1861.361488 -1862.394665 -1865.067047 -1872.763345 -1897.959482 -9999.0 -9999.0
-9999.0 -9999.0 522.075196 423.395942 324.330921 225.069306 125.722618 26.340813 -73.049721 -172.438443 -271.817308 -371.172792 -470.482195 -569.699236 -668.759051 -767.740931 -866.730440 -965.616336 -1064.378498 -1162.566488 -1259.242665 -1353.387786 -1442.938400 -1525.346055 -1598.279503 -1660.255967 -1710.906305 -1750.864989 -1781.440207 -1804.243971 -1820.899062 -1832.860325 -1841.336568 -1847.280422 -1851.415257 -1854.278835 -1856.279462 -1857.796068 -1859.434791 -1862.449358 -1866.356426 -1842.746898 -1388.916515 -1642.686857 -1583.484431 -1544.634751 -1527.054920 -1524.599120 -1524.343291 -1524.366640 -1524.429546 -1524.497212 -1524.562224 -1524.622419 -1524.678295 -1524.743419 -1524.948113 -1526.364149 -1535.476977 -1556.180875 -1577.507152 -1315.326394 -1806.139452 -1858.978602 -1861.476866 -1860.827234 -1860.590998 -1860.540393 -1860.531675 -1860.530677 -1860.530944 -1860.531346 -1860.531697 -1860.531982 -1860.532213 -1860.532404 -1860.532566 -1860.532708 -1860.532836 -1860.532958 -1860.533081 -1860.533216 -1860.533374 -1860.533576 -1860.533850 -1860.534243 -1860.534832 -1860.535746 -1860.537205 -1860.539606 -1860.543682 -1860.550832 -1860.563797 -1860.588083 -1860.635068 -1860.729191 -1860.926049 -1861.361488 -1862.394665 -1865.067047 -1872.763345 -1897.959482 -9999.0 -9999.0
-9999.0 -9999.0 522.070090 423.394466 324.330503 225.069179 125.722576 26.340799 -73.049726 -172.438445 -271.817309 -371.172793 -470.482195 -569.699237 -668.759051 -767.740931 -866.730440 -965.616336 -1064.378498 -1162.566488 -1259.242665 -1353.387786 -1442.938400 -1525.346055 -1598.279503 -1660.255967 -1710.906305 -1750.864988 -1781.440207 -1804.243971 -1820.899062 -1832.860325 -1841.336568 -1847.280422 -1851.415257 -1854.278835 -1856.279462 -1857.796068 -1859.434791 -1862.449358 -1866.356426 -1842.746898 -1388.916515 -1642.686857 -1583.484431 -1544.634752 -1527.054920 -1524.599120 -1524.343291 -1524.366640 -1524.429546 -1524.497212 -1524.562224 -1524.622419 -1524.678295 -1524.743419 -1524.948113 -1526.364149 -1535.476977 -1556.180875 -1577.507152 -1315.326394 -1806.139452 -1858.978602 -1861.476866 -1860.827234 -1860.590998 -1860.540393 -1860.531675 -1860.530677 -1860.530944 -1860.531346 -1860.531697 -1860.531982 -1860.532213 -1860.532404 -1860.532566 -1860.532708 -1860.532836 -1860.532958 -1860.533081 -1860.533216 -1860.533374 -1860.533576 -1860.533850 -1860.534243 -1860.534832 -1860.535746 -1860.537205 -1860.539606 -1860.543682 -1860.550832 -1860.563797 -1860.588083 -1860.635068 -1860.729191 -1860.926049 -1861.361488 -1862.394665 -1865.067047 -1872.763345 -1897.959482 -9999.0 -9999.0
-9999.0 -9999.0 -9999.0 -9999.0 -9999.0 -9999.0 -9999.0 -9999.0 -9999.0 -9999.0 -9999.0 -9999.0 -9999.0 -9999.0 -9999.0 -9999.0 -9999.0 -9999.0 -9999.0 -9999.0 -9999.0 -9999.0 -9999.0 -9999.0 -9999.0 -9999.0 -9999.0 -9999.0 -9999.0 -9999.0 -9999.0 -9999.0 -9999.0 -9999.0 -9999.0 -9999.0 -9999.0 -9999.0 -9999.0 -9999.0 -9999.0 -9999.0 -9999.0 -9999.0 -9999.0 -9999.0 -9999.0 -9999.0 -9999.0 -9999.0 -9999.0 -9999.0 -9999.0 -9999.0 -9999.0 -9999.0 -9999.0 -9999.0 -9999.0 -9999.0 -9999.0 -9999.0 -9999.0 -9999.0 -9999.0 -9999.0 -9999.0 -9999.0 -9999.0 -9999.0 -9999.0 -9999.0 -9999.0 -9999.0 -9999.0 -9999.0 -9999.0 -9999.0 -9999.0 -9999.0 -9999.0 -9999.0 -9999.0 -9999.0 -9999.0 -9999.0 -9999.0 -9999.0 -9999.0 -9999.0 -9999.0 -9999.0 -9999.0 -9999.0 -9999.0 -9999.0 -9999.0 -9999.0 -9999.0 -9999.0 -9999.0 -9999.0 -9999.0 -9999.0
-9999.0 -9999.0 -9999.0 -9999.0 -9999.0 -9999.0 -9999.0 -9999.0 -9999.0 -9999.0 -9999.0 -9999.0 -9999.0 -9999.0 -9999.0 -9999.0 -9999.0 -9999.0 -9999.0 -9999.0 -9999.0 -9999.0 -9999.0 -9999.0 -9999.0 -9999.0 -9999.0 -9999.0 -9999.0 -9999.0 -9999.0 -9999.0 -9999.0 -9999.0 -9999.0 -9999.0 -9999.0 -9999.0 -9999.0 -9999.0 -9999.0 -9999.0 -9999.0 -9999.0 -9999.0 -9999.0 -9999.0 -9999.0 -9999.0 -9999.0 -9999.0 -9999.0 -9999.0 -9999.0 -9999.0 -9999.0 -9999.0 -9999.0 -9999.0 -9999.0 -9999.0 -9999.0 -9999.0 -9999.0 -9999.0 -9999.0 -9999.0 -9999.0 -9999.0 -9999.0 -9999.0 -9999.0 -9999.0 -9999.0 -9999.0 -9999.0 -9999.0 -9999.0 -9999.0 -9999.0 -9999.0 -9999.0 -9999.0 -9999.0 -9999.0 -9999.0 -9999.0 -9999.0 -9999.0 -9999.0 -9999.0 -9999.0 -9999.0 -9999.0 -9999.0 -9999.0 -9999.0 -9999.0 -9999.0 -9999.0 -9999.0 -9999.0 -9999.0 -9999.0