inst/processing_geotop_simulation/geotop_simulation/out/maps3D/PwL0017N0393.asc
ncols         104
nrows         10
xllcorner     -2.000000
yllcorner     0.000000
cellsize      1.000000
NODATA_value  -9999.0
-9999.0 -9999.0 -9999.0 -9999.0 -9999.0 -9999.0 -9999.0 -9999.0 -9999.0 -9999.0 -9999.0 -9999.0 -9999.0 -9999.0 -9999.0 -9999.0 -9999.0 -9999.0 -9999.0 -9999.0 -9999.0 -9999.0 -9999.0 -9999.0 -9999.0 -9999.0 -9999.0 -9999.0 -9999.0 -9999.0 -9999.0 -9999.0 -9999.0 -9999.0 -9999.0 -9999.0 -9999.0 -9999.0 -9999.0 -9999.0 -9999.0 -9999.0 -9999.0 -9999.0 -9999.0 -9999.0 -9999.0 -9999.0 -9999.0 -9999.0 -9999.0 -9999.0 -9999.0 -9999.0 -9999.0 -9999.0 -9999.0 -9999.0 -9999.0 -9999.0 -9999.0 -9999.0 -9999.0 -9999.0 -9999.0 -9999.0 -9999.0 -9999.0 -9999.0 -9999.0 -9999.0 -9999.0 -9999.0 -9999.0 -9999.0 -9999.0 -9999.0 -9999.0 -9999.0 -9999.0 -9999.0 -9999.0 -9999.0 -9999.0 -9999.0 -9999.0 -9999.0 -9999.0 -9999.0 -9999.0 -9999.0 -9999.0 -9999.0 -9999.0 -9999.0 -9999.0 -9999.0 -9999.0 -9999.0 -9999.0 -9999.0 -9999.0 -9999.0 -9999.0
-9999.0 -9999.0 -9999.0 -9999.0 -9999.0 -9999.0 -9999.0 -9999.0 -9999.0 -9999.0 -9999.0 -9999.0 -9999.0 -9999.0 -9999.0 -9999.0 -9999.0 -9999.0 -9999.0 -9999.0 -9999.0 -9999.0 -9999.0 -9999.0 -9999.0 -9999.0 -9999.0 -9999.0 -9999.0 -9999.0 -9999.0 -9999.0 -9999.0 -9999.0 -9999.0 -9999.0 -9999.0 -9999.0 -9999.0 -9999.0 -9999.0 -9999.0 -9999.0 -9999.0 -9999.0 -9999.0 -9999.0 -9999.0 -9999.0 -9999.0 -9999.0 -9999.0 -9999.0 -9999.0 -9999.0 -9999.0 -9999.0 -9999.0 -9999.0 -9999.0 -9999.0 -9999.0 -9999.0 -9999.0 -9999.0 -9999.0 -9999.0 -9999.0 -9999.0 -9999.0 -9999.0 -9999.0 -9999.0 -9999.0 -9999.0 -9999.0 -9999.0 -9999.0 -9999.0 -9999.0 -9999.0 -9999.0 -9999.0 -9999.0 -9999.0 -9999.0 -9999.0 -9999.0 -9999.0 -9999.0 -9999.0 -9999.0 -9999.0 -9999.0 -9999.0 -9999.0 -9999.0 -9999.0 -9999.0 -9999.0 -9999.0 -9999.0 -9999.0 -9999.0
-9999.0 -9999.0 820.031634 721.187288 622.176977 523.008486 423.760181 324.477105 225.182929 125.890312 26.606696 -72.660645 -171.910725 -271.134888 -370.311979 -469.406601 -568.352945 -667.037817 -765.559197 -864.060524 -962.274141 -1060.041648 -1155.602415 -1245.991448 -1329.915451 -1405.266284 -1470.477766 -1524.833714 -1568.535925 -1602.538577 -1628.251651 -1647.238497 -1660.989877 -1670.797220 -1677.708558 -1682.539177 -1685.919715 -1688.405605 -1690.781990 -1694.816770 -1703.863807 -1721.544897 -1960.814487 -4057.182374 -4133.650935 -4133.660521 -4133.658702 -4133.656134 -4133.646071 -4133.615545 -4133.537168 -4133.325960 -4132.995147 -4132.582392 -4131.918768 -4130.677683 -4128.081025 -4122.197264 -4108.197781 -4074.200318 -3838.017058 -1732.966278 -1678.791799 -1695.568636 -1694.572506 -1693.575031 -1693.302155 -1693.247367 -1693.238162 -1693.237146 -1693.237458 -1693.237911 -1693.238312 -1693.238645 -1693.238922 -1693.239158 -1693.239365 -1693.239551 -1693.239724 -1693.239892 -1693.240062 -1693.240245 -1693.240455 -1693.240711 -1693.241045 -1693.241505 -1693.242172 -1693.243179 -1693.244758 -1693.247324 -1693.251643 -1693.259177 -1693.272797 -1693.298286 -1693.347640 -1693.446814 -1693.655333 -1694.119379 -1695.223992 -1698.067038 -1706.121502 -1731.857547 -9999.0 -9999.0
-9999.0 -9999.0 820.035002 721.188486 622.177353 523.008607 423.760222 324.477119 225.182934 125.890314 26.606697 -72.660644 -171.910725 -271.134888 -370.311979 -469.406601 -568.352945 -667.037817 -765.559198 -864.060524 -962.274142 -1060.041648 -1155.602415 -1245.991448 -1329.915451 -1405.266285 -1470.477766 -1524.833714 -1568.535925 -1602.538577 -1628.251651 -1647.238497 -1660.989877 -1670.797220 -1677.708558 -1682.539177 -1685.919715 -1688.405605 -1690.781990 -1694.816770 -1703.863807 -1721.544897 -1960.814486 -4057.182374 -4133.650935 -4133.660521 -4133.658702 -4133.656134 -4133.646071 -4133.615545 -4133.537168 -4133.325960 -4132.995147 -4132.582392 -4131.918768 -4130.677683 -4128.081025 -4122.197264 -4108.197781 -4074.200318 -3838.017058 -1732.966278 -1678.791799 -1695.568636 -1694.572506 -1693.575031 -1693.302155 -1693.247367 -1693.238162 -1693.237146 -1693.237458 -1693.237911 -1693.238312 -1693.238645 -1693.238922 -1693.239158 -1693.239365 -1693.239551 -1693.239724 -1693.239892 -1693.240062 -1693.240245 -1693.240455 -1693.240711 -1693.241045 -1693.241505 -1693.242172 -1693.243179 -1693.244758 -1693.247324 -1693.251643 -1693.259177 -1693.272797 -1693.298286 -1693.347640 -1693.446814 -1693.655333 -1694.119379 -1695.223992 -1698.067038 -1706.121502 -1731.857547 -9999.0 -9999.0
-9999.0 -9999.0 820.036166 721.189101 622.177609 523.008703 423.760257 324.477132 225.182939 125.890316 26.606698 -72.660644 -171.910725 -271.134888 -370.311979 -469.406601 -568.352946 -667.037817 -765.559198 -864.060524 -962.274142 -1060.041648 -1155.602415 -1245.991448 -1329.915452 -1405.266285 -1470.477766 -1524.833714 -1568.535925 -1602.538577 -1628.251651 -1647.238497 -1660.989877 -1670.797220 -1677.708558 -1682.539177 -1685.919715 -1688.405605 -1690.781990 -1694.816770 -1703.863807 -1721.544897 -1960.814486 -4057.182374 -4133.650935 -4133.660521 -4133.658702 -4133.656134 -4133.646071 -4133.615545 -4133.537168 -4133.325960 -4132.995147 -4132.582392 -4131.918768 -4130.677683 -4128.081025 -4122.197264 -4108.197781 -4074.200318 -3838.017058 -1732.966278 -1678.791799 -1695.568636 -1694.572506 -1693.575031 -1693.302155 -1693.247367 -1693.238162 -1693.237146 -1693.237458 -1693.237911 -1693.238312 -1693.238645 -1693.238922 -1693.239158 -1693.239365 -1693.239551 -1693.239724 -1693.239892 -1693.240062 -1693.240245 -1693.240455 -1693.240711 -1693.241045 -1693.241505 -1693.242172 -1693.243179 -1693.244758 -1693.247324 -1693.251643 -1693.259177 -1693.272797 -1693.298286 -1693.347640 -1693.446814 -1693.655333 -1694.119379 -1695.223992 -1698.067038 -1706.121502 -1731.857547 -9999.0 -9999.0
-9999.0 -9999.0 820.036165 721.189101 622.177609 523.008703 423.760257 324.477132 225.182939 125.890316 26.606698 -72.660644 -171.910725 -271.134888 -370.311979 -469.406601 -568.352945 -667.037817 -765.559198 -864.060524 -962.274142 -1060.041648 -1155.602415 -1245.991448 -1329.915451 -1405.266285 -1470.477766 -1524.833714 -1568.535925 -1602.538577 -1628.251651 -1647.238497 -1660.989877 -1670.797220 -1677.708558 -1682.539177 -1685.919715 -1688.405605 -1690.781990 -1694.816770 -1703.863807 -1721.544897 -1960.814486 -4057.182374 -4133.650935 -4133.660521 -4133.658702 -4133.656134 -4133.646071 -4133.615545 -4133.537168 -4133.325960 -4132.995147 -4132.582392 -4131.918768 -4130.677683 -4128.081025 -4122.197264 -4108.197781 -4074.200318 -3838.017058 -1732.966278 -1678.791799 -1695.568636 -1694.572506 -1693.575031 -1693.302155 -1693.247367 -1693.238162 -1693.237146 -1693.237458 -1693.237911 -1693.238312 -1693.238645 -1693.238922 -1693.239158 -1693.239365 -1693.239551 -1693.239724 -1693.239892 -1693.240062 -1693.240245 -1693.240455 -1693.240711 -1693.241045 -1693.241505 -1693.242172 -1693.243179 -1693.244758 -1693.247324 -1693.251643 -1693.259177 -1693.272797 -1693.298286 -1693.347640 -1693.446814 -1693.655333 -1694.119379 -1695.223992 -1698.067038 -1706.121502 -1731.857547 -9999.0 -9999.0
-9999.0 -9999.0 820.035002 721.188486 622.177353 523.008606 423.760222 324.477119 225.182934 125.890314 26.606697 -72.660644 -171.910725 -271.134888 -370.311979 -469.406601 -568.352945 -667.037817 -765.559198 -864.060524 -962.274142 -1060.041648 -1155.602415 -1245.991448 -1329.915451 -1405.266285 -1470.477766 -1524.833714 -1568.535925 -1602.538577 -1628.251651 -1647.238497 -1660.989877 -1670.797220 -1677.708558 -1682.539177 -1685.919715 -1688.405605 -1690.781990 -1694.816770 -1703.863807 -1721.544897 -1960.814486 -4057.182374 -4133.650935 -4133.660521 -4133.658702 -4133.656134 -4133.646071 -4133.615545 -4133.537168 -4133.325960 -4132.995147 -4132.582392 -4131.918768 -4130.677683 -4128.081025 -4122.197264 -4108.197781 -4074.200318 -3838.017058 -1732.966278 -1678.791799 -1695.568636 -1694.572506 -1693.575031 -1693.302155 -1693.247367 -1693.238162 -1693.237146 -1693.237458 -1693.237911 -1693.238312 -1693.238645 -1693.238922 -1693.239158 -1693.239365 -1693.239551 -1693.239724 -1693.239892 -1693.240062 -1693.240245 -1693.240455 -1693.240711 -1693.241045 -1693.241505 -1693.242172 -1693.243179 -1693.244758 -1693.247324 -1693.251643 -1693.259177 -1693.272797 -1693.298286 -1693.347640 -1693.446814 -1693.655333 -1694.119379 -1695.223992 -1698.067038 -1706.121502 -1731.857547 -9999.0 -9999.0
-9999.0 -9999.0 820.031634 721.187288 622.176977 523.008486 423.760181 324.477105 225.182929 125.890312 26.606696 -72.660645 -171.910725 -271.134888 -370.311979 -469.406601 -568.352945 -667.037817 -765.559197 -864.060524 -962.274141 -1060.041648 -1155.602415 -1245.991448 -1329.915451 -1405.266284 -1470.477766 -1524.833714 -1568.535925 -1602.538577 -1628.251651 -1647.238497 -1660.989877 -1670.797220 -1677.708558 -1682.539177 -1685.919715 -1688.405605 -1690.781990 -1694.816770 -1703.863807 -1721.544897 -1960.814487 -4057.182374 -4133.650935 -4133.660521 -4133.658702 -4133.656134 -4133.646071 -4133.615545 -4133.537168 -4133.325960 -4132.995147 -4132.582392 -4131.918768 -4130.677683 -4128.081025 -4122.197264 -4108.197781 -4074.200318 -3838.017058 -1732.966278 -1678.791799 -1695.568636 -1694.572506 -1693.575031 -1693.302155 -1693.247367 -1693.238162 -1693.237146 -1693.237458 -1693.237911 -1693.238312 -1693.238645 -1693.238922 -1693.239158 -1693.239365 -1693.239551 -1693.239724 -1693.239892 -1693.240062 -1693.240245 -1693.240455 -1693.240711 -1693.241045 -1693.241505 -1693.242172 -1693.243179 -1693.244758 -1693.247324 -1693.251643 -1693.259177 -1693.272797 -1693.298286 -1693.347640 -1693.446814 -1693.655333 -1694.119379 -1695.223992 -1698.067038 -1706.121502 -1731.857547 -9999.0 -9999.0
-9999.0 -9999.0 -9999.0 -9999.0 -9999.0 -9999.0 -9999.0 -9999.0 -9999.0 -9999.0 -9999.0 -9999.0 -9999.0 -9999.0 -9999.0 -9999.0 -9999.0 -9999.0 -9999.0 -9999.0 -9999.0 -9999.0 -9999.0 -9999.0 -9999.0 -9999.0 -9999.0 -9999.0 -9999.0 -9999.0 -9999.0 -9999.0 -9999.0 -9999.0 -9999.0 -9999.0 -9999.0 -9999.0 -9999.0 -9999.0 -9999.0 -9999.0 -9999.0 -9999.0 -9999.0 -9999.0 -9999.0 -9999.0 -9999.0 -9999.0 -9999.0 -9999.0 -9999.0 -9999.0 -9999.0 -9999.0 -9999.0 -9999.0 -9999.0 -9999.0 -9999.0 -9999.0 -9999.0 -9999.0 -9999.0 -9999.0 -9999.0 -9999.0 -9999.0 -9999.0 -9999.0 -9999.0 -9999.0 -9999.0 -9999.0 -9999.0 -9999.0 -9999.0 -9999.0 -9999.0 -9999.0 -9999.0 -9999.0 -9999.0 -9999.0 -9999.0 -9999.0 -9999.0 -9999.0 -9999.0 -9999.0 -9999.0 -9999.0 -9999.0 -9999.0 -9999.0 -9999.0 -9999.0 -9999.0 -9999.0 -9999.0 -9999.0 -9999.0 -9999.0
-9999.0 -9999.0 -9999.0 -9999.0 -9999.0 -9999.0 -9999.0 -9999.0 -9999.0 -9999.0 -9999.0 -9999.0 -9999.0 -9999.0 -9999.0 -9999.0 -9999.0 -9999.0 -9999.0 -9999.0 -9999.0 -9999.0 -9999.0 -9999.0 -9999.0 -9999.0 -9999.0 -9999.0 -9999.0 -9999.0 -9999.0 -9999.0 -9999.0 -9999.0 -9999.0 -9999.0 -9999.0 -9999.0 -9999.0 -9999.0 -9999.0 -9999.0 -9999.0 -9999.0 -9999.0 -9999.0 -9999.0 -9999.0 -9999.0 -9999.0 -9999.0 -9999.0 -9999.0 -9999.0 -9999.0 -9999.0 -9999.0 -9999.0 -9999.0 -9999.0 -9999.0 -9999.0 -9999.0 -9999.0 -9999.0 -9999.0 -9999.0 -9999.0 -9999.0 -9999.0 -9999.0 -9999.0 -9999.0 -9999.0 -9999.0 -9999.0 -9999.0 -9999.0 -9999.0 -9999.0 -9999.0 -9999.0 -9999.0 -9999.0 -9999.0 -9999.0 -9999.0 -9999.0 -9999.0 -9999.0 -9999.0 -9999.0 -9999.0 -9999.0 -9999.0 -9999.0 -9999.0 -9999.0 -9999.0 -9999.0 -9999.0 -9999.0 -9999.0 -9999.0