inst/processing_geotop_simulation/geotop_simulation/out/maps3D/PwL0013N0327.asc
ncols         104
nrows         10
xllcorner     -2.000000
yllcorner     0.000000
cellsize      1.000000
NODATA_value  -9999.0
-9999.0 -9999.0 -9999.0 -9999.0 -9999.0 -9999.0 -9999.0 -9999.0 -9999.0 -9999.0 -9999.0 -9999.0 -9999.0 -9999.0 -9999.0 -9999.0 -9999.0 -9999.0 -9999.0 -9999.0 -9999.0 -9999.0 -9999.0 -9999.0 -9999.0 -9999.0 -9999.0 -9999.0 -9999.0 -9999.0 -9999.0 -9999.0 -9999.0 -9999.0 -9999.0 -9999.0 -9999.0 -9999.0 -9999.0 -9999.0 -9999.0 -9999.0 -9999.0 -9999.0 -9999.0 -9999.0 -9999.0 -9999.0 -9999.0 -9999.0 -9999.0 -9999.0 -9999.0 -9999.0 -9999.0 -9999.0 -9999.0 -9999.0 -9999.0 -9999.0 -9999.0 -9999.0 -9999.0 -9999.0 -9999.0 -9999.0 -9999.0 -9999.0 -9999.0 -9999.0 -9999.0 -9999.0 -9999.0 -9999.0 -9999.0 -9999.0 -9999.0 -9999.0 -9999.0 -9999.0 -9999.0 -9999.0 -9999.0 -9999.0 -9999.0 -9999.0 -9999.0 -9999.0 -9999.0 -9999.0 -9999.0 -9999.0 -9999.0 -9999.0 -9999.0 -9999.0 -9999.0 -9999.0 -9999.0 -9999.0 -9999.0 -9999.0 -9999.0 -9999.0
-9999.0 -9999.0 -9999.0 -9999.0 -9999.0 -9999.0 -9999.0 -9999.0 -9999.0 -9999.0 -9999.0 -9999.0 -9999.0 -9999.0 -9999.0 -9999.0 -9999.0 -9999.0 -9999.0 -9999.0 -9999.0 -9999.0 -9999.0 -9999.0 -9999.0 -9999.0 -9999.0 -9999.0 -9999.0 -9999.0 -9999.0 -9999.0 -9999.0 -9999.0 -9999.0 -9999.0 -9999.0 -9999.0 -9999.0 -9999.0 -9999.0 -9999.0 -9999.0 -9999.0 -9999.0 -9999.0 -9999.0 -9999.0 -9999.0 -9999.0 -9999.0 -9999.0 -9999.0 -9999.0 -9999.0 -9999.0 -9999.0 -9999.0 -9999.0 -9999.0 -9999.0 -9999.0 -9999.0 -9999.0 -9999.0 -9999.0 -9999.0 -9999.0 -9999.0 -9999.0 -9999.0 -9999.0 -9999.0 -9999.0 -9999.0 -9999.0 -9999.0 -9999.0 -9999.0 -9999.0 -9999.0 -9999.0 -9999.0 -9999.0 -9999.0 -9999.0 -9999.0 -9999.0 -9999.0 -9999.0 -9999.0 -9999.0 -9999.0 -9999.0 -9999.0 -9999.0 -9999.0 -9999.0 -9999.0 -9999.0 -9999.0 -9999.0 -9999.0 -9999.0
-9999.0 -9999.0 622.729408 524.657704 426.118793 327.295777 228.343794 129.337096 30.312724 -68.706098 -167.710962 -266.688716 -365.609811 -464.413282 -562.997435 -661.226359 -759.243126 -857.278170 -955.037467 -1052.454815 -1148.069439 -1239.248306 -1324.351866 -1400.785707 -1466.585259 -1520.891080 -1563.993136 -1597.046856 -1621.666659 -1639.568059 -1652.332730 -1661.293995 -1667.508646 -1671.778046 -1674.690883 -1676.672128 -1678.036445 -1679.078018 -1680.345851 -1683.487288 -1692.299335 -1706.789790 -1697.101113 -3293.215304 -2937.956065 -2708.704628 -2611.068818 -2598.682089 -2597.433414 -2597.562628 -2597.887091 -2598.234818 -2598.568698 -2598.877722 -2599.163648 -2599.488488 -2600.464712 -2607.392846 -2656.653572 -2773.814047 -2901.439621 -1534.374789 -1669.436760 -1684.425146 -1682.217596 -1681.149083 -1680.907629 -1680.864498 -1680.857884 -1680.857382 -1680.857814 -1680.858302 -1680.858706 -1680.859024 -1680.859274 -1680.859473 -1680.859635 -1680.859771 -1680.859889 -1680.859998 -1680.860106 -1680.860226 -1680.860372 -1680.860568 -1680.860847 -1680.861265 -1680.861911 -1680.862935 -1680.864594 -1680.867344 -1680.872026 -1680.880229 -1680.895058 -1680.922702 -1680.975804 -1681.081049 -1681.297788 -1681.767555 -1682.854477 -1685.578151 -1693.157650 -1717.574149 -9999.0 -9999.0
-9999.0 -9999.0 622.734162 524.659187 426.119228 327.295911 228.343838 129.337112 30.312729 -68.706096 -167.710961 -266.688715 -365.609811 -464.413282 -562.997435 -661.226359 -759.243126 -857.278171 -955.037467 -1052.454816 -1148.069439 -1239.248306 -1324.351866 -1400.785708 -1466.585259 -1520.891080 -1563.993136 -1597.046856 -1621.666659 -1639.568059 -1652.332730 -1661.293995 -1667.508646 -1671.778046 -1674.690883 -1676.672128 -1678.036445 -1679.078018 -1680.345851 -1683.487288 -1692.299335 -1706.789790 -1697.101113 -3293.215301 -2937.956061 -2708.704622 -2611.068818 -2598.682089 -2597.433413 -2597.562628 -2597.887091 -2598.234818 -2598.568698 -2598.877722 -2599.163648 -2599.488488 -2600.464712 -2607.392846 -2656.653572 -2773.814047 -2901.439622 -1534.374789 -1669.436760 -1684.425146 -1682.217596 -1681.149083 -1680.907629 -1680.864498 -1680.857884 -1680.857382 -1680.857814 -1680.858302 -1680.858706 -1680.859024 -1680.859274 -1680.859473 -1680.859635 -1680.859771 -1680.859889 -1680.859998 -1680.860106 -1680.860226 -1680.860372 -1680.860568 -1680.860847 -1680.861265 -1680.861911 -1680.862935 -1680.864594 -1680.867344 -1680.872026 -1680.880229 -1680.895058 -1680.922702 -1680.975804 -1681.081049 -1681.297788 -1681.767555 -1682.854477 -1685.578151 -1693.157650 -1717.574149 -9999.0 -9999.0
-9999.0 -9999.0 622.735513 524.659893 426.119515 327.296018 228.343877 129.337125 30.312734 -68.706094 -167.710960 -266.688715 -365.609811 -464.413282 -562.997435 -661.226359 -759.243126 -857.278171 -955.037467 -1052.454816 -1148.069440 -1239.248306 -1324.351866 -1400.785708 -1466.585259 -1520.891080 -1563.993137 -1597.046856 -1621.666659 -1639.568059 -1652.332730 -1661.293995 -1667.508646 -1671.778046 -1674.690883 -1676.672128 -1678.036445 -1679.078018 -1680.345851 -1683.487288 -1692.299335 -1706.789790 -1697.101113 -3293.215301 -2937.956060 -2708.704620 -2611.068818 -2598.682089 -2597.433413 -2597.562628 -2597.887091 -2598.234818 -2598.568698 -2598.877722 -2599.163648 -2599.488488 -2600.464712 -2607.392846 -2656.653572 -2773.814047 -2901.439621 -1534.374789 -1669.436760 -1684.425146 -1682.217596 -1681.149083 -1680.907629 -1680.864498 -1680.857884 -1680.857382 -1680.857814 -1680.858302 -1680.858706 -1680.859024 -1680.859274 -1680.859473 -1680.859635 -1680.859771 -1680.859889 -1680.859998 -1680.860106 -1680.860226 -1680.860372 -1680.860568 -1680.860847 -1680.861265 -1680.861911 -1680.862935 -1680.864594 -1680.867344 -1680.872026 -1680.880229 -1680.895058 -1680.922702 -1680.975804 -1681.081049 -1681.297788 -1681.767555 -1682.854477 -1685.578151 -1693.157650 -1717.574149 -9999.0 -9999.0
-9999.0 -9999.0 622.735513 524.659893 426.119515 327.296018 228.343877 129.337125 30.312734 -68.706094 -167.710960 -266.688715 -365.609811 -464.413282 -562.997435 -661.226359 -759.243126 -857.278171 -955.037467 -1052.454816 -1148.069439 -1239.248306 -1324.351866 -1400.785708 -1466.585259 -1520.891080 -1563.993137 -1597.046856 -1621.666659 -1639.568059 -1652.332730 -1661.293995 -1667.508646 -1671.778046 -1674.690883 -1676.672128 -1678.036445 -1679.078018 -1680.345851 -1683.487288 -1692.299335 -1706.789790 -1697.101113 -3293.215301 -2937.956060 -2708.704620 -2611.068818 -2598.682089 -2597.433413 -2597.562628 -2597.887091 -2598.234818 -2598.568698 -2598.877722 -2599.163648 -2599.488488 -2600.464712 -2607.392846 -2656.653572 -2773.814047 -2901.439621 -1534.374789 -1669.436760 -1684.425146 -1682.217596 -1681.149083 -1680.907629 -1680.864498 -1680.857884 -1680.857382 -1680.857814 -1680.858302 -1680.858706 -1680.859024 -1680.859274 -1680.859473 -1680.859635 -1680.859771 -1680.859889 -1680.859998 -1680.860106 -1680.860226 -1680.860372 -1680.860568 -1680.860847 -1680.861265 -1680.861911 -1680.862935 -1680.864594 -1680.867344 -1680.872026 -1680.880229 -1680.895058 -1680.922702 -1680.975804 -1681.081049 -1681.297788 -1681.767555 -1682.854477 -1685.578151 -1693.157650 -1717.574149 -9999.0 -9999.0
-9999.0 -9999.0 622.734162 524.659187 426.119228 327.295911 228.343838 129.337112 30.312729 -68.706096 -167.710961 -266.688715 -365.609811 -464.413282 -562.997435 -661.226359 -759.243126 -857.278171 -955.037467 -1052.454816 -1148.069439 -1239.248306 -1324.351866 -1400.785708 -1466.585259 -1520.891080 -1563.993136 -1597.046856 -1621.666659 -1639.568059 -1652.332730 -1661.293995 -1667.508646 -1671.778046 -1674.690883 -1676.672128 -1678.036445 -1679.078018 -1680.345851 -1683.487288 -1692.299335 -1706.789790 -1697.101113 -3293.215301 -2937.956061 -2708.704622 -2611.068818 -2598.682089 -2597.433413 -2597.562628 -2597.887091 -2598.234818 -2598.568698 -2598.877722 -2599.163648 -2599.488488 -2600.464712 -2607.392846 -2656.653572 -2773.814047 -2901.439622 -1534.374789 -1669.436760 -1684.425146 -1682.217596 -1681.149083 -1680.907629 -1680.864498 -1680.857884 -1680.857382 -1680.857814 -1680.858302 -1680.858706 -1680.859024 -1680.859274 -1680.859473 -1680.859635 -1680.859771 -1680.859889 -1680.859998 -1680.860106 -1680.860226 -1680.860372 -1680.860568 -1680.860847 -1680.861265 -1680.861911 -1680.862935 -1680.864594 -1680.867344 -1680.872026 -1680.880229 -1680.895058 -1680.922702 -1680.975804 -1681.081049 -1681.297788 -1681.767555 -1682.854477 -1685.578151 -1693.157650 -1717.574149 -9999.0 -9999.0
-9999.0 -9999.0 622.729408 524.657704 426.118793 327.295777 228.343794 129.337096 30.312724 -68.706098 -167.710962 -266.688716 -365.609811 -464.413282 -562.997435 -661.226359 -759.243126 -857.278171 -955.037467 -1052.454815 -1148.069439 -1239.248306 -1324.351866 -1400.785708 -1466.585259 -1520.891080 -1563.993136 -1597.046856 -1621.666659 -1639.568059 -1652.332730 -1661.293995 -1667.508646 -1671.778046 -1674.690883 -1676.672128 -1678.036445 -1679.078018 -1680.345851 -1683.487288 -1692.299335 -1706.789790 -1697.101113 -3293.215304 -2937.956065 -2708.704628 -2611.068818 -2598.682089 -2597.433414 -2597.562628 -2597.887091 -2598.234818 -2598.568698 -2598.877722 -2599.163648 -2599.488488 -2600.464712 -2607.392846 -2656.653572 -2773.814047 -2901.439621 -1534.374789 -1669.436760 -1684.425146 -1682.217596 -1681.149083 -1680.907629 -1680.864498 -1680.857884 -1680.857382 -1680.857814 -1680.858302 -1680.858706 -1680.859024 -1680.859274 -1680.859473 -1680.859635 -1680.859771 -1680.859889 -1680.859998 -1680.860106 -1680.860226 -1680.860372 -1680.860568 -1680.860847 -1680.861265 -1680.861911 -1680.862935 -1680.864594 -1680.867344 -1680.872026 -1680.880229 -1680.895058 -1680.922702 -1680.975804 -1681.081049 -1681.297788 -1681.767555 -1682.854477 -1685.578151 -1693.157650 -1717.574149 -9999.0 -9999.0
-9999.0 -9999.0 -9999.0 -9999.0 -9999.0 -9999.0 -9999.0 -9999.0 -9999.0 -9999.0 -9999.0 -9999.0 -9999.0 -9999.0 -9999.0 -9999.0 -9999.0 -9999.0 -9999.0 -9999.0 -9999.0 -9999.0 -9999.0 -9999.0 -9999.0 -9999.0 -9999.0 -9999.0 -9999.0 -9999.0 -9999.0 -9999.0 -9999.0 -9999.0 -9999.0 -9999.0 -9999.0 -9999.0 -9999.0 -9999.0 -9999.0 -9999.0 -9999.0 -9999.0 -9999.0 -9999.0 -9999.0 -9999.0 -9999.0 -9999.0 -9999.0 -9999.0 -9999.0 -9999.0 -9999.0 -9999.0 -9999.0 -9999.0 -9999.0 -9999.0 -9999.0 -9999.0 -9999.0 -9999.0 -9999.0 -9999.0 -9999.0 -9999.0 -9999.0 -9999.0 -9999.0 -9999.0 -9999.0 -9999.0 -9999.0 -9999.0 -9999.0 -9999.0 -9999.0 -9999.0 -9999.0 -9999.0 -9999.0 -9999.0 -9999.0 -9999.0 -9999.0 -9999.0 -9999.0 -9999.0 -9999.0 -9999.0 -9999.0 -9999.0 -9999.0 -9999.0 -9999.0 -9999.0 -9999.0 -9999.0 -9999.0 -9999.0 -9999.0 -9999.0
-9999.0 -9999.0 -9999.0 -9999.0 -9999.0 -9999.0 -9999.0 -9999.0 -9999.0 -9999.0 -9999.0 -9999.0 -9999.0 -9999.0 -9999.0 -9999.0 -9999.0 -9999.0 -9999.0 -9999.0 -9999.0 -9999.0 -9999.0 -9999.0 -9999.0 -9999.0 -9999.0 -9999.0 -9999.0 -9999.0 -9999.0 -9999.0 -9999.0 -9999.0 -9999.0 -9999.0 -9999.0 -9999.0 -9999.0 -9999.0 -9999.0 -9999.0 -9999.0 -9999.0 -9999.0 -9999.0 -9999.0 -9999.0 -9999.0 -9999.0 -9999.0 -9999.0 -9999.0 -9999.0 -9999.0 -9999.0 -9999.0 -9999.0 -9999.0 -9999.0 -9999.0 -9999.0 -9999.0 -9999.0 -9999.0 -9999.0 -9999.0 -9999.0 -9999.0 -9999.0 -9999.0 -9999.0 -9999.0 -9999.0 -9999.0 -9999.0 -9999.0 -9999.0 -9999.0 -9999.0 -9999.0 -9999.0 -9999.0 -9999.0 -9999.0 -9999.0 -9999.0 -9999.0 -9999.0 -9999.0 -9999.0 -9999.0 -9999.0 -9999.0 -9999.0 -9999.0 -9999.0 -9999.0 -9999.0 -9999.0 -9999.0 -9999.0 -9999.0 -9999.0