inst/processing_geotop_simulation/geotop_simulation/out/maps3D/PwL0012N0196.asc
ncols         104
nrows         10
xllcorner     -2.000000
yllcorner     0.000000
cellsize      1.000000
NODATA_value  -9999.0
-9999.0 -9999.0 -9999.0 -9999.0 -9999.0 -9999.0 -9999.0 -9999.0 -9999.0 -9999.0 -9999.0 -9999.0 -9999.0 -9999.0 -9999.0 -9999.0 -9999.0 -9999.0 -9999.0 -9999.0 -9999.0 -9999.0 -9999.0 -9999.0 -9999.0 -9999.0 -9999.0 -9999.0 -9999.0 -9999.0 -9999.0 -9999.0 -9999.0 -9999.0 -9999.0 -9999.0 -9999.0 -9999.0 -9999.0 -9999.0 -9999.0 -9999.0 -9999.0 -9999.0 -9999.0 -9999.0 -9999.0 -9999.0 -9999.0 -9999.0 -9999.0 -9999.0 -9999.0 -9999.0 -9999.0 -9999.0 -9999.0 -9999.0 -9999.0 -9999.0 -9999.0 -9999.0 -9999.0 -9999.0 -9999.0 -9999.0 -9999.0 -9999.0 -9999.0 -9999.0 -9999.0 -9999.0 -9999.0 -9999.0 -9999.0 -9999.0 -9999.0 -9999.0 -9999.0 -9999.0 -9999.0 -9999.0 -9999.0 -9999.0 -9999.0 -9999.0 -9999.0 -9999.0 -9999.0 -9999.0 -9999.0 -9999.0 -9999.0 -9999.0 -9999.0 -9999.0 -9999.0 -9999.0 -9999.0 -9999.0 -9999.0 -9999.0 -9999.0 -9999.0
-9999.0 -9999.0 -9999.0 -9999.0 -9999.0 -9999.0 -9999.0 -9999.0 -9999.0 -9999.0 -9999.0 -9999.0 -9999.0 -9999.0 -9999.0 -9999.0 -9999.0 -9999.0 -9999.0 -9999.0 -9999.0 -9999.0 -9999.0 -9999.0 -9999.0 -9999.0 -9999.0 -9999.0 -9999.0 -9999.0 -9999.0 -9999.0 -9999.0 -9999.0 -9999.0 -9999.0 -9999.0 -9999.0 -9999.0 -9999.0 -9999.0 -9999.0 -9999.0 -9999.0 -9999.0 -9999.0 -9999.0 -9999.0 -9999.0 -9999.0 -9999.0 -9999.0 -9999.0 -9999.0 -9999.0 -9999.0 -9999.0 -9999.0 -9999.0 -9999.0 -9999.0 -9999.0 -9999.0 -9999.0 -9999.0 -9999.0 -9999.0 -9999.0 -9999.0 -9999.0 -9999.0 -9999.0 -9999.0 -9999.0 -9999.0 -9999.0 -9999.0 -9999.0 -9999.0 -9999.0 -9999.0 -9999.0 -9999.0 -9999.0 -9999.0 -9999.0 -9999.0 -9999.0 -9999.0 -9999.0 -9999.0 -9999.0 -9999.0 -9999.0 -9999.0 -9999.0 -9999.0 -9999.0 -9999.0 -9999.0 -9999.0 -9999.0 -9999.0 -9999.0
-9999.0 -9999.0 579.197499 484.484019 388.367768 291.468703 194.220776 96.823897 -0.622579 -98.056083 -195.449071 -292.734662 -389.786001 -486.333449 -581.990007 -676.324198 -771.337435 -865.913256 -960.040760 -1053.454868 -1138.930225 -1215.462296 -1280.192602 -1332.042680 -1371.658489 -1400.794083 -1421.598987 -1436.117855 -1446.062242 -1452.765960 -1457.224299 -1460.156296 -1462.067638 -1463.305729 -1464.104719 -1464.622004 -1464.970370 -1465.265735 -1465.822816 -1468.180859 -1479.225326 -1526.808022 -1841.943297 -3911.268118 -3525.568103 -3229.810905 -3091.819348 -3074.599972 -3072.881039 -3073.061047 -3073.508589 -3073.987609 -3074.447306 -3074.872617 -3075.265658 -3075.708552 -3077.022259 -3086.474950 -3156.399629 -3316.471075 -3528.384374 -1641.120668 -1494.933087 -1472.936111 -1466.988764 -1465.875803 -1465.701132 -1465.674789 -1465.671384 -1465.671717 -1465.672559 -1465.673321 -1465.673920 -1465.674378 -1465.674729 -1465.675003 -1465.675219 -1465.675394 -1465.675541 -1465.675672 -1465.675800 -1465.675942 -1465.676120 -1465.676368 -1465.676733 -1465.677295 -1465.678178 -1465.679592 -1465.681890 -1465.685694 -1465.692129 -1465.703308 -1465.723304 -1465.760158 -1465.829997 -1465.965767 -1466.237133 -1466.800837 -1468.039394 -1470.964278 -1478.548510 -1501.682903 -9999.0 -9999.0
-9999.0 -9999.0 579.203246 484.485752 388.368268 291.468856 194.220825 96.823914 -0.622573 -98.056081 -195.449070 -292.734661 -389.786001 -486.333449 -581.990007 -676.324198 -771.337436 -865.913256 -960.040760 -1053.454868 -1138.930226 -1215.462297 -1280.192602 -1332.042681 -1371.658489 -1400.794083 -1421.598987 -1436.117855 -1446.062242 -1452.765960 -1457.224299 -1460.156296 -1462.067638 -1463.305729 -1464.104719 -1464.622004 -1464.970370 -1465.265735 -1465.822816 -1468.180859 -1479.225326 -1526.808022 -1841.943297 -3911.268116 -3525.568099 -3229.810896 -3091.819348 -3074.599972 -3072.881039 -3073.061047 -3073.508589 -3073.987609 -3074.447306 -3074.872617 -3075.265658 -3075.708552 -3077.022259 -3086.474950 -3156.399629 -3316.471075 -3528.384374 -1641.120668 -1494.933087 -1472.936111 -1466.988764 -1465.875803 -1465.701132 -1465.674789 -1465.671384 -1465.671717 -1465.672559 -1465.673321 -1465.673920 -1465.674378 -1465.674729 -1465.675003 -1465.675219 -1465.675394 -1465.675541 -1465.675672 -1465.675800 -1465.675942 -1465.676120 -1465.676368 -1465.676733 -1465.677295 -1465.678178 -1465.679592 -1465.681890 -1465.685694 -1465.692129 -1465.703308 -1465.723304 -1465.760158 -1465.829997 -1465.965767 -1466.237133 -1466.800837 -1468.039394 -1470.964278 -1478.548510 -1501.682903 -9999.0 -9999.0
-9999.0 -9999.0 579.204790 484.486559 388.368595 291.468977 194.220869 96.823930 -0.622568 -98.056078 -195.449070 -292.734661 -389.786001 -486.333449 -581.990007 -676.324198 -771.337436 -865.913256 -960.040760 -1053.454868 -1138.930226 -1215.462297 -1280.192602 -1332.042681 -1371.658489 -1400.794083 -1421.598987 -1436.117855 -1446.062242 -1452.765960 -1457.224299 -1460.156296 -1462.067638 -1463.305729 -1464.104719 -1464.622004 -1464.970370 -1465.265735 -1465.822816 -1468.180859 -1479.225326 -1526.808022 -1841.943297 -3911.268116 -3525.568098 -3229.810892 -3091.819348 -3074.599972 -3072.881039 -3073.061047 -3073.508589 -3073.987609 -3074.447306 -3074.872617 -3075.265658 -3075.708552 -3077.022259 -3086.474950 -3156.399629 -3316.471075 -3528.384374 -1641.120668 -1494.933087 -1472.936111 -1466.988764 -1465.875803 -1465.701132 -1465.674789 -1465.671384 -1465.671717 -1465.672559 -1465.673321 -1465.673920 -1465.674378 -1465.674729 -1465.675003 -1465.675219 -1465.675394 -1465.675541 -1465.675672 -1465.675800 -1465.675942 -1465.676120 -1465.676368 -1465.676733 -1465.677295 -1465.678178 -1465.679592 -1465.681890 -1465.685694 -1465.692129 -1465.703308 -1465.723304 -1465.760158 -1465.829997 -1465.965767 -1466.237133 -1466.800837 -1468.039394 -1470.964278 -1478.548510 -1501.682903 -9999.0 -9999.0
-9999.0 -9999.0 579.204790 484.486559 388.368595 291.468977 194.220869 96.823929 -0.622568 -98.056078 -195.449070 -292.734661 -389.786001 -486.333449 -581.990007 -676.324198 -771.337436 -865.913256 -960.040760 -1053.454868 -1138.930226 -1215.462297 -1280.192602 -1332.042681 -1371.658489 -1400.794083 -1421.598987 -1436.117855 -1446.062242 -1452.765960 -1457.224299 -1460.156296 -1462.067638 -1463.305729 -1464.104719 -1464.622004 -1464.970370 -1465.265735 -1465.822816 -1468.180859 -1479.225326 -1526.808022 -1841.943297 -3911.268116 -3525.568098 -3229.810892 -3091.819348 -3074.599972 -3072.881039 -3073.061047 -3073.508589 -3073.987609 -3074.447306 -3074.872617 -3075.265658 -3075.708552 -3077.022259 -3086.474950 -3156.399629 -3316.471075 -3528.384374 -1641.120668 -1494.933087 -1472.936111 -1466.988764 -1465.875803 -1465.701132 -1465.674789 -1465.671384 -1465.671717 -1465.672559 -1465.673321 -1465.673920 -1465.674378 -1465.674729 -1465.675003 -1465.675219 -1465.675394 -1465.675541 -1465.675672 -1465.675800 -1465.675942 -1465.676120 -1465.676368 -1465.676733 -1465.677295 -1465.678178 -1465.679592 -1465.681890 -1465.685694 -1465.692129 -1465.703308 -1465.723304 -1465.760158 -1465.829997 -1465.965767 -1466.237133 -1466.800837 -1468.039394 -1470.964278 -1478.548510 -1501.682903 -9999.0 -9999.0
-9999.0 -9999.0 579.203246 484.485752 388.368268 291.468856 194.220825 96.823914 -0.622573 -98.056080 -195.449070 -292.734661 -389.786001 -486.333449 -581.990007 -676.324198 -771.337435 -865.913256 -960.040760 -1053.454868 -1138.930225 -1215.462297 -1280.192602 -1332.042681 -1371.658489 -1400.794083 -1421.598987 -1436.117855 -1446.062242 -1452.765960 -1457.224299 -1460.156296 -1462.067638 -1463.305729 -1464.104719 -1464.622004 -1464.970370 -1465.265735 -1465.822816 -1468.180859 -1479.225326 -1526.808022 -1841.943297 -3911.268116 -3525.568099 -3229.810896 -3091.819348 -3074.599972 -3072.881039 -3073.061047 -3073.508589 -3073.987609 -3074.447306 -3074.872617 -3075.265658 -3075.708552 -3077.022259 -3086.474950 -3156.399629 -3316.471075 -3528.384374 -1641.120668 -1494.933087 -1472.936111 -1466.988764 -1465.875803 -1465.701132 -1465.674789 -1465.671384 -1465.671717 -1465.672559 -1465.673321 -1465.673920 -1465.674378 -1465.674729 -1465.675003 -1465.675219 -1465.675394 -1465.675541 -1465.675672 -1465.675800 -1465.675942 -1465.676120 -1465.676368 -1465.676733 -1465.677295 -1465.678178 -1465.679592 -1465.681890 -1465.685694 -1465.692129 -1465.703308 -1465.723304 -1465.760158 -1465.829997 -1465.965767 -1466.237133 -1466.800837 -1468.039394 -1470.964278 -1478.548510 -1501.682903 -9999.0 -9999.0
-9999.0 -9999.0 579.197499 484.484019 388.367768 291.468702 194.220776 96.823897 -0.622579 -98.056083 -195.449071 -292.734662 -389.786001 -486.333449 -581.990007 -676.324198 -771.337435 -865.913256 -960.040760 -1053.454868 -1138.930225 -1215.462296 -1280.192602 -1332.042680 -1371.658489 -1400.794083 -1421.598987 -1436.117855 -1446.062242 -1452.765960 -1457.224299 -1460.156296 -1462.067638 -1463.305729 -1464.104719 -1464.622004 -1464.970370 -1465.265735 -1465.822816 -1468.180859 -1479.225326 -1526.808022 -1841.943297 -3911.268118 -3525.568103 -3229.810905 -3091.819348 -3074.599972 -3072.881039 -3073.061047 -3073.508589 -3073.987609 -3074.447306 -3074.872617 -3075.265658 -3075.708552 -3077.022259 -3086.474950 -3156.399629 -3316.471075 -3528.384374 -1641.120668 -1494.933087 -1472.936111 -1466.988764 -1465.875803 -1465.701132 -1465.674789 -1465.671384 -1465.671717 -1465.672559 -1465.673321 -1465.673920 -1465.674378 -1465.674729 -1465.675003 -1465.675219 -1465.675394 -1465.675541 -1465.675672 -1465.675800 -1465.675942 -1465.676120 -1465.676368 -1465.676733 -1465.677295 -1465.678178 -1465.679592 -1465.681890 -1465.685694 -1465.692129 -1465.703308 -1465.723304 -1465.760158 -1465.829997 -1465.965767 -1466.237133 -1466.800837 -1468.039394 -1470.964278 -1478.548510 -1501.682903 -9999.0 -9999.0
-9999.0 -9999.0 -9999.0 -9999.0 -9999.0 -9999.0 -9999.0 -9999.0 -9999.0 -9999.0 -9999.0 -9999.0 -9999.0 -9999.0 -9999.0 -9999.0 -9999.0 -9999.0 -9999.0 -9999.0 -9999.0 -9999.0 -9999.0 -9999.0 -9999.0 -9999.0 -9999.0 -9999.0 -9999.0 -9999.0 -9999.0 -9999.0 -9999.0 -9999.0 -9999.0 -9999.0 -9999.0 -9999.0 -9999.0 -9999.0 -9999.0 -9999.0 -9999.0 -9999.0 -9999.0 -9999.0 -9999.0 -9999.0 -9999.0 -9999.0 -9999.0 -9999.0 -9999.0 -9999.0 -9999.0 -9999.0 -9999.0 -9999.0 -9999.0 -9999.0 -9999.0 -9999.0 -9999.0 -9999.0 -9999.0 -9999.0 -9999.0 -9999.0 -9999.0 -9999.0 -9999.0 -9999.0 -9999.0 -9999.0 -9999.0 -9999.0 -9999.0 -9999.0 -9999.0 -9999.0 -9999.0 -9999.0 -9999.0 -9999.0 -9999.0 -9999.0 -9999.0 -9999.0 -9999.0 -9999.0 -9999.0 -9999.0 -9999.0 -9999.0 -9999.0 -9999.0 -9999.0 -9999.0 -9999.0 -9999.0 -9999.0 -9999.0 -9999.0 -9999.0
-9999.0 -9999.0 -9999.0 -9999.0 -9999.0 -9999.0 -9999.0 -9999.0 -9999.0 -9999.0 -9999.0 -9999.0 -9999.0 -9999.0 -9999.0 -9999.0 -9999.0 -9999.0 -9999.0 -9999.0 -9999.0 -9999.0 -9999.0 -9999.0 -9999.0 -9999.0 -9999.0 -9999.0 -9999.0 -9999.0 -9999.0 -9999.0 -9999.0 -9999.0 -9999.0 -9999.0 -9999.0 -9999.0 -9999.0 -9999.0 -9999.0 -9999.0 -9999.0 -9999.0 -9999.0 -9999.0 -9999.0 -9999.0 -9999.0 -9999.0 -9999.0 -9999.0 -9999.0 -9999.0 -9999.0 -9999.0 -9999.0 -9999.0 -9999.0 -9999.0 -9999.0 -9999.0 -9999.0 -9999.0 -9999.0 -9999.0 -9999.0 -9999.0 -9999.0 -9999.0 -9999.0 -9999.0 -9999.0 -9999.0 -9999.0 -9999.0 -9999.0 -9999.0 -9999.0 -9999.0 -9999.0 -9999.0 -9999.0 -9999.0 -9999.0 -9999.0 -9999.0 -9999.0 -9999.0 -9999.0 -9999.0 -9999.0 -9999.0 -9999.0 -9999.0 -9999.0 -9999.0 -9999.0 -9999.0 -9999.0 -9999.0 -9999.0 -9999.0 -9999.0