inst/processing_geotop_simulation/geotop_simulation/out/maps3D/PwL0014N0404.asc
ncols         104
nrows         10
xllcorner     -2.000000
yllcorner     0.000000
cellsize      1.000000
NODATA_value  -9999.0
-9999.0 -9999.0 -9999.0 -9999.0 -9999.0 -9999.0 -9999.0 -9999.0 -9999.0 -9999.0 -9999.0 -9999.0 -9999.0 -9999.0 -9999.0 -9999.0 -9999.0 -9999.0 -9999.0 -9999.0 -9999.0 -9999.0 -9999.0 -9999.0 -9999.0 -9999.0 -9999.0 -9999.0 -9999.0 -9999.0 -9999.0 -9999.0 -9999.0 -9999.0 -9999.0 -9999.0 -9999.0 -9999.0 -9999.0 -9999.0 -9999.0 -9999.0 -9999.0 -9999.0 -9999.0 -9999.0 -9999.0 -9999.0 -9999.0 -9999.0 -9999.0 -9999.0 -9999.0 -9999.0 -9999.0 -9999.0 -9999.0 -9999.0 -9999.0 -9999.0 -9999.0 -9999.0 -9999.0 -9999.0 -9999.0 -9999.0 -9999.0 -9999.0 -9999.0 -9999.0 -9999.0 -9999.0 -9999.0 -9999.0 -9999.0 -9999.0 -9999.0 -9999.0 -9999.0 -9999.0 -9999.0 -9999.0 -9999.0 -9999.0 -9999.0 -9999.0 -9999.0 -9999.0 -9999.0 -9999.0 -9999.0 -9999.0 -9999.0 -9999.0 -9999.0 -9999.0 -9999.0 -9999.0 -9999.0 -9999.0 -9999.0 -9999.0 -9999.0 -9999.0
-9999.0 -9999.0 -9999.0 -9999.0 -9999.0 -9999.0 -9999.0 -9999.0 -9999.0 -9999.0 -9999.0 -9999.0 -9999.0 -9999.0 -9999.0 -9999.0 -9999.0 -9999.0 -9999.0 -9999.0 -9999.0 -9999.0 -9999.0 -9999.0 -9999.0 -9999.0 -9999.0 -9999.0 -9999.0 -9999.0 -9999.0 -9999.0 -9999.0 -9999.0 -9999.0 -9999.0 -9999.0 -9999.0 -9999.0 -9999.0 -9999.0 -9999.0 -9999.0 -9999.0 -9999.0 -9999.0 -9999.0 -9999.0 -9999.0 -9999.0 -9999.0 -9999.0 -9999.0 -9999.0 -9999.0 -9999.0 -9999.0 -9999.0 -9999.0 -9999.0 -9999.0 -9999.0 -9999.0 -9999.0 -9999.0 -9999.0 -9999.0 -9999.0 -9999.0 -9999.0 -9999.0 -9999.0 -9999.0 -9999.0 -9999.0 -9999.0 -9999.0 -9999.0 -9999.0 -9999.0 -9999.0 -9999.0 -9999.0 -9999.0 -9999.0 -9999.0 -9999.0 -9999.0 -9999.0 -9999.0 -9999.0 -9999.0 -9999.0 -9999.0 -9999.0 -9999.0 -9999.0 -9999.0 -9999.0 -9999.0 -9999.0 -9999.0 -9999.0 -9999.0
-9999.0 -9999.0 671.120315 572.391694 473.386099 374.195240 274.918268 175.604623 76.278989 -23.043773 -122.355608 -221.653120 -320.923889 -420.143393 -519.269233 -618.240449 -716.949318 -815.756725 -914.409943 -1012.854555 -1110.992271 -1206.427313 -1298.233853 -1384.138082 -1461.800873 -1529.391819 -1585.982285 -1631.643176 -1667.273134 -1694.281265 -1714.263111 -1728.757133 -1739.105647 -1746.402900 -1751.499626 -1755.038156 -1757.508054 -1759.351279 -1761.244098 -1764.715510 -1771.563838 -1772.748487 -1733.554504 -3743.463715 -3456.378407 -3183.497684 -3057.839089 -3041.351699 -3039.677338 -3039.846919 -3040.277794 -3040.739827 -3041.183477 -3041.594097 -3041.974206 -3042.407932 -3043.721849 -3052.995385 -3117.247377 -3264.691527 -3337.910860 -1561.488936 -1732.514624 -1763.547343 -1763.956024 -1763.104430 -1762.850232 -1762.798320 -1762.789566 -1762.788602 -1762.788899 -1762.789327 -1762.789700 -1762.790006 -1762.790255 -1762.790463 -1762.790641 -1762.790798 -1762.790941 -1762.791078 -1762.791217 -1762.791368 -1762.791543 -1762.791764 -1762.792060 -1762.792479 -1762.793102 -1762.794059 -1762.795580 -1762.798073 -1762.802294 -1762.809683 -1762.823065 -1762.848118 -1762.896577 -1762.993695 -1763.197008 -1763.647116 -1764.714283 -1767.461444 -1775.296918 -1800.657310 -9999.0 -9999.0
-9999.0 -9999.0 671.124477 572.393039 473.386501 374.195365 274.918310 175.604638 76.278994 -23.043771 -122.355607 -221.653120 -320.923888 -420.143393 -519.269233 -618.240450 -716.949318 -815.756725 -914.409943 -1012.854555 -1110.992272 -1206.427314 -1298.233853 -1384.138082 -1461.800874 -1529.391819 -1585.982285 -1631.643176 -1667.273134 -1694.281265 -1714.263111 -1728.757133 -1739.105647 -1746.402900 -1751.499626 -1755.038156 -1757.508054 -1759.351279 -1761.244098 -1764.715510 -1771.563838 -1772.748487 -1733.554504 -3743.463713 -3456.378403 -3183.497676 -3057.839089 -3041.351699 -3039.677338 -3039.846919 -3040.277794 -3040.739827 -3041.183477 -3041.594097 -3041.974206 -3042.407932 -3043.721849 -3052.995385 -3117.247376 -3264.691527 -3337.910860 -1561.488936 -1732.514624 -1763.547343 -1763.956024 -1763.104430 -1762.850232 -1762.798320 -1762.789566 -1762.788602 -1762.788899 -1762.789326 -1762.789700 -1762.790006 -1762.790255 -1762.790463 -1762.790641 -1762.790798 -1762.790941 -1762.791078 -1762.791217 -1762.791368 -1762.791543 -1762.791764 -1762.792060 -1762.792479 -1762.793102 -1762.794059 -1762.795579 -1762.798073 -1762.802294 -1762.809683 -1762.823065 -1762.848118 -1762.896577 -1762.993695 -1763.197008 -1763.647116 -1764.714283 -1767.461444 -1775.296918 -1800.657310 -9999.0 -9999.0
-9999.0 -9999.0 671.125725 572.393691 473.386767 374.195465 274.918346 175.604651 76.278999 -23.043769 -122.355606 -221.653120 -320.923888 -420.143393 -519.269233 -618.240450 -716.949318 -815.756725 -914.409943 -1012.854555 -1110.992272 -1206.427314 -1298.233853 -1384.138082 -1461.800874 -1529.391819 -1585.982285 -1631.643176 -1667.273134 -1694.281265 -1714.263111 -1728.757133 -1739.105647 -1746.402900 -1751.499626 -1755.038156 -1757.508054 -1759.351279 -1761.244098 -1764.715510 -1771.563838 -1772.748487 -1733.554504 -3743.463713 -3456.378402 -3183.497673 -3057.839089 -3041.351699 -3039.677338 -3039.846919 -3040.277794 -3040.739827 -3041.183477 -3041.594097 -3041.974206 -3042.407932 -3043.721849 -3052.995385 -3117.247376 -3264.691527 -3337.910860 -1561.488936 -1732.514624 -1763.547343 -1763.956024 -1763.104430 -1762.850232 -1762.798320 -1762.789566 -1762.788602 -1762.788899 -1762.789326 -1762.789700 -1762.790006 -1762.790255 -1762.790463 -1762.790641 -1762.790798 -1762.790941 -1762.791078 -1762.791217 -1762.791368 -1762.791543 -1762.791764 -1762.792060 -1762.792479 -1762.793102 -1762.794059 -1762.795579 -1762.798073 -1762.802294 -1762.809683 -1762.823065 -1762.848118 -1762.896577 -1762.993695 -1763.197008 -1763.647116 -1764.714283 -1767.461444 -1775.296918 -1800.657310 -9999.0 -9999.0
-9999.0 -9999.0 671.125725 572.393691 473.386767 374.195465 274.918346 175.604651 76.278999 -23.043769 -122.355606 -221.653120 -320.923888 -420.143393 -519.269233 -618.240450 -716.949318 -815.756725 -914.409943 -1012.854555 -1110.992272 -1206.427314 -1298.233853 -1384.138082 -1461.800874 -1529.391819 -1585.982285 -1631.643176 -1667.273134 -1694.281265 -1714.263111 -1728.757133 -1739.105647 -1746.402900 -1751.499626 -1755.038156 -1757.508054 -1759.351279 -1761.244098 -1764.715510 -1771.563838 -1772.748487 -1733.554504 -3743.463713 -3456.378402 -3183.497673 -3057.839089 -3041.351699 -3039.677338 -3039.846919 -3040.277794 -3040.739827 -3041.183477 -3041.594097 -3041.974206 -3042.407932 -3043.721849 -3052.995385 -3117.247376 -3264.691527 -3337.910860 -1561.488936 -1732.514624 -1763.547343 -1763.956024 -1763.104430 -1762.850232 -1762.798320 -1762.789566 -1762.788602 -1762.788899 -1762.789326 -1762.789700 -1762.790006 -1762.790255 -1762.790463 -1762.790641 -1762.790798 -1762.790941 -1762.791078 -1762.791217 -1762.791368 -1762.791543 -1762.791764 -1762.792060 -1762.792479 -1762.793102 -1762.794059 -1762.795579 -1762.798073 -1762.802294 -1762.809683 -1762.823065 -1762.848118 -1762.896577 -1762.993695 -1763.197008 -1763.647116 -1764.714283 -1767.461444 -1775.296918 -1800.657310 -9999.0 -9999.0
-9999.0 -9999.0 671.124477 572.393039 473.386501 374.195365 274.918310 175.604638 76.278994 -23.043771 -122.355607 -221.653120 -320.923889 -420.143393 -519.269233 -618.240450 -716.949318 -815.756725 -914.409943 -1012.854555 -1110.992272 -1206.427314 -1298.233853 -1384.138082 -1461.800874 -1529.391819 -1585.982285 -1631.643176 -1667.273134 -1694.281265 -1714.263111 -1728.757133 -1739.105647 -1746.402900 -1751.499626 -1755.038156 -1757.508054 -1759.351279 -1761.244098 -1764.715510 -1771.563838 -1772.748487 -1733.554504 -3743.463713 -3456.378403 -3183.497676 -3057.839089 -3041.351699 -3039.677338 -3039.846919 -3040.277794 -3040.739827 -3041.183477 -3041.594097 -3041.974206 -3042.407932 -3043.721849 -3052.995385 -3117.247376 -3264.691527 -3337.910860 -1561.488936 -1732.514624 -1763.547343 -1763.956024 -1763.104430 -1762.850232 -1762.798320 -1762.789566 -1762.788602 -1762.788899 -1762.789326 -1762.789700 -1762.790006 -1762.790255 -1762.790463 -1762.790641 -1762.790798 -1762.790941 -1762.791078 -1762.791217 -1762.791368 -1762.791543 -1762.791764 -1762.792060 -1762.792479 -1762.793102 -1762.794059 -1762.795579 -1762.798073 -1762.802294 -1762.809683 -1762.823065 -1762.848118 -1762.896577 -1762.993695 -1763.197008 -1763.647116 -1764.714283 -1767.461444 -1775.296918 -1800.657310 -9999.0 -9999.0
-9999.0 -9999.0 671.120315 572.391694 473.386099 374.195240 274.918268 175.604623 76.278989 -23.043773 -122.355608 -221.653121 -320.923889 -420.143393 -519.269233 -618.240449 -716.949318 -815.756725 -914.409942 -1012.854555 -1110.992271 -1206.427313 -1298.233853 -1384.138082 -1461.800873 -1529.391819 -1585.982285 -1631.643176 -1667.273134 -1694.281265 -1714.263111 -1728.757133 -1739.105647 -1746.402900 -1751.499626 -1755.038156 -1757.508054 -1759.351279 -1761.244098 -1764.715510 -1771.563838 -1772.748487 -1733.554504 -3743.463715 -3456.378407 -3183.497684 -3057.839089 -3041.351699 -3039.677338 -3039.846919 -3040.277794 -3040.739827 -3041.183477 -3041.594097 -3041.974206 -3042.407932 -3043.721849 -3052.995385 -3117.247377 -3264.691527 -3337.910860 -1561.488936 -1732.514624 -1763.547343 -1763.956024 -1763.104430 -1762.850232 -1762.798320 -1762.789566 -1762.788602 -1762.788899 -1762.789327 -1762.789700 -1762.790006 -1762.790255 -1762.790463 -1762.790641 -1762.790798 -1762.790941 -1762.791078 -1762.791217 -1762.791368 -1762.791543 -1762.791764 -1762.792060 -1762.792479 -1762.793102 -1762.794059 -1762.795580 -1762.798073 -1762.802294 -1762.809683 -1762.823065 -1762.848118 -1762.896577 -1762.993695 -1763.197008 -1763.647116 -1764.714283 -1767.461444 -1775.296918 -1800.657310 -9999.0 -9999.0
-9999.0 -9999.0 -9999.0 -9999.0 -9999.0 -9999.0 -9999.0 -9999.0 -9999.0 -9999.0 -9999.0 -9999.0 -9999.0 -9999.0 -9999.0 -9999.0 -9999.0 -9999.0 -9999.0 -9999.0 -9999.0 -9999.0 -9999.0 -9999.0 -9999.0 -9999.0 -9999.0 -9999.0 -9999.0 -9999.0 -9999.0 -9999.0 -9999.0 -9999.0 -9999.0 -9999.0 -9999.0 -9999.0 -9999.0 -9999.0 -9999.0 -9999.0 -9999.0 -9999.0 -9999.0 -9999.0 -9999.0 -9999.0 -9999.0 -9999.0 -9999.0 -9999.0 -9999.0 -9999.0 -9999.0 -9999.0 -9999.0 -9999.0 -9999.0 -9999.0 -9999.0 -9999.0 -9999.0 -9999.0 -9999.0 -9999.0 -9999.0 -9999.0 -9999.0 -9999.0 -9999.0 -9999.0 -9999.0 -9999.0 -9999.0 -9999.0 -9999.0 -9999.0 -9999.0 -9999.0 -9999.0 -9999.0 -9999.0 -9999.0 -9999.0 -9999.0 -9999.0 -9999.0 -9999.0 -9999.0 -9999.0 -9999.0 -9999.0 -9999.0 -9999.0 -9999.0 -9999.0 -9999.0 -9999.0 -9999.0 -9999.0 -9999.0 -9999.0 -9999.0
-9999.0 -9999.0 -9999.0 -9999.0 -9999.0 -9999.0 -9999.0 -9999.0 -9999.0 -9999.0 -9999.0 -9999.0 -9999.0 -9999.0 -9999.0 -9999.0 -9999.0 -9999.0 -9999.0 -9999.0 -9999.0 -9999.0 -9999.0 -9999.0 -9999.0 -9999.0 -9999.0 -9999.0 -9999.0 -9999.0 -9999.0 -9999.0 -9999.0 -9999.0 -9999.0 -9999.0 -9999.0 -9999.0 -9999.0 -9999.0 -9999.0 -9999.0 -9999.0 -9999.0 -9999.0 -9999.0 -9999.0 -9999.0 -9999.0 -9999.0 -9999.0 -9999.0 -9999.0 -9999.0 -9999.0 -9999.0 -9999.0 -9999.0 -9999.0 -9999.0 -9999.0 -9999.0 -9999.0 -9999.0 -9999.0 -9999.0 -9999.0 -9999.0 -9999.0 -9999.0 -9999.0 -9999.0 -9999.0 -9999.0 -9999.0 -9999.0 -9999.0 -9999.0 -9999.0 -9999.0 -9999.0 -9999.0 -9999.0 -9999.0 -9999.0 -9999.0 -9999.0 -9999.0 -9999.0 -9999.0 -9999.0 -9999.0 -9999.0 -9999.0 -9999.0 -9999.0 -9999.0 -9999.0 -9999.0 -9999.0 -9999.0 -9999.0 -9999.0 -9999.0