inst/processing_geotop_simulation/geotop_simulation/out/maps3D/PwL0002N0050.asc
ncols         104
nrows         10
xllcorner     -2.000000
yllcorner     0.000000
cellsize      1.000000
NODATA_value  -9999.0
-9999.0 -9999.0 -9999.0 -9999.0 -9999.0 -9999.0 -9999.0 -9999.0 -9999.0 -9999.0 -9999.0 -9999.0 -9999.0 -9999.0 -9999.0 -9999.0 -9999.0 -9999.0 -9999.0 -9999.0 -9999.0 -9999.0 -9999.0 -9999.0 -9999.0 -9999.0 -9999.0 -9999.0 -9999.0 -9999.0 -9999.0 -9999.0 -9999.0 -9999.0 -9999.0 -9999.0 -9999.0 -9999.0 -9999.0 -9999.0 -9999.0 -9999.0 -9999.0 -9999.0 -9999.0 -9999.0 -9999.0 -9999.0 -9999.0 -9999.0 -9999.0 -9999.0 -9999.0 -9999.0 -9999.0 -9999.0 -9999.0 -9999.0 -9999.0 -9999.0 -9999.0 -9999.0 -9999.0 -9999.0 -9999.0 -9999.0 -9999.0 -9999.0 -9999.0 -9999.0 -9999.0 -9999.0 -9999.0 -9999.0 -9999.0 -9999.0 -9999.0 -9999.0 -9999.0 -9999.0 -9999.0 -9999.0 -9999.0 -9999.0 -9999.0 -9999.0 -9999.0 -9999.0 -9999.0 -9999.0 -9999.0 -9999.0 -9999.0 -9999.0 -9999.0 -9999.0 -9999.0 -9999.0 -9999.0 -9999.0 -9999.0 -9999.0 -9999.0 -9999.0
-9999.0 -9999.0 -9999.0 -9999.0 -9999.0 -9999.0 -9999.0 -9999.0 -9999.0 -9999.0 -9999.0 -9999.0 -9999.0 -9999.0 -9999.0 -9999.0 -9999.0 -9999.0 -9999.0 -9999.0 -9999.0 -9999.0 -9999.0 -9999.0 -9999.0 -9999.0 -9999.0 -9999.0 -9999.0 -9999.0 -9999.0 -9999.0 -9999.0 -9999.0 -9999.0 -9999.0 -9999.0 -9999.0 -9999.0 -9999.0 -9999.0 -9999.0 -9999.0 -9999.0 -9999.0 -9999.0 -9999.0 -9999.0 -9999.0 -9999.0 -9999.0 -9999.0 -9999.0 -9999.0 -9999.0 -9999.0 -9999.0 -9999.0 -9999.0 -9999.0 -9999.0 -9999.0 -9999.0 -9999.0 -9999.0 -9999.0 -9999.0 -9999.0 -9999.0 -9999.0 -9999.0 -9999.0 -9999.0 -9999.0 -9999.0 -9999.0 -9999.0 -9999.0 -9999.0 -9999.0 -9999.0 -9999.0 -9999.0 -9999.0 -9999.0 -9999.0 -9999.0 -9999.0 -9999.0 -9999.0 -9999.0 -9999.0 -9999.0 -9999.0 -9999.0 -9999.0 -9999.0 -9999.0 -9999.0 -9999.0 -9999.0 -9999.0 -9999.0 -9999.0
-9999.0 -9999.0 -1048.784256 -1060.881083 -1064.784079 -1067.892176 -1070.420706 -1072.170847 -1073.003162 -1066.675329 -1008.487516 -989.544753 -998.562970 -1011.456621 -1032.909425 -1046.709328 -1033.039183 -1008.811152 -988.864237 -977.745627 -974.986639 -978.872269 -987.613487 -999.544399 -1013.079701 -1026.735649 -1039.218749 -1049.639627 -1057.662855 -1063.435745 -1067.370363 -1069.940138 -1071.562692 -1072.557126 -1073.145830 -1073.474280 -1073.649968 -1073.841341 -1074.205907 -1074.005253 -1074.656277 -1090.705340 -732.011259 -722.302932 -708.425604 -700.115870 -696.259019 -695.740640 -695.694049 -695.717655 -695.754435 -695.792948 -695.829856 -695.863974 -695.895068 -695.925746 -695.983404 -696.312039 -698.424691 -703.427199 -712.113467 -713.287637 -1079.668188 -1076.613826 -1074.834508 -1074.278580 -1074.150933 -1074.131458 -1074.134443 -1074.140853 -1074.146648 -1074.151167 -1074.154550 -1074.157080 -1074.158996 -1074.160473 -1074.161636 -1074.162566 -1074.163327 -1074.163983 -1074.164603 -1074.165266 -1074.166075 -1074.167174 -1074.168778 -1074.171221 -1074.175034 -1074.181081 -1074.190790 -1074.206582 -1074.232697 -1074.276803 -1074.353285 -1074.489956 -1074.741706 -1075.217560 -1076.132583 -1077.904725 -1081.338908 -1088.022186 -1101.319328 -1129.312835 -9999.0 -9999.0
-9999.0 -9999.0 -1048.784179 -1060.880997 -1064.784017 -1067.892148 -1070.420698 -1072.170847 -1073.003163 -1066.675330 -1008.487516 -989.544753 -998.562970 -1011.456621 -1032.909425 -1046.709328 -1033.039183 -1008.811152 -988.864237 -977.745627 -974.986639 -978.872269 -987.613487 -999.544399 -1013.079701 -1026.735649 -1039.218749 -1049.639627 -1057.662855 -1063.435745 -1067.370363 -1069.940138 -1071.562692 -1072.557126 -1073.145830 -1073.474280 -1073.649968 -1073.841341 -1074.205907 -1074.005253 -1074.656277 -1090.705340 -732.011259 -722.302932 -708.425604 -700.115870 -696.259019 -695.740640 -695.694049 -695.717655 -695.754435 -695.792948 -695.829856 -695.863974 -695.895068 -695.925746 -695.983404 -696.312039 -698.424691 -703.427199 -712.113467 -713.287637 -1079.668188 -1076.613826 -1074.834508 -1074.278580 -1074.150933 -1074.131458 -1074.134443 -1074.140853 -1074.146648 -1074.151167 -1074.154550 -1074.157080 -1074.158996 -1074.160473 -1074.161636 -1074.162566 -1074.163327 -1074.163983 -1074.164603 -1074.165266 -1074.166075 -1074.167174 -1074.168778 -1074.171221 -1074.175034 -1074.181081 -1074.190790 -1074.206582 -1074.232697 -1074.276803 -1074.353285 -1074.489956 -1074.741706 -1075.217560 -1076.132583 -1077.904725 -1081.338908 -1088.022186 -1101.319328 -1129.312835 -9999.0 -9999.0
-9999.0 -9999.0 -1048.784143 -1060.880949 -1064.783977 -1067.892127 -1070.420692 -1072.170847 -1073.003165 -1066.675331 -1008.487516 -989.544753 -998.562970 -1011.456621 -1032.909425 -1046.709328 -1033.039183 -1008.811152 -988.864237 -977.745627 -974.986639 -978.872269 -987.613487 -999.544399 -1013.079701 -1026.735649 -1039.218749 -1049.639627 -1057.662855 -1063.435745 -1067.370363 -1069.940138 -1071.562692 -1072.557126 -1073.145830 -1073.474280 -1073.649968 -1073.841341 -1074.205907 -1074.005253 -1074.656277 -1090.705340 -732.011259 -722.302932 -708.425603 -700.115870 -696.259019 -695.740640 -695.694049 -695.717655 -695.754435 -695.792948 -695.829856 -695.863974 -695.895068 -695.925746 -695.983404 -696.312039 -698.424691 -703.427199 -712.113467 -713.287637 -1079.668188 -1076.613826 -1074.834508 -1074.278580 -1074.150933 -1074.131458 -1074.134443 -1074.140853 -1074.146648 -1074.151167 -1074.154550 -1074.157080 -1074.158996 -1074.160473 -1074.161636 -1074.162566 -1074.163327 -1074.163983 -1074.164603 -1074.165266 -1074.166075 -1074.167174 -1074.168778 -1074.171221 -1074.175034 -1074.181081 -1074.190790 -1074.206582 -1074.232697 -1074.276803 -1074.353285 -1074.489956 -1074.741706 -1075.217560 -1076.132583 -1077.904725 -1081.338908 -1088.022186 -1101.319328 -1129.312835 -9999.0 -9999.0
-9999.0 -9999.0 -1048.784143 -1060.880949 -1064.783977 -1067.892127 -1070.420692 -1072.170847 -1073.003165 -1066.675331 -1008.487516 -989.544753 -998.562970 -1011.456621 -1032.909425 -1046.709328 -1033.039183 -1008.811152 -988.864237 -977.745627 -974.986639 -978.872269 -987.613487 -999.544399 -1013.079701 -1026.735649 -1039.218749 -1049.639627 -1057.662855 -1063.435745 -1067.370363 -1069.940138 -1071.562692 -1072.557126 -1073.145830 -1073.474280 -1073.649968 -1073.841341 -1074.205907 -1074.005253 -1074.656277 -1090.705340 -732.011259 -722.302932 -708.425604 -700.115870 -696.259019 -695.740640 -695.694049 -695.717655 -695.754435 -695.792948 -695.829856 -695.863974 -695.895068 -695.925746 -695.983404 -696.312039 -698.424691 -703.427199 -712.113467 -713.287637 -1079.668188 -1076.613826 -1074.834508 -1074.278580 -1074.150933 -1074.131458 -1074.134443 -1074.140853 -1074.146648 -1074.151167 -1074.154550 -1074.157080 -1074.158996 -1074.160473 -1074.161636 -1074.162566 -1074.163327 -1074.163983 -1074.164603 -1074.165266 -1074.166075 -1074.167174 -1074.168778 -1074.171221 -1074.175034 -1074.181081 -1074.190790 -1074.206582 -1074.232697 -1074.276803 -1074.353285 -1074.489956 -1074.741706 -1075.217560 -1076.132583 -1077.904725 -1081.338908 -1088.022186 -1101.319328 -1129.312835 -9999.0 -9999.0
-9999.0 -9999.0 -1048.784179 -1060.880997 -1064.784017 -1067.892148 -1070.420698 -1072.170847 -1073.003163 -1066.675330 -1008.487516 -989.544753 -998.562970 -1011.456621 -1032.909425 -1046.709328 -1033.039183 -1008.811152 -988.864237 -977.745627 -974.986639 -978.872269 -987.613487 -999.544399 -1013.079701 -1026.735649 -1039.218749 -1049.639627 -1057.662855 -1063.435745 -1067.370363 -1069.940138 -1071.562692 -1072.557126 -1073.145830 -1073.474280 -1073.649968 -1073.841341 -1074.205907 -1074.005253 -1074.656277 -1090.705340 -732.011259 -722.302932 -708.425604 -700.115870 -696.259019 -695.740640 -695.694049 -695.717655 -695.754435 -695.792948 -695.829856 -695.863974 -695.895068 -695.925746 -695.983404 -696.312039 -698.424691 -703.427199 -712.113467 -713.287637 -1079.668188 -1076.613826 -1074.834508 -1074.278580 -1074.150933 -1074.131458 -1074.134443 -1074.140853 -1074.146648 -1074.151167 -1074.154550 -1074.157080 -1074.158996 -1074.160473 -1074.161636 -1074.162566 -1074.163327 -1074.163983 -1074.164603 -1074.165266 -1074.166075 -1074.167174 -1074.168778 -1074.171221 -1074.175034 -1074.181081 -1074.190790 -1074.206582 -1074.232697 -1074.276803 -1074.353285 -1074.489956 -1074.741706 -1075.217560 -1076.132583 -1077.904725 -1081.338908 -1088.022186 -1101.319328 -1129.312835 -9999.0 -9999.0
-9999.0 -9999.0 -1048.784256 -1060.881083 -1064.784079 -1067.892176 -1070.420706 -1072.170847 -1073.003162 -1066.675329 -1008.487516 -989.544753 -998.562970 -1011.456621 -1032.909425 -1046.709328 -1033.039183 -1008.811152 -988.864237 -977.745627 -974.986639 -978.872269 -987.613487 -999.544399 -1013.079701 -1026.735649 -1039.218749 -1049.639627 -1057.662855 -1063.435745 -1067.370363 -1069.940138 -1071.562692 -1072.557126 -1073.145830 -1073.474280 -1073.649968 -1073.841341 -1074.205907 -1074.005253 -1074.656277 -1090.705340 -732.011259 -722.302932 -708.425604 -700.115870 -696.259019 -695.740640 -695.694049 -695.717655 -695.754435 -695.792948 -695.829856 -695.863974 -695.895068 -695.925746 -695.983404 -696.312039 -698.424691 -703.427199 -712.113467 -713.287637 -1079.668188 -1076.613826 -1074.834508 -1074.278580 -1074.150933 -1074.131458 -1074.134443 -1074.140853 -1074.146648 -1074.151167 -1074.154550 -1074.157080 -1074.158996 -1074.160473 -1074.161636 -1074.162566 -1074.163327 -1074.163983 -1074.164603 -1074.165266 -1074.166075 -1074.167174 -1074.168778 -1074.171221 -1074.175034 -1074.181081 -1074.190790 -1074.206582 -1074.232697 -1074.276803 -1074.353285 -1074.489956 -1074.741706 -1075.217560 -1076.132583 -1077.904725 -1081.338908 -1088.022186 -1101.319328 -1129.312835 -9999.0 -9999.0
-9999.0 -9999.0 -9999.0 -9999.0 -9999.0 -9999.0 -9999.0 -9999.0 -9999.0 -9999.0 -9999.0 -9999.0 -9999.0 -9999.0 -9999.0 -9999.0 -9999.0 -9999.0 -9999.0 -9999.0 -9999.0 -9999.0 -9999.0 -9999.0 -9999.0 -9999.0 -9999.0 -9999.0 -9999.0 -9999.0 -9999.0 -9999.0 -9999.0 -9999.0 -9999.0 -9999.0 -9999.0 -9999.0 -9999.0 -9999.0 -9999.0 -9999.0 -9999.0 -9999.0 -9999.0 -9999.0 -9999.0 -9999.0 -9999.0 -9999.0 -9999.0 -9999.0 -9999.0 -9999.0 -9999.0 -9999.0 -9999.0 -9999.0 -9999.0 -9999.0 -9999.0 -9999.0 -9999.0 -9999.0 -9999.0 -9999.0 -9999.0 -9999.0 -9999.0 -9999.0 -9999.0 -9999.0 -9999.0 -9999.0 -9999.0 -9999.0 -9999.0 -9999.0 -9999.0 -9999.0 -9999.0 -9999.0 -9999.0 -9999.0 -9999.0 -9999.0 -9999.0 -9999.0 -9999.0 -9999.0 -9999.0 -9999.0 -9999.0 -9999.0 -9999.0 -9999.0 -9999.0 -9999.0 -9999.0 -9999.0 -9999.0 -9999.0 -9999.0 -9999.0
-9999.0 -9999.0 -9999.0 -9999.0 -9999.0 -9999.0 -9999.0 -9999.0 -9999.0 -9999.0 -9999.0 -9999.0 -9999.0 -9999.0 -9999.0 -9999.0 -9999.0 -9999.0 -9999.0 -9999.0 -9999.0 -9999.0 -9999.0 -9999.0 -9999.0 -9999.0 -9999.0 -9999.0 -9999.0 -9999.0 -9999.0 -9999.0 -9999.0 -9999.0 -9999.0 -9999.0 -9999.0 -9999.0 -9999.0 -9999.0 -9999.0 -9999.0 -9999.0 -9999.0 -9999.0 -9999.0 -9999.0 -9999.0 -9999.0 -9999.0 -9999.0 -9999.0 -9999.0 -9999.0 -9999.0 -9999.0 -9999.0 -9999.0 -9999.0 -9999.0 -9999.0 -9999.0 -9999.0 -9999.0 -9999.0 -9999.0 -9999.0 -9999.0 -9999.0 -9999.0 -9999.0 -9999.0 -9999.0 -9999.0 -9999.0 -9999.0 -9999.0 -9999.0 -9999.0 -9999.0 -9999.0 -9999.0 -9999.0 -9999.0 -9999.0 -9999.0 -9999.0 -9999.0 -9999.0 -9999.0 -9999.0 -9999.0 -9999.0 -9999.0 -9999.0 -9999.0 -9999.0 -9999.0 -9999.0 -9999.0 -9999.0 -9999.0 -9999.0 -9999.0