inst/processing_geotop_simulation/geotop_simulation/out/maps3D/PwL0017N0254.asc
ncols         104
nrows         10
xllcorner     -2.000000
yllcorner     0.000000
cellsize      1.000000
NODATA_value  -9999.0
-9999.0 -9999.0 -9999.0 -9999.0 -9999.0 -9999.0 -9999.0 -9999.0 -9999.0 -9999.0 -9999.0 -9999.0 -9999.0 -9999.0 -9999.0 -9999.0 -9999.0 -9999.0 -9999.0 -9999.0 -9999.0 -9999.0 -9999.0 -9999.0 -9999.0 -9999.0 -9999.0 -9999.0 -9999.0 -9999.0 -9999.0 -9999.0 -9999.0 -9999.0 -9999.0 -9999.0 -9999.0 -9999.0 -9999.0 -9999.0 -9999.0 -9999.0 -9999.0 -9999.0 -9999.0 -9999.0 -9999.0 -9999.0 -9999.0 -9999.0 -9999.0 -9999.0 -9999.0 -9999.0 -9999.0 -9999.0 -9999.0 -9999.0 -9999.0 -9999.0 -9999.0 -9999.0 -9999.0 -9999.0 -9999.0 -9999.0 -9999.0 -9999.0 -9999.0 -9999.0 -9999.0 -9999.0 -9999.0 -9999.0 -9999.0 -9999.0 -9999.0 -9999.0 -9999.0 -9999.0 -9999.0 -9999.0 -9999.0 -9999.0 -9999.0 -9999.0 -9999.0 -9999.0 -9999.0 -9999.0 -9999.0 -9999.0 -9999.0 -9999.0 -9999.0 -9999.0 -9999.0 -9999.0 -9999.0 -9999.0 -9999.0 -9999.0 -9999.0 -9999.0
-9999.0 -9999.0 -9999.0 -9999.0 -9999.0 -9999.0 -9999.0 -9999.0 -9999.0 -9999.0 -9999.0 -9999.0 -9999.0 -9999.0 -9999.0 -9999.0 -9999.0 -9999.0 -9999.0 -9999.0 -9999.0 -9999.0 -9999.0 -9999.0 -9999.0 -9999.0 -9999.0 -9999.0 -9999.0 -9999.0 -9999.0 -9999.0 -9999.0 -9999.0 -9999.0 -9999.0 -9999.0 -9999.0 -9999.0 -9999.0 -9999.0 -9999.0 -9999.0 -9999.0 -9999.0 -9999.0 -9999.0 -9999.0 -9999.0 -9999.0 -9999.0 -9999.0 -9999.0 -9999.0 -9999.0 -9999.0 -9999.0 -9999.0 -9999.0 -9999.0 -9999.0 -9999.0 -9999.0 -9999.0 -9999.0 -9999.0 -9999.0 -9999.0 -9999.0 -9999.0 -9999.0 -9999.0 -9999.0 -9999.0 -9999.0 -9999.0 -9999.0 -9999.0 -9999.0 -9999.0 -9999.0 -9999.0 -9999.0 -9999.0 -9999.0 -9999.0 -9999.0 -9999.0 -9999.0 -9999.0 -9999.0 -9999.0 -9999.0 -9999.0 -9999.0 -9999.0 -9999.0 -9999.0 -9999.0 -9999.0 -9999.0 -9999.0 -9999.0 -9999.0
-9999.0 -9999.0 823.885154 726.433927 628.619889 530.457827 432.119424 333.703521 235.262065 136.822797 38.401466 -59.986218 -158.334983 -256.615911 -354.761716 -452.651295 -550.063084 -646.639260 -742.764352 -838.960369 -934.414244 -1028.854894 -1118.153605 -1196.913662 -1265.488181 -1322.679431 -1368.438357 -1403.694710 -1429.982860 -1449.051838 -1462.576924 -1471.999992 -1478.474753 -1482.877459 -1485.849134 -1487.848323 -1489.207962 -1490.223774 -1491.440226 -1494.780985 -1507.381498 -1559.619681 -1995.030572 -4091.840130 -4133.659681 -4133.663365 -4133.663361 -4133.663319 -4133.663106 -4133.662386 -4133.660362 -4133.654395 -4133.644356 -4133.631189 -4133.609060 -4133.565599 -4133.468974 -4133.232221 -4132.607217 -4130.834917 -4048.676765 -1812.134418 -1520.565919 -1499.492181 -1493.608452 -1492.282062 -1492.043336 -1492.005049 -1491.999614 -1491.999434 -1492.000023 -1492.000616 -1492.001098 -1492.001472 -1492.001764 -1492.001994 -1492.002180 -1492.002334 -1492.002466 -1492.002586 -1492.002704 -1492.002834 -1492.002995 -1492.003213 -1492.003527 -1492.004003 -1492.004743 -1492.005922 -1492.007835 -1492.011007 -1492.016397 -1492.025817 -1492.042792 -1492.074326 -1492.134661 -1492.253637 -1492.497027 -1493.020343 -1494.218990 -1497.168481 -1505.097985 -1529.627796 -9999.0 -9999.0
-9999.0 -9999.0 823.888927 726.435270 628.620312 530.457962 432.119469 333.703536 235.262071 136.822800 38.401467 -59.986218 -158.334983 -256.615911 -354.761716 -452.651295 -550.063085 -646.639260 -742.764352 -838.960369 -934.414244 -1028.854894 -1118.153605 -1196.913662 -1265.488182 -1322.679431 -1368.438357 -1403.694710 -1429.982861 -1449.051838 -1462.576924 -1471.999992 -1478.474753 -1482.877459 -1485.849134 -1487.848323 -1489.207962 -1490.223774 -1491.440226 -1494.780985 -1507.381498 -1559.619681 -1995.030572 -4091.840130 -4133.659681 -4133.663365 -4133.663361 -4133.663319 -4133.663106 -4133.662386 -4133.660362 -4133.654395 -4133.644356 -4133.631189 -4133.609060 -4133.565599 -4133.468974 -4133.232221 -4132.607217 -4130.834917 -4048.676765 -1812.134418 -1520.565919 -1499.492181 -1493.608452 -1492.282062 -1492.043336 -1492.005049 -1491.999614 -1491.999434 -1492.000023 -1492.000616 -1492.001098 -1492.001472 -1492.001764 -1492.001994 -1492.002180 -1492.002334 -1492.002466 -1492.002586 -1492.002704 -1492.002834 -1492.002995 -1492.003213 -1492.003527 -1492.004003 -1492.004743 -1492.005922 -1492.007835 -1492.011007 -1492.016397 -1492.025817 -1492.042792 -1492.074326 -1492.134661 -1492.253637 -1492.497027 -1493.020343 -1494.218990 -1497.168481 -1505.097985 -1529.627796 -9999.0 -9999.0
-9999.0 -9999.0 823.890230 726.435960 628.620598 530.458070 432.119508 333.703551 235.262076 136.822802 38.401468 -59.986217 -158.334983 -256.615911 -354.761716 -452.651295 -550.063085 -646.639260 -742.764352 -838.960370 -934.414244 -1028.854894 -1118.153605 -1196.913662 -1265.488182 -1322.679432 -1368.438357 -1403.694711 -1429.982861 -1449.051838 -1462.576924 -1471.999992 -1478.474753 -1482.877459 -1485.849134 -1487.848323 -1489.207962 -1490.223774 -1491.440226 -1494.780985 -1507.381498 -1559.619681 -1995.030572 -4091.840130 -4133.659681 -4133.663365 -4133.663361 -4133.663319 -4133.663106 -4133.662386 -4133.660362 -4133.654395 -4133.644356 -4133.631189 -4133.609060 -4133.565599 -4133.468974 -4133.232221 -4132.607217 -4130.834917 -4048.676765 -1812.134418 -1520.565919 -1499.492181 -1493.608452 -1492.282062 -1492.043336 -1492.005049 -1491.999614 -1491.999434 -1492.000023 -1492.000616 -1492.001098 -1492.001472 -1492.001764 -1492.001994 -1492.002180 -1492.002334 -1492.002466 -1492.002586 -1492.002704 -1492.002834 -1492.002995 -1492.003213 -1492.003527 -1492.004003 -1492.004743 -1492.005922 -1492.007835 -1492.011007 -1492.016397 -1492.025817 -1492.042792 -1492.074326 -1492.134661 -1492.253637 -1492.497027 -1493.020343 -1494.218990 -1497.168481 -1505.097985 -1529.627796 -9999.0 -9999.0
-9999.0 -9999.0 823.890230 726.435960 628.620598 530.458070 432.119508 333.703551 235.262076 136.822802 38.401468 -59.986217 -158.334983 -256.615911 -354.761716 -452.651295 -550.063085 -646.639260 -742.764352 -838.960370 -934.414244 -1028.854894 -1118.153605 -1196.913662 -1265.488182 -1322.679432 -1368.438357 -1403.694710 -1429.982861 -1449.051838 -1462.576924 -1471.999992 -1478.474753 -1482.877459 -1485.849134 -1487.848323 -1489.207962 -1490.223774 -1491.440226 -1494.780985 -1507.381498 -1559.619681 -1995.030572 -4091.840130 -4133.659681 -4133.663365 -4133.663361 -4133.663319 -4133.663106 -4133.662386 -4133.660362 -4133.654395 -4133.644356 -4133.631189 -4133.609060 -4133.565599 -4133.468974 -4133.232221 -4132.607217 -4130.834917 -4048.676765 -1812.134418 -1520.565919 -1499.492181 -1493.608452 -1492.282062 -1492.043336 -1492.005049 -1491.999614 -1491.999434 -1492.000023 -1492.000616 -1492.001098 -1492.001472 -1492.001764 -1492.001994 -1492.002180 -1492.002334 -1492.002466 -1492.002586 -1492.002704 -1492.002834 -1492.002995 -1492.003213 -1492.003527 -1492.004003 -1492.004743 -1492.005922 -1492.007835 -1492.011007 -1492.016397 -1492.025817 -1492.042792 -1492.074326 -1492.134661 -1492.253637 -1492.497027 -1493.020343 -1494.218990 -1497.168481 -1505.097985 -1529.627796 -9999.0 -9999.0
-9999.0 -9999.0 823.888927 726.435270 628.620312 530.457962 432.119469 333.703536 235.262071 136.822800 38.401467 -59.986218 -158.334983 -256.615911 -354.761716 -452.651295 -550.063085 -646.639260 -742.764352 -838.960369 -934.414244 -1028.854894 -1118.153605 -1196.913662 -1265.488182 -1322.679431 -1368.438357 -1403.694710 -1429.982861 -1449.051838 -1462.576924 -1471.999992 -1478.474753 -1482.877459 -1485.849134 -1487.848323 -1489.207962 -1490.223774 -1491.440226 -1494.780985 -1507.381498 -1559.619681 -1995.030572 -4091.840130 -4133.659681 -4133.663365 -4133.663361 -4133.663319 -4133.663106 -4133.662386 -4133.660362 -4133.654395 -4133.644356 -4133.631189 -4133.609060 -4133.565599 -4133.468974 -4133.232221 -4132.607217 -4130.834917 -4048.676765 -1812.134418 -1520.565919 -1499.492181 -1493.608452 -1492.282062 -1492.043336 -1492.005049 -1491.999614 -1491.999434 -1492.000023 -1492.000616 -1492.001098 -1492.001472 -1492.001764 -1492.001994 -1492.002180 -1492.002334 -1492.002466 -1492.002586 -1492.002704 -1492.002834 -1492.002995 -1492.003213 -1492.003527 -1492.004003 -1492.004743 -1492.005922 -1492.007835 -1492.011007 -1492.016397 -1492.025817 -1492.042792 -1492.074326 -1492.134661 -1492.253637 -1492.497027 -1493.020343 -1494.218990 -1497.168481 -1505.097985 -1529.627796 -9999.0 -9999.0
-9999.0 -9999.0 823.885154 726.433927 628.619889 530.457827 432.119424 333.703521 235.262065 136.822797 38.401466 -59.986218 -158.334983 -256.615911 -354.761716 -452.651295 -550.063084 -646.639260 -742.764352 -838.960369 -934.414244 -1028.854894 -1118.153605 -1196.913662 -1265.488181 -1322.679431 -1368.438357 -1403.694710 -1429.982860 -1449.051838 -1462.576924 -1471.999992 -1478.474753 -1482.877459 -1485.849134 -1487.848323 -1489.207962 -1490.223774 -1491.440226 -1494.780985 -1507.381498 -1559.619681 -1995.030572 -4091.840130 -4133.659681 -4133.663365 -4133.663361 -4133.663319 -4133.663106 -4133.662386 -4133.660362 -4133.654395 -4133.644356 -4133.631189 -4133.609060 -4133.565599 -4133.468974 -4133.232221 -4132.607217 -4130.834917 -4048.676765 -1812.134418 -1520.565919 -1499.492181 -1493.608452 -1492.282062 -1492.043336 -1492.005049 -1491.999614 -1491.999434 -1492.000023 -1492.000616 -1492.001098 -1492.001472 -1492.001764 -1492.001994 -1492.002180 -1492.002334 -1492.002466 -1492.002586 -1492.002704 -1492.002834 -1492.002995 -1492.003213 -1492.003527 -1492.004003 -1492.004743 -1492.005922 -1492.007835 -1492.011007 -1492.016397 -1492.025817 -1492.042792 -1492.074326 -1492.134661 -1492.253637 -1492.497027 -1493.020343 -1494.218990 -1497.168481 -1505.097985 -1529.627796 -9999.0 -9999.0
-9999.0 -9999.0 -9999.0 -9999.0 -9999.0 -9999.0 -9999.0 -9999.0 -9999.0 -9999.0 -9999.0 -9999.0 -9999.0 -9999.0 -9999.0 -9999.0 -9999.0 -9999.0 -9999.0 -9999.0 -9999.0 -9999.0 -9999.0 -9999.0 -9999.0 -9999.0 -9999.0 -9999.0 -9999.0 -9999.0 -9999.0 -9999.0 -9999.0 -9999.0 -9999.0 -9999.0 -9999.0 -9999.0 -9999.0 -9999.0 -9999.0 -9999.0 -9999.0 -9999.0 -9999.0 -9999.0 -9999.0 -9999.0 -9999.0 -9999.0 -9999.0 -9999.0 -9999.0 -9999.0 -9999.0 -9999.0 -9999.0 -9999.0 -9999.0 -9999.0 -9999.0 -9999.0 -9999.0 -9999.0 -9999.0 -9999.0 -9999.0 -9999.0 -9999.0 -9999.0 -9999.0 -9999.0 -9999.0 -9999.0 -9999.0 -9999.0 -9999.0 -9999.0 -9999.0 -9999.0 -9999.0 -9999.0 -9999.0 -9999.0 -9999.0 -9999.0 -9999.0 -9999.0 -9999.0 -9999.0 -9999.0 -9999.0 -9999.0 -9999.0 -9999.0 -9999.0 -9999.0 -9999.0 -9999.0 -9999.0 -9999.0 -9999.0 -9999.0 -9999.0
-9999.0 -9999.0 -9999.0 -9999.0 -9999.0 -9999.0 -9999.0 -9999.0 -9999.0 -9999.0 -9999.0 -9999.0 -9999.0 -9999.0 -9999.0 -9999.0 -9999.0 -9999.0 -9999.0 -9999.0 -9999.0 -9999.0 -9999.0 -9999.0 -9999.0 -9999.0 -9999.0 -9999.0 -9999.0 -9999.0 -9999.0 -9999.0 -9999.0 -9999.0 -9999.0 -9999.0 -9999.0 -9999.0 -9999.0 -9999.0 -9999.0 -9999.0 -9999.0 -9999.0 -9999.0 -9999.0 -9999.0 -9999.0 -9999.0 -9999.0 -9999.0 -9999.0 -9999.0 -9999.0 -9999.0 -9999.0 -9999.0 -9999.0 -9999.0 -9999.0 -9999.0 -9999.0 -9999.0 -9999.0 -9999.0 -9999.0 -9999.0 -9999.0 -9999.0 -9999.0 -9999.0 -9999.0 -9999.0 -9999.0 -9999.0 -9999.0 -9999.0 -9999.0 -9999.0 -9999.0 -9999.0 -9999.0 -9999.0 -9999.0 -9999.0 -9999.0 -9999.0 -9999.0 -9999.0 -9999.0 -9999.0 -9999.0 -9999.0 -9999.0 -9999.0 -9999.0 -9999.0 -9999.0 -9999.0 -9999.0 -9999.0 -9999.0 -9999.0 -9999.0