inst/processing_geotop_simulation/geotop_simulation/out/maps3D/PwL0000N0355.asc
ncols         104
nrows         10
xllcorner     -2.000000
yllcorner     0.000000
cellsize      1.000000
NODATA_value  -9999.0
-9999.0 -9999.0 -9999.0 -9999.0 -9999.0 -9999.0 -9999.0 -9999.0 -9999.0 -9999.0 -9999.0 -9999.0 -9999.0 -9999.0 -9999.0 -9999.0 -9999.0 -9999.0 -9999.0 -9999.0 -9999.0 -9999.0 -9999.0 -9999.0 -9999.0 -9999.0 -9999.0 -9999.0 -9999.0 -9999.0 -9999.0 -9999.0 -9999.0 -9999.0 -9999.0 -9999.0 -9999.0 -9999.0 -9999.0 -9999.0 -9999.0 -9999.0 -9999.0 -9999.0 -9999.0 -9999.0 -9999.0 -9999.0 -9999.0 -9999.0 -9999.0 -9999.0 -9999.0 -9999.0 -9999.0 -9999.0 -9999.0 -9999.0 -9999.0 -9999.0 -9999.0 -9999.0 -9999.0 -9999.0 -9999.0 -9999.0 -9999.0 -9999.0 -9999.0 -9999.0 -9999.0 -9999.0 -9999.0 -9999.0 -9999.0 -9999.0 -9999.0 -9999.0 -9999.0 -9999.0 -9999.0 -9999.0 -9999.0 -9999.0 -9999.0 -9999.0 -9999.0 -9999.0 -9999.0 -9999.0 -9999.0 -9999.0 -9999.0 -9999.0 -9999.0 -9999.0 -9999.0 -9999.0 -9999.0 -9999.0 -9999.0 -9999.0 -9999.0 -9999.0
-9999.0 -9999.0 -9999.0 -9999.0 -9999.0 -9999.0 -9999.0 -9999.0 -9999.0 -9999.0 -9999.0 -9999.0 -9999.0 -9999.0 -9999.0 -9999.0 -9999.0 -9999.0 -9999.0 -9999.0 -9999.0 -9999.0 -9999.0 -9999.0 -9999.0 -9999.0 -9999.0 -9999.0 -9999.0 -9999.0 -9999.0 -9999.0 -9999.0 -9999.0 -9999.0 -9999.0 -9999.0 -9999.0 -9999.0 -9999.0 -9999.0 -9999.0 -9999.0 -9999.0 -9999.0 -9999.0 -9999.0 -9999.0 -9999.0 -9999.0 -9999.0 -9999.0 -9999.0 -9999.0 -9999.0 -9999.0 -9999.0 -9999.0 -9999.0 -9999.0 -9999.0 -9999.0 -9999.0 -9999.0 -9999.0 -9999.0 -9999.0 -9999.0 -9999.0 -9999.0 -9999.0 -9999.0 -9999.0 -9999.0 -9999.0 -9999.0 -9999.0 -9999.0 -9999.0 -9999.0 -9999.0 -9999.0 -9999.0 -9999.0 -9999.0 -9999.0 -9999.0 -9999.0 -9999.0 -9999.0 -9999.0 -9999.0 -9999.0 -9999.0 -9999.0 -9999.0 -9999.0 -9999.0 -9999.0 -9999.0 -9999.0 -9999.0 -9999.0 -9999.0
-9999.0 -9999.0 0.028547 -95.203025 -193.772451 -292.713211 -391.789159 -490.911514 -590.035293 -689.124151 -788.119143 -886.976501 -985.658106 -1084.108506 -1182.494103 -1280.771587 -1378.520132 -1475.384071 -1570.749612 -1663.562503 -1751.876079 -1832.561109 -1902.309587 -1959.223520 -2003.400275 -2036.391413 -2060.344740 -2077.383735 -2089.317983 -2097.573934 -2103.227099 -2107.065276 -2109.653241 -2111.388887 -2112.548900 -2113.325892 -2113.864189 -2114.325735 -2115.110155 -2117.377276 -2120.285576 -2066.378214 -1282.885447 -1279.296219 -1269.280472 -1262.727272 -1259.643742 -1259.162380 -1259.110168 -1259.115120 -1259.128373 -1259.142652 -1259.156382 -1259.169101 -1259.180934 -1259.194934 -1259.239428 -1259.531785 -1261.189420 -1264.854311 -1269.916027 -1266.280211 -2043.101993 -2114.396920 -2115.935777 -2115.182264 -2114.978463 -2114.940958 -2114.935212 -2114.934831 -2114.935266 -2114.935739 -2114.936125 -2114.936424 -2114.936656 -2114.936837 -2114.936981 -2114.937099 -2114.937199 -2114.937290 -2114.937380 -2114.937480 -2114.937606 -2114.937780 -2114.938036 -2114.938427 -2114.939042 -2114.940027 -2114.941633 -2114.944305 -2114.948861 -2114.956847 -2114.971269 -2114.998105 -2115.049477 -2115.150675 -2115.357011 -2115.798218 -2116.805451 -2119.314598 -2126.371773 -2149.828217 -9999.0 -9999.0
-9999.0 -9999.0 0.088779 -95.201086 -193.771967 -292.713070 -391.789114 -490.911499 -590.035288 -689.124149 -788.119142 -886.976500 -985.658106 -1084.108506 -1182.494103 -1280.771587 -1378.520132 -1475.384071 -1570.749613 -1663.562503 -1751.876080 -1832.561110 -1902.309587 -1959.223520 -2003.400275 -2036.391413 -2060.344740 -2077.383735 -2089.317983 -2097.573934 -2103.227099 -2107.065276 -2109.653241 -2111.388887 -2112.548900 -2113.325892 -2113.864189 -2114.325735 -2115.110155 -2117.377276 -2120.285576 -2066.378214 -1282.885447 -1279.296219 -1269.280472 -1262.727272 -1259.643742 -1259.162380 -1259.110168 -1259.115120 -1259.128373 -1259.142652 -1259.156382 -1259.169101 -1259.180934 -1259.194934 -1259.239428 -1259.531785 -1261.189420 -1264.854311 -1269.916027 -1266.280211 -2043.101993 -2114.396920 -2115.935777 -2115.182264 -2114.978463 -2114.940958 -2114.935212 -2114.934831 -2114.935266 -2114.935739 -2114.936125 -2114.936424 -2114.936656 -2114.936837 -2114.936981 -2114.937099 -2114.937199 -2114.937290 -2114.937380 -2114.937480 -2114.937606 -2114.937780 -2114.938036 -2114.938427 -2114.939042 -2114.940027 -2114.941633 -2114.944305 -2114.948861 -2114.956847 -2114.971269 -2114.998105 -2115.049477 -2115.150675 -2115.357011 -2115.798218 -2116.805451 -2119.314598 -2126.371773 -2149.828217 -9999.0 -9999.0
-9999.0 -9999.0 0.088793 -95.200310 -193.771662 -292.712959 -391.789075 -490.911485 -590.035282 -689.124147 -788.119141 -886.976500 -985.658106 -1084.108506 -1182.494103 -1280.771587 -1378.520132 -1475.384071 -1570.749613 -1663.562503 -1751.876080 -1832.561110 -1902.309587 -1959.223520 -2003.400275 -2036.391413 -2060.344740 -2077.383735 -2089.317983 -2097.573934 -2103.227099 -2107.065276 -2109.653241 -2111.388887 -2112.548900 -2113.325892 -2113.864189 -2114.325735 -2115.110155 -2117.377276 -2120.285576 -2066.378214 -1282.885447 -1279.296219 -1269.280472 -1262.727272 -1259.643742 -1259.162380 -1259.110168 -1259.115120 -1259.128373 -1259.142652 -1259.156382 -1259.169101 -1259.180934 -1259.194934 -1259.239428 -1259.531785 -1261.189420 -1264.854311 -1269.916027 -1266.280211 -2043.101993 -2114.396920 -2115.935777 -2115.182264 -2114.978463 -2114.940958 -2114.935212 -2114.934831 -2114.935266 -2114.935739 -2114.936125 -2114.936424 -2114.936656 -2114.936837 -2114.936981 -2114.937099 -2114.937199 -2114.937290 -2114.937380 -2114.937480 -2114.937606 -2114.937780 -2114.938036 -2114.938427 -2114.939042 -2114.940027 -2114.941633 -2114.944305 -2114.948861 -2114.956847 -2114.971269 -2114.998105 -2115.049477 -2115.150675 -2115.357011 -2115.798218 -2116.805451 -2119.314598 -2126.371773 -2149.828217 -9999.0 -9999.0
-9999.0 -9999.0 0.088793 -95.200310 -193.771662 -292.712959 -391.789075 -490.911485 -590.035282 -689.124147 -788.119141 -886.976500 -985.658106 -1084.108506 -1182.494103 -1280.771587 -1378.520132 -1475.384071 -1570.749613 -1663.562503 -1751.876080 -1832.561110 -1902.309587 -1959.223520 -2003.400275 -2036.391413 -2060.344740 -2077.383735 -2089.317983 -2097.573934 -2103.227099 -2107.065276 -2109.653241 -2111.388887 -2112.548900 -2113.325892 -2113.864189 -2114.325735 -2115.110155 -2117.377276 -2120.285576 -2066.378214 -1282.885447 -1279.296219 -1269.280472 -1262.727272 -1259.643742 -1259.162380 -1259.110168 -1259.115120 -1259.128373 -1259.142652 -1259.156382 -1259.169101 -1259.180934 -1259.194934 -1259.239428 -1259.531785 -1261.189420 -1264.854311 -1269.916027 -1266.280211 -2043.101993 -2114.396920 -2115.935777 -2115.182264 -2114.978463 -2114.940958 -2114.935212 -2114.934831 -2114.935266 -2114.935739 -2114.936125 -2114.936424 -2114.936656 -2114.936837 -2114.936981 -2114.937099 -2114.937199 -2114.937290 -2114.937380 -2114.937480 -2114.937606 -2114.937780 -2114.938036 -2114.938427 -2114.939042 -2114.940027 -2114.941633 -2114.944305 -2114.948861 -2114.956847 -2114.971269 -2114.998105 -2115.049477 -2115.150675 -2115.357011 -2115.798218 -2116.805451 -2119.314598 -2126.371773 -2149.828217 -9999.0 -9999.0
-9999.0 -9999.0 0.088779 -95.201086 -193.771967 -292.713070 -391.789114 -490.911499 -590.035288 -689.124149 -788.119142 -886.976500 -985.658106 -1084.108506 -1182.494103 -1280.771587 -1378.520132 -1475.384071 -1570.749613 -1663.562503 -1751.876080 -1832.561110 -1902.309587 -1959.223520 -2003.400275 -2036.391413 -2060.344740 -2077.383735 -2089.317983 -2097.573934 -2103.227099 -2107.065276 -2109.653241 -2111.388887 -2112.548900 -2113.325892 -2113.864189 -2114.325735 -2115.110155 -2117.377276 -2120.285576 -2066.378214 -1282.885447 -1279.296219 -1269.280472 -1262.727272 -1259.643742 -1259.162380 -1259.110168 -1259.115120 -1259.128373 -1259.142652 -1259.156382 -1259.169101 -1259.180934 -1259.194934 -1259.239428 -1259.531785 -1261.189420 -1264.854311 -1269.916027 -1266.280211 -2043.101993 -2114.396920 -2115.935777 -2115.182264 -2114.978463 -2114.940958 -2114.935212 -2114.934831 -2114.935266 -2114.935739 -2114.936125 -2114.936424 -2114.936656 -2114.936837 -2114.936981 -2114.937099 -2114.937199 -2114.937290 -2114.937380 -2114.937480 -2114.937606 -2114.937780 -2114.938036 -2114.938427 -2114.939042 -2114.940027 -2114.941633 -2114.944305 -2114.948861 -2114.956847 -2114.971269 -2114.998105 -2115.049477 -2115.150675 -2115.357011 -2115.798218 -2116.805451 -2119.314598 -2126.371773 -2149.828217 -9999.0 -9999.0
-9999.0 -9999.0 0.028547 -95.203025 -193.772451 -292.713211 -391.789159 -490.911514 -590.035293 -689.124151 -788.119143 -886.976501 -985.658106 -1084.108506 -1182.494103 -1280.771587 -1378.520132 -1475.384071 -1570.749612 -1663.562503 -1751.876079 -1832.561109 -1902.309587 -1959.223520 -2003.400275 -2036.391413 -2060.344740 -2077.383735 -2089.317983 -2097.573934 -2103.227099 -2107.065276 -2109.653241 -2111.388887 -2112.548900 -2113.325892 -2113.864189 -2114.325735 -2115.110155 -2117.377276 -2120.285576 -2066.378214 -1282.885447 -1279.296219 -1269.280472 -1262.727272 -1259.643742 -1259.162380 -1259.110168 -1259.115120 -1259.128373 -1259.142652 -1259.156382 -1259.169101 -1259.180934 -1259.194934 -1259.239428 -1259.531785 -1261.189420 -1264.854311 -1269.916027 -1266.280211 -2043.101993 -2114.396920 -2115.935777 -2115.182264 -2114.978463 -2114.940958 -2114.935212 -2114.934831 -2114.935266 -2114.935739 -2114.936125 -2114.936424 -2114.936656 -2114.936837 -2114.936981 -2114.937099 -2114.937199 -2114.937290 -2114.937380 -2114.937480 -2114.937606 -2114.937780 -2114.938036 -2114.938427 -2114.939042 -2114.940027 -2114.941633 -2114.944305 -2114.948861 -2114.956847 -2114.971269 -2114.998105 -2115.049477 -2115.150675 -2115.357011 -2115.798218 -2116.805451 -2119.314598 -2126.371773 -2149.828217 -9999.0 -9999.0
-9999.0 -9999.0 -9999.0 -9999.0 -9999.0 -9999.0 -9999.0 -9999.0 -9999.0 -9999.0 -9999.0 -9999.0 -9999.0 -9999.0 -9999.0 -9999.0 -9999.0 -9999.0 -9999.0 -9999.0 -9999.0 -9999.0 -9999.0 -9999.0 -9999.0 -9999.0 -9999.0 -9999.0 -9999.0 -9999.0 -9999.0 -9999.0 -9999.0 -9999.0 -9999.0 -9999.0 -9999.0 -9999.0 -9999.0 -9999.0 -9999.0 -9999.0 -9999.0 -9999.0 -9999.0 -9999.0 -9999.0 -9999.0 -9999.0 -9999.0 -9999.0 -9999.0 -9999.0 -9999.0 -9999.0 -9999.0 -9999.0 -9999.0 -9999.0 -9999.0 -9999.0 -9999.0 -9999.0 -9999.0 -9999.0 -9999.0 -9999.0 -9999.0 -9999.0 -9999.0 -9999.0 -9999.0 -9999.0 -9999.0 -9999.0 -9999.0 -9999.0 -9999.0 -9999.0 -9999.0 -9999.0 -9999.0 -9999.0 -9999.0 -9999.0 -9999.0 -9999.0 -9999.0 -9999.0 -9999.0 -9999.0 -9999.0 -9999.0 -9999.0 -9999.0 -9999.0 -9999.0 -9999.0 -9999.0 -9999.0 -9999.0 -9999.0 -9999.0 -9999.0
-9999.0 -9999.0 -9999.0 -9999.0 -9999.0 -9999.0 -9999.0 -9999.0 -9999.0 -9999.0 -9999.0 -9999.0 -9999.0 -9999.0 -9999.0 -9999.0 -9999.0 -9999.0 -9999.0 -9999.0 -9999.0 -9999.0 -9999.0 -9999.0 -9999.0 -9999.0 -9999.0 -9999.0 -9999.0 -9999.0 -9999.0 -9999.0 -9999.0 -9999.0 -9999.0 -9999.0 -9999.0 -9999.0 -9999.0 -9999.0 -9999.0 -9999.0 -9999.0 -9999.0 -9999.0 -9999.0 -9999.0 -9999.0 -9999.0 -9999.0 -9999.0 -9999.0 -9999.0 -9999.0 -9999.0 -9999.0 -9999.0 -9999.0 -9999.0 -9999.0 -9999.0 -9999.0 -9999.0 -9999.0 -9999.0 -9999.0 -9999.0 -9999.0 -9999.0 -9999.0 -9999.0 -9999.0 -9999.0 -9999.0 -9999.0 -9999.0 -9999.0 -9999.0 -9999.0 -9999.0 -9999.0 -9999.0 -9999.0 -9999.0 -9999.0 -9999.0 -9999.0 -9999.0 -9999.0 -9999.0 -9999.0 -9999.0 -9999.0 -9999.0 -9999.0 -9999.0 -9999.0 -9999.0 -9999.0 -9999.0 -9999.0 -9999.0 -9999.0 -9999.0