inst/processing_geotop_simulation/geotop_simulation/out/maps3D/PwL0018N0254.asc
ncols         104
nrows         10
xllcorner     -2.000000
yllcorner     0.000000
cellsize      1.000000
NODATA_value  -9999.0
-9999.0 -9999.0 -9999.0 -9999.0 -9999.0 -9999.0 -9999.0 -9999.0 -9999.0 -9999.0 -9999.0 -9999.0 -9999.0 -9999.0 -9999.0 -9999.0 -9999.0 -9999.0 -9999.0 -9999.0 -9999.0 -9999.0 -9999.0 -9999.0 -9999.0 -9999.0 -9999.0 -9999.0 -9999.0 -9999.0 -9999.0 -9999.0 -9999.0 -9999.0 -9999.0 -9999.0 -9999.0 -9999.0 -9999.0 -9999.0 -9999.0 -9999.0 -9999.0 -9999.0 -9999.0 -9999.0 -9999.0 -9999.0 -9999.0 -9999.0 -9999.0 -9999.0 -9999.0 -9999.0 -9999.0 -9999.0 -9999.0 -9999.0 -9999.0 -9999.0 -9999.0 -9999.0 -9999.0 -9999.0 -9999.0 -9999.0 -9999.0 -9999.0 -9999.0 -9999.0 -9999.0 -9999.0 -9999.0 -9999.0 -9999.0 -9999.0 -9999.0 -9999.0 -9999.0 -9999.0 -9999.0 -9999.0 -9999.0 -9999.0 -9999.0 -9999.0 -9999.0 -9999.0 -9999.0 -9999.0 -9999.0 -9999.0 -9999.0 -9999.0 -9999.0 -9999.0 -9999.0 -9999.0 -9999.0 -9999.0 -9999.0 -9999.0 -9999.0 -9999.0
-9999.0 -9999.0 -9999.0 -9999.0 -9999.0 -9999.0 -9999.0 -9999.0 -9999.0 -9999.0 -9999.0 -9999.0 -9999.0 -9999.0 -9999.0 -9999.0 -9999.0 -9999.0 -9999.0 -9999.0 -9999.0 -9999.0 -9999.0 -9999.0 -9999.0 -9999.0 -9999.0 -9999.0 -9999.0 -9999.0 -9999.0 -9999.0 -9999.0 -9999.0 -9999.0 -9999.0 -9999.0 -9999.0 -9999.0 -9999.0 -9999.0 -9999.0 -9999.0 -9999.0 -9999.0 -9999.0 -9999.0 -9999.0 -9999.0 -9999.0 -9999.0 -9999.0 -9999.0 -9999.0 -9999.0 -9999.0 -9999.0 -9999.0 -9999.0 -9999.0 -9999.0 -9999.0 -9999.0 -9999.0 -9999.0 -9999.0 -9999.0 -9999.0 -9999.0 -9999.0 -9999.0 -9999.0 -9999.0 -9999.0 -9999.0 -9999.0 -9999.0 -9999.0 -9999.0 -9999.0 -9999.0 -9999.0 -9999.0 -9999.0 -9999.0 -9999.0 -9999.0 -9999.0 -9999.0 -9999.0 -9999.0 -9999.0 -9999.0 -9999.0 -9999.0 -9999.0 -9999.0 -9999.0 -9999.0 -9999.0 -9999.0 -9999.0 -9999.0 -9999.0
-9999.0 -9999.0 873.570751 776.005148 678.152439 579.977434 481.634156 383.216327 284.774165 186.334731 87.912999 -10.479323 -108.831807 -207.133440 -305.335261 -403.345132 -500.988062 -597.969281 -693.839564 -790.194826 -885.846146 -980.526018 -1073.970085 -1155.566662 -1227.631987 -1288.643834 -1338.176338 -1376.847079 -1406.009820 -1427.363814 -1442.625844 -1453.324927 -1460.713332 -1465.757883 -1469.174257 -1471.478610 -1473.046779 -1474.207333 -1475.537124 -1479.019287 -1492.033072 -1546.502044 -1971.973279 -4043.008299 -4084.154661 -4084.158406 -4084.158054 -4084.154054 -4084.134633 -4084.070532 -4083.894406 -4083.386309 -4082.549018 -4081.469392 -4079.684852 -4076.250387 -4068.846474 -4051.708669 -4011.442980 -3921.663181 -3659.544504 -1723.391144 -1506.411082 -1484.055878 -1477.931718 -1476.568989 -1476.323936 -1476.284589 -1476.278989 -1476.278782 -1476.279366 -1476.279959 -1476.280442 -1476.280818 -1476.281112 -1476.281345 -1476.281534 -1476.281691 -1476.281826 -1476.281949 -1476.282070 -1476.282204 -1476.282368 -1476.282588 -1476.282906 -1476.283384 -1476.284126 -1476.285306 -1476.287218 -1476.290388 -1476.295774 -1476.305188 -1476.322156 -1476.353696 -1476.414088 -1476.533345 -1476.777888 -1477.305484 -1478.518502 -1481.511145 -1489.552877 -1514.303689 -9999.0 -9999.0
-9999.0 -9999.0 873.574261 776.006434 678.152851 579.977567 481.634200 383.216342 284.774171 186.334733 87.913000 -10.479322 -108.831807 -207.133440 -305.335261 -403.345132 -500.988062 -597.969281 -693.839564 -790.194826 -885.846146 -980.526018 -1073.970085 -1155.566662 -1227.631987 -1288.643834 -1338.176338 -1376.847079 -1406.009820 -1427.363814 -1442.625844 -1453.324927 -1460.713332 -1465.757883 -1469.174257 -1471.478610 -1473.046779 -1474.207333 -1475.537124 -1479.019287 -1492.033072 -1546.502044 -1971.973279 -4043.008299 -4084.154661 -4084.158406 -4084.158054 -4084.154054 -4084.134633 -4084.070532 -4083.894406 -4083.386309 -4082.549018 -4081.469392 -4079.684852 -4076.250387 -4068.846474 -4051.708669 -4011.442980 -3921.663181 -3659.544504 -1723.391145 -1506.411082 -1484.055878 -1477.931718 -1476.568989 -1476.323936 -1476.284589 -1476.278989 -1476.278782 -1476.279366 -1476.279959 -1476.280442 -1476.280818 -1476.281112 -1476.281345 -1476.281534 -1476.281691 -1476.281826 -1476.281949 -1476.282070 -1476.282204 -1476.282368 -1476.282588 -1476.282906 -1476.283384 -1476.284126 -1476.285306 -1476.287218 -1476.290388 -1476.295774 -1476.305188 -1476.322156 -1476.353696 -1476.414088 -1476.533345 -1476.777888 -1477.305484 -1478.518502 -1481.511145 -1489.552877 -1514.303689 -9999.0 -9999.0
-9999.0 -9999.0 873.575525 776.007107 678.153132 579.977674 481.634239 383.216357 284.774176 186.334735 87.913001 -10.479322 -108.831806 -207.133440 -305.335261 -403.345132 -500.988062 -597.969282 -693.839564 -790.194826 -885.846146 -980.526018 -1073.970085 -1155.566662 -1227.631987 -1288.643834 -1338.176338 -1376.847079 -1406.009820 -1427.363814 -1442.625844 -1453.324928 -1460.713332 -1465.757883 -1469.174257 -1471.478610 -1473.046779 -1474.207333 -1475.537124 -1479.019287 -1492.033072 -1546.502044 -1971.973279 -4043.008299 -4084.154661 -4084.158406 -4084.158054 -4084.154054 -4084.134633 -4084.070532 -4083.894406 -4083.386309 -4082.549018 -4081.469392 -4079.684852 -4076.250387 -4068.846474 -4051.708669 -4011.442980 -3921.663180 -3659.544504 -1723.391144 -1506.411082 -1484.055878 -1477.931718 -1476.568989 -1476.323936 -1476.284589 -1476.278989 -1476.278782 -1476.279366 -1476.279959 -1476.280442 -1476.280818 -1476.281112 -1476.281345 -1476.281534 -1476.281691 -1476.281826 -1476.281949 -1476.282070 -1476.282204 -1476.282368 -1476.282588 -1476.282906 -1476.283384 -1476.284126 -1476.285306 -1476.287218 -1476.290388 -1476.295774 -1476.305188 -1476.322156 -1476.353696 -1476.414088 -1476.533345 -1476.777888 -1477.305484 -1478.518502 -1481.511145 -1489.552877 -1514.303689 -9999.0 -9999.0
-9999.0 -9999.0 873.575525 776.007107 678.153132 579.977674 481.634239 383.216357 284.774176 186.334735 87.913001 -10.479322 -108.831806 -207.133440 -305.335261 -403.345132 -500.988062 -597.969281 -693.839564 -790.194826 -885.846146 -980.526018 -1073.970085 -1155.566662 -1227.631987 -1288.643834 -1338.176338 -1376.847079 -1406.009820 -1427.363814 -1442.625844 -1453.324928 -1460.713332 -1465.757883 -1469.174257 -1471.478610 -1473.046779 -1474.207333 -1475.537124 -1479.019287 -1492.033072 -1546.502044 -1971.973279 -4043.008299 -4084.154661 -4084.158406 -4084.158054 -4084.154054 -4084.134633 -4084.070532 -4083.894406 -4083.386309 -4082.549018 -4081.469392 -4079.684852 -4076.250387 -4068.846474 -4051.708669 -4011.442980 -3921.663180 -3659.544504 -1723.391144 -1506.411082 -1484.055878 -1477.931718 -1476.568989 -1476.323936 -1476.284589 -1476.278989 -1476.278782 -1476.279366 -1476.279959 -1476.280442 -1476.280818 -1476.281112 -1476.281345 -1476.281534 -1476.281691 -1476.281826 -1476.281949 -1476.282070 -1476.282204 -1476.282368 -1476.282588 -1476.282906 -1476.283384 -1476.284126 -1476.285306 -1476.287218 -1476.290388 -1476.295774 -1476.305188 -1476.322156 -1476.353696 -1476.414088 -1476.533345 -1476.777888 -1477.305484 -1478.518502 -1481.511145 -1489.552877 -1514.303689 -9999.0 -9999.0
-9999.0 -9999.0 873.574261 776.006434 678.152851 579.977567 481.634200 383.216342 284.774171 186.334733 87.913000 -10.479322 -108.831807 -207.133440 -305.335261 -403.345132 -500.988062 -597.969281 -693.839564 -790.194826 -885.846146 -980.526018 -1073.970085 -1155.566662 -1227.631987 -1288.643834 -1338.176338 -1376.847079 -1406.009820 -1427.363814 -1442.625844 -1453.324927 -1460.713332 -1465.757883 -1469.174257 -1471.478610 -1473.046779 -1474.207333 -1475.537124 -1479.019287 -1492.033072 -1546.502044 -1971.973279 -4043.008299 -4084.154661 -4084.158406 -4084.158054 -4084.154054 -4084.134633 -4084.070532 -4083.894406 -4083.386309 -4082.549018 -4081.469392 -4079.684852 -4076.250387 -4068.846474 -4051.708669 -4011.442980 -3921.663180 -3659.544504 -1723.391144 -1506.411082 -1484.055878 -1477.931718 -1476.568989 -1476.323936 -1476.284589 -1476.278989 -1476.278782 -1476.279366 -1476.279959 -1476.280442 -1476.280818 -1476.281112 -1476.281345 -1476.281534 -1476.281691 -1476.281826 -1476.281949 -1476.282070 -1476.282204 -1476.282368 -1476.282588 -1476.282906 -1476.283384 -1476.284126 -1476.285306 -1476.287218 -1476.290388 -1476.295774 -1476.305188 -1476.322156 -1476.353696 -1476.414088 -1476.533345 -1476.777888 -1477.305484 -1478.518502 -1481.511145 -1489.552877 -1514.303689 -9999.0 -9999.0
-9999.0 -9999.0 873.570751 776.005148 678.152439 579.977434 481.634156 383.216327 284.774165 186.334731 87.912999 -10.479323 -108.831807 -207.133440 -305.335261 -403.345132 -500.988062 -597.969281 -693.839564 -790.194826 -885.846146 -980.526017 -1073.970085 -1155.566662 -1227.631987 -1288.643834 -1338.176338 -1376.847079 -1406.009820 -1427.363814 -1442.625844 -1453.324927 -1460.713332 -1465.757883 -1469.174257 -1471.478610 -1473.046779 -1474.207333 -1475.537124 -1479.019287 -1492.033072 -1546.502044 -1971.973279 -4043.008299 -4084.154661 -4084.158406 -4084.158054 -4084.154054 -4084.134633 -4084.070532 -4083.894406 -4083.386309 -4082.549018 -4081.469392 -4079.684852 -4076.250387 -4068.846474 -4051.708669 -4011.442980 -3921.663181 -3659.544505 -1723.391145 -1506.411082 -1484.055878 -1477.931718 -1476.568989 -1476.323936 -1476.284589 -1476.278989 -1476.278782 -1476.279366 -1476.279959 -1476.280442 -1476.280818 -1476.281112 -1476.281345 -1476.281534 -1476.281691 -1476.281826 -1476.281949 -1476.282070 -1476.282204 -1476.282368 -1476.282588 -1476.282906 -1476.283384 -1476.284126 -1476.285306 -1476.287218 -1476.290388 -1476.295774 -1476.305188 -1476.322156 -1476.353696 -1476.414088 -1476.533345 -1476.777888 -1477.305484 -1478.518502 -1481.511145 -1489.552877 -1514.303689 -9999.0 -9999.0
-9999.0 -9999.0 -9999.0 -9999.0 -9999.0 -9999.0 -9999.0 -9999.0 -9999.0 -9999.0 -9999.0 -9999.0 -9999.0 -9999.0 -9999.0 -9999.0 -9999.0 -9999.0 -9999.0 -9999.0 -9999.0 -9999.0 -9999.0 -9999.0 -9999.0 -9999.0 -9999.0 -9999.0 -9999.0 -9999.0 -9999.0 -9999.0 -9999.0 -9999.0 -9999.0 -9999.0 -9999.0 -9999.0 -9999.0 -9999.0 -9999.0 -9999.0 -9999.0 -9999.0 -9999.0 -9999.0 -9999.0 -9999.0 -9999.0 -9999.0 -9999.0 -9999.0 -9999.0 -9999.0 -9999.0 -9999.0 -9999.0 -9999.0 -9999.0 -9999.0 -9999.0 -9999.0 -9999.0 -9999.0 -9999.0 -9999.0 -9999.0 -9999.0 -9999.0 -9999.0 -9999.0 -9999.0 -9999.0 -9999.0 -9999.0 -9999.0 -9999.0 -9999.0 -9999.0 -9999.0 -9999.0 -9999.0 -9999.0 -9999.0 -9999.0 -9999.0 -9999.0 -9999.0 -9999.0 -9999.0 -9999.0 -9999.0 -9999.0 -9999.0 -9999.0 -9999.0 -9999.0 -9999.0 -9999.0 -9999.0 -9999.0 -9999.0 -9999.0 -9999.0
-9999.0 -9999.0 -9999.0 -9999.0 -9999.0 -9999.0 -9999.0 -9999.0 -9999.0 -9999.0 -9999.0 -9999.0 -9999.0 -9999.0 -9999.0 -9999.0 -9999.0 -9999.0 -9999.0 -9999.0 -9999.0 -9999.0 -9999.0 -9999.0 -9999.0 -9999.0 -9999.0 -9999.0 -9999.0 -9999.0 -9999.0 -9999.0 -9999.0 -9999.0 -9999.0 -9999.0 -9999.0 -9999.0 -9999.0 -9999.0 -9999.0 -9999.0 -9999.0 -9999.0 -9999.0 -9999.0 -9999.0 -9999.0 -9999.0 -9999.0 -9999.0 -9999.0 -9999.0 -9999.0 -9999.0 -9999.0 -9999.0 -9999.0 -9999.0 -9999.0 -9999.0 -9999.0 -9999.0 -9999.0 -9999.0 -9999.0 -9999.0 -9999.0 -9999.0 -9999.0 -9999.0 -9999.0 -9999.0 -9999.0 -9999.0 -9999.0 -9999.0 -9999.0 -9999.0 -9999.0 -9999.0 -9999.0 -9999.0 -9999.0 -9999.0 -9999.0 -9999.0 -9999.0 -9999.0 -9999.0 -9999.0 -9999.0 -9999.0 -9999.0 -9999.0 -9999.0 -9999.0 -9999.0 -9999.0 -9999.0 -9999.0 -9999.0 -9999.0 -9999.0