inst/processing_geotop_simulation/geotop_simulation/out/maps3D/PwL0017N0166.asc
ncols         104
nrows         10
xllcorner     -2.000000
yllcorner     0.000000
cellsize      1.000000
NODATA_value  -9999.0
-9999.0 -9999.0 -9999.0 -9999.0 -9999.0 -9999.0 -9999.0 -9999.0 -9999.0 -9999.0 -9999.0 -9999.0 -9999.0 -9999.0 -9999.0 -9999.0 -9999.0 -9999.0 -9999.0 -9999.0 -9999.0 -9999.0 -9999.0 -9999.0 -9999.0 -9999.0 -9999.0 -9999.0 -9999.0 -9999.0 -9999.0 -9999.0 -9999.0 -9999.0 -9999.0 -9999.0 -9999.0 -9999.0 -9999.0 -9999.0 -9999.0 -9999.0 -9999.0 -9999.0 -9999.0 -9999.0 -9999.0 -9999.0 -9999.0 -9999.0 -9999.0 -9999.0 -9999.0 -9999.0 -9999.0 -9999.0 -9999.0 -9999.0 -9999.0 -9999.0 -9999.0 -9999.0 -9999.0 -9999.0 -9999.0 -9999.0 -9999.0 -9999.0 -9999.0 -9999.0 -9999.0 -9999.0 -9999.0 -9999.0 -9999.0 -9999.0 -9999.0 -9999.0 -9999.0 -9999.0 -9999.0 -9999.0 -9999.0 -9999.0 -9999.0 -9999.0 -9999.0 -9999.0 -9999.0 -9999.0 -9999.0 -9999.0 -9999.0 -9999.0 -9999.0 -9999.0 -9999.0 -9999.0 -9999.0 -9999.0 -9999.0 -9999.0 -9999.0 -9999.0
-9999.0 -9999.0 -9999.0 -9999.0 -9999.0 -9999.0 -9999.0 -9999.0 -9999.0 -9999.0 -9999.0 -9999.0 -9999.0 -9999.0 -9999.0 -9999.0 -9999.0 -9999.0 -9999.0 -9999.0 -9999.0 -9999.0 -9999.0 -9999.0 -9999.0 -9999.0 -9999.0 -9999.0 -9999.0 -9999.0 -9999.0 -9999.0 -9999.0 -9999.0 -9999.0 -9999.0 -9999.0 -9999.0 -9999.0 -9999.0 -9999.0 -9999.0 -9999.0 -9999.0 -9999.0 -9999.0 -9999.0 -9999.0 -9999.0 -9999.0 -9999.0 -9999.0 -9999.0 -9999.0 -9999.0 -9999.0 -9999.0 -9999.0 -9999.0 -9999.0 -9999.0 -9999.0 -9999.0 -9999.0 -9999.0 -9999.0 -9999.0 -9999.0 -9999.0 -9999.0 -9999.0 -9999.0 -9999.0 -9999.0 -9999.0 -9999.0 -9999.0 -9999.0 -9999.0 -9999.0 -9999.0 -9999.0 -9999.0 -9999.0 -9999.0 -9999.0 -9999.0 -9999.0 -9999.0 -9999.0 -9999.0 -9999.0 -9999.0 -9999.0 -9999.0 -9999.0 -9999.0 -9999.0 -9999.0 -9999.0 -9999.0 -9999.0 -9999.0 -9999.0
-9999.0 -9999.0 832.303421 737.876958 642.667542 546.701852 450.351623 353.830574 257.251303 160.673967 64.131571 -32.345730 -128.741818 -225.007938 -321.028525 -416.606058 -511.427305 -605.033932 -697.873602 -790.415760 -881.501932 -970.968643 -1052.502700 -1118.566090 -1171.989743 -1213.108258 -1243.408122 -1264.930848 -1279.760902 -1289.726608 -1296.289180 -1300.542441 -1303.266323 -1304.996546 -1306.090605 -1306.784143 -1307.238483 -1307.598327 -1308.197178 -1310.712450 -1323.881022 -1402.442307 -2025.078380 -4112.159485 -4133.662261 -4133.663366 -4133.663366 -4133.663366 -4133.663363 -4133.663351 -4133.663316 -4133.663203 -4133.662999 -4133.662719 -4133.662227 -4133.661214 -4133.658832 -4133.652629 -4133.635103 -4133.579368 -4097.147114 -1886.617575 -1367.004108 -1317.532437 -1309.569163 -1308.346381 -1308.169705 -1308.143765 -1308.140518 -1308.140987 -1308.141947 -1308.142803 -1308.143476 -1308.143990 -1308.144385 -1308.144692 -1308.144936 -1308.145134 -1308.145300 -1308.145447 -1308.145592 -1308.145751 -1308.145951 -1308.146226 -1308.146633 -1308.147256 -1308.148235 -1308.149801 -1308.152346 -1308.156554 -1308.163667 -1308.176011 -1308.198070 -1308.238697 -1308.315665 -1308.465364 -1308.765174 -1309.391121 -1310.778940 -1314.082835 -1322.558509 -1347.135592 -9999.0 -9999.0
-9999.0 -9999.0 832.307502 737.878414 642.668001 546.701999 450.351671 353.830591 257.251309 160.673969 64.131572 -32.345730 -128.741818 -225.007938 -321.028525 -416.606058 -511.427305 -605.033932 -697.873602 -790.415760 -881.501933 -970.968644 -1052.502700 -1118.566090 -1171.989743 -1213.108258 -1243.408122 -1264.930848 -1279.760902 -1289.726608 -1296.289180 -1300.542441 -1303.266323 -1304.996546 -1306.090605 -1306.784143 -1307.238483 -1307.598327 -1308.197178 -1310.712450 -1323.881022 -1402.442307 -2025.078380 -4112.159485 -4133.662261 -4133.663366 -4133.663366 -4133.663366 -4133.663363 -4133.663351 -4133.663316 -4133.663203 -4133.662999 -4133.662719 -4133.662227 -4133.661214 -4133.658832 -4133.652629 -4133.635103 -4133.579368 -4097.147114 -1886.617575 -1367.004108 -1317.532437 -1309.569163 -1308.346381 -1308.169705 -1308.143765 -1308.140518 -1308.140987 -1308.141947 -1308.142803 -1308.143476 -1308.143990 -1308.144385 -1308.144692 -1308.144936 -1308.145134 -1308.145300 -1308.145447 -1308.145592 -1308.145751 -1308.145951 -1308.146226 -1308.146633 -1308.147256 -1308.148235 -1308.149801 -1308.152346 -1308.156554 -1308.163667 -1308.176011 -1308.198070 -1308.238697 -1308.315665 -1308.465364 -1308.765174 -1309.391121 -1310.778940 -1314.082835 -1322.558509 -1347.135592 -9999.0 -9999.0
-9999.0 -9999.0 832.308912 737.879161 642.668312 546.702117 450.351714 353.830606 257.251315 160.673971 64.131573 -32.345730 -128.741817 -225.007938 -321.028525 -416.606058 -511.427305 -605.033932 -697.873602 -790.415760 -881.501933 -970.968644 -1052.502700 -1118.566090 -1171.989743 -1213.108258 -1243.408123 -1264.930849 -1279.760902 -1289.726608 -1296.289181 -1300.542441 -1303.266323 -1304.996546 -1306.090605 -1306.784143 -1307.238483 -1307.598327 -1308.197178 -1310.712450 -1323.881022 -1402.442307 -2025.078380 -4112.159485 -4133.662261 -4133.663366 -4133.663366 -4133.663366 -4133.663363 -4133.663351 -4133.663316 -4133.663203 -4133.662999 -4133.662719 -4133.662227 -4133.661214 -4133.658832 -4133.652629 -4133.635103 -4133.579368 -4097.147114 -1886.617575 -1367.004108 -1317.532437 -1309.569163 -1308.346381 -1308.169705 -1308.143765 -1308.140518 -1308.140987 -1308.141947 -1308.142803 -1308.143476 -1308.143990 -1308.144385 -1308.144692 -1308.144936 -1308.145134 -1308.145300 -1308.145447 -1308.145592 -1308.145751 -1308.145951 -1308.146226 -1308.146633 -1308.147256 -1308.148235 -1308.149801 -1308.152346 -1308.156554 -1308.163667 -1308.176011 -1308.198070 -1308.238697 -1308.315665 -1308.465364 -1308.765174 -1309.391121 -1310.778940 -1314.082835 -1322.558509 -1347.135592 -9999.0 -9999.0
-9999.0 -9999.0 832.308912 737.879161 642.668312 546.702117 450.351714 353.830606 257.251315 160.673971 64.131573 -32.345730 -128.741817 -225.007938 -321.028525 -416.606058 -511.427305 -605.033932 -697.873602 -790.415760 -881.501933 -970.968644 -1052.502700 -1118.566090 -1171.989743 -1213.108258 -1243.408123 -1264.930849 -1279.760902 -1289.726608 -1296.289181 -1300.542441 -1303.266323 -1304.996546 -1306.090605 -1306.784143 -1307.238483 -1307.598327 -1308.197178 -1310.712450 -1323.881022 -1402.442307 -2025.078380 -4112.159485 -4133.662261 -4133.663366 -4133.663366 -4133.663366 -4133.663363 -4133.663351 -4133.663316 -4133.663203 -4133.662999 -4133.662719 -4133.662227 -4133.661214 -4133.658832 -4133.652629 -4133.635103 -4133.579368 -4097.147114 -1886.617575 -1367.004108 -1317.532437 -1309.569163 -1308.346381 -1308.169705 -1308.143765 -1308.140518 -1308.140987 -1308.141947 -1308.142803 -1308.143476 -1308.143990 -1308.144385 -1308.144692 -1308.144936 -1308.145134 -1308.145300 -1308.145447 -1308.145592 -1308.145751 -1308.145951 -1308.146226 -1308.146633 -1308.147256 -1308.148235 -1308.149801 -1308.152346 -1308.156554 -1308.163667 -1308.176011 -1308.198070 -1308.238697 -1308.315665 -1308.465364 -1308.765174 -1309.391121 -1310.778940 -1314.082835 -1322.558509 -1347.135592 -9999.0 -9999.0
-9999.0 -9999.0 832.307502 737.878414 642.668001 546.701999 450.351671 353.830591 257.251309 160.673969 64.131572 -32.345730 -128.741818 -225.007938 -321.028525 -416.606058 -511.427305 -605.033932 -697.873602 -790.415760 -881.501933 -970.968644 -1052.502700 -1118.566090 -1171.989743 -1213.108258 -1243.408122 -1264.930848 -1279.760902 -1289.726608 -1296.289180 -1300.542441 -1303.266323 -1304.996546 -1306.090605 -1306.784143 -1307.238483 -1307.598327 -1308.197178 -1310.712450 -1323.881022 -1402.442307 -2025.078380 -4112.159485 -4133.662261 -4133.663366 -4133.663366 -4133.663366 -4133.663363 -4133.663351 -4133.663316 -4133.663203 -4133.662999 -4133.662719 -4133.662227 -4133.661214 -4133.658832 -4133.652629 -4133.635103 -4133.579368 -4097.147114 -1886.617575 -1367.004108 -1317.532437 -1309.569163 -1308.346381 -1308.169705 -1308.143765 -1308.140518 -1308.140987 -1308.141947 -1308.142803 -1308.143476 -1308.143990 -1308.144385 -1308.144692 -1308.144936 -1308.145134 -1308.145300 -1308.145447 -1308.145592 -1308.145751 -1308.145951 -1308.146226 -1308.146633 -1308.147256 -1308.148235 -1308.149801 -1308.152346 -1308.156554 -1308.163667 -1308.176011 -1308.198070 -1308.238697 -1308.315665 -1308.465364 -1308.765174 -1309.391121 -1310.778940 -1314.082835 -1322.558509 -1347.135592 -9999.0 -9999.0
-9999.0 -9999.0 832.303421 737.876958 642.667542 546.701852 450.351623 353.830574 257.251303 160.673967 64.131571 -32.345730 -128.741818 -225.007938 -321.028525 -416.606058 -511.427305 -605.033932 -697.873602 -790.415760 -881.501932 -970.968643 -1052.502700 -1118.566090 -1171.989743 -1213.108258 -1243.408122 -1264.930848 -1279.760902 -1289.726608 -1296.289180 -1300.542441 -1303.266323 -1304.996546 -1306.090605 -1306.784143 -1307.238483 -1307.598327 -1308.197178 -1310.712450 -1323.881022 -1402.442307 -2025.078380 -4112.159485 -4133.662261 -4133.663366 -4133.663366 -4133.663366 -4133.663363 -4133.663351 -4133.663316 -4133.663203 -4133.662999 -4133.662719 -4133.662227 -4133.661214 -4133.658832 -4133.652629 -4133.635103 -4133.579368 -4097.147114 -1886.617575 -1367.004108 -1317.532437 -1309.569163 -1308.346381 -1308.169705 -1308.143765 -1308.140518 -1308.140987 -1308.141947 -1308.142803 -1308.143476 -1308.143990 -1308.144385 -1308.144692 -1308.144936 -1308.145134 -1308.145300 -1308.145447 -1308.145592 -1308.145751 -1308.145951 -1308.146226 -1308.146633 -1308.147256 -1308.148235 -1308.149801 -1308.152346 -1308.156554 -1308.163667 -1308.176011 -1308.198070 -1308.238697 -1308.315665 -1308.465364 -1308.765174 -1309.391121 -1310.778940 -1314.082835 -1322.558509 -1347.135592 -9999.0 -9999.0
-9999.0 -9999.0 -9999.0 -9999.0 -9999.0 -9999.0 -9999.0 -9999.0 -9999.0 -9999.0 -9999.0 -9999.0 -9999.0 -9999.0 -9999.0 -9999.0 -9999.0 -9999.0 -9999.0 -9999.0 -9999.0 -9999.0 -9999.0 -9999.0 -9999.0 -9999.0 -9999.0 -9999.0 -9999.0 -9999.0 -9999.0 -9999.0 -9999.0 -9999.0 -9999.0 -9999.0 -9999.0 -9999.0 -9999.0 -9999.0 -9999.0 -9999.0 -9999.0 -9999.0 -9999.0 -9999.0 -9999.0 -9999.0 -9999.0 -9999.0 -9999.0 -9999.0 -9999.0 -9999.0 -9999.0 -9999.0 -9999.0 -9999.0 -9999.0 -9999.0 -9999.0 -9999.0 -9999.0 -9999.0 -9999.0 -9999.0 -9999.0 -9999.0 -9999.0 -9999.0 -9999.0 -9999.0 -9999.0 -9999.0 -9999.0 -9999.0 -9999.0 -9999.0 -9999.0 -9999.0 -9999.0 -9999.0 -9999.0 -9999.0 -9999.0 -9999.0 -9999.0 -9999.0 -9999.0 -9999.0 -9999.0 -9999.0 -9999.0 -9999.0 -9999.0 -9999.0 -9999.0 -9999.0 -9999.0 -9999.0 -9999.0 -9999.0 -9999.0 -9999.0
-9999.0 -9999.0 -9999.0 -9999.0 -9999.0 -9999.0 -9999.0 -9999.0 -9999.0 -9999.0 -9999.0 -9999.0 -9999.0 -9999.0 -9999.0 -9999.0 -9999.0 -9999.0 -9999.0 -9999.0 -9999.0 -9999.0 -9999.0 -9999.0 -9999.0 -9999.0 -9999.0 -9999.0 -9999.0 -9999.0 -9999.0 -9999.0 -9999.0 -9999.0 -9999.0 -9999.0 -9999.0 -9999.0 -9999.0 -9999.0 -9999.0 -9999.0 -9999.0 -9999.0 -9999.0 -9999.0 -9999.0 -9999.0 -9999.0 -9999.0 -9999.0 -9999.0 -9999.0 -9999.0 -9999.0 -9999.0 -9999.0 -9999.0 -9999.0 -9999.0 -9999.0 -9999.0 -9999.0 -9999.0 -9999.0 -9999.0 -9999.0 -9999.0 -9999.0 -9999.0 -9999.0 -9999.0 -9999.0 -9999.0 -9999.0 -9999.0 -9999.0 -9999.0 -9999.0 -9999.0 -9999.0 -9999.0 -9999.0 -9999.0 -9999.0 -9999.0 -9999.0 -9999.0 -9999.0 -9999.0 -9999.0 -9999.0 -9999.0 -9999.0 -9999.0 -9999.0 -9999.0 -9999.0 -9999.0 -9999.0 -9999.0 -9999.0 -9999.0 -9999.0