inst/processing_geotop_simulation/geotop_simulation/out/maps3D/PwL0019N0040.asc
ncols         104
nrows         10
xllcorner     -2.000000
yllcorner     0.000000
cellsize      1.000000
NODATA_value  -9999.0
-9999.0 -9999.0 -9999.0 -9999.0 -9999.0 -9999.0 -9999.0 -9999.0 -9999.0 -9999.0 -9999.0 -9999.0 -9999.0 -9999.0 -9999.0 -9999.0 -9999.0 -9999.0 -9999.0 -9999.0 -9999.0 -9999.0 -9999.0 -9999.0 -9999.0 -9999.0 -9999.0 -9999.0 -9999.0 -9999.0 -9999.0 -9999.0 -9999.0 -9999.0 -9999.0 -9999.0 -9999.0 -9999.0 -9999.0 -9999.0 -9999.0 -9999.0 -9999.0 -9999.0 -9999.0 -9999.0 -9999.0 -9999.0 -9999.0 -9999.0 -9999.0 -9999.0 -9999.0 -9999.0 -9999.0 -9999.0 -9999.0 -9999.0 -9999.0 -9999.0 -9999.0 -9999.0 -9999.0 -9999.0 -9999.0 -9999.0 -9999.0 -9999.0 -9999.0 -9999.0 -9999.0 -9999.0 -9999.0 -9999.0 -9999.0 -9999.0 -9999.0 -9999.0 -9999.0 -9999.0 -9999.0 -9999.0 -9999.0 -9999.0 -9999.0 -9999.0 -9999.0 -9999.0 -9999.0 -9999.0 -9999.0 -9999.0 -9999.0 -9999.0 -9999.0 -9999.0 -9999.0 -9999.0 -9999.0 -9999.0 -9999.0 -9999.0 -9999.0 -9999.0
-9999.0 -9999.0 -9999.0 -9999.0 -9999.0 -9999.0 -9999.0 -9999.0 -9999.0 -9999.0 -9999.0 -9999.0 -9999.0 -9999.0 -9999.0 -9999.0 -9999.0 -9999.0 -9999.0 -9999.0 -9999.0 -9999.0 -9999.0 -9999.0 -9999.0 -9999.0 -9999.0 -9999.0 -9999.0 -9999.0 -9999.0 -9999.0 -9999.0 -9999.0 -9999.0 -9999.0 -9999.0 -9999.0 -9999.0 -9999.0 -9999.0 -9999.0 -9999.0 -9999.0 -9999.0 -9999.0 -9999.0 -9999.0 -9999.0 -9999.0 -9999.0 -9999.0 -9999.0 -9999.0 -9999.0 -9999.0 -9999.0 -9999.0 -9999.0 -9999.0 -9999.0 -9999.0 -9999.0 -9999.0 -9999.0 -9999.0 -9999.0 -9999.0 -9999.0 -9999.0 -9999.0 -9999.0 -9999.0 -9999.0 -9999.0 -9999.0 -9999.0 -9999.0 -9999.0 -9999.0 -9999.0 -9999.0 -9999.0 -9999.0 -9999.0 -9999.0 -9999.0 -9999.0 -9999.0 -9999.0 -9999.0 -9999.0 -9999.0 -9999.0 -9999.0 -9999.0 -9999.0 -9999.0 -9999.0 -9999.0 -9999.0 -9999.0 -9999.0 -9999.0
-9999.0 -9999.0 -568.988515 -601.089929 -617.190991 -626.662415 -632.475998 -635.979074 -638.082124 -639.018951 -636.295709 -630.871871 -621.696402 -604.369323 -575.335588 -545.407135 -519.711902 -498.553282 -481.902258 -455.259294 -409.564466 -360.225862 -309.312690 -262.413306 -315.564918 -369.959101 -422.573899 -471.060858 -513.536196 -548.787071 -576.481924 -597.127954 -611.813563 -621.839854 -628.436084 -632.631676 -635.243731 -637.041636 -638.591379 -638.616548 -639.151977 -670.666240 -2475.442390 -4034.221416 -4034.653462 -4034.653465 -4034.653465 -4034.653465 -4034.653465 -4034.653465 -4034.653465 -4034.653465 -4034.653465 -4034.653464 -4034.653461 -4034.653456 -4034.653439 -4034.653377 -4034.653136 -4034.652112 -4033.897161 -2364.933338 -659.910590 -644.263453 -640.837422 -639.830164 -639.596338 -639.549894 -639.544198 -639.547184 -639.551479 -639.555319 -639.558412 -639.560854 -639.562797 -639.564364 -639.565652 -639.566719 -639.567626 -639.568437 -639.569228 -639.570096 -639.571172 -639.572643 -639.574793 -639.578068 -639.583184 -639.591306 -639.604383 -639.625753 -639.661334 -639.722010 -639.828570 -640.022020 -640.385068 -641.086279 -642.469855 -645.243457 -650.936121 -663.461014 -696.355033 -789.062458 -9999.0 -9999.0
-9999.0 -9999.0 -568.988442 -601.089833 -617.190918 -626.662382 -632.475989 -635.979074 -638.082126 -639.018953 -636.295710 -630.871871 -621.696402 -604.369323 -575.335588 -545.407135 -519.711902 -498.553282 -481.902258 -455.259294 -409.564466 -360.225862 -309.312690 -262.413306 -315.564918 -369.959101 -422.573899 -471.060858 -513.536196 -548.787071 -576.481924 -597.127954 -611.813563 -621.839854 -628.436084 -632.631676 -635.243731 -637.041636 -638.591379 -638.616548 -639.151977 -670.666240 -2475.442389 -4034.221416 -4034.653462 -4034.653465 -4034.653465 -4034.653465 -4034.653465 -4034.653465 -4034.653465 -4034.653465 -4034.653465 -4034.653464 -4034.653461 -4034.653456 -4034.653439 -4034.653377 -4034.653136 -4034.652112 -4033.897161 -2364.933338 -659.910590 -644.263453 -640.837422 -639.830164 -639.596338 -639.549894 -639.544198 -639.547184 -639.551479 -639.555319 -639.558412 -639.560854 -639.562797 -639.564364 -639.565652 -639.566719 -639.567626 -639.568437 -639.569228 -639.570096 -639.571172 -639.572643 -639.574793 -639.578068 -639.583184 -639.591306 -639.604383 -639.625753 -639.661334 -639.722010 -639.828570 -640.022020 -640.385068 -641.086279 -642.469855 -645.243457 -650.936121 -663.461014 -696.355033 -789.062458 -9999.0 -9999.0
-9999.0 -9999.0 -568.988408 -601.089781 -617.190871 -626.662358 -632.475983 -635.979075 -638.082128 -639.018954 -636.295710 -630.871871 -621.696402 -604.369323 -575.335588 -545.407135 -519.711902 -498.553282 -481.902258 -455.259294 -409.564466 -360.225862 -309.312690 -262.413306 -315.564918 -369.959101 -422.573899 -471.060858 -513.536196 -548.787071 -576.481924 -597.127954 -611.813563 -621.839854 -628.436084 -632.631676 -635.243731 -637.041636 -638.591379 -638.616548 -639.151977 -670.666240 -2475.442389 -4034.221416 -4034.653462 -4034.653465 -4034.653465 -4034.653465 -4034.653465 -4034.653465 -4034.653465 -4034.653465 -4034.653465 -4034.653464 -4034.653461 -4034.653456 -4034.653439 -4034.653377 -4034.653136 -4034.652112 -4033.897161 -2364.933338 -659.910590 -644.263453 -640.837422 -639.830164 -639.596338 -639.549894 -639.544198 -639.547184 -639.551479 -639.555319 -639.558412 -639.560854 -639.562797 -639.564364 -639.565652 -639.566719 -639.567626 -639.568437 -639.569228 -639.570096 -639.571172 -639.572643 -639.574793 -639.578068 -639.583184 -639.591306 -639.604383 -639.625753 -639.661334 -639.722010 -639.828570 -640.022020 -640.385068 -641.086279 -642.469855 -645.243457 -650.936121 -663.461014 -696.355033 -789.062458 -9999.0 -9999.0
-9999.0 -9999.0 -568.988408 -601.089781 -617.190871 -626.662358 -632.475983 -635.979075 -638.082128 -639.018954 -636.295710 -630.871871 -621.696402 -604.369323 -575.335588 -545.407135 -519.711902 -498.553282 -481.902258 -455.259294 -409.564466 -360.225862 -309.312690 -262.413306 -315.564918 -369.959101 -422.573899 -471.060858 -513.536196 -548.787071 -576.481924 -597.127954 -611.813563 -621.839854 -628.436084 -632.631676 -635.243731 -637.041636 -638.591379 -638.616548 -639.151977 -670.666240 -2475.442389 -4034.221416 -4034.653462 -4034.653465 -4034.653465 -4034.653465 -4034.653465 -4034.653465 -4034.653465 -4034.653465 -4034.653465 -4034.653464 -4034.653461 -4034.653456 -4034.653439 -4034.653377 -4034.653136 -4034.652112 -4033.897161 -2364.933338 -659.910590 -644.263453 -640.837422 -639.830164 -639.596338 -639.549894 -639.544198 -639.547184 -639.551479 -639.555319 -639.558412 -639.560854 -639.562797 -639.564364 -639.565652 -639.566719 -639.567626 -639.568437 -639.569228 -639.570096 -639.571172 -639.572643 -639.574793 -639.578068 -639.583184 -639.591306 -639.604383 -639.625753 -639.661334 -639.722010 -639.828570 -640.022020 -640.385068 -641.086279 -642.469855 -645.243457 -650.936121 -663.461014 -696.355033 -789.062458 -9999.0 -9999.0
-9999.0 -9999.0 -568.988442 -601.089833 -617.190918 -626.662382 -632.475989 -635.979074 -638.082126 -639.018953 -636.295710 -630.871871 -621.696402 -604.369323 -575.335588 -545.407135 -519.711902 -498.553282 -481.902258 -455.259294 -409.564466 -360.225862 -309.312690 -262.413306 -315.564918 -369.959101 -422.573899 -471.060858 -513.536196 -548.787071 -576.481924 -597.127954 -611.813563 -621.839854 -628.436084 -632.631676 -635.243731 -637.041636 -638.591379 -638.616548 -639.151977 -670.666240 -2475.442389 -4034.221416 -4034.653462 -4034.653465 -4034.653465 -4034.653465 -4034.653465 -4034.653465 -4034.653465 -4034.653465 -4034.653465 -4034.653464 -4034.653461 -4034.653456 -4034.653439 -4034.653377 -4034.653136 -4034.652112 -4033.897161 -2364.933338 -659.910590 -644.263453 -640.837422 -639.830164 -639.596338 -639.549894 -639.544198 -639.547184 -639.551479 -639.555319 -639.558412 -639.560854 -639.562797 -639.564364 -639.565652 -639.566719 -639.567626 -639.568437 -639.569228 -639.570096 -639.571172 -639.572643 -639.574793 -639.578068 -639.583184 -639.591306 -639.604383 -639.625753 -639.661334 -639.722010 -639.828570 -640.022020 -640.385068 -641.086279 -642.469855 -645.243457 -650.936121 -663.461014 -696.355033 -789.062458 -9999.0 -9999.0
-9999.0 -9999.0 -568.988515 -601.089929 -617.190991 -626.662415 -632.475998 -635.979074 -638.082124 -639.018951 -636.295709 -630.871871 -621.696402 -604.369323 -575.335588 -545.407135 -519.711902 -498.553282 -481.902258 -455.259294 -409.564466 -360.225862 -309.312690 -262.413306 -315.564918 -369.959101 -422.573899 -471.060858 -513.536196 -548.787071 -576.481924 -597.127954 -611.813563 -621.839854 -628.436084 -632.631676 -635.243731 -637.041636 -638.591379 -638.616548 -639.151977 -670.666240 -2475.442390 -4034.221416 -4034.653462 -4034.653465 -4034.653465 -4034.653465 -4034.653465 -4034.653465 -4034.653465 -4034.653465 -4034.653465 -4034.653464 -4034.653461 -4034.653456 -4034.653439 -4034.653377 -4034.653136 -4034.652112 -4033.897161 -2364.933338 -659.910590 -644.263453 -640.837422 -639.830164 -639.596338 -639.549894 -639.544198 -639.547184 -639.551479 -639.555319 -639.558412 -639.560854 -639.562797 -639.564364 -639.565652 -639.566719 -639.567626 -639.568437 -639.569228 -639.570096 -639.571172 -639.572643 -639.574793 -639.578068 -639.583184 -639.591306 -639.604383 -639.625753 -639.661334 -639.722010 -639.828570 -640.022020 -640.385068 -641.086279 -642.469855 -645.243457 -650.936121 -663.461014 -696.355033 -789.062458 -9999.0 -9999.0
-9999.0 -9999.0 -9999.0 -9999.0 -9999.0 -9999.0 -9999.0 -9999.0 -9999.0 -9999.0 -9999.0 -9999.0 -9999.0 -9999.0 -9999.0 -9999.0 -9999.0 -9999.0 -9999.0 -9999.0 -9999.0 -9999.0 -9999.0 -9999.0 -9999.0 -9999.0 -9999.0 -9999.0 -9999.0 -9999.0 -9999.0 -9999.0 -9999.0 -9999.0 -9999.0 -9999.0 -9999.0 -9999.0 -9999.0 -9999.0 -9999.0 -9999.0 -9999.0 -9999.0 -9999.0 -9999.0 -9999.0 -9999.0 -9999.0 -9999.0 -9999.0 -9999.0 -9999.0 -9999.0 -9999.0 -9999.0 -9999.0 -9999.0 -9999.0 -9999.0 -9999.0 -9999.0 -9999.0 -9999.0 -9999.0 -9999.0 -9999.0 -9999.0 -9999.0 -9999.0 -9999.0 -9999.0 -9999.0 -9999.0 -9999.0 -9999.0 -9999.0 -9999.0 -9999.0 -9999.0 -9999.0 -9999.0 -9999.0 -9999.0 -9999.0 -9999.0 -9999.0 -9999.0 -9999.0 -9999.0 -9999.0 -9999.0 -9999.0 -9999.0 -9999.0 -9999.0 -9999.0 -9999.0 -9999.0 -9999.0 -9999.0 -9999.0 -9999.0 -9999.0
-9999.0 -9999.0 -9999.0 -9999.0 -9999.0 -9999.0 -9999.0 -9999.0 -9999.0 -9999.0 -9999.0 -9999.0 -9999.0 -9999.0 -9999.0 -9999.0 -9999.0 -9999.0 -9999.0 -9999.0 -9999.0 -9999.0 -9999.0 -9999.0 -9999.0 -9999.0 -9999.0 -9999.0 -9999.0 -9999.0 -9999.0 -9999.0 -9999.0 -9999.0 -9999.0 -9999.0 -9999.0 -9999.0 -9999.0 -9999.0 -9999.0 -9999.0 -9999.0 -9999.0 -9999.0 -9999.0 -9999.0 -9999.0 -9999.0 -9999.0 -9999.0 -9999.0 -9999.0 -9999.0 -9999.0 -9999.0 -9999.0 -9999.0 -9999.0 -9999.0 -9999.0 -9999.0 -9999.0 -9999.0 -9999.0 -9999.0 -9999.0 -9999.0 -9999.0 -9999.0 -9999.0 -9999.0 -9999.0 -9999.0 -9999.0 -9999.0 -9999.0 -9999.0 -9999.0 -9999.0 -9999.0 -9999.0 -9999.0 -9999.0 -9999.0 -9999.0 -9999.0 -9999.0 -9999.0 -9999.0 -9999.0 -9999.0 -9999.0 -9999.0 -9999.0 -9999.0 -9999.0 -9999.0 -9999.0 -9999.0 -9999.0 -9999.0 -9999.0 -9999.0