inst/processing_geotop_simulation/geotop_simulation/out/maps3D/PwL0022N0421.asc
ncols         104
nrows         10
xllcorner     -2.000000
yllcorner     0.000000
cellsize      1.000000
NODATA_value  -9999.0
-9999.0 -9999.0 -9999.0 -9999.0 -9999.0 -9999.0 -9999.0 -9999.0 -9999.0 -9999.0 -9999.0 -9999.0 -9999.0 -9999.0 -9999.0 -9999.0 -9999.0 -9999.0 -9999.0 -9999.0 -9999.0 -9999.0 -9999.0 -9999.0 -9999.0 -9999.0 -9999.0 -9999.0 -9999.0 -9999.0 -9999.0 -9999.0 -9999.0 -9999.0 -9999.0 -9999.0 -9999.0 -9999.0 -9999.0 -9999.0 -9999.0 -9999.0 -9999.0 -9999.0 -9999.0 -9999.0 -9999.0 -9999.0 -9999.0 -9999.0 -9999.0 -9999.0 -9999.0 -9999.0 -9999.0 -9999.0 -9999.0 -9999.0 -9999.0 -9999.0 -9999.0 -9999.0 -9999.0 -9999.0 -9999.0 -9999.0 -9999.0 -9999.0 -9999.0 -9999.0 -9999.0 -9999.0 -9999.0 -9999.0 -9999.0 -9999.0 -9999.0 -9999.0 -9999.0 -9999.0 -9999.0 -9999.0 -9999.0 -9999.0 -9999.0 -9999.0 -9999.0 -9999.0 -9999.0 -9999.0 -9999.0 -9999.0 -9999.0 -9999.0 -9999.0 -9999.0 -9999.0 -9999.0 -9999.0 -9999.0 -9999.0 -9999.0 -9999.0 -9999.0
-9999.0 -9999.0 -9999.0 -9999.0 -9999.0 -9999.0 -9999.0 -9999.0 -9999.0 -9999.0 -9999.0 -9999.0 -9999.0 -9999.0 -9999.0 -9999.0 -9999.0 -9999.0 -9999.0 -9999.0 -9999.0 -9999.0 -9999.0 -9999.0 -9999.0 -9999.0 -9999.0 -9999.0 -9999.0 -9999.0 -9999.0 -9999.0 -9999.0 -9999.0 -9999.0 -9999.0 -9999.0 -9999.0 -9999.0 -9999.0 -9999.0 -9999.0 -9999.0 -9999.0 -9999.0 -9999.0 -9999.0 -9999.0 -9999.0 -9999.0 -9999.0 -9999.0 -9999.0 -9999.0 -9999.0 -9999.0 -9999.0 -9999.0 -9999.0 -9999.0 -9999.0 -9999.0 -9999.0 -9999.0 -9999.0 -9999.0 -9999.0 -9999.0 -9999.0 -9999.0 -9999.0 -9999.0 -9999.0 -9999.0 -9999.0 -9999.0 -9999.0 -9999.0 -9999.0 -9999.0 -9999.0 -9999.0 -9999.0 -9999.0 -9999.0 -9999.0 -9999.0 -9999.0 -9999.0 -9999.0 -9999.0 -9999.0 -9999.0 -9999.0 -9999.0 -9999.0 -9999.0 -9999.0 -9999.0 -9999.0 -9999.0 -9999.0 -9999.0 -9999.0
-9999.0 -9999.0 1067.551308 968.375435 869.180185 769.893801 670.553048 571.187672 471.815120 372.445212 273.083531 173.733350 74.396681 -24.923040 -124.223693 -223.503021 -322.746248 -421.925880 -520.988607 -619.833884 -718.276040 -816.783581 -914.919420 -1012.496497 -1109.251666 -1198.780773 -1281.714906 -1356.190987 -1420.811795 -1474.918296 -1518.676653 -1552.955282 -1579.068522 -1598.499420 -1612.683947 -1622.887181 -1630.171254 -1635.474651 -1639.924521 -1645.631686 -1656.860746 -1682.500431 -1652.481506 -2333.481968 -3416.625987 -3381.867384 -2771.475516 -2452.259588 -2282.729489 -2173.689753 -2093.556592 -2024.160931 -1980.466399 -1951.546849 -1924.240355 -1895.085885 -1862.881785 -1827.837478 -1790.937253 -1752.637172 -1702.719860 -1464.884259 -1638.374174 -1649.651104 -1648.188346 -1647.119768 -1646.815197 -1646.750743 -1646.739417 -1646.738071 -1646.738410 -1646.738963 -1646.739486 -1646.739952 -1646.740371 -1646.740756 -1646.741118 -1646.741467 -1646.741809 -1646.742152 -1646.742504 -1646.742875 -1646.743280 -1646.743737 -1646.744278 -1646.744949 -1646.745829 -1646.747049 -1646.748832 -1646.751583 -1646.756050 -1646.763669 -1646.777269 -1646.802603 -1646.851773 -1646.951481 -1647.164326 -1647.646741 -1648.814488 -1651.851163 -1660.435190 -1687.289380 -9999.0 -9999.0
-9999.0 -9999.0 1067.553616 968.376373 869.180506 769.893908 670.553085 571.187686 471.815125 372.445214 273.083532 173.733351 74.396682 -24.923040 -124.223692 -223.503021 -322.746248 -421.925881 -520.988607 -619.833885 -718.276041 -816.783581 -914.919420 -1012.496497 -1109.251667 -1198.780773 -1281.714906 -1356.190987 -1420.811795 -1474.918296 -1518.676653 -1552.955282 -1579.068522 -1598.499420 -1612.683947 -1622.887181 -1630.171254 -1635.474651 -1639.924521 -1645.631686 -1656.860746 -1682.500431 -1652.481506 -2333.481967 -3416.625987 -3381.867384 -2771.475516 -2452.259587 -2282.729489 -2173.689752 -2093.556591 -2024.160931 -1980.466399 -1951.546849 -1924.240354 -1895.085885 -1862.881785 -1827.837478 -1790.937253 -1752.637172 -1702.719860 -1464.884259 -1638.374174 -1649.651104 -1648.188346 -1647.119768 -1646.815197 -1646.750743 -1646.739416 -1646.738071 -1646.738410 -1646.738963 -1646.739486 -1646.739952 -1646.740371 -1646.740756 -1646.741118 -1646.741467 -1646.741809 -1646.742152 -1646.742504 -1646.742875 -1646.743280 -1646.743737 -1646.744278 -1646.744949 -1646.745829 -1646.747048 -1646.748832 -1646.751583 -1646.756050 -1646.763669 -1646.777269 -1646.802603 -1646.851773 -1646.951481 -1647.164326 -1647.646741 -1648.814488 -1651.851163 -1660.435190 -1687.289380 -9999.0 -9999.0
-9999.0 -9999.0 1067.554582 968.376900 869.180732 769.893996 670.553118 571.187698 471.815130 372.445216 273.083533 173.733351 74.396682 -24.923040 -124.223692 -223.503021 -322.746248 -421.925881 -520.988608 -619.833885 -718.276041 -816.783581 -914.919421 -1012.496497 -1109.251667 -1198.780774 -1281.714906 -1356.190987 -1420.811795 -1474.918296 -1518.676653 -1552.955282 -1579.068522 -1598.499420 -1612.683947 -1622.887181 -1630.171254 -1635.474651 -1639.924521 -1645.631686 -1656.860746 -1682.500431 -1652.481506 -2333.481967 -3416.625986 -3381.867384 -2771.475516 -2452.259587 -2282.729489 -2173.689751 -2093.556591 -2024.160930 -1980.466398 -1951.546848 -1924.240354 -1895.085885 -1862.881785 -1827.837478 -1790.937253 -1752.637172 -1702.719859 -1464.884259 -1638.374173 -1649.651104 -1648.188346 -1647.119768 -1646.815197 -1646.750743 -1646.739416 -1646.738071 -1646.738410 -1646.738963 -1646.739486 -1646.739952 -1646.740371 -1646.740756 -1646.741118 -1646.741467 -1646.741809 -1646.742152 -1646.742504 -1646.742875 -1646.743280 -1646.743737 -1646.744278 -1646.744949 -1646.745829 -1646.747048 -1646.748832 -1646.751583 -1646.756050 -1646.763669 -1646.777269 -1646.802603 -1646.851773 -1646.951481 -1647.164326 -1647.646741 -1648.814488 -1651.851163 -1660.435190 -1687.289380 -9999.0 -9999.0
-9999.0 -9999.0 1067.554582 968.376900 869.180732 769.893996 670.553118 571.187698 471.815130 372.445216 273.083533 173.733351 74.396682 -24.923040 -124.223692 -223.503021 -322.746248 -421.925881 -520.988607 -619.833885 -718.276041 -816.783581 -914.919421 -1012.496497 -1109.251667 -1198.780774 -1281.714906 -1356.190987 -1420.811795 -1474.918296 -1518.676653 -1552.955282 -1579.068522 -1598.499420 -1612.683947 -1622.887181 -1630.171254 -1635.474651 -1639.924521 -1645.631686 -1656.860746 -1682.500431 -1652.481506 -2333.481967 -3416.625986 -3381.867384 -2771.475516 -2452.259587 -2282.729489 -2173.689752 -2093.556591 -2024.160930 -1980.466398 -1951.546849 -1924.240354 -1895.085885 -1862.881785 -1827.837478 -1790.937253 -1752.637172 -1702.719860 -1464.884259 -1638.374173 -1649.651104 -1648.188346 -1647.119768 -1646.815197 -1646.750743 -1646.739416 -1646.738071 -1646.738410 -1646.738963 -1646.739486 -1646.739952 -1646.740371 -1646.740756 -1646.741118 -1646.741467 -1646.741809 -1646.742152 -1646.742504 -1646.742875 -1646.743280 -1646.743737 -1646.744278 -1646.744949 -1646.745829 -1646.747048 -1646.748832 -1646.751583 -1646.756050 -1646.763669 -1646.777269 -1646.802603 -1646.851773 -1646.951481 -1647.164326 -1647.646741 -1648.814488 -1651.851163 -1660.435190 -1687.289380 -9999.0 -9999.0
-9999.0 -9999.0 1067.553616 968.376372 869.180506 769.893908 670.553085 571.187686 471.815126 372.445214 273.083532 173.733351 74.396682 -24.923040 -124.223692 -223.503021 -322.746248 -421.925880 -520.988607 -619.833885 -718.276041 -816.783581 -914.919420 -1012.496497 -1109.251667 -1198.780773 -1281.714906 -1356.190987 -1420.811795 -1474.918296 -1518.676653 -1552.955282 -1579.068522 -1598.499420 -1612.683947 -1622.887181 -1630.171254 -1635.474651 -1639.924521 -1645.631686 -1656.860746 -1682.500431 -1652.481506 -2333.481967 -3416.625987 -3381.867384 -2771.475516 -2452.259587 -2282.729489 -2173.689752 -2093.556591 -2024.160931 -1980.466399 -1951.546849 -1924.240355 -1895.085885 -1862.881785 -1827.837478 -1790.937253 -1752.637172 -1702.719860 -1464.884259 -1638.374173 -1649.651104 -1648.188346 -1647.119768 -1646.815197 -1646.750743 -1646.739416 -1646.738071 -1646.738410 -1646.738963 -1646.739486 -1646.739952 -1646.740371 -1646.740756 -1646.741118 -1646.741467 -1646.741809 -1646.742152 -1646.742504 -1646.742875 -1646.743280 -1646.743737 -1646.744278 -1646.744949 -1646.745829 -1646.747048 -1646.748832 -1646.751583 -1646.756050 -1646.763669 -1646.777269 -1646.802603 -1646.851773 -1646.951481 -1647.164326 -1647.646741 -1648.814488 -1651.851163 -1660.435190 -1687.289380 -9999.0 -9999.0
-9999.0 -9999.0 1067.551308 968.375435 869.180185 769.893801 670.553048 571.187672 471.815120 372.445212 273.083531 173.733350 74.396681 -24.923040 -124.223692 -223.503021 -322.746248 -421.925880 -520.988607 -619.833884 -718.276040 -816.783581 -914.919420 -1012.496497 -1109.251666 -1198.780773 -1281.714906 -1356.190987 -1420.811795 -1474.918296 -1518.676653 -1552.955282 -1579.068522 -1598.499420 -1612.683947 -1622.887181 -1630.171254 -1635.474651 -1639.924521 -1645.631686 -1656.860746 -1682.500431 -1652.481506 -2333.481968 -3416.625987 -3381.867384 -2771.475516 -2452.259588 -2282.729489 -2173.689753 -2093.556593 -2024.160931 -1980.466399 -1951.546849 -1924.240355 -1895.085885 -1862.881785 -1827.837478 -1790.937253 -1752.637172 -1702.719860 -1464.884259 -1638.374174 -1649.651104 -1648.188346 -1647.119768 -1646.815197 -1646.750743 -1646.739417 -1646.738071 -1646.738410 -1646.738963 -1646.739486 -1646.739952 -1646.740371 -1646.740756 -1646.741118 -1646.741467 -1646.741809 -1646.742152 -1646.742504 -1646.742875 -1646.743280 -1646.743737 -1646.744278 -1646.744949 -1646.745829 -1646.747049 -1646.748832 -1646.751583 -1646.756050 -1646.763669 -1646.777269 -1646.802603 -1646.851773 -1646.951481 -1647.164326 -1647.646741 -1648.814488 -1651.851163 -1660.435190 -1687.289380 -9999.0 -9999.0
-9999.0 -9999.0 -9999.0 -9999.0 -9999.0 -9999.0 -9999.0 -9999.0 -9999.0 -9999.0 -9999.0 -9999.0 -9999.0 -9999.0 -9999.0 -9999.0 -9999.0 -9999.0 -9999.0 -9999.0 -9999.0 -9999.0 -9999.0 -9999.0 -9999.0 -9999.0 -9999.0 -9999.0 -9999.0 -9999.0 -9999.0 -9999.0 -9999.0 -9999.0 -9999.0 -9999.0 -9999.0 -9999.0 -9999.0 -9999.0 -9999.0 -9999.0 -9999.0 -9999.0 -9999.0 -9999.0 -9999.0 -9999.0 -9999.0 -9999.0 -9999.0 -9999.0 -9999.0 -9999.0 -9999.0 -9999.0 -9999.0 -9999.0 -9999.0 -9999.0 -9999.0 -9999.0 -9999.0 -9999.0 -9999.0 -9999.0 -9999.0 -9999.0 -9999.0 -9999.0 -9999.0 -9999.0 -9999.0 -9999.0 -9999.0 -9999.0 -9999.0 -9999.0 -9999.0 -9999.0 -9999.0 -9999.0 -9999.0 -9999.0 -9999.0 -9999.0 -9999.0 -9999.0 -9999.0 -9999.0 -9999.0 -9999.0 -9999.0 -9999.0 -9999.0 -9999.0 -9999.0 -9999.0 -9999.0 -9999.0 -9999.0 -9999.0 -9999.0 -9999.0
-9999.0 -9999.0 -9999.0 -9999.0 -9999.0 -9999.0 -9999.0 -9999.0 -9999.0 -9999.0 -9999.0 -9999.0 -9999.0 -9999.0 -9999.0 -9999.0 -9999.0 -9999.0 -9999.0 -9999.0 -9999.0 -9999.0 -9999.0 -9999.0 -9999.0 -9999.0 -9999.0 -9999.0 -9999.0 -9999.0 -9999.0 -9999.0 -9999.0 -9999.0 -9999.0 -9999.0 -9999.0 -9999.0 -9999.0 -9999.0 -9999.0 -9999.0 -9999.0 -9999.0 -9999.0 -9999.0 -9999.0 -9999.0 -9999.0 -9999.0 -9999.0 -9999.0 -9999.0 -9999.0 -9999.0 -9999.0 -9999.0 -9999.0 -9999.0 -9999.0 -9999.0 -9999.0 -9999.0 -9999.0 -9999.0 -9999.0 -9999.0 -9999.0 -9999.0 -9999.0 -9999.0 -9999.0 -9999.0 -9999.0 -9999.0 -9999.0 -9999.0 -9999.0 -9999.0 -9999.0 -9999.0 -9999.0 -9999.0 -9999.0 -9999.0 -9999.0 -9999.0 -9999.0 -9999.0 -9999.0 -9999.0 -9999.0 -9999.0 -9999.0 -9999.0 -9999.0 -9999.0 -9999.0 -9999.0 -9999.0 -9999.0 -9999.0 -9999.0 -9999.0