inst/processing_geotop_simulation/geotop_simulation/out/maps3D/PwL0007N0182.asc
ncols         104
nrows         10
xllcorner     -2.000000
yllcorner     0.000000
cellsize      1.000000
NODATA_value  -9999.0
-9999.0 -9999.0 -9999.0 -9999.0 -9999.0 -9999.0 -9999.0 -9999.0 -9999.0 -9999.0 -9999.0 -9999.0 -9999.0 -9999.0 -9999.0 -9999.0 -9999.0 -9999.0 -9999.0 -9999.0 -9999.0 -9999.0 -9999.0 -9999.0 -9999.0 -9999.0 -9999.0 -9999.0 -9999.0 -9999.0 -9999.0 -9999.0 -9999.0 -9999.0 -9999.0 -9999.0 -9999.0 -9999.0 -9999.0 -9999.0 -9999.0 -9999.0 -9999.0 -9999.0 -9999.0 -9999.0 -9999.0 -9999.0 -9999.0 -9999.0 -9999.0 -9999.0 -9999.0 -9999.0 -9999.0 -9999.0 -9999.0 -9999.0 -9999.0 -9999.0 -9999.0 -9999.0 -9999.0 -9999.0 -9999.0 -9999.0 -9999.0 -9999.0 -9999.0 -9999.0 -9999.0 -9999.0 -9999.0 -9999.0 -9999.0 -9999.0 -9999.0 -9999.0 -9999.0 -9999.0 -9999.0 -9999.0 -9999.0 -9999.0 -9999.0 -9999.0 -9999.0 -9999.0 -9999.0 -9999.0 -9999.0 -9999.0 -9999.0 -9999.0 -9999.0 -9999.0 -9999.0 -9999.0 -9999.0 -9999.0 -9999.0 -9999.0 -9999.0 -9999.0
-9999.0 -9999.0 -9999.0 -9999.0 -9999.0 -9999.0 -9999.0 -9999.0 -9999.0 -9999.0 -9999.0 -9999.0 -9999.0 -9999.0 -9999.0 -9999.0 -9999.0 -9999.0 -9999.0 -9999.0 -9999.0 -9999.0 -9999.0 -9999.0 -9999.0 -9999.0 -9999.0 -9999.0 -9999.0 -9999.0 -9999.0 -9999.0 -9999.0 -9999.0 -9999.0 -9999.0 -9999.0 -9999.0 -9999.0 -9999.0 -9999.0 -9999.0 -9999.0 -9999.0 -9999.0 -9999.0 -9999.0 -9999.0 -9999.0 -9999.0 -9999.0 -9999.0 -9999.0 -9999.0 -9999.0 -9999.0 -9999.0 -9999.0 -9999.0 -9999.0 -9999.0 -9999.0 -9999.0 -9999.0 -9999.0 -9999.0 -9999.0 -9999.0 -9999.0 -9999.0 -9999.0 -9999.0 -9999.0 -9999.0 -9999.0 -9999.0 -9999.0 -9999.0 -9999.0 -9999.0 -9999.0 -9999.0 -9999.0 -9999.0 -9999.0 -9999.0 -9999.0 -9999.0 -9999.0 -9999.0 -9999.0 -9999.0 -9999.0 -9999.0 -9999.0 -9999.0 -9999.0 -9999.0 -9999.0 -9999.0 -9999.0 -9999.0 -9999.0 -9999.0
-9999.0 -9999.0 330.851352 238.659314 143.411828 47.037938 -49.776956 -146.768589 -243.804565 -340.777053 -437.561342 -533.885058 -629.198474 -723.473207 -817.814884 -912.090961 -1006.236956 -1099.264232 -1189.726459 -1275.062899 -1348.903803 -1407.813187 -1451.717737 -1482.846903 -1504.234182 -1518.692598 -1528.406599 -1534.917837 -1539.269183 -1542.161565 -1544.070957 -1545.322476 -1546.137681 -1546.666084 -1547.007488 -1547.229681 -1547.385580 -1547.542561 -1547.926449 -1549.789530 -1558.565925 -1578.560164 -1133.966928 -1185.495297 -1156.573814 -1138.743241 -1130.505796 -1129.390316 -1129.276849 -1129.290377 -1129.322314 -1129.356473 -1129.389268 -1129.419618 -1129.447670 -1129.479259 -1129.571660 -1130.210939 -1134.485328 -1144.185947 -1159.090019 -1090.350250 -1552.951348 -1553.379370 -1548.815126 -1547.893581 -1547.749386 -1547.727335 -1547.724612 -1547.725159 -1547.726126 -1547.726975 -1547.727638 -1547.728142 -1547.728527 -1547.728825 -1547.729061 -1547.729252 -1547.729411 -1547.729551 -1547.729689 -1547.729842 -1547.730034 -1547.730300 -1547.730695 -1547.731301 -1547.732255 -1547.733781 -1547.736258 -1547.740351 -1547.747256 -1547.759210 -1547.780516 -1547.819644 -1547.893501 -1548.036282 -1548.318879 -1548.896103 -1550.134321 -1552.983213 -1560.226562 -1582.356252 -9999.0 -9999.0
-9999.0 -9999.0 330.859850 238.661378 143.412376 47.038101 -49.776905 -146.768572 -243.804559 -340.777051 -437.561341 -533.885058 -629.198474 -723.473207 -817.814885 -912.090961 -1006.236956 -1099.264232 -1189.726459 -1275.062899 -1348.903804 -1407.813187 -1451.717737 -1482.846904 -1504.234182 -1518.692598 -1528.406599 -1534.917837 -1539.269183 -1542.161565 -1544.070957 -1545.322476 -1546.137681 -1546.666084 -1547.007488 -1547.229681 -1547.385580 -1547.542561 -1547.926449 -1549.789530 -1558.565925 -1578.560164 -1133.966928 -1185.495297 -1156.573814 -1138.743240 -1130.505796 -1129.390316 -1129.276849 -1129.290377 -1129.322314 -1129.356473 -1129.389268 -1129.419618 -1129.447670 -1129.479259 -1129.571660 -1130.210939 -1134.485328 -1144.185947 -1159.090019 -1090.350250 -1552.951348 -1553.379370 -1548.815126 -1547.893581 -1547.749386 -1547.727335 -1547.724612 -1547.725159 -1547.726126 -1547.726975 -1547.727638 -1547.728142 -1547.728527 -1547.728825 -1547.729061 -1547.729252 -1547.729411 -1547.729551 -1547.729689 -1547.729842 -1547.730034 -1547.730300 -1547.730695 -1547.731301 -1547.732255 -1547.733781 -1547.736258 -1547.740351 -1547.747256 -1547.759210 -1547.780516 -1547.819644 -1547.893501 -1548.036282 -1548.318879 -1548.896103 -1550.134321 -1552.983213 -1560.226562 -1582.356252 -9999.0 -9999.0
-9999.0 -9999.0 330.861459 238.662253 143.412725 47.038228 -49.776860 -146.768556 -243.804553 -340.777049 -437.561340 -533.885057 -629.198473 -723.473207 -817.814885 -912.090961 -1006.236957 -1099.264232 -1189.726459 -1275.062899 -1348.903804 -1407.813187 -1451.717737 -1482.846904 -1504.234182 -1518.692598 -1528.406599 -1534.917837 -1539.269183 -1542.161565 -1544.070957 -1545.322476 -1546.137681 -1546.666084 -1547.007488 -1547.229681 -1547.385580 -1547.542561 -1547.926449 -1549.789530 -1558.565925 -1578.560164 -1133.966928 -1185.495297 -1156.573814 -1138.743240 -1130.505796 -1129.390316 -1129.276849 -1129.290377 -1129.322314 -1129.356473 -1129.389268 -1129.419618 -1129.447670 -1129.479259 -1129.571660 -1130.210939 -1134.485328 -1144.185947 -1159.090019 -1090.350250 -1552.951348 -1553.379370 -1548.815126 -1547.893581 -1547.749386 -1547.727335 -1547.724612 -1547.725159 -1547.726126 -1547.726975 -1547.727638 -1547.728142 -1547.728527 -1547.728825 -1547.729061 -1547.729252 -1547.729411 -1547.729551 -1547.729689 -1547.729842 -1547.730034 -1547.730300 -1547.730695 -1547.731301 -1547.732255 -1547.733781 -1547.736258 -1547.740351 -1547.747256 -1547.759210 -1547.780516 -1547.819644 -1547.893501 -1548.036282 -1548.318879 -1548.896103 -1550.134321 -1552.983213 -1560.226562 -1582.356252 -9999.0 -9999.0
-9999.0 -9999.0 330.861459 238.662253 143.412725 47.038228 -49.776860 -146.768556 -243.804553 -340.777049 -437.561341 -533.885057 -629.198473 -723.473207 -817.814885 -912.090961 -1006.236957 -1099.264232 -1189.726459 -1275.062899 -1348.903804 -1407.813187 -1451.717737 -1482.846904 -1504.234182 -1518.692598 -1528.406599 -1534.917837 -1539.269183 -1542.161565 -1544.070957 -1545.322476 -1546.137681 -1546.666084 -1547.007488 -1547.229681 -1547.385580 -1547.542561 -1547.926449 -1549.789530 -1558.565925 -1578.560164 -1133.966928 -1185.495297 -1156.573814 -1138.743240 -1130.505796 -1129.390316 -1129.276849 -1129.290377 -1129.322314 -1129.356473 -1129.389268 -1129.419618 -1129.447670 -1129.479259 -1129.571660 -1130.210939 -1134.485328 -1144.185947 -1159.090019 -1090.350250 -1552.951348 -1553.379370 -1548.815126 -1547.893581 -1547.749386 -1547.727335 -1547.724612 -1547.725159 -1547.726126 -1547.726975 -1547.727638 -1547.728142 -1547.728527 -1547.728825 -1547.729061 -1547.729252 -1547.729411 -1547.729551 -1547.729689 -1547.729842 -1547.730034 -1547.730300 -1547.730695 -1547.731301 -1547.732255 -1547.733781 -1547.736258 -1547.740351 -1547.747256 -1547.759210 -1547.780516 -1547.819644 -1547.893501 -1548.036282 -1548.318879 -1548.896103 -1550.134321 -1552.983213 -1560.226562 -1582.356252 -9999.0 -9999.0
-9999.0 -9999.0 330.859850 238.661378 143.412376 47.038100 -49.776905 -146.768572 -243.804559 -340.777051 -437.561341 -533.885058 -629.198473 -723.473207 -817.814885 -912.090961 -1006.236956 -1099.264232 -1189.726459 -1275.062899 -1348.903804 -1407.813187 -1451.717737 -1482.846904 -1504.234182 -1518.692598 -1528.406599 -1534.917837 -1539.269183 -1542.161565 -1544.070957 -1545.322476 -1546.137681 -1546.666084 -1547.007488 -1547.229681 -1547.385580 -1547.542561 -1547.926449 -1549.789530 -1558.565925 -1578.560164 -1133.966928 -1185.495297 -1156.573814 -1138.743240 -1130.505796 -1129.390316 -1129.276849 -1129.290377 -1129.322314 -1129.356473 -1129.389268 -1129.419618 -1129.447670 -1129.479259 -1129.571660 -1130.210939 -1134.485328 -1144.185947 -1159.090019 -1090.350250 -1552.951348 -1553.379370 -1548.815126 -1547.893581 -1547.749386 -1547.727335 -1547.724612 -1547.725159 -1547.726126 -1547.726975 -1547.727638 -1547.728142 -1547.728527 -1547.728825 -1547.729061 -1547.729252 -1547.729411 -1547.729551 -1547.729689 -1547.729842 -1547.730034 -1547.730300 -1547.730695 -1547.731301 -1547.732255 -1547.733781 -1547.736258 -1547.740351 -1547.747256 -1547.759210 -1547.780516 -1547.819644 -1547.893501 -1548.036282 -1548.318879 -1548.896103 -1550.134321 -1552.983213 -1560.226562 -1582.356252 -9999.0 -9999.0
-9999.0 -9999.0 330.851352 238.659314 143.411828 47.037938 -49.776957 -146.768589 -243.804565 -340.777053 -437.561342 -533.885058 -629.198474 -723.473207 -817.814885 -912.090961 -1006.236956 -1099.264232 -1189.726459 -1275.062899 -1348.903803 -1407.813187 -1451.717737 -1482.846903 -1504.234182 -1518.692598 -1528.406599 -1534.917837 -1539.269183 -1542.161565 -1544.070957 -1545.322476 -1546.137681 -1546.666084 -1547.007488 -1547.229681 -1547.385580 -1547.542561 -1547.926449 -1549.789530 -1558.565925 -1578.560164 -1133.966928 -1185.495297 -1156.573814 -1138.743241 -1130.505796 -1129.390316 -1129.276849 -1129.290377 -1129.322314 -1129.356473 -1129.389268 -1129.419618 -1129.447670 -1129.479259 -1129.571660 -1130.210939 -1134.485328 -1144.185947 -1159.090019 -1090.350250 -1552.951348 -1553.379370 -1548.815126 -1547.893581 -1547.749386 -1547.727335 -1547.724612 -1547.725159 -1547.726126 -1547.726975 -1547.727638 -1547.728142 -1547.728527 -1547.728825 -1547.729061 -1547.729252 -1547.729411 -1547.729551 -1547.729689 -1547.729842 -1547.730034 -1547.730300 -1547.730695 -1547.731301 -1547.732255 -1547.733781 -1547.736258 -1547.740351 -1547.747256 -1547.759210 -1547.780516 -1547.819644 -1547.893501 -1548.036282 -1548.318879 -1548.896103 -1550.134321 -1552.983213 -1560.226562 -1582.356252 -9999.0 -9999.0
-9999.0 -9999.0 -9999.0 -9999.0 -9999.0 -9999.0 -9999.0 -9999.0 -9999.0 -9999.0 -9999.0 -9999.0 -9999.0 -9999.0 -9999.0 -9999.0 -9999.0 -9999.0 -9999.0 -9999.0 -9999.0 -9999.0 -9999.0 -9999.0 -9999.0 -9999.0 -9999.0 -9999.0 -9999.0 -9999.0 -9999.0 -9999.0 -9999.0 -9999.0 -9999.0 -9999.0 -9999.0 -9999.0 -9999.0 -9999.0 -9999.0 -9999.0 -9999.0 -9999.0 -9999.0 -9999.0 -9999.0 -9999.0 -9999.0 -9999.0 -9999.0 -9999.0 -9999.0 -9999.0 -9999.0 -9999.0 -9999.0 -9999.0 -9999.0 -9999.0 -9999.0 -9999.0 -9999.0 -9999.0 -9999.0 -9999.0 -9999.0 -9999.0 -9999.0 -9999.0 -9999.0 -9999.0 -9999.0 -9999.0 -9999.0 -9999.0 -9999.0 -9999.0 -9999.0 -9999.0 -9999.0 -9999.0 -9999.0 -9999.0 -9999.0 -9999.0 -9999.0 -9999.0 -9999.0 -9999.0 -9999.0 -9999.0 -9999.0 -9999.0 -9999.0 -9999.0 -9999.0 -9999.0 -9999.0 -9999.0 -9999.0 -9999.0 -9999.0 -9999.0
-9999.0 -9999.0 -9999.0 -9999.0 -9999.0 -9999.0 -9999.0 -9999.0 -9999.0 -9999.0 -9999.0 -9999.0 -9999.0 -9999.0 -9999.0 -9999.0 -9999.0 -9999.0 -9999.0 -9999.0 -9999.0 -9999.0 -9999.0 -9999.0 -9999.0 -9999.0 -9999.0 -9999.0 -9999.0 -9999.0 -9999.0 -9999.0 -9999.0 -9999.0 -9999.0 -9999.0 -9999.0 -9999.0 -9999.0 -9999.0 -9999.0 -9999.0 -9999.0 -9999.0 -9999.0 -9999.0 -9999.0 -9999.0 -9999.0 -9999.0 -9999.0 -9999.0 -9999.0 -9999.0 -9999.0 -9999.0 -9999.0 -9999.0 -9999.0 -9999.0 -9999.0 -9999.0 -9999.0 -9999.0 -9999.0 -9999.0 -9999.0 -9999.0 -9999.0 -9999.0 -9999.0 -9999.0 -9999.0 -9999.0 -9999.0 -9999.0 -9999.0 -9999.0 -9999.0 -9999.0 -9999.0 -9999.0 -9999.0 -9999.0 -9999.0 -9999.0 -9999.0 -9999.0 -9999.0 -9999.0 -9999.0 -9999.0 -9999.0 -9999.0 -9999.0 -9999.0 -9999.0 -9999.0 -9999.0 -9999.0 -9999.0 -9999.0 -9999.0 -9999.0