inst/processing_geotop_simulation/geotop_simulation/out/maps3D/PwL0005N0209.asc
ncols         104
nrows         10
xllcorner     -2.000000
yllcorner     0.000000
cellsize      1.000000
NODATA_value  -9999.0
-9999.0 -9999.0 -9999.0 -9999.0 -9999.0 -9999.0 -9999.0 -9999.0 -9999.0 -9999.0 -9999.0 -9999.0 -9999.0 -9999.0 -9999.0 -9999.0 -9999.0 -9999.0 -9999.0 -9999.0 -9999.0 -9999.0 -9999.0 -9999.0 -9999.0 -9999.0 -9999.0 -9999.0 -9999.0 -9999.0 -9999.0 -9999.0 -9999.0 -9999.0 -9999.0 -9999.0 -9999.0 -9999.0 -9999.0 -9999.0 -9999.0 -9999.0 -9999.0 -9999.0 -9999.0 -9999.0 -9999.0 -9999.0 -9999.0 -9999.0 -9999.0 -9999.0 -9999.0 -9999.0 -9999.0 -9999.0 -9999.0 -9999.0 -9999.0 -9999.0 -9999.0 -9999.0 -9999.0 -9999.0 -9999.0 -9999.0 -9999.0 -9999.0 -9999.0 -9999.0 -9999.0 -9999.0 -9999.0 -9999.0 -9999.0 -9999.0 -9999.0 -9999.0 -9999.0 -9999.0 -9999.0 -9999.0 -9999.0 -9999.0 -9999.0 -9999.0 -9999.0 -9999.0 -9999.0 -9999.0 -9999.0 -9999.0 -9999.0 -9999.0 -9999.0 -9999.0 -9999.0 -9999.0 -9999.0 -9999.0 -9999.0 -9999.0 -9999.0 -9999.0
-9999.0 -9999.0 -9999.0 -9999.0 -9999.0 -9999.0 -9999.0 -9999.0 -9999.0 -9999.0 -9999.0 -9999.0 -9999.0 -9999.0 -9999.0 -9999.0 -9999.0 -9999.0 -9999.0 -9999.0 -9999.0 -9999.0 -9999.0 -9999.0 -9999.0 -9999.0 -9999.0 -9999.0 -9999.0 -9999.0 -9999.0 -9999.0 -9999.0 -9999.0 -9999.0 -9999.0 -9999.0 -9999.0 -9999.0 -9999.0 -9999.0 -9999.0 -9999.0 -9999.0 -9999.0 -9999.0 -9999.0 -9999.0 -9999.0 -9999.0 -9999.0 -9999.0 -9999.0 -9999.0 -9999.0 -9999.0 -9999.0 -9999.0 -9999.0 -9999.0 -9999.0 -9999.0 -9999.0 -9999.0 -9999.0 -9999.0 -9999.0 -9999.0 -9999.0 -9999.0 -9999.0 -9999.0 -9999.0 -9999.0 -9999.0 -9999.0 -9999.0 -9999.0 -9999.0 -9999.0 -9999.0 -9999.0 -9999.0 -9999.0 -9999.0 -9999.0 -9999.0 -9999.0 -9999.0 -9999.0 -9999.0 -9999.0 -9999.0 -9999.0 -9999.0 -9999.0 -9999.0 -9999.0 -9999.0 -9999.0 -9999.0 -9999.0 -9999.0 -9999.0
-9999.0 -9999.0 229.000520 135.743957 39.502278 -57.661358 -155.182483 -252.841037 -350.509428 -448.096984 -545.459579 -642.224951 -738.183625 -833.598867 -928.656249 -1023.898533 -1118.195125 -1210.094589 -1299.889992 -1385.119657 -1460.224749 -1521.181099 -1567.290800 -1600.429119 -1623.485259 -1639.246557 -1649.932625 -1657.145688 -1661.992225 -1665.228400 -1667.373463 -1668.784801 -1669.707348 -1670.307267 -1670.696103 -1670.949815 -1671.127105 -1671.303117 -1671.730550 -1673.677097 -1681.461339 -1681.486328 -1088.374550 -1103.406795 -1086.711858 -1076.142761 -1071.210248 -1070.506691 -1070.433898 -1070.442734 -1070.463536 -1070.485802 -1070.507188 -1070.526984 -1070.545298 -1070.566054 -1070.627183 -1071.040529 -1073.638796 -1079.485722 -1088.194783 -1061.634077 -1657.726749 -1676.118458 -1672.597465 -1671.678448 -1671.524194 -1671.500334 -1671.497257 -1671.497636 -1671.498480 -1671.499237 -1671.499830 -1671.500282 -1671.500628 -1671.500896 -1671.501109 -1671.501280 -1671.501423 -1671.501550 -1671.501674 -1671.501813 -1671.501987 -1671.502230 -1671.502589 -1671.503141 -1671.504009 -1671.505400 -1671.507660 -1671.511400 -1671.517720 -1671.528685 -1671.548271 -1671.584315 -1671.652485 -1671.784576 -1672.046956 -1672.586071 -1673.752489 -1676.468018 -1683.506488 -1705.583695 -9999.0 -9999.0
-9999.0 -9999.0 229.010203 135.746067 39.502822 -57.661199 -155.182432 -252.841020 -350.509421 -448.096982 -545.459578 -642.224950 -738.183625 -833.598867 -928.656249 -1023.898533 -1118.195125 -1210.094589 -1299.889992 -1385.119657 -1460.224749 -1521.181099 -1567.290800 -1600.429119 -1623.485259 -1639.246557 -1649.932625 -1657.145688 -1661.992225 -1665.228400 -1667.373463 -1668.784801 -1669.707348 -1670.307267 -1670.696103 -1670.949815 -1671.127105 -1671.303117 -1671.730550 -1673.677097 -1681.461339 -1681.486328 -1088.374550 -1103.406795 -1086.711858 -1076.142761 -1071.210248 -1070.506691 -1070.433898 -1070.442734 -1070.463536 -1070.485802 -1070.507188 -1070.526984 -1070.545298 -1070.566054 -1070.627183 -1071.040529 -1073.638796 -1079.485722 -1088.194783 -1061.634077 -1657.726749 -1676.118458 -1672.597465 -1671.678448 -1671.524194 -1671.500334 -1671.497257 -1671.497636 -1671.498480 -1671.499237 -1671.499830 -1671.500282 -1671.500628 -1671.500896 -1671.501109 -1671.501280 -1671.501423 -1671.501550 -1671.501674 -1671.501813 -1671.501987 -1671.502230 -1671.502589 -1671.503141 -1671.504009 -1671.505400 -1671.507660 -1671.511400 -1671.517720 -1671.528685 -1671.548271 -1671.584315 -1671.652485 -1671.784576 -1672.046956 -1672.586071 -1673.752489 -1676.468018 -1683.506488 -1705.583695 -9999.0 -9999.0
-9999.0 -9999.0 229.011724 135.746936 39.503167 -57.661074 -155.182388 -252.841004 -350.509416 -448.096980 -545.459577 -642.224950 -738.183624 -833.598867 -928.656249 -1023.898533 -1118.195125 -1210.094589 -1299.889992 -1385.119658 -1460.224749 -1521.181099 -1567.290800 -1600.429119 -1623.485259 -1639.246557 -1649.932625 -1657.145688 -1661.992225 -1665.228400 -1667.373463 -1668.784801 -1669.707348 -1670.307267 -1670.696103 -1670.949815 -1671.127105 -1671.303117 -1671.730550 -1673.677097 -1681.461339 -1681.486328 -1088.374550 -1103.406795 -1086.711858 -1076.142761 -1071.210248 -1070.506691 -1070.433898 -1070.442734 -1070.463536 -1070.485802 -1070.507188 -1070.526984 -1070.545298 -1070.566054 -1070.627183 -1071.040529 -1073.638796 -1079.485722 -1088.194783 -1061.634077 -1657.726749 -1676.118458 -1672.597465 -1671.678448 -1671.524194 -1671.500334 -1671.497257 -1671.497636 -1671.498480 -1671.499237 -1671.499830 -1671.500282 -1671.500628 -1671.500896 -1671.501109 -1671.501280 -1671.501423 -1671.501550 -1671.501674 -1671.501813 -1671.501987 -1671.502230 -1671.502589 -1671.503141 -1671.504009 -1671.505400 -1671.507660 -1671.511400 -1671.517720 -1671.528685 -1671.548271 -1671.584315 -1671.652485 -1671.784576 -1672.046956 -1672.586071 -1673.752489 -1676.468018 -1683.506488 -1705.583695 -9999.0 -9999.0
-9999.0 -9999.0 229.011724 135.746936 39.503167 -57.661074 -155.182388 -252.841004 -350.509416 -448.096980 -545.459577 -642.224950 -738.183624 -833.598867 -928.656249 -1023.898533 -1118.195125 -1210.094589 -1299.889992 -1385.119658 -1460.224749 -1521.181099 -1567.290800 -1600.429119 -1623.485259 -1639.246557 -1649.932625 -1657.145688 -1661.992225 -1665.228400 -1667.373463 -1668.784801 -1669.707348 -1670.307267 -1670.696103 -1670.949815 -1671.127105 -1671.303117 -1671.730550 -1673.677097 -1681.461339 -1681.486328 -1088.374550 -1103.406795 -1086.711858 -1076.142761 -1071.210248 -1070.506691 -1070.433898 -1070.442734 -1070.463536 -1070.485802 -1070.507188 -1070.526984 -1070.545298 -1070.566054 -1070.627183 -1071.040529 -1073.638796 -1079.485722 -1088.194783 -1061.634077 -1657.726749 -1676.118458 -1672.597465 -1671.678448 -1671.524194 -1671.500334 -1671.497257 -1671.497636 -1671.498480 -1671.499237 -1671.499830 -1671.500282 -1671.500628 -1671.500896 -1671.501109 -1671.501280 -1671.501423 -1671.501550 -1671.501674 -1671.501813 -1671.501987 -1671.502230 -1671.502589 -1671.503141 -1671.504009 -1671.505400 -1671.507660 -1671.511400 -1671.517720 -1671.528685 -1671.548271 -1671.584315 -1671.652485 -1671.784576 -1672.046956 -1672.586071 -1673.752489 -1676.468018 -1683.506488 -1705.583695 -9999.0 -9999.0
-9999.0 -9999.0 229.010203 135.746067 39.502822 -57.661199 -155.182432 -252.841020 -350.509421 -448.096982 -545.459578 -642.224950 -738.183625 -833.598867 -928.656249 -1023.898533 -1118.195125 -1210.094589 -1299.889992 -1385.119657 -1460.224749 -1521.181099 -1567.290800 -1600.429119 -1623.485259 -1639.246557 -1649.932625 -1657.145688 -1661.992225 -1665.228400 -1667.373463 -1668.784801 -1669.707348 -1670.307267 -1670.696103 -1670.949815 -1671.127105 -1671.303117 -1671.730550 -1673.677097 -1681.461339 -1681.486328 -1088.374550 -1103.406795 -1086.711858 -1076.142761 -1071.210248 -1070.506691 -1070.433898 -1070.442734 -1070.463536 -1070.485802 -1070.507188 -1070.526984 -1070.545298 -1070.566054 -1070.627183 -1071.040529 -1073.638796 -1079.485722 -1088.194783 -1061.634077 -1657.726749 -1676.118458 -1672.597465 -1671.678448 -1671.524194 -1671.500334 -1671.497257 -1671.497636 -1671.498480 -1671.499237 -1671.499830 -1671.500282 -1671.500628 -1671.500896 -1671.501109 -1671.501280 -1671.501423 -1671.501550 -1671.501674 -1671.501813 -1671.501987 -1671.502230 -1671.502589 -1671.503141 -1671.504009 -1671.505400 -1671.507660 -1671.511400 -1671.517720 -1671.528685 -1671.548271 -1671.584315 -1671.652485 -1671.784576 -1672.046956 -1672.586071 -1673.752489 -1676.468018 -1683.506488 -1705.583695 -9999.0 -9999.0
-9999.0 -9999.0 229.000520 135.743957 39.502278 -57.661358 -155.182483 -252.841037 -350.509428 -448.096984 -545.459579 -642.224951 -738.183625 -833.598867 -928.656249 -1023.898533 -1118.195125 -1210.094589 -1299.889992 -1385.119657 -1460.224749 -1521.181099 -1567.290800 -1600.429119 -1623.485259 -1639.246557 -1649.932625 -1657.145688 -1661.992225 -1665.228400 -1667.373463 -1668.784801 -1669.707348 -1670.307267 -1670.696103 -1670.949815 -1671.127105 -1671.303117 -1671.730550 -1673.677097 -1681.461339 -1681.486328 -1088.374550 -1103.406795 -1086.711858 -1076.142761 -1071.210248 -1070.506691 -1070.433898 -1070.442734 -1070.463536 -1070.485802 -1070.507188 -1070.526984 -1070.545298 -1070.566054 -1070.627183 -1071.040529 -1073.638796 -1079.485722 -1088.194783 -1061.634077 -1657.726749 -1676.118458 -1672.597465 -1671.678448 -1671.524194 -1671.500334 -1671.497257 -1671.497636 -1671.498480 -1671.499237 -1671.499830 -1671.500282 -1671.500628 -1671.500896 -1671.501109 -1671.501280 -1671.501423 -1671.501550 -1671.501674 -1671.501813 -1671.501987 -1671.502230 -1671.502589 -1671.503141 -1671.504009 -1671.505400 -1671.507660 -1671.511400 -1671.517720 -1671.528685 -1671.548271 -1671.584315 -1671.652485 -1671.784576 -1672.046956 -1672.586071 -1673.752489 -1676.468018 -1683.506488 -1705.583695 -9999.0 -9999.0
-9999.0 -9999.0 -9999.0 -9999.0 -9999.0 -9999.0 -9999.0 -9999.0 -9999.0 -9999.0 -9999.0 -9999.0 -9999.0 -9999.0 -9999.0 -9999.0 -9999.0 -9999.0 -9999.0 -9999.0 -9999.0 -9999.0 -9999.0 -9999.0 -9999.0 -9999.0 -9999.0 -9999.0 -9999.0 -9999.0 -9999.0 -9999.0 -9999.0 -9999.0 -9999.0 -9999.0 -9999.0 -9999.0 -9999.0 -9999.0 -9999.0 -9999.0 -9999.0 -9999.0 -9999.0 -9999.0 -9999.0 -9999.0 -9999.0 -9999.0 -9999.0 -9999.0 -9999.0 -9999.0 -9999.0 -9999.0 -9999.0 -9999.0 -9999.0 -9999.0 -9999.0 -9999.0 -9999.0 -9999.0 -9999.0 -9999.0 -9999.0 -9999.0 -9999.0 -9999.0 -9999.0 -9999.0 -9999.0 -9999.0 -9999.0 -9999.0 -9999.0 -9999.0 -9999.0 -9999.0 -9999.0 -9999.0 -9999.0 -9999.0 -9999.0 -9999.0 -9999.0 -9999.0 -9999.0 -9999.0 -9999.0 -9999.0 -9999.0 -9999.0 -9999.0 -9999.0 -9999.0 -9999.0 -9999.0 -9999.0 -9999.0 -9999.0 -9999.0 -9999.0
-9999.0 -9999.0 -9999.0 -9999.0 -9999.0 -9999.0 -9999.0 -9999.0 -9999.0 -9999.0 -9999.0 -9999.0 -9999.0 -9999.0 -9999.0 -9999.0 -9999.0 -9999.0 -9999.0 -9999.0 -9999.0 -9999.0 -9999.0 -9999.0 -9999.0 -9999.0 -9999.0 -9999.0 -9999.0 -9999.0 -9999.0 -9999.0 -9999.0 -9999.0 -9999.0 -9999.0 -9999.0 -9999.0 -9999.0 -9999.0 -9999.0 -9999.0 -9999.0 -9999.0 -9999.0 -9999.0 -9999.0 -9999.0 -9999.0 -9999.0 -9999.0 -9999.0 -9999.0 -9999.0 -9999.0 -9999.0 -9999.0 -9999.0 -9999.0 -9999.0 -9999.0 -9999.0 -9999.0 -9999.0 -9999.0 -9999.0 -9999.0 -9999.0 -9999.0 -9999.0 -9999.0 -9999.0 -9999.0 -9999.0 -9999.0 -9999.0 -9999.0 -9999.0 -9999.0 -9999.0 -9999.0 -9999.0 -9999.0 -9999.0 -9999.0 -9999.0 -9999.0 -9999.0 -9999.0 -9999.0 -9999.0 -9999.0 -9999.0 -9999.0 -9999.0 -9999.0 -9999.0 -9999.0 -9999.0 -9999.0 -9999.0 -9999.0 -9999.0 -9999.0