inst/processing_geotop_simulation/geotop_simulation/out/maps3D/PwL0022N0376.asc
ncols         104
nrows         10
xllcorner     -2.000000
yllcorner     0.000000
cellsize      1.000000
NODATA_value  -9999.0
-9999.0 -9999.0 -9999.0 -9999.0 -9999.0 -9999.0 -9999.0 -9999.0 -9999.0 -9999.0 -9999.0 -9999.0 -9999.0 -9999.0 -9999.0 -9999.0 -9999.0 -9999.0 -9999.0 -9999.0 -9999.0 -9999.0 -9999.0 -9999.0 -9999.0 -9999.0 -9999.0 -9999.0 -9999.0 -9999.0 -9999.0 -9999.0 -9999.0 -9999.0 -9999.0 -9999.0 -9999.0 -9999.0 -9999.0 -9999.0 -9999.0 -9999.0 -9999.0 -9999.0 -9999.0 -9999.0 -9999.0 -9999.0 -9999.0 -9999.0 -9999.0 -9999.0 -9999.0 -9999.0 -9999.0 -9999.0 -9999.0 -9999.0 -9999.0 -9999.0 -9999.0 -9999.0 -9999.0 -9999.0 -9999.0 -9999.0 -9999.0 -9999.0 -9999.0 -9999.0 -9999.0 -9999.0 -9999.0 -9999.0 -9999.0 -9999.0 -9999.0 -9999.0 -9999.0 -9999.0 -9999.0 -9999.0 -9999.0 -9999.0 -9999.0 -9999.0 -9999.0 -9999.0 -9999.0 -9999.0 -9999.0 -9999.0 -9999.0 -9999.0 -9999.0 -9999.0 -9999.0 -9999.0 -9999.0 -9999.0 -9999.0 -9999.0 -9999.0 -9999.0
-9999.0 -9999.0 -9999.0 -9999.0 -9999.0 -9999.0 -9999.0 -9999.0 -9999.0 -9999.0 -9999.0 -9999.0 -9999.0 -9999.0 -9999.0 -9999.0 -9999.0 -9999.0 -9999.0 -9999.0 -9999.0 -9999.0 -9999.0 -9999.0 -9999.0 -9999.0 -9999.0 -9999.0 -9999.0 -9999.0 -9999.0 -9999.0 -9999.0 -9999.0 -9999.0 -9999.0 -9999.0 -9999.0 -9999.0 -9999.0 -9999.0 -9999.0 -9999.0 -9999.0 -9999.0 -9999.0 -9999.0 -9999.0 -9999.0 -9999.0 -9999.0 -9999.0 -9999.0 -9999.0 -9999.0 -9999.0 -9999.0 -9999.0 -9999.0 -9999.0 -9999.0 -9999.0 -9999.0 -9999.0 -9999.0 -9999.0 -9999.0 -9999.0 -9999.0 -9999.0 -9999.0 -9999.0 -9999.0 -9999.0 -9999.0 -9999.0 -9999.0 -9999.0 -9999.0 -9999.0 -9999.0 -9999.0 -9999.0 -9999.0 -9999.0 -9999.0 -9999.0 -9999.0 -9999.0 -9999.0 -9999.0 -9999.0 -9999.0 -9999.0 -9999.0 -9999.0 -9999.0 -9999.0 -9999.0 -9999.0 -9999.0 -9999.0 -9999.0 -9999.0
-9999.0 -9999.0 1068.220329 969.217542 870.191545 771.055349 671.853346 572.621480 473.380834 374.143274 274.915541 175.701580 76.503796 -22.673823 -121.828499 -220.956467 -320.037724 -419.033698 -517.869315 -616.404434 -714.384992 -812.478849 -910.098826 -1007.030907 -1102.986646 -1190.001185 -1269.462230 -1339.597245 -1399.276695 -1448.223198 -1486.993686 -1516.762411 -1539.019624 -1555.300238 -1567.002740 -1575.305049 -1581.162745 -1585.405340 -1589.070319 -1594.349350 -1606.579107 -1639.520300 -1639.618234 -2345.495194 -3502.661637 -3468.190974 -2818.056390 -2471.181977 -2289.002912 -2172.350108 -2087.305351 -2014.141539 -1968.256391 -1937.946170 -1909.354461 -1878.876502 -1845.287921 -1808.845714 -1770.598497 -1731.091354 -1680.861393 -1444.410389 -1595.822072 -1598.768354 -1595.753703 -1594.512232 -1594.205322 -1594.145111 -1594.135062 -1594.133971 -1594.134336 -1594.134863 -1594.135342 -1594.135754 -1594.136111 -1594.136429 -1594.136718 -1594.136989 -1594.137249 -1594.137505 -1594.137767 -1594.138045 -1594.138354 -1594.138713 -1594.139156 -1594.139732 -1594.140523 -1594.141667 -1594.143402 -1594.146153 -1594.150707 -1594.158569 -1594.172699 -1594.199084 -1594.250237 -1594.353532 -1594.572558 -1595.064970 -1596.245991 -1599.283277 -1607.772976 -1634.235323 -9999.0 -9999.0
-9999.0 -9999.0 1068.222713 969.218511 870.191877 771.055461 671.853385 572.621493 473.380839 374.143276 274.915542 175.701580 76.503797 -22.673823 -121.828499 -220.956467 -320.037724 -419.033698 -517.869315 -616.404435 -714.384992 -812.478850 -910.098826 -1007.030908 -1102.986646 -1190.001185 -1269.462230 -1339.597245 -1399.276695 -1448.223198 -1486.993686 -1516.762411 -1539.019624 -1555.300238 -1567.002740 -1575.305049 -1581.162745 -1585.405340 -1589.070318 -1594.349350 -1606.579107 -1639.520300 -1639.618234 -2345.495193 -3502.661637 -3468.190974 -2818.056390 -2471.181976 -2289.002911 -2172.350107 -2087.305350 -2014.141538 -1968.256390 -1937.946170 -1909.354461 -1878.876502 -1845.287921 -1808.845714 -1770.598497 -1731.091354 -1680.861393 -1444.410389 -1595.822072 -1598.768354 -1595.753703 -1594.512232 -1594.205322 -1594.145111 -1594.135062 -1594.133971 -1594.134336 -1594.134863 -1594.135342 -1594.135754 -1594.136111 -1594.136429 -1594.136718 -1594.136989 -1594.137249 -1594.137505 -1594.137767 -1594.138045 -1594.138354 -1594.138713 -1594.139156 -1594.139732 -1594.140523 -1594.141667 -1594.143402 -1594.146153 -1594.150707 -1594.158569 -1594.172699 -1594.199084 -1594.250237 -1594.353532 -1594.572558 -1595.064970 -1596.245991 -1599.283277 -1607.772976 -1634.235323 -9999.0 -9999.0
-9999.0 -9999.0 1068.223711 969.219056 870.192111 771.055552 671.853419 572.621506 473.380844 374.143278 274.915543 175.701581 76.503797 -22.673823 -121.828499 -220.956467 -320.037724 -419.033698 -517.869316 -616.404435 -714.384993 -812.478850 -910.098826 -1007.030908 -1102.986646 -1190.001185 -1269.462230 -1339.597245 -1399.276695 -1448.223198 -1486.993686 -1516.762411 -1539.019624 -1555.300238 -1567.002740 -1575.305049 -1581.162745 -1585.405340 -1589.070318 -1594.349350 -1606.579107 -1639.520300 -1639.618234 -2345.495193 -3502.661636 -3468.190974 -2818.056389 -2471.181976 -2289.002911 -2172.350107 -2087.305350 -2014.141538 -1968.256390 -1937.946170 -1909.354461 -1878.876502 -1845.287921 -1808.845714 -1770.598497 -1731.091354 -1680.861393 -1444.410389 -1595.822072 -1598.768354 -1595.753703 -1594.512232 -1594.205322 -1594.145111 -1594.135062 -1594.133971 -1594.134336 -1594.134863 -1594.135342 -1594.135754 -1594.136111 -1594.136429 -1594.136718 -1594.136989 -1594.137249 -1594.137505 -1594.137767 -1594.138045 -1594.138354 -1594.138713 -1594.139156 -1594.139732 -1594.140523 -1594.141667 -1594.143402 -1594.146153 -1594.150707 -1594.158569 -1594.172699 -1594.199084 -1594.250237 -1594.353532 -1594.572558 -1595.064970 -1596.245991 -1599.283277 -1607.772976 -1634.235323 -9999.0 -9999.0
-9999.0 -9999.0 1068.223711 969.219056 870.192110 771.055552 671.853419 572.621506 473.380844 374.143278 274.915543 175.701581 76.503797 -22.673823 -121.828499 -220.956467 -320.037724 -419.033699 -517.869316 -616.404435 -714.384993 -812.478850 -910.098826 -1007.030908 -1102.986646 -1190.001185 -1269.462230 -1339.597245 -1399.276695 -1448.223198 -1486.993686 -1516.762411 -1539.019624 -1555.300238 -1567.002740 -1575.305049 -1581.162745 -1585.405340 -1589.070318 -1594.349350 -1606.579107 -1639.520300 -1639.618234 -2345.495193 -3502.661636 -3468.190974 -2818.056389 -2471.181976 -2289.002911 -2172.350107 -2087.305350 -2014.141538 -1968.256390 -1937.946170 -1909.354461 -1878.876502 -1845.287921 -1808.845714 -1770.598497 -1731.091354 -1680.861393 -1444.410389 -1595.822072 -1598.768354 -1595.753703 -1594.512232 -1594.205322 -1594.145111 -1594.135062 -1594.133971 -1594.134336 -1594.134863 -1594.135342 -1594.135754 -1594.136111 -1594.136429 -1594.136718 -1594.136989 -1594.137249 -1594.137505 -1594.137767 -1594.138045 -1594.138354 -1594.138713 -1594.139156 -1594.139732 -1594.140523 -1594.141667 -1594.143402 -1594.146153 -1594.150707 -1594.158569 -1594.172699 -1594.199084 -1594.250237 -1594.353532 -1594.572558 -1595.064970 -1596.245991 -1599.283277 -1607.772976 -1634.235323 -9999.0 -9999.0
-9999.0 -9999.0 1068.222714 969.218511 870.191877 771.055461 671.853385 572.621493 473.380839 374.143276 274.915542 175.701581 76.503796 -22.673823 -121.828499 -220.956467 -320.037724 -419.033698 -517.869315 -616.404435 -714.384993 -812.478850 -910.098826 -1007.030908 -1102.986646 -1190.001185 -1269.462230 -1339.597245 -1399.276695 -1448.223198 -1486.993686 -1516.762411 -1539.019624 -1555.300238 -1567.002740 -1575.305049 -1581.162745 -1585.405340 -1589.070318 -1594.349350 -1606.579107 -1639.520300 -1639.618234 -2345.495193 -3502.661637 -3468.190974 -2818.056390 -2471.181976 -2289.002911 -2172.350107 -2087.305350 -2014.141538 -1968.256390 -1937.946170 -1909.354461 -1878.876502 -1845.287921 -1808.845714 -1770.598497 -1731.091354 -1680.861393 -1444.410389 -1595.822072 -1598.768354 -1595.753703 -1594.512232 -1594.205322 -1594.145111 -1594.135062 -1594.133971 -1594.134336 -1594.134863 -1594.135342 -1594.135754 -1594.136111 -1594.136429 -1594.136718 -1594.136989 -1594.137249 -1594.137505 -1594.137767 -1594.138045 -1594.138354 -1594.138713 -1594.139156 -1594.139732 -1594.140523 -1594.141667 -1594.143402 -1594.146153 -1594.150707 -1594.158569 -1594.172699 -1594.199084 -1594.250237 -1594.353532 -1594.572558 -1595.064970 -1596.245991 -1599.283277 -1607.772976 -1634.235323 -9999.0 -9999.0
-9999.0 -9999.0 1068.220329 969.217542 870.191545 771.055349 671.853346 572.621480 473.380834 374.143274 274.915541 175.701580 76.503796 -22.673823 -121.828499 -220.956467 -320.037724 -419.033698 -517.869315 -616.404434 -714.384992 -812.478849 -910.098825 -1007.030907 -1102.986646 -1190.001185 -1269.462230 -1339.597245 -1399.276695 -1448.223198 -1486.993686 -1516.762411 -1539.019624 -1555.300238 -1567.002740 -1575.305049 -1581.162745 -1585.405340 -1589.070319 -1594.349350 -1606.579107 -1639.520301 -1639.618234 -2345.495194 -3502.661637 -3468.190974 -2818.056390 -2471.181977 -2289.002912 -2172.350108 -2087.305351 -2014.141539 -1968.256391 -1937.946170 -1909.354461 -1878.876502 -1845.287921 -1808.845714 -1770.598497 -1731.091354 -1680.861393 -1444.410389 -1595.822072 -1598.768354 -1595.753703 -1594.512232 -1594.205322 -1594.145111 -1594.135062 -1594.133971 -1594.134336 -1594.134863 -1594.135342 -1594.135754 -1594.136111 -1594.136429 -1594.136718 -1594.136989 -1594.137249 -1594.137505 -1594.137767 -1594.138045 -1594.138354 -1594.138713 -1594.139156 -1594.139732 -1594.140523 -1594.141667 -1594.143402 -1594.146153 -1594.150707 -1594.158569 -1594.172699 -1594.199084 -1594.250237 -1594.353532 -1594.572558 -1595.064970 -1596.245991 -1599.283277 -1607.772976 -1634.235323 -9999.0 -9999.0
-9999.0 -9999.0 -9999.0 -9999.0 -9999.0 -9999.0 -9999.0 -9999.0 -9999.0 -9999.0 -9999.0 -9999.0 -9999.0 -9999.0 -9999.0 -9999.0 -9999.0 -9999.0 -9999.0 -9999.0 -9999.0 -9999.0 -9999.0 -9999.0 -9999.0 -9999.0 -9999.0 -9999.0 -9999.0 -9999.0 -9999.0 -9999.0 -9999.0 -9999.0 -9999.0 -9999.0 -9999.0 -9999.0 -9999.0 -9999.0 -9999.0 -9999.0 -9999.0 -9999.0 -9999.0 -9999.0 -9999.0 -9999.0 -9999.0 -9999.0 -9999.0 -9999.0 -9999.0 -9999.0 -9999.0 -9999.0 -9999.0 -9999.0 -9999.0 -9999.0 -9999.0 -9999.0 -9999.0 -9999.0 -9999.0 -9999.0 -9999.0 -9999.0 -9999.0 -9999.0 -9999.0 -9999.0 -9999.0 -9999.0 -9999.0 -9999.0 -9999.0 -9999.0 -9999.0 -9999.0 -9999.0 -9999.0 -9999.0 -9999.0 -9999.0 -9999.0 -9999.0 -9999.0 -9999.0 -9999.0 -9999.0 -9999.0 -9999.0 -9999.0 -9999.0 -9999.0 -9999.0 -9999.0 -9999.0 -9999.0 -9999.0 -9999.0 -9999.0 -9999.0
-9999.0 -9999.0 -9999.0 -9999.0 -9999.0 -9999.0 -9999.0 -9999.0 -9999.0 -9999.0 -9999.0 -9999.0 -9999.0 -9999.0 -9999.0 -9999.0 -9999.0 -9999.0 -9999.0 -9999.0 -9999.0 -9999.0 -9999.0 -9999.0 -9999.0 -9999.0 -9999.0 -9999.0 -9999.0 -9999.0 -9999.0 -9999.0 -9999.0 -9999.0 -9999.0 -9999.0 -9999.0 -9999.0 -9999.0 -9999.0 -9999.0 -9999.0 -9999.0 -9999.0 -9999.0 -9999.0 -9999.0 -9999.0 -9999.0 -9999.0 -9999.0 -9999.0 -9999.0 -9999.0 -9999.0 -9999.0 -9999.0 -9999.0 -9999.0 -9999.0 -9999.0 -9999.0 -9999.0 -9999.0 -9999.0 -9999.0 -9999.0 -9999.0 -9999.0 -9999.0 -9999.0 -9999.0 -9999.0 -9999.0 -9999.0 -9999.0 -9999.0 -9999.0 -9999.0 -9999.0 -9999.0 -9999.0 -9999.0 -9999.0 -9999.0 -9999.0 -9999.0 -9999.0 -9999.0 -9999.0 -9999.0 -9999.0 -9999.0 -9999.0 -9999.0 -9999.0 -9999.0 -9999.0 -9999.0 -9999.0 -9999.0 -9999.0 -9999.0 -9999.0