inst/processing_geotop_simulation/geotop_simulation/out/maps3D/PwL0015N0165.asc
ncols         104
nrows         10
xllcorner     -2.000000
yllcorner     0.000000
cellsize      1.000000
NODATA_value  -9999.0
-9999.0 -9999.0 -9999.0 -9999.0 -9999.0 -9999.0 -9999.0 -9999.0 -9999.0 -9999.0 -9999.0 -9999.0 -9999.0 -9999.0 -9999.0 -9999.0 -9999.0 -9999.0 -9999.0 -9999.0 -9999.0 -9999.0 -9999.0 -9999.0 -9999.0 -9999.0 -9999.0 -9999.0 -9999.0 -9999.0 -9999.0 -9999.0 -9999.0 -9999.0 -9999.0 -9999.0 -9999.0 -9999.0 -9999.0 -9999.0 -9999.0 -9999.0 -9999.0 -9999.0 -9999.0 -9999.0 -9999.0 -9999.0 -9999.0 -9999.0 -9999.0 -9999.0 -9999.0 -9999.0 -9999.0 -9999.0 -9999.0 -9999.0 -9999.0 -9999.0 -9999.0 -9999.0 -9999.0 -9999.0 -9999.0 -9999.0 -9999.0 -9999.0 -9999.0 -9999.0 -9999.0 -9999.0 -9999.0 -9999.0 -9999.0 -9999.0 -9999.0 -9999.0 -9999.0 -9999.0 -9999.0 -9999.0 -9999.0 -9999.0 -9999.0 -9999.0 -9999.0 -9999.0 -9999.0 -9999.0 -9999.0 -9999.0 -9999.0 -9999.0 -9999.0 -9999.0 -9999.0 -9999.0 -9999.0 -9999.0 -9999.0 -9999.0 -9999.0 -9999.0
-9999.0 -9999.0 -9999.0 -9999.0 -9999.0 -9999.0 -9999.0 -9999.0 -9999.0 -9999.0 -9999.0 -9999.0 -9999.0 -9999.0 -9999.0 -9999.0 -9999.0 -9999.0 -9999.0 -9999.0 -9999.0 -9999.0 -9999.0 -9999.0 -9999.0 -9999.0 -9999.0 -9999.0 -9999.0 -9999.0 -9999.0 -9999.0 -9999.0 -9999.0 -9999.0 -9999.0 -9999.0 -9999.0 -9999.0 -9999.0 -9999.0 -9999.0 -9999.0 -9999.0 -9999.0 -9999.0 -9999.0 -9999.0 -9999.0 -9999.0 -9999.0 -9999.0 -9999.0 -9999.0 -9999.0 -9999.0 -9999.0 -9999.0 -9999.0 -9999.0 -9999.0 -9999.0 -9999.0 -9999.0 -9999.0 -9999.0 -9999.0 -9999.0 -9999.0 -9999.0 -9999.0 -9999.0 -9999.0 -9999.0 -9999.0 -9999.0 -9999.0 -9999.0 -9999.0 -9999.0 -9999.0 -9999.0 -9999.0 -9999.0 -9999.0 -9999.0 -9999.0 -9999.0 -9999.0 -9999.0 -9999.0 -9999.0 -9999.0 -9999.0 -9999.0 -9999.0 -9999.0 -9999.0 -9999.0 -9999.0 -9999.0 -9999.0 -9999.0 -9999.0
-9999.0 -9999.0 732.608606 638.791064 543.800465 447.930645 351.637915 255.160200 158.618552 62.076585 -34.419029 -130.845137 -227.152825 -323.223936 -418.862668 -513.776731 -607.535219 -700.746068 -794.004358 -886.037638 -976.482034 -1060.490584 -1130.738361 -1188.168941 -1232.682486 -1265.623254 -1289.095048 -1305.321138 -1316.266385 -1323.500753 -1328.203099 -1331.219179 -1333.134506 -1334.342761 -1335.102485 -1335.582537 -1335.899867 -1336.167215 -1336.677744 -1338.996310 -1351.386114 -1424.415820 -2042.687141 -4209.650826 -4232.672172 -4232.673245 -4232.673232 -4232.673230 -4232.673230 -4232.673230 -4232.673230 -4232.673230 -4232.673230 -4232.673230 -4232.673230 -4232.673230 -4232.673230 -4232.673231 -4232.673238 -4232.671134 -4195.148133 -1922.580009 -1391.358903 -1345.343109 -1337.885980 -1336.737615 -1336.571510 -1336.546967 -1336.543929 -1336.544451 -1336.545437 -1336.546310 -1336.546993 -1336.547514 -1336.547914 -1336.548224 -1336.548470 -1336.548670 -1336.548836 -1336.548984 -1336.549129 -1336.549289 -1336.549490 -1336.549768 -1336.550178 -1336.550809 -1336.551799 -1336.553383 -1336.555957 -1336.560210 -1336.567395 -1336.579850 -1336.602083 -1336.642984 -1336.720360 -1336.870521 -1337.170010 -1337.790692 -1339.152303 -1342.358795 -1350.542306 -1374.479100 -9999.0 -9999.0
-9999.0 -9999.0 732.613333 638.792649 543.800948 447.930796 351.637964 255.160217 158.618558 62.076587 -34.419029 -130.845136 -227.152825 -323.223936 -418.862668 -513.776731 -607.535219 -700.746068 -794.004358 -886.037638 -976.482034 -1060.490584 -1130.738362 -1188.168941 -1232.682486 -1265.623254 -1289.095048 -1305.321138 -1316.266385 -1323.500753 -1328.203099 -1331.219179 -1333.134506 -1334.342761 -1335.102485 -1335.582537 -1335.899867 -1336.167215 -1336.677744 -1338.996310 -1351.386114 -1424.415820 -2042.687141 -4209.650826 -4232.672172 -4232.673245 -4232.673232 -4232.673230 -4232.673230 -4232.673230 -4232.673230 -4232.673230 -4232.673230 -4232.673230 -4232.673230 -4232.673230 -4232.673230 -4232.673231 -4232.673238 -4232.671134 -4195.148133 -1922.580009 -1391.358903 -1345.343109 -1337.885980 -1336.737615 -1336.571510 -1336.546967 -1336.543929 -1336.544451 -1336.545437 -1336.546310 -1336.546993 -1336.547514 -1336.547914 -1336.548224 -1336.548470 -1336.548670 -1336.548836 -1336.548984 -1336.549129 -1336.549289 -1336.549490 -1336.549768 -1336.550178 -1336.550809 -1336.551799 -1336.553383 -1336.555957 -1336.560210 -1336.567395 -1336.579850 -1336.602083 -1336.642984 -1336.720360 -1336.870521 -1337.170010 -1337.790692 -1339.152303 -1342.358795 -1350.542306 -1374.479100 -9999.0 -9999.0
-9999.0 -9999.0 732.614823 638.793431 543.801270 447.930917 351.638008 255.160233 158.618563 62.076589 -34.419028 -130.845136 -227.152825 -323.223936 -418.862668 -513.776731 -607.535219 -700.746068 -794.004358 -886.037638 -976.482034 -1060.490585 -1130.738362 -1188.168942 -1232.682486 -1265.623255 -1289.095048 -1305.321138 -1316.266385 -1323.500754 -1328.203099 -1331.219179 -1333.134506 -1334.342761 -1335.102485 -1335.582537 -1335.899867 -1336.167215 -1336.677744 -1338.996310 -1351.386114 -1424.415820 -2042.687141 -4209.650826 -4232.672172 -4232.673245 -4232.673232 -4232.673230 -4232.673230 -4232.673230 -4232.673230 -4232.673230 -4232.673230 -4232.673230 -4232.673230 -4232.673230 -4232.673230 -4232.673231 -4232.673238 -4232.671134 -4195.148133 -1922.580009 -1391.358903 -1345.343109 -1337.885980 -1336.737615 -1336.571510 -1336.546967 -1336.543929 -1336.544451 -1336.545437 -1336.546310 -1336.546993 -1336.547514 -1336.547914 -1336.548224 -1336.548470 -1336.548670 -1336.548836 -1336.548984 -1336.549129 -1336.549289 -1336.549490 -1336.549768 -1336.550178 -1336.550809 -1336.551799 -1336.553383 -1336.555957 -1336.560210 -1336.567395 -1336.579850 -1336.602083 -1336.642984 -1336.720360 -1336.870521 -1337.170010 -1337.790692 -1339.152303 -1342.358795 -1350.542306 -1374.479100 -9999.0 -9999.0
-9999.0 -9999.0 732.614823 638.793431 543.801270 447.930918 351.638008 255.160233 158.618563 62.076589 -34.419028 -130.845136 -227.152825 -323.223936 -418.862668 -513.776731 -607.535219 -700.746068 -794.004358 -886.037638 -976.482034 -1060.490585 -1130.738362 -1188.168942 -1232.682486 -1265.623255 -1289.095048 -1305.321138 -1316.266385 -1323.500754 -1328.203099 -1331.219179 -1333.134506 -1334.342761 -1335.102485 -1335.582537 -1335.899867 -1336.167215 -1336.677744 -1338.996310 -1351.386114 -1424.415820 -2042.687141 -4209.650826 -4232.672172 -4232.673245 -4232.673232 -4232.673230 -4232.673230 -4232.673230 -4232.673230 -4232.673230 -4232.673230 -4232.673230 -4232.673230 -4232.673230 -4232.673230 -4232.673231 -4232.673238 -4232.671134 -4195.148133 -1922.580009 -1391.358903 -1345.343109 -1337.885980 -1336.737615 -1336.571510 -1336.546967 -1336.543929 -1336.544451 -1336.545437 -1336.546310 -1336.546993 -1336.547514 -1336.547914 -1336.548224 -1336.548470 -1336.548670 -1336.548836 -1336.548984 -1336.549129 -1336.549289 -1336.549490 -1336.549768 -1336.550178 -1336.550809 -1336.551799 -1336.553383 -1336.555957 -1336.560210 -1336.567395 -1336.579850 -1336.602083 -1336.642984 -1336.720360 -1336.870521 -1337.170010 -1337.790692 -1339.152303 -1342.358795 -1350.542306 -1374.479100 -9999.0 -9999.0
-9999.0 -9999.0 732.613334 638.792649 543.800948 447.930796 351.637964 255.160217 158.618558 62.076587 -34.419029 -130.845136 -227.152825 -323.223936 -418.862668 -513.776731 -607.535219 -700.746068 -794.004358 -886.037638 -976.482034 -1060.490584 -1130.738362 -1188.168941 -1232.682486 -1265.623254 -1289.095048 -1305.321138 -1316.266385 -1323.500753 -1328.203099 -1331.219179 -1333.134506 -1334.342761 -1335.102485 -1335.582537 -1335.899867 -1336.167215 -1336.677744 -1338.996310 -1351.386114 -1424.415820 -2042.687141 -4209.650826 -4232.672172 -4232.673245 -4232.673232 -4232.673230 -4232.673230 -4232.673230 -4232.673230 -4232.673230 -4232.673230 -4232.673230 -4232.673230 -4232.673230 -4232.673230 -4232.673231 -4232.673238 -4232.671134 -4195.148133 -1922.580009 -1391.358903 -1345.343109 -1337.885980 -1336.737615 -1336.571510 -1336.546967 -1336.543929 -1336.544451 -1336.545437 -1336.546310 -1336.546993 -1336.547514 -1336.547914 -1336.548224 -1336.548470 -1336.548670 -1336.548836 -1336.548984 -1336.549129 -1336.549289 -1336.549490 -1336.549768 -1336.550178 -1336.550809 -1336.551799 -1336.553383 -1336.555957 -1336.560210 -1336.567395 -1336.579850 -1336.602083 -1336.642984 -1336.720360 -1336.870521 -1337.170010 -1337.790692 -1339.152303 -1342.358795 -1350.542306 -1374.479100 -9999.0 -9999.0
-9999.0 -9999.0 732.608606 638.791064 543.800465 447.930645 351.637915 255.160201 158.618552 62.076585 -34.419030 -130.845136 -227.152825 -323.223936 -418.862668 -513.776731 -607.535219 -700.746068 -794.004358 -886.037638 -976.482034 -1060.490584 -1130.738361 -1188.168941 -1232.682486 -1265.623254 -1289.095048 -1305.321138 -1316.266385 -1323.500753 -1328.203099 -1331.219179 -1333.134506 -1334.342761 -1335.102485 -1335.582537 -1335.899867 -1336.167215 -1336.677744 -1338.996310 -1351.386114 -1424.415820 -2042.687141 -4209.650826 -4232.672172 -4232.673245 -4232.673232 -4232.673230 -4232.673230 -4232.673230 -4232.673230 -4232.673230 -4232.673230 -4232.673230 -4232.673230 -4232.673230 -4232.673230 -4232.673231 -4232.673238 -4232.671134 -4195.148133 -1922.580009 -1391.358903 -1345.343109 -1337.885980 -1336.737615 -1336.571510 -1336.546967 -1336.543929 -1336.544451 -1336.545437 -1336.546310 -1336.546993 -1336.547514 -1336.547914 -1336.548224 -1336.548470 -1336.548670 -1336.548836 -1336.548984 -1336.549129 -1336.549289 -1336.549490 -1336.549768 -1336.550178 -1336.550809 -1336.551799 -1336.553383 -1336.555957 -1336.560210 -1336.567395 -1336.579850 -1336.602083 -1336.642984 -1336.720360 -1336.870521 -1337.170010 -1337.790692 -1339.152303 -1342.358795 -1350.542306 -1374.479100 -9999.0 -9999.0
-9999.0 -9999.0 -9999.0 -9999.0 -9999.0 -9999.0 -9999.0 -9999.0 -9999.0 -9999.0 -9999.0 -9999.0 -9999.0 -9999.0 -9999.0 -9999.0 -9999.0 -9999.0 -9999.0 -9999.0 -9999.0 -9999.0 -9999.0 -9999.0 -9999.0 -9999.0 -9999.0 -9999.0 -9999.0 -9999.0 -9999.0 -9999.0 -9999.0 -9999.0 -9999.0 -9999.0 -9999.0 -9999.0 -9999.0 -9999.0 -9999.0 -9999.0 -9999.0 -9999.0 -9999.0 -9999.0 -9999.0 -9999.0 -9999.0 -9999.0 -9999.0 -9999.0 -9999.0 -9999.0 -9999.0 -9999.0 -9999.0 -9999.0 -9999.0 -9999.0 -9999.0 -9999.0 -9999.0 -9999.0 -9999.0 -9999.0 -9999.0 -9999.0 -9999.0 -9999.0 -9999.0 -9999.0 -9999.0 -9999.0 -9999.0 -9999.0 -9999.0 -9999.0 -9999.0 -9999.0 -9999.0 -9999.0 -9999.0 -9999.0 -9999.0 -9999.0 -9999.0 -9999.0 -9999.0 -9999.0 -9999.0 -9999.0 -9999.0 -9999.0 -9999.0 -9999.0 -9999.0 -9999.0 -9999.0 -9999.0 -9999.0 -9999.0 -9999.0 -9999.0
-9999.0 -9999.0 -9999.0 -9999.0 -9999.0 -9999.0 -9999.0 -9999.0 -9999.0 -9999.0 -9999.0 -9999.0 -9999.0 -9999.0 -9999.0 -9999.0 -9999.0 -9999.0 -9999.0 -9999.0 -9999.0 -9999.0 -9999.0 -9999.0 -9999.0 -9999.0 -9999.0 -9999.0 -9999.0 -9999.0 -9999.0 -9999.0 -9999.0 -9999.0 -9999.0 -9999.0 -9999.0 -9999.0 -9999.0 -9999.0 -9999.0 -9999.0 -9999.0 -9999.0 -9999.0 -9999.0 -9999.0 -9999.0 -9999.0 -9999.0 -9999.0 -9999.0 -9999.0 -9999.0 -9999.0 -9999.0 -9999.0 -9999.0 -9999.0 -9999.0 -9999.0 -9999.0 -9999.0 -9999.0 -9999.0 -9999.0 -9999.0 -9999.0 -9999.0 -9999.0 -9999.0 -9999.0 -9999.0 -9999.0 -9999.0 -9999.0 -9999.0 -9999.0 -9999.0 -9999.0 -9999.0 -9999.0 -9999.0 -9999.0 -9999.0 -9999.0 -9999.0 -9999.0 -9999.0 -9999.0 -9999.0 -9999.0 -9999.0 -9999.0 -9999.0 -9999.0 -9999.0 -9999.0 -9999.0 -9999.0 -9999.0 -9999.0 -9999.0 -9999.0