inst/processing_geotop_simulation/geotop_simulation/out/maps3D/PwL0002N0437.asc
ncols         104
nrows         10
xllcorner     -2.000000
yllcorner     0.000000
cellsize      1.000000
NODATA_value  -9999.0
-9999.0 -9999.0 -9999.0 -9999.0 -9999.0 -9999.0 -9999.0 -9999.0 -9999.0 -9999.0 -9999.0 -9999.0 -9999.0 -9999.0 -9999.0 -9999.0 -9999.0 -9999.0 -9999.0 -9999.0 -9999.0 -9999.0 -9999.0 -9999.0 -9999.0 -9999.0 -9999.0 -9999.0 -9999.0 -9999.0 -9999.0 -9999.0 -9999.0 -9999.0 -9999.0 -9999.0 -9999.0 -9999.0 -9999.0 -9999.0 -9999.0 -9999.0 -9999.0 -9999.0 -9999.0 -9999.0 -9999.0 -9999.0 -9999.0 -9999.0 -9999.0 -9999.0 -9999.0 -9999.0 -9999.0 -9999.0 -9999.0 -9999.0 -9999.0 -9999.0 -9999.0 -9999.0 -9999.0 -9999.0 -9999.0 -9999.0 -9999.0 -9999.0 -9999.0 -9999.0 -9999.0 -9999.0 -9999.0 -9999.0 -9999.0 -9999.0 -9999.0 -9999.0 -9999.0 -9999.0 -9999.0 -9999.0 -9999.0 -9999.0 -9999.0 -9999.0 -9999.0 -9999.0 -9999.0 -9999.0 -9999.0 -9999.0 -9999.0 -9999.0 -9999.0 -9999.0 -9999.0 -9999.0 -9999.0 -9999.0 -9999.0 -9999.0 -9999.0 -9999.0
-9999.0 -9999.0 -9999.0 -9999.0 -9999.0 -9999.0 -9999.0 -9999.0 -9999.0 -9999.0 -9999.0 -9999.0 -9999.0 -9999.0 -9999.0 -9999.0 -9999.0 -9999.0 -9999.0 -9999.0 -9999.0 -9999.0 -9999.0 -9999.0 -9999.0 -9999.0 -9999.0 -9999.0 -9999.0 -9999.0 -9999.0 -9999.0 -9999.0 -9999.0 -9999.0 -9999.0 -9999.0 -9999.0 -9999.0 -9999.0 -9999.0 -9999.0 -9999.0 -9999.0 -9999.0 -9999.0 -9999.0 -9999.0 -9999.0 -9999.0 -9999.0 -9999.0 -9999.0 -9999.0 -9999.0 -9999.0 -9999.0 -9999.0 -9999.0 -9999.0 -9999.0 -9999.0 -9999.0 -9999.0 -9999.0 -9999.0 -9999.0 -9999.0 -9999.0 -9999.0 -9999.0 -9999.0 -9999.0 -9999.0 -9999.0 -9999.0 -9999.0 -9999.0 -9999.0 -9999.0 -9999.0 -9999.0 -9999.0 -9999.0 -9999.0 -9999.0 -9999.0 -9999.0 -9999.0 -9999.0 -9999.0 -9999.0 -9999.0 -9999.0 -9999.0 -9999.0 -9999.0 -9999.0 -9999.0 -9999.0 -9999.0 -9999.0 -9999.0 -9999.0
-9999.0 -9999.0 75.544249 -22.362491 -121.358203 -220.614243 -319.965776 -419.352269 -518.742784 -618.115286 -717.431674 -816.677762 -915.831431 -1014.866536 -1113.869730 -1212.815198 -1311.497901 -1409.750946 -1507.253243 -1603.352322 -1696.757688 -1785.169826 -1865.458007 -1934.755452 -1991.596589 -2036.195254 -2069.964585 -2094.842738 -2112.790269 -2125.529162 -2134.456064 -2140.648369 -2144.909187 -2147.822476 -2149.805471 -2151.155109 -2152.094892 -2152.856567 -2153.899228 -2156.133558 -2155.753680 -2083.034286 -1272.801242 -1270.255852 -1260.084863 -1253.319078 -1250.132797 -1249.624629 -1249.568609 -1249.573128 -1249.586348 -1249.600640 -1249.614390 -1249.627130 -1249.639019 -1249.653395 -1249.700804 -1250.010910 -1251.728274 -1255.498362 -1260.390269 -1255.554286 -2058.366542 -2150.049937 -2154.753687 -2154.270110 -2154.061149 -2154.016587 -2154.009078 -2154.008291 -2154.008585 -2154.008977 -2154.009310 -2154.009573 -2154.009779 -2154.009943 -2154.010076 -2154.010188 -2154.010284 -2154.010373 -2154.010463 -2154.010562 -2154.010684 -2154.010848 -2154.011085 -2154.011440 -2154.011993 -2154.012871 -2154.014298 -2154.016673 -2154.020730 -2154.027865 -2154.040811 -2154.065027 -2154.111703 -2154.204583 -2154.396866 -2154.816774 -2155.800833 -2158.327517 -2165.631472 -2190.021074 -9999.0 -9999.0
-9999.0 -9999.0 75.554426 -22.360673 -121.357749 -220.614111 -319.965733 -419.352255 -518.742779 -618.115284 -717.431673 -816.677762 -915.831430 -1014.866536 -1113.869730 -1212.815198 -1311.497901 -1409.750947 -1507.253244 -1603.352322 -1696.757688 -1785.169826 -1865.458007 -1934.755452 -1991.596589 -2036.195254 -2069.964585 -2094.842738 -2112.790269 -2125.529162 -2134.456064 -2140.648369 -2144.909187 -2147.822476 -2149.805471 -2151.155109 -2152.094892 -2152.856567 -2153.899228 -2156.133558 -2155.753680 -2083.034286 -1272.801242 -1270.255852 -1260.084863 -1253.319078 -1250.132797 -1249.624629 -1249.568609 -1249.573128 -1249.586348 -1249.600640 -1249.614390 -1249.627130 -1249.639019 -1249.653395 -1249.700804 -1250.010910 -1251.728274 -1255.498362 -1260.390269 -1255.554286 -2058.366542 -2150.049937 -2154.753687 -2154.270110 -2154.061149 -2154.016587 -2154.009078 -2154.008291 -2154.008584 -2154.008977 -2154.009310 -2154.009573 -2154.009779 -2154.009943 -2154.010076 -2154.010188 -2154.010284 -2154.010373 -2154.010463 -2154.010562 -2154.010684 -2154.010848 -2154.011085 -2154.011440 -2154.011993 -2154.012871 -2154.014298 -2154.016673 -2154.020730 -2154.027865 -2154.040811 -2154.065027 -2154.111703 -2154.204583 -2154.396866 -2154.816774 -2155.800833 -2158.327517 -2165.631472 -2190.021074 -9999.0 -9999.0
-9999.0 -9999.0 75.555530 -22.359943 -121.357462 -220.614007 -319.965696 -419.352241 -518.742774 -618.115282 -717.431672 -816.677761 -915.831430 -1014.866536 -1113.869730 -1212.815198 -1311.497901 -1409.750947 -1507.253244 -1603.352322 -1696.757689 -1785.169826 -1865.458007 -1934.755453 -1991.596589 -2036.195254 -2069.964585 -2094.842738 -2112.790269 -2125.529162 -2134.456064 -2140.648369 -2144.909187 -2147.822476 -2149.805471 -2151.155109 -2152.094892 -2152.856567 -2153.899228 -2156.133558 -2155.753680 -2083.034286 -1272.801242 -1270.255852 -1260.084863 -1253.319078 -1250.132797 -1249.624629 -1249.568609 -1249.573128 -1249.586348 -1249.600640 -1249.614390 -1249.627130 -1249.639019 -1249.653395 -1249.700804 -1250.010910 -1251.728274 -1255.498362 -1260.390269 -1255.554286 -2058.366542 -2150.049937 -2154.753687 -2154.270110 -2154.061149 -2154.016587 -2154.009078 -2154.008291 -2154.008584 -2154.008977 -2154.009310 -2154.009573 -2154.009779 -2154.009943 -2154.010076 -2154.010188 -2154.010284 -2154.010373 -2154.010463 -2154.010562 -2154.010684 -2154.010848 -2154.011085 -2154.011440 -2154.011993 -2154.012871 -2154.014298 -2154.016673 -2154.020730 -2154.027865 -2154.040811 -2154.065027 -2154.111703 -2154.204583 -2154.396866 -2154.816774 -2155.800833 -2158.327517 -2165.631472 -2190.021074 -9999.0 -9999.0
-9999.0 -9999.0 75.555530 -22.359943 -121.357462 -220.614007 -319.965696 -419.352241 -518.742774 -618.115282 -717.431672 -816.677761 -915.831430 -1014.866536 -1113.869730 -1212.815198 -1311.497901 -1409.750947 -1507.253244 -1603.352322 -1696.757689 -1785.169826 -1865.458007 -1934.755453 -1991.596589 -2036.195254 -2069.964585 -2094.842738 -2112.790269 -2125.529162 -2134.456064 -2140.648369 -2144.909187 -2147.822476 -2149.805471 -2151.155109 -2152.094892 -2152.856567 -2153.899228 -2156.133558 -2155.753680 -2083.034286 -1272.801242 -1270.255852 -1260.084863 -1253.319078 -1250.132797 -1249.624629 -1249.568609 -1249.573128 -1249.586348 -1249.600640 -1249.614390 -1249.627130 -1249.639019 -1249.653395 -1249.700804 -1250.010910 -1251.728274 -1255.498362 -1260.390269 -1255.554286 -2058.366542 -2150.049937 -2154.753687 -2154.270110 -2154.061149 -2154.016587 -2154.009078 -2154.008291 -2154.008584 -2154.008977 -2154.009310 -2154.009573 -2154.009779 -2154.009943 -2154.010076 -2154.010188 -2154.010284 -2154.010373 -2154.010463 -2154.010562 -2154.010684 -2154.010848 -2154.011085 -2154.011440 -2154.011993 -2154.012871 -2154.014298 -2154.016673 -2154.020730 -2154.027865 -2154.040811 -2154.065027 -2154.111703 -2154.204583 -2154.396866 -2154.816774 -2155.800833 -2158.327517 -2165.631472 -2190.021074 -9999.0 -9999.0
-9999.0 -9999.0 75.554426 -22.360673 -121.357749 -220.614111 -319.965733 -419.352255 -518.742779 -618.115284 -717.431673 -816.677761 -915.831430 -1014.866536 -1113.869730 -1212.815198 -1311.497901 -1409.750946 -1507.253244 -1603.352322 -1696.757689 -1785.169826 -1865.458007 -1934.755452 -1991.596589 -2036.195254 -2069.964585 -2094.842738 -2112.790269 -2125.529162 -2134.456064 -2140.648369 -2144.909187 -2147.822476 -2149.805471 -2151.155109 -2152.094892 -2152.856567 -2153.899228 -2156.133558 -2155.753680 -2083.034286 -1272.801242 -1270.255852 -1260.084863 -1253.319078 -1250.132797 -1249.624629 -1249.568609 -1249.573128 -1249.586348 -1249.600640 -1249.614390 -1249.627130 -1249.639019 -1249.653395 -1249.700804 -1250.010910 -1251.728274 -1255.498362 -1260.390269 -1255.554286 -2058.366542 -2150.049937 -2154.753687 -2154.270110 -2154.061149 -2154.016587 -2154.009078 -2154.008291 -2154.008584 -2154.008977 -2154.009310 -2154.009573 -2154.009779 -2154.009943 -2154.010076 -2154.010188 -2154.010284 -2154.010373 -2154.010463 -2154.010562 -2154.010684 -2154.010848 -2154.011085 -2154.011440 -2154.011993 -2154.012871 -2154.014298 -2154.016673 -2154.020730 -2154.027865 -2154.040811 -2154.065027 -2154.111703 -2154.204583 -2154.396866 -2154.816774 -2155.800833 -2158.327517 -2165.631472 -2190.021074 -9999.0 -9999.0
-9999.0 -9999.0 75.544249 -22.362491 -121.358203 -220.614243 -319.965776 -419.352269 -518.742784 -618.115286 -717.431674 -816.677762 -915.831431 -1014.866536 -1113.869730 -1212.815198 -1311.497901 -1409.750946 -1507.253243 -1603.352322 -1696.757688 -1785.169826 -1865.458007 -1934.755452 -1991.596589 -2036.195254 -2069.964585 -2094.842738 -2112.790269 -2125.529162 -2134.456064 -2140.648369 -2144.909187 -2147.822476 -2149.805471 -2151.155109 -2152.094892 -2152.856567 -2153.899228 -2156.133558 -2155.753680 -2083.034286 -1272.801242 -1270.255852 -1260.084863 -1253.319078 -1250.132797 -1249.624629 -1249.568609 -1249.573128 -1249.586348 -1249.600640 -1249.614390 -1249.627130 -1249.639019 -1249.653395 -1249.700804 -1250.010910 -1251.728274 -1255.498362 -1260.390269 -1255.554286 -2058.366542 -2150.049937 -2154.753687 -2154.270110 -2154.061149 -2154.016587 -2154.009078 -2154.008291 -2154.008585 -2154.008977 -2154.009310 -2154.009573 -2154.009779 -2154.009943 -2154.010076 -2154.010188 -2154.010284 -2154.010373 -2154.010463 -2154.010562 -2154.010684 -2154.010848 -2154.011085 -2154.011440 -2154.011993 -2154.012871 -2154.014298 -2154.016673 -2154.020730 -2154.027865 -2154.040811 -2154.065027 -2154.111703 -2154.204583 -2154.396866 -2154.816774 -2155.800833 -2158.327517 -2165.631472 -2190.021074 -9999.0 -9999.0
-9999.0 -9999.0 -9999.0 -9999.0 -9999.0 -9999.0 -9999.0 -9999.0 -9999.0 -9999.0 -9999.0 -9999.0 -9999.0 -9999.0 -9999.0 -9999.0 -9999.0 -9999.0 -9999.0 -9999.0 -9999.0 -9999.0 -9999.0 -9999.0 -9999.0 -9999.0 -9999.0 -9999.0 -9999.0 -9999.0 -9999.0 -9999.0 -9999.0 -9999.0 -9999.0 -9999.0 -9999.0 -9999.0 -9999.0 -9999.0 -9999.0 -9999.0 -9999.0 -9999.0 -9999.0 -9999.0 -9999.0 -9999.0 -9999.0 -9999.0 -9999.0 -9999.0 -9999.0 -9999.0 -9999.0 -9999.0 -9999.0 -9999.0 -9999.0 -9999.0 -9999.0 -9999.0 -9999.0 -9999.0 -9999.0 -9999.0 -9999.0 -9999.0 -9999.0 -9999.0 -9999.0 -9999.0 -9999.0 -9999.0 -9999.0 -9999.0 -9999.0 -9999.0 -9999.0 -9999.0 -9999.0 -9999.0 -9999.0 -9999.0 -9999.0 -9999.0 -9999.0 -9999.0 -9999.0 -9999.0 -9999.0 -9999.0 -9999.0 -9999.0 -9999.0 -9999.0 -9999.0 -9999.0 -9999.0 -9999.0 -9999.0 -9999.0 -9999.0 -9999.0
-9999.0 -9999.0 -9999.0 -9999.0 -9999.0 -9999.0 -9999.0 -9999.0 -9999.0 -9999.0 -9999.0 -9999.0 -9999.0 -9999.0 -9999.0 -9999.0 -9999.0 -9999.0 -9999.0 -9999.0 -9999.0 -9999.0 -9999.0 -9999.0 -9999.0 -9999.0 -9999.0 -9999.0 -9999.0 -9999.0 -9999.0 -9999.0 -9999.0 -9999.0 -9999.0 -9999.0 -9999.0 -9999.0 -9999.0 -9999.0 -9999.0 -9999.0 -9999.0 -9999.0 -9999.0 -9999.0 -9999.0 -9999.0 -9999.0 -9999.0 -9999.0 -9999.0 -9999.0 -9999.0 -9999.0 -9999.0 -9999.0 -9999.0 -9999.0 -9999.0 -9999.0 -9999.0 -9999.0 -9999.0 -9999.0 -9999.0 -9999.0 -9999.0 -9999.0 -9999.0 -9999.0 -9999.0 -9999.0 -9999.0 -9999.0 -9999.0 -9999.0 -9999.0 -9999.0 -9999.0 -9999.0 -9999.0 -9999.0 -9999.0 -9999.0 -9999.0 -9999.0 -9999.0 -9999.0 -9999.0 -9999.0 -9999.0 -9999.0 -9999.0 -9999.0 -9999.0 -9999.0 -9999.0 -9999.0 -9999.0 -9999.0 -9999.0 -9999.0 -9999.0