inst/processing_geotop_simulation/geotop_simulation/out/maps3D/PwL0007N0167.asc
ncols         104
nrows         10
xllcorner     -2.000000
yllcorner     0.000000
cellsize      1.000000
NODATA_value  -9999.0
-9999.0 -9999.0 -9999.0 -9999.0 -9999.0 -9999.0 -9999.0 -9999.0 -9999.0 -9999.0 -9999.0 -9999.0 -9999.0 -9999.0 -9999.0 -9999.0 -9999.0 -9999.0 -9999.0 -9999.0 -9999.0 -9999.0 -9999.0 -9999.0 -9999.0 -9999.0 -9999.0 -9999.0 -9999.0 -9999.0 -9999.0 -9999.0 -9999.0 -9999.0 -9999.0 -9999.0 -9999.0 -9999.0 -9999.0 -9999.0 -9999.0 -9999.0 -9999.0 -9999.0 -9999.0 -9999.0 -9999.0 -9999.0 -9999.0 -9999.0 -9999.0 -9999.0 -9999.0 -9999.0 -9999.0 -9999.0 -9999.0 -9999.0 -9999.0 -9999.0 -9999.0 -9999.0 -9999.0 -9999.0 -9999.0 -9999.0 -9999.0 -9999.0 -9999.0 -9999.0 -9999.0 -9999.0 -9999.0 -9999.0 -9999.0 -9999.0 -9999.0 -9999.0 -9999.0 -9999.0 -9999.0 -9999.0 -9999.0 -9999.0 -9999.0 -9999.0 -9999.0 -9999.0 -9999.0 -9999.0 -9999.0 -9999.0 -9999.0 -9999.0 -9999.0 -9999.0 -9999.0 -9999.0 -9999.0 -9999.0 -9999.0 -9999.0 -9999.0 -9999.0
-9999.0 -9999.0 -9999.0 -9999.0 -9999.0 -9999.0 -9999.0 -9999.0 -9999.0 -9999.0 -9999.0 -9999.0 -9999.0 -9999.0 -9999.0 -9999.0 -9999.0 -9999.0 -9999.0 -9999.0 -9999.0 -9999.0 -9999.0 -9999.0 -9999.0 -9999.0 -9999.0 -9999.0 -9999.0 -9999.0 -9999.0 -9999.0 -9999.0 -9999.0 -9999.0 -9999.0 -9999.0 -9999.0 -9999.0 -9999.0 -9999.0 -9999.0 -9999.0 -9999.0 -9999.0 -9999.0 -9999.0 -9999.0 -9999.0 -9999.0 -9999.0 -9999.0 -9999.0 -9999.0 -9999.0 -9999.0 -9999.0 -9999.0 -9999.0 -9999.0 -9999.0 -9999.0 -9999.0 -9999.0 -9999.0 -9999.0 -9999.0 -9999.0 -9999.0 -9999.0 -9999.0 -9999.0 -9999.0 -9999.0 -9999.0 -9999.0 -9999.0 -9999.0 -9999.0 -9999.0 -9999.0 -9999.0 -9999.0 -9999.0 -9999.0 -9999.0 -9999.0 -9999.0 -9999.0 -9999.0 -9999.0 -9999.0 -9999.0 -9999.0 -9999.0 -9999.0 -9999.0 -9999.0 -9999.0 -9999.0 -9999.0 -9999.0 -9999.0 -9999.0
-9999.0 -9999.0 332.314803 241.369465 146.883248 51.093438 -45.204198 -141.709011 -238.267799 -334.756118 -431.034209 -526.808476 -621.514793 -715.236090 -809.184649 -903.075342 -996.932397 -1090.041060 -1180.988146 -1265.378549 -1335.889768 -1390.062420 -1428.937659 -1455.542307 -1473.276592 -1484.996329 -1492.761247 -1497.935978 -1501.395426 -1503.704739 -1505.239162 -1506.252735 -1506.918558 -1507.353911 -1507.637548 -1507.823721 -1507.956671 -1508.095355 -1508.438876 -1510.171043 -1518.951176 -1543.706541 -1128.153282 -1180.826185 -1150.380450 -1131.748797 -1123.153959 -1122.001731 -1121.885022 -1121.899268 -1121.932518 -1121.968061 -1122.002181 -1122.033755 -1122.062923 -1122.095638 -1122.190529 -1122.848430 -1127.299161 -1137.418423 -1153.247503 -1082.695230 -1518.639399 -1514.079869 -1509.302235 -1508.419044 -1508.284542 -1508.263879 -1508.261420 -1508.262099 -1508.263164 -1508.264086 -1508.264803 -1508.265347 -1508.265763 -1508.266085 -1508.266339 -1508.266545 -1508.266716 -1508.266867 -1508.267015 -1508.267178 -1508.267384 -1508.267669 -1508.268090 -1508.268738 -1508.269757 -1508.271385 -1508.274027 -1508.278387 -1508.285733 -1508.298429 -1508.321020 -1508.362436 -1508.440488 -1508.591094 -1508.888250 -1509.491930 -1510.776439 -1513.701480 -1521.037593 -1543.097050 -9999.0 -9999.0
-9999.0 -9999.0 332.323410 241.371558 146.883804 51.093603 -45.204146 -141.708993 -238.267793 -334.756115 -431.034208 -526.808475 -621.514793 -715.236090 -809.184649 -903.075342 -996.932397 -1090.041060 -1180.988146 -1265.378549 -1335.889769 -1390.062420 -1428.937659 -1455.542307 -1473.276592 -1484.996329 -1492.761247 -1497.935978 -1501.395426 -1503.704739 -1505.239162 -1506.252735 -1506.918558 -1507.353911 -1507.637548 -1507.823721 -1507.956671 -1508.095355 -1508.438876 -1510.171043 -1518.951176 -1543.706541 -1128.153282 -1180.826184 -1150.380449 -1131.748796 -1123.153959 -1122.001731 -1121.885022 -1121.899268 -1121.932518 -1121.968061 -1122.002181 -1122.033755 -1122.062923 -1122.095638 -1122.190529 -1122.848430 -1127.299161 -1137.418423 -1153.247503 -1082.695230 -1518.639399 -1514.079869 -1509.302235 -1508.419044 -1508.284542 -1508.263879 -1508.261420 -1508.262099 -1508.263164 -1508.264086 -1508.264803 -1508.265347 -1508.265763 -1508.266085 -1508.266339 -1508.266545 -1508.266716 -1508.266867 -1508.267015 -1508.267178 -1508.267384 -1508.267669 -1508.268090 -1508.268738 -1508.269757 -1508.271385 -1508.274027 -1508.278387 -1508.285733 -1508.298429 -1508.321020 -1508.362436 -1508.440488 -1508.591094 -1508.888250 -1509.491930 -1510.776439 -1513.701480 -1521.037593 -1543.097050 -9999.0 -9999.0
-9999.0 -9999.0 332.325040 241.372444 146.884158 51.093732 -45.204100 -141.708977 -238.267787 -334.756113 -431.034208 -526.808475 -621.514793 -715.236090 -809.184649 -903.075342 -996.932397 -1090.041060 -1180.988146 -1265.378549 -1335.889769 -1390.062420 -1428.937659 -1455.542307 -1473.276592 -1484.996329 -1492.761247 -1497.935978 -1501.395426 -1503.704739 -1505.239162 -1506.252735 -1506.918558 -1507.353911 -1507.637548 -1507.823721 -1507.956671 -1508.095355 -1508.438876 -1510.171043 -1518.951176 -1543.706541 -1128.153282 -1180.826184 -1150.380449 -1131.748796 -1123.153959 -1122.001731 -1121.885022 -1121.899268 -1121.932518 -1121.968061 -1122.002181 -1122.033755 -1122.062923 -1122.095638 -1122.190529 -1122.848430 -1127.299161 -1137.418423 -1153.247503 -1082.695230 -1518.639399 -1514.079869 -1509.302235 -1508.419044 -1508.284542 -1508.263879 -1508.261420 -1508.262099 -1508.263164 -1508.264086 -1508.264803 -1508.265347 -1508.265763 -1508.266085 -1508.266339 -1508.266545 -1508.266716 -1508.266867 -1508.267015 -1508.267178 -1508.267384 -1508.267669 -1508.268090 -1508.268738 -1508.269757 -1508.271385 -1508.274027 -1508.278387 -1508.285733 -1508.298429 -1508.321020 -1508.362436 -1508.440488 -1508.591094 -1508.888250 -1509.491930 -1510.776439 -1513.701480 -1521.037593 -1543.097050 -9999.0 -9999.0
-9999.0 -9999.0 332.325040 241.372444 146.884158 51.093732 -45.204100 -141.708977 -238.267787 -334.756113 -431.034208 -526.808475 -621.514793 -715.236090 -809.184649 -903.075342 -996.932397 -1090.041060 -1180.988146 -1265.378549 -1335.889769 -1390.062420 -1428.937659 -1455.542307 -1473.276592 -1484.996329 -1492.761247 -1497.935978 -1501.395426 -1503.704739 -1505.239162 -1506.252735 -1506.918558 -1507.353911 -1507.637548 -1507.823721 -1507.956671 -1508.095355 -1508.438876 -1510.171043 -1518.951176 -1543.706541 -1128.153282 -1180.826184 -1150.380449 -1131.748796 -1123.153959 -1122.001731 -1121.885022 -1121.899268 -1121.932518 -1121.968061 -1122.002181 -1122.033755 -1122.062923 -1122.095638 -1122.190529 -1122.848430 -1127.299161 -1137.418423 -1153.247503 -1082.695230 -1518.639399 -1514.079869 -1509.302235 -1508.419044 -1508.284542 -1508.263879 -1508.261420 -1508.262099 -1508.263164 -1508.264086 -1508.264803 -1508.265347 -1508.265763 -1508.266085 -1508.266339 -1508.266545 -1508.266716 -1508.266867 -1508.267015 -1508.267178 -1508.267384 -1508.267669 -1508.268090 -1508.268738 -1508.269757 -1508.271385 -1508.274027 -1508.278387 -1508.285733 -1508.298429 -1508.321020 -1508.362436 -1508.440488 -1508.591094 -1508.888250 -1509.491930 -1510.776439 -1513.701480 -1521.037593 -1543.097050 -9999.0 -9999.0
-9999.0 -9999.0 332.323410 241.371558 146.883804 51.093603 -45.204146 -141.708993 -238.267793 -334.756116 -431.034208 -526.808475 -621.514793 -715.236090 -809.184649 -903.075342 -996.932397 -1090.041060 -1180.988146 -1265.378549 -1335.889769 -1390.062420 -1428.937659 -1455.542307 -1473.276592 -1484.996329 -1492.761247 -1497.935978 -1501.395426 -1503.704739 -1505.239162 -1506.252735 -1506.918558 -1507.353911 -1507.637548 -1507.823721 -1507.956671 -1508.095355 -1508.438876 -1510.171043 -1518.951176 -1543.706541 -1128.153282 -1180.826184 -1150.380449 -1131.748796 -1123.153959 -1122.001731 -1121.885022 -1121.899268 -1121.932518 -1121.968061 -1122.002181 -1122.033755 -1122.062923 -1122.095638 -1122.190529 -1122.848430 -1127.299161 -1137.418423 -1153.247503 -1082.695230 -1518.639399 -1514.079869 -1509.302235 -1508.419044 -1508.284542 -1508.263879 -1508.261420 -1508.262099 -1508.263164 -1508.264086 -1508.264803 -1508.265347 -1508.265763 -1508.266085 -1508.266339 -1508.266545 -1508.266716 -1508.266867 -1508.267015 -1508.267178 -1508.267384 -1508.267669 -1508.268090 -1508.268738 -1508.269757 -1508.271385 -1508.274027 -1508.278387 -1508.285733 -1508.298429 -1508.321020 -1508.362436 -1508.440488 -1508.591094 -1508.888250 -1509.491930 -1510.776439 -1513.701480 -1521.037593 -1543.097050 -9999.0 -9999.0
-9999.0 -9999.0 332.314803 241.369465 146.883248 51.093438 -45.204198 -141.709011 -238.267799 -334.756118 -431.034209 -526.808476 -621.514793 -715.236090 -809.184649 -903.075342 -996.932397 -1090.041060 -1180.988146 -1265.378549 -1335.889768 -1390.062420 -1428.937659 -1455.542307 -1473.276592 -1484.996329 -1492.761247 -1497.935978 -1501.395426 -1503.704739 -1505.239162 -1506.252735 -1506.918558 -1507.353911 -1507.637548 -1507.823721 -1507.956671 -1508.095355 -1508.438876 -1510.171043 -1518.951176 -1543.706541 -1128.153282 -1180.826185 -1150.380450 -1131.748797 -1123.153959 -1122.001731 -1121.885022 -1121.899268 -1121.932518 -1121.968061 -1122.002181 -1122.033755 -1122.062923 -1122.095638 -1122.190529 -1122.848430 -1127.299161 -1137.418423 -1153.247503 -1082.695230 -1518.639399 -1514.079869 -1509.302235 -1508.419044 -1508.284542 -1508.263879 -1508.261420 -1508.262099 -1508.263164 -1508.264086 -1508.264803 -1508.265347 -1508.265763 -1508.266085 -1508.266339 -1508.266545 -1508.266716 -1508.266867 -1508.267015 -1508.267178 -1508.267384 -1508.267669 -1508.268090 -1508.268738 -1508.269757 -1508.271385 -1508.274027 -1508.278387 -1508.285733 -1508.298429 -1508.321020 -1508.362436 -1508.440488 -1508.591094 -1508.888250 -1509.491930 -1510.776439 -1513.701480 -1521.037593 -1543.097050 -9999.0 -9999.0
-9999.0 -9999.0 -9999.0 -9999.0 -9999.0 -9999.0 -9999.0 -9999.0 -9999.0 -9999.0 -9999.0 -9999.0 -9999.0 -9999.0 -9999.0 -9999.0 -9999.0 -9999.0 -9999.0 -9999.0 -9999.0 -9999.0 -9999.0 -9999.0 -9999.0 -9999.0 -9999.0 -9999.0 -9999.0 -9999.0 -9999.0 -9999.0 -9999.0 -9999.0 -9999.0 -9999.0 -9999.0 -9999.0 -9999.0 -9999.0 -9999.0 -9999.0 -9999.0 -9999.0 -9999.0 -9999.0 -9999.0 -9999.0 -9999.0 -9999.0 -9999.0 -9999.0 -9999.0 -9999.0 -9999.0 -9999.0 -9999.0 -9999.0 -9999.0 -9999.0 -9999.0 -9999.0 -9999.0 -9999.0 -9999.0 -9999.0 -9999.0 -9999.0 -9999.0 -9999.0 -9999.0 -9999.0 -9999.0 -9999.0 -9999.0 -9999.0 -9999.0 -9999.0 -9999.0 -9999.0 -9999.0 -9999.0 -9999.0 -9999.0 -9999.0 -9999.0 -9999.0 -9999.0 -9999.0 -9999.0 -9999.0 -9999.0 -9999.0 -9999.0 -9999.0 -9999.0 -9999.0 -9999.0 -9999.0 -9999.0 -9999.0 -9999.0 -9999.0 -9999.0
-9999.0 -9999.0 -9999.0 -9999.0 -9999.0 -9999.0 -9999.0 -9999.0 -9999.0 -9999.0 -9999.0 -9999.0 -9999.0 -9999.0 -9999.0 -9999.0 -9999.0 -9999.0 -9999.0 -9999.0 -9999.0 -9999.0 -9999.0 -9999.0 -9999.0 -9999.0 -9999.0 -9999.0 -9999.0 -9999.0 -9999.0 -9999.0 -9999.0 -9999.0 -9999.0 -9999.0 -9999.0 -9999.0 -9999.0 -9999.0 -9999.0 -9999.0 -9999.0 -9999.0 -9999.0 -9999.0 -9999.0 -9999.0 -9999.0 -9999.0 -9999.0 -9999.0 -9999.0 -9999.0 -9999.0 -9999.0 -9999.0 -9999.0 -9999.0 -9999.0 -9999.0 -9999.0 -9999.0 -9999.0 -9999.0 -9999.0 -9999.0 -9999.0 -9999.0 -9999.0 -9999.0 -9999.0 -9999.0 -9999.0 -9999.0 -9999.0 -9999.0 -9999.0 -9999.0 -9999.0 -9999.0 -9999.0 -9999.0 -9999.0 -9999.0 -9999.0 -9999.0 -9999.0 -9999.0 -9999.0 -9999.0 -9999.0 -9999.0 -9999.0 -9999.0 -9999.0 -9999.0 -9999.0 -9999.0 -9999.0 -9999.0 -9999.0 -9999.0 -9999.0