inst/processing_geotop_simulation/geotop_simulation/out/maps3D/PwL0006N0320.asc
ncols         104
nrows         10
xllcorner     -2.000000
yllcorner     0.000000
cellsize      1.000000
NODATA_value  -9999.0
-9999.0 -9999.0 -9999.0 -9999.0 -9999.0 -9999.0 -9999.0 -9999.0 -9999.0 -9999.0 -9999.0 -9999.0 -9999.0 -9999.0 -9999.0 -9999.0 -9999.0 -9999.0 -9999.0 -9999.0 -9999.0 -9999.0 -9999.0 -9999.0 -9999.0 -9999.0 -9999.0 -9999.0 -9999.0 -9999.0 -9999.0 -9999.0 -9999.0 -9999.0 -9999.0 -9999.0 -9999.0 -9999.0 -9999.0 -9999.0 -9999.0 -9999.0 -9999.0 -9999.0 -9999.0 -9999.0 -9999.0 -9999.0 -9999.0 -9999.0 -9999.0 -9999.0 -9999.0 -9999.0 -9999.0 -9999.0 -9999.0 -9999.0 -9999.0 -9999.0 -9999.0 -9999.0 -9999.0 -9999.0 -9999.0 -9999.0 -9999.0 -9999.0 -9999.0 -9999.0 -9999.0 -9999.0 -9999.0 -9999.0 -9999.0 -9999.0 -9999.0 -9999.0 -9999.0 -9999.0 -9999.0 -9999.0 -9999.0 -9999.0 -9999.0 -9999.0 -9999.0 -9999.0 -9999.0 -9999.0 -9999.0 -9999.0 -9999.0 -9999.0 -9999.0 -9999.0 -9999.0 -9999.0 -9999.0 -9999.0 -9999.0 -9999.0 -9999.0 -9999.0
-9999.0 -9999.0 -9999.0 -9999.0 -9999.0 -9999.0 -9999.0 -9999.0 -9999.0 -9999.0 -9999.0 -9999.0 -9999.0 -9999.0 -9999.0 -9999.0 -9999.0 -9999.0 -9999.0 -9999.0 -9999.0 -9999.0 -9999.0 -9999.0 -9999.0 -9999.0 -9999.0 -9999.0 -9999.0 -9999.0 -9999.0 -9999.0 -9999.0 -9999.0 -9999.0 -9999.0 -9999.0 -9999.0 -9999.0 -9999.0 -9999.0 -9999.0 -9999.0 -9999.0 -9999.0 -9999.0 -9999.0 -9999.0 -9999.0 -9999.0 -9999.0 -9999.0 -9999.0 -9999.0 -9999.0 -9999.0 -9999.0 -9999.0 -9999.0 -9999.0 -9999.0 -9999.0 -9999.0 -9999.0 -9999.0 -9999.0 -9999.0 -9999.0 -9999.0 -9999.0 -9999.0 -9999.0 -9999.0 -9999.0 -9999.0 -9999.0 -9999.0 -9999.0 -9999.0 -9999.0 -9999.0 -9999.0 -9999.0 -9999.0 -9999.0 -9999.0 -9999.0 -9999.0 -9999.0 -9999.0 -9999.0 -9999.0 -9999.0 -9999.0 -9999.0 -9999.0 -9999.0 -9999.0 -9999.0 -9999.0 -9999.0 -9999.0 -9999.0 -9999.0
-9999.0 -9999.0 275.251130 178.121282 79.788701 -18.947773 -117.839889 -216.795513 -315.765045 -414.712817 -513.597244 -612.322510 -710.694597 -808.935713 -907.010853 -1005.054053 -1102.992458 -1199.691582 -1294.872805 -1387.547401 -1475.807766 -1556.583402 -1626.708210 -1684.358663 -1729.536864 -1763.610476 -1788.569318 -1806.451167 -1819.043223 -1827.787086 -1833.789036 -1837.869903 -1840.623444 -1842.470462 -1843.704601 -1844.530433 -1845.099942 -1845.577845 -1846.369229 -1848.800214 -1854.190478 -1826.224386 -1174.000975 -1200.179715 -1182.661925 -1171.240755 -1165.910382 -1165.122950 -1165.039519 -1165.047544 -1165.068717 -1165.091495 -1165.113385 -1165.133657 -1165.152485 -1165.174501 -1165.243584 -1165.709819 -1168.528031 -1174.815157 -1183.157626 -1145.108688 -1799.213818 -1847.758520 -1847.376989 -1846.489177 -1846.282859 -1846.246707 -1846.241329 -1846.241053 -1846.241542 -1846.242051 -1846.242465 -1846.242784 -1846.243031 -1846.243224 -1846.243378 -1846.243504 -1846.243611 -1846.243707 -1846.243803 -1846.243909 -1846.244043 -1846.244227 -1846.244497 -1846.244911 -1846.245561 -1846.246601 -1846.248296 -1846.251115 -1846.255914 -1846.264313 -1846.279460 -1846.307606 -1846.361405 -1846.467178 -1846.682232 -1847.140182 -1848.179411 -1850.744216 -1857.861099 -1881.236934 -9999.0 -9999.0
-9999.0 -9999.0 275.259255 178.123149 79.789188 -18.947630 -117.839844 -216.795498 -315.765039 -414.712815 -513.597243 -612.322509 -710.694597 -808.935713 -907.010853 -1005.054053 -1102.992458 -1199.691582 -1294.872806 -1387.547401 -1475.807766 -1556.583402 -1626.708211 -1684.358663 -1729.536864 -1763.610476 -1788.569318 -1806.451167 -1819.043223 -1827.787087 -1833.789036 -1837.869903 -1840.623444 -1842.470462 -1843.704601 -1844.530433 -1845.099942 -1845.577845 -1846.369229 -1848.800214 -1854.190478 -1826.224386 -1174.000975 -1200.179714 -1182.661925 -1171.240755 -1165.910382 -1165.122950 -1165.039519 -1165.047544 -1165.068717 -1165.091495 -1165.113385 -1165.133657 -1165.152485 -1165.174501 -1165.243584 -1165.709819 -1168.528031 -1174.815157 -1183.157626 -1145.108688 -1799.213818 -1847.758520 -1847.376989 -1846.489177 -1846.282859 -1846.246707 -1846.241329 -1846.241053 -1846.241542 -1846.242051 -1846.242465 -1846.242784 -1846.243031 -1846.243224 -1846.243378 -1846.243504 -1846.243611 -1846.243707 -1846.243803 -1846.243909 -1846.244043 -1846.244227 -1846.244497 -1846.244911 -1846.245561 -1846.246601 -1846.248296 -1846.251115 -1846.255914 -1846.264313 -1846.279460 -1846.307606 -1846.361405 -1846.467178 -1846.682232 -1847.140182 -1848.179411 -1850.744216 -1857.861099 -1881.236934 -9999.0 -9999.0
-9999.0 -9999.0 275.260663 178.123930 79.789498 -18.947517 -117.839804 -216.795483 -315.765034 -414.712813 -513.597242 -612.322509 -710.694597 -808.935713 -907.010853 -1005.054053 -1102.992459 -1199.691583 -1294.872806 -1387.547401 -1475.807767 -1556.583403 -1626.708211 -1684.358663 -1729.536864 -1763.610476 -1788.569318 -1806.451167 -1819.043223 -1827.787087 -1833.789036 -1837.869903 -1840.623444 -1842.470462 -1843.704601 -1844.530433 -1845.099942 -1845.577845 -1846.369229 -1848.800214 -1854.190478 -1826.224386 -1174.000975 -1200.179714 -1182.661925 -1171.240755 -1165.910382 -1165.122950 -1165.039519 -1165.047544 -1165.068717 -1165.091495 -1165.113385 -1165.133657 -1165.152485 -1165.174501 -1165.243584 -1165.709819 -1168.528031 -1174.815157 -1183.157626 -1145.108688 -1799.213818 -1847.758520 -1847.376989 -1846.489177 -1846.282859 -1846.246707 -1846.241329 -1846.241053 -1846.241542 -1846.242051 -1846.242465 -1846.242784 -1846.243031 -1846.243224 -1846.243378 -1846.243504 -1846.243611 -1846.243707 -1846.243803 -1846.243909 -1846.244043 -1846.244227 -1846.244497 -1846.244911 -1846.245561 -1846.246601 -1846.248296 -1846.251115 -1846.255914 -1846.264313 -1846.279460 -1846.307606 -1846.361405 -1846.467178 -1846.682232 -1847.140182 -1848.179411 -1850.744216 -1857.861099 -1881.236934 -9999.0 -9999.0
-9999.0 -9999.0 275.260663 178.123930 79.789498 -18.947517 -117.839804 -216.795483 -315.765034 -414.712813 -513.597242 -612.322509 -710.694596 -808.935713 -907.010853 -1005.054053 -1102.992459 -1199.691583 -1294.872806 -1387.547401 -1475.807767 -1556.583403 -1626.708211 -1684.358663 -1729.536864 -1763.610476 -1788.569318 -1806.451167 -1819.043223 -1827.787087 -1833.789036 -1837.869903 -1840.623444 -1842.470462 -1843.704601 -1844.530433 -1845.099942 -1845.577845 -1846.369229 -1848.800214 -1854.190478 -1826.224386 -1174.000975 -1200.179714 -1182.661925 -1171.240755 -1165.910382 -1165.122950 -1165.039519 -1165.047544 -1165.068717 -1165.091495 -1165.113385 -1165.133657 -1165.152485 -1165.174501 -1165.243584 -1165.709819 -1168.528031 -1174.815157 -1183.157626 -1145.108688 -1799.213818 -1847.758520 -1847.376989 -1846.489177 -1846.282859 -1846.246707 -1846.241329 -1846.241053 -1846.241542 -1846.242051 -1846.242465 -1846.242784 -1846.243031 -1846.243224 -1846.243378 -1846.243504 -1846.243611 -1846.243707 -1846.243803 -1846.243909 -1846.244043 -1846.244227 -1846.244497 -1846.244911 -1846.245561 -1846.246601 -1846.248296 -1846.251115 -1846.255914 -1846.264313 -1846.279460 -1846.307606 -1846.361405 -1846.467178 -1846.682232 -1847.140182 -1848.179411 -1850.744216 -1857.861099 -1881.236934 -9999.0 -9999.0
-9999.0 -9999.0 275.259255 178.123149 79.789188 -18.947629 -117.839844 -216.795498 -315.765039 -414.712815 -513.597243 -612.322509 -710.694597 -808.935713 -907.010853 -1005.054053 -1102.992459 -1199.691582 -1294.872806 -1387.547401 -1475.807766 -1556.583402 -1626.708211 -1684.358663 -1729.536864 -1763.610476 -1788.569318 -1806.451167 -1819.043223 -1827.787087 -1833.789036 -1837.869903 -1840.623444 -1842.470462 -1843.704601 -1844.530433 -1845.099942 -1845.577845 -1846.369229 -1848.800214 -1854.190478 -1826.224386 -1174.000975 -1200.179714 -1182.661925 -1171.240755 -1165.910382 -1165.122950 -1165.039519 -1165.047544 -1165.068717 -1165.091495 -1165.113385 -1165.133657 -1165.152485 -1165.174501 -1165.243584 -1165.709819 -1168.528031 -1174.815157 -1183.157626 -1145.108688 -1799.213818 -1847.758520 -1847.376989 -1846.489177 -1846.282859 -1846.246707 -1846.241329 -1846.241053 -1846.241542 -1846.242051 -1846.242465 -1846.242784 -1846.243031 -1846.243224 -1846.243378 -1846.243504 -1846.243611 -1846.243707 -1846.243803 -1846.243909 -1846.244043 -1846.244227 -1846.244497 -1846.244911 -1846.245561 -1846.246601 -1846.248296 -1846.251115 -1846.255914 -1846.264313 -1846.279460 -1846.307606 -1846.361405 -1846.467178 -1846.682232 -1847.140182 -1848.179411 -1850.744216 -1857.861099 -1881.236934 -9999.0 -9999.0
-9999.0 -9999.0 275.251130 178.121282 79.788701 -18.947773 -117.839889 -216.795513 -315.765045 -414.712817 -513.597244 -612.322510 -710.694597 -808.935713 -907.010853 -1005.054053 -1102.992458 -1199.691582 -1294.872805 -1387.547401 -1475.807766 -1556.583402 -1626.708210 -1684.358663 -1729.536864 -1763.610476 -1788.569318 -1806.451167 -1819.043223 -1827.787086 -1833.789036 -1837.869903 -1840.623444 -1842.470462 -1843.704601 -1844.530433 -1845.099942 -1845.577845 -1846.369229 -1848.800214 -1854.190478 -1826.224386 -1174.000975 -1200.179715 -1182.661925 -1171.240755 -1165.910382 -1165.122950 -1165.039519 -1165.047544 -1165.068717 -1165.091495 -1165.113385 -1165.133657 -1165.152485 -1165.174501 -1165.243584 -1165.709819 -1168.528031 -1174.815157 -1183.157626 -1145.108688 -1799.213818 -1847.758520 -1847.376989 -1846.489177 -1846.282859 -1846.246707 -1846.241329 -1846.241053 -1846.241542 -1846.242051 -1846.242465 -1846.242784 -1846.243031 -1846.243224 -1846.243378 -1846.243504 -1846.243611 -1846.243707 -1846.243803 -1846.243909 -1846.244043 -1846.244227 -1846.244497 -1846.244911 -1846.245561 -1846.246601 -1846.248296 -1846.251115 -1846.255914 -1846.264313 -1846.279460 -1846.307606 -1846.361405 -1846.467178 -1846.682232 -1847.140182 -1848.179411 -1850.744216 -1857.861099 -1881.236934 -9999.0 -9999.0
-9999.0 -9999.0 -9999.0 -9999.0 -9999.0 -9999.0 -9999.0 -9999.0 -9999.0 -9999.0 -9999.0 -9999.0 -9999.0 -9999.0 -9999.0 -9999.0 -9999.0 -9999.0 -9999.0 -9999.0 -9999.0 -9999.0 -9999.0 -9999.0 -9999.0 -9999.0 -9999.0 -9999.0 -9999.0 -9999.0 -9999.0 -9999.0 -9999.0 -9999.0 -9999.0 -9999.0 -9999.0 -9999.0 -9999.0 -9999.0 -9999.0 -9999.0 -9999.0 -9999.0 -9999.0 -9999.0 -9999.0 -9999.0 -9999.0 -9999.0 -9999.0 -9999.0 -9999.0 -9999.0 -9999.0 -9999.0 -9999.0 -9999.0 -9999.0 -9999.0 -9999.0 -9999.0 -9999.0 -9999.0 -9999.0 -9999.0 -9999.0 -9999.0 -9999.0 -9999.0 -9999.0 -9999.0 -9999.0 -9999.0 -9999.0 -9999.0 -9999.0 -9999.0 -9999.0 -9999.0 -9999.0 -9999.0 -9999.0 -9999.0 -9999.0 -9999.0 -9999.0 -9999.0 -9999.0 -9999.0 -9999.0 -9999.0 -9999.0 -9999.0 -9999.0 -9999.0 -9999.0 -9999.0 -9999.0 -9999.0 -9999.0 -9999.0 -9999.0 -9999.0
-9999.0 -9999.0 -9999.0 -9999.0 -9999.0 -9999.0 -9999.0 -9999.0 -9999.0 -9999.0 -9999.0 -9999.0 -9999.0 -9999.0 -9999.0 -9999.0 -9999.0 -9999.0 -9999.0 -9999.0 -9999.0 -9999.0 -9999.0 -9999.0 -9999.0 -9999.0 -9999.0 -9999.0 -9999.0 -9999.0 -9999.0 -9999.0 -9999.0 -9999.0 -9999.0 -9999.0 -9999.0 -9999.0 -9999.0 -9999.0 -9999.0 -9999.0 -9999.0 -9999.0 -9999.0 -9999.0 -9999.0 -9999.0 -9999.0 -9999.0 -9999.0 -9999.0 -9999.0 -9999.0 -9999.0 -9999.0 -9999.0 -9999.0 -9999.0 -9999.0 -9999.0 -9999.0 -9999.0 -9999.0 -9999.0 -9999.0 -9999.0 -9999.0 -9999.0 -9999.0 -9999.0 -9999.0 -9999.0 -9999.0 -9999.0 -9999.0 -9999.0 -9999.0 -9999.0 -9999.0 -9999.0 -9999.0 -9999.0 -9999.0 -9999.0 -9999.0 -9999.0 -9999.0 -9999.0 -9999.0 -9999.0 -9999.0 -9999.0 -9999.0 -9999.0 -9999.0 -9999.0 -9999.0 -9999.0 -9999.0 -9999.0 -9999.0 -9999.0 -9999.0