inst/processing_geotop_simulation/geotop_simulation/out/maps3D/PwL0015N0199.asc
ncols         104
nrows         10
xllcorner     -2.000000
yllcorner     0.000000
cellsize      1.000000
NODATA_value  -9999.0
-9999.0 -9999.0 -9999.0 -9999.0 -9999.0 -9999.0 -9999.0 -9999.0 -9999.0 -9999.0 -9999.0 -9999.0 -9999.0 -9999.0 -9999.0 -9999.0 -9999.0 -9999.0 -9999.0 -9999.0 -9999.0 -9999.0 -9999.0 -9999.0 -9999.0 -9999.0 -9999.0 -9999.0 -9999.0 -9999.0 -9999.0 -9999.0 -9999.0 -9999.0 -9999.0 -9999.0 -9999.0 -9999.0 -9999.0 -9999.0 -9999.0 -9999.0 -9999.0 -9999.0 -9999.0 -9999.0 -9999.0 -9999.0 -9999.0 -9999.0 -9999.0 -9999.0 -9999.0 -9999.0 -9999.0 -9999.0 -9999.0 -9999.0 -9999.0 -9999.0 -9999.0 -9999.0 -9999.0 -9999.0 -9999.0 -9999.0 -9999.0 -9999.0 -9999.0 -9999.0 -9999.0 -9999.0 -9999.0 -9999.0 -9999.0 -9999.0 -9999.0 -9999.0 -9999.0 -9999.0 -9999.0 -9999.0 -9999.0 -9999.0 -9999.0 -9999.0 -9999.0 -9999.0 -9999.0 -9999.0 -9999.0 -9999.0 -9999.0 -9999.0 -9999.0 -9999.0 -9999.0 -9999.0 -9999.0 -9999.0 -9999.0 -9999.0 -9999.0 -9999.0
-9999.0 -9999.0 -9999.0 -9999.0 -9999.0 -9999.0 -9999.0 -9999.0 -9999.0 -9999.0 -9999.0 -9999.0 -9999.0 -9999.0 -9999.0 -9999.0 -9999.0 -9999.0 -9999.0 -9999.0 -9999.0 -9999.0 -9999.0 -9999.0 -9999.0 -9999.0 -9999.0 -9999.0 -9999.0 -9999.0 -9999.0 -9999.0 -9999.0 -9999.0 -9999.0 -9999.0 -9999.0 -9999.0 -9999.0 -9999.0 -9999.0 -9999.0 -9999.0 -9999.0 -9999.0 -9999.0 -9999.0 -9999.0 -9999.0 -9999.0 -9999.0 -9999.0 -9999.0 -9999.0 -9999.0 -9999.0 -9999.0 -9999.0 -9999.0 -9999.0 -9999.0 -9999.0 -9999.0 -9999.0 -9999.0 -9999.0 -9999.0 -9999.0 -9999.0 -9999.0 -9999.0 -9999.0 -9999.0 -9999.0 -9999.0 -9999.0 -9999.0 -9999.0 -9999.0 -9999.0 -9999.0 -9999.0 -9999.0 -9999.0 -9999.0 -9999.0 -9999.0 -9999.0 -9999.0 -9999.0 -9999.0 -9999.0 -9999.0 -9999.0 -9999.0 -9999.0 -9999.0 -9999.0 -9999.0 -9999.0 -9999.0 -9999.0 -9999.0 -9999.0
-9999.0 -9999.0 728.426542 632.869716 536.466215 439.428144 342.085039 244.608950 147.086994 49.564568 -47.920641 -145.353911 -242.693308 -339.834858 -436.585613 -532.655028 -627.569312 -721.929870 -816.531850 -910.293729 -1002.858775 -1089.866785 -1165.112880 -1228.946650 -1280.523311 -1320.394466 -1350.071766 -1371.477805 -1386.522778 -1396.873141 -1403.870470 -1408.535478 -1411.612423 -1413.626260 -1414.937943 -1415.792954 -1416.364718 -1416.815478 -1417.521633 -1420.193782 -1432.605274 -1494.758157 -2029.090656 -4201.609895 -4232.671160 -4232.672646 -4232.672293 -4232.672236 -4232.672230 -4232.672231 -4232.672232 -4232.672234 -4232.672235 -4232.672236 -4232.672238 -4232.672239 -4232.672243 -4232.672272 -4232.672471 -4232.669076 -4181.671679 -1903.682318 -1459.967841 -1425.794763 -1418.959925 -1417.731926 -1417.539594 -1417.510707 -1417.506917 -1417.507161 -1417.507963 -1417.508700 -1417.509283 -1417.509729 -1417.510073 -1417.510341 -1417.510554 -1417.510727 -1417.510872 -1417.511002 -1417.511129 -1417.511270 -1417.511447 -1417.511690 -1417.512050 -1417.512600 -1417.513465 -1417.514849 -1417.517100 -1417.520828 -1417.527142 -1417.538127 -1417.557809 -1417.594151 -1417.663172 -1417.797813 -1418.068581 -1418.636821 -1419.902503 -1422.930567 -1430.826851 -1454.668155 -9999.0 -9999.0
-9999.0 -9999.0 728.431132 632.871253 536.466683 439.428291 342.085087 244.608966 147.087000 49.564570 -47.920640 -145.353911 -242.693307 -339.834858 -436.585613 -532.655028 -627.569312 -721.929870 -816.531850 -910.293729 -1002.858776 -1089.866786 -1165.112880 -1228.946650 -1280.523311 -1320.394467 -1350.071766 -1371.477805 -1386.522778 -1396.873141 -1403.870470 -1408.535478 -1411.612423 -1413.626260 -1414.937943 -1415.792954 -1416.364718 -1416.815478 -1417.521633 -1420.193782 -1432.605274 -1494.758157 -2029.090656 -4201.609895 -4232.671160 -4232.672646 -4232.672293 -4232.672236 -4232.672230 -4232.672231 -4232.672232 -4232.672234 -4232.672235 -4232.672236 -4232.672238 -4232.672239 -4232.672243 -4232.672272 -4232.672471 -4232.669076 -4181.671679 -1903.682318 -1459.967841 -1425.794763 -1418.959925 -1417.731926 -1417.539594 -1417.510707 -1417.506917 -1417.507161 -1417.507963 -1417.508700 -1417.509283 -1417.509729 -1417.510073 -1417.510341 -1417.510554 -1417.510727 -1417.510872 -1417.511002 -1417.511129 -1417.511270 -1417.511447 -1417.511690 -1417.512050 -1417.512600 -1417.513465 -1417.514849 -1417.517100 -1417.520828 -1417.527142 -1417.538127 -1417.557809 -1417.594151 -1417.663172 -1417.797813 -1418.068581 -1418.636821 -1419.902503 -1422.930567 -1430.826851 -1454.668155 -9999.0 -9999.0
-9999.0 -9999.0 728.432578 632.872012 536.466995 439.428408 342.085130 244.608982 147.087005 49.564572 -47.920639 -145.353911 -242.693307 -339.834858 -436.585613 -532.655028 -627.569312 -721.929870 -816.531850 -910.293730 -1002.858776 -1089.866786 -1165.112880 -1228.946650 -1280.523311 -1320.394467 -1350.071766 -1371.477805 -1386.522778 -1396.873141 -1403.870470 -1408.535478 -1411.612423 -1413.626260 -1414.937943 -1415.792954 -1416.364718 -1416.815478 -1417.521633 -1420.193782 -1432.605274 -1494.758157 -2029.090656 -4201.609895 -4232.671160 -4232.672646 -4232.672293 -4232.672236 -4232.672230 -4232.672231 -4232.672232 -4232.672234 -4232.672235 -4232.672236 -4232.672238 -4232.672239 -4232.672243 -4232.672272 -4232.672471 -4232.669076 -4181.671679 -1903.682318 -1459.967841 -1425.794763 -1418.959925 -1417.731926 -1417.539594 -1417.510707 -1417.506917 -1417.507161 -1417.507963 -1417.508700 -1417.509283 -1417.509729 -1417.510073 -1417.510341 -1417.510554 -1417.510727 -1417.510872 -1417.511002 -1417.511129 -1417.511270 -1417.511447 -1417.511690 -1417.512050 -1417.512600 -1417.513465 -1417.514849 -1417.517100 -1417.520828 -1417.527142 -1417.538127 -1417.557809 -1417.594151 -1417.663172 -1417.797813 -1418.068581 -1418.636821 -1419.902503 -1422.930567 -1430.826851 -1454.668155 -9999.0 -9999.0
-9999.0 -9999.0 728.432578 632.872012 536.466995 439.428408 342.085130 244.608982 147.087005 49.564572 -47.920639 -145.353911 -242.693307 -339.834858 -436.585613 -532.655028 -627.569312 -721.929870 -816.531850 -910.293729 -1002.858776 -1089.866786 -1165.112880 -1228.946650 -1280.523311 -1320.394467 -1350.071766 -1371.477805 -1386.522778 -1396.873141 -1403.870470 -1408.535478 -1411.612423 -1413.626260 -1414.937943 -1415.792954 -1416.364718 -1416.815478 -1417.521633 -1420.193782 -1432.605274 -1494.758157 -2029.090656 -4201.609895 -4232.671160 -4232.672646 -4232.672293 -4232.672236 -4232.672230 -4232.672231 -4232.672232 -4232.672234 -4232.672235 -4232.672236 -4232.672238 -4232.672239 -4232.672243 -4232.672272 -4232.672471 -4232.669076 -4181.671679 -1903.682318 -1459.967841 -1425.794763 -1418.959925 -1417.731926 -1417.539594 -1417.510707 -1417.506917 -1417.507161 -1417.507963 -1417.508700 -1417.509283 -1417.509729 -1417.510073 -1417.510341 -1417.510554 -1417.510727 -1417.510872 -1417.511002 -1417.511129 -1417.511270 -1417.511447 -1417.511690 -1417.512050 -1417.512600 -1417.513465 -1417.514849 -1417.517100 -1417.520828 -1417.527142 -1417.538127 -1417.557809 -1417.594151 -1417.663172 -1417.797813 -1418.068581 -1418.636821 -1419.902503 -1422.930567 -1430.826851 -1454.668155 -9999.0 -9999.0
-9999.0 -9999.0 728.431132 632.871253 536.466683 439.428291 342.085087 244.608966 147.087000 49.564570 -47.920640 -145.353911 -242.693307 -339.834858 -436.585613 -532.655028 -627.569312 -721.929870 -816.531850 -910.293729 -1002.858776 -1089.866786 -1165.112880 -1228.946650 -1280.523311 -1320.394467 -1350.071766 -1371.477805 -1386.522778 -1396.873141 -1403.870470 -1408.535478 -1411.612423 -1413.626260 -1414.937943 -1415.792954 -1416.364718 -1416.815478 -1417.521633 -1420.193782 -1432.605274 -1494.758157 -2029.090656 -4201.609895 -4232.671160 -4232.672646 -4232.672293 -4232.672236 -4232.672230 -4232.672231 -4232.672232 -4232.672234 -4232.672235 -4232.672236 -4232.672238 -4232.672239 -4232.672243 -4232.672272 -4232.672471 -4232.669076 -4181.671679 -1903.682318 -1459.967841 -1425.794763 -1418.959925 -1417.731926 -1417.539594 -1417.510707 -1417.506917 -1417.507161 -1417.507963 -1417.508700 -1417.509283 -1417.509729 -1417.510073 -1417.510341 -1417.510554 -1417.510727 -1417.510872 -1417.511002 -1417.511129 -1417.511270 -1417.511447 -1417.511690 -1417.512050 -1417.512600 -1417.513465 -1417.514849 -1417.517100 -1417.520828 -1417.527142 -1417.538127 -1417.557809 -1417.594151 -1417.663172 -1417.797813 -1418.068581 -1418.636821 -1419.902503 -1422.930567 -1430.826851 -1454.668155 -9999.0 -9999.0
-9999.0 -9999.0 728.426542 632.869716 536.466216 439.428144 342.085039 244.608950 147.086994 49.564568 -47.920641 -145.353911 -242.693308 -339.834858 -436.585613 -532.655028 -627.569312 -721.929870 -816.531850 -910.293729 -1002.858775 -1089.866785 -1165.112880 -1228.946650 -1280.523311 -1320.394466 -1350.071766 -1371.477805 -1386.522778 -1396.873141 -1403.870470 -1408.535478 -1411.612423 -1413.626260 -1414.937943 -1415.792954 -1416.364718 -1416.815478 -1417.521633 -1420.193782 -1432.605274 -1494.758157 -2029.090656 -4201.609895 -4232.671160 -4232.672646 -4232.672293 -4232.672236 -4232.672230 -4232.672231 -4232.672232 -4232.672234 -4232.672235 -4232.672236 -4232.672238 -4232.672239 -4232.672243 -4232.672272 -4232.672471 -4232.669076 -4181.671679 -1903.682318 -1459.967841 -1425.794763 -1418.959925 -1417.731926 -1417.539594 -1417.510707 -1417.506917 -1417.507161 -1417.507963 -1417.508700 -1417.509283 -1417.509729 -1417.510073 -1417.510341 -1417.510554 -1417.510727 -1417.510872 -1417.511002 -1417.511129 -1417.511270 -1417.511447 -1417.511690 -1417.512050 -1417.512600 -1417.513465 -1417.514849 -1417.517100 -1417.520828 -1417.527142 -1417.538127 -1417.557809 -1417.594151 -1417.663172 -1417.797813 -1418.068581 -1418.636821 -1419.902503 -1422.930567 -1430.826851 -1454.668155 -9999.0 -9999.0
-9999.0 -9999.0 -9999.0 -9999.0 -9999.0 -9999.0 -9999.0 -9999.0 -9999.0 -9999.0 -9999.0 -9999.0 -9999.0 -9999.0 -9999.0 -9999.0 -9999.0 -9999.0 -9999.0 -9999.0 -9999.0 -9999.0 -9999.0 -9999.0 -9999.0 -9999.0 -9999.0 -9999.0 -9999.0 -9999.0 -9999.0 -9999.0 -9999.0 -9999.0 -9999.0 -9999.0 -9999.0 -9999.0 -9999.0 -9999.0 -9999.0 -9999.0 -9999.0 -9999.0 -9999.0 -9999.0 -9999.0 -9999.0 -9999.0 -9999.0 -9999.0 -9999.0 -9999.0 -9999.0 -9999.0 -9999.0 -9999.0 -9999.0 -9999.0 -9999.0 -9999.0 -9999.0 -9999.0 -9999.0 -9999.0 -9999.0 -9999.0 -9999.0 -9999.0 -9999.0 -9999.0 -9999.0 -9999.0 -9999.0 -9999.0 -9999.0 -9999.0 -9999.0 -9999.0 -9999.0 -9999.0 -9999.0 -9999.0 -9999.0 -9999.0 -9999.0 -9999.0 -9999.0 -9999.0 -9999.0 -9999.0 -9999.0 -9999.0 -9999.0 -9999.0 -9999.0 -9999.0 -9999.0 -9999.0 -9999.0 -9999.0 -9999.0 -9999.0 -9999.0
-9999.0 -9999.0 -9999.0 -9999.0 -9999.0 -9999.0 -9999.0 -9999.0 -9999.0 -9999.0 -9999.0 -9999.0 -9999.0 -9999.0 -9999.0 -9999.0 -9999.0 -9999.0 -9999.0 -9999.0 -9999.0 -9999.0 -9999.0 -9999.0 -9999.0 -9999.0 -9999.0 -9999.0 -9999.0 -9999.0 -9999.0 -9999.0 -9999.0 -9999.0 -9999.0 -9999.0 -9999.0 -9999.0 -9999.0 -9999.0 -9999.0 -9999.0 -9999.0 -9999.0 -9999.0 -9999.0 -9999.0 -9999.0 -9999.0 -9999.0 -9999.0 -9999.0 -9999.0 -9999.0 -9999.0 -9999.0 -9999.0 -9999.0 -9999.0 -9999.0 -9999.0 -9999.0 -9999.0 -9999.0 -9999.0 -9999.0 -9999.0 -9999.0 -9999.0 -9999.0 -9999.0 -9999.0 -9999.0 -9999.0 -9999.0 -9999.0 -9999.0 -9999.0 -9999.0 -9999.0 -9999.0 -9999.0 -9999.0 -9999.0 -9999.0 -9999.0 -9999.0 -9999.0 -9999.0 -9999.0 -9999.0 -9999.0 -9999.0 -9999.0 -9999.0 -9999.0 -9999.0 -9999.0 -9999.0 -9999.0 -9999.0 -9999.0 -9999.0 -9999.0