inst/processing_geotop_simulation/geotop_simulation/out/maps3D/PwL0013N0447.asc
ncols         104
nrows         10
xllcorner     -2.000000
yllcorner     0.000000
cellsize      1.000000
NODATA_value  -9999.0
-9999.0 -9999.0 -9999.0 -9999.0 -9999.0 -9999.0 -9999.0 -9999.0 -9999.0 -9999.0 -9999.0 -9999.0 -9999.0 -9999.0 -9999.0 -9999.0 -9999.0 -9999.0 -9999.0 -9999.0 -9999.0 -9999.0 -9999.0 -9999.0 -9999.0 -9999.0 -9999.0 -9999.0 -9999.0 -9999.0 -9999.0 -9999.0 -9999.0 -9999.0 -9999.0 -9999.0 -9999.0 -9999.0 -9999.0 -9999.0 -9999.0 -9999.0 -9999.0 -9999.0 -9999.0 -9999.0 -9999.0 -9999.0 -9999.0 -9999.0 -9999.0 -9999.0 -9999.0 -9999.0 -9999.0 -9999.0 -9999.0 -9999.0 -9999.0 -9999.0 -9999.0 -9999.0 -9999.0 -9999.0 -9999.0 -9999.0 -9999.0 -9999.0 -9999.0 -9999.0 -9999.0 -9999.0 -9999.0 -9999.0 -9999.0 -9999.0 -9999.0 -9999.0 -9999.0 -9999.0 -9999.0 -9999.0 -9999.0 -9999.0 -9999.0 -9999.0 -9999.0 -9999.0 -9999.0 -9999.0 -9999.0 -9999.0 -9999.0 -9999.0 -9999.0 -9999.0 -9999.0 -9999.0 -9999.0 -9999.0 -9999.0 -9999.0 -9999.0 -9999.0
-9999.0 -9999.0 -9999.0 -9999.0 -9999.0 -9999.0 -9999.0 -9999.0 -9999.0 -9999.0 -9999.0 -9999.0 -9999.0 -9999.0 -9999.0 -9999.0 -9999.0 -9999.0 -9999.0 -9999.0 -9999.0 -9999.0 -9999.0 -9999.0 -9999.0 -9999.0 -9999.0 -9999.0 -9999.0 -9999.0 -9999.0 -9999.0 -9999.0 -9999.0 -9999.0 -9999.0 -9999.0 -9999.0 -9999.0 -9999.0 -9999.0 -9999.0 -9999.0 -9999.0 -9999.0 -9999.0 -9999.0 -9999.0 -9999.0 -9999.0 -9999.0 -9999.0 -9999.0 -9999.0 -9999.0 -9999.0 -9999.0 -9999.0 -9999.0 -9999.0 -9999.0 -9999.0 -9999.0 -9999.0 -9999.0 -9999.0 -9999.0 -9999.0 -9999.0 -9999.0 -9999.0 -9999.0 -9999.0 -9999.0 -9999.0 -9999.0 -9999.0 -9999.0 -9999.0 -9999.0 -9999.0 -9999.0 -9999.0 -9999.0 -9999.0 -9999.0 -9999.0 -9999.0 -9999.0 -9999.0 -9999.0 -9999.0 -9999.0 -9999.0 -9999.0 -9999.0 -9999.0 -9999.0 -9999.0 -9999.0 -9999.0 -9999.0 -9999.0 -9999.0
-9999.0 -9999.0 621.110581 522.240666 423.096076 323.784818 224.398063 124.979418 25.550711 -73.874411 -173.291404 -272.694693 -372.071195 -471.396912 -570.632834 -669.726487 -768.736098 -867.748644 -966.645077 -1065.385537 -1163.370142 -1259.330468 -1351.968406 -1439.068340 -1518.269105 -1587.649501 -1646.150595 -1693.706195 -1731.099822 -1759.664292 -1780.960093 -1796.524060 -1807.718647 -1815.669226 -1821.260832 -1825.168742 -1827.912745 -1829.962967 -1832.004677 -1835.358897 -1839.979206 -1825.883565 -1561.507568 -2356.543711 -2193.883463 -2086.631257 -2039.675487 -2033.390344 -2032.745208 -2032.807318 -2032.969600 -2033.143885 -2033.311291 -2033.466269 -2033.609921 -2033.775484 -2034.286147 -2037.860126 -2061.890706 -2117.723687 -2164.065171 -1439.844864 -1786.078009 -1832.340356 -1834.800860 -1834.164594 -1833.920807 -1833.866830 -1833.857285 -1833.856128 -1833.856370 -1833.856775 -1833.857138 -1833.857440 -1833.857690 -1833.857903 -1833.858088 -1833.858255 -1833.858410 -1833.858559 -1833.858712 -1833.858876 -1833.859065 -1833.859298 -1833.859603 -1833.860025 -1833.860641 -1833.861574 -1833.863043 -1833.865437 -1833.869476 -1833.876537 -1833.889327 -1833.913301 -1833.959782 -1834.053287 -1834.250107 -1834.688938 -1835.738758 -1838.472316 -1846.359676 -1872.002407 -9999.0 -9999.0
-9999.0 -9999.0 621.114932 522.242023 423.096474 323.784941 224.398103 124.979432 25.550716 -73.874409 -173.291403 -272.694693 -372.071194 -471.396912 -570.632834 -669.726487 -768.736098 -867.748645 -966.645077 -1065.385537 -1163.370142 -1259.330468 -1351.968406 -1439.068340 -1518.269105 -1587.649501 -1646.150595 -1693.706195 -1731.099822 -1759.664292 -1780.960093 -1796.524060 -1807.718647 -1815.669226 -1821.260832 -1825.168742 -1827.912745 -1829.962967 -1832.004677 -1835.358897 -1839.979206 -1825.883565 -1561.507568 -2356.543710 -2193.883462 -2086.631254 -2039.675487 -2033.390344 -2032.745208 -2032.807318 -2032.969600 -2033.143885 -2033.311291 -2033.466269 -2033.609921 -2033.775484 -2034.286147 -2037.860126 -2061.890706 -2117.723687 -2164.065171 -1439.844864 -1786.078009 -1832.340356 -1834.800860 -1834.164594 -1833.920807 -1833.866830 -1833.857285 -1833.856128 -1833.856370 -1833.856775 -1833.857138 -1833.857440 -1833.857690 -1833.857903 -1833.858088 -1833.858255 -1833.858410 -1833.858559 -1833.858712 -1833.858876 -1833.859065 -1833.859298 -1833.859603 -1833.860025 -1833.860641 -1833.861574 -1833.863043 -1833.865437 -1833.869476 -1833.876537 -1833.889327 -1833.913301 -1833.959782 -1834.053287 -1834.250107 -1834.688938 -1835.738757 -1838.472316 -1846.359676 -1872.002407 -9999.0 -9999.0
-9999.0 -9999.0 621.116168 522.242669 423.096737 323.785039 224.398138 124.979445 25.550721 -73.874407 -173.291402 -272.694692 -372.071194 -471.396911 -570.632834 -669.726487 -768.736098 -867.748645 -966.645077 -1065.385537 -1163.370143 -1259.330468 -1351.968407 -1439.068341 -1518.269106 -1587.649501 -1646.150595 -1693.706195 -1731.099822 -1759.664292 -1780.960093 -1796.524060 -1807.718647 -1815.669226 -1821.260832 -1825.168742 -1827.912745 -1829.962967 -1832.004677 -1835.358897 -1839.979206 -1825.883564 -1561.507568 -2356.543710 -2193.883461 -2086.631252 -2039.675487 -2033.390344 -2032.745208 -2032.807318 -2032.969600 -2033.143885 -2033.311291 -2033.466269 -2033.609921 -2033.775484 -2034.286147 -2037.860126 -2061.890706 -2117.723687 -2164.065171 -1439.844864 -1786.078009 -1832.340356 -1834.800860 -1834.164594 -1833.920807 -1833.866830 -1833.857285 -1833.856128 -1833.856370 -1833.856775 -1833.857138 -1833.857440 -1833.857690 -1833.857903 -1833.858088 -1833.858255 -1833.858410 -1833.858559 -1833.858712 -1833.858876 -1833.859065 -1833.859298 -1833.859603 -1833.860025 -1833.860641 -1833.861574 -1833.863043 -1833.865437 -1833.869476 -1833.876537 -1833.889327 -1833.913301 -1833.959782 -1834.053287 -1834.250107 -1834.688938 -1835.738757 -1838.472316 -1846.359676 -1872.002407 -9999.0 -9999.0
-9999.0 -9999.0 621.116168 522.242669 423.096737 323.785039 224.398138 124.979445 25.550721 -73.874407 -173.291402 -272.694692 -372.071194 -471.396912 -570.632834 -669.726487 -768.736098 -867.748645 -966.645077 -1065.385537 -1163.370143 -1259.330468 -1351.968407 -1439.068341 -1518.269106 -1587.649501 -1646.150595 -1693.706195 -1731.099822 -1759.664292 -1780.960093 -1796.524060 -1807.718647 -1815.669226 -1821.260832 -1825.168742 -1827.912745 -1829.962967 -1832.004677 -1835.358897 -1839.979206 -1825.883564 -1561.507568 -2356.543710 -2193.883461 -2086.631252 -2039.675487 -2033.390344 -2032.745208 -2032.807318 -2032.969600 -2033.143885 -2033.311291 -2033.466269 -2033.609921 -2033.775484 -2034.286147 -2037.860126 -2061.890706 -2117.723687 -2164.065171 -1439.844864 -1786.078009 -1832.340356 -1834.800860 -1834.164594 -1833.920807 -1833.866830 -1833.857285 -1833.856128 -1833.856370 -1833.856775 -1833.857138 -1833.857440 -1833.857690 -1833.857903 -1833.858088 -1833.858255 -1833.858410 -1833.858559 -1833.858712 -1833.858876 -1833.859065 -1833.859298 -1833.859603 -1833.860025 -1833.860641 -1833.861574 -1833.863043 -1833.865437 -1833.869476 -1833.876537 -1833.889327 -1833.913301 -1833.959782 -1834.053287 -1834.250107 -1834.688938 -1835.738757 -1838.472316 -1846.359676 -1872.002407 -9999.0 -9999.0
-9999.0 -9999.0 621.114932 522.242023 423.096474 323.784941 224.398103 124.979432 25.550716 -73.874409 -173.291403 -272.694693 -372.071194 -471.396912 -570.632834 -669.726487 -768.736098 -867.748645 -966.645077 -1065.385537 -1163.370142 -1259.330468 -1351.968406 -1439.068340 -1518.269105 -1587.649501 -1646.150595 -1693.706195 -1731.099822 -1759.664292 -1780.960093 -1796.524060 -1807.718647 -1815.669226 -1821.260832 -1825.168742 -1827.912745 -1829.962967 -1832.004677 -1835.358897 -1839.979206 -1825.883565 -1561.507568 -2356.543710 -2193.883462 -2086.631254 -2039.675487 -2033.390344 -2032.745208 -2032.807318 -2032.969600 -2033.143885 -2033.311291 -2033.466269 -2033.609921 -2033.775484 -2034.286147 -2037.860126 -2061.890706 -2117.723687 -2164.065171 -1439.844864 -1786.078009 -1832.340356 -1834.800860 -1834.164594 -1833.920807 -1833.866830 -1833.857285 -1833.856128 -1833.856370 -1833.856775 -1833.857138 -1833.857440 -1833.857690 -1833.857903 -1833.858088 -1833.858255 -1833.858410 -1833.858559 -1833.858712 -1833.858876 -1833.859065 -1833.859298 -1833.859603 -1833.860025 -1833.860641 -1833.861574 -1833.863043 -1833.865437 -1833.869476 -1833.876537 -1833.889327 -1833.913301 -1833.959782 -1834.053287 -1834.250107 -1834.688938 -1835.738757 -1838.472316 -1846.359676 -1872.002407 -9999.0 -9999.0
-9999.0 -9999.0 621.110581 522.240666 423.096076 323.784818 224.398063 124.979418 25.550711 -73.874411 -173.291404 -272.694693 -372.071195 -471.396912 -570.632834 -669.726487 -768.736098 -867.748644 -966.645077 -1065.385537 -1163.370142 -1259.330468 -1351.968406 -1439.068340 -1518.269105 -1587.649501 -1646.150595 -1693.706195 -1731.099822 -1759.664292 -1780.960093 -1796.524060 -1807.718647 -1815.669226 -1821.260832 -1825.168742 -1827.912745 -1829.962967 -1832.004677 -1835.358897 -1839.979206 -1825.883565 -1561.507568 -2356.543711 -2193.883463 -2086.631256 -2039.675487 -2033.390344 -2032.745208 -2032.807318 -2032.969600 -2033.143885 -2033.311291 -2033.466269 -2033.609921 -2033.775484 -2034.286147 -2037.860126 -2061.890706 -2117.723687 -2164.065171 -1439.844864 -1786.078009 -1832.340356 -1834.800860 -1834.164594 -1833.920807 -1833.866830 -1833.857285 -1833.856128 -1833.856370 -1833.856775 -1833.857138 -1833.857440 -1833.857690 -1833.857903 -1833.858088 -1833.858255 -1833.858410 -1833.858559 -1833.858712 -1833.858876 -1833.859065 -1833.859298 -1833.859603 -1833.860025 -1833.860641 -1833.861574 -1833.863043 -1833.865437 -1833.869476 -1833.876537 -1833.889327 -1833.913301 -1833.959782 -1834.053287 -1834.250107 -1834.688938 -1835.738758 -1838.472316 -1846.359676 -1872.002407 -9999.0 -9999.0
-9999.0 -9999.0 -9999.0 -9999.0 -9999.0 -9999.0 -9999.0 -9999.0 -9999.0 -9999.0 -9999.0 -9999.0 -9999.0 -9999.0 -9999.0 -9999.0 -9999.0 -9999.0 -9999.0 -9999.0 -9999.0 -9999.0 -9999.0 -9999.0 -9999.0 -9999.0 -9999.0 -9999.0 -9999.0 -9999.0 -9999.0 -9999.0 -9999.0 -9999.0 -9999.0 -9999.0 -9999.0 -9999.0 -9999.0 -9999.0 -9999.0 -9999.0 -9999.0 -9999.0 -9999.0 -9999.0 -9999.0 -9999.0 -9999.0 -9999.0 -9999.0 -9999.0 -9999.0 -9999.0 -9999.0 -9999.0 -9999.0 -9999.0 -9999.0 -9999.0 -9999.0 -9999.0 -9999.0 -9999.0 -9999.0 -9999.0 -9999.0 -9999.0 -9999.0 -9999.0 -9999.0 -9999.0 -9999.0 -9999.0 -9999.0 -9999.0 -9999.0 -9999.0 -9999.0 -9999.0 -9999.0 -9999.0 -9999.0 -9999.0 -9999.0 -9999.0 -9999.0 -9999.0 -9999.0 -9999.0 -9999.0 -9999.0 -9999.0 -9999.0 -9999.0 -9999.0 -9999.0 -9999.0 -9999.0 -9999.0 -9999.0 -9999.0 -9999.0 -9999.0
-9999.0 -9999.0 -9999.0 -9999.0 -9999.0 -9999.0 -9999.0 -9999.0 -9999.0 -9999.0 -9999.0 -9999.0 -9999.0 -9999.0 -9999.0 -9999.0 -9999.0 -9999.0 -9999.0 -9999.0 -9999.0 -9999.0 -9999.0 -9999.0 -9999.0 -9999.0 -9999.0 -9999.0 -9999.0 -9999.0 -9999.0 -9999.0 -9999.0 -9999.0 -9999.0 -9999.0 -9999.0 -9999.0 -9999.0 -9999.0 -9999.0 -9999.0 -9999.0 -9999.0 -9999.0 -9999.0 -9999.0 -9999.0 -9999.0 -9999.0 -9999.0 -9999.0 -9999.0 -9999.0 -9999.0 -9999.0 -9999.0 -9999.0 -9999.0 -9999.0 -9999.0 -9999.0 -9999.0 -9999.0 -9999.0 -9999.0 -9999.0 -9999.0 -9999.0 -9999.0 -9999.0 -9999.0 -9999.0 -9999.0 -9999.0 -9999.0 -9999.0 -9999.0 -9999.0 -9999.0 -9999.0 -9999.0 -9999.0 -9999.0 -9999.0 -9999.0 -9999.0 -9999.0 -9999.0 -9999.0 -9999.0 -9999.0 -9999.0 -9999.0 -9999.0 -9999.0 -9999.0 -9999.0 -9999.0 -9999.0 -9999.0 -9999.0 -9999.0 -9999.0