inst/processing_geotop_simulation/geotop_simulation/out/maps3D/PwL0012N0089.asc
ncols         104
nrows         10
xllcorner     -2.000000
yllcorner     0.000000
cellsize      1.000000
NODATA_value  -9999.0
-9999.0 -9999.0 -9999.0 -9999.0 -9999.0 -9999.0 -9999.0 -9999.0 -9999.0 -9999.0 -9999.0 -9999.0 -9999.0 -9999.0 -9999.0 -9999.0 -9999.0 -9999.0 -9999.0 -9999.0 -9999.0 -9999.0 -9999.0 -9999.0 -9999.0 -9999.0 -9999.0 -9999.0 -9999.0 -9999.0 -9999.0 -9999.0 -9999.0 -9999.0 -9999.0 -9999.0 -9999.0 -9999.0 -9999.0 -9999.0 -9999.0 -9999.0 -9999.0 -9999.0 -9999.0 -9999.0 -9999.0 -9999.0 -9999.0 -9999.0 -9999.0 -9999.0 -9999.0 -9999.0 -9999.0 -9999.0 -9999.0 -9999.0 -9999.0 -9999.0 -9999.0 -9999.0 -9999.0 -9999.0 -9999.0 -9999.0 -9999.0 -9999.0 -9999.0 -9999.0 -9999.0 -9999.0 -9999.0 -9999.0 -9999.0 -9999.0 -9999.0 -9999.0 -9999.0 -9999.0 -9999.0 -9999.0 -9999.0 -9999.0 -9999.0 -9999.0 -9999.0 -9999.0 -9999.0 -9999.0 -9999.0 -9999.0 -9999.0 -9999.0 -9999.0 -9999.0 -9999.0 -9999.0 -9999.0 -9999.0 -9999.0 -9999.0 -9999.0 -9999.0
-9999.0 -9999.0 -9999.0 -9999.0 -9999.0 -9999.0 -9999.0 -9999.0 -9999.0 -9999.0 -9999.0 -9999.0 -9999.0 -9999.0 -9999.0 -9999.0 -9999.0 -9999.0 -9999.0 -9999.0 -9999.0 -9999.0 -9999.0 -9999.0 -9999.0 -9999.0 -9999.0 -9999.0 -9999.0 -9999.0 -9999.0 -9999.0 -9999.0 -9999.0 -9999.0 -9999.0 -9999.0 -9999.0 -9999.0 -9999.0 -9999.0 -9999.0 -9999.0 -9999.0 -9999.0 -9999.0 -9999.0 -9999.0 -9999.0 -9999.0 -9999.0 -9999.0 -9999.0 -9999.0 -9999.0 -9999.0 -9999.0 -9999.0 -9999.0 -9999.0 -9999.0 -9999.0 -9999.0 -9999.0 -9999.0 -9999.0 -9999.0 -9999.0 -9999.0 -9999.0 -9999.0 -9999.0 -9999.0 -9999.0 -9999.0 -9999.0 -9999.0 -9999.0 -9999.0 -9999.0 -9999.0 -9999.0 -9999.0 -9999.0 -9999.0 -9999.0 -9999.0 -9999.0 -9999.0 -9999.0 -9999.0 -9999.0 -9999.0 -9999.0 -9999.0 -9999.0 -9999.0 -9999.0 -9999.0 -9999.0 -9999.0 -9999.0 -9999.0 -9999.0
-9999.0 -9999.0 579.523760 484.954277 388.906110 292.049035 194.860708 97.568195 0.287437 -96.936179 -194.346474 -292.739931 -393.562913 -499.026196 -612.086932 -737.141609 -856.236980 -951.720006 -1036.186889 -1107.682939 -1124.464017 -1125.909264 -1121.969657 -1117.584073 -1114.581048 -1113.257602 -1113.270489 -1114.103767 -1115.301341 -1116.551606 -1117.682504 -1118.622801 -1119.361971 -1119.919612 -1120.326480 -1120.616263 -1120.829774 -1121.027291 -1121.295978 -1122.301379 -1130.824001 -1210.761661 -2133.650949 -4373.006784 -4381.166528 -4381.132316 -4381.099842 -4381.094829 -4381.094313 -4381.094351 -4381.094462 -4381.094582 -4381.094697 -4381.094804 -4381.094902 -4381.095016 -4381.095376 -4381.098041 -4381.116573 -4381.145046 -4368.414020 -2024.821542 -1187.230340 -1128.025832 -1122.169336 -1121.504613 -1121.401889 -1121.384134 -1121.382908 -1121.384763 -1121.386812 -1121.388495 -1121.389781 -1121.390753 -1121.391493 -1121.392067 -1121.392520 -1121.392885 -1121.393188 -1121.393453 -1121.393709 -1121.393990 -1121.394339 -1121.394820 -1121.395528 -1121.396614 -1121.398315 -1121.401027 -1121.405407 -1121.412591 -1121.424602 -1121.445174 -1121.481421 -1121.547265 -1121.670365 -1121.906040 -1122.365713 -1123.280048 -1125.161629 -1129.272894 -1138.974729 -1164.299113 -9999.0 -9999.0
-9999.0 -9999.0 579.529471 484.955998 388.906605 292.049186 194.860756 97.568210 0.287442 -96.936178 -194.346474 -292.739931 -393.562913 -499.026196 -612.086932 -737.141609 -856.236980 -951.720006 -1036.186889 -1107.682939 -1124.464017 -1125.909264 -1121.969657 -1117.584073 -1114.581048 -1113.257602 -1113.270489 -1114.103767 -1115.301341 -1116.551606 -1117.682504 -1118.622801 -1119.361971 -1119.919612 -1120.326480 -1120.616263 -1120.829774 -1121.027291 -1121.295978 -1122.301379 -1130.824001 -1210.761661 -2133.650949 -4373.006784 -4381.166528 -4381.132316 -4381.099842 -4381.094829 -4381.094313 -4381.094351 -4381.094462 -4381.094582 -4381.094697 -4381.094804 -4381.094902 -4381.095016 -4381.095376 -4381.098041 -4381.116573 -4381.145046 -4368.414020 -2024.821542 -1187.230340 -1128.025832 -1122.169336 -1121.504613 -1121.401889 -1121.384134 -1121.382908 -1121.384763 -1121.386812 -1121.388495 -1121.389781 -1121.390753 -1121.391493 -1121.392067 -1121.392520 -1121.392885 -1121.393188 -1121.393453 -1121.393709 -1121.393990 -1121.394339 -1121.394820 -1121.395528 -1121.396614 -1121.398315 -1121.401027 -1121.405407 -1121.412591 -1121.424602 -1121.445174 -1121.481421 -1121.547265 -1121.670365 -1121.906040 -1122.365713 -1123.280048 -1125.161629 -1129.272894 -1138.974729 -1164.299113 -9999.0 -9999.0
-9999.0 -9999.0 579.531005 484.956799 388.906930 292.049305 194.860798 97.568225 0.287447 -96.936176 -194.346474 -292.739931 -393.562913 -499.026196 -612.086932 -737.141609 -856.236980 -951.720006 -1036.186889 -1107.682939 -1124.464017 -1125.909264 -1121.969657 -1117.584073 -1114.581048 -1113.257602 -1113.270489 -1114.103767 -1115.301341 -1116.551606 -1117.682504 -1118.622801 -1119.361971 -1119.919612 -1120.326480 -1120.616263 -1120.829774 -1121.027291 -1121.295978 -1122.301379 -1130.824001 -1210.761661 -2133.650949 -4373.006784 -4381.166528 -4381.132316 -4381.099842 -4381.094829 -4381.094313 -4381.094351 -4381.094462 -4381.094582 -4381.094697 -4381.094804 -4381.094902 -4381.095016 -4381.095376 -4381.098041 -4381.116573 -4381.145046 -4368.414020 -2024.821542 -1187.230340 -1128.025832 -1122.169336 -1121.504613 -1121.401889 -1121.384134 -1121.382908 -1121.384763 -1121.386812 -1121.388495 -1121.389781 -1121.390753 -1121.391493 -1121.392067 -1121.392520 -1121.392885 -1121.393188 -1121.393453 -1121.393709 -1121.393990 -1121.394339 -1121.394820 -1121.395528 -1121.396614 -1121.398315 -1121.401027 -1121.405407 -1121.412591 -1121.424602 -1121.445174 -1121.481421 -1121.547265 -1121.670365 -1121.906040 -1122.365713 -1123.280048 -1125.161629 -1129.272894 -1138.974729 -1164.299112 -9999.0 -9999.0
-9999.0 -9999.0 579.531005 484.956799 388.906930 292.049305 194.860798 97.568225 0.287447 -96.936176 -194.346474 -292.739931 -393.562913 -499.026196 -612.086932 -737.141609 -856.236980 -951.720006 -1036.186889 -1107.682939 -1124.464017 -1125.909264 -1121.969657 -1117.584073 -1114.581048 -1113.257602 -1113.270489 -1114.103767 -1115.301341 -1116.551606 -1117.682504 -1118.622801 -1119.361971 -1119.919612 -1120.326480 -1120.616263 -1120.829774 -1121.027291 -1121.295978 -1122.301379 -1130.824001 -1210.761661 -2133.650949 -4373.006784 -4381.166528 -4381.132316 -4381.099842 -4381.094829 -4381.094313 -4381.094351 -4381.094462 -4381.094582 -4381.094697 -4381.094804 -4381.094902 -4381.095016 -4381.095376 -4381.098041 -4381.116573 -4381.145046 -4368.414020 -2024.821542 -1187.230340 -1128.025832 -1122.169336 -1121.504613 -1121.401889 -1121.384134 -1121.382908 -1121.384763 -1121.386812 -1121.388495 -1121.389781 -1121.390753 -1121.391493 -1121.392067 -1121.392520 -1121.392885 -1121.393188 -1121.393453 -1121.393709 -1121.393990 -1121.394339 -1121.394820 -1121.395528 -1121.396614 -1121.398315 -1121.401027 -1121.405407 -1121.412591 -1121.424602 -1121.445174 -1121.481421 -1121.547265 -1121.670365 -1121.906040 -1122.365713 -1123.280048 -1125.161629 -1129.272894 -1138.974729 -1164.299112 -9999.0 -9999.0
-9999.0 -9999.0 579.529471 484.955998 388.906605 292.049186 194.860756 97.568210 0.287442 -96.936178 -194.346474 -292.739931 -393.562913 -499.026196 -612.086932 -737.141609 -856.236980 -951.720006 -1036.186889 -1107.682939 -1124.464017 -1125.909264 -1121.969657 -1117.584073 -1114.581048 -1113.257602 -1113.270489 -1114.103767 -1115.301341 -1116.551606 -1117.682504 -1118.622801 -1119.361971 -1119.919612 -1120.326480 -1120.616263 -1120.829774 -1121.027291 -1121.295978 -1122.301379 -1130.824001 -1210.761661 -2133.650949 -4373.006784 -4381.166528 -4381.132316 -4381.099842 -4381.094829 -4381.094313 -4381.094351 -4381.094462 -4381.094582 -4381.094697 -4381.094804 -4381.094902 -4381.095016 -4381.095376 -4381.098041 -4381.116573 -4381.145046 -4368.414020 -2024.821542 -1187.230340 -1128.025832 -1122.169336 -1121.504613 -1121.401889 -1121.384134 -1121.382908 -1121.384763 -1121.386812 -1121.388495 -1121.389781 -1121.390753 -1121.391493 -1121.392067 -1121.392520 -1121.392885 -1121.393188 -1121.393453 -1121.393709 -1121.393990 -1121.394339 -1121.394820 -1121.395528 -1121.396614 -1121.398315 -1121.401027 -1121.405407 -1121.412591 -1121.424602 -1121.445174 -1121.481421 -1121.547265 -1121.670365 -1121.906040 -1122.365713 -1123.280048 -1125.161629 -1129.272894 -1138.974729 -1164.299113 -9999.0 -9999.0
-9999.0 -9999.0 579.523760 484.954277 388.906110 292.049035 194.860708 97.568195 0.287437 -96.936179 -194.346474 -292.739931 -393.562913 -499.026196 -612.086932 -737.141609 -856.236980 -951.720006 -1036.186889 -1107.682939 -1124.464017 -1125.909264 -1121.969657 -1117.584073 -1114.581048 -1113.257602 -1113.270489 -1114.103767 -1115.301341 -1116.551606 -1117.682504 -1118.622801 -1119.361971 -1119.919612 -1120.326480 -1120.616263 -1120.829774 -1121.027291 -1121.295978 -1122.301379 -1130.824001 -1210.761661 -2133.650949 -4373.006784 -4381.166528 -4381.132316 -4381.099842 -4381.094829 -4381.094313 -4381.094351 -4381.094462 -4381.094582 -4381.094697 -4381.094804 -4381.094902 -4381.095016 -4381.095376 -4381.098041 -4381.116573 -4381.145046 -4368.414020 -2024.821542 -1187.230340 -1128.025832 -1122.169336 -1121.504613 -1121.401889 -1121.384134 -1121.382908 -1121.384763 -1121.386812 -1121.388495 -1121.389781 -1121.390753 -1121.391493 -1121.392067 -1121.392520 -1121.392885 -1121.393188 -1121.393453 -1121.393709 -1121.393990 -1121.394339 -1121.394820 -1121.395528 -1121.396614 -1121.398315 -1121.401027 -1121.405407 -1121.412591 -1121.424602 -1121.445174 -1121.481421 -1121.547265 -1121.670365 -1121.906040 -1122.365713 -1123.280048 -1125.161629 -1129.272894 -1138.974729 -1164.299113 -9999.0 -9999.0
-9999.0 -9999.0 -9999.0 -9999.0 -9999.0 -9999.0 -9999.0 -9999.0 -9999.0 -9999.0 -9999.0 -9999.0 -9999.0 -9999.0 -9999.0 -9999.0 -9999.0 -9999.0 -9999.0 -9999.0 -9999.0 -9999.0 -9999.0 -9999.0 -9999.0 -9999.0 -9999.0 -9999.0 -9999.0 -9999.0 -9999.0 -9999.0 -9999.0 -9999.0 -9999.0 -9999.0 -9999.0 -9999.0 -9999.0 -9999.0 -9999.0 -9999.0 -9999.0 -9999.0 -9999.0 -9999.0 -9999.0 -9999.0 -9999.0 -9999.0 -9999.0 -9999.0 -9999.0 -9999.0 -9999.0 -9999.0 -9999.0 -9999.0 -9999.0 -9999.0 -9999.0 -9999.0 -9999.0 -9999.0 -9999.0 -9999.0 -9999.0 -9999.0 -9999.0 -9999.0 -9999.0 -9999.0 -9999.0 -9999.0 -9999.0 -9999.0 -9999.0 -9999.0 -9999.0 -9999.0 -9999.0 -9999.0 -9999.0 -9999.0 -9999.0 -9999.0 -9999.0 -9999.0 -9999.0 -9999.0 -9999.0 -9999.0 -9999.0 -9999.0 -9999.0 -9999.0 -9999.0 -9999.0 -9999.0 -9999.0 -9999.0 -9999.0 -9999.0 -9999.0
-9999.0 -9999.0 -9999.0 -9999.0 -9999.0 -9999.0 -9999.0 -9999.0 -9999.0 -9999.0 -9999.0 -9999.0 -9999.0 -9999.0 -9999.0 -9999.0 -9999.0 -9999.0 -9999.0 -9999.0 -9999.0 -9999.0 -9999.0 -9999.0 -9999.0 -9999.0 -9999.0 -9999.0 -9999.0 -9999.0 -9999.0 -9999.0 -9999.0 -9999.0 -9999.0 -9999.0 -9999.0 -9999.0 -9999.0 -9999.0 -9999.0 -9999.0 -9999.0 -9999.0 -9999.0 -9999.0 -9999.0 -9999.0 -9999.0 -9999.0 -9999.0 -9999.0 -9999.0 -9999.0 -9999.0 -9999.0 -9999.0 -9999.0 -9999.0 -9999.0 -9999.0 -9999.0 -9999.0 -9999.0 -9999.0 -9999.0 -9999.0 -9999.0 -9999.0 -9999.0 -9999.0 -9999.0 -9999.0 -9999.0 -9999.0 -9999.0 -9999.0 -9999.0 -9999.0 -9999.0 -9999.0 -9999.0 -9999.0 -9999.0 -9999.0 -9999.0 -9999.0 -9999.0 -9999.0 -9999.0 -9999.0 -9999.0 -9999.0 -9999.0 -9999.0 -9999.0 -9999.0 -9999.0 -9999.0 -9999.0 -9999.0 -9999.0 -9999.0 -9999.0