inst/processing_geotop_simulation/geotop_simulation/out/maps3D/PwL0020N0430.asc
ncols         104
nrows         10
xllcorner     -2.000000
yllcorner     0.000000
cellsize      1.000000
NODATA_value  -9999.0
-9999.0 -9999.0 -9999.0 -9999.0 -9999.0 -9999.0 -9999.0 -9999.0 -9999.0 -9999.0 -9999.0 -9999.0 -9999.0 -9999.0 -9999.0 -9999.0 -9999.0 -9999.0 -9999.0 -9999.0 -9999.0 -9999.0 -9999.0 -9999.0 -9999.0 -9999.0 -9999.0 -9999.0 -9999.0 -9999.0 -9999.0 -9999.0 -9999.0 -9999.0 -9999.0 -9999.0 -9999.0 -9999.0 -9999.0 -9999.0 -9999.0 -9999.0 -9999.0 -9999.0 -9999.0 -9999.0 -9999.0 -9999.0 -9999.0 -9999.0 -9999.0 -9999.0 -9999.0 -9999.0 -9999.0 -9999.0 -9999.0 -9999.0 -9999.0 -9999.0 -9999.0 -9999.0 -9999.0 -9999.0 -9999.0 -9999.0 -9999.0 -9999.0 -9999.0 -9999.0 -9999.0 -9999.0 -9999.0 -9999.0 -9999.0 -9999.0 -9999.0 -9999.0 -9999.0 -9999.0 -9999.0 -9999.0 -9999.0 -9999.0 -9999.0 -9999.0 -9999.0 -9999.0 -9999.0 -9999.0 -9999.0 -9999.0 -9999.0 -9999.0 -9999.0 -9999.0 -9999.0 -9999.0 -9999.0 -9999.0 -9999.0 -9999.0 -9999.0 -9999.0
-9999.0 -9999.0 -9999.0 -9999.0 -9999.0 -9999.0 -9999.0 -9999.0 -9999.0 -9999.0 -9999.0 -9999.0 -9999.0 -9999.0 -9999.0 -9999.0 -9999.0 -9999.0 -9999.0 -9999.0 -9999.0 -9999.0 -9999.0 -9999.0 -9999.0 -9999.0 -9999.0 -9999.0 -9999.0 -9999.0 -9999.0 -9999.0 -9999.0 -9999.0 -9999.0 -9999.0 -9999.0 -9999.0 -9999.0 -9999.0 -9999.0 -9999.0 -9999.0 -9999.0 -9999.0 -9999.0 -9999.0 -9999.0 -9999.0 -9999.0 -9999.0 -9999.0 -9999.0 -9999.0 -9999.0 -9999.0 -9999.0 -9999.0 -9999.0 -9999.0 -9999.0 -9999.0 -9999.0 -9999.0 -9999.0 -9999.0 -9999.0 -9999.0 -9999.0 -9999.0 -9999.0 -9999.0 -9999.0 -9999.0 -9999.0 -9999.0 -9999.0 -9999.0 -9999.0 -9999.0 -9999.0 -9999.0 -9999.0 -9999.0 -9999.0 -9999.0 -9999.0 -9999.0 -9999.0 -9999.0 -9999.0 -9999.0 -9999.0 -9999.0 -9999.0 -9999.0 -9999.0 -9999.0 -9999.0 -9999.0 -9999.0 -9999.0 -9999.0 -9999.0
-9999.0 -9999.0 968.306952 869.175384 769.982102 670.682177 571.323154 471.937802 372.544438 273.153146 173.769584 74.397036 -24.960522 -124.300742 -223.621900 -322.911031 -422.144764 -521.279057 -620.233967 -718.868949 -817.577906 -916.007615 -1013.999245 -1111.319095 -1203.046126 -1289.008081 -1367.211946 -1436.009207 -1494.418217 -1542.287477 -1580.242558 -1609.463746 -1631.402656 -1647.535924 -1659.203946 -1667.537587 -1673.460482 -1677.784725 -1681.517392 -1686.571496 -1696.351451 -1715.863518 -1787.033084 -3489.251736 -3983.249135 -3983.061676 -3945.078185 -3749.051604 -3448.671994 -3174.731392 -2957.399662 -2772.268497 -2660.134891 -2587.826153 -2520.655417 -2450.174233 -2373.926604 -2293.200419 -2211.199295 -2130.010475 -2028.040810 -1551.444936 -1671.285788 -1688.658533 -1688.113584 -1687.158658 -1686.869345 -1686.807192 -1686.796201 -1686.794869 -1686.795168 -1686.795671 -1686.796142 -1686.796556 -1686.796922 -1686.797253 -1686.797560 -1686.797852 -1686.798136 -1686.798419 -1686.798709 -1686.799017 -1686.799354 -1686.799742 -1686.800209 -1686.800803 -1686.801599 -1686.802727 -1686.804409 -1686.807042 -1686.811366 -1686.818795 -1686.832120 -1686.856998 -1686.905302 -1687.003121 -1687.211345 -1687.681758 -1688.818309 -1691.778452 -1700.197568 -1726.789430 -9999.0 -9999.0
-9999.0 -9999.0 968.309595 869.176406 769.982441 670.682289 571.323192 471.937815 372.544443 273.153148 173.769585 74.397037 -24.960521 -124.300742 -223.621900 -322.911031 -422.144765 -521.279057 -620.233968 -718.868949 -817.577907 -916.007616 -1013.999245 -1111.319095 -1203.046126 -1289.008081 -1367.211947 -1436.009207 -1494.418217 -1542.287477 -1580.242558 -1609.463746 -1631.402656 -1647.535924 -1659.203946 -1667.537587 -1673.460482 -1677.784725 -1681.517392 -1686.571496 -1696.351451 -1715.863518 -1787.033084 -3489.251735 -3983.249135 -3983.061676 -3945.078185 -3749.051604 -3448.671994 -3174.731390 -2957.399659 -2772.268496 -2660.134890 -2587.826153 -2520.655416 -2450.174233 -2373.926603 -2293.200419 -2211.199295 -2130.010475 -2028.040810 -1551.444936 -1671.285788 -1688.658533 -1688.113584 -1687.158658 -1686.869345 -1686.807192 -1686.796201 -1686.794869 -1686.795168 -1686.795671 -1686.796142 -1686.796556 -1686.796922 -1686.797253 -1686.797560 -1686.797852 -1686.798136 -1686.798419 -1686.798709 -1686.799017 -1686.799354 -1686.799742 -1686.800209 -1686.800803 -1686.801599 -1686.802727 -1686.804409 -1686.807042 -1686.811366 -1686.818795 -1686.832120 -1686.856998 -1686.905302 -1687.003121 -1687.211345 -1687.681758 -1688.818309 -1691.778452 -1700.197568 -1726.789430 -9999.0 -9999.0
-9999.0 -9999.0 968.310626 869.176961 769.982676 670.682379 571.323225 471.937828 372.544448 273.153150 173.769586 74.397037 -24.960521 -124.300742 -223.621900 -322.911031 -422.144765 -521.279057 -620.233968 -718.868949 -817.577907 -916.007616 -1013.999245 -1111.319095 -1203.046126 -1289.008081 -1367.211947 -1436.009207 -1494.418217 -1542.287477 -1580.242558 -1609.463746 -1631.402656 -1647.535924 -1659.203946 -1667.537587 -1673.460482 -1677.784725 -1681.517392 -1686.571496 -1696.351451 -1715.863518 -1787.033084 -3489.251735 -3983.249135 -3983.061676 -3945.078185 -3749.051603 -3448.671994 -3174.731388 -2957.399658 -2772.268496 -2660.134890 -2587.826153 -2520.655416 -2450.174232 -2373.926603 -2293.200418 -2211.199295 -2130.010474 -2028.040810 -1551.444936 -1671.285788 -1688.658533 -1688.113584 -1687.158658 -1686.869345 -1686.807192 -1686.796201 -1686.794869 -1686.795168 -1686.795671 -1686.796142 -1686.796556 -1686.796922 -1686.797253 -1686.797560 -1686.797852 -1686.798136 -1686.798419 -1686.798709 -1686.799017 -1686.799354 -1686.799742 -1686.800209 -1686.800803 -1686.801599 -1686.802727 -1686.804409 -1686.807042 -1686.811366 -1686.818795 -1686.832120 -1686.856998 -1686.905302 -1687.003121 -1687.211345 -1687.681758 -1688.818309 -1691.778452 -1700.197568 -1726.789430 -9999.0 -9999.0
-9999.0 -9999.0 968.310626 869.176961 769.982676 670.682379 571.323225 471.937828 372.544448 273.153150 173.769586 74.397037 -24.960521 -124.300742 -223.621900 -322.911031 -422.144765 -521.279057 -620.233968 -718.868949 -817.577907 -916.007616 -1013.999245 -1111.319095 -1203.046126 -1289.008081 -1367.211947 -1436.009207 -1494.418217 -1542.287477 -1580.242558 -1609.463746 -1631.402656 -1647.535924 -1659.203946 -1667.537587 -1673.460482 -1677.784725 -1681.517392 -1686.571496 -1696.351451 -1715.863518 -1787.033084 -3489.251735 -3983.249135 -3983.061676 -3945.078185 -3749.051603 -3448.671994 -3174.731389 -2957.399658 -2772.268496 -2660.134890 -2587.826153 -2520.655416 -2450.174233 -2373.926603 -2293.200418 -2211.199295 -2130.010475 -2028.040810 -1551.444936 -1671.285788 -1688.658533 -1688.113584 -1687.158658 -1686.869345 -1686.807192 -1686.796201 -1686.794869 -1686.795168 -1686.795671 -1686.796142 -1686.796556 -1686.796922 -1686.797253 -1686.797560 -1686.797852 -1686.798136 -1686.798419 -1686.798709 -1686.799017 -1686.799354 -1686.799742 -1686.800209 -1686.800803 -1686.801599 -1686.802727 -1686.804409 -1686.807042 -1686.811366 -1686.818795 -1686.832120 -1686.856998 -1686.905302 -1687.003121 -1687.211345 -1687.681758 -1688.818309 -1691.778452 -1700.197568 -1726.789430 -9999.0 -9999.0
-9999.0 -9999.0 968.309595 869.176406 769.982441 670.682289 571.323192 471.937815 372.544443 273.153148 173.769585 74.397037 -24.960521 -124.300742 -223.621900 -322.911031 -422.144765 -521.279057 -620.233968 -718.868949 -817.577907 -916.007616 -1013.999245 -1111.319095 -1203.046126 -1289.008081 -1367.211947 -1436.009207 -1494.418217 -1542.287477 -1580.242558 -1609.463746 -1631.402656 -1647.535924 -1659.203946 -1667.537587 -1673.460482 -1677.784725 -1681.517392 -1686.571496 -1696.351451 -1715.863518 -1787.033084 -3489.251735 -3983.249135 -3983.061676 -3945.078185 -3749.051604 -3448.671994 -3174.731389 -2957.399659 -2772.268496 -2660.134890 -2587.826153 -2520.655416 -2450.174233 -2373.926604 -2293.200418 -2211.199295 -2130.010475 -2028.040810 -1551.444936 -1671.285788 -1688.658533 -1688.113584 -1687.158658 -1686.869345 -1686.807192 -1686.796201 -1686.794869 -1686.795168 -1686.795671 -1686.796142 -1686.796556 -1686.796922 -1686.797253 -1686.797560 -1686.797852 -1686.798136 -1686.798419 -1686.798709 -1686.799017 -1686.799354 -1686.799742 -1686.800209 -1686.800803 -1686.801599 -1686.802727 -1686.804409 -1686.807042 -1686.811366 -1686.818795 -1686.832120 -1686.856998 -1686.905302 -1687.003121 -1687.211345 -1687.681758 -1688.818309 -1691.778452 -1700.197568 -1726.789430 -9999.0 -9999.0
-9999.0 -9999.0 968.306952 869.175384 769.982102 670.682178 571.323154 471.937802 372.544438 273.153146 173.769584 74.397036 -24.960522 -124.300742 -223.621900 -322.911031 -422.144764 -521.279057 -620.233967 -718.868949 -817.577906 -916.007615 -1013.999245 -1111.319095 -1203.046126 -1289.008081 -1367.211946 -1436.009207 -1494.418217 -1542.287477 -1580.242558 -1609.463746 -1631.402656 -1647.535924 -1659.203946 -1667.537587 -1673.460482 -1677.784725 -1681.517392 -1686.571496 -1696.351451 -1715.863518 -1787.033084 -3489.251737 -3983.249135 -3983.061676 -3945.078185 -3749.051604 -3448.671994 -3174.731392 -2957.399662 -2772.268497 -2660.134891 -2587.826153 -2520.655416 -2450.174233 -2373.926604 -2293.200419 -2211.199295 -2130.010475 -2028.040810 -1551.444936 -1671.285788 -1688.658533 -1688.113584 -1687.158658 -1686.869345 -1686.807192 -1686.796201 -1686.794869 -1686.795168 -1686.795671 -1686.796142 -1686.796556 -1686.796922 -1686.797253 -1686.797560 -1686.797852 -1686.798136 -1686.798419 -1686.798709 -1686.799017 -1686.799354 -1686.799742 -1686.800209 -1686.800803 -1686.801599 -1686.802727 -1686.804409 -1686.807042 -1686.811366 -1686.818795 -1686.832120 -1686.856998 -1686.905302 -1687.003121 -1687.211345 -1687.681758 -1688.818309 -1691.778452 -1700.197568 -1726.789430 -9999.0 -9999.0
-9999.0 -9999.0 -9999.0 -9999.0 -9999.0 -9999.0 -9999.0 -9999.0 -9999.0 -9999.0 -9999.0 -9999.0 -9999.0 -9999.0 -9999.0 -9999.0 -9999.0 -9999.0 -9999.0 -9999.0 -9999.0 -9999.0 -9999.0 -9999.0 -9999.0 -9999.0 -9999.0 -9999.0 -9999.0 -9999.0 -9999.0 -9999.0 -9999.0 -9999.0 -9999.0 -9999.0 -9999.0 -9999.0 -9999.0 -9999.0 -9999.0 -9999.0 -9999.0 -9999.0 -9999.0 -9999.0 -9999.0 -9999.0 -9999.0 -9999.0 -9999.0 -9999.0 -9999.0 -9999.0 -9999.0 -9999.0 -9999.0 -9999.0 -9999.0 -9999.0 -9999.0 -9999.0 -9999.0 -9999.0 -9999.0 -9999.0 -9999.0 -9999.0 -9999.0 -9999.0 -9999.0 -9999.0 -9999.0 -9999.0 -9999.0 -9999.0 -9999.0 -9999.0 -9999.0 -9999.0 -9999.0 -9999.0 -9999.0 -9999.0 -9999.0 -9999.0 -9999.0 -9999.0 -9999.0 -9999.0 -9999.0 -9999.0 -9999.0 -9999.0 -9999.0 -9999.0 -9999.0 -9999.0 -9999.0 -9999.0 -9999.0 -9999.0 -9999.0 -9999.0
-9999.0 -9999.0 -9999.0 -9999.0 -9999.0 -9999.0 -9999.0 -9999.0 -9999.0 -9999.0 -9999.0 -9999.0 -9999.0 -9999.0 -9999.0 -9999.0 -9999.0 -9999.0 -9999.0 -9999.0 -9999.0 -9999.0 -9999.0 -9999.0 -9999.0 -9999.0 -9999.0 -9999.0 -9999.0 -9999.0 -9999.0 -9999.0 -9999.0 -9999.0 -9999.0 -9999.0 -9999.0 -9999.0 -9999.0 -9999.0 -9999.0 -9999.0 -9999.0 -9999.0 -9999.0 -9999.0 -9999.0 -9999.0 -9999.0 -9999.0 -9999.0 -9999.0 -9999.0 -9999.0 -9999.0 -9999.0 -9999.0 -9999.0 -9999.0 -9999.0 -9999.0 -9999.0 -9999.0 -9999.0 -9999.0 -9999.0 -9999.0 -9999.0 -9999.0 -9999.0 -9999.0 -9999.0 -9999.0 -9999.0 -9999.0 -9999.0 -9999.0 -9999.0 -9999.0 -9999.0 -9999.0 -9999.0 -9999.0 -9999.0 -9999.0 -9999.0 -9999.0 -9999.0 -9999.0 -9999.0 -9999.0 -9999.0 -9999.0 -9999.0 -9999.0 -9999.0 -9999.0 -9999.0 -9999.0 -9999.0 -9999.0 -9999.0 -9999.0 -9999.0