inst/processing_geotop_simulation/geotop_simulation/out/maps3D/PwL0004N0003.asc
ncols         104
nrows         10
xllcorner     -2.000000
yllcorner     0.000000
cellsize      1.000000
NODATA_value  -9999.0
-9999.0 -9999.0 -9999.0 -9999.0 -9999.0 -9999.0 -9999.0 -9999.0 -9999.0 -9999.0 -9999.0 -9999.0 -9999.0 -9999.0 -9999.0 -9999.0 -9999.0 -9999.0 -9999.0 -9999.0 -9999.0 -9999.0 -9999.0 -9999.0 -9999.0 -9999.0 -9999.0 -9999.0 -9999.0 -9999.0 -9999.0 -9999.0 -9999.0 -9999.0 -9999.0 -9999.0 -9999.0 -9999.0 -9999.0 -9999.0 -9999.0 -9999.0 -9999.0 -9999.0 -9999.0 -9999.0 -9999.0 -9999.0 -9999.0 -9999.0 -9999.0 -9999.0 -9999.0 -9999.0 -9999.0 -9999.0 -9999.0 -9999.0 -9999.0 -9999.0 -9999.0 -9999.0 -9999.0 -9999.0 -9999.0 -9999.0 -9999.0 -9999.0 -9999.0 -9999.0 -9999.0 -9999.0 -9999.0 -9999.0 -9999.0 -9999.0 -9999.0 -9999.0 -9999.0 -9999.0 -9999.0 -9999.0 -9999.0 -9999.0 -9999.0 -9999.0 -9999.0 -9999.0 -9999.0 -9999.0 -9999.0 -9999.0 -9999.0 -9999.0 -9999.0 -9999.0 -9999.0 -9999.0 -9999.0 -9999.0 -9999.0 -9999.0 -9999.0 -9999.0
-9999.0 -9999.0 -9999.0 -9999.0 -9999.0 -9999.0 -9999.0 -9999.0 -9999.0 -9999.0 -9999.0 -9999.0 -9999.0 -9999.0 -9999.0 -9999.0 -9999.0 -9999.0 -9999.0 -9999.0 -9999.0 -9999.0 -9999.0 -9999.0 -9999.0 -9999.0 -9999.0 -9999.0 -9999.0 -9999.0 -9999.0 -9999.0 -9999.0 -9999.0 -9999.0 -9999.0 -9999.0 -9999.0 -9999.0 -9999.0 -9999.0 -9999.0 -9999.0 -9999.0 -9999.0 -9999.0 -9999.0 -9999.0 -9999.0 -9999.0 -9999.0 -9999.0 -9999.0 -9999.0 -9999.0 -9999.0 -9999.0 -9999.0 -9999.0 -9999.0 -9999.0 -9999.0 -9999.0 -9999.0 -9999.0 -9999.0 -9999.0 -9999.0 -9999.0 -9999.0 -9999.0 -9999.0 -9999.0 -9999.0 -9999.0 -9999.0 -9999.0 -9999.0 -9999.0 -9999.0 -9999.0 -9999.0 -9999.0 -9999.0 -9999.0 -9999.0 -9999.0 -9999.0 -9999.0 -9999.0 -9999.0 -9999.0 -9999.0 -9999.0 -9999.0 -9999.0 -9999.0 -9999.0 -9999.0 -9999.0 -9999.0 -9999.0 -9999.0 -9999.0
-9999.0 -9999.0 178.950442 110.350307 49.875728 -1.953518 -43.858746 -75.833171 -98.703591 -121.686158 -252.493451 -372.503326 -462.138512 -559.094139 -497.419251 -267.326389 -142.058170 -159.808200 -166.551606 -170.443397 -172.794073 -174.157163 -174.852621 -175.065664 -174.891600 -174.360866 -173.452101 -172.096836 -170.177686 -167.521022 -163.884853 -158.943602 -152.275394 -143.369687 -131.706085 -117.019509 -99.882647 -82.382790 -67.921922 -53.325597 -39.889364 -33.866511 -4500.772876 -4776.646507 -4776.559780 -4776.506469 -4776.491854 -4776.485599 -4776.484238 -4776.484104 -4776.484093 -4776.484095 -4776.484098 -4776.484102 -4776.484118 -4776.484256 -4776.485598 -4776.491646 -4776.504215 -4776.541267 -4776.616128 -4484.873264 72.486500 10.212627 -41.040118 -81.080911 -110.213042 -130.922777 -145.548364 -155.932116 -163.370059 -168.753406 -172.697821 -175.633718 -177.866370 -179.616050 -181.045258 -182.277535 -183.410767 -184.526858 -185.699044 -186.997758 -188.495724 -190.272849 -192.421479 -195.052671 -198.304301 -202.352210 -207.426110 -213.832830 -221.990766 -232.481178 -246.124375 -264.091161 -288.059782 -320.418184 -364.470449 -424.516402 -505.295690 -611.091354 -750.374867 -950.940843 -9999.0 -9999.0
-9999.0 -9999.0 179.093431 110.397510 49.892060 -1.947493 -43.856498 -75.832372 -98.703301 -121.686052 -252.493371 -372.503309 -462.138505 -559.094139 -497.419251 -267.326390 -142.058170 -159.808201 -166.551606 -170.443397 -172.794073 -174.157164 -174.852621 -175.065665 -174.891601 -174.360867 -173.452102 -172.096836 -170.177686 -167.521022 -163.884853 -158.943602 -152.275394 -143.369687 -131.706085 -117.019509 -99.882646 -82.382790 -67.921922 -53.325597 -39.889363 -33.866511 -4500.772876 -4776.646507 -4776.559780 -4776.506469 -4776.491854 -4776.485599 -4776.484238 -4776.484104 -4776.484093 -4776.484095 -4776.484098 -4776.484102 -4776.484118 -4776.484256 -4776.485598 -4776.491646 -4776.504215 -4776.541267 -4776.616128 -4484.873264 72.486500 10.212627 -41.040118 -81.080911 -110.213041 -130.922777 -145.548363 -155.932116 -163.370059 -168.753406 -172.697821 -175.633718 -177.866370 -179.616050 -181.045258 -182.277535 -183.410767 -184.526858 -185.699044 -186.997757 -188.495723 -190.272848 -192.421479 -195.052670 -198.304300 -202.352209 -207.426109 -213.832828 -221.990765 -232.481178 -246.124374 -264.091158 -288.059780 -320.418185 -364.470450 -424.516405 -505.295689 -611.091356 -750.374867 -950.940847 -9999.0 -9999.0
-9999.0 -9999.0 179.120762 110.418662 49.902781 -1.942689 -43.854512 -75.831625 -98.703023 -121.685948 -252.493291 -372.503292 -462.138499 -559.094137 -497.419251 -267.326390 -142.058170 -159.808201 -166.551606 -170.443398 -172.794074 -174.157164 -174.852621 -175.065665 -174.891601 -174.360867 -173.452102 -172.096836 -170.177686 -167.521022 -163.884853 -158.943602 -152.275394 -143.369687 -131.706085 -117.019509 -99.882646 -82.382790 -67.921922 -53.325597 -39.889363 -33.866511 -4500.772876 -4776.646507 -4776.559780 -4776.506469 -4776.491854 -4776.485599 -4776.484238 -4776.484104 -4776.484093 -4776.484095 -4776.484098 -4776.484102 -4776.484118 -4776.484256 -4776.485598 -4776.491646 -4776.504215 -4776.541267 -4776.616128 -4484.873264 72.486500 10.212627 -41.040118 -81.080911 -110.213041 -130.922777 -145.548363 -155.932116 -163.370059 -168.753406 -172.697821 -175.633718 -177.866370 -179.616050 -181.045258 -182.277535 -183.410767 -184.526858 -185.699043 -186.997757 -188.495723 -190.272847 -192.421478 -195.052670 -198.304299 -202.352208 -207.426108 -213.832828 -221.990765 -232.481179 -246.124374 -264.091157 -288.059780 -320.418184 -364.470449 -424.516404 -505.295690 -611.091354 -750.374869 -950.940843 -9999.0 -9999.0
-9999.0 -9999.0 179.120762 110.418662 49.902781 -1.942689 -43.854512 -75.831625 -98.703023 -121.685948 -252.493291 -372.503292 -462.138499 -559.094137 -497.419251 -267.326390 -142.058170 -159.808201 -166.551606 -170.443398 -172.794074 -174.157164 -174.852621 -175.065665 -174.891601 -174.360867 -173.452102 -172.096836 -170.177686 -167.521022 -163.884853 -158.943602 -152.275394 -143.369687 -131.706085 -117.019509 -99.882646 -82.382790 -67.921922 -53.325597 -39.889363 -33.866511 -4500.772876 -4776.646507 -4776.559780 -4776.506469 -4776.491854 -4776.485599 -4776.484238 -4776.484104 -4776.484093 -4776.484095 -4776.484098 -4776.484102 -4776.484118 -4776.484256 -4776.485598 -4776.491646 -4776.504215 -4776.541267 -4776.616128 -4484.873264 72.486500 10.212627 -41.040118 -81.080911 -110.213041 -130.922777 -145.548363 -155.932116 -163.370059 -168.753406 -172.697821 -175.633718 -177.866370 -179.616050 -181.045258 -182.277535 -183.410767 -184.526858 -185.699043 -186.997757 -188.495723 -190.272847 -192.421478 -195.052670 -198.304299 -202.352208 -207.426108 -213.832828 -221.990765 -232.481179 -246.124374 -264.091157 -288.059780 -320.418184 -364.470448 -424.516405 -505.295688 -611.091355 -750.374867 -950.940845 -9999.0 -9999.0
-9999.0 -9999.0 179.093431 110.397510 49.892060 -1.947493 -43.856498 -75.832372 -98.703301 -121.686052 -252.493371 -372.503309 -462.138505 -559.094138 -497.419251 -267.326390 -142.058170 -159.808201 -166.551606 -170.443397 -172.794073 -174.157164 -174.852621 -175.065665 -174.891601 -174.360867 -173.452102 -172.096836 -170.177686 -167.521022 -163.884853 -158.943602 -152.275394 -143.369687 -131.706085 -117.019509 -99.882646 -82.382790 -67.921922 -53.325597 -39.889363 -33.866511 -4500.772876 -4776.646507 -4776.559780 -4776.506469 -4776.491854 -4776.485599 -4776.484238 -4776.484104 -4776.484093 -4776.484095 -4776.484098 -4776.484102 -4776.484118 -4776.484256 -4776.485598 -4776.491646 -4776.504215 -4776.541267 -4776.616128 -4484.873264 72.486500 10.212627 -41.040118 -81.080911 -110.213041 -130.922777 -145.548363 -155.932116 -163.370059 -168.753406 -172.697821 -175.633718 -177.866370 -179.616050 -181.045258 -182.277535 -183.410767 -184.526858 -185.699044 -186.997757 -188.495723 -190.272848 -192.421479 -195.052670 -198.304300 -202.352209 -207.426109 -213.832828 -221.990765 -232.481178 -246.124375 -264.091158 -288.059780 -320.418185 -364.470451 -424.516404 -505.295690 -611.091355 -750.374869 -950.940846 -9999.0 -9999.0
-9999.0 -9999.0 178.950442 110.350307 49.875728 -1.953518 -43.858746 -75.833171 -98.703591 -121.686158 -252.493451 -372.503326 -462.138511 -559.094140 -497.419251 -267.326390 -142.058170 -159.808200 -166.551606 -170.443397 -172.794073 -174.157163 -174.852621 -175.065664 -174.891600 -174.360866 -173.452101 -172.096836 -170.177686 -167.521022 -163.884853 -158.943602 -152.275394 -143.369687 -131.706085 -117.019509 -99.882647 -82.382790 -67.921922 -53.325597 -39.889364 -33.866511 -4500.772876 -4776.646507 -4776.559780 -4776.506469 -4776.491854 -4776.485599 -4776.484238 -4776.484104 -4776.484093 -4776.484095 -4776.484098 -4776.484102 -4776.484118 -4776.484256 -4776.485598 -4776.491646 -4776.504215 -4776.541267 -4776.616128 -4484.873264 72.486500 10.212627 -41.040118 -81.080911 -110.213042 -130.922777 -145.548364 -155.932116 -163.370059 -168.753406 -172.697821 -175.633718 -177.866370 -179.616050 -181.045258 -182.277535 -183.410767 -184.526858 -185.699044 -186.997758 -188.495724 -190.272849 -192.421479 -195.052671 -198.304301 -202.352211 -207.426110 -213.832830 -221.990766 -232.481178 -246.124375 -264.091161 -288.059781 -320.418185 -364.470449 -424.516403 -505.295689 -611.091355 -750.374865 -950.940844 -9999.0 -9999.0
-9999.0 -9999.0 -9999.0 -9999.0 -9999.0 -9999.0 -9999.0 -9999.0 -9999.0 -9999.0 -9999.0 -9999.0 -9999.0 -9999.0 -9999.0 -9999.0 -9999.0 -9999.0 -9999.0 -9999.0 -9999.0 -9999.0 -9999.0 -9999.0 -9999.0 -9999.0 -9999.0 -9999.0 -9999.0 -9999.0 -9999.0 -9999.0 -9999.0 -9999.0 -9999.0 -9999.0 -9999.0 -9999.0 -9999.0 -9999.0 -9999.0 -9999.0 -9999.0 -9999.0 -9999.0 -9999.0 -9999.0 -9999.0 -9999.0 -9999.0 -9999.0 -9999.0 -9999.0 -9999.0 -9999.0 -9999.0 -9999.0 -9999.0 -9999.0 -9999.0 -9999.0 -9999.0 -9999.0 -9999.0 -9999.0 -9999.0 -9999.0 -9999.0 -9999.0 -9999.0 -9999.0 -9999.0 -9999.0 -9999.0 -9999.0 -9999.0 -9999.0 -9999.0 -9999.0 -9999.0 -9999.0 -9999.0 -9999.0 -9999.0 -9999.0 -9999.0 -9999.0 -9999.0 -9999.0 -9999.0 -9999.0 -9999.0 -9999.0 -9999.0 -9999.0 -9999.0 -9999.0 -9999.0 -9999.0 -9999.0 -9999.0 -9999.0 -9999.0 -9999.0
-9999.0 -9999.0 -9999.0 -9999.0 -9999.0 -9999.0 -9999.0 -9999.0 -9999.0 -9999.0 -9999.0 -9999.0 -9999.0 -9999.0 -9999.0 -9999.0 -9999.0 -9999.0 -9999.0 -9999.0 -9999.0 -9999.0 -9999.0 -9999.0 -9999.0 -9999.0 -9999.0 -9999.0 -9999.0 -9999.0 -9999.0 -9999.0 -9999.0 -9999.0 -9999.0 -9999.0 -9999.0 -9999.0 -9999.0 -9999.0 -9999.0 -9999.0 -9999.0 -9999.0 -9999.0 -9999.0 -9999.0 -9999.0 -9999.0 -9999.0 -9999.0 -9999.0 -9999.0 -9999.0 -9999.0 -9999.0 -9999.0 -9999.0 -9999.0 -9999.0 -9999.0 -9999.0 -9999.0 -9999.0 -9999.0 -9999.0 -9999.0 -9999.0 -9999.0 -9999.0 -9999.0 -9999.0 -9999.0 -9999.0 -9999.0 -9999.0 -9999.0 -9999.0 -9999.0 -9999.0 -9999.0 -9999.0 -9999.0 -9999.0 -9999.0 -9999.0 -9999.0 -9999.0 -9999.0 -9999.0 -9999.0 -9999.0 -9999.0 -9999.0 -9999.0 -9999.0 -9999.0 -9999.0 -9999.0 -9999.0 -9999.0 -9999.0 -9999.0 -9999.0