inst/processing_geotop_simulation/geotop_simulation/out/maps3D/PwL0008N0080.asc
ncols         104
nrows         10
xllcorner     -2.000000
yllcorner     0.000000
cellsize      1.000000
NODATA_value  -9999.0
-9999.0 -9999.0 -9999.0 -9999.0 -9999.0 -9999.0 -9999.0 -9999.0 -9999.0 -9999.0 -9999.0 -9999.0 -9999.0 -9999.0 -9999.0 -9999.0 -9999.0 -9999.0 -9999.0 -9999.0 -9999.0 -9999.0 -9999.0 -9999.0 -9999.0 -9999.0 -9999.0 -9999.0 -9999.0 -9999.0 -9999.0 -9999.0 -9999.0 -9999.0 -9999.0 -9999.0 -9999.0 -9999.0 -9999.0 -9999.0 -9999.0 -9999.0 -9999.0 -9999.0 -9999.0 -9999.0 -9999.0 -9999.0 -9999.0 -9999.0 -9999.0 -9999.0 -9999.0 -9999.0 -9999.0 -9999.0 -9999.0 -9999.0 -9999.0 -9999.0 -9999.0 -9999.0 -9999.0 -9999.0 -9999.0 -9999.0 -9999.0 -9999.0 -9999.0 -9999.0 -9999.0 -9999.0 -9999.0 -9999.0 -9999.0 -9999.0 -9999.0 -9999.0 -9999.0 -9999.0 -9999.0 -9999.0 -9999.0 -9999.0 -9999.0 -9999.0 -9999.0 -9999.0 -9999.0 -9999.0 -9999.0 -9999.0 -9999.0 -9999.0 -9999.0 -9999.0 -9999.0 -9999.0 -9999.0 -9999.0 -9999.0 -9999.0 -9999.0 -9999.0
-9999.0 -9999.0 -9999.0 -9999.0 -9999.0 -9999.0 -9999.0 -9999.0 -9999.0 -9999.0 -9999.0 -9999.0 -9999.0 -9999.0 -9999.0 -9999.0 -9999.0 -9999.0 -9999.0 -9999.0 -9999.0 -9999.0 -9999.0 -9999.0 -9999.0 -9999.0 -9999.0 -9999.0 -9999.0 -9999.0 -9999.0 -9999.0 -9999.0 -9999.0 -9999.0 -9999.0 -9999.0 -9999.0 -9999.0 -9999.0 -9999.0 -9999.0 -9999.0 -9999.0 -9999.0 -9999.0 -9999.0 -9999.0 -9999.0 -9999.0 -9999.0 -9999.0 -9999.0 -9999.0 -9999.0 -9999.0 -9999.0 -9999.0 -9999.0 -9999.0 -9999.0 -9999.0 -9999.0 -9999.0 -9999.0 -9999.0 -9999.0 -9999.0 -9999.0 -9999.0 -9999.0 -9999.0 -9999.0 -9999.0 -9999.0 -9999.0 -9999.0 -9999.0 -9999.0 -9999.0 -9999.0 -9999.0 -9999.0 -9999.0 -9999.0 -9999.0 -9999.0 -9999.0 -9999.0 -9999.0 -9999.0 -9999.0 -9999.0 -9999.0 -9999.0 -9999.0 -9999.0 -9999.0 -9999.0 -9999.0 -9999.0 -9999.0 -9999.0 -9999.0
-9999.0 -9999.0 265.050516 164.855647 64.748883 -35.122591 -134.871256 -235.196090 -338.045808 -447.362585 -566.157004 -689.142748 -805.127510 -895.679402 -962.290337 -1025.731171 -1084.372422 -1140.919491 -1152.859122 -1150.451855 -1142.910106 -1135.622823 -1130.758866 -1128.707919 -1129.052041 -1131.075934 -1134.016562 -1137.215525 -1140.211841 -1142.759901 -1144.783935 -1146.312545 -1147.423291 -1148.205601 -1148.741326 -1149.099142 -1149.344078 -1149.557702 -1149.807282 -1150.429990 -1156.532768 -1209.173721 -1351.474185 -1528.575397 -1425.175460 -1367.577764 -1341.979542 -1338.899882 -1338.594861 -1338.626797 -1338.705963 -1338.790634 -1338.871863 -1338.947001 -1339.016392 -1339.094219 -1339.323393 -1340.990407 -1353.830295 -1383.667238 -1437.121959 -1230.199749 -1189.393407 -1154.648558 -1150.555438 -1150.022703 -1149.926390 -1149.909166 -1149.908522 -1149.910921 -1149.913407 -1149.915418 -1149.916948 -1149.918101 -1149.918978 -1149.919657 -1149.920193 -1149.920624 -1149.920980 -1149.921292 -1149.921591 -1149.921916 -1149.922320 -1149.922873 -1149.923687 -1149.924933 -1149.926883 -1149.929987 -1149.934994 -1149.943187 -1149.956849 -1149.980165 -1150.021090 -1150.095144 -1150.233109 -1150.496348 -1151.007232 -1152.012581 -1154.034467 -1158.284029 -1167.858436 -1192.080566 -9999.0 -9999.0
-9999.0 -9999.0 265.050516 164.855647 64.748883 -35.122592 -134.871256 -235.196090 -338.045808 -447.362585 -566.157004 -689.142749 -805.127510 -895.679402 -962.290337 -1025.731171 -1084.372422 -1140.919491 -1152.859122 -1150.451855 -1142.910106 -1135.622823 -1130.758866 -1128.707919 -1129.052041 -1131.075934 -1134.016562 -1137.215525 -1140.211841 -1142.759901 -1144.783935 -1146.312545 -1147.423291 -1148.205601 -1148.741326 -1149.099142 -1149.344078 -1149.557702 -1149.807282 -1150.429990 -1156.532768 -1209.173721 -1351.474185 -1528.575396 -1425.175459 -1367.577762 -1341.979542 -1338.899882 -1338.594861 -1338.626797 -1338.705963 -1338.790634 -1338.871863 -1338.947001 -1339.016392 -1339.094219 -1339.323393 -1340.990407 -1353.830295 -1383.667238 -1437.121959 -1230.199749 -1189.393407 -1154.648558 -1150.555438 -1150.022703 -1149.926390 -1149.909166 -1149.908522 -1149.910921 -1149.913407 -1149.915418 -1149.916948 -1149.918101 -1149.918978 -1149.919657 -1149.920193 -1149.920624 -1149.920980 -1149.921292 -1149.921591 -1149.921916 -1149.922320 -1149.922873 -1149.923687 -1149.924933 -1149.926883 -1149.929987 -1149.934994 -1149.943187 -1149.956849 -1149.980165 -1150.021090 -1150.095144 -1150.233109 -1150.496348 -1151.007232 -1152.012581 -1154.034467 -1158.284029 -1167.858436 -1192.080566 -9999.0 -9999.0
-9999.0 -9999.0 265.050515 164.855647 64.748882 -35.122592 -134.871256 -235.196090 -338.045809 -447.362585 -566.157004 -689.142749 -805.127510 -895.679402 -962.290337 -1025.731171 -1084.372422 -1140.919491 -1152.859122 -1150.451855 -1142.910106 -1135.622823 -1130.758866 -1128.707919 -1129.052041 -1131.075934 -1134.016562 -1137.215525 -1140.211841 -1142.759901 -1144.783935 -1146.312545 -1147.423291 -1148.205601 -1148.741326 -1149.099142 -1149.344078 -1149.557702 -1149.807282 -1150.429990 -1156.532768 -1209.173721 -1351.474185 -1528.575396 -1425.175459 -1367.577762 -1341.979542 -1338.899882 -1338.594861 -1338.626797 -1338.705963 -1338.790634 -1338.871863 -1338.947001 -1339.016392 -1339.094219 -1339.323393 -1340.990407 -1353.830295 -1383.667238 -1437.121959 -1230.199749 -1189.393407 -1154.648558 -1150.555438 -1150.022703 -1149.926390 -1149.909166 -1149.908522 -1149.910921 -1149.913407 -1149.915418 -1149.916948 -1149.918101 -1149.918978 -1149.919657 -1149.920193 -1149.920624 -1149.920980 -1149.921292 -1149.921591 -1149.921916 -1149.922320 -1149.922873 -1149.923687 -1149.924933 -1149.926883 -1149.929987 -1149.934994 -1149.943187 -1149.956849 -1149.980165 -1150.021090 -1150.095144 -1150.233109 -1150.496348 -1151.007232 -1152.012581 -1154.034467 -1158.284029 -1167.858436 -1192.080566 -9999.0 -9999.0
-9999.0 -9999.0 265.050515 164.855647 64.748882 -35.122592 -134.871256 -235.196090 -338.045809 -447.362585 -566.157004 -689.142749 -805.127510 -895.679402 -962.290337 -1025.731171 -1084.372422 -1140.919491 -1152.859122 -1150.451855 -1142.910106 -1135.622823 -1130.758866 -1128.707919 -1129.052041 -1131.075934 -1134.016562 -1137.215525 -1140.211841 -1142.759901 -1144.783935 -1146.312545 -1147.423291 -1148.205601 -1148.741326 -1149.099142 -1149.344078 -1149.557702 -1149.807282 -1150.429990 -1156.532768 -1209.173721 -1351.474185 -1528.575396 -1425.175459 -1367.577762 -1341.979542 -1338.899882 -1338.594861 -1338.626797 -1338.705963 -1338.790634 -1338.871863 -1338.947001 -1339.016392 -1339.094219 -1339.323393 -1340.990407 -1353.830295 -1383.667238 -1437.121959 -1230.199749 -1189.393407 -1154.648558 -1150.555438 -1150.022703 -1149.926390 -1149.909166 -1149.908522 -1149.910921 -1149.913407 -1149.915418 -1149.916948 -1149.918101 -1149.918978 -1149.919657 -1149.920193 -1149.920624 -1149.920980 -1149.921292 -1149.921591 -1149.921916 -1149.922320 -1149.922873 -1149.923687 -1149.924933 -1149.926883 -1149.929987 -1149.934994 -1149.943187 -1149.956849 -1149.980165 -1150.021090 -1150.095144 -1150.233109 -1150.496348 -1151.007232 -1152.012581 -1154.034467 -1158.284029 -1167.858436 -1192.080566 -9999.0 -9999.0
-9999.0 -9999.0 265.050516 164.855647 64.748883 -35.122592 -134.871256 -235.196090 -338.045808 -447.362585 -566.157004 -689.142749 -805.127510 -895.679402 -962.290337 -1025.731171 -1084.372422 -1140.919491 -1152.859122 -1150.451855 -1142.910106 -1135.622823 -1130.758866 -1128.707919 -1129.052041 -1131.075934 -1134.016562 -1137.215525 -1140.211841 -1142.759901 -1144.783935 -1146.312545 -1147.423291 -1148.205601 -1148.741326 -1149.099142 -1149.344078 -1149.557702 -1149.807282 -1150.429990 -1156.532768 -1209.173721 -1351.474185 -1528.575396 -1425.175459 -1367.577762 -1341.979542 -1338.899882 -1338.594861 -1338.626797 -1338.705963 -1338.790634 -1338.871863 -1338.947001 -1339.016392 -1339.094219 -1339.323393 -1340.990407 -1353.830295 -1383.667238 -1437.121959 -1230.199749 -1189.393407 -1154.648558 -1150.555438 -1150.022703 -1149.926390 -1149.909166 -1149.908522 -1149.910921 -1149.913407 -1149.915418 -1149.916948 -1149.918101 -1149.918978 -1149.919657 -1149.920193 -1149.920624 -1149.920980 -1149.921292 -1149.921591 -1149.921916 -1149.922320 -1149.922873 -1149.923687 -1149.924933 -1149.926883 -1149.929987 -1149.934994 -1149.943187 -1149.956849 -1149.980165 -1150.021090 -1150.095144 -1150.233109 -1150.496348 -1151.007232 -1152.012581 -1154.034467 -1158.284029 -1167.858436 -1192.080566 -9999.0 -9999.0
-9999.0 -9999.0 265.050516 164.855648 64.748883 -35.122591 -134.871256 -235.196090 -338.045808 -447.362585 -566.157004 -689.142748 -805.127510 -895.679402 -962.290337 -1025.731171 -1084.372422 -1140.919491 -1152.859122 -1150.451855 -1142.910106 -1135.622823 -1130.758866 -1128.707919 -1129.052041 -1131.075934 -1134.016562 -1137.215525 -1140.211841 -1142.759901 -1144.783935 -1146.312545 -1147.423291 -1148.205601 -1148.741326 -1149.099142 -1149.344078 -1149.557702 -1149.807282 -1150.429990 -1156.532768 -1209.173721 -1351.474185 -1528.575397 -1425.175460 -1367.577764 -1341.979542 -1338.899882 -1338.594861 -1338.626797 -1338.705963 -1338.790634 -1338.871863 -1338.947001 -1339.016392 -1339.094219 -1339.323393 -1340.990407 -1353.830295 -1383.667238 -1437.121959 -1230.199749 -1189.393407 -1154.648558 -1150.555438 -1150.022703 -1149.926390 -1149.909166 -1149.908522 -1149.910921 -1149.913407 -1149.915418 -1149.916948 -1149.918101 -1149.918978 -1149.919657 -1149.920193 -1149.920624 -1149.920980 -1149.921292 -1149.921591 -1149.921916 -1149.922320 -1149.922873 -1149.923687 -1149.924933 -1149.926883 -1149.929987 -1149.934994 -1149.943187 -1149.956849 -1149.980165 -1150.021090 -1150.095144 -1150.233109 -1150.496348 -1151.007232 -1152.012581 -1154.034467 -1158.284029 -1167.858436 -1192.080566 -9999.0 -9999.0
-9999.0 -9999.0 -9999.0 -9999.0 -9999.0 -9999.0 -9999.0 -9999.0 -9999.0 -9999.0 -9999.0 -9999.0 -9999.0 -9999.0 -9999.0 -9999.0 -9999.0 -9999.0 -9999.0 -9999.0 -9999.0 -9999.0 -9999.0 -9999.0 -9999.0 -9999.0 -9999.0 -9999.0 -9999.0 -9999.0 -9999.0 -9999.0 -9999.0 -9999.0 -9999.0 -9999.0 -9999.0 -9999.0 -9999.0 -9999.0 -9999.0 -9999.0 -9999.0 -9999.0 -9999.0 -9999.0 -9999.0 -9999.0 -9999.0 -9999.0 -9999.0 -9999.0 -9999.0 -9999.0 -9999.0 -9999.0 -9999.0 -9999.0 -9999.0 -9999.0 -9999.0 -9999.0 -9999.0 -9999.0 -9999.0 -9999.0 -9999.0 -9999.0 -9999.0 -9999.0 -9999.0 -9999.0 -9999.0 -9999.0 -9999.0 -9999.0 -9999.0 -9999.0 -9999.0 -9999.0 -9999.0 -9999.0 -9999.0 -9999.0 -9999.0 -9999.0 -9999.0 -9999.0 -9999.0 -9999.0 -9999.0 -9999.0 -9999.0 -9999.0 -9999.0 -9999.0 -9999.0 -9999.0 -9999.0 -9999.0 -9999.0 -9999.0 -9999.0 -9999.0
-9999.0 -9999.0 -9999.0 -9999.0 -9999.0 -9999.0 -9999.0 -9999.0 -9999.0 -9999.0 -9999.0 -9999.0 -9999.0 -9999.0 -9999.0 -9999.0 -9999.0 -9999.0 -9999.0 -9999.0 -9999.0 -9999.0 -9999.0 -9999.0 -9999.0 -9999.0 -9999.0 -9999.0 -9999.0 -9999.0 -9999.0 -9999.0 -9999.0 -9999.0 -9999.0 -9999.0 -9999.0 -9999.0 -9999.0 -9999.0 -9999.0 -9999.0 -9999.0 -9999.0 -9999.0 -9999.0 -9999.0 -9999.0 -9999.0 -9999.0 -9999.0 -9999.0 -9999.0 -9999.0 -9999.0 -9999.0 -9999.0 -9999.0 -9999.0 -9999.0 -9999.0 -9999.0 -9999.0 -9999.0 -9999.0 -9999.0 -9999.0 -9999.0 -9999.0 -9999.0 -9999.0 -9999.0 -9999.0 -9999.0 -9999.0 -9999.0 -9999.0 -9999.0 -9999.0 -9999.0 -9999.0 -9999.0 -9999.0 -9999.0 -9999.0 -9999.0 -9999.0 -9999.0 -9999.0 -9999.0 -9999.0 -9999.0 -9999.0 -9999.0 -9999.0 -9999.0 -9999.0 -9999.0 -9999.0 -9999.0 -9999.0 -9999.0 -9999.0 -9999.0