inst/processing_geotop_simulation/geotop_simulation/out/maps3D/PwL0000N0211.asc
ncols         104
nrows         10
xllcorner     -2.000000
yllcorner     0.000000
cellsize      1.000000
NODATA_value  -9999.0
-9999.0 -9999.0 -9999.0 -9999.0 -9999.0 -9999.0 -9999.0 -9999.0 -9999.0 -9999.0 -9999.0 -9999.0 -9999.0 -9999.0 -9999.0 -9999.0 -9999.0 -9999.0 -9999.0 -9999.0 -9999.0 -9999.0 -9999.0 -9999.0 -9999.0 -9999.0 -9999.0 -9999.0 -9999.0 -9999.0 -9999.0 -9999.0 -9999.0 -9999.0 -9999.0 -9999.0 -9999.0 -9999.0 -9999.0 -9999.0 -9999.0 -9999.0 -9999.0 -9999.0 -9999.0 -9999.0 -9999.0 -9999.0 -9999.0 -9999.0 -9999.0 -9999.0 -9999.0 -9999.0 -9999.0 -9999.0 -9999.0 -9999.0 -9999.0 -9999.0 -9999.0 -9999.0 -9999.0 -9999.0 -9999.0 -9999.0 -9999.0 -9999.0 -9999.0 -9999.0 -9999.0 -9999.0 -9999.0 -9999.0 -9999.0 -9999.0 -9999.0 -9999.0 -9999.0 -9999.0 -9999.0 -9999.0 -9999.0 -9999.0 -9999.0 -9999.0 -9999.0 -9999.0 -9999.0 -9999.0 -9999.0 -9999.0 -9999.0 -9999.0 -9999.0 -9999.0 -9999.0 -9999.0 -9999.0 -9999.0 -9999.0 -9999.0 -9999.0 -9999.0
-9999.0 -9999.0 -9999.0 -9999.0 -9999.0 -9999.0 -9999.0 -9999.0 -9999.0 -9999.0 -9999.0 -9999.0 -9999.0 -9999.0 -9999.0 -9999.0 -9999.0 -9999.0 -9999.0 -9999.0 -9999.0 -9999.0 -9999.0 -9999.0 -9999.0 -9999.0 -9999.0 -9999.0 -9999.0 -9999.0 -9999.0 -9999.0 -9999.0 -9999.0 -9999.0 -9999.0 -9999.0 -9999.0 -9999.0 -9999.0 -9999.0 -9999.0 -9999.0 -9999.0 -9999.0 -9999.0 -9999.0 -9999.0 -9999.0 -9999.0 -9999.0 -9999.0 -9999.0 -9999.0 -9999.0 -9999.0 -9999.0 -9999.0 -9999.0 -9999.0 -9999.0 -9999.0 -9999.0 -9999.0 -9999.0 -9999.0 -9999.0 -9999.0 -9999.0 -9999.0 -9999.0 -9999.0 -9999.0 -9999.0 -9999.0 -9999.0 -9999.0 -9999.0 -9999.0 -9999.0 -9999.0 -9999.0 -9999.0 -9999.0 -9999.0 -9999.0 -9999.0 -9999.0 -9999.0 -9999.0 -9999.0 -9999.0 -9999.0 -9999.0 -9999.0 -9999.0 -9999.0 -9999.0 -9999.0 -9999.0 -9999.0 -9999.0 -9999.0 -9999.0
-9999.0 -9999.0 0.031764 -87.371171 -183.592329 -280.790331 -378.339683 -475.996696 -573.633490 -671.134415 -768.268399 -864.847603 -960.733216 -1055.737956 -1150.636936 -1245.221251 -1338.087584 -1428.999508 -1517.799918 -1601.371768 -1673.180803 -1729.372950 -1770.200446 -1798.453651 -1817.501868 -1830.222767 -1838.718576 -1844.408089 -1848.220812 -1850.768370 -1852.461292 -1853.579052 -1854.312568 -1854.791457 -1855.103005 -1855.307266 -1855.452407 -1855.604896 -1856.000519 -1857.834713 -1864.768185 -1852.044564 -1160.751014 -1157.289847 -1146.754543 -1140.056880 -1136.912851 -1136.447400 -1136.398830 -1136.405432 -1136.420298 -1136.436190 -1136.451456 -1136.465588 -1136.478655 -1136.493375 -1136.535798 -1136.815439 -1138.495380 -1142.264618 -1147.989105 -1144.024812 -1831.154105 -1859.757808 -1856.805316 -1855.936011 -1855.787959 -1855.764925 -1855.761969 -1855.762377 -1855.763234 -1855.763998 -1855.764597 -1855.765053 -1855.765402 -1855.765672 -1855.765885 -1855.766058 -1855.766202 -1855.766329 -1855.766454 -1855.766593 -1855.766769 -1855.767012 -1855.767373 -1855.767928 -1855.768801 -1855.770199 -1855.772471 -1855.776228 -1855.782576 -1855.793583 -1855.813233 -1855.849373 -1855.917677 -1856.049895 -1856.312054 -1856.849024 -1858.005602 -1860.685739 -1867.617225 -1889.452328 -9999.0 -9999.0
-9999.0 -9999.0 0.107436 -87.368966 -183.591780 -280.790171 -378.339632 -475.996679 -573.633484 -671.134413 -768.268398 -864.847602 -960.733215 -1055.737956 -1150.636936 -1245.221251 -1338.087584 -1428.999508 -1517.799918 -1601.371768 -1673.180803 -1729.372950 -1770.200446 -1798.453651 -1817.501868 -1830.222767 -1838.718576 -1844.408089 -1848.220812 -1850.768370 -1852.461292 -1853.579052 -1854.312568 -1854.791457 -1855.103005 -1855.307266 -1855.452407 -1855.604896 -1856.000519 -1857.834713 -1864.768185 -1852.044564 -1160.751014 -1157.289847 -1146.754543 -1140.056880 -1136.912851 -1136.447400 -1136.398830 -1136.405432 -1136.420298 -1136.436190 -1136.451456 -1136.465588 -1136.478655 -1136.493375 -1136.535798 -1136.815439 -1138.495380 -1142.264618 -1147.989105 -1144.024812 -1831.154105 -1859.757808 -1856.805316 -1855.936011 -1855.787959 -1855.764925 -1855.761969 -1855.762377 -1855.763234 -1855.763998 -1855.764597 -1855.765053 -1855.765402 -1855.765672 -1855.765885 -1855.766058 -1855.766202 -1855.766329 -1855.766454 -1855.766593 -1855.766769 -1855.767012 -1855.767373 -1855.767928 -1855.768801 -1855.770199 -1855.772471 -1855.776228 -1855.782576 -1855.793583 -1855.813233 -1855.849373 -1855.917677 -1856.049895 -1856.312054 -1856.849024 -1858.005602 -1860.685739 -1867.617225 -1889.452328 -9999.0 -9999.0
-9999.0 -9999.0 0.107441 -87.368087 -183.591433 -280.790046 -378.339587 -475.996663 -573.633478 -671.134410 -768.268397 -864.847602 -960.733215 -1055.737956 -1150.636936 -1245.221251 -1338.087584 -1428.999508 -1517.799918 -1601.371768 -1673.180803 -1729.372950 -1770.200446 -1798.453651 -1817.501868 -1830.222767 -1838.718576 -1844.408089 -1848.220812 -1850.768370 -1852.461292 -1853.579052 -1854.312568 -1854.791457 -1855.103005 -1855.307266 -1855.452407 -1855.604896 -1856.000519 -1857.834713 -1864.768185 -1852.044564 -1160.751014 -1157.289847 -1146.754543 -1140.056880 -1136.912851 -1136.447400 -1136.398830 -1136.405432 -1136.420298 -1136.436190 -1136.451456 -1136.465588 -1136.478655 -1136.493375 -1136.535798 -1136.815439 -1138.495380 -1142.264618 -1147.989105 -1144.024812 -1831.154105 -1859.757808 -1856.805316 -1855.936011 -1855.787959 -1855.764925 -1855.761969 -1855.762377 -1855.763234 -1855.763998 -1855.764597 -1855.765053 -1855.765402 -1855.765672 -1855.765885 -1855.766058 -1855.766202 -1855.766329 -1855.766454 -1855.766593 -1855.766769 -1855.767012 -1855.767373 -1855.767928 -1855.768801 -1855.770199 -1855.772471 -1855.776228 -1855.782576 -1855.793583 -1855.813233 -1855.849373 -1855.917677 -1856.049895 -1856.312054 -1856.849024 -1858.005602 -1860.685739 -1867.617225 -1889.452328 -9999.0 -9999.0
-9999.0 -9999.0 0.107441 -87.368087 -183.591433 -280.790045 -378.339587 -475.996663 -573.633478 -671.134410 -768.268397 -864.847602 -960.733215 -1055.737955 -1150.636936 -1245.221251 -1338.087584 -1428.999508 -1517.799918 -1601.371768 -1673.180803 -1729.372950 -1770.200446 -1798.453651 -1817.501868 -1830.222767 -1838.718576 -1844.408089 -1848.220812 -1850.768370 -1852.461292 -1853.579052 -1854.312568 -1854.791457 -1855.103005 -1855.307266 -1855.452407 -1855.604896 -1856.000519 -1857.834713 -1864.768185 -1852.044564 -1160.751014 -1157.289847 -1146.754543 -1140.056880 -1136.912851 -1136.447400 -1136.398830 -1136.405432 -1136.420298 -1136.436190 -1136.451456 -1136.465588 -1136.478655 -1136.493375 -1136.535798 -1136.815439 -1138.495380 -1142.264618 -1147.989105 -1144.024812 -1831.154105 -1859.757808 -1856.805316 -1855.936011 -1855.787959 -1855.764925 -1855.761969 -1855.762377 -1855.763234 -1855.763998 -1855.764597 -1855.765053 -1855.765402 -1855.765672 -1855.765885 -1855.766058 -1855.766202 -1855.766329 -1855.766454 -1855.766593 -1855.766769 -1855.767012 -1855.767373 -1855.767928 -1855.768801 -1855.770199 -1855.772471 -1855.776228 -1855.782576 -1855.793583 -1855.813233 -1855.849373 -1855.917677 -1856.049895 -1856.312054 -1856.849024 -1858.005602 -1860.685739 -1867.617225 -1889.452328 -9999.0 -9999.0
-9999.0 -9999.0 0.107436 -87.368966 -183.591780 -280.790171 -378.339632 -475.996679 -573.633484 -671.134413 -768.268398 -864.847602 -960.733215 -1055.737956 -1150.636936 -1245.221251 -1338.087584 -1428.999508 -1517.799918 -1601.371768 -1673.180803 -1729.372950 -1770.200446 -1798.453651 -1817.501868 -1830.222767 -1838.718576 -1844.408089 -1848.220812 -1850.768370 -1852.461292 -1853.579052 -1854.312568 -1854.791457 -1855.103005 -1855.307266 -1855.452407 -1855.604896 -1856.000519 -1857.834713 -1864.768185 -1852.044564 -1160.751014 -1157.289847 -1146.754543 -1140.056880 -1136.912851 -1136.447400 -1136.398830 -1136.405432 -1136.420298 -1136.436190 -1136.451456 -1136.465588 -1136.478655 -1136.493375 -1136.535798 -1136.815439 -1138.495380 -1142.264618 -1147.989105 -1144.024812 -1831.154105 -1859.757808 -1856.805316 -1855.936011 -1855.787959 -1855.764925 -1855.761969 -1855.762377 -1855.763234 -1855.763998 -1855.764597 -1855.765053 -1855.765402 -1855.765672 -1855.765885 -1855.766058 -1855.766202 -1855.766329 -1855.766454 -1855.766593 -1855.766769 -1855.767012 -1855.767373 -1855.767928 -1855.768801 -1855.770199 -1855.772471 -1855.776228 -1855.782576 -1855.793583 -1855.813233 -1855.849373 -1855.917677 -1856.049895 -1856.312054 -1856.849024 -1858.005602 -1860.685739 -1867.617225 -1889.452328 -9999.0 -9999.0
-9999.0 -9999.0 0.031764 -87.371171 -183.592329 -280.790331 -378.339683 -475.996696 -573.633490 -671.134415 -768.268399 -864.847603 -960.733216 -1055.737956 -1150.636936 -1245.221251 -1338.087584 -1428.999508 -1517.799918 -1601.371768 -1673.180803 -1729.372950 -1770.200446 -1798.453651 -1817.501868 -1830.222767 -1838.718576 -1844.408089 -1848.220812 -1850.768370 -1852.461292 -1853.579052 -1854.312568 -1854.791457 -1855.103005 -1855.307266 -1855.452407 -1855.604896 -1856.000519 -1857.834713 -1864.768185 -1852.044564 -1160.751014 -1157.289847 -1146.754543 -1140.056880 -1136.912851 -1136.447400 -1136.398830 -1136.405432 -1136.420298 -1136.436190 -1136.451456 -1136.465588 -1136.478655 -1136.493375 -1136.535798 -1136.815439 -1138.495380 -1142.264618 -1147.989105 -1144.024812 -1831.154105 -1859.757808 -1856.805316 -1855.936011 -1855.787959 -1855.764925 -1855.761969 -1855.762377 -1855.763234 -1855.763998 -1855.764597 -1855.765053 -1855.765402 -1855.765672 -1855.765885 -1855.766058 -1855.766202 -1855.766329 -1855.766454 -1855.766593 -1855.766769 -1855.767012 -1855.767373 -1855.767928 -1855.768801 -1855.770199 -1855.772471 -1855.776228 -1855.782576 -1855.793583 -1855.813233 -1855.849373 -1855.917677 -1856.049895 -1856.312054 -1856.849024 -1858.005602 -1860.685739 -1867.617225 -1889.452328 -9999.0 -9999.0
-9999.0 -9999.0 -9999.0 -9999.0 -9999.0 -9999.0 -9999.0 -9999.0 -9999.0 -9999.0 -9999.0 -9999.0 -9999.0 -9999.0 -9999.0 -9999.0 -9999.0 -9999.0 -9999.0 -9999.0 -9999.0 -9999.0 -9999.0 -9999.0 -9999.0 -9999.0 -9999.0 -9999.0 -9999.0 -9999.0 -9999.0 -9999.0 -9999.0 -9999.0 -9999.0 -9999.0 -9999.0 -9999.0 -9999.0 -9999.0 -9999.0 -9999.0 -9999.0 -9999.0 -9999.0 -9999.0 -9999.0 -9999.0 -9999.0 -9999.0 -9999.0 -9999.0 -9999.0 -9999.0 -9999.0 -9999.0 -9999.0 -9999.0 -9999.0 -9999.0 -9999.0 -9999.0 -9999.0 -9999.0 -9999.0 -9999.0 -9999.0 -9999.0 -9999.0 -9999.0 -9999.0 -9999.0 -9999.0 -9999.0 -9999.0 -9999.0 -9999.0 -9999.0 -9999.0 -9999.0 -9999.0 -9999.0 -9999.0 -9999.0 -9999.0 -9999.0 -9999.0 -9999.0 -9999.0 -9999.0 -9999.0 -9999.0 -9999.0 -9999.0 -9999.0 -9999.0 -9999.0 -9999.0 -9999.0 -9999.0 -9999.0 -9999.0 -9999.0 -9999.0
-9999.0 -9999.0 -9999.0 -9999.0 -9999.0 -9999.0 -9999.0 -9999.0 -9999.0 -9999.0 -9999.0 -9999.0 -9999.0 -9999.0 -9999.0 -9999.0 -9999.0 -9999.0 -9999.0 -9999.0 -9999.0 -9999.0 -9999.0 -9999.0 -9999.0 -9999.0 -9999.0 -9999.0 -9999.0 -9999.0 -9999.0 -9999.0 -9999.0 -9999.0 -9999.0 -9999.0 -9999.0 -9999.0 -9999.0 -9999.0 -9999.0 -9999.0 -9999.0 -9999.0 -9999.0 -9999.0 -9999.0 -9999.0 -9999.0 -9999.0 -9999.0 -9999.0 -9999.0 -9999.0 -9999.0 -9999.0 -9999.0 -9999.0 -9999.0 -9999.0 -9999.0 -9999.0 -9999.0 -9999.0 -9999.0 -9999.0 -9999.0 -9999.0 -9999.0 -9999.0 -9999.0 -9999.0 -9999.0 -9999.0 -9999.0 -9999.0 -9999.0 -9999.0 -9999.0 -9999.0 -9999.0 -9999.0 -9999.0 -9999.0 -9999.0 -9999.0 -9999.0 -9999.0 -9999.0 -9999.0 -9999.0 -9999.0 -9999.0 -9999.0 -9999.0 -9999.0 -9999.0 -9999.0 -9999.0 -9999.0 -9999.0 -9999.0 -9999.0 -9999.0