inst/processing_geotop_simulation/geotop_simulation/out/maps3D/PwL0007N0202.asc
ncols         104
nrows         10
xllcorner     -2.000000
yllcorner     0.000000
cellsize      1.000000
NODATA_value  -9999.0
-9999.0 -9999.0 -9999.0 -9999.0 -9999.0 -9999.0 -9999.0 -9999.0 -9999.0 -9999.0 -9999.0 -9999.0 -9999.0 -9999.0 -9999.0 -9999.0 -9999.0 -9999.0 -9999.0 -9999.0 -9999.0 -9999.0 -9999.0 -9999.0 -9999.0 -9999.0 -9999.0 -9999.0 -9999.0 -9999.0 -9999.0 -9999.0 -9999.0 -9999.0 -9999.0 -9999.0 -9999.0 -9999.0 -9999.0 -9999.0 -9999.0 -9999.0 -9999.0 -9999.0 -9999.0 -9999.0 -9999.0 -9999.0 -9999.0 -9999.0 -9999.0 -9999.0 -9999.0 -9999.0 -9999.0 -9999.0 -9999.0 -9999.0 -9999.0 -9999.0 -9999.0 -9999.0 -9999.0 -9999.0 -9999.0 -9999.0 -9999.0 -9999.0 -9999.0 -9999.0 -9999.0 -9999.0 -9999.0 -9999.0 -9999.0 -9999.0 -9999.0 -9999.0 -9999.0 -9999.0 -9999.0 -9999.0 -9999.0 -9999.0 -9999.0 -9999.0 -9999.0 -9999.0 -9999.0 -9999.0 -9999.0 -9999.0 -9999.0 -9999.0 -9999.0 -9999.0 -9999.0 -9999.0 -9999.0 -9999.0 -9999.0 -9999.0 -9999.0 -9999.0
-9999.0 -9999.0 -9999.0 -9999.0 -9999.0 -9999.0 -9999.0 -9999.0 -9999.0 -9999.0 -9999.0 -9999.0 -9999.0 -9999.0 -9999.0 -9999.0 -9999.0 -9999.0 -9999.0 -9999.0 -9999.0 -9999.0 -9999.0 -9999.0 -9999.0 -9999.0 -9999.0 -9999.0 -9999.0 -9999.0 -9999.0 -9999.0 -9999.0 -9999.0 -9999.0 -9999.0 -9999.0 -9999.0 -9999.0 -9999.0 -9999.0 -9999.0 -9999.0 -9999.0 -9999.0 -9999.0 -9999.0 -9999.0 -9999.0 -9999.0 -9999.0 -9999.0 -9999.0 -9999.0 -9999.0 -9999.0 -9999.0 -9999.0 -9999.0 -9999.0 -9999.0 -9999.0 -9999.0 -9999.0 -9999.0 -9999.0 -9999.0 -9999.0 -9999.0 -9999.0 -9999.0 -9999.0 -9999.0 -9999.0 -9999.0 -9999.0 -9999.0 -9999.0 -9999.0 -9999.0 -9999.0 -9999.0 -9999.0 -9999.0 -9999.0 -9999.0 -9999.0 -9999.0 -9999.0 -9999.0 -9999.0 -9999.0 -9999.0 -9999.0 -9999.0 -9999.0 -9999.0 -9999.0 -9999.0 -9999.0 -9999.0 -9999.0 -9999.0 -9999.0
-9999.0 -9999.0 329.272327 235.729908 139.657068 42.652966 -54.713939 -152.228984 -249.780948 -347.281092 -444.623929 -541.576350 -637.653309 -732.774761 -827.868291 -922.872153 -1017.660907 -1111.121327 -1201.683500 -1288.091215 -1365.287836 -1429.261858 -1478.816745 -1515.240786 -1541.059120 -1558.951826 -1571.190059 -1579.489204 -1585.074139 -1588.801506 -1591.267831 -1592.886554 -1593.941681 -1594.625805 -1595.067943 -1595.355419 -1595.554348 -1595.745097 -1596.187617 -1598.202892 -1606.840015 -1620.427076 -1142.280436 -1192.448327 -1165.176037 -1148.213465 -1140.368077 -1139.292583 -1139.182581 -1139.195286 -1139.225745 -1139.258351 -1139.289659 -1139.318636 -1139.345436 -1139.375778 -1139.465506 -1140.084650 -1144.165359 -1153.407610 -1167.283011 -1100.676139 -1594.251680 -1601.294306 -1597.109834 -1596.151025 -1595.994291 -1595.970236 -1595.967151 -1595.967544 -1595.968404 -1595.969174 -1595.969777 -1595.970237 -1595.970589 -1595.970862 -1595.971078 -1595.971253 -1595.971399 -1595.971528 -1595.971655 -1595.971796 -1595.971973 -1595.972220 -1595.972585 -1595.973146 -1595.974028 -1595.975441 -1595.977738 -1595.981537 -1595.987957 -1595.999095 -1596.018990 -1596.055601 -1596.124847 -1596.259057 -1596.525799 -1597.074472 -1598.263399 -1601.033831 -1608.195708 -1630.465004 -9999.0 -9999.0
-9999.0 -9999.0 329.280676 235.731934 139.657605 42.653125 -54.713889 -152.228967 -249.780942 -347.281090 -444.623928 -541.576349 -637.653309 -732.774761 -827.868291 -922.872153 -1017.660907 -1111.121327 -1201.683500 -1288.091215 -1365.287837 -1429.261858 -1478.816745 -1515.240786 -1541.059120 -1558.951826 -1571.190059 -1579.489204 -1585.074139 -1588.801506 -1591.267831 -1592.886554 -1593.941681 -1594.625805 -1595.067943 -1595.355419 -1595.554348 -1595.745097 -1596.187617 -1598.202892 -1606.840015 -1620.427076 -1142.280436 -1192.448327 -1165.176037 -1148.213464 -1140.368077 -1139.292583 -1139.182581 -1139.195286 -1139.225745 -1139.258351 -1139.289659 -1139.318636 -1139.345436 -1139.375778 -1139.465506 -1140.084650 -1144.165359 -1153.407610 -1167.283011 -1100.676139 -1594.251680 -1601.294306 -1597.109834 -1596.151025 -1595.994291 -1595.970236 -1595.967151 -1595.967544 -1595.968404 -1595.969174 -1595.969777 -1595.970237 -1595.970589 -1595.970862 -1595.971078 -1595.971253 -1595.971399 -1595.971528 -1595.971655 -1595.971796 -1595.971973 -1595.972220 -1595.972585 -1595.973146 -1595.974028 -1595.975441 -1595.977738 -1595.981537 -1595.987957 -1595.999095 -1596.018990 -1596.055601 -1596.124847 -1596.259057 -1596.525799 -1597.074472 -1598.263399 -1601.033831 -1608.195708 -1630.465004 -9999.0 -9999.0
-9999.0 -9999.0 329.282256 235.732793 139.657948 42.653250 -54.713845 -152.228951 -249.780937 -347.281088 -444.623927 -541.576349 -637.653309 -732.774761 -827.868291 -922.872153 -1017.660907 -1111.121327 -1201.683500 -1288.091215 -1365.287837 -1429.261859 -1478.816745 -1515.240786 -1541.059120 -1558.951826 -1571.190059 -1579.489204 -1585.074139 -1588.801506 -1591.267831 -1592.886554 -1593.941681 -1594.625805 -1595.067943 -1595.355419 -1595.554348 -1595.745097 -1596.187617 -1598.202892 -1606.840015 -1620.427076 -1142.280436 -1192.448327 -1165.176037 -1148.213464 -1140.368077 -1139.292583 -1139.182581 -1139.195286 -1139.225745 -1139.258351 -1139.289659 -1139.318636 -1139.345436 -1139.375778 -1139.465506 -1140.084650 -1144.165359 -1153.407610 -1167.283011 -1100.676139 -1594.251680 -1601.294306 -1597.109834 -1596.151025 -1595.994291 -1595.970236 -1595.967151 -1595.967544 -1595.968404 -1595.969174 -1595.969777 -1595.970237 -1595.970589 -1595.970862 -1595.971078 -1595.971253 -1595.971399 -1595.971528 -1595.971655 -1595.971796 -1595.971973 -1595.972220 -1595.972585 -1595.973146 -1595.974028 -1595.975441 -1595.977738 -1595.981537 -1595.987957 -1595.999095 -1596.018990 -1596.055601 -1596.124847 -1596.259057 -1596.525799 -1597.074472 -1598.263399 -1601.033831 -1608.195708 -1630.465004 -9999.0 -9999.0
-9999.0 -9999.0 329.282256 235.732793 139.657948 42.653250 -54.713845 -152.228951 -249.780937 -347.281088 -444.623927 -541.576349 -637.653309 -732.774761 -827.868291 -922.872153 -1017.660907 -1111.121327 -1201.683500 -1288.091215 -1365.287837 -1429.261859 -1478.816745 -1515.240786 -1541.059120 -1558.951826 -1571.190059 -1579.489204 -1585.074139 -1588.801506 -1591.267831 -1592.886554 -1593.941681 -1594.625805 -1595.067943 -1595.355419 -1595.554348 -1595.745097 -1596.187617 -1598.202892 -1606.840015 -1620.427076 -1142.280436 -1192.448327 -1165.176037 -1148.213464 -1140.368077 -1139.292583 -1139.182581 -1139.195286 -1139.225745 -1139.258351 -1139.289659 -1139.318636 -1139.345436 -1139.375778 -1139.465506 -1140.084650 -1144.165359 -1153.407610 -1167.283011 -1100.676139 -1594.251680 -1601.294306 -1597.109834 -1596.151025 -1595.994291 -1595.970236 -1595.967151 -1595.967544 -1595.968404 -1595.969174 -1595.969777 -1595.970237 -1595.970589 -1595.970862 -1595.971078 -1595.971253 -1595.971399 -1595.971528 -1595.971655 -1595.971796 -1595.971973 -1595.972220 -1595.972585 -1595.973146 -1595.974028 -1595.975441 -1595.977738 -1595.981537 -1595.987957 -1595.999095 -1596.018990 -1596.055601 -1596.124847 -1596.259057 -1596.525799 -1597.074472 -1598.263399 -1601.033831 -1608.195708 -1630.465004 -9999.0 -9999.0
-9999.0 -9999.0 329.280676 235.731934 139.657605 42.653125 -54.713889 -152.228967 -249.780942 -347.281090 -444.623928 -541.576349 -637.653309 -732.774761 -827.868291 -922.872153 -1017.660907 -1111.121327 -1201.683500 -1288.091215 -1365.287837 -1429.261858 -1478.816745 -1515.240786 -1541.059120 -1558.951826 -1571.190059 -1579.489204 -1585.074139 -1588.801506 -1591.267831 -1592.886554 -1593.941681 -1594.625805 -1595.067943 -1595.355419 -1595.554348 -1595.745097 -1596.187617 -1598.202892 -1606.840015 -1620.427076 -1142.280436 -1192.448327 -1165.176037 -1148.213464 -1140.368077 -1139.292583 -1139.182581 -1139.195286 -1139.225745 -1139.258351 -1139.289659 -1139.318636 -1139.345436 -1139.375778 -1139.465506 -1140.084650 -1144.165359 -1153.407610 -1167.283011 -1100.676139 -1594.251680 -1601.294306 -1597.109834 -1596.151025 -1595.994291 -1595.970236 -1595.967151 -1595.967544 -1595.968404 -1595.969174 -1595.969777 -1595.970237 -1595.970589 -1595.970862 -1595.971078 -1595.971253 -1595.971399 -1595.971528 -1595.971655 -1595.971796 -1595.971973 -1595.972220 -1595.972585 -1595.973146 -1595.974028 -1595.975441 -1595.977738 -1595.981537 -1595.987957 -1595.999095 -1596.018990 -1596.055601 -1596.124847 -1596.259057 -1596.525799 -1597.074472 -1598.263399 -1601.033831 -1608.195708 -1630.465004 -9999.0 -9999.0
-9999.0 -9999.0 329.272327 235.729908 139.657068 42.652966 -54.713939 -152.228984 -249.780948 -347.281092 -444.623929 -541.576350 -637.653309 -732.774761 -827.868291 -922.872153 -1017.660907 -1111.121327 -1201.683500 -1288.091215 -1365.287836 -1429.261858 -1478.816745 -1515.240786 -1541.059120 -1558.951826 -1571.190059 -1579.489204 -1585.074139 -1588.801506 -1591.267831 -1592.886554 -1593.941681 -1594.625805 -1595.067943 -1595.355419 -1595.554348 -1595.745097 -1596.187617 -1598.202892 -1606.840015 -1620.427076 -1142.280436 -1192.448327 -1165.176037 -1148.213465 -1140.368077 -1139.292583 -1139.182581 -1139.195286 -1139.225745 -1139.258351 -1139.289659 -1139.318636 -1139.345436 -1139.375778 -1139.465506 -1140.084650 -1144.165359 -1153.407610 -1167.283011 -1100.676139 -1594.251680 -1601.294306 -1597.109834 -1596.151025 -1595.994291 -1595.970236 -1595.967151 -1595.967544 -1595.968404 -1595.969174 -1595.969777 -1595.970237 -1595.970589 -1595.970862 -1595.971078 -1595.971253 -1595.971399 -1595.971528 -1595.971655 -1595.971796 -1595.971973 -1595.972220 -1595.972585 -1595.973146 -1595.974028 -1595.975441 -1595.977738 -1595.981537 -1595.987957 -1595.999095 -1596.018990 -1596.055601 -1596.124847 -1596.259057 -1596.525799 -1597.074472 -1598.263399 -1601.033831 -1608.195708 -1630.465004 -9999.0 -9999.0
-9999.0 -9999.0 -9999.0 -9999.0 -9999.0 -9999.0 -9999.0 -9999.0 -9999.0 -9999.0 -9999.0 -9999.0 -9999.0 -9999.0 -9999.0 -9999.0 -9999.0 -9999.0 -9999.0 -9999.0 -9999.0 -9999.0 -9999.0 -9999.0 -9999.0 -9999.0 -9999.0 -9999.0 -9999.0 -9999.0 -9999.0 -9999.0 -9999.0 -9999.0 -9999.0 -9999.0 -9999.0 -9999.0 -9999.0 -9999.0 -9999.0 -9999.0 -9999.0 -9999.0 -9999.0 -9999.0 -9999.0 -9999.0 -9999.0 -9999.0 -9999.0 -9999.0 -9999.0 -9999.0 -9999.0 -9999.0 -9999.0 -9999.0 -9999.0 -9999.0 -9999.0 -9999.0 -9999.0 -9999.0 -9999.0 -9999.0 -9999.0 -9999.0 -9999.0 -9999.0 -9999.0 -9999.0 -9999.0 -9999.0 -9999.0 -9999.0 -9999.0 -9999.0 -9999.0 -9999.0 -9999.0 -9999.0 -9999.0 -9999.0 -9999.0 -9999.0 -9999.0 -9999.0 -9999.0 -9999.0 -9999.0 -9999.0 -9999.0 -9999.0 -9999.0 -9999.0 -9999.0 -9999.0 -9999.0 -9999.0 -9999.0 -9999.0 -9999.0 -9999.0
-9999.0 -9999.0 -9999.0 -9999.0 -9999.0 -9999.0 -9999.0 -9999.0 -9999.0 -9999.0 -9999.0 -9999.0 -9999.0 -9999.0 -9999.0 -9999.0 -9999.0 -9999.0 -9999.0 -9999.0 -9999.0 -9999.0 -9999.0 -9999.0 -9999.0 -9999.0 -9999.0 -9999.0 -9999.0 -9999.0 -9999.0 -9999.0 -9999.0 -9999.0 -9999.0 -9999.0 -9999.0 -9999.0 -9999.0 -9999.0 -9999.0 -9999.0 -9999.0 -9999.0 -9999.0 -9999.0 -9999.0 -9999.0 -9999.0 -9999.0 -9999.0 -9999.0 -9999.0 -9999.0 -9999.0 -9999.0 -9999.0 -9999.0 -9999.0 -9999.0 -9999.0 -9999.0 -9999.0 -9999.0 -9999.0 -9999.0 -9999.0 -9999.0 -9999.0 -9999.0 -9999.0 -9999.0 -9999.0 -9999.0 -9999.0 -9999.0 -9999.0 -9999.0 -9999.0 -9999.0 -9999.0 -9999.0 -9999.0 -9999.0 -9999.0 -9999.0 -9999.0 -9999.0 -9999.0 -9999.0 -9999.0 -9999.0 -9999.0 -9999.0 -9999.0 -9999.0 -9999.0 -9999.0 -9999.0 -9999.0 -9999.0 -9999.0 -9999.0 -9999.0