inst/processing_geotop_simulation/geotop_simulation/out/maps3D/PwL0012N0473.asc
ncols         104
nrows         10
xllcorner     -2.000000
yllcorner     0.000000
cellsize      1.000000
NODATA_value  -9999.0
-9999.0 -9999.0 -9999.0 -9999.0 -9999.0 -9999.0 -9999.0 -9999.0 -9999.0 -9999.0 -9999.0 -9999.0 -9999.0 -9999.0 -9999.0 -9999.0 -9999.0 -9999.0 -9999.0 -9999.0 -9999.0 -9999.0 -9999.0 -9999.0 -9999.0 -9999.0 -9999.0 -9999.0 -9999.0 -9999.0 -9999.0 -9999.0 -9999.0 -9999.0 -9999.0 -9999.0 -9999.0 -9999.0 -9999.0 -9999.0 -9999.0 -9999.0 -9999.0 -9999.0 -9999.0 -9999.0 -9999.0 -9999.0 -9999.0 -9999.0 -9999.0 -9999.0 -9999.0 -9999.0 -9999.0 -9999.0 -9999.0 -9999.0 -9999.0 -9999.0 -9999.0 -9999.0 -9999.0 -9999.0 -9999.0 -9999.0 -9999.0 -9999.0 -9999.0 -9999.0 -9999.0 -9999.0 -9999.0 -9999.0 -9999.0 -9999.0 -9999.0 -9999.0 -9999.0 -9999.0 -9999.0 -9999.0 -9999.0 -9999.0 -9999.0 -9999.0 -9999.0 -9999.0 -9999.0 -9999.0 -9999.0 -9999.0 -9999.0 -9999.0 -9999.0 -9999.0 -9999.0 -9999.0 -9999.0 -9999.0 -9999.0 -9999.0 -9999.0 -9999.0
-9999.0 -9999.0 -9999.0 -9999.0 -9999.0 -9999.0 -9999.0 -9999.0 -9999.0 -9999.0 -9999.0 -9999.0 -9999.0 -9999.0 -9999.0 -9999.0 -9999.0 -9999.0 -9999.0 -9999.0 -9999.0 -9999.0 -9999.0 -9999.0 -9999.0 -9999.0 -9999.0 -9999.0 -9999.0 -9999.0 -9999.0 -9999.0 -9999.0 -9999.0 -9999.0 -9999.0 -9999.0 -9999.0 -9999.0 -9999.0 -9999.0 -9999.0 -9999.0 -9999.0 -9999.0 -9999.0 -9999.0 -9999.0 -9999.0 -9999.0 -9999.0 -9999.0 -9999.0 -9999.0 -9999.0 -9999.0 -9999.0 -9999.0 -9999.0 -9999.0 -9999.0 -9999.0 -9999.0 -9999.0 -9999.0 -9999.0 -9999.0 -9999.0 -9999.0 -9999.0 -9999.0 -9999.0 -9999.0 -9999.0 -9999.0 -9999.0 -9999.0 -9999.0 -9999.0 -9999.0 -9999.0 -9999.0 -9999.0 -9999.0 -9999.0 -9999.0 -9999.0 -9999.0 -9999.0 -9999.0 -9999.0 -9999.0 -9999.0 -9999.0 -9999.0 -9999.0 -9999.0 -9999.0 -9999.0 -9999.0 -9999.0 -9999.0 -9999.0 -9999.0
-9999.0 -9999.0 571.334947 472.419224 373.212632 273.844921 174.405992 74.937200 -24.539834 -124.014165 -223.481268 -322.933277 -422.355992 -521.722670 -620.992938 -720.118721 -819.299740 -918.402239 -1017.408231 -1116.286809 -1214.030616 -1310.072070 -1402.802714 -1489.977848 -1569.202008 -1638.541767 -1696.955633 -1744.410068 -1781.717835 -1810.227630 -1831.502362 -1847.072777 -1858.292081 -1866.276842 -1871.905396 -1875.848850 -1878.625394 -1880.705455 -1882.761756 -1885.950426 -1888.867638 -1862.780711 -1453.477586 -1842.956543 -1761.388115 -1706.852151 -1682.413000 -1679.027204 -1678.675223 -1678.707277 -1678.793687 -1678.886630 -1678.975927 -1679.058607 -1679.135348 -1679.224729 -1679.505457 -1681.451875 -1694.078923 -1722.926373 -1748.330220 -1364.636907 -1824.043525 -1881.594019 -1885.454736 -1884.970556 -1884.737363 -1884.682937 -1884.673044 -1884.671790 -1884.672002 -1884.672394 -1884.672749 -1884.673046 -1884.673295 -1884.673507 -1884.673693 -1884.673862 -1884.674020 -1884.674173 -1884.674329 -1884.674497 -1884.674690 -1884.674925 -1884.675231 -1884.675651 -1884.676259 -1884.677176 -1884.678614 -1884.680952 -1884.684892 -1884.691778 -1884.704252 -1884.727650 -1884.773066 -1884.864589 -1885.057711 -1885.489734 -1886.527985 -1889.248111 -1897.147237 -1922.905756 -9999.0 -9999.0
-9999.0 -9999.0 571.339554 472.420608 373.213031 273.845043 174.406032 74.937214 -24.539828 -124.014163 -223.481267 -322.933277 -422.355992 -521.722670 -620.992938 -720.118721 -819.299740 -918.402239 -1017.408231 -1116.286809 -1214.030616 -1310.072070 -1402.802714 -1489.977849 -1569.202008 -1638.541768 -1696.955633 -1744.410068 -1781.717835 -1810.227630 -1831.502362 -1847.072777 -1858.292081 -1866.276842 -1871.905396 -1875.848850 -1878.625394 -1880.705455 -1882.761756 -1885.950426 -1888.867638 -1862.780711 -1453.477585 -1842.956543 -1761.388114 -1706.852150 -1682.413000 -1679.027204 -1678.675223 -1678.707277 -1678.793687 -1678.886630 -1678.975927 -1679.058607 -1679.135348 -1679.224729 -1679.505457 -1681.451875 -1694.078923 -1722.926373 -1748.330220 -1364.636907 -1824.043525 -1881.594019 -1885.454736 -1884.970556 -1884.737363 -1884.682937 -1884.673044 -1884.671790 -1884.672002 -1884.672393 -1884.672749 -1884.673046 -1884.673295 -1884.673507 -1884.673693 -1884.673862 -1884.674020 -1884.674173 -1884.674329 -1884.674497 -1884.674690 -1884.674925 -1884.675231 -1884.675651 -1884.676259 -1884.677176 -1884.678614 -1884.680952 -1884.684892 -1884.691778 -1884.704252 -1884.727650 -1884.773066 -1884.864589 -1885.057711 -1885.489734 -1886.527985 -1889.248111 -1897.147237 -1922.905756 -9999.0 -9999.0
-9999.0 -9999.0 571.340791 472.421255 373.213293 273.845140 174.406067 74.937227 -24.539824 -124.014161 -223.481266 -322.933276 -422.355992 -521.722670 -620.992938 -720.118721 -819.299740 -918.402239 -1017.408231 -1116.286809 -1214.030617 -1310.072070 -1402.802714 -1489.977849 -1569.202008 -1638.541768 -1696.955633 -1744.410068 -1781.717835 -1810.227630 -1831.502362 -1847.072777 -1858.292081 -1866.276842 -1871.905396 -1875.848850 -1878.625394 -1880.705455 -1882.761756 -1885.950426 -1888.867638 -1862.780711 -1453.477585 -1842.956543 -1761.388114 -1706.852149 -1682.413000 -1679.027204 -1678.675223 -1678.707277 -1678.793687 -1678.886630 -1678.975927 -1679.058607 -1679.135348 -1679.224729 -1679.505457 -1681.451875 -1694.078923 -1722.926373 -1748.330220 -1364.636907 -1824.043525 -1881.594019 -1885.454736 -1884.970556 -1884.737363 -1884.682937 -1884.673044 -1884.671790 -1884.672002 -1884.672393 -1884.672749 -1884.673046 -1884.673295 -1884.673507 -1884.673693 -1884.673862 -1884.674020 -1884.674173 -1884.674329 -1884.674497 -1884.674690 -1884.674925 -1884.675231 -1884.675651 -1884.676259 -1884.677176 -1884.678614 -1884.680952 -1884.684892 -1884.691778 -1884.704252 -1884.727650 -1884.773066 -1884.864589 -1885.057711 -1885.489734 -1886.527985 -1889.248111 -1897.147237 -1922.905756 -9999.0 -9999.0
-9999.0 -9999.0 571.340791 472.421255 373.213293 273.845140 174.406067 74.937227 -24.539824 -124.014161 -223.481266 -322.933277 -422.355992 -521.722670 -620.992938 -720.118721 -819.299740 -918.402239 -1017.408231 -1116.286809 -1214.030617 -1310.072071 -1402.802714 -1489.977849 -1569.202008 -1638.541768 -1696.955633 -1744.410068 -1781.717835 -1810.227630 -1831.502362 -1847.072777 -1858.292081 -1866.276842 -1871.905396 -1875.848850 -1878.625394 -1880.705455 -1882.761756 -1885.950426 -1888.867638 -1862.780711 -1453.477585 -1842.956543 -1761.388114 -1706.852149 -1682.413000 -1679.027204 -1678.675223 -1678.707277 -1678.793687 -1678.886630 -1678.975927 -1679.058607 -1679.135348 -1679.224729 -1679.505457 -1681.451875 -1694.078923 -1722.926373 -1748.330220 -1364.636907 -1824.043525 -1881.594019 -1885.454736 -1884.970556 -1884.737363 -1884.682937 -1884.673044 -1884.671790 -1884.672002 -1884.672393 -1884.672749 -1884.673046 -1884.673295 -1884.673507 -1884.673693 -1884.673862 -1884.674020 -1884.674173 -1884.674329 -1884.674497 -1884.674690 -1884.674925 -1884.675231 -1884.675651 -1884.676259 -1884.677176 -1884.678614 -1884.680952 -1884.684892 -1884.691778 -1884.704252 -1884.727650 -1884.773066 -1884.864589 -1885.057711 -1885.489734 -1886.527985 -1889.248111 -1897.147237 -1922.905756 -9999.0 -9999.0
-9999.0 -9999.0 571.339554 472.420608 373.213031 273.845043 174.406032 74.937214 -24.539828 -124.014163 -223.481267 -322.933277 -422.355992 -521.722670 -620.992938 -720.118721 -819.299740 -918.402239 -1017.408231 -1116.286809 -1214.030616 -1310.072070 -1402.802714 -1489.977849 -1569.202008 -1638.541768 -1696.955633 -1744.410068 -1781.717835 -1810.227630 -1831.502362 -1847.072777 -1858.292081 -1866.276842 -1871.905396 -1875.848850 -1878.625394 -1880.705455 -1882.761756 -1885.950426 -1888.867638 -1862.780711 -1453.477585 -1842.956543 -1761.388114 -1706.852150 -1682.413000 -1679.027204 -1678.675223 -1678.707277 -1678.793687 -1678.886630 -1678.975927 -1679.058607 -1679.135348 -1679.224729 -1679.505457 -1681.451875 -1694.078923 -1722.926373 -1748.330220 -1364.636907 -1824.043525 -1881.594019 -1885.454736 -1884.970556 -1884.737363 -1884.682937 -1884.673044 -1884.671790 -1884.672002 -1884.672393 -1884.672749 -1884.673046 -1884.673295 -1884.673507 -1884.673693 -1884.673862 -1884.674020 -1884.674173 -1884.674329 -1884.674497 -1884.674690 -1884.674925 -1884.675231 -1884.675651 -1884.676259 -1884.677176 -1884.678614 -1884.680952 -1884.684892 -1884.691778 -1884.704252 -1884.727650 -1884.773066 -1884.864589 -1885.057711 -1885.489734 -1886.527985 -1889.248111 -1897.147237 -1922.905756 -9999.0 -9999.0
-9999.0 -9999.0 571.334947 472.419224 373.212632 273.844921 174.405992 74.937200 -24.539834 -124.014165 -223.481268 -322.933278 -422.355992 -521.722670 -620.992938 -720.118721 -819.299740 -918.402239 -1017.408231 -1116.286809 -1214.030616 -1310.072070 -1402.802714 -1489.977848 -1569.202008 -1638.541767 -1696.955633 -1744.410068 -1781.717835 -1810.227630 -1831.502362 -1847.072777 -1858.292081 -1866.276842 -1871.905396 -1875.848850 -1878.625394 -1880.705455 -1882.761756 -1885.950426 -1888.867638 -1862.780711 -1453.477586 -1842.956543 -1761.388115 -1706.852151 -1682.413000 -1679.027204 -1678.675223 -1678.707277 -1678.793687 -1678.886630 -1678.975927 -1679.058607 -1679.135348 -1679.224729 -1679.505457 -1681.451875 -1694.078923 -1722.926373 -1748.330220 -1364.636907 -1824.043525 -1881.594019 -1885.454736 -1884.970556 -1884.737363 -1884.682937 -1884.673044 -1884.671790 -1884.672002 -1884.672394 -1884.672749 -1884.673046 -1884.673295 -1884.673507 -1884.673693 -1884.673862 -1884.674020 -1884.674173 -1884.674329 -1884.674497 -1884.674690 -1884.674925 -1884.675231 -1884.675651 -1884.676259 -1884.677176 -1884.678614 -1884.680952 -1884.684892 -1884.691778 -1884.704252 -1884.727650 -1884.773066 -1884.864589 -1885.057711 -1885.489734 -1886.527985 -1889.248111 -1897.147237 -1922.905756 -9999.0 -9999.0
-9999.0 -9999.0 -9999.0 -9999.0 -9999.0 -9999.0 -9999.0 -9999.0 -9999.0 -9999.0 -9999.0 -9999.0 -9999.0 -9999.0 -9999.0 -9999.0 -9999.0 -9999.0 -9999.0 -9999.0 -9999.0 -9999.0 -9999.0 -9999.0 -9999.0 -9999.0 -9999.0 -9999.0 -9999.0 -9999.0 -9999.0 -9999.0 -9999.0 -9999.0 -9999.0 -9999.0 -9999.0 -9999.0 -9999.0 -9999.0 -9999.0 -9999.0 -9999.0 -9999.0 -9999.0 -9999.0 -9999.0 -9999.0 -9999.0 -9999.0 -9999.0 -9999.0 -9999.0 -9999.0 -9999.0 -9999.0 -9999.0 -9999.0 -9999.0 -9999.0 -9999.0 -9999.0 -9999.0 -9999.0 -9999.0 -9999.0 -9999.0 -9999.0 -9999.0 -9999.0 -9999.0 -9999.0 -9999.0 -9999.0 -9999.0 -9999.0 -9999.0 -9999.0 -9999.0 -9999.0 -9999.0 -9999.0 -9999.0 -9999.0 -9999.0 -9999.0 -9999.0 -9999.0 -9999.0 -9999.0 -9999.0 -9999.0 -9999.0 -9999.0 -9999.0 -9999.0 -9999.0 -9999.0 -9999.0 -9999.0 -9999.0 -9999.0 -9999.0 -9999.0
-9999.0 -9999.0 -9999.0 -9999.0 -9999.0 -9999.0 -9999.0 -9999.0 -9999.0 -9999.0 -9999.0 -9999.0 -9999.0 -9999.0 -9999.0 -9999.0 -9999.0 -9999.0 -9999.0 -9999.0 -9999.0 -9999.0 -9999.0 -9999.0 -9999.0 -9999.0 -9999.0 -9999.0 -9999.0 -9999.0 -9999.0 -9999.0 -9999.0 -9999.0 -9999.0 -9999.0 -9999.0 -9999.0 -9999.0 -9999.0 -9999.0 -9999.0 -9999.0 -9999.0 -9999.0 -9999.0 -9999.0 -9999.0 -9999.0 -9999.0 -9999.0 -9999.0 -9999.0 -9999.0 -9999.0 -9999.0 -9999.0 -9999.0 -9999.0 -9999.0 -9999.0 -9999.0 -9999.0 -9999.0 -9999.0 -9999.0 -9999.0 -9999.0 -9999.0 -9999.0 -9999.0 -9999.0 -9999.0 -9999.0 -9999.0 -9999.0 -9999.0 -9999.0 -9999.0 -9999.0 -9999.0 -9999.0 -9999.0 -9999.0 -9999.0 -9999.0 -9999.0 -9999.0 -9999.0 -9999.0 -9999.0 -9999.0 -9999.0 -9999.0 -9999.0 -9999.0 -9999.0 -9999.0 -9999.0 -9999.0 -9999.0 -9999.0 -9999.0 -9999.0