inst/processing_geotop_simulation/geotop_simulation/out/maps3D/PwL0022N0145.asc
ncols         104
nrows         10
xllcorner     -2.000000
yllcorner     0.000000
cellsize      1.000000
NODATA_value  -9999.0
-9999.0 -9999.0 -9999.0 -9999.0 -9999.0 -9999.0 -9999.0 -9999.0 -9999.0 -9999.0 -9999.0 -9999.0 -9999.0 -9999.0 -9999.0 -9999.0 -9999.0 -9999.0 -9999.0 -9999.0 -9999.0 -9999.0 -9999.0 -9999.0 -9999.0 -9999.0 -9999.0 -9999.0 -9999.0 -9999.0 -9999.0 -9999.0 -9999.0 -9999.0 -9999.0 -9999.0 -9999.0 -9999.0 -9999.0 -9999.0 -9999.0 -9999.0 -9999.0 -9999.0 -9999.0 -9999.0 -9999.0 -9999.0 -9999.0 -9999.0 -9999.0 -9999.0 -9999.0 -9999.0 -9999.0 -9999.0 -9999.0 -9999.0 -9999.0 -9999.0 -9999.0 -9999.0 -9999.0 -9999.0 -9999.0 -9999.0 -9999.0 -9999.0 -9999.0 -9999.0 -9999.0 -9999.0 -9999.0 -9999.0 -9999.0 -9999.0 -9999.0 -9999.0 -9999.0 -9999.0 -9999.0 -9999.0 -9999.0 -9999.0 -9999.0 -9999.0 -9999.0 -9999.0 -9999.0 -9999.0 -9999.0 -9999.0 -9999.0 -9999.0 -9999.0 -9999.0 -9999.0 -9999.0 -9999.0 -9999.0 -9999.0 -9999.0 -9999.0 -9999.0
-9999.0 -9999.0 -9999.0 -9999.0 -9999.0 -9999.0 -9999.0 -9999.0 -9999.0 -9999.0 -9999.0 -9999.0 -9999.0 -9999.0 -9999.0 -9999.0 -9999.0 -9999.0 -9999.0 -9999.0 -9999.0 -9999.0 -9999.0 -9999.0 -9999.0 -9999.0 -9999.0 -9999.0 -9999.0 -9999.0 -9999.0 -9999.0 -9999.0 -9999.0 -9999.0 -9999.0 -9999.0 -9999.0 -9999.0 -9999.0 -9999.0 -9999.0 -9999.0 -9999.0 -9999.0 -9999.0 -9999.0 -9999.0 -9999.0 -9999.0 -9999.0 -9999.0 -9999.0 -9999.0 -9999.0 -9999.0 -9999.0 -9999.0 -9999.0 -9999.0 -9999.0 -9999.0 -9999.0 -9999.0 -9999.0 -9999.0 -9999.0 -9999.0 -9999.0 -9999.0 -9999.0 -9999.0 -9999.0 -9999.0 -9999.0 -9999.0 -9999.0 -9999.0 -9999.0 -9999.0 -9999.0 -9999.0 -9999.0 -9999.0 -9999.0 -9999.0 -9999.0 -9999.0 -9999.0 -9999.0 -9999.0 -9999.0 -9999.0 -9999.0 -9999.0 -9999.0 -9999.0 -9999.0 -9999.0 -9999.0 -9999.0 -9999.0 -9999.0 -9999.0
-9999.0 -9999.0 1085.688588 991.173984 896.557093 801.343976 705.769157 610.026132 514.228876 418.441374 322.699612 227.023951 131.425785 35.913059 -59.490407 -154.772742 -249.866933 -344.637593 -438.807247 -531.804783 -622.599215 -713.199169 -802.208402 -889.279699 -974.054952 -1033.844652 -1080.740779 -1115.618372 -1140.357027 -1157.210017 -1168.320479 -1175.460206 -1179.961804 -1182.763012 -1184.492487 -1185.560187 -1186.235874 -1186.730224 -1187.421860 -1190.102832 -1204.324211 -1287.982671 -1594.702069 -2756.450911 -3877.907875 -3876.025786 -3633.920241 -3038.785929 -2621.760545 -2369.395769 -2200.077227 -2062.522011 -1980.080170 -1927.181282 -1878.247183 -1827.301933 -1772.733839 -1715.469375 -1657.503161 -1599.953992 -1537.172688 -1301.294048 -1249.282379 -1197.954957 -1189.041935 -1187.745598 -1187.565162 -1187.538952 -1187.535728 -1187.536296 -1187.537360 -1187.538304 -1187.539046 -1187.539615 -1187.540054 -1187.540396 -1187.540669 -1187.540892 -1187.541078 -1187.541244 -1187.541406 -1187.541584 -1187.541805 -1187.542109 -1187.542554 -1187.543236 -1187.544306 -1187.546014 -1187.548788 -1187.553374 -1187.561125 -1187.574572 -1187.598604 -1187.642879 -1187.726832 -1187.890507 -1188.220213 -1188.917270 -1190.496707 -1194.353846 -1204.321872 -1231.799247 -9999.0 -9999.0
-9999.0 -9999.0 1085.691488 991.175167 896.557498 801.344112 705.769203 610.026148 514.228881 418.441376 322.699612 227.023952 131.425785 35.913059 -59.490407 -154.772742 -249.866933 -344.637593 -438.807247 -531.804784 -622.599215 -713.199170 -802.208402 -889.279699 -974.054952 -1033.844652 -1080.740780 -1115.618372 -1140.357027 -1157.210017 -1168.320479 -1175.460206 -1179.961804 -1182.763012 -1184.492487 -1185.560187 -1186.235874 -1186.730224 -1187.421860 -1190.102832 -1204.324211 -1287.982671 -1594.702069 -2756.450909 -3877.907875 -3876.025786 -3633.920240 -3038.785928 -2621.760544 -2369.395767 -2200.077225 -2062.522011 -1980.080170 -1927.181282 -1878.247182 -1827.301933 -1772.733839 -1715.469375 -1657.503160 -1599.953992 -1537.172688 -1301.294048 -1249.282379 -1197.954957 -1189.041935 -1187.745598 -1187.565162 -1187.538952 -1187.535728 -1187.536296 -1187.537360 -1187.538304 -1187.539046 -1187.539615 -1187.540054 -1187.540396 -1187.540669 -1187.540892 -1187.541078 -1187.541244 -1187.541406 -1187.541584 -1187.541805 -1187.542109 -1187.542554 -1187.543236 -1187.544306 -1187.546014 -1187.548788 -1187.553374 -1187.561125 -1187.574572 -1187.598604 -1187.642879 -1187.726832 -1187.890507 -1188.220213 -1188.917270 -1190.496707 -1194.353846 -1204.321872 -1231.799247 -9999.0 -9999.0
-9999.0 -9999.0 1085.692702 991.175831 896.557784 801.344223 705.769244 610.026163 514.228887 418.441378 322.699613 227.023952 131.425785 35.913059 -59.490407 -154.772742 -249.866933 -344.637593 -438.807248 -531.804784 -622.599215 -713.199170 -802.208402 -889.279699 -974.054952 -1033.844652 -1080.740780 -1115.618372 -1140.357027 -1157.210017 -1168.320479 -1175.460207 -1179.961804 -1182.763012 -1184.492487 -1185.560187 -1186.235874 -1186.730224 -1187.421860 -1190.102832 -1204.324211 -1287.982671 -1594.702069 -2756.450909 -3877.907875 -3876.025786 -3633.920240 -3038.785927 -2621.760544 -2369.395766 -2200.077224 -2062.522010 -1980.080170 -1927.181282 -1878.247182 -1827.301933 -1772.733839 -1715.469375 -1657.503160 -1599.953992 -1537.172688 -1301.294048 -1249.282379 -1197.954957 -1189.041935 -1187.745598 -1187.565162 -1187.538952 -1187.535728 -1187.536296 -1187.537360 -1187.538304 -1187.539046 -1187.539615 -1187.540054 -1187.540396 -1187.540669 -1187.540892 -1187.541078 -1187.541244 -1187.541406 -1187.541584 -1187.541805 -1187.542109 -1187.542554 -1187.543236 -1187.544306 -1187.546014 -1187.548788 -1187.553374 -1187.561125 -1187.574572 -1187.598604 -1187.642879 -1187.726832 -1187.890507 -1188.220213 -1188.917270 -1190.496707 -1194.353846 -1204.321872 -1231.799247 -9999.0 -9999.0
-9999.0 -9999.0 1085.692702 991.175831 896.557784 801.344223 705.769244 610.026163 514.228887 418.441378 322.699613 227.023952 131.425785 35.913059 -59.490407 -154.772742 -249.866933 -344.637593 -438.807248 -531.804784 -622.599215 -713.199170 -802.208402 -889.279699 -974.054952 -1033.844652 -1080.740780 -1115.618372 -1140.357027 -1157.210017 -1168.320479 -1175.460207 -1179.961804 -1182.763012 -1184.492487 -1185.560187 -1186.235874 -1186.730224 -1187.421860 -1190.102832 -1204.324211 -1287.982671 -1594.702069 -2756.450909 -3877.907875 -3876.025786 -3633.920240 -3038.785927 -2621.760544 -2369.395766 -2200.077224 -2062.522010 -1980.080170 -1927.181282 -1878.247182 -1827.301933 -1772.733839 -1715.469375 -1657.503160 -1599.953992 -1537.172688 -1301.294048 -1249.282379 -1197.954957 -1189.041935 -1187.745598 -1187.565162 -1187.538952 -1187.535728 -1187.536296 -1187.537360 -1187.538304 -1187.539046 -1187.539615 -1187.540054 -1187.540396 -1187.540669 -1187.540892 -1187.541078 -1187.541244 -1187.541406 -1187.541584 -1187.541805 -1187.542109 -1187.542554 -1187.543236 -1187.544306 -1187.546014 -1187.548788 -1187.553374 -1187.561125 -1187.574572 -1187.598604 -1187.642879 -1187.726832 -1187.890507 -1188.220213 -1188.917270 -1190.496707 -1194.353846 -1204.321872 -1231.799247 -9999.0 -9999.0
-9999.0 -9999.0 1085.691488 991.175167 896.557498 801.344112 705.769203 610.026148 514.228881 418.441376 322.699613 227.023952 131.425785 35.913059 -59.490407 -154.772742 -249.866933 -344.637593 -438.807247 -531.804784 -622.599215 -713.199170 -802.208402 -889.279699 -974.054952 -1033.844652 -1080.740780 -1115.618372 -1140.357027 -1157.210017 -1168.320479 -1175.460206 -1179.961804 -1182.763012 -1184.492487 -1185.560187 -1186.235874 -1186.730224 -1187.421860 -1190.102832 -1204.324211 -1287.982671 -1594.702069 -2756.450909 -3877.907875 -3876.025786 -3633.920240 -3038.785928 -2621.760544 -2369.395767 -2200.077225 -2062.522011 -1980.080170 -1927.181282 -1878.247182 -1827.301933 -1772.733839 -1715.469375 -1657.503161 -1599.953992 -1537.172688 -1301.294048 -1249.282379 -1197.954957 -1189.041935 -1187.745598 -1187.565162 -1187.538952 -1187.535728 -1187.536296 -1187.537360 -1187.538304 -1187.539046 -1187.539615 -1187.540054 -1187.540396 -1187.540669 -1187.540892 -1187.541078 -1187.541244 -1187.541406 -1187.541584 -1187.541805 -1187.542109 -1187.542554 -1187.543236 -1187.544306 -1187.546014 -1187.548788 -1187.553374 -1187.561125 -1187.574572 -1187.598604 -1187.642879 -1187.726832 -1187.890507 -1188.220213 -1188.917270 -1190.496707 -1194.353846 -1204.321872 -1231.799247 -9999.0 -9999.0
-9999.0 -9999.0 1085.688588 991.173984 896.557093 801.343976 705.769157 610.026132 514.228876 418.441374 322.699612 227.023951 131.425785 35.913059 -59.490407 -154.772742 -249.866933 -344.637593 -438.807247 -531.804783 -622.599215 -713.199169 -802.208402 -889.279699 -974.054952 -1033.844652 -1080.740779 -1115.618372 -1140.357027 -1157.210017 -1168.320479 -1175.460206 -1179.961804 -1182.763012 -1184.492487 -1185.560187 -1186.235874 -1186.730224 -1187.421860 -1190.102832 -1204.324211 -1287.982671 -1594.702069 -2756.450911 -3877.907875 -3876.025786 -3633.920241 -3038.785929 -2621.760545 -2369.395769 -2200.077227 -2062.522011 -1980.080170 -1927.181282 -1878.247183 -1827.301933 -1772.733839 -1715.469375 -1657.503161 -1599.953992 -1537.172689 -1301.294048 -1249.282379 -1197.954957 -1189.041935 -1187.745598 -1187.565162 -1187.538952 -1187.535728 -1187.536296 -1187.537360 -1187.538304 -1187.539046 -1187.539615 -1187.540054 -1187.540396 -1187.540669 -1187.540892 -1187.541078 -1187.541244 -1187.541406 -1187.541584 -1187.541805 -1187.542109 -1187.542554 -1187.543236 -1187.544306 -1187.546014 -1187.548788 -1187.553374 -1187.561125 -1187.574572 -1187.598604 -1187.642879 -1187.726832 -1187.890507 -1188.220213 -1188.917270 -1190.496707 -1194.353846 -1204.321872 -1231.799247 -9999.0 -9999.0
-9999.0 -9999.0 -9999.0 -9999.0 -9999.0 -9999.0 -9999.0 -9999.0 -9999.0 -9999.0 -9999.0 -9999.0 -9999.0 -9999.0 -9999.0 -9999.0 -9999.0 -9999.0 -9999.0 -9999.0 -9999.0 -9999.0 -9999.0 -9999.0 -9999.0 -9999.0 -9999.0 -9999.0 -9999.0 -9999.0 -9999.0 -9999.0 -9999.0 -9999.0 -9999.0 -9999.0 -9999.0 -9999.0 -9999.0 -9999.0 -9999.0 -9999.0 -9999.0 -9999.0 -9999.0 -9999.0 -9999.0 -9999.0 -9999.0 -9999.0 -9999.0 -9999.0 -9999.0 -9999.0 -9999.0 -9999.0 -9999.0 -9999.0 -9999.0 -9999.0 -9999.0 -9999.0 -9999.0 -9999.0 -9999.0 -9999.0 -9999.0 -9999.0 -9999.0 -9999.0 -9999.0 -9999.0 -9999.0 -9999.0 -9999.0 -9999.0 -9999.0 -9999.0 -9999.0 -9999.0 -9999.0 -9999.0 -9999.0 -9999.0 -9999.0 -9999.0 -9999.0 -9999.0 -9999.0 -9999.0 -9999.0 -9999.0 -9999.0 -9999.0 -9999.0 -9999.0 -9999.0 -9999.0 -9999.0 -9999.0 -9999.0 -9999.0 -9999.0 -9999.0
-9999.0 -9999.0 -9999.0 -9999.0 -9999.0 -9999.0 -9999.0 -9999.0 -9999.0 -9999.0 -9999.0 -9999.0 -9999.0 -9999.0 -9999.0 -9999.0 -9999.0 -9999.0 -9999.0 -9999.0 -9999.0 -9999.0 -9999.0 -9999.0 -9999.0 -9999.0 -9999.0 -9999.0 -9999.0 -9999.0 -9999.0 -9999.0 -9999.0 -9999.0 -9999.0 -9999.0 -9999.0 -9999.0 -9999.0 -9999.0 -9999.0 -9999.0 -9999.0 -9999.0 -9999.0 -9999.0 -9999.0 -9999.0 -9999.0 -9999.0 -9999.0 -9999.0 -9999.0 -9999.0 -9999.0 -9999.0 -9999.0 -9999.0 -9999.0 -9999.0 -9999.0 -9999.0 -9999.0 -9999.0 -9999.0 -9999.0 -9999.0 -9999.0 -9999.0 -9999.0 -9999.0 -9999.0 -9999.0 -9999.0 -9999.0 -9999.0 -9999.0 -9999.0 -9999.0 -9999.0 -9999.0 -9999.0 -9999.0 -9999.0 -9999.0 -9999.0 -9999.0 -9999.0 -9999.0 -9999.0 -9999.0 -9999.0 -9999.0 -9999.0 -9999.0 -9999.0 -9999.0 -9999.0 -9999.0 -9999.0 -9999.0 -9999.0 -9999.0 -9999.0