inst/processing_geotop_simulation/geotop_simulation/out/maps3D/PwL0017N0432.asc
ncols         104
nrows         10
xllcorner     -2.000000
yllcorner     0.000000
cellsize      1.000000
NODATA_value  -9999.0
-9999.0 -9999.0 -9999.0 -9999.0 -9999.0 -9999.0 -9999.0 -9999.0 -9999.0 -9999.0 -9999.0 -9999.0 -9999.0 -9999.0 -9999.0 -9999.0 -9999.0 -9999.0 -9999.0 -9999.0 -9999.0 -9999.0 -9999.0 -9999.0 -9999.0 -9999.0 -9999.0 -9999.0 -9999.0 -9999.0 -9999.0 -9999.0 -9999.0 -9999.0 -9999.0 -9999.0 -9999.0 -9999.0 -9999.0 -9999.0 -9999.0 -9999.0 -9999.0 -9999.0 -9999.0 -9999.0 -9999.0 -9999.0 -9999.0 -9999.0 -9999.0 -9999.0 -9999.0 -9999.0 -9999.0 -9999.0 -9999.0 -9999.0 -9999.0 -9999.0 -9999.0 -9999.0 -9999.0 -9999.0 -9999.0 -9999.0 -9999.0 -9999.0 -9999.0 -9999.0 -9999.0 -9999.0 -9999.0 -9999.0 -9999.0 -9999.0 -9999.0 -9999.0 -9999.0 -9999.0 -9999.0 -9999.0 -9999.0 -9999.0 -9999.0 -9999.0 -9999.0 -9999.0 -9999.0 -9999.0 -9999.0 -9999.0 -9999.0 -9999.0 -9999.0 -9999.0 -9999.0 -9999.0 -9999.0 -9999.0 -9999.0 -9999.0 -9999.0 -9999.0
-9999.0 -9999.0 -9999.0 -9999.0 -9999.0 -9999.0 -9999.0 -9999.0 -9999.0 -9999.0 -9999.0 -9999.0 -9999.0 -9999.0 -9999.0 -9999.0 -9999.0 -9999.0 -9999.0 -9999.0 -9999.0 -9999.0 -9999.0 -9999.0 -9999.0 -9999.0 -9999.0 -9999.0 -9999.0 -9999.0 -9999.0 -9999.0 -9999.0 -9999.0 -9999.0 -9999.0 -9999.0 -9999.0 -9999.0 -9999.0 -9999.0 -9999.0 -9999.0 -9999.0 -9999.0 -9999.0 -9999.0 -9999.0 -9999.0 -9999.0 -9999.0 -9999.0 -9999.0 -9999.0 -9999.0 -9999.0 -9999.0 -9999.0 -9999.0 -9999.0 -9999.0 -9999.0 -9999.0 -9999.0 -9999.0 -9999.0 -9999.0 -9999.0 -9999.0 -9999.0 -9999.0 -9999.0 -9999.0 -9999.0 -9999.0 -9999.0 -9999.0 -9999.0 -9999.0 -9999.0 -9999.0 -9999.0 -9999.0 -9999.0 -9999.0 -9999.0 -9999.0 -9999.0 -9999.0 -9999.0 -9999.0 -9999.0 -9999.0 -9999.0 -9999.0 -9999.0 -9999.0 -9999.0 -9999.0 -9999.0 -9999.0 -9999.0 -9999.0 -9999.0
-9999.0 -9999.0 819.566697 720.553983 621.399278 522.109387 422.751328 323.363609 223.966470 124.570733 25.182787 -74.191143 -173.550353 -272.888457 -372.189230 -471.425861 -570.549365 -669.475711 -768.278947 -867.063123 -965.623020 -1063.826744 -1160.287860 -1252.517768 -1339.137305 -1418.021211 -1487.411685 -1546.270614 -1594.439255 -1632.566428 -1661.866926 -1683.825371 -1699.944113 -1711.580376 -1719.871120 -1725.723166 -1729.851353 -1732.886174 -1735.667549 -1739.856680 -1747.678044 -1757.199923 -1946.118673 -4046.752035 -4133.642974 -4133.647978 -4133.638894 -4133.632296 -4133.610372 -4133.545731 -4133.383176 -4132.953536 -4132.291097 -4131.474931 -4130.178805 -4127.787625 -4122.870011 -4112.005279 -4087.237363 -4031.350655 -3739.644147 -1708.866105 -1713.716950 -1739.644749 -1740.136117 -1739.299512 -1739.030154 -1738.972123 -1738.961914 -1738.960681 -1738.960949 -1738.961396 -1738.961806 -1738.962155 -1738.962453 -1738.962715 -1738.962950 -1738.963168 -1738.963376 -1738.963580 -1738.963788 -1738.964010 -1738.964260 -1738.964556 -1738.964927 -1738.965421 -1738.966113 -1738.967131 -1738.968695 -1738.971203 -1738.975388 -1738.982652 -1738.995760 -1739.020296 -1739.067911 -1739.164011 -1739.367382 -1739.823668 -1740.920088 -1743.772575 -1751.932286 -1778.045733 -9999.0 -9999.0
-9999.0 -9999.0 819.569974 720.555148 621.399645 522.109504 422.751367 323.363623 223.966475 124.570735 25.182788 -74.191143 -173.550353 -272.888457 -372.189230 -471.425861 -570.549365 -669.475711 -768.278947 -867.063123 -965.623020 -1063.826744 -1160.287860 -1252.517768 -1339.137306 -1418.021211 -1487.411685 -1546.270614 -1594.439255 -1632.566428 -1661.866926 -1683.825371 -1699.944113 -1711.580376 -1719.871120 -1725.723166 -1729.851353 -1732.886174 -1735.667549 -1739.856680 -1747.678044 -1757.199923 -1946.118673 -4046.752035 -4133.642974 -4133.647978 -4133.638894 -4133.632296 -4133.610372 -4133.545731 -4133.383176 -4132.953536 -4132.291097 -4131.474931 -4130.178805 -4127.787625 -4122.870011 -4112.005279 -4087.237363 -4031.350655 -3739.644147 -1708.866105 -1713.716950 -1739.644749 -1740.136117 -1739.299512 -1739.030154 -1738.972123 -1738.961914 -1738.960681 -1738.960949 -1738.961396 -1738.961806 -1738.962155 -1738.962453 -1738.962715 -1738.962950 -1738.963168 -1738.963376 -1738.963580 -1738.963788 -1738.964010 -1738.964260 -1738.964556 -1738.964927 -1738.965421 -1738.966113 -1738.967131 -1738.968695 -1738.971203 -1738.975388 -1738.982652 -1738.995760 -1739.020296 -1739.067911 -1739.164011 -1739.367382 -1739.823668 -1740.920088 -1743.772575 -1751.932286 -1778.045733 -9999.0 -9999.0
-9999.0 -9999.0 819.571105 720.555747 621.399893 522.109598 422.751401 323.363636 223.966480 124.570737 25.182789 -74.191142 -173.550353 -272.888457 -372.189230 -471.425861 -570.549365 -669.475711 -768.278947 -867.063123 -965.623020 -1063.826745 -1160.287860 -1252.517768 -1339.137306 -1418.021211 -1487.411685 -1546.270614 -1594.439255 -1632.566428 -1661.866926 -1683.825371 -1699.944113 -1711.580376 -1719.871120 -1725.723166 -1729.851353 -1732.886174 -1735.667549 -1739.856680 -1747.678044 -1757.199923 -1946.118673 -4046.752035 -4133.642974 -4133.647978 -4133.638894 -4133.632296 -4133.610372 -4133.545731 -4133.383176 -4132.953536 -4132.291097 -4131.474931 -4130.178805 -4127.787625 -4122.870011 -4112.005279 -4087.237363 -4031.350655 -3739.644147 -1708.866105 -1713.716950 -1739.644749 -1740.136117 -1739.299512 -1739.030154 -1738.972123 -1738.961914 -1738.960681 -1738.960949 -1738.961396 -1738.961806 -1738.962155 -1738.962453 -1738.962715 -1738.962950 -1738.963168 -1738.963376 -1738.963580 -1738.963788 -1738.964010 -1738.964260 -1738.964556 -1738.964927 -1738.965421 -1738.966113 -1738.967131 -1738.968695 -1738.971203 -1738.975388 -1738.982652 -1738.995760 -1739.020296 -1739.067911 -1739.164011 -1739.367382 -1739.823668 -1740.920088 -1743.772575 -1751.932286 -1778.045733 -9999.0 -9999.0
-9999.0 -9999.0 819.571105 720.555747 621.399893 522.109598 422.751401 323.363636 223.966480 124.570737 25.182789 -74.191142 -173.550353 -272.888457 -372.189230 -471.425861 -570.549365 -669.475711 -768.278947 -867.063123 -965.623020 -1063.826745 -1160.287860 -1252.517768 -1339.137306 -1418.021211 -1487.411685 -1546.270614 -1594.439255 -1632.566428 -1661.866926 -1683.825371 -1699.944113 -1711.580376 -1719.871120 -1725.723166 -1729.851353 -1732.886174 -1735.667549 -1739.856680 -1747.678044 -1757.199923 -1946.118673 -4046.752035 -4133.642974 -4133.647978 -4133.638894 -4133.632296 -4133.610372 -4133.545731 -4133.383176 -4132.953536 -4132.291097 -4131.474931 -4130.178805 -4127.787625 -4122.870011 -4112.005279 -4087.237363 -4031.350655 -3739.644147 -1708.866105 -1713.716950 -1739.644749 -1740.136117 -1739.299512 -1739.030154 -1738.972123 -1738.961914 -1738.960681 -1738.960949 -1738.961396 -1738.961806 -1738.962155 -1738.962453 -1738.962715 -1738.962950 -1738.963168 -1738.963376 -1738.963580 -1738.963788 -1738.964010 -1738.964260 -1738.964556 -1738.964927 -1738.965421 -1738.966113 -1738.967131 -1738.968695 -1738.971203 -1738.975388 -1738.982652 -1738.995760 -1739.020296 -1739.067911 -1739.164011 -1739.367382 -1739.823668 -1740.920088 -1743.772575 -1751.932286 -1778.045733 -9999.0 -9999.0
-9999.0 -9999.0 819.569974 720.555148 621.399645 522.109504 422.751367 323.363623 223.966475 124.570735 25.182788 -74.191143 -173.550353 -272.888457 -372.189230 -471.425861 -570.549365 -669.475711 -768.278947 -867.063123 -965.623020 -1063.826744 -1160.287860 -1252.517768 -1339.137306 -1418.021211 -1487.411685 -1546.270614 -1594.439255 -1632.566428 -1661.866926 -1683.825371 -1699.944113 -1711.580376 -1719.871120 -1725.723166 -1729.851353 -1732.886174 -1735.667549 -1739.856680 -1747.678044 -1757.199923 -1946.118673 -4046.752035 -4133.642974 -4133.647978 -4133.638894 -4133.632296 -4133.610372 -4133.545731 -4133.383176 -4132.953536 -4132.291097 -4131.474931 -4130.178805 -4127.787625 -4122.870011 -4112.005279 -4087.237363 -4031.350655 -3739.644147 -1708.866105 -1713.716950 -1739.644749 -1740.136117 -1739.299512 -1739.030154 -1738.972123 -1738.961914 -1738.960681 -1738.960949 -1738.961396 -1738.961806 -1738.962155 -1738.962453 -1738.962715 -1738.962950 -1738.963168 -1738.963376 -1738.963580 -1738.963788 -1738.964010 -1738.964260 -1738.964556 -1738.964927 -1738.965421 -1738.966113 -1738.967131 -1738.968695 -1738.971203 -1738.975388 -1738.982652 -1738.995760 -1739.020296 -1739.067911 -1739.164011 -1739.367382 -1739.823668 -1740.920088 -1743.772575 -1751.932286 -1778.045733 -9999.0 -9999.0
-9999.0 -9999.0 819.566697 720.553983 621.399278 522.109387 422.751328 323.363609 223.966470 124.570733 25.182787 -74.191143 -173.550353 -272.888457 -372.189230 -471.425861 -570.549365 -669.475711 -768.278947 -867.063123 -965.623020 -1063.826744 -1160.287860 -1252.517768 -1339.137305 -1418.021211 -1487.411685 -1546.270614 -1594.439255 -1632.566428 -1661.866926 -1683.825371 -1699.944113 -1711.580376 -1719.871120 -1725.723166 -1729.851353 -1732.886174 -1735.667549 -1739.856680 -1747.678044 -1757.199923 -1946.118673 -4046.752035 -4133.642974 -4133.647978 -4133.638894 -4133.632296 -4133.610372 -4133.545731 -4133.383176 -4132.953536 -4132.291097 -4131.474931 -4130.178805 -4127.787625 -4122.870011 -4112.005279 -4087.237363 -4031.350656 -3739.644147 -1708.866105 -1713.716950 -1739.644749 -1740.136117 -1739.299512 -1739.030154 -1738.972123 -1738.961914 -1738.960681 -1738.960949 -1738.961396 -1738.961806 -1738.962155 -1738.962453 -1738.962715 -1738.962950 -1738.963168 -1738.963376 -1738.963580 -1738.963788 -1738.964010 -1738.964260 -1738.964556 -1738.964927 -1738.965421 -1738.966113 -1738.967131 -1738.968695 -1738.971203 -1738.975388 -1738.982652 -1738.995760 -1739.020296 -1739.067911 -1739.164011 -1739.367382 -1739.823668 -1740.920088 -1743.772575 -1751.932286 -1778.045733 -9999.0 -9999.0
-9999.0 -9999.0 -9999.0 -9999.0 -9999.0 -9999.0 -9999.0 -9999.0 -9999.0 -9999.0 -9999.0 -9999.0 -9999.0 -9999.0 -9999.0 -9999.0 -9999.0 -9999.0 -9999.0 -9999.0 -9999.0 -9999.0 -9999.0 -9999.0 -9999.0 -9999.0 -9999.0 -9999.0 -9999.0 -9999.0 -9999.0 -9999.0 -9999.0 -9999.0 -9999.0 -9999.0 -9999.0 -9999.0 -9999.0 -9999.0 -9999.0 -9999.0 -9999.0 -9999.0 -9999.0 -9999.0 -9999.0 -9999.0 -9999.0 -9999.0 -9999.0 -9999.0 -9999.0 -9999.0 -9999.0 -9999.0 -9999.0 -9999.0 -9999.0 -9999.0 -9999.0 -9999.0 -9999.0 -9999.0 -9999.0 -9999.0 -9999.0 -9999.0 -9999.0 -9999.0 -9999.0 -9999.0 -9999.0 -9999.0 -9999.0 -9999.0 -9999.0 -9999.0 -9999.0 -9999.0 -9999.0 -9999.0 -9999.0 -9999.0 -9999.0 -9999.0 -9999.0 -9999.0 -9999.0 -9999.0 -9999.0 -9999.0 -9999.0 -9999.0 -9999.0 -9999.0 -9999.0 -9999.0 -9999.0 -9999.0 -9999.0 -9999.0 -9999.0 -9999.0
-9999.0 -9999.0 -9999.0 -9999.0 -9999.0 -9999.0 -9999.0 -9999.0 -9999.0 -9999.0 -9999.0 -9999.0 -9999.0 -9999.0 -9999.0 -9999.0 -9999.0 -9999.0 -9999.0 -9999.0 -9999.0 -9999.0 -9999.0 -9999.0 -9999.0 -9999.0 -9999.0 -9999.0 -9999.0 -9999.0 -9999.0 -9999.0 -9999.0 -9999.0 -9999.0 -9999.0 -9999.0 -9999.0 -9999.0 -9999.0 -9999.0 -9999.0 -9999.0 -9999.0 -9999.0 -9999.0 -9999.0 -9999.0 -9999.0 -9999.0 -9999.0 -9999.0 -9999.0 -9999.0 -9999.0 -9999.0 -9999.0 -9999.0 -9999.0 -9999.0 -9999.0 -9999.0 -9999.0 -9999.0 -9999.0 -9999.0 -9999.0 -9999.0 -9999.0 -9999.0 -9999.0 -9999.0 -9999.0 -9999.0 -9999.0 -9999.0 -9999.0 -9999.0 -9999.0 -9999.0 -9999.0 -9999.0 -9999.0 -9999.0 -9999.0 -9999.0 -9999.0 -9999.0 -9999.0 -9999.0 -9999.0 -9999.0 -9999.0 -9999.0 -9999.0 -9999.0 -9999.0 -9999.0 -9999.0 -9999.0 -9999.0 -9999.0 -9999.0 -9999.0