inst/processing_geotop_simulation/geotop_simulation/out/maps3D/PwL0012N0417.asc
ncols         104
nrows         10
xllcorner     -2.000000
yllcorner     0.000000
cellsize      1.000000
NODATA_value  -9999.0
-9999.0 -9999.0 -9999.0 -9999.0 -9999.0 -9999.0 -9999.0 -9999.0 -9999.0 -9999.0 -9999.0 -9999.0 -9999.0 -9999.0 -9999.0 -9999.0 -9999.0 -9999.0 -9999.0 -9999.0 -9999.0 -9999.0 -9999.0 -9999.0 -9999.0 -9999.0 -9999.0 -9999.0 -9999.0 -9999.0 -9999.0 -9999.0 -9999.0 -9999.0 -9999.0 -9999.0 -9999.0 -9999.0 -9999.0 -9999.0 -9999.0 -9999.0 -9999.0 -9999.0 -9999.0 -9999.0 -9999.0 -9999.0 -9999.0 -9999.0 -9999.0 -9999.0 -9999.0 -9999.0 -9999.0 -9999.0 -9999.0 -9999.0 -9999.0 -9999.0 -9999.0 -9999.0 -9999.0 -9999.0 -9999.0 -9999.0 -9999.0 -9999.0 -9999.0 -9999.0 -9999.0 -9999.0 -9999.0 -9999.0 -9999.0 -9999.0 -9999.0 -9999.0 -9999.0 -9999.0 -9999.0 -9999.0 -9999.0 -9999.0 -9999.0 -9999.0 -9999.0 -9999.0 -9999.0 -9999.0 -9999.0 -9999.0 -9999.0 -9999.0 -9999.0 -9999.0 -9999.0 -9999.0 -9999.0 -9999.0 -9999.0 -9999.0 -9999.0 -9999.0
-9999.0 -9999.0 -9999.0 -9999.0 -9999.0 -9999.0 -9999.0 -9999.0 -9999.0 -9999.0 -9999.0 -9999.0 -9999.0 -9999.0 -9999.0 -9999.0 -9999.0 -9999.0 -9999.0 -9999.0 -9999.0 -9999.0 -9999.0 -9999.0 -9999.0 -9999.0 -9999.0 -9999.0 -9999.0 -9999.0 -9999.0 -9999.0 -9999.0 -9999.0 -9999.0 -9999.0 -9999.0 -9999.0 -9999.0 -9999.0 -9999.0 -9999.0 -9999.0 -9999.0 -9999.0 -9999.0 -9999.0 -9999.0 -9999.0 -9999.0 -9999.0 -9999.0 -9999.0 -9999.0 -9999.0 -9999.0 -9999.0 -9999.0 -9999.0 -9999.0 -9999.0 -9999.0 -9999.0 -9999.0 -9999.0 -9999.0 -9999.0 -9999.0 -9999.0 -9999.0 -9999.0 -9999.0 -9999.0 -9999.0 -9999.0 -9999.0 -9999.0 -9999.0 -9999.0 -9999.0 -9999.0 -9999.0 -9999.0 -9999.0 -9999.0 -9999.0 -9999.0 -9999.0 -9999.0 -9999.0 -9999.0 -9999.0 -9999.0 -9999.0 -9999.0 -9999.0 -9999.0 -9999.0 -9999.0 -9999.0 -9999.0 -9999.0 -9999.0 -9999.0
-9999.0 -9999.0 571.793081 473.123292 374.097029 274.873166 175.561899 76.213931 -23.144290 -122.499217 -221.845147 -321.170963 -420.457242 -519.664821 -618.734079 -717.593903 -816.535905 -915.363140 -1014.047163 -1112.543611 -1209.337027 -1303.722751 -1393.719350 -1476.846474 -1550.775029 -1613.941553 -1665.846670 -1706.997627 -1738.614925 -1762.271520 -1779.589851 -1792.047110 -1800.883386 -1807.082748 -1811.395835 -1814.382124 -1816.466173 -1818.038882 -1819.723349 -1822.880728 -1827.974659 -1814.237354 -1475.998231 -1941.845332 -1839.627267 -1774.183520 -1745.147718 -1741.210633 -1740.805045 -1740.843769 -1740.945452 -1741.054687 -1741.159613 -1741.256751 -1741.346814 -1741.450842 -1741.772870 -1744.019912 -1758.946281 -1793.322415 -1828.032275 -1377.755119 -1776.318346 -1820.333275 -1821.934559 -1821.197840 -1820.955330 -1820.904697 -1820.896086 -1820.895126 -1820.895409 -1820.895821 -1820.896181 -1820.896472 -1820.896708 -1820.896904 -1820.897069 -1820.897214 -1820.897345 -1820.897470 -1820.897596 -1820.897733 -1820.897894 -1820.898100 -1820.898379 -1820.898780 -1820.899380 -1820.900309 -1820.901794 -1820.904236 -1820.908380 -1820.915644 -1820.928811 -1820.953468 -1821.001147 -1821.096614 -1821.296158 -1821.737124 -1822.781661 -1825.475103 -1833.198480 -1858.391713 -9999.0 -9999.0
-9999.0 -9999.0 571.797866 473.124731 374.097443 274.873293 175.561941 76.213945 -23.144284 -122.499215 -221.845146 -321.170962 -420.457241 -519.664821 -618.734079 -717.593903 -816.535905 -915.363140 -1014.047163 -1112.543612 -1209.337027 -1303.722751 -1393.719350 -1476.846474 -1550.775029 -1613.941553 -1665.846670 -1706.997627 -1738.614925 -1762.271520 -1779.589851 -1792.047110 -1800.883386 -1807.082748 -1811.395835 -1814.382124 -1816.466173 -1818.038882 -1819.723349 -1822.880727 -1827.974659 -1814.237354 -1475.998231 -1941.845332 -1839.627266 -1774.183519 -1745.147718 -1741.210633 -1740.805045 -1740.843769 -1740.945452 -1741.054687 -1741.159613 -1741.256751 -1741.346814 -1741.450842 -1741.772870 -1744.019912 -1758.946281 -1793.322415 -1828.032275 -1377.755119 -1776.318346 -1820.333275 -1821.934559 -1821.197840 -1820.955330 -1820.904697 -1820.896086 -1820.895126 -1820.895409 -1820.895821 -1820.896181 -1820.896472 -1820.896708 -1820.896904 -1820.897069 -1820.897214 -1820.897345 -1820.897470 -1820.897596 -1820.897733 -1820.897894 -1820.898100 -1820.898379 -1820.898780 -1820.899380 -1820.900309 -1820.901793 -1820.904236 -1820.908379 -1820.915644 -1820.928811 -1820.953468 -1821.001147 -1821.096614 -1821.296158 -1821.737124 -1822.781661 -1825.475103 -1833.198480 -1858.391713 -9999.0 -9999.0
-9999.0 -9999.0 571.799151 473.125402 374.097715 274.873394 175.561977 76.213959 -23.144280 -122.499213 -221.845145 -321.170962 -420.457241 -519.664821 -618.734079 -717.593903 -816.535905 -915.363140 -1014.047164 -1112.543612 -1209.337027 -1303.722751 -1393.719350 -1476.846474 -1550.775029 -1613.941553 -1665.846670 -1706.997627 -1738.614925 -1762.271520 -1779.589851 -1792.047110 -1800.883386 -1807.082748 -1811.395835 -1814.382124 -1816.466173 -1818.038882 -1819.723349 -1822.880727 -1827.974659 -1814.237354 -1475.998231 -1941.845332 -1839.627266 -1774.183518 -1745.147718 -1741.210633 -1740.805045 -1740.843769 -1740.945452 -1741.054687 -1741.159613 -1741.256751 -1741.346814 -1741.450842 -1741.772870 -1744.019912 -1758.946281 -1793.322415 -1828.032275 -1377.755119 -1776.318346 -1820.333275 -1821.934559 -1821.197840 -1820.955330 -1820.904697 -1820.896086 -1820.895126 -1820.895409 -1820.895821 -1820.896181 -1820.896472 -1820.896708 -1820.896904 -1820.897069 -1820.897214 -1820.897345 -1820.897470 -1820.897596 -1820.897733 -1820.897894 -1820.898100 -1820.898379 -1820.898780 -1820.899380 -1820.900309 -1820.901793 -1820.904236 -1820.908379 -1820.915644 -1820.928811 -1820.953468 -1821.001147 -1821.096614 -1821.296158 -1821.737124 -1822.781661 -1825.475103 -1833.198480 -1858.391713 -9999.0 -9999.0
-9999.0 -9999.0 571.799151 473.125402 374.097715 274.873394 175.561977 76.213959 -23.144280 -122.499213 -221.845145 -321.170962 -420.457241 -519.664821 -618.734079 -717.593903 -816.535905 -915.363140 -1014.047164 -1112.543612 -1209.337027 -1303.722751 -1393.719350 -1476.846474 -1550.775029 -1613.941553 -1665.846670 -1706.997627 -1738.614925 -1762.271520 -1779.589851 -1792.047110 -1800.883386 -1807.082748 -1811.395835 -1814.382124 -1816.466173 -1818.038882 -1819.723349 -1822.880727 -1827.974659 -1814.237354 -1475.998231 -1941.845332 -1839.627266 -1774.183518 -1745.147718 -1741.210633 -1740.805045 -1740.843769 -1740.945452 -1741.054687 -1741.159613 -1741.256751 -1741.346814 -1741.450842 -1741.772870 -1744.019912 -1758.946281 -1793.322415 -1828.032275 -1377.755119 -1776.318346 -1820.333275 -1821.934559 -1821.197840 -1820.955330 -1820.904697 -1820.896086 -1820.895126 -1820.895409 -1820.895821 -1820.896181 -1820.896472 -1820.896708 -1820.896904 -1820.897069 -1820.897214 -1820.897345 -1820.897470 -1820.897596 -1820.897733 -1820.897894 -1820.898100 -1820.898379 -1820.898780 -1820.899380 -1820.900309 -1820.901793 -1820.904236 -1820.908379 -1820.915644 -1820.928811 -1820.953468 -1821.001147 -1821.096614 -1821.296158 -1821.737124 -1822.781661 -1825.475103 -1833.198480 -1858.391713 -9999.0 -9999.0
-9999.0 -9999.0 571.797866 473.124731 374.097443 274.873293 175.561941 76.213945 -23.144284 -122.499215 -221.845146 -321.170962 -420.457241 -519.664821 -618.734079 -717.593903 -816.535905 -915.363140 -1014.047163 -1112.543612 -1209.337027 -1303.722751 -1393.719350 -1476.846474 -1550.775029 -1613.941553 -1665.846670 -1706.997627 -1738.614925 -1762.271520 -1779.589851 -1792.047110 -1800.883386 -1807.082748 -1811.395835 -1814.382124 -1816.466173 -1818.038882 -1819.723349 -1822.880727 -1827.974659 -1814.237354 -1475.998231 -1941.845332 -1839.627266 -1774.183519 -1745.147718 -1741.210633 -1740.805045 -1740.843769 -1740.945452 -1741.054687 -1741.159613 -1741.256751 -1741.346814 -1741.450842 -1741.772870 -1744.019912 -1758.946281 -1793.322415 -1828.032275 -1377.755119 -1776.318346 -1820.333275 -1821.934559 -1821.197840 -1820.955330 -1820.904697 -1820.896086 -1820.895126 -1820.895409 -1820.895821 -1820.896181 -1820.896472 -1820.896708 -1820.896904 -1820.897069 -1820.897214 -1820.897345 -1820.897470 -1820.897596 -1820.897733 -1820.897894 -1820.898100 -1820.898379 -1820.898780 -1820.899380 -1820.900309 -1820.901793 -1820.904236 -1820.908379 -1820.915644 -1820.928811 -1820.953468 -1821.001147 -1821.096614 -1821.296158 -1821.737124 -1822.781661 -1825.475103 -1833.198480 -1858.391713 -9999.0 -9999.0
-9999.0 -9999.0 571.793081 473.123292 374.097029 274.873166 175.561899 76.213931 -23.144290 -122.499217 -221.845147 -321.170963 -420.457241 -519.664821 -618.734079 -717.593903 -816.535905 -915.363140 -1014.047163 -1112.543611 -1209.337027 -1303.722751 -1393.719350 -1476.846474 -1550.775029 -1613.941553 -1665.846670 -1706.997627 -1738.614925 -1762.271520 -1779.589851 -1792.047110 -1800.883386 -1807.082748 -1811.395835 -1814.382124 -1816.466173 -1818.038882 -1819.723349 -1822.880728 -1827.974659 -1814.237354 -1475.998231 -1941.845332 -1839.627267 -1774.183520 -1745.147718 -1741.210633 -1740.805045 -1740.843769 -1740.945452 -1741.054687 -1741.159613 -1741.256751 -1741.346814 -1741.450842 -1741.772870 -1744.019912 -1758.946281 -1793.322415 -1828.032275 -1377.755119 -1776.318346 -1820.333275 -1821.934559 -1821.197840 -1820.955330 -1820.904697 -1820.896086 -1820.895126 -1820.895409 -1820.895821 -1820.896181 -1820.896472 -1820.896708 -1820.896904 -1820.897069 -1820.897214 -1820.897345 -1820.897470 -1820.897596 -1820.897733 -1820.897894 -1820.898100 -1820.898379 -1820.898780 -1820.899380 -1820.900309 -1820.901794 -1820.904236 -1820.908380 -1820.915644 -1820.928811 -1820.953468 -1821.001147 -1821.096614 -1821.296158 -1821.737124 -1822.781661 -1825.475103 -1833.198480 -1858.391713 -9999.0 -9999.0
-9999.0 -9999.0 -9999.0 -9999.0 -9999.0 -9999.0 -9999.0 -9999.0 -9999.0 -9999.0 -9999.0 -9999.0 -9999.0 -9999.0 -9999.0 -9999.0 -9999.0 -9999.0 -9999.0 -9999.0 -9999.0 -9999.0 -9999.0 -9999.0 -9999.0 -9999.0 -9999.0 -9999.0 -9999.0 -9999.0 -9999.0 -9999.0 -9999.0 -9999.0 -9999.0 -9999.0 -9999.0 -9999.0 -9999.0 -9999.0 -9999.0 -9999.0 -9999.0 -9999.0 -9999.0 -9999.0 -9999.0 -9999.0 -9999.0 -9999.0 -9999.0 -9999.0 -9999.0 -9999.0 -9999.0 -9999.0 -9999.0 -9999.0 -9999.0 -9999.0 -9999.0 -9999.0 -9999.0 -9999.0 -9999.0 -9999.0 -9999.0 -9999.0 -9999.0 -9999.0 -9999.0 -9999.0 -9999.0 -9999.0 -9999.0 -9999.0 -9999.0 -9999.0 -9999.0 -9999.0 -9999.0 -9999.0 -9999.0 -9999.0 -9999.0 -9999.0 -9999.0 -9999.0 -9999.0 -9999.0 -9999.0 -9999.0 -9999.0 -9999.0 -9999.0 -9999.0 -9999.0 -9999.0 -9999.0 -9999.0 -9999.0 -9999.0 -9999.0 -9999.0
-9999.0 -9999.0 -9999.0 -9999.0 -9999.0 -9999.0 -9999.0 -9999.0 -9999.0 -9999.0 -9999.0 -9999.0 -9999.0 -9999.0 -9999.0 -9999.0 -9999.0 -9999.0 -9999.0 -9999.0 -9999.0 -9999.0 -9999.0 -9999.0 -9999.0 -9999.0 -9999.0 -9999.0 -9999.0 -9999.0 -9999.0 -9999.0 -9999.0 -9999.0 -9999.0 -9999.0 -9999.0 -9999.0 -9999.0 -9999.0 -9999.0 -9999.0 -9999.0 -9999.0 -9999.0 -9999.0 -9999.0 -9999.0 -9999.0 -9999.0 -9999.0 -9999.0 -9999.0 -9999.0 -9999.0 -9999.0 -9999.0 -9999.0 -9999.0 -9999.0 -9999.0 -9999.0 -9999.0 -9999.0 -9999.0 -9999.0 -9999.0 -9999.0 -9999.0 -9999.0 -9999.0 -9999.0 -9999.0 -9999.0 -9999.0 -9999.0 -9999.0 -9999.0 -9999.0 -9999.0 -9999.0 -9999.0 -9999.0 -9999.0 -9999.0 -9999.0 -9999.0 -9999.0 -9999.0 -9999.0 -9999.0 -9999.0 -9999.0 -9999.0 -9999.0 -9999.0 -9999.0 -9999.0 -9999.0 -9999.0 -9999.0 -9999.0 -9999.0 -9999.0