inst/processing_geotop_simulation/geotop_simulation/out/maps3D/PwL0007N0066.asc
ncols         104
nrows         10
xllcorner     -2.000000
yllcorner     0.000000
cellsize      1.000000
NODATA_value  -9999.0
-9999.0 -9999.0 -9999.0 -9999.0 -9999.0 -9999.0 -9999.0 -9999.0 -9999.0 -9999.0 -9999.0 -9999.0 -9999.0 -9999.0 -9999.0 -9999.0 -9999.0 -9999.0 -9999.0 -9999.0 -9999.0 -9999.0 -9999.0 -9999.0 -9999.0 -9999.0 -9999.0 -9999.0 -9999.0 -9999.0 -9999.0 -9999.0 -9999.0 -9999.0 -9999.0 -9999.0 -9999.0 -9999.0 -9999.0 -9999.0 -9999.0 -9999.0 -9999.0 -9999.0 -9999.0 -9999.0 -9999.0 -9999.0 -9999.0 -9999.0 -9999.0 -9999.0 -9999.0 -9999.0 -9999.0 -9999.0 -9999.0 -9999.0 -9999.0 -9999.0 -9999.0 -9999.0 -9999.0 -9999.0 -9999.0 -9999.0 -9999.0 -9999.0 -9999.0 -9999.0 -9999.0 -9999.0 -9999.0 -9999.0 -9999.0 -9999.0 -9999.0 -9999.0 -9999.0 -9999.0 -9999.0 -9999.0 -9999.0 -9999.0 -9999.0 -9999.0 -9999.0 -9999.0 -9999.0 -9999.0 -9999.0 -9999.0 -9999.0 -9999.0 -9999.0 -9999.0 -9999.0 -9999.0 -9999.0 -9999.0 -9999.0 -9999.0 -9999.0 -9999.0
-9999.0 -9999.0 -9999.0 -9999.0 -9999.0 -9999.0 -9999.0 -9999.0 -9999.0 -9999.0 -9999.0 -9999.0 -9999.0 -9999.0 -9999.0 -9999.0 -9999.0 -9999.0 -9999.0 -9999.0 -9999.0 -9999.0 -9999.0 -9999.0 -9999.0 -9999.0 -9999.0 -9999.0 -9999.0 -9999.0 -9999.0 -9999.0 -9999.0 -9999.0 -9999.0 -9999.0 -9999.0 -9999.0 -9999.0 -9999.0 -9999.0 -9999.0 -9999.0 -9999.0 -9999.0 -9999.0 -9999.0 -9999.0 -9999.0 -9999.0 -9999.0 -9999.0 -9999.0 -9999.0 -9999.0 -9999.0 -9999.0 -9999.0 -9999.0 -9999.0 -9999.0 -9999.0 -9999.0 -9999.0 -9999.0 -9999.0 -9999.0 -9999.0 -9999.0 -9999.0 -9999.0 -9999.0 -9999.0 -9999.0 -9999.0 -9999.0 -9999.0 -9999.0 -9999.0 -9999.0 -9999.0 -9999.0 -9999.0 -9999.0 -9999.0 -9999.0 -9999.0 -9999.0 -9999.0 -9999.0 -9999.0 -9999.0 -9999.0 -9999.0 -9999.0 -9999.0 -9999.0 -9999.0 -9999.0 -9999.0 -9999.0 -9999.0 -9999.0 -9999.0
-9999.0 -9999.0 -165.191193 -268.000166 -377.559947 -500.128652 -639.568073 -790.707874 -925.888046 -1007.179248 -1006.346296 -970.974043 -936.764998 -932.466745 -964.619543 -1007.153129 -1052.094695 -1078.443650 -1072.099570 -1060.011506 -1049.407210 -1042.889584 -1040.644885 -1041.921153 -1045.690471 -1050.912127 -1056.639293 -1062.119083 -1066.873809 -1070.704685 -1073.619162 -1075.738760 -1077.225939 -1078.238438 -1078.908258 -1079.338178 -1079.617640 -1079.859481 -1080.133137 -1080.424044 -1084.624915 -1128.956922 -1174.681530 -1244.323832 -1177.749416 -1139.791427 -1122.622623 -1120.542575 -1120.337374 -1120.361932 -1120.419218 -1120.480344 -1120.538972 -1120.593196 -1120.643200 -1120.698579 -1120.856260 -1121.989985 -1130.665163 -1150.663448 -1186.177226 -1083.752874 -1111.852664 -1083.874834 -1080.838087 -1080.355484 -1080.253613 -1080.235585 -1080.235745 -1080.239107 -1080.242403 -1080.245035 -1080.247027 -1080.248524 -1080.249663 -1080.250544 -1080.251240 -1080.251798 -1080.252258 -1080.252658 -1080.253041 -1080.253455 -1080.253966 -1080.254664 -1080.255688 -1080.257253 -1080.259700 -1080.263589 -1080.269851 -1080.280078 -1080.297079 -1080.325989 -1080.376524 -1080.467591 -1080.636647 -1080.958279 -1081.580498 -1082.797094 -1085.207789 -1090.137100 -1100.823837 -1126.351914 -9999.0 -9999.0
-9999.0 -9999.0 -165.191192 -268.000165 -377.559946 -500.128651 -639.568072 -790.707873 -925.888045 -1007.179248 -1006.346296 -970.974043 -936.764998 -932.466745 -964.619543 -1007.153129 -1052.094695 -1078.443650 -1072.099570 -1060.011506 -1049.407210 -1042.889584 -1040.644885 -1041.921153 -1045.690471 -1050.912127 -1056.639293 -1062.119083 -1066.873809 -1070.704685 -1073.619162 -1075.738760 -1077.225939 -1078.238438 -1078.908258 -1079.338178 -1079.617640 -1079.859481 -1080.133137 -1080.424044 -1084.624915 -1128.956922 -1174.681530 -1244.323832 -1177.749415 -1139.791425 -1122.622623 -1120.542575 -1120.337374 -1120.361932 -1120.419218 -1120.480344 -1120.538972 -1120.593196 -1120.643200 -1120.698579 -1120.856260 -1121.989985 -1130.665163 -1150.663448 -1186.177226 -1083.752874 -1111.852664 -1083.874834 -1080.838087 -1080.355484 -1080.253613 -1080.235585 -1080.235745 -1080.239107 -1080.242403 -1080.245035 -1080.247027 -1080.248524 -1080.249663 -1080.250544 -1080.251240 -1080.251798 -1080.252258 -1080.252658 -1080.253041 -1080.253455 -1080.253966 -1080.254664 -1080.255688 -1080.257253 -1080.259700 -1080.263589 -1080.269851 -1080.280078 -1080.297079 -1080.325989 -1080.376524 -1080.467591 -1080.636647 -1080.958279 -1081.580498 -1082.797094 -1085.207789 -1090.137100 -1100.823837 -1126.351914 -9999.0 -9999.0
-9999.0 -9999.0 -165.191192 -268.000165 -377.559946 -500.128650 -639.568071 -790.707872 -925.888045 -1007.179248 -1006.346296 -970.974043 -936.764998 -932.466745 -964.619543 -1007.153129 -1052.094695 -1078.443650 -1072.099570 -1060.011506 -1049.407210 -1042.889584 -1040.644885 -1041.921153 -1045.690471 -1050.912127 -1056.639293 -1062.119083 -1066.873809 -1070.704685 -1073.619162 -1075.738760 -1077.225939 -1078.238438 -1078.908258 -1079.338178 -1079.617640 -1079.859481 -1080.133137 -1080.424044 -1084.624915 -1128.956922 -1174.681530 -1244.323832 -1177.749415 -1139.791425 -1122.622623 -1120.542575 -1120.337374 -1120.361932 -1120.419218 -1120.480344 -1120.538972 -1120.593196 -1120.643200 -1120.698579 -1120.856260 -1121.989985 -1130.665163 -1150.663448 -1186.177226 -1083.752874 -1111.852664 -1083.874834 -1080.838087 -1080.355484 -1080.253613 -1080.235585 -1080.235745 -1080.239107 -1080.242403 -1080.245035 -1080.247027 -1080.248524 -1080.249663 -1080.250544 -1080.251240 -1080.251798 -1080.252258 -1080.252658 -1080.253041 -1080.253455 -1080.253966 -1080.254664 -1080.255688 -1080.257253 -1080.259700 -1080.263589 -1080.269851 -1080.280078 -1080.297079 -1080.325989 -1080.376524 -1080.467591 -1080.636647 -1080.958279 -1081.580498 -1082.797094 -1085.207789 -1090.137100 -1100.823837 -1126.351914 -9999.0 -9999.0
-9999.0 -9999.0 -165.191192 -268.000165 -377.559946 -500.128651 -639.568071 -790.707872 -925.888045 -1007.179248 -1006.346296 -970.974043 -936.764998 -932.466745 -964.619543 -1007.153129 -1052.094695 -1078.443650 -1072.099570 -1060.011506 -1049.407210 -1042.889584 -1040.644885 -1041.921153 -1045.690471 -1050.912127 -1056.639293 -1062.119083 -1066.873809 -1070.704685 -1073.619162 -1075.738760 -1077.225939 -1078.238438 -1078.908258 -1079.338178 -1079.617640 -1079.859481 -1080.133137 -1080.424044 -1084.624915 -1128.956922 -1174.681530 -1244.323832 -1177.749415 -1139.791425 -1122.622623 -1120.542575 -1120.337374 -1120.361932 -1120.419218 -1120.480344 -1120.538972 -1120.593196 -1120.643200 -1120.698579 -1120.856260 -1121.989985 -1130.665163 -1150.663448 -1186.177226 -1083.752874 -1111.852664 -1083.874834 -1080.838087 -1080.355484 -1080.253613 -1080.235585 -1080.235745 -1080.239107 -1080.242403 -1080.245035 -1080.247027 -1080.248524 -1080.249663 -1080.250544 -1080.251240 -1080.251798 -1080.252258 -1080.252658 -1080.253041 -1080.253455 -1080.253966 -1080.254664 -1080.255688 -1080.257253 -1080.259700 -1080.263589 -1080.269851 -1080.280078 -1080.297079 -1080.325989 -1080.376524 -1080.467591 -1080.636647 -1080.958279 -1081.580498 -1082.797094 -1085.207789 -1090.137100 -1100.823837 -1126.351914 -9999.0 -9999.0
-9999.0 -9999.0 -165.191192 -268.000165 -377.559946 -500.128651 -639.568072 -790.707873 -925.888046 -1007.179248 -1006.346296 -970.974043 -936.764998 -932.466745 -964.619543 -1007.153129 -1052.094695 -1078.443650 -1072.099570 -1060.011506 -1049.407210 -1042.889584 -1040.644885 -1041.921153 -1045.690471 -1050.912127 -1056.639293 -1062.119083 -1066.873809 -1070.704685 -1073.619162 -1075.738760 -1077.225939 -1078.238438 -1078.908258 -1079.338178 -1079.617640 -1079.859481 -1080.133137 -1080.424044 -1084.624915 -1128.956922 -1174.681530 -1244.323832 -1177.749415 -1139.791425 -1122.622623 -1120.542575 -1120.337374 -1120.361932 -1120.419218 -1120.480344 -1120.538972 -1120.593196 -1120.643200 -1120.698579 -1120.856260 -1121.989985 -1130.665163 -1150.663448 -1186.177226 -1083.752874 -1111.852664 -1083.874834 -1080.838087 -1080.355484 -1080.253613 -1080.235585 -1080.235745 -1080.239107 -1080.242403 -1080.245035 -1080.247027 -1080.248524 -1080.249663 -1080.250544 -1080.251240 -1080.251798 -1080.252258 -1080.252658 -1080.253041 -1080.253455 -1080.253966 -1080.254664 -1080.255688 -1080.257253 -1080.259700 -1080.263589 -1080.269851 -1080.280078 -1080.297079 -1080.325989 -1080.376524 -1080.467591 -1080.636647 -1080.958279 -1081.580498 -1082.797094 -1085.207789 -1090.137100 -1100.823837 -1126.351914 -9999.0 -9999.0
-9999.0 -9999.0 -165.191193 -268.000166 -377.559947 -500.128652 -639.568073 -790.707874 -925.888046 -1007.179248 -1006.346296 -970.974043 -936.764998 -932.466745 -964.619543 -1007.153129 -1052.094695 -1078.443650 -1072.099570 -1060.011506 -1049.407210 -1042.889584 -1040.644885 -1041.921153 -1045.690471 -1050.912127 -1056.639293 -1062.119083 -1066.873809 -1070.704685 -1073.619162 -1075.738760 -1077.225939 -1078.238438 -1078.908258 -1079.338178 -1079.617640 -1079.859481 -1080.133137 -1080.424044 -1084.624915 -1128.956922 -1174.681530 -1244.323832 -1177.749416 -1139.791427 -1122.622623 -1120.542575 -1120.337374 -1120.361932 -1120.419218 -1120.480344 -1120.538972 -1120.593196 -1120.643200 -1120.698579 -1120.856260 -1121.989985 -1130.665163 -1150.663448 -1186.177226 -1083.752874 -1111.852664 -1083.874834 -1080.838087 -1080.355484 -1080.253613 -1080.235585 -1080.235745 -1080.239107 -1080.242403 -1080.245035 -1080.247027 -1080.248524 -1080.249663 -1080.250544 -1080.251240 -1080.251798 -1080.252258 -1080.252658 -1080.253041 -1080.253455 -1080.253966 -1080.254664 -1080.255688 -1080.257253 -1080.259700 -1080.263589 -1080.269851 -1080.280078 -1080.297079 -1080.325989 -1080.376524 -1080.467591 -1080.636647 -1080.958279 -1081.580498 -1082.797094 -1085.207789 -1090.137100 -1100.823837 -1126.351914 -9999.0 -9999.0
-9999.0 -9999.0 -9999.0 -9999.0 -9999.0 -9999.0 -9999.0 -9999.0 -9999.0 -9999.0 -9999.0 -9999.0 -9999.0 -9999.0 -9999.0 -9999.0 -9999.0 -9999.0 -9999.0 -9999.0 -9999.0 -9999.0 -9999.0 -9999.0 -9999.0 -9999.0 -9999.0 -9999.0 -9999.0 -9999.0 -9999.0 -9999.0 -9999.0 -9999.0 -9999.0 -9999.0 -9999.0 -9999.0 -9999.0 -9999.0 -9999.0 -9999.0 -9999.0 -9999.0 -9999.0 -9999.0 -9999.0 -9999.0 -9999.0 -9999.0 -9999.0 -9999.0 -9999.0 -9999.0 -9999.0 -9999.0 -9999.0 -9999.0 -9999.0 -9999.0 -9999.0 -9999.0 -9999.0 -9999.0 -9999.0 -9999.0 -9999.0 -9999.0 -9999.0 -9999.0 -9999.0 -9999.0 -9999.0 -9999.0 -9999.0 -9999.0 -9999.0 -9999.0 -9999.0 -9999.0 -9999.0 -9999.0 -9999.0 -9999.0 -9999.0 -9999.0 -9999.0 -9999.0 -9999.0 -9999.0 -9999.0 -9999.0 -9999.0 -9999.0 -9999.0 -9999.0 -9999.0 -9999.0 -9999.0 -9999.0 -9999.0 -9999.0 -9999.0 -9999.0
-9999.0 -9999.0 -9999.0 -9999.0 -9999.0 -9999.0 -9999.0 -9999.0 -9999.0 -9999.0 -9999.0 -9999.0 -9999.0 -9999.0 -9999.0 -9999.0 -9999.0 -9999.0 -9999.0 -9999.0 -9999.0 -9999.0 -9999.0 -9999.0 -9999.0 -9999.0 -9999.0 -9999.0 -9999.0 -9999.0 -9999.0 -9999.0 -9999.0 -9999.0 -9999.0 -9999.0 -9999.0 -9999.0 -9999.0 -9999.0 -9999.0 -9999.0 -9999.0 -9999.0 -9999.0 -9999.0 -9999.0 -9999.0 -9999.0 -9999.0 -9999.0 -9999.0 -9999.0 -9999.0 -9999.0 -9999.0 -9999.0 -9999.0 -9999.0 -9999.0 -9999.0 -9999.0 -9999.0 -9999.0 -9999.0 -9999.0 -9999.0 -9999.0 -9999.0 -9999.0 -9999.0 -9999.0 -9999.0 -9999.0 -9999.0 -9999.0 -9999.0 -9999.0 -9999.0 -9999.0 -9999.0 -9999.0 -9999.0 -9999.0 -9999.0 -9999.0 -9999.0 -9999.0 -9999.0 -9999.0 -9999.0 -9999.0 -9999.0 -9999.0 -9999.0 -9999.0 -9999.0 -9999.0 -9999.0 -9999.0 -9999.0 -9999.0 -9999.0 -9999.0