inst/processing_geotop_simulation/geotop_simulation/out/maps3D/PwL0021N0438.asc
ncols         104
nrows         10
xllcorner     -2.000000
yllcorner     0.000000
cellsize      1.000000
NODATA_value  -9999.0
-9999.0 -9999.0 -9999.0 -9999.0 -9999.0 -9999.0 -9999.0 -9999.0 -9999.0 -9999.0 -9999.0 -9999.0 -9999.0 -9999.0 -9999.0 -9999.0 -9999.0 -9999.0 -9999.0 -9999.0 -9999.0 -9999.0 -9999.0 -9999.0 -9999.0 -9999.0 -9999.0 -9999.0 -9999.0 -9999.0 -9999.0 -9999.0 -9999.0 -9999.0 -9999.0 -9999.0 -9999.0 -9999.0 -9999.0 -9999.0 -9999.0 -9999.0 -9999.0 -9999.0 -9999.0 -9999.0 -9999.0 -9999.0 -9999.0 -9999.0 -9999.0 -9999.0 -9999.0 -9999.0 -9999.0 -9999.0 -9999.0 -9999.0 -9999.0 -9999.0 -9999.0 -9999.0 -9999.0 -9999.0 -9999.0 -9999.0 -9999.0 -9999.0 -9999.0 -9999.0 -9999.0 -9999.0 -9999.0 -9999.0 -9999.0 -9999.0 -9999.0 -9999.0 -9999.0 -9999.0 -9999.0 -9999.0 -9999.0 -9999.0 -9999.0 -9999.0 -9999.0 -9999.0 -9999.0 -9999.0 -9999.0 -9999.0 -9999.0 -9999.0 -9999.0 -9999.0 -9999.0 -9999.0 -9999.0 -9999.0 -9999.0 -9999.0 -9999.0 -9999.0
-9999.0 -9999.0 -9999.0 -9999.0 -9999.0 -9999.0 -9999.0 -9999.0 -9999.0 -9999.0 -9999.0 -9999.0 -9999.0 -9999.0 -9999.0 -9999.0 -9999.0 -9999.0 -9999.0 -9999.0 -9999.0 -9999.0 -9999.0 -9999.0 -9999.0 -9999.0 -9999.0 -9999.0 -9999.0 -9999.0 -9999.0 -9999.0 -9999.0 -9999.0 -9999.0 -9999.0 -9999.0 -9999.0 -9999.0 -9999.0 -9999.0 -9999.0 -9999.0 -9999.0 -9999.0 -9999.0 -9999.0 -9999.0 -9999.0 -9999.0 -9999.0 -9999.0 -9999.0 -9999.0 -9999.0 -9999.0 -9999.0 -9999.0 -9999.0 -9999.0 -9999.0 -9999.0 -9999.0 -9999.0 -9999.0 -9999.0 -9999.0 -9999.0 -9999.0 -9999.0 -9999.0 -9999.0 -9999.0 -9999.0 -9999.0 -9999.0 -9999.0 -9999.0 -9999.0 -9999.0 -9999.0 -9999.0 -9999.0 -9999.0 -9999.0 -9999.0 -9999.0 -9999.0 -9999.0 -9999.0 -9999.0 -9999.0 -9999.0 -9999.0 -9999.0 -9999.0 -9999.0 -9999.0 -9999.0 -9999.0 -9999.0 -9999.0 -9999.0 -9999.0
-9999.0 -9999.0 1017.786229 918.592675 819.361026 720.035040 620.654897 521.250439 421.838739 322.429295 223.027476 123.636413 24.258465 -75.102200 -174.445848 -273.765064 -373.042694 -472.246533 -571.316404 -670.141243 -768.785811 -867.349758 -965.535105 -1063.141145 -1157.855542 -1246.329103 -1327.864382 -1400.665870 -1463.464076 -1515.755811 -1557.846514 -1590.695856 -1615.653717 -1634.194135 -1647.717929 -1657.445382 -1664.395111 -1669.468101 -1673.750846 -1679.224753 -1689.428232 -1710.152249 -1716.407711 -2766.255268 -3880.163673 -3872.884959 -3453.678340 -2973.052832 -2700.079891 -2526.911226 -2401.067505 -2293.988440 -2228.020852 -2185.011487 -2144.797798 -2102.281237 -2055.801251 -2005.817712 -1953.945613 -1901.173608 -1833.299881 -1505.271299 -1665.565194 -1682.132556 -1681.567930 -1680.610631 -1680.315873 -1680.251626 -1680.240137 -1680.238730 -1680.239042 -1680.239578 -1680.240088 -1680.240543 -1680.240952 -1680.241329 -1680.241684 -1680.242026 -1680.242361 -1680.242698 -1680.243044 -1680.243409 -1680.243806 -1680.244256 -1680.244787 -1680.245446 -1680.246310 -1680.247505 -1680.249254 -1680.251951 -1680.256330 -1680.263801 -1680.277142 -1680.302002 -1680.350271 -1680.448192 -1680.657294 -1681.131499 -1682.281256 -1685.282546 -1693.815806 -1720.650669 -9999.0 -9999.0
-9999.0 -9999.0 1017.788677 918.593646 819.361353 720.035149 620.654935 521.250453 421.838744 322.429298 223.027478 123.636414 24.258465 -75.102200 -174.445848 -273.765064 -373.042694 -472.246533 -571.316404 -670.141243 -768.785812 -867.349758 -965.535106 -1063.141145 -1157.855542 -1246.329103 -1327.864382 -1400.665870 -1463.464076 -1515.755811 -1557.846514 -1590.695856 -1615.653717 -1634.194135 -1647.717929 -1657.445382 -1664.395111 -1669.468101 -1673.750846 -1679.224753 -1689.428232 -1710.152249 -1716.407711 -2766.255267 -3880.163673 -3872.884959 -3453.678339 -2973.052831 -2700.079891 -2526.911225 -2401.067503 -2293.988439 -2228.020852 -2185.011487 -2144.797798 -2102.281237 -2055.801251 -2005.817712 -1953.945612 -1901.173608 -1833.299881 -1505.271299 -1665.565194 -1682.132556 -1681.567929 -1680.610631 -1680.315873 -1680.251626 -1680.240137 -1680.238730 -1680.239042 -1680.239578 -1680.240088 -1680.240543 -1680.240952 -1680.241329 -1680.241684 -1680.242026 -1680.242361 -1680.242698 -1680.243044 -1680.243409 -1680.243806 -1680.244255 -1680.244787 -1680.245446 -1680.246310 -1680.247505 -1680.249254 -1680.251951 -1680.256330 -1680.263801 -1680.277142 -1680.302002 -1680.350271 -1680.448192 -1680.657294 -1681.131499 -1682.281256 -1685.282546 -1693.815806 -1720.650669 -9999.0 -9999.0
-9999.0 -9999.0 1017.789667 918.594182 819.361582 720.035237 620.654968 521.250465 421.838748 322.429299 223.027478 123.636414 24.258465 -75.102200 -174.445848 -273.765064 -373.042694 -472.246533 -571.316404 -670.141243 -768.785812 -867.349758 -965.535106 -1063.141145 -1157.855542 -1246.329103 -1327.864382 -1400.665870 -1463.464076 -1515.755811 -1557.846514 -1590.695856 -1615.653717 -1634.194135 -1647.717929 -1657.445382 -1664.395111 -1669.468101 -1673.750846 -1679.224753 -1689.428232 -1710.152249 -1716.407711 -2766.255267 -3880.163673 -3872.884959 -3453.678339 -2973.052830 -2700.079891 -2526.911224 -2401.067502 -2293.988439 -2228.020852 -2185.011487 -2144.797798 -2102.281237 -2055.801251 -2005.817712 -1953.945612 -1901.173607 -1833.299881 -1505.271299 -1665.565194 -1682.132556 -1681.567929 -1680.610631 -1680.315873 -1680.251626 -1680.240137 -1680.238730 -1680.239042 -1680.239578 -1680.240088 -1680.240543 -1680.240952 -1680.241329 -1680.241684 -1680.242026 -1680.242361 -1680.242698 -1680.243044 -1680.243409 -1680.243806 -1680.244255 -1680.244787 -1680.245446 -1680.246310 -1680.247505 -1680.249254 -1680.251951 -1680.256330 -1680.263801 -1680.277142 -1680.302002 -1680.350271 -1680.448192 -1680.657294 -1681.131499 -1682.281256 -1685.282546 -1693.815806 -1720.650669 -9999.0 -9999.0
-9999.0 -9999.0 1017.789667 918.594182 819.361582 720.035237 620.654967 521.250465 421.838748 322.429299 223.027478 123.636414 24.258465 -75.102200 -174.445848 -273.765064 -373.042694 -472.246533 -571.316404 -670.141243 -768.785812 -867.349758 -965.535106 -1063.141145 -1157.855542 -1246.329103 -1327.864382 -1400.665870 -1463.464076 -1515.755811 -1557.846515 -1590.695856 -1615.653717 -1634.194135 -1647.717929 -1657.445382 -1664.395111 -1669.468101 -1673.750846 -1679.224753 -1689.428232 -1710.152249 -1716.407711 -2766.255267 -3880.163673 -3872.884959 -3453.678339 -2973.052830 -2700.079891 -2526.911225 -2401.067503 -2293.988439 -2228.020852 -2185.011487 -2144.797797 -2102.281237 -2055.801251 -2005.817712 -1953.945612 -1901.173607 -1833.299881 -1505.271299 -1665.565194 -1682.132556 -1681.567929 -1680.610631 -1680.315873 -1680.251626 -1680.240137 -1680.238730 -1680.239042 -1680.239578 -1680.240088 -1680.240543 -1680.240952 -1680.241329 -1680.241684 -1680.242026 -1680.242361 -1680.242698 -1680.243044 -1680.243409 -1680.243806 -1680.244255 -1680.244787 -1680.245446 -1680.246310 -1680.247505 -1680.249254 -1680.251951 -1680.256330 -1680.263801 -1680.277142 -1680.302002 -1680.350271 -1680.448192 -1680.657294 -1681.131499 -1682.281256 -1685.282546 -1693.815806 -1720.650669 -9999.0 -9999.0
-9999.0 -9999.0 1017.788677 918.593646 819.361353 720.035149 620.654935 521.250453 421.838744 322.429298 223.027478 123.636414 24.258465 -75.102200 -174.445848 -273.765064 -373.042694 -472.246533 -571.316404 -670.141243 -768.785812 -867.349758 -965.535106 -1063.141145 -1157.855542 -1246.329103 -1327.864382 -1400.665870 -1463.464076 -1515.755811 -1557.846514 -1590.695856 -1615.653717 -1634.194135 -1647.717929 -1657.445382 -1664.395111 -1669.468101 -1673.750846 -1679.224753 -1689.428232 -1710.152249 -1716.407711 -2766.255267 -3880.163673 -3872.884959 -3453.678339 -2973.052831 -2700.079891 -2526.911225 -2401.067503 -2293.988439 -2228.020852 -2185.011487 -2144.797798 -2102.281237 -2055.801251 -2005.817712 -1953.945612 -1901.173607 -1833.299881 -1505.271299 -1665.565194 -1682.132556 -1681.567929 -1680.610631 -1680.315873 -1680.251626 -1680.240137 -1680.238730 -1680.239042 -1680.239578 -1680.240088 -1680.240543 -1680.240952 -1680.241329 -1680.241684 -1680.242026 -1680.242361 -1680.242698 -1680.243044 -1680.243409 -1680.243806 -1680.244255 -1680.244787 -1680.245446 -1680.246310 -1680.247505 -1680.249254 -1680.251951 -1680.256330 -1680.263801 -1680.277142 -1680.302002 -1680.350271 -1680.448192 -1680.657294 -1681.131499 -1682.281256 -1685.282546 -1693.815806 -1720.650669 -9999.0 -9999.0
-9999.0 -9999.0 1017.786229 918.592675 819.361026 720.035040 620.654897 521.250439 421.838739 322.429295 223.027476 123.636413 24.258465 -75.102201 -174.445848 -273.765064 -373.042694 -472.246533 -571.316404 -670.141243 -768.785811 -867.349758 -965.535105 -1063.141145 -1157.855542 -1246.329103 -1327.864382 -1400.665870 -1463.464076 -1515.755811 -1557.846514 -1590.695856 -1615.653717 -1634.194135 -1647.717929 -1657.445382 -1664.395111 -1669.468101 -1673.750846 -1679.224753 -1689.428232 -1710.152249 -1716.407711 -2766.255268 -3880.163673 -3872.884959 -3453.678340 -2973.052832 -2700.079891 -2526.911227 -2401.067505 -2293.988440 -2228.020852 -2185.011487 -2144.797798 -2102.281237 -2055.801251 -2005.817712 -1953.945613 -1901.173608 -1833.299881 -1505.271299 -1665.565194 -1682.132556 -1681.567930 -1680.610631 -1680.315873 -1680.251626 -1680.240137 -1680.238730 -1680.239042 -1680.239578 -1680.240088 -1680.240543 -1680.240952 -1680.241329 -1680.241684 -1680.242026 -1680.242361 -1680.242698 -1680.243044 -1680.243409 -1680.243806 -1680.244256 -1680.244787 -1680.245446 -1680.246310 -1680.247505 -1680.249254 -1680.251951 -1680.256330 -1680.263801 -1680.277142 -1680.302002 -1680.350271 -1680.448192 -1680.657294 -1681.131499 -1682.281256 -1685.282546 -1693.815806 -1720.650669 -9999.0 -9999.0
-9999.0 -9999.0 -9999.0 -9999.0 -9999.0 -9999.0 -9999.0 -9999.0 -9999.0 -9999.0 -9999.0 -9999.0 -9999.0 -9999.0 -9999.0 -9999.0 -9999.0 -9999.0 -9999.0 -9999.0 -9999.0 -9999.0 -9999.0 -9999.0 -9999.0 -9999.0 -9999.0 -9999.0 -9999.0 -9999.0 -9999.0 -9999.0 -9999.0 -9999.0 -9999.0 -9999.0 -9999.0 -9999.0 -9999.0 -9999.0 -9999.0 -9999.0 -9999.0 -9999.0 -9999.0 -9999.0 -9999.0 -9999.0 -9999.0 -9999.0 -9999.0 -9999.0 -9999.0 -9999.0 -9999.0 -9999.0 -9999.0 -9999.0 -9999.0 -9999.0 -9999.0 -9999.0 -9999.0 -9999.0 -9999.0 -9999.0 -9999.0 -9999.0 -9999.0 -9999.0 -9999.0 -9999.0 -9999.0 -9999.0 -9999.0 -9999.0 -9999.0 -9999.0 -9999.0 -9999.0 -9999.0 -9999.0 -9999.0 -9999.0 -9999.0 -9999.0 -9999.0 -9999.0 -9999.0 -9999.0 -9999.0 -9999.0 -9999.0 -9999.0 -9999.0 -9999.0 -9999.0 -9999.0 -9999.0 -9999.0 -9999.0 -9999.0 -9999.0 -9999.0
-9999.0 -9999.0 -9999.0 -9999.0 -9999.0 -9999.0 -9999.0 -9999.0 -9999.0 -9999.0 -9999.0 -9999.0 -9999.0 -9999.0 -9999.0 -9999.0 -9999.0 -9999.0 -9999.0 -9999.0 -9999.0 -9999.0 -9999.0 -9999.0 -9999.0 -9999.0 -9999.0 -9999.0 -9999.0 -9999.0 -9999.0 -9999.0 -9999.0 -9999.0 -9999.0 -9999.0 -9999.0 -9999.0 -9999.0 -9999.0 -9999.0 -9999.0 -9999.0 -9999.0 -9999.0 -9999.0 -9999.0 -9999.0 -9999.0 -9999.0 -9999.0 -9999.0 -9999.0 -9999.0 -9999.0 -9999.0 -9999.0 -9999.0 -9999.0 -9999.0 -9999.0 -9999.0 -9999.0 -9999.0 -9999.0 -9999.0 -9999.0 -9999.0 -9999.0 -9999.0 -9999.0 -9999.0 -9999.0 -9999.0 -9999.0 -9999.0 -9999.0 -9999.0 -9999.0 -9999.0 -9999.0 -9999.0 -9999.0 -9999.0 -9999.0 -9999.0 -9999.0 -9999.0 -9999.0 -9999.0 -9999.0 -9999.0 -9999.0 -9999.0 -9999.0 -9999.0 -9999.0 -9999.0 -9999.0 -9999.0 -9999.0 -9999.0 -9999.0 -9999.0