inst/processing_geotop_simulation/geotop_simulation/out/maps3D/PwL0012N0328.asc
ncols         104
nrows         10
xllcorner     -2.000000
yllcorner     0.000000
cellsize      1.000000
NODATA_value  -9999.0
-9999.0 -9999.0 -9999.0 -9999.0 -9999.0 -9999.0 -9999.0 -9999.0 -9999.0 -9999.0 -9999.0 -9999.0 -9999.0 -9999.0 -9999.0 -9999.0 -9999.0 -9999.0 -9999.0 -9999.0 -9999.0 -9999.0 -9999.0 -9999.0 -9999.0 -9999.0 -9999.0 -9999.0 -9999.0 -9999.0 -9999.0 -9999.0 -9999.0 -9999.0 -9999.0 -9999.0 -9999.0 -9999.0 -9999.0 -9999.0 -9999.0 -9999.0 -9999.0 -9999.0 -9999.0 -9999.0 -9999.0 -9999.0 -9999.0 -9999.0 -9999.0 -9999.0 -9999.0 -9999.0 -9999.0 -9999.0 -9999.0 -9999.0 -9999.0 -9999.0 -9999.0 -9999.0 -9999.0 -9999.0 -9999.0 -9999.0 -9999.0 -9999.0 -9999.0 -9999.0 -9999.0 -9999.0 -9999.0 -9999.0 -9999.0 -9999.0 -9999.0 -9999.0 -9999.0 -9999.0 -9999.0 -9999.0 -9999.0 -9999.0 -9999.0 -9999.0 -9999.0 -9999.0 -9999.0 -9999.0 -9999.0 -9999.0 -9999.0 -9999.0 -9999.0 -9999.0 -9999.0 -9999.0 -9999.0 -9999.0 -9999.0 -9999.0 -9999.0 -9999.0
-9999.0 -9999.0 -9999.0 -9999.0 -9999.0 -9999.0 -9999.0 -9999.0 -9999.0 -9999.0 -9999.0 -9999.0 -9999.0 -9999.0 -9999.0 -9999.0 -9999.0 -9999.0 -9999.0 -9999.0 -9999.0 -9999.0 -9999.0 -9999.0 -9999.0 -9999.0 -9999.0 -9999.0 -9999.0 -9999.0 -9999.0 -9999.0 -9999.0 -9999.0 -9999.0 -9999.0 -9999.0 -9999.0 -9999.0 -9999.0 -9999.0 -9999.0 -9999.0 -9999.0 -9999.0 -9999.0 -9999.0 -9999.0 -9999.0 -9999.0 -9999.0 -9999.0 -9999.0 -9999.0 -9999.0 -9999.0 -9999.0 -9999.0 -9999.0 -9999.0 -9999.0 -9999.0 -9999.0 -9999.0 -9999.0 -9999.0 -9999.0 -9999.0 -9999.0 -9999.0 -9999.0 -9999.0 -9999.0 -9999.0 -9999.0 -9999.0 -9999.0 -9999.0 -9999.0 -9999.0 -9999.0 -9999.0 -9999.0 -9999.0 -9999.0 -9999.0 -9999.0 -9999.0 -9999.0 -9999.0 -9999.0 -9999.0 -9999.0 -9999.0 -9999.0 -9999.0 -9999.0 -9999.0 -9999.0 -9999.0 -9999.0 -9999.0 -9999.0 -9999.0
-9999.0 -9999.0 573.069170 475.083832 376.559825 277.736762 178.781195 79.769797 -19.257704 -118.280304 -217.288408 -316.261591 -415.161909 -513.908334 -612.375957 -710.416272 -808.631553 -906.618826 -1004.334346 -1101.725048 -1195.798253 -1285.763648 -1369.009884 -1442.941080 -1505.784364 -1556.987625 -1597.142591 -1627.614191 -1650.111169 -1666.351085 -1677.863228 -1685.906698 -1691.463080 -1695.267893 -1697.856761 -1699.614024 -1700.823997 -1701.757180 -1702.937902 -1705.954956 -1714.172478 -1722.493167 -1544.155599 -2238.502121 -2074.834879 -1975.473044 -1931.913250 -1926.228398 -1925.651284 -1925.710116 -1925.859144 -1926.018937 -1926.172376 -1926.314393 -1926.445854 -1926.595802 -1927.049579 -1930.250913 -1952.444219 -2004.163341 -2066.841187 -1421.515576 -1686.311416 -1706.477555 -1704.633477 -1703.600618 -1703.364600 -1703.322421 -1703.315966 -1703.315489 -1703.315925 -1703.316412 -1703.316815 -1703.317130 -1703.317377 -1703.317573 -1703.317733 -1703.317866 -1703.317981 -1703.318086 -1703.318192 -1703.318308 -1703.318450 -1703.318642 -1703.318918 -1703.319332 -1703.319975 -1703.320996 -1703.322651 -1703.325398 -1703.330076 -1703.338273 -1703.353087 -1703.380696 -1703.433696 -1703.538625 -1703.754337 -1704.220779 -1705.297434 -1707.991624 -1715.495366 -1739.762083 -9999.0 -9999.0
-9999.0 -9999.0 573.074287 475.085371 376.560269 277.736898 178.781240 79.769812 -19.257698 -118.280302 -217.288407 -316.261590 -415.161909 -513.908334 -612.375957 -710.416272 -808.631553 -906.618827 -1004.334346 -1101.725048 -1195.798253 -1285.763648 -1369.009884 -1442.941080 -1505.784364 -1556.987625 -1597.142591 -1627.614191 -1650.111169 -1666.351085 -1677.863228 -1685.906698 -1691.463080 -1695.267893 -1697.856761 -1699.614024 -1700.823997 -1701.757180 -1702.937902 -1705.954956 -1714.172478 -1722.493167 -1544.155599 -2238.502120 -2074.834878 -1975.473041 -1931.913250 -1926.228398 -1925.651284 -1925.710116 -1925.859144 -1926.018937 -1926.172376 -1926.314393 -1926.445854 -1926.595802 -1927.049579 -1930.250913 -1952.444219 -2004.163341 -2066.841187 -1421.515576 -1686.311416 -1706.477555 -1704.633477 -1703.600618 -1703.364600 -1703.322421 -1703.315966 -1703.315489 -1703.315925 -1703.316412 -1703.316815 -1703.317130 -1703.317377 -1703.317573 -1703.317733 -1703.317866 -1703.317981 -1703.318086 -1703.318192 -1703.318308 -1703.318450 -1703.318642 -1703.318918 -1703.319332 -1703.319975 -1703.320996 -1703.322651 -1703.325398 -1703.330076 -1703.338273 -1703.353087 -1703.380696 -1703.433696 -1703.538625 -1703.754337 -1704.220779 -1705.297434 -1707.991624 -1715.495366 -1739.762083 -9999.0 -9999.0
-9999.0 -9999.0 573.075661 475.086089 376.560560 277.737006 178.781278 79.769826 -19.257693 -118.280300 -217.288406 -316.261590 -415.161908 -513.908334 -612.375957 -710.416272 -808.631553 -906.618827 -1004.334346 -1101.725048 -1195.798253 -1285.763648 -1369.009884 -1442.941080 -1505.784364 -1556.987625 -1597.142591 -1627.614191 -1650.111169 -1666.351085 -1677.863228 -1685.906698 -1691.463080 -1695.267893 -1697.856761 -1699.614024 -1700.823997 -1701.757180 -1702.937902 -1705.954956 -1714.172478 -1722.493167 -1544.155599 -2238.502120 -2074.834877 -1975.473040 -1931.913250 -1926.228398 -1925.651284 -1925.710116 -1925.859144 -1926.018937 -1926.172376 -1926.314393 -1926.445854 -1926.595802 -1927.049579 -1930.250913 -1952.444219 -2004.163341 -2066.841187 -1421.515576 -1686.311416 -1706.477555 -1704.633477 -1703.600618 -1703.364600 -1703.322421 -1703.315966 -1703.315489 -1703.315925 -1703.316412 -1703.316815 -1703.317130 -1703.317377 -1703.317573 -1703.317733 -1703.317866 -1703.317981 -1703.318086 -1703.318192 -1703.318308 -1703.318450 -1703.318642 -1703.318918 -1703.319332 -1703.319975 -1703.320996 -1703.322651 -1703.325398 -1703.330076 -1703.338273 -1703.353087 -1703.380696 -1703.433696 -1703.538625 -1703.754337 -1704.220779 -1705.297434 -1707.991624 -1715.495366 -1739.762083 -9999.0 -9999.0
-9999.0 -9999.0 573.075661 475.086089 376.560560 277.737005 178.781278 79.769826 -19.257693 -118.280300 -217.288406 -316.261590 -415.161908 -513.908334 -612.375957 -710.416272 -808.631553 -906.618827 -1004.334346 -1101.725048 -1195.798253 -1285.763648 -1369.009884 -1442.941080 -1505.784364 -1556.987625 -1597.142591 -1627.614191 -1650.111169 -1666.351085 -1677.863228 -1685.906698 -1691.463080 -1695.267893 -1697.856761 -1699.614024 -1700.823997 -1701.757180 -1702.937902 -1705.954956 -1714.172478 -1722.493167 -1544.155599 -2238.502120 -2074.834877 -1975.473040 -1931.913250 -1926.228398 -1925.651284 -1925.710116 -1925.859144 -1926.018937 -1926.172376 -1926.314393 -1926.445854 -1926.595802 -1927.049579 -1930.250913 -1952.444219 -2004.163341 -2066.841187 -1421.515576 -1686.311416 -1706.477555 -1704.633477 -1703.600618 -1703.364600 -1703.322421 -1703.315966 -1703.315489 -1703.315925 -1703.316412 -1703.316815 -1703.317130 -1703.317377 -1703.317573 -1703.317733 -1703.317866 -1703.317981 -1703.318086 -1703.318192 -1703.318308 -1703.318450 -1703.318642 -1703.318918 -1703.319332 -1703.319975 -1703.320996 -1703.322651 -1703.325398 -1703.330076 -1703.338273 -1703.353087 -1703.380696 -1703.433696 -1703.538625 -1703.754337 -1704.220779 -1705.297434 -1707.991624 -1715.495366 -1739.762083 -9999.0 -9999.0
-9999.0 -9999.0 573.074287 475.085371 376.560269 277.736898 178.781240 79.769812 -19.257698 -118.280302 -217.288407 -316.261590 -415.161909 -513.908334 -612.375957 -710.416272 -808.631553 -906.618826 -1004.334346 -1101.725048 -1195.798253 -1285.763648 -1369.009884 -1442.941080 -1505.784364 -1556.987625 -1597.142591 -1627.614191 -1650.111169 -1666.351085 -1677.863228 -1685.906698 -1691.463080 -1695.267893 -1697.856761 -1699.614024 -1700.823997 -1701.757180 -1702.937902 -1705.954956 -1714.172478 -1722.493167 -1544.155599 -2238.502120 -2074.834878 -1975.473041 -1931.913250 -1926.228398 -1925.651284 -1925.710116 -1925.859144 -1926.018937 -1926.172376 -1926.314393 -1926.445854 -1926.595802 -1927.049579 -1930.250913 -1952.444219 -2004.163341 -2066.841187 -1421.515576 -1686.311416 -1706.477555 -1704.633477 -1703.600618 -1703.364600 -1703.322421 -1703.315966 -1703.315489 -1703.315925 -1703.316412 -1703.316815 -1703.317130 -1703.317377 -1703.317573 -1703.317733 -1703.317866 -1703.317981 -1703.318086 -1703.318192 -1703.318308 -1703.318450 -1703.318642 -1703.318918 -1703.319332 -1703.319975 -1703.320996 -1703.322651 -1703.325398 -1703.330076 -1703.338273 -1703.353087 -1703.380696 -1703.433696 -1703.538625 -1703.754337 -1704.220779 -1705.297434 -1707.991624 -1715.495366 -1739.762083 -9999.0 -9999.0
-9999.0 -9999.0 573.069170 475.083832 376.559825 277.736762 178.781195 79.769796 -19.257704 -118.280304 -217.288408 -316.261591 -415.161909 -513.908334 -612.375957 -710.416272 -808.631552 -906.618826 -1004.334346 -1101.725048 -1195.798253 -1285.763648 -1369.009884 -1442.941080 -1505.784364 -1556.987625 -1597.142591 -1627.614191 -1650.111169 -1666.351085 -1677.863228 -1685.906698 -1691.463080 -1695.267893 -1697.856761 -1699.614024 -1700.823997 -1701.757180 -1702.937902 -1705.954956 -1714.172478 -1722.493167 -1544.155599 -2238.502121 -2074.834879 -1975.473044 -1931.913250 -1926.228398 -1925.651284 -1925.710116 -1925.859144 -1926.018937 -1926.172376 -1926.314393 -1926.445854 -1926.595802 -1927.049579 -1930.250913 -1952.444219 -2004.163341 -2066.841187 -1421.515576 -1686.311416 -1706.477555 -1704.633477 -1703.600618 -1703.364600 -1703.322421 -1703.315966 -1703.315489 -1703.315925 -1703.316412 -1703.316815 -1703.317130 -1703.317377 -1703.317573 -1703.317733 -1703.317866 -1703.317981 -1703.318086 -1703.318192 -1703.318308 -1703.318450 -1703.318642 -1703.318918 -1703.319332 -1703.319975 -1703.320996 -1703.322651 -1703.325398 -1703.330076 -1703.338273 -1703.353087 -1703.380696 -1703.433696 -1703.538625 -1703.754337 -1704.220779 -1705.297434 -1707.991624 -1715.495366 -1739.762083 -9999.0 -9999.0
-9999.0 -9999.0 -9999.0 -9999.0 -9999.0 -9999.0 -9999.0 -9999.0 -9999.0 -9999.0 -9999.0 -9999.0 -9999.0 -9999.0 -9999.0 -9999.0 -9999.0 -9999.0 -9999.0 -9999.0 -9999.0 -9999.0 -9999.0 -9999.0 -9999.0 -9999.0 -9999.0 -9999.0 -9999.0 -9999.0 -9999.0 -9999.0 -9999.0 -9999.0 -9999.0 -9999.0 -9999.0 -9999.0 -9999.0 -9999.0 -9999.0 -9999.0 -9999.0 -9999.0 -9999.0 -9999.0 -9999.0 -9999.0 -9999.0 -9999.0 -9999.0 -9999.0 -9999.0 -9999.0 -9999.0 -9999.0 -9999.0 -9999.0 -9999.0 -9999.0 -9999.0 -9999.0 -9999.0 -9999.0 -9999.0 -9999.0 -9999.0 -9999.0 -9999.0 -9999.0 -9999.0 -9999.0 -9999.0 -9999.0 -9999.0 -9999.0 -9999.0 -9999.0 -9999.0 -9999.0 -9999.0 -9999.0 -9999.0 -9999.0 -9999.0 -9999.0 -9999.0 -9999.0 -9999.0 -9999.0 -9999.0 -9999.0 -9999.0 -9999.0 -9999.0 -9999.0 -9999.0 -9999.0 -9999.0 -9999.0 -9999.0 -9999.0 -9999.0 -9999.0
-9999.0 -9999.0 -9999.0 -9999.0 -9999.0 -9999.0 -9999.0 -9999.0 -9999.0 -9999.0 -9999.0 -9999.0 -9999.0 -9999.0 -9999.0 -9999.0 -9999.0 -9999.0 -9999.0 -9999.0 -9999.0 -9999.0 -9999.0 -9999.0 -9999.0 -9999.0 -9999.0 -9999.0 -9999.0 -9999.0 -9999.0 -9999.0 -9999.0 -9999.0 -9999.0 -9999.0 -9999.0 -9999.0 -9999.0 -9999.0 -9999.0 -9999.0 -9999.0 -9999.0 -9999.0 -9999.0 -9999.0 -9999.0 -9999.0 -9999.0 -9999.0 -9999.0 -9999.0 -9999.0 -9999.0 -9999.0 -9999.0 -9999.0 -9999.0 -9999.0 -9999.0 -9999.0 -9999.0 -9999.0 -9999.0 -9999.0 -9999.0 -9999.0 -9999.0 -9999.0 -9999.0 -9999.0 -9999.0 -9999.0 -9999.0 -9999.0 -9999.0 -9999.0 -9999.0 -9999.0 -9999.0 -9999.0 -9999.0 -9999.0 -9999.0 -9999.0 -9999.0 -9999.0 -9999.0 -9999.0 -9999.0 -9999.0 -9999.0 -9999.0 -9999.0 -9999.0 -9999.0 -9999.0 -9999.0 -9999.0 -9999.0 -9999.0 -9999.0 -9999.0