inst/processing_geotop_simulation/geotop_simulation/out/maps3D/PwL0017N0452.asc
ncols         104
nrows         10
xllcorner     -2.000000
yllcorner     0.000000
cellsize      1.000000
NODATA_value  -9999.0
-9999.0 -9999.0 -9999.0 -9999.0 -9999.0 -9999.0 -9999.0 -9999.0 -9999.0 -9999.0 -9999.0 -9999.0 -9999.0 -9999.0 -9999.0 -9999.0 -9999.0 -9999.0 -9999.0 -9999.0 -9999.0 -9999.0 -9999.0 -9999.0 -9999.0 -9999.0 -9999.0 -9999.0 -9999.0 -9999.0 -9999.0 -9999.0 -9999.0 -9999.0 -9999.0 -9999.0 -9999.0 -9999.0 -9999.0 -9999.0 -9999.0 -9999.0 -9999.0 -9999.0 -9999.0 -9999.0 -9999.0 -9999.0 -9999.0 -9999.0 -9999.0 -9999.0 -9999.0 -9999.0 -9999.0 -9999.0 -9999.0 -9999.0 -9999.0 -9999.0 -9999.0 -9999.0 -9999.0 -9999.0 -9999.0 -9999.0 -9999.0 -9999.0 -9999.0 -9999.0 -9999.0 -9999.0 -9999.0 -9999.0 -9999.0 -9999.0 -9999.0 -9999.0 -9999.0 -9999.0 -9999.0 -9999.0 -9999.0 -9999.0 -9999.0 -9999.0 -9999.0 -9999.0 -9999.0 -9999.0 -9999.0 -9999.0 -9999.0 -9999.0 -9999.0 -9999.0 -9999.0 -9999.0 -9999.0 -9999.0 -9999.0 -9999.0 -9999.0 -9999.0
-9999.0 -9999.0 -9999.0 -9999.0 -9999.0 -9999.0 -9999.0 -9999.0 -9999.0 -9999.0 -9999.0 -9999.0 -9999.0 -9999.0 -9999.0 -9999.0 -9999.0 -9999.0 -9999.0 -9999.0 -9999.0 -9999.0 -9999.0 -9999.0 -9999.0 -9999.0 -9999.0 -9999.0 -9999.0 -9999.0 -9999.0 -9999.0 -9999.0 -9999.0 -9999.0 -9999.0 -9999.0 -9999.0 -9999.0 -9999.0 -9999.0 -9999.0 -9999.0 -9999.0 -9999.0 -9999.0 -9999.0 -9999.0 -9999.0 -9999.0 -9999.0 -9999.0 -9999.0 -9999.0 -9999.0 -9999.0 -9999.0 -9999.0 -9999.0 -9999.0 -9999.0 -9999.0 -9999.0 -9999.0 -9999.0 -9999.0 -9999.0 -9999.0 -9999.0 -9999.0 -9999.0 -9999.0 -9999.0 -9999.0 -9999.0 -9999.0 -9999.0 -9999.0 -9999.0 -9999.0 -9999.0 -9999.0 -9999.0 -9999.0 -9999.0 -9999.0 -9999.0 -9999.0 -9999.0 -9999.0 -9999.0 -9999.0 -9999.0 -9999.0 -9999.0 -9999.0 -9999.0 -9999.0 -9999.0 -9999.0 -9999.0 -9999.0 -9999.0 -9999.0
-9999.0 -9999.0 819.373448 720.290740 621.076020 521.735676 422.332002 322.900789 223.460847 124.022234 24.590898 -74.827374 -174.231981 -273.617392 -372.969237 -472.264141 -571.459369 -670.482133 -769.397700 -868.295853 -966.996375 -1065.379489 -1162.216366 -1255.232811 -1343.037193 -1423.517088 -1494.846646 -1555.850488 -1606.200445 -1646.388944 -1677.519837 -1701.022334 -1718.390840 -1731.006053 -1740.044148 -1746.455571 -1750.997020 -1754.336884 -1757.341017 -1761.608566 -1768.785865 -1774.389157 -1936.938034 -4041.193753 -4133.633788 -4133.629182 -4133.609437 -4133.598696 -4133.567060 -4133.475241 -4133.246631 -4132.648120 -4131.732794 -4130.612172 -4128.843063 -4125.603202 -4119.004614 -4104.647460 -4072.763463 -4003.796362 -3685.473298 -1695.596198 -1730.577510 -1760.945724 -1762.206207 -1761.460638 -1761.195086 -1761.135664 -1761.124963 -1761.123622 -1761.123872 -1761.124322 -1761.124740 -1761.125102 -1761.125415 -1761.125694 -1761.125949 -1761.126187 -1761.126417 -1761.126644 -1761.126877 -1761.127124 -1761.127399 -1761.127721 -1761.128118 -1761.128635 -1761.129348 -1761.130381 -1761.131949 -1761.134442 -1761.138578 -1761.145734 -1761.158627 -1761.182752 -1761.229612 -1761.324383 -1761.525577 -1761.978776 -1763.072841 -1765.933965 -1774.153144 -1800.458960 -9999.0 -9999.0
-9999.0 -9999.0 819.376681 720.291889 621.076382 521.735791 422.332041 322.900803 223.460852 124.022236 24.590900 -74.827373 -174.231981 -273.617392 -372.969237 -472.264141 -571.459369 -670.482134 -769.397701 -868.295854 -966.996375 -1065.379489 -1162.216366 -1255.232812 -1343.037193 -1423.517089 -1494.846647 -1555.850488 -1606.200445 -1646.388944 -1677.519837 -1701.022334 -1718.390839 -1731.006053 -1740.044148 -1746.455571 -1750.997020 -1754.336884 -1757.341017 -1761.608566 -1768.785865 -1774.389157 -1936.938034 -4041.193753 -4133.633788 -4133.629182 -4133.609437 -4133.598696 -4133.567060 -4133.475241 -4133.246631 -4132.648120 -4131.732794 -4130.612172 -4128.843063 -4125.603202 -4119.004614 -4104.647460 -4072.763463 -4003.796362 -3685.473298 -1695.596198 -1730.577510 -1760.945724 -1762.206207 -1761.460638 -1761.195085 -1761.135664 -1761.124963 -1761.123622 -1761.123872 -1761.124322 -1761.124740 -1761.125101 -1761.125415 -1761.125694 -1761.125949 -1761.126187 -1761.126417 -1761.126644 -1761.126877 -1761.127124 -1761.127399 -1761.127721 -1761.128118 -1761.128635 -1761.129348 -1761.130381 -1761.131949 -1761.134442 -1761.138578 -1761.145734 -1761.158627 -1761.182752 -1761.229612 -1761.324383 -1761.525577 -1761.978776 -1763.072841 -1765.933964 -1774.153144 -1800.458960 -9999.0 -9999.0
-9999.0 -9999.0 819.377797 720.292479 621.076627 521.735884 422.332075 322.900815 223.460857 124.022238 24.590900 -74.827373 -174.231981 -273.617392 -372.969237 -472.264141 -571.459369 -670.482134 -769.397701 -868.295854 -966.996376 -1065.379490 -1162.216366 -1255.232812 -1343.037194 -1423.517089 -1494.846647 -1555.850488 -1606.200445 -1646.388944 -1677.519837 -1701.022334 -1718.390840 -1731.006053 -1740.044148 -1746.455571 -1750.997020 -1754.336884 -1757.341017 -1761.608566 -1768.785865 -1774.389157 -1936.938034 -4041.193753 -4133.633788 -4133.629182 -4133.609437 -4133.598696 -4133.567060 -4133.475241 -4133.246631 -4132.648120 -4131.732794 -4130.612172 -4128.843063 -4125.603202 -4119.004614 -4104.647460 -4072.763463 -4003.796362 -3685.473298 -1695.596198 -1730.577510 -1760.945724 -1762.206207 -1761.460638 -1761.195085 -1761.135664 -1761.124963 -1761.123622 -1761.123872 -1761.124322 -1761.124740 -1761.125101 -1761.125415 -1761.125694 -1761.125949 -1761.126187 -1761.126417 -1761.126644 -1761.126877 -1761.127124 -1761.127399 -1761.127721 -1761.128118 -1761.128635 -1761.129348 -1761.130381 -1761.131949 -1761.134442 -1761.138578 -1761.145734 -1761.158627 -1761.182752 -1761.229612 -1761.324383 -1761.525577 -1761.978776 -1763.072841 -1765.933964 -1774.153144 -1800.458960 -9999.0 -9999.0
-9999.0 -9999.0 819.377797 720.292479 621.076627 521.735884 422.332075 322.900815 223.460857 124.022238 24.590900 -74.827373 -174.231981 -273.617392 -372.969237 -472.264141 -571.459369 -670.482134 -769.397701 -868.295854 -966.996376 -1065.379490 -1162.216366 -1255.232812 -1343.037194 -1423.517089 -1494.846647 -1555.850488 -1606.200445 -1646.388944 -1677.519837 -1701.022334 -1718.390840 -1731.006053 -1740.044148 -1746.455571 -1750.997020 -1754.336884 -1757.341017 -1761.608566 -1768.785865 -1774.389157 -1936.938034 -4041.193753 -4133.633788 -4133.629182 -4133.609437 -4133.598696 -4133.567060 -4133.475241 -4133.246631 -4132.648120 -4131.732794 -4130.612172 -4128.843063 -4125.603202 -4119.004614 -4104.647460 -4072.763463 -4003.796362 -3685.473298 -1695.596198 -1730.577510 -1760.945724 -1762.206207 -1761.460638 -1761.195085 -1761.135664 -1761.124963 -1761.123622 -1761.123872 -1761.124322 -1761.124740 -1761.125101 -1761.125415 -1761.125694 -1761.125949 -1761.126187 -1761.126417 -1761.126644 -1761.126877 -1761.127124 -1761.127399 -1761.127721 -1761.128118 -1761.128635 -1761.129348 -1761.130381 -1761.131949 -1761.134442 -1761.138578 -1761.145734 -1761.158627 -1761.182752 -1761.229612 -1761.324383 -1761.525577 -1761.978776 -1763.072841 -1765.933964 -1774.153144 -1800.458960 -9999.0 -9999.0
-9999.0 -9999.0 819.376681 720.291889 621.076382 521.735791 422.332041 322.900803 223.460852 124.022236 24.590899 -74.827373 -174.231981 -273.617392 -372.969237 -472.264141 -571.459369 -670.482134 -769.397701 -868.295853 -966.996375 -1065.379489 -1162.216366 -1255.232812 -1343.037193 -1423.517089 -1494.846647 -1555.850488 -1606.200445 -1646.388944 -1677.519837 -1701.022334 -1718.390839 -1731.006053 -1740.044148 -1746.455571 -1750.997020 -1754.336884 -1757.341017 -1761.608566 -1768.785865 -1774.389157 -1936.938034 -4041.193753 -4133.633788 -4133.629182 -4133.609437 -4133.598696 -4133.567060 -4133.475241 -4133.246631 -4132.648120 -4131.732794 -4130.612172 -4128.843063 -4125.603202 -4119.004614 -4104.647460 -4072.763463 -4003.796362 -3685.473299 -1695.596198 -1730.577510 -1760.945724 -1762.206207 -1761.460638 -1761.195085 -1761.135664 -1761.124963 -1761.123622 -1761.123872 -1761.124322 -1761.124740 -1761.125101 -1761.125415 -1761.125694 -1761.125949 -1761.126187 -1761.126417 -1761.126644 -1761.126877 -1761.127124 -1761.127399 -1761.127721 -1761.128118 -1761.128635 -1761.129348 -1761.130381 -1761.131949 -1761.134442 -1761.138578 -1761.145734 -1761.158627 -1761.182752 -1761.229612 -1761.324383 -1761.525577 -1761.978776 -1763.072841 -1765.933964 -1774.153144 -1800.458960 -9999.0 -9999.0
-9999.0 -9999.0 819.373448 720.290740 621.076020 521.735676 422.332002 322.900789 223.460847 124.022234 24.590898 -74.827374 -174.231981 -273.617392 -372.969237 -472.264141 -571.459369 -670.482133 -769.397700 -868.295853 -966.996375 -1065.379489 -1162.216366 -1255.232811 -1343.037193 -1423.517088 -1494.846646 -1555.850488 -1606.200445 -1646.388944 -1677.519837 -1701.022334 -1718.390840 -1731.006053 -1740.044148 -1746.455571 -1750.997020 -1754.336884 -1757.341017 -1761.608566 -1768.785865 -1774.389157 -1936.938034 -4041.193753 -4133.633788 -4133.629182 -4133.609437 -4133.598696 -4133.567060 -4133.475241 -4133.246631 -4132.648120 -4131.732794 -4130.612172 -4128.843063 -4125.603202 -4119.004614 -4104.647460 -4072.763463 -4003.796362 -3685.473299 -1695.596198 -1730.577510 -1760.945724 -1762.206207 -1761.460638 -1761.195086 -1761.135664 -1761.124963 -1761.123622 -1761.123872 -1761.124322 -1761.124740 -1761.125102 -1761.125415 -1761.125694 -1761.125949 -1761.126187 -1761.126417 -1761.126644 -1761.126877 -1761.127124 -1761.127399 -1761.127721 -1761.128118 -1761.128635 -1761.129348 -1761.130381 -1761.131949 -1761.134442 -1761.138578 -1761.145734 -1761.158627 -1761.182752 -1761.229612 -1761.324383 -1761.525577 -1761.978776 -1763.072841 -1765.933965 -1774.153144 -1800.458960 -9999.0 -9999.0
-9999.0 -9999.0 -9999.0 -9999.0 -9999.0 -9999.0 -9999.0 -9999.0 -9999.0 -9999.0 -9999.0 -9999.0 -9999.0 -9999.0 -9999.0 -9999.0 -9999.0 -9999.0 -9999.0 -9999.0 -9999.0 -9999.0 -9999.0 -9999.0 -9999.0 -9999.0 -9999.0 -9999.0 -9999.0 -9999.0 -9999.0 -9999.0 -9999.0 -9999.0 -9999.0 -9999.0 -9999.0 -9999.0 -9999.0 -9999.0 -9999.0 -9999.0 -9999.0 -9999.0 -9999.0 -9999.0 -9999.0 -9999.0 -9999.0 -9999.0 -9999.0 -9999.0 -9999.0 -9999.0 -9999.0 -9999.0 -9999.0 -9999.0 -9999.0 -9999.0 -9999.0 -9999.0 -9999.0 -9999.0 -9999.0 -9999.0 -9999.0 -9999.0 -9999.0 -9999.0 -9999.0 -9999.0 -9999.0 -9999.0 -9999.0 -9999.0 -9999.0 -9999.0 -9999.0 -9999.0 -9999.0 -9999.0 -9999.0 -9999.0 -9999.0 -9999.0 -9999.0 -9999.0 -9999.0 -9999.0 -9999.0 -9999.0 -9999.0 -9999.0 -9999.0 -9999.0 -9999.0 -9999.0 -9999.0 -9999.0 -9999.0 -9999.0 -9999.0 -9999.0
-9999.0 -9999.0 -9999.0 -9999.0 -9999.0 -9999.0 -9999.0 -9999.0 -9999.0 -9999.0 -9999.0 -9999.0 -9999.0 -9999.0 -9999.0 -9999.0 -9999.0 -9999.0 -9999.0 -9999.0 -9999.0 -9999.0 -9999.0 -9999.0 -9999.0 -9999.0 -9999.0 -9999.0 -9999.0 -9999.0 -9999.0 -9999.0 -9999.0 -9999.0 -9999.0 -9999.0 -9999.0 -9999.0 -9999.0 -9999.0 -9999.0 -9999.0 -9999.0 -9999.0 -9999.0 -9999.0 -9999.0 -9999.0 -9999.0 -9999.0 -9999.0 -9999.0 -9999.0 -9999.0 -9999.0 -9999.0 -9999.0 -9999.0 -9999.0 -9999.0 -9999.0 -9999.0 -9999.0 -9999.0 -9999.0 -9999.0 -9999.0 -9999.0 -9999.0 -9999.0 -9999.0 -9999.0 -9999.0 -9999.0 -9999.0 -9999.0 -9999.0 -9999.0 -9999.0 -9999.0 -9999.0 -9999.0 -9999.0 -9999.0 -9999.0 -9999.0 -9999.0 -9999.0 -9999.0 -9999.0 -9999.0 -9999.0 -9999.0 -9999.0 -9999.0 -9999.0 -9999.0 -9999.0 -9999.0 -9999.0 -9999.0 -9999.0 -9999.0 -9999.0