inst/processing_geotop_simulation/geotop_simulation/out/maps3D/PwL0020N0381.asc
ncols         104
nrows         10
xllcorner     -2.000000
yllcorner     0.000000
cellsize      1.000000
NODATA_value  -9999.0
-9999.0 -9999.0 -9999.0 -9999.0 -9999.0 -9999.0 -9999.0 -9999.0 -9999.0 -9999.0 -9999.0 -9999.0 -9999.0 -9999.0 -9999.0 -9999.0 -9999.0 -9999.0 -9999.0 -9999.0 -9999.0 -9999.0 -9999.0 -9999.0 -9999.0 -9999.0 -9999.0 -9999.0 -9999.0 -9999.0 -9999.0 -9999.0 -9999.0 -9999.0 -9999.0 -9999.0 -9999.0 -9999.0 -9999.0 -9999.0 -9999.0 -9999.0 -9999.0 -9999.0 -9999.0 -9999.0 -9999.0 -9999.0 -9999.0 -9999.0 -9999.0 -9999.0 -9999.0 -9999.0 -9999.0 -9999.0 -9999.0 -9999.0 -9999.0 -9999.0 -9999.0 -9999.0 -9999.0 -9999.0 -9999.0 -9999.0 -9999.0 -9999.0 -9999.0 -9999.0 -9999.0 -9999.0 -9999.0 -9999.0 -9999.0 -9999.0 -9999.0 -9999.0 -9999.0 -9999.0 -9999.0 -9999.0 -9999.0 -9999.0 -9999.0 -9999.0 -9999.0 -9999.0 -9999.0 -9999.0 -9999.0 -9999.0 -9999.0 -9999.0 -9999.0 -9999.0 -9999.0 -9999.0 -9999.0 -9999.0 -9999.0 -9999.0 -9999.0 -9999.0
-9999.0 -9999.0 -9999.0 -9999.0 -9999.0 -9999.0 -9999.0 -9999.0 -9999.0 -9999.0 -9999.0 -9999.0 -9999.0 -9999.0 -9999.0 -9999.0 -9999.0 -9999.0 -9999.0 -9999.0 -9999.0 -9999.0 -9999.0 -9999.0 -9999.0 -9999.0 -9999.0 -9999.0 -9999.0 -9999.0 -9999.0 -9999.0 -9999.0 -9999.0 -9999.0 -9999.0 -9999.0 -9999.0 -9999.0 -9999.0 -9999.0 -9999.0 -9999.0 -9999.0 -9999.0 -9999.0 -9999.0 -9999.0 -9999.0 -9999.0 -9999.0 -9999.0 -9999.0 -9999.0 -9999.0 -9999.0 -9999.0 -9999.0 -9999.0 -9999.0 -9999.0 -9999.0 -9999.0 -9999.0 -9999.0 -9999.0 -9999.0 -9999.0 -9999.0 -9999.0 -9999.0 -9999.0 -9999.0 -9999.0 -9999.0 -9999.0 -9999.0 -9999.0 -9999.0 -9999.0 -9999.0 -9999.0 -9999.0 -9999.0 -9999.0 -9999.0 -9999.0 -9999.0 -9999.0 -9999.0 -9999.0 -9999.0 -9999.0 -9999.0 -9999.0 -9999.0 -9999.0 -9999.0 -9999.0 -9999.0 -9999.0 -9999.0 -9999.0 -9999.0
-9999.0 -9999.0 968.970203 870.033804 771.022096 671.879862 572.665225 473.418271 374.161408 274.906967 175.661867 76.430112 -22.783578 -121.976116 -221.144422 -320.270608 -419.321130 -518.232081 -616.887509 -715.086333 -813.405503 -911.350516 -1008.730086 -1105.280987 -1194.637927 -1277.189237 -1350.972914 -1414.573433 -1467.397129 -1509.729387 -1542.568882 -1567.336742 -1585.583384 -1598.772795 -1608.165031 -1614.780899 -1619.428581 -1622.810187 -1625.847223 -1630.561163 -1641.626893 -1670.080606 -1788.775497 -3605.759590 -3984.233476 -3984.145106 -3963.398292 -3831.173993 -3573.345851 -3297.112330 -3059.510416 -2850.729326 -2724.273685 -2643.364686 -2568.710891 -2490.852165 -2406.987288 -2318.390886 -2228.553716 -2140.081810 -2032.896492 -1541.805759 -1626.144438 -1633.440964 -1631.125424 -1629.974758 -1629.681781 -1629.623976 -1629.614319 -1629.613265 -1629.613604 -1629.614095 -1629.614536 -1629.614909 -1629.615227 -1629.615504 -1629.615752 -1629.615980 -1629.616196 -1629.616408 -1629.616624 -1629.616854 -1629.617112 -1629.617420 -1629.617808 -1629.618326 -1629.619056 -1629.620134 -1629.621795 -1629.624462 -1629.628914 -1629.636641 -1629.650570 -1629.676612 -1629.727076 -1629.828759 -1630.043546 -1630.524216 -1631.673057 -1634.627500 -1642.929237 -1669.072061 -9999.0 -9999.0
-9999.0 -9999.0 968.972941 870.034862 771.022446 671.879977 572.665264 473.418285 374.161413 274.906970 175.661868 76.430113 -22.783578 -121.976116 -221.144422 -320.270609 -419.321130 -518.232081 -616.887510 -715.086333 -813.405503 -911.350516 -1008.730086 -1105.280987 -1194.637927 -1277.189237 -1350.972914 -1414.573433 -1467.397129 -1509.729388 -1542.568882 -1567.336742 -1585.583384 -1598.772795 -1608.165031 -1614.780899 -1619.428581 -1622.810187 -1625.847223 -1630.561163 -1641.626893 -1670.080606 -1788.775496 -3605.759589 -3984.233476 -3984.145106 -3963.398292 -3831.173992 -3573.345850 -3297.112328 -3059.510412 -2850.729325 -2724.273684 -2643.364686 -2568.710890 -2490.852165 -2406.987288 -2318.390886 -2228.553715 -2140.081810 -2032.896492 -1541.805759 -1626.144438 -1633.440964 -1631.125424 -1629.974758 -1629.681781 -1629.623976 -1629.614319 -1629.613264 -1629.613604 -1629.614095 -1629.614536 -1629.614909 -1629.615227 -1629.615504 -1629.615752 -1629.615980 -1629.616196 -1629.616408 -1629.616624 -1629.616854 -1629.617112 -1629.617420 -1629.617808 -1629.618326 -1629.619056 -1629.620134 -1629.621795 -1629.624462 -1629.628914 -1629.636641 -1629.650570 -1629.676611 -1629.727076 -1629.828759 -1630.043546 -1630.524216 -1631.673057 -1634.627500 -1642.929237 -1669.072061 -9999.0 -9999.0
-9999.0 -9999.0 968.974008 870.035437 771.022689 671.880071 572.665299 473.418298 374.161418 274.906972 175.661869 76.430113 -22.783578 -121.976116 -221.144423 -320.270609 -419.321131 -518.232081 -616.887510 -715.086333 -813.405504 -911.350516 -1008.730086 -1105.280987 -1194.637927 -1277.189237 -1350.972914 -1414.573433 -1467.397129 -1509.729388 -1542.568882 -1567.336742 -1585.583384 -1598.772795 -1608.165031 -1614.780899 -1619.428581 -1622.810187 -1625.847223 -1630.561163 -1641.626893 -1670.080606 -1788.775496 -3605.759589 -3984.233476 -3984.145106 -3963.398292 -3831.173992 -3573.345850 -3297.112326 -3059.510411 -2850.729325 -2724.273684 -2643.364685 -2568.710890 -2490.852165 -2406.987288 -2318.390886 -2228.553715 -2140.081810 -2032.896492 -1541.805759 -1626.144438 -1633.440964 -1631.125424 -1629.974758 -1629.681781 -1629.623976 -1629.614319 -1629.613264 -1629.613604 -1629.614095 -1629.614536 -1629.614909 -1629.615227 -1629.615504 -1629.615752 -1629.615980 -1629.616196 -1629.616408 -1629.616624 -1629.616854 -1629.617112 -1629.617420 -1629.617808 -1629.618326 -1629.619056 -1629.620134 -1629.621795 -1629.624462 -1629.628914 -1629.636641 -1629.650570 -1629.676611 -1629.727076 -1629.828759 -1630.043546 -1630.524216 -1631.673057 -1634.627500 -1642.929237 -1669.072061 -9999.0 -9999.0
-9999.0 -9999.0 968.974008 870.035437 771.022689 671.880071 572.665299 473.418298 374.161418 274.906971 175.661869 76.430113 -22.783578 -121.976116 -221.144422 -320.270609 -419.321130 -518.232081 -616.887510 -715.086333 -813.405504 -911.350516 -1008.730086 -1105.280987 -1194.637927 -1277.189237 -1350.972914 -1414.573433 -1467.397129 -1509.729388 -1542.568882 -1567.336742 -1585.583384 -1598.772795 -1608.165031 -1614.780899 -1619.428581 -1622.810187 -1625.847223 -1630.561163 -1641.626893 -1670.080606 -1788.775496 -3605.759589 -3984.233476 -3984.145106 -3963.398292 -3831.173992 -3573.345850 -3297.112327 -3059.510411 -2850.729325 -2724.273684 -2643.364685 -2568.710890 -2490.852165 -2406.987287 -2318.390886 -2228.553715 -2140.081810 -2032.896492 -1541.805759 -1626.144438 -1633.440964 -1631.125424 -1629.974758 -1629.681781 -1629.623976 -1629.614319 -1629.613264 -1629.613604 -1629.614095 -1629.614536 -1629.614909 -1629.615227 -1629.615504 -1629.615752 -1629.615980 -1629.616196 -1629.616408 -1629.616624 -1629.616854 -1629.617112 -1629.617420 -1629.617808 -1629.618326 -1629.619056 -1629.620134 -1629.621795 -1629.624462 -1629.628914 -1629.636641 -1629.650570 -1629.676611 -1629.727076 -1629.828759 -1630.043546 -1630.524216 -1631.673057 -1634.627500 -1642.929237 -1669.072061 -9999.0 -9999.0
-9999.0 -9999.0 968.972941 870.034862 771.022446 671.879977 572.665264 473.418285 374.161413 274.906970 175.661868 76.430113 -22.783578 -121.976116 -221.144423 -320.270609 -419.321130 -518.232081 -616.887510 -715.086333 -813.405504 -911.350516 -1008.730086 -1105.280987 -1194.637927 -1277.189237 -1350.972914 -1414.573433 -1467.397129 -1509.729388 -1542.568882 -1567.336742 -1585.583384 -1598.772795 -1608.165031 -1614.780899 -1619.428581 -1622.810187 -1625.847223 -1630.561163 -1641.626893 -1670.080606 -1788.775496 -3605.759589 -3984.233476 -3984.145106 -3963.398292 -3831.173992 -3573.345850 -3297.112327 -3059.510412 -2850.729325 -2724.273684 -2643.364685 -2568.710890 -2490.852165 -2406.987288 -2318.390886 -2228.553716 -2140.081810 -2032.896492 -1541.805759 -1626.144438 -1633.440964 -1631.125424 -1629.974758 -1629.681781 -1629.623976 -1629.614319 -1629.613264 -1629.613604 -1629.614095 -1629.614536 -1629.614909 -1629.615227 -1629.615504 -1629.615752 -1629.615980 -1629.616196 -1629.616408 -1629.616624 -1629.616854 -1629.617112 -1629.617420 -1629.617808 -1629.618326 -1629.619056 -1629.620134 -1629.621795 -1629.624462 -1629.628914 -1629.636641 -1629.650570 -1629.676611 -1629.727076 -1629.828759 -1630.043546 -1630.524216 -1631.673057 -1634.627500 -1642.929237 -1669.072061 -9999.0 -9999.0
-9999.0 -9999.0 968.970203 870.033804 771.022096 671.879862 572.665225 473.418271 374.161408 274.906967 175.661867 76.430112 -22.783578 -121.976117 -221.144422 -320.270609 -419.321130 -518.232081 -616.887509 -715.086333 -813.405503 -911.350516 -1008.730086 -1105.280987 -1194.637927 -1277.189237 -1350.972914 -1414.573433 -1467.397129 -1509.729387 -1542.568882 -1567.336742 -1585.583384 -1598.772795 -1608.165031 -1614.780899 -1619.428581 -1622.810187 -1625.847223 -1630.561163 -1641.626893 -1670.080606 -1788.775497 -3605.759590 -3984.233476 -3984.145106 -3963.398292 -3831.173993 -3573.345851 -3297.112331 -3059.510416 -2850.729326 -2724.273685 -2643.364686 -2568.710890 -2490.852165 -2406.987288 -2318.390886 -2228.553716 -2140.081810 -2032.896492 -1541.805759 -1626.144438 -1633.440964 -1631.125424 -1629.974758 -1629.681781 -1629.623976 -1629.614319 -1629.613265 -1629.613604 -1629.614095 -1629.614536 -1629.614909 -1629.615227 -1629.615504 -1629.615752 -1629.615980 -1629.616196 -1629.616408 -1629.616624 -1629.616854 -1629.617112 -1629.617420 -1629.617808 -1629.618326 -1629.619056 -1629.620134 -1629.621795 -1629.624462 -1629.628914 -1629.636641 -1629.650570 -1629.676612 -1629.727076 -1629.828759 -1630.043546 -1630.524216 -1631.673057 -1634.627500 -1642.929237 -1669.072061 -9999.0 -9999.0
-9999.0 -9999.0 -9999.0 -9999.0 -9999.0 -9999.0 -9999.0 -9999.0 -9999.0 -9999.0 -9999.0 -9999.0 -9999.0 -9999.0 -9999.0 -9999.0 -9999.0 -9999.0 -9999.0 -9999.0 -9999.0 -9999.0 -9999.0 -9999.0 -9999.0 -9999.0 -9999.0 -9999.0 -9999.0 -9999.0 -9999.0 -9999.0 -9999.0 -9999.0 -9999.0 -9999.0 -9999.0 -9999.0 -9999.0 -9999.0 -9999.0 -9999.0 -9999.0 -9999.0 -9999.0 -9999.0 -9999.0 -9999.0 -9999.0 -9999.0 -9999.0 -9999.0 -9999.0 -9999.0 -9999.0 -9999.0 -9999.0 -9999.0 -9999.0 -9999.0 -9999.0 -9999.0 -9999.0 -9999.0 -9999.0 -9999.0 -9999.0 -9999.0 -9999.0 -9999.0 -9999.0 -9999.0 -9999.0 -9999.0 -9999.0 -9999.0 -9999.0 -9999.0 -9999.0 -9999.0 -9999.0 -9999.0 -9999.0 -9999.0 -9999.0 -9999.0 -9999.0 -9999.0 -9999.0 -9999.0 -9999.0 -9999.0 -9999.0 -9999.0 -9999.0 -9999.0 -9999.0 -9999.0 -9999.0 -9999.0 -9999.0 -9999.0 -9999.0 -9999.0
-9999.0 -9999.0 -9999.0 -9999.0 -9999.0 -9999.0 -9999.0 -9999.0 -9999.0 -9999.0 -9999.0 -9999.0 -9999.0 -9999.0 -9999.0 -9999.0 -9999.0 -9999.0 -9999.0 -9999.0 -9999.0 -9999.0 -9999.0 -9999.0 -9999.0 -9999.0 -9999.0 -9999.0 -9999.0 -9999.0 -9999.0 -9999.0 -9999.0 -9999.0 -9999.0 -9999.0 -9999.0 -9999.0 -9999.0 -9999.0 -9999.0 -9999.0 -9999.0 -9999.0 -9999.0 -9999.0 -9999.0 -9999.0 -9999.0 -9999.0 -9999.0 -9999.0 -9999.0 -9999.0 -9999.0 -9999.0 -9999.0 -9999.0 -9999.0 -9999.0 -9999.0 -9999.0 -9999.0 -9999.0 -9999.0 -9999.0 -9999.0 -9999.0 -9999.0 -9999.0 -9999.0 -9999.0 -9999.0 -9999.0 -9999.0 -9999.0 -9999.0 -9999.0 -9999.0 -9999.0 -9999.0 -9999.0 -9999.0 -9999.0 -9999.0 -9999.0 -9999.0 -9999.0 -9999.0 -9999.0 -9999.0 -9999.0 -9999.0 -9999.0 -9999.0 -9999.0 -9999.0 -9999.0 -9999.0 -9999.0 -9999.0 -9999.0 -9999.0 -9999.0