inst/processing_geotop_simulation/geotop_simulation/out/maps3D/PwL0010N0473.asc
ncols         104
nrows         10
xllcorner     -2.000000
yllcorner     0.000000
cellsize      1.000000
NODATA_value  -9999.0
-9999.0 -9999.0 -9999.0 -9999.0 -9999.0 -9999.0 -9999.0 -9999.0 -9999.0 -9999.0 -9999.0 -9999.0 -9999.0 -9999.0 -9999.0 -9999.0 -9999.0 -9999.0 -9999.0 -9999.0 -9999.0 -9999.0 -9999.0 -9999.0 -9999.0 -9999.0 -9999.0 -9999.0 -9999.0 -9999.0 -9999.0 -9999.0 -9999.0 -9999.0 -9999.0 -9999.0 -9999.0 -9999.0 -9999.0 -9999.0 -9999.0 -9999.0 -9999.0 -9999.0 -9999.0 -9999.0 -9999.0 -9999.0 -9999.0 -9999.0 -9999.0 -9999.0 -9999.0 -9999.0 -9999.0 -9999.0 -9999.0 -9999.0 -9999.0 -9999.0 -9999.0 -9999.0 -9999.0 -9999.0 -9999.0 -9999.0 -9999.0 -9999.0 -9999.0 -9999.0 -9999.0 -9999.0 -9999.0 -9999.0 -9999.0 -9999.0 -9999.0 -9999.0 -9999.0 -9999.0 -9999.0 -9999.0 -9999.0 -9999.0 -9999.0 -9999.0 -9999.0 -9999.0 -9999.0 -9999.0 -9999.0 -9999.0 -9999.0 -9999.0 -9999.0 -9999.0 -9999.0 -9999.0 -9999.0 -9999.0 -9999.0 -9999.0 -9999.0 -9999.0
-9999.0 -9999.0 -9999.0 -9999.0 -9999.0 -9999.0 -9999.0 -9999.0 -9999.0 -9999.0 -9999.0 -9999.0 -9999.0 -9999.0 -9999.0 -9999.0 -9999.0 -9999.0 -9999.0 -9999.0 -9999.0 -9999.0 -9999.0 -9999.0 -9999.0 -9999.0 -9999.0 -9999.0 -9999.0 -9999.0 -9999.0 -9999.0 -9999.0 -9999.0 -9999.0 -9999.0 -9999.0 -9999.0 -9999.0 -9999.0 -9999.0 -9999.0 -9999.0 -9999.0 -9999.0 -9999.0 -9999.0 -9999.0 -9999.0 -9999.0 -9999.0 -9999.0 -9999.0 -9999.0 -9999.0 -9999.0 -9999.0 -9999.0 -9999.0 -9999.0 -9999.0 -9999.0 -9999.0 -9999.0 -9999.0 -9999.0 -9999.0 -9999.0 -9999.0 -9999.0 -9999.0 -9999.0 -9999.0 -9999.0 -9999.0 -9999.0 -9999.0 -9999.0 -9999.0 -9999.0 -9999.0 -9999.0 -9999.0 -9999.0 -9999.0 -9999.0 -9999.0 -9999.0 -9999.0 -9999.0 -9999.0 -9999.0 -9999.0 -9999.0 -9999.0 -9999.0 -9999.0 -9999.0 -9999.0 -9999.0 -9999.0 -9999.0 -9999.0 -9999.0
-9999.0 -9999.0 472.172708 373.371813 274.188803 174.827270 75.390331 -24.076285 -123.551144 -223.024770 -322.488227 -421.928527 -521.322816 -620.626289 -719.783999 -818.997682 -918.146609 -1017.220727 -1116.211683 -1214.438464 -1311.579778 -1406.493325 -1497.231096 -1581.266940 -1656.170342 -1720.286675 -1773.067530 -1815.004557 -1847.317166 -1871.580304 -1889.418563 -1902.312336 -1911.507060 -1917.994423 -1922.534335 -1925.696498 -1927.916820 -1929.598864 -1931.352877 -1934.213573 -1935.758596 -1895.746372 -1330.830437 -1474.640374 -1437.641786 -1412.625733 -1401.135809 -1399.468882 -1399.292331 -1399.307227 -1399.349229 -1399.394505 -1399.438023 -1399.478327 -1399.515811 -1399.560140 -1399.702792 -1400.677349 -1406.690834 -1420.170081 -1433.475257 -1276.042766 -1860.281550 -1928.872992 -1933.409317 -1932.976550 -1932.752092 -1932.699783 -1932.690344 -1932.689166 -1932.689382 -1932.689761 -1932.690101 -1932.690381 -1932.690611 -1932.690804 -1932.690971 -1932.691119 -1932.691254 -1932.691385 -1932.691518 -1932.691662 -1932.691829 -1932.692038 -1932.692317 -1932.692710 -1932.693290 -1932.694178 -1932.695588 -1932.697897 -1932.701809 -1932.708666 -1932.721106 -1932.744442 -1932.789696 -1932.880692 -1933.072047 -1933.498358 -1934.519078 -1937.188381 -1944.953946 -1970.443847 -9999.0 -9999.0
-9999.0 -9999.0 472.178062 373.373298 274.189217 174.827395 75.390371 -24.076271 -123.551139 -223.024768 -322.488226 -421.928526 -521.322816 -620.626288 -719.783999 -818.997682 -918.146609 -1017.220727 -1116.211683 -1214.438464 -1311.579778 -1406.493326 -1497.231096 -1581.266941 -1656.170342 -1720.286676 -1773.067530 -1815.004557 -1847.317166 -1871.580304 -1889.418563 -1902.312336 -1911.507060 -1917.994423 -1922.534335 -1925.696498 -1927.916820 -1929.598864 -1931.352877 -1934.213573 -1935.758596 -1895.746372 -1330.830437 -1474.640374 -1437.641786 -1412.625732 -1401.135809 -1399.468882 -1399.292331 -1399.307227 -1399.349229 -1399.394505 -1399.438023 -1399.478327 -1399.515811 -1399.560140 -1399.702792 -1400.677349 -1406.690834 -1420.170081 -1433.475257 -1276.042766 -1860.281550 -1928.872992 -1933.409317 -1932.976550 -1932.752092 -1932.699783 -1932.690344 -1932.689166 -1932.689382 -1932.689761 -1932.690101 -1932.690381 -1932.690611 -1932.690804 -1932.690971 -1932.691118 -1932.691254 -1932.691385 -1932.691518 -1932.691662 -1932.691829 -1932.692038 -1932.692317 -1932.692710 -1932.693290 -1932.694178 -1932.695588 -1932.697897 -1932.701809 -1932.708666 -1932.721106 -1932.744442 -1932.789696 -1932.880692 -1933.072047 -1933.498358 -1934.519078 -1937.188381 -1944.953946 -1970.443847 -9999.0 -9999.0
-9999.0 -9999.0 472.179332 373.373966 274.189485 174.827494 75.390407 -24.076258 -123.551134 -223.024766 -322.488225 -421.928526 -521.322816 -620.626288 -719.783999 -818.997682 -918.146610 -1017.220727 -1116.211683 -1214.438464 -1311.579778 -1406.493326 -1497.231097 -1581.266941 -1656.170342 -1720.286676 -1773.067530 -1815.004557 -1847.317166 -1871.580304 -1889.418563 -1902.312336 -1911.507060 -1917.994423 -1922.534335 -1925.696498 -1927.916820 -1929.598864 -1931.352877 -1934.213573 -1935.758596 -1895.746372 -1330.830437 -1474.640374 -1437.641786 -1412.625732 -1401.135809 -1399.468882 -1399.292331 -1399.307227 -1399.349229 -1399.394505 -1399.438023 -1399.478327 -1399.515811 -1399.560140 -1399.702792 -1400.677349 -1406.690834 -1420.170081 -1433.475257 -1276.042766 -1860.281550 -1928.872992 -1933.409317 -1932.976550 -1932.752092 -1932.699783 -1932.690344 -1932.689166 -1932.689382 -1932.689761 -1932.690101 -1932.690381 -1932.690611 -1932.690804 -1932.690971 -1932.691118 -1932.691254 -1932.691385 -1932.691518 -1932.691662 -1932.691829 -1932.692038 -1932.692317 -1932.692710 -1932.693290 -1932.694178 -1932.695588 -1932.697897 -1932.701809 -1932.708666 -1932.721106 -1932.744442 -1932.789696 -1932.880692 -1933.072047 -1933.498358 -1934.519078 -1937.188381 -1944.953946 -1970.443847 -9999.0 -9999.0
-9999.0 -9999.0 472.179332 373.373966 274.189485 174.827494 75.390407 -24.076258 -123.551134 -223.024766 -322.488225 -421.928526 -521.322816 -620.626288 -719.783999 -818.997682 -918.146610 -1017.220727 -1116.211683 -1214.438464 -1311.579778 -1406.493326 -1497.231097 -1581.266941 -1656.170342 -1720.286676 -1773.067530 -1815.004557 -1847.317166 -1871.580304 -1889.418563 -1902.312336 -1911.507060 -1917.994423 -1922.534335 -1925.696498 -1927.916820 -1929.598864 -1931.352877 -1934.213573 -1935.758596 -1895.746372 -1330.830437 -1474.640374 -1437.641786 -1412.625732 -1401.135809 -1399.468882 -1399.292331 -1399.307227 -1399.349229 -1399.394505 -1399.438023 -1399.478327 -1399.515811 -1399.560140 -1399.702792 -1400.677349 -1406.690834 -1420.170081 -1433.475257 -1276.042766 -1860.281550 -1928.872992 -1933.409317 -1932.976550 -1932.752092 -1932.699783 -1932.690344 -1932.689166 -1932.689382 -1932.689761 -1932.690101 -1932.690381 -1932.690611 -1932.690804 -1932.690971 -1932.691118 -1932.691254 -1932.691385 -1932.691518 -1932.691662 -1932.691829 -1932.692038 -1932.692317 -1932.692710 -1932.693290 -1932.694178 -1932.695588 -1932.697897 -1932.701809 -1932.708666 -1932.721106 -1932.744442 -1932.789696 -1932.880692 -1933.072047 -1933.498358 -1934.519078 -1937.188381 -1944.953946 -1970.443847 -9999.0 -9999.0
-9999.0 -9999.0 472.178062 373.373298 274.189217 174.827395 75.390371 -24.076271 -123.551139 -223.024768 -322.488226 -421.928526 -521.322816 -620.626288 -719.783999 -818.997682 -918.146610 -1017.220727 -1116.211683 -1214.438464 -1311.579778 -1406.493326 -1497.231096 -1581.266941 -1656.170342 -1720.286676 -1773.067530 -1815.004557 -1847.317166 -1871.580304 -1889.418563 -1902.312336 -1911.507060 -1917.994423 -1922.534335 -1925.696498 -1927.916820 -1929.598864 -1931.352877 -1934.213573 -1935.758596 -1895.746372 -1330.830437 -1474.640374 -1437.641786 -1412.625732 -1401.135809 -1399.468882 -1399.292331 -1399.307227 -1399.349229 -1399.394505 -1399.438023 -1399.478327 -1399.515811 -1399.560140 -1399.702792 -1400.677349 -1406.690834 -1420.170081 -1433.475257 -1276.042766 -1860.281550 -1928.872992 -1933.409317 -1932.976550 -1932.752092 -1932.699783 -1932.690344 -1932.689166 -1932.689382 -1932.689761 -1932.690101 -1932.690381 -1932.690611 -1932.690804 -1932.690971 -1932.691118 -1932.691254 -1932.691385 -1932.691518 -1932.691662 -1932.691829 -1932.692038 -1932.692317 -1932.692710 -1932.693290 -1932.694178 -1932.695588 -1932.697897 -1932.701809 -1932.708666 -1932.721106 -1932.744442 -1932.789696 -1932.880692 -1933.072047 -1933.498358 -1934.519078 -1937.188381 -1944.953946 -1970.443847 -9999.0 -9999.0
-9999.0 -9999.0 472.172708 373.371813 274.188803 174.827270 75.390331 -24.076285 -123.551144 -223.024770 -322.488227 -421.928527 -521.322816 -620.626289 -719.783999 -818.997682 -918.146609 -1017.220727 -1116.211682 -1214.438464 -1311.579778 -1406.493325 -1497.231096 -1581.266940 -1656.170342 -1720.286675 -1773.067530 -1815.004557 -1847.317166 -1871.580304 -1889.418563 -1902.312336 -1911.507060 -1917.994423 -1922.534335 -1925.696498 -1927.916820 -1929.598864 -1931.352877 -1934.213573 -1935.758596 -1895.746372 -1330.830437 -1474.640374 -1437.641786 -1412.625733 -1401.135809 -1399.468882 -1399.292331 -1399.307227 -1399.349229 -1399.394505 -1399.438023 -1399.478327 -1399.515811 -1399.560140 -1399.702792 -1400.677349 -1406.690834 -1420.170081 -1433.475257 -1276.042766 -1860.281550 -1928.872992 -1933.409317 -1932.976550 -1932.752092 -1932.699783 -1932.690344 -1932.689166 -1932.689382 -1932.689761 -1932.690101 -1932.690381 -1932.690611 -1932.690804 -1932.690971 -1932.691119 -1932.691254 -1932.691385 -1932.691518 -1932.691662 -1932.691829 -1932.692038 -1932.692317 -1932.692710 -1932.693290 -1932.694178 -1932.695588 -1932.697897 -1932.701809 -1932.708666 -1932.721106 -1932.744442 -1932.789696 -1932.880692 -1933.072047 -1933.498358 -1934.519078 -1937.188381 -1944.953946 -1970.443847 -9999.0 -9999.0
-9999.0 -9999.0 -9999.0 -9999.0 -9999.0 -9999.0 -9999.0 -9999.0 -9999.0 -9999.0 -9999.0 -9999.0 -9999.0 -9999.0 -9999.0 -9999.0 -9999.0 -9999.0 -9999.0 -9999.0 -9999.0 -9999.0 -9999.0 -9999.0 -9999.0 -9999.0 -9999.0 -9999.0 -9999.0 -9999.0 -9999.0 -9999.0 -9999.0 -9999.0 -9999.0 -9999.0 -9999.0 -9999.0 -9999.0 -9999.0 -9999.0 -9999.0 -9999.0 -9999.0 -9999.0 -9999.0 -9999.0 -9999.0 -9999.0 -9999.0 -9999.0 -9999.0 -9999.0 -9999.0 -9999.0 -9999.0 -9999.0 -9999.0 -9999.0 -9999.0 -9999.0 -9999.0 -9999.0 -9999.0 -9999.0 -9999.0 -9999.0 -9999.0 -9999.0 -9999.0 -9999.0 -9999.0 -9999.0 -9999.0 -9999.0 -9999.0 -9999.0 -9999.0 -9999.0 -9999.0 -9999.0 -9999.0 -9999.0 -9999.0 -9999.0 -9999.0 -9999.0 -9999.0 -9999.0 -9999.0 -9999.0 -9999.0 -9999.0 -9999.0 -9999.0 -9999.0 -9999.0 -9999.0 -9999.0 -9999.0 -9999.0 -9999.0 -9999.0 -9999.0
-9999.0 -9999.0 -9999.0 -9999.0 -9999.0 -9999.0 -9999.0 -9999.0 -9999.0 -9999.0 -9999.0 -9999.0 -9999.0 -9999.0 -9999.0 -9999.0 -9999.0 -9999.0 -9999.0 -9999.0 -9999.0 -9999.0 -9999.0 -9999.0 -9999.0 -9999.0 -9999.0 -9999.0 -9999.0 -9999.0 -9999.0 -9999.0 -9999.0 -9999.0 -9999.0 -9999.0 -9999.0 -9999.0 -9999.0 -9999.0 -9999.0 -9999.0 -9999.0 -9999.0 -9999.0 -9999.0 -9999.0 -9999.0 -9999.0 -9999.0 -9999.0 -9999.0 -9999.0 -9999.0 -9999.0 -9999.0 -9999.0 -9999.0 -9999.0 -9999.0 -9999.0 -9999.0 -9999.0 -9999.0 -9999.0 -9999.0 -9999.0 -9999.0 -9999.0 -9999.0 -9999.0 -9999.0 -9999.0 -9999.0 -9999.0 -9999.0 -9999.0 -9999.0 -9999.0 -9999.0 -9999.0 -9999.0 -9999.0 -9999.0 -9999.0 -9999.0 -9999.0 -9999.0 -9999.0 -9999.0 -9999.0 -9999.0 -9999.0 -9999.0 -9999.0 -9999.0 -9999.0 -9999.0 -9999.0 -9999.0 -9999.0 -9999.0 -9999.0 -9999.0