inst/processing_geotop_simulation/geotop_simulation/out/maps3D/PwL0012N0062.asc
ncols         104
nrows         10
xllcorner     -2.000000
yllcorner     0.000000
cellsize      1.000000
NODATA_value  -9999.0
-9999.0 -9999.0 -9999.0 -9999.0 -9999.0 -9999.0 -9999.0 -9999.0 -9999.0 -9999.0 -9999.0 -9999.0 -9999.0 -9999.0 -9999.0 -9999.0 -9999.0 -9999.0 -9999.0 -9999.0 -9999.0 -9999.0 -9999.0 -9999.0 -9999.0 -9999.0 -9999.0 -9999.0 -9999.0 -9999.0 -9999.0 -9999.0 -9999.0 -9999.0 -9999.0 -9999.0 -9999.0 -9999.0 -9999.0 -9999.0 -9999.0 -9999.0 -9999.0 -9999.0 -9999.0 -9999.0 -9999.0 -9999.0 -9999.0 -9999.0 -9999.0 -9999.0 -9999.0 -9999.0 -9999.0 -9999.0 -9999.0 -9999.0 -9999.0 -9999.0 -9999.0 -9999.0 -9999.0 -9999.0 -9999.0 -9999.0 -9999.0 -9999.0 -9999.0 -9999.0 -9999.0 -9999.0 -9999.0 -9999.0 -9999.0 -9999.0 -9999.0 -9999.0 -9999.0 -9999.0 -9999.0 -9999.0 -9999.0 -9999.0 -9999.0 -9999.0 -9999.0 -9999.0 -9999.0 -9999.0 -9999.0 -9999.0 -9999.0 -9999.0 -9999.0 -9999.0 -9999.0 -9999.0 -9999.0 -9999.0 -9999.0 -9999.0 -9999.0 -9999.0
-9999.0 -9999.0 -9999.0 -9999.0 -9999.0 -9999.0 -9999.0 -9999.0 -9999.0 -9999.0 -9999.0 -9999.0 -9999.0 -9999.0 -9999.0 -9999.0 -9999.0 -9999.0 -9999.0 -9999.0 -9999.0 -9999.0 -9999.0 -9999.0 -9999.0 -9999.0 -9999.0 -9999.0 -9999.0 -9999.0 -9999.0 -9999.0 -9999.0 -9999.0 -9999.0 -9999.0 -9999.0 -9999.0 -9999.0 -9999.0 -9999.0 -9999.0 -9999.0 -9999.0 -9999.0 -9999.0 -9999.0 -9999.0 -9999.0 -9999.0 -9999.0 -9999.0 -9999.0 -9999.0 -9999.0 -9999.0 -9999.0 -9999.0 -9999.0 -9999.0 -9999.0 -9999.0 -9999.0 -9999.0 -9999.0 -9999.0 -9999.0 -9999.0 -9999.0 -9999.0 -9999.0 -9999.0 -9999.0 -9999.0 -9999.0 -9999.0 -9999.0 -9999.0 -9999.0 -9999.0 -9999.0 -9999.0 -9999.0 -9999.0 -9999.0 -9999.0 -9999.0 -9999.0 -9999.0 -9999.0 -9999.0 -9999.0 -9999.0 -9999.0 -9999.0 -9999.0 -9999.0 -9999.0 -9999.0 -9999.0 -9999.0 -9999.0 -9999.0 -9999.0
-9999.0 -9999.0 -61.880047 -162.263081 -264.935642 -373.548565 -492.449739 -622.552836 -751.716041 -850.250773 -885.547285 -878.949634 -860.695945 -838.420915 -820.097365 -809.128506 -851.325032 -892.256057 -933.289332 -976.173205 -955.168124 -938.768075 -928.856611 -924.684933 -924.767077 -927.604543 -931.901413 -936.649201 -941.167029 -945.082883 -948.259723 -950.710321 -952.526615 -953.828761 -954.734755 -955.347743 -955.765170 -956.110798 -956.463909 -956.875878 -962.235229 -1037.955077 -2217.344700 -4377.889406 -4381.188052 -4381.188040 -4381.187993 -4381.187986 -4381.187985 -4381.187985 -4381.187985 -4381.187985 -4381.187985 -4381.187985 -4381.187986 -4381.187986 -4381.187986 -4381.187990 -4381.188016 -4381.187991 -4376.082165 -2116.474558 -1018.705143 -961.335277 -957.359616 -956.827464 -956.718654 -956.699120 -956.698941 -956.702239 -956.705542 -956.708196 -956.710211 -956.711731 -956.712889 -956.713786 -956.714497 -956.715068 -956.715540 -956.715952 -956.716346 -956.716774 -956.717303 -956.718028 -956.719090 -956.720714 -956.723255 -956.727294 -956.733800 -956.744434 -956.762127 -956.792251 -956.844986 -956.940183 -957.117232 -957.454766 -958.109615 -959.397068 -961.981134 -967.416895 -979.756682 -1009.716382 -9999.0 -9999.0
-9999.0 -9999.0 -61.880046 -162.263080 -264.935641 -373.548564 -492.449738 -622.552835 -751.716041 -850.250773 -885.547285 -878.949634 -860.695945 -838.420915 -820.097365 -809.128506 -851.325032 -892.256057 -933.289332 -976.173205 -955.168124 -938.768075 -928.856611 -924.684933 -924.767077 -927.604543 -931.901413 -936.649201 -941.167029 -945.082883 -948.259723 -950.710321 -952.526615 -953.828761 -954.734755 -955.347743 -955.765170 -956.110798 -956.463909 -956.875878 -962.235229 -1037.955077 -2217.344699 -4377.889406 -4381.188052 -4381.188040 -4381.187993 -4381.187986 -4381.187985 -4381.187985 -4381.187985 -4381.187985 -4381.187985 -4381.187985 -4381.187986 -4381.187986 -4381.187986 -4381.187990 -4381.188016 -4381.187991 -4376.082165 -2116.474558 -1018.705143 -961.335277 -957.359616 -956.827464 -956.718654 -956.699120 -956.698941 -956.702239 -956.705542 -956.708196 -956.710211 -956.711731 -956.712889 -956.713786 -956.714497 -956.715068 -956.715540 -956.715952 -956.716346 -956.716774 -956.717303 -956.718028 -956.719090 -956.720714 -956.723255 -956.727294 -956.733800 -956.744434 -956.762127 -956.792251 -956.844986 -956.940183 -957.117232 -957.454766 -958.109615 -959.397068 -961.981134 -967.416895 -979.756682 -1009.716382 -9999.0 -9999.0
-9999.0 -9999.0 -61.880046 -162.263079 -264.935641 -373.548564 -492.449738 -622.552834 -751.716041 -850.250773 -885.547285 -878.949634 -860.695945 -838.420915 -820.097365 -809.128506 -851.325032 -892.256057 -933.289332 -976.173205 -955.168124 -938.768075 -928.856611 -924.684933 -924.767077 -927.604543 -931.901413 -936.649201 -941.167029 -945.082883 -948.259723 -950.710321 -952.526615 -953.828761 -954.734755 -955.347743 -955.765170 -956.110798 -956.463909 -956.875878 -962.235229 -1037.955077 -2217.344699 -4377.889406 -4381.188052 -4381.188040 -4381.187993 -4381.187986 -4381.187985 -4381.187985 -4381.187985 -4381.187985 -4381.187985 -4381.187985 -4381.187986 -4381.187986 -4381.187986 -4381.187990 -4381.188016 -4381.187991 -4376.082165 -2116.474558 -1018.705143 -961.335277 -957.359616 -956.827464 -956.718654 -956.699120 -956.698941 -956.702239 -956.705542 -956.708196 -956.710211 -956.711731 -956.712889 -956.713786 -956.714497 -956.715068 -956.715540 -956.715952 -956.716346 -956.716774 -956.717303 -956.718028 -956.719090 -956.720714 -956.723255 -956.727294 -956.733800 -956.744434 -956.762127 -956.792251 -956.844986 -956.940183 -957.117232 -957.454766 -958.109615 -959.397068 -961.981134 -967.416895 -979.756682 -1009.716382 -9999.0 -9999.0
-9999.0 -9999.0 -61.880046 -162.263080 -264.935641 -373.548564 -492.449738 -622.552834 -751.716041 -850.250773 -885.547285 -878.949634 -860.695945 -838.420915 -820.097365 -809.128506 -851.325032 -892.256057 -933.289332 -976.173205 -955.168124 -938.768075 -928.856611 -924.684933 -924.767077 -927.604543 -931.901413 -936.649201 -941.167029 -945.082883 -948.259723 -950.710321 -952.526615 -953.828761 -954.734755 -955.347743 -955.765170 -956.110798 -956.463909 -956.875878 -962.235229 -1037.955077 -2217.344699 -4377.889406 -4381.188052 -4381.188040 -4381.187993 -4381.187986 -4381.187985 -4381.187985 -4381.187985 -4381.187985 -4381.187985 -4381.187985 -4381.187986 -4381.187986 -4381.187986 -4381.187990 -4381.188016 -4381.187991 -4376.082165 -2116.474558 -1018.705143 -961.335277 -957.359616 -956.827464 -956.718654 -956.699120 -956.698941 -956.702239 -956.705542 -956.708196 -956.710211 -956.711731 -956.712889 -956.713786 -956.714497 -956.715068 -956.715540 -956.715952 -956.716346 -956.716774 -956.717303 -956.718028 -956.719090 -956.720714 -956.723255 -956.727294 -956.733800 -956.744434 -956.762127 -956.792251 -956.844986 -956.940183 -957.117232 -957.454766 -958.109615 -959.397068 -961.981134 -967.416895 -979.756682 -1009.716382 -9999.0 -9999.0
-9999.0 -9999.0 -61.880046 -162.263080 -264.935642 -373.548564 -492.449738 -622.552835 -751.716041 -850.250773 -885.547285 -878.949634 -860.695945 -838.420915 -820.097365 -809.128506 -851.325032 -892.256057 -933.289332 -976.173205 -955.168124 -938.768075 -928.856611 -924.684933 -924.767077 -927.604543 -931.901413 -936.649201 -941.167029 -945.082883 -948.259723 -950.710321 -952.526615 -953.828761 -954.734755 -955.347743 -955.765170 -956.110798 -956.463909 -956.875878 -962.235229 -1037.955077 -2217.344699 -4377.889406 -4381.188052 -4381.188040 -4381.187993 -4381.187986 -4381.187985 -4381.187985 -4381.187985 -4381.187985 -4381.187985 -4381.187985 -4381.187986 -4381.187986 -4381.187986 -4381.187990 -4381.188016 -4381.187991 -4376.082165 -2116.474558 -1018.705143 -961.335277 -957.359616 -956.827464 -956.718654 -956.699120 -956.698941 -956.702239 -956.705542 -956.708196 -956.710211 -956.711731 -956.712889 -956.713786 -956.714497 -956.715068 -956.715540 -956.715952 -956.716346 -956.716774 -956.717303 -956.718028 -956.719090 -956.720714 -956.723255 -956.727294 -956.733800 -956.744434 -956.762127 -956.792251 -956.844986 -956.940183 -957.117232 -957.454766 -958.109615 -959.397068 -961.981134 -967.416895 -979.756682 -1009.716382 -9999.0 -9999.0
-9999.0 -9999.0 -61.880046 -162.263081 -264.935642 -373.548565 -492.449739 -622.552836 -751.716041 -850.250773 -885.547285 -878.949634 -860.695945 -838.420915 -820.097365 -809.128506 -851.325032 -892.256057 -933.289332 -976.173205 -955.168124 -938.768075 -928.856611 -924.684933 -924.767077 -927.604543 -931.901413 -936.649201 -941.167029 -945.082883 -948.259723 -950.710321 -952.526615 -953.828761 -954.734755 -955.347743 -955.765170 -956.110798 -956.463909 -956.875878 -962.235229 -1037.955077 -2217.344700 -4377.889406 -4381.188052 -4381.188040 -4381.187993 -4381.187986 -4381.187985 -4381.187985 -4381.187985 -4381.187985 -4381.187985 -4381.187985 -4381.187986 -4381.187986 -4381.187986 -4381.187990 -4381.188016 -4381.187991 -4376.082165 -2116.474558 -1018.705143 -961.335277 -957.359616 -956.827464 -956.718654 -956.699120 -956.698941 -956.702239 -956.705542 -956.708196 -956.710211 -956.711731 -956.712889 -956.713786 -956.714497 -956.715068 -956.715540 -956.715952 -956.716346 -956.716774 -956.717303 -956.718028 -956.719090 -956.720714 -956.723255 -956.727294 -956.733800 -956.744434 -956.762127 -956.792251 -956.844986 -956.940183 -957.117232 -957.454766 -958.109615 -959.397068 -961.981134 -967.416895 -979.756682 -1009.716382 -9999.0 -9999.0
-9999.0 -9999.0 -9999.0 -9999.0 -9999.0 -9999.0 -9999.0 -9999.0 -9999.0 -9999.0 -9999.0 -9999.0 -9999.0 -9999.0 -9999.0 -9999.0 -9999.0 -9999.0 -9999.0 -9999.0 -9999.0 -9999.0 -9999.0 -9999.0 -9999.0 -9999.0 -9999.0 -9999.0 -9999.0 -9999.0 -9999.0 -9999.0 -9999.0 -9999.0 -9999.0 -9999.0 -9999.0 -9999.0 -9999.0 -9999.0 -9999.0 -9999.0 -9999.0 -9999.0 -9999.0 -9999.0 -9999.0 -9999.0 -9999.0 -9999.0 -9999.0 -9999.0 -9999.0 -9999.0 -9999.0 -9999.0 -9999.0 -9999.0 -9999.0 -9999.0 -9999.0 -9999.0 -9999.0 -9999.0 -9999.0 -9999.0 -9999.0 -9999.0 -9999.0 -9999.0 -9999.0 -9999.0 -9999.0 -9999.0 -9999.0 -9999.0 -9999.0 -9999.0 -9999.0 -9999.0 -9999.0 -9999.0 -9999.0 -9999.0 -9999.0 -9999.0 -9999.0 -9999.0 -9999.0 -9999.0 -9999.0 -9999.0 -9999.0 -9999.0 -9999.0 -9999.0 -9999.0 -9999.0 -9999.0 -9999.0 -9999.0 -9999.0 -9999.0 -9999.0
-9999.0 -9999.0 -9999.0 -9999.0 -9999.0 -9999.0 -9999.0 -9999.0 -9999.0 -9999.0 -9999.0 -9999.0 -9999.0 -9999.0 -9999.0 -9999.0 -9999.0 -9999.0 -9999.0 -9999.0 -9999.0 -9999.0 -9999.0 -9999.0 -9999.0 -9999.0 -9999.0 -9999.0 -9999.0 -9999.0 -9999.0 -9999.0 -9999.0 -9999.0 -9999.0 -9999.0 -9999.0 -9999.0 -9999.0 -9999.0 -9999.0 -9999.0 -9999.0 -9999.0 -9999.0 -9999.0 -9999.0 -9999.0 -9999.0 -9999.0 -9999.0 -9999.0 -9999.0 -9999.0 -9999.0 -9999.0 -9999.0 -9999.0 -9999.0 -9999.0 -9999.0 -9999.0 -9999.0 -9999.0 -9999.0 -9999.0 -9999.0 -9999.0 -9999.0 -9999.0 -9999.0 -9999.0 -9999.0 -9999.0 -9999.0 -9999.0 -9999.0 -9999.0 -9999.0 -9999.0 -9999.0 -9999.0 -9999.0 -9999.0 -9999.0 -9999.0 -9999.0 -9999.0 -9999.0 -9999.0 -9999.0 -9999.0 -9999.0 -9999.0 -9999.0 -9999.0 -9999.0 -9999.0 -9999.0 -9999.0 -9999.0 -9999.0 -9999.0 -9999.0