inst/processing_geotop_simulation/geotop_simulation/out/maps3D/PwL0022N0178.asc
ncols         104
nrows         10
xllcorner     -2.000000
yllcorner     0.000000
cellsize      1.000000
NODATA_value  -9999.0
-9999.0 -9999.0 -9999.0 -9999.0 -9999.0 -9999.0 -9999.0 -9999.0 -9999.0 -9999.0 -9999.0 -9999.0 -9999.0 -9999.0 -9999.0 -9999.0 -9999.0 -9999.0 -9999.0 -9999.0 -9999.0 -9999.0 -9999.0 -9999.0 -9999.0 -9999.0 -9999.0 -9999.0 -9999.0 -9999.0 -9999.0 -9999.0 -9999.0 -9999.0 -9999.0 -9999.0 -9999.0 -9999.0 -9999.0 -9999.0 -9999.0 -9999.0 -9999.0 -9999.0 -9999.0 -9999.0 -9999.0 -9999.0 -9999.0 -9999.0 -9999.0 -9999.0 -9999.0 -9999.0 -9999.0 -9999.0 -9999.0 -9999.0 -9999.0 -9999.0 -9999.0 -9999.0 -9999.0 -9999.0 -9999.0 -9999.0 -9999.0 -9999.0 -9999.0 -9999.0 -9999.0 -9999.0 -9999.0 -9999.0 -9999.0 -9999.0 -9999.0 -9999.0 -9999.0 -9999.0 -9999.0 -9999.0 -9999.0 -9999.0 -9999.0 -9999.0 -9999.0 -9999.0 -9999.0 -9999.0 -9999.0 -9999.0 -9999.0 -9999.0 -9999.0 -9999.0 -9999.0 -9999.0 -9999.0 -9999.0 -9999.0 -9999.0 -9999.0 -9999.0
-9999.0 -9999.0 -9999.0 -9999.0 -9999.0 -9999.0 -9999.0 -9999.0 -9999.0 -9999.0 -9999.0 -9999.0 -9999.0 -9999.0 -9999.0 -9999.0 -9999.0 -9999.0 -9999.0 -9999.0 -9999.0 -9999.0 -9999.0 -9999.0 -9999.0 -9999.0 -9999.0 -9999.0 -9999.0 -9999.0 -9999.0 -9999.0 -9999.0 -9999.0 -9999.0 -9999.0 -9999.0 -9999.0 -9999.0 -9999.0 -9999.0 -9999.0 -9999.0 -9999.0 -9999.0 -9999.0 -9999.0 -9999.0 -9999.0 -9999.0 -9999.0 -9999.0 -9999.0 -9999.0 -9999.0 -9999.0 -9999.0 -9999.0 -9999.0 -9999.0 -9999.0 -9999.0 -9999.0 -9999.0 -9999.0 -9999.0 -9999.0 -9999.0 -9999.0 -9999.0 -9999.0 -9999.0 -9999.0 -9999.0 -9999.0 -9999.0 -9999.0 -9999.0 -9999.0 -9999.0 -9999.0 -9999.0 -9999.0 -9999.0 -9999.0 -9999.0 -9999.0 -9999.0 -9999.0 -9999.0 -9999.0 -9999.0 -9999.0 -9999.0 -9999.0 -9999.0 -9999.0 -9999.0 -9999.0 -9999.0 -9999.0 -9999.0 -9999.0 -9999.0
-9999.0 -9999.0 1079.723171 983.683974 887.562854 791.007451 694.190338 597.252845 500.277254 403.309740 306.376400 209.492150 112.665486 15.904101 -80.774332 -177.350695 -273.737116 -369.765081 -465.126276 -559.232493 -651.053975 -743.298471 -834.145287 -923.336117 -1010.640789 -1075.561686 -1128.566614 -1169.918651 -1200.866484 -1223.204941 -1238.852080 -1249.553498 -1256.740186 -1261.502976 -1264.631441 -1266.678718 -1268.031978 -1269.003478 -1270.105090 -1273.350308 -1288.076038 -1363.140381 -1590.585279 -2594.232555 -3859.968984 -3854.380368 -3432.119968 -2824.186301 -2483.150660 -2281.335337 -2141.216782 -2024.244832 -1953.354397 -1907.740509 -1865.494308 -1821.366289 -1773.777004 -1723.271612 -1671.389382 -1619.180644 -1560.753918 -1327.177096 -1323.396059 -1280.993124 -1272.397120 -1270.973109 -1270.759534 -1270.728156 -1270.724081 -1270.724340 -1270.725199 -1270.725992 -1270.726622 -1270.727109 -1270.727487 -1270.727783 -1270.728021 -1270.728215 -1270.728380 -1270.728527 -1270.728671 -1270.728829 -1270.729025 -1270.729291 -1270.729679 -1270.730269 -1270.731193 -1270.732666 -1270.735059 -1270.739021 -1270.745735 -1270.757423 -1270.778391 -1270.817172 -1270.891030 -1271.035898 -1271.330485 -1271.961152 -1273.405713 -1276.949087 -1286.168637 -1312.443444 -9999.0 -9999.0
-9999.0 -9999.0 1079.725996 983.685125 887.563248 791.007583 694.190382 597.252861 500.277259 403.309742 306.376401 209.492151 112.665486 15.904101 -80.774332 -177.350695 -273.737116 -369.765081 -465.126277 -559.232493 -651.053975 -743.298471 -834.145287 -923.336117 -1010.640790 -1075.561686 -1128.566614 -1169.918651 -1200.866484 -1223.204941 -1238.852080 -1249.553498 -1256.740186 -1261.502976 -1264.631441 -1266.678718 -1268.031978 -1269.003478 -1270.105090 -1273.350308 -1288.076038 -1363.140381 -1590.585278 -2594.232553 -3859.968984 -3854.380368 -3432.119968 -2824.186300 -2483.150659 -2281.335336 -2141.216780 -2024.244831 -1953.354397 -1907.740509 -1865.494308 -1821.366289 -1773.777004 -1723.271612 -1671.389382 -1619.180644 -1560.753918 -1327.177096 -1323.396059 -1280.993124 -1272.397120 -1270.973109 -1270.759534 -1270.728156 -1270.724081 -1270.724340 -1270.725199 -1270.725992 -1270.726622 -1270.727109 -1270.727487 -1270.727783 -1270.728021 -1270.728215 -1270.728380 -1270.728527 -1270.728671 -1270.728829 -1270.729025 -1270.729291 -1270.729679 -1270.730269 -1270.731193 -1270.732666 -1270.735059 -1270.739021 -1270.745735 -1270.757423 -1270.778391 -1270.817172 -1270.891030 -1271.035898 -1271.330485 -1271.961152 -1273.405713 -1276.949087 -1286.168637 -1312.443444 -9999.0 -9999.0
-9999.0 -9999.0 1079.727178 983.685771 887.563526 791.007691 694.190422 597.252875 500.277265 403.309743 306.376401 209.492151 112.665486 15.904101 -80.774332 -177.350695 -273.737116 -369.765082 -465.126277 -559.232493 -651.053975 -743.298471 -834.145287 -923.336117 -1010.640790 -1075.561686 -1128.566614 -1169.918652 -1200.866484 -1223.204941 -1238.852080 -1249.553498 -1256.740186 -1261.502976 -1264.631441 -1266.678718 -1268.031978 -1269.003478 -1270.105090 -1273.350308 -1288.076038 -1363.140381 -1590.585279 -2594.232553 -3859.968984 -3854.380368 -3432.119967 -2824.186299 -2483.150659 -2281.335335 -2141.216779 -2024.244831 -1953.354397 -1907.740509 -1865.494308 -1821.366289 -1773.777004 -1723.271612 -1671.389382 -1619.180644 -1560.753918 -1327.177096 -1323.396059 -1280.993124 -1272.397120 -1270.973109 -1270.759534 -1270.728156 -1270.724081 -1270.724340 -1270.725199 -1270.725992 -1270.726622 -1270.727109 -1270.727487 -1270.727783 -1270.728021 -1270.728215 -1270.728380 -1270.728527 -1270.728671 -1270.728829 -1270.729025 -1270.729291 -1270.729679 -1270.730269 -1270.731193 -1270.732666 -1270.735059 -1270.739021 -1270.745735 -1270.757423 -1270.778391 -1270.817172 -1270.891030 -1271.035898 -1271.330485 -1271.961152 -1273.405713 -1276.949087 -1286.168637 -1312.443444 -9999.0 -9999.0
-9999.0 -9999.0 1079.727178 983.685771 887.563526 791.007691 694.190422 597.252875 500.277265 403.309744 306.376401 209.492151 112.665486 15.904101 -80.774332 -177.350695 -273.737116 -369.765082 -465.126277 -559.232493 -651.053975 -743.298471 -834.145287 -923.336117 -1010.640790 -1075.561686 -1128.566614 -1169.918652 -1200.866484 -1223.204941 -1238.852080 -1249.553498 -1256.740186 -1261.502976 -1264.631441 -1266.678718 -1268.031978 -1269.003478 -1270.105090 -1273.350308 -1288.076038 -1363.140381 -1590.585279 -2594.232553 -3859.968984 -3854.380368 -3432.119967 -2824.186299 -2483.150659 -2281.335335 -2141.216779 -2024.244831 -1953.354397 -1907.740509 -1865.494308 -1821.366289 -1773.777004 -1723.271612 -1671.389382 -1619.180644 -1560.753918 -1327.177096 -1323.396059 -1280.993124 -1272.397120 -1270.973109 -1270.759534 -1270.728156 -1270.724081 -1270.724340 -1270.725199 -1270.725992 -1270.726622 -1270.727109 -1270.727487 -1270.727783 -1270.728021 -1270.728215 -1270.728380 -1270.728527 -1270.728671 -1270.728829 -1270.729025 -1270.729291 -1270.729679 -1270.730269 -1270.731193 -1270.732666 -1270.735059 -1270.739021 -1270.745735 -1270.757423 -1270.778391 -1270.817172 -1270.891030 -1271.035898 -1271.330485 -1271.961152 -1273.405713 -1276.949087 -1286.168637 -1312.443444 -9999.0 -9999.0
-9999.0 -9999.0 1079.725996 983.685125 887.563248 791.007583 694.190382 597.252861 500.277259 403.309742 306.376401 209.492151 112.665486 15.904101 -80.774332 -177.350695 -273.737116 -369.765081 -465.126276 -559.232493 -651.053975 -743.298471 -834.145287 -923.336117 -1010.640790 -1075.561686 -1128.566614 -1169.918651 -1200.866484 -1223.204941 -1238.852080 -1249.553498 -1256.740186 -1261.502976 -1264.631441 -1266.678718 -1268.031978 -1269.003478 -1270.105090 -1273.350308 -1288.076038 -1363.140381 -1590.585278 -2594.232553 -3859.968984 -3854.380368 -3432.119968 -2824.186300 -2483.150659 -2281.335335 -2141.216780 -2024.244831 -1953.354397 -1907.740509 -1865.494308 -1821.366289 -1773.777004 -1723.271612 -1671.389382 -1619.180644 -1560.753918 -1327.177096 -1323.396059 -1280.993124 -1272.397120 -1270.973109 -1270.759534 -1270.728156 -1270.724081 -1270.724340 -1270.725199 -1270.725992 -1270.726622 -1270.727109 -1270.727487 -1270.727783 -1270.728021 -1270.728215 -1270.728380 -1270.728527 -1270.728671 -1270.728829 -1270.729025 -1270.729291 -1270.729679 -1270.730269 -1270.731193 -1270.732666 -1270.735059 -1270.739021 -1270.745735 -1270.757423 -1270.778391 -1270.817172 -1270.891030 -1271.035898 -1271.330485 -1271.961152 -1273.405713 -1276.949087 -1286.168637 -1312.443444 -9999.0 -9999.0
-9999.0 -9999.0 1079.723171 983.683974 887.562854 791.007451 694.190338 597.252845 500.277254 403.309740 306.376400 209.492150 112.665485 15.904102 -80.774332 -177.350695 -273.737116 -369.765081 -465.126276 -559.232493 -651.053975 -743.298471 -834.145287 -923.336117 -1010.640789 -1075.561686 -1128.566614 -1169.918651 -1200.866484 -1223.204941 -1238.852080 -1249.553498 -1256.740186 -1261.502976 -1264.631441 -1266.678718 -1268.031978 -1269.003478 -1270.105090 -1273.350308 -1288.076038 -1363.140381 -1590.585279 -2594.232555 -3859.968984 -3854.380368 -3432.119968 -2824.186301 -2483.150660 -2281.335338 -2141.216782 -2024.244832 -1953.354397 -1907.740509 -1865.494308 -1821.366289 -1773.777004 -1723.271612 -1671.389382 -1619.180644 -1560.753919 -1327.177096 -1323.396059 -1280.993124 -1272.397120 -1270.973109 -1270.759534 -1270.728156 -1270.724081 -1270.724340 -1270.725199 -1270.725992 -1270.726622 -1270.727109 -1270.727487 -1270.727783 -1270.728021 -1270.728215 -1270.728380 -1270.728527 -1270.728671 -1270.728829 -1270.729025 -1270.729291 -1270.729679 -1270.730269 -1270.731193 -1270.732666 -1270.735059 -1270.739021 -1270.745735 -1270.757423 -1270.778391 -1270.817172 -1270.891030 -1271.035898 -1271.330485 -1271.961152 -1273.405713 -1276.949087 -1286.168637 -1312.443444 -9999.0 -9999.0
-9999.0 -9999.0 -9999.0 -9999.0 -9999.0 -9999.0 -9999.0 -9999.0 -9999.0 -9999.0 -9999.0 -9999.0 -9999.0 -9999.0 -9999.0 -9999.0 -9999.0 -9999.0 -9999.0 -9999.0 -9999.0 -9999.0 -9999.0 -9999.0 -9999.0 -9999.0 -9999.0 -9999.0 -9999.0 -9999.0 -9999.0 -9999.0 -9999.0 -9999.0 -9999.0 -9999.0 -9999.0 -9999.0 -9999.0 -9999.0 -9999.0 -9999.0 -9999.0 -9999.0 -9999.0 -9999.0 -9999.0 -9999.0 -9999.0 -9999.0 -9999.0 -9999.0 -9999.0 -9999.0 -9999.0 -9999.0 -9999.0 -9999.0 -9999.0 -9999.0 -9999.0 -9999.0 -9999.0 -9999.0 -9999.0 -9999.0 -9999.0 -9999.0 -9999.0 -9999.0 -9999.0 -9999.0 -9999.0 -9999.0 -9999.0 -9999.0 -9999.0 -9999.0 -9999.0 -9999.0 -9999.0 -9999.0 -9999.0 -9999.0 -9999.0 -9999.0 -9999.0 -9999.0 -9999.0 -9999.0 -9999.0 -9999.0 -9999.0 -9999.0 -9999.0 -9999.0 -9999.0 -9999.0 -9999.0 -9999.0 -9999.0 -9999.0 -9999.0 -9999.0
-9999.0 -9999.0 -9999.0 -9999.0 -9999.0 -9999.0 -9999.0 -9999.0 -9999.0 -9999.0 -9999.0 -9999.0 -9999.0 -9999.0 -9999.0 -9999.0 -9999.0 -9999.0 -9999.0 -9999.0 -9999.0 -9999.0 -9999.0 -9999.0 -9999.0 -9999.0 -9999.0 -9999.0 -9999.0 -9999.0 -9999.0 -9999.0 -9999.0 -9999.0 -9999.0 -9999.0 -9999.0 -9999.0 -9999.0 -9999.0 -9999.0 -9999.0 -9999.0 -9999.0 -9999.0 -9999.0 -9999.0 -9999.0 -9999.0 -9999.0 -9999.0 -9999.0 -9999.0 -9999.0 -9999.0 -9999.0 -9999.0 -9999.0 -9999.0 -9999.0 -9999.0 -9999.0 -9999.0 -9999.0 -9999.0 -9999.0 -9999.0 -9999.0 -9999.0 -9999.0 -9999.0 -9999.0 -9999.0 -9999.0 -9999.0 -9999.0 -9999.0 -9999.0 -9999.0 -9999.0 -9999.0 -9999.0 -9999.0 -9999.0 -9999.0 -9999.0 -9999.0 -9999.0 -9999.0 -9999.0 -9999.0 -9999.0 -9999.0 -9999.0 -9999.0 -9999.0 -9999.0 -9999.0 -9999.0 -9999.0 -9999.0 -9999.0 -9999.0 -9999.0