inst/processing_geotop_simulation/geotop_simulation/out/maps3D/PwL0016N0105.asc
ncols         104
nrows         10
xllcorner     -2.000000
yllcorner     0.000000
cellsize      1.000000
NODATA_value  -9999.0
-9999.0 -9999.0 -9999.0 -9999.0 -9999.0 -9999.0 -9999.0 -9999.0 -9999.0 -9999.0 -9999.0 -9999.0 -9999.0 -9999.0 -9999.0 -9999.0 -9999.0 -9999.0 -9999.0 -9999.0 -9999.0 -9999.0 -9999.0 -9999.0 -9999.0 -9999.0 -9999.0 -9999.0 -9999.0 -9999.0 -9999.0 -9999.0 -9999.0 -9999.0 -9999.0 -9999.0 -9999.0 -9999.0 -9999.0 -9999.0 -9999.0 -9999.0 -9999.0 -9999.0 -9999.0 -9999.0 -9999.0 -9999.0 -9999.0 -9999.0 -9999.0 -9999.0 -9999.0 -9999.0 -9999.0 -9999.0 -9999.0 -9999.0 -9999.0 -9999.0 -9999.0 -9999.0 -9999.0 -9999.0 -9999.0 -9999.0 -9999.0 -9999.0 -9999.0 -9999.0 -9999.0 -9999.0 -9999.0 -9999.0 -9999.0 -9999.0 -9999.0 -9999.0 -9999.0 -9999.0 -9999.0 -9999.0 -9999.0 -9999.0 -9999.0 -9999.0 -9999.0 -9999.0 -9999.0 -9999.0 -9999.0 -9999.0 -9999.0 -9999.0 -9999.0 -9999.0 -9999.0 -9999.0 -9999.0 -9999.0 -9999.0 -9999.0 -9999.0 -9999.0
-9999.0 -9999.0 -9999.0 -9999.0 -9999.0 -9999.0 -9999.0 -9999.0 -9999.0 -9999.0 -9999.0 -9999.0 -9999.0 -9999.0 -9999.0 -9999.0 -9999.0 -9999.0 -9999.0 -9999.0 -9999.0 -9999.0 -9999.0 -9999.0 -9999.0 -9999.0 -9999.0 -9999.0 -9999.0 -9999.0 -9999.0 -9999.0 -9999.0 -9999.0 -9999.0 -9999.0 -9999.0 -9999.0 -9999.0 -9999.0 -9999.0 -9999.0 -9999.0 -9999.0 -9999.0 -9999.0 -9999.0 -9999.0 -9999.0 -9999.0 -9999.0 -9999.0 -9999.0 -9999.0 -9999.0 -9999.0 -9999.0 -9999.0 -9999.0 -9999.0 -9999.0 -9999.0 -9999.0 -9999.0 -9999.0 -9999.0 -9999.0 -9999.0 -9999.0 -9999.0 -9999.0 -9999.0 -9999.0 -9999.0 -9999.0 -9999.0 -9999.0 -9999.0 -9999.0 -9999.0 -9999.0 -9999.0 -9999.0 -9999.0 -9999.0 -9999.0 -9999.0 -9999.0 -9999.0 -9999.0 -9999.0 -9999.0 -9999.0 -9999.0 -9999.0 -9999.0 -9999.0 -9999.0 -9999.0 -9999.0 -9999.0 -9999.0 -9999.0 -9999.0
-9999.0 -9999.0 789.971209 698.716273 606.035751 512.138488 417.641219 322.884754 228.046096 133.218773 38.452367 -56.212982 -150.796845 -245.402238 -340.370501 -436.435597 -534.690962 -636.251255 -737.040593 -832.712483 -925.054567 -1011.184376 -1066.080948 -1098.527430 -1115.469383 -1123.532625 -1127.132040 -1128.687178 -1129.372518 -1129.710548 -1129.919142 -1130.080401 -1130.220799 -1130.345874 -1130.454879 -1130.548491 -1130.637841 -1130.759065 -1131.043807 -1132.572390 -1143.685904 -1237.776579 -2084.655931 -4173.675976 -4183.168064 -4183.168317 -4183.168317 -4183.168317 -4183.168317 -4183.168317 -4183.168317 -4183.168317 -4183.168317 -4183.168317 -4183.168317 -4183.168317 -4183.168317 -4183.168316 -4183.168316 -4183.167835 -4167.846903 -1969.932052 -1208.402782 -1139.621986 -1132.019131 -1131.139600 -1131.019166 -1130.999921 -1130.998036 -1130.999328 -1131.000927 -1131.002269 -1131.003302 -1131.004086 -1131.004684 -1131.005148 -1131.005515 -1131.005811 -1131.006058 -1131.006275 -1131.006485 -1131.006718 -1131.007008 -1131.007409 -1131.008001 -1131.008909 -1131.010335 -1131.012610 -1131.016293 -1131.022352 -1131.032520 -1131.050016 -1131.080999 -1131.137561 -1131.243795 -1131.448223 -1131.850422 -1132.665170 -1134.400114 -1138.376520 -1148.202889 -1174.576671 -9999.0 -9999.0
-9999.0 -9999.0 789.975730 698.717844 606.036238 512.138642 417.641270 322.884771 228.046102 133.218774 38.452368 -56.212982 -150.796845 -245.402238 -340.370501 -436.435597 -534.690963 -636.251255 -737.040593 -832.712483 -925.054567 -1011.184376 -1066.080948 -1098.527430 -1115.469383 -1123.532625 -1127.132040 -1128.687178 -1129.372518 -1129.710548 -1129.919142 -1130.080401 -1130.220799 -1130.345874 -1130.454879 -1130.548491 -1130.637841 -1130.759065 -1131.043807 -1132.572390 -1143.685904 -1237.776579 -2084.655931 -4173.675976 -4183.168064 -4183.168317 -4183.168317 -4183.168317 -4183.168317 -4183.168317 -4183.168317 -4183.168317 -4183.168317 -4183.168317 -4183.168317 -4183.168317 -4183.168317 -4183.168316 -4183.168316 -4183.167835 -4167.846903 -1969.932052 -1208.402782 -1139.621986 -1132.019131 -1131.139600 -1131.019166 -1130.999921 -1130.998036 -1130.999328 -1131.000927 -1131.002269 -1131.003302 -1131.004086 -1131.004684 -1131.005148 -1131.005515 -1131.005811 -1131.006058 -1131.006275 -1131.006485 -1131.006718 -1131.007008 -1131.007409 -1131.008001 -1131.008909 -1131.010335 -1131.012610 -1131.016293 -1131.022352 -1131.032520 -1131.050016 -1131.080999 -1131.137561 -1131.243795 -1131.448223 -1131.850422 -1132.665170 -1134.400114 -1138.376520 -1148.202889 -1174.576671 -9999.0 -9999.0
-9999.0 -9999.0 789.977224 698.718634 606.036566 512.138766 417.641314 322.884787 228.046107 133.218776 38.452369 -56.212982 -150.796845 -245.402238 -340.370501 -436.435597 -534.690963 -636.251255 -737.040593 -832.712483 -925.054567 -1011.184376 -1066.080948 -1098.527430 -1115.469383 -1123.532625 -1127.132040 -1128.687178 -1129.372518 -1129.710548 -1129.919142 -1130.080401 -1130.220799 -1130.345874 -1130.454879 -1130.548491 -1130.637841 -1130.759065 -1131.043807 -1132.572390 -1143.685904 -1237.776579 -2084.655931 -4173.675976 -4183.168064 -4183.168317 -4183.168317 -4183.168317 -4183.168317 -4183.168317 -4183.168317 -4183.168317 -4183.168317 -4183.168317 -4183.168317 -4183.168317 -4183.168317 -4183.168316 -4183.168316 -4183.167835 -4167.846903 -1969.932052 -1208.402782 -1139.621986 -1132.019131 -1131.139600 -1131.019166 -1130.999921 -1130.998036 -1130.999328 -1131.000927 -1131.002269 -1131.003302 -1131.004086 -1131.004684 -1131.005148 -1131.005515 -1131.005811 -1131.006058 -1131.006275 -1131.006485 -1131.006718 -1131.007008 -1131.007409 -1131.008001 -1131.008909 -1131.010335 -1131.012610 -1131.016293 -1131.022352 -1131.032520 -1131.050016 -1131.080999 -1131.137561 -1131.243795 -1131.448223 -1131.850422 -1132.665170 -1134.400114 -1138.376520 -1148.202889 -1174.576671 -9999.0 -9999.0
-9999.0 -9999.0 789.977224 698.718634 606.036566 512.138766 417.641314 322.884787 228.046107 133.218776 38.452369 -56.212982 -150.796845 -245.402238 -340.370501 -436.435597 -534.690963 -636.251255 -737.040593 -832.712483 -925.054567 -1011.184376 -1066.080948 -1098.527430 -1115.469383 -1123.532625 -1127.132040 -1128.687178 -1129.372518 -1129.710548 -1129.919142 -1130.080401 -1130.220799 -1130.345874 -1130.454879 -1130.548491 -1130.637841 -1130.759065 -1131.043807 -1132.572390 -1143.685904 -1237.776579 -2084.655931 -4173.675976 -4183.168064 -4183.168317 -4183.168317 -4183.168317 -4183.168317 -4183.168317 -4183.168317 -4183.168317 -4183.168317 -4183.168317 -4183.168317 -4183.168317 -4183.168317 -4183.168316 -4183.168316 -4183.167835 -4167.846903 -1969.932052 -1208.402782 -1139.621986 -1132.019131 -1131.139600 -1131.019166 -1130.999921 -1130.998036 -1130.999328 -1131.000927 -1131.002269 -1131.003302 -1131.004086 -1131.004684 -1131.005148 -1131.005515 -1131.005811 -1131.006058 -1131.006275 -1131.006485 -1131.006718 -1131.007008 -1131.007409 -1131.008001 -1131.008909 -1131.010335 -1131.012610 -1131.016293 -1131.022352 -1131.032520 -1131.050016 -1131.080999 -1131.137561 -1131.243795 -1131.448223 -1131.850422 -1132.665170 -1134.400114 -1138.376520 -1148.202889 -1174.576671 -9999.0 -9999.0
-9999.0 -9999.0 789.975730 698.717844 606.036238 512.138642 417.641269 322.884771 228.046102 133.218774 38.452368 -56.212982 -150.796845 -245.402238 -340.370501 -436.435597 -534.690963 -636.251255 -737.040593 -832.712483 -925.054567 -1011.184376 -1066.080948 -1098.527430 -1115.469383 -1123.532625 -1127.132040 -1128.687178 -1129.372518 -1129.710548 -1129.919142 -1130.080401 -1130.220799 -1130.345874 -1130.454879 -1130.548491 -1130.637841 -1130.759065 -1131.043807 -1132.572390 -1143.685904 -1237.776579 -2084.655931 -4173.675976 -4183.168064 -4183.168317 -4183.168317 -4183.168317 -4183.168317 -4183.168317 -4183.168317 -4183.168317 -4183.168317 -4183.168317 -4183.168317 -4183.168317 -4183.168317 -4183.168316 -4183.168316 -4183.167835 -4167.846903 -1969.932052 -1208.402782 -1139.621986 -1132.019131 -1131.139600 -1131.019166 -1130.999921 -1130.998036 -1130.999328 -1131.000927 -1131.002269 -1131.003302 -1131.004086 -1131.004684 -1131.005148 -1131.005515 -1131.005811 -1131.006058 -1131.006275 -1131.006485 -1131.006718 -1131.007008 -1131.007409 -1131.008001 -1131.008909 -1131.010335 -1131.012610 -1131.016293 -1131.022352 -1131.032520 -1131.050016 -1131.080999 -1131.137561 -1131.243795 -1131.448223 -1131.850422 -1132.665170 -1134.400114 -1138.376520 -1148.202889 -1174.576671 -9999.0 -9999.0
-9999.0 -9999.0 789.971209 698.716273 606.035751 512.138488 417.641219 322.884754 228.046096 133.218773 38.452367 -56.212982 -150.796845 -245.402238 -340.370501 -436.435597 -534.690962 -636.251255 -737.040593 -832.712483 -925.054567 -1011.184376 -1066.080948 -1098.527430 -1115.469383 -1123.532625 -1127.132040 -1128.687178 -1129.372518 -1129.710548 -1129.919142 -1130.080401 -1130.220799 -1130.345874 -1130.454879 -1130.548491 -1130.637841 -1130.759065 -1131.043807 -1132.572390 -1143.685904 -1237.776579 -2084.655931 -4173.675976 -4183.168064 -4183.168317 -4183.168317 -4183.168317 -4183.168317 -4183.168317 -4183.168317 -4183.168317 -4183.168317 -4183.168317 -4183.168317 -4183.168317 -4183.168317 -4183.168316 -4183.168316 -4183.167835 -4167.846903 -1969.932052 -1208.402782 -1139.621986 -1132.019131 -1131.139600 -1131.019166 -1130.999921 -1130.998036 -1130.999328 -1131.000927 -1131.002269 -1131.003302 -1131.004086 -1131.004684 -1131.005148 -1131.005515 -1131.005811 -1131.006058 -1131.006275 -1131.006485 -1131.006718 -1131.007008 -1131.007409 -1131.008001 -1131.008909 -1131.010335 -1131.012610 -1131.016293 -1131.022352 -1131.032520 -1131.050016 -1131.080999 -1131.137561 -1131.243795 -1131.448223 -1131.850422 -1132.665170 -1134.400114 -1138.376520 -1148.202889 -1174.576671 -9999.0 -9999.0
-9999.0 -9999.0 -9999.0 -9999.0 -9999.0 -9999.0 -9999.0 -9999.0 -9999.0 -9999.0 -9999.0 -9999.0 -9999.0 -9999.0 -9999.0 -9999.0 -9999.0 -9999.0 -9999.0 -9999.0 -9999.0 -9999.0 -9999.0 -9999.0 -9999.0 -9999.0 -9999.0 -9999.0 -9999.0 -9999.0 -9999.0 -9999.0 -9999.0 -9999.0 -9999.0 -9999.0 -9999.0 -9999.0 -9999.0 -9999.0 -9999.0 -9999.0 -9999.0 -9999.0 -9999.0 -9999.0 -9999.0 -9999.0 -9999.0 -9999.0 -9999.0 -9999.0 -9999.0 -9999.0 -9999.0 -9999.0 -9999.0 -9999.0 -9999.0 -9999.0 -9999.0 -9999.0 -9999.0 -9999.0 -9999.0 -9999.0 -9999.0 -9999.0 -9999.0 -9999.0 -9999.0 -9999.0 -9999.0 -9999.0 -9999.0 -9999.0 -9999.0 -9999.0 -9999.0 -9999.0 -9999.0 -9999.0 -9999.0 -9999.0 -9999.0 -9999.0 -9999.0 -9999.0 -9999.0 -9999.0 -9999.0 -9999.0 -9999.0 -9999.0 -9999.0 -9999.0 -9999.0 -9999.0 -9999.0 -9999.0 -9999.0 -9999.0 -9999.0 -9999.0
-9999.0 -9999.0 -9999.0 -9999.0 -9999.0 -9999.0 -9999.0 -9999.0 -9999.0 -9999.0 -9999.0 -9999.0 -9999.0 -9999.0 -9999.0 -9999.0 -9999.0 -9999.0 -9999.0 -9999.0 -9999.0 -9999.0 -9999.0 -9999.0 -9999.0 -9999.0 -9999.0 -9999.0 -9999.0 -9999.0 -9999.0 -9999.0 -9999.0 -9999.0 -9999.0 -9999.0 -9999.0 -9999.0 -9999.0 -9999.0 -9999.0 -9999.0 -9999.0 -9999.0 -9999.0 -9999.0 -9999.0 -9999.0 -9999.0 -9999.0 -9999.0 -9999.0 -9999.0 -9999.0 -9999.0 -9999.0 -9999.0 -9999.0 -9999.0 -9999.0 -9999.0 -9999.0 -9999.0 -9999.0 -9999.0 -9999.0 -9999.0 -9999.0 -9999.0 -9999.0 -9999.0 -9999.0 -9999.0 -9999.0 -9999.0 -9999.0 -9999.0 -9999.0 -9999.0 -9999.0 -9999.0 -9999.0 -9999.0 -9999.0 -9999.0 -9999.0 -9999.0 -9999.0 -9999.0 -9999.0 -9999.0 -9999.0 -9999.0 -9999.0 -9999.0 -9999.0 -9999.0 -9999.0 -9999.0 -9999.0 -9999.0 -9999.0 -9999.0 -9999.0