inst/processing_geotop_simulation/geotop_simulation/out/maps3D/PwL0001N0391.asc
ncols         104
nrows         10
xllcorner     -2.000000
yllcorner     0.000000
cellsize      1.000000
NODATA_value  -9999.0
-9999.0 -9999.0 -9999.0 -9999.0 -9999.0 -9999.0 -9999.0 -9999.0 -9999.0 -9999.0 -9999.0 -9999.0 -9999.0 -9999.0 -9999.0 -9999.0 -9999.0 -9999.0 -9999.0 -9999.0 -9999.0 -9999.0 -9999.0 -9999.0 -9999.0 -9999.0 -9999.0 -9999.0 -9999.0 -9999.0 -9999.0 -9999.0 -9999.0 -9999.0 -9999.0 -9999.0 -9999.0 -9999.0 -9999.0 -9999.0 -9999.0 -9999.0 -9999.0 -9999.0 -9999.0 -9999.0 -9999.0 -9999.0 -9999.0 -9999.0 -9999.0 -9999.0 -9999.0 -9999.0 -9999.0 -9999.0 -9999.0 -9999.0 -9999.0 -9999.0 -9999.0 -9999.0 -9999.0 -9999.0 -9999.0 -9999.0 -9999.0 -9999.0 -9999.0 -9999.0 -9999.0 -9999.0 -9999.0 -9999.0 -9999.0 -9999.0 -9999.0 -9999.0 -9999.0 -9999.0 -9999.0 -9999.0 -9999.0 -9999.0 -9999.0 -9999.0 -9999.0 -9999.0 -9999.0 -9999.0 -9999.0 -9999.0 -9999.0 -9999.0 -9999.0 -9999.0 -9999.0 -9999.0 -9999.0 -9999.0 -9999.0 -9999.0 -9999.0 -9999.0
-9999.0 -9999.0 -9999.0 -9999.0 -9999.0 -9999.0 -9999.0 -9999.0 -9999.0 -9999.0 -9999.0 -9999.0 -9999.0 -9999.0 -9999.0 -9999.0 -9999.0 -9999.0 -9999.0 -9999.0 -9999.0 -9999.0 -9999.0 -9999.0 -9999.0 -9999.0 -9999.0 -9999.0 -9999.0 -9999.0 -9999.0 -9999.0 -9999.0 -9999.0 -9999.0 -9999.0 -9999.0 -9999.0 -9999.0 -9999.0 -9999.0 -9999.0 -9999.0 -9999.0 -9999.0 -9999.0 -9999.0 -9999.0 -9999.0 -9999.0 -9999.0 -9999.0 -9999.0 -9999.0 -9999.0 -9999.0 -9999.0 -9999.0 -9999.0 -9999.0 -9999.0 -9999.0 -9999.0 -9999.0 -9999.0 -9999.0 -9999.0 -9999.0 -9999.0 -9999.0 -9999.0 -9999.0 -9999.0 -9999.0 -9999.0 -9999.0 -9999.0 -9999.0 -9999.0 -9999.0 -9999.0 -9999.0 -9999.0 -9999.0 -9999.0 -9999.0 -9999.0 -9999.0 -9999.0 -9999.0 -9999.0 -9999.0 -9999.0 -9999.0 -9999.0 -9999.0 -9999.0 -9999.0 -9999.0 -9999.0 -9999.0 -9999.0 -9999.0 -9999.0
-9999.0 -9999.0 26.149282 -71.185743 -169.975280 -269.079222 -368.297807 -467.556634 -566.818174 -666.052777 -765.215993 -864.275917 -963.204317 -1061.962104 -1160.671198 -1259.298305 -1357.539139 -1455.136225 -1551.613881 -1646.086304 -1736.903093 -1821.300549 -1895.967885 -1958.473544 -2008.189474 -2046.117657 -2074.150007 -2094.385499 -2108.734518 -2118.768413 -2125.706588 -2130.460702 -2133.694534 -2135.881725 -2137.355333 -2138.349331 -2139.039260 -2139.615336 -2140.504608 -2142.769814 -2144.254196 -2081.313301 -1281.095243 -1277.289705 -1267.379728 -1260.853915 -1257.781563 -1257.296688 -1257.243685 -1257.248370 -1257.261395 -1257.275450 -1257.288967 -1257.301491 -1257.313158 -1257.327098 -1257.372152 -1257.667450 -1259.321722 -1262.967434 -1267.889947 -1264.526080 -2057.541498 -2138.413642 -2141.327888 -2140.679226 -2140.470937 -2140.430193 -2140.423689 -2140.423133 -2140.423502 -2140.423935 -2140.424294 -2140.424575 -2140.424792 -2140.424964 -2140.425101 -2140.425215 -2140.425311 -2140.425400 -2140.425487 -2140.425585 -2140.425708 -2140.425875 -2140.426119 -2140.426492 -2140.427074 -2140.428005 -2140.429522 -2140.432048 -2140.436359 -2140.443930 -2140.457632 -2140.483191 -2140.532264 -2140.629357 -2140.828645 -2141.258787 -2142.252396 -2144.762233 -2151.916258 -2175.778922 -9999.0 -9999.0
-9999.0 -9999.0 26.160656 -71.183857 -169.974810 -269.079085 -368.297764 -467.556619 -566.818169 -666.052774 -765.215991 -864.275916 -963.204317 -1061.962104 -1160.671198 -1259.298306 -1357.539139 -1455.136226 -1551.613881 -1646.086304 -1736.903093 -1821.300549 -1895.967885 -1958.473545 -2008.189474 -2046.117657 -2074.150007 -2094.385499 -2108.734518 -2118.768413 -2125.706588 -2130.460702 -2133.694534 -2135.881725 -2137.355333 -2138.349331 -2139.039260 -2139.615336 -2140.504608 -2142.769813 -2144.254196 -2081.313301 -1281.095243 -1277.289705 -1267.379728 -1260.853915 -1257.781563 -1257.296688 -1257.243685 -1257.248370 -1257.261395 -1257.275450 -1257.288967 -1257.301491 -1257.313158 -1257.327098 -1257.372152 -1257.667450 -1259.321722 -1262.967434 -1267.889947 -1264.526080 -2057.541498 -2138.413642 -2141.327888 -2140.679226 -2140.470937 -2140.430193 -2140.423689 -2140.423133 -2140.423502 -2140.423935 -2140.424294 -2140.424575 -2140.424792 -2140.424964 -2140.425101 -2140.425214 -2140.425311 -2140.425400 -2140.425487 -2140.425585 -2140.425708 -2140.425875 -2140.426119 -2140.426492 -2140.427074 -2140.428005 -2140.429522 -2140.432048 -2140.436359 -2140.443930 -2140.457632 -2140.483191 -2140.532264 -2140.629357 -2140.828645 -2141.258787 -2142.252396 -2144.762233 -2151.916258 -2175.778922 -9999.0 -9999.0
-9999.0 -9999.0 26.161707 -71.183102 -169.974512 -269.078977 -368.297725 -467.556605 -566.818164 -666.052772 -765.215991 -864.275916 -963.204316 -1061.962104 -1160.671199 -1259.298306 -1357.539139 -1455.136226 -1551.613881 -1646.086304 -1736.903093 -1821.300549 -1895.967886 -1958.473545 -2008.189474 -2046.117657 -2074.150007 -2094.385499 -2108.734518 -2118.768413 -2125.706588 -2130.460702 -2133.694534 -2135.881725 -2137.355333 -2138.349331 -2139.039260 -2139.615336 -2140.504608 -2142.769813 -2144.254196 -2081.313301 -1281.095243 -1277.289705 -1267.379728 -1260.853915 -1257.781563 -1257.296688 -1257.243685 -1257.248370 -1257.261395 -1257.275450 -1257.288967 -1257.301491 -1257.313158 -1257.327098 -1257.372152 -1257.667450 -1259.321722 -1262.967434 -1267.889947 -1264.526080 -2057.541498 -2138.413642 -2141.327888 -2140.679226 -2140.470937 -2140.430193 -2140.423689 -2140.423133 -2140.423502 -2140.423935 -2140.424294 -2140.424575 -2140.424792 -2140.424964 -2140.425101 -2140.425214 -2140.425311 -2140.425400 -2140.425487 -2140.425585 -2140.425708 -2140.425875 -2140.426119 -2140.426492 -2140.427074 -2140.428005 -2140.429522 -2140.432048 -2140.436359 -2140.443930 -2140.457632 -2140.483191 -2140.532264 -2140.629357 -2140.828645 -2141.258787 -2142.252396 -2144.762233 -2151.916258 -2175.778922 -9999.0 -9999.0
-9999.0 -9999.0 26.161707 -71.183102 -169.974513 -269.078977 -368.297725 -467.556605 -566.818164 -666.052772 -765.215991 -864.275916 -963.204316 -1061.962104 -1160.671198 -1259.298306 -1357.539139 -1455.136226 -1551.613881 -1646.086304 -1736.903093 -1821.300549 -1895.967886 -1958.473545 -2008.189474 -2046.117657 -2074.150007 -2094.385499 -2108.734518 -2118.768413 -2125.706588 -2130.460702 -2133.694534 -2135.881725 -2137.355333 -2138.349331 -2139.039260 -2139.615336 -2140.504608 -2142.769813 -2144.254196 -2081.313301 -1281.095243 -1277.289705 -1267.379728 -1260.853915 -1257.781563 -1257.296688 -1257.243685 -1257.248370 -1257.261395 -1257.275450 -1257.288967 -1257.301491 -1257.313158 -1257.327098 -1257.372152 -1257.667450 -1259.321722 -1262.967434 -1267.889947 -1264.526080 -2057.541498 -2138.413642 -2141.327888 -2140.679226 -2140.470937 -2140.430193 -2140.423689 -2140.423133 -2140.423502 -2140.423935 -2140.424294 -2140.424575 -2140.424792 -2140.424964 -2140.425101 -2140.425214 -2140.425311 -2140.425400 -2140.425487 -2140.425585 -2140.425708 -2140.425875 -2140.426119 -2140.426492 -2140.427074 -2140.428005 -2140.429522 -2140.432048 -2140.436359 -2140.443930 -2140.457632 -2140.483191 -2140.532264 -2140.629357 -2140.828645 -2141.258787 -2142.252396 -2144.762233 -2151.916258 -2175.778922 -9999.0 -9999.0
-9999.0 -9999.0 26.160657 -71.183857 -169.974810 -269.079085 -368.297764 -467.556619 -566.818169 -666.052774 -765.215992 -864.275916 -963.204317 -1061.962104 -1160.671199 -1259.298306 -1357.539139 -1455.136225 -1551.613881 -1646.086304 -1736.903093 -1821.300549 -1895.967885 -1958.473545 -2008.189474 -2046.117657 -2074.150007 -2094.385499 -2108.734518 -2118.768413 -2125.706588 -2130.460702 -2133.694534 -2135.881725 -2137.355333 -2138.349331 -2139.039260 -2139.615336 -2140.504608 -2142.769813 -2144.254196 -2081.313301 -1281.095243 -1277.289705 -1267.379728 -1260.853915 -1257.781563 -1257.296688 -1257.243685 -1257.248370 -1257.261395 -1257.275450 -1257.288967 -1257.301491 -1257.313158 -1257.327098 -1257.372152 -1257.667450 -1259.321722 -1262.967434 -1267.889947 -1264.526080 -2057.541498 -2138.413642 -2141.327888 -2140.679226 -2140.470937 -2140.430193 -2140.423689 -2140.423133 -2140.423502 -2140.423935 -2140.424294 -2140.424575 -2140.424792 -2140.424964 -2140.425101 -2140.425214 -2140.425311 -2140.425400 -2140.425487 -2140.425585 -2140.425708 -2140.425875 -2140.426119 -2140.426492 -2140.427074 -2140.428005 -2140.429522 -2140.432048 -2140.436359 -2140.443930 -2140.457632 -2140.483191 -2140.532264 -2140.629357 -2140.828645 -2141.258787 -2142.252396 -2144.762233 -2151.916258 -2175.778922 -9999.0 -9999.0
-9999.0 -9999.0 26.149282 -71.185743 -169.975280 -269.079222 -368.297807 -467.556634 -566.818174 -666.052777 -765.215992 -864.275917 -963.204317 -1061.962104 -1160.671198 -1259.298305 -1357.539138 -1455.136225 -1551.613881 -1646.086304 -1736.903093 -1821.300549 -1895.967885 -1958.473544 -2008.189474 -2046.117657 -2074.150007 -2094.385499 -2108.734518 -2118.768413 -2125.706588 -2130.460702 -2133.694534 -2135.881725 -2137.355333 -2138.349331 -2139.039260 -2139.615336 -2140.504608 -2142.769814 -2144.254196 -2081.313301 -1281.095243 -1277.289705 -1267.379728 -1260.853915 -1257.781563 -1257.296688 -1257.243685 -1257.248370 -1257.261395 -1257.275450 -1257.288967 -1257.301491 -1257.313158 -1257.327098 -1257.372152 -1257.667450 -1259.321722 -1262.967434 -1267.889947 -1264.526080 -2057.541498 -2138.413642 -2141.327888 -2140.679226 -2140.470937 -2140.430193 -2140.423689 -2140.423133 -2140.423502 -2140.423935 -2140.424294 -2140.424575 -2140.424792 -2140.424964 -2140.425101 -2140.425215 -2140.425311 -2140.425400 -2140.425487 -2140.425585 -2140.425708 -2140.425875 -2140.426119 -2140.426492 -2140.427074 -2140.428005 -2140.429522 -2140.432048 -2140.436359 -2140.443930 -2140.457632 -2140.483191 -2140.532264 -2140.629357 -2140.828645 -2141.258787 -2142.252396 -2144.762233 -2151.916258 -2175.778922 -9999.0 -9999.0
-9999.0 -9999.0 -9999.0 -9999.0 -9999.0 -9999.0 -9999.0 -9999.0 -9999.0 -9999.0 -9999.0 -9999.0 -9999.0 -9999.0 -9999.0 -9999.0 -9999.0 -9999.0 -9999.0 -9999.0 -9999.0 -9999.0 -9999.0 -9999.0 -9999.0 -9999.0 -9999.0 -9999.0 -9999.0 -9999.0 -9999.0 -9999.0 -9999.0 -9999.0 -9999.0 -9999.0 -9999.0 -9999.0 -9999.0 -9999.0 -9999.0 -9999.0 -9999.0 -9999.0 -9999.0 -9999.0 -9999.0 -9999.0 -9999.0 -9999.0 -9999.0 -9999.0 -9999.0 -9999.0 -9999.0 -9999.0 -9999.0 -9999.0 -9999.0 -9999.0 -9999.0 -9999.0 -9999.0 -9999.0 -9999.0 -9999.0 -9999.0 -9999.0 -9999.0 -9999.0 -9999.0 -9999.0 -9999.0 -9999.0 -9999.0 -9999.0 -9999.0 -9999.0 -9999.0 -9999.0 -9999.0 -9999.0 -9999.0 -9999.0 -9999.0 -9999.0 -9999.0 -9999.0 -9999.0 -9999.0 -9999.0 -9999.0 -9999.0 -9999.0 -9999.0 -9999.0 -9999.0 -9999.0 -9999.0 -9999.0 -9999.0 -9999.0 -9999.0 -9999.0
-9999.0 -9999.0 -9999.0 -9999.0 -9999.0 -9999.0 -9999.0 -9999.0 -9999.0 -9999.0 -9999.0 -9999.0 -9999.0 -9999.0 -9999.0 -9999.0 -9999.0 -9999.0 -9999.0 -9999.0 -9999.0 -9999.0 -9999.0 -9999.0 -9999.0 -9999.0 -9999.0 -9999.0 -9999.0 -9999.0 -9999.0 -9999.0 -9999.0 -9999.0 -9999.0 -9999.0 -9999.0 -9999.0 -9999.0 -9999.0 -9999.0 -9999.0 -9999.0 -9999.0 -9999.0 -9999.0 -9999.0 -9999.0 -9999.0 -9999.0 -9999.0 -9999.0 -9999.0 -9999.0 -9999.0 -9999.0 -9999.0 -9999.0 -9999.0 -9999.0 -9999.0 -9999.0 -9999.0 -9999.0 -9999.0 -9999.0 -9999.0 -9999.0 -9999.0 -9999.0 -9999.0 -9999.0 -9999.0 -9999.0 -9999.0 -9999.0 -9999.0 -9999.0 -9999.0 -9999.0 -9999.0 -9999.0 -9999.0 -9999.0 -9999.0 -9999.0 -9999.0 -9999.0 -9999.0 -9999.0 -9999.0 -9999.0 -9999.0 -9999.0 -9999.0 -9999.0 -9999.0 -9999.0 -9999.0 -9999.0 -9999.0 -9999.0 -9999.0 -9999.0