inst/processing_geotop_simulation/geotop_simulation/out/maps3D/PwL0002N0095.asc
ncols         104
nrows         10
xllcorner     -2.000000
yllcorner     0.000000
cellsize      1.000000
NODATA_value  -9999.0
-9999.0 -9999.0 -9999.0 -9999.0 -9999.0 -9999.0 -9999.0 -9999.0 -9999.0 -9999.0 -9999.0 -9999.0 -9999.0 -9999.0 -9999.0 -9999.0 -9999.0 -9999.0 -9999.0 -9999.0 -9999.0 -9999.0 -9999.0 -9999.0 -9999.0 -9999.0 -9999.0 -9999.0 -9999.0 -9999.0 -9999.0 -9999.0 -9999.0 -9999.0 -9999.0 -9999.0 -9999.0 -9999.0 -9999.0 -9999.0 -9999.0 -9999.0 -9999.0 -9999.0 -9999.0 -9999.0 -9999.0 -9999.0 -9999.0 -9999.0 -9999.0 -9999.0 -9999.0 -9999.0 -9999.0 -9999.0 -9999.0 -9999.0 -9999.0 -9999.0 -9999.0 -9999.0 -9999.0 -9999.0 -9999.0 -9999.0 -9999.0 -9999.0 -9999.0 -9999.0 -9999.0 -9999.0 -9999.0 -9999.0 -9999.0 -9999.0 -9999.0 -9999.0 -9999.0 -9999.0 -9999.0 -9999.0 -9999.0 -9999.0 -9999.0 -9999.0 -9999.0 -9999.0 -9999.0 -9999.0 -9999.0 -9999.0 -9999.0 -9999.0 -9999.0 -9999.0 -9999.0 -9999.0 -9999.0 -9999.0 -9999.0 -9999.0 -9999.0 -9999.0
-9999.0 -9999.0 -9999.0 -9999.0 -9999.0 -9999.0 -9999.0 -9999.0 -9999.0 -9999.0 -9999.0 -9999.0 -9999.0 -9999.0 -9999.0 -9999.0 -9999.0 -9999.0 -9999.0 -9999.0 -9999.0 -9999.0 -9999.0 -9999.0 -9999.0 -9999.0 -9999.0 -9999.0 -9999.0 -9999.0 -9999.0 -9999.0 -9999.0 -9999.0 -9999.0 -9999.0 -9999.0 -9999.0 -9999.0 -9999.0 -9999.0 -9999.0 -9999.0 -9999.0 -9999.0 -9999.0 -9999.0 -9999.0 -9999.0 -9999.0 -9999.0 -9999.0 -9999.0 -9999.0 -9999.0 -9999.0 -9999.0 -9999.0 -9999.0 -9999.0 -9999.0 -9999.0 -9999.0 -9999.0 -9999.0 -9999.0 -9999.0 -9999.0 -9999.0 -9999.0 -9999.0 -9999.0 -9999.0 -9999.0 -9999.0 -9999.0 -9999.0 -9999.0 -9999.0 -9999.0 -9999.0 -9999.0 -9999.0 -9999.0 -9999.0 -9999.0 -9999.0 -9999.0 -9999.0 -9999.0 -9999.0 -9999.0 -9999.0 -9999.0 -9999.0 -9999.0 -9999.0 -9999.0 -9999.0 -9999.0 -9999.0 -9999.0 -9999.0 -9999.0
-9999.0 -9999.0 83.513617 -1.610319 -94.421335 -189.109400 -284.536864 -380.375301 -476.628659 -573.689561 -676.970600 -826.109222 -977.489865 -1100.647141 -1197.584563 -1285.350076 -1356.655115 -1391.129298 -1402.224565 -1401.635717 -1397.145983 -1392.769888 -1390.088849 -1389.413807 -1390.461738 -1392.707637 -1395.568380 -1398.529051 -1401.228169 -1403.480110 -1405.240287 -1406.549834 -1407.487683 -1408.138817 -1408.578327 -1408.867809 -1409.064559 -1409.238174 -1409.456234 -1410.122433 -1415.515813 -1437.008191 -917.752784 -913.210675 -900.953100 -893.410807 -889.885128 -889.397853 -889.349938 -889.361342 -889.382333 -889.404537 -889.425839 -889.445542 -889.463620 -889.482650 -889.528436 -889.820932 -891.703667 -896.017256 -903.164414 -899.510951 -1420.077888 -1413.377017 -1410.125188 -1409.615510 -1409.524224 -1409.507928 -1409.507083 -1409.509101 -1409.511245 -1409.512988 -1409.514315 -1409.515316 -1409.516077 -1409.516666 -1409.517130 -1409.517504 -1409.517812 -1409.518082 -1409.518342 -1409.518625 -1409.518977 -1409.519460 -1409.520170 -1409.521258 -1409.522963 -1409.525676 -1409.530056 -1409.537229 -1409.549200 -1409.569657 -1409.605609 -1409.670742 -1409.792191 -1410.024014 -1410.473940 -1411.359142 -1413.137817 -1416.865044 -1425.256896 -1447.315228 -9999.0 -9999.0
-9999.0 -9999.0 83.526526 -1.607983 -94.420750 -189.109230 -284.536811 -380.375284 -476.628653 -573.689559 -676.970599 -826.109222 -977.489866 -1100.647141 -1197.584563 -1285.350076 -1356.655115 -1391.129298 -1402.224565 -1401.635717 -1397.145983 -1392.769888 -1390.088849 -1389.413807 -1390.461738 -1392.707637 -1395.568380 -1398.529051 -1401.228169 -1403.480110 -1405.240287 -1406.549834 -1407.487683 -1408.138817 -1408.578327 -1408.867809 -1409.064559 -1409.238174 -1409.456234 -1410.122433 -1415.515813 -1437.008191 -917.752784 -913.210674 -900.953100 -893.410807 -889.885128 -889.397853 -889.349938 -889.361342 -889.382333 -889.404537 -889.425839 -889.445542 -889.463620 -889.482650 -889.528436 -889.820932 -891.703667 -896.017256 -903.164414 -899.510951 -1420.077888 -1413.377017 -1410.125188 -1409.615510 -1409.524224 -1409.507928 -1409.507083 -1409.509101 -1409.511245 -1409.512988 -1409.514315 -1409.515316 -1409.516077 -1409.516666 -1409.517130 -1409.517504 -1409.517812 -1409.518082 -1409.518342 -1409.518625 -1409.518977 -1409.519460 -1409.520170 -1409.521258 -1409.522963 -1409.525676 -1409.530056 -1409.537229 -1409.549200 -1409.569657 -1409.605609 -1409.670742 -1409.792191 -1410.024014 -1410.473940 -1411.359142 -1413.137817 -1416.865044 -1425.256896 -1447.315228 -9999.0 -9999.0
-9999.0 -9999.0 83.527929 -1.607055 -94.420382 -189.109097 -284.536764 -380.375267 -476.628648 -573.689557 -676.970599 -826.109222 -977.489866 -1100.647141 -1197.584563 -1285.350076 -1356.655115 -1391.129298 -1402.224565 -1401.635717 -1397.145983 -1392.769888 -1390.088849 -1389.413807 -1390.461738 -1392.707637 -1395.568380 -1398.529051 -1401.228169 -1403.480110 -1405.240287 -1406.549834 -1407.487683 -1408.138817 -1408.578327 -1408.867809 -1409.064559 -1409.238174 -1409.456234 -1410.122433 -1415.515813 -1437.008191 -917.752784 -913.210674 -900.953100 -893.410807 -889.885128 -889.397853 -889.349938 -889.361342 -889.382333 -889.404537 -889.425839 -889.445542 -889.463620 -889.482650 -889.528436 -889.820932 -891.703667 -896.017256 -903.164414 -899.510951 -1420.077888 -1413.377017 -1410.125188 -1409.615510 -1409.524224 -1409.507928 -1409.507083 -1409.509101 -1409.511245 -1409.512988 -1409.514315 -1409.515316 -1409.516077 -1409.516666 -1409.517130 -1409.517504 -1409.517812 -1409.518082 -1409.518342 -1409.518625 -1409.518977 -1409.519460 -1409.520170 -1409.521258 -1409.522963 -1409.525676 -1409.530056 -1409.537229 -1409.549200 -1409.569657 -1409.605609 -1409.670742 -1409.792191 -1410.024014 -1410.473940 -1411.359142 -1413.137817 -1416.865044 -1425.256896 -1447.315228 -9999.0 -9999.0
-9999.0 -9999.0 83.527929 -1.607055 -94.420382 -189.109097 -284.536764 -380.375267 -476.628647 -573.689557 -676.970599 -826.109222 -977.489866 -1100.647141 -1197.584563 -1285.350076 -1356.655115 -1391.129298 -1402.224565 -1401.635717 -1397.145983 -1392.769888 -1390.088849 -1389.413807 -1390.461738 -1392.707637 -1395.568380 -1398.529051 -1401.228169 -1403.480110 -1405.240287 -1406.549834 -1407.487683 -1408.138817 -1408.578327 -1408.867809 -1409.064559 -1409.238174 -1409.456234 -1410.122433 -1415.515813 -1437.008191 -917.752784 -913.210674 -900.953100 -893.410807 -889.885128 -889.397853 -889.349938 -889.361342 -889.382333 -889.404537 -889.425839 -889.445542 -889.463620 -889.482650 -889.528436 -889.820932 -891.703667 -896.017256 -903.164414 -899.510951 -1420.077888 -1413.377017 -1410.125188 -1409.615510 -1409.524224 -1409.507928 -1409.507083 -1409.509101 -1409.511245 -1409.512988 -1409.514315 -1409.515316 -1409.516077 -1409.516666 -1409.517130 -1409.517504 -1409.517812 -1409.518082 -1409.518342 -1409.518625 -1409.518977 -1409.519460 -1409.520170 -1409.521258 -1409.522963 -1409.525676 -1409.530056 -1409.537229 -1409.549200 -1409.569657 -1409.605609 -1409.670742 -1409.792191 -1410.024014 -1410.473940 -1411.359142 -1413.137817 -1416.865044 -1425.256896 -1447.315228 -9999.0 -9999.0
-9999.0 -9999.0 83.526526 -1.607982 -94.420750 -189.109230 -284.536811 -380.375284 -476.628653 -573.689559 -676.970599 -826.109222 -977.489866 -1100.647141 -1197.584563 -1285.350076 -1356.655115 -1391.129298 -1402.224565 -1401.635717 -1397.145983 -1392.769888 -1390.088849 -1389.413807 -1390.461738 -1392.707637 -1395.568380 -1398.529051 -1401.228169 -1403.480110 -1405.240287 -1406.549834 -1407.487683 -1408.138817 -1408.578327 -1408.867809 -1409.064559 -1409.238174 -1409.456234 -1410.122433 -1415.515813 -1437.008191 -917.752784 -913.210674 -900.953100 -893.410807 -889.885128 -889.397853 -889.349938 -889.361342 -889.382333 -889.404537 -889.425839 -889.445542 -889.463620 -889.482650 -889.528436 -889.820932 -891.703667 -896.017256 -903.164414 -899.510951 -1420.077888 -1413.377017 -1410.125188 -1409.615510 -1409.524224 -1409.507928 -1409.507083 -1409.509101 -1409.511245 -1409.512988 -1409.514315 -1409.515316 -1409.516077 -1409.516666 -1409.517130 -1409.517504 -1409.517812 -1409.518082 -1409.518342 -1409.518625 -1409.518977 -1409.519460 -1409.520170 -1409.521258 -1409.522963 -1409.525676 -1409.530056 -1409.537229 -1409.549200 -1409.569657 -1409.605609 -1409.670742 -1409.792191 -1410.024014 -1410.473940 -1411.359142 -1413.137817 -1416.865044 -1425.256896 -1447.315228 -9999.0 -9999.0
-9999.0 -9999.0 83.513617 -1.610319 -94.421335 -189.109400 -284.536864 -380.375301 -476.628659 -573.689561 -676.970600 -826.109222 -977.489865 -1100.647141 -1197.584563 -1285.350076 -1356.655115 -1391.129298 -1402.224565 -1401.635717 -1397.145983 -1392.769888 -1390.088849 -1389.413807 -1390.461738 -1392.707637 -1395.568380 -1398.529051 -1401.228169 -1403.480110 -1405.240287 -1406.549834 -1407.487683 -1408.138817 -1408.578327 -1408.867809 -1409.064559 -1409.238174 -1409.456234 -1410.122433 -1415.515813 -1437.008191 -917.752784 -913.210675 -900.953100 -893.410807 -889.885128 -889.397853 -889.349938 -889.361342 -889.382333 -889.404537 -889.425839 -889.445542 -889.463620 -889.482650 -889.528436 -889.820932 -891.703667 -896.017256 -903.164414 -899.510951 -1420.077888 -1413.377017 -1410.125188 -1409.615510 -1409.524224 -1409.507928 -1409.507083 -1409.509101 -1409.511245 -1409.512988 -1409.514315 -1409.515316 -1409.516077 -1409.516666 -1409.517130 -1409.517504 -1409.517812 -1409.518082 -1409.518342 -1409.518625 -1409.518977 -1409.519460 -1409.520170 -1409.521258 -1409.522963 -1409.525676 -1409.530056 -1409.537229 -1409.549200 -1409.569657 -1409.605609 -1409.670742 -1409.792191 -1410.024014 -1410.473940 -1411.359142 -1413.137817 -1416.865044 -1425.256896 -1447.315228 -9999.0 -9999.0
-9999.0 -9999.0 -9999.0 -9999.0 -9999.0 -9999.0 -9999.0 -9999.0 -9999.0 -9999.0 -9999.0 -9999.0 -9999.0 -9999.0 -9999.0 -9999.0 -9999.0 -9999.0 -9999.0 -9999.0 -9999.0 -9999.0 -9999.0 -9999.0 -9999.0 -9999.0 -9999.0 -9999.0 -9999.0 -9999.0 -9999.0 -9999.0 -9999.0 -9999.0 -9999.0 -9999.0 -9999.0 -9999.0 -9999.0 -9999.0 -9999.0 -9999.0 -9999.0 -9999.0 -9999.0 -9999.0 -9999.0 -9999.0 -9999.0 -9999.0 -9999.0 -9999.0 -9999.0 -9999.0 -9999.0 -9999.0 -9999.0 -9999.0 -9999.0 -9999.0 -9999.0 -9999.0 -9999.0 -9999.0 -9999.0 -9999.0 -9999.0 -9999.0 -9999.0 -9999.0 -9999.0 -9999.0 -9999.0 -9999.0 -9999.0 -9999.0 -9999.0 -9999.0 -9999.0 -9999.0 -9999.0 -9999.0 -9999.0 -9999.0 -9999.0 -9999.0 -9999.0 -9999.0 -9999.0 -9999.0 -9999.0 -9999.0 -9999.0 -9999.0 -9999.0 -9999.0 -9999.0 -9999.0 -9999.0 -9999.0 -9999.0 -9999.0 -9999.0 -9999.0
-9999.0 -9999.0 -9999.0 -9999.0 -9999.0 -9999.0 -9999.0 -9999.0 -9999.0 -9999.0 -9999.0 -9999.0 -9999.0 -9999.0 -9999.0 -9999.0 -9999.0 -9999.0 -9999.0 -9999.0 -9999.0 -9999.0 -9999.0 -9999.0 -9999.0 -9999.0 -9999.0 -9999.0 -9999.0 -9999.0 -9999.0 -9999.0 -9999.0 -9999.0 -9999.0 -9999.0 -9999.0 -9999.0 -9999.0 -9999.0 -9999.0 -9999.0 -9999.0 -9999.0 -9999.0 -9999.0 -9999.0 -9999.0 -9999.0 -9999.0 -9999.0 -9999.0 -9999.0 -9999.0 -9999.0 -9999.0 -9999.0 -9999.0 -9999.0 -9999.0 -9999.0 -9999.0 -9999.0 -9999.0 -9999.0 -9999.0 -9999.0 -9999.0 -9999.0 -9999.0 -9999.0 -9999.0 -9999.0 -9999.0 -9999.0 -9999.0 -9999.0 -9999.0 -9999.0 -9999.0 -9999.0 -9999.0 -9999.0 -9999.0 -9999.0 -9999.0 -9999.0 -9999.0 -9999.0 -9999.0 -9999.0 -9999.0 -9999.0 -9999.0 -9999.0 -9999.0 -9999.0 -9999.0 -9999.0 -9999.0 -9999.0 -9999.0 -9999.0 -9999.0