inst/processing_geotop_simulation/geotop_simulation/out/maps3D/PwL0001N0202.asc
ncols         104
nrows         10
xllcorner     -2.000000
yllcorner     0.000000
cellsize      1.000000
NODATA_value  -9999.0
-9999.0 -9999.0 -9999.0 -9999.0 -9999.0 -9999.0 -9999.0 -9999.0 -9999.0 -9999.0 -9999.0 -9999.0 -9999.0 -9999.0 -9999.0 -9999.0 -9999.0 -9999.0 -9999.0 -9999.0 -9999.0 -9999.0 -9999.0 -9999.0 -9999.0 -9999.0 -9999.0 -9999.0 -9999.0 -9999.0 -9999.0 -9999.0 -9999.0 -9999.0 -9999.0 -9999.0 -9999.0 -9999.0 -9999.0 -9999.0 -9999.0 -9999.0 -9999.0 -9999.0 -9999.0 -9999.0 -9999.0 -9999.0 -9999.0 -9999.0 -9999.0 -9999.0 -9999.0 -9999.0 -9999.0 -9999.0 -9999.0 -9999.0 -9999.0 -9999.0 -9999.0 -9999.0 -9999.0 -9999.0 -9999.0 -9999.0 -9999.0 -9999.0 -9999.0 -9999.0 -9999.0 -9999.0 -9999.0 -9999.0 -9999.0 -9999.0 -9999.0 -9999.0 -9999.0 -9999.0 -9999.0 -9999.0 -9999.0 -9999.0 -9999.0 -9999.0 -9999.0 -9999.0 -9999.0 -9999.0 -9999.0 -9999.0 -9999.0 -9999.0 -9999.0 -9999.0 -9999.0 -9999.0 -9999.0 -9999.0 -9999.0 -9999.0 -9999.0 -9999.0
-9999.0 -9999.0 -9999.0 -9999.0 -9999.0 -9999.0 -9999.0 -9999.0 -9999.0 -9999.0 -9999.0 -9999.0 -9999.0 -9999.0 -9999.0 -9999.0 -9999.0 -9999.0 -9999.0 -9999.0 -9999.0 -9999.0 -9999.0 -9999.0 -9999.0 -9999.0 -9999.0 -9999.0 -9999.0 -9999.0 -9999.0 -9999.0 -9999.0 -9999.0 -9999.0 -9999.0 -9999.0 -9999.0 -9999.0 -9999.0 -9999.0 -9999.0 -9999.0 -9999.0 -9999.0 -9999.0 -9999.0 -9999.0 -9999.0 -9999.0 -9999.0 -9999.0 -9999.0 -9999.0 -9999.0 -9999.0 -9999.0 -9999.0 -9999.0 -9999.0 -9999.0 -9999.0 -9999.0 -9999.0 -9999.0 -9999.0 -9999.0 -9999.0 -9999.0 -9999.0 -9999.0 -9999.0 -9999.0 -9999.0 -9999.0 -9999.0 -9999.0 -9999.0 -9999.0 -9999.0 -9999.0 -9999.0 -9999.0 -9999.0 -9999.0 -9999.0 -9999.0 -9999.0 -9999.0 -9999.0 -9999.0 -9999.0 -9999.0 -9999.0 -9999.0 -9999.0 -9999.0 -9999.0 -9999.0 -9999.0 -9999.0 -9999.0 -9999.0 -9999.0
-9999.0 -9999.0 29.474067 -61.544303 -157.443005 -254.401520 -351.741042 -449.196802 -546.629533 -643.913210 -740.793762 -837.070753 -932.602916 -1027.206935 -1121.737365 -1215.949044 -1308.431516 -1399.151054 -1487.995760 -1571.036300 -1641.025197 -1694.587528 -1732.691443 -1758.586206 -1775.798346 -1787.182572 -1794.747634 -1799.808680 -1803.206275 -1805.484069 -1807.003898 -1808.011690 -1808.675867 -1809.111240 -1809.395491 -1809.582500 -1809.716379 -1809.859197 -1810.233425 -1812.009888 -1819.051558 -1809.129340 -1125.787142 -1122.269450 -1111.693287 -1104.983293 -1101.834016 -1101.369655 -1101.321349 -1101.328115 -1101.343156 -1101.359226 -1101.374662 -1101.388950 -1101.402156 -1101.416973 -1101.459300 -1101.738136 -1103.420411 -1107.199098 -1112.974088 -1109.055964 -1788.434861 -1814.170397 -1811.032489 -1810.176209 -1810.033296 -1810.011109 -1810.008307 -1810.008778 -1810.009679 -1810.010476 -1810.011098 -1810.011572 -1810.011934 -1810.012215 -1810.012437 -1810.012616 -1810.012765 -1810.012897 -1810.013027 -1810.013170 -1810.013352 -1810.013603 -1810.013976 -1810.014549 -1810.015452 -1810.016895 -1810.019240 -1810.023116 -1810.029659 -1810.040994 -1810.061213 -1810.098365 -1810.168522 -1810.304181 -1810.572689 -1811.121005 -1812.296748 -1815.005488 -1821.958488 -1843.707451 -9999.0 -9999.0
-9999.0 -9999.0 29.487407 -61.542078 -157.442450 -254.401359 -351.740991 -449.196785 -546.629527 -643.913208 -740.793762 -837.070752 -932.602916 -1027.206935 -1121.737365 -1215.949044 -1308.431516 -1399.151054 -1487.995760 -1571.036301 -1641.025197 -1694.587529 -1732.691443 -1758.586206 -1775.798346 -1787.182572 -1794.747634 -1799.808680 -1803.206275 -1805.484069 -1807.003898 -1808.011690 -1808.675867 -1809.111240 -1809.395491 -1809.582500 -1809.716379 -1809.859197 -1810.233425 -1812.009888 -1819.051558 -1809.129340 -1125.787142 -1122.269450 -1111.693287 -1104.983292 -1101.834016 -1101.369655 -1101.321349 -1101.328115 -1101.343156 -1101.359226 -1101.374662 -1101.388950 -1101.402156 -1101.416973 -1101.459300 -1101.738136 -1103.420411 -1107.199098 -1112.974088 -1109.055964 -1788.434861 -1814.170397 -1811.032489 -1810.176209 -1810.033296 -1810.011109 -1810.008307 -1810.008778 -1810.009679 -1810.010476 -1810.011098 -1810.011572 -1810.011934 -1810.012215 -1810.012437 -1810.012616 -1810.012765 -1810.012897 -1810.013027 -1810.013170 -1810.013352 -1810.013603 -1810.013976 -1810.014549 -1810.015452 -1810.016895 -1810.019240 -1810.023116 -1810.029659 -1810.040994 -1810.061213 -1810.098365 -1810.168522 -1810.304181 -1810.572689 -1811.121005 -1812.296748 -1815.005488 -1821.958488 -1843.707451 -9999.0 -9999.0
-9999.0 -9999.0 29.488639 -61.541193 -157.442100 -254.401232 -351.740946 -449.196769 -546.629521 -643.913206 -740.793761 -837.070752 -932.602916 -1027.206935 -1121.737365 -1215.949044 -1308.431516 -1399.151054 -1487.995760 -1571.036301 -1641.025197 -1694.587529 -1732.691443 -1758.586206 -1775.798346 -1787.182572 -1794.747634 -1799.808680 -1803.206275 -1805.484069 -1807.003898 -1808.011690 -1808.675867 -1809.111240 -1809.395491 -1809.582500 -1809.716379 -1809.859197 -1810.233425 -1812.009888 -1819.051558 -1809.129340 -1125.787142 -1122.269450 -1111.693286 -1104.983292 -1101.834016 -1101.369655 -1101.321349 -1101.328115 -1101.343156 -1101.359226 -1101.374662 -1101.388950 -1101.402156 -1101.416973 -1101.459300 -1101.738136 -1103.420411 -1107.199098 -1112.974088 -1109.055964 -1788.434861 -1814.170397 -1811.032489 -1810.176209 -1810.033296 -1810.011109 -1810.008307 -1810.008778 -1810.009679 -1810.010476 -1810.011098 -1810.011572 -1810.011934 -1810.012215 -1810.012437 -1810.012616 -1810.012765 -1810.012897 -1810.013027 -1810.013170 -1810.013352 -1810.013603 -1810.013976 -1810.014549 -1810.015452 -1810.016895 -1810.019240 -1810.023116 -1810.029659 -1810.040994 -1810.061213 -1810.098365 -1810.168522 -1810.304181 -1810.572689 -1811.121005 -1812.296748 -1815.005488 -1821.958488 -1843.707451 -9999.0 -9999.0
-9999.0 -9999.0 29.488639 -61.541193 -157.442100 -254.401232 -351.740946 -449.196769 -546.629521 -643.913206 -740.793761 -837.070752 -932.602916 -1027.206935 -1121.737365 -1215.949044 -1308.431516 -1399.151054 -1487.995760 -1571.036301 -1641.025197 -1694.587529 -1732.691443 -1758.586206 -1775.798346 -1787.182572 -1794.747634 -1799.808680 -1803.206275 -1805.484069 -1807.003898 -1808.011690 -1808.675867 -1809.111240 -1809.395491 -1809.582500 -1809.716379 -1809.859197 -1810.233425 -1812.009888 -1819.051558 -1809.129340 -1125.787142 -1122.269450 -1111.693286 -1104.983292 -1101.834016 -1101.369655 -1101.321349 -1101.328115 -1101.343156 -1101.359226 -1101.374662 -1101.388950 -1101.402156 -1101.416973 -1101.459300 -1101.738136 -1103.420411 -1107.199098 -1112.974088 -1109.055964 -1788.434861 -1814.170397 -1811.032489 -1810.176209 -1810.033296 -1810.011109 -1810.008307 -1810.008778 -1810.009679 -1810.010476 -1810.011098 -1810.011572 -1810.011934 -1810.012215 -1810.012437 -1810.012616 -1810.012765 -1810.012897 -1810.013027 -1810.013170 -1810.013352 -1810.013603 -1810.013976 -1810.014549 -1810.015452 -1810.016895 -1810.019240 -1810.023116 -1810.029659 -1810.040994 -1810.061213 -1810.098365 -1810.168522 -1810.304181 -1810.572689 -1811.121005 -1812.296748 -1815.005488 -1821.958488 -1843.707451 -9999.0 -9999.0
-9999.0 -9999.0 29.487407 -61.542078 -157.442450 -254.401359 -351.740991 -449.196785 -546.629527 -643.913208 -740.793762 -837.070752 -932.602916 -1027.206935 -1121.737365 -1215.949044 -1308.431516 -1399.151054 -1487.995760 -1571.036301 -1641.025197 -1694.587529 -1732.691443 -1758.586206 -1775.798346 -1787.182572 -1794.747634 -1799.808680 -1803.206275 -1805.484069 -1807.003898 -1808.011690 -1808.675867 -1809.111240 -1809.395491 -1809.582500 -1809.716379 -1809.859197 -1810.233425 -1812.009888 -1819.051558 -1809.129340 -1125.787142 -1122.269450 -1111.693287 -1104.983292 -1101.834016 -1101.369655 -1101.321349 -1101.328115 -1101.343156 -1101.359226 -1101.374662 -1101.388950 -1101.402156 -1101.416973 -1101.459300 -1101.738136 -1103.420411 -1107.199098 -1112.974088 -1109.055964 -1788.434861 -1814.170397 -1811.032489 -1810.176209 -1810.033296 -1810.011109 -1810.008307 -1810.008778 -1810.009679 -1810.010476 -1810.011098 -1810.011572 -1810.011934 -1810.012215 -1810.012437 -1810.012616 -1810.012765 -1810.012897 -1810.013027 -1810.013170 -1810.013352 -1810.013603 -1810.013976 -1810.014549 -1810.015452 -1810.016895 -1810.019240 -1810.023116 -1810.029659 -1810.040994 -1810.061213 -1810.098365 -1810.168522 -1810.304181 -1810.572689 -1811.121005 -1812.296748 -1815.005488 -1821.958488 -1843.707451 -9999.0 -9999.0
-9999.0 -9999.0 29.474067 -61.544303 -157.443005 -254.401520 -351.741042 -449.196802 -546.629533 -643.913210 -740.793762 -837.070752 -932.602916 -1027.206935 -1121.737365 -1215.949044 -1308.431516 -1399.151054 -1487.995760 -1571.036300 -1641.025197 -1694.587528 -1732.691443 -1758.586206 -1775.798346 -1787.182572 -1794.747634 -1799.808680 -1803.206275 -1805.484069 -1807.003898 -1808.011690 -1808.675867 -1809.111240 -1809.395491 -1809.582500 -1809.716379 -1809.859197 -1810.233425 -1812.009888 -1819.051558 -1809.129340 -1125.787142 -1122.269450 -1111.693287 -1104.983293 -1101.834016 -1101.369655 -1101.321349 -1101.328115 -1101.343156 -1101.359226 -1101.374662 -1101.388950 -1101.402156 -1101.416973 -1101.459300 -1101.738136 -1103.420411 -1107.199098 -1112.974088 -1109.055964 -1788.434861 -1814.170397 -1811.032489 -1810.176209 -1810.033296 -1810.011109 -1810.008307 -1810.008778 -1810.009679 -1810.010476 -1810.011098 -1810.011572 -1810.011934 -1810.012215 -1810.012437 -1810.012616 -1810.012765 -1810.012897 -1810.013027 -1810.013170 -1810.013352 -1810.013603 -1810.013976 -1810.014549 -1810.015452 -1810.016895 -1810.019240 -1810.023116 -1810.029659 -1810.040994 -1810.061213 -1810.098365 -1810.168522 -1810.304181 -1810.572689 -1811.121005 -1812.296748 -1815.005488 -1821.958488 -1843.707451 -9999.0 -9999.0
-9999.0 -9999.0 -9999.0 -9999.0 -9999.0 -9999.0 -9999.0 -9999.0 -9999.0 -9999.0 -9999.0 -9999.0 -9999.0 -9999.0 -9999.0 -9999.0 -9999.0 -9999.0 -9999.0 -9999.0 -9999.0 -9999.0 -9999.0 -9999.0 -9999.0 -9999.0 -9999.0 -9999.0 -9999.0 -9999.0 -9999.0 -9999.0 -9999.0 -9999.0 -9999.0 -9999.0 -9999.0 -9999.0 -9999.0 -9999.0 -9999.0 -9999.0 -9999.0 -9999.0 -9999.0 -9999.0 -9999.0 -9999.0 -9999.0 -9999.0 -9999.0 -9999.0 -9999.0 -9999.0 -9999.0 -9999.0 -9999.0 -9999.0 -9999.0 -9999.0 -9999.0 -9999.0 -9999.0 -9999.0 -9999.0 -9999.0 -9999.0 -9999.0 -9999.0 -9999.0 -9999.0 -9999.0 -9999.0 -9999.0 -9999.0 -9999.0 -9999.0 -9999.0 -9999.0 -9999.0 -9999.0 -9999.0 -9999.0 -9999.0 -9999.0 -9999.0 -9999.0 -9999.0 -9999.0 -9999.0 -9999.0 -9999.0 -9999.0 -9999.0 -9999.0 -9999.0 -9999.0 -9999.0 -9999.0 -9999.0 -9999.0 -9999.0 -9999.0 -9999.0
-9999.0 -9999.0 -9999.0 -9999.0 -9999.0 -9999.0 -9999.0 -9999.0 -9999.0 -9999.0 -9999.0 -9999.0 -9999.0 -9999.0 -9999.0 -9999.0 -9999.0 -9999.0 -9999.0 -9999.0 -9999.0 -9999.0 -9999.0 -9999.0 -9999.0 -9999.0 -9999.0 -9999.0 -9999.0 -9999.0 -9999.0 -9999.0 -9999.0 -9999.0 -9999.0 -9999.0 -9999.0 -9999.0 -9999.0 -9999.0 -9999.0 -9999.0 -9999.0 -9999.0 -9999.0 -9999.0 -9999.0 -9999.0 -9999.0 -9999.0 -9999.0 -9999.0 -9999.0 -9999.0 -9999.0 -9999.0 -9999.0 -9999.0 -9999.0 -9999.0 -9999.0 -9999.0 -9999.0 -9999.0 -9999.0 -9999.0 -9999.0 -9999.0 -9999.0 -9999.0 -9999.0 -9999.0 -9999.0 -9999.0 -9999.0 -9999.0 -9999.0 -9999.0 -9999.0 -9999.0 -9999.0 -9999.0 -9999.0 -9999.0 -9999.0 -9999.0 -9999.0 -9999.0 -9999.0 -9999.0 -9999.0 -9999.0 -9999.0 -9999.0 -9999.0 -9999.0 -9999.0 -9999.0 -9999.0 -9999.0 -9999.0 -9999.0 -9999.0 -9999.0