inst/processing_geotop_simulation/geotop_simulation/out/maps3D/PwL0022N0287.asc
ncols         104
nrows         10
xllcorner     -2.000000
yllcorner     0.000000
cellsize      1.000000
NODATA_value  -9999.0
-9999.0 -9999.0 -9999.0 -9999.0 -9999.0 -9999.0 -9999.0 -9999.0 -9999.0 -9999.0 -9999.0 -9999.0 -9999.0 -9999.0 -9999.0 -9999.0 -9999.0 -9999.0 -9999.0 -9999.0 -9999.0 -9999.0 -9999.0 -9999.0 -9999.0 -9999.0 -9999.0 -9999.0 -9999.0 -9999.0 -9999.0 -9999.0 -9999.0 -9999.0 -9999.0 -9999.0 -9999.0 -9999.0 -9999.0 -9999.0 -9999.0 -9999.0 -9999.0 -9999.0 -9999.0 -9999.0 -9999.0 -9999.0 -9999.0 -9999.0 -9999.0 -9999.0 -9999.0 -9999.0 -9999.0 -9999.0 -9999.0 -9999.0 -9999.0 -9999.0 -9999.0 -9999.0 -9999.0 -9999.0 -9999.0 -9999.0 -9999.0 -9999.0 -9999.0 -9999.0 -9999.0 -9999.0 -9999.0 -9999.0 -9999.0 -9999.0 -9999.0 -9999.0 -9999.0 -9999.0 -9999.0 -9999.0 -9999.0 -9999.0 -9999.0 -9999.0 -9999.0 -9999.0 -9999.0 -9999.0 -9999.0 -9999.0 -9999.0 -9999.0 -9999.0 -9999.0 -9999.0 -9999.0 -9999.0 -9999.0 -9999.0 -9999.0 -9999.0 -9999.0
-9999.0 -9999.0 -9999.0 -9999.0 -9999.0 -9999.0 -9999.0 -9999.0 -9999.0 -9999.0 -9999.0 -9999.0 -9999.0 -9999.0 -9999.0 -9999.0 -9999.0 -9999.0 -9999.0 -9999.0 -9999.0 -9999.0 -9999.0 -9999.0 -9999.0 -9999.0 -9999.0 -9999.0 -9999.0 -9999.0 -9999.0 -9999.0 -9999.0 -9999.0 -9999.0 -9999.0 -9999.0 -9999.0 -9999.0 -9999.0 -9999.0 -9999.0 -9999.0 -9999.0 -9999.0 -9999.0 -9999.0 -9999.0 -9999.0 -9999.0 -9999.0 -9999.0 -9999.0 -9999.0 -9999.0 -9999.0 -9999.0 -9999.0 -9999.0 -9999.0 -9999.0 -9999.0 -9999.0 -9999.0 -9999.0 -9999.0 -9999.0 -9999.0 -9999.0 -9999.0 -9999.0 -9999.0 -9999.0 -9999.0 -9999.0 -9999.0 -9999.0 -9999.0 -9999.0 -9999.0 -9999.0 -9999.0 -9999.0 -9999.0 -9999.0 -9999.0 -9999.0 -9999.0 -9999.0 -9999.0 -9999.0 -9999.0 -9999.0 -9999.0 -9999.0 -9999.0 -9999.0 -9999.0 -9999.0 -9999.0 -9999.0 -9999.0 -9999.0 -9999.0
-9999.0 -9999.0 1070.627069 972.246411 873.829177 775.233369 676.530595 577.778979 479.012626 380.250705 281.504092 182.779105 84.079505 -14.589229 -113.221428 -211.807312 -310.306287 -408.636306 -506.641502 -604.042959 -700.351528 -796.975231 -892.810673 -987.597186 -1081.024473 -1160.641655 -1230.572117 -1289.599804 -1337.481725 -1374.898231 -1403.184320 -1423.978431 -1438.922021 -1449.471422 -1456.818558 -1461.888391 -1465.385223 -1467.903315 -1470.270449 -1474.739280 -1488.702620 -1538.375765 -1613.672060 -2395.209426 -3692.175431 -3665.719076 -2977.824510 -2542.826205 -2323.698375 -2184.898331 -2084.805870 -2000.088679 -1947.842239 -1913.633302 -1881.478208 -1847.309889 -1809.790623 -1769.303762 -1727.153399 -1684.100254 -1632.231228 -1398.170225 -1496.054871 -1480.538576 -1474.619908 -1473.150649 -1472.863267 -1472.814390 -1472.807058 -1472.806524 -1472.807018 -1472.807576 -1472.808048 -1472.808427 -1472.808735 -1472.808988 -1472.809203 -1472.809390 -1472.809559 -1472.809718 -1472.809877 -1472.810049 -1472.810250 -1472.810505 -1472.810851 -1472.811345 -1472.812084 -1472.813227 -1472.815049 -1472.818039 -1472.823094 -1472.831923 -1472.847863 -1472.877601 -1472.934921 -1473.049380 -1473.288212 -1473.815328 -1475.055630 -1478.172329 -1486.629867 -1512.454046 -9999.0 -9999.0
-9999.0 -9999.0 1070.629631 972.247452 873.829533 775.233489 676.530636 577.778994 479.012632 380.250707 281.504093 182.779105 84.079505 -14.589229 -113.221428 -211.807312 -310.306288 -408.636306 -506.641502 -604.042960 -700.351528 -796.975232 -892.810673 -987.597186 -1081.024473 -1160.641655 -1230.572118 -1289.599805 -1337.481726 -1374.898231 -1403.184320 -1423.978431 -1438.922021 -1449.471422 -1456.818558 -1461.888391 -1465.385223 -1467.903315 -1470.270449 -1474.739280 -1488.702620 -1538.375765 -1613.672060 -2395.209425 -3692.175431 -3665.719075 -2977.824510 -2542.826204 -2323.698375 -2184.898330 -2084.805869 -2000.088678 -1947.842239 -1913.633302 -1881.478207 -1847.309889 -1809.790623 -1769.303762 -1727.153399 -1684.100254 -1632.231228 -1398.170225 -1496.054871 -1480.538576 -1474.619908 -1473.150649 -1472.863267 -1472.814390 -1472.807058 -1472.806524 -1472.807018 -1472.807576 -1472.808048 -1472.808427 -1472.808735 -1472.808988 -1472.809203 -1472.809390 -1472.809559 -1472.809718 -1472.809877 -1472.810049 -1472.810250 -1472.810505 -1472.810851 -1472.811345 -1472.812084 -1472.813227 -1472.815049 -1472.818039 -1472.823094 -1472.831923 -1472.847863 -1472.877601 -1472.934921 -1473.049380 -1473.288212 -1473.815328 -1475.055630 -1478.172329 -1486.629867 -1512.454046 -9999.0 -9999.0
-9999.0 -9999.0 1070.630703 972.248038 873.829785 775.233586 676.530672 577.779007 479.012636 380.250709 281.504094 182.779105 84.079506 -14.589229 -113.221428 -211.807312 -310.306288 -408.636306 -506.641502 -604.042960 -700.351528 -796.975232 -892.810673 -987.597186 -1081.024473 -1160.641655 -1230.572118 -1289.599805 -1337.481726 -1374.898231 -1403.184320 -1423.978431 -1438.922021 -1449.471422 -1456.818558 -1461.888391 -1465.385223 -1467.903315 -1470.270449 -1474.739280 -1488.702620 -1538.375765 -1613.672060 -2395.209425 -3692.175430 -3665.719075 -2977.824509 -2542.826204 -2323.698375 -2184.898330 -2084.805868 -2000.088678 -1947.842239 -1913.633302 -1881.478207 -1847.309888 -1809.790623 -1769.303762 -1727.153399 -1684.100254 -1632.231228 -1398.170224 -1496.054871 -1480.538576 -1474.619908 -1473.150649 -1472.863267 -1472.814390 -1472.807058 -1472.806524 -1472.807018 -1472.807576 -1472.808048 -1472.808427 -1472.808735 -1472.808988 -1472.809203 -1472.809390 -1472.809559 -1472.809718 -1472.809877 -1472.810049 -1472.810250 -1472.810505 -1472.810851 -1472.811345 -1472.812084 -1472.813227 -1472.815049 -1472.818039 -1472.823094 -1472.831923 -1472.847863 -1472.877601 -1472.934921 -1473.049380 -1473.288212 -1473.815328 -1475.055630 -1478.172329 -1486.629867 -1512.454046 -9999.0 -9999.0
-9999.0 -9999.0 1070.630703 972.248038 873.829785 775.233586 676.530672 577.779007 479.012636 380.250709 281.504094 182.779105 84.079506 -14.589229 -113.221428 -211.807312 -310.306288 -408.636306 -506.641502 -604.042960 -700.351528 -796.975232 -892.810673 -987.597186 -1081.024473 -1160.641655 -1230.572118 -1289.599805 -1337.481726 -1374.898231 -1403.184320 -1423.978431 -1438.922021 -1449.471422 -1456.818558 -1461.888391 -1465.385223 -1467.903315 -1470.270449 -1474.739280 -1488.702620 -1538.375765 -1613.672060 -2395.209425 -3692.175430 -3665.719075 -2977.824510 -2542.826204 -2323.698375 -2184.898330 -2084.805868 -2000.088678 -1947.842239 -1913.633302 -1881.478207 -1847.309889 -1809.790623 -1769.303762 -1727.153399 -1684.100254 -1632.231228 -1398.170224 -1496.054871 -1480.538576 -1474.619908 -1473.150649 -1472.863267 -1472.814390 -1472.807058 -1472.806524 -1472.807018 -1472.807576 -1472.808048 -1472.808427 -1472.808735 -1472.808988 -1472.809203 -1472.809390 -1472.809559 -1472.809718 -1472.809877 -1472.810049 -1472.810250 -1472.810505 -1472.810851 -1472.811345 -1472.812084 -1472.813227 -1472.815049 -1472.818039 -1472.823094 -1472.831923 -1472.847863 -1472.877601 -1472.934921 -1473.049380 -1473.288212 -1473.815328 -1475.055630 -1478.172329 -1486.629867 -1512.454046 -9999.0 -9999.0
-9999.0 -9999.0 1070.629631 972.247452 873.829533 775.233489 676.530635 577.778994 479.012631 380.250707 281.504093 182.779105 84.079505 -14.589229 -113.221428 -211.807312 -310.306288 -408.636306 -506.641502 -604.042960 -700.351528 -796.975232 -892.810673 -987.597186 -1081.024473 -1160.641655 -1230.572118 -1289.599805 -1337.481726 -1374.898231 -1403.184320 -1423.978431 -1438.922021 -1449.471422 -1456.818558 -1461.888391 -1465.385223 -1467.903315 -1470.270449 -1474.739280 -1488.702620 -1538.375765 -1613.672060 -2395.209425 -3692.175431 -3665.719075 -2977.824510 -2542.826204 -2323.698375 -2184.898330 -2084.805869 -2000.088678 -1947.842239 -1913.633302 -1881.478207 -1847.309889 -1809.790623 -1769.303762 -1727.153399 -1684.100254 -1632.231228 -1398.170225 -1496.054871 -1480.538576 -1474.619908 -1473.150649 -1472.863267 -1472.814390 -1472.807058 -1472.806524 -1472.807018 -1472.807576 -1472.808048 -1472.808427 -1472.808735 -1472.808988 -1472.809203 -1472.809390 -1472.809559 -1472.809718 -1472.809877 -1472.810049 -1472.810250 -1472.810505 -1472.810851 -1472.811345 -1472.812084 -1472.813227 -1472.815049 -1472.818039 -1472.823094 -1472.831923 -1472.847863 -1472.877601 -1472.934921 -1473.049380 -1473.288212 -1473.815328 -1475.055630 -1478.172329 -1486.629867 -1512.454046 -9999.0 -9999.0
-9999.0 -9999.0 1070.627069 972.246411 873.829177 775.233369 676.530595 577.778979 479.012626 380.250705 281.504092 182.779105 84.079505 -14.589229 -113.221428 -211.807312 -310.306287 -408.636306 -506.641502 -604.042959 -700.351527 -796.975231 -892.810673 -987.597186 -1081.024473 -1160.641655 -1230.572117 -1289.599804 -1337.481725 -1374.898231 -1403.184320 -1423.978431 -1438.922021 -1449.471422 -1456.818558 -1461.888391 -1465.385223 -1467.903315 -1470.270449 -1474.739280 -1488.702620 -1538.375765 -1613.672060 -2395.209426 -3692.175431 -3665.719076 -2977.824511 -2542.826205 -2323.698375 -2184.898332 -2084.805870 -2000.088679 -1947.842239 -1913.633302 -1881.478208 -1847.309889 -1809.790623 -1769.303762 -1727.153399 -1684.100254 -1632.231228 -1398.170225 -1496.054871 -1480.538576 -1474.619908 -1473.150649 -1472.863267 -1472.814390 -1472.807058 -1472.806524 -1472.807018 -1472.807576 -1472.808048 -1472.808427 -1472.808735 -1472.808988 -1472.809203 -1472.809390 -1472.809559 -1472.809718 -1472.809877 -1472.810049 -1472.810250 -1472.810505 -1472.810851 -1472.811345 -1472.812084 -1472.813227 -1472.815049 -1472.818039 -1472.823094 -1472.831923 -1472.847863 -1472.877601 -1472.934921 -1473.049380 -1473.288212 -1473.815328 -1475.055630 -1478.172329 -1486.629867 -1512.454046 -9999.0 -9999.0
-9999.0 -9999.0 -9999.0 -9999.0 -9999.0 -9999.0 -9999.0 -9999.0 -9999.0 -9999.0 -9999.0 -9999.0 -9999.0 -9999.0 -9999.0 -9999.0 -9999.0 -9999.0 -9999.0 -9999.0 -9999.0 -9999.0 -9999.0 -9999.0 -9999.0 -9999.0 -9999.0 -9999.0 -9999.0 -9999.0 -9999.0 -9999.0 -9999.0 -9999.0 -9999.0 -9999.0 -9999.0 -9999.0 -9999.0 -9999.0 -9999.0 -9999.0 -9999.0 -9999.0 -9999.0 -9999.0 -9999.0 -9999.0 -9999.0 -9999.0 -9999.0 -9999.0 -9999.0 -9999.0 -9999.0 -9999.0 -9999.0 -9999.0 -9999.0 -9999.0 -9999.0 -9999.0 -9999.0 -9999.0 -9999.0 -9999.0 -9999.0 -9999.0 -9999.0 -9999.0 -9999.0 -9999.0 -9999.0 -9999.0 -9999.0 -9999.0 -9999.0 -9999.0 -9999.0 -9999.0 -9999.0 -9999.0 -9999.0 -9999.0 -9999.0 -9999.0 -9999.0 -9999.0 -9999.0 -9999.0 -9999.0 -9999.0 -9999.0 -9999.0 -9999.0 -9999.0 -9999.0 -9999.0 -9999.0 -9999.0 -9999.0 -9999.0 -9999.0 -9999.0
-9999.0 -9999.0 -9999.0 -9999.0 -9999.0 -9999.0 -9999.0 -9999.0 -9999.0 -9999.0 -9999.0 -9999.0 -9999.0 -9999.0 -9999.0 -9999.0 -9999.0 -9999.0 -9999.0 -9999.0 -9999.0 -9999.0 -9999.0 -9999.0 -9999.0 -9999.0 -9999.0 -9999.0 -9999.0 -9999.0 -9999.0 -9999.0 -9999.0 -9999.0 -9999.0 -9999.0 -9999.0 -9999.0 -9999.0 -9999.0 -9999.0 -9999.0 -9999.0 -9999.0 -9999.0 -9999.0 -9999.0 -9999.0 -9999.0 -9999.0 -9999.0 -9999.0 -9999.0 -9999.0 -9999.0 -9999.0 -9999.0 -9999.0 -9999.0 -9999.0 -9999.0 -9999.0 -9999.0 -9999.0 -9999.0 -9999.0 -9999.0 -9999.0 -9999.0 -9999.0 -9999.0 -9999.0 -9999.0 -9999.0 -9999.0 -9999.0 -9999.0 -9999.0 -9999.0 -9999.0 -9999.0 -9999.0 -9999.0 -9999.0 -9999.0 -9999.0 -9999.0 -9999.0 -9999.0 -9999.0 -9999.0 -9999.0 -9999.0 -9999.0 -9999.0 -9999.0 -9999.0 -9999.0 -9999.0 -9999.0 -9999.0 -9999.0 -9999.0 -9999.0