inst/processing_geotop_simulation/geotop_simulation/out/maps3D/PwL0010N0478.asc
ncols         104
nrows         10
xllcorner     -2.000000
yllcorner     0.000000
cellsize      1.000000
NODATA_value  -9999.0
-9999.0 -9999.0 -9999.0 -9999.0 -9999.0 -9999.0 -9999.0 -9999.0 -9999.0 -9999.0 -9999.0 -9999.0 -9999.0 -9999.0 -9999.0 -9999.0 -9999.0 -9999.0 -9999.0 -9999.0 -9999.0 -9999.0 -9999.0 -9999.0 -9999.0 -9999.0 -9999.0 -9999.0 -9999.0 -9999.0 -9999.0 -9999.0 -9999.0 -9999.0 -9999.0 -9999.0 -9999.0 -9999.0 -9999.0 -9999.0 -9999.0 -9999.0 -9999.0 -9999.0 -9999.0 -9999.0 -9999.0 -9999.0 -9999.0 -9999.0 -9999.0 -9999.0 -9999.0 -9999.0 -9999.0 -9999.0 -9999.0 -9999.0 -9999.0 -9999.0 -9999.0 -9999.0 -9999.0 -9999.0 -9999.0 -9999.0 -9999.0 -9999.0 -9999.0 -9999.0 -9999.0 -9999.0 -9999.0 -9999.0 -9999.0 -9999.0 -9999.0 -9999.0 -9999.0 -9999.0 -9999.0 -9999.0 -9999.0 -9999.0 -9999.0 -9999.0 -9999.0 -9999.0 -9999.0 -9999.0 -9999.0 -9999.0 -9999.0 -9999.0 -9999.0 -9999.0 -9999.0 -9999.0 -9999.0 -9999.0 -9999.0 -9999.0 -9999.0 -9999.0
-9999.0 -9999.0 -9999.0 -9999.0 -9999.0 -9999.0 -9999.0 -9999.0 -9999.0 -9999.0 -9999.0 -9999.0 -9999.0 -9999.0 -9999.0 -9999.0 -9999.0 -9999.0 -9999.0 -9999.0 -9999.0 -9999.0 -9999.0 -9999.0 -9999.0 -9999.0 -9999.0 -9999.0 -9999.0 -9999.0 -9999.0 -9999.0 -9999.0 -9999.0 -9999.0 -9999.0 -9999.0 -9999.0 -9999.0 -9999.0 -9999.0 -9999.0 -9999.0 -9999.0 -9999.0 -9999.0 -9999.0 -9999.0 -9999.0 -9999.0 -9999.0 -9999.0 -9999.0 -9999.0 -9999.0 -9999.0 -9999.0 -9999.0 -9999.0 -9999.0 -9999.0 -9999.0 -9999.0 -9999.0 -9999.0 -9999.0 -9999.0 -9999.0 -9999.0 -9999.0 -9999.0 -9999.0 -9999.0 -9999.0 -9999.0 -9999.0 -9999.0 -9999.0 -9999.0 -9999.0 -9999.0 -9999.0 -9999.0 -9999.0 -9999.0 -9999.0 -9999.0 -9999.0 -9999.0 -9999.0 -9999.0 -9999.0 -9999.0 -9999.0 -9999.0 -9999.0 -9999.0 -9999.0 -9999.0 -9999.0 -9999.0 -9999.0 -9999.0 -9999.0
-9999.0 -9999.0 472.141773 373.321015 274.124446 174.752307 75.306014 -24.169457 -123.653034 -223.135402 -322.607833 -422.057666 -521.462695 -620.779517 -719.954964 -819.184546 -918.351291 -1017.445597 -1116.459630 -1214.736643 -1311.965403 -1407.032869 -1498.025017 -1582.434476 -1657.819104 -1722.485180 -1775.833205 -1818.308312 -1851.098023 -1875.762129 -1893.923549 -1907.069453 -1916.456012 -1923.086512 -1927.731617 -1930.970222 -1933.245846 -1934.968426 -1936.751624 -1939.609335 -1940.945181 -1899.842097 -1331.172526 -1473.829497 -1437.197969 -1412.372900 -1400.966827 -1399.309228 -1399.133510 -1399.148256 -1399.189963 -1399.234928 -1399.278148 -1399.318176 -1399.355410 -1399.399480 -1399.541501 -1400.511179 -1406.482938 -1419.861465 -1432.945035 -1276.696189 -1864.322814 -1934.101062 -1938.842681 -1938.434179 -1938.210933 -1938.158344 -1938.148797 -1938.147595 -1938.147804 -1938.148182 -1938.148521 -1938.148802 -1938.149033 -1938.149227 -1938.149395 -1938.149545 -1938.149683 -1938.149816 -1938.149951 -1938.150098 -1938.150268 -1938.150479 -1938.150760 -1938.151155 -1938.151735 -1938.152623 -1938.154029 -1938.156330 -1938.160226 -1938.167053 -1938.179438 -1938.202674 -1938.247751 -1938.338439 -1938.529306 -1938.954986 -1939.975492 -1942.647861 -1950.430030 -1975.969979 -9999.0 -9999.0
-9999.0 -9999.0 472.147110 373.322496 274.124858 174.752431 75.306054 -24.169443 -123.653029 -223.135399 -322.607832 -422.057666 -521.462694 -620.779517 -719.954964 -819.184546 -918.351291 -1017.445597 -1116.459630 -1214.736643 -1311.965403 -1407.032869 -1498.025017 -1582.434476 -1657.819105 -1722.485180 -1775.833205 -1818.308312 -1851.098023 -1875.762129 -1893.923549 -1907.069453 -1916.456012 -1923.086512 -1927.731617 -1930.970222 -1933.245846 -1934.968426 -1936.751624 -1939.609335 -1940.945181 -1899.842097 -1331.172526 -1473.829497 -1437.197968 -1412.372899 -1400.966827 -1399.309228 -1399.133510 -1399.148256 -1399.189963 -1399.234928 -1399.278148 -1399.318176 -1399.355410 -1399.399480 -1399.541501 -1400.511179 -1406.482938 -1419.861465 -1432.945035 -1276.696189 -1864.322814 -1934.101062 -1938.842681 -1938.434179 -1938.210933 -1938.158344 -1938.148797 -1938.147595 -1938.147804 -1938.148182 -1938.148521 -1938.148802 -1938.149033 -1938.149227 -1938.149395 -1938.149545 -1938.149683 -1938.149816 -1938.149951 -1938.150098 -1938.150268 -1938.150479 -1938.150760 -1938.151155 -1938.151735 -1938.152623 -1938.154029 -1938.156330 -1938.160226 -1938.167053 -1938.179438 -1938.202674 -1938.247751 -1938.338439 -1938.529306 -1938.954986 -1939.975492 -1942.647861 -1950.430030 -1975.969979 -9999.0 -9999.0
-9999.0 -9999.0 472.148376 373.323161 274.125125 174.752530 75.306089 -24.169431 -123.653024 -223.135398 -322.607831 -422.057665 -521.462694 -620.779517 -719.954964 -819.184546 -918.351291 -1017.445597 -1116.459630 -1214.736643 -1311.965403 -1407.032869 -1498.025017 -1582.434476 -1657.819105 -1722.485180 -1775.833205 -1818.308312 -1851.098023 -1875.762129 -1893.923549 -1907.069453 -1916.456012 -1923.086512 -1927.731617 -1930.970222 -1933.245846 -1934.968426 -1936.751624 -1939.609335 -1940.945181 -1899.842097 -1331.172526 -1473.829497 -1437.197968 -1412.372899 -1400.966827 -1399.309228 -1399.133510 -1399.148256 -1399.189963 -1399.234928 -1399.278148 -1399.318176 -1399.355410 -1399.399480 -1399.541501 -1400.511179 -1406.482938 -1419.861465 -1432.945035 -1276.696189 -1864.322814 -1934.101062 -1938.842681 -1938.434179 -1938.210933 -1938.158344 -1938.148797 -1938.147595 -1938.147804 -1938.148182 -1938.148521 -1938.148802 -1938.149033 -1938.149227 -1938.149395 -1938.149545 -1938.149683 -1938.149816 -1938.149951 -1938.150098 -1938.150268 -1938.150479 -1938.150760 -1938.151155 -1938.151735 -1938.152623 -1938.154029 -1938.156330 -1938.160226 -1938.167053 -1938.179438 -1938.202674 -1938.247751 -1938.338439 -1938.529306 -1938.954986 -1939.975492 -1942.647861 -1950.430030 -1975.969979 -9999.0 -9999.0
-9999.0 -9999.0 472.148376 373.323161 274.125126 174.752530 75.306089 -24.169431 -123.653024 -223.135398 -322.607831 -422.057665 -521.462694 -620.779517 -719.954964 -819.184546 -918.351291 -1017.445597 -1116.459630 -1214.736643 -1311.965403 -1407.032869 -1498.025017 -1582.434476 -1657.819105 -1722.485180 -1775.833205 -1818.308312 -1851.098023 -1875.762129 -1893.923549 -1907.069453 -1916.456012 -1923.086512 -1927.731617 -1930.970222 -1933.245846 -1934.968426 -1936.751624 -1939.609335 -1940.945181 -1899.842097 -1331.172526 -1473.829497 -1437.197968 -1412.372899 -1400.966827 -1399.309228 -1399.133510 -1399.148256 -1399.189963 -1399.234928 -1399.278148 -1399.318176 -1399.355410 -1399.399480 -1399.541501 -1400.511179 -1406.482938 -1419.861465 -1432.945035 -1276.696189 -1864.322814 -1934.101062 -1938.842681 -1938.434179 -1938.210933 -1938.158344 -1938.148797 -1938.147595 -1938.147804 -1938.148182 -1938.148521 -1938.148802 -1938.149033 -1938.149227 -1938.149395 -1938.149545 -1938.149683 -1938.149816 -1938.149951 -1938.150098 -1938.150268 -1938.150479 -1938.150760 -1938.151155 -1938.151735 -1938.152623 -1938.154029 -1938.156330 -1938.160226 -1938.167053 -1938.179438 -1938.202674 -1938.247751 -1938.338439 -1938.529306 -1938.954986 -1939.975492 -1942.647861 -1950.430030 -1975.969979 -9999.0 -9999.0
-9999.0 -9999.0 472.147110 373.322496 274.124858 174.752431 75.306054 -24.169443 -123.653029 -223.135399 -322.607832 -422.057666 -521.462695 -620.779517 -719.954964 -819.184546 -918.351291 -1017.445597 -1116.459630 -1214.736643 -1311.965403 -1407.032869 -1498.025017 -1582.434476 -1657.819105 -1722.485180 -1775.833205 -1818.308312 -1851.098023 -1875.762129 -1893.923549 -1907.069453 -1916.456012 -1923.086512 -1927.731617 -1930.970222 -1933.245846 -1934.968426 -1936.751624 -1939.609335 -1940.945181 -1899.842097 -1331.172526 -1473.829497 -1437.197968 -1412.372899 -1400.966827 -1399.309228 -1399.133510 -1399.148256 -1399.189963 -1399.234928 -1399.278148 -1399.318176 -1399.355410 -1399.399480 -1399.541501 -1400.511179 -1406.482938 -1419.861465 -1432.945035 -1276.696189 -1864.322814 -1934.101062 -1938.842681 -1938.434179 -1938.210933 -1938.158344 -1938.148797 -1938.147595 -1938.147804 -1938.148182 -1938.148521 -1938.148802 -1938.149033 -1938.149227 -1938.149395 -1938.149545 -1938.149683 -1938.149816 -1938.149951 -1938.150098 -1938.150268 -1938.150479 -1938.150760 -1938.151155 -1938.151735 -1938.152623 -1938.154029 -1938.156330 -1938.160226 -1938.167053 -1938.179438 -1938.202674 -1938.247751 -1938.338439 -1938.529306 -1938.954986 -1939.975492 -1942.647861 -1950.430030 -1975.969979 -9999.0 -9999.0
-9999.0 -9999.0 472.141773 373.321015 274.124446 174.752307 75.306014 -24.169457 -123.653034 -223.135402 -322.607833 -422.057666 -521.462695 -620.779517 -719.954964 -819.184546 -918.351291 -1017.445597 -1116.459630 -1214.736643 -1311.965403 -1407.032869 -1498.025017 -1582.434476 -1657.819104 -1722.485180 -1775.833205 -1818.308312 -1851.098023 -1875.762129 -1893.923549 -1907.069453 -1916.456012 -1923.086512 -1927.731617 -1930.970222 -1933.245846 -1934.968426 -1936.751624 -1939.609335 -1940.945181 -1899.842097 -1331.172526 -1473.829497 -1437.197969 -1412.372900 -1400.966827 -1399.309228 -1399.133510 -1399.148256 -1399.189963 -1399.234928 -1399.278148 -1399.318176 -1399.355410 -1399.399480 -1399.541501 -1400.511179 -1406.482938 -1419.861465 -1432.945035 -1276.696189 -1864.322814 -1934.101062 -1938.842681 -1938.434179 -1938.210933 -1938.158344 -1938.148797 -1938.147595 -1938.147804 -1938.148182 -1938.148521 -1938.148802 -1938.149033 -1938.149227 -1938.149395 -1938.149545 -1938.149683 -1938.149816 -1938.149951 -1938.150098 -1938.150268 -1938.150479 -1938.150760 -1938.151155 -1938.151735 -1938.152623 -1938.154029 -1938.156330 -1938.160226 -1938.167053 -1938.179438 -1938.202674 -1938.247751 -1938.338439 -1938.529306 -1938.954986 -1939.975492 -1942.647861 -1950.430030 -1975.969979 -9999.0 -9999.0
-9999.0 -9999.0 -9999.0 -9999.0 -9999.0 -9999.0 -9999.0 -9999.0 -9999.0 -9999.0 -9999.0 -9999.0 -9999.0 -9999.0 -9999.0 -9999.0 -9999.0 -9999.0 -9999.0 -9999.0 -9999.0 -9999.0 -9999.0 -9999.0 -9999.0 -9999.0 -9999.0 -9999.0 -9999.0 -9999.0 -9999.0 -9999.0 -9999.0 -9999.0 -9999.0 -9999.0 -9999.0 -9999.0 -9999.0 -9999.0 -9999.0 -9999.0 -9999.0 -9999.0 -9999.0 -9999.0 -9999.0 -9999.0 -9999.0 -9999.0 -9999.0 -9999.0 -9999.0 -9999.0 -9999.0 -9999.0 -9999.0 -9999.0 -9999.0 -9999.0 -9999.0 -9999.0 -9999.0 -9999.0 -9999.0 -9999.0 -9999.0 -9999.0 -9999.0 -9999.0 -9999.0 -9999.0 -9999.0 -9999.0 -9999.0 -9999.0 -9999.0 -9999.0 -9999.0 -9999.0 -9999.0 -9999.0 -9999.0 -9999.0 -9999.0 -9999.0 -9999.0 -9999.0 -9999.0 -9999.0 -9999.0 -9999.0 -9999.0 -9999.0 -9999.0 -9999.0 -9999.0 -9999.0 -9999.0 -9999.0 -9999.0 -9999.0 -9999.0 -9999.0
-9999.0 -9999.0 -9999.0 -9999.0 -9999.0 -9999.0 -9999.0 -9999.0 -9999.0 -9999.0 -9999.0 -9999.0 -9999.0 -9999.0 -9999.0 -9999.0 -9999.0 -9999.0 -9999.0 -9999.0 -9999.0 -9999.0 -9999.0 -9999.0 -9999.0 -9999.0 -9999.0 -9999.0 -9999.0 -9999.0 -9999.0 -9999.0 -9999.0 -9999.0 -9999.0 -9999.0 -9999.0 -9999.0 -9999.0 -9999.0 -9999.0 -9999.0 -9999.0 -9999.0 -9999.0 -9999.0 -9999.0 -9999.0 -9999.0 -9999.0 -9999.0 -9999.0 -9999.0 -9999.0 -9999.0 -9999.0 -9999.0 -9999.0 -9999.0 -9999.0 -9999.0 -9999.0 -9999.0 -9999.0 -9999.0 -9999.0 -9999.0 -9999.0 -9999.0 -9999.0 -9999.0 -9999.0 -9999.0 -9999.0 -9999.0 -9999.0 -9999.0 -9999.0 -9999.0 -9999.0 -9999.0 -9999.0 -9999.0 -9999.0 -9999.0 -9999.0 -9999.0 -9999.0 -9999.0 -9999.0 -9999.0 -9999.0 -9999.0 -9999.0 -9999.0 -9999.0 -9999.0 -9999.0 -9999.0 -9999.0 -9999.0 -9999.0 -9999.0 -9999.0