inst/processing_geotop_simulation/geotop_simulation/out/maps3D/PwL0019N0194.asc
ncols         104
nrows         10
xllcorner     -2.000000
yllcorner     0.000000
cellsize      1.000000
NODATA_value  -9999.0
-9999.0 -9999.0 -9999.0 -9999.0 -9999.0 -9999.0 -9999.0 -9999.0 -9999.0 -9999.0 -9999.0 -9999.0 -9999.0 -9999.0 -9999.0 -9999.0 -9999.0 -9999.0 -9999.0 -9999.0 -9999.0 -9999.0 -9999.0 -9999.0 -9999.0 -9999.0 -9999.0 -9999.0 -9999.0 -9999.0 -9999.0 -9999.0 -9999.0 -9999.0 -9999.0 -9999.0 -9999.0 -9999.0 -9999.0 -9999.0 -9999.0 -9999.0 -9999.0 -9999.0 -9999.0 -9999.0 -9999.0 -9999.0 -9999.0 -9999.0 -9999.0 -9999.0 -9999.0 -9999.0 -9999.0 -9999.0 -9999.0 -9999.0 -9999.0 -9999.0 -9999.0 -9999.0 -9999.0 -9999.0 -9999.0 -9999.0 -9999.0 -9999.0 -9999.0 -9999.0 -9999.0 -9999.0 -9999.0 -9999.0 -9999.0 -9999.0 -9999.0 -9999.0 -9999.0 -9999.0 -9999.0 -9999.0 -9999.0 -9999.0 -9999.0 -9999.0 -9999.0 -9999.0 -9999.0 -9999.0 -9999.0 -9999.0 -9999.0 -9999.0 -9999.0 -9999.0 -9999.0 -9999.0 -9999.0 -9999.0 -9999.0 -9999.0 -9999.0 -9999.0
-9999.0 -9999.0 -9999.0 -9999.0 -9999.0 -9999.0 -9999.0 -9999.0 -9999.0 -9999.0 -9999.0 -9999.0 -9999.0 -9999.0 -9999.0 -9999.0 -9999.0 -9999.0 -9999.0 -9999.0 -9999.0 -9999.0 -9999.0 -9999.0 -9999.0 -9999.0 -9999.0 -9999.0 -9999.0 -9999.0 -9999.0 -9999.0 -9999.0 -9999.0 -9999.0 -9999.0 -9999.0 -9999.0 -9999.0 -9999.0 -9999.0 -9999.0 -9999.0 -9999.0 -9999.0 -9999.0 -9999.0 -9999.0 -9999.0 -9999.0 -9999.0 -9999.0 -9999.0 -9999.0 -9999.0 -9999.0 -9999.0 -9999.0 -9999.0 -9999.0 -9999.0 -9999.0 -9999.0 -9999.0 -9999.0 -9999.0 -9999.0 -9999.0 -9999.0 -9999.0 -9999.0 -9999.0 -9999.0 -9999.0 -9999.0 -9999.0 -9999.0 -9999.0 -9999.0 -9999.0 -9999.0 -9999.0 -9999.0 -9999.0 -9999.0 -9999.0 -9999.0 -9999.0 -9999.0 -9999.0 -9999.0 -9999.0 -9999.0 -9999.0 -9999.0 -9999.0 -9999.0 -9999.0 -9999.0 -9999.0 -9999.0 -9999.0 -9999.0 -9999.0
-9999.0 -9999.0 928.183259 832.054185 735.566904 638.586825 541.340044 443.972933 346.565352 249.162469 151.788185 54.456050 -42.815376 -140.016464 -237.099951 -333.955802 -430.377081 -526.025492 -620.361373 -713.849775 -807.168062 -899.176101 -989.667392 -1071.783543 -1138.505779 -1193.391458 -1236.584085 -1269.233980 -1293.066434 -1309.959181 -1321.650032 -1329.589543 -1334.904436 -1338.425374 -1340.741827 -1342.262792 -1343.275974 -1344.026938 -1344.979047 -1348.048375 -1361.993261 -1434.605872 -1961.087780 -4007.557510 -4034.651591 -4034.653383 -4034.650010 -4034.608740 -4034.398224 -4033.673822 -4031.628723 -4025.634660 -4015.732663 -4003.145809 -3983.044463 -3947.039630 -3879.595502 -3758.077690 -3564.452056 -3304.335133 -2967.039617 -1647.509153 -1395.474261 -1354.799715 -1346.914818 -1345.551388 -1345.340561 -1345.309147 -1345.305007 -1345.305199 -1345.305995 -1345.306735 -1345.307324 -1345.307778 -1345.308128 -1345.308403 -1345.308622 -1345.308801 -1345.308953 -1345.309088 -1345.309221 -1345.309367 -1345.309549 -1345.309799 -1345.310164 -1345.310722 -1345.311595 -1345.312990 -1345.315257 -1345.319014 -1345.325381 -1345.336471 -1345.356368 -1345.393167 -1345.463219 -1345.600426 -1345.878452 -1346.469395 -1347.807955 -1351.057420 -1359.538913 -1384.512707 -9999.0 -9999.0
-9999.0 -9999.0 928.186708 832.055485 735.567327 638.586963 541.340090 443.972949 346.565357 249.162471 151.788186 54.456051 -42.815376 -140.016463 -237.099951 -333.955802 -430.377081 -526.025492 -620.361373 -713.849775 -807.168062 -899.176101 -989.667393 -1071.783543 -1138.505779 -1193.391458 -1236.584086 -1269.233980 -1293.066434 -1309.959182 -1321.650032 -1329.589543 -1334.904436 -1338.425374 -1340.741827 -1342.262792 -1343.275974 -1344.026938 -1344.979047 -1348.048375 -1361.993261 -1434.605872 -1961.087779 -4007.557510 -4034.651591 -4034.653383 -4034.650010 -4034.608740 -4034.398224 -4033.673822 -4031.628722 -4025.634660 -4015.732663 -4003.145809 -3983.044463 -3947.039630 -3879.595501 -3758.077690 -3564.452055 -3304.335133 -2967.039617 -1647.509153 -1395.474261 -1354.799715 -1346.914818 -1345.551388 -1345.340561 -1345.309147 -1345.305007 -1345.305199 -1345.305995 -1345.306735 -1345.307324 -1345.307778 -1345.308128 -1345.308403 -1345.308622 -1345.308801 -1345.308953 -1345.309088 -1345.309221 -1345.309367 -1345.309549 -1345.309799 -1345.310164 -1345.310722 -1345.311595 -1345.312990 -1345.315257 -1345.319014 -1345.325381 -1345.336471 -1345.356368 -1345.393167 -1345.463219 -1345.600426 -1345.878452 -1346.469395 -1347.807955 -1351.057420 -1359.538913 -1384.512707 -9999.0 -9999.0
-9999.0 -9999.0 928.188001 832.056178 735.567619 638.587075 541.340131 443.972964 346.565363 249.162473 151.788187 54.456051 -42.815375 -140.016463 -237.099950 -333.955802 -430.377081 -526.025492 -620.361374 -713.849775 -807.168062 -899.176101 -989.667393 -1071.783544 -1138.505780 -1193.391459 -1236.584086 -1269.233980 -1293.066435 -1309.959182 -1321.650032 -1329.589543 -1334.904436 -1338.425374 -1340.741827 -1342.262792 -1343.275974 -1344.026938 -1344.979047 -1348.048375 -1361.993261 -1434.605872 -1961.087779 -4007.557510 -4034.651591 -4034.653383 -4034.650010 -4034.608740 -4034.398224 -4033.673822 -4031.628722 -4025.634660 -4015.732663 -4003.145809 -3983.044463 -3947.039630 -3879.595501 -3758.077689 -3564.452055 -3304.335132 -2967.039616 -1647.509153 -1395.474261 -1354.799715 -1346.914818 -1345.551388 -1345.340561 -1345.309147 -1345.305007 -1345.305199 -1345.305995 -1345.306735 -1345.307324 -1345.307778 -1345.308128 -1345.308403 -1345.308622 -1345.308801 -1345.308953 -1345.309088 -1345.309221 -1345.309367 -1345.309549 -1345.309799 -1345.310164 -1345.310722 -1345.311595 -1345.312990 -1345.315257 -1345.319014 -1345.325381 -1345.336471 -1345.356368 -1345.393167 -1345.463219 -1345.600426 -1345.878452 -1346.469395 -1347.807955 -1351.057420 -1359.538913 -1384.512707 -9999.0 -9999.0
-9999.0 -9999.0 928.188001 832.056178 735.567619 638.587075 541.340131 443.972964 346.565363 249.162473 151.788187 54.456051 -42.815376 -140.016463 -237.099951 -333.955802 -430.377081 -526.025492 -620.361374 -713.849775 -807.168062 -899.176101 -989.667393 -1071.783544 -1138.505780 -1193.391459 -1236.584086 -1269.233980 -1293.066435 -1309.959182 -1321.650032 -1329.589543 -1334.904436 -1338.425374 -1340.741827 -1342.262792 -1343.275974 -1344.026938 -1344.979047 -1348.048375 -1361.993261 -1434.605872 -1961.087779 -4007.557510 -4034.651591 -4034.653383 -4034.650010 -4034.608740 -4034.398224 -4033.673822 -4031.628722 -4025.634660 -4015.732663 -4003.145809 -3983.044463 -3947.039630 -3879.595501 -3758.077689 -3564.452055 -3304.335133 -2967.039616 -1647.509153 -1395.474261 -1354.799715 -1346.914818 -1345.551388 -1345.340561 -1345.309147 -1345.305007 -1345.305199 -1345.305995 -1345.306735 -1345.307324 -1345.307778 -1345.308128 -1345.308403 -1345.308622 -1345.308801 -1345.308953 -1345.309088 -1345.309221 -1345.309367 -1345.309549 -1345.309799 -1345.310164 -1345.310722 -1345.311595 -1345.312990 -1345.315257 -1345.319014 -1345.325381 -1345.336471 -1345.356368 -1345.393167 -1345.463219 -1345.600426 -1345.878452 -1346.469395 -1347.807955 -1351.057420 -1359.538913 -1384.512707 -9999.0 -9999.0
-9999.0 -9999.0 928.186708 832.055485 735.567328 638.586963 541.340090 443.972949 346.565357 249.162471 151.788186 54.456051 -42.815376 -140.016464 -237.099951 -333.955802 -430.377081 -526.025492 -620.361373 -713.849775 -807.168062 -899.176101 -989.667393 -1071.783543 -1138.505779 -1193.391458 -1236.584086 -1269.233980 -1293.066434 -1309.959182 -1321.650032 -1329.589543 -1334.904436 -1338.425374 -1340.741827 -1342.262792 -1343.275974 -1344.026938 -1344.979047 -1348.048375 -1361.993261 -1434.605872 -1961.087779 -4007.557510 -4034.651591 -4034.653383 -4034.650010 -4034.608740 -4034.398224 -4033.673822 -4031.628722 -4025.634660 -4015.732663 -4003.145809 -3983.044463 -3947.039630 -3879.595501 -3758.077689 -3564.452056 -3304.335133 -2967.039617 -1647.509153 -1395.474261 -1354.799715 -1346.914818 -1345.551388 -1345.340561 -1345.309147 -1345.305007 -1345.305199 -1345.305995 -1345.306735 -1345.307324 -1345.307778 -1345.308128 -1345.308403 -1345.308622 -1345.308801 -1345.308953 -1345.309088 -1345.309221 -1345.309367 -1345.309549 -1345.309799 -1345.310164 -1345.310722 -1345.311595 -1345.312990 -1345.315257 -1345.319014 -1345.325381 -1345.336471 -1345.356368 -1345.393167 -1345.463219 -1345.600426 -1345.878452 -1346.469395 -1347.807955 -1351.057420 -1359.538913 -1384.512707 -9999.0 -9999.0
-9999.0 -9999.0 928.183259 832.054185 735.566904 638.586825 541.340044 443.972933 346.565351 249.162469 151.788185 54.456051 -42.815376 -140.016464 -237.099951 -333.955802 -430.377081 -526.025492 -620.361373 -713.849775 -807.168062 -899.176101 -989.667393 -1071.783543 -1138.505779 -1193.391458 -1236.584085 -1269.233980 -1293.066434 -1309.959181 -1321.650032 -1329.589543 -1334.904436 -1338.425374 -1340.741827 -1342.262792 -1343.275974 -1344.026938 -1344.979047 -1348.048375 -1361.993261 -1434.605872 -1961.087780 -4007.557510 -4034.651591 -4034.653383 -4034.650010 -4034.608740 -4034.398224 -4033.673822 -4031.628723 -4025.634660 -4015.732663 -4003.145809 -3983.044463 -3947.039630 -3879.595501 -3758.077690 -3564.452056 -3304.335134 -2967.039618 -1647.509153 -1395.474261 -1354.799715 -1346.914818 -1345.551388 -1345.340561 -1345.309147 -1345.305007 -1345.305199 -1345.305995 -1345.306735 -1345.307324 -1345.307778 -1345.308128 -1345.308403 -1345.308622 -1345.308801 -1345.308953 -1345.309088 -1345.309221 -1345.309367 -1345.309549 -1345.309799 -1345.310164 -1345.310722 -1345.311595 -1345.312990 -1345.315257 -1345.319014 -1345.325381 -1345.336471 -1345.356368 -1345.393167 -1345.463219 -1345.600426 -1345.878452 -1346.469395 -1347.807955 -1351.057420 -1359.538913 -1384.512707 -9999.0 -9999.0
-9999.0 -9999.0 -9999.0 -9999.0 -9999.0 -9999.0 -9999.0 -9999.0 -9999.0 -9999.0 -9999.0 -9999.0 -9999.0 -9999.0 -9999.0 -9999.0 -9999.0 -9999.0 -9999.0 -9999.0 -9999.0 -9999.0 -9999.0 -9999.0 -9999.0 -9999.0 -9999.0 -9999.0 -9999.0 -9999.0 -9999.0 -9999.0 -9999.0 -9999.0 -9999.0 -9999.0 -9999.0 -9999.0 -9999.0 -9999.0 -9999.0 -9999.0 -9999.0 -9999.0 -9999.0 -9999.0 -9999.0 -9999.0 -9999.0 -9999.0 -9999.0 -9999.0 -9999.0 -9999.0 -9999.0 -9999.0 -9999.0 -9999.0 -9999.0 -9999.0 -9999.0 -9999.0 -9999.0 -9999.0 -9999.0 -9999.0 -9999.0 -9999.0 -9999.0 -9999.0 -9999.0 -9999.0 -9999.0 -9999.0 -9999.0 -9999.0 -9999.0 -9999.0 -9999.0 -9999.0 -9999.0 -9999.0 -9999.0 -9999.0 -9999.0 -9999.0 -9999.0 -9999.0 -9999.0 -9999.0 -9999.0 -9999.0 -9999.0 -9999.0 -9999.0 -9999.0 -9999.0 -9999.0 -9999.0 -9999.0 -9999.0 -9999.0 -9999.0 -9999.0
-9999.0 -9999.0 -9999.0 -9999.0 -9999.0 -9999.0 -9999.0 -9999.0 -9999.0 -9999.0 -9999.0 -9999.0 -9999.0 -9999.0 -9999.0 -9999.0 -9999.0 -9999.0 -9999.0 -9999.0 -9999.0 -9999.0 -9999.0 -9999.0 -9999.0 -9999.0 -9999.0 -9999.0 -9999.0 -9999.0 -9999.0 -9999.0 -9999.0 -9999.0 -9999.0 -9999.0 -9999.0 -9999.0 -9999.0 -9999.0 -9999.0 -9999.0 -9999.0 -9999.0 -9999.0 -9999.0 -9999.0 -9999.0 -9999.0 -9999.0 -9999.0 -9999.0 -9999.0 -9999.0 -9999.0 -9999.0 -9999.0 -9999.0 -9999.0 -9999.0 -9999.0 -9999.0 -9999.0 -9999.0 -9999.0 -9999.0 -9999.0 -9999.0 -9999.0 -9999.0 -9999.0 -9999.0 -9999.0 -9999.0 -9999.0 -9999.0 -9999.0 -9999.0 -9999.0 -9999.0 -9999.0 -9999.0 -9999.0 -9999.0 -9999.0 -9999.0 -9999.0 -9999.0 -9999.0 -9999.0 -9999.0 -9999.0 -9999.0 -9999.0 -9999.0 -9999.0 -9999.0 -9999.0 -9999.0 -9999.0 -9999.0 -9999.0 -9999.0 -9999.0