inst/processing_geotop_simulation/geotop_simulation/out/maps3D/PwL0013N0115.asc
ncols         104
nrows         10
xllcorner     -2.000000
yllcorner     0.000000
cellsize      1.000000
NODATA_value  -9999.0
-9999.0 -9999.0 -9999.0 -9999.0 -9999.0 -9999.0 -9999.0 -9999.0 -9999.0 -9999.0 -9999.0 -9999.0 -9999.0 -9999.0 -9999.0 -9999.0 -9999.0 -9999.0 -9999.0 -9999.0 -9999.0 -9999.0 -9999.0 -9999.0 -9999.0 -9999.0 -9999.0 -9999.0 -9999.0 -9999.0 -9999.0 -9999.0 -9999.0 -9999.0 -9999.0 -9999.0 -9999.0 -9999.0 -9999.0 -9999.0 -9999.0 -9999.0 -9999.0 -9999.0 -9999.0 -9999.0 -9999.0 -9999.0 -9999.0 -9999.0 -9999.0 -9999.0 -9999.0 -9999.0 -9999.0 -9999.0 -9999.0 -9999.0 -9999.0 -9999.0 -9999.0 -9999.0 -9999.0 -9999.0 -9999.0 -9999.0 -9999.0 -9999.0 -9999.0 -9999.0 -9999.0 -9999.0 -9999.0 -9999.0 -9999.0 -9999.0 -9999.0 -9999.0 -9999.0 -9999.0 -9999.0 -9999.0 -9999.0 -9999.0 -9999.0 -9999.0 -9999.0 -9999.0 -9999.0 -9999.0 -9999.0 -9999.0 -9999.0 -9999.0 -9999.0 -9999.0 -9999.0 -9999.0 -9999.0 -9999.0 -9999.0 -9999.0 -9999.0 -9999.0
-9999.0 -9999.0 -9999.0 -9999.0 -9999.0 -9999.0 -9999.0 -9999.0 -9999.0 -9999.0 -9999.0 -9999.0 -9999.0 -9999.0 -9999.0 -9999.0 -9999.0 -9999.0 -9999.0 -9999.0 -9999.0 -9999.0 -9999.0 -9999.0 -9999.0 -9999.0 -9999.0 -9999.0 -9999.0 -9999.0 -9999.0 -9999.0 -9999.0 -9999.0 -9999.0 -9999.0 -9999.0 -9999.0 -9999.0 -9999.0 -9999.0 -9999.0 -9999.0 -9999.0 -9999.0 -9999.0 -9999.0 -9999.0 -9999.0 -9999.0 -9999.0 -9999.0 -9999.0 -9999.0 -9999.0 -9999.0 -9999.0 -9999.0 -9999.0 -9999.0 -9999.0 -9999.0 -9999.0 -9999.0 -9999.0 -9999.0 -9999.0 -9999.0 -9999.0 -9999.0 -9999.0 -9999.0 -9999.0 -9999.0 -9999.0 -9999.0 -9999.0 -9999.0 -9999.0 -9999.0 -9999.0 -9999.0 -9999.0 -9999.0 -9999.0 -9999.0 -9999.0 -9999.0 -9999.0 -9999.0 -9999.0 -9999.0 -9999.0 -9999.0 -9999.0 -9999.0 -9999.0 -9999.0 -9999.0 -9999.0 -9999.0 -9999.0 -9999.0 -9999.0
-9999.0 -9999.0 639.824829 550.088706 457.917896 364.244191 269.882662 175.226227 80.468866 -14.278714 -108.952251 -203.544188 -298.111220 -393.051157 -489.023945 -586.621273 -686.653387 -782.282469 -875.861534 -966.402548 -1049.616396 -1112.610253 -1154.781140 -1180.332085 -1194.847227 -1202.891445 -1207.414371 -1210.072631 -1211.725420 -1212.806796 -1213.542641 -1214.056718 -1214.421760 -1214.683087 -1214.870344 -1215.005726 -1215.114353 -1215.240559 -1215.523548 -1217.025657 -1227.470873 -1307.102269 -2092.138926 -4318.506151 -4331.679993 -4331.676008 -4331.671922 -4331.671281 -4331.671215 -4331.671221 -4331.671236 -4331.671253 -4331.671269 -4331.671283 -4331.671297 -4331.671312 -4331.671360 -4331.671704 -4331.674048 -4331.677012 -4310.788457 -1978.665160 -1279.738572 -1223.354621 -1216.444548 -1215.590583 -1215.471800 -1215.452957 -1215.451075 -1215.452271 -1215.453771 -1215.455032 -1215.456003 -1215.456739 -1215.457300 -1215.457735 -1215.458080 -1215.458357 -1215.458587 -1215.458790 -1215.458988 -1215.459205 -1215.459477 -1215.459853 -1215.460407 -1215.461259 -1215.462596 -1215.464729 -1215.468183 -1215.473867 -1215.483407 -1215.499824 -1215.528902 -1215.581985 -1215.681667 -1215.873359 -1216.249869 -1217.009383 -1218.611584 -1222.226075 -1231.043773 -1255.281885 -9999.0 -9999.0
-9999.0 -9999.0 639.830476 550.090483 457.918420 364.244353 269.882715 175.226244 80.468872 -14.278712 -108.952250 -203.544187 -298.111219 -393.051157 -489.023945 -586.621273 -686.653387 -782.282469 -875.861534 -966.402548 -1049.616396 -1112.610253 -1154.781141 -1180.332085 -1194.847227 -1202.891445 -1207.414371 -1210.072631 -1211.725420 -1212.806796 -1213.542641 -1214.056718 -1214.421760 -1214.683087 -1214.870344 -1215.005726 -1215.114353 -1215.240559 -1215.523548 -1217.025657 -1227.470873 -1307.102269 -2092.138925 -4318.506151 -4331.679993 -4331.676008 -4331.671922 -4331.671281 -4331.671215 -4331.671221 -4331.671236 -4331.671253 -4331.671269 -4331.671283 -4331.671297 -4331.671312 -4331.671360 -4331.671704 -4331.674048 -4331.677012 -4310.788457 -1978.665160 -1279.738572 -1223.354621 -1216.444548 -1215.590583 -1215.471800 -1215.452957 -1215.451075 -1215.452271 -1215.453771 -1215.455032 -1215.456003 -1215.456739 -1215.457300 -1215.457735 -1215.458080 -1215.458357 -1215.458587 -1215.458790 -1215.458988 -1215.459205 -1215.459477 -1215.459853 -1215.460407 -1215.461259 -1215.462596 -1215.464729 -1215.468183 -1215.473867 -1215.483407 -1215.499824 -1215.528902 -1215.581985 -1215.681667 -1215.873359 -1216.249869 -1217.009383 -1218.611584 -1222.226075 -1231.043773 -1255.281885 -9999.0 -9999.0
-9999.0 -9999.0 639.832081 550.091326 457.918764 364.244481 269.882761 175.226261 80.468878 -14.278710 -108.952249 -203.544187 -298.111219 -393.051157 -489.023945 -586.621273 -686.653387 -782.282469 -875.861534 -966.402548 -1049.616396 -1112.610254 -1154.781141 -1180.332085 -1194.847227 -1202.891445 -1207.414371 -1210.072631 -1211.725420 -1212.806796 -1213.542641 -1214.056718 -1214.421760 -1214.683087 -1214.870344 -1215.005726 -1215.114353 -1215.240559 -1215.523548 -1217.025657 -1227.470873 -1307.102269 -2092.138925 -4318.506151 -4331.679993 -4331.676008 -4331.671922 -4331.671281 -4331.671215 -4331.671221 -4331.671236 -4331.671253 -4331.671269 -4331.671283 -4331.671297 -4331.671312 -4331.671360 -4331.671704 -4331.674048 -4331.677012 -4310.788457 -1978.665160 -1279.738572 -1223.354621 -1216.444548 -1215.590583 -1215.471800 -1215.452957 -1215.451075 -1215.452271 -1215.453771 -1215.455032 -1215.456003 -1215.456739 -1215.457300 -1215.457735 -1215.458080 -1215.458357 -1215.458587 -1215.458790 -1215.458988 -1215.459205 -1215.459477 -1215.459853 -1215.460407 -1215.461259 -1215.462596 -1215.464729 -1215.468183 -1215.473867 -1215.483407 -1215.499824 -1215.528902 -1215.581985 -1215.681667 -1215.873359 -1216.249869 -1217.009383 -1218.611584 -1222.226075 -1231.043773 -1255.281885 -9999.0 -9999.0
-9999.0 -9999.0 639.832082 550.091326 457.918765 364.244481 269.882762 175.226261 80.468878 -14.278710 -108.952249 -203.544187 -298.111219 -393.051157 -489.023945 -586.621273 -686.653387 -782.282469 -875.861534 -966.402548 -1049.616396 -1112.610254 -1154.781141 -1180.332085 -1194.847227 -1202.891445 -1207.414371 -1210.072631 -1211.725420 -1212.806796 -1213.542641 -1214.056718 -1214.421760 -1214.683087 -1214.870344 -1215.005726 -1215.114353 -1215.240559 -1215.523548 -1217.025657 -1227.470873 -1307.102269 -2092.138925 -4318.506151 -4331.679993 -4331.676008 -4331.671922 -4331.671281 -4331.671215 -4331.671221 -4331.671236 -4331.671253 -4331.671269 -4331.671283 -4331.671297 -4331.671312 -4331.671360 -4331.671704 -4331.674048 -4331.677012 -4310.788457 -1978.665160 -1279.738572 -1223.354621 -1216.444548 -1215.590583 -1215.471800 -1215.452957 -1215.451075 -1215.452271 -1215.453771 -1215.455032 -1215.456003 -1215.456739 -1215.457300 -1215.457735 -1215.458080 -1215.458357 -1215.458587 -1215.458790 -1215.458988 -1215.459205 -1215.459477 -1215.459853 -1215.460407 -1215.461259 -1215.462596 -1215.464729 -1215.468183 -1215.473867 -1215.483407 -1215.499824 -1215.528902 -1215.581985 -1215.681667 -1215.873359 -1216.249869 -1217.009383 -1218.611584 -1222.226075 -1231.043773 -1255.281885 -9999.0 -9999.0
-9999.0 -9999.0 639.830476 550.090483 457.918420 364.244353 269.882715 175.226245 80.468872 -14.278712 -108.952250 -203.544187 -298.111220 -393.051157 -489.023945 -586.621273 -686.653387 -782.282469 -875.861534 -966.402548 -1049.616396 -1112.610253 -1154.781141 -1180.332085 -1194.847227 -1202.891445 -1207.414371 -1210.072631 -1211.725420 -1212.806796 -1213.542641 -1214.056718 -1214.421760 -1214.683087 -1214.870344 -1215.005726 -1215.114353 -1215.240559 -1215.523548 -1217.025657 -1227.470873 -1307.102269 -2092.138925 -4318.506151 -4331.679993 -4331.676008 -4331.671922 -4331.671281 -4331.671215 -4331.671221 -4331.671236 -4331.671253 -4331.671269 -4331.671283 -4331.671297 -4331.671312 -4331.671360 -4331.671704 -4331.674048 -4331.677012 -4310.788457 -1978.665160 -1279.738572 -1223.354621 -1216.444548 -1215.590583 -1215.471800 -1215.452957 -1215.451075 -1215.452271 -1215.453771 -1215.455032 -1215.456003 -1215.456739 -1215.457300 -1215.457735 -1215.458080 -1215.458357 -1215.458587 -1215.458790 -1215.458988 -1215.459205 -1215.459477 -1215.459853 -1215.460407 -1215.461259 -1215.462596 -1215.464729 -1215.468183 -1215.473867 -1215.483407 -1215.499824 -1215.528902 -1215.581985 -1215.681667 -1215.873359 -1216.249869 -1217.009383 -1218.611584 -1222.226075 -1231.043773 -1255.281885 -9999.0 -9999.0
-9999.0 -9999.0 639.824830 550.088706 457.917896 364.244191 269.882663 175.226227 80.468866 -14.278714 -108.952251 -203.544188 -298.111220 -393.051157 -489.023945 -586.621273 -686.653387 -782.282469 -875.861534 -966.402548 -1049.616396 -1112.610253 -1154.781140 -1180.332085 -1194.847227 -1202.891445 -1207.414371 -1210.072631 -1211.725420 -1212.806796 -1213.542641 -1214.056718 -1214.421760 -1214.683087 -1214.870344 -1215.005726 -1215.114353 -1215.240559 -1215.523548 -1217.025657 -1227.470873 -1307.102269 -2092.138926 -4318.506151 -4331.679993 -4331.676008 -4331.671922 -4331.671281 -4331.671215 -4331.671221 -4331.671236 -4331.671253 -4331.671269 -4331.671283 -4331.671297 -4331.671312 -4331.671360 -4331.671704 -4331.674048 -4331.677012 -4310.788457 -1978.665160 -1279.738572 -1223.354621 -1216.444548 -1215.590583 -1215.471800 -1215.452957 -1215.451075 -1215.452271 -1215.453771 -1215.455032 -1215.456003 -1215.456739 -1215.457300 -1215.457735 -1215.458080 -1215.458357 -1215.458587 -1215.458790 -1215.458988 -1215.459205 -1215.459477 -1215.459853 -1215.460407 -1215.461259 -1215.462596 -1215.464729 -1215.468183 -1215.473867 -1215.483407 -1215.499824 -1215.528902 -1215.581985 -1215.681667 -1215.873359 -1216.249869 -1217.009383 -1218.611584 -1222.226075 -1231.043773 -1255.281885 -9999.0 -9999.0
-9999.0 -9999.0 -9999.0 -9999.0 -9999.0 -9999.0 -9999.0 -9999.0 -9999.0 -9999.0 -9999.0 -9999.0 -9999.0 -9999.0 -9999.0 -9999.0 -9999.0 -9999.0 -9999.0 -9999.0 -9999.0 -9999.0 -9999.0 -9999.0 -9999.0 -9999.0 -9999.0 -9999.0 -9999.0 -9999.0 -9999.0 -9999.0 -9999.0 -9999.0 -9999.0 -9999.0 -9999.0 -9999.0 -9999.0 -9999.0 -9999.0 -9999.0 -9999.0 -9999.0 -9999.0 -9999.0 -9999.0 -9999.0 -9999.0 -9999.0 -9999.0 -9999.0 -9999.0 -9999.0 -9999.0 -9999.0 -9999.0 -9999.0 -9999.0 -9999.0 -9999.0 -9999.0 -9999.0 -9999.0 -9999.0 -9999.0 -9999.0 -9999.0 -9999.0 -9999.0 -9999.0 -9999.0 -9999.0 -9999.0 -9999.0 -9999.0 -9999.0 -9999.0 -9999.0 -9999.0 -9999.0 -9999.0 -9999.0 -9999.0 -9999.0 -9999.0 -9999.0 -9999.0 -9999.0 -9999.0 -9999.0 -9999.0 -9999.0 -9999.0 -9999.0 -9999.0 -9999.0 -9999.0 -9999.0 -9999.0 -9999.0 -9999.0 -9999.0 -9999.0
-9999.0 -9999.0 -9999.0 -9999.0 -9999.0 -9999.0 -9999.0 -9999.0 -9999.0 -9999.0 -9999.0 -9999.0 -9999.0 -9999.0 -9999.0 -9999.0 -9999.0 -9999.0 -9999.0 -9999.0 -9999.0 -9999.0 -9999.0 -9999.0 -9999.0 -9999.0 -9999.0 -9999.0 -9999.0 -9999.0 -9999.0 -9999.0 -9999.0 -9999.0 -9999.0 -9999.0 -9999.0 -9999.0 -9999.0 -9999.0 -9999.0 -9999.0 -9999.0 -9999.0 -9999.0 -9999.0 -9999.0 -9999.0 -9999.0 -9999.0 -9999.0 -9999.0 -9999.0 -9999.0 -9999.0 -9999.0 -9999.0 -9999.0 -9999.0 -9999.0 -9999.0 -9999.0 -9999.0 -9999.0 -9999.0 -9999.0 -9999.0 -9999.0 -9999.0 -9999.0 -9999.0 -9999.0 -9999.0 -9999.0 -9999.0 -9999.0 -9999.0 -9999.0 -9999.0 -9999.0 -9999.0 -9999.0 -9999.0 -9999.0 -9999.0 -9999.0 -9999.0 -9999.0 -9999.0 -9999.0 -9999.0 -9999.0 -9999.0 -9999.0 -9999.0 -9999.0 -9999.0 -9999.0 -9999.0 -9999.0 -9999.0 -9999.0 -9999.0 -9999.0