inst/processing_geotop_simulation/geotop_simulation/out/maps3D/PwL0018N0068.asc
ncols         104
nrows         10
xllcorner     -2.000000
yllcorner     0.000000
cellsize      1.000000
NODATA_value  -9999.0
-9999.0 -9999.0 -9999.0 -9999.0 -9999.0 -9999.0 -9999.0 -9999.0 -9999.0 -9999.0 -9999.0 -9999.0 -9999.0 -9999.0 -9999.0 -9999.0 -9999.0 -9999.0 -9999.0 -9999.0 -9999.0 -9999.0 -9999.0 -9999.0 -9999.0 -9999.0 -9999.0 -9999.0 -9999.0 -9999.0 -9999.0 -9999.0 -9999.0 -9999.0 -9999.0 -9999.0 -9999.0 -9999.0 -9999.0 -9999.0 -9999.0 -9999.0 -9999.0 -9999.0 -9999.0 -9999.0 -9999.0 -9999.0 -9999.0 -9999.0 -9999.0 -9999.0 -9999.0 -9999.0 -9999.0 -9999.0 -9999.0 -9999.0 -9999.0 -9999.0 -9999.0 -9999.0 -9999.0 -9999.0 -9999.0 -9999.0 -9999.0 -9999.0 -9999.0 -9999.0 -9999.0 -9999.0 -9999.0 -9999.0 -9999.0 -9999.0 -9999.0 -9999.0 -9999.0 -9999.0 -9999.0 -9999.0 -9999.0 -9999.0 -9999.0 -9999.0 -9999.0 -9999.0 -9999.0 -9999.0 -9999.0 -9999.0 -9999.0 -9999.0 -9999.0 -9999.0 -9999.0 -9999.0 -9999.0 -9999.0 -9999.0 -9999.0 -9999.0 -9999.0
-9999.0 -9999.0 -9999.0 -9999.0 -9999.0 -9999.0 -9999.0 -9999.0 -9999.0 -9999.0 -9999.0 -9999.0 -9999.0 -9999.0 -9999.0 -9999.0 -9999.0 -9999.0 -9999.0 -9999.0 -9999.0 -9999.0 -9999.0 -9999.0 -9999.0 -9999.0 -9999.0 -9999.0 -9999.0 -9999.0 -9999.0 -9999.0 -9999.0 -9999.0 -9999.0 -9999.0 -9999.0 -9999.0 -9999.0 -9999.0 -9999.0 -9999.0 -9999.0 -9999.0 -9999.0 -9999.0 -9999.0 -9999.0 -9999.0 -9999.0 -9999.0 -9999.0 -9999.0 -9999.0 -9999.0 -9999.0 -9999.0 -9999.0 -9999.0 -9999.0 -9999.0 -9999.0 -9999.0 -9999.0 -9999.0 -9999.0 -9999.0 -9999.0 -9999.0 -9999.0 -9999.0 -9999.0 -9999.0 -9999.0 -9999.0 -9999.0 -9999.0 -9999.0 -9999.0 -9999.0 -9999.0 -9999.0 -9999.0 -9999.0 -9999.0 -9999.0 -9999.0 -9999.0 -9999.0 -9999.0 -9999.0 -9999.0 -9999.0 -9999.0 -9999.0 -9999.0 -9999.0 -9999.0 -9999.0 -9999.0 -9999.0 -9999.0 -9999.0 -9999.0
-9999.0 -9999.0 446.639117 346.919179 247.610302 148.868922 50.821711 -46.511553 -143.595848 -241.613504 -342.364788 -446.928391 -552.558350 -648.006566 -715.698115 -753.248394 -770.841011 -778.097404 -781.295546 -832.284910 -880.777160 -927.711417 -974.391527 -947.248882 -929.758521 -919.621617 -914.549843 -912.683402 -912.669004 -913.598036 -914.900395 -916.244788 -917.460195 -918.476264 -919.281055 -919.894764 -920.363247 -920.766984 -921.181630 -922.055819 -930.137275 -1027.393737 -2172.767284 -4081.308563 -4084.158371 -4084.158416 -4084.158416 -4084.158416 -4084.158416 -4084.158416 -4084.158415 -4084.158414 -4084.158411 -4084.158407 -4084.158398 -4084.158378 -4084.158325 -4084.158166 -4084.157631 -4084.155618 -4079.557214 -2065.759837 -1000.861841 -928.047301 -922.377109 -921.748862 -921.638179 -921.617926 -921.616729 -921.619132 -921.621733 -921.623865 -921.625497 -921.626733 -921.627678 -921.628412 -921.628995 -921.629465 -921.629855 -921.630198 -921.630528 -921.630890 -921.631340 -921.631959 -921.632869 -921.634262 -921.636446 -921.639923 -921.645535 -921.654732 -921.670091 -921.696364 -921.742601 -921.826531 -921.983452 -922.284207 -922.872266 -924.048486 -926.506345 -932.090764 -946.139617 -982.413646 -9999.0 -9999.0
-9999.0 -9999.0 446.639117 346.919179 247.610302 148.868922 50.821712 -46.511552 -143.595848 -241.613504 -342.364788 -446.928391 -552.558350 -648.006566 -715.698115 -753.248394 -770.841011 -778.097404 -781.295546 -832.284910 -880.777160 -927.711417 -974.391527 -947.248882 -929.758521 -919.621617 -914.549843 -912.683402 -912.669004 -913.598036 -914.900395 -916.244788 -917.460195 -918.476264 -919.281055 -919.894764 -920.363247 -920.766984 -921.181630 -922.055819 -930.137275 -1027.393737 -2172.767283 -4081.308563 -4084.158371 -4084.158416 -4084.158416 -4084.158416 -4084.158416 -4084.158416 -4084.158415 -4084.158414 -4084.158411 -4084.158407 -4084.158398 -4084.158378 -4084.158325 -4084.158166 -4084.157631 -4084.155618 -4079.557214 -2065.759837 -1000.861841 -928.047301 -922.377109 -921.748862 -921.638179 -921.617926 -921.616729 -921.619132 -921.621733 -921.623865 -921.625497 -921.626733 -921.627678 -921.628412 -921.628995 -921.629465 -921.629855 -921.630198 -921.630528 -921.630890 -921.631340 -921.631959 -921.632869 -921.634262 -921.636446 -921.639923 -921.645535 -921.654732 -921.670091 -921.696364 -921.742601 -921.826531 -921.983452 -922.284207 -922.872266 -924.048486 -926.506345 -932.090764 -946.139617 -982.413646 -9999.0 -9999.0
-9999.0 -9999.0 446.639117 346.919179 247.610303 148.868923 50.821712 -46.511552 -143.595847 -241.613503 -342.364788 -446.928391 -552.558350 -648.006566 -715.698115 -753.248394 -770.841011 -778.097404 -781.295546 -832.284910 -880.777160 -927.711417 -974.391527 -947.248882 -929.758521 -919.621617 -914.549843 -912.683402 -912.669004 -913.598036 -914.900395 -916.244788 -917.460195 -918.476264 -919.281055 -919.894764 -920.363247 -920.766984 -921.181630 -922.055819 -930.137275 -1027.393737 -2172.767283 -4081.308563 -4084.158371 -4084.158416 -4084.158416 -4084.158416 -4084.158416 -4084.158416 -4084.158415 -4084.158414 -4084.158411 -4084.158407 -4084.158398 -4084.158378 -4084.158325 -4084.158166 -4084.157631 -4084.155618 -4079.557214 -2065.759837 -1000.861841 -928.047301 -922.377109 -921.748862 -921.638179 -921.617926 -921.616729 -921.619132 -921.621733 -921.623865 -921.625497 -921.626733 -921.627678 -921.628412 -921.628995 -921.629465 -921.629855 -921.630198 -921.630528 -921.630890 -921.631340 -921.631959 -921.632869 -921.634262 -921.636446 -921.639923 -921.645535 -921.654732 -921.670091 -921.696364 -921.742601 -921.826531 -921.983452 -922.284207 -922.872266 -924.048486 -926.506345 -932.090764 -946.139617 -982.413646 -9999.0 -9999.0
-9999.0 -9999.0 446.639117 346.919179 247.610303 148.868923 50.821712 -46.511552 -143.595847 -241.613503 -342.364788 -446.928391 -552.558350 -648.006566 -715.698115 -753.248394 -770.841011 -778.097404 -781.295546 -832.284910 -880.777160 -927.711417 -974.391527 -947.248882 -929.758521 -919.621617 -914.549843 -912.683402 -912.669004 -913.598036 -914.900395 -916.244788 -917.460195 -918.476264 -919.281055 -919.894764 -920.363247 -920.766984 -921.181630 -922.055819 -930.137275 -1027.393737 -2172.767283 -4081.308563 -4084.158371 -4084.158416 -4084.158416 -4084.158416 -4084.158416 -4084.158416 -4084.158415 -4084.158414 -4084.158411 -4084.158407 -4084.158398 -4084.158378 -4084.158325 -4084.158166 -4084.157631 -4084.155618 -4079.557214 -2065.759837 -1000.861841 -928.047301 -922.377109 -921.748862 -921.638179 -921.617926 -921.616729 -921.619132 -921.621733 -921.623865 -921.625497 -921.626733 -921.627678 -921.628412 -921.628995 -921.629465 -921.629855 -921.630198 -921.630528 -921.630890 -921.631340 -921.631959 -921.632869 -921.634262 -921.636446 -921.639923 -921.645535 -921.654732 -921.670091 -921.696364 -921.742601 -921.826531 -921.983452 -922.284207 -922.872266 -924.048486 -926.506345 -932.090764 -946.139617 -982.413646 -9999.0 -9999.0
-9999.0 -9999.0 446.639117 346.919179 247.610302 148.868922 50.821712 -46.511552 -143.595848 -241.613504 -342.364788 -446.928391 -552.558350 -648.006566 -715.698115 -753.248394 -770.841011 -778.097404 -781.295546 -832.284910 -880.777160 -927.711417 -974.391527 -947.248882 -929.758521 -919.621617 -914.549843 -912.683402 -912.669004 -913.598036 -914.900395 -916.244788 -917.460195 -918.476264 -919.281055 -919.894764 -920.363247 -920.766984 -921.181630 -922.055819 -930.137275 -1027.393737 -2172.767283 -4081.308563 -4084.158371 -4084.158416 -4084.158416 -4084.158416 -4084.158416 -4084.158416 -4084.158415 -4084.158414 -4084.158411 -4084.158407 -4084.158398 -4084.158378 -4084.158325 -4084.158166 -4084.157631 -4084.155618 -4079.557214 -2065.759837 -1000.861841 -928.047301 -922.377109 -921.748862 -921.638179 -921.617926 -921.616729 -921.619132 -921.621733 -921.623865 -921.625497 -921.626733 -921.627678 -921.628412 -921.628995 -921.629465 -921.629855 -921.630198 -921.630528 -921.630890 -921.631340 -921.631959 -921.632869 -921.634262 -921.636446 -921.639923 -921.645535 -921.654732 -921.670091 -921.696364 -921.742601 -921.826531 -921.983452 -922.284207 -922.872266 -924.048486 -926.506345 -932.090764 -946.139617 -982.413646 -9999.0 -9999.0
-9999.0 -9999.0 446.639117 346.919179 247.610302 148.868922 50.821711 -46.511553 -143.595848 -241.613504 -342.364788 -446.928391 -552.558350 -648.006566 -715.698115 -753.248394 -770.841011 -778.097404 -781.295546 -832.284910 -880.777160 -927.711417 -974.391527 -947.248882 -929.758521 -919.621617 -914.549843 -912.683402 -912.669004 -913.598036 -914.900395 -916.244788 -917.460195 -918.476264 -919.281055 -919.894764 -920.363247 -920.766984 -921.181630 -922.055819 -930.137275 -1027.393737 -2172.767284 -4081.308563 -4084.158371 -4084.158416 -4084.158416 -4084.158416 -4084.158416 -4084.158416 -4084.158415 -4084.158414 -4084.158411 -4084.158407 -4084.158398 -4084.158378 -4084.158325 -4084.158166 -4084.157631 -4084.155618 -4079.557214 -2065.759837 -1000.861841 -928.047301 -922.377109 -921.748862 -921.638179 -921.617926 -921.616729 -921.619132 -921.621733 -921.623865 -921.625497 -921.626733 -921.627678 -921.628412 -921.628995 -921.629465 -921.629855 -921.630198 -921.630528 -921.630890 -921.631340 -921.631959 -921.632869 -921.634262 -921.636446 -921.639923 -921.645535 -921.654732 -921.670091 -921.696364 -921.742601 -921.826531 -921.983452 -922.284207 -922.872266 -924.048486 -926.506345 -932.090764 -946.139617 -982.413646 -9999.0 -9999.0
-9999.0 -9999.0 -9999.0 -9999.0 -9999.0 -9999.0 -9999.0 -9999.0 -9999.0 -9999.0 -9999.0 -9999.0 -9999.0 -9999.0 -9999.0 -9999.0 -9999.0 -9999.0 -9999.0 -9999.0 -9999.0 -9999.0 -9999.0 -9999.0 -9999.0 -9999.0 -9999.0 -9999.0 -9999.0 -9999.0 -9999.0 -9999.0 -9999.0 -9999.0 -9999.0 -9999.0 -9999.0 -9999.0 -9999.0 -9999.0 -9999.0 -9999.0 -9999.0 -9999.0 -9999.0 -9999.0 -9999.0 -9999.0 -9999.0 -9999.0 -9999.0 -9999.0 -9999.0 -9999.0 -9999.0 -9999.0 -9999.0 -9999.0 -9999.0 -9999.0 -9999.0 -9999.0 -9999.0 -9999.0 -9999.0 -9999.0 -9999.0 -9999.0 -9999.0 -9999.0 -9999.0 -9999.0 -9999.0 -9999.0 -9999.0 -9999.0 -9999.0 -9999.0 -9999.0 -9999.0 -9999.0 -9999.0 -9999.0 -9999.0 -9999.0 -9999.0 -9999.0 -9999.0 -9999.0 -9999.0 -9999.0 -9999.0 -9999.0 -9999.0 -9999.0 -9999.0 -9999.0 -9999.0 -9999.0 -9999.0 -9999.0 -9999.0 -9999.0 -9999.0
-9999.0 -9999.0 -9999.0 -9999.0 -9999.0 -9999.0 -9999.0 -9999.0 -9999.0 -9999.0 -9999.0 -9999.0 -9999.0 -9999.0 -9999.0 -9999.0 -9999.0 -9999.0 -9999.0 -9999.0 -9999.0 -9999.0 -9999.0 -9999.0 -9999.0 -9999.0 -9999.0 -9999.0 -9999.0 -9999.0 -9999.0 -9999.0 -9999.0 -9999.0 -9999.0 -9999.0 -9999.0 -9999.0 -9999.0 -9999.0 -9999.0 -9999.0 -9999.0 -9999.0 -9999.0 -9999.0 -9999.0 -9999.0 -9999.0 -9999.0 -9999.0 -9999.0 -9999.0 -9999.0 -9999.0 -9999.0 -9999.0 -9999.0 -9999.0 -9999.0 -9999.0 -9999.0 -9999.0 -9999.0 -9999.0 -9999.0 -9999.0 -9999.0 -9999.0 -9999.0 -9999.0 -9999.0 -9999.0 -9999.0 -9999.0 -9999.0 -9999.0 -9999.0 -9999.0 -9999.0 -9999.0 -9999.0 -9999.0 -9999.0 -9999.0 -9999.0 -9999.0 -9999.0 -9999.0 -9999.0 -9999.0 -9999.0 -9999.0 -9999.0 -9999.0 -9999.0 -9999.0 -9999.0 -9999.0 -9999.0 -9999.0 -9999.0 -9999.0 -9999.0