inst/processing_geotop_simulation/geotop_simulation/out/maps3D/PwL0013N0332.asc
ncols         104
nrows         10
xllcorner     -2.000000
yllcorner     0.000000
cellsize      1.000000
NODATA_value  -9999.0
-9999.0 -9999.0 -9999.0 -9999.0 -9999.0 -9999.0 -9999.0 -9999.0 -9999.0 -9999.0 -9999.0 -9999.0 -9999.0 -9999.0 -9999.0 -9999.0 -9999.0 -9999.0 -9999.0 -9999.0 -9999.0 -9999.0 -9999.0 -9999.0 -9999.0 -9999.0 -9999.0 -9999.0 -9999.0 -9999.0 -9999.0 -9999.0 -9999.0 -9999.0 -9999.0 -9999.0 -9999.0 -9999.0 -9999.0 -9999.0 -9999.0 -9999.0 -9999.0 -9999.0 -9999.0 -9999.0 -9999.0 -9999.0 -9999.0 -9999.0 -9999.0 -9999.0 -9999.0 -9999.0 -9999.0 -9999.0 -9999.0 -9999.0 -9999.0 -9999.0 -9999.0 -9999.0 -9999.0 -9999.0 -9999.0 -9999.0 -9999.0 -9999.0 -9999.0 -9999.0 -9999.0 -9999.0 -9999.0 -9999.0 -9999.0 -9999.0 -9999.0 -9999.0 -9999.0 -9999.0 -9999.0 -9999.0 -9999.0 -9999.0 -9999.0 -9999.0 -9999.0 -9999.0 -9999.0 -9999.0 -9999.0 -9999.0 -9999.0 -9999.0 -9999.0 -9999.0 -9999.0 -9999.0 -9999.0 -9999.0 -9999.0 -9999.0 -9999.0 -9999.0
-9999.0 -9999.0 -9999.0 -9999.0 -9999.0 -9999.0 -9999.0 -9999.0 -9999.0 -9999.0 -9999.0 -9999.0 -9999.0 -9999.0 -9999.0 -9999.0 -9999.0 -9999.0 -9999.0 -9999.0 -9999.0 -9999.0 -9999.0 -9999.0 -9999.0 -9999.0 -9999.0 -9999.0 -9999.0 -9999.0 -9999.0 -9999.0 -9999.0 -9999.0 -9999.0 -9999.0 -9999.0 -9999.0 -9999.0 -9999.0 -9999.0 -9999.0 -9999.0 -9999.0 -9999.0 -9999.0 -9999.0 -9999.0 -9999.0 -9999.0 -9999.0 -9999.0 -9999.0 -9999.0 -9999.0 -9999.0 -9999.0 -9999.0 -9999.0 -9999.0 -9999.0 -9999.0 -9999.0 -9999.0 -9999.0 -9999.0 -9999.0 -9999.0 -9999.0 -9999.0 -9999.0 -9999.0 -9999.0 -9999.0 -9999.0 -9999.0 -9999.0 -9999.0 -9999.0 -9999.0 -9999.0 -9999.0 -9999.0 -9999.0 -9999.0 -9999.0 -9999.0 -9999.0 -9999.0 -9999.0 -9999.0 -9999.0 -9999.0 -9999.0 -9999.0 -9999.0 -9999.0 -9999.0 -9999.0 -9999.0 -9999.0 -9999.0 -9999.0 -9999.0
-9999.0 -9999.0 622.624284 524.500784 425.922546 327.067818 228.087595 129.054143 30.003519 -69.041671 -168.073281 -267.078670 -366.029459 -464.867291 -563.495027 -661.782701 -759.867208 -857.968222 -955.802968 -1053.305704 -1149.070141 -1240.540813 -1326.081330 -1403.099150 -1469.589849 -1524.628474 -1568.438038 -1602.124324 -1627.276111 -1645.604052 -1658.698365 -1667.907283 -1674.303976 -1678.704940 -1681.711610 -1683.759138 -1685.170216 -1686.245986 -1687.542095 -1690.697519 -1699.355218 -1712.532675 -1688.762228 -3230.510887 -2883.453447 -2662.827685 -2569.227769 -2557.337917 -2556.138584 -2556.262414 -2556.573748 -2556.907433 -2557.227837 -2557.524392 -2557.798801 -2558.110723 -2559.049033 -2565.704284 -2612.929754 -2725.370252 -2847.779251 -1528.350672 -1675.055432 -1691.464553 -1689.441891 -1688.385936 -1688.143376 -1688.099692 -1688.092953 -1688.092423 -1688.092845 -1688.093327 -1688.093728 -1688.094043 -1688.094291 -1688.094490 -1688.094652 -1688.094788 -1688.094906 -1688.095016 -1688.095125 -1688.095245 -1688.095391 -1688.095587 -1688.095865 -1688.096281 -1688.096923 -1688.097940 -1688.099585 -1688.102314 -1688.106956 -1688.115094 -1688.129806 -1688.157242 -1688.209969 -1688.314539 -1688.530101 -1688.997923 -1690.082007 -1692.803492 -1700.391759 -1724.859189 -9999.0 -9999.0
-9999.0 -9999.0 622.629018 524.502261 425.922979 327.067952 228.087639 129.054158 30.003525 -69.041669 -168.073280 -267.078670 -366.029459 -464.867291 -563.495027 -661.782701 -759.867208 -857.968222 -955.802968 -1053.305704 -1149.070141 -1240.540814 -1326.081330 -1403.099150 -1469.589849 -1524.628474 -1568.438038 -1602.124324 -1627.276111 -1645.604052 -1658.698365 -1667.907283 -1674.303976 -1678.704940 -1681.711610 -1683.759138 -1685.170216 -1686.245986 -1687.542095 -1690.697519 -1699.355218 -1712.532675 -1688.762228 -3230.510884 -2883.453443 -2662.827680 -2569.227769 -2557.337917 -2556.138584 -2556.262414 -2556.573748 -2556.907433 -2557.227837 -2557.524392 -2557.798801 -2558.110723 -2559.049033 -2565.704284 -2612.929754 -2725.370252 -2847.779251 -1528.350672 -1675.055432 -1691.464553 -1689.441891 -1688.385936 -1688.143376 -1688.099692 -1688.092953 -1688.092423 -1688.092845 -1688.093327 -1688.093728 -1688.094043 -1688.094291 -1688.094490 -1688.094652 -1688.094788 -1688.094906 -1688.095016 -1688.095125 -1688.095245 -1688.095391 -1688.095587 -1688.095865 -1688.096281 -1688.096923 -1688.097940 -1688.099585 -1688.102314 -1688.106956 -1688.115094 -1688.129806 -1688.157242 -1688.209969 -1688.314539 -1688.530101 -1688.997923 -1690.082007 -1692.803492 -1700.391759 -1724.859189 -9999.0 -9999.0
-9999.0 -9999.0 622.630364 524.502964 425.923265 327.068059 228.087678 129.054172 30.003530 -69.041667 -168.073279 -267.078669 -366.029458 -464.867290 -563.495027 -661.782701 -759.867208 -857.968222 -955.802968 -1053.305704 -1149.070141 -1240.540814 -1326.081330 -1403.099150 -1469.589849 -1524.628474 -1568.438038 -1602.124324 -1627.276111 -1645.604052 -1658.698365 -1667.907283 -1674.303977 -1678.704940 -1681.711610 -1683.759138 -1685.170216 -1686.245986 -1687.542095 -1690.697519 -1699.355218 -1712.532675 -1688.762227 -3230.510884 -2883.453442 -2662.827677 -2569.227769 -2557.337917 -2556.138584 -2556.262414 -2556.573748 -2556.907433 -2557.227837 -2557.524392 -2557.798801 -2558.110723 -2559.049033 -2565.704284 -2612.929754 -2725.370252 -2847.779251 -1528.350672 -1675.055432 -1691.464553 -1689.441891 -1688.385936 -1688.143376 -1688.099692 -1688.092953 -1688.092423 -1688.092845 -1688.093327 -1688.093728 -1688.094043 -1688.094291 -1688.094490 -1688.094652 -1688.094788 -1688.094906 -1688.095016 -1688.095125 -1688.095245 -1688.095391 -1688.095587 -1688.095865 -1688.096281 -1688.096923 -1688.097940 -1688.099585 -1688.102314 -1688.106956 -1688.115094 -1688.129806 -1688.157242 -1688.209969 -1688.314539 -1688.530101 -1688.997923 -1690.082007 -1692.803492 -1700.391759 -1724.859189 -9999.0 -9999.0
-9999.0 -9999.0 622.630364 524.502964 425.923265 327.068059 228.087678 129.054172 30.003530 -69.041667 -168.073279 -267.078669 -366.029458 -464.867291 -563.495027 -661.782701 -759.867208 -857.968222 -955.802968 -1053.305704 -1149.070141 -1240.540814 -1326.081330 -1403.099150 -1469.589849 -1524.628474 -1568.438038 -1602.124324 -1627.276111 -1645.604052 -1658.698365 -1667.907283 -1674.303977 -1678.704940 -1681.711610 -1683.759138 -1685.170216 -1686.245986 -1687.542095 -1690.697519 -1699.355218 -1712.532675 -1688.762227 -3230.510884 -2883.453443 -2662.827677 -2569.227769 -2557.337917 -2556.138584 -2556.262414 -2556.573748 -2556.907433 -2557.227837 -2557.524392 -2557.798801 -2558.110723 -2559.049033 -2565.704284 -2612.929754 -2725.370252 -2847.779251 -1528.350672 -1675.055432 -1691.464553 -1689.441891 -1688.385936 -1688.143376 -1688.099692 -1688.092953 -1688.092423 -1688.092845 -1688.093327 -1688.093728 -1688.094043 -1688.094291 -1688.094490 -1688.094652 -1688.094788 -1688.094906 -1688.095016 -1688.095125 -1688.095245 -1688.095391 -1688.095587 -1688.095865 -1688.096281 -1688.096923 -1688.097940 -1688.099585 -1688.102314 -1688.106956 -1688.115094 -1688.129806 -1688.157242 -1688.209969 -1688.314539 -1688.530101 -1688.997923 -1690.082007 -1692.803492 -1700.391759 -1724.859189 -9999.0 -9999.0
-9999.0 -9999.0 622.629018 524.502261 425.922979 327.067952 228.087639 129.054159 30.003524 -69.041669 -168.073280 -267.078670 -366.029459 -464.867291 -563.495027 -661.782701 -759.867208 -857.968222 -955.802968 -1053.305704 -1149.070141 -1240.540814 -1326.081330 -1403.099150 -1469.589849 -1524.628474 -1568.438038 -1602.124324 -1627.276111 -1645.604052 -1658.698365 -1667.907283 -1674.303976 -1678.704940 -1681.711610 -1683.759138 -1685.170216 -1686.245986 -1687.542095 -1690.697519 -1699.355218 -1712.532675 -1688.762228 -3230.510884 -2883.453443 -2662.827680 -2569.227769 -2557.337917 -2556.138584 -2556.262414 -2556.573748 -2556.907433 -2557.227837 -2557.524392 -2557.798801 -2558.110723 -2559.049033 -2565.704284 -2612.929754 -2725.370252 -2847.779251 -1528.350672 -1675.055432 -1691.464553 -1689.441891 -1688.385936 -1688.143376 -1688.099692 -1688.092953 -1688.092423 -1688.092845 -1688.093327 -1688.093728 -1688.094043 -1688.094291 -1688.094490 -1688.094652 -1688.094788 -1688.094906 -1688.095016 -1688.095125 -1688.095245 -1688.095391 -1688.095587 -1688.095865 -1688.096281 -1688.096923 -1688.097940 -1688.099585 -1688.102314 -1688.106956 -1688.115094 -1688.129806 -1688.157242 -1688.209969 -1688.314539 -1688.530101 -1688.997923 -1690.082007 -1692.803492 -1700.391759 -1724.859189 -9999.0 -9999.0
-9999.0 -9999.0 622.624284 524.500783 425.922546 327.067818 228.087595 129.054143 30.003519 -69.041671 -168.073281 -267.078670 -366.029459 -464.867291 -563.495027 -661.782701 -759.867208 -857.968222 -955.802968 -1053.305704 -1149.070141 -1240.540813 -1326.081330 -1403.099150 -1469.589849 -1524.628474 -1568.438038 -1602.124324 -1627.276111 -1645.604052 -1658.698365 -1667.907283 -1674.303976 -1678.704940 -1681.711610 -1683.759138 -1685.170216 -1686.245986 -1687.542095 -1690.697519 -1699.355218 -1712.532675 -1688.762228 -3230.510887 -2883.453447 -2662.827685 -2569.227769 -2557.337917 -2556.138584 -2556.262414 -2556.573748 -2556.907433 -2557.227837 -2557.524392 -2557.798801 -2558.110723 -2559.049033 -2565.704284 -2612.929754 -2725.370252 -2847.779251 -1528.350672 -1675.055432 -1691.464553 -1689.441891 -1688.385936 -1688.143376 -1688.099692 -1688.092953 -1688.092423 -1688.092845 -1688.093327 -1688.093728 -1688.094043 -1688.094291 -1688.094490 -1688.094652 -1688.094788 -1688.094906 -1688.095016 -1688.095125 -1688.095245 -1688.095391 -1688.095587 -1688.095865 -1688.096281 -1688.096923 -1688.097940 -1688.099585 -1688.102314 -1688.106956 -1688.115094 -1688.129806 -1688.157242 -1688.209969 -1688.314539 -1688.530101 -1688.997923 -1690.082007 -1692.803492 -1700.391759 -1724.859189 -9999.0 -9999.0
-9999.0 -9999.0 -9999.0 -9999.0 -9999.0 -9999.0 -9999.0 -9999.0 -9999.0 -9999.0 -9999.0 -9999.0 -9999.0 -9999.0 -9999.0 -9999.0 -9999.0 -9999.0 -9999.0 -9999.0 -9999.0 -9999.0 -9999.0 -9999.0 -9999.0 -9999.0 -9999.0 -9999.0 -9999.0 -9999.0 -9999.0 -9999.0 -9999.0 -9999.0 -9999.0 -9999.0 -9999.0 -9999.0 -9999.0 -9999.0 -9999.0 -9999.0 -9999.0 -9999.0 -9999.0 -9999.0 -9999.0 -9999.0 -9999.0 -9999.0 -9999.0 -9999.0 -9999.0 -9999.0 -9999.0 -9999.0 -9999.0 -9999.0 -9999.0 -9999.0 -9999.0 -9999.0 -9999.0 -9999.0 -9999.0 -9999.0 -9999.0 -9999.0 -9999.0 -9999.0 -9999.0 -9999.0 -9999.0 -9999.0 -9999.0 -9999.0 -9999.0 -9999.0 -9999.0 -9999.0 -9999.0 -9999.0 -9999.0 -9999.0 -9999.0 -9999.0 -9999.0 -9999.0 -9999.0 -9999.0 -9999.0 -9999.0 -9999.0 -9999.0 -9999.0 -9999.0 -9999.0 -9999.0 -9999.0 -9999.0 -9999.0 -9999.0 -9999.0 -9999.0
-9999.0 -9999.0 -9999.0 -9999.0 -9999.0 -9999.0 -9999.0 -9999.0 -9999.0 -9999.0 -9999.0 -9999.0 -9999.0 -9999.0 -9999.0 -9999.0 -9999.0 -9999.0 -9999.0 -9999.0 -9999.0 -9999.0 -9999.0 -9999.0 -9999.0 -9999.0 -9999.0 -9999.0 -9999.0 -9999.0 -9999.0 -9999.0 -9999.0 -9999.0 -9999.0 -9999.0 -9999.0 -9999.0 -9999.0 -9999.0 -9999.0 -9999.0 -9999.0 -9999.0 -9999.0 -9999.0 -9999.0 -9999.0 -9999.0 -9999.0 -9999.0 -9999.0 -9999.0 -9999.0 -9999.0 -9999.0 -9999.0 -9999.0 -9999.0 -9999.0 -9999.0 -9999.0 -9999.0 -9999.0 -9999.0 -9999.0 -9999.0 -9999.0 -9999.0 -9999.0 -9999.0 -9999.0 -9999.0 -9999.0 -9999.0 -9999.0 -9999.0 -9999.0 -9999.0 -9999.0 -9999.0 -9999.0 -9999.0 -9999.0 -9999.0 -9999.0 -9999.0 -9999.0 -9999.0 -9999.0 -9999.0 -9999.0 -9999.0 -9999.0 -9999.0 -9999.0 -9999.0 -9999.0 -9999.0 -9999.0 -9999.0 -9999.0 -9999.0 -9999.0