inst/processing_geotop_simulation/geotop_simulation/out/maps3D/PwL0013N0095.asc
ncols         104
nrows         10
xllcorner     -2.000000
yllcorner     0.000000
cellsize      1.000000
NODATA_value  -9999.0
-9999.0 -9999.0 -9999.0 -9999.0 -9999.0 -9999.0 -9999.0 -9999.0 -9999.0 -9999.0 -9999.0 -9999.0 -9999.0 -9999.0 -9999.0 -9999.0 -9999.0 -9999.0 -9999.0 -9999.0 -9999.0 -9999.0 -9999.0 -9999.0 -9999.0 -9999.0 -9999.0 -9999.0 -9999.0 -9999.0 -9999.0 -9999.0 -9999.0 -9999.0 -9999.0 -9999.0 -9999.0 -9999.0 -9999.0 -9999.0 -9999.0 -9999.0 -9999.0 -9999.0 -9999.0 -9999.0 -9999.0 -9999.0 -9999.0 -9999.0 -9999.0 -9999.0 -9999.0 -9999.0 -9999.0 -9999.0 -9999.0 -9999.0 -9999.0 -9999.0 -9999.0 -9999.0 -9999.0 -9999.0 -9999.0 -9999.0 -9999.0 -9999.0 -9999.0 -9999.0 -9999.0 -9999.0 -9999.0 -9999.0 -9999.0 -9999.0 -9999.0 -9999.0 -9999.0 -9999.0 -9999.0 -9999.0 -9999.0 -9999.0 -9999.0 -9999.0 -9999.0 -9999.0 -9999.0 -9999.0 -9999.0 -9999.0 -9999.0 -9999.0 -9999.0 -9999.0 -9999.0 -9999.0 -9999.0 -9999.0 -9999.0 -9999.0 -9999.0 -9999.0
-9999.0 -9999.0 -9999.0 -9999.0 -9999.0 -9999.0 -9999.0 -9999.0 -9999.0 -9999.0 -9999.0 -9999.0 -9999.0 -9999.0 -9999.0 -9999.0 -9999.0 -9999.0 -9999.0 -9999.0 -9999.0 -9999.0 -9999.0 -9999.0 -9999.0 -9999.0 -9999.0 -9999.0 -9999.0 -9999.0 -9999.0 -9999.0 -9999.0 -9999.0 -9999.0 -9999.0 -9999.0 -9999.0 -9999.0 -9999.0 -9999.0 -9999.0 -9999.0 -9999.0 -9999.0 -9999.0 -9999.0 -9999.0 -9999.0 -9999.0 -9999.0 -9999.0 -9999.0 -9999.0 -9999.0 -9999.0 -9999.0 -9999.0 -9999.0 -9999.0 -9999.0 -9999.0 -9999.0 -9999.0 -9999.0 -9999.0 -9999.0 -9999.0 -9999.0 -9999.0 -9999.0 -9999.0 -9999.0 -9999.0 -9999.0 -9999.0 -9999.0 -9999.0 -9999.0 -9999.0 -9999.0 -9999.0 -9999.0 -9999.0 -9999.0 -9999.0 -9999.0 -9999.0 -9999.0 -9999.0 -9999.0 -9999.0 -9999.0 -9999.0 -9999.0 -9999.0 -9999.0 -9999.0 -9999.0 -9999.0 -9999.0 -9999.0 -9999.0 -9999.0
-9999.0 -9999.0 635.905348 544.257146 450.606744 355.731391 260.306300 164.659879 68.955503 -26.710770 -122.325116 -218.103296 -314.618802 -413.063832 -515.398635 -625.132077 -746.520903 -849.691003 -948.114379 -1037.727355 -1099.831917 -1123.560943 -1130.831842 -1131.282104 -1129.905441 -1128.728785 -1128.285208 -1128.485366 -1129.068929 -1129.801684 -1130.530069 -1131.174044 -1131.704030 -1132.119075 -1132.431854 -1132.661741 -1132.838301 -1133.012387 -1133.283751 -1134.457518 -1143.827362 -1228.233761 -2118.066009 -4322.740412 -4331.682880 -4331.682902 -4331.682748 -4331.682724 -4331.682721 -4331.682722 -4331.682722 -4331.682723 -4331.682723 -4331.682724 -4331.682724 -4331.682725 -4331.682727 -4331.682739 -4331.682827 -4331.682623 -4317.607457 -2008.460717 -1203.142685 -1140.612829 -1134.187438 -1133.458672 -1133.351704 -1133.333674 -1133.332224 -1133.333859 -1133.335728 -1133.337273 -1133.338457 -1133.339352 -1133.340034 -1133.340563 -1133.340981 -1133.341318 -1133.341597 -1133.341843 -1133.342080 -1133.342341 -1133.342665 -1133.343114 -1133.343774 -1133.344787 -1133.346375 -1133.348907 -1133.353001 -1133.359721 -1133.370972 -1133.390271 -1133.424332 -1133.486308 -1133.602348 -1133.824838 -1134.259820 -1135.129399 -1136.936448 -1140.941517 -1150.533723 -1175.907993 -9999.0 -9999.0
-9999.0 -9999.0 635.910905 544.258888 450.607257 355.731549 260.306351 164.659895 68.955509 -26.710769 -122.325115 -218.103296 -314.618802 -413.063833 -515.398635 -625.132077 -746.520903 -849.691003 -948.114378 -1037.727355 -1099.831917 -1123.560943 -1130.831842 -1131.282104 -1129.905441 -1128.728785 -1128.285208 -1128.485366 -1129.068929 -1129.801684 -1130.530069 -1131.174044 -1131.704030 -1132.119075 -1132.431854 -1132.661741 -1132.838301 -1133.012387 -1133.283751 -1134.457518 -1143.827362 -1228.233761 -2118.066009 -4322.740412 -4331.682880 -4331.682902 -4331.682748 -4331.682724 -4331.682721 -4331.682722 -4331.682722 -4331.682723 -4331.682723 -4331.682724 -4331.682724 -4331.682725 -4331.682727 -4331.682739 -4331.682827 -4331.682623 -4317.607457 -2008.460717 -1203.142685 -1140.612829 -1134.187438 -1133.458672 -1133.351704 -1133.333674 -1133.332224 -1133.333859 -1133.335728 -1133.337273 -1133.338457 -1133.339352 -1133.340034 -1133.340563 -1133.340981 -1133.341318 -1133.341597 -1133.341843 -1133.342080 -1133.342341 -1133.342665 -1133.343114 -1133.343774 -1133.344787 -1133.346375 -1133.348907 -1133.353001 -1133.359721 -1133.370972 -1133.390271 -1133.424332 -1133.486308 -1133.602348 -1133.824838 -1134.259820 -1135.129399 -1136.936448 -1140.941517 -1150.533723 -1175.907993 -9999.0 -9999.0
-9999.0 -9999.0 635.912485 544.259715 450.607594 355.731675 260.306396 164.659911 68.955514 -26.710767 -122.325115 -218.103296 -314.618803 -413.063833 -515.398635 -625.132077 -746.520903 -849.691003 -948.114378 -1037.727354 -1099.831917 -1123.560943 -1130.831842 -1131.282104 -1129.905441 -1128.728785 -1128.285208 -1128.485366 -1129.068929 -1129.801684 -1130.530069 -1131.174044 -1131.704030 -1132.119075 -1132.431854 -1132.661741 -1132.838301 -1133.012387 -1133.283751 -1134.457518 -1143.827362 -1228.233761 -2118.066009 -4322.740412 -4331.682880 -4331.682902 -4331.682748 -4331.682724 -4331.682721 -4331.682722 -4331.682722 -4331.682723 -4331.682723 -4331.682724 -4331.682724 -4331.682725 -4331.682727 -4331.682739 -4331.682827 -4331.682623 -4317.607457 -2008.460717 -1203.142685 -1140.612829 -1134.187438 -1133.458672 -1133.351704 -1133.333674 -1133.332224 -1133.333859 -1133.335728 -1133.337273 -1133.338457 -1133.339352 -1133.340034 -1133.340563 -1133.340981 -1133.341318 -1133.341597 -1133.341843 -1133.342080 -1133.342341 -1133.342665 -1133.343114 -1133.343774 -1133.344787 -1133.346375 -1133.348907 -1133.353001 -1133.359721 -1133.370972 -1133.390271 -1133.424332 -1133.486308 -1133.602348 -1133.824838 -1134.259820 -1135.129399 -1136.936448 -1140.941517 -1150.533723 -1175.907993 -9999.0 -9999.0
-9999.0 -9999.0 635.912485 544.259715 450.607594 355.731675 260.306396 164.659911 68.955514 -26.710767 -122.325115 -218.103296 -314.618803 -413.063833 -515.398635 -625.132077 -746.520903 -849.691003 -948.114378 -1037.727354 -1099.831917 -1123.560943 -1130.831842 -1131.282104 -1129.905441 -1128.728785 -1128.285208 -1128.485366 -1129.068929 -1129.801684 -1130.530069 -1131.174044 -1131.704030 -1132.119075 -1132.431854 -1132.661741 -1132.838301 -1133.012387 -1133.283751 -1134.457518 -1143.827362 -1228.233761 -2118.066009 -4322.740412 -4331.682880 -4331.682902 -4331.682748 -4331.682724 -4331.682721 -4331.682722 -4331.682722 -4331.682723 -4331.682723 -4331.682724 -4331.682724 -4331.682725 -4331.682727 -4331.682739 -4331.682827 -4331.682623 -4317.607457 -2008.460717 -1203.142685 -1140.612829 -1134.187438 -1133.458672 -1133.351704 -1133.333674 -1133.332224 -1133.333859 -1133.335728 -1133.337273 -1133.338457 -1133.339352 -1133.340034 -1133.340563 -1133.340981 -1133.341318 -1133.341597 -1133.341843 -1133.342080 -1133.342341 -1133.342665 -1133.343114 -1133.343774 -1133.344787 -1133.346375 -1133.348907 -1133.353001 -1133.359721 -1133.370972 -1133.390271 -1133.424332 -1133.486308 -1133.602348 -1133.824838 -1134.259820 -1135.129399 -1136.936448 -1140.941517 -1150.533723 -1175.907993 -9999.0 -9999.0
-9999.0 -9999.0 635.910905 544.258888 450.607257 355.731549 260.306351 164.659896 68.955508 -26.710768 -122.325116 -218.103296 -314.618803 -413.063833 -515.398635 -625.132077 -746.520903 -849.691003 -948.114378 -1037.727355 -1099.831917 -1123.560943 -1130.831842 -1131.282104 -1129.905441 -1128.728785 -1128.285208 -1128.485366 -1129.068929 -1129.801684 -1130.530069 -1131.174044 -1131.704030 -1132.119075 -1132.431854 -1132.661741 -1132.838301 -1133.012387 -1133.283751 -1134.457518 -1143.827362 -1228.233761 -2118.066009 -4322.740412 -4331.682880 -4331.682902 -4331.682748 -4331.682724 -4331.682721 -4331.682722 -4331.682722 -4331.682723 -4331.682723 -4331.682724 -4331.682724 -4331.682725 -4331.682727 -4331.682739 -4331.682827 -4331.682623 -4317.607457 -2008.460717 -1203.142685 -1140.612829 -1134.187438 -1133.458672 -1133.351704 -1133.333674 -1133.332224 -1133.333859 -1133.335728 -1133.337273 -1133.338457 -1133.339352 -1133.340034 -1133.340563 -1133.340981 -1133.341318 -1133.341597 -1133.341843 -1133.342080 -1133.342341 -1133.342665 -1133.343114 -1133.343774 -1133.344787 -1133.346375 -1133.348907 -1133.353001 -1133.359721 -1133.370972 -1133.390271 -1133.424332 -1133.486308 -1133.602348 -1133.824838 -1134.259820 -1135.129399 -1136.936448 -1140.941517 -1150.533723 -1175.907993 -9999.0 -9999.0
-9999.0 -9999.0 635.905348 544.257146 450.606744 355.731391 260.306300 164.659879 68.955503 -26.710770 -122.325116 -218.103296 -314.618802 -413.063832 -515.398635 -625.132077 -746.520903 -849.691003 -948.114379 -1037.727355 -1099.831917 -1123.560943 -1130.831842 -1131.282104 -1129.905441 -1128.728785 -1128.285208 -1128.485366 -1129.068929 -1129.801684 -1130.530069 -1131.174044 -1131.704030 -1132.119075 -1132.431854 -1132.661741 -1132.838301 -1133.012387 -1133.283751 -1134.457518 -1143.827362 -1228.233761 -2118.066009 -4322.740412 -4331.682880 -4331.682902 -4331.682748 -4331.682724 -4331.682721 -4331.682722 -4331.682722 -4331.682723 -4331.682723 -4331.682724 -4331.682724 -4331.682725 -4331.682727 -4331.682739 -4331.682827 -4331.682623 -4317.607457 -2008.460717 -1203.142685 -1140.612829 -1134.187438 -1133.458672 -1133.351704 -1133.333674 -1133.332224 -1133.333859 -1133.335728 -1133.337273 -1133.338457 -1133.339352 -1133.340034 -1133.340563 -1133.340981 -1133.341318 -1133.341597 -1133.341843 -1133.342080 -1133.342341 -1133.342665 -1133.343114 -1133.343774 -1133.344787 -1133.346375 -1133.348907 -1133.353001 -1133.359721 -1133.370972 -1133.390271 -1133.424332 -1133.486308 -1133.602348 -1133.824838 -1134.259820 -1135.129399 -1136.936448 -1140.941517 -1150.533723 -1175.907993 -9999.0 -9999.0
-9999.0 -9999.0 -9999.0 -9999.0 -9999.0 -9999.0 -9999.0 -9999.0 -9999.0 -9999.0 -9999.0 -9999.0 -9999.0 -9999.0 -9999.0 -9999.0 -9999.0 -9999.0 -9999.0 -9999.0 -9999.0 -9999.0 -9999.0 -9999.0 -9999.0 -9999.0 -9999.0 -9999.0 -9999.0 -9999.0 -9999.0 -9999.0 -9999.0 -9999.0 -9999.0 -9999.0 -9999.0 -9999.0 -9999.0 -9999.0 -9999.0 -9999.0 -9999.0 -9999.0 -9999.0 -9999.0 -9999.0 -9999.0 -9999.0 -9999.0 -9999.0 -9999.0 -9999.0 -9999.0 -9999.0 -9999.0 -9999.0 -9999.0 -9999.0 -9999.0 -9999.0 -9999.0 -9999.0 -9999.0 -9999.0 -9999.0 -9999.0 -9999.0 -9999.0 -9999.0 -9999.0 -9999.0 -9999.0 -9999.0 -9999.0 -9999.0 -9999.0 -9999.0 -9999.0 -9999.0 -9999.0 -9999.0 -9999.0 -9999.0 -9999.0 -9999.0 -9999.0 -9999.0 -9999.0 -9999.0 -9999.0 -9999.0 -9999.0 -9999.0 -9999.0 -9999.0 -9999.0 -9999.0 -9999.0 -9999.0 -9999.0 -9999.0 -9999.0 -9999.0
-9999.0 -9999.0 -9999.0 -9999.0 -9999.0 -9999.0 -9999.0 -9999.0 -9999.0 -9999.0 -9999.0 -9999.0 -9999.0 -9999.0 -9999.0 -9999.0 -9999.0 -9999.0 -9999.0 -9999.0 -9999.0 -9999.0 -9999.0 -9999.0 -9999.0 -9999.0 -9999.0 -9999.0 -9999.0 -9999.0 -9999.0 -9999.0 -9999.0 -9999.0 -9999.0 -9999.0 -9999.0 -9999.0 -9999.0 -9999.0 -9999.0 -9999.0 -9999.0 -9999.0 -9999.0 -9999.0 -9999.0 -9999.0 -9999.0 -9999.0 -9999.0 -9999.0 -9999.0 -9999.0 -9999.0 -9999.0 -9999.0 -9999.0 -9999.0 -9999.0 -9999.0 -9999.0 -9999.0 -9999.0 -9999.0 -9999.0 -9999.0 -9999.0 -9999.0 -9999.0 -9999.0 -9999.0 -9999.0 -9999.0 -9999.0 -9999.0 -9999.0 -9999.0 -9999.0 -9999.0 -9999.0 -9999.0 -9999.0 -9999.0 -9999.0 -9999.0 -9999.0 -9999.0 -9999.0 -9999.0 -9999.0 -9999.0 -9999.0 -9999.0 -9999.0 -9999.0 -9999.0 -9999.0 -9999.0 -9999.0 -9999.0 -9999.0 -9999.0 -9999.0