inst/processing_geotop_simulation/geotop_simulation/out/maps3D/PwL0020N0414.asc
ncols         104
nrows         10
xllcorner     -2.000000
yllcorner     0.000000
cellsize      1.000000
NODATA_value  -9999.0
-9999.0 -9999.0 -9999.0 -9999.0 -9999.0 -9999.0 -9999.0 -9999.0 -9999.0 -9999.0 -9999.0 -9999.0 -9999.0 -9999.0 -9999.0 -9999.0 -9999.0 -9999.0 -9999.0 -9999.0 -9999.0 -9999.0 -9999.0 -9999.0 -9999.0 -9999.0 -9999.0 -9999.0 -9999.0 -9999.0 -9999.0 -9999.0 -9999.0 -9999.0 -9999.0 -9999.0 -9999.0 -9999.0 -9999.0 -9999.0 -9999.0 -9999.0 -9999.0 -9999.0 -9999.0 -9999.0 -9999.0 -9999.0 -9999.0 -9999.0 -9999.0 -9999.0 -9999.0 -9999.0 -9999.0 -9999.0 -9999.0 -9999.0 -9999.0 -9999.0 -9999.0 -9999.0 -9999.0 -9999.0 -9999.0 -9999.0 -9999.0 -9999.0 -9999.0 -9999.0 -9999.0 -9999.0 -9999.0 -9999.0 -9999.0 -9999.0 -9999.0 -9999.0 -9999.0 -9999.0 -9999.0 -9999.0 -9999.0 -9999.0 -9999.0 -9999.0 -9999.0 -9999.0 -9999.0 -9999.0 -9999.0 -9999.0 -9999.0 -9999.0 -9999.0 -9999.0 -9999.0 -9999.0 -9999.0 -9999.0 -9999.0 -9999.0 -9999.0 -9999.0
-9999.0 -9999.0 -9999.0 -9999.0 -9999.0 -9999.0 -9999.0 -9999.0 -9999.0 -9999.0 -9999.0 -9999.0 -9999.0 -9999.0 -9999.0 -9999.0 -9999.0 -9999.0 -9999.0 -9999.0 -9999.0 -9999.0 -9999.0 -9999.0 -9999.0 -9999.0 -9999.0 -9999.0 -9999.0 -9999.0 -9999.0 -9999.0 -9999.0 -9999.0 -9999.0 -9999.0 -9999.0 -9999.0 -9999.0 -9999.0 -9999.0 -9999.0 -9999.0 -9999.0 -9999.0 -9999.0 -9999.0 -9999.0 -9999.0 -9999.0 -9999.0 -9999.0 -9999.0 -9999.0 -9999.0 -9999.0 -9999.0 -9999.0 -9999.0 -9999.0 -9999.0 -9999.0 -9999.0 -9999.0 -9999.0 -9999.0 -9999.0 -9999.0 -9999.0 -9999.0 -9999.0 -9999.0 -9999.0 -9999.0 -9999.0 -9999.0 -9999.0 -9999.0 -9999.0 -9999.0 -9999.0 -9999.0 -9999.0 -9999.0 -9999.0 -9999.0 -9999.0 -9999.0 -9999.0 -9999.0 -9999.0 -9999.0 -9999.0 -9999.0 -9999.0 -9999.0 -9999.0 -9999.0 -9999.0 -9999.0 -9999.0 -9999.0 -9999.0 -9999.0
-9999.0 -9999.0 968.497515 869.422030 770.280918 671.026299 571.708759 472.363173 373.009035 273.657074 174.313310 74.981237 -24.334952 -123.632702 -222.909930 -322.152295 -421.333647 -520.404465 -619.274770 -717.786809 -816.384849 -914.676009 -1012.491313 -1109.587174 -1200.615748 -1285.556842 -1362.417281 -1429.610698 -1486.269704 -1532.378923 -1568.686193 -1596.455743 -1617.178462 -1632.333195 -1643.238727 -1650.992824 -1656.482893 -1660.485899 -1663.982242 -1668.923825 -1679.129972 -1701.441582 -1787.341237 -3526.503274 -3983.632572 -3983.483523 -3951.879056 -3776.900171 -3487.790922 -3211.411180 -2987.260612 -2794.978914 -2678.682881 -2603.892480 -2534.550945 -2461.903459 -2383.386140 -2300.293819 -2215.944614 -2132.599720 -2029.137019 -1548.379785 -1657.060485 -1671.244127 -1670.117543 -1669.094653 -1668.803191 -1668.742326 -1668.731759 -1668.730516 -1668.730825 -1668.731322 -1668.731780 -1668.732178 -1668.732525 -1668.732836 -1668.733121 -1668.733390 -1668.733649 -1668.733906 -1668.734169 -1668.734448 -1668.734756 -1668.735114 -1668.735552 -1668.736117 -1668.736887 -1668.737993 -1668.739662 -1668.742298 -1668.746653 -1668.754163 -1668.767660 -1668.792878 -1668.841818 -1668.940773 -1669.150909 -1669.624217 -1670.763802 -1673.719948 -1682.097225 -1708.541448 -9999.0 -9999.0
-9999.0 -9999.0 968.500189 869.423064 770.281260 671.026411 571.708797 472.363187 373.009040 273.657076 174.313312 74.981238 -24.334951 -123.632702 -222.909930 -322.152295 -421.333647 -520.404466 -619.274771 -717.786810 -816.384850 -914.676009 -1012.491314 -1109.587174 -1200.615748 -1285.556842 -1362.417281 -1429.610698 -1486.269704 -1532.378923 -1568.686193 -1596.455743 -1617.178462 -1632.333195 -1643.238727 -1650.992824 -1656.482893 -1660.485899 -1663.982242 -1668.923825 -1679.129972 -1701.441582 -1787.341237 -3526.503273 -3983.632572 -3983.483523 -3951.879056 -3776.900170 -3487.790921 -3211.411178 -2987.260609 -2794.978913 -2678.682880 -2603.892480 -2534.550944 -2461.903459 -2383.386140 -2300.293819 -2215.944614 -2132.599720 -2029.137019 -1548.379785 -1657.060485 -1671.244127 -1670.117543 -1669.094653 -1668.803191 -1668.742326 -1668.731759 -1668.730516 -1668.730825 -1668.731322 -1668.731780 -1668.732178 -1668.732525 -1668.732836 -1668.733121 -1668.733390 -1668.733649 -1668.733906 -1668.734169 -1668.734448 -1668.734756 -1668.735114 -1668.735552 -1668.736117 -1668.736887 -1668.737993 -1668.739662 -1668.742298 -1668.746652 -1668.754163 -1668.767660 -1668.792878 -1668.841818 -1668.940773 -1669.150909 -1669.624217 -1670.763802 -1673.719948 -1682.097225 -1708.541448 -9999.0 -9999.0
-9999.0 -9999.0 968.501230 869.423624 770.281498 671.026503 571.708831 472.363200 373.009045 273.657078 174.313312 74.981238 -24.334951 -123.632702 -222.909930 -322.152295 -421.333647 -520.404466 -619.274771 -717.786810 -816.384850 -914.676009 -1012.491314 -1109.587174 -1200.615748 -1285.556842 -1362.417281 -1429.610698 -1486.269704 -1532.378923 -1568.686193 -1596.455743 -1617.178462 -1632.333195 -1643.238727 -1650.992824 -1656.482893 -1660.485899 -1663.982242 -1668.923825 -1679.129972 -1701.441582 -1787.341237 -3526.503272 -3983.632572 -3983.483523 -3951.879056 -3776.900170 -3487.790921 -3211.411176 -2987.260607 -2794.978913 -2678.682880 -2603.892480 -2534.550944 -2461.903459 -2383.386140 -2300.293819 -2215.944614 -2132.599720 -2029.137019 -1548.379785 -1657.060485 -1671.244127 -1670.117543 -1669.094653 -1668.803191 -1668.742326 -1668.731759 -1668.730516 -1668.730825 -1668.731322 -1668.731780 -1668.732178 -1668.732525 -1668.732836 -1668.733121 -1668.733390 -1668.733649 -1668.733906 -1668.734169 -1668.734448 -1668.734756 -1668.735114 -1668.735552 -1668.736117 -1668.736887 -1668.737993 -1668.739662 -1668.742298 -1668.746652 -1668.754163 -1668.767660 -1668.792878 -1668.841818 -1668.940773 -1669.150909 -1669.624217 -1670.763802 -1673.719948 -1682.097225 -1708.541448 -9999.0 -9999.0
-9999.0 -9999.0 968.501230 869.423624 770.281497 671.026503 571.708831 472.363200 373.009045 273.657078 174.313312 74.981238 -24.334951 -123.632702 -222.909930 -322.152295 -421.333647 -520.404466 -619.274771 -717.786810 -816.384850 -914.676009 -1012.491314 -1109.587174 -1200.615748 -1285.556842 -1362.417281 -1429.610698 -1486.269704 -1532.378923 -1568.686193 -1596.455743 -1617.178462 -1632.333195 -1643.238727 -1650.992824 -1656.482893 -1660.485899 -1663.982242 -1668.923825 -1679.129972 -1701.441582 -1787.341237 -3526.503272 -3983.632572 -3983.483523 -3951.879056 -3776.900170 -3487.790921 -3211.411177 -2987.260608 -2794.978913 -2678.682880 -2603.892480 -2534.550944 -2461.903459 -2383.386140 -2300.293819 -2215.944614 -2132.599720 -2029.137019 -1548.379785 -1657.060485 -1671.244127 -1670.117543 -1669.094653 -1668.803191 -1668.742326 -1668.731759 -1668.730516 -1668.730825 -1668.731322 -1668.731780 -1668.732178 -1668.732525 -1668.732836 -1668.733121 -1668.733390 -1668.733649 -1668.733906 -1668.734169 -1668.734448 -1668.734756 -1668.735114 -1668.735552 -1668.736117 -1668.736887 -1668.737993 -1668.739662 -1668.742298 -1668.746652 -1668.754163 -1668.767660 -1668.792878 -1668.841818 -1668.940773 -1669.150909 -1669.624217 -1670.763802 -1673.719948 -1682.097225 -1708.541448 -9999.0 -9999.0
-9999.0 -9999.0 968.500189 869.423063 770.281260 671.026411 571.708797 472.363187 373.009040 273.657076 174.313311 74.981238 -24.334951 -123.632702 -222.909930 -322.152295 -421.333647 -520.404465 -619.274771 -717.786810 -816.384850 -914.676009 -1012.491314 -1109.587174 -1200.615748 -1285.556842 -1362.417281 -1429.610698 -1486.269704 -1532.378923 -1568.686193 -1596.455743 -1617.178462 -1632.333195 -1643.238727 -1650.992824 -1656.482893 -1660.485899 -1663.982242 -1668.923825 -1679.129972 -1701.441582 -1787.341237 -3526.503273 -3983.632572 -3983.483523 -3951.879056 -3776.900170 -3487.790921 -3211.411177 -2987.260609 -2794.978913 -2678.682880 -2603.892480 -2534.550944 -2461.903459 -2383.386140 -2300.293819 -2215.944614 -2132.599720 -2029.137019 -1548.379785 -1657.060485 -1671.244127 -1670.117543 -1669.094653 -1668.803191 -1668.742326 -1668.731759 -1668.730516 -1668.730825 -1668.731322 -1668.731780 -1668.732178 -1668.732525 -1668.732836 -1668.733121 -1668.733390 -1668.733649 -1668.733906 -1668.734169 -1668.734448 -1668.734756 -1668.735114 -1668.735552 -1668.736117 -1668.736887 -1668.737993 -1668.739662 -1668.742298 -1668.746652 -1668.754163 -1668.767660 -1668.792878 -1668.841818 -1668.940773 -1669.150909 -1669.624217 -1670.763802 -1673.719948 -1682.097225 -1708.541448 -9999.0 -9999.0
-9999.0 -9999.0 968.497515 869.422030 770.280918 671.026299 571.708759 472.363174 373.009035 273.657074 174.313311 74.981237 -24.334952 -123.632702 -222.909930 -322.152295 -421.333647 -520.404465 -619.274770 -717.786809 -816.384849 -914.676009 -1012.491313 -1109.587174 -1200.615748 -1285.556842 -1362.417281 -1429.610698 -1486.269704 -1532.378923 -1568.686193 -1596.455743 -1617.178462 -1632.333195 -1643.238727 -1650.992824 -1656.482893 -1660.485899 -1663.982242 -1668.923825 -1679.129972 -1701.441582 -1787.341237 -3526.503274 -3983.632572 -3983.483523 -3951.879056 -3776.900171 -3487.790922 -3211.411181 -2987.260612 -2794.978914 -2678.682881 -2603.892480 -2534.550944 -2461.903460 -2383.386140 -2300.293819 -2215.944614 -2132.599721 -2029.137019 -1548.379785 -1657.060485 -1671.244127 -1670.117543 -1669.094653 -1668.803191 -1668.742326 -1668.731759 -1668.730516 -1668.730825 -1668.731322 -1668.731780 -1668.732178 -1668.732525 -1668.732836 -1668.733121 -1668.733390 -1668.733649 -1668.733906 -1668.734169 -1668.734448 -1668.734756 -1668.735114 -1668.735552 -1668.736117 -1668.736887 -1668.737993 -1668.739662 -1668.742298 -1668.746653 -1668.754163 -1668.767660 -1668.792878 -1668.841818 -1668.940773 -1669.150909 -1669.624217 -1670.763802 -1673.719948 -1682.097225 -1708.541448 -9999.0 -9999.0
-9999.0 -9999.0 -9999.0 -9999.0 -9999.0 -9999.0 -9999.0 -9999.0 -9999.0 -9999.0 -9999.0 -9999.0 -9999.0 -9999.0 -9999.0 -9999.0 -9999.0 -9999.0 -9999.0 -9999.0 -9999.0 -9999.0 -9999.0 -9999.0 -9999.0 -9999.0 -9999.0 -9999.0 -9999.0 -9999.0 -9999.0 -9999.0 -9999.0 -9999.0 -9999.0 -9999.0 -9999.0 -9999.0 -9999.0 -9999.0 -9999.0 -9999.0 -9999.0 -9999.0 -9999.0 -9999.0 -9999.0 -9999.0 -9999.0 -9999.0 -9999.0 -9999.0 -9999.0 -9999.0 -9999.0 -9999.0 -9999.0 -9999.0 -9999.0 -9999.0 -9999.0 -9999.0 -9999.0 -9999.0 -9999.0 -9999.0 -9999.0 -9999.0 -9999.0 -9999.0 -9999.0 -9999.0 -9999.0 -9999.0 -9999.0 -9999.0 -9999.0 -9999.0 -9999.0 -9999.0 -9999.0 -9999.0 -9999.0 -9999.0 -9999.0 -9999.0 -9999.0 -9999.0 -9999.0 -9999.0 -9999.0 -9999.0 -9999.0 -9999.0 -9999.0 -9999.0 -9999.0 -9999.0 -9999.0 -9999.0 -9999.0 -9999.0 -9999.0 -9999.0
-9999.0 -9999.0 -9999.0 -9999.0 -9999.0 -9999.0 -9999.0 -9999.0 -9999.0 -9999.0 -9999.0 -9999.0 -9999.0 -9999.0 -9999.0 -9999.0 -9999.0 -9999.0 -9999.0 -9999.0 -9999.0 -9999.0 -9999.0 -9999.0 -9999.0 -9999.0 -9999.0 -9999.0 -9999.0 -9999.0 -9999.0 -9999.0 -9999.0 -9999.0 -9999.0 -9999.0 -9999.0 -9999.0 -9999.0 -9999.0 -9999.0 -9999.0 -9999.0 -9999.0 -9999.0 -9999.0 -9999.0 -9999.0 -9999.0 -9999.0 -9999.0 -9999.0 -9999.0 -9999.0 -9999.0 -9999.0 -9999.0 -9999.0 -9999.0 -9999.0 -9999.0 -9999.0 -9999.0 -9999.0 -9999.0 -9999.0 -9999.0 -9999.0 -9999.0 -9999.0 -9999.0 -9999.0 -9999.0 -9999.0 -9999.0 -9999.0 -9999.0 -9999.0 -9999.0 -9999.0 -9999.0 -9999.0 -9999.0 -9999.0 -9999.0 -9999.0 -9999.0 -9999.0 -9999.0 -9999.0 -9999.0 -9999.0 -9999.0 -9999.0 -9999.0 -9999.0 -9999.0 -9999.0 -9999.0 -9999.0 -9999.0 -9999.0 -9999.0 -9999.0