inst/processing_geotop_simulation/geotop_simulation/out/maps3D/PwL0009N0027.asc
ncols         104
nrows         10
xllcorner     -2.000000
yllcorner     0.000000
cellsize      1.000000
NODATA_value  -9999.0
-9999.0 -9999.0 -9999.0 -9999.0 -9999.0 -9999.0 -9999.0 -9999.0 -9999.0 -9999.0 -9999.0 -9999.0 -9999.0 -9999.0 -9999.0 -9999.0 -9999.0 -9999.0 -9999.0 -9999.0 -9999.0 -9999.0 -9999.0 -9999.0 -9999.0 -9999.0 -9999.0 -9999.0 -9999.0 -9999.0 -9999.0 -9999.0 -9999.0 -9999.0 -9999.0 -9999.0 -9999.0 -9999.0 -9999.0 -9999.0 -9999.0 -9999.0 -9999.0 -9999.0 -9999.0 -9999.0 -9999.0 -9999.0 -9999.0 -9999.0 -9999.0 -9999.0 -9999.0 -9999.0 -9999.0 -9999.0 -9999.0 -9999.0 -9999.0 -9999.0 -9999.0 -9999.0 -9999.0 -9999.0 -9999.0 -9999.0 -9999.0 -9999.0 -9999.0 -9999.0 -9999.0 -9999.0 -9999.0 -9999.0 -9999.0 -9999.0 -9999.0 -9999.0 -9999.0 -9999.0 -9999.0 -9999.0 -9999.0 -9999.0 -9999.0 -9999.0 -9999.0 -9999.0 -9999.0 -9999.0 -9999.0 -9999.0 -9999.0 -9999.0 -9999.0 -9999.0 -9999.0 -9999.0 -9999.0 -9999.0 -9999.0 -9999.0 -9999.0 -9999.0
-9999.0 -9999.0 -9999.0 -9999.0 -9999.0 -9999.0 -9999.0 -9999.0 -9999.0 -9999.0 -9999.0 -9999.0 -9999.0 -9999.0 -9999.0 -9999.0 -9999.0 -9999.0 -9999.0 -9999.0 -9999.0 -9999.0 -9999.0 -9999.0 -9999.0 -9999.0 -9999.0 -9999.0 -9999.0 -9999.0 -9999.0 -9999.0 -9999.0 -9999.0 -9999.0 -9999.0 -9999.0 -9999.0 -9999.0 -9999.0 -9999.0 -9999.0 -9999.0 -9999.0 -9999.0 -9999.0 -9999.0 -9999.0 -9999.0 -9999.0 -9999.0 -9999.0 -9999.0 -9999.0 -9999.0 -9999.0 -9999.0 -9999.0 -9999.0 -9999.0 -9999.0 -9999.0 -9999.0 -9999.0 -9999.0 -9999.0 -9999.0 -9999.0 -9999.0 -9999.0 -9999.0 -9999.0 -9999.0 -9999.0 -9999.0 -9999.0 -9999.0 -9999.0 -9999.0 -9999.0 -9999.0 -9999.0 -9999.0 -9999.0 -9999.0 -9999.0 -9999.0 -9999.0 -9999.0 -9999.0 -9999.0 -9999.0 -9999.0 -9999.0 -9999.0 -9999.0 -9999.0 -9999.0 -9999.0 -9999.0 -9999.0 -9999.0 -9999.0 -9999.0
-9999.0 -9999.0 318.135257 218.959330 118.335848 15.902735 -85.840376 -179.130049 -244.987579 -267.841576 -342.904075 -372.861740 -386.451827 -393.409257 -340.042882 -209.291893 -70.923588 84.173952 259.904348 212.869686 158.322299 95.923202 26.433244 -48.967116 -126.576609 -200.257461 -260.998576 -303.038809 -327.975591 -341.262363 -347.879751 -350.950187 -352.152685 -352.274042 -351.589658 -350.054387 -347.437220 -344.465616 -339.264568 -283.828839 -259.690716 -325.512514 -2722.008538 -4529.443869 -4529.702257 -4529.701381 -4529.700604 -4529.700493 -4529.700481 -4529.700480 -4529.700479 -4529.700480 -4529.700480 -4529.700480 -4529.700480 -4529.700480 -4529.700484 -4529.700511 -4529.700721 -4529.701140 -4529.277898 -2609.124977 -177.922996 -284.966980 -316.626668 -331.997715 -341.044045 -346.566769 -349.995950 -352.146822 -353.503882 -354.365613 -354.914420 -355.264468 -355.488908 -355.633517 -355.727719 -355.790525 -355.834309 -355.867673 -355.897308 -355.929488 -355.970726 -356.029588 -356.118552 -356.256501 -356.472659 -356.812777 -357.348536 -358.192273 -359.519148 -361.600499 -364.852158 -369.900882 -377.668278 -389.461369 -407.040643 -432.615287 -468.728702 -518.279916 -586.719385 -686.251992 -9999.0 -9999.0
-9999.0 -9999.0 318.265229 219.001047 118.348915 15.907047 -85.838860 -179.129514 -244.987419 -267.841529 -342.904065 -372.861738 -386.451826 -393.409257 -340.042882 -209.291893 -70.923588 84.173952 259.904348 212.869686 158.322299 95.923202 26.433244 -48.967116 -126.576609 -200.257461 -260.998576 -303.038809 -327.975591 -341.262363 -347.879751 -350.950187 -352.152685 -352.274042 -351.589658 -350.054387 -347.437220 -344.465616 -339.264568 -283.828839 -259.690717 -325.512514 -2722.008536 -4529.443869 -4529.702257 -4529.701381 -4529.700604 -4529.700493 -4529.700481 -4529.700480 -4529.700479 -4529.700480 -4529.700480 -4529.700480 -4529.700480 -4529.700480 -4529.700484 -4529.700511 -4529.700721 -4529.701140 -4529.277898 -2609.124977 -177.922996 -284.966980 -316.626668 -331.997715 -341.044045 -346.566769 -349.995950 -352.146822 -353.503882 -354.365613 -354.914420 -355.264468 -355.488908 -355.633517 -355.727719 -355.790525 -355.834309 -355.867673 -355.897308 -355.929488 -355.970726 -356.029588 -356.118552 -356.256501 -356.472659 -356.812777 -357.348536 -358.192273 -359.519148 -361.600499 -364.852158 -369.900882 -377.668278 -389.461369 -407.040643 -432.615287 -468.728702 -518.279916 -586.719385 -686.251992 -9999.0 -9999.0
-9999.0 -9999.0 318.319108 219.025968 118.358798 15.910767 -85.837460 -179.129005 -244.987262 -267.841483 -342.904054 -372.861735 -386.451826 -393.409257 -340.042882 -209.291893 -70.923588 84.173953 259.904348 212.869686 158.322299 95.923202 26.433244 -48.967116 -126.576609 -200.257461 -260.998576 -303.038809 -327.975591 -341.262363 -347.879751 -350.950187 -352.152685 -352.274042 -351.589658 -350.054387 -347.437220 -344.465616 -339.264568 -283.828839 -259.690718 -325.512515 -2722.008536 -4529.443869 -4529.702257 -4529.701381 -4529.700604 -4529.700493 -4529.700481 -4529.700480 -4529.700479 -4529.700480 -4529.700480 -4529.700480 -4529.700480 -4529.700480 -4529.700484 -4529.700511 -4529.700721 -4529.701140 -4529.277898 -2609.124977 -177.922998 -284.966980 -316.626668 -331.997715 -341.044045 -346.566769 -349.995950 -352.146822 -353.503882 -354.365613 -354.914420 -355.264468 -355.488908 -355.633517 -355.727719 -355.790525 -355.834309 -355.867673 -355.897308 -355.929488 -355.970726 -356.029588 -356.118552 -356.256501 -356.472659 -356.812777 -357.348536 -358.192273 -359.519148 -361.600499 -364.852158 -369.900882 -377.668278 -389.461369 -407.040643 -432.615287 -468.728702 -518.279916 -586.719385 -686.251992 -9999.0 -9999.0
-9999.0 -9999.0 318.319108 219.025968 118.358798 15.910767 -85.837460 -179.129005 -244.987262 -267.841483 -342.904054 -372.861735 -386.451826 -393.409257 -340.042882 -209.291893 -70.923588 84.173953 259.904348 212.869686 158.322299 95.923202 26.433244 -48.967116 -126.576609 -200.257461 -260.998576 -303.038809 -327.975591 -341.262363 -347.879751 -350.950187 -352.152685 -352.274042 -351.589658 -350.054387 -347.437220 -344.465616 -339.264568 -283.828839 -259.690718 -325.512515 -2722.008536 -4529.443869 -4529.702257 -4529.701381 -4529.700604 -4529.700493 -4529.700481 -4529.700480 -4529.700479 -4529.700480 -4529.700480 -4529.700480 -4529.700480 -4529.700480 -4529.700484 -4529.700511 -4529.700721 -4529.701140 -4529.277898 -2609.124977 -177.922998 -284.966980 -316.626668 -331.997715 -341.044045 -346.566769 -349.995950 -352.146822 -353.503882 -354.365613 -354.914420 -355.264468 -355.488908 -355.633517 -355.727719 -355.790525 -355.834309 -355.867673 -355.897308 -355.929488 -355.970726 -356.029588 -356.118552 -356.256501 -356.472659 -356.812777 -357.348536 -358.192273 -359.519148 -361.600499 -364.852158 -369.900882 -377.668278 -389.461369 -407.040643 -432.615287 -468.728702 -518.279916 -586.719385 -686.251992 -9999.0 -9999.0
-9999.0 -9999.0 318.265229 219.001047 118.348915 15.907047 -85.838860 -179.129514 -244.987419 -267.841529 -342.904065 -372.861738 -386.451826 -393.409257 -340.042882 -209.291893 -70.923588 84.173952 259.904348 212.869686 158.322299 95.923202 26.433244 -48.967116 -126.576609 -200.257461 -260.998576 -303.038809 -327.975591 -341.262363 -347.879751 -350.950187 -352.152685 -352.274042 -351.589658 -350.054387 -347.437220 -344.465616 -339.264568 -283.828839 -259.690717 -325.512514 -2722.008536 -4529.443869 -4529.702257 -4529.701381 -4529.700604 -4529.700493 -4529.700481 -4529.700480 -4529.700479 -4529.700480 -4529.700480 -4529.700480 -4529.700480 -4529.700480 -4529.700484 -4529.700511 -4529.700721 -4529.701140 -4529.277898 -2609.124977 -177.922996 -284.966980 -316.626668 -331.997715 -341.044045 -346.566769 -349.995950 -352.146822 -353.503882 -354.365613 -354.914420 -355.264468 -355.488908 -355.633517 -355.727719 -355.790525 -355.834309 -355.867673 -355.897308 -355.929488 -355.970726 -356.029588 -356.118552 -356.256501 -356.472659 -356.812777 -357.348536 -358.192273 -359.519148 -361.600499 -364.852158 -369.900882 -377.668278 -389.461369 -407.040643 -432.615287 -468.728702 -518.279916 -586.719385 -686.251992 -9999.0 -9999.0
-9999.0 -9999.0 318.135257 218.959330 118.335848 15.902735 -85.840376 -179.130049 -244.987579 -267.841576 -342.904075 -372.861740 -386.451827 -393.409257 -340.042882 -209.291893 -70.923588 84.173952 259.904348 212.869686 158.322299 95.923202 26.433244 -48.967116 -126.576609 -200.257461 -260.998576 -303.038809 -327.975591 -341.262363 -347.879751 -350.950187 -352.152685 -352.274042 -351.589658 -350.054387 -347.437220 -344.465616 -339.264568 -283.828839 -259.690716 -325.512514 -2722.008538 -4529.443869 -4529.702257 -4529.701381 -4529.700604 -4529.700493 -4529.700481 -4529.700480 -4529.700479 -4529.700480 -4529.700480 -4529.700480 -4529.700480 -4529.700480 -4529.700484 -4529.700511 -4529.700721 -4529.701140 -4529.277898 -2609.124977 -177.922997 -284.966980 -316.626668 -331.997715 -341.044045 -346.566769 -349.995950 -352.146822 -353.503882 -354.365613 -354.914420 -355.264468 -355.488908 -355.633517 -355.727719 -355.790525 -355.834309 -355.867673 -355.897308 -355.929488 -355.970726 -356.029588 -356.118552 -356.256501 -356.472659 -356.812777 -357.348536 -358.192273 -359.519148 -361.600499 -364.852158 -369.900882 -377.668278 -389.461369 -407.040643 -432.615287 -468.728702 -518.279916 -586.719385 -686.251992 -9999.0 -9999.0
-9999.0 -9999.0 -9999.0 -9999.0 -9999.0 -9999.0 -9999.0 -9999.0 -9999.0 -9999.0 -9999.0 -9999.0 -9999.0 -9999.0 -9999.0 -9999.0 -9999.0 -9999.0 -9999.0 -9999.0 -9999.0 -9999.0 -9999.0 -9999.0 -9999.0 -9999.0 -9999.0 -9999.0 -9999.0 -9999.0 -9999.0 -9999.0 -9999.0 -9999.0 -9999.0 -9999.0 -9999.0 -9999.0 -9999.0 -9999.0 -9999.0 -9999.0 -9999.0 -9999.0 -9999.0 -9999.0 -9999.0 -9999.0 -9999.0 -9999.0 -9999.0 -9999.0 -9999.0 -9999.0 -9999.0 -9999.0 -9999.0 -9999.0 -9999.0 -9999.0 -9999.0 -9999.0 -9999.0 -9999.0 -9999.0 -9999.0 -9999.0 -9999.0 -9999.0 -9999.0 -9999.0 -9999.0 -9999.0 -9999.0 -9999.0 -9999.0 -9999.0 -9999.0 -9999.0 -9999.0 -9999.0 -9999.0 -9999.0 -9999.0 -9999.0 -9999.0 -9999.0 -9999.0 -9999.0 -9999.0 -9999.0 -9999.0 -9999.0 -9999.0 -9999.0 -9999.0 -9999.0 -9999.0 -9999.0 -9999.0 -9999.0 -9999.0 -9999.0 -9999.0
-9999.0 -9999.0 -9999.0 -9999.0 -9999.0 -9999.0 -9999.0 -9999.0 -9999.0 -9999.0 -9999.0 -9999.0 -9999.0 -9999.0 -9999.0 -9999.0 -9999.0 -9999.0 -9999.0 -9999.0 -9999.0 -9999.0 -9999.0 -9999.0 -9999.0 -9999.0 -9999.0 -9999.0 -9999.0 -9999.0 -9999.0 -9999.0 -9999.0 -9999.0 -9999.0 -9999.0 -9999.0 -9999.0 -9999.0 -9999.0 -9999.0 -9999.0 -9999.0 -9999.0 -9999.0 -9999.0 -9999.0 -9999.0 -9999.0 -9999.0 -9999.0 -9999.0 -9999.0 -9999.0 -9999.0 -9999.0 -9999.0 -9999.0 -9999.0 -9999.0 -9999.0 -9999.0 -9999.0 -9999.0 -9999.0 -9999.0 -9999.0 -9999.0 -9999.0 -9999.0 -9999.0 -9999.0 -9999.0 -9999.0 -9999.0 -9999.0 -9999.0 -9999.0 -9999.0 -9999.0 -9999.0 -9999.0 -9999.0 -9999.0 -9999.0 -9999.0 -9999.0 -9999.0 -9999.0 -9999.0 -9999.0 -9999.0 -9999.0 -9999.0 -9999.0 -9999.0 -9999.0 -9999.0 -9999.0 -9999.0 -9999.0 -9999.0 -9999.0 -9999.0