inst/processing_geotop_simulation/geotop_simulation/out/maps3D/PwL0001N0318.asc
ncols         104
nrows         10
xllcorner     -2.000000
yllcorner     0.000000
cellsize      1.000000
NODATA_value  -9999.0
-9999.0 -9999.0 -9999.0 -9999.0 -9999.0 -9999.0 -9999.0 -9999.0 -9999.0 -9999.0 -9999.0 -9999.0 -9999.0 -9999.0 -9999.0 -9999.0 -9999.0 -9999.0 -9999.0 -9999.0 -9999.0 -9999.0 -9999.0 -9999.0 -9999.0 -9999.0 -9999.0 -9999.0 -9999.0 -9999.0 -9999.0 -9999.0 -9999.0 -9999.0 -9999.0 -9999.0 -9999.0 -9999.0 -9999.0 -9999.0 -9999.0 -9999.0 -9999.0 -9999.0 -9999.0 -9999.0 -9999.0 -9999.0 -9999.0 -9999.0 -9999.0 -9999.0 -9999.0 -9999.0 -9999.0 -9999.0 -9999.0 -9999.0 -9999.0 -9999.0 -9999.0 -9999.0 -9999.0 -9999.0 -9999.0 -9999.0 -9999.0 -9999.0 -9999.0 -9999.0 -9999.0 -9999.0 -9999.0 -9999.0 -9999.0 -9999.0 -9999.0 -9999.0 -9999.0 -9999.0 -9999.0 -9999.0 -9999.0 -9999.0 -9999.0 -9999.0 -9999.0 -9999.0 -9999.0 -9999.0 -9999.0 -9999.0 -9999.0 -9999.0 -9999.0 -9999.0 -9999.0 -9999.0 -9999.0 -9999.0 -9999.0 -9999.0 -9999.0 -9999.0
-9999.0 -9999.0 -9999.0 -9999.0 -9999.0 -9999.0 -9999.0 -9999.0 -9999.0 -9999.0 -9999.0 -9999.0 -9999.0 -9999.0 -9999.0 -9999.0 -9999.0 -9999.0 -9999.0 -9999.0 -9999.0 -9999.0 -9999.0 -9999.0 -9999.0 -9999.0 -9999.0 -9999.0 -9999.0 -9999.0 -9999.0 -9999.0 -9999.0 -9999.0 -9999.0 -9999.0 -9999.0 -9999.0 -9999.0 -9999.0 -9999.0 -9999.0 -9999.0 -9999.0 -9999.0 -9999.0 -9999.0 -9999.0 -9999.0 -9999.0 -9999.0 -9999.0 -9999.0 -9999.0 -9999.0 -9999.0 -9999.0 -9999.0 -9999.0 -9999.0 -9999.0 -9999.0 -9999.0 -9999.0 -9999.0 -9999.0 -9999.0 -9999.0 -9999.0 -9999.0 -9999.0 -9999.0 -9999.0 -9999.0 -9999.0 -9999.0 -9999.0 -9999.0 -9999.0 -9999.0 -9999.0 -9999.0 -9999.0 -9999.0 -9999.0 -9999.0 -9999.0 -9999.0 -9999.0 -9999.0 -9999.0 -9999.0 -9999.0 -9999.0 -9999.0 -9999.0 -9999.0 -9999.0 -9999.0 -9999.0 -9999.0 -9999.0 -9999.0 -9999.0
-9999.0 -9999.0 26.758569 -69.411519 -167.669735 -266.379707 -365.253780 -464.182597 -563.110895 -661.991879 -760.745254 -859.308291 -957.626439 -1055.618534 -1153.522013 -1251.278715 -1348.288933 -1444.071363 -1537.888459 -1628.550790 -1713.715613 -1789.827475 -1853.755679 -1904.365585 -1942.573421 -1970.443008 -1990.293117 -2004.195164 -2013.806703 -2020.380731 -2024.835446 -2027.829995 -2029.829736 -2031.158342 -2032.038301 -2032.623105 -2033.027870 -2033.387040 -2034.066911 -2036.297344 -2040.540809 -1996.450784 -1232.127185 -1228.703230 -1218.571082 -1211.987080 -1208.890855 -1208.413287 -1208.361929 -1208.367196 -1208.380731 -1208.395289 -1208.409283 -1208.422245 -1208.434287 -1208.448381 -1208.492303 -1208.781521 -1210.443221 -1214.129726 -1219.343096 -1215.486337 -1973.708250 -2034.699325 -2034.896497 -2034.062668 -2033.867582 -2033.833680 -2033.828699 -2033.828501 -2033.829015 -2033.829537 -2033.829959 -2033.830284 -2033.830534 -2033.830729 -2033.830883 -2033.831009 -2033.831116 -2033.831211 -2033.831305 -2033.831411 -2033.831544 -2033.831728 -2033.832000 -2033.832418 -2033.833076 -2033.834130 -2033.835850 -2033.838708 -2033.843573 -2033.852080 -2033.867406 -2033.895848 -2033.950123 -2034.056556 -2034.272050 -2034.728190 -2035.756018 -2038.276538 -2045.250756 -2068.281236 -9999.0 -9999.0
-9999.0 -9999.0 26.770609 -69.409520 -167.669237 -266.379562 -365.253734 -464.182582 -563.110890 -661.991876 -760.745253 -859.308290 -957.626439 -1055.618534 -1153.522013 -1251.278715 -1348.288933 -1444.071363 -1537.888459 -1628.550790 -1713.715613 -1789.827476 -1853.755680 -1904.365585 -1942.573421 -1970.443008 -1990.293117 -2004.195164 -2013.806703 -2020.380731 -2024.835446 -2027.829995 -2029.829736 -2031.158342 -2032.038301 -2032.623105 -2033.027870 -2033.387040 -2034.066911 -2036.297344 -2040.540809 -1996.450784 -1232.127185 -1228.703230 -1218.571082 -1211.987080 -1208.890855 -1208.413287 -1208.361929 -1208.367196 -1208.380731 -1208.395289 -1208.409283 -1208.422245 -1208.434287 -1208.448381 -1208.492303 -1208.781521 -1210.443221 -1214.129726 -1219.343096 -1215.486337 -1973.708250 -2034.699325 -2034.896497 -2034.062668 -2033.867582 -2033.833680 -2033.828699 -2033.828501 -2033.829015 -2033.829537 -2033.829959 -2033.830284 -2033.830534 -2033.830729 -2033.830883 -2033.831009 -2033.831116 -2033.831211 -2033.831305 -2033.831411 -2033.831544 -2033.831728 -2033.832000 -2033.832418 -2033.833076 -2033.834130 -2033.835850 -2033.838708 -2033.843573 -2033.852080 -2033.867406 -2033.895848 -2033.950123 -2034.056556 -2034.272050 -2034.728190 -2035.756018 -2038.276538 -2045.250756 -2068.281236 -9999.0 -9999.0
-9999.0 -9999.0 26.771720 -69.408721 -167.668922 -266.379449 -365.253693 -464.182567 -563.110884 -661.991874 -760.745252 -859.308290 -957.626438 -1055.618533 -1153.522013 -1251.278715 -1348.288934 -1444.071363 -1537.888459 -1628.550790 -1713.715613 -1789.827476 -1853.755680 -1904.365585 -1942.573421 -1970.443008 -1990.293117 -2004.195165 -2013.806703 -2020.380731 -2024.835446 -2027.829995 -2029.829736 -2031.158342 -2032.038301 -2032.623105 -2033.027870 -2033.387040 -2034.066911 -2036.297344 -2040.540809 -1996.450784 -1232.127185 -1228.703230 -1218.571082 -1211.987080 -1208.890855 -1208.413287 -1208.361929 -1208.367196 -1208.380731 -1208.395289 -1208.409283 -1208.422245 -1208.434287 -1208.448381 -1208.492303 -1208.781521 -1210.443221 -1214.129726 -1219.343096 -1215.486337 -1973.708250 -2034.699325 -2034.896497 -2034.062668 -2033.867582 -2033.833680 -2033.828699 -2033.828501 -2033.829015 -2033.829537 -2033.829959 -2033.830284 -2033.830534 -2033.830729 -2033.830883 -2033.831009 -2033.831116 -2033.831211 -2033.831305 -2033.831411 -2033.831544 -2033.831728 -2033.832000 -2033.832418 -2033.833076 -2033.834130 -2033.835850 -2033.838708 -2033.843573 -2033.852080 -2033.867406 -2033.895848 -2033.950123 -2034.056556 -2034.272050 -2034.728190 -2035.756018 -2038.276538 -2045.250756 -2068.281236 -9999.0 -9999.0
-9999.0 -9999.0 26.771720 -69.408721 -167.668922 -266.379449 -365.253693 -464.182567 -563.110884 -661.991874 -760.745252 -859.308290 -957.626438 -1055.618533 -1153.522013 -1251.278715 -1348.288934 -1444.071363 -1537.888459 -1628.550790 -1713.715613 -1789.827476 -1853.755680 -1904.365585 -1942.573421 -1970.443008 -1990.293117 -2004.195165 -2013.806703 -2020.380731 -2024.835446 -2027.829995 -2029.829736 -2031.158342 -2032.038301 -2032.623105 -2033.027870 -2033.387040 -2034.066911 -2036.297344 -2040.540809 -1996.450784 -1232.127185 -1228.703230 -1218.571082 -1211.987080 -1208.890855 -1208.413287 -1208.361929 -1208.367196 -1208.380731 -1208.395289 -1208.409283 -1208.422245 -1208.434287 -1208.448381 -1208.492303 -1208.781521 -1210.443221 -1214.129726 -1219.343096 -1215.486337 -1973.708250 -2034.699325 -2034.896497 -2034.062668 -2033.867582 -2033.833680 -2033.828699 -2033.828501 -2033.829015 -2033.829537 -2033.829959 -2033.830284 -2033.830534 -2033.830729 -2033.830883 -2033.831009 -2033.831116 -2033.831211 -2033.831305 -2033.831411 -2033.831544 -2033.831728 -2033.832000 -2033.832418 -2033.833076 -2033.834130 -2033.835850 -2033.838708 -2033.843573 -2033.852080 -2033.867406 -2033.895848 -2033.950123 -2034.056556 -2034.272050 -2034.728190 -2035.756018 -2038.276538 -2045.250756 -2068.281236 -9999.0 -9999.0
-9999.0 -9999.0 26.770609 -69.409520 -167.669237 -266.379562 -365.253734 -464.182582 -563.110890 -661.991876 -760.745253 -859.308290 -957.626439 -1055.618534 -1153.522013 -1251.278715 -1348.288933 -1444.071363 -1537.888459 -1628.550790 -1713.715613 -1789.827476 -1853.755680 -1904.365585 -1942.573421 -1970.443008 -1990.293117 -2004.195164 -2013.806703 -2020.380731 -2024.835446 -2027.829995 -2029.829736 -2031.158342 -2032.038301 -2032.623105 -2033.027870 -2033.387040 -2034.066911 -2036.297344 -2040.540809 -1996.450784 -1232.127185 -1228.703230 -1218.571082 -1211.987080 -1208.890855 -1208.413287 -1208.361929 -1208.367196 -1208.380731 -1208.395289 -1208.409283 -1208.422245 -1208.434287 -1208.448381 -1208.492303 -1208.781521 -1210.443221 -1214.129726 -1219.343096 -1215.486337 -1973.708250 -2034.699325 -2034.896497 -2034.062668 -2033.867582 -2033.833680 -2033.828699 -2033.828501 -2033.829015 -2033.829537 -2033.829959 -2033.830284 -2033.830534 -2033.830729 -2033.830883 -2033.831009 -2033.831116 -2033.831211 -2033.831305 -2033.831411 -2033.831544 -2033.831728 -2033.832000 -2033.832418 -2033.833076 -2033.834130 -2033.835850 -2033.838708 -2033.843573 -2033.852080 -2033.867406 -2033.895848 -2033.950123 -2034.056556 -2034.272050 -2034.728190 -2035.756018 -2038.276538 -2045.250756 -2068.281236 -9999.0 -9999.0
-9999.0 -9999.0 26.758569 -69.411519 -167.669735 -266.379707 -365.253780 -464.182597 -563.110895 -661.991879 -760.745254 -859.308291 -957.626439 -1055.618534 -1153.522013 -1251.278715 -1348.288933 -1444.071363 -1537.888459 -1628.550790 -1713.715613 -1789.827475 -1853.755679 -1904.365585 -1942.573421 -1970.443008 -1990.293117 -2004.195164 -2013.806703 -2020.380731 -2024.835446 -2027.829995 -2029.829736 -2031.158342 -2032.038301 -2032.623105 -2033.027870 -2033.387040 -2034.066911 -2036.297344 -2040.540809 -1996.450784 -1232.127185 -1228.703230 -1218.571082 -1211.987080 -1208.890855 -1208.413287 -1208.361929 -1208.367196 -1208.380731 -1208.395289 -1208.409283 -1208.422245 -1208.434287 -1208.448381 -1208.492303 -1208.781521 -1210.443221 -1214.129726 -1219.343096 -1215.486337 -1973.708250 -2034.699325 -2034.896497 -2034.062668 -2033.867582 -2033.833680 -2033.828699 -2033.828501 -2033.829015 -2033.829537 -2033.829959 -2033.830284 -2033.830534 -2033.830729 -2033.830883 -2033.831009 -2033.831116 -2033.831211 -2033.831305 -2033.831411 -2033.831544 -2033.831728 -2033.832000 -2033.832418 -2033.833076 -2033.834130 -2033.835850 -2033.838708 -2033.843573 -2033.852080 -2033.867406 -2033.895848 -2033.950123 -2034.056556 -2034.272050 -2034.728190 -2035.756018 -2038.276538 -2045.250756 -2068.281236 -9999.0 -9999.0
-9999.0 -9999.0 -9999.0 -9999.0 -9999.0 -9999.0 -9999.0 -9999.0 -9999.0 -9999.0 -9999.0 -9999.0 -9999.0 -9999.0 -9999.0 -9999.0 -9999.0 -9999.0 -9999.0 -9999.0 -9999.0 -9999.0 -9999.0 -9999.0 -9999.0 -9999.0 -9999.0 -9999.0 -9999.0 -9999.0 -9999.0 -9999.0 -9999.0 -9999.0 -9999.0 -9999.0 -9999.0 -9999.0 -9999.0 -9999.0 -9999.0 -9999.0 -9999.0 -9999.0 -9999.0 -9999.0 -9999.0 -9999.0 -9999.0 -9999.0 -9999.0 -9999.0 -9999.0 -9999.0 -9999.0 -9999.0 -9999.0 -9999.0 -9999.0 -9999.0 -9999.0 -9999.0 -9999.0 -9999.0 -9999.0 -9999.0 -9999.0 -9999.0 -9999.0 -9999.0 -9999.0 -9999.0 -9999.0 -9999.0 -9999.0 -9999.0 -9999.0 -9999.0 -9999.0 -9999.0 -9999.0 -9999.0 -9999.0 -9999.0 -9999.0 -9999.0 -9999.0 -9999.0 -9999.0 -9999.0 -9999.0 -9999.0 -9999.0 -9999.0 -9999.0 -9999.0 -9999.0 -9999.0 -9999.0 -9999.0 -9999.0 -9999.0 -9999.0 -9999.0
-9999.0 -9999.0 -9999.0 -9999.0 -9999.0 -9999.0 -9999.0 -9999.0 -9999.0 -9999.0 -9999.0 -9999.0 -9999.0 -9999.0 -9999.0 -9999.0 -9999.0 -9999.0 -9999.0 -9999.0 -9999.0 -9999.0 -9999.0 -9999.0 -9999.0 -9999.0 -9999.0 -9999.0 -9999.0 -9999.0 -9999.0 -9999.0 -9999.0 -9999.0 -9999.0 -9999.0 -9999.0 -9999.0 -9999.0 -9999.0 -9999.0 -9999.0 -9999.0 -9999.0 -9999.0 -9999.0 -9999.0 -9999.0 -9999.0 -9999.0 -9999.0 -9999.0 -9999.0 -9999.0 -9999.0 -9999.0 -9999.0 -9999.0 -9999.0 -9999.0 -9999.0 -9999.0 -9999.0 -9999.0 -9999.0 -9999.0 -9999.0 -9999.0 -9999.0 -9999.0 -9999.0 -9999.0 -9999.0 -9999.0 -9999.0 -9999.0 -9999.0 -9999.0 -9999.0 -9999.0 -9999.0 -9999.0 -9999.0 -9999.0 -9999.0 -9999.0 -9999.0 -9999.0 -9999.0 -9999.0 -9999.0 -9999.0 -9999.0 -9999.0 -9999.0 -9999.0 -9999.0 -9999.0 -9999.0 -9999.0 -9999.0 -9999.0 -9999.0 -9999.0