inst/processing_geotop_simulation/geotop_simulation/out/maps3D/PwL0000N0475.asc
ncols         104
nrows         10
xllcorner     -2.000000
yllcorner     0.000000
cellsize      1.000000
NODATA_value  -9999.0
-9999.0 -9999.0 -9999.0 -9999.0 -9999.0 -9999.0 -9999.0 -9999.0 -9999.0 -9999.0 -9999.0 -9999.0 -9999.0 -9999.0 -9999.0 -9999.0 -9999.0 -9999.0 -9999.0 -9999.0 -9999.0 -9999.0 -9999.0 -9999.0 -9999.0 -9999.0 -9999.0 -9999.0 -9999.0 -9999.0 -9999.0 -9999.0 -9999.0 -9999.0 -9999.0 -9999.0 -9999.0 -9999.0 -9999.0 -9999.0 -9999.0 -9999.0 -9999.0 -9999.0 -9999.0 -9999.0 -9999.0 -9999.0 -9999.0 -9999.0 -9999.0 -9999.0 -9999.0 -9999.0 -9999.0 -9999.0 -9999.0 -9999.0 -9999.0 -9999.0 -9999.0 -9999.0 -9999.0 -9999.0 -9999.0 -9999.0 -9999.0 -9999.0 -9999.0 -9999.0 -9999.0 -9999.0 -9999.0 -9999.0 -9999.0 -9999.0 -9999.0 -9999.0 -9999.0 -9999.0 -9999.0 -9999.0 -9999.0 -9999.0 -9999.0 -9999.0 -9999.0 -9999.0 -9999.0 -9999.0 -9999.0 -9999.0 -9999.0 -9999.0 -9999.0 -9999.0 -9999.0 -9999.0 -9999.0 -9999.0 -9999.0 -9999.0 -9999.0 -9999.0
-9999.0 -9999.0 -9999.0 -9999.0 -9999.0 -9999.0 -9999.0 -9999.0 -9999.0 -9999.0 -9999.0 -9999.0 -9999.0 -9999.0 -9999.0 -9999.0 -9999.0 -9999.0 -9999.0 -9999.0 -9999.0 -9999.0 -9999.0 -9999.0 -9999.0 -9999.0 -9999.0 -9999.0 -9999.0 -9999.0 -9999.0 -9999.0 -9999.0 -9999.0 -9999.0 -9999.0 -9999.0 -9999.0 -9999.0 -9999.0 -9999.0 -9999.0 -9999.0 -9999.0 -9999.0 -9999.0 -9999.0 -9999.0 -9999.0 -9999.0 -9999.0 -9999.0 -9999.0 -9999.0 -9999.0 -9999.0 -9999.0 -9999.0 -9999.0 -9999.0 -9999.0 -9999.0 -9999.0 -9999.0 -9999.0 -9999.0 -9999.0 -9999.0 -9999.0 -9999.0 -9999.0 -9999.0 -9999.0 -9999.0 -9999.0 -9999.0 -9999.0 -9999.0 -9999.0 -9999.0 -9999.0 -9999.0 -9999.0 -9999.0 -9999.0 -9999.0 -9999.0 -9999.0 -9999.0 -9999.0 -9999.0 -9999.0 -9999.0 -9999.0 -9999.0 -9999.0 -9999.0 -9999.0 -9999.0 -9999.0 -9999.0 -9999.0 -9999.0 -9999.0
-9999.0 -9999.0 0.026548 -97.045207 -196.165994 -295.515425 -394.948384 -494.411893 -593.879201 -693.330212 -792.739482 -892.090257 -991.366632 -1090.549882 -1189.705641 -1288.813836 -1387.718206 -1486.295487 -1584.306958 -1681.243885 -1776.043291 -1866.708241 -1950.294808 -2023.765367 -2085.170409 -2134.193298 -2171.877230 -2199.997271 -2220.506064 -2235.201807 -2245.588048 -2252.849362 -2257.882641 -2261.348159 -2263.722630 -2265.348287 -2266.483665 -2267.390264 -2268.542775 -2270.690726 -2268.525083 -2186.364660 -1352.619305 -1348.153109 -1338.467850 -1331.998951 -1328.949436 -1328.456976 -1328.402253 -1328.406415 -1328.419025 -1328.432677 -1328.445812 -1328.457986 -1328.469360 -1328.483234 -1328.529584 -1328.831323 -1330.479229 -1334.084844 -1338.707655 -1336.137029 -2161.502914 -2263.108155 -2269.399719 -2269.080622 -2268.876847 -2268.829934 -2268.821679 -2268.820716 -2268.820956 -2268.821323 -2268.821640 -2268.821893 -2268.822093 -2268.822254 -2268.822387 -2268.822499 -2268.822597 -2268.822689 -2268.822781 -2268.822883 -2268.823007 -2268.823172 -2268.823406 -2268.823753 -2268.824288 -2268.825134 -2268.826505 -2268.828783 -2268.832673 -2268.839522 -2268.851965 -2268.875290 -2268.920374 -2269.010468 -2269.198155 -2269.611480 -2270.590128 -2273.132039 -2280.548721 -2305.315023 -9999.0 -9999.0
-9999.0 -9999.0 0.078367 -97.043428 -196.165551 -295.515296 -394.948343 -494.411879 -593.879196 -693.330210 -792.739481 -892.090257 -991.366632 -1090.549882 -1189.705641 -1288.813836 -1387.718207 -1486.295487 -1584.306958 -1681.243886 -1776.043291 -1866.708241 -1950.294809 -2023.765367 -2085.170409 -2134.193298 -2171.877230 -2199.997271 -2220.506064 -2235.201807 -2245.588048 -2252.849362 -2257.882641 -2261.348159 -2263.722630 -2265.348287 -2266.483665 -2267.390264 -2268.542775 -2270.690726 -2268.525083 -2186.364660 -1352.619305 -1348.153109 -1338.467850 -1331.998951 -1328.949436 -1328.456976 -1328.402253 -1328.406415 -1328.419025 -1328.432677 -1328.445812 -1328.457986 -1328.469360 -1328.483234 -1328.529584 -1328.831323 -1330.479229 -1334.084844 -1338.707655 -1336.137029 -2161.502914 -2263.108155 -2269.399719 -2269.080622 -2268.876847 -2268.829934 -2268.821679 -2268.820716 -2268.820956 -2268.821323 -2268.821640 -2268.821893 -2268.822093 -2268.822254 -2268.822387 -2268.822499 -2268.822597 -2268.822689 -2268.822781 -2268.822883 -2268.823007 -2268.823172 -2268.823406 -2268.823753 -2268.824288 -2268.825134 -2268.826505 -2268.828783 -2268.832673 -2268.839522 -2268.851965 -2268.875290 -2268.920374 -2269.010468 -2269.198155 -2269.611480 -2270.590128 -2273.132039 -2280.548721 -2305.315023 -9999.0 -9999.0
-9999.0 -9999.0 0.078389 -97.042716 -196.165270 -295.515194 -394.948307 -494.411866 -593.879191 -693.330208 -792.739480 -892.090256 -991.366632 -1090.549882 -1189.705640 -1288.813836 -1387.718207 -1486.295487 -1584.306958 -1681.243886 -1776.043291 -1866.708241 -1950.294809 -2023.765367 -2085.170409 -2134.193298 -2171.877230 -2199.997271 -2220.506064 -2235.201807 -2245.588048 -2252.849362 -2257.882641 -2261.348159 -2263.722630 -2265.348287 -2266.483665 -2267.390264 -2268.542775 -2270.690726 -2268.525083 -2186.364660 -1352.619305 -1348.153109 -1338.467850 -1331.998951 -1328.949436 -1328.456976 -1328.402253 -1328.406415 -1328.419025 -1328.432677 -1328.445812 -1328.457986 -1328.469360 -1328.483234 -1328.529584 -1328.831323 -1330.479229 -1334.084844 -1338.707655 -1336.137029 -2161.502914 -2263.108155 -2269.399719 -2269.080622 -2268.876847 -2268.829934 -2268.821679 -2268.820716 -2268.820956 -2268.821323 -2268.821640 -2268.821893 -2268.822093 -2268.822254 -2268.822387 -2268.822499 -2268.822597 -2268.822689 -2268.822781 -2268.822883 -2268.823007 -2268.823172 -2268.823406 -2268.823753 -2268.824288 -2268.825134 -2268.826505 -2268.828783 -2268.832673 -2268.839522 -2268.851965 -2268.875290 -2268.920374 -2269.010468 -2269.198155 -2269.611480 -2270.590128 -2273.132039 -2280.548721 -2305.315023 -9999.0 -9999.0
-9999.0 -9999.0 0.078389 -97.042716 -196.165270 -295.515194 -394.948307 -494.411866 -593.879191 -693.330208 -792.739480 -892.090256 -991.366631 -1090.549882 -1189.705640 -1288.813836 -1387.718207 -1486.295487 -1584.306958 -1681.243886 -1776.043291 -1866.708241 -1950.294809 -2023.765367 -2085.170409 -2134.193298 -2171.877230 -2199.997271 -2220.506064 -2235.201807 -2245.588048 -2252.849362 -2257.882641 -2261.348159 -2263.722630 -2265.348287 -2266.483665 -2267.390264 -2268.542775 -2270.690726 -2268.525083 -2186.364660 -1352.619305 -1348.153109 -1338.467850 -1331.998951 -1328.949436 -1328.456976 -1328.402253 -1328.406415 -1328.419025 -1328.432677 -1328.445812 -1328.457986 -1328.469360 -1328.483234 -1328.529584 -1328.831323 -1330.479229 -1334.084844 -1338.707655 -1336.137029 -2161.502914 -2263.108155 -2269.399719 -2269.080622 -2268.876847 -2268.829934 -2268.821679 -2268.820716 -2268.820956 -2268.821323 -2268.821640 -2268.821893 -2268.822093 -2268.822254 -2268.822387 -2268.822499 -2268.822597 -2268.822689 -2268.822781 -2268.822883 -2268.823007 -2268.823172 -2268.823406 -2268.823753 -2268.824288 -2268.825134 -2268.826505 -2268.828783 -2268.832673 -2268.839522 -2268.851965 -2268.875290 -2268.920374 -2269.010468 -2269.198155 -2269.611480 -2270.590128 -2273.132039 -2280.548721 -2305.315023 -9999.0 -9999.0
-9999.0 -9999.0 0.078367 -97.043428 -196.165551 -295.515296 -394.948343 -494.411879 -593.879196 -693.330210 -792.739481 -892.090257 -991.366632 -1090.549882 -1189.705641 -1288.813836 -1387.718207 -1486.295487 -1584.306958 -1681.243886 -1776.043291 -1866.708241 -1950.294809 -2023.765367 -2085.170409 -2134.193298 -2171.877230 -2199.997271 -2220.506064 -2235.201807 -2245.588048 -2252.849362 -2257.882641 -2261.348159 -2263.722630 -2265.348287 -2266.483665 -2267.390264 -2268.542775 -2270.690726 -2268.525083 -2186.364660 -1352.619305 -1348.153109 -1338.467850 -1331.998951 -1328.949436 -1328.456976 -1328.402253 -1328.406415 -1328.419025 -1328.432677 -1328.445812 -1328.457986 -1328.469360 -1328.483234 -1328.529584 -1328.831323 -1330.479229 -1334.084844 -1338.707655 -1336.137029 -2161.502914 -2263.108155 -2269.399719 -2269.080622 -2268.876847 -2268.829934 -2268.821679 -2268.820716 -2268.820956 -2268.821323 -2268.821640 -2268.821893 -2268.822093 -2268.822254 -2268.822387 -2268.822499 -2268.822597 -2268.822689 -2268.822781 -2268.822883 -2268.823007 -2268.823172 -2268.823406 -2268.823753 -2268.824288 -2268.825134 -2268.826505 -2268.828783 -2268.832673 -2268.839522 -2268.851965 -2268.875290 -2268.920374 -2269.010468 -2269.198155 -2269.611480 -2270.590128 -2273.132039 -2280.548721 -2305.315023 -9999.0 -9999.0
-9999.0 -9999.0 0.026548 -97.045207 -196.165994 -295.515425 -394.948384 -494.411893 -593.879201 -693.330212 -792.739482 -892.090257 -991.366632 -1090.549882 -1189.705641 -1288.813836 -1387.718206 -1486.295487 -1584.306958 -1681.243886 -1776.043291 -1866.708241 -1950.294808 -2023.765367 -2085.170409 -2134.193298 -2171.877230 -2199.997271 -2220.506064 -2235.201807 -2245.588048 -2252.849362 -2257.882641 -2261.348159 -2263.722630 -2265.348287 -2266.483665 -2267.390264 -2268.542775 -2270.690726 -2268.525083 -2186.364660 -1352.619305 -1348.153109 -1338.467850 -1331.998951 -1328.949436 -1328.456976 -1328.402253 -1328.406415 -1328.419025 -1328.432677 -1328.445812 -1328.457986 -1328.469360 -1328.483234 -1328.529584 -1328.831323 -1330.479229 -1334.084844 -1338.707655 -1336.137029 -2161.502914 -2263.108155 -2269.399719 -2269.080622 -2268.876847 -2268.829934 -2268.821679 -2268.820716 -2268.820956 -2268.821323 -2268.821640 -2268.821893 -2268.822093 -2268.822254 -2268.822387 -2268.822499 -2268.822597 -2268.822689 -2268.822781 -2268.822883 -2268.823007 -2268.823172 -2268.823406 -2268.823753 -2268.824288 -2268.825134 -2268.826505 -2268.828783 -2268.832673 -2268.839522 -2268.851965 -2268.875290 -2268.920374 -2269.010468 -2269.198155 -2269.611480 -2270.590128 -2273.132039 -2280.548721 -2305.315023 -9999.0 -9999.0
-9999.0 -9999.0 -9999.0 -9999.0 -9999.0 -9999.0 -9999.0 -9999.0 -9999.0 -9999.0 -9999.0 -9999.0 -9999.0 -9999.0 -9999.0 -9999.0 -9999.0 -9999.0 -9999.0 -9999.0 -9999.0 -9999.0 -9999.0 -9999.0 -9999.0 -9999.0 -9999.0 -9999.0 -9999.0 -9999.0 -9999.0 -9999.0 -9999.0 -9999.0 -9999.0 -9999.0 -9999.0 -9999.0 -9999.0 -9999.0 -9999.0 -9999.0 -9999.0 -9999.0 -9999.0 -9999.0 -9999.0 -9999.0 -9999.0 -9999.0 -9999.0 -9999.0 -9999.0 -9999.0 -9999.0 -9999.0 -9999.0 -9999.0 -9999.0 -9999.0 -9999.0 -9999.0 -9999.0 -9999.0 -9999.0 -9999.0 -9999.0 -9999.0 -9999.0 -9999.0 -9999.0 -9999.0 -9999.0 -9999.0 -9999.0 -9999.0 -9999.0 -9999.0 -9999.0 -9999.0 -9999.0 -9999.0 -9999.0 -9999.0 -9999.0 -9999.0 -9999.0 -9999.0 -9999.0 -9999.0 -9999.0 -9999.0 -9999.0 -9999.0 -9999.0 -9999.0 -9999.0 -9999.0 -9999.0 -9999.0 -9999.0 -9999.0 -9999.0 -9999.0
-9999.0 -9999.0 -9999.0 -9999.0 -9999.0 -9999.0 -9999.0 -9999.0 -9999.0 -9999.0 -9999.0 -9999.0 -9999.0 -9999.0 -9999.0 -9999.0 -9999.0 -9999.0 -9999.0 -9999.0 -9999.0 -9999.0 -9999.0 -9999.0 -9999.0 -9999.0 -9999.0 -9999.0 -9999.0 -9999.0 -9999.0 -9999.0 -9999.0 -9999.0 -9999.0 -9999.0 -9999.0 -9999.0 -9999.0 -9999.0 -9999.0 -9999.0 -9999.0 -9999.0 -9999.0 -9999.0 -9999.0 -9999.0 -9999.0 -9999.0 -9999.0 -9999.0 -9999.0 -9999.0 -9999.0 -9999.0 -9999.0 -9999.0 -9999.0 -9999.0 -9999.0 -9999.0 -9999.0 -9999.0 -9999.0 -9999.0 -9999.0 -9999.0 -9999.0 -9999.0 -9999.0 -9999.0 -9999.0 -9999.0 -9999.0 -9999.0 -9999.0 -9999.0 -9999.0 -9999.0 -9999.0 -9999.0 -9999.0 -9999.0 -9999.0 -9999.0 -9999.0 -9999.0 -9999.0 -9999.0 -9999.0 -9999.0 -9999.0 -9999.0 -9999.0 -9999.0 -9999.0 -9999.0 -9999.0 -9999.0 -9999.0 -9999.0 -9999.0 -9999.0