inst/processing_geotop_simulation/geotop_simulation/out/maps3D/PwL0018N0441.asc
ncols         104
nrows         10
xllcorner     -2.000000
yllcorner     0.000000
cellsize      1.000000
NODATA_value  -9999.0
-9999.0 -9999.0 -9999.0 -9999.0 -9999.0 -9999.0 -9999.0 -9999.0 -9999.0 -9999.0 -9999.0 -9999.0 -9999.0 -9999.0 -9999.0 -9999.0 -9999.0 -9999.0 -9999.0 -9999.0 -9999.0 -9999.0 -9999.0 -9999.0 -9999.0 -9999.0 -9999.0 -9999.0 -9999.0 -9999.0 -9999.0 -9999.0 -9999.0 -9999.0 -9999.0 -9999.0 -9999.0 -9999.0 -9999.0 -9999.0 -9999.0 -9999.0 -9999.0 -9999.0 -9999.0 -9999.0 -9999.0 -9999.0 -9999.0 -9999.0 -9999.0 -9999.0 -9999.0 -9999.0 -9999.0 -9999.0 -9999.0 -9999.0 -9999.0 -9999.0 -9999.0 -9999.0 -9999.0 -9999.0 -9999.0 -9999.0 -9999.0 -9999.0 -9999.0 -9999.0 -9999.0 -9999.0 -9999.0 -9999.0 -9999.0 -9999.0 -9999.0 -9999.0 -9999.0 -9999.0 -9999.0 -9999.0 -9999.0 -9999.0 -9999.0 -9999.0 -9999.0 -9999.0 -9999.0 -9999.0 -9999.0 -9999.0 -9999.0 -9999.0 -9999.0 -9999.0 -9999.0 -9999.0 -9999.0 -9999.0 -9999.0 -9999.0 -9999.0 -9999.0
-9999.0 -9999.0 -9999.0 -9999.0 -9999.0 -9999.0 -9999.0 -9999.0 -9999.0 -9999.0 -9999.0 -9999.0 -9999.0 -9999.0 -9999.0 -9999.0 -9999.0 -9999.0 -9999.0 -9999.0 -9999.0 -9999.0 -9999.0 -9999.0 -9999.0 -9999.0 -9999.0 -9999.0 -9999.0 -9999.0 -9999.0 -9999.0 -9999.0 -9999.0 -9999.0 -9999.0 -9999.0 -9999.0 -9999.0 -9999.0 -9999.0 -9999.0 -9999.0 -9999.0 -9999.0 -9999.0 -9999.0 -9999.0 -9999.0 -9999.0 -9999.0 -9999.0 -9999.0 -9999.0 -9999.0 -9999.0 -9999.0 -9999.0 -9999.0 -9999.0 -9999.0 -9999.0 -9999.0 -9999.0 -9999.0 -9999.0 -9999.0 -9999.0 -9999.0 -9999.0 -9999.0 -9999.0 -9999.0 -9999.0 -9999.0 -9999.0 -9999.0 -9999.0 -9999.0 -9999.0 -9999.0 -9999.0 -9999.0 -9999.0 -9999.0 -9999.0 -9999.0 -9999.0 -9999.0 -9999.0 -9999.0 -9999.0 -9999.0 -9999.0 -9999.0 -9999.0 -9999.0 -9999.0 -9999.0 -9999.0 -9999.0 -9999.0 -9999.0 -9999.0
-9999.0 -9999.0 869.049189 769.960939 670.763794 571.445564 472.064439 372.655742 273.238401 173.822629 74.414092 -24.982095 -124.363062 -223.727294 -323.063380 -422.351563 -521.555342 -620.610550 -719.409582 -818.284955 -916.962903 -1015.327892 -1113.187923 -1206.969724 -1295.954765 -1378.053625 -1451.369271 -1514.571154 -1567.138693 -1609.390842 -1642.315148 -1667.290938 -1685.816376 -1699.308457 -1708.993149 -1715.871399 -1720.744490 -1724.318029 -1727.496941 -1731.995656 -1740.184762 -1751.699724 -1916.701965 -3991.705927 -4084.141207 -4084.156801 -4084.123631 -4083.830846 -4082.649484 -4079.292987 -4071.267682 -4051.613221 -4024.261326 -3994.139129 -3952.236416 -3888.071509 -3788.142774 -3641.328822 -3448.947580 -3226.847417 -2907.402193 -1666.126484 -1707.489060 -1732.298638 -1732.801876 -1731.969674 -1731.695550 -1731.635481 -1731.624773 -1731.623453 -1731.623720 -1731.624185 -1731.624617 -1731.624992 -1731.625318 -1731.625608 -1731.625875 -1731.626125 -1731.626366 -1731.626605 -1731.626850 -1731.627110 -1731.627398 -1731.627734 -1731.628147 -1731.628682 -1731.629415 -1731.630473 -1731.632074 -1731.634612 -1731.638814 -1731.646074 -1731.659139 -1731.683576 -1731.731029 -1731.827005 -1732.030817 -1732.490011 -1733.597895 -1736.488674 -1744.760363 -1771.122647 -9999.0 -9999.0
-9999.0 -9999.0 869.052218 769.962047 670.764149 571.445679 472.064477 372.655756 273.238406 173.822631 74.414093 -24.982094 -124.363062 -223.727294 -323.063379 -422.351563 -521.555342 -620.610550 -719.409582 -818.284955 -916.962903 -1015.327892 -1113.187923 -1206.969724 -1295.954765 -1378.053625 -1451.369271 -1514.571154 -1567.138693 -1609.390842 -1642.315148 -1667.290938 -1685.816376 -1699.308457 -1708.993149 -1715.871399 -1720.744490 -1724.318029 -1727.496941 -1731.995656 -1740.184762 -1751.699724 -1916.701964 -3991.705927 -4084.141207 -4084.156801 -4084.123631 -4083.830846 -4082.649484 -4079.292987 -4071.267682 -4051.613221 -4024.261326 -3994.139129 -3952.236416 -3888.071508 -3788.142774 -3641.328821 -3448.947579 -3226.847417 -2907.402193 -1666.126484 -1707.489059 -1732.298638 -1732.801876 -1731.969674 -1731.695550 -1731.635481 -1731.624773 -1731.623453 -1731.623720 -1731.624185 -1731.624617 -1731.624992 -1731.625318 -1731.625608 -1731.625875 -1731.626125 -1731.626366 -1731.626605 -1731.626850 -1731.627110 -1731.627398 -1731.627734 -1731.628147 -1731.628682 -1731.629415 -1731.630473 -1731.632074 -1731.634612 -1731.638814 -1731.646074 -1731.659139 -1731.683575 -1731.731029 -1731.827005 -1732.030817 -1732.490011 -1733.597895 -1736.488674 -1744.760363 -1771.122647 -9999.0 -9999.0
-9999.0 -9999.0 869.053309 769.962628 670.764391 571.445771 472.064511 372.655768 273.238411 173.822633 74.414094 -24.982094 -124.363061 -223.727293 -323.063379 -422.351563 -521.555342 -620.610550 -719.409582 -818.284956 -916.962904 -1015.327892 -1113.187923 -1206.969724 -1295.954765 -1378.053625 -1451.369271 -1514.571154 -1567.138693 -1609.390842 -1642.315148 -1667.290938 -1685.816376 -1699.308457 -1708.993149 -1715.871399 -1720.744490 -1724.318029 -1727.496941 -1731.995656 -1740.184762 -1751.699724 -1916.701964 -3991.705927 -4084.141207 -4084.156801 -4084.123631 -4083.830846 -4082.649484 -4079.292987 -4071.267682 -4051.613221 -4024.261326 -3994.139129 -3952.236416 -3888.071508 -3788.142774 -3641.328821 -3448.947579 -3226.847416 -2907.402192 -1666.126484 -1707.489059 -1732.298638 -1732.801876 -1731.969674 -1731.695550 -1731.635481 -1731.624773 -1731.623453 -1731.623720 -1731.624185 -1731.624617 -1731.624992 -1731.625318 -1731.625608 -1731.625875 -1731.626125 -1731.626366 -1731.626605 -1731.626850 -1731.627110 -1731.627398 -1731.627734 -1731.628147 -1731.628682 -1731.629415 -1731.630473 -1731.632074 -1731.634612 -1731.638814 -1731.646074 -1731.659139 -1731.683575 -1731.731029 -1731.827005 -1732.030817 -1732.490011 -1733.597895 -1736.488674 -1744.760363 -1771.122647 -9999.0 -9999.0
-9999.0 -9999.0 869.053309 769.962628 670.764391 571.445771 472.064511 372.655768 273.238411 173.822633 74.414094 -24.982094 -124.363061 -223.727293 -323.063379 -422.351563 -521.555342 -620.610550 -719.409582 -818.284956 -916.962904 -1015.327892 -1113.187923 -1206.969724 -1295.954765 -1378.053625 -1451.369271 -1514.571154 -1567.138693 -1609.390842 -1642.315148 -1667.290938 -1685.816376 -1699.308457 -1708.993149 -1715.871399 -1720.744490 -1724.318029 -1727.496941 -1731.995656 -1740.184762 -1751.699724 -1916.701964 -3991.705927 -4084.141207 -4084.156801 -4084.123631 -4083.830846 -4082.649484 -4079.292987 -4071.267682 -4051.613221 -4024.261326 -3994.139129 -3952.236416 -3888.071508 -3788.142773 -3641.328821 -3448.947579 -3226.847416 -2907.402192 -1666.126484 -1707.489059 -1732.298638 -1732.801876 -1731.969674 -1731.695550 -1731.635481 -1731.624773 -1731.623453 -1731.623720 -1731.624185 -1731.624617 -1731.624992 -1731.625318 -1731.625608 -1731.625875 -1731.626125 -1731.626366 -1731.626605 -1731.626850 -1731.627110 -1731.627398 -1731.627734 -1731.628147 -1731.628682 -1731.629415 -1731.630473 -1731.632074 -1731.634612 -1731.638814 -1731.646074 -1731.659139 -1731.683575 -1731.731029 -1731.827005 -1732.030817 -1732.490011 -1733.597895 -1736.488674 -1744.760363 -1771.122647 -9999.0 -9999.0
-9999.0 -9999.0 869.052218 769.962047 670.764149 571.445679 472.064477 372.655756 273.238406 173.822631 74.414093 -24.982094 -124.363062 -223.727294 -323.063379 -422.351563 -521.555342 -620.610550 -719.409582 -818.284955 -916.962903 -1015.327892 -1113.187923 -1206.969724 -1295.954765 -1378.053625 -1451.369271 -1514.571154 -1567.138693 -1609.390842 -1642.315148 -1667.290938 -1685.816376 -1699.308457 -1708.993149 -1715.871399 -1720.744490 -1724.318029 -1727.496941 -1731.995656 -1740.184762 -1751.699724 -1916.701964 -3991.705927 -4084.141207 -4084.156801 -4084.123631 -4083.830846 -4082.649484 -4079.292987 -4071.267682 -4051.613221 -4024.261326 -3994.139129 -3952.236416 -3888.071508 -3788.142774 -3641.328821 -3448.947579 -3226.847416 -2907.402193 -1666.126484 -1707.489059 -1732.298638 -1732.801876 -1731.969674 -1731.695550 -1731.635481 -1731.624773 -1731.623453 -1731.623720 -1731.624185 -1731.624617 -1731.624992 -1731.625318 -1731.625608 -1731.625875 -1731.626125 -1731.626366 -1731.626605 -1731.626850 -1731.627110 -1731.627398 -1731.627734 -1731.628147 -1731.628682 -1731.629415 -1731.630473 -1731.632074 -1731.634612 -1731.638814 -1731.646074 -1731.659139 -1731.683575 -1731.731029 -1731.827005 -1732.030817 -1732.490011 -1733.597895 -1736.488674 -1744.760363 -1771.122647 -9999.0 -9999.0
-9999.0 -9999.0 869.049189 769.960939 670.763794 571.445564 472.064439 372.655742 273.238401 173.822629 74.414092 -24.982095 -124.363062 -223.727294 -323.063380 -422.351563 -521.555342 -620.610550 -719.409582 -818.284955 -916.962903 -1015.327892 -1113.187923 -1206.969724 -1295.954765 -1378.053625 -1451.369271 -1514.571154 -1567.138693 -1609.390842 -1642.315148 -1667.290938 -1685.816376 -1699.308457 -1708.993149 -1715.871399 -1720.744490 -1724.318029 -1727.496941 -1731.995656 -1740.184762 -1751.699724 -1916.701965 -3991.705927 -4084.141207 -4084.156801 -4084.123631 -4083.830846 -4082.649484 -4079.292987 -4071.267682 -4051.613221 -4024.261326 -3994.139129 -3952.236416 -3888.071509 -3788.142774 -3641.328822 -3448.947580 -3226.847417 -2907.402193 -1666.126484 -1707.489060 -1732.298638 -1732.801876 -1731.969674 -1731.695550 -1731.635481 -1731.624773 -1731.623453 -1731.623720 -1731.624185 -1731.624617 -1731.624992 -1731.625318 -1731.625608 -1731.625875 -1731.626125 -1731.626366 -1731.626605 -1731.626850 -1731.627110 -1731.627398 -1731.627734 -1731.628147 -1731.628682 -1731.629415 -1731.630473 -1731.632074 -1731.634612 -1731.638814 -1731.646074 -1731.659139 -1731.683576 -1731.731029 -1731.827005 -1732.030817 -1732.490011 -1733.597895 -1736.488674 -1744.760363 -1771.122647 -9999.0 -9999.0
-9999.0 -9999.0 -9999.0 -9999.0 -9999.0 -9999.0 -9999.0 -9999.0 -9999.0 -9999.0 -9999.0 -9999.0 -9999.0 -9999.0 -9999.0 -9999.0 -9999.0 -9999.0 -9999.0 -9999.0 -9999.0 -9999.0 -9999.0 -9999.0 -9999.0 -9999.0 -9999.0 -9999.0 -9999.0 -9999.0 -9999.0 -9999.0 -9999.0 -9999.0 -9999.0 -9999.0 -9999.0 -9999.0 -9999.0 -9999.0 -9999.0 -9999.0 -9999.0 -9999.0 -9999.0 -9999.0 -9999.0 -9999.0 -9999.0 -9999.0 -9999.0 -9999.0 -9999.0 -9999.0 -9999.0 -9999.0 -9999.0 -9999.0 -9999.0 -9999.0 -9999.0 -9999.0 -9999.0 -9999.0 -9999.0 -9999.0 -9999.0 -9999.0 -9999.0 -9999.0 -9999.0 -9999.0 -9999.0 -9999.0 -9999.0 -9999.0 -9999.0 -9999.0 -9999.0 -9999.0 -9999.0 -9999.0 -9999.0 -9999.0 -9999.0 -9999.0 -9999.0 -9999.0 -9999.0 -9999.0 -9999.0 -9999.0 -9999.0 -9999.0 -9999.0 -9999.0 -9999.0 -9999.0 -9999.0 -9999.0 -9999.0 -9999.0 -9999.0 -9999.0
-9999.0 -9999.0 -9999.0 -9999.0 -9999.0 -9999.0 -9999.0 -9999.0 -9999.0 -9999.0 -9999.0 -9999.0 -9999.0 -9999.0 -9999.0 -9999.0 -9999.0 -9999.0 -9999.0 -9999.0 -9999.0 -9999.0 -9999.0 -9999.0 -9999.0 -9999.0 -9999.0 -9999.0 -9999.0 -9999.0 -9999.0 -9999.0 -9999.0 -9999.0 -9999.0 -9999.0 -9999.0 -9999.0 -9999.0 -9999.0 -9999.0 -9999.0 -9999.0 -9999.0 -9999.0 -9999.0 -9999.0 -9999.0 -9999.0 -9999.0 -9999.0 -9999.0 -9999.0 -9999.0 -9999.0 -9999.0 -9999.0 -9999.0 -9999.0 -9999.0 -9999.0 -9999.0 -9999.0 -9999.0 -9999.0 -9999.0 -9999.0 -9999.0 -9999.0 -9999.0 -9999.0 -9999.0 -9999.0 -9999.0 -9999.0 -9999.0 -9999.0 -9999.0 -9999.0 -9999.0 -9999.0 -9999.0 -9999.0 -9999.0 -9999.0 -9999.0 -9999.0 -9999.0 -9999.0 -9999.0 -9999.0 -9999.0 -9999.0 -9999.0 -9999.0 -9999.0 -9999.0 -9999.0 -9999.0 -9999.0 -9999.0 -9999.0 -9999.0 -9999.0