inst/processing_geotop_simulation/geotop_simulation/out/maps3D/PwL0008N0403.asc
ncols         104
nrows         10
xllcorner     -2.000000
yllcorner     0.000000
cellsize      1.000000
NODATA_value  -9999.0
-9999.0 -9999.0 -9999.0 -9999.0 -9999.0 -9999.0 -9999.0 -9999.0 -9999.0 -9999.0 -9999.0 -9999.0 -9999.0 -9999.0 -9999.0 -9999.0 -9999.0 -9999.0 -9999.0 -9999.0 -9999.0 -9999.0 -9999.0 -9999.0 -9999.0 -9999.0 -9999.0 -9999.0 -9999.0 -9999.0 -9999.0 -9999.0 -9999.0 -9999.0 -9999.0 -9999.0 -9999.0 -9999.0 -9999.0 -9999.0 -9999.0 -9999.0 -9999.0 -9999.0 -9999.0 -9999.0 -9999.0 -9999.0 -9999.0 -9999.0 -9999.0 -9999.0 -9999.0 -9999.0 -9999.0 -9999.0 -9999.0 -9999.0 -9999.0 -9999.0 -9999.0 -9999.0 -9999.0 -9999.0 -9999.0 -9999.0 -9999.0 -9999.0 -9999.0 -9999.0 -9999.0 -9999.0 -9999.0 -9999.0 -9999.0 -9999.0 -9999.0 -9999.0 -9999.0 -9999.0 -9999.0 -9999.0 -9999.0 -9999.0 -9999.0 -9999.0 -9999.0 -9999.0 -9999.0 -9999.0 -9999.0 -9999.0 -9999.0 -9999.0 -9999.0 -9999.0 -9999.0 -9999.0 -9999.0 -9999.0 -9999.0 -9999.0 -9999.0 -9999.0
-9999.0 -9999.0 -9999.0 -9999.0 -9999.0 -9999.0 -9999.0 -9999.0 -9999.0 -9999.0 -9999.0 -9999.0 -9999.0 -9999.0 -9999.0 -9999.0 -9999.0 -9999.0 -9999.0 -9999.0 -9999.0 -9999.0 -9999.0 -9999.0 -9999.0 -9999.0 -9999.0 -9999.0 -9999.0 -9999.0 -9999.0 -9999.0 -9999.0 -9999.0 -9999.0 -9999.0 -9999.0 -9999.0 -9999.0 -9999.0 -9999.0 -9999.0 -9999.0 -9999.0 -9999.0 -9999.0 -9999.0 -9999.0 -9999.0 -9999.0 -9999.0 -9999.0 -9999.0 -9999.0 -9999.0 -9999.0 -9999.0 -9999.0 -9999.0 -9999.0 -9999.0 -9999.0 -9999.0 -9999.0 -9999.0 -9999.0 -9999.0 -9999.0 -9999.0 -9999.0 -9999.0 -9999.0 -9999.0 -9999.0 -9999.0 -9999.0 -9999.0 -9999.0 -9999.0 -9999.0 -9999.0 -9999.0 -9999.0 -9999.0 -9999.0 -9999.0 -9999.0 -9999.0 -9999.0 -9999.0 -9999.0 -9999.0 -9999.0 -9999.0 -9999.0 -9999.0 -9999.0 -9999.0 -9999.0 -9999.0 -9999.0 -9999.0 -9999.0 -9999.0
-9999.0 -9999.0 373.507381 275.233878 176.323417 77.159894 -22.104339 -121.408061 -220.724739 -320.036267 -419.324320 -518.559277 -617.680276 -716.572585 -815.487551 -914.352580 -1013.124942 -1111.804280 -1209.590371 -1306.210031 -1400.603269 -1490.838680 -1574.175934 -1647.866849 -1710.108174 -1760.470527 -1799.729431 -1829.398754 -1851.263444 -1867.053769 -1878.274332 -1886.145709 -1891.611720 -1895.377381 -1897.956529 -1899.719623 -1900.944516 -1901.904107 -1903.109939 -1905.758927 -1908.989047 -1871.510306 -1247.062018 -1311.303198 -1287.235101 -1271.237846 -1263.812794 -1262.718826 -1262.602481 -1262.612559 -1262.640621 -1262.670866 -1262.699937 -1262.726862 -1262.751904 -1262.781508 -1262.876512 -1263.521143 -1267.431194 -1276.150578 -1286.317605 -1208.187447 -1840.281323 -1902.154399 -1904.444811 -1903.756079 -1903.531135 -1903.485631 -1903.478129 -1903.477377 -1903.477699 -1903.478115 -1903.478467 -1903.478746 -1903.478967 -1903.479143 -1903.479288 -1903.479410 -1903.479518 -1903.479617 -1903.479716 -1903.479826 -1903.479960 -1903.480138 -1903.480391 -1903.480768 -1903.481348 -1903.482266 -1903.483753 -1903.486220 -1903.490426 -1903.497813 -1903.511202 -1903.536233 -1903.584467 -1903.680455 -1903.879232 -1904.313341 -1905.329138 -1907.923762 -1915.350464 -1939.866474 -9999.0 -9999.0
-9999.0 -9999.0 373.513917 275.235537 176.323863 77.160027 -22.104297 -121.408046 -220.724734 -320.036265 -419.324319 -518.559277 -617.680276 -716.572585 -815.487551 -914.352580 -1013.124943 -1111.804280 -1209.590371 -1306.210031 -1400.603270 -1490.838680 -1574.175934 -1647.866849 -1710.108174 -1760.470528 -1799.729431 -1829.398754 -1851.263444 -1867.053769 -1878.274332 -1886.145709 -1891.611720 -1895.377381 -1897.956529 -1899.719623 -1900.944516 -1901.904107 -1903.109939 -1905.758927 -1908.989046 -1871.510306 -1247.062018 -1311.303198 -1287.235101 -1271.237846 -1263.812794 -1262.718826 -1262.602481 -1262.612559 -1262.640621 -1262.670866 -1262.699937 -1262.726862 -1262.751904 -1262.781508 -1262.876512 -1263.521143 -1267.431194 -1276.150578 -1286.317605 -1208.187447 -1840.281323 -1902.154399 -1904.444811 -1903.756079 -1903.531135 -1903.485631 -1903.478129 -1903.477377 -1903.477699 -1903.478115 -1903.478467 -1903.478746 -1903.478967 -1903.479143 -1903.479288 -1903.479410 -1903.479518 -1903.479617 -1903.479716 -1903.479826 -1903.479960 -1903.480138 -1903.480391 -1903.480768 -1903.481348 -1903.482266 -1903.483753 -1903.486220 -1903.490426 -1903.497813 -1903.511202 -1903.536233 -1903.584467 -1903.680455 -1903.879232 -1904.313341 -1905.329137 -1907.923762 -1915.350464 -1939.866474 -9999.0 -9999.0
-9999.0 -9999.0 373.515260 275.236255 176.324150 77.160132 -22.104259 -121.408032 -220.724729 -320.036263 -419.324319 -518.559276 -617.680276 -716.572585 -815.487551 -914.352580 -1013.124943 -1111.804280 -1209.590372 -1306.210031 -1400.603270 -1490.838680 -1574.175934 -1647.866849 -1710.108174 -1760.470528 -1799.729431 -1829.398754 -1851.263444 -1867.053769 -1878.274332 -1886.145709 -1891.611720 -1895.377381 -1897.956529 -1899.719623 -1900.944516 -1901.904107 -1903.109939 -1905.758927 -1908.989046 -1871.510306 -1247.062018 -1311.303198 -1287.235101 -1271.237846 -1263.812794 -1262.718826 -1262.602481 -1262.612559 -1262.640621 -1262.670866 -1262.699937 -1262.726862 -1262.751904 -1262.781508 -1262.876512 -1263.521143 -1267.431194 -1276.150578 -1286.317605 -1208.187447 -1840.281323 -1902.154399 -1904.444811 -1903.756079 -1903.531135 -1903.485631 -1903.478129 -1903.477377 -1903.477699 -1903.478115 -1903.478467 -1903.478746 -1903.478967 -1903.479143 -1903.479288 -1903.479410 -1903.479518 -1903.479617 -1903.479716 -1903.479826 -1903.479960 -1903.480138 -1903.480391 -1903.480768 -1903.481348 -1903.482266 -1903.483753 -1903.486220 -1903.490426 -1903.497813 -1903.511202 -1903.536233 -1903.584467 -1903.680455 -1903.879232 -1904.313341 -1905.329137 -1907.923762 -1915.350464 -1939.866474 -9999.0 -9999.0
-9999.0 -9999.0 373.515260 275.236255 176.324150 77.160132 -22.104259 -121.408032 -220.724729 -320.036263 -419.324319 -518.559276 -617.680276 -716.572585 -815.487551 -914.352580 -1013.124943 -1111.804280 -1209.590371 -1306.210031 -1400.603270 -1490.838680 -1574.175934 -1647.866849 -1710.108174 -1760.470528 -1799.729431 -1829.398754 -1851.263444 -1867.053769 -1878.274332 -1886.145709 -1891.611720 -1895.377381 -1897.956529 -1899.719623 -1900.944516 -1901.904107 -1903.109939 -1905.758927 -1908.989046 -1871.510306 -1247.062018 -1311.303198 -1287.235101 -1271.237846 -1263.812794 -1262.718826 -1262.602481 -1262.612559 -1262.640621 -1262.670866 -1262.699937 -1262.726862 -1262.751904 -1262.781508 -1262.876512 -1263.521143 -1267.431194 -1276.150578 -1286.317605 -1208.187447 -1840.281323 -1902.154399 -1904.444811 -1903.756079 -1903.531135 -1903.485631 -1903.478129 -1903.477377 -1903.477699 -1903.478115 -1903.478467 -1903.478746 -1903.478967 -1903.479143 -1903.479288 -1903.479410 -1903.479518 -1903.479617 -1903.479716 -1903.479826 -1903.479960 -1903.480138 -1903.480391 -1903.480768 -1903.481348 -1903.482266 -1903.483753 -1903.486220 -1903.490426 -1903.497813 -1903.511202 -1903.536233 -1903.584467 -1903.680455 -1903.879232 -1904.313341 -1905.329137 -1907.923762 -1915.350464 -1939.866474 -9999.0 -9999.0
-9999.0 -9999.0 373.513917 275.235537 176.323863 77.160027 -22.104297 -121.408046 -220.724734 -320.036265 -419.324319 -518.559277 -617.680276 -716.572585 -815.487551 -914.352580 -1013.124943 -1111.804280 -1209.590371 -1306.210031 -1400.603270 -1490.838680 -1574.175934 -1647.866849 -1710.108174 -1760.470528 -1799.729431 -1829.398754 -1851.263444 -1867.053769 -1878.274332 -1886.145709 -1891.611720 -1895.377381 -1897.956529 -1899.719623 -1900.944516 -1901.904107 -1903.109939 -1905.758927 -1908.989046 -1871.510306 -1247.062018 -1311.303198 -1287.235101 -1271.237846 -1263.812794 -1262.718826 -1262.602481 -1262.612559 -1262.640621 -1262.670866 -1262.699937 -1262.726862 -1262.751904 -1262.781508 -1262.876512 -1263.521143 -1267.431194 -1276.150578 -1286.317605 -1208.187447 -1840.281323 -1902.154399 -1904.444811 -1903.756079 -1903.531135 -1903.485631 -1903.478129 -1903.477377 -1903.477699 -1903.478115 -1903.478467 -1903.478746 -1903.478967 -1903.479143 -1903.479288 -1903.479410 -1903.479518 -1903.479617 -1903.479716 -1903.479826 -1903.479960 -1903.480138 -1903.480391 -1903.480768 -1903.481348 -1903.482266 -1903.483753 -1903.486220 -1903.490426 -1903.497813 -1903.511202 -1903.536233 -1903.584467 -1903.680455 -1903.879232 -1904.313341 -1905.329137 -1907.923762 -1915.350464 -1939.866474 -9999.0 -9999.0
-9999.0 -9999.0 373.507381 275.233878 176.323417 77.159894 -22.104339 -121.408061 -220.724739 -320.036267 -419.324320 -518.559277 -617.680276 -716.572585 -815.487551 -914.352580 -1013.124942 -1111.804280 -1209.590371 -1306.210031 -1400.603269 -1490.838680 -1574.175934 -1647.866849 -1710.108174 -1760.470527 -1799.729431 -1829.398754 -1851.263444 -1867.053769 -1878.274332 -1886.145709 -1891.611720 -1895.377381 -1897.956529 -1899.719623 -1900.944516 -1901.904107 -1903.109939 -1905.758927 -1908.989047 -1871.510306 -1247.062018 -1311.303198 -1287.235101 -1271.237846 -1263.812794 -1262.718826 -1262.602481 -1262.612559 -1262.640621 -1262.670866 -1262.699937 -1262.726862 -1262.751904 -1262.781508 -1262.876512 -1263.521143 -1267.431194 -1276.150578 -1286.317605 -1208.187447 -1840.281323 -1902.154399 -1904.444811 -1903.756079 -1903.531135 -1903.485631 -1903.478129 -1903.477377 -1903.477699 -1903.478115 -1903.478467 -1903.478746 -1903.478967 -1903.479143 -1903.479288 -1903.479410 -1903.479518 -1903.479617 -1903.479716 -1903.479826 -1903.479960 -1903.480138 -1903.480391 -1903.480768 -1903.481348 -1903.482266 -1903.483753 -1903.486220 -1903.490426 -1903.497813 -1903.511202 -1903.536233 -1903.584467 -1903.680455 -1903.879232 -1904.313341 -1905.329138 -1907.923762 -1915.350464 -1939.866474 -9999.0 -9999.0
-9999.0 -9999.0 -9999.0 -9999.0 -9999.0 -9999.0 -9999.0 -9999.0 -9999.0 -9999.0 -9999.0 -9999.0 -9999.0 -9999.0 -9999.0 -9999.0 -9999.0 -9999.0 -9999.0 -9999.0 -9999.0 -9999.0 -9999.0 -9999.0 -9999.0 -9999.0 -9999.0 -9999.0 -9999.0 -9999.0 -9999.0 -9999.0 -9999.0 -9999.0 -9999.0 -9999.0 -9999.0 -9999.0 -9999.0 -9999.0 -9999.0 -9999.0 -9999.0 -9999.0 -9999.0 -9999.0 -9999.0 -9999.0 -9999.0 -9999.0 -9999.0 -9999.0 -9999.0 -9999.0 -9999.0 -9999.0 -9999.0 -9999.0 -9999.0 -9999.0 -9999.0 -9999.0 -9999.0 -9999.0 -9999.0 -9999.0 -9999.0 -9999.0 -9999.0 -9999.0 -9999.0 -9999.0 -9999.0 -9999.0 -9999.0 -9999.0 -9999.0 -9999.0 -9999.0 -9999.0 -9999.0 -9999.0 -9999.0 -9999.0 -9999.0 -9999.0 -9999.0 -9999.0 -9999.0 -9999.0 -9999.0 -9999.0 -9999.0 -9999.0 -9999.0 -9999.0 -9999.0 -9999.0 -9999.0 -9999.0 -9999.0 -9999.0 -9999.0 -9999.0
-9999.0 -9999.0 -9999.0 -9999.0 -9999.0 -9999.0 -9999.0 -9999.0 -9999.0 -9999.0 -9999.0 -9999.0 -9999.0 -9999.0 -9999.0 -9999.0 -9999.0 -9999.0 -9999.0 -9999.0 -9999.0 -9999.0 -9999.0 -9999.0 -9999.0 -9999.0 -9999.0 -9999.0 -9999.0 -9999.0 -9999.0 -9999.0 -9999.0 -9999.0 -9999.0 -9999.0 -9999.0 -9999.0 -9999.0 -9999.0 -9999.0 -9999.0 -9999.0 -9999.0 -9999.0 -9999.0 -9999.0 -9999.0 -9999.0 -9999.0 -9999.0 -9999.0 -9999.0 -9999.0 -9999.0 -9999.0 -9999.0 -9999.0 -9999.0 -9999.0 -9999.0 -9999.0 -9999.0 -9999.0 -9999.0 -9999.0 -9999.0 -9999.0 -9999.0 -9999.0 -9999.0 -9999.0 -9999.0 -9999.0 -9999.0 -9999.0 -9999.0 -9999.0 -9999.0 -9999.0 -9999.0 -9999.0 -9999.0 -9999.0 -9999.0 -9999.0 -9999.0 -9999.0 -9999.0 -9999.0 -9999.0 -9999.0 -9999.0 -9999.0 -9999.0 -9999.0 -9999.0 -9999.0 -9999.0 -9999.0 -9999.0 -9999.0 -9999.0 -9999.0