inst/processing_geotop_simulation/geotop_simulation/out/maps3D/PwL0001N0076.asc
ncols         104
nrows         10
xllcorner     -2.000000
yllcorner     0.000000
cellsize      1.000000
NODATA_value  -9999.0
-9999.0 -9999.0 -9999.0 -9999.0 -9999.0 -9999.0 -9999.0 -9999.0 -9999.0 -9999.0 -9999.0 -9999.0 -9999.0 -9999.0 -9999.0 -9999.0 -9999.0 -9999.0 -9999.0 -9999.0 -9999.0 -9999.0 -9999.0 -9999.0 -9999.0 -9999.0 -9999.0 -9999.0 -9999.0 -9999.0 -9999.0 -9999.0 -9999.0 -9999.0 -9999.0 -9999.0 -9999.0 -9999.0 -9999.0 -9999.0 -9999.0 -9999.0 -9999.0 -9999.0 -9999.0 -9999.0 -9999.0 -9999.0 -9999.0 -9999.0 -9999.0 -9999.0 -9999.0 -9999.0 -9999.0 -9999.0 -9999.0 -9999.0 -9999.0 -9999.0 -9999.0 -9999.0 -9999.0 -9999.0 -9999.0 -9999.0 -9999.0 -9999.0 -9999.0 -9999.0 -9999.0 -9999.0 -9999.0 -9999.0 -9999.0 -9999.0 -9999.0 -9999.0 -9999.0 -9999.0 -9999.0 -9999.0 -9999.0 -9999.0 -9999.0 -9999.0 -9999.0 -9999.0 -9999.0 -9999.0 -9999.0 -9999.0 -9999.0 -9999.0 -9999.0 -9999.0 -9999.0 -9999.0 -9999.0 -9999.0 -9999.0 -9999.0 -9999.0 -9999.0
-9999.0 -9999.0 -9999.0 -9999.0 -9999.0 -9999.0 -9999.0 -9999.0 -9999.0 -9999.0 -9999.0 -9999.0 -9999.0 -9999.0 -9999.0 -9999.0 -9999.0 -9999.0 -9999.0 -9999.0 -9999.0 -9999.0 -9999.0 -9999.0 -9999.0 -9999.0 -9999.0 -9999.0 -9999.0 -9999.0 -9999.0 -9999.0 -9999.0 -9999.0 -9999.0 -9999.0 -9999.0 -9999.0 -9999.0 -9999.0 -9999.0 -9999.0 -9999.0 -9999.0 -9999.0 -9999.0 -9999.0 -9999.0 -9999.0 -9999.0 -9999.0 -9999.0 -9999.0 -9999.0 -9999.0 -9999.0 -9999.0 -9999.0 -9999.0 -9999.0 -9999.0 -9999.0 -9999.0 -9999.0 -9999.0 -9999.0 -9999.0 -9999.0 -9999.0 -9999.0 -9999.0 -9999.0 -9999.0 -9999.0 -9999.0 -9999.0 -9999.0 -9999.0 -9999.0 -9999.0 -9999.0 -9999.0 -9999.0 -9999.0 -9999.0 -9999.0 -9999.0 -9999.0 -9999.0 -9999.0 -9999.0 -9999.0 -9999.0 -9999.0 -9999.0 -9999.0 -9999.0 -9999.0 -9999.0 -9999.0 -9999.0 -9999.0 -9999.0 -9999.0
-9999.0 -9999.0 -173.975289 -274.863107 -377.136376 -482.640219 -596.239152 -734.218026 -919.388215 -1109.941194 -1200.847807 -1189.900076 -1199.854410 -1219.983490 -1258.901975 -1304.288261 -1330.150963 -1335.957692 -1330.065930 -1321.073779 -1313.657873 -1309.434725 -1308.475628 -1310.221043 -1313.893593 -1318.675060 -1323.794351 -1328.624840 -1332.768702 -1336.069203 -1338.549607 -1340.330532 -1341.563831 -1342.392457 -1342.933232 -1343.275512 -1343.496483 -1343.691230 -1343.918539 -1344.250238 -1348.106469 -1369.571660 -882.327370 -875.400011 -863.822870 -856.753739 -853.452664 -852.998878 -852.955394 -852.969055 -852.992446 -853.017089 -853.040722 -853.062576 -853.082573 -853.103085 -853.148217 -853.425769 -855.206469 -859.326629 -866.278267 -865.709968 -1354.422685 -1347.054398 -1344.542888 -1344.093253 -1343.999194 -1343.982347 -1343.982267 -1343.985176 -1343.988066 -1343.990380 -1343.992131 -1343.993448 -1343.994450 -1343.995223 -1343.995834 -1343.996324 -1343.996728 -1343.997079 -1343.997416 -1343.997780 -1343.998230 -1343.998846 -1343.999750 -1344.001131 -1344.003292 -1344.006728 -1344.012262 -1344.021305 -1344.036350 -1344.061955 -1344.106756 -1344.187564 -1344.337669 -1344.623308 -1345.175804 -1346.255549 -1348.392792 -1352.749194 -1362.153025 -1385.214869 -9999.0 -9999.0
-9999.0 -9999.0 -173.975289 -274.863108 -377.136377 -482.640219 -596.239153 -734.218027 -919.388217 -1109.941195 -1200.847807 -1189.900076 -1199.854410 -1219.983490 -1258.901975 -1304.288261 -1330.150963 -1335.957692 -1330.065930 -1321.073779 -1313.657873 -1309.434725 -1308.475628 -1310.221043 -1313.893593 -1318.675060 -1323.794351 -1328.624840 -1332.768702 -1336.069203 -1338.549607 -1340.330532 -1341.563831 -1342.392457 -1342.933232 -1343.275512 -1343.496483 -1343.691230 -1343.918539 -1344.250238 -1348.106469 -1369.571660 -882.327370 -875.400011 -863.822870 -856.753739 -853.452664 -852.998878 -852.955394 -852.969055 -852.992446 -853.017089 -853.040722 -853.062576 -853.082573 -853.103085 -853.148217 -853.425769 -855.206469 -859.326629 -866.278267 -865.709968 -1354.422685 -1347.054398 -1344.542888 -1344.093253 -1343.999194 -1343.982347 -1343.982267 -1343.985176 -1343.988066 -1343.990380 -1343.992131 -1343.993448 -1343.994450 -1343.995223 -1343.995834 -1343.996324 -1343.996728 -1343.997079 -1343.997416 -1343.997780 -1343.998230 -1343.998846 -1343.999750 -1344.001131 -1344.003292 -1344.006728 -1344.012262 -1344.021305 -1344.036350 -1344.061955 -1344.106756 -1344.187564 -1344.337669 -1344.623308 -1345.175804 -1346.255549 -1348.392792 -1352.749194 -1362.153025 -1385.214869 -9999.0 -9999.0
-9999.0 -9999.0 -173.975290 -274.863108 -377.136377 -482.640220 -596.239153 -734.218028 -919.388217 -1109.941196 -1200.847808 -1189.900076 -1199.854410 -1219.983490 -1258.901975 -1304.288261 -1330.150963 -1335.957692 -1330.065930 -1321.073779 -1313.657873 -1309.434725 -1308.475628 -1310.221043 -1313.893593 -1318.675060 -1323.794351 -1328.624840 -1332.768702 -1336.069203 -1338.549607 -1340.330532 -1341.563831 -1342.392457 -1342.933232 -1343.275512 -1343.496483 -1343.691230 -1343.918539 -1344.250238 -1348.106469 -1369.571660 -882.327370 -875.400011 -863.822870 -856.753739 -853.452664 -852.998878 -852.955394 -852.969055 -852.992446 -853.017089 -853.040722 -853.062576 -853.082573 -853.103085 -853.148217 -853.425769 -855.206469 -859.326629 -866.278267 -865.709968 -1354.422685 -1347.054398 -1344.542888 -1344.093253 -1343.999194 -1343.982347 -1343.982267 -1343.985176 -1343.988066 -1343.990380 -1343.992131 -1343.993448 -1343.994450 -1343.995223 -1343.995834 -1343.996324 -1343.996728 -1343.997079 -1343.997416 -1343.997780 -1343.998230 -1343.998846 -1343.999750 -1344.001131 -1344.003292 -1344.006728 -1344.012262 -1344.021305 -1344.036350 -1344.061955 -1344.106756 -1344.187564 -1344.337669 -1344.623308 -1345.175804 -1346.255549 -1348.392792 -1352.749194 -1362.153025 -1385.214869 -9999.0 -9999.0
-9999.0 -9999.0 -173.975290 -274.863108 -377.136377 -482.640220 -596.239153 -734.218028 -919.388217 -1109.941196 -1200.847808 -1189.900076 -1199.854410 -1219.983490 -1258.901975 -1304.288261 -1330.150963 -1335.957692 -1330.065930 -1321.073779 -1313.657873 -1309.434725 -1308.475628 -1310.221043 -1313.893593 -1318.675060 -1323.794351 -1328.624840 -1332.768702 -1336.069203 -1338.549607 -1340.330532 -1341.563831 -1342.392457 -1342.933232 -1343.275512 -1343.496483 -1343.691230 -1343.918539 -1344.250238 -1348.106469 -1369.571660 -882.327370 -875.400011 -863.822870 -856.753739 -853.452664 -852.998878 -852.955394 -852.969055 -852.992446 -853.017089 -853.040722 -853.062576 -853.082573 -853.103085 -853.148217 -853.425769 -855.206469 -859.326629 -866.278267 -865.709968 -1354.422685 -1347.054398 -1344.542888 -1344.093253 -1343.999194 -1343.982347 -1343.982267 -1343.985176 -1343.988066 -1343.990380 -1343.992131 -1343.993448 -1343.994450 -1343.995223 -1343.995834 -1343.996324 -1343.996728 -1343.997079 -1343.997416 -1343.997780 -1343.998230 -1343.998846 -1343.999750 -1344.001131 -1344.003292 -1344.006728 -1344.012262 -1344.021305 -1344.036350 -1344.061955 -1344.106756 -1344.187564 -1344.337669 -1344.623308 -1345.175804 -1346.255549 -1348.392792 -1352.749194 -1362.153025 -1385.214869 -9999.0 -9999.0
-9999.0 -9999.0 -173.975289 -274.863108 -377.136377 -482.640219 -596.239153 -734.218027 -919.388217 -1109.941195 -1200.847807 -1189.900076 -1199.854410 -1219.983490 -1258.901975 -1304.288261 -1330.150963 -1335.957692 -1330.065930 -1321.073779 -1313.657873 -1309.434725 -1308.475628 -1310.221043 -1313.893593 -1318.675060 -1323.794351 -1328.624840 -1332.768702 -1336.069203 -1338.549607 -1340.330532 -1341.563831 -1342.392457 -1342.933232 -1343.275512 -1343.496483 -1343.691230 -1343.918539 -1344.250238 -1348.106469 -1369.571660 -882.327370 -875.400011 -863.822870 -856.753739 -853.452664 -852.998878 -852.955394 -852.969055 -852.992446 -853.017089 -853.040722 -853.062576 -853.082573 -853.103085 -853.148217 -853.425769 -855.206469 -859.326629 -866.278267 -865.709968 -1354.422685 -1347.054398 -1344.542888 -1344.093253 -1343.999194 -1343.982347 -1343.982267 -1343.985176 -1343.988066 -1343.990380 -1343.992131 -1343.993448 -1343.994450 -1343.995223 -1343.995834 -1343.996324 -1343.996728 -1343.997079 -1343.997416 -1343.997780 -1343.998230 -1343.998846 -1343.999750 -1344.001131 -1344.003292 -1344.006728 -1344.012262 -1344.021305 -1344.036350 -1344.061955 -1344.106756 -1344.187564 -1344.337669 -1344.623308 -1345.175804 -1346.255549 -1348.392792 -1352.749194 -1362.153025 -1385.214869 -9999.0 -9999.0
-9999.0 -9999.0 -173.975289 -274.863107 -377.136376 -482.640219 -596.239152 -734.218026 -919.388215 -1109.941194 -1200.847807 -1189.900076 -1199.854410 -1219.983490 -1258.901975 -1304.288261 -1330.150963 -1335.957692 -1330.065930 -1321.073779 -1313.657873 -1309.434725 -1308.475628 -1310.221043 -1313.893593 -1318.675060 -1323.794351 -1328.624840 -1332.768702 -1336.069203 -1338.549607 -1340.330532 -1341.563831 -1342.392457 -1342.933232 -1343.275512 -1343.496483 -1343.691230 -1343.918539 -1344.250238 -1348.106469 -1369.571660 -882.327370 -875.400011 -863.822870 -856.753739 -853.452664 -852.998878 -852.955394 -852.969055 -852.992446 -853.017089 -853.040722 -853.062576 -853.082573 -853.103085 -853.148217 -853.425769 -855.206469 -859.326629 -866.278267 -865.709968 -1354.422685 -1347.054398 -1344.542888 -1344.093253 -1343.999194 -1343.982347 -1343.982267 -1343.985176 -1343.988066 -1343.990380 -1343.992131 -1343.993448 -1343.994450 -1343.995223 -1343.995834 -1343.996324 -1343.996728 -1343.997079 -1343.997416 -1343.997780 -1343.998230 -1343.998846 -1343.999750 -1344.001131 -1344.003292 -1344.006728 -1344.012262 -1344.021305 -1344.036350 -1344.061955 -1344.106756 -1344.187564 -1344.337669 -1344.623308 -1345.175804 -1346.255549 -1348.392792 -1352.749194 -1362.153025 -1385.214869 -9999.0 -9999.0
-9999.0 -9999.0 -9999.0 -9999.0 -9999.0 -9999.0 -9999.0 -9999.0 -9999.0 -9999.0 -9999.0 -9999.0 -9999.0 -9999.0 -9999.0 -9999.0 -9999.0 -9999.0 -9999.0 -9999.0 -9999.0 -9999.0 -9999.0 -9999.0 -9999.0 -9999.0 -9999.0 -9999.0 -9999.0 -9999.0 -9999.0 -9999.0 -9999.0 -9999.0 -9999.0 -9999.0 -9999.0 -9999.0 -9999.0 -9999.0 -9999.0 -9999.0 -9999.0 -9999.0 -9999.0 -9999.0 -9999.0 -9999.0 -9999.0 -9999.0 -9999.0 -9999.0 -9999.0 -9999.0 -9999.0 -9999.0 -9999.0 -9999.0 -9999.0 -9999.0 -9999.0 -9999.0 -9999.0 -9999.0 -9999.0 -9999.0 -9999.0 -9999.0 -9999.0 -9999.0 -9999.0 -9999.0 -9999.0 -9999.0 -9999.0 -9999.0 -9999.0 -9999.0 -9999.0 -9999.0 -9999.0 -9999.0 -9999.0 -9999.0 -9999.0 -9999.0 -9999.0 -9999.0 -9999.0 -9999.0 -9999.0 -9999.0 -9999.0 -9999.0 -9999.0 -9999.0 -9999.0 -9999.0 -9999.0 -9999.0 -9999.0 -9999.0 -9999.0 -9999.0
-9999.0 -9999.0 -9999.0 -9999.0 -9999.0 -9999.0 -9999.0 -9999.0 -9999.0 -9999.0 -9999.0 -9999.0 -9999.0 -9999.0 -9999.0 -9999.0 -9999.0 -9999.0 -9999.0 -9999.0 -9999.0 -9999.0 -9999.0 -9999.0 -9999.0 -9999.0 -9999.0 -9999.0 -9999.0 -9999.0 -9999.0 -9999.0 -9999.0 -9999.0 -9999.0 -9999.0 -9999.0 -9999.0 -9999.0 -9999.0 -9999.0 -9999.0 -9999.0 -9999.0 -9999.0 -9999.0 -9999.0 -9999.0 -9999.0 -9999.0 -9999.0 -9999.0 -9999.0 -9999.0 -9999.0 -9999.0 -9999.0 -9999.0 -9999.0 -9999.0 -9999.0 -9999.0 -9999.0 -9999.0 -9999.0 -9999.0 -9999.0 -9999.0 -9999.0 -9999.0 -9999.0 -9999.0 -9999.0 -9999.0 -9999.0 -9999.0 -9999.0 -9999.0 -9999.0 -9999.0 -9999.0 -9999.0 -9999.0 -9999.0 -9999.0 -9999.0 -9999.0 -9999.0 -9999.0 -9999.0 -9999.0 -9999.0 -9999.0 -9999.0 -9999.0 -9999.0 -9999.0 -9999.0 -9999.0 -9999.0 -9999.0 -9999.0 -9999.0 -9999.0