inst/processing_geotop_simulation/geotop_simulation/out/maps3D/PwL0011N0195.asc
ncols         104
nrows         10
xllcorner     -2.000000
yllcorner     0.000000
cellsize      1.000000
NODATA_value  -9999.0
-9999.0 -9999.0 -9999.0 -9999.0 -9999.0 -9999.0 -9999.0 -9999.0 -9999.0 -9999.0 -9999.0 -9999.0 -9999.0 -9999.0 -9999.0 -9999.0 -9999.0 -9999.0 -9999.0 -9999.0 -9999.0 -9999.0 -9999.0 -9999.0 -9999.0 -9999.0 -9999.0 -9999.0 -9999.0 -9999.0 -9999.0 -9999.0 -9999.0 -9999.0 -9999.0 -9999.0 -9999.0 -9999.0 -9999.0 -9999.0 -9999.0 -9999.0 -9999.0 -9999.0 -9999.0 -9999.0 -9999.0 -9999.0 -9999.0 -9999.0 -9999.0 -9999.0 -9999.0 -9999.0 -9999.0 -9999.0 -9999.0 -9999.0 -9999.0 -9999.0 -9999.0 -9999.0 -9999.0 -9999.0 -9999.0 -9999.0 -9999.0 -9999.0 -9999.0 -9999.0 -9999.0 -9999.0 -9999.0 -9999.0 -9999.0 -9999.0 -9999.0 -9999.0 -9999.0 -9999.0 -9999.0 -9999.0 -9999.0 -9999.0 -9999.0 -9999.0 -9999.0 -9999.0 -9999.0 -9999.0 -9999.0 -9999.0 -9999.0 -9999.0 -9999.0 -9999.0 -9999.0 -9999.0 -9999.0 -9999.0 -9999.0 -9999.0 -9999.0 -9999.0
-9999.0 -9999.0 -9999.0 -9999.0 -9999.0 -9999.0 -9999.0 -9999.0 -9999.0 -9999.0 -9999.0 -9999.0 -9999.0 -9999.0 -9999.0 -9999.0 -9999.0 -9999.0 -9999.0 -9999.0 -9999.0 -9999.0 -9999.0 -9999.0 -9999.0 -9999.0 -9999.0 -9999.0 -9999.0 -9999.0 -9999.0 -9999.0 -9999.0 -9999.0 -9999.0 -9999.0 -9999.0 -9999.0 -9999.0 -9999.0 -9999.0 -9999.0 -9999.0 -9999.0 -9999.0 -9999.0 -9999.0 -9999.0 -9999.0 -9999.0 -9999.0 -9999.0 -9999.0 -9999.0 -9999.0 -9999.0 -9999.0 -9999.0 -9999.0 -9999.0 -9999.0 -9999.0 -9999.0 -9999.0 -9999.0 -9999.0 -9999.0 -9999.0 -9999.0 -9999.0 -9999.0 -9999.0 -9999.0 -9999.0 -9999.0 -9999.0 -9999.0 -9999.0 -9999.0 -9999.0 -9999.0 -9999.0 -9999.0 -9999.0 -9999.0 -9999.0 -9999.0 -9999.0 -9999.0 -9999.0 -9999.0 -9999.0 -9999.0 -9999.0 -9999.0 -9999.0 -9999.0 -9999.0 -9999.0 -9999.0 -9999.0 -9999.0 -9999.0 -9999.0
-9999.0 -9999.0 529.418708 435.028263 339.008379 242.155012 144.938737 47.568501 -49.845596 -147.251183 -244.599875 -341.805555 -438.695211 -534.911914 -629.995603 -724.578566 -819.401316 -913.832765 -1007.925230 -1099.126262 -1182.745453 -1256.365794 -1317.409928 -1365.323524 -1401.254124 -1427.266969 -1445.614013 -1458.299956 -1466.930383 -1472.719338 -1476.554678 -1479.069346 -1480.704543 -1481.761490 -1482.442290 -1482.882582 -1483.180420 -1483.440272 -1483.959509 -1486.222515 -1496.788672 -1538.280438 -1615.524580 -2445.155666 -2204.878753 -2075.037766 -2019.166510 -2012.227470 -2011.534070 -2011.607781 -2011.789954 -2011.984950 -2012.172109 -2012.345289 -2012.505351 -2012.685787 -2013.220566 -2017.051859 -2045.185972 -2111.519292 -2217.572744 -1461.233368 -1507.464846 -1490.684613 -1485.057259 -1483.981660 -1483.812474 -1483.786901 -1483.783611 -1483.783974 -1483.784830 -1483.785601 -1483.786207 -1483.786670 -1483.787024 -1483.787300 -1483.787518 -1483.787694 -1483.787842 -1483.787973 -1483.788102 -1483.788245 -1483.788424 -1483.788673 -1483.789042 -1483.789607 -1483.790497 -1483.791922 -1483.794237 -1483.798069 -1483.804549 -1483.815799 -1483.835911 -1483.872958 -1483.943117 -1484.079370 -1484.351207 -1484.914150 -1486.145794 -1489.042022 -1496.535580 -1519.455900 -9999.0 -9999.0
-9999.0 -9999.0 529.424907 435.030061 339.008889 242.155167 144.938787 47.568518 -49.845590 -147.251180 -244.599874 -341.805554 -438.695211 -534.911913 -629.995603 -724.578566 -819.401316 -913.832765 -1007.925230 -1099.126262 -1182.745453 -1256.365794 -1317.409928 -1365.323524 -1401.254124 -1427.266969 -1445.614013 -1458.299956 -1466.930383 -1472.719338 -1476.554678 -1479.069346 -1480.704543 -1481.761490 -1482.442290 -1482.882582 -1483.180420 -1483.440272 -1483.959509 -1486.222515 -1496.788672 -1538.280438 -1615.524580 -2445.155664 -2204.878751 -2075.037763 -2019.166510 -2012.227470 -2011.534070 -2011.607781 -2011.789954 -2011.984950 -2012.172109 -2012.345289 -2012.505351 -2012.685787 -2013.220566 -2017.051859 -2045.185972 -2111.519292 -2217.572744 -1461.233368 -1507.464846 -1490.684613 -1485.057259 -1483.981660 -1483.812474 -1483.786901 -1483.783611 -1483.783974 -1483.784830 -1483.785601 -1483.786207 -1483.786670 -1483.787024 -1483.787300 -1483.787518 -1483.787694 -1483.787842 -1483.787973 -1483.788102 -1483.788245 -1483.788424 -1483.788673 -1483.789042 -1483.789607 -1483.790497 -1483.791922 -1483.794237 -1483.798069 -1483.804549 -1483.815799 -1483.835911 -1483.872958 -1483.943117 -1484.079370 -1484.351207 -1484.914150 -1486.145794 -1489.042022 -1496.535580 -1519.455900 -9999.0 -9999.0
-9999.0 -9999.0 529.426475 435.030883 339.009221 242.155290 144.938831 47.568534 -49.845584 -147.251179 -244.599873 -341.805554 -438.695210 -534.911913 -629.995603 -724.578567 -819.401316 -913.832765 -1007.925230 -1099.126262 -1182.745453 -1256.365794 -1317.409928 -1365.323525 -1401.254124 -1427.266969 -1445.614013 -1458.299956 -1466.930383 -1472.719338 -1476.554678 -1479.069346 -1480.704543 -1481.761490 -1482.442290 -1482.882582 -1483.180420 -1483.440272 -1483.959509 -1486.222515 -1496.788672 -1538.280438 -1615.524580 -2445.155664 -2204.878750 -2075.037761 -2019.166510 -2012.227470 -2011.534070 -2011.607781 -2011.789954 -2011.984950 -2012.172109 -2012.345289 -2012.505351 -2012.685787 -2013.220567 -2017.051859 -2045.185972 -2111.519292 -2217.572743 -1461.233368 -1507.464846 -1490.684613 -1485.057259 -1483.981660 -1483.812474 -1483.786901 -1483.783611 -1483.783974 -1483.784830 -1483.785601 -1483.786207 -1483.786670 -1483.787024 -1483.787300 -1483.787518 -1483.787694 -1483.787842 -1483.787973 -1483.788102 -1483.788245 -1483.788424 -1483.788673 -1483.789042 -1483.789607 -1483.790497 -1483.791922 -1483.794237 -1483.798069 -1483.804549 -1483.815799 -1483.835911 -1483.872958 -1483.943117 -1484.079370 -1484.351207 -1484.914150 -1486.145794 -1489.042022 -1496.535580 -1519.455900 -9999.0 -9999.0
-9999.0 -9999.0 529.426475 435.030883 339.009221 242.155290 144.938831 47.568534 -49.845585 -147.251178 -244.599873 -341.805554 -438.695210 -534.911913 -629.995603 -724.578567 -819.401316 -913.832765 -1007.925230 -1099.126262 -1182.745453 -1256.365794 -1317.409928 -1365.323525 -1401.254124 -1427.266969 -1445.614013 -1458.299956 -1466.930383 -1472.719338 -1476.554678 -1479.069346 -1480.704543 -1481.761490 -1482.442290 -1482.882582 -1483.180420 -1483.440272 -1483.959509 -1486.222515 -1496.788672 -1538.280438 -1615.524580 -2445.155664 -2204.878750 -2075.037761 -2019.166510 -2012.227470 -2011.534070 -2011.607781 -2011.789954 -2011.984950 -2012.172109 -2012.345289 -2012.505351 -2012.685787 -2013.220567 -2017.051859 -2045.185972 -2111.519292 -2217.572743 -1461.233368 -1507.464846 -1490.684613 -1485.057259 -1483.981660 -1483.812474 -1483.786901 -1483.783611 -1483.783974 -1483.784830 -1483.785601 -1483.786207 -1483.786670 -1483.787024 -1483.787300 -1483.787518 -1483.787694 -1483.787842 -1483.787973 -1483.788102 -1483.788245 -1483.788424 -1483.788673 -1483.789042 -1483.789607 -1483.790497 -1483.791922 -1483.794237 -1483.798069 -1483.804549 -1483.815799 -1483.835911 -1483.872958 -1483.943117 -1484.079370 -1484.351207 -1484.914150 -1486.145794 -1489.042022 -1496.535580 -1519.455900 -9999.0 -9999.0
-9999.0 -9999.0 529.424907 435.030061 339.008889 242.155167 144.938787 47.568518 -49.845590 -147.251181 -244.599874 -341.805554 -438.695210 -534.911913 -629.995603 -724.578567 -819.401316 -913.832765 -1007.925230 -1099.126262 -1182.745453 -1256.365794 -1317.409928 -1365.323524 -1401.254124 -1427.266969 -1445.614013 -1458.299956 -1466.930383 -1472.719338 -1476.554678 -1479.069346 -1480.704543 -1481.761490 -1482.442290 -1482.882582 -1483.180420 -1483.440272 -1483.959509 -1486.222515 -1496.788672 -1538.280438 -1615.524580 -2445.155664 -2204.878751 -2075.037763 -2019.166510 -2012.227470 -2011.534070 -2011.607781 -2011.789954 -2011.984950 -2012.172109 -2012.345289 -2012.505351 -2012.685787 -2013.220566 -2017.051859 -2045.185972 -2111.519292 -2217.572744 -1461.233368 -1507.464846 -1490.684613 -1485.057259 -1483.981660 -1483.812474 -1483.786901 -1483.783611 -1483.783974 -1483.784830 -1483.785601 -1483.786207 -1483.786670 -1483.787024 -1483.787300 -1483.787518 -1483.787694 -1483.787842 -1483.787973 -1483.788102 -1483.788245 -1483.788424 -1483.788673 -1483.789042 -1483.789607 -1483.790497 -1483.791922 -1483.794237 -1483.798069 -1483.804549 -1483.815799 -1483.835911 -1483.872958 -1483.943117 -1484.079370 -1484.351207 -1484.914150 -1486.145794 -1489.042022 -1496.535580 -1519.455900 -9999.0 -9999.0
-9999.0 -9999.0 529.418708 435.028263 339.008379 242.155012 144.938737 47.568502 -49.845596 -147.251183 -244.599875 -341.805554 -438.695211 -534.911913 -629.995604 -724.578566 -819.401316 -913.832765 -1007.925230 -1099.126262 -1182.745453 -1256.365794 -1317.409928 -1365.323524 -1401.254124 -1427.266969 -1445.614013 -1458.299956 -1466.930383 -1472.719338 -1476.554678 -1479.069346 -1480.704543 -1481.761490 -1482.442290 -1482.882582 -1483.180420 -1483.440272 -1483.959509 -1486.222515 -1496.788672 -1538.280438 -1615.524580 -2445.155666 -2204.878753 -2075.037766 -2019.166510 -2012.227470 -2011.534070 -2011.607781 -2011.789954 -2011.984950 -2012.172109 -2012.345289 -2012.505351 -2012.685787 -2013.220566 -2017.051859 -2045.185972 -2111.519292 -2217.572744 -1461.233368 -1507.464846 -1490.684613 -1485.057259 -1483.981660 -1483.812474 -1483.786901 -1483.783611 -1483.783974 -1483.784830 -1483.785601 -1483.786207 -1483.786670 -1483.787024 -1483.787300 -1483.787518 -1483.787694 -1483.787842 -1483.787973 -1483.788102 -1483.788245 -1483.788424 -1483.788673 -1483.789042 -1483.789607 -1483.790497 -1483.791922 -1483.794237 -1483.798069 -1483.804549 -1483.815799 -1483.835911 -1483.872958 -1483.943117 -1484.079370 -1484.351207 -1484.914150 -1486.145794 -1489.042022 -1496.535580 -1519.455900 -9999.0 -9999.0
-9999.0 -9999.0 -9999.0 -9999.0 -9999.0 -9999.0 -9999.0 -9999.0 -9999.0 -9999.0 -9999.0 -9999.0 -9999.0 -9999.0 -9999.0 -9999.0 -9999.0 -9999.0 -9999.0 -9999.0 -9999.0 -9999.0 -9999.0 -9999.0 -9999.0 -9999.0 -9999.0 -9999.0 -9999.0 -9999.0 -9999.0 -9999.0 -9999.0 -9999.0 -9999.0 -9999.0 -9999.0 -9999.0 -9999.0 -9999.0 -9999.0 -9999.0 -9999.0 -9999.0 -9999.0 -9999.0 -9999.0 -9999.0 -9999.0 -9999.0 -9999.0 -9999.0 -9999.0 -9999.0 -9999.0 -9999.0 -9999.0 -9999.0 -9999.0 -9999.0 -9999.0 -9999.0 -9999.0 -9999.0 -9999.0 -9999.0 -9999.0 -9999.0 -9999.0 -9999.0 -9999.0 -9999.0 -9999.0 -9999.0 -9999.0 -9999.0 -9999.0 -9999.0 -9999.0 -9999.0 -9999.0 -9999.0 -9999.0 -9999.0 -9999.0 -9999.0 -9999.0 -9999.0 -9999.0 -9999.0 -9999.0 -9999.0 -9999.0 -9999.0 -9999.0 -9999.0 -9999.0 -9999.0 -9999.0 -9999.0 -9999.0 -9999.0 -9999.0 -9999.0
-9999.0 -9999.0 -9999.0 -9999.0 -9999.0 -9999.0 -9999.0 -9999.0 -9999.0 -9999.0 -9999.0 -9999.0 -9999.0 -9999.0 -9999.0 -9999.0 -9999.0 -9999.0 -9999.0 -9999.0 -9999.0 -9999.0 -9999.0 -9999.0 -9999.0 -9999.0 -9999.0 -9999.0 -9999.0 -9999.0 -9999.0 -9999.0 -9999.0 -9999.0 -9999.0 -9999.0 -9999.0 -9999.0 -9999.0 -9999.0 -9999.0 -9999.0 -9999.0 -9999.0 -9999.0 -9999.0 -9999.0 -9999.0 -9999.0 -9999.0 -9999.0 -9999.0 -9999.0 -9999.0 -9999.0 -9999.0 -9999.0 -9999.0 -9999.0 -9999.0 -9999.0 -9999.0 -9999.0 -9999.0 -9999.0 -9999.0 -9999.0 -9999.0 -9999.0 -9999.0 -9999.0 -9999.0 -9999.0 -9999.0 -9999.0 -9999.0 -9999.0 -9999.0 -9999.0 -9999.0 -9999.0 -9999.0 -9999.0 -9999.0 -9999.0 -9999.0 -9999.0 -9999.0 -9999.0 -9999.0 -9999.0 -9999.0 -9999.0 -9999.0 -9999.0 -9999.0 -9999.0 -9999.0 -9999.0 -9999.0 -9999.0 -9999.0 -9999.0 -9999.0