inst/processing_geotop_simulation/geotop_simulation/out/maps3D/PwL0021N0397.asc
ncols         104
nrows         10
xllcorner     -2.000000
yllcorner     0.000000
cellsize      1.000000
NODATA_value  -9999.0
-9999.0 -9999.0 -9999.0 -9999.0 -9999.0 -9999.0 -9999.0 -9999.0 -9999.0 -9999.0 -9999.0 -9999.0 -9999.0 -9999.0 -9999.0 -9999.0 -9999.0 -9999.0 -9999.0 -9999.0 -9999.0 -9999.0 -9999.0 -9999.0 -9999.0 -9999.0 -9999.0 -9999.0 -9999.0 -9999.0 -9999.0 -9999.0 -9999.0 -9999.0 -9999.0 -9999.0 -9999.0 -9999.0 -9999.0 -9999.0 -9999.0 -9999.0 -9999.0 -9999.0 -9999.0 -9999.0 -9999.0 -9999.0 -9999.0 -9999.0 -9999.0 -9999.0 -9999.0 -9999.0 -9999.0 -9999.0 -9999.0 -9999.0 -9999.0 -9999.0 -9999.0 -9999.0 -9999.0 -9999.0 -9999.0 -9999.0 -9999.0 -9999.0 -9999.0 -9999.0 -9999.0 -9999.0 -9999.0 -9999.0 -9999.0 -9999.0 -9999.0 -9999.0 -9999.0 -9999.0 -9999.0 -9999.0 -9999.0 -9999.0 -9999.0 -9999.0 -9999.0 -9999.0 -9999.0 -9999.0 -9999.0 -9999.0 -9999.0 -9999.0 -9999.0 -9999.0 -9999.0 -9999.0 -9999.0 -9999.0 -9999.0 -9999.0 -9999.0 -9999.0
-9999.0 -9999.0 -9999.0 -9999.0 -9999.0 -9999.0 -9999.0 -9999.0 -9999.0 -9999.0 -9999.0 -9999.0 -9999.0 -9999.0 -9999.0 -9999.0 -9999.0 -9999.0 -9999.0 -9999.0 -9999.0 -9999.0 -9999.0 -9999.0 -9999.0 -9999.0 -9999.0 -9999.0 -9999.0 -9999.0 -9999.0 -9999.0 -9999.0 -9999.0 -9999.0 -9999.0 -9999.0 -9999.0 -9999.0 -9999.0 -9999.0 -9999.0 -9999.0 -9999.0 -9999.0 -9999.0 -9999.0 -9999.0 -9999.0 -9999.0 -9999.0 -9999.0 -9999.0 -9999.0 -9999.0 -9999.0 -9999.0 -9999.0 -9999.0 -9999.0 -9999.0 -9999.0 -9999.0 -9999.0 -9999.0 -9999.0 -9999.0 -9999.0 -9999.0 -9999.0 -9999.0 -9999.0 -9999.0 -9999.0 -9999.0 -9999.0 -9999.0 -9999.0 -9999.0 -9999.0 -9999.0 -9999.0 -9999.0 -9999.0 -9999.0 -9999.0 -9999.0 -9999.0 -9999.0 -9999.0 -9999.0 -9999.0 -9999.0 -9999.0 -9999.0 -9999.0 -9999.0 -9999.0 -9999.0 -9999.0 -9999.0 -9999.0 -9999.0 -9999.0
-9999.0 -9999.0 1018.303738 919.252859 820.157337 720.950848 621.680605 522.381694 423.074190 323.769261 224.473214 125.189723 25.921509 -73.326550 -172.554435 -271.752202 -370.897282 -469.946168 -568.817318 -667.361454 -765.670008 -863.887826 -961.636014 -1058.689227 -1152.200577 -1238.311466 -1316.643461 -1385.509850 -1443.897311 -1491.643258 -1529.386195 -1558.335946 -1579.978524 -1595.820281 -1607.222046 -1615.325303 -1621.055756 -1625.221057 -1628.834492 -1633.968189 -1645.180325 -1672.711367 -1710.962766 -2818.807503 -3899.609238 -3894.561057 -3538.601485 -3041.363279 -2743.382369 -2555.915186 -2420.810805 -2306.099392 -2235.602769 -2189.777469 -2147.046544 -2102.022368 -2052.983665 -2000.428045 -1946.036615 -1890.907302 -1821.750322 -1491.993371 -1628.549990 -1637.329046 -1635.307372 -1634.179584 -1633.879888 -1633.819063 -1633.808685 -1633.807505 -1633.807839 -1633.808351 -1633.808821 -1633.809228 -1633.809583 -1633.809899 -1633.810189 -1633.810462 -1633.810725 -1633.810985 -1633.811252 -1633.811534 -1633.811847 -1633.812209 -1633.812653 -1633.813227 -1633.814011 -1633.815139 -1633.816841 -1633.819531 -1633.823977 -1633.831644 -1633.845419 -1633.871147 -1633.921056 -1634.021924 -1634.236023 -1634.717955 -1635.876438 -1638.870109 -1647.301881 -1673.766276 -9999.0 -9999.0
-9999.0 -9999.0 1018.306258 919.253858 820.157673 720.950960 621.680643 522.381708 423.074195 323.769263 224.473215 125.189723 25.921509 -73.326550 -172.554435 -271.752202 -370.897282 -469.946169 -568.817319 -667.361455 -765.670008 -863.887826 -961.636014 -1058.689228 -1152.200577 -1238.311467 -1316.643461 -1385.509850 -1443.897311 -1491.643258 -1529.386195 -1558.335946 -1579.978524 -1595.820281 -1607.222046 -1615.325303 -1621.055756 -1625.221057 -1628.834492 -1633.968189 -1645.180325 -1672.711367 -1710.962766 -2818.807502 -3899.609238 -3894.561057 -3538.601485 -3041.363278 -2743.382369 -2555.915185 -2420.810803 -2306.099392 -2235.602769 -2189.777469 -2147.046544 -2102.022368 -2052.983665 -2000.428045 -1946.036615 -1890.907302 -1821.750322 -1491.993371 -1628.549990 -1637.329046 -1635.307372 -1634.179584 -1633.879887 -1633.819063 -1633.808685 -1633.807505 -1633.807839 -1633.808351 -1633.808821 -1633.809228 -1633.809582 -1633.809899 -1633.810189 -1633.810462 -1633.810725 -1633.810985 -1633.811252 -1633.811534 -1633.811847 -1633.812209 -1633.812653 -1633.813227 -1633.814011 -1633.815139 -1633.816841 -1633.819531 -1633.823977 -1633.831644 -1633.845419 -1633.871147 -1633.921056 -1634.021923 -1634.236023 -1634.717955 -1635.876438 -1638.870108 -1647.301881 -1673.766276 -9999.0 -9999.0
-9999.0 -9999.0 1018.307276 919.254411 820.157909 720.951051 621.680677 522.381720 423.074200 323.769265 224.473216 125.189723 25.921509 -73.326550 -172.554436 -271.752202 -370.897282 -469.946169 -568.817319 -667.361455 -765.670009 -863.887826 -961.636015 -1058.689228 -1152.200577 -1238.311467 -1316.643461 -1385.509850 -1443.897311 -1491.643258 -1529.386195 -1558.335946 -1579.978524 -1595.820281 -1607.222046 -1615.325303 -1621.055756 -1625.221057 -1628.834492 -1633.968189 -1645.180325 -1672.711367 -1710.962766 -2818.807501 -3899.609238 -3894.561057 -3538.601484 -3041.363278 -2743.382368 -2555.915184 -2420.810802 -2306.099391 -2235.602769 -2189.777468 -2147.046544 -2102.022368 -2052.983665 -2000.428044 -1946.036615 -1890.907302 -1821.750322 -1491.993371 -1628.549990 -1637.329046 -1635.307372 -1634.179584 -1633.879887 -1633.819063 -1633.808685 -1633.807505 -1633.807839 -1633.808351 -1633.808821 -1633.809228 -1633.809582 -1633.809899 -1633.810189 -1633.810462 -1633.810725 -1633.810985 -1633.811252 -1633.811534 -1633.811847 -1633.812209 -1633.812653 -1633.813227 -1633.814011 -1633.815139 -1633.816841 -1633.819531 -1633.823977 -1633.831644 -1633.845419 -1633.871147 -1633.921056 -1634.021923 -1634.236023 -1634.717955 -1635.876438 -1638.870108 -1647.301881 -1673.766276 -9999.0 -9999.0
-9999.0 -9999.0 1018.307276 919.254411 820.157909 720.951051 621.680677 522.381720 423.074200 323.769265 224.473216 125.189723 25.921510 -73.326550 -172.554435 -271.752203 -370.897282 -469.946169 -568.817319 -667.361455 -765.670009 -863.887826 -961.636015 -1058.689228 -1152.200577 -1238.311467 -1316.643461 -1385.509850 -1443.897311 -1491.643258 -1529.386195 -1558.335946 -1579.978524 -1595.820281 -1607.222046 -1615.325303 -1621.055756 -1625.221057 -1628.834492 -1633.968189 -1645.180325 -1672.711367 -1710.962766 -2818.807502 -3899.609238 -3894.561057 -3538.601484 -3041.363278 -2743.382368 -2555.915185 -2420.810802 -2306.099391 -2235.602769 -2189.777468 -2147.046544 -2102.022368 -2052.983665 -2000.428045 -1946.036615 -1890.907302 -1821.750322 -1491.993371 -1628.549990 -1637.329046 -1635.307372 -1634.179584 -1633.879887 -1633.819063 -1633.808685 -1633.807505 -1633.807839 -1633.808351 -1633.808821 -1633.809228 -1633.809582 -1633.809899 -1633.810189 -1633.810462 -1633.810725 -1633.810985 -1633.811252 -1633.811534 -1633.811847 -1633.812209 -1633.812653 -1633.813227 -1633.814011 -1633.815139 -1633.816841 -1633.819531 -1633.823977 -1633.831644 -1633.845419 -1633.871147 -1633.921056 -1634.021923 -1634.236023 -1634.717955 -1635.876438 -1638.870108 -1647.301881 -1673.766276 -9999.0 -9999.0
-9999.0 -9999.0 1018.306258 919.253858 820.157673 720.950960 621.680643 522.381708 423.074195 323.769263 224.473215 125.189723 25.921509 -73.326550 -172.554435 -271.752202 -370.897282 -469.946169 -568.817319 -667.361455 -765.670008 -863.887826 -961.636014 -1058.689228 -1152.200577 -1238.311467 -1316.643461 -1385.509850 -1443.897311 -1491.643258 -1529.386195 -1558.335946 -1579.978524 -1595.820281 -1607.222046 -1615.325303 -1621.055756 -1625.221057 -1628.834492 -1633.968189 -1645.180325 -1672.711367 -1710.962766 -2818.807502 -3899.609238 -3894.561057 -3538.601485 -3041.363278 -2743.382369 -2555.915185 -2420.810803 -2306.099392 -2235.602769 -2189.777468 -2147.046544 -2102.022368 -2052.983665 -2000.428045 -1946.036615 -1890.907302 -1821.750322 -1491.993371 -1628.549990 -1637.329046 -1635.307372 -1634.179584 -1633.879887 -1633.819063 -1633.808685 -1633.807505 -1633.807839 -1633.808351 -1633.808821 -1633.809228 -1633.809582 -1633.809899 -1633.810189 -1633.810462 -1633.810725 -1633.810985 -1633.811252 -1633.811534 -1633.811847 -1633.812209 -1633.812653 -1633.813227 -1633.814011 -1633.815139 -1633.816841 -1633.819531 -1633.823977 -1633.831644 -1633.845419 -1633.871147 -1633.921056 -1634.021923 -1634.236023 -1634.717955 -1635.876438 -1638.870108 -1647.301881 -1673.766276 -9999.0 -9999.0
-9999.0 -9999.0 1018.303738 919.252859 820.157337 720.950848 621.680605 522.381694 423.074190 323.769261 224.473214 125.189723 25.921509 -73.326550 -172.554435 -271.752202 -370.897281 -469.946168 -568.817318 -667.361454 -765.670008 -863.887826 -961.636014 -1058.689227 -1152.200577 -1238.311466 -1316.643461 -1385.509850 -1443.897311 -1491.643258 -1529.386195 -1558.335946 -1579.978524 -1595.820281 -1607.222046 -1615.325303 -1621.055756 -1625.221057 -1628.834492 -1633.968189 -1645.180325 -1672.711367 -1710.962766 -2818.807503 -3899.609238 -3894.561057 -3538.601485 -3041.363279 -2743.382369 -2555.915187 -2420.810805 -2306.099392 -2235.602769 -2189.777469 -2147.046544 -2102.022368 -2052.983665 -2000.428045 -1946.036615 -1890.907302 -1821.750322 -1491.993371 -1628.549990 -1637.329046 -1635.307372 -1634.179584 -1633.879888 -1633.819063 -1633.808685 -1633.807505 -1633.807839 -1633.808351 -1633.808821 -1633.809228 -1633.809583 -1633.809899 -1633.810189 -1633.810462 -1633.810725 -1633.810985 -1633.811252 -1633.811534 -1633.811847 -1633.812209 -1633.812653 -1633.813227 -1633.814011 -1633.815139 -1633.816841 -1633.819531 -1633.823977 -1633.831644 -1633.845419 -1633.871147 -1633.921056 -1634.021924 -1634.236023 -1634.717955 -1635.876438 -1638.870109 -1647.301881 -1673.766276 -9999.0 -9999.0
-9999.0 -9999.0 -9999.0 -9999.0 -9999.0 -9999.0 -9999.0 -9999.0 -9999.0 -9999.0 -9999.0 -9999.0 -9999.0 -9999.0 -9999.0 -9999.0 -9999.0 -9999.0 -9999.0 -9999.0 -9999.0 -9999.0 -9999.0 -9999.0 -9999.0 -9999.0 -9999.0 -9999.0 -9999.0 -9999.0 -9999.0 -9999.0 -9999.0 -9999.0 -9999.0 -9999.0 -9999.0 -9999.0 -9999.0 -9999.0 -9999.0 -9999.0 -9999.0 -9999.0 -9999.0 -9999.0 -9999.0 -9999.0 -9999.0 -9999.0 -9999.0 -9999.0 -9999.0 -9999.0 -9999.0 -9999.0 -9999.0 -9999.0 -9999.0 -9999.0 -9999.0 -9999.0 -9999.0 -9999.0 -9999.0 -9999.0 -9999.0 -9999.0 -9999.0 -9999.0 -9999.0 -9999.0 -9999.0 -9999.0 -9999.0 -9999.0 -9999.0 -9999.0 -9999.0 -9999.0 -9999.0 -9999.0 -9999.0 -9999.0 -9999.0 -9999.0 -9999.0 -9999.0 -9999.0 -9999.0 -9999.0 -9999.0 -9999.0 -9999.0 -9999.0 -9999.0 -9999.0 -9999.0 -9999.0 -9999.0 -9999.0 -9999.0 -9999.0 -9999.0
-9999.0 -9999.0 -9999.0 -9999.0 -9999.0 -9999.0 -9999.0 -9999.0 -9999.0 -9999.0 -9999.0 -9999.0 -9999.0 -9999.0 -9999.0 -9999.0 -9999.0 -9999.0 -9999.0 -9999.0 -9999.0 -9999.0 -9999.0 -9999.0 -9999.0 -9999.0 -9999.0 -9999.0 -9999.0 -9999.0 -9999.0 -9999.0 -9999.0 -9999.0 -9999.0 -9999.0 -9999.0 -9999.0 -9999.0 -9999.0 -9999.0 -9999.0 -9999.0 -9999.0 -9999.0 -9999.0 -9999.0 -9999.0 -9999.0 -9999.0 -9999.0 -9999.0 -9999.0 -9999.0 -9999.0 -9999.0 -9999.0 -9999.0 -9999.0 -9999.0 -9999.0 -9999.0 -9999.0 -9999.0 -9999.0 -9999.0 -9999.0 -9999.0 -9999.0 -9999.0 -9999.0 -9999.0 -9999.0 -9999.0 -9999.0 -9999.0 -9999.0 -9999.0 -9999.0 -9999.0 -9999.0 -9999.0 -9999.0 -9999.0 -9999.0 -9999.0 -9999.0 -9999.0 -9999.0 -9999.0 -9999.0 -9999.0 -9999.0 -9999.0 -9999.0 -9999.0 -9999.0 -9999.0 -9999.0 -9999.0 -9999.0 -9999.0 -9999.0 -9999.0