inst/processing_geotop_simulation/geotop_simulation/out/maps3D/PwL0009N0413.asc
ncols         104
nrows         10
xllcorner     -2.000000
yllcorner     0.000000
cellsize      1.000000
NODATA_value  -9999.0
-9999.0 -9999.0 -9999.0 -9999.0 -9999.0 -9999.0 -9999.0 -9999.0 -9999.0 -9999.0 -9999.0 -9999.0 -9999.0 -9999.0 -9999.0 -9999.0 -9999.0 -9999.0 -9999.0 -9999.0 -9999.0 -9999.0 -9999.0 -9999.0 -9999.0 -9999.0 -9999.0 -9999.0 -9999.0 -9999.0 -9999.0 -9999.0 -9999.0 -9999.0 -9999.0 -9999.0 -9999.0 -9999.0 -9999.0 -9999.0 -9999.0 -9999.0 -9999.0 -9999.0 -9999.0 -9999.0 -9999.0 -9999.0 -9999.0 -9999.0 -9999.0 -9999.0 -9999.0 -9999.0 -9999.0 -9999.0 -9999.0 -9999.0 -9999.0 -9999.0 -9999.0 -9999.0 -9999.0 -9999.0 -9999.0 -9999.0 -9999.0 -9999.0 -9999.0 -9999.0 -9999.0 -9999.0 -9999.0 -9999.0 -9999.0 -9999.0 -9999.0 -9999.0 -9999.0 -9999.0 -9999.0 -9999.0 -9999.0 -9999.0 -9999.0 -9999.0 -9999.0 -9999.0 -9999.0 -9999.0 -9999.0 -9999.0 -9999.0 -9999.0 -9999.0 -9999.0 -9999.0 -9999.0 -9999.0 -9999.0 -9999.0 -9999.0 -9999.0 -9999.0
-9999.0 -9999.0 -9999.0 -9999.0 -9999.0 -9999.0 -9999.0 -9999.0 -9999.0 -9999.0 -9999.0 -9999.0 -9999.0 -9999.0 -9999.0 -9999.0 -9999.0 -9999.0 -9999.0 -9999.0 -9999.0 -9999.0 -9999.0 -9999.0 -9999.0 -9999.0 -9999.0 -9999.0 -9999.0 -9999.0 -9999.0 -9999.0 -9999.0 -9999.0 -9999.0 -9999.0 -9999.0 -9999.0 -9999.0 -9999.0 -9999.0 -9999.0 -9999.0 -9999.0 -9999.0 -9999.0 -9999.0 -9999.0 -9999.0 -9999.0 -9999.0 -9999.0 -9999.0 -9999.0 -9999.0 -9999.0 -9999.0 -9999.0 -9999.0 -9999.0 -9999.0 -9999.0 -9999.0 -9999.0 -9999.0 -9999.0 -9999.0 -9999.0 -9999.0 -9999.0 -9999.0 -9999.0 -9999.0 -9999.0 -9999.0 -9999.0 -9999.0 -9999.0 -9999.0 -9999.0 -9999.0 -9999.0 -9999.0 -9999.0 -9999.0 -9999.0 -9999.0 -9999.0 -9999.0 -9999.0 -9999.0 -9999.0 -9999.0 -9999.0 -9999.0 -9999.0 -9999.0 -9999.0 -9999.0 -9999.0 -9999.0 -9999.0 -9999.0 -9999.0
-9999.0 -9999.0 423.027901 324.601316 225.634019 126.433810 27.137626 -72.195113 -171.539777 -270.881810 -370.206013 -469.490366 -568.691139 -667.721521 -766.634450 -865.578024 -964.428269 -1063.175273 -1161.473053 -1258.612654 -1353.888276 -1445.605074 -1531.236323 -1608.047335 -1673.990462 -1728.243243 -1771.202662 -1804.125209 -1828.681505 -1846.598522 -1859.442050 -1868.519943 -1874.865232 -1879.262024 -1882.288936 -1884.367036 -1885.813114 -1886.931772 -1888.263356 -1891.017659 -1894.407853 -1861.245088 -1282.235964 -1382.289251 -1351.539694 -1331.136975 -1321.721540 -1320.356208 -1320.211913 -1320.224543 -1320.259456 -1320.297064 -1320.333208 -1320.366680 -1320.397795 -1320.434436 -1320.551432 -1321.350408 -1326.284902 -1337.338706 -1349.772554 -1234.981093 -1828.209094 -1887.383421 -1889.787717 -1889.114779 -1888.886034 -1888.838815 -1888.830909 -1888.830075 -1888.830376 -1888.830785 -1888.831135 -1888.831414 -1888.831636 -1888.831815 -1888.831964 -1888.832090 -1888.832203 -1888.832307 -1888.832413 -1888.832528 -1888.832668 -1888.832852 -1888.833109 -1888.833488 -1888.834068 -1888.834980 -1888.836452 -1888.838890 -1888.843043 -1888.850336 -1888.863559 -1888.888299 -1888.936039 -1889.031257 -1889.229103 -1889.663074 -1890.683507 -1893.301935 -1900.815982 -1925.560544 -9999.0 -9999.0
-9999.0 -9999.0 423.033916 324.602915 225.634456 126.433942 27.137669 -72.195099 -171.539771 -270.881808 -370.206012 -469.490365 -568.691138 -667.721521 -766.634450 -865.578025 -964.428270 -1063.175273 -1161.473054 -1258.612654 -1353.888276 -1445.605074 -1531.236323 -1608.047335 -1673.990462 -1728.243243 -1771.202662 -1804.125209 -1828.681505 -1846.598522 -1859.442050 -1868.519943 -1874.865232 -1879.262024 -1882.288936 -1884.367036 -1885.813114 -1886.931772 -1888.263356 -1891.017659 -1894.407853 -1861.245088 -1282.235964 -1382.289251 -1351.539694 -1331.136975 -1321.721540 -1320.356208 -1320.211913 -1320.224543 -1320.259456 -1320.297064 -1320.333208 -1320.366680 -1320.397795 -1320.434436 -1320.551432 -1321.350408 -1326.284902 -1337.338706 -1349.772554 -1234.981093 -1828.209094 -1887.383420 -1889.787717 -1889.114779 -1888.886034 -1888.838815 -1888.830909 -1888.830075 -1888.830376 -1888.830785 -1888.831135 -1888.831414 -1888.831636 -1888.831815 -1888.831964 -1888.832090 -1888.832203 -1888.832307 -1888.832413 -1888.832528 -1888.832668 -1888.832852 -1888.833109 -1888.833488 -1888.834068 -1888.834980 -1888.836452 -1888.838890 -1888.843043 -1888.850336 -1888.863559 -1888.888299 -1888.936039 -1889.031257 -1889.229103 -1889.663074 -1890.683507 -1893.301935 -1900.815982 -1925.560544 -9999.0 -9999.0
-9999.0 -9999.0 423.035246 324.603619 225.634738 126.434045 27.137706 -72.195086 -171.539767 -270.881806 -370.206011 -469.490365 -568.691138 -667.721521 -766.634450 -865.578025 -964.428270 -1063.175273 -1161.473054 -1258.612654 -1353.888277 -1445.605074 -1531.236323 -1608.047336 -1673.990462 -1728.243243 -1771.202662 -1804.125209 -1828.681505 -1846.598522 -1859.442050 -1868.519943 -1874.865232 -1879.262024 -1882.288936 -1884.367036 -1885.813114 -1886.931772 -1888.263356 -1891.017659 -1894.407853 -1861.245088 -1282.235964 -1382.289251 -1351.539693 -1331.136975 -1321.721540 -1320.356208 -1320.211913 -1320.224543 -1320.259456 -1320.297064 -1320.333208 -1320.366680 -1320.397795 -1320.434436 -1320.551432 -1321.350408 -1326.284902 -1337.338706 -1349.772554 -1234.981093 -1828.209094 -1887.383420 -1889.787717 -1889.114779 -1888.886034 -1888.838815 -1888.830909 -1888.830075 -1888.830376 -1888.830785 -1888.831135 -1888.831414 -1888.831636 -1888.831815 -1888.831964 -1888.832090 -1888.832203 -1888.832307 -1888.832413 -1888.832528 -1888.832668 -1888.832852 -1888.833109 -1888.833488 -1888.834068 -1888.834980 -1888.836452 -1888.838890 -1888.843043 -1888.850336 -1888.863559 -1888.888299 -1888.936039 -1889.031257 -1889.229103 -1889.663074 -1890.683507 -1893.301935 -1900.815982 -1925.560544 -9999.0 -9999.0
-9999.0 -9999.0 423.035246 324.603619 225.634738 126.434045 27.137706 -72.195086 -171.539767 -270.881806 -370.206011 -469.490365 -568.691138 -667.721521 -766.634450 -865.578025 -964.428270 -1063.175274 -1161.473054 -1258.612654 -1353.888276 -1445.605074 -1531.236323 -1608.047336 -1673.990462 -1728.243243 -1771.202662 -1804.125209 -1828.681505 -1846.598522 -1859.442050 -1868.519943 -1874.865232 -1879.262024 -1882.288936 -1884.367036 -1885.813114 -1886.931772 -1888.263356 -1891.017659 -1894.407853 -1861.245088 -1282.235964 -1382.289251 -1351.539693 -1331.136975 -1321.721540 -1320.356208 -1320.211913 -1320.224543 -1320.259456 -1320.297064 -1320.333208 -1320.366680 -1320.397795 -1320.434436 -1320.551432 -1321.350408 -1326.284902 -1337.338706 -1349.772554 -1234.981093 -1828.209094 -1887.383420 -1889.787717 -1889.114779 -1888.886034 -1888.838815 -1888.830909 -1888.830075 -1888.830376 -1888.830785 -1888.831135 -1888.831414 -1888.831636 -1888.831815 -1888.831964 -1888.832090 -1888.832203 -1888.832307 -1888.832413 -1888.832528 -1888.832668 -1888.832852 -1888.833109 -1888.833488 -1888.834068 -1888.834980 -1888.836452 -1888.838890 -1888.843043 -1888.850336 -1888.863559 -1888.888299 -1888.936039 -1889.031257 -1889.229103 -1889.663074 -1890.683507 -1893.301935 -1900.815982 -1925.560544 -9999.0 -9999.0
-9999.0 -9999.0 423.033916 324.602914 225.634457 126.433942 27.137669 -72.195099 -171.539772 -270.881808 -370.206012 -469.490365 -568.691139 -667.721521 -766.634450 -865.578024 -964.428270 -1063.175273 -1161.473054 -1258.612654 -1353.888276 -1445.605074 -1531.236323 -1608.047335 -1673.990462 -1728.243243 -1771.202662 -1804.125209 -1828.681505 -1846.598522 -1859.442050 -1868.519943 -1874.865232 -1879.262024 -1882.288936 -1884.367036 -1885.813114 -1886.931772 -1888.263356 -1891.017659 -1894.407853 -1861.245088 -1282.235964 -1382.289251 -1351.539694 -1331.136975 -1321.721540 -1320.356208 -1320.211913 -1320.224543 -1320.259456 -1320.297064 -1320.333208 -1320.366680 -1320.397795 -1320.434436 -1320.551432 -1321.350408 -1326.284902 -1337.338706 -1349.772554 -1234.981093 -1828.209094 -1887.383420 -1889.787717 -1889.114779 -1888.886034 -1888.838815 -1888.830909 -1888.830075 -1888.830376 -1888.830785 -1888.831135 -1888.831414 -1888.831636 -1888.831815 -1888.831964 -1888.832090 -1888.832203 -1888.832307 -1888.832413 -1888.832528 -1888.832668 -1888.832852 -1888.833109 -1888.833488 -1888.834068 -1888.834980 -1888.836452 -1888.838890 -1888.843043 -1888.850336 -1888.863559 -1888.888299 -1888.936039 -1889.031257 -1889.229103 -1889.663074 -1890.683507 -1893.301935 -1900.815982 -1925.560544 -9999.0 -9999.0
-9999.0 -9999.0 423.027901 324.601316 225.634019 126.433811 27.137626 -72.195113 -171.539777 -270.881811 -370.206013 -469.490366 -568.691139 -667.721521 -766.634450 -865.578024 -964.428269 -1063.175273 -1161.473053 -1258.612654 -1353.888276 -1445.605074 -1531.236322 -1608.047335 -1673.990462 -1728.243243 -1771.202662 -1804.125209 -1828.681505 -1846.598522 -1859.442050 -1868.519943 -1874.865232 -1879.262024 -1882.288936 -1884.367036 -1885.813114 -1886.931772 -1888.263356 -1891.017659 -1894.407853 -1861.245088 -1282.235964 -1382.289251 -1351.539694 -1331.136975 -1321.721540 -1320.356208 -1320.211913 -1320.224543 -1320.259456 -1320.297064 -1320.333208 -1320.366680 -1320.397795 -1320.434436 -1320.551432 -1321.350408 -1326.284902 -1337.338706 -1349.772554 -1234.981093 -1828.209094 -1887.383421 -1889.787717 -1889.114779 -1888.886034 -1888.838815 -1888.830909 -1888.830075 -1888.830376 -1888.830785 -1888.831135 -1888.831414 -1888.831636 -1888.831815 -1888.831964 -1888.832090 -1888.832203 -1888.832307 -1888.832413 -1888.832528 -1888.832668 -1888.832852 -1888.833109 -1888.833488 -1888.834068 -1888.834980 -1888.836452 -1888.838890 -1888.843043 -1888.850336 -1888.863559 -1888.888299 -1888.936039 -1889.031257 -1889.229103 -1889.663074 -1890.683507 -1893.301935 -1900.815982 -1925.560544 -9999.0 -9999.0
-9999.0 -9999.0 -9999.0 -9999.0 -9999.0 -9999.0 -9999.0 -9999.0 -9999.0 -9999.0 -9999.0 -9999.0 -9999.0 -9999.0 -9999.0 -9999.0 -9999.0 -9999.0 -9999.0 -9999.0 -9999.0 -9999.0 -9999.0 -9999.0 -9999.0 -9999.0 -9999.0 -9999.0 -9999.0 -9999.0 -9999.0 -9999.0 -9999.0 -9999.0 -9999.0 -9999.0 -9999.0 -9999.0 -9999.0 -9999.0 -9999.0 -9999.0 -9999.0 -9999.0 -9999.0 -9999.0 -9999.0 -9999.0 -9999.0 -9999.0 -9999.0 -9999.0 -9999.0 -9999.0 -9999.0 -9999.0 -9999.0 -9999.0 -9999.0 -9999.0 -9999.0 -9999.0 -9999.0 -9999.0 -9999.0 -9999.0 -9999.0 -9999.0 -9999.0 -9999.0 -9999.0 -9999.0 -9999.0 -9999.0 -9999.0 -9999.0 -9999.0 -9999.0 -9999.0 -9999.0 -9999.0 -9999.0 -9999.0 -9999.0 -9999.0 -9999.0 -9999.0 -9999.0 -9999.0 -9999.0 -9999.0 -9999.0 -9999.0 -9999.0 -9999.0 -9999.0 -9999.0 -9999.0 -9999.0 -9999.0 -9999.0 -9999.0 -9999.0 -9999.0
-9999.0 -9999.0 -9999.0 -9999.0 -9999.0 -9999.0 -9999.0 -9999.0 -9999.0 -9999.0 -9999.0 -9999.0 -9999.0 -9999.0 -9999.0 -9999.0 -9999.0 -9999.0 -9999.0 -9999.0 -9999.0 -9999.0 -9999.0 -9999.0 -9999.0 -9999.0 -9999.0 -9999.0 -9999.0 -9999.0 -9999.0 -9999.0 -9999.0 -9999.0 -9999.0 -9999.0 -9999.0 -9999.0 -9999.0 -9999.0 -9999.0 -9999.0 -9999.0 -9999.0 -9999.0 -9999.0 -9999.0 -9999.0 -9999.0 -9999.0 -9999.0 -9999.0 -9999.0 -9999.0 -9999.0 -9999.0 -9999.0 -9999.0 -9999.0 -9999.0 -9999.0 -9999.0 -9999.0 -9999.0 -9999.0 -9999.0 -9999.0 -9999.0 -9999.0 -9999.0 -9999.0 -9999.0 -9999.0 -9999.0 -9999.0 -9999.0 -9999.0 -9999.0 -9999.0 -9999.0 -9999.0 -9999.0 -9999.0 -9999.0 -9999.0 -9999.0 -9999.0 -9999.0 -9999.0 -9999.0 -9999.0 -9999.0 -9999.0 -9999.0 -9999.0 -9999.0 -9999.0 -9999.0 -9999.0 -9999.0 -9999.0 -9999.0 -9999.0 -9999.0