inst/processing_geotop_simulation/geotop_simulation/out/maps3D/PwL0002N0188.asc
ncols         104
nrows         10
xllcorner     -2.000000
yllcorner     0.000000
cellsize      1.000000
NODATA_value  -9999.0
-9999.0 -9999.0 -9999.0 -9999.0 -9999.0 -9999.0 -9999.0 -9999.0 -9999.0 -9999.0 -9999.0 -9999.0 -9999.0 -9999.0 -9999.0 -9999.0 -9999.0 -9999.0 -9999.0 -9999.0 -9999.0 -9999.0 -9999.0 -9999.0 -9999.0 -9999.0 -9999.0 -9999.0 -9999.0 -9999.0 -9999.0 -9999.0 -9999.0 -9999.0 -9999.0 -9999.0 -9999.0 -9999.0 -9999.0 -9999.0 -9999.0 -9999.0 -9999.0 -9999.0 -9999.0 -9999.0 -9999.0 -9999.0 -9999.0 -9999.0 -9999.0 -9999.0 -9999.0 -9999.0 -9999.0 -9999.0 -9999.0 -9999.0 -9999.0 -9999.0 -9999.0 -9999.0 -9999.0 -9999.0 -9999.0 -9999.0 -9999.0 -9999.0 -9999.0 -9999.0 -9999.0 -9999.0 -9999.0 -9999.0 -9999.0 -9999.0 -9999.0 -9999.0 -9999.0 -9999.0 -9999.0 -9999.0 -9999.0 -9999.0 -9999.0 -9999.0 -9999.0 -9999.0 -9999.0 -9999.0 -9999.0 -9999.0 -9999.0 -9999.0 -9999.0 -9999.0 -9999.0 -9999.0 -9999.0 -9999.0 -9999.0 -9999.0 -9999.0 -9999.0
-9999.0 -9999.0 -9999.0 -9999.0 -9999.0 -9999.0 -9999.0 -9999.0 -9999.0 -9999.0 -9999.0 -9999.0 -9999.0 -9999.0 -9999.0 -9999.0 -9999.0 -9999.0 -9999.0 -9999.0 -9999.0 -9999.0 -9999.0 -9999.0 -9999.0 -9999.0 -9999.0 -9999.0 -9999.0 -9999.0 -9999.0 -9999.0 -9999.0 -9999.0 -9999.0 -9999.0 -9999.0 -9999.0 -9999.0 -9999.0 -9999.0 -9999.0 -9999.0 -9999.0 -9999.0 -9999.0 -9999.0 -9999.0 -9999.0 -9999.0 -9999.0 -9999.0 -9999.0 -9999.0 -9999.0 -9999.0 -9999.0 -9999.0 -9999.0 -9999.0 -9999.0 -9999.0 -9999.0 -9999.0 -9999.0 -9999.0 -9999.0 -9999.0 -9999.0 -9999.0 -9999.0 -9999.0 -9999.0 -9999.0 -9999.0 -9999.0 -9999.0 -9999.0 -9999.0 -9999.0 -9999.0 -9999.0 -9999.0 -9999.0 -9999.0 -9999.0 -9999.0 -9999.0 -9999.0 -9999.0 -9999.0 -9999.0 -9999.0 -9999.0 -9999.0 -9999.0 -9999.0 -9999.0 -9999.0 -9999.0 -9999.0 -9999.0 -9999.0 -9999.0
-9999.0 -9999.0 80.231646 -10.090036 -105.414349 -201.943437 -298.911278 -396.016959 -493.098432 -590.021222 -686.462367 -782.261984 -877.262934 -971.310615 -1065.402001 -1159.186182 -1251.350784 -1342.248249 -1431.628662 -1513.931621 -1580.998916 -1630.573588 -1664.751435 -1687.376136 -1702.119400 -1711.752885 -1718.128728 -1722.406715 -1725.300556 -1727.260071 -1728.581717 -1729.467562 -1730.057401 -1730.447736 -1730.704701 -1730.874982 -1730.998150 -1731.131028 -1731.476964 -1733.168884 -1740.419922 -1736.206234 -1078.603879 -1076.554129 -1065.266579 -1058.127499 -1054.779816 -1054.291444 -1054.240917 -1054.248183 -1054.264147 -1054.281192 -1054.297562 -1054.312714 -1054.326709 -1054.342341 -1054.386571 -1054.678700 -1056.462719 -1060.477291 -1066.651750 -1060.778663 -1715.523378 -1735.721668 -1732.271891 -1731.435280 -1731.299724 -1731.278690 -1731.276105 -1731.276677 -1731.277651 -1731.278502 -1731.279165 -1731.279670 -1731.280054 -1731.280353 -1731.280588 -1731.280778 -1731.280937 -1731.281077 -1731.281214 -1731.281366 -1731.281557 -1731.281823 -1731.282216 -1731.282820 -1731.283771 -1731.285291 -1731.287759 -1731.291834 -1731.298707 -1731.310597 -1731.331776 -1731.370641 -1731.443939 -1731.585457 -1731.864863 -1732.432976 -1733.643209 -1736.407214 -1743.418630 -1765.075735 -9999.0 -9999.0
-9999.0 -9999.0 80.244128 -10.087789 -105.413788 -201.943274 -298.911226 -396.016942 -493.098426 -590.021220 -686.462366 -782.261983 -877.262934 -971.310615 -1065.402001 -1159.186182 -1251.350785 -1342.248249 -1431.628663 -1513.931621 -1580.998917 -1630.573588 -1664.751435 -1687.376136 -1702.119400 -1711.752885 -1718.128728 -1722.406715 -1725.300556 -1727.260072 -1728.581717 -1729.467562 -1730.057401 -1730.447736 -1730.704701 -1730.874982 -1730.998150 -1731.131028 -1731.476964 -1733.168884 -1740.419922 -1736.206234 -1078.603879 -1076.554129 -1065.266579 -1058.127499 -1054.779816 -1054.291444 -1054.240917 -1054.248183 -1054.264147 -1054.281192 -1054.297562 -1054.312714 -1054.326709 -1054.342341 -1054.386571 -1054.678700 -1056.462719 -1060.477291 -1066.651750 -1060.778663 -1715.523378 -1735.721668 -1732.271891 -1731.435280 -1731.299724 -1731.278690 -1731.276105 -1731.276677 -1731.277651 -1731.278502 -1731.279165 -1731.279670 -1731.280054 -1731.280353 -1731.280588 -1731.280778 -1731.280937 -1731.281077 -1731.281214 -1731.281366 -1731.281557 -1731.281823 -1731.282216 -1731.282820 -1731.283771 -1731.285291 -1731.287759 -1731.291834 -1731.298707 -1731.310597 -1731.331776 -1731.370641 -1731.443939 -1731.585457 -1731.864863 -1732.432976 -1733.643209 -1736.407214 -1743.418630 -1765.075735 -9999.0 -9999.0
-9999.0 -9999.0 80.245483 -10.086893 -105.413433 -201.943146 -298.911180 -396.016926 -493.098420 -590.021218 -686.462365 -782.261983 -877.262934 -971.310615 -1065.402001 -1159.186183 -1251.350785 -1342.248249 -1431.628663 -1513.931621 -1580.998917 -1630.573588 -1664.751435 -1687.376136 -1702.119400 -1711.752885 -1718.128728 -1722.406715 -1725.300556 -1727.260072 -1728.581717 -1729.467562 -1730.057401 -1730.447736 -1730.704701 -1730.874982 -1730.998150 -1731.131028 -1731.476964 -1733.168884 -1740.419922 -1736.206234 -1078.603879 -1076.554129 -1065.266579 -1058.127499 -1054.779816 -1054.291444 -1054.240917 -1054.248183 -1054.264147 -1054.281192 -1054.297562 -1054.312714 -1054.326709 -1054.342341 -1054.386571 -1054.678700 -1056.462719 -1060.477291 -1066.651750 -1060.778663 -1715.523378 -1735.721668 -1732.271891 -1731.435280 -1731.299724 -1731.278690 -1731.276105 -1731.276677 -1731.277651 -1731.278502 -1731.279165 -1731.279670 -1731.280054 -1731.280353 -1731.280588 -1731.280778 -1731.280937 -1731.281077 -1731.281214 -1731.281366 -1731.281557 -1731.281823 -1731.282216 -1731.282820 -1731.283771 -1731.285291 -1731.287759 -1731.291834 -1731.298707 -1731.310597 -1731.331776 -1731.370641 -1731.443939 -1731.585457 -1731.864863 -1732.432976 -1733.643209 -1736.407214 -1743.418630 -1765.075735 -9999.0 -9999.0
-9999.0 -9999.0 80.245483 -10.086893 -105.413433 -201.943146 -298.911180 -396.016926 -493.098420 -590.021218 -686.462365 -782.261983 -877.262934 -971.310615 -1065.402001 -1159.186183 -1251.350785 -1342.248249 -1431.628663 -1513.931621 -1580.998917 -1630.573588 -1664.751435 -1687.376136 -1702.119400 -1711.752885 -1718.128728 -1722.406715 -1725.300556 -1727.260072 -1728.581717 -1729.467562 -1730.057401 -1730.447736 -1730.704701 -1730.874982 -1730.998150 -1731.131028 -1731.476964 -1733.168884 -1740.419922 -1736.206234 -1078.603879 -1076.554129 -1065.266579 -1058.127499 -1054.779816 -1054.291444 -1054.240917 -1054.248183 -1054.264147 -1054.281192 -1054.297562 -1054.312714 -1054.326709 -1054.342341 -1054.386571 -1054.678700 -1056.462719 -1060.477291 -1066.651750 -1060.778663 -1715.523378 -1735.721668 -1732.271891 -1731.435280 -1731.299724 -1731.278690 -1731.276105 -1731.276677 -1731.277651 -1731.278502 -1731.279165 -1731.279670 -1731.280054 -1731.280353 -1731.280588 -1731.280778 -1731.280937 -1731.281077 -1731.281214 -1731.281366 -1731.281557 -1731.281823 -1731.282216 -1731.282820 -1731.283771 -1731.285291 -1731.287759 -1731.291834 -1731.298707 -1731.310597 -1731.331776 -1731.370641 -1731.443939 -1731.585457 -1731.864863 -1732.432976 -1733.643209 -1736.407214 -1743.418630 -1765.075735 -9999.0 -9999.0
-9999.0 -9999.0 80.244128 -10.087789 -105.413788 -201.943274 -298.911226 -396.016942 -493.098426 -590.021220 -686.462366 -782.261983 -877.262934 -971.310615 -1065.402001 -1159.186182 -1251.350785 -1342.248249 -1431.628663 -1513.931621 -1580.998917 -1630.573588 -1664.751435 -1687.376136 -1702.119400 -1711.752885 -1718.128728 -1722.406715 -1725.300556 -1727.260072 -1728.581717 -1729.467562 -1730.057401 -1730.447736 -1730.704701 -1730.874982 -1730.998150 -1731.131028 -1731.476964 -1733.168884 -1740.419922 -1736.206234 -1078.603879 -1076.554129 -1065.266579 -1058.127499 -1054.779816 -1054.291444 -1054.240917 -1054.248183 -1054.264147 -1054.281192 -1054.297562 -1054.312714 -1054.326709 -1054.342341 -1054.386571 -1054.678700 -1056.462719 -1060.477291 -1066.651750 -1060.778663 -1715.523378 -1735.721668 -1732.271891 -1731.435280 -1731.299724 -1731.278690 -1731.276105 -1731.276677 -1731.277651 -1731.278502 -1731.279165 -1731.279670 -1731.280054 -1731.280353 -1731.280588 -1731.280778 -1731.280937 -1731.281077 -1731.281214 -1731.281366 -1731.281557 -1731.281823 -1731.282216 -1731.282820 -1731.283771 -1731.285291 -1731.287759 -1731.291834 -1731.298707 -1731.310597 -1731.331776 -1731.370641 -1731.443939 -1731.585457 -1731.864863 -1732.432976 -1733.643209 -1736.407214 -1743.418630 -1765.075735 -9999.0 -9999.0
-9999.0 -9999.0 80.231646 -10.090036 -105.414349 -201.943437 -298.911278 -396.016959 -493.098432 -590.021222 -686.462367 -782.261984 -877.262934 -971.310615 -1065.402001 -1159.186182 -1251.350784 -1342.248249 -1431.628662 -1513.931621 -1580.998916 -1630.573588 -1664.751435 -1687.376136 -1702.119400 -1711.752885 -1718.128728 -1722.406715 -1725.300556 -1727.260071 -1728.581717 -1729.467562 -1730.057401 -1730.447736 -1730.704701 -1730.874982 -1730.998150 -1731.131028 -1731.476964 -1733.168884 -1740.419922 -1736.206234 -1078.603879 -1076.554129 -1065.266579 -1058.127499 -1054.779816 -1054.291444 -1054.240917 -1054.248183 -1054.264147 -1054.281192 -1054.297562 -1054.312714 -1054.326709 -1054.342341 -1054.386571 -1054.678700 -1056.462719 -1060.477291 -1066.651750 -1060.778663 -1715.523378 -1735.721668 -1732.271891 -1731.435280 -1731.299724 -1731.278690 -1731.276105 -1731.276677 -1731.277651 -1731.278502 -1731.279165 -1731.279670 -1731.280054 -1731.280353 -1731.280588 -1731.280778 -1731.280937 -1731.281077 -1731.281214 -1731.281366 -1731.281557 -1731.281823 -1731.282216 -1731.282820 -1731.283771 -1731.285291 -1731.287759 -1731.291834 -1731.298707 -1731.310597 -1731.331776 -1731.370641 -1731.443939 -1731.585457 -1731.864863 -1732.432976 -1733.643209 -1736.407214 -1743.418630 -1765.075735 -9999.0 -9999.0
-9999.0 -9999.0 -9999.0 -9999.0 -9999.0 -9999.0 -9999.0 -9999.0 -9999.0 -9999.0 -9999.0 -9999.0 -9999.0 -9999.0 -9999.0 -9999.0 -9999.0 -9999.0 -9999.0 -9999.0 -9999.0 -9999.0 -9999.0 -9999.0 -9999.0 -9999.0 -9999.0 -9999.0 -9999.0 -9999.0 -9999.0 -9999.0 -9999.0 -9999.0 -9999.0 -9999.0 -9999.0 -9999.0 -9999.0 -9999.0 -9999.0 -9999.0 -9999.0 -9999.0 -9999.0 -9999.0 -9999.0 -9999.0 -9999.0 -9999.0 -9999.0 -9999.0 -9999.0 -9999.0 -9999.0 -9999.0 -9999.0 -9999.0 -9999.0 -9999.0 -9999.0 -9999.0 -9999.0 -9999.0 -9999.0 -9999.0 -9999.0 -9999.0 -9999.0 -9999.0 -9999.0 -9999.0 -9999.0 -9999.0 -9999.0 -9999.0 -9999.0 -9999.0 -9999.0 -9999.0 -9999.0 -9999.0 -9999.0 -9999.0 -9999.0 -9999.0 -9999.0 -9999.0 -9999.0 -9999.0 -9999.0 -9999.0 -9999.0 -9999.0 -9999.0 -9999.0 -9999.0 -9999.0 -9999.0 -9999.0 -9999.0 -9999.0 -9999.0 -9999.0
-9999.0 -9999.0 -9999.0 -9999.0 -9999.0 -9999.0 -9999.0 -9999.0 -9999.0 -9999.0 -9999.0 -9999.0 -9999.0 -9999.0 -9999.0 -9999.0 -9999.0 -9999.0 -9999.0 -9999.0 -9999.0 -9999.0 -9999.0 -9999.0 -9999.0 -9999.0 -9999.0 -9999.0 -9999.0 -9999.0 -9999.0 -9999.0 -9999.0 -9999.0 -9999.0 -9999.0 -9999.0 -9999.0 -9999.0 -9999.0 -9999.0 -9999.0 -9999.0 -9999.0 -9999.0 -9999.0 -9999.0 -9999.0 -9999.0 -9999.0 -9999.0 -9999.0 -9999.0 -9999.0 -9999.0 -9999.0 -9999.0 -9999.0 -9999.0 -9999.0 -9999.0 -9999.0 -9999.0 -9999.0 -9999.0 -9999.0 -9999.0 -9999.0 -9999.0 -9999.0 -9999.0 -9999.0 -9999.0 -9999.0 -9999.0 -9999.0 -9999.0 -9999.0 -9999.0 -9999.0 -9999.0 -9999.0 -9999.0 -9999.0 -9999.0 -9999.0 -9999.0 -9999.0 -9999.0 -9999.0 -9999.0 -9999.0 -9999.0 -9999.0 -9999.0 -9999.0 -9999.0 -9999.0 -9999.0 -9999.0 -9999.0 -9999.0 -9999.0 -9999.0