inst/processing_geotop_simulation/geotop_simulation/out/maps3D/PwL0005N0281.asc
ncols         104
nrows         10
xllcorner     -2.000000
yllcorner     0.000000
cellsize      1.000000
NODATA_value  -9999.0
-9999.0 -9999.0 -9999.0 -9999.0 -9999.0 -9999.0 -9999.0 -9999.0 -9999.0 -9999.0 -9999.0 -9999.0 -9999.0 -9999.0 -9999.0 -9999.0 -9999.0 -9999.0 -9999.0 -9999.0 -9999.0 -9999.0 -9999.0 -9999.0 -9999.0 -9999.0 -9999.0 -9999.0 -9999.0 -9999.0 -9999.0 -9999.0 -9999.0 -9999.0 -9999.0 -9999.0 -9999.0 -9999.0 -9999.0 -9999.0 -9999.0 -9999.0 -9999.0 -9999.0 -9999.0 -9999.0 -9999.0 -9999.0 -9999.0 -9999.0 -9999.0 -9999.0 -9999.0 -9999.0 -9999.0 -9999.0 -9999.0 -9999.0 -9999.0 -9999.0 -9999.0 -9999.0 -9999.0 -9999.0 -9999.0 -9999.0 -9999.0 -9999.0 -9999.0 -9999.0 -9999.0 -9999.0 -9999.0 -9999.0 -9999.0 -9999.0 -9999.0 -9999.0 -9999.0 -9999.0 -9999.0 -9999.0 -9999.0 -9999.0 -9999.0 -9999.0 -9999.0 -9999.0 -9999.0 -9999.0 -9999.0 -9999.0 -9999.0 -9999.0 -9999.0 -9999.0 -9999.0 -9999.0 -9999.0 -9999.0 -9999.0 -9999.0 -9999.0 -9999.0
-9999.0 -9999.0 -9999.0 -9999.0 -9999.0 -9999.0 -9999.0 -9999.0 -9999.0 -9999.0 -9999.0 -9999.0 -9999.0 -9999.0 -9999.0 -9999.0 -9999.0 -9999.0 -9999.0 -9999.0 -9999.0 -9999.0 -9999.0 -9999.0 -9999.0 -9999.0 -9999.0 -9999.0 -9999.0 -9999.0 -9999.0 -9999.0 -9999.0 -9999.0 -9999.0 -9999.0 -9999.0 -9999.0 -9999.0 -9999.0 -9999.0 -9999.0 -9999.0 -9999.0 -9999.0 -9999.0 -9999.0 -9999.0 -9999.0 -9999.0 -9999.0 -9999.0 -9999.0 -9999.0 -9999.0 -9999.0 -9999.0 -9999.0 -9999.0 -9999.0 -9999.0 -9999.0 -9999.0 -9999.0 -9999.0 -9999.0 -9999.0 -9999.0 -9999.0 -9999.0 -9999.0 -9999.0 -9999.0 -9999.0 -9999.0 -9999.0 -9999.0 -9999.0 -9999.0 -9999.0 -9999.0 -9999.0 -9999.0 -9999.0 -9999.0 -9999.0 -9999.0 -9999.0 -9999.0 -9999.0 -9999.0 -9999.0 -9999.0 -9999.0 -9999.0 -9999.0 -9999.0 -9999.0 -9999.0 -9999.0 -9999.0 -9999.0 -9999.0 -9999.0
-9999.0 -9999.0 226.318080 130.165282 32.305072 -66.081089 -164.671242 -263.340481 -362.019184 -460.659100 -559.188683 -657.426517 -755.265907 -852.813959 -950.135330 -1047.503018 -1144.291870 -1239.427951 -1332.468295 -1422.243747 -1506.149465 -1580.469516 -1642.318794 -1690.941156 -1727.483283 -1754.063416 -1772.958650 -1786.169485 -1795.285779 -1801.506427 -1805.709583 -1808.525568 -1810.399074 -1811.638872 -1812.456618 -1812.997810 -1813.370898 -1813.700791 -1814.338350 -1816.617781 -1822.852216 -1800.778062 -1141.565776 -1156.407757 -1141.094150 -1131.198437 -1126.571513 -1125.888924 -1125.816894 -1125.824396 -1125.843426 -1125.863867 -1125.883509 -1125.901697 -1125.918570 -1125.938127 -1125.998355 -1126.403396 -1128.854165 -1134.328853 -1141.959259 -1116.405048 -1775.670696 -1816.773412 -1815.265867 -1814.339407 -1814.149473 -1814.118021 -1814.113561 -1814.113509 -1814.114100 -1814.114676 -1814.115136 -1814.115490 -1814.115762 -1814.115974 -1814.116142 -1814.116278 -1814.116393 -1814.116496 -1814.116597 -1814.116710 -1814.116853 -1814.117051 -1814.117343 -1814.117792 -1814.118499 -1814.119632 -1814.121478 -1814.124544 -1814.129751 -1814.138841 -1814.155182 -1814.185444 -1814.243063 -1814.355718 -1814.582757 -1815.060043 -1816.125488 -1818.704666 -1825.718065 -1848.553196 -9999.0 -9999.0
-9999.0 -9999.0 226.327155 130.167255 32.305581 -66.080941 -164.671195 -263.340465 -362.019178 -460.659098 -559.188682 -657.426517 -755.265907 -852.813959 -950.135330 -1047.503019 -1144.291870 -1239.427951 -1332.468295 -1422.243747 -1506.149465 -1580.469517 -1642.318795 -1690.941156 -1727.483283 -1754.063416 -1772.958650 -1786.169485 -1795.285779 -1801.506427 -1805.709583 -1808.525568 -1810.399074 -1811.638872 -1812.456618 -1812.997810 -1813.370898 -1813.700791 -1814.338350 -1816.617781 -1822.852216 -1800.778062 -1141.565776 -1156.407757 -1141.094150 -1131.198436 -1126.571513 -1125.888924 -1125.816894 -1125.824396 -1125.843426 -1125.863867 -1125.883509 -1125.901697 -1125.918570 -1125.938127 -1125.998355 -1126.403396 -1128.854165 -1134.328853 -1141.959259 -1116.405048 -1775.670696 -1816.773412 -1815.265867 -1814.339407 -1814.149473 -1814.118021 -1814.113561 -1814.113509 -1814.114100 -1814.114676 -1814.115136 -1814.115490 -1814.115762 -1814.115974 -1814.116142 -1814.116278 -1814.116393 -1814.116496 -1814.116597 -1814.116710 -1814.116853 -1814.117051 -1814.117343 -1814.117792 -1814.118499 -1814.119632 -1814.121478 -1814.124544 -1814.129751 -1814.138841 -1814.155182 -1814.185444 -1814.243063 -1814.355718 -1814.582757 -1815.060043 -1816.125488 -1818.704666 -1825.718065 -1848.553196 -9999.0 -9999.0
-9999.0 -9999.0 226.328580 130.168069 32.305903 -66.080824 -164.671154 -263.340450 -362.019172 -460.659096 -559.188681 -657.426516 -755.265907 -852.813958 -950.135330 -1047.503019 -1144.291870 -1239.427951 -1332.468295 -1422.243747 -1506.149465 -1580.469517 -1642.318795 -1690.941156 -1727.483284 -1754.063416 -1772.958650 -1786.169485 -1795.285779 -1801.506427 -1805.709583 -1808.525568 -1810.399074 -1811.638872 -1812.456618 -1812.997810 -1813.370898 -1813.700791 -1814.338350 -1816.617781 -1822.852216 -1800.778062 -1141.565776 -1156.407757 -1141.094150 -1131.198436 -1126.571513 -1125.888924 -1125.816894 -1125.824396 -1125.843426 -1125.863867 -1125.883509 -1125.901697 -1125.918570 -1125.938127 -1125.998355 -1126.403396 -1128.854165 -1134.328853 -1141.959259 -1116.405048 -1775.670696 -1816.773412 -1815.265867 -1814.339407 -1814.149473 -1814.118021 -1814.113561 -1814.113509 -1814.114100 -1814.114676 -1814.115136 -1814.115490 -1814.115762 -1814.115974 -1814.116142 -1814.116278 -1814.116393 -1814.116496 -1814.116597 -1814.116710 -1814.116853 -1814.117051 -1814.117343 -1814.117792 -1814.118499 -1814.119632 -1814.121478 -1814.124544 -1814.129751 -1814.138841 -1814.155182 -1814.185444 -1814.243063 -1814.355718 -1814.582757 -1815.060043 -1816.125488 -1818.704666 -1825.718065 -1848.553196 -9999.0 -9999.0
-9999.0 -9999.0 226.328581 130.168069 32.305904 -66.080824 -164.671153 -263.340450 -362.019172 -460.659096 -559.188681 -657.426516 -755.265907 -852.813958 -950.135330 -1047.503019 -1144.291870 -1239.427951 -1332.468295 -1422.243747 -1506.149465 -1580.469517 -1642.318795 -1690.941156 -1727.483284 -1754.063416 -1772.958650 -1786.169485 -1795.285779 -1801.506427 -1805.709583 -1808.525568 -1810.399074 -1811.638872 -1812.456618 -1812.997810 -1813.370898 -1813.700791 -1814.338350 -1816.617781 -1822.852216 -1800.778062 -1141.565776 -1156.407757 -1141.094150 -1131.198436 -1126.571513 -1125.888924 -1125.816894 -1125.824396 -1125.843426 -1125.863867 -1125.883509 -1125.901697 -1125.918570 -1125.938127 -1125.998355 -1126.403396 -1128.854165 -1134.328853 -1141.959259 -1116.405048 -1775.670696 -1816.773412 -1815.265867 -1814.339407 -1814.149473 -1814.118021 -1814.113561 -1814.113509 -1814.114100 -1814.114676 -1814.115136 -1814.115490 -1814.115762 -1814.115974 -1814.116142 -1814.116278 -1814.116393 -1814.116496 -1814.116597 -1814.116710 -1814.116853 -1814.117051 -1814.117343 -1814.117792 -1814.118499 -1814.119632 -1814.121478 -1814.124544 -1814.129751 -1814.138841 -1814.155182 -1814.185444 -1814.243063 -1814.355718 -1814.582757 -1815.060043 -1816.125488 -1818.704666 -1825.718065 -1848.553196 -9999.0 -9999.0
-9999.0 -9999.0 226.327155 130.167255 32.305581 -66.080941 -164.671195 -263.340465 -362.019178 -460.659098 -559.188682 -657.426516 -755.265907 -852.813958 -950.135330 -1047.503019 -1144.291870 -1239.427951 -1332.468295 -1422.243747 -1506.149465 -1580.469517 -1642.318794 -1690.941156 -1727.483283 -1754.063416 -1772.958650 -1786.169485 -1795.285779 -1801.506427 -1805.709583 -1808.525568 -1810.399074 -1811.638872 -1812.456618 -1812.997810 -1813.370898 -1813.700791 -1814.338350 -1816.617781 -1822.852216 -1800.778062 -1141.565776 -1156.407757 -1141.094150 -1131.198436 -1126.571513 -1125.888924 -1125.816894 -1125.824396 -1125.843426 -1125.863867 -1125.883509 -1125.901697 -1125.918570 -1125.938127 -1125.998355 -1126.403396 -1128.854165 -1134.328853 -1141.959259 -1116.405048 -1775.670696 -1816.773412 -1815.265867 -1814.339407 -1814.149473 -1814.118021 -1814.113561 -1814.113509 -1814.114100 -1814.114676 -1814.115136 -1814.115490 -1814.115762 -1814.115974 -1814.116142 -1814.116278 -1814.116393 -1814.116496 -1814.116597 -1814.116710 -1814.116853 -1814.117051 -1814.117343 -1814.117792 -1814.118499 -1814.119632 -1814.121478 -1814.124544 -1814.129751 -1814.138841 -1814.155182 -1814.185444 -1814.243063 -1814.355718 -1814.582757 -1815.060043 -1816.125488 -1818.704666 -1825.718065 -1848.553196 -9999.0 -9999.0
-9999.0 -9999.0 226.318080 130.165282 32.305073 -66.081090 -164.671242 -263.340481 -362.019183 -460.659101 -559.188683 -657.426517 -755.265907 -852.813959 -950.135330 -1047.503018 -1144.291870 -1239.427951 -1332.468295 -1422.243747 -1506.149465 -1580.469516 -1642.318794 -1690.941156 -1727.483283 -1754.063416 -1772.958650 -1786.169485 -1795.285779 -1801.506427 -1805.709583 -1808.525568 -1810.399074 -1811.638872 -1812.456618 -1812.997810 -1813.370898 -1813.700791 -1814.338350 -1816.617781 -1822.852216 -1800.778062 -1141.565776 -1156.407757 -1141.094150 -1131.198437 -1126.571513 -1125.888924 -1125.816894 -1125.824396 -1125.843426 -1125.863867 -1125.883509 -1125.901697 -1125.918570 -1125.938127 -1125.998355 -1126.403396 -1128.854165 -1134.328853 -1141.959259 -1116.405048 -1775.670696 -1816.773412 -1815.265867 -1814.339407 -1814.149473 -1814.118021 -1814.113561 -1814.113509 -1814.114100 -1814.114676 -1814.115136 -1814.115490 -1814.115762 -1814.115974 -1814.116142 -1814.116278 -1814.116393 -1814.116496 -1814.116597 -1814.116710 -1814.116853 -1814.117051 -1814.117343 -1814.117792 -1814.118499 -1814.119632 -1814.121478 -1814.124544 -1814.129751 -1814.138841 -1814.155182 -1814.185444 -1814.243063 -1814.355718 -1814.582757 -1815.060043 -1816.125488 -1818.704666 -1825.718065 -1848.553196 -9999.0 -9999.0
-9999.0 -9999.0 -9999.0 -9999.0 -9999.0 -9999.0 -9999.0 -9999.0 -9999.0 -9999.0 -9999.0 -9999.0 -9999.0 -9999.0 -9999.0 -9999.0 -9999.0 -9999.0 -9999.0 -9999.0 -9999.0 -9999.0 -9999.0 -9999.0 -9999.0 -9999.0 -9999.0 -9999.0 -9999.0 -9999.0 -9999.0 -9999.0 -9999.0 -9999.0 -9999.0 -9999.0 -9999.0 -9999.0 -9999.0 -9999.0 -9999.0 -9999.0 -9999.0 -9999.0 -9999.0 -9999.0 -9999.0 -9999.0 -9999.0 -9999.0 -9999.0 -9999.0 -9999.0 -9999.0 -9999.0 -9999.0 -9999.0 -9999.0 -9999.0 -9999.0 -9999.0 -9999.0 -9999.0 -9999.0 -9999.0 -9999.0 -9999.0 -9999.0 -9999.0 -9999.0 -9999.0 -9999.0 -9999.0 -9999.0 -9999.0 -9999.0 -9999.0 -9999.0 -9999.0 -9999.0 -9999.0 -9999.0 -9999.0 -9999.0 -9999.0 -9999.0 -9999.0 -9999.0 -9999.0 -9999.0 -9999.0 -9999.0 -9999.0 -9999.0 -9999.0 -9999.0 -9999.0 -9999.0 -9999.0 -9999.0 -9999.0 -9999.0 -9999.0 -9999.0
-9999.0 -9999.0 -9999.0 -9999.0 -9999.0 -9999.0 -9999.0 -9999.0 -9999.0 -9999.0 -9999.0 -9999.0 -9999.0 -9999.0 -9999.0 -9999.0 -9999.0 -9999.0 -9999.0 -9999.0 -9999.0 -9999.0 -9999.0 -9999.0 -9999.0 -9999.0 -9999.0 -9999.0 -9999.0 -9999.0 -9999.0 -9999.0 -9999.0 -9999.0 -9999.0 -9999.0 -9999.0 -9999.0 -9999.0 -9999.0 -9999.0 -9999.0 -9999.0 -9999.0 -9999.0 -9999.0 -9999.0 -9999.0 -9999.0 -9999.0 -9999.0 -9999.0 -9999.0 -9999.0 -9999.0 -9999.0 -9999.0 -9999.0 -9999.0 -9999.0 -9999.0 -9999.0 -9999.0 -9999.0 -9999.0 -9999.0 -9999.0 -9999.0 -9999.0 -9999.0 -9999.0 -9999.0 -9999.0 -9999.0 -9999.0 -9999.0 -9999.0 -9999.0 -9999.0 -9999.0 -9999.0 -9999.0 -9999.0 -9999.0 -9999.0 -9999.0 -9999.0 -9999.0 -9999.0 -9999.0 -9999.0 -9999.0 -9999.0 -9999.0 -9999.0 -9999.0 -9999.0 -9999.0 -9999.0 -9999.0 -9999.0 -9999.0 -9999.0 -9999.0