inst/processing_geotop_simulation/geotop_simulation/out/maps3D/PwL0008N0428.asc
ncols         104
nrows         10
xllcorner     -2.000000
yllcorner     0.000000
cellsize      1.000000
NODATA_value  -9999.0
-9999.0 -9999.0 -9999.0 -9999.0 -9999.0 -9999.0 -9999.0 -9999.0 -9999.0 -9999.0 -9999.0 -9999.0 -9999.0 -9999.0 -9999.0 -9999.0 -9999.0 -9999.0 -9999.0 -9999.0 -9999.0 -9999.0 -9999.0 -9999.0 -9999.0 -9999.0 -9999.0 -9999.0 -9999.0 -9999.0 -9999.0 -9999.0 -9999.0 -9999.0 -9999.0 -9999.0 -9999.0 -9999.0 -9999.0 -9999.0 -9999.0 -9999.0 -9999.0 -9999.0 -9999.0 -9999.0 -9999.0 -9999.0 -9999.0 -9999.0 -9999.0 -9999.0 -9999.0 -9999.0 -9999.0 -9999.0 -9999.0 -9999.0 -9999.0 -9999.0 -9999.0 -9999.0 -9999.0 -9999.0 -9999.0 -9999.0 -9999.0 -9999.0 -9999.0 -9999.0 -9999.0 -9999.0 -9999.0 -9999.0 -9999.0 -9999.0 -9999.0 -9999.0 -9999.0 -9999.0 -9999.0 -9999.0 -9999.0 -9999.0 -9999.0 -9999.0 -9999.0 -9999.0 -9999.0 -9999.0 -9999.0 -9999.0 -9999.0 -9999.0 -9999.0 -9999.0 -9999.0 -9999.0 -9999.0 -9999.0 -9999.0 -9999.0 -9999.0 -9999.0
-9999.0 -9999.0 -9999.0 -9999.0 -9999.0 -9999.0 -9999.0 -9999.0 -9999.0 -9999.0 -9999.0 -9999.0 -9999.0 -9999.0 -9999.0 -9999.0 -9999.0 -9999.0 -9999.0 -9999.0 -9999.0 -9999.0 -9999.0 -9999.0 -9999.0 -9999.0 -9999.0 -9999.0 -9999.0 -9999.0 -9999.0 -9999.0 -9999.0 -9999.0 -9999.0 -9999.0 -9999.0 -9999.0 -9999.0 -9999.0 -9999.0 -9999.0 -9999.0 -9999.0 -9999.0 -9999.0 -9999.0 -9999.0 -9999.0 -9999.0 -9999.0 -9999.0 -9999.0 -9999.0 -9999.0 -9999.0 -9999.0 -9999.0 -9999.0 -9999.0 -9999.0 -9999.0 -9999.0 -9999.0 -9999.0 -9999.0 -9999.0 -9999.0 -9999.0 -9999.0 -9999.0 -9999.0 -9999.0 -9999.0 -9999.0 -9999.0 -9999.0 -9999.0 -9999.0 -9999.0 -9999.0 -9999.0 -9999.0 -9999.0 -9999.0 -9999.0 -9999.0 -9999.0 -9999.0 -9999.0 -9999.0 -9999.0 -9999.0 -9999.0 -9999.0 -9999.0 -9999.0 -9999.0 -9999.0 -9999.0 -9999.0 -9999.0 -9999.0 -9999.0
-9999.0 -9999.0 373.297136 274.859644 175.845475 76.602257 -22.732054 -122.102096 -221.483886 -320.861445 -420.218790 -519.530761 -618.746682 -717.771896 -816.815971 -915.817228 -1014.741006 -1113.587699 -1211.703977 -1308.856016 -1404.124276 -1495.779975 -1581.241432 -1657.722545 -1723.172205 -1776.823431 -1819.155971 -1851.498211 -1875.563002 -1893.090566 -1905.640562 -1914.505386 -1920.700334 -1924.993289 -1927.949645 -1929.980466 -1931.395528 -1932.494874 -1933.809005 -1936.448286 -1938.655378 -1895.111158 -1254.072909 -1316.474426 -1293.240324 -1277.661520 -1270.424771 -1269.349154 -1269.234203 -1269.243842 -1269.271184 -1269.300676 -1269.329028 -1269.355288 -1269.379729 -1269.408770 -1269.502745 -1270.138482 -1273.955992 -1282.449202 -1292.029582 -1216.108927 -1863.581759 -1931.921678 -1935.218307 -1934.627653 -1934.403796 -1934.356326 -1934.348266 -1934.347386 -1934.347670 -1934.348068 -1934.348410 -1934.348683 -1934.348900 -1934.349076 -1934.349222 -1934.349346 -1934.349456 -1934.349560 -1934.349663 -1934.349777 -1934.349915 -1934.350096 -1934.350349 -1934.350722 -1934.351291 -1934.352187 -1934.353633 -1934.356028 -1934.360109 -1934.367280 -1934.380286 -1934.404635 -1934.451648 -1934.545489 -1934.740691 -1935.169533 -1936.180245 -1938.782966 -1946.285132 -1971.066777 -9999.0 -9999.0
-9999.0 -9999.0 373.303559 274.861274 175.845914 76.602388 -22.732012 -122.102081 -221.483881 -320.861443 -420.218789 -519.530760 -618.746682 -717.771896 -816.815971 -915.817228 -1014.741006 -1113.587699 -1211.703977 -1308.856017 -1404.124276 -1495.779976 -1581.241433 -1657.722546 -1723.172205 -1776.823431 -1819.155971 -1851.498212 -1875.563002 -1893.090566 -1905.640562 -1914.505386 -1920.700334 -1924.993289 -1927.949645 -1929.980466 -1931.395528 -1932.494874 -1933.809005 -1936.448286 -1938.655378 -1895.111158 -1254.072909 -1316.474426 -1293.240323 -1277.661520 -1270.424771 -1269.349154 -1269.234203 -1269.243842 -1269.271184 -1269.300676 -1269.329028 -1269.355288 -1269.379729 -1269.408770 -1269.502745 -1270.138482 -1273.955992 -1282.449202 -1292.029582 -1216.108927 -1863.581759 -1931.921678 -1935.218307 -1934.627653 -1934.403796 -1934.356326 -1934.348266 -1934.347386 -1934.347670 -1934.348067 -1934.348410 -1934.348683 -1934.348900 -1934.349076 -1934.349222 -1934.349346 -1934.349456 -1934.349560 -1934.349663 -1934.349777 -1934.349915 -1934.350096 -1934.350349 -1934.350722 -1934.351291 -1934.352187 -1934.353633 -1934.356028 -1934.360109 -1934.367280 -1934.380286 -1934.404635 -1934.451648 -1934.545488 -1934.740691 -1935.169533 -1936.180245 -1938.782966 -1946.285132 -1971.066777 -9999.0 -9999.0
-9999.0 -9999.0 373.304878 274.861980 175.846196 76.602491 -22.731975 -122.102068 -221.483876 -320.861441 -420.218788 -519.530760 -618.746682 -717.771896 -816.815971 -915.817228 -1014.741006 -1113.587699 -1211.703977 -1308.856017 -1404.124277 -1495.779976 -1581.241433 -1657.722546 -1723.172205 -1776.823431 -1819.155971 -1851.498212 -1875.563002 -1893.090566 -1905.640562 -1914.505386 -1920.700334 -1924.993289 -1927.949645 -1929.980466 -1931.395528 -1932.494874 -1933.809005 -1936.448286 -1938.655378 -1895.111158 -1254.072909 -1316.474426 -1293.240323 -1277.661519 -1270.424771 -1269.349154 -1269.234203 -1269.243842 -1269.271184 -1269.300676 -1269.329028 -1269.355288 -1269.379729 -1269.408770 -1269.502745 -1270.138482 -1273.955992 -1282.449202 -1292.029582 -1216.108927 -1863.581759 -1931.921678 -1935.218307 -1934.627653 -1934.403796 -1934.356326 -1934.348266 -1934.347386 -1934.347670 -1934.348067 -1934.348410 -1934.348683 -1934.348900 -1934.349076 -1934.349222 -1934.349346 -1934.349456 -1934.349560 -1934.349663 -1934.349777 -1934.349915 -1934.350096 -1934.350349 -1934.350722 -1934.351291 -1934.352187 -1934.353633 -1934.356028 -1934.360109 -1934.367280 -1934.380286 -1934.404635 -1934.451648 -1934.545488 -1934.740691 -1935.169533 -1936.180245 -1938.782966 -1946.285132 -1971.066777 -9999.0 -9999.0
-9999.0 -9999.0 373.304878 274.861980 175.846196 76.602491 -22.731975 -122.102068 -221.483876 -320.861441 -420.218788 -519.530760 -618.746682 -717.771896 -816.815971 -915.817228 -1014.741006 -1113.587699 -1211.703977 -1308.856017 -1404.124277 -1495.779976 -1581.241433 -1657.722546 -1723.172205 -1776.823431 -1819.155971 -1851.498212 -1875.563002 -1893.090566 -1905.640562 -1914.505386 -1920.700334 -1924.993289 -1927.949645 -1929.980466 -1931.395528 -1932.494874 -1933.809005 -1936.448286 -1938.655378 -1895.111158 -1254.072909 -1316.474426 -1293.240323 -1277.661519 -1270.424771 -1269.349154 -1269.234203 -1269.243842 -1269.271184 -1269.300676 -1269.329028 -1269.355288 -1269.379729 -1269.408770 -1269.502745 -1270.138482 -1273.955992 -1282.449202 -1292.029582 -1216.108927 -1863.581759 -1931.921678 -1935.218307 -1934.627653 -1934.403796 -1934.356326 -1934.348266 -1934.347386 -1934.347670 -1934.348067 -1934.348410 -1934.348683 -1934.348900 -1934.349076 -1934.349222 -1934.349346 -1934.349456 -1934.349560 -1934.349663 -1934.349777 -1934.349915 -1934.350096 -1934.350349 -1934.350722 -1934.351291 -1934.352187 -1934.353633 -1934.356028 -1934.360109 -1934.367280 -1934.380286 -1934.404635 -1934.451648 -1934.545488 -1934.740691 -1935.169533 -1936.180245 -1938.782966 -1946.285132 -1971.066777 -9999.0 -9999.0
-9999.0 -9999.0 373.303559 274.861274 175.845914 76.602388 -22.732012 -122.102081 -221.483881 -320.861443 -420.218789 -519.530760 -618.746682 -717.771896 -816.815971 -915.817228 -1014.741006 -1113.587699 -1211.703977 -1308.856017 -1404.124276 -1495.779976 -1581.241433 -1657.722546 -1723.172205 -1776.823431 -1819.155971 -1851.498212 -1875.563002 -1893.090566 -1905.640562 -1914.505386 -1920.700334 -1924.993289 -1927.949645 -1929.980466 -1931.395528 -1932.494874 -1933.809005 -1936.448286 -1938.655378 -1895.111158 -1254.072909 -1316.474426 -1293.240323 -1277.661520 -1270.424771 -1269.349154 -1269.234203 -1269.243842 -1269.271184 -1269.300676 -1269.329028 -1269.355288 -1269.379729 -1269.408770 -1269.502745 -1270.138482 -1273.955992 -1282.449202 -1292.029582 -1216.108927 -1863.581759 -1931.921678 -1935.218307 -1934.627653 -1934.403796 -1934.356326 -1934.348266 -1934.347386 -1934.347670 -1934.348067 -1934.348410 -1934.348683 -1934.348900 -1934.349076 -1934.349222 -1934.349346 -1934.349456 -1934.349560 -1934.349663 -1934.349777 -1934.349915 -1934.350096 -1934.350349 -1934.350722 -1934.351291 -1934.352187 -1934.353633 -1934.356028 -1934.360109 -1934.367280 -1934.380286 -1934.404635 -1934.451648 -1934.545488 -1934.740691 -1935.169533 -1936.180245 -1938.782966 -1946.285132 -1971.066777 -9999.0 -9999.0
-9999.0 -9999.0 373.297136 274.859644 175.845475 76.602257 -22.732054 -122.102096 -221.483886 -320.861445 -420.218790 -519.530761 -618.746682 -717.771896 -816.815971 -915.817228 -1014.741006 -1113.587699 -1211.703977 -1308.856016 -1404.124276 -1495.779975 -1581.241432 -1657.722546 -1723.172205 -1776.823431 -1819.155971 -1851.498211 -1875.563002 -1893.090566 -1905.640562 -1914.505386 -1920.700334 -1924.993289 -1927.949645 -1929.980466 -1931.395528 -1932.494874 -1933.809005 -1936.448286 -1938.655378 -1895.111158 -1254.072909 -1316.474426 -1293.240324 -1277.661520 -1270.424771 -1269.349154 -1269.234203 -1269.243842 -1269.271184 -1269.300676 -1269.329028 -1269.355288 -1269.379729 -1269.408770 -1269.502745 -1270.138482 -1273.955992 -1282.449202 -1292.029582 -1216.108927 -1863.581759 -1931.921678 -1935.218307 -1934.627653 -1934.403796 -1934.356326 -1934.348266 -1934.347386 -1934.347670 -1934.348068 -1934.348410 -1934.348683 -1934.348900 -1934.349076 -1934.349222 -1934.349346 -1934.349456 -1934.349560 -1934.349663 -1934.349777 -1934.349915 -1934.350096 -1934.350349 -1934.350722 -1934.351291 -1934.352187 -1934.353633 -1934.356028 -1934.360109 -1934.367280 -1934.380286 -1934.404635 -1934.451648 -1934.545489 -1934.740691 -1935.169533 -1936.180245 -1938.782966 -1946.285132 -1971.066777 -9999.0 -9999.0
-9999.0 -9999.0 -9999.0 -9999.0 -9999.0 -9999.0 -9999.0 -9999.0 -9999.0 -9999.0 -9999.0 -9999.0 -9999.0 -9999.0 -9999.0 -9999.0 -9999.0 -9999.0 -9999.0 -9999.0 -9999.0 -9999.0 -9999.0 -9999.0 -9999.0 -9999.0 -9999.0 -9999.0 -9999.0 -9999.0 -9999.0 -9999.0 -9999.0 -9999.0 -9999.0 -9999.0 -9999.0 -9999.0 -9999.0 -9999.0 -9999.0 -9999.0 -9999.0 -9999.0 -9999.0 -9999.0 -9999.0 -9999.0 -9999.0 -9999.0 -9999.0 -9999.0 -9999.0 -9999.0 -9999.0 -9999.0 -9999.0 -9999.0 -9999.0 -9999.0 -9999.0 -9999.0 -9999.0 -9999.0 -9999.0 -9999.0 -9999.0 -9999.0 -9999.0 -9999.0 -9999.0 -9999.0 -9999.0 -9999.0 -9999.0 -9999.0 -9999.0 -9999.0 -9999.0 -9999.0 -9999.0 -9999.0 -9999.0 -9999.0 -9999.0 -9999.0 -9999.0 -9999.0 -9999.0 -9999.0 -9999.0 -9999.0 -9999.0 -9999.0 -9999.0 -9999.0 -9999.0 -9999.0 -9999.0 -9999.0 -9999.0 -9999.0 -9999.0 -9999.0
-9999.0 -9999.0 -9999.0 -9999.0 -9999.0 -9999.0 -9999.0 -9999.0 -9999.0 -9999.0 -9999.0 -9999.0 -9999.0 -9999.0 -9999.0 -9999.0 -9999.0 -9999.0 -9999.0 -9999.0 -9999.0 -9999.0 -9999.0 -9999.0 -9999.0 -9999.0 -9999.0 -9999.0 -9999.0 -9999.0 -9999.0 -9999.0 -9999.0 -9999.0 -9999.0 -9999.0 -9999.0 -9999.0 -9999.0 -9999.0 -9999.0 -9999.0 -9999.0 -9999.0 -9999.0 -9999.0 -9999.0 -9999.0 -9999.0 -9999.0 -9999.0 -9999.0 -9999.0 -9999.0 -9999.0 -9999.0 -9999.0 -9999.0 -9999.0 -9999.0 -9999.0 -9999.0 -9999.0 -9999.0 -9999.0 -9999.0 -9999.0 -9999.0 -9999.0 -9999.0 -9999.0 -9999.0 -9999.0 -9999.0 -9999.0 -9999.0 -9999.0 -9999.0 -9999.0 -9999.0 -9999.0 -9999.0 -9999.0 -9999.0 -9999.0 -9999.0 -9999.0 -9999.0 -9999.0 -9999.0 -9999.0 -9999.0 -9999.0 -9999.0 -9999.0 -9999.0 -9999.0 -9999.0 -9999.0 -9999.0 -9999.0 -9999.0 -9999.0 -9999.0