inst/processing_geotop_simulation/geotop_simulation/out/maps3D/PwL0005N0171.asc
ncols         104
nrows         10
xllcorner     -2.000000
yllcorner     0.000000
cellsize      1.000000
NODATA_value  -9999.0
-9999.0 -9999.0 -9999.0 -9999.0 -9999.0 -9999.0 -9999.0 -9999.0 -9999.0 -9999.0 -9999.0 -9999.0 -9999.0 -9999.0 -9999.0 -9999.0 -9999.0 -9999.0 -9999.0 -9999.0 -9999.0 -9999.0 -9999.0 -9999.0 -9999.0 -9999.0 -9999.0 -9999.0 -9999.0 -9999.0 -9999.0 -9999.0 -9999.0 -9999.0 -9999.0 -9999.0 -9999.0 -9999.0 -9999.0 -9999.0 -9999.0 -9999.0 -9999.0 -9999.0 -9999.0 -9999.0 -9999.0 -9999.0 -9999.0 -9999.0 -9999.0 -9999.0 -9999.0 -9999.0 -9999.0 -9999.0 -9999.0 -9999.0 -9999.0 -9999.0 -9999.0 -9999.0 -9999.0 -9999.0 -9999.0 -9999.0 -9999.0 -9999.0 -9999.0 -9999.0 -9999.0 -9999.0 -9999.0 -9999.0 -9999.0 -9999.0 -9999.0 -9999.0 -9999.0 -9999.0 -9999.0 -9999.0 -9999.0 -9999.0 -9999.0 -9999.0 -9999.0 -9999.0 -9999.0 -9999.0 -9999.0 -9999.0 -9999.0 -9999.0 -9999.0 -9999.0 -9999.0 -9999.0 -9999.0 -9999.0 -9999.0 -9999.0 -9999.0 -9999.0
-9999.0 -9999.0 -9999.0 -9999.0 -9999.0 -9999.0 -9999.0 -9999.0 -9999.0 -9999.0 -9999.0 -9999.0 -9999.0 -9999.0 -9999.0 -9999.0 -9999.0 -9999.0 -9999.0 -9999.0 -9999.0 -9999.0 -9999.0 -9999.0 -9999.0 -9999.0 -9999.0 -9999.0 -9999.0 -9999.0 -9999.0 -9999.0 -9999.0 -9999.0 -9999.0 -9999.0 -9999.0 -9999.0 -9999.0 -9999.0 -9999.0 -9999.0 -9999.0 -9999.0 -9999.0 -9999.0 -9999.0 -9999.0 -9999.0 -9999.0 -9999.0 -9999.0 -9999.0 -9999.0 -9999.0 -9999.0 -9999.0 -9999.0 -9999.0 -9999.0 -9999.0 -9999.0 -9999.0 -9999.0 -9999.0 -9999.0 -9999.0 -9999.0 -9999.0 -9999.0 -9999.0 -9999.0 -9999.0 -9999.0 -9999.0 -9999.0 -9999.0 -9999.0 -9999.0 -9999.0 -9999.0 -9999.0 -9999.0 -9999.0 -9999.0 -9999.0 -9999.0 -9999.0 -9999.0 -9999.0 -9999.0 -9999.0 -9999.0 -9999.0 -9999.0 -9999.0 -9999.0 -9999.0 -9999.0 -9999.0 -9999.0 -9999.0 -9999.0 -9999.0
-9999.0 -9999.0 231.743866 141.426861 46.831601 -49.088341 -145.517837 -242.145633 -338.788040 -435.314119 -531.524761 -626.931331 -721.323832 -815.218755 -908.950458 -1002.967108 -1096.272649 -1188.232563 -1278.833374 -1361.486633 -1428.124782 -1477.274504 -1511.198370 -1533.680706 -1548.334371 -1557.907952 -1564.246427 -1568.504354 -1571.389686 -1573.347247 -1574.670151 -1575.558525 -1576.151160 -1576.544070 -1576.803139 -1576.974947 -1577.099117 -1577.231085 -1577.561957 -1579.222421 -1587.250888 -1599.385922 -1053.987398 -1068.690303 -1050.926639 -1039.818686 -1034.642239 -1033.919603 -1033.845743 -1033.855610 -1033.877856 -1033.901617 -1033.924431 -1033.945545 -1033.965046 -1033.986847 -1034.049150 -1034.471143 -1037.188913 -1043.331660 -1052.820182 -1025.984274 -1576.626393 -1582.574878 -1578.384196 -1577.540150 -1577.408980 -1577.388675 -1577.386259 -1577.386938 -1577.387997 -1577.388913 -1577.389625 -1577.390165 -1577.390578 -1577.390897 -1577.391150 -1577.391354 -1577.391523 -1577.391673 -1577.391819 -1577.391982 -1577.392185 -1577.392468 -1577.392886 -1577.393528 -1577.394539 -1577.396154 -1577.398774 -1577.403097 -1577.410380 -1577.422966 -1577.445355 -1577.486394 -1577.563713 -1577.712834 -1578.006780 -1578.602824 -1579.867267 -1582.737140 -1589.931880 -1611.724585 -9999.0 -9999.0
-9999.0 -9999.0 231.753877 141.429049 46.832166 -49.088176 -145.517784 -242.145615 -338.788034 -435.314117 -531.524760 -626.931331 -721.323832 -815.218755 -908.950458 -1002.967108 -1096.272649 -1188.232563 -1278.833374 -1361.486633 -1428.124783 -1477.274504 -1511.198370 -1533.680706 -1548.334371 -1557.907952 -1564.246427 -1568.504354 -1571.389686 -1573.347247 -1574.670151 -1575.558525 -1576.151160 -1576.544070 -1576.803139 -1576.974947 -1577.099117 -1577.231085 -1577.561957 -1579.222421 -1587.250888 -1599.385922 -1053.987398 -1068.690303 -1050.926639 -1039.818686 -1034.642239 -1033.919603 -1033.845743 -1033.855610 -1033.877856 -1033.901617 -1033.924431 -1033.945545 -1033.965046 -1033.986847 -1034.049150 -1034.471143 -1037.188913 -1043.331660 -1052.820182 -1025.984274 -1576.626393 -1582.574878 -1578.384196 -1577.540150 -1577.408980 -1577.388675 -1577.386259 -1577.386938 -1577.387997 -1577.388913 -1577.389625 -1577.390165 -1577.390578 -1577.390897 -1577.391150 -1577.391354 -1577.391523 -1577.391673 -1577.391819 -1577.391982 -1577.392185 -1577.392468 -1577.392886 -1577.393528 -1577.394539 -1577.396154 -1577.398774 -1577.403097 -1577.410380 -1577.422966 -1577.445355 -1577.486394 -1577.563713 -1577.712834 -1578.006780 -1578.602824 -1579.867267 -1582.737140 -1589.931880 -1611.724585 -9999.0 -9999.0
-9999.0 -9999.0 231.755451 141.429947 46.832524 -49.088046 -145.517738 -242.145599 -338.788028 -435.314115 -531.524760 -626.931331 -721.323832 -815.218756 -908.950458 -1002.967108 -1096.272649 -1188.232563 -1278.833374 -1361.486633 -1428.124783 -1477.274504 -1511.198370 -1533.680706 -1548.334371 -1557.907952 -1564.246427 -1568.504354 -1571.389686 -1573.347247 -1574.670151 -1575.558525 -1576.151160 -1576.544070 -1576.803139 -1576.974947 -1577.099117 -1577.231085 -1577.561957 -1579.222421 -1587.250888 -1599.385922 -1053.987398 -1068.690303 -1050.926639 -1039.818686 -1034.642239 -1033.919603 -1033.845743 -1033.855610 -1033.877856 -1033.901617 -1033.924431 -1033.945545 -1033.965046 -1033.986847 -1034.049150 -1034.471143 -1037.188913 -1043.331660 -1052.820182 -1025.984274 -1576.626393 -1582.574878 -1578.384196 -1577.540150 -1577.408980 -1577.388675 -1577.386259 -1577.386938 -1577.387997 -1577.388913 -1577.389625 -1577.390165 -1577.390578 -1577.390897 -1577.391150 -1577.391354 -1577.391523 -1577.391673 -1577.391819 -1577.391982 -1577.392185 -1577.392468 -1577.392886 -1577.393528 -1577.394539 -1577.396154 -1577.398774 -1577.403097 -1577.410380 -1577.422966 -1577.445355 -1577.486394 -1577.563713 -1577.712834 -1578.006780 -1578.602824 -1579.867267 -1582.737140 -1589.931880 -1611.724585 -9999.0 -9999.0
-9999.0 -9999.0 231.755451 141.429947 46.832524 -49.088046 -145.517738 -242.145599 -338.788028 -435.314115 -531.524760 -626.931331 -721.323832 -815.218755 -908.950458 -1002.967108 -1096.272649 -1188.232563 -1278.833374 -1361.486633 -1428.124783 -1477.274504 -1511.198370 -1533.680706 -1548.334371 -1557.907952 -1564.246427 -1568.504354 -1571.389686 -1573.347247 -1574.670151 -1575.558525 -1576.151160 -1576.544070 -1576.803139 -1576.974947 -1577.099117 -1577.231085 -1577.561957 -1579.222421 -1587.250888 -1599.385922 -1053.987398 -1068.690303 -1050.926639 -1039.818686 -1034.642239 -1033.919603 -1033.845743 -1033.855610 -1033.877856 -1033.901617 -1033.924431 -1033.945545 -1033.965046 -1033.986847 -1034.049150 -1034.471143 -1037.188913 -1043.331660 -1052.820182 -1025.984274 -1576.626393 -1582.574878 -1578.384196 -1577.540150 -1577.408980 -1577.388675 -1577.386259 -1577.386938 -1577.387997 -1577.388913 -1577.389625 -1577.390165 -1577.390578 -1577.390897 -1577.391150 -1577.391354 -1577.391523 -1577.391673 -1577.391819 -1577.391982 -1577.392185 -1577.392468 -1577.392886 -1577.393528 -1577.394539 -1577.396154 -1577.398774 -1577.403097 -1577.410380 -1577.422966 -1577.445355 -1577.486394 -1577.563713 -1577.712834 -1578.006780 -1578.602824 -1579.867267 -1582.737140 -1589.931880 -1611.724585 -9999.0 -9999.0
-9999.0 -9999.0 231.753877 141.429049 46.832166 -49.088176 -145.517784 -242.145615 -338.788034 -435.314117 -531.524760 -626.931331 -721.323832 -815.218755 -908.950458 -1002.967108 -1096.272649 -1188.232563 -1278.833374 -1361.486633 -1428.124783 -1477.274504 -1511.198370 -1533.680706 -1548.334371 -1557.907952 -1564.246427 -1568.504354 -1571.389686 -1573.347247 -1574.670151 -1575.558525 -1576.151160 -1576.544070 -1576.803139 -1576.974947 -1577.099117 -1577.231085 -1577.561957 -1579.222421 -1587.250888 -1599.385922 -1053.987398 -1068.690303 -1050.926639 -1039.818686 -1034.642239 -1033.919603 -1033.845743 -1033.855610 -1033.877856 -1033.901617 -1033.924431 -1033.945545 -1033.965046 -1033.986847 -1034.049150 -1034.471143 -1037.188913 -1043.331660 -1052.820182 -1025.984274 -1576.626393 -1582.574878 -1578.384196 -1577.540150 -1577.408980 -1577.388675 -1577.386259 -1577.386938 -1577.387997 -1577.388913 -1577.389625 -1577.390165 -1577.390578 -1577.390897 -1577.391150 -1577.391354 -1577.391523 -1577.391673 -1577.391819 -1577.391982 -1577.392185 -1577.392468 -1577.392886 -1577.393528 -1577.394539 -1577.396154 -1577.398774 -1577.403097 -1577.410380 -1577.422966 -1577.445355 -1577.486394 -1577.563713 -1577.712834 -1578.006780 -1578.602824 -1579.867267 -1582.737140 -1589.931880 -1611.724585 -9999.0 -9999.0
-9999.0 -9999.0 231.743866 141.426861 46.831601 -49.088341 -145.517837 -242.145633 -338.788040 -435.314119 -531.524761 -626.931331 -721.323832 -815.218755 -908.950458 -1002.967108 -1096.272649 -1188.232563 -1278.833374 -1361.486633 -1428.124782 -1477.274504 -1511.198370 -1533.680706 -1548.334371 -1557.907952 -1564.246427 -1568.504354 -1571.389686 -1573.347247 -1574.670151 -1575.558525 -1576.151160 -1576.544070 -1576.803139 -1576.974947 -1577.099117 -1577.231085 -1577.561957 -1579.222421 -1587.250888 -1599.385922 -1053.987398 -1068.690303 -1050.926639 -1039.818686 -1034.642239 -1033.919603 -1033.845743 -1033.855610 -1033.877856 -1033.901617 -1033.924431 -1033.945545 -1033.965046 -1033.986847 -1034.049150 -1034.471143 -1037.188913 -1043.331660 -1052.820182 -1025.984274 -1576.626393 -1582.574878 -1578.384196 -1577.540150 -1577.408980 -1577.388675 -1577.386259 -1577.386938 -1577.387997 -1577.388913 -1577.389625 -1577.390165 -1577.390578 -1577.390897 -1577.391150 -1577.391354 -1577.391523 -1577.391673 -1577.391819 -1577.391982 -1577.392185 -1577.392468 -1577.392886 -1577.393528 -1577.394539 -1577.396154 -1577.398774 -1577.403097 -1577.410380 -1577.422966 -1577.445355 -1577.486394 -1577.563713 -1577.712834 -1578.006780 -1578.602824 -1579.867267 -1582.737140 -1589.931880 -1611.724585 -9999.0 -9999.0
-9999.0 -9999.0 -9999.0 -9999.0 -9999.0 -9999.0 -9999.0 -9999.0 -9999.0 -9999.0 -9999.0 -9999.0 -9999.0 -9999.0 -9999.0 -9999.0 -9999.0 -9999.0 -9999.0 -9999.0 -9999.0 -9999.0 -9999.0 -9999.0 -9999.0 -9999.0 -9999.0 -9999.0 -9999.0 -9999.0 -9999.0 -9999.0 -9999.0 -9999.0 -9999.0 -9999.0 -9999.0 -9999.0 -9999.0 -9999.0 -9999.0 -9999.0 -9999.0 -9999.0 -9999.0 -9999.0 -9999.0 -9999.0 -9999.0 -9999.0 -9999.0 -9999.0 -9999.0 -9999.0 -9999.0 -9999.0 -9999.0 -9999.0 -9999.0 -9999.0 -9999.0 -9999.0 -9999.0 -9999.0 -9999.0 -9999.0 -9999.0 -9999.0 -9999.0 -9999.0 -9999.0 -9999.0 -9999.0 -9999.0 -9999.0 -9999.0 -9999.0 -9999.0 -9999.0 -9999.0 -9999.0 -9999.0 -9999.0 -9999.0 -9999.0 -9999.0 -9999.0 -9999.0 -9999.0 -9999.0 -9999.0 -9999.0 -9999.0 -9999.0 -9999.0 -9999.0 -9999.0 -9999.0 -9999.0 -9999.0 -9999.0 -9999.0 -9999.0 -9999.0
-9999.0 -9999.0 -9999.0 -9999.0 -9999.0 -9999.0 -9999.0 -9999.0 -9999.0 -9999.0 -9999.0 -9999.0 -9999.0 -9999.0 -9999.0 -9999.0 -9999.0 -9999.0 -9999.0 -9999.0 -9999.0 -9999.0 -9999.0 -9999.0 -9999.0 -9999.0 -9999.0 -9999.0 -9999.0 -9999.0 -9999.0 -9999.0 -9999.0 -9999.0 -9999.0 -9999.0 -9999.0 -9999.0 -9999.0 -9999.0 -9999.0 -9999.0 -9999.0 -9999.0 -9999.0 -9999.0 -9999.0 -9999.0 -9999.0 -9999.0 -9999.0 -9999.0 -9999.0 -9999.0 -9999.0 -9999.0 -9999.0 -9999.0 -9999.0 -9999.0 -9999.0 -9999.0 -9999.0 -9999.0 -9999.0 -9999.0 -9999.0 -9999.0 -9999.0 -9999.0 -9999.0 -9999.0 -9999.0 -9999.0 -9999.0 -9999.0 -9999.0 -9999.0 -9999.0 -9999.0 -9999.0 -9999.0 -9999.0 -9999.0 -9999.0 -9999.0 -9999.0 -9999.0 -9999.0 -9999.0 -9999.0 -9999.0 -9999.0 -9999.0 -9999.0 -9999.0 -9999.0 -9999.0 -9999.0 -9999.0 -9999.0 -9999.0 -9999.0 -9999.0