inst/processing_geotop_simulation/geotop_simulation/out/maps3D/PwL0009N0117.asc
ncols         104
nrows         10
xllcorner     -2.000000
yllcorner     0.000000
cellsize      1.000000
NODATA_value  -9999.0
-9999.0 -9999.0 -9999.0 -9999.0 -9999.0 -9999.0 -9999.0 -9999.0 -9999.0 -9999.0 -9999.0 -9999.0 -9999.0 -9999.0 -9999.0 -9999.0 -9999.0 -9999.0 -9999.0 -9999.0 -9999.0 -9999.0 -9999.0 -9999.0 -9999.0 -9999.0 -9999.0 -9999.0 -9999.0 -9999.0 -9999.0 -9999.0 -9999.0 -9999.0 -9999.0 -9999.0 -9999.0 -9999.0 -9999.0 -9999.0 -9999.0 -9999.0 -9999.0 -9999.0 -9999.0 -9999.0 -9999.0 -9999.0 -9999.0 -9999.0 -9999.0 -9999.0 -9999.0 -9999.0 -9999.0 -9999.0 -9999.0 -9999.0 -9999.0 -9999.0 -9999.0 -9999.0 -9999.0 -9999.0 -9999.0 -9999.0 -9999.0 -9999.0 -9999.0 -9999.0 -9999.0 -9999.0 -9999.0 -9999.0 -9999.0 -9999.0 -9999.0 -9999.0 -9999.0 -9999.0 -9999.0 -9999.0 -9999.0 -9999.0 -9999.0 -9999.0 -9999.0 -9999.0 -9999.0 -9999.0 -9999.0 -9999.0 -9999.0 -9999.0 -9999.0 -9999.0 -9999.0 -9999.0 -9999.0 -9999.0 -9999.0 -9999.0 -9999.0 -9999.0
-9999.0 -9999.0 -9999.0 -9999.0 -9999.0 -9999.0 -9999.0 -9999.0 -9999.0 -9999.0 -9999.0 -9999.0 -9999.0 -9999.0 -9999.0 -9999.0 -9999.0 -9999.0 -9999.0 -9999.0 -9999.0 -9999.0 -9999.0 -9999.0 -9999.0 -9999.0 -9999.0 -9999.0 -9999.0 -9999.0 -9999.0 -9999.0 -9999.0 -9999.0 -9999.0 -9999.0 -9999.0 -9999.0 -9999.0 -9999.0 -9999.0 -9999.0 -9999.0 -9999.0 -9999.0 -9999.0 -9999.0 -9999.0 -9999.0 -9999.0 -9999.0 -9999.0 -9999.0 -9999.0 -9999.0 -9999.0 -9999.0 -9999.0 -9999.0 -9999.0 -9999.0 -9999.0 -9999.0 -9999.0 -9999.0 -9999.0 -9999.0 -9999.0 -9999.0 -9999.0 -9999.0 -9999.0 -9999.0 -9999.0 -9999.0 -9999.0 -9999.0 -9999.0 -9999.0 -9999.0 -9999.0 -9999.0 -9999.0 -9999.0 -9999.0 -9999.0 -9999.0 -9999.0 -9999.0 -9999.0 -9999.0 -9999.0 -9999.0 -9999.0 -9999.0 -9999.0 -9999.0 -9999.0 -9999.0 -9999.0 -9999.0 -9999.0 -9999.0 -9999.0
-9999.0 -9999.0 438.660707 351.130123 259.386264 165.803188 71.451489 -23.208382 -117.961958 -212.714820 -307.399632 -402.014038 -497.087580 -594.946977 -697.039748 -795.456616 -892.976391 -987.618753 -1077.230033 -1159.834015 -1216.356821 -1251.140594 -1270.534450 -1280.803824 -1286.333277 -1289.628588 -1291.911899 -1293.685876 -1295.121906 -1296.275212 -1297.177574 -1297.863332 -1298.370925 -1298.738021 -1298.997864 -1299.179638 -1299.315419 -1299.453658 -1299.714814 -1300.997108 -1309.755617 -1362.477676 -1428.083264 -1724.729838 -1604.021317 -1536.596094 -1506.771370 -1503.118594 -1502.755523 -1502.794577 -1502.890358 -1502.992804 -1503.091105 -1503.182046 -1503.266044 -1503.360294 -1503.637317 -1505.635021 -1520.648971 -1555.632758 -1616.444444 -1303.740471 -1338.139980 -1306.054016 -1300.543543 -1299.799818 -1299.690906 -1299.673145 -1299.671474 -1299.672753 -1299.674302 -1299.675594 -1299.676587 -1299.677339 -1299.677911 -1299.678355 -1299.678705 -1299.678987 -1299.679222 -1299.679428 -1299.679627 -1299.679847 -1299.680122 -1299.680501 -1299.681061 -1299.681919 -1299.683267 -1299.685417 -1299.688896 -1299.694615 -1299.704204 -1299.720683 -1299.749827 -1299.802948 -1299.902540 -1300.093663 -1300.467585 -1301.215605 -1302.768797 -1306.194259 -1314.394503 -1337.182789 -9999.0 -9999.0
-9999.0 -9999.0 438.668329 351.132172 259.386828 165.803357 71.451543 -23.208364 -117.961952 -212.714817 -307.399631 -402.014037 -497.087580 -594.946977 -697.039748 -795.456616 -892.976391 -987.618753 -1077.230033 -1159.834015 -1216.356821 -1251.140594 -1270.534450 -1280.803824 -1286.333277 -1289.628588 -1291.911899 -1293.685876 -1295.121906 -1296.275212 -1297.177574 -1297.863332 -1298.370925 -1298.738021 -1298.997864 -1299.179638 -1299.315419 -1299.453658 -1299.714814 -1300.997108 -1309.755617 -1362.477676 -1428.083264 -1724.729838 -1604.021316 -1536.596092 -1506.771370 -1503.118594 -1502.755523 -1502.794577 -1502.890358 -1502.992804 -1503.091105 -1503.182046 -1503.266044 -1503.360294 -1503.637317 -1505.635021 -1520.648970 -1555.632758 -1616.444444 -1303.740471 -1338.139980 -1306.054016 -1300.543543 -1299.799818 -1299.690906 -1299.673145 -1299.671474 -1299.672753 -1299.674302 -1299.675594 -1299.676587 -1299.677339 -1299.677911 -1299.678355 -1299.678705 -1299.678987 -1299.679222 -1299.679428 -1299.679627 -1299.679847 -1299.680122 -1299.680501 -1299.681061 -1299.681919 -1299.683267 -1299.685417 -1299.688896 -1299.694615 -1299.704204 -1299.720683 -1299.749827 -1299.802948 -1299.902540 -1300.093663 -1300.467585 -1301.215605 -1302.768797 -1306.194259 -1314.394503 -1337.182789 -9999.0 -9999.0
-9999.0 -9999.0 438.670016 351.133071 259.387189 165.803490 71.451591 -23.208347 -117.961946 -212.714815 -307.399630 -402.014037 -497.087580 -594.946977 -697.039748 -795.456616 -892.976391 -987.618753 -1077.230033 -1159.834015 -1216.356821 -1251.140594 -1270.534450 -1280.803824 -1286.333277 -1289.628588 -1291.911899 -1293.685876 -1295.121906 -1296.275212 -1297.177574 -1297.863332 -1298.370925 -1298.738021 -1298.997864 -1299.179638 -1299.315419 -1299.453658 -1299.714814 -1300.997108 -1309.755617 -1362.477676 -1428.083264 -1724.729838 -1604.021316 -1536.596091 -1506.771370 -1503.118594 -1502.755523 -1502.794577 -1502.890358 -1502.992804 -1503.091105 -1503.182046 -1503.266044 -1503.360294 -1503.637317 -1505.635021 -1520.648970 -1555.632758 -1616.444444 -1303.740471 -1338.139980 -1306.054016 -1300.543543 -1299.799818 -1299.690906 -1299.673145 -1299.671474 -1299.672753 -1299.674302 -1299.675594 -1299.676587 -1299.677339 -1299.677911 -1299.678355 -1299.678705 -1299.678987 -1299.679222 -1299.679428 -1299.679627 -1299.679847 -1299.680122 -1299.680501 -1299.681061 -1299.681919 -1299.683267 -1299.685417 -1299.688896 -1299.694615 -1299.704204 -1299.720683 -1299.749827 -1299.802948 -1299.902540 -1300.093663 -1300.467585 -1301.215605 -1302.768797 -1306.194259 -1314.394503 -1337.182789 -9999.0 -9999.0
-9999.0 -9999.0 438.670016 351.133071 259.387189 165.803490 71.451591 -23.208347 -117.961946 -212.714815 -307.399630 -402.014037 -497.087580 -594.946977 -697.039748 -795.456616 -892.976391 -987.618753 -1077.230033 -1159.834015 -1216.356821 -1251.140594 -1270.534450 -1280.803824 -1286.333277 -1289.628588 -1291.911899 -1293.685876 -1295.121906 -1296.275212 -1297.177574 -1297.863332 -1298.370925 -1298.738021 -1298.997864 -1299.179638 -1299.315419 -1299.453658 -1299.714814 -1300.997108 -1309.755617 -1362.477676 -1428.083264 -1724.729838 -1604.021316 -1536.596091 -1506.771370 -1503.118594 -1502.755523 -1502.794577 -1502.890358 -1502.992804 -1503.091105 -1503.182046 -1503.266044 -1503.360294 -1503.637317 -1505.635021 -1520.648970 -1555.632758 -1616.444444 -1303.740471 -1338.139980 -1306.054016 -1300.543543 -1299.799818 -1299.690906 -1299.673145 -1299.671474 -1299.672753 -1299.674302 -1299.675594 -1299.676587 -1299.677339 -1299.677911 -1299.678355 -1299.678705 -1299.678987 -1299.679222 -1299.679428 -1299.679627 -1299.679847 -1299.680122 -1299.680501 -1299.681061 -1299.681919 -1299.683267 -1299.685417 -1299.688896 -1299.694615 -1299.704204 -1299.720683 -1299.749827 -1299.802948 -1299.902540 -1300.093663 -1300.467585 -1301.215605 -1302.768797 -1306.194259 -1314.394503 -1337.182789 -9999.0 -9999.0
-9999.0 -9999.0 438.668329 351.132172 259.386828 165.803357 71.451543 -23.208364 -117.961952 -212.714817 -307.399631 -402.014037 -497.087580 -594.946977 -697.039748 -795.456616 -892.976391 -987.618753 -1077.230033 -1159.834015 -1216.356821 -1251.140594 -1270.534450 -1280.803824 -1286.333277 -1289.628588 -1291.911899 -1293.685876 -1295.121906 -1296.275212 -1297.177574 -1297.863332 -1298.370925 -1298.738021 -1298.997864 -1299.179638 -1299.315419 -1299.453658 -1299.714814 -1300.997108 -1309.755617 -1362.477676 -1428.083264 -1724.729838 -1604.021316 -1536.596092 -1506.771370 -1503.118594 -1502.755523 -1502.794577 -1502.890358 -1502.992804 -1503.091105 -1503.182046 -1503.266044 -1503.360294 -1503.637317 -1505.635021 -1520.648970 -1555.632758 -1616.444444 -1303.740471 -1338.139980 -1306.054016 -1300.543543 -1299.799818 -1299.690906 -1299.673145 -1299.671474 -1299.672753 -1299.674302 -1299.675594 -1299.676587 -1299.677339 -1299.677911 -1299.678355 -1299.678705 -1299.678987 -1299.679222 -1299.679428 -1299.679627 -1299.679847 -1299.680122 -1299.680501 -1299.681061 -1299.681919 -1299.683267 -1299.685417 -1299.688896 -1299.694615 -1299.704204 -1299.720683 -1299.749827 -1299.802948 -1299.902540 -1300.093663 -1300.467585 -1301.215605 -1302.768797 -1306.194259 -1314.394503 -1337.182789 -9999.0 -9999.0
-9999.0 -9999.0 438.660707 351.130123 259.386264 165.803188 71.451489 -23.208382 -117.961958 -212.714820 -307.399632 -402.014038 -497.087580 -594.946977 -697.039748 -795.456616 -892.976391 -987.618753 -1077.230033 -1159.834015 -1216.356821 -1251.140594 -1270.534450 -1280.803824 -1286.333277 -1289.628588 -1291.911899 -1293.685876 -1295.121906 -1296.275212 -1297.177574 -1297.863332 -1298.370925 -1298.738021 -1298.997864 -1299.179638 -1299.315419 -1299.453658 -1299.714814 -1300.997108 -1309.755617 -1362.477676 -1428.083264 -1724.729838 -1604.021317 -1536.596094 -1506.771370 -1503.118594 -1502.755523 -1502.794577 -1502.890358 -1502.992804 -1503.091105 -1503.182046 -1503.266044 -1503.360294 -1503.637317 -1505.635021 -1520.648971 -1555.632758 -1616.444444 -1303.740471 -1338.139980 -1306.054016 -1300.543543 -1299.799818 -1299.690906 -1299.673145 -1299.671474 -1299.672753 -1299.674302 -1299.675594 -1299.676587 -1299.677339 -1299.677911 -1299.678355 -1299.678705 -1299.678987 -1299.679222 -1299.679428 -1299.679627 -1299.679847 -1299.680122 -1299.680501 -1299.681061 -1299.681919 -1299.683267 -1299.685417 -1299.688896 -1299.694615 -1299.704204 -1299.720683 -1299.749827 -1299.802948 -1299.902540 -1300.093663 -1300.467585 -1301.215605 -1302.768797 -1306.194259 -1314.394503 -1337.182789 -9999.0 -9999.0
-9999.0 -9999.0 -9999.0 -9999.0 -9999.0 -9999.0 -9999.0 -9999.0 -9999.0 -9999.0 -9999.0 -9999.0 -9999.0 -9999.0 -9999.0 -9999.0 -9999.0 -9999.0 -9999.0 -9999.0 -9999.0 -9999.0 -9999.0 -9999.0 -9999.0 -9999.0 -9999.0 -9999.0 -9999.0 -9999.0 -9999.0 -9999.0 -9999.0 -9999.0 -9999.0 -9999.0 -9999.0 -9999.0 -9999.0 -9999.0 -9999.0 -9999.0 -9999.0 -9999.0 -9999.0 -9999.0 -9999.0 -9999.0 -9999.0 -9999.0 -9999.0 -9999.0 -9999.0 -9999.0 -9999.0 -9999.0 -9999.0 -9999.0 -9999.0 -9999.0 -9999.0 -9999.0 -9999.0 -9999.0 -9999.0 -9999.0 -9999.0 -9999.0 -9999.0 -9999.0 -9999.0 -9999.0 -9999.0 -9999.0 -9999.0 -9999.0 -9999.0 -9999.0 -9999.0 -9999.0 -9999.0 -9999.0 -9999.0 -9999.0 -9999.0 -9999.0 -9999.0 -9999.0 -9999.0 -9999.0 -9999.0 -9999.0 -9999.0 -9999.0 -9999.0 -9999.0 -9999.0 -9999.0 -9999.0 -9999.0 -9999.0 -9999.0 -9999.0 -9999.0
-9999.0 -9999.0 -9999.0 -9999.0 -9999.0 -9999.0 -9999.0 -9999.0 -9999.0 -9999.0 -9999.0 -9999.0 -9999.0 -9999.0 -9999.0 -9999.0 -9999.0 -9999.0 -9999.0 -9999.0 -9999.0 -9999.0 -9999.0 -9999.0 -9999.0 -9999.0 -9999.0 -9999.0 -9999.0 -9999.0 -9999.0 -9999.0 -9999.0 -9999.0 -9999.0 -9999.0 -9999.0 -9999.0 -9999.0 -9999.0 -9999.0 -9999.0 -9999.0 -9999.0 -9999.0 -9999.0 -9999.0 -9999.0 -9999.0 -9999.0 -9999.0 -9999.0 -9999.0 -9999.0 -9999.0 -9999.0 -9999.0 -9999.0 -9999.0 -9999.0 -9999.0 -9999.0 -9999.0 -9999.0 -9999.0 -9999.0 -9999.0 -9999.0 -9999.0 -9999.0 -9999.0 -9999.0 -9999.0 -9999.0 -9999.0 -9999.0 -9999.0 -9999.0 -9999.0 -9999.0 -9999.0 -9999.0 -9999.0 -9999.0 -9999.0 -9999.0 -9999.0 -9999.0 -9999.0 -9999.0 -9999.0 -9999.0 -9999.0 -9999.0 -9999.0 -9999.0 -9999.0 -9999.0 -9999.0 -9999.0 -9999.0 -9999.0 -9999.0 -9999.0