inst/processing_geotop_simulation/geotop_simulation/out/maps3D/PwL0008N0355.asc
ncols         104
nrows         10
xllcorner     -2.000000
yllcorner     0.000000
cellsize      1.000000
NODATA_value  -9999.0
-9999.0 -9999.0 -9999.0 -9999.0 -9999.0 -9999.0 -9999.0 -9999.0 -9999.0 -9999.0 -9999.0 -9999.0 -9999.0 -9999.0 -9999.0 -9999.0 -9999.0 -9999.0 -9999.0 -9999.0 -9999.0 -9999.0 -9999.0 -9999.0 -9999.0 -9999.0 -9999.0 -9999.0 -9999.0 -9999.0 -9999.0 -9999.0 -9999.0 -9999.0 -9999.0 -9999.0 -9999.0 -9999.0 -9999.0 -9999.0 -9999.0 -9999.0 -9999.0 -9999.0 -9999.0 -9999.0 -9999.0 -9999.0 -9999.0 -9999.0 -9999.0 -9999.0 -9999.0 -9999.0 -9999.0 -9999.0 -9999.0 -9999.0 -9999.0 -9999.0 -9999.0 -9999.0 -9999.0 -9999.0 -9999.0 -9999.0 -9999.0 -9999.0 -9999.0 -9999.0 -9999.0 -9999.0 -9999.0 -9999.0 -9999.0 -9999.0 -9999.0 -9999.0 -9999.0 -9999.0 -9999.0 -9999.0 -9999.0 -9999.0 -9999.0 -9999.0 -9999.0 -9999.0 -9999.0 -9999.0 -9999.0 -9999.0 -9999.0 -9999.0 -9999.0 -9999.0 -9999.0 -9999.0 -9999.0 -9999.0 -9999.0 -9999.0 -9999.0 -9999.0
-9999.0 -9999.0 -9999.0 -9999.0 -9999.0 -9999.0 -9999.0 -9999.0 -9999.0 -9999.0 -9999.0 -9999.0 -9999.0 -9999.0 -9999.0 -9999.0 -9999.0 -9999.0 -9999.0 -9999.0 -9999.0 -9999.0 -9999.0 -9999.0 -9999.0 -9999.0 -9999.0 -9999.0 -9999.0 -9999.0 -9999.0 -9999.0 -9999.0 -9999.0 -9999.0 -9999.0 -9999.0 -9999.0 -9999.0 -9999.0 -9999.0 -9999.0 -9999.0 -9999.0 -9999.0 -9999.0 -9999.0 -9999.0 -9999.0 -9999.0 -9999.0 -9999.0 -9999.0 -9999.0 -9999.0 -9999.0 -9999.0 -9999.0 -9999.0 -9999.0 -9999.0 -9999.0 -9999.0 -9999.0 -9999.0 -9999.0 -9999.0 -9999.0 -9999.0 -9999.0 -9999.0 -9999.0 -9999.0 -9999.0 -9999.0 -9999.0 -9999.0 -9999.0 -9999.0 -9999.0 -9999.0 -9999.0 -9999.0 -9999.0 -9999.0 -9999.0 -9999.0 -9999.0 -9999.0 -9999.0 -9999.0 -9999.0 -9999.0 -9999.0 -9999.0 -9999.0 -9999.0 -9999.0 -9999.0 -9999.0 -9999.0 -9999.0 -9999.0 -9999.0
-9999.0 -9999.0 374.045676 276.191814 177.546862 78.587412 -20.497401 -119.631320 -218.781287 -317.923434 -417.033286 -516.068662 -614.940094 -713.475875 -812.044918 -910.544610 -1008.909896 -1107.140600 -1204.033736 -1299.263937 -1391.464398 -1478.268785 -1556.686883 -1624.206140 -1679.657092 -1723.328898 -1756.545765 -1781.110821 -1798.874460 -1811.490928 -1820.323186 -1826.435195 -1830.626196 -1833.479623 -1835.412611 -1836.721153 -1837.625411 -1838.348248 -1839.359212 -1841.991650 -1847.073467 -1821.899270 -1233.648389 -1301.837260 -1275.859379 -1258.898069 -1251.041876 -1249.905230 -1249.785516 -1249.796558 -1249.826247 -1249.858195 -1249.888896 -1249.917325 -1249.943730 -1249.974636 -1250.072151 -1250.737720 -1254.859770 -1264.094893 -1275.565692 -1192.675807 -1791.317127 -1840.172248 -1840.584292 -1839.737374 -1839.515915 -1839.474745 -1839.468327 -1839.467822 -1839.468227 -1839.468688 -1839.469070 -1839.469368 -1839.469600 -1839.469784 -1839.469932 -1839.470055 -1839.470160 -1839.470257 -1839.470353 -1839.470459 -1839.470592 -1839.470771 -1839.471031 -1839.471424 -1839.472037 -1839.473014 -1839.474603 -1839.477244 -1839.481745 -1839.489640 -1839.503917 -1839.530529 -1839.581606 -1839.682645 -1839.890026 -1840.337503 -1841.369274 -1843.960020 -1851.257077 -1875.251395 -9999.0 -9999.0
-9999.0 -9999.0 374.052452 276.193534 177.547326 78.587550 -20.497357 -119.631305 -218.781281 -317.923431 -417.033285 -516.068662 -614.940094 -713.475875 -812.044918 -910.544610 -1008.909896 -1107.140601 -1204.033736 -1299.263937 -1391.464399 -1478.268785 -1556.686883 -1624.206140 -1679.657092 -1723.328898 -1756.545765 -1781.110821 -1798.874460 -1811.490928 -1820.323186 -1826.435195 -1830.626196 -1833.479623 -1835.412611 -1836.721153 -1837.625411 -1838.348248 -1839.359212 -1841.991650 -1847.073467 -1821.899270 -1233.648389 -1301.837260 -1275.859379 -1258.898069 -1251.041876 -1249.905230 -1249.785516 -1249.796558 -1249.826247 -1249.858195 -1249.888896 -1249.917325 -1249.943730 -1249.974636 -1250.072151 -1250.737720 -1254.859770 -1264.094893 -1275.565692 -1192.675807 -1791.317127 -1840.172248 -1840.584292 -1839.737374 -1839.515915 -1839.474745 -1839.468327 -1839.467822 -1839.468227 -1839.468688 -1839.469070 -1839.469368 -1839.469600 -1839.469784 -1839.469932 -1839.470055 -1839.470160 -1839.470257 -1839.470353 -1839.470459 -1839.470592 -1839.470771 -1839.471031 -1839.471424 -1839.472037 -1839.473014 -1839.474603 -1839.477244 -1839.481745 -1839.489640 -1839.503917 -1839.530529 -1839.581606 -1839.682645 -1839.890026 -1840.337503 -1841.369274 -1843.960020 -1851.257077 -1875.251395 -9999.0 -9999.0
-9999.0 -9999.0 374.053843 276.194279 177.547623 78.587659 -20.497318 -119.631291 -218.781276 -317.923429 -417.033284 -516.068662 -614.940093 -713.475875 -812.044918 -910.544610 -1008.909897 -1107.140601 -1204.033736 -1299.263937 -1391.464399 -1478.268785 -1556.686883 -1624.206140 -1679.657092 -1723.328898 -1756.545765 -1781.110821 -1798.874460 -1811.490928 -1820.323186 -1826.435195 -1830.626196 -1833.479623 -1835.412611 -1836.721153 -1837.625411 -1838.348248 -1839.359212 -1841.991650 -1847.073467 -1821.899270 -1233.648389 -1301.837260 -1275.859379 -1258.898068 -1251.041876 -1249.905230 -1249.785516 -1249.796558 -1249.826247 -1249.858195 -1249.888896 -1249.917325 -1249.943730 -1249.974636 -1250.072151 -1250.737720 -1254.859770 -1264.094893 -1275.565692 -1192.675807 -1791.317127 -1840.172248 -1840.584292 -1839.737374 -1839.515915 -1839.474745 -1839.468327 -1839.467822 -1839.468227 -1839.468688 -1839.469070 -1839.469368 -1839.469600 -1839.469784 -1839.469932 -1839.470055 -1839.470160 -1839.470257 -1839.470353 -1839.470459 -1839.470592 -1839.470771 -1839.471031 -1839.471424 -1839.472037 -1839.473014 -1839.474603 -1839.477244 -1839.481745 -1839.489640 -1839.503917 -1839.530529 -1839.581606 -1839.682645 -1839.890026 -1840.337503 -1841.369274 -1843.960020 -1851.257077 -1875.251395 -9999.0 -9999.0
-9999.0 -9999.0 374.053843 276.194279 177.547623 78.587659 -20.497318 -119.631291 -218.781276 -317.923429 -417.033284 -516.068662 -614.940093 -713.475875 -812.044918 -910.544610 -1008.909897 -1107.140601 -1204.033736 -1299.263937 -1391.464399 -1478.268785 -1556.686883 -1624.206140 -1679.657092 -1723.328898 -1756.545765 -1781.110821 -1798.874460 -1811.490928 -1820.323186 -1826.435195 -1830.626196 -1833.479623 -1835.412611 -1836.721153 -1837.625411 -1838.348248 -1839.359212 -1841.991650 -1847.073467 -1821.899270 -1233.648389 -1301.837260 -1275.859379 -1258.898068 -1251.041876 -1249.905230 -1249.785516 -1249.796558 -1249.826247 -1249.858195 -1249.888896 -1249.917325 -1249.943730 -1249.974636 -1250.072151 -1250.737720 -1254.859770 -1264.094893 -1275.565692 -1192.675807 -1791.317127 -1840.172248 -1840.584292 -1839.737374 -1839.515915 -1839.474745 -1839.468327 -1839.467822 -1839.468227 -1839.468688 -1839.469070 -1839.469368 -1839.469600 -1839.469784 -1839.469932 -1839.470055 -1839.470160 -1839.470257 -1839.470353 -1839.470459 -1839.470592 -1839.470771 -1839.471031 -1839.471424 -1839.472037 -1839.473014 -1839.474603 -1839.477244 -1839.481745 -1839.489640 -1839.503917 -1839.530529 -1839.581606 -1839.682645 -1839.890026 -1840.337503 -1841.369274 -1843.960020 -1851.257077 -1875.251395 -9999.0 -9999.0
-9999.0 -9999.0 374.052452 276.193534 177.547326 78.587550 -20.497357 -119.631305 -218.781281 -317.923431 -417.033285 -516.068662 -614.940094 -713.475875 -812.044918 -910.544610 -1008.909896 -1107.140601 -1204.033736 -1299.263937 -1391.464399 -1478.268785 -1556.686883 -1624.206140 -1679.657092 -1723.328898 -1756.545765 -1781.110821 -1798.874460 -1811.490928 -1820.323186 -1826.435195 -1830.626196 -1833.479623 -1835.412611 -1836.721153 -1837.625411 -1838.348248 -1839.359212 -1841.991650 -1847.073467 -1821.899270 -1233.648389 -1301.837260 -1275.859379 -1258.898069 -1251.041876 -1249.905230 -1249.785516 -1249.796558 -1249.826247 -1249.858195 -1249.888896 -1249.917325 -1249.943730 -1249.974636 -1250.072151 -1250.737720 -1254.859770 -1264.094893 -1275.565692 -1192.675807 -1791.317127 -1840.172248 -1840.584292 -1839.737374 -1839.515915 -1839.474745 -1839.468327 -1839.467822 -1839.468227 -1839.468688 -1839.469070 -1839.469368 -1839.469600 -1839.469784 -1839.469932 -1839.470055 -1839.470160 -1839.470257 -1839.470353 -1839.470459 -1839.470592 -1839.470771 -1839.471031 -1839.471424 -1839.472037 -1839.473014 -1839.474603 -1839.477244 -1839.481745 -1839.489640 -1839.503917 -1839.530529 -1839.581606 -1839.682645 -1839.890026 -1840.337503 -1841.369274 -1843.960020 -1851.257077 -1875.251395 -9999.0 -9999.0
-9999.0 -9999.0 374.045676 276.191814 177.546862 78.587412 -20.497401 -119.631320 -218.781287 -317.923434 -417.033286 -516.068663 -614.940094 -713.475875 -812.044918 -910.544610 -1008.909896 -1107.140600 -1204.033736 -1299.263937 -1391.464398 -1478.268785 -1556.686883 -1624.206140 -1679.657092 -1723.328898 -1756.545765 -1781.110821 -1798.874460 -1811.490928 -1820.323186 -1826.435195 -1830.626196 -1833.479623 -1835.412611 -1836.721153 -1837.625411 -1838.348248 -1839.359212 -1841.991650 -1847.073467 -1821.899270 -1233.648389 -1301.837260 -1275.859379 -1258.898069 -1251.041876 -1249.905230 -1249.785516 -1249.796558 -1249.826247 -1249.858195 -1249.888896 -1249.917325 -1249.943730 -1249.974636 -1250.072151 -1250.737720 -1254.859770 -1264.094893 -1275.565692 -1192.675807 -1791.317127 -1840.172248 -1840.584292 -1839.737374 -1839.515915 -1839.474745 -1839.468327 -1839.467822 -1839.468227 -1839.468688 -1839.469070 -1839.469368 -1839.469600 -1839.469784 -1839.469932 -1839.470055 -1839.470160 -1839.470257 -1839.470353 -1839.470459 -1839.470592 -1839.470771 -1839.471031 -1839.471424 -1839.472037 -1839.473014 -1839.474603 -1839.477244 -1839.481745 -1839.489640 -1839.503917 -1839.530529 -1839.581606 -1839.682645 -1839.890026 -1840.337503 -1841.369274 -1843.960020 -1851.257077 -1875.251395 -9999.0 -9999.0
-9999.0 -9999.0 -9999.0 -9999.0 -9999.0 -9999.0 -9999.0 -9999.0 -9999.0 -9999.0 -9999.0 -9999.0 -9999.0 -9999.0 -9999.0 -9999.0 -9999.0 -9999.0 -9999.0 -9999.0 -9999.0 -9999.0 -9999.0 -9999.0 -9999.0 -9999.0 -9999.0 -9999.0 -9999.0 -9999.0 -9999.0 -9999.0 -9999.0 -9999.0 -9999.0 -9999.0 -9999.0 -9999.0 -9999.0 -9999.0 -9999.0 -9999.0 -9999.0 -9999.0 -9999.0 -9999.0 -9999.0 -9999.0 -9999.0 -9999.0 -9999.0 -9999.0 -9999.0 -9999.0 -9999.0 -9999.0 -9999.0 -9999.0 -9999.0 -9999.0 -9999.0 -9999.0 -9999.0 -9999.0 -9999.0 -9999.0 -9999.0 -9999.0 -9999.0 -9999.0 -9999.0 -9999.0 -9999.0 -9999.0 -9999.0 -9999.0 -9999.0 -9999.0 -9999.0 -9999.0 -9999.0 -9999.0 -9999.0 -9999.0 -9999.0 -9999.0 -9999.0 -9999.0 -9999.0 -9999.0 -9999.0 -9999.0 -9999.0 -9999.0 -9999.0 -9999.0 -9999.0 -9999.0 -9999.0 -9999.0 -9999.0 -9999.0 -9999.0 -9999.0
-9999.0 -9999.0 -9999.0 -9999.0 -9999.0 -9999.0 -9999.0 -9999.0 -9999.0 -9999.0 -9999.0 -9999.0 -9999.0 -9999.0 -9999.0 -9999.0 -9999.0 -9999.0 -9999.0 -9999.0 -9999.0 -9999.0 -9999.0 -9999.0 -9999.0 -9999.0 -9999.0 -9999.0 -9999.0 -9999.0 -9999.0 -9999.0 -9999.0 -9999.0 -9999.0 -9999.0 -9999.0 -9999.0 -9999.0 -9999.0 -9999.0 -9999.0 -9999.0 -9999.0 -9999.0 -9999.0 -9999.0 -9999.0 -9999.0 -9999.0 -9999.0 -9999.0 -9999.0 -9999.0 -9999.0 -9999.0 -9999.0 -9999.0 -9999.0 -9999.0 -9999.0 -9999.0 -9999.0 -9999.0 -9999.0 -9999.0 -9999.0 -9999.0 -9999.0 -9999.0 -9999.0 -9999.0 -9999.0 -9999.0 -9999.0 -9999.0 -9999.0 -9999.0 -9999.0 -9999.0 -9999.0 -9999.0 -9999.0 -9999.0 -9999.0 -9999.0 -9999.0 -9999.0 -9999.0 -9999.0 -9999.0 -9999.0 -9999.0 -9999.0 -9999.0 -9999.0 -9999.0 -9999.0 -9999.0 -9999.0 -9999.0 -9999.0 -9999.0 -9999.0