inst/processing_geotop_simulation/geotop_simulation/out/maps3D/PwL0011N0389.asc
ncols         104
nrows         10
xllcorner     -2.000000
yllcorner     0.000000
cellsize      1.000000
NODATA_value  -9999.0
-9999.0 -9999.0 -9999.0 -9999.0 -9999.0 -9999.0 -9999.0 -9999.0 -9999.0 -9999.0 -9999.0 -9999.0 -9999.0 -9999.0 -9999.0 -9999.0 -9999.0 -9999.0 -9999.0 -9999.0 -9999.0 -9999.0 -9999.0 -9999.0 -9999.0 -9999.0 -9999.0 -9999.0 -9999.0 -9999.0 -9999.0 -9999.0 -9999.0 -9999.0 -9999.0 -9999.0 -9999.0 -9999.0 -9999.0 -9999.0 -9999.0 -9999.0 -9999.0 -9999.0 -9999.0 -9999.0 -9999.0 -9999.0 -9999.0 -9999.0 -9999.0 -9999.0 -9999.0 -9999.0 -9999.0 -9999.0 -9999.0 -9999.0 -9999.0 -9999.0 -9999.0 -9999.0 -9999.0 -9999.0 -9999.0 -9999.0 -9999.0 -9999.0 -9999.0 -9999.0 -9999.0 -9999.0 -9999.0 -9999.0 -9999.0 -9999.0 -9999.0 -9999.0 -9999.0 -9999.0 -9999.0 -9999.0 -9999.0 -9999.0 -9999.0 -9999.0 -9999.0 -9999.0 -9999.0 -9999.0 -9999.0 -9999.0 -9999.0 -9999.0 -9999.0 -9999.0 -9999.0 -9999.0 -9999.0 -9999.0 -9999.0 -9999.0 -9999.0 -9999.0
-9999.0 -9999.0 -9999.0 -9999.0 -9999.0 -9999.0 -9999.0 -9999.0 -9999.0 -9999.0 -9999.0 -9999.0 -9999.0 -9999.0 -9999.0 -9999.0 -9999.0 -9999.0 -9999.0 -9999.0 -9999.0 -9999.0 -9999.0 -9999.0 -9999.0 -9999.0 -9999.0 -9999.0 -9999.0 -9999.0 -9999.0 -9999.0 -9999.0 -9999.0 -9999.0 -9999.0 -9999.0 -9999.0 -9999.0 -9999.0 -9999.0 -9999.0 -9999.0 -9999.0 -9999.0 -9999.0 -9999.0 -9999.0 -9999.0 -9999.0 -9999.0 -9999.0 -9999.0 -9999.0 -9999.0 -9999.0 -9999.0 -9999.0 -9999.0 -9999.0 -9999.0 -9999.0 -9999.0 -9999.0 -9999.0 -9999.0 -9999.0 -9999.0 -9999.0 -9999.0 -9999.0 -9999.0 -9999.0 -9999.0 -9999.0 -9999.0 -9999.0 -9999.0 -9999.0 -9999.0 -9999.0 -9999.0 -9999.0 -9999.0 -9999.0 -9999.0 -9999.0 -9999.0 -9999.0 -9999.0 -9999.0 -9999.0 -9999.0 -9999.0 -9999.0 -9999.0 -9999.0 -9999.0 -9999.0 -9999.0 -9999.0 -9999.0 -9999.0 -9999.0
-9999.0 -9999.0 522.491598 424.062891 325.173820 226.050651 126.826267 27.560056 -71.716641 -170.991181 -270.253344 -369.485793 -468.658027 -567.706505 -666.541637 -765.271496 -864.013389 -962.613891 -1061.045922 -1158.685822 -1254.282014 -1346.625007 -1433.357974 -1511.843153 -1579.960576 -1636.659635 -1682.059267 -1717.192340 -1743.606070 -1762.996282 -1776.958080 -1786.857147 -1793.790594 -1798.600847 -1801.914368 -1804.189012 -1805.768501 -1806.976881 -1808.381432 -1811.372556 -1816.892251 -1803.265270 -1398.642014 -1682.515065 -1614.608775 -1571.013157 -1551.373458 -1548.676008 -1548.397098 -1548.423581 -1548.493380 -1548.568382 -1548.640429 -1548.707129 -1548.768988 -1548.840589 -1549.062947 -1550.609162 -1560.751062 -1583.914591 -1609.836061 -1319.260963 -1767.290759 -1809.360090 -1810.180689 -1809.364813 -1809.126577 -1809.079385 -1809.071648 -1809.070872 -1809.071202 -1809.071630 -1809.071995 -1809.072286 -1809.072517 -1809.072704 -1809.072859 -1809.072992 -1809.073109 -1809.073219 -1809.073329 -1809.073450 -1809.073596 -1809.073786 -1809.074053 -1809.074446 -1809.075046 -1809.075988 -1809.077507 -1809.080021 -1809.084299 -1809.091806 -1809.105406 -1809.130834 -1809.179870 -1809.277601 -1809.480478 -1809.924868 -1810.967059 -1813.627394 -1821.201076 -1845.960091 -9999.0 -9999.0
-9999.0 -9999.0 522.496859 424.064412 325.174251 226.050782 126.826309 27.560070 -71.716636 -170.991178 -270.253343 -369.485793 -468.658026 -567.706505 -666.541637 -765.271496 -864.013389 -962.613892 -1061.045922 -1158.685823 -1254.282014 -1346.625007 -1433.357974 -1511.843154 -1579.960576 -1636.659635 -1682.059267 -1717.192341 -1743.606070 -1762.996282 -1776.958080 -1786.857147 -1793.790594 -1798.600847 -1801.914368 -1804.189012 -1805.768501 -1806.976881 -1808.381432 -1811.372556 -1816.892251 -1803.265270 -1398.642014 -1682.515064 -1614.608774 -1571.013156 -1551.373458 -1548.676008 -1548.397098 -1548.423581 -1548.493380 -1548.568382 -1548.640429 -1548.707129 -1548.768988 -1548.840589 -1549.062947 -1550.609162 -1560.751062 -1583.914590 -1609.836061 -1319.260963 -1767.290759 -1809.360090 -1810.180689 -1809.364813 -1809.126577 -1809.079385 -1809.071648 -1809.070872 -1809.071202 -1809.071630 -1809.071995 -1809.072286 -1809.072517 -1809.072704 -1809.072859 -1809.072992 -1809.073109 -1809.073219 -1809.073329 -1809.073450 -1809.073596 -1809.073786 -1809.074053 -1809.074446 -1809.075046 -1809.075988 -1809.077507 -1809.080021 -1809.084299 -1809.091806 -1809.105406 -1809.130834 -1809.179870 -1809.277601 -1809.480478 -1809.924868 -1810.967059 -1813.627394 -1821.201076 -1845.960091 -9999.0 -9999.0
-9999.0 -9999.0 522.498189 424.065109 325.174532 226.050886 126.826347 27.560084 -71.716631 -170.991176 -270.253342 -369.485792 -468.658026 -567.706505 -666.541637 -765.271496 -864.013389 -962.613892 -1061.045922 -1158.685823 -1254.282014 -1346.625007 -1433.357974 -1511.843154 -1579.960576 -1636.659635 -1682.059267 -1717.192341 -1743.606070 -1762.996282 -1776.958080 -1786.857147 -1793.790594 -1798.600847 -1801.914368 -1804.189012 -1805.768501 -1806.976881 -1808.381432 -1811.372556 -1816.892251 -1803.265270 -1398.642014 -1682.515064 -1614.608774 -1571.013155 -1551.373458 -1548.676008 -1548.397098 -1548.423581 -1548.493380 -1548.568382 -1548.640429 -1548.707129 -1548.768988 -1548.840589 -1549.062947 -1550.609162 -1560.751062 -1583.914590 -1609.836061 -1319.260963 -1767.290759 -1809.360090 -1810.180689 -1809.364813 -1809.126577 -1809.079385 -1809.071648 -1809.070872 -1809.071202 -1809.071630 -1809.071995 -1809.072286 -1809.072517 -1809.072704 -1809.072859 -1809.072992 -1809.073109 -1809.073219 -1809.073329 -1809.073450 -1809.073596 -1809.073786 -1809.074053 -1809.074446 -1809.075046 -1809.075988 -1809.077507 -1809.080021 -1809.084299 -1809.091806 -1809.105406 -1809.130834 -1809.179870 -1809.277601 -1809.480478 -1809.924868 -1810.967059 -1813.627394 -1821.201076 -1845.960091 -9999.0 -9999.0
-9999.0 -9999.0 522.498189 424.065109 325.174532 226.050886 126.826347 27.560084 -71.716631 -170.991177 -270.253342 -369.485792 -468.658026 -567.706505 -666.541637 -765.271496 -864.013389 -962.613892 -1061.045922 -1158.685823 -1254.282014 -1346.625008 -1433.357974 -1511.843154 -1579.960576 -1636.659635 -1682.059267 -1717.192341 -1743.606070 -1762.996282 -1776.958080 -1786.857147 -1793.790594 -1798.600847 -1801.914368 -1804.189012 -1805.768501 -1806.976881 -1808.381432 -1811.372556 -1816.892251 -1803.265270 -1398.642014 -1682.515064 -1614.608774 -1571.013155 -1551.373458 -1548.676008 -1548.397098 -1548.423581 -1548.493380 -1548.568382 -1548.640429 -1548.707129 -1548.768988 -1548.840589 -1549.062947 -1550.609162 -1560.751062 -1583.914590 -1609.836061 -1319.260963 -1767.290759 -1809.360090 -1810.180689 -1809.364813 -1809.126577 -1809.079385 -1809.071648 -1809.070872 -1809.071202 -1809.071630 -1809.071995 -1809.072286 -1809.072517 -1809.072704 -1809.072859 -1809.072992 -1809.073109 -1809.073219 -1809.073329 -1809.073450 -1809.073596 -1809.073786 -1809.074053 -1809.074446 -1809.075046 -1809.075988 -1809.077507 -1809.080021 -1809.084299 -1809.091806 -1809.105406 -1809.130834 -1809.179870 -1809.277601 -1809.480478 -1809.924868 -1810.967059 -1813.627394 -1821.201076 -1845.960091 -9999.0 -9999.0
-9999.0 -9999.0 522.496859 424.064412 325.174251 226.050782 126.826309 27.560070 -71.716636 -170.991178 -270.253343 -369.485792 -468.658026 -567.706505 -666.541637 -765.271496 -864.013389 -962.613891 -1061.045922 -1158.685823 -1254.282014 -1346.625007 -1433.357974 -1511.843154 -1579.960576 -1636.659635 -1682.059267 -1717.192341 -1743.606070 -1762.996282 -1776.958080 -1786.857147 -1793.790594 -1798.600847 -1801.914368 -1804.189012 -1805.768501 -1806.976881 -1808.381432 -1811.372556 -1816.892251 -1803.265270 -1398.642014 -1682.515064 -1614.608774 -1571.013156 -1551.373458 -1548.676008 -1548.397098 -1548.423581 -1548.493380 -1548.568382 -1548.640429 -1548.707129 -1548.768988 -1548.840589 -1549.062947 -1550.609162 -1560.751062 -1583.914590 -1609.836061 -1319.260963 -1767.290759 -1809.360090 -1810.180689 -1809.364813 -1809.126577 -1809.079385 -1809.071648 -1809.070872 -1809.071202 -1809.071630 -1809.071995 -1809.072286 -1809.072517 -1809.072704 -1809.072859 -1809.072992 -1809.073109 -1809.073219 -1809.073329 -1809.073450 -1809.073596 -1809.073786 -1809.074053 -1809.074446 -1809.075046 -1809.075988 -1809.077507 -1809.080021 -1809.084299 -1809.091806 -1809.105406 -1809.130834 -1809.179870 -1809.277601 -1809.480478 -1809.924868 -1810.967059 -1813.627394 -1821.201076 -1845.960091 -9999.0 -9999.0
-9999.0 -9999.0 522.491598 424.062891 325.173820 226.050651 126.826267 27.560056 -71.716641 -170.991181 -270.253344 -369.485793 -468.658026 -567.706505 -666.541637 -765.271496 -864.013389 -962.613891 -1061.045922 -1158.685822 -1254.282014 -1346.625007 -1433.357973 -1511.843153 -1579.960576 -1636.659635 -1682.059267 -1717.192340 -1743.606070 -1762.996282 -1776.958080 -1786.857147 -1793.790594 -1798.600847 -1801.914368 -1804.189012 -1805.768501 -1806.976881 -1808.381432 -1811.372556 -1816.892251 -1803.265270 -1398.642014 -1682.515065 -1614.608775 -1571.013157 -1551.373458 -1548.676008 -1548.397098 -1548.423581 -1548.493380 -1548.568382 -1548.640429 -1548.707129 -1548.768988 -1548.840589 -1549.062947 -1550.609162 -1560.751062 -1583.914591 -1609.836061 -1319.260963 -1767.290759 -1809.360090 -1810.180689 -1809.364813 -1809.126577 -1809.079385 -1809.071648 -1809.070872 -1809.071202 -1809.071630 -1809.071995 -1809.072286 -1809.072517 -1809.072704 -1809.072859 -1809.072992 -1809.073109 -1809.073219 -1809.073329 -1809.073450 -1809.073596 -1809.073786 -1809.074053 -1809.074446 -1809.075046 -1809.075988 -1809.077507 -1809.080021 -1809.084299 -1809.091806 -1809.105406 -1809.130834 -1809.179870 -1809.277601 -1809.480478 -1809.924868 -1810.967059 -1813.627394 -1821.201076 -1845.960091 -9999.0 -9999.0
-9999.0 -9999.0 -9999.0 -9999.0 -9999.0 -9999.0 -9999.0 -9999.0 -9999.0 -9999.0 -9999.0 -9999.0 -9999.0 -9999.0 -9999.0 -9999.0 -9999.0 -9999.0 -9999.0 -9999.0 -9999.0 -9999.0 -9999.0 -9999.0 -9999.0 -9999.0 -9999.0 -9999.0 -9999.0 -9999.0 -9999.0 -9999.0 -9999.0 -9999.0 -9999.0 -9999.0 -9999.0 -9999.0 -9999.0 -9999.0 -9999.0 -9999.0 -9999.0 -9999.0 -9999.0 -9999.0 -9999.0 -9999.0 -9999.0 -9999.0 -9999.0 -9999.0 -9999.0 -9999.0 -9999.0 -9999.0 -9999.0 -9999.0 -9999.0 -9999.0 -9999.0 -9999.0 -9999.0 -9999.0 -9999.0 -9999.0 -9999.0 -9999.0 -9999.0 -9999.0 -9999.0 -9999.0 -9999.0 -9999.0 -9999.0 -9999.0 -9999.0 -9999.0 -9999.0 -9999.0 -9999.0 -9999.0 -9999.0 -9999.0 -9999.0 -9999.0 -9999.0 -9999.0 -9999.0 -9999.0 -9999.0 -9999.0 -9999.0 -9999.0 -9999.0 -9999.0 -9999.0 -9999.0 -9999.0 -9999.0 -9999.0 -9999.0 -9999.0 -9999.0
-9999.0 -9999.0 -9999.0 -9999.0 -9999.0 -9999.0 -9999.0 -9999.0 -9999.0 -9999.0 -9999.0 -9999.0 -9999.0 -9999.0 -9999.0 -9999.0 -9999.0 -9999.0 -9999.0 -9999.0 -9999.0 -9999.0 -9999.0 -9999.0 -9999.0 -9999.0 -9999.0 -9999.0 -9999.0 -9999.0 -9999.0 -9999.0 -9999.0 -9999.0 -9999.0 -9999.0 -9999.0 -9999.0 -9999.0 -9999.0 -9999.0 -9999.0 -9999.0 -9999.0 -9999.0 -9999.0 -9999.0 -9999.0 -9999.0 -9999.0 -9999.0 -9999.0 -9999.0 -9999.0 -9999.0 -9999.0 -9999.0 -9999.0 -9999.0 -9999.0 -9999.0 -9999.0 -9999.0 -9999.0 -9999.0 -9999.0 -9999.0 -9999.0 -9999.0 -9999.0 -9999.0 -9999.0 -9999.0 -9999.0 -9999.0 -9999.0 -9999.0 -9999.0 -9999.0 -9999.0 -9999.0 -9999.0 -9999.0 -9999.0 -9999.0 -9999.0 -9999.0 -9999.0 -9999.0 -9999.0 -9999.0 -9999.0 -9999.0 -9999.0 -9999.0 -9999.0 -9999.0 -9999.0 -9999.0 -9999.0 -9999.0 -9999.0 -9999.0 -9999.0