inst/processing_geotop_simulation/geotop_simulation/out/maps3D/PwL0015N0438.asc
ncols         104
nrows         10
xllcorner     -2.000000
yllcorner     0.000000
cellsize      1.000000
NODATA_value  -9999.0
-9999.0 -9999.0 -9999.0 -9999.0 -9999.0 -9999.0 -9999.0 -9999.0 -9999.0 -9999.0 -9999.0 -9999.0 -9999.0 -9999.0 -9999.0 -9999.0 -9999.0 -9999.0 -9999.0 -9999.0 -9999.0 -9999.0 -9999.0 -9999.0 -9999.0 -9999.0 -9999.0 -9999.0 -9999.0 -9999.0 -9999.0 -9999.0 -9999.0 -9999.0 -9999.0 -9999.0 -9999.0 -9999.0 -9999.0 -9999.0 -9999.0 -9999.0 -9999.0 -9999.0 -9999.0 -9999.0 -9999.0 -9999.0 -9999.0 -9999.0 -9999.0 -9999.0 -9999.0 -9999.0 -9999.0 -9999.0 -9999.0 -9999.0 -9999.0 -9999.0 -9999.0 -9999.0 -9999.0 -9999.0 -9999.0 -9999.0 -9999.0 -9999.0 -9999.0 -9999.0 -9999.0 -9999.0 -9999.0 -9999.0 -9999.0 -9999.0 -9999.0 -9999.0 -9999.0 -9999.0 -9999.0 -9999.0 -9999.0 -9999.0 -9999.0 -9999.0 -9999.0 -9999.0 -9999.0 -9999.0 -9999.0 -9999.0 -9999.0 -9999.0 -9999.0 -9999.0 -9999.0 -9999.0 -9999.0 -9999.0 -9999.0 -9999.0 -9999.0 -9999.0
-9999.0 -9999.0 -9999.0 -9999.0 -9999.0 -9999.0 -9999.0 -9999.0 -9999.0 -9999.0 -9999.0 -9999.0 -9999.0 -9999.0 -9999.0 -9999.0 -9999.0 -9999.0 -9999.0 -9999.0 -9999.0 -9999.0 -9999.0 -9999.0 -9999.0 -9999.0 -9999.0 -9999.0 -9999.0 -9999.0 -9999.0 -9999.0 -9999.0 -9999.0 -9999.0 -9999.0 -9999.0 -9999.0 -9999.0 -9999.0 -9999.0 -9999.0 -9999.0 -9999.0 -9999.0 -9999.0 -9999.0 -9999.0 -9999.0 -9999.0 -9999.0 -9999.0 -9999.0 -9999.0 -9999.0 -9999.0 -9999.0 -9999.0 -9999.0 -9999.0 -9999.0 -9999.0 -9999.0 -9999.0 -9999.0 -9999.0 -9999.0 -9999.0 -9999.0 -9999.0 -9999.0 -9999.0 -9999.0 -9999.0 -9999.0 -9999.0 -9999.0 -9999.0 -9999.0 -9999.0 -9999.0 -9999.0 -9999.0 -9999.0 -9999.0 -9999.0 -9999.0 -9999.0 -9999.0 -9999.0 -9999.0 -9999.0 -9999.0 -9999.0 -9999.0 -9999.0 -9999.0 -9999.0 -9999.0 -9999.0 -9999.0 -9999.0 -9999.0 -9999.0
-9999.0 -9999.0 720.352000 621.412419 522.267996 422.971486 323.602446 224.202323 124.792149 25.383381 -74.015261 -173.401763 -272.770539 -372.106414 -471.383684 -570.562624 -669.571847 -768.479796 -867.383750 -966.127044 -1064.630455 -1161.948647 -1256.201376 -1345.907833 -1428.816239 -1502.853002 -1566.575639 -1619.434946 -1661.782250 -1694.663947 -1719.518182 -1737.888857 -1751.222799 -1760.761723 -1767.509090 -1772.245267 -1775.576643 -1778.043693 -1780.401035 -1784.140378 -1790.443822 -1789.542417 -1821.593464 -4097.938641 -4141.347725 -4040.470809 -3968.809579 -3957.901391 -3956.772154 -3956.886355 -3957.176780 -3957.487871 -3957.786233 -3958.062071 -3958.317043 -3958.607565 -3959.487565 -3965.636958 -4005.084772 -4077.261991 -3936.099423 -1621.090401 -1747.590103 -1782.513183 -1783.918033 -1783.177134 -1782.920798 -1782.864979 -1782.855149 -1782.853961 -1782.854215 -1782.854639 -1782.855022 -1782.855343 -1782.855614 -1782.855847 -1782.856053 -1782.856241 -1782.856418 -1782.856590 -1782.856766 -1782.856954 -1782.857168 -1782.857427 -1782.857759 -1782.858212 -1782.858860 -1782.859830 -1782.861342 -1782.863788 -1782.867897 -1782.875061 -1782.888015 -1782.912283 -1782.959356 -1783.054186 -1783.254264 -1783.701568 -1784.773590 -1787.562919 -1795.575883 -1821.430795 -9999.0 -9999.0
-9999.0 -9999.0 720.355776 621.413680 522.268380 422.971606 323.602486 224.202337 124.792154 25.383383 -74.015259 -173.401762 -272.770539 -372.106413 -471.383684 -570.562624 -669.571847 -768.479796 -867.383750 -966.127045 -1064.630456 -1161.948647 -1256.201376 -1345.907833 -1428.816239 -1502.853002 -1566.575639 -1619.434946 -1661.782250 -1694.663947 -1719.518182 -1737.888857 -1751.222799 -1760.761723 -1767.509090 -1772.245267 -1775.576643 -1778.043693 -1780.401035 -1784.140378 -1790.443822 -1789.542417 -1821.593464 -4097.938641 -4141.347724 -4040.470806 -3968.809579 -3957.901391 -3956.772154 -3956.886355 -3957.176780 -3957.487871 -3957.786233 -3958.062071 -3958.317043 -3958.607565 -3959.487565 -3965.636958 -4005.084772 -4077.261991 -3936.099423 -1621.090401 -1747.590103 -1782.513183 -1783.918033 -1783.177134 -1782.920798 -1782.864979 -1782.855149 -1782.853961 -1782.854215 -1782.854639 -1782.855022 -1782.855343 -1782.855614 -1782.855847 -1782.856053 -1782.856241 -1782.856418 -1782.856590 -1782.856766 -1782.856954 -1782.857168 -1782.857427 -1782.857759 -1782.858212 -1782.858860 -1782.859830 -1782.861342 -1782.863788 -1782.867897 -1782.875061 -1782.888015 -1782.912283 -1782.959355 -1783.054186 -1783.254264 -1783.701568 -1784.773590 -1787.562919 -1795.575883 -1821.430795 -9999.0 -9999.0
-9999.0 -9999.0 720.356966 621.414304 522.268636 422.971703 323.602521 224.202350 124.792159 25.383385 -74.015259 -173.401762 -272.770538 -372.106413 -471.383684 -570.562624 -669.571847 -768.479796 -867.383750 -966.127045 -1064.630456 -1161.948647 -1256.201377 -1345.907833 -1428.816239 -1502.853002 -1566.575639 -1619.434946 -1661.782250 -1694.663947 -1719.518182 -1737.888857 -1751.222799 -1760.761723 -1767.509090 -1772.245267 -1775.576643 -1778.043693 -1780.401035 -1784.140378 -1790.443822 -1789.542417 -1821.593464 -4097.938641 -4141.347723 -4040.470804 -3968.809579 -3957.901391 -3956.772154 -3956.886355 -3957.176780 -3957.487871 -3957.786233 -3958.062071 -3958.317043 -3958.607565 -3959.487565 -3965.636958 -4005.084772 -4077.261991 -3936.099423 -1621.090401 -1747.590103 -1782.513183 -1783.918033 -1783.177134 -1782.920798 -1782.864979 -1782.855149 -1782.853961 -1782.854215 -1782.854639 -1782.855022 -1782.855343 -1782.855614 -1782.855847 -1782.856053 -1782.856241 -1782.856418 -1782.856590 -1782.856766 -1782.856954 -1782.857168 -1782.857427 -1782.857759 -1782.858212 -1782.858860 -1782.859830 -1782.861342 -1782.863788 -1782.867897 -1782.875061 -1782.888015 -1782.912283 -1782.959355 -1783.054186 -1783.254264 -1783.701568 -1784.773590 -1787.562919 -1795.575883 -1821.430795 -9999.0 -9999.0
-9999.0 -9999.0 720.356966 621.414304 522.268636 422.971703 323.602521 224.202350 124.792159 25.383385 -74.015259 -173.401762 -272.770538 -372.106413 -471.383684 -570.562624 -669.571847 -768.479796 -867.383750 -966.127045 -1064.630456 -1161.948647 -1256.201377 -1345.907833 -1428.816239 -1502.853002 -1566.575639 -1619.434946 -1661.782250 -1694.663947 -1719.518182 -1737.888857 -1751.222799 -1760.761723 -1767.509090 -1772.245267 -1775.576643 -1778.043693 -1780.401035 -1784.140378 -1790.443822 -1789.542417 -1821.593464 -4097.938641 -4141.347723 -4040.470804 -3968.809579 -3957.901391 -3956.772154 -3956.886355 -3957.176780 -3957.487871 -3957.786233 -3958.062071 -3958.317043 -3958.607565 -3959.487565 -3965.636958 -4005.084772 -4077.261991 -3936.099423 -1621.090401 -1747.590103 -1782.513183 -1783.918033 -1783.177134 -1782.920798 -1782.864979 -1782.855149 -1782.853961 -1782.854215 -1782.854639 -1782.855022 -1782.855343 -1782.855614 -1782.855847 -1782.856053 -1782.856241 -1782.856418 -1782.856590 -1782.856766 -1782.856954 -1782.857168 -1782.857427 -1782.857759 -1782.858212 -1782.858860 -1782.859830 -1782.861342 -1782.863788 -1782.867897 -1782.875061 -1782.888015 -1782.912283 -1782.959355 -1783.054186 -1783.254264 -1783.701568 -1784.773590 -1787.562919 -1795.575883 -1821.430795 -9999.0 -9999.0
-9999.0 -9999.0 720.355776 621.413680 522.268380 422.971606 323.602486 224.202337 124.792154 25.383383 -74.015259 -173.401762 -272.770539 -372.106413 -471.383684 -570.562624 -669.571847 -768.479796 -867.383750 -966.127044 -1064.630456 -1161.948647 -1256.201376 -1345.907833 -1428.816239 -1502.853002 -1566.575639 -1619.434946 -1661.782250 -1694.663947 -1719.518182 -1737.888857 -1751.222799 -1760.761723 -1767.509090 -1772.245267 -1775.576643 -1778.043693 -1780.401035 -1784.140378 -1790.443822 -1789.542417 -1821.593464 -4097.938641 -4141.347724 -4040.470806 -3968.809579 -3957.901391 -3956.772154 -3956.886355 -3957.176780 -3957.487871 -3957.786233 -3958.062071 -3958.317043 -3958.607565 -3959.487565 -3965.636958 -4005.084772 -4077.261991 -3936.099423 -1621.090401 -1747.590103 -1782.513183 -1783.918033 -1783.177134 -1782.920798 -1782.864979 -1782.855149 -1782.853961 -1782.854215 -1782.854639 -1782.855022 -1782.855343 -1782.855614 -1782.855847 -1782.856053 -1782.856241 -1782.856418 -1782.856590 -1782.856766 -1782.856954 -1782.857168 -1782.857427 -1782.857759 -1782.858212 -1782.858860 -1782.859830 -1782.861342 -1782.863788 -1782.867897 -1782.875061 -1782.888015 -1782.912283 -1782.959355 -1783.054186 -1783.254264 -1783.701568 -1784.773590 -1787.562919 -1795.575883 -1821.430795 -9999.0 -9999.0
-9999.0 -9999.0 720.352000 621.412419 522.267996 422.971486 323.602446 224.202323 124.792149 25.383381 -74.015261 -173.401763 -272.770539 -372.106414 -471.383684 -570.562624 -669.571847 -768.479796 -867.383750 -966.127044 -1064.630455 -1161.948647 -1256.201376 -1345.907833 -1428.816239 -1502.853002 -1566.575639 -1619.434946 -1661.782250 -1694.663947 -1719.518182 -1737.888857 -1751.222799 -1760.761723 -1767.509090 -1772.245267 -1775.576643 -1778.043693 -1780.401035 -1784.140378 -1790.443822 -1789.542417 -1821.593464 -4097.938641 -4141.347725 -4040.470809 -3968.809579 -3957.901391 -3956.772154 -3956.886355 -3957.176780 -3957.487871 -3957.786233 -3958.062071 -3958.317043 -3958.607565 -3959.487565 -3965.636958 -4005.084772 -4077.261991 -3936.099423 -1621.090401 -1747.590103 -1782.513183 -1783.918033 -1783.177134 -1782.920798 -1782.864979 -1782.855149 -1782.853961 -1782.854215 -1782.854639 -1782.855022 -1782.855343 -1782.855614 -1782.855847 -1782.856053 -1782.856241 -1782.856418 -1782.856590 -1782.856766 -1782.856954 -1782.857168 -1782.857427 -1782.857759 -1782.858212 -1782.858860 -1782.859830 -1782.861342 -1782.863788 -1782.867897 -1782.875061 -1782.888015 -1782.912283 -1782.959356 -1783.054186 -1783.254264 -1783.701568 -1784.773590 -1787.562919 -1795.575883 -1821.430795 -9999.0 -9999.0
-9999.0 -9999.0 -9999.0 -9999.0 -9999.0 -9999.0 -9999.0 -9999.0 -9999.0 -9999.0 -9999.0 -9999.0 -9999.0 -9999.0 -9999.0 -9999.0 -9999.0 -9999.0 -9999.0 -9999.0 -9999.0 -9999.0 -9999.0 -9999.0 -9999.0 -9999.0 -9999.0 -9999.0 -9999.0 -9999.0 -9999.0 -9999.0 -9999.0 -9999.0 -9999.0 -9999.0 -9999.0 -9999.0 -9999.0 -9999.0 -9999.0 -9999.0 -9999.0 -9999.0 -9999.0 -9999.0 -9999.0 -9999.0 -9999.0 -9999.0 -9999.0 -9999.0 -9999.0 -9999.0 -9999.0 -9999.0 -9999.0 -9999.0 -9999.0 -9999.0 -9999.0 -9999.0 -9999.0 -9999.0 -9999.0 -9999.0 -9999.0 -9999.0 -9999.0 -9999.0 -9999.0 -9999.0 -9999.0 -9999.0 -9999.0 -9999.0 -9999.0 -9999.0 -9999.0 -9999.0 -9999.0 -9999.0 -9999.0 -9999.0 -9999.0 -9999.0 -9999.0 -9999.0 -9999.0 -9999.0 -9999.0 -9999.0 -9999.0 -9999.0 -9999.0 -9999.0 -9999.0 -9999.0 -9999.0 -9999.0 -9999.0 -9999.0 -9999.0 -9999.0
-9999.0 -9999.0 -9999.0 -9999.0 -9999.0 -9999.0 -9999.0 -9999.0 -9999.0 -9999.0 -9999.0 -9999.0 -9999.0 -9999.0 -9999.0 -9999.0 -9999.0 -9999.0 -9999.0 -9999.0 -9999.0 -9999.0 -9999.0 -9999.0 -9999.0 -9999.0 -9999.0 -9999.0 -9999.0 -9999.0 -9999.0 -9999.0 -9999.0 -9999.0 -9999.0 -9999.0 -9999.0 -9999.0 -9999.0 -9999.0 -9999.0 -9999.0 -9999.0 -9999.0 -9999.0 -9999.0 -9999.0 -9999.0 -9999.0 -9999.0 -9999.0 -9999.0 -9999.0 -9999.0 -9999.0 -9999.0 -9999.0 -9999.0 -9999.0 -9999.0 -9999.0 -9999.0 -9999.0 -9999.0 -9999.0 -9999.0 -9999.0 -9999.0 -9999.0 -9999.0 -9999.0 -9999.0 -9999.0 -9999.0 -9999.0 -9999.0 -9999.0 -9999.0 -9999.0 -9999.0 -9999.0 -9999.0 -9999.0 -9999.0 -9999.0 -9999.0 -9999.0 -9999.0 -9999.0 -9999.0 -9999.0 -9999.0 -9999.0 -9999.0 -9999.0 -9999.0 -9999.0 -9999.0 -9999.0 -9999.0 -9999.0 -9999.0 -9999.0 -9999.0