inst/processing_geotop_simulation/geotop_simulation/out/maps3D/PwL0015N0397.asc
ncols         104
nrows         10
xllcorner     -2.000000
yllcorner     0.000000
cellsize      1.000000
NODATA_value  -9999.0
-9999.0 -9999.0 -9999.0 -9999.0 -9999.0 -9999.0 -9999.0 -9999.0 -9999.0 -9999.0 -9999.0 -9999.0 -9999.0 -9999.0 -9999.0 -9999.0 -9999.0 -9999.0 -9999.0 -9999.0 -9999.0 -9999.0 -9999.0 -9999.0 -9999.0 -9999.0 -9999.0 -9999.0 -9999.0 -9999.0 -9999.0 -9999.0 -9999.0 -9999.0 -9999.0 -9999.0 -9999.0 -9999.0 -9999.0 -9999.0 -9999.0 -9999.0 -9999.0 -9999.0 -9999.0 -9999.0 -9999.0 -9999.0 -9999.0 -9999.0 -9999.0 -9999.0 -9999.0 -9999.0 -9999.0 -9999.0 -9999.0 -9999.0 -9999.0 -9999.0 -9999.0 -9999.0 -9999.0 -9999.0 -9999.0 -9999.0 -9999.0 -9999.0 -9999.0 -9999.0 -9999.0 -9999.0 -9999.0 -9999.0 -9999.0 -9999.0 -9999.0 -9999.0 -9999.0 -9999.0 -9999.0 -9999.0 -9999.0 -9999.0 -9999.0 -9999.0 -9999.0 -9999.0 -9999.0 -9999.0 -9999.0 -9999.0 -9999.0 -9999.0 -9999.0 -9999.0 -9999.0 -9999.0 -9999.0 -9999.0 -9999.0 -9999.0 -9999.0 -9999.0
-9999.0 -9999.0 -9999.0 -9999.0 -9999.0 -9999.0 -9999.0 -9999.0 -9999.0 -9999.0 -9999.0 -9999.0 -9999.0 -9999.0 -9999.0 -9999.0 -9999.0 -9999.0 -9999.0 -9999.0 -9999.0 -9999.0 -9999.0 -9999.0 -9999.0 -9999.0 -9999.0 -9999.0 -9999.0 -9999.0 -9999.0 -9999.0 -9999.0 -9999.0 -9999.0 -9999.0 -9999.0 -9999.0 -9999.0 -9999.0 -9999.0 -9999.0 -9999.0 -9999.0 -9999.0 -9999.0 -9999.0 -9999.0 -9999.0 -9999.0 -9999.0 -9999.0 -9999.0 -9999.0 -9999.0 -9999.0 -9999.0 -9999.0 -9999.0 -9999.0 -9999.0 -9999.0 -9999.0 -9999.0 -9999.0 -9999.0 -9999.0 -9999.0 -9999.0 -9999.0 -9999.0 -9999.0 -9999.0 -9999.0 -9999.0 -9999.0 -9999.0 -9999.0 -9999.0 -9999.0 -9999.0 -9999.0 -9999.0 -9999.0 -9999.0 -9999.0 -9999.0 -9999.0 -9999.0 -9999.0 -9999.0 -9999.0 -9999.0 -9999.0 -9999.0 -9999.0 -9999.0 -9999.0 -9999.0 -9999.0 -9999.0 -9999.0 -9999.0 -9999.0
-9999.0 -9999.0 720.797987 622.045938 523.053095 423.881329 324.624181 225.330399 126.024713 26.720575 -72.571762 -171.849781 -271.105937 -370.320459 -469.458617 -568.466932 -667.248176 -765.892890 -864.534033 -962.962830 -1061.080882 -1157.640731 -1250.308931 -1337.554863 -1417.058571 -1486.882445 -1545.895164 -1593.940665 -1631.734051 -1660.578065 -1682.036912 -1697.670640 -1708.870760 -1716.788928 -1722.330029 -1726.182175 -1728.871276 -1730.867884 -1732.877421 -1736.516080 -1744.228927 -1752.237034 -1874.137809 -4137.434303 -4210.592183 -4179.847471 -4153.919719 -4149.715562 -4149.277637 -4149.322676 -4149.436170 -4149.557615 -4149.674016 -4149.781569 -4149.880895 -4149.993631 -4150.332710 -4152.696290 -4167.448072 -4191.789298 -4041.972053 -1668.398965 -1711.130008 -1736.069538 -1735.870786 -1734.958410 -1734.698078 -1734.645533 -1734.636717 -1734.635754 -1734.636059 -1734.636496 -1734.636878 -1734.637191 -1734.637448 -1734.637662 -1734.637847 -1734.638011 -1734.638162 -1734.638306 -1734.638452 -1734.638610 -1734.638793 -1734.639022 -1734.639328 -1734.639758 -1734.640393 -1734.641365 -1734.642907 -1734.645430 -1734.649695 -1734.657156 -1734.670662 -1734.695942 -1734.744847 -1734.842903 -1735.048343 -1735.503582 -1736.583375 -1739.360219 -1747.256417 -1772.704043 -9999.0 -9999.0
-9999.0 -9999.0 720.801873 622.047236 523.053489 423.881453 324.624223 225.330413 126.024718 26.720577 -72.571761 -171.849781 -271.105936 -370.320459 -469.458617 -568.466933 -667.248177 -765.892891 -864.534033 -962.962831 -1061.080882 -1157.640731 -1250.308931 -1337.554863 -1417.058571 -1486.882445 -1545.895164 -1593.940665 -1631.734051 -1660.578065 -1682.036912 -1697.670640 -1708.870760 -1716.788928 -1722.330029 -1726.182175 -1728.871276 -1730.867884 -1732.877421 -1736.516080 -1744.228927 -1752.237034 -1874.137809 -4137.434303 -4210.592183 -4179.847469 -4153.919719 -4149.715562 -4149.277637 -4149.322676 -4149.436170 -4149.557615 -4149.674016 -4149.781569 -4149.880895 -4149.993631 -4150.332710 -4152.696290 -4167.448072 -4191.789298 -4041.972053 -1668.398965 -1711.130008 -1736.069538 -1735.870786 -1734.958410 -1734.698077 -1734.645533 -1734.636717 -1734.635754 -1734.636059 -1734.636496 -1734.636878 -1734.637191 -1734.637447 -1734.637662 -1734.637847 -1734.638011 -1734.638162 -1734.638306 -1734.638452 -1734.638610 -1734.638793 -1734.639022 -1734.639328 -1734.639758 -1734.640393 -1734.641365 -1734.642907 -1734.645430 -1734.649695 -1734.657156 -1734.670662 -1734.695942 -1734.744847 -1734.842903 -1735.048343 -1735.503582 -1736.583375 -1739.360219 -1747.256417 -1772.704043 -9999.0 -9999.0
-9999.0 -9999.0 720.803097 622.047878 523.053753 423.881552 324.624259 225.330426 126.024723 26.720579 -72.571761 -171.849780 -271.105936 -370.320459 -469.458618 -568.466933 -667.248177 -765.892891 -864.534034 -962.962831 -1061.080883 -1157.640731 -1250.308932 -1337.554863 -1417.058571 -1486.882445 -1545.895164 -1593.940666 -1631.734051 -1660.578065 -1682.036912 -1697.670640 -1708.870760 -1716.788928 -1722.330029 -1726.182175 -1728.871276 -1730.867884 -1732.877421 -1736.516080 -1744.228927 -1752.237034 -1874.137809 -4137.434303 -4210.592183 -4179.847469 -4153.919719 -4149.715562 -4149.277637 -4149.322676 -4149.436170 -4149.557615 -4149.674016 -4149.781569 -4149.880895 -4149.993631 -4150.332710 -4152.696290 -4167.448072 -4191.789298 -4041.972053 -1668.398965 -1711.130008 -1736.069538 -1735.870786 -1734.958410 -1734.698077 -1734.645533 -1734.636717 -1734.635754 -1734.636059 -1734.636496 -1734.636878 -1734.637191 -1734.637447 -1734.637662 -1734.637847 -1734.638011 -1734.638162 -1734.638306 -1734.638452 -1734.638610 -1734.638793 -1734.639022 -1734.639328 -1734.639758 -1734.640393 -1734.641365 -1734.642907 -1734.645430 -1734.649695 -1734.657156 -1734.670662 -1734.695942 -1734.744847 -1734.842903 -1735.048343 -1735.503582 -1736.583375 -1739.360219 -1747.256417 -1772.704043 -9999.0 -9999.0
-9999.0 -9999.0 720.803097 622.047878 523.053753 423.881552 324.624259 225.330426 126.024723 26.720579 -72.571761 -171.849780 -271.105936 -370.320459 -469.458618 -568.466933 -667.248177 -765.892891 -864.534034 -962.962831 -1061.080883 -1157.640731 -1250.308932 -1337.554863 -1417.058571 -1486.882445 -1545.895164 -1593.940666 -1631.734051 -1660.578065 -1682.036912 -1697.670640 -1708.870760 -1716.788928 -1722.330029 -1726.182175 -1728.871276 -1730.867884 -1732.877421 -1736.516080 -1744.228927 -1752.237034 -1874.137809 -4137.434303 -4210.592183 -4179.847469 -4153.919719 -4149.715562 -4149.277637 -4149.322676 -4149.436170 -4149.557615 -4149.674016 -4149.781569 -4149.880895 -4149.993631 -4150.332710 -4152.696290 -4167.448072 -4191.789298 -4041.972053 -1668.398965 -1711.130008 -1736.069538 -1735.870786 -1734.958410 -1734.698077 -1734.645533 -1734.636717 -1734.635754 -1734.636059 -1734.636496 -1734.636878 -1734.637191 -1734.637447 -1734.637662 -1734.637847 -1734.638011 -1734.638162 -1734.638306 -1734.638452 -1734.638610 -1734.638793 -1734.639022 -1734.639328 -1734.639758 -1734.640393 -1734.641365 -1734.642907 -1734.645430 -1734.649695 -1734.657156 -1734.670662 -1734.695942 -1734.744847 -1734.842903 -1735.048343 -1735.503582 -1736.583375 -1739.360219 -1747.256417 -1772.704043 -9999.0 -9999.0
-9999.0 -9999.0 720.801873 622.047236 523.053489 423.881453 324.624223 225.330413 126.024718 26.720577 -72.571761 -171.849781 -271.105936 -370.320459 -469.458618 -568.466933 -667.248177 -765.892890 -864.534033 -962.962831 -1061.080882 -1157.640731 -1250.308931 -1337.554863 -1417.058571 -1486.882445 -1545.895164 -1593.940665 -1631.734051 -1660.578065 -1682.036912 -1697.670640 -1708.870760 -1716.788928 -1722.330029 -1726.182175 -1728.871276 -1730.867884 -1732.877421 -1736.516080 -1744.228927 -1752.237034 -1874.137809 -4137.434303 -4210.592183 -4179.847469 -4153.919719 -4149.715562 -4149.277637 -4149.322676 -4149.436170 -4149.557615 -4149.674016 -4149.781569 -4149.880895 -4149.993631 -4150.332710 -4152.696290 -4167.448072 -4191.789298 -4041.972053 -1668.398965 -1711.130008 -1736.069538 -1735.870786 -1734.958410 -1734.698077 -1734.645533 -1734.636717 -1734.635754 -1734.636059 -1734.636496 -1734.636878 -1734.637191 -1734.637447 -1734.637662 -1734.637847 -1734.638011 -1734.638162 -1734.638306 -1734.638452 -1734.638610 -1734.638793 -1734.639022 -1734.639328 -1734.639758 -1734.640393 -1734.641365 -1734.642907 -1734.645430 -1734.649695 -1734.657156 -1734.670662 -1734.695942 -1734.744847 -1734.842903 -1735.048343 -1735.503582 -1736.583375 -1739.360219 -1747.256417 -1772.704043 -9999.0 -9999.0
-9999.0 -9999.0 720.797987 622.045938 523.053095 423.881329 324.624181 225.330399 126.024713 26.720575 -72.571762 -171.849781 -271.105936 -370.320459 -469.458617 -568.466933 -667.248176 -765.892890 -864.534033 -962.962830 -1061.080882 -1157.640731 -1250.308931 -1337.554863 -1417.058571 -1486.882445 -1545.895164 -1593.940665 -1631.734051 -1660.578065 -1682.036912 -1697.670640 -1708.870760 -1716.788928 -1722.330029 -1726.182175 -1728.871276 -1730.867884 -1732.877421 -1736.516080 -1744.228927 -1752.237034 -1874.137809 -4137.434303 -4210.592183 -4179.847471 -4153.919719 -4149.715562 -4149.277637 -4149.322676 -4149.436170 -4149.557615 -4149.674016 -4149.781569 -4149.880895 -4149.993631 -4150.332710 -4152.696290 -4167.448072 -4191.789298 -4041.972053 -1668.398965 -1711.130008 -1736.069538 -1735.870786 -1734.958410 -1734.698078 -1734.645533 -1734.636717 -1734.635754 -1734.636059 -1734.636496 -1734.636878 -1734.637191 -1734.637448 -1734.637662 -1734.637847 -1734.638011 -1734.638162 -1734.638306 -1734.638452 -1734.638610 -1734.638793 -1734.639022 -1734.639328 -1734.639758 -1734.640393 -1734.641365 -1734.642907 -1734.645430 -1734.649695 -1734.657156 -1734.670662 -1734.695942 -1734.744847 -1734.842903 -1735.048343 -1735.503582 -1736.583375 -1739.360219 -1747.256417 -1772.704043 -9999.0 -9999.0
-9999.0 -9999.0 -9999.0 -9999.0 -9999.0 -9999.0 -9999.0 -9999.0 -9999.0 -9999.0 -9999.0 -9999.0 -9999.0 -9999.0 -9999.0 -9999.0 -9999.0 -9999.0 -9999.0 -9999.0 -9999.0 -9999.0 -9999.0 -9999.0 -9999.0 -9999.0 -9999.0 -9999.0 -9999.0 -9999.0 -9999.0 -9999.0 -9999.0 -9999.0 -9999.0 -9999.0 -9999.0 -9999.0 -9999.0 -9999.0 -9999.0 -9999.0 -9999.0 -9999.0 -9999.0 -9999.0 -9999.0 -9999.0 -9999.0 -9999.0 -9999.0 -9999.0 -9999.0 -9999.0 -9999.0 -9999.0 -9999.0 -9999.0 -9999.0 -9999.0 -9999.0 -9999.0 -9999.0 -9999.0 -9999.0 -9999.0 -9999.0 -9999.0 -9999.0 -9999.0 -9999.0 -9999.0 -9999.0 -9999.0 -9999.0 -9999.0 -9999.0 -9999.0 -9999.0 -9999.0 -9999.0 -9999.0 -9999.0 -9999.0 -9999.0 -9999.0 -9999.0 -9999.0 -9999.0 -9999.0 -9999.0 -9999.0 -9999.0 -9999.0 -9999.0 -9999.0 -9999.0 -9999.0 -9999.0 -9999.0 -9999.0 -9999.0 -9999.0 -9999.0
-9999.0 -9999.0 -9999.0 -9999.0 -9999.0 -9999.0 -9999.0 -9999.0 -9999.0 -9999.0 -9999.0 -9999.0 -9999.0 -9999.0 -9999.0 -9999.0 -9999.0 -9999.0 -9999.0 -9999.0 -9999.0 -9999.0 -9999.0 -9999.0 -9999.0 -9999.0 -9999.0 -9999.0 -9999.0 -9999.0 -9999.0 -9999.0 -9999.0 -9999.0 -9999.0 -9999.0 -9999.0 -9999.0 -9999.0 -9999.0 -9999.0 -9999.0 -9999.0 -9999.0 -9999.0 -9999.0 -9999.0 -9999.0 -9999.0 -9999.0 -9999.0 -9999.0 -9999.0 -9999.0 -9999.0 -9999.0 -9999.0 -9999.0 -9999.0 -9999.0 -9999.0 -9999.0 -9999.0 -9999.0 -9999.0 -9999.0 -9999.0 -9999.0 -9999.0 -9999.0 -9999.0 -9999.0 -9999.0 -9999.0 -9999.0 -9999.0 -9999.0 -9999.0 -9999.0 -9999.0 -9999.0 -9999.0 -9999.0 -9999.0 -9999.0 -9999.0 -9999.0 -9999.0 -9999.0 -9999.0 -9999.0 -9999.0 -9999.0 -9999.0 -9999.0 -9999.0 -9999.0 -9999.0 -9999.0 -9999.0 -9999.0 -9999.0 -9999.0 -9999.0