inst/processing_geotop_simulation/geotop_simulation/out/maps3D/PwL0014N0218.asc
ncols         104
nrows         10
xllcorner     -2.000000
yllcorner     0.000000
cellsize      1.000000
NODATA_value  -9999.0
-9999.0 -9999.0 -9999.0 -9999.0 -9999.0 -9999.0 -9999.0 -9999.0 -9999.0 -9999.0 -9999.0 -9999.0 -9999.0 -9999.0 -9999.0 -9999.0 -9999.0 -9999.0 -9999.0 -9999.0 -9999.0 -9999.0 -9999.0 -9999.0 -9999.0 -9999.0 -9999.0 -9999.0 -9999.0 -9999.0 -9999.0 -9999.0 -9999.0 -9999.0 -9999.0 -9999.0 -9999.0 -9999.0 -9999.0 -9999.0 -9999.0 -9999.0 -9999.0 -9999.0 -9999.0 -9999.0 -9999.0 -9999.0 -9999.0 -9999.0 -9999.0 -9999.0 -9999.0 -9999.0 -9999.0 -9999.0 -9999.0 -9999.0 -9999.0 -9999.0 -9999.0 -9999.0 -9999.0 -9999.0 -9999.0 -9999.0 -9999.0 -9999.0 -9999.0 -9999.0 -9999.0 -9999.0 -9999.0 -9999.0 -9999.0 -9999.0 -9999.0 -9999.0 -9999.0 -9999.0 -9999.0 -9999.0 -9999.0 -9999.0 -9999.0 -9999.0 -9999.0 -9999.0 -9999.0 -9999.0 -9999.0 -9999.0 -9999.0 -9999.0 -9999.0 -9999.0 -9999.0 -9999.0 -9999.0 -9999.0 -9999.0 -9999.0 -9999.0 -9999.0
-9999.0 -9999.0 -9999.0 -9999.0 -9999.0 -9999.0 -9999.0 -9999.0 -9999.0 -9999.0 -9999.0 -9999.0 -9999.0 -9999.0 -9999.0 -9999.0 -9999.0 -9999.0 -9999.0 -9999.0 -9999.0 -9999.0 -9999.0 -9999.0 -9999.0 -9999.0 -9999.0 -9999.0 -9999.0 -9999.0 -9999.0 -9999.0 -9999.0 -9999.0 -9999.0 -9999.0 -9999.0 -9999.0 -9999.0 -9999.0 -9999.0 -9999.0 -9999.0 -9999.0 -9999.0 -9999.0 -9999.0 -9999.0 -9999.0 -9999.0 -9999.0 -9999.0 -9999.0 -9999.0 -9999.0 -9999.0 -9999.0 -9999.0 -9999.0 -9999.0 -9999.0 -9999.0 -9999.0 -9999.0 -9999.0 -9999.0 -9999.0 -9999.0 -9999.0 -9999.0 -9999.0 -9999.0 -9999.0 -9999.0 -9999.0 -9999.0 -9999.0 -9999.0 -9999.0 -9999.0 -9999.0 -9999.0 -9999.0 -9999.0 -9999.0 -9999.0 -9999.0 -9999.0 -9999.0 -9999.0 -9999.0 -9999.0 -9999.0 -9999.0 -9999.0 -9999.0 -9999.0 -9999.0 -9999.0 -9999.0 -9999.0 -9999.0 -9999.0 -9999.0
-9999.0 -9999.0 676.981932 580.911064 483.992133 386.502336 288.745626 190.873805 92.962670 -4.945114 -102.819954 -200.645975 -298.364775 -395.852921 -492.888738 -589.165846 -684.178410 -779.827166 -874.979451 -969.440653 -1062.900825 -1146.951427 -1221.833863 -1285.345365 -1336.703703 -1376.493495 -1406.219424 -1427.770018 -1443.013327 -1453.578828 -1460.781700 -1465.627399 -1468.853963 -1470.986221 -1472.388466 -1473.310968 -1473.932529 -1474.423634 -1475.179931 -1477.906058 -1489.700033 -1541.438005 -2017.807880 -4244.886789 -4281.881622 -4281.435191 -4281.020702 -4280.953546 -4280.946612 -4280.947337 -4280.949139 -4280.951066 -4280.952911 -4280.954616 -4280.956189 -4280.957959 -4280.963199 -4281.000215 -4281.239197 -4281.607423 -4219.898707 -1865.187386 -1506.731374 -1482.698210 -1476.627676 -1475.414957 -1475.215186 -1475.184594 -1475.180484 -1475.180616 -1475.181346 -1475.182029 -1475.182572 -1475.182990 -1475.183311 -1475.183561 -1475.183761 -1475.183923 -1475.184059 -1475.184181 -1475.184301 -1475.184435 -1475.184601 -1475.184832 -1475.185170 -1475.185689 -1475.186504 -1475.187808 -1475.189929 -1475.193445 -1475.199407 -1475.209792 -1475.228426 -1475.262878 -1475.328401 -1475.456441 -1475.714575 -1476.258075 -1477.472987 -1480.393572 -1488.091460 -1511.762353 -9999.0 -9999.0
-9999.0 -9999.0 676.986788 580.912636 483.992603 386.502482 288.745673 190.873822 92.962676 -4.945112 -102.819953 -200.645975 -298.364775 -395.852921 -492.888738 -589.165846 -684.178410 -779.827166 -874.979451 -969.440653 -1062.900826 -1146.951427 -1221.833864 -1285.345365 -1336.703704 -1376.493495 -1406.219424 -1427.770019 -1443.013327 -1453.578828 -1460.781700 -1465.627399 -1468.853963 -1470.986221 -1472.388466 -1473.310968 -1473.932529 -1474.423634 -1475.179931 -1477.906058 -1489.700033 -1541.438005 -2017.807879 -4244.886789 -4281.881622 -4281.435191 -4281.020702 -4280.953546 -4280.946612 -4280.947337 -4280.949139 -4280.951066 -4280.952911 -4280.954616 -4280.956189 -4280.957959 -4280.963199 -4281.000215 -4281.239197 -4281.607423 -4219.898707 -1865.187386 -1506.731374 -1482.698210 -1476.627676 -1475.414957 -1475.215186 -1475.184594 -1475.180484 -1475.180616 -1475.181346 -1475.182029 -1475.182572 -1475.182990 -1475.183311 -1475.183561 -1475.183761 -1475.183923 -1475.184059 -1475.184181 -1475.184301 -1475.184435 -1475.184601 -1475.184832 -1475.185170 -1475.185689 -1475.186504 -1475.187808 -1475.189929 -1475.193445 -1475.199407 -1475.209792 -1475.228426 -1475.262878 -1475.328401 -1475.456441 -1475.714575 -1476.258075 -1477.472987 -1480.393572 -1488.091460 -1511.762353 -9999.0 -9999.0
-9999.0 -9999.0 676.988243 580.913398 483.992915 386.502598 288.745715 190.873837 92.962682 -4.945110 -102.819952 -200.645975 -298.364774 -395.852921 -492.888738 -589.165846 -684.178410 -779.827166 -874.979451 -969.440653 -1062.900826 -1146.951428 -1221.833864 -1285.345365 -1336.703704 -1376.493495 -1406.219424 -1427.770019 -1443.013327 -1453.578828 -1460.781700 -1465.627399 -1468.853963 -1470.986221 -1472.388466 -1473.310968 -1473.932529 -1474.423634 -1475.179931 -1477.906058 -1489.700033 -1541.438005 -2017.807879 -4244.886789 -4281.881622 -4281.435191 -4281.020702 -4280.953546 -4280.946612 -4280.947337 -4280.949139 -4280.951066 -4280.952911 -4280.954616 -4280.956189 -4280.957959 -4280.963199 -4281.000215 -4281.239197 -4281.607423 -4219.898707 -1865.187386 -1506.731374 -1482.698210 -1476.627676 -1475.414957 -1475.215186 -1475.184594 -1475.180484 -1475.180616 -1475.181346 -1475.182029 -1475.182572 -1475.182990 -1475.183311 -1475.183561 -1475.183761 -1475.183923 -1475.184059 -1475.184181 -1475.184301 -1475.184435 -1475.184601 -1475.184832 -1475.185170 -1475.185689 -1475.186504 -1475.187808 -1475.189929 -1475.193445 -1475.199407 -1475.209792 -1475.228426 -1475.262878 -1475.328401 -1475.456441 -1475.714575 -1476.258075 -1477.472987 -1480.393572 -1488.091460 -1511.762353 -9999.0 -9999.0
-9999.0 -9999.0 676.988243 580.913398 483.992915 386.502598 288.745715 190.873837 92.962682 -4.945110 -102.819952 -200.645975 -298.364775 -395.852921 -492.888738 -589.165846 -684.178410 -779.827166 -874.979451 -969.440653 -1062.900826 -1146.951428 -1221.833864 -1285.345365 -1336.703704 -1376.493495 -1406.219424 -1427.770019 -1443.013327 -1453.578828 -1460.781700 -1465.627399 -1468.853963 -1470.986221 -1472.388466 -1473.310968 -1473.932529 -1474.423634 -1475.179931 -1477.906058 -1489.700033 -1541.438005 -2017.807879 -4244.886789 -4281.881622 -4281.435191 -4281.020702 -4280.953546 -4280.946612 -4280.947337 -4280.949139 -4280.951066 -4280.952911 -4280.954616 -4280.956189 -4280.957959 -4280.963199 -4281.000215 -4281.239197 -4281.607423 -4219.898707 -1865.187386 -1506.731374 -1482.698210 -1476.627676 -1475.414957 -1475.215186 -1475.184594 -1475.180484 -1475.180616 -1475.181346 -1475.182029 -1475.182572 -1475.182990 -1475.183311 -1475.183561 -1475.183761 -1475.183923 -1475.184059 -1475.184181 -1475.184301 -1475.184435 -1475.184601 -1475.184832 -1475.185170 -1475.185689 -1475.186504 -1475.187808 -1475.189929 -1475.193445 -1475.199407 -1475.209792 -1475.228426 -1475.262878 -1475.328401 -1475.456441 -1475.714575 -1476.258075 -1477.472987 -1480.393572 -1488.091460 -1511.762353 -9999.0 -9999.0
-9999.0 -9999.0 676.986788 580.912636 483.992603 386.502482 288.745673 190.873822 92.962676 -4.945112 -102.819953 -200.645975 -298.364775 -395.852921 -492.888738 -589.165846 -684.178410 -779.827166 -874.979451 -969.440653 -1062.900826 -1146.951427 -1221.833864 -1285.345365 -1336.703704 -1376.493495 -1406.219424 -1427.770019 -1443.013327 -1453.578828 -1460.781700 -1465.627399 -1468.853963 -1470.986221 -1472.388466 -1473.310968 -1473.932529 -1474.423634 -1475.179931 -1477.906058 -1489.700033 -1541.438005 -2017.807879 -4244.886789 -4281.881622 -4281.435191 -4281.020702 -4280.953546 -4280.946612 -4280.947337 -4280.949139 -4280.951066 -4280.952911 -4280.954616 -4280.956189 -4280.957959 -4280.963199 -4281.000215 -4281.239197 -4281.607423 -4219.898707 -1865.187386 -1506.731374 -1482.698210 -1476.627676 -1475.414957 -1475.215186 -1475.184594 -1475.180484 -1475.180616 -1475.181346 -1475.182029 -1475.182572 -1475.182990 -1475.183311 -1475.183561 -1475.183761 -1475.183923 -1475.184059 -1475.184181 -1475.184301 -1475.184435 -1475.184601 -1475.184832 -1475.185170 -1475.185689 -1475.186504 -1475.187808 -1475.189929 -1475.193445 -1475.199407 -1475.209792 -1475.228426 -1475.262878 -1475.328401 -1475.456441 -1475.714575 -1476.258075 -1477.472987 -1480.393572 -1488.091460 -1511.762353 -9999.0 -9999.0
-9999.0 -9999.0 676.981932 580.911064 483.992133 386.502336 288.745625 190.873806 92.962670 -4.945114 -102.819954 -200.645975 -298.364775 -395.852921 -492.888738 -589.165846 -684.178410 -779.827166 -874.979451 -969.440653 -1062.900825 -1146.951427 -1221.833863 -1285.345365 -1336.703703 -1376.493495 -1406.219424 -1427.770018 -1443.013327 -1453.578828 -1460.781700 -1465.627399 -1468.853963 -1470.986221 -1472.388466 -1473.310968 -1473.932529 -1474.423634 -1475.179931 -1477.906058 -1489.700033 -1541.438005 -2017.807880 -4244.886789 -4281.881622 -4281.435191 -4281.020702 -4280.953546 -4280.946612 -4280.947337 -4280.949139 -4280.951066 -4280.952911 -4280.954616 -4280.956189 -4280.957959 -4280.963199 -4281.000215 -4281.239197 -4281.607423 -4219.898707 -1865.187386 -1506.731374 -1482.698210 -1476.627676 -1475.414957 -1475.215186 -1475.184594 -1475.180484 -1475.180616 -1475.181346 -1475.182029 -1475.182572 -1475.182990 -1475.183311 -1475.183561 -1475.183761 -1475.183923 -1475.184059 -1475.184181 -1475.184301 -1475.184435 -1475.184601 -1475.184832 -1475.185170 -1475.185689 -1475.186504 -1475.187808 -1475.189929 -1475.193445 -1475.199407 -1475.209792 -1475.228426 -1475.262878 -1475.328401 -1475.456441 -1475.714575 -1476.258075 -1477.472987 -1480.393572 -1488.091460 -1511.762353 -9999.0 -9999.0
-9999.0 -9999.0 -9999.0 -9999.0 -9999.0 -9999.0 -9999.0 -9999.0 -9999.0 -9999.0 -9999.0 -9999.0 -9999.0 -9999.0 -9999.0 -9999.0 -9999.0 -9999.0 -9999.0 -9999.0 -9999.0 -9999.0 -9999.0 -9999.0 -9999.0 -9999.0 -9999.0 -9999.0 -9999.0 -9999.0 -9999.0 -9999.0 -9999.0 -9999.0 -9999.0 -9999.0 -9999.0 -9999.0 -9999.0 -9999.0 -9999.0 -9999.0 -9999.0 -9999.0 -9999.0 -9999.0 -9999.0 -9999.0 -9999.0 -9999.0 -9999.0 -9999.0 -9999.0 -9999.0 -9999.0 -9999.0 -9999.0 -9999.0 -9999.0 -9999.0 -9999.0 -9999.0 -9999.0 -9999.0 -9999.0 -9999.0 -9999.0 -9999.0 -9999.0 -9999.0 -9999.0 -9999.0 -9999.0 -9999.0 -9999.0 -9999.0 -9999.0 -9999.0 -9999.0 -9999.0 -9999.0 -9999.0 -9999.0 -9999.0 -9999.0 -9999.0 -9999.0 -9999.0 -9999.0 -9999.0 -9999.0 -9999.0 -9999.0 -9999.0 -9999.0 -9999.0 -9999.0 -9999.0 -9999.0 -9999.0 -9999.0 -9999.0 -9999.0 -9999.0
-9999.0 -9999.0 -9999.0 -9999.0 -9999.0 -9999.0 -9999.0 -9999.0 -9999.0 -9999.0 -9999.0 -9999.0 -9999.0 -9999.0 -9999.0 -9999.0 -9999.0 -9999.0 -9999.0 -9999.0 -9999.0 -9999.0 -9999.0 -9999.0 -9999.0 -9999.0 -9999.0 -9999.0 -9999.0 -9999.0 -9999.0 -9999.0 -9999.0 -9999.0 -9999.0 -9999.0 -9999.0 -9999.0 -9999.0 -9999.0 -9999.0 -9999.0 -9999.0 -9999.0 -9999.0 -9999.0 -9999.0 -9999.0 -9999.0 -9999.0 -9999.0 -9999.0 -9999.0 -9999.0 -9999.0 -9999.0 -9999.0 -9999.0 -9999.0 -9999.0 -9999.0 -9999.0 -9999.0 -9999.0 -9999.0 -9999.0 -9999.0 -9999.0 -9999.0 -9999.0 -9999.0 -9999.0 -9999.0 -9999.0 -9999.0 -9999.0 -9999.0 -9999.0 -9999.0 -9999.0 -9999.0 -9999.0 -9999.0 -9999.0 -9999.0 -9999.0 -9999.0 -9999.0 -9999.0 -9999.0 -9999.0 -9999.0 -9999.0 -9999.0 -9999.0 -9999.0 -9999.0 -9999.0 -9999.0 -9999.0 -9999.0 -9999.0 -9999.0 -9999.0