inst/processing_geotop_simulation/geotop_simulation/out/maps3D/PwL0018N0425.asc
ncols         104
nrows         10
xllcorner     -2.000000
yllcorner     0.000000
cellsize      1.000000
NODATA_value  -9999.0
-9999.0 -9999.0 -9999.0 -9999.0 -9999.0 -9999.0 -9999.0 -9999.0 -9999.0 -9999.0 -9999.0 -9999.0 -9999.0 -9999.0 -9999.0 -9999.0 -9999.0 -9999.0 -9999.0 -9999.0 -9999.0 -9999.0 -9999.0 -9999.0 -9999.0 -9999.0 -9999.0 -9999.0 -9999.0 -9999.0 -9999.0 -9999.0 -9999.0 -9999.0 -9999.0 -9999.0 -9999.0 -9999.0 -9999.0 -9999.0 -9999.0 -9999.0 -9999.0 -9999.0 -9999.0 -9999.0 -9999.0 -9999.0 -9999.0 -9999.0 -9999.0 -9999.0 -9999.0 -9999.0 -9999.0 -9999.0 -9999.0 -9999.0 -9999.0 -9999.0 -9999.0 -9999.0 -9999.0 -9999.0 -9999.0 -9999.0 -9999.0 -9999.0 -9999.0 -9999.0 -9999.0 -9999.0 -9999.0 -9999.0 -9999.0 -9999.0 -9999.0 -9999.0 -9999.0 -9999.0 -9999.0 -9999.0 -9999.0 -9999.0 -9999.0 -9999.0 -9999.0 -9999.0 -9999.0 -9999.0 -9999.0 -9999.0 -9999.0 -9999.0 -9999.0 -9999.0 -9999.0 -9999.0 -9999.0 -9999.0 -9999.0 -9999.0 -9999.0 -9999.0
-9999.0 -9999.0 -9999.0 -9999.0 -9999.0 -9999.0 -9999.0 -9999.0 -9999.0 -9999.0 -9999.0 -9999.0 -9999.0 -9999.0 -9999.0 -9999.0 -9999.0 -9999.0 -9999.0 -9999.0 -9999.0 -9999.0 -9999.0 -9999.0 -9999.0 -9999.0 -9999.0 -9999.0 -9999.0 -9999.0 -9999.0 -9999.0 -9999.0 -9999.0 -9999.0 -9999.0 -9999.0 -9999.0 -9999.0 -9999.0 -9999.0 -9999.0 -9999.0 -9999.0 -9999.0 -9999.0 -9999.0 -9999.0 -9999.0 -9999.0 -9999.0 -9999.0 -9999.0 -9999.0 -9999.0 -9999.0 -9999.0 -9999.0 -9999.0 -9999.0 -9999.0 -9999.0 -9999.0 -9999.0 -9999.0 -9999.0 -9999.0 -9999.0 -9999.0 -9999.0 -9999.0 -9999.0 -9999.0 -9999.0 -9999.0 -9999.0 -9999.0 -9999.0 -9999.0 -9999.0 -9999.0 -9999.0 -9999.0 -9999.0 -9999.0 -9999.0 -9999.0 -9999.0 -9999.0 -9999.0 -9999.0 -9999.0 -9999.0 -9999.0 -9999.0 -9999.0 -9999.0 -9999.0 -9999.0 -9999.0 -9999.0 -9999.0 -9999.0 -9999.0
-9999.0 -9999.0 869.217617 770.186173 671.039125 571.763467 472.420989 373.049205 273.668216 174.288868 74.917178 -24.441448 -123.783917 -223.108463 -322.402405 -421.643748 -520.791694 -619.774129 -718.469966 -817.252278 -915.816133 -1014.036537 -1111.710345 -1204.924879 -1293.034905 -1373.926381 -1445.739901 -1507.242347 -1558.045777 -1598.600807 -1629.995482 -1653.665360 -1671.123845 -1683.774194 -1692.812868 -1699.205720 -1703.719286 -1707.027157 -1710.011466 -1714.432420 -1723.107870 -1737.682862 -1920.550403 -3996.507663 -4084.143009 -4084.157275 -4084.132294 -4083.907623 -4082.989165 -4080.348513 -4073.957231 -4058.034812 -4035.405980 -4009.972184 -3973.838120 -3917.083768 -3825.887328 -3686.999046 -3498.314450 -3273.712169 -2945.738957 -1669.853781 -1693.730122 -1715.061542 -1714.959809 -1714.056788 -1713.780022 -1713.721137 -1713.710835 -1713.709603 -1713.709883 -1713.710346 -1713.710769 -1713.711132 -1713.711444 -1713.711720 -1713.711969 -1713.712201 -1713.712422 -1713.712641 -1713.712864 -1713.713102 -1713.713368 -1713.713681 -1713.714071 -1713.714585 -1713.715299 -1713.716343 -1713.717939 -1713.720487 -1713.724726 -1713.732073 -1713.745315 -1713.770088 -1713.818164 -1713.915242 -1714.120876 -1714.582723 -1715.692945 -1718.577896 -1726.803972 -1753.013961 -9999.0 -9999.0
-9999.0 -9999.0 869.220679 770.187294 671.039483 571.763583 472.421028 373.049219 273.668221 174.288870 74.917179 -24.441447 -123.783916 -223.108463 -322.402405 -421.643748 -520.791694 -619.774129 -718.469967 -817.252279 -915.816134 -1014.036537 -1111.710345 -1204.924879 -1293.034905 -1373.926381 -1445.739901 -1507.242347 -1558.045777 -1598.600807 -1629.995482 -1653.665360 -1671.123845 -1683.774194 -1692.812868 -1699.205720 -1703.719286 -1707.027157 -1710.011466 -1714.432420 -1723.107870 -1737.682861 -1920.550402 -3996.507663 -4084.143009 -4084.157275 -4084.132294 -4083.907623 -4082.989165 -4080.348513 -4073.957231 -4058.034812 -4035.405980 -4009.972184 -3973.838120 -3917.083768 -3825.887327 -3686.999046 -3498.314449 -3273.712169 -2945.738958 -1669.853781 -1693.730122 -1715.061542 -1714.959809 -1714.056788 -1713.780022 -1713.721137 -1713.710835 -1713.709603 -1713.709883 -1713.710346 -1713.710769 -1713.711132 -1713.711444 -1713.711719 -1713.711969 -1713.712201 -1713.712422 -1713.712641 -1713.712864 -1713.713102 -1713.713368 -1713.713681 -1713.714071 -1713.714585 -1713.715299 -1713.716343 -1713.717939 -1713.720487 -1713.724726 -1713.732073 -1713.745315 -1713.770088 -1713.818164 -1713.915241 -1714.120876 -1714.582723 -1715.692945 -1718.577896 -1726.803972 -1753.013961 -9999.0 -9999.0
-9999.0 -9999.0 869.221783 770.187881 671.039729 571.763676 472.421062 373.049232 273.668226 174.288872 74.917180 -24.441447 -123.783916 -223.108463 -322.402405 -421.643748 -520.791694 -619.774129 -718.469967 -817.252279 -915.816134 -1014.036537 -1111.710346 -1204.924879 -1293.034905 -1373.926381 -1445.739901 -1507.242347 -1558.045777 -1598.600807 -1629.995482 -1653.665360 -1671.123845 -1683.774194 -1692.812868 -1699.205720 -1703.719286 -1707.027157 -1710.011466 -1714.432420 -1723.107870 -1737.682861 -1920.550403 -3996.507663 -4084.143009 -4084.157275 -4084.132294 -4083.907623 -4082.989165 -4080.348513 -4073.957231 -4058.034812 -4035.405980 -4009.972184 -3973.838120 -3917.083768 -3825.887327 -3686.999045 -3498.314449 -3273.712168 -2945.738957 -1669.853781 -1693.730122 -1715.061542 -1714.959809 -1714.056788 -1713.780022 -1713.721137 -1713.710835 -1713.709603 -1713.709883 -1713.710346 -1713.710769 -1713.711132 -1713.711444 -1713.711719 -1713.711969 -1713.712201 -1713.712422 -1713.712641 -1713.712864 -1713.713102 -1713.713368 -1713.713681 -1713.714071 -1713.714585 -1713.715299 -1713.716343 -1713.717939 -1713.720487 -1713.724726 -1713.732073 -1713.745315 -1713.770088 -1713.818164 -1713.915241 -1714.120876 -1714.582723 -1715.692945 -1718.577896 -1726.803972 -1753.013961 -9999.0 -9999.0
-9999.0 -9999.0 869.221783 770.187881 671.039729 571.763676 472.421062 373.049232 273.668226 174.288872 74.917180 -24.441447 -123.783916 -223.108463 -322.402405 -421.643748 -520.791694 -619.774130 -718.469967 -817.252279 -915.816134 -1014.036537 -1111.710346 -1204.924879 -1293.034905 -1373.926381 -1445.739901 -1507.242347 -1558.045777 -1598.600807 -1629.995482 -1653.665360 -1671.123845 -1683.774194 -1692.812868 -1699.205720 -1703.719286 -1707.027157 -1710.011466 -1714.432420 -1723.107870 -1737.682861 -1920.550403 -3996.507663 -4084.143009 -4084.157275 -4084.132294 -4083.907623 -4082.989165 -4080.348513 -4073.957231 -4058.034812 -4035.405980 -4009.972184 -3973.838120 -3917.083768 -3825.887327 -3686.999046 -3498.314448 -3273.712168 -2945.738957 -1669.853781 -1693.730122 -1715.061542 -1714.959809 -1714.056788 -1713.780022 -1713.721137 -1713.710835 -1713.709603 -1713.709883 -1713.710346 -1713.710769 -1713.711132 -1713.711444 -1713.711719 -1713.711969 -1713.712201 -1713.712422 -1713.712641 -1713.712864 -1713.713102 -1713.713368 -1713.713681 -1713.714071 -1713.714585 -1713.715299 -1713.716343 -1713.717939 -1713.720487 -1713.724726 -1713.732073 -1713.745315 -1713.770088 -1713.818164 -1713.915241 -1714.120876 -1714.582723 -1715.692945 -1718.577896 -1726.803972 -1753.013961 -9999.0 -9999.0
-9999.0 -9999.0 869.220679 770.187294 671.039483 571.763583 472.421028 373.049219 273.668221 174.288870 74.917179 -24.441447 -123.783916 -223.108463 -322.402405 -421.643748 -520.791694 -619.774129 -718.469967 -817.252279 -915.816134 -1014.036537 -1111.710345 -1204.924879 -1293.034905 -1373.926381 -1445.739901 -1507.242347 -1558.045777 -1598.600807 -1629.995482 -1653.665360 -1671.123845 -1683.774194 -1692.812868 -1699.205720 -1703.719286 -1707.027157 -1710.011466 -1714.432420 -1723.107870 -1737.682861 -1920.550402 -3996.507663 -4084.143009 -4084.157275 -4084.132294 -4083.907623 -4082.989165 -4080.348513 -4073.957231 -4058.034812 -4035.405980 -4009.972184 -3973.838120 -3917.083768 -3825.887328 -3686.999046 -3498.314449 -3273.712168 -2945.738958 -1669.853781 -1693.730122 -1715.061542 -1714.959809 -1714.056788 -1713.780022 -1713.721137 -1713.710835 -1713.709603 -1713.709883 -1713.710346 -1713.710769 -1713.711132 -1713.711444 -1713.711719 -1713.711969 -1713.712201 -1713.712422 -1713.712641 -1713.712864 -1713.713102 -1713.713368 -1713.713681 -1713.714071 -1713.714585 -1713.715299 -1713.716343 -1713.717939 -1713.720487 -1713.724726 -1713.732073 -1713.745315 -1713.770088 -1713.818164 -1713.915241 -1714.120876 -1714.582723 -1715.692945 -1718.577896 -1726.803972 -1753.013961 -9999.0 -9999.0
-9999.0 -9999.0 869.217617 770.186173 671.039125 571.763467 472.420989 373.049205 273.668216 174.288868 74.917178 -24.441448 -123.783917 -223.108463 -322.402405 -421.643748 -520.791693 -619.774129 -718.469966 -817.252278 -915.816133 -1014.036537 -1111.710345 -1204.924879 -1293.034905 -1373.926381 -1445.739901 -1507.242347 -1558.045777 -1598.600807 -1629.995482 -1653.665360 -1671.123845 -1683.774194 -1692.812868 -1699.205720 -1703.719286 -1707.027157 -1710.011466 -1714.432420 -1723.107870 -1737.682862 -1920.550403 -3996.507663 -4084.143009 -4084.157275 -4084.132294 -4083.907623 -4082.989165 -4080.348513 -4073.957231 -4058.034812 -4035.405980 -4009.972184 -3973.838120 -3917.083768 -3825.887328 -3686.999047 -3498.314449 -3273.712169 -2945.738958 -1669.853781 -1693.730122 -1715.061542 -1714.959809 -1714.056788 -1713.780022 -1713.721137 -1713.710835 -1713.709603 -1713.709883 -1713.710346 -1713.710769 -1713.711132 -1713.711444 -1713.711720 -1713.711969 -1713.712201 -1713.712422 -1713.712641 -1713.712864 -1713.713102 -1713.713368 -1713.713681 -1713.714071 -1713.714585 -1713.715299 -1713.716343 -1713.717939 -1713.720487 -1713.724726 -1713.732073 -1713.745315 -1713.770088 -1713.818164 -1713.915242 -1714.120876 -1714.582723 -1715.692945 -1718.577896 -1726.803972 -1753.013961 -9999.0 -9999.0
-9999.0 -9999.0 -9999.0 -9999.0 -9999.0 -9999.0 -9999.0 -9999.0 -9999.0 -9999.0 -9999.0 -9999.0 -9999.0 -9999.0 -9999.0 -9999.0 -9999.0 -9999.0 -9999.0 -9999.0 -9999.0 -9999.0 -9999.0 -9999.0 -9999.0 -9999.0 -9999.0 -9999.0 -9999.0 -9999.0 -9999.0 -9999.0 -9999.0 -9999.0 -9999.0 -9999.0 -9999.0 -9999.0 -9999.0 -9999.0 -9999.0 -9999.0 -9999.0 -9999.0 -9999.0 -9999.0 -9999.0 -9999.0 -9999.0 -9999.0 -9999.0 -9999.0 -9999.0 -9999.0 -9999.0 -9999.0 -9999.0 -9999.0 -9999.0 -9999.0 -9999.0 -9999.0 -9999.0 -9999.0 -9999.0 -9999.0 -9999.0 -9999.0 -9999.0 -9999.0 -9999.0 -9999.0 -9999.0 -9999.0 -9999.0 -9999.0 -9999.0 -9999.0 -9999.0 -9999.0 -9999.0 -9999.0 -9999.0 -9999.0 -9999.0 -9999.0 -9999.0 -9999.0 -9999.0 -9999.0 -9999.0 -9999.0 -9999.0 -9999.0 -9999.0 -9999.0 -9999.0 -9999.0 -9999.0 -9999.0 -9999.0 -9999.0 -9999.0 -9999.0
-9999.0 -9999.0 -9999.0 -9999.0 -9999.0 -9999.0 -9999.0 -9999.0 -9999.0 -9999.0 -9999.0 -9999.0 -9999.0 -9999.0 -9999.0 -9999.0 -9999.0 -9999.0 -9999.0 -9999.0 -9999.0 -9999.0 -9999.0 -9999.0 -9999.0 -9999.0 -9999.0 -9999.0 -9999.0 -9999.0 -9999.0 -9999.0 -9999.0 -9999.0 -9999.0 -9999.0 -9999.0 -9999.0 -9999.0 -9999.0 -9999.0 -9999.0 -9999.0 -9999.0 -9999.0 -9999.0 -9999.0 -9999.0 -9999.0 -9999.0 -9999.0 -9999.0 -9999.0 -9999.0 -9999.0 -9999.0 -9999.0 -9999.0 -9999.0 -9999.0 -9999.0 -9999.0 -9999.0 -9999.0 -9999.0 -9999.0 -9999.0 -9999.0 -9999.0 -9999.0 -9999.0 -9999.0 -9999.0 -9999.0 -9999.0 -9999.0 -9999.0 -9999.0 -9999.0 -9999.0 -9999.0 -9999.0 -9999.0 -9999.0 -9999.0 -9999.0 -9999.0 -9999.0 -9999.0 -9999.0 -9999.0 -9999.0 -9999.0 -9999.0 -9999.0 -9999.0 -9999.0 -9999.0 -9999.0 -9999.0 -9999.0 -9999.0 -9999.0 -9999.0