inst/processing_geotop_simulation/geotop_simulation/out/maps3D/PwL0018N0157.asc
ncols         104
nrows         10
xllcorner     -2.000000
yllcorner     0.000000
cellsize      1.000000
NODATA_value  -9999.0
-9999.0 -9999.0 -9999.0 -9999.0 -9999.0 -9999.0 -9999.0 -9999.0 -9999.0 -9999.0 -9999.0 -9999.0 -9999.0 -9999.0 -9999.0 -9999.0 -9999.0 -9999.0 -9999.0 -9999.0 -9999.0 -9999.0 -9999.0 -9999.0 -9999.0 -9999.0 -9999.0 -9999.0 -9999.0 -9999.0 -9999.0 -9999.0 -9999.0 -9999.0 -9999.0 -9999.0 -9999.0 -9999.0 -9999.0 -9999.0 -9999.0 -9999.0 -9999.0 -9999.0 -9999.0 -9999.0 -9999.0 -9999.0 -9999.0 -9999.0 -9999.0 -9999.0 -9999.0 -9999.0 -9999.0 -9999.0 -9999.0 -9999.0 -9999.0 -9999.0 -9999.0 -9999.0 -9999.0 -9999.0 -9999.0 -9999.0 -9999.0 -9999.0 -9999.0 -9999.0 -9999.0 -9999.0 -9999.0 -9999.0 -9999.0 -9999.0 -9999.0 -9999.0 -9999.0 -9999.0 -9999.0 -9999.0 -9999.0 -9999.0 -9999.0 -9999.0 -9999.0 -9999.0 -9999.0 -9999.0 -9999.0 -9999.0 -9999.0 -9999.0 -9999.0 -9999.0 -9999.0 -9999.0 -9999.0 -9999.0 -9999.0 -9999.0 -9999.0 -9999.0
-9999.0 -9999.0 -9999.0 -9999.0 -9999.0 -9999.0 -9999.0 -9999.0 -9999.0 -9999.0 -9999.0 -9999.0 -9999.0 -9999.0 -9999.0 -9999.0 -9999.0 -9999.0 -9999.0 -9999.0 -9999.0 -9999.0 -9999.0 -9999.0 -9999.0 -9999.0 -9999.0 -9999.0 -9999.0 -9999.0 -9999.0 -9999.0 -9999.0 -9999.0 -9999.0 -9999.0 -9999.0 -9999.0 -9999.0 -9999.0 -9999.0 -9999.0 -9999.0 -9999.0 -9999.0 -9999.0 -9999.0 -9999.0 -9999.0 -9999.0 -9999.0 -9999.0 -9999.0 -9999.0 -9999.0 -9999.0 -9999.0 -9999.0 -9999.0 -9999.0 -9999.0 -9999.0 -9999.0 -9999.0 -9999.0 -9999.0 -9999.0 -9999.0 -9999.0 -9999.0 -9999.0 -9999.0 -9999.0 -9999.0 -9999.0 -9999.0 -9999.0 -9999.0 -9999.0 -9999.0 -9999.0 -9999.0 -9999.0 -9999.0 -9999.0 -9999.0 -9999.0 -9999.0 -9999.0 -9999.0 -9999.0 -9999.0 -9999.0 -9999.0 -9999.0 -9999.0 -9999.0 -9999.0 -9999.0 -9999.0 -9999.0 -9999.0 -9999.0 -9999.0
-9999.0 -9999.0 883.703812 789.526500 694.676375 599.062696 503.047227 406.851537 310.594711 214.340912 118.125473 21.970734 -74.095839 -170.059024 -265.837263 -361.286704 -456.174710 -550.140642 -642.472345 -734.849366 -825.789880 -915.090141 -1002.547275 -1071.350876 -1127.485163 -1170.940992 -1203.029379 -1225.784184 -1241.385702 -1251.790392 -1258.576349 -1262.925818 -1265.677872 -1267.404141 -1268.481982 -1269.157045 -1269.595005 -1269.940747 -1270.520593 -1273.010079 -1286.418655 -1369.373879 -2019.460961 -4065.354411 -4084.157482 -4084.158416 -4084.158412 -4084.158363 -4084.158082 -4084.157037 -4084.153839 -4084.143635 -4084.125461 -4084.100600 -4084.057130 -4083.967925 -4083.759559 -4083.221736 -4081.722639 -4077.227261 -4027.110616 -1829.554258 -1333.098482 -1280.174787 -1271.891720 -1270.666351 -1270.492768 -1270.467373 -1270.464235 -1270.464765 -1270.465775 -1270.466671 -1270.467373 -1270.467909 -1270.468321 -1270.468642 -1270.468897 -1270.469104 -1270.469277 -1270.469431 -1270.469581 -1270.469747 -1270.469955 -1270.470241 -1270.470664 -1270.471312 -1270.472329 -1270.473956 -1270.476599 -1270.480968 -1270.488350 -1270.501152 -1270.524018 -1270.566110 -1270.645817 -1270.800787 -1271.111069 -1271.759026 -1273.197707 -1276.629932 -1285.415702 -1310.511176 -9999.0 -9999.0
-9999.0 -9999.0 883.707636 789.527904 694.676825 599.062841 503.047275 406.851554 310.594717 214.340914 118.125474 21.970735 -74.095839 -170.059024 -265.837263 -361.286704 -456.174710 -550.140642 -642.472346 -734.849366 -825.789880 -915.090142 -1002.547275 -1071.350877 -1127.485163 -1170.940992 -1203.029380 -1225.784184 -1241.385702 -1251.790392 -1258.576349 -1262.925818 -1265.677872 -1267.404141 -1268.481982 -1269.157045 -1269.595005 -1269.940747 -1270.520593 -1273.010079 -1286.418655 -1369.373879 -2019.460961 -4065.354411 -4084.157482 -4084.158416 -4084.158412 -4084.158363 -4084.158082 -4084.157037 -4084.153839 -4084.143635 -4084.125461 -4084.100600 -4084.057130 -4083.967925 -4083.759559 -4083.221736 -4081.722639 -4077.227261 -4027.110616 -1829.554258 -1333.098482 -1280.174787 -1271.891720 -1270.666351 -1270.492768 -1270.467373 -1270.464235 -1270.464765 -1270.465775 -1270.466671 -1270.467373 -1270.467909 -1270.468321 -1270.468642 -1270.468897 -1270.469104 -1270.469277 -1270.469431 -1270.469581 -1270.469747 -1270.469955 -1270.470241 -1270.470664 -1270.471312 -1270.472329 -1270.473956 -1270.476599 -1270.480968 -1270.488350 -1270.501152 -1270.524018 -1270.566110 -1270.645817 -1270.800787 -1271.111069 -1271.759026 -1273.197707 -1276.629932 -1285.415702 -1310.511176 -9999.0 -9999.0
-9999.0 -9999.0 883.709014 789.528638 694.677133 599.062958 503.047318 406.851569 310.594722 214.340916 118.125475 21.970735 -74.095839 -170.059024 -265.837264 -361.286704 -456.174710 -550.140643 -642.472346 -734.849366 -825.789881 -915.090142 -1002.547275 -1071.350877 -1127.485164 -1170.940993 -1203.029380 -1225.784184 -1241.385702 -1251.790392 -1258.576349 -1262.925818 -1265.677872 -1267.404141 -1268.481982 -1269.157045 -1269.595005 -1269.940747 -1270.520593 -1273.010079 -1286.418655 -1369.373879 -2019.460961 -4065.354411 -4084.157482 -4084.158416 -4084.158412 -4084.158363 -4084.158082 -4084.157037 -4084.153839 -4084.143635 -4084.125461 -4084.100600 -4084.057130 -4083.967925 -4083.759559 -4083.221736 -4081.722639 -4077.227261 -4027.110616 -1829.554258 -1333.098482 -1280.174787 -1271.891720 -1270.666351 -1270.492768 -1270.467373 -1270.464235 -1270.464765 -1270.465775 -1270.466671 -1270.467373 -1270.467909 -1270.468321 -1270.468642 -1270.468897 -1270.469104 -1270.469277 -1270.469431 -1270.469581 -1270.469747 -1270.469955 -1270.470241 -1270.470664 -1270.471312 -1270.472329 -1270.473956 -1270.476599 -1270.480968 -1270.488350 -1270.501152 -1270.524018 -1270.566110 -1270.645817 -1270.800787 -1271.111069 -1271.759026 -1273.197707 -1276.629932 -1285.415702 -1310.511176 -9999.0 -9999.0
-9999.0 -9999.0 883.709014 789.528638 694.677133 599.062958 503.047318 406.851569 310.594722 214.340916 118.125475 21.970735 -74.095839 -170.059024 -265.837263 -361.286704 -456.174710 -550.140643 -642.472346 -734.849366 -825.789881 -915.090142 -1002.547275 -1071.350877 -1127.485164 -1170.940993 -1203.029380 -1225.784184 -1241.385702 -1251.790392 -1258.576349 -1262.925818 -1265.677872 -1267.404141 -1268.481982 -1269.157045 -1269.595005 -1269.940747 -1270.520593 -1273.010079 -1286.418655 -1369.373879 -2019.460961 -4065.354411 -4084.157482 -4084.158416 -4084.158412 -4084.158363 -4084.158082 -4084.157037 -4084.153839 -4084.143635 -4084.125461 -4084.100600 -4084.057130 -4083.967925 -4083.759559 -4083.221736 -4081.722639 -4077.227261 -4027.110616 -1829.554258 -1333.098482 -1280.174787 -1271.891720 -1270.666351 -1270.492768 -1270.467373 -1270.464235 -1270.464765 -1270.465775 -1270.466671 -1270.467373 -1270.467909 -1270.468321 -1270.468642 -1270.468897 -1270.469104 -1270.469277 -1270.469431 -1270.469581 -1270.469747 -1270.469955 -1270.470241 -1270.470664 -1270.471312 -1270.472329 -1270.473956 -1270.476599 -1270.480968 -1270.488350 -1270.501152 -1270.524018 -1270.566110 -1270.645817 -1270.800787 -1271.111069 -1271.759026 -1273.197707 -1276.629932 -1285.415702 -1310.511176 -9999.0 -9999.0
-9999.0 -9999.0 883.707636 789.527904 694.676825 599.062841 503.047275 406.851554 310.594717 214.340914 118.125474 21.970735 -74.095839 -170.059024 -265.837263 -361.286704 -456.174710 -550.140642 -642.472346 -734.849366 -825.789880 -915.090142 -1002.547275 -1071.350877 -1127.485163 -1170.940992 -1203.029380 -1225.784184 -1241.385702 -1251.790392 -1258.576349 -1262.925818 -1265.677872 -1267.404141 -1268.481982 -1269.157045 -1269.595005 -1269.940747 -1270.520593 -1273.010079 -1286.418655 -1369.373879 -2019.460961 -4065.354411 -4084.157482 -4084.158416 -4084.158412 -4084.158363 -4084.158082 -4084.157037 -4084.153839 -4084.143635 -4084.125461 -4084.100600 -4084.057130 -4083.967925 -4083.759559 -4083.221736 -4081.722639 -4077.227261 -4027.110616 -1829.554258 -1333.098482 -1280.174787 -1271.891720 -1270.666351 -1270.492768 -1270.467373 -1270.464235 -1270.464765 -1270.465775 -1270.466671 -1270.467373 -1270.467909 -1270.468321 -1270.468642 -1270.468897 -1270.469104 -1270.469277 -1270.469431 -1270.469581 -1270.469747 -1270.469955 -1270.470241 -1270.470664 -1270.471312 -1270.472329 -1270.473956 -1270.476599 -1270.480968 -1270.488350 -1270.501152 -1270.524018 -1270.566110 -1270.645817 -1270.800787 -1271.111069 -1271.759026 -1273.197707 -1276.629932 -1285.415702 -1310.511176 -9999.0 -9999.0
-9999.0 -9999.0 883.703812 789.526500 694.676375 599.062696 503.047227 406.851537 310.594711 214.340912 118.125474 21.970734 -74.095839 -170.059024 -265.837263 -361.286704 -456.174710 -550.140642 -642.472345 -734.849366 -825.789880 -915.090141 -1002.547275 -1071.350876 -1127.485163 -1170.940992 -1203.029379 -1225.784184 -1241.385702 -1251.790392 -1258.576349 -1262.925818 -1265.677872 -1267.404141 -1268.481982 -1269.157045 -1269.595005 -1269.940747 -1270.520593 -1273.010079 -1286.418655 -1369.373879 -2019.460961 -4065.354411 -4084.157482 -4084.158416 -4084.158412 -4084.158363 -4084.158082 -4084.157037 -4084.153839 -4084.143635 -4084.125461 -4084.100600 -4084.057130 -4083.967925 -4083.759559 -4083.221736 -4081.722639 -4077.227261 -4027.110616 -1829.554258 -1333.098482 -1280.174787 -1271.891720 -1270.666351 -1270.492768 -1270.467373 -1270.464235 -1270.464765 -1270.465775 -1270.466671 -1270.467373 -1270.467909 -1270.468321 -1270.468642 -1270.468897 -1270.469104 -1270.469277 -1270.469431 -1270.469581 -1270.469747 -1270.469955 -1270.470241 -1270.470664 -1270.471312 -1270.472329 -1270.473956 -1270.476599 -1270.480968 -1270.488350 -1270.501152 -1270.524018 -1270.566110 -1270.645817 -1270.800787 -1271.111069 -1271.759026 -1273.197707 -1276.629932 -1285.415702 -1310.511176 -9999.0 -9999.0
-9999.0 -9999.0 -9999.0 -9999.0 -9999.0 -9999.0 -9999.0 -9999.0 -9999.0 -9999.0 -9999.0 -9999.0 -9999.0 -9999.0 -9999.0 -9999.0 -9999.0 -9999.0 -9999.0 -9999.0 -9999.0 -9999.0 -9999.0 -9999.0 -9999.0 -9999.0 -9999.0 -9999.0 -9999.0 -9999.0 -9999.0 -9999.0 -9999.0 -9999.0 -9999.0 -9999.0 -9999.0 -9999.0 -9999.0 -9999.0 -9999.0 -9999.0 -9999.0 -9999.0 -9999.0 -9999.0 -9999.0 -9999.0 -9999.0 -9999.0 -9999.0 -9999.0 -9999.0 -9999.0 -9999.0 -9999.0 -9999.0 -9999.0 -9999.0 -9999.0 -9999.0 -9999.0 -9999.0 -9999.0 -9999.0 -9999.0 -9999.0 -9999.0 -9999.0 -9999.0 -9999.0 -9999.0 -9999.0 -9999.0 -9999.0 -9999.0 -9999.0 -9999.0 -9999.0 -9999.0 -9999.0 -9999.0 -9999.0 -9999.0 -9999.0 -9999.0 -9999.0 -9999.0 -9999.0 -9999.0 -9999.0 -9999.0 -9999.0 -9999.0 -9999.0 -9999.0 -9999.0 -9999.0 -9999.0 -9999.0 -9999.0 -9999.0 -9999.0 -9999.0
-9999.0 -9999.0 -9999.0 -9999.0 -9999.0 -9999.0 -9999.0 -9999.0 -9999.0 -9999.0 -9999.0 -9999.0 -9999.0 -9999.0 -9999.0 -9999.0 -9999.0 -9999.0 -9999.0 -9999.0 -9999.0 -9999.0 -9999.0 -9999.0 -9999.0 -9999.0 -9999.0 -9999.0 -9999.0 -9999.0 -9999.0 -9999.0 -9999.0 -9999.0 -9999.0 -9999.0 -9999.0 -9999.0 -9999.0 -9999.0 -9999.0 -9999.0 -9999.0 -9999.0 -9999.0 -9999.0 -9999.0 -9999.0 -9999.0 -9999.0 -9999.0 -9999.0 -9999.0 -9999.0 -9999.0 -9999.0 -9999.0 -9999.0 -9999.0 -9999.0 -9999.0 -9999.0 -9999.0 -9999.0 -9999.0 -9999.0 -9999.0 -9999.0 -9999.0 -9999.0 -9999.0 -9999.0 -9999.0 -9999.0 -9999.0 -9999.0 -9999.0 -9999.0 -9999.0 -9999.0 -9999.0 -9999.0 -9999.0 -9999.0 -9999.0 -9999.0 -9999.0 -9999.0 -9999.0 -9999.0 -9999.0 -9999.0 -9999.0 -9999.0 -9999.0 -9999.0 -9999.0 -9999.0 -9999.0 -9999.0 -9999.0 -9999.0 -9999.0 -9999.0