inst/processing_geotop_simulation/geotop_simulation/out/maps3D/PwL0016N0324.asc
ncols         104
nrows         10
xllcorner     -2.000000
yllcorner     0.000000
cellsize      1.000000
NODATA_value  -9999.0
-9999.0 -9999.0 -9999.0 -9999.0 -9999.0 -9999.0 -9999.0 -9999.0 -9999.0 -9999.0 -9999.0 -9999.0 -9999.0 -9999.0 -9999.0 -9999.0 -9999.0 -9999.0 -9999.0 -9999.0 -9999.0 -9999.0 -9999.0 -9999.0 -9999.0 -9999.0 -9999.0 -9999.0 -9999.0 -9999.0 -9999.0 -9999.0 -9999.0 -9999.0 -9999.0 -9999.0 -9999.0 -9999.0 -9999.0 -9999.0 -9999.0 -9999.0 -9999.0 -9999.0 -9999.0 -9999.0 -9999.0 -9999.0 -9999.0 -9999.0 -9999.0 -9999.0 -9999.0 -9999.0 -9999.0 -9999.0 -9999.0 -9999.0 -9999.0 -9999.0 -9999.0 -9999.0 -9999.0 -9999.0 -9999.0 -9999.0 -9999.0 -9999.0 -9999.0 -9999.0 -9999.0 -9999.0 -9999.0 -9999.0 -9999.0 -9999.0 -9999.0 -9999.0 -9999.0 -9999.0 -9999.0 -9999.0 -9999.0 -9999.0 -9999.0 -9999.0 -9999.0 -9999.0 -9999.0 -9999.0 -9999.0 -9999.0 -9999.0 -9999.0 -9999.0 -9999.0 -9999.0 -9999.0 -9999.0 -9999.0 -9999.0 -9999.0 -9999.0 -9999.0
-9999.0 -9999.0 -9999.0 -9999.0 -9999.0 -9999.0 -9999.0 -9999.0 -9999.0 -9999.0 -9999.0 -9999.0 -9999.0 -9999.0 -9999.0 -9999.0 -9999.0 -9999.0 -9999.0 -9999.0 -9999.0 -9999.0 -9999.0 -9999.0 -9999.0 -9999.0 -9999.0 -9999.0 -9999.0 -9999.0 -9999.0 -9999.0 -9999.0 -9999.0 -9999.0 -9999.0 -9999.0 -9999.0 -9999.0 -9999.0 -9999.0 -9999.0 -9999.0 -9999.0 -9999.0 -9999.0 -9999.0 -9999.0 -9999.0 -9999.0 -9999.0 -9999.0 -9999.0 -9999.0 -9999.0 -9999.0 -9999.0 -9999.0 -9999.0 -9999.0 -9999.0 -9999.0 -9999.0 -9999.0 -9999.0 -9999.0 -9999.0 -9999.0 -9999.0 -9999.0 -9999.0 -9999.0 -9999.0 -9999.0 -9999.0 -9999.0 -9999.0 -9999.0 -9999.0 -9999.0 -9999.0 -9999.0 -9999.0 -9999.0 -9999.0 -9999.0 -9999.0 -9999.0 -9999.0 -9999.0 -9999.0 -9999.0 -9999.0 -9999.0 -9999.0 -9999.0 -9999.0 -9999.0 -9999.0 -9999.0 -9999.0 -9999.0 -9999.0 -9999.0
-9999.0 -9999.0 771.692116 673.389885 574.802924 475.977762 377.035603 278.042701 179.033252 80.025375 -18.968338 -117.939992 -216.884664 -315.776857 -414.568995 -513.180937 -611.465971 -709.187743 -807.128192 -904.736854 -1001.870623 -1098.300003 -1188.467548 -1272.033060 -1346.682763 -1410.755650 -1463.584350 -1505.522144 -1537.704098 -1561.691788 -1579.145844 -1591.601273 -1600.354162 -1606.432385 -1610.615877 -1613.480495 -1615.455715 -1616.925354 -1618.527339 -1622.096141 -1632.622820 -1662.797138 -1988.100065 -4122.689333 -4183.155951 -4183.154437 -4183.146691 -4183.145399 -4183.145243 -4183.145183 -4183.145008 -4183.144431 -4183.143455 -4183.142183 -4183.140049 -4183.135888 -4183.126808 -4183.105472 -4183.053039 -4182.887227 -4075.846061 -1808.658161 -1622.570248 -1624.340629 -1621.084641 -1619.903773 -1619.644719 -1619.598496 -1619.591366 -1619.590785 -1619.591210 -1619.591703 -1619.592117 -1619.592446 -1619.592707 -1619.592918 -1619.593093 -1619.593242 -1619.593374 -1619.593496 -1619.593619 -1619.593753 -1619.593915 -1619.594126 -1619.594421 -1619.594855 -1619.595517 -1619.596557 -1619.598233 -1619.601002 -1619.605706 -1619.613944 -1619.628840 -1619.656636 -1619.710134 -1619.816544 -1620.036944 -1620.518305 -1621.640482 -1624.463855 -1632.294499 -1657.195836 -9999.0 -9999.0
-9999.0 -9999.0 771.695937 673.391203 574.803332 475.977890 377.035646 278.042716 179.033258 80.025377 -18.968336 -117.939992 -216.884663 -315.776857 -414.568995 -513.180937 -611.465971 -709.187743 -807.128193 -904.736854 -1001.870623 -1098.300004 -1188.467548 -1272.033060 -1346.682763 -1410.755650 -1463.584350 -1505.522144 -1537.704098 -1561.691788 -1579.145844 -1591.601273 -1600.354162 -1606.432385 -1610.615877 -1613.480495 -1615.455715 -1616.925354 -1618.527339 -1622.096141 -1632.622820 -1662.797138 -1988.100065 -4122.689333 -4183.155951 -4183.154437 -4183.146691 -4183.145399 -4183.145243 -4183.145183 -4183.145008 -4183.144431 -4183.143455 -4183.142183 -4183.140049 -4183.135888 -4183.126808 -4183.105472 -4183.053039 -4182.887227 -4075.846061 -1808.658162 -1622.570248 -1624.340629 -1621.084641 -1619.903773 -1619.644719 -1619.598496 -1619.591366 -1619.590785 -1619.591210 -1619.591703 -1619.592117 -1619.592446 -1619.592707 -1619.592918 -1619.593093 -1619.593242 -1619.593374 -1619.593496 -1619.593619 -1619.593753 -1619.593915 -1619.594126 -1619.594421 -1619.594855 -1619.595517 -1619.596557 -1619.598233 -1619.601002 -1619.605706 -1619.613944 -1619.628840 -1619.656636 -1619.710134 -1619.816544 -1620.036944 -1620.518305 -1621.640482 -1624.463855 -1632.294499 -1657.195836 -9999.0 -9999.0
-9999.0 -9999.0 771.697198 673.391868 574.803606 475.977994 377.035683 278.042730 179.033262 80.025379 -18.968336 -117.939991 -216.884663 -315.776857 -414.568995 -513.180937 -611.465971 -709.187743 -807.128193 -904.736854 -1001.870623 -1098.300004 -1188.467548 -1272.033060 -1346.682763 -1410.755650 -1463.584350 -1505.522144 -1537.704098 -1561.691788 -1579.145844 -1591.601273 -1600.354162 -1606.432385 -1610.615877 -1613.480495 -1615.455715 -1616.925354 -1618.527339 -1622.096141 -1632.622820 -1662.797138 -1988.100065 -4122.689333 -4183.155951 -4183.154437 -4183.146691 -4183.145399 -4183.145243 -4183.145183 -4183.145008 -4183.144431 -4183.143455 -4183.142183 -4183.140049 -4183.135888 -4183.126808 -4183.105472 -4183.053039 -4182.887227 -4075.846061 -1808.658161 -1622.570248 -1624.340629 -1621.084641 -1619.903773 -1619.644719 -1619.598496 -1619.591366 -1619.590785 -1619.591210 -1619.591703 -1619.592117 -1619.592446 -1619.592707 -1619.592918 -1619.593093 -1619.593242 -1619.593374 -1619.593496 -1619.593619 -1619.593753 -1619.593915 -1619.594126 -1619.594421 -1619.594855 -1619.595517 -1619.596557 -1619.598233 -1619.601002 -1619.605706 -1619.613944 -1619.628840 -1619.656636 -1619.710134 -1619.816544 -1620.036944 -1620.518305 -1621.640482 -1624.463855 -1632.294499 -1657.195836 -9999.0 -9999.0
-9999.0 -9999.0 771.697198 673.391868 574.803606 475.977994 377.035683 278.042730 179.033263 80.025379 -18.968336 -117.939991 -216.884663 -315.776857 -414.568995 -513.180937 -611.465971 -709.187743 -807.128193 -904.736854 -1001.870623 -1098.300004 -1188.467548 -1272.033060 -1346.682763 -1410.755650 -1463.584350 -1505.522144 -1537.704098 -1561.691788 -1579.145844 -1591.601273 -1600.354162 -1606.432385 -1610.615877 -1613.480495 -1615.455715 -1616.925354 -1618.527339 -1622.096141 -1632.622820 -1662.797138 -1988.100065 -4122.689333 -4183.155951 -4183.154437 -4183.146691 -4183.145399 -4183.145243 -4183.145183 -4183.145008 -4183.144431 -4183.143455 -4183.142183 -4183.140049 -4183.135888 -4183.126808 -4183.105472 -4183.053039 -4182.887227 -4075.846061 -1808.658161 -1622.570248 -1624.340629 -1621.084641 -1619.903773 -1619.644719 -1619.598496 -1619.591366 -1619.590785 -1619.591210 -1619.591703 -1619.592117 -1619.592446 -1619.592707 -1619.592918 -1619.593093 -1619.593242 -1619.593374 -1619.593496 -1619.593619 -1619.593753 -1619.593915 -1619.594126 -1619.594421 -1619.594855 -1619.595517 -1619.596557 -1619.598233 -1619.601002 -1619.605706 -1619.613944 -1619.628840 -1619.656636 -1619.710134 -1619.816544 -1620.036944 -1620.518305 -1621.640482 -1624.463855 -1632.294499 -1657.195836 -9999.0 -9999.0
-9999.0 -9999.0 771.695936 673.391203 574.803332 475.977891 377.035645 278.042716 179.033257 80.025377 -18.968337 -117.939991 -216.884663 -315.776857 -414.568995 -513.180937 -611.465971 -709.187743 -807.128193 -904.736854 -1001.870623 -1098.300004 -1188.467548 -1272.033060 -1346.682763 -1410.755650 -1463.584350 -1505.522144 -1537.704098 -1561.691788 -1579.145844 -1591.601273 -1600.354162 -1606.432385 -1610.615877 -1613.480495 -1615.455715 -1616.925354 -1618.527339 -1622.096141 -1632.622820 -1662.797138 -1988.100065 -4122.689333 -4183.155951 -4183.154437 -4183.146691 -4183.145399 -4183.145243 -4183.145183 -4183.145008 -4183.144431 -4183.143455 -4183.142183 -4183.140049 -4183.135888 -4183.126808 -4183.105472 -4183.053039 -4182.887227 -4075.846061 -1808.658162 -1622.570248 -1624.340629 -1621.084641 -1619.903773 -1619.644719 -1619.598496 -1619.591366 -1619.590785 -1619.591210 -1619.591703 -1619.592117 -1619.592446 -1619.592707 -1619.592918 -1619.593093 -1619.593242 -1619.593374 -1619.593496 -1619.593619 -1619.593753 -1619.593915 -1619.594126 -1619.594421 -1619.594855 -1619.595517 -1619.596557 -1619.598233 -1619.601002 -1619.605706 -1619.613944 -1619.628840 -1619.656636 -1619.710134 -1619.816544 -1620.036944 -1620.518305 -1621.640482 -1624.463855 -1632.294499 -1657.195836 -9999.0 -9999.0
-9999.0 -9999.0 771.692116 673.389885 574.802925 475.977761 377.035603 278.042701 179.033252 80.025375 -18.968337 -117.939992 -216.884663 -315.776857 -414.568995 -513.180937 -611.465971 -709.187743 -807.128192 -904.736854 -1001.870623 -1098.300003 -1188.467548 -1272.033060 -1346.682763 -1410.755650 -1463.584350 -1505.522144 -1537.704098 -1561.691788 -1579.145844 -1591.601273 -1600.354162 -1606.432385 -1610.615877 -1613.480495 -1615.455715 -1616.925354 -1618.527339 -1622.096141 -1632.622820 -1662.797138 -1988.100065 -4122.689333 -4183.155951 -4183.154437 -4183.146691 -4183.145399 -4183.145243 -4183.145183 -4183.145008 -4183.144431 -4183.143455 -4183.142183 -4183.140049 -4183.135888 -4183.126808 -4183.105472 -4183.053039 -4182.887227 -4075.846061 -1808.658162 -1622.570248 -1624.340629 -1621.084641 -1619.903773 -1619.644719 -1619.598496 -1619.591366 -1619.590785 -1619.591210 -1619.591703 -1619.592117 -1619.592446 -1619.592707 -1619.592918 -1619.593093 -1619.593242 -1619.593374 -1619.593496 -1619.593619 -1619.593753 -1619.593915 -1619.594126 -1619.594421 -1619.594855 -1619.595517 -1619.596557 -1619.598233 -1619.601002 -1619.605706 -1619.613944 -1619.628840 -1619.656636 -1619.710134 -1619.816544 -1620.036944 -1620.518305 -1621.640482 -1624.463855 -1632.294499 -1657.195836 -9999.0 -9999.0
-9999.0 -9999.0 -9999.0 -9999.0 -9999.0 -9999.0 -9999.0 -9999.0 -9999.0 -9999.0 -9999.0 -9999.0 -9999.0 -9999.0 -9999.0 -9999.0 -9999.0 -9999.0 -9999.0 -9999.0 -9999.0 -9999.0 -9999.0 -9999.0 -9999.0 -9999.0 -9999.0 -9999.0 -9999.0 -9999.0 -9999.0 -9999.0 -9999.0 -9999.0 -9999.0 -9999.0 -9999.0 -9999.0 -9999.0 -9999.0 -9999.0 -9999.0 -9999.0 -9999.0 -9999.0 -9999.0 -9999.0 -9999.0 -9999.0 -9999.0 -9999.0 -9999.0 -9999.0 -9999.0 -9999.0 -9999.0 -9999.0 -9999.0 -9999.0 -9999.0 -9999.0 -9999.0 -9999.0 -9999.0 -9999.0 -9999.0 -9999.0 -9999.0 -9999.0 -9999.0 -9999.0 -9999.0 -9999.0 -9999.0 -9999.0 -9999.0 -9999.0 -9999.0 -9999.0 -9999.0 -9999.0 -9999.0 -9999.0 -9999.0 -9999.0 -9999.0 -9999.0 -9999.0 -9999.0 -9999.0 -9999.0 -9999.0 -9999.0 -9999.0 -9999.0 -9999.0 -9999.0 -9999.0 -9999.0 -9999.0 -9999.0 -9999.0 -9999.0 -9999.0
-9999.0 -9999.0 -9999.0 -9999.0 -9999.0 -9999.0 -9999.0 -9999.0 -9999.0 -9999.0 -9999.0 -9999.0 -9999.0 -9999.0 -9999.0 -9999.0 -9999.0 -9999.0 -9999.0 -9999.0 -9999.0 -9999.0 -9999.0 -9999.0 -9999.0 -9999.0 -9999.0 -9999.0 -9999.0 -9999.0 -9999.0 -9999.0 -9999.0 -9999.0 -9999.0 -9999.0 -9999.0 -9999.0 -9999.0 -9999.0 -9999.0 -9999.0 -9999.0 -9999.0 -9999.0 -9999.0 -9999.0 -9999.0 -9999.0 -9999.0 -9999.0 -9999.0 -9999.0 -9999.0 -9999.0 -9999.0 -9999.0 -9999.0 -9999.0 -9999.0 -9999.0 -9999.0 -9999.0 -9999.0 -9999.0 -9999.0 -9999.0 -9999.0 -9999.0 -9999.0 -9999.0 -9999.0 -9999.0 -9999.0 -9999.0 -9999.0 -9999.0 -9999.0 -9999.0 -9999.0 -9999.0 -9999.0 -9999.0 -9999.0 -9999.0 -9999.0 -9999.0 -9999.0 -9999.0 -9999.0 -9999.0 -9999.0 -9999.0 -9999.0 -9999.0 -9999.0 -9999.0 -9999.0 -9999.0 -9999.0 -9999.0 -9999.0 -9999.0 -9999.0