inst/processing_geotop_simulation/geotop_simulation/out/maps3D/PwL0019N0456.asc
ncols         104
nrows         10
xllcorner     -2.000000
yllcorner     0.000000
cellsize      1.000000
NODATA_value  -9999.0
-9999.0 -9999.0 -9999.0 -9999.0 -9999.0 -9999.0 -9999.0 -9999.0 -9999.0 -9999.0 -9999.0 -9999.0 -9999.0 -9999.0 -9999.0 -9999.0 -9999.0 -9999.0 -9999.0 -9999.0 -9999.0 -9999.0 -9999.0 -9999.0 -9999.0 -9999.0 -9999.0 -9999.0 -9999.0 -9999.0 -9999.0 -9999.0 -9999.0 -9999.0 -9999.0 -9999.0 -9999.0 -9999.0 -9999.0 -9999.0 -9999.0 -9999.0 -9999.0 -9999.0 -9999.0 -9999.0 -9999.0 -9999.0 -9999.0 -9999.0 -9999.0 -9999.0 -9999.0 -9999.0 -9999.0 -9999.0 -9999.0 -9999.0 -9999.0 -9999.0 -9999.0 -9999.0 -9999.0 -9999.0 -9999.0 -9999.0 -9999.0 -9999.0 -9999.0 -9999.0 -9999.0 -9999.0 -9999.0 -9999.0 -9999.0 -9999.0 -9999.0 -9999.0 -9999.0 -9999.0 -9999.0 -9999.0 -9999.0 -9999.0 -9999.0 -9999.0 -9999.0 -9999.0 -9999.0 -9999.0 -9999.0 -9999.0 -9999.0 -9999.0 -9999.0 -9999.0 -9999.0 -9999.0 -9999.0 -9999.0 -9999.0 -9999.0 -9999.0 -9999.0
-9999.0 -9999.0 -9999.0 -9999.0 -9999.0 -9999.0 -9999.0 -9999.0 -9999.0 -9999.0 -9999.0 -9999.0 -9999.0 -9999.0 -9999.0 -9999.0 -9999.0 -9999.0 -9999.0 -9999.0 -9999.0 -9999.0 -9999.0 -9999.0 -9999.0 -9999.0 -9999.0 -9999.0 -9999.0 -9999.0 -9999.0 -9999.0 -9999.0 -9999.0 -9999.0 -9999.0 -9999.0 -9999.0 -9999.0 -9999.0 -9999.0 -9999.0 -9999.0 -9999.0 -9999.0 -9999.0 -9999.0 -9999.0 -9999.0 -9999.0 -9999.0 -9999.0 -9999.0 -9999.0 -9999.0 -9999.0 -9999.0 -9999.0 -9999.0 -9999.0 -9999.0 -9999.0 -9999.0 -9999.0 -9999.0 -9999.0 -9999.0 -9999.0 -9999.0 -9999.0 -9999.0 -9999.0 -9999.0 -9999.0 -9999.0 -9999.0 -9999.0 -9999.0 -9999.0 -9999.0 -9999.0 -9999.0 -9999.0 -9999.0 -9999.0 -9999.0 -9999.0 -9999.0 -9999.0 -9999.0 -9999.0 -9999.0 -9999.0 -9999.0 -9999.0 -9999.0 -9999.0 -9999.0 -9999.0 -9999.0 -9999.0 -9999.0 -9999.0 -9999.0
-9999.0 -9999.0 918.473707 819.299174 720.046017 620.687108 521.271530 421.830925 322.382599 222.935979 123.496328 24.067094 -75.347239 -174.746681 -274.125334 -373.468948 -472.751749 -571.927283 -670.913527 -769.772988 -868.591597 -967.147017 -1065.278441 -1161.357517 -1252.666287 -1338.048203 -1415.535155 -1483.539896 -1541.162171 -1588.325058 -1625.701642 -1654.487159 -1676.122540 -1692.059876 -1703.611521 -1711.883267 -1717.779679 -1722.099707 -1725.827605 -1730.717976 -1739.124064 -1751.253281 -1856.402627 -3889.166773 -4034.557258 -4034.571199 -4032.870578 -4019.275503 -3972.541243 -3873.358016 -3721.618114 -3518.362442 -3361.262116 -3249.444740 -3140.747968 -3024.228793 -2897.818070 -2765.359875 -2632.693360 -2502.941697 -2336.353330 -1609.638390 -1706.501482 -1731.569772 -1732.304947 -1731.505470 -1731.228159 -1731.165659 -1731.154296 -1731.152859 -1731.153129 -1731.153622 -1731.154090 -1731.154504 -1731.154872 -1731.155209 -1731.155523 -1731.155823 -1731.156116 -1731.156409 -1731.156710 -1731.157028 -1731.157377 -1731.157775 -1731.158252 -1731.158852 -1731.159650 -1731.160770 -1731.162430 -1731.165015 -1731.169244 -1731.176497 -1731.189494 -1731.213759 -1731.260902 -1731.356492 -1731.560341 -1732.021991 -1733.141565 -1736.074939 -1744.478485 -1771.145714 -9999.0 -9999.0
-9999.0 -9999.0 918.476497 819.300224 720.046358 620.687219 521.271567 421.830939 322.382604 222.935981 123.496329 24.067094 -75.347238 -174.746681 -274.125334 -373.468948 -472.751749 -571.927284 -670.913527 -769.772988 -868.591597 -967.147018 -1065.278442 -1161.357517 -1252.666287 -1338.048203 -1415.535155 -1483.539896 -1541.162171 -1588.325058 -1625.701642 -1654.487159 -1676.122540 -1692.059876 -1703.611521 -1711.883267 -1717.779679 -1722.099707 -1725.827605 -1730.717976 -1739.124064 -1751.253281 -1856.402626 -3889.166773 -4034.557258 -4034.571199 -4032.870578 -4019.275503 -3972.541243 -3873.358015 -3721.618111 -3518.362441 -3361.262116 -3249.444740 -3140.747967 -3024.228793 -2897.818069 -2765.359875 -2632.693359 -2502.941697 -2336.353330 -1609.638390 -1706.501482 -1731.569772 -1732.304947 -1731.505470 -1731.228159 -1731.165659 -1731.154296 -1731.152859 -1731.153129 -1731.153622 -1731.154090 -1731.154504 -1731.154872 -1731.155209 -1731.155522 -1731.155823 -1731.156116 -1731.156409 -1731.156710 -1731.157028 -1731.157377 -1731.157775 -1731.158252 -1731.158852 -1731.159650 -1731.160770 -1731.162430 -1731.165015 -1731.169244 -1731.176497 -1731.189494 -1731.213759 -1731.260902 -1731.356492 -1731.560341 -1732.021991 -1733.141565 -1736.074939 -1744.478485 -1771.145714 -9999.0 -9999.0
-9999.0 -9999.0 918.477544 819.300784 720.046594 620.687309 521.271601 421.830951 322.382609 222.935983 123.496330 24.067095 -75.347238 -174.746681 -274.125334 -373.468948 -472.751749 -571.927284 -670.913527 -769.772988 -868.591597 -967.147018 -1065.278442 -1161.357517 -1252.666288 -1338.048203 -1415.535155 -1483.539896 -1541.162171 -1588.325058 -1625.701642 -1654.487159 -1676.122540 -1692.059876 -1703.611521 -1711.883267 -1717.779679 -1722.099707 -1725.827605 -1730.717976 -1739.124064 -1751.253280 -1856.402626 -3889.166773 -4034.557258 -4034.571199 -4032.870578 -4019.275503 -3972.541243 -3873.358014 -3721.618110 -3518.362440 -3361.262115 -3249.444739 -3140.747967 -3024.228792 -2897.818069 -2765.359874 -2632.693359 -2502.941696 -2336.353330 -1609.638390 -1706.501482 -1731.569772 -1732.304947 -1731.505470 -1731.228159 -1731.165659 -1731.154296 -1731.152859 -1731.153129 -1731.153622 -1731.154090 -1731.154504 -1731.154872 -1731.155209 -1731.155522 -1731.155823 -1731.156116 -1731.156409 -1731.156710 -1731.157028 -1731.157377 -1731.157775 -1731.158252 -1731.158852 -1731.159650 -1731.160770 -1731.162430 -1731.165015 -1731.169244 -1731.176497 -1731.189494 -1731.213759 -1731.260902 -1731.356492 -1731.560341 -1732.021991 -1733.141565 -1736.074939 -1744.478485 -1771.145714 -9999.0 -9999.0
-9999.0 -9999.0 918.477544 819.300784 720.046594 620.687309 521.271601 421.830951 322.382609 222.935983 123.496330 24.067095 -75.347238 -174.746681 -274.125334 -373.468948 -472.751749 -571.927284 -670.913527 -769.772988 -868.591597 -967.147018 -1065.278442 -1161.357517 -1252.666288 -1338.048203 -1415.535155 -1483.539896 -1541.162171 -1588.325058 -1625.701642 -1654.487159 -1676.122540 -1692.059876 -1703.611521 -1711.883267 -1717.779679 -1722.099707 -1725.827605 -1730.717976 -1739.124064 -1751.253280 -1856.402626 -3889.166773 -4034.557258 -4034.571199 -4032.870578 -4019.275503 -3972.541243 -3873.358015 -3721.618110 -3518.362440 -3361.262115 -3249.444740 -3140.747967 -3024.228793 -2897.818069 -2765.359875 -2632.693359 -2502.941697 -2336.353330 -1609.638390 -1706.501482 -1731.569772 -1732.304947 -1731.505470 -1731.228159 -1731.165659 -1731.154296 -1731.152859 -1731.153129 -1731.153622 -1731.154090 -1731.154504 -1731.154872 -1731.155209 -1731.155522 -1731.155823 -1731.156116 -1731.156409 -1731.156710 -1731.157028 -1731.157377 -1731.157775 -1731.158252 -1731.158852 -1731.159650 -1731.160770 -1731.162430 -1731.165015 -1731.169244 -1731.176497 -1731.189494 -1731.213759 -1731.260902 -1731.356492 -1731.560341 -1732.021991 -1733.141565 -1736.074939 -1744.478485 -1771.145714 -9999.0 -9999.0
-9999.0 -9999.0 918.476497 819.300224 720.046358 620.687219 521.271567 421.830939 322.382604 222.935981 123.496329 24.067094 -75.347239 -174.746681 -274.125334 -373.468948 -472.751749 -571.927284 -670.913527 -769.772988 -868.591597 -967.147018 -1065.278442 -1161.357517 -1252.666287 -1338.048203 -1415.535155 -1483.539896 -1541.162171 -1588.325058 -1625.701642 -1654.487159 -1676.122540 -1692.059876 -1703.611521 -1711.883267 -1717.779679 -1722.099707 -1725.827605 -1730.717976 -1739.124064 -1751.253280 -1856.402626 -3889.166773 -4034.557258 -4034.571199 -4032.870578 -4019.275503 -3972.541243 -3873.358015 -3721.618111 -3518.362440 -3361.262116 -3249.444740 -3140.747967 -3024.228793 -2897.818069 -2765.359875 -2632.693359 -2502.941697 -2336.353330 -1609.638390 -1706.501482 -1731.569772 -1732.304947 -1731.505470 -1731.228159 -1731.165659 -1731.154296 -1731.152859 -1731.153129 -1731.153622 -1731.154090 -1731.154504 -1731.154872 -1731.155209 -1731.155522 -1731.155823 -1731.156116 -1731.156409 -1731.156710 -1731.157028 -1731.157377 -1731.157775 -1731.158252 -1731.158852 -1731.159650 -1731.160770 -1731.162430 -1731.165015 -1731.169244 -1731.176497 -1731.189494 -1731.213759 -1731.260902 -1731.356492 -1731.560341 -1732.021991 -1733.141565 -1736.074939 -1744.478485 -1771.145714 -9999.0 -9999.0
-9999.0 -9999.0 918.473707 819.299174 720.046017 620.687108 521.271530 421.830925 322.382599 222.935979 123.496328 24.067094 -75.347239 -174.746682 -274.125334 -373.468948 -472.751749 -571.927284 -670.913527 -769.772988 -868.591597 -967.147017 -1065.278441 -1161.357517 -1252.666287 -1338.048203 -1415.535155 -1483.539896 -1541.162171 -1588.325058 -1625.701642 -1654.487159 -1676.122540 -1692.059876 -1703.611521 -1711.883267 -1717.779679 -1722.099707 -1725.827605 -1730.717976 -1739.124064 -1751.253281 -1856.402627 -3889.166773 -4034.557258 -4034.571199 -4032.870578 -4019.275503 -3972.541244 -3873.358017 -3721.618114 -3518.362442 -3361.262116 -3249.444740 -3140.747967 -3024.228793 -2897.818070 -2765.359875 -2632.693360 -2502.941697 -2336.353330 -1609.638390 -1706.501482 -1731.569772 -1732.304947 -1731.505470 -1731.228159 -1731.165659 -1731.154296 -1731.152859 -1731.153129 -1731.153622 -1731.154090 -1731.154504 -1731.154872 -1731.155209 -1731.155523 -1731.155823 -1731.156116 -1731.156409 -1731.156710 -1731.157028 -1731.157377 -1731.157775 -1731.158252 -1731.158852 -1731.159650 -1731.160770 -1731.162430 -1731.165015 -1731.169244 -1731.176497 -1731.189494 -1731.213759 -1731.260902 -1731.356492 -1731.560341 -1732.021991 -1733.141565 -1736.074939 -1744.478485 -1771.145714 -9999.0 -9999.0
-9999.0 -9999.0 -9999.0 -9999.0 -9999.0 -9999.0 -9999.0 -9999.0 -9999.0 -9999.0 -9999.0 -9999.0 -9999.0 -9999.0 -9999.0 -9999.0 -9999.0 -9999.0 -9999.0 -9999.0 -9999.0 -9999.0 -9999.0 -9999.0 -9999.0 -9999.0 -9999.0 -9999.0 -9999.0 -9999.0 -9999.0 -9999.0 -9999.0 -9999.0 -9999.0 -9999.0 -9999.0 -9999.0 -9999.0 -9999.0 -9999.0 -9999.0 -9999.0 -9999.0 -9999.0 -9999.0 -9999.0 -9999.0 -9999.0 -9999.0 -9999.0 -9999.0 -9999.0 -9999.0 -9999.0 -9999.0 -9999.0 -9999.0 -9999.0 -9999.0 -9999.0 -9999.0 -9999.0 -9999.0 -9999.0 -9999.0 -9999.0 -9999.0 -9999.0 -9999.0 -9999.0 -9999.0 -9999.0 -9999.0 -9999.0 -9999.0 -9999.0 -9999.0 -9999.0 -9999.0 -9999.0 -9999.0 -9999.0 -9999.0 -9999.0 -9999.0 -9999.0 -9999.0 -9999.0 -9999.0 -9999.0 -9999.0 -9999.0 -9999.0 -9999.0 -9999.0 -9999.0 -9999.0 -9999.0 -9999.0 -9999.0 -9999.0 -9999.0 -9999.0
-9999.0 -9999.0 -9999.0 -9999.0 -9999.0 -9999.0 -9999.0 -9999.0 -9999.0 -9999.0 -9999.0 -9999.0 -9999.0 -9999.0 -9999.0 -9999.0 -9999.0 -9999.0 -9999.0 -9999.0 -9999.0 -9999.0 -9999.0 -9999.0 -9999.0 -9999.0 -9999.0 -9999.0 -9999.0 -9999.0 -9999.0 -9999.0 -9999.0 -9999.0 -9999.0 -9999.0 -9999.0 -9999.0 -9999.0 -9999.0 -9999.0 -9999.0 -9999.0 -9999.0 -9999.0 -9999.0 -9999.0 -9999.0 -9999.0 -9999.0 -9999.0 -9999.0 -9999.0 -9999.0 -9999.0 -9999.0 -9999.0 -9999.0 -9999.0 -9999.0 -9999.0 -9999.0 -9999.0 -9999.0 -9999.0 -9999.0 -9999.0 -9999.0 -9999.0 -9999.0 -9999.0 -9999.0 -9999.0 -9999.0 -9999.0 -9999.0 -9999.0 -9999.0 -9999.0 -9999.0 -9999.0 -9999.0 -9999.0 -9999.0 -9999.0 -9999.0 -9999.0 -9999.0 -9999.0 -9999.0 -9999.0 -9999.0 -9999.0 -9999.0 -9999.0 -9999.0 -9999.0 -9999.0 -9999.0 -9999.0 -9999.0 -9999.0 -9999.0 -9999.0