inst/processing_geotop_simulation/geotop_simulation/out/maps3D/PwL0003N0286.asc
ncols         104
nrows         10
xllcorner     -2.000000
yllcorner     0.000000
cellsize      1.000000
NODATA_value  -9999.0
-9999.0 -9999.0 -9999.0 -9999.0 -9999.0 -9999.0 -9999.0 -9999.0 -9999.0 -9999.0 -9999.0 -9999.0 -9999.0 -9999.0 -9999.0 -9999.0 -9999.0 -9999.0 -9999.0 -9999.0 -9999.0 -9999.0 -9999.0 -9999.0 -9999.0 -9999.0 -9999.0 -9999.0 -9999.0 -9999.0 -9999.0 -9999.0 -9999.0 -9999.0 -9999.0 -9999.0 -9999.0 -9999.0 -9999.0 -9999.0 -9999.0 -9999.0 -9999.0 -9999.0 -9999.0 -9999.0 -9999.0 -9999.0 -9999.0 -9999.0 -9999.0 -9999.0 -9999.0 -9999.0 -9999.0 -9999.0 -9999.0 -9999.0 -9999.0 -9999.0 -9999.0 -9999.0 -9999.0 -9999.0 -9999.0 -9999.0 -9999.0 -9999.0 -9999.0 -9999.0 -9999.0 -9999.0 -9999.0 -9999.0 -9999.0 -9999.0 -9999.0 -9999.0 -9999.0 -9999.0 -9999.0 -9999.0 -9999.0 -9999.0 -9999.0 -9999.0 -9999.0 -9999.0 -9999.0 -9999.0 -9999.0 -9999.0 -9999.0 -9999.0 -9999.0 -9999.0 -9999.0 -9999.0 -9999.0 -9999.0 -9999.0 -9999.0 -9999.0 -9999.0
-9999.0 -9999.0 -9999.0 -9999.0 -9999.0 -9999.0 -9999.0 -9999.0 -9999.0 -9999.0 -9999.0 -9999.0 -9999.0 -9999.0 -9999.0 -9999.0 -9999.0 -9999.0 -9999.0 -9999.0 -9999.0 -9999.0 -9999.0 -9999.0 -9999.0 -9999.0 -9999.0 -9999.0 -9999.0 -9999.0 -9999.0 -9999.0 -9999.0 -9999.0 -9999.0 -9999.0 -9999.0 -9999.0 -9999.0 -9999.0 -9999.0 -9999.0 -9999.0 -9999.0 -9999.0 -9999.0 -9999.0 -9999.0 -9999.0 -9999.0 -9999.0 -9999.0 -9999.0 -9999.0 -9999.0 -9999.0 -9999.0 -9999.0 -9999.0 -9999.0 -9999.0 -9999.0 -9999.0 -9999.0 -9999.0 -9999.0 -9999.0 -9999.0 -9999.0 -9999.0 -9999.0 -9999.0 -9999.0 -9999.0 -9999.0 -9999.0 -9999.0 -9999.0 -9999.0 -9999.0 -9999.0 -9999.0 -9999.0 -9999.0 -9999.0 -9999.0 -9999.0 -9999.0 -9999.0 -9999.0 -9999.0 -9999.0 -9999.0 -9999.0 -9999.0 -9999.0 -9999.0 -9999.0 -9999.0 -9999.0 -9999.0 -9999.0 -9999.0 -9999.0
-9999.0 -9999.0 126.715981 30.870174 -67.023965 -165.457097 -264.090562 -362.793573 -461.497059 -560.149282 -658.646008 -756.842593 -854.762155 -952.262026 -1049.603245 -1146.933710 -1243.236612 -1338.031835 -1430.573888 -1519.621139 -1602.407148 -1675.068014 -1734.785356 -1781.080998 -1815.409799 -1840.090035 -1857.469388 -1869.531130 -1877.807285 -1883.429463 -1887.214410 -1889.742325 -1891.419541 -1892.526656 -1893.255223 -1893.736660 -1894.069571 -1894.371328 -1894.982532 -1897.186956 -1902.710729 -1871.160144 -1154.004334 -1155.561917 -1143.866709 -1136.297326 -1132.744869 -1132.208221 -1132.151115 -1132.157220 -1132.172557 -1132.189031 -1132.204865 -1132.219527 -1132.233134 -1132.248926 -1132.297481 -1132.619802 -1134.516310 -1138.739620 -1144.736555 -1134.799854 -1847.984513 -1896.868857 -1895.843543 -1894.952037 -1894.765279 -1894.734190 -1894.729775 -1894.729727 -1894.730314 -1894.730886 -1894.731344 -1894.731696 -1894.731966 -1894.732176 -1894.732342 -1894.732477 -1894.732591 -1894.732693 -1894.732793 -1894.732905 -1894.733046 -1894.733242 -1894.733533 -1894.733979 -1894.734681 -1894.735808 -1894.737643 -1894.740690 -1894.745868 -1894.754905 -1894.771149 -1894.801229 -1894.858490 -1894.970399 -1895.195775 -1895.669051 -1896.724282 -1899.277489 -1906.230889 -1928.966439 -9999.0 -9999.0
-9999.0 -9999.0 126.726545 30.872204 -67.023455 -165.456948 -264.090515 -362.793557 -461.497053 -560.149280 -658.646007 -756.842593 -854.762154 -952.262026 -1049.603245 -1146.933710 -1243.236612 -1338.031835 -1430.573888 -1519.621139 -1602.407149 -1675.068015 -1734.785356 -1781.080998 -1815.409799 -1840.090035 -1857.469388 -1869.531130 -1877.807285 -1883.429463 -1887.214410 -1889.742325 -1891.419541 -1892.526656 -1893.255223 -1893.736660 -1894.069571 -1894.371328 -1894.982532 -1897.186956 -1902.710729 -1871.160144 -1154.004334 -1155.561916 -1143.866709 -1136.297325 -1132.744869 -1132.208221 -1132.151115 -1132.157220 -1132.172557 -1132.189031 -1132.204865 -1132.219527 -1132.233134 -1132.248926 -1132.297481 -1132.619802 -1134.516310 -1138.739620 -1144.736555 -1134.799854 -1847.984513 -1896.868857 -1895.843543 -1894.952037 -1894.765279 -1894.734190 -1894.729775 -1894.729727 -1894.730314 -1894.730886 -1894.731344 -1894.731696 -1894.731966 -1894.732176 -1894.732342 -1894.732477 -1894.732591 -1894.732693 -1894.732793 -1894.732905 -1894.733046 -1894.733242 -1894.733533 -1894.733979 -1894.734681 -1894.735808 -1894.737643 -1894.740690 -1894.745868 -1894.754905 -1894.771149 -1894.801229 -1894.858490 -1894.970399 -1895.195775 -1895.669051 -1896.724282 -1899.277489 -1906.230889 -1928.966439 -9999.0 -9999.0
-9999.0 -9999.0 126.727863 30.873022 -67.023132 -165.456832 -264.090474 -362.793543 -461.497048 -560.149278 -658.646006 -756.842592 -854.762154 -952.262026 -1049.603245 -1146.933710 -1243.236612 -1338.031835 -1430.573888 -1519.621139 -1602.407149 -1675.068015 -1734.785356 -1781.080998 -1815.409800 -1840.090035 -1857.469388 -1869.531130 -1877.807285 -1883.429463 -1887.214410 -1889.742325 -1891.419541 -1892.526656 -1893.255223 -1893.736660 -1894.069571 -1894.371328 -1894.982532 -1897.186956 -1902.710729 -1871.160144 -1154.004334 -1155.561916 -1143.866709 -1136.297325 -1132.744869 -1132.208221 -1132.151115 -1132.157220 -1132.172557 -1132.189031 -1132.204865 -1132.219527 -1132.233134 -1132.248926 -1132.297481 -1132.619802 -1134.516310 -1138.739620 -1144.736555 -1134.799854 -1847.984513 -1896.868857 -1895.843543 -1894.952037 -1894.765279 -1894.734190 -1894.729775 -1894.729727 -1894.730314 -1894.730886 -1894.731344 -1894.731696 -1894.731966 -1894.732176 -1894.732342 -1894.732477 -1894.732591 -1894.732693 -1894.732793 -1894.732905 -1894.733046 -1894.733242 -1894.733533 -1894.733979 -1894.734681 -1894.735808 -1894.737643 -1894.740690 -1894.745868 -1894.754905 -1894.771149 -1894.801229 -1894.858490 -1894.970399 -1895.195775 -1895.669051 -1896.724282 -1899.277489 -1906.230889 -1928.966439 -9999.0 -9999.0
-9999.0 -9999.0 126.727863 30.873022 -67.023132 -165.456832 -264.090474 -362.793543 -461.497048 -560.149278 -658.646006 -756.842592 -854.762154 -952.262026 -1049.603245 -1146.933710 -1243.236612 -1338.031835 -1430.573888 -1519.621139 -1602.407149 -1675.068015 -1734.785356 -1781.080998 -1815.409800 -1840.090035 -1857.469388 -1869.531130 -1877.807285 -1883.429463 -1887.214410 -1889.742325 -1891.419541 -1892.526656 -1893.255223 -1893.736660 -1894.069571 -1894.371328 -1894.982532 -1897.186956 -1902.710729 -1871.160144 -1154.004334 -1155.561916 -1143.866709 -1136.297325 -1132.744869 -1132.208221 -1132.151115 -1132.157220 -1132.172557 -1132.189031 -1132.204865 -1132.219527 -1132.233134 -1132.248926 -1132.297481 -1132.619802 -1134.516310 -1138.739620 -1144.736555 -1134.799854 -1847.984513 -1896.868857 -1895.843543 -1894.952037 -1894.765279 -1894.734190 -1894.729775 -1894.729727 -1894.730314 -1894.730886 -1894.731344 -1894.731696 -1894.731966 -1894.732176 -1894.732342 -1894.732477 -1894.732591 -1894.732693 -1894.732793 -1894.732905 -1894.733046 -1894.733242 -1894.733533 -1894.733979 -1894.734681 -1894.735808 -1894.737643 -1894.740690 -1894.745868 -1894.754905 -1894.771149 -1894.801229 -1894.858490 -1894.970399 -1895.195775 -1895.669051 -1896.724282 -1899.277489 -1906.230889 -1928.966439 -9999.0 -9999.0
-9999.0 -9999.0 126.726545 30.872204 -67.023455 -165.456948 -264.090515 -362.793557 -461.497053 -560.149280 -658.646007 -756.842593 -854.762154 -952.262026 -1049.603245 -1146.933710 -1243.236612 -1338.031835 -1430.573888 -1519.621139 -1602.407149 -1675.068015 -1734.785356 -1781.080998 -1815.409799 -1840.090035 -1857.469388 -1869.531130 -1877.807285 -1883.429463 -1887.214410 -1889.742325 -1891.419541 -1892.526656 -1893.255223 -1893.736660 -1894.069571 -1894.371328 -1894.982532 -1897.186956 -1902.710729 -1871.160144 -1154.004334 -1155.561916 -1143.866709 -1136.297325 -1132.744869 -1132.208221 -1132.151115 -1132.157220 -1132.172557 -1132.189031 -1132.204865 -1132.219527 -1132.233134 -1132.248926 -1132.297481 -1132.619802 -1134.516310 -1138.739620 -1144.736555 -1134.799854 -1847.984513 -1896.868857 -1895.843543 -1894.952037 -1894.765279 -1894.734190 -1894.729775 -1894.729727 -1894.730314 -1894.730886 -1894.731344 -1894.731696 -1894.731966 -1894.732176 -1894.732342 -1894.732477 -1894.732591 -1894.732693 -1894.732793 -1894.732905 -1894.733046 -1894.733242 -1894.733533 -1894.733979 -1894.734681 -1894.735808 -1894.737643 -1894.740690 -1894.745868 -1894.754905 -1894.771149 -1894.801229 -1894.858490 -1894.970399 -1895.195775 -1895.669051 -1896.724282 -1899.277489 -1906.230889 -1928.966439 -9999.0 -9999.0
-9999.0 -9999.0 126.715981 30.870174 -67.023965 -165.457097 -264.090562 -362.793573 -461.497059 -560.149282 -658.646008 -756.842593 -854.762155 -952.262026 -1049.603245 -1146.933710 -1243.236612 -1338.031835 -1430.573888 -1519.621139 -1602.407148 -1675.068014 -1734.785356 -1781.080998 -1815.409799 -1840.090035 -1857.469388 -1869.531130 -1877.807285 -1883.429463 -1887.214410 -1889.742325 -1891.419541 -1892.526656 -1893.255223 -1893.736660 -1894.069571 -1894.371328 -1894.982532 -1897.186956 -1902.710729 -1871.160144 -1154.004334 -1155.561917 -1143.866709 -1136.297326 -1132.744869 -1132.208221 -1132.151115 -1132.157220 -1132.172557 -1132.189031 -1132.204865 -1132.219527 -1132.233134 -1132.248926 -1132.297481 -1132.619802 -1134.516310 -1138.739620 -1144.736555 -1134.799854 -1847.984513 -1896.868857 -1895.843543 -1894.952037 -1894.765279 -1894.734190 -1894.729775 -1894.729727 -1894.730314 -1894.730886 -1894.731344 -1894.731696 -1894.731966 -1894.732176 -1894.732342 -1894.732477 -1894.732591 -1894.732693 -1894.732793 -1894.732905 -1894.733046 -1894.733242 -1894.733533 -1894.733979 -1894.734681 -1894.735808 -1894.737643 -1894.740690 -1894.745868 -1894.754905 -1894.771149 -1894.801229 -1894.858490 -1894.970399 -1895.195775 -1895.669051 -1896.724282 -1899.277489 -1906.230889 -1928.966439 -9999.0 -9999.0
-9999.0 -9999.0 -9999.0 -9999.0 -9999.0 -9999.0 -9999.0 -9999.0 -9999.0 -9999.0 -9999.0 -9999.0 -9999.0 -9999.0 -9999.0 -9999.0 -9999.0 -9999.0 -9999.0 -9999.0 -9999.0 -9999.0 -9999.0 -9999.0 -9999.0 -9999.0 -9999.0 -9999.0 -9999.0 -9999.0 -9999.0 -9999.0 -9999.0 -9999.0 -9999.0 -9999.0 -9999.0 -9999.0 -9999.0 -9999.0 -9999.0 -9999.0 -9999.0 -9999.0 -9999.0 -9999.0 -9999.0 -9999.0 -9999.0 -9999.0 -9999.0 -9999.0 -9999.0 -9999.0 -9999.0 -9999.0 -9999.0 -9999.0 -9999.0 -9999.0 -9999.0 -9999.0 -9999.0 -9999.0 -9999.0 -9999.0 -9999.0 -9999.0 -9999.0 -9999.0 -9999.0 -9999.0 -9999.0 -9999.0 -9999.0 -9999.0 -9999.0 -9999.0 -9999.0 -9999.0 -9999.0 -9999.0 -9999.0 -9999.0 -9999.0 -9999.0 -9999.0 -9999.0 -9999.0 -9999.0 -9999.0 -9999.0 -9999.0 -9999.0 -9999.0 -9999.0 -9999.0 -9999.0 -9999.0 -9999.0 -9999.0 -9999.0 -9999.0 -9999.0
-9999.0 -9999.0 -9999.0 -9999.0 -9999.0 -9999.0 -9999.0 -9999.0 -9999.0 -9999.0 -9999.0 -9999.0 -9999.0 -9999.0 -9999.0 -9999.0 -9999.0 -9999.0 -9999.0 -9999.0 -9999.0 -9999.0 -9999.0 -9999.0 -9999.0 -9999.0 -9999.0 -9999.0 -9999.0 -9999.0 -9999.0 -9999.0 -9999.0 -9999.0 -9999.0 -9999.0 -9999.0 -9999.0 -9999.0 -9999.0 -9999.0 -9999.0 -9999.0 -9999.0 -9999.0 -9999.0 -9999.0 -9999.0 -9999.0 -9999.0 -9999.0 -9999.0 -9999.0 -9999.0 -9999.0 -9999.0 -9999.0 -9999.0 -9999.0 -9999.0 -9999.0 -9999.0 -9999.0 -9999.0 -9999.0 -9999.0 -9999.0 -9999.0 -9999.0 -9999.0 -9999.0 -9999.0 -9999.0 -9999.0 -9999.0 -9999.0 -9999.0 -9999.0 -9999.0 -9999.0 -9999.0 -9999.0 -9999.0 -9999.0 -9999.0 -9999.0 -9999.0 -9999.0 -9999.0 -9999.0 -9999.0 -9999.0 -9999.0 -9999.0 -9999.0 -9999.0 -9999.0 -9999.0 -9999.0 -9999.0 -9999.0 -9999.0 -9999.0 -9999.0