inst/processing_geotop_simulation/geotop_simulation/out/maps3D/PwL0019N0283.asc
ncols         104
nrows         10
xllcorner     -2.000000
yllcorner     0.000000
cellsize      1.000000
NODATA_value  -9999.0
-9999.0 -9999.0 -9999.0 -9999.0 -9999.0 -9999.0 -9999.0 -9999.0 -9999.0 -9999.0 -9999.0 -9999.0 -9999.0 -9999.0 -9999.0 -9999.0 -9999.0 -9999.0 -9999.0 -9999.0 -9999.0 -9999.0 -9999.0 -9999.0 -9999.0 -9999.0 -9999.0 -9999.0 -9999.0 -9999.0 -9999.0 -9999.0 -9999.0 -9999.0 -9999.0 -9999.0 -9999.0 -9999.0 -9999.0 -9999.0 -9999.0 -9999.0 -9999.0 -9999.0 -9999.0 -9999.0 -9999.0 -9999.0 -9999.0 -9999.0 -9999.0 -9999.0 -9999.0 -9999.0 -9999.0 -9999.0 -9999.0 -9999.0 -9999.0 -9999.0 -9999.0 -9999.0 -9999.0 -9999.0 -9999.0 -9999.0 -9999.0 -9999.0 -9999.0 -9999.0 -9999.0 -9999.0 -9999.0 -9999.0 -9999.0 -9999.0 -9999.0 -9999.0 -9999.0 -9999.0 -9999.0 -9999.0 -9999.0 -9999.0 -9999.0 -9999.0 -9999.0 -9999.0 -9999.0 -9999.0 -9999.0 -9999.0 -9999.0 -9999.0 -9999.0 -9999.0 -9999.0 -9999.0 -9999.0 -9999.0 -9999.0 -9999.0 -9999.0 -9999.0
-9999.0 -9999.0 -9999.0 -9999.0 -9999.0 -9999.0 -9999.0 -9999.0 -9999.0 -9999.0 -9999.0 -9999.0 -9999.0 -9999.0 -9999.0 -9999.0 -9999.0 -9999.0 -9999.0 -9999.0 -9999.0 -9999.0 -9999.0 -9999.0 -9999.0 -9999.0 -9999.0 -9999.0 -9999.0 -9999.0 -9999.0 -9999.0 -9999.0 -9999.0 -9999.0 -9999.0 -9999.0 -9999.0 -9999.0 -9999.0 -9999.0 -9999.0 -9999.0 -9999.0 -9999.0 -9999.0 -9999.0 -9999.0 -9999.0 -9999.0 -9999.0 -9999.0 -9999.0 -9999.0 -9999.0 -9999.0 -9999.0 -9999.0 -9999.0 -9999.0 -9999.0 -9999.0 -9999.0 -9999.0 -9999.0 -9999.0 -9999.0 -9999.0 -9999.0 -9999.0 -9999.0 -9999.0 -9999.0 -9999.0 -9999.0 -9999.0 -9999.0 -9999.0 -9999.0 -9999.0 -9999.0 -9999.0 -9999.0 -9999.0 -9999.0 -9999.0 -9999.0 -9999.0 -9999.0 -9999.0 -9999.0 -9999.0 -9999.0 -9999.0 -9999.0 -9999.0 -9999.0 -9999.0 -9999.0 -9999.0 -9999.0 -9999.0 -9999.0 -9999.0
-9999.0 -9999.0 921.879275 823.775638 725.493607 626.969274 528.314551 429.601746 330.870406 232.142054 133.428677 34.737672 -63.920982 -162.544412 -261.108869 -359.561644 -457.798638 -555.632427 -652.750801 -749.443938 -846.106271 -942.011119 -1036.892398 -1126.441711 -1205.386354 -1274.409467 -1332.351697 -1379.082748 -1415.399962 -1442.718686 -1462.712036 -1477.021356 -1487.083681 -1494.064169 -1498.858256 -1502.130763 -1504.375200 -1506.017752 -1507.734412 -1511.579883 -1524.469278 -1572.922887 -1900.299680 -3980.859214 -4034.646081 -4034.651267 -4034.585608 -4033.910371 -4030.885497 -4021.670590 -3998.803849 -3943.884765 -3873.354833 -3802.890478 -3714.612047 -3595.666050 -3437.050422 -3241.088616 -3024.396387 -2807.918783 -2566.090851 -1612.161941 -1531.227095 -1516.197073 -1510.754842 -1509.385113 -1509.119720 -1509.075140 -1509.068540 -1509.068119 -1509.068623 -1509.069171 -1509.069626 -1509.069986 -1509.070271 -1509.070501 -1509.070691 -1509.070852 -1509.070993 -1509.071124 -1509.071255 -1509.071398 -1509.071569 -1509.071794 -1509.072109 -1509.072574 -1509.073287 -1509.074407 -1509.076213 -1509.079196 -1509.084261 -1509.093122 -1509.109121 -1509.138935 -1509.196238 -1509.310055 -1509.545497 -1510.059222 -1511.254460 -1514.237728 -1522.351663 -1547.496756 -9999.0 -9999.0
-9999.0 -9999.0 921.882458 823.776836 725.493997 626.969401 528.314594 429.601761 330.870412 232.142056 133.428678 34.737672 -63.920981 -162.544412 -261.108869 -359.561644 -457.798638 -555.632427 -652.750801 -749.443938 -846.106271 -942.011119 -1036.892398 -1126.441712 -1205.386354 -1274.409467 -1332.351697 -1379.082748 -1415.399963 -1442.718686 -1462.712036 -1477.021356 -1487.083681 -1494.064169 -1498.858256 -1502.130763 -1504.375200 -1506.017752 -1507.734412 -1511.579883 -1524.469278 -1572.922887 -1900.299680 -3980.859214 -4034.646081 -4034.651267 -4034.585608 -4033.910371 -4030.885497 -4021.670590 -3998.803848 -3943.884765 -3873.354832 -3802.890478 -3714.612046 -3595.666050 -3437.050420 -3241.088616 -3024.396386 -2807.918783 -2566.090851 -1612.161942 -1531.227095 -1516.197073 -1510.754842 -1509.385113 -1509.119720 -1509.075140 -1509.068540 -1509.068119 -1509.068623 -1509.069171 -1509.069626 -1509.069986 -1509.070271 -1509.070501 -1509.070691 -1509.070852 -1509.070993 -1509.071124 -1509.071255 -1509.071398 -1509.071569 -1509.071794 -1509.072109 -1509.072574 -1509.073287 -1509.074407 -1509.076213 -1509.079196 -1509.084261 -1509.093122 -1509.109121 -1509.138935 -1509.196238 -1509.310055 -1509.545497 -1510.059222 -1511.254460 -1514.237728 -1522.351663 -1547.496756 -9999.0 -9999.0
-9999.0 -9999.0 921.883652 823.777475 725.494266 626.969504 528.314632 429.601775 330.870416 232.142058 133.428678 34.737673 -63.920982 -162.544412 -261.108869 -359.561644 -457.798639 -555.632427 -652.750801 -749.443939 -846.106271 -942.011119 -1036.892398 -1126.441712 -1205.386354 -1274.409467 -1332.351697 -1379.082748 -1415.399963 -1442.718686 -1462.712036 -1477.021356 -1487.083681 -1494.064169 -1498.858256 -1502.130764 -1504.375200 -1506.017752 -1507.734412 -1511.579883 -1524.469278 -1572.922887 -1900.299680 -3980.859214 -4034.646081 -4034.651267 -4034.585608 -4033.910371 -4030.885497 -4021.670590 -3998.803848 -3943.884765 -3873.354832 -3802.890478 -3714.612046 -3595.666049 -3437.050421 -3241.088615 -3024.396386 -2807.918782 -2566.090851 -1612.161941 -1531.227095 -1516.197073 -1510.754842 -1509.385113 -1509.119720 -1509.075140 -1509.068540 -1509.068119 -1509.068623 -1509.069171 -1509.069626 -1509.069986 -1509.070271 -1509.070501 -1509.070691 -1509.070852 -1509.070993 -1509.071124 -1509.071255 -1509.071398 -1509.071569 -1509.071794 -1509.072109 -1509.072574 -1509.073287 -1509.074407 -1509.076213 -1509.079196 -1509.084261 -1509.093122 -1509.109121 -1509.138935 -1509.196238 -1509.310055 -1509.545497 -1510.059222 -1511.254460 -1514.237728 -1522.351663 -1547.496756 -9999.0 -9999.0
-9999.0 -9999.0 921.883652 823.777475 725.494266 626.969504 528.314632 429.601775 330.870417 232.142058 133.428679 34.737673 -63.920981 -162.544412 -261.108869 -359.561644 -457.798639 -555.632427 -652.750801 -749.443939 -846.106271 -942.011119 -1036.892398 -1126.441712 -1205.386354 -1274.409467 -1332.351697 -1379.082748 -1415.399963 -1442.718686 -1462.712036 -1477.021356 -1487.083681 -1494.064169 -1498.858256 -1502.130764 -1504.375200 -1506.017752 -1507.734412 -1511.579883 -1524.469278 -1572.922887 -1900.299680 -3980.859214 -4034.646081 -4034.651267 -4034.585608 -4033.910371 -4030.885497 -4021.670590 -3998.803848 -3943.884765 -3873.354832 -3802.890478 -3714.612046 -3595.666050 -3437.050420 -3241.088616 -3024.396386 -2807.918783 -2566.090851 -1612.161941 -1531.227095 -1516.197073 -1510.754842 -1509.385113 -1509.119720 -1509.075140 -1509.068540 -1509.068119 -1509.068623 -1509.069171 -1509.069626 -1509.069986 -1509.070271 -1509.070501 -1509.070691 -1509.070852 -1509.070993 -1509.071124 -1509.071255 -1509.071398 -1509.071569 -1509.071794 -1509.072109 -1509.072574 -1509.073287 -1509.074407 -1509.076213 -1509.079196 -1509.084261 -1509.093122 -1509.109121 -1509.138935 -1509.196238 -1509.310055 -1509.545497 -1510.059222 -1511.254460 -1514.237728 -1522.351663 -1547.496756 -9999.0 -9999.0
-9999.0 -9999.0 921.882458 823.776836 725.493997 626.969401 528.314594 429.601761 330.870411 232.142056 133.428678 34.737673 -63.920982 -162.544412 -261.108869 -359.561644 -457.798639 -555.632427 -652.750801 -749.443938 -846.106271 -942.011119 -1036.892398 -1126.441712 -1205.386354 -1274.409467 -1332.351697 -1379.082748 -1415.399963 -1442.718686 -1462.712036 -1477.021356 -1487.083681 -1494.064169 -1498.858256 -1502.130763 -1504.375200 -1506.017752 -1507.734412 -1511.579883 -1524.469278 -1572.922887 -1900.299680 -3980.859214 -4034.646081 -4034.651267 -4034.585608 -4033.910371 -4030.885497 -4021.670590 -3998.803848 -3943.884765 -3873.354832 -3802.890478 -3714.612047 -3595.666050 -3437.050421 -3241.088616 -3024.396386 -2807.918783 -2566.090851 -1612.161941 -1531.227095 -1516.197073 -1510.754842 -1509.385113 -1509.119720 -1509.075140 -1509.068540 -1509.068119 -1509.068623 -1509.069171 -1509.069626 -1509.069986 -1509.070271 -1509.070501 -1509.070691 -1509.070852 -1509.070993 -1509.071124 -1509.071255 -1509.071398 -1509.071569 -1509.071794 -1509.072109 -1509.072574 -1509.073287 -1509.074407 -1509.076213 -1509.079196 -1509.084261 -1509.093122 -1509.109121 -1509.138935 -1509.196238 -1509.310055 -1509.545497 -1510.059222 -1511.254460 -1514.237728 -1522.351663 -1547.496756 -9999.0 -9999.0
-9999.0 -9999.0 921.879275 823.775638 725.493607 626.969274 528.314551 429.601746 330.870406 232.142054 133.428677 34.737672 -63.920982 -162.544412 -261.108869 -359.561644 -457.798638 -555.632427 -652.750800 -749.443938 -846.106271 -942.011119 -1036.892398 -1126.441711 -1205.386354 -1274.409467 -1332.351697 -1379.082748 -1415.399962 -1442.718686 -1462.712036 -1477.021356 -1487.083681 -1494.064169 -1498.858256 -1502.130763 -1504.375200 -1506.017752 -1507.734412 -1511.579883 -1524.469278 -1572.922887 -1900.299680 -3980.859214 -4034.646081 -4034.651267 -4034.585608 -4033.910371 -4030.885497 -4021.670591 -3998.803849 -3943.884766 -3873.354833 -3802.890478 -3714.612047 -3595.666051 -3437.050421 -3241.088617 -3024.396387 -2807.918783 -2566.090852 -1612.161941 -1531.227095 -1516.197073 -1510.754842 -1509.385113 -1509.119720 -1509.075140 -1509.068540 -1509.068119 -1509.068623 -1509.069171 -1509.069626 -1509.069986 -1509.070271 -1509.070501 -1509.070691 -1509.070852 -1509.070993 -1509.071124 -1509.071255 -1509.071398 -1509.071569 -1509.071794 -1509.072109 -1509.072574 -1509.073287 -1509.074407 -1509.076213 -1509.079196 -1509.084261 -1509.093122 -1509.109121 -1509.138935 -1509.196238 -1509.310055 -1509.545497 -1510.059222 -1511.254460 -1514.237728 -1522.351663 -1547.496756 -9999.0 -9999.0
-9999.0 -9999.0 -9999.0 -9999.0 -9999.0 -9999.0 -9999.0 -9999.0 -9999.0 -9999.0 -9999.0 -9999.0 -9999.0 -9999.0 -9999.0 -9999.0 -9999.0 -9999.0 -9999.0 -9999.0 -9999.0 -9999.0 -9999.0 -9999.0 -9999.0 -9999.0 -9999.0 -9999.0 -9999.0 -9999.0 -9999.0 -9999.0 -9999.0 -9999.0 -9999.0 -9999.0 -9999.0 -9999.0 -9999.0 -9999.0 -9999.0 -9999.0 -9999.0 -9999.0 -9999.0 -9999.0 -9999.0 -9999.0 -9999.0 -9999.0 -9999.0 -9999.0 -9999.0 -9999.0 -9999.0 -9999.0 -9999.0 -9999.0 -9999.0 -9999.0 -9999.0 -9999.0 -9999.0 -9999.0 -9999.0 -9999.0 -9999.0 -9999.0 -9999.0 -9999.0 -9999.0 -9999.0 -9999.0 -9999.0 -9999.0 -9999.0 -9999.0 -9999.0 -9999.0 -9999.0 -9999.0 -9999.0 -9999.0 -9999.0 -9999.0 -9999.0 -9999.0 -9999.0 -9999.0 -9999.0 -9999.0 -9999.0 -9999.0 -9999.0 -9999.0 -9999.0 -9999.0 -9999.0 -9999.0 -9999.0 -9999.0 -9999.0 -9999.0 -9999.0
-9999.0 -9999.0 -9999.0 -9999.0 -9999.0 -9999.0 -9999.0 -9999.0 -9999.0 -9999.0 -9999.0 -9999.0 -9999.0 -9999.0 -9999.0 -9999.0 -9999.0 -9999.0 -9999.0 -9999.0 -9999.0 -9999.0 -9999.0 -9999.0 -9999.0 -9999.0 -9999.0 -9999.0 -9999.0 -9999.0 -9999.0 -9999.0 -9999.0 -9999.0 -9999.0 -9999.0 -9999.0 -9999.0 -9999.0 -9999.0 -9999.0 -9999.0 -9999.0 -9999.0 -9999.0 -9999.0 -9999.0 -9999.0 -9999.0 -9999.0 -9999.0 -9999.0 -9999.0 -9999.0 -9999.0 -9999.0 -9999.0 -9999.0 -9999.0 -9999.0 -9999.0 -9999.0 -9999.0 -9999.0 -9999.0 -9999.0 -9999.0 -9999.0 -9999.0 -9999.0 -9999.0 -9999.0 -9999.0 -9999.0 -9999.0 -9999.0 -9999.0 -9999.0 -9999.0 -9999.0 -9999.0 -9999.0 -9999.0 -9999.0 -9999.0 -9999.0 -9999.0 -9999.0 -9999.0 -9999.0 -9999.0 -9999.0 -9999.0 -9999.0 -9999.0 -9999.0 -9999.0 -9999.0 -9999.0 -9999.0 -9999.0 -9999.0 -9999.0 -9999.0