inst/processing_geotop_simulation/geotop_simulation/out/maps3D/PwL0011N0032.asc
ncols         104
nrows         10
xllcorner     -2.000000
yllcorner     0.000000
cellsize      1.000000
NODATA_value  -9999.0
-9999.0 -9999.0 -9999.0 -9999.0 -9999.0 -9999.0 -9999.0 -9999.0 -9999.0 -9999.0 -9999.0 -9999.0 -9999.0 -9999.0 -9999.0 -9999.0 -9999.0 -9999.0 -9999.0 -9999.0 -9999.0 -9999.0 -9999.0 -9999.0 -9999.0 -9999.0 -9999.0 -9999.0 -9999.0 -9999.0 -9999.0 -9999.0 -9999.0 -9999.0 -9999.0 -9999.0 -9999.0 -9999.0 -9999.0 -9999.0 -9999.0 -9999.0 -9999.0 -9999.0 -9999.0 -9999.0 -9999.0 -9999.0 -9999.0 -9999.0 -9999.0 -9999.0 -9999.0 -9999.0 -9999.0 -9999.0 -9999.0 -9999.0 -9999.0 -9999.0 -9999.0 -9999.0 -9999.0 -9999.0 -9999.0 -9999.0 -9999.0 -9999.0 -9999.0 -9999.0 -9999.0 -9999.0 -9999.0 -9999.0 -9999.0 -9999.0 -9999.0 -9999.0 -9999.0 -9999.0 -9999.0 -9999.0 -9999.0 -9999.0 -9999.0 -9999.0 -9999.0 -9999.0 -9999.0 -9999.0 -9999.0 -9999.0 -9999.0 -9999.0 -9999.0 -9999.0 -9999.0 -9999.0 -9999.0 -9999.0 -9999.0 -9999.0 -9999.0 -9999.0
-9999.0 -9999.0 -9999.0 -9999.0 -9999.0 -9999.0 -9999.0 -9999.0 -9999.0 -9999.0 -9999.0 -9999.0 -9999.0 -9999.0 -9999.0 -9999.0 -9999.0 -9999.0 -9999.0 -9999.0 -9999.0 -9999.0 -9999.0 -9999.0 -9999.0 -9999.0 -9999.0 -9999.0 -9999.0 -9999.0 -9999.0 -9999.0 -9999.0 -9999.0 -9999.0 -9999.0 -9999.0 -9999.0 -9999.0 -9999.0 -9999.0 -9999.0 -9999.0 -9999.0 -9999.0 -9999.0 -9999.0 -9999.0 -9999.0 -9999.0 -9999.0 -9999.0 -9999.0 -9999.0 -9999.0 -9999.0 -9999.0 -9999.0 -9999.0 -9999.0 -9999.0 -9999.0 -9999.0 -9999.0 -9999.0 -9999.0 -9999.0 -9999.0 -9999.0 -9999.0 -9999.0 -9999.0 -9999.0 -9999.0 -9999.0 -9999.0 -9999.0 -9999.0 -9999.0 -9999.0 -9999.0 -9999.0 -9999.0 -9999.0 -9999.0 -9999.0 -9999.0 -9999.0 -9999.0 -9999.0 -9999.0 -9999.0 -9999.0 -9999.0 -9999.0 -9999.0 -9999.0 -9999.0 -9999.0 -9999.0 -9999.0 -9999.0 -9999.0 -9999.0
-9999.0 -9999.0 -133.330380 -227.156803 -309.824514 -376.143793 -423.891308 -454.352095 -471.844992 -482.982578 -486.376033 -491.974266 -493.352003 -484.994890 -437.181462 -355.827910 -242.668020 -133.038091 -18.883951 109.322976 47.181912 -18.175848 -86.390425 -155.759898 -224.939046 -290.861673 -349.920850 -397.885677 -432.769585 -455.495650 -469.040968 -476.630092 -480.697617 -482.780320 -483.762195 -484.088972 -483.827285 -483.939587 -490.508606 -488.846975 -466.206177 -488.654296 -2597.029258 -4430.294569 -4430.693067 -4430.693069 -4430.693069 -4430.693069 -4430.693069 -4430.693069 -4430.693069 -4430.693069 -4430.693069 -4430.693069 -4430.693069 -4430.693069 -4430.693069 -4430.693069 -4430.693069 -4430.693066 -4430.036416 -2487.898323 -517.596008 -505.243277 -490.883759 -486.782309 -485.869233 -485.625382 -485.545263 -485.516568 -485.506448 -485.503382 -485.503000 -485.504096 -485.505825 -485.507771 -485.510141 -485.512998 -485.516100 -485.519361 -485.522688 -485.526136 -485.530124 -485.535324 -485.542628 -485.553614 -485.570503 -485.597248 -485.640198 -485.710740 -485.828522 -486.029643 -486.383553 -487.028301 -488.243887 -490.599591 -495.227934 -504.262990 -521.346609 -551.894177 -604.085171 -692.333518 -9999.0 -9999.0
-9999.0 -9999.0 -133.330152 -227.156711 -309.824483 -376.143781 -423.891309 -454.352105 -471.845004 -482.982588 -486.376034 -491.974266 -493.352003 -484.994890 -437.181462 -355.827910 -242.668020 -133.038091 -18.883951 109.322976 47.181912 -18.175848 -86.390425 -155.759898 -224.939046 -290.861673 -349.920850 -397.885677 -432.769585 -455.495650 -469.040968 -476.630092 -480.697617 -482.780320 -483.762195 -484.088972 -483.827285 -483.939587 -490.508606 -488.846974 -466.206178 -488.654296 -2597.029257 -4430.294569 -4430.693067 -4430.693069 -4430.693069 -4430.693069 -4430.693069 -4430.693069 -4430.693069 -4430.693069 -4430.693069 -4430.693069 -4430.693069 -4430.693069 -4430.693069 -4430.693069 -4430.693069 -4430.693066 -4430.036416 -2487.898323 -517.596008 -505.243277 -490.883759 -486.782309 -485.869233 -485.625382 -485.545263 -485.516568 -485.506448 -485.503382 -485.503000 -485.504096 -485.505825 -485.507771 -485.510141 -485.512998 -485.516100 -485.519361 -485.522688 -485.526136 -485.530124 -485.535324 -485.542628 -485.553614 -485.570503 -485.597248 -485.640198 -485.710740 -485.828522 -486.029643 -486.383553 -487.028301 -488.243887 -490.599591 -495.227934 -504.262990 -521.346609 -551.894177 -604.085171 -692.333518 -9999.0 -9999.0
-9999.0 -9999.0 -133.330023 -227.156656 -309.824468 -376.143778 -423.891313 -454.352115 -471.845015 -482.982597 -486.376035 -491.974266 -493.352003 -484.994890 -437.181462 -355.827910 -242.668020 -133.038091 -18.883951 109.322976 47.181912 -18.175848 -86.390425 -155.759898 -224.939046 -290.861673 -349.920850 -397.885677 -432.769585 -455.495650 -469.040968 -476.630092 -480.697617 -482.780320 -483.762195 -484.088972 -483.827285 -483.939587 -490.508606 -488.846974 -466.206178 -488.654297 -2597.029257 -4430.294569 -4430.693067 -4430.693069 -4430.693069 -4430.693069 -4430.693069 -4430.693069 -4430.693069 -4430.693069 -4430.693069 -4430.693069 -4430.693069 -4430.693069 -4430.693069 -4430.693069 -4430.693069 -4430.693066 -4430.036416 -2487.898323 -517.596008 -505.243277 -490.883759 -486.782309 -485.869233 -485.625382 -485.545263 -485.516568 -485.506448 -485.503382 -485.503000 -485.504096 -485.505825 -485.507771 -485.510141 -485.512998 -485.516100 -485.519361 -485.522688 -485.526136 -485.530124 -485.535324 -485.542628 -485.553614 -485.570503 -485.597248 -485.640198 -485.710740 -485.828522 -486.029643 -486.383553 -487.028301 -488.243887 -490.599591 -495.227934 -504.262990 -521.346609 -551.894177 -604.085171 -692.333518 -9999.0 -9999.0
-9999.0 -9999.0 -133.330023 -227.156656 -309.824468 -376.143778 -423.891313 -454.352115 -471.845015 -482.982597 -486.376035 -491.974266 -493.352003 -484.994890 -437.181462 -355.827910 -242.668020 -133.038091 -18.883951 109.322976 47.181912 -18.175848 -86.390425 -155.759898 -224.939046 -290.861673 -349.920850 -397.885677 -432.769585 -455.495650 -469.040968 -476.630092 -480.697617 -482.780320 -483.762195 -484.088972 -483.827285 -483.939587 -490.508606 -488.846974 -466.206178 -488.654297 -2597.029257 -4430.294569 -4430.693067 -4430.693069 -4430.693069 -4430.693069 -4430.693069 -4430.693069 -4430.693069 -4430.693069 -4430.693069 -4430.693069 -4430.693069 -4430.693069 -4430.693069 -4430.693069 -4430.693069 -4430.693066 -4430.036416 -2487.898323 -517.596008 -505.243277 -490.883759 -486.782309 -485.869233 -485.625382 -485.545263 -485.516568 -485.506448 -485.503382 -485.503000 -485.504096 -485.505825 -485.507771 -485.510141 -485.512998 -485.516100 -485.519361 -485.522688 -485.526136 -485.530124 -485.535324 -485.542628 -485.553614 -485.570503 -485.597248 -485.640198 -485.710740 -485.828522 -486.029643 -486.383553 -487.028301 -488.243887 -490.599591 -495.227934 -504.262990 -521.346609 -551.894177 -604.085171 -692.333518 -9999.0 -9999.0
-9999.0 -9999.0 -133.330152 -227.156711 -309.824483 -376.143781 -423.891309 -454.352105 -471.845004 -482.982588 -486.376034 -491.974266 -493.352003 -484.994890 -437.181462 -355.827910 -242.668020 -133.038091 -18.883951 109.322976 47.181912 -18.175848 -86.390425 -155.759898 -224.939046 -290.861673 -349.920850 -397.885677 -432.769585 -455.495650 -469.040968 -476.630092 -480.697617 -482.780320 -483.762195 -484.088972 -483.827285 -483.939587 -490.508606 -488.846974 -466.206178 -488.654296 -2597.029257 -4430.294569 -4430.693067 -4430.693069 -4430.693069 -4430.693069 -4430.693069 -4430.693069 -4430.693069 -4430.693069 -4430.693069 -4430.693069 -4430.693069 -4430.693069 -4430.693069 -4430.693069 -4430.693069 -4430.693066 -4430.036416 -2487.898323 -517.596009 -505.243277 -490.883759 -486.782309 -485.869233 -485.625382 -485.545263 -485.516568 -485.506448 -485.503382 -485.503000 -485.504096 -485.505825 -485.507771 -485.510141 -485.512998 -485.516100 -485.519361 -485.522688 -485.526136 -485.530124 -485.535324 -485.542628 -485.553614 -485.570503 -485.597248 -485.640198 -485.710740 -485.828522 -486.029643 -486.383553 -487.028301 -488.243887 -490.599591 -495.227934 -504.262990 -521.346609 -551.894177 -604.085171 -692.333518 -9999.0 -9999.0
-9999.0 -9999.0 -133.330380 -227.156803 -309.824514 -376.143793 -423.891308 -454.352095 -471.844992 -482.982578 -486.376033 -491.974266 -493.352003 -484.994890 -437.181462 -355.827910 -242.668020 -133.038091 -18.883951 109.322976 47.181912 -18.175848 -86.390425 -155.759898 -224.939046 -290.861673 -349.920850 -397.885677 -432.769585 -455.495650 -469.040968 -476.630092 -480.697617 -482.780320 -483.762195 -484.088972 -483.827285 -483.939587 -490.508606 -488.846975 -466.206177 -488.654296 -2597.029258 -4430.294569 -4430.693067 -4430.693069 -4430.693069 -4430.693069 -4430.693069 -4430.693069 -4430.693069 -4430.693069 -4430.693069 -4430.693069 -4430.693069 -4430.693069 -4430.693069 -4430.693069 -4430.693069 -4430.693066 -4430.036416 -2487.898323 -517.596009 -505.243277 -490.883759 -486.782309 -485.869233 -485.625382 -485.545263 -485.516568 -485.506448 -485.503382 -485.503000 -485.504096 -485.505825 -485.507771 -485.510141 -485.512998 -485.516100 -485.519361 -485.522688 -485.526136 -485.530124 -485.535324 -485.542628 -485.553614 -485.570503 -485.597248 -485.640198 -485.710740 -485.828522 -486.029643 -486.383553 -487.028301 -488.243887 -490.599591 -495.227934 -504.262990 -521.346609 -551.894177 -604.085171 -692.333518 -9999.0 -9999.0
-9999.0 -9999.0 -9999.0 -9999.0 -9999.0 -9999.0 -9999.0 -9999.0 -9999.0 -9999.0 -9999.0 -9999.0 -9999.0 -9999.0 -9999.0 -9999.0 -9999.0 -9999.0 -9999.0 -9999.0 -9999.0 -9999.0 -9999.0 -9999.0 -9999.0 -9999.0 -9999.0 -9999.0 -9999.0 -9999.0 -9999.0 -9999.0 -9999.0 -9999.0 -9999.0 -9999.0 -9999.0 -9999.0 -9999.0 -9999.0 -9999.0 -9999.0 -9999.0 -9999.0 -9999.0 -9999.0 -9999.0 -9999.0 -9999.0 -9999.0 -9999.0 -9999.0 -9999.0 -9999.0 -9999.0 -9999.0 -9999.0 -9999.0 -9999.0 -9999.0 -9999.0 -9999.0 -9999.0 -9999.0 -9999.0 -9999.0 -9999.0 -9999.0 -9999.0 -9999.0 -9999.0 -9999.0 -9999.0 -9999.0 -9999.0 -9999.0 -9999.0 -9999.0 -9999.0 -9999.0 -9999.0 -9999.0 -9999.0 -9999.0 -9999.0 -9999.0 -9999.0 -9999.0 -9999.0 -9999.0 -9999.0 -9999.0 -9999.0 -9999.0 -9999.0 -9999.0 -9999.0 -9999.0 -9999.0 -9999.0 -9999.0 -9999.0 -9999.0 -9999.0
-9999.0 -9999.0 -9999.0 -9999.0 -9999.0 -9999.0 -9999.0 -9999.0 -9999.0 -9999.0 -9999.0 -9999.0 -9999.0 -9999.0 -9999.0 -9999.0 -9999.0 -9999.0 -9999.0 -9999.0 -9999.0 -9999.0 -9999.0 -9999.0 -9999.0 -9999.0 -9999.0 -9999.0 -9999.0 -9999.0 -9999.0 -9999.0 -9999.0 -9999.0 -9999.0 -9999.0 -9999.0 -9999.0 -9999.0 -9999.0 -9999.0 -9999.0 -9999.0 -9999.0 -9999.0 -9999.0 -9999.0 -9999.0 -9999.0 -9999.0 -9999.0 -9999.0 -9999.0 -9999.0 -9999.0 -9999.0 -9999.0 -9999.0 -9999.0 -9999.0 -9999.0 -9999.0 -9999.0 -9999.0 -9999.0 -9999.0 -9999.0 -9999.0 -9999.0 -9999.0 -9999.0 -9999.0 -9999.0 -9999.0 -9999.0 -9999.0 -9999.0 -9999.0 -9999.0 -9999.0 -9999.0 -9999.0 -9999.0 -9999.0 -9999.0 -9999.0 -9999.0 -9999.0 -9999.0 -9999.0 -9999.0 -9999.0 -9999.0 -9999.0 -9999.0 -9999.0 -9999.0 -9999.0 -9999.0 -9999.0 -9999.0 -9999.0 -9999.0 -9999.0