inst/processing_geotop_simulation/geotop_simulation/out/maps3D/PwL0016N0263.asc
ncols         104
nrows         10
xllcorner     -2.000000
yllcorner     0.000000
cellsize      1.000000
NODATA_value  -9999.0
-9999.0 -9999.0 -9999.0 -9999.0 -9999.0 -9999.0 -9999.0 -9999.0 -9999.0 -9999.0 -9999.0 -9999.0 -9999.0 -9999.0 -9999.0 -9999.0 -9999.0 -9999.0 -9999.0 -9999.0 -9999.0 -9999.0 -9999.0 -9999.0 -9999.0 -9999.0 -9999.0 -9999.0 -9999.0 -9999.0 -9999.0 -9999.0 -9999.0 -9999.0 -9999.0 -9999.0 -9999.0 -9999.0 -9999.0 -9999.0 -9999.0 -9999.0 -9999.0 -9999.0 -9999.0 -9999.0 -9999.0 -9999.0 -9999.0 -9999.0 -9999.0 -9999.0 -9999.0 -9999.0 -9999.0 -9999.0 -9999.0 -9999.0 -9999.0 -9999.0 -9999.0 -9999.0 -9999.0 -9999.0 -9999.0 -9999.0 -9999.0 -9999.0 -9999.0 -9999.0 -9999.0 -9999.0 -9999.0 -9999.0 -9999.0 -9999.0 -9999.0 -9999.0 -9999.0 -9999.0 -9999.0 -9999.0 -9999.0 -9999.0 -9999.0 -9999.0 -9999.0 -9999.0 -9999.0 -9999.0 -9999.0 -9999.0 -9999.0 -9999.0 -9999.0 -9999.0 -9999.0 -9999.0 -9999.0 -9999.0 -9999.0 -9999.0 -9999.0 -9999.0
-9999.0 -9999.0 -9999.0 -9999.0 -9999.0 -9999.0 -9999.0 -9999.0 -9999.0 -9999.0 -9999.0 -9999.0 -9999.0 -9999.0 -9999.0 -9999.0 -9999.0 -9999.0 -9999.0 -9999.0 -9999.0 -9999.0 -9999.0 -9999.0 -9999.0 -9999.0 -9999.0 -9999.0 -9999.0 -9999.0 -9999.0 -9999.0 -9999.0 -9999.0 -9999.0 -9999.0 -9999.0 -9999.0 -9999.0 -9999.0 -9999.0 -9999.0 -9999.0 -9999.0 -9999.0 -9999.0 -9999.0 -9999.0 -9999.0 -9999.0 -9999.0 -9999.0 -9999.0 -9999.0 -9999.0 -9999.0 -9999.0 -9999.0 -9999.0 -9999.0 -9999.0 -9999.0 -9999.0 -9999.0 -9999.0 -9999.0 -9999.0 -9999.0 -9999.0 -9999.0 -9999.0 -9999.0 -9999.0 -9999.0 -9999.0 -9999.0 -9999.0 -9999.0 -9999.0 -9999.0 -9999.0 -9999.0 -9999.0 -9999.0 -9999.0 -9999.0 -9999.0 -9999.0 -9999.0 -9999.0 -9999.0 -9999.0 -9999.0 -9999.0 -9999.0 -9999.0 -9999.0 -9999.0 -9999.0 -9999.0 -9999.0 -9999.0 -9999.0 -9999.0
-9999.0 -9999.0 773.753572 676.253097 578.335084 480.066782 381.626061 283.110217 184.569463 86.030391 -12.489253 -110.976682 -209.422472 -307.783319 -405.974984 -503.855748 -601.171159 -697.530657 -794.326936 -890.625722 -986.205050 -1080.793998 -1166.220007 -1243.156781 -1309.563668 -1364.463621 -1408.038238 -1441.385975 -1466.120717 -1483.994684 -1496.639845 -1505.436239 -1511.475653 -1515.581347 -1518.352950 -1520.218495 -1521.489363 -1522.446631 -1523.622244 -1526.885398 -1538.876348 -1585.495778 -2004.629588 -4137.874371 -4183.164175 -4183.167962 -4183.167763 -4183.167730 -4183.167724 -4183.167714 -4183.167688 -4183.167605 -4183.167465 -4183.167280 -4183.166965 -4183.166342 -4183.164947 -4183.161507 -4183.152375 -4183.117625 -4105.976995 -1855.265871 -1547.175001 -1531.000938 -1525.661791 -1524.378202 -1524.141168 -1524.102692 -1524.097184 -1524.096974 -1524.097542 -1524.098120 -1524.098589 -1524.098954 -1524.099238 -1524.099462 -1524.099644 -1524.099793 -1524.099921 -1524.100038 -1524.100153 -1524.100280 -1524.100437 -1524.100650 -1524.100958 -1524.101423 -1524.102149 -1524.103303 -1524.105178 -1524.108287 -1524.113572 -1524.122812 -1524.139466 -1524.170412 -1524.229628 -1524.346399 -1524.585207 -1525.098318 -1526.272691 -1529.164528 -1536.976092 -1561.355758 -9999.0 -9999.0
-9999.0 -9999.0 773.757598 676.254486 578.335514 480.066918 381.626106 283.110233 184.569469 86.030393 -12.489252 -110.976681 -209.422472 -307.783320 -405.974984 -503.855748 -601.171159 -697.530657 -794.326936 -890.625722 -986.205051 -1080.793998 -1166.220007 -1243.156781 -1309.563668 -1364.463621 -1408.038238 -1441.385975 -1466.120717 -1483.994684 -1496.639845 -1505.436239 -1511.475653 -1515.581347 -1518.352950 -1520.218495 -1521.489363 -1522.446631 -1523.622244 -1526.885398 -1538.876348 -1585.495778 -2004.629588 -4137.874370 -4183.164175 -4183.167962 -4183.167763 -4183.167730 -4183.167724 -4183.167714 -4183.167688 -4183.167605 -4183.167465 -4183.167280 -4183.166965 -4183.166342 -4183.164947 -4183.161507 -4183.152375 -4183.117625 -4105.976995 -1855.265871 -1547.175001 -1531.000938 -1525.661791 -1524.378202 -1524.141168 -1524.102692 -1524.097184 -1524.096974 -1524.097542 -1524.098120 -1524.098589 -1524.098954 -1524.099238 -1524.099462 -1524.099644 -1524.099793 -1524.099921 -1524.100038 -1524.100153 -1524.100280 -1524.100437 -1524.100650 -1524.100958 -1524.101423 -1524.102149 -1524.103303 -1524.105178 -1524.108287 -1524.113572 -1524.122812 -1524.139466 -1524.170412 -1524.229628 -1524.346399 -1524.585207 -1525.098318 -1526.272691 -1529.164528 -1536.976092 -1561.355758 -9999.0 -9999.0
-9999.0 -9999.0 773.758927 676.255186 578.335803 480.067027 381.626146 283.110247 184.569474 86.030395 -12.489251 -110.976681 -209.422472 -307.783320 -405.974984 -503.855748 -601.171159 -697.530657 -794.326936 -890.625722 -986.205051 -1080.793998 -1166.220008 -1243.156781 -1309.563668 -1364.463621 -1408.038238 -1441.385975 -1466.120717 -1483.994684 -1496.639845 -1505.436239 -1511.475653 -1515.581347 -1518.352950 -1520.218495 -1521.489363 -1522.446631 -1523.622244 -1526.885398 -1538.876348 -1585.495778 -2004.629588 -4137.874370 -4183.164175 -4183.167962 -4183.167763 -4183.167730 -4183.167724 -4183.167714 -4183.167688 -4183.167605 -4183.167465 -4183.167280 -4183.166965 -4183.166342 -4183.164947 -4183.161507 -4183.152375 -4183.117625 -4105.976995 -1855.265871 -1547.175001 -1531.000938 -1525.661791 -1524.378202 -1524.141168 -1524.102692 -1524.097184 -1524.096974 -1524.097542 -1524.098120 -1524.098589 -1524.098954 -1524.099238 -1524.099462 -1524.099644 -1524.099793 -1524.099921 -1524.100038 -1524.100153 -1524.100280 -1524.100437 -1524.100650 -1524.100958 -1524.101423 -1524.102149 -1524.103303 -1524.105178 -1524.108287 -1524.113572 -1524.122812 -1524.139466 -1524.170412 -1524.229628 -1524.346399 -1524.585207 -1525.098318 -1526.272691 -1529.164528 -1536.976092 -1561.355758 -9999.0 -9999.0
-9999.0 -9999.0 773.758927 676.255186 578.335803 480.067027 381.626146 283.110247 184.569474 86.030395 -12.489251 -110.976681 -209.422472 -307.783320 -405.974984 -503.855748 -601.171159 -697.530657 -794.326936 -890.625722 -986.205051 -1080.793998 -1166.220008 -1243.156781 -1309.563668 -1364.463621 -1408.038238 -1441.385975 -1466.120717 -1483.994684 -1496.639845 -1505.436239 -1511.475653 -1515.581347 -1518.352950 -1520.218495 -1521.489363 -1522.446631 -1523.622244 -1526.885398 -1538.876348 -1585.495778 -2004.629588 -4137.874370 -4183.164175 -4183.167962 -4183.167763 -4183.167730 -4183.167724 -4183.167714 -4183.167688 -4183.167605 -4183.167465 -4183.167280 -4183.166965 -4183.166342 -4183.164947 -4183.161507 -4183.152375 -4183.117625 -4105.976995 -1855.265871 -1547.175001 -1531.000938 -1525.661791 -1524.378202 -1524.141168 -1524.102692 -1524.097184 -1524.096974 -1524.097542 -1524.098120 -1524.098589 -1524.098954 -1524.099238 -1524.099462 -1524.099644 -1524.099793 -1524.099921 -1524.100038 -1524.100153 -1524.100280 -1524.100437 -1524.100650 -1524.100958 -1524.101423 -1524.102149 -1524.103303 -1524.105178 -1524.108287 -1524.113572 -1524.122812 -1524.139466 -1524.170412 -1524.229628 -1524.346399 -1524.585207 -1525.098318 -1526.272691 -1529.164528 -1536.976092 -1561.355758 -9999.0 -9999.0
-9999.0 -9999.0 773.757598 676.254486 578.335514 480.066918 381.626106 283.110233 184.569469 86.030393 -12.489252 -110.976681 -209.422472 -307.783320 -405.974984 -503.855748 -601.171159 -697.530657 -794.326936 -890.625722 -986.205051 -1080.793998 -1166.220007 -1243.156781 -1309.563668 -1364.463621 -1408.038238 -1441.385975 -1466.120717 -1483.994684 -1496.639845 -1505.436239 -1511.475653 -1515.581347 -1518.352950 -1520.218495 -1521.489363 -1522.446631 -1523.622244 -1526.885398 -1538.876348 -1585.495778 -2004.629588 -4137.874370 -4183.164175 -4183.167962 -4183.167763 -4183.167730 -4183.167724 -4183.167714 -4183.167688 -4183.167605 -4183.167465 -4183.167280 -4183.166965 -4183.166342 -4183.164947 -4183.161507 -4183.152375 -4183.117625 -4105.976995 -1855.265871 -1547.175001 -1531.000938 -1525.661791 -1524.378202 -1524.141168 -1524.102692 -1524.097184 -1524.096974 -1524.097542 -1524.098120 -1524.098589 -1524.098954 -1524.099238 -1524.099462 -1524.099644 -1524.099793 -1524.099921 -1524.100038 -1524.100153 -1524.100280 -1524.100437 -1524.100650 -1524.100958 -1524.101423 -1524.102149 -1524.103303 -1524.105178 -1524.108287 -1524.113572 -1524.122812 -1524.139466 -1524.170412 -1524.229628 -1524.346399 -1524.585207 -1525.098318 -1526.272691 -1529.164528 -1536.976092 -1561.355758 -9999.0 -9999.0
-9999.0 -9999.0 773.753572 676.253097 578.335084 480.066782 381.626061 283.110217 184.569463 86.030391 -12.489253 -110.976682 -209.422472 -307.783319 -405.974984 -503.855748 -601.171159 -697.530657 -794.326936 -890.625722 -986.205050 -1080.793998 -1166.220007 -1243.156781 -1309.563668 -1364.463621 -1408.038238 -1441.385975 -1466.120717 -1483.994684 -1496.639845 -1505.436239 -1511.475653 -1515.581347 -1518.352950 -1520.218495 -1521.489363 -1522.446631 -1523.622244 -1526.885398 -1538.876348 -1585.495778 -2004.629588 -4137.874371 -4183.164175 -4183.167962 -4183.167763 -4183.167730 -4183.167724 -4183.167714 -4183.167688 -4183.167605 -4183.167465 -4183.167280 -4183.166965 -4183.166342 -4183.164947 -4183.161507 -4183.152375 -4183.117625 -4105.976995 -1855.265871 -1547.175001 -1531.000938 -1525.661791 -1524.378202 -1524.141168 -1524.102692 -1524.097184 -1524.096974 -1524.097542 -1524.098120 -1524.098589 -1524.098954 -1524.099238 -1524.099462 -1524.099644 -1524.099793 -1524.099921 -1524.100038 -1524.100153 -1524.100280 -1524.100437 -1524.100650 -1524.100958 -1524.101423 -1524.102149 -1524.103303 -1524.105178 -1524.108287 -1524.113572 -1524.122812 -1524.139466 -1524.170412 -1524.229628 -1524.346399 -1524.585207 -1525.098318 -1526.272691 -1529.164528 -1536.976092 -1561.355758 -9999.0 -9999.0
-9999.0 -9999.0 -9999.0 -9999.0 -9999.0 -9999.0 -9999.0 -9999.0 -9999.0 -9999.0 -9999.0 -9999.0 -9999.0 -9999.0 -9999.0 -9999.0 -9999.0 -9999.0 -9999.0 -9999.0 -9999.0 -9999.0 -9999.0 -9999.0 -9999.0 -9999.0 -9999.0 -9999.0 -9999.0 -9999.0 -9999.0 -9999.0 -9999.0 -9999.0 -9999.0 -9999.0 -9999.0 -9999.0 -9999.0 -9999.0 -9999.0 -9999.0 -9999.0 -9999.0 -9999.0 -9999.0 -9999.0 -9999.0 -9999.0 -9999.0 -9999.0 -9999.0 -9999.0 -9999.0 -9999.0 -9999.0 -9999.0 -9999.0 -9999.0 -9999.0 -9999.0 -9999.0 -9999.0 -9999.0 -9999.0 -9999.0 -9999.0 -9999.0 -9999.0 -9999.0 -9999.0 -9999.0 -9999.0 -9999.0 -9999.0 -9999.0 -9999.0 -9999.0 -9999.0 -9999.0 -9999.0 -9999.0 -9999.0 -9999.0 -9999.0 -9999.0 -9999.0 -9999.0 -9999.0 -9999.0 -9999.0 -9999.0 -9999.0 -9999.0 -9999.0 -9999.0 -9999.0 -9999.0 -9999.0 -9999.0 -9999.0 -9999.0 -9999.0 -9999.0
-9999.0 -9999.0 -9999.0 -9999.0 -9999.0 -9999.0 -9999.0 -9999.0 -9999.0 -9999.0 -9999.0 -9999.0 -9999.0 -9999.0 -9999.0 -9999.0 -9999.0 -9999.0 -9999.0 -9999.0 -9999.0 -9999.0 -9999.0 -9999.0 -9999.0 -9999.0 -9999.0 -9999.0 -9999.0 -9999.0 -9999.0 -9999.0 -9999.0 -9999.0 -9999.0 -9999.0 -9999.0 -9999.0 -9999.0 -9999.0 -9999.0 -9999.0 -9999.0 -9999.0 -9999.0 -9999.0 -9999.0 -9999.0 -9999.0 -9999.0 -9999.0 -9999.0 -9999.0 -9999.0 -9999.0 -9999.0 -9999.0 -9999.0 -9999.0 -9999.0 -9999.0 -9999.0 -9999.0 -9999.0 -9999.0 -9999.0 -9999.0 -9999.0 -9999.0 -9999.0 -9999.0 -9999.0 -9999.0 -9999.0 -9999.0 -9999.0 -9999.0 -9999.0 -9999.0 -9999.0 -9999.0 -9999.0 -9999.0 -9999.0 -9999.0 -9999.0 -9999.0 -9999.0 -9999.0 -9999.0 -9999.0 -9999.0 -9999.0 -9999.0 -9999.0 -9999.0 -9999.0 -9999.0 -9999.0 -9999.0 -9999.0 -9999.0 -9999.0 -9999.0