inst/processing_geotop_simulation/geotop_simulation/out/maps3D/PwL0002N0198.asc
ncols         104
nrows         10
xllcorner     -2.000000
yllcorner     0.000000
cellsize      1.000000
NODATA_value  -9999.0
-9999.0 -9999.0 -9999.0 -9999.0 -9999.0 -9999.0 -9999.0 -9999.0 -9999.0 -9999.0 -9999.0 -9999.0 -9999.0 -9999.0 -9999.0 -9999.0 -9999.0 -9999.0 -9999.0 -9999.0 -9999.0 -9999.0 -9999.0 -9999.0 -9999.0 -9999.0 -9999.0 -9999.0 -9999.0 -9999.0 -9999.0 -9999.0 -9999.0 -9999.0 -9999.0 -9999.0 -9999.0 -9999.0 -9999.0 -9999.0 -9999.0 -9999.0 -9999.0 -9999.0 -9999.0 -9999.0 -9999.0 -9999.0 -9999.0 -9999.0 -9999.0 -9999.0 -9999.0 -9999.0 -9999.0 -9999.0 -9999.0 -9999.0 -9999.0 -9999.0 -9999.0 -9999.0 -9999.0 -9999.0 -9999.0 -9999.0 -9999.0 -9999.0 -9999.0 -9999.0 -9999.0 -9999.0 -9999.0 -9999.0 -9999.0 -9999.0 -9999.0 -9999.0 -9999.0 -9999.0 -9999.0 -9999.0 -9999.0 -9999.0 -9999.0 -9999.0 -9999.0 -9999.0 -9999.0 -9999.0 -9999.0 -9999.0 -9999.0 -9999.0 -9999.0 -9999.0 -9999.0 -9999.0 -9999.0 -9999.0 -9999.0 -9999.0 -9999.0 -9999.0
-9999.0 -9999.0 -9999.0 -9999.0 -9999.0 -9999.0 -9999.0 -9999.0 -9999.0 -9999.0 -9999.0 -9999.0 -9999.0 -9999.0 -9999.0 -9999.0 -9999.0 -9999.0 -9999.0 -9999.0 -9999.0 -9999.0 -9999.0 -9999.0 -9999.0 -9999.0 -9999.0 -9999.0 -9999.0 -9999.0 -9999.0 -9999.0 -9999.0 -9999.0 -9999.0 -9999.0 -9999.0 -9999.0 -9999.0 -9999.0 -9999.0 -9999.0 -9999.0 -9999.0 -9999.0 -9999.0 -9999.0 -9999.0 -9999.0 -9999.0 -9999.0 -9999.0 -9999.0 -9999.0 -9999.0 -9999.0 -9999.0 -9999.0 -9999.0 -9999.0 -9999.0 -9999.0 -9999.0 -9999.0 -9999.0 -9999.0 -9999.0 -9999.0 -9999.0 -9999.0 -9999.0 -9999.0 -9999.0 -9999.0 -9999.0 -9999.0 -9999.0 -9999.0 -9999.0 -9999.0 -9999.0 -9999.0 -9999.0 -9999.0 -9999.0 -9999.0 -9999.0 -9999.0 -9999.0 -9999.0 -9999.0 -9999.0 -9999.0 -9999.0 -9999.0 -9999.0 -9999.0 -9999.0 -9999.0 -9999.0 -9999.0 -9999.0 -9999.0 -9999.0
-9999.0 -9999.0 79.686314 -11.509589 -107.258916 -204.103840 -301.347242 -398.715274 -496.063935 -593.269163 -690.032949 -786.205045 -881.628867 -976.124223 -1070.591589 -1164.748265 -1257.199773 -1347.991575 -1437.001109 -1520.007009 -1589.596040 -1642.593791 -1680.151108 -1705.599794 -1722.480206 -1733.631650 -1741.039908 -1745.998503 -1749.330672 -1751.567395 -1753.061787 -1754.053999 -1754.708715 -1755.138378 -1755.419176 -1755.604058 -1755.736542 -1755.877798 -1756.246521 -1758.010304 -1765.184611 -1757.831065 -1090.428533 -1088.474559 -1077.253934 -1070.140010 -1066.803418 -1066.314331 -1066.263547 -1066.270603 -1066.286330 -1066.303135 -1066.319275 -1066.334215 -1066.348022 -1066.363514 -1066.407805 -1066.700558 -1068.479290 -1072.476825 -1078.579842 -1072.635095 -1736.906861 -1760.322625 -1757.049165 -1756.193462 -1756.052019 -1756.030085 -1756.027333 -1756.027828 -1756.028746 -1756.029556 -1756.030189 -1756.030670 -1756.031037 -1756.031322 -1756.031547 -1756.031729 -1756.031881 -1756.032015 -1756.032146 -1756.032292 -1756.032476 -1756.032731 -1756.033109 -1756.033689 -1756.034603 -1756.036066 -1756.038441 -1756.042366 -1756.048991 -1756.060464 -1756.080922 -1756.118502 -1756.189448 -1756.326586 -1756.597878 -1757.151380 -1758.336628 -1761.062103 -1768.037882 -1789.780366 -9999.0 -9999.0
-9999.0 -9999.0 79.698685 -11.507364 -107.258360 -204.103678 -301.347191 -398.715256 -496.063929 -593.269160 -690.032949 -786.205044 -881.628867 -976.124222 -1070.591589 -1164.748265 -1257.199773 -1347.991575 -1437.001109 -1520.007010 -1589.596040 -1642.593791 -1680.151108 -1705.599794 -1722.480206 -1733.631650 -1741.039908 -1745.998503 -1749.330672 -1751.567395 -1753.061787 -1754.053999 -1754.708715 -1755.138378 -1755.419176 -1755.604058 -1755.736542 -1755.877798 -1756.246521 -1758.010304 -1765.184611 -1757.831065 -1090.428533 -1088.474559 -1077.253934 -1070.140010 -1066.803418 -1066.314331 -1066.263547 -1066.270603 -1066.286330 -1066.303135 -1066.319275 -1066.334215 -1066.348022 -1066.363514 -1066.407805 -1066.700558 -1068.479290 -1072.476825 -1078.579842 -1072.635095 -1736.906861 -1760.322625 -1757.049165 -1756.193462 -1756.052019 -1756.030085 -1756.027333 -1756.027828 -1756.028746 -1756.029556 -1756.030189 -1756.030670 -1756.031037 -1756.031322 -1756.031547 -1756.031729 -1756.031881 -1756.032015 -1756.032146 -1756.032292 -1756.032476 -1756.032731 -1756.033109 -1756.033689 -1756.034603 -1756.036066 -1756.038441 -1756.042366 -1756.048991 -1756.060464 -1756.080922 -1756.118502 -1756.189448 -1756.326586 -1756.597878 -1757.151380 -1758.336628 -1761.062103 -1768.037882 -1789.780366 -9999.0 -9999.0
-9999.0 -9999.0 79.700028 -11.506476 -107.258009 -204.103551 -301.347146 -398.715240 -496.063923 -593.269158 -690.032948 -786.205044 -881.628867 -976.124222 -1070.591589 -1164.748265 -1257.199773 -1347.991575 -1437.001109 -1520.007010 -1589.596040 -1642.593792 -1680.151108 -1705.599794 -1722.480206 -1733.631650 -1741.039908 -1745.998503 -1749.330672 -1751.567395 -1753.061787 -1754.053999 -1754.708715 -1755.138378 -1755.419176 -1755.604058 -1755.736542 -1755.877798 -1756.246521 -1758.010304 -1765.184611 -1757.831065 -1090.428533 -1088.474559 -1077.253934 -1070.140010 -1066.803418 -1066.314331 -1066.263547 -1066.270603 -1066.286330 -1066.303135 -1066.319275 -1066.334215 -1066.348022 -1066.363514 -1066.407805 -1066.700558 -1068.479290 -1072.476825 -1078.579842 -1072.635095 -1736.906861 -1760.322625 -1757.049165 -1756.193462 -1756.052019 -1756.030085 -1756.027333 -1756.027828 -1756.028746 -1756.029556 -1756.030189 -1756.030670 -1756.031037 -1756.031322 -1756.031547 -1756.031729 -1756.031881 -1756.032015 -1756.032146 -1756.032292 -1756.032476 -1756.032731 -1756.033109 -1756.033689 -1756.034603 -1756.036066 -1756.038441 -1756.042366 -1756.048991 -1756.060464 -1756.080922 -1756.118502 -1756.189448 -1756.326586 -1756.597878 -1757.151380 -1758.336628 -1761.062103 -1768.037882 -1789.780366 -9999.0 -9999.0
-9999.0 -9999.0 79.700028 -11.506476 -107.258009 -204.103551 -301.347146 -398.715240 -496.063923 -593.269158 -690.032948 -786.205044 -881.628867 -976.124222 -1070.591589 -1164.748265 -1257.199773 -1347.991575 -1437.001109 -1520.007010 -1589.596040 -1642.593792 -1680.151108 -1705.599794 -1722.480206 -1733.631650 -1741.039908 -1745.998503 -1749.330672 -1751.567395 -1753.061787 -1754.053999 -1754.708715 -1755.138378 -1755.419176 -1755.604058 -1755.736542 -1755.877798 -1756.246521 -1758.010304 -1765.184611 -1757.831065 -1090.428533 -1088.474559 -1077.253934 -1070.140010 -1066.803418 -1066.314331 -1066.263547 -1066.270603 -1066.286330 -1066.303135 -1066.319275 -1066.334215 -1066.348022 -1066.363514 -1066.407805 -1066.700558 -1068.479290 -1072.476825 -1078.579842 -1072.635095 -1736.906861 -1760.322625 -1757.049165 -1756.193462 -1756.052019 -1756.030085 -1756.027333 -1756.027828 -1756.028746 -1756.029556 -1756.030189 -1756.030670 -1756.031037 -1756.031322 -1756.031547 -1756.031729 -1756.031881 -1756.032015 -1756.032146 -1756.032292 -1756.032476 -1756.032731 -1756.033109 -1756.033689 -1756.034603 -1756.036066 -1756.038441 -1756.042366 -1756.048991 -1756.060464 -1756.080922 -1756.118502 -1756.189448 -1756.326586 -1756.597878 -1757.151380 -1758.336628 -1761.062103 -1768.037882 -1789.780366 -9999.0 -9999.0
-9999.0 -9999.0 79.698685 -11.507364 -107.258360 -204.103678 -301.347191 -398.715256 -496.063929 -593.269160 -690.032949 -786.205044 -881.628867 -976.124222 -1070.591589 -1164.748265 -1257.199773 -1347.991575 -1437.001109 -1520.007010 -1589.596040 -1642.593791 -1680.151108 -1705.599794 -1722.480206 -1733.631650 -1741.039908 -1745.998503 -1749.330672 -1751.567395 -1753.061787 -1754.053999 -1754.708715 -1755.138378 -1755.419176 -1755.604058 -1755.736542 -1755.877798 -1756.246521 -1758.010304 -1765.184611 -1757.831065 -1090.428533 -1088.474559 -1077.253934 -1070.140010 -1066.803418 -1066.314331 -1066.263547 -1066.270603 -1066.286330 -1066.303135 -1066.319275 -1066.334215 -1066.348022 -1066.363514 -1066.407805 -1066.700558 -1068.479290 -1072.476825 -1078.579842 -1072.635095 -1736.906861 -1760.322625 -1757.049165 -1756.193462 -1756.052019 -1756.030085 -1756.027333 -1756.027828 -1756.028746 -1756.029556 -1756.030189 -1756.030670 -1756.031037 -1756.031322 -1756.031547 -1756.031729 -1756.031881 -1756.032015 -1756.032146 -1756.032292 -1756.032476 -1756.032731 -1756.033109 -1756.033689 -1756.034603 -1756.036066 -1756.038441 -1756.042366 -1756.048991 -1756.060464 -1756.080922 -1756.118502 -1756.189448 -1756.326586 -1756.597878 -1757.151380 -1758.336628 -1761.062103 -1768.037882 -1789.780366 -9999.0 -9999.0
-9999.0 -9999.0 79.686314 -11.509590 -107.258916 -204.103840 -301.347242 -398.715274 -496.063935 -593.269163 -690.032949 -786.205045 -881.628867 -976.124222 -1070.591589 -1164.748265 -1257.199773 -1347.991575 -1437.001109 -1520.007009 -1589.596040 -1642.593791 -1680.151108 -1705.599794 -1722.480206 -1733.631650 -1741.039908 -1745.998503 -1749.330672 -1751.567395 -1753.061787 -1754.053999 -1754.708715 -1755.138378 -1755.419176 -1755.604058 -1755.736542 -1755.877798 -1756.246521 -1758.010304 -1765.184611 -1757.831065 -1090.428533 -1088.474559 -1077.253934 -1070.140010 -1066.803418 -1066.314331 -1066.263547 -1066.270603 -1066.286330 -1066.303135 -1066.319275 -1066.334215 -1066.348022 -1066.363514 -1066.407805 -1066.700558 -1068.479290 -1072.476825 -1078.579842 -1072.635095 -1736.906861 -1760.322625 -1757.049165 -1756.193462 -1756.052019 -1756.030085 -1756.027333 -1756.027828 -1756.028746 -1756.029556 -1756.030189 -1756.030670 -1756.031037 -1756.031322 -1756.031547 -1756.031729 -1756.031881 -1756.032015 -1756.032146 -1756.032292 -1756.032476 -1756.032731 -1756.033109 -1756.033689 -1756.034603 -1756.036066 -1756.038441 -1756.042366 -1756.048991 -1756.060464 -1756.080922 -1756.118502 -1756.189448 -1756.326586 -1756.597878 -1757.151380 -1758.336628 -1761.062103 -1768.037882 -1789.780366 -9999.0 -9999.0
-9999.0 -9999.0 -9999.0 -9999.0 -9999.0 -9999.0 -9999.0 -9999.0 -9999.0 -9999.0 -9999.0 -9999.0 -9999.0 -9999.0 -9999.0 -9999.0 -9999.0 -9999.0 -9999.0 -9999.0 -9999.0 -9999.0 -9999.0 -9999.0 -9999.0 -9999.0 -9999.0 -9999.0 -9999.0 -9999.0 -9999.0 -9999.0 -9999.0 -9999.0 -9999.0 -9999.0 -9999.0 -9999.0 -9999.0 -9999.0 -9999.0 -9999.0 -9999.0 -9999.0 -9999.0 -9999.0 -9999.0 -9999.0 -9999.0 -9999.0 -9999.0 -9999.0 -9999.0 -9999.0 -9999.0 -9999.0 -9999.0 -9999.0 -9999.0 -9999.0 -9999.0 -9999.0 -9999.0 -9999.0 -9999.0 -9999.0 -9999.0 -9999.0 -9999.0 -9999.0 -9999.0 -9999.0 -9999.0 -9999.0 -9999.0 -9999.0 -9999.0 -9999.0 -9999.0 -9999.0 -9999.0 -9999.0 -9999.0 -9999.0 -9999.0 -9999.0 -9999.0 -9999.0 -9999.0 -9999.0 -9999.0 -9999.0 -9999.0 -9999.0 -9999.0 -9999.0 -9999.0 -9999.0 -9999.0 -9999.0 -9999.0 -9999.0 -9999.0 -9999.0
-9999.0 -9999.0 -9999.0 -9999.0 -9999.0 -9999.0 -9999.0 -9999.0 -9999.0 -9999.0 -9999.0 -9999.0 -9999.0 -9999.0 -9999.0 -9999.0 -9999.0 -9999.0 -9999.0 -9999.0 -9999.0 -9999.0 -9999.0 -9999.0 -9999.0 -9999.0 -9999.0 -9999.0 -9999.0 -9999.0 -9999.0 -9999.0 -9999.0 -9999.0 -9999.0 -9999.0 -9999.0 -9999.0 -9999.0 -9999.0 -9999.0 -9999.0 -9999.0 -9999.0 -9999.0 -9999.0 -9999.0 -9999.0 -9999.0 -9999.0 -9999.0 -9999.0 -9999.0 -9999.0 -9999.0 -9999.0 -9999.0 -9999.0 -9999.0 -9999.0 -9999.0 -9999.0 -9999.0 -9999.0 -9999.0 -9999.0 -9999.0 -9999.0 -9999.0 -9999.0 -9999.0 -9999.0 -9999.0 -9999.0 -9999.0 -9999.0 -9999.0 -9999.0 -9999.0 -9999.0 -9999.0 -9999.0 -9999.0 -9999.0 -9999.0 -9999.0 -9999.0 -9999.0 -9999.0 -9999.0 -9999.0 -9999.0 -9999.0 -9999.0 -9999.0 -9999.0 -9999.0 -9999.0 -9999.0 -9999.0 -9999.0 -9999.0 -9999.0 -9999.0