inst/processing_geotop_simulation/geotop_simulation/out/maps3D/PwL0011N0129.asc
ncols         104
nrows         10
xllcorner     -2.000000
yllcorner     0.000000
cellsize      1.000000
NODATA_value  -9999.0
-9999.0 -9999.0 -9999.0 -9999.0 -9999.0 -9999.0 -9999.0 -9999.0 -9999.0 -9999.0 -9999.0 -9999.0 -9999.0 -9999.0 -9999.0 -9999.0 -9999.0 -9999.0 -9999.0 -9999.0 -9999.0 -9999.0 -9999.0 -9999.0 -9999.0 -9999.0 -9999.0 -9999.0 -9999.0 -9999.0 -9999.0 -9999.0 -9999.0 -9999.0 -9999.0 -9999.0 -9999.0 -9999.0 -9999.0 -9999.0 -9999.0 -9999.0 -9999.0 -9999.0 -9999.0 -9999.0 -9999.0 -9999.0 -9999.0 -9999.0 -9999.0 -9999.0 -9999.0 -9999.0 -9999.0 -9999.0 -9999.0 -9999.0 -9999.0 -9999.0 -9999.0 -9999.0 -9999.0 -9999.0 -9999.0 -9999.0 -9999.0 -9999.0 -9999.0 -9999.0 -9999.0 -9999.0 -9999.0 -9999.0 -9999.0 -9999.0 -9999.0 -9999.0 -9999.0 -9999.0 -9999.0 -9999.0 -9999.0 -9999.0 -9999.0 -9999.0 -9999.0 -9999.0 -9999.0 -9999.0 -9999.0 -9999.0 -9999.0 -9999.0 -9999.0 -9999.0 -9999.0 -9999.0 -9999.0 -9999.0 -9999.0 -9999.0 -9999.0 -9999.0
-9999.0 -9999.0 -9999.0 -9999.0 -9999.0 -9999.0 -9999.0 -9999.0 -9999.0 -9999.0 -9999.0 -9999.0 -9999.0 -9999.0 -9999.0 -9999.0 -9999.0 -9999.0 -9999.0 -9999.0 -9999.0 -9999.0 -9999.0 -9999.0 -9999.0 -9999.0 -9999.0 -9999.0 -9999.0 -9999.0 -9999.0 -9999.0 -9999.0 -9999.0 -9999.0 -9999.0 -9999.0 -9999.0 -9999.0 -9999.0 -9999.0 -9999.0 -9999.0 -9999.0 -9999.0 -9999.0 -9999.0 -9999.0 -9999.0 -9999.0 -9999.0 -9999.0 -9999.0 -9999.0 -9999.0 -9999.0 -9999.0 -9999.0 -9999.0 -9999.0 -9999.0 -9999.0 -9999.0 -9999.0 -9999.0 -9999.0 -9999.0 -9999.0 -9999.0 -9999.0 -9999.0 -9999.0 -9999.0 -9999.0 -9999.0 -9999.0 -9999.0 -9999.0 -9999.0 -9999.0 -9999.0 -9999.0 -9999.0 -9999.0 -9999.0 -9999.0 -9999.0 -9999.0 -9999.0 -9999.0 -9999.0 -9999.0 -9999.0 -9999.0 -9999.0 -9999.0 -9999.0 -9999.0 -9999.0 -9999.0 -9999.0 -9999.0 -9999.0 -9999.0
-9999.0 -9999.0 537.925814 448.435166 355.926697 261.860191 167.112511 72.075005 -23.051849 -118.165378 -213.211575 -308.098020 -402.778419 -497.582390 -592.933158 -688.540564 -783.550544 -877.646850 -969.638646 -1058.094195 -1133.819569 -1191.586309 -1231.761001 -1257.779013 -1273.929423 -1283.821202 -1289.939271 -1293.805838 -1296.303292 -1297.941982 -1299.028197 -1299.752748 -1300.238231 -1300.564576 -1300.784264 -1300.933884 -1301.046792 -1301.172238 -1301.466685 -1303.035339 -1313.077102 -1376.437335 -1937.371951 -4001.748809 -3591.630524 -3283.676410 -3138.012308 -3120.234024 -3118.465985 -3118.638271 -3119.080531 -3119.554184 -3120.008638 -3120.429041 -3120.817614 -3121.256643 -3122.573118 -3132.183981 -3205.643136 -3372.729260 -3626.695509 -1721.525741 -1349.327509 -1308.693075 -1302.363538 -1301.499492 -1301.377305 -1301.358215 -1301.356191 -1301.357219 -1301.358572 -1301.359717 -1301.360601 -1301.361271 -1301.361782 -1301.362179 -1301.362492 -1301.362744 -1301.362954 -1301.363139 -1301.363319 -1301.363518 -1301.363766 -1301.364111 -1301.364619 -1301.365400 -1301.366626 -1301.368583 -1301.371754 -1301.376976 -1301.385750 -1301.400866 -1301.427671 -1301.476661 -1301.568735 -1301.745920 -1302.094202 -1302.797407 -1304.281151 -1307.623888 -1315.804576 -1338.945903 -9999.0 -9999.0
-9999.0 -9999.0 537.932337 448.437071 355.927239 261.860356 167.112565 72.075023 -23.051843 -118.165376 -213.211574 -308.098020 -402.778419 -497.582390 -592.933158 -688.540564 -783.550545 -877.646850 -969.638647 -1058.094195 -1133.819569 -1191.586309 -1231.761001 -1257.779013 -1273.929423 -1283.821202 -1289.939271 -1293.805838 -1296.303292 -1297.941982 -1299.028197 -1299.752748 -1300.238231 -1300.564576 -1300.784264 -1300.933884 -1301.046792 -1301.172238 -1301.466685 -1303.035339 -1313.077102 -1376.437335 -1937.371951 -4001.748807 -3591.630520 -3283.676401 -3138.012308 -3120.234024 -3118.465985 -3118.638271 -3119.080531 -3119.554184 -3120.008638 -3120.429041 -3120.817614 -3121.256643 -3122.573118 -3132.183981 -3205.643136 -3372.729260 -3626.695509 -1721.525741 -1349.327509 -1308.693075 -1302.363538 -1301.499492 -1301.377305 -1301.358215 -1301.356191 -1301.357219 -1301.358572 -1301.359717 -1301.360601 -1301.361271 -1301.361782 -1301.362179 -1301.362492 -1301.362744 -1301.362954 -1301.363139 -1301.363319 -1301.363518 -1301.363766 -1301.364111 -1301.364619 -1301.365400 -1301.366626 -1301.368583 -1301.371754 -1301.376976 -1301.385750 -1301.400866 -1301.427671 -1301.476661 -1301.568735 -1301.745920 -1302.094202 -1302.797407 -1304.281151 -1307.623888 -1315.804576 -1338.945903 -9999.0 -9999.0
-9999.0 -9999.0 537.933988 448.437940 355.927591 261.860486 167.112611 72.075040 -23.051837 -118.165374 -213.211573 -308.098020 -402.778419 -497.582390 -592.933158 -688.540564 -783.550545 -877.646850 -969.638647 -1058.094195 -1133.819569 -1191.586309 -1231.761001 -1257.779013 -1273.929423 -1283.821202 -1289.939271 -1293.805838 -1296.303292 -1297.941982 -1299.028197 -1299.752748 -1300.238231 -1300.564576 -1300.784264 -1300.933884 -1301.046792 -1301.172238 -1301.466685 -1303.035339 -1313.077102 -1376.437335 -1937.371951 -4001.748807 -3591.630519 -3283.676397 -3138.012308 -3120.234024 -3118.465985 -3118.638271 -3119.080531 -3119.554184 -3120.008638 -3120.429041 -3120.817614 -3121.256643 -3122.573118 -3132.183981 -3205.643136 -3372.729260 -3626.695508 -1721.525741 -1349.327509 -1308.693075 -1302.363538 -1301.499492 -1301.377305 -1301.358215 -1301.356191 -1301.357219 -1301.358572 -1301.359717 -1301.360601 -1301.361271 -1301.361782 -1301.362179 -1301.362492 -1301.362744 -1301.362954 -1301.363139 -1301.363319 -1301.363518 -1301.363766 -1301.364111 -1301.364619 -1301.365400 -1301.366626 -1301.368583 -1301.371754 -1301.376976 -1301.385750 -1301.400866 -1301.427671 -1301.476661 -1301.568735 -1301.745920 -1302.094202 -1302.797407 -1304.281151 -1307.623888 -1315.804576 -1338.945903 -9999.0 -9999.0
-9999.0 -9999.0 537.933988 448.437940 355.927591 261.860486 167.112611 72.075040 -23.051837 -118.165374 -213.211573 -308.098020 -402.778419 -497.582390 -592.933158 -688.540564 -783.550545 -877.646850 -969.638647 -1058.094195 -1133.819569 -1191.586309 -1231.761001 -1257.779013 -1273.929423 -1283.821202 -1289.939271 -1293.805838 -1296.303292 -1297.941982 -1299.028197 -1299.752748 -1300.238231 -1300.564576 -1300.784264 -1300.933884 -1301.046792 -1301.172238 -1301.466685 -1303.035339 -1313.077102 -1376.437335 -1937.371951 -4001.748807 -3591.630519 -3283.676397 -3138.012308 -3120.234024 -3118.465985 -3118.638271 -3119.080531 -3119.554184 -3120.008638 -3120.429041 -3120.817614 -3121.256643 -3122.573118 -3132.183981 -3205.643136 -3372.729260 -3626.695508 -1721.525741 -1349.327509 -1308.693075 -1302.363538 -1301.499492 -1301.377305 -1301.358215 -1301.356191 -1301.357219 -1301.358572 -1301.359717 -1301.360601 -1301.361271 -1301.361782 -1301.362179 -1301.362492 -1301.362744 -1301.362954 -1301.363139 -1301.363319 -1301.363518 -1301.363766 -1301.364111 -1301.364619 -1301.365400 -1301.366626 -1301.368583 -1301.371754 -1301.376976 -1301.385750 -1301.400866 -1301.427671 -1301.476661 -1301.568735 -1301.745920 -1302.094202 -1302.797407 -1304.281151 -1307.623888 -1315.804576 -1338.945903 -9999.0 -9999.0
-9999.0 -9999.0 537.932337 448.437071 355.927239 261.860356 167.112565 72.075023 -23.051843 -118.165376 -213.211574 -308.098020 -402.778419 -497.582390 -592.933158 -688.540564 -783.550544 -877.646850 -969.638647 -1058.094195 -1133.819569 -1191.586309 -1231.761001 -1257.779013 -1273.929423 -1283.821202 -1289.939271 -1293.805838 -1296.303292 -1297.941982 -1299.028197 -1299.752748 -1300.238231 -1300.564576 -1300.784264 -1300.933884 -1301.046792 -1301.172238 -1301.466685 -1303.035339 -1313.077102 -1376.437335 -1937.371951 -4001.748807 -3591.630520 -3283.676401 -3138.012308 -3120.234024 -3118.465985 -3118.638271 -3119.080531 -3119.554184 -3120.008638 -3120.429041 -3120.817614 -3121.256643 -3122.573118 -3132.183981 -3205.643136 -3372.729260 -3626.695509 -1721.525741 -1349.327509 -1308.693075 -1302.363538 -1301.499492 -1301.377305 -1301.358215 -1301.356191 -1301.357219 -1301.358572 -1301.359717 -1301.360601 -1301.361271 -1301.361782 -1301.362179 -1301.362492 -1301.362744 -1301.362954 -1301.363139 -1301.363319 -1301.363518 -1301.363766 -1301.364111 -1301.364619 -1301.365400 -1301.366626 -1301.368583 -1301.371754 -1301.376976 -1301.385750 -1301.400866 -1301.427671 -1301.476661 -1301.568735 -1301.745920 -1302.094202 -1302.797407 -1304.281151 -1307.623888 -1315.804576 -1338.945903 -9999.0 -9999.0
-9999.0 -9999.0 537.925814 448.435166 355.926697 261.860191 167.112511 72.075005 -23.051849 -118.165378 -213.211575 -308.098020 -402.778419 -497.582390 -592.933158 -688.540564 -783.550544 -877.646850 -969.638647 -1058.094195 -1133.819569 -1191.586309 -1231.761001 -1257.779013 -1273.929423 -1283.821202 -1289.939271 -1293.805838 -1296.303292 -1297.941982 -1299.028197 -1299.752748 -1300.238231 -1300.564576 -1300.784264 -1300.933884 -1301.046792 -1301.172238 -1301.466685 -1303.035339 -1313.077102 -1376.437335 -1937.371951 -4001.748809 -3591.630524 -3283.676410 -3138.012308 -3120.234024 -3118.465985 -3118.638271 -3119.080531 -3119.554184 -3120.008638 -3120.429041 -3120.817614 -3121.256643 -3122.573118 -3132.183981 -3205.643136 -3372.729260 -3626.695509 -1721.525741 -1349.327509 -1308.693075 -1302.363538 -1301.499492 -1301.377305 -1301.358215 -1301.356191 -1301.357219 -1301.358572 -1301.359717 -1301.360601 -1301.361271 -1301.361782 -1301.362179 -1301.362492 -1301.362744 -1301.362954 -1301.363139 -1301.363319 -1301.363518 -1301.363766 -1301.364111 -1301.364619 -1301.365400 -1301.366626 -1301.368583 -1301.371754 -1301.376976 -1301.385750 -1301.400866 -1301.427671 -1301.476661 -1301.568735 -1301.745920 -1302.094202 -1302.797407 -1304.281151 -1307.623888 -1315.804576 -1338.945903 -9999.0 -9999.0
-9999.0 -9999.0 -9999.0 -9999.0 -9999.0 -9999.0 -9999.0 -9999.0 -9999.0 -9999.0 -9999.0 -9999.0 -9999.0 -9999.0 -9999.0 -9999.0 -9999.0 -9999.0 -9999.0 -9999.0 -9999.0 -9999.0 -9999.0 -9999.0 -9999.0 -9999.0 -9999.0 -9999.0 -9999.0 -9999.0 -9999.0 -9999.0 -9999.0 -9999.0 -9999.0 -9999.0 -9999.0 -9999.0 -9999.0 -9999.0 -9999.0 -9999.0 -9999.0 -9999.0 -9999.0 -9999.0 -9999.0 -9999.0 -9999.0 -9999.0 -9999.0 -9999.0 -9999.0 -9999.0 -9999.0 -9999.0 -9999.0 -9999.0 -9999.0 -9999.0 -9999.0 -9999.0 -9999.0 -9999.0 -9999.0 -9999.0 -9999.0 -9999.0 -9999.0 -9999.0 -9999.0 -9999.0 -9999.0 -9999.0 -9999.0 -9999.0 -9999.0 -9999.0 -9999.0 -9999.0 -9999.0 -9999.0 -9999.0 -9999.0 -9999.0 -9999.0 -9999.0 -9999.0 -9999.0 -9999.0 -9999.0 -9999.0 -9999.0 -9999.0 -9999.0 -9999.0 -9999.0 -9999.0 -9999.0 -9999.0 -9999.0 -9999.0 -9999.0 -9999.0
-9999.0 -9999.0 -9999.0 -9999.0 -9999.0 -9999.0 -9999.0 -9999.0 -9999.0 -9999.0 -9999.0 -9999.0 -9999.0 -9999.0 -9999.0 -9999.0 -9999.0 -9999.0 -9999.0 -9999.0 -9999.0 -9999.0 -9999.0 -9999.0 -9999.0 -9999.0 -9999.0 -9999.0 -9999.0 -9999.0 -9999.0 -9999.0 -9999.0 -9999.0 -9999.0 -9999.0 -9999.0 -9999.0 -9999.0 -9999.0 -9999.0 -9999.0 -9999.0 -9999.0 -9999.0 -9999.0 -9999.0 -9999.0 -9999.0 -9999.0 -9999.0 -9999.0 -9999.0 -9999.0 -9999.0 -9999.0 -9999.0 -9999.0 -9999.0 -9999.0 -9999.0 -9999.0 -9999.0 -9999.0 -9999.0 -9999.0 -9999.0 -9999.0 -9999.0 -9999.0 -9999.0 -9999.0 -9999.0 -9999.0 -9999.0 -9999.0 -9999.0 -9999.0 -9999.0 -9999.0 -9999.0 -9999.0 -9999.0 -9999.0 -9999.0 -9999.0 -9999.0 -9999.0 -9999.0 -9999.0 -9999.0 -9999.0 -9999.0 -9999.0 -9999.0 -9999.0 -9999.0 -9999.0 -9999.0 -9999.0 -9999.0 -9999.0 -9999.0 -9999.0