inst/processing_geotop_simulation/geotop_simulation/out/maps3D/PwL0013N0320.asc
ncols         104
nrows         10
xllcorner     -2.000000
yllcorner     0.000000
cellsize      1.000000
NODATA_value  -9999.0
-9999.0 -9999.0 -9999.0 -9999.0 -9999.0 -9999.0 -9999.0 -9999.0 -9999.0 -9999.0 -9999.0 -9999.0 -9999.0 -9999.0 -9999.0 -9999.0 -9999.0 -9999.0 -9999.0 -9999.0 -9999.0 -9999.0 -9999.0 -9999.0 -9999.0 -9999.0 -9999.0 -9999.0 -9999.0 -9999.0 -9999.0 -9999.0 -9999.0 -9999.0 -9999.0 -9999.0 -9999.0 -9999.0 -9999.0 -9999.0 -9999.0 -9999.0 -9999.0 -9999.0 -9999.0 -9999.0 -9999.0 -9999.0 -9999.0 -9999.0 -9999.0 -9999.0 -9999.0 -9999.0 -9999.0 -9999.0 -9999.0 -9999.0 -9999.0 -9999.0 -9999.0 -9999.0 -9999.0 -9999.0 -9999.0 -9999.0 -9999.0 -9999.0 -9999.0 -9999.0 -9999.0 -9999.0 -9999.0 -9999.0 -9999.0 -9999.0 -9999.0 -9999.0 -9999.0 -9999.0 -9999.0 -9999.0 -9999.0 -9999.0 -9999.0 -9999.0 -9999.0 -9999.0 -9999.0 -9999.0 -9999.0 -9999.0 -9999.0 -9999.0 -9999.0 -9999.0 -9999.0 -9999.0 -9999.0 -9999.0 -9999.0 -9999.0 -9999.0 -9999.0
-9999.0 -9999.0 -9999.0 -9999.0 -9999.0 -9999.0 -9999.0 -9999.0 -9999.0 -9999.0 -9999.0 -9999.0 -9999.0 -9999.0 -9999.0 -9999.0 -9999.0 -9999.0 -9999.0 -9999.0 -9999.0 -9999.0 -9999.0 -9999.0 -9999.0 -9999.0 -9999.0 -9999.0 -9999.0 -9999.0 -9999.0 -9999.0 -9999.0 -9999.0 -9999.0 -9999.0 -9999.0 -9999.0 -9999.0 -9999.0 -9999.0 -9999.0 -9999.0 -9999.0 -9999.0 -9999.0 -9999.0 -9999.0 -9999.0 -9999.0 -9999.0 -9999.0 -9999.0 -9999.0 -9999.0 -9999.0 -9999.0 -9999.0 -9999.0 -9999.0 -9999.0 -9999.0 -9999.0 -9999.0 -9999.0 -9999.0 -9999.0 -9999.0 -9999.0 -9999.0 -9999.0 -9999.0 -9999.0 -9999.0 -9999.0 -9999.0 -9999.0 -9999.0 -9999.0 -9999.0 -9999.0 -9999.0 -9999.0 -9999.0 -9999.0 -9999.0 -9999.0 -9999.0 -9999.0 -9999.0 -9999.0 -9999.0 -9999.0 -9999.0 -9999.0 -9999.0 -9999.0 -9999.0 -9999.0 -9999.0 -9999.0 -9999.0 -9999.0 -9999.0
-9999.0 -9999.0 622.884772 524.889605 426.408809 327.632654 228.722401 129.755236 30.769649 -68.210219 -167.175571 -266.112474 -364.989599 -463.742020 -562.261156 -660.402134 -758.317544 -856.254314 -953.901717 -1051.193093 -1146.587841 -1237.340696 -1321.810293 -1397.402855 -1462.213984 -1515.479171 -1557.583010 -1589.749352 -1613.626536 -1630.934964 -1643.242948 -1651.862105 -1657.825902 -1661.914393 -1664.698442 -1666.588863 -1667.889193 -1668.883946 -1670.112665 -1673.233459 -1682.257397 -1698.600854 -1709.295385 -3383.909342 -3019.317781 -2777.970465 -2674.411200 -2661.286863 -2659.964848 -2660.102059 -2660.446021 -2660.814602 -2661.168495 -2661.496034 -2661.799061 -2662.143077 -2663.175565 -2670.508546 -2722.775455 -2846.763164 -2981.431193 -1543.238748 -1661.433685 -1674.410446 -1671.946187 -1670.861045 -1670.621294 -1670.578950 -1670.572510 -1670.572048 -1670.572495 -1670.572991 -1670.573401 -1670.573722 -1670.573974 -1670.574174 -1670.574337 -1670.574473 -1670.574591 -1670.574699 -1670.574807 -1670.574926 -1670.575072 -1670.575268 -1670.575548 -1670.575969 -1670.576622 -1670.577657 -1670.579335 -1670.582118 -1670.586855 -1670.595155 -1670.610152 -1670.638098 -1670.691746 -1670.797973 -1671.016430 -1671.489052 -1672.580204 -1675.307469 -1682.875589 -1707.221127 -9999.0 -9999.0
-9999.0 -9999.0 622.889553 524.891097 426.409247 327.632790 228.722445 129.755251 30.769654 -68.210217 -167.175570 -266.112474 -364.989599 -463.742020 -562.261156 -660.402135 -758.317544 -856.254314 -953.901718 -1051.193093 -1146.587842 -1237.340697 -1321.810293 -1397.402855 -1462.213984 -1515.479171 -1557.583010 -1589.749352 -1613.626536 -1630.934964 -1643.242948 -1651.862105 -1657.825902 -1661.914393 -1664.698442 -1666.588863 -1667.889193 -1668.883946 -1670.112665 -1673.233459 -1682.257397 -1698.600854 -1709.295385 -3383.909339 -3019.317778 -2777.970459 -2674.411200 -2661.286863 -2659.964848 -2660.102059 -2660.446021 -2660.814602 -2661.168495 -2661.496034 -2661.799061 -2662.143077 -2663.175565 -2670.508546 -2722.775455 -2846.763164 -2981.431193 -1543.238748 -1661.433685 -1674.410446 -1671.946187 -1670.861045 -1670.621294 -1670.578950 -1670.572510 -1670.572048 -1670.572495 -1670.572991 -1670.573401 -1670.573722 -1670.573974 -1670.574174 -1670.574337 -1670.574473 -1670.574591 -1670.574699 -1670.574807 -1670.574926 -1670.575072 -1670.575268 -1670.575548 -1670.575969 -1670.576622 -1670.577657 -1670.579335 -1670.582118 -1670.586855 -1670.595155 -1670.610152 -1670.638098 -1670.691746 -1670.797973 -1671.016430 -1671.489052 -1672.580204 -1675.307469 -1682.875589 -1707.221127 -9999.0 -9999.0
-9999.0 -9999.0 622.890912 524.891807 426.409535 327.632897 228.722484 129.755265 30.769659 -68.210215 -167.175570 -266.112474 -364.989599 -463.742020 -562.261156 -660.402135 -758.317544 -856.254314 -953.901718 -1051.193093 -1146.587842 -1237.340697 -1321.810293 -1397.402855 -1462.213984 -1515.479171 -1557.583010 -1589.749353 -1613.626536 -1630.934964 -1643.242948 -1651.862105 -1657.825902 -1661.914393 -1664.698442 -1666.588863 -1667.889193 -1668.883946 -1670.112665 -1673.233459 -1682.257397 -1698.600853 -1709.295385 -3383.909340 -3019.317777 -2777.970456 -2674.411200 -2661.286863 -2659.964848 -2660.102059 -2660.446021 -2660.814602 -2661.168495 -2661.496034 -2661.799061 -2662.143077 -2663.175565 -2670.508546 -2722.775455 -2846.763164 -2981.431193 -1543.238748 -1661.433685 -1674.410446 -1671.946187 -1670.861045 -1670.621294 -1670.578950 -1670.572510 -1670.572048 -1670.572495 -1670.572991 -1670.573401 -1670.573722 -1670.573974 -1670.574174 -1670.574337 -1670.574473 -1670.574591 -1670.574699 -1670.574807 -1670.574926 -1670.575072 -1670.575268 -1670.575548 -1670.575969 -1670.576622 -1670.577657 -1670.579335 -1670.582118 -1670.586855 -1670.595155 -1670.610152 -1670.638098 -1670.691746 -1670.797973 -1671.016430 -1671.489052 -1672.580204 -1675.307469 -1682.875589 -1707.221127 -9999.0 -9999.0
-9999.0 -9999.0 622.890912 524.891807 426.409536 327.632897 228.722484 129.755265 30.769659 -68.210215 -167.175570 -266.112474 -364.989598 -463.742020 -562.261156 -660.402135 -758.317544 -856.254314 -953.901718 -1051.193093 -1146.587842 -1237.340697 -1321.810293 -1397.402855 -1462.213984 -1515.479171 -1557.583010 -1589.749353 -1613.626536 -1630.934964 -1643.242948 -1651.862105 -1657.825902 -1661.914393 -1664.698442 -1666.588863 -1667.889193 -1668.883946 -1670.112665 -1673.233459 -1682.257397 -1698.600853 -1709.295385 -3383.909339 -3019.317777 -2777.970456 -2674.411200 -2661.286863 -2659.964848 -2660.102059 -2660.446021 -2660.814602 -2661.168495 -2661.496034 -2661.799061 -2662.143077 -2663.175565 -2670.508546 -2722.775455 -2846.763164 -2981.431193 -1543.238748 -1661.433685 -1674.410446 -1671.946187 -1670.861045 -1670.621294 -1670.578950 -1670.572510 -1670.572048 -1670.572495 -1670.572991 -1670.573401 -1670.573722 -1670.573974 -1670.574174 -1670.574337 -1670.574473 -1670.574591 -1670.574699 -1670.574807 -1670.574926 -1670.575072 -1670.575268 -1670.575548 -1670.575969 -1670.576622 -1670.577657 -1670.579335 -1670.582118 -1670.586855 -1670.595155 -1670.610152 -1670.638098 -1670.691746 -1670.797973 -1671.016430 -1671.489052 -1672.580204 -1675.307469 -1682.875589 -1707.221127 -9999.0 -9999.0
-9999.0 -9999.0 622.889553 524.891097 426.409247 327.632790 228.722445 129.755251 30.769654 -68.210217 -167.175570 -266.112474 -364.989599 -463.742020 -562.261156 -660.402135 -758.317544 -856.254314 -953.901718 -1051.193093 -1146.587842 -1237.340697 -1321.810293 -1397.402855 -1462.213984 -1515.479171 -1557.583010 -1589.749352 -1613.626536 -1630.934964 -1643.242948 -1651.862105 -1657.825902 -1661.914393 -1664.698442 -1666.588863 -1667.889193 -1668.883946 -1670.112665 -1673.233459 -1682.257397 -1698.600854 -1709.295385 -3383.909340 -3019.317778 -2777.970459 -2674.411200 -2661.286863 -2659.964848 -2660.102059 -2660.446021 -2660.814602 -2661.168495 -2661.496034 -2661.799061 -2662.143077 -2663.175565 -2670.508546 -2722.775455 -2846.763164 -2981.431193 -1543.238748 -1661.433685 -1674.410446 -1671.946187 -1670.861045 -1670.621294 -1670.578950 -1670.572510 -1670.572048 -1670.572495 -1670.572991 -1670.573401 -1670.573722 -1670.573974 -1670.574174 -1670.574337 -1670.574473 -1670.574591 -1670.574699 -1670.574807 -1670.574926 -1670.575072 -1670.575268 -1670.575548 -1670.575969 -1670.576622 -1670.577657 -1670.579335 -1670.582118 -1670.586855 -1670.595155 -1670.610152 -1670.638098 -1670.691746 -1670.797973 -1671.016430 -1671.489052 -1672.580204 -1675.307469 -1682.875589 -1707.221127 -9999.0 -9999.0
-9999.0 -9999.0 622.884772 524.889605 426.408809 327.632654 228.722401 129.755236 30.769649 -68.210219 -167.175571 -266.112474 -364.989599 -463.742020 -562.261156 -660.402134 -758.317544 -856.254314 -953.901717 -1051.193093 -1146.587841 -1237.340696 -1321.810293 -1397.402855 -1462.213984 -1515.479171 -1557.583010 -1589.749352 -1613.626536 -1630.934964 -1643.242948 -1651.862105 -1657.825902 -1661.914393 -1664.698442 -1666.588863 -1667.889193 -1668.883946 -1670.112665 -1673.233459 -1682.257397 -1698.600854 -1709.295385 -3383.909342 -3019.317781 -2777.970465 -2674.411200 -2661.286863 -2659.964848 -2660.102059 -2660.446021 -2660.814602 -2661.168495 -2661.496034 -2661.799061 -2662.143077 -2663.175565 -2670.508546 -2722.775455 -2846.763164 -2981.431193 -1543.238748 -1661.433685 -1674.410446 -1671.946187 -1670.861045 -1670.621294 -1670.578950 -1670.572510 -1670.572048 -1670.572495 -1670.572991 -1670.573401 -1670.573722 -1670.573974 -1670.574174 -1670.574337 -1670.574473 -1670.574591 -1670.574699 -1670.574807 -1670.574926 -1670.575072 -1670.575268 -1670.575548 -1670.575969 -1670.576622 -1670.577657 -1670.579335 -1670.582118 -1670.586855 -1670.595155 -1670.610152 -1670.638098 -1670.691746 -1670.797973 -1671.016430 -1671.489052 -1672.580204 -1675.307469 -1682.875589 -1707.221127 -9999.0 -9999.0
-9999.0 -9999.0 -9999.0 -9999.0 -9999.0 -9999.0 -9999.0 -9999.0 -9999.0 -9999.0 -9999.0 -9999.0 -9999.0 -9999.0 -9999.0 -9999.0 -9999.0 -9999.0 -9999.0 -9999.0 -9999.0 -9999.0 -9999.0 -9999.0 -9999.0 -9999.0 -9999.0 -9999.0 -9999.0 -9999.0 -9999.0 -9999.0 -9999.0 -9999.0 -9999.0 -9999.0 -9999.0 -9999.0 -9999.0 -9999.0 -9999.0 -9999.0 -9999.0 -9999.0 -9999.0 -9999.0 -9999.0 -9999.0 -9999.0 -9999.0 -9999.0 -9999.0 -9999.0 -9999.0 -9999.0 -9999.0 -9999.0 -9999.0 -9999.0 -9999.0 -9999.0 -9999.0 -9999.0 -9999.0 -9999.0 -9999.0 -9999.0 -9999.0 -9999.0 -9999.0 -9999.0 -9999.0 -9999.0 -9999.0 -9999.0 -9999.0 -9999.0 -9999.0 -9999.0 -9999.0 -9999.0 -9999.0 -9999.0 -9999.0 -9999.0 -9999.0 -9999.0 -9999.0 -9999.0 -9999.0 -9999.0 -9999.0 -9999.0 -9999.0 -9999.0 -9999.0 -9999.0 -9999.0 -9999.0 -9999.0 -9999.0 -9999.0 -9999.0 -9999.0
-9999.0 -9999.0 -9999.0 -9999.0 -9999.0 -9999.0 -9999.0 -9999.0 -9999.0 -9999.0 -9999.0 -9999.0 -9999.0 -9999.0 -9999.0 -9999.0 -9999.0 -9999.0 -9999.0 -9999.0 -9999.0 -9999.0 -9999.0 -9999.0 -9999.0 -9999.0 -9999.0 -9999.0 -9999.0 -9999.0 -9999.0 -9999.0 -9999.0 -9999.0 -9999.0 -9999.0 -9999.0 -9999.0 -9999.0 -9999.0 -9999.0 -9999.0 -9999.0 -9999.0 -9999.0 -9999.0 -9999.0 -9999.0 -9999.0 -9999.0 -9999.0 -9999.0 -9999.0 -9999.0 -9999.0 -9999.0 -9999.0 -9999.0 -9999.0 -9999.0 -9999.0 -9999.0 -9999.0 -9999.0 -9999.0 -9999.0 -9999.0 -9999.0 -9999.0 -9999.0 -9999.0 -9999.0 -9999.0 -9999.0 -9999.0 -9999.0 -9999.0 -9999.0 -9999.0 -9999.0 -9999.0 -9999.0 -9999.0 -9999.0 -9999.0 -9999.0 -9999.0 -9999.0 -9999.0 -9999.0 -9999.0 -9999.0 -9999.0 -9999.0 -9999.0 -9999.0 -9999.0 -9999.0 -9999.0 -9999.0 -9999.0 -9999.0 -9999.0 -9999.0