inst/processing_geotop_simulation/geotop_simulation/out/maps3D/PwL0022N0085.asc
ncols         104
nrows         10
xllcorner     -2.000000
yllcorner     0.000000
cellsize      1.000000
NODATA_value  -9999.0
-9999.0 -9999.0 -9999.0 -9999.0 -9999.0 -9999.0 -9999.0 -9999.0 -9999.0 -9999.0 -9999.0 -9999.0 -9999.0 -9999.0 -9999.0 -9999.0 -9999.0 -9999.0 -9999.0 -9999.0 -9999.0 -9999.0 -9999.0 -9999.0 -9999.0 -9999.0 -9999.0 -9999.0 -9999.0 -9999.0 -9999.0 -9999.0 -9999.0 -9999.0 -9999.0 -9999.0 -9999.0 -9999.0 -9999.0 -9999.0 -9999.0 -9999.0 -9999.0 -9999.0 -9999.0 -9999.0 -9999.0 -9999.0 -9999.0 -9999.0 -9999.0 -9999.0 -9999.0 -9999.0 -9999.0 -9999.0 -9999.0 -9999.0 -9999.0 -9999.0 -9999.0 -9999.0 -9999.0 -9999.0 -9999.0 -9999.0 -9999.0 -9999.0 -9999.0 -9999.0 -9999.0 -9999.0 -9999.0 -9999.0 -9999.0 -9999.0 -9999.0 -9999.0 -9999.0 -9999.0 -9999.0 -9999.0 -9999.0 -9999.0 -9999.0 -9999.0 -9999.0 -9999.0 -9999.0 -9999.0 -9999.0 -9999.0 -9999.0 -9999.0 -9999.0 -9999.0 -9999.0 -9999.0 -9999.0 -9999.0 -9999.0 -9999.0 -9999.0 -9999.0
-9999.0 -9999.0 -9999.0 -9999.0 -9999.0 -9999.0 -9999.0 -9999.0 -9999.0 -9999.0 -9999.0 -9999.0 -9999.0 -9999.0 -9999.0 -9999.0 -9999.0 -9999.0 -9999.0 -9999.0 -9999.0 -9999.0 -9999.0 -9999.0 -9999.0 -9999.0 -9999.0 -9999.0 -9999.0 -9999.0 -9999.0 -9999.0 -9999.0 -9999.0 -9999.0 -9999.0 -9999.0 -9999.0 -9999.0 -9999.0 -9999.0 -9999.0 -9999.0 -9999.0 -9999.0 -9999.0 -9999.0 -9999.0 -9999.0 -9999.0 -9999.0 -9999.0 -9999.0 -9999.0 -9999.0 -9999.0 -9999.0 -9999.0 -9999.0 -9999.0 -9999.0 -9999.0 -9999.0 -9999.0 -9999.0 -9999.0 -9999.0 -9999.0 -9999.0 -9999.0 -9999.0 -9999.0 -9999.0 -9999.0 -9999.0 -9999.0 -9999.0 -9999.0 -9999.0 -9999.0 -9999.0 -9999.0 -9999.0 -9999.0 -9999.0 -9999.0 -9999.0 -9999.0 -9999.0 -9999.0 -9999.0 -9999.0 -9999.0 -9999.0 -9999.0 -9999.0 -9999.0 -9999.0 -9999.0 -9999.0 -9999.0 -9999.0 -9999.0 -9999.0
-9999.0 -9999.0 1057.131903 957.048568 856.965379 756.993653 657.216316 557.692289 458.457217 359.537817 260.972028 162.851821 65.179731 -32.045655 -128.997120 -226.198528 -324.557471 -425.026234 -527.705431 -630.643228 -729.395700 -818.225834 -896.713604 -965.871163 -1026.427903 -1012.717548 -1000.154044 -990.519762 -983.764593 -979.298512 -976.489929 -974.813993 -973.876758 -973.399827 -973.195476 -973.144774 -973.185831 -973.312356 -973.610304 -975.056991 -986.083969 -1081.645658 -1686.022155 -3438.269146 -3885.957863 -3885.922232 -3871.183762 -3704.265473 -3315.336651 -2911.696219 -2590.809551 -2328.954345 -2181.228695 -2091.157448 -2010.757873 -1929.590920 -1844.798700 -1757.565655 -1671.038436 -1587.941362 -1504.527637 -1253.682601 -1047.193016 -982.251740 -974.735606 -973.895726 -973.775356 -973.754962 -973.753014 -973.754557 -973.756429 -973.757999 -973.759209 -973.760129 -973.760834 -973.761382 -973.761817 -973.762168 -973.762461 -973.762719 -973.762970 -973.763247 -973.763592 -973.764068 -973.764771 -973.765848 -973.767539 -973.770235 -973.774599 -973.781774 -973.793812 -973.814517 -973.851176 -973.918114 -974.043945 -974.286588 -974.766337 -975.750511 -977.911075 -983.159265 -997.080689 -1033.873290 -9999.0 -9999.0
-9999.0 -9999.0 1057.131903 957.048568 856.965378 756.993653 657.216316 557.692289 458.457217 359.537816 260.972028 162.851821 65.179730 -32.045655 -128.997121 -226.198528 -324.557472 -425.026235 -527.705432 -630.643228 -729.395700 -818.225834 -896.713604 -965.871163 -1026.427903 -1012.717548 -1000.154044 -990.519762 -983.764593 -979.298512 -976.489929 -974.813993 -973.876758 -973.399827 -973.195476 -973.144774 -973.185831 -973.312356 -973.610304 -975.056991 -986.083969 -1081.645658 -1686.022154 -3438.269145 -3885.957863 -3885.922232 -3871.183762 -3704.265473 -3315.336650 -2911.696216 -2590.809547 -2328.954343 -2181.228695 -2091.157448 -2010.757872 -1929.590920 -1844.798699 -1757.565655 -1671.038435 -1587.941362 -1504.527637 -1253.682601 -1047.193016 -982.251740 -974.735606 -973.895726 -973.775356 -973.754962 -973.753014 -973.754557 -973.756429 -973.757999 -973.759209 -973.760129 -973.760834 -973.761382 -973.761817 -973.762168 -973.762461 -973.762719 -973.762970 -973.763247 -973.763592 -973.764068 -973.764771 -973.765848 -973.767539 -973.770235 -973.774599 -973.781774 -973.793812 -973.814517 -973.851176 -973.918114 -974.043945 -974.286588 -974.766337 -975.750511 -977.911075 -983.159265 -997.080689 -1033.873290 -9999.0 -9999.0
-9999.0 -9999.0 1057.131903 957.048568 856.965378 756.993653 657.216316 557.692289 458.457217 359.537816 260.972028 162.851821 65.179730 -32.045655 -128.997121 -226.198528 -324.557472 -425.026235 -527.705432 -630.643228 -729.395700 -818.225834 -896.713604 -965.871163 -1026.427903 -1012.717548 -1000.154044 -990.519762 -983.764593 -979.298512 -976.489929 -974.813993 -973.876758 -973.399827 -973.195476 -973.144774 -973.185831 -973.312356 -973.610304 -975.056991 -986.083969 -1081.645658 -1686.022155 -3438.269144 -3885.957863 -3885.922232 -3871.183762 -3704.265472 -3315.336650 -2911.696213 -2590.809545 -2328.954343 -2181.228695 -2091.157448 -2010.757872 -1929.590920 -1844.798699 -1757.565655 -1671.038435 -1587.941362 -1504.527636 -1253.682601 -1047.193016 -982.251740 -974.735606 -973.895726 -973.775356 -973.754962 -973.753014 -973.754557 -973.756429 -973.757999 -973.759209 -973.760129 -973.760834 -973.761382 -973.761817 -973.762168 -973.762461 -973.762719 -973.762970 -973.763247 -973.763592 -973.764068 -973.764771 -973.765848 -973.767539 -973.770235 -973.774599 -973.781774 -973.793812 -973.814517 -973.851176 -973.918114 -974.043945 -974.286588 -974.766337 -975.750511 -977.911075 -983.159265 -997.080689 -1033.873290 -9999.0 -9999.0
-9999.0 -9999.0 1057.131903 957.048568 856.965378 756.993653 657.216316 557.692289 458.457217 359.537816 260.972028 162.851821 65.179730 -32.045655 -128.997121 -226.198528 -324.557472 -425.026235 -527.705432 -630.643228 -729.395700 -818.225834 -896.713604 -965.871163 -1026.427903 -1012.717548 -1000.154044 -990.519762 -983.764593 -979.298512 -976.489929 -974.813993 -973.876758 -973.399827 -973.195476 -973.144774 -973.185831 -973.312356 -973.610304 -975.056991 -986.083969 -1081.645658 -1686.022155 -3438.269144 -3885.957863 -3885.922232 -3871.183762 -3704.265472 -3315.336650 -2911.696215 -2590.809545 -2328.954343 -2181.228695 -2091.157448 -2010.757872 -1929.590920 -1844.798699 -1757.565655 -1671.038435 -1587.941362 -1504.527636 -1253.682601 -1047.193016 -982.251740 -974.735606 -973.895726 -973.775356 -973.754962 -973.753014 -973.754557 -973.756429 -973.757999 -973.759209 -973.760129 -973.760834 -973.761382 -973.761817 -973.762168 -973.762461 -973.762719 -973.762970 -973.763247 -973.763592 -973.764068 -973.764771 -973.765848 -973.767539 -973.770235 -973.774599 -973.781774 -973.793812 -973.814517 -973.851176 -973.918114 -974.043945 -974.286588 -974.766337 -975.750511 -977.911075 -983.159265 -997.080689 -1033.873290 -9999.0 -9999.0
-9999.0 -9999.0 1057.131903 957.048568 856.965378 756.993653 657.216316 557.692289 458.457217 359.537816 260.972028 162.851821 65.179730 -32.045655 -128.997121 -226.198528 -324.557472 -425.026235 -527.705432 -630.643228 -729.395700 -818.225834 -896.713604 -965.871163 -1026.427903 -1012.717548 -1000.154044 -990.519762 -983.764593 -979.298512 -976.489929 -974.813993 -973.876758 -973.399827 -973.195476 -973.144774 -973.185831 -973.312356 -973.610304 -975.056991 -986.083969 -1081.645658 -1686.022154 -3438.269144 -3885.957863 -3885.922232 -3871.183762 -3704.265472 -3315.336650 -2911.696215 -2590.809547 -2328.954343 -2181.228695 -2091.157448 -2010.757873 -1929.590920 -1844.798699 -1757.565655 -1671.038436 -1587.941362 -1504.527637 -1253.682601 -1047.193016 -982.251740 -974.735606 -973.895726 -973.775356 -973.754962 -973.753014 -973.754557 -973.756429 -973.757999 -973.759209 -973.760129 -973.760834 -973.761382 -973.761817 -973.762168 -973.762461 -973.762719 -973.762970 -973.763247 -973.763592 -973.764068 -973.764771 -973.765848 -973.767539 -973.770235 -973.774599 -973.781774 -973.793812 -973.814517 -973.851176 -973.918114 -974.043945 -974.286588 -974.766337 -975.750511 -977.911075 -983.159265 -997.080689 -1033.873290 -9999.0 -9999.0
-9999.0 -9999.0 1057.131903 957.048568 856.965379 756.993653 657.216316 557.692289 458.457217 359.537817 260.972029 162.851821 65.179731 -32.045655 -128.997120 -226.198528 -324.557471 -425.026234 -527.705431 -630.643228 -729.395700 -818.225834 -896.713604 -965.871163 -1026.427903 -1012.717548 -1000.154044 -990.519762 -983.764593 -979.298512 -976.489929 -974.813993 -973.876758 -973.399827 -973.195476 -973.144774 -973.185831 -973.312356 -973.610304 -975.056991 -986.083969 -1081.645658 -1686.022155 -3438.269146 -3885.957863 -3885.922232 -3871.183762 -3704.265473 -3315.336651 -2911.696220 -2590.809551 -2328.954345 -2181.228695 -2091.157448 -2010.757873 -1929.590921 -1844.798700 -1757.565655 -1671.038436 -1587.941362 -1504.527637 -1253.682601 -1047.193016 -982.251740 -974.735606 -973.895726 -973.775356 -973.754962 -973.753014 -973.754557 -973.756429 -973.757999 -973.759209 -973.760129 -973.760834 -973.761382 -973.761817 -973.762168 -973.762461 -973.762719 -973.762970 -973.763247 -973.763592 -973.764068 -973.764771 -973.765848 -973.767539 -973.770235 -973.774599 -973.781774 -973.793812 -973.814517 -973.851176 -973.918114 -974.043945 -974.286588 -974.766337 -975.750511 -977.911075 -983.159265 -997.080689 -1033.873290 -9999.0 -9999.0
-9999.0 -9999.0 -9999.0 -9999.0 -9999.0 -9999.0 -9999.0 -9999.0 -9999.0 -9999.0 -9999.0 -9999.0 -9999.0 -9999.0 -9999.0 -9999.0 -9999.0 -9999.0 -9999.0 -9999.0 -9999.0 -9999.0 -9999.0 -9999.0 -9999.0 -9999.0 -9999.0 -9999.0 -9999.0 -9999.0 -9999.0 -9999.0 -9999.0 -9999.0 -9999.0 -9999.0 -9999.0 -9999.0 -9999.0 -9999.0 -9999.0 -9999.0 -9999.0 -9999.0 -9999.0 -9999.0 -9999.0 -9999.0 -9999.0 -9999.0 -9999.0 -9999.0 -9999.0 -9999.0 -9999.0 -9999.0 -9999.0 -9999.0 -9999.0 -9999.0 -9999.0 -9999.0 -9999.0 -9999.0 -9999.0 -9999.0 -9999.0 -9999.0 -9999.0 -9999.0 -9999.0 -9999.0 -9999.0 -9999.0 -9999.0 -9999.0 -9999.0 -9999.0 -9999.0 -9999.0 -9999.0 -9999.0 -9999.0 -9999.0 -9999.0 -9999.0 -9999.0 -9999.0 -9999.0 -9999.0 -9999.0 -9999.0 -9999.0 -9999.0 -9999.0 -9999.0 -9999.0 -9999.0 -9999.0 -9999.0 -9999.0 -9999.0 -9999.0 -9999.0
-9999.0 -9999.0 -9999.0 -9999.0 -9999.0 -9999.0 -9999.0 -9999.0 -9999.0 -9999.0 -9999.0 -9999.0 -9999.0 -9999.0 -9999.0 -9999.0 -9999.0 -9999.0 -9999.0 -9999.0 -9999.0 -9999.0 -9999.0 -9999.0 -9999.0 -9999.0 -9999.0 -9999.0 -9999.0 -9999.0 -9999.0 -9999.0 -9999.0 -9999.0 -9999.0 -9999.0 -9999.0 -9999.0 -9999.0 -9999.0 -9999.0 -9999.0 -9999.0 -9999.0 -9999.0 -9999.0 -9999.0 -9999.0 -9999.0 -9999.0 -9999.0 -9999.0 -9999.0 -9999.0 -9999.0 -9999.0 -9999.0 -9999.0 -9999.0 -9999.0 -9999.0 -9999.0 -9999.0 -9999.0 -9999.0 -9999.0 -9999.0 -9999.0 -9999.0 -9999.0 -9999.0 -9999.0 -9999.0 -9999.0 -9999.0 -9999.0 -9999.0 -9999.0 -9999.0 -9999.0 -9999.0 -9999.0 -9999.0 -9999.0 -9999.0 -9999.0 -9999.0 -9999.0 -9999.0 -9999.0 -9999.0 -9999.0 -9999.0 -9999.0 -9999.0 -9999.0 -9999.0 -9999.0 -9999.0 -9999.0 -9999.0 -9999.0 -9999.0 -9999.0