inst/processing_geotop_simulation/geotop_simulation/out/maps3D/PwL0015N0476.asc
ncols         104
nrows         10
xllcorner     -2.000000
yllcorner     0.000000
cellsize      1.000000
NODATA_value  -9999.0
-9999.0 -9999.0 -9999.0 -9999.0 -9999.0 -9999.0 -9999.0 -9999.0 -9999.0 -9999.0 -9999.0 -9999.0 -9999.0 -9999.0 -9999.0 -9999.0 -9999.0 -9999.0 -9999.0 -9999.0 -9999.0 -9999.0 -9999.0 -9999.0 -9999.0 -9999.0 -9999.0 -9999.0 -9999.0 -9999.0 -9999.0 -9999.0 -9999.0 -9999.0 -9999.0 -9999.0 -9999.0 -9999.0 -9999.0 -9999.0 -9999.0 -9999.0 -9999.0 -9999.0 -9999.0 -9999.0 -9999.0 -9999.0 -9999.0 -9999.0 -9999.0 -9999.0 -9999.0 -9999.0 -9999.0 -9999.0 -9999.0 -9999.0 -9999.0 -9999.0 -9999.0 -9999.0 -9999.0 -9999.0 -9999.0 -9999.0 -9999.0 -9999.0 -9999.0 -9999.0 -9999.0 -9999.0 -9999.0 -9999.0 -9999.0 -9999.0 -9999.0 -9999.0 -9999.0 -9999.0 -9999.0 -9999.0 -9999.0 -9999.0 -9999.0 -9999.0 -9999.0 -9999.0 -9999.0 -9999.0 -9999.0 -9999.0 -9999.0 -9999.0 -9999.0 -9999.0 -9999.0 -9999.0 -9999.0 -9999.0 -9999.0 -9999.0 -9999.0 -9999.0
-9999.0 -9999.0 -9999.0 -9999.0 -9999.0 -9999.0 -9999.0 -9999.0 -9999.0 -9999.0 -9999.0 -9999.0 -9999.0 -9999.0 -9999.0 -9999.0 -9999.0 -9999.0 -9999.0 -9999.0 -9999.0 -9999.0 -9999.0 -9999.0 -9999.0 -9999.0 -9999.0 -9999.0 -9999.0 -9999.0 -9999.0 -9999.0 -9999.0 -9999.0 -9999.0 -9999.0 -9999.0 -9999.0 -9999.0 -9999.0 -9999.0 -9999.0 -9999.0 -9999.0 -9999.0 -9999.0 -9999.0 -9999.0 -9999.0 -9999.0 -9999.0 -9999.0 -9999.0 -9999.0 -9999.0 -9999.0 -9999.0 -9999.0 -9999.0 -9999.0 -9999.0 -9999.0 -9999.0 -9999.0 -9999.0 -9999.0 -9999.0 -9999.0 -9999.0 -9999.0 -9999.0 -9999.0 -9999.0 -9999.0 -9999.0 -9999.0 -9999.0 -9999.0 -9999.0 -9999.0 -9999.0 -9999.0 -9999.0 -9999.0 -9999.0 -9999.0 -9999.0 -9999.0 -9999.0 -9999.0 -9999.0 -9999.0 -9999.0 -9999.0 -9999.0 -9999.0 -9999.0 -9999.0 -9999.0 -9999.0 -9999.0 -9999.0 -9999.0 -9999.0
-9999.0 -9999.0 720.036214 620.963815 521.712069 422.327247 322.878992 223.403580 123.919413 24.436536 -75.037424 -174.500783 -273.949190 -373.370416 -472.744361 -572.040139 -671.202557 -770.286133 -869.366608 -968.322334 -1067.089655 -1164.932891 -1260.314613 -1351.845466 -1437.377812 -1514.784114 -1582.411028 -1639.399108 -1685.777928 -1722.337816 -1750.364227 -1771.348786 -1786.759878 -1797.902998 -1805.861964 -1811.497770 -1815.490156 -1818.444011 -1821.154716 -1824.980352 -1829.935012 -1821.423031 -1776.752540 -4018.585632 -3983.450861 -3791.047665 -3677.803974 -3661.585893 -3659.916055 -3660.081949 -3660.507892 -3660.964522 -3661.402657 -3661.807874 -3662.182622 -3662.610980 -3663.918019 -3673.079280 -3733.399709 -3855.778748 -3754.871445 -1584.635872 -1778.859994 -1822.350573 -1825.256475 -1824.695518 -1824.447785 -1824.389594 -1824.378875 -1824.377485 -1824.377701 -1824.378124 -1824.378518 -1824.378858 -1824.379151 -1824.379409 -1824.379644 -1824.379864 -1824.380074 -1824.380281 -1824.380494 -1824.380720 -1824.380973 -1824.381271 -1824.381642 -1824.382129 -1824.382806 -1824.383793 -1824.385302 -1824.387711 -1824.391721 -1824.398677 -1824.411228 -1824.434742 -1824.480439 -1824.572871 -1824.769076 -1825.211128 -1826.280211 -1829.089555 -1837.221959 -1863.447625 -9999.0 -9999.0
-9999.0 -9999.0 720.039897 620.965045 521.712442 422.327364 322.879031 223.403594 123.919419 24.436538 -75.037423 -174.500782 -273.949190 -373.370416 -472.744361 -572.040139 -671.202557 -770.286133 -869.366608 -968.322334 -1067.089655 -1164.932891 -1260.314613 -1351.845466 -1437.377813 -1514.784114 -1582.411028 -1639.399108 -1685.777928 -1722.337816 -1750.364227 -1771.348786 -1786.759878 -1797.902998 -1805.861964 -1811.497770 -1815.490156 -1818.444011 -1821.154716 -1824.980352 -1829.935012 -1821.423031 -1776.752540 -4018.585631 -3983.450859 -3791.047658 -3677.803974 -3661.585893 -3659.916055 -3660.081949 -3660.507892 -3660.964522 -3661.402657 -3661.807874 -3662.182622 -3662.610980 -3663.918019 -3673.079280 -3733.399709 -3855.778748 -3754.871445 -1584.635872 -1778.859994 -1822.350573 -1825.256475 -1824.695518 -1824.447785 -1824.389594 -1824.378875 -1824.377485 -1824.377701 -1824.378124 -1824.378518 -1824.378858 -1824.379150 -1824.379409 -1824.379644 -1824.379864 -1824.380074 -1824.380281 -1824.380494 -1824.380720 -1824.380973 -1824.381271 -1824.381642 -1824.382129 -1824.382806 -1824.383793 -1824.385302 -1824.387711 -1824.391721 -1824.398677 -1824.411228 -1824.434742 -1824.480439 -1824.572871 -1824.769076 -1825.211128 -1826.280211 -1829.089555 -1837.221959 -1863.447625 -9999.0 -9999.0
-9999.0 -9999.0 720.041057 620.965653 521.712692 422.327458 322.879065 223.403606 123.919423 24.436540 -75.037422 -174.500782 -273.949190 -373.370415 -472.744361 -572.040139 -671.202557 -770.286133 -869.366608 -968.322334 -1067.089655 -1164.932891 -1260.314613 -1351.845466 -1437.377813 -1514.784114 -1582.411028 -1639.399108 -1685.777929 -1722.337816 -1750.364227 -1771.348786 -1786.759878 -1797.902998 -1805.861964 -1811.497770 -1815.490156 -1818.444011 -1821.154716 -1824.980352 -1829.935012 -1821.423031 -1776.752540 -4018.585631 -3983.450858 -3791.047655 -3677.803974 -3661.585893 -3659.916055 -3660.081949 -3660.507892 -3660.964522 -3661.402657 -3661.807874 -3662.182622 -3662.610980 -3663.918019 -3673.079280 -3733.399709 -3855.778748 -3754.871445 -1584.635872 -1778.859994 -1822.350573 -1825.256475 -1824.695518 -1824.447785 -1824.389594 -1824.378875 -1824.377485 -1824.377701 -1824.378124 -1824.378518 -1824.378858 -1824.379150 -1824.379409 -1824.379644 -1824.379864 -1824.380074 -1824.380281 -1824.380494 -1824.380720 -1824.380973 -1824.381271 -1824.381642 -1824.382129 -1824.382806 -1824.383793 -1824.385302 -1824.387711 -1824.391721 -1824.398677 -1824.411228 -1824.434742 -1824.480439 -1824.572871 -1824.769076 -1825.211128 -1826.280211 -1829.089555 -1837.221959 -1863.447625 -9999.0 -9999.0
-9999.0 -9999.0 720.041057 620.965653 521.712692 422.327458 322.879065 223.403606 123.919423 24.436540 -75.037422 -174.500782 -273.949190 -373.370415 -472.744360 -572.040139 -671.202557 -770.286134 -869.366608 -968.322334 -1067.089655 -1164.932891 -1260.314613 -1351.845466 -1437.377813 -1514.784114 -1582.411028 -1639.399108 -1685.777929 -1722.337816 -1750.364227 -1771.348786 -1786.759878 -1797.902998 -1805.861964 -1811.497770 -1815.490156 -1818.444011 -1821.154716 -1824.980352 -1829.935012 -1821.423031 -1776.752540 -4018.585631 -3983.450858 -3791.047655 -3677.803974 -3661.585893 -3659.916055 -3660.081949 -3660.507892 -3660.964522 -3661.402657 -3661.807874 -3662.182622 -3662.610980 -3663.918019 -3673.079280 -3733.399709 -3855.778748 -3754.871445 -1584.635872 -1778.859994 -1822.350573 -1825.256475 -1824.695518 -1824.447785 -1824.389594 -1824.378875 -1824.377485 -1824.377701 -1824.378124 -1824.378518 -1824.378858 -1824.379150 -1824.379409 -1824.379644 -1824.379864 -1824.380074 -1824.380281 -1824.380494 -1824.380720 -1824.380973 -1824.381271 -1824.381642 -1824.382129 -1824.382806 -1824.383793 -1824.385302 -1824.387711 -1824.391721 -1824.398677 -1824.411228 -1824.434742 -1824.480439 -1824.572871 -1824.769076 -1825.211128 -1826.280211 -1829.089555 -1837.221959 -1863.447625 -9999.0 -9999.0
-9999.0 -9999.0 720.039897 620.965045 521.712442 422.327364 322.879031 223.403594 123.919418 24.436538 -75.037423 -174.500782 -273.949190 -373.370415 -472.744361 -572.040139 -671.202557 -770.286133 -869.366608 -968.322334 -1067.089655 -1164.932891 -1260.314613 -1351.845466 -1437.377813 -1514.784114 -1582.411028 -1639.399108 -1685.777928 -1722.337816 -1750.364227 -1771.348786 -1786.759878 -1797.902998 -1805.861964 -1811.497770 -1815.490156 -1818.444011 -1821.154716 -1824.980352 -1829.935012 -1821.423031 -1776.752540 -4018.585631 -3983.450859 -3791.047658 -3677.803974 -3661.585893 -3659.916055 -3660.081949 -3660.507892 -3660.964522 -3661.402657 -3661.807874 -3662.182622 -3662.610980 -3663.918019 -3673.079280 -3733.399709 -3855.778748 -3754.871445 -1584.635872 -1778.859994 -1822.350573 -1825.256475 -1824.695518 -1824.447785 -1824.389594 -1824.378875 -1824.377485 -1824.377701 -1824.378124 -1824.378518 -1824.378858 -1824.379150 -1824.379409 -1824.379644 -1824.379864 -1824.380074 -1824.380281 -1824.380494 -1824.380720 -1824.380973 -1824.381271 -1824.381642 -1824.382129 -1824.382806 -1824.383793 -1824.385302 -1824.387711 -1824.391721 -1824.398677 -1824.411228 -1824.434742 -1824.480439 -1824.572871 -1824.769076 -1825.211128 -1826.280211 -1829.089555 -1837.221959 -1863.447625 -9999.0 -9999.0
-9999.0 -9999.0 720.036214 620.963815 521.712069 422.327247 322.878992 223.403580 123.919413 24.436536 -75.037424 -174.500783 -273.949190 -373.370416 -472.744361 -572.040139 -671.202557 -770.286133 -869.366608 -968.322334 -1067.089655 -1164.932891 -1260.314612 -1351.845466 -1437.377812 -1514.784114 -1582.411028 -1639.399108 -1685.777928 -1722.337816 -1750.364227 -1771.348786 -1786.759878 -1797.902998 -1805.861964 -1811.497770 -1815.490156 -1818.444011 -1821.154716 -1824.980352 -1829.935012 -1821.423031 -1776.752540 -4018.585632 -3983.450861 -3791.047665 -3677.803974 -3661.585893 -3659.916055 -3660.081949 -3660.507892 -3660.964522 -3661.402657 -3661.807874 -3662.182622 -3662.610980 -3663.918019 -3673.079280 -3733.399709 -3855.778748 -3754.871445 -1584.635872 -1778.859994 -1822.350573 -1825.256475 -1824.695518 -1824.447785 -1824.389594 -1824.378875 -1824.377485 -1824.377701 -1824.378124 -1824.378518 -1824.378858 -1824.379151 -1824.379409 -1824.379644 -1824.379864 -1824.380074 -1824.380281 -1824.380494 -1824.380720 -1824.380973 -1824.381271 -1824.381642 -1824.382129 -1824.382806 -1824.383793 -1824.385302 -1824.387711 -1824.391721 -1824.398677 -1824.411228 -1824.434742 -1824.480439 -1824.572871 -1824.769076 -1825.211128 -1826.280211 -1829.089555 -1837.221959 -1863.447625 -9999.0 -9999.0
-9999.0 -9999.0 -9999.0 -9999.0 -9999.0 -9999.0 -9999.0 -9999.0 -9999.0 -9999.0 -9999.0 -9999.0 -9999.0 -9999.0 -9999.0 -9999.0 -9999.0 -9999.0 -9999.0 -9999.0 -9999.0 -9999.0 -9999.0 -9999.0 -9999.0 -9999.0 -9999.0 -9999.0 -9999.0 -9999.0 -9999.0 -9999.0 -9999.0 -9999.0 -9999.0 -9999.0 -9999.0 -9999.0 -9999.0 -9999.0 -9999.0 -9999.0 -9999.0 -9999.0 -9999.0 -9999.0 -9999.0 -9999.0 -9999.0 -9999.0 -9999.0 -9999.0 -9999.0 -9999.0 -9999.0 -9999.0 -9999.0 -9999.0 -9999.0 -9999.0 -9999.0 -9999.0 -9999.0 -9999.0 -9999.0 -9999.0 -9999.0 -9999.0 -9999.0 -9999.0 -9999.0 -9999.0 -9999.0 -9999.0 -9999.0 -9999.0 -9999.0 -9999.0 -9999.0 -9999.0 -9999.0 -9999.0 -9999.0 -9999.0 -9999.0 -9999.0 -9999.0 -9999.0 -9999.0 -9999.0 -9999.0 -9999.0 -9999.0 -9999.0 -9999.0 -9999.0 -9999.0 -9999.0 -9999.0 -9999.0 -9999.0 -9999.0 -9999.0 -9999.0
-9999.0 -9999.0 -9999.0 -9999.0 -9999.0 -9999.0 -9999.0 -9999.0 -9999.0 -9999.0 -9999.0 -9999.0 -9999.0 -9999.0 -9999.0 -9999.0 -9999.0 -9999.0 -9999.0 -9999.0 -9999.0 -9999.0 -9999.0 -9999.0 -9999.0 -9999.0 -9999.0 -9999.0 -9999.0 -9999.0 -9999.0 -9999.0 -9999.0 -9999.0 -9999.0 -9999.0 -9999.0 -9999.0 -9999.0 -9999.0 -9999.0 -9999.0 -9999.0 -9999.0 -9999.0 -9999.0 -9999.0 -9999.0 -9999.0 -9999.0 -9999.0 -9999.0 -9999.0 -9999.0 -9999.0 -9999.0 -9999.0 -9999.0 -9999.0 -9999.0 -9999.0 -9999.0 -9999.0 -9999.0 -9999.0 -9999.0 -9999.0 -9999.0 -9999.0 -9999.0 -9999.0 -9999.0 -9999.0 -9999.0 -9999.0 -9999.0 -9999.0 -9999.0 -9999.0 -9999.0 -9999.0 -9999.0 -9999.0 -9999.0 -9999.0 -9999.0 -9999.0 -9999.0 -9999.0 -9999.0 -9999.0 -9999.0 -9999.0 -9999.0 -9999.0 -9999.0 -9999.0 -9999.0 -9999.0 -9999.0 -9999.0 -9999.0 -9999.0 -9999.0