inst/processing_geotop_simulation/geotop_simulation/out/maps3D/PwL0008N0255.asc
ncols         104
nrows         10
xllcorner     -2.000000
yllcorner     0.000000
cellsize      1.000000
NODATA_value  -9999.0
-9999.0 -9999.0 -9999.0 -9999.0 -9999.0 -9999.0 -9999.0 -9999.0 -9999.0 -9999.0 -9999.0 -9999.0 -9999.0 -9999.0 -9999.0 -9999.0 -9999.0 -9999.0 -9999.0 -9999.0 -9999.0 -9999.0 -9999.0 -9999.0 -9999.0 -9999.0 -9999.0 -9999.0 -9999.0 -9999.0 -9999.0 -9999.0 -9999.0 -9999.0 -9999.0 -9999.0 -9999.0 -9999.0 -9999.0 -9999.0 -9999.0 -9999.0 -9999.0 -9999.0 -9999.0 -9999.0 -9999.0 -9999.0 -9999.0 -9999.0 -9999.0 -9999.0 -9999.0 -9999.0 -9999.0 -9999.0 -9999.0 -9999.0 -9999.0 -9999.0 -9999.0 -9999.0 -9999.0 -9999.0 -9999.0 -9999.0 -9999.0 -9999.0 -9999.0 -9999.0 -9999.0 -9999.0 -9999.0 -9999.0 -9999.0 -9999.0 -9999.0 -9999.0 -9999.0 -9999.0 -9999.0 -9999.0 -9999.0 -9999.0 -9999.0 -9999.0 -9999.0 -9999.0 -9999.0 -9999.0 -9999.0 -9999.0 -9999.0 -9999.0 -9999.0 -9999.0 -9999.0 -9999.0 -9999.0 -9999.0 -9999.0 -9999.0 -9999.0 -9999.0
-9999.0 -9999.0 -9999.0 -9999.0 -9999.0 -9999.0 -9999.0 -9999.0 -9999.0 -9999.0 -9999.0 -9999.0 -9999.0 -9999.0 -9999.0 -9999.0 -9999.0 -9999.0 -9999.0 -9999.0 -9999.0 -9999.0 -9999.0 -9999.0 -9999.0 -9999.0 -9999.0 -9999.0 -9999.0 -9999.0 -9999.0 -9999.0 -9999.0 -9999.0 -9999.0 -9999.0 -9999.0 -9999.0 -9999.0 -9999.0 -9999.0 -9999.0 -9999.0 -9999.0 -9999.0 -9999.0 -9999.0 -9999.0 -9999.0 -9999.0 -9999.0 -9999.0 -9999.0 -9999.0 -9999.0 -9999.0 -9999.0 -9999.0 -9999.0 -9999.0 -9999.0 -9999.0 -9999.0 -9999.0 -9999.0 -9999.0 -9999.0 -9999.0 -9999.0 -9999.0 -9999.0 -9999.0 -9999.0 -9999.0 -9999.0 -9999.0 -9999.0 -9999.0 -9999.0 -9999.0 -9999.0 -9999.0 -9999.0 -9999.0 -9999.0 -9999.0 -9999.0 -9999.0 -9999.0 -9999.0 -9999.0 -9999.0 -9999.0 -9999.0 -9999.0 -9999.0 -9999.0 -9999.0 -9999.0 -9999.0 -9999.0 -9999.0 -9999.0 -9999.0
-9999.0 -9999.0 376.353528 280.294553 182.787080 84.702525 -13.613550 -112.019899 -210.455073 -308.869307 -407.209742 -505.370464 -603.121254 -700.014052 -797.003309 -893.849991 -990.406122 -1086.741956 -1180.091127 -1270.456860 -1355.299150 -1431.027212 -1494.789038 -1545.627198 -1584.374937 -1612.903905 -1633.377319 -1647.788326 -1657.776344 -1664.608744 -1669.230144 -1672.326456 -1674.385084 -1675.745832 -1676.642006 -1677.233757 -1677.638994 -1677.986976 -1678.630755 -1681.015517 -1689.182867 -1692.528509 -1208.471648 -1287.791933 -1255.681703 -1235.534317 -1226.248459 -1224.964166 -1224.831853 -1224.845780 -1224.880675 -1224.918100 -1224.954044 -1224.987315 -1225.018130 -1225.053416 -1225.160423 -1225.900357 -1230.728309 -1241.652077 -1257.080522 -1160.646098 -1663.671785 -1682.770352 -1679.690244 -1678.674922 -1678.485024 -1678.454568 -1678.450349 -1678.450384 -1678.451031 -1678.451648 -1678.452139 -1678.452517 -1678.452807 -1678.453032 -1678.453211 -1678.453357 -1678.453479 -1678.453588 -1678.453696 -1678.453816 -1678.453967 -1678.454176 -1678.454486 -1678.454960 -1678.455707 -1678.456904 -1678.458852 -1678.462084 -1678.467569 -1678.477133 -1678.494306 -1678.526076 -1678.586505 -1678.704514 -1678.941957 -1679.439940 -1680.547711 -1683.211853 -1690.363482 -1713.270259 -9999.0 -9999.0
-9999.0 -9999.0 376.360898 280.296427 182.787585 84.702675 -13.613502 -112.019882 -210.455067 -308.869305 -407.209742 -505.370464 -603.121253 -700.014052 -797.003309 -893.849991 -990.406122 -1086.741956 -1180.091127 -1270.456860 -1355.299150 -1431.027212 -1494.789038 -1545.627198 -1584.374937 -1612.903905 -1633.377319 -1647.788326 -1657.776344 -1664.608744 -1669.230144 -1672.326456 -1674.385084 -1675.745832 -1676.642006 -1677.233757 -1677.638994 -1677.986976 -1678.630755 -1681.015517 -1689.182867 -1692.528509 -1208.471648 -1287.791933 -1255.681702 -1235.534317 -1226.248459 -1224.964166 -1224.831853 -1224.845780 -1224.880675 -1224.918100 -1224.954044 -1224.987315 -1225.018130 -1225.053416 -1225.160423 -1225.900357 -1230.728309 -1241.652077 -1257.080522 -1160.646098 -1663.671785 -1682.770352 -1679.690244 -1678.674922 -1678.485024 -1678.454568 -1678.450349 -1678.450384 -1678.451031 -1678.451648 -1678.452139 -1678.452517 -1678.452807 -1678.453032 -1678.453211 -1678.453357 -1678.453479 -1678.453588 -1678.453696 -1678.453816 -1678.453967 -1678.454176 -1678.454486 -1678.454960 -1678.455707 -1678.456904 -1678.458852 -1678.462084 -1678.467569 -1678.477133 -1678.494306 -1678.526076 -1678.586505 -1678.704514 -1678.941957 -1679.439940 -1680.547711 -1683.211853 -1690.363482 -1713.270259 -9999.0 -9999.0
-9999.0 -9999.0 376.362411 280.297237 182.787908 84.702793 -13.613460 -112.019867 -210.455062 -308.869303 -407.209741 -505.370464 -603.121253 -700.014052 -797.003309 -893.849991 -990.406122 -1086.741956 -1180.091127 -1270.456860 -1355.299150 -1431.027212 -1494.789038 -1545.627198 -1584.374937 -1612.903905 -1633.377319 -1647.788326 -1657.776344 -1664.608744 -1669.230144 -1672.326456 -1674.385084 -1675.745832 -1676.642006 -1677.233757 -1677.638994 -1677.986976 -1678.630755 -1681.015517 -1689.182867 -1692.528509 -1208.471648 -1287.791933 -1255.681702 -1235.534317 -1226.248459 -1224.964166 -1224.831853 -1224.845780 -1224.880675 -1224.918100 -1224.954044 -1224.987315 -1225.018130 -1225.053416 -1225.160423 -1225.900357 -1230.728309 -1241.652077 -1257.080522 -1160.646098 -1663.671785 -1682.770352 -1679.690244 -1678.674922 -1678.485024 -1678.454568 -1678.450349 -1678.450384 -1678.451031 -1678.451648 -1678.452139 -1678.452517 -1678.452807 -1678.453032 -1678.453211 -1678.453357 -1678.453479 -1678.453588 -1678.453696 -1678.453816 -1678.453967 -1678.454176 -1678.454486 -1678.454960 -1678.455707 -1678.456904 -1678.458852 -1678.462084 -1678.467569 -1678.477133 -1678.494306 -1678.526076 -1678.586505 -1678.704514 -1678.941957 -1679.439940 -1680.547711 -1683.211853 -1690.363482 -1713.270259 -9999.0 -9999.0
-9999.0 -9999.0 376.362411 280.297237 182.787908 84.702793 -13.613460 -112.019867 -210.455062 -308.869303 -407.209741 -505.370464 -603.121253 -700.014052 -797.003309 -893.849991 -990.406122 -1086.741956 -1180.091127 -1270.456860 -1355.299150 -1431.027212 -1494.789038 -1545.627198 -1584.374937 -1612.903905 -1633.377319 -1647.788326 -1657.776344 -1664.608744 -1669.230144 -1672.326456 -1674.385084 -1675.745832 -1676.642006 -1677.233757 -1677.638994 -1677.986976 -1678.630755 -1681.015517 -1689.182867 -1692.528509 -1208.471648 -1287.791933 -1255.681702 -1235.534317 -1226.248459 -1224.964166 -1224.831853 -1224.845780 -1224.880675 -1224.918100 -1224.954044 -1224.987315 -1225.018130 -1225.053416 -1225.160423 -1225.900357 -1230.728309 -1241.652077 -1257.080522 -1160.646098 -1663.671785 -1682.770352 -1679.690244 -1678.674922 -1678.485024 -1678.454568 -1678.450349 -1678.450384 -1678.451031 -1678.451648 -1678.452139 -1678.452517 -1678.452807 -1678.453032 -1678.453211 -1678.453357 -1678.453479 -1678.453588 -1678.453696 -1678.453816 -1678.453967 -1678.454176 -1678.454486 -1678.454960 -1678.455707 -1678.456904 -1678.458852 -1678.462084 -1678.467569 -1678.477133 -1678.494306 -1678.526076 -1678.586505 -1678.704514 -1678.941957 -1679.439940 -1680.547711 -1683.211853 -1690.363482 -1713.270259 -9999.0 -9999.0
-9999.0 -9999.0 376.360898 280.296427 182.787585 84.702675 -13.613502 -112.019882 -210.455067 -308.869305 -407.209741 -505.370464 -603.121253 -700.014052 -797.003309 -893.849991 -990.406122 -1086.741956 -1180.091127 -1270.456860 -1355.299150 -1431.027212 -1494.789038 -1545.627198 -1584.374937 -1612.903905 -1633.377319 -1647.788326 -1657.776344 -1664.608744 -1669.230144 -1672.326456 -1674.385084 -1675.745832 -1676.642006 -1677.233757 -1677.638994 -1677.986976 -1678.630755 -1681.015517 -1689.182867 -1692.528509 -1208.471648 -1287.791933 -1255.681702 -1235.534317 -1226.248459 -1224.964166 -1224.831853 -1224.845780 -1224.880675 -1224.918100 -1224.954044 -1224.987315 -1225.018130 -1225.053416 -1225.160423 -1225.900357 -1230.728309 -1241.652077 -1257.080522 -1160.646098 -1663.671785 -1682.770352 -1679.690244 -1678.674922 -1678.485024 -1678.454568 -1678.450349 -1678.450384 -1678.451031 -1678.451648 -1678.452139 -1678.452517 -1678.452807 -1678.453032 -1678.453211 -1678.453357 -1678.453479 -1678.453588 -1678.453696 -1678.453816 -1678.453967 -1678.454176 -1678.454486 -1678.454960 -1678.455707 -1678.456904 -1678.458852 -1678.462084 -1678.467569 -1678.477133 -1678.494306 -1678.526076 -1678.586505 -1678.704514 -1678.941957 -1679.439940 -1680.547711 -1683.211853 -1690.363482 -1713.270259 -9999.0 -9999.0
-9999.0 -9999.0 376.353528 280.294553 182.787080 84.702525 -13.613550 -112.019899 -210.455073 -308.869307 -407.209742 -505.370464 -603.121254 -700.014052 -797.003309 -893.849991 -990.406122 -1086.741956 -1180.091127 -1270.456860 -1355.299150 -1431.027212 -1494.789038 -1545.627198 -1584.374937 -1612.903905 -1633.377319 -1647.788326 -1657.776344 -1664.608744 -1669.230144 -1672.326456 -1674.385084 -1675.745832 -1676.642006 -1677.233757 -1677.638994 -1677.986976 -1678.630755 -1681.015517 -1689.182867 -1692.528509 -1208.471648 -1287.791933 -1255.681703 -1235.534317 -1226.248459 -1224.964166 -1224.831853 -1224.845780 -1224.880675 -1224.918100 -1224.954044 -1224.987315 -1225.018130 -1225.053416 -1225.160423 -1225.900357 -1230.728309 -1241.652077 -1257.080522 -1160.646098 -1663.671785 -1682.770352 -1679.690244 -1678.674922 -1678.485024 -1678.454568 -1678.450349 -1678.450384 -1678.451031 -1678.451648 -1678.452139 -1678.452517 -1678.452807 -1678.453032 -1678.453211 -1678.453357 -1678.453479 -1678.453588 -1678.453696 -1678.453816 -1678.453967 -1678.454176 -1678.454486 -1678.454960 -1678.455707 -1678.456904 -1678.458852 -1678.462084 -1678.467569 -1678.477133 -1678.494306 -1678.526076 -1678.586505 -1678.704514 -1678.941957 -1679.439940 -1680.547711 -1683.211853 -1690.363482 -1713.270259 -9999.0 -9999.0
-9999.0 -9999.0 -9999.0 -9999.0 -9999.0 -9999.0 -9999.0 -9999.0 -9999.0 -9999.0 -9999.0 -9999.0 -9999.0 -9999.0 -9999.0 -9999.0 -9999.0 -9999.0 -9999.0 -9999.0 -9999.0 -9999.0 -9999.0 -9999.0 -9999.0 -9999.0 -9999.0 -9999.0 -9999.0 -9999.0 -9999.0 -9999.0 -9999.0 -9999.0 -9999.0 -9999.0 -9999.0 -9999.0 -9999.0 -9999.0 -9999.0 -9999.0 -9999.0 -9999.0 -9999.0 -9999.0 -9999.0 -9999.0 -9999.0 -9999.0 -9999.0 -9999.0 -9999.0 -9999.0 -9999.0 -9999.0 -9999.0 -9999.0 -9999.0 -9999.0 -9999.0 -9999.0 -9999.0 -9999.0 -9999.0 -9999.0 -9999.0 -9999.0 -9999.0 -9999.0 -9999.0 -9999.0 -9999.0 -9999.0 -9999.0 -9999.0 -9999.0 -9999.0 -9999.0 -9999.0 -9999.0 -9999.0 -9999.0 -9999.0 -9999.0 -9999.0 -9999.0 -9999.0 -9999.0 -9999.0 -9999.0 -9999.0 -9999.0 -9999.0 -9999.0 -9999.0 -9999.0 -9999.0 -9999.0 -9999.0 -9999.0 -9999.0 -9999.0 -9999.0
-9999.0 -9999.0 -9999.0 -9999.0 -9999.0 -9999.0 -9999.0 -9999.0 -9999.0 -9999.0 -9999.0 -9999.0 -9999.0 -9999.0 -9999.0 -9999.0 -9999.0 -9999.0 -9999.0 -9999.0 -9999.0 -9999.0 -9999.0 -9999.0 -9999.0 -9999.0 -9999.0 -9999.0 -9999.0 -9999.0 -9999.0 -9999.0 -9999.0 -9999.0 -9999.0 -9999.0 -9999.0 -9999.0 -9999.0 -9999.0 -9999.0 -9999.0 -9999.0 -9999.0 -9999.0 -9999.0 -9999.0 -9999.0 -9999.0 -9999.0 -9999.0 -9999.0 -9999.0 -9999.0 -9999.0 -9999.0 -9999.0 -9999.0 -9999.0 -9999.0 -9999.0 -9999.0 -9999.0 -9999.0 -9999.0 -9999.0 -9999.0 -9999.0 -9999.0 -9999.0 -9999.0 -9999.0 -9999.0 -9999.0 -9999.0 -9999.0 -9999.0 -9999.0 -9999.0 -9999.0 -9999.0 -9999.0 -9999.0 -9999.0 -9999.0 -9999.0 -9999.0 -9999.0 -9999.0 -9999.0 -9999.0 -9999.0 -9999.0 -9999.0 -9999.0 -9999.0 -9999.0 -9999.0 -9999.0 -9999.0 -9999.0 -9999.0 -9999.0 -9999.0