inst/processing_geotop_simulation/geotop_simulation/out/maps3D/PwL0006N0384.asc
ncols         104
nrows         10
xllcorner     -2.000000
yllcorner     0.000000
cellsize      1.000000
NODATA_value  -9999.0
-9999.0 -9999.0 -9999.0 -9999.0 -9999.0 -9999.0 -9999.0 -9999.0 -9999.0 -9999.0 -9999.0 -9999.0 -9999.0 -9999.0 -9999.0 -9999.0 -9999.0 -9999.0 -9999.0 -9999.0 -9999.0 -9999.0 -9999.0 -9999.0 -9999.0 -9999.0 -9999.0 -9999.0 -9999.0 -9999.0 -9999.0 -9999.0 -9999.0 -9999.0 -9999.0 -9999.0 -9999.0 -9999.0 -9999.0 -9999.0 -9999.0 -9999.0 -9999.0 -9999.0 -9999.0 -9999.0 -9999.0 -9999.0 -9999.0 -9999.0 -9999.0 -9999.0 -9999.0 -9999.0 -9999.0 -9999.0 -9999.0 -9999.0 -9999.0 -9999.0 -9999.0 -9999.0 -9999.0 -9999.0 -9999.0 -9999.0 -9999.0 -9999.0 -9999.0 -9999.0 -9999.0 -9999.0 -9999.0 -9999.0 -9999.0 -9999.0 -9999.0 -9999.0 -9999.0 -9999.0 -9999.0 -9999.0 -9999.0 -9999.0 -9999.0 -9999.0 -9999.0 -9999.0 -9999.0 -9999.0 -9999.0 -9999.0 -9999.0 -9999.0 -9999.0 -9999.0 -9999.0 -9999.0 -9999.0 -9999.0 -9999.0 -9999.0 -9999.0 -9999.0
-9999.0 -9999.0 -9999.0 -9999.0 -9999.0 -9999.0 -9999.0 -9999.0 -9999.0 -9999.0 -9999.0 -9999.0 -9999.0 -9999.0 -9999.0 -9999.0 -9999.0 -9999.0 -9999.0 -9999.0 -9999.0 -9999.0 -9999.0 -9999.0 -9999.0 -9999.0 -9999.0 -9999.0 -9999.0 -9999.0 -9999.0 -9999.0 -9999.0 -9999.0 -9999.0 -9999.0 -9999.0 -9999.0 -9999.0 -9999.0 -9999.0 -9999.0 -9999.0 -9999.0 -9999.0 -9999.0 -9999.0 -9999.0 -9999.0 -9999.0 -9999.0 -9999.0 -9999.0 -9999.0 -9999.0 -9999.0 -9999.0 -9999.0 -9999.0 -9999.0 -9999.0 -9999.0 -9999.0 -9999.0 -9999.0 -9999.0 -9999.0 -9999.0 -9999.0 -9999.0 -9999.0 -9999.0 -9999.0 -9999.0 -9999.0 -9999.0 -9999.0 -9999.0 -9999.0 -9999.0 -9999.0 -9999.0 -9999.0 -9999.0 -9999.0 -9999.0 -9999.0 -9999.0 -9999.0 -9999.0 -9999.0 -9999.0 -9999.0 -9999.0 -9999.0 -9999.0 -9999.0 -9999.0 -9999.0 -9999.0 -9999.0 -9999.0 -9999.0 -9999.0
-9999.0 -9999.0 274.436097 176.518684 77.727535 -21.356609 -120.553714 -219.796927 -319.051588 -418.293331 -517.495753 -616.602646 -715.503310 -814.330988 -913.062145 -1011.768999 -1110.410999 -1208.353870 -1305.388892 -1400.787663 -1493.165221 -1580.123866 -1658.590809 -1725.965625 -1781.071810 -1824.274188 -1856.995598 -1881.112890 -1898.512192 -1910.853693 -1919.489740 -1925.467628 -1929.569990 -1932.366404 -1934.263555 -1935.550163 -1936.442110 -1937.161447 -1938.171335 -1940.650516 -1943.667298 -1898.636196 -1205.008377 -1229.790682 -1213.402670 -1202.523778 -1197.438080 -1196.668743 -1196.586084 -1196.593261 -1196.613289 -1196.634885 -1196.655648 -1196.674880 -1196.692780 -1196.714035 -1196.782526 -1197.241547 -1199.942260 -1205.931215 -1213.379427 -1177.405966 -1870.762183 -1937.207705 -1939.241082 -1938.524091 -1938.306871 -1938.264565 -1938.257789 -1938.257188 -1938.257552 -1938.257986 -1938.258348 -1938.258632 -1938.258854 -1938.259029 -1938.259171 -1938.259289 -1938.259390 -1938.259483 -1938.259576 -1938.259679 -1938.259806 -1938.259979 -1938.260229 -1938.260607 -1938.261196 -1938.262133 -1938.263658 -1938.266193 -1938.270518 -1938.278112 -1938.291859 -1938.317516 -1938.366827 -1938.464553 -1938.665670 -1939.101262 -1940.110928 -1942.666138 -1949.937393 -1974.028491 -9999.0 -9999.0
-9999.0 -9999.0 274.443826 176.520458 77.727998 -21.356473 -120.553671 -219.796912 -319.051582 -418.293329 -517.495752 -616.602646 -715.503309 -814.330988 -913.062145 -1011.768999 -1110.410999 -1208.353871 -1305.388892 -1400.787664 -1493.165221 -1580.123866 -1658.590809 -1725.965625 -1781.071810 -1824.274188 -1856.995599 -1881.112890 -1898.512192 -1910.853693 -1919.489740 -1925.467628 -1929.569990 -1932.366404 -1934.263555 -1935.550163 -1936.442110 -1937.161447 -1938.171335 -1940.650515 -1943.667298 -1898.636196 -1205.008377 -1229.790682 -1213.402670 -1202.523778 -1197.438080 -1196.668743 -1196.586084 -1196.593261 -1196.613289 -1196.634885 -1196.655648 -1196.674880 -1196.692780 -1196.714035 -1196.782526 -1197.241547 -1199.942260 -1205.931215 -1213.379427 -1177.405966 -1870.762183 -1937.207705 -1939.241082 -1938.524091 -1938.306871 -1938.264565 -1938.257789 -1938.257188 -1938.257552 -1938.257986 -1938.258348 -1938.258632 -1938.258854 -1938.259029 -1938.259171 -1938.259289 -1938.259390 -1938.259483 -1938.259576 -1938.259679 -1938.259806 -1938.259979 -1938.260229 -1938.260607 -1938.261196 -1938.262133 -1938.263658 -1938.266193 -1938.270518 -1938.278112 -1938.291859 -1938.317516 -1938.366827 -1938.464553 -1938.665670 -1939.101262 -1940.110928 -1942.666138 -1949.937393 -1974.028491 -9999.0 -9999.0
-9999.0 -9999.0 274.445165 176.521201 77.728293 -21.356365 -120.553632 -219.796899 -319.051577 -418.293327 -517.495751 -616.602645 -715.503309 -814.330988 -913.062145 -1011.768999 -1110.410999 -1208.353871 -1305.388893 -1400.787664 -1493.165221 -1580.123867 -1658.590809 -1725.965625 -1781.071810 -1824.274188 -1856.995599 -1881.112890 -1898.512192 -1910.853693 -1919.489740 -1925.467628 -1929.569990 -1932.366404 -1934.263555 -1935.550163 -1936.442110 -1937.161447 -1938.171335 -1940.650515 -1943.667298 -1898.636196 -1205.008377 -1229.790682 -1213.402669 -1202.523778 -1197.438080 -1196.668743 -1196.586084 -1196.593261 -1196.613289 -1196.634885 -1196.655648 -1196.674880 -1196.692780 -1196.714035 -1196.782526 -1197.241547 -1199.942260 -1205.931215 -1213.379427 -1177.405966 -1870.762183 -1937.207705 -1939.241082 -1938.524091 -1938.306871 -1938.264565 -1938.257789 -1938.257188 -1938.257552 -1938.257986 -1938.258348 -1938.258632 -1938.258854 -1938.259029 -1938.259171 -1938.259289 -1938.259390 -1938.259483 -1938.259576 -1938.259679 -1938.259806 -1938.259979 -1938.260229 -1938.260607 -1938.261196 -1938.262133 -1938.263658 -1938.266193 -1938.270518 -1938.278112 -1938.291859 -1938.317516 -1938.366827 -1938.464553 -1938.665670 -1939.101262 -1940.110928 -1942.666138 -1949.937393 -1974.028491 -9999.0 -9999.0
-9999.0 -9999.0 274.445165 176.521201 77.728293 -21.356365 -120.553632 -219.796899 -319.051577 -418.293327 -517.495751 -616.602645 -715.503309 -814.330988 -913.062145 -1011.768999 -1110.410999 -1208.353871 -1305.388892 -1400.787664 -1493.165221 -1580.123867 -1658.590809 -1725.965625 -1781.071810 -1824.274188 -1856.995599 -1881.112890 -1898.512192 -1910.853693 -1919.489740 -1925.467628 -1929.569990 -1932.366404 -1934.263555 -1935.550163 -1936.442110 -1937.161447 -1938.171335 -1940.650515 -1943.667298 -1898.636196 -1205.008377 -1229.790682 -1213.402669 -1202.523778 -1197.438080 -1196.668743 -1196.586084 -1196.593261 -1196.613289 -1196.634885 -1196.655648 -1196.674880 -1196.692780 -1196.714035 -1196.782526 -1197.241547 -1199.942260 -1205.931215 -1213.379427 -1177.405966 -1870.762183 -1937.207705 -1939.241082 -1938.524091 -1938.306871 -1938.264565 -1938.257789 -1938.257188 -1938.257552 -1938.257986 -1938.258348 -1938.258632 -1938.258854 -1938.259029 -1938.259171 -1938.259289 -1938.259390 -1938.259483 -1938.259576 -1938.259679 -1938.259806 -1938.259979 -1938.260229 -1938.260607 -1938.261196 -1938.262133 -1938.263658 -1938.266193 -1938.270518 -1938.278112 -1938.291859 -1938.317516 -1938.366827 -1938.464553 -1938.665670 -1939.101262 -1940.110928 -1942.666138 -1949.937393 -1974.028491 -9999.0 -9999.0
-9999.0 -9999.0 274.443826 176.520458 77.727998 -21.356473 -120.553671 -219.796912 -319.051582 -418.293329 -517.495752 -616.602646 -715.503309 -814.330988 -913.062145 -1011.768999 -1110.410999 -1208.353870 -1305.388892 -1400.787664 -1493.165221 -1580.123866 -1658.590809 -1725.965625 -1781.071810 -1824.274188 -1856.995599 -1881.112890 -1898.512192 -1910.853693 -1919.489740 -1925.467628 -1929.569990 -1932.366404 -1934.263555 -1935.550163 -1936.442110 -1937.161447 -1938.171335 -1940.650515 -1943.667298 -1898.636196 -1205.008377 -1229.790682 -1213.402670 -1202.523778 -1197.438080 -1196.668743 -1196.586084 -1196.593261 -1196.613289 -1196.634885 -1196.655648 -1196.674880 -1196.692780 -1196.714035 -1196.782526 -1197.241547 -1199.942260 -1205.931215 -1213.379427 -1177.405966 -1870.762183 -1937.207705 -1939.241082 -1938.524091 -1938.306871 -1938.264565 -1938.257789 -1938.257188 -1938.257552 -1938.257986 -1938.258348 -1938.258632 -1938.258854 -1938.259029 -1938.259171 -1938.259289 -1938.259390 -1938.259483 -1938.259576 -1938.259679 -1938.259806 -1938.259979 -1938.260229 -1938.260607 -1938.261196 -1938.262133 -1938.263658 -1938.266193 -1938.270518 -1938.278112 -1938.291859 -1938.317516 -1938.366827 -1938.464553 -1938.665670 -1939.101262 -1940.110928 -1942.666138 -1949.937393 -1974.028491 -9999.0 -9999.0
-9999.0 -9999.0 274.436097 176.518684 77.727535 -21.356609 -120.553714 -219.796927 -319.051588 -418.293331 -517.495753 -616.602646 -715.503310 -814.330988 -913.062145 -1011.768999 -1110.410999 -1208.353870 -1305.388892 -1400.787663 -1493.165221 -1580.123866 -1658.590809 -1725.965625 -1781.071810 -1824.274188 -1856.995598 -1881.112890 -1898.512192 -1910.853693 -1919.489740 -1925.467628 -1929.569990 -1932.366404 -1934.263555 -1935.550163 -1936.442110 -1937.161447 -1938.171335 -1940.650516 -1943.667298 -1898.636196 -1205.008377 -1229.790682 -1213.402670 -1202.523778 -1197.438080 -1196.668743 -1196.586084 -1196.593261 -1196.613289 -1196.634885 -1196.655648 -1196.674880 -1196.692780 -1196.714035 -1196.782526 -1197.241547 -1199.942260 -1205.931215 -1213.379427 -1177.405966 -1870.762183 -1937.207705 -1939.241082 -1938.524091 -1938.306871 -1938.264565 -1938.257789 -1938.257188 -1938.257552 -1938.257986 -1938.258348 -1938.258632 -1938.258854 -1938.259029 -1938.259171 -1938.259289 -1938.259390 -1938.259483 -1938.259576 -1938.259679 -1938.259806 -1938.259979 -1938.260229 -1938.260607 -1938.261196 -1938.262133 -1938.263658 -1938.266193 -1938.270518 -1938.278112 -1938.291859 -1938.317516 -1938.366827 -1938.464553 -1938.665670 -1939.101262 -1940.110928 -1942.666138 -1949.937393 -1974.028491 -9999.0 -9999.0
-9999.0 -9999.0 -9999.0 -9999.0 -9999.0 -9999.0 -9999.0 -9999.0 -9999.0 -9999.0 -9999.0 -9999.0 -9999.0 -9999.0 -9999.0 -9999.0 -9999.0 -9999.0 -9999.0 -9999.0 -9999.0 -9999.0 -9999.0 -9999.0 -9999.0 -9999.0 -9999.0 -9999.0 -9999.0 -9999.0 -9999.0 -9999.0 -9999.0 -9999.0 -9999.0 -9999.0 -9999.0 -9999.0 -9999.0 -9999.0 -9999.0 -9999.0 -9999.0 -9999.0 -9999.0 -9999.0 -9999.0 -9999.0 -9999.0 -9999.0 -9999.0 -9999.0 -9999.0 -9999.0 -9999.0 -9999.0 -9999.0 -9999.0 -9999.0 -9999.0 -9999.0 -9999.0 -9999.0 -9999.0 -9999.0 -9999.0 -9999.0 -9999.0 -9999.0 -9999.0 -9999.0 -9999.0 -9999.0 -9999.0 -9999.0 -9999.0 -9999.0 -9999.0 -9999.0 -9999.0 -9999.0 -9999.0 -9999.0 -9999.0 -9999.0 -9999.0 -9999.0 -9999.0 -9999.0 -9999.0 -9999.0 -9999.0 -9999.0 -9999.0 -9999.0 -9999.0 -9999.0 -9999.0 -9999.0 -9999.0 -9999.0 -9999.0 -9999.0 -9999.0
-9999.0 -9999.0 -9999.0 -9999.0 -9999.0 -9999.0 -9999.0 -9999.0 -9999.0 -9999.0 -9999.0 -9999.0 -9999.0 -9999.0 -9999.0 -9999.0 -9999.0 -9999.0 -9999.0 -9999.0 -9999.0 -9999.0 -9999.0 -9999.0 -9999.0 -9999.0 -9999.0 -9999.0 -9999.0 -9999.0 -9999.0 -9999.0 -9999.0 -9999.0 -9999.0 -9999.0 -9999.0 -9999.0 -9999.0 -9999.0 -9999.0 -9999.0 -9999.0 -9999.0 -9999.0 -9999.0 -9999.0 -9999.0 -9999.0 -9999.0 -9999.0 -9999.0 -9999.0 -9999.0 -9999.0 -9999.0 -9999.0 -9999.0 -9999.0 -9999.0 -9999.0 -9999.0 -9999.0 -9999.0 -9999.0 -9999.0 -9999.0 -9999.0 -9999.0 -9999.0 -9999.0 -9999.0 -9999.0 -9999.0 -9999.0 -9999.0 -9999.0 -9999.0 -9999.0 -9999.0 -9999.0 -9999.0 -9999.0 -9999.0 -9999.0 -9999.0 -9999.0 -9999.0 -9999.0 -9999.0 -9999.0 -9999.0 -9999.0 -9999.0 -9999.0 -9999.0 -9999.0 -9999.0 -9999.0 -9999.0 -9999.0 -9999.0 -9999.0 -9999.0