inst/processing_geotop_simulation/geotop_simulation/out/maps3D/PwL0015N0453.asc
ncols         104
nrows         10
xllcorner     -2.000000
yllcorner     0.000000
cellsize      1.000000
NODATA_value  -9999.0
-9999.0 -9999.0 -9999.0 -9999.0 -9999.0 -9999.0 -9999.0 -9999.0 -9999.0 -9999.0 -9999.0 -9999.0 -9999.0 -9999.0 -9999.0 -9999.0 -9999.0 -9999.0 -9999.0 -9999.0 -9999.0 -9999.0 -9999.0 -9999.0 -9999.0 -9999.0 -9999.0 -9999.0 -9999.0 -9999.0 -9999.0 -9999.0 -9999.0 -9999.0 -9999.0 -9999.0 -9999.0 -9999.0 -9999.0 -9999.0 -9999.0 -9999.0 -9999.0 -9999.0 -9999.0 -9999.0 -9999.0 -9999.0 -9999.0 -9999.0 -9999.0 -9999.0 -9999.0 -9999.0 -9999.0 -9999.0 -9999.0 -9999.0 -9999.0 -9999.0 -9999.0 -9999.0 -9999.0 -9999.0 -9999.0 -9999.0 -9999.0 -9999.0 -9999.0 -9999.0 -9999.0 -9999.0 -9999.0 -9999.0 -9999.0 -9999.0 -9999.0 -9999.0 -9999.0 -9999.0 -9999.0 -9999.0 -9999.0 -9999.0 -9999.0 -9999.0 -9999.0 -9999.0 -9999.0 -9999.0 -9999.0 -9999.0 -9999.0 -9999.0 -9999.0 -9999.0 -9999.0 -9999.0 -9999.0 -9999.0 -9999.0 -9999.0 -9999.0 -9999.0
-9999.0 -9999.0 -9999.0 -9999.0 -9999.0 -9999.0 -9999.0 -9999.0 -9999.0 -9999.0 -9999.0 -9999.0 -9999.0 -9999.0 -9999.0 -9999.0 -9999.0 -9999.0 -9999.0 -9999.0 -9999.0 -9999.0 -9999.0 -9999.0 -9999.0 -9999.0 -9999.0 -9999.0 -9999.0 -9999.0 -9999.0 -9999.0 -9999.0 -9999.0 -9999.0 -9999.0 -9999.0 -9999.0 -9999.0 -9999.0 -9999.0 -9999.0 -9999.0 -9999.0 -9999.0 -9999.0 -9999.0 -9999.0 -9999.0 -9999.0 -9999.0 -9999.0 -9999.0 -9999.0 -9999.0 -9999.0 -9999.0 -9999.0 -9999.0 -9999.0 -9999.0 -9999.0 -9999.0 -9999.0 -9999.0 -9999.0 -9999.0 -9999.0 -9999.0 -9999.0 -9999.0 -9999.0 -9999.0 -9999.0 -9999.0 -9999.0 -9999.0 -9999.0 -9999.0 -9999.0 -9999.0 -9999.0 -9999.0 -9999.0 -9999.0 -9999.0 -9999.0 -9999.0 -9999.0 -9999.0 -9999.0 -9999.0 -9999.0 -9999.0 -9999.0 -9999.0 -9999.0 -9999.0 -9999.0 -9999.0 -9999.0 -9999.0 -9999.0 -9999.0
-9999.0 -9999.0 720.218067 621.222157 522.032216 422.698249 323.295612 223.863558 124.422003 24.981806 -74.448775 -173.867869 -273.270427 -372.642553 -471.960997 -571.189922 -670.264970 -769.248574 -868.228502 -967.063189 -1065.679811 -1163.222804 -1257.955386 -1348.428950 -1432.429161 -1507.853957 -1573.169347 -1627.697294 -1671.659628 -1706.002961 -1732.108683 -1751.504057 -1765.647776 -1775.809058 -1783.024452 -1788.106809 -1791.691698 -1794.345121 -1796.838343 -1800.612233 -1806.387024 -1802.415913 -1803.295959 -4073.355148 -4091.731744 -3954.735358 -3864.453408 -3851.057924 -3849.674548 -3849.813503 -3850.168176 -3850.548224 -3850.912796 -3851.249909 -3851.561600 -3851.917222 -3852.997441 -3860.555288 -3909.582750 -4003.178815 -3875.091860 -1605.880138 -1760.211303 -1798.577863 -1800.574199 -1799.902099 -1799.648613 -1799.591780 -1799.581592 -1799.580324 -1799.580562 -1799.580984 -1799.581370 -1799.581698 -1799.581976 -1799.582218 -1799.582435 -1799.582634 -1799.582823 -1799.583008 -1799.583197 -1799.583399 -1799.583627 -1799.583900 -1799.584246 -1799.584711 -1799.585368 -1799.586343 -1799.587851 -1799.590279 -1799.594344 -1799.601418 -1799.614202 -1799.638153 -1799.684649 -1799.778473 -1799.976909 -1800.421926 -1801.492351 -1804.288731 -1812.347790 -1838.350004 -9999.0 -9999.0
-9999.0 -9999.0 720.221805 621.223405 522.032595 422.698369 323.295651 223.863571 124.422008 24.981808 -74.448774 -173.867869 -273.270427 -372.642553 -471.960997 -571.189922 -670.264970 -769.248575 -868.228502 -967.063189 -1065.679811 -1163.222804 -1257.955386 -1348.428950 -1432.429162 -1507.853957 -1573.169347 -1627.697294 -1671.659628 -1706.002961 -1732.108683 -1751.504057 -1765.647776 -1775.809058 -1783.024451 -1788.106808 -1791.691698 -1794.345121 -1796.838343 -1800.612233 -1806.387024 -1802.415913 -1803.295958 -4073.355147 -4091.731743 -3954.735353 -3864.453409 -3851.057924 -3849.674547 -3849.813503 -3850.168176 -3850.548224 -3850.912796 -3851.249909 -3851.561600 -3851.917222 -3852.997441 -3860.555288 -3909.582750 -4003.178815 -3875.091860 -1605.880138 -1760.211303 -1798.577863 -1800.574199 -1799.902099 -1799.648613 -1799.591780 -1799.581592 -1799.580324 -1799.580562 -1799.580984 -1799.581370 -1799.581698 -1799.581976 -1799.582218 -1799.582435 -1799.582634 -1799.582823 -1799.583008 -1799.583197 -1799.583399 -1799.583627 -1799.583900 -1799.584246 -1799.584711 -1799.585368 -1799.586343 -1799.587851 -1799.590279 -1799.594343 -1799.601418 -1799.614201 -1799.638153 -1799.684649 -1799.778472 -1799.976909 -1800.421926 -1801.492351 -1804.288731 -1812.347790 -1838.350004 -9999.0 -9999.0
-9999.0 -9999.0 720.222982 621.224023 522.032849 422.698464 323.295686 223.863584 124.422012 24.981810 -74.448773 -173.867868 -273.270426 -372.642553 -471.960997 -571.189922 -670.264970 -769.248575 -868.228503 -967.063189 -1065.679811 -1163.222805 -1257.955386 -1348.428950 -1432.429162 -1507.853957 -1573.169347 -1627.697294 -1671.659628 -1706.002961 -1732.108683 -1751.504057 -1765.647776 -1775.809058 -1783.024452 -1788.106808 -1791.691698 -1794.345121 -1796.838343 -1800.612233 -1806.387024 -1802.415913 -1803.295958 -4073.355147 -4091.731742 -3954.735351 -3864.453408 -3851.057924 -3849.674547 -3849.813503 -3850.168176 -3850.548224 -3850.912796 -3851.249909 -3851.561600 -3851.917222 -3852.997441 -3860.555288 -3909.582750 -4003.178815 -3875.091860 -1605.880138 -1760.211302 -1798.577863 -1800.574199 -1799.902099 -1799.648613 -1799.591780 -1799.581592 -1799.580324 -1799.580562 -1799.580984 -1799.581370 -1799.581698 -1799.581976 -1799.582218 -1799.582435 -1799.582634 -1799.582823 -1799.583008 -1799.583197 -1799.583399 -1799.583627 -1799.583900 -1799.584246 -1799.584711 -1799.585368 -1799.586343 -1799.587851 -1799.590279 -1799.594343 -1799.601418 -1799.614201 -1799.638153 -1799.684649 -1799.778472 -1799.976909 -1800.421926 -1801.492351 -1804.288731 -1812.347790 -1838.350004 -9999.0 -9999.0
-9999.0 -9999.0 720.222982 621.224023 522.032849 422.698464 323.295686 223.863584 124.422012 24.981810 -74.448773 -173.867868 -273.270426 -372.642553 -471.960997 -571.189922 -670.264970 -769.248575 -868.228503 -967.063189 -1065.679811 -1163.222805 -1257.955386 -1348.428950 -1432.429162 -1507.853957 -1573.169347 -1627.697294 -1671.659628 -1706.002961 -1732.108683 -1751.504057 -1765.647776 -1775.809058 -1783.024452 -1788.106808 -1791.691698 -1794.345121 -1796.838343 -1800.612233 -1806.387024 -1802.415913 -1803.295958 -4073.355147 -4091.731742 -3954.735351 -3864.453408 -3851.057924 -3849.674547 -3849.813503 -3850.168176 -3850.548224 -3850.912796 -3851.249909 -3851.561600 -3851.917222 -3852.997441 -3860.555288 -3909.582750 -4003.178815 -3875.091860 -1605.880138 -1760.211302 -1798.577863 -1800.574199 -1799.902099 -1799.648613 -1799.591780 -1799.581592 -1799.580324 -1799.580562 -1799.580984 -1799.581370 -1799.581698 -1799.581976 -1799.582218 -1799.582435 -1799.582634 -1799.582823 -1799.583008 -1799.583197 -1799.583399 -1799.583627 -1799.583900 -1799.584246 -1799.584711 -1799.585368 -1799.586343 -1799.587851 -1799.590279 -1799.594343 -1799.601418 -1799.614201 -1799.638153 -1799.684649 -1799.778472 -1799.976909 -1800.421926 -1801.492351 -1804.288731 -1812.347790 -1838.350004 -9999.0 -9999.0
-9999.0 -9999.0 720.221805 621.223405 522.032595 422.698369 323.295651 223.863571 124.422008 24.981808 -74.448774 -173.867869 -273.270427 -372.642553 -471.960997 -571.189922 -670.264970 -769.248574 -868.228502 -967.063189 -1065.679811 -1163.222804 -1257.955386 -1348.428950 -1432.429162 -1507.853957 -1573.169347 -1627.697294 -1671.659628 -1706.002961 -1732.108683 -1751.504057 -1765.647776 -1775.809058 -1783.024451 -1788.106808 -1791.691698 -1794.345121 -1796.838343 -1800.612233 -1806.387024 -1802.415913 -1803.295958 -4073.355147 -4091.731743 -3954.735353 -3864.453409 -3851.057924 -3849.674547 -3849.813503 -3850.168176 -3850.548224 -3850.912796 -3851.249909 -3851.561600 -3851.917222 -3852.997441 -3860.555288 -3909.582750 -4003.178815 -3875.091860 -1605.880138 -1760.211303 -1798.577863 -1800.574199 -1799.902099 -1799.648613 -1799.591780 -1799.581592 -1799.580324 -1799.580562 -1799.580984 -1799.581370 -1799.581698 -1799.581976 -1799.582218 -1799.582435 -1799.582634 -1799.582823 -1799.583008 -1799.583197 -1799.583399 -1799.583627 -1799.583900 -1799.584246 -1799.584711 -1799.585368 -1799.586343 -1799.587851 -1799.590279 -1799.594343 -1799.601418 -1799.614201 -1799.638153 -1799.684649 -1799.778472 -1799.976909 -1800.421926 -1801.492351 -1804.288731 -1812.347790 -1838.350004 -9999.0 -9999.0
-9999.0 -9999.0 720.218067 621.222157 522.032216 422.698249 323.295612 223.863558 124.422003 24.981806 -74.448775 -173.867869 -273.270427 -372.642553 -471.960997 -571.189922 -670.264970 -769.248574 -868.228502 -967.063189 -1065.679811 -1163.222804 -1257.955386 -1348.428950 -1432.429161 -1507.853957 -1573.169347 -1627.697294 -1671.659628 -1706.002961 -1732.108683 -1751.504057 -1765.647776 -1775.809058 -1783.024452 -1788.106809 -1791.691698 -1794.345121 -1796.838343 -1800.612233 -1806.387024 -1802.415913 -1803.295959 -4073.355148 -4091.731744 -3954.735358 -3864.453408 -3851.057924 -3849.674548 -3849.813503 -3850.168176 -3850.548224 -3850.912796 -3851.249909 -3851.561600 -3851.917222 -3852.997441 -3860.555288 -3909.582750 -4003.178815 -3875.091860 -1605.880138 -1760.211303 -1798.577863 -1800.574199 -1799.902099 -1799.648613 -1799.591780 -1799.581592 -1799.580324 -1799.580562 -1799.580984 -1799.581370 -1799.581698 -1799.581976 -1799.582218 -1799.582435 -1799.582634 -1799.582823 -1799.583008 -1799.583197 -1799.583399 -1799.583627 -1799.583900 -1799.584246 -1799.584711 -1799.585368 -1799.586343 -1799.587851 -1799.590279 -1799.594344 -1799.601418 -1799.614202 -1799.638153 -1799.684649 -1799.778473 -1799.976909 -1800.421926 -1801.492351 -1804.288731 -1812.347790 -1838.350004 -9999.0 -9999.0
-9999.0 -9999.0 -9999.0 -9999.0 -9999.0 -9999.0 -9999.0 -9999.0 -9999.0 -9999.0 -9999.0 -9999.0 -9999.0 -9999.0 -9999.0 -9999.0 -9999.0 -9999.0 -9999.0 -9999.0 -9999.0 -9999.0 -9999.0 -9999.0 -9999.0 -9999.0 -9999.0 -9999.0 -9999.0 -9999.0 -9999.0 -9999.0 -9999.0 -9999.0 -9999.0 -9999.0 -9999.0 -9999.0 -9999.0 -9999.0 -9999.0 -9999.0 -9999.0 -9999.0 -9999.0 -9999.0 -9999.0 -9999.0 -9999.0 -9999.0 -9999.0 -9999.0 -9999.0 -9999.0 -9999.0 -9999.0 -9999.0 -9999.0 -9999.0 -9999.0 -9999.0 -9999.0 -9999.0 -9999.0 -9999.0 -9999.0 -9999.0 -9999.0 -9999.0 -9999.0 -9999.0 -9999.0 -9999.0 -9999.0 -9999.0 -9999.0 -9999.0 -9999.0 -9999.0 -9999.0 -9999.0 -9999.0 -9999.0 -9999.0 -9999.0 -9999.0 -9999.0 -9999.0 -9999.0 -9999.0 -9999.0 -9999.0 -9999.0 -9999.0 -9999.0 -9999.0 -9999.0 -9999.0 -9999.0 -9999.0 -9999.0 -9999.0 -9999.0 -9999.0
-9999.0 -9999.0 -9999.0 -9999.0 -9999.0 -9999.0 -9999.0 -9999.0 -9999.0 -9999.0 -9999.0 -9999.0 -9999.0 -9999.0 -9999.0 -9999.0 -9999.0 -9999.0 -9999.0 -9999.0 -9999.0 -9999.0 -9999.0 -9999.0 -9999.0 -9999.0 -9999.0 -9999.0 -9999.0 -9999.0 -9999.0 -9999.0 -9999.0 -9999.0 -9999.0 -9999.0 -9999.0 -9999.0 -9999.0 -9999.0 -9999.0 -9999.0 -9999.0 -9999.0 -9999.0 -9999.0 -9999.0 -9999.0 -9999.0 -9999.0 -9999.0 -9999.0 -9999.0 -9999.0 -9999.0 -9999.0 -9999.0 -9999.0 -9999.0 -9999.0 -9999.0 -9999.0 -9999.0 -9999.0 -9999.0 -9999.0 -9999.0 -9999.0 -9999.0 -9999.0 -9999.0 -9999.0 -9999.0 -9999.0 -9999.0 -9999.0 -9999.0 -9999.0 -9999.0 -9999.0 -9999.0 -9999.0 -9999.0 -9999.0 -9999.0 -9999.0 -9999.0 -9999.0 -9999.0 -9999.0 -9999.0 -9999.0 -9999.0 -9999.0 -9999.0 -9999.0 -9999.0 -9999.0 -9999.0 -9999.0 -9999.0 -9999.0 -9999.0 -9999.0