inst/processing_geotop_simulation/geotop_simulation/out/maps3D/PwL0002N0114.asc
ncols         104
nrows         10
xllcorner     -2.000000
yllcorner     0.000000
cellsize      1.000000
NODATA_value  -9999.0
-9999.0 -9999.0 -9999.0 -9999.0 -9999.0 -9999.0 -9999.0 -9999.0 -9999.0 -9999.0 -9999.0 -9999.0 -9999.0 -9999.0 -9999.0 -9999.0 -9999.0 -9999.0 -9999.0 -9999.0 -9999.0 -9999.0 -9999.0 -9999.0 -9999.0 -9999.0 -9999.0 -9999.0 -9999.0 -9999.0 -9999.0 -9999.0 -9999.0 -9999.0 -9999.0 -9999.0 -9999.0 -9999.0 -9999.0 -9999.0 -9999.0 -9999.0 -9999.0 -9999.0 -9999.0 -9999.0 -9999.0 -9999.0 -9999.0 -9999.0 -9999.0 -9999.0 -9999.0 -9999.0 -9999.0 -9999.0 -9999.0 -9999.0 -9999.0 -9999.0 -9999.0 -9999.0 -9999.0 -9999.0 -9999.0 -9999.0 -9999.0 -9999.0 -9999.0 -9999.0 -9999.0 -9999.0 -9999.0 -9999.0 -9999.0 -9999.0 -9999.0 -9999.0 -9999.0 -9999.0 -9999.0 -9999.0 -9999.0 -9999.0 -9999.0 -9999.0 -9999.0 -9999.0 -9999.0 -9999.0 -9999.0 -9999.0 -9999.0 -9999.0 -9999.0 -9999.0 -9999.0 -9999.0 -9999.0 -9999.0 -9999.0 -9999.0 -9999.0 -9999.0
-9999.0 -9999.0 -9999.0 -9999.0 -9999.0 -9999.0 -9999.0 -9999.0 -9999.0 -9999.0 -9999.0 -9999.0 -9999.0 -9999.0 -9999.0 -9999.0 -9999.0 -9999.0 -9999.0 -9999.0 -9999.0 -9999.0 -9999.0 -9999.0 -9999.0 -9999.0 -9999.0 -9999.0 -9999.0 -9999.0 -9999.0 -9999.0 -9999.0 -9999.0 -9999.0 -9999.0 -9999.0 -9999.0 -9999.0 -9999.0 -9999.0 -9999.0 -9999.0 -9999.0 -9999.0 -9999.0 -9999.0 -9999.0 -9999.0 -9999.0 -9999.0 -9999.0 -9999.0 -9999.0 -9999.0 -9999.0 -9999.0 -9999.0 -9999.0 -9999.0 -9999.0 -9999.0 -9999.0 -9999.0 -9999.0 -9999.0 -9999.0 -9999.0 -9999.0 -9999.0 -9999.0 -9999.0 -9999.0 -9999.0 -9999.0 -9999.0 -9999.0 -9999.0 -9999.0 -9999.0 -9999.0 -9999.0 -9999.0 -9999.0 -9999.0 -9999.0 -9999.0 -9999.0 -9999.0 -9999.0 -9999.0 -9999.0 -9999.0 -9999.0 -9999.0 -9999.0 -9999.0 -9999.0 -9999.0 -9999.0 -9999.0 -9999.0 -9999.0 -9999.0
-9999.0 -9999.0 85.674391 3.982430 -87.118816 -180.510854 -274.757744 -369.345066 -464.040484 -558.718523 -653.393750 -749.085475 -850.594097 -961.933244 -1069.796058 -1170.118908 -1278.903935 -1377.023496 -1440.025531 -1468.316133 -1478.914273 -1481.823573 -1482.109712 -1482.119963 -1482.715124 -1484.008947 -1485.780927 -1487.718575 -1489.558496 -1491.143199 -1492.415126 -1493.383849 -1494.092801 -1494.595347 -1494.941751 -1495.175634 -1495.340405 -1495.491665 -1495.719432 -1496.661401 -1502.981700 -1520.612065 -962.295603 -958.642345 -946.670907 -939.254371 -935.784164 -935.298420 -935.249938 -935.259881 -935.279043 -935.299364 -935.318865 -935.336906 -935.353487 -935.371226 -935.416060 -935.706521 -937.555830 -941.770393 -948.639720 -944.167160 -1502.549634 -1500.093657 -1496.426525 -1495.837458 -1495.741705 -1495.725247 -1495.723937 -1495.725447 -1495.727166 -1495.728584 -1495.729670 -1495.730489 -1495.731113 -1495.731596 -1495.731977 -1495.732284 -1495.732537 -1495.732760 -1495.732976 -1495.733211 -1495.733505 -1495.733911 -1495.734508 -1495.735423 -1495.736860 -1495.739149 -1495.742848 -1495.748919 -1495.759079 -1495.776495 -1495.807210 -1495.863045 -1495.967458 -1496.167266 -1496.556335 -1497.326931 -1498.896512 -1502.259803 -1510.079831 -1531.693053 -9999.0 -9999.0
-9999.0 -9999.0 85.687506 3.984822 -87.118217 -180.510680 -274.757689 -369.345047 -464.040477 -558.718521 -653.393749 -749.085475 -850.594097 -961.933245 -1069.796058 -1170.118908 -1278.903935 -1377.023496 -1440.025531 -1468.316133 -1478.914273 -1481.823573 -1482.109712 -1482.119963 -1482.715124 -1484.008947 -1485.780927 -1487.718575 -1489.558496 -1491.143199 -1492.415126 -1493.383849 -1494.092801 -1494.595347 -1494.941751 -1495.175634 -1495.340405 -1495.491665 -1495.719432 -1496.661401 -1502.981700 -1520.612065 -962.295603 -958.642345 -946.670907 -939.254371 -935.784164 -935.298420 -935.249938 -935.259881 -935.279043 -935.299364 -935.318865 -935.336906 -935.353487 -935.371226 -935.416060 -935.706521 -937.555830 -941.770393 -948.639720 -944.167160 -1502.549634 -1500.093657 -1496.426525 -1495.837458 -1495.741705 -1495.725247 -1495.723937 -1495.725447 -1495.727166 -1495.728584 -1495.729670 -1495.730489 -1495.731113 -1495.731596 -1495.731977 -1495.732284 -1495.732537 -1495.732760 -1495.732976 -1495.733211 -1495.733505 -1495.733911 -1495.734508 -1495.735423 -1495.736860 -1495.739149 -1495.742848 -1495.748919 -1495.759079 -1495.776495 -1495.807210 -1495.863045 -1495.967458 -1496.167266 -1496.556335 -1497.326931 -1498.896512 -1502.259803 -1510.079831 -1531.693053 -9999.0 -9999.0
-9999.0 -9999.0 85.688929 3.985771 -87.117841 -180.510544 -274.757641 -369.345030 -464.040471 -558.718518 -653.393748 -749.085475 -850.594097 -961.933245 -1069.796058 -1170.118908 -1278.903935 -1377.023496 -1440.025531 -1468.316133 -1478.914273 -1481.823573 -1482.109712 -1482.119963 -1482.715124 -1484.008947 -1485.780927 -1487.718575 -1489.558496 -1491.143199 -1492.415126 -1493.383849 -1494.092801 -1494.595347 -1494.941751 -1495.175634 -1495.340405 -1495.491665 -1495.719432 -1496.661401 -1502.981700 -1520.612065 -962.295603 -958.642345 -946.670907 -939.254371 -935.784164 -935.298420 -935.249938 -935.259881 -935.279043 -935.299364 -935.318865 -935.336906 -935.353487 -935.371226 -935.416060 -935.706521 -937.555830 -941.770393 -948.639720 -944.167160 -1502.549634 -1500.093657 -1496.426525 -1495.837458 -1495.741705 -1495.725247 -1495.723937 -1495.725447 -1495.727166 -1495.728584 -1495.729670 -1495.730489 -1495.731113 -1495.731596 -1495.731977 -1495.732284 -1495.732537 -1495.732760 -1495.732976 -1495.733211 -1495.733505 -1495.733911 -1495.734508 -1495.735423 -1495.736860 -1495.739149 -1495.742848 -1495.748919 -1495.759079 -1495.776495 -1495.807210 -1495.863045 -1495.967458 -1496.167266 -1496.556335 -1497.326931 -1498.896512 -1502.259803 -1510.079831 -1531.693053 -9999.0 -9999.0
-9999.0 -9999.0 85.688930 3.985771 -87.117841 -180.510544 -274.757640 -369.345030 -464.040471 -558.718518 -653.393748 -749.085475 -850.594097 -961.933245 -1069.796058 -1170.118908 -1278.903935 -1377.023496 -1440.025531 -1468.316133 -1478.914273 -1481.823573 -1482.109712 -1482.119963 -1482.715124 -1484.008947 -1485.780927 -1487.718575 -1489.558496 -1491.143199 -1492.415126 -1493.383849 -1494.092801 -1494.595347 -1494.941751 -1495.175634 -1495.340405 -1495.491665 -1495.719432 -1496.661401 -1502.981700 -1520.612065 -962.295603 -958.642345 -946.670907 -939.254371 -935.784164 -935.298420 -935.249938 -935.259881 -935.279043 -935.299364 -935.318865 -935.336906 -935.353487 -935.371226 -935.416060 -935.706521 -937.555830 -941.770393 -948.639720 -944.167160 -1502.549634 -1500.093657 -1496.426525 -1495.837458 -1495.741705 -1495.725247 -1495.723937 -1495.725447 -1495.727166 -1495.728584 -1495.729670 -1495.730489 -1495.731113 -1495.731596 -1495.731977 -1495.732284 -1495.732537 -1495.732760 -1495.732976 -1495.733211 -1495.733505 -1495.733911 -1495.734508 -1495.735423 -1495.736860 -1495.739149 -1495.742848 -1495.748919 -1495.759079 -1495.776495 -1495.807210 -1495.863045 -1495.967458 -1496.167266 -1496.556335 -1497.326931 -1498.896512 -1502.259803 -1510.079831 -1531.693053 -9999.0 -9999.0
-9999.0 -9999.0 85.687506 3.984822 -87.118217 -180.510680 -274.757689 -369.345047 -464.040477 -558.718521 -653.393749 -749.085475 -850.594097 -961.933244 -1069.796058 -1170.118908 -1278.903935 -1377.023496 -1440.025531 -1468.316133 -1478.914273 -1481.823573 -1482.109712 -1482.119963 -1482.715124 -1484.008947 -1485.780927 -1487.718575 -1489.558496 -1491.143199 -1492.415126 -1493.383849 -1494.092801 -1494.595347 -1494.941751 -1495.175634 -1495.340405 -1495.491665 -1495.719432 -1496.661401 -1502.981700 -1520.612065 -962.295603 -958.642345 -946.670907 -939.254371 -935.784164 -935.298420 -935.249938 -935.259881 -935.279043 -935.299364 -935.318865 -935.336906 -935.353487 -935.371226 -935.416060 -935.706521 -937.555830 -941.770393 -948.639720 -944.167160 -1502.549634 -1500.093657 -1496.426525 -1495.837458 -1495.741705 -1495.725247 -1495.723937 -1495.725447 -1495.727166 -1495.728584 -1495.729670 -1495.730489 -1495.731113 -1495.731596 -1495.731977 -1495.732284 -1495.732537 -1495.732760 -1495.732976 -1495.733211 -1495.733505 -1495.733911 -1495.734508 -1495.735423 -1495.736860 -1495.739149 -1495.742848 -1495.748919 -1495.759079 -1495.776495 -1495.807210 -1495.863045 -1495.967458 -1496.167266 -1496.556335 -1497.326931 -1498.896512 -1502.259803 -1510.079831 -1531.693053 -9999.0 -9999.0
-9999.0 -9999.0 85.674391 3.982430 -87.118816 -180.510854 -274.757744 -369.345066 -464.040484 -558.718523 -653.393750 -749.085475 -850.594097 -961.933244 -1069.796058 -1170.118908 -1278.903935 -1377.023496 -1440.025531 -1468.316133 -1478.914273 -1481.823573 -1482.109712 -1482.119963 -1482.715124 -1484.008947 -1485.780927 -1487.718575 -1489.558496 -1491.143199 -1492.415126 -1493.383849 -1494.092801 -1494.595347 -1494.941751 -1495.175634 -1495.340405 -1495.491665 -1495.719432 -1496.661401 -1502.981700 -1520.612065 -962.295603 -958.642345 -946.670907 -939.254371 -935.784164 -935.298420 -935.249938 -935.259881 -935.279043 -935.299364 -935.318865 -935.336906 -935.353487 -935.371226 -935.416060 -935.706521 -937.555830 -941.770393 -948.639720 -944.167160 -1502.549634 -1500.093657 -1496.426525 -1495.837458 -1495.741705 -1495.725247 -1495.723937 -1495.725447 -1495.727166 -1495.728584 -1495.729670 -1495.730489 -1495.731113 -1495.731596 -1495.731977 -1495.732284 -1495.732537 -1495.732760 -1495.732976 -1495.733211 -1495.733505 -1495.733911 -1495.734508 -1495.735423 -1495.736860 -1495.739149 -1495.742848 -1495.748919 -1495.759079 -1495.776495 -1495.807210 -1495.863045 -1495.967458 -1496.167266 -1496.556335 -1497.326931 -1498.896512 -1502.259803 -1510.079831 -1531.693053 -9999.0 -9999.0
-9999.0 -9999.0 -9999.0 -9999.0 -9999.0 -9999.0 -9999.0 -9999.0 -9999.0 -9999.0 -9999.0 -9999.0 -9999.0 -9999.0 -9999.0 -9999.0 -9999.0 -9999.0 -9999.0 -9999.0 -9999.0 -9999.0 -9999.0 -9999.0 -9999.0 -9999.0 -9999.0 -9999.0 -9999.0 -9999.0 -9999.0 -9999.0 -9999.0 -9999.0 -9999.0 -9999.0 -9999.0 -9999.0 -9999.0 -9999.0 -9999.0 -9999.0 -9999.0 -9999.0 -9999.0 -9999.0 -9999.0 -9999.0 -9999.0 -9999.0 -9999.0 -9999.0 -9999.0 -9999.0 -9999.0 -9999.0 -9999.0 -9999.0 -9999.0 -9999.0 -9999.0 -9999.0 -9999.0 -9999.0 -9999.0 -9999.0 -9999.0 -9999.0 -9999.0 -9999.0 -9999.0 -9999.0 -9999.0 -9999.0 -9999.0 -9999.0 -9999.0 -9999.0 -9999.0 -9999.0 -9999.0 -9999.0 -9999.0 -9999.0 -9999.0 -9999.0 -9999.0 -9999.0 -9999.0 -9999.0 -9999.0 -9999.0 -9999.0 -9999.0 -9999.0 -9999.0 -9999.0 -9999.0 -9999.0 -9999.0 -9999.0 -9999.0 -9999.0 -9999.0
-9999.0 -9999.0 -9999.0 -9999.0 -9999.0 -9999.0 -9999.0 -9999.0 -9999.0 -9999.0 -9999.0 -9999.0 -9999.0 -9999.0 -9999.0 -9999.0 -9999.0 -9999.0 -9999.0 -9999.0 -9999.0 -9999.0 -9999.0 -9999.0 -9999.0 -9999.0 -9999.0 -9999.0 -9999.0 -9999.0 -9999.0 -9999.0 -9999.0 -9999.0 -9999.0 -9999.0 -9999.0 -9999.0 -9999.0 -9999.0 -9999.0 -9999.0 -9999.0 -9999.0 -9999.0 -9999.0 -9999.0 -9999.0 -9999.0 -9999.0 -9999.0 -9999.0 -9999.0 -9999.0 -9999.0 -9999.0 -9999.0 -9999.0 -9999.0 -9999.0 -9999.0 -9999.0 -9999.0 -9999.0 -9999.0 -9999.0 -9999.0 -9999.0 -9999.0 -9999.0 -9999.0 -9999.0 -9999.0 -9999.0 -9999.0 -9999.0 -9999.0 -9999.0 -9999.0 -9999.0 -9999.0 -9999.0 -9999.0 -9999.0 -9999.0 -9999.0 -9999.0 -9999.0 -9999.0 -9999.0 -9999.0 -9999.0 -9999.0 -9999.0 -9999.0 -9999.0 -9999.0 -9999.0 -9999.0 -9999.0 -9999.0 -9999.0 -9999.0 -9999.0