inst/processing_geotop_simulation/geotop_simulation/out/maps3D/PwL0005N0322.asc
ncols         104
nrows         10
xllcorner     -2.000000
yllcorner     0.000000
cellsize      1.000000
NODATA_value  -9999.0
-9999.0 -9999.0 -9999.0 -9999.0 -9999.0 -9999.0 -9999.0 -9999.0 -9999.0 -9999.0 -9999.0 -9999.0 -9999.0 -9999.0 -9999.0 -9999.0 -9999.0 -9999.0 -9999.0 -9999.0 -9999.0 -9999.0 -9999.0 -9999.0 -9999.0 -9999.0 -9999.0 -9999.0 -9999.0 -9999.0 -9999.0 -9999.0 -9999.0 -9999.0 -9999.0 -9999.0 -9999.0 -9999.0 -9999.0 -9999.0 -9999.0 -9999.0 -9999.0 -9999.0 -9999.0 -9999.0 -9999.0 -9999.0 -9999.0 -9999.0 -9999.0 -9999.0 -9999.0 -9999.0 -9999.0 -9999.0 -9999.0 -9999.0 -9999.0 -9999.0 -9999.0 -9999.0 -9999.0 -9999.0 -9999.0 -9999.0 -9999.0 -9999.0 -9999.0 -9999.0 -9999.0 -9999.0 -9999.0 -9999.0 -9999.0 -9999.0 -9999.0 -9999.0 -9999.0 -9999.0 -9999.0 -9999.0 -9999.0 -9999.0 -9999.0 -9999.0 -9999.0 -9999.0 -9999.0 -9999.0 -9999.0 -9999.0 -9999.0 -9999.0 -9999.0 -9999.0 -9999.0 -9999.0 -9999.0 -9999.0 -9999.0 -9999.0 -9999.0 -9999.0
-9999.0 -9999.0 -9999.0 -9999.0 -9999.0 -9999.0 -9999.0 -9999.0 -9999.0 -9999.0 -9999.0 -9999.0 -9999.0 -9999.0 -9999.0 -9999.0 -9999.0 -9999.0 -9999.0 -9999.0 -9999.0 -9999.0 -9999.0 -9999.0 -9999.0 -9999.0 -9999.0 -9999.0 -9999.0 -9999.0 -9999.0 -9999.0 -9999.0 -9999.0 -9999.0 -9999.0 -9999.0 -9999.0 -9999.0 -9999.0 -9999.0 -9999.0 -9999.0 -9999.0 -9999.0 -9999.0 -9999.0 -9999.0 -9999.0 -9999.0 -9999.0 -9999.0 -9999.0 -9999.0 -9999.0 -9999.0 -9999.0 -9999.0 -9999.0 -9999.0 -9999.0 -9999.0 -9999.0 -9999.0 -9999.0 -9999.0 -9999.0 -9999.0 -9999.0 -9999.0 -9999.0 -9999.0 -9999.0 -9999.0 -9999.0 -9999.0 -9999.0 -9999.0 -9999.0 -9999.0 -9999.0 -9999.0 -9999.0 -9999.0 -9999.0 -9999.0 -9999.0 -9999.0 -9999.0 -9999.0 -9999.0 -9999.0 -9999.0 -9999.0 -9999.0 -9999.0 -9999.0 -9999.0 -9999.0 -9999.0 -9999.0 -9999.0 -9999.0 -9999.0
-9999.0 -9999.0 225.532423 128.527539 30.192177 -68.552661 -167.456337 -266.422060 -365.397318 -464.346155 -563.218934 -661.894018 -760.301173 -858.511651 -956.564411 -1054.637368 -1152.311297 -1248.829903 -1343.732785 -1435.979777 -1523.564975 -1603.301194 -1672.005286 -1727.990506 -1771.472275 -1803.999876 -1827.662152 -1844.520212 -1856.338166 -1864.514806 -1870.110592 -1873.905573 -1876.460469 -1878.170796 -1879.311549 -1880.073873 -1880.600113 -1881.047413 -1881.811359 -1884.183482 -1889.122021 -1855.324403 -1167.090873 -1181.565666 -1166.835341 -1157.211154 -1152.706711 -1152.031237 -1151.959250 -1151.966195 -1151.984525 -1152.004249 -1152.023207 -1152.040764 -1152.057078 -1152.076199 -1152.136321 -1152.539128 -1154.931725 -1160.255460 -1167.404724 -1142.572509 -1829.609249 -1882.861740 -1882.761376 -1881.895966 -1881.692370 -1881.656632 -1881.651318 -1881.651052 -1881.651542 -1881.652051 -1881.652464 -1881.652783 -1881.653029 -1881.653221 -1881.653375 -1881.653500 -1881.653606 -1881.653701 -1881.653796 -1881.653902 -1881.654034 -1881.654217 -1881.654487 -1881.654900 -1881.655548 -1881.656587 -1881.658280 -1881.661095 -1881.665887 -1881.674275 -1881.689401 -1881.717500 -1881.771197 -1881.876723 -1882.091111 -1882.547157 -1883.580877 -1886.130309 -1893.208158 -1916.508716 -9999.0 -9999.0
-9999.0 -9999.0 225.541189 128.529443 30.192668 -68.552518 -167.456291 -266.422044 -365.397312 -464.346153 -563.218933 -661.894018 -760.301172 -858.511651 -956.564411 -1054.637368 -1152.311297 -1248.829903 -1343.732786 -1435.979777 -1523.564975 -1603.301194 -1672.005286 -1727.990506 -1771.472275 -1803.999876 -1827.662152 -1844.520213 -1856.338166 -1864.514806 -1870.110592 -1873.905573 -1876.460469 -1878.170796 -1879.311549 -1880.073873 -1880.600113 -1881.047413 -1881.811359 -1884.183482 -1889.122021 -1855.324403 -1167.090873 -1181.565666 -1166.835341 -1157.211154 -1152.706711 -1152.031237 -1151.959250 -1151.966195 -1151.984525 -1152.004249 -1152.023207 -1152.040764 -1152.057078 -1152.076199 -1152.136321 -1152.539128 -1154.931725 -1160.255460 -1167.404724 -1142.572509 -1829.609249 -1882.861740 -1882.761376 -1881.895966 -1881.692370 -1881.656632 -1881.651318 -1881.651052 -1881.651542 -1881.652051 -1881.652464 -1881.652783 -1881.653029 -1881.653221 -1881.653375 -1881.653500 -1881.653606 -1881.653701 -1881.653796 -1881.653902 -1881.654034 -1881.654217 -1881.654487 -1881.654900 -1881.655548 -1881.656587 -1881.658280 -1881.661095 -1881.665887 -1881.674275 -1881.689401 -1881.717500 -1881.771197 -1881.876723 -1882.091111 -1882.547157 -1883.580877 -1886.130309 -1893.208158 -1916.508716 -9999.0 -9999.0
-9999.0 -9999.0 225.542566 128.530229 30.192979 -68.552405 -167.456251 -266.422030 -365.397307 -464.346151 -563.218932 -661.894017 -760.301172 -858.511651 -956.564411 -1054.637368 -1152.311297 -1248.829904 -1343.732786 -1435.979777 -1523.564976 -1603.301194 -1672.005286 -1727.990506 -1771.472275 -1803.999876 -1827.662152 -1844.520213 -1856.338166 -1864.514806 -1870.110592 -1873.905573 -1876.460469 -1878.170796 -1879.311549 -1880.073873 -1880.600113 -1881.047413 -1881.811359 -1884.183482 -1889.122021 -1855.324403 -1167.090873 -1181.565666 -1166.835340 -1157.211154 -1152.706711 -1152.031237 -1151.959250 -1151.966195 -1151.984525 -1152.004249 -1152.023207 -1152.040764 -1152.057078 -1152.076199 -1152.136321 -1152.539128 -1154.931725 -1160.255460 -1167.404724 -1142.572509 -1829.609249 -1882.861740 -1882.761376 -1881.895966 -1881.692370 -1881.656632 -1881.651318 -1881.651052 -1881.651542 -1881.652051 -1881.652464 -1881.652783 -1881.653029 -1881.653221 -1881.653375 -1881.653500 -1881.653606 -1881.653701 -1881.653796 -1881.653902 -1881.654034 -1881.654217 -1881.654487 -1881.654900 -1881.655548 -1881.656587 -1881.658280 -1881.661095 -1881.665887 -1881.674275 -1881.689401 -1881.717500 -1881.771197 -1881.876723 -1882.091111 -1882.547157 -1883.580877 -1886.130309 -1893.208158 -1916.508716 -9999.0 -9999.0
-9999.0 -9999.0 225.542566 128.530229 30.192979 -68.552405 -167.456251 -266.422030 -365.397307 -464.346151 -563.218932 -661.894017 -760.301172 -858.511651 -956.564411 -1054.637368 -1152.311297 -1248.829904 -1343.732786 -1435.979777 -1523.564976 -1603.301194 -1672.005286 -1727.990506 -1771.472275 -1803.999876 -1827.662152 -1844.520213 -1856.338166 -1864.514806 -1870.110592 -1873.905573 -1876.460469 -1878.170796 -1879.311549 -1880.073873 -1880.600113 -1881.047413 -1881.811359 -1884.183482 -1889.122021 -1855.324403 -1167.090873 -1181.565666 -1166.835340 -1157.211154 -1152.706711 -1152.031237 -1151.959250 -1151.966195 -1151.984525 -1152.004249 -1152.023207 -1152.040764 -1152.057078 -1152.076199 -1152.136321 -1152.539128 -1154.931725 -1160.255460 -1167.404724 -1142.572509 -1829.609249 -1882.861740 -1882.761376 -1881.895966 -1881.692370 -1881.656632 -1881.651318 -1881.651052 -1881.651542 -1881.652051 -1881.652464 -1881.652783 -1881.653029 -1881.653221 -1881.653375 -1881.653500 -1881.653606 -1881.653701 -1881.653796 -1881.653902 -1881.654034 -1881.654217 -1881.654487 -1881.654900 -1881.655548 -1881.656587 -1881.658280 -1881.661095 -1881.665887 -1881.674275 -1881.689401 -1881.717500 -1881.771197 -1881.876723 -1882.091111 -1882.547157 -1883.580877 -1886.130309 -1893.208158 -1916.508716 -9999.0 -9999.0
-9999.0 -9999.0 225.541189 128.529443 30.192668 -68.552518 -167.456291 -266.422044 -365.397312 -464.346153 -563.218933 -661.894018 -760.301172 -858.511651 -956.564411 -1054.637368 -1152.311297 -1248.829903 -1343.732786 -1435.979777 -1523.564975 -1603.301194 -1672.005286 -1727.990506 -1771.472275 -1803.999876 -1827.662152 -1844.520213 -1856.338166 -1864.514806 -1870.110592 -1873.905573 -1876.460469 -1878.170796 -1879.311549 -1880.073873 -1880.600113 -1881.047413 -1881.811359 -1884.183482 -1889.122021 -1855.324403 -1167.090873 -1181.565666 -1166.835341 -1157.211154 -1152.706711 -1152.031237 -1151.959250 -1151.966195 -1151.984525 -1152.004249 -1152.023207 -1152.040764 -1152.057078 -1152.076199 -1152.136321 -1152.539128 -1154.931725 -1160.255460 -1167.404724 -1142.572509 -1829.609249 -1882.861740 -1882.761376 -1881.895966 -1881.692370 -1881.656632 -1881.651318 -1881.651052 -1881.651542 -1881.652051 -1881.652464 -1881.652783 -1881.653029 -1881.653221 -1881.653375 -1881.653500 -1881.653606 -1881.653701 -1881.653796 -1881.653902 -1881.654034 -1881.654217 -1881.654487 -1881.654900 -1881.655548 -1881.656587 -1881.658280 -1881.661095 -1881.665887 -1881.674275 -1881.689401 -1881.717500 -1881.771197 -1881.876723 -1882.091111 -1882.547157 -1883.580877 -1886.130309 -1893.208158 -1916.508716 -9999.0 -9999.0
-9999.0 -9999.0 225.532423 128.527539 30.192177 -68.552661 -167.456337 -266.422060 -365.397318 -464.346155 -563.218934 -661.894018 -760.301173 -858.511651 -956.564411 -1054.637368 -1152.311297 -1248.829903 -1343.732785 -1435.979777 -1523.564975 -1603.301194 -1672.005286 -1727.990506 -1771.472275 -1803.999876 -1827.662152 -1844.520212 -1856.338166 -1864.514806 -1870.110592 -1873.905573 -1876.460469 -1878.170796 -1879.311549 -1880.073873 -1880.600113 -1881.047413 -1881.811359 -1884.183482 -1889.122021 -1855.324403 -1167.090873 -1181.565666 -1166.835341 -1157.211154 -1152.706711 -1152.031237 -1151.959250 -1151.966195 -1151.984525 -1152.004249 -1152.023207 -1152.040764 -1152.057078 -1152.076199 -1152.136321 -1152.539128 -1154.931725 -1160.255460 -1167.404724 -1142.572509 -1829.609249 -1882.861740 -1882.761376 -1881.895966 -1881.692370 -1881.656632 -1881.651318 -1881.651052 -1881.651542 -1881.652051 -1881.652464 -1881.652783 -1881.653029 -1881.653221 -1881.653375 -1881.653500 -1881.653606 -1881.653701 -1881.653796 -1881.653902 -1881.654034 -1881.654217 -1881.654487 -1881.654900 -1881.655548 -1881.656587 -1881.658280 -1881.661095 -1881.665887 -1881.674275 -1881.689401 -1881.717500 -1881.771197 -1881.876723 -1882.091111 -1882.547157 -1883.580877 -1886.130309 -1893.208158 -1916.508716 -9999.0 -9999.0
-9999.0 -9999.0 -9999.0 -9999.0 -9999.0 -9999.0 -9999.0 -9999.0 -9999.0 -9999.0 -9999.0 -9999.0 -9999.0 -9999.0 -9999.0 -9999.0 -9999.0 -9999.0 -9999.0 -9999.0 -9999.0 -9999.0 -9999.0 -9999.0 -9999.0 -9999.0 -9999.0 -9999.0 -9999.0 -9999.0 -9999.0 -9999.0 -9999.0 -9999.0 -9999.0 -9999.0 -9999.0 -9999.0 -9999.0 -9999.0 -9999.0 -9999.0 -9999.0 -9999.0 -9999.0 -9999.0 -9999.0 -9999.0 -9999.0 -9999.0 -9999.0 -9999.0 -9999.0 -9999.0 -9999.0 -9999.0 -9999.0 -9999.0 -9999.0 -9999.0 -9999.0 -9999.0 -9999.0 -9999.0 -9999.0 -9999.0 -9999.0 -9999.0 -9999.0 -9999.0 -9999.0 -9999.0 -9999.0 -9999.0 -9999.0 -9999.0 -9999.0 -9999.0 -9999.0 -9999.0 -9999.0 -9999.0 -9999.0 -9999.0 -9999.0 -9999.0 -9999.0 -9999.0 -9999.0 -9999.0 -9999.0 -9999.0 -9999.0 -9999.0 -9999.0 -9999.0 -9999.0 -9999.0 -9999.0 -9999.0 -9999.0 -9999.0 -9999.0 -9999.0
-9999.0 -9999.0 -9999.0 -9999.0 -9999.0 -9999.0 -9999.0 -9999.0 -9999.0 -9999.0 -9999.0 -9999.0 -9999.0 -9999.0 -9999.0 -9999.0 -9999.0 -9999.0 -9999.0 -9999.0 -9999.0 -9999.0 -9999.0 -9999.0 -9999.0 -9999.0 -9999.0 -9999.0 -9999.0 -9999.0 -9999.0 -9999.0 -9999.0 -9999.0 -9999.0 -9999.0 -9999.0 -9999.0 -9999.0 -9999.0 -9999.0 -9999.0 -9999.0 -9999.0 -9999.0 -9999.0 -9999.0 -9999.0 -9999.0 -9999.0 -9999.0 -9999.0 -9999.0 -9999.0 -9999.0 -9999.0 -9999.0 -9999.0 -9999.0 -9999.0 -9999.0 -9999.0 -9999.0 -9999.0 -9999.0 -9999.0 -9999.0 -9999.0 -9999.0 -9999.0 -9999.0 -9999.0 -9999.0 -9999.0 -9999.0 -9999.0 -9999.0 -9999.0 -9999.0 -9999.0 -9999.0 -9999.0 -9999.0 -9999.0 -9999.0 -9999.0 -9999.0 -9999.0 -9999.0 -9999.0 -9999.0 -9999.0 -9999.0 -9999.0 -9999.0 -9999.0 -9999.0 -9999.0 -9999.0 -9999.0 -9999.0 -9999.0 -9999.0 -9999.0