inst/processing_geotop_simulation/geotop_simulation/out/maps3D/PwL0017N0370.asc
ncols         104
nrows         10
xllcorner     -2.000000
yllcorner     0.000000
cellsize      1.000000
NODATA_value  -9999.0
-9999.0 -9999.0 -9999.0 -9999.0 -9999.0 -9999.0 -9999.0 -9999.0 -9999.0 -9999.0 -9999.0 -9999.0 -9999.0 -9999.0 -9999.0 -9999.0 -9999.0 -9999.0 -9999.0 -9999.0 -9999.0 -9999.0 -9999.0 -9999.0 -9999.0 -9999.0 -9999.0 -9999.0 -9999.0 -9999.0 -9999.0 -9999.0 -9999.0 -9999.0 -9999.0 -9999.0 -9999.0 -9999.0 -9999.0 -9999.0 -9999.0 -9999.0 -9999.0 -9999.0 -9999.0 -9999.0 -9999.0 -9999.0 -9999.0 -9999.0 -9999.0 -9999.0 -9999.0 -9999.0 -9999.0 -9999.0 -9999.0 -9999.0 -9999.0 -9999.0 -9999.0 -9999.0 -9999.0 -9999.0 -9999.0 -9999.0 -9999.0 -9999.0 -9999.0 -9999.0 -9999.0 -9999.0 -9999.0 -9999.0 -9999.0 -9999.0 -9999.0 -9999.0 -9999.0 -9999.0 -9999.0 -9999.0 -9999.0 -9999.0 -9999.0 -9999.0 -9999.0 -9999.0 -9999.0 -9999.0 -9999.0 -9999.0 -9999.0 -9999.0 -9999.0 -9999.0 -9999.0 -9999.0 -9999.0 -9999.0 -9999.0 -9999.0 -9999.0 -9999.0
-9999.0 -9999.0 -9999.0 -9999.0 -9999.0 -9999.0 -9999.0 -9999.0 -9999.0 -9999.0 -9999.0 -9999.0 -9999.0 -9999.0 -9999.0 -9999.0 -9999.0 -9999.0 -9999.0 -9999.0 -9999.0 -9999.0 -9999.0 -9999.0 -9999.0 -9999.0 -9999.0 -9999.0 -9999.0 -9999.0 -9999.0 -9999.0 -9999.0 -9999.0 -9999.0 -9999.0 -9999.0 -9999.0 -9999.0 -9999.0 -9999.0 -9999.0 -9999.0 -9999.0 -9999.0 -9999.0 -9999.0 -9999.0 -9999.0 -9999.0 -9999.0 -9999.0 -9999.0 -9999.0 -9999.0 -9999.0 -9999.0 -9999.0 -9999.0 -9999.0 -9999.0 -9999.0 -9999.0 -9999.0 -9999.0 -9999.0 -9999.0 -9999.0 -9999.0 -9999.0 -9999.0 -9999.0 -9999.0 -9999.0 -9999.0 -9999.0 -9999.0 -9999.0 -9999.0 -9999.0 -9999.0 -9999.0 -9999.0 -9999.0 -9999.0 -9999.0 -9999.0 -9999.0 -9999.0 -9999.0 -9999.0 -9999.0 -9999.0 -9999.0 -9999.0 -9999.0 -9999.0 -9999.0 -9999.0 -9999.0 -9999.0 -9999.0 -9999.0 -9999.0
-9999.0 -9999.0 820.379027 721.660448 622.758022 523.680249 424.513959 325.309068 226.091812 126.876218 27.670508 -71.517265 -170.685884 -269.824769 -368.909156 -467.896496 -566.707598 -665.206235 -763.510508 -861.796754 -959.749355 -1057.192149 -1152.094488 -1241.170758 -1323.229204 -1396.206206 -1458.691495 -1510.193464 -1551.141231 -1582.663230 -1606.266324 -1623.539221 -1635.948152 -1644.733598 -1650.884145 -1655.157863 -1658.134796 -1660.325859 -1662.481341 -1666.421905 -1676.163229 -1698.946907 -1967.788570 -4063.140761 -4133.653257 -4133.662406 -4133.661738 -4133.660286 -4133.654219 -4133.635513 -4133.586852 -4133.454101 -4133.244146 -4132.980191 -4132.552801 -4131.747048 -4130.044501 -4126.136232 -4116.645681 -4092.744668 -3889.216069 -1746.057280 -1656.697960 -1667.787794 -1665.926953 -1664.846223 -1664.573807 -1664.521250 -1664.512656 -1664.511772 -1664.512116 -1664.512578 -1664.512981 -1664.513309 -1664.513579 -1664.513805 -1664.514000 -1664.514173 -1664.514331 -1664.514482 -1664.514636 -1664.514801 -1664.514993 -1664.515232 -1664.515551 -1664.515999 -1664.516660 -1664.517672 -1664.519274 -1664.521893 -1664.526318 -1664.534051 -1664.548039 -1664.574200 -1664.624777 -1664.726124 -1664.938347 -1665.408258 -1666.520370 -1669.363446 -1677.364631 -1702.878865 -9999.0 -9999.0
-9999.0 -9999.0 820.382453 721.661666 622.758406 523.680372 424.514000 325.309083 226.091818 126.876221 27.670509 -71.517265 -170.685883 -269.824769 -368.909156 -467.896497 -566.707598 -665.206235 -763.510509 -861.796754 -959.749355 -1057.192149 -1152.094488 -1241.170758 -1323.229204 -1396.206206 -1458.691495 -1510.193464 -1551.141231 -1582.663230 -1606.266324 -1623.539221 -1635.948152 -1644.733598 -1650.884145 -1655.157863 -1658.134796 -1660.325859 -1662.481341 -1666.421905 -1676.163229 -1698.946907 -1967.788569 -4063.140761 -4133.653257 -4133.662406 -4133.661738 -4133.660286 -4133.654219 -4133.635513 -4133.586852 -4133.454101 -4133.244146 -4132.980191 -4132.552801 -4131.747048 -4130.044501 -4126.136232 -4116.645681 -4092.744668 -3889.216069 -1746.057280 -1656.697960 -1667.787794 -1665.926953 -1664.846223 -1664.573807 -1664.521250 -1664.512656 -1664.511772 -1664.512116 -1664.512578 -1664.512981 -1664.513309 -1664.513579 -1664.513805 -1664.514000 -1664.514173 -1664.514331 -1664.514482 -1664.514636 -1664.514801 -1664.514993 -1664.515232 -1664.515551 -1664.515999 -1664.516660 -1664.517672 -1664.519274 -1664.521893 -1664.526318 -1664.534051 -1664.548039 -1664.574200 -1664.624777 -1664.726124 -1664.938347 -1665.408258 -1666.520370 -1669.363446 -1677.364631 -1702.878865 -9999.0 -9999.0
-9999.0 -9999.0 820.383636 721.662292 622.758666 523.680471 424.514036 325.309096 226.091823 126.876223 27.670510 -71.517264 -170.685883 -269.824769 -368.909156 -467.896496 -566.707598 -665.206236 -763.510509 -861.796754 -959.749356 -1057.192149 -1152.094489 -1241.170758 -1323.229205 -1396.206206 -1458.691495 -1510.193464 -1551.141231 -1582.663230 -1606.266324 -1623.539221 -1635.948152 -1644.733598 -1650.884145 -1655.157864 -1658.134796 -1660.325859 -1662.481341 -1666.421905 -1676.163229 -1698.946907 -1967.788569 -4063.140761 -4133.653257 -4133.662406 -4133.661738 -4133.660286 -4133.654219 -4133.635513 -4133.586852 -4133.454101 -4133.244146 -4132.980191 -4132.552801 -4131.747048 -4130.044501 -4126.136232 -4116.645681 -4092.744668 -3889.216069 -1746.057280 -1656.697960 -1667.787794 -1665.926953 -1664.846223 -1664.573807 -1664.521250 -1664.512656 -1664.511772 -1664.512116 -1664.512578 -1664.512981 -1664.513309 -1664.513579 -1664.513805 -1664.514000 -1664.514173 -1664.514331 -1664.514482 -1664.514636 -1664.514801 -1664.514993 -1664.515232 -1664.515551 -1664.515999 -1664.516660 -1664.517672 -1664.519274 -1664.521893 -1664.526318 -1664.534051 -1664.548039 -1664.574200 -1664.624777 -1664.726124 -1664.938347 -1665.408258 -1666.520370 -1669.363446 -1677.364631 -1702.878865 -9999.0 -9999.0
-9999.0 -9999.0 820.383636 721.662292 622.758666 523.680471 424.514036 325.309096 226.091823 126.876223 27.670510 -71.517264 -170.685883 -269.824769 -368.909156 -467.896497 -566.707598 -665.206236 -763.510509 -861.796754 -959.749356 -1057.192149 -1152.094489 -1241.170758 -1323.229205 -1396.206206 -1458.691495 -1510.193464 -1551.141231 -1582.663230 -1606.266324 -1623.539221 -1635.948152 -1644.733598 -1650.884145 -1655.157864 -1658.134796 -1660.325859 -1662.481341 -1666.421905 -1676.163229 -1698.946907 -1967.788569 -4063.140761 -4133.653257 -4133.662406 -4133.661738 -4133.660286 -4133.654219 -4133.635513 -4133.586852 -4133.454101 -4133.244146 -4132.980191 -4132.552801 -4131.747048 -4130.044501 -4126.136232 -4116.645681 -4092.744668 -3889.216069 -1746.057280 -1656.697960 -1667.787794 -1665.926953 -1664.846223 -1664.573807 -1664.521250 -1664.512656 -1664.511772 -1664.512116 -1664.512578 -1664.512981 -1664.513309 -1664.513579 -1664.513805 -1664.514000 -1664.514173 -1664.514331 -1664.514482 -1664.514636 -1664.514801 -1664.514993 -1664.515232 -1664.515551 -1664.515999 -1664.516660 -1664.517672 -1664.519274 -1664.521893 -1664.526318 -1664.534051 -1664.548039 -1664.574200 -1664.624777 -1664.726124 -1664.938347 -1665.408258 -1666.520370 -1669.363446 -1677.364631 -1702.878865 -9999.0 -9999.0
-9999.0 -9999.0 820.382453 721.661666 622.758406 523.680372 424.514000 325.309083 226.091818 126.876221 27.670509 -71.517264 -170.685883 -269.824769 -368.909156 -467.896496 -566.707598 -665.206235 -763.510509 -861.796754 -959.749355 -1057.192149 -1152.094488 -1241.170758 -1323.229204 -1396.206206 -1458.691495 -1510.193464 -1551.141231 -1582.663230 -1606.266324 -1623.539221 -1635.948152 -1644.733598 -1650.884145 -1655.157863 -1658.134796 -1660.325859 -1662.481341 -1666.421905 -1676.163229 -1698.946907 -1967.788569 -4063.140761 -4133.653257 -4133.662406 -4133.661738 -4133.660286 -4133.654219 -4133.635513 -4133.586852 -4133.454101 -4133.244146 -4132.980191 -4132.552801 -4131.747048 -4130.044501 -4126.136232 -4116.645681 -4092.744668 -3889.216069 -1746.057280 -1656.697960 -1667.787794 -1665.926953 -1664.846223 -1664.573807 -1664.521250 -1664.512656 -1664.511772 -1664.512116 -1664.512578 -1664.512981 -1664.513309 -1664.513579 -1664.513805 -1664.514000 -1664.514173 -1664.514331 -1664.514482 -1664.514636 -1664.514801 -1664.514993 -1664.515232 -1664.515551 -1664.515999 -1664.516660 -1664.517672 -1664.519274 -1664.521893 -1664.526318 -1664.534051 -1664.548039 -1664.574200 -1664.624777 -1664.726124 -1664.938347 -1665.408258 -1666.520370 -1669.363446 -1677.364631 -1702.878865 -9999.0 -9999.0
-9999.0 -9999.0 820.379026 721.660448 622.758022 523.680249 424.513959 325.309068 226.091812 126.876218 27.670508 -71.517265 -170.685883 -269.824769 -368.909156 -467.896496 -566.707598 -665.206235 -763.510508 -861.796754 -959.749355 -1057.192149 -1152.094488 -1241.170758 -1323.229204 -1396.206206 -1458.691495 -1510.193464 -1551.141231 -1582.663230 -1606.266324 -1623.539221 -1635.948152 -1644.733598 -1650.884145 -1655.157863 -1658.134796 -1660.325859 -1662.481341 -1666.421905 -1676.163229 -1698.946907 -1967.788570 -4063.140761 -4133.653257 -4133.662406 -4133.661738 -4133.660286 -4133.654219 -4133.635513 -4133.586852 -4133.454101 -4133.244146 -4132.980191 -4132.552801 -4131.747048 -4130.044501 -4126.136232 -4116.645681 -4092.744668 -3889.216069 -1746.057280 -1656.697960 -1667.787794 -1665.926953 -1664.846223 -1664.573807 -1664.521250 -1664.512656 -1664.511772 -1664.512116 -1664.512578 -1664.512981 -1664.513309 -1664.513579 -1664.513805 -1664.514000 -1664.514173 -1664.514331 -1664.514482 -1664.514636 -1664.514801 -1664.514993 -1664.515232 -1664.515551 -1664.515999 -1664.516660 -1664.517672 -1664.519274 -1664.521893 -1664.526318 -1664.534051 -1664.548039 -1664.574200 -1664.624777 -1664.726124 -1664.938347 -1665.408258 -1666.520370 -1669.363446 -1677.364631 -1702.878865 -9999.0 -9999.0
-9999.0 -9999.0 -9999.0 -9999.0 -9999.0 -9999.0 -9999.0 -9999.0 -9999.0 -9999.0 -9999.0 -9999.0 -9999.0 -9999.0 -9999.0 -9999.0 -9999.0 -9999.0 -9999.0 -9999.0 -9999.0 -9999.0 -9999.0 -9999.0 -9999.0 -9999.0 -9999.0 -9999.0 -9999.0 -9999.0 -9999.0 -9999.0 -9999.0 -9999.0 -9999.0 -9999.0 -9999.0 -9999.0 -9999.0 -9999.0 -9999.0 -9999.0 -9999.0 -9999.0 -9999.0 -9999.0 -9999.0 -9999.0 -9999.0 -9999.0 -9999.0 -9999.0 -9999.0 -9999.0 -9999.0 -9999.0 -9999.0 -9999.0 -9999.0 -9999.0 -9999.0 -9999.0 -9999.0 -9999.0 -9999.0 -9999.0 -9999.0 -9999.0 -9999.0 -9999.0 -9999.0 -9999.0 -9999.0 -9999.0 -9999.0 -9999.0 -9999.0 -9999.0 -9999.0 -9999.0 -9999.0 -9999.0 -9999.0 -9999.0 -9999.0 -9999.0 -9999.0 -9999.0 -9999.0 -9999.0 -9999.0 -9999.0 -9999.0 -9999.0 -9999.0 -9999.0 -9999.0 -9999.0 -9999.0 -9999.0 -9999.0 -9999.0 -9999.0 -9999.0
-9999.0 -9999.0 -9999.0 -9999.0 -9999.0 -9999.0 -9999.0 -9999.0 -9999.0 -9999.0 -9999.0 -9999.0 -9999.0 -9999.0 -9999.0 -9999.0 -9999.0 -9999.0 -9999.0 -9999.0 -9999.0 -9999.0 -9999.0 -9999.0 -9999.0 -9999.0 -9999.0 -9999.0 -9999.0 -9999.0 -9999.0 -9999.0 -9999.0 -9999.0 -9999.0 -9999.0 -9999.0 -9999.0 -9999.0 -9999.0 -9999.0 -9999.0 -9999.0 -9999.0 -9999.0 -9999.0 -9999.0 -9999.0 -9999.0 -9999.0 -9999.0 -9999.0 -9999.0 -9999.0 -9999.0 -9999.0 -9999.0 -9999.0 -9999.0 -9999.0 -9999.0 -9999.0 -9999.0 -9999.0 -9999.0 -9999.0 -9999.0 -9999.0 -9999.0 -9999.0 -9999.0 -9999.0 -9999.0 -9999.0 -9999.0 -9999.0 -9999.0 -9999.0 -9999.0 -9999.0 -9999.0 -9999.0 -9999.0 -9999.0 -9999.0 -9999.0 -9999.0 -9999.0 -9999.0 -9999.0 -9999.0 -9999.0 -9999.0 -9999.0 -9999.0 -9999.0 -9999.0 -9999.0 -9999.0 -9999.0 -9999.0 -9999.0 -9999.0 -9999.0