inst/processing_geotop_simulation/geotop_simulation/out/maps3D/PwL0006N0325.asc
ncols         104
nrows         10
xllcorner     -2.000000
yllcorner     0.000000
cellsize      1.000000
NODATA_value  -9999.0
-9999.0 -9999.0 -9999.0 -9999.0 -9999.0 -9999.0 -9999.0 -9999.0 -9999.0 -9999.0 -9999.0 -9999.0 -9999.0 -9999.0 -9999.0 -9999.0 -9999.0 -9999.0 -9999.0 -9999.0 -9999.0 -9999.0 -9999.0 -9999.0 -9999.0 -9999.0 -9999.0 -9999.0 -9999.0 -9999.0 -9999.0 -9999.0 -9999.0 -9999.0 -9999.0 -9999.0 -9999.0 -9999.0 -9999.0 -9999.0 -9999.0 -9999.0 -9999.0 -9999.0 -9999.0 -9999.0 -9999.0 -9999.0 -9999.0 -9999.0 -9999.0 -9999.0 -9999.0 -9999.0 -9999.0 -9999.0 -9999.0 -9999.0 -9999.0 -9999.0 -9999.0 -9999.0 -9999.0 -9999.0 -9999.0 -9999.0 -9999.0 -9999.0 -9999.0 -9999.0 -9999.0 -9999.0 -9999.0 -9999.0 -9999.0 -9999.0 -9999.0 -9999.0 -9999.0 -9999.0 -9999.0 -9999.0 -9999.0 -9999.0 -9999.0 -9999.0 -9999.0 -9999.0 -9999.0 -9999.0 -9999.0 -9999.0 -9999.0 -9999.0 -9999.0 -9999.0 -9999.0 -9999.0 -9999.0 -9999.0 -9999.0 -9999.0 -9999.0 -9999.0
-9999.0 -9999.0 -9999.0 -9999.0 -9999.0 -9999.0 -9999.0 -9999.0 -9999.0 -9999.0 -9999.0 -9999.0 -9999.0 -9999.0 -9999.0 -9999.0 -9999.0 -9999.0 -9999.0 -9999.0 -9999.0 -9999.0 -9999.0 -9999.0 -9999.0 -9999.0 -9999.0 -9999.0 -9999.0 -9999.0 -9999.0 -9999.0 -9999.0 -9999.0 -9999.0 -9999.0 -9999.0 -9999.0 -9999.0 -9999.0 -9999.0 -9999.0 -9999.0 -9999.0 -9999.0 -9999.0 -9999.0 -9999.0 -9999.0 -9999.0 -9999.0 -9999.0 -9999.0 -9999.0 -9999.0 -9999.0 -9999.0 -9999.0 -9999.0 -9999.0 -9999.0 -9999.0 -9999.0 -9999.0 -9999.0 -9999.0 -9999.0 -9999.0 -9999.0 -9999.0 -9999.0 -9999.0 -9999.0 -9999.0 -9999.0 -9999.0 -9999.0 -9999.0 -9999.0 -9999.0 -9999.0 -9999.0 -9999.0 -9999.0 -9999.0 -9999.0 -9999.0 -9999.0 -9999.0 -9999.0 -9999.0 -9999.0 -9999.0 -9999.0 -9999.0 -9999.0 -9999.0 -9999.0 -9999.0 -9999.0 -9999.0 -9999.0 -9999.0 -9999.0
-9999.0 -9999.0 275.169381 177.960598 79.582033 -19.189306 -118.112011 -217.096477 -316.094621 -415.071947 -513.988464 -612.752699 -711.179718 -809.481982 -907.625519 -1005.737591 -1103.748505 -1200.575901 -1295.941203 -1388.873301 -1477.514738 -1558.854015 -1629.717200 -1688.197570 -1734.193451 -1768.995625 -1794.557711 -1812.913539 -1825.864406 -1834.872749 -1841.065867 -1845.282882 -1848.132275 -1850.046160 -1851.326620 -1852.184413 -1852.776170 -1853.270893 -1854.078778 -1856.517779 -1861.737360 -1832.378706 -1176.565384 -1202.638689 -1185.220492 -1173.847746 -1168.539318 -1167.753577 -1167.670230 -1167.678181 -1167.699252 -1167.721923 -1167.743712 -1167.763891 -1167.782635 -1167.804581 -1167.873597 -1168.339128 -1171.146754 -1177.407340 -1185.672705 -1147.788555 -1805.295156 -1855.291605 -1855.090652 -1854.213063 -1854.005422 -1853.968757 -1853.963271 -1853.962969 -1853.963447 -1853.963950 -1853.964358 -1853.964674 -1853.964919 -1853.965110 -1853.965263 -1853.965388 -1853.965494 -1853.965589 -1853.965684 -1853.965790 -1853.965923 -1853.966105 -1853.966374 -1853.966784 -1853.967428 -1853.968458 -1853.970137 -1853.972930 -1853.977685 -1853.986010 -1854.001028 -1854.028945 -1854.082330 -1854.187356 -1854.401096 -1854.856881 -1855.893019 -1858.455608 -1865.582422 -1889.014658 -9999.0 -9999.0
-9999.0 -9999.0 275.177473 177.962457 79.582518 -19.189163 -118.111965 -217.096462 -316.094616 -415.071944 -513.988463 -612.752699 -711.179718 -809.481982 -907.625519 -1005.737591 -1103.748505 -1200.575901 -1295.941203 -1388.873301 -1477.514738 -1558.854015 -1629.717200 -1688.197570 -1734.193451 -1768.995625 -1794.557711 -1812.913540 -1825.864406 -1834.872749 -1841.065867 -1845.282882 -1848.132275 -1850.046160 -1851.326620 -1852.184413 -1852.776170 -1853.270893 -1854.078778 -1856.517779 -1861.737360 -1832.378706 -1176.565384 -1202.638689 -1185.220492 -1173.847745 -1168.539318 -1167.753577 -1167.670230 -1167.678181 -1167.699252 -1167.721923 -1167.743712 -1167.763891 -1167.782635 -1167.804581 -1167.873597 -1168.339128 -1171.146754 -1177.407340 -1185.672705 -1147.788555 -1805.295156 -1855.291605 -1855.090652 -1854.213063 -1854.005422 -1853.968757 -1853.963271 -1853.962969 -1853.963447 -1853.963950 -1853.964358 -1853.964674 -1853.964919 -1853.965110 -1853.965263 -1853.965388 -1853.965494 -1853.965589 -1853.965684 -1853.965790 -1853.965923 -1853.966105 -1853.966374 -1853.966784 -1853.967428 -1853.968458 -1853.970137 -1853.972930 -1853.977685 -1853.986010 -1854.001028 -1854.028945 -1854.082330 -1854.187356 -1854.401096 -1854.856881 -1855.893019 -1858.455608 -1865.582422 -1889.014658 -9999.0 -9999.0
-9999.0 -9999.0 275.178875 177.963235 79.582827 -19.189051 -118.111926 -217.096448 -316.094610 -415.071942 -513.988462 -612.752698 -711.179718 -809.481982 -907.625519 -1005.737591 -1103.748505 -1200.575901 -1295.941204 -1388.873301 -1477.514738 -1558.854015 -1629.717200 -1688.197570 -1734.193452 -1768.995625 -1794.557711 -1812.913540 -1825.864406 -1834.872749 -1841.065867 -1845.282882 -1848.132275 -1850.046160 -1851.326620 -1852.184413 -1852.776170 -1853.270893 -1854.078778 -1856.517779 -1861.737360 -1832.378706 -1176.565384 -1202.638689 -1185.220492 -1173.847745 -1168.539318 -1167.753577 -1167.670230 -1167.678181 -1167.699252 -1167.721923 -1167.743712 -1167.763891 -1167.782635 -1167.804581 -1167.873597 -1168.339128 -1171.146754 -1177.407340 -1185.672705 -1147.788555 -1805.295156 -1855.291605 -1855.090652 -1854.213063 -1854.005422 -1853.968757 -1853.963271 -1853.962969 -1853.963447 -1853.963950 -1853.964358 -1853.964674 -1853.964919 -1853.965110 -1853.965263 -1853.965388 -1853.965494 -1853.965589 -1853.965684 -1853.965790 -1853.965923 -1853.966105 -1853.966374 -1853.966784 -1853.967428 -1853.968458 -1853.970137 -1853.972930 -1853.977685 -1853.986010 -1854.001028 -1854.028945 -1854.082330 -1854.187356 -1854.401096 -1854.856881 -1855.893019 -1858.455608 -1865.582422 -1889.014658 -9999.0 -9999.0
-9999.0 -9999.0 275.178875 177.963235 79.582827 -19.189051 -118.111925 -217.096448 -316.094610 -415.071942 -513.988462 -612.752698 -711.179718 -809.481982 -907.625519 -1005.737591 -1103.748505 -1200.575901 -1295.941204 -1388.873301 -1477.514738 -1558.854015 -1629.717200 -1688.197570 -1734.193452 -1768.995625 -1794.557711 -1812.913540 -1825.864406 -1834.872749 -1841.065867 -1845.282882 -1848.132275 -1850.046160 -1851.326620 -1852.184413 -1852.776170 -1853.270893 -1854.078778 -1856.517779 -1861.737360 -1832.378706 -1176.565384 -1202.638689 -1185.220492 -1173.847745 -1168.539318 -1167.753577 -1167.670230 -1167.678181 -1167.699252 -1167.721923 -1167.743712 -1167.763891 -1167.782635 -1167.804581 -1167.873597 -1168.339128 -1171.146754 -1177.407340 -1185.672705 -1147.788555 -1805.295156 -1855.291605 -1855.090652 -1854.213063 -1854.005422 -1853.968757 -1853.963271 -1853.962969 -1853.963447 -1853.963950 -1853.964358 -1853.964674 -1853.964919 -1853.965110 -1853.965263 -1853.965388 -1853.965494 -1853.965589 -1853.965684 -1853.965790 -1853.965923 -1853.966105 -1853.966374 -1853.966784 -1853.967428 -1853.968458 -1853.970137 -1853.972930 -1853.977685 -1853.986010 -1854.001028 -1854.028945 -1854.082330 -1854.187356 -1854.401096 -1854.856881 -1855.893019 -1858.455608 -1865.582422 -1889.014658 -9999.0 -9999.0
-9999.0 -9999.0 275.177473 177.962457 79.582518 -19.189163 -118.111965 -217.096462 -316.094616 -415.071944 -513.988463 -612.752699 -711.179718 -809.481982 -907.625519 -1005.737591 -1103.748505 -1200.575901 -1295.941203 -1388.873301 -1477.514738 -1558.854015 -1629.717200 -1688.197570 -1734.193451 -1768.995625 -1794.557711 -1812.913540 -1825.864406 -1834.872749 -1841.065867 -1845.282882 -1848.132275 -1850.046160 -1851.326620 -1852.184413 -1852.776170 -1853.270893 -1854.078778 -1856.517779 -1861.737360 -1832.378706 -1176.565384 -1202.638689 -1185.220492 -1173.847745 -1168.539318 -1167.753577 -1167.670230 -1167.678181 -1167.699252 -1167.721923 -1167.743712 -1167.763891 -1167.782635 -1167.804581 -1167.873597 -1168.339128 -1171.146754 -1177.407340 -1185.672705 -1147.788555 -1805.295156 -1855.291605 -1855.090652 -1854.213063 -1854.005422 -1853.968757 -1853.963271 -1853.962969 -1853.963447 -1853.963950 -1853.964358 -1853.964674 -1853.964919 -1853.965110 -1853.965263 -1853.965388 -1853.965494 -1853.965589 -1853.965684 -1853.965790 -1853.965923 -1853.966105 -1853.966374 -1853.966784 -1853.967428 -1853.968458 -1853.970137 -1853.972930 -1853.977685 -1853.986010 -1854.001028 -1854.028945 -1854.082330 -1854.187356 -1854.401096 -1854.856881 -1855.893019 -1858.455608 -1865.582422 -1889.014658 -9999.0 -9999.0
-9999.0 -9999.0 275.169381 177.960598 79.582033 -19.189306 -118.112011 -217.096477 -316.094621 -415.071947 -513.988464 -612.752699 -711.179718 -809.481982 -907.625519 -1005.737591 -1103.748505 -1200.575901 -1295.941203 -1388.873301 -1477.514738 -1558.854015 -1629.717200 -1688.197570 -1734.193451 -1768.995625 -1794.557711 -1812.913539 -1825.864406 -1834.872749 -1841.065867 -1845.282882 -1848.132275 -1850.046160 -1851.326620 -1852.184413 -1852.776170 -1853.270893 -1854.078778 -1856.517779 -1861.737360 -1832.378706 -1176.565384 -1202.638689 -1185.220492 -1173.847746 -1168.539318 -1167.753577 -1167.670230 -1167.678181 -1167.699252 -1167.721923 -1167.743712 -1167.763891 -1167.782635 -1167.804581 -1167.873597 -1168.339128 -1171.146754 -1177.407340 -1185.672705 -1147.788555 -1805.295156 -1855.291605 -1855.090652 -1854.213063 -1854.005422 -1853.968757 -1853.963271 -1853.962969 -1853.963447 -1853.963950 -1853.964358 -1853.964674 -1853.964919 -1853.965110 -1853.965263 -1853.965388 -1853.965494 -1853.965589 -1853.965684 -1853.965790 -1853.965923 -1853.966105 -1853.966374 -1853.966784 -1853.967428 -1853.968458 -1853.970137 -1853.972930 -1853.977685 -1853.986010 -1854.001028 -1854.028945 -1854.082330 -1854.187356 -1854.401096 -1854.856881 -1855.893019 -1858.455608 -1865.582422 -1889.014658 -9999.0 -9999.0
-9999.0 -9999.0 -9999.0 -9999.0 -9999.0 -9999.0 -9999.0 -9999.0 -9999.0 -9999.0 -9999.0 -9999.0 -9999.0 -9999.0 -9999.0 -9999.0 -9999.0 -9999.0 -9999.0 -9999.0 -9999.0 -9999.0 -9999.0 -9999.0 -9999.0 -9999.0 -9999.0 -9999.0 -9999.0 -9999.0 -9999.0 -9999.0 -9999.0 -9999.0 -9999.0 -9999.0 -9999.0 -9999.0 -9999.0 -9999.0 -9999.0 -9999.0 -9999.0 -9999.0 -9999.0 -9999.0 -9999.0 -9999.0 -9999.0 -9999.0 -9999.0 -9999.0 -9999.0 -9999.0 -9999.0 -9999.0 -9999.0 -9999.0 -9999.0 -9999.0 -9999.0 -9999.0 -9999.0 -9999.0 -9999.0 -9999.0 -9999.0 -9999.0 -9999.0 -9999.0 -9999.0 -9999.0 -9999.0 -9999.0 -9999.0 -9999.0 -9999.0 -9999.0 -9999.0 -9999.0 -9999.0 -9999.0 -9999.0 -9999.0 -9999.0 -9999.0 -9999.0 -9999.0 -9999.0 -9999.0 -9999.0 -9999.0 -9999.0 -9999.0 -9999.0 -9999.0 -9999.0 -9999.0 -9999.0 -9999.0 -9999.0 -9999.0 -9999.0 -9999.0
-9999.0 -9999.0 -9999.0 -9999.0 -9999.0 -9999.0 -9999.0 -9999.0 -9999.0 -9999.0 -9999.0 -9999.0 -9999.0 -9999.0 -9999.0 -9999.0 -9999.0 -9999.0 -9999.0 -9999.0 -9999.0 -9999.0 -9999.0 -9999.0 -9999.0 -9999.0 -9999.0 -9999.0 -9999.0 -9999.0 -9999.0 -9999.0 -9999.0 -9999.0 -9999.0 -9999.0 -9999.0 -9999.0 -9999.0 -9999.0 -9999.0 -9999.0 -9999.0 -9999.0 -9999.0 -9999.0 -9999.0 -9999.0 -9999.0 -9999.0 -9999.0 -9999.0 -9999.0 -9999.0 -9999.0 -9999.0 -9999.0 -9999.0 -9999.0 -9999.0 -9999.0 -9999.0 -9999.0 -9999.0 -9999.0 -9999.0 -9999.0 -9999.0 -9999.0 -9999.0 -9999.0 -9999.0 -9999.0 -9999.0 -9999.0 -9999.0 -9999.0 -9999.0 -9999.0 -9999.0 -9999.0 -9999.0 -9999.0 -9999.0 -9999.0 -9999.0 -9999.0 -9999.0 -9999.0 -9999.0 -9999.0 -9999.0 -9999.0 -9999.0 -9999.0 -9999.0 -9999.0 -9999.0 -9999.0 -9999.0 -9999.0 -9999.0 -9999.0 -9999.0