inst/processing_geotop_simulation/geotop_simulation/out/maps3D/PwL0002N0301.asc
ncols         104
nrows         10
xllcorner     -2.000000
yllcorner     0.000000
cellsize      1.000000
NODATA_value  -9999.0
-9999.0 -9999.0 -9999.0 -9999.0 -9999.0 -9999.0 -9999.0 -9999.0 -9999.0 -9999.0 -9999.0 -9999.0 -9999.0 -9999.0 -9999.0 -9999.0 -9999.0 -9999.0 -9999.0 -9999.0 -9999.0 -9999.0 -9999.0 -9999.0 -9999.0 -9999.0 -9999.0 -9999.0 -9999.0 -9999.0 -9999.0 -9999.0 -9999.0 -9999.0 -9999.0 -9999.0 -9999.0 -9999.0 -9999.0 -9999.0 -9999.0 -9999.0 -9999.0 -9999.0 -9999.0 -9999.0 -9999.0 -9999.0 -9999.0 -9999.0 -9999.0 -9999.0 -9999.0 -9999.0 -9999.0 -9999.0 -9999.0 -9999.0 -9999.0 -9999.0 -9999.0 -9999.0 -9999.0 -9999.0 -9999.0 -9999.0 -9999.0 -9999.0 -9999.0 -9999.0 -9999.0 -9999.0 -9999.0 -9999.0 -9999.0 -9999.0 -9999.0 -9999.0 -9999.0 -9999.0 -9999.0 -9999.0 -9999.0 -9999.0 -9999.0 -9999.0 -9999.0 -9999.0 -9999.0 -9999.0 -9999.0 -9999.0 -9999.0 -9999.0 -9999.0 -9999.0 -9999.0 -9999.0 -9999.0 -9999.0 -9999.0 -9999.0 -9999.0 -9999.0
-9999.0 -9999.0 -9999.0 -9999.0 -9999.0 -9999.0 -9999.0 -9999.0 -9999.0 -9999.0 -9999.0 -9999.0 -9999.0 -9999.0 -9999.0 -9999.0 -9999.0 -9999.0 -9999.0 -9999.0 -9999.0 -9999.0 -9999.0 -9999.0 -9999.0 -9999.0 -9999.0 -9999.0 -9999.0 -9999.0 -9999.0 -9999.0 -9999.0 -9999.0 -9999.0 -9999.0 -9999.0 -9999.0 -9999.0 -9999.0 -9999.0 -9999.0 -9999.0 -9999.0 -9999.0 -9999.0 -9999.0 -9999.0 -9999.0 -9999.0 -9999.0 -9999.0 -9999.0 -9999.0 -9999.0 -9999.0 -9999.0 -9999.0 -9999.0 -9999.0 -9999.0 -9999.0 -9999.0 -9999.0 -9999.0 -9999.0 -9999.0 -9999.0 -9999.0 -9999.0 -9999.0 -9999.0 -9999.0 -9999.0 -9999.0 -9999.0 -9999.0 -9999.0 -9999.0 -9999.0 -9999.0 -9999.0 -9999.0 -9999.0 -9999.0 -9999.0 -9999.0 -9999.0 -9999.0 -9999.0 -9999.0 -9999.0 -9999.0 -9999.0 -9999.0 -9999.0 -9999.0 -9999.0 -9999.0 -9999.0 -9999.0 -9999.0 -9999.0 -9999.0
-9999.0 -9999.0 76.713064 -19.287971 -117.365049 -215.939389 -314.695463 -413.512624 -512.329007 -611.095249 -709.703164 -808.098199 -906.211964 -1003.948501 -1101.593942 -1199.077968 -1295.703864 -1390.941788 -1484.033772 -1573.756214 -1657.548830 -1731.676615 -1793.162068 -1841.238293 -1877.142608 -1903.101481 -1921.461522 -1934.248288 -1943.047702 -1949.041431 -1953.087129 -1955.796382 -1957.598774 -1958.791773 -1959.579009 -1960.100500 -1960.461321 -1960.785844 -1961.425926 -1963.639366 -1968.530723 -1930.323754 -1186.071982 -1184.335475 -1173.656716 -1166.732173 -1163.478325 -1162.980930 -1162.927704 -1162.933305 -1162.947503 -1162.962764 -1162.977433 -1162.991018 -1163.003632 -1163.018329 -1163.063783 -1163.364023 -1165.106688 -1168.979731 -1174.478636 -1168.548910 -1907.527295 -1962.701659 -1962.267716 -1961.402967 -1961.212397 -1961.180053 -1961.175387 -1961.175270 -1961.175823 -1961.176371 -1961.176811 -1961.177149 -1961.177409 -1961.177612 -1961.177773 -1961.177903 -1961.178013 -1961.178112 -1961.178209 -1961.178318 -1961.178455 -1961.178645 -1961.178926 -1961.179359 -1961.180039 -1961.181131 -1961.182909 -1961.185865 -1961.190891 -1961.199670 -1961.215467 -1961.244748 -1961.300550 -1961.409772 -1961.630256 -1962.094909 -1963.135872 -1965.670164 -1972.624765 -1995.484248 -9999.0 -9999.0
-9999.0 -9999.0 76.724350 -19.285951 -117.364544 -215.939243 -314.695417 -413.512608 -512.329001 -611.095247 -709.703163 -808.098199 -906.211964 -1003.948501 -1101.593942 -1199.077968 -1295.703864 -1390.941788 -1484.033772 -1573.756214 -1657.548831 -1731.676615 -1793.162068 -1841.238293 -1877.142608 -1903.101481 -1921.461522 -1934.248288 -1943.047702 -1949.041431 -1953.087129 -1955.796382 -1957.598774 -1958.791773 -1959.579009 -1960.100500 -1960.461321 -1960.785844 -1961.425926 -1963.639366 -1968.530723 -1930.323754 -1186.071982 -1184.335475 -1173.656716 -1166.732173 -1163.478325 -1162.980930 -1162.927704 -1162.933305 -1162.947503 -1162.962764 -1162.977433 -1162.991018 -1163.003632 -1163.018329 -1163.063783 -1163.364023 -1165.106688 -1168.979731 -1174.478636 -1168.548910 -1907.527295 -1962.701659 -1962.267716 -1961.402967 -1961.212397 -1961.180053 -1961.175387 -1961.175270 -1961.175823 -1961.176371 -1961.176811 -1961.177149 -1961.177409 -1961.177612 -1961.177773 -1961.177903 -1961.178013 -1961.178112 -1961.178209 -1961.178318 -1961.178455 -1961.178645 -1961.178926 -1961.179359 -1961.180039 -1961.181131 -1961.182909 -1961.185865 -1961.190891 -1961.199670 -1961.215467 -1961.244748 -1961.300550 -1961.409772 -1961.630256 -1962.094909 -1963.135872 -1965.670164 -1972.624765 -1995.484248 -9999.0 -9999.0
-9999.0 -9999.0 76.725575 -19.285141 -117.364225 -215.939127 -314.695376 -413.512594 -512.328996 -611.095245 -709.703162 -808.098198 -906.211963 -1003.948501 -1101.593942 -1199.077968 -1295.703864 -1390.941788 -1484.033772 -1573.756214 -1657.548831 -1731.676616 -1793.162068 -1841.238294 -1877.142609 -1903.101481 -1921.461522 -1934.248288 -1943.047702 -1949.041431 -1953.087129 -1955.796382 -1957.598774 -1958.791773 -1959.579009 -1960.100500 -1960.461321 -1960.785844 -1961.425926 -1963.639366 -1968.530723 -1930.323754 -1186.071982 -1184.335475 -1173.656716 -1166.732172 -1163.478325 -1162.980930 -1162.927704 -1162.933305 -1162.947503 -1162.962764 -1162.977433 -1162.991018 -1163.003632 -1163.018329 -1163.063783 -1163.364023 -1165.106688 -1168.979731 -1174.478636 -1168.548910 -1907.527295 -1962.701659 -1962.267716 -1961.402967 -1961.212397 -1961.180053 -1961.175387 -1961.175270 -1961.175823 -1961.176371 -1961.176811 -1961.177149 -1961.177409 -1961.177612 -1961.177773 -1961.177903 -1961.178013 -1961.178112 -1961.178209 -1961.178318 -1961.178455 -1961.178645 -1961.178926 -1961.179359 -1961.180039 -1961.181131 -1961.182909 -1961.185865 -1961.190891 -1961.199670 -1961.215467 -1961.244748 -1961.300550 -1961.409772 -1961.630256 -1962.094909 -1963.135872 -1965.670164 -1972.624765 -1995.484248 -9999.0 -9999.0
-9999.0 -9999.0 76.725575 -19.285141 -117.364225 -215.939127 -314.695376 -413.512594 -512.328996 -611.095245 -709.703162 -808.098199 -906.211963 -1003.948501 -1101.593942 -1199.077968 -1295.703864 -1390.941788 -1484.033772 -1573.756214 -1657.548831 -1731.676616 -1793.162068 -1841.238294 -1877.142609 -1903.101481 -1921.461522 -1934.248288 -1943.047702 -1949.041431 -1953.087129 -1955.796382 -1957.598774 -1958.791773 -1959.579009 -1960.100500 -1960.461321 -1960.785844 -1961.425926 -1963.639366 -1968.530723 -1930.323754 -1186.071982 -1184.335475 -1173.656716 -1166.732172 -1163.478325 -1162.980930 -1162.927704 -1162.933305 -1162.947503 -1162.962764 -1162.977433 -1162.991018 -1163.003632 -1163.018329 -1163.063783 -1163.364023 -1165.106688 -1168.979731 -1174.478636 -1168.548910 -1907.527295 -1962.701659 -1962.267716 -1961.402967 -1961.212397 -1961.180053 -1961.175387 -1961.175270 -1961.175823 -1961.176371 -1961.176811 -1961.177149 -1961.177409 -1961.177612 -1961.177773 -1961.177903 -1961.178013 -1961.178112 -1961.178209 -1961.178318 -1961.178455 -1961.178645 -1961.178926 -1961.179359 -1961.180039 -1961.181131 -1961.182909 -1961.185865 -1961.190891 -1961.199670 -1961.215467 -1961.244748 -1961.300550 -1961.409772 -1961.630256 -1962.094909 -1963.135872 -1965.670164 -1972.624765 -1995.484248 -9999.0 -9999.0
-9999.0 -9999.0 76.724350 -19.285951 -117.364544 -215.939243 -314.695417 -413.512608 -512.329001 -611.095247 -709.703163 -808.098199 -906.211964 -1003.948501 -1101.593942 -1199.077968 -1295.703864 -1390.941788 -1484.033772 -1573.756214 -1657.548831 -1731.676615 -1793.162068 -1841.238293 -1877.142608 -1903.101481 -1921.461522 -1934.248288 -1943.047702 -1949.041431 -1953.087129 -1955.796382 -1957.598774 -1958.791773 -1959.579009 -1960.100500 -1960.461321 -1960.785844 -1961.425926 -1963.639366 -1968.530723 -1930.323754 -1186.071982 -1184.335475 -1173.656716 -1166.732173 -1163.478325 -1162.980930 -1162.927704 -1162.933305 -1162.947503 -1162.962764 -1162.977433 -1162.991018 -1163.003632 -1163.018329 -1163.063783 -1163.364023 -1165.106688 -1168.979731 -1174.478636 -1168.548910 -1907.527295 -1962.701659 -1962.267716 -1961.402967 -1961.212397 -1961.180053 -1961.175387 -1961.175270 -1961.175823 -1961.176371 -1961.176811 -1961.177149 -1961.177409 -1961.177612 -1961.177773 -1961.177903 -1961.178013 -1961.178112 -1961.178209 -1961.178318 -1961.178455 -1961.178645 -1961.178926 -1961.179359 -1961.180039 -1961.181131 -1961.182909 -1961.185865 -1961.190891 -1961.199670 -1961.215467 -1961.244748 -1961.300550 -1961.409772 -1961.630256 -1962.094909 -1963.135872 -1965.670164 -1972.624765 -1995.484248 -9999.0 -9999.0
-9999.0 -9999.0 76.713064 -19.287971 -117.365049 -215.939389 -314.695463 -413.512624 -512.329007 -611.095249 -709.703164 -808.098199 -906.211964 -1003.948501 -1101.593942 -1199.077968 -1295.703863 -1390.941788 -1484.033772 -1573.756214 -1657.548830 -1731.676615 -1793.162068 -1841.238293 -1877.142608 -1903.101481 -1921.461522 -1934.248288 -1943.047702 -1949.041431 -1953.087129 -1955.796382 -1957.598774 -1958.791773 -1959.579009 -1960.100500 -1960.461321 -1960.785844 -1961.425926 -1963.639366 -1968.530723 -1930.323754 -1186.071982 -1184.335475 -1173.656716 -1166.732173 -1163.478325 -1162.980930 -1162.927704 -1162.933305 -1162.947503 -1162.962764 -1162.977433 -1162.991018 -1163.003632 -1163.018329 -1163.063783 -1163.364023 -1165.106688 -1168.979731 -1174.478636 -1168.548910 -1907.527295 -1962.701659 -1962.267716 -1961.402967 -1961.212397 -1961.180053 -1961.175387 -1961.175270 -1961.175823 -1961.176371 -1961.176811 -1961.177149 -1961.177409 -1961.177612 -1961.177773 -1961.177903 -1961.178013 -1961.178112 -1961.178209 -1961.178318 -1961.178455 -1961.178645 -1961.178926 -1961.179359 -1961.180039 -1961.181131 -1961.182909 -1961.185865 -1961.190891 -1961.199670 -1961.215467 -1961.244748 -1961.300550 -1961.409772 -1961.630256 -1962.094909 -1963.135872 -1965.670164 -1972.624765 -1995.484248 -9999.0 -9999.0
-9999.0 -9999.0 -9999.0 -9999.0 -9999.0 -9999.0 -9999.0 -9999.0 -9999.0 -9999.0 -9999.0 -9999.0 -9999.0 -9999.0 -9999.0 -9999.0 -9999.0 -9999.0 -9999.0 -9999.0 -9999.0 -9999.0 -9999.0 -9999.0 -9999.0 -9999.0 -9999.0 -9999.0 -9999.0 -9999.0 -9999.0 -9999.0 -9999.0 -9999.0 -9999.0 -9999.0 -9999.0 -9999.0 -9999.0 -9999.0 -9999.0 -9999.0 -9999.0 -9999.0 -9999.0 -9999.0 -9999.0 -9999.0 -9999.0 -9999.0 -9999.0 -9999.0 -9999.0 -9999.0 -9999.0 -9999.0 -9999.0 -9999.0 -9999.0 -9999.0 -9999.0 -9999.0 -9999.0 -9999.0 -9999.0 -9999.0 -9999.0 -9999.0 -9999.0 -9999.0 -9999.0 -9999.0 -9999.0 -9999.0 -9999.0 -9999.0 -9999.0 -9999.0 -9999.0 -9999.0 -9999.0 -9999.0 -9999.0 -9999.0 -9999.0 -9999.0 -9999.0 -9999.0 -9999.0 -9999.0 -9999.0 -9999.0 -9999.0 -9999.0 -9999.0 -9999.0 -9999.0 -9999.0 -9999.0 -9999.0 -9999.0 -9999.0 -9999.0 -9999.0
-9999.0 -9999.0 -9999.0 -9999.0 -9999.0 -9999.0 -9999.0 -9999.0 -9999.0 -9999.0 -9999.0 -9999.0 -9999.0 -9999.0 -9999.0 -9999.0 -9999.0 -9999.0 -9999.0 -9999.0 -9999.0 -9999.0 -9999.0 -9999.0 -9999.0 -9999.0 -9999.0 -9999.0 -9999.0 -9999.0 -9999.0 -9999.0 -9999.0 -9999.0 -9999.0 -9999.0 -9999.0 -9999.0 -9999.0 -9999.0 -9999.0 -9999.0 -9999.0 -9999.0 -9999.0 -9999.0 -9999.0 -9999.0 -9999.0 -9999.0 -9999.0 -9999.0 -9999.0 -9999.0 -9999.0 -9999.0 -9999.0 -9999.0 -9999.0 -9999.0 -9999.0 -9999.0 -9999.0 -9999.0 -9999.0 -9999.0 -9999.0 -9999.0 -9999.0 -9999.0 -9999.0 -9999.0 -9999.0 -9999.0 -9999.0 -9999.0 -9999.0 -9999.0 -9999.0 -9999.0 -9999.0 -9999.0 -9999.0 -9999.0 -9999.0 -9999.0 -9999.0 -9999.0 -9999.0 -9999.0 -9999.0 -9999.0 -9999.0 -9999.0 -9999.0 -9999.0 -9999.0 -9999.0 -9999.0 -9999.0 -9999.0 -9999.0 -9999.0 -9999.0