inst/processing_geotop_simulation/geotop_simulation/out/maps3D/PwL0020N0427.asc
ncols         104
nrows         10
xllcorner     -2.000000
yllcorner     0.000000
cellsize      1.000000
NODATA_value  -9999.0
-9999.0 -9999.0 -9999.0 -9999.0 -9999.0 -9999.0 -9999.0 -9999.0 -9999.0 -9999.0 -9999.0 -9999.0 -9999.0 -9999.0 -9999.0 -9999.0 -9999.0 -9999.0 -9999.0 -9999.0 -9999.0 -9999.0 -9999.0 -9999.0 -9999.0 -9999.0 -9999.0 -9999.0 -9999.0 -9999.0 -9999.0 -9999.0 -9999.0 -9999.0 -9999.0 -9999.0 -9999.0 -9999.0 -9999.0 -9999.0 -9999.0 -9999.0 -9999.0 -9999.0 -9999.0 -9999.0 -9999.0 -9999.0 -9999.0 -9999.0 -9999.0 -9999.0 -9999.0 -9999.0 -9999.0 -9999.0 -9999.0 -9999.0 -9999.0 -9999.0 -9999.0 -9999.0 -9999.0 -9999.0 -9999.0 -9999.0 -9999.0 -9999.0 -9999.0 -9999.0 -9999.0 -9999.0 -9999.0 -9999.0 -9999.0 -9999.0 -9999.0 -9999.0 -9999.0 -9999.0 -9999.0 -9999.0 -9999.0 -9999.0 -9999.0 -9999.0 -9999.0 -9999.0 -9999.0 -9999.0 -9999.0 -9999.0 -9999.0 -9999.0 -9999.0 -9999.0 -9999.0 -9999.0 -9999.0 -9999.0 -9999.0 -9999.0 -9999.0 -9999.0
-9999.0 -9999.0 -9999.0 -9999.0 -9999.0 -9999.0 -9999.0 -9999.0 -9999.0 -9999.0 -9999.0 -9999.0 -9999.0 -9999.0 -9999.0 -9999.0 -9999.0 -9999.0 -9999.0 -9999.0 -9999.0 -9999.0 -9999.0 -9999.0 -9999.0 -9999.0 -9999.0 -9999.0 -9999.0 -9999.0 -9999.0 -9999.0 -9999.0 -9999.0 -9999.0 -9999.0 -9999.0 -9999.0 -9999.0 -9999.0 -9999.0 -9999.0 -9999.0 -9999.0 -9999.0 -9999.0 -9999.0 -9999.0 -9999.0 -9999.0 -9999.0 -9999.0 -9999.0 -9999.0 -9999.0 -9999.0 -9999.0 -9999.0 -9999.0 -9999.0 -9999.0 -9999.0 -9999.0 -9999.0 -9999.0 -9999.0 -9999.0 -9999.0 -9999.0 -9999.0 -9999.0 -9999.0 -9999.0 -9999.0 -9999.0 -9999.0 -9999.0 -9999.0 -9999.0 -9999.0 -9999.0 -9999.0 -9999.0 -9999.0 -9999.0 -9999.0 -9999.0 -9999.0 -9999.0 -9999.0 -9999.0 -9999.0 -9999.0 -9999.0 -9999.0 -9999.0 -9999.0 -9999.0 -9999.0 -9999.0 -9999.0 -9999.0 -9999.0 -9999.0
-9999.0 -9999.0 968.341046 869.219513 770.035566 670.743749 571.392149 472.013914 372.627571 273.243318 173.866881 74.501579 -24.848573 -124.181189 -223.494487 -322.775244 -421.999616 -521.122591 -620.062459 -718.675618 -817.364821 -915.769818 -1013.729910 -1111.009534 -1202.610644 -1288.387494 -1366.346397 -1434.849560 -1492.935868 -1540.478813 -1578.126840 -1607.076288 -1628.786604 -1644.735291 -1656.259033 -1664.482709 -1670.323281 -1674.586325 -1678.274010 -1683.306879 -1693.167067 -1713.195635 -1787.074722 -3496.157444 -3983.326155 -3983.146392 -3946.415533 -3754.326814 -3455.873377 -3181.378538 -2962.768854 -2776.340879 -2663.460690 -2590.707039 -2523.145889 -2452.273222 -2375.613516 -2294.456998 -2212.029872 -2130.451655 -2028.215434 -1550.881700 -1668.654783 -1685.435675 -1684.781474 -1683.813526 -1683.523742 -1683.461821 -1683.450908 -1683.449593 -1683.449893 -1683.450395 -1683.450864 -1683.451274 -1683.451636 -1683.451963 -1683.452266 -1683.452554 -1683.452833 -1683.453111 -1683.453396 -1683.453697 -1683.454029 -1683.454411 -1683.454872 -1683.455460 -1683.456252 -1683.457375 -1683.459054 -1683.461687 -1683.466016 -1683.473459 -1683.486814 -1683.511754 -1683.560172 -1683.658195 -1683.866763 -1684.337688 -1685.474742 -1688.433996 -1696.845046 -1723.409196 -9999.0 -9999.0
-9999.0 -9999.0 968.343695 869.220537 770.035905 670.743860 571.392187 472.013927 372.627576 273.243320 173.866882 74.501579 -24.848572 -124.181189 -223.494487 -322.775244 -421.999616 -521.122591 -620.062459 -718.675618 -817.364822 -915.769818 -1013.729910 -1111.009534 -1202.610644 -1288.387494 -1366.346397 -1434.849560 -1492.935868 -1540.478813 -1578.126840 -1607.076288 -1628.786604 -1644.735291 -1656.259033 -1664.482709 -1670.323281 -1674.586325 -1678.274010 -1683.306879 -1693.167067 -1713.195635 -1787.074721 -3496.157442 -3983.326155 -3983.146392 -3946.415533 -3754.326813 -3455.873377 -3181.378536 -2962.768852 -2776.340878 -2663.460690 -2590.707039 -2523.145888 -2452.273222 -2375.613516 -2294.456998 -2212.029872 -2130.451655 -2028.215434 -1550.881700 -1668.654783 -1685.435675 -1684.781474 -1683.813526 -1683.523742 -1683.461821 -1683.450908 -1683.449593 -1683.449893 -1683.450395 -1683.450864 -1683.451274 -1683.451636 -1683.451963 -1683.452266 -1683.452554 -1683.452833 -1683.453111 -1683.453396 -1683.453697 -1683.454029 -1683.454411 -1683.454872 -1683.455460 -1683.456252 -1683.457375 -1683.459054 -1683.461687 -1683.466016 -1683.473459 -1683.486814 -1683.511754 -1683.560172 -1683.658195 -1683.866763 -1684.337688 -1685.474742 -1688.433996 -1696.845046 -1723.409196 -9999.0 -9999.0
-9999.0 -9999.0 968.344727 869.221093 770.036141 670.743951 571.392220 472.013939 372.627581 273.243322 173.866883 74.501580 -24.848572 -124.181189 -223.494487 -322.775244 -421.999616 -521.122591 -620.062459 -718.675619 -817.364822 -915.769819 -1013.729911 -1111.009535 -1202.610644 -1288.387494 -1366.346397 -1434.849560 -1492.935868 -1540.478813 -1578.126840 -1607.076288 -1628.786604 -1644.735291 -1656.259033 -1664.482709 -1670.323281 -1674.586325 -1678.274010 -1683.306879 -1693.167067 -1713.195635 -1787.074721 -3496.157442 -3983.326155 -3983.146392 -3946.415532 -3754.326813 -3455.873376 -3181.378534 -2962.768850 -2776.340877 -2663.460689 -2590.707038 -2523.145889 -2452.273222 -2375.613516 -2294.456998 -2212.029872 -2130.451654 -2028.215434 -1550.881700 -1668.654783 -1685.435675 -1684.781474 -1683.813526 -1683.523742 -1683.461821 -1683.450908 -1683.449593 -1683.449893 -1683.450395 -1683.450864 -1683.451274 -1683.451636 -1683.451963 -1683.452266 -1683.452554 -1683.452833 -1683.453111 -1683.453396 -1683.453697 -1683.454029 -1683.454411 -1683.454872 -1683.455460 -1683.456252 -1683.457375 -1683.459054 -1683.461687 -1683.466016 -1683.473459 -1683.486814 -1683.511754 -1683.560172 -1683.658195 -1683.866763 -1684.337688 -1685.474742 -1688.433996 -1696.845046 -1723.409196 -9999.0 -9999.0
-9999.0 -9999.0 968.344727 869.221093 770.036141 670.743951 571.392220 472.013940 372.627581 273.243322 173.866883 74.501580 -24.848572 -124.181189 -223.494487 -322.775244 -421.999616 -521.122591 -620.062459 -718.675619 -817.364822 -915.769819 -1013.729911 -1111.009535 -1202.610644 -1288.387494 -1366.346397 -1434.849560 -1492.935868 -1540.478813 -1578.126840 -1607.076288 -1628.786604 -1644.735291 -1656.259033 -1664.482709 -1670.323281 -1674.586325 -1678.274010 -1683.306879 -1693.167067 -1713.195635 -1787.074721 -3496.157442 -3983.326155 -3983.146392 -3946.415532 -3754.326813 -3455.873377 -3181.378535 -2962.768850 -2776.340877 -2663.460689 -2590.707039 -2523.145888 -2452.273222 -2375.613515 -2294.456998 -2212.029871 -2130.451655 -2028.215434 -1550.881700 -1668.654783 -1685.435675 -1684.781474 -1683.813526 -1683.523742 -1683.461821 -1683.450908 -1683.449593 -1683.449893 -1683.450395 -1683.450864 -1683.451274 -1683.451636 -1683.451963 -1683.452266 -1683.452554 -1683.452833 -1683.453111 -1683.453396 -1683.453697 -1683.454029 -1683.454411 -1683.454872 -1683.455460 -1683.456252 -1683.457375 -1683.459054 -1683.461687 -1683.466016 -1683.473459 -1683.486814 -1683.511754 -1683.560172 -1683.658195 -1683.866763 -1684.337688 -1685.474742 -1688.433996 -1696.845046 -1723.409196 -9999.0 -9999.0
-9999.0 -9999.0 968.343695 869.220537 770.035905 670.743860 571.392187 472.013927 372.627576 273.243321 173.866882 74.501579 -24.848572 -124.181189 -223.494487 -322.775244 -421.999616 -521.122591 -620.062459 -718.675618 -817.364822 -915.769818 -1013.729910 -1111.009534 -1202.610644 -1288.387494 -1366.346397 -1434.849560 -1492.935868 -1540.478813 -1578.126840 -1607.076288 -1628.786604 -1644.735291 -1656.259033 -1664.482709 -1670.323281 -1674.586325 -1678.274010 -1683.306879 -1693.167067 -1713.195635 -1787.074721 -3496.157442 -3983.326155 -3983.146392 -3946.415533 -3754.326813 -3455.873377 -3181.378535 -2962.768851 -2776.340878 -2663.460690 -2590.707039 -2523.145889 -2452.273222 -2375.613516 -2294.456998 -2212.029872 -2130.451655 -2028.215434 -1550.881700 -1668.654783 -1685.435675 -1684.781474 -1683.813526 -1683.523742 -1683.461821 -1683.450908 -1683.449593 -1683.449893 -1683.450395 -1683.450864 -1683.451274 -1683.451636 -1683.451963 -1683.452266 -1683.452554 -1683.452833 -1683.453111 -1683.453396 -1683.453697 -1683.454029 -1683.454411 -1683.454872 -1683.455460 -1683.456252 -1683.457375 -1683.459054 -1683.461687 -1683.466016 -1683.473459 -1683.486814 -1683.511754 -1683.560172 -1683.658195 -1683.866763 -1684.337688 -1685.474742 -1688.433996 -1696.845046 -1723.409196 -9999.0 -9999.0
-9999.0 -9999.0 968.341046 869.219514 770.035566 670.743749 571.392149 472.013914 372.627571 273.243318 173.866881 74.501579 -24.848573 -124.181189 -223.494487 -322.775244 -421.999616 -521.122591 -620.062459 -718.675618 -817.364821 -915.769818 -1013.729910 -1111.009534 -1202.610644 -1288.387494 -1366.346397 -1434.849560 -1492.935868 -1540.478813 -1578.126840 -1607.076288 -1628.786604 -1644.735291 -1656.259033 -1664.482709 -1670.323281 -1674.586325 -1678.274010 -1683.306879 -1693.167067 -1713.195635 -1787.074722 -3496.157444 -3983.326155 -3983.146392 -3946.415533 -3754.326814 -3455.873377 -3181.378538 -2962.768855 -2776.340879 -2663.460690 -2590.707039 -2523.145889 -2452.273222 -2375.613516 -2294.456998 -2212.029872 -2130.451655 -2028.215434 -1550.881700 -1668.654783 -1685.435675 -1684.781474 -1683.813526 -1683.523742 -1683.461821 -1683.450908 -1683.449593 -1683.449893 -1683.450395 -1683.450864 -1683.451274 -1683.451636 -1683.451963 -1683.452266 -1683.452554 -1683.452833 -1683.453111 -1683.453396 -1683.453697 -1683.454029 -1683.454411 -1683.454872 -1683.455460 -1683.456252 -1683.457375 -1683.459054 -1683.461687 -1683.466016 -1683.473459 -1683.486814 -1683.511754 -1683.560172 -1683.658195 -1683.866763 -1684.337688 -1685.474742 -1688.433996 -1696.845046 -1723.409196 -9999.0 -9999.0
-9999.0 -9999.0 -9999.0 -9999.0 -9999.0 -9999.0 -9999.0 -9999.0 -9999.0 -9999.0 -9999.0 -9999.0 -9999.0 -9999.0 -9999.0 -9999.0 -9999.0 -9999.0 -9999.0 -9999.0 -9999.0 -9999.0 -9999.0 -9999.0 -9999.0 -9999.0 -9999.0 -9999.0 -9999.0 -9999.0 -9999.0 -9999.0 -9999.0 -9999.0 -9999.0 -9999.0 -9999.0 -9999.0 -9999.0 -9999.0 -9999.0 -9999.0 -9999.0 -9999.0 -9999.0 -9999.0 -9999.0 -9999.0 -9999.0 -9999.0 -9999.0 -9999.0 -9999.0 -9999.0 -9999.0 -9999.0 -9999.0 -9999.0 -9999.0 -9999.0 -9999.0 -9999.0 -9999.0 -9999.0 -9999.0 -9999.0 -9999.0 -9999.0 -9999.0 -9999.0 -9999.0 -9999.0 -9999.0 -9999.0 -9999.0 -9999.0 -9999.0 -9999.0 -9999.0 -9999.0 -9999.0 -9999.0 -9999.0 -9999.0 -9999.0 -9999.0 -9999.0 -9999.0 -9999.0 -9999.0 -9999.0 -9999.0 -9999.0 -9999.0 -9999.0 -9999.0 -9999.0 -9999.0 -9999.0 -9999.0 -9999.0 -9999.0 -9999.0 -9999.0
-9999.0 -9999.0 -9999.0 -9999.0 -9999.0 -9999.0 -9999.0 -9999.0 -9999.0 -9999.0 -9999.0 -9999.0 -9999.0 -9999.0 -9999.0 -9999.0 -9999.0 -9999.0 -9999.0 -9999.0 -9999.0 -9999.0 -9999.0 -9999.0 -9999.0 -9999.0 -9999.0 -9999.0 -9999.0 -9999.0 -9999.0 -9999.0 -9999.0 -9999.0 -9999.0 -9999.0 -9999.0 -9999.0 -9999.0 -9999.0 -9999.0 -9999.0 -9999.0 -9999.0 -9999.0 -9999.0 -9999.0 -9999.0 -9999.0 -9999.0 -9999.0 -9999.0 -9999.0 -9999.0 -9999.0 -9999.0 -9999.0 -9999.0 -9999.0 -9999.0 -9999.0 -9999.0 -9999.0 -9999.0 -9999.0 -9999.0 -9999.0 -9999.0 -9999.0 -9999.0 -9999.0 -9999.0 -9999.0 -9999.0 -9999.0 -9999.0 -9999.0 -9999.0 -9999.0 -9999.0 -9999.0 -9999.0 -9999.0 -9999.0 -9999.0 -9999.0 -9999.0 -9999.0 -9999.0 -9999.0 -9999.0 -9999.0 -9999.0 -9999.0 -9999.0 -9999.0 -9999.0 -9999.0 -9999.0 -9999.0 -9999.0 -9999.0 -9999.0 -9999.0