inst/processing_geotop_simulation/geotop_simulation/out/maps3D/PwL0021N0069.asc
ncols         104
nrows         10
xllcorner     -2.000000
yllcorner     0.000000
cellsize      1.000000
NODATA_value  -9999.0
-9999.0 -9999.0 -9999.0 -9999.0 -9999.0 -9999.0 -9999.0 -9999.0 -9999.0 -9999.0 -9999.0 -9999.0 -9999.0 -9999.0 -9999.0 -9999.0 -9999.0 -9999.0 -9999.0 -9999.0 -9999.0 -9999.0 -9999.0 -9999.0 -9999.0 -9999.0 -9999.0 -9999.0 -9999.0 -9999.0 -9999.0 -9999.0 -9999.0 -9999.0 -9999.0 -9999.0 -9999.0 -9999.0 -9999.0 -9999.0 -9999.0 -9999.0 -9999.0 -9999.0 -9999.0 -9999.0 -9999.0 -9999.0 -9999.0 -9999.0 -9999.0 -9999.0 -9999.0 -9999.0 -9999.0 -9999.0 -9999.0 -9999.0 -9999.0 -9999.0 -9999.0 -9999.0 -9999.0 -9999.0 -9999.0 -9999.0 -9999.0 -9999.0 -9999.0 -9999.0 -9999.0 -9999.0 -9999.0 -9999.0 -9999.0 -9999.0 -9999.0 -9999.0 -9999.0 -9999.0 -9999.0 -9999.0 -9999.0 -9999.0 -9999.0 -9999.0 -9999.0 -9999.0 -9999.0 -9999.0 -9999.0 -9999.0 -9999.0 -9999.0 -9999.0 -9999.0 -9999.0 -9999.0 -9999.0 -9999.0 -9999.0 -9999.0 -9999.0 -9999.0
-9999.0 -9999.0 -9999.0 -9999.0 -9999.0 -9999.0 -9999.0 -9999.0 -9999.0 -9999.0 -9999.0 -9999.0 -9999.0 -9999.0 -9999.0 -9999.0 -9999.0 -9999.0 -9999.0 -9999.0 -9999.0 -9999.0 -9999.0 -9999.0 -9999.0 -9999.0 -9999.0 -9999.0 -9999.0 -9999.0 -9999.0 -9999.0 -9999.0 -9999.0 -9999.0 -9999.0 -9999.0 -9999.0 -9999.0 -9999.0 -9999.0 -9999.0 -9999.0 -9999.0 -9999.0 -9999.0 -9999.0 -9999.0 -9999.0 -9999.0 -9999.0 -9999.0 -9999.0 -9999.0 -9999.0 -9999.0 -9999.0 -9999.0 -9999.0 -9999.0 -9999.0 -9999.0 -9999.0 -9999.0 -9999.0 -9999.0 -9999.0 -9999.0 -9999.0 -9999.0 -9999.0 -9999.0 -9999.0 -9999.0 -9999.0 -9999.0 -9999.0 -9999.0 -9999.0 -9999.0 -9999.0 -9999.0 -9999.0 -9999.0 -9999.0 -9999.0 -9999.0 -9999.0 -9999.0 -9999.0 -9999.0 -9999.0 -9999.0 -9999.0 -9999.0 -9999.0 -9999.0 -9999.0 -9999.0 -9999.0 -9999.0 -9999.0 -9999.0 -9999.0
-9999.0 -9999.0 626.343856 526.619998 427.283117 328.454922 230.260081 132.756816 35.952113 -60.161262 -156.054301 -252.749436 -351.526292 -452.296596 -550.928692 -637.427223 -696.981211 -731.604731 -750.381533 -760.823067 -791.808759 -843.509625 -892.346665 -939.413772 -945.719047 -921.689120 -907.186781 -898.970510 -894.729424 -892.897480 -892.444758 -892.713330 -893.300091 -893.972462 -894.608376 -895.156055 -895.615619 -896.036917 -896.489060 -897.540688 -906.332327 -1001.240615 -2106.810910 -3931.884260 -3935.643424 -3935.643478 -3935.634072 -3935.447822 -3934.146541 -3928.463736 -3909.053360 -3847.880718 -3755.449735 -3655.788181 -3526.219813 -3350.203906 -3120.233409 -2849.049406 -2567.017871 -2304.764851 -2071.695986 -1483.668269 -969.357526 -903.802592 -897.857045 -897.188646 -897.074437 -897.053442 -897.051862 -897.054009 -897.056428 -897.058429 -897.059967 -897.061135 -897.062030 -897.062727 -897.063280 -897.063727 -897.064099 -897.064427 -897.064744 -897.065092 -897.065526 -897.066124 -897.067004 -897.068353 -897.070467 -897.073835 -897.079277 -897.088204 -897.103135 -897.128725 -897.173860 -897.255983 -897.409891 -897.705706 -898.286957 -899.462845 -901.983953 -907.982776 -923.987611 -966.616298 -9999.0 -9999.0
-9999.0 -9999.0 626.343855 526.619997 427.283117 328.454922 230.260081 132.756816 35.952112 -60.161262 -156.054302 -252.749436 -351.526293 -452.296596 -550.928693 -637.427223 -696.981211 -731.604731 -750.381533 -760.823067 -791.808759 -843.509625 -892.346665 -939.413772 -945.719047 -921.689120 -907.186781 -898.970510 -894.729424 -892.897480 -892.444758 -892.713330 -893.300091 -893.972462 -894.608376 -895.156055 -895.615619 -896.036917 -896.489060 -897.540688 -906.332327 -1001.240615 -2106.810909 -3931.884260 -3935.643424 -3935.643478 -3935.634072 -3935.447822 -3934.146541 -3928.463736 -3909.053360 -3847.880718 -3755.449735 -3655.788181 -3526.219812 -3350.203906 -3120.233407 -2849.049406 -2567.017870 -2304.764851 -2071.695986 -1483.668269 -969.357526 -903.802592 -897.857045 -897.188646 -897.074437 -897.053442 -897.051862 -897.054009 -897.056428 -897.058429 -897.059967 -897.061135 -897.062030 -897.062727 -897.063280 -897.063727 -897.064099 -897.064427 -897.064744 -897.065092 -897.065526 -897.066124 -897.067004 -897.068353 -897.070467 -897.073835 -897.079277 -897.088204 -897.103135 -897.128725 -897.173860 -897.255983 -897.409891 -897.705706 -898.286957 -899.462845 -901.983953 -907.982776 -923.987611 -966.616298 -9999.0 -9999.0
-9999.0 -9999.0 626.343855 526.619997 427.283117 328.454921 230.260081 132.756815 35.952112 -60.161263 -156.054302 -252.749436 -351.526293 -452.296596 -550.928693 -637.427223 -696.981211 -731.604731 -750.381533 -760.823067 -791.808759 -843.509625 -892.346665 -939.413772 -945.719047 -921.689120 -907.186781 -898.970510 -894.729424 -892.897480 -892.444758 -892.713330 -893.300091 -893.972462 -894.608376 -895.156055 -895.615619 -896.036917 -896.489060 -897.540688 -906.332327 -1001.240615 -2106.810909 -3931.884260 -3935.643424 -3935.643478 -3935.634072 -3935.447822 -3934.146541 -3928.463736 -3909.053359 -3847.880717 -3755.449734 -3655.788181 -3526.219813 -3350.203905 -3120.233407 -2849.049405 -2567.017870 -2304.764851 -2071.695986 -1483.668268 -969.357526 -903.802592 -897.857045 -897.188646 -897.074437 -897.053442 -897.051862 -897.054009 -897.056428 -897.058429 -897.059967 -897.061135 -897.062030 -897.062727 -897.063280 -897.063727 -897.064099 -897.064427 -897.064744 -897.065092 -897.065526 -897.066124 -897.067004 -897.068353 -897.070467 -897.073835 -897.079277 -897.088204 -897.103135 -897.128725 -897.173860 -897.255983 -897.409891 -897.705706 -898.286957 -899.462845 -901.983953 -907.982776 -923.987611 -966.616298 -9999.0 -9999.0
-9999.0 -9999.0 626.343855 526.619997 427.283116 328.454922 230.260081 132.756816 35.952112 -60.161262 -156.054302 -252.749436 -351.526293 -452.296596 -550.928693 -637.427223 -696.981211 -731.604731 -750.381533 -760.823067 -791.808759 -843.509625 -892.346665 -939.413772 -945.719047 -921.689120 -907.186781 -898.970510 -894.729424 -892.897480 -892.444758 -892.713330 -893.300091 -893.972462 -894.608376 -895.156055 -895.615619 -896.036917 -896.489060 -897.540688 -906.332327 -1001.240615 -2106.810909 -3931.884260 -3935.643424 -3935.643478 -3935.634072 -3935.447822 -3934.146541 -3928.463736 -3909.053359 -3847.880717 -3755.449734 -3655.788181 -3526.219812 -3350.203905 -3120.233407 -2849.049405 -2567.017870 -2304.764851 -2071.695986 -1483.668269 -969.357526 -903.802592 -897.857045 -897.188646 -897.074437 -897.053442 -897.051862 -897.054009 -897.056428 -897.058429 -897.059967 -897.061135 -897.062030 -897.062727 -897.063280 -897.063727 -897.064099 -897.064427 -897.064744 -897.065092 -897.065526 -897.066124 -897.067004 -897.068353 -897.070467 -897.073835 -897.079277 -897.088204 -897.103135 -897.128725 -897.173860 -897.255983 -897.409891 -897.705706 -898.286957 -899.462845 -901.983953 -907.982776 -923.987611 -966.616298 -9999.0 -9999.0
-9999.0 -9999.0 626.343855 526.619997 427.283117 328.454922 230.260081 132.756816 35.952112 -60.161262 -156.054302 -252.749436 -351.526293 -452.296596 -550.928693 -637.427223 -696.981211 -731.604731 -750.381533 -760.823067 -791.808759 -843.509625 -892.346665 -939.413772 -945.719047 -921.689120 -907.186781 -898.970510 -894.729424 -892.897480 -892.444758 -892.713330 -893.300091 -893.972462 -894.608376 -895.156055 -895.615619 -896.036917 -896.489060 -897.540688 -906.332327 -1001.240615 -2106.810909 -3931.884260 -3935.643424 -3935.643478 -3935.634072 -3935.447822 -3934.146541 -3928.463736 -3909.053360 -3847.880718 -3755.449735 -3655.788181 -3526.219813 -3350.203905 -3120.233408 -2849.049405 -2567.017871 -2304.764851 -2071.695987 -1483.668269 -969.357526 -903.802592 -897.857045 -897.188646 -897.074437 -897.053442 -897.051862 -897.054009 -897.056428 -897.058429 -897.059967 -897.061135 -897.062030 -897.062727 -897.063280 -897.063727 -897.064099 -897.064427 -897.064744 -897.065092 -897.065526 -897.066124 -897.067004 -897.068353 -897.070467 -897.073835 -897.079277 -897.088204 -897.103135 -897.128725 -897.173860 -897.255983 -897.409891 -897.705706 -898.286957 -899.462845 -901.983953 -907.982776 -923.987611 -966.616298 -9999.0 -9999.0
-9999.0 -9999.0 626.343856 526.619998 427.283117 328.454922 230.260081 132.756816 35.952113 -60.161262 -156.054301 -252.749436 -351.526292 -452.296595 -550.928692 -637.427223 -696.981211 -731.604731 -750.381533 -760.823067 -791.808759 -843.509625 -892.346665 -939.413772 -945.719047 -921.689120 -907.186781 -898.970510 -894.729424 -892.897480 -892.444758 -892.713330 -893.300091 -893.972462 -894.608376 -895.156055 -895.615619 -896.036917 -896.489060 -897.540688 -906.332327 -1001.240615 -2106.810910 -3931.884260 -3935.643424 -3935.643478 -3935.634072 -3935.447822 -3934.146541 -3928.463736 -3909.053360 -3847.880718 -3755.449735 -3655.788181 -3526.219813 -3350.203906 -3120.233409 -2849.049407 -2567.017871 -2304.764852 -2071.695987 -1483.668269 -969.357526 -903.802592 -897.857045 -897.188646 -897.074437 -897.053442 -897.051862 -897.054009 -897.056428 -897.058429 -897.059967 -897.061135 -897.062030 -897.062727 -897.063280 -897.063727 -897.064099 -897.064427 -897.064744 -897.065092 -897.065526 -897.066124 -897.067004 -897.068353 -897.070467 -897.073835 -897.079277 -897.088204 -897.103135 -897.128725 -897.173860 -897.255983 -897.409891 -897.705706 -898.286957 -899.462845 -901.983953 -907.982776 -923.987611 -966.616298 -9999.0 -9999.0
-9999.0 -9999.0 -9999.0 -9999.0 -9999.0 -9999.0 -9999.0 -9999.0 -9999.0 -9999.0 -9999.0 -9999.0 -9999.0 -9999.0 -9999.0 -9999.0 -9999.0 -9999.0 -9999.0 -9999.0 -9999.0 -9999.0 -9999.0 -9999.0 -9999.0 -9999.0 -9999.0 -9999.0 -9999.0 -9999.0 -9999.0 -9999.0 -9999.0 -9999.0 -9999.0 -9999.0 -9999.0 -9999.0 -9999.0 -9999.0 -9999.0 -9999.0 -9999.0 -9999.0 -9999.0 -9999.0 -9999.0 -9999.0 -9999.0 -9999.0 -9999.0 -9999.0 -9999.0 -9999.0 -9999.0 -9999.0 -9999.0 -9999.0 -9999.0 -9999.0 -9999.0 -9999.0 -9999.0 -9999.0 -9999.0 -9999.0 -9999.0 -9999.0 -9999.0 -9999.0 -9999.0 -9999.0 -9999.0 -9999.0 -9999.0 -9999.0 -9999.0 -9999.0 -9999.0 -9999.0 -9999.0 -9999.0 -9999.0 -9999.0 -9999.0 -9999.0 -9999.0 -9999.0 -9999.0 -9999.0 -9999.0 -9999.0 -9999.0 -9999.0 -9999.0 -9999.0 -9999.0 -9999.0 -9999.0 -9999.0 -9999.0 -9999.0 -9999.0 -9999.0
-9999.0 -9999.0 -9999.0 -9999.0 -9999.0 -9999.0 -9999.0 -9999.0 -9999.0 -9999.0 -9999.0 -9999.0 -9999.0 -9999.0 -9999.0 -9999.0 -9999.0 -9999.0 -9999.0 -9999.0 -9999.0 -9999.0 -9999.0 -9999.0 -9999.0 -9999.0 -9999.0 -9999.0 -9999.0 -9999.0 -9999.0 -9999.0 -9999.0 -9999.0 -9999.0 -9999.0 -9999.0 -9999.0 -9999.0 -9999.0 -9999.0 -9999.0 -9999.0 -9999.0 -9999.0 -9999.0 -9999.0 -9999.0 -9999.0 -9999.0 -9999.0 -9999.0 -9999.0 -9999.0 -9999.0 -9999.0 -9999.0 -9999.0 -9999.0 -9999.0 -9999.0 -9999.0 -9999.0 -9999.0 -9999.0 -9999.0 -9999.0 -9999.0 -9999.0 -9999.0 -9999.0 -9999.0 -9999.0 -9999.0 -9999.0 -9999.0 -9999.0 -9999.0 -9999.0 -9999.0 -9999.0 -9999.0 -9999.0 -9999.0 -9999.0 -9999.0 -9999.0 -9999.0 -9999.0 -9999.0 -9999.0 -9999.0 -9999.0 -9999.0 -9999.0 -9999.0 -9999.0 -9999.0 -9999.0 -9999.0 -9999.0 -9999.0 -9999.0 -9999.0