inst/processing_geotop_simulation/geotop_simulation/out/maps3D/PwL0005N0116.asc
ncols         104
nrows         10
xllcorner     -2.000000
yllcorner     0.000000
cellsize      1.000000
NODATA_value  -9999.0
-9999.0 -9999.0 -9999.0 -9999.0 -9999.0 -9999.0 -9999.0 -9999.0 -9999.0 -9999.0 -9999.0 -9999.0 -9999.0 -9999.0 -9999.0 -9999.0 -9999.0 -9999.0 -9999.0 -9999.0 -9999.0 -9999.0 -9999.0 -9999.0 -9999.0 -9999.0 -9999.0 -9999.0 -9999.0 -9999.0 -9999.0 -9999.0 -9999.0 -9999.0 -9999.0 -9999.0 -9999.0 -9999.0 -9999.0 -9999.0 -9999.0 -9999.0 -9999.0 -9999.0 -9999.0 -9999.0 -9999.0 -9999.0 -9999.0 -9999.0 -9999.0 -9999.0 -9999.0 -9999.0 -9999.0 -9999.0 -9999.0 -9999.0 -9999.0 -9999.0 -9999.0 -9999.0 -9999.0 -9999.0 -9999.0 -9999.0 -9999.0 -9999.0 -9999.0 -9999.0 -9999.0 -9999.0 -9999.0 -9999.0 -9999.0 -9999.0 -9999.0 -9999.0 -9999.0 -9999.0 -9999.0 -9999.0 -9999.0 -9999.0 -9999.0 -9999.0 -9999.0 -9999.0 -9999.0 -9999.0 -9999.0 -9999.0 -9999.0 -9999.0 -9999.0 -9999.0 -9999.0 -9999.0 -9999.0 -9999.0 -9999.0 -9999.0 -9999.0 -9999.0
-9999.0 -9999.0 -9999.0 -9999.0 -9999.0 -9999.0 -9999.0 -9999.0 -9999.0 -9999.0 -9999.0 -9999.0 -9999.0 -9999.0 -9999.0 -9999.0 -9999.0 -9999.0 -9999.0 -9999.0 -9999.0 -9999.0 -9999.0 -9999.0 -9999.0 -9999.0 -9999.0 -9999.0 -9999.0 -9999.0 -9999.0 -9999.0 -9999.0 -9999.0 -9999.0 -9999.0 -9999.0 -9999.0 -9999.0 -9999.0 -9999.0 -9999.0 -9999.0 -9999.0 -9999.0 -9999.0 -9999.0 -9999.0 -9999.0 -9999.0 -9999.0 -9999.0 -9999.0 -9999.0 -9999.0 -9999.0 -9999.0 -9999.0 -9999.0 -9999.0 -9999.0 -9999.0 -9999.0 -9999.0 -9999.0 -9999.0 -9999.0 -9999.0 -9999.0 -9999.0 -9999.0 -9999.0 -9999.0 -9999.0 -9999.0 -9999.0 -9999.0 -9999.0 -9999.0 -9999.0 -9999.0 -9999.0 -9999.0 -9999.0 -9999.0 -9999.0 -9999.0 -9999.0 -9999.0 -9999.0 -9999.0 -9999.0 -9999.0 -9999.0 -9999.0 -9999.0 -9999.0 -9999.0 -9999.0 -9999.0 -9999.0 -9999.0 -9999.0 -9999.0
-9999.0 -9999.0 237.173061 152.619308 61.278935 -32.180872 -126.459503 -221.075973 -315.800144 -410.500072 -505.114518 -599.958813 -698.179304 -802.850684 -907.446020 -1007.146027 -1103.306805 -1205.357299 -1288.337089 -1339.975154 -1365.829239 -1377.702026 -1382.696553 -1384.926504 -1386.401599 -1387.901203 -1389.572196 -1391.297947 -1392.913420 -1394.304145 -1395.425643 -1396.285798 -1396.920531 -1397.374613 -1397.690779 -1397.906851 -1398.061880 -1398.208484 -1398.447558 -1399.510903 -1406.640662 -1435.023628 -990.995720 -1003.937560 -983.659158 -971.233448 -965.458035 -964.682428 -964.604845 -964.617185 -964.643060 -964.670593 -964.697014 -964.721459 -964.743971 -964.768544 -964.834822 -965.283271 -968.299657 -975.167659 -986.371632 -959.872403 -1414.595731 -1403.441015 -1399.194084 -1398.553173 -1398.453136 -1398.436276 -1398.434828 -1398.436236 -1398.437876 -1398.439235 -1398.440277 -1398.441064 -1398.441664 -1398.442128 -1398.442495 -1398.442789 -1398.443034 -1398.443249 -1398.443456 -1398.443684 -1398.443969 -1398.444361 -1398.444940 -1398.445827 -1398.447219 -1398.449439 -1398.453028 -1398.458922 -1398.468793 -1398.485730 -1398.515632 -1398.570047 -1398.671903 -1398.867011 -1399.247527 -1400.003689 -1401.553895 -1404.909014 -1412.797019 -1434.718171 -9999.0 -9999.0
-9999.0 -9999.0 237.183426 152.621592 61.279527 -32.180699 -126.459449 -221.075955 -315.800138 -410.500070 -505.114517 -599.958812 -698.179304 -802.850684 -907.446020 -1007.146028 -1103.306805 -1205.357300 -1288.337089 -1339.975154 -1365.829239 -1377.702026 -1382.696553 -1384.926504 -1386.401599 -1387.901203 -1389.572196 -1391.297947 -1392.913420 -1394.304145 -1395.425643 -1396.285798 -1396.920531 -1397.374613 -1397.690779 -1397.906851 -1398.061880 -1398.208484 -1398.447558 -1399.510903 -1406.640662 -1435.023628 -990.995720 -1003.937560 -983.659158 -971.233447 -965.458035 -964.682428 -964.604845 -964.617185 -964.643060 -964.670593 -964.697014 -964.721459 -964.743971 -964.768544 -964.834822 -965.283271 -968.299657 -975.167659 -986.371632 -959.872403 -1414.595731 -1403.441015 -1399.194084 -1398.553173 -1398.453136 -1398.436276 -1398.434828 -1398.436236 -1398.437876 -1398.439235 -1398.440277 -1398.441064 -1398.441664 -1398.442128 -1398.442495 -1398.442789 -1398.443034 -1398.443249 -1398.443456 -1398.443684 -1398.443969 -1398.444361 -1398.444940 -1398.445827 -1398.447219 -1398.449439 -1398.453028 -1398.458922 -1398.468793 -1398.485730 -1398.515632 -1398.570047 -1398.671903 -1398.867011 -1399.247527 -1400.003689 -1401.553895 -1404.909014 -1412.797019 -1434.718171 -9999.0 -9999.0
-9999.0 -9999.0 237.185055 152.622528 61.279900 -32.180563 -126.459401 -221.075938 -315.800132 -410.500068 -505.114517 -599.958812 -698.179304 -802.850684 -907.446020 -1007.146028 -1103.306805 -1205.357300 -1288.337090 -1339.975154 -1365.829239 -1377.702026 -1382.696553 -1384.926504 -1386.401599 -1387.901203 -1389.572196 -1391.297947 -1392.913420 -1394.304145 -1395.425643 -1396.285798 -1396.920531 -1397.374613 -1397.690779 -1397.906851 -1398.061880 -1398.208484 -1398.447558 -1399.510903 -1406.640662 -1435.023628 -990.995720 -1003.937560 -983.659158 -971.233447 -965.458035 -964.682428 -964.604845 -964.617185 -964.643060 -964.670593 -964.697014 -964.721459 -964.743971 -964.768544 -964.834822 -965.283271 -968.299657 -975.167659 -986.371632 -959.872403 -1414.595731 -1403.441015 -1399.194084 -1398.553173 -1398.453136 -1398.436276 -1398.434828 -1398.436236 -1398.437876 -1398.439235 -1398.440277 -1398.441064 -1398.441664 -1398.442128 -1398.442495 -1398.442789 -1398.443034 -1398.443249 -1398.443456 -1398.443684 -1398.443969 -1398.444361 -1398.444940 -1398.445827 -1398.447219 -1398.449439 -1398.453028 -1398.458922 -1398.468793 -1398.485730 -1398.515632 -1398.570047 -1398.671903 -1398.867011 -1399.247527 -1400.003689 -1401.553895 -1404.909014 -1412.797019 -1434.718171 -9999.0 -9999.0
-9999.0 -9999.0 237.185055 152.622528 61.279900 -32.180563 -126.459401 -221.075938 -315.800132 -410.500068 -505.114517 -599.958812 -698.179304 -802.850684 -907.446020 -1007.146028 -1103.306805 -1205.357300 -1288.337090 -1339.975154 -1365.829239 -1377.702026 -1382.696553 -1384.926504 -1386.401599 -1387.901203 -1389.572196 -1391.297947 -1392.913420 -1394.304145 -1395.425643 -1396.285798 -1396.920531 -1397.374613 -1397.690779 -1397.906851 -1398.061880 -1398.208484 -1398.447558 -1399.510903 -1406.640662 -1435.023628 -990.995720 -1003.937560 -983.659158 -971.233447 -965.458035 -964.682428 -964.604845 -964.617185 -964.643060 -964.670593 -964.697014 -964.721459 -964.743971 -964.768544 -964.834822 -965.283271 -968.299657 -975.167659 -986.371632 -959.872403 -1414.595731 -1403.441015 -1399.194084 -1398.553173 -1398.453136 -1398.436276 -1398.434828 -1398.436236 -1398.437876 -1398.439235 -1398.440277 -1398.441064 -1398.441664 -1398.442128 -1398.442495 -1398.442789 -1398.443034 -1398.443249 -1398.443456 -1398.443684 -1398.443969 -1398.444361 -1398.444940 -1398.445827 -1398.447219 -1398.449439 -1398.453028 -1398.458922 -1398.468793 -1398.485730 -1398.515632 -1398.570047 -1398.671903 -1398.867011 -1399.247527 -1400.003689 -1401.553895 -1404.909014 -1412.797019 -1434.718171 -9999.0 -9999.0
-9999.0 -9999.0 237.183426 152.621592 61.279527 -32.180699 -126.459449 -221.075955 -315.800138 -410.500070 -505.114518 -599.958812 -698.179304 -802.850684 -907.446020 -1007.146028 -1103.306805 -1205.357300 -1288.337089 -1339.975154 -1365.829239 -1377.702026 -1382.696553 -1384.926504 -1386.401599 -1387.901203 -1389.572196 -1391.297947 -1392.913420 -1394.304145 -1395.425643 -1396.285798 -1396.920531 -1397.374613 -1397.690779 -1397.906851 -1398.061880 -1398.208484 -1398.447558 -1399.510903 -1406.640662 -1435.023628 -990.995720 -1003.937560 -983.659158 -971.233447 -965.458035 -964.682428 -964.604845 -964.617185 -964.643060 -964.670593 -964.697014 -964.721459 -964.743971 -964.768544 -964.834822 -965.283271 -968.299657 -975.167659 -986.371632 -959.872403 -1414.595731 -1403.441015 -1399.194084 -1398.553173 -1398.453136 -1398.436276 -1398.434828 -1398.436236 -1398.437876 -1398.439235 -1398.440277 -1398.441064 -1398.441664 -1398.442128 -1398.442495 -1398.442789 -1398.443034 -1398.443249 -1398.443456 -1398.443684 -1398.443969 -1398.444361 -1398.444940 -1398.445827 -1398.447219 -1398.449439 -1398.453028 -1398.458922 -1398.468793 -1398.485730 -1398.515632 -1398.570047 -1398.671903 -1398.867011 -1399.247527 -1400.003689 -1401.553895 -1404.909014 -1412.797019 -1434.718171 -9999.0 -9999.0
-9999.0 -9999.0 237.173061 152.619308 61.278935 -32.180872 -126.459503 -221.075973 -315.800144 -410.500073 -505.114518 -599.958813 -698.179304 -802.850684 -907.446020 -1007.146027 -1103.306805 -1205.357300 -1288.337089 -1339.975154 -1365.829239 -1377.702026 -1382.696553 -1384.926504 -1386.401599 -1387.901203 -1389.572196 -1391.297947 -1392.913420 -1394.304145 -1395.425643 -1396.285798 -1396.920531 -1397.374613 -1397.690779 -1397.906851 -1398.061880 -1398.208484 -1398.447558 -1399.510903 -1406.640662 -1435.023628 -990.995720 -1003.937560 -983.659158 -971.233448 -965.458035 -964.682428 -964.604845 -964.617185 -964.643060 -964.670593 -964.697014 -964.721459 -964.743971 -964.768544 -964.834822 -965.283271 -968.299657 -975.167659 -986.371632 -959.872403 -1414.595731 -1403.441015 -1399.194084 -1398.553173 -1398.453136 -1398.436276 -1398.434828 -1398.436236 -1398.437876 -1398.439235 -1398.440277 -1398.441064 -1398.441664 -1398.442128 -1398.442495 -1398.442789 -1398.443034 -1398.443249 -1398.443456 -1398.443684 -1398.443969 -1398.444361 -1398.444940 -1398.445827 -1398.447219 -1398.449439 -1398.453028 -1398.458922 -1398.468793 -1398.485730 -1398.515632 -1398.570047 -1398.671903 -1398.867011 -1399.247527 -1400.003689 -1401.553895 -1404.909014 -1412.797019 -1434.718171 -9999.0 -9999.0
-9999.0 -9999.0 -9999.0 -9999.0 -9999.0 -9999.0 -9999.0 -9999.0 -9999.0 -9999.0 -9999.0 -9999.0 -9999.0 -9999.0 -9999.0 -9999.0 -9999.0 -9999.0 -9999.0 -9999.0 -9999.0 -9999.0 -9999.0 -9999.0 -9999.0 -9999.0 -9999.0 -9999.0 -9999.0 -9999.0 -9999.0 -9999.0 -9999.0 -9999.0 -9999.0 -9999.0 -9999.0 -9999.0 -9999.0 -9999.0 -9999.0 -9999.0 -9999.0 -9999.0 -9999.0 -9999.0 -9999.0 -9999.0 -9999.0 -9999.0 -9999.0 -9999.0 -9999.0 -9999.0 -9999.0 -9999.0 -9999.0 -9999.0 -9999.0 -9999.0 -9999.0 -9999.0 -9999.0 -9999.0 -9999.0 -9999.0 -9999.0 -9999.0 -9999.0 -9999.0 -9999.0 -9999.0 -9999.0 -9999.0 -9999.0 -9999.0 -9999.0 -9999.0 -9999.0 -9999.0 -9999.0 -9999.0 -9999.0 -9999.0 -9999.0 -9999.0 -9999.0 -9999.0 -9999.0 -9999.0 -9999.0 -9999.0 -9999.0 -9999.0 -9999.0 -9999.0 -9999.0 -9999.0 -9999.0 -9999.0 -9999.0 -9999.0 -9999.0 -9999.0
-9999.0 -9999.0 -9999.0 -9999.0 -9999.0 -9999.0 -9999.0 -9999.0 -9999.0 -9999.0 -9999.0 -9999.0 -9999.0 -9999.0 -9999.0 -9999.0 -9999.0 -9999.0 -9999.0 -9999.0 -9999.0 -9999.0 -9999.0 -9999.0 -9999.0 -9999.0 -9999.0 -9999.0 -9999.0 -9999.0 -9999.0 -9999.0 -9999.0 -9999.0 -9999.0 -9999.0 -9999.0 -9999.0 -9999.0 -9999.0 -9999.0 -9999.0 -9999.0 -9999.0 -9999.0 -9999.0 -9999.0 -9999.0 -9999.0 -9999.0 -9999.0 -9999.0 -9999.0 -9999.0 -9999.0 -9999.0 -9999.0 -9999.0 -9999.0 -9999.0 -9999.0 -9999.0 -9999.0 -9999.0 -9999.0 -9999.0 -9999.0 -9999.0 -9999.0 -9999.0 -9999.0 -9999.0 -9999.0 -9999.0 -9999.0 -9999.0 -9999.0 -9999.0 -9999.0 -9999.0 -9999.0 -9999.0 -9999.0 -9999.0 -9999.0 -9999.0 -9999.0 -9999.0 -9999.0 -9999.0 -9999.0 -9999.0 -9999.0 -9999.0 -9999.0 -9999.0 -9999.0 -9999.0 -9999.0 -9999.0 -9999.0 -9999.0 -9999.0 -9999.0