inst/processing_geotop_simulation/geotop_simulation/out/maps3D/PwL0017N0239.asc
ncols         104
nrows         10
xllcorner     -2.000000
yllcorner     0.000000
cellsize      1.000000
NODATA_value  -9999.0
-9999.0 -9999.0 -9999.0 -9999.0 -9999.0 -9999.0 -9999.0 -9999.0 -9999.0 -9999.0 -9999.0 -9999.0 -9999.0 -9999.0 -9999.0 -9999.0 -9999.0 -9999.0 -9999.0 -9999.0 -9999.0 -9999.0 -9999.0 -9999.0 -9999.0 -9999.0 -9999.0 -9999.0 -9999.0 -9999.0 -9999.0 -9999.0 -9999.0 -9999.0 -9999.0 -9999.0 -9999.0 -9999.0 -9999.0 -9999.0 -9999.0 -9999.0 -9999.0 -9999.0 -9999.0 -9999.0 -9999.0 -9999.0 -9999.0 -9999.0 -9999.0 -9999.0 -9999.0 -9999.0 -9999.0 -9999.0 -9999.0 -9999.0 -9999.0 -9999.0 -9999.0 -9999.0 -9999.0 -9999.0 -9999.0 -9999.0 -9999.0 -9999.0 -9999.0 -9999.0 -9999.0 -9999.0 -9999.0 -9999.0 -9999.0 -9999.0 -9999.0 -9999.0 -9999.0 -9999.0 -9999.0 -9999.0 -9999.0 -9999.0 -9999.0 -9999.0 -9999.0 -9999.0 -9999.0 -9999.0 -9999.0 -9999.0 -9999.0 -9999.0 -9999.0 -9999.0 -9999.0 -9999.0 -9999.0 -9999.0 -9999.0 -9999.0 -9999.0 -9999.0
-9999.0 -9999.0 -9999.0 -9999.0 -9999.0 -9999.0 -9999.0 -9999.0 -9999.0 -9999.0 -9999.0 -9999.0 -9999.0 -9999.0 -9999.0 -9999.0 -9999.0 -9999.0 -9999.0 -9999.0 -9999.0 -9999.0 -9999.0 -9999.0 -9999.0 -9999.0 -9999.0 -9999.0 -9999.0 -9999.0 -9999.0 -9999.0 -9999.0 -9999.0 -9999.0 -9999.0 -9999.0 -9999.0 -9999.0 -9999.0 -9999.0 -9999.0 -9999.0 -9999.0 -9999.0 -9999.0 -9999.0 -9999.0 -9999.0 -9999.0 -9999.0 -9999.0 -9999.0 -9999.0 -9999.0 -9999.0 -9999.0 -9999.0 -9999.0 -9999.0 -9999.0 -9999.0 -9999.0 -9999.0 -9999.0 -9999.0 -9999.0 -9999.0 -9999.0 -9999.0 -9999.0 -9999.0 -9999.0 -9999.0 -9999.0 -9999.0 -9999.0 -9999.0 -9999.0 -9999.0 -9999.0 -9999.0 -9999.0 -9999.0 -9999.0 -9999.0 -9999.0 -9999.0 -9999.0 -9999.0 -9999.0 -9999.0 -9999.0 -9999.0 -9999.0 -9999.0 -9999.0 -9999.0 -9999.0 -9999.0 -9999.0 -9999.0 -9999.0 -9999.0
-9999.0 -9999.0 824.751921 727.613389 630.068212 532.132497 433.998745 335.777815 237.527970 139.280316 41.052359 -57.138370 -155.285429 -253.355779 -351.272201 -448.895769 -545.975070 -642.112134 -737.754854 -833.483129 -928.377373 -1022.166066 -1110.359059 -1187.230180 -1253.503977 -1308.192511 -1351.483724 -1384.498412 -1408.880575 -1426.411200 -1438.743873 -1447.271112 -1453.088920 -1457.018793 -1459.655037 -1461.418775 -1462.613594 -1463.509427 -1464.619642 -1467.853319 -1480.693393 -1537.207138 -1998.805886 -4095.412359 -4133.660240 -4133.663366 -4133.663364 -4133.663340 -4133.663221 -4133.662810 -4133.661640 -4133.658151 -4133.652224 -4133.644391 -4133.631142 -4133.604955 -4133.546341 -4133.401537 -4133.014949 -4131.902130 -4059.432339 -1822.809385 -1498.655508 -1472.983894 -1466.654837 -1465.324045 -1465.093717 -1465.057540 -1465.052502 -1465.052420 -1465.053055 -1465.053679 -1465.054181 -1465.054571 -1465.054874 -1465.055112 -1465.055303 -1465.055460 -1465.055594 -1465.055715 -1465.055835 -1465.055967 -1465.056130 -1465.056352 -1465.056675 -1465.057166 -1465.057932 -1465.059154 -1465.061140 -1465.064432 -1465.070025 -1465.079791 -1465.097368 -1465.129980 -1465.192279 -1465.314850 -1465.564743 -1466.099660 -1467.318954 -1470.303182 -1478.266614 -1502.714664 -9999.0 -9999.0
-9999.0 -9999.0 824.755746 727.614750 630.068641 532.132634 433.998791 335.777831 237.527975 139.280318 41.052359 -57.138370 -155.285429 -253.355779 -351.272202 -448.895769 -545.975071 -642.112134 -737.754854 -833.483129 -928.377373 -1022.166066 -1110.359060 -1187.230181 -1253.503977 -1308.192511 -1351.483724 -1384.498412 -1408.880575 -1426.411200 -1438.743873 -1447.271112 -1453.088920 -1457.018793 -1459.655037 -1461.418775 -1462.613594 -1463.509427 -1464.619642 -1467.853319 -1480.693393 -1537.207138 -1998.805885 -4095.412359 -4133.660240 -4133.663366 -4133.663364 -4133.663340 -4133.663221 -4133.662810 -4133.661640 -4133.658151 -4133.652224 -4133.644391 -4133.631142 -4133.604955 -4133.546341 -4133.401537 -4133.014949 -4131.902130 -4059.432339 -1822.809385 -1498.655508 -1472.983894 -1466.654837 -1465.324045 -1465.093717 -1465.057540 -1465.052502 -1465.052420 -1465.053055 -1465.053679 -1465.054181 -1465.054571 -1465.054874 -1465.055112 -1465.055303 -1465.055460 -1465.055594 -1465.055715 -1465.055835 -1465.055967 -1465.056130 -1465.056352 -1465.056675 -1465.057166 -1465.057932 -1465.059154 -1465.061140 -1465.064432 -1465.070025 -1465.079791 -1465.097368 -1465.129980 -1465.192279 -1465.314850 -1465.564743 -1466.099660 -1467.318954 -1470.303182 -1478.266614 -1502.714664 -9999.0 -9999.0
-9999.0 -9999.0 824.757066 727.615449 630.068931 532.132744 433.998831 335.777845 237.527981 139.280320 41.052360 -57.138370 -155.285429 -253.355779 -351.272202 -448.895769 -545.975071 -642.112134 -737.754854 -833.483129 -928.377373 -1022.166066 -1110.359060 -1187.230181 -1253.503978 -1308.192511 -1351.483724 -1384.498412 -1408.880575 -1426.411200 -1438.743873 -1447.271112 -1453.088920 -1457.018793 -1459.655037 -1461.418775 -1462.613594 -1463.509427 -1464.619642 -1467.853319 -1480.693393 -1537.207138 -1998.805885 -4095.412359 -4133.660240 -4133.663366 -4133.663364 -4133.663340 -4133.663221 -4133.662810 -4133.661640 -4133.658151 -4133.652224 -4133.644391 -4133.631142 -4133.604955 -4133.546341 -4133.401537 -4133.014949 -4131.902130 -4059.432339 -1822.809385 -1498.655508 -1472.983894 -1466.654837 -1465.324045 -1465.093717 -1465.057540 -1465.052502 -1465.052420 -1465.053055 -1465.053679 -1465.054181 -1465.054571 -1465.054874 -1465.055112 -1465.055303 -1465.055460 -1465.055594 -1465.055715 -1465.055835 -1465.055967 -1465.056130 -1465.056352 -1465.056675 -1465.057166 -1465.057932 -1465.059154 -1465.061140 -1465.064432 -1465.070025 -1465.079791 -1465.097368 -1465.129980 -1465.192279 -1465.314850 -1465.564743 -1466.099660 -1467.318954 -1470.303182 -1478.266614 -1502.714664 -9999.0 -9999.0
-9999.0 -9999.0 824.757066 727.615449 630.068931 532.132744 433.998831 335.777845 237.527981 139.280320 41.052360 -57.138370 -155.285429 -253.355779 -351.272202 -448.895769 -545.975071 -642.112134 -737.754854 -833.483129 -928.377373 -1022.166066 -1110.359060 -1187.230181 -1253.503978 -1308.192511 -1351.483724 -1384.498412 -1408.880575 -1426.411200 -1438.743873 -1447.271112 -1453.088920 -1457.018793 -1459.655037 -1461.418775 -1462.613594 -1463.509427 -1464.619642 -1467.853319 -1480.693393 -1537.207138 -1998.805885 -4095.412359 -4133.660240 -4133.663366 -4133.663364 -4133.663340 -4133.663221 -4133.662810 -4133.661640 -4133.658151 -4133.652224 -4133.644391 -4133.631142 -4133.604955 -4133.546341 -4133.401537 -4133.014949 -4131.902130 -4059.432339 -1822.809385 -1498.655508 -1472.983894 -1466.654837 -1465.324045 -1465.093717 -1465.057540 -1465.052502 -1465.052420 -1465.053055 -1465.053679 -1465.054181 -1465.054571 -1465.054874 -1465.055112 -1465.055303 -1465.055460 -1465.055594 -1465.055715 -1465.055835 -1465.055967 -1465.056130 -1465.056352 -1465.056675 -1465.057166 -1465.057932 -1465.059154 -1465.061140 -1465.064432 -1465.070025 -1465.079791 -1465.097368 -1465.129980 -1465.192279 -1465.314850 -1465.564743 -1466.099660 -1467.318954 -1470.303182 -1478.266614 -1502.714664 -9999.0 -9999.0
-9999.0 -9999.0 824.755746 727.614750 630.068641 532.132634 433.998791 335.777831 237.527975 139.280318 41.052359 -57.138370 -155.285429 -253.355779 -351.272202 -448.895769 -545.975071 -642.112134 -737.754854 -833.483129 -928.377373 -1022.166066 -1110.359060 -1187.230181 -1253.503977 -1308.192511 -1351.483724 -1384.498412 -1408.880575 -1426.411200 -1438.743873 -1447.271112 -1453.088920 -1457.018793 -1459.655037 -1461.418775 -1462.613594 -1463.509427 -1464.619642 -1467.853319 -1480.693393 -1537.207138 -1998.805885 -4095.412359 -4133.660240 -4133.663366 -4133.663364 -4133.663340 -4133.663221 -4133.662810 -4133.661640 -4133.658151 -4133.652224 -4133.644391 -4133.631142 -4133.604955 -4133.546341 -4133.401537 -4133.014949 -4131.902130 -4059.432339 -1822.809385 -1498.655508 -1472.983894 -1466.654837 -1465.324045 -1465.093717 -1465.057540 -1465.052502 -1465.052420 -1465.053055 -1465.053679 -1465.054181 -1465.054571 -1465.054874 -1465.055112 -1465.055303 -1465.055460 -1465.055594 -1465.055715 -1465.055835 -1465.055967 -1465.056130 -1465.056352 -1465.056675 -1465.057166 -1465.057932 -1465.059154 -1465.061140 -1465.064432 -1465.070025 -1465.079791 -1465.097368 -1465.129980 -1465.192279 -1465.314850 -1465.564743 -1466.099660 -1467.318954 -1470.303182 -1478.266614 -1502.714664 -9999.0 -9999.0
-9999.0 -9999.0 824.751921 727.613389 630.068212 532.132497 433.998745 335.777815 237.527970 139.280316 41.052359 -57.138370 -155.285429 -253.355779 -351.272201 -448.895769 -545.975070 -642.112134 -737.754854 -833.483129 -928.377373 -1022.166066 -1110.359059 -1187.230180 -1253.503977 -1308.192511 -1351.483724 -1384.498412 -1408.880575 -1426.411200 -1438.743873 -1447.271112 -1453.088920 -1457.018793 -1459.655037 -1461.418775 -1462.613594 -1463.509427 -1464.619642 -1467.853319 -1480.693393 -1537.207138 -1998.805886 -4095.412359 -4133.660240 -4133.663366 -4133.663364 -4133.663340 -4133.663221 -4133.662810 -4133.661640 -4133.658151 -4133.652224 -4133.644391 -4133.631142 -4133.604955 -4133.546341 -4133.401537 -4133.014949 -4131.902130 -4059.432339 -1822.809385 -1498.655508 -1472.983894 -1466.654837 -1465.324045 -1465.093717 -1465.057540 -1465.052502 -1465.052420 -1465.053055 -1465.053679 -1465.054181 -1465.054571 -1465.054874 -1465.055112 -1465.055303 -1465.055460 -1465.055594 -1465.055715 -1465.055835 -1465.055967 -1465.056130 -1465.056352 -1465.056675 -1465.057166 -1465.057932 -1465.059154 -1465.061140 -1465.064432 -1465.070025 -1465.079791 -1465.097368 -1465.129980 -1465.192279 -1465.314850 -1465.564743 -1466.099660 -1467.318954 -1470.303182 -1478.266614 -1502.714664 -9999.0 -9999.0
-9999.0 -9999.0 -9999.0 -9999.0 -9999.0 -9999.0 -9999.0 -9999.0 -9999.0 -9999.0 -9999.0 -9999.0 -9999.0 -9999.0 -9999.0 -9999.0 -9999.0 -9999.0 -9999.0 -9999.0 -9999.0 -9999.0 -9999.0 -9999.0 -9999.0 -9999.0 -9999.0 -9999.0 -9999.0 -9999.0 -9999.0 -9999.0 -9999.0 -9999.0 -9999.0 -9999.0 -9999.0 -9999.0 -9999.0 -9999.0 -9999.0 -9999.0 -9999.0 -9999.0 -9999.0 -9999.0 -9999.0 -9999.0 -9999.0 -9999.0 -9999.0 -9999.0 -9999.0 -9999.0 -9999.0 -9999.0 -9999.0 -9999.0 -9999.0 -9999.0 -9999.0 -9999.0 -9999.0 -9999.0 -9999.0 -9999.0 -9999.0 -9999.0 -9999.0 -9999.0 -9999.0 -9999.0 -9999.0 -9999.0 -9999.0 -9999.0 -9999.0 -9999.0 -9999.0 -9999.0 -9999.0 -9999.0 -9999.0 -9999.0 -9999.0 -9999.0 -9999.0 -9999.0 -9999.0 -9999.0 -9999.0 -9999.0 -9999.0 -9999.0 -9999.0 -9999.0 -9999.0 -9999.0 -9999.0 -9999.0 -9999.0 -9999.0 -9999.0 -9999.0
-9999.0 -9999.0 -9999.0 -9999.0 -9999.0 -9999.0 -9999.0 -9999.0 -9999.0 -9999.0 -9999.0 -9999.0 -9999.0 -9999.0 -9999.0 -9999.0 -9999.0 -9999.0 -9999.0 -9999.0 -9999.0 -9999.0 -9999.0 -9999.0 -9999.0 -9999.0 -9999.0 -9999.0 -9999.0 -9999.0 -9999.0 -9999.0 -9999.0 -9999.0 -9999.0 -9999.0 -9999.0 -9999.0 -9999.0 -9999.0 -9999.0 -9999.0 -9999.0 -9999.0 -9999.0 -9999.0 -9999.0 -9999.0 -9999.0 -9999.0 -9999.0 -9999.0 -9999.0 -9999.0 -9999.0 -9999.0 -9999.0 -9999.0 -9999.0 -9999.0 -9999.0 -9999.0 -9999.0 -9999.0 -9999.0 -9999.0 -9999.0 -9999.0 -9999.0 -9999.0 -9999.0 -9999.0 -9999.0 -9999.0 -9999.0 -9999.0 -9999.0 -9999.0 -9999.0 -9999.0 -9999.0 -9999.0 -9999.0 -9999.0 -9999.0 -9999.0 -9999.0 -9999.0 -9999.0 -9999.0 -9999.0 -9999.0 -9999.0 -9999.0 -9999.0 -9999.0 -9999.0 -9999.0 -9999.0 -9999.0 -9999.0 -9999.0 -9999.0 -9999.0