inst/processing_geotop_simulation/geotop_simulation/out/maps3D/PwL0020N0339.asc
ncols         104
nrows         10
xllcorner     -2.000000
yllcorner     0.000000
cellsize      1.000000
NODATA_value  -9999.0
-9999.0 -9999.0 -9999.0 -9999.0 -9999.0 -9999.0 -9999.0 -9999.0 -9999.0 -9999.0 -9999.0 -9999.0 -9999.0 -9999.0 -9999.0 -9999.0 -9999.0 -9999.0 -9999.0 -9999.0 -9999.0 -9999.0 -9999.0 -9999.0 -9999.0 -9999.0 -9999.0 -9999.0 -9999.0 -9999.0 -9999.0 -9999.0 -9999.0 -9999.0 -9999.0 -9999.0 -9999.0 -9999.0 -9999.0 -9999.0 -9999.0 -9999.0 -9999.0 -9999.0 -9999.0 -9999.0 -9999.0 -9999.0 -9999.0 -9999.0 -9999.0 -9999.0 -9999.0 -9999.0 -9999.0 -9999.0 -9999.0 -9999.0 -9999.0 -9999.0 -9999.0 -9999.0 -9999.0 -9999.0 -9999.0 -9999.0 -9999.0 -9999.0 -9999.0 -9999.0 -9999.0 -9999.0 -9999.0 -9999.0 -9999.0 -9999.0 -9999.0 -9999.0 -9999.0 -9999.0 -9999.0 -9999.0 -9999.0 -9999.0 -9999.0 -9999.0 -9999.0 -9999.0 -9999.0 -9999.0 -9999.0 -9999.0 -9999.0 -9999.0 -9999.0 -9999.0 -9999.0 -9999.0 -9999.0 -9999.0 -9999.0 -9999.0 -9999.0 -9999.0
-9999.0 -9999.0 -9999.0 -9999.0 -9999.0 -9999.0 -9999.0 -9999.0 -9999.0 -9999.0 -9999.0 -9999.0 -9999.0 -9999.0 -9999.0 -9999.0 -9999.0 -9999.0 -9999.0 -9999.0 -9999.0 -9999.0 -9999.0 -9999.0 -9999.0 -9999.0 -9999.0 -9999.0 -9999.0 -9999.0 -9999.0 -9999.0 -9999.0 -9999.0 -9999.0 -9999.0 -9999.0 -9999.0 -9999.0 -9999.0 -9999.0 -9999.0 -9999.0 -9999.0 -9999.0 -9999.0 -9999.0 -9999.0 -9999.0 -9999.0 -9999.0 -9999.0 -9999.0 -9999.0 -9999.0 -9999.0 -9999.0 -9999.0 -9999.0 -9999.0 -9999.0 -9999.0 -9999.0 -9999.0 -9999.0 -9999.0 -9999.0 -9999.0 -9999.0 -9999.0 -9999.0 -9999.0 -9999.0 -9999.0 -9999.0 -9999.0 -9999.0 -9999.0 -9999.0 -9999.0 -9999.0 -9999.0 -9999.0 -9999.0 -9999.0 -9999.0 -9999.0 -9999.0 -9999.0 -9999.0 -9999.0 -9999.0 -9999.0 -9999.0 -9999.0 -9999.0 -9999.0 -9999.0 -9999.0 -9999.0 -9999.0 -9999.0 -9999.0 -9999.0
-9999.0 -9999.0 969.789044 871.093495 772.305945 673.358422 574.322066 475.245975 376.157592 277.072018 177.997716 78.939579 -20.096836 -119.107436 -218.087268 -317.011915 -415.834052 -514.463266 -612.737378 -710.381267 -808.214468 -905.561880 -1002.202159 -1097.851779 -1184.529578 -1263.387541 -1332.587119 -1391.028342 -1438.540173 -1475.817068 -1504.157588 -1525.137689 -1540.334729 -1551.154128 -1558.754715 -1564.044581 -1567.724491 -1570.398367 -1572.905711 -1577.332555 -1589.430953 -1626.360720 -1793.088397 -3706.896342 -3984.709378 -3984.669366 -3973.618544 -3890.522528 -3687.506104 -3426.682690 -3176.876788 -2944.814411 -2801.874384 -2710.568959 -2626.807128 -2540.137137 -2447.526731 -2350.256084 -2251.888274 -2155.292392 -2041.729268 -1533.429982 -1583.104596 -1581.057254 -1577.263192 -1575.977693 -1575.688811 -1575.635653 -1575.627203 -1575.626399 -1575.626795 -1575.627297 -1575.627733 -1575.628091 -1575.628386 -1575.628634 -1575.628850 -1575.629042 -1575.629219 -1575.629388 -1575.629560 -1575.629745 -1575.629957 -1575.630219 -1575.630565 -1575.631047 -1575.631753 -1575.632827 -1575.634520 -1575.637278 -1575.641928 -1575.650038 -1575.664688 -1575.692066 -1575.744979 -1575.851054 -1576.073478 -1576.566868 -1577.734689 -1580.703126 -1588.937590 -1614.712977 -9999.0 -9999.0
-9999.0 -9999.0 969.791872 871.094588 772.306307 673.358541 574.322107 475.245989 376.157598 277.072020 177.997717 78.939579 -20.096836 -119.107436 -218.087268 -317.011915 -415.834052 -514.463266 -612.737378 -710.381268 -808.214469 -905.561881 -1002.202159 -1097.851779 -1184.529578 -1263.387541 -1332.587119 -1391.028342 -1438.540174 -1475.817068 -1504.157588 -1525.137689 -1540.334729 -1551.154128 -1558.754715 -1564.044581 -1567.724491 -1570.398367 -1572.905711 -1577.332555 -1589.430953 -1626.360720 -1793.088396 -3706.896341 -3984.709378 -3984.669366 -3973.618544 -3890.522528 -3687.506104 -3426.682689 -3176.876785 -2944.814409 -2801.874383 -2710.568959 -2626.807127 -2540.137137 -2447.526730 -2350.256084 -2251.888273 -2155.292392 -2041.729269 -1533.429982 -1583.104596 -1581.057254 -1577.263192 -1575.977693 -1575.688811 -1575.635653 -1575.627203 -1575.626399 -1575.626795 -1575.627297 -1575.627733 -1575.628091 -1575.628386 -1575.628634 -1575.628850 -1575.629042 -1575.629219 -1575.629388 -1575.629560 -1575.629745 -1575.629957 -1575.630219 -1575.630565 -1575.631047 -1575.631753 -1575.632827 -1575.634520 -1575.637278 -1575.641928 -1575.650038 -1575.664688 -1575.692066 -1575.744979 -1575.851054 -1576.073478 -1576.566868 -1577.734689 -1580.703126 -1588.937590 -1614.712977 -9999.0 -9999.0
-9999.0 -9999.0 969.792974 871.095182 772.306558 673.358638 574.322142 475.246002 376.157603 277.072022 177.997718 78.939580 -20.096836 -119.107436 -218.087268 -317.011915 -415.834052 -514.463266 -612.737378 -710.381268 -808.214469 -905.561881 -1002.202160 -1097.851779 -1184.529578 -1263.387541 -1332.587119 -1391.028342 -1438.540174 -1475.817068 -1504.157588 -1525.137689 -1540.334729 -1551.154128 -1558.754715 -1564.044581 -1567.724491 -1570.398367 -1572.905711 -1577.332555 -1589.430953 -1626.360720 -1793.088396 -3706.896341 -3984.709378 -3984.669366 -3973.618544 -3890.522528 -3687.506104 -3426.682687 -3176.876783 -2944.814409 -2801.874383 -2710.568959 -2626.807127 -2540.137136 -2447.526730 -2350.256083 -2251.888273 -2155.292392 -2041.729268 -1533.429982 -1583.104596 -1581.057254 -1577.263192 -1575.977693 -1575.688811 -1575.635653 -1575.627203 -1575.626399 -1575.626795 -1575.627297 -1575.627733 -1575.628091 -1575.628386 -1575.628634 -1575.628850 -1575.629042 -1575.629219 -1575.629388 -1575.629560 -1575.629745 -1575.629957 -1575.630219 -1575.630565 -1575.631047 -1575.631753 -1575.632827 -1575.634520 -1575.637278 -1575.641928 -1575.650038 -1575.664688 -1575.692066 -1575.744979 -1575.851054 -1576.073478 -1576.566868 -1577.734689 -1580.703126 -1588.937590 -1614.712977 -9999.0 -9999.0
-9999.0 -9999.0 969.792974 871.095181 772.306558 673.358638 574.322142 475.246002 376.157603 277.072022 177.997718 78.939580 -20.096836 -119.107436 -218.087268 -317.011915 -415.834052 -514.463266 -612.737378 -710.381268 -808.214469 -905.561881 -1002.202159 -1097.851779 -1184.529578 -1263.387541 -1332.587119 -1391.028342 -1438.540174 -1475.817068 -1504.157588 -1525.137689 -1540.334729 -1551.154128 -1558.754715 -1564.044581 -1567.724491 -1570.398367 -1572.905711 -1577.332555 -1589.430953 -1626.360720 -1793.088396 -3706.896341 -3984.709378 -3984.669366 -3973.618544 -3890.522528 -3687.506104 -3426.682687 -3176.876783 -2944.814409 -2801.874383 -2710.568959 -2626.807127 -2540.137136 -2447.526730 -2350.256083 -2251.888273 -2155.292392 -2041.729268 -1533.429982 -1583.104596 -1581.057254 -1577.263192 -1575.977693 -1575.688811 -1575.635653 -1575.627203 -1575.626399 -1575.626795 -1575.627297 -1575.627733 -1575.628091 -1575.628386 -1575.628634 -1575.628850 -1575.629042 -1575.629219 -1575.629388 -1575.629560 -1575.629745 -1575.629957 -1575.630219 -1575.630565 -1575.631047 -1575.631753 -1575.632827 -1575.634520 -1575.637278 -1575.641928 -1575.650038 -1575.664688 -1575.692066 -1575.744979 -1575.851054 -1576.073478 -1576.566868 -1577.734689 -1580.703126 -1588.937590 -1614.712977 -9999.0 -9999.0
-9999.0 -9999.0 969.791872 871.094588 772.306307 673.358541 574.322107 475.245989 376.157598 277.072020 177.997717 78.939579 -20.096836 -119.107436 -218.087268 -317.011915 -415.834052 -514.463266 -612.737378 -710.381268 -808.214469 -905.561881 -1002.202159 -1097.851779 -1184.529578 -1263.387541 -1332.587119 -1391.028342 -1438.540174 -1475.817068 -1504.157588 -1525.137689 -1540.334729 -1551.154128 -1558.754715 -1564.044581 -1567.724491 -1570.398367 -1572.905711 -1577.332555 -1589.430953 -1626.360720 -1793.088396 -3706.896341 -3984.709378 -3984.669366 -3973.618544 -3890.522528 -3687.506104 -3426.682688 -3176.876784 -2944.814409 -2801.874383 -2710.568959 -2626.807127 -2540.137136 -2447.526730 -2350.256083 -2251.888273 -2155.292392 -2041.729269 -1533.429982 -1583.104596 -1581.057254 -1577.263192 -1575.977693 -1575.688811 -1575.635653 -1575.627203 -1575.626399 -1575.626795 -1575.627297 -1575.627733 -1575.628091 -1575.628386 -1575.628634 -1575.628850 -1575.629042 -1575.629219 -1575.629388 -1575.629560 -1575.629745 -1575.629957 -1575.630219 -1575.630565 -1575.631047 -1575.631753 -1575.632827 -1575.634520 -1575.637278 -1575.641928 -1575.650038 -1575.664688 -1575.692066 -1575.744979 -1575.851054 -1576.073478 -1576.566868 -1577.734689 -1580.703126 -1588.937590 -1614.712977 -9999.0 -9999.0
-9999.0 -9999.0 969.789044 871.093495 772.305945 673.358422 574.322066 475.245975 376.157592 277.072017 177.997716 78.939579 -20.096836 -119.107436 -218.087268 -317.011915 -415.834052 -514.463266 -612.737378 -710.381268 -808.214468 -905.561880 -1002.202159 -1097.851779 -1184.529578 -1263.387541 -1332.587119 -1391.028342 -1438.540173 -1475.817068 -1504.157588 -1525.137689 -1540.334729 -1551.154128 -1558.754715 -1564.044581 -1567.724491 -1570.398367 -1572.905711 -1577.332555 -1589.430953 -1626.360720 -1793.088397 -3706.896342 -3984.709378 -3984.669366 -3973.618544 -3890.522528 -3687.506104 -3426.682691 -3176.876788 -2944.814411 -2801.874384 -2710.568959 -2626.807128 -2540.137137 -2447.526731 -2350.256084 -2251.888273 -2155.292392 -2041.729269 -1533.429982 -1583.104596 -1581.057254 -1577.263192 -1575.977693 -1575.688811 -1575.635653 -1575.627203 -1575.626399 -1575.626795 -1575.627297 -1575.627733 -1575.628091 -1575.628386 -1575.628634 -1575.628850 -1575.629042 -1575.629219 -1575.629388 -1575.629560 -1575.629745 -1575.629957 -1575.630219 -1575.630565 -1575.631047 -1575.631753 -1575.632827 -1575.634520 -1575.637278 -1575.641928 -1575.650038 -1575.664688 -1575.692066 -1575.744979 -1575.851054 -1576.073478 -1576.566868 -1577.734689 -1580.703126 -1588.937590 -1614.712977 -9999.0 -9999.0
-9999.0 -9999.0 -9999.0 -9999.0 -9999.0 -9999.0 -9999.0 -9999.0 -9999.0 -9999.0 -9999.0 -9999.0 -9999.0 -9999.0 -9999.0 -9999.0 -9999.0 -9999.0 -9999.0 -9999.0 -9999.0 -9999.0 -9999.0 -9999.0 -9999.0 -9999.0 -9999.0 -9999.0 -9999.0 -9999.0 -9999.0 -9999.0 -9999.0 -9999.0 -9999.0 -9999.0 -9999.0 -9999.0 -9999.0 -9999.0 -9999.0 -9999.0 -9999.0 -9999.0 -9999.0 -9999.0 -9999.0 -9999.0 -9999.0 -9999.0 -9999.0 -9999.0 -9999.0 -9999.0 -9999.0 -9999.0 -9999.0 -9999.0 -9999.0 -9999.0 -9999.0 -9999.0 -9999.0 -9999.0 -9999.0 -9999.0 -9999.0 -9999.0 -9999.0 -9999.0 -9999.0 -9999.0 -9999.0 -9999.0 -9999.0 -9999.0 -9999.0 -9999.0 -9999.0 -9999.0 -9999.0 -9999.0 -9999.0 -9999.0 -9999.0 -9999.0 -9999.0 -9999.0 -9999.0 -9999.0 -9999.0 -9999.0 -9999.0 -9999.0 -9999.0 -9999.0 -9999.0 -9999.0 -9999.0 -9999.0 -9999.0 -9999.0 -9999.0 -9999.0
-9999.0 -9999.0 -9999.0 -9999.0 -9999.0 -9999.0 -9999.0 -9999.0 -9999.0 -9999.0 -9999.0 -9999.0 -9999.0 -9999.0 -9999.0 -9999.0 -9999.0 -9999.0 -9999.0 -9999.0 -9999.0 -9999.0 -9999.0 -9999.0 -9999.0 -9999.0 -9999.0 -9999.0 -9999.0 -9999.0 -9999.0 -9999.0 -9999.0 -9999.0 -9999.0 -9999.0 -9999.0 -9999.0 -9999.0 -9999.0 -9999.0 -9999.0 -9999.0 -9999.0 -9999.0 -9999.0 -9999.0 -9999.0 -9999.0 -9999.0 -9999.0 -9999.0 -9999.0 -9999.0 -9999.0 -9999.0 -9999.0 -9999.0 -9999.0 -9999.0 -9999.0 -9999.0 -9999.0 -9999.0 -9999.0 -9999.0 -9999.0 -9999.0 -9999.0 -9999.0 -9999.0 -9999.0 -9999.0 -9999.0 -9999.0 -9999.0 -9999.0 -9999.0 -9999.0 -9999.0 -9999.0 -9999.0 -9999.0 -9999.0 -9999.0 -9999.0 -9999.0 -9999.0 -9999.0 -9999.0 -9999.0 -9999.0 -9999.0 -9999.0 -9999.0 -9999.0 -9999.0 -9999.0 -9999.0 -9999.0 -9999.0 -9999.0 -9999.0 -9999.0