inst/processing_geotop_simulation/geotop_simulation/out/maps3D/PwL0003N0065.asc
ncols         104
nrows         10
xllcorner     -2.000000
yllcorner     0.000000
cellsize      1.000000
NODATA_value  -9999.0
-9999.0 -9999.0 -9999.0 -9999.0 -9999.0 -9999.0 -9999.0 -9999.0 -9999.0 -9999.0 -9999.0 -9999.0 -9999.0 -9999.0 -9999.0 -9999.0 -9999.0 -9999.0 -9999.0 -9999.0 -9999.0 -9999.0 -9999.0 -9999.0 -9999.0 -9999.0 -9999.0 -9999.0 -9999.0 -9999.0 -9999.0 -9999.0 -9999.0 -9999.0 -9999.0 -9999.0 -9999.0 -9999.0 -9999.0 -9999.0 -9999.0 -9999.0 -9999.0 -9999.0 -9999.0 -9999.0 -9999.0 -9999.0 -9999.0 -9999.0 -9999.0 -9999.0 -9999.0 -9999.0 -9999.0 -9999.0 -9999.0 -9999.0 -9999.0 -9999.0 -9999.0 -9999.0 -9999.0 -9999.0 -9999.0 -9999.0 -9999.0 -9999.0 -9999.0 -9999.0 -9999.0 -9999.0 -9999.0 -9999.0 -9999.0 -9999.0 -9999.0 -9999.0 -9999.0 -9999.0 -9999.0 -9999.0 -9999.0 -9999.0 -9999.0 -9999.0 -9999.0 -9999.0 -9999.0 -9999.0 -9999.0 -9999.0 -9999.0 -9999.0 -9999.0 -9999.0 -9999.0 -9999.0 -9999.0 -9999.0 -9999.0 -9999.0 -9999.0 -9999.0
-9999.0 -9999.0 -9999.0 -9999.0 -9999.0 -9999.0 -9999.0 -9999.0 -9999.0 -9999.0 -9999.0 -9999.0 -9999.0 -9999.0 -9999.0 -9999.0 -9999.0 -9999.0 -9999.0 -9999.0 -9999.0 -9999.0 -9999.0 -9999.0 -9999.0 -9999.0 -9999.0 -9999.0 -9999.0 -9999.0 -9999.0 -9999.0 -9999.0 -9999.0 -9999.0 -9999.0 -9999.0 -9999.0 -9999.0 -9999.0 -9999.0 -9999.0 -9999.0 -9999.0 -9999.0 -9999.0 -9999.0 -9999.0 -9999.0 -9999.0 -9999.0 -9999.0 -9999.0 -9999.0 -9999.0 -9999.0 -9999.0 -9999.0 -9999.0 -9999.0 -9999.0 -9999.0 -9999.0 -9999.0 -9999.0 -9999.0 -9999.0 -9999.0 -9999.0 -9999.0 -9999.0 -9999.0 -9999.0 -9999.0 -9999.0 -9999.0 -9999.0 -9999.0 -9999.0 -9999.0 -9999.0 -9999.0 -9999.0 -9999.0 -9999.0 -9999.0 -9999.0 -9999.0 -9999.0 -9999.0 -9999.0 -9999.0 -9999.0 -9999.0 -9999.0 -9999.0 -9999.0 -9999.0 -9999.0 -9999.0 -9999.0 -9999.0 -9999.0 -9999.0
-9999.0 -9999.0 -409.942321 -535.529775 -699.107865 -889.086232 -1047.487383 -1133.293315 -1165.838023 -1166.787198 -1104.843724 -1057.769442 -1062.248683 -1078.927483 -1110.910727 -1153.620614 -1171.222682 -1168.658978 -1157.209389 -1145.809073 -1138.219644 -1135.139481 -1136.014825 -1139.902513 -1145.779619 -1152.652456 -1159.613638 -1165.947599 -1171.230717 -1175.337954 -1178.356666 -1180.478514 -1181.917747 -1182.864917 -1183.469743 -1183.842422 -1184.074291 -1184.283012 -1184.539609 -1184.687848 -1187.644000 -1211.985650 -819.657307 -814.571366 -799.159504 -789.827725 -785.484301 -784.905975 -784.850883 -784.867606 -784.896413 -784.926758 -784.955854 -784.982757 -785.007370 -785.032612 -785.088302 -785.436098 -787.755374 -793.127881 -802.299693 -797.353016 -1197.381960 -1187.388345 -1185.163915 -1184.708529 -1184.606654 -1184.588952 -1184.589542 -1184.593270 -1184.596849 -1184.599691 -1184.601834 -1184.603444 -1184.604666 -1184.605611 -1184.606356 -1184.606953 -1184.607445 -1184.607872 -1184.608278 -1184.608717 -1184.609257 -1184.609995 -1184.611075 -1184.612723 -1184.615301 -1184.619396 -1184.625985 -1184.636736 -1184.654586 -1184.684892 -1184.737770 -1184.832878 -1185.009112 -1185.343845 -1185.990196 -1187.249591 -1189.724651 -1194.696718 -1205.174301 -1229.651726 -9999.0 -9999.0
-9999.0 -9999.0 -409.942318 -535.529772 -699.107860 -889.086224 -1047.487378 -1133.293314 -1165.838023 -1166.787199 -1104.843725 -1057.769442 -1062.248683 -1078.927483 -1110.910727 -1153.620614 -1171.222682 -1168.658978 -1157.209389 -1145.809073 -1138.219644 -1135.139481 -1136.014825 -1139.902513 -1145.779619 -1152.652456 -1159.613638 -1165.947599 -1171.230717 -1175.337954 -1178.356666 -1180.478514 -1181.917747 -1182.864917 -1183.469743 -1183.842422 -1184.074291 -1184.283012 -1184.539609 -1184.687848 -1187.644000 -1211.985650 -819.657307 -814.571366 -799.159504 -789.827725 -785.484301 -784.905975 -784.850883 -784.867606 -784.896413 -784.926758 -784.955854 -784.982757 -785.007370 -785.032612 -785.088302 -785.436098 -787.755374 -793.127881 -802.299693 -797.353016 -1197.381960 -1187.388345 -1185.163915 -1184.708529 -1184.606654 -1184.588952 -1184.589542 -1184.593270 -1184.596849 -1184.599691 -1184.601834 -1184.603444 -1184.604666 -1184.605611 -1184.606356 -1184.606953 -1184.607445 -1184.607872 -1184.608278 -1184.608717 -1184.609257 -1184.609995 -1184.611075 -1184.612723 -1184.615301 -1184.619396 -1184.625985 -1184.636736 -1184.654586 -1184.684892 -1184.737770 -1184.832878 -1185.009112 -1185.343845 -1185.990196 -1187.249591 -1189.724651 -1194.696718 -1205.174301 -1229.651726 -9999.0 -9999.0
-9999.0 -9999.0 -409.942317 -535.529770 -699.107855 -889.086218 -1047.487375 -1133.293314 -1165.838024 -1166.787200 -1104.843725 -1057.769442 -1062.248683 -1078.927483 -1110.910727 -1153.620614 -1171.222682 -1168.658978 -1157.209389 -1145.809073 -1138.219644 -1135.139481 -1136.014825 -1139.902513 -1145.779619 -1152.652456 -1159.613638 -1165.947599 -1171.230717 -1175.337954 -1178.356666 -1180.478514 -1181.917747 -1182.864917 -1183.469743 -1183.842422 -1184.074291 -1184.283012 -1184.539609 -1184.687848 -1187.644000 -1211.985650 -819.657307 -814.571366 -799.159504 -789.827724 -785.484301 -784.905975 -784.850883 -784.867606 -784.896413 -784.926758 -784.955854 -784.982757 -785.007370 -785.032612 -785.088302 -785.436098 -787.755374 -793.127881 -802.299693 -797.353016 -1197.381960 -1187.388345 -1185.163915 -1184.708529 -1184.606654 -1184.588952 -1184.589542 -1184.593270 -1184.596849 -1184.599691 -1184.601834 -1184.603444 -1184.604666 -1184.605611 -1184.606356 -1184.606953 -1184.607445 -1184.607872 -1184.608278 -1184.608717 -1184.609257 -1184.609995 -1184.611075 -1184.612723 -1184.615301 -1184.619396 -1184.625985 -1184.636736 -1184.654586 -1184.684892 -1184.737770 -1184.832878 -1185.009112 -1185.343845 -1185.990196 -1187.249591 -1189.724651 -1194.696718 -1205.174301 -1229.651726 -9999.0 -9999.0
-9999.0 -9999.0 -409.942317 -535.529770 -699.107855 -889.086218 -1047.487375 -1133.293314 -1165.838024 -1166.787200 -1104.843725 -1057.769442 -1062.248683 -1078.927483 -1110.910727 -1153.620614 -1171.222682 -1168.658978 -1157.209389 -1145.809073 -1138.219644 -1135.139481 -1136.014825 -1139.902513 -1145.779619 -1152.652456 -1159.613638 -1165.947599 -1171.230717 -1175.337954 -1178.356666 -1180.478514 -1181.917747 -1182.864917 -1183.469743 -1183.842422 -1184.074291 -1184.283012 -1184.539609 -1184.687848 -1187.644000 -1211.985650 -819.657307 -814.571366 -799.159504 -789.827724 -785.484301 -784.905975 -784.850883 -784.867606 -784.896413 -784.926758 -784.955854 -784.982757 -785.007370 -785.032612 -785.088302 -785.436098 -787.755374 -793.127881 -802.299693 -797.353016 -1197.381960 -1187.388345 -1185.163915 -1184.708529 -1184.606654 -1184.588952 -1184.589542 -1184.593270 -1184.596849 -1184.599691 -1184.601834 -1184.603444 -1184.604666 -1184.605611 -1184.606356 -1184.606953 -1184.607445 -1184.607872 -1184.608278 -1184.608717 -1184.609257 -1184.609995 -1184.611075 -1184.612723 -1184.615301 -1184.619396 -1184.625985 -1184.636736 -1184.654586 -1184.684892 -1184.737770 -1184.832878 -1185.009112 -1185.343845 -1185.990196 -1187.249591 -1189.724651 -1194.696718 -1205.174301 -1229.651726 -9999.0 -9999.0
-9999.0 -9999.0 -409.942318 -535.529772 -699.107860 -889.086224 -1047.487378 -1133.293314 -1165.838024 -1166.787199 -1104.843725 -1057.769442 -1062.248683 -1078.927483 -1110.910727 -1153.620614 -1171.222682 -1168.658978 -1157.209389 -1145.809073 -1138.219644 -1135.139481 -1136.014825 -1139.902513 -1145.779619 -1152.652456 -1159.613638 -1165.947599 -1171.230717 -1175.337954 -1178.356666 -1180.478514 -1181.917747 -1182.864917 -1183.469743 -1183.842422 -1184.074291 -1184.283012 -1184.539609 -1184.687848 -1187.644000 -1211.985650 -819.657307 -814.571366 -799.159504 -789.827725 -785.484301 -784.905975 -784.850883 -784.867606 -784.896413 -784.926758 -784.955854 -784.982757 -785.007370 -785.032612 -785.088302 -785.436098 -787.755374 -793.127881 -802.299693 -797.353016 -1197.381960 -1187.388345 -1185.163915 -1184.708529 -1184.606654 -1184.588952 -1184.589542 -1184.593270 -1184.596849 -1184.599691 -1184.601834 -1184.603444 -1184.604666 -1184.605611 -1184.606356 -1184.606953 -1184.607445 -1184.607872 -1184.608278 -1184.608717 -1184.609257 -1184.609995 -1184.611075 -1184.612723 -1184.615301 -1184.619396 -1184.625985 -1184.636736 -1184.654586 -1184.684892 -1184.737770 -1184.832878 -1185.009112 -1185.343845 -1185.990196 -1187.249591 -1189.724651 -1194.696718 -1205.174301 -1229.651726 -9999.0 -9999.0
-9999.0 -9999.0 -409.942321 -535.529775 -699.107865 -889.086232 -1047.487383 -1133.293315 -1165.838023 -1166.787198 -1104.843724 -1057.769442 -1062.248683 -1078.927483 -1110.910727 -1153.620614 -1171.222682 -1168.658978 -1157.209389 -1145.809073 -1138.219644 -1135.139481 -1136.014825 -1139.902513 -1145.779619 -1152.652456 -1159.613638 -1165.947599 -1171.230717 -1175.337954 -1178.356666 -1180.478514 -1181.917747 -1182.864917 -1183.469743 -1183.842422 -1184.074291 -1184.283012 -1184.539609 -1184.687848 -1187.644000 -1211.985650 -819.657307 -814.571366 -799.159504 -789.827725 -785.484301 -784.905975 -784.850883 -784.867606 -784.896413 -784.926758 -784.955854 -784.982757 -785.007370 -785.032612 -785.088302 -785.436098 -787.755374 -793.127881 -802.299693 -797.353016 -1197.381960 -1187.388345 -1185.163915 -1184.708529 -1184.606654 -1184.588952 -1184.589542 -1184.593270 -1184.596849 -1184.599691 -1184.601834 -1184.603444 -1184.604666 -1184.605611 -1184.606356 -1184.606953 -1184.607445 -1184.607872 -1184.608278 -1184.608717 -1184.609257 -1184.609995 -1184.611075 -1184.612723 -1184.615301 -1184.619396 -1184.625985 -1184.636736 -1184.654586 -1184.684892 -1184.737770 -1184.832878 -1185.009112 -1185.343845 -1185.990196 -1187.249591 -1189.724651 -1194.696718 -1205.174301 -1229.651726 -9999.0 -9999.0
-9999.0 -9999.0 -9999.0 -9999.0 -9999.0 -9999.0 -9999.0 -9999.0 -9999.0 -9999.0 -9999.0 -9999.0 -9999.0 -9999.0 -9999.0 -9999.0 -9999.0 -9999.0 -9999.0 -9999.0 -9999.0 -9999.0 -9999.0 -9999.0 -9999.0 -9999.0 -9999.0 -9999.0 -9999.0 -9999.0 -9999.0 -9999.0 -9999.0 -9999.0 -9999.0 -9999.0 -9999.0 -9999.0 -9999.0 -9999.0 -9999.0 -9999.0 -9999.0 -9999.0 -9999.0 -9999.0 -9999.0 -9999.0 -9999.0 -9999.0 -9999.0 -9999.0 -9999.0 -9999.0 -9999.0 -9999.0 -9999.0 -9999.0 -9999.0 -9999.0 -9999.0 -9999.0 -9999.0 -9999.0 -9999.0 -9999.0 -9999.0 -9999.0 -9999.0 -9999.0 -9999.0 -9999.0 -9999.0 -9999.0 -9999.0 -9999.0 -9999.0 -9999.0 -9999.0 -9999.0 -9999.0 -9999.0 -9999.0 -9999.0 -9999.0 -9999.0 -9999.0 -9999.0 -9999.0 -9999.0 -9999.0 -9999.0 -9999.0 -9999.0 -9999.0 -9999.0 -9999.0 -9999.0 -9999.0 -9999.0 -9999.0 -9999.0 -9999.0 -9999.0
-9999.0 -9999.0 -9999.0 -9999.0 -9999.0 -9999.0 -9999.0 -9999.0 -9999.0 -9999.0 -9999.0 -9999.0 -9999.0 -9999.0 -9999.0 -9999.0 -9999.0 -9999.0 -9999.0 -9999.0 -9999.0 -9999.0 -9999.0 -9999.0 -9999.0 -9999.0 -9999.0 -9999.0 -9999.0 -9999.0 -9999.0 -9999.0 -9999.0 -9999.0 -9999.0 -9999.0 -9999.0 -9999.0 -9999.0 -9999.0 -9999.0 -9999.0 -9999.0 -9999.0 -9999.0 -9999.0 -9999.0 -9999.0 -9999.0 -9999.0 -9999.0 -9999.0 -9999.0 -9999.0 -9999.0 -9999.0 -9999.0 -9999.0 -9999.0 -9999.0 -9999.0 -9999.0 -9999.0 -9999.0 -9999.0 -9999.0 -9999.0 -9999.0 -9999.0 -9999.0 -9999.0 -9999.0 -9999.0 -9999.0 -9999.0 -9999.0 -9999.0 -9999.0 -9999.0 -9999.0 -9999.0 -9999.0 -9999.0 -9999.0 -9999.0 -9999.0 -9999.0 -9999.0 -9999.0 -9999.0 -9999.0 -9999.0 -9999.0 -9999.0 -9999.0 -9999.0 -9999.0 -9999.0 -9999.0 -9999.0 -9999.0 -9999.0 -9999.0 -9999.0