inst/processing_geotop_simulation/geotop_simulation/out/maps3D/PwL0000N0454.asc
ncols         104
nrows         10
xllcorner     -2.000000
yllcorner     0.000000
cellsize      1.000000
NODATA_value  -9999.0
-9999.0 -9999.0 -9999.0 -9999.0 -9999.0 -9999.0 -9999.0 -9999.0 -9999.0 -9999.0 -9999.0 -9999.0 -9999.0 -9999.0 -9999.0 -9999.0 -9999.0 -9999.0 -9999.0 -9999.0 -9999.0 -9999.0 -9999.0 -9999.0 -9999.0 -9999.0 -9999.0 -9999.0 -9999.0 -9999.0 -9999.0 -9999.0 -9999.0 -9999.0 -9999.0 -9999.0 -9999.0 -9999.0 -9999.0 -9999.0 -9999.0 -9999.0 -9999.0 -9999.0 -9999.0 -9999.0 -9999.0 -9999.0 -9999.0 -9999.0 -9999.0 -9999.0 -9999.0 -9999.0 -9999.0 -9999.0 -9999.0 -9999.0 -9999.0 -9999.0 -9999.0 -9999.0 -9999.0 -9999.0 -9999.0 -9999.0 -9999.0 -9999.0 -9999.0 -9999.0 -9999.0 -9999.0 -9999.0 -9999.0 -9999.0 -9999.0 -9999.0 -9999.0 -9999.0 -9999.0 -9999.0 -9999.0 -9999.0 -9999.0 -9999.0 -9999.0 -9999.0 -9999.0 -9999.0 -9999.0 -9999.0 -9999.0 -9999.0 -9999.0 -9999.0 -9999.0 -9999.0 -9999.0 -9999.0 -9999.0 -9999.0 -9999.0 -9999.0 -9999.0
-9999.0 -9999.0 -9999.0 -9999.0 -9999.0 -9999.0 -9999.0 -9999.0 -9999.0 -9999.0 -9999.0 -9999.0 -9999.0 -9999.0 -9999.0 -9999.0 -9999.0 -9999.0 -9999.0 -9999.0 -9999.0 -9999.0 -9999.0 -9999.0 -9999.0 -9999.0 -9999.0 -9999.0 -9999.0 -9999.0 -9999.0 -9999.0 -9999.0 -9999.0 -9999.0 -9999.0 -9999.0 -9999.0 -9999.0 -9999.0 -9999.0 -9999.0 -9999.0 -9999.0 -9999.0 -9999.0 -9999.0 -9999.0 -9999.0 -9999.0 -9999.0 -9999.0 -9999.0 -9999.0 -9999.0 -9999.0 -9999.0 -9999.0 -9999.0 -9999.0 -9999.0 -9999.0 -9999.0 -9999.0 -9999.0 -9999.0 -9999.0 -9999.0 -9999.0 -9999.0 -9999.0 -9999.0 -9999.0 -9999.0 -9999.0 -9999.0 -9999.0 -9999.0 -9999.0 -9999.0 -9999.0 -9999.0 -9999.0 -9999.0 -9999.0 -9999.0 -9999.0 -9999.0 -9999.0 -9999.0 -9999.0 -9999.0 -9999.0 -9999.0 -9999.0 -9999.0 -9999.0 -9999.0 -9999.0 -9999.0 -9999.0 -9999.0 -9999.0 -9999.0
-9999.0 -9999.0 0.026862 -96.824254 -195.878945 -295.179404 -394.569617 -493.992393 -593.418854 -692.827006 -792.188079 -891.482571 -990.692474 -1089.795510 -1188.867229 -1287.885130 -1386.666963 -1485.065445 -1582.795864 -1679.266432 -1773.279357 -1862.654456 -1944.321781 -2015.322950 -2073.984627 -2120.312179 -2155.585351 -2181.692205 -2200.600511 -2214.067834 -2223.534911 -2230.121273 -2234.665960 -2237.781709 -2239.907965 -2241.358483 -2242.369791 -2243.184919 -2244.268589 -2246.458356 -2245.238124 -2167.650985 -1341.683697 -1337.399558 -1327.660593 -1321.178228 -1318.123366 -1317.632730 -1317.578422 -1317.582704 -1317.595406 -1317.609147 -1317.622366 -1317.634616 -1317.646054 -1317.659936 -1317.705965 -1318.006146 -1319.655488 -1323.270644 -1327.965500 -1325.179533 -2143.052846 -2239.678049 -2245.109228 -2244.697851 -2244.491028 -2244.445453 -2244.437629 -2244.436767 -2244.437037 -2244.437417 -2244.437743 -2244.438000 -2244.438203 -2244.438365 -2244.438497 -2244.438608 -2244.438705 -2244.438795 -2244.438885 -2244.438984 -2244.439107 -2244.439270 -2244.439505 -2244.439856 -2244.440400 -2244.441262 -2244.442663 -2244.444992 -2244.448972 -2244.455975 -2244.468689 -2244.492494 -2244.538432 -2244.630007 -2244.820092 -2245.236686 -2246.217316 -2248.748064 -2256.095710 -2280.642370 -9999.0 -9999.0
-9999.0 -9999.0 0.079945 -96.822450 -195.878496 -295.179273 -394.569575 -493.992379 -593.418849 -692.827004 -792.188078 -891.482571 -990.692474 -1089.795509 -1188.867229 -1287.885130 -1386.666963 -1485.065445 -1582.795864 -1679.266433 -1773.279357 -1862.654456 -1944.321781 -2015.322950 -2073.984627 -2120.312179 -2155.585351 -2181.692205 -2200.600511 -2214.067834 -2223.534911 -2230.121273 -2234.665960 -2237.781709 -2239.907965 -2241.358483 -2242.369791 -2243.184919 -2244.268589 -2246.458356 -2245.238124 -2167.650985 -1341.683697 -1337.399558 -1327.660593 -1321.178228 -1318.123366 -1317.632730 -1317.578422 -1317.582704 -1317.595406 -1317.609147 -1317.622366 -1317.634616 -1317.646054 -1317.659936 -1317.705965 -1318.006146 -1319.655488 -1323.270644 -1327.965500 -1325.179533 -2143.052846 -2239.678049 -2245.109228 -2244.697851 -2244.491028 -2244.445453 -2244.437629 -2244.436767 -2244.437037 -2244.437417 -2244.437743 -2244.438000 -2244.438203 -2244.438365 -2244.438497 -2244.438608 -2244.438705 -2244.438795 -2244.438885 -2244.438984 -2244.439107 -2244.439270 -2244.439505 -2244.439856 -2244.440399 -2244.441262 -2244.442663 -2244.444992 -2244.448972 -2244.455975 -2244.468689 -2244.492494 -2244.538432 -2244.630007 -2244.820092 -2245.236686 -2246.217316 -2248.748064 -2256.095710 -2280.642370 -9999.0 -9999.0
-9999.0 -9999.0 0.079965 -96.821728 -195.878211 -295.179170 -394.569539 -493.992365 -593.418844 -692.827002 -792.188077 -891.482570 -990.692473 -1089.795509 -1188.867229 -1287.885130 -1386.666963 -1485.065445 -1582.795864 -1679.266433 -1773.279357 -1862.654457 -1944.321781 -2015.322950 -2073.984627 -2120.312179 -2155.585351 -2181.692205 -2200.600511 -2214.067834 -2223.534911 -2230.121273 -2234.665960 -2237.781709 -2239.907965 -2241.358483 -2242.369791 -2243.184919 -2244.268589 -2246.458356 -2245.238124 -2167.650985 -1341.683697 -1337.399558 -1327.660593 -1321.178228 -1318.123366 -1317.632730 -1317.578422 -1317.582704 -1317.595406 -1317.609147 -1317.622366 -1317.634616 -1317.646054 -1317.659936 -1317.705965 -1318.006146 -1319.655488 -1323.270644 -1327.965500 -1325.179533 -2143.052846 -2239.678049 -2245.109228 -2244.697851 -2244.491028 -2244.445453 -2244.437629 -2244.436767 -2244.437037 -2244.437417 -2244.437743 -2244.438000 -2244.438203 -2244.438365 -2244.438497 -2244.438608 -2244.438705 -2244.438795 -2244.438885 -2244.438984 -2244.439107 -2244.439270 -2244.439505 -2244.439856 -2244.440399 -2244.441262 -2244.442663 -2244.444992 -2244.448972 -2244.455975 -2244.468689 -2244.492494 -2244.538432 -2244.630007 -2244.820092 -2245.236686 -2246.217316 -2248.748064 -2256.095710 -2280.642370 -9999.0 -9999.0
-9999.0 -9999.0 0.079965 -96.821728 -195.878211 -295.179170 -394.569539 -493.992365 -593.418844 -692.827002 -792.188077 -891.482570 -990.692473 -1089.795509 -1188.867229 -1287.885130 -1386.666963 -1485.065445 -1582.795864 -1679.266433 -1773.279357 -1862.654457 -1944.321781 -2015.322950 -2073.984627 -2120.312179 -2155.585351 -2181.692205 -2200.600511 -2214.067834 -2223.534911 -2230.121273 -2234.665960 -2237.781709 -2239.907965 -2241.358483 -2242.369791 -2243.184919 -2244.268589 -2246.458356 -2245.238124 -2167.650985 -1341.683697 -1337.399558 -1327.660593 -1321.178228 -1318.123366 -1317.632730 -1317.578422 -1317.582704 -1317.595406 -1317.609147 -1317.622366 -1317.634616 -1317.646054 -1317.659936 -1317.705965 -1318.006146 -1319.655488 -1323.270644 -1327.965500 -1325.179533 -2143.052846 -2239.678049 -2245.109228 -2244.697851 -2244.491028 -2244.445453 -2244.437629 -2244.436767 -2244.437037 -2244.437417 -2244.437743 -2244.438000 -2244.438203 -2244.438365 -2244.438497 -2244.438608 -2244.438705 -2244.438795 -2244.438885 -2244.438984 -2244.439107 -2244.439270 -2244.439505 -2244.439856 -2244.440399 -2244.441262 -2244.442663 -2244.444992 -2244.448972 -2244.455975 -2244.468689 -2244.492494 -2244.538432 -2244.630007 -2244.820092 -2245.236686 -2246.217316 -2248.748064 -2256.095710 -2280.642370 -9999.0 -9999.0
-9999.0 -9999.0 0.079945 -96.822450 -195.878496 -295.179273 -394.569575 -493.992379 -593.418849 -692.827004 -792.188078 -891.482571 -990.692474 -1089.795509 -1188.867229 -1287.885130 -1386.666963 -1485.065445 -1582.795864 -1679.266433 -1773.279357 -1862.654456 -1944.321781 -2015.322950 -2073.984627 -2120.312179 -2155.585351 -2181.692205 -2200.600511 -2214.067834 -2223.534911 -2230.121273 -2234.665960 -2237.781709 -2239.907965 -2241.358483 -2242.369791 -2243.184919 -2244.268589 -2246.458356 -2245.238124 -2167.650985 -1341.683697 -1337.399558 -1327.660593 -1321.178228 -1318.123366 -1317.632730 -1317.578422 -1317.582704 -1317.595406 -1317.609147 -1317.622366 -1317.634616 -1317.646054 -1317.659936 -1317.705965 -1318.006146 -1319.655488 -1323.270644 -1327.965500 -1325.179533 -2143.052846 -2239.678049 -2245.109228 -2244.697851 -2244.491028 -2244.445453 -2244.437629 -2244.436767 -2244.437037 -2244.437417 -2244.437743 -2244.438000 -2244.438203 -2244.438365 -2244.438497 -2244.438608 -2244.438705 -2244.438795 -2244.438885 -2244.438984 -2244.439107 -2244.439270 -2244.439505 -2244.439856 -2244.440399 -2244.441262 -2244.442663 -2244.444992 -2244.448972 -2244.455975 -2244.468689 -2244.492494 -2244.538432 -2244.630007 -2244.820092 -2245.236686 -2246.217316 -2248.748064 -2256.095710 -2280.642370 -9999.0 -9999.0
-9999.0 -9999.0 0.026862 -96.824254 -195.878945 -295.179404 -394.569617 -493.992393 -593.418854 -692.827006 -792.188079 -891.482571 -990.692474 -1089.795510 -1188.867229 -1287.885130 -1386.666963 -1485.065445 -1582.795864 -1679.266432 -1773.279357 -1862.654456 -1944.321781 -2015.322950 -2073.984627 -2120.312179 -2155.585351 -2181.692205 -2200.600511 -2214.067834 -2223.534911 -2230.121273 -2234.665960 -2237.781709 -2239.907965 -2241.358483 -2242.369791 -2243.184919 -2244.268589 -2246.458356 -2245.238124 -2167.650985 -1341.683697 -1337.399558 -1327.660593 -1321.178228 -1318.123366 -1317.632730 -1317.578422 -1317.582704 -1317.595406 -1317.609147 -1317.622366 -1317.634616 -1317.646054 -1317.659936 -1317.705965 -1318.006146 -1319.655488 -1323.270644 -1327.965500 -1325.179533 -2143.052846 -2239.678049 -2245.109228 -2244.697851 -2244.491028 -2244.445453 -2244.437629 -2244.436767 -2244.437037 -2244.437417 -2244.437743 -2244.438000 -2244.438203 -2244.438365 -2244.438497 -2244.438608 -2244.438705 -2244.438795 -2244.438885 -2244.438984 -2244.439107 -2244.439270 -2244.439505 -2244.439856 -2244.440400 -2244.441262 -2244.442663 -2244.444992 -2244.448972 -2244.455975 -2244.468689 -2244.492494 -2244.538432 -2244.630007 -2244.820092 -2245.236686 -2246.217316 -2248.748064 -2256.095710 -2280.642370 -9999.0 -9999.0
-9999.0 -9999.0 -9999.0 -9999.0 -9999.0 -9999.0 -9999.0 -9999.0 -9999.0 -9999.0 -9999.0 -9999.0 -9999.0 -9999.0 -9999.0 -9999.0 -9999.0 -9999.0 -9999.0 -9999.0 -9999.0 -9999.0 -9999.0 -9999.0 -9999.0 -9999.0 -9999.0 -9999.0 -9999.0 -9999.0 -9999.0 -9999.0 -9999.0 -9999.0 -9999.0 -9999.0 -9999.0 -9999.0 -9999.0 -9999.0 -9999.0 -9999.0 -9999.0 -9999.0 -9999.0 -9999.0 -9999.0 -9999.0 -9999.0 -9999.0 -9999.0 -9999.0 -9999.0 -9999.0 -9999.0 -9999.0 -9999.0 -9999.0 -9999.0 -9999.0 -9999.0 -9999.0 -9999.0 -9999.0 -9999.0 -9999.0 -9999.0 -9999.0 -9999.0 -9999.0 -9999.0 -9999.0 -9999.0 -9999.0 -9999.0 -9999.0 -9999.0 -9999.0 -9999.0 -9999.0 -9999.0 -9999.0 -9999.0 -9999.0 -9999.0 -9999.0 -9999.0 -9999.0 -9999.0 -9999.0 -9999.0 -9999.0 -9999.0 -9999.0 -9999.0 -9999.0 -9999.0 -9999.0 -9999.0 -9999.0 -9999.0 -9999.0 -9999.0 -9999.0
-9999.0 -9999.0 -9999.0 -9999.0 -9999.0 -9999.0 -9999.0 -9999.0 -9999.0 -9999.0 -9999.0 -9999.0 -9999.0 -9999.0 -9999.0 -9999.0 -9999.0 -9999.0 -9999.0 -9999.0 -9999.0 -9999.0 -9999.0 -9999.0 -9999.0 -9999.0 -9999.0 -9999.0 -9999.0 -9999.0 -9999.0 -9999.0 -9999.0 -9999.0 -9999.0 -9999.0 -9999.0 -9999.0 -9999.0 -9999.0 -9999.0 -9999.0 -9999.0 -9999.0 -9999.0 -9999.0 -9999.0 -9999.0 -9999.0 -9999.0 -9999.0 -9999.0 -9999.0 -9999.0 -9999.0 -9999.0 -9999.0 -9999.0 -9999.0 -9999.0 -9999.0 -9999.0 -9999.0 -9999.0 -9999.0 -9999.0 -9999.0 -9999.0 -9999.0 -9999.0 -9999.0 -9999.0 -9999.0 -9999.0 -9999.0 -9999.0 -9999.0 -9999.0 -9999.0 -9999.0 -9999.0 -9999.0 -9999.0 -9999.0 -9999.0 -9999.0 -9999.0 -9999.0 -9999.0 -9999.0 -9999.0 -9999.0 -9999.0 -9999.0 -9999.0 -9999.0 -9999.0 -9999.0 -9999.0 -9999.0 -9999.0 -9999.0 -9999.0 -9999.0