inst/processing_geotop_simulation/geotop_simulation/out/maps3D/PwL0021N0320.asc
ncols         104
nrows         10
xllcorner     -2.000000
yllcorner     0.000000
cellsize      1.000000
NODATA_value  -9999.0
-9999.0 -9999.0 -9999.0 -9999.0 -9999.0 -9999.0 -9999.0 -9999.0 -9999.0 -9999.0 -9999.0 -9999.0 -9999.0 -9999.0 -9999.0 -9999.0 -9999.0 -9999.0 -9999.0 -9999.0 -9999.0 -9999.0 -9999.0 -9999.0 -9999.0 -9999.0 -9999.0 -9999.0 -9999.0 -9999.0 -9999.0 -9999.0 -9999.0 -9999.0 -9999.0 -9999.0 -9999.0 -9999.0 -9999.0 -9999.0 -9999.0 -9999.0 -9999.0 -9999.0 -9999.0 -9999.0 -9999.0 -9999.0 -9999.0 -9999.0 -9999.0 -9999.0 -9999.0 -9999.0 -9999.0 -9999.0 -9999.0 -9999.0 -9999.0 -9999.0 -9999.0 -9999.0 -9999.0 -9999.0 -9999.0 -9999.0 -9999.0 -9999.0 -9999.0 -9999.0 -9999.0 -9999.0 -9999.0 -9999.0 -9999.0 -9999.0 -9999.0 -9999.0 -9999.0 -9999.0 -9999.0 -9999.0 -9999.0 -9999.0 -9999.0 -9999.0 -9999.0 -9999.0 -9999.0 -9999.0 -9999.0 -9999.0 -9999.0 -9999.0 -9999.0 -9999.0 -9999.0 -9999.0 -9999.0 -9999.0 -9999.0 -9999.0 -9999.0 -9999.0
-9999.0 -9999.0 -9999.0 -9999.0 -9999.0 -9999.0 -9999.0 -9999.0 -9999.0 -9999.0 -9999.0 -9999.0 -9999.0 -9999.0 -9999.0 -9999.0 -9999.0 -9999.0 -9999.0 -9999.0 -9999.0 -9999.0 -9999.0 -9999.0 -9999.0 -9999.0 -9999.0 -9999.0 -9999.0 -9999.0 -9999.0 -9999.0 -9999.0 -9999.0 -9999.0 -9999.0 -9999.0 -9999.0 -9999.0 -9999.0 -9999.0 -9999.0 -9999.0 -9999.0 -9999.0 -9999.0 -9999.0 -9999.0 -9999.0 -9999.0 -9999.0 -9999.0 -9999.0 -9999.0 -9999.0 -9999.0 -9999.0 -9999.0 -9999.0 -9999.0 -9999.0 -9999.0 -9999.0 -9999.0 -9999.0 -9999.0 -9999.0 -9999.0 -9999.0 -9999.0 -9999.0 -9999.0 -9999.0 -9999.0 -9999.0 -9999.0 -9999.0 -9999.0 -9999.0 -9999.0 -9999.0 -9999.0 -9999.0 -9999.0 -9999.0 -9999.0 -9999.0 -9999.0 -9999.0 -9999.0 -9999.0 -9999.0 -9999.0 -9999.0 -9999.0 -9999.0 -9999.0 -9999.0 -9999.0 -9999.0 -9999.0 -9999.0 -9999.0 -9999.0
-9999.0 -9999.0 1019.884059 921.268623 822.588767 723.747260 624.812689 525.836097 426.846693 327.860714 228.887324 129.931832 30.997976 -67.907281 -166.782605 -265.609870 -364.347623 -462.914027 -561.157980 -658.812979 -756.070532 -853.229314 -949.671998 -1045.131965 -1135.344528 -1215.298061 -1285.744069 -1345.463475 -1394.165229 -1432.458190 -1461.604059 -1483.183916 -1498.805373 -1509.912975 -1517.702886 -1523.113749 -1526.868633 -1529.585537 -1532.117001 -1536.638482 -1549.600141 -1591.746404 -1703.674963 -2970.218952 -3923.120552 -3921.188353 -3711.286915 -3229.007029 -2872.054679 -2643.337795 -2482.532145 -2348.013365 -2265.866114 -2212.652935 -2163.183903 -2111.347433 -2055.353573 -1995.956273 -1935.094311 -1873.964932 -1800.856054 -1464.858460 -1548.725158 -1541.297205 -1536.629520 -1535.259231 -1534.967621 -1534.915484 -1534.907362 -1534.906644 -1534.907074 -1534.907596 -1534.908046 -1534.908413 -1534.908715 -1534.908968 -1534.909186 -1534.909379 -1534.909556 -1534.909726 -1534.909896 -1534.910080 -1534.910292 -1534.910555 -1534.910904 -1534.911394 -1534.912114 -1534.913214 -1534.914954 -1534.917793 -1534.922580 -1534.930933 -1534.946017 -1534.974192 -1535.028605 -1535.137583 -1535.365854 -1535.871696 -1537.067072 -1540.093069 -1548.418682 -1574.239252 -9999.0 -9999.0
-9999.0 -9999.0 1019.886734 921.269684 822.589124 723.747379 624.812730 525.836112 426.846698 327.860717 228.887325 129.931832 30.997976 -67.907281 -166.782605 -265.609870 -364.347623 -462.914028 -561.157980 -658.812979 -756.070532 -853.229314 -949.671998 -1045.131965 -1135.344528 -1215.298061 -1285.744069 -1345.463475 -1394.165229 -1432.458190 -1461.604059 -1483.183916 -1498.805373 -1509.912975 -1517.702886 -1523.113749 -1526.868633 -1529.585537 -1532.117001 -1536.638482 -1549.600141 -1591.746404 -1703.674963 -2970.218950 -3923.120552 -3921.188353 -3711.286915 -3229.007028 -2872.054679 -2643.337793 -2482.532143 -2348.013364 -2265.866114 -2212.652935 -2163.183903 -2111.347433 -2055.353573 -1995.956273 -1935.094311 -1873.964932 -1800.856054 -1464.858460 -1548.725158 -1541.297205 -1536.629520 -1535.259231 -1534.967621 -1534.915484 -1534.907362 -1534.906644 -1534.907074 -1534.907596 -1534.908046 -1534.908413 -1534.908715 -1534.908968 -1534.909186 -1534.909379 -1534.909556 -1534.909726 -1534.909896 -1534.910080 -1534.910292 -1534.910555 -1534.910904 -1534.911394 -1534.912114 -1534.913214 -1534.914954 -1534.917793 -1534.922580 -1534.930933 -1534.946017 -1534.974192 -1535.028605 -1535.137583 -1535.365854 -1535.871696 -1537.067072 -1540.093069 -1548.418682 -1574.239252 -9999.0 -9999.0
-9999.0 -9999.0 1019.887814 921.270270 822.589374 723.747476 624.812765 525.836125 426.846703 327.860718 228.887325 129.931832 30.997976 -67.907281 -166.782605 -265.609870 -364.347624 -462.914028 -561.157981 -658.812979 -756.070532 -853.229314 -949.671998 -1045.131966 -1135.344528 -1215.298061 -1285.744069 -1345.463475 -1394.165229 -1432.458190 -1461.604059 -1483.183916 -1498.805373 -1509.912975 -1517.702886 -1523.113749 -1526.868633 -1529.585537 -1532.117001 -1536.638482 -1549.600141 -1591.746404 -1703.674963 -2970.218950 -3923.120552 -3921.188352 -3711.286915 -3229.007027 -2872.054678 -2643.337792 -2482.532142 -2348.013364 -2265.866114 -2212.652935 -2163.183903 -2111.347433 -2055.353573 -1995.956273 -1935.094311 -1873.964932 -1800.856054 -1464.858460 -1548.725158 -1541.297205 -1536.629520 -1535.259231 -1534.967621 -1534.915484 -1534.907362 -1534.906644 -1534.907074 -1534.907596 -1534.908046 -1534.908413 -1534.908715 -1534.908968 -1534.909186 -1534.909379 -1534.909556 -1534.909726 -1534.909896 -1534.910080 -1534.910292 -1534.910555 -1534.910904 -1534.911394 -1534.912114 -1534.913214 -1534.914954 -1534.917793 -1534.922580 -1534.930933 -1534.946017 -1534.974192 -1535.028605 -1535.137583 -1535.365854 -1535.871696 -1537.067072 -1540.093069 -1548.418682 -1574.239252 -9999.0 -9999.0
-9999.0 -9999.0 1019.887814 921.270270 822.589374 723.747475 624.812765 525.836125 426.846703 327.860718 228.887325 129.931832 30.997976 -67.907281 -166.782605 -265.609871 -364.347624 -462.914028 -561.157981 -658.812979 -756.070532 -853.229314 -949.671998 -1045.131966 -1135.344528 -1215.298061 -1285.744069 -1345.463475 -1394.165229 -1432.458190 -1461.604059 -1483.183916 -1498.805373 -1509.912975 -1517.702886 -1523.113749 -1526.868633 -1529.585537 -1532.117001 -1536.638482 -1549.600141 -1591.746404 -1703.674963 -2970.218950 -3923.120552 -3921.188352 -3711.286915 -3229.007027 -2872.054678 -2643.337793 -2482.532142 -2348.013364 -2265.866114 -2212.652935 -2163.183903 -2111.347433 -2055.353573 -1995.956273 -1935.094311 -1873.964932 -1800.856054 -1464.858460 -1548.725158 -1541.297205 -1536.629520 -1535.259231 -1534.967621 -1534.915484 -1534.907362 -1534.906644 -1534.907074 -1534.907596 -1534.908046 -1534.908413 -1534.908715 -1534.908968 -1534.909186 -1534.909379 -1534.909556 -1534.909726 -1534.909896 -1534.910080 -1534.910292 -1534.910555 -1534.910904 -1534.911394 -1534.912114 -1534.913214 -1534.914954 -1534.917793 -1534.922580 -1534.930933 -1534.946017 -1534.974192 -1535.028605 -1535.137583 -1535.365854 -1535.871696 -1537.067072 -1540.093069 -1548.418682 -1574.239252 -9999.0 -9999.0
-9999.0 -9999.0 1019.886734 921.269684 822.589124 723.747379 624.812730 525.836112 426.846698 327.860717 228.887324 129.931832 30.997976 -67.907281 -166.782605 -265.609870 -364.347623 -462.914028 -561.157980 -658.812979 -756.070532 -853.229314 -949.671998 -1045.131965 -1135.344528 -1215.298061 -1285.744069 -1345.463475 -1394.165229 -1432.458190 -1461.604059 -1483.183916 -1498.805373 -1509.912975 -1517.702886 -1523.113749 -1526.868633 -1529.585537 -1532.117001 -1536.638482 -1549.600141 -1591.746404 -1703.674963 -2970.218950 -3923.120552 -3921.188353 -3711.286915 -3229.007028 -2872.054678 -2643.337793 -2482.532143 -2348.013364 -2265.866114 -2212.652935 -2163.183903 -2111.347433 -2055.353573 -1995.956273 -1935.094311 -1873.964932 -1800.856054 -1464.858460 -1548.725158 -1541.297205 -1536.629520 -1535.259231 -1534.967621 -1534.915484 -1534.907362 -1534.906644 -1534.907074 -1534.907596 -1534.908046 -1534.908413 -1534.908715 -1534.908968 -1534.909186 -1534.909379 -1534.909556 -1534.909726 -1534.909896 -1534.910080 -1534.910292 -1534.910555 -1534.910904 -1534.911394 -1534.912114 -1534.913214 -1534.914954 -1534.917793 -1534.922580 -1534.930933 -1534.946017 -1534.974192 -1535.028605 -1535.137583 -1535.365854 -1535.871696 -1537.067072 -1540.093069 -1548.418682 -1574.239252 -9999.0 -9999.0
-9999.0 -9999.0 1019.884059 921.268623 822.588767 723.747260 624.812689 525.836097 426.846693 327.860714 228.887324 129.931832 30.997976 -67.907281 -166.782605 -265.609870 -364.347623 -462.914027 -561.157980 -658.812979 -756.070532 -853.229314 -949.671998 -1045.131965 -1135.344528 -1215.298061 -1285.744069 -1345.463475 -1394.165229 -1432.458190 -1461.604059 -1483.183916 -1498.805373 -1509.912975 -1517.702886 -1523.113749 -1526.868633 -1529.585537 -1532.117001 -1536.638482 -1549.600141 -1591.746404 -1703.674963 -2970.218952 -3923.120552 -3921.188353 -3711.286915 -3229.007029 -2872.054679 -2643.337795 -2482.532145 -2348.013365 -2265.866114 -2212.652935 -2163.183903 -2111.347433 -2055.353573 -1995.956273 -1935.094311 -1873.964932 -1800.856055 -1464.858460 -1548.725158 -1541.297205 -1536.629520 -1535.259231 -1534.967621 -1534.915484 -1534.907362 -1534.906644 -1534.907074 -1534.907596 -1534.908046 -1534.908413 -1534.908715 -1534.908968 -1534.909186 -1534.909379 -1534.909556 -1534.909726 -1534.909896 -1534.910080 -1534.910292 -1534.910555 -1534.910904 -1534.911394 -1534.912114 -1534.913214 -1534.914954 -1534.917793 -1534.922580 -1534.930933 -1534.946017 -1534.974192 -1535.028605 -1535.137583 -1535.365854 -1535.871696 -1537.067072 -1540.093069 -1548.418682 -1574.239252 -9999.0 -9999.0
-9999.0 -9999.0 -9999.0 -9999.0 -9999.0 -9999.0 -9999.0 -9999.0 -9999.0 -9999.0 -9999.0 -9999.0 -9999.0 -9999.0 -9999.0 -9999.0 -9999.0 -9999.0 -9999.0 -9999.0 -9999.0 -9999.0 -9999.0 -9999.0 -9999.0 -9999.0 -9999.0 -9999.0 -9999.0 -9999.0 -9999.0 -9999.0 -9999.0 -9999.0 -9999.0 -9999.0 -9999.0 -9999.0 -9999.0 -9999.0 -9999.0 -9999.0 -9999.0 -9999.0 -9999.0 -9999.0 -9999.0 -9999.0 -9999.0 -9999.0 -9999.0 -9999.0 -9999.0 -9999.0 -9999.0 -9999.0 -9999.0 -9999.0 -9999.0 -9999.0 -9999.0 -9999.0 -9999.0 -9999.0 -9999.0 -9999.0 -9999.0 -9999.0 -9999.0 -9999.0 -9999.0 -9999.0 -9999.0 -9999.0 -9999.0 -9999.0 -9999.0 -9999.0 -9999.0 -9999.0 -9999.0 -9999.0 -9999.0 -9999.0 -9999.0 -9999.0 -9999.0 -9999.0 -9999.0 -9999.0 -9999.0 -9999.0 -9999.0 -9999.0 -9999.0 -9999.0 -9999.0 -9999.0 -9999.0 -9999.0 -9999.0 -9999.0 -9999.0 -9999.0
-9999.0 -9999.0 -9999.0 -9999.0 -9999.0 -9999.0 -9999.0 -9999.0 -9999.0 -9999.0 -9999.0 -9999.0 -9999.0 -9999.0 -9999.0 -9999.0 -9999.0 -9999.0 -9999.0 -9999.0 -9999.0 -9999.0 -9999.0 -9999.0 -9999.0 -9999.0 -9999.0 -9999.0 -9999.0 -9999.0 -9999.0 -9999.0 -9999.0 -9999.0 -9999.0 -9999.0 -9999.0 -9999.0 -9999.0 -9999.0 -9999.0 -9999.0 -9999.0 -9999.0 -9999.0 -9999.0 -9999.0 -9999.0 -9999.0 -9999.0 -9999.0 -9999.0 -9999.0 -9999.0 -9999.0 -9999.0 -9999.0 -9999.0 -9999.0 -9999.0 -9999.0 -9999.0 -9999.0 -9999.0 -9999.0 -9999.0 -9999.0 -9999.0 -9999.0 -9999.0 -9999.0 -9999.0 -9999.0 -9999.0 -9999.0 -9999.0 -9999.0 -9999.0 -9999.0 -9999.0 -9999.0 -9999.0 -9999.0 -9999.0 -9999.0 -9999.0 -9999.0 -9999.0 -9999.0 -9999.0 -9999.0 -9999.0 -9999.0 -9999.0 -9999.0 -9999.0 -9999.0 -9999.0 -9999.0 -9999.0 -9999.0 -9999.0 -9999.0 -9999.0