inst/processing_geotop_simulation/geotop_simulation/out/maps3D/PwL0003N0391.asc
ncols         104
nrows         10
xllcorner     -2.000000
yllcorner     0.000000
cellsize      1.000000
NODATA_value  -9999.0
-9999.0 -9999.0 -9999.0 -9999.0 -9999.0 -9999.0 -9999.0 -9999.0 -9999.0 -9999.0 -9999.0 -9999.0 -9999.0 -9999.0 -9999.0 -9999.0 -9999.0 -9999.0 -9999.0 -9999.0 -9999.0 -9999.0 -9999.0 -9999.0 -9999.0 -9999.0 -9999.0 -9999.0 -9999.0 -9999.0 -9999.0 -9999.0 -9999.0 -9999.0 -9999.0 -9999.0 -9999.0 -9999.0 -9999.0 -9999.0 -9999.0 -9999.0 -9999.0 -9999.0 -9999.0 -9999.0 -9999.0 -9999.0 -9999.0 -9999.0 -9999.0 -9999.0 -9999.0 -9999.0 -9999.0 -9999.0 -9999.0 -9999.0 -9999.0 -9999.0 -9999.0 -9999.0 -9999.0 -9999.0 -9999.0 -9999.0 -9999.0 -9999.0 -9999.0 -9999.0 -9999.0 -9999.0 -9999.0 -9999.0 -9999.0 -9999.0 -9999.0 -9999.0 -9999.0 -9999.0 -9999.0 -9999.0 -9999.0 -9999.0 -9999.0 -9999.0 -9999.0 -9999.0 -9999.0 -9999.0 -9999.0 -9999.0 -9999.0 -9999.0 -9999.0 -9999.0 -9999.0 -9999.0 -9999.0 -9999.0 -9999.0 -9999.0 -9999.0 -9999.0
-9999.0 -9999.0 -9999.0 -9999.0 -9999.0 -9999.0 -9999.0 -9999.0 -9999.0 -9999.0 -9999.0 -9999.0 -9999.0 -9999.0 -9999.0 -9999.0 -9999.0 -9999.0 -9999.0 -9999.0 -9999.0 -9999.0 -9999.0 -9999.0 -9999.0 -9999.0 -9999.0 -9999.0 -9999.0 -9999.0 -9999.0 -9999.0 -9999.0 -9999.0 -9999.0 -9999.0 -9999.0 -9999.0 -9999.0 -9999.0 -9999.0 -9999.0 -9999.0 -9999.0 -9999.0 -9999.0 -9999.0 -9999.0 -9999.0 -9999.0 -9999.0 -9999.0 -9999.0 -9999.0 -9999.0 -9999.0 -9999.0 -9999.0 -9999.0 -9999.0 -9999.0 -9999.0 -9999.0 -9999.0 -9999.0 -9999.0 -9999.0 -9999.0 -9999.0 -9999.0 -9999.0 -9999.0 -9999.0 -9999.0 -9999.0 -9999.0 -9999.0 -9999.0 -9999.0 -9999.0 -9999.0 -9999.0 -9999.0 -9999.0 -9999.0 -9999.0 -9999.0 -9999.0 -9999.0 -9999.0 -9999.0 -9999.0 -9999.0 -9999.0 -9999.0 -9999.0 -9999.0 -9999.0 -9999.0 -9999.0 -9999.0 -9999.0 -9999.0 -9999.0
-9999.0 -9999.0 125.454382 27.833274 -70.962860 -170.067889 -269.287758 -368.550033 -467.816849 -567.062388 -666.242075 -765.302086 -864.252818 -963.041595 -1061.764465 -1160.472285 -1258.786106 -1356.493406 -1453.146204 -1547.903909 -1639.190569 -1724.342239 -1800.102137 -1863.973220 -1915.165108 -1954.507863 -1983.776860 -2005.022932 -2020.158563 -2030.783628 -2038.154880 -2043.220313 -2046.674775 -2049.016634 -2050.597772 -2051.666105 -2052.407480 -2053.020432 -2053.941087 -2056.251768 -2057.998600 -1998.380462 -1223.518799 -1224.533622 -1213.427426 -1206.080187 -1202.625570 -1202.084729 -1202.025771 -1202.030884 -1202.045228 -1202.060709 -1202.075596 -1202.089389 -1202.102239 -1202.117600 -1202.167384 -1202.495324 -1204.349742 -1208.439066 -1213.819896 -1204.772092 -1973.725391 -2052.023944 -2054.816812 -2054.159460 -2053.949117 -2053.907872 -2053.901269 -2053.900693 -2053.901058 -2053.901490 -2053.901848 -2053.902128 -2053.902346 -2053.902518 -2053.902656 -2053.902770 -2053.902868 -2053.902957 -2053.903046 -2053.903145 -2053.903268 -2053.903436 -2053.903682 -2053.904054 -2053.904636 -2053.905566 -2053.907080 -2053.909601 -2053.913904 -2053.921460 -2053.935137 -2053.960655 -2054.009670 -2054.106704 -2054.306056 -2054.736865 -2055.733366 -2058.253323 -2065.438236 -2089.370846 -9999.0 -9999.0
-9999.0 -9999.0 125.464097 27.835138 -70.962392 -170.067752 -269.287714 -368.550018 -467.816843 -567.062386 -666.242074 -765.302086 -864.252818 -963.041595 -1061.764465 -1160.472285 -1258.786106 -1356.493406 -1453.146204 -1547.903909 -1639.190569 -1724.342239 -1800.102137 -1863.973220 -1915.165108 -1954.507863 -1983.776860 -2005.022932 -2020.158563 -2030.783628 -2038.154880 -2043.220313 -2046.674775 -2049.016634 -2050.597772 -2051.666105 -2052.407480 -2053.020432 -2053.941087 -2056.251768 -2057.998600 -1998.380462 -1223.518799 -1224.533621 -1213.427426 -1206.080187 -1202.625570 -1202.084729 -1202.025771 -1202.030884 -1202.045228 -1202.060709 -1202.075596 -1202.089389 -1202.102239 -1202.117600 -1202.167384 -1202.495324 -1204.349742 -1208.439066 -1213.819896 -1204.772092 -1973.725391 -2052.023944 -2054.816812 -2054.159460 -2053.949117 -2053.907872 -2053.901269 -2053.900693 -2053.901058 -2053.901490 -2053.901848 -2053.902128 -2053.902346 -2053.902518 -2053.902656 -2053.902770 -2053.902868 -2053.902957 -2053.903046 -2053.903145 -2053.903268 -2053.903436 -2053.903682 -2053.904054 -2053.904636 -2053.905566 -2053.907080 -2053.909601 -2053.913904 -2053.921460 -2053.935137 -2053.960655 -2054.009670 -2054.106704 -2054.306056 -2054.736865 -2055.733366 -2058.253323 -2065.438236 -2089.370846 -9999.0 -9999.0
-9999.0 -9999.0 125.465309 27.835890 -70.962095 -170.067645 -269.287676 -368.550004 -467.816838 -567.062384 -666.242074 -765.302085 -864.252818 -963.041594 -1061.764465 -1160.472285 -1258.786106 -1356.493406 -1453.146204 -1547.903910 -1639.190569 -1724.342240 -1800.102137 -1863.973220 -1915.165108 -1954.507863 -1983.776860 -2005.022932 -2020.158563 -2030.783628 -2038.154880 -2043.220313 -2046.674775 -2049.016634 -2050.597772 -2051.666105 -2052.407480 -2053.020432 -2053.941087 -2056.251768 -2057.998600 -1998.380462 -1223.518799 -1224.533621 -1213.427426 -1206.080187 -1202.625570 -1202.084729 -1202.025771 -1202.030884 -1202.045228 -1202.060709 -1202.075596 -1202.089389 -1202.102239 -1202.117600 -1202.167384 -1202.495324 -1204.349742 -1208.439066 -1213.819896 -1204.772092 -1973.725391 -2052.023944 -2054.816812 -2054.159460 -2053.949117 -2053.907872 -2053.901269 -2053.900693 -2053.901058 -2053.901490 -2053.901848 -2053.902128 -2053.902346 -2053.902518 -2053.902656 -2053.902770 -2053.902868 -2053.902957 -2053.903046 -2053.903145 -2053.903268 -2053.903436 -2053.903682 -2053.904054 -2053.904636 -2053.905566 -2053.907080 -2053.909601 -2053.913904 -2053.921460 -2053.935137 -2053.960655 -2054.009670 -2054.106704 -2054.306056 -2054.736865 -2055.733366 -2058.253323 -2065.438236 -2089.370846 -9999.0 -9999.0
-9999.0 -9999.0 125.465309 27.835890 -70.962095 -170.067645 -269.287676 -368.550004 -467.816838 -567.062384 -666.242074 -765.302085 -864.252818 -963.041594 -1061.764465 -1160.472285 -1258.786106 -1356.493406 -1453.146204 -1547.903910 -1639.190569 -1724.342240 -1800.102137 -1863.973220 -1915.165108 -1954.507863 -1983.776860 -2005.022932 -2020.158563 -2030.783628 -2038.154880 -2043.220313 -2046.674775 -2049.016634 -2050.597772 -2051.666105 -2052.407480 -2053.020432 -2053.941087 -2056.251768 -2057.998600 -1998.380462 -1223.518799 -1224.533621 -1213.427426 -1206.080187 -1202.625570 -1202.084729 -1202.025771 -1202.030884 -1202.045228 -1202.060709 -1202.075596 -1202.089389 -1202.102239 -1202.117600 -1202.167384 -1202.495324 -1204.349742 -1208.439066 -1213.819896 -1204.772092 -1973.725391 -2052.023944 -2054.816812 -2054.159460 -2053.949117 -2053.907872 -2053.901269 -2053.900693 -2053.901058 -2053.901490 -2053.901848 -2053.902128 -2053.902346 -2053.902518 -2053.902656 -2053.902770 -2053.902868 -2053.902957 -2053.903046 -2053.903145 -2053.903268 -2053.903436 -2053.903682 -2053.904054 -2053.904636 -2053.905566 -2053.907080 -2053.909601 -2053.913904 -2053.921460 -2053.935137 -2053.960655 -2054.009670 -2054.106704 -2054.306056 -2054.736865 -2055.733366 -2058.253323 -2065.438236 -2089.370846 -9999.0 -9999.0
-9999.0 -9999.0 125.464097 27.835138 -70.962392 -170.067752 -269.287714 -368.550018 -467.816843 -567.062386 -666.242074 -765.302085 -864.252818 -963.041594 -1061.764465 -1160.472285 -1258.786106 -1356.493406 -1453.146204 -1547.903909 -1639.190569 -1724.342239 -1800.102137 -1863.973220 -1915.165108 -1954.507863 -1983.776860 -2005.022932 -2020.158563 -2030.783628 -2038.154880 -2043.220313 -2046.674775 -2049.016634 -2050.597772 -2051.666105 -2052.407480 -2053.020432 -2053.941087 -2056.251768 -2057.998600 -1998.380462 -1223.518799 -1224.533621 -1213.427426 -1206.080187 -1202.625570 -1202.084729 -1202.025771 -1202.030884 -1202.045228 -1202.060709 -1202.075596 -1202.089389 -1202.102239 -1202.117600 -1202.167384 -1202.495324 -1204.349742 -1208.439066 -1213.819896 -1204.772092 -1973.725391 -2052.023944 -2054.816812 -2054.159460 -2053.949117 -2053.907872 -2053.901269 -2053.900693 -2053.901058 -2053.901490 -2053.901848 -2053.902128 -2053.902346 -2053.902518 -2053.902656 -2053.902770 -2053.902868 -2053.902957 -2053.903046 -2053.903145 -2053.903268 -2053.903436 -2053.903682 -2053.904054 -2053.904636 -2053.905566 -2053.907080 -2053.909601 -2053.913904 -2053.921460 -2053.935137 -2053.960655 -2054.009670 -2054.106704 -2054.306056 -2054.736865 -2055.733366 -2058.253323 -2065.438236 -2089.370846 -9999.0 -9999.0
-9999.0 -9999.0 125.454382 27.833274 -70.962860 -170.067889 -269.287758 -368.550033 -467.816849 -567.062388 -666.242075 -765.302086 -864.252818 -963.041595 -1061.764465 -1160.472285 -1258.786106 -1356.493406 -1453.146204 -1547.903909 -1639.190569 -1724.342239 -1800.102137 -1863.973220 -1915.165108 -1954.507863 -1983.776860 -2005.022932 -2020.158563 -2030.783628 -2038.154880 -2043.220313 -2046.674775 -2049.016634 -2050.597772 -2051.666105 -2052.407480 -2053.020432 -2053.941087 -2056.251768 -2057.998600 -1998.380462 -1223.518799 -1224.533622 -1213.427426 -1206.080187 -1202.625570 -1202.084729 -1202.025771 -1202.030884 -1202.045228 -1202.060709 -1202.075596 -1202.089389 -1202.102239 -1202.117600 -1202.167384 -1202.495324 -1204.349742 -1208.439066 -1213.819896 -1204.772092 -1973.725391 -2052.023944 -2054.816812 -2054.159460 -2053.949117 -2053.907872 -2053.901269 -2053.900693 -2053.901058 -2053.901490 -2053.901848 -2053.902128 -2053.902346 -2053.902518 -2053.902656 -2053.902770 -2053.902868 -2053.902957 -2053.903046 -2053.903145 -2053.903268 -2053.903436 -2053.903682 -2053.904054 -2053.904636 -2053.905566 -2053.907080 -2053.909601 -2053.913904 -2053.921460 -2053.935137 -2053.960655 -2054.009670 -2054.106704 -2054.306056 -2054.736865 -2055.733366 -2058.253323 -2065.438236 -2089.370846 -9999.0 -9999.0
-9999.0 -9999.0 -9999.0 -9999.0 -9999.0 -9999.0 -9999.0 -9999.0 -9999.0 -9999.0 -9999.0 -9999.0 -9999.0 -9999.0 -9999.0 -9999.0 -9999.0 -9999.0 -9999.0 -9999.0 -9999.0 -9999.0 -9999.0 -9999.0 -9999.0 -9999.0 -9999.0 -9999.0 -9999.0 -9999.0 -9999.0 -9999.0 -9999.0 -9999.0 -9999.0 -9999.0 -9999.0 -9999.0 -9999.0 -9999.0 -9999.0 -9999.0 -9999.0 -9999.0 -9999.0 -9999.0 -9999.0 -9999.0 -9999.0 -9999.0 -9999.0 -9999.0 -9999.0 -9999.0 -9999.0 -9999.0 -9999.0 -9999.0 -9999.0 -9999.0 -9999.0 -9999.0 -9999.0 -9999.0 -9999.0 -9999.0 -9999.0 -9999.0 -9999.0 -9999.0 -9999.0 -9999.0 -9999.0 -9999.0 -9999.0 -9999.0 -9999.0 -9999.0 -9999.0 -9999.0 -9999.0 -9999.0 -9999.0 -9999.0 -9999.0 -9999.0 -9999.0 -9999.0 -9999.0 -9999.0 -9999.0 -9999.0 -9999.0 -9999.0 -9999.0 -9999.0 -9999.0 -9999.0 -9999.0 -9999.0 -9999.0 -9999.0 -9999.0 -9999.0
-9999.0 -9999.0 -9999.0 -9999.0 -9999.0 -9999.0 -9999.0 -9999.0 -9999.0 -9999.0 -9999.0 -9999.0 -9999.0 -9999.0 -9999.0 -9999.0 -9999.0 -9999.0 -9999.0 -9999.0 -9999.0 -9999.0 -9999.0 -9999.0 -9999.0 -9999.0 -9999.0 -9999.0 -9999.0 -9999.0 -9999.0 -9999.0 -9999.0 -9999.0 -9999.0 -9999.0 -9999.0 -9999.0 -9999.0 -9999.0 -9999.0 -9999.0 -9999.0 -9999.0 -9999.0 -9999.0 -9999.0 -9999.0 -9999.0 -9999.0 -9999.0 -9999.0 -9999.0 -9999.0 -9999.0 -9999.0 -9999.0 -9999.0 -9999.0 -9999.0 -9999.0 -9999.0 -9999.0 -9999.0 -9999.0 -9999.0 -9999.0 -9999.0 -9999.0 -9999.0 -9999.0 -9999.0 -9999.0 -9999.0 -9999.0 -9999.0 -9999.0 -9999.0 -9999.0 -9999.0 -9999.0 -9999.0 -9999.0 -9999.0 -9999.0 -9999.0 -9999.0 -9999.0 -9999.0 -9999.0 -9999.0 -9999.0 -9999.0 -9999.0 -9999.0 -9999.0 -9999.0 -9999.0 -9999.0 -9999.0 -9999.0 -9999.0 -9999.0 -9999.0