inst/processing_geotop_simulation/geotop_simulation/out/maps3D/PwL0013N0411.asc
ncols         104
nrows         10
xllcorner     -2.000000
yllcorner     0.000000
cellsize      1.000000
NODATA_value  -9999.0
-9999.0 -9999.0 -9999.0 -9999.0 -9999.0 -9999.0 -9999.0 -9999.0 -9999.0 -9999.0 -9999.0 -9999.0 -9999.0 -9999.0 -9999.0 -9999.0 -9999.0 -9999.0 -9999.0 -9999.0 -9999.0 -9999.0 -9999.0 -9999.0 -9999.0 -9999.0 -9999.0 -9999.0 -9999.0 -9999.0 -9999.0 -9999.0 -9999.0 -9999.0 -9999.0 -9999.0 -9999.0 -9999.0 -9999.0 -9999.0 -9999.0 -9999.0 -9999.0 -9999.0 -9999.0 -9999.0 -9999.0 -9999.0 -9999.0 -9999.0 -9999.0 -9999.0 -9999.0 -9999.0 -9999.0 -9999.0 -9999.0 -9999.0 -9999.0 -9999.0 -9999.0 -9999.0 -9999.0 -9999.0 -9999.0 -9999.0 -9999.0 -9999.0 -9999.0 -9999.0 -9999.0 -9999.0 -9999.0 -9999.0 -9999.0 -9999.0 -9999.0 -9999.0 -9999.0 -9999.0 -9999.0 -9999.0 -9999.0 -9999.0 -9999.0 -9999.0 -9999.0 -9999.0 -9999.0 -9999.0 -9999.0 -9999.0 -9999.0 -9999.0 -9999.0 -9999.0 -9999.0 -9999.0 -9999.0 -9999.0 -9999.0 -9999.0 -9999.0 -9999.0
-9999.0 -9999.0 -9999.0 -9999.0 -9999.0 -9999.0 -9999.0 -9999.0 -9999.0 -9999.0 -9999.0 -9999.0 -9999.0 -9999.0 -9999.0 -9999.0 -9999.0 -9999.0 -9999.0 -9999.0 -9999.0 -9999.0 -9999.0 -9999.0 -9999.0 -9999.0 -9999.0 -9999.0 -9999.0 -9999.0 -9999.0 -9999.0 -9999.0 -9999.0 -9999.0 -9999.0 -9999.0 -9999.0 -9999.0 -9999.0 -9999.0 -9999.0 -9999.0 -9999.0 -9999.0 -9999.0 -9999.0 -9999.0 -9999.0 -9999.0 -9999.0 -9999.0 -9999.0 -9999.0 -9999.0 -9999.0 -9999.0 -9999.0 -9999.0 -9999.0 -9999.0 -9999.0 -9999.0 -9999.0 -9999.0 -9999.0 -9999.0 -9999.0 -9999.0 -9999.0 -9999.0 -9999.0 -9999.0 -9999.0 -9999.0 -9999.0 -9999.0 -9999.0 -9999.0 -9999.0 -9999.0 -9999.0 -9999.0 -9999.0 -9999.0 -9999.0 -9999.0 -9999.0 -9999.0 -9999.0 -9999.0 -9999.0 -9999.0 -9999.0 -9999.0 -9999.0 -9999.0 -9999.0 -9999.0 -9999.0 -9999.0 -9999.0 -9999.0 -9999.0
-9999.0 -9999.0 621.448944 522.745966 423.727980 324.518753 225.222854 125.890311 26.546143 -72.793990 -172.124773 -271.439206 -370.721106 -469.939662 -569.044252 -667.967000 -766.781758 -865.600930 -964.270082 -1062.739609 -1160.230752 -1255.160936 -1346.092056 -1430.645123 -1506.477555 -1571.882097 -1626.138547 -1669.536475 -1703.140740 -1728.448867 -1747.074950 -1760.529726 -1770.105446 -1776.841174 -1781.536970 -1784.792977 -1787.065575 -1788.770684 -1790.557477 -1793.868684 -1799.829261 -1793.689084 -1590.678497 -2532.185095 -2331.423594 -2204.222741 -2148.975379 -2141.675779 -2140.930343 -2141.003903 -2141.193518 -2141.397016 -2141.592458 -2141.773375 -2141.940972 -2142.133252 -2142.721464 -2146.853670 -2175.042018 -2240.844317 -2300.883728 -1459.581738 -1754.511504 -1791.988095 -1793.011708 -1792.220153 -1791.971934 -1791.920634 -1791.911942 -1791.910977 -1791.911266 -1791.911685 -1791.912051 -1791.912349 -1791.912592 -1791.912793 -1791.912965 -1791.913116 -1791.913253 -1791.913384 -1791.913516 -1791.913660 -1791.913828 -1791.914041 -1791.914328 -1791.914738 -1791.915349 -1791.916291 -1791.917793 -1791.920258 -1791.924437 -1791.931759 -1791.945023 -1791.969859 -1792.017895 -1792.114123 -1792.315427 -1792.760714 -1793.816072 -1796.535556 -1804.314415 -1829.593371 -9999.0 -9999.0
-9999.0 -9999.0 621.453404 522.747358 423.728388 324.518879 225.222896 125.890325 26.546149 -72.793987 -172.124772 -271.439205 -370.721106 -469.939662 -569.044252 -667.967000 -766.781758 -865.600930 -964.270082 -1062.739610 -1160.230752 -1255.160936 -1346.092056 -1430.645123 -1506.477556 -1571.882097 -1626.138548 -1669.536475 -1703.140740 -1728.448867 -1747.074950 -1760.529726 -1770.105446 -1776.841174 -1781.536970 -1784.792977 -1787.065575 -1788.770684 -1790.557477 -1793.868684 -1799.829261 -1793.689084 -1590.678497 -2532.185094 -2331.423592 -2204.222737 -2148.975379 -2141.675779 -2140.930343 -2141.003903 -2141.193518 -2141.397016 -2141.592458 -2141.773375 -2141.940972 -2142.133252 -2142.721464 -2146.853670 -2175.042018 -2240.844317 -2300.883728 -1459.581738 -1754.511504 -1791.988095 -1793.011708 -1792.220153 -1791.971933 -1791.920634 -1791.911942 -1791.910977 -1791.911266 -1791.911685 -1791.912051 -1791.912349 -1791.912592 -1791.912793 -1791.912965 -1791.913116 -1791.913253 -1791.913384 -1791.913516 -1791.913660 -1791.913828 -1791.914041 -1791.914328 -1791.914738 -1791.915349 -1791.916291 -1791.917793 -1791.920258 -1791.924437 -1791.931759 -1791.945023 -1791.969859 -1792.017895 -1792.114123 -1792.315427 -1792.760714 -1793.816072 -1796.535556 -1804.314415 -1829.593371 -9999.0 -9999.0
-9999.0 -9999.0 621.454671 522.748020 423.728658 324.518979 225.222932 125.890338 26.546154 -72.793985 -172.124771 -271.439205 -370.721106 -469.939662 -569.044252 -667.967000 -766.781758 -865.600930 -964.270083 -1062.739610 -1160.230753 -1255.160937 -1346.092056 -1430.645123 -1506.477556 -1571.882097 -1626.138548 -1669.536475 -1703.140740 -1728.448867 -1747.074950 -1760.529726 -1770.105446 -1776.841174 -1781.536970 -1784.792977 -1787.065575 -1788.770684 -1790.557477 -1793.868684 -1799.829261 -1793.689084 -1590.678496 -2532.185094 -2331.423592 -2204.222736 -2148.975379 -2141.675779 -2140.930343 -2141.003903 -2141.193518 -2141.397016 -2141.592458 -2141.773375 -2141.940972 -2142.133252 -2142.721464 -2146.853670 -2175.042018 -2240.844317 -2300.883728 -1459.581738 -1754.511504 -1791.988095 -1793.011708 -1792.220153 -1791.971933 -1791.920634 -1791.911942 -1791.910977 -1791.911266 -1791.911685 -1791.912051 -1791.912349 -1791.912592 -1791.912793 -1791.912965 -1791.913116 -1791.913253 -1791.913384 -1791.913516 -1791.913660 -1791.913828 -1791.914041 -1791.914328 -1791.914738 -1791.915349 -1791.916291 -1791.917793 -1791.920258 -1791.924437 -1791.931759 -1791.945023 -1791.969859 -1792.017895 -1792.114123 -1792.315427 -1792.760714 -1793.816072 -1796.535556 -1804.314415 -1829.593371 -9999.0 -9999.0
-9999.0 -9999.0 621.454671 522.748020 423.728658 324.518979 225.222932 125.890338 26.546154 -72.793986 -172.124771 -271.439205 -370.721105 -469.939662 -569.044252 -667.967000 -766.781758 -865.600930 -964.270082 -1062.739610 -1160.230753 -1255.160937 -1346.092056 -1430.645123 -1506.477556 -1571.882097 -1626.138548 -1669.536475 -1703.140740 -1728.448867 -1747.074950 -1760.529726 -1770.105446 -1776.841174 -1781.536970 -1784.792977 -1787.065575 -1788.770684 -1790.557477 -1793.868684 -1799.829261 -1793.689084 -1590.678496 -2532.185093 -2331.423592 -2204.222736 -2148.975379 -2141.675779 -2140.930343 -2141.003903 -2141.193518 -2141.397016 -2141.592458 -2141.773375 -2141.940972 -2142.133252 -2142.721464 -2146.853670 -2175.042018 -2240.844317 -2300.883728 -1459.581738 -1754.511504 -1791.988095 -1793.011708 -1792.220153 -1791.971933 -1791.920634 -1791.911942 -1791.910977 -1791.911266 -1791.911685 -1791.912051 -1791.912349 -1791.912592 -1791.912793 -1791.912965 -1791.913116 -1791.913253 -1791.913384 -1791.913516 -1791.913660 -1791.913828 -1791.914041 -1791.914328 -1791.914738 -1791.915349 -1791.916291 -1791.917793 -1791.920258 -1791.924437 -1791.931759 -1791.945023 -1791.969859 -1792.017895 -1792.114123 -1792.315427 -1792.760714 -1793.816072 -1796.535556 -1804.314415 -1829.593371 -9999.0 -9999.0
-9999.0 -9999.0 621.453404 522.747357 423.728388 324.518879 225.222896 125.890325 26.546149 -72.793987 -172.124772 -271.439205 -370.721106 -469.939662 -569.044252 -667.967000 -766.781758 -865.600930 -964.270082 -1062.739610 -1160.230752 -1255.160936 -1346.092056 -1430.645123 -1506.477556 -1571.882097 -1626.138548 -1669.536475 -1703.140740 -1728.448867 -1747.074950 -1760.529726 -1770.105446 -1776.841174 -1781.536970 -1784.792977 -1787.065575 -1788.770684 -1790.557477 -1793.868684 -1799.829261 -1793.689084 -1590.678496 -2532.185094 -2331.423592 -2204.222737 -2148.975379 -2141.675779 -2140.930343 -2141.003903 -2141.193518 -2141.397016 -2141.592458 -2141.773375 -2141.940972 -2142.133252 -2142.721464 -2146.853670 -2175.042018 -2240.844317 -2300.883728 -1459.581738 -1754.511504 -1791.988095 -1793.011708 -1792.220153 -1791.971933 -1791.920634 -1791.911942 -1791.910977 -1791.911266 -1791.911685 -1791.912051 -1791.912349 -1791.912592 -1791.912793 -1791.912965 -1791.913116 -1791.913253 -1791.913384 -1791.913516 -1791.913660 -1791.913828 -1791.914041 -1791.914328 -1791.914738 -1791.915349 -1791.916291 -1791.917793 -1791.920258 -1791.924437 -1791.931759 -1791.945023 -1791.969859 -1792.017895 -1792.114123 -1792.315427 -1792.760714 -1793.816072 -1796.535556 -1804.314415 -1829.593371 -9999.0 -9999.0
-9999.0 -9999.0 621.448944 522.745967 423.727980 324.518753 225.222854 125.890311 26.546143 -72.793990 -172.124773 -271.439206 -370.721106 -469.939662 -569.044252 -667.967000 -766.781758 -865.600930 -964.270082 -1062.739609 -1160.230752 -1255.160936 -1346.092056 -1430.645123 -1506.477555 -1571.882097 -1626.138547 -1669.536475 -1703.140740 -1728.448867 -1747.074950 -1760.529726 -1770.105446 -1776.841174 -1781.536970 -1784.792977 -1787.065575 -1788.770684 -1790.557477 -1793.868684 -1799.829261 -1793.689084 -1590.678497 -2532.185095 -2331.423594 -2204.222741 -2148.975379 -2141.675779 -2140.930343 -2141.003903 -2141.193518 -2141.397016 -2141.592458 -2141.773375 -2141.940972 -2142.133252 -2142.721464 -2146.853670 -2175.042018 -2240.844317 -2300.883728 -1459.581738 -1754.511504 -1791.988095 -1793.011708 -1792.220153 -1791.971934 -1791.920634 -1791.911942 -1791.910977 -1791.911266 -1791.911685 -1791.912051 -1791.912349 -1791.912592 -1791.912793 -1791.912965 -1791.913116 -1791.913253 -1791.913384 -1791.913516 -1791.913660 -1791.913828 -1791.914041 -1791.914328 -1791.914738 -1791.915349 -1791.916291 -1791.917793 -1791.920258 -1791.924437 -1791.931759 -1791.945023 -1791.969859 -1792.017895 -1792.114123 -1792.315427 -1792.760714 -1793.816072 -1796.535556 -1804.314415 -1829.593371 -9999.0 -9999.0
-9999.0 -9999.0 -9999.0 -9999.0 -9999.0 -9999.0 -9999.0 -9999.0 -9999.0 -9999.0 -9999.0 -9999.0 -9999.0 -9999.0 -9999.0 -9999.0 -9999.0 -9999.0 -9999.0 -9999.0 -9999.0 -9999.0 -9999.0 -9999.0 -9999.0 -9999.0 -9999.0 -9999.0 -9999.0 -9999.0 -9999.0 -9999.0 -9999.0 -9999.0 -9999.0 -9999.0 -9999.0 -9999.0 -9999.0 -9999.0 -9999.0 -9999.0 -9999.0 -9999.0 -9999.0 -9999.0 -9999.0 -9999.0 -9999.0 -9999.0 -9999.0 -9999.0 -9999.0 -9999.0 -9999.0 -9999.0 -9999.0 -9999.0 -9999.0 -9999.0 -9999.0 -9999.0 -9999.0 -9999.0 -9999.0 -9999.0 -9999.0 -9999.0 -9999.0 -9999.0 -9999.0 -9999.0 -9999.0 -9999.0 -9999.0 -9999.0 -9999.0 -9999.0 -9999.0 -9999.0 -9999.0 -9999.0 -9999.0 -9999.0 -9999.0 -9999.0 -9999.0 -9999.0 -9999.0 -9999.0 -9999.0 -9999.0 -9999.0 -9999.0 -9999.0 -9999.0 -9999.0 -9999.0 -9999.0 -9999.0 -9999.0 -9999.0 -9999.0 -9999.0
-9999.0 -9999.0 -9999.0 -9999.0 -9999.0 -9999.0 -9999.0 -9999.0 -9999.0 -9999.0 -9999.0 -9999.0 -9999.0 -9999.0 -9999.0 -9999.0 -9999.0 -9999.0 -9999.0 -9999.0 -9999.0 -9999.0 -9999.0 -9999.0 -9999.0 -9999.0 -9999.0 -9999.0 -9999.0 -9999.0 -9999.0 -9999.0 -9999.0 -9999.0 -9999.0 -9999.0 -9999.0 -9999.0 -9999.0 -9999.0 -9999.0 -9999.0 -9999.0 -9999.0 -9999.0 -9999.0 -9999.0 -9999.0 -9999.0 -9999.0 -9999.0 -9999.0 -9999.0 -9999.0 -9999.0 -9999.0 -9999.0 -9999.0 -9999.0 -9999.0 -9999.0 -9999.0 -9999.0 -9999.0 -9999.0 -9999.0 -9999.0 -9999.0 -9999.0 -9999.0 -9999.0 -9999.0 -9999.0 -9999.0 -9999.0 -9999.0 -9999.0 -9999.0 -9999.0 -9999.0 -9999.0 -9999.0 -9999.0 -9999.0 -9999.0 -9999.0 -9999.0 -9999.0 -9999.0 -9999.0 -9999.0 -9999.0 -9999.0 -9999.0 -9999.0 -9999.0 -9999.0 -9999.0 -9999.0 -9999.0 -9999.0 -9999.0 -9999.0 -9999.0