inst/processing_geotop_simulation/geotop_simulation/out/maps3D/PwL0015N0206.asc
ncols         104
nrows         10
xllcorner     -2.000000
yllcorner     0.000000
cellsize      1.000000
NODATA_value  -9999.0
-9999.0 -9999.0 -9999.0 -9999.0 -9999.0 -9999.0 -9999.0 -9999.0 -9999.0 -9999.0 -9999.0 -9999.0 -9999.0 -9999.0 -9999.0 -9999.0 -9999.0 -9999.0 -9999.0 -9999.0 -9999.0 -9999.0 -9999.0 -9999.0 -9999.0 -9999.0 -9999.0 -9999.0 -9999.0 -9999.0 -9999.0 -9999.0 -9999.0 -9999.0 -9999.0 -9999.0 -9999.0 -9999.0 -9999.0 -9999.0 -9999.0 -9999.0 -9999.0 -9999.0 -9999.0 -9999.0 -9999.0 -9999.0 -9999.0 -9999.0 -9999.0 -9999.0 -9999.0 -9999.0 -9999.0 -9999.0 -9999.0 -9999.0 -9999.0 -9999.0 -9999.0 -9999.0 -9999.0 -9999.0 -9999.0 -9999.0 -9999.0 -9999.0 -9999.0 -9999.0 -9999.0 -9999.0 -9999.0 -9999.0 -9999.0 -9999.0 -9999.0 -9999.0 -9999.0 -9999.0 -9999.0 -9999.0 -9999.0 -9999.0 -9999.0 -9999.0 -9999.0 -9999.0 -9999.0 -9999.0 -9999.0 -9999.0 -9999.0 -9999.0 -9999.0 -9999.0 -9999.0 -9999.0 -9999.0 -9999.0 -9999.0 -9999.0 -9999.0 -9999.0
-9999.0 -9999.0 -9999.0 -9999.0 -9999.0 -9999.0 -9999.0 -9999.0 -9999.0 -9999.0 -9999.0 -9999.0 -9999.0 -9999.0 -9999.0 -9999.0 -9999.0 -9999.0 -9999.0 -9999.0 -9999.0 -9999.0 -9999.0 -9999.0 -9999.0 -9999.0 -9999.0 -9999.0 -9999.0 -9999.0 -9999.0 -9999.0 -9999.0 -9999.0 -9999.0 -9999.0 -9999.0 -9999.0 -9999.0 -9999.0 -9999.0 -9999.0 -9999.0 -9999.0 -9999.0 -9999.0 -9999.0 -9999.0 -9999.0 -9999.0 -9999.0 -9999.0 -9999.0 -9999.0 -9999.0 -9999.0 -9999.0 -9999.0 -9999.0 -9999.0 -9999.0 -9999.0 -9999.0 -9999.0 -9999.0 -9999.0 -9999.0 -9999.0 -9999.0 -9999.0 -9999.0 -9999.0 -9999.0 -9999.0 -9999.0 -9999.0 -9999.0 -9999.0 -9999.0 -9999.0 -9999.0 -9999.0 -9999.0 -9999.0 -9999.0 -9999.0 -9999.0 -9999.0 -9999.0 -9999.0 -9999.0 -9999.0 -9999.0 -9999.0 -9999.0 -9999.0 -9999.0 -9999.0 -9999.0 -9999.0 -9999.0 -9999.0 -9999.0 -9999.0
-9999.0 -9999.0 727.762373 631.928411 535.299874 438.076182 340.566572 242.932508 145.255884 47.579620 -50.063392 -147.657492 -245.162600 -342.480282 -439.425781 -535.719512 -630.898834 -725.533392 -820.401986 -914.485519 -1007.440198 -1095.030466 -1171.249444 -1236.304743 -1289.220228 -1330.405433 -1361.264092 -1383.662431 -1399.498956 -1410.456514 -1417.905809 -1422.899403 -1426.210821 -1428.389510 -1429.815776 -1430.749783 -1431.376002 -1431.866587 -1432.613470 -1435.347814 -1447.712471 -1507.659072 -2026.725991 -4199.918015 -4232.670769 -4232.672132 -4232.671489 -4232.671385 -4232.671374 -4232.671376 -4232.671378 -4232.671381 -4232.671384 -4232.671386 -4232.671389 -4232.671391 -4232.671398 -4232.671453 -4232.671817 -4232.668284 -4178.803880 -1899.662349 -1472.553900 -1440.770657 -1434.098599 -1432.860843 -1432.663553 -1432.633735 -1432.629783 -1432.629976 -1432.630747 -1432.631461 -1432.632028 -1432.632463 -1432.632798 -1432.633059 -1432.633266 -1432.633435 -1432.633577 -1432.633704 -1432.633829 -1432.633967 -1432.634140 -1432.634378 -1432.634729 -1432.635267 -1432.636112 -1432.637463 -1432.639661 -1432.643302 -1432.649474 -1432.660217 -1432.679479 -1432.715070 -1432.782717 -1432.914818 -1433.180922 -1433.740724 -1434.991174 -1437.991976 -1445.850351 -1469.704968 -9999.0 -9999.0
-9999.0 -9999.0 727.766933 631.929938 535.300338 438.076328 340.566620 242.932524 145.255890 47.579622 -50.063391 -147.657491 -245.162599 -342.480282 -439.425781 -535.719512 -630.898834 -725.533392 -820.401986 -914.485519 -1007.440198 -1095.030466 -1171.249444 -1236.304743 -1289.220229 -1330.405433 -1361.264093 -1383.662432 -1399.498956 -1410.456515 -1417.905809 -1422.899403 -1426.210821 -1428.389510 -1429.815776 -1430.749783 -1431.376003 -1431.866587 -1432.613470 -1435.347814 -1447.712471 -1507.659072 -2026.725991 -4199.918015 -4232.670769 -4232.672132 -4232.671489 -4232.671385 -4232.671374 -4232.671376 -4232.671378 -4232.671381 -4232.671384 -4232.671386 -4232.671389 -4232.671391 -4232.671398 -4232.671453 -4232.671817 -4232.668284 -4178.803880 -1899.662349 -1472.553900 -1440.770657 -1434.098599 -1432.860843 -1432.663553 -1432.633735 -1432.629783 -1432.629976 -1432.630747 -1432.631461 -1432.632028 -1432.632463 -1432.632798 -1432.633059 -1432.633266 -1432.633435 -1432.633577 -1432.633704 -1432.633829 -1432.633967 -1432.634140 -1432.634378 -1432.634729 -1432.635267 -1432.636112 -1432.637463 -1432.639661 -1432.643302 -1432.649474 -1432.660217 -1432.679479 -1432.715070 -1432.782717 -1432.914818 -1433.180922 -1433.740724 -1434.991174 -1437.991976 -1445.850351 -1469.704968 -9999.0 -9999.0
-9999.0 -9999.0 727.768370 631.930692 535.300648 438.076444 340.566662 242.932539 145.255896 47.579624 -50.063390 -147.657491 -245.162599 -342.480282 -439.425781 -535.719512 -630.898834 -725.533392 -820.401986 -914.485519 -1007.440198 -1095.030467 -1171.249444 -1236.304743 -1289.220229 -1330.405434 -1361.264093 -1383.662432 -1399.498956 -1410.456515 -1417.905809 -1422.899403 -1426.210821 -1428.389510 -1429.815776 -1430.749783 -1431.376003 -1431.866587 -1432.613470 -1435.347814 -1447.712471 -1507.659072 -2026.725991 -4199.918015 -4232.670769 -4232.672132 -4232.671489 -4232.671385 -4232.671374 -4232.671376 -4232.671378 -4232.671381 -4232.671384 -4232.671386 -4232.671389 -4232.671391 -4232.671398 -4232.671453 -4232.671817 -4232.668284 -4178.803880 -1899.662349 -1472.553900 -1440.770657 -1434.098599 -1432.860843 -1432.663553 -1432.633735 -1432.629783 -1432.629976 -1432.630747 -1432.631461 -1432.632028 -1432.632463 -1432.632798 -1432.633059 -1432.633266 -1432.633435 -1432.633577 -1432.633704 -1432.633829 -1432.633967 -1432.634140 -1432.634378 -1432.634729 -1432.635267 -1432.636112 -1432.637463 -1432.639661 -1432.643302 -1432.649474 -1432.660217 -1432.679479 -1432.715070 -1432.782717 -1432.914818 -1433.180922 -1433.740724 -1434.991174 -1437.991976 -1445.850351 -1469.704968 -9999.0 -9999.0
-9999.0 -9999.0 727.768370 631.930692 535.300648 438.076444 340.566662 242.932539 145.255896 47.579625 -50.063390 -147.657491 -245.162599 -342.480281 -439.425781 -535.719512 -630.898834 -725.533392 -820.401986 -914.485519 -1007.440198 -1095.030467 -1171.249444 -1236.304743 -1289.220229 -1330.405434 -1361.264093 -1383.662432 -1399.498956 -1410.456515 -1417.905809 -1422.899403 -1426.210821 -1428.389510 -1429.815776 -1430.749783 -1431.376003 -1431.866587 -1432.613470 -1435.347814 -1447.712471 -1507.659072 -2026.725991 -4199.918015 -4232.670769 -4232.672132 -4232.671489 -4232.671385 -4232.671374 -4232.671376 -4232.671378 -4232.671381 -4232.671384 -4232.671386 -4232.671389 -4232.671391 -4232.671398 -4232.671453 -4232.671817 -4232.668284 -4178.803880 -1899.662349 -1472.553900 -1440.770657 -1434.098599 -1432.860843 -1432.663553 -1432.633735 -1432.629783 -1432.629976 -1432.630747 -1432.631461 -1432.632028 -1432.632463 -1432.632798 -1432.633059 -1432.633266 -1432.633435 -1432.633577 -1432.633704 -1432.633829 -1432.633967 -1432.634140 -1432.634378 -1432.634729 -1432.635267 -1432.636112 -1432.637463 -1432.639661 -1432.643302 -1432.649474 -1432.660217 -1432.679479 -1432.715070 -1432.782717 -1432.914818 -1433.180922 -1433.740724 -1434.991174 -1437.991976 -1445.850351 -1469.704968 -9999.0 -9999.0
-9999.0 -9999.0 727.766933 631.929938 535.300338 438.076328 340.566620 242.932524 145.255890 47.579622 -50.063391 -147.657491 -245.162599 -342.480282 -439.425781 -535.719512 -630.898834 -725.533392 -820.401986 -914.485519 -1007.440198 -1095.030466 -1171.249444 -1236.304743 -1289.220229 -1330.405433 -1361.264093 -1383.662432 -1399.498956 -1410.456515 -1417.905809 -1422.899403 -1426.210821 -1428.389510 -1429.815776 -1430.749783 -1431.376003 -1431.866587 -1432.613470 -1435.347814 -1447.712471 -1507.659072 -2026.725991 -4199.918015 -4232.670769 -4232.672132 -4232.671489 -4232.671385 -4232.671374 -4232.671376 -4232.671378 -4232.671381 -4232.671384 -4232.671386 -4232.671389 -4232.671391 -4232.671398 -4232.671453 -4232.671817 -4232.668284 -4178.803880 -1899.662349 -1472.553900 -1440.770657 -1434.098599 -1432.860843 -1432.663553 -1432.633735 -1432.629783 -1432.629976 -1432.630747 -1432.631461 -1432.632028 -1432.632463 -1432.632798 -1432.633059 -1432.633266 -1432.633435 -1432.633577 -1432.633704 -1432.633829 -1432.633967 -1432.634140 -1432.634378 -1432.634729 -1432.635267 -1432.636112 -1432.637463 -1432.639661 -1432.643302 -1432.649474 -1432.660217 -1432.679479 -1432.715070 -1432.782717 -1432.914818 -1433.180922 -1433.740724 -1434.991174 -1437.991976 -1445.850351 -1469.704968 -9999.0 -9999.0
-9999.0 -9999.0 727.762373 631.928411 535.299874 438.076182 340.566572 242.932508 145.255884 47.579620 -50.063392 -147.657492 -245.162600 -342.480282 -439.425781 -535.719512 -630.898834 -725.533392 -820.401986 -914.485519 -1007.440198 -1095.030466 -1171.249444 -1236.304743 -1289.220228 -1330.405433 -1361.264092 -1383.662431 -1399.498956 -1410.456514 -1417.905809 -1422.899403 -1426.210821 -1428.389510 -1429.815776 -1430.749783 -1431.376002 -1431.866587 -1432.613470 -1435.347814 -1447.712471 -1507.659072 -2026.725991 -4199.918015 -4232.670769 -4232.672132 -4232.671489 -4232.671385 -4232.671374 -4232.671376 -4232.671378 -4232.671381 -4232.671384 -4232.671386 -4232.671389 -4232.671391 -4232.671398 -4232.671453 -4232.671817 -4232.668284 -4178.803880 -1899.662349 -1472.553900 -1440.770657 -1434.098599 -1432.860843 -1432.663553 -1432.633735 -1432.629783 -1432.629976 -1432.630747 -1432.631461 -1432.632028 -1432.632463 -1432.632798 -1432.633059 -1432.633266 -1432.633435 -1432.633577 -1432.633704 -1432.633829 -1432.633967 -1432.634140 -1432.634378 -1432.634729 -1432.635267 -1432.636112 -1432.637463 -1432.639661 -1432.643302 -1432.649474 -1432.660217 -1432.679479 -1432.715070 -1432.782717 -1432.914818 -1433.180922 -1433.740724 -1434.991174 -1437.991976 -1445.850351 -1469.704968 -9999.0 -9999.0
-9999.0 -9999.0 -9999.0 -9999.0 -9999.0 -9999.0 -9999.0 -9999.0 -9999.0 -9999.0 -9999.0 -9999.0 -9999.0 -9999.0 -9999.0 -9999.0 -9999.0 -9999.0 -9999.0 -9999.0 -9999.0 -9999.0 -9999.0 -9999.0 -9999.0 -9999.0 -9999.0 -9999.0 -9999.0 -9999.0 -9999.0 -9999.0 -9999.0 -9999.0 -9999.0 -9999.0 -9999.0 -9999.0 -9999.0 -9999.0 -9999.0 -9999.0 -9999.0 -9999.0 -9999.0 -9999.0 -9999.0 -9999.0 -9999.0 -9999.0 -9999.0 -9999.0 -9999.0 -9999.0 -9999.0 -9999.0 -9999.0 -9999.0 -9999.0 -9999.0 -9999.0 -9999.0 -9999.0 -9999.0 -9999.0 -9999.0 -9999.0 -9999.0 -9999.0 -9999.0 -9999.0 -9999.0 -9999.0 -9999.0 -9999.0 -9999.0 -9999.0 -9999.0 -9999.0 -9999.0 -9999.0 -9999.0 -9999.0 -9999.0 -9999.0 -9999.0 -9999.0 -9999.0 -9999.0 -9999.0 -9999.0 -9999.0 -9999.0 -9999.0 -9999.0 -9999.0 -9999.0 -9999.0 -9999.0 -9999.0 -9999.0 -9999.0 -9999.0 -9999.0
-9999.0 -9999.0 -9999.0 -9999.0 -9999.0 -9999.0 -9999.0 -9999.0 -9999.0 -9999.0 -9999.0 -9999.0 -9999.0 -9999.0 -9999.0 -9999.0 -9999.0 -9999.0 -9999.0 -9999.0 -9999.0 -9999.0 -9999.0 -9999.0 -9999.0 -9999.0 -9999.0 -9999.0 -9999.0 -9999.0 -9999.0 -9999.0 -9999.0 -9999.0 -9999.0 -9999.0 -9999.0 -9999.0 -9999.0 -9999.0 -9999.0 -9999.0 -9999.0 -9999.0 -9999.0 -9999.0 -9999.0 -9999.0 -9999.0 -9999.0 -9999.0 -9999.0 -9999.0 -9999.0 -9999.0 -9999.0 -9999.0 -9999.0 -9999.0 -9999.0 -9999.0 -9999.0 -9999.0 -9999.0 -9999.0 -9999.0 -9999.0 -9999.0 -9999.0 -9999.0 -9999.0 -9999.0 -9999.0 -9999.0 -9999.0 -9999.0 -9999.0 -9999.0 -9999.0 -9999.0 -9999.0 -9999.0 -9999.0 -9999.0 -9999.0 -9999.0 -9999.0 -9999.0 -9999.0 -9999.0 -9999.0 -9999.0 -9999.0 -9999.0 -9999.0 -9999.0 -9999.0 -9999.0 -9999.0 -9999.0 -9999.0 -9999.0 -9999.0 -9999.0