inst/processing_geotop_simulation/geotop_simulation/out/maps3D/PwL0007N0406.asc
ncols         104
nrows         10
xllcorner     -2.000000
yllcorner     0.000000
cellsize      1.000000
NODATA_value  -9999.0
-9999.0 -9999.0 -9999.0 -9999.0 -9999.0 -9999.0 -9999.0 -9999.0 -9999.0 -9999.0 -9999.0 -9999.0 -9999.0 -9999.0 -9999.0 -9999.0 -9999.0 -9999.0 -9999.0 -9999.0 -9999.0 -9999.0 -9999.0 -9999.0 -9999.0 -9999.0 -9999.0 -9999.0 -9999.0 -9999.0 -9999.0 -9999.0 -9999.0 -9999.0 -9999.0 -9999.0 -9999.0 -9999.0 -9999.0 -9999.0 -9999.0 -9999.0 -9999.0 -9999.0 -9999.0 -9999.0 -9999.0 -9999.0 -9999.0 -9999.0 -9999.0 -9999.0 -9999.0 -9999.0 -9999.0 -9999.0 -9999.0 -9999.0 -9999.0 -9999.0 -9999.0 -9999.0 -9999.0 -9999.0 -9999.0 -9999.0 -9999.0 -9999.0 -9999.0 -9999.0 -9999.0 -9999.0 -9999.0 -9999.0 -9999.0 -9999.0 -9999.0 -9999.0 -9999.0 -9999.0 -9999.0 -9999.0 -9999.0 -9999.0 -9999.0 -9999.0 -9999.0 -9999.0 -9999.0 -9999.0 -9999.0 -9999.0 -9999.0 -9999.0 -9999.0 -9999.0 -9999.0 -9999.0 -9999.0 -9999.0 -9999.0 -9999.0 -9999.0 -9999.0
-9999.0 -9999.0 -9999.0 -9999.0 -9999.0 -9999.0 -9999.0 -9999.0 -9999.0 -9999.0 -9999.0 -9999.0 -9999.0 -9999.0 -9999.0 -9999.0 -9999.0 -9999.0 -9999.0 -9999.0 -9999.0 -9999.0 -9999.0 -9999.0 -9999.0 -9999.0 -9999.0 -9999.0 -9999.0 -9999.0 -9999.0 -9999.0 -9999.0 -9999.0 -9999.0 -9999.0 -9999.0 -9999.0 -9999.0 -9999.0 -9999.0 -9999.0 -9999.0 -9999.0 -9999.0 -9999.0 -9999.0 -9999.0 -9999.0 -9999.0 -9999.0 -9999.0 -9999.0 -9999.0 -9999.0 -9999.0 -9999.0 -9999.0 -9999.0 -9999.0 -9999.0 -9999.0 -9999.0 -9999.0 -9999.0 -9999.0 -9999.0 -9999.0 -9999.0 -9999.0 -9999.0 -9999.0 -9999.0 -9999.0 -9999.0 -9999.0 -9999.0 -9999.0 -9999.0 -9999.0 -9999.0 -9999.0 -9999.0 -9999.0 -9999.0 -9999.0 -9999.0 -9999.0 -9999.0 -9999.0 -9999.0 -9999.0 -9999.0 -9999.0 -9999.0 -9999.0 -9999.0 -9999.0 -9999.0 -9999.0 -9999.0 -9999.0 -9999.0 -9999.0
-9999.0 -9999.0 323.863604 225.660871 126.749461 27.578807 -71.691973 -171.003891 -270.328040 -369.644112 -468.932199 -568.155034 -667.236548 -766.163336 -865.067590 -963.933335 -1062.722599 -1161.194118 -1258.838833 -1355.215932 -1449.183693 -1538.685847 -1620.866499 -1692.966968 -1753.315729 -1801.696970 -1839.087757 -1867.133133 -1887.670690 -1902.425526 -1912.865604 -1920.163708 -1925.216737 -1928.689222 -1931.062549 -1932.682321 -1933.807747 -1934.697115 -1935.846084 -1938.400300 -1940.990704 -1896.351096 -1226.405920 -1266.597156 -1247.327055 -1234.466574 -1228.470483 -1227.570504 -1227.474012 -1227.482198 -1227.505301 -1227.530220 -1227.554177 -1227.576368 -1227.597023 -1227.621578 -1227.700979 -1228.235551 -1231.409726 -1238.456532 -1246.826957 -1194.234037 -1866.703525 -1934.384890 -1937.056858 -1936.399367 -1936.178123 -1936.133202 -1936.125795 -1936.125057 -1936.125379 -1936.125793 -1936.126143 -1936.126420 -1936.126637 -1936.126811 -1936.126953 -1936.127073 -1936.127177 -1936.127274 -1936.127370 -1936.127477 -1936.127608 -1936.127783 -1936.128032 -1936.128405 -1936.128981 -1936.129894 -1936.131374 -1936.133833 -1936.138026 -1936.145393 -1936.158746 -1936.183705 -1936.231787 -1936.327418 -1936.525276 -1936.956888 -1937.965828 -1940.542218 -1947.924696 -1972.359370 -9999.0 -9999.0
-9999.0 -9999.0 323.870646 225.662573 126.749912 27.578941 -71.691930 -171.003877 -270.328035 -369.644110 -468.932198 -568.155034 -667.236548 -766.163336 -865.067590 -963.933335 -1062.722599 -1161.194118 -1258.838833 -1355.215932 -1449.183693 -1538.685847 -1620.866499 -1692.966968 -1753.315729 -1801.696971 -1839.087757 -1867.133133 -1887.670690 -1902.425526 -1912.865604 -1920.163708 -1925.216737 -1928.689222 -1931.062549 -1932.682321 -1933.807747 -1934.697115 -1935.846084 -1938.400300 -1940.990704 -1896.351096 -1226.405920 -1266.597156 -1247.327054 -1234.466573 -1228.470483 -1227.570504 -1227.474012 -1227.482198 -1227.505301 -1227.530220 -1227.554177 -1227.576368 -1227.597023 -1227.621578 -1227.700979 -1228.235551 -1231.409726 -1238.456532 -1246.826957 -1194.234037 -1866.703525 -1934.384890 -1937.056858 -1936.399367 -1936.178123 -1936.133202 -1936.125795 -1936.125057 -1936.125379 -1936.125793 -1936.126143 -1936.126420 -1936.126637 -1936.126811 -1936.126953 -1936.127073 -1936.127177 -1936.127274 -1936.127370 -1936.127477 -1936.127608 -1936.127783 -1936.128032 -1936.128405 -1936.128981 -1936.129894 -1936.131374 -1936.133833 -1936.138026 -1936.145393 -1936.158746 -1936.183705 -1936.231787 -1936.327418 -1936.525276 -1936.956888 -1937.965828 -1940.542218 -1947.924696 -1972.359370 -9999.0 -9999.0
-9999.0 -9999.0 323.871979 225.663298 126.750201 27.579046 -71.691892 -171.003863 -270.328030 -369.644108 -468.932198 -568.155033 -667.236548 -766.163336 -865.067590 -963.933335 -1062.722599 -1161.194118 -1258.838833 -1355.215932 -1449.183694 -1538.685848 -1620.866499 -1692.966968 -1753.315729 -1801.696971 -1839.087757 -1867.133133 -1887.670690 -1902.425526 -1912.865604 -1920.163708 -1925.216737 -1928.689222 -1931.062549 -1932.682321 -1933.807747 -1934.697115 -1935.846084 -1938.400300 -1940.990704 -1896.351096 -1226.405920 -1266.597156 -1247.327054 -1234.466573 -1228.470483 -1227.570504 -1227.474012 -1227.482198 -1227.505301 -1227.530220 -1227.554177 -1227.576368 -1227.597023 -1227.621578 -1227.700979 -1228.235551 -1231.409726 -1238.456532 -1246.826957 -1194.234037 -1866.703525 -1934.384890 -1937.056858 -1936.399367 -1936.178123 -1936.133202 -1936.125795 -1936.125057 -1936.125379 -1936.125793 -1936.126143 -1936.126420 -1936.126637 -1936.126811 -1936.126953 -1936.127073 -1936.127177 -1936.127274 -1936.127370 -1936.127477 -1936.127608 -1936.127783 -1936.128032 -1936.128405 -1936.128981 -1936.129894 -1936.131374 -1936.133833 -1936.138026 -1936.145393 -1936.158746 -1936.183705 -1936.231787 -1936.327418 -1936.525276 -1936.956888 -1937.965828 -1940.542218 -1947.924696 -1972.359370 -9999.0 -9999.0
-9999.0 -9999.0 323.871979 225.663298 126.750201 27.579046 -71.691892 -171.003863 -270.328030 -369.644108 -468.932198 -568.155033 -667.236548 -766.163336 -865.067590 -963.933335 -1062.722599 -1161.194118 -1258.838833 -1355.215932 -1449.183694 -1538.685848 -1620.866499 -1692.966968 -1753.315729 -1801.696971 -1839.087757 -1867.133133 -1887.670690 -1902.425526 -1912.865604 -1920.163708 -1925.216737 -1928.689222 -1931.062549 -1932.682321 -1933.807747 -1934.697115 -1935.846084 -1938.400300 -1940.990704 -1896.351096 -1226.405920 -1266.597156 -1247.327054 -1234.466573 -1228.470483 -1227.570504 -1227.474012 -1227.482198 -1227.505301 -1227.530220 -1227.554177 -1227.576368 -1227.597023 -1227.621578 -1227.700979 -1228.235551 -1231.409726 -1238.456532 -1246.826957 -1194.234037 -1866.703525 -1934.384890 -1937.056858 -1936.399367 -1936.178123 -1936.133202 -1936.125795 -1936.125057 -1936.125379 -1936.125793 -1936.126143 -1936.126420 -1936.126637 -1936.126811 -1936.126953 -1936.127073 -1936.127177 -1936.127274 -1936.127370 -1936.127477 -1936.127608 -1936.127783 -1936.128032 -1936.128405 -1936.128981 -1936.129894 -1936.131374 -1936.133833 -1936.138026 -1936.145393 -1936.158746 -1936.183705 -1936.231787 -1936.327418 -1936.525276 -1936.956888 -1937.965828 -1940.542218 -1947.924696 -1972.359370 -9999.0 -9999.0
-9999.0 -9999.0 323.870646 225.662573 126.749912 27.578941 -71.691930 -171.003877 -270.328035 -369.644110 -468.932198 -568.155034 -667.236548 -766.163336 -865.067590 -963.933335 -1062.722599 -1161.194118 -1258.838833 -1355.215932 -1449.183693 -1538.685847 -1620.866499 -1692.966968 -1753.315729 -1801.696971 -1839.087757 -1867.133133 -1887.670690 -1902.425526 -1912.865604 -1920.163708 -1925.216737 -1928.689222 -1931.062549 -1932.682321 -1933.807747 -1934.697115 -1935.846084 -1938.400300 -1940.990704 -1896.351096 -1226.405920 -1266.597156 -1247.327054 -1234.466573 -1228.470483 -1227.570504 -1227.474012 -1227.482198 -1227.505301 -1227.530220 -1227.554177 -1227.576368 -1227.597023 -1227.621578 -1227.700979 -1228.235551 -1231.409726 -1238.456532 -1246.826957 -1194.234037 -1866.703525 -1934.384890 -1937.056858 -1936.399367 -1936.178123 -1936.133202 -1936.125795 -1936.125057 -1936.125379 -1936.125793 -1936.126143 -1936.126420 -1936.126637 -1936.126811 -1936.126953 -1936.127073 -1936.127177 -1936.127274 -1936.127370 -1936.127477 -1936.127608 -1936.127783 -1936.128032 -1936.128405 -1936.128981 -1936.129894 -1936.131374 -1936.133833 -1936.138026 -1936.145393 -1936.158746 -1936.183705 -1936.231787 -1936.327418 -1936.525276 -1936.956888 -1937.965828 -1940.542218 -1947.924696 -1972.359370 -9999.0 -9999.0
-9999.0 -9999.0 323.863604 225.660871 126.749461 27.578807 -71.691973 -171.003891 -270.328040 -369.644112 -468.932199 -568.155034 -667.236548 -766.163336 -865.067590 -963.933335 -1062.722599 -1161.194118 -1258.838833 -1355.215932 -1449.183693 -1538.685847 -1620.866499 -1692.966968 -1753.315729 -1801.696970 -1839.087757 -1867.133133 -1887.670690 -1902.425526 -1912.865604 -1920.163708 -1925.216737 -1928.689222 -1931.062549 -1932.682321 -1933.807747 -1934.697115 -1935.846084 -1938.400300 -1940.990704 -1896.351096 -1226.405920 -1266.597156 -1247.327055 -1234.466574 -1228.470483 -1227.570504 -1227.474012 -1227.482198 -1227.505301 -1227.530220 -1227.554177 -1227.576368 -1227.597023 -1227.621578 -1227.700979 -1228.235551 -1231.409726 -1238.456532 -1246.826957 -1194.234037 -1866.703525 -1934.384890 -1937.056858 -1936.399367 -1936.178123 -1936.133202 -1936.125795 -1936.125057 -1936.125379 -1936.125793 -1936.126143 -1936.126420 -1936.126637 -1936.126811 -1936.126953 -1936.127073 -1936.127177 -1936.127274 -1936.127370 -1936.127477 -1936.127608 -1936.127783 -1936.128032 -1936.128405 -1936.128981 -1936.129894 -1936.131374 -1936.133833 -1936.138026 -1936.145393 -1936.158746 -1936.183705 -1936.231787 -1936.327418 -1936.525276 -1936.956888 -1937.965828 -1940.542218 -1947.924696 -1972.359370 -9999.0 -9999.0
-9999.0 -9999.0 -9999.0 -9999.0 -9999.0 -9999.0 -9999.0 -9999.0 -9999.0 -9999.0 -9999.0 -9999.0 -9999.0 -9999.0 -9999.0 -9999.0 -9999.0 -9999.0 -9999.0 -9999.0 -9999.0 -9999.0 -9999.0 -9999.0 -9999.0 -9999.0 -9999.0 -9999.0 -9999.0 -9999.0 -9999.0 -9999.0 -9999.0 -9999.0 -9999.0 -9999.0 -9999.0 -9999.0 -9999.0 -9999.0 -9999.0 -9999.0 -9999.0 -9999.0 -9999.0 -9999.0 -9999.0 -9999.0 -9999.0 -9999.0 -9999.0 -9999.0 -9999.0 -9999.0 -9999.0 -9999.0 -9999.0 -9999.0 -9999.0 -9999.0 -9999.0 -9999.0 -9999.0 -9999.0 -9999.0 -9999.0 -9999.0 -9999.0 -9999.0 -9999.0 -9999.0 -9999.0 -9999.0 -9999.0 -9999.0 -9999.0 -9999.0 -9999.0 -9999.0 -9999.0 -9999.0 -9999.0 -9999.0 -9999.0 -9999.0 -9999.0 -9999.0 -9999.0 -9999.0 -9999.0 -9999.0 -9999.0 -9999.0 -9999.0 -9999.0 -9999.0 -9999.0 -9999.0 -9999.0 -9999.0 -9999.0 -9999.0 -9999.0 -9999.0
-9999.0 -9999.0 -9999.0 -9999.0 -9999.0 -9999.0 -9999.0 -9999.0 -9999.0 -9999.0 -9999.0 -9999.0 -9999.0 -9999.0 -9999.0 -9999.0 -9999.0 -9999.0 -9999.0 -9999.0 -9999.0 -9999.0 -9999.0 -9999.0 -9999.0 -9999.0 -9999.0 -9999.0 -9999.0 -9999.0 -9999.0 -9999.0 -9999.0 -9999.0 -9999.0 -9999.0 -9999.0 -9999.0 -9999.0 -9999.0 -9999.0 -9999.0 -9999.0 -9999.0 -9999.0 -9999.0 -9999.0 -9999.0 -9999.0 -9999.0 -9999.0 -9999.0 -9999.0 -9999.0 -9999.0 -9999.0 -9999.0 -9999.0 -9999.0 -9999.0 -9999.0 -9999.0 -9999.0 -9999.0 -9999.0 -9999.0 -9999.0 -9999.0 -9999.0 -9999.0 -9999.0 -9999.0 -9999.0 -9999.0 -9999.0 -9999.0 -9999.0 -9999.0 -9999.0 -9999.0 -9999.0 -9999.0 -9999.0 -9999.0 -9999.0 -9999.0 -9999.0 -9999.0 -9999.0 -9999.0 -9999.0 -9999.0 -9999.0 -9999.0 -9999.0 -9999.0 -9999.0 -9999.0 -9999.0 -9999.0 -9999.0 -9999.0 -9999.0 -9999.0