inst/processing_geotop_simulation/geotop_simulation/out/maps3D/PwL0020N0231.asc
ncols         104
nrows         10
xllcorner     -2.000000
yllcorner     0.000000
cellsize      1.000000
NODATA_value  -9999.0
-9999.0 -9999.0 -9999.0 -9999.0 -9999.0 -9999.0 -9999.0 -9999.0 -9999.0 -9999.0 -9999.0 -9999.0 -9999.0 -9999.0 -9999.0 -9999.0 -9999.0 -9999.0 -9999.0 -9999.0 -9999.0 -9999.0 -9999.0 -9999.0 -9999.0 -9999.0 -9999.0 -9999.0 -9999.0 -9999.0 -9999.0 -9999.0 -9999.0 -9999.0 -9999.0 -9999.0 -9999.0 -9999.0 -9999.0 -9999.0 -9999.0 -9999.0 -9999.0 -9999.0 -9999.0 -9999.0 -9999.0 -9999.0 -9999.0 -9999.0 -9999.0 -9999.0 -9999.0 -9999.0 -9999.0 -9999.0 -9999.0 -9999.0 -9999.0 -9999.0 -9999.0 -9999.0 -9999.0 -9999.0 -9999.0 -9999.0 -9999.0 -9999.0 -9999.0 -9999.0 -9999.0 -9999.0 -9999.0 -9999.0 -9999.0 -9999.0 -9999.0 -9999.0 -9999.0 -9999.0 -9999.0 -9999.0 -9999.0 -9999.0 -9999.0 -9999.0 -9999.0 -9999.0 -9999.0 -9999.0 -9999.0 -9999.0 -9999.0 -9999.0 -9999.0 -9999.0 -9999.0 -9999.0 -9999.0 -9999.0 -9999.0 -9999.0 -9999.0 -9999.0
-9999.0 -9999.0 -9999.0 -9999.0 -9999.0 -9999.0 -9999.0 -9999.0 -9999.0 -9999.0 -9999.0 -9999.0 -9999.0 -9999.0 -9999.0 -9999.0 -9999.0 -9999.0 -9999.0 -9999.0 -9999.0 -9999.0 -9999.0 -9999.0 -9999.0 -9999.0 -9999.0 -9999.0 -9999.0 -9999.0 -9999.0 -9999.0 -9999.0 -9999.0 -9999.0 -9999.0 -9999.0 -9999.0 -9999.0 -9999.0 -9999.0 -9999.0 -9999.0 -9999.0 -9999.0 -9999.0 -9999.0 -9999.0 -9999.0 -9999.0 -9999.0 -9999.0 -9999.0 -9999.0 -9999.0 -9999.0 -9999.0 -9999.0 -9999.0 -9999.0 -9999.0 -9999.0 -9999.0 -9999.0 -9999.0 -9999.0 -9999.0 -9999.0 -9999.0 -9999.0 -9999.0 -9999.0 -9999.0 -9999.0 -9999.0 -9999.0 -9999.0 -9999.0 -9999.0 -9999.0 -9999.0 -9999.0 -9999.0 -9999.0 -9999.0 -9999.0 -9999.0 -9999.0 -9999.0 -9999.0 -9999.0 -9999.0 -9999.0 -9999.0 -9999.0 -9999.0 -9999.0 -9999.0 -9999.0 -9999.0 -9999.0 -9999.0 -9999.0 -9999.0
-9999.0 -9999.0 974.427828 877.094036 779.575497 681.731015 583.704672 485.596179 387.461281 289.330597 191.221245 93.142993 -4.895514 -102.882637 -200.803960 -298.598275 -396.142431 -493.210406 -589.430504 -684.187515 -779.447797 -873.716972 -966.739966 -1058.270703 -1134.059718 -1199.200895 -1252.837625 -1295.217645 -1327.471951 -1351.236643 -1368.281151 -1380.244885 -1388.502935 -1394.131947 -1397.934818 -1400.492019 -1402.224125 -1403.487839 -1404.877462 -1408.465765 -1422.515297 -1485.081642 -1831.494975 -3906.590848 -3985.115240 -3985.114966 -3984.044421 -3972.872791 -3926.111463 -3813.721620 -3631.679421 -3384.912939 -3197.171423 -3065.972527 -2940.409937 -2808.313379 -2668.236300 -2525.335232 -2386.156636 -2253.632739 -2109.734755 -1518.570440 -1444.171230 -1414.693279 -1407.511707 -1406.074884 -1405.830857 -1405.792825 -1405.787541 -1405.787439 -1405.788087 -1405.788727 -1405.789245 -1405.789649 -1405.789964 -1405.790214 -1405.790416 -1405.790583 -1405.790727 -1405.790858 -1405.790986 -1405.791128 -1405.791301 -1405.791534 -1405.791869 -1405.792375 -1405.793160 -1405.794409 -1405.796433 -1405.799786 -1405.805480 -1405.815424 -1405.833330 -1405.866584 -1405.930207 -1406.055760 -1406.313143 -1406.868821 -1408.148167 -1411.299642 -1419.670187 -1444.835180 -9999.0 -9999.0
-9999.0 -9999.0 974.430933 877.095237 779.575895 681.731146 583.704716 485.596195 387.461287 289.330600 191.221246 93.142993 -4.895514 -102.882637 -200.803960 -298.598275 -396.142431 -493.210406 -589.430504 -684.187515 -779.447797 -873.716973 -966.739966 -1058.270704 -1134.059718 -1199.200896 -1252.837625 -1295.217645 -1327.471952 -1351.236643 -1368.281151 -1380.244885 -1388.502935 -1394.131947 -1397.934818 -1400.492019 -1402.224125 -1403.487839 -1404.877462 -1408.465765 -1422.515297 -1485.081642 -1831.494974 -3906.590847 -3985.115240 -3985.114966 -3984.044421 -3972.872791 -3926.111463 -3813.721619 -3631.679418 -3384.912938 -3197.171423 -3065.972527 -2940.409936 -2808.313379 -2668.236299 -2525.335232 -2386.156636 -2253.632739 -2109.734755 -1518.570440 -1444.171230 -1414.693279 -1407.511707 -1406.074884 -1405.830857 -1405.792825 -1405.787541 -1405.787439 -1405.788087 -1405.788727 -1405.789245 -1405.789649 -1405.789964 -1405.790214 -1405.790416 -1405.790583 -1405.790727 -1405.790858 -1405.790986 -1405.791128 -1405.791301 -1405.791534 -1405.791869 -1405.792375 -1405.793160 -1405.794409 -1405.796433 -1405.799786 -1405.805480 -1405.815424 -1405.833330 -1405.866584 -1405.930207 -1406.055760 -1406.313143 -1406.868821 -1408.148167 -1411.299642 -1419.670187 -1444.835180 -9999.0 -9999.0
-9999.0 -9999.0 974.432142 877.095889 779.576171 681.731252 583.704755 485.596209 387.461292 289.330602 191.221247 93.142994 -4.895513 -102.882637 -200.803960 -298.598275 -396.142431 -493.210406 -589.430504 -684.187515 -779.447797 -873.716973 -966.739966 -1058.270704 -1134.059719 -1199.200896 -1252.837625 -1295.217646 -1327.471952 -1351.236643 -1368.281151 -1380.244885 -1388.502935 -1394.131947 -1397.934818 -1400.492019 -1402.224125 -1403.487839 -1404.877462 -1408.465765 -1422.515297 -1485.081642 -1831.494975 -3906.590847 -3985.115240 -3985.114966 -3984.044421 -3972.872791 -3926.111463 -3813.721618 -3631.679416 -3384.912937 -3197.171422 -3065.972526 -2940.409936 -2808.313378 -2668.236299 -2525.335232 -2386.156636 -2253.632738 -2109.734755 -1518.570440 -1444.171230 -1414.693279 -1407.511707 -1406.074884 -1405.830857 -1405.792825 -1405.787541 -1405.787439 -1405.788087 -1405.788727 -1405.789245 -1405.789649 -1405.789964 -1405.790214 -1405.790416 -1405.790583 -1405.790727 -1405.790858 -1405.790986 -1405.791128 -1405.791301 -1405.791534 -1405.791869 -1405.792375 -1405.793160 -1405.794409 -1405.796433 -1405.799786 -1405.805480 -1405.815424 -1405.833330 -1405.866584 -1405.930207 -1406.055760 -1406.313143 -1406.868821 -1408.148167 -1411.299642 -1419.670187 -1444.835180 -9999.0 -9999.0
-9999.0 -9999.0 974.432142 877.095889 779.576171 681.731252 583.704755 485.596209 387.461292 289.330602 191.221247 93.142994 -4.895513 -102.882637 -200.803960 -298.598275 -396.142431 -493.210406 -589.430504 -684.187515 -779.447797 -873.716973 -966.739966 -1058.270704 -1134.059719 -1199.200896 -1252.837625 -1295.217646 -1327.471952 -1351.236643 -1368.281151 -1380.244885 -1388.502935 -1394.131947 -1397.934818 -1400.492019 -1402.224125 -1403.487839 -1404.877462 -1408.465765 -1422.515297 -1485.081642 -1831.494975 -3906.590847 -3985.115240 -3985.114966 -3984.044421 -3972.872791 -3926.111463 -3813.721618 -3631.679416 -3384.912937 -3197.171422 -3065.972527 -2940.409936 -2808.313379 -2668.236299 -2525.335232 -2386.156635 -2253.632738 -2109.734755 -1518.570440 -1444.171230 -1414.693279 -1407.511707 -1406.074884 -1405.830857 -1405.792825 -1405.787541 -1405.787439 -1405.788087 -1405.788727 -1405.789245 -1405.789649 -1405.789964 -1405.790214 -1405.790416 -1405.790583 -1405.790727 -1405.790858 -1405.790986 -1405.791128 -1405.791301 -1405.791534 -1405.791869 -1405.792375 -1405.793160 -1405.794409 -1405.796433 -1405.799786 -1405.805480 -1405.815424 -1405.833330 -1405.866584 -1405.930207 -1406.055760 -1406.313143 -1406.868821 -1408.148167 -1411.299642 -1419.670187 -1444.835180 -9999.0 -9999.0
-9999.0 -9999.0 974.430933 877.095237 779.575895 681.731146 583.704716 485.596195 387.461287 289.330600 191.221246 93.142993 -4.895514 -102.882637 -200.803960 -298.598275 -396.142431 -493.210406 -589.430504 -684.187515 -779.447797 -873.716973 -966.739966 -1058.270704 -1134.059718 -1199.200896 -1252.837625 -1295.217645 -1327.471952 -1351.236643 -1368.281151 -1380.244885 -1388.502935 -1394.131947 -1397.934818 -1400.492019 -1402.224125 -1403.487839 -1404.877462 -1408.465765 -1422.515297 -1485.081642 -1831.494974 -3906.590847 -3985.115240 -3985.114966 -3984.044421 -3972.872791 -3926.111463 -3813.721618 -3631.679418 -3384.912938 -3197.171423 -3065.972527 -2940.409937 -2808.313379 -2668.236300 -2525.335232 -2386.156636 -2253.632738 -2109.734756 -1518.570440 -1444.171230 -1414.693279 -1407.511707 -1406.074884 -1405.830857 -1405.792825 -1405.787541 -1405.787439 -1405.788087 -1405.788727 -1405.789245 -1405.789649 -1405.789964 -1405.790214 -1405.790416 -1405.790583 -1405.790727 -1405.790858 -1405.790986 -1405.791128 -1405.791301 -1405.791534 -1405.791869 -1405.792375 -1405.793160 -1405.794409 -1405.796433 -1405.799786 -1405.805480 -1405.815424 -1405.833330 -1405.866584 -1405.930207 -1406.055760 -1406.313143 -1406.868821 -1408.148167 -1411.299642 -1419.670187 -1444.835180 -9999.0 -9999.0
-9999.0 -9999.0 974.427828 877.094036 779.575497 681.731015 583.704672 485.596179 387.461281 289.330597 191.221245 93.142993 -4.895514 -102.882637 -200.803960 -298.598275 -396.142431 -493.210406 -589.430504 -684.187515 -779.447797 -873.716972 -966.739966 -1058.270703 -1134.059718 -1199.200895 -1252.837625 -1295.217645 -1327.471951 -1351.236643 -1368.281151 -1380.244885 -1388.502935 -1394.131947 -1397.934818 -1400.492019 -1402.224125 -1403.487839 -1404.877462 -1408.465765 -1422.515297 -1485.081642 -1831.494975 -3906.590848 -3985.115240 -3985.114966 -3984.044421 -3972.872791 -3926.111463 -3813.721620 -3631.679421 -3384.912939 -3197.171423 -3065.972527 -2940.409937 -2808.313380 -2668.236300 -2525.335233 -2386.156636 -2253.632739 -2109.734756 -1518.570440 -1444.171230 -1414.693279 -1407.511707 -1406.074884 -1405.830857 -1405.792825 -1405.787541 -1405.787439 -1405.788087 -1405.788727 -1405.789245 -1405.789649 -1405.789964 -1405.790214 -1405.790416 -1405.790583 -1405.790727 -1405.790858 -1405.790986 -1405.791128 -1405.791301 -1405.791534 -1405.791869 -1405.792375 -1405.793160 -1405.794409 -1405.796433 -1405.799786 -1405.805480 -1405.815424 -1405.833330 -1405.866584 -1405.930207 -1406.055760 -1406.313143 -1406.868821 -1408.148167 -1411.299642 -1419.670187 -1444.835180 -9999.0 -9999.0
-9999.0 -9999.0 -9999.0 -9999.0 -9999.0 -9999.0 -9999.0 -9999.0 -9999.0 -9999.0 -9999.0 -9999.0 -9999.0 -9999.0 -9999.0 -9999.0 -9999.0 -9999.0 -9999.0 -9999.0 -9999.0 -9999.0 -9999.0 -9999.0 -9999.0 -9999.0 -9999.0 -9999.0 -9999.0 -9999.0 -9999.0 -9999.0 -9999.0 -9999.0 -9999.0 -9999.0 -9999.0 -9999.0 -9999.0 -9999.0 -9999.0 -9999.0 -9999.0 -9999.0 -9999.0 -9999.0 -9999.0 -9999.0 -9999.0 -9999.0 -9999.0 -9999.0 -9999.0 -9999.0 -9999.0 -9999.0 -9999.0 -9999.0 -9999.0 -9999.0 -9999.0 -9999.0 -9999.0 -9999.0 -9999.0 -9999.0 -9999.0 -9999.0 -9999.0 -9999.0 -9999.0 -9999.0 -9999.0 -9999.0 -9999.0 -9999.0 -9999.0 -9999.0 -9999.0 -9999.0 -9999.0 -9999.0 -9999.0 -9999.0 -9999.0 -9999.0 -9999.0 -9999.0 -9999.0 -9999.0 -9999.0 -9999.0 -9999.0 -9999.0 -9999.0 -9999.0 -9999.0 -9999.0 -9999.0 -9999.0 -9999.0 -9999.0 -9999.0 -9999.0
-9999.0 -9999.0 -9999.0 -9999.0 -9999.0 -9999.0 -9999.0 -9999.0 -9999.0 -9999.0 -9999.0 -9999.0 -9999.0 -9999.0 -9999.0 -9999.0 -9999.0 -9999.0 -9999.0 -9999.0 -9999.0 -9999.0 -9999.0 -9999.0 -9999.0 -9999.0 -9999.0 -9999.0 -9999.0 -9999.0 -9999.0 -9999.0 -9999.0 -9999.0 -9999.0 -9999.0 -9999.0 -9999.0 -9999.0 -9999.0 -9999.0 -9999.0 -9999.0 -9999.0 -9999.0 -9999.0 -9999.0 -9999.0 -9999.0 -9999.0 -9999.0 -9999.0 -9999.0 -9999.0 -9999.0 -9999.0 -9999.0 -9999.0 -9999.0 -9999.0 -9999.0 -9999.0 -9999.0 -9999.0 -9999.0 -9999.0 -9999.0 -9999.0 -9999.0 -9999.0 -9999.0 -9999.0 -9999.0 -9999.0 -9999.0 -9999.0 -9999.0 -9999.0 -9999.0 -9999.0 -9999.0 -9999.0 -9999.0 -9999.0 -9999.0 -9999.0 -9999.0 -9999.0 -9999.0 -9999.0 -9999.0 -9999.0 -9999.0 -9999.0 -9999.0 -9999.0 -9999.0 -9999.0 -9999.0 -9999.0 -9999.0 -9999.0 -9999.0 -9999.0