inst/processing_geotop_simulation/geotop_simulation/out/maps3D/PwL0021N0302.asc
ncols         104
nrows         10
xllcorner     -2.000000
yllcorner     0.000000
cellsize      1.000000
NODATA_value  -9999.0
-9999.0 -9999.0 -9999.0 -9999.0 -9999.0 -9999.0 -9999.0 -9999.0 -9999.0 -9999.0 -9999.0 -9999.0 -9999.0 -9999.0 -9999.0 -9999.0 -9999.0 -9999.0 -9999.0 -9999.0 -9999.0 -9999.0 -9999.0 -9999.0 -9999.0 -9999.0 -9999.0 -9999.0 -9999.0 -9999.0 -9999.0 -9999.0 -9999.0 -9999.0 -9999.0 -9999.0 -9999.0 -9999.0 -9999.0 -9999.0 -9999.0 -9999.0 -9999.0 -9999.0 -9999.0 -9999.0 -9999.0 -9999.0 -9999.0 -9999.0 -9999.0 -9999.0 -9999.0 -9999.0 -9999.0 -9999.0 -9999.0 -9999.0 -9999.0 -9999.0 -9999.0 -9999.0 -9999.0 -9999.0 -9999.0 -9999.0 -9999.0 -9999.0 -9999.0 -9999.0 -9999.0 -9999.0 -9999.0 -9999.0 -9999.0 -9999.0 -9999.0 -9999.0 -9999.0 -9999.0 -9999.0 -9999.0 -9999.0 -9999.0 -9999.0 -9999.0 -9999.0 -9999.0 -9999.0 -9999.0 -9999.0 -9999.0 -9999.0 -9999.0 -9999.0 -9999.0 -9999.0 -9999.0 -9999.0 -9999.0 -9999.0 -9999.0 -9999.0 -9999.0
-9999.0 -9999.0 -9999.0 -9999.0 -9999.0 -9999.0 -9999.0 -9999.0 -9999.0 -9999.0 -9999.0 -9999.0 -9999.0 -9999.0 -9999.0 -9999.0 -9999.0 -9999.0 -9999.0 -9999.0 -9999.0 -9999.0 -9999.0 -9999.0 -9999.0 -9999.0 -9999.0 -9999.0 -9999.0 -9999.0 -9999.0 -9999.0 -9999.0 -9999.0 -9999.0 -9999.0 -9999.0 -9999.0 -9999.0 -9999.0 -9999.0 -9999.0 -9999.0 -9999.0 -9999.0 -9999.0 -9999.0 -9999.0 -9999.0 -9999.0 -9999.0 -9999.0 -9999.0 -9999.0 -9999.0 -9999.0 -9999.0 -9999.0 -9999.0 -9999.0 -9999.0 -9999.0 -9999.0 -9999.0 -9999.0 -9999.0 -9999.0 -9999.0 -9999.0 -9999.0 -9999.0 -9999.0 -9999.0 -9999.0 -9999.0 -9999.0 -9999.0 -9999.0 -9999.0 -9999.0 -9999.0 -9999.0 -9999.0 -9999.0 -9999.0 -9999.0 -9999.0 -9999.0 -9999.0 -9999.0 -9999.0 -9999.0 -9999.0 -9999.0 -9999.0 -9999.0 -9999.0 -9999.0 -9999.0 -9999.0 -9999.0 -9999.0 -9999.0 -9999.0
-9999.0 -9999.0 1020.442945 921.981403 823.448526 724.736108 625.920256 527.057636 428.180675 329.307395 230.447961 131.608256 32.792338 -65.992116 -164.743205 -263.439720 -362.033068 -460.427253 -558.446741 -655.785279 -752.671765 -849.460960 -945.457744 -1040.390095 -1129.564528 -1207.667729 -1275.857989 -1333.088306 -1379.280365 -1415.234729 -1442.341692 -1462.237996 -1476.528283 -1486.618513 -1493.651133 -1498.509531 -1501.866483 -1504.294756 -1506.605462 -1510.982360 -1524.301961 -1570.253550 -1702.976588 -3020.261202 -3926.431167 -3924.983385 -3750.334909 -3287.066862 -2916.079308 -2673.838353 -2504.242147 -2363.336294 -2277.596164 -2222.115480 -2170.554824 -2116.563828 -2058.329756 -1996.718990 -1933.806206 -1870.836620 -1796.406886 -1458.030286 -1527.550641 -1516.007170 -1510.752086 -1509.343265 -1509.057100 -1509.007382 -1508.999804 -1508.999201 -1508.999663 -1509.000200 -1509.000655 -1509.001023 -1509.001321 -1509.001568 -1509.001778 -1509.001961 -1509.002127 -1509.002283 -1509.002440 -1509.002610 -1509.002809 -1509.003059 -1509.003398 -1509.003882 -1509.004603 -1509.005716 -1509.007490 -1509.010398 -1509.015315 -1509.023904 -1509.039415 -1509.068369 -1509.124206 -1509.235761 -1509.468614 -1509.982523 -1511.191903 -1514.238144 -1522.564501 -1548.258577 -9999.0 -9999.0
-9999.0 -9999.0 1020.445660 921.982480 823.448888 724.736228 625.920297 527.057651 428.180680 329.307397 230.447962 131.608256 32.792338 -65.992116 -164.743205 -263.439720 -362.033068 -460.427253 -558.446742 -655.785279 -752.671765 -849.460960 -945.457744 -1040.390095 -1129.564528 -1207.667729 -1275.857989 -1333.088306 -1379.280365 -1415.234729 -1442.341692 -1462.237996 -1476.528283 -1486.618513 -1493.651133 -1498.509531 -1501.866483 -1504.294756 -1506.605462 -1510.982360 -1524.301961 -1570.253550 -1702.976587 -3020.261201 -3926.431167 -3924.983385 -3750.334909 -3287.066861 -2916.079307 -2673.838352 -2504.242145 -2363.336293 -2277.596164 -2222.115480 -2170.554824 -2116.563828 -2058.329756 -1996.718990 -1933.806206 -1870.836620 -1796.406886 -1458.030286 -1527.550641 -1516.007170 -1510.752086 -1509.343265 -1509.057100 -1509.007382 -1508.999804 -1508.999201 -1508.999663 -1509.000200 -1509.000655 -1509.001023 -1509.001321 -1509.001568 -1509.001778 -1509.001961 -1509.002127 -1509.002283 -1509.002440 -1509.002610 -1509.002809 -1509.003059 -1509.003398 -1509.003882 -1509.004603 -1509.005716 -1509.007490 -1509.010398 -1509.015315 -1509.023904 -1509.039415 -1509.068369 -1509.124206 -1509.235761 -1509.468614 -1509.982523 -1511.191903 -1514.238144 -1522.564501 -1548.258577 -9999.0 -9999.0
-9999.0 -9999.0 1020.446757 921.983075 823.449142 724.736326 625.920333 527.057664 428.180685 329.307399 230.447963 131.608257 32.792338 -65.992116 -164.743205 -263.439720 -362.033069 -460.427253 -558.446742 -655.785279 -752.671765 -849.460961 -945.457744 -1040.390095 -1129.564528 -1207.667729 -1275.857989 -1333.088306 -1379.280365 -1415.234729 -1442.341692 -1462.237996 -1476.528283 -1486.618513 -1493.651133 -1498.509531 -1501.866483 -1504.294756 -1506.605462 -1510.982360 -1524.301961 -1570.253550 -1702.976587 -3020.261200 -3926.431167 -3924.983385 -3750.334909 -3287.066860 -2916.079307 -2673.838350 -2504.242144 -2363.336293 -2277.596164 -2222.115480 -2170.554824 -2116.563828 -2058.329756 -1996.718990 -1933.806206 -1870.836620 -1796.406886 -1458.030286 -1527.550641 -1516.007170 -1510.752086 -1509.343265 -1509.057100 -1509.007382 -1508.999804 -1508.999201 -1508.999663 -1509.000200 -1509.000655 -1509.001023 -1509.001321 -1509.001568 -1509.001778 -1509.001961 -1509.002127 -1509.002283 -1509.002440 -1509.002610 -1509.002809 -1509.003059 -1509.003398 -1509.003882 -1509.004603 -1509.005716 -1509.007490 -1509.010398 -1509.015315 -1509.023904 -1509.039415 -1509.068369 -1509.124206 -1509.235761 -1509.468614 -1509.982523 -1511.191903 -1514.238144 -1522.564501 -1548.258577 -9999.0 -9999.0
-9999.0 -9999.0 1020.446757 921.983075 823.449142 724.736326 625.920333 527.057664 428.180685 329.307399 230.447963 131.608257 32.792338 -65.992116 -164.743205 -263.439720 -362.033069 -460.427253 -558.446742 -655.785279 -752.671765 -849.460961 -945.457744 -1040.390095 -1129.564528 -1207.667729 -1275.857989 -1333.088306 -1379.280365 -1415.234729 -1442.341692 -1462.237996 -1476.528283 -1486.618513 -1493.651133 -1498.509531 -1501.866483 -1504.294756 -1506.605462 -1510.982360 -1524.301961 -1570.253550 -1702.976587 -3020.261200 -3926.431167 -3924.983385 -3750.334909 -3287.066860 -2916.079307 -2673.838351 -2504.242144 -2363.336293 -2277.596164 -2222.115480 -2170.554824 -2116.563828 -2058.329756 -1996.718990 -1933.806206 -1870.836620 -1796.406886 -1458.030286 -1527.550641 -1516.007170 -1510.752086 -1509.343265 -1509.057100 -1509.007382 -1508.999804 -1508.999201 -1508.999663 -1509.000200 -1509.000655 -1509.001023 -1509.001321 -1509.001568 -1509.001778 -1509.001961 -1509.002127 -1509.002283 -1509.002440 -1509.002610 -1509.002809 -1509.003059 -1509.003398 -1509.003882 -1509.004603 -1509.005716 -1509.007490 -1509.010398 -1509.015315 -1509.023904 -1509.039415 -1509.068369 -1509.124206 -1509.235761 -1509.468614 -1509.982523 -1511.191903 -1514.238144 -1522.564501 -1548.258577 -9999.0 -9999.0
-9999.0 -9999.0 1020.445660 921.982480 823.448888 724.736228 625.920297 527.057651 428.180680 329.307397 230.447962 131.608256 32.792338 -65.992116 -164.743205 -263.439720 -362.033069 -460.427253 -558.446742 -655.785279 -752.671765 -849.460960 -945.457744 -1040.390095 -1129.564528 -1207.667729 -1275.857989 -1333.088306 -1379.280365 -1415.234729 -1442.341692 -1462.237996 -1476.528283 -1486.618513 -1493.651133 -1498.509531 -1501.866483 -1504.294756 -1506.605462 -1510.982360 -1524.301961 -1570.253550 -1702.976587 -3020.261200 -3926.431167 -3924.983385 -3750.334909 -3287.066861 -2916.079307 -2673.838351 -2504.242145 -2363.336293 -2277.596164 -2222.115480 -2170.554824 -2116.563828 -2058.329756 -1996.718990 -1933.806206 -1870.836620 -1796.406886 -1458.030286 -1527.550641 -1516.007170 -1510.752086 -1509.343265 -1509.057100 -1509.007382 -1508.999804 -1508.999201 -1508.999663 -1509.000200 -1509.000655 -1509.001023 -1509.001321 -1509.001568 -1509.001778 -1509.001961 -1509.002127 -1509.002283 -1509.002440 -1509.002610 -1509.002809 -1509.003059 -1509.003398 -1509.003882 -1509.004603 -1509.005716 -1509.007490 -1509.010398 -1509.015315 -1509.023904 -1509.039415 -1509.068369 -1509.124206 -1509.235761 -1509.468614 -1509.982523 -1511.191903 -1514.238144 -1522.564501 -1548.258577 -9999.0 -9999.0
-9999.0 -9999.0 1020.442945 921.981403 823.448526 724.736108 625.920256 527.057636 428.180675 329.307395 230.447961 131.608256 32.792338 -65.992116 -164.743205 -263.439720 -362.033068 -460.427253 -558.446741 -655.785279 -752.671765 -849.460960 -945.457744 -1040.390095 -1129.564528 -1207.667729 -1275.857989 -1333.088306 -1379.280365 -1415.234729 -1442.341692 -1462.237996 -1476.528283 -1486.618513 -1493.651133 -1498.509531 -1501.866483 -1504.294756 -1506.605462 -1510.982360 -1524.301961 -1570.253550 -1702.976588 -3020.261202 -3926.431167 -3924.983385 -3750.334909 -3287.066862 -2916.079308 -2673.838354 -2504.242147 -2363.336294 -2277.596164 -2222.115480 -2170.554824 -2116.563828 -2058.329756 -1996.718990 -1933.806206 -1870.836620 -1796.406886 -1458.030286 -1527.550641 -1516.007170 -1510.752086 -1509.343265 -1509.057100 -1509.007382 -1508.999804 -1508.999201 -1508.999663 -1509.000200 -1509.000655 -1509.001023 -1509.001321 -1509.001568 -1509.001778 -1509.001961 -1509.002127 -1509.002283 -1509.002440 -1509.002610 -1509.002809 -1509.003059 -1509.003398 -1509.003882 -1509.004603 -1509.005716 -1509.007490 -1509.010398 -1509.015315 -1509.023904 -1509.039415 -1509.068369 -1509.124206 -1509.235761 -1509.468614 -1509.982523 -1511.191903 -1514.238144 -1522.564501 -1548.258577 -9999.0 -9999.0
-9999.0 -9999.0 -9999.0 -9999.0 -9999.0 -9999.0 -9999.0 -9999.0 -9999.0 -9999.0 -9999.0 -9999.0 -9999.0 -9999.0 -9999.0 -9999.0 -9999.0 -9999.0 -9999.0 -9999.0 -9999.0 -9999.0 -9999.0 -9999.0 -9999.0 -9999.0 -9999.0 -9999.0 -9999.0 -9999.0 -9999.0 -9999.0 -9999.0 -9999.0 -9999.0 -9999.0 -9999.0 -9999.0 -9999.0 -9999.0 -9999.0 -9999.0 -9999.0 -9999.0 -9999.0 -9999.0 -9999.0 -9999.0 -9999.0 -9999.0 -9999.0 -9999.0 -9999.0 -9999.0 -9999.0 -9999.0 -9999.0 -9999.0 -9999.0 -9999.0 -9999.0 -9999.0 -9999.0 -9999.0 -9999.0 -9999.0 -9999.0 -9999.0 -9999.0 -9999.0 -9999.0 -9999.0 -9999.0 -9999.0 -9999.0 -9999.0 -9999.0 -9999.0 -9999.0 -9999.0 -9999.0 -9999.0 -9999.0 -9999.0 -9999.0 -9999.0 -9999.0 -9999.0 -9999.0 -9999.0 -9999.0 -9999.0 -9999.0 -9999.0 -9999.0 -9999.0 -9999.0 -9999.0 -9999.0 -9999.0 -9999.0 -9999.0 -9999.0 -9999.0
-9999.0 -9999.0 -9999.0 -9999.0 -9999.0 -9999.0 -9999.0 -9999.0 -9999.0 -9999.0 -9999.0 -9999.0 -9999.0 -9999.0 -9999.0 -9999.0 -9999.0 -9999.0 -9999.0 -9999.0 -9999.0 -9999.0 -9999.0 -9999.0 -9999.0 -9999.0 -9999.0 -9999.0 -9999.0 -9999.0 -9999.0 -9999.0 -9999.0 -9999.0 -9999.0 -9999.0 -9999.0 -9999.0 -9999.0 -9999.0 -9999.0 -9999.0 -9999.0 -9999.0 -9999.0 -9999.0 -9999.0 -9999.0 -9999.0 -9999.0 -9999.0 -9999.0 -9999.0 -9999.0 -9999.0 -9999.0 -9999.0 -9999.0 -9999.0 -9999.0 -9999.0 -9999.0 -9999.0 -9999.0 -9999.0 -9999.0 -9999.0 -9999.0 -9999.0 -9999.0 -9999.0 -9999.0 -9999.0 -9999.0 -9999.0 -9999.0 -9999.0 -9999.0 -9999.0 -9999.0 -9999.0 -9999.0 -9999.0 -9999.0 -9999.0 -9999.0 -9999.0 -9999.0 -9999.0 -9999.0 -9999.0 -9999.0 -9999.0 -9999.0 -9999.0 -9999.0 -9999.0 -9999.0 -9999.0 -9999.0 -9999.0 -9999.0 -9999.0 -9999.0