inst/processing_geotop_simulation/geotop_simulation/out/maps3D/PwL0016N0124.asc
ncols         104
nrows         10
xllcorner     -2.000000
yllcorner     0.000000
cellsize      1.000000
NODATA_value  -9999.0
-9999.0 -9999.0 -9999.0 -9999.0 -9999.0 -9999.0 -9999.0 -9999.0 -9999.0 -9999.0 -9999.0 -9999.0 -9999.0 -9999.0 -9999.0 -9999.0 -9999.0 -9999.0 -9999.0 -9999.0 -9999.0 -9999.0 -9999.0 -9999.0 -9999.0 -9999.0 -9999.0 -9999.0 -9999.0 -9999.0 -9999.0 -9999.0 -9999.0 -9999.0 -9999.0 -9999.0 -9999.0 -9999.0 -9999.0 -9999.0 -9999.0 -9999.0 -9999.0 -9999.0 -9999.0 -9999.0 -9999.0 -9999.0 -9999.0 -9999.0 -9999.0 -9999.0 -9999.0 -9999.0 -9999.0 -9999.0 -9999.0 -9999.0 -9999.0 -9999.0 -9999.0 -9999.0 -9999.0 -9999.0 -9999.0 -9999.0 -9999.0 -9999.0 -9999.0 -9999.0 -9999.0 -9999.0 -9999.0 -9999.0 -9999.0 -9999.0 -9999.0 -9999.0 -9999.0 -9999.0 -9999.0 -9999.0 -9999.0 -9999.0 -9999.0 -9999.0 -9999.0 -9999.0 -9999.0 -9999.0 -9999.0 -9999.0 -9999.0 -9999.0 -9999.0 -9999.0 -9999.0 -9999.0 -9999.0 -9999.0 -9999.0 -9999.0 -9999.0 -9999.0
-9999.0 -9999.0 -9999.0 -9999.0 -9999.0 -9999.0 -9999.0 -9999.0 -9999.0 -9999.0 -9999.0 -9999.0 -9999.0 -9999.0 -9999.0 -9999.0 -9999.0 -9999.0 -9999.0 -9999.0 -9999.0 -9999.0 -9999.0 -9999.0 -9999.0 -9999.0 -9999.0 -9999.0 -9999.0 -9999.0 -9999.0 -9999.0 -9999.0 -9999.0 -9999.0 -9999.0 -9999.0 -9999.0 -9999.0 -9999.0 -9999.0 -9999.0 -9999.0 -9999.0 -9999.0 -9999.0 -9999.0 -9999.0 -9999.0 -9999.0 -9999.0 -9999.0 -9999.0 -9999.0 -9999.0 -9999.0 -9999.0 -9999.0 -9999.0 -9999.0 -9999.0 -9999.0 -9999.0 -9999.0 -9999.0 -9999.0 -9999.0 -9999.0 -9999.0 -9999.0 -9999.0 -9999.0 -9999.0 -9999.0 -9999.0 -9999.0 -9999.0 -9999.0 -9999.0 -9999.0 -9999.0 -9999.0 -9999.0 -9999.0 -9999.0 -9999.0 -9999.0 -9999.0 -9999.0 -9999.0 -9999.0 -9999.0 -9999.0 -9999.0 -9999.0 -9999.0 -9999.0 -9999.0 -9999.0 -9999.0 -9999.0 -9999.0 -9999.0 -9999.0
-9999.0 -9999.0 789.424713 697.962895 605.113191 511.075989 416.449426 321.563168 226.587908 131.613901 36.691146 -58.134059 -152.855259 -247.479550 -342.040663 -436.627978 -531.415203 -626.270433 -719.860474 -811.486700 -901.263387 -987.957721 -1055.663440 -1106.606404 -1141.986784 -1165.041458 -1179.397720 -1188.066836 -1193.191654 -1196.174028 -1197.892069 -1198.877641 -1199.445190 -1199.776600 -1199.974920 -1200.099823 -1200.193928 -1200.312000 -1200.639743 -1202.477742 -1214.436405 -1303.469670 -2062.614596 -4169.904106 -4183.167873 -4183.168317 -4183.168317 -4183.168317 -4183.168317 -4183.168317 -4183.168317 -4183.168317 -4183.168317 -4183.168317 -4183.168317 -4183.168316 -4183.168316 -4183.168314 -4183.168309 -4183.167443 -4161.604802 -1945.106867 -1272.185531 -1209.559322 -1201.655988 -1200.654734 -1200.519105 -1200.498472 -1200.496198 -1200.497164 -1200.498494 -1200.499629 -1200.500508 -1200.501175 -1200.501685 -1200.502081 -1200.502395 -1200.502648 -1200.502859 -1200.503045 -1200.503227 -1200.503427 -1200.503678 -1200.504025 -1200.504538 -1200.505324 -1200.506560 -1200.508534 -1200.511733 -1200.517006 -1200.525876 -1200.541182 -1200.568370 -1200.618148 -1200.711888 -1200.892815 -1201.250540 -1201.981696 -1203.558586 -1207.215609 -1216.346330 -1241.579053 -9999.0 -9999.0
-9999.0 -9999.0 789.429229 697.964464 605.113678 511.076144 416.449477 321.563186 226.587914 131.613903 36.691147 -58.134059 -152.855259 -247.479550 -342.040663 -436.627978 -531.415203 -626.270433 -719.860474 -811.486701 -901.263388 -987.957721 -1055.663440 -1106.606405 -1141.986784 -1165.041458 -1179.397720 -1188.066836 -1193.191654 -1196.174028 -1197.892069 -1198.877641 -1199.445190 -1199.776600 -1199.974920 -1200.099823 -1200.193928 -1200.312000 -1200.639743 -1202.477742 -1214.436405 -1303.469670 -2062.614595 -4169.904106 -4183.167873 -4183.168317 -4183.168317 -4183.168317 -4183.168317 -4183.168317 -4183.168317 -4183.168317 -4183.168317 -4183.168317 -4183.168317 -4183.168316 -4183.168316 -4183.168314 -4183.168309 -4183.167443 -4161.604802 -1945.106867 -1272.185531 -1209.559322 -1201.655988 -1200.654734 -1200.519105 -1200.498472 -1200.496198 -1200.497164 -1200.498494 -1200.499629 -1200.500508 -1200.501175 -1200.501685 -1200.502081 -1200.502395 -1200.502648 -1200.502859 -1200.503045 -1200.503227 -1200.503427 -1200.503678 -1200.504025 -1200.504538 -1200.505324 -1200.506560 -1200.508534 -1200.511733 -1200.517006 -1200.525876 -1200.541182 -1200.568370 -1200.618148 -1200.711888 -1200.892815 -1201.250540 -1201.981696 -1203.558586 -1207.215609 -1216.346330 -1241.579053 -9999.0 -9999.0
-9999.0 -9999.0 789.430721 697.965254 605.114006 511.076267 416.449522 321.563202 226.587920 131.613905 36.691148 -58.134059 -152.855259 -247.479550 -342.040663 -436.627978 -531.415203 -626.270433 -719.860474 -811.486701 -901.263388 -987.957721 -1055.663440 -1106.606405 -1141.986784 -1165.041458 -1179.397720 -1188.066836 -1193.191654 -1196.174028 -1197.892069 -1198.877641 -1199.445190 -1199.776600 -1199.974920 -1200.099823 -1200.193928 -1200.312000 -1200.639743 -1202.477742 -1214.436405 -1303.469670 -2062.614595 -4169.904106 -4183.167873 -4183.168317 -4183.168317 -4183.168317 -4183.168317 -4183.168317 -4183.168317 -4183.168317 -4183.168317 -4183.168317 -4183.168317 -4183.168316 -4183.168316 -4183.168314 -4183.168309 -4183.167443 -4161.604802 -1945.106867 -1272.185531 -1209.559322 -1201.655988 -1200.654734 -1200.519105 -1200.498472 -1200.496198 -1200.497164 -1200.498494 -1200.499629 -1200.500508 -1200.501175 -1200.501685 -1200.502081 -1200.502395 -1200.502648 -1200.502859 -1200.503045 -1200.503227 -1200.503427 -1200.503678 -1200.504025 -1200.504538 -1200.505324 -1200.506560 -1200.508534 -1200.511733 -1200.517006 -1200.525876 -1200.541182 -1200.568370 -1200.618148 -1200.711888 -1200.892815 -1201.250540 -1201.981696 -1203.558586 -1207.215609 -1216.346330 -1241.579053 -9999.0 -9999.0
-9999.0 -9999.0 789.430721 697.965254 605.114006 511.076267 416.449522 321.563202 226.587920 131.613905 36.691148 -58.134059 -152.855259 -247.479550 -342.040663 -436.627978 -531.415203 -626.270433 -719.860474 -811.486701 -901.263388 -987.957721 -1055.663440 -1106.606405 -1141.986784 -1165.041458 -1179.397720 -1188.066836 -1193.191654 -1196.174028 -1197.892069 -1198.877641 -1199.445190 -1199.776600 -1199.974920 -1200.099823 -1200.193928 -1200.312000 -1200.639743 -1202.477742 -1214.436405 -1303.469670 -2062.614595 -4169.904106 -4183.167873 -4183.168317 -4183.168317 -4183.168317 -4183.168317 -4183.168317 -4183.168317 -4183.168317 -4183.168317 -4183.168317 -4183.168317 -4183.168316 -4183.168316 -4183.168314 -4183.168309 -4183.167443 -4161.604802 -1945.106867 -1272.185531 -1209.559322 -1201.655988 -1200.654734 -1200.519105 -1200.498472 -1200.496198 -1200.497164 -1200.498494 -1200.499629 -1200.500508 -1200.501175 -1200.501685 -1200.502081 -1200.502395 -1200.502648 -1200.502859 -1200.503045 -1200.503227 -1200.503427 -1200.503678 -1200.504025 -1200.504538 -1200.505324 -1200.506560 -1200.508534 -1200.511733 -1200.517006 -1200.525876 -1200.541182 -1200.568370 -1200.618148 -1200.711888 -1200.892815 -1201.250540 -1201.981696 -1203.558586 -1207.215609 -1216.346330 -1241.579053 -9999.0 -9999.0
-9999.0 -9999.0 789.429229 697.964464 605.113678 511.076144 416.449477 321.563186 226.587914 131.613903 36.691147 -58.134059 -152.855259 -247.479550 -342.040663 -436.627978 -531.415203 -626.270433 -719.860474 -811.486701 -901.263388 -987.957721 -1055.663440 -1106.606405 -1141.986784 -1165.041458 -1179.397720 -1188.066836 -1193.191654 -1196.174028 -1197.892069 -1198.877641 -1199.445190 -1199.776600 -1199.974920 -1200.099823 -1200.193928 -1200.312000 -1200.639743 -1202.477742 -1214.436405 -1303.469670 -2062.614595 -4169.904106 -4183.167873 -4183.168317 -4183.168317 -4183.168317 -4183.168317 -4183.168317 -4183.168317 -4183.168317 -4183.168317 -4183.168317 -4183.168317 -4183.168316 -4183.168316 -4183.168314 -4183.168309 -4183.167443 -4161.604802 -1945.106867 -1272.185531 -1209.559322 -1201.655988 -1200.654734 -1200.519105 -1200.498472 -1200.496198 -1200.497164 -1200.498494 -1200.499629 -1200.500508 -1200.501175 -1200.501685 -1200.502081 -1200.502395 -1200.502648 -1200.502859 -1200.503045 -1200.503227 -1200.503427 -1200.503678 -1200.504025 -1200.504538 -1200.505324 -1200.506560 -1200.508534 -1200.511733 -1200.517006 -1200.525876 -1200.541182 -1200.568370 -1200.618148 -1200.711888 -1200.892815 -1201.250540 -1201.981696 -1203.558586 -1207.215609 -1216.346330 -1241.579053 -9999.0 -9999.0
-9999.0 -9999.0 789.424713 697.962895 605.113191 511.075989 416.449426 321.563168 226.587908 131.613901 36.691146 -58.134059 -152.855259 -247.479550 -342.040663 -436.627978 -531.415203 -626.270433 -719.860474 -811.486700 -901.263387 -987.957721 -1055.663440 -1106.606404 -1141.986784 -1165.041458 -1179.397720 -1188.066836 -1193.191654 -1196.174028 -1197.892069 -1198.877641 -1199.445190 -1199.776600 -1199.974920 -1200.099823 -1200.193928 -1200.312000 -1200.639743 -1202.477742 -1214.436405 -1303.469670 -2062.614596 -4169.904106 -4183.167873 -4183.168317 -4183.168317 -4183.168317 -4183.168317 -4183.168317 -4183.168317 -4183.168317 -4183.168317 -4183.168317 -4183.168317 -4183.168316 -4183.168316 -4183.168314 -4183.168309 -4183.167443 -4161.604802 -1945.106867 -1272.185531 -1209.559322 -1201.655988 -1200.654734 -1200.519105 -1200.498472 -1200.496198 -1200.497164 -1200.498494 -1200.499629 -1200.500508 -1200.501175 -1200.501685 -1200.502081 -1200.502395 -1200.502648 -1200.502859 -1200.503045 -1200.503227 -1200.503427 -1200.503678 -1200.504025 -1200.504538 -1200.505324 -1200.506560 -1200.508534 -1200.511733 -1200.517006 -1200.525876 -1200.541182 -1200.568370 -1200.618148 -1200.711888 -1200.892815 -1201.250540 -1201.981696 -1203.558586 -1207.215609 -1216.346330 -1241.579053 -9999.0 -9999.0
-9999.0 -9999.0 -9999.0 -9999.0 -9999.0 -9999.0 -9999.0 -9999.0 -9999.0 -9999.0 -9999.0 -9999.0 -9999.0 -9999.0 -9999.0 -9999.0 -9999.0 -9999.0 -9999.0 -9999.0 -9999.0 -9999.0 -9999.0 -9999.0 -9999.0 -9999.0 -9999.0 -9999.0 -9999.0 -9999.0 -9999.0 -9999.0 -9999.0 -9999.0 -9999.0 -9999.0 -9999.0 -9999.0 -9999.0 -9999.0 -9999.0 -9999.0 -9999.0 -9999.0 -9999.0 -9999.0 -9999.0 -9999.0 -9999.0 -9999.0 -9999.0 -9999.0 -9999.0 -9999.0 -9999.0 -9999.0 -9999.0 -9999.0 -9999.0 -9999.0 -9999.0 -9999.0 -9999.0 -9999.0 -9999.0 -9999.0 -9999.0 -9999.0 -9999.0 -9999.0 -9999.0 -9999.0 -9999.0 -9999.0 -9999.0 -9999.0 -9999.0 -9999.0 -9999.0 -9999.0 -9999.0 -9999.0 -9999.0 -9999.0 -9999.0 -9999.0 -9999.0 -9999.0 -9999.0 -9999.0 -9999.0 -9999.0 -9999.0 -9999.0 -9999.0 -9999.0 -9999.0 -9999.0 -9999.0 -9999.0 -9999.0 -9999.0 -9999.0 -9999.0
-9999.0 -9999.0 -9999.0 -9999.0 -9999.0 -9999.0 -9999.0 -9999.0 -9999.0 -9999.0 -9999.0 -9999.0 -9999.0 -9999.0 -9999.0 -9999.0 -9999.0 -9999.0 -9999.0 -9999.0 -9999.0 -9999.0 -9999.0 -9999.0 -9999.0 -9999.0 -9999.0 -9999.0 -9999.0 -9999.0 -9999.0 -9999.0 -9999.0 -9999.0 -9999.0 -9999.0 -9999.0 -9999.0 -9999.0 -9999.0 -9999.0 -9999.0 -9999.0 -9999.0 -9999.0 -9999.0 -9999.0 -9999.0 -9999.0 -9999.0 -9999.0 -9999.0 -9999.0 -9999.0 -9999.0 -9999.0 -9999.0 -9999.0 -9999.0 -9999.0 -9999.0 -9999.0 -9999.0 -9999.0 -9999.0 -9999.0 -9999.0 -9999.0 -9999.0 -9999.0 -9999.0 -9999.0 -9999.0 -9999.0 -9999.0 -9999.0 -9999.0 -9999.0 -9999.0 -9999.0 -9999.0 -9999.0 -9999.0 -9999.0 -9999.0 -9999.0 -9999.0 -9999.0 -9999.0 -9999.0 -9999.0 -9999.0 -9999.0 -9999.0 -9999.0 -9999.0 -9999.0 -9999.0 -9999.0 -9999.0 -9999.0 -9999.0 -9999.0 -9999.0