inst/processing_geotop_simulation/geotop_simulation/out/maps3D/PwL0003N0348.asc
ncols         104
nrows         10
xllcorner     -2.000000
yllcorner     0.000000
cellsize      1.000000
NODATA_value  -9999.0
-9999.0 -9999.0 -9999.0 -9999.0 -9999.0 -9999.0 -9999.0 -9999.0 -9999.0 -9999.0 -9999.0 -9999.0 -9999.0 -9999.0 -9999.0 -9999.0 -9999.0 -9999.0 -9999.0 -9999.0 -9999.0 -9999.0 -9999.0 -9999.0 -9999.0 -9999.0 -9999.0 -9999.0 -9999.0 -9999.0 -9999.0 -9999.0 -9999.0 -9999.0 -9999.0 -9999.0 -9999.0 -9999.0 -9999.0 -9999.0 -9999.0 -9999.0 -9999.0 -9999.0 -9999.0 -9999.0 -9999.0 -9999.0 -9999.0 -9999.0 -9999.0 -9999.0 -9999.0 -9999.0 -9999.0 -9999.0 -9999.0 -9999.0 -9999.0 -9999.0 -9999.0 -9999.0 -9999.0 -9999.0 -9999.0 -9999.0 -9999.0 -9999.0 -9999.0 -9999.0 -9999.0 -9999.0 -9999.0 -9999.0 -9999.0 -9999.0 -9999.0 -9999.0 -9999.0 -9999.0 -9999.0 -9999.0 -9999.0 -9999.0 -9999.0 -9999.0 -9999.0 -9999.0 -9999.0 -9999.0 -9999.0 -9999.0 -9999.0 -9999.0 -9999.0 -9999.0 -9999.0 -9999.0 -9999.0 -9999.0 -9999.0 -9999.0 -9999.0 -9999.0
-9999.0 -9999.0 -9999.0 -9999.0 -9999.0 -9999.0 -9999.0 -9999.0 -9999.0 -9999.0 -9999.0 -9999.0 -9999.0 -9999.0 -9999.0 -9999.0 -9999.0 -9999.0 -9999.0 -9999.0 -9999.0 -9999.0 -9999.0 -9999.0 -9999.0 -9999.0 -9999.0 -9999.0 -9999.0 -9999.0 -9999.0 -9999.0 -9999.0 -9999.0 -9999.0 -9999.0 -9999.0 -9999.0 -9999.0 -9999.0 -9999.0 -9999.0 -9999.0 -9999.0 -9999.0 -9999.0 -9999.0 -9999.0 -9999.0 -9999.0 -9999.0 -9999.0 -9999.0 -9999.0 -9999.0 -9999.0 -9999.0 -9999.0 -9999.0 -9999.0 -9999.0 -9999.0 -9999.0 -9999.0 -9999.0 -9999.0 -9999.0 -9999.0 -9999.0 -9999.0 -9999.0 -9999.0 -9999.0 -9999.0 -9999.0 -9999.0 -9999.0 -9999.0 -9999.0 -9999.0 -9999.0 -9999.0 -9999.0 -9999.0 -9999.0 -9999.0 -9999.0 -9999.0 -9999.0 -9999.0 -9999.0 -9999.0 -9999.0 -9999.0 -9999.0 -9999.0 -9999.0 -9999.0 -9999.0 -9999.0 -9999.0 -9999.0 -9999.0 -9999.0
-9999.0 -9999.0 125.831318 28.741385 -69.785093 -168.689341 -267.734007 -366.829530 -465.928636 -564.998288 -663.977221 -762.787253 -861.442449 -959.864863 -1058.193606 -1156.505811 -1254.244532 -1351.096704 -1446.455272 -1539.284068 -1627.656394 -1708.469784 -1778.449930 -1835.702232 -1880.281802 -1913.680491 -1937.999943 -1955.341249 -1967.510659 -1975.941914 -1981.721803 -1985.649556 -1988.299810 -1990.078255 -1991.267414 -1992.064110 -1992.615557 -1993.085429 -1993.875998 -1996.183367 -1999.616062 -1950.955828 -1197.395349 -1198.706253 -1187.380633 -1179.952756 -1176.462789 -1175.923840 -1175.865631 -1175.871102 -1175.885791 -1175.901615 -1175.916829 -1175.930922 -1175.944032 -1175.959526 -1176.008777 -1176.334350 -1178.203656 -1182.341893 -1187.957481 -1178.479155 -1926.877431 -1993.594591 -1994.744736 -1993.963038 -1993.758273 -1993.720940 -1993.715249 -1993.714885 -1993.715329 -1993.715808 -1993.716199 -1993.716502 -1993.716736 -1993.716919 -1993.717065 -1993.717185 -1993.717287 -1993.717378 -1993.717469 -1993.717571 -1993.717698 -1993.717874 -1993.718133 -1993.718528 -1993.719149 -1993.720143 -1993.721765 -1993.724462 -1993.729060 -1993.737117 -1993.751664 -1993.778727 -1993.830521 -1993.932521 -1994.140409 -1994.584663 -1995.597899 -1998.117996 -2005.188868 -2028.637232 -9999.0 -9999.0
-9999.0 -9999.0 125.841356 28.743312 -69.784608 -168.689200 -267.733962 -366.829515 -465.928630 -564.998285 -663.977220 -762.787252 -861.442449 -959.864863 -1058.193606 -1156.505811 -1254.244532 -1351.096704 -1446.455272 -1539.284068 -1627.656395 -1708.469784 -1778.449930 -1835.702232 -1880.281802 -1913.680491 -1937.999943 -1955.341249 -1967.510660 -1975.941914 -1981.721803 -1985.649556 -1988.299810 -1990.078255 -1991.267414 -1992.064110 -1992.615557 -1993.085429 -1993.875998 -1996.183367 -1999.616062 -1950.955827 -1197.395349 -1198.706252 -1187.380633 -1179.952756 -1176.462789 -1175.923840 -1175.865631 -1175.871102 -1175.885791 -1175.901615 -1175.916829 -1175.930922 -1175.944032 -1175.959526 -1176.008777 -1176.334350 -1178.203656 -1182.341893 -1187.957481 -1178.479155 -1926.877431 -1993.594591 -1994.744736 -1993.963038 -1993.758273 -1993.720940 -1993.715249 -1993.714885 -1993.715329 -1993.715808 -1993.716199 -1993.716502 -1993.716736 -1993.716919 -1993.717065 -1993.717185 -1993.717287 -1993.717378 -1993.717469 -1993.717571 -1993.717698 -1993.717874 -1993.718133 -1993.718528 -1993.719149 -1993.720143 -1993.721765 -1993.724462 -1993.729060 -1993.737117 -1993.751664 -1993.778727 -1993.830521 -1993.932521 -1994.140409 -1994.584663 -1995.597899 -1998.117996 -2005.188868 -2028.637232 -9999.0 -9999.0
-9999.0 -9999.0 125.842608 28.744090 -69.784302 -168.689089 -267.733923 -366.829500 -465.928625 -564.998283 -663.977219 -762.787252 -861.442449 -959.864862 -1058.193606 -1156.505811 -1254.244532 -1351.096704 -1446.455272 -1539.284068 -1627.656395 -1708.469784 -1778.449930 -1835.702232 -1880.281803 -1913.680491 -1937.999943 -1955.341249 -1967.510660 -1975.941914 -1981.721803 -1985.649556 -1988.299810 -1990.078255 -1991.267414 -1992.064110 -1992.615557 -1993.085429 -1993.875998 -1996.183367 -1999.616062 -1950.955827 -1197.395349 -1198.706252 -1187.380633 -1179.952755 -1176.462789 -1175.923840 -1175.865631 -1175.871102 -1175.885791 -1175.901615 -1175.916829 -1175.930922 -1175.944032 -1175.959526 -1176.008777 -1176.334350 -1178.203656 -1182.341893 -1187.957481 -1178.479155 -1926.877431 -1993.594591 -1994.744736 -1993.963038 -1993.758273 -1993.720940 -1993.715249 -1993.714885 -1993.715329 -1993.715808 -1993.716199 -1993.716502 -1993.716736 -1993.716919 -1993.717065 -1993.717185 -1993.717287 -1993.717378 -1993.717469 -1993.717571 -1993.717698 -1993.717874 -1993.718133 -1993.718528 -1993.719149 -1993.720143 -1993.721765 -1993.724462 -1993.729060 -1993.737117 -1993.751664 -1993.778727 -1993.830521 -1993.932521 -1994.140409 -1994.584663 -1995.597899 -1998.117996 -2005.188868 -2028.637232 -9999.0 -9999.0
-9999.0 -9999.0 125.842608 28.744090 -69.784302 -168.689089 -267.733922 -366.829500 -465.928625 -564.998283 -663.977219 -762.787252 -861.442449 -959.864862 -1058.193606 -1156.505812 -1254.244532 -1351.096704 -1446.455272 -1539.284068 -1627.656395 -1708.469784 -1778.449930 -1835.702232 -1880.281803 -1913.680491 -1937.999943 -1955.341249 -1967.510660 -1975.941914 -1981.721803 -1985.649556 -1988.299810 -1990.078255 -1991.267414 -1992.064110 -1992.615557 -1993.085429 -1993.875998 -1996.183367 -1999.616062 -1950.955827 -1197.395349 -1198.706252 -1187.380633 -1179.952755 -1176.462789 -1175.923840 -1175.865631 -1175.871102 -1175.885791 -1175.901615 -1175.916829 -1175.930922 -1175.944032 -1175.959526 -1176.008777 -1176.334350 -1178.203656 -1182.341893 -1187.957481 -1178.479155 -1926.877431 -1993.594591 -1994.744736 -1993.963038 -1993.758273 -1993.720940 -1993.715249 -1993.714885 -1993.715329 -1993.715808 -1993.716199 -1993.716502 -1993.716736 -1993.716919 -1993.717065 -1993.717185 -1993.717287 -1993.717378 -1993.717469 -1993.717571 -1993.717698 -1993.717874 -1993.718133 -1993.718528 -1993.719149 -1993.720143 -1993.721765 -1993.724462 -1993.729060 -1993.737117 -1993.751664 -1993.778727 -1993.830521 -1993.932521 -1994.140409 -1994.584663 -1995.597899 -1998.117996 -2005.188868 -2028.637232 -9999.0 -9999.0
-9999.0 -9999.0 125.841356 28.743312 -69.784609 -168.689200 -267.733962 -366.829514 -465.928630 -564.998285 -663.977220 -762.787252 -861.442449 -959.864863 -1058.193606 -1156.505811 -1254.244532 -1351.096704 -1446.455272 -1539.284068 -1627.656395 -1708.469784 -1778.449930 -1835.702232 -1880.281802 -1913.680491 -1937.999943 -1955.341249 -1967.510660 -1975.941914 -1981.721803 -1985.649556 -1988.299810 -1990.078255 -1991.267414 -1992.064110 -1992.615557 -1993.085429 -1993.875998 -1996.183367 -1999.616062 -1950.955827 -1197.395349 -1198.706252 -1187.380633 -1179.952756 -1176.462789 -1175.923840 -1175.865631 -1175.871102 -1175.885791 -1175.901615 -1175.916829 -1175.930922 -1175.944032 -1175.959526 -1176.008777 -1176.334350 -1178.203656 -1182.341893 -1187.957481 -1178.479155 -1926.877431 -1993.594591 -1994.744736 -1993.963038 -1993.758273 -1993.720940 -1993.715249 -1993.714885 -1993.715329 -1993.715808 -1993.716199 -1993.716502 -1993.716736 -1993.716919 -1993.717065 -1993.717185 -1993.717287 -1993.717378 -1993.717469 -1993.717571 -1993.717698 -1993.717874 -1993.718133 -1993.718528 -1993.719149 -1993.720143 -1993.721765 -1993.724462 -1993.729060 -1993.737117 -1993.751664 -1993.778727 -1993.830521 -1993.932521 -1994.140409 -1994.584663 -1995.597899 -1998.117996 -2005.188868 -2028.637232 -9999.0 -9999.0
-9999.0 -9999.0 125.831318 28.741385 -69.785093 -168.689341 -267.734007 -366.829530 -465.928636 -564.998288 -663.977221 -762.787253 -861.442449 -959.864863 -1058.193606 -1156.505811 -1254.244532 -1351.096704 -1446.455272 -1539.284068 -1627.656394 -1708.469784 -1778.449930 -1835.702232 -1880.281802 -1913.680491 -1937.999943 -1955.341249 -1967.510659 -1975.941914 -1981.721803 -1985.649556 -1988.299810 -1990.078255 -1991.267414 -1992.064110 -1992.615557 -1993.085429 -1993.875998 -1996.183367 -1999.616062 -1950.955828 -1197.395349 -1198.706253 -1187.380633 -1179.952756 -1176.462789 -1175.923840 -1175.865631 -1175.871102 -1175.885791 -1175.901615 -1175.916829 -1175.930922 -1175.944032 -1175.959526 -1176.008777 -1176.334350 -1178.203656 -1182.341893 -1187.957481 -1178.479155 -1926.877431 -1993.594591 -1994.744736 -1993.963038 -1993.758273 -1993.720940 -1993.715249 -1993.714885 -1993.715329 -1993.715808 -1993.716199 -1993.716502 -1993.716736 -1993.716919 -1993.717065 -1993.717185 -1993.717287 -1993.717378 -1993.717469 -1993.717571 -1993.717698 -1993.717874 -1993.718133 -1993.718528 -1993.719149 -1993.720143 -1993.721765 -1993.724462 -1993.729060 -1993.737117 -1993.751664 -1993.778727 -1993.830521 -1993.932521 -1994.140409 -1994.584663 -1995.597899 -1998.117996 -2005.188868 -2028.637232 -9999.0 -9999.0
-9999.0 -9999.0 -9999.0 -9999.0 -9999.0 -9999.0 -9999.0 -9999.0 -9999.0 -9999.0 -9999.0 -9999.0 -9999.0 -9999.0 -9999.0 -9999.0 -9999.0 -9999.0 -9999.0 -9999.0 -9999.0 -9999.0 -9999.0 -9999.0 -9999.0 -9999.0 -9999.0 -9999.0 -9999.0 -9999.0 -9999.0 -9999.0 -9999.0 -9999.0 -9999.0 -9999.0 -9999.0 -9999.0 -9999.0 -9999.0 -9999.0 -9999.0 -9999.0 -9999.0 -9999.0 -9999.0 -9999.0 -9999.0 -9999.0 -9999.0 -9999.0 -9999.0 -9999.0 -9999.0 -9999.0 -9999.0 -9999.0 -9999.0 -9999.0 -9999.0 -9999.0 -9999.0 -9999.0 -9999.0 -9999.0 -9999.0 -9999.0 -9999.0 -9999.0 -9999.0 -9999.0 -9999.0 -9999.0 -9999.0 -9999.0 -9999.0 -9999.0 -9999.0 -9999.0 -9999.0 -9999.0 -9999.0 -9999.0 -9999.0 -9999.0 -9999.0 -9999.0 -9999.0 -9999.0 -9999.0 -9999.0 -9999.0 -9999.0 -9999.0 -9999.0 -9999.0 -9999.0 -9999.0 -9999.0 -9999.0 -9999.0 -9999.0 -9999.0 -9999.0
-9999.0 -9999.0 -9999.0 -9999.0 -9999.0 -9999.0 -9999.0 -9999.0 -9999.0 -9999.0 -9999.0 -9999.0 -9999.0 -9999.0 -9999.0 -9999.0 -9999.0 -9999.0 -9999.0 -9999.0 -9999.0 -9999.0 -9999.0 -9999.0 -9999.0 -9999.0 -9999.0 -9999.0 -9999.0 -9999.0 -9999.0 -9999.0 -9999.0 -9999.0 -9999.0 -9999.0 -9999.0 -9999.0 -9999.0 -9999.0 -9999.0 -9999.0 -9999.0 -9999.0 -9999.0 -9999.0 -9999.0 -9999.0 -9999.0 -9999.0 -9999.0 -9999.0 -9999.0 -9999.0 -9999.0 -9999.0 -9999.0 -9999.0 -9999.0 -9999.0 -9999.0 -9999.0 -9999.0 -9999.0 -9999.0 -9999.0 -9999.0 -9999.0 -9999.0 -9999.0 -9999.0 -9999.0 -9999.0 -9999.0 -9999.0 -9999.0 -9999.0 -9999.0 -9999.0 -9999.0 -9999.0 -9999.0 -9999.0 -9999.0 -9999.0 -9999.0 -9999.0 -9999.0 -9999.0 -9999.0 -9999.0 -9999.0 -9999.0 -9999.0 -9999.0 -9999.0 -9999.0 -9999.0 -9999.0 -9999.0 -9999.0 -9999.0 -9999.0 -9999.0