inst/processing_geotop_simulation/geotop_simulation/out/maps3D/PwL0009N0463.asc
ncols         104
nrows         10
xllcorner     -2.000000
yllcorner     0.000000
cellsize      1.000000
NODATA_value  -9999.0
-9999.0 -9999.0 -9999.0 -9999.0 -9999.0 -9999.0 -9999.0 -9999.0 -9999.0 -9999.0 -9999.0 -9999.0 -9999.0 -9999.0 -9999.0 -9999.0 -9999.0 -9999.0 -9999.0 -9999.0 -9999.0 -9999.0 -9999.0 -9999.0 -9999.0 -9999.0 -9999.0 -9999.0 -9999.0 -9999.0 -9999.0 -9999.0 -9999.0 -9999.0 -9999.0 -9999.0 -9999.0 -9999.0 -9999.0 -9999.0 -9999.0 -9999.0 -9999.0 -9999.0 -9999.0 -9999.0 -9999.0 -9999.0 -9999.0 -9999.0 -9999.0 -9999.0 -9999.0 -9999.0 -9999.0 -9999.0 -9999.0 -9999.0 -9999.0 -9999.0 -9999.0 -9999.0 -9999.0 -9999.0 -9999.0 -9999.0 -9999.0 -9999.0 -9999.0 -9999.0 -9999.0 -9999.0 -9999.0 -9999.0 -9999.0 -9999.0 -9999.0 -9999.0 -9999.0 -9999.0 -9999.0 -9999.0 -9999.0 -9999.0 -9999.0 -9999.0 -9999.0 -9999.0 -9999.0 -9999.0 -9999.0 -9999.0 -9999.0 -9999.0 -9999.0 -9999.0 -9999.0 -9999.0 -9999.0 -9999.0 -9999.0 -9999.0 -9999.0 -9999.0
-9999.0 -9999.0 -9999.0 -9999.0 -9999.0 -9999.0 -9999.0 -9999.0 -9999.0 -9999.0 -9999.0 -9999.0 -9999.0 -9999.0 -9999.0 -9999.0 -9999.0 -9999.0 -9999.0 -9999.0 -9999.0 -9999.0 -9999.0 -9999.0 -9999.0 -9999.0 -9999.0 -9999.0 -9999.0 -9999.0 -9999.0 -9999.0 -9999.0 -9999.0 -9999.0 -9999.0 -9999.0 -9999.0 -9999.0 -9999.0 -9999.0 -9999.0 -9999.0 -9999.0 -9999.0 -9999.0 -9999.0 -9999.0 -9999.0 -9999.0 -9999.0 -9999.0 -9999.0 -9999.0 -9999.0 -9999.0 -9999.0 -9999.0 -9999.0 -9999.0 -9999.0 -9999.0 -9999.0 -9999.0 -9999.0 -9999.0 -9999.0 -9999.0 -9999.0 -9999.0 -9999.0 -9999.0 -9999.0 -9999.0 -9999.0 -9999.0 -9999.0 -9999.0 -9999.0 -9999.0 -9999.0 -9999.0 -9999.0 -9999.0 -9999.0 -9999.0 -9999.0 -9999.0 -9999.0 -9999.0 -9999.0 -9999.0 -9999.0 -9999.0 -9999.0 -9999.0 -9999.0 -9999.0 -9999.0 -9999.0 -9999.0 -9999.0 -9999.0 -9999.0
-9999.0 -9999.0 422.649173 323.955176 224.812028 125.475512 26.059380 -73.387025 -172.843336 -272.297773 -371.738591 -471.149472 -570.499022 -669.726481 -768.870814 -868.035079 -967.132632 -1066.158037 -1164.877416 -1262.805784 -1359.412059 -1453.360518 -1542.467594 -1624.060885 -1695.772050 -1756.214743 -1805.205136 -1843.566816 -1872.740397 -1894.398117 -1910.165627 -1921.467332 -1929.468638 -1935.078587 -1938.982938 -1941.689800 -1943.585739 -1945.034127 -1946.612127 -1949.342119 -1950.666181 -1905.837579 -1290.940239 -1384.284565 -1356.038119 -1336.931717 -1328.095632 -1326.791570 -1326.652455 -1326.663929 -1326.696747 -1326.732149 -1326.766182 -1326.797705 -1326.827044 -1326.861927 -1326.975044 -1327.742862 -1332.390387 -1342.750394 -1353.539844 -1246.185099 -1872.207015 -1943.921753 -1948.359595 -1947.901863 -1947.679152 -1947.628400 -1947.619384 -1947.618294 -1947.618524 -1947.618904 -1947.619240 -1947.619514 -1947.619736 -1947.619919 -1947.620075 -1947.620212 -1947.620336 -1947.620455 -1947.620574 -1947.620705 -1947.620859 -1947.621054 -1947.621320 -1947.621700 -1947.622270 -1947.623151 -1947.624560 -1947.626878 -1947.630817 -1947.637730 -1947.650277 -1947.673805 -1947.719378 -1947.810812 -1948.002457 -1948.427653 -1949.441221 -1952.081782 -1959.753080 -1985.016511 -9999.0 -9999.0
-9999.0 -9999.0 422.654986 323.956721 224.812451 125.475639 26.059421 -73.387011 -172.843331 -272.297771 -371.738590 -471.149472 -570.499022 -669.726481 -768.870813 -868.035079 -967.132632 -1066.158037 -1164.877416 -1262.805784 -1359.412059 -1453.360518 -1542.467594 -1624.060885 -1695.772050 -1756.214743 -1805.205136 -1843.566816 -1872.740397 -1894.398117 -1910.165627 -1921.467332 -1929.468638 -1935.078587 -1938.982938 -1941.689800 -1943.585739 -1945.034127 -1946.612127 -1949.342119 -1950.666181 -1905.837579 -1290.940239 -1384.284565 -1356.038118 -1336.931717 -1328.095632 -1326.791570 -1326.652455 -1326.663929 -1326.696747 -1326.732149 -1326.766182 -1326.797705 -1326.827044 -1326.861927 -1326.975044 -1327.742862 -1332.390387 -1342.750394 -1353.539844 -1246.185099 -1872.207015 -1943.921753 -1948.359595 -1947.901863 -1947.679152 -1947.628400 -1947.619384 -1947.618294 -1947.618524 -1947.618904 -1947.619240 -1947.619514 -1947.619736 -1947.619919 -1947.620075 -1947.620212 -1947.620336 -1947.620455 -1947.620574 -1947.620705 -1947.620859 -1947.621054 -1947.621320 -1947.621700 -1947.622270 -1947.623151 -1947.624560 -1947.626878 -1947.630817 -1947.637730 -1947.650277 -1947.673805 -1947.719378 -1947.810812 -1948.002457 -1948.427653 -1949.441221 -1952.081782 -1959.753080 -1985.016511 -9999.0 -9999.0
-9999.0 -9999.0 422.656273 323.957402 224.812723 125.475739 26.059457 -73.386998 -172.843327 -272.297769 -371.738589 -471.149471 -570.499022 -669.726481 -768.870813 -868.035079 -967.132632 -1066.158037 -1164.877417 -1262.805784 -1359.412059 -1453.360518 -1542.467594 -1624.060885 -1695.772050 -1756.214743 -1805.205136 -1843.566816 -1872.740397 -1894.398117 -1910.165627 -1921.467332 -1929.468638 -1935.078587 -1938.982938 -1941.689800 -1943.585739 -1945.034127 -1946.612127 -1949.342119 -1950.666181 -1905.837579 -1290.940239 -1384.284565 -1356.038118 -1336.931717 -1328.095632 -1326.791570 -1326.652455 -1326.663929 -1326.696747 -1326.732149 -1326.766182 -1326.797705 -1326.827044 -1326.861927 -1326.975044 -1327.742862 -1332.390387 -1342.750394 -1353.539844 -1246.185099 -1872.207015 -1943.921753 -1948.359595 -1947.901863 -1947.679152 -1947.628400 -1947.619384 -1947.618294 -1947.618524 -1947.618904 -1947.619240 -1947.619514 -1947.619736 -1947.619919 -1947.620075 -1947.620212 -1947.620336 -1947.620455 -1947.620574 -1947.620705 -1947.620859 -1947.621054 -1947.621320 -1947.621700 -1947.622270 -1947.623151 -1947.624560 -1947.626878 -1947.630817 -1947.637730 -1947.650277 -1947.673805 -1947.719378 -1947.810812 -1948.002457 -1948.427653 -1949.441221 -1952.081782 -1959.753080 -1985.016511 -9999.0 -9999.0
-9999.0 -9999.0 422.656273 323.957402 224.812723 125.475739 26.059457 -73.386998 -172.843327 -272.297769 -371.738589 -471.149471 -570.499022 -669.726481 -768.870813 -868.035079 -967.132632 -1066.158037 -1164.877416 -1262.805784 -1359.412059 -1453.360518 -1542.467594 -1624.060885 -1695.772050 -1756.214743 -1805.205136 -1843.566816 -1872.740397 -1894.398117 -1910.165627 -1921.467332 -1929.468638 -1935.078587 -1938.982938 -1941.689800 -1943.585739 -1945.034127 -1946.612127 -1949.342119 -1950.666181 -1905.837579 -1290.940239 -1384.284565 -1356.038118 -1336.931717 -1328.095632 -1326.791570 -1326.652455 -1326.663929 -1326.696747 -1326.732149 -1326.766182 -1326.797705 -1326.827044 -1326.861927 -1326.975044 -1327.742862 -1332.390387 -1342.750394 -1353.539844 -1246.185099 -1872.207015 -1943.921753 -1948.359595 -1947.901863 -1947.679152 -1947.628400 -1947.619384 -1947.618294 -1947.618524 -1947.618904 -1947.619240 -1947.619514 -1947.619736 -1947.619919 -1947.620075 -1947.620212 -1947.620336 -1947.620455 -1947.620574 -1947.620705 -1947.620859 -1947.621054 -1947.621320 -1947.621700 -1947.622270 -1947.623151 -1947.624560 -1947.626878 -1947.630817 -1947.637730 -1947.650277 -1947.673805 -1947.719378 -1947.810812 -1948.002457 -1948.427653 -1949.441221 -1952.081782 -1959.753080 -1985.016511 -9999.0 -9999.0
-9999.0 -9999.0 422.654986 323.956721 224.812451 125.475639 26.059421 -73.387011 -172.843331 -272.297771 -371.738590 -471.149471 -570.499022 -669.726481 -768.870813 -868.035079 -967.132632 -1066.158037 -1164.877416 -1262.805784 -1359.412059 -1453.360518 -1542.467594 -1624.060885 -1695.772050 -1756.214743 -1805.205136 -1843.566816 -1872.740397 -1894.398117 -1910.165627 -1921.467332 -1929.468638 -1935.078587 -1938.982938 -1941.689800 -1943.585739 -1945.034127 -1946.612127 -1949.342119 -1950.666181 -1905.837579 -1290.940239 -1384.284565 -1356.038118 -1336.931717 -1328.095632 -1326.791570 -1326.652455 -1326.663929 -1326.696747 -1326.732149 -1326.766182 -1326.797705 -1326.827044 -1326.861927 -1326.975044 -1327.742862 -1332.390387 -1342.750394 -1353.539844 -1246.185099 -1872.207015 -1943.921753 -1948.359595 -1947.901863 -1947.679152 -1947.628400 -1947.619384 -1947.618294 -1947.618524 -1947.618904 -1947.619240 -1947.619514 -1947.619736 -1947.619919 -1947.620075 -1947.620212 -1947.620336 -1947.620455 -1947.620574 -1947.620705 -1947.620859 -1947.621054 -1947.621320 -1947.621700 -1947.622270 -1947.623151 -1947.624560 -1947.626878 -1947.630817 -1947.637730 -1947.650277 -1947.673805 -1947.719378 -1947.810812 -1948.002457 -1948.427653 -1949.441221 -1952.081782 -1959.753080 -1985.016511 -9999.0 -9999.0
-9999.0 -9999.0 422.649173 323.955176 224.812028 125.475512 26.059380 -73.387025 -172.843336 -272.297773 -371.738591 -471.149472 -570.499022 -669.726481 -768.870813 -868.035079 -967.132632 -1066.158037 -1164.877416 -1262.805784 -1359.412058 -1453.360518 -1542.467594 -1624.060885 -1695.772050 -1756.214743 -1805.205136 -1843.566816 -1872.740397 -1894.398117 -1910.165627 -1921.467332 -1929.468638 -1935.078587 -1938.982938 -1941.689800 -1943.585739 -1945.034127 -1946.612127 -1949.342119 -1950.666181 -1905.837579 -1290.940239 -1384.284565 -1356.038119 -1336.931717 -1328.095632 -1326.791570 -1326.652455 -1326.663929 -1326.696747 -1326.732149 -1326.766182 -1326.797705 -1326.827044 -1326.861927 -1326.975044 -1327.742862 -1332.390387 -1342.750394 -1353.539844 -1246.185099 -1872.207015 -1943.921753 -1948.359595 -1947.901863 -1947.679152 -1947.628400 -1947.619384 -1947.618294 -1947.618524 -1947.618904 -1947.619240 -1947.619514 -1947.619736 -1947.619919 -1947.620075 -1947.620212 -1947.620336 -1947.620455 -1947.620574 -1947.620705 -1947.620859 -1947.621054 -1947.621320 -1947.621700 -1947.622270 -1947.623151 -1947.624560 -1947.626878 -1947.630817 -1947.637730 -1947.650277 -1947.673805 -1947.719378 -1947.810812 -1948.002457 -1948.427653 -1949.441221 -1952.081782 -1959.753080 -1985.016511 -9999.0 -9999.0
-9999.0 -9999.0 -9999.0 -9999.0 -9999.0 -9999.0 -9999.0 -9999.0 -9999.0 -9999.0 -9999.0 -9999.0 -9999.0 -9999.0 -9999.0 -9999.0 -9999.0 -9999.0 -9999.0 -9999.0 -9999.0 -9999.0 -9999.0 -9999.0 -9999.0 -9999.0 -9999.0 -9999.0 -9999.0 -9999.0 -9999.0 -9999.0 -9999.0 -9999.0 -9999.0 -9999.0 -9999.0 -9999.0 -9999.0 -9999.0 -9999.0 -9999.0 -9999.0 -9999.0 -9999.0 -9999.0 -9999.0 -9999.0 -9999.0 -9999.0 -9999.0 -9999.0 -9999.0 -9999.0 -9999.0 -9999.0 -9999.0 -9999.0 -9999.0 -9999.0 -9999.0 -9999.0 -9999.0 -9999.0 -9999.0 -9999.0 -9999.0 -9999.0 -9999.0 -9999.0 -9999.0 -9999.0 -9999.0 -9999.0 -9999.0 -9999.0 -9999.0 -9999.0 -9999.0 -9999.0 -9999.0 -9999.0 -9999.0 -9999.0 -9999.0 -9999.0 -9999.0 -9999.0 -9999.0 -9999.0 -9999.0 -9999.0 -9999.0 -9999.0 -9999.0 -9999.0 -9999.0 -9999.0 -9999.0 -9999.0 -9999.0 -9999.0 -9999.0 -9999.0
-9999.0 -9999.0 -9999.0 -9999.0 -9999.0 -9999.0 -9999.0 -9999.0 -9999.0 -9999.0 -9999.0 -9999.0 -9999.0 -9999.0 -9999.0 -9999.0 -9999.0 -9999.0 -9999.0 -9999.0 -9999.0 -9999.0 -9999.0 -9999.0 -9999.0 -9999.0 -9999.0 -9999.0 -9999.0 -9999.0 -9999.0 -9999.0 -9999.0 -9999.0 -9999.0 -9999.0 -9999.0 -9999.0 -9999.0 -9999.0 -9999.0 -9999.0 -9999.0 -9999.0 -9999.0 -9999.0 -9999.0 -9999.0 -9999.0 -9999.0 -9999.0 -9999.0 -9999.0 -9999.0 -9999.0 -9999.0 -9999.0 -9999.0 -9999.0 -9999.0 -9999.0 -9999.0 -9999.0 -9999.0 -9999.0 -9999.0 -9999.0 -9999.0 -9999.0 -9999.0 -9999.0 -9999.0 -9999.0 -9999.0 -9999.0 -9999.0 -9999.0 -9999.0 -9999.0 -9999.0 -9999.0 -9999.0 -9999.0 -9999.0 -9999.0 -9999.0 -9999.0 -9999.0 -9999.0 -9999.0 -9999.0 -9999.0 -9999.0 -9999.0 -9999.0 -9999.0 -9999.0 -9999.0 -9999.0 -9999.0 -9999.0 -9999.0 -9999.0 -9999.0