inst/processing_geotop_simulation/geotop_simulation/out/maps3D/PwL0008N0145.asc
ncols         104
nrows         10
xllcorner     -2.000000
yllcorner     0.000000
cellsize      1.000000
NODATA_value  -9999.0
-9999.0 -9999.0 -9999.0 -9999.0 -9999.0 -9999.0 -9999.0 -9999.0 -9999.0 -9999.0 -9999.0 -9999.0 -9999.0 -9999.0 -9999.0 -9999.0 -9999.0 -9999.0 -9999.0 -9999.0 -9999.0 -9999.0 -9999.0 -9999.0 -9999.0 -9999.0 -9999.0 -9999.0 -9999.0 -9999.0 -9999.0 -9999.0 -9999.0 -9999.0 -9999.0 -9999.0 -9999.0 -9999.0 -9999.0 -9999.0 -9999.0 -9999.0 -9999.0 -9999.0 -9999.0 -9999.0 -9999.0 -9999.0 -9999.0 -9999.0 -9999.0 -9999.0 -9999.0 -9999.0 -9999.0 -9999.0 -9999.0 -9999.0 -9999.0 -9999.0 -9999.0 -9999.0 -9999.0 -9999.0 -9999.0 -9999.0 -9999.0 -9999.0 -9999.0 -9999.0 -9999.0 -9999.0 -9999.0 -9999.0 -9999.0 -9999.0 -9999.0 -9999.0 -9999.0 -9999.0 -9999.0 -9999.0 -9999.0 -9999.0 -9999.0 -9999.0 -9999.0 -9999.0 -9999.0 -9999.0 -9999.0 -9999.0 -9999.0 -9999.0 -9999.0 -9999.0 -9999.0 -9999.0 -9999.0 -9999.0 -9999.0 -9999.0 -9999.0 -9999.0
-9999.0 -9999.0 -9999.0 -9999.0 -9999.0 -9999.0 -9999.0 -9999.0 -9999.0 -9999.0 -9999.0 -9999.0 -9999.0 -9999.0 -9999.0 -9999.0 -9999.0 -9999.0 -9999.0 -9999.0 -9999.0 -9999.0 -9999.0 -9999.0 -9999.0 -9999.0 -9999.0 -9999.0 -9999.0 -9999.0 -9999.0 -9999.0 -9999.0 -9999.0 -9999.0 -9999.0 -9999.0 -9999.0 -9999.0 -9999.0 -9999.0 -9999.0 -9999.0 -9999.0 -9999.0 -9999.0 -9999.0 -9999.0 -9999.0 -9999.0 -9999.0 -9999.0 -9999.0 -9999.0 -9999.0 -9999.0 -9999.0 -9999.0 -9999.0 -9999.0 -9999.0 -9999.0 -9999.0 -9999.0 -9999.0 -9999.0 -9999.0 -9999.0 -9999.0 -9999.0 -9999.0 -9999.0 -9999.0 -9999.0 -9999.0 -9999.0 -9999.0 -9999.0 -9999.0 -9999.0 -9999.0 -9999.0 -9999.0 -9999.0 -9999.0 -9999.0 -9999.0 -9999.0 -9999.0 -9999.0 -9999.0 -9999.0 -9999.0 -9999.0 -9999.0 -9999.0 -9999.0 -9999.0 -9999.0 -9999.0 -9999.0 -9999.0 -9999.0 -9999.0
-9999.0 -9999.0 385.095378 295.756593 202.539519 107.765974 12.357453 -83.298023 -179.037037 -274.729933 -370.244584 -465.364276 -559.760730 -653.290827 -747.721322 -841.861811 -935.939260 -1029.945240 -1122.377304 -1206.154718 -1273.341950 -1322.677237 -1356.334177 -1378.197039 -1392.094926 -1400.955289 -1406.712284 -1410.537997 -1413.121320 -1414.877014 -1416.069877 -1416.877249 -1417.421099 -1417.785643 -1418.028741 -1418.191733 -1418.311233 -1418.438818 -1418.740694 -1420.310445 -1429.328316 -1467.255964 -1211.667272 -1317.832079 -1267.613505 -1237.888524 -1224.360459 -1222.616711 -1222.441859 -1222.462553 -1222.511345 -1222.563490 -1222.613536 -1222.659840 -1222.702599 -1222.750436 -1222.889097 -1223.866336 -1230.791195 -1246.671971 -1272.564187 -1143.984041 -1441.962885 -1424.860706 -1419.591646 -1418.752978 -1418.629661 -1418.610446 -1418.608314 -1418.609205 -1418.610437 -1418.611486 -1418.612298 -1418.612913 -1418.613382 -1418.613746 -1418.614034 -1418.614265 -1418.614458 -1418.614628 -1418.614793 -1418.614976 -1418.615206 -1418.615523 -1418.615993 -1418.616714 -1418.617846 -1418.619656 -1418.622588 -1418.627420 -1418.635546 -1418.649558 -1418.674429 -1418.719924 -1418.805483 -1418.970198 -1419.294030 -1419.947750 -1421.325323 -1424.422701 -1432.043359 -1454.277928 -9999.0 -9999.0
-9999.0 -9999.0 385.103486 295.758666 202.540080 107.766142 12.357506 -83.298005 -179.037031 -274.729931 -370.244583 -465.364275 -559.760730 -653.290827 -747.721323 -841.861811 -935.939260 -1029.945240 -1122.377305 -1206.154718 -1273.341950 -1322.677237 -1356.334177 -1378.197039 -1392.094926 -1400.955289 -1406.712284 -1410.537997 -1413.121320 -1414.877014 -1416.069877 -1416.877249 -1417.421099 -1417.785643 -1418.028741 -1418.191733 -1418.311233 -1418.438818 -1418.740694 -1420.310445 -1429.328316 -1467.255964 -1211.667272 -1317.832079 -1267.613505 -1237.888523 -1224.360459 -1222.616711 -1222.441859 -1222.462553 -1222.511345 -1222.563490 -1222.613536 -1222.659840 -1222.702599 -1222.750436 -1222.889097 -1223.866336 -1230.791195 -1246.671971 -1272.564187 -1143.984041 -1441.962885 -1424.860706 -1419.591646 -1418.752978 -1418.629661 -1418.610446 -1418.608314 -1418.609205 -1418.610437 -1418.611486 -1418.612298 -1418.612913 -1418.613382 -1418.613746 -1418.614034 -1418.614265 -1418.614458 -1418.614628 -1418.614793 -1418.614976 -1418.615206 -1418.615523 -1418.615993 -1418.616714 -1418.617846 -1418.619656 -1418.622588 -1418.627420 -1418.635546 -1418.649558 -1418.674429 -1418.719924 -1418.805483 -1418.970198 -1419.294030 -1419.947750 -1421.325323 -1424.422701 -1432.043359 -1454.277928 -9999.0 -9999.0
-9999.0 -9999.0 385.105151 295.759559 202.540438 107.766273 12.357553 -83.297989 -179.037025 -274.729929 -370.244583 -465.364275 -559.760729 -653.290827 -747.721323 -841.861811 -935.939260 -1029.945240 -1122.377305 -1206.154718 -1273.341950 -1322.677237 -1356.334177 -1378.197039 -1392.094926 -1400.955289 -1406.712284 -1410.537997 -1413.121320 -1414.877014 -1416.069877 -1416.877249 -1417.421099 -1417.785643 -1418.028741 -1418.191733 -1418.311233 -1418.438818 -1418.740694 -1420.310445 -1429.328316 -1467.255964 -1211.667272 -1317.832079 -1267.613504 -1237.888523 -1224.360459 -1222.616711 -1222.441859 -1222.462553 -1222.511345 -1222.563490 -1222.613536 -1222.659840 -1222.702599 -1222.750436 -1222.889097 -1223.866336 -1230.791195 -1246.671971 -1272.564187 -1143.984041 -1441.962885 -1424.860706 -1419.591646 -1418.752978 -1418.629661 -1418.610446 -1418.608314 -1418.609205 -1418.610437 -1418.611486 -1418.612298 -1418.612913 -1418.613382 -1418.613746 -1418.614034 -1418.614265 -1418.614458 -1418.614628 -1418.614793 -1418.614976 -1418.615206 -1418.615523 -1418.615993 -1418.616714 -1418.617846 -1418.619656 -1418.622588 -1418.627420 -1418.635546 -1418.649558 -1418.674429 -1418.719924 -1418.805483 -1418.970198 -1419.294030 -1419.947750 -1421.325323 -1424.422701 -1432.043359 -1454.277928 -9999.0 -9999.0
-9999.0 -9999.0 385.105151 295.759559 202.540438 107.766273 12.357553 -83.297989 -179.037025 -274.729929 -370.244583 -465.364275 -559.760730 -653.290827 -747.721323 -841.861811 -935.939260 -1029.945240 -1122.377305 -1206.154718 -1273.341950 -1322.677237 -1356.334177 -1378.197039 -1392.094926 -1400.955289 -1406.712284 -1410.537997 -1413.121320 -1414.877014 -1416.069877 -1416.877249 -1417.421099 -1417.785643 -1418.028741 -1418.191733 -1418.311233 -1418.438818 -1418.740694 -1420.310445 -1429.328316 -1467.255964 -1211.667272 -1317.832079 -1267.613504 -1237.888522 -1224.360459 -1222.616711 -1222.441859 -1222.462553 -1222.511345 -1222.563490 -1222.613536 -1222.659840 -1222.702599 -1222.750436 -1222.889097 -1223.866336 -1230.791195 -1246.671971 -1272.564187 -1143.984041 -1441.962885 -1424.860706 -1419.591646 -1418.752978 -1418.629661 -1418.610446 -1418.608314 -1418.609205 -1418.610437 -1418.611486 -1418.612298 -1418.612913 -1418.613382 -1418.613746 -1418.614034 -1418.614265 -1418.614458 -1418.614628 -1418.614793 -1418.614976 -1418.615206 -1418.615523 -1418.615993 -1418.616714 -1418.617846 -1418.619656 -1418.622588 -1418.627420 -1418.635546 -1418.649558 -1418.674429 -1418.719924 -1418.805483 -1418.970198 -1419.294030 -1419.947750 -1421.325323 -1424.422701 -1432.043359 -1454.277928 -9999.0 -9999.0
-9999.0 -9999.0 385.103486 295.758666 202.540080 107.766141 12.357506 -83.298005 -179.037031 -274.729931 -370.244583 -465.364275 -559.760730 -653.290827 -747.721323 -841.861811 -935.939260 -1029.945240 -1122.377305 -1206.154718 -1273.341950 -1322.677237 -1356.334177 -1378.197039 -1392.094926 -1400.955289 -1406.712284 -1410.537997 -1413.121320 -1414.877014 -1416.069877 -1416.877249 -1417.421099 -1417.785643 -1418.028741 -1418.191733 -1418.311233 -1418.438818 -1418.740694 -1420.310445 -1429.328316 -1467.255964 -1211.667272 -1317.832079 -1267.613505 -1237.888523 -1224.360459 -1222.616711 -1222.441859 -1222.462553 -1222.511345 -1222.563490 -1222.613536 -1222.659840 -1222.702599 -1222.750436 -1222.889097 -1223.866336 -1230.791195 -1246.671971 -1272.564187 -1143.984041 -1441.962885 -1424.860706 -1419.591646 -1418.752978 -1418.629661 -1418.610446 -1418.608314 -1418.609205 -1418.610437 -1418.611486 -1418.612298 -1418.612913 -1418.613382 -1418.613746 -1418.614034 -1418.614265 -1418.614458 -1418.614628 -1418.614793 -1418.614976 -1418.615206 -1418.615523 -1418.615993 -1418.616714 -1418.617846 -1418.619656 -1418.622588 -1418.627420 -1418.635546 -1418.649558 -1418.674429 -1418.719924 -1418.805483 -1418.970198 -1419.294030 -1419.947750 -1421.325323 -1424.422701 -1432.043359 -1454.277928 -9999.0 -9999.0
-9999.0 -9999.0 385.095378 295.756593 202.539519 107.765974 12.357453 -83.298023 -179.037037 -274.729933 -370.244584 -465.364275 -559.760730 -653.290827 -747.721322 -841.861811 -935.939260 -1029.945240 -1122.377305 -1206.154718 -1273.341950 -1322.677237 -1356.334177 -1378.197039 -1392.094926 -1400.955289 -1406.712284 -1410.537997 -1413.121320 -1414.877014 -1416.069877 -1416.877249 -1417.421099 -1417.785643 -1418.028741 -1418.191733 -1418.311233 -1418.438818 -1418.740694 -1420.310445 -1429.328316 -1467.255964 -1211.667272 -1317.832079 -1267.613505 -1237.888524 -1224.360459 -1222.616711 -1222.441859 -1222.462553 -1222.511345 -1222.563490 -1222.613536 -1222.659840 -1222.702599 -1222.750436 -1222.889097 -1223.866336 -1230.791195 -1246.671971 -1272.564187 -1143.984041 -1441.962885 -1424.860706 -1419.591646 -1418.752978 -1418.629661 -1418.610446 -1418.608314 -1418.609205 -1418.610437 -1418.611486 -1418.612298 -1418.612913 -1418.613382 -1418.613746 -1418.614034 -1418.614265 -1418.614458 -1418.614628 -1418.614793 -1418.614976 -1418.615206 -1418.615523 -1418.615993 -1418.616714 -1418.617846 -1418.619656 -1418.622588 -1418.627420 -1418.635546 -1418.649558 -1418.674429 -1418.719924 -1418.805483 -1418.970198 -1419.294030 -1419.947750 -1421.325323 -1424.422701 -1432.043359 -1454.277928 -9999.0 -9999.0
-9999.0 -9999.0 -9999.0 -9999.0 -9999.0 -9999.0 -9999.0 -9999.0 -9999.0 -9999.0 -9999.0 -9999.0 -9999.0 -9999.0 -9999.0 -9999.0 -9999.0 -9999.0 -9999.0 -9999.0 -9999.0 -9999.0 -9999.0 -9999.0 -9999.0 -9999.0 -9999.0 -9999.0 -9999.0 -9999.0 -9999.0 -9999.0 -9999.0 -9999.0 -9999.0 -9999.0 -9999.0 -9999.0 -9999.0 -9999.0 -9999.0 -9999.0 -9999.0 -9999.0 -9999.0 -9999.0 -9999.0 -9999.0 -9999.0 -9999.0 -9999.0 -9999.0 -9999.0 -9999.0 -9999.0 -9999.0 -9999.0 -9999.0 -9999.0 -9999.0 -9999.0 -9999.0 -9999.0 -9999.0 -9999.0 -9999.0 -9999.0 -9999.0 -9999.0 -9999.0 -9999.0 -9999.0 -9999.0 -9999.0 -9999.0 -9999.0 -9999.0 -9999.0 -9999.0 -9999.0 -9999.0 -9999.0 -9999.0 -9999.0 -9999.0 -9999.0 -9999.0 -9999.0 -9999.0 -9999.0 -9999.0 -9999.0 -9999.0 -9999.0 -9999.0 -9999.0 -9999.0 -9999.0 -9999.0 -9999.0 -9999.0 -9999.0 -9999.0 -9999.0
-9999.0 -9999.0 -9999.0 -9999.0 -9999.0 -9999.0 -9999.0 -9999.0 -9999.0 -9999.0 -9999.0 -9999.0 -9999.0 -9999.0 -9999.0 -9999.0 -9999.0 -9999.0 -9999.0 -9999.0 -9999.0 -9999.0 -9999.0 -9999.0 -9999.0 -9999.0 -9999.0 -9999.0 -9999.0 -9999.0 -9999.0 -9999.0 -9999.0 -9999.0 -9999.0 -9999.0 -9999.0 -9999.0 -9999.0 -9999.0 -9999.0 -9999.0 -9999.0 -9999.0 -9999.0 -9999.0 -9999.0 -9999.0 -9999.0 -9999.0 -9999.0 -9999.0 -9999.0 -9999.0 -9999.0 -9999.0 -9999.0 -9999.0 -9999.0 -9999.0 -9999.0 -9999.0 -9999.0 -9999.0 -9999.0 -9999.0 -9999.0 -9999.0 -9999.0 -9999.0 -9999.0 -9999.0 -9999.0 -9999.0 -9999.0 -9999.0 -9999.0 -9999.0 -9999.0 -9999.0 -9999.0 -9999.0 -9999.0 -9999.0 -9999.0 -9999.0 -9999.0 -9999.0 -9999.0 -9999.0 -9999.0 -9999.0 -9999.0 -9999.0 -9999.0 -9999.0 -9999.0 -9999.0 -9999.0 -9999.0 -9999.0 -9999.0 -9999.0 -9999.0