inst/processing_geotop_simulation/geotop_simulation/out/maps3D/PwL0021N0213.asc
ncols         104
nrows         10
xllcorner     -2.000000
yllcorner     0.000000
cellsize      1.000000
NODATA_value  -9999.0
-9999.0 -9999.0 -9999.0 -9999.0 -9999.0 -9999.0 -9999.0 -9999.0 -9999.0 -9999.0 -9999.0 -9999.0 -9999.0 -9999.0 -9999.0 -9999.0 -9999.0 -9999.0 -9999.0 -9999.0 -9999.0 -9999.0 -9999.0 -9999.0 -9999.0 -9999.0 -9999.0 -9999.0 -9999.0 -9999.0 -9999.0 -9999.0 -9999.0 -9999.0 -9999.0 -9999.0 -9999.0 -9999.0 -9999.0 -9999.0 -9999.0 -9999.0 -9999.0 -9999.0 -9999.0 -9999.0 -9999.0 -9999.0 -9999.0 -9999.0 -9999.0 -9999.0 -9999.0 -9999.0 -9999.0 -9999.0 -9999.0 -9999.0 -9999.0 -9999.0 -9999.0 -9999.0 -9999.0 -9999.0 -9999.0 -9999.0 -9999.0 -9999.0 -9999.0 -9999.0 -9999.0 -9999.0 -9999.0 -9999.0 -9999.0 -9999.0 -9999.0 -9999.0 -9999.0 -9999.0 -9999.0 -9999.0 -9999.0 -9999.0 -9999.0 -9999.0 -9999.0 -9999.0 -9999.0 -9999.0 -9999.0 -9999.0 -9999.0 -9999.0 -9999.0 -9999.0 -9999.0 -9999.0 -9999.0 -9999.0 -9999.0 -9999.0 -9999.0 -9999.0
-9999.0 -9999.0 -9999.0 -9999.0 -9999.0 -9999.0 -9999.0 -9999.0 -9999.0 -9999.0 -9999.0 -9999.0 -9999.0 -9999.0 -9999.0 -9999.0 -9999.0 -9999.0 -9999.0 -9999.0 -9999.0 -9999.0 -9999.0 -9999.0 -9999.0 -9999.0 -9999.0 -9999.0 -9999.0 -9999.0 -9999.0 -9999.0 -9999.0 -9999.0 -9999.0 -9999.0 -9999.0 -9999.0 -9999.0 -9999.0 -9999.0 -9999.0 -9999.0 -9999.0 -9999.0 -9999.0 -9999.0 -9999.0 -9999.0 -9999.0 -9999.0 -9999.0 -9999.0 -9999.0 -9999.0 -9999.0 -9999.0 -9999.0 -9999.0 -9999.0 -9999.0 -9999.0 -9999.0 -9999.0 -9999.0 -9999.0 -9999.0 -9999.0 -9999.0 -9999.0 -9999.0 -9999.0 -9999.0 -9999.0 -9999.0 -9999.0 -9999.0 -9999.0 -9999.0 -9999.0 -9999.0 -9999.0 -9999.0 -9999.0 -9999.0 -9999.0 -9999.0 -9999.0 -9999.0 -9999.0 -9999.0 -9999.0 -9999.0 -9999.0 -9999.0 -9999.0 -9999.0 -9999.0 -9999.0 -9999.0 -9999.0 -9999.0 -9999.0 -9999.0
-9999.0 -9999.0 1025.679503 928.656831 831.499852 733.996669 636.293022 538.497800 440.673318 342.854143 245.059655 147.300775 49.583612 -48.076392 -145.672493 -243.160766 -340.437744 -437.307596 -533.433949 -628.225132 -722.106052 -815.852855 -908.322226 -999.269924 -1081.302868 -1147.592636 -1202.320204 -1245.625306 -1278.584036 -1302.832432 -1320.175958 -1332.303391 -1340.636405 -1346.288046 -1350.086216 -1352.626828 -1354.338525 -1355.578438 -1356.930457 -1360.485132 -1374.979254 -1442.005489 -1714.223118 -3391.729285 -3934.450066 -3934.247228 -3894.512706 -3648.469698 -3272.142095 -2948.420485 -2705.031840 -2506.392768 -2390.130174 -2316.599698 -2249.040195 -2178.852696 -2103.606028 -2024.610451 -1945.087807 -1867.348886 -1781.959303 -1423.719963 -1401.312601 -1367.366098 -1359.576303 -1358.117551 -1357.880073 -1357.843882 -1357.838959 -1357.838964 -1357.839672 -1357.840355 -1357.840906 -1357.841334 -1357.841667 -1357.841931 -1357.842143 -1357.842319 -1357.842469 -1357.842605 -1357.842738 -1357.842884 -1357.843064 -1357.843306 -1357.843657 -1357.844186 -1357.845010 -1357.846322 -1357.848449 -1357.851974 -1357.857956 -1357.868394 -1357.887172 -1357.922005 -1357.988572 -1358.119741 -1358.388181 -1358.966924 -1360.298727 -1363.574772 -1372.205707 -1397.690607 -9999.0 -9999.0
-9999.0 -9999.0 1025.682441 928.657998 831.500244 733.996800 636.293066 538.497816 440.673323 342.854146 245.059656 147.300775 49.583612 -48.076392 -145.672493 -243.160766 -340.437744 -437.307596 -533.433949 -628.225132 -722.106052 -815.852855 -908.322227 -999.269924 -1081.302868 -1147.592636 -1202.320204 -1245.625306 -1278.584037 -1302.832432 -1320.175958 -1332.303391 -1340.636405 -1346.288046 -1350.086216 -1352.626828 -1354.338525 -1355.578438 -1356.930457 -1360.485132 -1374.979254 -1442.005489 -1714.223118 -3391.729283 -3934.450066 -3934.247228 -3894.512706 -3648.469697 -3272.142094 -2948.420483 -2705.031837 -2506.392767 -2390.130174 -2316.599698 -2249.040195 -2178.852696 -2103.606027 -2024.610451 -1945.087807 -1867.348886 -1781.959303 -1423.719963 -1401.312601 -1367.366098 -1359.576303 -1358.117551 -1357.880073 -1357.843882 -1357.838959 -1357.838964 -1357.839672 -1357.840355 -1357.840906 -1357.841334 -1357.841667 -1357.841931 -1357.842143 -1357.842319 -1357.842469 -1357.842605 -1357.842738 -1357.842884 -1357.843064 -1357.843306 -1357.843657 -1357.844186 -1357.845010 -1357.846322 -1357.848449 -1357.851974 -1357.857956 -1357.868394 -1357.887172 -1357.922005 -1357.988572 -1358.119741 -1358.388181 -1358.966924 -1360.298727 -1363.574772 -1372.205707 -1397.690607 -9999.0 -9999.0
-9999.0 -9999.0 1025.683629 928.658642 831.500519 733.996906 636.293105 538.497830 440.673329 342.854148 245.059657 147.300776 49.583612 -48.076392 -145.672493 -243.160766 -340.437744 -437.307596 -533.433949 -628.225132 -722.106052 -815.852855 -908.322227 -999.269925 -1081.302868 -1147.592637 -1202.320204 -1245.625307 -1278.584037 -1302.832432 -1320.175958 -1332.303391 -1340.636405 -1346.288046 -1350.086216 -1352.626828 -1354.338525 -1355.578438 -1356.930457 -1360.485132 -1374.979254 -1442.005489 -1714.223118 -3391.729283 -3934.450066 -3934.247228 -3894.512706 -3648.469696 -3272.142094 -2948.420481 -2705.031835 -2506.392767 -2390.130173 -2316.599697 -2249.040195 -2178.852696 -2103.606027 -2024.610451 -1945.087807 -1867.348885 -1781.959303 -1423.719962 -1401.312601 -1367.366098 -1359.576303 -1358.117551 -1357.880073 -1357.843882 -1357.838959 -1357.838964 -1357.839672 -1357.840355 -1357.840906 -1357.841334 -1357.841667 -1357.841931 -1357.842143 -1357.842319 -1357.842469 -1357.842605 -1357.842738 -1357.842884 -1357.843064 -1357.843306 -1357.843657 -1357.844186 -1357.845010 -1357.846322 -1357.848449 -1357.851974 -1357.857956 -1357.868394 -1357.887172 -1357.922005 -1357.988572 -1358.119741 -1358.388181 -1358.966924 -1360.298727 -1363.574772 -1372.205707 -1397.690607 -9999.0 -9999.0
-9999.0 -9999.0 1025.683629 928.658642 831.500519 733.996906 636.293105 538.497830 440.673329 342.854148 245.059657 147.300776 49.583612 -48.076392 -145.672493 -243.160766 -340.437744 -437.307596 -533.433949 -628.225132 -722.106052 -815.852855 -908.322227 -999.269924 -1081.302868 -1147.592637 -1202.320204 -1245.625307 -1278.584037 -1302.832432 -1320.175958 -1332.303391 -1340.636405 -1346.288046 -1350.086216 -1352.626828 -1354.338525 -1355.578438 -1356.930457 -1360.485132 -1374.979254 -1442.005489 -1714.223118 -3391.729283 -3934.450066 -3934.247228 -3894.512706 -3648.469696 -3272.142094 -2948.420482 -2705.031835 -2506.392767 -2390.130173 -2316.599697 -2249.040195 -2178.852696 -2103.606027 -2024.610451 -1945.087807 -1867.348885 -1781.959303 -1423.719963 -1401.312601 -1367.366098 -1359.576303 -1358.117551 -1357.880073 -1357.843882 -1357.838959 -1357.838964 -1357.839672 -1357.840355 -1357.840906 -1357.841334 -1357.841667 -1357.841931 -1357.842143 -1357.842319 -1357.842469 -1357.842605 -1357.842738 -1357.842884 -1357.843064 -1357.843306 -1357.843657 -1357.844186 -1357.845010 -1357.846322 -1357.848449 -1357.851974 -1357.857956 -1357.868394 -1357.887172 -1357.922005 -1357.988572 -1358.119741 -1358.388181 -1358.966924 -1360.298727 -1363.574772 -1372.205707 -1397.690607 -9999.0 -9999.0
-9999.0 -9999.0 1025.682441 928.657998 831.500244 733.996800 636.293066 538.497816 440.673323 342.854146 245.059656 147.300775 49.583612 -48.076392 -145.672493 -243.160766 -340.437744 -437.307596 -533.433949 -628.225132 -722.106052 -815.852855 -908.322227 -999.269924 -1081.302868 -1147.592636 -1202.320204 -1245.625306 -1278.584037 -1302.832432 -1320.175958 -1332.303391 -1340.636405 -1346.288046 -1350.086216 -1352.626828 -1354.338525 -1355.578438 -1356.930457 -1360.485132 -1374.979254 -1442.005489 -1714.223118 -3391.729283 -3934.450066 -3934.247228 -3894.512706 -3648.469697 -3272.142094 -2948.420482 -2705.031836 -2506.392767 -2390.130174 -2316.599697 -2249.040195 -2178.852696 -2103.606027 -2024.610451 -1945.087807 -1867.348885 -1781.959303 -1423.719963 -1401.312601 -1367.366098 -1359.576303 -1358.117551 -1357.880073 -1357.843882 -1357.838959 -1357.838964 -1357.839672 -1357.840355 -1357.840906 -1357.841334 -1357.841667 -1357.841931 -1357.842143 -1357.842319 -1357.842469 -1357.842605 -1357.842738 -1357.842884 -1357.843064 -1357.843306 -1357.843657 -1357.844186 -1357.845010 -1357.846322 -1357.848449 -1357.851974 -1357.857956 -1357.868394 -1357.887172 -1357.922005 -1357.988572 -1358.119741 -1358.388181 -1358.966924 -1360.298727 -1363.574772 -1372.205707 -1397.690607 -9999.0 -9999.0
-9999.0 -9999.0 1025.679503 928.656831 831.499852 733.996669 636.293022 538.497800 440.673318 342.854144 245.059655 147.300775 49.583612 -48.076392 -145.672493 -243.160766 -340.437744 -437.307596 -533.433949 -628.225132 -722.106052 -815.852855 -908.322226 -999.269924 -1081.302868 -1147.592636 -1202.320204 -1245.625306 -1278.584036 -1302.832432 -1320.175958 -1332.303391 -1340.636405 -1346.288046 -1350.086216 -1352.626828 -1354.338525 -1355.578438 -1356.930457 -1360.485132 -1374.979254 -1442.005489 -1714.223118 -3391.729285 -3934.450066 -3934.247228 -3894.512706 -3648.469698 -3272.142095 -2948.420486 -2705.031840 -2506.392768 -2390.130174 -2316.599698 -2249.040195 -2178.852696 -2103.606028 -2024.610451 -1945.087807 -1867.348886 -1781.959304 -1423.719963 -1401.312601 -1367.366098 -1359.576303 -1358.117551 -1357.880073 -1357.843882 -1357.838959 -1357.838964 -1357.839672 -1357.840355 -1357.840906 -1357.841334 -1357.841667 -1357.841931 -1357.842143 -1357.842319 -1357.842469 -1357.842605 -1357.842738 -1357.842884 -1357.843064 -1357.843306 -1357.843657 -1357.844186 -1357.845010 -1357.846322 -1357.848449 -1357.851974 -1357.857956 -1357.868394 -1357.887172 -1357.922005 -1357.988572 -1358.119741 -1358.388181 -1358.966924 -1360.298727 -1363.574772 -1372.205707 -1397.690607 -9999.0 -9999.0
-9999.0 -9999.0 -9999.0 -9999.0 -9999.0 -9999.0 -9999.0 -9999.0 -9999.0 -9999.0 -9999.0 -9999.0 -9999.0 -9999.0 -9999.0 -9999.0 -9999.0 -9999.0 -9999.0 -9999.0 -9999.0 -9999.0 -9999.0 -9999.0 -9999.0 -9999.0 -9999.0 -9999.0 -9999.0 -9999.0 -9999.0 -9999.0 -9999.0 -9999.0 -9999.0 -9999.0 -9999.0 -9999.0 -9999.0 -9999.0 -9999.0 -9999.0 -9999.0 -9999.0 -9999.0 -9999.0 -9999.0 -9999.0 -9999.0 -9999.0 -9999.0 -9999.0 -9999.0 -9999.0 -9999.0 -9999.0 -9999.0 -9999.0 -9999.0 -9999.0 -9999.0 -9999.0 -9999.0 -9999.0 -9999.0 -9999.0 -9999.0 -9999.0 -9999.0 -9999.0 -9999.0 -9999.0 -9999.0 -9999.0 -9999.0 -9999.0 -9999.0 -9999.0 -9999.0 -9999.0 -9999.0 -9999.0 -9999.0 -9999.0 -9999.0 -9999.0 -9999.0 -9999.0 -9999.0 -9999.0 -9999.0 -9999.0 -9999.0 -9999.0 -9999.0 -9999.0 -9999.0 -9999.0 -9999.0 -9999.0 -9999.0 -9999.0 -9999.0 -9999.0
-9999.0 -9999.0 -9999.0 -9999.0 -9999.0 -9999.0 -9999.0 -9999.0 -9999.0 -9999.0 -9999.0 -9999.0 -9999.0 -9999.0 -9999.0 -9999.0 -9999.0 -9999.0 -9999.0 -9999.0 -9999.0 -9999.0 -9999.0 -9999.0 -9999.0 -9999.0 -9999.0 -9999.0 -9999.0 -9999.0 -9999.0 -9999.0 -9999.0 -9999.0 -9999.0 -9999.0 -9999.0 -9999.0 -9999.0 -9999.0 -9999.0 -9999.0 -9999.0 -9999.0 -9999.0 -9999.0 -9999.0 -9999.0 -9999.0 -9999.0 -9999.0 -9999.0 -9999.0 -9999.0 -9999.0 -9999.0 -9999.0 -9999.0 -9999.0 -9999.0 -9999.0 -9999.0 -9999.0 -9999.0 -9999.0 -9999.0 -9999.0 -9999.0 -9999.0 -9999.0 -9999.0 -9999.0 -9999.0 -9999.0 -9999.0 -9999.0 -9999.0 -9999.0 -9999.0 -9999.0 -9999.0 -9999.0 -9999.0 -9999.0 -9999.0 -9999.0 -9999.0 -9999.0 -9999.0 -9999.0 -9999.0 -9999.0 -9999.0 -9999.0 -9999.0 -9999.0 -9999.0 -9999.0 -9999.0 -9999.0 -9999.0 -9999.0 -9999.0 -9999.0