inst/processing_geotop_simulation/geotop_simulation/out/maps3D/PwL0011N0465.asc
ncols         104
nrows         10
xllcorner     -2.000000
yllcorner     0.000000
cellsize      1.000000
NODATA_value  -9999.0
-9999.0 -9999.0 -9999.0 -9999.0 -9999.0 -9999.0 -9999.0 -9999.0 -9999.0 -9999.0 -9999.0 -9999.0 -9999.0 -9999.0 -9999.0 -9999.0 -9999.0 -9999.0 -9999.0 -9999.0 -9999.0 -9999.0 -9999.0 -9999.0 -9999.0 -9999.0 -9999.0 -9999.0 -9999.0 -9999.0 -9999.0 -9999.0 -9999.0 -9999.0 -9999.0 -9999.0 -9999.0 -9999.0 -9999.0 -9999.0 -9999.0 -9999.0 -9999.0 -9999.0 -9999.0 -9999.0 -9999.0 -9999.0 -9999.0 -9999.0 -9999.0 -9999.0 -9999.0 -9999.0 -9999.0 -9999.0 -9999.0 -9999.0 -9999.0 -9999.0 -9999.0 -9999.0 -9999.0 -9999.0 -9999.0 -9999.0 -9999.0 -9999.0 -9999.0 -9999.0 -9999.0 -9999.0 -9999.0 -9999.0 -9999.0 -9999.0 -9999.0 -9999.0 -9999.0 -9999.0 -9999.0 -9999.0 -9999.0 -9999.0 -9999.0 -9999.0 -9999.0 -9999.0 -9999.0 -9999.0 -9999.0 -9999.0 -9999.0 -9999.0 -9999.0 -9999.0 -9999.0 -9999.0 -9999.0 -9999.0 -9999.0 -9999.0 -9999.0 -9999.0
-9999.0 -9999.0 -9999.0 -9999.0 -9999.0 -9999.0 -9999.0 -9999.0 -9999.0 -9999.0 -9999.0 -9999.0 -9999.0 -9999.0 -9999.0 -9999.0 -9999.0 -9999.0 -9999.0 -9999.0 -9999.0 -9999.0 -9999.0 -9999.0 -9999.0 -9999.0 -9999.0 -9999.0 -9999.0 -9999.0 -9999.0 -9999.0 -9999.0 -9999.0 -9999.0 -9999.0 -9999.0 -9999.0 -9999.0 -9999.0 -9999.0 -9999.0 -9999.0 -9999.0 -9999.0 -9999.0 -9999.0 -9999.0 -9999.0 -9999.0 -9999.0 -9999.0 -9999.0 -9999.0 -9999.0 -9999.0 -9999.0 -9999.0 -9999.0 -9999.0 -9999.0 -9999.0 -9999.0 -9999.0 -9999.0 -9999.0 -9999.0 -9999.0 -9999.0 -9999.0 -9999.0 -9999.0 -9999.0 -9999.0 -9999.0 -9999.0 -9999.0 -9999.0 -9999.0 -9999.0 -9999.0 -9999.0 -9999.0 -9999.0 -9999.0 -9999.0 -9999.0 -9999.0 -9999.0 -9999.0 -9999.0 -9999.0 -9999.0 -9999.0 -9999.0 -9999.0 -9999.0 -9999.0 -9999.0 -9999.0 -9999.0 -9999.0 -9999.0 -9999.0
-9999.0 -9999.0 521.808856 422.980151 323.807800 224.460867 125.038530 25.585128 -73.875961 -173.335462 -272.786501 -372.217981 -471.611309 -570.929797 -670.122215 -769.252056 -868.387251 -967.440263 -1066.396273 -1164.906374 -1262.229812 -1357.495455 -1448.871780 -1533.933209 -1610.264289 -1676.112098 -1730.753851 -1774.499255 -1808.431915 -1834.056099 -1852.982169 -1866.712721 -1876.532618 -1883.476818 -1888.344973 -1891.739978 -1894.123984 -1895.921391 -1897.766024 -1900.783261 -1903.329409 -1872.107176 -1384.125080 -1618.715634 -1565.057816 -1529.154364 -1512.842863 -1510.534944 -1510.293099 -1510.314456 -1510.373074 -1510.436180 -1510.496820 -1510.552972 -1510.605134 -1510.666272 -1510.860267 -1512.196877 -1520.676515 -1539.858921 -1558.253314 -1314.256282 -1835.050712 -1896.174496 -1900.053223 -1899.557413 -1899.326893 -1899.274022 -1899.264537 -1899.263363 -1899.263586 -1899.263973 -1899.264320 -1899.264607 -1899.264843 -1899.265042 -1899.265215 -1899.265369 -1899.265511 -1899.265647 -1899.265786 -1899.265937 -1899.266111 -1899.266328 -1899.266615 -1899.267017 -1899.267608 -1899.268511 -1899.269938 -1899.272273 -1899.276223 -1899.283140 -1899.295683 -1899.319207 -1899.364823 -1899.456565 -1899.649557 -1900.079652 -1901.109252 -1903.798457 -1911.602809 -1937.144253 -9999.0 -9999.0
-9999.0 -9999.0 521.813847 422.981594 323.808208 224.460991 125.038570 25.585142 -73.875956 -173.335460 -272.786500 -372.217980 -471.611308 -570.929797 -670.122215 -769.252056 -868.387251 -967.440263 -1066.396273 -1164.906374 -1262.229813 -1357.495456 -1448.871780 -1533.933209 -1610.264289 -1676.112098 -1730.753851 -1774.499255 -1808.431915 -1834.056099 -1852.982169 -1866.712721 -1876.532618 -1883.476818 -1888.344973 -1891.739978 -1894.123984 -1895.921391 -1897.766024 -1900.783261 -1903.329409 -1872.107176 -1384.125080 -1618.715634 -1565.057815 -1529.154363 -1512.842863 -1510.534944 -1510.293099 -1510.314456 -1510.373074 -1510.436180 -1510.496820 -1510.552972 -1510.605134 -1510.666272 -1510.860267 -1512.196877 -1520.676515 -1539.858921 -1558.253314 -1314.256282 -1835.050712 -1896.174496 -1900.053223 -1899.557413 -1899.326893 -1899.274022 -1899.264537 -1899.263363 -1899.263586 -1899.263973 -1899.264320 -1899.264607 -1899.264843 -1899.265042 -1899.265215 -1899.265369 -1899.265511 -1899.265647 -1899.265786 -1899.265937 -1899.266111 -1899.266328 -1899.266615 -1899.267017 -1899.267608 -1899.268511 -1899.269938 -1899.272273 -1899.276223 -1899.283140 -1899.295683 -1899.319207 -1899.364823 -1899.456565 -1899.649557 -1900.079652 -1901.109252 -1903.798456 -1911.602809 -1937.144253 -9999.0 -9999.0
-9999.0 -9999.0 521.815110 422.982255 323.808475 224.461090 125.038606 25.585154 -73.875951 -173.335458 -272.786499 -372.217980 -471.611308 -570.929797 -670.122215 -769.252056 -868.387251 -967.440263 -1066.396274 -1164.906374 -1262.229813 -1357.495456 -1448.871781 -1533.933209 -1610.264289 -1676.112098 -1730.753851 -1774.499255 -1808.431915 -1834.056099 -1852.982170 -1866.712721 -1876.532618 -1883.476818 -1888.344973 -1891.739978 -1894.123984 -1895.921391 -1897.766024 -1900.783261 -1903.329409 -1872.107176 -1384.125080 -1618.715634 -1565.057815 -1529.154363 -1512.842863 -1510.534944 -1510.293099 -1510.314456 -1510.373074 -1510.436180 -1510.496820 -1510.552972 -1510.605134 -1510.666272 -1510.860267 -1512.196877 -1520.676515 -1539.858921 -1558.253314 -1314.256282 -1835.050712 -1896.174496 -1900.053223 -1899.557413 -1899.326893 -1899.274022 -1899.264537 -1899.263363 -1899.263586 -1899.263973 -1899.264320 -1899.264607 -1899.264843 -1899.265042 -1899.265215 -1899.265369 -1899.265511 -1899.265647 -1899.265786 -1899.265937 -1899.266111 -1899.266328 -1899.266615 -1899.267017 -1899.267608 -1899.268511 -1899.269938 -1899.272273 -1899.276222 -1899.283140 -1899.295683 -1899.319207 -1899.364823 -1899.456565 -1899.649557 -1900.079652 -1901.109252 -1903.798456 -1911.602809 -1937.144253 -9999.0 -9999.0
-9999.0 -9999.0 521.815110 422.982255 323.808475 224.461090 125.038606 25.585154 -73.875951 -173.335458 -272.786499 -372.217980 -471.611308 -570.929797 -670.122215 -769.252056 -868.387251 -967.440263 -1066.396274 -1164.906374 -1262.229813 -1357.495456 -1448.871781 -1533.933209 -1610.264289 -1676.112098 -1730.753851 -1774.499255 -1808.431915 -1834.056099 -1852.982170 -1866.712721 -1876.532618 -1883.476818 -1888.344973 -1891.739978 -1894.123984 -1895.921391 -1897.766024 -1900.783261 -1903.329409 -1872.107176 -1384.125080 -1618.715634 -1565.057815 -1529.154363 -1512.842863 -1510.534944 -1510.293099 -1510.314456 -1510.373074 -1510.436180 -1510.496820 -1510.552972 -1510.605134 -1510.666272 -1510.860267 -1512.196877 -1520.676515 -1539.858921 -1558.253314 -1314.256282 -1835.050712 -1896.174496 -1900.053223 -1899.557413 -1899.326893 -1899.274022 -1899.264537 -1899.263363 -1899.263586 -1899.263973 -1899.264320 -1899.264607 -1899.264843 -1899.265042 -1899.265215 -1899.265369 -1899.265511 -1899.265647 -1899.265786 -1899.265937 -1899.266111 -1899.266328 -1899.266615 -1899.267017 -1899.267608 -1899.268511 -1899.269938 -1899.272273 -1899.276222 -1899.283140 -1899.295683 -1899.319207 -1899.364823 -1899.456565 -1899.649557 -1900.079652 -1901.109252 -1903.798456 -1911.602809 -1937.144253 -9999.0 -9999.0
-9999.0 -9999.0 521.813847 422.981594 323.808208 224.460991 125.038570 25.585142 -73.875956 -173.335460 -272.786500 -372.217980 -471.611308 -570.929797 -670.122215 -769.252056 -868.387251 -967.440263 -1066.396273 -1164.906374 -1262.229813 -1357.495456 -1448.871780 -1533.933209 -1610.264289 -1676.112098 -1730.753851 -1774.499255 -1808.431915 -1834.056099 -1852.982169 -1866.712721 -1876.532618 -1883.476818 -1888.344973 -1891.739978 -1894.123984 -1895.921391 -1897.766024 -1900.783261 -1903.329409 -1872.107176 -1384.125080 -1618.715634 -1565.057815 -1529.154363 -1512.842863 -1510.534944 -1510.293099 -1510.314456 -1510.373074 -1510.436180 -1510.496820 -1510.552972 -1510.605134 -1510.666272 -1510.860267 -1512.196877 -1520.676515 -1539.858921 -1558.253314 -1314.256282 -1835.050712 -1896.174496 -1900.053223 -1899.557413 -1899.326893 -1899.274022 -1899.264537 -1899.263363 -1899.263586 -1899.263973 -1899.264320 -1899.264607 -1899.264843 -1899.265042 -1899.265215 -1899.265369 -1899.265511 -1899.265647 -1899.265786 -1899.265937 -1899.266111 -1899.266328 -1899.266615 -1899.267017 -1899.267608 -1899.268511 -1899.269938 -1899.272273 -1899.276223 -1899.283140 -1899.295683 -1899.319207 -1899.364823 -1899.456565 -1899.649557 -1900.079652 -1901.109252 -1903.798456 -1911.602809 -1937.144253 -9999.0 -9999.0
-9999.0 -9999.0 521.808856 422.980152 323.807800 224.460867 125.038530 25.585128 -73.875961 -173.335462 -272.786501 -372.217981 -471.611309 -570.929797 -670.122215 -769.252056 -868.387251 -967.440263 -1066.396273 -1164.906374 -1262.229812 -1357.495456 -1448.871780 -1533.933209 -1610.264289 -1676.112098 -1730.753851 -1774.499255 -1808.431915 -1834.056099 -1852.982169 -1866.712721 -1876.532618 -1883.476818 -1888.344973 -1891.739978 -1894.123984 -1895.921391 -1897.766024 -1900.783261 -1903.329409 -1872.107176 -1384.125080 -1618.715634 -1565.057816 -1529.154364 -1512.842863 -1510.534944 -1510.293099 -1510.314456 -1510.373074 -1510.436180 -1510.496820 -1510.552972 -1510.605134 -1510.666272 -1510.860267 -1512.196877 -1520.676515 -1539.858921 -1558.253314 -1314.256282 -1835.050712 -1896.174496 -1900.053223 -1899.557413 -1899.326893 -1899.274022 -1899.264537 -1899.263363 -1899.263586 -1899.263973 -1899.264320 -1899.264607 -1899.264843 -1899.265042 -1899.265215 -1899.265369 -1899.265511 -1899.265647 -1899.265786 -1899.265937 -1899.266111 -1899.266328 -1899.266615 -1899.267017 -1899.267608 -1899.268511 -1899.269938 -1899.272273 -1899.276223 -1899.283140 -1899.295683 -1899.319207 -1899.364823 -1899.456565 -1899.649557 -1900.079652 -1901.109252 -1903.798457 -1911.602809 -1937.144253 -9999.0 -9999.0
-9999.0 -9999.0 -9999.0 -9999.0 -9999.0 -9999.0 -9999.0 -9999.0 -9999.0 -9999.0 -9999.0 -9999.0 -9999.0 -9999.0 -9999.0 -9999.0 -9999.0 -9999.0 -9999.0 -9999.0 -9999.0 -9999.0 -9999.0 -9999.0 -9999.0 -9999.0 -9999.0 -9999.0 -9999.0 -9999.0 -9999.0 -9999.0 -9999.0 -9999.0 -9999.0 -9999.0 -9999.0 -9999.0 -9999.0 -9999.0 -9999.0 -9999.0 -9999.0 -9999.0 -9999.0 -9999.0 -9999.0 -9999.0 -9999.0 -9999.0 -9999.0 -9999.0 -9999.0 -9999.0 -9999.0 -9999.0 -9999.0 -9999.0 -9999.0 -9999.0 -9999.0 -9999.0 -9999.0 -9999.0 -9999.0 -9999.0 -9999.0 -9999.0 -9999.0 -9999.0 -9999.0 -9999.0 -9999.0 -9999.0 -9999.0 -9999.0 -9999.0 -9999.0 -9999.0 -9999.0 -9999.0 -9999.0 -9999.0 -9999.0 -9999.0 -9999.0 -9999.0 -9999.0 -9999.0 -9999.0 -9999.0 -9999.0 -9999.0 -9999.0 -9999.0 -9999.0 -9999.0 -9999.0 -9999.0 -9999.0 -9999.0 -9999.0 -9999.0 -9999.0
-9999.0 -9999.0 -9999.0 -9999.0 -9999.0 -9999.0 -9999.0 -9999.0 -9999.0 -9999.0 -9999.0 -9999.0 -9999.0 -9999.0 -9999.0 -9999.0 -9999.0 -9999.0 -9999.0 -9999.0 -9999.0 -9999.0 -9999.0 -9999.0 -9999.0 -9999.0 -9999.0 -9999.0 -9999.0 -9999.0 -9999.0 -9999.0 -9999.0 -9999.0 -9999.0 -9999.0 -9999.0 -9999.0 -9999.0 -9999.0 -9999.0 -9999.0 -9999.0 -9999.0 -9999.0 -9999.0 -9999.0 -9999.0 -9999.0 -9999.0 -9999.0 -9999.0 -9999.0 -9999.0 -9999.0 -9999.0 -9999.0 -9999.0 -9999.0 -9999.0 -9999.0 -9999.0 -9999.0 -9999.0 -9999.0 -9999.0 -9999.0 -9999.0 -9999.0 -9999.0 -9999.0 -9999.0 -9999.0 -9999.0 -9999.0 -9999.0 -9999.0 -9999.0 -9999.0 -9999.0 -9999.0 -9999.0 -9999.0 -9999.0 -9999.0 -9999.0 -9999.0 -9999.0 -9999.0 -9999.0 -9999.0 -9999.0 -9999.0 -9999.0 -9999.0 -9999.0 -9999.0 -9999.0 -9999.0 -9999.0 -9999.0 -9999.0 -9999.0 -9999.0