inst/processing_geotop_simulation/geotop_simulation/out/maps3D/PwL0012N0297.asc
ncols         104
nrows         10
xllcorner     -2.000000
yllcorner     0.000000
cellsize      1.000000
NODATA_value  -9999.0
-9999.0 -9999.0 -9999.0 -9999.0 -9999.0 -9999.0 -9999.0 -9999.0 -9999.0 -9999.0 -9999.0 -9999.0 -9999.0 -9999.0 -9999.0 -9999.0 -9999.0 -9999.0 -9999.0 -9999.0 -9999.0 -9999.0 -9999.0 -9999.0 -9999.0 -9999.0 -9999.0 -9999.0 -9999.0 -9999.0 -9999.0 -9999.0 -9999.0 -9999.0 -9999.0 -9999.0 -9999.0 -9999.0 -9999.0 -9999.0 -9999.0 -9999.0 -9999.0 -9999.0 -9999.0 -9999.0 -9999.0 -9999.0 -9999.0 -9999.0 -9999.0 -9999.0 -9999.0 -9999.0 -9999.0 -9999.0 -9999.0 -9999.0 -9999.0 -9999.0 -9999.0 -9999.0 -9999.0 -9999.0 -9999.0 -9999.0 -9999.0 -9999.0 -9999.0 -9999.0 -9999.0 -9999.0 -9999.0 -9999.0 -9999.0 -9999.0 -9999.0 -9999.0 -9999.0 -9999.0 -9999.0 -9999.0 -9999.0 -9999.0 -9999.0 -9999.0 -9999.0 -9999.0 -9999.0 -9999.0 -9999.0 -9999.0 -9999.0 -9999.0 -9999.0 -9999.0 -9999.0 -9999.0 -9999.0 -9999.0 -9999.0 -9999.0 -9999.0 -9999.0
-9999.0 -9999.0 -9999.0 -9999.0 -9999.0 -9999.0 -9999.0 -9999.0 -9999.0 -9999.0 -9999.0 -9999.0 -9999.0 -9999.0 -9999.0 -9999.0 -9999.0 -9999.0 -9999.0 -9999.0 -9999.0 -9999.0 -9999.0 -9999.0 -9999.0 -9999.0 -9999.0 -9999.0 -9999.0 -9999.0 -9999.0 -9999.0 -9999.0 -9999.0 -9999.0 -9999.0 -9999.0 -9999.0 -9999.0 -9999.0 -9999.0 -9999.0 -9999.0 -9999.0 -9999.0 -9999.0 -9999.0 -9999.0 -9999.0 -9999.0 -9999.0 -9999.0 -9999.0 -9999.0 -9999.0 -9999.0 -9999.0 -9999.0 -9999.0 -9999.0 -9999.0 -9999.0 -9999.0 -9999.0 -9999.0 -9999.0 -9999.0 -9999.0 -9999.0 -9999.0 -9999.0 -9999.0 -9999.0 -9999.0 -9999.0 -9999.0 -9999.0 -9999.0 -9999.0 -9999.0 -9999.0 -9999.0 -9999.0 -9999.0 -9999.0 -9999.0 -9999.0 -9999.0 -9999.0 -9999.0 -9999.0 -9999.0 -9999.0 -9999.0 -9999.0 -9999.0 -9999.0 -9999.0 -9999.0 -9999.0 -9999.0 -9999.0 -9999.0 -9999.0
-9999.0 -9999.0 573.813075 476.226292 377.994997 279.405610 180.657427 81.842211 -16.992680 -115.821762 -214.633058 -313.400111 -412.072736 -510.542577 -608.641901 -706.173104 -803.943902 -901.424511 -998.575559 -1095.350037 -1187.950958 -1275.633997 -1355.589214 -1425.327447 -1483.453049 -1529.892091 -1565.645434 -1592.328124 -1611.737575 -1625.564598 -1635.250109 -1641.943954 -1646.521668 -1649.627114 -1651.721871 -1653.132850 -1654.099894 -1654.854450 -1655.879733 -1658.805156 -1667.947611 -1684.690772 -1584.238332 -2426.292559 -2220.028397 -2099.736949 -2047.446834 -2040.716583 -2040.036586 -2040.107113 -2040.284058 -2040.473678 -2040.655735 -2040.824227 -2040.980119 -2041.157250 -2041.689564 -2045.460089 -2072.011451 -2134.165974 -2214.375401 -1448.592300 -1649.346846 -1660.404863 -1657.442952 -1656.345657 -1656.118465 -1656.079802 -1656.074099 -1656.073797 -1656.074301 -1656.074829 -1656.075260 -1656.075595 -1656.075855 -1656.076060 -1656.076224 -1656.076360 -1656.076477 -1656.076582 -1656.076687 -1656.076803 -1656.076947 -1656.077143 -1656.077428 -1656.077861 -1656.078537 -1656.079614 -1656.081365 -1656.084273 -1656.089222 -1656.097883 -1656.113507 -1656.142561 -1656.198179 -1656.307833 -1656.531855 -1657.012207 -1658.109839 -1660.823864 -1668.282529 -1692.231484 -9999.0 -9999.0
-9999.0 -9999.0 573.818325 476.227871 377.995453 279.405749 180.657473 81.842227 -16.992674 -115.821760 -214.633057 -313.400111 -412.072736 -510.542577 -608.641901 -706.173104 -803.943902 -901.424511 -998.575559 -1095.350037 -1187.950958 -1275.633997 -1355.589214 -1425.327447 -1483.453049 -1529.892091 -1565.645434 -1592.328124 -1611.737575 -1625.564598 -1635.250109 -1641.943954 -1646.521668 -1649.627114 -1651.721871 -1653.132850 -1654.099894 -1654.854450 -1655.879733 -1658.805156 -1667.947611 -1684.690772 -1584.238331 -2426.292558 -2220.028396 -2099.736946 -2047.446835 -2040.716583 -2040.036586 -2040.107113 -2040.284058 -2040.473678 -2040.655735 -2040.824227 -2040.980119 -2041.157250 -2041.689564 -2045.460089 -2072.011451 -2134.165974 -2214.375401 -1448.592300 -1649.346846 -1660.404863 -1657.442952 -1656.345657 -1656.118465 -1656.079802 -1656.074099 -1656.073797 -1656.074301 -1656.074829 -1656.075260 -1656.075595 -1656.075855 -1656.076060 -1656.076224 -1656.076360 -1656.076477 -1656.076582 -1656.076687 -1656.076803 -1656.076947 -1656.077143 -1656.077428 -1656.077861 -1656.078537 -1656.079614 -1656.081365 -1656.084273 -1656.089222 -1656.097883 -1656.113507 -1656.142561 -1656.198179 -1656.307833 -1656.531855 -1657.012207 -1658.109839 -1660.823864 -1668.282529 -1692.231484 -9999.0 -9999.0
-9999.0 -9999.0 573.819736 476.228608 377.995751 279.405860 180.657512 81.842241 -16.992669 -115.821758 -214.633056 -313.400111 -412.072736 -510.542577 -608.641902 -706.173104 -803.943902 -901.424511 -998.575559 -1095.350037 -1187.950958 -1275.633997 -1355.589214 -1425.327447 -1483.453050 -1529.892091 -1565.645434 -1592.328124 -1611.737575 -1625.564598 -1635.250110 -1641.943954 -1646.521668 -1649.627114 -1651.721871 -1653.132850 -1654.099894 -1654.854450 -1655.879733 -1658.805156 -1667.947611 -1684.690772 -1584.238331 -2426.292558 -2220.028395 -2099.736945 -2047.446835 -2040.716583 -2040.036586 -2040.107113 -2040.284058 -2040.473678 -2040.655735 -2040.824227 -2040.980119 -2041.157250 -2041.689564 -2045.460089 -2072.011451 -2134.165974 -2214.375401 -1448.592300 -1649.346846 -1660.404863 -1657.442952 -1656.345657 -1656.118465 -1656.079802 -1656.074099 -1656.073797 -1656.074301 -1656.074829 -1656.075260 -1656.075595 -1656.075855 -1656.076060 -1656.076224 -1656.076360 -1656.076477 -1656.076582 -1656.076687 -1656.076803 -1656.076947 -1656.077143 -1656.077428 -1656.077861 -1656.078537 -1656.079614 -1656.081365 -1656.084273 -1656.089222 -1656.097883 -1656.113507 -1656.142561 -1656.198179 -1656.307833 -1656.531855 -1657.012207 -1658.109839 -1660.823864 -1668.282529 -1692.231484 -9999.0 -9999.0
-9999.0 -9999.0 573.819736 476.228608 377.995751 279.405860 180.657512 81.842241 -16.992669 -115.821758 -214.633056 -313.400111 -412.072736 -510.542577 -608.641901 -706.173104 -803.943902 -901.424511 -998.575559 -1095.350037 -1187.950958 -1275.633997 -1355.589214 -1425.327447 -1483.453050 -1529.892091 -1565.645434 -1592.328124 -1611.737575 -1625.564598 -1635.250110 -1641.943954 -1646.521668 -1649.627114 -1651.721871 -1653.132850 -1654.099894 -1654.854450 -1655.879733 -1658.805156 -1667.947611 -1684.690772 -1584.238331 -2426.292558 -2220.028395 -2099.736945 -2047.446835 -2040.716583 -2040.036586 -2040.107113 -2040.284058 -2040.473678 -2040.655735 -2040.824227 -2040.980119 -2041.157250 -2041.689564 -2045.460089 -2072.011451 -2134.165974 -2214.375401 -1448.592300 -1649.346846 -1660.404863 -1657.442952 -1656.345657 -1656.118465 -1656.079802 -1656.074099 -1656.073797 -1656.074301 -1656.074829 -1656.075260 -1656.075595 -1656.075855 -1656.076060 -1656.076224 -1656.076360 -1656.076477 -1656.076582 -1656.076687 -1656.076803 -1656.076947 -1656.077143 -1656.077428 -1656.077861 -1656.078537 -1656.079614 -1656.081365 -1656.084273 -1656.089222 -1656.097883 -1656.113507 -1656.142561 -1656.198179 -1656.307833 -1656.531855 -1657.012207 -1658.109839 -1660.823864 -1668.282529 -1692.231484 -9999.0 -9999.0
-9999.0 -9999.0 573.818325 476.227871 377.995453 279.405749 180.657472 81.842227 -16.992674 -115.821760 -214.633057 -313.400111 -412.072736 -510.542577 -608.641901 -706.173104 -803.943902 -901.424511 -998.575559 -1095.350037 -1187.950958 -1275.633997 -1355.589214 -1425.327447 -1483.453049 -1529.892091 -1565.645434 -1592.328124 -1611.737575 -1625.564598 -1635.250109 -1641.943954 -1646.521668 -1649.627114 -1651.721871 -1653.132850 -1654.099894 -1654.854450 -1655.879733 -1658.805156 -1667.947611 -1684.690772 -1584.238331 -2426.292558 -2220.028396 -2099.736946 -2047.446835 -2040.716583 -2040.036586 -2040.107113 -2040.284058 -2040.473678 -2040.655735 -2040.824227 -2040.980119 -2041.157250 -2041.689564 -2045.460089 -2072.011451 -2134.165974 -2214.375401 -1448.592300 -1649.346846 -1660.404863 -1657.442952 -1656.345657 -1656.118465 -1656.079802 -1656.074099 -1656.073797 -1656.074301 -1656.074829 -1656.075260 -1656.075595 -1656.075855 -1656.076060 -1656.076224 -1656.076360 -1656.076477 -1656.076582 -1656.076687 -1656.076803 -1656.076947 -1656.077143 -1656.077428 -1656.077861 -1656.078537 -1656.079614 -1656.081365 -1656.084273 -1656.089222 -1656.097883 -1656.113507 -1656.142561 -1656.198179 -1656.307833 -1656.531855 -1657.012207 -1658.109839 -1660.823864 -1668.282529 -1692.231484 -9999.0 -9999.0
-9999.0 -9999.0 573.813075 476.226292 377.994997 279.405610 180.657427 81.842211 -16.992680 -115.821762 -214.633058 -313.400111 -412.072736 -510.542577 -608.641901 -706.173104 -803.943902 -901.424511 -998.575559 -1095.350037 -1187.950958 -1275.633997 -1355.589214 -1425.327447 -1483.453049 -1529.892091 -1565.645434 -1592.328124 -1611.737575 -1625.564598 -1635.250109 -1641.943954 -1646.521668 -1649.627114 -1651.721871 -1653.132850 -1654.099894 -1654.854450 -1655.879733 -1658.805156 -1667.947611 -1684.690772 -1584.238332 -2426.292559 -2220.028397 -2099.736949 -2047.446834 -2040.716583 -2040.036586 -2040.107113 -2040.284058 -2040.473678 -2040.655735 -2040.824227 -2040.980119 -2041.157250 -2041.689564 -2045.460089 -2072.011451 -2134.165974 -2214.375401 -1448.592300 -1649.346846 -1660.404863 -1657.442952 -1656.345657 -1656.118465 -1656.079802 -1656.074099 -1656.073797 -1656.074301 -1656.074829 -1656.075260 -1656.075595 -1656.075855 -1656.076060 -1656.076224 -1656.076360 -1656.076477 -1656.076582 -1656.076687 -1656.076803 -1656.076947 -1656.077143 -1656.077428 -1656.077861 -1656.078537 -1656.079614 -1656.081365 -1656.084273 -1656.089222 -1656.097883 -1656.113507 -1656.142561 -1656.198179 -1656.307833 -1656.531855 -1657.012207 -1658.109839 -1660.823864 -1668.282529 -1692.231484 -9999.0 -9999.0
-9999.0 -9999.0 -9999.0 -9999.0 -9999.0 -9999.0 -9999.0 -9999.0 -9999.0 -9999.0 -9999.0 -9999.0 -9999.0 -9999.0 -9999.0 -9999.0 -9999.0 -9999.0 -9999.0 -9999.0 -9999.0 -9999.0 -9999.0 -9999.0 -9999.0 -9999.0 -9999.0 -9999.0 -9999.0 -9999.0 -9999.0 -9999.0 -9999.0 -9999.0 -9999.0 -9999.0 -9999.0 -9999.0 -9999.0 -9999.0 -9999.0 -9999.0 -9999.0 -9999.0 -9999.0 -9999.0 -9999.0 -9999.0 -9999.0 -9999.0 -9999.0 -9999.0 -9999.0 -9999.0 -9999.0 -9999.0 -9999.0 -9999.0 -9999.0 -9999.0 -9999.0 -9999.0 -9999.0 -9999.0 -9999.0 -9999.0 -9999.0 -9999.0 -9999.0 -9999.0 -9999.0 -9999.0 -9999.0 -9999.0 -9999.0 -9999.0 -9999.0 -9999.0 -9999.0 -9999.0 -9999.0 -9999.0 -9999.0 -9999.0 -9999.0 -9999.0 -9999.0 -9999.0 -9999.0 -9999.0 -9999.0 -9999.0 -9999.0 -9999.0 -9999.0 -9999.0 -9999.0 -9999.0 -9999.0 -9999.0 -9999.0 -9999.0 -9999.0 -9999.0
-9999.0 -9999.0 -9999.0 -9999.0 -9999.0 -9999.0 -9999.0 -9999.0 -9999.0 -9999.0 -9999.0 -9999.0 -9999.0 -9999.0 -9999.0 -9999.0 -9999.0 -9999.0 -9999.0 -9999.0 -9999.0 -9999.0 -9999.0 -9999.0 -9999.0 -9999.0 -9999.0 -9999.0 -9999.0 -9999.0 -9999.0 -9999.0 -9999.0 -9999.0 -9999.0 -9999.0 -9999.0 -9999.0 -9999.0 -9999.0 -9999.0 -9999.0 -9999.0 -9999.0 -9999.0 -9999.0 -9999.0 -9999.0 -9999.0 -9999.0 -9999.0 -9999.0 -9999.0 -9999.0 -9999.0 -9999.0 -9999.0 -9999.0 -9999.0 -9999.0 -9999.0 -9999.0 -9999.0 -9999.0 -9999.0 -9999.0 -9999.0 -9999.0 -9999.0 -9999.0 -9999.0 -9999.0 -9999.0 -9999.0 -9999.0 -9999.0 -9999.0 -9999.0 -9999.0 -9999.0 -9999.0 -9999.0 -9999.0 -9999.0 -9999.0 -9999.0 -9999.0 -9999.0 -9999.0 -9999.0 -9999.0 -9999.0 -9999.0 -9999.0 -9999.0 -9999.0 -9999.0 -9999.0 -9999.0 -9999.0 -9999.0 -9999.0 -9999.0 -9999.0