inst/processing_geotop_simulation/geotop_simulation/out/maps3D/PwL0016N0229.asc
ncols         104
nrows         10
xllcorner     -2.000000
yllcorner     0.000000
cellsize      1.000000
NODATA_value  -9999.0
-9999.0 -9999.0 -9999.0 -9999.0 -9999.0 -9999.0 -9999.0 -9999.0 -9999.0 -9999.0 -9999.0 -9999.0 -9999.0 -9999.0 -9999.0 -9999.0 -9999.0 -9999.0 -9999.0 -9999.0 -9999.0 -9999.0 -9999.0 -9999.0 -9999.0 -9999.0 -9999.0 -9999.0 -9999.0 -9999.0 -9999.0 -9999.0 -9999.0 -9999.0 -9999.0 -9999.0 -9999.0 -9999.0 -9999.0 -9999.0 -9999.0 -9999.0 -9999.0 -9999.0 -9999.0 -9999.0 -9999.0 -9999.0 -9999.0 -9999.0 -9999.0 -9999.0 -9999.0 -9999.0 -9999.0 -9999.0 -9999.0 -9999.0 -9999.0 -9999.0 -9999.0 -9999.0 -9999.0 -9999.0 -9999.0 -9999.0 -9999.0 -9999.0 -9999.0 -9999.0 -9999.0 -9999.0 -9999.0 -9999.0 -9999.0 -9999.0 -9999.0 -9999.0 -9999.0 -9999.0 -9999.0 -9999.0 -9999.0 -9999.0 -9999.0 -9999.0 -9999.0 -9999.0 -9999.0 -9999.0 -9999.0 -9999.0 -9999.0 -9999.0 -9999.0 -9999.0 -9999.0 -9999.0 -9999.0 -9999.0 -9999.0 -9999.0 -9999.0 -9999.0
-9999.0 -9999.0 -9999.0 -9999.0 -9999.0 -9999.0 -9999.0 -9999.0 -9999.0 -9999.0 -9999.0 -9999.0 -9999.0 -9999.0 -9999.0 -9999.0 -9999.0 -9999.0 -9999.0 -9999.0 -9999.0 -9999.0 -9999.0 -9999.0 -9999.0 -9999.0 -9999.0 -9999.0 -9999.0 -9999.0 -9999.0 -9999.0 -9999.0 -9999.0 -9999.0 -9999.0 -9999.0 -9999.0 -9999.0 -9999.0 -9999.0 -9999.0 -9999.0 -9999.0 -9999.0 -9999.0 -9999.0 -9999.0 -9999.0 -9999.0 -9999.0 -9999.0 -9999.0 -9999.0 -9999.0 -9999.0 -9999.0 -9999.0 -9999.0 -9999.0 -9999.0 -9999.0 -9999.0 -9999.0 -9999.0 -9999.0 -9999.0 -9999.0 -9999.0 -9999.0 -9999.0 -9999.0 -9999.0 -9999.0 -9999.0 -9999.0 -9999.0 -9999.0 -9999.0 -9999.0 -9999.0 -9999.0 -9999.0 -9999.0 -9999.0 -9999.0 -9999.0 -9999.0 -9999.0 -9999.0 -9999.0 -9999.0 -9999.0 -9999.0 -9999.0 -9999.0 -9999.0 -9999.0 -9999.0 -9999.0 -9999.0 -9999.0 -9999.0 -9999.0
-9999.0 -9999.0 775.694129 678.946916 581.658117 483.913914 385.945171 287.878240 189.778333 91.679965 -6.394792 -104.427920 -202.406531 -300.271853 -397.908775 -495.125171 -591.584968 -686.798562 -782.636437 -877.837001 -972.105947 -1065.184684 -1147.097096 -1219.355296 -1280.259509 -1329.370854 -1367.406773 -1395.850023 -1416.500507 -1431.131661 -1441.294999 -1448.244990 -1452.940493 -1456.084537 -1458.177019 -1459.567523 -1460.506572 -1461.221496 -1462.177047 -1465.210331 -1477.766842 -1534.308879 -2012.430264 -4146.098621 -4183.165544 -4183.168287 -4183.168271 -4183.168268 -4183.168267 -4183.168265 -4183.168258 -4183.168237 -4183.168202 -4183.168154 -4183.168071 -4183.167906 -4183.167529 -4183.166581 -4183.163995 -4183.150722 -4120.915566 -1874.941179 -1497.209202 -1470.312246 -1463.958159 -1462.665536 -1462.447320 -1462.413502 -1462.408865 -1462.408875 -1462.409550 -1462.410198 -1462.410718 -1462.411119 -1462.411429 -1462.411672 -1462.411866 -1462.412025 -1462.412160 -1462.412281 -1462.412400 -1462.412532 -1462.412696 -1462.412921 -1462.413251 -1462.413753 -1462.414539 -1462.415796 -1462.417839 -1462.421228 -1462.426980 -1462.437015 -1462.455055 -1462.488478 -1462.552208 -1462.677243 -1462.931004 -1463.470684 -1464.691744 -1467.660023 -1475.539488 -1499.711892 -9999.0 -9999.0
-9999.0 -9999.0 775.698280 678.948350 581.658560 483.914054 385.945217 287.878256 189.778339 91.679967 -6.394792 -104.427919 -202.406531 -300.271853 -397.908775 -495.125171 -591.584968 -686.798563 -782.636437 -877.837002 -972.105947 -1065.184684 -1147.097096 -1219.355296 -1280.259509 -1329.370854 -1367.406774 -1395.850023 -1416.500507 -1431.131661 -1441.294999 -1448.244991 -1452.940493 -1456.084537 -1458.177019 -1459.567523 -1460.506572 -1461.221496 -1462.177047 -1465.210331 -1477.766842 -1534.308879 -2012.430264 -4146.098621 -4183.165544 -4183.168287 -4183.168271 -4183.168268 -4183.168267 -4183.168265 -4183.168258 -4183.168237 -4183.168202 -4183.168154 -4183.168071 -4183.167906 -4183.167529 -4183.166581 -4183.163995 -4183.150722 -4120.915566 -1874.941179 -1497.209202 -1470.312246 -1463.958159 -1462.665536 -1462.447320 -1462.413502 -1462.408865 -1462.408875 -1462.409550 -1462.410198 -1462.410718 -1462.411119 -1462.411429 -1462.411672 -1462.411866 -1462.412025 -1462.412160 -1462.412281 -1462.412400 -1462.412532 -1462.412696 -1462.412921 -1462.413251 -1462.413753 -1462.414539 -1462.415796 -1462.417839 -1462.421228 -1462.426980 -1462.437015 -1462.455055 -1462.488478 -1462.552208 -1462.677243 -1462.931004 -1463.470684 -1464.691744 -1467.660023 -1475.539488 -1499.711892 -9999.0 -9999.0
-9999.0 -9999.0 775.699651 678.949072 581.658859 483.914167 385.945258 287.878271 189.778344 91.679969 -6.394791 -104.427919 -202.406531 -300.271853 -397.908775 -495.125171 -591.584968 -686.798563 -782.636437 -877.837002 -972.105947 -1065.184685 -1147.097096 -1219.355296 -1280.259510 -1329.370854 -1367.406774 -1395.850023 -1416.500507 -1431.131661 -1441.294999 -1448.244991 -1452.940493 -1456.084537 -1458.177019 -1459.567523 -1460.506572 -1461.221496 -1462.177047 -1465.210331 -1477.766842 -1534.308879 -2012.430264 -4146.098621 -4183.165544 -4183.168287 -4183.168271 -4183.168268 -4183.168267 -4183.168265 -4183.168258 -4183.168237 -4183.168202 -4183.168154 -4183.168071 -4183.167906 -4183.167529 -4183.166581 -4183.163995 -4183.150722 -4120.915566 -1874.941179 -1497.209202 -1470.312246 -1463.958159 -1462.665536 -1462.447320 -1462.413502 -1462.408865 -1462.408875 -1462.409550 -1462.410198 -1462.410718 -1462.411119 -1462.411429 -1462.411672 -1462.411866 -1462.412025 -1462.412160 -1462.412281 -1462.412400 -1462.412532 -1462.412696 -1462.412921 -1462.413251 -1462.413753 -1462.414539 -1462.415796 -1462.417839 -1462.421228 -1462.426980 -1462.437015 -1462.455055 -1462.488478 -1462.552208 -1462.677243 -1462.931004 -1463.470684 -1464.691744 -1467.660023 -1475.539488 -1499.711892 -9999.0 -9999.0
-9999.0 -9999.0 775.699651 678.949072 581.658859 483.914167 385.945258 287.878271 189.778344 91.679969 -6.394791 -104.427919 -202.406531 -300.271853 -397.908775 -495.125171 -591.584968 -686.798563 -782.636437 -877.837002 -972.105947 -1065.184685 -1147.097097 -1219.355296 -1280.259510 -1329.370854 -1367.406774 -1395.850023 -1416.500507 -1431.131661 -1441.294999 -1448.244991 -1452.940493 -1456.084537 -1458.177019 -1459.567523 -1460.506572 -1461.221496 -1462.177047 -1465.210331 -1477.766842 -1534.308879 -2012.430264 -4146.098621 -4183.165544 -4183.168287 -4183.168271 -4183.168268 -4183.168267 -4183.168265 -4183.168258 -4183.168237 -4183.168202 -4183.168154 -4183.168071 -4183.167906 -4183.167529 -4183.166581 -4183.163995 -4183.150722 -4120.915566 -1874.941179 -1497.209202 -1470.312246 -1463.958159 -1462.665536 -1462.447320 -1462.413502 -1462.408865 -1462.408875 -1462.409550 -1462.410198 -1462.410718 -1462.411119 -1462.411429 -1462.411672 -1462.411866 -1462.412025 -1462.412160 -1462.412281 -1462.412400 -1462.412532 -1462.412696 -1462.412921 -1462.413251 -1462.413753 -1462.414539 -1462.415796 -1462.417839 -1462.421228 -1462.426980 -1462.437015 -1462.455055 -1462.488478 -1462.552208 -1462.677243 -1462.931004 -1463.470684 -1464.691744 -1467.660023 -1475.539488 -1499.711892 -9999.0 -9999.0
-9999.0 -9999.0 775.698280 678.948350 581.658560 483.914054 385.945217 287.878256 189.778339 91.679967 -6.394791 -104.427919 -202.406531 -300.271853 -397.908775 -495.125171 -591.584968 -686.798563 -782.636437 -877.837002 -972.105947 -1065.184684 -1147.097096 -1219.355296 -1280.259509 -1329.370854 -1367.406774 -1395.850023 -1416.500507 -1431.131661 -1441.294999 -1448.244991 -1452.940493 -1456.084537 -1458.177019 -1459.567523 -1460.506572 -1461.221496 -1462.177047 -1465.210331 -1477.766842 -1534.308879 -2012.430264 -4146.098621 -4183.165544 -4183.168287 -4183.168271 -4183.168268 -4183.168267 -4183.168265 -4183.168258 -4183.168237 -4183.168202 -4183.168154 -4183.168071 -4183.167906 -4183.167529 -4183.166581 -4183.163995 -4183.150722 -4120.915566 -1874.941179 -1497.209202 -1470.312246 -1463.958159 -1462.665536 -1462.447320 -1462.413502 -1462.408865 -1462.408875 -1462.409550 -1462.410198 -1462.410718 -1462.411119 -1462.411429 -1462.411672 -1462.411866 -1462.412025 -1462.412160 -1462.412281 -1462.412400 -1462.412532 -1462.412696 -1462.412921 -1462.413251 -1462.413753 -1462.414539 -1462.415796 -1462.417839 -1462.421228 -1462.426980 -1462.437015 -1462.455055 -1462.488478 -1462.552208 -1462.677243 -1462.931004 -1463.470684 -1464.691744 -1467.660023 -1475.539488 -1499.711892 -9999.0 -9999.0
-9999.0 -9999.0 775.694129 678.946916 581.658117 483.913914 385.945171 287.878240 189.778333 91.679965 -6.394792 -104.427919 -202.406531 -300.271853 -397.908775 -495.125171 -591.584968 -686.798562 -782.636437 -877.837001 -972.105947 -1065.184684 -1147.097096 -1219.355296 -1280.259509 -1329.370854 -1367.406773 -1395.850023 -1416.500507 -1431.131661 -1441.294999 -1448.244990 -1452.940493 -1456.084537 -1458.177019 -1459.567523 -1460.506572 -1461.221496 -1462.177047 -1465.210331 -1477.766842 -1534.308879 -2012.430264 -4146.098621 -4183.165544 -4183.168287 -4183.168271 -4183.168268 -4183.168267 -4183.168265 -4183.168258 -4183.168237 -4183.168202 -4183.168154 -4183.168071 -4183.167906 -4183.167529 -4183.166581 -4183.163995 -4183.150722 -4120.915566 -1874.941179 -1497.209202 -1470.312246 -1463.958159 -1462.665536 -1462.447320 -1462.413502 -1462.408865 -1462.408875 -1462.409550 -1462.410198 -1462.410718 -1462.411119 -1462.411429 -1462.411672 -1462.411866 -1462.412025 -1462.412160 -1462.412281 -1462.412400 -1462.412532 -1462.412696 -1462.412921 -1462.413251 -1462.413753 -1462.414539 -1462.415796 -1462.417839 -1462.421228 -1462.426980 -1462.437015 -1462.455055 -1462.488478 -1462.552208 -1462.677243 -1462.931004 -1463.470684 -1464.691744 -1467.660023 -1475.539488 -1499.711892 -9999.0 -9999.0
-9999.0 -9999.0 -9999.0 -9999.0 -9999.0 -9999.0 -9999.0 -9999.0 -9999.0 -9999.0 -9999.0 -9999.0 -9999.0 -9999.0 -9999.0 -9999.0 -9999.0 -9999.0 -9999.0 -9999.0 -9999.0 -9999.0 -9999.0 -9999.0 -9999.0 -9999.0 -9999.0 -9999.0 -9999.0 -9999.0 -9999.0 -9999.0 -9999.0 -9999.0 -9999.0 -9999.0 -9999.0 -9999.0 -9999.0 -9999.0 -9999.0 -9999.0 -9999.0 -9999.0 -9999.0 -9999.0 -9999.0 -9999.0 -9999.0 -9999.0 -9999.0 -9999.0 -9999.0 -9999.0 -9999.0 -9999.0 -9999.0 -9999.0 -9999.0 -9999.0 -9999.0 -9999.0 -9999.0 -9999.0 -9999.0 -9999.0 -9999.0 -9999.0 -9999.0 -9999.0 -9999.0 -9999.0 -9999.0 -9999.0 -9999.0 -9999.0 -9999.0 -9999.0 -9999.0 -9999.0 -9999.0 -9999.0 -9999.0 -9999.0 -9999.0 -9999.0 -9999.0 -9999.0 -9999.0 -9999.0 -9999.0 -9999.0 -9999.0 -9999.0 -9999.0 -9999.0 -9999.0 -9999.0 -9999.0 -9999.0 -9999.0 -9999.0 -9999.0 -9999.0
-9999.0 -9999.0 -9999.0 -9999.0 -9999.0 -9999.0 -9999.0 -9999.0 -9999.0 -9999.0 -9999.0 -9999.0 -9999.0 -9999.0 -9999.0 -9999.0 -9999.0 -9999.0 -9999.0 -9999.0 -9999.0 -9999.0 -9999.0 -9999.0 -9999.0 -9999.0 -9999.0 -9999.0 -9999.0 -9999.0 -9999.0 -9999.0 -9999.0 -9999.0 -9999.0 -9999.0 -9999.0 -9999.0 -9999.0 -9999.0 -9999.0 -9999.0 -9999.0 -9999.0 -9999.0 -9999.0 -9999.0 -9999.0 -9999.0 -9999.0 -9999.0 -9999.0 -9999.0 -9999.0 -9999.0 -9999.0 -9999.0 -9999.0 -9999.0 -9999.0 -9999.0 -9999.0 -9999.0 -9999.0 -9999.0 -9999.0 -9999.0 -9999.0 -9999.0 -9999.0 -9999.0 -9999.0 -9999.0 -9999.0 -9999.0 -9999.0 -9999.0 -9999.0 -9999.0 -9999.0 -9999.0 -9999.0 -9999.0 -9999.0 -9999.0 -9999.0 -9999.0 -9999.0 -9999.0 -9999.0 -9999.0 -9999.0 -9999.0 -9999.0 -9999.0 -9999.0 -9999.0 -9999.0 -9999.0 -9999.0 -9999.0 -9999.0 -9999.0 -9999.0