inst/processing_geotop_simulation/geotop_simulation/out/maps3D/PwL0009N0236.asc
ncols         104
nrows         10
xllcorner     -2.000000
yllcorner     0.000000
cellsize      1.000000
NODATA_value  -9999.0
-9999.0 -9999.0 -9999.0 -9999.0 -9999.0 -9999.0 -9999.0 -9999.0 -9999.0 -9999.0 -9999.0 -9999.0 -9999.0 -9999.0 -9999.0 -9999.0 -9999.0 -9999.0 -9999.0 -9999.0 -9999.0 -9999.0 -9999.0 -9999.0 -9999.0 -9999.0 -9999.0 -9999.0 -9999.0 -9999.0 -9999.0 -9999.0 -9999.0 -9999.0 -9999.0 -9999.0 -9999.0 -9999.0 -9999.0 -9999.0 -9999.0 -9999.0 -9999.0 -9999.0 -9999.0 -9999.0 -9999.0 -9999.0 -9999.0 -9999.0 -9999.0 -9999.0 -9999.0 -9999.0 -9999.0 -9999.0 -9999.0 -9999.0 -9999.0 -9999.0 -9999.0 -9999.0 -9999.0 -9999.0 -9999.0 -9999.0 -9999.0 -9999.0 -9999.0 -9999.0 -9999.0 -9999.0 -9999.0 -9999.0 -9999.0 -9999.0 -9999.0 -9999.0 -9999.0 -9999.0 -9999.0 -9999.0 -9999.0 -9999.0 -9999.0 -9999.0 -9999.0 -9999.0 -9999.0 -9999.0 -9999.0 -9999.0 -9999.0 -9999.0 -9999.0 -9999.0 -9999.0 -9999.0 -9999.0 -9999.0 -9999.0 -9999.0 -9999.0 -9999.0
-9999.0 -9999.0 -9999.0 -9999.0 -9999.0 -9999.0 -9999.0 -9999.0 -9999.0 -9999.0 -9999.0 -9999.0 -9999.0 -9999.0 -9999.0 -9999.0 -9999.0 -9999.0 -9999.0 -9999.0 -9999.0 -9999.0 -9999.0 -9999.0 -9999.0 -9999.0 -9999.0 -9999.0 -9999.0 -9999.0 -9999.0 -9999.0 -9999.0 -9999.0 -9999.0 -9999.0 -9999.0 -9999.0 -9999.0 -9999.0 -9999.0 -9999.0 -9999.0 -9999.0 -9999.0 -9999.0 -9999.0 -9999.0 -9999.0 -9999.0 -9999.0 -9999.0 -9999.0 -9999.0 -9999.0 -9999.0 -9999.0 -9999.0 -9999.0 -9999.0 -9999.0 -9999.0 -9999.0 -9999.0 -9999.0 -9999.0 -9999.0 -9999.0 -9999.0 -9999.0 -9999.0 -9999.0 -9999.0 -9999.0 -9999.0 -9999.0 -9999.0 -9999.0 -9999.0 -9999.0 -9999.0 -9999.0 -9999.0 -9999.0 -9999.0 -9999.0 -9999.0 -9999.0 -9999.0 -9999.0 -9999.0 -9999.0 -9999.0 -9999.0 -9999.0 -9999.0 -9999.0 -9999.0 -9999.0 -9999.0 -9999.0 -9999.0 -9999.0 -9999.0
-9999.0 -9999.0 426.951576 331.286719 234.139693 136.351881 38.298173 -59.858378 -158.047877 -256.223084 -354.328557 -452.266544 -549.824051 -646.568556 -742.757970 -839.157893 -935.196091 -1030.931117 -1124.994349 -1215.088432 -1299.487617 -1374.522795 -1437.441102 -1487.420386 -1525.383870 -1553.243827 -1573.171685 -1587.151266 -1596.805366 -1603.383485 -1607.813982 -1610.768898 -1612.724172 -1614.010307 -1614.853185 -1615.407120 -1615.785137 -1616.109883 -1616.720537 -1619.092124 -1628.141696 -1643.845065 -1275.707239 -1420.035874 -1370.601576 -1340.421243 -1326.668247 -1324.826503 -1324.638837 -1324.658890 -1324.708621 -1324.761910 -1324.813077 -1324.860432 -1324.904253 -1324.954100 -1325.103711 -1326.150294 -1333.237754 -1349.410515 -1372.966675 -1209.980494 -1613.974662 -1621.749867 -1617.807549 -1616.760902 -1616.576204 -1616.547225 -1616.543295 -1616.543423 -1616.544125 -1616.544783 -1616.545304 -1616.545704 -1616.546010 -1616.546249 -1616.546438 -1616.546592 -1616.546720 -1616.546835 -1616.546948 -1616.547074 -1616.547233 -1616.547452 -1616.547777 -1616.548275 -1616.549060 -1616.550316 -1616.552360 -1616.555749 -1616.561496 -1616.571502 -1616.589447 -1616.622604 -1616.685588 -1616.808381 -1617.054818 -1617.569711 -1618.709348 -1621.430986 -1628.657119 -1651.524872 -9999.0 -9999.0
-9999.0 -9999.0 426.958523 331.288569 234.140200 136.352033 38.298222 -59.858361 -158.047871 -256.223082 -354.328556 -452.266543 -549.824050 -646.568555 -742.757970 -839.157893 -935.196091 -1030.931117 -1124.994349 -1215.088432 -1299.487618 -1374.522795 -1437.441102 -1487.420386 -1525.383870 -1553.243828 -1573.171685 -1587.151266 -1596.805366 -1603.383485 -1607.813982 -1610.768898 -1612.724172 -1614.010307 -1614.853185 -1615.407120 -1615.785137 -1616.109883 -1616.720537 -1619.092124 -1628.141696 -1643.845065 -1275.707239 -1420.035873 -1370.601576 -1340.421242 -1326.668247 -1324.826503 -1324.638837 -1324.658890 -1324.708621 -1324.761910 -1324.813077 -1324.860432 -1324.904253 -1324.954100 -1325.103711 -1326.150294 -1333.237754 -1349.410515 -1372.966675 -1209.980494 -1613.974662 -1621.749867 -1617.807549 -1616.760902 -1616.576204 -1616.547225 -1616.543295 -1616.543423 -1616.544125 -1616.544783 -1616.545304 -1616.545704 -1616.546010 -1616.546249 -1616.546438 -1616.546592 -1616.546720 -1616.546835 -1616.546948 -1616.547074 -1616.547233 -1616.547452 -1616.547777 -1616.548275 -1616.549060 -1616.550316 -1616.552360 -1616.555749 -1616.561496 -1616.571502 -1616.589447 -1616.622604 -1616.685588 -1616.808381 -1617.054818 -1617.569711 -1618.709348 -1621.430986 -1628.657119 -1651.524872 -9999.0 -9999.0
-9999.0 -9999.0 426.960060 331.289384 234.140526 136.352153 38.298264 -59.858346 -158.047865 -256.223080 -354.328555 -452.266543 -549.824050 -646.568555 -742.757969 -839.157893 -935.196092 -1030.931117 -1124.994349 -1215.088432 -1299.487618 -1374.522795 -1437.441102 -1487.420386 -1525.383870 -1553.243828 -1573.171685 -1587.151266 -1596.805366 -1603.383485 -1607.813982 -1610.768898 -1612.724172 -1614.010307 -1614.853185 -1615.407120 -1615.785137 -1616.109883 -1616.720537 -1619.092124 -1628.141696 -1643.845065 -1275.707239 -1420.035873 -1370.601576 -1340.421242 -1326.668247 -1324.826503 -1324.638837 -1324.658890 -1324.708621 -1324.761910 -1324.813077 -1324.860432 -1324.904253 -1324.954100 -1325.103711 -1326.150294 -1333.237754 -1349.410515 -1372.966675 -1209.980494 -1613.974662 -1621.749867 -1617.807549 -1616.760902 -1616.576204 -1616.547225 -1616.543295 -1616.543423 -1616.544125 -1616.544783 -1616.545304 -1616.545704 -1616.546010 -1616.546249 -1616.546438 -1616.546592 -1616.546720 -1616.546835 -1616.546948 -1616.547074 -1616.547233 -1616.547452 -1616.547777 -1616.548275 -1616.549060 -1616.550316 -1616.552360 -1616.555749 -1616.561496 -1616.571502 -1616.589447 -1616.622604 -1616.685588 -1616.808381 -1617.054818 -1617.569711 -1618.709348 -1621.430986 -1628.657119 -1651.524872 -9999.0 -9999.0
-9999.0 -9999.0 426.960060 331.289384 234.140526 136.352153 38.298264 -59.858346 -158.047865 -256.223080 -354.328555 -452.266543 -549.824050 -646.568555 -742.757969 -839.157893 -935.196092 -1030.931117 -1124.994349 -1215.088432 -1299.487618 -1374.522795 -1437.441102 -1487.420386 -1525.383870 -1553.243828 -1573.171685 -1587.151266 -1596.805366 -1603.383485 -1607.813982 -1610.768898 -1612.724172 -1614.010307 -1614.853185 -1615.407120 -1615.785137 -1616.109883 -1616.720537 -1619.092124 -1628.141696 -1643.845065 -1275.707239 -1420.035873 -1370.601576 -1340.421242 -1326.668247 -1324.826503 -1324.638837 -1324.658890 -1324.708621 -1324.761910 -1324.813077 -1324.860432 -1324.904253 -1324.954100 -1325.103711 -1326.150294 -1333.237754 -1349.410515 -1372.966675 -1209.980494 -1613.974662 -1621.749867 -1617.807549 -1616.760902 -1616.576204 -1616.547225 -1616.543295 -1616.543423 -1616.544125 -1616.544783 -1616.545304 -1616.545704 -1616.546010 -1616.546249 -1616.546438 -1616.546592 -1616.546720 -1616.546835 -1616.546948 -1616.547074 -1616.547233 -1616.547452 -1616.547777 -1616.548275 -1616.549060 -1616.550316 -1616.552360 -1616.555749 -1616.561496 -1616.571502 -1616.589447 -1616.622604 -1616.685588 -1616.808381 -1617.054818 -1617.569711 -1618.709348 -1621.430986 -1628.657119 -1651.524872 -9999.0 -9999.0
-9999.0 -9999.0 426.958523 331.288569 234.140200 136.352033 38.298222 -59.858361 -158.047871 -256.223082 -354.328556 -452.266543 -549.824050 -646.568555 -742.757969 -839.157893 -935.196091 -1030.931117 -1124.994349 -1215.088432 -1299.487618 -1374.522795 -1437.441102 -1487.420386 -1525.383870 -1553.243828 -1573.171685 -1587.151266 -1596.805366 -1603.383485 -1607.813982 -1610.768898 -1612.724172 -1614.010307 -1614.853185 -1615.407120 -1615.785137 -1616.109883 -1616.720537 -1619.092124 -1628.141696 -1643.845065 -1275.707239 -1420.035873 -1370.601576 -1340.421242 -1326.668247 -1324.826503 -1324.638837 -1324.658890 -1324.708621 -1324.761910 -1324.813077 -1324.860432 -1324.904253 -1324.954100 -1325.103711 -1326.150294 -1333.237754 -1349.410515 -1372.966675 -1209.980494 -1613.974662 -1621.749867 -1617.807549 -1616.760902 -1616.576204 -1616.547225 -1616.543295 -1616.543423 -1616.544125 -1616.544783 -1616.545304 -1616.545704 -1616.546010 -1616.546249 -1616.546438 -1616.546592 -1616.546720 -1616.546835 -1616.546948 -1616.547074 -1616.547233 -1616.547452 -1616.547777 -1616.548275 -1616.549060 -1616.550316 -1616.552360 -1616.555749 -1616.561496 -1616.571502 -1616.589447 -1616.622604 -1616.685588 -1616.808381 -1617.054818 -1617.569711 -1618.709348 -1621.430986 -1628.657119 -1651.524872 -9999.0 -9999.0
-9999.0 -9999.0 426.951576 331.286719 234.139693 136.351881 38.298173 -59.858378 -158.047877 -256.223084 -354.328557 -452.266544 -549.824051 -646.568556 -742.757970 -839.157893 -935.196091 -1030.931117 -1124.994349 -1215.088432 -1299.487617 -1374.522795 -1437.441102 -1487.420386 -1525.383870 -1553.243827 -1573.171685 -1587.151266 -1596.805366 -1603.383485 -1607.813982 -1610.768898 -1612.724172 -1614.010307 -1614.853185 -1615.407120 -1615.785137 -1616.109883 -1616.720537 -1619.092124 -1628.141696 -1643.845065 -1275.707239 -1420.035873 -1370.601576 -1340.421243 -1326.668247 -1324.826503 -1324.638837 -1324.658890 -1324.708621 -1324.761910 -1324.813077 -1324.860432 -1324.904253 -1324.954100 -1325.103711 -1326.150294 -1333.237754 -1349.410515 -1372.966675 -1209.980494 -1613.974662 -1621.749867 -1617.807549 -1616.760902 -1616.576204 -1616.547225 -1616.543295 -1616.543423 -1616.544125 -1616.544783 -1616.545304 -1616.545704 -1616.546010 -1616.546249 -1616.546438 -1616.546592 -1616.546720 -1616.546835 -1616.546948 -1616.547074 -1616.547233 -1616.547452 -1616.547777 -1616.548275 -1616.549060 -1616.550316 -1616.552360 -1616.555749 -1616.561496 -1616.571502 -1616.589447 -1616.622604 -1616.685588 -1616.808381 -1617.054818 -1617.569711 -1618.709348 -1621.430986 -1628.657119 -1651.524872 -9999.0 -9999.0
-9999.0 -9999.0 -9999.0 -9999.0 -9999.0 -9999.0 -9999.0 -9999.0 -9999.0 -9999.0 -9999.0 -9999.0 -9999.0 -9999.0 -9999.0 -9999.0 -9999.0 -9999.0 -9999.0 -9999.0 -9999.0 -9999.0 -9999.0 -9999.0 -9999.0 -9999.0 -9999.0 -9999.0 -9999.0 -9999.0 -9999.0 -9999.0 -9999.0 -9999.0 -9999.0 -9999.0 -9999.0 -9999.0 -9999.0 -9999.0 -9999.0 -9999.0 -9999.0 -9999.0 -9999.0 -9999.0 -9999.0 -9999.0 -9999.0 -9999.0 -9999.0 -9999.0 -9999.0 -9999.0 -9999.0 -9999.0 -9999.0 -9999.0 -9999.0 -9999.0 -9999.0 -9999.0 -9999.0 -9999.0 -9999.0 -9999.0 -9999.0 -9999.0 -9999.0 -9999.0 -9999.0 -9999.0 -9999.0 -9999.0 -9999.0 -9999.0 -9999.0 -9999.0 -9999.0 -9999.0 -9999.0 -9999.0 -9999.0 -9999.0 -9999.0 -9999.0 -9999.0 -9999.0 -9999.0 -9999.0 -9999.0 -9999.0 -9999.0 -9999.0 -9999.0 -9999.0 -9999.0 -9999.0 -9999.0 -9999.0 -9999.0 -9999.0 -9999.0 -9999.0
-9999.0 -9999.0 -9999.0 -9999.0 -9999.0 -9999.0 -9999.0 -9999.0 -9999.0 -9999.0 -9999.0 -9999.0 -9999.0 -9999.0 -9999.0 -9999.0 -9999.0 -9999.0 -9999.0 -9999.0 -9999.0 -9999.0 -9999.0 -9999.0 -9999.0 -9999.0 -9999.0 -9999.0 -9999.0 -9999.0 -9999.0 -9999.0 -9999.0 -9999.0 -9999.0 -9999.0 -9999.0 -9999.0 -9999.0 -9999.0 -9999.0 -9999.0 -9999.0 -9999.0 -9999.0 -9999.0 -9999.0 -9999.0 -9999.0 -9999.0 -9999.0 -9999.0 -9999.0 -9999.0 -9999.0 -9999.0 -9999.0 -9999.0 -9999.0 -9999.0 -9999.0 -9999.0 -9999.0 -9999.0 -9999.0 -9999.0 -9999.0 -9999.0 -9999.0 -9999.0 -9999.0 -9999.0 -9999.0 -9999.0 -9999.0 -9999.0 -9999.0 -9999.0 -9999.0 -9999.0 -9999.0 -9999.0 -9999.0 -9999.0 -9999.0 -9999.0 -9999.0 -9999.0 -9999.0 -9999.0 -9999.0 -9999.0 -9999.0 -9999.0 -9999.0 -9999.0 -9999.0 -9999.0 -9999.0 -9999.0 -9999.0 -9999.0 -9999.0 -9999.0