inst/processing_geotop_simulation/geotop_simulation/out/maps3D/PwL0003N0475.asc
ncols         104
nrows         10
xllcorner     -2.000000
yllcorner     0.000000
cellsize      1.000000
NODATA_value  -9999.0
-9999.0 -9999.0 -9999.0 -9999.0 -9999.0 -9999.0 -9999.0 -9999.0 -9999.0 -9999.0 -9999.0 -9999.0 -9999.0 -9999.0 -9999.0 -9999.0 -9999.0 -9999.0 -9999.0 -9999.0 -9999.0 -9999.0 -9999.0 -9999.0 -9999.0 -9999.0 -9999.0 -9999.0 -9999.0 -9999.0 -9999.0 -9999.0 -9999.0 -9999.0 -9999.0 -9999.0 -9999.0 -9999.0 -9999.0 -9999.0 -9999.0 -9999.0 -9999.0 -9999.0 -9999.0 -9999.0 -9999.0 -9999.0 -9999.0 -9999.0 -9999.0 -9999.0 -9999.0 -9999.0 -9999.0 -9999.0 -9999.0 -9999.0 -9999.0 -9999.0 -9999.0 -9999.0 -9999.0 -9999.0 -9999.0 -9999.0 -9999.0 -9999.0 -9999.0 -9999.0 -9999.0 -9999.0 -9999.0 -9999.0 -9999.0 -9999.0 -9999.0 -9999.0 -9999.0 -9999.0 -9999.0 -9999.0 -9999.0 -9999.0 -9999.0 -9999.0 -9999.0 -9999.0 -9999.0 -9999.0 -9999.0 -9999.0 -9999.0 -9999.0 -9999.0 -9999.0 -9999.0 -9999.0 -9999.0 -9999.0 -9999.0 -9999.0 -9999.0 -9999.0
-9999.0 -9999.0 -9999.0 -9999.0 -9999.0 -9999.0 -9999.0 -9999.0 -9999.0 -9999.0 -9999.0 -9999.0 -9999.0 -9999.0 -9999.0 -9999.0 -9999.0 -9999.0 -9999.0 -9999.0 -9999.0 -9999.0 -9999.0 -9999.0 -9999.0 -9999.0 -9999.0 -9999.0 -9999.0 -9999.0 -9999.0 -9999.0 -9999.0 -9999.0 -9999.0 -9999.0 -9999.0 -9999.0 -9999.0 -9999.0 -9999.0 -9999.0 -9999.0 -9999.0 -9999.0 -9999.0 -9999.0 -9999.0 -9999.0 -9999.0 -9999.0 -9999.0 -9999.0 -9999.0 -9999.0 -9999.0 -9999.0 -9999.0 -9999.0 -9999.0 -9999.0 -9999.0 -9999.0 -9999.0 -9999.0 -9999.0 -9999.0 -9999.0 -9999.0 -9999.0 -9999.0 -9999.0 -9999.0 -9999.0 -9999.0 -9999.0 -9999.0 -9999.0 -9999.0 -9999.0 -9999.0 -9999.0 -9999.0 -9999.0 -9999.0 -9999.0 -9999.0 -9999.0 -9999.0 -9999.0 -9999.0 -9999.0 -9999.0 -9999.0 -9999.0 -9999.0 -9999.0 -9999.0 -9999.0 -9999.0 -9999.0 -9999.0 -9999.0 -9999.0
-9999.0 -9999.0 124.994157 26.723723 -72.401766 -171.751919 -271.185628 -370.650952 -470.121287 -569.578970 -668.997339 -768.347767 -867.636324 -966.835901 -1065.998753 -1165.149676 -1264.091167 -1362.722955 -1460.820779 -1557.905419 -1652.969302 -1744.102971 -1828.452374 -1903.002616 -1965.721159 -2016.140084 -2055.154252 -2084.440054 -2105.908733 -2121.359438 -2132.319809 -2140.007008 -2145.350386 -2149.038532 -2151.571115 -2153.308180 -2154.521871 -2155.484558 -2156.681173 -2158.879818 -2156.984829 -2077.961167 -1267.880719 -1268.124705 -1257.389106 -1250.172648 -1246.774584 -1246.229735 -1246.169354 -1246.173889 -1246.187710 -1246.202675 -1246.217073 -1246.230417 -1246.242883 -1246.258088 -1246.308963 -1246.641560 -1248.472931 -1252.481812 -1257.453382 -1249.416256 -2052.254471 -2151.439469 -2157.618290 -2157.294180 -2157.088946 -2157.041555 -2157.033189 -2157.032204 -2157.032440 -2157.032807 -2157.033125 -2157.033379 -2157.033581 -2157.033744 -2157.033878 -2157.033993 -2157.034094 -2157.034188 -2157.034283 -2157.034387 -2157.034514 -2157.034682 -2157.034918 -2157.035268 -2157.035805 -2157.036653 -2157.038025 -2157.040301 -2157.044188 -2157.051029 -2157.063459 -2157.086762 -2157.131820 -2157.221916 -2157.409779 -2157.823974 -2158.805852 -2161.358407 -2168.806183 -2193.639429 -9999.0 -9999.0
-9999.0 -9999.0 125.003329 26.725481 -72.401325 -171.751790 -271.185587 -370.650938 -470.121281 -569.578968 -668.997338 -768.347767 -867.636324 -966.835901 -1065.998753 -1165.149676 -1264.091167 -1362.722956 -1460.820779 -1557.905419 -1652.969303 -1744.102971 -1828.452374 -1903.002616 -1965.721159 -2016.140085 -2055.154252 -2084.440054 -2105.908733 -2121.359438 -2132.319809 -2140.007008 -2145.350386 -2149.038532 -2151.571115 -2153.308180 -2154.521871 -2155.484558 -2156.681173 -2158.879818 -2156.984829 -2077.961166 -1267.880719 -1268.124704 -1257.389106 -1250.172648 -1246.774584 -1246.229735 -1246.169354 -1246.173889 -1246.187710 -1246.202675 -1246.217073 -1246.230417 -1246.242883 -1246.258088 -1246.308963 -1246.641560 -1248.472931 -1252.481812 -1257.453382 -1249.416256 -2052.254471 -2151.439469 -2157.618290 -2157.294180 -2157.088946 -2157.041555 -2157.033189 -2157.032204 -2157.032440 -2157.032807 -2157.033125 -2157.033379 -2157.033581 -2157.033744 -2157.033878 -2157.033993 -2157.034094 -2157.034188 -2157.034283 -2157.034387 -2157.034514 -2157.034682 -2157.034918 -2157.035268 -2157.035805 -2157.036653 -2157.038025 -2157.040301 -2157.044188 -2157.051029 -2157.063459 -2157.086762 -2157.131819 -2157.221916 -2157.409779 -2157.823974 -2158.805852 -2161.358407 -2168.806183 -2193.639429 -9999.0 -9999.0
-9999.0 -9999.0 125.004473 26.726192 -72.401045 -171.751689 -271.185551 -370.650925 -470.121277 -569.578966 -668.997337 -768.347766 -867.636323 -966.835901 -1065.998753 -1165.149676 -1264.091167 -1362.722956 -1460.820779 -1557.905420 -1652.969303 -1744.102971 -1828.452374 -1903.002616 -1965.721159 -2016.140085 -2055.154252 -2084.440054 -2105.908733 -2121.359438 -2132.319809 -2140.007008 -2145.350386 -2149.038532 -2151.571115 -2153.308180 -2154.521871 -2155.484558 -2156.681173 -2158.879818 -2156.984829 -2077.961166 -1267.880719 -1268.124704 -1257.389106 -1250.172648 -1246.774584 -1246.229735 -1246.169354 -1246.173889 -1246.187710 -1246.202675 -1246.217073 -1246.230417 -1246.242883 -1246.258088 -1246.308963 -1246.641560 -1248.472931 -1252.481812 -1257.453382 -1249.416256 -2052.254471 -2151.439469 -2157.618290 -2157.294180 -2157.088946 -2157.041555 -2157.033189 -2157.032204 -2157.032440 -2157.032807 -2157.033125 -2157.033379 -2157.033581 -2157.033744 -2157.033878 -2157.033993 -2157.034094 -2157.034188 -2157.034283 -2157.034387 -2157.034514 -2157.034682 -2157.034918 -2157.035268 -2157.035805 -2157.036653 -2157.038025 -2157.040301 -2157.044188 -2157.051029 -2157.063459 -2157.086762 -2157.131819 -2157.221916 -2157.409779 -2157.823974 -2158.805852 -2161.358407 -2168.806183 -2193.639429 -9999.0 -9999.0
-9999.0 -9999.0 125.004473 26.726192 -72.401045 -171.751689 -271.185551 -370.650926 -470.121277 -569.578966 -668.997337 -768.347767 -867.636323 -966.835901 -1065.998753 -1165.149676 -1264.091167 -1362.722956 -1460.820779 -1557.905420 -1652.969303 -1744.102971 -1828.452374 -1903.002616 -1965.721159 -2016.140085 -2055.154252 -2084.440054 -2105.908733 -2121.359438 -2132.319809 -2140.007008 -2145.350386 -2149.038532 -2151.571115 -2153.308180 -2154.521871 -2155.484558 -2156.681173 -2158.879818 -2156.984829 -2077.961166 -1267.880719 -1268.124704 -1257.389106 -1250.172648 -1246.774584 -1246.229735 -1246.169354 -1246.173889 -1246.187710 -1246.202675 -1246.217073 -1246.230417 -1246.242883 -1246.258088 -1246.308963 -1246.641560 -1248.472931 -1252.481812 -1257.453382 -1249.416256 -2052.254471 -2151.439469 -2157.618290 -2157.294180 -2157.088946 -2157.041555 -2157.033189 -2157.032204 -2157.032440 -2157.032807 -2157.033125 -2157.033379 -2157.033581 -2157.033744 -2157.033878 -2157.033993 -2157.034094 -2157.034188 -2157.034283 -2157.034387 -2157.034514 -2157.034682 -2157.034918 -2157.035268 -2157.035805 -2157.036653 -2157.038025 -2157.040301 -2157.044188 -2157.051029 -2157.063459 -2157.086762 -2157.131819 -2157.221916 -2157.409779 -2157.823974 -2158.805852 -2161.358407 -2168.806183 -2193.639429 -9999.0 -9999.0
-9999.0 -9999.0 125.003329 26.725481 -72.401325 -171.751790 -271.185587 -370.650938 -470.121282 -569.578968 -668.997338 -768.347767 -867.636324 -966.835901 -1065.998753 -1165.149676 -1264.091167 -1362.722956 -1460.820779 -1557.905419 -1652.969303 -1744.102971 -1828.452374 -1903.002616 -1965.721159 -2016.140084 -2055.154252 -2084.440054 -2105.908733 -2121.359438 -2132.319809 -2140.007008 -2145.350386 -2149.038532 -2151.571115 -2153.308180 -2154.521871 -2155.484558 -2156.681173 -2158.879818 -2156.984829 -2077.961166 -1267.880719 -1268.124704 -1257.389106 -1250.172648 -1246.774584 -1246.229735 -1246.169354 -1246.173889 -1246.187710 -1246.202675 -1246.217073 -1246.230417 -1246.242883 -1246.258088 -1246.308963 -1246.641560 -1248.472931 -1252.481812 -1257.453382 -1249.416256 -2052.254471 -2151.439469 -2157.618290 -2157.294180 -2157.088946 -2157.041555 -2157.033189 -2157.032204 -2157.032440 -2157.032807 -2157.033125 -2157.033379 -2157.033581 -2157.033744 -2157.033878 -2157.033993 -2157.034094 -2157.034188 -2157.034283 -2157.034387 -2157.034514 -2157.034682 -2157.034918 -2157.035268 -2157.035805 -2157.036653 -2157.038025 -2157.040301 -2157.044188 -2157.051029 -2157.063459 -2157.086762 -2157.131819 -2157.221916 -2157.409779 -2157.823974 -2158.805852 -2161.358407 -2168.806183 -2193.639429 -9999.0 -9999.0
-9999.0 -9999.0 124.994157 26.723723 -72.401766 -171.751919 -271.185628 -370.650952 -470.121287 -569.578970 -668.997339 -768.347768 -867.636324 -966.835901 -1065.998753 -1165.149676 -1264.091167 -1362.722956 -1460.820779 -1557.905419 -1652.969302 -1744.102971 -1828.452374 -1903.002616 -1965.721159 -2016.140084 -2055.154252 -2084.440054 -2105.908733 -2121.359438 -2132.319809 -2140.007008 -2145.350386 -2149.038532 -2151.571115 -2153.308180 -2154.521871 -2155.484558 -2156.681173 -2158.879818 -2156.984829 -2077.961167 -1267.880719 -1268.124705 -1257.389106 -1250.172648 -1246.774584 -1246.229735 -1246.169354 -1246.173889 -1246.187710 -1246.202675 -1246.217073 -1246.230417 -1246.242883 -1246.258088 -1246.308963 -1246.641560 -1248.472931 -1252.481812 -1257.453382 -1249.416256 -2052.254471 -2151.439469 -2157.618290 -2157.294180 -2157.088946 -2157.041555 -2157.033189 -2157.032204 -2157.032440 -2157.032807 -2157.033125 -2157.033379 -2157.033581 -2157.033744 -2157.033878 -2157.033993 -2157.034094 -2157.034188 -2157.034283 -2157.034387 -2157.034514 -2157.034682 -2157.034918 -2157.035268 -2157.035805 -2157.036653 -2157.038025 -2157.040301 -2157.044188 -2157.051029 -2157.063459 -2157.086762 -2157.131820 -2157.221916 -2157.409779 -2157.823974 -2158.805852 -2161.358407 -2168.806183 -2193.639429 -9999.0 -9999.0
-9999.0 -9999.0 -9999.0 -9999.0 -9999.0 -9999.0 -9999.0 -9999.0 -9999.0 -9999.0 -9999.0 -9999.0 -9999.0 -9999.0 -9999.0 -9999.0 -9999.0 -9999.0 -9999.0 -9999.0 -9999.0 -9999.0 -9999.0 -9999.0 -9999.0 -9999.0 -9999.0 -9999.0 -9999.0 -9999.0 -9999.0 -9999.0 -9999.0 -9999.0 -9999.0 -9999.0 -9999.0 -9999.0 -9999.0 -9999.0 -9999.0 -9999.0 -9999.0 -9999.0 -9999.0 -9999.0 -9999.0 -9999.0 -9999.0 -9999.0 -9999.0 -9999.0 -9999.0 -9999.0 -9999.0 -9999.0 -9999.0 -9999.0 -9999.0 -9999.0 -9999.0 -9999.0 -9999.0 -9999.0 -9999.0 -9999.0 -9999.0 -9999.0 -9999.0 -9999.0 -9999.0 -9999.0 -9999.0 -9999.0 -9999.0 -9999.0 -9999.0 -9999.0 -9999.0 -9999.0 -9999.0 -9999.0 -9999.0 -9999.0 -9999.0 -9999.0 -9999.0 -9999.0 -9999.0 -9999.0 -9999.0 -9999.0 -9999.0 -9999.0 -9999.0 -9999.0 -9999.0 -9999.0 -9999.0 -9999.0 -9999.0 -9999.0 -9999.0 -9999.0
-9999.0 -9999.0 -9999.0 -9999.0 -9999.0 -9999.0 -9999.0 -9999.0 -9999.0 -9999.0 -9999.0 -9999.0 -9999.0 -9999.0 -9999.0 -9999.0 -9999.0 -9999.0 -9999.0 -9999.0 -9999.0 -9999.0 -9999.0 -9999.0 -9999.0 -9999.0 -9999.0 -9999.0 -9999.0 -9999.0 -9999.0 -9999.0 -9999.0 -9999.0 -9999.0 -9999.0 -9999.0 -9999.0 -9999.0 -9999.0 -9999.0 -9999.0 -9999.0 -9999.0 -9999.0 -9999.0 -9999.0 -9999.0 -9999.0 -9999.0 -9999.0 -9999.0 -9999.0 -9999.0 -9999.0 -9999.0 -9999.0 -9999.0 -9999.0 -9999.0 -9999.0 -9999.0 -9999.0 -9999.0 -9999.0 -9999.0 -9999.0 -9999.0 -9999.0 -9999.0 -9999.0 -9999.0 -9999.0 -9999.0 -9999.0 -9999.0 -9999.0 -9999.0 -9999.0 -9999.0 -9999.0 -9999.0 -9999.0 -9999.0 -9999.0 -9999.0 -9999.0 -9999.0 -9999.0 -9999.0 -9999.0 -9999.0 -9999.0 -9999.0 -9999.0 -9999.0 -9999.0 -9999.0 -9999.0 -9999.0 -9999.0 -9999.0 -9999.0 -9999.0