inst/processing_geotop_simulation/geotop_simulation/out/maps3D/PwL0018N0074.asc
ncols         104
nrows         10
xllcorner     -2.000000
yllcorner     0.000000
cellsize      1.000000
NODATA_value  -9999.0
-9999.0 -9999.0 -9999.0 -9999.0 -9999.0 -9999.0 -9999.0 -9999.0 -9999.0 -9999.0 -9999.0 -9999.0 -9999.0 -9999.0 -9999.0 -9999.0 -9999.0 -9999.0 -9999.0 -9999.0 -9999.0 -9999.0 -9999.0 -9999.0 -9999.0 -9999.0 -9999.0 -9999.0 -9999.0 -9999.0 -9999.0 -9999.0 -9999.0 -9999.0 -9999.0 -9999.0 -9999.0 -9999.0 -9999.0 -9999.0 -9999.0 -9999.0 -9999.0 -9999.0 -9999.0 -9999.0 -9999.0 -9999.0 -9999.0 -9999.0 -9999.0 -9999.0 -9999.0 -9999.0 -9999.0 -9999.0 -9999.0 -9999.0 -9999.0 -9999.0 -9999.0 -9999.0 -9999.0 -9999.0 -9999.0 -9999.0 -9999.0 -9999.0 -9999.0 -9999.0 -9999.0 -9999.0 -9999.0 -9999.0 -9999.0 -9999.0 -9999.0 -9999.0 -9999.0 -9999.0 -9999.0 -9999.0 -9999.0 -9999.0 -9999.0 -9999.0 -9999.0 -9999.0 -9999.0 -9999.0 -9999.0 -9999.0 -9999.0 -9999.0 -9999.0 -9999.0 -9999.0 -9999.0 -9999.0 -9999.0 -9999.0 -9999.0 -9999.0 -9999.0
-9999.0 -9999.0 -9999.0 -9999.0 -9999.0 -9999.0 -9999.0 -9999.0 -9999.0 -9999.0 -9999.0 -9999.0 -9999.0 -9999.0 -9999.0 -9999.0 -9999.0 -9999.0 -9999.0 -9999.0 -9999.0 -9999.0 -9999.0 -9999.0 -9999.0 -9999.0 -9999.0 -9999.0 -9999.0 -9999.0 -9999.0 -9999.0 -9999.0 -9999.0 -9999.0 -9999.0 -9999.0 -9999.0 -9999.0 -9999.0 -9999.0 -9999.0 -9999.0 -9999.0 -9999.0 -9999.0 -9999.0 -9999.0 -9999.0 -9999.0 -9999.0 -9999.0 -9999.0 -9999.0 -9999.0 -9999.0 -9999.0 -9999.0 -9999.0 -9999.0 -9999.0 -9999.0 -9999.0 -9999.0 -9999.0 -9999.0 -9999.0 -9999.0 -9999.0 -9999.0 -9999.0 -9999.0 -9999.0 -9999.0 -9999.0 -9999.0 -9999.0 -9999.0 -9999.0 -9999.0 -9999.0 -9999.0 -9999.0 -9999.0 -9999.0 -9999.0 -9999.0 -9999.0 -9999.0 -9999.0 -9999.0 -9999.0 -9999.0 -9999.0 -9999.0 -9999.0 -9999.0 -9999.0 -9999.0 -9999.0 -9999.0 -9999.0 -9999.0 -9999.0
-9999.0 -9999.0 618.184942 518.286849 418.633094 319.329097 220.444166 122.059620 24.271018 -72.931371 -170.051561 -268.137397 -368.493237 -471.217956 -572.942849 -665.373158 -733.199076 -775.117015 -799.985631 -858.132695 -912.408541 -963.913347 -1013.993529 -990.532775 -973.850026 -963.243119 -957.207309 -954.255478 -953.207567 -953.230411 -953.780081 -954.525218 -955.280343 -955.953803 -956.510623 -956.949446 -957.296608 -957.612612 -957.975788 -958.993257 -967.972617 -1067.880484 -2146.015149 -4080.525445 -4084.158352 -4084.158416 -4084.158416 -4084.158416 -4084.158416 -4084.158415 -4084.158414 -4084.158410 -4084.158402 -4084.158389 -4084.158365 -4084.158310 -4084.158165 -4084.157735 -4084.156336 -4084.151303 -4078.270169 -2035.563867 -1040.323197 -965.421418 -959.102806 -958.427718 -958.318066 -958.298415 -958.297070 -958.299188 -958.301529 -958.303455 -958.304930 -958.306048 -958.306902 -958.307565 -958.308091 -958.308515 -958.308867 -958.309176 -958.309475 -958.309803 -958.310211 -958.310773 -958.311600 -958.312867 -958.314854 -958.318018 -958.323130 -958.331513 -958.345527 -958.369530 -958.411829 -958.488706 -958.632578 -958.908544 -959.448834 -960.532962 -962.812319 -968.022389 -981.107122 -1014.950815 -9999.0 -9999.0
-9999.0 -9999.0 618.184941 518.286848 418.633094 319.329097 220.444165 122.059620 24.271017 -72.931371 -170.051562 -268.137397 -368.493238 -471.217957 -572.942849 -665.373158 -733.199076 -775.117015 -799.985631 -858.132695 -912.408541 -963.913347 -1013.993529 -990.532775 -973.850026 -963.243119 -957.207309 -954.255478 -953.207567 -953.230411 -953.780081 -954.525218 -955.280343 -955.953803 -956.510623 -956.949446 -957.296608 -957.612612 -957.975788 -958.993257 -967.972617 -1067.880484 -2146.015148 -4080.525445 -4084.158352 -4084.158416 -4084.158416 -4084.158416 -4084.158416 -4084.158415 -4084.158414 -4084.158410 -4084.158402 -4084.158389 -4084.158365 -4084.158310 -4084.158165 -4084.157735 -4084.156336 -4084.151303 -4078.270169 -2035.563867 -1040.323197 -965.421418 -959.102806 -958.427718 -958.318066 -958.298415 -958.297070 -958.299188 -958.301529 -958.303455 -958.304930 -958.306048 -958.306902 -958.307565 -958.308091 -958.308515 -958.308867 -958.309176 -958.309475 -958.309803 -958.310211 -958.310773 -958.311600 -958.312867 -958.314854 -958.318018 -958.323130 -958.331513 -958.345527 -958.369530 -958.411829 -958.488706 -958.632578 -958.908544 -959.448834 -960.532962 -962.812319 -968.022389 -981.107122 -1014.950814 -9999.0 -9999.0
-9999.0 -9999.0 618.184941 518.286848 418.633093 319.329097 220.444165 122.059620 24.271017 -72.931372 -170.051562 -268.137398 -368.493238 -471.217957 -572.942849 -665.373158 -733.199076 -775.117015 -799.985631 -858.132695 -912.408541 -963.913347 -1013.993529 -990.532775 -973.850026 -963.243119 -957.207309 -954.255478 -953.207567 -953.230411 -953.780081 -954.525218 -955.280343 -955.953803 -956.510623 -956.949446 -957.296608 -957.612612 -957.975788 -958.993257 -967.972617 -1067.880484 -2146.015148 -4080.525445 -4084.158352 -4084.158416 -4084.158416 -4084.158416 -4084.158416 -4084.158415 -4084.158414 -4084.158410 -4084.158402 -4084.158389 -4084.158365 -4084.158310 -4084.158165 -4084.157735 -4084.156336 -4084.151303 -4078.270169 -2035.563867 -1040.323197 -965.421418 -959.102806 -958.427718 -958.318066 -958.298415 -958.297070 -958.299188 -958.301529 -958.303455 -958.304930 -958.306048 -958.306902 -958.307565 -958.308091 -958.308515 -958.308867 -958.309176 -958.309475 -958.309803 -958.310211 -958.310773 -958.311600 -958.312867 -958.314854 -958.318018 -958.323130 -958.331513 -958.345527 -958.369530 -958.411829 -958.488706 -958.632578 -958.908544 -959.448834 -960.532962 -962.812319 -968.022389 -981.107122 -1014.950814 -9999.0 -9999.0
-9999.0 -9999.0 618.184941 518.286848 418.633093 319.329097 220.444165 122.059620 24.271017 -72.931372 -170.051562 -268.137398 -368.493238 -471.217957 -572.942849 -665.373158 -733.199076 -775.117015 -799.985631 -858.132695 -912.408541 -963.913347 -1013.993529 -990.532775 -973.850026 -963.243119 -957.207309 -954.255478 -953.207567 -953.230411 -953.780081 -954.525218 -955.280343 -955.953803 -956.510623 -956.949446 -957.296608 -957.612612 -957.975788 -958.993257 -967.972617 -1067.880484 -2146.015148 -4080.525445 -4084.158352 -4084.158416 -4084.158416 -4084.158416 -4084.158416 -4084.158415 -4084.158414 -4084.158410 -4084.158402 -4084.158389 -4084.158365 -4084.158310 -4084.158165 -4084.157735 -4084.156336 -4084.151303 -4078.270169 -2035.563867 -1040.323197 -965.421418 -959.102806 -958.427718 -958.318066 -958.298415 -958.297070 -958.299188 -958.301529 -958.303455 -958.304930 -958.306048 -958.306902 -958.307565 -958.308091 -958.308515 -958.308867 -958.309176 -958.309475 -958.309803 -958.310211 -958.310773 -958.311600 -958.312867 -958.314854 -958.318018 -958.323130 -958.331513 -958.345527 -958.369530 -958.411829 -958.488706 -958.632578 -958.908544 -959.448834 -960.532962 -962.812319 -968.022389 -981.107122 -1014.950814 -9999.0 -9999.0
-9999.0 -9999.0 618.184941 518.286848 418.633094 319.329097 220.444166 122.059620 24.271018 -72.931371 -170.051562 -268.137397 -368.493238 -471.217957 -572.942849 -665.373158 -733.199076 -775.117015 -799.985631 -858.132695 -912.408541 -963.913347 -1013.993529 -990.532775 -973.850026 -963.243119 -957.207309 -954.255478 -953.207567 -953.230411 -953.780081 -954.525218 -955.280343 -955.953803 -956.510623 -956.949446 -957.296608 -957.612612 -957.975788 -958.993257 -967.972617 -1067.880484 -2146.015148 -4080.525445 -4084.158352 -4084.158416 -4084.158416 -4084.158416 -4084.158416 -4084.158415 -4084.158414 -4084.158410 -4084.158402 -4084.158389 -4084.158365 -4084.158310 -4084.158165 -4084.157735 -4084.156336 -4084.151303 -4078.270169 -2035.563867 -1040.323197 -965.421418 -959.102806 -958.427718 -958.318066 -958.298415 -958.297070 -958.299188 -958.301529 -958.303455 -958.304930 -958.306048 -958.306902 -958.307565 -958.308091 -958.308515 -958.308867 -958.309176 -958.309475 -958.309803 -958.310211 -958.310773 -958.311600 -958.312867 -958.314854 -958.318018 -958.323130 -958.331513 -958.345527 -958.369530 -958.411829 -958.488706 -958.632578 -958.908544 -959.448834 -960.532962 -962.812319 -968.022389 -981.107122 -1014.950814 -9999.0 -9999.0
-9999.0 -9999.0 618.184942 518.286849 418.633094 319.329098 220.444166 122.059620 24.271018 -72.931371 -170.051561 -268.137397 -368.493237 -471.217956 -572.942849 -665.373158 -733.199076 -775.117015 -799.985631 -858.132695 -912.408541 -963.913347 -1013.993529 -990.532775 -973.850026 -963.243119 -957.207309 -954.255478 -953.207567 -953.230411 -953.780081 -954.525218 -955.280343 -955.953803 -956.510623 -956.949446 -957.296608 -957.612612 -957.975788 -958.993257 -967.972617 -1067.880484 -2146.015149 -4080.525445 -4084.158352 -4084.158416 -4084.158416 -4084.158416 -4084.158416 -4084.158415 -4084.158414 -4084.158410 -4084.158402 -4084.158389 -4084.158365 -4084.158310 -4084.158165 -4084.157735 -4084.156336 -4084.151303 -4078.270169 -2035.563867 -1040.323197 -965.421418 -959.102806 -958.427718 -958.318066 -958.298415 -958.297070 -958.299188 -958.301529 -958.303455 -958.304930 -958.306048 -958.306902 -958.307565 -958.308091 -958.308515 -958.308867 -958.309176 -958.309475 -958.309803 -958.310211 -958.310773 -958.311600 -958.312867 -958.314854 -958.318018 -958.323130 -958.331513 -958.345527 -958.369530 -958.411829 -958.488706 -958.632578 -958.908544 -959.448834 -960.532962 -962.812319 -968.022389 -981.107122 -1014.950815 -9999.0 -9999.0
-9999.0 -9999.0 -9999.0 -9999.0 -9999.0 -9999.0 -9999.0 -9999.0 -9999.0 -9999.0 -9999.0 -9999.0 -9999.0 -9999.0 -9999.0 -9999.0 -9999.0 -9999.0 -9999.0 -9999.0 -9999.0 -9999.0 -9999.0 -9999.0 -9999.0 -9999.0 -9999.0 -9999.0 -9999.0 -9999.0 -9999.0 -9999.0 -9999.0 -9999.0 -9999.0 -9999.0 -9999.0 -9999.0 -9999.0 -9999.0 -9999.0 -9999.0 -9999.0 -9999.0 -9999.0 -9999.0 -9999.0 -9999.0 -9999.0 -9999.0 -9999.0 -9999.0 -9999.0 -9999.0 -9999.0 -9999.0 -9999.0 -9999.0 -9999.0 -9999.0 -9999.0 -9999.0 -9999.0 -9999.0 -9999.0 -9999.0 -9999.0 -9999.0 -9999.0 -9999.0 -9999.0 -9999.0 -9999.0 -9999.0 -9999.0 -9999.0 -9999.0 -9999.0 -9999.0 -9999.0 -9999.0 -9999.0 -9999.0 -9999.0 -9999.0 -9999.0 -9999.0 -9999.0 -9999.0 -9999.0 -9999.0 -9999.0 -9999.0 -9999.0 -9999.0 -9999.0 -9999.0 -9999.0 -9999.0 -9999.0 -9999.0 -9999.0 -9999.0 -9999.0
-9999.0 -9999.0 -9999.0 -9999.0 -9999.0 -9999.0 -9999.0 -9999.0 -9999.0 -9999.0 -9999.0 -9999.0 -9999.0 -9999.0 -9999.0 -9999.0 -9999.0 -9999.0 -9999.0 -9999.0 -9999.0 -9999.0 -9999.0 -9999.0 -9999.0 -9999.0 -9999.0 -9999.0 -9999.0 -9999.0 -9999.0 -9999.0 -9999.0 -9999.0 -9999.0 -9999.0 -9999.0 -9999.0 -9999.0 -9999.0 -9999.0 -9999.0 -9999.0 -9999.0 -9999.0 -9999.0 -9999.0 -9999.0 -9999.0 -9999.0 -9999.0 -9999.0 -9999.0 -9999.0 -9999.0 -9999.0 -9999.0 -9999.0 -9999.0 -9999.0 -9999.0 -9999.0 -9999.0 -9999.0 -9999.0 -9999.0 -9999.0 -9999.0 -9999.0 -9999.0 -9999.0 -9999.0 -9999.0 -9999.0 -9999.0 -9999.0 -9999.0 -9999.0 -9999.0 -9999.0 -9999.0 -9999.0 -9999.0 -9999.0 -9999.0 -9999.0 -9999.0 -9999.0 -9999.0 -9999.0 -9999.0 -9999.0 -9999.0 -9999.0 -9999.0 -9999.0 -9999.0 -9999.0 -9999.0 -9999.0 -9999.0 -9999.0 -9999.0 -9999.0