inst/processing_geotop_simulation/geotop_simulation/out/maps3D/PwL0019N0436.asc
ncols         104
nrows         10
xllcorner     -2.000000
yllcorner     0.000000
cellsize      1.000000
NODATA_value  -9999.0
-9999.0 -9999.0 -9999.0 -9999.0 -9999.0 -9999.0 -9999.0 -9999.0 -9999.0 -9999.0 -9999.0 -9999.0 -9999.0 -9999.0 -9999.0 -9999.0 -9999.0 -9999.0 -9999.0 -9999.0 -9999.0 -9999.0 -9999.0 -9999.0 -9999.0 -9999.0 -9999.0 -9999.0 -9999.0 -9999.0 -9999.0 -9999.0 -9999.0 -9999.0 -9999.0 -9999.0 -9999.0 -9999.0 -9999.0 -9999.0 -9999.0 -9999.0 -9999.0 -9999.0 -9999.0 -9999.0 -9999.0 -9999.0 -9999.0 -9999.0 -9999.0 -9999.0 -9999.0 -9999.0 -9999.0 -9999.0 -9999.0 -9999.0 -9999.0 -9999.0 -9999.0 -9999.0 -9999.0 -9999.0 -9999.0 -9999.0 -9999.0 -9999.0 -9999.0 -9999.0 -9999.0 -9999.0 -9999.0 -9999.0 -9999.0 -9999.0 -9999.0 -9999.0 -9999.0 -9999.0 -9999.0 -9999.0 -9999.0 -9999.0 -9999.0 -9999.0 -9999.0 -9999.0 -9999.0 -9999.0 -9999.0 -9999.0 -9999.0 -9999.0 -9999.0 -9999.0 -9999.0 -9999.0 -9999.0 -9999.0 -9999.0 -9999.0 -9999.0 -9999.0
-9999.0 -9999.0 -9999.0 -9999.0 -9999.0 -9999.0 -9999.0 -9999.0 -9999.0 -9999.0 -9999.0 -9999.0 -9999.0 -9999.0 -9999.0 -9999.0 -9999.0 -9999.0 -9999.0 -9999.0 -9999.0 -9999.0 -9999.0 -9999.0 -9999.0 -9999.0 -9999.0 -9999.0 -9999.0 -9999.0 -9999.0 -9999.0 -9999.0 -9999.0 -9999.0 -9999.0 -9999.0 -9999.0 -9999.0 -9999.0 -9999.0 -9999.0 -9999.0 -9999.0 -9999.0 -9999.0 -9999.0 -9999.0 -9999.0 -9999.0 -9999.0 -9999.0 -9999.0 -9999.0 -9999.0 -9999.0 -9999.0 -9999.0 -9999.0 -9999.0 -9999.0 -9999.0 -9999.0 -9999.0 -9999.0 -9999.0 -9999.0 -9999.0 -9999.0 -9999.0 -9999.0 -9999.0 -9999.0 -9999.0 -9999.0 -9999.0 -9999.0 -9999.0 -9999.0 -9999.0 -9999.0 -9999.0 -9999.0 -9999.0 -9999.0 -9999.0 -9999.0 -9999.0 -9999.0 -9999.0 -9999.0 -9999.0 -9999.0 -9999.0 -9999.0 -9999.0 -9999.0 -9999.0 -9999.0 -9999.0 -9999.0 -9999.0 -9999.0 -9999.0
-9999.0 -9999.0 918.671431 819.559135 720.362367 621.051898 521.680482 422.282134 322.875459 223.470590 124.073185 24.686937 -74.683338 -174.037589 -273.369000 -372.661447 -471.885554 -570.987899 -669.873949 -768.614988 -867.311573 -965.712608 -1063.644584 -1159.291977 -1249.716308 -1333.822856 -1409.653303 -1475.703751 -1531.215155 -1576.272193 -1611.688910 -1638.754625 -1658.952193 -1673.733415 -1684.383710 -1691.969368 -1697.352277 -1701.290417 -1704.738824 -1709.509381 -1718.492288 -1734.157498 -1858.932943 -3903.657515 -4034.580451 -4034.593623 -4033.312676 -4022.778366 -3985.175639 -3900.909672 -3763.916111 -3569.665945 -3413.480946 -3299.909305 -3187.994522 -3066.789363 -2934.398969 -2795.388643 -2656.538000 -2521.421449 -2350.426856 -1609.415878 -1689.654596 -1710.678783 -1710.669079 -1709.777763 -1709.496191 -1709.435052 -1709.424190 -1709.422860 -1709.423142 -1709.423625 -1709.424076 -1709.424469 -1709.424815 -1709.425125 -1709.425411 -1709.425682 -1709.425944 -1709.426205 -1709.426471 -1709.426755 -1709.427067 -1709.427428 -1709.427867 -1709.428431 -1709.429195 -1709.430287 -1709.431927 -1709.434510 -1709.438769 -1709.446108 -1709.459294 -1709.483934 -1709.531783 -1709.628625 -1709.834535 -1710.299118 -1711.420909 -1714.345730 -1722.691013 -1749.170933 -9999.0 -9999.0
-9999.0 -9999.0 918.674259 819.560199 720.362714 621.052011 521.680520 422.282148 322.875464 223.470592 124.073186 24.686938 -74.683337 -174.037589 -273.368999 -372.661447 -471.885554 -570.987899 -669.873950 -768.614989 -867.311573 -965.712608 -1063.644585 -1159.291977 -1249.716308 -1333.822856 -1409.653304 -1475.703751 -1531.215155 -1576.272193 -1611.688910 -1638.754625 -1658.952193 -1673.733415 -1684.383710 -1691.969368 -1697.352277 -1701.290417 -1704.738824 -1709.509381 -1718.492288 -1734.157497 -1858.932942 -3903.657515 -4034.580451 -4034.593623 -4033.312676 -4022.778366 -3985.175639 -3900.909671 -3763.916109 -3569.665944 -3413.480946 -3299.909304 -3187.994521 -3066.789362 -2934.398968 -2795.388643 -2656.538000 -2521.421449 -2350.426856 -1609.415878 -1689.654596 -1710.678783 -1710.669079 -1709.777763 -1709.496191 -1709.435052 -1709.424190 -1709.422860 -1709.423142 -1709.423625 -1709.424076 -1709.424469 -1709.424815 -1709.425125 -1709.425411 -1709.425682 -1709.425944 -1709.426205 -1709.426471 -1709.426755 -1709.427067 -1709.427428 -1709.427867 -1709.428431 -1709.429195 -1709.430287 -1709.431927 -1709.434510 -1709.438769 -1709.446108 -1709.459293 -1709.483934 -1709.531783 -1709.628625 -1709.834535 -1710.299118 -1711.420909 -1714.345730 -1722.691013 -1749.170933 -9999.0 -9999.0
-9999.0 -9999.0 918.675320 819.560766 720.362952 621.052102 521.680554 422.282160 322.875468 223.470594 124.073187 24.686938 -74.683337 -174.037589 -273.368999 -372.661447 -471.885554 -570.987899 -669.873950 -768.614989 -867.311573 -965.712608 -1063.644585 -1159.291978 -1249.716308 -1333.822857 -1409.653304 -1475.703751 -1531.215155 -1576.272193 -1611.688910 -1638.754625 -1658.952193 -1673.733415 -1684.383710 -1691.969368 -1697.352277 -1701.290417 -1704.738824 -1709.509381 -1718.492288 -1734.157497 -1858.932942 -3903.657515 -4034.580451 -4034.593623 -4033.312676 -4022.778366 -3985.175639 -3900.909671 -3763.916108 -3569.665943 -3413.480945 -3299.909304 -3187.994521 -3066.789362 -2934.398968 -2795.388642 -2656.538000 -2521.421449 -2350.426855 -1609.415878 -1689.654596 -1710.678783 -1710.669079 -1709.777763 -1709.496191 -1709.435052 -1709.424190 -1709.422860 -1709.423142 -1709.423625 -1709.424076 -1709.424469 -1709.424815 -1709.425125 -1709.425411 -1709.425682 -1709.425944 -1709.426205 -1709.426471 -1709.426755 -1709.427067 -1709.427428 -1709.427867 -1709.428431 -1709.429195 -1709.430287 -1709.431927 -1709.434510 -1709.438769 -1709.446108 -1709.459293 -1709.483934 -1709.531783 -1709.628625 -1709.834535 -1710.299118 -1711.420909 -1714.345730 -1722.691013 -1749.170933 -9999.0 -9999.0
-9999.0 -9999.0 918.675320 819.560766 720.362952 621.052102 521.680554 422.282160 322.875468 223.470594 124.073187 24.686938 -74.683337 -174.037589 -273.368999 -372.661447 -471.885554 -570.987900 -669.873950 -768.614989 -867.311573 -965.712608 -1063.644585 -1159.291978 -1249.716308 -1333.822857 -1409.653304 -1475.703751 -1531.215155 -1576.272193 -1611.688910 -1638.754625 -1658.952193 -1673.733415 -1684.383710 -1691.969368 -1697.352277 -1701.290417 -1704.738824 -1709.509381 -1718.492288 -1734.157497 -1858.932942 -3903.657515 -4034.580451 -4034.593623 -4033.312676 -4022.778366 -3985.175639 -3900.909671 -3763.916108 -3569.665943 -3413.480945 -3299.909304 -3187.994521 -3066.789362 -2934.398967 -2795.388642 -2656.537999 -2521.421449 -2350.426855 -1609.415878 -1689.654596 -1710.678783 -1710.669079 -1709.777763 -1709.496191 -1709.435052 -1709.424190 -1709.422860 -1709.423142 -1709.423625 -1709.424076 -1709.424469 -1709.424815 -1709.425125 -1709.425411 -1709.425682 -1709.425944 -1709.426205 -1709.426471 -1709.426755 -1709.427067 -1709.427428 -1709.427867 -1709.428431 -1709.429195 -1709.430287 -1709.431927 -1709.434510 -1709.438769 -1709.446108 -1709.459293 -1709.483934 -1709.531783 -1709.628625 -1709.834535 -1710.299118 -1711.420909 -1714.345730 -1722.691013 -1749.170933 -9999.0 -9999.0
-9999.0 -9999.0 918.674259 819.560199 720.362714 621.052011 521.680520 422.282148 322.875464 223.470592 124.073186 24.686938 -74.683337 -174.037589 -273.368999 -372.661447 -471.885554 -570.987899 -669.873950 -768.614988 -867.311573 -965.712608 -1063.644585 -1159.291977 -1249.716308 -1333.822857 -1409.653304 -1475.703751 -1531.215155 -1576.272193 -1611.688910 -1638.754625 -1658.952193 -1673.733415 -1684.383710 -1691.969368 -1697.352277 -1701.290417 -1704.738824 -1709.509381 -1718.492288 -1734.157497 -1858.932942 -3903.657515 -4034.580451 -4034.593623 -4033.312676 -4022.778366 -3985.175639 -3900.909671 -3763.916109 -3569.665944 -3413.480946 -3299.909304 -3187.994521 -3066.789362 -2934.398968 -2795.388642 -2656.538000 -2521.421449 -2350.426856 -1609.415878 -1689.654596 -1710.678783 -1710.669079 -1709.777763 -1709.496191 -1709.435052 -1709.424190 -1709.422860 -1709.423142 -1709.423625 -1709.424076 -1709.424469 -1709.424815 -1709.425125 -1709.425411 -1709.425682 -1709.425944 -1709.426205 -1709.426471 -1709.426755 -1709.427067 -1709.427428 -1709.427867 -1709.428431 -1709.429195 -1709.430287 -1709.431927 -1709.434510 -1709.438769 -1709.446108 -1709.459293 -1709.483934 -1709.531783 -1709.628625 -1709.834535 -1710.299118 -1711.420909 -1714.345730 -1722.691013 -1749.170933 -9999.0 -9999.0
-9999.0 -9999.0 918.671431 819.559135 720.362367 621.051898 521.680482 422.282134 322.875459 223.470590 124.073185 24.686937 -74.683338 -174.037589 -273.368999 -372.661447 -471.885554 -570.987899 -669.873949 -768.614988 -867.311573 -965.712608 -1063.644584 -1159.291977 -1249.716308 -1333.822856 -1409.653303 -1475.703751 -1531.215155 -1576.272193 -1611.688910 -1638.754625 -1658.952193 -1673.733415 -1684.383710 -1691.969368 -1697.352277 -1701.290417 -1704.738824 -1709.509381 -1718.492288 -1734.157498 -1858.932943 -3903.657515 -4034.580451 -4034.593623 -4033.312676 -4022.778366 -3985.175639 -3900.909672 -3763.916111 -3569.665945 -3413.480946 -3299.909305 -3187.994522 -3066.789363 -2934.398968 -2795.388643 -2656.538000 -2521.421449 -2350.426856 -1609.415878 -1689.654596 -1710.678783 -1710.669079 -1709.777763 -1709.496191 -1709.435052 -1709.424190 -1709.422860 -1709.423142 -1709.423625 -1709.424076 -1709.424469 -1709.424815 -1709.425125 -1709.425411 -1709.425682 -1709.425944 -1709.426205 -1709.426471 -1709.426755 -1709.427067 -1709.427428 -1709.427867 -1709.428431 -1709.429195 -1709.430287 -1709.431927 -1709.434510 -1709.438769 -1709.446108 -1709.459294 -1709.483934 -1709.531783 -1709.628625 -1709.834535 -1710.299118 -1711.420909 -1714.345730 -1722.691013 -1749.170933 -9999.0 -9999.0
-9999.0 -9999.0 -9999.0 -9999.0 -9999.0 -9999.0 -9999.0 -9999.0 -9999.0 -9999.0 -9999.0 -9999.0 -9999.0 -9999.0 -9999.0 -9999.0 -9999.0 -9999.0 -9999.0 -9999.0 -9999.0 -9999.0 -9999.0 -9999.0 -9999.0 -9999.0 -9999.0 -9999.0 -9999.0 -9999.0 -9999.0 -9999.0 -9999.0 -9999.0 -9999.0 -9999.0 -9999.0 -9999.0 -9999.0 -9999.0 -9999.0 -9999.0 -9999.0 -9999.0 -9999.0 -9999.0 -9999.0 -9999.0 -9999.0 -9999.0 -9999.0 -9999.0 -9999.0 -9999.0 -9999.0 -9999.0 -9999.0 -9999.0 -9999.0 -9999.0 -9999.0 -9999.0 -9999.0 -9999.0 -9999.0 -9999.0 -9999.0 -9999.0 -9999.0 -9999.0 -9999.0 -9999.0 -9999.0 -9999.0 -9999.0 -9999.0 -9999.0 -9999.0 -9999.0 -9999.0 -9999.0 -9999.0 -9999.0 -9999.0 -9999.0 -9999.0 -9999.0 -9999.0 -9999.0 -9999.0 -9999.0 -9999.0 -9999.0 -9999.0 -9999.0 -9999.0 -9999.0 -9999.0 -9999.0 -9999.0 -9999.0 -9999.0 -9999.0 -9999.0
-9999.0 -9999.0 -9999.0 -9999.0 -9999.0 -9999.0 -9999.0 -9999.0 -9999.0 -9999.0 -9999.0 -9999.0 -9999.0 -9999.0 -9999.0 -9999.0 -9999.0 -9999.0 -9999.0 -9999.0 -9999.0 -9999.0 -9999.0 -9999.0 -9999.0 -9999.0 -9999.0 -9999.0 -9999.0 -9999.0 -9999.0 -9999.0 -9999.0 -9999.0 -9999.0 -9999.0 -9999.0 -9999.0 -9999.0 -9999.0 -9999.0 -9999.0 -9999.0 -9999.0 -9999.0 -9999.0 -9999.0 -9999.0 -9999.0 -9999.0 -9999.0 -9999.0 -9999.0 -9999.0 -9999.0 -9999.0 -9999.0 -9999.0 -9999.0 -9999.0 -9999.0 -9999.0 -9999.0 -9999.0 -9999.0 -9999.0 -9999.0 -9999.0 -9999.0 -9999.0 -9999.0 -9999.0 -9999.0 -9999.0 -9999.0 -9999.0 -9999.0 -9999.0 -9999.0 -9999.0 -9999.0 -9999.0 -9999.0 -9999.0 -9999.0 -9999.0 -9999.0 -9999.0 -9999.0 -9999.0 -9999.0 -9999.0 -9999.0 -9999.0 -9999.0 -9999.0 -9999.0 -9999.0 -9999.0 -9999.0 -9999.0 -9999.0 -9999.0 -9999.0