inst/processing_geotop_simulation/geotop_simulation/out/maps3D/PwL0010N0370.asc
ncols         104
nrows         10
xllcorner     -2.000000
yllcorner     0.000000
cellsize      1.000000
NODATA_value  -9999.0
-9999.0 -9999.0 -9999.0 -9999.0 -9999.0 -9999.0 -9999.0 -9999.0 -9999.0 -9999.0 -9999.0 -9999.0 -9999.0 -9999.0 -9999.0 -9999.0 -9999.0 -9999.0 -9999.0 -9999.0 -9999.0 -9999.0 -9999.0 -9999.0 -9999.0 -9999.0 -9999.0 -9999.0 -9999.0 -9999.0 -9999.0 -9999.0 -9999.0 -9999.0 -9999.0 -9999.0 -9999.0 -9999.0 -9999.0 -9999.0 -9999.0 -9999.0 -9999.0 -9999.0 -9999.0 -9999.0 -9999.0 -9999.0 -9999.0 -9999.0 -9999.0 -9999.0 -9999.0 -9999.0 -9999.0 -9999.0 -9999.0 -9999.0 -9999.0 -9999.0 -9999.0 -9999.0 -9999.0 -9999.0 -9999.0 -9999.0 -9999.0 -9999.0 -9999.0 -9999.0 -9999.0 -9999.0 -9999.0 -9999.0 -9999.0 -9999.0 -9999.0 -9999.0 -9999.0 -9999.0 -9999.0 -9999.0 -9999.0 -9999.0 -9999.0 -9999.0 -9999.0 -9999.0 -9999.0 -9999.0 -9999.0 -9999.0 -9999.0 -9999.0 -9999.0 -9999.0 -9999.0 -9999.0 -9999.0 -9999.0 -9999.0 -9999.0 -9999.0 -9999.0
-9999.0 -9999.0 -9999.0 -9999.0 -9999.0 -9999.0 -9999.0 -9999.0 -9999.0 -9999.0 -9999.0 -9999.0 -9999.0 -9999.0 -9999.0 -9999.0 -9999.0 -9999.0 -9999.0 -9999.0 -9999.0 -9999.0 -9999.0 -9999.0 -9999.0 -9999.0 -9999.0 -9999.0 -9999.0 -9999.0 -9999.0 -9999.0 -9999.0 -9999.0 -9999.0 -9999.0 -9999.0 -9999.0 -9999.0 -9999.0 -9999.0 -9999.0 -9999.0 -9999.0 -9999.0 -9999.0 -9999.0 -9999.0 -9999.0 -9999.0 -9999.0 -9999.0 -9999.0 -9999.0 -9999.0 -9999.0 -9999.0 -9999.0 -9999.0 -9999.0 -9999.0 -9999.0 -9999.0 -9999.0 -9999.0 -9999.0 -9999.0 -9999.0 -9999.0 -9999.0 -9999.0 -9999.0 -9999.0 -9999.0 -9999.0 -9999.0 -9999.0 -9999.0 -9999.0 -9999.0 -9999.0 -9999.0 -9999.0 -9999.0 -9999.0 -9999.0 -9999.0 -9999.0 -9999.0 -9999.0 -9999.0 -9999.0 -9999.0 -9999.0 -9999.0 -9999.0 -9999.0 -9999.0 -9999.0 -9999.0 -9999.0 -9999.0 -9999.0 -9999.0
-9999.0 -9999.0 473.110853 374.912030 276.140261 177.100478 77.947326 -21.250739 -120.461237 -219.669722 -318.859801 -418.007981 -517.067659 -615.942797 -714.513459 -813.207525 -911.768793 -1010.171901 -1108.398888 -1204.932731 -1299.262489 -1389.509539 -1473.024848 -1547.146260 -1610.070366 -1661.271089 -1701.391862 -1731.840501 -1754.346137 -1770.627341 -1782.203924 -1790.322831 -1795.955314 -1799.829995 -1802.478982 -1804.285819 -1805.536689 -1806.508258 -1807.724618 -1810.575737 -1816.204637 -1800.601770 -1330.125914 -1505.057546 -1457.929682 -1427.542733 -1413.676134 -1411.740730 -1411.539585 -1411.558534 -1411.608744 -1411.662717 -1411.714568 -1411.762573 -1411.807112 -1411.858820 -1412.020124 -1413.136185 -1420.334652 -1436.643507 -1455.910781 -1266.596312 -1766.531180 -1808.862949 -1809.258960 -1808.406170 -1808.173900 -1808.129468 -1808.122370 -1808.121728 -1808.122095 -1808.122539 -1808.122911 -1808.123205 -1808.123436 -1808.123621 -1808.123772 -1808.123899 -1808.124010 -1808.124113 -1808.124215 -1808.124328 -1808.124466 -1808.124650 -1808.124913 -1808.125305 -1808.125911 -1808.126870 -1808.128423 -1808.131000 -1808.135390 -1808.143094 -1808.157041 -1808.183082 -1808.233187 -1808.332697 -1808.538181 -1808.985171 -1810.025253 -1812.659297 -1820.115758 -1844.533520 -9999.0 -9999.0
-9999.0 -9999.0 473.116607 374.913627 276.140706 177.100613 77.947370 -21.250724 -120.461231 -219.669719 -318.859800 -418.007981 -517.067659 -615.942797 -714.513459 -813.207525 -911.768793 -1010.171901 -1108.398888 -1204.932732 -1299.262489 -1389.509540 -1473.024848 -1547.146260 -1610.070366 -1661.271089 -1701.391862 -1731.840501 -1754.346137 -1770.627341 -1782.203924 -1790.322831 -1795.955314 -1799.829995 -1802.478982 -1804.285819 -1805.536689 -1806.508258 -1807.724618 -1810.575737 -1816.204637 -1800.601770 -1330.125914 -1505.057546 -1457.929681 -1427.542733 -1413.676134 -1411.740730 -1411.539585 -1411.558534 -1411.608744 -1411.662717 -1411.714568 -1411.762573 -1411.807112 -1411.858820 -1412.020124 -1413.136185 -1420.334652 -1436.643507 -1455.910781 -1266.596312 -1766.531180 -1808.862949 -1809.258960 -1808.406170 -1808.173900 -1808.129468 -1808.122370 -1808.121728 -1808.122095 -1808.122539 -1808.122911 -1808.123205 -1808.123436 -1808.123621 -1808.123772 -1808.123899 -1808.124010 -1808.124113 -1808.124215 -1808.124328 -1808.124466 -1808.124650 -1808.124913 -1808.125305 -1808.125911 -1808.126870 -1808.128423 -1808.131000 -1808.135390 -1808.143094 -1808.157041 -1808.183082 -1808.233187 -1808.332697 -1808.538181 -1808.985171 -1810.025253 -1812.659297 -1820.115758 -1844.533520 -9999.0 -9999.0
-9999.0 -9999.0 473.117971 374.914344 276.140994 177.100719 77.947408 -21.250710 -120.461226 -219.669717 -318.859800 -418.007980 -517.067659 -615.942797 -714.513459 -813.207525 -911.768793 -1010.171901 -1108.398889 -1204.932732 -1299.262489 -1389.509540 -1473.024849 -1547.146260 -1610.070366 -1661.271089 -1701.391862 -1731.840501 -1754.346137 -1770.627341 -1782.203924 -1790.322831 -1795.955314 -1799.829995 -1802.478982 -1804.285819 -1805.536689 -1806.508258 -1807.724618 -1810.575737 -1816.204637 -1800.601770 -1330.125914 -1505.057546 -1457.929681 -1427.542732 -1413.676134 -1411.740730 -1411.539585 -1411.558534 -1411.608744 -1411.662717 -1411.714568 -1411.762573 -1411.807112 -1411.858820 -1412.020124 -1413.136185 -1420.334652 -1436.643507 -1455.910781 -1266.596312 -1766.531180 -1808.862949 -1809.258960 -1808.406170 -1808.173900 -1808.129468 -1808.122370 -1808.121728 -1808.122095 -1808.122539 -1808.122911 -1808.123205 -1808.123436 -1808.123621 -1808.123772 -1808.123899 -1808.124010 -1808.124113 -1808.124215 -1808.124328 -1808.124466 -1808.124650 -1808.124913 -1808.125305 -1808.125911 -1808.126870 -1808.128423 -1808.131000 -1808.135390 -1808.143094 -1808.157041 -1808.183082 -1808.233187 -1808.332697 -1808.538181 -1808.985171 -1810.025253 -1812.659297 -1820.115758 -1844.533520 -9999.0 -9999.0
-9999.0 -9999.0 473.117971 374.914345 276.140994 177.100719 77.947408 -21.250710 -120.461226 -219.669717 -318.859799 -418.007980 -517.067659 -615.942797 -714.513459 -813.207525 -911.768793 -1010.171901 -1108.398889 -1204.932732 -1299.262489 -1389.509540 -1473.024849 -1547.146260 -1610.070366 -1661.271089 -1701.391862 -1731.840501 -1754.346137 -1770.627341 -1782.203924 -1790.322831 -1795.955314 -1799.829995 -1802.478982 -1804.285819 -1805.536689 -1806.508258 -1807.724618 -1810.575737 -1816.204637 -1800.601770 -1330.125914 -1505.057546 -1457.929681 -1427.542732 -1413.676134 -1411.740730 -1411.539585 -1411.558534 -1411.608744 -1411.662717 -1411.714568 -1411.762573 -1411.807112 -1411.858820 -1412.020124 -1413.136185 -1420.334652 -1436.643507 -1455.910781 -1266.596312 -1766.531180 -1808.862949 -1809.258960 -1808.406170 -1808.173900 -1808.129468 -1808.122370 -1808.121728 -1808.122095 -1808.122539 -1808.122911 -1808.123205 -1808.123436 -1808.123621 -1808.123772 -1808.123899 -1808.124010 -1808.124113 -1808.124215 -1808.124328 -1808.124466 -1808.124650 -1808.124913 -1808.125305 -1808.125911 -1808.126870 -1808.128423 -1808.131000 -1808.135390 -1808.143094 -1808.157041 -1808.183082 -1808.233187 -1808.332697 -1808.538181 -1808.985171 -1810.025253 -1812.659297 -1820.115758 -1844.533520 -9999.0 -9999.0
-9999.0 -9999.0 473.116607 374.913627 276.140706 177.100613 77.947370 -21.250724 -120.461231 -219.669719 -318.859800 -418.007980 -517.067659 -615.942797 -714.513459 -813.207525 -911.768793 -1010.171901 -1108.398888 -1204.932732 -1299.262489 -1389.509540 -1473.024848 -1547.146260 -1610.070366 -1661.271089 -1701.391862 -1731.840501 -1754.346137 -1770.627341 -1782.203924 -1790.322831 -1795.955314 -1799.829995 -1802.478982 -1804.285819 -1805.536689 -1806.508258 -1807.724618 -1810.575737 -1816.204637 -1800.601770 -1330.125914 -1505.057546 -1457.929681 -1427.542733 -1413.676134 -1411.740730 -1411.539585 -1411.558534 -1411.608744 -1411.662717 -1411.714568 -1411.762573 -1411.807112 -1411.858820 -1412.020124 -1413.136185 -1420.334652 -1436.643507 -1455.910781 -1266.596312 -1766.531180 -1808.862949 -1809.258960 -1808.406170 -1808.173900 -1808.129468 -1808.122370 -1808.121728 -1808.122095 -1808.122539 -1808.122911 -1808.123205 -1808.123436 -1808.123621 -1808.123772 -1808.123899 -1808.124010 -1808.124113 -1808.124215 -1808.124328 -1808.124466 -1808.124650 -1808.124913 -1808.125305 -1808.125911 -1808.126870 -1808.128423 -1808.131000 -1808.135390 -1808.143094 -1808.157041 -1808.183082 -1808.233187 -1808.332697 -1808.538181 -1808.985171 -1810.025253 -1812.659297 -1820.115758 -1844.533520 -9999.0 -9999.0
-9999.0 -9999.0 473.110853 374.912030 276.140261 177.100478 77.947326 -21.250739 -120.461237 -219.669722 -318.859801 -418.007981 -517.067659 -615.942798 -714.513459 -813.207525 -911.768793 -1010.171901 -1108.398888 -1204.932732 -1299.262489 -1389.509539 -1473.024848 -1547.146260 -1610.070366 -1661.271089 -1701.391862 -1731.840501 -1754.346137 -1770.627341 -1782.203924 -1790.322831 -1795.955314 -1799.829995 -1802.478982 -1804.285819 -1805.536689 -1806.508258 -1807.724618 -1810.575737 -1816.204637 -1800.601770 -1330.125914 -1505.057546 -1457.929682 -1427.542733 -1413.676134 -1411.740730 -1411.539585 -1411.558534 -1411.608744 -1411.662717 -1411.714568 -1411.762573 -1411.807112 -1411.858820 -1412.020124 -1413.136185 -1420.334652 -1436.643507 -1455.910781 -1266.596312 -1766.531180 -1808.862949 -1809.258960 -1808.406170 -1808.173900 -1808.129468 -1808.122370 -1808.121728 -1808.122095 -1808.122539 -1808.122911 -1808.123205 -1808.123436 -1808.123621 -1808.123772 -1808.123899 -1808.124010 -1808.124113 -1808.124215 -1808.124328 -1808.124466 -1808.124650 -1808.124913 -1808.125305 -1808.125911 -1808.126870 -1808.128423 -1808.131000 -1808.135390 -1808.143094 -1808.157041 -1808.183082 -1808.233187 -1808.332697 -1808.538181 -1808.985171 -1810.025253 -1812.659297 -1820.115758 -1844.533520 -9999.0 -9999.0
-9999.0 -9999.0 -9999.0 -9999.0 -9999.0 -9999.0 -9999.0 -9999.0 -9999.0 -9999.0 -9999.0 -9999.0 -9999.0 -9999.0 -9999.0 -9999.0 -9999.0 -9999.0 -9999.0 -9999.0 -9999.0 -9999.0 -9999.0 -9999.0 -9999.0 -9999.0 -9999.0 -9999.0 -9999.0 -9999.0 -9999.0 -9999.0 -9999.0 -9999.0 -9999.0 -9999.0 -9999.0 -9999.0 -9999.0 -9999.0 -9999.0 -9999.0 -9999.0 -9999.0 -9999.0 -9999.0 -9999.0 -9999.0 -9999.0 -9999.0 -9999.0 -9999.0 -9999.0 -9999.0 -9999.0 -9999.0 -9999.0 -9999.0 -9999.0 -9999.0 -9999.0 -9999.0 -9999.0 -9999.0 -9999.0 -9999.0 -9999.0 -9999.0 -9999.0 -9999.0 -9999.0 -9999.0 -9999.0 -9999.0 -9999.0 -9999.0 -9999.0 -9999.0 -9999.0 -9999.0 -9999.0 -9999.0 -9999.0 -9999.0 -9999.0 -9999.0 -9999.0 -9999.0 -9999.0 -9999.0 -9999.0 -9999.0 -9999.0 -9999.0 -9999.0 -9999.0 -9999.0 -9999.0 -9999.0 -9999.0 -9999.0 -9999.0 -9999.0 -9999.0
-9999.0 -9999.0 -9999.0 -9999.0 -9999.0 -9999.0 -9999.0 -9999.0 -9999.0 -9999.0 -9999.0 -9999.0 -9999.0 -9999.0 -9999.0 -9999.0 -9999.0 -9999.0 -9999.0 -9999.0 -9999.0 -9999.0 -9999.0 -9999.0 -9999.0 -9999.0 -9999.0 -9999.0 -9999.0 -9999.0 -9999.0 -9999.0 -9999.0 -9999.0 -9999.0 -9999.0 -9999.0 -9999.0 -9999.0 -9999.0 -9999.0 -9999.0 -9999.0 -9999.0 -9999.0 -9999.0 -9999.0 -9999.0 -9999.0 -9999.0 -9999.0 -9999.0 -9999.0 -9999.0 -9999.0 -9999.0 -9999.0 -9999.0 -9999.0 -9999.0 -9999.0 -9999.0 -9999.0 -9999.0 -9999.0 -9999.0 -9999.0 -9999.0 -9999.0 -9999.0 -9999.0 -9999.0 -9999.0 -9999.0 -9999.0 -9999.0 -9999.0 -9999.0 -9999.0 -9999.0 -9999.0 -9999.0 -9999.0 -9999.0 -9999.0 -9999.0 -9999.0 -9999.0 -9999.0 -9999.0 -9999.0 -9999.0 -9999.0 -9999.0 -9999.0 -9999.0 -9999.0 -9999.0 -9999.0 -9999.0 -9999.0 -9999.0 -9999.0 -9999.0