inst/processing_geotop_simulation/geotop_simulation/out/maps3D/PwL0013N0050.asc
ncols         104
nrows         10
xllcorner     -2.000000
yllcorner     0.000000
cellsize      1.000000
NODATA_value  -9999.0
-9999.0 -9999.0 -9999.0 -9999.0 -9999.0 -9999.0 -9999.0 -9999.0 -9999.0 -9999.0 -9999.0 -9999.0 -9999.0 -9999.0 -9999.0 -9999.0 -9999.0 -9999.0 -9999.0 -9999.0 -9999.0 -9999.0 -9999.0 -9999.0 -9999.0 -9999.0 -9999.0 -9999.0 -9999.0 -9999.0 -9999.0 -9999.0 -9999.0 -9999.0 -9999.0 -9999.0 -9999.0 -9999.0 -9999.0 -9999.0 -9999.0 -9999.0 -9999.0 -9999.0 -9999.0 -9999.0 -9999.0 -9999.0 -9999.0 -9999.0 -9999.0 -9999.0 -9999.0 -9999.0 -9999.0 -9999.0 -9999.0 -9999.0 -9999.0 -9999.0 -9999.0 -9999.0 -9999.0 -9999.0 -9999.0 -9999.0 -9999.0 -9999.0 -9999.0 -9999.0 -9999.0 -9999.0 -9999.0 -9999.0 -9999.0 -9999.0 -9999.0 -9999.0 -9999.0 -9999.0 -9999.0 -9999.0 -9999.0 -9999.0 -9999.0 -9999.0 -9999.0 -9999.0 -9999.0 -9999.0 -9999.0 -9999.0 -9999.0 -9999.0 -9999.0 -9999.0 -9999.0 -9999.0 -9999.0 -9999.0 -9999.0 -9999.0 -9999.0 -9999.0
-9999.0 -9999.0 -9999.0 -9999.0 -9999.0 -9999.0 -9999.0 -9999.0 -9999.0 -9999.0 -9999.0 -9999.0 -9999.0 -9999.0 -9999.0 -9999.0 -9999.0 -9999.0 -9999.0 -9999.0 -9999.0 -9999.0 -9999.0 -9999.0 -9999.0 -9999.0 -9999.0 -9999.0 -9999.0 -9999.0 -9999.0 -9999.0 -9999.0 -9999.0 -9999.0 -9999.0 -9999.0 -9999.0 -9999.0 -9999.0 -9999.0 -9999.0 -9999.0 -9999.0 -9999.0 -9999.0 -9999.0 -9999.0 -9999.0 -9999.0 -9999.0 -9999.0 -9999.0 -9999.0 -9999.0 -9999.0 -9999.0 -9999.0 -9999.0 -9999.0 -9999.0 -9999.0 -9999.0 -9999.0 -9999.0 -9999.0 -9999.0 -9999.0 -9999.0 -9999.0 -9999.0 -9999.0 -9999.0 -9999.0 -9999.0 -9999.0 -9999.0 -9999.0 -9999.0 -9999.0 -9999.0 -9999.0 -9999.0 -9999.0 -9999.0 -9999.0 -9999.0 -9999.0 -9999.0 -9999.0 -9999.0 -9999.0 -9999.0 -9999.0 -9999.0 -9999.0 -9999.0 -9999.0 -9999.0 -9999.0 -9999.0 -9999.0 -9999.0 -9999.0
-9999.0 -9999.0 -650.413562 -738.032739 -785.088315 -808.971274 -821.158699 -827.422700 -830.481680 -829.772927 -816.389823 -796.233021 -775.033754 -751.193214 -727.769170 -709.608207 -716.723317 -743.893120 -769.358436 -795.830003 -793.988637 -773.452206 -765.203259 -765.159755 -770.262105 -778.308838 -787.659474 -797.084265 -805.728302 -813.099167 -819.011883 -823.510711 -826.781602 -829.067949 -830.610063 -831.614567 -832.261859 -832.768254 -833.280470 -833.386830 -836.444747 -894.630927 -2316.998655 -4330.104027 -4331.683155 -4331.683168 -4331.683168 -4331.683168 -4331.683168 -4331.683168 -4331.683168 -4331.683168 -4331.683168 -4331.683168 -4331.683168 -4331.683168 -4331.683168 -4331.683168 -4331.683168 -4331.683142 -4329.185239 -2218.329672 -876.940181 -837.227057 -834.296867 -833.711386 -833.578148 -833.554903 -833.555376 -833.560006 -833.564531 -833.568155 -833.570906 -833.572984 -833.574571 -833.575805 -833.576784 -833.577572 -833.578224 -833.578792 -833.579334 -833.579921 -833.580642 -833.581626 -833.583067 -833.585265 -833.588700 -833.594155 -833.602930 -833.617245 -833.641011 -833.681360 -833.751780 -833.878542 -834.113818 -834.561926 -835.430886 -837.135519 -840.530082 -847.567852 -863.397540 -900.876701 -9999.0 -9999.0
-9999.0 -9999.0 -650.413538 -738.032692 -785.088272 -808.971253 -821.158692 -827.422700 -830.481682 -829.772928 -816.389823 -796.233021 -775.033754 -751.193214 -727.769170 -709.608207 -716.723317 -743.893120 -769.358436 -795.830003 -793.988637 -773.452206 -765.203259 -765.159755 -770.262105 -778.308838 -787.659474 -797.084265 -805.728302 -813.099167 -819.011883 -823.510711 -826.781602 -829.067949 -830.610063 -831.614567 -832.261859 -832.768254 -833.280470 -833.386830 -836.444747 -894.630927 -2316.998654 -4330.104027 -4331.683155 -4331.683168 -4331.683168 -4331.683168 -4331.683168 -4331.683168 -4331.683168 -4331.683168 -4331.683168 -4331.683168 -4331.683168 -4331.683168 -4331.683168 -4331.683168 -4331.683168 -4331.683142 -4329.185239 -2218.329672 -876.940181 -837.227057 -834.296867 -833.711386 -833.578148 -833.554903 -833.555376 -833.560006 -833.564531 -833.568155 -833.570906 -833.572984 -833.574571 -833.575805 -833.576784 -833.577572 -833.578224 -833.578792 -833.579334 -833.579921 -833.580642 -833.581626 -833.583067 -833.585265 -833.588700 -833.594155 -833.602930 -833.617245 -833.641011 -833.681360 -833.751780 -833.878542 -834.113818 -834.561926 -835.430886 -837.135519 -840.530082 -847.567852 -863.397540 -900.876701 -9999.0 -9999.0
-9999.0 -9999.0 -650.413526 -738.032664 -785.088243 -808.971236 -821.158687 -827.422700 -830.481683 -829.772929 -816.389823 -796.233021 -775.033754 -751.193214 -727.769170 -709.608207 -716.723317 -743.893120 -769.358436 -795.830003 -793.988637 -773.452206 -765.203259 -765.159755 -770.262105 -778.308838 -787.659474 -797.084265 -805.728302 -813.099167 -819.011883 -823.510711 -826.781602 -829.067949 -830.610063 -831.614567 -832.261859 -832.768254 -833.280470 -833.386830 -836.444747 -894.630927 -2316.998654 -4330.104027 -4331.683155 -4331.683168 -4331.683168 -4331.683168 -4331.683168 -4331.683168 -4331.683168 -4331.683168 -4331.683168 -4331.683168 -4331.683168 -4331.683168 -4331.683168 -4331.683168 -4331.683168 -4331.683142 -4329.185239 -2218.329672 -876.940181 -837.227057 -834.296867 -833.711386 -833.578148 -833.554903 -833.555376 -833.560006 -833.564531 -833.568155 -833.570906 -833.572984 -833.574571 -833.575805 -833.576784 -833.577572 -833.578224 -833.578792 -833.579334 -833.579921 -833.580642 -833.581626 -833.583067 -833.585265 -833.588700 -833.594155 -833.602930 -833.617245 -833.641011 -833.681360 -833.751780 -833.878542 -834.113818 -834.561926 -835.430886 -837.135519 -840.530082 -847.567852 -863.397540 -900.876701 -9999.0 -9999.0
-9999.0 -9999.0 -650.413526 -738.032664 -785.088243 -808.971236 -821.158687 -827.422700 -830.481683 -829.772929 -816.389823 -796.233021 -775.033754 -751.193214 -727.769170 -709.608207 -716.723317 -743.893120 -769.358436 -795.830003 -793.988637 -773.452206 -765.203259 -765.159755 -770.262105 -778.308838 -787.659474 -797.084265 -805.728302 -813.099167 -819.011883 -823.510711 -826.781602 -829.067949 -830.610063 -831.614567 -832.261859 -832.768254 -833.280470 -833.386830 -836.444747 -894.630927 -2316.998654 -4330.104027 -4331.683155 -4331.683168 -4331.683168 -4331.683168 -4331.683168 -4331.683168 -4331.683168 -4331.683168 -4331.683168 -4331.683168 -4331.683168 -4331.683168 -4331.683168 -4331.683168 -4331.683168 -4331.683142 -4329.185239 -2218.329672 -876.940181 -837.227057 -834.296867 -833.711386 -833.578148 -833.554903 -833.555376 -833.560006 -833.564531 -833.568155 -833.570906 -833.572984 -833.574571 -833.575805 -833.576784 -833.577572 -833.578224 -833.578792 -833.579334 -833.579921 -833.580642 -833.581626 -833.583067 -833.585265 -833.588700 -833.594155 -833.602930 -833.617245 -833.641011 -833.681360 -833.751780 -833.878542 -834.113818 -834.561926 -835.430886 -837.135519 -840.530082 -847.567852 -863.397540 -900.876701 -9999.0 -9999.0
-9999.0 -9999.0 -650.413538 -738.032691 -785.088272 -808.971253 -821.158692 -827.422700 -830.481682 -829.772928 -816.389823 -796.233021 -775.033754 -751.193214 -727.769170 -709.608207 -716.723317 -743.893120 -769.358436 -795.830003 -793.988637 -773.452206 -765.203259 -765.159755 -770.262105 -778.308838 -787.659474 -797.084265 -805.728302 -813.099167 -819.011883 -823.510711 -826.781602 -829.067949 -830.610063 -831.614567 -832.261859 -832.768254 -833.280470 -833.386830 -836.444747 -894.630927 -2316.998654 -4330.104027 -4331.683155 -4331.683168 -4331.683168 -4331.683168 -4331.683168 -4331.683168 -4331.683168 -4331.683168 -4331.683168 -4331.683168 -4331.683168 -4331.683168 -4331.683168 -4331.683168 -4331.683168 -4331.683142 -4329.185239 -2218.329672 -876.940181 -837.227057 -834.296867 -833.711386 -833.578148 -833.554903 -833.555376 -833.560006 -833.564531 -833.568155 -833.570906 -833.572984 -833.574571 -833.575805 -833.576784 -833.577572 -833.578224 -833.578792 -833.579334 -833.579921 -833.580642 -833.581626 -833.583067 -833.585265 -833.588700 -833.594155 -833.602930 -833.617245 -833.641011 -833.681360 -833.751780 -833.878542 -834.113818 -834.561926 -835.430886 -837.135519 -840.530082 -847.567852 -863.397540 -900.876701 -9999.0 -9999.0
-9999.0 -9999.0 -650.413562 -738.032739 -785.088315 -808.971274 -821.158699 -827.422700 -830.481680 -829.772927 -816.389823 -796.233021 -775.033754 -751.193214 -727.769170 -709.608207 -716.723317 -743.893120 -769.358436 -795.830003 -793.988637 -773.452206 -765.203259 -765.159755 -770.262105 -778.308838 -787.659474 -797.084265 -805.728302 -813.099167 -819.011883 -823.510711 -826.781602 -829.067949 -830.610063 -831.614567 -832.261859 -832.768254 -833.280470 -833.386830 -836.444747 -894.630927 -2316.998655 -4330.104027 -4331.683155 -4331.683168 -4331.683168 -4331.683168 -4331.683168 -4331.683168 -4331.683168 -4331.683168 -4331.683168 -4331.683168 -4331.683168 -4331.683168 -4331.683168 -4331.683168 -4331.683168 -4331.683142 -4329.185239 -2218.329672 -876.940181 -837.227057 -834.296867 -833.711386 -833.578148 -833.554903 -833.555376 -833.560006 -833.564531 -833.568155 -833.570906 -833.572984 -833.574571 -833.575805 -833.576784 -833.577572 -833.578224 -833.578792 -833.579334 -833.579921 -833.580642 -833.581626 -833.583067 -833.585265 -833.588700 -833.594155 -833.602930 -833.617245 -833.641011 -833.681360 -833.751780 -833.878542 -834.113818 -834.561926 -835.430886 -837.135519 -840.530082 -847.567852 -863.397540 -900.876701 -9999.0 -9999.0
-9999.0 -9999.0 -9999.0 -9999.0 -9999.0 -9999.0 -9999.0 -9999.0 -9999.0 -9999.0 -9999.0 -9999.0 -9999.0 -9999.0 -9999.0 -9999.0 -9999.0 -9999.0 -9999.0 -9999.0 -9999.0 -9999.0 -9999.0 -9999.0 -9999.0 -9999.0 -9999.0 -9999.0 -9999.0 -9999.0 -9999.0 -9999.0 -9999.0 -9999.0 -9999.0 -9999.0 -9999.0 -9999.0 -9999.0 -9999.0 -9999.0 -9999.0 -9999.0 -9999.0 -9999.0 -9999.0 -9999.0 -9999.0 -9999.0 -9999.0 -9999.0 -9999.0 -9999.0 -9999.0 -9999.0 -9999.0 -9999.0 -9999.0 -9999.0 -9999.0 -9999.0 -9999.0 -9999.0 -9999.0 -9999.0 -9999.0 -9999.0 -9999.0 -9999.0 -9999.0 -9999.0 -9999.0 -9999.0 -9999.0 -9999.0 -9999.0 -9999.0 -9999.0 -9999.0 -9999.0 -9999.0 -9999.0 -9999.0 -9999.0 -9999.0 -9999.0 -9999.0 -9999.0 -9999.0 -9999.0 -9999.0 -9999.0 -9999.0 -9999.0 -9999.0 -9999.0 -9999.0 -9999.0 -9999.0 -9999.0 -9999.0 -9999.0 -9999.0 -9999.0
-9999.0 -9999.0 -9999.0 -9999.0 -9999.0 -9999.0 -9999.0 -9999.0 -9999.0 -9999.0 -9999.0 -9999.0 -9999.0 -9999.0 -9999.0 -9999.0 -9999.0 -9999.0 -9999.0 -9999.0 -9999.0 -9999.0 -9999.0 -9999.0 -9999.0 -9999.0 -9999.0 -9999.0 -9999.0 -9999.0 -9999.0 -9999.0 -9999.0 -9999.0 -9999.0 -9999.0 -9999.0 -9999.0 -9999.0 -9999.0 -9999.0 -9999.0 -9999.0 -9999.0 -9999.0 -9999.0 -9999.0 -9999.0 -9999.0 -9999.0 -9999.0 -9999.0 -9999.0 -9999.0 -9999.0 -9999.0 -9999.0 -9999.0 -9999.0 -9999.0 -9999.0 -9999.0 -9999.0 -9999.0 -9999.0 -9999.0 -9999.0 -9999.0 -9999.0 -9999.0 -9999.0 -9999.0 -9999.0 -9999.0 -9999.0 -9999.0 -9999.0 -9999.0 -9999.0 -9999.0 -9999.0 -9999.0 -9999.0 -9999.0 -9999.0 -9999.0 -9999.0 -9999.0 -9999.0 -9999.0 -9999.0 -9999.0 -9999.0 -9999.0 -9999.0 -9999.0 -9999.0 -9999.0 -9999.0 -9999.0 -9999.0 -9999.0 -9999.0 -9999.0