inst/processing_geotop_simulation/geotop_simulation/out/maps3D/PwL0007N0389.asc
ncols         104
nrows         10
xllcorner     -2.000000
yllcorner     0.000000
cellsize      1.000000
NODATA_value  -9999.0
-9999.0 -9999.0 -9999.0 -9999.0 -9999.0 -9999.0 -9999.0 -9999.0 -9999.0 -9999.0 -9999.0 -9999.0 -9999.0 -9999.0 -9999.0 -9999.0 -9999.0 -9999.0 -9999.0 -9999.0 -9999.0 -9999.0 -9999.0 -9999.0 -9999.0 -9999.0 -9999.0 -9999.0 -9999.0 -9999.0 -9999.0 -9999.0 -9999.0 -9999.0 -9999.0 -9999.0 -9999.0 -9999.0 -9999.0 -9999.0 -9999.0 -9999.0 -9999.0 -9999.0 -9999.0 -9999.0 -9999.0 -9999.0 -9999.0 -9999.0 -9999.0 -9999.0 -9999.0 -9999.0 -9999.0 -9999.0 -9999.0 -9999.0 -9999.0 -9999.0 -9999.0 -9999.0 -9999.0 -9999.0 -9999.0 -9999.0 -9999.0 -9999.0 -9999.0 -9999.0 -9999.0 -9999.0 -9999.0 -9999.0 -9999.0 -9999.0 -9999.0 -9999.0 -9999.0 -9999.0 -9999.0 -9999.0 -9999.0 -9999.0 -9999.0 -9999.0 -9999.0 -9999.0 -9999.0 -9999.0 -9999.0 -9999.0 -9999.0 -9999.0 -9999.0 -9999.0 -9999.0 -9999.0 -9999.0 -9999.0 -9999.0 -9999.0 -9999.0 -9999.0
-9999.0 -9999.0 -9999.0 -9999.0 -9999.0 -9999.0 -9999.0 -9999.0 -9999.0 -9999.0 -9999.0 -9999.0 -9999.0 -9999.0 -9999.0 -9999.0 -9999.0 -9999.0 -9999.0 -9999.0 -9999.0 -9999.0 -9999.0 -9999.0 -9999.0 -9999.0 -9999.0 -9999.0 -9999.0 -9999.0 -9999.0 -9999.0 -9999.0 -9999.0 -9999.0 -9999.0 -9999.0 -9999.0 -9999.0 -9999.0 -9999.0 -9999.0 -9999.0 -9999.0 -9999.0 -9999.0 -9999.0 -9999.0 -9999.0 -9999.0 -9999.0 -9999.0 -9999.0 -9999.0 -9999.0 -9999.0 -9999.0 -9999.0 -9999.0 -9999.0 -9999.0 -9999.0 -9999.0 -9999.0 -9999.0 -9999.0 -9999.0 -9999.0 -9999.0 -9999.0 -9999.0 -9999.0 -9999.0 -9999.0 -9999.0 -9999.0 -9999.0 -9999.0 -9999.0 -9999.0 -9999.0 -9999.0 -9999.0 -9999.0 -9999.0 -9999.0 -9999.0 -9999.0 -9999.0 -9999.0 -9999.0 -9999.0 -9999.0 -9999.0 -9999.0 -9999.0 -9999.0 -9999.0 -9999.0 -9999.0 -9999.0 -9999.0 -9999.0 -9999.0
-9999.0 -9999.0 324.018728 225.950333 127.120491 28.012037 -71.204057 -170.464362 -269.737672 -369.001819 -468.234685 -567.394221 -666.393701 -765.216686 -864.014199 -962.768989 -1061.436996 -1159.739653 -1257.090765 -1353.002715 -1446.225786 -1534.553301 -1615.039022 -1685.003664 -1742.998839 -1789.062440 -1824.363538 -1850.646615 -1869.770255 -1883.431866 -1893.049648 -1899.741978 -1904.355819 -1907.513850 -1909.664229 -1911.126982 -1912.141497 -1912.948974 -1914.031859 -1916.590039 -1919.866812 -1879.465493 -1220.031074 -1260.908448 -1241.251732 -1228.203341 -1222.122884 -1221.215661 -1221.118725 -1221.127149 -1221.150603 -1221.175886 -1221.200190 -1221.222701 -1221.243644 -1221.268448 -1221.348171 -1221.885975 -1225.101101 -1232.250231 -1240.911195 -1187.423015 -1850.030981 -1913.212968 -1915.209593 -1914.491230 -1914.270325 -1914.226837 -1914.219808 -1914.219156 -1914.219506 -1914.219934 -1914.220294 -1914.220576 -1914.220798 -1914.220974 -1914.221117 -1914.221236 -1914.221339 -1914.221435 -1914.221530 -1914.221635 -1914.221765 -1914.221940 -1914.222191 -1914.222569 -1914.223155 -1914.224087 -1914.225600 -1914.228114 -1914.232403 -1914.239935 -1914.253575 -1914.279046 -1914.328047 -1914.425300 -1914.625894 -1915.061651 -1916.075096 -1918.647859 -1925.981135 -1950.231653 -9999.0 -9999.0
-9999.0 -9999.0 324.025858 225.952056 127.120948 28.012172 -71.204014 -170.464347 -269.737666 -369.001817 -468.234684 -567.394221 -666.393701 -765.216686 -864.014199 -962.768989 -1061.436996 -1159.739654 -1257.090765 -1353.002715 -1446.225786 -1534.553302 -1615.039022 -1685.003664 -1742.998839 -1789.062440 -1824.363538 -1850.646615 -1869.770255 -1883.431866 -1893.049648 -1899.741978 -1904.355819 -1907.513850 -1909.664229 -1911.126982 -1912.141497 -1912.948974 -1914.031859 -1916.590039 -1919.866812 -1879.465493 -1220.031074 -1260.908448 -1241.251732 -1228.203340 -1222.122884 -1221.215661 -1221.118725 -1221.127149 -1221.150603 -1221.175886 -1221.200190 -1221.222701 -1221.243644 -1221.268448 -1221.348171 -1221.885975 -1225.101101 -1232.250231 -1240.911195 -1187.423015 -1850.030981 -1913.212968 -1915.209593 -1914.491230 -1914.270325 -1914.226837 -1914.219808 -1914.219156 -1914.219506 -1914.219934 -1914.220294 -1914.220576 -1914.220798 -1914.220974 -1914.221117 -1914.221236 -1914.221339 -1914.221435 -1914.221530 -1914.221635 -1914.221765 -1914.221940 -1914.222191 -1914.222569 -1914.223155 -1914.224087 -1914.225600 -1914.228114 -1914.232403 -1914.239935 -1914.253575 -1914.279046 -1914.328047 -1914.425300 -1914.625894 -1915.061651 -1916.075096 -1918.647859 -1925.981135 -1950.231653 -9999.0 -9999.0
-9999.0 -9999.0 324.027207 225.952790 127.121240 28.012279 -71.203976 -170.464333 -269.737662 -369.001815 -468.234683 -567.394220 -666.393701 -765.216686 -864.014199 -962.768989 -1061.436996 -1159.739654 -1257.090766 -1353.002716 -1446.225786 -1534.553302 -1615.039022 -1685.003664 -1742.998839 -1789.062440 -1824.363538 -1850.646615 -1869.770255 -1883.431866 -1893.049648 -1899.741978 -1904.355819 -1907.513850 -1909.664229 -1911.126982 -1912.141497 -1912.948974 -1914.031859 -1916.590039 -1919.866812 -1879.465493 -1220.031074 -1260.908448 -1241.251732 -1228.203340 -1222.122884 -1221.215661 -1221.118725 -1221.127149 -1221.150603 -1221.175886 -1221.200190 -1221.222701 -1221.243644 -1221.268448 -1221.348171 -1221.885975 -1225.101101 -1232.250231 -1240.911195 -1187.423015 -1850.030981 -1913.212968 -1915.209593 -1914.491230 -1914.270325 -1914.226837 -1914.219808 -1914.219156 -1914.219506 -1914.219934 -1914.220294 -1914.220576 -1914.220798 -1914.220974 -1914.221117 -1914.221236 -1914.221339 -1914.221435 -1914.221530 -1914.221635 -1914.221765 -1914.221940 -1914.222191 -1914.222569 -1914.223155 -1914.224087 -1914.225600 -1914.228114 -1914.232403 -1914.239935 -1914.253575 -1914.279046 -1914.328047 -1914.425300 -1914.625894 -1915.061651 -1916.075096 -1918.647859 -1925.981135 -1950.231653 -9999.0 -9999.0
-9999.0 -9999.0 324.027207 225.952790 127.121240 28.012279 -71.203976 -170.464333 -269.737661 -369.001815 -468.234683 -567.394220 -666.393701 -765.216686 -864.014199 -962.768989 -1061.436996 -1159.739654 -1257.090766 -1353.002716 -1446.225786 -1534.553302 -1615.039022 -1685.003664 -1742.998839 -1789.062440 -1824.363538 -1850.646615 -1869.770255 -1883.431866 -1893.049648 -1899.741978 -1904.355819 -1907.513850 -1909.664229 -1911.126982 -1912.141497 -1912.948974 -1914.031859 -1916.590039 -1919.866812 -1879.465493 -1220.031074 -1260.908448 -1241.251732 -1228.203340 -1222.122884 -1221.215661 -1221.118725 -1221.127149 -1221.150603 -1221.175886 -1221.200190 -1221.222701 -1221.243644 -1221.268448 -1221.348171 -1221.885975 -1225.101101 -1232.250231 -1240.911195 -1187.423015 -1850.030981 -1913.212968 -1915.209593 -1914.491230 -1914.270325 -1914.226837 -1914.219808 -1914.219156 -1914.219506 -1914.219934 -1914.220294 -1914.220576 -1914.220798 -1914.220974 -1914.221117 -1914.221236 -1914.221339 -1914.221435 -1914.221530 -1914.221635 -1914.221765 -1914.221940 -1914.222191 -1914.222569 -1914.223155 -1914.224087 -1914.225600 -1914.228114 -1914.232403 -1914.239935 -1914.253575 -1914.279046 -1914.328047 -1914.425300 -1914.625894 -1915.061651 -1916.075096 -1918.647859 -1925.981135 -1950.231653 -9999.0 -9999.0
-9999.0 -9999.0 324.025858 225.952056 127.120948 28.012172 -71.204014 -170.464347 -269.737667 -369.001817 -468.234684 -567.394220 -666.393701 -765.216686 -864.014199 -962.768989 -1061.436996 -1159.739654 -1257.090765 -1353.002715 -1446.225786 -1534.553302 -1615.039022 -1685.003664 -1742.998839 -1789.062440 -1824.363538 -1850.646615 -1869.770255 -1883.431866 -1893.049648 -1899.741978 -1904.355819 -1907.513850 -1909.664229 -1911.126982 -1912.141497 -1912.948974 -1914.031859 -1916.590039 -1919.866812 -1879.465493 -1220.031074 -1260.908448 -1241.251732 -1228.203340 -1222.122884 -1221.215661 -1221.118725 -1221.127149 -1221.150603 -1221.175886 -1221.200190 -1221.222701 -1221.243644 -1221.268448 -1221.348171 -1221.885975 -1225.101101 -1232.250231 -1240.911195 -1187.423015 -1850.030981 -1913.212968 -1915.209593 -1914.491230 -1914.270325 -1914.226837 -1914.219808 -1914.219156 -1914.219506 -1914.219934 -1914.220294 -1914.220576 -1914.220798 -1914.220974 -1914.221117 -1914.221236 -1914.221339 -1914.221435 -1914.221530 -1914.221635 -1914.221765 -1914.221940 -1914.222191 -1914.222569 -1914.223155 -1914.224087 -1914.225600 -1914.228114 -1914.232403 -1914.239935 -1914.253575 -1914.279046 -1914.328047 -1914.425300 -1914.625894 -1915.061651 -1916.075096 -1918.647859 -1925.981135 -1950.231653 -9999.0 -9999.0
-9999.0 -9999.0 324.018728 225.950333 127.120491 28.012037 -71.204057 -170.464362 -269.737672 -369.001819 -468.234685 -567.394221 -666.393701 -765.216686 -864.014199 -962.768989 -1061.436996 -1159.739653 -1257.090765 -1353.002715 -1446.225786 -1534.553301 -1615.039022 -1685.003664 -1742.998839 -1789.062440 -1824.363538 -1850.646615 -1869.770255 -1883.431866 -1893.049648 -1899.741978 -1904.355819 -1907.513850 -1909.664229 -1911.126982 -1912.141497 -1912.948974 -1914.031859 -1916.590039 -1919.866812 -1879.465493 -1220.031074 -1260.908448 -1241.251732 -1228.203341 -1222.122884 -1221.215661 -1221.118725 -1221.127149 -1221.150603 -1221.175886 -1221.200190 -1221.222701 -1221.243644 -1221.268448 -1221.348171 -1221.885975 -1225.101101 -1232.250231 -1240.911195 -1187.423015 -1850.030981 -1913.212968 -1915.209593 -1914.491230 -1914.270325 -1914.226837 -1914.219808 -1914.219156 -1914.219506 -1914.219934 -1914.220294 -1914.220576 -1914.220798 -1914.220974 -1914.221117 -1914.221236 -1914.221339 -1914.221435 -1914.221530 -1914.221635 -1914.221765 -1914.221940 -1914.222191 -1914.222569 -1914.223155 -1914.224087 -1914.225600 -1914.228114 -1914.232403 -1914.239935 -1914.253575 -1914.279046 -1914.328047 -1914.425300 -1914.625894 -1915.061651 -1916.075096 -1918.647859 -1925.981135 -1950.231653 -9999.0 -9999.0
-9999.0 -9999.0 -9999.0 -9999.0 -9999.0 -9999.0 -9999.0 -9999.0 -9999.0 -9999.0 -9999.0 -9999.0 -9999.0 -9999.0 -9999.0 -9999.0 -9999.0 -9999.0 -9999.0 -9999.0 -9999.0 -9999.0 -9999.0 -9999.0 -9999.0 -9999.0 -9999.0 -9999.0 -9999.0 -9999.0 -9999.0 -9999.0 -9999.0 -9999.0 -9999.0 -9999.0 -9999.0 -9999.0 -9999.0 -9999.0 -9999.0 -9999.0 -9999.0 -9999.0 -9999.0 -9999.0 -9999.0 -9999.0 -9999.0 -9999.0 -9999.0 -9999.0 -9999.0 -9999.0 -9999.0 -9999.0 -9999.0 -9999.0 -9999.0 -9999.0 -9999.0 -9999.0 -9999.0 -9999.0 -9999.0 -9999.0 -9999.0 -9999.0 -9999.0 -9999.0 -9999.0 -9999.0 -9999.0 -9999.0 -9999.0 -9999.0 -9999.0 -9999.0 -9999.0 -9999.0 -9999.0 -9999.0 -9999.0 -9999.0 -9999.0 -9999.0 -9999.0 -9999.0 -9999.0 -9999.0 -9999.0 -9999.0 -9999.0 -9999.0 -9999.0 -9999.0 -9999.0 -9999.0 -9999.0 -9999.0 -9999.0 -9999.0 -9999.0 -9999.0
-9999.0 -9999.0 -9999.0 -9999.0 -9999.0 -9999.0 -9999.0 -9999.0 -9999.0 -9999.0 -9999.0 -9999.0 -9999.0 -9999.0 -9999.0 -9999.0 -9999.0 -9999.0 -9999.0 -9999.0 -9999.0 -9999.0 -9999.0 -9999.0 -9999.0 -9999.0 -9999.0 -9999.0 -9999.0 -9999.0 -9999.0 -9999.0 -9999.0 -9999.0 -9999.0 -9999.0 -9999.0 -9999.0 -9999.0 -9999.0 -9999.0 -9999.0 -9999.0 -9999.0 -9999.0 -9999.0 -9999.0 -9999.0 -9999.0 -9999.0 -9999.0 -9999.0 -9999.0 -9999.0 -9999.0 -9999.0 -9999.0 -9999.0 -9999.0 -9999.0 -9999.0 -9999.0 -9999.0 -9999.0 -9999.0 -9999.0 -9999.0 -9999.0 -9999.0 -9999.0 -9999.0 -9999.0 -9999.0 -9999.0 -9999.0 -9999.0 -9999.0 -9999.0 -9999.0 -9999.0 -9999.0 -9999.0 -9999.0 -9999.0 -9999.0 -9999.0 -9999.0 -9999.0 -9999.0 -9999.0 -9999.0 -9999.0 -9999.0 -9999.0 -9999.0 -9999.0 -9999.0 -9999.0 -9999.0 -9999.0 -9999.0 -9999.0 -9999.0 -9999.0