inst/processing_geotop_simulation/geotop_simulation/out/maps3D/PwL0010N0338.asc
ncols         104
nrows         10
xllcorner     -2.000000
yllcorner     0.000000
cellsize      1.000000
NODATA_value  -9999.0
-9999.0 -9999.0 -9999.0 -9999.0 -9999.0 -9999.0 -9999.0 -9999.0 -9999.0 -9999.0 -9999.0 -9999.0 -9999.0 -9999.0 -9999.0 -9999.0 -9999.0 -9999.0 -9999.0 -9999.0 -9999.0 -9999.0 -9999.0 -9999.0 -9999.0 -9999.0 -9999.0 -9999.0 -9999.0 -9999.0 -9999.0 -9999.0 -9999.0 -9999.0 -9999.0 -9999.0 -9999.0 -9999.0 -9999.0 -9999.0 -9999.0 -9999.0 -9999.0 -9999.0 -9999.0 -9999.0 -9999.0 -9999.0 -9999.0 -9999.0 -9999.0 -9999.0 -9999.0 -9999.0 -9999.0 -9999.0 -9999.0 -9999.0 -9999.0 -9999.0 -9999.0 -9999.0 -9999.0 -9999.0 -9999.0 -9999.0 -9999.0 -9999.0 -9999.0 -9999.0 -9999.0 -9999.0 -9999.0 -9999.0 -9999.0 -9999.0 -9999.0 -9999.0 -9999.0 -9999.0 -9999.0 -9999.0 -9999.0 -9999.0 -9999.0 -9999.0 -9999.0 -9999.0 -9999.0 -9999.0 -9999.0 -9999.0 -9999.0 -9999.0 -9999.0 -9999.0 -9999.0 -9999.0 -9999.0 -9999.0 -9999.0 -9999.0 -9999.0 -9999.0
-9999.0 -9999.0 -9999.0 -9999.0 -9999.0 -9999.0 -9999.0 -9999.0 -9999.0 -9999.0 -9999.0 -9999.0 -9999.0 -9999.0 -9999.0 -9999.0 -9999.0 -9999.0 -9999.0 -9999.0 -9999.0 -9999.0 -9999.0 -9999.0 -9999.0 -9999.0 -9999.0 -9999.0 -9999.0 -9999.0 -9999.0 -9999.0 -9999.0 -9999.0 -9999.0 -9999.0 -9999.0 -9999.0 -9999.0 -9999.0 -9999.0 -9999.0 -9999.0 -9999.0 -9999.0 -9999.0 -9999.0 -9999.0 -9999.0 -9999.0 -9999.0 -9999.0 -9999.0 -9999.0 -9999.0 -9999.0 -9999.0 -9999.0 -9999.0 -9999.0 -9999.0 -9999.0 -9999.0 -9999.0 -9999.0 -9999.0 -9999.0 -9999.0 -9999.0 -9999.0 -9999.0 -9999.0 -9999.0 -9999.0 -9999.0 -9999.0 -9999.0 -9999.0 -9999.0 -9999.0 -9999.0 -9999.0 -9999.0 -9999.0 -9999.0 -9999.0 -9999.0 -9999.0 -9999.0 -9999.0 -9999.0 -9999.0 -9999.0 -9999.0 -9999.0 -9999.0 -9999.0 -9999.0 -9999.0 -9999.0 -9999.0 -9999.0 -9999.0 -9999.0
-9999.0 -9999.0 473.594323 375.705513 277.145653 178.271722 79.264853 -19.794854 -118.869162 -217.940864 -316.989718 -415.985913 -514.868566 -613.510887 -711.753786 -810.160901 -908.395992 -1006.427748 -1104.242014 -1199.869723 -1292.782130 -1380.808675 -1461.112493 -1531.145135 -1589.485909 -1636.080947 -1671.965836 -1698.780171 -1718.329566 -1732.301378 -1742.128259 -1748.952052 -1753.642966 -1756.842648 -1759.013014 -1760.483082 -1761.496643 -1762.293489 -1763.364070 -1766.172517 -1772.934648 -1765.728487 -1333.872473 -1522.947046 -1470.998586 -1438.109983 -1423.147097 -1421.086791 -1420.873969 -1420.894681 -1420.948594 -1421.006496 -1421.062114 -1421.113602 -1421.161335 -1421.216436 -1421.386590 -1422.568795 -1430.313714 -1447.922025 -1469.869081 -1266.313028 -1732.188889 -1765.619772 -1764.792748 -1763.846779 -1763.619133 -1763.577879 -1763.571531 -1763.571060 -1763.571487 -1763.571964 -1763.572358 -1763.572666 -1763.572907 -1763.573097 -1763.573251 -1763.573378 -1763.573488 -1763.573589 -1763.573689 -1763.573800 -1763.573937 -1763.574123 -1763.574391 -1763.574796 -1763.575426 -1763.576429 -1763.578059 -1763.580766 -1763.585377 -1763.593461 -1763.608072 -1763.635297 -1763.687538 -1763.790865 -1764.002931 -1764.460462 -1765.514507 -1768.152834 -1775.534177 -1799.607976 -9999.0 -9999.0
-9999.0 -9999.0 473.600222 375.707150 277.146109 178.271859 79.264898 -19.794839 -118.869156 -217.940862 -316.989717 -415.985912 -514.868566 -613.510887 -711.753786 -810.160901 -908.395992 -1006.427748 -1104.242014 -1199.869724 -1292.782130 -1380.808675 -1461.112493 -1531.145135 -1589.485910 -1636.080947 -1671.965836 -1698.780171 -1718.329566 -1732.301378 -1742.128259 -1748.952052 -1753.642966 -1756.842648 -1759.013014 -1760.483082 -1761.496643 -1762.293489 -1763.364070 -1766.172517 -1772.934648 -1765.728487 -1333.872473 -1522.947046 -1470.998586 -1438.109982 -1423.147097 -1421.086791 -1420.873969 -1420.894681 -1420.948594 -1421.006496 -1421.062114 -1421.113602 -1421.161335 -1421.216436 -1421.386590 -1422.568795 -1430.313714 -1447.922025 -1469.869081 -1266.313028 -1732.188889 -1765.619772 -1764.792748 -1763.846779 -1763.619133 -1763.577879 -1763.571531 -1763.571060 -1763.571487 -1763.571964 -1763.572358 -1763.572666 -1763.572907 -1763.573097 -1763.573251 -1763.573378 -1763.573488 -1763.573589 -1763.573689 -1763.573800 -1763.573937 -1763.574123 -1763.574391 -1763.574796 -1763.575426 -1763.576429 -1763.578059 -1763.580766 -1763.585377 -1763.593461 -1763.608072 -1763.635297 -1763.687538 -1763.790865 -1764.002931 -1764.460462 -1765.514507 -1768.152834 -1775.534177 -1799.607976 -9999.0 -9999.0
-9999.0 -9999.0 473.601621 375.707886 277.146405 178.271968 79.264937 -19.794825 -118.869151 -217.940860 -316.989716 -415.985912 -514.868565 -613.510887 -711.753786 -810.160901 -908.395992 -1006.427748 -1104.242014 -1199.869724 -1292.782130 -1380.808675 -1461.112493 -1531.145136 -1589.485910 -1636.080947 -1671.965836 -1698.780171 -1718.329566 -1732.301378 -1742.128259 -1748.952052 -1753.642966 -1756.842648 -1759.013014 -1760.483082 -1761.496643 -1762.293489 -1763.364070 -1766.172517 -1772.934648 -1765.728487 -1333.872473 -1522.947046 -1470.998586 -1438.109982 -1423.147097 -1421.086791 -1420.873969 -1420.894681 -1420.948594 -1421.006496 -1421.062114 -1421.113602 -1421.161335 -1421.216436 -1421.386590 -1422.568795 -1430.313714 -1447.922025 -1469.869081 -1266.313028 -1732.188889 -1765.619772 -1764.792748 -1763.846779 -1763.619133 -1763.577879 -1763.571531 -1763.571060 -1763.571487 -1763.571964 -1763.572358 -1763.572666 -1763.572907 -1763.573097 -1763.573251 -1763.573378 -1763.573488 -1763.573589 -1763.573689 -1763.573800 -1763.573937 -1763.574123 -1763.574391 -1763.574796 -1763.575426 -1763.576429 -1763.578059 -1763.580766 -1763.585377 -1763.593461 -1763.608072 -1763.635297 -1763.687538 -1763.790865 -1764.002931 -1764.460462 -1765.514507 -1768.152834 -1775.534177 -1799.607976 -9999.0 -9999.0
-9999.0 -9999.0 473.601621 375.707886 277.146405 178.271968 79.264937 -19.794825 -118.869151 -217.940860 -316.989716 -415.985912 -514.868565 -613.510887 -711.753786 -810.160901 -908.395992 -1006.427748 -1104.242014 -1199.869724 -1292.782130 -1380.808675 -1461.112493 -1531.145136 -1589.485910 -1636.080947 -1671.965836 -1698.780171 -1718.329566 -1732.301378 -1742.128259 -1748.952052 -1753.642966 -1756.842648 -1759.013014 -1760.483082 -1761.496643 -1762.293489 -1763.364070 -1766.172517 -1772.934648 -1765.728487 -1333.872473 -1522.947046 -1470.998586 -1438.109982 -1423.147097 -1421.086791 -1420.873969 -1420.894681 -1420.948594 -1421.006496 -1421.062114 -1421.113602 -1421.161335 -1421.216436 -1421.386590 -1422.568795 -1430.313714 -1447.922025 -1469.869081 -1266.313028 -1732.188889 -1765.619772 -1764.792748 -1763.846779 -1763.619133 -1763.577879 -1763.571531 -1763.571060 -1763.571487 -1763.571964 -1763.572358 -1763.572666 -1763.572907 -1763.573097 -1763.573251 -1763.573378 -1763.573488 -1763.573589 -1763.573689 -1763.573800 -1763.573937 -1763.574123 -1763.574391 -1763.574796 -1763.575426 -1763.576429 -1763.578059 -1763.580766 -1763.585377 -1763.593461 -1763.608072 -1763.635297 -1763.687538 -1763.790865 -1764.002931 -1764.460462 -1765.514507 -1768.152834 -1775.534177 -1799.607976 -9999.0 -9999.0
-9999.0 -9999.0 473.600222 375.707150 277.146109 178.271860 79.264898 -19.794839 -118.869156 -217.940862 -316.989717 -415.985912 -514.868566 -613.510887 -711.753786 -810.160901 -908.395992 -1006.427748 -1104.242014 -1199.869724 -1292.782130 -1380.808675 -1461.112493 -1531.145135 -1589.485910 -1636.080947 -1671.965836 -1698.780171 -1718.329566 -1732.301378 -1742.128259 -1748.952052 -1753.642966 -1756.842648 -1759.013014 -1760.483082 -1761.496643 -1762.293489 -1763.364070 -1766.172517 -1772.934648 -1765.728487 -1333.872473 -1522.947046 -1470.998586 -1438.109982 -1423.147097 -1421.086791 -1420.873969 -1420.894681 -1420.948594 -1421.006496 -1421.062114 -1421.113602 -1421.161335 -1421.216436 -1421.386590 -1422.568795 -1430.313714 -1447.922025 -1469.869081 -1266.313028 -1732.188889 -1765.619772 -1764.792748 -1763.846779 -1763.619133 -1763.577879 -1763.571531 -1763.571060 -1763.571487 -1763.571964 -1763.572358 -1763.572666 -1763.572907 -1763.573097 -1763.573251 -1763.573378 -1763.573488 -1763.573589 -1763.573689 -1763.573800 -1763.573937 -1763.574123 -1763.574391 -1763.574796 -1763.575426 -1763.576429 -1763.578059 -1763.580766 -1763.585377 -1763.593461 -1763.608072 -1763.635297 -1763.687538 -1763.790865 -1764.002931 -1764.460462 -1765.514507 -1768.152834 -1775.534177 -1799.607976 -9999.0 -9999.0
-9999.0 -9999.0 473.594323 375.705512 277.145653 178.271722 79.264853 -19.794854 -118.869161 -217.940864 -316.989718 -415.985913 -514.868566 -613.510887 -711.753786 -810.160901 -908.395992 -1006.427748 -1104.242014 -1199.869723 -1292.782130 -1380.808675 -1461.112493 -1531.145135 -1589.485909 -1636.080947 -1671.965836 -1698.780171 -1718.329566 -1732.301378 -1742.128259 -1748.952052 -1753.642966 -1756.842648 -1759.013014 -1760.483082 -1761.496643 -1762.293489 -1763.364070 -1766.172517 -1772.934648 -1765.728487 -1333.872473 -1522.947046 -1470.998586 -1438.109983 -1423.147097 -1421.086791 -1420.873969 -1420.894681 -1420.948594 -1421.006496 -1421.062114 -1421.113602 -1421.161335 -1421.216436 -1421.386590 -1422.568795 -1430.313714 -1447.922025 -1469.869081 -1266.313028 -1732.188889 -1765.619772 -1764.792748 -1763.846779 -1763.619133 -1763.577879 -1763.571531 -1763.571060 -1763.571487 -1763.571964 -1763.572358 -1763.572666 -1763.572907 -1763.573097 -1763.573251 -1763.573378 -1763.573488 -1763.573589 -1763.573689 -1763.573800 -1763.573937 -1763.574123 -1763.574391 -1763.574796 -1763.575426 -1763.576429 -1763.578059 -1763.580766 -1763.585377 -1763.593461 -1763.608072 -1763.635297 -1763.687538 -1763.790865 -1764.002931 -1764.460462 -1765.514507 -1768.152834 -1775.534177 -1799.607976 -9999.0 -9999.0
-9999.0 -9999.0 -9999.0 -9999.0 -9999.0 -9999.0 -9999.0 -9999.0 -9999.0 -9999.0 -9999.0 -9999.0 -9999.0 -9999.0 -9999.0 -9999.0 -9999.0 -9999.0 -9999.0 -9999.0 -9999.0 -9999.0 -9999.0 -9999.0 -9999.0 -9999.0 -9999.0 -9999.0 -9999.0 -9999.0 -9999.0 -9999.0 -9999.0 -9999.0 -9999.0 -9999.0 -9999.0 -9999.0 -9999.0 -9999.0 -9999.0 -9999.0 -9999.0 -9999.0 -9999.0 -9999.0 -9999.0 -9999.0 -9999.0 -9999.0 -9999.0 -9999.0 -9999.0 -9999.0 -9999.0 -9999.0 -9999.0 -9999.0 -9999.0 -9999.0 -9999.0 -9999.0 -9999.0 -9999.0 -9999.0 -9999.0 -9999.0 -9999.0 -9999.0 -9999.0 -9999.0 -9999.0 -9999.0 -9999.0 -9999.0 -9999.0 -9999.0 -9999.0 -9999.0 -9999.0 -9999.0 -9999.0 -9999.0 -9999.0 -9999.0 -9999.0 -9999.0 -9999.0 -9999.0 -9999.0 -9999.0 -9999.0 -9999.0 -9999.0 -9999.0 -9999.0 -9999.0 -9999.0 -9999.0 -9999.0 -9999.0 -9999.0 -9999.0 -9999.0
-9999.0 -9999.0 -9999.0 -9999.0 -9999.0 -9999.0 -9999.0 -9999.0 -9999.0 -9999.0 -9999.0 -9999.0 -9999.0 -9999.0 -9999.0 -9999.0 -9999.0 -9999.0 -9999.0 -9999.0 -9999.0 -9999.0 -9999.0 -9999.0 -9999.0 -9999.0 -9999.0 -9999.0 -9999.0 -9999.0 -9999.0 -9999.0 -9999.0 -9999.0 -9999.0 -9999.0 -9999.0 -9999.0 -9999.0 -9999.0 -9999.0 -9999.0 -9999.0 -9999.0 -9999.0 -9999.0 -9999.0 -9999.0 -9999.0 -9999.0 -9999.0 -9999.0 -9999.0 -9999.0 -9999.0 -9999.0 -9999.0 -9999.0 -9999.0 -9999.0 -9999.0 -9999.0 -9999.0 -9999.0 -9999.0 -9999.0 -9999.0 -9999.0 -9999.0 -9999.0 -9999.0 -9999.0 -9999.0 -9999.0 -9999.0 -9999.0 -9999.0 -9999.0 -9999.0 -9999.0 -9999.0 -9999.0 -9999.0 -9999.0 -9999.0 -9999.0 -9999.0 -9999.0 -9999.0 -9999.0 -9999.0 -9999.0 -9999.0 -9999.0 -9999.0 -9999.0 -9999.0 -9999.0 -9999.0 -9999.0 -9999.0 -9999.0 -9999.0 -9999.0