inst/processing_geotop_simulation/geotop_simulation/out/maps3D/PwL0021N0165.asc
ncols         104
nrows         10
xllcorner     -2.000000
yllcorner     0.000000
cellsize      1.000000
NODATA_value  -9999.0
-9999.0 -9999.0 -9999.0 -9999.0 -9999.0 -9999.0 -9999.0 -9999.0 -9999.0 -9999.0 -9999.0 -9999.0 -9999.0 -9999.0 -9999.0 -9999.0 -9999.0 -9999.0 -9999.0 -9999.0 -9999.0 -9999.0 -9999.0 -9999.0 -9999.0 -9999.0 -9999.0 -9999.0 -9999.0 -9999.0 -9999.0 -9999.0 -9999.0 -9999.0 -9999.0 -9999.0 -9999.0 -9999.0 -9999.0 -9999.0 -9999.0 -9999.0 -9999.0 -9999.0 -9999.0 -9999.0 -9999.0 -9999.0 -9999.0 -9999.0 -9999.0 -9999.0 -9999.0 -9999.0 -9999.0 -9999.0 -9999.0 -9999.0 -9999.0 -9999.0 -9999.0 -9999.0 -9999.0 -9999.0 -9999.0 -9999.0 -9999.0 -9999.0 -9999.0 -9999.0 -9999.0 -9999.0 -9999.0 -9999.0 -9999.0 -9999.0 -9999.0 -9999.0 -9999.0 -9999.0 -9999.0 -9999.0 -9999.0 -9999.0 -9999.0 -9999.0 -9999.0 -9999.0 -9999.0 -9999.0 -9999.0 -9999.0 -9999.0 -9999.0 -9999.0 -9999.0 -9999.0 -9999.0 -9999.0 -9999.0 -9999.0 -9999.0 -9999.0 -9999.0
-9999.0 -9999.0 -9999.0 -9999.0 -9999.0 -9999.0 -9999.0 -9999.0 -9999.0 -9999.0 -9999.0 -9999.0 -9999.0 -9999.0 -9999.0 -9999.0 -9999.0 -9999.0 -9999.0 -9999.0 -9999.0 -9999.0 -9999.0 -9999.0 -9999.0 -9999.0 -9999.0 -9999.0 -9999.0 -9999.0 -9999.0 -9999.0 -9999.0 -9999.0 -9999.0 -9999.0 -9999.0 -9999.0 -9999.0 -9999.0 -9999.0 -9999.0 -9999.0 -9999.0 -9999.0 -9999.0 -9999.0 -9999.0 -9999.0 -9999.0 -9999.0 -9999.0 -9999.0 -9999.0 -9999.0 -9999.0 -9999.0 -9999.0 -9999.0 -9999.0 -9999.0 -9999.0 -9999.0 -9999.0 -9999.0 -9999.0 -9999.0 -9999.0 -9999.0 -9999.0 -9999.0 -9999.0 -9999.0 -9999.0 -9999.0 -9999.0 -9999.0 -9999.0 -9999.0 -9999.0 -9999.0 -9999.0 -9999.0 -9999.0 -9999.0 -9999.0 -9999.0 -9999.0 -9999.0 -9999.0 -9999.0 -9999.0 -9999.0 -9999.0 -9999.0 -9999.0 -9999.0 -9999.0 -9999.0 -9999.0 -9999.0 -9999.0 -9999.0 -9999.0
-9999.0 -9999.0 1031.999558 936.704692 841.203040 745.158090 648.797778 552.292529 455.740112 359.194842 262.687174 166.234377 69.846149 -26.461026 -122.674133 -218.744766 -314.552928 -409.885330 -504.353364 -597.191210 -688.683158 -779.783381 -869.311419 -957.024775 -1033.908387 -1092.396264 -1138.656496 -1173.603837 -1198.947981 -1216.700135 -1228.786983 -1236.835325 -1242.105380 -1245.515372 -1247.705207 -1249.109129 -1250.024238 -1250.691407 -1251.542057 -1254.462161 -1268.821471 -1348.788655 -1745.297412 -3665.733599 -3935.427490 -3935.390777 -3925.865093 -3832.383380 -3579.828869 -3258.039380 -2962.623640 -2699.387703 -2543.175134 -2445.839531 -2358.085175 -2268.855343 -2175.121638 -2078.172614 -1981.361889 -1887.457054 -1788.700783 -1407.736263 -1309.423449 -1262.053933 -1253.393727 -1252.041911 -1251.845983 -1251.817426 -1251.813802 -1251.814195 -1251.815131 -1251.815977 -1251.816646 -1251.817160 -1251.817556 -1251.817867 -1251.818114 -1251.818316 -1251.818486 -1251.818637 -1251.818785 -1251.818948 -1251.819151 -1251.819428 -1251.819835 -1251.820456 -1251.821430 -1251.822987 -1251.825515 -1251.829700 -1251.836781 -1251.849090 -1251.871128 -1251.911806 -1251.989083 -1252.140091 -1252.445249 -1253.092548 -1254.560184 -1258.131959 -1267.372119 -1293.537591 -9999.0 -9999.0
-9999.0 -9999.0 1032.002624 936.705911 841.203450 745.158227 648.797824 552.292545 455.740117 359.194844 262.687174 166.234377 69.846149 -26.461026 -122.674133 -218.744766 -314.552929 -409.885330 -504.353364 -597.191211 -688.683159 -779.783381 -869.311419 -957.024776 -1033.908387 -1092.396264 -1138.656496 -1173.603837 -1198.947981 -1216.700135 -1228.786983 -1236.835325 -1242.105380 -1245.515372 -1247.705207 -1249.109129 -1250.024238 -1250.691407 -1251.542057 -1254.462161 -1268.821471 -1348.788655 -1745.297412 -3665.733598 -3935.427490 -3935.390777 -3925.865093 -3832.383379 -3579.828869 -3258.039378 -2962.623636 -2699.387702 -2543.175133 -2445.839531 -2358.085175 -2268.855343 -2175.121637 -2078.172614 -1981.361888 -1887.457054 -1788.700783 -1407.736263 -1309.423449 -1262.053933 -1253.393727 -1252.041911 -1251.845983 -1251.817426 -1251.813802 -1251.814195 -1251.815131 -1251.815977 -1251.816646 -1251.817160 -1251.817556 -1251.817867 -1251.818114 -1251.818316 -1251.818486 -1251.818637 -1251.818785 -1251.818948 -1251.819151 -1251.819428 -1251.819835 -1251.820456 -1251.821430 -1251.822987 -1251.825515 -1251.829700 -1251.836781 -1251.849090 -1251.871128 -1251.911806 -1251.989083 -1252.140091 -1252.445249 -1253.092548 -1254.560184 -1258.131959 -1267.372119 -1293.537591 -9999.0 -9999.0
-9999.0 -9999.0 1032.003863 936.706583 841.203738 745.158337 648.797866 552.292560 455.740123 359.194846 262.687175 166.234377 69.846149 -26.461026 -122.674133 -218.744767 -314.552929 -409.885330 -504.353364 -597.191211 -688.683159 -779.783381 -869.311419 -957.024776 -1033.908387 -1092.396265 -1138.656496 -1173.603837 -1198.947981 -1216.700135 -1228.786983 -1236.835326 -1242.105380 -1245.515372 -1247.705207 -1249.109129 -1250.024238 -1250.691407 -1251.542057 -1254.462161 -1268.821471 -1348.788655 -1745.297412 -3665.733598 -3935.427490 -3935.390777 -3925.865093 -3832.383379 -3579.828868 -3258.039375 -2962.623634 -2699.387701 -2543.175133 -2445.839531 -2358.085175 -2268.855343 -2175.121637 -2078.172614 -1981.361888 -1887.457053 -1788.700783 -1407.736263 -1309.423449 -1262.053933 -1253.393727 -1252.041911 -1251.845983 -1251.817426 -1251.813802 -1251.814195 -1251.815131 -1251.815977 -1251.816646 -1251.817160 -1251.817556 -1251.817867 -1251.818114 -1251.818316 -1251.818486 -1251.818637 -1251.818785 -1251.818948 -1251.819151 -1251.819428 -1251.819835 -1251.820456 -1251.821430 -1251.822987 -1251.825515 -1251.829700 -1251.836781 -1251.849090 -1251.871128 -1251.911806 -1251.989083 -1252.140091 -1252.445249 -1253.092548 -1254.560184 -1258.131959 -1267.372119 -1293.537591 -9999.0 -9999.0
-9999.0 -9999.0 1032.003863 936.706583 841.203737 745.158338 648.797865 552.292560 455.740122 359.194846 262.687175 166.234377 69.846149 -26.461026 -122.674133 -218.744766 -314.552929 -409.885330 -504.353364 -597.191211 -688.683159 -779.783381 -869.311419 -957.024776 -1033.908387 -1092.396265 -1138.656496 -1173.603837 -1198.947981 -1216.700135 -1228.786983 -1236.835326 -1242.105380 -1245.515372 -1247.705207 -1249.109129 -1250.024238 -1250.691407 -1251.542057 -1254.462161 -1268.821471 -1348.788655 -1745.297412 -3665.733598 -3935.427490 -3935.390777 -3925.865093 -3832.383379 -3579.828868 -3258.039376 -2962.623634 -2699.387701 -2543.175133 -2445.839531 -2358.085175 -2268.855343 -2175.121637 -2078.172614 -1981.361888 -1887.457053 -1788.700783 -1407.736263 -1309.423449 -1262.053933 -1253.393727 -1252.041911 -1251.845983 -1251.817426 -1251.813802 -1251.814195 -1251.815131 -1251.815977 -1251.816646 -1251.817160 -1251.817556 -1251.817867 -1251.818114 -1251.818316 -1251.818486 -1251.818637 -1251.818785 -1251.818948 -1251.819151 -1251.819428 -1251.819835 -1251.820456 -1251.821430 -1251.822987 -1251.825515 -1251.829700 -1251.836781 -1251.849090 -1251.871128 -1251.911806 -1251.989083 -1252.140091 -1252.445249 -1253.092548 -1254.560184 -1258.131959 -1267.372119 -1293.537591 -9999.0 -9999.0
-9999.0 -9999.0 1032.002624 936.705911 841.203450 745.158226 648.797825 552.292545 455.740117 359.194844 262.687174 166.234377 69.846149 -26.461026 -122.674133 -218.744766 -314.552929 -409.885330 -504.353364 -597.191211 -688.683159 -779.783381 -869.311419 -957.024776 -1033.908387 -1092.396264 -1138.656496 -1173.603837 -1198.947981 -1216.700135 -1228.786983 -1236.835325 -1242.105380 -1245.515372 -1247.705207 -1249.109129 -1250.024238 -1250.691407 -1251.542057 -1254.462161 -1268.821471 -1348.788655 -1745.297412 -3665.733598 -3935.427490 -3935.390777 -3925.865093 -3832.383379 -3579.828869 -3258.039377 -2962.623636 -2699.387702 -2543.175133 -2445.839531 -2358.085175 -2268.855343 -2175.121637 -2078.172614 -1981.361888 -1887.457053 -1788.700783 -1407.736263 -1309.423449 -1262.053933 -1253.393727 -1252.041911 -1251.845983 -1251.817426 -1251.813802 -1251.814195 -1251.815131 -1251.815977 -1251.816646 -1251.817160 -1251.817556 -1251.817867 -1251.818114 -1251.818316 -1251.818486 -1251.818637 -1251.818785 -1251.818948 -1251.819151 -1251.819428 -1251.819835 -1251.820456 -1251.821430 -1251.822987 -1251.825515 -1251.829700 -1251.836781 -1251.849090 -1251.871128 -1251.911806 -1251.989083 -1252.140091 -1252.445249 -1253.092548 -1254.560184 -1258.131959 -1267.372119 -1293.537591 -9999.0 -9999.0
-9999.0 -9999.0 1031.999558 936.704692 841.203040 745.158090 648.797778 552.292529 455.740111 359.194842 262.687173 166.234377 69.846149 -26.461026 -122.674133 -218.744766 -314.552929 -409.885330 -504.353364 -597.191210 -688.683158 -779.783381 -869.311419 -957.024775 -1033.908387 -1092.396264 -1138.656496 -1173.603837 -1198.947981 -1216.700135 -1228.786983 -1236.835325 -1242.105380 -1245.515372 -1247.705207 -1249.109129 -1250.024238 -1250.691407 -1251.542057 -1254.462161 -1268.821471 -1348.788655 -1745.297412 -3665.733599 -3935.427490 -3935.390777 -3925.865093 -3832.383380 -3579.828869 -3258.039381 -2962.623640 -2699.387703 -2543.175134 -2445.839532 -2358.085175 -2268.855344 -2175.121637 -2078.172614 -1981.361889 -1887.457054 -1788.700783 -1407.736263 -1309.423449 -1262.053933 -1253.393727 -1252.041911 -1251.845983 -1251.817426 -1251.813802 -1251.814195 -1251.815131 -1251.815977 -1251.816646 -1251.817160 -1251.817556 -1251.817867 -1251.818114 -1251.818316 -1251.818486 -1251.818637 -1251.818785 -1251.818948 -1251.819151 -1251.819428 -1251.819835 -1251.820456 -1251.821430 -1251.822987 -1251.825515 -1251.829700 -1251.836781 -1251.849090 -1251.871128 -1251.911806 -1251.989083 -1252.140091 -1252.445249 -1253.092548 -1254.560184 -1258.131959 -1267.372119 -1293.537591 -9999.0 -9999.0
-9999.0 -9999.0 -9999.0 -9999.0 -9999.0 -9999.0 -9999.0 -9999.0 -9999.0 -9999.0 -9999.0 -9999.0 -9999.0 -9999.0 -9999.0 -9999.0 -9999.0 -9999.0 -9999.0 -9999.0 -9999.0 -9999.0 -9999.0 -9999.0 -9999.0 -9999.0 -9999.0 -9999.0 -9999.0 -9999.0 -9999.0 -9999.0 -9999.0 -9999.0 -9999.0 -9999.0 -9999.0 -9999.0 -9999.0 -9999.0 -9999.0 -9999.0 -9999.0 -9999.0 -9999.0 -9999.0 -9999.0 -9999.0 -9999.0 -9999.0 -9999.0 -9999.0 -9999.0 -9999.0 -9999.0 -9999.0 -9999.0 -9999.0 -9999.0 -9999.0 -9999.0 -9999.0 -9999.0 -9999.0 -9999.0 -9999.0 -9999.0 -9999.0 -9999.0 -9999.0 -9999.0 -9999.0 -9999.0 -9999.0 -9999.0 -9999.0 -9999.0 -9999.0 -9999.0 -9999.0 -9999.0 -9999.0 -9999.0 -9999.0 -9999.0 -9999.0 -9999.0 -9999.0 -9999.0 -9999.0 -9999.0 -9999.0 -9999.0 -9999.0 -9999.0 -9999.0 -9999.0 -9999.0 -9999.0 -9999.0 -9999.0 -9999.0 -9999.0 -9999.0
-9999.0 -9999.0 -9999.0 -9999.0 -9999.0 -9999.0 -9999.0 -9999.0 -9999.0 -9999.0 -9999.0 -9999.0 -9999.0 -9999.0 -9999.0 -9999.0 -9999.0 -9999.0 -9999.0 -9999.0 -9999.0 -9999.0 -9999.0 -9999.0 -9999.0 -9999.0 -9999.0 -9999.0 -9999.0 -9999.0 -9999.0 -9999.0 -9999.0 -9999.0 -9999.0 -9999.0 -9999.0 -9999.0 -9999.0 -9999.0 -9999.0 -9999.0 -9999.0 -9999.0 -9999.0 -9999.0 -9999.0 -9999.0 -9999.0 -9999.0 -9999.0 -9999.0 -9999.0 -9999.0 -9999.0 -9999.0 -9999.0 -9999.0 -9999.0 -9999.0 -9999.0 -9999.0 -9999.0 -9999.0 -9999.0 -9999.0 -9999.0 -9999.0 -9999.0 -9999.0 -9999.0 -9999.0 -9999.0 -9999.0 -9999.0 -9999.0 -9999.0 -9999.0 -9999.0 -9999.0 -9999.0 -9999.0 -9999.0 -9999.0 -9999.0 -9999.0 -9999.0 -9999.0 -9999.0 -9999.0 -9999.0 -9999.0 -9999.0 -9999.0 -9999.0 -9999.0 -9999.0 -9999.0 -9999.0 -9999.0 -9999.0 -9999.0 -9999.0 -9999.0