inst/processing_geotop_simulation/geotop_simulation/out/maps3D/PwL0021N0034.asc
ncols         104
nrows         10
xllcorner     -2.000000
yllcorner     0.000000
cellsize      1.000000
NODATA_value  -9999.0
-9999.0 -9999.0 -9999.0 -9999.0 -9999.0 -9999.0 -9999.0 -9999.0 -9999.0 -9999.0 -9999.0 -9999.0 -9999.0 -9999.0 -9999.0 -9999.0 -9999.0 -9999.0 -9999.0 -9999.0 -9999.0 -9999.0 -9999.0 -9999.0 -9999.0 -9999.0 -9999.0 -9999.0 -9999.0 -9999.0 -9999.0 -9999.0 -9999.0 -9999.0 -9999.0 -9999.0 -9999.0 -9999.0 -9999.0 -9999.0 -9999.0 -9999.0 -9999.0 -9999.0 -9999.0 -9999.0 -9999.0 -9999.0 -9999.0 -9999.0 -9999.0 -9999.0 -9999.0 -9999.0 -9999.0 -9999.0 -9999.0 -9999.0 -9999.0 -9999.0 -9999.0 -9999.0 -9999.0 -9999.0 -9999.0 -9999.0 -9999.0 -9999.0 -9999.0 -9999.0 -9999.0 -9999.0 -9999.0 -9999.0 -9999.0 -9999.0 -9999.0 -9999.0 -9999.0 -9999.0 -9999.0 -9999.0 -9999.0 -9999.0 -9999.0 -9999.0 -9999.0 -9999.0 -9999.0 -9999.0 -9999.0 -9999.0 -9999.0 -9999.0 -9999.0 -9999.0 -9999.0 -9999.0 -9999.0 -9999.0 -9999.0 -9999.0 -9999.0 -9999.0
-9999.0 -9999.0 -9999.0 -9999.0 -9999.0 -9999.0 -9999.0 -9999.0 -9999.0 -9999.0 -9999.0 -9999.0 -9999.0 -9999.0 -9999.0 -9999.0 -9999.0 -9999.0 -9999.0 -9999.0 -9999.0 -9999.0 -9999.0 -9999.0 -9999.0 -9999.0 -9999.0 -9999.0 -9999.0 -9999.0 -9999.0 -9999.0 -9999.0 -9999.0 -9999.0 -9999.0 -9999.0 -9999.0 -9999.0 -9999.0 -9999.0 -9999.0 -9999.0 -9999.0 -9999.0 -9999.0 -9999.0 -9999.0 -9999.0 -9999.0 -9999.0 -9999.0 -9999.0 -9999.0 -9999.0 -9999.0 -9999.0 -9999.0 -9999.0 -9999.0 -9999.0 -9999.0 -9999.0 -9999.0 -9999.0 -9999.0 -9999.0 -9999.0 -9999.0 -9999.0 -9999.0 -9999.0 -9999.0 -9999.0 -9999.0 -9999.0 -9999.0 -9999.0 -9999.0 -9999.0 -9999.0 -9999.0 -9999.0 -9999.0 -9999.0 -9999.0 -9999.0 -9999.0 -9999.0 -9999.0 -9999.0 -9999.0 -9999.0 -9999.0 -9999.0 -9999.0 -9999.0 -9999.0 -9999.0 -9999.0 -9999.0 -9999.0 -9999.0 -9999.0
-9999.0 -9999.0 -422.713682 -468.635675 -497.046418 -508.278694 -507.934734 -503.497648 -499.571837 -497.723314 -496.148699 -496.369833 -494.920523 -485.490842 -452.153977 -418.194737 -402.096945 -393.911554 -388.860460 -385.249080 -321.093378 -209.475562 -104.698569 4.148637 122.411777 46.448139 -30.589670 -107.386950 -183.088107 -255.043493 -320.009905 -374.626836 -416.528545 -445.917635 -464.855626 -476.265884 -482.813775 -487.593661 -494.367398 -493.491042 -479.048505 -498.358527 -2604.207650 -3935.457665 -3935.643563 -3935.643564 -3935.643564 -3935.643563 -3935.643539 -3935.643298 -3935.641811 -3935.632479 -3935.605426 -3935.555392 -3935.443600 -3935.148254 -3934.216788 -3930.749251 -3916.414470 -3859.551925 -3681.512537 -2275.031932 -528.638997 -513.477739 -496.876466 -492.984380 -492.095137 -491.840074 -491.739560 -491.690845 -491.664413 -491.649356 -491.640529 -491.635433 -491.632749 -491.631620 -491.631210 -491.631186 -491.631387 -491.631798 -491.632559 -491.633732 -491.635553 -491.638008 -491.641562 -491.646938 -491.655382 -491.668848 -491.690826 -491.727357 -491.789439 -491.898336 -492.097100 -492.475310 -493.224292 -494.757247 -497.966114 -504.748335 -519.035038 -549.498758 -627.553208 -867.409235 -9999.0 -9999.0
-9999.0 -9999.0 -422.713670 -468.635652 -497.046393 -508.278678 -507.934728 -503.497649 -499.571840 -497.723317 -496.148699 -496.369833 -494.920523 -485.490842 -452.153977 -418.194737 -402.096945 -393.911554 -388.860460 -385.249080 -321.093378 -209.475562 -104.698570 4.148637 122.411777 46.448139 -30.589670 -107.386950 -183.088107 -255.043493 -320.009905 -374.626836 -416.528545 -445.917635 -464.855626 -476.265884 -482.813775 -487.593661 -494.367398 -493.491042 -479.048505 -498.358527 -2604.207650 -3935.457665 -3935.643563 -3935.643564 -3935.643564 -3935.643563 -3935.643539 -3935.643298 -3935.641811 -3935.632479 -3935.605426 -3935.555392 -3935.443600 -3935.148254 -3934.216788 -3930.749251 -3916.414470 -3859.551925 -3681.512536 -2275.031932 -528.638997 -513.477739 -496.876466 -492.984380 -492.095137 -491.840074 -491.739560 -491.690845 -491.664413 -491.649356 -491.640529 -491.635433 -491.632749 -491.631620 -491.631210 -491.631186 -491.631387 -491.631798 -491.632559 -491.633732 -491.635553 -491.638008 -491.641562 -491.646938 -491.655382 -491.668848 -491.690826 -491.727357 -491.789439 -491.898336 -492.097100 -492.475310 -493.224292 -494.757247 -497.966114 -504.748335 -519.035038 -549.498758 -627.553208 -867.409235 -9999.0 -9999.0
-9999.0 -9999.0 -422.713660 -468.635636 -497.046373 -508.278664 -507.934724 -503.497650 -499.571843 -497.723320 -496.148700 -496.369833 -494.920523 -485.490842 -452.153977 -418.194737 -402.096945 -393.911554 -388.860460 -385.249080 -321.093378 -209.475562 -104.698570 4.148637 122.411777 46.448139 -30.589670 -107.386950 -183.088107 -255.043493 -320.009905 -374.626836 -416.528545 -445.917635 -464.855626 -476.265884 -482.813775 -487.593661 -494.367398 -493.491042 -479.048505 -498.358527 -2604.207650 -3935.457665 -3935.643563 -3935.643564 -3935.643564 -3935.643563 -3935.643539 -3935.643298 -3935.641811 -3935.632479 -3935.605426 -3935.555392 -3935.443600 -3935.148254 -3934.216788 -3930.749251 -3916.414470 -3859.551925 -3681.512536 -2275.031931 -528.638997 -513.477739 -496.876466 -492.984380 -492.095137 -491.840074 -491.739560 -491.690845 -491.664413 -491.649356 -491.640529 -491.635433 -491.632749 -491.631620 -491.631210 -491.631186 -491.631387 -491.631798 -491.632559 -491.633732 -491.635553 -491.638008 -491.641562 -491.646938 -491.655382 -491.668848 -491.690826 -491.727357 -491.789439 -491.898336 -492.097100 -492.475310 -493.224292 -494.757247 -497.966114 -504.748335 -519.035038 -549.498758 -627.553208 -867.409234 -9999.0 -9999.0
-9999.0 -9999.0 -422.713660 -468.635636 -497.046373 -508.278664 -507.934724 -503.497650 -499.571843 -497.723320 -496.148700 -496.369833 -494.920523 -485.490842 -452.153977 -418.194737 -402.096945 -393.911554 -388.860460 -385.249080 -321.093379 -209.475562 -104.698570 4.148637 122.411777 46.448139 -30.589670 -107.386950 -183.088107 -255.043493 -320.009905 -374.626836 -416.528545 -445.917635 -464.855626 -476.265884 -482.813775 -487.593661 -494.367398 -493.491042 -479.048505 -498.358527 -2604.207650 -3935.457665 -3935.643563 -3935.643564 -3935.643564 -3935.643563 -3935.643539 -3935.643298 -3935.641811 -3935.632479 -3935.605426 -3935.555392 -3935.443600 -3935.148254 -3934.216788 -3930.749251 -3916.414470 -3859.551925 -3681.512536 -2275.031932 -528.638997 -513.477739 -496.876466 -492.984380 -492.095137 -491.840074 -491.739560 -491.690845 -491.664413 -491.649356 -491.640529 -491.635433 -491.632749 -491.631620 -491.631210 -491.631186 -491.631387 -491.631798 -491.632559 -491.633732 -491.635553 -491.638008 -491.641562 -491.646938 -491.655382 -491.668848 -491.690826 -491.727357 -491.789439 -491.898336 -492.097100 -492.475310 -493.224292 -494.757247 -497.966114 -504.748335 -519.035038 -549.498758 -627.553208 -867.409234 -9999.0 -9999.0
-9999.0 -9999.0 -422.713670 -468.635652 -497.046393 -508.278678 -507.934728 -503.497649 -499.571840 -497.723317 -496.148699 -496.369833 -494.920523 -485.490842 -452.153977 -418.194737 -402.096945 -393.911554 -388.860460 -385.249080 -321.093378 -209.475562 -104.698570 4.148637 122.411777 46.448139 -30.589670 -107.386950 -183.088107 -255.043493 -320.009905 -374.626836 -416.528545 -445.917635 -464.855626 -476.265884 -482.813775 -487.593661 -494.367398 -493.491042 -479.048505 -498.358527 -2604.207650 -3935.457665 -3935.643563 -3935.643564 -3935.643564 -3935.643563 -3935.643539 -3935.643298 -3935.641811 -3935.632479 -3935.605426 -3935.555392 -3935.443600 -3935.148254 -3934.216788 -3930.749251 -3916.414470 -3859.551925 -3681.512537 -2275.031932 -528.638997 -513.477740 -496.876467 -492.984380 -492.095137 -491.840074 -491.739560 -491.690845 -491.664413 -491.649356 -491.640529 -491.635433 -491.632749 -491.631620 -491.631210 -491.631186 -491.631387 -491.631798 -491.632559 -491.633732 -491.635553 -491.638008 -491.641562 -491.646938 -491.655382 -491.668848 -491.690826 -491.727357 -491.789439 -491.898336 -492.097100 -492.475310 -493.224292 -494.757247 -497.966114 -504.748335 -519.035038 -549.498758 -627.553208 -867.409235 -9999.0 -9999.0
-9999.0 -9999.0 -422.713682 -468.635675 -497.046418 -508.278694 -507.934734 -503.497648 -499.571837 -497.723314 -496.148699 -496.369833 -494.920523 -485.490842 -452.153977 -418.194737 -402.096945 -393.911554 -388.860460 -385.249080 -321.093378 -209.475562 -104.698570 4.148637 122.411777 46.448139 -30.589670 -107.386950 -183.088107 -255.043493 -320.009905 -374.626836 -416.528545 -445.917635 -464.855626 -476.265884 -482.813775 -487.593661 -494.367398 -493.491042 -479.048505 -498.358527 -2604.207650 -3935.457665 -3935.643563 -3935.643564 -3935.643564 -3935.643563 -3935.643539 -3935.643298 -3935.641811 -3935.632479 -3935.605426 -3935.555392 -3935.443600 -3935.148254 -3934.216788 -3930.749251 -3916.414470 -3859.551925 -3681.512537 -2275.031932 -528.638997 -513.477740 -496.876467 -492.984380 -492.095137 -491.840074 -491.739560 -491.690845 -491.664413 -491.649356 -491.640529 -491.635433 -491.632749 -491.631620 -491.631210 -491.631186 -491.631387 -491.631798 -491.632559 -491.633732 -491.635553 -491.638008 -491.641562 -491.646938 -491.655382 -491.668848 -491.690826 -491.727357 -491.789439 -491.898336 -492.097100 -492.475310 -493.224292 -494.757247 -497.966114 -504.748335 -519.035038 -549.498758 -627.553208 -867.409235 -9999.0 -9999.0
-9999.0 -9999.0 -9999.0 -9999.0 -9999.0 -9999.0 -9999.0 -9999.0 -9999.0 -9999.0 -9999.0 -9999.0 -9999.0 -9999.0 -9999.0 -9999.0 -9999.0 -9999.0 -9999.0 -9999.0 -9999.0 -9999.0 -9999.0 -9999.0 -9999.0 -9999.0 -9999.0 -9999.0 -9999.0 -9999.0 -9999.0 -9999.0 -9999.0 -9999.0 -9999.0 -9999.0 -9999.0 -9999.0 -9999.0 -9999.0 -9999.0 -9999.0 -9999.0 -9999.0 -9999.0 -9999.0 -9999.0 -9999.0 -9999.0 -9999.0 -9999.0 -9999.0 -9999.0 -9999.0 -9999.0 -9999.0 -9999.0 -9999.0 -9999.0 -9999.0 -9999.0 -9999.0 -9999.0 -9999.0 -9999.0 -9999.0 -9999.0 -9999.0 -9999.0 -9999.0 -9999.0 -9999.0 -9999.0 -9999.0 -9999.0 -9999.0 -9999.0 -9999.0 -9999.0 -9999.0 -9999.0 -9999.0 -9999.0 -9999.0 -9999.0 -9999.0 -9999.0 -9999.0 -9999.0 -9999.0 -9999.0 -9999.0 -9999.0 -9999.0 -9999.0 -9999.0 -9999.0 -9999.0 -9999.0 -9999.0 -9999.0 -9999.0 -9999.0 -9999.0
-9999.0 -9999.0 -9999.0 -9999.0 -9999.0 -9999.0 -9999.0 -9999.0 -9999.0 -9999.0 -9999.0 -9999.0 -9999.0 -9999.0 -9999.0 -9999.0 -9999.0 -9999.0 -9999.0 -9999.0 -9999.0 -9999.0 -9999.0 -9999.0 -9999.0 -9999.0 -9999.0 -9999.0 -9999.0 -9999.0 -9999.0 -9999.0 -9999.0 -9999.0 -9999.0 -9999.0 -9999.0 -9999.0 -9999.0 -9999.0 -9999.0 -9999.0 -9999.0 -9999.0 -9999.0 -9999.0 -9999.0 -9999.0 -9999.0 -9999.0 -9999.0 -9999.0 -9999.0 -9999.0 -9999.0 -9999.0 -9999.0 -9999.0 -9999.0 -9999.0 -9999.0 -9999.0 -9999.0 -9999.0 -9999.0 -9999.0 -9999.0 -9999.0 -9999.0 -9999.0 -9999.0 -9999.0 -9999.0 -9999.0 -9999.0 -9999.0 -9999.0 -9999.0 -9999.0 -9999.0 -9999.0 -9999.0 -9999.0 -9999.0 -9999.0 -9999.0 -9999.0 -9999.0 -9999.0 -9999.0 -9999.0 -9999.0 -9999.0 -9999.0 -9999.0 -9999.0 -9999.0 -9999.0 -9999.0 -9999.0 -9999.0 -9999.0 -9999.0 -9999.0