inst/processing_geotop_simulation/geotop_simulation/out/maps3D/PwL0011N0017.asc
ncols         104
nrows         10
xllcorner     -2.000000
yllcorner     0.000000
cellsize      1.000000
NODATA_value  -9999.0
-9999.0 -9999.0 -9999.0 -9999.0 -9999.0 -9999.0 -9999.0 -9999.0 -9999.0 -9999.0 -9999.0 -9999.0 -9999.0 -9999.0 -9999.0 -9999.0 -9999.0 -9999.0 -9999.0 -9999.0 -9999.0 -9999.0 -9999.0 -9999.0 -9999.0 -9999.0 -9999.0 -9999.0 -9999.0 -9999.0 -9999.0 -9999.0 -9999.0 -9999.0 -9999.0 -9999.0 -9999.0 -9999.0 -9999.0 -9999.0 -9999.0 -9999.0 -9999.0 -9999.0 -9999.0 -9999.0 -9999.0 -9999.0 -9999.0 -9999.0 -9999.0 -9999.0 -9999.0 -9999.0 -9999.0 -9999.0 -9999.0 -9999.0 -9999.0 -9999.0 -9999.0 -9999.0 -9999.0 -9999.0 -9999.0 -9999.0 -9999.0 -9999.0 -9999.0 -9999.0 -9999.0 -9999.0 -9999.0 -9999.0 -9999.0 -9999.0 -9999.0 -9999.0 -9999.0 -9999.0 -9999.0 -9999.0 -9999.0 -9999.0 -9999.0 -9999.0 -9999.0 -9999.0 -9999.0 -9999.0 -9999.0 -9999.0 -9999.0 -9999.0 -9999.0 -9999.0 -9999.0 -9999.0 -9999.0 -9999.0 -9999.0 -9999.0 -9999.0 -9999.0
-9999.0 -9999.0 -9999.0 -9999.0 -9999.0 -9999.0 -9999.0 -9999.0 -9999.0 -9999.0 -9999.0 -9999.0 -9999.0 -9999.0 -9999.0 -9999.0 -9999.0 -9999.0 -9999.0 -9999.0 -9999.0 -9999.0 -9999.0 -9999.0 -9999.0 -9999.0 -9999.0 -9999.0 -9999.0 -9999.0 -9999.0 -9999.0 -9999.0 -9999.0 -9999.0 -9999.0 -9999.0 -9999.0 -9999.0 -9999.0 -9999.0 -9999.0 -9999.0 -9999.0 -9999.0 -9999.0 -9999.0 -9999.0 -9999.0 -9999.0 -9999.0 -9999.0 -9999.0 -9999.0 -9999.0 -9999.0 -9999.0 -9999.0 -9999.0 -9999.0 -9999.0 -9999.0 -9999.0 -9999.0 -9999.0 -9999.0 -9999.0 -9999.0 -9999.0 -9999.0 -9999.0 -9999.0 -9999.0 -9999.0 -9999.0 -9999.0 -9999.0 -9999.0 -9999.0 -9999.0 -9999.0 -9999.0 -9999.0 -9999.0 -9999.0 -9999.0 -9999.0 -9999.0 -9999.0 -9999.0 -9999.0 -9999.0 -9999.0 -9999.0 -9999.0 -9999.0 -9999.0 -9999.0 -9999.0 -9999.0 -9999.0 -9999.0 -9999.0 -9999.0
-9999.0 -9999.0 520.473624 424.749640 329.550605 232.216383 131.453120 27.695005 -77.067582 -169.667061 -270.163739 -332.445185 -363.977431 -378.568576 -380.326824 -298.807777 -148.698830 11.054445 192.613136 395.166509 348.556145 297.750676 242.635913 183.304138 120.028316 53.274682 -16.081452 -86.643664 -155.509201 -217.805591 -268.373234 -304.398510 -326.308396 -338.224353 -343.811781 -345.335013 -343.837354 -339.508931 -331.703133 -319.014047 -293.596290 -233.693673 -3168.817227 -4430.659994 -4430.693069 -4430.693069 -4430.693069 -4430.693069 -4430.693069 -4430.693069 -4430.693069 -4430.693069 -4430.693069 -4430.693069 -4430.693069 -4430.693069 -4430.693069 -4430.693069 -4430.693069 -4430.693069 -4430.635237 -3011.816000 198.004928 129.903553 67.578869 4.758334 -58.902063 -121.990429 -182.288624 -235.625342 -278.346629 -308.864040 -328.358701 -340.009139 -346.718659 -350.549263 -352.733863 -353.975151 -354.708845 -355.176215 -355.466198 -355.642995 -355.793246 -355.913109 -356.036259 -356.200175 -356.436087 -356.796773 -357.346411 -358.205857 -359.549731 -361.656589 -364.942801 -370.041502 -377.879431 -389.769171 -407.483048 -433.311574 -470.669906 -528.964358 -636.858548 -849.088038 -9999.0 -9999.0
-9999.0 -9999.0 520.529512 424.769674 329.557470 232.218887 131.454076 27.695387 -77.067427 -169.667009 -270.163721 -332.445181 -363.977430 -378.568576 -380.326824 -298.807777 -148.698830 11.054445 192.613137 395.166509 348.556145 297.750676 242.635913 183.304138 120.028316 53.274682 -16.081451 -86.643664 -155.509201 -217.805591 -268.373233 -304.398510 -326.308395 -338.224352 -343.811780 -345.335011 -343.837353 -339.508930 -331.703132 -319.014044 -293.596285 -233.693676 -3168.817225 -4430.659994 -4430.693069 -4430.693069 -4430.693069 -4430.693069 -4430.693069 -4430.693069 -4430.693069 -4430.693069 -4430.693069 -4430.693069 -4430.693069 -4430.693069 -4430.693069 -4430.693069 -4430.693069 -4430.693069 -4430.635237 -3011.816000 198.004927 129.903553 67.578869 4.758334 -58.902063 -121.990428 -182.288624 -235.625342 -278.346629 -308.864040 -328.358701 -340.009139 -346.718659 -350.549263 -352.733863 -353.975151 -354.708845 -355.176215 -355.466198 -355.642995 -355.793246 -355.913109 -356.036259 -356.200175 -356.436087 -356.796773 -357.346411 -358.205857 -359.549731 -361.656589 -364.942801 -370.041502 -377.879431 -389.769171 -407.483048 -433.311574 -470.669906 -528.964358 -636.858548 -849.088039 -9999.0 -9999.0
-9999.0 -9999.0 520.548210 424.780347 329.562375 232.220989 131.454949 27.695750 -77.067276 -169.666957 -270.163702 -332.445176 -363.977429 -378.568575 -380.326824 -298.807777 -148.698830 11.054445 192.613136 395.166509 348.556145 297.750676 242.635913 183.304138 120.028316 53.274682 -16.081451 -86.643664 -155.509201 -217.805590 -268.373233 -304.398509 -326.308394 -338.224351 -343.811779 -345.335011 -343.837352 -339.508930 -331.703133 -319.014043 -293.596282 -233.693678 -3168.817225 -4430.659994 -4430.693069 -4430.693069 -4430.693069 -4430.693069 -4430.693069 -4430.693069 -4430.693069 -4430.693069 -4430.693069 -4430.693069 -4430.693069 -4430.693069 -4430.693069 -4430.693069 -4430.693069 -4430.693069 -4430.635237 -3011.816000 198.004928 129.903553 67.578869 4.758334 -58.902063 -121.990429 -182.288624 -235.625342 -278.346629 -308.864040 -328.358701 -340.009139 -346.718659 -350.549263 -352.733863 -353.975151 -354.708845 -355.176215 -355.466198 -355.642995 -355.793246 -355.913109 -356.036259 -356.200175 -356.436087 -356.796773 -357.346411 -358.205857 -359.549731 -361.656589 -364.942801 -370.041502 -377.879431 -389.769171 -407.483048 -433.311574 -470.669906 -528.964358 -636.858548 -849.088038 -9999.0 -9999.0
-9999.0 -9999.0 520.548210 424.780348 329.562375 232.220990 131.454949 27.695750 -77.067276 -169.666957 -270.163702 -332.445176 -363.977429 -378.568575 -380.326824 -298.807777 -148.698830 11.054445 192.613137 395.166509 348.556145 297.750676 242.635913 183.304138 120.028316 53.274682 -16.081451 -86.643664 -155.509201 -217.805590 -268.373233 -304.398509 -326.308394 -338.224351 -343.811779 -345.335011 -343.837352 -339.508930 -331.703133 -319.014043 -293.596282 -233.693678 -3168.817225 -4430.659994 -4430.693069 -4430.693069 -4430.693069 -4430.693069 -4430.693069 -4430.693069 -4430.693069 -4430.693069 -4430.693069 -4430.693069 -4430.693069 -4430.693069 -4430.693069 -4430.693069 -4430.693069 -4430.693069 -4430.635237 -3011.816000 198.004927 129.903553 67.578869 4.758334 -58.902063 -121.990428 -182.288624 -235.625342 -278.346629 -308.864040 -328.358701 -340.009139 -346.718659 -350.549263 -352.733863 -353.975151 -354.708845 -355.176215 -355.466198 -355.642995 -355.793246 -355.913109 -356.036259 -356.200175 -356.436087 -356.796773 -357.346411 -358.205857 -359.549731 -361.656589 -364.942801 -370.041502 -377.879431 -389.769171 -407.483048 -433.311574 -470.669906 -528.964358 -636.858548 -849.088038 -9999.0 -9999.0
-9999.0 -9999.0 520.529512 424.769673 329.557470 232.218887 131.454076 27.695387 -77.067427 -169.667009 -270.163721 -332.445181 -363.977430 -378.568576 -380.326824 -298.807777 -148.698830 11.054445 192.613136 395.166509 348.556145 297.750676 242.635913 183.304138 120.028316 53.274682 -16.081451 -86.643664 -155.509201 -217.805591 -268.373233 -304.398510 -326.308395 -338.224352 -343.811780 -345.335011 -343.837353 -339.508930 -331.703132 -319.014044 -293.596285 -233.693676 -3168.817225 -4430.659994 -4430.693069 -4430.693069 -4430.693069 -4430.693069 -4430.693069 -4430.693069 -4430.693069 -4430.693069 -4430.693069 -4430.693069 -4430.693069 -4430.693069 -4430.693069 -4430.693069 -4430.693069 -4430.693069 -4430.635237 -3011.816000 198.004928 129.903553 67.578869 4.758334 -58.902063 -121.990429 -182.288624 -235.625342 -278.346629 -308.864040 -328.358701 -340.009139 -346.718659 -350.549263 -352.733863 -353.975151 -354.708845 -355.176215 -355.466198 -355.642995 -355.793246 -355.913109 -356.036259 -356.200175 -356.436087 -356.796773 -357.346411 -358.205857 -359.549731 -361.656589 -364.942801 -370.041502 -377.879431 -389.769171 -407.483048 -433.311574 -470.669906 -528.964358 -636.858548 -849.088038 -9999.0 -9999.0
-9999.0 -9999.0 520.473624 424.749640 329.550605 232.216383 131.453120 27.695005 -77.067582 -169.667061 -270.163740 -332.445185 -363.977431 -378.568576 -380.326824 -298.807777 -148.698830 11.054445 192.613137 395.166509 348.556145 297.750676 242.635913 183.304138 120.028316 53.274682 -16.081452 -86.643664 -155.509201 -217.805591 -268.373234 -304.398510 -326.308396 -338.224353 -343.811781 -345.335013 -343.837354 -339.508931 -331.703133 -319.014047 -293.596290 -233.693672 -3168.817227 -4430.659994 -4430.693069 -4430.693069 -4430.693069 -4430.693069 -4430.693069 -4430.693069 -4430.693069 -4430.693069 -4430.693069 -4430.693069 -4430.693069 -4430.693069 -4430.693069 -4430.693069 -4430.693069 -4430.693069 -4430.635237 -3011.816000 198.004927 129.903553 67.578869 4.758334 -58.902063 -121.990428 -182.288624 -235.625342 -278.346629 -308.864040 -328.358701 -340.009139 -346.718659 -350.549263 -352.733863 -353.975151 -354.708845 -355.176215 -355.466198 -355.642995 -355.793246 -355.913109 -356.036259 -356.200175 -356.436087 -356.796773 -357.346411 -358.205857 -359.549731 -361.656589 -364.942801 -370.041502 -377.879431 -389.769171 -407.483048 -433.311574 -470.669906 -528.964358 -636.858548 -849.088039 -9999.0 -9999.0
-9999.0 -9999.0 -9999.0 -9999.0 -9999.0 -9999.0 -9999.0 -9999.0 -9999.0 -9999.0 -9999.0 -9999.0 -9999.0 -9999.0 -9999.0 -9999.0 -9999.0 -9999.0 -9999.0 -9999.0 -9999.0 -9999.0 -9999.0 -9999.0 -9999.0 -9999.0 -9999.0 -9999.0 -9999.0 -9999.0 -9999.0 -9999.0 -9999.0 -9999.0 -9999.0 -9999.0 -9999.0 -9999.0 -9999.0 -9999.0 -9999.0 -9999.0 -9999.0 -9999.0 -9999.0 -9999.0 -9999.0 -9999.0 -9999.0 -9999.0 -9999.0 -9999.0 -9999.0 -9999.0 -9999.0 -9999.0 -9999.0 -9999.0 -9999.0 -9999.0 -9999.0 -9999.0 -9999.0 -9999.0 -9999.0 -9999.0 -9999.0 -9999.0 -9999.0 -9999.0 -9999.0 -9999.0 -9999.0 -9999.0 -9999.0 -9999.0 -9999.0 -9999.0 -9999.0 -9999.0 -9999.0 -9999.0 -9999.0 -9999.0 -9999.0 -9999.0 -9999.0 -9999.0 -9999.0 -9999.0 -9999.0 -9999.0 -9999.0 -9999.0 -9999.0 -9999.0 -9999.0 -9999.0 -9999.0 -9999.0 -9999.0 -9999.0 -9999.0 -9999.0
-9999.0 -9999.0 -9999.0 -9999.0 -9999.0 -9999.0 -9999.0 -9999.0 -9999.0 -9999.0 -9999.0 -9999.0 -9999.0 -9999.0 -9999.0 -9999.0 -9999.0 -9999.0 -9999.0 -9999.0 -9999.0 -9999.0 -9999.0 -9999.0 -9999.0 -9999.0 -9999.0 -9999.0 -9999.0 -9999.0 -9999.0 -9999.0 -9999.0 -9999.0 -9999.0 -9999.0 -9999.0 -9999.0 -9999.0 -9999.0 -9999.0 -9999.0 -9999.0 -9999.0 -9999.0 -9999.0 -9999.0 -9999.0 -9999.0 -9999.0 -9999.0 -9999.0 -9999.0 -9999.0 -9999.0 -9999.0 -9999.0 -9999.0 -9999.0 -9999.0 -9999.0 -9999.0 -9999.0 -9999.0 -9999.0 -9999.0 -9999.0 -9999.0 -9999.0 -9999.0 -9999.0 -9999.0 -9999.0 -9999.0 -9999.0 -9999.0 -9999.0 -9999.0 -9999.0 -9999.0 -9999.0 -9999.0 -9999.0 -9999.0 -9999.0 -9999.0 -9999.0 -9999.0 -9999.0 -9999.0 -9999.0 -9999.0 -9999.0 -9999.0 -9999.0 -9999.0 -9999.0 -9999.0 -9999.0 -9999.0 -9999.0 -9999.0 -9999.0 -9999.0