inst/processing_geotop_simulation/geotop_simulation/out/maps3D/PwL0014N0325.asc
ncols         104
nrows         10
xllcorner     -2.000000
yllcorner     0.000000
cellsize      1.000000
NODATA_value  -9999.0
-9999.0 -9999.0 -9999.0 -9999.0 -9999.0 -9999.0 -9999.0 -9999.0 -9999.0 -9999.0 -9999.0 -9999.0 -9999.0 -9999.0 -9999.0 -9999.0 -9999.0 -9999.0 -9999.0 -9999.0 -9999.0 -9999.0 -9999.0 -9999.0 -9999.0 -9999.0 -9999.0 -9999.0 -9999.0 -9999.0 -9999.0 -9999.0 -9999.0 -9999.0 -9999.0 -9999.0 -9999.0 -9999.0 -9999.0 -9999.0 -9999.0 -9999.0 -9999.0 -9999.0 -9999.0 -9999.0 -9999.0 -9999.0 -9999.0 -9999.0 -9999.0 -9999.0 -9999.0 -9999.0 -9999.0 -9999.0 -9999.0 -9999.0 -9999.0 -9999.0 -9999.0 -9999.0 -9999.0 -9999.0 -9999.0 -9999.0 -9999.0 -9999.0 -9999.0 -9999.0 -9999.0 -9999.0 -9999.0 -9999.0 -9999.0 -9999.0 -9999.0 -9999.0 -9999.0 -9999.0 -9999.0 -9999.0 -9999.0 -9999.0 -9999.0 -9999.0 -9999.0 -9999.0 -9999.0 -9999.0 -9999.0 -9999.0 -9999.0 -9999.0 -9999.0 -9999.0 -9999.0 -9999.0 -9999.0 -9999.0 -9999.0 -9999.0 -9999.0 -9999.0
-9999.0 -9999.0 -9999.0 -9999.0 -9999.0 -9999.0 -9999.0 -9999.0 -9999.0 -9999.0 -9999.0 -9999.0 -9999.0 -9999.0 -9999.0 -9999.0 -9999.0 -9999.0 -9999.0 -9999.0 -9999.0 -9999.0 -9999.0 -9999.0 -9999.0 -9999.0 -9999.0 -9999.0 -9999.0 -9999.0 -9999.0 -9999.0 -9999.0 -9999.0 -9999.0 -9999.0 -9999.0 -9999.0 -9999.0 -9999.0 -9999.0 -9999.0 -9999.0 -9999.0 -9999.0 -9999.0 -9999.0 -9999.0 -9999.0 -9999.0 -9999.0 -9999.0 -9999.0 -9999.0 -9999.0 -9999.0 -9999.0 -9999.0 -9999.0 -9999.0 -9999.0 -9999.0 -9999.0 -9999.0 -9999.0 -9999.0 -9999.0 -9999.0 -9999.0 -9999.0 -9999.0 -9999.0 -9999.0 -9999.0 -9999.0 -9999.0 -9999.0 -9999.0 -9999.0 -9999.0 -9999.0 -9999.0 -9999.0 -9999.0 -9999.0 -9999.0 -9999.0 -9999.0 -9999.0 -9999.0 -9999.0 -9999.0 -9999.0 -9999.0 -9999.0 -9999.0 -9999.0 -9999.0 -9999.0 -9999.0 -9999.0 -9999.0 -9999.0 -9999.0
-9999.0 -9999.0 672.409054 574.266180 475.719752 376.902920 277.960200 178.963689 79.949382 -19.061337 -118.056180 -217.029104 -315.957585 -414.795788 -513.462065 -611.838377 -709.714575 -807.788205 -905.587904 -1003.037388 -1099.994081 -1192.264813 -1279.073408 -1357.856215 -1426.498397 -1483.859484 -1529.927262 -1565.627736 -1592.456024 -1612.105827 -1626.199800 -1636.141105 -1643.061705 -1647.830817 -1651.092802 -1653.315723 -1654.846602 -1656.004707 -1657.364653 -1660.635939 -1670.064081 -1690.612875 -1859.269952 -4173.102232 -4160.818817 -4035.800147 -3950.732001 -3938.300340 -3937.028064 -3937.161020 -3937.493028 -3937.848395 -3938.189266 -3938.504471 -3938.795791 -3939.125688 -3940.111201 -3947.054009 -3993.311125 -4080.363248 -4032.934306 -1663.682160 -1652.271543 -1662.033582 -1659.429859 -1658.322166 -1658.075278 -1658.031269 -1658.024514 -1658.023992 -1658.024423 -1658.024913 -1658.025321 -1658.025642 -1658.025895 -1658.026097 -1658.026263 -1658.026403 -1658.026524 -1658.026637 -1658.026749 -1658.026873 -1658.027023 -1658.027223 -1658.027506 -1658.027929 -1658.028580 -1658.029610 -1658.031276 -1658.034035 -1658.038730 -1658.046956 -1658.061826 -1658.089555 -1658.142850 -1658.248584 -1658.466687 -1658.940446 -1660.038972 -1662.794531 -1670.452264 -1695.014789 -9999.0 -9999.0
-9999.0 -9999.0 672.413476 574.267609 475.720179 376.903053 277.960244 178.963704 79.949387 -19.061335 -118.056179 -217.029104 -315.957585 -414.795788 -513.462065 -611.838377 -709.714575 -807.788205 -905.587904 -1003.037388 -1099.994081 -1192.264813 -1279.073408 -1357.856215 -1426.498397 -1483.859484 -1529.927263 -1565.627736 -1592.456024 -1612.105827 -1626.199800 -1636.141105 -1643.061705 -1647.830817 -1651.092802 -1653.315723 -1654.846602 -1656.004707 -1657.364653 -1660.635939 -1670.064081 -1690.612875 -1859.269951 -4173.102232 -4160.818816 -4035.800142 -3950.732001 -3938.300340 -3937.028064 -3937.161020 -3937.493028 -3937.848395 -3938.189266 -3938.504471 -3938.795791 -3939.125688 -3940.111201 -3947.054009 -3993.311125 -4080.363248 -4032.934306 -1663.682160 -1652.271543 -1662.033582 -1659.429859 -1658.322166 -1658.075278 -1658.031269 -1658.024514 -1658.023992 -1658.024423 -1658.024913 -1658.025321 -1658.025642 -1658.025895 -1658.026097 -1658.026263 -1658.026403 -1658.026524 -1658.026637 -1658.026749 -1658.026873 -1658.027023 -1658.027223 -1658.027506 -1658.027929 -1658.028580 -1658.029610 -1658.031276 -1658.034035 -1658.038730 -1658.046956 -1658.061826 -1658.089555 -1658.142850 -1658.248584 -1658.466687 -1658.940446 -1660.038972 -1662.794531 -1670.452264 -1695.014789 -9999.0 -9999.0
-9999.0 -9999.0 672.414801 574.268302 475.720462 376.903159 277.960282 178.963718 79.949393 -19.061333 -118.056179 -217.029103 -315.957585 -414.795788 -513.462065 -611.838377 -709.714575 -807.788205 -905.587904 -1003.037388 -1099.994081 -1192.264814 -1279.073408 -1357.856216 -1426.498397 -1483.859484 -1529.927263 -1565.627736 -1592.456024 -1612.105827 -1626.199800 -1636.141105 -1643.061705 -1647.830817 -1651.092802 -1653.315723 -1654.846602 -1656.004707 -1657.364653 -1660.635939 -1670.064081 -1690.612875 -1859.269951 -4173.102232 -4160.818815 -4035.800140 -3950.732001 -3938.300340 -3937.028064 -3937.161020 -3937.493028 -3937.848395 -3938.189266 -3938.504471 -3938.795791 -3939.125688 -3940.111201 -3947.054009 -3993.311125 -4080.363248 -4032.934306 -1663.682160 -1652.271543 -1662.033582 -1659.429859 -1658.322166 -1658.075278 -1658.031269 -1658.024514 -1658.023992 -1658.024423 -1658.024913 -1658.025321 -1658.025642 -1658.025895 -1658.026097 -1658.026263 -1658.026403 -1658.026524 -1658.026637 -1658.026749 -1658.026873 -1658.027023 -1658.027223 -1658.027506 -1658.027929 -1658.028580 -1658.029610 -1658.031276 -1658.034035 -1658.038730 -1658.046956 -1658.061826 -1658.089555 -1658.142850 -1658.248584 -1658.466687 -1658.940446 -1660.038972 -1662.794531 -1670.452264 -1695.014789 -9999.0 -9999.0
-9999.0 -9999.0 672.414801 574.268302 475.720462 376.903159 277.960283 178.963718 79.949393 -19.061333 -118.056179 -217.029103 -315.957585 -414.795788 -513.462065 -611.838377 -709.714575 -807.788205 -905.587904 -1003.037388 -1099.994081 -1192.264814 -1279.073408 -1357.856216 -1426.498397 -1483.859484 -1529.927263 -1565.627736 -1592.456024 -1612.105827 -1626.199800 -1636.141105 -1643.061705 -1647.830817 -1651.092802 -1653.315723 -1654.846602 -1656.004707 -1657.364653 -1660.635939 -1670.064081 -1690.612875 -1859.269951 -4173.102232 -4160.818815 -4035.800140 -3950.732001 -3938.300340 -3937.028064 -3937.161020 -3937.493028 -3937.848395 -3938.189266 -3938.504471 -3938.795791 -3939.125688 -3940.111201 -3947.054009 -3993.311125 -4080.363248 -4032.934306 -1663.682160 -1652.271543 -1662.033582 -1659.429859 -1658.322166 -1658.075278 -1658.031269 -1658.024514 -1658.023992 -1658.024423 -1658.024913 -1658.025321 -1658.025642 -1658.025895 -1658.026097 -1658.026263 -1658.026403 -1658.026524 -1658.026637 -1658.026749 -1658.026873 -1658.027023 -1658.027223 -1658.027506 -1658.027929 -1658.028580 -1658.029610 -1658.031276 -1658.034035 -1658.038730 -1658.046956 -1658.061826 -1658.089555 -1658.142850 -1658.248584 -1658.466687 -1658.940446 -1660.038972 -1662.794531 -1670.452264 -1695.014789 -9999.0 -9999.0
-9999.0 -9999.0 672.413476 574.267609 475.720179 376.903053 277.960244 178.963704 79.949387 -19.061335 -118.056179 -217.029104 -315.957585 -414.795788 -513.462065 -611.838377 -709.714575 -807.788205 -905.587904 -1003.037388 -1099.994081 -1192.264813 -1279.073408 -1357.856215 -1426.498397 -1483.859484 -1529.927263 -1565.627736 -1592.456024 -1612.105827 -1626.199800 -1636.141105 -1643.061705 -1647.830817 -1651.092802 -1653.315723 -1654.846602 -1656.004707 -1657.364653 -1660.635939 -1670.064081 -1690.612875 -1859.269951 -4173.102232 -4160.818816 -4035.800142 -3950.732001 -3938.300340 -3937.028064 -3937.161020 -3937.493028 -3937.848395 -3938.189266 -3938.504471 -3938.795791 -3939.125688 -3940.111201 -3947.054009 -3993.311125 -4080.363248 -4032.934306 -1663.682160 -1652.271543 -1662.033582 -1659.429859 -1658.322166 -1658.075278 -1658.031269 -1658.024514 -1658.023992 -1658.024423 -1658.024913 -1658.025321 -1658.025642 -1658.025895 -1658.026097 -1658.026263 -1658.026403 -1658.026524 -1658.026637 -1658.026749 -1658.026873 -1658.027023 -1658.027223 -1658.027506 -1658.027929 -1658.028580 -1658.029610 -1658.031276 -1658.034035 -1658.038730 -1658.046956 -1658.061826 -1658.089555 -1658.142850 -1658.248584 -1658.466687 -1658.940446 -1660.038972 -1662.794531 -1670.452264 -1695.014789 -9999.0 -9999.0
-9999.0 -9999.0 672.409054 574.266180 475.719752 376.902920 277.960200 178.963689 79.949382 -19.061337 -118.056180 -217.029104 -315.957585 -414.795788 -513.462065 -611.838377 -709.714575 -807.788205 -905.587904 -1003.037388 -1099.994081 -1192.264813 -1279.073408 -1357.856215 -1426.498397 -1483.859484 -1529.927262 -1565.627736 -1592.456024 -1612.105827 -1626.199800 -1636.141105 -1643.061705 -1647.830817 -1651.092802 -1653.315723 -1654.846602 -1656.004707 -1657.364653 -1660.635939 -1670.064081 -1690.612875 -1859.269952 -4173.102232 -4160.818817 -4035.800147 -3950.732001 -3938.300340 -3937.028064 -3937.161020 -3937.493028 -3937.848395 -3938.189266 -3938.504471 -3938.795791 -3939.125688 -3940.111201 -3947.054009 -3993.311125 -4080.363248 -4032.934306 -1663.682160 -1652.271543 -1662.033582 -1659.429859 -1658.322166 -1658.075278 -1658.031269 -1658.024514 -1658.023992 -1658.024423 -1658.024913 -1658.025321 -1658.025642 -1658.025895 -1658.026097 -1658.026263 -1658.026403 -1658.026524 -1658.026637 -1658.026749 -1658.026873 -1658.027023 -1658.027223 -1658.027506 -1658.027929 -1658.028580 -1658.029610 -1658.031276 -1658.034035 -1658.038730 -1658.046956 -1658.061826 -1658.089555 -1658.142850 -1658.248584 -1658.466687 -1658.940446 -1660.038972 -1662.794531 -1670.452264 -1695.014789 -9999.0 -9999.0
-9999.0 -9999.0 -9999.0 -9999.0 -9999.0 -9999.0 -9999.0 -9999.0 -9999.0 -9999.0 -9999.0 -9999.0 -9999.0 -9999.0 -9999.0 -9999.0 -9999.0 -9999.0 -9999.0 -9999.0 -9999.0 -9999.0 -9999.0 -9999.0 -9999.0 -9999.0 -9999.0 -9999.0 -9999.0 -9999.0 -9999.0 -9999.0 -9999.0 -9999.0 -9999.0 -9999.0 -9999.0 -9999.0 -9999.0 -9999.0 -9999.0 -9999.0 -9999.0 -9999.0 -9999.0 -9999.0 -9999.0 -9999.0 -9999.0 -9999.0 -9999.0 -9999.0 -9999.0 -9999.0 -9999.0 -9999.0 -9999.0 -9999.0 -9999.0 -9999.0 -9999.0 -9999.0 -9999.0 -9999.0 -9999.0 -9999.0 -9999.0 -9999.0 -9999.0 -9999.0 -9999.0 -9999.0 -9999.0 -9999.0 -9999.0 -9999.0 -9999.0 -9999.0 -9999.0 -9999.0 -9999.0 -9999.0 -9999.0 -9999.0 -9999.0 -9999.0 -9999.0 -9999.0 -9999.0 -9999.0 -9999.0 -9999.0 -9999.0 -9999.0 -9999.0 -9999.0 -9999.0 -9999.0 -9999.0 -9999.0 -9999.0 -9999.0 -9999.0 -9999.0
-9999.0 -9999.0 -9999.0 -9999.0 -9999.0 -9999.0 -9999.0 -9999.0 -9999.0 -9999.0 -9999.0 -9999.0 -9999.0 -9999.0 -9999.0 -9999.0 -9999.0 -9999.0 -9999.0 -9999.0 -9999.0 -9999.0 -9999.0 -9999.0 -9999.0 -9999.0 -9999.0 -9999.0 -9999.0 -9999.0 -9999.0 -9999.0 -9999.0 -9999.0 -9999.0 -9999.0 -9999.0 -9999.0 -9999.0 -9999.0 -9999.0 -9999.0 -9999.0 -9999.0 -9999.0 -9999.0 -9999.0 -9999.0 -9999.0 -9999.0 -9999.0 -9999.0 -9999.0 -9999.0 -9999.0 -9999.0 -9999.0 -9999.0 -9999.0 -9999.0 -9999.0 -9999.0 -9999.0 -9999.0 -9999.0 -9999.0 -9999.0 -9999.0 -9999.0 -9999.0 -9999.0 -9999.0 -9999.0 -9999.0 -9999.0 -9999.0 -9999.0 -9999.0 -9999.0 -9999.0 -9999.0 -9999.0 -9999.0 -9999.0 -9999.0 -9999.0 -9999.0 -9999.0 -9999.0 -9999.0 -9999.0 -9999.0 -9999.0 -9999.0 -9999.0 -9999.0 -9999.0 -9999.0 -9999.0 -9999.0 -9999.0 -9999.0 -9999.0 -9999.0