inst/processing_geotop_simulation/geotop_simulation/out/maps3D/PwL0012N0212.asc
ncols         104
nrows         10
xllcorner     -2.000000
yllcorner     0.000000
cellsize      1.000000
NODATA_value  -9999.0
-9999.0 -9999.0 -9999.0 -9999.0 -9999.0 -9999.0 -9999.0 -9999.0 -9999.0 -9999.0 -9999.0 -9999.0 -9999.0 -9999.0 -9999.0 -9999.0 -9999.0 -9999.0 -9999.0 -9999.0 -9999.0 -9999.0 -9999.0 -9999.0 -9999.0 -9999.0 -9999.0 -9999.0 -9999.0 -9999.0 -9999.0 -9999.0 -9999.0 -9999.0 -9999.0 -9999.0 -9999.0 -9999.0 -9999.0 -9999.0 -9999.0 -9999.0 -9999.0 -9999.0 -9999.0 -9999.0 -9999.0 -9999.0 -9999.0 -9999.0 -9999.0 -9999.0 -9999.0 -9999.0 -9999.0 -9999.0 -9999.0 -9999.0 -9999.0 -9999.0 -9999.0 -9999.0 -9999.0 -9999.0 -9999.0 -9999.0 -9999.0 -9999.0 -9999.0 -9999.0 -9999.0 -9999.0 -9999.0 -9999.0 -9999.0 -9999.0 -9999.0 -9999.0 -9999.0 -9999.0 -9999.0 -9999.0 -9999.0 -9999.0 -9999.0 -9999.0 -9999.0 -9999.0 -9999.0 -9999.0 -9999.0 -9999.0 -9999.0 -9999.0 -9999.0 -9999.0 -9999.0 -9999.0 -9999.0 -9999.0 -9999.0 -9999.0 -9999.0 -9999.0
-9999.0 -9999.0 -9999.0 -9999.0 -9999.0 -9999.0 -9999.0 -9999.0 -9999.0 -9999.0 -9999.0 -9999.0 -9999.0 -9999.0 -9999.0 -9999.0 -9999.0 -9999.0 -9999.0 -9999.0 -9999.0 -9999.0 -9999.0 -9999.0 -9999.0 -9999.0 -9999.0 -9999.0 -9999.0 -9999.0 -9999.0 -9999.0 -9999.0 -9999.0 -9999.0 -9999.0 -9999.0 -9999.0 -9999.0 -9999.0 -9999.0 -9999.0 -9999.0 -9999.0 -9999.0 -9999.0 -9999.0 -9999.0 -9999.0 -9999.0 -9999.0 -9999.0 -9999.0 -9999.0 -9999.0 -9999.0 -9999.0 -9999.0 -9999.0 -9999.0 -9999.0 -9999.0 -9999.0 -9999.0 -9999.0 -9999.0 -9999.0 -9999.0 -9999.0 -9999.0 -9999.0 -9999.0 -9999.0 -9999.0 -9999.0 -9999.0 -9999.0 -9999.0 -9999.0 -9999.0 -9999.0 -9999.0 -9999.0 -9999.0 -9999.0 -9999.0 -9999.0 -9999.0 -9999.0 -9999.0 -9999.0 -9999.0 -9999.0 -9999.0 -9999.0 -9999.0 -9999.0 -9999.0 -9999.0 -9999.0 -9999.0 -9999.0 -9999.0 -9999.0
-9999.0 -9999.0 577.845765 482.412940 385.766437 288.443324 190.819055 93.066637 -4.726765 -102.509695 -200.258202 -297.914460 -395.366890 -492.373353 -588.577665 -683.579580 -779.169709 -874.314808 -969.027843 -1063.150795 -1149.953395 -1228.671725 -1296.333480 -1351.495621 -1394.395033 -1426.478173 -1449.739212 -1466.195754 -1477.608876 -1485.393419 -1490.629327 -1494.110862 -1496.405100 -1497.906971 -1498.886132 -1499.525830 -1499.957722 -1500.315089 -1500.943818 -1503.427377 -1514.328701 -1556.708035 -1783.567687 -3600.972200 -3180.538779 -2907.510919 -2787.603165 -2772.793254 -2771.315224 -2771.470943 -2771.857266 -2772.270821 -2772.667755 -2773.035046 -2773.374528 -2773.757309 -2774.893161 -2783.050047 -2843.359528 -2985.266844 -3186.417232 -1593.571515 -1524.103771 -1507.749438 -1502.175176 -1501.040909 -1500.855653 -1500.827374 -1500.823629 -1500.823848 -1500.824618 -1500.825327 -1500.825888 -1500.826318 -1500.826648 -1500.826904 -1500.827108 -1500.827273 -1500.827412 -1500.827535 -1500.827657 -1500.827792 -1500.827961 -1500.828196 -1500.828542 -1500.829073 -1500.829909 -1500.831246 -1500.833422 -1500.837026 -1500.843133 -1500.853754 -1500.872785 -1500.907916 -1500.974604 -1501.104540 -1501.365188 -1501.909640 -1503.114425 -1505.982948 -1513.502285 -1536.717975 -9999.0 -9999.0
-9999.0 -9999.0 577.851430 482.414647 385.766930 288.443475 190.819103 93.066654 -4.726759 -102.509693 -200.258201 -297.914460 -395.366889 -492.373353 -588.577665 -683.579580 -779.169709 -874.314808 -969.027843 -1063.150796 -1149.953395 -1228.671725 -1296.333480 -1351.495621 -1394.395033 -1426.478173 -1449.739212 -1466.195754 -1477.608876 -1485.393419 -1490.629327 -1494.110862 -1496.405100 -1497.906971 -1498.886132 -1499.525830 -1499.957722 -1500.315089 -1500.943818 -1503.427377 -1514.328701 -1556.708035 -1783.567687 -3600.972198 -3180.538775 -2907.510911 -2787.603165 -2772.793254 -2771.315224 -2771.470943 -2771.857266 -2772.270821 -2772.667755 -2773.035046 -2773.374528 -2773.757309 -2774.893161 -2783.050047 -2843.359528 -2985.266844 -3186.417232 -1593.571515 -1524.103771 -1507.749438 -1502.175176 -1501.040909 -1500.855653 -1500.827374 -1500.823629 -1500.823848 -1500.824618 -1500.825327 -1500.825888 -1500.826318 -1500.826648 -1500.826904 -1500.827108 -1500.827273 -1500.827412 -1500.827535 -1500.827657 -1500.827792 -1500.827961 -1500.828196 -1500.828542 -1500.829073 -1500.829909 -1500.831246 -1500.833422 -1500.837026 -1500.843133 -1500.853754 -1500.872785 -1500.907916 -1500.974604 -1501.104540 -1501.365188 -1501.909640 -1503.114425 -1505.982948 -1513.502285 -1536.717975 -9999.0 -9999.0
-9999.0 -9999.0 577.852951 482.415442 385.767252 288.443595 190.819147 93.066669 -4.726753 -102.509691 -200.258200 -297.914459 -395.366889 -492.373353 -588.577665 -683.579580 -779.169709 -874.314808 -969.027843 -1063.150796 -1149.953395 -1228.671726 -1296.333480 -1351.495621 -1394.395033 -1426.478173 -1449.739212 -1466.195754 -1477.608876 -1485.393419 -1490.629327 -1494.110862 -1496.405100 -1497.906971 -1498.886132 -1499.525830 -1499.957722 -1500.315089 -1500.943818 -1503.427377 -1514.328701 -1556.708035 -1783.567687 -3600.972198 -3180.538774 -2907.510908 -2787.603165 -2772.793254 -2771.315224 -2771.470943 -2771.857266 -2772.270821 -2772.667755 -2773.035046 -2773.374528 -2773.757309 -2774.893161 -2783.050047 -2843.359528 -2985.266844 -3186.417231 -1593.571515 -1524.103771 -1507.749438 -1502.175176 -1501.040909 -1500.855653 -1500.827374 -1500.823629 -1500.823848 -1500.824618 -1500.825327 -1500.825888 -1500.826318 -1500.826648 -1500.826904 -1500.827108 -1500.827273 -1500.827412 -1500.827535 -1500.827657 -1500.827792 -1500.827961 -1500.828196 -1500.828542 -1500.829073 -1500.829909 -1500.831246 -1500.833422 -1500.837026 -1500.843133 -1500.853754 -1500.872785 -1500.907916 -1500.974604 -1501.104540 -1501.365188 -1501.909640 -1503.114425 -1505.982948 -1513.502285 -1536.717975 -9999.0 -9999.0
-9999.0 -9999.0 577.852951 482.415442 385.767252 288.443595 190.819147 93.066669 -4.726753 -102.509691 -200.258200 -297.914459 -395.366889 -492.373353 -588.577665 -683.579580 -779.169709 -874.314808 -969.027843 -1063.150796 -1149.953395 -1228.671726 -1296.333480 -1351.495621 -1394.395033 -1426.478173 -1449.739212 -1466.195754 -1477.608876 -1485.393419 -1490.629327 -1494.110862 -1496.405100 -1497.906971 -1498.886132 -1499.525830 -1499.957722 -1500.315089 -1500.943818 -1503.427377 -1514.328701 -1556.708035 -1783.567687 -3600.972198 -3180.538774 -2907.510908 -2787.603165 -2772.793254 -2771.315224 -2771.470943 -2771.857266 -2772.270821 -2772.667755 -2773.035046 -2773.374528 -2773.757309 -2774.893161 -2783.050047 -2843.359528 -2985.266844 -3186.417231 -1593.571515 -1524.103771 -1507.749438 -1502.175176 -1501.040909 -1500.855653 -1500.827374 -1500.823629 -1500.823848 -1500.824618 -1500.825327 -1500.825888 -1500.826318 -1500.826648 -1500.826904 -1500.827108 -1500.827273 -1500.827412 -1500.827535 -1500.827657 -1500.827792 -1500.827961 -1500.828196 -1500.828542 -1500.829073 -1500.829909 -1500.831246 -1500.833422 -1500.837026 -1500.843133 -1500.853754 -1500.872785 -1500.907916 -1500.974604 -1501.104540 -1501.365188 -1501.909640 -1503.114425 -1505.982948 -1513.502285 -1536.717975 -9999.0 -9999.0
-9999.0 -9999.0 577.851430 482.414647 385.766930 288.443475 190.819103 93.066654 -4.726759 -102.509693 -200.258201 -297.914460 -395.366889 -492.373353 -588.577665 -683.579580 -779.169709 -874.314808 -969.027843 -1063.150796 -1149.953395 -1228.671725 -1296.333480 -1351.495621 -1394.395033 -1426.478173 -1449.739212 -1466.195754 -1477.608876 -1485.393419 -1490.629327 -1494.110862 -1496.405100 -1497.906971 -1498.886132 -1499.525830 -1499.957722 -1500.315089 -1500.943818 -1503.427377 -1514.328701 -1556.708035 -1783.567687 -3600.972198 -3180.538775 -2907.510911 -2787.603165 -2772.793254 -2771.315224 -2771.470943 -2771.857266 -2772.270821 -2772.667755 -2773.035046 -2773.374528 -2773.757309 -2774.893161 -2783.050047 -2843.359528 -2985.266844 -3186.417232 -1593.571515 -1524.103771 -1507.749438 -1502.175176 -1501.040909 -1500.855653 -1500.827374 -1500.823629 -1500.823848 -1500.824618 -1500.825327 -1500.825888 -1500.826318 -1500.826648 -1500.826904 -1500.827108 -1500.827273 -1500.827412 -1500.827535 -1500.827657 -1500.827792 -1500.827961 -1500.828196 -1500.828542 -1500.829073 -1500.829909 -1500.831246 -1500.833422 -1500.837026 -1500.843133 -1500.853754 -1500.872785 -1500.907916 -1500.974604 -1501.104540 -1501.365188 -1501.909640 -1503.114425 -1505.982948 -1513.502285 -1536.717975 -9999.0 -9999.0
-9999.0 -9999.0 577.845765 482.412940 385.766437 288.443324 190.819055 93.066637 -4.726765 -102.509695 -200.258202 -297.914460 -395.366890 -492.373353 -588.577665 -683.579580 -779.169709 -874.314808 -969.027843 -1063.150795 -1149.953395 -1228.671725 -1296.333480 -1351.495621 -1394.395033 -1426.478173 -1449.739212 -1466.195754 -1477.608876 -1485.393419 -1490.629327 -1494.110862 -1496.405100 -1497.906971 -1498.886132 -1499.525830 -1499.957722 -1500.315089 -1500.943818 -1503.427377 -1514.328701 -1556.708035 -1783.567687 -3600.972200 -3180.538779 -2907.510919 -2787.603165 -2772.793254 -2771.315224 -2771.470943 -2771.857266 -2772.270821 -2772.667755 -2773.035046 -2773.374528 -2773.757309 -2774.893161 -2783.050047 -2843.359528 -2985.266844 -3186.417232 -1593.571515 -1524.103771 -1507.749438 -1502.175176 -1501.040909 -1500.855653 -1500.827374 -1500.823629 -1500.823848 -1500.824618 -1500.825327 -1500.825888 -1500.826318 -1500.826648 -1500.826904 -1500.827108 -1500.827273 -1500.827412 -1500.827535 -1500.827657 -1500.827792 -1500.827961 -1500.828196 -1500.828542 -1500.829073 -1500.829909 -1500.831246 -1500.833422 -1500.837026 -1500.843133 -1500.853754 -1500.872785 -1500.907916 -1500.974604 -1501.104540 -1501.365188 -1501.909640 -1503.114425 -1505.982948 -1513.502285 -1536.717975 -9999.0 -9999.0
-9999.0 -9999.0 -9999.0 -9999.0 -9999.0 -9999.0 -9999.0 -9999.0 -9999.0 -9999.0 -9999.0 -9999.0 -9999.0 -9999.0 -9999.0 -9999.0 -9999.0 -9999.0 -9999.0 -9999.0 -9999.0 -9999.0 -9999.0 -9999.0 -9999.0 -9999.0 -9999.0 -9999.0 -9999.0 -9999.0 -9999.0 -9999.0 -9999.0 -9999.0 -9999.0 -9999.0 -9999.0 -9999.0 -9999.0 -9999.0 -9999.0 -9999.0 -9999.0 -9999.0 -9999.0 -9999.0 -9999.0 -9999.0 -9999.0 -9999.0 -9999.0 -9999.0 -9999.0 -9999.0 -9999.0 -9999.0 -9999.0 -9999.0 -9999.0 -9999.0 -9999.0 -9999.0 -9999.0 -9999.0 -9999.0 -9999.0 -9999.0 -9999.0 -9999.0 -9999.0 -9999.0 -9999.0 -9999.0 -9999.0 -9999.0 -9999.0 -9999.0 -9999.0 -9999.0 -9999.0 -9999.0 -9999.0 -9999.0 -9999.0 -9999.0 -9999.0 -9999.0 -9999.0 -9999.0 -9999.0 -9999.0 -9999.0 -9999.0 -9999.0 -9999.0 -9999.0 -9999.0 -9999.0 -9999.0 -9999.0 -9999.0 -9999.0 -9999.0 -9999.0
-9999.0 -9999.0 -9999.0 -9999.0 -9999.0 -9999.0 -9999.0 -9999.0 -9999.0 -9999.0 -9999.0 -9999.0 -9999.0 -9999.0 -9999.0 -9999.0 -9999.0 -9999.0 -9999.0 -9999.0 -9999.0 -9999.0 -9999.0 -9999.0 -9999.0 -9999.0 -9999.0 -9999.0 -9999.0 -9999.0 -9999.0 -9999.0 -9999.0 -9999.0 -9999.0 -9999.0 -9999.0 -9999.0 -9999.0 -9999.0 -9999.0 -9999.0 -9999.0 -9999.0 -9999.0 -9999.0 -9999.0 -9999.0 -9999.0 -9999.0 -9999.0 -9999.0 -9999.0 -9999.0 -9999.0 -9999.0 -9999.0 -9999.0 -9999.0 -9999.0 -9999.0 -9999.0 -9999.0 -9999.0 -9999.0 -9999.0 -9999.0 -9999.0 -9999.0 -9999.0 -9999.0 -9999.0 -9999.0 -9999.0 -9999.0 -9999.0 -9999.0 -9999.0 -9999.0 -9999.0 -9999.0 -9999.0 -9999.0 -9999.0 -9999.0 -9999.0 -9999.0 -9999.0 -9999.0 -9999.0 -9999.0 -9999.0 -9999.0 -9999.0 -9999.0 -9999.0 -9999.0 -9999.0 -9999.0 -9999.0 -9999.0 -9999.0 -9999.0 -9999.0