inst/processing_geotop_simulation/geotop_simulation/out/maps3D/PwL0003N0195.asc
ncols         104
nrows         10
xllcorner     -2.000000
yllcorner     0.000000
cellsize      1.000000
NODATA_value  -9999.0
-9999.0 -9999.0 -9999.0 -9999.0 -9999.0 -9999.0 -9999.0 -9999.0 -9999.0 -9999.0 -9999.0 -9999.0 -9999.0 -9999.0 -9999.0 -9999.0 -9999.0 -9999.0 -9999.0 -9999.0 -9999.0 -9999.0 -9999.0 -9999.0 -9999.0 -9999.0 -9999.0 -9999.0 -9999.0 -9999.0 -9999.0 -9999.0 -9999.0 -9999.0 -9999.0 -9999.0 -9999.0 -9999.0 -9999.0 -9999.0 -9999.0 -9999.0 -9999.0 -9999.0 -9999.0 -9999.0 -9999.0 -9999.0 -9999.0 -9999.0 -9999.0 -9999.0 -9999.0 -9999.0 -9999.0 -9999.0 -9999.0 -9999.0 -9999.0 -9999.0 -9999.0 -9999.0 -9999.0 -9999.0 -9999.0 -9999.0 -9999.0 -9999.0 -9999.0 -9999.0 -9999.0 -9999.0 -9999.0 -9999.0 -9999.0 -9999.0 -9999.0 -9999.0 -9999.0 -9999.0 -9999.0 -9999.0 -9999.0 -9999.0 -9999.0 -9999.0 -9999.0 -9999.0 -9999.0 -9999.0 -9999.0 -9999.0 -9999.0 -9999.0 -9999.0 -9999.0 -9999.0 -9999.0 -9999.0 -9999.0 -9999.0 -9999.0 -9999.0 -9999.0
-9999.0 -9999.0 -9999.0 -9999.0 -9999.0 -9999.0 -9999.0 -9999.0 -9999.0 -9999.0 -9999.0 -9999.0 -9999.0 -9999.0 -9999.0 -9999.0 -9999.0 -9999.0 -9999.0 -9999.0 -9999.0 -9999.0 -9999.0 -9999.0 -9999.0 -9999.0 -9999.0 -9999.0 -9999.0 -9999.0 -9999.0 -9999.0 -9999.0 -9999.0 -9999.0 -9999.0 -9999.0 -9999.0 -9999.0 -9999.0 -9999.0 -9999.0 -9999.0 -9999.0 -9999.0 -9999.0 -9999.0 -9999.0 -9999.0 -9999.0 -9999.0 -9999.0 -9999.0 -9999.0 -9999.0 -9999.0 -9999.0 -9999.0 -9999.0 -9999.0 -9999.0 -9999.0 -9999.0 -9999.0 -9999.0 -9999.0 -9999.0 -9999.0 -9999.0 -9999.0 -9999.0 -9999.0 -9999.0 -9999.0 -9999.0 -9999.0 -9999.0 -9999.0 -9999.0 -9999.0 -9999.0 -9999.0 -9999.0 -9999.0 -9999.0 -9999.0 -9999.0 -9999.0 -9999.0 -9999.0 -9999.0 -9999.0 -9999.0 -9999.0 -9999.0 -9999.0 -9999.0 -9999.0 -9999.0 -9999.0 -9999.0 -9999.0 -9999.0 -9999.0
-9999.0 -9999.0 129.870599 38.429494 -57.218680 -153.975821 -251.146182 -348.452899 -445.748021 -542.910438 -639.688691 -735.727215 -831.121635 -925.611420 -1019.936868 -1114.368164 -1206.928667 -1297.893200 -1387.122577 -1470.335284 -1540.163126 -1593.495040 -1631.435057 -1657.241715 -1674.414218 -1685.784645 -1693.348795 -1698.414741 -1701.819099 -1704.103457 -1705.628803 -1706.640885 -1707.308243 -1707.745902 -1708.031736 -1708.219784 -1708.354269 -1708.496677 -1708.865151 -1710.634351 -1718.010478 -1714.172398 -1070.748000 -1071.982373 -1059.548471 -1051.673248 -1047.984019 -1047.448241 -1047.392738 -1047.400271 -1047.417209 -1047.435311 -1047.452697 -1047.468789 -1047.483663 -1047.500368 -1047.548330 -1047.867289 -1049.827210 -1054.234952 -1060.943947 -1050.950942 -1692.699962 -1713.119550 -1709.677288 -1708.815535 -1708.674316 -1708.652454 -1708.649721 -1708.650229 -1708.651158 -1708.651976 -1708.652614 -1708.653100 -1708.653471 -1708.653759 -1708.653986 -1708.654170 -1708.654322 -1708.654458 -1708.654591 -1708.654738 -1708.654923 -1708.655180 -1708.655561 -1708.656147 -1708.657069 -1708.658544 -1708.660939 -1708.664896 -1708.671574 -1708.683138 -1708.703755 -1708.741623 -1708.813103 -1708.951262 -1709.224535 -1709.781963 -1710.975230 -1713.717406 -1720.724453 -1742.497543 -9999.0 -9999.0
-9999.0 -9999.0 129.882063 38.431706 -57.218124 -153.975659 -251.146131 -348.452882 -445.748015 -542.910436 -639.688690 -735.727215 -831.121635 -925.611420 -1019.936868 -1114.368164 -1206.928668 -1297.893200 -1387.122578 -1470.335284 -1540.163126 -1593.495040 -1631.435058 -1657.241715 -1674.414218 -1685.784645 -1693.348795 -1698.414741 -1701.819099 -1704.103457 -1705.628803 -1706.640885 -1707.308243 -1707.745902 -1708.031736 -1708.219784 -1708.354269 -1708.496677 -1708.865151 -1710.634351 -1718.010478 -1714.172398 -1070.748000 -1071.982373 -1059.548471 -1051.673248 -1047.984019 -1047.448241 -1047.392737 -1047.400271 -1047.417209 -1047.435311 -1047.452697 -1047.468789 -1047.483663 -1047.500368 -1047.548330 -1047.867289 -1049.827210 -1054.234952 -1060.943947 -1050.950942 -1692.699962 -1713.119550 -1709.677288 -1708.815535 -1708.674316 -1708.652454 -1708.649721 -1708.650229 -1708.651158 -1708.651976 -1708.652614 -1708.653100 -1708.653471 -1708.653759 -1708.653986 -1708.654170 -1708.654322 -1708.654458 -1708.654591 -1708.654738 -1708.654923 -1708.655180 -1708.655561 -1708.656147 -1708.657069 -1708.658544 -1708.660939 -1708.664896 -1708.671574 -1708.683138 -1708.703755 -1708.741623 -1708.813103 -1708.951262 -1709.224535 -1709.781963 -1710.975230 -1713.717406 -1720.724453 -1742.497543 -9999.0 -9999.0
-9999.0 -9999.0 129.883494 38.432594 -57.217773 -153.975532 -251.146086 -348.452866 -445.748009 -542.910434 -639.688689 -735.727214 -831.121634 -925.611420 -1019.936868 -1114.368164 -1206.928668 -1297.893200 -1387.122578 -1470.335284 -1540.163126 -1593.495040 -1631.435058 -1657.241715 -1674.414219 -1685.784645 -1693.348795 -1698.414741 -1701.819099 -1704.103457 -1705.628803 -1706.640885 -1707.308243 -1707.745902 -1708.031736 -1708.219784 -1708.354269 -1708.496677 -1708.865151 -1710.634351 -1718.010478 -1714.172398 -1070.748000 -1071.982373 -1059.548471 -1051.673248 -1047.984019 -1047.448241 -1047.392737 -1047.400271 -1047.417209 -1047.435311 -1047.452697 -1047.468789 -1047.483663 -1047.500368 -1047.548330 -1047.867289 -1049.827210 -1054.234952 -1060.943947 -1050.950942 -1692.699962 -1713.119550 -1709.677288 -1708.815535 -1708.674316 -1708.652454 -1708.649721 -1708.650229 -1708.651158 -1708.651976 -1708.652614 -1708.653100 -1708.653471 -1708.653759 -1708.653986 -1708.654170 -1708.654322 -1708.654458 -1708.654591 -1708.654738 -1708.654923 -1708.655180 -1708.655561 -1708.656147 -1708.657069 -1708.658544 -1708.660939 -1708.664896 -1708.671574 -1708.683138 -1708.703755 -1708.741623 -1708.813103 -1708.951262 -1709.224535 -1709.781963 -1710.975230 -1713.717406 -1720.724453 -1742.497543 -9999.0 -9999.0
-9999.0 -9999.0 129.883494 38.432594 -57.217773 -153.975532 -251.146086 -348.452866 -445.748009 -542.910434 -639.688689 -735.727214 -831.121634 -925.611420 -1019.936868 -1114.368164 -1206.928668 -1297.893200 -1387.122578 -1470.335284 -1540.163126 -1593.495040 -1631.435058 -1657.241715 -1674.414219 -1685.784645 -1693.348795 -1698.414741 -1701.819099 -1704.103457 -1705.628803 -1706.640885 -1707.308243 -1707.745902 -1708.031736 -1708.219784 -1708.354269 -1708.496677 -1708.865151 -1710.634351 -1718.010478 -1714.172398 -1070.748000 -1071.982373 -1059.548471 -1051.673248 -1047.984019 -1047.448241 -1047.392737 -1047.400271 -1047.417209 -1047.435311 -1047.452697 -1047.468789 -1047.483663 -1047.500368 -1047.548330 -1047.867289 -1049.827210 -1054.234952 -1060.943947 -1050.950942 -1692.699962 -1713.119550 -1709.677288 -1708.815535 -1708.674316 -1708.652454 -1708.649721 -1708.650229 -1708.651158 -1708.651976 -1708.652614 -1708.653100 -1708.653471 -1708.653759 -1708.653986 -1708.654170 -1708.654322 -1708.654458 -1708.654591 -1708.654738 -1708.654923 -1708.655180 -1708.655561 -1708.656147 -1708.657069 -1708.658544 -1708.660939 -1708.664896 -1708.671574 -1708.683138 -1708.703755 -1708.741623 -1708.813103 -1708.951262 -1709.224535 -1709.781963 -1710.975230 -1713.717406 -1720.724453 -1742.497543 -9999.0 -9999.0
-9999.0 -9999.0 129.882064 38.431706 -57.218124 -153.975659 -251.146131 -348.452882 -445.748015 -542.910436 -639.688690 -735.727215 -831.121635 -925.611420 -1019.936868 -1114.368164 -1206.928668 -1297.893200 -1387.122578 -1470.335284 -1540.163126 -1593.495040 -1631.435058 -1657.241715 -1674.414218 -1685.784645 -1693.348795 -1698.414741 -1701.819099 -1704.103457 -1705.628803 -1706.640885 -1707.308243 -1707.745902 -1708.031736 -1708.219784 -1708.354269 -1708.496677 -1708.865151 -1710.634351 -1718.010478 -1714.172398 -1070.748000 -1071.982373 -1059.548471 -1051.673248 -1047.984019 -1047.448241 -1047.392737 -1047.400271 -1047.417209 -1047.435311 -1047.452697 -1047.468789 -1047.483663 -1047.500368 -1047.548330 -1047.867289 -1049.827210 -1054.234952 -1060.943947 -1050.950942 -1692.699962 -1713.119550 -1709.677288 -1708.815535 -1708.674316 -1708.652454 -1708.649721 -1708.650229 -1708.651158 -1708.651976 -1708.652614 -1708.653100 -1708.653471 -1708.653759 -1708.653986 -1708.654170 -1708.654322 -1708.654458 -1708.654591 -1708.654738 -1708.654923 -1708.655180 -1708.655561 -1708.656147 -1708.657069 -1708.658544 -1708.660939 -1708.664896 -1708.671574 -1708.683138 -1708.703755 -1708.741623 -1708.813103 -1708.951262 -1709.224535 -1709.781963 -1710.975230 -1713.717406 -1720.724453 -1742.497543 -9999.0 -9999.0
-9999.0 -9999.0 129.870599 38.429494 -57.218680 -153.975821 -251.146183 -348.452899 -445.748021 -542.910438 -639.688691 -735.727215 -831.121635 -925.611420 -1019.936868 -1114.368164 -1206.928667 -1297.893200 -1387.122577 -1470.335284 -1540.163126 -1593.495040 -1631.435057 -1657.241715 -1674.414218 -1685.784645 -1693.348795 -1698.414741 -1701.819099 -1704.103457 -1705.628803 -1706.640885 -1707.308243 -1707.745902 -1708.031736 -1708.219784 -1708.354269 -1708.496677 -1708.865151 -1710.634351 -1718.010478 -1714.172398 -1070.748000 -1071.982373 -1059.548471 -1051.673248 -1047.984019 -1047.448241 -1047.392738 -1047.400271 -1047.417209 -1047.435311 -1047.452697 -1047.468789 -1047.483663 -1047.500368 -1047.548330 -1047.867289 -1049.827210 -1054.234952 -1060.943947 -1050.950942 -1692.699962 -1713.119550 -1709.677288 -1708.815535 -1708.674316 -1708.652454 -1708.649721 -1708.650229 -1708.651158 -1708.651976 -1708.652614 -1708.653100 -1708.653471 -1708.653759 -1708.653986 -1708.654170 -1708.654322 -1708.654458 -1708.654591 -1708.654738 -1708.654923 -1708.655180 -1708.655561 -1708.656147 -1708.657069 -1708.658544 -1708.660939 -1708.664896 -1708.671574 -1708.683138 -1708.703755 -1708.741623 -1708.813103 -1708.951262 -1709.224535 -1709.781963 -1710.975230 -1713.717406 -1720.724453 -1742.497543 -9999.0 -9999.0
-9999.0 -9999.0 -9999.0 -9999.0 -9999.0 -9999.0 -9999.0 -9999.0 -9999.0 -9999.0 -9999.0 -9999.0 -9999.0 -9999.0 -9999.0 -9999.0 -9999.0 -9999.0 -9999.0 -9999.0 -9999.0 -9999.0 -9999.0 -9999.0 -9999.0 -9999.0 -9999.0 -9999.0 -9999.0 -9999.0 -9999.0 -9999.0 -9999.0 -9999.0 -9999.0 -9999.0 -9999.0 -9999.0 -9999.0 -9999.0 -9999.0 -9999.0 -9999.0 -9999.0 -9999.0 -9999.0 -9999.0 -9999.0 -9999.0 -9999.0 -9999.0 -9999.0 -9999.0 -9999.0 -9999.0 -9999.0 -9999.0 -9999.0 -9999.0 -9999.0 -9999.0 -9999.0 -9999.0 -9999.0 -9999.0 -9999.0 -9999.0 -9999.0 -9999.0 -9999.0 -9999.0 -9999.0 -9999.0 -9999.0 -9999.0 -9999.0 -9999.0 -9999.0 -9999.0 -9999.0 -9999.0 -9999.0 -9999.0 -9999.0 -9999.0 -9999.0 -9999.0 -9999.0 -9999.0 -9999.0 -9999.0 -9999.0 -9999.0 -9999.0 -9999.0 -9999.0 -9999.0 -9999.0 -9999.0 -9999.0 -9999.0 -9999.0 -9999.0 -9999.0
-9999.0 -9999.0 -9999.0 -9999.0 -9999.0 -9999.0 -9999.0 -9999.0 -9999.0 -9999.0 -9999.0 -9999.0 -9999.0 -9999.0 -9999.0 -9999.0 -9999.0 -9999.0 -9999.0 -9999.0 -9999.0 -9999.0 -9999.0 -9999.0 -9999.0 -9999.0 -9999.0 -9999.0 -9999.0 -9999.0 -9999.0 -9999.0 -9999.0 -9999.0 -9999.0 -9999.0 -9999.0 -9999.0 -9999.0 -9999.0 -9999.0 -9999.0 -9999.0 -9999.0 -9999.0 -9999.0 -9999.0 -9999.0 -9999.0 -9999.0 -9999.0 -9999.0 -9999.0 -9999.0 -9999.0 -9999.0 -9999.0 -9999.0 -9999.0 -9999.0 -9999.0 -9999.0 -9999.0 -9999.0 -9999.0 -9999.0 -9999.0 -9999.0 -9999.0 -9999.0 -9999.0 -9999.0 -9999.0 -9999.0 -9999.0 -9999.0 -9999.0 -9999.0 -9999.0 -9999.0 -9999.0 -9999.0 -9999.0 -9999.0 -9999.0 -9999.0 -9999.0 -9999.0 -9999.0 -9999.0 -9999.0 -9999.0 -9999.0 -9999.0 -9999.0 -9999.0 -9999.0 -9999.0 -9999.0 -9999.0 -9999.0 -9999.0 -9999.0 -9999.0