inst/processing_geotop_simulation/geotop_simulation/out/maps3D/PwL0022N0241.asc
ncols         104
nrows         10
xllcorner     -2.000000
yllcorner     0.000000
cellsize      1.000000
NODATA_value  -9999.0
-9999.0 -9999.0 -9999.0 -9999.0 -9999.0 -9999.0 -9999.0 -9999.0 -9999.0 -9999.0 -9999.0 -9999.0 -9999.0 -9999.0 -9999.0 -9999.0 -9999.0 -9999.0 -9999.0 -9999.0 -9999.0 -9999.0 -9999.0 -9999.0 -9999.0 -9999.0 -9999.0 -9999.0 -9999.0 -9999.0 -9999.0 -9999.0 -9999.0 -9999.0 -9999.0 -9999.0 -9999.0 -9999.0 -9999.0 -9999.0 -9999.0 -9999.0 -9999.0 -9999.0 -9999.0 -9999.0 -9999.0 -9999.0 -9999.0 -9999.0 -9999.0 -9999.0 -9999.0 -9999.0 -9999.0 -9999.0 -9999.0 -9999.0 -9999.0 -9999.0 -9999.0 -9999.0 -9999.0 -9999.0 -9999.0 -9999.0 -9999.0 -9999.0 -9999.0 -9999.0 -9999.0 -9999.0 -9999.0 -9999.0 -9999.0 -9999.0 -9999.0 -9999.0 -9999.0 -9999.0 -9999.0 -9999.0 -9999.0 -9999.0 -9999.0 -9999.0 -9999.0 -9999.0 -9999.0 -9999.0 -9999.0 -9999.0 -9999.0 -9999.0 -9999.0 -9999.0 -9999.0 -9999.0 -9999.0 -9999.0 -9999.0 -9999.0 -9999.0 -9999.0
-9999.0 -9999.0 -9999.0 -9999.0 -9999.0 -9999.0 -9999.0 -9999.0 -9999.0 -9999.0 -9999.0 -9999.0 -9999.0 -9999.0 -9999.0 -9999.0 -9999.0 -9999.0 -9999.0 -9999.0 -9999.0 -9999.0 -9999.0 -9999.0 -9999.0 -9999.0 -9999.0 -9999.0 -9999.0 -9999.0 -9999.0 -9999.0 -9999.0 -9999.0 -9999.0 -9999.0 -9999.0 -9999.0 -9999.0 -9999.0 -9999.0 -9999.0 -9999.0 -9999.0 -9999.0 -9999.0 -9999.0 -9999.0 -9999.0 -9999.0 -9999.0 -9999.0 -9999.0 -9999.0 -9999.0 -9999.0 -9999.0 -9999.0 -9999.0 -9999.0 -9999.0 -9999.0 -9999.0 -9999.0 -9999.0 -9999.0 -9999.0 -9999.0 -9999.0 -9999.0 -9999.0 -9999.0 -9999.0 -9999.0 -9999.0 -9999.0 -9999.0 -9999.0 -9999.0 -9999.0 -9999.0 -9999.0 -9999.0 -9999.0 -9999.0 -9999.0 -9999.0 -9999.0 -9999.0 -9999.0 -9999.0 -9999.0 -9999.0 -9999.0 -9999.0 -9999.0 -9999.0 -9999.0 -9999.0 -9999.0 -9999.0 -9999.0 -9999.0 -9999.0
-9999.0 -9999.0 1073.086210 975.340200 877.544604 779.500907 681.308212 583.047136 484.764982 386.488319 288.232196 190.005295 91.812701 -6.339393 -104.441517 -202.478922 -300.391546 -398.058302 -495.255927 -591.588030 -686.360073 -781.599384 -875.811266 -968.730117 -1060.071855 -1134.203027 -1197.590379 -1249.560090 -1290.485383 -1321.558624 -1344.424069 -1360.822786 -1372.347197 -1380.321462 -1385.776983 -1389.483332 -1392.008564 -1393.825590 -1395.639285 -1399.660804 -1414.236964 -1473.946987 -1601.135746 -2447.032874 -3780.989053 -3763.236107 -3122.985777 -2616.324283 -2363.908967 -2207.354491 -2094.947907 -2000.258520 -1942.452585 -1904.929077 -1869.871006 -1832.811135 -1792.268454 -1748.636452 -1703.360796 -1657.411595 -1603.735163 -1370.671828 -1432.637433 -1406.326310 -1399.088761 -1397.582885 -1397.319617 -1397.277855 -1397.271946 -1397.271726 -1397.272337 -1397.272960 -1397.273472 -1397.273874 -1397.274191 -1397.274446 -1397.274656 -1397.274832 -1397.274985 -1397.275126 -1397.275266 -1397.275418 -1397.275601 -1397.275842 -1397.276183 -1397.276689 -1397.277466 -1397.278693 -1397.280673 -1397.283945 -1397.289498 -1397.299200 -1397.316691 -1397.349232 -1397.411670 -1397.535470 -1397.791233 -1398.349332 -1399.648784 -1402.877028 -1411.477871 -1437.180022 -9999.0 -9999.0
-9999.0 -9999.0 1073.088879 975.341285 877.544975 779.501031 681.308255 583.047151 484.764987 386.488321 288.232196 190.005295 91.812701 -6.339393 -104.441517 -202.478922 -300.391546 -398.058302 -495.255928 -591.588030 -686.360073 -781.599385 -875.811266 -968.730117 -1060.071855 -1134.203027 -1197.590379 -1249.560091 -1290.485383 -1321.558625 -1344.424069 -1360.822787 -1372.347197 -1380.321462 -1385.776983 -1389.483332 -1392.008564 -1393.825590 -1395.639285 -1399.660804 -1414.236964 -1473.946987 -1601.135746 -2447.032873 -3780.989053 -3763.236107 -3122.985776 -2616.324282 -2363.908967 -2207.354490 -2094.947906 -2000.258519 -1942.452584 -1904.929077 -1869.871006 -1832.811135 -1792.268454 -1748.636452 -1703.360796 -1657.411595 -1603.735163 -1370.671828 -1432.637433 -1406.326310 -1399.088761 -1397.582885 -1397.319617 -1397.277855 -1397.271946 -1397.271726 -1397.272337 -1397.272960 -1397.273472 -1397.273874 -1397.274191 -1397.274446 -1397.274656 -1397.274832 -1397.274985 -1397.275126 -1397.275266 -1397.275418 -1397.275601 -1397.275842 -1397.276183 -1397.276689 -1397.277466 -1397.278693 -1397.280673 -1397.283945 -1397.289498 -1397.299200 -1397.316691 -1397.349232 -1397.411670 -1397.535470 -1397.791233 -1398.349332 -1399.648784 -1402.877028 -1411.477871 -1437.180022 -9999.0 -9999.0
-9999.0 -9999.0 1073.089995 975.341895 877.545237 779.501133 681.308292 583.047165 484.764992 386.488322 288.232197 190.005295 91.812701 -6.339393 -104.441517 -202.478922 -300.391547 -398.058302 -495.255928 -591.588030 -686.360073 -781.599385 -875.811266 -968.730118 -1060.071856 -1134.203027 -1197.590380 -1249.560091 -1290.485383 -1321.558625 -1344.424070 -1360.822787 -1372.347197 -1380.321462 -1385.776983 -1389.483332 -1392.008564 -1393.825590 -1395.639285 -1399.660804 -1414.236964 -1473.946987 -1601.135746 -2447.032873 -3780.989052 -3763.236106 -3122.985776 -2616.324282 -2363.908967 -2207.354489 -2094.947905 -2000.258519 -1942.452584 -1904.929077 -1869.871006 -1832.811135 -1792.268454 -1748.636452 -1703.360796 -1657.411594 -1603.735163 -1370.671828 -1432.637433 -1406.326310 -1399.088761 -1397.582885 -1397.319617 -1397.277855 -1397.271946 -1397.271726 -1397.272337 -1397.272960 -1397.273472 -1397.273874 -1397.274191 -1397.274446 -1397.274656 -1397.274832 -1397.274985 -1397.275126 -1397.275266 -1397.275418 -1397.275601 -1397.275842 -1397.276183 -1397.276689 -1397.277466 -1397.278693 -1397.280673 -1397.283945 -1397.289498 -1397.299200 -1397.316691 -1397.349232 -1397.411670 -1397.535470 -1397.791233 -1398.349332 -1399.648784 -1402.877028 -1411.477871 -1437.180022 -9999.0 -9999.0
-9999.0 -9999.0 1073.089995 975.341895 877.545237 779.501133 681.308292 583.047165 484.764992 386.488322 288.232197 190.005295 91.812701 -6.339393 -104.441517 -202.478922 -300.391547 -398.058302 -495.255928 -591.588030 -686.360073 -781.599385 -875.811266 -968.730118 -1060.071856 -1134.203027 -1197.590380 -1249.560091 -1290.485383 -1321.558625 -1344.424070 -1360.822787 -1372.347197 -1380.321462 -1385.776983 -1389.483332 -1392.008564 -1393.825590 -1395.639285 -1399.660804 -1414.236964 -1473.946987 -1601.135746 -2447.032873 -3780.989052 -3763.236106 -3122.985776 -2616.324282 -2363.908967 -2207.354489 -2094.947905 -2000.258519 -1942.452584 -1904.929077 -1869.871006 -1832.811135 -1792.268454 -1748.636452 -1703.360796 -1657.411594 -1603.735163 -1370.671828 -1432.637433 -1406.326310 -1399.088761 -1397.582885 -1397.319617 -1397.277855 -1397.271946 -1397.271726 -1397.272337 -1397.272960 -1397.273472 -1397.273874 -1397.274191 -1397.274446 -1397.274656 -1397.274832 -1397.274985 -1397.275126 -1397.275266 -1397.275418 -1397.275601 -1397.275842 -1397.276183 -1397.276689 -1397.277466 -1397.278693 -1397.280673 -1397.283945 -1397.289498 -1397.299200 -1397.316691 -1397.349232 -1397.411670 -1397.535470 -1397.791233 -1398.349332 -1399.648784 -1402.877028 -1411.477871 -1437.180022 -9999.0 -9999.0
-9999.0 -9999.0 1073.088879 975.341285 877.544975 779.501031 681.308255 583.047151 484.764987 386.488321 288.232196 190.005295 91.812701 -6.339393 -104.441517 -202.478922 -300.391546 -398.058302 -495.255927 -591.588030 -686.360073 -781.599385 -875.811266 -968.730117 -1060.071855 -1134.203027 -1197.590379 -1249.560091 -1290.485383 -1321.558625 -1344.424069 -1360.822787 -1372.347197 -1380.321462 -1385.776983 -1389.483332 -1392.008564 -1393.825590 -1395.639285 -1399.660804 -1414.236964 -1473.946987 -1601.135746 -2447.032873 -3780.989053 -3763.236107 -3122.985776 -2616.324282 -2363.908967 -2207.354489 -2094.947906 -2000.258519 -1942.452584 -1904.929077 -1869.871006 -1832.811135 -1792.268454 -1748.636452 -1703.360796 -1657.411594 -1603.735163 -1370.671828 -1432.637433 -1406.326310 -1399.088761 -1397.582885 -1397.319617 -1397.277855 -1397.271946 -1397.271726 -1397.272337 -1397.272960 -1397.273472 -1397.273874 -1397.274191 -1397.274446 -1397.274656 -1397.274832 -1397.274985 -1397.275126 -1397.275266 -1397.275418 -1397.275601 -1397.275842 -1397.276183 -1397.276689 -1397.277466 -1397.278693 -1397.280673 -1397.283945 -1397.289498 -1397.299200 -1397.316691 -1397.349232 -1397.411670 -1397.535470 -1397.791233 -1398.349332 -1399.648784 -1402.877028 -1411.477871 -1437.180022 -9999.0 -9999.0
-9999.0 -9999.0 1073.086210 975.340200 877.544604 779.500907 681.308212 583.047136 484.764982 386.488318 288.232196 190.005295 91.812701 -6.339393 -104.441517 -202.478922 -300.391546 -398.058302 -495.255927 -591.588030 -686.360073 -781.599384 -875.811266 -968.730117 -1060.071855 -1134.203027 -1197.590379 -1249.560090 -1290.485383 -1321.558624 -1344.424069 -1360.822786 -1372.347197 -1380.321462 -1385.776983 -1389.483332 -1392.008564 -1393.825590 -1395.639285 -1399.660804 -1414.236964 -1473.946987 -1601.135746 -2447.032874 -3780.989053 -3763.236107 -3122.985777 -2616.324283 -2363.908967 -2207.354491 -2094.947907 -2000.258520 -1942.452585 -1904.929077 -1869.871006 -1832.811135 -1792.268454 -1748.636453 -1703.360796 -1657.411595 -1603.735163 -1370.671828 -1432.637433 -1406.326310 -1399.088761 -1397.582885 -1397.319617 -1397.277855 -1397.271946 -1397.271726 -1397.272337 -1397.272960 -1397.273472 -1397.273874 -1397.274191 -1397.274446 -1397.274656 -1397.274832 -1397.274985 -1397.275126 -1397.275266 -1397.275418 -1397.275601 -1397.275842 -1397.276183 -1397.276689 -1397.277466 -1397.278693 -1397.280673 -1397.283945 -1397.289498 -1397.299200 -1397.316691 -1397.349232 -1397.411670 -1397.535470 -1397.791233 -1398.349332 -1399.648784 -1402.877028 -1411.477871 -1437.180022 -9999.0 -9999.0
-9999.0 -9999.0 -9999.0 -9999.0 -9999.0 -9999.0 -9999.0 -9999.0 -9999.0 -9999.0 -9999.0 -9999.0 -9999.0 -9999.0 -9999.0 -9999.0 -9999.0 -9999.0 -9999.0 -9999.0 -9999.0 -9999.0 -9999.0 -9999.0 -9999.0 -9999.0 -9999.0 -9999.0 -9999.0 -9999.0 -9999.0 -9999.0 -9999.0 -9999.0 -9999.0 -9999.0 -9999.0 -9999.0 -9999.0 -9999.0 -9999.0 -9999.0 -9999.0 -9999.0 -9999.0 -9999.0 -9999.0 -9999.0 -9999.0 -9999.0 -9999.0 -9999.0 -9999.0 -9999.0 -9999.0 -9999.0 -9999.0 -9999.0 -9999.0 -9999.0 -9999.0 -9999.0 -9999.0 -9999.0 -9999.0 -9999.0 -9999.0 -9999.0 -9999.0 -9999.0 -9999.0 -9999.0 -9999.0 -9999.0 -9999.0 -9999.0 -9999.0 -9999.0 -9999.0 -9999.0 -9999.0 -9999.0 -9999.0 -9999.0 -9999.0 -9999.0 -9999.0 -9999.0 -9999.0 -9999.0 -9999.0 -9999.0 -9999.0 -9999.0 -9999.0 -9999.0 -9999.0 -9999.0 -9999.0 -9999.0 -9999.0 -9999.0 -9999.0 -9999.0
-9999.0 -9999.0 -9999.0 -9999.0 -9999.0 -9999.0 -9999.0 -9999.0 -9999.0 -9999.0 -9999.0 -9999.0 -9999.0 -9999.0 -9999.0 -9999.0 -9999.0 -9999.0 -9999.0 -9999.0 -9999.0 -9999.0 -9999.0 -9999.0 -9999.0 -9999.0 -9999.0 -9999.0 -9999.0 -9999.0 -9999.0 -9999.0 -9999.0 -9999.0 -9999.0 -9999.0 -9999.0 -9999.0 -9999.0 -9999.0 -9999.0 -9999.0 -9999.0 -9999.0 -9999.0 -9999.0 -9999.0 -9999.0 -9999.0 -9999.0 -9999.0 -9999.0 -9999.0 -9999.0 -9999.0 -9999.0 -9999.0 -9999.0 -9999.0 -9999.0 -9999.0 -9999.0 -9999.0 -9999.0 -9999.0 -9999.0 -9999.0 -9999.0 -9999.0 -9999.0 -9999.0 -9999.0 -9999.0 -9999.0 -9999.0 -9999.0 -9999.0 -9999.0 -9999.0 -9999.0 -9999.0 -9999.0 -9999.0 -9999.0 -9999.0 -9999.0 -9999.0 -9999.0 -9999.0 -9999.0 -9999.0 -9999.0 -9999.0 -9999.0 -9999.0 -9999.0 -9999.0 -9999.0 -9999.0 -9999.0 -9999.0 -9999.0 -9999.0 -9999.0