inst/processing_geotop_simulation/geotop_simulation/out/maps3D/PwL0019N0373.asc
ncols         104
nrows         10
xllcorner     -2.000000
yllcorner     0.000000
cellsize      1.000000
NODATA_value  -9999.0
-9999.0 -9999.0 -9999.0 -9999.0 -9999.0 -9999.0 -9999.0 -9999.0 -9999.0 -9999.0 -9999.0 -9999.0 -9999.0 -9999.0 -9999.0 -9999.0 -9999.0 -9999.0 -9999.0 -9999.0 -9999.0 -9999.0 -9999.0 -9999.0 -9999.0 -9999.0 -9999.0 -9999.0 -9999.0 -9999.0 -9999.0 -9999.0 -9999.0 -9999.0 -9999.0 -9999.0 -9999.0 -9999.0 -9999.0 -9999.0 -9999.0 -9999.0 -9999.0 -9999.0 -9999.0 -9999.0 -9999.0 -9999.0 -9999.0 -9999.0 -9999.0 -9999.0 -9999.0 -9999.0 -9999.0 -9999.0 -9999.0 -9999.0 -9999.0 -9999.0 -9999.0 -9999.0 -9999.0 -9999.0 -9999.0 -9999.0 -9999.0 -9999.0 -9999.0 -9999.0 -9999.0 -9999.0 -9999.0 -9999.0 -9999.0 -9999.0 -9999.0 -9999.0 -9999.0 -9999.0 -9999.0 -9999.0 -9999.0 -9999.0 -9999.0 -9999.0 -9999.0 -9999.0 -9999.0 -9999.0 -9999.0 -9999.0 -9999.0 -9999.0 -9999.0 -9999.0 -9999.0 -9999.0 -9999.0 -9999.0 -9999.0 -9999.0 -9999.0 -9999.0
-9999.0 -9999.0 -9999.0 -9999.0 -9999.0 -9999.0 -9999.0 -9999.0 -9999.0 -9999.0 -9999.0 -9999.0 -9999.0 -9999.0 -9999.0 -9999.0 -9999.0 -9999.0 -9999.0 -9999.0 -9999.0 -9999.0 -9999.0 -9999.0 -9999.0 -9999.0 -9999.0 -9999.0 -9999.0 -9999.0 -9999.0 -9999.0 -9999.0 -9999.0 -9999.0 -9999.0 -9999.0 -9999.0 -9999.0 -9999.0 -9999.0 -9999.0 -9999.0 -9999.0 -9999.0 -9999.0 -9999.0 -9999.0 -9999.0 -9999.0 -9999.0 -9999.0 -9999.0 -9999.0 -9999.0 -9999.0 -9999.0 -9999.0 -9999.0 -9999.0 -9999.0 -9999.0 -9999.0 -9999.0 -9999.0 -9999.0 -9999.0 -9999.0 -9999.0 -9999.0 -9999.0 -9999.0 -9999.0 -9999.0 -9999.0 -9999.0 -9999.0 -9999.0 -9999.0 -9999.0 -9999.0 -9999.0 -9999.0 -9999.0 -9999.0 -9999.0 -9999.0 -9999.0 -9999.0 -9999.0 -9999.0 -9999.0 -9999.0 -9999.0 -9999.0 -9999.0 -9999.0 -9999.0 -9999.0 -9999.0 -9999.0 -9999.0 -9999.0 -9999.0
-9999.0 -9999.0 919.515984 820.669454 721.713555 622.610024 523.427266 424.209415 324.980610 225.753998 126.536911 27.334071 -71.848308 -171.009718 -270.138940 -369.211404 -468.179863 -566.957693 -665.392331 -763.601992 -861.761096 -959.490642 -1056.573741 -1150.431091 -1237.306595 -1316.486613 -1386.153097 -1445.197252 -1493.411343 -1531.434700 -1560.508448 -1582.162552 -1597.946196 -1609.253908 -1617.246630 -1622.842634 -1626.757587 -1629.614193 -1632.263981 -1636.666705 -1647.409741 -1675.313198 -1869.822800 -3941.930807 -4034.624348 -4034.634379 -4034.173796 -4030.034933 -4013.661704 -3970.878725 -3886.410232 -3738.952279 -3599.803267 -3488.577522 -3371.691795 -3238.178859 -3085.949786 -2921.778633 -2757.026904 -2599.055655 -2409.680607 -1608.166471 -1631.768419 -1639.072845 -1636.744618 -1635.602106 -1635.316233 -1635.260659 -1635.251486 -1635.250513 -1635.250856 -1635.251335 -1635.251759 -1635.252113 -1635.252408 -1635.252662 -1635.252885 -1635.253087 -1635.253276 -1635.253459 -1635.253645 -1635.253844 -1635.254072 -1635.254347 -1635.254702 -1635.255188 -1635.255887 -1635.256936 -1635.258574 -1635.261226 -1635.265679 -1635.273434 -1635.287438 -1635.313628 -1635.364333 -1635.466261 -1635.680781 -1636.158732 -1637.296264 -1640.212763 -1648.403360 -1674.295342 -9999.0 -9999.0
-9999.0 -9999.0 919.518943 820.670568 721.713917 622.610143 523.427306 424.209430 324.980615 225.754000 126.536912 27.334072 -71.848308 -171.009718 -270.138940 -369.211405 -468.179864 -566.957693 -665.392331 -763.601992 -861.761096 -959.490642 -1056.573741 -1150.431091 -1237.306595 -1316.486613 -1386.153097 -1445.197252 -1493.411343 -1531.434700 -1560.508449 -1582.162552 -1597.946196 -1609.253908 -1617.246630 -1622.842634 -1626.757587 -1629.614193 -1632.263981 -1636.666705 -1647.409741 -1675.313198 -1869.822800 -3941.930807 -4034.624348 -4034.634379 -4034.173796 -4030.034933 -4013.661704 -3970.878725 -3886.410230 -3738.952278 -3599.803266 -3488.577521 -3371.691794 -3238.178859 -3085.949785 -2921.778633 -2757.026903 -2599.055655 -2409.680607 -1608.166471 -1631.768419 -1639.072845 -1636.744618 -1635.602106 -1635.316233 -1635.260658 -1635.251486 -1635.250513 -1635.250856 -1635.251335 -1635.251759 -1635.252113 -1635.252408 -1635.252662 -1635.252885 -1635.253087 -1635.253276 -1635.253459 -1635.253645 -1635.253844 -1635.254072 -1635.254347 -1635.254702 -1635.255188 -1635.255887 -1635.256936 -1635.258574 -1635.261226 -1635.265679 -1635.273434 -1635.287438 -1635.313628 -1635.364333 -1635.466261 -1635.680781 -1636.158732 -1637.296264 -1640.212763 -1648.403360 -1674.295342 -9999.0 -9999.0
-9999.0 -9999.0 919.520053 820.671162 721.714167 622.610238 523.427342 424.209442 324.980620 225.754002 126.536913 27.334072 -71.848308 -171.009718 -270.138941 -369.211404 -468.179864 -566.957693 -665.392332 -763.601992 -861.761097 -959.490642 -1056.573741 -1150.431091 -1237.306595 -1316.486613 -1386.153098 -1445.197252 -1493.411343 -1531.434700 -1560.508449 -1582.162552 -1597.946196 -1609.253908 -1617.246630 -1622.842634 -1626.757587 -1629.614193 -1632.263981 -1636.666705 -1647.409741 -1675.313198 -1869.822800 -3941.930807 -4034.624348 -4034.634379 -4034.173796 -4030.034933 -4013.661704 -3970.878724 -3886.410229 -3738.952278 -3599.803266 -3488.577521 -3371.691794 -3238.178858 -3085.949785 -2921.778632 -2757.026903 -2599.055655 -2409.680607 -1608.166471 -1631.768419 -1639.072845 -1636.744618 -1635.602106 -1635.316233 -1635.260658 -1635.251486 -1635.250513 -1635.250856 -1635.251335 -1635.251759 -1635.252113 -1635.252408 -1635.252662 -1635.252885 -1635.253087 -1635.253276 -1635.253459 -1635.253645 -1635.253844 -1635.254072 -1635.254347 -1635.254702 -1635.255188 -1635.255887 -1635.256936 -1635.258574 -1635.261226 -1635.265679 -1635.273434 -1635.287438 -1635.313628 -1635.364333 -1635.466261 -1635.680781 -1636.158732 -1637.296264 -1640.212763 -1648.403360 -1674.295342 -9999.0 -9999.0
-9999.0 -9999.0 919.520053 820.671162 721.714167 622.610238 523.427342 424.209442 324.980620 225.754002 126.536913 27.334072 -71.848308 -171.009718 -270.138940 -369.211405 -468.179864 -566.957693 -665.392332 -763.601992 -861.761096 -959.490642 -1056.573741 -1150.431091 -1237.306595 -1316.486613 -1386.153098 -1445.197252 -1493.411343 -1531.434700 -1560.508449 -1582.162552 -1597.946196 -1609.253908 -1617.246630 -1622.842634 -1626.757587 -1629.614193 -1632.263981 -1636.666705 -1647.409741 -1675.313198 -1869.822800 -3941.930807 -4034.624348 -4034.634379 -4034.173796 -4030.034933 -4013.661704 -3970.878725 -3886.410229 -3738.952278 -3599.803266 -3488.577521 -3371.691794 -3238.178859 -3085.949785 -2921.778633 -2757.026903 -2599.055655 -2409.680607 -1608.166471 -1631.768419 -1639.072845 -1636.744618 -1635.602106 -1635.316233 -1635.260658 -1635.251486 -1635.250513 -1635.250856 -1635.251335 -1635.251759 -1635.252113 -1635.252408 -1635.252662 -1635.252885 -1635.253087 -1635.253276 -1635.253459 -1635.253645 -1635.253844 -1635.254072 -1635.254347 -1635.254702 -1635.255188 -1635.255887 -1635.256936 -1635.258574 -1635.261226 -1635.265679 -1635.273434 -1635.287438 -1635.313628 -1635.364333 -1635.466261 -1635.680781 -1636.158732 -1637.296264 -1640.212763 -1648.403360 -1674.295342 -9999.0 -9999.0
-9999.0 -9999.0 919.518943 820.670568 721.713917 622.610143 523.427306 424.209429 324.980615 225.754000 126.536912 27.334072 -71.848308 -171.009718 -270.138941 -369.211404 -468.179864 -566.957693 -665.392332 -763.601992 -861.761096 -959.490642 -1056.573741 -1150.431091 -1237.306595 -1316.486613 -1386.153097 -1445.197252 -1493.411343 -1531.434700 -1560.508449 -1582.162552 -1597.946196 -1609.253908 -1617.246630 -1622.842634 -1626.757587 -1629.614193 -1632.263981 -1636.666705 -1647.409741 -1675.313198 -1869.822800 -3941.930807 -4034.624348 -4034.634379 -4034.173796 -4030.034933 -4013.661704 -3970.878725 -3886.410230 -3738.952278 -3599.803266 -3488.577521 -3371.691794 -3238.178859 -3085.949785 -2921.778633 -2757.026903 -2599.055655 -2409.680608 -1608.166471 -1631.768419 -1639.072845 -1636.744618 -1635.602106 -1635.316233 -1635.260658 -1635.251486 -1635.250513 -1635.250856 -1635.251335 -1635.251759 -1635.252113 -1635.252408 -1635.252662 -1635.252885 -1635.253087 -1635.253276 -1635.253459 -1635.253645 -1635.253844 -1635.254072 -1635.254347 -1635.254702 -1635.255188 -1635.255887 -1635.256936 -1635.258574 -1635.261226 -1635.265679 -1635.273434 -1635.287438 -1635.313628 -1635.364333 -1635.466261 -1635.680781 -1636.158732 -1637.296264 -1640.212763 -1648.403360 -1674.295342 -9999.0 -9999.0
-9999.0 -9999.0 919.515984 820.669455 721.713555 622.610024 523.427266 424.209415 324.980610 225.753998 126.536911 27.334071 -71.848308 -171.009718 -270.138940 -369.211404 -468.179863 -566.957693 -665.392331 -763.601992 -861.761096 -959.490642 -1056.573741 -1150.431091 -1237.306595 -1316.486613 -1386.153097 -1445.197252 -1493.411343 -1531.434700 -1560.508448 -1582.162552 -1597.946196 -1609.253908 -1617.246630 -1622.842634 -1626.757587 -1629.614193 -1632.263981 -1636.666705 -1647.409741 -1675.313198 -1869.822800 -3941.930807 -4034.624348 -4034.634379 -4034.173796 -4030.034933 -4013.661704 -3970.878725 -3886.410232 -3738.952279 -3599.803267 -3488.577522 -3371.691795 -3238.178860 -3085.949786 -2921.778633 -2757.026903 -2599.055655 -2409.680608 -1608.166471 -1631.768419 -1639.072845 -1636.744618 -1635.602106 -1635.316233 -1635.260659 -1635.251486 -1635.250513 -1635.250856 -1635.251335 -1635.251759 -1635.252113 -1635.252408 -1635.252662 -1635.252885 -1635.253087 -1635.253276 -1635.253459 -1635.253645 -1635.253844 -1635.254072 -1635.254347 -1635.254702 -1635.255188 -1635.255887 -1635.256936 -1635.258574 -1635.261226 -1635.265679 -1635.273434 -1635.287438 -1635.313628 -1635.364333 -1635.466261 -1635.680781 -1636.158732 -1637.296264 -1640.212763 -1648.403360 -1674.295342 -9999.0 -9999.0
-9999.0 -9999.0 -9999.0 -9999.0 -9999.0 -9999.0 -9999.0 -9999.0 -9999.0 -9999.0 -9999.0 -9999.0 -9999.0 -9999.0 -9999.0 -9999.0 -9999.0 -9999.0 -9999.0 -9999.0 -9999.0 -9999.0 -9999.0 -9999.0 -9999.0 -9999.0 -9999.0 -9999.0 -9999.0 -9999.0 -9999.0 -9999.0 -9999.0 -9999.0 -9999.0 -9999.0 -9999.0 -9999.0 -9999.0 -9999.0 -9999.0 -9999.0 -9999.0 -9999.0 -9999.0 -9999.0 -9999.0 -9999.0 -9999.0 -9999.0 -9999.0 -9999.0 -9999.0 -9999.0 -9999.0 -9999.0 -9999.0 -9999.0 -9999.0 -9999.0 -9999.0 -9999.0 -9999.0 -9999.0 -9999.0 -9999.0 -9999.0 -9999.0 -9999.0 -9999.0 -9999.0 -9999.0 -9999.0 -9999.0 -9999.0 -9999.0 -9999.0 -9999.0 -9999.0 -9999.0 -9999.0 -9999.0 -9999.0 -9999.0 -9999.0 -9999.0 -9999.0 -9999.0 -9999.0 -9999.0 -9999.0 -9999.0 -9999.0 -9999.0 -9999.0 -9999.0 -9999.0 -9999.0 -9999.0 -9999.0 -9999.0 -9999.0 -9999.0 -9999.0
-9999.0 -9999.0 -9999.0 -9999.0 -9999.0 -9999.0 -9999.0 -9999.0 -9999.0 -9999.0 -9999.0 -9999.0 -9999.0 -9999.0 -9999.0 -9999.0 -9999.0 -9999.0 -9999.0 -9999.0 -9999.0 -9999.0 -9999.0 -9999.0 -9999.0 -9999.0 -9999.0 -9999.0 -9999.0 -9999.0 -9999.0 -9999.0 -9999.0 -9999.0 -9999.0 -9999.0 -9999.0 -9999.0 -9999.0 -9999.0 -9999.0 -9999.0 -9999.0 -9999.0 -9999.0 -9999.0 -9999.0 -9999.0 -9999.0 -9999.0 -9999.0 -9999.0 -9999.0 -9999.0 -9999.0 -9999.0 -9999.0 -9999.0 -9999.0 -9999.0 -9999.0 -9999.0 -9999.0 -9999.0 -9999.0 -9999.0 -9999.0 -9999.0 -9999.0 -9999.0 -9999.0 -9999.0 -9999.0 -9999.0 -9999.0 -9999.0 -9999.0 -9999.0 -9999.0 -9999.0 -9999.0 -9999.0 -9999.0 -9999.0 -9999.0 -9999.0 -9999.0 -9999.0 -9999.0 -9999.0 -9999.0 -9999.0 -9999.0 -9999.0 -9999.0 -9999.0 -9999.0 -9999.0 -9999.0 -9999.0 -9999.0 -9999.0 -9999.0 -9999.0