inst/processing_geotop_simulation/geotop_simulation/out/maps3D/PwL0011N0448.asc
ncols         104
nrows         10
xllcorner     -2.000000
yllcorner     0.000000
cellsize      1.000000
NODATA_value  -9999.0
-9999.0 -9999.0 -9999.0 -9999.0 -9999.0 -9999.0 -9999.0 -9999.0 -9999.0 -9999.0 -9999.0 -9999.0 -9999.0 -9999.0 -9999.0 -9999.0 -9999.0 -9999.0 -9999.0 -9999.0 -9999.0 -9999.0 -9999.0 -9999.0 -9999.0 -9999.0 -9999.0 -9999.0 -9999.0 -9999.0 -9999.0 -9999.0 -9999.0 -9999.0 -9999.0 -9999.0 -9999.0 -9999.0 -9999.0 -9999.0 -9999.0 -9999.0 -9999.0 -9999.0 -9999.0 -9999.0 -9999.0 -9999.0 -9999.0 -9999.0 -9999.0 -9999.0 -9999.0 -9999.0 -9999.0 -9999.0 -9999.0 -9999.0 -9999.0 -9999.0 -9999.0 -9999.0 -9999.0 -9999.0 -9999.0 -9999.0 -9999.0 -9999.0 -9999.0 -9999.0 -9999.0 -9999.0 -9999.0 -9999.0 -9999.0 -9999.0 -9999.0 -9999.0 -9999.0 -9999.0 -9999.0 -9999.0 -9999.0 -9999.0 -9999.0 -9999.0 -9999.0 -9999.0 -9999.0 -9999.0 -9999.0 -9999.0 -9999.0 -9999.0 -9999.0 -9999.0 -9999.0 -9999.0 -9999.0 -9999.0 -9999.0 -9999.0 -9999.0 -9999.0
-9999.0 -9999.0 -9999.0 -9999.0 -9999.0 -9999.0 -9999.0 -9999.0 -9999.0 -9999.0 -9999.0 -9999.0 -9999.0 -9999.0 -9999.0 -9999.0 -9999.0 -9999.0 -9999.0 -9999.0 -9999.0 -9999.0 -9999.0 -9999.0 -9999.0 -9999.0 -9999.0 -9999.0 -9999.0 -9999.0 -9999.0 -9999.0 -9999.0 -9999.0 -9999.0 -9999.0 -9999.0 -9999.0 -9999.0 -9999.0 -9999.0 -9999.0 -9999.0 -9999.0 -9999.0 -9999.0 -9999.0 -9999.0 -9999.0 -9999.0 -9999.0 -9999.0 -9999.0 -9999.0 -9999.0 -9999.0 -9999.0 -9999.0 -9999.0 -9999.0 -9999.0 -9999.0 -9999.0 -9999.0 -9999.0 -9999.0 -9999.0 -9999.0 -9999.0 -9999.0 -9999.0 -9999.0 -9999.0 -9999.0 -9999.0 -9999.0 -9999.0 -9999.0 -9999.0 -9999.0 -9999.0 -9999.0 -9999.0 -9999.0 -9999.0 -9999.0 -9999.0 -9999.0 -9999.0 -9999.0 -9999.0 -9999.0 -9999.0 -9999.0 -9999.0 -9999.0 -9999.0 -9999.0 -9999.0 -9999.0 -9999.0 -9999.0 -9999.0 -9999.0
-9999.0 -9999.0 521.932225 423.175817 324.054652 224.748146 125.361573 25.941994 -73.485771 -172.911845 -272.328806 -371.724432 -471.078238 -570.349139 -669.479660 -768.540549 -867.607811 -966.583030 -1065.448832 -1163.809238 -1260.830790 -1355.569345 -1446.078509 -1529.866860 -1604.552492 -1668.509010 -1721.185339 -1763.052945 -1795.310424 -1819.519923 -1837.301764 -1850.137433 -1859.275476 -1865.710568 -1870.204551 -1873.327770 -1875.515325 -1877.168792 -1878.908562 -1881.925979 -1885.157563 -1857.693128 -1386.234188 -1629.931310 -1573.648499 -1536.357963 -1519.448531 -1517.070908 -1516.822486 -1516.844791 -1516.905438 -1516.970701 -1517.033409 -1517.091474 -1517.145393 -1517.208412 -1517.407438 -1518.781459 -1527.559745 -1547.459327 -1567.243523 -1314.596619 -1820.849521 -1877.880568 -1881.067295 -1880.492585 -1880.258761 -1880.206966 -1880.197860 -1880.196774 -1880.197019 -1880.197412 -1880.197761 -1880.198046 -1880.198279 -1880.198473 -1880.198640 -1880.198787 -1880.198922 -1880.199051 -1880.199181 -1880.199323 -1880.199489 -1880.199697 -1880.199977 -1880.200374 -1880.200963 -1880.201869 -1880.203310 -1880.205676 -1880.209685 -1880.216713 -1880.229457 -1880.253347 -1880.299619 -1880.392498 -1880.587324 -1881.019904 -1882.050926 -1884.731032 -1892.480563 -1917.850417 -9999.0 -9999.0
-9999.0 -9999.0 521.937273 423.177277 324.055065 224.748272 125.361614 25.942008 -73.485765 -172.911843 -272.328804 -371.724431 -471.078237 -570.349139 -669.479660 -768.540549 -867.607811 -966.583030 -1065.448832 -1163.809238 -1260.830790 -1355.569345 -1446.078509 -1529.866860 -1604.552493 -1668.509010 -1721.185339 -1763.052945 -1795.310424 -1819.519923 -1837.301764 -1850.137433 -1859.275476 -1865.710568 -1870.204551 -1873.327770 -1875.515325 -1877.168792 -1878.908562 -1881.925979 -1885.157563 -1857.693128 -1386.234188 -1629.931310 -1573.648498 -1536.357962 -1519.448531 -1517.070908 -1516.822486 -1516.844791 -1516.905438 -1516.970701 -1517.033409 -1517.091474 -1517.145393 -1517.208412 -1517.407438 -1518.781459 -1527.559745 -1547.459327 -1567.243523 -1314.596619 -1820.849521 -1877.880568 -1881.067295 -1880.492585 -1880.258761 -1880.206966 -1880.197860 -1880.196774 -1880.197018 -1880.197412 -1880.197761 -1880.198046 -1880.198279 -1880.198473 -1880.198640 -1880.198787 -1880.198922 -1880.199051 -1880.199181 -1880.199323 -1880.199488 -1880.199697 -1880.199977 -1880.200374 -1880.200963 -1880.201869 -1880.203310 -1880.205676 -1880.209685 -1880.216713 -1880.229457 -1880.253347 -1880.299619 -1880.392498 -1880.587324 -1881.019904 -1882.050926 -1884.731031 -1892.480563 -1917.850417 -9999.0 -9999.0
-9999.0 -9999.0 521.938549 423.177945 324.055335 224.748371 125.361649 25.942021 -73.485761 -172.911841 -272.328804 -371.724431 -471.078237 -570.349139 -669.479660 -768.540549 -867.607811 -966.583030 -1065.448832 -1163.809238 -1260.830790 -1355.569345 -1446.078509 -1529.866860 -1604.552493 -1668.509010 -1721.185339 -1763.052945 -1795.310424 -1819.519923 -1837.301764 -1850.137433 -1859.275476 -1865.710568 -1870.204551 -1873.327770 -1875.515325 -1877.168792 -1878.908562 -1881.925979 -1885.157563 -1857.693128 -1386.234188 -1629.931310 -1573.648498 -1536.357962 -1519.448531 -1517.070908 -1516.822486 -1516.844791 -1516.905438 -1516.970701 -1517.033409 -1517.091474 -1517.145393 -1517.208412 -1517.407438 -1518.781459 -1527.559745 -1547.459327 -1567.243523 -1314.596619 -1820.849521 -1877.880568 -1881.067295 -1880.492585 -1880.258761 -1880.206966 -1880.197860 -1880.196774 -1880.197018 -1880.197412 -1880.197761 -1880.198046 -1880.198279 -1880.198473 -1880.198640 -1880.198787 -1880.198922 -1880.199051 -1880.199181 -1880.199323 -1880.199488 -1880.199697 -1880.199977 -1880.200374 -1880.200963 -1880.201869 -1880.203310 -1880.205676 -1880.209685 -1880.216713 -1880.229457 -1880.253347 -1880.299619 -1880.392498 -1880.587324 -1881.019904 -1882.050926 -1884.731031 -1892.480563 -1917.850417 -9999.0 -9999.0
-9999.0 -9999.0 521.938549 423.177945 324.055335 224.748371 125.361649 25.942021 -73.485761 -172.911841 -272.328804 -371.724431 -471.078237 -570.349139 -669.479660 -768.540549 -867.607811 -966.583030 -1065.448832 -1163.809238 -1260.830790 -1355.569345 -1446.078509 -1529.866860 -1604.552493 -1668.509010 -1721.185339 -1763.052945 -1795.310424 -1819.519923 -1837.301764 -1850.137433 -1859.275476 -1865.710568 -1870.204551 -1873.327770 -1875.515325 -1877.168792 -1878.908562 -1881.925979 -1885.157563 -1857.693128 -1386.234188 -1629.931310 -1573.648498 -1536.357962 -1519.448531 -1517.070908 -1516.822486 -1516.844791 -1516.905438 -1516.970701 -1517.033409 -1517.091474 -1517.145393 -1517.208412 -1517.407438 -1518.781459 -1527.559745 -1547.459327 -1567.243523 -1314.596619 -1820.849521 -1877.880568 -1881.067295 -1880.492585 -1880.258761 -1880.206966 -1880.197860 -1880.196774 -1880.197018 -1880.197412 -1880.197761 -1880.198046 -1880.198279 -1880.198473 -1880.198640 -1880.198787 -1880.198922 -1880.199051 -1880.199181 -1880.199323 -1880.199488 -1880.199697 -1880.199977 -1880.200374 -1880.200963 -1880.201869 -1880.203310 -1880.205676 -1880.209685 -1880.216713 -1880.229457 -1880.253347 -1880.299619 -1880.392498 -1880.587324 -1881.019904 -1882.050926 -1884.731031 -1892.480563 -1917.850417 -9999.0 -9999.0
-9999.0 -9999.0 521.937273 423.177277 324.055065 224.748272 125.361614 25.942008 -73.485765 -172.911843 -272.328804 -371.724431 -471.078237 -570.349139 -669.479660 -768.540549 -867.607811 -966.583030 -1065.448832 -1163.809238 -1260.830790 -1355.569345 -1446.078509 -1529.866860 -1604.552493 -1668.509010 -1721.185339 -1763.052945 -1795.310424 -1819.519923 -1837.301764 -1850.137433 -1859.275476 -1865.710568 -1870.204551 -1873.327770 -1875.515325 -1877.168792 -1878.908562 -1881.925979 -1885.157563 -1857.693128 -1386.234188 -1629.931310 -1573.648498 -1536.357962 -1519.448531 -1517.070908 -1516.822486 -1516.844791 -1516.905438 -1516.970701 -1517.033409 -1517.091474 -1517.145393 -1517.208412 -1517.407438 -1518.781459 -1527.559745 -1547.459327 -1567.243523 -1314.596619 -1820.849521 -1877.880568 -1881.067295 -1880.492585 -1880.258761 -1880.206966 -1880.197860 -1880.196774 -1880.197018 -1880.197412 -1880.197761 -1880.198046 -1880.198279 -1880.198473 -1880.198640 -1880.198787 -1880.198922 -1880.199051 -1880.199181 -1880.199323 -1880.199488 -1880.199697 -1880.199977 -1880.200374 -1880.200963 -1880.201869 -1880.203310 -1880.205676 -1880.209685 -1880.216713 -1880.229457 -1880.253347 -1880.299619 -1880.392498 -1880.587324 -1881.019904 -1882.050926 -1884.731031 -1892.480563 -1917.850417 -9999.0 -9999.0
-9999.0 -9999.0 521.932225 423.175817 324.054652 224.748146 125.361573 25.941994 -73.485771 -172.911845 -272.328806 -371.724432 -471.078238 -570.349139 -669.479660 -768.540549 -867.607811 -966.583030 -1065.448832 -1163.809238 -1260.830790 -1355.569345 -1446.078509 -1529.866860 -1604.552492 -1668.509010 -1721.185339 -1763.052945 -1795.310424 -1819.519923 -1837.301764 -1850.137433 -1859.275476 -1865.710568 -1870.204551 -1873.327770 -1875.515325 -1877.168792 -1878.908562 -1881.925979 -1885.157563 -1857.693128 -1386.234188 -1629.931310 -1573.648499 -1536.357963 -1519.448531 -1517.070908 -1516.822486 -1516.844791 -1516.905438 -1516.970701 -1517.033409 -1517.091474 -1517.145393 -1517.208412 -1517.407438 -1518.781459 -1527.559745 -1547.459327 -1567.243523 -1314.596619 -1820.849521 -1877.880568 -1881.067295 -1880.492585 -1880.258761 -1880.206966 -1880.197860 -1880.196774 -1880.197019 -1880.197412 -1880.197761 -1880.198046 -1880.198279 -1880.198473 -1880.198640 -1880.198787 -1880.198922 -1880.199051 -1880.199181 -1880.199323 -1880.199489 -1880.199697 -1880.199977 -1880.200374 -1880.200963 -1880.201869 -1880.203310 -1880.205676 -1880.209685 -1880.216713 -1880.229457 -1880.253347 -1880.299619 -1880.392498 -1880.587324 -1881.019904 -1882.050926 -1884.731032 -1892.480563 -1917.850417 -9999.0 -9999.0
-9999.0 -9999.0 -9999.0 -9999.0 -9999.0 -9999.0 -9999.0 -9999.0 -9999.0 -9999.0 -9999.0 -9999.0 -9999.0 -9999.0 -9999.0 -9999.0 -9999.0 -9999.0 -9999.0 -9999.0 -9999.0 -9999.0 -9999.0 -9999.0 -9999.0 -9999.0 -9999.0 -9999.0 -9999.0 -9999.0 -9999.0 -9999.0 -9999.0 -9999.0 -9999.0 -9999.0 -9999.0 -9999.0 -9999.0 -9999.0 -9999.0 -9999.0 -9999.0 -9999.0 -9999.0 -9999.0 -9999.0 -9999.0 -9999.0 -9999.0 -9999.0 -9999.0 -9999.0 -9999.0 -9999.0 -9999.0 -9999.0 -9999.0 -9999.0 -9999.0 -9999.0 -9999.0 -9999.0 -9999.0 -9999.0 -9999.0 -9999.0 -9999.0 -9999.0 -9999.0 -9999.0 -9999.0 -9999.0 -9999.0 -9999.0 -9999.0 -9999.0 -9999.0 -9999.0 -9999.0 -9999.0 -9999.0 -9999.0 -9999.0 -9999.0 -9999.0 -9999.0 -9999.0 -9999.0 -9999.0 -9999.0 -9999.0 -9999.0 -9999.0 -9999.0 -9999.0 -9999.0 -9999.0 -9999.0 -9999.0 -9999.0 -9999.0 -9999.0 -9999.0
-9999.0 -9999.0 -9999.0 -9999.0 -9999.0 -9999.0 -9999.0 -9999.0 -9999.0 -9999.0 -9999.0 -9999.0 -9999.0 -9999.0 -9999.0 -9999.0 -9999.0 -9999.0 -9999.0 -9999.0 -9999.0 -9999.0 -9999.0 -9999.0 -9999.0 -9999.0 -9999.0 -9999.0 -9999.0 -9999.0 -9999.0 -9999.0 -9999.0 -9999.0 -9999.0 -9999.0 -9999.0 -9999.0 -9999.0 -9999.0 -9999.0 -9999.0 -9999.0 -9999.0 -9999.0 -9999.0 -9999.0 -9999.0 -9999.0 -9999.0 -9999.0 -9999.0 -9999.0 -9999.0 -9999.0 -9999.0 -9999.0 -9999.0 -9999.0 -9999.0 -9999.0 -9999.0 -9999.0 -9999.0 -9999.0 -9999.0 -9999.0 -9999.0 -9999.0 -9999.0 -9999.0 -9999.0 -9999.0 -9999.0 -9999.0 -9999.0 -9999.0 -9999.0 -9999.0 -9999.0 -9999.0 -9999.0 -9999.0 -9999.0 -9999.0 -9999.0 -9999.0 -9999.0 -9999.0 -9999.0 -9999.0 -9999.0 -9999.0 -9999.0 -9999.0 -9999.0 -9999.0 -9999.0 -9999.0 -9999.0 -9999.0 -9999.0 -9999.0 -9999.0