inst/processing_geotop_simulation/geotop_simulation/out/maps3D/PwL0013N0392.asc
ncols         104
nrows         10
xllcorner     -2.000000
yllcorner     0.000000
cellsize      1.000000
NODATA_value  -9999.0
-9999.0 -9999.0 -9999.0 -9999.0 -9999.0 -9999.0 -9999.0 -9999.0 -9999.0 -9999.0 -9999.0 -9999.0 -9999.0 -9999.0 -9999.0 -9999.0 -9999.0 -9999.0 -9999.0 -9999.0 -9999.0 -9999.0 -9999.0 -9999.0 -9999.0 -9999.0 -9999.0 -9999.0 -9999.0 -9999.0 -9999.0 -9999.0 -9999.0 -9999.0 -9999.0 -9999.0 -9999.0 -9999.0 -9999.0 -9999.0 -9999.0 -9999.0 -9999.0 -9999.0 -9999.0 -9999.0 -9999.0 -9999.0 -9999.0 -9999.0 -9999.0 -9999.0 -9999.0 -9999.0 -9999.0 -9999.0 -9999.0 -9999.0 -9999.0 -9999.0 -9999.0 -9999.0 -9999.0 -9999.0 -9999.0 -9999.0 -9999.0 -9999.0 -9999.0 -9999.0 -9999.0 -9999.0 -9999.0 -9999.0 -9999.0 -9999.0 -9999.0 -9999.0 -9999.0 -9999.0 -9999.0 -9999.0 -9999.0 -9999.0 -9999.0 -9999.0 -9999.0 -9999.0 -9999.0 -9999.0 -9999.0 -9999.0 -9999.0 -9999.0 -9999.0 -9999.0 -9999.0 -9999.0 -9999.0 -9999.0 -9999.0 -9999.0 -9999.0 -9999.0
-9999.0 -9999.0 -9999.0 -9999.0 -9999.0 -9999.0 -9999.0 -9999.0 -9999.0 -9999.0 -9999.0 -9999.0 -9999.0 -9999.0 -9999.0 -9999.0 -9999.0 -9999.0 -9999.0 -9999.0 -9999.0 -9999.0 -9999.0 -9999.0 -9999.0 -9999.0 -9999.0 -9999.0 -9999.0 -9999.0 -9999.0 -9999.0 -9999.0 -9999.0 -9999.0 -9999.0 -9999.0 -9999.0 -9999.0 -9999.0 -9999.0 -9999.0 -9999.0 -9999.0 -9999.0 -9999.0 -9999.0 -9999.0 -9999.0 -9999.0 -9999.0 -9999.0 -9999.0 -9999.0 -9999.0 -9999.0 -9999.0 -9999.0 -9999.0 -9999.0 -9999.0 -9999.0 -9999.0 -9999.0 -9999.0 -9999.0 -9999.0 -9999.0 -9999.0 -9999.0 -9999.0 -9999.0 -9999.0 -9999.0 -9999.0 -9999.0 -9999.0 -9999.0 -9999.0 -9999.0 -9999.0 -9999.0 -9999.0 -9999.0 -9999.0 -9999.0 -9999.0 -9999.0 -9999.0 -9999.0 -9999.0 -9999.0 -9999.0 -9999.0 -9999.0 -9999.0 -9999.0 -9999.0 -9999.0 -9999.0 -9999.0 -9999.0 -9999.0 -9999.0
-9999.0 -9999.0 621.666509 523.070846 424.134267 324.990654 225.753184 126.476005 27.186189 -72.099315 -171.374685 -270.631932 -369.852760 -469.001624 -568.019873 -666.829025 -765.513662 -864.204055 -962.722094 -1061.013212 -1158.181551 -1252.449557 -1342.313306 -1425.319160 -1499.163042 -1562.283996 -1614.165004 -1655.291295 -1686.869261 -1710.468680 -1727.716546 -1740.097643 -1748.859218 -1754.990429 -1759.244643 -1762.182005 -1764.225827 -1765.763757 -1767.424326 -1770.707204 -1777.352536 -1775.629579 -1609.375145 -2653.217618 -2424.231758 -2282.481846 -2221.475629 -2213.485685 -2212.672095 -2212.753358 -2212.961447 -2213.184695 -2213.399092 -2213.597549 -2213.781341 -2213.991713 -2214.632567 -2219.144232 -2250.191529 -2323.040130 -2393.190092 -1472.410230 -1736.792591 -1769.448483 -1769.722916 -1768.857450 -1768.608614 -1768.558938 -1768.550708 -1768.549846 -1768.550163 -1768.550593 -1768.550964 -1768.551263 -1768.551504 -1768.551702 -1768.551869 -1768.552013 -1768.552144 -1768.552267 -1768.552391 -1768.552526 -1768.552687 -1768.552892 -1768.553174 -1768.553581 -1768.554194 -1768.555147 -1768.556673 -1768.559188 -1768.563457 -1768.570941 -1768.584496 -1768.609858 -1768.658841 -1768.756740 -1768.960845 -1769.410366 -1770.470289 -1773.185560 -1780.911490 -1805.995953 -9999.0 -9999.0
-9999.0 -9999.0 621.671030 523.072257 424.134681 324.990782 225.753225 126.476019 27.186195 -72.099313 -171.374684 -270.631931 -369.852760 -469.001624 -568.019873 -666.829026 -765.513662 -864.204055 -962.722094 -1061.013213 -1158.181552 -1252.449557 -1342.313306 -1425.319160 -1499.163042 -1562.283996 -1614.165004 -1655.291295 -1686.869261 -1710.468680 -1727.716546 -1740.097643 -1748.859218 -1754.990429 -1759.244643 -1762.182005 -1764.225827 -1765.763757 -1767.424326 -1770.707204 -1777.352536 -1775.629579 -1609.375145 -2653.217617 -2424.231756 -2282.481842 -2221.475629 -2213.485685 -2212.672095 -2212.753358 -2212.961447 -2213.184695 -2213.399092 -2213.597549 -2213.781341 -2213.991713 -2214.632567 -2219.144232 -2250.191529 -2323.040130 -2393.190092 -1472.410230 -1736.792591 -1769.448482 -1769.722916 -1768.857450 -1768.608614 -1768.558938 -1768.550708 -1768.549846 -1768.550163 -1768.550593 -1768.550964 -1768.551263 -1768.551504 -1768.551702 -1768.551869 -1768.552013 -1768.552144 -1768.552267 -1768.552391 -1768.552526 -1768.552687 -1768.552892 -1768.553174 -1768.553581 -1768.554194 -1768.555147 -1768.556673 -1768.559188 -1768.563457 -1768.570941 -1768.584496 -1768.609858 -1768.658841 -1768.756740 -1768.960845 -1769.410366 -1770.470289 -1773.185560 -1780.911490 -1805.995953 -9999.0 -9999.0
-9999.0 -9999.0 621.672315 523.072928 424.134954 324.990883 225.753262 126.476032 27.186200 -72.099311 -171.374683 -270.631931 -369.852760 -469.001624 -568.019873 -666.829026 -765.513662 -864.204055 -962.722094 -1061.013213 -1158.181552 -1252.449557 -1342.313307 -1425.319160 -1499.163042 -1562.283996 -1614.165004 -1655.291295 -1686.869261 -1710.468680 -1727.716546 -1740.097643 -1748.859218 -1754.990429 -1759.244643 -1762.182005 -1764.225827 -1765.763757 -1767.424326 -1770.707204 -1777.352536 -1775.629579 -1609.375145 -2653.217617 -2424.231756 -2282.481841 -2221.475629 -2213.485685 -2212.672094 -2212.753358 -2212.961447 -2213.184695 -2213.399092 -2213.597549 -2213.781341 -2213.991713 -2214.632567 -2219.144232 -2250.191529 -2323.040130 -2393.190092 -1472.410230 -1736.792591 -1769.448482 -1769.722916 -1768.857450 -1768.608614 -1768.558938 -1768.550708 -1768.549846 -1768.550163 -1768.550593 -1768.550964 -1768.551263 -1768.551504 -1768.551702 -1768.551869 -1768.552013 -1768.552144 -1768.552267 -1768.552391 -1768.552526 -1768.552687 -1768.552892 -1768.553174 -1768.553581 -1768.554194 -1768.555147 -1768.556673 -1768.559188 -1768.563457 -1768.570941 -1768.584496 -1768.609858 -1768.658841 -1768.756740 -1768.960845 -1769.410366 -1770.470289 -1773.185560 -1780.911490 -1805.995953 -9999.0 -9999.0
-9999.0 -9999.0 621.672315 523.072928 424.134954 324.990884 225.753262 126.476032 27.186200 -72.099311 -171.374683 -270.631931 -369.852760 -469.001624 -568.019873 -666.829026 -765.513662 -864.204055 -962.722094 -1061.013213 -1158.181552 -1252.449557 -1342.313307 -1425.319160 -1499.163042 -1562.283996 -1614.165004 -1655.291295 -1686.869261 -1710.468680 -1727.716546 -1740.097643 -1748.859218 -1754.990429 -1759.244643 -1762.182005 -1764.225827 -1765.763757 -1767.424326 -1770.707204 -1777.352536 -1775.629579 -1609.375145 -2653.217617 -2424.231756 -2282.481841 -2221.475629 -2213.485685 -2212.672094 -2212.753358 -2212.961447 -2213.184695 -2213.399092 -2213.597549 -2213.781341 -2213.991713 -2214.632567 -2219.144232 -2250.191529 -2323.040130 -2393.190092 -1472.410230 -1736.792591 -1769.448482 -1769.722916 -1768.857450 -1768.608614 -1768.558938 -1768.550708 -1768.549846 -1768.550163 -1768.550593 -1768.550964 -1768.551263 -1768.551504 -1768.551702 -1768.551869 -1768.552013 -1768.552144 -1768.552267 -1768.552391 -1768.552526 -1768.552687 -1768.552892 -1768.553174 -1768.553581 -1768.554194 -1768.555147 -1768.556673 -1768.559188 -1768.563457 -1768.570941 -1768.584496 -1768.609858 -1768.658841 -1768.756740 -1768.960845 -1769.410366 -1770.470289 -1773.185560 -1780.911490 -1805.995953 -9999.0 -9999.0
-9999.0 -9999.0 621.671030 523.072257 424.134681 324.990782 225.753226 126.476019 27.186195 -72.099313 -171.374684 -270.631931 -369.852760 -469.001624 -568.019873 -666.829025 -765.513662 -864.204055 -962.722094 -1061.013213 -1158.181552 -1252.449557 -1342.313306 -1425.319160 -1499.163042 -1562.283996 -1614.165004 -1655.291295 -1686.869261 -1710.468680 -1727.716546 -1740.097643 -1748.859218 -1754.990429 -1759.244643 -1762.182005 -1764.225827 -1765.763757 -1767.424326 -1770.707204 -1777.352536 -1775.629579 -1609.375145 -2653.217617 -2424.231756 -2282.481842 -2221.475629 -2213.485685 -2212.672095 -2212.753358 -2212.961447 -2213.184695 -2213.399092 -2213.597549 -2213.781341 -2213.991713 -2214.632567 -2219.144232 -2250.191529 -2323.040130 -2393.190092 -1472.410230 -1736.792591 -1769.448482 -1769.722916 -1768.857450 -1768.608614 -1768.558938 -1768.550708 -1768.549846 -1768.550163 -1768.550593 -1768.550964 -1768.551263 -1768.551504 -1768.551702 -1768.551869 -1768.552013 -1768.552144 -1768.552267 -1768.552391 -1768.552526 -1768.552687 -1768.552892 -1768.553174 -1768.553581 -1768.554194 -1768.555147 -1768.556673 -1768.559188 -1768.563457 -1768.570941 -1768.584496 -1768.609858 -1768.658841 -1768.756740 -1768.960845 -1769.410366 -1770.470289 -1773.185560 -1780.911490 -1805.995953 -9999.0 -9999.0
-9999.0 -9999.0 621.666509 523.070846 424.134267 324.990654 225.753184 126.476005 27.186189 -72.099315 -171.374685 -270.631932 -369.852760 -469.001624 -568.019873 -666.829025 -765.513662 -864.204055 -962.722094 -1061.013212 -1158.181551 -1252.449557 -1342.313306 -1425.319160 -1499.163042 -1562.283996 -1614.165004 -1655.291295 -1686.869261 -1710.468680 -1727.716546 -1740.097643 -1748.859218 -1754.990429 -1759.244643 -1762.182005 -1764.225827 -1765.763757 -1767.424326 -1770.707204 -1777.352536 -1775.629579 -1609.375145 -2653.217618 -2424.231758 -2282.481846 -2221.475629 -2213.485685 -2212.672095 -2212.753358 -2212.961447 -2213.184695 -2213.399092 -2213.597549 -2213.781341 -2213.991713 -2214.632567 -2219.144232 -2250.191529 -2323.040130 -2393.190092 -1472.410230 -1736.792591 -1769.448483 -1769.722916 -1768.857450 -1768.608614 -1768.558938 -1768.550708 -1768.549846 -1768.550163 -1768.550593 -1768.550964 -1768.551263 -1768.551504 -1768.551702 -1768.551869 -1768.552013 -1768.552144 -1768.552267 -1768.552391 -1768.552526 -1768.552687 -1768.552892 -1768.553174 -1768.553581 -1768.554194 -1768.555147 -1768.556673 -1768.559188 -1768.563457 -1768.570941 -1768.584496 -1768.609858 -1768.658841 -1768.756740 -1768.960845 -1769.410366 -1770.470289 -1773.185560 -1780.911490 -1805.995953 -9999.0 -9999.0
-9999.0 -9999.0 -9999.0 -9999.0 -9999.0 -9999.0 -9999.0 -9999.0 -9999.0 -9999.0 -9999.0 -9999.0 -9999.0 -9999.0 -9999.0 -9999.0 -9999.0 -9999.0 -9999.0 -9999.0 -9999.0 -9999.0 -9999.0 -9999.0 -9999.0 -9999.0 -9999.0 -9999.0 -9999.0 -9999.0 -9999.0 -9999.0 -9999.0 -9999.0 -9999.0 -9999.0 -9999.0 -9999.0 -9999.0 -9999.0 -9999.0 -9999.0 -9999.0 -9999.0 -9999.0 -9999.0 -9999.0 -9999.0 -9999.0 -9999.0 -9999.0 -9999.0 -9999.0 -9999.0 -9999.0 -9999.0 -9999.0 -9999.0 -9999.0 -9999.0 -9999.0 -9999.0 -9999.0 -9999.0 -9999.0 -9999.0 -9999.0 -9999.0 -9999.0 -9999.0 -9999.0 -9999.0 -9999.0 -9999.0 -9999.0 -9999.0 -9999.0 -9999.0 -9999.0 -9999.0 -9999.0 -9999.0 -9999.0 -9999.0 -9999.0 -9999.0 -9999.0 -9999.0 -9999.0 -9999.0 -9999.0 -9999.0 -9999.0 -9999.0 -9999.0 -9999.0 -9999.0 -9999.0 -9999.0 -9999.0 -9999.0 -9999.0 -9999.0 -9999.0
-9999.0 -9999.0 -9999.0 -9999.0 -9999.0 -9999.0 -9999.0 -9999.0 -9999.0 -9999.0 -9999.0 -9999.0 -9999.0 -9999.0 -9999.0 -9999.0 -9999.0 -9999.0 -9999.0 -9999.0 -9999.0 -9999.0 -9999.0 -9999.0 -9999.0 -9999.0 -9999.0 -9999.0 -9999.0 -9999.0 -9999.0 -9999.0 -9999.0 -9999.0 -9999.0 -9999.0 -9999.0 -9999.0 -9999.0 -9999.0 -9999.0 -9999.0 -9999.0 -9999.0 -9999.0 -9999.0 -9999.0 -9999.0 -9999.0 -9999.0 -9999.0 -9999.0 -9999.0 -9999.0 -9999.0 -9999.0 -9999.0 -9999.0 -9999.0 -9999.0 -9999.0 -9999.0 -9999.0 -9999.0 -9999.0 -9999.0 -9999.0 -9999.0 -9999.0 -9999.0 -9999.0 -9999.0 -9999.0 -9999.0 -9999.0 -9999.0 -9999.0 -9999.0 -9999.0 -9999.0 -9999.0 -9999.0 -9999.0 -9999.0 -9999.0 -9999.0 -9999.0 -9999.0 -9999.0 -9999.0 -9999.0 -9999.0 -9999.0 -9999.0 -9999.0 -9999.0 -9999.0 -9999.0 -9999.0 -9999.0 -9999.0 -9999.0 -9999.0 -9999.0