inst/processing_geotop_simulation/geotop_simulation/out/maps3D/PwL0014N0164.asc
ncols         104
nrows         10
xllcorner     -2.000000
yllcorner     0.000000
cellsize      1.000000
NODATA_value  -9999.0
-9999.0 -9999.0 -9999.0 -9999.0 -9999.0 -9999.0 -9999.0 -9999.0 -9999.0 -9999.0 -9999.0 -9999.0 -9999.0 -9999.0 -9999.0 -9999.0 -9999.0 -9999.0 -9999.0 -9999.0 -9999.0 -9999.0 -9999.0 -9999.0 -9999.0 -9999.0 -9999.0 -9999.0 -9999.0 -9999.0 -9999.0 -9999.0 -9999.0 -9999.0 -9999.0 -9999.0 -9999.0 -9999.0 -9999.0 -9999.0 -9999.0 -9999.0 -9999.0 -9999.0 -9999.0 -9999.0 -9999.0 -9999.0 -9999.0 -9999.0 -9999.0 -9999.0 -9999.0 -9999.0 -9999.0 -9999.0 -9999.0 -9999.0 -9999.0 -9999.0 -9999.0 -9999.0 -9999.0 -9999.0 -9999.0 -9999.0 -9999.0 -9999.0 -9999.0 -9999.0 -9999.0 -9999.0 -9999.0 -9999.0 -9999.0 -9999.0 -9999.0 -9999.0 -9999.0 -9999.0 -9999.0 -9999.0 -9999.0 -9999.0 -9999.0 -9999.0 -9999.0 -9999.0 -9999.0 -9999.0 -9999.0 -9999.0 -9999.0 -9999.0 -9999.0 -9999.0 -9999.0 -9999.0 -9999.0 -9999.0 -9999.0 -9999.0 -9999.0 -9999.0
-9999.0 -9999.0 -9999.0 -9999.0 -9999.0 -9999.0 -9999.0 -9999.0 -9999.0 -9999.0 -9999.0 -9999.0 -9999.0 -9999.0 -9999.0 -9999.0 -9999.0 -9999.0 -9999.0 -9999.0 -9999.0 -9999.0 -9999.0 -9999.0 -9999.0 -9999.0 -9999.0 -9999.0 -9999.0 -9999.0 -9999.0 -9999.0 -9999.0 -9999.0 -9999.0 -9999.0 -9999.0 -9999.0 -9999.0 -9999.0 -9999.0 -9999.0 -9999.0 -9999.0 -9999.0 -9999.0 -9999.0 -9999.0 -9999.0 -9999.0 -9999.0 -9999.0 -9999.0 -9999.0 -9999.0 -9999.0 -9999.0 -9999.0 -9999.0 -9999.0 -9999.0 -9999.0 -9999.0 -9999.0 -9999.0 -9999.0 -9999.0 -9999.0 -9999.0 -9999.0 -9999.0 -9999.0 -9999.0 -9999.0 -9999.0 -9999.0 -9999.0 -9999.0 -9999.0 -9999.0 -9999.0 -9999.0 -9999.0 -9999.0 -9999.0 -9999.0 -9999.0 -9999.0 -9999.0 -9999.0 -9999.0 -9999.0 -9999.0 -9999.0 -9999.0 -9999.0 -9999.0 -9999.0 -9999.0 -9999.0 -9999.0 -9999.0 -9999.0 -9999.0
-9999.0 -9999.0 682.805470 589.355989 494.500953 398.699199 302.453566 206.015191 109.509834 13.006227 -83.444994 -179.820714 -276.036210 -371.933405 -467.271411 -561.711534 -654.777447 -748.592003 -841.676632 -933.487672 -1023.666658 -1101.826614 -1168.021707 -1220.899916 -1260.970987 -1290.038738 -1310.415982 -1324.326688 -1333.622253 -1339.723468 -1343.668617 -1346.189114 -1347.785029 -1348.789624 -1349.420343 -1349.818816 -1350.084150 -1350.316040 -1350.788839 -1353.008768 -1364.968521 -1434.143984 -2050.254849 -4258.466522 -4282.174421 -4282.171317 -4282.167434 -4282.166816 -4282.166752 -4282.166758 -4282.166774 -4282.166792 -4282.166808 -4282.166823 -4282.166837 -4282.166853 -4282.166900 -4282.167237 -4282.169470 -4282.170885 -4243.782687 -1928.483584 -1402.135188 -1359.097635 -1351.928321 -1350.819279 -1350.658672 -1350.634845 -1350.631917 -1350.632471 -1350.633474 -1350.634358 -1350.635049 -1350.635576 -1350.635980 -1350.636293 -1350.636541 -1350.636742 -1350.636910 -1350.637059 -1350.637204 -1350.637365 -1350.637568 -1350.637848 -1350.638261 -1350.638897 -1350.639896 -1350.641494 -1350.644088 -1350.648376 -1350.655615 -1350.668157 -1350.690533 -1350.731670 -1350.809436 -1350.960191 -1351.260259 -1351.879902 -1353.232091 -1356.398788 -1364.456074 -1388.101636 -9999.0 -9999.0
-9999.0 -9999.0 682.810562 589.357640 494.501447 398.699353 302.453616 206.015208 109.509840 13.006229 -83.444994 -179.820714 -276.036210 -371.933405 -467.271411 -561.711534 -654.777448 -748.592003 -841.676633 -933.487672 -1023.666658 -1101.826615 -1168.021707 -1220.899916 -1260.970988 -1290.038738 -1310.415982 -1324.326688 -1333.622253 -1339.723468 -1343.668617 -1346.189114 -1347.785029 -1348.789624 -1349.420343 -1349.818816 -1350.084150 -1350.316040 -1350.788839 -1353.008768 -1364.968521 -1434.143984 -2050.254848 -4258.466522 -4282.174421 -4282.171317 -4282.167434 -4282.166816 -4282.166752 -4282.166758 -4282.166774 -4282.166792 -4282.166808 -4282.166823 -4282.166837 -4282.166853 -4282.166900 -4282.167237 -4282.169470 -4282.170885 -4243.782687 -1928.483584 -1402.135188 -1359.097635 -1351.928321 -1350.819279 -1350.658672 -1350.634845 -1350.631917 -1350.632471 -1350.633474 -1350.634358 -1350.635049 -1350.635576 -1350.635980 -1350.636293 -1350.636541 -1350.636742 -1350.636910 -1350.637059 -1350.637204 -1350.637365 -1350.637568 -1350.637848 -1350.638261 -1350.638897 -1350.639896 -1350.641494 -1350.644088 -1350.648376 -1350.655615 -1350.668157 -1350.690533 -1350.731670 -1350.809436 -1350.960191 -1351.260259 -1351.879902 -1353.232091 -1356.398788 -1364.456074 -1388.101636 -9999.0 -9999.0
-9999.0 -9999.0 682.812089 589.358440 494.501775 398.699475 302.453660 206.015224 109.509845 13.006232 -83.444993 -179.820714 -276.036210 -371.933405 -467.271412 -561.711534 -654.777448 -748.592003 -841.676633 -933.487672 -1023.666659 -1101.826615 -1168.021707 -1220.899916 -1260.970988 -1290.038738 -1310.415983 -1324.326688 -1333.622253 -1339.723468 -1343.668617 -1346.189114 -1347.785029 -1348.789624 -1349.420343 -1349.818816 -1350.084150 -1350.316040 -1350.788839 -1353.008768 -1364.968521 -1434.143984 -2050.254848 -4258.466522 -4282.174421 -4282.171317 -4282.167434 -4282.166816 -4282.166752 -4282.166758 -4282.166774 -4282.166792 -4282.166808 -4282.166823 -4282.166837 -4282.166853 -4282.166900 -4282.167237 -4282.169470 -4282.170885 -4243.782687 -1928.483584 -1402.135188 -1359.097635 -1351.928321 -1350.819279 -1350.658672 -1350.634845 -1350.631917 -1350.632471 -1350.633474 -1350.634358 -1350.635049 -1350.635576 -1350.635980 -1350.636293 -1350.636541 -1350.636742 -1350.636910 -1350.637059 -1350.637204 -1350.637365 -1350.637568 -1350.637848 -1350.638261 -1350.638897 -1350.639896 -1350.641494 -1350.644088 -1350.648376 -1350.655615 -1350.668157 -1350.690533 -1350.731670 -1350.809436 -1350.960191 -1351.260259 -1351.879902 -1353.232091 -1356.398788 -1364.456074 -1388.101636 -9999.0 -9999.0
-9999.0 -9999.0 682.812089 589.358440 494.501775 398.699475 302.453660 206.015224 109.509845 13.006232 -83.444993 -179.820714 -276.036210 -371.933405 -467.271411 -561.711534 -654.777448 -748.592003 -841.676633 -933.487672 -1023.666659 -1101.826615 -1168.021707 -1220.899916 -1260.970988 -1290.038738 -1310.415983 -1324.326688 -1333.622253 -1339.723468 -1343.668617 -1346.189114 -1347.785029 -1348.789624 -1349.420343 -1349.818816 -1350.084150 -1350.316040 -1350.788839 -1353.008768 -1364.968521 -1434.143984 -2050.254848 -4258.466522 -4282.174421 -4282.171317 -4282.167434 -4282.166816 -4282.166752 -4282.166758 -4282.166774 -4282.166792 -4282.166808 -4282.166823 -4282.166837 -4282.166853 -4282.166900 -4282.167237 -4282.169470 -4282.170885 -4243.782687 -1928.483584 -1402.135188 -1359.097635 -1351.928321 -1350.819279 -1350.658672 -1350.634845 -1350.631917 -1350.632471 -1350.633474 -1350.634358 -1350.635049 -1350.635576 -1350.635980 -1350.636293 -1350.636541 -1350.636742 -1350.636910 -1350.637059 -1350.637204 -1350.637365 -1350.637568 -1350.637848 -1350.638261 -1350.638897 -1350.639896 -1350.641494 -1350.644088 -1350.648376 -1350.655615 -1350.668157 -1350.690533 -1350.731670 -1350.809436 -1350.960191 -1351.260259 -1351.879902 -1353.232091 -1356.398788 -1364.456074 -1388.101636 -9999.0 -9999.0
-9999.0 -9999.0 682.810562 589.357640 494.501447 398.699353 302.453616 206.015208 109.509840 13.006229 -83.444994 -179.820714 -276.036210 -371.933405 -467.271411 -561.711534 -654.777448 -748.592003 -841.676633 -933.487672 -1023.666658 -1101.826615 -1168.021707 -1220.899916 -1260.970988 -1290.038738 -1310.415982 -1324.326688 -1333.622253 -1339.723468 -1343.668617 -1346.189114 -1347.785029 -1348.789624 -1349.420343 -1349.818816 -1350.084150 -1350.316040 -1350.788839 -1353.008768 -1364.968521 -1434.143984 -2050.254848 -4258.466522 -4282.174421 -4282.171317 -4282.167434 -4282.166816 -4282.166752 -4282.166758 -4282.166774 -4282.166792 -4282.166808 -4282.166823 -4282.166837 -4282.166853 -4282.166900 -4282.167237 -4282.169470 -4282.170885 -4243.782687 -1928.483584 -1402.135188 -1359.097635 -1351.928321 -1350.819279 -1350.658672 -1350.634845 -1350.631917 -1350.632471 -1350.633474 -1350.634358 -1350.635049 -1350.635576 -1350.635980 -1350.636293 -1350.636541 -1350.636742 -1350.636910 -1350.637059 -1350.637204 -1350.637365 -1350.637568 -1350.637848 -1350.638261 -1350.638897 -1350.639896 -1350.641494 -1350.644088 -1350.648376 -1350.655615 -1350.668157 -1350.690533 -1350.731670 -1350.809436 -1350.960191 -1351.260259 -1351.879902 -1353.232091 -1356.398788 -1364.456074 -1388.101636 -9999.0 -9999.0
-9999.0 -9999.0 682.805470 589.355989 494.500953 398.699199 302.453566 206.015191 109.509834 13.006227 -83.444995 -179.820714 -276.036210 -371.933405 -467.271411 -561.711534 -654.777447 -748.592003 -841.676632 -933.487672 -1023.666658 -1101.826614 -1168.021707 -1220.899916 -1260.970987 -1290.038738 -1310.415982 -1324.326688 -1333.622253 -1339.723468 -1343.668617 -1346.189114 -1347.785029 -1348.789624 -1349.420343 -1349.818816 -1350.084150 -1350.316040 -1350.788839 -1353.008768 -1364.968521 -1434.143984 -2050.254849 -4258.466522 -4282.174421 -4282.171317 -4282.167434 -4282.166816 -4282.166752 -4282.166758 -4282.166774 -4282.166792 -4282.166808 -4282.166823 -4282.166837 -4282.166853 -4282.166900 -4282.167237 -4282.169470 -4282.170885 -4243.782687 -1928.483584 -1402.135188 -1359.097635 -1351.928321 -1350.819279 -1350.658672 -1350.634845 -1350.631917 -1350.632471 -1350.633474 -1350.634358 -1350.635049 -1350.635576 -1350.635980 -1350.636293 -1350.636541 -1350.636742 -1350.636910 -1350.637059 -1350.637204 -1350.637365 -1350.637568 -1350.637848 -1350.638261 -1350.638897 -1350.639896 -1350.641494 -1350.644088 -1350.648376 -1350.655615 -1350.668157 -1350.690533 -1350.731670 -1350.809436 -1350.960191 -1351.260259 -1351.879902 -1353.232091 -1356.398788 -1364.456074 -1388.101636 -9999.0 -9999.0
-9999.0 -9999.0 -9999.0 -9999.0 -9999.0 -9999.0 -9999.0 -9999.0 -9999.0 -9999.0 -9999.0 -9999.0 -9999.0 -9999.0 -9999.0 -9999.0 -9999.0 -9999.0 -9999.0 -9999.0 -9999.0 -9999.0 -9999.0 -9999.0 -9999.0 -9999.0 -9999.0 -9999.0 -9999.0 -9999.0 -9999.0 -9999.0 -9999.0 -9999.0 -9999.0 -9999.0 -9999.0 -9999.0 -9999.0 -9999.0 -9999.0 -9999.0 -9999.0 -9999.0 -9999.0 -9999.0 -9999.0 -9999.0 -9999.0 -9999.0 -9999.0 -9999.0 -9999.0 -9999.0 -9999.0 -9999.0 -9999.0 -9999.0 -9999.0 -9999.0 -9999.0 -9999.0 -9999.0 -9999.0 -9999.0 -9999.0 -9999.0 -9999.0 -9999.0 -9999.0 -9999.0 -9999.0 -9999.0 -9999.0 -9999.0 -9999.0 -9999.0 -9999.0 -9999.0 -9999.0 -9999.0 -9999.0 -9999.0 -9999.0 -9999.0 -9999.0 -9999.0 -9999.0 -9999.0 -9999.0 -9999.0 -9999.0 -9999.0 -9999.0 -9999.0 -9999.0 -9999.0 -9999.0 -9999.0 -9999.0 -9999.0 -9999.0 -9999.0 -9999.0
-9999.0 -9999.0 -9999.0 -9999.0 -9999.0 -9999.0 -9999.0 -9999.0 -9999.0 -9999.0 -9999.0 -9999.0 -9999.0 -9999.0 -9999.0 -9999.0 -9999.0 -9999.0 -9999.0 -9999.0 -9999.0 -9999.0 -9999.0 -9999.0 -9999.0 -9999.0 -9999.0 -9999.0 -9999.0 -9999.0 -9999.0 -9999.0 -9999.0 -9999.0 -9999.0 -9999.0 -9999.0 -9999.0 -9999.0 -9999.0 -9999.0 -9999.0 -9999.0 -9999.0 -9999.0 -9999.0 -9999.0 -9999.0 -9999.0 -9999.0 -9999.0 -9999.0 -9999.0 -9999.0 -9999.0 -9999.0 -9999.0 -9999.0 -9999.0 -9999.0 -9999.0 -9999.0 -9999.0 -9999.0 -9999.0 -9999.0 -9999.0 -9999.0 -9999.0 -9999.0 -9999.0 -9999.0 -9999.0 -9999.0 -9999.0 -9999.0 -9999.0 -9999.0 -9999.0 -9999.0 -9999.0 -9999.0 -9999.0 -9999.0 -9999.0 -9999.0 -9999.0 -9999.0 -9999.0 -9999.0 -9999.0 -9999.0 -9999.0 -9999.0 -9999.0 -9999.0 -9999.0 -9999.0 -9999.0 -9999.0 -9999.0 -9999.0 -9999.0 -9999.0