inst/processing_geotop_simulation/geotop_simulation/out/maps3D/PwL0003N0404.asc
ncols         104
nrows         10
xllcorner     -2.000000
yllcorner     0.000000
cellsize      1.000000
NODATA_value  -9999.0
-9999.0 -9999.0 -9999.0 -9999.0 -9999.0 -9999.0 -9999.0 -9999.0 -9999.0 -9999.0 -9999.0 -9999.0 -9999.0 -9999.0 -9999.0 -9999.0 -9999.0 -9999.0 -9999.0 -9999.0 -9999.0 -9999.0 -9999.0 -9999.0 -9999.0 -9999.0 -9999.0 -9999.0 -9999.0 -9999.0 -9999.0 -9999.0 -9999.0 -9999.0 -9999.0 -9999.0 -9999.0 -9999.0 -9999.0 -9999.0 -9999.0 -9999.0 -9999.0 -9999.0 -9999.0 -9999.0 -9999.0 -9999.0 -9999.0 -9999.0 -9999.0 -9999.0 -9999.0 -9999.0 -9999.0 -9999.0 -9999.0 -9999.0 -9999.0 -9999.0 -9999.0 -9999.0 -9999.0 -9999.0 -9999.0 -9999.0 -9999.0 -9999.0 -9999.0 -9999.0 -9999.0 -9999.0 -9999.0 -9999.0 -9999.0 -9999.0 -9999.0 -9999.0 -9999.0 -9999.0 -9999.0 -9999.0 -9999.0 -9999.0 -9999.0 -9999.0 -9999.0 -9999.0 -9999.0 -9999.0 -9999.0 -9999.0 -9999.0 -9999.0 -9999.0 -9999.0 -9999.0 -9999.0 -9999.0 -9999.0 -9999.0 -9999.0 -9999.0 -9999.0
-9999.0 -9999.0 -9999.0 -9999.0 -9999.0 -9999.0 -9999.0 -9999.0 -9999.0 -9999.0 -9999.0 -9999.0 -9999.0 -9999.0 -9999.0 -9999.0 -9999.0 -9999.0 -9999.0 -9999.0 -9999.0 -9999.0 -9999.0 -9999.0 -9999.0 -9999.0 -9999.0 -9999.0 -9999.0 -9999.0 -9999.0 -9999.0 -9999.0 -9999.0 -9999.0 -9999.0 -9999.0 -9999.0 -9999.0 -9999.0 -9999.0 -9999.0 -9999.0 -9999.0 -9999.0 -9999.0 -9999.0 -9999.0 -9999.0 -9999.0 -9999.0 -9999.0 -9999.0 -9999.0 -9999.0 -9999.0 -9999.0 -9999.0 -9999.0 -9999.0 -9999.0 -9999.0 -9999.0 -9999.0 -9999.0 -9999.0 -9999.0 -9999.0 -9999.0 -9999.0 -9999.0 -9999.0 -9999.0 -9999.0 -9999.0 -9999.0 -9999.0 -9999.0 -9999.0 -9999.0 -9999.0 -9999.0 -9999.0 -9999.0 -9999.0 -9999.0 -9999.0 -9999.0 -9999.0 -9999.0 -9999.0 -9999.0 -9999.0 -9999.0 -9999.0 -9999.0 -9999.0 -9999.0 -9999.0 -9999.0 -9999.0 -9999.0 -9999.0 -9999.0
-9999.0 -9999.0 125.363954 27.615328 -71.245513 -170.398711 -269.660609 -368.962837 -468.269794 -567.557284 -666.784600 -765.903281 -864.922823 -963.796110 -1062.609682 -1161.408725 -1259.853636 -1357.755747 -1454.710828 -1549.940216 -1641.964138 -1728.242331 -1805.554768 -1871.272221 -1924.374597 -1965.486641 -1996.265012 -2018.725238 -2034.797762 -2046.124702 -2054.010599 -2059.447389 -2063.166526 -2065.695193 -2067.407178 -2068.566735 -2069.372162 -2070.032944 -2070.994176 -2073.296803 -2074.505823 -2011.716190 -1230.907942 -1231.818106 -1220.773765 -1213.448838 -1210.003942 -1209.462501 -1209.403319 -1209.408334 -1209.422586 -1209.437975 -1209.452775 -1209.466488 -1209.479269 -1209.494598 -1209.544548 -1209.873210 -1211.723598 -1215.799315 -1221.112910 -1212.208734 -1986.891703 -2068.569778 -2071.874133 -2071.261067 -2071.050148 -2071.007813 -2071.000933 -2071.000294 -2071.000636 -2071.001056 -2071.001406 -2071.001681 -2071.001895 -2071.002064 -2071.002201 -2071.002314 -2071.002411 -2071.002500 -2071.002589 -2071.002688 -2071.002811 -2071.002978 -2071.003220 -2071.003587 -2071.004160 -2071.005073 -2071.006561 -2071.009036 -2071.013262 -2071.020687 -2071.034137 -2071.059252 -2071.107544 -2071.203296 -2071.400481 -2071.827995 -2072.820871 -2075.343415 -2082.566201 -2106.642388 -9999.0 -9999.0
-9999.0 -9999.0 125.373578 27.617174 -71.245049 -170.398576 -269.660566 -368.962823 -468.269789 -567.557282 -666.784600 -765.903281 -864.922823 -963.796110 -1062.609682 -1161.408725 -1259.853636 -1357.755748 -1454.710828 -1549.940216 -1641.964138 -1728.242332 -1805.554768 -1871.272221 -1924.374598 -1965.486641 -1996.265012 -2018.725238 -2034.797762 -2046.124702 -2054.010599 -2059.447389 -2063.166526 -2065.695193 -2067.407178 -2068.566735 -2069.372162 -2070.032944 -2070.994176 -2073.296803 -2074.505823 -2011.716190 -1230.907942 -1231.818106 -1220.773764 -1213.448838 -1210.003942 -1209.462501 -1209.403319 -1209.408334 -1209.422586 -1209.437975 -1209.452775 -1209.466488 -1209.479269 -1209.494598 -1209.544548 -1209.873210 -1211.723598 -1215.799315 -1221.112910 -1212.208734 -1986.891703 -2068.569778 -2071.874133 -2071.261067 -2071.050148 -2071.007813 -2071.000933 -2071.000294 -2071.000636 -2071.001056 -2071.001406 -2071.001681 -2071.001895 -2071.002064 -2071.002201 -2071.002314 -2071.002411 -2071.002500 -2071.002589 -2071.002688 -2071.002811 -2071.002978 -2071.003220 -2071.003587 -2071.004160 -2071.005073 -2071.006561 -2071.009036 -2071.013262 -2071.020687 -2071.034137 -2071.059252 -2071.107544 -2071.203296 -2071.400481 -2071.827995 -2072.820871 -2075.343415 -2082.566201 -2106.642388 -9999.0 -9999.0
-9999.0 -9999.0 125.374779 27.617919 -71.244756 -170.398470 -269.660528 -368.962809 -468.269784 -567.557280 -666.784599 -765.903280 -864.922823 -963.796110 -1062.609682 -1161.408725 -1259.853636 -1357.755748 -1454.710828 -1549.940216 -1641.964138 -1728.242332 -1805.554768 -1871.272221 -1924.374598 -1965.486641 -1996.265012 -2018.725238 -2034.797762 -2046.124702 -2054.010599 -2059.447389 -2063.166526 -2065.695193 -2067.407178 -2068.566735 -2069.372162 -2070.032944 -2070.994176 -2073.296803 -2074.505823 -2011.716190 -1230.907942 -1231.818106 -1220.773764 -1213.448838 -1210.003942 -1209.462501 -1209.403319 -1209.408334 -1209.422586 -1209.437975 -1209.452775 -1209.466488 -1209.479269 -1209.494598 -1209.544548 -1209.873210 -1211.723598 -1215.799315 -1221.112910 -1212.208734 -1986.891703 -2068.569778 -2071.874133 -2071.261067 -2071.050148 -2071.007813 -2071.000933 -2071.000294 -2071.000636 -2071.001056 -2071.001406 -2071.001681 -2071.001895 -2071.002064 -2071.002201 -2071.002314 -2071.002411 -2071.002500 -2071.002589 -2071.002688 -2071.002811 -2071.002978 -2071.003220 -2071.003587 -2071.004160 -2071.005073 -2071.006561 -2071.009036 -2071.013262 -2071.020687 -2071.034137 -2071.059252 -2071.107544 -2071.203296 -2071.400481 -2071.827995 -2072.820871 -2075.343415 -2082.566201 -2106.642388 -9999.0 -9999.0
-9999.0 -9999.0 125.374779 27.617919 -71.244756 -170.398470 -269.660528 -368.962809 -468.269784 -567.557280 -666.784599 -765.903280 -864.922823 -963.796110 -1062.609682 -1161.408725 -1259.853636 -1357.755748 -1454.710828 -1549.940216 -1641.964138 -1728.242332 -1805.554768 -1871.272221 -1924.374598 -1965.486641 -1996.265012 -2018.725238 -2034.797762 -2046.124702 -2054.010599 -2059.447389 -2063.166526 -2065.695193 -2067.407178 -2068.566735 -2069.372162 -2070.032944 -2070.994176 -2073.296803 -2074.505823 -2011.716190 -1230.907942 -1231.818106 -1220.773764 -1213.448838 -1210.003942 -1209.462501 -1209.403319 -1209.408334 -1209.422586 -1209.437975 -1209.452775 -1209.466488 -1209.479269 -1209.494598 -1209.544548 -1209.873210 -1211.723598 -1215.799315 -1221.112910 -1212.208734 -1986.891703 -2068.569778 -2071.874133 -2071.261067 -2071.050148 -2071.007813 -2071.000933 -2071.000294 -2071.000636 -2071.001056 -2071.001406 -2071.001681 -2071.001895 -2071.002064 -2071.002201 -2071.002314 -2071.002411 -2071.002500 -2071.002589 -2071.002688 -2071.002811 -2071.002978 -2071.003220 -2071.003587 -2071.004160 -2071.005073 -2071.006561 -2071.009036 -2071.013262 -2071.020687 -2071.034137 -2071.059252 -2071.107544 -2071.203296 -2071.400481 -2071.827995 -2072.820871 -2075.343415 -2082.566201 -2106.642388 -9999.0 -9999.0
-9999.0 -9999.0 125.373578 27.617174 -71.245049 -170.398576 -269.660566 -368.962823 -468.269789 -567.557282 -666.784600 -765.903281 -864.922823 -963.796110 -1062.609682 -1161.408725 -1259.853636 -1357.755748 -1454.710828 -1549.940216 -1641.964138 -1728.242332 -1805.554768 -1871.272221 -1924.374598 -1965.486641 -1996.265012 -2018.725238 -2034.797762 -2046.124702 -2054.010599 -2059.447389 -2063.166526 -2065.695193 -2067.407178 -2068.566735 -2069.372162 -2070.032944 -2070.994176 -2073.296803 -2074.505823 -2011.716190 -1230.907942 -1231.818106 -1220.773764 -1213.448838 -1210.003942 -1209.462501 -1209.403319 -1209.408334 -1209.422586 -1209.437975 -1209.452775 -1209.466488 -1209.479269 -1209.494598 -1209.544548 -1209.873210 -1211.723598 -1215.799315 -1221.112910 -1212.208734 -1986.891703 -2068.569778 -2071.874133 -2071.261067 -2071.050148 -2071.007813 -2071.000933 -2071.000294 -2071.000636 -2071.001056 -2071.001406 -2071.001681 -2071.001895 -2071.002064 -2071.002201 -2071.002314 -2071.002411 -2071.002500 -2071.002589 -2071.002688 -2071.002811 -2071.002978 -2071.003220 -2071.003587 -2071.004160 -2071.005073 -2071.006561 -2071.009036 -2071.013262 -2071.020687 -2071.034137 -2071.059252 -2071.107544 -2071.203296 -2071.400481 -2071.827995 -2072.820871 -2075.343415 -2082.566201 -2106.642388 -9999.0 -9999.0
-9999.0 -9999.0 125.363954 27.615328 -71.245513 -170.398711 -269.660609 -368.962837 -468.269794 -567.557284 -666.784600 -765.903281 -864.922823 -963.796110 -1062.609682 -1161.408725 -1259.853636 -1357.755747 -1454.710828 -1549.940216 -1641.964138 -1728.242331 -1805.554768 -1871.272221 -1924.374597 -1965.486641 -1996.265012 -2018.725238 -2034.797762 -2046.124702 -2054.010599 -2059.447389 -2063.166526 -2065.695193 -2067.407178 -2068.566735 -2069.372162 -2070.032944 -2070.994176 -2073.296803 -2074.505823 -2011.716190 -1230.907942 -1231.818106 -1220.773765 -1213.448838 -1210.003942 -1209.462501 -1209.403319 -1209.408334 -1209.422586 -1209.437975 -1209.452775 -1209.466488 -1209.479269 -1209.494598 -1209.544548 -1209.873210 -1211.723598 -1215.799315 -1221.112910 -1212.208734 -1986.891703 -2068.569778 -2071.874133 -2071.261067 -2071.050148 -2071.007813 -2071.000933 -2071.000294 -2071.000636 -2071.001056 -2071.001406 -2071.001681 -2071.001895 -2071.002064 -2071.002201 -2071.002314 -2071.002411 -2071.002500 -2071.002589 -2071.002688 -2071.002811 -2071.002978 -2071.003220 -2071.003587 -2071.004160 -2071.005073 -2071.006561 -2071.009036 -2071.013262 -2071.020687 -2071.034137 -2071.059252 -2071.107544 -2071.203296 -2071.400481 -2071.827995 -2072.820871 -2075.343415 -2082.566201 -2106.642388 -9999.0 -9999.0
-9999.0 -9999.0 -9999.0 -9999.0 -9999.0 -9999.0 -9999.0 -9999.0 -9999.0 -9999.0 -9999.0 -9999.0 -9999.0 -9999.0 -9999.0 -9999.0 -9999.0 -9999.0 -9999.0 -9999.0 -9999.0 -9999.0 -9999.0 -9999.0 -9999.0 -9999.0 -9999.0 -9999.0 -9999.0 -9999.0 -9999.0 -9999.0 -9999.0 -9999.0 -9999.0 -9999.0 -9999.0 -9999.0 -9999.0 -9999.0 -9999.0 -9999.0 -9999.0 -9999.0 -9999.0 -9999.0 -9999.0 -9999.0 -9999.0 -9999.0 -9999.0 -9999.0 -9999.0 -9999.0 -9999.0 -9999.0 -9999.0 -9999.0 -9999.0 -9999.0 -9999.0 -9999.0 -9999.0 -9999.0 -9999.0 -9999.0 -9999.0 -9999.0 -9999.0 -9999.0 -9999.0 -9999.0 -9999.0 -9999.0 -9999.0 -9999.0 -9999.0 -9999.0 -9999.0 -9999.0 -9999.0 -9999.0 -9999.0 -9999.0 -9999.0 -9999.0 -9999.0 -9999.0 -9999.0 -9999.0 -9999.0 -9999.0 -9999.0 -9999.0 -9999.0 -9999.0 -9999.0 -9999.0 -9999.0 -9999.0 -9999.0 -9999.0 -9999.0 -9999.0
-9999.0 -9999.0 -9999.0 -9999.0 -9999.0 -9999.0 -9999.0 -9999.0 -9999.0 -9999.0 -9999.0 -9999.0 -9999.0 -9999.0 -9999.0 -9999.0 -9999.0 -9999.0 -9999.0 -9999.0 -9999.0 -9999.0 -9999.0 -9999.0 -9999.0 -9999.0 -9999.0 -9999.0 -9999.0 -9999.0 -9999.0 -9999.0 -9999.0 -9999.0 -9999.0 -9999.0 -9999.0 -9999.0 -9999.0 -9999.0 -9999.0 -9999.0 -9999.0 -9999.0 -9999.0 -9999.0 -9999.0 -9999.0 -9999.0 -9999.0 -9999.0 -9999.0 -9999.0 -9999.0 -9999.0 -9999.0 -9999.0 -9999.0 -9999.0 -9999.0 -9999.0 -9999.0 -9999.0 -9999.0 -9999.0 -9999.0 -9999.0 -9999.0 -9999.0 -9999.0 -9999.0 -9999.0 -9999.0 -9999.0 -9999.0 -9999.0 -9999.0 -9999.0 -9999.0 -9999.0 -9999.0 -9999.0 -9999.0 -9999.0 -9999.0 -9999.0 -9999.0 -9999.0 -9999.0 -9999.0 -9999.0 -9999.0 -9999.0 -9999.0 -9999.0 -9999.0 -9999.0 -9999.0 -9999.0 -9999.0 -9999.0 -9999.0 -9999.0 -9999.0