inst/processing_geotop_simulation/geotop_simulation/out/maps3D/PwL0019N0179.asc
ncols         104
nrows         10
xllcorner     -2.000000
yllcorner     0.000000
cellsize      1.000000
NODATA_value  -9999.0
-9999.0 -9999.0 -9999.0 -9999.0 -9999.0 -9999.0 -9999.0 -9999.0 -9999.0 -9999.0 -9999.0 -9999.0 -9999.0 -9999.0 -9999.0 -9999.0 -9999.0 -9999.0 -9999.0 -9999.0 -9999.0 -9999.0 -9999.0 -9999.0 -9999.0 -9999.0 -9999.0 -9999.0 -9999.0 -9999.0 -9999.0 -9999.0 -9999.0 -9999.0 -9999.0 -9999.0 -9999.0 -9999.0 -9999.0 -9999.0 -9999.0 -9999.0 -9999.0 -9999.0 -9999.0 -9999.0 -9999.0 -9999.0 -9999.0 -9999.0 -9999.0 -9999.0 -9999.0 -9999.0 -9999.0 -9999.0 -9999.0 -9999.0 -9999.0 -9999.0 -9999.0 -9999.0 -9999.0 -9999.0 -9999.0 -9999.0 -9999.0 -9999.0 -9999.0 -9999.0 -9999.0 -9999.0 -9999.0 -9999.0 -9999.0 -9999.0 -9999.0 -9999.0 -9999.0 -9999.0 -9999.0 -9999.0 -9999.0 -9999.0 -9999.0 -9999.0 -9999.0 -9999.0 -9999.0 -9999.0 -9999.0 -9999.0 -9999.0 -9999.0 -9999.0 -9999.0 -9999.0 -9999.0 -9999.0 -9999.0 -9999.0 -9999.0 -9999.0 -9999.0
-9999.0 -9999.0 -9999.0 -9999.0 -9999.0 -9999.0 -9999.0 -9999.0 -9999.0 -9999.0 -9999.0 -9999.0 -9999.0 -9999.0 -9999.0 -9999.0 -9999.0 -9999.0 -9999.0 -9999.0 -9999.0 -9999.0 -9999.0 -9999.0 -9999.0 -9999.0 -9999.0 -9999.0 -9999.0 -9999.0 -9999.0 -9999.0 -9999.0 -9999.0 -9999.0 -9999.0 -9999.0 -9999.0 -9999.0 -9999.0 -9999.0 -9999.0 -9999.0 -9999.0 -9999.0 -9999.0 -9999.0 -9999.0 -9999.0 -9999.0 -9999.0 -9999.0 -9999.0 -9999.0 -9999.0 -9999.0 -9999.0 -9999.0 -9999.0 -9999.0 -9999.0 -9999.0 -9999.0 -9999.0 -9999.0 -9999.0 -9999.0 -9999.0 -9999.0 -9999.0 -9999.0 -9999.0 -9999.0 -9999.0 -9999.0 -9999.0 -9999.0 -9999.0 -9999.0 -9999.0 -9999.0 -9999.0 -9999.0 -9999.0 -9999.0 -9999.0 -9999.0 -9999.0 -9999.0 -9999.0 -9999.0 -9999.0 -9999.0 -9999.0 -9999.0 -9999.0 -9999.0 -9999.0 -9999.0 -9999.0 -9999.0 -9999.0 -9999.0 -9999.0
-9999.0 -9999.0 930.113616 834.586795 738.647699 642.139399 545.323012 448.368797 351.368887 254.373381 157.410106 60.494764 -36.352502 -133.120125 -229.758924 -326.152113 -422.086161 -517.218401 -610.979847 -703.764547 -796.265183 -887.355943 -976.839445 -1057.396315 -1121.706232 -1173.885781 -1214.343503 -1244.457550 -1266.097033 -1281.195758 -1291.482169 -1298.359789 -1302.893481 -1305.851958 -1307.770143 -1309.012625 -1309.832233 -1310.443825 -1311.267418 -1314.156207 -1328.076549 -1405.106882 -1974.770976 -4011.235869 -4034.652018 -4034.653426 -4034.651723 -4034.630086 -4034.516818 -4034.118399 -4032.968633 -4029.527390 -4023.711301 -4016.123353 -4003.611706 -3980.176112 -3933.346403 -3841.137468 -3677.585819 -3433.196003 -3089.012314 -1661.336836 -1366.537726 -1321.182681 -1313.015550 -1311.685664 -1311.487394 -1311.458217 -1311.454456 -1311.454768 -1311.455638 -1311.456431 -1311.457059 -1311.457541 -1311.457913 -1311.458203 -1311.458435 -1311.458624 -1311.458782 -1311.458924 -1311.459063 -1311.459216 -1311.459406 -1311.459668 -1311.460053 -1311.460641 -1311.461564 -1311.463039 -1311.465436 -1311.469405 -1311.476125 -1311.487812 -1311.508751 -1311.547413 -1311.620880 -1311.764414 -1312.054134 -1312.666687 -1314.046715 -1317.381366 -1326.023909 -1351.134650 -9999.0 -9999.0
-9999.0 -9999.0 930.117110 834.588114 738.648128 642.139538 545.323059 448.368813 351.368892 254.373383 157.410106 60.494764 -36.352503 -133.120125 -229.758924 -326.152113 -422.086162 -517.218401 -610.979847 -703.764548 -796.265183 -887.355943 -976.839445 -1057.396316 -1121.706232 -1173.885781 -1214.343504 -1244.457550 -1266.097033 -1281.195758 -1291.482169 -1298.359789 -1302.893481 -1305.851958 -1307.770143 -1309.012625 -1309.832233 -1310.443825 -1311.267418 -1314.156207 -1328.076549 -1405.106882 -1974.770976 -4011.235869 -4034.652018 -4034.653426 -4034.651723 -4034.630086 -4034.516818 -4034.118399 -4032.968633 -4029.527390 -4023.711301 -4016.123353 -4003.611705 -3980.176112 -3933.346403 -3841.137467 -3677.585818 -3433.196003 -3089.012314 -1661.336837 -1366.537726 -1321.182681 -1313.015550 -1311.685664 -1311.487394 -1311.458217 -1311.454456 -1311.454768 -1311.455638 -1311.456431 -1311.457059 -1311.457541 -1311.457913 -1311.458203 -1311.458435 -1311.458624 -1311.458782 -1311.458924 -1311.459063 -1311.459216 -1311.459406 -1311.459668 -1311.460053 -1311.460641 -1311.461564 -1311.463039 -1311.465436 -1311.469405 -1311.476125 -1311.487812 -1311.508751 -1311.547413 -1311.620880 -1311.764414 -1312.054134 -1312.666687 -1314.046715 -1317.381366 -1326.023909 -1351.134650 -9999.0 -9999.0
-9999.0 -9999.0 930.118421 834.588815 738.648424 642.139651 545.323101 448.368828 351.368898 254.373384 157.410107 60.494764 -36.352502 -133.120125 -229.758924 -326.152113 -422.086162 -517.218401 -610.979847 -703.764548 -796.265183 -887.355944 -976.839445 -1057.396316 -1121.706232 -1173.885781 -1214.343504 -1244.457550 -1266.097033 -1281.195758 -1291.482170 -1298.359789 -1302.893481 -1305.851958 -1307.770143 -1309.012625 -1309.832233 -1310.443825 -1311.267418 -1314.156207 -1328.076549 -1405.106882 -1974.770976 -4011.235869 -4034.652018 -4034.653426 -4034.651723 -4034.630086 -4034.516818 -4034.118399 -4032.968633 -4029.527390 -4023.711301 -4016.123353 -4003.611705 -3980.176112 -3933.346403 -3841.137467 -3677.585818 -3433.196002 -3089.012313 -1661.336836 -1366.537726 -1321.182681 -1313.015550 -1311.685664 -1311.487394 -1311.458217 -1311.454456 -1311.454768 -1311.455638 -1311.456431 -1311.457059 -1311.457541 -1311.457913 -1311.458203 -1311.458435 -1311.458624 -1311.458782 -1311.458924 -1311.459063 -1311.459216 -1311.459406 -1311.459668 -1311.460053 -1311.460641 -1311.461564 -1311.463039 -1311.465436 -1311.469405 -1311.476125 -1311.487812 -1311.508751 -1311.547413 -1311.620880 -1311.764414 -1312.054134 -1312.666687 -1314.046715 -1317.381366 -1326.023909 -1351.134650 -9999.0 -9999.0
-9999.0 -9999.0 930.118421 834.588815 738.648424 642.139651 545.323101 448.368828 351.368898 254.373385 157.410107 60.494764 -36.352502 -133.120125 -229.758924 -326.152113 -422.086162 -517.218401 -610.979847 -703.764548 -796.265183 -887.355944 -976.839445 -1057.396316 -1121.706232 -1173.885781 -1214.343504 -1244.457550 -1266.097033 -1281.195758 -1291.482170 -1298.359789 -1302.893481 -1305.851958 -1307.770143 -1309.012625 -1309.832233 -1310.443825 -1311.267418 -1314.156207 -1328.076549 -1405.106882 -1974.770976 -4011.235869 -4034.652018 -4034.653426 -4034.651723 -4034.630086 -4034.516818 -4034.118399 -4032.968633 -4029.527390 -4023.711301 -4016.123353 -4003.611705 -3980.176112 -3933.346402 -3841.137467 -3677.585818 -3433.196003 -3089.012313 -1661.336836 -1366.537726 -1321.182681 -1313.015550 -1311.685664 -1311.487394 -1311.458217 -1311.454456 -1311.454768 -1311.455638 -1311.456431 -1311.457059 -1311.457541 -1311.457913 -1311.458203 -1311.458435 -1311.458624 -1311.458782 -1311.458924 -1311.459063 -1311.459216 -1311.459406 -1311.459668 -1311.460053 -1311.460641 -1311.461564 -1311.463039 -1311.465436 -1311.469405 -1311.476125 -1311.487812 -1311.508751 -1311.547413 -1311.620880 -1311.764414 -1312.054134 -1312.666687 -1314.046715 -1317.381366 -1326.023909 -1351.134650 -9999.0 -9999.0
-9999.0 -9999.0 930.117110 834.588113 738.648128 642.139538 545.323059 448.368813 351.368893 254.373383 157.410106 60.494764 -36.352502 -133.120125 -229.758924 -326.152113 -422.086161 -517.218401 -610.979847 -703.764548 -796.265183 -887.355943 -976.839445 -1057.396316 -1121.706232 -1173.885781 -1214.343504 -1244.457550 -1266.097033 -1281.195758 -1291.482169 -1298.359789 -1302.893481 -1305.851958 -1307.770143 -1309.012625 -1309.832233 -1310.443825 -1311.267418 -1314.156207 -1328.076549 -1405.106882 -1974.770976 -4011.235869 -4034.652018 -4034.653426 -4034.651723 -4034.630086 -4034.516818 -4034.118399 -4032.968633 -4029.527390 -4023.711301 -4016.123353 -4003.611706 -3980.176112 -3933.346403 -3841.137467 -3677.585819 -3433.196003 -3089.012314 -1661.336837 -1366.537726 -1321.182681 -1313.015550 -1311.685664 -1311.487394 -1311.458217 -1311.454456 -1311.454768 -1311.455638 -1311.456431 -1311.457059 -1311.457541 -1311.457913 -1311.458203 -1311.458435 -1311.458624 -1311.458782 -1311.458924 -1311.459063 -1311.459216 -1311.459406 -1311.459668 -1311.460053 -1311.460641 -1311.461564 -1311.463039 -1311.465436 -1311.469405 -1311.476125 -1311.487812 -1311.508751 -1311.547413 -1311.620880 -1311.764414 -1312.054134 -1312.666687 -1314.046715 -1317.381366 -1326.023909 -1351.134650 -9999.0 -9999.0
-9999.0 -9999.0 930.113616 834.586795 738.647699 642.139399 545.323012 448.368797 351.368887 254.373381 157.410105 60.494764 -36.352503 -133.120125 -229.758924 -326.152113 -422.086161 -517.218401 -610.979847 -703.764547 -796.265183 -887.355943 -976.839445 -1057.396315 -1121.706232 -1173.885781 -1214.343503 -1244.457550 -1266.097033 -1281.195758 -1291.482169 -1298.359789 -1302.893481 -1305.851958 -1307.770143 -1309.012625 -1309.832233 -1310.443825 -1311.267418 -1314.156207 -1328.076549 -1405.106882 -1974.770976 -4011.235869 -4034.652018 -4034.653426 -4034.651723 -4034.630086 -4034.516818 -4034.118399 -4032.968633 -4029.527390 -4023.711301 -4016.123353 -4003.611706 -3980.176112 -3933.346403 -3841.137468 -3677.585819 -3433.196004 -3089.012315 -1661.336837 -1366.537726 -1321.182681 -1313.015550 -1311.685664 -1311.487394 -1311.458217 -1311.454456 -1311.454768 -1311.455638 -1311.456431 -1311.457059 -1311.457541 -1311.457913 -1311.458203 -1311.458435 -1311.458624 -1311.458782 -1311.458924 -1311.459063 -1311.459216 -1311.459406 -1311.459668 -1311.460053 -1311.460641 -1311.461564 -1311.463039 -1311.465436 -1311.469405 -1311.476125 -1311.487812 -1311.508751 -1311.547413 -1311.620880 -1311.764414 -1312.054134 -1312.666687 -1314.046715 -1317.381366 -1326.023909 -1351.134650 -9999.0 -9999.0
-9999.0 -9999.0 -9999.0 -9999.0 -9999.0 -9999.0 -9999.0 -9999.0 -9999.0 -9999.0 -9999.0 -9999.0 -9999.0 -9999.0 -9999.0 -9999.0 -9999.0 -9999.0 -9999.0 -9999.0 -9999.0 -9999.0 -9999.0 -9999.0 -9999.0 -9999.0 -9999.0 -9999.0 -9999.0 -9999.0 -9999.0 -9999.0 -9999.0 -9999.0 -9999.0 -9999.0 -9999.0 -9999.0 -9999.0 -9999.0 -9999.0 -9999.0 -9999.0 -9999.0 -9999.0 -9999.0 -9999.0 -9999.0 -9999.0 -9999.0 -9999.0 -9999.0 -9999.0 -9999.0 -9999.0 -9999.0 -9999.0 -9999.0 -9999.0 -9999.0 -9999.0 -9999.0 -9999.0 -9999.0 -9999.0 -9999.0 -9999.0 -9999.0 -9999.0 -9999.0 -9999.0 -9999.0 -9999.0 -9999.0 -9999.0 -9999.0 -9999.0 -9999.0 -9999.0 -9999.0 -9999.0 -9999.0 -9999.0 -9999.0 -9999.0 -9999.0 -9999.0 -9999.0 -9999.0 -9999.0 -9999.0 -9999.0 -9999.0 -9999.0 -9999.0 -9999.0 -9999.0 -9999.0 -9999.0 -9999.0 -9999.0 -9999.0 -9999.0 -9999.0
-9999.0 -9999.0 -9999.0 -9999.0 -9999.0 -9999.0 -9999.0 -9999.0 -9999.0 -9999.0 -9999.0 -9999.0 -9999.0 -9999.0 -9999.0 -9999.0 -9999.0 -9999.0 -9999.0 -9999.0 -9999.0 -9999.0 -9999.0 -9999.0 -9999.0 -9999.0 -9999.0 -9999.0 -9999.0 -9999.0 -9999.0 -9999.0 -9999.0 -9999.0 -9999.0 -9999.0 -9999.0 -9999.0 -9999.0 -9999.0 -9999.0 -9999.0 -9999.0 -9999.0 -9999.0 -9999.0 -9999.0 -9999.0 -9999.0 -9999.0 -9999.0 -9999.0 -9999.0 -9999.0 -9999.0 -9999.0 -9999.0 -9999.0 -9999.0 -9999.0 -9999.0 -9999.0 -9999.0 -9999.0 -9999.0 -9999.0 -9999.0 -9999.0 -9999.0 -9999.0 -9999.0 -9999.0 -9999.0 -9999.0 -9999.0 -9999.0 -9999.0 -9999.0 -9999.0 -9999.0 -9999.0 -9999.0 -9999.0 -9999.0 -9999.0 -9999.0 -9999.0 -9999.0 -9999.0 -9999.0 -9999.0 -9999.0 -9999.0 -9999.0 -9999.0 -9999.0 -9999.0 -9999.0 -9999.0 -9999.0 -9999.0 -9999.0 -9999.0 -9999.0