inst/processing_geotop_simulation/geotop_simulation/out/maps3D/PwL0021N0351.asc
ncols         104
nrows         10
xllcorner     -2.000000
yllcorner     0.000000
cellsize      1.000000
NODATA_value  -9999.0
-9999.0 -9999.0 -9999.0 -9999.0 -9999.0 -9999.0 -9999.0 -9999.0 -9999.0 -9999.0 -9999.0 -9999.0 -9999.0 -9999.0 -9999.0 -9999.0 -9999.0 -9999.0 -9999.0 -9999.0 -9999.0 -9999.0 -9999.0 -9999.0 -9999.0 -9999.0 -9999.0 -9999.0 -9999.0 -9999.0 -9999.0 -9999.0 -9999.0 -9999.0 -9999.0 -9999.0 -9999.0 -9999.0 -9999.0 -9999.0 -9999.0 -9999.0 -9999.0 -9999.0 -9999.0 -9999.0 -9999.0 -9999.0 -9999.0 -9999.0 -9999.0 -9999.0 -9999.0 -9999.0 -9999.0 -9999.0 -9999.0 -9999.0 -9999.0 -9999.0 -9999.0 -9999.0 -9999.0 -9999.0 -9999.0 -9999.0 -9999.0 -9999.0 -9999.0 -9999.0 -9999.0 -9999.0 -9999.0 -9999.0 -9999.0 -9999.0 -9999.0 -9999.0 -9999.0 -9999.0 -9999.0 -9999.0 -9999.0 -9999.0 -9999.0 -9999.0 -9999.0 -9999.0 -9999.0 -9999.0 -9999.0 -9999.0 -9999.0 -9999.0 -9999.0 -9999.0 -9999.0 -9999.0 -9999.0 -9999.0 -9999.0 -9999.0 -9999.0 -9999.0
-9999.0 -9999.0 -9999.0 -9999.0 -9999.0 -9999.0 -9999.0 -9999.0 -9999.0 -9999.0 -9999.0 -9999.0 -9999.0 -9999.0 -9999.0 -9999.0 -9999.0 -9999.0 -9999.0 -9999.0 -9999.0 -9999.0 -9999.0 -9999.0 -9999.0 -9999.0 -9999.0 -9999.0 -9999.0 -9999.0 -9999.0 -9999.0 -9999.0 -9999.0 -9999.0 -9999.0 -9999.0 -9999.0 -9999.0 -9999.0 -9999.0 -9999.0 -9999.0 -9999.0 -9999.0 -9999.0 -9999.0 -9999.0 -9999.0 -9999.0 -9999.0 -9999.0 -9999.0 -9999.0 -9999.0 -9999.0 -9999.0 -9999.0 -9999.0 -9999.0 -9999.0 -9999.0 -9999.0 -9999.0 -9999.0 -9999.0 -9999.0 -9999.0 -9999.0 -9999.0 -9999.0 -9999.0 -9999.0 -9999.0 -9999.0 -9999.0 -9999.0 -9999.0 -9999.0 -9999.0 -9999.0 -9999.0 -9999.0 -9999.0 -9999.0 -9999.0 -9999.0 -9999.0 -9999.0 -9999.0 -9999.0 -9999.0 -9999.0 -9999.0 -9999.0 -9999.0 -9999.0 -9999.0 -9999.0 -9999.0 -9999.0 -9999.0 -9999.0 -9999.0
-9999.0 -9999.0 1019.118784 920.292537 821.411406 722.393150 623.296023 524.163351 425.019924 325.879530 226.749950 127.635704 28.540056 -70.531030 -169.576900 -268.583463 -367.518653 -466.319586 -564.868959 -662.956229 -760.722743 -858.391641 -955.457973 -1051.669675 -1143.408866 -1226.157905 -1300.108052 -1363.802569 -1416.620629 -1458.845295 -1491.495863 -1516.026236 -1534.019912 -1546.966668 -1556.142558 -1562.575422 -1567.073193 -1570.331568 -1573.271152 -1578.037850 -1590.329121 -1626.282374 -1705.971999 -2898.705050 -3915.595041 -3912.607893 -3641.404188 -3142.452164 -2810.492583 -2601.285393 -2452.665277 -2327.270536 -2250.419557 -2200.575100 -2154.201325 -2105.520216 -2052.765544 -1996.546278 -1938.652466 -1880.241290 -1809.020508 -1476.150749 -1582.741491 -1582.113548 -1578.490534 -1577.203947 -1576.906204 -1576.850231 -1576.841182 -1576.840272 -1576.840655 -1576.841164 -1576.841614 -1576.841989 -1576.842304 -1576.842575 -1576.842815 -1576.843033 -1576.843237 -1576.843436 -1576.843637 -1576.843852 -1576.844096 -1576.844390 -1576.844767 -1576.845280 -1576.846012 -1576.847107 -1576.848811 -1576.851563 -1576.856175 -1576.864195 -1576.878662 -1576.905699 -1576.958028 -1577.063247 -1577.284893 -1577.779309 -1578.955910 -1581.959767 -1590.310488 -1616.375971 -9999.0 -9999.0
-9999.0 -9999.0 1019.121393 920.293571 821.411754 722.393265 623.296063 524.163365 425.019930 325.879532 226.749951 127.635704 28.540057 -70.531030 -169.576899 -268.583464 -367.518653 -466.319587 -564.868959 -662.956229 -760.722743 -858.391642 -955.457973 -1051.669675 -1143.408866 -1226.157906 -1300.108052 -1363.802569 -1416.620629 -1458.845295 -1491.495863 -1516.026236 -1534.019912 -1546.966668 -1556.142558 -1562.575422 -1567.073193 -1570.331568 -1573.271152 -1578.037850 -1590.329121 -1626.282374 -1705.971998 -2898.705048 -3915.595041 -3912.607893 -3641.404187 -3142.452163 -2810.492582 -2601.285392 -2452.665275 -2327.270536 -2250.419556 -2200.575100 -2154.201325 -2105.520216 -2052.765543 -1996.546278 -1938.652465 -1880.241289 -1809.020508 -1476.150749 -1582.741491 -1582.113548 -1578.490534 -1577.203947 -1576.906204 -1576.850231 -1576.841182 -1576.840272 -1576.840655 -1576.841164 -1576.841614 -1576.841989 -1576.842304 -1576.842575 -1576.842815 -1576.843033 -1576.843237 -1576.843436 -1576.843637 -1576.843852 -1576.844096 -1576.844390 -1576.844767 -1576.845280 -1576.846012 -1576.847107 -1576.848811 -1576.851563 -1576.856175 -1576.864195 -1576.878662 -1576.905699 -1576.958028 -1577.063247 -1577.284893 -1577.779309 -1578.955910 -1581.959767 -1590.310488 -1616.375971 -9999.0 -9999.0
-9999.0 -9999.0 1019.122447 920.294143 821.411998 722.393360 623.296097 524.163378 425.019934 325.879535 226.749952 127.635705 28.540057 -70.531030 -169.576900 -268.583464 -367.518653 -466.319587 -564.868959 -662.956229 -760.722743 -858.391642 -955.457973 -1051.669675 -1143.408867 -1226.157906 -1300.108052 -1363.802569 -1416.620629 -1458.845295 -1491.495863 -1516.026236 -1534.019912 -1546.966668 -1556.142558 -1562.575422 -1567.073193 -1570.331568 -1573.271152 -1578.037850 -1590.329121 -1626.282374 -1705.971998 -2898.705048 -3915.595041 -3912.607893 -3641.404187 -3142.452162 -2810.492582 -2601.285390 -2452.665274 -2327.270535 -2250.419556 -2200.575099 -2154.201325 -2105.520216 -2052.765543 -1996.546278 -1938.652465 -1880.241289 -1809.020507 -1476.150749 -1582.741491 -1582.113548 -1578.490534 -1577.203947 -1576.906204 -1576.850231 -1576.841182 -1576.840272 -1576.840655 -1576.841164 -1576.841614 -1576.841989 -1576.842304 -1576.842575 -1576.842815 -1576.843033 -1576.843237 -1576.843436 -1576.843637 -1576.843852 -1576.844096 -1576.844390 -1576.844767 -1576.845280 -1576.846012 -1576.847107 -1576.848811 -1576.851563 -1576.856175 -1576.864195 -1576.878662 -1576.905699 -1576.958028 -1577.063247 -1577.284893 -1577.779309 -1578.955910 -1581.959767 -1590.310488 -1616.375971 -9999.0 -9999.0
-9999.0 -9999.0 1019.122448 920.294143 821.411998 722.393360 623.296098 524.163378 425.019935 325.879534 226.749952 127.635705 28.540057 -70.531030 -169.576899 -268.583464 -367.518653 -466.319587 -564.868959 -662.956229 -760.722743 -858.391642 -955.457973 -1051.669675 -1143.408867 -1226.157906 -1300.108052 -1363.802569 -1416.620629 -1458.845295 -1491.495863 -1516.026236 -1534.019912 -1546.966668 -1556.142558 -1562.575422 -1567.073193 -1570.331568 -1573.271152 -1578.037850 -1590.329121 -1626.282374 -1705.971998 -2898.705048 -3915.595041 -3912.607893 -3641.404187 -3142.452162 -2810.492582 -2601.285391 -2452.665274 -2327.270535 -2250.419556 -2200.575100 -2154.201325 -2105.520216 -2052.765543 -1996.546278 -1938.652465 -1880.241289 -1809.020507 -1476.150749 -1582.741491 -1582.113548 -1578.490534 -1577.203947 -1576.906204 -1576.850231 -1576.841182 -1576.840272 -1576.840655 -1576.841164 -1576.841614 -1576.841989 -1576.842304 -1576.842575 -1576.842815 -1576.843033 -1576.843237 -1576.843436 -1576.843637 -1576.843852 -1576.844096 -1576.844390 -1576.844767 -1576.845280 -1576.846012 -1576.847107 -1576.848811 -1576.851563 -1576.856175 -1576.864195 -1576.878662 -1576.905699 -1576.958028 -1577.063247 -1577.284893 -1577.779309 -1578.955910 -1581.959767 -1590.310488 -1616.375971 -9999.0 -9999.0
-9999.0 -9999.0 1019.121393 920.293571 821.411754 722.393266 623.296062 524.163365 425.019929 325.879533 226.749951 127.635705 28.540057 -70.531030 -169.576900 -268.583463 -367.518653 -466.319587 -564.868959 -662.956229 -760.722743 -858.391641 -955.457973 -1051.669675 -1143.408866 -1226.157906 -1300.108052 -1363.802569 -1416.620629 -1458.845295 -1491.495863 -1516.026236 -1534.019912 -1546.966668 -1556.142558 -1562.575422 -1567.073193 -1570.331568 -1573.271152 -1578.037850 -1590.329121 -1626.282374 -1705.971998 -2898.705048 -3915.595041 -3912.607893 -3641.404187 -3142.452163 -2810.492582 -2601.285391 -2452.665275 -2327.270536 -2250.419556 -2200.575100 -2154.201325 -2105.520216 -2052.765543 -1996.546278 -1938.652466 -1880.241289 -1809.020508 -1476.150749 -1582.741491 -1582.113548 -1578.490534 -1577.203947 -1576.906204 -1576.850231 -1576.841182 -1576.840272 -1576.840655 -1576.841164 -1576.841614 -1576.841989 -1576.842304 -1576.842575 -1576.842815 -1576.843033 -1576.843237 -1576.843436 -1576.843637 -1576.843852 -1576.844096 -1576.844390 -1576.844767 -1576.845280 -1576.846012 -1576.847107 -1576.848811 -1576.851563 -1576.856175 -1576.864195 -1576.878662 -1576.905699 -1576.958028 -1577.063247 -1577.284893 -1577.779309 -1578.955910 -1581.959767 -1590.310488 -1616.375971 -9999.0 -9999.0
-9999.0 -9999.0 1019.118785 920.292537 821.411406 722.393150 623.296023 524.163351 425.019924 325.879530 226.749950 127.635704 28.540057 -70.531030 -169.576899 -268.583464 -367.518653 -466.319587 -564.868959 -662.956229 -760.722742 -858.391641 -955.457973 -1051.669675 -1143.408866 -1226.157905 -1300.108052 -1363.802569 -1416.620629 -1458.845295 -1491.495863 -1516.026236 -1534.019912 -1546.966668 -1556.142558 -1562.575422 -1567.073193 -1570.331568 -1573.271152 -1578.037850 -1590.329121 -1626.282374 -1705.971999 -2898.705050 -3915.595041 -3912.607893 -3641.404188 -3142.452164 -2810.492583 -2601.285393 -2452.665277 -2327.270536 -2250.419557 -2200.575100 -2154.201325 -2105.520216 -2052.765544 -1996.546279 -1938.652466 -1880.241290 -1809.020508 -1476.150749 -1582.741491 -1582.113548 -1578.490534 -1577.203947 -1576.906204 -1576.850231 -1576.841182 -1576.840272 -1576.840655 -1576.841164 -1576.841614 -1576.841989 -1576.842304 -1576.842575 -1576.842815 -1576.843033 -1576.843237 -1576.843436 -1576.843637 -1576.843852 -1576.844096 -1576.844390 -1576.844767 -1576.845280 -1576.846012 -1576.847107 -1576.848811 -1576.851563 -1576.856175 -1576.864195 -1576.878662 -1576.905699 -1576.958028 -1577.063247 -1577.284893 -1577.779309 -1578.955910 -1581.959767 -1590.310488 -1616.375971 -9999.0 -9999.0
-9999.0 -9999.0 -9999.0 -9999.0 -9999.0 -9999.0 -9999.0 -9999.0 -9999.0 -9999.0 -9999.0 -9999.0 -9999.0 -9999.0 -9999.0 -9999.0 -9999.0 -9999.0 -9999.0 -9999.0 -9999.0 -9999.0 -9999.0 -9999.0 -9999.0 -9999.0 -9999.0 -9999.0 -9999.0 -9999.0 -9999.0 -9999.0 -9999.0 -9999.0 -9999.0 -9999.0 -9999.0 -9999.0 -9999.0 -9999.0 -9999.0 -9999.0 -9999.0 -9999.0 -9999.0 -9999.0 -9999.0 -9999.0 -9999.0 -9999.0 -9999.0 -9999.0 -9999.0 -9999.0 -9999.0 -9999.0 -9999.0 -9999.0 -9999.0 -9999.0 -9999.0 -9999.0 -9999.0 -9999.0 -9999.0 -9999.0 -9999.0 -9999.0 -9999.0 -9999.0 -9999.0 -9999.0 -9999.0 -9999.0 -9999.0 -9999.0 -9999.0 -9999.0 -9999.0 -9999.0 -9999.0 -9999.0 -9999.0 -9999.0 -9999.0 -9999.0 -9999.0 -9999.0 -9999.0 -9999.0 -9999.0 -9999.0 -9999.0 -9999.0 -9999.0 -9999.0 -9999.0 -9999.0 -9999.0 -9999.0 -9999.0 -9999.0 -9999.0 -9999.0
-9999.0 -9999.0 -9999.0 -9999.0 -9999.0 -9999.0 -9999.0 -9999.0 -9999.0 -9999.0 -9999.0 -9999.0 -9999.0 -9999.0 -9999.0 -9999.0 -9999.0 -9999.0 -9999.0 -9999.0 -9999.0 -9999.0 -9999.0 -9999.0 -9999.0 -9999.0 -9999.0 -9999.0 -9999.0 -9999.0 -9999.0 -9999.0 -9999.0 -9999.0 -9999.0 -9999.0 -9999.0 -9999.0 -9999.0 -9999.0 -9999.0 -9999.0 -9999.0 -9999.0 -9999.0 -9999.0 -9999.0 -9999.0 -9999.0 -9999.0 -9999.0 -9999.0 -9999.0 -9999.0 -9999.0 -9999.0 -9999.0 -9999.0 -9999.0 -9999.0 -9999.0 -9999.0 -9999.0 -9999.0 -9999.0 -9999.0 -9999.0 -9999.0 -9999.0 -9999.0 -9999.0 -9999.0 -9999.0 -9999.0 -9999.0 -9999.0 -9999.0 -9999.0 -9999.0 -9999.0 -9999.0 -9999.0 -9999.0 -9999.0 -9999.0 -9999.0 -9999.0 -9999.0 -9999.0 -9999.0 -9999.0 -9999.0 -9999.0 -9999.0 -9999.0 -9999.0 -9999.0 -9999.0 -9999.0 -9999.0 -9999.0 -9999.0 -9999.0 -9999.0