inst/processing_geotop_simulation/geotop_simulation/out/maps3D/PwL0016N0327.asc
ncols         104
nrows         10
xllcorner     -2.000000
yllcorner     0.000000
cellsize      1.000000
NODATA_value  -9999.0
-9999.0 -9999.0 -9999.0 -9999.0 -9999.0 -9999.0 -9999.0 -9999.0 -9999.0 -9999.0 -9999.0 -9999.0 -9999.0 -9999.0 -9999.0 -9999.0 -9999.0 -9999.0 -9999.0 -9999.0 -9999.0 -9999.0 -9999.0 -9999.0 -9999.0 -9999.0 -9999.0 -9999.0 -9999.0 -9999.0 -9999.0 -9999.0 -9999.0 -9999.0 -9999.0 -9999.0 -9999.0 -9999.0 -9999.0 -9999.0 -9999.0 -9999.0 -9999.0 -9999.0 -9999.0 -9999.0 -9999.0 -9999.0 -9999.0 -9999.0 -9999.0 -9999.0 -9999.0 -9999.0 -9999.0 -9999.0 -9999.0 -9999.0 -9999.0 -9999.0 -9999.0 -9999.0 -9999.0 -9999.0 -9999.0 -9999.0 -9999.0 -9999.0 -9999.0 -9999.0 -9999.0 -9999.0 -9999.0 -9999.0 -9999.0 -9999.0 -9999.0 -9999.0 -9999.0 -9999.0 -9999.0 -9999.0 -9999.0 -9999.0 -9999.0 -9999.0 -9999.0 -9999.0 -9999.0 -9999.0 -9999.0 -9999.0 -9999.0 -9999.0 -9999.0 -9999.0 -9999.0 -9999.0 -9999.0 -9999.0 -9999.0 -9999.0 -9999.0 -9999.0
-9999.0 -9999.0 -9999.0 -9999.0 -9999.0 -9999.0 -9999.0 -9999.0 -9999.0 -9999.0 -9999.0 -9999.0 -9999.0 -9999.0 -9999.0 -9999.0 -9999.0 -9999.0 -9999.0 -9999.0 -9999.0 -9999.0 -9999.0 -9999.0 -9999.0 -9999.0 -9999.0 -9999.0 -9999.0 -9999.0 -9999.0 -9999.0 -9999.0 -9999.0 -9999.0 -9999.0 -9999.0 -9999.0 -9999.0 -9999.0 -9999.0 -9999.0 -9999.0 -9999.0 -9999.0 -9999.0 -9999.0 -9999.0 -9999.0 -9999.0 -9999.0 -9999.0 -9999.0 -9999.0 -9999.0 -9999.0 -9999.0 -9999.0 -9999.0 -9999.0 -9999.0 -9999.0 -9999.0 -9999.0 -9999.0 -9999.0 -9999.0 -9999.0 -9999.0 -9999.0 -9999.0 -9999.0 -9999.0 -9999.0 -9999.0 -9999.0 -9999.0 -9999.0 -9999.0 -9999.0 -9999.0 -9999.0 -9999.0 -9999.0 -9999.0 -9999.0 -9999.0 -9999.0 -9999.0 -9999.0 -9999.0 -9999.0 -9999.0 -9999.0 -9999.0 -9999.0 -9999.0 -9999.0 -9999.0 -9999.0 -9999.0 -9999.0 -9999.0 -9999.0
-9999.0 -9999.0 771.620475 673.290355 574.680139 475.835624 376.876039 277.866554 178.840805 79.816617 -19.193608 -118.182134 -217.144181 -316.054859 -414.867845 -513.505145 -611.823958 -709.593951 -807.575715 -905.232306 -1002.423217 -1098.921501 -1189.276458 -1273.113785 -1348.115182 -1412.595351 -1465.850772 -1508.198454 -1540.746481 -1565.042329 -1582.743880 -1595.390910 -1604.287955 -1610.472263 -1614.732494 -1617.651912 -1619.666055 -1621.163986 -1622.788456 -1626.369818 -1636.813700 -1666.225365 -1987.010399 -4121.922572 -4183.154835 -4183.152043 -4183.142963 -4183.141447 -4183.141266 -4183.141202 -4183.141015 -4183.140388 -4183.139330 -4183.137950 -4183.135635 -4183.131123 -4183.121290 -4183.098260 -4183.042001 -4182.864499 -4074.205171 -1805.894605 -1625.913355 -1628.522205 -1625.374599 -1624.201205 -1623.941450 -1623.894875 -1623.887664 -1623.887066 -1623.887485 -1623.887976 -1623.888388 -1623.888715 -1623.888976 -1623.889187 -1623.889362 -1623.889512 -1623.889644 -1623.889767 -1623.889891 -1623.890026 -1623.890188 -1623.890400 -1623.890695 -1623.891128 -1623.891789 -1623.892825 -1623.894494 -1623.897250 -1623.901932 -1623.910131 -1623.924957 -1623.952629 -1624.005902 -1624.111907 -1624.331597 -1624.811768 -1625.932122 -1628.753740 -1636.588418 -1661.517919 -9999.0 -9999.0
-9999.0 -9999.0 771.624287 673.291670 574.680546 475.835753 376.876082 277.866569 178.840811 79.816619 -19.193607 -118.182134 -217.144181 -316.054859 -414.867845 -513.505145 -611.823958 -709.593952 -807.575715 -905.232307 -1002.423217 -1098.921501 -1189.276458 -1273.113786 -1348.115183 -1412.595351 -1465.850772 -1508.198454 -1540.746481 -1565.042329 -1582.743880 -1595.390910 -1604.287955 -1610.472263 -1614.732494 -1617.651912 -1619.666055 -1621.163986 -1622.788456 -1626.369818 -1636.813700 -1666.225365 -1987.010399 -4121.922572 -4183.154835 -4183.152043 -4183.142963 -4183.141447 -4183.141266 -4183.141202 -4183.141015 -4183.140388 -4183.139330 -4183.137950 -4183.135635 -4183.131123 -4183.121290 -4183.098260 -4183.042001 -4182.864499 -4074.205171 -1805.894605 -1625.913355 -1628.522205 -1625.374599 -1624.201205 -1623.941450 -1623.894875 -1623.887664 -1623.887066 -1623.887485 -1623.887976 -1623.888388 -1623.888715 -1623.888976 -1623.889187 -1623.889362 -1623.889512 -1623.889644 -1623.889767 -1623.889891 -1623.890026 -1623.890188 -1623.890400 -1623.890695 -1623.891128 -1623.891789 -1623.892825 -1623.894494 -1623.897250 -1623.901932 -1623.910131 -1623.924957 -1623.952629 -1624.005902 -1624.111907 -1624.331597 -1624.811768 -1625.932122 -1628.753740 -1636.588418 -1661.517919 -9999.0 -9999.0
-9999.0 -9999.0 771.625545 673.292333 574.680820 475.835856 376.876120 277.866583 178.840816 79.816621 -19.193606 -118.182133 -217.144181 -316.054859 -414.867845 -513.505145 -611.823958 -709.593952 -807.575715 -905.232307 -1002.423217 -1098.921501 -1189.276458 -1273.113786 -1348.115183 -1412.595351 -1465.850772 -1508.198454 -1540.746481 -1565.042330 -1582.743880 -1595.390910 -1604.287955 -1610.472263 -1614.732494 -1617.651912 -1619.666055 -1621.163986 -1622.788456 -1626.369818 -1636.813700 -1666.225365 -1987.010399 -4121.922572 -4183.154835 -4183.152043 -4183.142963 -4183.141447 -4183.141266 -4183.141202 -4183.141015 -4183.140388 -4183.139330 -4183.137950 -4183.135635 -4183.131123 -4183.121290 -4183.098260 -4183.042001 -4182.864499 -4074.205171 -1805.894605 -1625.913355 -1628.522205 -1625.374599 -1624.201205 -1623.941450 -1623.894875 -1623.887664 -1623.887066 -1623.887485 -1623.887976 -1623.888388 -1623.888715 -1623.888976 -1623.889187 -1623.889362 -1623.889512 -1623.889644 -1623.889767 -1623.889891 -1623.890026 -1623.890188 -1623.890400 -1623.890695 -1623.891128 -1623.891789 -1623.892825 -1623.894494 -1623.897250 -1623.901932 -1623.910131 -1623.924957 -1623.952629 -1624.005902 -1624.111907 -1624.331597 -1624.811768 -1625.932122 -1628.753740 -1636.588418 -1661.517919 -9999.0 -9999.0
-9999.0 -9999.0 771.625545 673.292333 574.680820 475.835856 376.876120 277.866583 178.840816 79.816621 -19.193606 -118.182133 -217.144181 -316.054859 -414.867845 -513.505145 -611.823958 -709.593952 -807.575715 -905.232307 -1002.423217 -1098.921501 -1189.276458 -1273.113786 -1348.115183 -1412.595351 -1465.850772 -1508.198454 -1540.746481 -1565.042330 -1582.743880 -1595.390910 -1604.287955 -1610.472263 -1614.732494 -1617.651912 -1619.666055 -1621.163986 -1622.788456 -1626.369818 -1636.813700 -1666.225365 -1987.010399 -4121.922572 -4183.154835 -4183.152043 -4183.142963 -4183.141447 -4183.141266 -4183.141202 -4183.141015 -4183.140388 -4183.139330 -4183.137950 -4183.135635 -4183.131123 -4183.121290 -4183.098260 -4183.042001 -4182.864499 -4074.205171 -1805.894605 -1625.913355 -1628.522205 -1625.374599 -1624.201205 -1623.941450 -1623.894875 -1623.887664 -1623.887066 -1623.887485 -1623.887976 -1623.888388 -1623.888715 -1623.888976 -1623.889187 -1623.889362 -1623.889512 -1623.889644 -1623.889767 -1623.889891 -1623.890026 -1623.890188 -1623.890400 -1623.890695 -1623.891128 -1623.891789 -1623.892825 -1623.894494 -1623.897250 -1623.901932 -1623.910131 -1623.924957 -1623.952629 -1624.005902 -1624.111907 -1624.331597 -1624.811768 -1625.932122 -1628.753740 -1636.588418 -1661.517919 -9999.0 -9999.0
-9999.0 -9999.0 771.624287 673.291670 574.680546 475.835753 376.876082 277.866569 178.840811 79.816619 -19.193607 -118.182134 -217.144181 -316.054859 -414.867845 -513.505145 -611.823958 -709.593952 -807.575715 -905.232307 -1002.423217 -1098.921501 -1189.276458 -1273.113786 -1348.115183 -1412.595351 -1465.850772 -1508.198454 -1540.746481 -1565.042329 -1582.743880 -1595.390910 -1604.287955 -1610.472263 -1614.732494 -1617.651912 -1619.666055 -1621.163986 -1622.788456 -1626.369818 -1636.813700 -1666.225365 -1987.010399 -4121.922572 -4183.154835 -4183.152043 -4183.142963 -4183.141447 -4183.141266 -4183.141202 -4183.141015 -4183.140388 -4183.139330 -4183.137950 -4183.135635 -4183.131123 -4183.121290 -4183.098260 -4183.042001 -4182.864499 -4074.205171 -1805.894605 -1625.913355 -1628.522205 -1625.374599 -1624.201205 -1623.941450 -1623.894875 -1623.887664 -1623.887066 -1623.887485 -1623.887976 -1623.888388 -1623.888715 -1623.888976 -1623.889187 -1623.889362 -1623.889512 -1623.889644 -1623.889767 -1623.889891 -1623.890026 -1623.890188 -1623.890400 -1623.890695 -1623.891128 -1623.891789 -1623.892825 -1623.894494 -1623.897250 -1623.901932 -1623.910131 -1623.924957 -1623.952629 -1624.005902 -1624.111907 -1624.331597 -1624.811768 -1625.932122 -1628.753740 -1636.588418 -1661.517919 -9999.0 -9999.0
-9999.0 -9999.0 771.620475 673.290355 574.680139 475.835624 376.876039 277.866554 178.840805 79.816617 -19.193608 -118.182134 -217.144181 -316.054859 -414.867845 -513.505145 -611.823958 -709.593951 -807.575715 -905.232307 -1002.423217 -1098.921501 -1189.276458 -1273.113785 -1348.115182 -1412.595351 -1465.850772 -1508.198454 -1540.746481 -1565.042329 -1582.743880 -1595.390910 -1604.287955 -1610.472263 -1614.732494 -1617.651912 -1619.666055 -1621.163986 -1622.788456 -1626.369818 -1636.813700 -1666.225365 -1987.010399 -4121.922572 -4183.154835 -4183.152043 -4183.142963 -4183.141447 -4183.141266 -4183.141202 -4183.141015 -4183.140388 -4183.139330 -4183.137950 -4183.135635 -4183.131123 -4183.121290 -4183.098260 -4183.042001 -4182.864499 -4074.205171 -1805.894605 -1625.913355 -1628.522205 -1625.374599 -1624.201205 -1623.941450 -1623.894875 -1623.887664 -1623.887066 -1623.887485 -1623.887976 -1623.888388 -1623.888715 -1623.888976 -1623.889187 -1623.889362 -1623.889512 -1623.889644 -1623.889767 -1623.889891 -1623.890026 -1623.890188 -1623.890400 -1623.890695 -1623.891128 -1623.891789 -1623.892825 -1623.894494 -1623.897250 -1623.901932 -1623.910131 -1623.924957 -1623.952629 -1624.005902 -1624.111907 -1624.331597 -1624.811768 -1625.932122 -1628.753740 -1636.588418 -1661.517919 -9999.0 -9999.0
-9999.0 -9999.0 -9999.0 -9999.0 -9999.0 -9999.0 -9999.0 -9999.0 -9999.0 -9999.0 -9999.0 -9999.0 -9999.0 -9999.0 -9999.0 -9999.0 -9999.0 -9999.0 -9999.0 -9999.0 -9999.0 -9999.0 -9999.0 -9999.0 -9999.0 -9999.0 -9999.0 -9999.0 -9999.0 -9999.0 -9999.0 -9999.0 -9999.0 -9999.0 -9999.0 -9999.0 -9999.0 -9999.0 -9999.0 -9999.0 -9999.0 -9999.0 -9999.0 -9999.0 -9999.0 -9999.0 -9999.0 -9999.0 -9999.0 -9999.0 -9999.0 -9999.0 -9999.0 -9999.0 -9999.0 -9999.0 -9999.0 -9999.0 -9999.0 -9999.0 -9999.0 -9999.0 -9999.0 -9999.0 -9999.0 -9999.0 -9999.0 -9999.0 -9999.0 -9999.0 -9999.0 -9999.0 -9999.0 -9999.0 -9999.0 -9999.0 -9999.0 -9999.0 -9999.0 -9999.0 -9999.0 -9999.0 -9999.0 -9999.0 -9999.0 -9999.0 -9999.0 -9999.0 -9999.0 -9999.0 -9999.0 -9999.0 -9999.0 -9999.0 -9999.0 -9999.0 -9999.0 -9999.0 -9999.0 -9999.0 -9999.0 -9999.0 -9999.0 -9999.0
-9999.0 -9999.0 -9999.0 -9999.0 -9999.0 -9999.0 -9999.0 -9999.0 -9999.0 -9999.0 -9999.0 -9999.0 -9999.0 -9999.0 -9999.0 -9999.0 -9999.0 -9999.0 -9999.0 -9999.0 -9999.0 -9999.0 -9999.0 -9999.0 -9999.0 -9999.0 -9999.0 -9999.0 -9999.0 -9999.0 -9999.0 -9999.0 -9999.0 -9999.0 -9999.0 -9999.0 -9999.0 -9999.0 -9999.0 -9999.0 -9999.0 -9999.0 -9999.0 -9999.0 -9999.0 -9999.0 -9999.0 -9999.0 -9999.0 -9999.0 -9999.0 -9999.0 -9999.0 -9999.0 -9999.0 -9999.0 -9999.0 -9999.0 -9999.0 -9999.0 -9999.0 -9999.0 -9999.0 -9999.0 -9999.0 -9999.0 -9999.0 -9999.0 -9999.0 -9999.0 -9999.0 -9999.0 -9999.0 -9999.0 -9999.0 -9999.0 -9999.0 -9999.0 -9999.0 -9999.0 -9999.0 -9999.0 -9999.0 -9999.0 -9999.0 -9999.0 -9999.0 -9999.0 -9999.0 -9999.0 -9999.0 -9999.0 -9999.0 -9999.0 -9999.0 -9999.0 -9999.0 -9999.0 -9999.0 -9999.0 -9999.0 -9999.0 -9999.0 -9999.0