inst/processing_geotop_simulation/geotop_simulation/out/maps3D/PwL0014N0410.asc
ncols         104
nrows         10
xllcorner     -2.000000
yllcorner     0.000000
cellsize      1.000000
NODATA_value  -9999.0
-9999.0 -9999.0 -9999.0 -9999.0 -9999.0 -9999.0 -9999.0 -9999.0 -9999.0 -9999.0 -9999.0 -9999.0 -9999.0 -9999.0 -9999.0 -9999.0 -9999.0 -9999.0 -9999.0 -9999.0 -9999.0 -9999.0 -9999.0 -9999.0 -9999.0 -9999.0 -9999.0 -9999.0 -9999.0 -9999.0 -9999.0 -9999.0 -9999.0 -9999.0 -9999.0 -9999.0 -9999.0 -9999.0 -9999.0 -9999.0 -9999.0 -9999.0 -9999.0 -9999.0 -9999.0 -9999.0 -9999.0 -9999.0 -9999.0 -9999.0 -9999.0 -9999.0 -9999.0 -9999.0 -9999.0 -9999.0 -9999.0 -9999.0 -9999.0 -9999.0 -9999.0 -9999.0 -9999.0 -9999.0 -9999.0 -9999.0 -9999.0 -9999.0 -9999.0 -9999.0 -9999.0 -9999.0 -9999.0 -9999.0 -9999.0 -9999.0 -9999.0 -9999.0 -9999.0 -9999.0 -9999.0 -9999.0 -9999.0 -9999.0 -9999.0 -9999.0 -9999.0 -9999.0 -9999.0 -9999.0 -9999.0 -9999.0 -9999.0 -9999.0 -9999.0 -9999.0 -9999.0 -9999.0 -9999.0 -9999.0 -9999.0 -9999.0 -9999.0 -9999.0
-9999.0 -9999.0 -9999.0 -9999.0 -9999.0 -9999.0 -9999.0 -9999.0 -9999.0 -9999.0 -9999.0 -9999.0 -9999.0 -9999.0 -9999.0 -9999.0 -9999.0 -9999.0 -9999.0 -9999.0 -9999.0 -9999.0 -9999.0 -9999.0 -9999.0 -9999.0 -9999.0 -9999.0 -9999.0 -9999.0 -9999.0 -9999.0 -9999.0 -9999.0 -9999.0 -9999.0 -9999.0 -9999.0 -9999.0 -9999.0 -9999.0 -9999.0 -9999.0 -9999.0 -9999.0 -9999.0 -9999.0 -9999.0 -9999.0 -9999.0 -9999.0 -9999.0 -9999.0 -9999.0 -9999.0 -9999.0 -9999.0 -9999.0 -9999.0 -9999.0 -9999.0 -9999.0 -9999.0 -9999.0 -9999.0 -9999.0 -9999.0 -9999.0 -9999.0 -9999.0 -9999.0 -9999.0 -9999.0 -9999.0 -9999.0 -9999.0 -9999.0 -9999.0 -9999.0 -9999.0 -9999.0 -9999.0 -9999.0 -9999.0 -9999.0 -9999.0 -9999.0 -9999.0 -9999.0 -9999.0 -9999.0 -9999.0 -9999.0 -9999.0 -9999.0 -9999.0 -9999.0 -9999.0 -9999.0 -9999.0 -9999.0 -9999.0 -9999.0 -9999.0
-9999.0 -9999.0 671.052294 572.292738 473.262905 374.052307 274.757696 175.427313 76.085242 -23.254005 -122.582586 -221.897240 -321.186029 -420.425455 -519.575018 -618.576431 -717.326931 -816.171475 -914.868375 -1013.365024 -1111.565947 -1207.173757 -1299.266115 -1385.598140 -1463.830121 -1532.097968 -1589.416554 -1635.795344 -1672.082970 -1699.658289 -1720.106142 -1734.968673 -1745.600014 -1753.109336 -1758.362220 -1762.014177 -1764.565913 -1766.468963 -1768.406484 -1771.889508 -1778.526563 -1778.348333 -1725.698329 -3689.656912 -3392.639790 -3122.738547 -3000.224446 -2984.188178 -2982.559301 -2982.723779 -2983.142376 -2983.591295 -2984.022372 -2984.421368 -2984.790754 -2985.212506 -2986.491616 -2995.517033 -3058.047394 -3202.470088 -3277.278968 -1555.565730 -1738.005029 -1770.534895 -1771.179289 -1770.351725 -1770.097867 -1770.045452 -1770.036551 -1770.035554 -1770.035843 -1770.036267 -1770.036640 -1770.036946 -1770.037196 -1770.037406 -1770.037586 -1770.037745 -1770.037892 -1770.038032 -1770.038174 -1770.038328 -1770.038507 -1770.038731 -1770.039029 -1770.039451 -1770.040073 -1770.041028 -1770.042543 -1770.045022 -1770.049217 -1770.056558 -1770.069853 -1770.094746 -1770.142919 -1770.239531 -1770.441999 -1770.890838 -1771.956675 -1774.705336 -1782.557607 -1807.978578 -9999.0 -9999.0
-9999.0 -9999.0 671.056438 572.294077 473.263305 374.052432 274.757737 175.427327 76.085247 -23.254002 -122.582585 -221.897239 -321.186029 -420.425455 -519.575018 -618.576431 -717.326932 -816.171475 -914.868375 -1013.365024 -1111.565948 -1207.173758 -1299.266115 -1385.598140 -1463.830121 -1532.097968 -1589.416554 -1635.795345 -1672.082970 -1699.658289 -1720.106142 -1734.968673 -1745.600014 -1753.109336 -1758.362220 -1762.014177 -1764.565913 -1766.468963 -1768.406484 -1771.889508 -1778.526563 -1778.348333 -1725.698329 -3689.656910 -3392.639787 -3122.738539 -3000.224446 -2984.188178 -2982.559301 -2982.723779 -2983.142376 -2983.591295 -2984.022372 -2984.421368 -2984.790754 -2985.212506 -2986.491616 -2995.517033 -3058.047393 -3202.470088 -3277.278969 -1555.565731 -1738.005029 -1770.534895 -1771.179289 -1770.351725 -1770.097867 -1770.045452 -1770.036551 -1770.035554 -1770.035843 -1770.036267 -1770.036640 -1770.036946 -1770.037196 -1770.037406 -1770.037586 -1770.037745 -1770.037892 -1770.038032 -1770.038174 -1770.038328 -1770.038507 -1770.038731 -1770.039029 -1770.039451 -1770.040073 -1770.041028 -1770.042543 -1770.045022 -1770.049217 -1770.056558 -1770.069853 -1770.094746 -1770.142919 -1770.239531 -1770.441999 -1770.890838 -1771.956675 -1774.705336 -1782.557607 -1807.978578 -9999.0 -9999.0
-9999.0 -9999.0 671.057680 572.294726 473.263571 374.052531 274.757774 175.427340 76.085252 -23.254001 -122.582584 -221.897239 -321.186028 -420.425455 -519.575018 -618.576431 -717.326932 -816.171475 -914.868376 -1013.365024 -1111.565948 -1207.173758 -1299.266115 -1385.598141 -1463.830121 -1532.097968 -1589.416554 -1635.795345 -1672.082970 -1699.658289 -1720.106142 -1734.968673 -1745.600014 -1753.109336 -1758.362220 -1762.014177 -1764.565913 -1766.468963 -1768.406484 -1771.889508 -1778.526563 -1778.348333 -1725.698329 -3689.656910 -3392.639786 -3122.738536 -3000.224446 -2984.188178 -2982.559301 -2982.723779 -2983.142376 -2983.591295 -2984.022372 -2984.421368 -2984.790754 -2985.212506 -2986.491616 -2995.517033 -3058.047394 -3202.470088 -3277.278968 -1555.565731 -1738.005029 -1770.534895 -1771.179289 -1770.351725 -1770.097867 -1770.045452 -1770.036551 -1770.035554 -1770.035843 -1770.036267 -1770.036640 -1770.036946 -1770.037196 -1770.037406 -1770.037586 -1770.037745 -1770.037892 -1770.038032 -1770.038174 -1770.038328 -1770.038507 -1770.038731 -1770.039029 -1770.039451 -1770.040073 -1770.041028 -1770.042543 -1770.045022 -1770.049217 -1770.056558 -1770.069853 -1770.094746 -1770.142919 -1770.239531 -1770.441999 -1770.890838 -1771.956675 -1774.705336 -1782.557607 -1807.978578 -9999.0 -9999.0
-9999.0 -9999.0 671.057680 572.294726 473.263571 374.052531 274.757773 175.427340 76.085252 -23.254001 -122.582584 -221.897239 -321.186028 -420.425455 -519.575018 -618.576431 -717.326932 -816.171475 -914.868376 -1013.365025 -1111.565948 -1207.173758 -1299.266115 -1385.598141 -1463.830121 -1532.097968 -1589.416554 -1635.795345 -1672.082970 -1699.658289 -1720.106142 -1734.968673 -1745.600014 -1753.109336 -1758.362220 -1762.014177 -1764.565913 -1766.468963 -1768.406484 -1771.889508 -1778.526563 -1778.348333 -1725.698329 -3689.656910 -3392.639786 -3122.738536 -3000.224446 -2984.188178 -2982.559301 -2982.723779 -2983.142376 -2983.591295 -2984.022372 -2984.421368 -2984.790754 -2985.212506 -2986.491616 -2995.517033 -3058.047394 -3202.470088 -3277.278968 -1555.565731 -1738.005029 -1770.534895 -1771.179289 -1770.351725 -1770.097867 -1770.045452 -1770.036551 -1770.035554 -1770.035843 -1770.036267 -1770.036640 -1770.036946 -1770.037196 -1770.037406 -1770.037586 -1770.037745 -1770.037892 -1770.038032 -1770.038174 -1770.038328 -1770.038507 -1770.038731 -1770.039029 -1770.039451 -1770.040073 -1770.041028 -1770.042543 -1770.045022 -1770.049217 -1770.056558 -1770.069853 -1770.094746 -1770.142919 -1770.239531 -1770.441999 -1770.890838 -1771.956675 -1774.705336 -1782.557607 -1807.978578 -9999.0 -9999.0
-9999.0 -9999.0 671.056438 572.294077 473.263305 374.052432 274.757737 175.427327 76.085247 -23.254002 -122.582585 -221.897239 -321.186029 -420.425455 -519.575018 -618.576431 -717.326932 -816.171475 -914.868375 -1013.365024 -1111.565948 -1207.173758 -1299.266115 -1385.598140 -1463.830121 -1532.097968 -1589.416554 -1635.795345 -1672.082970 -1699.658289 -1720.106142 -1734.968673 -1745.600014 -1753.109336 -1758.362220 -1762.014177 -1764.565913 -1766.468963 -1768.406484 -1771.889508 -1778.526563 -1778.348333 -1725.698329 -3689.656910 -3392.639787 -3122.738539 -3000.224446 -2984.188178 -2982.559301 -2982.723779 -2983.142376 -2983.591295 -2984.022372 -2984.421368 -2984.790754 -2985.212506 -2986.491616 -2995.517033 -3058.047393 -3202.470088 -3277.278969 -1555.565731 -1738.005029 -1770.534895 -1771.179289 -1770.351725 -1770.097867 -1770.045452 -1770.036551 -1770.035554 -1770.035843 -1770.036267 -1770.036640 -1770.036946 -1770.037196 -1770.037406 -1770.037586 -1770.037745 -1770.037892 -1770.038032 -1770.038174 -1770.038328 -1770.038507 -1770.038731 -1770.039029 -1770.039451 -1770.040073 -1770.041028 -1770.042543 -1770.045022 -1770.049217 -1770.056558 -1770.069853 -1770.094746 -1770.142919 -1770.239531 -1770.441999 -1770.890838 -1771.956675 -1774.705336 -1782.557607 -1807.978578 -9999.0 -9999.0
-9999.0 -9999.0 671.052294 572.292738 473.262905 374.052307 274.757696 175.427313 76.085242 -23.254005 -122.582586 -221.897240 -321.186029 -420.425455 -519.575018 -618.576431 -717.326931 -816.171475 -914.868375 -1013.365024 -1111.565947 -1207.173757 -1299.266115 -1385.598140 -1463.830121 -1532.097968 -1589.416554 -1635.795344 -1672.082970 -1699.658289 -1720.106142 -1734.968673 -1745.600014 -1753.109336 -1758.362220 -1762.014177 -1764.565913 -1766.468963 -1768.406484 -1771.889508 -1778.526563 -1778.348333 -1725.698329 -3689.656912 -3392.639790 -3122.738547 -3000.224446 -2984.188178 -2982.559301 -2982.723779 -2983.142376 -2983.591295 -2984.022372 -2984.421368 -2984.790754 -2985.212506 -2986.491616 -2995.517033 -3058.047394 -3202.470088 -3277.278968 -1555.565730 -1738.005029 -1770.534895 -1771.179289 -1770.351725 -1770.097867 -1770.045452 -1770.036551 -1770.035554 -1770.035843 -1770.036267 -1770.036640 -1770.036946 -1770.037196 -1770.037406 -1770.037586 -1770.037745 -1770.037892 -1770.038032 -1770.038174 -1770.038328 -1770.038507 -1770.038731 -1770.039029 -1770.039451 -1770.040073 -1770.041028 -1770.042543 -1770.045022 -1770.049217 -1770.056558 -1770.069853 -1770.094746 -1770.142919 -1770.239531 -1770.441999 -1770.890838 -1771.956675 -1774.705336 -1782.557607 -1807.978578 -9999.0 -9999.0
-9999.0 -9999.0 -9999.0 -9999.0 -9999.0 -9999.0 -9999.0 -9999.0 -9999.0 -9999.0 -9999.0 -9999.0 -9999.0 -9999.0 -9999.0 -9999.0 -9999.0 -9999.0 -9999.0 -9999.0 -9999.0 -9999.0 -9999.0 -9999.0 -9999.0 -9999.0 -9999.0 -9999.0 -9999.0 -9999.0 -9999.0 -9999.0 -9999.0 -9999.0 -9999.0 -9999.0 -9999.0 -9999.0 -9999.0 -9999.0 -9999.0 -9999.0 -9999.0 -9999.0 -9999.0 -9999.0 -9999.0 -9999.0 -9999.0 -9999.0 -9999.0 -9999.0 -9999.0 -9999.0 -9999.0 -9999.0 -9999.0 -9999.0 -9999.0 -9999.0 -9999.0 -9999.0 -9999.0 -9999.0 -9999.0 -9999.0 -9999.0 -9999.0 -9999.0 -9999.0 -9999.0 -9999.0 -9999.0 -9999.0 -9999.0 -9999.0 -9999.0 -9999.0 -9999.0 -9999.0 -9999.0 -9999.0 -9999.0 -9999.0 -9999.0 -9999.0 -9999.0 -9999.0 -9999.0 -9999.0 -9999.0 -9999.0 -9999.0 -9999.0 -9999.0 -9999.0 -9999.0 -9999.0 -9999.0 -9999.0 -9999.0 -9999.0 -9999.0 -9999.0
-9999.0 -9999.0 -9999.0 -9999.0 -9999.0 -9999.0 -9999.0 -9999.0 -9999.0 -9999.0 -9999.0 -9999.0 -9999.0 -9999.0 -9999.0 -9999.0 -9999.0 -9999.0 -9999.0 -9999.0 -9999.0 -9999.0 -9999.0 -9999.0 -9999.0 -9999.0 -9999.0 -9999.0 -9999.0 -9999.0 -9999.0 -9999.0 -9999.0 -9999.0 -9999.0 -9999.0 -9999.0 -9999.0 -9999.0 -9999.0 -9999.0 -9999.0 -9999.0 -9999.0 -9999.0 -9999.0 -9999.0 -9999.0 -9999.0 -9999.0 -9999.0 -9999.0 -9999.0 -9999.0 -9999.0 -9999.0 -9999.0 -9999.0 -9999.0 -9999.0 -9999.0 -9999.0 -9999.0 -9999.0 -9999.0 -9999.0 -9999.0 -9999.0 -9999.0 -9999.0 -9999.0 -9999.0 -9999.0 -9999.0 -9999.0 -9999.0 -9999.0 -9999.0 -9999.0 -9999.0 -9999.0 -9999.0 -9999.0 -9999.0 -9999.0 -9999.0 -9999.0 -9999.0 -9999.0 -9999.0 -9999.0 -9999.0 -9999.0 -9999.0 -9999.0 -9999.0 -9999.0 -9999.0 -9999.0 -9999.0 -9999.0 -9999.0 -9999.0 -9999.0