inst/processing_geotop_simulation/geotop_simulation/out/maps3D/PwL0008N0146.asc
ncols         104
nrows         10
xllcorner     -2.000000
yllcorner     0.000000
cellsize      1.000000
NODATA_value  -9999.0
-9999.0 -9999.0 -9999.0 -9999.0 -9999.0 -9999.0 -9999.0 -9999.0 -9999.0 -9999.0 -9999.0 -9999.0 -9999.0 -9999.0 -9999.0 -9999.0 -9999.0 -9999.0 -9999.0 -9999.0 -9999.0 -9999.0 -9999.0 -9999.0 -9999.0 -9999.0 -9999.0 -9999.0 -9999.0 -9999.0 -9999.0 -9999.0 -9999.0 -9999.0 -9999.0 -9999.0 -9999.0 -9999.0 -9999.0 -9999.0 -9999.0 -9999.0 -9999.0 -9999.0 -9999.0 -9999.0 -9999.0 -9999.0 -9999.0 -9999.0 -9999.0 -9999.0 -9999.0 -9999.0 -9999.0 -9999.0 -9999.0 -9999.0 -9999.0 -9999.0 -9999.0 -9999.0 -9999.0 -9999.0 -9999.0 -9999.0 -9999.0 -9999.0 -9999.0 -9999.0 -9999.0 -9999.0 -9999.0 -9999.0 -9999.0 -9999.0 -9999.0 -9999.0 -9999.0 -9999.0 -9999.0 -9999.0 -9999.0 -9999.0 -9999.0 -9999.0 -9999.0 -9999.0 -9999.0 -9999.0 -9999.0 -9999.0 -9999.0 -9999.0 -9999.0 -9999.0 -9999.0 -9999.0 -9999.0 -9999.0 -9999.0 -9999.0 -9999.0 -9999.0
-9999.0 -9999.0 -9999.0 -9999.0 -9999.0 -9999.0 -9999.0 -9999.0 -9999.0 -9999.0 -9999.0 -9999.0 -9999.0 -9999.0 -9999.0 -9999.0 -9999.0 -9999.0 -9999.0 -9999.0 -9999.0 -9999.0 -9999.0 -9999.0 -9999.0 -9999.0 -9999.0 -9999.0 -9999.0 -9999.0 -9999.0 -9999.0 -9999.0 -9999.0 -9999.0 -9999.0 -9999.0 -9999.0 -9999.0 -9999.0 -9999.0 -9999.0 -9999.0 -9999.0 -9999.0 -9999.0 -9999.0 -9999.0 -9999.0 -9999.0 -9999.0 -9999.0 -9999.0 -9999.0 -9999.0 -9999.0 -9999.0 -9999.0 -9999.0 -9999.0 -9999.0 -9999.0 -9999.0 -9999.0 -9999.0 -9999.0 -9999.0 -9999.0 -9999.0 -9999.0 -9999.0 -9999.0 -9999.0 -9999.0 -9999.0 -9999.0 -9999.0 -9999.0 -9999.0 -9999.0 -9999.0 -9999.0 -9999.0 -9999.0 -9999.0 -9999.0 -9999.0 -9999.0 -9999.0 -9999.0 -9999.0 -9999.0 -9999.0 -9999.0 -9999.0 -9999.0 -9999.0 -9999.0 -9999.0 -9999.0 -9999.0 -9999.0 -9999.0 -9999.0
-9999.0 -9999.0 384.963280 295.524133 202.241932 107.418282 11.965808 -83.731176 -179.510720 -275.243828 -370.798528 -465.955949 -560.375673 -653.866793 -748.235827 -842.330326 -936.358649 -1030.349691 -1122.702687 -1206.597087 -1274.137571 -1323.948541 -1358.089269 -1380.366828 -1394.581749 -1403.666022 -1409.572318 -1413.493267 -1416.135158 -1417.925707 -1419.138660 -1419.957239 -1420.507118 -1420.874775 -1421.119410 -1421.283134 -1421.402980 -1421.530891 -1421.834968 -1423.415732 -1432.448191 -1470.067101 -1211.128424 -1316.844955 -1266.950852 -1237.399933 -1223.948016 -1222.212624 -1222.038566 -1222.059157 -1222.107718 -1222.159619 -1222.209430 -1222.255517 -1222.298077 -1222.345699 -1222.483778 -1223.456677 -1230.344002 -1246.135894 -1271.847803 -1143.791896 -1444.726065 -1427.952897 -1422.687665 -1421.845201 -1421.721233 -1421.701941 -1421.699791 -1421.700671 -1421.701893 -1421.702935 -1421.703741 -1421.704353 -1421.704819 -1421.705181 -1421.705466 -1421.705696 -1421.705888 -1421.706057 -1421.706221 -1421.706403 -1421.706631 -1421.706947 -1421.707414 -1421.708131 -1421.709257 -1421.711057 -1421.713974 -1421.718780 -1421.726863 -1421.740803 -1421.765551 -1421.810825 -1421.895980 -1422.059937 -1422.382346 -1423.033444 -1424.406327 -1427.495589 -1435.104173 -1457.335447 -9999.0 -9999.0
-9999.0 -9999.0 384.971383 295.526205 202.242492 107.418449 11.965861 -83.731158 -179.510714 -275.243826 -370.798528 -465.955949 -560.375673 -653.866793 -748.235827 -842.330326 -936.358650 -1030.349692 -1122.702687 -1206.597088 -1274.137572 -1323.948542 -1358.089269 -1380.366828 -1394.581749 -1403.666022 -1409.572318 -1413.493267 -1416.135158 -1417.925707 -1419.138660 -1419.957239 -1420.507118 -1420.874775 -1421.119410 -1421.283134 -1421.402980 -1421.530891 -1421.834968 -1423.415732 -1432.448191 -1470.067101 -1211.128424 -1316.844954 -1266.950851 -1237.399932 -1223.948016 -1222.212624 -1222.038566 -1222.059157 -1222.107718 -1222.159619 -1222.209430 -1222.255517 -1222.298077 -1222.345699 -1222.483778 -1223.456677 -1230.344002 -1246.135894 -1271.847803 -1143.791896 -1444.726065 -1427.952897 -1422.687665 -1421.845201 -1421.721233 -1421.701941 -1421.699791 -1421.700671 -1421.701893 -1421.702935 -1421.703741 -1421.704353 -1421.704819 -1421.705181 -1421.705466 -1421.705696 -1421.705888 -1421.706057 -1421.706221 -1421.706403 -1421.706631 -1421.706947 -1421.707414 -1421.708131 -1421.709257 -1421.711057 -1421.713974 -1421.718780 -1421.726863 -1421.740803 -1421.765551 -1421.810825 -1421.895980 -1422.059937 -1422.382346 -1423.033444 -1424.406327 -1427.495589 -1435.104173 -1457.335447 -9999.0 -9999.0
-9999.0 -9999.0 384.973047 295.527097 202.242850 107.418581 11.965908 -83.731142 -179.510707 -275.243824 -370.798527 -465.955948 -560.375673 -653.866793 -748.235827 -842.330326 -936.358650 -1030.349692 -1122.702687 -1206.597088 -1274.137572 -1323.948542 -1358.089269 -1380.366828 -1394.581749 -1403.666022 -1409.572318 -1413.493267 -1416.135158 -1417.925707 -1419.138660 -1419.957239 -1420.507118 -1420.874775 -1421.119410 -1421.283134 -1421.402980 -1421.530891 -1421.834968 -1423.415732 -1432.448191 -1470.067101 -1211.128424 -1316.844954 -1266.950851 -1237.399932 -1223.948016 -1222.212624 -1222.038566 -1222.059157 -1222.107718 -1222.159619 -1222.209430 -1222.255517 -1222.298077 -1222.345699 -1222.483778 -1223.456677 -1230.344002 -1246.135894 -1271.847803 -1143.791896 -1444.726065 -1427.952897 -1422.687665 -1421.845201 -1421.721233 -1421.701941 -1421.699791 -1421.700671 -1421.701893 -1421.702935 -1421.703741 -1421.704353 -1421.704819 -1421.705181 -1421.705466 -1421.705696 -1421.705888 -1421.706057 -1421.706221 -1421.706403 -1421.706631 -1421.706947 -1421.707414 -1421.708131 -1421.709257 -1421.711057 -1421.713974 -1421.718780 -1421.726863 -1421.740803 -1421.765551 -1421.810825 -1421.895980 -1422.059937 -1422.382346 -1423.033444 -1424.406327 -1427.495589 -1435.104173 -1457.335447 -9999.0 -9999.0
-9999.0 -9999.0 384.973047 295.527097 202.242850 107.418581 11.965908 -83.731142 -179.510708 -275.243824 -370.798527 -465.955948 -560.375673 -653.866793 -748.235827 -842.330326 -936.358650 -1030.349692 -1122.702687 -1206.597088 -1274.137572 -1323.948542 -1358.089269 -1380.366828 -1394.581749 -1403.666022 -1409.572318 -1413.493267 -1416.135158 -1417.925707 -1419.138660 -1419.957239 -1420.507118 -1420.874775 -1421.119410 -1421.283134 -1421.402980 -1421.530891 -1421.834968 -1423.415732 -1432.448191 -1470.067101 -1211.128424 -1316.844954 -1266.950851 -1237.399932 -1223.948016 -1222.212624 -1222.038566 -1222.059157 -1222.107718 -1222.159619 -1222.209430 -1222.255517 -1222.298077 -1222.345699 -1222.483778 -1223.456677 -1230.344002 -1246.135894 -1271.847803 -1143.791896 -1444.726065 -1427.952897 -1422.687665 -1421.845201 -1421.721233 -1421.701941 -1421.699791 -1421.700671 -1421.701893 -1421.702935 -1421.703741 -1421.704353 -1421.704819 -1421.705181 -1421.705466 -1421.705696 -1421.705888 -1421.706057 -1421.706221 -1421.706403 -1421.706631 -1421.706947 -1421.707414 -1421.708131 -1421.709257 -1421.711057 -1421.713974 -1421.718780 -1421.726863 -1421.740803 -1421.765551 -1421.810825 -1421.895980 -1422.059937 -1422.382346 -1423.033444 -1424.406327 -1427.495589 -1435.104173 -1457.335447 -9999.0 -9999.0
-9999.0 -9999.0 384.971383 295.526205 202.242492 107.418449 11.965861 -83.731159 -179.510713 -275.243826 -370.798527 -465.955949 -560.375673 -653.866793 -748.235827 -842.330326 -936.358650 -1030.349692 -1122.702687 -1206.597088 -1274.137572 -1323.948542 -1358.089269 -1380.366828 -1394.581749 -1403.666022 -1409.572318 -1413.493267 -1416.135158 -1417.925707 -1419.138660 -1419.957239 -1420.507118 -1420.874775 -1421.119410 -1421.283134 -1421.402980 -1421.530891 -1421.834968 -1423.415732 -1432.448191 -1470.067101 -1211.128424 -1316.844954 -1266.950851 -1237.399932 -1223.948016 -1222.212624 -1222.038566 -1222.059157 -1222.107718 -1222.159619 -1222.209430 -1222.255517 -1222.298077 -1222.345699 -1222.483778 -1223.456677 -1230.344002 -1246.135894 -1271.847803 -1143.791896 -1444.726065 -1427.952897 -1422.687665 -1421.845201 -1421.721233 -1421.701941 -1421.699791 -1421.700671 -1421.701893 -1421.702935 -1421.703741 -1421.704353 -1421.704819 -1421.705181 -1421.705466 -1421.705696 -1421.705888 -1421.706057 -1421.706221 -1421.706403 -1421.706631 -1421.706947 -1421.707414 -1421.708131 -1421.709257 -1421.711057 -1421.713974 -1421.718780 -1421.726863 -1421.740803 -1421.765551 -1421.810825 -1421.895980 -1422.059937 -1422.382346 -1423.033444 -1424.406327 -1427.495589 -1435.104173 -1457.335447 -9999.0 -9999.0
-9999.0 -9999.0 384.963280 295.524133 202.241932 107.418282 11.965808 -83.731176 -179.510720 -275.243828 -370.798528 -465.955949 -560.375673 -653.866793 -748.235827 -842.330326 -936.358649 -1030.349691 -1122.702687 -1206.597087 -1274.137571 -1323.948541 -1358.089269 -1380.366828 -1394.581749 -1403.666022 -1409.572318 -1413.493267 -1416.135158 -1417.925707 -1419.138660 -1419.957239 -1420.507118 -1420.874775 -1421.119410 -1421.283134 -1421.402980 -1421.530891 -1421.834968 -1423.415732 -1432.448191 -1470.067101 -1211.128424 -1316.844955 -1266.950852 -1237.399933 -1223.948016 -1222.212624 -1222.038566 -1222.059157 -1222.107718 -1222.159619 -1222.209430 -1222.255517 -1222.298077 -1222.345699 -1222.483778 -1223.456677 -1230.344002 -1246.135894 -1271.847803 -1143.791896 -1444.726065 -1427.952897 -1422.687665 -1421.845201 -1421.721233 -1421.701941 -1421.699791 -1421.700671 -1421.701893 -1421.702935 -1421.703741 -1421.704353 -1421.704819 -1421.705181 -1421.705466 -1421.705696 -1421.705888 -1421.706057 -1421.706221 -1421.706403 -1421.706631 -1421.706947 -1421.707414 -1421.708131 -1421.709257 -1421.711057 -1421.713974 -1421.718780 -1421.726863 -1421.740803 -1421.765551 -1421.810825 -1421.895980 -1422.059937 -1422.382346 -1423.033444 -1424.406327 -1427.495589 -1435.104173 -1457.335447 -9999.0 -9999.0
-9999.0 -9999.0 -9999.0 -9999.0 -9999.0 -9999.0 -9999.0 -9999.0 -9999.0 -9999.0 -9999.0 -9999.0 -9999.0 -9999.0 -9999.0 -9999.0 -9999.0 -9999.0 -9999.0 -9999.0 -9999.0 -9999.0 -9999.0 -9999.0 -9999.0 -9999.0 -9999.0 -9999.0 -9999.0 -9999.0 -9999.0 -9999.0 -9999.0 -9999.0 -9999.0 -9999.0 -9999.0 -9999.0 -9999.0 -9999.0 -9999.0 -9999.0 -9999.0 -9999.0 -9999.0 -9999.0 -9999.0 -9999.0 -9999.0 -9999.0 -9999.0 -9999.0 -9999.0 -9999.0 -9999.0 -9999.0 -9999.0 -9999.0 -9999.0 -9999.0 -9999.0 -9999.0 -9999.0 -9999.0 -9999.0 -9999.0 -9999.0 -9999.0 -9999.0 -9999.0 -9999.0 -9999.0 -9999.0 -9999.0 -9999.0 -9999.0 -9999.0 -9999.0 -9999.0 -9999.0 -9999.0 -9999.0 -9999.0 -9999.0 -9999.0 -9999.0 -9999.0 -9999.0 -9999.0 -9999.0 -9999.0 -9999.0 -9999.0 -9999.0 -9999.0 -9999.0 -9999.0 -9999.0 -9999.0 -9999.0 -9999.0 -9999.0 -9999.0 -9999.0
-9999.0 -9999.0 -9999.0 -9999.0 -9999.0 -9999.0 -9999.0 -9999.0 -9999.0 -9999.0 -9999.0 -9999.0 -9999.0 -9999.0 -9999.0 -9999.0 -9999.0 -9999.0 -9999.0 -9999.0 -9999.0 -9999.0 -9999.0 -9999.0 -9999.0 -9999.0 -9999.0 -9999.0 -9999.0 -9999.0 -9999.0 -9999.0 -9999.0 -9999.0 -9999.0 -9999.0 -9999.0 -9999.0 -9999.0 -9999.0 -9999.0 -9999.0 -9999.0 -9999.0 -9999.0 -9999.0 -9999.0 -9999.0 -9999.0 -9999.0 -9999.0 -9999.0 -9999.0 -9999.0 -9999.0 -9999.0 -9999.0 -9999.0 -9999.0 -9999.0 -9999.0 -9999.0 -9999.0 -9999.0 -9999.0 -9999.0 -9999.0 -9999.0 -9999.0 -9999.0 -9999.0 -9999.0 -9999.0 -9999.0 -9999.0 -9999.0 -9999.0 -9999.0 -9999.0 -9999.0 -9999.0 -9999.0 -9999.0 -9999.0 -9999.0 -9999.0 -9999.0 -9999.0 -9999.0 -9999.0 -9999.0 -9999.0 -9999.0 -9999.0 -9999.0 -9999.0 -9999.0 -9999.0 -9999.0 -9999.0 -9999.0 -9999.0 -9999.0 -9999.0