inst/processing_geotop_simulation/geotop_simulation/out/maps3D/PwL0013N0247.asc
ncols         104
nrows         10
xllcorner     -2.000000
yllcorner     0.000000
cellsize      1.000000
NODATA_value  -9999.0
-9999.0 -9999.0 -9999.0 -9999.0 -9999.0 -9999.0 -9999.0 -9999.0 -9999.0 -9999.0 -9999.0 -9999.0 -9999.0 -9999.0 -9999.0 -9999.0 -9999.0 -9999.0 -9999.0 -9999.0 -9999.0 -9999.0 -9999.0 -9999.0 -9999.0 -9999.0 -9999.0 -9999.0 -9999.0 -9999.0 -9999.0 -9999.0 -9999.0 -9999.0 -9999.0 -9999.0 -9999.0 -9999.0 -9999.0 -9999.0 -9999.0 -9999.0 -9999.0 -9999.0 -9999.0 -9999.0 -9999.0 -9999.0 -9999.0 -9999.0 -9999.0 -9999.0 -9999.0 -9999.0 -9999.0 -9999.0 -9999.0 -9999.0 -9999.0 -9999.0 -9999.0 -9999.0 -9999.0 -9999.0 -9999.0 -9999.0 -9999.0 -9999.0 -9999.0 -9999.0 -9999.0 -9999.0 -9999.0 -9999.0 -9999.0 -9999.0 -9999.0 -9999.0 -9999.0 -9999.0 -9999.0 -9999.0 -9999.0 -9999.0 -9999.0 -9999.0 -9999.0 -9999.0 -9999.0 -9999.0 -9999.0 -9999.0 -9999.0 -9999.0 -9999.0 -9999.0 -9999.0 -9999.0 -9999.0 -9999.0 -9999.0 -9999.0 -9999.0 -9999.0
-9999.0 -9999.0 -9999.0 -9999.0 -9999.0 -9999.0 -9999.0 -9999.0 -9999.0 -9999.0 -9999.0 -9999.0 -9999.0 -9999.0 -9999.0 -9999.0 -9999.0 -9999.0 -9999.0 -9999.0 -9999.0 -9999.0 -9999.0 -9999.0 -9999.0 -9999.0 -9999.0 -9999.0 -9999.0 -9999.0 -9999.0 -9999.0 -9999.0 -9999.0 -9999.0 -9999.0 -9999.0 -9999.0 -9999.0 -9999.0 -9999.0 -9999.0 -9999.0 -9999.0 -9999.0 -9999.0 -9999.0 -9999.0 -9999.0 -9999.0 -9999.0 -9999.0 -9999.0 -9999.0 -9999.0 -9999.0 -9999.0 -9999.0 -9999.0 -9999.0 -9999.0 -9999.0 -9999.0 -9999.0 -9999.0 -9999.0 -9999.0 -9999.0 -9999.0 -9999.0 -9999.0 -9999.0 -9999.0 -9999.0 -9999.0 -9999.0 -9999.0 -9999.0 -9999.0 -9999.0 -9999.0 -9999.0 -9999.0 -9999.0 -9999.0 -9999.0 -9999.0 -9999.0 -9999.0 -9999.0 -9999.0 -9999.0 -9999.0 -9999.0 -9999.0 -9999.0 -9999.0 -9999.0 -9999.0 -9999.0 -9999.0 -9999.0 -9999.0 -9999.0
-9999.0 -9999.0 625.418610 528.669809 431.136347 333.124463 234.894810 136.572223 38.218593 -60.127148 -158.449445 -256.720528 -354.880849 -452.799623 -550.259425 -646.977927 -743.275453 -839.684919 -935.661239 -1031.111196 -1123.397142 -1208.322644 -1284.443711 -1349.493662 -1402.543880 -1444.020796 -1475.303421 -1498.206124 -1514.570444 -1526.032336 -1533.931437 -1539.305014 -1542.923730 -1545.342295 -1546.950578 -1548.019757 -1548.745876 -1549.318249 -1550.164929 -1552.975911 -1563.832207 -1601.122966 -1873.905230 -4185.854267 -4049.777721 -3838.269894 -3715.083212 -3698.389213 -3696.703265 -3696.881006 -3697.322124 -3697.794171 -3698.247046 -3698.665917 -3699.052961 -3699.489620 -3700.786111 -3710.021339 -3774.905809 -3908.053912 -3984.431073 -1674.900281 -1566.272476 -1556.576361 -1551.645345 -1550.462492 -1550.251372 -1550.217895 -1550.213237 -1550.213205 -1550.213840 -1550.214456 -1550.214949 -1550.215330 -1550.215623 -1550.215853 -1550.216036 -1550.216185 -1550.216312 -1550.216425 -1550.216537 -1550.216661 -1550.216817 -1550.217031 -1550.217345 -1550.217825 -1550.218577 -1550.219781 -1550.221740 -1550.224990 -1550.230510 -1550.240143 -1550.257465 -1550.289559 -1550.350741 -1550.470667 -1550.713554 -1551.228177 -1552.387172 -1555.200537 -1562.738194 -1586.400645 -9999.0 -9999.0
-9999.0 -9999.0 625.423704 528.671400 431.136813 333.124607 234.894857 136.572239 38.218599 -60.127146 -158.449444 -256.720527 -354.880848 -452.799623 -550.259425 -646.977927 -743.275453 -839.684919 -935.661239 -1031.111196 -1123.397142 -1208.322644 -1284.443712 -1349.493662 -1402.543880 -1444.020796 -1475.303421 -1498.206124 -1514.570444 -1526.032336 -1533.931437 -1539.305014 -1542.923730 -1545.342295 -1546.950578 -1548.019757 -1548.745876 -1549.318249 -1550.164929 -1552.975911 -1563.832207 -1601.122966 -1873.905230 -4185.854266 -4049.777718 -3838.269887 -3715.083212 -3698.389213 -3696.703265 -3696.881006 -3697.322124 -3697.794171 -3698.247046 -3698.665917 -3699.052961 -3699.489620 -3700.786111 -3710.021339 -3774.905808 -3908.053912 -3984.431073 -1674.900281 -1566.272476 -1556.576361 -1551.645345 -1550.462492 -1550.251372 -1550.217895 -1550.213237 -1550.213205 -1550.213840 -1550.214456 -1550.214949 -1550.215330 -1550.215623 -1550.215853 -1550.216036 -1550.216185 -1550.216312 -1550.216425 -1550.216537 -1550.216661 -1550.216817 -1550.217031 -1550.217345 -1550.217825 -1550.218577 -1550.219781 -1550.221740 -1550.224990 -1550.230510 -1550.240143 -1550.257465 -1550.289559 -1550.350741 -1550.470667 -1550.713554 -1551.228177 -1552.387172 -1555.200537 -1562.738194 -1586.400645 -9999.0 -9999.0
-9999.0 -9999.0 625.425151 528.672156 431.137121 333.124722 234.894899 136.572254 38.218604 -60.127144 -158.449443 -256.720527 -354.880848 -452.799623 -550.259425 -646.977927 -743.275453 -839.684919 -935.661239 -1031.111196 -1123.397142 -1208.322644 -1284.443712 -1349.493662 -1402.543881 -1444.020796 -1475.303421 -1498.206124 -1514.570444 -1526.032337 -1533.931437 -1539.305014 -1542.923730 -1545.342295 -1546.950578 -1548.019757 -1548.745876 -1549.318249 -1550.164929 -1552.975911 -1563.832207 -1601.122966 -1873.905230 -4185.854266 -4049.777718 -3838.269884 -3715.083212 -3698.389212 -3696.703265 -3696.881006 -3697.322124 -3697.794171 -3698.247046 -3698.665917 -3699.052961 -3699.489620 -3700.786111 -3710.021339 -3774.905809 -3908.053912 -3984.431073 -1674.900281 -1566.272476 -1556.576361 -1551.645345 -1550.462492 -1550.251372 -1550.217895 -1550.213237 -1550.213205 -1550.213840 -1550.214456 -1550.214949 -1550.215330 -1550.215623 -1550.215853 -1550.216036 -1550.216185 -1550.216312 -1550.216425 -1550.216537 -1550.216661 -1550.216817 -1550.217031 -1550.217345 -1550.217825 -1550.218577 -1550.219781 -1550.221740 -1550.224990 -1550.230510 -1550.240143 -1550.257465 -1550.289559 -1550.350741 -1550.470667 -1550.713554 -1551.228177 -1552.387172 -1555.200537 -1562.738194 -1586.400645 -9999.0 -9999.0
-9999.0 -9999.0 625.425151 528.672156 431.137121 333.124722 234.894899 136.572254 38.218604 -60.127144 -158.449443 -256.720527 -354.880848 -452.799623 -550.259425 -646.977927 -743.275453 -839.684919 -935.661239 -1031.111196 -1123.397142 -1208.322644 -1284.443712 -1349.493662 -1402.543881 -1444.020796 -1475.303421 -1498.206124 -1514.570444 -1526.032337 -1533.931437 -1539.305014 -1542.923730 -1545.342295 -1546.950578 -1548.019757 -1548.745876 -1549.318249 -1550.164929 -1552.975911 -1563.832207 -1601.122966 -1873.905230 -4185.854266 -4049.777718 -3838.269884 -3715.083212 -3698.389212 -3696.703265 -3696.881006 -3697.322124 -3697.794171 -3698.247046 -3698.665917 -3699.052961 -3699.489620 -3700.786111 -3710.021339 -3774.905809 -3908.053912 -3984.431073 -1674.900281 -1566.272476 -1556.576361 -1551.645345 -1550.462492 -1550.251372 -1550.217895 -1550.213237 -1550.213205 -1550.213840 -1550.214456 -1550.214949 -1550.215330 -1550.215623 -1550.215853 -1550.216036 -1550.216185 -1550.216312 -1550.216425 -1550.216537 -1550.216661 -1550.216817 -1550.217031 -1550.217345 -1550.217825 -1550.218577 -1550.219781 -1550.221740 -1550.224990 -1550.230510 -1550.240143 -1550.257465 -1550.289559 -1550.350741 -1550.470667 -1550.713554 -1551.228177 -1552.387172 -1555.200537 -1562.738194 -1586.400645 -9999.0 -9999.0
-9999.0 -9999.0 625.423704 528.671400 431.136813 333.124608 234.894857 136.572239 38.218599 -60.127146 -158.449444 -256.720527 -354.880848 -452.799623 -550.259425 -646.977927 -743.275453 -839.684919 -935.661239 -1031.111196 -1123.397142 -1208.322644 -1284.443712 -1349.493662 -1402.543880 -1444.020796 -1475.303421 -1498.206124 -1514.570444 -1526.032336 -1533.931437 -1539.305014 -1542.923730 -1545.342295 -1546.950578 -1548.019757 -1548.745876 -1549.318249 -1550.164929 -1552.975911 -1563.832207 -1601.122966 -1873.905230 -4185.854266 -4049.777718 -3838.269887 -3715.083212 -3698.389213 -3696.703265 -3696.881006 -3697.322124 -3697.794171 -3698.247046 -3698.665917 -3699.052961 -3699.489620 -3700.786111 -3710.021339 -3774.905808 -3908.053912 -3984.431073 -1674.900281 -1566.272476 -1556.576361 -1551.645345 -1550.462492 -1550.251372 -1550.217895 -1550.213237 -1550.213205 -1550.213840 -1550.214456 -1550.214949 -1550.215330 -1550.215623 -1550.215853 -1550.216036 -1550.216185 -1550.216312 -1550.216425 -1550.216537 -1550.216661 -1550.216817 -1550.217031 -1550.217345 -1550.217825 -1550.218577 -1550.219781 -1550.221740 -1550.224990 -1550.230510 -1550.240143 -1550.257465 -1550.289559 -1550.350741 -1550.470667 -1550.713554 -1551.228177 -1552.387172 -1555.200537 -1562.738194 -1586.400645 -9999.0 -9999.0
-9999.0 -9999.0 625.418610 528.669809 431.136347 333.124463 234.894810 136.572223 38.218593 -60.127148 -158.449445 -256.720528 -354.880849 -452.799623 -550.259425 -646.977927 -743.275453 -839.684919 -935.661239 -1031.111196 -1123.397142 -1208.322644 -1284.443711 -1349.493662 -1402.543880 -1444.020796 -1475.303421 -1498.206124 -1514.570444 -1526.032336 -1533.931437 -1539.305014 -1542.923730 -1545.342295 -1546.950578 -1548.019757 -1548.745876 -1549.318249 -1550.164929 -1552.975911 -1563.832207 -1601.122966 -1873.905230 -4185.854267 -4049.777721 -3838.269894 -3715.083212 -3698.389213 -3696.703265 -3696.881006 -3697.322124 -3697.794171 -3698.247046 -3698.665917 -3699.052961 -3699.489620 -3700.786111 -3710.021339 -3774.905809 -3908.053912 -3984.431073 -1674.900281 -1566.272476 -1556.576361 -1551.645345 -1550.462492 -1550.251372 -1550.217895 -1550.213237 -1550.213205 -1550.213840 -1550.214456 -1550.214949 -1550.215330 -1550.215623 -1550.215853 -1550.216036 -1550.216185 -1550.216312 -1550.216425 -1550.216537 -1550.216661 -1550.216817 -1550.217031 -1550.217345 -1550.217825 -1550.218577 -1550.219781 -1550.221740 -1550.224990 -1550.230510 -1550.240143 -1550.257465 -1550.289559 -1550.350741 -1550.470667 -1550.713554 -1551.228177 -1552.387172 -1555.200537 -1562.738194 -1586.400645 -9999.0 -9999.0
-9999.0 -9999.0 -9999.0 -9999.0 -9999.0 -9999.0 -9999.0 -9999.0 -9999.0 -9999.0 -9999.0 -9999.0 -9999.0 -9999.0 -9999.0 -9999.0 -9999.0 -9999.0 -9999.0 -9999.0 -9999.0 -9999.0 -9999.0 -9999.0 -9999.0 -9999.0 -9999.0 -9999.0 -9999.0 -9999.0 -9999.0 -9999.0 -9999.0 -9999.0 -9999.0 -9999.0 -9999.0 -9999.0 -9999.0 -9999.0 -9999.0 -9999.0 -9999.0 -9999.0 -9999.0 -9999.0 -9999.0 -9999.0 -9999.0 -9999.0 -9999.0 -9999.0 -9999.0 -9999.0 -9999.0 -9999.0 -9999.0 -9999.0 -9999.0 -9999.0 -9999.0 -9999.0 -9999.0 -9999.0 -9999.0 -9999.0 -9999.0 -9999.0 -9999.0 -9999.0 -9999.0 -9999.0 -9999.0 -9999.0 -9999.0 -9999.0 -9999.0 -9999.0 -9999.0 -9999.0 -9999.0 -9999.0 -9999.0 -9999.0 -9999.0 -9999.0 -9999.0 -9999.0 -9999.0 -9999.0 -9999.0 -9999.0 -9999.0 -9999.0 -9999.0 -9999.0 -9999.0 -9999.0 -9999.0 -9999.0 -9999.0 -9999.0 -9999.0 -9999.0
-9999.0 -9999.0 -9999.0 -9999.0 -9999.0 -9999.0 -9999.0 -9999.0 -9999.0 -9999.0 -9999.0 -9999.0 -9999.0 -9999.0 -9999.0 -9999.0 -9999.0 -9999.0 -9999.0 -9999.0 -9999.0 -9999.0 -9999.0 -9999.0 -9999.0 -9999.0 -9999.0 -9999.0 -9999.0 -9999.0 -9999.0 -9999.0 -9999.0 -9999.0 -9999.0 -9999.0 -9999.0 -9999.0 -9999.0 -9999.0 -9999.0 -9999.0 -9999.0 -9999.0 -9999.0 -9999.0 -9999.0 -9999.0 -9999.0 -9999.0 -9999.0 -9999.0 -9999.0 -9999.0 -9999.0 -9999.0 -9999.0 -9999.0 -9999.0 -9999.0 -9999.0 -9999.0 -9999.0 -9999.0 -9999.0 -9999.0 -9999.0 -9999.0 -9999.0 -9999.0 -9999.0 -9999.0 -9999.0 -9999.0 -9999.0 -9999.0 -9999.0 -9999.0 -9999.0 -9999.0 -9999.0 -9999.0 -9999.0 -9999.0 -9999.0 -9999.0 -9999.0 -9999.0 -9999.0 -9999.0 -9999.0 -9999.0 -9999.0 -9999.0 -9999.0 -9999.0 -9999.0 -9999.0 -9999.0 -9999.0 -9999.0 -9999.0 -9999.0 -9999.0