inst/processing_geotop_simulation/geotop_simulation/out/maps3D/PwL0008N0374.asc
ncols         104
nrows         10
xllcorner     -2.000000
yllcorner     0.000000
cellsize      1.000000
NODATA_value  -9999.0
-9999.0 -9999.0 -9999.0 -9999.0 -9999.0 -9999.0 -9999.0 -9999.0 -9999.0 -9999.0 -9999.0 -9999.0 -9999.0 -9999.0 -9999.0 -9999.0 -9999.0 -9999.0 -9999.0 -9999.0 -9999.0 -9999.0 -9999.0 -9999.0 -9999.0 -9999.0 -9999.0 -9999.0 -9999.0 -9999.0 -9999.0 -9999.0 -9999.0 -9999.0 -9999.0 -9999.0 -9999.0 -9999.0 -9999.0 -9999.0 -9999.0 -9999.0 -9999.0 -9999.0 -9999.0 -9999.0 -9999.0 -9999.0 -9999.0 -9999.0 -9999.0 -9999.0 -9999.0 -9999.0 -9999.0 -9999.0 -9999.0 -9999.0 -9999.0 -9999.0 -9999.0 -9999.0 -9999.0 -9999.0 -9999.0 -9999.0 -9999.0 -9999.0 -9999.0 -9999.0 -9999.0 -9999.0 -9999.0 -9999.0 -9999.0 -9999.0 -9999.0 -9999.0 -9999.0 -9999.0 -9999.0 -9999.0 -9999.0 -9999.0 -9999.0 -9999.0 -9999.0 -9999.0 -9999.0 -9999.0 -9999.0 -9999.0 -9999.0 -9999.0 -9999.0 -9999.0 -9999.0 -9999.0 -9999.0 -9999.0 -9999.0 -9999.0 -9999.0 -9999.0
-9999.0 -9999.0 -9999.0 -9999.0 -9999.0 -9999.0 -9999.0 -9999.0 -9999.0 -9999.0 -9999.0 -9999.0 -9999.0 -9999.0 -9999.0 -9999.0 -9999.0 -9999.0 -9999.0 -9999.0 -9999.0 -9999.0 -9999.0 -9999.0 -9999.0 -9999.0 -9999.0 -9999.0 -9999.0 -9999.0 -9999.0 -9999.0 -9999.0 -9999.0 -9999.0 -9999.0 -9999.0 -9999.0 -9999.0 -9999.0 -9999.0 -9999.0 -9999.0 -9999.0 -9999.0 -9999.0 -9999.0 -9999.0 -9999.0 -9999.0 -9999.0 -9999.0 -9999.0 -9999.0 -9999.0 -9999.0 -9999.0 -9999.0 -9999.0 -9999.0 -9999.0 -9999.0 -9999.0 -9999.0 -9999.0 -9999.0 -9999.0 -9999.0 -9999.0 -9999.0 -9999.0 -9999.0 -9999.0 -9999.0 -9999.0 -9999.0 -9999.0 -9999.0 -9999.0 -9999.0 -9999.0 -9999.0 -9999.0 -9999.0 -9999.0 -9999.0 -9999.0 -9999.0 -9999.0 -9999.0 -9999.0 -9999.0 -9999.0 -9999.0 -9999.0 -9999.0 -9999.0 -9999.0 -9999.0 -9999.0 -9999.0 -9999.0 -9999.0 -9999.0
-9999.0 -9999.0 373.807209 275.767486 177.004919 77.955062 -21.209233 -120.418373 -219.642191 -318.859435 -418.048294 -517.172437 -616.155485 -714.851857 -813.576670 -912.240894 -1010.789584 -1109.221942 -1206.516686 -1302.362217 -1395.519626 -1483.803041 -1564.309830 -1634.404993 -1692.642532 -1739.017833 -1774.643305 -1801.219768 -1820.583887 -1834.428985 -1844.179485 -1850.963987 -1855.639863 -1858.838635 -1861.015240 -1862.494527 -1863.518884 -1864.330625 -1865.416852 -1868.062020 -1872.431242 -1842.276340 -1238.933594 -1305.484371 -1280.318149 -1263.768670 -1256.096206 -1254.977857 -1254.859608 -1254.870245 -1254.899245 -1254.930472 -1254.960482 -1254.988273 -1255.014100 -1255.044450 -1255.140869 -1255.797419 -1259.829117 -1268.844720 -1279.766811 -1198.853986 -1811.433582 -1865.535686 -1866.681037 -1865.891658 -1865.667929 -1865.624962 -1865.618113 -1865.617510 -1865.617881 -1865.618322 -1865.618691 -1865.618980 -1865.619207 -1865.619387 -1865.619533 -1865.619655 -1865.619760 -1865.619857 -1865.619954 -1865.620061 -1865.620193 -1865.620371 -1865.620627 -1865.621012 -1865.621610 -1865.622561 -1865.624105 -1865.626671 -1865.631046 -1865.638724 -1865.652622 -1865.678560 -1865.728422 -1865.827296 -1866.030960 -1866.472563 -1867.496904 -1870.087093 -1877.432600 -1901.634964 -9999.0 -9999.0
-9999.0 -9999.0 373.813887 275.769182 177.005376 77.955198 -21.209189 -120.418358 -219.642186 -318.859433 -418.048293 -517.172437 -616.155485 -714.851857 -813.576670 -912.240894 -1010.789584 -1109.221942 -1206.516686 -1302.362217 -1395.519627 -1483.803041 -1564.309830 -1634.404993 -1692.642532 -1739.017833 -1774.643305 -1801.219768 -1820.583887 -1834.428985 -1844.179485 -1850.963987 -1855.639863 -1858.838635 -1861.015240 -1862.494527 -1863.518884 -1864.330625 -1865.416852 -1868.062020 -1872.431242 -1842.276340 -1238.933594 -1305.484371 -1280.318149 -1263.768669 -1256.096206 -1254.977857 -1254.859607 -1254.870245 -1254.899245 -1254.930472 -1254.960482 -1254.988273 -1255.014100 -1255.044450 -1255.140869 -1255.797419 -1259.829117 -1268.844720 -1279.766811 -1198.853986 -1811.433582 -1865.535686 -1866.681037 -1865.891658 -1865.667929 -1865.624962 -1865.618113 -1865.617510 -1865.617881 -1865.618322 -1865.618691 -1865.618980 -1865.619207 -1865.619387 -1865.619533 -1865.619655 -1865.619760 -1865.619857 -1865.619954 -1865.620061 -1865.620193 -1865.620371 -1865.620627 -1865.621012 -1865.621610 -1865.622561 -1865.624105 -1865.626671 -1865.631046 -1865.638724 -1865.652622 -1865.678560 -1865.728422 -1865.827296 -1866.030960 -1866.472563 -1867.496904 -1870.087093 -1877.432600 -1901.634964 -9999.0 -9999.0
-9999.0 -9999.0 373.815258 275.769916 177.005669 77.955305 -21.209150 -120.418344 -219.642180 -318.859431 -418.048292 -517.172437 -616.155485 -714.851857 -813.576670 -912.240894 -1010.789584 -1109.221942 -1206.516686 -1302.362217 -1395.519627 -1483.803041 -1564.309830 -1634.404994 -1692.642532 -1739.017833 -1774.643305 -1801.219768 -1820.583887 -1834.428985 -1844.179485 -1850.963987 -1855.639863 -1858.838635 -1861.015240 -1862.494527 -1863.518884 -1864.330625 -1865.416852 -1868.062020 -1872.431242 -1842.276340 -1238.933594 -1305.484371 -1280.318149 -1263.768669 -1256.096206 -1254.977857 -1254.859607 -1254.870245 -1254.899245 -1254.930472 -1254.960482 -1254.988273 -1255.014100 -1255.044450 -1255.140869 -1255.797419 -1259.829117 -1268.844720 -1279.766811 -1198.853986 -1811.433582 -1865.535686 -1866.681037 -1865.891658 -1865.667929 -1865.624962 -1865.618113 -1865.617510 -1865.617881 -1865.618322 -1865.618691 -1865.618980 -1865.619207 -1865.619387 -1865.619533 -1865.619655 -1865.619760 -1865.619857 -1865.619954 -1865.620061 -1865.620193 -1865.620371 -1865.620627 -1865.621012 -1865.621610 -1865.622561 -1865.624105 -1865.626671 -1865.631046 -1865.638724 -1865.652622 -1865.678560 -1865.728422 -1865.827296 -1866.030960 -1866.472563 -1867.496904 -1870.087093 -1877.432600 -1901.634964 -9999.0 -9999.0
-9999.0 -9999.0 373.815258 275.769916 177.005669 77.955305 -21.209151 -120.418344 -219.642180 -318.859431 -418.048292 -517.172437 -616.155485 -714.851857 -813.576670 -912.240894 -1010.789584 -1109.221942 -1206.516686 -1302.362217 -1395.519627 -1483.803041 -1564.309830 -1634.404994 -1692.642532 -1739.017833 -1774.643305 -1801.219768 -1820.583887 -1834.428985 -1844.179485 -1850.963987 -1855.639863 -1858.838635 -1861.015240 -1862.494527 -1863.518884 -1864.330625 -1865.416852 -1868.062020 -1872.431242 -1842.276340 -1238.933594 -1305.484371 -1280.318149 -1263.768669 -1256.096206 -1254.977857 -1254.859607 -1254.870245 -1254.899245 -1254.930472 -1254.960482 -1254.988273 -1255.014100 -1255.044450 -1255.140869 -1255.797419 -1259.829117 -1268.844720 -1279.766811 -1198.853986 -1811.433582 -1865.535686 -1866.681037 -1865.891658 -1865.667929 -1865.624962 -1865.618113 -1865.617510 -1865.617881 -1865.618322 -1865.618691 -1865.618980 -1865.619207 -1865.619387 -1865.619533 -1865.619655 -1865.619760 -1865.619857 -1865.619954 -1865.620061 -1865.620193 -1865.620371 -1865.620627 -1865.621012 -1865.621610 -1865.622561 -1865.624105 -1865.626671 -1865.631046 -1865.638724 -1865.652622 -1865.678560 -1865.728422 -1865.827296 -1866.030960 -1866.472563 -1867.496904 -1870.087093 -1877.432600 -1901.634964 -9999.0 -9999.0
-9999.0 -9999.0 373.813887 275.769182 177.005376 77.955198 -21.209189 -120.418358 -219.642186 -318.859433 -418.048293 -517.172437 -616.155485 -714.851857 -813.576670 -912.240894 -1010.789584 -1109.221942 -1206.516686 -1302.362217 -1395.519627 -1483.803041 -1564.309830 -1634.404993 -1692.642532 -1739.017833 -1774.643305 -1801.219768 -1820.583887 -1834.428985 -1844.179485 -1850.963987 -1855.639863 -1858.838635 -1861.015240 -1862.494527 -1863.518884 -1864.330625 -1865.416852 -1868.062020 -1872.431242 -1842.276340 -1238.933594 -1305.484371 -1280.318149 -1263.768669 -1256.096206 -1254.977857 -1254.859607 -1254.870245 -1254.899245 -1254.930472 -1254.960482 -1254.988273 -1255.014100 -1255.044450 -1255.140869 -1255.797419 -1259.829117 -1268.844720 -1279.766811 -1198.853986 -1811.433582 -1865.535686 -1866.681037 -1865.891658 -1865.667929 -1865.624962 -1865.618113 -1865.617510 -1865.617881 -1865.618322 -1865.618691 -1865.618980 -1865.619207 -1865.619387 -1865.619533 -1865.619655 -1865.619760 -1865.619857 -1865.619954 -1865.620061 -1865.620193 -1865.620371 -1865.620627 -1865.621012 -1865.621610 -1865.622561 -1865.624105 -1865.626671 -1865.631046 -1865.638724 -1865.652622 -1865.678560 -1865.728422 -1865.827296 -1866.030960 -1866.472563 -1867.496904 -1870.087093 -1877.432600 -1901.634964 -9999.0 -9999.0
-9999.0 -9999.0 373.807209 275.767486 177.004919 77.955062 -21.209233 -120.418373 -219.642191 -318.859435 -418.048294 -517.172438 -616.155485 -714.851857 -813.576670 -912.240894 -1010.789584 -1109.221942 -1206.516686 -1302.362217 -1395.519626 -1483.803041 -1564.309830 -1634.404993 -1692.642532 -1739.017833 -1774.643305 -1801.219768 -1820.583887 -1834.428985 -1844.179485 -1850.963987 -1855.639863 -1858.838635 -1861.015240 -1862.494527 -1863.518884 -1864.330625 -1865.416852 -1868.062020 -1872.431242 -1842.276340 -1238.933594 -1305.484371 -1280.318149 -1263.768670 -1256.096206 -1254.977857 -1254.859608 -1254.870245 -1254.899245 -1254.930472 -1254.960482 -1254.988273 -1255.014100 -1255.044450 -1255.140869 -1255.797419 -1259.829117 -1268.844720 -1279.766811 -1198.853986 -1811.433582 -1865.535686 -1866.681037 -1865.891658 -1865.667929 -1865.624962 -1865.618113 -1865.617510 -1865.617881 -1865.618322 -1865.618691 -1865.618980 -1865.619207 -1865.619387 -1865.619533 -1865.619655 -1865.619760 -1865.619857 -1865.619954 -1865.620061 -1865.620193 -1865.620371 -1865.620627 -1865.621012 -1865.621610 -1865.622561 -1865.624105 -1865.626671 -1865.631046 -1865.638724 -1865.652622 -1865.678560 -1865.728422 -1865.827296 -1866.030960 -1866.472563 -1867.496904 -1870.087093 -1877.432600 -1901.634964 -9999.0 -9999.0
-9999.0 -9999.0 -9999.0 -9999.0 -9999.0 -9999.0 -9999.0 -9999.0 -9999.0 -9999.0 -9999.0 -9999.0 -9999.0 -9999.0 -9999.0 -9999.0 -9999.0 -9999.0 -9999.0 -9999.0 -9999.0 -9999.0 -9999.0 -9999.0 -9999.0 -9999.0 -9999.0 -9999.0 -9999.0 -9999.0 -9999.0 -9999.0 -9999.0 -9999.0 -9999.0 -9999.0 -9999.0 -9999.0 -9999.0 -9999.0 -9999.0 -9999.0 -9999.0 -9999.0 -9999.0 -9999.0 -9999.0 -9999.0 -9999.0 -9999.0 -9999.0 -9999.0 -9999.0 -9999.0 -9999.0 -9999.0 -9999.0 -9999.0 -9999.0 -9999.0 -9999.0 -9999.0 -9999.0 -9999.0 -9999.0 -9999.0 -9999.0 -9999.0 -9999.0 -9999.0 -9999.0 -9999.0 -9999.0 -9999.0 -9999.0 -9999.0 -9999.0 -9999.0 -9999.0 -9999.0 -9999.0 -9999.0 -9999.0 -9999.0 -9999.0 -9999.0 -9999.0 -9999.0 -9999.0 -9999.0 -9999.0 -9999.0 -9999.0 -9999.0 -9999.0 -9999.0 -9999.0 -9999.0 -9999.0 -9999.0 -9999.0 -9999.0 -9999.0 -9999.0
-9999.0 -9999.0 -9999.0 -9999.0 -9999.0 -9999.0 -9999.0 -9999.0 -9999.0 -9999.0 -9999.0 -9999.0 -9999.0 -9999.0 -9999.0 -9999.0 -9999.0 -9999.0 -9999.0 -9999.0 -9999.0 -9999.0 -9999.0 -9999.0 -9999.0 -9999.0 -9999.0 -9999.0 -9999.0 -9999.0 -9999.0 -9999.0 -9999.0 -9999.0 -9999.0 -9999.0 -9999.0 -9999.0 -9999.0 -9999.0 -9999.0 -9999.0 -9999.0 -9999.0 -9999.0 -9999.0 -9999.0 -9999.0 -9999.0 -9999.0 -9999.0 -9999.0 -9999.0 -9999.0 -9999.0 -9999.0 -9999.0 -9999.0 -9999.0 -9999.0 -9999.0 -9999.0 -9999.0 -9999.0 -9999.0 -9999.0 -9999.0 -9999.0 -9999.0 -9999.0 -9999.0 -9999.0 -9999.0 -9999.0 -9999.0 -9999.0 -9999.0 -9999.0 -9999.0 -9999.0 -9999.0 -9999.0 -9999.0 -9999.0 -9999.0 -9999.0 -9999.0 -9999.0 -9999.0 -9999.0 -9999.0 -9999.0 -9999.0 -9999.0 -9999.0 -9999.0 -9999.0 -9999.0 -9999.0 -9999.0 -9999.0 -9999.0 -9999.0 -9999.0