inst/processing_geotop_simulation/geotop_simulation/out/maps3D/PwL0001N0070.asc
ncols         104
nrows         10
xllcorner     -2.000000
yllcorner     0.000000
cellsize      1.000000
NODATA_value  -9999.0
-9999.0 -9999.0 -9999.0 -9999.0 -9999.0 -9999.0 -9999.0 -9999.0 -9999.0 -9999.0 -9999.0 -9999.0 -9999.0 -9999.0 -9999.0 -9999.0 -9999.0 -9999.0 -9999.0 -9999.0 -9999.0 -9999.0 -9999.0 -9999.0 -9999.0 -9999.0 -9999.0 -9999.0 -9999.0 -9999.0 -9999.0 -9999.0 -9999.0 -9999.0 -9999.0 -9999.0 -9999.0 -9999.0 -9999.0 -9999.0 -9999.0 -9999.0 -9999.0 -9999.0 -9999.0 -9999.0 -9999.0 -9999.0 -9999.0 -9999.0 -9999.0 -9999.0 -9999.0 -9999.0 -9999.0 -9999.0 -9999.0 -9999.0 -9999.0 -9999.0 -9999.0 -9999.0 -9999.0 -9999.0 -9999.0 -9999.0 -9999.0 -9999.0 -9999.0 -9999.0 -9999.0 -9999.0 -9999.0 -9999.0 -9999.0 -9999.0 -9999.0 -9999.0 -9999.0 -9999.0 -9999.0 -9999.0 -9999.0 -9999.0 -9999.0 -9999.0 -9999.0 -9999.0 -9999.0 -9999.0 -9999.0 -9999.0 -9999.0 -9999.0 -9999.0 -9999.0 -9999.0 -9999.0 -9999.0 -9999.0 -9999.0 -9999.0 -9999.0 -9999.0
-9999.0 -9999.0 -9999.0 -9999.0 -9999.0 -9999.0 -9999.0 -9999.0 -9999.0 -9999.0 -9999.0 -9999.0 -9999.0 -9999.0 -9999.0 -9999.0 -9999.0 -9999.0 -9999.0 -9999.0 -9999.0 -9999.0 -9999.0 -9999.0 -9999.0 -9999.0 -9999.0 -9999.0 -9999.0 -9999.0 -9999.0 -9999.0 -9999.0 -9999.0 -9999.0 -9999.0 -9999.0 -9999.0 -9999.0 -9999.0 -9999.0 -9999.0 -9999.0 -9999.0 -9999.0 -9999.0 -9999.0 -9999.0 -9999.0 -9999.0 -9999.0 -9999.0 -9999.0 -9999.0 -9999.0 -9999.0 -9999.0 -9999.0 -9999.0 -9999.0 -9999.0 -9999.0 -9999.0 -9999.0 -9999.0 -9999.0 -9999.0 -9999.0 -9999.0 -9999.0 -9999.0 -9999.0 -9999.0 -9999.0 -9999.0 -9999.0 -9999.0 -9999.0 -9999.0 -9999.0 -9999.0 -9999.0 -9999.0 -9999.0 -9999.0 -9999.0 -9999.0 -9999.0 -9999.0 -9999.0 -9999.0 -9999.0 -9999.0 -9999.0 -9999.0 -9999.0 -9999.0 -9999.0 -9999.0 -9999.0 -9999.0 -9999.0 -9999.0 -9999.0
-9999.0 -9999.0 -337.906279 -443.211864 -556.814682 -696.525360 -888.886360 -1092.677685 -1220.942685 -1261.212863 -1204.261525 -1172.002099 -1176.183384 -1193.073746 -1228.898827 -1269.741447 -1289.626074 -1289.896852 -1280.606998 -1270.307411 -1262.945325 -1259.511953 -1259.689070 -1262.697152 -1267.629905 -1273.582977 -1279.720054 -1285.372709 -1290.133394 -1293.865561 -1296.629587 -1298.586430 -1299.922990 -1300.808670 -1301.378341 -1301.732606 -1301.956148 -1302.155713 -1302.394430 -1302.613349 -1305.873928 -1326.923878 -858.720045 -851.298022 -839.604201 -832.486537 -829.165193 -828.710240 -828.667107 -828.681999 -828.706956 -828.733214 -828.758392 -828.781674 -828.802958 -828.824610 -828.870786 -829.150858 -830.948164 -835.123170 -842.208807 -842.139210 -1312.396611 -1305.274785 -1303.009016 -1302.563687 -1302.466104 -1302.448877 -1302.449163 -1302.452505 -1302.455757 -1302.458347 -1302.460304 -1302.461774 -1302.462891 -1302.463754 -1302.464435 -1302.464981 -1302.465430 -1302.465821 -1302.466194 -1302.466598 -1302.467094 -1302.467773 -1302.468768 -1302.470288 -1302.472666 -1302.476444 -1302.482525 -1302.492454 -1302.508953 -1302.536993 -1302.585973 -1302.674171 -1302.837766 -1303.148723 -1303.749532 -1304.921377 -1307.230060 -1311.891479 -1321.799541 -1345.441340 -9999.0 -9999.0
-9999.0 -9999.0 -337.906279 -443.211864 -556.814682 -696.525360 -888.886359 -1092.677685 -1220.942685 -1261.212863 -1204.261525 -1172.002099 -1176.183384 -1193.073746 -1228.898827 -1269.741447 -1289.626074 -1289.896852 -1280.606998 -1270.307411 -1262.945325 -1259.511953 -1259.689070 -1262.697152 -1267.629905 -1273.582977 -1279.720054 -1285.372709 -1290.133394 -1293.865561 -1296.629587 -1298.586430 -1299.922990 -1300.808670 -1301.378341 -1301.732606 -1301.956148 -1302.155713 -1302.394430 -1302.613349 -1305.873928 -1326.923877 -858.720045 -851.298021 -839.604201 -832.486537 -829.165193 -828.710240 -828.667107 -828.681999 -828.706956 -828.733214 -828.758392 -828.781674 -828.802958 -828.824610 -828.870786 -829.150858 -830.948164 -835.123170 -842.208807 -842.139210 -1312.396611 -1305.274785 -1303.009016 -1302.563687 -1302.466104 -1302.448877 -1302.449163 -1302.452505 -1302.455757 -1302.458347 -1302.460304 -1302.461774 -1302.462891 -1302.463754 -1302.464435 -1302.464981 -1302.465430 -1302.465821 -1302.466194 -1302.466598 -1302.467094 -1302.467773 -1302.468768 -1302.470288 -1302.472666 -1302.476444 -1302.482525 -1302.492454 -1302.508953 -1302.536993 -1302.585973 -1302.674171 -1302.837766 -1303.148723 -1303.749532 -1304.921377 -1307.230060 -1311.891479 -1321.799541 -1345.441340 -9999.0 -9999.0
-9999.0 -9999.0 -337.906279 -443.211864 -556.814682 -696.525360 -888.886358 -1092.677684 -1220.942686 -1261.212864 -1204.261525 -1172.002099 -1176.183384 -1193.073746 -1228.898827 -1269.741447 -1289.626074 -1289.896852 -1280.606998 -1270.307411 -1262.945325 -1259.511953 -1259.689070 -1262.697152 -1267.629905 -1273.582977 -1279.720054 -1285.372709 -1290.133394 -1293.865561 -1296.629587 -1298.586430 -1299.922990 -1300.808670 -1301.378341 -1301.732606 -1301.956148 -1302.155713 -1302.394430 -1302.613349 -1305.873928 -1326.923878 -858.720045 -851.298021 -839.604201 -832.486537 -829.165193 -828.710240 -828.667107 -828.681999 -828.706956 -828.733214 -828.758392 -828.781674 -828.802958 -828.824610 -828.870786 -829.150858 -830.948164 -835.123170 -842.208807 -842.139210 -1312.396611 -1305.274785 -1303.009016 -1302.563687 -1302.466104 -1302.448877 -1302.449163 -1302.452505 -1302.455757 -1302.458347 -1302.460304 -1302.461774 -1302.462891 -1302.463754 -1302.464435 -1302.464981 -1302.465430 -1302.465821 -1302.466194 -1302.466598 -1302.467094 -1302.467773 -1302.468768 -1302.470288 -1302.472666 -1302.476444 -1302.482525 -1302.492454 -1302.508953 -1302.536993 -1302.585973 -1302.674171 -1302.837766 -1303.148723 -1303.749532 -1304.921377 -1307.230060 -1311.891479 -1321.799541 -1345.441340 -9999.0 -9999.0
-9999.0 -9999.0 -337.906279 -443.211864 -556.814681 -696.525360 -888.886358 -1092.677684 -1220.942686 -1261.212864 -1204.261525 -1172.002099 -1176.183384 -1193.073746 -1228.898827 -1269.741447 -1289.626074 -1289.896852 -1280.606998 -1270.307411 -1262.945325 -1259.511953 -1259.689070 -1262.697152 -1267.629905 -1273.582977 -1279.720054 -1285.372709 -1290.133394 -1293.865561 -1296.629587 -1298.586430 -1299.922990 -1300.808670 -1301.378341 -1301.732606 -1301.956148 -1302.155713 -1302.394430 -1302.613349 -1305.873928 -1326.923878 -858.720045 -851.298021 -839.604201 -832.486537 -829.165193 -828.710240 -828.667107 -828.681999 -828.706956 -828.733214 -828.758392 -828.781674 -828.802958 -828.824610 -828.870786 -829.150858 -830.948164 -835.123170 -842.208807 -842.139210 -1312.396611 -1305.274785 -1303.009016 -1302.563687 -1302.466104 -1302.448877 -1302.449163 -1302.452505 -1302.455757 -1302.458347 -1302.460304 -1302.461774 -1302.462891 -1302.463754 -1302.464435 -1302.464981 -1302.465430 -1302.465821 -1302.466194 -1302.466598 -1302.467094 -1302.467773 -1302.468768 -1302.470288 -1302.472666 -1302.476444 -1302.482525 -1302.492454 -1302.508953 -1302.536993 -1302.585973 -1302.674171 -1302.837766 -1303.148723 -1303.749532 -1304.921377 -1307.230060 -1311.891479 -1321.799541 -1345.441340 -9999.0 -9999.0
-9999.0 -9999.0 -337.906279 -443.211864 -556.814682 -696.525360 -888.886359 -1092.677685 -1220.942685 -1261.212863 -1204.261525 -1172.002099 -1176.183384 -1193.073746 -1228.898827 -1269.741447 -1289.626074 -1289.896852 -1280.606998 -1270.307411 -1262.945325 -1259.511953 -1259.689070 -1262.697152 -1267.629905 -1273.582977 -1279.720054 -1285.372709 -1290.133394 -1293.865561 -1296.629587 -1298.586430 -1299.922990 -1300.808670 -1301.378341 -1301.732606 -1301.956148 -1302.155713 -1302.394430 -1302.613349 -1305.873928 -1326.923877 -858.720045 -851.298021 -839.604201 -832.486537 -829.165193 -828.710240 -828.667107 -828.681999 -828.706956 -828.733214 -828.758392 -828.781674 -828.802958 -828.824610 -828.870786 -829.150858 -830.948164 -835.123170 -842.208807 -842.139210 -1312.396611 -1305.274785 -1303.009016 -1302.563687 -1302.466104 -1302.448877 -1302.449163 -1302.452505 -1302.455757 -1302.458347 -1302.460304 -1302.461774 -1302.462891 -1302.463754 -1302.464435 -1302.464981 -1302.465430 -1302.465821 -1302.466194 -1302.466598 -1302.467094 -1302.467773 -1302.468768 -1302.470288 -1302.472666 -1302.476444 -1302.482525 -1302.492454 -1302.508953 -1302.536993 -1302.585973 -1302.674171 -1302.837766 -1303.148723 -1303.749532 -1304.921377 -1307.230060 -1311.891479 -1321.799541 -1345.441340 -9999.0 -9999.0
-9999.0 -9999.0 -337.906279 -443.211864 -556.814682 -696.525360 -888.886360 -1092.677685 -1220.942685 -1261.212863 -1204.261525 -1172.002099 -1176.183384 -1193.073746 -1228.898827 -1269.741447 -1289.626074 -1289.896852 -1280.606998 -1270.307411 -1262.945325 -1259.511953 -1259.689070 -1262.697152 -1267.629905 -1273.582977 -1279.720054 -1285.372709 -1290.133394 -1293.865561 -1296.629587 -1298.586430 -1299.922990 -1300.808670 -1301.378341 -1301.732606 -1301.956148 -1302.155713 -1302.394430 -1302.613349 -1305.873928 -1326.923878 -858.720045 -851.298022 -839.604201 -832.486537 -829.165193 -828.710240 -828.667107 -828.681999 -828.706956 -828.733214 -828.758392 -828.781674 -828.802958 -828.824610 -828.870786 -829.150858 -830.948164 -835.123170 -842.208807 -842.139210 -1312.396611 -1305.274785 -1303.009016 -1302.563687 -1302.466104 -1302.448877 -1302.449163 -1302.452505 -1302.455757 -1302.458347 -1302.460304 -1302.461774 -1302.462891 -1302.463754 -1302.464435 -1302.464981 -1302.465430 -1302.465821 -1302.466194 -1302.466598 -1302.467094 -1302.467773 -1302.468768 -1302.470288 -1302.472666 -1302.476444 -1302.482525 -1302.492454 -1302.508953 -1302.536993 -1302.585973 -1302.674171 -1302.837766 -1303.148723 -1303.749532 -1304.921377 -1307.230060 -1311.891479 -1321.799541 -1345.441340 -9999.0 -9999.0
-9999.0 -9999.0 -9999.0 -9999.0 -9999.0 -9999.0 -9999.0 -9999.0 -9999.0 -9999.0 -9999.0 -9999.0 -9999.0 -9999.0 -9999.0 -9999.0 -9999.0 -9999.0 -9999.0 -9999.0 -9999.0 -9999.0 -9999.0 -9999.0 -9999.0 -9999.0 -9999.0 -9999.0 -9999.0 -9999.0 -9999.0 -9999.0 -9999.0 -9999.0 -9999.0 -9999.0 -9999.0 -9999.0 -9999.0 -9999.0 -9999.0 -9999.0 -9999.0 -9999.0 -9999.0 -9999.0 -9999.0 -9999.0 -9999.0 -9999.0 -9999.0 -9999.0 -9999.0 -9999.0 -9999.0 -9999.0 -9999.0 -9999.0 -9999.0 -9999.0 -9999.0 -9999.0 -9999.0 -9999.0 -9999.0 -9999.0 -9999.0 -9999.0 -9999.0 -9999.0 -9999.0 -9999.0 -9999.0 -9999.0 -9999.0 -9999.0 -9999.0 -9999.0 -9999.0 -9999.0 -9999.0 -9999.0 -9999.0 -9999.0 -9999.0 -9999.0 -9999.0 -9999.0 -9999.0 -9999.0 -9999.0 -9999.0 -9999.0 -9999.0 -9999.0 -9999.0 -9999.0 -9999.0 -9999.0 -9999.0 -9999.0 -9999.0 -9999.0 -9999.0
-9999.0 -9999.0 -9999.0 -9999.0 -9999.0 -9999.0 -9999.0 -9999.0 -9999.0 -9999.0 -9999.0 -9999.0 -9999.0 -9999.0 -9999.0 -9999.0 -9999.0 -9999.0 -9999.0 -9999.0 -9999.0 -9999.0 -9999.0 -9999.0 -9999.0 -9999.0 -9999.0 -9999.0 -9999.0 -9999.0 -9999.0 -9999.0 -9999.0 -9999.0 -9999.0 -9999.0 -9999.0 -9999.0 -9999.0 -9999.0 -9999.0 -9999.0 -9999.0 -9999.0 -9999.0 -9999.0 -9999.0 -9999.0 -9999.0 -9999.0 -9999.0 -9999.0 -9999.0 -9999.0 -9999.0 -9999.0 -9999.0 -9999.0 -9999.0 -9999.0 -9999.0 -9999.0 -9999.0 -9999.0 -9999.0 -9999.0 -9999.0 -9999.0 -9999.0 -9999.0 -9999.0 -9999.0 -9999.0 -9999.0 -9999.0 -9999.0 -9999.0 -9999.0 -9999.0 -9999.0 -9999.0 -9999.0 -9999.0 -9999.0 -9999.0 -9999.0 -9999.0 -9999.0 -9999.0 -9999.0 -9999.0 -9999.0 -9999.0 -9999.0 -9999.0 -9999.0 -9999.0 -9999.0 -9999.0 -9999.0 -9999.0 -9999.0 -9999.0 -9999.0