inst/processing_geotop_simulation/geotop_simulation/out/maps3D/PwL0005N0465.asc
ncols         104
nrows         10
xllcorner     -2.000000
yllcorner     0.000000
cellsize      1.000000
NODATA_value  -9999.0
-9999.0 -9999.0 -9999.0 -9999.0 -9999.0 -9999.0 -9999.0 -9999.0 -9999.0 -9999.0 -9999.0 -9999.0 -9999.0 -9999.0 -9999.0 -9999.0 -9999.0 -9999.0 -9999.0 -9999.0 -9999.0 -9999.0 -9999.0 -9999.0 -9999.0 -9999.0 -9999.0 -9999.0 -9999.0 -9999.0 -9999.0 -9999.0 -9999.0 -9999.0 -9999.0 -9999.0 -9999.0 -9999.0 -9999.0 -9999.0 -9999.0 -9999.0 -9999.0 -9999.0 -9999.0 -9999.0 -9999.0 -9999.0 -9999.0 -9999.0 -9999.0 -9999.0 -9999.0 -9999.0 -9999.0 -9999.0 -9999.0 -9999.0 -9999.0 -9999.0 -9999.0 -9999.0 -9999.0 -9999.0 -9999.0 -9999.0 -9999.0 -9999.0 -9999.0 -9999.0 -9999.0 -9999.0 -9999.0 -9999.0 -9999.0 -9999.0 -9999.0 -9999.0 -9999.0 -9999.0 -9999.0 -9999.0 -9999.0 -9999.0 -9999.0 -9999.0 -9999.0 -9999.0 -9999.0 -9999.0 -9999.0 -9999.0 -9999.0 -9999.0 -9999.0 -9999.0 -9999.0 -9999.0 -9999.0 -9999.0 -9999.0 -9999.0 -9999.0 -9999.0
-9999.0 -9999.0 -9999.0 -9999.0 -9999.0 -9999.0 -9999.0 -9999.0 -9999.0 -9999.0 -9999.0 -9999.0 -9999.0 -9999.0 -9999.0 -9999.0 -9999.0 -9999.0 -9999.0 -9999.0 -9999.0 -9999.0 -9999.0 -9999.0 -9999.0 -9999.0 -9999.0 -9999.0 -9999.0 -9999.0 -9999.0 -9999.0 -9999.0 -9999.0 -9999.0 -9999.0 -9999.0 -9999.0 -9999.0 -9999.0 -9999.0 -9999.0 -9999.0 -9999.0 -9999.0 -9999.0 -9999.0 -9999.0 -9999.0 -9999.0 -9999.0 -9999.0 -9999.0 -9999.0 -9999.0 -9999.0 -9999.0 -9999.0 -9999.0 -9999.0 -9999.0 -9999.0 -9999.0 -9999.0 -9999.0 -9999.0 -9999.0 -9999.0 -9999.0 -9999.0 -9999.0 -9999.0 -9999.0 -9999.0 -9999.0 -9999.0 -9999.0 -9999.0 -9999.0 -9999.0 -9999.0 -9999.0 -9999.0 -9999.0 -9999.0 -9999.0 -9999.0 -9999.0 -9999.0 -9999.0 -9999.0 -9999.0 -9999.0 -9999.0 -9999.0 -9999.0 -9999.0 -9999.0 -9999.0 -9999.0 -9999.0 -9999.0 -9999.0 -9999.0
-9999.0 -9999.0 224.251755 125.854609 26.744038 -72.585712 -172.000497 -271.448852 -370.905105 -470.351756 -569.769505 -669.117132 -768.374861 -867.569816 -966.712229 -1065.853821 -1164.869050 -1263.535376 -1361.690311 -1458.878568 -1554.144715 -1645.672755 -1730.727406 -1806.366000 -1870.508339 -1922.528976 -1963.135249 -1993.859057 -2016.536453 -2032.950512 -2044.649175 -2052.886053 -2058.629982 -2062.605343 -2065.341371 -2067.221208 -2068.534457 -2069.567024 -2070.820941 -2073.150959 -2072.322098 -2002.870564 -1239.550377 -1252.079375 -1238.807805 -1229.830749 -1225.616304 -1224.953900 -1224.881180 -1224.886724 -1224.903429 -1224.921502 -1224.938887 -1224.954996 -1224.970034 -1224.988274 -1225.048962 -1225.449703 -1227.707169 -1232.664933 -1238.524613 -1216.572002 -1975.352829 -2066.423007 -2071.917602 -2071.533061 -2071.322702 -2071.274934 -2071.266551 -2071.265573 -2071.265816 -2071.266189 -2071.266513 -2071.266772 -2071.266978 -2071.267145 -2071.267284 -2071.267402 -2071.267506 -2071.267604 -2071.267703 -2071.267812 -2071.267943 -2071.268116 -2071.268358 -2071.268715 -2071.269260 -2071.270119 -2071.271506 -2071.273806 -2071.277730 -2071.284631 -2071.297166 -2071.320661 -2071.366086 -2071.456922 -2071.646350 -2072.064003 -2073.053662 -2075.622966 -2083.101546 -2107.968135 -9999.0 -9999.0
-9999.0 -9999.0 224.259650 125.856322 26.744479 -72.585583 -172.000456 -271.448838 -370.905100 -470.351754 -569.769504 -669.117131 -768.374861 -867.569816 -966.712228 -1065.853821 -1164.869050 -1263.535377 -1361.690311 -1458.878568 -1554.144715 -1645.672755 -1730.727406 -1806.366000 -1870.508339 -1922.528976 -1963.135249 -1993.859057 -2016.536453 -2032.950512 -2044.649175 -2052.886053 -2058.629982 -2062.605343 -2065.341371 -2067.221208 -2068.534457 -2069.567024 -2070.820941 -2073.150959 -2072.322098 -2002.870564 -1239.550377 -1252.079375 -1238.807805 -1229.830748 -1225.616304 -1224.953900 -1224.881180 -1224.886724 -1224.903429 -1224.921502 -1224.938887 -1224.954996 -1224.970034 -1224.988274 -1225.048962 -1225.449703 -1227.707169 -1232.664933 -1238.524613 -1216.572002 -1975.352829 -2066.423007 -2071.917602 -2071.533061 -2071.322701 -2071.274934 -2071.266551 -2071.265573 -2071.265816 -2071.266189 -2071.266513 -2071.266772 -2071.266978 -2071.267145 -2071.267284 -2071.267402 -2071.267506 -2071.267604 -2071.267703 -2071.267812 -2071.267943 -2071.268116 -2071.268358 -2071.268714 -2071.269260 -2071.270119 -2071.271506 -2071.273806 -2071.277730 -2071.284631 -2071.297166 -2071.320661 -2071.366086 -2071.456922 -2071.646350 -2072.064003 -2073.053662 -2075.622966 -2083.101546 -2107.968135 -9999.0 -9999.0
-9999.0 -9999.0 224.260891 125.857030 26.744759 -72.585481 -172.000420 -271.448825 -370.905095 -470.351752 -569.769503 -669.117131 -768.374861 -867.569816 -966.712228 -1065.853821 -1164.869050 -1263.535377 -1361.690311 -1458.878568 -1554.144715 -1645.672755 -1730.727406 -1806.366000 -1870.508339 -1922.528976 -1963.135249 -1993.859057 -2016.536453 -2032.950512 -2044.649175 -2052.886053 -2058.629982 -2062.605343 -2065.341371 -2067.221208 -2068.534457 -2069.567024 -2070.820941 -2073.150959 -2072.322098 -2002.870564 -1239.550377 -1252.079375 -1238.807805 -1229.830748 -1225.616304 -1224.953900 -1224.881180 -1224.886724 -1224.903429 -1224.921502 -1224.938887 -1224.954996 -1224.970034 -1224.988274 -1225.048962 -1225.449703 -1227.707169 -1232.664933 -1238.524613 -1216.572002 -1975.352829 -2066.423007 -2071.917602 -2071.533061 -2071.322701 -2071.274934 -2071.266551 -2071.265573 -2071.265816 -2071.266189 -2071.266513 -2071.266772 -2071.266978 -2071.267145 -2071.267284 -2071.267402 -2071.267506 -2071.267604 -2071.267703 -2071.267812 -2071.267943 -2071.268116 -2071.268358 -2071.268714 -2071.269260 -2071.270119 -2071.271506 -2071.273806 -2071.277730 -2071.284631 -2071.297166 -2071.320661 -2071.366086 -2071.456922 -2071.646350 -2072.064003 -2073.053662 -2075.622966 -2083.101546 -2107.968135 -9999.0 -9999.0
-9999.0 -9999.0 224.260891 125.857030 26.744759 -72.585481 -172.000420 -271.448825 -370.905095 -470.351752 -569.769503 -669.117131 -768.374860 -867.569816 -966.712228 -1065.853822 -1164.869050 -1263.535377 -1361.690311 -1458.878568 -1554.144715 -1645.672755 -1730.727406 -1806.366000 -1870.508339 -1922.528976 -1963.135249 -1993.859057 -2016.536453 -2032.950512 -2044.649175 -2052.886053 -2058.629982 -2062.605343 -2065.341371 -2067.221208 -2068.534457 -2069.567024 -2070.820941 -2073.150959 -2072.322098 -2002.870564 -1239.550377 -1252.079375 -1238.807805 -1229.830748 -1225.616304 -1224.953900 -1224.881180 -1224.886724 -1224.903429 -1224.921502 -1224.938887 -1224.954996 -1224.970034 -1224.988274 -1225.048962 -1225.449703 -1227.707169 -1232.664933 -1238.524613 -1216.572002 -1975.352829 -2066.423007 -2071.917602 -2071.533061 -2071.322701 -2071.274934 -2071.266551 -2071.265573 -2071.265816 -2071.266189 -2071.266513 -2071.266772 -2071.266978 -2071.267145 -2071.267284 -2071.267402 -2071.267506 -2071.267604 -2071.267703 -2071.267812 -2071.267943 -2071.268116 -2071.268358 -2071.268714 -2071.269260 -2071.270119 -2071.271506 -2071.273806 -2071.277730 -2071.284631 -2071.297166 -2071.320661 -2071.366086 -2071.456922 -2071.646350 -2072.064003 -2073.053662 -2075.622966 -2083.101546 -2107.968135 -9999.0 -9999.0
-9999.0 -9999.0 224.259650 125.856322 26.744479 -72.585583 -172.000456 -271.448838 -370.905100 -470.351754 -569.769504 -669.117131 -768.374861 -867.569816 -966.712228 -1065.853821 -1164.869050 -1263.535377 -1361.690311 -1458.878568 -1554.144715 -1645.672755 -1730.727406 -1806.366000 -1870.508339 -1922.528976 -1963.135249 -1993.859057 -2016.536453 -2032.950512 -2044.649175 -2052.886053 -2058.629982 -2062.605343 -2065.341371 -2067.221208 -2068.534457 -2069.567024 -2070.820941 -2073.150959 -2072.322098 -2002.870564 -1239.550377 -1252.079375 -1238.807805 -1229.830748 -1225.616304 -1224.953900 -1224.881180 -1224.886724 -1224.903429 -1224.921502 -1224.938887 -1224.954996 -1224.970034 -1224.988274 -1225.048962 -1225.449703 -1227.707169 -1232.664933 -1238.524613 -1216.572002 -1975.352829 -2066.423007 -2071.917602 -2071.533061 -2071.322701 -2071.274934 -2071.266551 -2071.265573 -2071.265816 -2071.266189 -2071.266513 -2071.266772 -2071.266978 -2071.267145 -2071.267284 -2071.267402 -2071.267506 -2071.267604 -2071.267703 -2071.267812 -2071.267943 -2071.268116 -2071.268358 -2071.268714 -2071.269260 -2071.270119 -2071.271506 -2071.273806 -2071.277730 -2071.284631 -2071.297166 -2071.320661 -2071.366086 -2071.456922 -2071.646350 -2072.064003 -2073.053662 -2075.622966 -2083.101546 -2107.968135 -9999.0 -9999.0
-9999.0 -9999.0 224.251755 125.854609 26.744038 -72.585712 -172.000497 -271.448852 -370.905105 -470.351756 -569.769505 -669.117132 -768.374861 -867.569816 -966.712229 -1065.853822 -1164.869050 -1263.535376 -1361.690311 -1458.878568 -1554.144715 -1645.672755 -1730.727406 -1806.366000 -1870.508339 -1922.528976 -1963.135249 -1993.859057 -2016.536453 -2032.950512 -2044.649175 -2052.886053 -2058.629982 -2062.605343 -2065.341371 -2067.221208 -2068.534457 -2069.567024 -2070.820941 -2073.150959 -2072.322098 -2002.870564 -1239.550377 -1252.079375 -1238.807805 -1229.830749 -1225.616304 -1224.953900 -1224.881180 -1224.886724 -1224.903429 -1224.921502 -1224.938887 -1224.954996 -1224.970034 -1224.988274 -1225.048962 -1225.449703 -1227.707169 -1232.664933 -1238.524613 -1216.572002 -1975.352829 -2066.423007 -2071.917602 -2071.533061 -2071.322702 -2071.274934 -2071.266551 -2071.265573 -2071.265816 -2071.266189 -2071.266513 -2071.266772 -2071.266978 -2071.267145 -2071.267284 -2071.267402 -2071.267506 -2071.267604 -2071.267703 -2071.267812 -2071.267943 -2071.268116 -2071.268358 -2071.268715 -2071.269260 -2071.270119 -2071.271506 -2071.273806 -2071.277730 -2071.284631 -2071.297166 -2071.320661 -2071.366086 -2071.456922 -2071.646350 -2072.064003 -2073.053662 -2075.622966 -2083.101546 -2107.968135 -9999.0 -9999.0
-9999.0 -9999.0 -9999.0 -9999.0 -9999.0 -9999.0 -9999.0 -9999.0 -9999.0 -9999.0 -9999.0 -9999.0 -9999.0 -9999.0 -9999.0 -9999.0 -9999.0 -9999.0 -9999.0 -9999.0 -9999.0 -9999.0 -9999.0 -9999.0 -9999.0 -9999.0 -9999.0 -9999.0 -9999.0 -9999.0 -9999.0 -9999.0 -9999.0 -9999.0 -9999.0 -9999.0 -9999.0 -9999.0 -9999.0 -9999.0 -9999.0 -9999.0 -9999.0 -9999.0 -9999.0 -9999.0 -9999.0 -9999.0 -9999.0 -9999.0 -9999.0 -9999.0 -9999.0 -9999.0 -9999.0 -9999.0 -9999.0 -9999.0 -9999.0 -9999.0 -9999.0 -9999.0 -9999.0 -9999.0 -9999.0 -9999.0 -9999.0 -9999.0 -9999.0 -9999.0 -9999.0 -9999.0 -9999.0 -9999.0 -9999.0 -9999.0 -9999.0 -9999.0 -9999.0 -9999.0 -9999.0 -9999.0 -9999.0 -9999.0 -9999.0 -9999.0 -9999.0 -9999.0 -9999.0 -9999.0 -9999.0 -9999.0 -9999.0 -9999.0 -9999.0 -9999.0 -9999.0 -9999.0 -9999.0 -9999.0 -9999.0 -9999.0 -9999.0 -9999.0
-9999.0 -9999.0 -9999.0 -9999.0 -9999.0 -9999.0 -9999.0 -9999.0 -9999.0 -9999.0 -9999.0 -9999.0 -9999.0 -9999.0 -9999.0 -9999.0 -9999.0 -9999.0 -9999.0 -9999.0 -9999.0 -9999.0 -9999.0 -9999.0 -9999.0 -9999.0 -9999.0 -9999.0 -9999.0 -9999.0 -9999.0 -9999.0 -9999.0 -9999.0 -9999.0 -9999.0 -9999.0 -9999.0 -9999.0 -9999.0 -9999.0 -9999.0 -9999.0 -9999.0 -9999.0 -9999.0 -9999.0 -9999.0 -9999.0 -9999.0 -9999.0 -9999.0 -9999.0 -9999.0 -9999.0 -9999.0 -9999.0 -9999.0 -9999.0 -9999.0 -9999.0 -9999.0 -9999.0 -9999.0 -9999.0 -9999.0 -9999.0 -9999.0 -9999.0 -9999.0 -9999.0 -9999.0 -9999.0 -9999.0 -9999.0 -9999.0 -9999.0 -9999.0 -9999.0 -9999.0 -9999.0 -9999.0 -9999.0 -9999.0 -9999.0 -9999.0 -9999.0 -9999.0 -9999.0 -9999.0 -9999.0 -9999.0 -9999.0 -9999.0 -9999.0 -9999.0 -9999.0 -9999.0 -9999.0 -9999.0 -9999.0 -9999.0 -9999.0 -9999.0