inst/processing_geotop_simulation/geotop_simulation/out/maps3D/PwL0018N0096.asc
ncols         104
nrows         10
xllcorner     -2.000000
yllcorner     0.000000
cellsize      1.000000
NODATA_value  -9999.0
-9999.0 -9999.0 -9999.0 -9999.0 -9999.0 -9999.0 -9999.0 -9999.0 -9999.0 -9999.0 -9999.0 -9999.0 -9999.0 -9999.0 -9999.0 -9999.0 -9999.0 -9999.0 -9999.0 -9999.0 -9999.0 -9999.0 -9999.0 -9999.0 -9999.0 -9999.0 -9999.0 -9999.0 -9999.0 -9999.0 -9999.0 -9999.0 -9999.0 -9999.0 -9999.0 -9999.0 -9999.0 -9999.0 -9999.0 -9999.0 -9999.0 -9999.0 -9999.0 -9999.0 -9999.0 -9999.0 -9999.0 -9999.0 -9999.0 -9999.0 -9999.0 -9999.0 -9999.0 -9999.0 -9999.0 -9999.0 -9999.0 -9999.0 -9999.0 -9999.0 -9999.0 -9999.0 -9999.0 -9999.0 -9999.0 -9999.0 -9999.0 -9999.0 -9999.0 -9999.0 -9999.0 -9999.0 -9999.0 -9999.0 -9999.0 -9999.0 -9999.0 -9999.0 -9999.0 -9999.0 -9999.0 -9999.0 -9999.0 -9999.0 -9999.0 -9999.0 -9999.0 -9999.0 -9999.0 -9999.0 -9999.0 -9999.0 -9999.0 -9999.0 -9999.0 -9999.0 -9999.0 -9999.0 -9999.0 -9999.0 -9999.0 -9999.0 -9999.0 -9999.0
-9999.0 -9999.0 -9999.0 -9999.0 -9999.0 -9999.0 -9999.0 -9999.0 -9999.0 -9999.0 -9999.0 -9999.0 -9999.0 -9999.0 -9999.0 -9999.0 -9999.0 -9999.0 -9999.0 -9999.0 -9999.0 -9999.0 -9999.0 -9999.0 -9999.0 -9999.0 -9999.0 -9999.0 -9999.0 -9999.0 -9999.0 -9999.0 -9999.0 -9999.0 -9999.0 -9999.0 -9999.0 -9999.0 -9999.0 -9999.0 -9999.0 -9999.0 -9999.0 -9999.0 -9999.0 -9999.0 -9999.0 -9999.0 -9999.0 -9999.0 -9999.0 -9999.0 -9999.0 -9999.0 -9999.0 -9999.0 -9999.0 -9999.0 -9999.0 -9999.0 -9999.0 -9999.0 -9999.0 -9999.0 -9999.0 -9999.0 -9999.0 -9999.0 -9999.0 -9999.0 -9999.0 -9999.0 -9999.0 -9999.0 -9999.0 -9999.0 -9999.0 -9999.0 -9999.0 -9999.0 -9999.0 -9999.0 -9999.0 -9999.0 -9999.0 -9999.0 -9999.0 -9999.0 -9999.0 -9999.0 -9999.0 -9999.0 -9999.0 -9999.0 -9999.0 -9999.0 -9999.0 -9999.0 -9999.0 -9999.0 -9999.0 -9999.0 -9999.0 -9999.0
-9999.0 -9999.0 886.783649 793.619363 699.666648 604.816347 509.503541 413.997091 318.442686 222.917862 127.457899 32.080650 -63.095824 -158.107040 -253.229783 -349.131216 -446.981087 -548.448211 -655.514735 -761.572360 -858.807188 -950.259442 -1031.220968 -1059.238139 -1069.750935 -1072.046959 -1071.327695 -1069.923699 -1068.683470 -1067.814432 -1067.291692 -1067.026009 -1066.928371 -1066.928929 -1066.979149 -1067.050341 -1067.136694 -1067.265133 -1067.551727 -1069.031867 -1080.192301 -1179.845012 -2086.347319 -4077.142364 -4084.158239 -4084.158416 -4084.158416 -4084.158416 -4084.158414 -4084.158407 -4084.158384 -4084.158301 -4084.158138 -4084.157900 -4084.157458 -4084.156493 -4084.154087 -4084.147389 -4084.126842 -4084.057441 -4072.261998 -1962.261491 -1148.842742 -1076.300953 -1068.567327 -1067.704213 -1067.585010 -1067.565559 -1067.563715 -1067.565135 -1067.566859 -1067.568301 -1067.569412 -1067.570254 -1067.570897 -1067.571397 -1067.571792 -1067.572111 -1067.572377 -1067.572610 -1067.572838 -1067.573087 -1067.573400 -1067.573831 -1067.574468 -1067.575443 -1067.576975 -1067.579420 -1067.583375 -1067.589879 -1067.600790 -1067.619553 -1067.652765 -1067.713372 -1067.827189 -1068.046248 -1068.477553 -1069.353270 -1071.230039 -1075.589305 -1086.522851 -1115.407787 -9999.0 -9999.0
-9999.0 -9999.0 886.787513 793.620783 699.667104 604.816494 509.503590 413.997107 318.442691 222.917864 127.457899 32.080650 -63.095825 -158.107041 -253.229784 -349.131216 -446.981087 -548.448211 -655.514735 -761.572360 -858.807187 -950.259442 -1031.220968 -1059.238139 -1069.750935 -1072.046959 -1071.327695 -1069.923699 -1068.683470 -1067.814432 -1067.291692 -1067.026009 -1066.928371 -1066.928929 -1066.979149 -1067.050341 -1067.136694 -1067.265133 -1067.551727 -1069.031867 -1080.192301 -1179.845012 -2086.347319 -4077.142364 -4084.158239 -4084.158416 -4084.158416 -4084.158416 -4084.158414 -4084.158407 -4084.158384 -4084.158301 -4084.158138 -4084.157900 -4084.157458 -4084.156493 -4084.154087 -4084.147389 -4084.126842 -4084.057441 -4072.261998 -1962.261491 -1148.842742 -1076.300953 -1068.567327 -1067.704213 -1067.585010 -1067.565559 -1067.563715 -1067.565135 -1067.566859 -1067.568301 -1067.569412 -1067.570254 -1067.570897 -1067.571397 -1067.571792 -1067.572111 -1067.572377 -1067.572610 -1067.572838 -1067.573087 -1067.573400 -1067.573831 -1067.574468 -1067.575443 -1067.576975 -1067.579420 -1067.583375 -1067.589879 -1067.600790 -1067.619553 -1067.652765 -1067.713372 -1067.827189 -1068.046248 -1068.477553 -1069.353270 -1071.230039 -1075.589305 -1086.522851 -1115.407787 -9999.0 -9999.0
-9999.0 -9999.0 886.788906 793.621525 699.667415 604.816612 509.503633 413.997122 318.442696 222.917866 127.457900 32.080650 -63.095825 -158.107041 -253.229784 -349.131217 -446.981087 -548.448211 -655.514735 -761.572360 -858.807187 -950.259442 -1031.220968 -1059.238139 -1069.750935 -1072.046959 -1071.327695 -1069.923699 -1068.683470 -1067.814432 -1067.291692 -1067.026009 -1066.928371 -1066.928929 -1066.979149 -1067.050341 -1067.136694 -1067.265133 -1067.551727 -1069.031867 -1080.192301 -1179.845012 -2086.347319 -4077.142364 -4084.158239 -4084.158416 -4084.158416 -4084.158416 -4084.158414 -4084.158407 -4084.158384 -4084.158301 -4084.158138 -4084.157900 -4084.157458 -4084.156493 -4084.154087 -4084.147389 -4084.126842 -4084.057441 -4072.261998 -1962.261491 -1148.842742 -1076.300953 -1068.567327 -1067.704213 -1067.585010 -1067.565559 -1067.563715 -1067.565135 -1067.566859 -1067.568301 -1067.569412 -1067.570254 -1067.570897 -1067.571397 -1067.571792 -1067.572111 -1067.572377 -1067.572610 -1067.572838 -1067.573087 -1067.573400 -1067.573831 -1067.574468 -1067.575443 -1067.576975 -1067.579420 -1067.583375 -1067.589879 -1067.600790 -1067.619553 -1067.652765 -1067.713372 -1067.827189 -1068.046248 -1068.477553 -1069.353270 -1071.230039 -1075.589305 -1086.522851 -1115.407787 -9999.0 -9999.0
-9999.0 -9999.0 886.788906 793.621525 699.667415 604.816612 509.503633 413.997122 318.442696 222.917866 127.457900 32.080650 -63.095825 -158.107041 -253.229784 -349.131217 -446.981087 -548.448211 -655.514735 -761.572360 -858.807187 -950.259442 -1031.220968 -1059.238139 -1069.750935 -1072.046959 -1071.327695 -1069.923699 -1068.683470 -1067.814432 -1067.291692 -1067.026009 -1066.928371 -1066.928929 -1066.979149 -1067.050341 -1067.136694 -1067.265133 -1067.551727 -1069.031867 -1080.192301 -1179.845012 -2086.347319 -4077.142364 -4084.158239 -4084.158416 -4084.158416 -4084.158416 -4084.158414 -4084.158407 -4084.158384 -4084.158301 -4084.158138 -4084.157900 -4084.157458 -4084.156493 -4084.154087 -4084.147389 -4084.126842 -4084.057441 -4072.261998 -1962.261491 -1148.842742 -1076.300953 -1068.567327 -1067.704213 -1067.585010 -1067.565559 -1067.563715 -1067.565135 -1067.566859 -1067.568301 -1067.569412 -1067.570254 -1067.570897 -1067.571397 -1067.571792 -1067.572111 -1067.572377 -1067.572610 -1067.572838 -1067.573087 -1067.573400 -1067.573831 -1067.574468 -1067.575443 -1067.576975 -1067.579420 -1067.583375 -1067.589879 -1067.600790 -1067.619553 -1067.652765 -1067.713372 -1067.827189 -1068.046248 -1068.477553 -1069.353270 -1071.230039 -1075.589305 -1086.522851 -1115.407787 -9999.0 -9999.0
-9999.0 -9999.0 886.787513 793.620783 699.667104 604.816494 509.503590 413.997107 318.442691 222.917864 127.457899 32.080650 -63.095825 -158.107041 -253.229784 -349.131216 -446.981087 -548.448211 -655.514735 -761.572360 -858.807187 -950.259442 -1031.220968 -1059.238139 -1069.750935 -1072.046959 -1071.327695 -1069.923699 -1068.683470 -1067.814432 -1067.291692 -1067.026009 -1066.928371 -1066.928929 -1066.979149 -1067.050341 -1067.136694 -1067.265133 -1067.551727 -1069.031867 -1080.192301 -1179.845012 -2086.347319 -4077.142364 -4084.158239 -4084.158416 -4084.158416 -4084.158416 -4084.158414 -4084.158407 -4084.158384 -4084.158301 -4084.158138 -4084.157900 -4084.157458 -4084.156493 -4084.154087 -4084.147389 -4084.126842 -4084.057441 -4072.261998 -1962.261491 -1148.842742 -1076.300953 -1068.567327 -1067.704213 -1067.585010 -1067.565559 -1067.563715 -1067.565135 -1067.566859 -1067.568301 -1067.569412 -1067.570254 -1067.570897 -1067.571397 -1067.571792 -1067.572111 -1067.572377 -1067.572610 -1067.572838 -1067.573087 -1067.573400 -1067.573831 -1067.574468 -1067.575443 -1067.576975 -1067.579420 -1067.583375 -1067.589879 -1067.600790 -1067.619553 -1067.652765 -1067.713372 -1067.827189 -1068.046248 -1068.477553 -1069.353270 -1071.230039 -1075.589305 -1086.522851 -1115.407787 -9999.0 -9999.0
-9999.0 -9999.0 886.783649 793.619363 699.666648 604.816347 509.503541 413.997091 318.442686 222.917862 127.457899 32.080650 -63.095824 -158.107040 -253.229783 -349.131216 -446.981087 -548.448211 -655.514735 -761.572360 -858.807188 -950.259442 -1031.220968 -1059.238139 -1069.750935 -1072.046959 -1071.327695 -1069.923699 -1068.683470 -1067.814432 -1067.291692 -1067.026009 -1066.928371 -1066.928929 -1066.979149 -1067.050341 -1067.136694 -1067.265133 -1067.551727 -1069.031867 -1080.192301 -1179.845012 -2086.347319 -4077.142364 -4084.158239 -4084.158416 -4084.158416 -4084.158416 -4084.158414 -4084.158407 -4084.158384 -4084.158301 -4084.158138 -4084.157900 -4084.157458 -4084.156493 -4084.154087 -4084.147389 -4084.126842 -4084.057441 -4072.261998 -1962.261491 -1148.842742 -1076.300953 -1068.567327 -1067.704213 -1067.585010 -1067.565559 -1067.563715 -1067.565135 -1067.566859 -1067.568301 -1067.569412 -1067.570254 -1067.570897 -1067.571397 -1067.571792 -1067.572111 -1067.572377 -1067.572610 -1067.572838 -1067.573087 -1067.573400 -1067.573831 -1067.574468 -1067.575443 -1067.576975 -1067.579420 -1067.583375 -1067.589879 -1067.600790 -1067.619553 -1067.652765 -1067.713372 -1067.827189 -1068.046248 -1068.477553 -1069.353270 -1071.230039 -1075.589305 -1086.522851 -1115.407787 -9999.0 -9999.0
-9999.0 -9999.0 -9999.0 -9999.0 -9999.0 -9999.0 -9999.0 -9999.0 -9999.0 -9999.0 -9999.0 -9999.0 -9999.0 -9999.0 -9999.0 -9999.0 -9999.0 -9999.0 -9999.0 -9999.0 -9999.0 -9999.0 -9999.0 -9999.0 -9999.0 -9999.0 -9999.0 -9999.0 -9999.0 -9999.0 -9999.0 -9999.0 -9999.0 -9999.0 -9999.0 -9999.0 -9999.0 -9999.0 -9999.0 -9999.0 -9999.0 -9999.0 -9999.0 -9999.0 -9999.0 -9999.0 -9999.0 -9999.0 -9999.0 -9999.0 -9999.0 -9999.0 -9999.0 -9999.0 -9999.0 -9999.0 -9999.0 -9999.0 -9999.0 -9999.0 -9999.0 -9999.0 -9999.0 -9999.0 -9999.0 -9999.0 -9999.0 -9999.0 -9999.0 -9999.0 -9999.0 -9999.0 -9999.0 -9999.0 -9999.0 -9999.0 -9999.0 -9999.0 -9999.0 -9999.0 -9999.0 -9999.0 -9999.0 -9999.0 -9999.0 -9999.0 -9999.0 -9999.0 -9999.0 -9999.0 -9999.0 -9999.0 -9999.0 -9999.0 -9999.0 -9999.0 -9999.0 -9999.0 -9999.0 -9999.0 -9999.0 -9999.0 -9999.0 -9999.0
-9999.0 -9999.0 -9999.0 -9999.0 -9999.0 -9999.0 -9999.0 -9999.0 -9999.0 -9999.0 -9999.0 -9999.0 -9999.0 -9999.0 -9999.0 -9999.0 -9999.0 -9999.0 -9999.0 -9999.0 -9999.0 -9999.0 -9999.0 -9999.0 -9999.0 -9999.0 -9999.0 -9999.0 -9999.0 -9999.0 -9999.0 -9999.0 -9999.0 -9999.0 -9999.0 -9999.0 -9999.0 -9999.0 -9999.0 -9999.0 -9999.0 -9999.0 -9999.0 -9999.0 -9999.0 -9999.0 -9999.0 -9999.0 -9999.0 -9999.0 -9999.0 -9999.0 -9999.0 -9999.0 -9999.0 -9999.0 -9999.0 -9999.0 -9999.0 -9999.0 -9999.0 -9999.0 -9999.0 -9999.0 -9999.0 -9999.0 -9999.0 -9999.0 -9999.0 -9999.0 -9999.0 -9999.0 -9999.0 -9999.0 -9999.0 -9999.0 -9999.0 -9999.0 -9999.0 -9999.0 -9999.0 -9999.0 -9999.0 -9999.0 -9999.0 -9999.0 -9999.0 -9999.0 -9999.0 -9999.0 -9999.0 -9999.0 -9999.0 -9999.0 -9999.0 -9999.0 -9999.0 -9999.0 -9999.0 -9999.0 -9999.0 -9999.0 -9999.0 -9999.0