inst/processing_geotop_simulation/geotop_simulation/out/maps3D/PwL0013N0118.asc
ncols         104
nrows         10
xllcorner     -2.000000
yllcorner     0.000000
cellsize      1.000000
NODATA_value  -9999.0
-9999.0 -9999.0 -9999.0 -9999.0 -9999.0 -9999.0 -9999.0 -9999.0 -9999.0 -9999.0 -9999.0 -9999.0 -9999.0 -9999.0 -9999.0 -9999.0 -9999.0 -9999.0 -9999.0 -9999.0 -9999.0 -9999.0 -9999.0 -9999.0 -9999.0 -9999.0 -9999.0 -9999.0 -9999.0 -9999.0 -9999.0 -9999.0 -9999.0 -9999.0 -9999.0 -9999.0 -9999.0 -9999.0 -9999.0 -9999.0 -9999.0 -9999.0 -9999.0 -9999.0 -9999.0 -9999.0 -9999.0 -9999.0 -9999.0 -9999.0 -9999.0 -9999.0 -9999.0 -9999.0 -9999.0 -9999.0 -9999.0 -9999.0 -9999.0 -9999.0 -9999.0 -9999.0 -9999.0 -9999.0 -9999.0 -9999.0 -9999.0 -9999.0 -9999.0 -9999.0 -9999.0 -9999.0 -9999.0 -9999.0 -9999.0 -9999.0 -9999.0 -9999.0 -9999.0 -9999.0 -9999.0 -9999.0 -9999.0 -9999.0 -9999.0 -9999.0 -9999.0 -9999.0 -9999.0 -9999.0 -9999.0 -9999.0 -9999.0 -9999.0 -9999.0 -9999.0 -9999.0 -9999.0 -9999.0 -9999.0 -9999.0 -9999.0 -9999.0 -9999.0
-9999.0 -9999.0 -9999.0 -9999.0 -9999.0 -9999.0 -9999.0 -9999.0 -9999.0 -9999.0 -9999.0 -9999.0 -9999.0 -9999.0 -9999.0 -9999.0 -9999.0 -9999.0 -9999.0 -9999.0 -9999.0 -9999.0 -9999.0 -9999.0 -9999.0 -9999.0 -9999.0 -9999.0 -9999.0 -9999.0 -9999.0 -9999.0 -9999.0 -9999.0 -9999.0 -9999.0 -9999.0 -9999.0 -9999.0 -9999.0 -9999.0 -9999.0 -9999.0 -9999.0 -9999.0 -9999.0 -9999.0 -9999.0 -9999.0 -9999.0 -9999.0 -9999.0 -9999.0 -9999.0 -9999.0 -9999.0 -9999.0 -9999.0 -9999.0 -9999.0 -9999.0 -9999.0 -9999.0 -9999.0 -9999.0 -9999.0 -9999.0 -9999.0 -9999.0 -9999.0 -9999.0 -9999.0 -9999.0 -9999.0 -9999.0 -9999.0 -9999.0 -9999.0 -9999.0 -9999.0 -9999.0 -9999.0 -9999.0 -9999.0 -9999.0 -9999.0 -9999.0 -9999.0 -9999.0 -9999.0 -9999.0 -9999.0 -9999.0 -9999.0 -9999.0 -9999.0 -9999.0 -9999.0 -9999.0 -9999.0 -9999.0 -9999.0 -9999.0 -9999.0
-9999.0 -9999.0 639.623145 549.789325 457.544678 363.811486 269.396573 174.688760 79.879920 -14.920160 -109.647607 -204.289372 -298.867584 -393.674853 -489.256460 -586.025560 -684.604872 -779.689337 -872.802771 -963.177498 -1046.911436 -1111.826905 -1156.805334 -1185.156883 -1201.927324 -1211.563474 -1217.116706 -1220.400781 -1222.413764 -1223.691482 -1224.527636 -1225.088456 -1225.471979 -1225.737954 -1225.923869 -1226.055951 -1226.161114 -1226.284641 -1226.572549 -1228.119497 -1238.683953 -1317.460183 -2089.057251 -4317.841571 -4331.678443 -4331.672128 -4331.665800 -4331.664806 -4331.664704 -4331.664713 -4331.664737 -4331.664763 -4331.664788 -4331.664811 -4331.664832 -4331.664856 -4331.664930 -4331.665465 -4331.669098 -4331.673989 -4309.709007 -1974.828202 -1289.811348 -1234.447285 -1227.498429 -1226.627288 -1226.506413 -1226.487381 -1226.485439 -1226.486583 -1226.488041 -1226.489269 -1226.490215 -1226.490933 -1226.491480 -1226.491905 -1226.492240 -1226.492511 -1226.492735 -1226.492934 -1226.493126 -1226.493339 -1226.493604 -1226.493972 -1226.494514 -1226.495347 -1226.496655 -1226.498742 -1226.502122 -1226.507684 -1226.517025 -1226.533106 -1226.561602 -1226.613649 -1226.711422 -1226.899528 -1227.269254 -1228.016073 -1229.594757 -1233.164581 -1241.896159 -1266.022949 -9999.0 -9999.0
-9999.0 -9999.0 639.628788 549.791102 457.545202 363.811648 269.396626 174.688777 79.879927 -14.920157 -109.647606 -204.289372 -298.867584 -393.674853 -489.256460 -586.025560 -684.604872 -779.689337 -872.802771 -963.177498 -1046.911436 -1111.826905 -1156.805334 -1185.156883 -1201.927324 -1211.563474 -1217.116706 -1220.400781 -1222.413764 -1223.691482 -1224.527636 -1225.088456 -1225.471979 -1225.737954 -1225.923869 -1226.055951 -1226.161114 -1226.284641 -1226.572549 -1228.119497 -1238.683953 -1317.460183 -2089.057251 -4317.841571 -4331.678443 -4331.672128 -4331.665800 -4331.664806 -4331.664704 -4331.664713 -4331.664737 -4331.664763 -4331.664788 -4331.664811 -4331.664832 -4331.664856 -4331.664930 -4331.665465 -4331.669098 -4331.673989 -4309.709007 -1974.828202 -1289.811348 -1234.447285 -1227.498429 -1226.627288 -1226.506413 -1226.487381 -1226.485439 -1226.486583 -1226.488041 -1226.489269 -1226.490215 -1226.490933 -1226.491480 -1226.491905 -1226.492240 -1226.492511 -1226.492735 -1226.492934 -1226.493126 -1226.493339 -1226.493604 -1226.493972 -1226.494514 -1226.495347 -1226.496655 -1226.498742 -1226.502122 -1226.507684 -1226.517025 -1226.533106 -1226.561602 -1226.613649 -1226.711422 -1226.899528 -1227.269254 -1228.016073 -1229.594757 -1233.164581 -1241.896159 -1266.022949 -9999.0 -9999.0
-9999.0 -9999.0 639.630393 549.791944 457.545546 363.811776 269.396672 174.688794 79.879933 -14.920155 -109.647605 -204.289372 -298.867584 -393.674853 -489.256460 -586.025560 -684.604872 -779.689337 -872.802771 -963.177498 -1046.911436 -1111.826905 -1156.805334 -1185.156883 -1201.927324 -1211.563474 -1217.116706 -1220.400781 -1222.413764 -1223.691482 -1224.527636 -1225.088456 -1225.471979 -1225.737954 -1225.923869 -1226.055951 -1226.161114 -1226.284641 -1226.572549 -1228.119497 -1238.683953 -1317.460183 -2089.057251 -4317.841571 -4331.678443 -4331.672128 -4331.665800 -4331.664806 -4331.664704 -4331.664713 -4331.664737 -4331.664763 -4331.664788 -4331.664811 -4331.664832 -4331.664856 -4331.664930 -4331.665465 -4331.669098 -4331.673989 -4309.709007 -1974.828202 -1289.811348 -1234.447285 -1227.498429 -1226.627288 -1226.506413 -1226.487381 -1226.485439 -1226.486583 -1226.488041 -1226.489269 -1226.490215 -1226.490933 -1226.491480 -1226.491905 -1226.492240 -1226.492511 -1226.492735 -1226.492934 -1226.493126 -1226.493339 -1226.493604 -1226.493972 -1226.494514 -1226.495347 -1226.496655 -1226.498742 -1226.502122 -1226.507684 -1226.517025 -1226.533106 -1226.561602 -1226.613649 -1226.711422 -1226.899528 -1227.269254 -1228.016073 -1229.594757 -1233.164581 -1241.896159 -1266.022949 -9999.0 -9999.0
-9999.0 -9999.0 639.630393 549.791944 457.545546 363.811776 269.396672 174.688794 79.879933 -14.920155 -109.647605 -204.289372 -298.867584 -393.674853 -489.256460 -586.025560 -684.604872 -779.689337 -872.802771 -963.177498 -1046.911436 -1111.826905 -1156.805334 -1185.156883 -1201.927324 -1211.563474 -1217.116706 -1220.400781 -1222.413764 -1223.691482 -1224.527636 -1225.088456 -1225.471979 -1225.737954 -1225.923869 -1226.055951 -1226.161114 -1226.284641 -1226.572549 -1228.119497 -1238.683953 -1317.460183 -2089.057251 -4317.841571 -4331.678443 -4331.672128 -4331.665800 -4331.664806 -4331.664704 -4331.664713 -4331.664737 -4331.664763 -4331.664788 -4331.664811 -4331.664832 -4331.664856 -4331.664930 -4331.665465 -4331.669098 -4331.673989 -4309.709007 -1974.828202 -1289.811348 -1234.447285 -1227.498429 -1226.627288 -1226.506413 -1226.487381 -1226.485439 -1226.486583 -1226.488041 -1226.489269 -1226.490215 -1226.490933 -1226.491480 -1226.491905 -1226.492240 -1226.492511 -1226.492735 -1226.492934 -1226.493126 -1226.493339 -1226.493604 -1226.493972 -1226.494514 -1226.495347 -1226.496655 -1226.498742 -1226.502122 -1226.507684 -1226.517025 -1226.533106 -1226.561602 -1226.613649 -1226.711422 -1226.899528 -1227.269254 -1228.016073 -1229.594757 -1233.164581 -1241.896159 -1266.022949 -9999.0 -9999.0
-9999.0 -9999.0 639.628788 549.791102 457.545202 363.811648 269.396626 174.688777 79.879927 -14.920157 -109.647606 -204.289372 -298.867584 -393.674853 -489.256460 -586.025560 -684.604872 -779.689337 -872.802771 -963.177498 -1046.911436 -1111.826905 -1156.805334 -1185.156883 -1201.927324 -1211.563474 -1217.116706 -1220.400781 -1222.413764 -1223.691482 -1224.527636 -1225.088456 -1225.471979 -1225.737954 -1225.923869 -1226.055951 -1226.161114 -1226.284641 -1226.572549 -1228.119497 -1238.683953 -1317.460183 -2089.057251 -4317.841571 -4331.678443 -4331.672128 -4331.665800 -4331.664806 -4331.664704 -4331.664713 -4331.664737 -4331.664763 -4331.664788 -4331.664811 -4331.664832 -4331.664856 -4331.664930 -4331.665465 -4331.669098 -4331.673989 -4309.709007 -1974.828202 -1289.811348 -1234.447285 -1227.498429 -1226.627288 -1226.506413 -1226.487381 -1226.485439 -1226.486583 -1226.488041 -1226.489269 -1226.490215 -1226.490933 -1226.491480 -1226.491905 -1226.492240 -1226.492511 -1226.492735 -1226.492934 -1226.493126 -1226.493339 -1226.493604 -1226.493972 -1226.494514 -1226.495347 -1226.496655 -1226.498742 -1226.502122 -1226.507684 -1226.517025 -1226.533106 -1226.561602 -1226.613649 -1226.711422 -1226.899528 -1227.269254 -1228.016073 -1229.594757 -1233.164581 -1241.896159 -1266.022949 -9999.0 -9999.0
-9999.0 -9999.0 639.623145 549.789325 457.544678 363.811486 269.396573 174.688760 79.879920 -14.920160 -109.647607 -204.289372 -298.867584 -393.674853 -489.256460 -586.025560 -684.604872 -779.689337 -872.802771 -963.177498 -1046.911436 -1111.826905 -1156.805334 -1185.156883 -1201.927324 -1211.563474 -1217.116706 -1220.400781 -1222.413764 -1223.691482 -1224.527636 -1225.088456 -1225.471979 -1225.737954 -1225.923869 -1226.055951 -1226.161114 -1226.284641 -1226.572549 -1228.119497 -1238.683953 -1317.460183 -2089.057251 -4317.841571 -4331.678443 -4331.672128 -4331.665800 -4331.664806 -4331.664704 -4331.664713 -4331.664737 -4331.664763 -4331.664788 -4331.664811 -4331.664832 -4331.664856 -4331.664930 -4331.665465 -4331.669098 -4331.673989 -4309.709007 -1974.828203 -1289.811348 -1234.447285 -1227.498429 -1226.627288 -1226.506413 -1226.487381 -1226.485439 -1226.486583 -1226.488041 -1226.489269 -1226.490215 -1226.490933 -1226.491480 -1226.491905 -1226.492240 -1226.492511 -1226.492735 -1226.492934 -1226.493126 -1226.493339 -1226.493604 -1226.493972 -1226.494514 -1226.495347 -1226.496655 -1226.498742 -1226.502122 -1226.507684 -1226.517025 -1226.533106 -1226.561602 -1226.613649 -1226.711422 -1226.899528 -1227.269254 -1228.016073 -1229.594757 -1233.164581 -1241.896159 -1266.022949 -9999.0 -9999.0
-9999.0 -9999.0 -9999.0 -9999.0 -9999.0 -9999.0 -9999.0 -9999.0 -9999.0 -9999.0 -9999.0 -9999.0 -9999.0 -9999.0 -9999.0 -9999.0 -9999.0 -9999.0 -9999.0 -9999.0 -9999.0 -9999.0 -9999.0 -9999.0 -9999.0 -9999.0 -9999.0 -9999.0 -9999.0 -9999.0 -9999.0 -9999.0 -9999.0 -9999.0 -9999.0 -9999.0 -9999.0 -9999.0 -9999.0 -9999.0 -9999.0 -9999.0 -9999.0 -9999.0 -9999.0 -9999.0 -9999.0 -9999.0 -9999.0 -9999.0 -9999.0 -9999.0 -9999.0 -9999.0 -9999.0 -9999.0 -9999.0 -9999.0 -9999.0 -9999.0 -9999.0 -9999.0 -9999.0 -9999.0 -9999.0 -9999.0 -9999.0 -9999.0 -9999.0 -9999.0 -9999.0 -9999.0 -9999.0 -9999.0 -9999.0 -9999.0 -9999.0 -9999.0 -9999.0 -9999.0 -9999.0 -9999.0 -9999.0 -9999.0 -9999.0 -9999.0 -9999.0 -9999.0 -9999.0 -9999.0 -9999.0 -9999.0 -9999.0 -9999.0 -9999.0 -9999.0 -9999.0 -9999.0 -9999.0 -9999.0 -9999.0 -9999.0 -9999.0 -9999.0
-9999.0 -9999.0 -9999.0 -9999.0 -9999.0 -9999.0 -9999.0 -9999.0 -9999.0 -9999.0 -9999.0 -9999.0 -9999.0 -9999.0 -9999.0 -9999.0 -9999.0 -9999.0 -9999.0 -9999.0 -9999.0 -9999.0 -9999.0 -9999.0 -9999.0 -9999.0 -9999.0 -9999.0 -9999.0 -9999.0 -9999.0 -9999.0 -9999.0 -9999.0 -9999.0 -9999.0 -9999.0 -9999.0 -9999.0 -9999.0 -9999.0 -9999.0 -9999.0 -9999.0 -9999.0 -9999.0 -9999.0 -9999.0 -9999.0 -9999.0 -9999.0 -9999.0 -9999.0 -9999.0 -9999.0 -9999.0 -9999.0 -9999.0 -9999.0 -9999.0 -9999.0 -9999.0 -9999.0 -9999.0 -9999.0 -9999.0 -9999.0 -9999.0 -9999.0 -9999.0 -9999.0 -9999.0 -9999.0 -9999.0 -9999.0 -9999.0 -9999.0 -9999.0 -9999.0 -9999.0 -9999.0 -9999.0 -9999.0 -9999.0 -9999.0 -9999.0 -9999.0 -9999.0 -9999.0 -9999.0 -9999.0 -9999.0 -9999.0 -9999.0 -9999.0 -9999.0 -9999.0 -9999.0 -9999.0 -9999.0 -9999.0 -9999.0 -9999.0 -9999.0