inst/processing_geotop_simulation/geotop_simulation/out/maps3D/PwL0000N0222.asc
ncols         104
nrows         10
xllcorner     -2.000000
yllcorner     0.000000
cellsize      1.000000
NODATA_value  -9999.0
-9999.0 -9999.0 -9999.0 -9999.0 -9999.0 -9999.0 -9999.0 -9999.0 -9999.0 -9999.0 -9999.0 -9999.0 -9999.0 -9999.0 -9999.0 -9999.0 -9999.0 -9999.0 -9999.0 -9999.0 -9999.0 -9999.0 -9999.0 -9999.0 -9999.0 -9999.0 -9999.0 -9999.0 -9999.0 -9999.0 -9999.0 -9999.0 -9999.0 -9999.0 -9999.0 -9999.0 -9999.0 -9999.0 -9999.0 -9999.0 -9999.0 -9999.0 -9999.0 -9999.0 -9999.0 -9999.0 -9999.0 -9999.0 -9999.0 -9999.0 -9999.0 -9999.0 -9999.0 -9999.0 -9999.0 -9999.0 -9999.0 -9999.0 -9999.0 -9999.0 -9999.0 -9999.0 -9999.0 -9999.0 -9999.0 -9999.0 -9999.0 -9999.0 -9999.0 -9999.0 -9999.0 -9999.0 -9999.0 -9999.0 -9999.0 -9999.0 -9999.0 -9999.0 -9999.0 -9999.0 -9999.0 -9999.0 -9999.0 -9999.0 -9999.0 -9999.0 -9999.0 -9999.0 -9999.0 -9999.0 -9999.0 -9999.0 -9999.0 -9999.0 -9999.0 -9999.0 -9999.0 -9999.0 -9999.0 -9999.0 -9999.0 -9999.0 -9999.0 -9999.0
-9999.0 -9999.0 -9999.0 -9999.0 -9999.0 -9999.0 -9999.0 -9999.0 -9999.0 -9999.0 -9999.0 -9999.0 -9999.0 -9999.0 -9999.0 -9999.0 -9999.0 -9999.0 -9999.0 -9999.0 -9999.0 -9999.0 -9999.0 -9999.0 -9999.0 -9999.0 -9999.0 -9999.0 -9999.0 -9999.0 -9999.0 -9999.0 -9999.0 -9999.0 -9999.0 -9999.0 -9999.0 -9999.0 -9999.0 -9999.0 -9999.0 -9999.0 -9999.0 -9999.0 -9999.0 -9999.0 -9999.0 -9999.0 -9999.0 -9999.0 -9999.0 -9999.0 -9999.0 -9999.0 -9999.0 -9999.0 -9999.0 -9999.0 -9999.0 -9999.0 -9999.0 -9999.0 -9999.0 -9999.0 -9999.0 -9999.0 -9999.0 -9999.0 -9999.0 -9999.0 -9999.0 -9999.0 -9999.0 -9999.0 -9999.0 -9999.0 -9999.0 -9999.0 -9999.0 -9999.0 -9999.0 -9999.0 -9999.0 -9999.0 -9999.0 -9999.0 -9999.0 -9999.0 -9999.0 -9999.0 -9999.0 -9999.0 -9999.0 -9999.0 -9999.0 -9999.0 -9999.0 -9999.0 -9999.0 -9999.0 -9999.0 -9999.0 -9999.0 -9999.0
-9999.0 -9999.0 0.031489 -88.529532 -185.098266 -282.554350 -380.329753 -478.203466 -576.059896 -673.794936 -771.200947 -868.110196 -964.393039 -1059.863651 -1155.206091 -1250.245870 -1343.632107 -1434.950057 -1523.925564 -1608.137444 -1681.869869 -1740.929254 -1784.827671 -1815.813795 -1837.037443 -1851.372568 -1861.012311 -1867.487626 -1871.828542 -1874.725595 -1876.647021 -1877.912807 -1878.741547 -1879.281412 -1879.631967 -1879.861314 -1880.023045 -1880.189431 -1880.612098 -1882.510989 -1889.280200 -1873.155351 -1172.644913 -1169.237941 -1158.750661 -1152.067265 -1148.929288 -1148.462516 -1148.413631 -1148.420048 -1148.434719 -1148.450414 -1148.465492 -1148.479451 -1148.492365 -1148.506980 -1148.549532 -1148.830167 -1150.507506 -1154.265964 -1159.930831 -1155.925476 -1852.037051 -1884.126619 -1881.423141 -1880.541654 -1880.387500 -1880.363398 -1880.360252 -1880.360586 -1880.361394 -1880.362123 -1880.362695 -1880.363131 -1880.363465 -1880.363724 -1880.363928 -1880.364093 -1880.364231 -1880.364354 -1880.364474 -1880.364608 -1880.364776 -1880.365011 -1880.365358 -1880.365893 -1880.366734 -1880.368082 -1880.370273 -1880.373898 -1880.380029 -1880.390670 -1880.409687 -1880.444700 -1880.510944 -1880.639344 -1880.894481 -1881.418974 -1882.554679 -1885.204480 -1892.117500 -1914.063750 -9999.0 -9999.0
-9999.0 -9999.0 0.105745 -88.527350 -185.097722 -282.554192 -380.329703 -478.203448 -576.059890 -673.794934 -771.200946 -868.110195 -964.393038 -1059.863651 -1155.206091 -1250.245870 -1343.632107 -1434.950057 -1523.925564 -1608.137445 -1681.869869 -1740.929254 -1784.827671 -1815.813795 -1837.037443 -1851.372568 -1861.012311 -1867.487626 -1871.828542 -1874.725595 -1876.647021 -1877.912807 -1878.741547 -1879.281412 -1879.631967 -1879.861314 -1880.023045 -1880.189431 -1880.612098 -1882.510989 -1889.280200 -1873.155351 -1172.644913 -1169.237941 -1158.750660 -1152.067265 -1148.929288 -1148.462516 -1148.413631 -1148.420048 -1148.434719 -1148.450414 -1148.465492 -1148.479451 -1148.492365 -1148.506980 -1148.549532 -1148.830167 -1150.507506 -1154.265964 -1159.930831 -1155.925476 -1852.037051 -1884.126619 -1881.423141 -1880.541654 -1880.387500 -1880.363398 -1880.360252 -1880.360586 -1880.361394 -1880.362123 -1880.362695 -1880.363131 -1880.363465 -1880.363724 -1880.363928 -1880.364093 -1880.364231 -1880.364354 -1880.364474 -1880.364608 -1880.364776 -1880.365011 -1880.365358 -1880.365893 -1880.366734 -1880.368082 -1880.370273 -1880.373898 -1880.380029 -1880.390670 -1880.409687 -1880.444700 -1880.510944 -1880.639344 -1880.894481 -1881.418974 -1882.554679 -1885.204480 -1892.117500 -1914.063750 -9999.0 -9999.0
-9999.0 -9999.0 0.105750 -88.526480 -185.097379 -282.554068 -380.329659 -478.203433 -576.059884 -673.794932 -771.200945 -868.110195 -964.393038 -1059.863651 -1155.206091 -1250.245870 -1343.632107 -1434.950057 -1523.925564 -1608.137445 -1681.869869 -1740.929254 -1784.827671 -1815.813795 -1837.037443 -1851.372569 -1861.012311 -1867.487626 -1871.828542 -1874.725595 -1876.647021 -1877.912807 -1878.741547 -1879.281412 -1879.631967 -1879.861314 -1880.023045 -1880.189431 -1880.612098 -1882.510989 -1889.280200 -1873.155351 -1172.644913 -1169.237941 -1158.750660 -1152.067265 -1148.929288 -1148.462516 -1148.413631 -1148.420048 -1148.434719 -1148.450414 -1148.465492 -1148.479451 -1148.492365 -1148.506980 -1148.549532 -1148.830167 -1150.507506 -1154.265964 -1159.930831 -1155.925476 -1852.037051 -1884.126619 -1881.423141 -1880.541654 -1880.387500 -1880.363398 -1880.360252 -1880.360586 -1880.361394 -1880.362123 -1880.362695 -1880.363131 -1880.363465 -1880.363724 -1880.363928 -1880.364093 -1880.364231 -1880.364354 -1880.364474 -1880.364608 -1880.364776 -1880.365011 -1880.365358 -1880.365893 -1880.366734 -1880.368082 -1880.370273 -1880.373898 -1880.380029 -1880.390670 -1880.409687 -1880.444700 -1880.510944 -1880.639344 -1880.894481 -1881.418974 -1882.554679 -1885.204480 -1892.117500 -1914.063750 -9999.0 -9999.0
-9999.0 -9999.0 0.105750 -88.526480 -185.097379 -282.554068 -380.329659 -478.203433 -576.059884 -673.794932 -771.200945 -868.110195 -964.393038 -1059.863651 -1155.206091 -1250.245870 -1343.632107 -1434.950057 -1523.925564 -1608.137445 -1681.869869 -1740.929254 -1784.827671 -1815.813795 -1837.037443 -1851.372569 -1861.012311 -1867.487626 -1871.828542 -1874.725595 -1876.647021 -1877.912807 -1878.741547 -1879.281412 -1879.631967 -1879.861314 -1880.023045 -1880.189431 -1880.612098 -1882.510989 -1889.280200 -1873.155351 -1172.644913 -1169.237941 -1158.750660 -1152.067265 -1148.929288 -1148.462516 -1148.413631 -1148.420048 -1148.434719 -1148.450414 -1148.465492 -1148.479451 -1148.492365 -1148.506980 -1148.549532 -1148.830167 -1150.507506 -1154.265964 -1159.930831 -1155.925476 -1852.037051 -1884.126619 -1881.423141 -1880.541655 -1880.387500 -1880.363398 -1880.360252 -1880.360586 -1880.361394 -1880.362123 -1880.362695 -1880.363131 -1880.363465 -1880.363724 -1880.363928 -1880.364093 -1880.364231 -1880.364354 -1880.364474 -1880.364608 -1880.364776 -1880.365011 -1880.365358 -1880.365893 -1880.366734 -1880.368082 -1880.370273 -1880.373898 -1880.380029 -1880.390670 -1880.409687 -1880.444700 -1880.510944 -1880.639344 -1880.894481 -1881.418974 -1882.554679 -1885.204480 -1892.117500 -1914.063750 -9999.0 -9999.0
-9999.0 -9999.0 0.105745 -88.527350 -185.097722 -282.554192 -380.329703 -478.203449 -576.059890 -673.794934 -771.200946 -868.110195 -964.393038 -1059.863651 -1155.206091 -1250.245870 -1343.632107 -1434.950057 -1523.925564 -1608.137445 -1681.869869 -1740.929254 -1784.827671 -1815.813795 -1837.037443 -1851.372568 -1861.012311 -1867.487626 -1871.828542 -1874.725595 -1876.647021 -1877.912807 -1878.741547 -1879.281412 -1879.631967 -1879.861314 -1880.023045 -1880.189431 -1880.612098 -1882.510989 -1889.280200 -1873.155351 -1172.644913 -1169.237941 -1158.750660 -1152.067265 -1148.929288 -1148.462516 -1148.413631 -1148.420048 -1148.434719 -1148.450414 -1148.465492 -1148.479451 -1148.492365 -1148.506980 -1148.549532 -1148.830167 -1150.507506 -1154.265964 -1159.930831 -1155.925476 -1852.037051 -1884.126619 -1881.423141 -1880.541655 -1880.387500 -1880.363398 -1880.360252 -1880.360586 -1880.361394 -1880.362123 -1880.362695 -1880.363131 -1880.363465 -1880.363724 -1880.363928 -1880.364093 -1880.364231 -1880.364354 -1880.364474 -1880.364608 -1880.364776 -1880.365011 -1880.365358 -1880.365893 -1880.366734 -1880.368082 -1880.370273 -1880.373898 -1880.380029 -1880.390670 -1880.409687 -1880.444700 -1880.510944 -1880.639344 -1880.894481 -1881.418974 -1882.554679 -1885.204480 -1892.117500 -1914.063750 -9999.0 -9999.0
-9999.0 -9999.0 0.031489 -88.529532 -185.098266 -282.554350 -380.329753 -478.203466 -576.059896 -673.794936 -771.200947 -868.110196 -964.393039 -1059.863651 -1155.206091 -1250.245870 -1343.632107 -1434.950057 -1523.925564 -1608.137444 -1681.869869 -1740.929254 -1784.827671 -1815.813795 -1837.037443 -1851.372568 -1861.012311 -1867.487626 -1871.828542 -1874.725595 -1876.647021 -1877.912807 -1878.741547 -1879.281412 -1879.631967 -1879.861314 -1880.023045 -1880.189431 -1880.612098 -1882.510989 -1889.280200 -1873.155351 -1172.644913 -1169.237941 -1158.750661 -1152.067265 -1148.929288 -1148.462516 -1148.413631 -1148.420048 -1148.434719 -1148.450414 -1148.465492 -1148.479451 -1148.492365 -1148.506980 -1148.549532 -1148.830167 -1150.507506 -1154.265964 -1159.930831 -1155.925476 -1852.037051 -1884.126619 -1881.423141 -1880.541655 -1880.387500 -1880.363398 -1880.360252 -1880.360586 -1880.361394 -1880.362123 -1880.362695 -1880.363131 -1880.363465 -1880.363724 -1880.363928 -1880.364093 -1880.364231 -1880.364354 -1880.364474 -1880.364608 -1880.364776 -1880.365011 -1880.365358 -1880.365893 -1880.366734 -1880.368082 -1880.370273 -1880.373898 -1880.380029 -1880.390670 -1880.409687 -1880.444700 -1880.510944 -1880.639344 -1880.894481 -1881.418974 -1882.554679 -1885.204480 -1892.117500 -1914.063750 -9999.0 -9999.0
-9999.0 -9999.0 -9999.0 -9999.0 -9999.0 -9999.0 -9999.0 -9999.0 -9999.0 -9999.0 -9999.0 -9999.0 -9999.0 -9999.0 -9999.0 -9999.0 -9999.0 -9999.0 -9999.0 -9999.0 -9999.0 -9999.0 -9999.0 -9999.0 -9999.0 -9999.0 -9999.0 -9999.0 -9999.0 -9999.0 -9999.0 -9999.0 -9999.0 -9999.0 -9999.0 -9999.0 -9999.0 -9999.0 -9999.0 -9999.0 -9999.0 -9999.0 -9999.0 -9999.0 -9999.0 -9999.0 -9999.0 -9999.0 -9999.0 -9999.0 -9999.0 -9999.0 -9999.0 -9999.0 -9999.0 -9999.0 -9999.0 -9999.0 -9999.0 -9999.0 -9999.0 -9999.0 -9999.0 -9999.0 -9999.0 -9999.0 -9999.0 -9999.0 -9999.0 -9999.0 -9999.0 -9999.0 -9999.0 -9999.0 -9999.0 -9999.0 -9999.0 -9999.0 -9999.0 -9999.0 -9999.0 -9999.0 -9999.0 -9999.0 -9999.0 -9999.0 -9999.0 -9999.0 -9999.0 -9999.0 -9999.0 -9999.0 -9999.0 -9999.0 -9999.0 -9999.0 -9999.0 -9999.0 -9999.0 -9999.0 -9999.0 -9999.0 -9999.0 -9999.0
-9999.0 -9999.0 -9999.0 -9999.0 -9999.0 -9999.0 -9999.0 -9999.0 -9999.0 -9999.0 -9999.0 -9999.0 -9999.0 -9999.0 -9999.0 -9999.0 -9999.0 -9999.0 -9999.0 -9999.0 -9999.0 -9999.0 -9999.0 -9999.0 -9999.0 -9999.0 -9999.0 -9999.0 -9999.0 -9999.0 -9999.0 -9999.0 -9999.0 -9999.0 -9999.0 -9999.0 -9999.0 -9999.0 -9999.0 -9999.0 -9999.0 -9999.0 -9999.0 -9999.0 -9999.0 -9999.0 -9999.0 -9999.0 -9999.0 -9999.0 -9999.0 -9999.0 -9999.0 -9999.0 -9999.0 -9999.0 -9999.0 -9999.0 -9999.0 -9999.0 -9999.0 -9999.0 -9999.0 -9999.0 -9999.0 -9999.0 -9999.0 -9999.0 -9999.0 -9999.0 -9999.0 -9999.0 -9999.0 -9999.0 -9999.0 -9999.0 -9999.0 -9999.0 -9999.0 -9999.0 -9999.0 -9999.0 -9999.0 -9999.0 -9999.0 -9999.0 -9999.0 -9999.0 -9999.0 -9999.0 -9999.0 -9999.0 -9999.0 -9999.0 -9999.0 -9999.0 -9999.0 -9999.0 -9999.0 -9999.0 -9999.0 -9999.0 -9999.0 -9999.0