inst/processing_geotop_simulation/geotop_simulation/out/maps3D/PwL0017N0084.asc
ncols         104
nrows         10
xllcorner     -2.000000
yllcorner     0.000000
cellsize      1.000000
NODATA_value  -9999.0
-9999.0 -9999.0 -9999.0 -9999.0 -9999.0 -9999.0 -9999.0 -9999.0 -9999.0 -9999.0 -9999.0 -9999.0 -9999.0 -9999.0 -9999.0 -9999.0 -9999.0 -9999.0 -9999.0 -9999.0 -9999.0 -9999.0 -9999.0 -9999.0 -9999.0 -9999.0 -9999.0 -9999.0 -9999.0 -9999.0 -9999.0 -9999.0 -9999.0 -9999.0 -9999.0 -9999.0 -9999.0 -9999.0 -9999.0 -9999.0 -9999.0 -9999.0 -9999.0 -9999.0 -9999.0 -9999.0 -9999.0 -9999.0 -9999.0 -9999.0 -9999.0 -9999.0 -9999.0 -9999.0 -9999.0 -9999.0 -9999.0 -9999.0 -9999.0 -9999.0 -9999.0 -9999.0 -9999.0 -9999.0 -9999.0 -9999.0 -9999.0 -9999.0 -9999.0 -9999.0 -9999.0 -9999.0 -9999.0 -9999.0 -9999.0 -9999.0 -9999.0 -9999.0 -9999.0 -9999.0 -9999.0 -9999.0 -9999.0 -9999.0 -9999.0 -9999.0 -9999.0 -9999.0 -9999.0 -9999.0 -9999.0 -9999.0 -9999.0 -9999.0 -9999.0 -9999.0 -9999.0 -9999.0 -9999.0 -9999.0 -9999.0 -9999.0 -9999.0 -9999.0
-9999.0 -9999.0 -9999.0 -9999.0 -9999.0 -9999.0 -9999.0 -9999.0 -9999.0 -9999.0 -9999.0 -9999.0 -9999.0 -9999.0 -9999.0 -9999.0 -9999.0 -9999.0 -9999.0 -9999.0 -9999.0 -9999.0 -9999.0 -9999.0 -9999.0 -9999.0 -9999.0 -9999.0 -9999.0 -9999.0 -9999.0 -9999.0 -9999.0 -9999.0 -9999.0 -9999.0 -9999.0 -9999.0 -9999.0 -9999.0 -9999.0 -9999.0 -9999.0 -9999.0 -9999.0 -9999.0 -9999.0 -9999.0 -9999.0 -9999.0 -9999.0 -9999.0 -9999.0 -9999.0 -9999.0 -9999.0 -9999.0 -9999.0 -9999.0 -9999.0 -9999.0 -9999.0 -9999.0 -9999.0 -9999.0 -9999.0 -9999.0 -9999.0 -9999.0 -9999.0 -9999.0 -9999.0 -9999.0 -9999.0 -9999.0 -9999.0 -9999.0 -9999.0 -9999.0 -9999.0 -9999.0 -9999.0 -9999.0 -9999.0 -9999.0 -9999.0 -9999.0 -9999.0 -9999.0 -9999.0 -9999.0 -9999.0 -9999.0 -9999.0 -9999.0 -9999.0 -9999.0 -9999.0 -9999.0 -9999.0 -9999.0 -9999.0 -9999.0 -9999.0
-9999.0 -9999.0 791.236046 691.107756 590.980581 490.988753 391.219729 291.731991 192.556652 93.720423 -4.727211 -102.769853 -200.943816 -300.247143 -401.990007 -507.145649 -614.672787 -719.957734 -816.090888 -896.848220 -968.198542 -1031.522307 -1057.084153 -1046.837758 -1037.123491 -1029.954302 -1025.405224 -1022.893719 -1021.751696 -1021.435561 -1021.564329 -1021.895038 -1022.285169 -1022.658720 -1022.980929 -1023.242984 -1023.459689 -1023.676634 -1023.984763 -1025.171633 -1035.039399 -1134.626545 -2118.903278 -4128.267810 -4133.663258 -4133.663366 -4133.663366 -4133.663366 -4133.663366 -4133.663366 -4133.663366 -4133.663366 -4133.663366 -4133.663366 -4133.663366 -4133.663365 -4133.663363 -4133.663358 -4133.663342 -4133.663080 -4124.979236 -2007.163352 -1106.823573 -1031.957940 -1025.013481 -1024.272017 -1024.161744 -1024.142749 -1024.141253 -1024.143048 -1024.145089 -1024.146776 -1024.148070 -1024.149049 -1024.149797 -1024.150378 -1024.150837 -1024.151208 -1024.151515 -1024.151786 -1024.152047 -1024.152335 -1024.152693 -1024.153187 -1024.153915 -1024.155031 -1024.156782 -1024.159572 -1024.164082 -1024.171485 -1024.183878 -1024.205132 -1024.242647 -1024.310917 -1024.438808 -1024.684290 -1025.165377 -1026.132735 -1028.171350 -1032.816078 -1044.316881 -1074.222961 -9999.0 -9999.0
-9999.0 -9999.0 791.236046 691.107755 590.980581 490.988753 391.219729 291.731990 192.556651 93.720423 -4.727211 -102.769853 -200.943817 -300.247143 -401.990007 -507.145649 -614.672787 -719.957734 -816.090888 -896.848220 -968.198542 -1031.522307 -1057.084153 -1046.837758 -1037.123491 -1029.954302 -1025.405224 -1022.893719 -1021.751696 -1021.435561 -1021.564329 -1021.895038 -1022.285169 -1022.658720 -1022.980929 -1023.242984 -1023.459689 -1023.676634 -1023.984763 -1025.171633 -1035.039399 -1134.626545 -2118.903278 -4128.267810 -4133.663258 -4133.663366 -4133.663366 -4133.663366 -4133.663366 -4133.663366 -4133.663366 -4133.663366 -4133.663366 -4133.663366 -4133.663366 -4133.663365 -4133.663363 -4133.663358 -4133.663342 -4133.663080 -4124.979236 -2007.163352 -1106.823573 -1031.957940 -1025.013481 -1024.272017 -1024.161744 -1024.142749 -1024.141253 -1024.143048 -1024.145089 -1024.146776 -1024.148070 -1024.149049 -1024.149797 -1024.150378 -1024.150837 -1024.151208 -1024.151515 -1024.151786 -1024.152047 -1024.152335 -1024.152693 -1024.153187 -1024.153915 -1024.155031 -1024.156782 -1024.159572 -1024.164082 -1024.171485 -1024.183878 -1024.205132 -1024.242647 -1024.310917 -1024.438808 -1024.684290 -1025.165377 -1026.132735 -1028.171350 -1032.816078 -1044.316881 -1074.222961 -9999.0 -9999.0
-9999.0 -9999.0 791.236046 691.107755 590.980581 490.988753 391.219729 291.731990 192.556652 93.720422 -4.727211 -102.769853 -200.943817 -300.247143 -401.990007 -507.145649 -614.672787 -719.957734 -816.090888 -896.848220 -968.198542 -1031.522307 -1057.084153 -1046.837758 -1037.123491 -1029.954302 -1025.405224 -1022.893719 -1021.751696 -1021.435561 -1021.564329 -1021.895038 -1022.285169 -1022.658720 -1022.980929 -1023.242984 -1023.459689 -1023.676634 -1023.984763 -1025.171633 -1035.039399 -1134.626545 -2118.903278 -4128.267810 -4133.663258 -4133.663366 -4133.663366 -4133.663366 -4133.663366 -4133.663366 -4133.663366 -4133.663366 -4133.663366 -4133.663366 -4133.663366 -4133.663365 -4133.663363 -4133.663358 -4133.663342 -4133.663080 -4124.979236 -2007.163352 -1106.823573 -1031.957940 -1025.013481 -1024.272017 -1024.161744 -1024.142749 -1024.141253 -1024.143048 -1024.145089 -1024.146776 -1024.148070 -1024.149049 -1024.149797 -1024.150378 -1024.150837 -1024.151208 -1024.151515 -1024.151786 -1024.152047 -1024.152335 -1024.152693 -1024.153187 -1024.153915 -1024.155031 -1024.156782 -1024.159572 -1024.164082 -1024.171485 -1024.183878 -1024.205132 -1024.242647 -1024.310917 -1024.438808 -1024.684290 -1025.165377 -1026.132735 -1028.171350 -1032.816078 -1044.316881 -1074.222961 -9999.0 -9999.0
-9999.0 -9999.0 791.236046 691.107755 590.980581 490.988753 391.219729 291.731990 192.556651 93.720423 -4.727211 -102.769853 -200.943817 -300.247143 -401.990007 -507.145649 -614.672787 -719.957734 -816.090888 -896.848220 -968.198542 -1031.522307 -1057.084153 -1046.837758 -1037.123491 -1029.954302 -1025.405224 -1022.893719 -1021.751696 -1021.435561 -1021.564329 -1021.895038 -1022.285169 -1022.658720 -1022.980929 -1023.242984 -1023.459689 -1023.676634 -1023.984763 -1025.171633 -1035.039399 -1134.626545 -2118.903278 -4128.267810 -4133.663258 -4133.663366 -4133.663366 -4133.663366 -4133.663366 -4133.663366 -4133.663366 -4133.663366 -4133.663366 -4133.663366 -4133.663366 -4133.663365 -4133.663363 -4133.663358 -4133.663342 -4133.663080 -4124.979236 -2007.163352 -1106.823573 -1031.957940 -1025.013481 -1024.272017 -1024.161744 -1024.142749 -1024.141253 -1024.143048 -1024.145089 -1024.146776 -1024.148070 -1024.149049 -1024.149797 -1024.150378 -1024.150837 -1024.151208 -1024.151515 -1024.151786 -1024.152047 -1024.152335 -1024.152693 -1024.153187 -1024.153915 -1024.155031 -1024.156782 -1024.159572 -1024.164082 -1024.171485 -1024.183878 -1024.205132 -1024.242647 -1024.310917 -1024.438808 -1024.684290 -1025.165377 -1026.132735 -1028.171350 -1032.816078 -1044.316881 -1074.222961 -9999.0 -9999.0
-9999.0 -9999.0 791.236046 691.107755 590.980581 490.988753 391.219729 291.731990 192.556651 93.720423 -4.727211 -102.769853 -200.943817 -300.247143 -401.990007 -507.145649 -614.672787 -719.957734 -816.090888 -896.848220 -968.198542 -1031.522307 -1057.084153 -1046.837758 -1037.123491 -1029.954302 -1025.405224 -1022.893719 -1021.751696 -1021.435561 -1021.564329 -1021.895038 -1022.285169 -1022.658720 -1022.980929 -1023.242984 -1023.459689 -1023.676634 -1023.984763 -1025.171633 -1035.039399 -1134.626545 -2118.903278 -4128.267810 -4133.663258 -4133.663366 -4133.663366 -4133.663366 -4133.663366 -4133.663366 -4133.663366 -4133.663366 -4133.663366 -4133.663366 -4133.663366 -4133.663365 -4133.663363 -4133.663358 -4133.663342 -4133.663080 -4124.979236 -2007.163352 -1106.823573 -1031.957940 -1025.013481 -1024.272017 -1024.161744 -1024.142749 -1024.141253 -1024.143048 -1024.145089 -1024.146776 -1024.148070 -1024.149049 -1024.149797 -1024.150378 -1024.150837 -1024.151208 -1024.151515 -1024.151786 -1024.152047 -1024.152335 -1024.152693 -1024.153187 -1024.153915 -1024.155031 -1024.156782 -1024.159572 -1024.164082 -1024.171485 -1024.183878 -1024.205132 -1024.242647 -1024.310917 -1024.438808 -1024.684290 -1025.165377 -1026.132735 -1028.171350 -1032.816078 -1044.316881 -1074.222961 -9999.0 -9999.0
-9999.0 -9999.0 791.236046 691.107756 590.980581 490.988753 391.219729 291.731991 192.556652 93.720423 -4.727211 -102.769853 -200.943816 -300.247143 -401.990007 -507.145649 -614.672787 -719.957734 -816.090888 -896.848220 -968.198542 -1031.522307 -1057.084153 -1046.837758 -1037.123491 -1029.954302 -1025.405224 -1022.893719 -1021.751696 -1021.435561 -1021.564329 -1021.895038 -1022.285169 -1022.658720 -1022.980929 -1023.242984 -1023.459689 -1023.676634 -1023.984763 -1025.171633 -1035.039399 -1134.626545 -2118.903278 -4128.267810 -4133.663258 -4133.663366 -4133.663366 -4133.663366 -4133.663366 -4133.663366 -4133.663366 -4133.663366 -4133.663366 -4133.663366 -4133.663366 -4133.663365 -4133.663363 -4133.663358 -4133.663342 -4133.663080 -4124.979236 -2007.163352 -1106.823573 -1031.957940 -1025.013481 -1024.272017 -1024.161744 -1024.142749 -1024.141253 -1024.143048 -1024.145089 -1024.146776 -1024.148070 -1024.149049 -1024.149797 -1024.150378 -1024.150837 -1024.151208 -1024.151515 -1024.151786 -1024.152047 -1024.152335 -1024.152693 -1024.153187 -1024.153915 -1024.155031 -1024.156782 -1024.159572 -1024.164082 -1024.171485 -1024.183878 -1024.205132 -1024.242647 -1024.310917 -1024.438808 -1024.684290 -1025.165377 -1026.132735 -1028.171350 -1032.816078 -1044.316881 -1074.222961 -9999.0 -9999.0
-9999.0 -9999.0 -9999.0 -9999.0 -9999.0 -9999.0 -9999.0 -9999.0 -9999.0 -9999.0 -9999.0 -9999.0 -9999.0 -9999.0 -9999.0 -9999.0 -9999.0 -9999.0 -9999.0 -9999.0 -9999.0 -9999.0 -9999.0 -9999.0 -9999.0 -9999.0 -9999.0 -9999.0 -9999.0 -9999.0 -9999.0 -9999.0 -9999.0 -9999.0 -9999.0 -9999.0 -9999.0 -9999.0 -9999.0 -9999.0 -9999.0 -9999.0 -9999.0 -9999.0 -9999.0 -9999.0 -9999.0 -9999.0 -9999.0 -9999.0 -9999.0 -9999.0 -9999.0 -9999.0 -9999.0 -9999.0 -9999.0 -9999.0 -9999.0 -9999.0 -9999.0 -9999.0 -9999.0 -9999.0 -9999.0 -9999.0 -9999.0 -9999.0 -9999.0 -9999.0 -9999.0 -9999.0 -9999.0 -9999.0 -9999.0 -9999.0 -9999.0 -9999.0 -9999.0 -9999.0 -9999.0 -9999.0 -9999.0 -9999.0 -9999.0 -9999.0 -9999.0 -9999.0 -9999.0 -9999.0 -9999.0 -9999.0 -9999.0 -9999.0 -9999.0 -9999.0 -9999.0 -9999.0 -9999.0 -9999.0 -9999.0 -9999.0 -9999.0 -9999.0
-9999.0 -9999.0 -9999.0 -9999.0 -9999.0 -9999.0 -9999.0 -9999.0 -9999.0 -9999.0 -9999.0 -9999.0 -9999.0 -9999.0 -9999.0 -9999.0 -9999.0 -9999.0 -9999.0 -9999.0 -9999.0 -9999.0 -9999.0 -9999.0 -9999.0 -9999.0 -9999.0 -9999.0 -9999.0 -9999.0 -9999.0 -9999.0 -9999.0 -9999.0 -9999.0 -9999.0 -9999.0 -9999.0 -9999.0 -9999.0 -9999.0 -9999.0 -9999.0 -9999.0 -9999.0 -9999.0 -9999.0 -9999.0 -9999.0 -9999.0 -9999.0 -9999.0 -9999.0 -9999.0 -9999.0 -9999.0 -9999.0 -9999.0 -9999.0 -9999.0 -9999.0 -9999.0 -9999.0 -9999.0 -9999.0 -9999.0 -9999.0 -9999.0 -9999.0 -9999.0 -9999.0 -9999.0 -9999.0 -9999.0 -9999.0 -9999.0 -9999.0 -9999.0 -9999.0 -9999.0 -9999.0 -9999.0 -9999.0 -9999.0 -9999.0 -9999.0 -9999.0 -9999.0 -9999.0 -9999.0 -9999.0 -9999.0 -9999.0 -9999.0 -9999.0 -9999.0 -9999.0 -9999.0 -9999.0 -9999.0 -9999.0 -9999.0 -9999.0 -9999.0