inst/processing_geotop_simulation/geotop_simulation/out/maps3D/PwL0010N0008.asc
ncols         104
nrows         10
xllcorner     -2.000000
yllcorner     0.000000
cellsize      1.000000
NODATA_value  -9999.0
-9999.0 -9999.0 -9999.0 -9999.0 -9999.0 -9999.0 -9999.0 -9999.0 -9999.0 -9999.0 -9999.0 -9999.0 -9999.0 -9999.0 -9999.0 -9999.0 -9999.0 -9999.0 -9999.0 -9999.0 -9999.0 -9999.0 -9999.0 -9999.0 -9999.0 -9999.0 -9999.0 -9999.0 -9999.0 -9999.0 -9999.0 -9999.0 -9999.0 -9999.0 -9999.0 -9999.0 -9999.0 -9999.0 -9999.0 -9999.0 -9999.0 -9999.0 -9999.0 -9999.0 -9999.0 -9999.0 -9999.0 -9999.0 -9999.0 -9999.0 -9999.0 -9999.0 -9999.0 -9999.0 -9999.0 -9999.0 -9999.0 -9999.0 -9999.0 -9999.0 -9999.0 -9999.0 -9999.0 -9999.0 -9999.0 -9999.0 -9999.0 -9999.0 -9999.0 -9999.0 -9999.0 -9999.0 -9999.0 -9999.0 -9999.0 -9999.0 -9999.0 -9999.0 -9999.0 -9999.0 -9999.0 -9999.0 -9999.0 -9999.0 -9999.0 -9999.0 -9999.0 -9999.0 -9999.0 -9999.0 -9999.0 -9999.0 -9999.0 -9999.0 -9999.0 -9999.0 -9999.0 -9999.0 -9999.0 -9999.0 -9999.0 -9999.0 -9999.0 -9999.0
-9999.0 -9999.0 -9999.0 -9999.0 -9999.0 -9999.0 -9999.0 -9999.0 -9999.0 -9999.0 -9999.0 -9999.0 -9999.0 -9999.0 -9999.0 -9999.0 -9999.0 -9999.0 -9999.0 -9999.0 -9999.0 -9999.0 -9999.0 -9999.0 -9999.0 -9999.0 -9999.0 -9999.0 -9999.0 -9999.0 -9999.0 -9999.0 -9999.0 -9999.0 -9999.0 -9999.0 -9999.0 -9999.0 -9999.0 -9999.0 -9999.0 -9999.0 -9999.0 -9999.0 -9999.0 -9999.0 -9999.0 -9999.0 -9999.0 -9999.0 -9999.0 -9999.0 -9999.0 -9999.0 -9999.0 -9999.0 -9999.0 -9999.0 -9999.0 -9999.0 -9999.0 -9999.0 -9999.0 -9999.0 -9999.0 -9999.0 -9999.0 -9999.0 -9999.0 -9999.0 -9999.0 -9999.0 -9999.0 -9999.0 -9999.0 -9999.0 -9999.0 -9999.0 -9999.0 -9999.0 -9999.0 -9999.0 -9999.0 -9999.0 -9999.0 -9999.0 -9999.0 -9999.0 -9999.0 -9999.0 -9999.0 -9999.0 -9999.0 -9999.0 -9999.0 -9999.0 -9999.0 -9999.0 -9999.0 -9999.0 -9999.0 -9999.0 -9999.0 -9999.0
-9999.0 -9999.0 477.943367 395.626394 317.765826 241.663681 165.079494 85.697180 1.225720 -93.632276 -209.481687 -310.176898 -386.337749 -411.621770 -418.722432 -303.131680 -181.498445 -94.962738 42.911193 130.640761 82.983472 35.568586 -11.832657 -44.087908 -62.842082 -72.293728 -75.622318 -75.183482 -72.764216 -69.711424 -65.873961 -62.035653 -58.713199 -56.207215 -54.785106 -54.786527 -56.647345 -60.986436 -68.814210 -82.041192 -103.237007 -139.870386 -3926.432851 -4480.196907 -4480.198020 -4480.198020 -4480.198020 -4480.198020 -4480.198020 -4480.198020 -4480.198020 -4480.198020 -4480.198020 -4480.198020 -4480.198020 -4480.198020 -4480.198020 -4480.198020 -4480.198020 -4480.198020 -4480.196416 -3860.733090 409.905077 329.840475 253.974617 180.276998 109.042252 42.078053 -17.745971 -67.882267 -107.186136 -135.362322 -155.062094 -169.054913 -178.199329 -184.574106 -189.419894 -193.504593 -197.327380 -201.150019 -205.129955 -209.466898 -214.444411 -220.407942 -226.524710 -233.168564 -240.547236 -248.813978 -258.485029 -268.307597 -278.136802 -288.732443 -300.752453 -315.058357 -333.092935 -357.552090 -394.173580 -443.077374 -516.060020 -675.896910 -1080.372142 -2492.957800 -9999.0 -9999.0
-9999.0 -9999.0 478.027697 395.658742 317.777483 241.668103 165.081247 85.697908 1.226033 -93.632143 -209.481608 -310.176846 -386.337718 -411.621764 -418.722432 -303.131680 -181.498445 -94.962737 42.911193 130.640761 82.983472 35.568586 -11.832656 -44.087908 -62.842082 -72.293728 -75.622317 -75.183482 -72.764216 -69.711424 -65.873961 -62.035653 -58.713199 -56.207214 -54.785106 -54.786527 -56.647345 -60.986436 -68.814210 -82.041192 -103.237007 -139.870386 -3926.432851 -4480.196907 -4480.198020 -4480.198020 -4480.198020 -4480.198020 -4480.198020 -4480.198020 -4480.198020 -4480.198020 -4480.198020 -4480.198020 -4480.198020 -4480.198020 -4480.198020 -4480.198020 -4480.198020 -4480.198020 -4480.196416 -3860.733090 409.905077 329.840475 253.974617 180.276998 109.042252 42.078053 -17.745971 -67.882267 -107.186136 -135.362322 -155.062094 -169.054913 -178.199329 -184.574106 -189.419894 -193.504593 -197.327380 -201.150019 -205.129955 -209.466898 -214.444411 -220.407942 -226.524710 -233.168564 -240.547236 -248.813978 -258.485029 -268.307597 -278.136802 -288.732443 -300.752453 -315.058357 -333.092935 -357.552090 -394.173579 -443.077374 -516.060019 -675.896909 -1080.372139 -2492.957802 -9999.0 -9999.0
-9999.0 -9999.0 478.055779 395.675918 317.785718 241.671772 165.082834 85.698598 1.226337 -93.632012 -209.481530 -310.176795 -386.337687 -411.621759 -418.722431 -303.131680 -181.498445 -94.962737 42.911193 130.640761 82.983473 35.568586 -11.832656 -44.087907 -62.842081 -72.293728 -75.622317 -75.183482 -72.764216 -69.711423 -65.873960 -62.035653 -58.713199 -56.207214 -54.785106 -54.786527 -56.647345 -60.986436 -68.814210 -82.041192 -103.237007 -139.870386 -3926.432851 -4480.196907 -4480.198020 -4480.198020 -4480.198020 -4480.198020 -4480.198020 -4480.198020 -4480.198020 -4480.198020 -4480.198020 -4480.198020 -4480.198020 -4480.198020 -4480.198020 -4480.198020 -4480.198020 -4480.198020 -4480.196416 -3860.733090 409.905077 329.840475 253.974617 180.276998 109.042252 42.078053 -17.745971 -67.882267 -107.186136 -135.362322 -155.062094 -169.054913 -178.199329 -184.574106 -189.419894 -193.504593 -197.327380 -201.150019 -205.129955 -209.466898 -214.444411 -220.407942 -226.524710 -233.168564 -240.547236 -248.813978 -258.485029 -268.307597 -278.136802 -288.732443 -300.752453 -315.058357 -333.092935 -357.552090 -394.173579 -443.077373 -516.060019 -675.896908 -1080.372137 -2492.957777 -9999.0 -9999.0
-9999.0 -9999.0 478.055779 395.675918 317.785718 241.671772 165.082834 85.698598 1.226337 -93.632012 -209.481530 -310.176795 -386.337687 -411.621759 -418.722431 -303.131680 -181.498445 -94.962737 42.911193 130.640761 82.983473 35.568586 -11.832656 -44.087907 -62.842081 -72.293728 -75.622317 -75.183482 -72.764216 -69.711423 -65.873960 -62.035653 -58.713199 -56.207214 -54.785106 -54.786527 -56.647345 -60.986436 -68.814210 -82.041192 -103.237007 -139.870386 -3926.432851 -4480.196907 -4480.198020 -4480.198020 -4480.198020 -4480.198020 -4480.198020 -4480.198020 -4480.198020 -4480.198020 -4480.198020 -4480.198020 -4480.198020 -4480.198020 -4480.198020 -4480.198020 -4480.198020 -4480.198020 -4480.196416 -3860.733090 409.905077 329.840475 253.974617 180.276998 109.042252 42.078053 -17.745971 -67.882267 -107.186136 -135.362322 -155.062094 -169.054913 -178.199329 -184.574106 -189.419894 -193.504593 -197.327380 -201.150019 -205.129955 -209.466898 -214.444411 -220.407942 -226.524710 -233.168564 -240.547236 -248.813978 -258.485029 -268.307597 -278.136802 -288.732443 -300.752453 -315.058357 -333.092935 -357.552090 -394.173579 -443.077374 -516.060019 -675.896908 -1080.372136 -2492.957782 -9999.0 -9999.0
-9999.0 -9999.0 478.027697 395.658742 317.777483 241.668103 165.081247 85.697908 1.226033 -93.632143 -209.481608 -310.176846 -386.337718 -411.621764 -418.722432 -303.131680 -181.498445 -94.962737 42.911193 130.640761 82.983472 35.568586 -11.832656 -44.087908 -62.842082 -72.293728 -75.622317 -75.183482 -72.764216 -69.711424 -65.873961 -62.035653 -58.713199 -56.207214 -54.785106 -54.786527 -56.647345 -60.986436 -68.814210 -82.041192 -103.237007 -139.870386 -3926.432851 -4480.196907 -4480.198020 -4480.198020 -4480.198020 -4480.198020 -4480.198020 -4480.198020 -4480.198020 -4480.198020 -4480.198020 -4480.198020 -4480.198020 -4480.198020 -4480.198020 -4480.198020 -4480.198020 -4480.198020 -4480.196416 -3860.733090 409.905077 329.840475 253.974617 180.276998 109.042252 42.078053 -17.745971 -67.882267 -107.186136 -135.362322 -155.062094 -169.054913 -178.199329 -184.574106 -189.419894 -193.504593 -197.327380 -201.150019 -205.129955 -209.466898 -214.444411 -220.407942 -226.524710 -233.168564 -240.547236 -248.813978 -258.485029 -268.307597 -278.136802 -288.732443 -300.752453 -315.058357 -333.092935 -357.552090 -394.173579 -443.077374 -516.060019 -675.896909 -1080.372140 -2492.957797 -9999.0 -9999.0
-9999.0 -9999.0 477.943367 395.626394 317.765826 241.663681 165.079494 85.697180 1.225720 -93.632276 -209.481687 -310.176898 -386.337749 -411.621770 -418.722432 -303.131680 -181.498445 -94.962738 42.911193 130.640761 82.983472 35.568586 -11.832657 -44.087908 -62.842082 -72.293728 -75.622318 -75.183482 -72.764216 -69.711424 -65.873961 -62.035653 -58.713199 -56.207215 -54.785106 -54.786527 -56.647345 -60.986436 -68.814210 -82.041192 -103.237007 -139.870386 -3926.432851 -4480.196907 -4480.198020 -4480.198020 -4480.198020 -4480.198020 -4480.198020 -4480.198020 -4480.198020 -4480.198020 -4480.198020 -4480.198020 -4480.198020 -4480.198020 -4480.198020 -4480.198020 -4480.198020 -4480.198020 -4480.196416 -3860.733090 409.905077 329.840475 253.974617 180.276998 109.042252 42.078053 -17.745971 -67.882267 -107.186136 -135.362322 -155.062094 -169.054913 -178.199329 -184.574106 -189.419894 -193.504593 -197.327380 -201.150019 -205.129955 -209.466898 -214.444411 -220.407942 -226.524710 -233.168564 -240.547236 -248.813978 -258.485029 -268.307597 -278.136802 -288.732443 -300.752453 -315.058357 -333.092935 -357.552090 -394.173579 -443.077374 -516.060019 -675.896910 -1080.372141 -2492.957805 -9999.0 -9999.0
-9999.0 -9999.0 -9999.0 -9999.0 -9999.0 -9999.0 -9999.0 -9999.0 -9999.0 -9999.0 -9999.0 -9999.0 -9999.0 -9999.0 -9999.0 -9999.0 -9999.0 -9999.0 -9999.0 -9999.0 -9999.0 -9999.0 -9999.0 -9999.0 -9999.0 -9999.0 -9999.0 -9999.0 -9999.0 -9999.0 -9999.0 -9999.0 -9999.0 -9999.0 -9999.0 -9999.0 -9999.0 -9999.0 -9999.0 -9999.0 -9999.0 -9999.0 -9999.0 -9999.0 -9999.0 -9999.0 -9999.0 -9999.0 -9999.0 -9999.0 -9999.0 -9999.0 -9999.0 -9999.0 -9999.0 -9999.0 -9999.0 -9999.0 -9999.0 -9999.0 -9999.0 -9999.0 -9999.0 -9999.0 -9999.0 -9999.0 -9999.0 -9999.0 -9999.0 -9999.0 -9999.0 -9999.0 -9999.0 -9999.0 -9999.0 -9999.0 -9999.0 -9999.0 -9999.0 -9999.0 -9999.0 -9999.0 -9999.0 -9999.0 -9999.0 -9999.0 -9999.0 -9999.0 -9999.0 -9999.0 -9999.0 -9999.0 -9999.0 -9999.0 -9999.0 -9999.0 -9999.0 -9999.0 -9999.0 -9999.0 -9999.0 -9999.0 -9999.0 -9999.0
-9999.0 -9999.0 -9999.0 -9999.0 -9999.0 -9999.0 -9999.0 -9999.0 -9999.0 -9999.0 -9999.0 -9999.0 -9999.0 -9999.0 -9999.0 -9999.0 -9999.0 -9999.0 -9999.0 -9999.0 -9999.0 -9999.0 -9999.0 -9999.0 -9999.0 -9999.0 -9999.0 -9999.0 -9999.0 -9999.0 -9999.0 -9999.0 -9999.0 -9999.0 -9999.0 -9999.0 -9999.0 -9999.0 -9999.0 -9999.0 -9999.0 -9999.0 -9999.0 -9999.0 -9999.0 -9999.0 -9999.0 -9999.0 -9999.0 -9999.0 -9999.0 -9999.0 -9999.0 -9999.0 -9999.0 -9999.0 -9999.0 -9999.0 -9999.0 -9999.0 -9999.0 -9999.0 -9999.0 -9999.0 -9999.0 -9999.0 -9999.0 -9999.0 -9999.0 -9999.0 -9999.0 -9999.0 -9999.0 -9999.0 -9999.0 -9999.0 -9999.0 -9999.0 -9999.0 -9999.0 -9999.0 -9999.0 -9999.0 -9999.0 -9999.0 -9999.0 -9999.0 -9999.0 -9999.0 -9999.0 -9999.0 -9999.0 -9999.0 -9999.0 -9999.0 -9999.0 -9999.0 -9999.0 -9999.0 -9999.0 -9999.0 -9999.0 -9999.0 -9999.0