inst/processing_geotop_simulation/geotop_simulation/out/maps3D/PwL0002N0014.asc
ncols         104
nrows         10
xllcorner     -2.000000
yllcorner     0.000000
cellsize      1.000000
NODATA_value  -9999.0
-9999.0 -9999.0 -9999.0 -9999.0 -9999.0 -9999.0 -9999.0 -9999.0 -9999.0 -9999.0 -9999.0 -9999.0 -9999.0 -9999.0 -9999.0 -9999.0 -9999.0 -9999.0 -9999.0 -9999.0 -9999.0 -9999.0 -9999.0 -9999.0 -9999.0 -9999.0 -9999.0 -9999.0 -9999.0 -9999.0 -9999.0 -9999.0 -9999.0 -9999.0 -9999.0 -9999.0 -9999.0 -9999.0 -9999.0 -9999.0 -9999.0 -9999.0 -9999.0 -9999.0 -9999.0 -9999.0 -9999.0 -9999.0 -9999.0 -9999.0 -9999.0 -9999.0 -9999.0 -9999.0 -9999.0 -9999.0 -9999.0 -9999.0 -9999.0 -9999.0 -9999.0 -9999.0 -9999.0 -9999.0 -9999.0 -9999.0 -9999.0 -9999.0 -9999.0 -9999.0 -9999.0 -9999.0 -9999.0 -9999.0 -9999.0 -9999.0 -9999.0 -9999.0 -9999.0 -9999.0 -9999.0 -9999.0 -9999.0 -9999.0 -9999.0 -9999.0 -9999.0 -9999.0 -9999.0 -9999.0 -9999.0 -9999.0 -9999.0 -9999.0 -9999.0 -9999.0 -9999.0 -9999.0 -9999.0 -9999.0 -9999.0 -9999.0 -9999.0 -9999.0
-9999.0 -9999.0 -9999.0 -9999.0 -9999.0 -9999.0 -9999.0 -9999.0 -9999.0 -9999.0 -9999.0 -9999.0 -9999.0 -9999.0 -9999.0 -9999.0 -9999.0 -9999.0 -9999.0 -9999.0 -9999.0 -9999.0 -9999.0 -9999.0 -9999.0 -9999.0 -9999.0 -9999.0 -9999.0 -9999.0 -9999.0 -9999.0 -9999.0 -9999.0 -9999.0 -9999.0 -9999.0 -9999.0 -9999.0 -9999.0 -9999.0 -9999.0 -9999.0 -9999.0 -9999.0 -9999.0 -9999.0 -9999.0 -9999.0 -9999.0 -9999.0 -9999.0 -9999.0 -9999.0 -9999.0 -9999.0 -9999.0 -9999.0 -9999.0 -9999.0 -9999.0 -9999.0 -9999.0 -9999.0 -9999.0 -9999.0 -9999.0 -9999.0 -9999.0 -9999.0 -9999.0 -9999.0 -9999.0 -9999.0 -9999.0 -9999.0 -9999.0 -9999.0 -9999.0 -9999.0 -9999.0 -9999.0 -9999.0 -9999.0 -9999.0 -9999.0 -9999.0 -9999.0 -9999.0 -9999.0 -9999.0 -9999.0 -9999.0 -9999.0 -9999.0 -9999.0 -9999.0 -9999.0 -9999.0 -9999.0 -9999.0 -9999.0 -9999.0 -9999.0
-9999.0 -9999.0 78.017496 -13.455448 -102.064408 -180.584554 -238.662446 -271.559321 -279.978876 -263.597130 -351.231232 -249.071627 -180.977566 -125.253516 -42.799495 57.276612 46.544145 20.486260 -14.767533 -55.828263 -100.417612 -146.494111 -191.438647 -232.137971 -266.274680 -292.727208 -312.102981 -325.817202 -335.384737 -341.734872 -345.854968 -348.421639 -349.823521 -350.344151 -349.956006 -348.570228 -345.790464 -340.954210 -332.815439 -319.150214 -295.682926 -254.500650 -451.557163 -397.903515 -353.183059 -323.814317 -309.052116 -307.465396 -307.301864 -307.286173 -307.285405 -307.286105 -307.286910 -307.287687 -307.288480 -307.289883 -307.297561 -307.331170 -307.422574 -307.878784 -310.509060 -312.877831 24.656032 -53.177802 -128.066646 -194.583099 -247.318211 -285.102120 -310.490298 -326.970611 -337.515516 -344.224655 -348.488368 -351.196115 -352.918369 -354.004885 -354.689741 -355.140881 -355.417439 -355.605301 -355.735719 -355.821766 -355.899881 -355.985185 -356.087113 -356.230151 -356.449690 -356.786990 -357.313513 -358.141765 -359.444140 -361.487800 -364.684375 -369.656745 -377.325938 -389.006669 -406.480601 -431.995028 -468.146012 -517.753850 -583.842358 -669.091032 -9999.0 -9999.0
-9999.0 -9999.0 78.132938 -13.426281 -102.055625 -180.581767 -238.661590 -271.559063 -279.978799 -263.597108 -351.231229 -249.071625 -180.977565 -125.253516 -42.799495 57.276612 46.544145 20.486260 -14.767533 -55.828262 -100.417612 -146.494111 -191.438648 -232.137972 -266.274681 -292.727208 -312.102981 -325.817202 -335.384738 -341.734872 -345.854969 -348.421640 -349.823521 -350.344151 -349.956006 -348.570228 -345.790464 -340.954211 -332.815440 -319.150214 -295.682927 -254.500650 -451.557163 -397.903514 -353.183059 -323.814316 -309.052116 -307.465396 -307.301864 -307.286173 -307.285405 -307.286105 -307.286910 -307.287687 -307.288480 -307.289883 -307.297561 -307.331170 -307.422574 -307.878784 -310.509060 -312.877831 24.656032 -53.177802 -128.066646 -194.583099 -247.318211 -285.102120 -310.490298 -326.970611 -337.515516 -344.224655 -348.488368 -351.196115 -352.918369 -354.004885 -354.689741 -355.140881 -355.417439 -355.605301 -355.735719 -355.821766 -355.899881 -355.985185 -356.087113 -356.230151 -356.449690 -356.786990 -357.313513 -358.141765 -359.444140 -361.487800 -364.684375 -369.656745 -377.325938 -389.006669 -406.480601 -431.995028 -468.146012 -517.753850 -583.842358 -669.091032 -9999.0 -9999.0
-9999.0 -9999.0 78.154184 -13.412756 -102.049641 -180.579503 -238.660832 -271.558823 -279.978725 -263.597086 -351.231225 -249.071623 -180.977565 -125.253515 -42.799495 57.276611 46.544145 20.486260 -14.767533 -55.828262 -100.417612 -146.494111 -191.438648 -232.137972 -266.274681 -292.727208 -312.102981 -325.817202 -335.384738 -341.734873 -345.854969 -348.421641 -349.823522 -350.344152 -349.956006 -348.570228 -345.790464 -340.954211 -332.815440 -319.150215 -295.682927 -254.500651 -451.557163 -397.903514 -353.183059 -323.814316 -309.052116 -307.465396 -307.301864 -307.286173 -307.285405 -307.286105 -307.286910 -307.287687 -307.288480 -307.289883 -307.297562 -307.331170 -307.422574 -307.878784 -310.509060 -312.877831 24.656032 -53.177802 -128.066646 -194.583099 -247.318211 -285.102120 -310.490298 -326.970611 -337.515516 -344.224655 -348.488368 -351.196115 -352.918369 -354.004885 -354.689741 -355.140881 -355.417439 -355.605301 -355.735719 -355.821766 -355.899881 -355.985185 -356.087113 -356.230151 -356.449690 -356.786990 -357.313513 -358.141765 -359.444140 -361.487800 -364.684375 -369.656745 -377.325938 -389.006669 -406.480601 -431.995028 -468.146012 -517.753850 -583.842358 -669.091032 -9999.0 -9999.0
-9999.0 -9999.0 78.154184 -13.412756 -102.049641 -180.579503 -238.660832 -271.558823 -279.978725 -263.597086 -351.231225 -249.071623 -180.977565 -125.253515 -42.799495 57.276611 46.544145 20.486260 -14.767533 -55.828262 -100.417612 -146.494111 -191.438648 -232.137972 -266.274681 -292.727208 -312.102981 -325.817202 -335.384738 -341.734873 -345.854969 -348.421641 -349.823522 -350.344152 -349.956006 -348.570228 -345.790464 -340.954211 -332.815440 -319.150215 -295.682927 -254.500651 -451.557163 -397.903514 -353.183059 -323.814316 -309.052116 -307.465396 -307.301864 -307.286173 -307.285405 -307.286105 -307.286910 -307.287687 -307.288480 -307.289883 -307.297562 -307.331170 -307.422574 -307.878784 -310.509060 -312.877831 24.656032 -53.177802 -128.066646 -194.583099 -247.318211 -285.102120 -310.490298 -326.970611 -337.515516 -344.224655 -348.488368 -351.196115 -352.918369 -354.004885 -354.689741 -355.140881 -355.417439 -355.605301 -355.735719 -355.821766 -355.899881 -355.985185 -356.087113 -356.230151 -356.449690 -356.786990 -357.313513 -358.141765 -359.444140 -361.487800 -364.684375 -369.656745 -377.325938 -389.006669 -406.480601 -431.995028 -468.146012 -517.753850 -583.842358 -669.091032 -9999.0 -9999.0
-9999.0 -9999.0 78.132938 -13.426281 -102.055625 -180.581767 -238.661590 -271.559063 -279.978799 -263.597108 -351.231229 -249.071625 -180.977565 -125.253515 -42.799495 57.276612 46.544145 20.486260 -14.767533 -55.828262 -100.417612 -146.494111 -191.438648 -232.137972 -266.274681 -292.727208 -312.102981 -325.817202 -335.384738 -341.734872 -345.854969 -348.421640 -349.823521 -350.344151 -349.956006 -348.570228 -345.790464 -340.954211 -332.815440 -319.150214 -295.682927 -254.500650 -451.557163 -397.903514 -353.183059 -323.814316 -309.052116 -307.465396 -307.301864 -307.286173 -307.285405 -307.286105 -307.286910 -307.287687 -307.288480 -307.289883 -307.297561 -307.331170 -307.422574 -307.878784 -310.509060 -312.877831 24.656032 -53.177802 -128.066646 -194.583099 -247.318211 -285.102120 -310.490298 -326.970611 -337.515516 -344.224655 -348.488368 -351.196115 -352.918369 -354.004885 -354.689741 -355.140881 -355.417439 -355.605301 -355.735719 -355.821766 -355.899881 -355.985185 -356.087113 -356.230151 -356.449690 -356.786990 -357.313513 -358.141765 -359.444140 -361.487800 -364.684375 -369.656745 -377.325938 -389.006669 -406.480601 -431.995028 -468.146012 -517.753850 -583.842358 -669.091032 -9999.0 -9999.0
-9999.0 -9999.0 78.017496 -13.455448 -102.064408 -180.584554 -238.662446 -271.559321 -279.978876 -263.597130 -351.231232 -249.071627 -180.977566 -125.253516 -42.799495 57.276612 46.544145 20.486260 -14.767533 -55.828263 -100.417612 -146.494111 -191.438647 -232.137971 -266.274680 -292.727208 -312.102981 -325.817202 -335.384737 -341.734872 -345.854968 -348.421639 -349.823521 -350.344151 -349.956006 -348.570228 -345.790464 -340.954210 -332.815439 -319.150214 -295.682926 -254.500650 -451.557163 -397.903515 -353.183059 -323.814317 -309.052116 -307.465396 -307.301864 -307.286173 -307.285405 -307.286105 -307.286910 -307.287687 -307.288480 -307.289883 -307.297561 -307.331170 -307.422574 -307.878784 -310.509060 -312.877831 24.656032 -53.177802 -128.066646 -194.583099 -247.318211 -285.102120 -310.490298 -326.970611 -337.515516 -344.224655 -348.488368 -351.196115 -352.918369 -354.004885 -354.689741 -355.140881 -355.417439 -355.605301 -355.735719 -355.821766 -355.899881 -355.985185 -356.087113 -356.230151 -356.449690 -356.786990 -357.313513 -358.141765 -359.444140 -361.487800 -364.684375 -369.656745 -377.325938 -389.006669 -406.480601 -431.995028 -468.146012 -517.753850 -583.842358 -669.091032 -9999.0 -9999.0
-9999.0 -9999.0 -9999.0 -9999.0 -9999.0 -9999.0 -9999.0 -9999.0 -9999.0 -9999.0 -9999.0 -9999.0 -9999.0 -9999.0 -9999.0 -9999.0 -9999.0 -9999.0 -9999.0 -9999.0 -9999.0 -9999.0 -9999.0 -9999.0 -9999.0 -9999.0 -9999.0 -9999.0 -9999.0 -9999.0 -9999.0 -9999.0 -9999.0 -9999.0 -9999.0 -9999.0 -9999.0 -9999.0 -9999.0 -9999.0 -9999.0 -9999.0 -9999.0 -9999.0 -9999.0 -9999.0 -9999.0 -9999.0 -9999.0 -9999.0 -9999.0 -9999.0 -9999.0 -9999.0 -9999.0 -9999.0 -9999.0 -9999.0 -9999.0 -9999.0 -9999.0 -9999.0 -9999.0 -9999.0 -9999.0 -9999.0 -9999.0 -9999.0 -9999.0 -9999.0 -9999.0 -9999.0 -9999.0 -9999.0 -9999.0 -9999.0 -9999.0 -9999.0 -9999.0 -9999.0 -9999.0 -9999.0 -9999.0 -9999.0 -9999.0 -9999.0 -9999.0 -9999.0 -9999.0 -9999.0 -9999.0 -9999.0 -9999.0 -9999.0 -9999.0 -9999.0 -9999.0 -9999.0 -9999.0 -9999.0 -9999.0 -9999.0 -9999.0 -9999.0
-9999.0 -9999.0 -9999.0 -9999.0 -9999.0 -9999.0 -9999.0 -9999.0 -9999.0 -9999.0 -9999.0 -9999.0 -9999.0 -9999.0 -9999.0 -9999.0 -9999.0 -9999.0 -9999.0 -9999.0 -9999.0 -9999.0 -9999.0 -9999.0 -9999.0 -9999.0 -9999.0 -9999.0 -9999.0 -9999.0 -9999.0 -9999.0 -9999.0 -9999.0 -9999.0 -9999.0 -9999.0 -9999.0 -9999.0 -9999.0 -9999.0 -9999.0 -9999.0 -9999.0 -9999.0 -9999.0 -9999.0 -9999.0 -9999.0 -9999.0 -9999.0 -9999.0 -9999.0 -9999.0 -9999.0 -9999.0 -9999.0 -9999.0 -9999.0 -9999.0 -9999.0 -9999.0 -9999.0 -9999.0 -9999.0 -9999.0 -9999.0 -9999.0 -9999.0 -9999.0 -9999.0 -9999.0 -9999.0 -9999.0 -9999.0 -9999.0 -9999.0 -9999.0 -9999.0 -9999.0 -9999.0 -9999.0 -9999.0 -9999.0 -9999.0 -9999.0 -9999.0 -9999.0 -9999.0 -9999.0 -9999.0 -9999.0 -9999.0 -9999.0 -9999.0 -9999.0 -9999.0 -9999.0 -9999.0 -9999.0 -9999.0 -9999.0 -9999.0 -9999.0