inst/processing_geotop_simulation/geotop_simulation/out/maps3D/PwL0013N0157.asc
ncols         104
nrows         10
xllcorner     -2.000000
yllcorner     0.000000
cellsize      1.000000
NODATA_value  -9999.0
-9999.0 -9999.0 -9999.0 -9999.0 -9999.0 -9999.0 -9999.0 -9999.0 -9999.0 -9999.0 -9999.0 -9999.0 -9999.0 -9999.0 -9999.0 -9999.0 -9999.0 -9999.0 -9999.0 -9999.0 -9999.0 -9999.0 -9999.0 -9999.0 -9999.0 -9999.0 -9999.0 -9999.0 -9999.0 -9999.0 -9999.0 -9999.0 -9999.0 -9999.0 -9999.0 -9999.0 -9999.0 -9999.0 -9999.0 -9999.0 -9999.0 -9999.0 -9999.0 -9999.0 -9999.0 -9999.0 -9999.0 -9999.0 -9999.0 -9999.0 -9999.0 -9999.0 -9999.0 -9999.0 -9999.0 -9999.0 -9999.0 -9999.0 -9999.0 -9999.0 -9999.0 -9999.0 -9999.0 -9999.0 -9999.0 -9999.0 -9999.0 -9999.0 -9999.0 -9999.0 -9999.0 -9999.0 -9999.0 -9999.0 -9999.0 -9999.0 -9999.0 -9999.0 -9999.0 -9999.0 -9999.0 -9999.0 -9999.0 -9999.0 -9999.0 -9999.0 -9999.0 -9999.0 -9999.0 -9999.0 -9999.0 -9999.0 -9999.0 -9999.0 -9999.0 -9999.0 -9999.0 -9999.0 -9999.0 -9999.0 -9999.0 -9999.0 -9999.0 -9999.0
-9999.0 -9999.0 -9999.0 -9999.0 -9999.0 -9999.0 -9999.0 -9999.0 -9999.0 -9999.0 -9999.0 -9999.0 -9999.0 -9999.0 -9999.0 -9999.0 -9999.0 -9999.0 -9999.0 -9999.0 -9999.0 -9999.0 -9999.0 -9999.0 -9999.0 -9999.0 -9999.0 -9999.0 -9999.0 -9999.0 -9999.0 -9999.0 -9999.0 -9999.0 -9999.0 -9999.0 -9999.0 -9999.0 -9999.0 -9999.0 -9999.0 -9999.0 -9999.0 -9999.0 -9999.0 -9999.0 -9999.0 -9999.0 -9999.0 -9999.0 -9999.0 -9999.0 -9999.0 -9999.0 -9999.0 -9999.0 -9999.0 -9999.0 -9999.0 -9999.0 -9999.0 -9999.0 -9999.0 -9999.0 -9999.0 -9999.0 -9999.0 -9999.0 -9999.0 -9999.0 -9999.0 -9999.0 -9999.0 -9999.0 -9999.0 -9999.0 -9999.0 -9999.0 -9999.0 -9999.0 -9999.0 -9999.0 -9999.0 -9999.0 -9999.0 -9999.0 -9999.0 -9999.0 -9999.0 -9999.0 -9999.0 -9999.0 -9999.0 -9999.0 -9999.0 -9999.0 -9999.0 -9999.0 -9999.0 -9999.0 -9999.0 -9999.0 -9999.0 -9999.0
-9999.0 -9999.0 633.858465 541.230365 446.839881 351.372248 255.410783 159.236269 62.987212 -33.252097 -129.439633 -225.524461 -321.391613 -416.844323 -511.636354 -605.410974 -698.727960 -792.291530 -885.044399 -976.369076 -1062.594106 -1136.612815 -1197.254645 -1243.971800 -1278.127396 -1302.111571 -1318.468382 -1329.387848 -1336.555479 -1341.192620 -1344.155815 -1346.030566 -1347.208213 -1347.944906 -1348.405290 -1348.695754 -1348.892128 -1349.076106 -1349.490262 -1351.547526 -1363.003939 -1429.475753 -2053.992928 -4308.534826 -4331.223699 -4330.528347 -4329.882720 -4329.779947 -4329.769374 -4329.770424 -4329.773097 -4329.775955 -4329.778692 -4329.781220 -4329.783554 -4329.786184 -4329.794027 -4329.850061 -4330.221228 -4330.797832 -4293.873081 -1917.135762 -1398.794341 -1357.469636 -1350.542942 -1349.493388 -1349.342758 -1349.320265 -1349.317561 -1349.318206 -1349.319270 -1349.320199 -1349.320922 -1349.321473 -1349.321894 -1349.322221 -1349.322479 -1349.322688 -1349.322863 -1349.323017 -1349.323168 -1349.323335 -1349.323545 -1349.323836 -1349.324266 -1349.324925 -1349.325963 -1349.327621 -1349.330313 -1349.334758 -1349.342255 -1349.355227 -1349.378341 -1349.420777 -1349.500888 -1349.655893 -1349.963400 -1350.594745 -1351.961151 -1355.132633 -1363.139973 -1386.544694 -9999.0 -9999.0
-9999.0 -9999.0 633.863979 541.232093 446.840389 351.372405 255.410834 159.236286 62.987218 -33.252095 -129.439633 -225.524460 -321.391613 -416.844324 -511.636354 -605.410974 -698.727960 -792.291530 -885.044399 -976.369076 -1062.594106 -1136.612815 -1197.254646 -1243.971801 -1278.127396 -1302.111571 -1318.468382 -1329.387848 -1336.555479 -1341.192620 -1344.155815 -1346.030566 -1347.208213 -1347.944906 -1348.405290 -1348.695754 -1348.892128 -1349.076106 -1349.490262 -1351.547526 -1363.003939 -1429.475753 -2053.992928 -4308.534826 -4331.223699 -4330.528347 -4329.882720 -4329.779947 -4329.769374 -4329.770424 -4329.773097 -4329.775955 -4329.778692 -4329.781220 -4329.783554 -4329.786184 -4329.794027 -4329.850061 -4330.221228 -4330.797832 -4293.873081 -1917.135762 -1398.794341 -1357.469636 -1350.542942 -1349.493388 -1349.342758 -1349.320265 -1349.317561 -1349.318206 -1349.319270 -1349.320199 -1349.320922 -1349.321473 -1349.321894 -1349.322221 -1349.322479 -1349.322688 -1349.322863 -1349.323017 -1349.323168 -1349.323335 -1349.323545 -1349.323836 -1349.324266 -1349.324925 -1349.325963 -1349.327621 -1349.330313 -1349.334758 -1349.342255 -1349.355227 -1349.378341 -1349.420777 -1349.500888 -1349.655893 -1349.963400 -1350.594745 -1351.961151 -1355.132633 -1363.139973 -1386.544694 -9999.0 -9999.0
-9999.0 -9999.0 633.865547 541.232913 446.840724 351.372530 255.410879 159.236302 62.987223 -33.252093 -129.439632 -225.524460 -321.391613 -416.844324 -511.636354 -605.410974 -698.727960 -792.291530 -885.044399 -976.369076 -1062.594107 -1136.612815 -1197.254646 -1243.971801 -1278.127396 -1302.111571 -1318.468382 -1329.387848 -1336.555479 -1341.192620 -1344.155815 -1346.030566 -1347.208213 -1347.944906 -1348.405290 -1348.695754 -1348.892128 -1349.076106 -1349.490262 -1351.547526 -1363.003939 -1429.475753 -2053.992928 -4308.534826 -4331.223699 -4330.528347 -4329.882720 -4329.779947 -4329.769374 -4329.770424 -4329.773097 -4329.775955 -4329.778692 -4329.781220 -4329.783554 -4329.786184 -4329.794027 -4329.850061 -4330.221228 -4330.797832 -4293.873081 -1917.135762 -1398.794341 -1357.469636 -1350.542942 -1349.493388 -1349.342758 -1349.320265 -1349.317561 -1349.318206 -1349.319270 -1349.320199 -1349.320922 -1349.321473 -1349.321894 -1349.322221 -1349.322479 -1349.322688 -1349.322863 -1349.323017 -1349.323168 -1349.323335 -1349.323545 -1349.323836 -1349.324266 -1349.324925 -1349.325963 -1349.327621 -1349.330313 -1349.334758 -1349.342255 -1349.355227 -1349.378341 -1349.420777 -1349.500888 -1349.655893 -1349.963400 -1350.594745 -1351.961151 -1355.132633 -1363.139973 -1386.544694 -9999.0 -9999.0
-9999.0 -9999.0 633.865547 541.232913 446.840724 351.372530 255.410879 159.236302 62.987223 -33.252093 -129.439632 -225.524460 -321.391613 -416.844324 -511.636354 -605.410975 -698.727960 -792.291530 -885.044399 -976.369076 -1062.594107 -1136.612815 -1197.254646 -1243.971801 -1278.127396 -1302.111571 -1318.468382 -1329.387848 -1336.555479 -1341.192620 -1344.155815 -1346.030566 -1347.208213 -1347.944906 -1348.405290 -1348.695754 -1348.892128 -1349.076106 -1349.490262 -1351.547526 -1363.003939 -1429.475753 -2053.992928 -4308.534826 -4331.223699 -4330.528347 -4329.882720 -4329.779947 -4329.769374 -4329.770424 -4329.773097 -4329.775955 -4329.778692 -4329.781220 -4329.783554 -4329.786184 -4329.794027 -4329.850061 -4330.221228 -4330.797832 -4293.873081 -1917.135762 -1398.794341 -1357.469636 -1350.542942 -1349.493388 -1349.342758 -1349.320265 -1349.317561 -1349.318206 -1349.319270 -1349.320199 -1349.320922 -1349.321473 -1349.321894 -1349.322221 -1349.322479 -1349.322688 -1349.322863 -1349.323017 -1349.323168 -1349.323335 -1349.323545 -1349.323836 -1349.324266 -1349.324925 -1349.325963 -1349.327621 -1349.330313 -1349.334758 -1349.342255 -1349.355227 -1349.378341 -1349.420777 -1349.500888 -1349.655893 -1349.963400 -1350.594745 -1351.961151 -1355.132633 -1363.139973 -1386.544694 -9999.0 -9999.0
-9999.0 -9999.0 633.863979 541.232093 446.840389 351.372405 255.410834 159.236286 62.987218 -33.252095 -129.439633 -225.524460 -321.391613 -416.844324 -511.636354 -605.410974 -698.727960 -792.291530 -885.044399 -976.369076 -1062.594106 -1136.612815 -1197.254646 -1243.971801 -1278.127396 -1302.111571 -1318.468382 -1329.387848 -1336.555479 -1341.192620 -1344.155815 -1346.030566 -1347.208213 -1347.944906 -1348.405290 -1348.695754 -1348.892128 -1349.076106 -1349.490262 -1351.547526 -1363.003939 -1429.475753 -2053.992928 -4308.534826 -4331.223699 -4330.528347 -4329.882720 -4329.779947 -4329.769374 -4329.770424 -4329.773097 -4329.775955 -4329.778692 -4329.781220 -4329.783554 -4329.786184 -4329.794027 -4329.850061 -4330.221228 -4330.797832 -4293.873081 -1917.135762 -1398.794341 -1357.469636 -1350.542942 -1349.493388 -1349.342758 -1349.320265 -1349.317561 -1349.318206 -1349.319270 -1349.320199 -1349.320922 -1349.321473 -1349.321894 -1349.322221 -1349.322479 -1349.322688 -1349.322863 -1349.323017 -1349.323168 -1349.323335 -1349.323545 -1349.323836 -1349.324266 -1349.324925 -1349.325963 -1349.327621 -1349.330313 -1349.334758 -1349.342255 -1349.355227 -1349.378341 -1349.420777 -1349.500888 -1349.655893 -1349.963400 -1350.594745 -1351.961151 -1355.132633 -1363.139973 -1386.544694 -9999.0 -9999.0
-9999.0 -9999.0 633.858465 541.230365 446.839881 351.372248 255.410783 159.236269 62.987212 -33.252097 -129.439633 -225.524461 -321.391613 -416.844324 -511.636354 -605.410974 -698.727960 -792.291530 -885.044399 -976.369076 -1062.594106 -1136.612815 -1197.254645 -1243.971800 -1278.127396 -1302.111571 -1318.468382 -1329.387848 -1336.555479 -1341.192620 -1344.155815 -1346.030566 -1347.208213 -1347.944906 -1348.405290 -1348.695754 -1348.892128 -1349.076106 -1349.490262 -1351.547526 -1363.003939 -1429.475753 -2053.992928 -4308.534826 -4331.223699 -4330.528347 -4329.882720 -4329.779947 -4329.769374 -4329.770424 -4329.773097 -4329.775955 -4329.778692 -4329.781220 -4329.783554 -4329.786184 -4329.794027 -4329.850061 -4330.221228 -4330.797832 -4293.873081 -1917.135762 -1398.794341 -1357.469636 -1350.542942 -1349.493388 -1349.342758 -1349.320265 -1349.317561 -1349.318206 -1349.319270 -1349.320199 -1349.320922 -1349.321473 -1349.321894 -1349.322221 -1349.322479 -1349.322688 -1349.322863 -1349.323017 -1349.323168 -1349.323335 -1349.323545 -1349.323836 -1349.324266 -1349.324925 -1349.325963 -1349.327621 -1349.330313 -1349.334758 -1349.342255 -1349.355227 -1349.378341 -1349.420777 -1349.500888 -1349.655893 -1349.963400 -1350.594745 -1351.961151 -1355.132633 -1363.139973 -1386.544694 -9999.0 -9999.0
-9999.0 -9999.0 -9999.0 -9999.0 -9999.0 -9999.0 -9999.0 -9999.0 -9999.0 -9999.0 -9999.0 -9999.0 -9999.0 -9999.0 -9999.0 -9999.0 -9999.0 -9999.0 -9999.0 -9999.0 -9999.0 -9999.0 -9999.0 -9999.0 -9999.0 -9999.0 -9999.0 -9999.0 -9999.0 -9999.0 -9999.0 -9999.0 -9999.0 -9999.0 -9999.0 -9999.0 -9999.0 -9999.0 -9999.0 -9999.0 -9999.0 -9999.0 -9999.0 -9999.0 -9999.0 -9999.0 -9999.0 -9999.0 -9999.0 -9999.0 -9999.0 -9999.0 -9999.0 -9999.0 -9999.0 -9999.0 -9999.0 -9999.0 -9999.0 -9999.0 -9999.0 -9999.0 -9999.0 -9999.0 -9999.0 -9999.0 -9999.0 -9999.0 -9999.0 -9999.0 -9999.0 -9999.0 -9999.0 -9999.0 -9999.0 -9999.0 -9999.0 -9999.0 -9999.0 -9999.0 -9999.0 -9999.0 -9999.0 -9999.0 -9999.0 -9999.0 -9999.0 -9999.0 -9999.0 -9999.0 -9999.0 -9999.0 -9999.0 -9999.0 -9999.0 -9999.0 -9999.0 -9999.0 -9999.0 -9999.0 -9999.0 -9999.0 -9999.0 -9999.0
-9999.0 -9999.0 -9999.0 -9999.0 -9999.0 -9999.0 -9999.0 -9999.0 -9999.0 -9999.0 -9999.0 -9999.0 -9999.0 -9999.0 -9999.0 -9999.0 -9999.0 -9999.0 -9999.0 -9999.0 -9999.0 -9999.0 -9999.0 -9999.0 -9999.0 -9999.0 -9999.0 -9999.0 -9999.0 -9999.0 -9999.0 -9999.0 -9999.0 -9999.0 -9999.0 -9999.0 -9999.0 -9999.0 -9999.0 -9999.0 -9999.0 -9999.0 -9999.0 -9999.0 -9999.0 -9999.0 -9999.0 -9999.0 -9999.0 -9999.0 -9999.0 -9999.0 -9999.0 -9999.0 -9999.0 -9999.0 -9999.0 -9999.0 -9999.0 -9999.0 -9999.0 -9999.0 -9999.0 -9999.0 -9999.0 -9999.0 -9999.0 -9999.0 -9999.0 -9999.0 -9999.0 -9999.0 -9999.0 -9999.0 -9999.0 -9999.0 -9999.0 -9999.0 -9999.0 -9999.0 -9999.0 -9999.0 -9999.0 -9999.0 -9999.0 -9999.0 -9999.0 -9999.0 -9999.0 -9999.0 -9999.0 -9999.0 -9999.0 -9999.0 -9999.0 -9999.0 -9999.0 -9999.0 -9999.0 -9999.0 -9999.0 -9999.0 -9999.0 -9999.0