inst/processing_geotop_simulation/geotop_simulation/out/maps3D/PwL0011N0052.asc
ncols         104
nrows         10
xllcorner     -2.000000
yllcorner     0.000000
cellsize      1.000000
NODATA_value  -9999.0
-9999.0 -9999.0 -9999.0 -9999.0 -9999.0 -9999.0 -9999.0 -9999.0 -9999.0 -9999.0 -9999.0 -9999.0 -9999.0 -9999.0 -9999.0 -9999.0 -9999.0 -9999.0 -9999.0 -9999.0 -9999.0 -9999.0 -9999.0 -9999.0 -9999.0 -9999.0 -9999.0 -9999.0 -9999.0 -9999.0 -9999.0 -9999.0 -9999.0 -9999.0 -9999.0 -9999.0 -9999.0 -9999.0 -9999.0 -9999.0 -9999.0 -9999.0 -9999.0 -9999.0 -9999.0 -9999.0 -9999.0 -9999.0 -9999.0 -9999.0 -9999.0 -9999.0 -9999.0 -9999.0 -9999.0 -9999.0 -9999.0 -9999.0 -9999.0 -9999.0 -9999.0 -9999.0 -9999.0 -9999.0 -9999.0 -9999.0 -9999.0 -9999.0 -9999.0 -9999.0 -9999.0 -9999.0 -9999.0 -9999.0 -9999.0 -9999.0 -9999.0 -9999.0 -9999.0 -9999.0 -9999.0 -9999.0 -9999.0 -9999.0 -9999.0 -9999.0 -9999.0 -9999.0 -9999.0 -9999.0 -9999.0 -9999.0 -9999.0 -9999.0 -9999.0 -9999.0 -9999.0 -9999.0 -9999.0 -9999.0 -9999.0 -9999.0 -9999.0 -9999.0
-9999.0 -9999.0 -9999.0 -9999.0 -9999.0 -9999.0 -9999.0 -9999.0 -9999.0 -9999.0 -9999.0 -9999.0 -9999.0 -9999.0 -9999.0 -9999.0 -9999.0 -9999.0 -9999.0 -9999.0 -9999.0 -9999.0 -9999.0 -9999.0 -9999.0 -9999.0 -9999.0 -9999.0 -9999.0 -9999.0 -9999.0 -9999.0 -9999.0 -9999.0 -9999.0 -9999.0 -9999.0 -9999.0 -9999.0 -9999.0 -9999.0 -9999.0 -9999.0 -9999.0 -9999.0 -9999.0 -9999.0 -9999.0 -9999.0 -9999.0 -9999.0 -9999.0 -9999.0 -9999.0 -9999.0 -9999.0 -9999.0 -9999.0 -9999.0 -9999.0 -9999.0 -9999.0 -9999.0 -9999.0 -9999.0 -9999.0 -9999.0 -9999.0 -9999.0 -9999.0 -9999.0 -9999.0 -9999.0 -9999.0 -9999.0 -9999.0 -9999.0 -9999.0 -9999.0 -9999.0 -9999.0 -9999.0 -9999.0 -9999.0 -9999.0 -9999.0 -9999.0 -9999.0 -9999.0 -9999.0 -9999.0 -9999.0 -9999.0 -9999.0 -9999.0 -9999.0 -9999.0 -9999.0 -9999.0 -9999.0 -9999.0 -9999.0 -9999.0 -9999.0
-9999.0 -9999.0 -667.664022 -772.308866 -829.971318 -857.369160 -870.506561 -876.951132 -879.942665 -878.421412 -860.268340 -834.368377 -809.090370 -782.723749 -759.132773 -766.616212 -796.669187 -825.250419 -854.830056 -855.803495 -833.307707 -821.363902 -817.888554 -820.359113 -826.623201 -834.965987 -844.015093 -852.723226 -860.402112 -866.720090 -871.628313 -875.260723 -877.841020 -879.610208 -880.783778 -881.535763 -882.014314 -882.403874 -882.829089 -882.915275 -885.984551 -944.252277 -2290.799107 -4428.605029 -4430.692005 -4430.690336 -4430.688691 -4430.688441 -4430.688415 -4430.688415 -4430.688418 -4430.688422 -4430.688425 -4430.688429 -4430.688432 -4430.688436 -4430.688451 -4430.688578 -4430.689502 -4430.690880 -4427.468053 -2195.270217 -927.047609 -886.560830 -883.703409 -883.149323 -883.023977 -883.002435 -883.003231 -883.007863 -883.012319 -883.015866 -883.018550 -883.020572 -883.022113 -883.023307 -883.024253 -883.025013 -883.025639 -883.026184 -883.026704 -883.027265 -883.027954 -883.028895 -883.030271 -883.032371 -883.035652 -883.040862 -883.049242 -883.062909 -883.085588 -883.124071 -883.191181 -883.311860 -883.535569 -883.961005 -884.784385 -886.394740 -889.582361 -896.099161 -910.339091 -943.313268 -9999.0 -9999.0
-9999.0 -9999.0 -667.664000 -772.308822 -829.971277 -857.369138 -870.506554 -876.951132 -879.942666 -878.421413 -860.268341 -834.368377 -809.090370 -782.723749 -759.132773 -766.616212 -796.669187 -825.250419 -854.830056 -855.803495 -833.307707 -821.363902 -817.888554 -820.359113 -826.623201 -834.965987 -844.015093 -852.723226 -860.402112 -866.720090 -871.628313 -875.260723 -877.841020 -879.610208 -880.783778 -881.535763 -882.014314 -882.403874 -882.829089 -882.915275 -885.984551 -944.252277 -2290.799106 -4428.605029 -4430.692005 -4430.690336 -4430.688691 -4430.688441 -4430.688415 -4430.688415 -4430.688418 -4430.688422 -4430.688425 -4430.688429 -4430.688432 -4430.688436 -4430.688451 -4430.688578 -4430.689502 -4430.690880 -4427.468053 -2195.270217 -927.047609 -886.560830 -883.703409 -883.149323 -883.023977 -883.002435 -883.003231 -883.007863 -883.012319 -883.015866 -883.018550 -883.020572 -883.022113 -883.023307 -883.024253 -883.025013 -883.025639 -883.026184 -883.026704 -883.027265 -883.027954 -883.028895 -883.030271 -883.032371 -883.035652 -883.040862 -883.049242 -883.062909 -883.085588 -883.124071 -883.191181 -883.311860 -883.535569 -883.961005 -884.784385 -886.394740 -889.582361 -896.099161 -910.339091 -943.313268 -9999.0 -9999.0
-9999.0 -9999.0 -667.663990 -772.308797 -829.971249 -857.369123 -870.506549 -876.951132 -879.942667 -878.421414 -860.268341 -834.368377 -809.090370 -782.723749 -759.132773 -766.616212 -796.669187 -825.250419 -854.830056 -855.803495 -833.307707 -821.363902 -817.888554 -820.359113 -826.623201 -834.965987 -844.015093 -852.723226 -860.402112 -866.720090 -871.628313 -875.260723 -877.841020 -879.610208 -880.783778 -881.535763 -882.014314 -882.403874 -882.829089 -882.915275 -885.984551 -944.252277 -2290.799106 -4428.605029 -4430.692005 -4430.690336 -4430.688691 -4430.688441 -4430.688415 -4430.688415 -4430.688418 -4430.688422 -4430.688425 -4430.688429 -4430.688432 -4430.688436 -4430.688451 -4430.688578 -4430.689502 -4430.690880 -4427.468053 -2195.270217 -927.047609 -886.560830 -883.703409 -883.149323 -883.023977 -883.002435 -883.003231 -883.007863 -883.012319 -883.015866 -883.018550 -883.020572 -883.022113 -883.023307 -883.024253 -883.025013 -883.025639 -883.026184 -883.026704 -883.027265 -883.027954 -883.028895 -883.030271 -883.032371 -883.035652 -883.040862 -883.049242 -883.062909 -883.085588 -883.124071 -883.191181 -883.311860 -883.535569 -883.961005 -884.784385 -886.394740 -889.582361 -896.099161 -910.339091 -943.313268 -9999.0 -9999.0
-9999.0 -9999.0 -667.663990 -772.308797 -829.971249 -857.369123 -870.506549 -876.951132 -879.942667 -878.421414 -860.268341 -834.368377 -809.090370 -782.723749 -759.132773 -766.616212 -796.669187 -825.250419 -854.830056 -855.803495 -833.307707 -821.363902 -817.888554 -820.359113 -826.623201 -834.965987 -844.015093 -852.723226 -860.402112 -866.720090 -871.628313 -875.260723 -877.841020 -879.610208 -880.783778 -881.535763 -882.014314 -882.403874 -882.829089 -882.915275 -885.984551 -944.252277 -2290.799106 -4428.605029 -4430.692005 -4430.690336 -4430.688691 -4430.688441 -4430.688415 -4430.688415 -4430.688418 -4430.688422 -4430.688425 -4430.688429 -4430.688432 -4430.688436 -4430.688451 -4430.688578 -4430.689502 -4430.690880 -4427.468053 -2195.270217 -927.047609 -886.560830 -883.703409 -883.149323 -883.023977 -883.002435 -883.003231 -883.007863 -883.012319 -883.015866 -883.018550 -883.020572 -883.022113 -883.023307 -883.024253 -883.025013 -883.025639 -883.026184 -883.026704 -883.027265 -883.027954 -883.028895 -883.030271 -883.032371 -883.035652 -883.040862 -883.049242 -883.062909 -883.085588 -883.124071 -883.191181 -883.311860 -883.535569 -883.961005 -884.784385 -886.394740 -889.582361 -896.099161 -910.339091 -943.313268 -9999.0 -9999.0
-9999.0 -9999.0 -667.664000 -772.308822 -829.971277 -857.369138 -870.506554 -876.951132 -879.942666 -878.421413 -860.268341 -834.368377 -809.090370 -782.723749 -759.132773 -766.616212 -796.669187 -825.250419 -854.830056 -855.803495 -833.307707 -821.363902 -817.888554 -820.359113 -826.623201 -834.965987 -844.015093 -852.723226 -860.402112 -866.720090 -871.628313 -875.260723 -877.841020 -879.610208 -880.783778 -881.535763 -882.014314 -882.403874 -882.829089 -882.915275 -885.984551 -944.252277 -2290.799106 -4428.605029 -4430.692005 -4430.690336 -4430.688691 -4430.688441 -4430.688415 -4430.688415 -4430.688418 -4430.688422 -4430.688425 -4430.688429 -4430.688432 -4430.688436 -4430.688451 -4430.688578 -4430.689502 -4430.690880 -4427.468053 -2195.270217 -927.047609 -886.560830 -883.703409 -883.149323 -883.023977 -883.002435 -883.003231 -883.007863 -883.012319 -883.015866 -883.018550 -883.020572 -883.022113 -883.023307 -883.024253 -883.025013 -883.025639 -883.026184 -883.026704 -883.027265 -883.027954 -883.028895 -883.030271 -883.032371 -883.035652 -883.040862 -883.049242 -883.062909 -883.085588 -883.124071 -883.191181 -883.311860 -883.535569 -883.961005 -884.784385 -886.394740 -889.582361 -896.099161 -910.339091 -943.313268 -9999.0 -9999.0
-9999.0 -9999.0 -667.664022 -772.308866 -829.971318 -857.369160 -870.506561 -876.951132 -879.942665 -878.421412 -860.268340 -834.368377 -809.090370 -782.723749 -759.132773 -766.616212 -796.669187 -825.250419 -854.830056 -855.803495 -833.307707 -821.363902 -817.888554 -820.359113 -826.623201 -834.965987 -844.015093 -852.723226 -860.402112 -866.720090 -871.628313 -875.260723 -877.841020 -879.610208 -880.783778 -881.535763 -882.014314 -882.403874 -882.829089 -882.915275 -885.984551 -944.252277 -2290.799107 -4428.605029 -4430.692005 -4430.690336 -4430.688691 -4430.688441 -4430.688415 -4430.688415 -4430.688418 -4430.688422 -4430.688425 -4430.688429 -4430.688432 -4430.688436 -4430.688451 -4430.688578 -4430.689502 -4430.690880 -4427.468053 -2195.270217 -927.047609 -886.560830 -883.703409 -883.149323 -883.023977 -883.002435 -883.003231 -883.007863 -883.012319 -883.015866 -883.018550 -883.020572 -883.022113 -883.023307 -883.024253 -883.025013 -883.025639 -883.026184 -883.026704 -883.027265 -883.027954 -883.028895 -883.030271 -883.032371 -883.035652 -883.040862 -883.049242 -883.062909 -883.085588 -883.124071 -883.191181 -883.311860 -883.535569 -883.961005 -884.784385 -886.394740 -889.582361 -896.099161 -910.339091 -943.313268 -9999.0 -9999.0
-9999.0 -9999.0 -9999.0 -9999.0 -9999.0 -9999.0 -9999.0 -9999.0 -9999.0 -9999.0 -9999.0 -9999.0 -9999.0 -9999.0 -9999.0 -9999.0 -9999.0 -9999.0 -9999.0 -9999.0 -9999.0 -9999.0 -9999.0 -9999.0 -9999.0 -9999.0 -9999.0 -9999.0 -9999.0 -9999.0 -9999.0 -9999.0 -9999.0 -9999.0 -9999.0 -9999.0 -9999.0 -9999.0 -9999.0 -9999.0 -9999.0 -9999.0 -9999.0 -9999.0 -9999.0 -9999.0 -9999.0 -9999.0 -9999.0 -9999.0 -9999.0 -9999.0 -9999.0 -9999.0 -9999.0 -9999.0 -9999.0 -9999.0 -9999.0 -9999.0 -9999.0 -9999.0 -9999.0 -9999.0 -9999.0 -9999.0 -9999.0 -9999.0 -9999.0 -9999.0 -9999.0 -9999.0 -9999.0 -9999.0 -9999.0 -9999.0 -9999.0 -9999.0 -9999.0 -9999.0 -9999.0 -9999.0 -9999.0 -9999.0 -9999.0 -9999.0 -9999.0 -9999.0 -9999.0 -9999.0 -9999.0 -9999.0 -9999.0 -9999.0 -9999.0 -9999.0 -9999.0 -9999.0 -9999.0 -9999.0 -9999.0 -9999.0 -9999.0 -9999.0
-9999.0 -9999.0 -9999.0 -9999.0 -9999.0 -9999.0 -9999.0 -9999.0 -9999.0 -9999.0 -9999.0 -9999.0 -9999.0 -9999.0 -9999.0 -9999.0 -9999.0 -9999.0 -9999.0 -9999.0 -9999.0 -9999.0 -9999.0 -9999.0 -9999.0 -9999.0 -9999.0 -9999.0 -9999.0 -9999.0 -9999.0 -9999.0 -9999.0 -9999.0 -9999.0 -9999.0 -9999.0 -9999.0 -9999.0 -9999.0 -9999.0 -9999.0 -9999.0 -9999.0 -9999.0 -9999.0 -9999.0 -9999.0 -9999.0 -9999.0 -9999.0 -9999.0 -9999.0 -9999.0 -9999.0 -9999.0 -9999.0 -9999.0 -9999.0 -9999.0 -9999.0 -9999.0 -9999.0 -9999.0 -9999.0 -9999.0 -9999.0 -9999.0 -9999.0 -9999.0 -9999.0 -9999.0 -9999.0 -9999.0 -9999.0 -9999.0 -9999.0 -9999.0 -9999.0 -9999.0 -9999.0 -9999.0 -9999.0 -9999.0 -9999.0 -9999.0 -9999.0 -9999.0 -9999.0 -9999.0 -9999.0 -9999.0 -9999.0 -9999.0 -9999.0 -9999.0 -9999.0 -9999.0 -9999.0 -9999.0 -9999.0 -9999.0 -9999.0 -9999.0