inst/processing_geotop_simulation/geotop_simulation/out/maps3D/PwL0004N0432.asc
ncols         104
nrows         10
xllcorner     -2.000000
yllcorner     0.000000
cellsize      1.000000
NODATA_value  -9999.0
-9999.0 -9999.0 -9999.0 -9999.0 -9999.0 -9999.0 -9999.0 -9999.0 -9999.0 -9999.0 -9999.0 -9999.0 -9999.0 -9999.0 -9999.0 -9999.0 -9999.0 -9999.0 -9999.0 -9999.0 -9999.0 -9999.0 -9999.0 -9999.0 -9999.0 -9999.0 -9999.0 -9999.0 -9999.0 -9999.0 -9999.0 -9999.0 -9999.0 -9999.0 -9999.0 -9999.0 -9999.0 -9999.0 -9999.0 -9999.0 -9999.0 -9999.0 -9999.0 -9999.0 -9999.0 -9999.0 -9999.0 -9999.0 -9999.0 -9999.0 -9999.0 -9999.0 -9999.0 -9999.0 -9999.0 -9999.0 -9999.0 -9999.0 -9999.0 -9999.0 -9999.0 -9999.0 -9999.0 -9999.0 -9999.0 -9999.0 -9999.0 -9999.0 -9999.0 -9999.0 -9999.0 -9999.0 -9999.0 -9999.0 -9999.0 -9999.0 -9999.0 -9999.0 -9999.0 -9999.0 -9999.0 -9999.0 -9999.0 -9999.0 -9999.0 -9999.0 -9999.0 -9999.0 -9999.0 -9999.0 -9999.0 -9999.0 -9999.0 -9999.0 -9999.0 -9999.0 -9999.0 -9999.0 -9999.0 -9999.0 -9999.0 -9999.0 -9999.0 -9999.0
-9999.0 -9999.0 -9999.0 -9999.0 -9999.0 -9999.0 -9999.0 -9999.0 -9999.0 -9999.0 -9999.0 -9999.0 -9999.0 -9999.0 -9999.0 -9999.0 -9999.0 -9999.0 -9999.0 -9999.0 -9999.0 -9999.0 -9999.0 -9999.0 -9999.0 -9999.0 -9999.0 -9999.0 -9999.0 -9999.0 -9999.0 -9999.0 -9999.0 -9999.0 -9999.0 -9999.0 -9999.0 -9999.0 -9999.0 -9999.0 -9999.0 -9999.0 -9999.0 -9999.0 -9999.0 -9999.0 -9999.0 -9999.0 -9999.0 -9999.0 -9999.0 -9999.0 -9999.0 -9999.0 -9999.0 -9999.0 -9999.0 -9999.0 -9999.0 -9999.0 -9999.0 -9999.0 -9999.0 -9999.0 -9999.0 -9999.0 -9999.0 -9999.0 -9999.0 -9999.0 -9999.0 -9999.0 -9999.0 -9999.0 -9999.0 -9999.0 -9999.0 -9999.0 -9999.0 -9999.0 -9999.0 -9999.0 -9999.0 -9999.0 -9999.0 -9999.0 -9999.0 -9999.0 -9999.0 -9999.0 -9999.0 -9999.0 -9999.0 -9999.0 -9999.0 -9999.0 -9999.0 -9999.0 -9999.0 -9999.0 -9999.0 -9999.0 -9999.0 -9999.0
-9999.0 -9999.0 174.819533 76.726036 -22.262428 -121.505461 -220.845622 -320.223053 -419.606942 -518.976838 -618.304934 -717.528627 -816.685491 -915.729251 -1014.713563 -1113.726498 -1212.449481 -1310.763760 -1408.365752 -1504.638691 -1598.358470 -1687.327748 -1768.514612 -1839.064975 -1897.402310 -1943.560131 -1978.786857 -2004.919574 -2023.883343 -2037.409610 -2046.927019 -2053.551681 -2058.123449 -2061.257373 -2063.395319 -2064.852953 -2065.867755 -2066.682371 -2067.768421 -2070.087036 -2070.363303 -2004.206032 -1231.245698 -1236.911177 -1224.900072 -1216.862410 -1213.085082 -1212.491110 -1212.426027 -1212.431251 -1212.446545 -1212.463075 -1212.478975 -1212.493707 -1212.507450 -1212.524029 -1212.578648 -1212.938652 -1214.965042 -1219.421580 -1224.988067 -1210.670425 -1978.173211 -2064.420582 -2068.725663 -2068.210051 -2067.997917 -2067.952950 -2067.945382 -2067.944588 -2067.944883 -2067.945278 -2067.945614 -2067.945880 -2067.946088 -2067.946254 -2067.946390 -2067.946504 -2067.946603 -2067.946694 -2067.946786 -2067.946888 -2067.947012 -2067.947180 -2067.947419 -2067.947779 -2067.948336 -2067.949219 -2067.950654 -2067.953040 -2067.957113 -2067.964276 -2067.977270 -2068.001577 -2068.048436 -2068.141712 -2068.334918 -2068.757113 -2069.746986 -2072.288151 -2079.624841 -2104.067281 -9999.0 -9999.0
-9999.0 -9999.0 174.828259 76.727820 -22.261974 -121.505329 -220.845579 -320.223038 -419.606936 -518.976836 -618.304933 -717.528626 -816.685491 -915.729251 -1014.713563 -1113.726498 -1212.449481 -1310.763760 -1408.365752 -1504.638692 -1598.358471 -1687.327748 -1768.514612 -1839.064976 -1897.402310 -1943.560131 -1978.786857 -2004.919574 -2023.883343 -2037.409610 -2046.927019 -2053.551681 -2058.123449 -2061.257373 -2063.395319 -2064.852953 -2065.867755 -2066.682371 -2067.768421 -2070.087036 -2070.363303 -2004.206032 -1231.245698 -1236.911177 -1224.900072 -1216.862409 -1213.085082 -1212.491110 -1212.426027 -1212.431251 -1212.446545 -1212.463075 -1212.478975 -1212.493707 -1212.507450 -1212.524029 -1212.578648 -1212.938652 -1214.965042 -1219.421580 -1224.988067 -1210.670425 -1978.173211 -2064.420582 -2068.725663 -2068.210051 -2067.997917 -2067.952950 -2067.945382 -2067.944588 -2067.944883 -2067.945278 -2067.945614 -2067.945880 -2067.946088 -2067.946254 -2067.946390 -2067.946504 -2067.946603 -2067.946694 -2067.946786 -2067.946887 -2067.947012 -2067.947180 -2067.947419 -2067.947779 -2067.948336 -2067.949219 -2067.950654 -2067.953040 -2067.957113 -2067.964276 -2067.977270 -2068.001577 -2068.048436 -2068.141712 -2068.334918 -2068.757113 -2069.746986 -2072.288151 -2079.624841 -2104.067281 -9999.0 -9999.0
-9999.0 -9999.0 174.829489 76.728548 -22.261687 -121.505225 -220.845542 -320.223025 -419.606931 -518.976834 -618.304932 -717.528626 -816.685491 -915.729250 -1014.713563 -1113.726498 -1212.449481 -1310.763760 -1408.365752 -1504.638692 -1598.358471 -1687.327748 -1768.514612 -1839.064976 -1897.402310 -1943.560131 -1978.786857 -2004.919574 -2023.883343 -2037.409610 -2046.927019 -2053.551681 -2058.123449 -2061.257373 -2063.395319 -2064.852953 -2065.867755 -2066.682371 -2067.768421 -2070.087036 -2070.363303 -2004.206032 -1231.245698 -1236.911177 -1224.900072 -1216.862409 -1213.085082 -1212.491110 -1212.426027 -1212.431251 -1212.446545 -1212.463075 -1212.478975 -1212.493707 -1212.507450 -1212.524029 -1212.578648 -1212.938652 -1214.965042 -1219.421580 -1224.988067 -1210.670425 -1978.173211 -2064.420582 -2068.725663 -2068.210051 -2067.997917 -2067.952950 -2067.945382 -2067.944588 -2067.944883 -2067.945278 -2067.945614 -2067.945880 -2067.946088 -2067.946254 -2067.946390 -2067.946504 -2067.946603 -2067.946694 -2067.946786 -2067.946887 -2067.947012 -2067.947180 -2067.947419 -2067.947779 -2067.948336 -2067.949219 -2067.950654 -2067.953040 -2067.957113 -2067.964276 -2067.977270 -2068.001577 -2068.048436 -2068.141712 -2068.334918 -2068.757113 -2069.746986 -2072.288151 -2079.624841 -2104.067281 -9999.0 -9999.0
-9999.0 -9999.0 174.829489 76.728548 -22.261687 -121.505225 -220.845542 -320.223025 -419.606931 -518.976834 -618.304932 -717.528626 -816.685491 -915.729251 -1014.713563 -1113.726498 -1212.449481 -1310.763760 -1408.365752 -1504.638692 -1598.358471 -1687.327748 -1768.514612 -1839.064976 -1897.402310 -1943.560131 -1978.786857 -2004.919574 -2023.883343 -2037.409610 -2046.927019 -2053.551681 -2058.123449 -2061.257373 -2063.395319 -2064.852953 -2065.867755 -2066.682371 -2067.768421 -2070.087036 -2070.363303 -2004.206032 -1231.245698 -1236.911177 -1224.900072 -1216.862409 -1213.085082 -1212.491110 -1212.426027 -1212.431251 -1212.446545 -1212.463075 -1212.478975 -1212.493707 -1212.507450 -1212.524029 -1212.578648 -1212.938652 -1214.965042 -1219.421580 -1224.988067 -1210.670425 -1978.173211 -2064.420582 -2068.725663 -2068.210051 -2067.997917 -2067.952950 -2067.945382 -2067.944588 -2067.944883 -2067.945278 -2067.945614 -2067.945880 -2067.946088 -2067.946254 -2067.946390 -2067.946504 -2067.946603 -2067.946694 -2067.946786 -2067.946887 -2067.947012 -2067.947180 -2067.947419 -2067.947779 -2067.948336 -2067.949219 -2067.950654 -2067.953040 -2067.957113 -2067.964276 -2067.977270 -2068.001577 -2068.048436 -2068.141712 -2068.334918 -2068.757113 -2069.746986 -2072.288151 -2079.624841 -2104.067281 -9999.0 -9999.0
-9999.0 -9999.0 174.828259 76.727820 -22.261974 -121.505329 -220.845579 -320.223038 -419.606936 -518.976836 -618.304933 -717.528626 -816.685491 -915.729251 -1014.713563 -1113.726498 -1212.449481 -1310.763760 -1408.365752 -1504.638692 -1598.358471 -1687.327748 -1768.514612 -1839.064976 -1897.402310 -1943.560131 -1978.786857 -2004.919574 -2023.883343 -2037.409610 -2046.927019 -2053.551681 -2058.123449 -2061.257373 -2063.395319 -2064.852953 -2065.867755 -2066.682371 -2067.768421 -2070.087036 -2070.363303 -2004.206032 -1231.245698 -1236.911177 -1224.900072 -1216.862409 -1213.085082 -1212.491110 -1212.426027 -1212.431251 -1212.446545 -1212.463075 -1212.478975 -1212.493707 -1212.507450 -1212.524029 -1212.578648 -1212.938652 -1214.965042 -1219.421580 -1224.988067 -1210.670425 -1978.173211 -2064.420582 -2068.725663 -2068.210051 -2067.997917 -2067.952950 -2067.945382 -2067.944588 -2067.944883 -2067.945278 -2067.945614 -2067.945880 -2067.946088 -2067.946254 -2067.946390 -2067.946504 -2067.946603 -2067.946694 -2067.946786 -2067.946887 -2067.947012 -2067.947180 -2067.947419 -2067.947779 -2067.948336 -2067.949219 -2067.950654 -2067.953040 -2067.957113 -2067.964276 -2067.977270 -2068.001577 -2068.048436 -2068.141712 -2068.334918 -2068.757113 -2069.746986 -2072.288151 -2079.624841 -2104.067281 -9999.0 -9999.0
-9999.0 -9999.0 174.819533 76.726036 -22.262428 -121.505461 -220.845622 -320.223053 -419.606942 -518.976838 -618.304934 -717.528627 -816.685491 -915.729251 -1014.713563 -1113.726498 -1212.449481 -1310.763760 -1408.365752 -1504.638691 -1598.358470 -1687.327748 -1768.514612 -1839.064976 -1897.402310 -1943.560131 -1978.786857 -2004.919574 -2023.883343 -2037.409610 -2046.927019 -2053.551681 -2058.123449 -2061.257373 -2063.395319 -2064.852953 -2065.867755 -2066.682371 -2067.768421 -2070.087036 -2070.363303 -2004.206032 -1231.245698 -1236.911177 -1224.900072 -1216.862410 -1213.085082 -1212.491110 -1212.426027 -1212.431251 -1212.446545 -1212.463075 -1212.478975 -1212.493707 -1212.507450 -1212.524029 -1212.578648 -1212.938652 -1214.965042 -1219.421580 -1224.988067 -1210.670425 -1978.173211 -2064.420582 -2068.725663 -2068.210051 -2067.997917 -2067.952950 -2067.945382 -2067.944588 -2067.944883 -2067.945278 -2067.945614 -2067.945880 -2067.946088 -2067.946254 -2067.946390 -2067.946504 -2067.946603 -2067.946694 -2067.946786 -2067.946888 -2067.947012 -2067.947180 -2067.947419 -2067.947779 -2067.948336 -2067.949219 -2067.950654 -2067.953040 -2067.957113 -2067.964276 -2067.977270 -2068.001577 -2068.048436 -2068.141712 -2068.334918 -2068.757113 -2069.746986 -2072.288151 -2079.624841 -2104.067281 -9999.0 -9999.0
-9999.0 -9999.0 -9999.0 -9999.0 -9999.0 -9999.0 -9999.0 -9999.0 -9999.0 -9999.0 -9999.0 -9999.0 -9999.0 -9999.0 -9999.0 -9999.0 -9999.0 -9999.0 -9999.0 -9999.0 -9999.0 -9999.0 -9999.0 -9999.0 -9999.0 -9999.0 -9999.0 -9999.0 -9999.0 -9999.0 -9999.0 -9999.0 -9999.0 -9999.0 -9999.0 -9999.0 -9999.0 -9999.0 -9999.0 -9999.0 -9999.0 -9999.0 -9999.0 -9999.0 -9999.0 -9999.0 -9999.0 -9999.0 -9999.0 -9999.0 -9999.0 -9999.0 -9999.0 -9999.0 -9999.0 -9999.0 -9999.0 -9999.0 -9999.0 -9999.0 -9999.0 -9999.0 -9999.0 -9999.0 -9999.0 -9999.0 -9999.0 -9999.0 -9999.0 -9999.0 -9999.0 -9999.0 -9999.0 -9999.0 -9999.0 -9999.0 -9999.0 -9999.0 -9999.0 -9999.0 -9999.0 -9999.0 -9999.0 -9999.0 -9999.0 -9999.0 -9999.0 -9999.0 -9999.0 -9999.0 -9999.0 -9999.0 -9999.0 -9999.0 -9999.0 -9999.0 -9999.0 -9999.0 -9999.0 -9999.0 -9999.0 -9999.0 -9999.0 -9999.0
-9999.0 -9999.0 -9999.0 -9999.0 -9999.0 -9999.0 -9999.0 -9999.0 -9999.0 -9999.0 -9999.0 -9999.0 -9999.0 -9999.0 -9999.0 -9999.0 -9999.0 -9999.0 -9999.0 -9999.0 -9999.0 -9999.0 -9999.0 -9999.0 -9999.0 -9999.0 -9999.0 -9999.0 -9999.0 -9999.0 -9999.0 -9999.0 -9999.0 -9999.0 -9999.0 -9999.0 -9999.0 -9999.0 -9999.0 -9999.0 -9999.0 -9999.0 -9999.0 -9999.0 -9999.0 -9999.0 -9999.0 -9999.0 -9999.0 -9999.0 -9999.0 -9999.0 -9999.0 -9999.0 -9999.0 -9999.0 -9999.0 -9999.0 -9999.0 -9999.0 -9999.0 -9999.0 -9999.0 -9999.0 -9999.0 -9999.0 -9999.0 -9999.0 -9999.0 -9999.0 -9999.0 -9999.0 -9999.0 -9999.0 -9999.0 -9999.0 -9999.0 -9999.0 -9999.0 -9999.0 -9999.0 -9999.0 -9999.0 -9999.0 -9999.0 -9999.0 -9999.0 -9999.0 -9999.0 -9999.0 -9999.0 -9999.0 -9999.0 -9999.0 -9999.0 -9999.0 -9999.0 -9999.0 -9999.0 -9999.0 -9999.0 -9999.0 -9999.0 -9999.0