inst/processing_geotop_simulation/geotop_simulation/out/maps3D/PwL0007N0094.asc
ncols         104
nrows         10
xllcorner     -2.000000
yllcorner     0.000000
cellsize      1.000000
NODATA_value  -9999.0
-9999.0 -9999.0 -9999.0 -9999.0 -9999.0 -9999.0 -9999.0 -9999.0 -9999.0 -9999.0 -9999.0 -9999.0 -9999.0 -9999.0 -9999.0 -9999.0 -9999.0 -9999.0 -9999.0 -9999.0 -9999.0 -9999.0 -9999.0 -9999.0 -9999.0 -9999.0 -9999.0 -9999.0 -9999.0 -9999.0 -9999.0 -9999.0 -9999.0 -9999.0 -9999.0 -9999.0 -9999.0 -9999.0 -9999.0 -9999.0 -9999.0 -9999.0 -9999.0 -9999.0 -9999.0 -9999.0 -9999.0 -9999.0 -9999.0 -9999.0 -9999.0 -9999.0 -9999.0 -9999.0 -9999.0 -9999.0 -9999.0 -9999.0 -9999.0 -9999.0 -9999.0 -9999.0 -9999.0 -9999.0 -9999.0 -9999.0 -9999.0 -9999.0 -9999.0 -9999.0 -9999.0 -9999.0 -9999.0 -9999.0 -9999.0 -9999.0 -9999.0 -9999.0 -9999.0 -9999.0 -9999.0 -9999.0 -9999.0 -9999.0 -9999.0 -9999.0 -9999.0 -9999.0 -9999.0 -9999.0 -9999.0 -9999.0 -9999.0 -9999.0 -9999.0 -9999.0 -9999.0 -9999.0 -9999.0 -9999.0 -9999.0 -9999.0 -9999.0 -9999.0
-9999.0 -9999.0 -9999.0 -9999.0 -9999.0 -9999.0 -9999.0 -9999.0 -9999.0 -9999.0 -9999.0 -9999.0 -9999.0 -9999.0 -9999.0 -9999.0 -9999.0 -9999.0 -9999.0 -9999.0 -9999.0 -9999.0 -9999.0 -9999.0 -9999.0 -9999.0 -9999.0 -9999.0 -9999.0 -9999.0 -9999.0 -9999.0 -9999.0 -9999.0 -9999.0 -9999.0 -9999.0 -9999.0 -9999.0 -9999.0 -9999.0 -9999.0 -9999.0 -9999.0 -9999.0 -9999.0 -9999.0 -9999.0 -9999.0 -9999.0 -9999.0 -9999.0 -9999.0 -9999.0 -9999.0 -9999.0 -9999.0 -9999.0 -9999.0 -9999.0 -9999.0 -9999.0 -9999.0 -9999.0 -9999.0 -9999.0 -9999.0 -9999.0 -9999.0 -9999.0 -9999.0 -9999.0 -9999.0 -9999.0 -9999.0 -9999.0 -9999.0 -9999.0 -9999.0 -9999.0 -9999.0 -9999.0 -9999.0 -9999.0 -9999.0 -9999.0 -9999.0 -9999.0 -9999.0 -9999.0 -9999.0 -9999.0 -9999.0 -9999.0 -9999.0 -9999.0 -9999.0 -9999.0 -9999.0 -9999.0 -9999.0 -9999.0 -9999.0 -9999.0
-9999.0 -9999.0 334.461024 245.321466 151.921247 56.953350 -38.616481 -134.429294 -230.381844 -326.574505 -424.164884 -531.286959 -653.426239 -794.695285 -902.660807 -1008.577337 -1104.270364 -1180.853043 -1222.690955 -1238.107553 -1240.239836 -1237.659582 -1234.639304 -1232.850149 -1232.632622 -1233.721863 -1235.627469 -1237.852352 -1240.017977 -1241.905165 -1243.430337 -1244.597709 -1245.455584 -1246.065972 -1246.488116 -1246.773499 -1246.973155 -1247.152345 -1247.388745 -1248.214868 -1254.996348 -1299.451419 -1123.238028 -1184.660530 -1138.492865 -1111.421361 -1099.071089 -1097.517949 -1097.363954 -1097.384163 -1097.429632 -1097.478112 -1097.524624 -1097.567647 -1097.607311 -1097.651059 -1097.773654 -1098.637604 -1104.942725 -1119.424493 -1144.211705 -1058.329582 -1278.810383 -1252.470884 -1248.135253 -1247.557321 -1247.461496 -1247.444691 -1247.443658 -1247.445555 -1247.447612 -1247.449293 -1247.450574 -1247.451541 -1247.452278 -1247.452848 -1247.453298 -1247.453659 -1247.453959 -1247.454221 -1247.454474 -1247.454750 -1247.455093 -1247.455565 -1247.456261 -1247.457325 -1247.458994 -1247.461653 -1247.465945 -1247.472980 -1247.484732 -1247.504838 -1247.540220 -1247.604404 -1247.724233 -1247.953254 -1248.398617 -1249.278576 -1251.063066 -1254.862888 -1263.579387 -1286.550583 -9999.0 -9999.0
-9999.0 -9999.0 334.469737 245.323587 151.921811 56.953516 -38.616428 -134.429277 -230.381839 -326.574504 -424.164884 -531.286959 -653.426239 -794.695286 -902.660807 -1008.577337 -1104.270364 -1180.853043 -1222.690954 -1238.107553 -1240.239836 -1237.659582 -1234.639304 -1232.850149 -1232.632622 -1233.721863 -1235.627469 -1237.852352 -1240.017977 -1241.905165 -1243.430337 -1244.597709 -1245.455584 -1246.065972 -1246.488116 -1246.773499 -1246.973155 -1247.152345 -1247.388745 -1248.214868 -1254.996348 -1299.451418 -1123.238028 -1184.660530 -1138.492865 -1111.421360 -1099.071089 -1097.517949 -1097.363954 -1097.384163 -1097.429632 -1097.478112 -1097.524624 -1097.567647 -1097.607311 -1097.651059 -1097.773654 -1098.637604 -1104.942725 -1119.424493 -1144.211705 -1058.329582 -1278.810383 -1252.470884 -1248.135253 -1247.557321 -1247.461496 -1247.444691 -1247.443658 -1247.445555 -1247.447612 -1247.449293 -1247.450574 -1247.451541 -1247.452278 -1247.452848 -1247.453298 -1247.453659 -1247.453959 -1247.454221 -1247.454474 -1247.454750 -1247.455093 -1247.455565 -1247.456261 -1247.457325 -1247.458994 -1247.461653 -1247.465945 -1247.472980 -1247.484732 -1247.504838 -1247.540220 -1247.604404 -1247.724233 -1247.953254 -1248.398617 -1249.278576 -1251.063066 -1254.862888 -1263.579387 -1286.550583 -9999.0 -9999.0
-9999.0 -9999.0 334.471387 245.324484 151.922170 56.953648 -38.616382 -134.429261 -230.381833 -326.574502 -424.164884 -531.286959 -653.426239 -794.695286 -902.660807 -1008.577337 -1104.270364 -1180.853043 -1222.690954 -1238.107553 -1240.239836 -1237.659582 -1234.639304 -1232.850149 -1232.632622 -1233.721863 -1235.627469 -1237.852352 -1240.017977 -1241.905165 -1243.430337 -1244.597709 -1245.455584 -1246.065972 -1246.488116 -1246.773499 -1246.973155 -1247.152345 -1247.388745 -1248.214868 -1254.996348 -1299.451418 -1123.238028 -1184.660530 -1138.492864 -1111.421360 -1099.071089 -1097.517949 -1097.363954 -1097.384163 -1097.429632 -1097.478112 -1097.524624 -1097.567647 -1097.607311 -1097.651059 -1097.773654 -1098.637604 -1104.942725 -1119.424493 -1144.211705 -1058.329582 -1278.810383 -1252.470884 -1248.135253 -1247.557321 -1247.461496 -1247.444691 -1247.443658 -1247.445555 -1247.447612 -1247.449293 -1247.450574 -1247.451541 -1247.452278 -1247.452848 -1247.453298 -1247.453659 -1247.453959 -1247.454221 -1247.454474 -1247.454750 -1247.455093 -1247.455565 -1247.456261 -1247.457325 -1247.458994 -1247.461653 -1247.465945 -1247.472980 -1247.484732 -1247.504838 -1247.540220 -1247.604404 -1247.724233 -1247.953254 -1248.398617 -1249.278576 -1251.063066 -1254.862888 -1263.579387 -1286.550583 -9999.0 -9999.0
-9999.0 -9999.0 334.471387 245.324484 151.922170 56.953648 -38.616382 -134.429261 -230.381833 -326.574502 -424.164884 -531.286959 -653.426239 -794.695286 -902.660807 -1008.577337 -1104.270364 -1180.853043 -1222.690954 -1238.107553 -1240.239836 -1237.659582 -1234.639304 -1232.850149 -1232.632622 -1233.721863 -1235.627469 -1237.852352 -1240.017977 -1241.905165 -1243.430337 -1244.597709 -1245.455584 -1246.065972 -1246.488116 -1246.773499 -1246.973155 -1247.152345 -1247.388745 -1248.214868 -1254.996348 -1299.451418 -1123.238028 -1184.660530 -1138.492864 -1111.421360 -1099.071089 -1097.517949 -1097.363954 -1097.384163 -1097.429632 -1097.478112 -1097.524624 -1097.567647 -1097.607311 -1097.651059 -1097.773654 -1098.637604 -1104.942725 -1119.424493 -1144.211705 -1058.329582 -1278.810383 -1252.470884 -1248.135253 -1247.557321 -1247.461496 -1247.444691 -1247.443658 -1247.445555 -1247.447612 -1247.449293 -1247.450574 -1247.451541 -1247.452278 -1247.452848 -1247.453298 -1247.453659 -1247.453959 -1247.454221 -1247.454474 -1247.454750 -1247.455093 -1247.455565 -1247.456261 -1247.457325 -1247.458994 -1247.461653 -1247.465945 -1247.472980 -1247.484732 -1247.504838 -1247.540220 -1247.604404 -1247.724233 -1247.953254 -1248.398617 -1249.278576 -1251.063066 -1254.862888 -1263.579387 -1286.550583 -9999.0 -9999.0
-9999.0 -9999.0 334.469737 245.323587 151.921811 56.953516 -38.616429 -134.429277 -230.381839 -326.574504 -424.164884 -531.286959 -653.426239 -794.695286 -902.660807 -1008.577337 -1104.270364 -1180.853043 -1222.690954 -1238.107553 -1240.239836 -1237.659582 -1234.639304 -1232.850149 -1232.632622 -1233.721863 -1235.627469 -1237.852352 -1240.017977 -1241.905165 -1243.430337 -1244.597709 -1245.455584 -1246.065972 -1246.488116 -1246.773499 -1246.973155 -1247.152345 -1247.388745 -1248.214868 -1254.996348 -1299.451418 -1123.238028 -1184.660530 -1138.492865 -1111.421360 -1099.071089 -1097.517949 -1097.363954 -1097.384163 -1097.429632 -1097.478112 -1097.524624 -1097.567647 -1097.607311 -1097.651059 -1097.773654 -1098.637604 -1104.942725 -1119.424493 -1144.211705 -1058.329582 -1278.810383 -1252.470884 -1248.135253 -1247.557321 -1247.461496 -1247.444691 -1247.443658 -1247.445555 -1247.447612 -1247.449293 -1247.450574 -1247.451541 -1247.452278 -1247.452848 -1247.453298 -1247.453659 -1247.453959 -1247.454221 -1247.454474 -1247.454750 -1247.455093 -1247.455565 -1247.456261 -1247.457325 -1247.458994 -1247.461653 -1247.465945 -1247.472980 -1247.484732 -1247.504838 -1247.540220 -1247.604404 -1247.724233 -1247.953254 -1248.398617 -1249.278576 -1251.063066 -1254.862888 -1263.579387 -1286.550583 -9999.0 -9999.0
-9999.0 -9999.0 334.461024 245.321466 151.921247 56.953350 -38.616481 -134.429294 -230.381844 -326.574505 -424.164884 -531.286959 -653.426239 -794.695285 -902.660807 -1008.577337 -1104.270364 -1180.853043 -1222.690955 -1238.107553 -1240.239836 -1237.659582 -1234.639304 -1232.850149 -1232.632622 -1233.721863 -1235.627469 -1237.852352 -1240.017977 -1241.905165 -1243.430337 -1244.597709 -1245.455584 -1246.065972 -1246.488116 -1246.773499 -1246.973155 -1247.152345 -1247.388745 -1248.214868 -1254.996348 -1299.451419 -1123.238028 -1184.660530 -1138.492865 -1111.421361 -1099.071089 -1097.517949 -1097.363954 -1097.384163 -1097.429632 -1097.478112 -1097.524624 -1097.567647 -1097.607311 -1097.651059 -1097.773654 -1098.637604 -1104.942725 -1119.424493 -1144.211705 -1058.329582 -1278.810383 -1252.470884 -1248.135253 -1247.557321 -1247.461496 -1247.444691 -1247.443658 -1247.445555 -1247.447612 -1247.449293 -1247.450574 -1247.451541 -1247.452278 -1247.452848 -1247.453298 -1247.453659 -1247.453959 -1247.454221 -1247.454474 -1247.454750 -1247.455093 -1247.455565 -1247.456261 -1247.457325 -1247.458994 -1247.461653 -1247.465945 -1247.472980 -1247.484732 -1247.504838 -1247.540220 -1247.604404 -1247.724233 -1247.953254 -1248.398617 -1249.278576 -1251.063066 -1254.862888 -1263.579387 -1286.550583 -9999.0 -9999.0
-9999.0 -9999.0 -9999.0 -9999.0 -9999.0 -9999.0 -9999.0 -9999.0 -9999.0 -9999.0 -9999.0 -9999.0 -9999.0 -9999.0 -9999.0 -9999.0 -9999.0 -9999.0 -9999.0 -9999.0 -9999.0 -9999.0 -9999.0 -9999.0 -9999.0 -9999.0 -9999.0 -9999.0 -9999.0 -9999.0 -9999.0 -9999.0 -9999.0 -9999.0 -9999.0 -9999.0 -9999.0 -9999.0 -9999.0 -9999.0 -9999.0 -9999.0 -9999.0 -9999.0 -9999.0 -9999.0 -9999.0 -9999.0 -9999.0 -9999.0 -9999.0 -9999.0 -9999.0 -9999.0 -9999.0 -9999.0 -9999.0 -9999.0 -9999.0 -9999.0 -9999.0 -9999.0 -9999.0 -9999.0 -9999.0 -9999.0 -9999.0 -9999.0 -9999.0 -9999.0 -9999.0 -9999.0 -9999.0 -9999.0 -9999.0 -9999.0 -9999.0 -9999.0 -9999.0 -9999.0 -9999.0 -9999.0 -9999.0 -9999.0 -9999.0 -9999.0 -9999.0 -9999.0 -9999.0 -9999.0 -9999.0 -9999.0 -9999.0 -9999.0 -9999.0 -9999.0 -9999.0 -9999.0 -9999.0 -9999.0 -9999.0 -9999.0 -9999.0 -9999.0
-9999.0 -9999.0 -9999.0 -9999.0 -9999.0 -9999.0 -9999.0 -9999.0 -9999.0 -9999.0 -9999.0 -9999.0 -9999.0 -9999.0 -9999.0 -9999.0 -9999.0 -9999.0 -9999.0 -9999.0 -9999.0 -9999.0 -9999.0 -9999.0 -9999.0 -9999.0 -9999.0 -9999.0 -9999.0 -9999.0 -9999.0 -9999.0 -9999.0 -9999.0 -9999.0 -9999.0 -9999.0 -9999.0 -9999.0 -9999.0 -9999.0 -9999.0 -9999.0 -9999.0 -9999.0 -9999.0 -9999.0 -9999.0 -9999.0 -9999.0 -9999.0 -9999.0 -9999.0 -9999.0 -9999.0 -9999.0 -9999.0 -9999.0 -9999.0 -9999.0 -9999.0 -9999.0 -9999.0 -9999.0 -9999.0 -9999.0 -9999.0 -9999.0 -9999.0 -9999.0 -9999.0 -9999.0 -9999.0 -9999.0 -9999.0 -9999.0 -9999.0 -9999.0 -9999.0 -9999.0 -9999.0 -9999.0 -9999.0 -9999.0 -9999.0 -9999.0 -9999.0 -9999.0 -9999.0 -9999.0 -9999.0 -9999.0 -9999.0 -9999.0 -9999.0 -9999.0 -9999.0 -9999.0 -9999.0 -9999.0 -9999.0 -9999.0 -9999.0 -9999.0