inst/processing_geotop_simulation/geotop_simulation/out/maps3D/PwL0003N0125.asc
ncols         104
nrows         10
xllcorner     -2.000000
yllcorner     0.000000
cellsize      1.000000
NODATA_value  -9999.0
-9999.0 -9999.0 -9999.0 -9999.0 -9999.0 -9999.0 -9999.0 -9999.0 -9999.0 -9999.0 -9999.0 -9999.0 -9999.0 -9999.0 -9999.0 -9999.0 -9999.0 -9999.0 -9999.0 -9999.0 -9999.0 -9999.0 -9999.0 -9999.0 -9999.0 -9999.0 -9999.0 -9999.0 -9999.0 -9999.0 -9999.0 -9999.0 -9999.0 -9999.0 -9999.0 -9999.0 -9999.0 -9999.0 -9999.0 -9999.0 -9999.0 -9999.0 -9999.0 -9999.0 -9999.0 -9999.0 -9999.0 -9999.0 -9999.0 -9999.0 -9999.0 -9999.0 -9999.0 -9999.0 -9999.0 -9999.0 -9999.0 -9999.0 -9999.0 -9999.0 -9999.0 -9999.0 -9999.0 -9999.0 -9999.0 -9999.0 -9999.0 -9999.0 -9999.0 -9999.0 -9999.0 -9999.0 -9999.0 -9999.0 -9999.0 -9999.0 -9999.0 -9999.0 -9999.0 -9999.0 -9999.0 -9999.0 -9999.0 -9999.0 -9999.0 -9999.0 -9999.0 -9999.0 -9999.0 -9999.0 -9999.0 -9999.0 -9999.0 -9999.0 -9999.0 -9999.0 -9999.0 -9999.0 -9999.0 -9999.0 -9999.0 -9999.0 -9999.0 -9999.0
-9999.0 -9999.0 -9999.0 -9999.0 -9999.0 -9999.0 -9999.0 -9999.0 -9999.0 -9999.0 -9999.0 -9999.0 -9999.0 -9999.0 -9999.0 -9999.0 -9999.0 -9999.0 -9999.0 -9999.0 -9999.0 -9999.0 -9999.0 -9999.0 -9999.0 -9999.0 -9999.0 -9999.0 -9999.0 -9999.0 -9999.0 -9999.0 -9999.0 -9999.0 -9999.0 -9999.0 -9999.0 -9999.0 -9999.0 -9999.0 -9999.0 -9999.0 -9999.0 -9999.0 -9999.0 -9999.0 -9999.0 -9999.0 -9999.0 -9999.0 -9999.0 -9999.0 -9999.0 -9999.0 -9999.0 -9999.0 -9999.0 -9999.0 -9999.0 -9999.0 -9999.0 -9999.0 -9999.0 -9999.0 -9999.0 -9999.0 -9999.0 -9999.0 -9999.0 -9999.0 -9999.0 -9999.0 -9999.0 -9999.0 -9999.0 -9999.0 -9999.0 -9999.0 -9999.0 -9999.0 -9999.0 -9999.0 -9999.0 -9999.0 -9999.0 -9999.0 -9999.0 -9999.0 -9999.0 -9999.0 -9999.0 -9999.0 -9999.0 -9999.0 -9999.0 -9999.0 -9999.0 -9999.0 -9999.0 -9999.0 -9999.0 -9999.0 -9999.0 -9999.0
-9999.0 -9999.0 135.635459 52.115701 -39.455200 -133.163074 -227.679209 -322.500170 -417.362257 -512.098268 -606.520650 -700.721264 -796.090449 -895.228921 -995.693718 -1092.277327 -1193.593012 -1296.392066 -1382.217920 -1436.097312 -1463.602391 -1476.917548 -1483.030299 -1486.019157 -1487.943269 -1489.663142 -1491.405834 -1493.119731 -1494.685273 -1496.015456 -1497.079952 -1497.892421 -1498.489958 -1498.916390 -1499.212790 -1499.415271 -1499.560990 -1499.700439 -1499.941376 -1501.048443 -1507.914139 -1525.424965 -974.109160 -973.797107 -960.406733 -952.094483 -948.208479 -947.666242 -947.611720 -947.621533 -947.641277 -947.662259 -947.682397 -947.701028 -947.718176 -947.736758 -947.785560 -948.106834 -950.166223 -954.846013 -962.392476 -953.510593 -1506.263550 -1504.604590 -1500.675649 -1500.029012 -1499.927799 -1499.910898 -1499.909346 -1499.910630 -1499.912163 -1499.913440 -1499.914420 -1499.915160 -1499.915725 -1499.916161 -1499.916506 -1499.916784 -1499.917014 -1499.917216 -1499.917412 -1499.917627 -1499.917896 -1499.918267 -1499.918815 -1499.919654 -1499.920973 -1499.923075 -1499.926476 -1499.932064 -1499.941429 -1499.957511 -1499.985930 -1500.037687 -1500.134636 -1500.320449 -1500.683091 -1501.404657 -1502.887265 -1506.106863 -1513.728629 -1535.299694 -9999.0 -9999.0
-9999.0 -9999.0 135.647541 52.118060 -39.454605 -133.162901 -227.679155 -322.500152 -417.362250 -512.098266 -606.520649 -700.721264 -796.090449 -895.228921 -995.693719 -1092.277327 -1193.593013 -1296.392066 -1382.217920 -1436.097312 -1463.602391 -1476.917548 -1483.030299 -1486.019157 -1487.943269 -1489.663142 -1491.405834 -1493.119731 -1494.685273 -1496.015456 -1497.079952 -1497.892421 -1498.489958 -1498.916390 -1499.212790 -1499.415271 -1499.560990 -1499.700439 -1499.941376 -1501.048443 -1507.914139 -1525.424965 -974.109160 -973.797107 -960.406733 -952.094483 -948.208479 -947.666242 -947.611720 -947.621533 -947.641277 -947.662259 -947.682397 -947.701028 -947.718176 -947.736758 -947.785560 -948.106834 -950.166223 -954.846013 -962.392476 -953.510593 -1506.263550 -1504.604590 -1500.675649 -1500.029012 -1499.927799 -1499.910898 -1499.909346 -1499.910630 -1499.912163 -1499.913440 -1499.914420 -1499.915160 -1499.915725 -1499.916161 -1499.916506 -1499.916784 -1499.917014 -1499.917216 -1499.917412 -1499.917627 -1499.917896 -1499.918267 -1499.918815 -1499.919654 -1499.920973 -1499.923075 -1499.926476 -1499.932064 -1499.941429 -1499.957511 -1499.985930 -1500.037687 -1500.134636 -1500.320449 -1500.683091 -1501.404657 -1502.887265 -1506.106863 -1513.728629 -1535.299694 -9999.0 -9999.0
-9999.0 -9999.0 135.649049 52.119003 -39.454230 -133.162766 -227.679107 -322.500135 -417.362244 -512.098264 -606.520648 -700.721263 -796.090449 -895.228921 -995.693719 -1092.277327 -1193.593013 -1296.392066 -1382.217920 -1436.097312 -1463.602391 -1476.917548 -1483.030299 -1486.019157 -1487.943269 -1489.663142 -1491.405834 -1493.119731 -1494.685273 -1496.015456 -1497.079952 -1497.892421 -1498.489958 -1498.916390 -1499.212790 -1499.415271 -1499.560990 -1499.700439 -1499.941376 -1501.048443 -1507.914139 -1525.424965 -974.109160 -973.797107 -960.406733 -952.094483 -948.208479 -947.666242 -947.611720 -947.621533 -947.641277 -947.662259 -947.682397 -947.701028 -947.718176 -947.736758 -947.785560 -948.106834 -950.166223 -954.846013 -962.392476 -953.510593 -1506.263550 -1504.604590 -1500.675649 -1500.029012 -1499.927799 -1499.910898 -1499.909346 -1499.910630 -1499.912163 -1499.913440 -1499.914420 -1499.915160 -1499.915725 -1499.916161 -1499.916506 -1499.916784 -1499.917014 -1499.917216 -1499.917412 -1499.917627 -1499.917896 -1499.918267 -1499.918815 -1499.919654 -1499.920973 -1499.923075 -1499.926476 -1499.932064 -1499.941429 -1499.957511 -1499.985930 -1500.037687 -1500.134636 -1500.320449 -1500.683091 -1501.404657 -1502.887265 -1506.106863 -1513.728629 -1535.299694 -9999.0 -9999.0
-9999.0 -9999.0 135.649049 52.119003 -39.454231 -133.162766 -227.679107 -322.500135 -417.362244 -512.098264 -606.520648 -700.721263 -796.090449 -895.228921 -995.693719 -1092.277327 -1193.593013 -1296.392066 -1382.217920 -1436.097312 -1463.602391 -1476.917548 -1483.030299 -1486.019157 -1487.943269 -1489.663142 -1491.405834 -1493.119731 -1494.685273 -1496.015456 -1497.079952 -1497.892421 -1498.489958 -1498.916390 -1499.212790 -1499.415271 -1499.560990 -1499.700439 -1499.941376 -1501.048443 -1507.914139 -1525.424965 -974.109160 -973.797107 -960.406733 -952.094483 -948.208479 -947.666242 -947.611720 -947.621533 -947.641277 -947.662259 -947.682397 -947.701028 -947.718176 -947.736758 -947.785560 -948.106834 -950.166223 -954.846013 -962.392476 -953.510593 -1506.263550 -1504.604590 -1500.675649 -1500.029012 -1499.927799 -1499.910898 -1499.909346 -1499.910630 -1499.912163 -1499.913440 -1499.914420 -1499.915160 -1499.915725 -1499.916161 -1499.916506 -1499.916784 -1499.917014 -1499.917216 -1499.917412 -1499.917627 -1499.917896 -1499.918267 -1499.918815 -1499.919654 -1499.920973 -1499.923075 -1499.926476 -1499.932064 -1499.941429 -1499.957511 -1499.985930 -1500.037687 -1500.134636 -1500.320449 -1500.683091 -1501.404657 -1502.887265 -1506.106863 -1513.728629 -1535.299694 -9999.0 -9999.0
-9999.0 -9999.0 135.647541 52.118060 -39.454605 -133.162901 -227.679155 -322.500152 -417.362250 -512.098266 -606.520649 -700.721264 -796.090449 -895.228921 -995.693719 -1092.277327 -1193.593013 -1296.392066 -1382.217920 -1436.097312 -1463.602391 -1476.917548 -1483.030299 -1486.019157 -1487.943269 -1489.663142 -1491.405834 -1493.119731 -1494.685273 -1496.015456 -1497.079952 -1497.892421 -1498.489958 -1498.916390 -1499.212790 -1499.415271 -1499.560990 -1499.700439 -1499.941376 -1501.048443 -1507.914139 -1525.424965 -974.109160 -973.797107 -960.406733 -952.094483 -948.208479 -947.666242 -947.611720 -947.621533 -947.641277 -947.662259 -947.682397 -947.701028 -947.718176 -947.736758 -947.785560 -948.106834 -950.166223 -954.846013 -962.392476 -953.510593 -1506.263550 -1504.604590 -1500.675649 -1500.029012 -1499.927799 -1499.910898 -1499.909346 -1499.910630 -1499.912163 -1499.913440 -1499.914420 -1499.915160 -1499.915725 -1499.916161 -1499.916506 -1499.916784 -1499.917014 -1499.917216 -1499.917412 -1499.917627 -1499.917896 -1499.918267 -1499.918815 -1499.919654 -1499.920973 -1499.923075 -1499.926476 -1499.932064 -1499.941429 -1499.957511 -1499.985930 -1500.037687 -1500.134636 -1500.320449 -1500.683091 -1501.404657 -1502.887265 -1506.106863 -1513.728629 -1535.299694 -9999.0 -9999.0
-9999.0 -9999.0 135.635459 52.115701 -39.455200 -133.163074 -227.679209 -322.500170 -417.362257 -512.098268 -606.520650 -700.721264 -796.090449 -895.228921 -995.693718 -1092.277327 -1193.593012 -1296.392066 -1382.217920 -1436.097312 -1463.602391 -1476.917548 -1483.030299 -1486.019157 -1487.943269 -1489.663142 -1491.405834 -1493.119731 -1494.685273 -1496.015456 -1497.079952 -1497.892421 -1498.489958 -1498.916390 -1499.212790 -1499.415271 -1499.560990 -1499.700439 -1499.941376 -1501.048443 -1507.914139 -1525.424965 -974.109160 -973.797107 -960.406733 -952.094483 -948.208479 -947.666242 -947.611720 -947.621533 -947.641277 -947.662259 -947.682397 -947.701028 -947.718176 -947.736758 -947.785560 -948.106834 -950.166223 -954.846013 -962.392476 -953.510593 -1506.263550 -1504.604590 -1500.675649 -1500.029012 -1499.927799 -1499.910898 -1499.909346 -1499.910630 -1499.912163 -1499.913440 -1499.914420 -1499.915160 -1499.915725 -1499.916161 -1499.916506 -1499.916784 -1499.917014 -1499.917216 -1499.917412 -1499.917627 -1499.917896 -1499.918267 -1499.918815 -1499.919654 -1499.920973 -1499.923075 -1499.926476 -1499.932064 -1499.941429 -1499.957511 -1499.985930 -1500.037687 -1500.134636 -1500.320449 -1500.683091 -1501.404657 -1502.887265 -1506.106863 -1513.728629 -1535.299694 -9999.0 -9999.0
-9999.0 -9999.0 -9999.0 -9999.0 -9999.0 -9999.0 -9999.0 -9999.0 -9999.0 -9999.0 -9999.0 -9999.0 -9999.0 -9999.0 -9999.0 -9999.0 -9999.0 -9999.0 -9999.0 -9999.0 -9999.0 -9999.0 -9999.0 -9999.0 -9999.0 -9999.0 -9999.0 -9999.0 -9999.0 -9999.0 -9999.0 -9999.0 -9999.0 -9999.0 -9999.0 -9999.0 -9999.0 -9999.0 -9999.0 -9999.0 -9999.0 -9999.0 -9999.0 -9999.0 -9999.0 -9999.0 -9999.0 -9999.0 -9999.0 -9999.0 -9999.0 -9999.0 -9999.0 -9999.0 -9999.0 -9999.0 -9999.0 -9999.0 -9999.0 -9999.0 -9999.0 -9999.0 -9999.0 -9999.0 -9999.0 -9999.0 -9999.0 -9999.0 -9999.0 -9999.0 -9999.0 -9999.0 -9999.0 -9999.0 -9999.0 -9999.0 -9999.0 -9999.0 -9999.0 -9999.0 -9999.0 -9999.0 -9999.0 -9999.0 -9999.0 -9999.0 -9999.0 -9999.0 -9999.0 -9999.0 -9999.0 -9999.0 -9999.0 -9999.0 -9999.0 -9999.0 -9999.0 -9999.0 -9999.0 -9999.0 -9999.0 -9999.0 -9999.0 -9999.0
-9999.0 -9999.0 -9999.0 -9999.0 -9999.0 -9999.0 -9999.0 -9999.0 -9999.0 -9999.0 -9999.0 -9999.0 -9999.0 -9999.0 -9999.0 -9999.0 -9999.0 -9999.0 -9999.0 -9999.0 -9999.0 -9999.0 -9999.0 -9999.0 -9999.0 -9999.0 -9999.0 -9999.0 -9999.0 -9999.0 -9999.0 -9999.0 -9999.0 -9999.0 -9999.0 -9999.0 -9999.0 -9999.0 -9999.0 -9999.0 -9999.0 -9999.0 -9999.0 -9999.0 -9999.0 -9999.0 -9999.0 -9999.0 -9999.0 -9999.0 -9999.0 -9999.0 -9999.0 -9999.0 -9999.0 -9999.0 -9999.0 -9999.0 -9999.0 -9999.0 -9999.0 -9999.0 -9999.0 -9999.0 -9999.0 -9999.0 -9999.0 -9999.0 -9999.0 -9999.0 -9999.0 -9999.0 -9999.0 -9999.0 -9999.0 -9999.0 -9999.0 -9999.0 -9999.0 -9999.0 -9999.0 -9999.0 -9999.0 -9999.0 -9999.0 -9999.0 -9999.0 -9999.0 -9999.0 -9999.0 -9999.0 -9999.0 -9999.0 -9999.0 -9999.0 -9999.0 -9999.0 -9999.0 -9999.0 -9999.0 -9999.0 -9999.0 -9999.0 -9999.0