inst/processing_geotop_simulation/geotop_simulation/out/maps3D/PwL0020N0111.asc
ncols         104
nrows         10
xllcorner     -2.000000
yllcorner     0.000000
cellsize      1.000000
NODATA_value  -9999.0
-9999.0 -9999.0 -9999.0 -9999.0 -9999.0 -9999.0 -9999.0 -9999.0 -9999.0 -9999.0 -9999.0 -9999.0 -9999.0 -9999.0 -9999.0 -9999.0 -9999.0 -9999.0 -9999.0 -9999.0 -9999.0 -9999.0 -9999.0 -9999.0 -9999.0 -9999.0 -9999.0 -9999.0 -9999.0 -9999.0 -9999.0 -9999.0 -9999.0 -9999.0 -9999.0 -9999.0 -9999.0 -9999.0 -9999.0 -9999.0 -9999.0 -9999.0 -9999.0 -9999.0 -9999.0 -9999.0 -9999.0 -9999.0 -9999.0 -9999.0 -9999.0 -9999.0 -9999.0 -9999.0 -9999.0 -9999.0 -9999.0 -9999.0 -9999.0 -9999.0 -9999.0 -9999.0 -9999.0 -9999.0 -9999.0 -9999.0 -9999.0 -9999.0 -9999.0 -9999.0 -9999.0 -9999.0 -9999.0 -9999.0 -9999.0 -9999.0 -9999.0 -9999.0 -9999.0 -9999.0 -9999.0 -9999.0 -9999.0 -9999.0 -9999.0 -9999.0 -9999.0 -9999.0 -9999.0 -9999.0 -9999.0 -9999.0 -9999.0 -9999.0 -9999.0 -9999.0 -9999.0 -9999.0 -9999.0 -9999.0 -9999.0 -9999.0 -9999.0 -9999.0
-9999.0 -9999.0 -9999.0 -9999.0 -9999.0 -9999.0 -9999.0 -9999.0 -9999.0 -9999.0 -9999.0 -9999.0 -9999.0 -9999.0 -9999.0 -9999.0 -9999.0 -9999.0 -9999.0 -9999.0 -9999.0 -9999.0 -9999.0 -9999.0 -9999.0 -9999.0 -9999.0 -9999.0 -9999.0 -9999.0 -9999.0 -9999.0 -9999.0 -9999.0 -9999.0 -9999.0 -9999.0 -9999.0 -9999.0 -9999.0 -9999.0 -9999.0 -9999.0 -9999.0 -9999.0 -9999.0 -9999.0 -9999.0 -9999.0 -9999.0 -9999.0 -9999.0 -9999.0 -9999.0 -9999.0 -9999.0 -9999.0 -9999.0 -9999.0 -9999.0 -9999.0 -9999.0 -9999.0 -9999.0 -9999.0 -9999.0 -9999.0 -9999.0 -9999.0 -9999.0 -9999.0 -9999.0 -9999.0 -9999.0 -9999.0 -9999.0 -9999.0 -9999.0 -9999.0 -9999.0 -9999.0 -9999.0 -9999.0 -9999.0 -9999.0 -9999.0 -9999.0 -9999.0 -9999.0 -9999.0 -9999.0 -9999.0 -9999.0 -9999.0 -9999.0 -9999.0 -9999.0 -9999.0 -9999.0 -9999.0 -9999.0 -9999.0 -9999.0 -9999.0
-9999.0 -9999.0 990.849368 898.294379 805.250772 711.306598 616.857826 522.181664 427.433903 332.700032 238.026510 143.436784 48.939238 -45.405573 -139.584055 -233.659903 -327.795880 -422.255879 -517.309665 -613.015522 -707.572922 -799.355319 -888.370172 -972.232640 -1024.750345 -1059.338743 -1080.115305 -1091.695447 -1097.743759 -1100.700122 -1102.035452 -1102.573804 -1102.750824 -1102.783288 -1102.770768 -1102.756218 -1102.764004 -1102.833740 -1103.138884 -1105.008182 -1117.574445 -1213.824290 -2014.994957 -3975.782078 -3985.148161 -3985.148456 -3985.144636 -3985.086532 -3984.737608 -3983.391218 -3979.204379 -3965.750276 -3942.578152 -3913.185461 -3867.514152 -3790.353567 -3659.759117 -3457.340320 -3188.750066 -2887.723083 -2576.479681 -1593.579096 -1178.022648 -1112.652025 -1104.186685 -1103.156074 -1103.018528 -1102.997421 -1102.995116 -1102.996174 -1102.997608 -1102.998829 -1102.999775 -1103.000495 -1103.001046 -1103.001475 -1103.001815 -1103.002090 -1103.002319 -1103.002521 -1103.002719 -1103.002936 -1103.003208 -1103.003584 -1103.004138 -1103.004988 -1103.006323 -1103.008454 -1103.011908 -1103.017600 -1103.027176 -1103.043700 -1103.073055 -1103.126816 -1103.228129 -1103.423975 -1103.812662 -1104.614290 -1106.375543 -1110.577651 -1121.309359 -1150.063252 -9999.0 -9999.0
-9999.0 -9999.0 990.852761 898.295699 805.251211 711.306743 616.857875 522.181680 427.433909 332.700034 238.026511 143.436785 48.939238 -45.405573 -139.584054 -233.659903 -327.795880 -422.255879 -517.309664 -613.015522 -707.572922 -799.355320 -888.370172 -972.232640 -1024.750345 -1059.338743 -1080.115305 -1091.695447 -1097.743759 -1100.700122 -1102.035452 -1102.573804 -1102.750824 -1102.783288 -1102.770768 -1102.756218 -1102.764004 -1102.833740 -1103.138884 -1105.008182 -1117.574445 -1213.824290 -2014.994957 -3975.782078 -3985.148161 -3985.148456 -3985.144636 -3985.086532 -3984.737608 -3983.391218 -3979.204379 -3965.750276 -3942.578152 -3913.185461 -3867.514151 -3790.353566 -3659.759116 -3457.340319 -3188.750065 -2887.723083 -2576.479681 -1593.579096 -1178.022648 -1112.652025 -1104.186685 -1103.156074 -1103.018528 -1102.997421 -1102.995116 -1102.996174 -1102.997608 -1102.998829 -1102.999775 -1103.000495 -1103.001046 -1103.001475 -1103.001815 -1103.002090 -1103.002319 -1103.002521 -1103.002719 -1103.002936 -1103.003208 -1103.003584 -1103.004138 -1103.004988 -1103.006323 -1103.008454 -1103.011908 -1103.017600 -1103.027176 -1103.043700 -1103.073055 -1103.126816 -1103.228129 -1103.423975 -1103.812662 -1104.614290 -1106.375543 -1110.577651 -1121.309359 -1150.063252 -9999.0 -9999.0
-9999.0 -9999.0 990.854084 898.296414 805.251515 711.306860 616.857918 522.181696 427.433915 332.700036 238.026512 143.436785 48.939238 -45.405572 -139.584054 -233.659903 -327.795880 -422.255879 -517.309664 -613.015522 -707.572922 -799.355320 -888.370172 -972.232640 -1024.750345 -1059.338743 -1080.115305 -1091.695447 -1097.743759 -1100.700122 -1102.035452 -1102.573804 -1102.750824 -1102.783288 -1102.770768 -1102.756218 -1102.764004 -1102.833740 -1103.138884 -1105.008182 -1117.574445 -1213.824290 -2014.994957 -3975.782078 -3985.148161 -3985.148456 -3985.144636 -3985.086532 -3984.737608 -3983.391218 -3979.204379 -3965.750276 -3942.578152 -3913.185461 -3867.514151 -3790.353566 -3659.759116 -3457.340318 -3188.750065 -2887.723082 -2576.479680 -1593.579096 -1178.022648 -1112.652025 -1104.186685 -1103.156074 -1103.018528 -1102.997421 -1102.995116 -1102.996174 -1102.997608 -1102.998829 -1102.999775 -1103.000495 -1103.001046 -1103.001475 -1103.001815 -1103.002090 -1103.002319 -1103.002521 -1103.002719 -1103.002936 -1103.003208 -1103.003584 -1103.004138 -1103.004988 -1103.006323 -1103.008454 -1103.011908 -1103.017600 -1103.027176 -1103.043700 -1103.073055 -1103.126816 -1103.228129 -1103.423975 -1103.812662 -1104.614290 -1106.375543 -1110.577651 -1121.309359 -1150.063252 -9999.0 -9999.0
-9999.0 -9999.0 990.854084 898.296414 805.251515 711.306860 616.857918 522.181696 427.433915 332.700036 238.026512 143.436785 48.939238 -45.405572 -139.584054 -233.659903 -327.795880 -422.255879 -517.309664 -613.015522 -707.572922 -799.355320 -888.370172 -972.232640 -1024.750345 -1059.338743 -1080.115305 -1091.695447 -1097.743759 -1100.700122 -1102.035452 -1102.573804 -1102.750824 -1102.783288 -1102.770768 -1102.756218 -1102.764004 -1102.833740 -1103.138884 -1105.008182 -1117.574445 -1213.824290 -2014.994957 -3975.782078 -3985.148161 -3985.148456 -3985.144636 -3985.086532 -3984.737608 -3983.391218 -3979.204379 -3965.750276 -3942.578152 -3913.185461 -3867.514151 -3790.353566 -3659.759115 -3457.340319 -3188.750064 -2887.723083 -2576.479680 -1593.579096 -1178.022648 -1112.652025 -1104.186685 -1103.156074 -1103.018528 -1102.997421 -1102.995116 -1102.996174 -1102.997608 -1102.998829 -1102.999775 -1103.000495 -1103.001046 -1103.001475 -1103.001815 -1103.002090 -1103.002319 -1103.002521 -1103.002719 -1103.002936 -1103.003208 -1103.003584 -1103.004138 -1103.004988 -1103.006323 -1103.008454 -1103.011908 -1103.017600 -1103.027176 -1103.043700 -1103.073055 -1103.126816 -1103.228129 -1103.423975 -1103.812662 -1104.614290 -1106.375543 -1110.577651 -1121.309359 -1150.063252 -9999.0 -9999.0
-9999.0 -9999.0 990.852761 898.295699 805.251211 711.306743 616.857875 522.181681 427.433909 332.700034 238.026511 143.436785 48.939238 -45.405573 -139.584054 -233.659903 -327.795880 -422.255879 -517.309664 -613.015522 -707.572922 -799.355320 -888.370172 -972.232640 -1024.750345 -1059.338743 -1080.115305 -1091.695447 -1097.743759 -1100.700122 -1102.035452 -1102.573804 -1102.750824 -1102.783288 -1102.770768 -1102.756218 -1102.764004 -1102.833740 -1103.138884 -1105.008182 -1117.574445 -1213.824290 -2014.994957 -3975.782078 -3985.148161 -3985.148456 -3985.144636 -3985.086532 -3984.737608 -3983.391218 -3979.204379 -3965.750276 -3942.578152 -3913.185461 -3867.514152 -3790.353566 -3659.759116 -3457.340319 -3188.750065 -2887.723083 -2576.479681 -1593.579096 -1178.022648 -1112.652025 -1104.186685 -1103.156074 -1103.018528 -1102.997421 -1102.995116 -1102.996174 -1102.997608 -1102.998829 -1102.999775 -1103.000495 -1103.001046 -1103.001475 -1103.001815 -1103.002090 -1103.002319 -1103.002521 -1103.002719 -1103.002936 -1103.003208 -1103.003584 -1103.004138 -1103.004988 -1103.006323 -1103.008454 -1103.011908 -1103.017600 -1103.027176 -1103.043700 -1103.073055 -1103.126816 -1103.228129 -1103.423975 -1103.812662 -1104.614290 -1106.375543 -1110.577651 -1121.309359 -1150.063252 -9999.0 -9999.0
-9999.0 -9999.0 990.849368 898.294379 805.250772 711.306598 616.857826 522.181664 427.433903 332.700032 238.026510 143.436784 48.939238 -45.405573 -139.584055 -233.659903 -327.795880 -422.255879 -517.309664 -613.015522 -707.572922 -799.355319 -888.370172 -972.232640 -1024.750345 -1059.338743 -1080.115305 -1091.695447 -1097.743759 -1100.700122 -1102.035452 -1102.573804 -1102.750824 -1102.783288 -1102.770768 -1102.756218 -1102.764004 -1102.833740 -1103.138884 -1105.008182 -1117.574445 -1213.824290 -2014.994957 -3975.782078 -3985.148161 -3985.148456 -3985.144636 -3985.086532 -3984.737608 -3983.391218 -3979.204379 -3965.750276 -3942.578152 -3913.185462 -3867.514152 -3790.353567 -3659.759116 -3457.340320 -3188.750066 -2887.723084 -2576.479682 -1593.579096 -1178.022648 -1112.652025 -1104.186685 -1103.156074 -1103.018528 -1102.997421 -1102.995116 -1102.996174 -1102.997608 -1102.998829 -1102.999775 -1103.000495 -1103.001046 -1103.001475 -1103.001815 -1103.002090 -1103.002319 -1103.002521 -1103.002719 -1103.002936 -1103.003208 -1103.003584 -1103.004138 -1103.004988 -1103.006323 -1103.008454 -1103.011908 -1103.017600 -1103.027176 -1103.043700 -1103.073055 -1103.126816 -1103.228129 -1103.423975 -1103.812662 -1104.614290 -1106.375543 -1110.577651 -1121.309359 -1150.063252 -9999.0 -9999.0
-9999.0 -9999.0 -9999.0 -9999.0 -9999.0 -9999.0 -9999.0 -9999.0 -9999.0 -9999.0 -9999.0 -9999.0 -9999.0 -9999.0 -9999.0 -9999.0 -9999.0 -9999.0 -9999.0 -9999.0 -9999.0 -9999.0 -9999.0 -9999.0 -9999.0 -9999.0 -9999.0 -9999.0 -9999.0 -9999.0 -9999.0 -9999.0 -9999.0 -9999.0 -9999.0 -9999.0 -9999.0 -9999.0 -9999.0 -9999.0 -9999.0 -9999.0 -9999.0 -9999.0 -9999.0 -9999.0 -9999.0 -9999.0 -9999.0 -9999.0 -9999.0 -9999.0 -9999.0 -9999.0 -9999.0 -9999.0 -9999.0 -9999.0 -9999.0 -9999.0 -9999.0 -9999.0 -9999.0 -9999.0 -9999.0 -9999.0 -9999.0 -9999.0 -9999.0 -9999.0 -9999.0 -9999.0 -9999.0 -9999.0 -9999.0 -9999.0 -9999.0 -9999.0 -9999.0 -9999.0 -9999.0 -9999.0 -9999.0 -9999.0 -9999.0 -9999.0 -9999.0 -9999.0 -9999.0 -9999.0 -9999.0 -9999.0 -9999.0 -9999.0 -9999.0 -9999.0 -9999.0 -9999.0 -9999.0 -9999.0 -9999.0 -9999.0 -9999.0 -9999.0
-9999.0 -9999.0 -9999.0 -9999.0 -9999.0 -9999.0 -9999.0 -9999.0 -9999.0 -9999.0 -9999.0 -9999.0 -9999.0 -9999.0 -9999.0 -9999.0 -9999.0 -9999.0 -9999.0 -9999.0 -9999.0 -9999.0 -9999.0 -9999.0 -9999.0 -9999.0 -9999.0 -9999.0 -9999.0 -9999.0 -9999.0 -9999.0 -9999.0 -9999.0 -9999.0 -9999.0 -9999.0 -9999.0 -9999.0 -9999.0 -9999.0 -9999.0 -9999.0 -9999.0 -9999.0 -9999.0 -9999.0 -9999.0 -9999.0 -9999.0 -9999.0 -9999.0 -9999.0 -9999.0 -9999.0 -9999.0 -9999.0 -9999.0 -9999.0 -9999.0 -9999.0 -9999.0 -9999.0 -9999.0 -9999.0 -9999.0 -9999.0 -9999.0 -9999.0 -9999.0 -9999.0 -9999.0 -9999.0 -9999.0 -9999.0 -9999.0 -9999.0 -9999.0 -9999.0 -9999.0 -9999.0 -9999.0 -9999.0 -9999.0 -9999.0 -9999.0 -9999.0 -9999.0 -9999.0 -9999.0 -9999.0 -9999.0 -9999.0 -9999.0 -9999.0 -9999.0 -9999.0 -9999.0 -9999.0 -9999.0 -9999.0 -9999.0 -9999.0 -9999.0