inst/processing_geotop_simulation/geotop_simulation/out/maps3D/PwL0004N0288.asc
ncols         104
nrows         10
xllcorner     -2.000000
yllcorner     0.000000
cellsize      1.000000
NODATA_value  -9999.0
-9999.0 -9999.0 -9999.0 -9999.0 -9999.0 -9999.0 -9999.0 -9999.0 -9999.0 -9999.0 -9999.0 -9999.0 -9999.0 -9999.0 -9999.0 -9999.0 -9999.0 -9999.0 -9999.0 -9999.0 -9999.0 -9999.0 -9999.0 -9999.0 -9999.0 -9999.0 -9999.0 -9999.0 -9999.0 -9999.0 -9999.0 -9999.0 -9999.0 -9999.0 -9999.0 -9999.0 -9999.0 -9999.0 -9999.0 -9999.0 -9999.0 -9999.0 -9999.0 -9999.0 -9999.0 -9999.0 -9999.0 -9999.0 -9999.0 -9999.0 -9999.0 -9999.0 -9999.0 -9999.0 -9999.0 -9999.0 -9999.0 -9999.0 -9999.0 -9999.0 -9999.0 -9999.0 -9999.0 -9999.0 -9999.0 -9999.0 -9999.0 -9999.0 -9999.0 -9999.0 -9999.0 -9999.0 -9999.0 -9999.0 -9999.0 -9999.0 -9999.0 -9999.0 -9999.0 -9999.0 -9999.0 -9999.0 -9999.0 -9999.0 -9999.0 -9999.0 -9999.0 -9999.0 -9999.0 -9999.0 -9999.0 -9999.0 -9999.0 -9999.0 -9999.0 -9999.0 -9999.0 -9999.0 -9999.0 -9999.0 -9999.0 -9999.0 -9999.0 -9999.0
-9999.0 -9999.0 -9999.0 -9999.0 -9999.0 -9999.0 -9999.0 -9999.0 -9999.0 -9999.0 -9999.0 -9999.0 -9999.0 -9999.0 -9999.0 -9999.0 -9999.0 -9999.0 -9999.0 -9999.0 -9999.0 -9999.0 -9999.0 -9999.0 -9999.0 -9999.0 -9999.0 -9999.0 -9999.0 -9999.0 -9999.0 -9999.0 -9999.0 -9999.0 -9999.0 -9999.0 -9999.0 -9999.0 -9999.0 -9999.0 -9999.0 -9999.0 -9999.0 -9999.0 -9999.0 -9999.0 -9999.0 -9999.0 -9999.0 -9999.0 -9999.0 -9999.0 -9999.0 -9999.0 -9999.0 -9999.0 -9999.0 -9999.0 -9999.0 -9999.0 -9999.0 -9999.0 -9999.0 -9999.0 -9999.0 -9999.0 -9999.0 -9999.0 -9999.0 -9999.0 -9999.0 -9999.0 -9999.0 -9999.0 -9999.0 -9999.0 -9999.0 -9999.0 -9999.0 -9999.0 -9999.0 -9999.0 -9999.0 -9999.0 -9999.0 -9999.0 -9999.0 -9999.0 -9999.0 -9999.0 -9999.0 -9999.0 -9999.0 -9999.0 -9999.0 -9999.0 -9999.0 -9999.0 -9999.0 -9999.0 -9999.0 -9999.0 -9999.0 -9999.0
-9999.0 -9999.0 176.422925 80.302787 -17.634905 -116.089909 -214.742573 -313.467871 -412.197689 -510.884128 -609.444746 -707.667169 -805.664381 -903.271982 -1000.686399 -1098.242604 -1194.773727 -1289.895136 -1382.881417 -1472.537118 -1556.251918 -1630.283543 -1691.726664 -1739.860289 -1775.901827 -1802.030391 -1820.553964 -1833.478116 -1842.383305 -1848.453698 -1852.552582 -1855.297559 -1857.123379 -1858.331473 -1859.128293 -1859.655752 -1860.019952 -1860.344685 -1860.979954 -1863.229403 -1868.942370 -1840.325967 -1145.782835 -1152.588747 -1139.466709 -1130.964933 -1126.980670 -1126.383952 -1126.320611 -1126.327227 -1126.344016 -1126.362054 -1126.379390 -1126.395443 -1126.410342 -1126.427652 -1126.481077 -1126.837720 -1128.957832 -1133.682905 -1140.303754 -1124.147532 -1816.232534 -1862.970004 -1861.871746 -1860.969344 -1860.779550 -1860.747851 -1860.743329 -1860.743257 -1860.743834 -1860.744400 -1860.744853 -1860.745202 -1860.745470 -1860.745678 -1860.745843 -1860.745978 -1860.746091 -1860.746192 -1860.746292 -1860.746403 -1860.746544 -1860.746739 -1860.747027 -1860.747470 -1860.748168 -1860.749286 -1860.751108 -1860.754134 -1860.759277 -1860.768255 -1860.784401 -1860.814310 -1860.871272 -1860.982675 -1861.207293 -1861.679798 -1862.735625 -1865.296074 -1872.280960 -1895.108663 -9999.0 -9999.0
-9999.0 -9999.0 176.432676 80.304785 -17.634397 -116.089761 -214.742526 -313.467855 -412.197683 -510.884125 -609.444745 -707.667169 -805.664381 -903.271982 -1000.686399 -1098.242605 -1194.773727 -1289.895136 -1382.881417 -1472.537118 -1556.251918 -1630.283543 -1691.726664 -1739.860289 -1775.901827 -1802.030391 -1820.553964 -1833.478116 -1842.383305 -1848.453698 -1852.552582 -1855.297559 -1857.123379 -1858.331473 -1859.128293 -1859.655752 -1860.019952 -1860.344685 -1860.979954 -1863.229403 -1868.942370 -1840.325967 -1145.782835 -1152.588746 -1139.466709 -1130.964932 -1126.980670 -1126.383952 -1126.320611 -1126.327227 -1126.344016 -1126.362054 -1126.379390 -1126.395443 -1126.410342 -1126.427652 -1126.481077 -1126.837720 -1128.957832 -1133.682905 -1140.303754 -1124.147532 -1816.232534 -1862.970004 -1861.871746 -1860.969344 -1860.779550 -1860.747851 -1860.743329 -1860.743257 -1860.743834 -1860.744400 -1860.744853 -1860.745202 -1860.745470 -1860.745678 -1860.745843 -1860.745978 -1860.746091 -1860.746192 -1860.746292 -1860.746403 -1860.746544 -1860.746739 -1860.747027 -1860.747470 -1860.748168 -1860.749286 -1860.751108 -1860.754134 -1860.759277 -1860.768255 -1860.784401 -1860.814310 -1860.871272 -1860.982675 -1861.207293 -1861.679798 -1862.735625 -1865.296074 -1872.280960 -1895.108663 -9999.0 -9999.0
-9999.0 -9999.0 176.434050 80.305599 -17.634076 -116.089645 -214.742485 -313.467841 -412.197678 -510.884123 -609.444744 -707.667168 -805.664381 -903.271982 -1000.686399 -1098.242605 -1194.773727 -1289.895136 -1382.881417 -1472.537118 -1556.251918 -1630.283544 -1691.726664 -1739.860289 -1775.901827 -1802.030391 -1820.553964 -1833.478116 -1842.383305 -1848.453698 -1852.552582 -1855.297559 -1857.123379 -1858.331473 -1859.128293 -1859.655752 -1860.019952 -1860.344685 -1860.979954 -1863.229403 -1868.942370 -1840.325967 -1145.782835 -1152.588746 -1139.466709 -1130.964932 -1126.980670 -1126.383952 -1126.320611 -1126.327227 -1126.344016 -1126.362054 -1126.379390 -1126.395443 -1126.410342 -1126.427652 -1126.481077 -1126.837720 -1128.957832 -1133.682905 -1140.303754 -1124.147532 -1816.232534 -1862.970004 -1861.871746 -1860.969344 -1860.779550 -1860.747851 -1860.743329 -1860.743257 -1860.743834 -1860.744400 -1860.744853 -1860.745202 -1860.745470 -1860.745678 -1860.745843 -1860.745978 -1860.746091 -1860.746192 -1860.746292 -1860.746403 -1860.746544 -1860.746739 -1860.747027 -1860.747470 -1860.748168 -1860.749286 -1860.751108 -1860.754134 -1860.759277 -1860.768255 -1860.784401 -1860.814310 -1860.871272 -1860.982675 -1861.207293 -1861.679798 -1862.735625 -1865.296074 -1872.280960 -1895.108663 -9999.0 -9999.0
-9999.0 -9999.0 176.434050 80.305598 -17.634075 -116.089645 -214.742485 -313.467841 -412.197677 -510.884123 -609.444744 -707.667168 -805.664381 -903.271982 -1000.686399 -1098.242605 -1194.773727 -1289.895136 -1382.881417 -1472.537118 -1556.251918 -1630.283544 -1691.726664 -1739.860289 -1775.901827 -1802.030391 -1820.553964 -1833.478116 -1842.383305 -1848.453698 -1852.552582 -1855.297559 -1857.123379 -1858.331473 -1859.128293 -1859.655752 -1860.019952 -1860.344685 -1860.979954 -1863.229403 -1868.942370 -1840.325967 -1145.782835 -1152.588746 -1139.466709 -1130.964932 -1126.980670 -1126.383952 -1126.320611 -1126.327227 -1126.344016 -1126.362054 -1126.379390 -1126.395443 -1126.410342 -1126.427652 -1126.481077 -1126.837720 -1128.957832 -1133.682905 -1140.303754 -1124.147532 -1816.232534 -1862.970004 -1861.871746 -1860.969344 -1860.779550 -1860.747851 -1860.743329 -1860.743257 -1860.743834 -1860.744400 -1860.744853 -1860.745202 -1860.745470 -1860.745678 -1860.745843 -1860.745978 -1860.746091 -1860.746192 -1860.746292 -1860.746403 -1860.746544 -1860.746739 -1860.747027 -1860.747470 -1860.748168 -1860.749286 -1860.751108 -1860.754134 -1860.759277 -1860.768255 -1860.784401 -1860.814310 -1860.871272 -1860.982675 -1861.207293 -1861.679798 -1862.735625 -1865.296074 -1872.280960 -1895.108663 -9999.0 -9999.0
-9999.0 -9999.0 176.432676 80.304785 -17.634397 -116.089761 -214.742526 -313.467855 -412.197683 -510.884125 -609.444745 -707.667169 -805.664381 -903.271982 -1000.686399 -1098.242604 -1194.773727 -1289.895136 -1382.881417 -1472.537118 -1556.251918 -1630.283543 -1691.726664 -1739.860289 -1775.901827 -1802.030391 -1820.553964 -1833.478116 -1842.383305 -1848.453698 -1852.552582 -1855.297559 -1857.123379 -1858.331473 -1859.128293 -1859.655752 -1860.019952 -1860.344685 -1860.979954 -1863.229403 -1868.942370 -1840.325967 -1145.782835 -1152.588746 -1139.466709 -1130.964932 -1126.980670 -1126.383952 -1126.320611 -1126.327227 -1126.344016 -1126.362054 -1126.379390 -1126.395443 -1126.410342 -1126.427652 -1126.481077 -1126.837720 -1128.957832 -1133.682905 -1140.303754 -1124.147532 -1816.232534 -1862.970004 -1861.871746 -1860.969344 -1860.779550 -1860.747851 -1860.743329 -1860.743257 -1860.743834 -1860.744400 -1860.744853 -1860.745202 -1860.745470 -1860.745678 -1860.745843 -1860.745978 -1860.746091 -1860.746192 -1860.746292 -1860.746403 -1860.746544 -1860.746739 -1860.747027 -1860.747470 -1860.748168 -1860.749286 -1860.751108 -1860.754134 -1860.759277 -1860.768255 -1860.784401 -1860.814310 -1860.871272 -1860.982675 -1861.207293 -1861.679798 -1862.735625 -1865.296074 -1872.280960 -1895.108663 -9999.0 -9999.0
-9999.0 -9999.0 176.422925 80.302787 -17.634905 -116.089909 -214.742573 -313.467871 -412.197689 -510.884128 -609.444746 -707.667169 -805.664381 -903.271982 -1000.686399 -1098.242604 -1194.773727 -1289.895136 -1382.881417 -1472.537118 -1556.251918 -1630.283543 -1691.726664 -1739.860289 -1775.901827 -1802.030391 -1820.553964 -1833.478116 -1842.383305 -1848.453698 -1852.552582 -1855.297559 -1857.123379 -1858.331473 -1859.128293 -1859.655752 -1860.019952 -1860.344685 -1860.979954 -1863.229403 -1868.942370 -1840.325967 -1145.782835 -1152.588747 -1139.466709 -1130.964933 -1126.980670 -1126.383952 -1126.320611 -1126.327227 -1126.344016 -1126.362054 -1126.379390 -1126.395443 -1126.410342 -1126.427652 -1126.481077 -1126.837720 -1128.957832 -1133.682905 -1140.303754 -1124.147532 -1816.232534 -1862.970004 -1861.871746 -1860.969344 -1860.779550 -1860.747851 -1860.743329 -1860.743257 -1860.743834 -1860.744400 -1860.744853 -1860.745202 -1860.745470 -1860.745678 -1860.745843 -1860.745978 -1860.746091 -1860.746192 -1860.746292 -1860.746403 -1860.746544 -1860.746739 -1860.747027 -1860.747470 -1860.748168 -1860.749286 -1860.751108 -1860.754134 -1860.759277 -1860.768255 -1860.784401 -1860.814310 -1860.871272 -1860.982675 -1861.207293 -1861.679798 -1862.735625 -1865.296074 -1872.280960 -1895.108663 -9999.0 -9999.0
-9999.0 -9999.0 -9999.0 -9999.0 -9999.0 -9999.0 -9999.0 -9999.0 -9999.0 -9999.0 -9999.0 -9999.0 -9999.0 -9999.0 -9999.0 -9999.0 -9999.0 -9999.0 -9999.0 -9999.0 -9999.0 -9999.0 -9999.0 -9999.0 -9999.0 -9999.0 -9999.0 -9999.0 -9999.0 -9999.0 -9999.0 -9999.0 -9999.0 -9999.0 -9999.0 -9999.0 -9999.0 -9999.0 -9999.0 -9999.0 -9999.0 -9999.0 -9999.0 -9999.0 -9999.0 -9999.0 -9999.0 -9999.0 -9999.0 -9999.0 -9999.0 -9999.0 -9999.0 -9999.0 -9999.0 -9999.0 -9999.0 -9999.0 -9999.0 -9999.0 -9999.0 -9999.0 -9999.0 -9999.0 -9999.0 -9999.0 -9999.0 -9999.0 -9999.0 -9999.0 -9999.0 -9999.0 -9999.0 -9999.0 -9999.0 -9999.0 -9999.0 -9999.0 -9999.0 -9999.0 -9999.0 -9999.0 -9999.0 -9999.0 -9999.0 -9999.0 -9999.0 -9999.0 -9999.0 -9999.0 -9999.0 -9999.0 -9999.0 -9999.0 -9999.0 -9999.0 -9999.0 -9999.0 -9999.0 -9999.0 -9999.0 -9999.0 -9999.0 -9999.0
-9999.0 -9999.0 -9999.0 -9999.0 -9999.0 -9999.0 -9999.0 -9999.0 -9999.0 -9999.0 -9999.0 -9999.0 -9999.0 -9999.0 -9999.0 -9999.0 -9999.0 -9999.0 -9999.0 -9999.0 -9999.0 -9999.0 -9999.0 -9999.0 -9999.0 -9999.0 -9999.0 -9999.0 -9999.0 -9999.0 -9999.0 -9999.0 -9999.0 -9999.0 -9999.0 -9999.0 -9999.0 -9999.0 -9999.0 -9999.0 -9999.0 -9999.0 -9999.0 -9999.0 -9999.0 -9999.0 -9999.0 -9999.0 -9999.0 -9999.0 -9999.0 -9999.0 -9999.0 -9999.0 -9999.0 -9999.0 -9999.0 -9999.0 -9999.0 -9999.0 -9999.0 -9999.0 -9999.0 -9999.0 -9999.0 -9999.0 -9999.0 -9999.0 -9999.0 -9999.0 -9999.0 -9999.0 -9999.0 -9999.0 -9999.0 -9999.0 -9999.0 -9999.0 -9999.0 -9999.0 -9999.0 -9999.0 -9999.0 -9999.0 -9999.0 -9999.0 -9999.0 -9999.0 -9999.0 -9999.0 -9999.0 -9999.0 -9999.0 -9999.0 -9999.0 -9999.0 -9999.0 -9999.0 -9999.0 -9999.0 -9999.0 -9999.0 -9999.0 -9999.0