inst/processing_geotop_simulation/geotop_simulation/out/maps3D/PwL0007N0367.asc
ncols         104
nrows         10
xllcorner     -2.000000
yllcorner     0.000000
cellsize      1.000000
NODATA_value  -9999.0
-9999.0 -9999.0 -9999.0 -9999.0 -9999.0 -9999.0 -9999.0 -9999.0 -9999.0 -9999.0 -9999.0 -9999.0 -9999.0 -9999.0 -9999.0 -9999.0 -9999.0 -9999.0 -9999.0 -9999.0 -9999.0 -9999.0 -9999.0 -9999.0 -9999.0 -9999.0 -9999.0 -9999.0 -9999.0 -9999.0 -9999.0 -9999.0 -9999.0 -9999.0 -9999.0 -9999.0 -9999.0 -9999.0 -9999.0 -9999.0 -9999.0 -9999.0 -9999.0 -9999.0 -9999.0 -9999.0 -9999.0 -9999.0 -9999.0 -9999.0 -9999.0 -9999.0 -9999.0 -9999.0 -9999.0 -9999.0 -9999.0 -9999.0 -9999.0 -9999.0 -9999.0 -9999.0 -9999.0 -9999.0 -9999.0 -9999.0 -9999.0 -9999.0 -9999.0 -9999.0 -9999.0 -9999.0 -9999.0 -9999.0 -9999.0 -9999.0 -9999.0 -9999.0 -9999.0 -9999.0 -9999.0 -9999.0 -9999.0 -9999.0 -9999.0 -9999.0 -9999.0 -9999.0 -9999.0 -9999.0 -9999.0 -9999.0 -9999.0 -9999.0 -9999.0 -9999.0 -9999.0 -9999.0 -9999.0 -9999.0 -9999.0 -9999.0 -9999.0 -9999.0
-9999.0 -9999.0 -9999.0 -9999.0 -9999.0 -9999.0 -9999.0 -9999.0 -9999.0 -9999.0 -9999.0 -9999.0 -9999.0 -9999.0 -9999.0 -9999.0 -9999.0 -9999.0 -9999.0 -9999.0 -9999.0 -9999.0 -9999.0 -9999.0 -9999.0 -9999.0 -9999.0 -9999.0 -9999.0 -9999.0 -9999.0 -9999.0 -9999.0 -9999.0 -9999.0 -9999.0 -9999.0 -9999.0 -9999.0 -9999.0 -9999.0 -9999.0 -9999.0 -9999.0 -9999.0 -9999.0 -9999.0 -9999.0 -9999.0 -9999.0 -9999.0 -9999.0 -9999.0 -9999.0 -9999.0 -9999.0 -9999.0 -9999.0 -9999.0 -9999.0 -9999.0 -9999.0 -9999.0 -9999.0 -9999.0 -9999.0 -9999.0 -9999.0 -9999.0 -9999.0 -9999.0 -9999.0 -9999.0 -9999.0 -9999.0 -9999.0 -9999.0 -9999.0 -9999.0 -9999.0 -9999.0 -9999.0 -9999.0 -9999.0 -9999.0 -9999.0 -9999.0 -9999.0 -9999.0 -9999.0 -9999.0 -9999.0 -9999.0 -9999.0 -9999.0 -9999.0 -9999.0 -9999.0 -9999.0 -9999.0 -9999.0 -9999.0 -9999.0 -9999.0
-9999.0 -9999.0 324.253341 226.388057 127.681576 28.667197 -70.466187 -169.648426 -268.844826 -368.030354 -467.179496 -566.242716 -665.116399 -763.778934 -862.411202 -960.994278 -1059.474486 -1157.514307 -1254.410072 -1349.616761 -1441.735697 -1528.354359 -1606.429105 -1673.429837 -1728.235438 -1771.223684 -1803.801394 -1827.822059 -1845.152996 -1857.442718 -1866.037466 -1871.981664 -1876.056575 -1878.830936 -1880.710690 -1881.983730 -1882.864710 -1883.573241 -1884.573252 -1887.127164 -1891.262425 -1856.514170 -1211.587399 -1253.378500 -1233.178623 -1219.863580 -1213.663551 -1212.745894 -1212.648289 -1212.657043 -1212.680991 -1212.706786 -1212.731580 -1212.754543 -1212.775892 -1212.801055 -1212.881272 -1213.423800 -1216.697032 -1223.990708 -1233.054507 -1178.362170 -1827.366434 -1884.577013 -1885.714450 -1884.924935 -1884.705828 -1884.664324 -1884.657784 -1884.657244 -1884.657633 -1884.658083 -1884.658456 -1884.658748 -1884.658975 -1884.659155 -1884.659300 -1884.659421 -1884.659524 -1884.659619 -1884.659713 -1884.659818 -1884.659947 -1884.660124 -1884.660379 -1884.660765 -1884.661368 -1884.662328 -1884.663889 -1884.666485 -1884.670912 -1884.678679 -1884.692731 -1884.718935 -1884.769252 -1884.868848 -1885.073435 -1885.515400 -1886.536272 -1889.107329 -1896.380859 -1920.390139 -9999.0 -9999.0
-9999.0 -9999.0 324.260589 226.389810 127.682040 28.667335 -70.466143 -169.648411 -268.844820 -368.030352 -467.179495 -566.242716 -665.116399 -763.778933 -862.411202 -960.994278 -1059.474486 -1157.514308 -1254.410072 -1349.616761 -1441.735697 -1528.354360 -1606.429106 -1673.429837 -1728.235438 -1771.223684 -1803.801394 -1827.822059 -1845.152996 -1857.442718 -1866.037466 -1871.981664 -1876.056575 -1878.830936 -1880.710690 -1881.983730 -1882.864710 -1883.573241 -1884.573252 -1887.127164 -1891.262425 -1856.514170 -1211.587399 -1253.378500 -1233.178623 -1219.863579 -1213.663551 -1212.745894 -1212.648289 -1212.657043 -1212.680991 -1212.706786 -1212.731580 -1212.754543 -1212.775892 -1212.801055 -1212.881272 -1213.423800 -1216.697032 -1223.990708 -1233.054507 -1178.362170 -1827.366434 -1884.577013 -1885.714450 -1884.924935 -1884.705828 -1884.664324 -1884.657784 -1884.657244 -1884.657633 -1884.658083 -1884.658456 -1884.658748 -1884.658975 -1884.659155 -1884.659300 -1884.659421 -1884.659524 -1884.659619 -1884.659713 -1884.659818 -1884.659947 -1884.660124 -1884.660379 -1884.660765 -1884.661368 -1884.662328 -1884.663889 -1884.666485 -1884.670912 -1884.678679 -1884.692731 -1884.718935 -1884.769252 -1884.868848 -1885.073435 -1885.515400 -1886.536272 -1889.107329 -1896.380859 -1920.390139 -9999.0 -9999.0
-9999.0 -9999.0 324.261961 226.390555 127.682337 28.667443 -70.466104 -169.648397 -268.844815 -368.030350 -467.179494 -566.242715 -665.116399 -763.778933 -862.411202 -960.994278 -1059.474486 -1157.514308 -1254.410072 -1349.616761 -1441.735697 -1528.354360 -1606.429106 -1673.429837 -1728.235438 -1771.223684 -1803.801394 -1827.822059 -1845.152996 -1857.442718 -1866.037466 -1871.981664 -1876.056575 -1878.830936 -1880.710690 -1881.983730 -1882.864710 -1883.573241 -1884.573252 -1887.127164 -1891.262425 -1856.514170 -1211.587399 -1253.378500 -1233.178623 -1219.863579 -1213.663551 -1212.745894 -1212.648289 -1212.657043 -1212.680991 -1212.706786 -1212.731580 -1212.754543 -1212.775892 -1212.801055 -1212.881272 -1213.423800 -1216.697032 -1223.990708 -1233.054507 -1178.362170 -1827.366434 -1884.577013 -1885.714450 -1884.924935 -1884.705828 -1884.664324 -1884.657784 -1884.657244 -1884.657633 -1884.658083 -1884.658456 -1884.658748 -1884.658975 -1884.659155 -1884.659300 -1884.659421 -1884.659524 -1884.659619 -1884.659713 -1884.659818 -1884.659947 -1884.660124 -1884.660379 -1884.660765 -1884.661368 -1884.662328 -1884.663889 -1884.666485 -1884.670912 -1884.678679 -1884.692731 -1884.718935 -1884.769252 -1884.868848 -1885.073435 -1885.515400 -1886.536272 -1889.107329 -1896.380859 -1920.390139 -9999.0 -9999.0
-9999.0 -9999.0 324.261961 226.390556 127.682337 28.667443 -70.466104 -169.648397 -268.844815 -368.030350 -467.179494 -566.242715 -665.116399 -763.778933 -862.411202 -960.994278 -1059.474486 -1157.514308 -1254.410072 -1349.616762 -1441.735697 -1528.354360 -1606.429106 -1673.429837 -1728.235438 -1771.223684 -1803.801394 -1827.822059 -1845.152996 -1857.442718 -1866.037466 -1871.981664 -1876.056575 -1878.830936 -1880.710690 -1881.983730 -1882.864710 -1883.573241 -1884.573252 -1887.127164 -1891.262425 -1856.514170 -1211.587399 -1253.378500 -1233.178623 -1219.863579 -1213.663551 -1212.745894 -1212.648289 -1212.657043 -1212.680991 -1212.706786 -1212.731580 -1212.754543 -1212.775892 -1212.801055 -1212.881272 -1213.423800 -1216.697032 -1223.990708 -1233.054507 -1178.362170 -1827.366434 -1884.577013 -1885.714450 -1884.924935 -1884.705828 -1884.664324 -1884.657784 -1884.657244 -1884.657633 -1884.658083 -1884.658456 -1884.658748 -1884.658975 -1884.659155 -1884.659300 -1884.659421 -1884.659524 -1884.659619 -1884.659713 -1884.659818 -1884.659947 -1884.660124 -1884.660379 -1884.660765 -1884.661368 -1884.662328 -1884.663889 -1884.666485 -1884.670912 -1884.678679 -1884.692731 -1884.718935 -1884.769252 -1884.868848 -1885.073435 -1885.515400 -1886.536272 -1889.107329 -1896.380859 -1920.390139 -9999.0 -9999.0
-9999.0 -9999.0 324.260589 226.389810 127.682040 28.667335 -70.466143 -169.648411 -268.844820 -368.030352 -467.179495 -566.242715 -665.116399 -763.778933 -862.411202 -960.994278 -1059.474486 -1157.514308 -1254.410072 -1349.616761 -1441.735697 -1528.354360 -1606.429106 -1673.429837 -1728.235438 -1771.223684 -1803.801394 -1827.822059 -1845.152996 -1857.442718 -1866.037466 -1871.981664 -1876.056575 -1878.830936 -1880.710690 -1881.983730 -1882.864710 -1883.573241 -1884.573252 -1887.127164 -1891.262425 -1856.514170 -1211.587399 -1253.378500 -1233.178623 -1219.863579 -1213.663551 -1212.745894 -1212.648289 -1212.657043 -1212.680991 -1212.706786 -1212.731580 -1212.754543 -1212.775892 -1212.801055 -1212.881272 -1213.423800 -1216.697032 -1223.990708 -1233.054507 -1178.362170 -1827.366434 -1884.577013 -1885.714450 -1884.924935 -1884.705828 -1884.664324 -1884.657784 -1884.657244 -1884.657633 -1884.658083 -1884.658456 -1884.658748 -1884.658975 -1884.659155 -1884.659300 -1884.659421 -1884.659524 -1884.659619 -1884.659713 -1884.659818 -1884.659947 -1884.660124 -1884.660379 -1884.660765 -1884.661368 -1884.662328 -1884.663889 -1884.666485 -1884.670912 -1884.678679 -1884.692731 -1884.718935 -1884.769252 -1884.868848 -1885.073435 -1885.515400 -1886.536272 -1889.107329 -1896.380859 -1920.390139 -9999.0 -9999.0
-9999.0 -9999.0 324.253341 226.388057 127.681575 28.667197 -70.466187 -169.648426 -268.844826 -368.030354 -467.179496 -566.242716 -665.116399 -763.778934 -862.411202 -960.994278 -1059.474486 -1157.514308 -1254.410072 -1349.616761 -1441.735697 -1528.354359 -1606.429105 -1673.429837 -1728.235438 -1771.223684 -1803.801394 -1827.822059 -1845.152996 -1857.442718 -1866.037466 -1871.981664 -1876.056575 -1878.830936 -1880.710690 -1881.983730 -1882.864710 -1883.573241 -1884.573252 -1887.127164 -1891.262425 -1856.514170 -1211.587399 -1253.378500 -1233.178623 -1219.863580 -1213.663551 -1212.745894 -1212.648289 -1212.657043 -1212.680991 -1212.706786 -1212.731580 -1212.754543 -1212.775892 -1212.801055 -1212.881272 -1213.423800 -1216.697032 -1223.990708 -1233.054507 -1178.362170 -1827.366434 -1884.577013 -1885.714450 -1884.924935 -1884.705828 -1884.664324 -1884.657784 -1884.657244 -1884.657633 -1884.658083 -1884.658456 -1884.658748 -1884.658975 -1884.659155 -1884.659300 -1884.659421 -1884.659524 -1884.659619 -1884.659713 -1884.659818 -1884.659947 -1884.660124 -1884.660379 -1884.660765 -1884.661368 -1884.662328 -1884.663889 -1884.666485 -1884.670912 -1884.678679 -1884.692731 -1884.718935 -1884.769252 -1884.868848 -1885.073435 -1885.515400 -1886.536272 -1889.107329 -1896.380859 -1920.390139 -9999.0 -9999.0
-9999.0 -9999.0 -9999.0 -9999.0 -9999.0 -9999.0 -9999.0 -9999.0 -9999.0 -9999.0 -9999.0 -9999.0 -9999.0 -9999.0 -9999.0 -9999.0 -9999.0 -9999.0 -9999.0 -9999.0 -9999.0 -9999.0 -9999.0 -9999.0 -9999.0 -9999.0 -9999.0 -9999.0 -9999.0 -9999.0 -9999.0 -9999.0 -9999.0 -9999.0 -9999.0 -9999.0 -9999.0 -9999.0 -9999.0 -9999.0 -9999.0 -9999.0 -9999.0 -9999.0 -9999.0 -9999.0 -9999.0 -9999.0 -9999.0 -9999.0 -9999.0 -9999.0 -9999.0 -9999.0 -9999.0 -9999.0 -9999.0 -9999.0 -9999.0 -9999.0 -9999.0 -9999.0 -9999.0 -9999.0 -9999.0 -9999.0 -9999.0 -9999.0 -9999.0 -9999.0 -9999.0 -9999.0 -9999.0 -9999.0 -9999.0 -9999.0 -9999.0 -9999.0 -9999.0 -9999.0 -9999.0 -9999.0 -9999.0 -9999.0 -9999.0 -9999.0 -9999.0 -9999.0 -9999.0 -9999.0 -9999.0 -9999.0 -9999.0 -9999.0 -9999.0 -9999.0 -9999.0 -9999.0 -9999.0 -9999.0 -9999.0 -9999.0 -9999.0 -9999.0
-9999.0 -9999.0 -9999.0 -9999.0 -9999.0 -9999.0 -9999.0 -9999.0 -9999.0 -9999.0 -9999.0 -9999.0 -9999.0 -9999.0 -9999.0 -9999.0 -9999.0 -9999.0 -9999.0 -9999.0 -9999.0 -9999.0 -9999.0 -9999.0 -9999.0 -9999.0 -9999.0 -9999.0 -9999.0 -9999.0 -9999.0 -9999.0 -9999.0 -9999.0 -9999.0 -9999.0 -9999.0 -9999.0 -9999.0 -9999.0 -9999.0 -9999.0 -9999.0 -9999.0 -9999.0 -9999.0 -9999.0 -9999.0 -9999.0 -9999.0 -9999.0 -9999.0 -9999.0 -9999.0 -9999.0 -9999.0 -9999.0 -9999.0 -9999.0 -9999.0 -9999.0 -9999.0 -9999.0 -9999.0 -9999.0 -9999.0 -9999.0 -9999.0 -9999.0 -9999.0 -9999.0 -9999.0 -9999.0 -9999.0 -9999.0 -9999.0 -9999.0 -9999.0 -9999.0 -9999.0 -9999.0 -9999.0 -9999.0 -9999.0 -9999.0 -9999.0 -9999.0 -9999.0 -9999.0 -9999.0 -9999.0 -9999.0 -9999.0 -9999.0 -9999.0 -9999.0 -9999.0 -9999.0 -9999.0 -9999.0 -9999.0 -9999.0 -9999.0 -9999.0