inst/processing_geotop_simulation/geotop_simulation/out/maps3D/PwL0021N0372.asc
ncols         104
nrows         10
xllcorner     -2.000000
yllcorner     0.000000
cellsize      1.000000
NODATA_value  -9999.0
-9999.0 -9999.0 -9999.0 -9999.0 -9999.0 -9999.0 -9999.0 -9999.0 -9999.0 -9999.0 -9999.0 -9999.0 -9999.0 -9999.0 -9999.0 -9999.0 -9999.0 -9999.0 -9999.0 -9999.0 -9999.0 -9999.0 -9999.0 -9999.0 -9999.0 -9999.0 -9999.0 -9999.0 -9999.0 -9999.0 -9999.0 -9999.0 -9999.0 -9999.0 -9999.0 -9999.0 -9999.0 -9999.0 -9999.0 -9999.0 -9999.0 -9999.0 -9999.0 -9999.0 -9999.0 -9999.0 -9999.0 -9999.0 -9999.0 -9999.0 -9999.0 -9999.0 -9999.0 -9999.0 -9999.0 -9999.0 -9999.0 -9999.0 -9999.0 -9999.0 -9999.0 -9999.0 -9999.0 -9999.0 -9999.0 -9999.0 -9999.0 -9999.0 -9999.0 -9999.0 -9999.0 -9999.0 -9999.0 -9999.0 -9999.0 -9999.0 -9999.0 -9999.0 -9999.0 -9999.0 -9999.0 -9999.0 -9999.0 -9999.0 -9999.0 -9999.0 -9999.0 -9999.0 -9999.0 -9999.0 -9999.0 -9999.0 -9999.0 -9999.0 -9999.0 -9999.0 -9999.0 -9999.0 -9999.0 -9999.0 -9999.0 -9999.0 -9999.0 -9999.0
-9999.0 -9999.0 -9999.0 -9999.0 -9999.0 -9999.0 -9999.0 -9999.0 -9999.0 -9999.0 -9999.0 -9999.0 -9999.0 -9999.0 -9999.0 -9999.0 -9999.0 -9999.0 -9999.0 -9999.0 -9999.0 -9999.0 -9999.0 -9999.0 -9999.0 -9999.0 -9999.0 -9999.0 -9999.0 -9999.0 -9999.0 -9999.0 -9999.0 -9999.0 -9999.0 -9999.0 -9999.0 -9999.0 -9999.0 -9999.0 -9999.0 -9999.0 -9999.0 -9999.0 -9999.0 -9999.0 -9999.0 -9999.0 -9999.0 -9999.0 -9999.0 -9999.0 -9999.0 -9999.0 -9999.0 -9999.0 -9999.0 -9999.0 -9999.0 -9999.0 -9999.0 -9999.0 -9999.0 -9999.0 -9999.0 -9999.0 -9999.0 -9999.0 -9999.0 -9999.0 -9999.0 -9999.0 -9999.0 -9999.0 -9999.0 -9999.0 -9999.0 -9999.0 -9999.0 -9999.0 -9999.0 -9999.0 -9999.0 -9999.0 -9999.0 -9999.0 -9999.0 -9999.0 -9999.0 -9999.0 -9999.0 -9999.0 -9999.0 -9999.0 -9999.0 -9999.0 -9999.0 -9999.0 -9999.0 -9999.0 -9999.0 -9999.0 -9999.0 -9999.0
-9999.0 -9999.0 1018.708434 919.769105 820.780036 721.667007 622.482718 523.266348 424.040317 324.817092 225.603714 126.404278 27.221780 -71.938361 -171.075825 -270.178645 -369.219638 -468.145878 -566.858276 -665.177142 -763.217767 -861.163131 -958.571327 -1055.202030 -1147.814772 -1232.204257 -1308.268282 -1374.428740 -1429.871203 -1474.668049 -1509.665771 -1536.213459 -1555.858470 -1570.105500 -1580.274509 -1587.448297 -1592.490064 -1596.147336 -1599.384331 -1604.317328 -1616.125589 -1648.132614 -1708.053878 -2858.917218 -3909.046236 -3905.187225 -3593.869323 -3092.622343 -2776.869615 -2578.506734 -2436.585914 -2316.407009 -2242.648525 -2194.767695 -2150.181774 -2103.302224 -2052.380149 -1997.960741 -1941.774274 -1884.955874 -1814.774560 -1483.507804 -1604.291092 -1608.041951 -1605.143962 -1603.925164 -1603.625504 -1603.567188 -1603.557523 -1603.556488 -1603.556845 -1603.557353 -1603.557808 -1603.558195 -1603.558525 -1603.558815 -1603.559075 -1603.559315 -1603.559543 -1603.559767 -1603.559995 -1603.560237 -1603.560509 -1603.560831 -1603.561235 -1603.561771 -1603.562522 -1603.563626 -1603.565322 -1603.568037 -1603.572560 -1603.580399 -1603.594521 -1603.620910 -1603.672047 -1603.775121 -1603.993027 -1604.481165 -1605.648232 -1608.644544 -1617.026925 -1643.270944 -9999.0 -9999.0
-9999.0 -9999.0 1018.711002 919.770123 820.780379 721.667121 622.482757 523.266362 424.040322 324.817094 225.603715 126.404279 27.221780 -71.938361 -171.075825 -270.178645 -369.219638 -468.145879 -566.858277 -665.177143 -763.217767 -861.163131 -958.571327 -1055.202030 -1147.814772 -1232.204257 -1308.268282 -1374.428740 -1429.871203 -1474.668049 -1509.665771 -1536.213459 -1555.858470 -1570.105500 -1580.274509 -1587.448297 -1592.490064 -1596.147336 -1599.384331 -1604.317328 -1616.125589 -1648.132614 -1708.053878 -2858.917217 -3909.046236 -3905.187225 -3593.869323 -3092.622342 -2776.869615 -2578.506733 -2436.585912 -2316.407009 -2242.648525 -2194.767695 -2150.181774 -2103.302224 -2052.380149 -1997.960741 -1941.774274 -1884.955874 -1814.774560 -1483.507804 -1604.291092 -1608.041950 -1605.143962 -1603.925164 -1603.625504 -1603.567188 -1603.557523 -1603.556488 -1603.556845 -1603.557353 -1603.557808 -1603.558195 -1603.558525 -1603.558815 -1603.559075 -1603.559315 -1603.559543 -1603.559767 -1603.559995 -1603.560237 -1603.560509 -1603.560831 -1603.561235 -1603.561771 -1603.562522 -1603.563626 -1603.565322 -1603.568037 -1603.572560 -1603.580399 -1603.594521 -1603.620910 -1603.672047 -1603.775121 -1603.993027 -1604.481165 -1605.648232 -1608.644544 -1617.026925 -1643.270944 -9999.0 -9999.0
-9999.0 -9999.0 1018.712039 919.770685 820.780619 721.667213 622.482791 523.266375 424.040327 324.817096 225.603716 126.404279 27.221780 -71.938361 -171.075825 -270.178645 -369.219638 -468.145879 -566.858277 -665.177143 -763.217767 -861.163131 -958.571327 -1055.202030 -1147.814773 -1232.204257 -1308.268282 -1374.428740 -1429.871203 -1474.668049 -1509.665771 -1536.213459 -1555.858470 -1570.105500 -1580.274509 -1587.448297 -1592.490064 -1596.147336 -1599.384331 -1604.317328 -1616.125589 -1648.132614 -1708.053878 -2858.917216 -3909.046236 -3905.187225 -3593.869322 -3092.622341 -2776.869614 -2578.506732 -2436.585911 -2316.407009 -2242.648525 -2194.767695 -2150.181774 -2103.302224 -2052.380149 -1997.960741 -1941.774274 -1884.955874 -1814.774560 -1483.507804 -1604.291092 -1608.041950 -1605.143962 -1603.925164 -1603.625504 -1603.567188 -1603.557523 -1603.556488 -1603.556845 -1603.557353 -1603.557808 -1603.558195 -1603.558525 -1603.558815 -1603.559075 -1603.559315 -1603.559543 -1603.559767 -1603.559995 -1603.560237 -1603.560509 -1603.560831 -1603.561235 -1603.561771 -1603.562522 -1603.563626 -1603.565322 -1603.568037 -1603.572560 -1603.580399 -1603.594521 -1603.620910 -1603.672047 -1603.775121 -1603.993027 -1604.481165 -1605.648232 -1608.644544 -1617.026925 -1643.270944 -9999.0 -9999.0
-9999.0 -9999.0 1018.712039 919.770686 820.780619 721.667214 622.482791 523.266375 424.040327 324.817096 225.603716 126.404279 27.221780 -71.938361 -171.075825 -270.178645 -369.219638 -468.145879 -566.858277 -665.177143 -763.217767 -861.163131 -958.571327 -1055.202030 -1147.814772 -1232.204257 -1308.268282 -1374.428740 -1429.871203 -1474.668049 -1509.665771 -1536.213459 -1555.858470 -1570.105500 -1580.274509 -1587.448297 -1592.490064 -1596.147336 -1599.384331 -1604.317328 -1616.125589 -1648.132614 -1708.053878 -2858.917216 -3909.046236 -3905.187225 -3593.869322 -3092.622341 -2776.869615 -2578.506733 -2436.585911 -2316.407009 -2242.648525 -2194.767695 -2150.181773 -2103.302224 -2052.380149 -1997.960741 -1941.774274 -1884.955874 -1814.774560 -1483.507804 -1604.291092 -1608.041950 -1605.143962 -1603.925164 -1603.625504 -1603.567188 -1603.557523 -1603.556488 -1603.556845 -1603.557353 -1603.557808 -1603.558195 -1603.558525 -1603.558815 -1603.559075 -1603.559315 -1603.559543 -1603.559767 -1603.559995 -1603.560237 -1603.560509 -1603.560831 -1603.561235 -1603.561771 -1603.562522 -1603.563626 -1603.565322 -1603.568037 -1603.572560 -1603.580399 -1603.594521 -1603.620910 -1603.672047 -1603.775121 -1603.993027 -1604.481165 -1605.648232 -1608.644544 -1617.026925 -1643.270944 -9999.0 -9999.0
-9999.0 -9999.0 1018.711002 919.770123 820.780379 721.667121 622.482757 523.266362 424.040322 324.817094 225.603715 126.404279 27.221780 -71.938361 -171.075825 -270.178645 -369.219638 -468.145878 -566.858277 -665.177143 -763.217767 -861.163131 -958.571327 -1055.202030 -1147.814772 -1232.204257 -1308.268282 -1374.428740 -1429.871203 -1474.668049 -1509.665771 -1536.213459 -1555.858470 -1570.105500 -1580.274509 -1587.448297 -1592.490064 -1596.147336 -1599.384331 -1604.317328 -1616.125589 -1648.132614 -1708.053878 -2858.917217 -3909.046236 -3905.187225 -3593.869322 -3092.622342 -2776.869615 -2578.506733 -2436.585912 -2316.407009 -2242.648525 -2194.767695 -2150.181774 -2103.302224 -2052.380149 -1997.960741 -1941.774274 -1884.955874 -1814.774560 -1483.507804 -1604.291092 -1608.041950 -1605.143962 -1603.925164 -1603.625504 -1603.567188 -1603.557523 -1603.556488 -1603.556845 -1603.557353 -1603.557808 -1603.558195 -1603.558525 -1603.558815 -1603.559075 -1603.559315 -1603.559543 -1603.559767 -1603.559995 -1603.560237 -1603.560509 -1603.560831 -1603.561235 -1603.561771 -1603.562522 -1603.563626 -1603.565322 -1603.568037 -1603.572560 -1603.580399 -1603.594521 -1603.620910 -1603.672047 -1603.775121 -1603.993027 -1604.481165 -1605.648232 -1608.644544 -1617.026925 -1643.270944 -9999.0 -9999.0
-9999.0 -9999.0 1018.708434 919.769105 820.780036 721.667007 622.482717 523.266348 424.040317 324.817092 225.603714 126.404278 27.221780 -71.938361 -171.075825 -270.178645 -369.219638 -468.145878 -566.858276 -665.177143 -763.217767 -861.163131 -958.571327 -1055.202030 -1147.814772 -1232.204257 -1308.268281 -1374.428740 -1429.871203 -1474.668049 -1509.665771 -1536.213459 -1555.858470 -1570.105500 -1580.274509 -1587.448297 -1592.490064 -1596.147336 -1599.384331 -1604.317328 -1616.125589 -1648.132614 -1708.053878 -2858.917218 -3909.046236 -3905.187225 -3593.869323 -3092.622343 -2776.869615 -2578.506735 -2436.585914 -2316.407009 -2242.648525 -2194.767695 -2150.181774 -2103.302224 -2052.380149 -1997.960742 -1941.774274 -1884.955874 -1814.774560 -1483.507804 -1604.291092 -1608.041951 -1605.143962 -1603.925164 -1603.625504 -1603.567188 -1603.557523 -1603.556488 -1603.556845 -1603.557353 -1603.557808 -1603.558195 -1603.558525 -1603.558815 -1603.559075 -1603.559315 -1603.559543 -1603.559767 -1603.559995 -1603.560237 -1603.560509 -1603.560831 -1603.561235 -1603.561771 -1603.562522 -1603.563626 -1603.565322 -1603.568037 -1603.572560 -1603.580399 -1603.594521 -1603.620910 -1603.672047 -1603.775121 -1603.993027 -1604.481165 -1605.648232 -1608.644544 -1617.026925 -1643.270944 -9999.0 -9999.0
-9999.0 -9999.0 -9999.0 -9999.0 -9999.0 -9999.0 -9999.0 -9999.0 -9999.0 -9999.0 -9999.0 -9999.0 -9999.0 -9999.0 -9999.0 -9999.0 -9999.0 -9999.0 -9999.0 -9999.0 -9999.0 -9999.0 -9999.0 -9999.0 -9999.0 -9999.0 -9999.0 -9999.0 -9999.0 -9999.0 -9999.0 -9999.0 -9999.0 -9999.0 -9999.0 -9999.0 -9999.0 -9999.0 -9999.0 -9999.0 -9999.0 -9999.0 -9999.0 -9999.0 -9999.0 -9999.0 -9999.0 -9999.0 -9999.0 -9999.0 -9999.0 -9999.0 -9999.0 -9999.0 -9999.0 -9999.0 -9999.0 -9999.0 -9999.0 -9999.0 -9999.0 -9999.0 -9999.0 -9999.0 -9999.0 -9999.0 -9999.0 -9999.0 -9999.0 -9999.0 -9999.0 -9999.0 -9999.0 -9999.0 -9999.0 -9999.0 -9999.0 -9999.0 -9999.0 -9999.0 -9999.0 -9999.0 -9999.0 -9999.0 -9999.0 -9999.0 -9999.0 -9999.0 -9999.0 -9999.0 -9999.0 -9999.0 -9999.0 -9999.0 -9999.0 -9999.0 -9999.0 -9999.0 -9999.0 -9999.0 -9999.0 -9999.0 -9999.0 -9999.0
-9999.0 -9999.0 -9999.0 -9999.0 -9999.0 -9999.0 -9999.0 -9999.0 -9999.0 -9999.0 -9999.0 -9999.0 -9999.0 -9999.0 -9999.0 -9999.0 -9999.0 -9999.0 -9999.0 -9999.0 -9999.0 -9999.0 -9999.0 -9999.0 -9999.0 -9999.0 -9999.0 -9999.0 -9999.0 -9999.0 -9999.0 -9999.0 -9999.0 -9999.0 -9999.0 -9999.0 -9999.0 -9999.0 -9999.0 -9999.0 -9999.0 -9999.0 -9999.0 -9999.0 -9999.0 -9999.0 -9999.0 -9999.0 -9999.0 -9999.0 -9999.0 -9999.0 -9999.0 -9999.0 -9999.0 -9999.0 -9999.0 -9999.0 -9999.0 -9999.0 -9999.0 -9999.0 -9999.0 -9999.0 -9999.0 -9999.0 -9999.0 -9999.0 -9999.0 -9999.0 -9999.0 -9999.0 -9999.0 -9999.0 -9999.0 -9999.0 -9999.0 -9999.0 -9999.0 -9999.0 -9999.0 -9999.0 -9999.0 -9999.0 -9999.0 -9999.0 -9999.0 -9999.0 -9999.0 -9999.0 -9999.0 -9999.0 -9999.0 -9999.0 -9999.0 -9999.0 -9999.0 -9999.0 -9999.0 -9999.0 -9999.0 -9999.0 -9999.0 -9999.0