inst/processing_geotop_simulation/geotop_simulation/out/maps3D/PwL0013N0213.asc
ncols         104
nrows         10
xllcorner     -2.000000
yllcorner     0.000000
cellsize      1.000000
NODATA_value  -9999.0
-9999.0 -9999.0 -9999.0 -9999.0 -9999.0 -9999.0 -9999.0 -9999.0 -9999.0 -9999.0 -9999.0 -9999.0 -9999.0 -9999.0 -9999.0 -9999.0 -9999.0 -9999.0 -9999.0 -9999.0 -9999.0 -9999.0 -9999.0 -9999.0 -9999.0 -9999.0 -9999.0 -9999.0 -9999.0 -9999.0 -9999.0 -9999.0 -9999.0 -9999.0 -9999.0 -9999.0 -9999.0 -9999.0 -9999.0 -9999.0 -9999.0 -9999.0 -9999.0 -9999.0 -9999.0 -9999.0 -9999.0 -9999.0 -9999.0 -9999.0 -9999.0 -9999.0 -9999.0 -9999.0 -9999.0 -9999.0 -9999.0 -9999.0 -9999.0 -9999.0 -9999.0 -9999.0 -9999.0 -9999.0 -9999.0 -9999.0 -9999.0 -9999.0 -9999.0 -9999.0 -9999.0 -9999.0 -9999.0 -9999.0 -9999.0 -9999.0 -9999.0 -9999.0 -9999.0 -9999.0 -9999.0 -9999.0 -9999.0 -9999.0 -9999.0 -9999.0 -9999.0 -9999.0 -9999.0 -9999.0 -9999.0 -9999.0 -9999.0 -9999.0 -9999.0 -9999.0 -9999.0 -9999.0 -9999.0 -9999.0 -9999.0 -9999.0 -9999.0 -9999.0
-9999.0 -9999.0 -9999.0 -9999.0 -9999.0 -9999.0 -9999.0 -9999.0 -9999.0 -9999.0 -9999.0 -9999.0 -9999.0 -9999.0 -9999.0 -9999.0 -9999.0 -9999.0 -9999.0 -9999.0 -9999.0 -9999.0 -9999.0 -9999.0 -9999.0 -9999.0 -9999.0 -9999.0 -9999.0 -9999.0 -9999.0 -9999.0 -9999.0 -9999.0 -9999.0 -9999.0 -9999.0 -9999.0 -9999.0 -9999.0 -9999.0 -9999.0 -9999.0 -9999.0 -9999.0 -9999.0 -9999.0 -9999.0 -9999.0 -9999.0 -9999.0 -9999.0 -9999.0 -9999.0 -9999.0 -9999.0 -9999.0 -9999.0 -9999.0 -9999.0 -9999.0 -9999.0 -9999.0 -9999.0 -9999.0 -9999.0 -9999.0 -9999.0 -9999.0 -9999.0 -9999.0 -9999.0 -9999.0 -9999.0 -9999.0 -9999.0 -9999.0 -9999.0 -9999.0 -9999.0 -9999.0 -9999.0 -9999.0 -9999.0 -9999.0 -9999.0 -9999.0 -9999.0 -9999.0 -9999.0 -9999.0 -9999.0 -9999.0 -9999.0 -9999.0 -9999.0 -9999.0 -9999.0 -9999.0 -9999.0 -9999.0 -9999.0 -9999.0 -9999.0
-9999.0 -9999.0 627.576133 531.885563 435.157734 337.796332 240.146011 142.371908 44.555470 -53.252014 -151.028651 -248.737064 -346.295614 -443.525143 -540.137919 -635.767512 -730.870469 -826.193074 -921.032871 -1015.200323 -1105.444196 -1186.691963 -1257.720589 -1316.699070 -1363.386207 -1398.853411 -1424.903473 -1443.523575 -1456.541233 -1465.476581 -1471.517467 -1475.551620 -1478.219984 -1479.972603 -1481.118688 -1481.869136 -1482.374814 -1482.783909 -1483.462304 -1486.049146 -1497.425637 -1545.465049 -1961.404815 -4280.683030 -4284.815821 -4224.515795 -4177.234389 -4170.142447 -4169.418113 -4169.494048 -4169.682784 -4169.884579 -4170.078020 -4170.256804 -4170.421867 -4170.607723 -4171.158080 -4175.066369 -4201.344533 -4247.000320 -4221.234050 -1766.625015 -1511.866837 -1490.664469 -1484.783915 -1483.612314 -1483.421194 -1483.392040 -1483.388162 -1483.388351 -1483.389109 -1483.389810 -1483.390366 -1483.390793 -1483.391120 -1483.391375 -1483.391578 -1483.391743 -1483.391881 -1483.392004 -1483.392126 -1483.392260 -1483.392429 -1483.392663 -1483.393007 -1483.393535 -1483.394365 -1483.395694 -1483.397855 -1483.401437 -1483.407506 -1483.418069 -1483.437005 -1483.471981 -1483.538422 -1483.668024 -1483.928520 -1484.474413 -1485.687466 -1488.586971 -1496.199776 -1519.628711 -9999.0 -9999.0
-9999.0 -9999.0 627.581386 531.887205 435.158216 337.796481 240.146059 142.371925 44.555476 -53.252012 -151.028650 -248.737064 -346.295613 -443.525143 -540.137919 -635.767512 -730.870469 -826.193074 -921.032871 -1015.200323 -1105.444196 -1186.691963 -1257.720590 -1316.699070 -1363.386207 -1398.853411 -1424.903473 -1443.523575 -1456.541234 -1465.476581 -1471.517467 -1475.551620 -1478.219984 -1479.972603 -1481.118688 -1481.869136 -1482.374814 -1482.783909 -1483.462304 -1486.049146 -1497.425637 -1545.465049 -1961.404815 -4280.683030 -4284.815820 -4224.515792 -4177.234389 -4170.142447 -4169.418113 -4169.494048 -4169.682784 -4169.884579 -4170.078020 -4170.256804 -4170.421867 -4170.607723 -4171.158080 -4175.066369 -4201.344533 -4247.000320 -4221.234050 -1766.625015 -1511.866837 -1490.664469 -1484.783915 -1483.612314 -1483.421194 -1483.392040 -1483.388162 -1483.388351 -1483.389109 -1483.389810 -1483.390366 -1483.390793 -1483.391120 -1483.391375 -1483.391578 -1483.391743 -1483.391881 -1483.392004 -1483.392126 -1483.392260 -1483.392429 -1483.392663 -1483.393007 -1483.393535 -1483.394365 -1483.395694 -1483.397855 -1483.401437 -1483.407506 -1483.418069 -1483.437005 -1483.471981 -1483.538422 -1483.668024 -1483.928520 -1484.474413 -1485.687466 -1488.586971 -1496.199776 -1519.628711 -9999.0 -9999.0
-9999.0 -9999.0 627.582879 531.887986 435.158533 337.796599 240.146102 142.371940 44.555481 -53.252010 -151.028649 -248.737063 -346.295613 -443.525143 -540.137918 -635.767512 -730.870469 -826.193074 -921.032872 -1015.200323 -1105.444196 -1186.691964 -1257.720590 -1316.699070 -1363.386207 -1398.853411 -1424.903473 -1443.523575 -1456.541234 -1465.476581 -1471.517467 -1475.551620 -1478.219984 -1479.972603 -1481.118688 -1481.869136 -1482.374814 -1482.783909 -1483.462304 -1486.049146 -1497.425637 -1545.465049 -1961.404815 -4280.683030 -4284.815820 -4224.515791 -4177.234389 -4170.142447 -4169.418113 -4169.494048 -4169.682784 -4169.884579 -4170.078020 -4170.256804 -4170.421867 -4170.607723 -4171.158080 -4175.066369 -4201.344533 -4247.000320 -4221.234050 -1766.625015 -1511.866837 -1490.664469 -1484.783915 -1483.612314 -1483.421194 -1483.392040 -1483.388162 -1483.388351 -1483.389109 -1483.389810 -1483.390366 -1483.390793 -1483.391120 -1483.391375 -1483.391578 -1483.391743 -1483.391881 -1483.392004 -1483.392126 -1483.392260 -1483.392429 -1483.392663 -1483.393007 -1483.393535 -1483.394365 -1483.395694 -1483.397855 -1483.401437 -1483.407506 -1483.418069 -1483.437005 -1483.471981 -1483.538422 -1483.668024 -1483.928520 -1484.474413 -1485.687466 -1488.586971 -1496.199776 -1519.628711 -9999.0 -9999.0
-9999.0 -9999.0 627.582879 531.887986 435.158533 337.796599 240.146102 142.371940 44.555481 -53.252010 -151.028649 -248.737063 -346.295613 -443.525143 -540.137918 -635.767512 -730.870469 -826.193074 -921.032872 -1015.200323 -1105.444196 -1186.691964 -1257.720590 -1316.699070 -1363.386207 -1398.853411 -1424.903473 -1443.523575 -1456.541234 -1465.476581 -1471.517467 -1475.551620 -1478.219984 -1479.972603 -1481.118688 -1481.869136 -1482.374814 -1482.783909 -1483.462304 -1486.049146 -1497.425637 -1545.465049 -1961.404815 -4280.683030 -4284.815820 -4224.515791 -4177.234389 -4170.142447 -4169.418113 -4169.494048 -4169.682784 -4169.884579 -4170.078020 -4170.256804 -4170.421867 -4170.607723 -4171.158080 -4175.066369 -4201.344533 -4247.000320 -4221.234050 -1766.625015 -1511.866837 -1490.664469 -1484.783915 -1483.612314 -1483.421194 -1483.392040 -1483.388162 -1483.388351 -1483.389109 -1483.389810 -1483.390366 -1483.390793 -1483.391120 -1483.391375 -1483.391578 -1483.391743 -1483.391881 -1483.392004 -1483.392126 -1483.392260 -1483.392429 -1483.392663 -1483.393007 -1483.393535 -1483.394365 -1483.395694 -1483.397855 -1483.401437 -1483.407506 -1483.418069 -1483.437005 -1483.471981 -1483.538422 -1483.668024 -1483.928520 -1484.474413 -1485.687466 -1488.586971 -1496.199776 -1519.628711 -9999.0 -9999.0
-9999.0 -9999.0 627.581386 531.887205 435.158216 337.796481 240.146059 142.371925 44.555476 -53.252012 -151.028650 -248.737064 -346.295613 -443.525143 -540.137919 -635.767512 -730.870469 -826.193074 -921.032871 -1015.200323 -1105.444196 -1186.691963 -1257.720590 -1316.699070 -1363.386207 -1398.853411 -1424.903473 -1443.523575 -1456.541234 -1465.476581 -1471.517467 -1475.551620 -1478.219984 -1479.972603 -1481.118688 -1481.869136 -1482.374814 -1482.783909 -1483.462304 -1486.049146 -1497.425637 -1545.465049 -1961.404815 -4280.683030 -4284.815820 -4224.515792 -4177.234389 -4170.142447 -4169.418113 -4169.494048 -4169.682784 -4169.884579 -4170.078020 -4170.256804 -4170.421867 -4170.607723 -4171.158080 -4175.066369 -4201.344533 -4247.000320 -4221.234050 -1766.625015 -1511.866837 -1490.664469 -1484.783915 -1483.612314 -1483.421194 -1483.392040 -1483.388162 -1483.388351 -1483.389109 -1483.389810 -1483.390366 -1483.390793 -1483.391120 -1483.391375 -1483.391578 -1483.391743 -1483.391881 -1483.392004 -1483.392126 -1483.392260 -1483.392429 -1483.392663 -1483.393007 -1483.393535 -1483.394365 -1483.395694 -1483.397855 -1483.401437 -1483.407506 -1483.418069 -1483.437005 -1483.471981 -1483.538422 -1483.668024 -1483.928520 -1484.474413 -1485.687466 -1488.586971 -1496.199776 -1519.628711 -9999.0 -9999.0
-9999.0 -9999.0 627.576133 531.885563 435.157733 337.796332 240.146011 142.371908 44.555470 -53.252014 -151.028651 -248.737064 -346.295614 -443.525143 -540.137919 -635.767512 -730.870469 -826.193073 -921.032871 -1015.200323 -1105.444196 -1186.691963 -1257.720589 -1316.699070 -1363.386207 -1398.853411 -1424.903473 -1443.523575 -1456.541233 -1465.476581 -1471.517467 -1475.551620 -1478.219984 -1479.972603 -1481.118688 -1481.869136 -1482.374814 -1482.783909 -1483.462304 -1486.049146 -1497.425637 -1545.465049 -1961.404815 -4280.683030 -4284.815821 -4224.515795 -4177.234389 -4170.142447 -4169.418113 -4169.494048 -4169.682784 -4169.884579 -4170.078020 -4170.256804 -4170.421867 -4170.607723 -4171.158080 -4175.066369 -4201.344533 -4247.000320 -4221.234050 -1766.625015 -1511.866837 -1490.664469 -1484.783915 -1483.612314 -1483.421194 -1483.392040 -1483.388162 -1483.388351 -1483.389109 -1483.389810 -1483.390366 -1483.390793 -1483.391120 -1483.391375 -1483.391578 -1483.391743 -1483.391881 -1483.392004 -1483.392126 -1483.392260 -1483.392429 -1483.392663 -1483.393007 -1483.393535 -1483.394365 -1483.395694 -1483.397855 -1483.401437 -1483.407506 -1483.418069 -1483.437005 -1483.471981 -1483.538422 -1483.668024 -1483.928520 -1484.474413 -1485.687466 -1488.586971 -1496.199776 -1519.628711 -9999.0 -9999.0
-9999.0 -9999.0 -9999.0 -9999.0 -9999.0 -9999.0 -9999.0 -9999.0 -9999.0 -9999.0 -9999.0 -9999.0 -9999.0 -9999.0 -9999.0 -9999.0 -9999.0 -9999.0 -9999.0 -9999.0 -9999.0 -9999.0 -9999.0 -9999.0 -9999.0 -9999.0 -9999.0 -9999.0 -9999.0 -9999.0 -9999.0 -9999.0 -9999.0 -9999.0 -9999.0 -9999.0 -9999.0 -9999.0 -9999.0 -9999.0 -9999.0 -9999.0 -9999.0 -9999.0 -9999.0 -9999.0 -9999.0 -9999.0 -9999.0 -9999.0 -9999.0 -9999.0 -9999.0 -9999.0 -9999.0 -9999.0 -9999.0 -9999.0 -9999.0 -9999.0 -9999.0 -9999.0 -9999.0 -9999.0 -9999.0 -9999.0 -9999.0 -9999.0 -9999.0 -9999.0 -9999.0 -9999.0 -9999.0 -9999.0 -9999.0 -9999.0 -9999.0 -9999.0 -9999.0 -9999.0 -9999.0 -9999.0 -9999.0 -9999.0 -9999.0 -9999.0 -9999.0 -9999.0 -9999.0 -9999.0 -9999.0 -9999.0 -9999.0 -9999.0 -9999.0 -9999.0 -9999.0 -9999.0 -9999.0 -9999.0 -9999.0 -9999.0 -9999.0 -9999.0
-9999.0 -9999.0 -9999.0 -9999.0 -9999.0 -9999.0 -9999.0 -9999.0 -9999.0 -9999.0 -9999.0 -9999.0 -9999.0 -9999.0 -9999.0 -9999.0 -9999.0 -9999.0 -9999.0 -9999.0 -9999.0 -9999.0 -9999.0 -9999.0 -9999.0 -9999.0 -9999.0 -9999.0 -9999.0 -9999.0 -9999.0 -9999.0 -9999.0 -9999.0 -9999.0 -9999.0 -9999.0 -9999.0 -9999.0 -9999.0 -9999.0 -9999.0 -9999.0 -9999.0 -9999.0 -9999.0 -9999.0 -9999.0 -9999.0 -9999.0 -9999.0 -9999.0 -9999.0 -9999.0 -9999.0 -9999.0 -9999.0 -9999.0 -9999.0 -9999.0 -9999.0 -9999.0 -9999.0 -9999.0 -9999.0 -9999.0 -9999.0 -9999.0 -9999.0 -9999.0 -9999.0 -9999.0 -9999.0 -9999.0 -9999.0 -9999.0 -9999.0 -9999.0 -9999.0 -9999.0 -9999.0 -9999.0 -9999.0 -9999.0 -9999.0 -9999.0 -9999.0 -9999.0 -9999.0 -9999.0 -9999.0 -9999.0 -9999.0 -9999.0 -9999.0 -9999.0 -9999.0 -9999.0 -9999.0 -9999.0 -9999.0 -9999.0 -9999.0 -9999.0