inst/processing_geotop_simulation/geotop_simulation/out/maps3D/PwL0021N0324.asc
ncols         104
nrows         10
xllcorner     -2.000000
yllcorner     0.000000
cellsize      1.000000
NODATA_value  -9999.0
-9999.0 -9999.0 -9999.0 -9999.0 -9999.0 -9999.0 -9999.0 -9999.0 -9999.0 -9999.0 -9999.0 -9999.0 -9999.0 -9999.0 -9999.0 -9999.0 -9999.0 -9999.0 -9999.0 -9999.0 -9999.0 -9999.0 -9999.0 -9999.0 -9999.0 -9999.0 -9999.0 -9999.0 -9999.0 -9999.0 -9999.0 -9999.0 -9999.0 -9999.0 -9999.0 -9999.0 -9999.0 -9999.0 -9999.0 -9999.0 -9999.0 -9999.0 -9999.0 -9999.0 -9999.0 -9999.0 -9999.0 -9999.0 -9999.0 -9999.0 -9999.0 -9999.0 -9999.0 -9999.0 -9999.0 -9999.0 -9999.0 -9999.0 -9999.0 -9999.0 -9999.0 -9999.0 -9999.0 -9999.0 -9999.0 -9999.0 -9999.0 -9999.0 -9999.0 -9999.0 -9999.0 -9999.0 -9999.0 -9999.0 -9999.0 -9999.0 -9999.0 -9999.0 -9999.0 -9999.0 -9999.0 -9999.0 -9999.0 -9999.0 -9999.0 -9999.0 -9999.0 -9999.0 -9999.0 -9999.0 -9999.0 -9999.0 -9999.0 -9999.0 -9999.0 -9999.0 -9999.0 -9999.0 -9999.0 -9999.0 -9999.0 -9999.0 -9999.0 -9999.0
-9999.0 -9999.0 -9999.0 -9999.0 -9999.0 -9999.0 -9999.0 -9999.0 -9999.0 -9999.0 -9999.0 -9999.0 -9999.0 -9999.0 -9999.0 -9999.0 -9999.0 -9999.0 -9999.0 -9999.0 -9999.0 -9999.0 -9999.0 -9999.0 -9999.0 -9999.0 -9999.0 -9999.0 -9999.0 -9999.0 -9999.0 -9999.0 -9999.0 -9999.0 -9999.0 -9999.0 -9999.0 -9999.0 -9999.0 -9999.0 -9999.0 -9999.0 -9999.0 -9999.0 -9999.0 -9999.0 -9999.0 -9999.0 -9999.0 -9999.0 -9999.0 -9999.0 -9999.0 -9999.0 -9999.0 -9999.0 -9999.0 -9999.0 -9999.0 -9999.0 -9999.0 -9999.0 -9999.0 -9999.0 -9999.0 -9999.0 -9999.0 -9999.0 -9999.0 -9999.0 -9999.0 -9999.0 -9999.0 -9999.0 -9999.0 -9999.0 -9999.0 -9999.0 -9999.0 -9999.0 -9999.0 -9999.0 -9999.0 -9999.0 -9999.0 -9999.0 -9999.0 -9999.0 -9999.0 -9999.0 -9999.0 -9999.0 -9999.0 -9999.0 -9999.0 -9999.0 -9999.0 -9999.0 -9999.0 -9999.0 -9999.0 -9999.0 -9999.0 -9999.0
-9999.0 -9999.0 1019.772825 921.126755 822.417647 723.550452 624.592255 525.592981 426.581194 327.572779 228.576695 129.598140 30.640783 -68.288554 -167.188643 -266.041954 -364.808430 -463.409050 -561.697664 -659.415885 -756.747741 -853.980706 -950.513497 -1046.081029 -1136.508488 -1216.849961 -1287.775012 -1348.029782 -1397.277945 -1436.085803 -1465.685080 -1487.642573 -1503.564836 -1514.903785 -1522.866833 -1528.404594 -1532.251244 -1535.034841 -1537.616943 -1542.170230 -1555.048876 -1596.368206 -1703.904453 -2960.010973 -3922.284104 -3920.231598 -3702.398914 -3216.904419 -2863.172802 -2637.234018 -2478.190470 -2344.967411 -2263.561115 -2210.818135 -2161.782539 -2110.390571 -2054.855910 -1995.910197 -1935.467567 -1874.718064 -1801.878924 -1466.347163 -1553.279106 -1546.750019 -1542.214994 -1540.854319 -1540.561689 -1540.509033 -1540.500791 -1540.500048 -1540.500470 -1540.500991 -1540.501440 -1540.501808 -1540.502110 -1540.502365 -1540.502585 -1540.502781 -1540.502961 -1540.503134 -1540.503308 -1540.503495 -1540.503711 -1540.503977 -1540.504329 -1540.504821 -1540.505541 -1540.506640 -1540.508373 -1540.511199 -1540.515960 -1540.524266 -1540.539262 -1540.567276 -1540.621395 -1540.729844 -1540.957176 -1541.461379 -1542.653975 -1545.676271 -1554.003403 -1579.853905 -9999.0 -9999.0
-9999.0 -9999.0 1019.775491 921.127812 822.418003 723.550570 624.592296 525.592995 426.581199 327.572780 228.576696 129.598140 30.640784 -68.288554 -167.188643 -266.041954 -364.808430 -463.409050 -561.697664 -659.415885 -756.747741 -853.980706 -950.513497 -1046.081029 -1136.508488 -1216.849961 -1287.775012 -1348.029782 -1397.277946 -1436.085803 -1465.685081 -1487.642573 -1503.564836 -1514.903785 -1522.866833 -1528.404594 -1532.251244 -1535.034841 -1537.616943 -1542.170230 -1555.048876 -1596.368206 -1703.904453 -2960.010971 -3922.284104 -3920.231598 -3702.398914 -3216.904418 -2863.172802 -2637.234017 -2478.190468 -2344.967410 -2263.561115 -2210.818135 -2161.782539 -2110.390571 -2054.855910 -1995.910197 -1935.467566 -1874.718064 -1801.878924 -1466.347163 -1553.279106 -1546.750019 -1542.214994 -1540.854319 -1540.561689 -1540.509033 -1540.500791 -1540.500048 -1540.500470 -1540.500991 -1540.501440 -1540.501808 -1540.502110 -1540.502365 -1540.502585 -1540.502781 -1540.502961 -1540.503134 -1540.503308 -1540.503495 -1540.503711 -1540.503977 -1540.504329 -1540.504821 -1540.505541 -1540.506640 -1540.508373 -1540.511199 -1540.515960 -1540.524266 -1540.539262 -1540.567276 -1540.621395 -1540.729844 -1540.957176 -1541.461379 -1542.653975 -1545.676271 -1554.003403 -1579.853905 -9999.0 -9999.0
-9999.0 -9999.0 1019.776568 921.128396 822.418251 723.550666 624.592331 525.593008 426.581204 327.572783 228.576696 129.598141 30.640784 -68.288553 -167.188643 -266.041954 -364.808430 -463.409050 -561.697665 -659.415886 -756.747741 -853.980706 -950.513497 -1046.081029 -1136.508488 -1216.849961 -1287.775013 -1348.029782 -1397.277946 -1436.085803 -1465.685081 -1487.642573 -1503.564836 -1514.903785 -1522.866833 -1528.404594 -1532.251244 -1535.034841 -1537.616943 -1542.170230 -1555.048876 -1596.368206 -1703.904453 -2960.010971 -3922.284104 -3920.231598 -3702.398913 -3216.904417 -2863.172802 -2637.234015 -2478.190467 -2344.967410 -2263.561115 -2210.818135 -2161.782539 -2110.390571 -2054.855910 -1995.910197 -1935.467566 -1874.718064 -1801.878924 -1466.347163 -1553.279106 -1546.750019 -1542.214994 -1540.854319 -1540.561689 -1540.509033 -1540.500791 -1540.500048 -1540.500470 -1540.500991 -1540.501440 -1540.501808 -1540.502110 -1540.502365 -1540.502585 -1540.502781 -1540.502961 -1540.503134 -1540.503308 -1540.503495 -1540.503711 -1540.503977 -1540.504329 -1540.504821 -1540.505541 -1540.506640 -1540.508373 -1540.511199 -1540.515960 -1540.524266 -1540.539262 -1540.567276 -1540.621395 -1540.729844 -1540.957176 -1541.461379 -1542.653975 -1545.676271 -1554.003403 -1579.853905 -9999.0 -9999.0
-9999.0 -9999.0 1019.776568 921.128396 822.418252 723.550666 624.592331 525.593008 426.581204 327.572782 228.576697 129.598140 30.640784 -68.288554 -167.188643 -266.041954 -364.808430 -463.409050 -561.697665 -659.415886 -756.747741 -853.980706 -950.513497 -1046.081029 -1136.508488 -1216.849961 -1287.775013 -1348.029782 -1397.277946 -1436.085803 -1465.685081 -1487.642573 -1503.564836 -1514.903785 -1522.866833 -1528.404594 -1532.251244 -1535.034841 -1537.616943 -1542.170230 -1555.048876 -1596.368206 -1703.904453 -2960.010971 -3922.284104 -3920.231598 -3702.398913 -3216.904417 -2863.172802 -2637.234016 -2478.190467 -2344.967410 -2263.561115 -2210.818135 -2161.782539 -2110.390571 -2054.855910 -1995.910197 -1935.467566 -1874.718064 -1801.878924 -1466.347163 -1553.279106 -1546.750019 -1542.214994 -1540.854319 -1540.561689 -1540.509033 -1540.500791 -1540.500048 -1540.500470 -1540.500991 -1540.501440 -1540.501808 -1540.502110 -1540.502365 -1540.502585 -1540.502781 -1540.502961 -1540.503134 -1540.503308 -1540.503495 -1540.503711 -1540.503977 -1540.504329 -1540.504821 -1540.505541 -1540.506640 -1540.508373 -1540.511199 -1540.515960 -1540.524266 -1540.539262 -1540.567276 -1540.621395 -1540.729844 -1540.957176 -1541.461379 -1542.653975 -1545.676271 -1554.003403 -1579.853905 -9999.0 -9999.0
-9999.0 -9999.0 1019.775491 921.127812 822.418002 723.550570 624.592295 525.592995 426.581199 327.572781 228.576696 129.598140 30.640784 -68.288554 -167.188643 -266.041954 -364.808430 -463.409050 -561.697664 -659.415885 -756.747741 -853.980706 -950.513497 -1046.081029 -1136.508488 -1216.849961 -1287.775012 -1348.029782 -1397.277946 -1436.085803 -1465.685081 -1487.642573 -1503.564836 -1514.903785 -1522.866833 -1528.404594 -1532.251244 -1535.034841 -1537.616943 -1542.170230 -1555.048876 -1596.368206 -1703.904453 -2960.010971 -3922.284104 -3920.231598 -3702.398914 -3216.904417 -2863.172802 -2637.234016 -2478.190468 -2344.967410 -2263.561115 -2210.818135 -2161.782539 -2110.390571 -2054.855910 -1995.910197 -1935.467566 -1874.718064 -1801.878924 -1466.347163 -1553.279106 -1546.750019 -1542.214994 -1540.854319 -1540.561689 -1540.509033 -1540.500791 -1540.500048 -1540.500470 -1540.500991 -1540.501440 -1540.501808 -1540.502110 -1540.502365 -1540.502585 -1540.502781 -1540.502961 -1540.503134 -1540.503308 -1540.503495 -1540.503711 -1540.503977 -1540.504329 -1540.504821 -1540.505541 -1540.506640 -1540.508373 -1540.511199 -1540.515960 -1540.524266 -1540.539262 -1540.567276 -1540.621395 -1540.729844 -1540.957176 -1541.461379 -1542.653975 -1545.676271 -1554.003403 -1579.853905 -9999.0 -9999.0
-9999.0 -9999.0 1019.772825 921.126755 822.417647 723.550451 624.592255 525.592980 426.581194 327.572778 228.576695 129.598140 30.640784 -68.288554 -167.188643 -266.041954 -364.808430 -463.409050 -561.697664 -659.415885 -756.747741 -853.980706 -950.513497 -1046.081029 -1136.508488 -1216.849961 -1287.775012 -1348.029782 -1397.277945 -1436.085803 -1465.685080 -1487.642573 -1503.564836 -1514.903785 -1522.866833 -1528.404594 -1532.251244 -1535.034841 -1537.616943 -1542.170230 -1555.048876 -1596.368206 -1703.904453 -2960.010973 -3922.284104 -3920.231598 -3702.398914 -3216.904419 -2863.172802 -2637.234018 -2478.190471 -2344.967411 -2263.561115 -2210.818135 -2161.782539 -2110.390571 -2054.855910 -1995.910197 -1935.467567 -1874.718064 -1801.878924 -1466.347163 -1553.279106 -1546.750019 -1542.214994 -1540.854319 -1540.561689 -1540.509033 -1540.500791 -1540.500048 -1540.500470 -1540.500991 -1540.501440 -1540.501808 -1540.502110 -1540.502365 -1540.502585 -1540.502781 -1540.502961 -1540.503134 -1540.503308 -1540.503495 -1540.503711 -1540.503977 -1540.504329 -1540.504821 -1540.505541 -1540.506640 -1540.508373 -1540.511199 -1540.515960 -1540.524266 -1540.539262 -1540.567276 -1540.621395 -1540.729844 -1540.957176 -1541.461379 -1542.653975 -1545.676271 -1554.003403 -1579.853905 -9999.0 -9999.0
-9999.0 -9999.0 -9999.0 -9999.0 -9999.0 -9999.0 -9999.0 -9999.0 -9999.0 -9999.0 -9999.0 -9999.0 -9999.0 -9999.0 -9999.0 -9999.0 -9999.0 -9999.0 -9999.0 -9999.0 -9999.0 -9999.0 -9999.0 -9999.0 -9999.0 -9999.0 -9999.0 -9999.0 -9999.0 -9999.0 -9999.0 -9999.0 -9999.0 -9999.0 -9999.0 -9999.0 -9999.0 -9999.0 -9999.0 -9999.0 -9999.0 -9999.0 -9999.0 -9999.0 -9999.0 -9999.0 -9999.0 -9999.0 -9999.0 -9999.0 -9999.0 -9999.0 -9999.0 -9999.0 -9999.0 -9999.0 -9999.0 -9999.0 -9999.0 -9999.0 -9999.0 -9999.0 -9999.0 -9999.0 -9999.0 -9999.0 -9999.0 -9999.0 -9999.0 -9999.0 -9999.0 -9999.0 -9999.0 -9999.0 -9999.0 -9999.0 -9999.0 -9999.0 -9999.0 -9999.0 -9999.0 -9999.0 -9999.0 -9999.0 -9999.0 -9999.0 -9999.0 -9999.0 -9999.0 -9999.0 -9999.0 -9999.0 -9999.0 -9999.0 -9999.0 -9999.0 -9999.0 -9999.0 -9999.0 -9999.0 -9999.0 -9999.0 -9999.0 -9999.0
-9999.0 -9999.0 -9999.0 -9999.0 -9999.0 -9999.0 -9999.0 -9999.0 -9999.0 -9999.0 -9999.0 -9999.0 -9999.0 -9999.0 -9999.0 -9999.0 -9999.0 -9999.0 -9999.0 -9999.0 -9999.0 -9999.0 -9999.0 -9999.0 -9999.0 -9999.0 -9999.0 -9999.0 -9999.0 -9999.0 -9999.0 -9999.0 -9999.0 -9999.0 -9999.0 -9999.0 -9999.0 -9999.0 -9999.0 -9999.0 -9999.0 -9999.0 -9999.0 -9999.0 -9999.0 -9999.0 -9999.0 -9999.0 -9999.0 -9999.0 -9999.0 -9999.0 -9999.0 -9999.0 -9999.0 -9999.0 -9999.0 -9999.0 -9999.0 -9999.0 -9999.0 -9999.0 -9999.0 -9999.0 -9999.0 -9999.0 -9999.0 -9999.0 -9999.0 -9999.0 -9999.0 -9999.0 -9999.0 -9999.0 -9999.0 -9999.0 -9999.0 -9999.0 -9999.0 -9999.0 -9999.0 -9999.0 -9999.0 -9999.0 -9999.0 -9999.0 -9999.0 -9999.0 -9999.0 -9999.0 -9999.0 -9999.0 -9999.0 -9999.0 -9999.0 -9999.0 -9999.0 -9999.0 -9999.0 -9999.0 -9999.0 -9999.0 -9999.0 -9999.0