inst/processing_geotop_simulation/geotop_simulation/out/maps3D/PwL0005N0383.asc
ncols         104
nrows         10
xllcorner     -2.000000
yllcorner     0.000000
cellsize      1.000000
NODATA_value  -9999.0
-9999.0 -9999.0 -9999.0 -9999.0 -9999.0 -9999.0 -9999.0 -9999.0 -9999.0 -9999.0 -9999.0 -9999.0 -9999.0 -9999.0 -9999.0 -9999.0 -9999.0 -9999.0 -9999.0 -9999.0 -9999.0 -9999.0 -9999.0 -9999.0 -9999.0 -9999.0 -9999.0 -9999.0 -9999.0 -9999.0 -9999.0 -9999.0 -9999.0 -9999.0 -9999.0 -9999.0 -9999.0 -9999.0 -9999.0 -9999.0 -9999.0 -9999.0 -9999.0 -9999.0 -9999.0 -9999.0 -9999.0 -9999.0 -9999.0 -9999.0 -9999.0 -9999.0 -9999.0 -9999.0 -9999.0 -9999.0 -9999.0 -9999.0 -9999.0 -9999.0 -9999.0 -9999.0 -9999.0 -9999.0 -9999.0 -9999.0 -9999.0 -9999.0 -9999.0 -9999.0 -9999.0 -9999.0 -9999.0 -9999.0 -9999.0 -9999.0 -9999.0 -9999.0 -9999.0 -9999.0 -9999.0 -9999.0 -9999.0 -9999.0 -9999.0 -9999.0 -9999.0 -9999.0 -9999.0 -9999.0 -9999.0 -9999.0 -9999.0 -9999.0 -9999.0 -9999.0 -9999.0 -9999.0 -9999.0 -9999.0 -9999.0 -9999.0 -9999.0 -9999.0
-9999.0 -9999.0 -9999.0 -9999.0 -9999.0 -9999.0 -9999.0 -9999.0 -9999.0 -9999.0 -9999.0 -9999.0 -9999.0 -9999.0 -9999.0 -9999.0 -9999.0 -9999.0 -9999.0 -9999.0 -9999.0 -9999.0 -9999.0 -9999.0 -9999.0 -9999.0 -9999.0 -9999.0 -9999.0 -9999.0 -9999.0 -9999.0 -9999.0 -9999.0 -9999.0 -9999.0 -9999.0 -9999.0 -9999.0 -9999.0 -9999.0 -9999.0 -9999.0 -9999.0 -9999.0 -9999.0 -9999.0 -9999.0 -9999.0 -9999.0 -9999.0 -9999.0 -9999.0 -9999.0 -9999.0 -9999.0 -9999.0 -9999.0 -9999.0 -9999.0 -9999.0 -9999.0 -9999.0 -9999.0 -9999.0 -9999.0 -9999.0 -9999.0 -9999.0 -9999.0 -9999.0 -9999.0 -9999.0 -9999.0 -9999.0 -9999.0 -9999.0 -9999.0 -9999.0 -9999.0 -9999.0 -9999.0 -9999.0 -9999.0 -9999.0 -9999.0 -9999.0 -9999.0 -9999.0 -9999.0 -9999.0 -9999.0 -9999.0 -9999.0 -9999.0 -9999.0 -9999.0 -9999.0 -9999.0 -9999.0 -9999.0 -9999.0 -9999.0 -9999.0
-9999.0 -9999.0 224.807634 127.015273 28.241260 -70.834596 -170.027551 -269.266567 -368.514426 -467.746099 -566.929821 -665.992773 -764.896300 -863.685503 -962.380773 -1061.081570 -1159.548774 -1257.345538 -1354.147428 -1449.166082 -1540.915277 -1626.856956 -1703.831300 -1769.307635 -1822.319572 -1863.473220 -1894.369768 -1916.971958 -1933.176772 -1944.611574 -1952.578309 -1958.072265 -1961.830157 -1964.384276 -1966.112539 -1967.282170 -1968.093071 -1968.754438 -1969.715671 -1972.127595 -1974.785504 -1924.813649 -1200.624778 -1214.362062 -1200.336708 -1191.032175 -1186.671648 -1186.003437 -1185.931261 -1185.937529 -1185.955048 -1185.973945 -1185.992114 -1186.008946 -1186.024616 -1186.043270 -1186.103504 -1186.504625 -1188.829641 -1193.973834 -1200.514778 -1176.865507 -1898.280784 -1968.508554 -1970.703030 -1969.998214 -1969.784036 -1969.742475 -1969.735847 -1969.735274 -1969.735644 -1969.736081 -1969.736444 -1969.736728 -1969.736949 -1969.737123 -1969.737264 -1969.737381 -1969.737481 -1969.737572 -1969.737663 -1969.737764 -1969.737890 -1969.738062 -1969.738311 -1969.738688 -1969.739276 -1969.740215 -1969.741744 -1969.744286 -1969.748625 -1969.756241 -1969.770027 -1969.795746 -1969.845149 -1969.942972 -1970.144016 -1970.578662 -1971.584152 -1974.124675 -1981.350977 -2005.337941 -9999.0 -9999.0
-9999.0 -9999.0 224.815992 127.017088 28.241727 -70.834459 -170.027507 -269.266552 -368.514420 -467.746097 -566.929820 -665.992772 -764.896299 -863.685503 -962.380773 -1061.081571 -1159.548774 -1257.345538 -1354.147428 -1449.166083 -1540.915277 -1626.856956 -1703.831300 -1769.307635 -1822.319572 -1863.473220 -1894.369768 -1916.971958 -1933.176772 -1944.611574 -1952.578309 -1958.072265 -1961.830157 -1964.384276 -1966.112539 -1967.282170 -1968.093071 -1968.754438 -1969.715671 -1972.127595 -1974.785504 -1924.813649 -1200.624778 -1214.362062 -1200.336708 -1191.032175 -1186.671648 -1186.003437 -1185.931261 -1185.937529 -1185.955048 -1185.973945 -1185.992114 -1186.008946 -1186.024616 -1186.043270 -1186.103504 -1186.504625 -1188.829641 -1193.973834 -1200.514778 -1176.865507 -1898.280784 -1968.508554 -1970.703030 -1969.998214 -1969.784036 -1969.742475 -1969.735847 -1969.735274 -1969.735644 -1969.736081 -1969.736444 -1969.736728 -1969.736949 -1969.737123 -1969.737264 -1969.737381 -1969.737481 -1969.737572 -1969.737663 -1969.737764 -1969.737890 -1969.738062 -1969.738311 -1969.738688 -1969.739276 -1969.740215 -1969.741744 -1969.744286 -1969.748625 -1969.756241 -1969.770027 -1969.795746 -1969.845149 -1969.942972 -1970.144016 -1970.578662 -1971.584152 -1974.124675 -1981.350977 -2005.337941 -9999.0 -9999.0
-9999.0 -9999.0 224.817306 127.017838 28.242024 -70.834351 -170.027469 -269.266538 -368.514415 -467.746095 -566.929819 -665.992772 -764.896299 -863.685503 -962.380773 -1061.081571 -1159.548774 -1257.345538 -1354.147429 -1449.166083 -1540.915277 -1626.856957 -1703.831300 -1769.307635 -1822.319572 -1863.473220 -1894.369768 -1916.971958 -1933.176772 -1944.611574 -1952.578309 -1958.072265 -1961.830157 -1964.384276 -1966.112539 -1967.282170 -1968.093071 -1968.754438 -1969.715671 -1972.127595 -1974.785504 -1924.813649 -1200.624778 -1214.362062 -1200.336708 -1191.032175 -1186.671648 -1186.003437 -1185.931261 -1185.937529 -1185.955048 -1185.973945 -1185.992114 -1186.008946 -1186.024616 -1186.043270 -1186.103504 -1186.504625 -1188.829641 -1193.973834 -1200.514778 -1176.865507 -1898.280784 -1968.508554 -1970.703030 -1969.998214 -1969.784036 -1969.742475 -1969.735847 -1969.735274 -1969.735644 -1969.736081 -1969.736444 -1969.736728 -1969.736949 -1969.737123 -1969.737264 -1969.737381 -1969.737481 -1969.737572 -1969.737663 -1969.737764 -1969.737890 -1969.738062 -1969.738311 -1969.738688 -1969.739276 -1969.740215 -1969.741744 -1969.744286 -1969.748625 -1969.756241 -1969.770027 -1969.795746 -1969.845149 -1969.942972 -1970.144016 -1970.578662 -1971.584152 -1974.124675 -1981.350977 -2005.337941 -9999.0 -9999.0
-9999.0 -9999.0 224.817306 127.017838 28.242024 -70.834351 -170.027469 -269.266538 -368.514415 -467.746095 -566.929819 -665.992772 -764.896299 -863.685503 -962.380773 -1061.081571 -1159.548774 -1257.345538 -1354.147429 -1449.166083 -1540.915277 -1626.856957 -1703.831300 -1769.307635 -1822.319572 -1863.473220 -1894.369768 -1916.971958 -1933.176772 -1944.611574 -1952.578309 -1958.072265 -1961.830157 -1964.384276 -1966.112539 -1967.282170 -1968.093071 -1968.754438 -1969.715671 -1972.127595 -1974.785504 -1924.813649 -1200.624778 -1214.362062 -1200.336708 -1191.032175 -1186.671648 -1186.003437 -1185.931261 -1185.937529 -1185.955048 -1185.973945 -1185.992114 -1186.008946 -1186.024616 -1186.043270 -1186.103504 -1186.504625 -1188.829641 -1193.973834 -1200.514778 -1176.865507 -1898.280784 -1968.508554 -1970.703030 -1969.998214 -1969.784036 -1969.742475 -1969.735847 -1969.735274 -1969.735644 -1969.736081 -1969.736444 -1969.736728 -1969.736949 -1969.737123 -1969.737264 -1969.737381 -1969.737481 -1969.737572 -1969.737663 -1969.737764 -1969.737890 -1969.738062 -1969.738311 -1969.738688 -1969.739276 -1969.740215 -1969.741744 -1969.744286 -1969.748625 -1969.756241 -1969.770027 -1969.795746 -1969.845149 -1969.942972 -1970.144016 -1970.578662 -1971.584152 -1974.124675 -1981.350977 -2005.337941 -9999.0 -9999.0
-9999.0 -9999.0 224.815992 127.017088 28.241727 -70.834459 -170.027507 -269.266552 -368.514420 -467.746097 -566.929820 -665.992772 -764.896300 -863.685503 -962.380773 -1061.081570 -1159.548774 -1257.345538 -1354.147428 -1449.166083 -1540.915277 -1626.856956 -1703.831300 -1769.307635 -1822.319572 -1863.473220 -1894.369768 -1916.971958 -1933.176772 -1944.611574 -1952.578309 -1958.072265 -1961.830157 -1964.384276 -1966.112539 -1967.282170 -1968.093071 -1968.754438 -1969.715671 -1972.127595 -1974.785504 -1924.813649 -1200.624778 -1214.362062 -1200.336708 -1191.032175 -1186.671648 -1186.003437 -1185.931261 -1185.937529 -1185.955048 -1185.973945 -1185.992114 -1186.008946 -1186.024616 -1186.043270 -1186.103504 -1186.504625 -1188.829641 -1193.973834 -1200.514778 -1176.865507 -1898.280784 -1968.508554 -1970.703030 -1969.998214 -1969.784036 -1969.742475 -1969.735847 -1969.735274 -1969.735644 -1969.736081 -1969.736444 -1969.736728 -1969.736949 -1969.737123 -1969.737264 -1969.737381 -1969.737481 -1969.737572 -1969.737663 -1969.737764 -1969.737890 -1969.738062 -1969.738311 -1969.738688 -1969.739276 -1969.740215 -1969.741744 -1969.744286 -1969.748625 -1969.756241 -1969.770027 -1969.795746 -1969.845149 -1969.942972 -1970.144016 -1970.578662 -1971.584152 -1974.124675 -1981.350977 -2005.337941 -9999.0 -9999.0
-9999.0 -9999.0 224.807634 127.015273 28.241260 -70.834596 -170.027551 -269.266567 -368.514426 -467.746099 -566.929821 -665.992773 -764.896300 -863.685503 -962.380773 -1061.081570 -1159.548774 -1257.345538 -1354.147428 -1449.166083 -1540.915277 -1626.856956 -1703.831300 -1769.307635 -1822.319572 -1863.473220 -1894.369768 -1916.971958 -1933.176772 -1944.611574 -1952.578309 -1958.072265 -1961.830157 -1964.384276 -1966.112539 -1967.282170 -1968.093071 -1968.754438 -1969.715671 -1972.127595 -1974.785504 -1924.813649 -1200.624778 -1214.362062 -1200.336708 -1191.032175 -1186.671648 -1186.003437 -1185.931261 -1185.937529 -1185.955048 -1185.973945 -1185.992114 -1186.008946 -1186.024616 -1186.043270 -1186.103504 -1186.504625 -1188.829641 -1193.973834 -1200.514778 -1176.865507 -1898.280784 -1968.508554 -1970.703030 -1969.998214 -1969.784036 -1969.742475 -1969.735847 -1969.735274 -1969.735644 -1969.736081 -1969.736444 -1969.736728 -1969.736949 -1969.737123 -1969.737264 -1969.737381 -1969.737481 -1969.737572 -1969.737663 -1969.737764 -1969.737890 -1969.738062 -1969.738311 -1969.738688 -1969.739276 -1969.740215 -1969.741744 -1969.744286 -1969.748625 -1969.756241 -1969.770027 -1969.795746 -1969.845149 -1969.942972 -1970.144016 -1970.578662 -1971.584152 -1974.124675 -1981.350977 -2005.337941 -9999.0 -9999.0
-9999.0 -9999.0 -9999.0 -9999.0 -9999.0 -9999.0 -9999.0 -9999.0 -9999.0 -9999.0 -9999.0 -9999.0 -9999.0 -9999.0 -9999.0 -9999.0 -9999.0 -9999.0 -9999.0 -9999.0 -9999.0 -9999.0 -9999.0 -9999.0 -9999.0 -9999.0 -9999.0 -9999.0 -9999.0 -9999.0 -9999.0 -9999.0 -9999.0 -9999.0 -9999.0 -9999.0 -9999.0 -9999.0 -9999.0 -9999.0 -9999.0 -9999.0 -9999.0 -9999.0 -9999.0 -9999.0 -9999.0 -9999.0 -9999.0 -9999.0 -9999.0 -9999.0 -9999.0 -9999.0 -9999.0 -9999.0 -9999.0 -9999.0 -9999.0 -9999.0 -9999.0 -9999.0 -9999.0 -9999.0 -9999.0 -9999.0 -9999.0 -9999.0 -9999.0 -9999.0 -9999.0 -9999.0 -9999.0 -9999.0 -9999.0 -9999.0 -9999.0 -9999.0 -9999.0 -9999.0 -9999.0 -9999.0 -9999.0 -9999.0 -9999.0 -9999.0 -9999.0 -9999.0 -9999.0 -9999.0 -9999.0 -9999.0 -9999.0 -9999.0 -9999.0 -9999.0 -9999.0 -9999.0 -9999.0 -9999.0 -9999.0 -9999.0 -9999.0 -9999.0
-9999.0 -9999.0 -9999.0 -9999.0 -9999.0 -9999.0 -9999.0 -9999.0 -9999.0 -9999.0 -9999.0 -9999.0 -9999.0 -9999.0 -9999.0 -9999.0 -9999.0 -9999.0 -9999.0 -9999.0 -9999.0 -9999.0 -9999.0 -9999.0 -9999.0 -9999.0 -9999.0 -9999.0 -9999.0 -9999.0 -9999.0 -9999.0 -9999.0 -9999.0 -9999.0 -9999.0 -9999.0 -9999.0 -9999.0 -9999.0 -9999.0 -9999.0 -9999.0 -9999.0 -9999.0 -9999.0 -9999.0 -9999.0 -9999.0 -9999.0 -9999.0 -9999.0 -9999.0 -9999.0 -9999.0 -9999.0 -9999.0 -9999.0 -9999.0 -9999.0 -9999.0 -9999.0 -9999.0 -9999.0 -9999.0 -9999.0 -9999.0 -9999.0 -9999.0 -9999.0 -9999.0 -9999.0 -9999.0 -9999.0 -9999.0 -9999.0 -9999.0 -9999.0 -9999.0 -9999.0 -9999.0 -9999.0 -9999.0 -9999.0 -9999.0 -9999.0 -9999.0 -9999.0 -9999.0 -9999.0 -9999.0 -9999.0 -9999.0 -9999.0 -9999.0 -9999.0 -9999.0 -9999.0 -9999.0 -9999.0 -9999.0 -9999.0 -9999.0 -9999.0