inst/processing_geotop_simulation/geotop_simulation/out/maps3D/PwL0019N0284.asc
ncols         104
nrows         10
xllcorner     -2.000000
yllcorner     0.000000
cellsize      1.000000
NODATA_value  -9999.0
-9999.0 -9999.0 -9999.0 -9999.0 -9999.0 -9999.0 -9999.0 -9999.0 -9999.0 -9999.0 -9999.0 -9999.0 -9999.0 -9999.0 -9999.0 -9999.0 -9999.0 -9999.0 -9999.0 -9999.0 -9999.0 -9999.0 -9999.0 -9999.0 -9999.0 -9999.0 -9999.0 -9999.0 -9999.0 -9999.0 -9999.0 -9999.0 -9999.0 -9999.0 -9999.0 -9999.0 -9999.0 -9999.0 -9999.0 -9999.0 -9999.0 -9999.0 -9999.0 -9999.0 -9999.0 -9999.0 -9999.0 -9999.0 -9999.0 -9999.0 -9999.0 -9999.0 -9999.0 -9999.0 -9999.0 -9999.0 -9999.0 -9999.0 -9999.0 -9999.0 -9999.0 -9999.0 -9999.0 -9999.0 -9999.0 -9999.0 -9999.0 -9999.0 -9999.0 -9999.0 -9999.0 -9999.0 -9999.0 -9999.0 -9999.0 -9999.0 -9999.0 -9999.0 -9999.0 -9999.0 -9999.0 -9999.0 -9999.0 -9999.0 -9999.0 -9999.0 -9999.0 -9999.0 -9999.0 -9999.0 -9999.0 -9999.0 -9999.0 -9999.0 -9999.0 -9999.0 -9999.0 -9999.0 -9999.0 -9999.0 -9999.0 -9999.0 -9999.0 -9999.0
-9999.0 -9999.0 -9999.0 -9999.0 -9999.0 -9999.0 -9999.0 -9999.0 -9999.0 -9999.0 -9999.0 -9999.0 -9999.0 -9999.0 -9999.0 -9999.0 -9999.0 -9999.0 -9999.0 -9999.0 -9999.0 -9999.0 -9999.0 -9999.0 -9999.0 -9999.0 -9999.0 -9999.0 -9999.0 -9999.0 -9999.0 -9999.0 -9999.0 -9999.0 -9999.0 -9999.0 -9999.0 -9999.0 -9999.0 -9999.0 -9999.0 -9999.0 -9999.0 -9999.0 -9999.0 -9999.0 -9999.0 -9999.0 -9999.0 -9999.0 -9999.0 -9999.0 -9999.0 -9999.0 -9999.0 -9999.0 -9999.0 -9999.0 -9999.0 -9999.0 -9999.0 -9999.0 -9999.0 -9999.0 -9999.0 -9999.0 -9999.0 -9999.0 -9999.0 -9999.0 -9999.0 -9999.0 -9999.0 -9999.0 -9999.0 -9999.0 -9999.0 -9999.0 -9999.0 -9999.0 -9999.0 -9999.0 -9999.0 -9999.0 -9999.0 -9999.0 -9999.0 -9999.0 -9999.0 -9999.0 -9999.0 -9999.0 -9999.0 -9999.0 -9999.0 -9999.0 -9999.0 -9999.0 -9999.0 -9999.0 -9999.0 -9999.0 -9999.0 -9999.0
-9999.0 -9999.0 921.839529 823.723409 725.430048 626.895973 528.232369 429.511070 330.771367 232.034641 133.312801 34.613204 -64.054235 -162.686687 -261.260611 -359.723777 -457.973038 -555.822571 -652.962544 -749.680262 -846.366867 -942.300894 -1037.216429 -1126.829290 -1205.885632 -1275.045138 -1333.137308 -1380.018442 -1416.474259 -1443.912705 -1464.004040 -1478.390213 -1488.510846 -1495.534450 -1500.359791 -1503.654618 -1505.914872 -1507.568865 -1509.294719 -1513.147084 -1526.016749 -1574.221451 -1899.816538 -3980.503823 -4034.645969 -4034.651203 -4034.583813 -4033.891902 -4030.796609 -4021.379874 -3998.057146 -3942.220750 -3870.768065 -3799.592259 -3710.652878 -3591.132435 -3432.179935 -3236.297808 -3020.141612 -2804.491046 -2563.537162 -1612.018694 -1532.501026 -1517.738355 -1512.328397 -1510.960111 -1510.694304 -1510.649585 -1510.642957 -1510.642528 -1510.643030 -1510.643577 -1510.644031 -1510.644391 -1510.644676 -1510.644905 -1510.645095 -1510.645256 -1510.645398 -1510.645529 -1510.645660 -1510.645803 -1510.645975 -1510.646200 -1510.646515 -1510.646980 -1510.647691 -1510.648810 -1510.650612 -1510.653590 -1510.658646 -1510.667490 -1510.683459 -1510.713220 -1510.770425 -1510.884065 -1511.119191 -1511.632357 -1512.826618 -1515.808371 -1523.921581 -1549.073420 -9999.0 -9999.0
-9999.0 -9999.0 921.842710 823.724607 725.430438 626.896100 528.232412 429.511085 330.771372 232.034643 133.312802 34.613204 -64.054234 -162.686687 -261.260610 -359.723777 -457.973038 -555.822572 -652.962544 -749.680262 -846.366867 -942.300894 -1037.216429 -1126.829291 -1205.885632 -1275.045138 -1333.137308 -1380.018443 -1416.474259 -1443.912705 -1464.004040 -1478.390213 -1488.510846 -1495.534450 -1500.359791 -1503.654618 -1505.914872 -1507.568865 -1509.294719 -1513.147084 -1526.016749 -1574.221451 -1899.816538 -3980.503823 -4034.645969 -4034.651203 -4034.583813 -4033.891902 -4030.796609 -4021.379874 -3998.057145 -3942.220749 -3870.768065 -3799.592258 -3710.652878 -3591.132434 -3432.179933 -3236.297807 -3020.141611 -2804.491046 -2563.537162 -1612.018694 -1532.501026 -1517.738355 -1512.328397 -1510.960111 -1510.694304 -1510.649585 -1510.642957 -1510.642528 -1510.643030 -1510.643577 -1510.644031 -1510.644391 -1510.644676 -1510.644905 -1510.645095 -1510.645256 -1510.645398 -1510.645529 -1510.645660 -1510.645803 -1510.645975 -1510.646200 -1510.646515 -1510.646980 -1510.647691 -1510.648810 -1510.650612 -1510.653590 -1510.658646 -1510.667490 -1510.683459 -1510.713220 -1510.770425 -1510.884065 -1511.119191 -1511.632357 -1512.826618 -1515.808371 -1523.921581 -1549.073420 -9999.0 -9999.0
-9999.0 -9999.0 921.843902 823.725245 725.430706 626.896203 528.232449 429.511099 330.771377 232.034645 133.312803 34.613205 -64.054234 -162.686686 -261.260611 -359.723777 -457.973038 -555.822572 -652.962544 -749.680262 -846.366867 -942.300894 -1037.216429 -1126.829291 -1205.885632 -1275.045138 -1333.137308 -1380.018443 -1416.474259 -1443.912705 -1464.004040 -1478.390213 -1488.510846 -1495.534450 -1500.359791 -1503.654618 -1505.914872 -1507.568865 -1509.294719 -1513.147084 -1526.016749 -1574.221451 -1899.816538 -3980.503823 -4034.645969 -4034.651203 -4034.583813 -4033.891902 -4030.796609 -4021.379874 -3998.057145 -3942.220749 -3870.768065 -3799.592258 -3710.652878 -3591.132434 -3432.179933 -3236.297807 -3020.141611 -2804.491045 -2563.537161 -1612.018693 -1532.501026 -1517.738355 -1512.328397 -1510.960111 -1510.694304 -1510.649585 -1510.642957 -1510.642528 -1510.643030 -1510.643577 -1510.644031 -1510.644391 -1510.644676 -1510.644905 -1510.645095 -1510.645256 -1510.645398 -1510.645529 -1510.645660 -1510.645803 -1510.645975 -1510.646200 -1510.646515 -1510.646980 -1510.647691 -1510.648810 -1510.650612 -1510.653590 -1510.658646 -1510.667490 -1510.683459 -1510.713220 -1510.770425 -1510.884065 -1511.119191 -1511.632357 -1512.826618 -1515.808371 -1523.921581 -1549.073420 -9999.0 -9999.0
-9999.0 -9999.0 921.843902 823.725245 725.430706 626.896203 528.232449 429.511099 330.771377 232.034645 133.312803 34.613205 -64.054234 -162.686687 -261.260610 -359.723777 -457.973038 -555.822572 -652.962544 -749.680262 -846.366867 -942.300894 -1037.216429 -1126.829291 -1205.885632 -1275.045138 -1333.137308 -1380.018443 -1416.474259 -1443.912705 -1464.004040 -1478.390213 -1488.510846 -1495.534450 -1500.359791 -1503.654618 -1505.914872 -1507.568865 -1509.294719 -1513.147084 -1526.016749 -1574.221451 -1899.816538 -3980.503823 -4034.645969 -4034.651203 -4034.583813 -4033.891902 -4030.796609 -4021.379874 -3998.057145 -3942.220749 -3870.768065 -3799.592258 -3710.652878 -3591.132434 -3432.179933 -3236.297807 -3020.141611 -2804.491045 -2563.537161 -1612.018694 -1532.501026 -1517.738355 -1512.328397 -1510.960111 -1510.694304 -1510.649585 -1510.642957 -1510.642528 -1510.643030 -1510.643577 -1510.644031 -1510.644391 -1510.644676 -1510.644905 -1510.645095 -1510.645256 -1510.645398 -1510.645529 -1510.645660 -1510.645803 -1510.645975 -1510.646200 -1510.646515 -1510.646980 -1510.647691 -1510.648810 -1510.650612 -1510.653590 -1510.658646 -1510.667490 -1510.683459 -1510.713220 -1510.770425 -1510.884065 -1511.119191 -1511.632357 -1512.826618 -1515.808371 -1523.921581 -1549.073420 -9999.0 -9999.0
-9999.0 -9999.0 921.842710 823.724607 725.430438 626.896100 528.232411 429.511085 330.771372 232.034643 133.312802 34.613205 -64.054235 -162.686687 -261.260611 -359.723777 -457.973038 -555.822572 -652.962544 -749.680262 -846.366867 -942.300894 -1037.216429 -1126.829291 -1205.885632 -1275.045138 -1333.137308 -1380.018443 -1416.474259 -1443.912705 -1464.004040 -1478.390213 -1488.510846 -1495.534450 -1500.359791 -1503.654618 -1505.914872 -1507.568865 -1509.294719 -1513.147084 -1526.016749 -1574.221451 -1899.816538 -3980.503823 -4034.645969 -4034.651203 -4034.583813 -4033.891902 -4030.796609 -4021.379874 -3998.057145 -3942.220749 -3870.768065 -3799.592258 -3710.652878 -3591.132434 -3432.179934 -3236.297807 -3020.141611 -2804.491045 -2563.537162 -1612.018694 -1532.501026 -1517.738355 -1512.328397 -1510.960111 -1510.694304 -1510.649585 -1510.642957 -1510.642528 -1510.643030 -1510.643577 -1510.644031 -1510.644391 -1510.644676 -1510.644905 -1510.645095 -1510.645256 -1510.645398 -1510.645529 -1510.645660 -1510.645803 -1510.645975 -1510.646200 -1510.646515 -1510.646980 -1510.647691 -1510.648810 -1510.650612 -1510.653590 -1510.658646 -1510.667490 -1510.683459 -1510.713220 -1510.770425 -1510.884065 -1511.119191 -1511.632357 -1512.826618 -1515.808371 -1523.921581 -1549.073420 -9999.0 -9999.0
-9999.0 -9999.0 921.839529 823.723409 725.430048 626.895973 528.232369 429.511070 330.771367 232.034641 133.312801 34.613204 -64.054235 -162.686687 -261.260610 -359.723777 -457.973038 -555.822572 -652.962544 -749.680262 -846.366867 -942.300894 -1037.216429 -1126.829290 -1205.885632 -1275.045138 -1333.137308 -1380.018442 -1416.474259 -1443.912705 -1464.004040 -1478.390213 -1488.510846 -1495.534450 -1500.359791 -1503.654618 -1505.914872 -1507.568865 -1509.294719 -1513.147084 -1526.016749 -1574.221451 -1899.816538 -3980.503823 -4034.645969 -4034.651203 -4034.583813 -4033.891902 -4030.796609 -4021.379874 -3998.057146 -3942.220750 -3870.768065 -3799.592259 -3710.652878 -3591.132435 -3432.179934 -3236.297808 -3020.141612 -2804.491046 -2563.537162 -1612.018694 -1532.501026 -1517.738355 -1512.328397 -1510.960111 -1510.694304 -1510.649585 -1510.642957 -1510.642528 -1510.643030 -1510.643577 -1510.644031 -1510.644391 -1510.644676 -1510.644905 -1510.645095 -1510.645256 -1510.645398 -1510.645529 -1510.645660 -1510.645803 -1510.645975 -1510.646200 -1510.646515 -1510.646980 -1510.647691 -1510.648810 -1510.650612 -1510.653590 -1510.658646 -1510.667490 -1510.683459 -1510.713220 -1510.770425 -1510.884065 -1511.119191 -1511.632357 -1512.826618 -1515.808371 -1523.921581 -1549.073420 -9999.0 -9999.0
-9999.0 -9999.0 -9999.0 -9999.0 -9999.0 -9999.0 -9999.0 -9999.0 -9999.0 -9999.0 -9999.0 -9999.0 -9999.0 -9999.0 -9999.0 -9999.0 -9999.0 -9999.0 -9999.0 -9999.0 -9999.0 -9999.0 -9999.0 -9999.0 -9999.0 -9999.0 -9999.0 -9999.0 -9999.0 -9999.0 -9999.0 -9999.0 -9999.0 -9999.0 -9999.0 -9999.0 -9999.0 -9999.0 -9999.0 -9999.0 -9999.0 -9999.0 -9999.0 -9999.0 -9999.0 -9999.0 -9999.0 -9999.0 -9999.0 -9999.0 -9999.0 -9999.0 -9999.0 -9999.0 -9999.0 -9999.0 -9999.0 -9999.0 -9999.0 -9999.0 -9999.0 -9999.0 -9999.0 -9999.0 -9999.0 -9999.0 -9999.0 -9999.0 -9999.0 -9999.0 -9999.0 -9999.0 -9999.0 -9999.0 -9999.0 -9999.0 -9999.0 -9999.0 -9999.0 -9999.0 -9999.0 -9999.0 -9999.0 -9999.0 -9999.0 -9999.0 -9999.0 -9999.0 -9999.0 -9999.0 -9999.0 -9999.0 -9999.0 -9999.0 -9999.0 -9999.0 -9999.0 -9999.0 -9999.0 -9999.0 -9999.0 -9999.0 -9999.0 -9999.0
-9999.0 -9999.0 -9999.0 -9999.0 -9999.0 -9999.0 -9999.0 -9999.0 -9999.0 -9999.0 -9999.0 -9999.0 -9999.0 -9999.0 -9999.0 -9999.0 -9999.0 -9999.0 -9999.0 -9999.0 -9999.0 -9999.0 -9999.0 -9999.0 -9999.0 -9999.0 -9999.0 -9999.0 -9999.0 -9999.0 -9999.0 -9999.0 -9999.0 -9999.0 -9999.0 -9999.0 -9999.0 -9999.0 -9999.0 -9999.0 -9999.0 -9999.0 -9999.0 -9999.0 -9999.0 -9999.0 -9999.0 -9999.0 -9999.0 -9999.0 -9999.0 -9999.0 -9999.0 -9999.0 -9999.0 -9999.0 -9999.0 -9999.0 -9999.0 -9999.0 -9999.0 -9999.0 -9999.0 -9999.0 -9999.0 -9999.0 -9999.0 -9999.0 -9999.0 -9999.0 -9999.0 -9999.0 -9999.0 -9999.0 -9999.0 -9999.0 -9999.0 -9999.0 -9999.0 -9999.0 -9999.0 -9999.0 -9999.0 -9999.0 -9999.0 -9999.0 -9999.0 -9999.0 -9999.0 -9999.0 -9999.0 -9999.0 -9999.0 -9999.0 -9999.0 -9999.0 -9999.0 -9999.0 -9999.0 -9999.0 -9999.0 -9999.0 -9999.0 -9999.0