inst/processing_geotop_simulation/geotop_simulation/out/maps3D/PwL0005N0282.asc
ncols         104
nrows         10
xllcorner     -2.000000
yllcorner     0.000000
cellsize      1.000000
NODATA_value  -9999.0
-9999.0 -9999.0 -9999.0 -9999.0 -9999.0 -9999.0 -9999.0 -9999.0 -9999.0 -9999.0 -9999.0 -9999.0 -9999.0 -9999.0 -9999.0 -9999.0 -9999.0 -9999.0 -9999.0 -9999.0 -9999.0 -9999.0 -9999.0 -9999.0 -9999.0 -9999.0 -9999.0 -9999.0 -9999.0 -9999.0 -9999.0 -9999.0 -9999.0 -9999.0 -9999.0 -9999.0 -9999.0 -9999.0 -9999.0 -9999.0 -9999.0 -9999.0 -9999.0 -9999.0 -9999.0 -9999.0 -9999.0 -9999.0 -9999.0 -9999.0 -9999.0 -9999.0 -9999.0 -9999.0 -9999.0 -9999.0 -9999.0 -9999.0 -9999.0 -9999.0 -9999.0 -9999.0 -9999.0 -9999.0 -9999.0 -9999.0 -9999.0 -9999.0 -9999.0 -9999.0 -9999.0 -9999.0 -9999.0 -9999.0 -9999.0 -9999.0 -9999.0 -9999.0 -9999.0 -9999.0 -9999.0 -9999.0 -9999.0 -9999.0 -9999.0 -9999.0 -9999.0 -9999.0 -9999.0 -9999.0 -9999.0 -9999.0 -9999.0 -9999.0 -9999.0 -9999.0 -9999.0 -9999.0 -9999.0 -9999.0 -9999.0 -9999.0 -9999.0 -9999.0
-9999.0 -9999.0 -9999.0 -9999.0 -9999.0 -9999.0 -9999.0 -9999.0 -9999.0 -9999.0 -9999.0 -9999.0 -9999.0 -9999.0 -9999.0 -9999.0 -9999.0 -9999.0 -9999.0 -9999.0 -9999.0 -9999.0 -9999.0 -9999.0 -9999.0 -9999.0 -9999.0 -9999.0 -9999.0 -9999.0 -9999.0 -9999.0 -9999.0 -9999.0 -9999.0 -9999.0 -9999.0 -9999.0 -9999.0 -9999.0 -9999.0 -9999.0 -9999.0 -9999.0 -9999.0 -9999.0 -9999.0 -9999.0 -9999.0 -9999.0 -9999.0 -9999.0 -9999.0 -9999.0 -9999.0 -9999.0 -9999.0 -9999.0 -9999.0 -9999.0 -9999.0 -9999.0 -9999.0 -9999.0 -9999.0 -9999.0 -9999.0 -9999.0 -9999.0 -9999.0 -9999.0 -9999.0 -9999.0 -9999.0 -9999.0 -9999.0 -9999.0 -9999.0 -9999.0 -9999.0 -9999.0 -9999.0 -9999.0 -9999.0 -9999.0 -9999.0 -9999.0 -9999.0 -9999.0 -9999.0 -9999.0 -9999.0 -9999.0 -9999.0 -9999.0 -9999.0 -9999.0 -9999.0 -9999.0 -9999.0 -9999.0 -9999.0 -9999.0 -9999.0
-9999.0 -9999.0 226.294529 130.116212 32.241766 -66.155146 -164.754697 -263.432823 -362.120423 -460.769613 -559.309521 -657.560539 -755.417012 -852.984929 -950.328133 -1047.716749 -1144.531633 -1239.707353 -1332.798098 -1422.638127 -1506.642511 -1581.108763 -1643.139518 -1691.951680 -1728.668223 -1755.394623 -1774.405000 -1787.702626 -1796.882410 -1803.148535 -1807.383767 -1810.222110 -1812.111056 -1813.361440 -1814.186406 -1814.732512 -1815.108988 -1815.441502 -1816.082095 -1818.364529 -1824.570258 -1802.202320 -1142.222864 -1157.057521 -1141.759531 -1131.871190 -1127.247589 -1126.565204 -1126.493177 -1126.500664 -1126.519675 -1126.540096 -1126.559720 -1126.577890 -1126.594749 -1126.614293 -1126.674516 -1127.079488 -1129.528671 -1134.999278 -1142.617033 -1117.079477 -1777.078931 -1818.485186 -1817.010225 -1816.084744 -1815.894415 -1815.862857 -1815.858376 -1815.858319 -1815.858907 -1815.859481 -1815.859940 -1815.860293 -1815.860565 -1815.860776 -1815.860943 -1815.861079 -1815.861194 -1815.861296 -1815.861398 -1815.861510 -1815.861653 -1815.861850 -1815.862142 -1815.862590 -1815.863296 -1815.864426 -1815.866268 -1815.869326 -1815.874522 -1815.883592 -1815.899899 -1815.930101 -1815.987612 -1816.100067 -1816.326750 -1816.803429 -1817.867936 -1820.446081 -1827.460569 -1850.306967 -9999.0 -9999.0
-9999.0 -9999.0 226.303596 130.118184 32.242274 -66.154998 -164.754649 -263.432807 -362.120417 -460.769610 -559.309520 -657.560539 -755.417012 -852.984929 -950.328133 -1047.716749 -1144.531633 -1239.707353 -1332.798098 -1422.638128 -1506.642511 -1581.108763 -1643.139518 -1691.951680 -1728.668223 -1755.394623 -1774.405000 -1787.702626 -1796.882410 -1803.148535 -1807.383767 -1810.222110 -1812.111056 -1813.361440 -1814.186406 -1814.732512 -1815.108988 -1815.441502 -1816.082095 -1818.364529 -1824.570258 -1802.202320 -1142.222864 -1157.057521 -1141.759531 -1131.871189 -1127.247589 -1126.565204 -1126.493177 -1126.500664 -1126.519675 -1126.540096 -1126.559720 -1126.577890 -1126.594749 -1126.614293 -1126.674516 -1127.079488 -1129.528671 -1134.999278 -1142.617033 -1117.079477 -1777.078931 -1818.485186 -1817.010225 -1816.084744 -1815.894415 -1815.862857 -1815.858376 -1815.858319 -1815.858907 -1815.859481 -1815.859940 -1815.860293 -1815.860565 -1815.860776 -1815.860943 -1815.861079 -1815.861194 -1815.861296 -1815.861398 -1815.861510 -1815.861653 -1815.861850 -1815.862142 -1815.862590 -1815.863296 -1815.864426 -1815.866268 -1815.869326 -1815.874522 -1815.883592 -1815.899899 -1815.930101 -1815.987612 -1816.100067 -1816.326750 -1816.803429 -1817.867936 -1820.446081 -1827.460569 -1850.306967 -9999.0 -9999.0
-9999.0 -9999.0 226.305020 130.118997 32.242596 -66.154881 -164.754608 -263.432793 -362.120411 -460.769608 -559.309519 -657.560538 -755.417012 -852.984929 -950.328133 -1047.716749 -1144.531633 -1239.707353 -1332.798098 -1422.638128 -1506.642511 -1581.108763 -1643.139519 -1691.951680 -1728.668223 -1755.394623 -1774.405000 -1787.702626 -1796.882410 -1803.148535 -1807.383767 -1810.222110 -1812.111056 -1813.361440 -1814.186406 -1814.732512 -1815.108988 -1815.441502 -1816.082095 -1818.364529 -1824.570258 -1802.202320 -1142.222864 -1157.057521 -1141.759531 -1131.871189 -1127.247589 -1126.565204 -1126.493177 -1126.500664 -1126.519675 -1126.540096 -1126.559720 -1126.577890 -1126.594749 -1126.614293 -1126.674516 -1127.079488 -1129.528671 -1134.999278 -1142.617033 -1117.079477 -1777.078931 -1818.485186 -1817.010225 -1816.084744 -1815.894415 -1815.862857 -1815.858376 -1815.858319 -1815.858907 -1815.859481 -1815.859940 -1815.860293 -1815.860565 -1815.860776 -1815.860943 -1815.861079 -1815.861194 -1815.861296 -1815.861398 -1815.861510 -1815.861653 -1815.861850 -1815.862142 -1815.862590 -1815.863296 -1815.864426 -1815.866268 -1815.869326 -1815.874522 -1815.883592 -1815.899899 -1815.930101 -1815.987612 -1816.100067 -1816.326750 -1816.803429 -1817.867936 -1820.446081 -1827.460569 -1850.306967 -9999.0 -9999.0
-9999.0 -9999.0 226.305020 130.118997 32.242596 -66.154881 -164.754608 -263.432793 -362.120411 -460.769608 -559.309519 -657.560538 -755.417012 -852.984929 -950.328133 -1047.716749 -1144.531633 -1239.707353 -1332.798098 -1422.638128 -1506.642511 -1581.108763 -1643.139519 -1691.951680 -1728.668223 -1755.394623 -1774.405000 -1787.702626 -1796.882410 -1803.148535 -1807.383767 -1810.222110 -1812.111056 -1813.361440 -1814.186406 -1814.732512 -1815.108988 -1815.441502 -1816.082095 -1818.364529 -1824.570258 -1802.202320 -1142.222864 -1157.057521 -1141.759531 -1131.871189 -1127.247589 -1126.565204 -1126.493177 -1126.500664 -1126.519675 -1126.540096 -1126.559720 -1126.577890 -1126.594749 -1126.614293 -1126.674516 -1127.079488 -1129.528671 -1134.999278 -1142.617033 -1117.079477 -1777.078931 -1818.485186 -1817.010225 -1816.084744 -1815.894415 -1815.862857 -1815.858376 -1815.858319 -1815.858907 -1815.859481 -1815.859940 -1815.860293 -1815.860565 -1815.860776 -1815.860943 -1815.861079 -1815.861194 -1815.861296 -1815.861398 -1815.861510 -1815.861653 -1815.861850 -1815.862142 -1815.862590 -1815.863296 -1815.864426 -1815.866268 -1815.869326 -1815.874522 -1815.883592 -1815.899899 -1815.930101 -1815.987612 -1816.100067 -1816.326750 -1816.803429 -1817.867936 -1820.446081 -1827.460569 -1850.306967 -9999.0 -9999.0
-9999.0 -9999.0 226.303596 130.118184 32.242273 -66.154998 -164.754649 -263.432807 -362.120417 -460.769610 -559.309520 -657.560539 -755.417012 -852.984929 -950.328133 -1047.716749 -1144.531633 -1239.707353 -1332.798098 -1422.638128 -1506.642511 -1581.108763 -1643.139518 -1691.951680 -1728.668223 -1755.394623 -1774.405000 -1787.702626 -1796.882410 -1803.148535 -1807.383767 -1810.222110 -1812.111056 -1813.361440 -1814.186406 -1814.732512 -1815.108988 -1815.441502 -1816.082095 -1818.364529 -1824.570258 -1802.202320 -1142.222864 -1157.057521 -1141.759531 -1131.871189 -1127.247589 -1126.565204 -1126.493177 -1126.500664 -1126.519675 -1126.540096 -1126.559720 -1126.577890 -1126.594749 -1126.614293 -1126.674516 -1127.079488 -1129.528671 -1134.999278 -1142.617033 -1117.079477 -1777.078931 -1818.485186 -1817.010225 -1816.084744 -1815.894415 -1815.862857 -1815.858376 -1815.858319 -1815.858907 -1815.859481 -1815.859940 -1815.860293 -1815.860565 -1815.860776 -1815.860943 -1815.861079 -1815.861194 -1815.861296 -1815.861398 -1815.861510 -1815.861653 -1815.861850 -1815.862142 -1815.862590 -1815.863296 -1815.864426 -1815.866268 -1815.869326 -1815.874522 -1815.883592 -1815.899899 -1815.930101 -1815.987612 -1816.100067 -1816.326750 -1816.803429 -1817.867936 -1820.446081 -1827.460569 -1850.306967 -9999.0 -9999.0
-9999.0 -9999.0 226.294529 130.116212 32.241766 -66.155146 -164.754697 -263.432823 -362.120423 -460.769613 -559.309521 -657.560539 -755.417012 -852.984929 -950.328133 -1047.716749 -1144.531633 -1239.707353 -1332.798098 -1422.638127 -1506.642511 -1581.108763 -1643.139518 -1691.951680 -1728.668223 -1755.394623 -1774.405000 -1787.702626 -1796.882410 -1803.148535 -1807.383767 -1810.222110 -1812.111056 -1813.361440 -1814.186406 -1814.732512 -1815.108988 -1815.441502 -1816.082095 -1818.364529 -1824.570258 -1802.202320 -1142.222864 -1157.057521 -1141.759531 -1131.871190 -1127.247589 -1126.565204 -1126.493177 -1126.500664 -1126.519675 -1126.540096 -1126.559720 -1126.577890 -1126.594749 -1126.614293 -1126.674516 -1127.079488 -1129.528671 -1134.999278 -1142.617033 -1117.079477 -1777.078931 -1818.485186 -1817.010225 -1816.084744 -1815.894415 -1815.862857 -1815.858376 -1815.858319 -1815.858907 -1815.859481 -1815.859940 -1815.860293 -1815.860565 -1815.860776 -1815.860943 -1815.861079 -1815.861194 -1815.861296 -1815.861398 -1815.861510 -1815.861653 -1815.861850 -1815.862142 -1815.862590 -1815.863296 -1815.864426 -1815.866268 -1815.869326 -1815.874522 -1815.883592 -1815.899899 -1815.930101 -1815.987612 -1816.100067 -1816.326750 -1816.803429 -1817.867936 -1820.446081 -1827.460569 -1850.306967 -9999.0 -9999.0
-9999.0 -9999.0 -9999.0 -9999.0 -9999.0 -9999.0 -9999.0 -9999.0 -9999.0 -9999.0 -9999.0 -9999.0 -9999.0 -9999.0 -9999.0 -9999.0 -9999.0 -9999.0 -9999.0 -9999.0 -9999.0 -9999.0 -9999.0 -9999.0 -9999.0 -9999.0 -9999.0 -9999.0 -9999.0 -9999.0 -9999.0 -9999.0 -9999.0 -9999.0 -9999.0 -9999.0 -9999.0 -9999.0 -9999.0 -9999.0 -9999.0 -9999.0 -9999.0 -9999.0 -9999.0 -9999.0 -9999.0 -9999.0 -9999.0 -9999.0 -9999.0 -9999.0 -9999.0 -9999.0 -9999.0 -9999.0 -9999.0 -9999.0 -9999.0 -9999.0 -9999.0 -9999.0 -9999.0 -9999.0 -9999.0 -9999.0 -9999.0 -9999.0 -9999.0 -9999.0 -9999.0 -9999.0 -9999.0 -9999.0 -9999.0 -9999.0 -9999.0 -9999.0 -9999.0 -9999.0 -9999.0 -9999.0 -9999.0 -9999.0 -9999.0 -9999.0 -9999.0 -9999.0 -9999.0 -9999.0 -9999.0 -9999.0 -9999.0 -9999.0 -9999.0 -9999.0 -9999.0 -9999.0 -9999.0 -9999.0 -9999.0 -9999.0 -9999.0 -9999.0
-9999.0 -9999.0 -9999.0 -9999.0 -9999.0 -9999.0 -9999.0 -9999.0 -9999.0 -9999.0 -9999.0 -9999.0 -9999.0 -9999.0 -9999.0 -9999.0 -9999.0 -9999.0 -9999.0 -9999.0 -9999.0 -9999.0 -9999.0 -9999.0 -9999.0 -9999.0 -9999.0 -9999.0 -9999.0 -9999.0 -9999.0 -9999.0 -9999.0 -9999.0 -9999.0 -9999.0 -9999.0 -9999.0 -9999.0 -9999.0 -9999.0 -9999.0 -9999.0 -9999.0 -9999.0 -9999.0 -9999.0 -9999.0 -9999.0 -9999.0 -9999.0 -9999.0 -9999.0 -9999.0 -9999.0 -9999.0 -9999.0 -9999.0 -9999.0 -9999.0 -9999.0 -9999.0 -9999.0 -9999.0 -9999.0 -9999.0 -9999.0 -9999.0 -9999.0 -9999.0 -9999.0 -9999.0 -9999.0 -9999.0 -9999.0 -9999.0 -9999.0 -9999.0 -9999.0 -9999.0 -9999.0 -9999.0 -9999.0 -9999.0 -9999.0 -9999.0 -9999.0 -9999.0 -9999.0 -9999.0 -9999.0 -9999.0 -9999.0 -9999.0 -9999.0 -9999.0 -9999.0 -9999.0 -9999.0 -9999.0 -9999.0 -9999.0 -9999.0 -9999.0