inst/processing_geotop_simulation/geotop_simulation/out/maps3D/PwL0019N0089.asc
ncols         104
nrows         10
xllcorner     -2.000000
yllcorner     0.000000
cellsize      1.000000
NODATA_value  -9999.0
-9999.0 -9999.0 -9999.0 -9999.0 -9999.0 -9999.0 -9999.0 -9999.0 -9999.0 -9999.0 -9999.0 -9999.0 -9999.0 -9999.0 -9999.0 -9999.0 -9999.0 -9999.0 -9999.0 -9999.0 -9999.0 -9999.0 -9999.0 -9999.0 -9999.0 -9999.0 -9999.0 -9999.0 -9999.0 -9999.0 -9999.0 -9999.0 -9999.0 -9999.0 -9999.0 -9999.0 -9999.0 -9999.0 -9999.0 -9999.0 -9999.0 -9999.0 -9999.0 -9999.0 -9999.0 -9999.0 -9999.0 -9999.0 -9999.0 -9999.0 -9999.0 -9999.0 -9999.0 -9999.0 -9999.0 -9999.0 -9999.0 -9999.0 -9999.0 -9999.0 -9999.0 -9999.0 -9999.0 -9999.0 -9999.0 -9999.0 -9999.0 -9999.0 -9999.0 -9999.0 -9999.0 -9999.0 -9999.0 -9999.0 -9999.0 -9999.0 -9999.0 -9999.0 -9999.0 -9999.0 -9999.0 -9999.0 -9999.0 -9999.0 -9999.0 -9999.0 -9999.0 -9999.0 -9999.0 -9999.0 -9999.0 -9999.0 -9999.0 -9999.0 -9999.0 -9999.0 -9999.0 -9999.0 -9999.0 -9999.0 -9999.0 -9999.0 -9999.0 -9999.0
-9999.0 -9999.0 -9999.0 -9999.0 -9999.0 -9999.0 -9999.0 -9999.0 -9999.0 -9999.0 -9999.0 -9999.0 -9999.0 -9999.0 -9999.0 -9999.0 -9999.0 -9999.0 -9999.0 -9999.0 -9999.0 -9999.0 -9999.0 -9999.0 -9999.0 -9999.0 -9999.0 -9999.0 -9999.0 -9999.0 -9999.0 -9999.0 -9999.0 -9999.0 -9999.0 -9999.0 -9999.0 -9999.0 -9999.0 -9999.0 -9999.0 -9999.0 -9999.0 -9999.0 -9999.0 -9999.0 -9999.0 -9999.0 -9999.0 -9999.0 -9999.0 -9999.0 -9999.0 -9999.0 -9999.0 -9999.0 -9999.0 -9999.0 -9999.0 -9999.0 -9999.0 -9999.0 -9999.0 -9999.0 -9999.0 -9999.0 -9999.0 -9999.0 -9999.0 -9999.0 -9999.0 -9999.0 -9999.0 -9999.0 -9999.0 -9999.0 -9999.0 -9999.0 -9999.0 -9999.0 -9999.0 -9999.0 -9999.0 -9999.0 -9999.0 -9999.0 -9999.0 -9999.0 -9999.0 -9999.0 -9999.0 -9999.0 -9999.0 -9999.0 -9999.0 -9999.0 -9999.0 -9999.0 -9999.0 -9999.0 -9999.0 -9999.0 -9999.0 -9999.0
-9999.0 -9999.0 928.358978 832.260337 735.780052 638.805017 541.589813 444.302644 347.038213 249.847690 152.761282 55.892468 -40.653110 -136.993623 -233.519866 -331.088793 -431.076129 -535.049999 -644.065821 -757.760449 -852.421502 -938.775117 -1013.573792 -1048.518831 -1045.525820 -1039.448569 -1033.825217 -1029.633911 -1026.848654 -1025.153226 -1024.213421 -1023.758863 -1023.594630 -1023.589851 -1023.661825 -1023.763665 -1023.881105 -1024.038028 -1024.335598 -1025.730240 -1036.590434 -1137.625927 -2094.392973 -4029.111908 -4034.653335 -4034.653465 -4034.653464 -4034.653435 -4034.653238 -4034.652388 -4034.649461 -4034.639088 -4034.618890 -4034.589299 -4034.534378 -4034.414831 -4034.118017 -4033.298220 -4030.810487 -4022.606963 -3983.384990 -1911.744559 -1105.973308 -1032.942480 -1025.390169 -1024.564933 -1024.448119 -1024.428564 -1024.426790 -1024.428349 -1024.430202 -1024.431748 -1024.432937 -1024.433839 -1024.434528 -1024.435064 -1024.435488 -1024.435830 -1024.436115 -1024.436366 -1024.436609 -1024.436877 -1024.437211 -1024.437673 -1024.438353 -1024.439397 -1024.441035 -1024.443647 -1024.447872 -1024.454818 -1024.466462 -1024.486472 -1024.521865 -1024.586413 -1024.707577 -1024.940710 -1025.399612 -1026.331319 -1028.331743 -1033.011539 -1044.886432 -1076.036392 -9999.0 -9999.0
-9999.0 -9999.0 928.362398 832.261626 735.780470 638.805152 541.589858 444.302659 347.038217 249.847691 152.761283 55.892468 -40.653110 -136.993623 -233.519866 -331.088792 -431.076128 -535.049999 -644.065821 -757.760449 -852.421502 -938.775117 -1013.573792 -1048.518831 -1045.525820 -1039.448569 -1033.825217 -1029.633911 -1026.848654 -1025.153226 -1024.213421 -1023.758863 -1023.594630 -1023.589851 -1023.661825 -1023.763665 -1023.881105 -1024.038028 -1024.335598 -1025.730240 -1036.590434 -1137.625927 -2094.392973 -4029.111908 -4034.653335 -4034.653465 -4034.653464 -4034.653435 -4034.653238 -4034.652388 -4034.649461 -4034.639088 -4034.618890 -4034.589299 -4034.534378 -4034.414831 -4034.118017 -4033.298220 -4030.810487 -4022.606963 -3983.384990 -1911.744559 -1105.973308 -1032.942480 -1025.390169 -1024.564933 -1024.448119 -1024.428564 -1024.426790 -1024.428349 -1024.430202 -1024.431748 -1024.432937 -1024.433839 -1024.434528 -1024.435064 -1024.435488 -1024.435830 -1024.436115 -1024.436366 -1024.436609 -1024.436877 -1024.437211 -1024.437673 -1024.438353 -1024.439397 -1024.441035 -1024.443647 -1024.447872 -1024.454818 -1024.466462 -1024.486472 -1024.521865 -1024.586413 -1024.707577 -1024.940710 -1025.399612 -1026.331319 -1028.331743 -1033.011539 -1044.886432 -1076.036392 -9999.0 -9999.0
-9999.0 -9999.0 928.363681 832.262313 735.780759 638.805262 541.589898 444.302673 347.038222 249.847693 152.761283 55.892468 -40.653110 -136.993623 -233.519866 -331.088792 -431.076128 -535.049998 -644.065820 -757.760449 -852.421501 -938.775117 -1013.573792 -1048.518831 -1045.525820 -1039.448569 -1033.825217 -1029.633911 -1026.848654 -1025.153226 -1024.213421 -1023.758863 -1023.594630 -1023.589851 -1023.661825 -1023.763665 -1023.881105 -1024.038028 -1024.335598 -1025.730240 -1036.590434 -1137.625927 -2094.392973 -4029.111908 -4034.653335 -4034.653465 -4034.653464 -4034.653435 -4034.653238 -4034.652388 -4034.649461 -4034.639088 -4034.618890 -4034.589299 -4034.534378 -4034.414831 -4034.118017 -4033.298220 -4030.810487 -4022.606962 -3983.384990 -1911.744559 -1105.973308 -1032.942480 -1025.390169 -1024.564933 -1024.448119 -1024.428564 -1024.426790 -1024.428349 -1024.430202 -1024.431748 -1024.432937 -1024.433839 -1024.434528 -1024.435064 -1024.435488 -1024.435830 -1024.436115 -1024.436366 -1024.436609 -1024.436877 -1024.437211 -1024.437673 -1024.438353 -1024.439397 -1024.441035 -1024.443647 -1024.447872 -1024.454818 -1024.466462 -1024.486472 -1024.521865 -1024.586413 -1024.707577 -1024.940710 -1025.399612 -1026.331319 -1028.331743 -1033.011539 -1044.886432 -1076.036392 -9999.0 -9999.0
-9999.0 -9999.0 928.363681 832.262313 735.780759 638.805262 541.589898 444.302673 347.038222 249.847693 152.761283 55.892468 -40.653110 -136.993623 -233.519866 -331.088792 -431.076128 -535.049998 -644.065820 -757.760449 -852.421501 -938.775117 -1013.573792 -1048.518831 -1045.525820 -1039.448569 -1033.825217 -1029.633911 -1026.848654 -1025.153226 -1024.213421 -1023.758863 -1023.594630 -1023.589851 -1023.661825 -1023.763665 -1023.881105 -1024.038028 -1024.335598 -1025.730240 -1036.590434 -1137.625927 -2094.392973 -4029.111908 -4034.653335 -4034.653465 -4034.653464 -4034.653435 -4034.653238 -4034.652388 -4034.649461 -4034.639088 -4034.618890 -4034.589299 -4034.534378 -4034.414831 -4034.118017 -4033.298220 -4030.810487 -4022.606962 -3983.384990 -1911.744559 -1105.973308 -1032.942480 -1025.390169 -1024.564933 -1024.448119 -1024.428564 -1024.426790 -1024.428349 -1024.430202 -1024.431748 -1024.432937 -1024.433839 -1024.434528 -1024.435064 -1024.435488 -1024.435830 -1024.436115 -1024.436366 -1024.436609 -1024.436877 -1024.437211 -1024.437673 -1024.438353 -1024.439397 -1024.441035 -1024.443647 -1024.447872 -1024.454818 -1024.466462 -1024.486472 -1024.521865 -1024.586413 -1024.707577 -1024.940710 -1025.399612 -1026.331319 -1028.331743 -1033.011539 -1044.886432 -1076.036392 -9999.0 -9999.0
-9999.0 -9999.0 928.362398 832.261626 735.780470 638.805152 541.589858 444.302659 347.038217 249.847691 152.761283 55.892468 -40.653110 -136.993623 -233.519866 -331.088792 -431.076128 -535.049998 -644.065821 -757.760449 -852.421502 -938.775117 -1013.573792 -1048.518831 -1045.525820 -1039.448569 -1033.825217 -1029.633911 -1026.848654 -1025.153226 -1024.213421 -1023.758863 -1023.594630 -1023.589851 -1023.661825 -1023.763665 -1023.881105 -1024.038028 -1024.335598 -1025.730240 -1036.590434 -1137.625927 -2094.392973 -4029.111908 -4034.653335 -4034.653465 -4034.653464 -4034.653435 -4034.653238 -4034.652388 -4034.649461 -4034.639088 -4034.618890 -4034.589299 -4034.534378 -4034.414831 -4034.118017 -4033.298220 -4030.810487 -4022.606962 -3983.384990 -1911.744559 -1105.973308 -1032.942480 -1025.390169 -1024.564933 -1024.448119 -1024.428564 -1024.426790 -1024.428349 -1024.430202 -1024.431748 -1024.432937 -1024.433839 -1024.434528 -1024.435064 -1024.435488 -1024.435830 -1024.436115 -1024.436366 -1024.436609 -1024.436877 -1024.437211 -1024.437673 -1024.438353 -1024.439397 -1024.441035 -1024.443647 -1024.447872 -1024.454818 -1024.466462 -1024.486472 -1024.521865 -1024.586413 -1024.707577 -1024.940710 -1025.399612 -1026.331319 -1028.331743 -1033.011539 -1044.886432 -1076.036392 -9999.0 -9999.0
-9999.0 -9999.0 928.358978 832.260338 735.780052 638.805017 541.589813 444.302644 347.038213 249.847690 152.761282 55.892468 -40.653110 -136.993623 -233.519866 -331.088793 -431.076129 -535.049999 -644.065821 -757.760449 -852.421502 -938.775117 -1013.573792 -1048.518831 -1045.525820 -1039.448569 -1033.825217 -1029.633911 -1026.848654 -1025.153226 -1024.213421 -1023.758863 -1023.594630 -1023.589851 -1023.661825 -1023.763665 -1023.881105 -1024.038028 -1024.335598 -1025.730240 -1036.590434 -1137.625927 -2094.392973 -4029.111908 -4034.653335 -4034.653465 -4034.653464 -4034.653435 -4034.653238 -4034.652388 -4034.649461 -4034.639088 -4034.618890 -4034.589299 -4034.534378 -4034.414831 -4034.118017 -4033.298220 -4030.810487 -4022.606963 -3983.384990 -1911.744559 -1105.973308 -1032.942480 -1025.390169 -1024.564933 -1024.448119 -1024.428564 -1024.426790 -1024.428349 -1024.430202 -1024.431748 -1024.432937 -1024.433839 -1024.434528 -1024.435064 -1024.435488 -1024.435830 -1024.436115 -1024.436366 -1024.436609 -1024.436877 -1024.437211 -1024.437673 -1024.438353 -1024.439397 -1024.441035 -1024.443647 -1024.447872 -1024.454818 -1024.466462 -1024.486472 -1024.521865 -1024.586413 -1024.707577 -1024.940710 -1025.399612 -1026.331319 -1028.331743 -1033.011539 -1044.886432 -1076.036392 -9999.0 -9999.0
-9999.0 -9999.0 -9999.0 -9999.0 -9999.0 -9999.0 -9999.0 -9999.0 -9999.0 -9999.0 -9999.0 -9999.0 -9999.0 -9999.0 -9999.0 -9999.0 -9999.0 -9999.0 -9999.0 -9999.0 -9999.0 -9999.0 -9999.0 -9999.0 -9999.0 -9999.0 -9999.0 -9999.0 -9999.0 -9999.0 -9999.0 -9999.0 -9999.0 -9999.0 -9999.0 -9999.0 -9999.0 -9999.0 -9999.0 -9999.0 -9999.0 -9999.0 -9999.0 -9999.0 -9999.0 -9999.0 -9999.0 -9999.0 -9999.0 -9999.0 -9999.0 -9999.0 -9999.0 -9999.0 -9999.0 -9999.0 -9999.0 -9999.0 -9999.0 -9999.0 -9999.0 -9999.0 -9999.0 -9999.0 -9999.0 -9999.0 -9999.0 -9999.0 -9999.0 -9999.0 -9999.0 -9999.0 -9999.0 -9999.0 -9999.0 -9999.0 -9999.0 -9999.0 -9999.0 -9999.0 -9999.0 -9999.0 -9999.0 -9999.0 -9999.0 -9999.0 -9999.0 -9999.0 -9999.0 -9999.0 -9999.0 -9999.0 -9999.0 -9999.0 -9999.0 -9999.0 -9999.0 -9999.0 -9999.0 -9999.0 -9999.0 -9999.0 -9999.0 -9999.0
-9999.0 -9999.0 -9999.0 -9999.0 -9999.0 -9999.0 -9999.0 -9999.0 -9999.0 -9999.0 -9999.0 -9999.0 -9999.0 -9999.0 -9999.0 -9999.0 -9999.0 -9999.0 -9999.0 -9999.0 -9999.0 -9999.0 -9999.0 -9999.0 -9999.0 -9999.0 -9999.0 -9999.0 -9999.0 -9999.0 -9999.0 -9999.0 -9999.0 -9999.0 -9999.0 -9999.0 -9999.0 -9999.0 -9999.0 -9999.0 -9999.0 -9999.0 -9999.0 -9999.0 -9999.0 -9999.0 -9999.0 -9999.0 -9999.0 -9999.0 -9999.0 -9999.0 -9999.0 -9999.0 -9999.0 -9999.0 -9999.0 -9999.0 -9999.0 -9999.0 -9999.0 -9999.0 -9999.0 -9999.0 -9999.0 -9999.0 -9999.0 -9999.0 -9999.0 -9999.0 -9999.0 -9999.0 -9999.0 -9999.0 -9999.0 -9999.0 -9999.0 -9999.0 -9999.0 -9999.0 -9999.0 -9999.0 -9999.0 -9999.0 -9999.0 -9999.0 -9999.0 -9999.0 -9999.0 -9999.0 -9999.0 -9999.0 -9999.0 -9999.0 -9999.0 -9999.0 -9999.0 -9999.0 -9999.0 -9999.0 -9999.0 -9999.0 -9999.0 -9999.0