inst/processing_geotop_simulation/geotop_simulation/out/maps3D/PwL0016N0197.asc
ncols         104
nrows         10
xllcorner     -2.000000
yllcorner     0.000000
cellsize      1.000000
NODATA_value  -9999.0
-9999.0 -9999.0 -9999.0 -9999.0 -9999.0 -9999.0 -9999.0 -9999.0 -9999.0 -9999.0 -9999.0 -9999.0 -9999.0 -9999.0 -9999.0 -9999.0 -9999.0 -9999.0 -9999.0 -9999.0 -9999.0 -9999.0 -9999.0 -9999.0 -9999.0 -9999.0 -9999.0 -9999.0 -9999.0 -9999.0 -9999.0 -9999.0 -9999.0 -9999.0 -9999.0 -9999.0 -9999.0 -9999.0 -9999.0 -9999.0 -9999.0 -9999.0 -9999.0 -9999.0 -9999.0 -9999.0 -9999.0 -9999.0 -9999.0 -9999.0 -9999.0 -9999.0 -9999.0 -9999.0 -9999.0 -9999.0 -9999.0 -9999.0 -9999.0 -9999.0 -9999.0 -9999.0 -9999.0 -9999.0 -9999.0 -9999.0 -9999.0 -9999.0 -9999.0 -9999.0 -9999.0 -9999.0 -9999.0 -9999.0 -9999.0 -9999.0 -9999.0 -9999.0 -9999.0 -9999.0 -9999.0 -9999.0 -9999.0 -9999.0 -9999.0 -9999.0 -9999.0 -9999.0 -9999.0 -9999.0 -9999.0 -9999.0 -9999.0 -9999.0 -9999.0 -9999.0 -9999.0 -9999.0 -9999.0 -9999.0 -9999.0 -9999.0 -9999.0 -9999.0
-9999.0 -9999.0 -9999.0 -9999.0 -9999.0 -9999.0 -9999.0 -9999.0 -9999.0 -9999.0 -9999.0 -9999.0 -9999.0 -9999.0 -9999.0 -9999.0 -9999.0 -9999.0 -9999.0 -9999.0 -9999.0 -9999.0 -9999.0 -9999.0 -9999.0 -9999.0 -9999.0 -9999.0 -9999.0 -9999.0 -9999.0 -9999.0 -9999.0 -9999.0 -9999.0 -9999.0 -9999.0 -9999.0 -9999.0 -9999.0 -9999.0 -9999.0 -9999.0 -9999.0 -9999.0 -9999.0 -9999.0 -9999.0 -9999.0 -9999.0 -9999.0 -9999.0 -9999.0 -9999.0 -9999.0 -9999.0 -9999.0 -9999.0 -9999.0 -9999.0 -9999.0 -9999.0 -9999.0 -9999.0 -9999.0 -9999.0 -9999.0 -9999.0 -9999.0 -9999.0 -9999.0 -9999.0 -9999.0 -9999.0 -9999.0 -9999.0 -9999.0 -9999.0 -9999.0 -9999.0 -9999.0 -9999.0 -9999.0 -9999.0 -9999.0 -9999.0 -9999.0 -9999.0 -9999.0 -9999.0 -9999.0 -9999.0 -9999.0 -9999.0 -9999.0 -9999.0 -9999.0 -9999.0 -9999.0 -9999.0 -9999.0 -9999.0 -9999.0 -9999.0
-9999.0 -9999.0 778.445692 682.763928 586.366216 489.364706 392.064809 294.633718 197.157405 99.682221 2.237027 -95.152812 -192.471453 -289.642909 -386.521030 -482.865677 -578.278868 -672.213996 -766.912928 -860.768110 -953.417555 -1044.668130 -1122.736115 -1189.981914 -1245.164394 -1288.439645 -1321.047709 -1344.800056 -1361.621011 -1373.259454 -1381.161345 -1386.446462 -1389.941062 -1392.232690 -1393.727610 -1394.702967 -1395.353928 -1395.858463 -1396.610173 -1399.368496 -1412.210486 -1478.516408 -2021.503202 -4153.679293 -4183.166498 -4183.168315 -4183.168314 -4183.168314 -4183.168314 -4183.168313 -4183.168312 -4183.168308 -4183.168300 -4183.168290 -4183.168272 -4183.168235 -4183.168149 -4183.167929 -4183.167315 -4183.161819 -4134.174902 -1892.229838 -1442.752216 -1405.300585 -1398.144839 -1396.883229 -1396.686892 -1396.657495 -1396.653638 -1396.653874 -1396.654677 -1396.655416 -1396.656002 -1396.656451 -1396.656797 -1396.657066 -1396.657281 -1396.657456 -1396.657602 -1396.657733 -1396.657862 -1396.658004 -1396.658182 -1396.658428 -1396.658789 -1396.659342 -1396.660211 -1396.661601 -1396.663861 -1396.667604 -1396.673946 -1396.684980 -1396.704756 -1396.741282 -1396.810686 -1396.946184 -1397.219100 -1397.793381 -1399.077152 -1402.158122 -1410.190934 -1434.288957 -9999.0 -9999.0
-9999.0 -9999.0 778.449966 682.765405 586.366673 489.364851 392.064857 294.633734 197.157411 99.682224 2.237028 -95.152811 -192.471453 -289.642909 -386.521030 -482.865677 -578.278868 -672.213996 -766.912929 -860.768110 -953.417556 -1044.668131 -1122.736115 -1189.981914 -1245.164395 -1288.439646 -1321.047709 -1344.800056 -1361.621011 -1373.259454 -1381.161345 -1386.446462 -1389.941062 -1392.232690 -1393.727610 -1394.702967 -1395.353928 -1395.858463 -1396.610173 -1399.368496 -1412.210486 -1478.516408 -2021.503202 -4153.679293 -4183.166498 -4183.168315 -4183.168314 -4183.168314 -4183.168314 -4183.168313 -4183.168312 -4183.168308 -4183.168300 -4183.168290 -4183.168272 -4183.168235 -4183.168149 -4183.167929 -4183.167315 -4183.161819 -4134.174902 -1892.229838 -1442.752216 -1405.300585 -1398.144839 -1396.883229 -1396.686892 -1396.657495 -1396.653638 -1396.653874 -1396.654677 -1396.655416 -1396.656002 -1396.656451 -1396.656797 -1396.657066 -1396.657281 -1396.657456 -1396.657602 -1396.657733 -1396.657862 -1396.658004 -1396.658182 -1396.658428 -1396.658789 -1396.659342 -1396.660211 -1396.661601 -1396.663861 -1396.667604 -1396.673946 -1396.684980 -1396.704756 -1396.741282 -1396.810686 -1396.946184 -1397.219100 -1397.793381 -1399.077152 -1402.158122 -1410.190934 -1434.288957 -9999.0 -9999.0
-9999.0 -9999.0 778.451377 682.766149 586.366980 489.364967 392.064899 294.633749 197.157416 99.682226 2.237028 -95.152811 -192.471452 -289.642909 -386.521030 -482.865677 -578.278868 -672.213996 -766.912929 -860.768110 -953.417556 -1044.668131 -1122.736116 -1189.981914 -1245.164395 -1288.439646 -1321.047709 -1344.800056 -1361.621011 -1373.259454 -1381.161345 -1386.446462 -1389.941062 -1392.232690 -1393.727610 -1394.702967 -1395.353928 -1395.858463 -1396.610173 -1399.368496 -1412.210486 -1478.516408 -2021.503202 -4153.679293 -4183.166498 -4183.168315 -4183.168314 -4183.168314 -4183.168314 -4183.168313 -4183.168312 -4183.168308 -4183.168300 -4183.168290 -4183.168272 -4183.168235 -4183.168149 -4183.167929 -4183.167315 -4183.161819 -4134.174902 -1892.229838 -1442.752216 -1405.300585 -1398.144839 -1396.883229 -1396.686892 -1396.657495 -1396.653638 -1396.653874 -1396.654677 -1396.655416 -1396.656002 -1396.656451 -1396.656797 -1396.657066 -1396.657281 -1396.657456 -1396.657602 -1396.657733 -1396.657862 -1396.658004 -1396.658182 -1396.658428 -1396.658789 -1396.659342 -1396.660211 -1396.661601 -1396.663861 -1396.667604 -1396.673946 -1396.684980 -1396.704756 -1396.741282 -1396.810686 -1396.946184 -1397.219100 -1397.793381 -1399.077152 -1402.158122 -1410.190934 -1434.288957 -9999.0 -9999.0
-9999.0 -9999.0 778.451377 682.766149 586.366981 489.364967 392.064899 294.633749 197.157416 99.682226 2.237028 -95.152811 -192.471453 -289.642909 -386.521030 -482.865677 -578.278868 -672.213996 -766.912929 -860.768110 -953.417556 -1044.668131 -1122.736116 -1189.981914 -1245.164395 -1288.439646 -1321.047709 -1344.800056 -1361.621011 -1373.259454 -1381.161345 -1386.446462 -1389.941062 -1392.232690 -1393.727610 -1394.702967 -1395.353928 -1395.858463 -1396.610173 -1399.368496 -1412.210486 -1478.516408 -2021.503202 -4153.679293 -4183.166498 -4183.168315 -4183.168314 -4183.168314 -4183.168314 -4183.168313 -4183.168312 -4183.168308 -4183.168300 -4183.168290 -4183.168272 -4183.168235 -4183.168149 -4183.167929 -4183.167315 -4183.161819 -4134.174902 -1892.229838 -1442.752216 -1405.300585 -1398.144839 -1396.883229 -1396.686892 -1396.657495 -1396.653638 -1396.653874 -1396.654677 -1396.655416 -1396.656002 -1396.656451 -1396.656797 -1396.657066 -1396.657281 -1396.657456 -1396.657602 -1396.657733 -1396.657862 -1396.658004 -1396.658182 -1396.658428 -1396.658789 -1396.659342 -1396.660211 -1396.661601 -1396.663861 -1396.667604 -1396.673946 -1396.684980 -1396.704756 -1396.741282 -1396.810686 -1396.946184 -1397.219100 -1397.793381 -1399.077152 -1402.158122 -1410.190934 -1434.288957 -9999.0 -9999.0
-9999.0 -9999.0 778.449966 682.765405 586.366673 489.364851 392.064857 294.633734 197.157411 99.682224 2.237028 -95.152811 -192.471453 -289.642909 -386.521030 -482.865677 -578.278868 -672.213996 -766.912928 -860.768110 -953.417556 -1044.668131 -1122.736115 -1189.981914 -1245.164395 -1288.439646 -1321.047709 -1344.800056 -1361.621011 -1373.259454 -1381.161345 -1386.446462 -1389.941062 -1392.232690 -1393.727610 -1394.702967 -1395.353928 -1395.858463 -1396.610173 -1399.368496 -1412.210486 -1478.516408 -2021.503202 -4153.679293 -4183.166498 -4183.168315 -4183.168314 -4183.168314 -4183.168314 -4183.168313 -4183.168312 -4183.168308 -4183.168300 -4183.168290 -4183.168272 -4183.168235 -4183.168149 -4183.167929 -4183.167315 -4183.161819 -4134.174902 -1892.229838 -1442.752216 -1405.300585 -1398.144839 -1396.883229 -1396.686892 -1396.657495 -1396.653638 -1396.653874 -1396.654677 -1396.655416 -1396.656002 -1396.656451 -1396.656797 -1396.657066 -1396.657281 -1396.657456 -1396.657602 -1396.657733 -1396.657862 -1396.658004 -1396.658182 -1396.658428 -1396.658789 -1396.659342 -1396.660211 -1396.661601 -1396.663861 -1396.667604 -1396.673946 -1396.684980 -1396.704756 -1396.741282 -1396.810686 -1396.946184 -1397.219100 -1397.793381 -1399.077152 -1402.158122 -1410.190934 -1434.288957 -9999.0 -9999.0
-9999.0 -9999.0 778.445692 682.763928 586.366216 489.364706 392.064809 294.633717 197.157405 99.682221 2.237027 -95.152812 -192.471453 -289.642909 -386.521030 -482.865677 -578.278868 -672.213996 -766.912928 -860.768110 -953.417555 -1044.668130 -1122.736115 -1189.981914 -1245.164394 -1288.439645 -1321.047709 -1344.800056 -1361.621011 -1373.259454 -1381.161345 -1386.446462 -1389.941062 -1392.232690 -1393.727610 -1394.702967 -1395.353928 -1395.858463 -1396.610173 -1399.368496 -1412.210486 -1478.516408 -2021.503202 -4153.679293 -4183.166498 -4183.168315 -4183.168314 -4183.168314 -4183.168314 -4183.168313 -4183.168312 -4183.168308 -4183.168300 -4183.168290 -4183.168272 -4183.168235 -4183.168149 -4183.167929 -4183.167315 -4183.161819 -4134.174902 -1892.229838 -1442.752216 -1405.300585 -1398.144839 -1396.883229 -1396.686892 -1396.657495 -1396.653638 -1396.653874 -1396.654677 -1396.655416 -1396.656002 -1396.656451 -1396.656797 -1396.657066 -1396.657281 -1396.657456 -1396.657602 -1396.657733 -1396.657862 -1396.658004 -1396.658182 -1396.658428 -1396.658789 -1396.659342 -1396.660211 -1396.661601 -1396.663861 -1396.667604 -1396.673946 -1396.684980 -1396.704756 -1396.741282 -1396.810686 -1396.946184 -1397.219100 -1397.793381 -1399.077152 -1402.158122 -1410.190934 -1434.288957 -9999.0 -9999.0
-9999.0 -9999.0 -9999.0 -9999.0 -9999.0 -9999.0 -9999.0 -9999.0 -9999.0 -9999.0 -9999.0 -9999.0 -9999.0 -9999.0 -9999.0 -9999.0 -9999.0 -9999.0 -9999.0 -9999.0 -9999.0 -9999.0 -9999.0 -9999.0 -9999.0 -9999.0 -9999.0 -9999.0 -9999.0 -9999.0 -9999.0 -9999.0 -9999.0 -9999.0 -9999.0 -9999.0 -9999.0 -9999.0 -9999.0 -9999.0 -9999.0 -9999.0 -9999.0 -9999.0 -9999.0 -9999.0 -9999.0 -9999.0 -9999.0 -9999.0 -9999.0 -9999.0 -9999.0 -9999.0 -9999.0 -9999.0 -9999.0 -9999.0 -9999.0 -9999.0 -9999.0 -9999.0 -9999.0 -9999.0 -9999.0 -9999.0 -9999.0 -9999.0 -9999.0 -9999.0 -9999.0 -9999.0 -9999.0 -9999.0 -9999.0 -9999.0 -9999.0 -9999.0 -9999.0 -9999.0 -9999.0 -9999.0 -9999.0 -9999.0 -9999.0 -9999.0 -9999.0 -9999.0 -9999.0 -9999.0 -9999.0 -9999.0 -9999.0 -9999.0 -9999.0 -9999.0 -9999.0 -9999.0 -9999.0 -9999.0 -9999.0 -9999.0 -9999.0 -9999.0
-9999.0 -9999.0 -9999.0 -9999.0 -9999.0 -9999.0 -9999.0 -9999.0 -9999.0 -9999.0 -9999.0 -9999.0 -9999.0 -9999.0 -9999.0 -9999.0 -9999.0 -9999.0 -9999.0 -9999.0 -9999.0 -9999.0 -9999.0 -9999.0 -9999.0 -9999.0 -9999.0 -9999.0 -9999.0 -9999.0 -9999.0 -9999.0 -9999.0 -9999.0 -9999.0 -9999.0 -9999.0 -9999.0 -9999.0 -9999.0 -9999.0 -9999.0 -9999.0 -9999.0 -9999.0 -9999.0 -9999.0 -9999.0 -9999.0 -9999.0 -9999.0 -9999.0 -9999.0 -9999.0 -9999.0 -9999.0 -9999.0 -9999.0 -9999.0 -9999.0 -9999.0 -9999.0 -9999.0 -9999.0 -9999.0 -9999.0 -9999.0 -9999.0 -9999.0 -9999.0 -9999.0 -9999.0 -9999.0 -9999.0 -9999.0 -9999.0 -9999.0 -9999.0 -9999.0 -9999.0 -9999.0 -9999.0 -9999.0 -9999.0 -9999.0 -9999.0 -9999.0 -9999.0 -9999.0 -9999.0 -9999.0 -9999.0 -9999.0 -9999.0 -9999.0 -9999.0 -9999.0 -9999.0 -9999.0 -9999.0 -9999.0 -9999.0 -9999.0 -9999.0