inst/processing_geotop_simulation/geotop_simulation/out/maps3D/PwL0011N0104.asc
ncols         104
nrows         10
xllcorner     -2.000000
yllcorner     0.000000
cellsize      1.000000
NODATA_value  -9999.0
-9999.0 -9999.0 -9999.0 -9999.0 -9999.0 -9999.0 -9999.0 -9999.0 -9999.0 -9999.0 -9999.0 -9999.0 -9999.0 -9999.0 -9999.0 -9999.0 -9999.0 -9999.0 -9999.0 -9999.0 -9999.0 -9999.0 -9999.0 -9999.0 -9999.0 -9999.0 -9999.0 -9999.0 -9999.0 -9999.0 -9999.0 -9999.0 -9999.0 -9999.0 -9999.0 -9999.0 -9999.0 -9999.0 -9999.0 -9999.0 -9999.0 -9999.0 -9999.0 -9999.0 -9999.0 -9999.0 -9999.0 -9999.0 -9999.0 -9999.0 -9999.0 -9999.0 -9999.0 -9999.0 -9999.0 -9999.0 -9999.0 -9999.0 -9999.0 -9999.0 -9999.0 -9999.0 -9999.0 -9999.0 -9999.0 -9999.0 -9999.0 -9999.0 -9999.0 -9999.0 -9999.0 -9999.0 -9999.0 -9999.0 -9999.0 -9999.0 -9999.0 -9999.0 -9999.0 -9999.0 -9999.0 -9999.0 -9999.0 -9999.0 -9999.0 -9999.0 -9999.0 -9999.0 -9999.0 -9999.0 -9999.0 -9999.0 -9999.0 -9999.0 -9999.0 -9999.0 -9999.0 -9999.0 -9999.0 -9999.0 -9999.0 -9999.0 -9999.0 -9999.0
-9999.0 -9999.0 -9999.0 -9999.0 -9999.0 -9999.0 -9999.0 -9999.0 -9999.0 -9999.0 -9999.0 -9999.0 -9999.0 -9999.0 -9999.0 -9999.0 -9999.0 -9999.0 -9999.0 -9999.0 -9999.0 -9999.0 -9999.0 -9999.0 -9999.0 -9999.0 -9999.0 -9999.0 -9999.0 -9999.0 -9999.0 -9999.0 -9999.0 -9999.0 -9999.0 -9999.0 -9999.0 -9999.0 -9999.0 -9999.0 -9999.0 -9999.0 -9999.0 -9999.0 -9999.0 -9999.0 -9999.0 -9999.0 -9999.0 -9999.0 -9999.0 -9999.0 -9999.0 -9999.0 -9999.0 -9999.0 -9999.0 -9999.0 -9999.0 -9999.0 -9999.0 -9999.0 -9999.0 -9999.0 -9999.0 -9999.0 -9999.0 -9999.0 -9999.0 -9999.0 -9999.0 -9999.0 -9999.0 -9999.0 -9999.0 -9999.0 -9999.0 -9999.0 -9999.0 -9999.0 -9999.0 -9999.0 -9999.0 -9999.0 -9999.0 -9999.0 -9999.0 -9999.0 -9999.0 -9999.0 -9999.0 -9999.0 -9999.0 -9999.0 -9999.0 -9999.0 -9999.0 -9999.0 -9999.0 -9999.0 -9999.0 -9999.0 -9999.0 -9999.0
-9999.0 -9999.0 538.880546 449.936574 357.810394 264.043955 169.565187 74.789649 -20.070100 -114.908554 -209.712006 -304.637944 -400.744867 -500.024999 -604.070378 -715.680039 -817.068804 -915.871599 -1009.386987 -1091.911283 -1147.503540 -1177.479869 -1191.211484 -1196.709375 -1198.817242 -1199.886871 -1200.823913 -1201.836320 -1202.873465 -1203.840420 -1204.673806 -1205.350605 -1205.876324 -1206.270730 -1206.558046 -1206.763492 -1206.918556 -1207.073146 -1207.334538 -1208.541792 -1217.610501 -1288.272944 -2076.484063 -4384.514590 -4304.051103 -4171.685166 -4080.662082 -4068.258539 -4067.007152 -4067.116591 -4067.412811 -4067.730337 -4068.034783 -4068.316237 -4068.576450 -4068.872594 -4069.779002 -4076.428729 -4125.181324 -4216.807195 -4302.108887 -1902.397248 -1263.496351 -1214.196338 -1208.193678 -1207.463524 -1207.356691 -1207.338936 -1207.337414 -1207.338897 -1207.340625 -1207.342057 -1207.343156 -1207.343987 -1207.344620 -1207.345111 -1207.345498 -1207.345810 -1207.346069 -1207.346297 -1207.346517 -1207.346759 -1207.347061 -1207.347478 -1207.348092 -1207.349034 -1207.350513 -1207.352870 -1207.356682 -1207.362943 -1207.373431 -1207.391433 -1207.423227 -1207.481110 -1207.589528 -1207.797433 -1208.203852 -1209.015824 -1210.699323 -1214.409700 -1223.253688 -1247.133485 -9999.0 -9999.0
-9999.0 -9999.0 538.887089 449.938485 357.810937 264.044120 169.565240 74.789667 -20.070094 -114.908552 -209.712006 -304.637944 -400.744867 -500.024999 -604.070379 -715.680039 -817.068804 -915.871599 -1009.386987 -1091.911283 -1147.503540 -1177.479869 -1191.211484 -1196.709375 -1198.817242 -1199.886871 -1200.823913 -1201.836320 -1202.873465 -1203.840420 -1204.673806 -1205.350605 -1205.876324 -1206.270730 -1206.558046 -1206.763492 -1206.918556 -1207.073146 -1207.334538 -1208.541792 -1217.610501 -1288.272944 -2076.484063 -4384.514589 -4304.051102 -4171.685161 -4080.662082 -4068.258539 -4067.007152 -4067.116591 -4067.412811 -4067.730337 -4068.034783 -4068.316237 -4068.576450 -4068.872594 -4069.779002 -4076.428729 -4125.181324 -4216.807195 -4302.108887 -1902.397248 -1263.496351 -1214.196338 -1208.193678 -1207.463524 -1207.356691 -1207.338936 -1207.337414 -1207.338897 -1207.340625 -1207.342057 -1207.343156 -1207.343987 -1207.344620 -1207.345111 -1207.345498 -1207.345810 -1207.346069 -1207.346297 -1207.346517 -1207.346759 -1207.347061 -1207.347478 -1207.348092 -1207.349034 -1207.350513 -1207.352870 -1207.356682 -1207.362943 -1207.373431 -1207.391433 -1207.423227 -1207.481110 -1207.589528 -1207.797433 -1208.203852 -1209.015824 -1210.699323 -1214.409700 -1223.253688 -1247.133485 -9999.0 -9999.0
-9999.0 -9999.0 538.888744 449.939356 357.811290 264.044251 169.565287 74.789684 -20.070088 -114.908550 -209.712005 -304.637944 -400.744867 -500.024999 -604.070379 -715.680039 -817.068804 -915.871599 -1009.386987 -1091.911283 -1147.503540 -1177.479869 -1191.211484 -1196.709375 -1198.817242 -1199.886871 -1200.823913 -1201.836320 -1202.873465 -1203.840420 -1204.673806 -1205.350605 -1205.876324 -1206.270730 -1206.558046 -1206.763492 -1206.918556 -1207.073146 -1207.334538 -1208.541792 -1217.610501 -1288.272944 -2076.484063 -4384.514589 -4304.051101 -4171.685159 -4080.662082 -4068.258539 -4067.007152 -4067.116591 -4067.412811 -4067.730337 -4068.034783 -4068.316237 -4068.576450 -4068.872594 -4069.779002 -4076.428729 -4125.181324 -4216.807195 -4302.108887 -1902.397248 -1263.496351 -1214.196338 -1208.193678 -1207.463524 -1207.356691 -1207.338936 -1207.337414 -1207.338897 -1207.340625 -1207.342057 -1207.343156 -1207.343987 -1207.344620 -1207.345111 -1207.345498 -1207.345810 -1207.346069 -1207.346297 -1207.346517 -1207.346759 -1207.347061 -1207.347478 -1207.348092 -1207.349034 -1207.350513 -1207.352870 -1207.356682 -1207.362943 -1207.373431 -1207.391433 -1207.423227 -1207.481110 -1207.589528 -1207.797433 -1208.203852 -1209.015824 -1210.699323 -1214.409700 -1223.253687 -1247.133485 -9999.0 -9999.0
-9999.0 -9999.0 538.888744 449.939356 357.811290 264.044251 169.565287 74.789684 -20.070088 -114.908550 -209.712005 -304.637944 -400.744867 -500.024999 -604.070379 -715.680039 -817.068804 -915.871599 -1009.386987 -1091.911283 -1147.503540 -1177.479869 -1191.211484 -1196.709375 -1198.817242 -1199.886871 -1200.823913 -1201.836320 -1202.873465 -1203.840420 -1204.673806 -1205.350605 -1205.876324 -1206.270730 -1206.558046 -1206.763492 -1206.918556 -1207.073146 -1207.334538 -1208.541792 -1217.610501 -1288.272944 -2076.484063 -4384.514589 -4304.051101 -4171.685159 -4080.662082 -4068.258539 -4067.007152 -4067.116591 -4067.412811 -4067.730337 -4068.034783 -4068.316237 -4068.576450 -4068.872594 -4069.779002 -4076.428729 -4125.181324 -4216.807195 -4302.108887 -1902.397248 -1263.496351 -1214.196338 -1208.193678 -1207.463524 -1207.356691 -1207.338936 -1207.337414 -1207.338897 -1207.340625 -1207.342057 -1207.343156 -1207.343987 -1207.344620 -1207.345111 -1207.345498 -1207.345810 -1207.346069 -1207.346297 -1207.346517 -1207.346759 -1207.347061 -1207.347478 -1207.348092 -1207.349034 -1207.350513 -1207.352870 -1207.356682 -1207.362943 -1207.373431 -1207.391433 -1207.423227 -1207.481110 -1207.589528 -1207.797433 -1208.203852 -1209.015824 -1210.699323 -1214.409700 -1223.253687 -1247.133485 -9999.0 -9999.0
-9999.0 -9999.0 538.887089 449.938485 357.810937 264.044120 169.565240 74.789667 -20.070094 -114.908552 -209.712006 -304.637944 -400.744867 -500.024999 -604.070379 -715.680039 -817.068804 -915.871599 -1009.386987 -1091.911283 -1147.503540 -1177.479869 -1191.211484 -1196.709375 -1198.817242 -1199.886871 -1200.823913 -1201.836320 -1202.873465 -1203.840420 -1204.673806 -1205.350605 -1205.876324 -1206.270730 -1206.558046 -1206.763492 -1206.918556 -1207.073146 -1207.334538 -1208.541792 -1217.610501 -1288.272944 -2076.484063 -4384.514589 -4304.051102 -4171.685161 -4080.662082 -4068.258539 -4067.007152 -4067.116591 -4067.412811 -4067.730337 -4068.034783 -4068.316237 -4068.576450 -4068.872594 -4069.779002 -4076.428729 -4125.181324 -4216.807195 -4302.108887 -1902.397248 -1263.496351 -1214.196338 -1208.193678 -1207.463524 -1207.356691 -1207.338936 -1207.337414 -1207.338897 -1207.340625 -1207.342057 -1207.343156 -1207.343987 -1207.344620 -1207.345111 -1207.345498 -1207.345810 -1207.346069 -1207.346297 -1207.346517 -1207.346759 -1207.347061 -1207.347478 -1207.348092 -1207.349034 -1207.350513 -1207.352870 -1207.356682 -1207.362943 -1207.373431 -1207.391433 -1207.423227 -1207.481110 -1207.589528 -1207.797433 -1208.203852 -1209.015824 -1210.699323 -1214.409700 -1223.253688 -1247.133485 -9999.0 -9999.0
-9999.0 -9999.0 538.880546 449.936574 357.810394 264.043955 169.565187 74.789649 -20.070100 -114.908554 -209.712006 -304.637944 -400.744867 -500.024999 -604.070378 -715.680039 -817.068804 -915.871599 -1009.386987 -1091.911283 -1147.503540 -1177.479869 -1191.211484 -1196.709375 -1198.817242 -1199.886871 -1200.823913 -1201.836320 -1202.873465 -1203.840420 -1204.673806 -1205.350605 -1205.876324 -1206.270730 -1206.558046 -1206.763492 -1206.918556 -1207.073146 -1207.334538 -1208.541792 -1217.610501 -1288.272944 -2076.484063 -4384.514590 -4304.051103 -4171.685166 -4080.662082 -4068.258539 -4067.007152 -4067.116591 -4067.412811 -4067.730337 -4068.034783 -4068.316237 -4068.576450 -4068.872594 -4069.779002 -4076.428729 -4125.181324 -4216.807195 -4302.108887 -1902.397248 -1263.496351 -1214.196338 -1208.193678 -1207.463524 -1207.356691 -1207.338936 -1207.337414 -1207.338897 -1207.340625 -1207.342057 -1207.343156 -1207.343987 -1207.344620 -1207.345111 -1207.345498 -1207.345810 -1207.346069 -1207.346297 -1207.346517 -1207.346759 -1207.347061 -1207.347478 -1207.348092 -1207.349034 -1207.350513 -1207.352870 -1207.356682 -1207.362943 -1207.373431 -1207.391433 -1207.423227 -1207.481110 -1207.589528 -1207.797433 -1208.203852 -1209.015824 -1210.699323 -1214.409700 -1223.253688 -1247.133485 -9999.0 -9999.0
-9999.0 -9999.0 -9999.0 -9999.0 -9999.0 -9999.0 -9999.0 -9999.0 -9999.0 -9999.0 -9999.0 -9999.0 -9999.0 -9999.0 -9999.0 -9999.0 -9999.0 -9999.0 -9999.0 -9999.0 -9999.0 -9999.0 -9999.0 -9999.0 -9999.0 -9999.0 -9999.0 -9999.0 -9999.0 -9999.0 -9999.0 -9999.0 -9999.0 -9999.0 -9999.0 -9999.0 -9999.0 -9999.0 -9999.0 -9999.0 -9999.0 -9999.0 -9999.0 -9999.0 -9999.0 -9999.0 -9999.0 -9999.0 -9999.0 -9999.0 -9999.0 -9999.0 -9999.0 -9999.0 -9999.0 -9999.0 -9999.0 -9999.0 -9999.0 -9999.0 -9999.0 -9999.0 -9999.0 -9999.0 -9999.0 -9999.0 -9999.0 -9999.0 -9999.0 -9999.0 -9999.0 -9999.0 -9999.0 -9999.0 -9999.0 -9999.0 -9999.0 -9999.0 -9999.0 -9999.0 -9999.0 -9999.0 -9999.0 -9999.0 -9999.0 -9999.0 -9999.0 -9999.0 -9999.0 -9999.0 -9999.0 -9999.0 -9999.0 -9999.0 -9999.0 -9999.0 -9999.0 -9999.0 -9999.0 -9999.0 -9999.0 -9999.0 -9999.0 -9999.0
-9999.0 -9999.0 -9999.0 -9999.0 -9999.0 -9999.0 -9999.0 -9999.0 -9999.0 -9999.0 -9999.0 -9999.0 -9999.0 -9999.0 -9999.0 -9999.0 -9999.0 -9999.0 -9999.0 -9999.0 -9999.0 -9999.0 -9999.0 -9999.0 -9999.0 -9999.0 -9999.0 -9999.0 -9999.0 -9999.0 -9999.0 -9999.0 -9999.0 -9999.0 -9999.0 -9999.0 -9999.0 -9999.0 -9999.0 -9999.0 -9999.0 -9999.0 -9999.0 -9999.0 -9999.0 -9999.0 -9999.0 -9999.0 -9999.0 -9999.0 -9999.0 -9999.0 -9999.0 -9999.0 -9999.0 -9999.0 -9999.0 -9999.0 -9999.0 -9999.0 -9999.0 -9999.0 -9999.0 -9999.0 -9999.0 -9999.0 -9999.0 -9999.0 -9999.0 -9999.0 -9999.0 -9999.0 -9999.0 -9999.0 -9999.0 -9999.0 -9999.0 -9999.0 -9999.0 -9999.0 -9999.0 -9999.0 -9999.0 -9999.0 -9999.0 -9999.0 -9999.0 -9999.0 -9999.0 -9999.0 -9999.0 -9999.0 -9999.0 -9999.0 -9999.0 -9999.0 -9999.0 -9999.0 -9999.0 -9999.0 -9999.0 -9999.0 -9999.0 -9999.0