inst/processing_geotop_simulation/geotop_simulation/out/maps3D/PwL0003N0156.asc
ncols         104
nrows         10
xllcorner     -2.000000
yllcorner     0.000000
cellsize      1.000000
NODATA_value  -9999.0
-9999.0 -9999.0 -9999.0 -9999.0 -9999.0 -9999.0 -9999.0 -9999.0 -9999.0 -9999.0 -9999.0 -9999.0 -9999.0 -9999.0 -9999.0 -9999.0 -9999.0 -9999.0 -9999.0 -9999.0 -9999.0 -9999.0 -9999.0 -9999.0 -9999.0 -9999.0 -9999.0 -9999.0 -9999.0 -9999.0 -9999.0 -9999.0 -9999.0 -9999.0 -9999.0 -9999.0 -9999.0 -9999.0 -9999.0 -9999.0 -9999.0 -9999.0 -9999.0 -9999.0 -9999.0 -9999.0 -9999.0 -9999.0 -9999.0 -9999.0 -9999.0 -9999.0 -9999.0 -9999.0 -9999.0 -9999.0 -9999.0 -9999.0 -9999.0 -9999.0 -9999.0 -9999.0 -9999.0 -9999.0 -9999.0 -9999.0 -9999.0 -9999.0 -9999.0 -9999.0 -9999.0 -9999.0 -9999.0 -9999.0 -9999.0 -9999.0 -9999.0 -9999.0 -9999.0 -9999.0 -9999.0 -9999.0 -9999.0 -9999.0 -9999.0 -9999.0 -9999.0 -9999.0 -9999.0 -9999.0 -9999.0 -9999.0 -9999.0 -9999.0 -9999.0 -9999.0 -9999.0 -9999.0 -9999.0 -9999.0 -9999.0 -9999.0 -9999.0 -9999.0
-9999.0 -9999.0 -9999.0 -9999.0 -9999.0 -9999.0 -9999.0 -9999.0 -9999.0 -9999.0 -9999.0 -9999.0 -9999.0 -9999.0 -9999.0 -9999.0 -9999.0 -9999.0 -9999.0 -9999.0 -9999.0 -9999.0 -9999.0 -9999.0 -9999.0 -9999.0 -9999.0 -9999.0 -9999.0 -9999.0 -9999.0 -9999.0 -9999.0 -9999.0 -9999.0 -9999.0 -9999.0 -9999.0 -9999.0 -9999.0 -9999.0 -9999.0 -9999.0 -9999.0 -9999.0 -9999.0 -9999.0 -9999.0 -9999.0 -9999.0 -9999.0 -9999.0 -9999.0 -9999.0 -9999.0 -9999.0 -9999.0 -9999.0 -9999.0 -9999.0 -9999.0 -9999.0 -9999.0 -9999.0 -9999.0 -9999.0 -9999.0 -9999.0 -9999.0 -9999.0 -9999.0 -9999.0 -9999.0 -9999.0 -9999.0 -9999.0 -9999.0 -9999.0 -9999.0 -9999.0 -9999.0 -9999.0 -9999.0 -9999.0 -9999.0 -9999.0 -9999.0 -9999.0 -9999.0 -9999.0 -9999.0 -9999.0 -9999.0 -9999.0 -9999.0 -9999.0 -9999.0 -9999.0 -9999.0 -9999.0 -9999.0 -9999.0 -9999.0 -9999.0
-9999.0 -9999.0 132.754935 45.291897 -48.319314 -143.547165 -239.383363 -335.424364 -431.453255 -527.302937 -622.653537 -717.109208 -810.947298 -904.287052 -998.089237 -1091.962627 -1185.244914 -1279.345042 -1371.347762 -1449.185753 -1504.562549 -1540.827590 -1563.267215 -1576.853157 -1585.194177 -1590.546309 -1594.182657 -1596.770820 -1598.655354 -1600.029877 -1601.022433 -1601.728838 -1602.224145 -1602.566531 -1602.800000 -1602.958774 -1603.075710 -1603.199274 -1603.485577 -1604.930521 -1612.337727 -1620.755337 -1022.482937 -1023.092131 -1010.199713 -1002.119273 -998.337500 -997.799605 -997.744708 -997.753268 -997.771444 -997.790815 -997.809412 -997.826621 -997.842493 -997.860000 -997.908148 -998.227309 -1000.232907 -1004.766902 -1011.888417 -1002.305084 -1600.376114 -1608.203665 -1604.260057 -1603.497085 -1603.379182 -1603.360532 -1603.358446 -1603.359307 -1603.360500 -1603.361517 -1603.362304 -1603.362900 -1603.363354 -1603.363707 -1603.363985 -1603.364209 -1603.364395 -1603.364559 -1603.364719 -1603.364896 -1603.365118 -1603.365425 -1603.365879 -1603.366576 -1603.367673 -1603.369423 -1603.372261 -1603.376935 -1603.384796 -1603.398350 -1603.422404 -1603.466396 -1603.549100 -1603.708207 -1604.020534 -1604.648972 -1605.965627 -1608.905588 -1616.135850 -1637.662732 -9999.0 -9999.0
-9999.0 -9999.0 132.766783 45.294192 -48.318734 -143.546996 -239.383309 -335.424346 -431.453249 -527.302935 -622.653537 -717.109208 -810.947298 -904.287052 -998.089237 -1091.962627 -1185.244914 -1279.345043 -1371.347763 -1449.185753 -1504.562549 -1540.827590 -1563.267215 -1576.853157 -1585.194177 -1590.546309 -1594.182657 -1596.770820 -1598.655354 -1600.029877 -1601.022433 -1601.728838 -1602.224145 -1602.566531 -1602.800000 -1602.958774 -1603.075710 -1603.199274 -1603.485577 -1604.930521 -1612.337727 -1620.755337 -1022.482936 -1023.092131 -1010.199713 -1002.119273 -998.337500 -997.799605 -997.744708 -997.753268 -997.771444 -997.790815 -997.809412 -997.826621 -997.842493 -997.860000 -997.908148 -998.227309 -1000.232907 -1004.766902 -1011.888417 -1002.305084 -1600.376114 -1608.203665 -1604.260057 -1603.497085 -1603.379182 -1603.360532 -1603.358446 -1603.359307 -1603.360500 -1603.361517 -1603.362304 -1603.362900 -1603.363354 -1603.363707 -1603.363985 -1603.364209 -1603.364395 -1603.364559 -1603.364719 -1603.364896 -1603.365118 -1603.365425 -1603.365879 -1603.366576 -1603.367673 -1603.369423 -1603.372261 -1603.376935 -1603.384796 -1603.398350 -1603.422404 -1603.466396 -1603.549100 -1603.708207 -1604.020534 -1604.648972 -1605.965627 -1608.905588 -1616.135850 -1637.662732 -9999.0 -9999.0
-9999.0 -9999.0 132.768263 45.295110 -48.318370 -143.546864 -239.383263 -335.424329 -431.453243 -527.302933 -622.653536 -717.109208 -810.947298 -904.287052 -998.089237 -1091.962627 -1185.244914 -1279.345043 -1371.347763 -1449.185753 -1504.562549 -1540.827590 -1563.267215 -1576.853157 -1585.194177 -1590.546309 -1594.182657 -1596.770820 -1598.655354 -1600.029877 -1601.022433 -1601.728838 -1602.224145 -1602.566531 -1602.800000 -1602.958774 -1603.075710 -1603.199274 -1603.485577 -1604.930521 -1612.337727 -1620.755337 -1022.482936 -1023.092131 -1010.199713 -1002.119273 -998.337500 -997.799605 -997.744708 -997.753268 -997.771444 -997.790815 -997.809412 -997.826621 -997.842493 -997.860000 -997.908148 -998.227309 -1000.232907 -1004.766902 -1011.888417 -1002.305084 -1600.376114 -1608.203665 -1604.260057 -1603.497085 -1603.379182 -1603.360532 -1603.358446 -1603.359307 -1603.360500 -1603.361517 -1603.362304 -1603.362900 -1603.363354 -1603.363707 -1603.363985 -1603.364209 -1603.364395 -1603.364559 -1603.364719 -1603.364896 -1603.365118 -1603.365425 -1603.365879 -1603.366576 -1603.367673 -1603.369423 -1603.372261 -1603.376935 -1603.384796 -1603.398350 -1603.422404 -1603.466396 -1603.549100 -1603.708207 -1604.020534 -1604.648972 -1605.965627 -1608.905588 -1616.135850 -1637.662732 -9999.0 -9999.0
-9999.0 -9999.0 132.768263 45.295110 -48.318370 -143.546864 -239.383263 -335.424329 -431.453243 -527.302933 -622.653536 -717.109208 -810.947298 -904.287052 -998.089237 -1091.962627 -1185.244914 -1279.345043 -1371.347763 -1449.185753 -1504.562549 -1540.827590 -1563.267215 -1576.853157 -1585.194177 -1590.546309 -1594.182657 -1596.770820 -1598.655354 -1600.029877 -1601.022433 -1601.728838 -1602.224145 -1602.566531 -1602.800000 -1602.958774 -1603.075710 -1603.199274 -1603.485577 -1604.930521 -1612.337727 -1620.755337 -1022.482936 -1023.092131 -1010.199713 -1002.119273 -998.337500 -997.799605 -997.744708 -997.753268 -997.771444 -997.790815 -997.809412 -997.826621 -997.842493 -997.860000 -997.908148 -998.227309 -1000.232907 -1004.766902 -1011.888417 -1002.305084 -1600.376114 -1608.203665 -1604.260057 -1603.497085 -1603.379182 -1603.360532 -1603.358446 -1603.359307 -1603.360500 -1603.361517 -1603.362304 -1603.362900 -1603.363354 -1603.363707 -1603.363985 -1603.364209 -1603.364395 -1603.364559 -1603.364719 -1603.364896 -1603.365118 -1603.365425 -1603.365879 -1603.366576 -1603.367673 -1603.369423 -1603.372261 -1603.376935 -1603.384796 -1603.398350 -1603.422404 -1603.466396 -1603.549100 -1603.708207 -1604.020534 -1604.648972 -1605.965627 -1608.905588 -1616.135850 -1637.662732 -9999.0 -9999.0
-9999.0 -9999.0 132.766783 45.294192 -48.318734 -143.546996 -239.383310 -335.424346 -431.453249 -527.302935 -622.653537 -717.109208 -810.947298 -904.287052 -998.089237 -1091.962627 -1185.244914 -1279.345043 -1371.347763 -1449.185753 -1504.562549 -1540.827590 -1563.267215 -1576.853157 -1585.194177 -1590.546309 -1594.182657 -1596.770820 -1598.655354 -1600.029877 -1601.022433 -1601.728838 -1602.224145 -1602.566531 -1602.800000 -1602.958774 -1603.075710 -1603.199274 -1603.485577 -1604.930521 -1612.337727 -1620.755337 -1022.482936 -1023.092131 -1010.199713 -1002.119273 -998.337500 -997.799605 -997.744708 -997.753268 -997.771444 -997.790815 -997.809412 -997.826621 -997.842493 -997.860000 -997.908148 -998.227309 -1000.232907 -1004.766902 -1011.888417 -1002.305084 -1600.376114 -1608.203665 -1604.260057 -1603.497085 -1603.379182 -1603.360532 -1603.358446 -1603.359307 -1603.360500 -1603.361517 -1603.362304 -1603.362900 -1603.363354 -1603.363707 -1603.363985 -1603.364209 -1603.364395 -1603.364559 -1603.364719 -1603.364896 -1603.365118 -1603.365425 -1603.365879 -1603.366576 -1603.367673 -1603.369423 -1603.372261 -1603.376935 -1603.384796 -1603.398350 -1603.422404 -1603.466396 -1603.549100 -1603.708207 -1604.020534 -1604.648972 -1605.965627 -1608.905588 -1616.135850 -1637.662732 -9999.0 -9999.0
-9999.0 -9999.0 132.754935 45.291897 -48.319314 -143.547165 -239.383363 -335.424364 -431.453255 -527.302937 -622.653537 -717.109208 -810.947298 -904.287052 -998.089237 -1091.962627 -1185.244914 -1279.345042 -1371.347762 -1449.185753 -1504.562549 -1540.827590 -1563.267215 -1576.853157 -1585.194177 -1590.546309 -1594.182657 -1596.770820 -1598.655354 -1600.029877 -1601.022433 -1601.728838 -1602.224145 -1602.566531 -1602.800000 -1602.958774 -1603.075710 -1603.199274 -1603.485577 -1604.930521 -1612.337727 -1620.755337 -1022.482937 -1023.092131 -1010.199713 -1002.119273 -998.337500 -997.799605 -997.744708 -997.753268 -997.771444 -997.790815 -997.809412 -997.826621 -997.842493 -997.860000 -997.908148 -998.227309 -1000.232907 -1004.766902 -1011.888417 -1002.305084 -1600.376114 -1608.203665 -1604.260057 -1603.497085 -1603.379182 -1603.360532 -1603.358446 -1603.359307 -1603.360500 -1603.361517 -1603.362304 -1603.362900 -1603.363354 -1603.363707 -1603.363985 -1603.364209 -1603.364395 -1603.364559 -1603.364719 -1603.364896 -1603.365118 -1603.365425 -1603.365879 -1603.366576 -1603.367673 -1603.369423 -1603.372261 -1603.376935 -1603.384796 -1603.398350 -1603.422404 -1603.466396 -1603.549100 -1603.708207 -1604.020534 -1604.648972 -1605.965627 -1608.905588 -1616.135850 -1637.662732 -9999.0 -9999.0
-9999.0 -9999.0 -9999.0 -9999.0 -9999.0 -9999.0 -9999.0 -9999.0 -9999.0 -9999.0 -9999.0 -9999.0 -9999.0 -9999.0 -9999.0 -9999.0 -9999.0 -9999.0 -9999.0 -9999.0 -9999.0 -9999.0 -9999.0 -9999.0 -9999.0 -9999.0 -9999.0 -9999.0 -9999.0 -9999.0 -9999.0 -9999.0 -9999.0 -9999.0 -9999.0 -9999.0 -9999.0 -9999.0 -9999.0 -9999.0 -9999.0 -9999.0 -9999.0 -9999.0 -9999.0 -9999.0 -9999.0 -9999.0 -9999.0 -9999.0 -9999.0 -9999.0 -9999.0 -9999.0 -9999.0 -9999.0 -9999.0 -9999.0 -9999.0 -9999.0 -9999.0 -9999.0 -9999.0 -9999.0 -9999.0 -9999.0 -9999.0 -9999.0 -9999.0 -9999.0 -9999.0 -9999.0 -9999.0 -9999.0 -9999.0 -9999.0 -9999.0 -9999.0 -9999.0 -9999.0 -9999.0 -9999.0 -9999.0 -9999.0 -9999.0 -9999.0 -9999.0 -9999.0 -9999.0 -9999.0 -9999.0 -9999.0 -9999.0 -9999.0 -9999.0 -9999.0 -9999.0 -9999.0 -9999.0 -9999.0 -9999.0 -9999.0 -9999.0 -9999.0
-9999.0 -9999.0 -9999.0 -9999.0 -9999.0 -9999.0 -9999.0 -9999.0 -9999.0 -9999.0 -9999.0 -9999.0 -9999.0 -9999.0 -9999.0 -9999.0 -9999.0 -9999.0 -9999.0 -9999.0 -9999.0 -9999.0 -9999.0 -9999.0 -9999.0 -9999.0 -9999.0 -9999.0 -9999.0 -9999.0 -9999.0 -9999.0 -9999.0 -9999.0 -9999.0 -9999.0 -9999.0 -9999.0 -9999.0 -9999.0 -9999.0 -9999.0 -9999.0 -9999.0 -9999.0 -9999.0 -9999.0 -9999.0 -9999.0 -9999.0 -9999.0 -9999.0 -9999.0 -9999.0 -9999.0 -9999.0 -9999.0 -9999.0 -9999.0 -9999.0 -9999.0 -9999.0 -9999.0 -9999.0 -9999.0 -9999.0 -9999.0 -9999.0 -9999.0 -9999.0 -9999.0 -9999.0 -9999.0 -9999.0 -9999.0 -9999.0 -9999.0 -9999.0 -9999.0 -9999.0 -9999.0 -9999.0 -9999.0 -9999.0 -9999.0 -9999.0 -9999.0 -9999.0 -9999.0 -9999.0 -9999.0 -9999.0 -9999.0 -9999.0 -9999.0 -9999.0 -9999.0 -9999.0 -9999.0 -9999.0 -9999.0 -9999.0 -9999.0 -9999.0