inst/processing_geotop_simulation/geotop_simulation/out/maps3D/PwL0002N0166.asc
ncols         104
nrows         10
xllcorner     -2.000000
yllcorner     0.000000
cellsize      1.000000
NODATA_value  -9999.0
-9999.0 -9999.0 -9999.0 -9999.0 -9999.0 -9999.0 -9999.0 -9999.0 -9999.0 -9999.0 -9999.0 -9999.0 -9999.0 -9999.0 -9999.0 -9999.0 -9999.0 -9999.0 -9999.0 -9999.0 -9999.0 -9999.0 -9999.0 -9999.0 -9999.0 -9999.0 -9999.0 -9999.0 -9999.0 -9999.0 -9999.0 -9999.0 -9999.0 -9999.0 -9999.0 -9999.0 -9999.0 -9999.0 -9999.0 -9999.0 -9999.0 -9999.0 -9999.0 -9999.0 -9999.0 -9999.0 -9999.0 -9999.0 -9999.0 -9999.0 -9999.0 -9999.0 -9999.0 -9999.0 -9999.0 -9999.0 -9999.0 -9999.0 -9999.0 -9999.0 -9999.0 -9999.0 -9999.0 -9999.0 -9999.0 -9999.0 -9999.0 -9999.0 -9999.0 -9999.0 -9999.0 -9999.0 -9999.0 -9999.0 -9999.0 -9999.0 -9999.0 -9999.0 -9999.0 -9999.0 -9999.0 -9999.0 -9999.0 -9999.0 -9999.0 -9999.0 -9999.0 -9999.0 -9999.0 -9999.0 -9999.0 -9999.0 -9999.0 -9999.0 -9999.0 -9999.0 -9999.0 -9999.0 -9999.0 -9999.0 -9999.0 -9999.0 -9999.0 -9999.0
-9999.0 -9999.0 -9999.0 -9999.0 -9999.0 -9999.0 -9999.0 -9999.0 -9999.0 -9999.0 -9999.0 -9999.0 -9999.0 -9999.0 -9999.0 -9999.0 -9999.0 -9999.0 -9999.0 -9999.0 -9999.0 -9999.0 -9999.0 -9999.0 -9999.0 -9999.0 -9999.0 -9999.0 -9999.0 -9999.0 -9999.0 -9999.0 -9999.0 -9999.0 -9999.0 -9999.0 -9999.0 -9999.0 -9999.0 -9999.0 -9999.0 -9999.0 -9999.0 -9999.0 -9999.0 -9999.0 -9999.0 -9999.0 -9999.0 -9999.0 -9999.0 -9999.0 -9999.0 -9999.0 -9999.0 -9999.0 -9999.0 -9999.0 -9999.0 -9999.0 -9999.0 -9999.0 -9999.0 -9999.0 -9999.0 -9999.0 -9999.0 -9999.0 -9999.0 -9999.0 -9999.0 -9999.0 -9999.0 -9999.0 -9999.0 -9999.0 -9999.0 -9999.0 -9999.0 -9999.0 -9999.0 -9999.0 -9999.0 -9999.0 -9999.0 -9999.0 -9999.0 -9999.0 -9999.0 -9999.0 -9999.0 -9999.0 -9999.0 -9999.0 -9999.0 -9999.0 -9999.0 -9999.0 -9999.0 -9999.0 -9999.0 -9999.0 -9999.0 -9999.0
-9999.0 -9999.0 81.693215 -6.297264 -100.488406 -196.171824 -292.398734 -388.797156 -485.169785 -581.351542 -676.968787 -771.865279 -865.929477 -959.198598 -1052.844263 -1146.215859 -1238.673635 -1331.327965 -1422.466923 -1501.977395 -1560.962426 -1600.887805 -1626.321729 -1642.091360 -1651.910502 -1658.207274 -1662.416981 -1665.335817 -1667.400869 -1668.867629 -1669.903129 -1670.626516 -1671.126130 -1671.467352 -1671.697898 -1671.853762 -1671.968435 -1672.091604 -1672.392061 -1673.904266 -1681.189678 -1683.865389 -1050.119196 -1047.783288 -1036.333845 -1029.132447 -1025.757182 -1025.270221 -1025.220275 -1025.228085 -1025.244674 -1025.262356 -1025.279335 -1025.295048 -1025.309543 -1025.325561 -1025.369728 -1025.660663 -1027.458296 -1031.515858 -1037.860474 -1032.218385 -1663.786212 -1676.907898 -1673.167671 -1672.385767 -1672.263303 -1672.244077 -1672.241853 -1672.242621 -1672.243740 -1672.244702 -1672.245447 -1672.246012 -1672.246443 -1672.246777 -1672.247041 -1672.247253 -1672.247430 -1672.247586 -1672.247738 -1672.247907 -1672.248118 -1672.248411 -1672.248844 -1672.249510 -1672.250557 -1672.252230 -1672.254942 -1672.259414 -1672.266939 -1672.279928 -1672.303005 -1672.345251 -1672.424746 -1672.577827 -1672.878781 -1673.486027 -1674.764086 -1677.636087 -1684.765992 -1706.272924 -9999.0 -9999.0
-9999.0 -9999.0 81.705933 -6.294969 -100.487832 -196.171657 -292.398681 -388.797138 -485.169779 -581.351540 -676.968787 -771.865279 -865.929477 -959.198598 -1052.844263 -1146.215859 -1238.673635 -1331.327965 -1422.466923 -1501.977396 -1560.962426 -1600.887806 -1626.321729 -1642.091360 -1651.910503 -1658.207274 -1662.416981 -1665.335817 -1667.400869 -1668.867629 -1669.903129 -1670.626516 -1671.126130 -1671.467352 -1671.697898 -1671.853762 -1671.968435 -1672.091604 -1672.392061 -1673.904266 -1681.189678 -1683.865389 -1050.119196 -1047.783288 -1036.333844 -1029.132446 -1025.757182 -1025.270221 -1025.220275 -1025.228085 -1025.244674 -1025.262356 -1025.279335 -1025.295048 -1025.309543 -1025.325561 -1025.369728 -1025.660663 -1027.458296 -1031.515858 -1037.860474 -1032.218385 -1663.786212 -1676.907898 -1673.167671 -1672.385767 -1672.263303 -1672.244077 -1672.241853 -1672.242621 -1672.243740 -1672.244702 -1672.245447 -1672.246012 -1672.246443 -1672.246777 -1672.247041 -1672.247253 -1672.247430 -1672.247586 -1672.247738 -1672.247907 -1672.248118 -1672.248411 -1672.248844 -1672.249510 -1672.250557 -1672.252230 -1672.254942 -1672.259414 -1672.266939 -1672.279928 -1672.303005 -1672.345251 -1672.424746 -1672.577827 -1672.878781 -1673.486027 -1674.764086 -1677.636087 -1684.765992 -1706.272924 -9999.0 -9999.0
-9999.0 -9999.0 81.707314 -6.294055 -100.487471 -196.171526 -292.398635 -388.797121 -485.169773 -581.351538 -676.968786 -771.865278 -865.929477 -959.198598 -1052.844264 -1146.215860 -1238.673635 -1331.327965 -1422.466923 -1501.977396 -1560.962426 -1600.887806 -1626.321729 -1642.091360 -1651.910503 -1658.207274 -1662.416981 -1665.335817 -1667.400869 -1668.867629 -1669.903129 -1670.626516 -1671.126130 -1671.467352 -1671.697898 -1671.853762 -1671.968435 -1672.091604 -1672.392061 -1673.904266 -1681.189678 -1683.865389 -1050.119196 -1047.783288 -1036.333844 -1029.132446 -1025.757182 -1025.270221 -1025.220275 -1025.228085 -1025.244674 -1025.262356 -1025.279335 -1025.295048 -1025.309543 -1025.325561 -1025.369728 -1025.660663 -1027.458296 -1031.515858 -1037.860474 -1032.218385 -1663.786212 -1676.907898 -1673.167671 -1672.385767 -1672.263303 -1672.244077 -1672.241853 -1672.242621 -1672.243740 -1672.244702 -1672.245447 -1672.246012 -1672.246443 -1672.246777 -1672.247041 -1672.247253 -1672.247430 -1672.247586 -1672.247738 -1672.247907 -1672.248118 -1672.248411 -1672.248844 -1672.249510 -1672.250557 -1672.252230 -1672.254942 -1672.259414 -1672.266939 -1672.279928 -1672.303005 -1672.345251 -1672.424746 -1672.577827 -1672.878781 -1673.486027 -1674.764086 -1677.636087 -1684.765992 -1706.272924 -9999.0 -9999.0
-9999.0 -9999.0 81.707314 -6.294055 -100.487471 -196.171526 -292.398635 -388.797121 -485.169773 -581.351538 -676.968786 -771.865278 -865.929477 -959.198598 -1052.844264 -1146.215860 -1238.673635 -1331.327965 -1422.466923 -1501.977396 -1560.962426 -1600.887806 -1626.321729 -1642.091360 -1651.910503 -1658.207274 -1662.416981 -1665.335817 -1667.400869 -1668.867629 -1669.903129 -1670.626516 -1671.126130 -1671.467352 -1671.697898 -1671.853762 -1671.968435 -1672.091604 -1672.392061 -1673.904266 -1681.189678 -1683.865389 -1050.119196 -1047.783288 -1036.333844 -1029.132446 -1025.757182 -1025.270221 -1025.220275 -1025.228085 -1025.244674 -1025.262356 -1025.279335 -1025.295048 -1025.309543 -1025.325561 -1025.369728 -1025.660663 -1027.458296 -1031.515858 -1037.860474 -1032.218385 -1663.786212 -1676.907898 -1673.167671 -1672.385767 -1672.263303 -1672.244077 -1672.241853 -1672.242621 -1672.243740 -1672.244702 -1672.245447 -1672.246012 -1672.246443 -1672.246777 -1672.247041 -1672.247253 -1672.247430 -1672.247586 -1672.247738 -1672.247907 -1672.248118 -1672.248411 -1672.248844 -1672.249510 -1672.250557 -1672.252230 -1672.254942 -1672.259414 -1672.266939 -1672.279928 -1672.303005 -1672.345251 -1672.424746 -1672.577827 -1672.878781 -1673.486027 -1674.764086 -1677.636087 -1684.765992 -1706.272924 -9999.0 -9999.0
-9999.0 -9999.0 81.705933 -6.294969 -100.487832 -196.171657 -292.398681 -388.797138 -485.169779 -581.351540 -676.968787 -771.865279 -865.929477 -959.198598 -1052.844263 -1146.215859 -1238.673635 -1331.327965 -1422.466923 -1501.977396 -1560.962426 -1600.887806 -1626.321729 -1642.091360 -1651.910503 -1658.207274 -1662.416981 -1665.335817 -1667.400869 -1668.867629 -1669.903129 -1670.626516 -1671.126130 -1671.467352 -1671.697898 -1671.853762 -1671.968435 -1672.091604 -1672.392061 -1673.904266 -1681.189678 -1683.865389 -1050.119196 -1047.783288 -1036.333844 -1029.132446 -1025.757182 -1025.270221 -1025.220275 -1025.228085 -1025.244674 -1025.262356 -1025.279335 -1025.295048 -1025.309543 -1025.325561 -1025.369728 -1025.660663 -1027.458296 -1031.515858 -1037.860474 -1032.218385 -1663.786212 -1676.907898 -1673.167671 -1672.385767 -1672.263303 -1672.244077 -1672.241853 -1672.242621 -1672.243740 -1672.244702 -1672.245447 -1672.246012 -1672.246443 -1672.246777 -1672.247041 -1672.247253 -1672.247430 -1672.247586 -1672.247738 -1672.247907 -1672.248118 -1672.248411 -1672.248844 -1672.249510 -1672.250557 -1672.252230 -1672.254942 -1672.259414 -1672.266939 -1672.279928 -1672.303005 -1672.345251 -1672.424746 -1672.577827 -1672.878781 -1673.486027 -1674.764086 -1677.636087 -1684.765992 -1706.272924 -9999.0 -9999.0
-9999.0 -9999.0 81.693215 -6.297264 -100.488406 -196.171824 -292.398734 -388.797156 -485.169785 -581.351542 -676.968787 -771.865279 -865.929477 -959.198598 -1052.844263 -1146.215859 -1238.673635 -1331.327965 -1422.466923 -1501.977395 -1560.962426 -1600.887805 -1626.321729 -1642.091360 -1651.910502 -1658.207274 -1662.416981 -1665.335817 -1667.400869 -1668.867629 -1669.903129 -1670.626516 -1671.126130 -1671.467352 -1671.697898 -1671.853762 -1671.968435 -1672.091604 -1672.392061 -1673.904266 -1681.189678 -1683.865389 -1050.119196 -1047.783288 -1036.333845 -1029.132447 -1025.757182 -1025.270221 -1025.220275 -1025.228085 -1025.244674 -1025.262356 -1025.279335 -1025.295048 -1025.309543 -1025.325561 -1025.369728 -1025.660663 -1027.458296 -1031.515858 -1037.860474 -1032.218385 -1663.786212 -1676.907898 -1673.167671 -1672.385767 -1672.263303 -1672.244077 -1672.241853 -1672.242621 -1672.243740 -1672.244702 -1672.245447 -1672.246012 -1672.246443 -1672.246777 -1672.247041 -1672.247253 -1672.247430 -1672.247586 -1672.247738 -1672.247907 -1672.248118 -1672.248411 -1672.248844 -1672.249510 -1672.250557 -1672.252230 -1672.254942 -1672.259414 -1672.266939 -1672.279928 -1672.303005 -1672.345251 -1672.424746 -1672.577827 -1672.878781 -1673.486027 -1674.764086 -1677.636087 -1684.765992 -1706.272924 -9999.0 -9999.0
-9999.0 -9999.0 -9999.0 -9999.0 -9999.0 -9999.0 -9999.0 -9999.0 -9999.0 -9999.0 -9999.0 -9999.0 -9999.0 -9999.0 -9999.0 -9999.0 -9999.0 -9999.0 -9999.0 -9999.0 -9999.0 -9999.0 -9999.0 -9999.0 -9999.0 -9999.0 -9999.0 -9999.0 -9999.0 -9999.0 -9999.0 -9999.0 -9999.0 -9999.0 -9999.0 -9999.0 -9999.0 -9999.0 -9999.0 -9999.0 -9999.0 -9999.0 -9999.0 -9999.0 -9999.0 -9999.0 -9999.0 -9999.0 -9999.0 -9999.0 -9999.0 -9999.0 -9999.0 -9999.0 -9999.0 -9999.0 -9999.0 -9999.0 -9999.0 -9999.0 -9999.0 -9999.0 -9999.0 -9999.0 -9999.0 -9999.0 -9999.0 -9999.0 -9999.0 -9999.0 -9999.0 -9999.0 -9999.0 -9999.0 -9999.0 -9999.0 -9999.0 -9999.0 -9999.0 -9999.0 -9999.0 -9999.0 -9999.0 -9999.0 -9999.0 -9999.0 -9999.0 -9999.0 -9999.0 -9999.0 -9999.0 -9999.0 -9999.0 -9999.0 -9999.0 -9999.0 -9999.0 -9999.0 -9999.0 -9999.0 -9999.0 -9999.0 -9999.0 -9999.0
-9999.0 -9999.0 -9999.0 -9999.0 -9999.0 -9999.0 -9999.0 -9999.0 -9999.0 -9999.0 -9999.0 -9999.0 -9999.0 -9999.0 -9999.0 -9999.0 -9999.0 -9999.0 -9999.0 -9999.0 -9999.0 -9999.0 -9999.0 -9999.0 -9999.0 -9999.0 -9999.0 -9999.0 -9999.0 -9999.0 -9999.0 -9999.0 -9999.0 -9999.0 -9999.0 -9999.0 -9999.0 -9999.0 -9999.0 -9999.0 -9999.0 -9999.0 -9999.0 -9999.0 -9999.0 -9999.0 -9999.0 -9999.0 -9999.0 -9999.0 -9999.0 -9999.0 -9999.0 -9999.0 -9999.0 -9999.0 -9999.0 -9999.0 -9999.0 -9999.0 -9999.0 -9999.0 -9999.0 -9999.0 -9999.0 -9999.0 -9999.0 -9999.0 -9999.0 -9999.0 -9999.0 -9999.0 -9999.0 -9999.0 -9999.0 -9999.0 -9999.0 -9999.0 -9999.0 -9999.0 -9999.0 -9999.0 -9999.0 -9999.0 -9999.0 -9999.0 -9999.0 -9999.0 -9999.0 -9999.0 -9999.0 -9999.0 -9999.0 -9999.0 -9999.0 -9999.0 -9999.0 -9999.0 -9999.0 -9999.0 -9999.0 -9999.0 -9999.0 -9999.0