inst/processing_geotop_simulation/geotop_simulation/out/maps3D/PwL0016N0356.asc
ncols         104
nrows         10
xllcorner     -2.000000
yllcorner     0.000000
cellsize      1.000000
NODATA_value  -9999.0
-9999.0 -9999.0 -9999.0 -9999.0 -9999.0 -9999.0 -9999.0 -9999.0 -9999.0 -9999.0 -9999.0 -9999.0 -9999.0 -9999.0 -9999.0 -9999.0 -9999.0 -9999.0 -9999.0 -9999.0 -9999.0 -9999.0 -9999.0 -9999.0 -9999.0 -9999.0 -9999.0 -9999.0 -9999.0 -9999.0 -9999.0 -9999.0 -9999.0 -9999.0 -9999.0 -9999.0 -9999.0 -9999.0 -9999.0 -9999.0 -9999.0 -9999.0 -9999.0 -9999.0 -9999.0 -9999.0 -9999.0 -9999.0 -9999.0 -9999.0 -9999.0 -9999.0 -9999.0 -9999.0 -9999.0 -9999.0 -9999.0 -9999.0 -9999.0 -9999.0 -9999.0 -9999.0 -9999.0 -9999.0 -9999.0 -9999.0 -9999.0 -9999.0 -9999.0 -9999.0 -9999.0 -9999.0 -9999.0 -9999.0 -9999.0 -9999.0 -9999.0 -9999.0 -9999.0 -9999.0 -9999.0 -9999.0 -9999.0 -9999.0 -9999.0 -9999.0 -9999.0 -9999.0 -9999.0 -9999.0 -9999.0 -9999.0 -9999.0 -9999.0 -9999.0 -9999.0 -9999.0 -9999.0 -9999.0 -9999.0 -9999.0 -9999.0 -9999.0 -9999.0
-9999.0 -9999.0 -9999.0 -9999.0 -9999.0 -9999.0 -9999.0 -9999.0 -9999.0 -9999.0 -9999.0 -9999.0 -9999.0 -9999.0 -9999.0 -9999.0 -9999.0 -9999.0 -9999.0 -9999.0 -9999.0 -9999.0 -9999.0 -9999.0 -9999.0 -9999.0 -9999.0 -9999.0 -9999.0 -9999.0 -9999.0 -9999.0 -9999.0 -9999.0 -9999.0 -9999.0 -9999.0 -9999.0 -9999.0 -9999.0 -9999.0 -9999.0 -9999.0 -9999.0 -9999.0 -9999.0 -9999.0 -9999.0 -9999.0 -9999.0 -9999.0 -9999.0 -9999.0 -9999.0 -9999.0 -9999.0 -9999.0 -9999.0 -9999.0 -9999.0 -9999.0 -9999.0 -9999.0 -9999.0 -9999.0 -9999.0 -9999.0 -9999.0 -9999.0 -9999.0 -9999.0 -9999.0 -9999.0 -9999.0 -9999.0 -9999.0 -9999.0 -9999.0 -9999.0 -9999.0 -9999.0 -9999.0 -9999.0 -9999.0 -9999.0 -9999.0 -9999.0 -9999.0 -9999.0 -9999.0 -9999.0 -9999.0 -9999.0 -9999.0 -9999.0 -9999.0 -9999.0 -9999.0 -9999.0 -9999.0 -9999.0 -9999.0 -9999.0 -9999.0
-9999.0 -9999.0 771.019373 672.455174 573.649819 474.642930 375.537131 276.388503 177.225990 78.064933 -21.083874 -120.213986 -219.321843 -318.387593 -417.375023 -516.223513 -614.822094 -712.990523 -811.317113 -909.376036 -1007.048560 -1104.132743 -1196.109398 -1282.340994 -1360.497644 -1428.699464 -1485.924178 -1532.148404 -1568.210661 -1595.503513 -1615.639047 -1630.188273 -1640.528066 -1647.781483 -1652.819767 -1656.297783 -1658.710455 -1660.498262 -1662.348907 -1666.043457 -1675.647974 -1697.861192 -1974.357263 -4114.357399 -4183.131790 -4183.098354 -4183.059222 -4183.052639 -4183.051897 -4183.051788 -4183.051475 -4183.050221 -4183.048031 -4183.045168 -4183.040338 -4183.030943 -4183.010765 -4182.965398 -4182.863430 -4182.538677 -4057.273160 -1777.250635 -1656.815261 -1667.316797 -1665.236307 -1664.145228 -1663.880488 -1663.830675 -1663.822689 -1663.821922 -1663.822289 -1663.822754 -1663.823153 -1663.823474 -1663.823733 -1663.823947 -1663.824127 -1663.824284 -1663.824425 -1663.824559 -1663.824694 -1663.824840 -1663.825012 -1663.825233 -1663.825533 -1663.825966 -1663.826615 -1663.827622 -1663.829232 -1663.831880 -1663.836370 -1663.844230 -1663.858450 -1663.885031 -1663.936327 -1664.038792 -1664.252330 -1664.722335 -1665.827785 -1668.638248 -1676.522335 -1701.729842 -9999.0 -9999.0
-9999.0 -9999.0 771.023098 672.456459 573.650217 474.643056 375.537173 276.388518 177.225995 78.064935 -21.083873 -120.213985 -219.321843 -318.387593 -417.375023 -516.223514 -614.822094 -712.990523 -811.317113 -909.376037 -1007.048560 -1104.132743 -1196.109398 -1282.340994 -1360.497645 -1428.699464 -1485.924178 -1532.148404 -1568.210661 -1595.503513 -1615.639047 -1630.188273 -1640.528066 -1647.781483 -1652.819767 -1656.297783 -1658.710455 -1660.498262 -1662.348907 -1666.043457 -1675.647974 -1697.861192 -1974.357263 -4114.357399 -4183.131790 -4183.098354 -4183.059222 -4183.052639 -4183.051897 -4183.051788 -4183.051475 -4183.050221 -4183.048031 -4183.045168 -4183.040338 -4183.030943 -4183.010765 -4182.965398 -4182.863430 -4182.538677 -4057.273160 -1777.250636 -1656.815261 -1667.316797 -1665.236307 -1664.145228 -1663.880488 -1663.830675 -1663.822689 -1663.821922 -1663.822289 -1663.822754 -1663.823153 -1663.823474 -1663.823733 -1663.823947 -1663.824127 -1663.824284 -1663.824425 -1663.824559 -1663.824694 -1663.824840 -1663.825012 -1663.825233 -1663.825533 -1663.825966 -1663.826615 -1663.827622 -1663.829232 -1663.831880 -1663.836370 -1663.844230 -1663.858450 -1663.885031 -1663.936327 -1664.038792 -1664.252330 -1664.722335 -1665.827785 -1668.638248 -1676.522335 -1701.729842 -9999.0 -9999.0
-9999.0 -9999.0 771.024328 672.457107 573.650484 474.643157 375.537210 276.388531 177.226000 78.064937 -21.083872 -120.213985 -219.321843 -318.387593 -417.375023 -516.223514 -614.822094 -712.990523 -811.317113 -909.376037 -1007.048560 -1104.132743 -1196.109398 -1282.340994 -1360.497645 -1428.699464 -1485.924178 -1532.148404 -1568.210661 -1595.503513 -1615.639047 -1630.188273 -1640.528066 -1647.781483 -1652.819767 -1656.297784 -1658.710455 -1660.498262 -1662.348907 -1666.043457 -1675.647974 -1697.861192 -1974.357263 -4114.357399 -4183.131790 -4183.098354 -4183.059222 -4183.052639 -4183.051897 -4183.051788 -4183.051475 -4183.050221 -4183.048031 -4183.045168 -4183.040338 -4183.030943 -4183.010765 -4182.965398 -4182.863430 -4182.538677 -4057.273160 -1777.250635 -1656.815261 -1667.316797 -1665.236307 -1664.145228 -1663.880488 -1663.830675 -1663.822689 -1663.821922 -1663.822289 -1663.822754 -1663.823153 -1663.823474 -1663.823733 -1663.823947 -1663.824127 -1663.824284 -1663.824425 -1663.824559 -1663.824694 -1663.824840 -1663.825012 -1663.825233 -1663.825533 -1663.825966 -1663.826615 -1663.827622 -1663.829232 -1663.831880 -1663.836370 -1663.844230 -1663.858450 -1663.885031 -1663.936327 -1664.038792 -1664.252330 -1664.722335 -1665.827785 -1668.638248 -1676.522335 -1701.729842 -9999.0 -9999.0
-9999.0 -9999.0 771.024328 672.457107 573.650484 474.643157 375.537210 276.388531 177.226000 78.064937 -21.083872 -120.213985 -219.321843 -318.387593 -417.375023 -516.223514 -614.822094 -712.990523 -811.317113 -909.376037 -1007.048560 -1104.132744 -1196.109398 -1282.340994 -1360.497645 -1428.699464 -1485.924178 -1532.148404 -1568.210661 -1595.503513 -1615.639047 -1630.188273 -1640.528066 -1647.781483 -1652.819767 -1656.297784 -1658.710455 -1660.498262 -1662.348907 -1666.043457 -1675.647974 -1697.861192 -1974.357263 -4114.357399 -4183.131790 -4183.098354 -4183.059222 -4183.052639 -4183.051897 -4183.051788 -4183.051475 -4183.050221 -4183.048031 -4183.045168 -4183.040338 -4183.030943 -4183.010765 -4182.965398 -4182.863430 -4182.538677 -4057.273160 -1777.250635 -1656.815261 -1667.316797 -1665.236307 -1664.145228 -1663.880488 -1663.830675 -1663.822689 -1663.821922 -1663.822289 -1663.822754 -1663.823153 -1663.823474 -1663.823733 -1663.823947 -1663.824127 -1663.824284 -1663.824425 -1663.824559 -1663.824694 -1663.824840 -1663.825012 -1663.825233 -1663.825533 -1663.825966 -1663.826615 -1663.827622 -1663.829232 -1663.831880 -1663.836370 -1663.844230 -1663.858450 -1663.885031 -1663.936327 -1664.038792 -1664.252330 -1664.722335 -1665.827785 -1668.638248 -1676.522335 -1701.729842 -9999.0 -9999.0
-9999.0 -9999.0 771.023098 672.456459 573.650217 474.643056 375.537173 276.388518 177.225995 78.064935 -21.083873 -120.213985 -219.321843 -318.387593 -417.375023 -516.223514 -614.822094 -712.990523 -811.317113 -909.376037 -1007.048560 -1104.132743 -1196.109398 -1282.340994 -1360.497645 -1428.699464 -1485.924178 -1532.148404 -1568.210661 -1595.503513 -1615.639047 -1630.188273 -1640.528066 -1647.781483 -1652.819767 -1656.297783 -1658.710455 -1660.498262 -1662.348907 -1666.043457 -1675.647974 -1697.861192 -1974.357263 -4114.357399 -4183.131790 -4183.098354 -4183.059222 -4183.052639 -4183.051897 -4183.051788 -4183.051475 -4183.050221 -4183.048031 -4183.045168 -4183.040338 -4183.030943 -4183.010765 -4182.965398 -4182.863430 -4182.538677 -4057.273160 -1777.250636 -1656.815261 -1667.316797 -1665.236307 -1664.145228 -1663.880488 -1663.830675 -1663.822689 -1663.821922 -1663.822289 -1663.822754 -1663.823153 -1663.823474 -1663.823733 -1663.823947 -1663.824127 -1663.824284 -1663.824425 -1663.824559 -1663.824694 -1663.824840 -1663.825012 -1663.825233 -1663.825533 -1663.825966 -1663.826615 -1663.827622 -1663.829232 -1663.831880 -1663.836370 -1663.844230 -1663.858450 -1663.885031 -1663.936327 -1664.038792 -1664.252330 -1664.722335 -1665.827785 -1668.638248 -1676.522335 -1701.729842 -9999.0 -9999.0
-9999.0 -9999.0 771.019373 672.455174 573.649819 474.642930 375.537131 276.388503 177.225990 78.064933 -21.083874 -120.213986 -219.321843 -318.387593 -417.375023 -516.223513 -614.822094 -712.990523 -811.317113 -909.376036 -1007.048560 -1104.132743 -1196.109398 -1282.340994 -1360.497644 -1428.699464 -1485.924178 -1532.148404 -1568.210661 -1595.503513 -1615.639047 -1630.188273 -1640.528066 -1647.781483 -1652.819767 -1656.297783 -1658.710455 -1660.498262 -1662.348907 -1666.043457 -1675.647974 -1697.861192 -1974.357263 -4114.357399 -4183.131790 -4183.098354 -4183.059222 -4183.052639 -4183.051897 -4183.051788 -4183.051475 -4183.050221 -4183.048031 -4183.045168 -4183.040338 -4183.030943 -4183.010765 -4182.965398 -4182.863430 -4182.538677 -4057.273160 -1777.250636 -1656.815261 -1667.316797 -1665.236307 -1664.145228 -1663.880488 -1663.830675 -1663.822689 -1663.821922 -1663.822289 -1663.822754 -1663.823153 -1663.823474 -1663.823733 -1663.823947 -1663.824127 -1663.824284 -1663.824425 -1663.824559 -1663.824694 -1663.824840 -1663.825012 -1663.825233 -1663.825533 -1663.825966 -1663.826615 -1663.827622 -1663.829232 -1663.831880 -1663.836370 -1663.844230 -1663.858450 -1663.885031 -1663.936327 -1664.038792 -1664.252330 -1664.722335 -1665.827785 -1668.638248 -1676.522335 -1701.729842 -9999.0 -9999.0
-9999.0 -9999.0 -9999.0 -9999.0 -9999.0 -9999.0 -9999.0 -9999.0 -9999.0 -9999.0 -9999.0 -9999.0 -9999.0 -9999.0 -9999.0 -9999.0 -9999.0 -9999.0 -9999.0 -9999.0 -9999.0 -9999.0 -9999.0 -9999.0 -9999.0 -9999.0 -9999.0 -9999.0 -9999.0 -9999.0 -9999.0 -9999.0 -9999.0 -9999.0 -9999.0 -9999.0 -9999.0 -9999.0 -9999.0 -9999.0 -9999.0 -9999.0 -9999.0 -9999.0 -9999.0 -9999.0 -9999.0 -9999.0 -9999.0 -9999.0 -9999.0 -9999.0 -9999.0 -9999.0 -9999.0 -9999.0 -9999.0 -9999.0 -9999.0 -9999.0 -9999.0 -9999.0 -9999.0 -9999.0 -9999.0 -9999.0 -9999.0 -9999.0 -9999.0 -9999.0 -9999.0 -9999.0 -9999.0 -9999.0 -9999.0 -9999.0 -9999.0 -9999.0 -9999.0 -9999.0 -9999.0 -9999.0 -9999.0 -9999.0 -9999.0 -9999.0 -9999.0 -9999.0 -9999.0 -9999.0 -9999.0 -9999.0 -9999.0 -9999.0 -9999.0 -9999.0 -9999.0 -9999.0 -9999.0 -9999.0 -9999.0 -9999.0 -9999.0 -9999.0
-9999.0 -9999.0 -9999.0 -9999.0 -9999.0 -9999.0 -9999.0 -9999.0 -9999.0 -9999.0 -9999.0 -9999.0 -9999.0 -9999.0 -9999.0 -9999.0 -9999.0 -9999.0 -9999.0 -9999.0 -9999.0 -9999.0 -9999.0 -9999.0 -9999.0 -9999.0 -9999.0 -9999.0 -9999.0 -9999.0 -9999.0 -9999.0 -9999.0 -9999.0 -9999.0 -9999.0 -9999.0 -9999.0 -9999.0 -9999.0 -9999.0 -9999.0 -9999.0 -9999.0 -9999.0 -9999.0 -9999.0 -9999.0 -9999.0 -9999.0 -9999.0 -9999.0 -9999.0 -9999.0 -9999.0 -9999.0 -9999.0 -9999.0 -9999.0 -9999.0 -9999.0 -9999.0 -9999.0 -9999.0 -9999.0 -9999.0 -9999.0 -9999.0 -9999.0 -9999.0 -9999.0 -9999.0 -9999.0 -9999.0 -9999.0 -9999.0 -9999.0 -9999.0 -9999.0 -9999.0 -9999.0 -9999.0 -9999.0 -9999.0 -9999.0 -9999.0 -9999.0 -9999.0 -9999.0 -9999.0 -9999.0 -9999.0 -9999.0 -9999.0 -9999.0 -9999.0 -9999.0 -9999.0 -9999.0 -9999.0 -9999.0 -9999.0 -9999.0 -9999.0