inst/processing_geotop_simulation/geotop_simulation/out/maps3D/PwL0007N0242.asc
ncols         104
nrows         10
xllcorner     -2.000000
yllcorner     0.000000
cellsize      1.000000
NODATA_value  -9999.0
-9999.0 -9999.0 -9999.0 -9999.0 -9999.0 -9999.0 -9999.0 -9999.0 -9999.0 -9999.0 -9999.0 -9999.0 -9999.0 -9999.0 -9999.0 -9999.0 -9999.0 -9999.0 -9999.0 -9999.0 -9999.0 -9999.0 -9999.0 -9999.0 -9999.0 -9999.0 -9999.0 -9999.0 -9999.0 -9999.0 -9999.0 -9999.0 -9999.0 -9999.0 -9999.0 -9999.0 -9999.0 -9999.0 -9999.0 -9999.0 -9999.0 -9999.0 -9999.0 -9999.0 -9999.0 -9999.0 -9999.0 -9999.0 -9999.0 -9999.0 -9999.0 -9999.0 -9999.0 -9999.0 -9999.0 -9999.0 -9999.0 -9999.0 -9999.0 -9999.0 -9999.0 -9999.0 -9999.0 -9999.0 -9999.0 -9999.0 -9999.0 -9999.0 -9999.0 -9999.0 -9999.0 -9999.0 -9999.0 -9999.0 -9999.0 -9999.0 -9999.0 -9999.0 -9999.0 -9999.0 -9999.0 -9999.0 -9999.0 -9999.0 -9999.0 -9999.0 -9999.0 -9999.0 -9999.0 -9999.0 -9999.0 -9999.0 -9999.0 -9999.0 -9999.0 -9999.0 -9999.0 -9999.0 -9999.0 -9999.0 -9999.0 -9999.0 -9999.0 -9999.0
-9999.0 -9999.0 -9999.0 -9999.0 -9999.0 -9999.0 -9999.0 -9999.0 -9999.0 -9999.0 -9999.0 -9999.0 -9999.0 -9999.0 -9999.0 -9999.0 -9999.0 -9999.0 -9999.0 -9999.0 -9999.0 -9999.0 -9999.0 -9999.0 -9999.0 -9999.0 -9999.0 -9999.0 -9999.0 -9999.0 -9999.0 -9999.0 -9999.0 -9999.0 -9999.0 -9999.0 -9999.0 -9999.0 -9999.0 -9999.0 -9999.0 -9999.0 -9999.0 -9999.0 -9999.0 -9999.0 -9999.0 -9999.0 -9999.0 -9999.0 -9999.0 -9999.0 -9999.0 -9999.0 -9999.0 -9999.0 -9999.0 -9999.0 -9999.0 -9999.0 -9999.0 -9999.0 -9999.0 -9999.0 -9999.0 -9999.0 -9999.0 -9999.0 -9999.0 -9999.0 -9999.0 -9999.0 -9999.0 -9999.0 -9999.0 -9999.0 -9999.0 -9999.0 -9999.0 -9999.0 -9999.0 -9999.0 -9999.0 -9999.0 -9999.0 -9999.0 -9999.0 -9999.0 -9999.0 -9999.0 -9999.0 -9999.0 -9999.0 -9999.0 -9999.0 -9999.0 -9999.0 -9999.0 -9999.0 -9999.0 -9999.0 -9999.0 -9999.0 -9999.0
-9999.0 -9999.0 327.094562 231.681913 134.467858 36.592259 -61.540229 -159.777759 -258.041890 -356.270965 -454.394600 -552.254321 -649.512447 -746.086361 -842.591052 -938.994906 -1035.155214 -1130.093925 -1222.223922 -1310.969233 -1393.153269 -1464.847942 -1523.552691 -1569.043180 -1602.822306 -1627.148888 -1644.297961 -1656.200404 -1664.357618 -1669.885615 -1673.594069 -1676.059979 -1677.687783 -1678.756390 -1679.455534 -1679.914704 -1680.229922 -1680.511042 -1681.079857 -1683.331376 -1691.331582 -1692.335102 -1159.621533 -1207.385099 -1182.611868 -1166.972360 -1159.725323 -1158.709592 -1158.604610 -1158.615987 -1158.644142 -1158.674329 -1158.703323 -1158.730162 -1158.755017 -1158.783451 -1158.869301 -1159.458682 -1163.244492 -1171.783872 -1184.030695 -1121.037026 -1665.201051 -1685.241438 -1682.063107 -1681.073561 -1680.894242 -1680.865881 -1680.862026 -1680.862159 -1680.862856 -1680.863507 -1680.864024 -1680.864419 -1680.864722 -1680.864958 -1680.865145 -1680.865296 -1680.865423 -1680.865536 -1680.865648 -1680.865772 -1680.865928 -1680.866145 -1680.866466 -1680.866959 -1680.867736 -1680.868980 -1680.871005 -1680.874362 -1680.880053 -1680.889962 -1680.907729 -1680.940547 -1681.002862 -1681.124259 -1681.367544 -1681.874650 -1682.993705 -1685.660853 -1692.756397 -1715.395102 -9999.0 -9999.0
-9999.0 -9999.0 327.102613 231.683863 134.468375 36.592412 -61.540181 -159.777743 -258.041884 -356.270963 -454.394599 -552.254320 -649.512447 -746.086361 -842.591052 -938.994906 -1035.155214 -1130.093925 -1222.223922 -1310.969233 -1393.153269 -1464.847942 -1523.552691 -1569.043181 -1602.822306 -1627.148888 -1644.297961 -1656.200404 -1664.357618 -1669.885615 -1673.594069 -1676.059979 -1677.687783 -1678.756390 -1679.455534 -1679.914704 -1680.229922 -1680.511042 -1681.079857 -1683.331376 -1691.331582 -1692.335102 -1159.621533 -1207.385099 -1182.611867 -1166.972359 -1159.725323 -1158.709592 -1158.604610 -1158.615987 -1158.644142 -1158.674329 -1158.703323 -1158.730162 -1158.755017 -1158.783451 -1158.869301 -1159.458682 -1163.244492 -1171.783872 -1184.030695 -1121.037026 -1665.201051 -1685.241438 -1682.063107 -1681.073561 -1680.894242 -1680.865881 -1680.862026 -1680.862159 -1680.862856 -1680.863507 -1680.864024 -1680.864419 -1680.864722 -1680.864958 -1680.865145 -1680.865296 -1680.865423 -1680.865536 -1680.865648 -1680.865772 -1680.865928 -1680.866145 -1680.866466 -1680.866959 -1680.867736 -1680.868980 -1680.871005 -1680.874362 -1680.880053 -1680.889962 -1680.907729 -1680.940547 -1681.002862 -1681.124259 -1681.367544 -1681.874650 -1682.993705 -1685.660853 -1692.756397 -1715.395102 -9999.0 -9999.0
-9999.0 -9999.0 327.104137 231.684692 134.468705 36.592532 -61.540138 -159.777728 -258.041879 -356.270961 -454.394598 -552.254320 -649.512447 -746.086361 -842.591052 -938.994906 -1035.155214 -1130.093925 -1222.223922 -1310.969233 -1393.153269 -1464.847943 -1523.552691 -1569.043181 -1602.822306 -1627.148888 -1644.297961 -1656.200404 -1664.357618 -1669.885615 -1673.594069 -1676.059979 -1677.687783 -1678.756390 -1679.455534 -1679.914704 -1680.229922 -1680.511042 -1681.079857 -1683.331376 -1691.331582 -1692.335102 -1159.621533 -1207.385099 -1182.611867 -1166.972359 -1159.725322 -1158.709592 -1158.604610 -1158.615987 -1158.644142 -1158.674329 -1158.703323 -1158.730162 -1158.755017 -1158.783451 -1158.869301 -1159.458682 -1163.244492 -1171.783872 -1184.030695 -1121.037026 -1665.201051 -1685.241438 -1682.063107 -1681.073561 -1680.894242 -1680.865881 -1680.862026 -1680.862159 -1680.862856 -1680.863507 -1680.864024 -1680.864419 -1680.864722 -1680.864958 -1680.865145 -1680.865296 -1680.865423 -1680.865536 -1680.865648 -1680.865772 -1680.865928 -1680.866145 -1680.866466 -1680.866959 -1680.867736 -1680.868980 -1680.871005 -1680.874362 -1680.880053 -1680.889962 -1680.907729 -1680.940547 -1681.002862 -1681.124259 -1681.367544 -1681.874650 -1682.993705 -1685.660853 -1692.756397 -1715.395102 -9999.0 -9999.0
-9999.0 -9999.0 327.104137 231.684692 134.468705 36.592532 -61.540138 -159.777728 -258.041879 -356.270961 -454.394598 -552.254320 -649.512447 -746.086361 -842.591052 -938.994906 -1035.155214 -1130.093925 -1222.223922 -1310.969233 -1393.153269 -1464.847943 -1523.552691 -1569.043181 -1602.822306 -1627.148888 -1644.297961 -1656.200404 -1664.357618 -1669.885615 -1673.594069 -1676.059979 -1677.687783 -1678.756390 -1679.455534 -1679.914704 -1680.229922 -1680.511042 -1681.079857 -1683.331376 -1691.331582 -1692.335102 -1159.621533 -1207.385099 -1182.611867 -1166.972359 -1159.725322 -1158.709592 -1158.604610 -1158.615987 -1158.644142 -1158.674329 -1158.703323 -1158.730162 -1158.755017 -1158.783451 -1158.869301 -1159.458682 -1163.244492 -1171.783872 -1184.030695 -1121.037026 -1665.201051 -1685.241438 -1682.063107 -1681.073561 -1680.894242 -1680.865881 -1680.862026 -1680.862159 -1680.862856 -1680.863507 -1680.864024 -1680.864419 -1680.864722 -1680.864958 -1680.865145 -1680.865296 -1680.865423 -1680.865536 -1680.865648 -1680.865772 -1680.865928 -1680.866145 -1680.866466 -1680.866959 -1680.867736 -1680.868980 -1680.871005 -1680.874362 -1680.880053 -1680.889962 -1680.907729 -1680.940547 -1681.002862 -1681.124259 -1681.367544 -1681.874650 -1682.993705 -1685.660853 -1692.756397 -1715.395102 -9999.0 -9999.0
-9999.0 -9999.0 327.102613 231.683864 134.468375 36.592412 -61.540181 -159.777743 -258.041884 -356.270963 -454.394599 -552.254320 -649.512447 -746.086361 -842.591052 -938.994906 -1035.155214 -1130.093925 -1222.223922 -1310.969233 -1393.153269 -1464.847942 -1523.552691 -1569.043181 -1602.822306 -1627.148888 -1644.297961 -1656.200404 -1664.357618 -1669.885615 -1673.594069 -1676.059979 -1677.687783 -1678.756390 -1679.455534 -1679.914704 -1680.229922 -1680.511042 -1681.079857 -1683.331376 -1691.331582 -1692.335102 -1159.621533 -1207.385099 -1182.611867 -1166.972359 -1159.725323 -1158.709592 -1158.604610 -1158.615987 -1158.644142 -1158.674329 -1158.703323 -1158.730162 -1158.755017 -1158.783451 -1158.869301 -1159.458682 -1163.244492 -1171.783872 -1184.030695 -1121.037026 -1665.201051 -1685.241438 -1682.063107 -1681.073561 -1680.894242 -1680.865881 -1680.862026 -1680.862159 -1680.862856 -1680.863507 -1680.864024 -1680.864419 -1680.864722 -1680.864958 -1680.865145 -1680.865296 -1680.865423 -1680.865536 -1680.865648 -1680.865772 -1680.865928 -1680.866145 -1680.866466 -1680.866959 -1680.867736 -1680.868980 -1680.871005 -1680.874362 -1680.880053 -1680.889962 -1680.907729 -1680.940547 -1681.002862 -1681.124259 -1681.367544 -1681.874650 -1682.993705 -1685.660853 -1692.756397 -1715.395102 -9999.0 -9999.0
-9999.0 -9999.0 327.094562 231.681913 134.467858 36.592259 -61.540229 -159.777759 -258.041890 -356.270965 -454.394600 -552.254321 -649.512447 -746.086361 -842.591052 -938.994906 -1035.155214 -1130.093925 -1222.223922 -1310.969233 -1393.153269 -1464.847942 -1523.552691 -1569.043180 -1602.822306 -1627.148888 -1644.297961 -1656.200404 -1664.357618 -1669.885615 -1673.594069 -1676.059979 -1677.687783 -1678.756390 -1679.455534 -1679.914704 -1680.229922 -1680.511042 -1681.079857 -1683.331376 -1691.331582 -1692.335102 -1159.621533 -1207.385099 -1182.611868 -1166.972360 -1159.725323 -1158.709592 -1158.604610 -1158.615987 -1158.644142 -1158.674329 -1158.703323 -1158.730162 -1158.755017 -1158.783451 -1158.869301 -1159.458682 -1163.244492 -1171.783872 -1184.030695 -1121.037026 -1665.201051 -1685.241438 -1682.063107 -1681.073561 -1680.894242 -1680.865881 -1680.862026 -1680.862159 -1680.862856 -1680.863507 -1680.864024 -1680.864419 -1680.864722 -1680.864958 -1680.865145 -1680.865296 -1680.865423 -1680.865536 -1680.865648 -1680.865772 -1680.865928 -1680.866145 -1680.866466 -1680.866959 -1680.867736 -1680.868980 -1680.871005 -1680.874362 -1680.880053 -1680.889962 -1680.907729 -1680.940547 -1681.002862 -1681.124259 -1681.367544 -1681.874650 -1682.993705 -1685.660853 -1692.756397 -1715.395102 -9999.0 -9999.0
-9999.0 -9999.0 -9999.0 -9999.0 -9999.0 -9999.0 -9999.0 -9999.0 -9999.0 -9999.0 -9999.0 -9999.0 -9999.0 -9999.0 -9999.0 -9999.0 -9999.0 -9999.0 -9999.0 -9999.0 -9999.0 -9999.0 -9999.0 -9999.0 -9999.0 -9999.0 -9999.0 -9999.0 -9999.0 -9999.0 -9999.0 -9999.0 -9999.0 -9999.0 -9999.0 -9999.0 -9999.0 -9999.0 -9999.0 -9999.0 -9999.0 -9999.0 -9999.0 -9999.0 -9999.0 -9999.0 -9999.0 -9999.0 -9999.0 -9999.0 -9999.0 -9999.0 -9999.0 -9999.0 -9999.0 -9999.0 -9999.0 -9999.0 -9999.0 -9999.0 -9999.0 -9999.0 -9999.0 -9999.0 -9999.0 -9999.0 -9999.0 -9999.0 -9999.0 -9999.0 -9999.0 -9999.0 -9999.0 -9999.0 -9999.0 -9999.0 -9999.0 -9999.0 -9999.0 -9999.0 -9999.0 -9999.0 -9999.0 -9999.0 -9999.0 -9999.0 -9999.0 -9999.0 -9999.0 -9999.0 -9999.0 -9999.0 -9999.0 -9999.0 -9999.0 -9999.0 -9999.0 -9999.0 -9999.0 -9999.0 -9999.0 -9999.0 -9999.0 -9999.0
-9999.0 -9999.0 -9999.0 -9999.0 -9999.0 -9999.0 -9999.0 -9999.0 -9999.0 -9999.0 -9999.0 -9999.0 -9999.0 -9999.0 -9999.0 -9999.0 -9999.0 -9999.0 -9999.0 -9999.0 -9999.0 -9999.0 -9999.0 -9999.0 -9999.0 -9999.0 -9999.0 -9999.0 -9999.0 -9999.0 -9999.0 -9999.0 -9999.0 -9999.0 -9999.0 -9999.0 -9999.0 -9999.0 -9999.0 -9999.0 -9999.0 -9999.0 -9999.0 -9999.0 -9999.0 -9999.0 -9999.0 -9999.0 -9999.0 -9999.0 -9999.0 -9999.0 -9999.0 -9999.0 -9999.0 -9999.0 -9999.0 -9999.0 -9999.0 -9999.0 -9999.0 -9999.0 -9999.0 -9999.0 -9999.0 -9999.0 -9999.0 -9999.0 -9999.0 -9999.0 -9999.0 -9999.0 -9999.0 -9999.0 -9999.0 -9999.0 -9999.0 -9999.0 -9999.0 -9999.0 -9999.0 -9999.0 -9999.0 -9999.0 -9999.0 -9999.0 -9999.0 -9999.0 -9999.0 -9999.0 -9999.0 -9999.0 -9999.0 -9999.0 -9999.0 -9999.0 -9999.0 -9999.0 -9999.0 -9999.0 -9999.0 -9999.0 -9999.0 -9999.0