inst/processing_geotop_simulation/geotop_simulation/out/maps3D/PwL0019N0427.asc
ncols         104
nrows         10
xllcorner     -2.000000
yllcorner     0.000000
cellsize      1.000000
NODATA_value  -9999.0
-9999.0 -9999.0 -9999.0 -9999.0 -9999.0 -9999.0 -9999.0 -9999.0 -9999.0 -9999.0 -9999.0 -9999.0 -9999.0 -9999.0 -9999.0 -9999.0 -9999.0 -9999.0 -9999.0 -9999.0 -9999.0 -9999.0 -9999.0 -9999.0 -9999.0 -9999.0 -9999.0 -9999.0 -9999.0 -9999.0 -9999.0 -9999.0 -9999.0 -9999.0 -9999.0 -9999.0 -9999.0 -9999.0 -9999.0 -9999.0 -9999.0 -9999.0 -9999.0 -9999.0 -9999.0 -9999.0 -9999.0 -9999.0 -9999.0 -9999.0 -9999.0 -9999.0 -9999.0 -9999.0 -9999.0 -9999.0 -9999.0 -9999.0 -9999.0 -9999.0 -9999.0 -9999.0 -9999.0 -9999.0 -9999.0 -9999.0 -9999.0 -9999.0 -9999.0 -9999.0 -9999.0 -9999.0 -9999.0 -9999.0 -9999.0 -9999.0 -9999.0 -9999.0 -9999.0 -9999.0 -9999.0 -9999.0 -9999.0 -9999.0 -9999.0 -9999.0 -9999.0 -9999.0 -9999.0 -9999.0 -9999.0 -9999.0 -9999.0 -9999.0 -9999.0 -9999.0 -9999.0 -9999.0 -9999.0 -9999.0 -9999.0 -9999.0 -9999.0 -9999.0
-9999.0 -9999.0 -9999.0 -9999.0 -9999.0 -9999.0 -9999.0 -9999.0 -9999.0 -9999.0 -9999.0 -9999.0 -9999.0 -9999.0 -9999.0 -9999.0 -9999.0 -9999.0 -9999.0 -9999.0 -9999.0 -9999.0 -9999.0 -9999.0 -9999.0 -9999.0 -9999.0 -9999.0 -9999.0 -9999.0 -9999.0 -9999.0 -9999.0 -9999.0 -9999.0 -9999.0 -9999.0 -9999.0 -9999.0 -9999.0 -9999.0 -9999.0 -9999.0 -9999.0 -9999.0 -9999.0 -9999.0 -9999.0 -9999.0 -9999.0 -9999.0 -9999.0 -9999.0 -9999.0 -9999.0 -9999.0 -9999.0 -9999.0 -9999.0 -9999.0 -9999.0 -9999.0 -9999.0 -9999.0 -9999.0 -9999.0 -9999.0 -9999.0 -9999.0 -9999.0 -9999.0 -9999.0 -9999.0 -9999.0 -9999.0 -9999.0 -9999.0 -9999.0 -9999.0 -9999.0 -9999.0 -9999.0 -9999.0 -9999.0 -9999.0 -9999.0 -9999.0 -9999.0 -9999.0 -9999.0 -9999.0 -9999.0 -9999.0 -9999.0 -9999.0 -9999.0 -9999.0 -9999.0 -9999.0 -9999.0 -9999.0 -9999.0 -9999.0 -9999.0
-9999.0 -9999.0 918.769413 819.687957 720.519134 621.232670 521.883140 422.505733 323.119696 223.735515 124.359040 24.994087 -74.354366 -173.686233 -272.994212 -372.261226 -471.456030 -570.521586 -669.356949 -768.038106 -866.673364 -964.997120 -1062.829950 -1158.264354 -1248.256785 -1331.748090 -1406.788933 -1471.918944 -1526.447919 -1570.536002 -1605.060471 -1631.350723 -1650.905487 -1665.173709 -1675.426681 -1682.711662 -1687.870668 -1691.642866 -1694.969553 -1699.686900 -1708.927544 -1726.232357 -1860.180376 -3909.796520 -4034.589158 -4034.601935 -4033.480982 -4024.144991 -3990.278455 -3912.557533 -3782.646578 -3593.365009 -3438.183677 -3324.111785 -3210.908017 -3087.628014 -2952.435338 -2810.237634 -2668.320531 -2530.550826 -2357.395219 -1609.256901 -1681.856870 -1701.011761 -1700.667693 -1699.736802 -1699.453752 -1699.393290 -1699.382660 -1699.381379 -1699.381667 -1699.382148 -1699.382592 -1699.382978 -1699.383314 -1699.383614 -1699.383889 -1699.384147 -1699.384397 -1699.384644 -1699.384897 -1699.385166 -1699.385463 -1699.385809 -1699.386234 -1699.386783 -1699.387534 -1699.388615 -1699.390249 -1699.392834 -1699.397112 -1699.404496 -1699.417777 -1699.442604 -1699.490798 -1699.588254 -1699.795185 -1700.261272 -1701.384448 -1704.306232 -1712.626478 -1739.021935 -9999.0 -9999.0
-9999.0 -9999.0 918.772259 819.689028 720.519482 621.232784 521.883178 422.505746 323.119701 223.735517 124.359041 24.994087 -74.354365 -173.686233 -272.994212 -372.261226 -471.456030 -570.521587 -669.356949 -768.038106 -866.673365 -964.997120 -1062.829950 -1158.264354 -1248.256785 -1331.748090 -1406.788933 -1471.918944 -1526.447919 -1570.536002 -1605.060471 -1631.350723 -1650.905487 -1665.173709 -1675.426681 -1682.711662 -1687.870668 -1691.642866 -1694.969553 -1699.686900 -1708.927544 -1726.232357 -1860.180376 -3909.796520 -4034.589158 -4034.601935 -4033.480982 -4024.144991 -3990.278455 -3912.557533 -3782.646576 -3593.365008 -3438.183676 -3324.111784 -3210.908017 -3087.628014 -2952.435337 -2810.237634 -2668.320531 -2530.550826 -2357.395220 -1609.256901 -1681.856870 -1701.011761 -1700.667693 -1699.736802 -1699.453752 -1699.393290 -1699.382660 -1699.381379 -1699.381667 -1699.382148 -1699.382592 -1699.382978 -1699.383314 -1699.383614 -1699.383889 -1699.384147 -1699.384397 -1699.384644 -1699.384897 -1699.385166 -1699.385463 -1699.385809 -1699.386233 -1699.386783 -1699.387533 -1699.388615 -1699.390249 -1699.392834 -1699.397112 -1699.404496 -1699.417777 -1699.442604 -1699.490798 -1699.588254 -1699.795185 -1700.261272 -1701.384448 -1704.306232 -1712.626478 -1739.021935 -9999.0 -9999.0
-9999.0 -9999.0 918.773326 819.689599 720.519723 621.232876 521.883212 422.505759 323.119706 223.735518 124.359042 24.994088 -74.354365 -173.686232 -272.994212 -372.261226 -471.456030 -570.521587 -669.356949 -768.038107 -866.673365 -964.997120 -1062.829950 -1158.264354 -1248.256785 -1331.748091 -1406.788933 -1471.918944 -1526.447919 -1570.536002 -1605.060471 -1631.350723 -1650.905487 -1665.173709 -1675.426681 -1682.711662 -1687.870668 -1691.642866 -1694.969553 -1699.686900 -1708.927544 -1726.232357 -1860.180376 -3909.796520 -4034.589158 -4034.601935 -4033.480982 -4024.144991 -3990.278455 -3912.557532 -3782.646574 -3593.365007 -3438.183676 -3324.111784 -3210.908017 -3087.628014 -2952.435337 -2810.237634 -2668.320531 -2530.550825 -2357.395219 -1609.256901 -1681.856870 -1701.011761 -1700.667693 -1699.736802 -1699.453752 -1699.393290 -1699.382660 -1699.381379 -1699.381667 -1699.382148 -1699.382592 -1699.382978 -1699.383314 -1699.383614 -1699.383889 -1699.384147 -1699.384397 -1699.384644 -1699.384897 -1699.385166 -1699.385463 -1699.385809 -1699.386233 -1699.386783 -1699.387533 -1699.388615 -1699.390249 -1699.392834 -1699.397112 -1699.404496 -1699.417777 -1699.442604 -1699.490798 -1699.588254 -1699.795185 -1700.261272 -1701.384448 -1704.306232 -1712.626478 -1739.021935 -9999.0 -9999.0
-9999.0 -9999.0 918.773326 819.689599 720.519723 621.232876 521.883212 422.505759 323.119705 223.735518 124.359042 24.994088 -74.354365 -173.686233 -272.994212 -372.261226 -471.456030 -570.521587 -669.356949 -768.038107 -866.673365 -964.997120 -1062.829950 -1158.264354 -1248.256785 -1331.748091 -1406.788933 -1471.918944 -1526.447919 -1570.536002 -1605.060471 -1631.350723 -1650.905487 -1665.173709 -1675.426681 -1682.711662 -1687.870668 -1691.642866 -1694.969553 -1699.686900 -1708.927544 -1726.232357 -1860.180376 -3909.796520 -4034.589158 -4034.601935 -4033.480982 -4024.144991 -3990.278455 -3912.557532 -3782.646574 -3593.365007 -3438.183676 -3324.111784 -3210.908016 -3087.628014 -2952.435337 -2810.237634 -2668.320531 -2530.550826 -2357.395219 -1609.256901 -1681.856870 -1701.011761 -1700.667693 -1699.736802 -1699.453752 -1699.393290 -1699.382660 -1699.381379 -1699.381667 -1699.382148 -1699.382592 -1699.382978 -1699.383314 -1699.383614 -1699.383889 -1699.384147 -1699.384397 -1699.384644 -1699.384897 -1699.385166 -1699.385463 -1699.385809 -1699.386233 -1699.386783 -1699.387533 -1699.388615 -1699.390249 -1699.392834 -1699.397112 -1699.404496 -1699.417777 -1699.442604 -1699.490798 -1699.588254 -1699.795185 -1700.261272 -1701.384448 -1704.306232 -1712.626478 -1739.021935 -9999.0 -9999.0
-9999.0 -9999.0 918.772259 819.689028 720.519483 621.232784 521.883178 422.505746 323.119701 223.735517 124.359041 24.994087 -74.354366 -173.686233 -272.994212 -372.261226 -471.456030 -570.521587 -669.356949 -768.038106 -866.673365 -964.997120 -1062.829950 -1158.264354 -1248.256785 -1331.748090 -1406.788933 -1471.918944 -1526.447919 -1570.536002 -1605.060471 -1631.350723 -1650.905487 -1665.173709 -1675.426681 -1682.711662 -1687.870668 -1691.642866 -1694.969553 -1699.686900 -1708.927544 -1726.232357 -1860.180376 -3909.796520 -4034.589158 -4034.601935 -4033.480982 -4024.144991 -3990.278455 -3912.557532 -3782.646575 -3593.365008 -3438.183676 -3324.111784 -3210.908017 -3087.628014 -2952.435338 -2810.237634 -2668.320531 -2530.550826 -2357.395220 -1609.256901 -1681.856870 -1701.011761 -1700.667693 -1699.736802 -1699.453752 -1699.393290 -1699.382660 -1699.381379 -1699.381667 -1699.382148 -1699.382592 -1699.382978 -1699.383314 -1699.383614 -1699.383889 -1699.384147 -1699.384397 -1699.384644 -1699.384897 -1699.385166 -1699.385463 -1699.385809 -1699.386233 -1699.386783 -1699.387533 -1699.388615 -1699.390249 -1699.392834 -1699.397112 -1699.404496 -1699.417777 -1699.442604 -1699.490798 -1699.588254 -1699.795185 -1700.261272 -1701.384448 -1704.306232 -1712.626478 -1739.021935 -9999.0 -9999.0
-9999.0 -9999.0 918.769413 819.687957 720.519134 621.232670 521.883140 422.505733 323.119696 223.735514 124.359040 24.994087 -74.354366 -173.686233 -272.994212 -372.261226 -471.456030 -570.521586 -669.356949 -768.038106 -866.673364 -964.997120 -1062.829950 -1158.264354 -1248.256785 -1331.748090 -1406.788933 -1471.918944 -1526.447919 -1570.536002 -1605.060471 -1631.350723 -1650.905487 -1665.173709 -1675.426681 -1682.711662 -1687.870668 -1691.642866 -1694.969553 -1699.686900 -1708.927544 -1726.232357 -1860.180376 -3909.796520 -4034.589158 -4034.601935 -4033.480982 -4024.144991 -3990.278455 -3912.557534 -3782.646578 -3593.365009 -3438.183677 -3324.111785 -3210.908017 -3087.628015 -2952.435338 -2810.237635 -2668.320531 -2530.550826 -2357.395220 -1609.256901 -1681.856870 -1701.011761 -1700.667693 -1699.736802 -1699.453752 -1699.393290 -1699.382660 -1699.381379 -1699.381667 -1699.382148 -1699.382592 -1699.382978 -1699.383314 -1699.383614 -1699.383889 -1699.384147 -1699.384397 -1699.384644 -1699.384897 -1699.385166 -1699.385463 -1699.385809 -1699.386234 -1699.386783 -1699.387534 -1699.388615 -1699.390249 -1699.392834 -1699.397112 -1699.404496 -1699.417777 -1699.442604 -1699.490798 -1699.588254 -1699.795185 -1700.261272 -1701.384448 -1704.306232 -1712.626478 -1739.021935 -9999.0 -9999.0
-9999.0 -9999.0 -9999.0 -9999.0 -9999.0 -9999.0 -9999.0 -9999.0 -9999.0 -9999.0 -9999.0 -9999.0 -9999.0 -9999.0 -9999.0 -9999.0 -9999.0 -9999.0 -9999.0 -9999.0 -9999.0 -9999.0 -9999.0 -9999.0 -9999.0 -9999.0 -9999.0 -9999.0 -9999.0 -9999.0 -9999.0 -9999.0 -9999.0 -9999.0 -9999.0 -9999.0 -9999.0 -9999.0 -9999.0 -9999.0 -9999.0 -9999.0 -9999.0 -9999.0 -9999.0 -9999.0 -9999.0 -9999.0 -9999.0 -9999.0 -9999.0 -9999.0 -9999.0 -9999.0 -9999.0 -9999.0 -9999.0 -9999.0 -9999.0 -9999.0 -9999.0 -9999.0 -9999.0 -9999.0 -9999.0 -9999.0 -9999.0 -9999.0 -9999.0 -9999.0 -9999.0 -9999.0 -9999.0 -9999.0 -9999.0 -9999.0 -9999.0 -9999.0 -9999.0 -9999.0 -9999.0 -9999.0 -9999.0 -9999.0 -9999.0 -9999.0 -9999.0 -9999.0 -9999.0 -9999.0 -9999.0 -9999.0 -9999.0 -9999.0 -9999.0 -9999.0 -9999.0 -9999.0 -9999.0 -9999.0 -9999.0 -9999.0 -9999.0 -9999.0
-9999.0 -9999.0 -9999.0 -9999.0 -9999.0 -9999.0 -9999.0 -9999.0 -9999.0 -9999.0 -9999.0 -9999.0 -9999.0 -9999.0 -9999.0 -9999.0 -9999.0 -9999.0 -9999.0 -9999.0 -9999.0 -9999.0 -9999.0 -9999.0 -9999.0 -9999.0 -9999.0 -9999.0 -9999.0 -9999.0 -9999.0 -9999.0 -9999.0 -9999.0 -9999.0 -9999.0 -9999.0 -9999.0 -9999.0 -9999.0 -9999.0 -9999.0 -9999.0 -9999.0 -9999.0 -9999.0 -9999.0 -9999.0 -9999.0 -9999.0 -9999.0 -9999.0 -9999.0 -9999.0 -9999.0 -9999.0 -9999.0 -9999.0 -9999.0 -9999.0 -9999.0 -9999.0 -9999.0 -9999.0 -9999.0 -9999.0 -9999.0 -9999.0 -9999.0 -9999.0 -9999.0 -9999.0 -9999.0 -9999.0 -9999.0 -9999.0 -9999.0 -9999.0 -9999.0 -9999.0 -9999.0 -9999.0 -9999.0 -9999.0 -9999.0 -9999.0 -9999.0 -9999.0 -9999.0 -9999.0 -9999.0 -9999.0 -9999.0 -9999.0 -9999.0 -9999.0 -9999.0 -9999.0 -9999.0 -9999.0 -9999.0 -9999.0 -9999.0 -9999.0