inst/processing_geotop_simulation/geotop_simulation/out/maps3D/PwL0013N0203.asc
ncols         104
nrows         10
xllcorner     -2.000000
yllcorner     0.000000
cellsize      1.000000
NODATA_value  -9999.0
-9999.0 -9999.0 -9999.0 -9999.0 -9999.0 -9999.0 -9999.0 -9999.0 -9999.0 -9999.0 -9999.0 -9999.0 -9999.0 -9999.0 -9999.0 -9999.0 -9999.0 -9999.0 -9999.0 -9999.0 -9999.0 -9999.0 -9999.0 -9999.0 -9999.0 -9999.0 -9999.0 -9999.0 -9999.0 -9999.0 -9999.0 -9999.0 -9999.0 -9999.0 -9999.0 -9999.0 -9999.0 -9999.0 -9999.0 -9999.0 -9999.0 -9999.0 -9999.0 -9999.0 -9999.0 -9999.0 -9999.0 -9999.0 -9999.0 -9999.0 -9999.0 -9999.0 -9999.0 -9999.0 -9999.0 -9999.0 -9999.0 -9999.0 -9999.0 -9999.0 -9999.0 -9999.0 -9999.0 -9999.0 -9999.0 -9999.0 -9999.0 -9999.0 -9999.0 -9999.0 -9999.0 -9999.0 -9999.0 -9999.0 -9999.0 -9999.0 -9999.0 -9999.0 -9999.0 -9999.0 -9999.0 -9999.0 -9999.0 -9999.0 -9999.0 -9999.0 -9999.0 -9999.0 -9999.0 -9999.0 -9999.0 -9999.0 -9999.0 -9999.0 -9999.0 -9999.0 -9999.0 -9999.0 -9999.0 -9999.0 -9999.0 -9999.0 -9999.0 -9999.0
-9999.0 -9999.0 -9999.0 -9999.0 -9999.0 -9999.0 -9999.0 -9999.0 -9999.0 -9999.0 -9999.0 -9999.0 -9999.0 -9999.0 -9999.0 -9999.0 -9999.0 -9999.0 -9999.0 -9999.0 -9999.0 -9999.0 -9999.0 -9999.0 -9999.0 -9999.0 -9999.0 -9999.0 -9999.0 -9999.0 -9999.0 -9999.0 -9999.0 -9999.0 -9999.0 -9999.0 -9999.0 -9999.0 -9999.0 -9999.0 -9999.0 -9999.0 -9999.0 -9999.0 -9999.0 -9999.0 -9999.0 -9999.0 -9999.0 -9999.0 -9999.0 -9999.0 -9999.0 -9999.0 -9999.0 -9999.0 -9999.0 -9999.0 -9999.0 -9999.0 -9999.0 -9999.0 -9999.0 -9999.0 -9999.0 -9999.0 -9999.0 -9999.0 -9999.0 -9999.0 -9999.0 -9999.0 -9999.0 -9999.0 -9999.0 -9999.0 -9999.0 -9999.0 -9999.0 -9999.0 -9999.0 -9999.0 -9999.0 -9999.0 -9999.0 -9999.0 -9999.0 -9999.0 -9999.0 -9999.0 -9999.0 -9999.0 -9999.0 -9999.0 -9999.0 -9999.0 -9999.0 -9999.0 -9999.0 -9999.0 -9999.0 -9999.0 -9999.0 -9999.0
-9999.0 -9999.0 628.405313 533.120666 436.702162 339.590630 242.162844 144.599342 46.988923 -50.612712 -148.180692 -245.672712 -343.000133 -439.971170 -536.278797 -631.534905 -726.241902 -821.208935 -915.677262 -1009.402772 -1098.972530 -1179.024721 -1248.402030 -1305.445237 -1350.144331 -1383.769419 -1408.242380 -1425.589973 -1437.624977 -1445.825891 -1451.331382 -1454.982774 -1457.381707 -1458.946999 -1459.964067 -1460.626214 -1461.071286 -1461.435589 -1462.065074 -1464.573253 -1476.045695 -1527.313149 -1984.060526 -4290.081133 -4308.167383 -4275.044837 -4247.183528 -4242.891550 -4242.451778 -4242.497682 -4242.611971 -4242.734143 -4242.851230 -4242.959423 -4243.059292 -4243.171704 -4243.504528 -4245.866713 -4261.567166 -4287.707454 -4248.783930 -1796.290476 -1494.181553 -1469.462048 -1463.338562 -1462.178585 -1461.994091 -1461.966193 -1461.962534 -1461.962795 -1461.963595 -1461.964328 -1461.964906 -1461.965349 -1461.965689 -1461.965954 -1461.966164 -1461.966335 -1461.966478 -1461.966605 -1461.966730 -1461.966869 -1461.967043 -1461.967284 -1461.967640 -1461.968186 -1461.969044 -1461.970418 -1461.972652 -1461.976352 -1461.982618 -1461.993513 -1462.013025 -1462.049030 -1462.117352 -1462.250432 -1462.517305 -1463.074650 -1464.307889 -1467.241465 -1474.894182 -1498.275670 -9999.0 -9999.0
-9999.0 -9999.0 628.410614 533.122324 436.702649 339.590780 242.162893 144.599359 46.988929 -50.612710 -148.180691 -245.672712 -343.000132 -439.971170 -536.278797 -631.534905 -726.241902 -821.208935 -915.677262 -1009.402772 -1098.972530 -1179.024721 -1248.402030 -1305.445238 -1350.144332 -1383.769419 -1408.242380 -1425.589973 -1437.624977 -1445.825891 -1451.331382 -1454.982774 -1457.381707 -1458.946999 -1459.964067 -1460.626214 -1461.071286 -1461.435589 -1462.065074 -1464.573253 -1476.045695 -1527.313148 -1984.060526 -4290.081133 -4308.167383 -4275.044836 -4247.183528 -4242.891550 -4242.451778 -4242.497682 -4242.611971 -4242.734143 -4242.851230 -4242.959423 -4243.059292 -4243.171704 -4243.504528 -4245.866713 -4261.567166 -4287.707454 -4248.783930 -1796.290476 -1494.181553 -1469.462048 -1463.338562 -1462.178585 -1461.994091 -1461.966193 -1461.962534 -1461.962795 -1461.963595 -1461.964328 -1461.964906 -1461.965349 -1461.965689 -1461.965954 -1461.966164 -1461.966335 -1461.966478 -1461.966605 -1461.966730 -1461.966869 -1461.967043 -1461.967284 -1461.967640 -1461.968186 -1461.969044 -1461.970418 -1461.972652 -1461.976352 -1461.982618 -1461.993513 -1462.013025 -1462.049030 -1462.117352 -1462.250432 -1462.517305 -1463.074650 -1464.307889 -1467.241465 -1474.894182 -1498.275670 -9999.0 -9999.0
-9999.0 -9999.0 628.412121 533.123111 436.702969 339.590899 242.162936 144.599374 46.988934 -50.612708 -148.180690 -245.672711 -343.000132 -439.971170 -536.278797 -631.534905 -726.241902 -821.208935 -915.677262 -1009.402772 -1098.972530 -1179.024721 -1248.402030 -1305.445238 -1350.144332 -1383.769419 -1408.242380 -1425.589973 -1437.624977 -1445.825891 -1451.331382 -1454.982774 -1457.381707 -1458.946999 -1459.964068 -1460.626214 -1461.071286 -1461.435589 -1462.065074 -1464.573253 -1476.045695 -1527.313148 -1984.060526 -4290.081133 -4308.167383 -4275.044835 -4247.183528 -4242.891550 -4242.451778 -4242.497682 -4242.611971 -4242.734143 -4242.851230 -4242.959423 -4243.059292 -4243.171704 -4243.504528 -4245.866713 -4261.567166 -4287.707454 -4248.783930 -1796.290476 -1494.181553 -1469.462048 -1463.338562 -1462.178585 -1461.994091 -1461.966193 -1461.962534 -1461.962795 -1461.963595 -1461.964328 -1461.964906 -1461.965349 -1461.965689 -1461.965954 -1461.966164 -1461.966335 -1461.966478 -1461.966605 -1461.966730 -1461.966869 -1461.967043 -1461.967284 -1461.967640 -1461.968186 -1461.969044 -1461.970418 -1461.972652 -1461.976352 -1461.982618 -1461.993513 -1462.013025 -1462.049030 -1462.117352 -1462.250432 -1462.517305 -1463.074650 -1464.307889 -1467.241465 -1474.894182 -1498.275670 -9999.0 -9999.0
-9999.0 -9999.0 628.412121 533.123111 436.702969 339.590899 242.162936 144.599374 46.988934 -50.612708 -148.180690 -245.672711 -343.000132 -439.971170 -536.278797 -631.534905 -726.241902 -821.208935 -915.677262 -1009.402772 -1098.972530 -1179.024721 -1248.402031 -1305.445238 -1350.144332 -1383.769419 -1408.242380 -1425.589973 -1437.624977 -1445.825891 -1451.331382 -1454.982774 -1457.381707 -1458.946999 -1459.964068 -1460.626214 -1461.071286 -1461.435589 -1462.065074 -1464.573253 -1476.045695 -1527.313148 -1984.060526 -4290.081133 -4308.167383 -4275.044835 -4247.183528 -4242.891550 -4242.451778 -4242.497682 -4242.611971 -4242.734143 -4242.851230 -4242.959423 -4243.059292 -4243.171704 -4243.504528 -4245.866713 -4261.567166 -4287.707454 -4248.783930 -1796.290476 -1494.181553 -1469.462048 -1463.338562 -1462.178585 -1461.994091 -1461.966193 -1461.962534 -1461.962795 -1461.963595 -1461.964328 -1461.964906 -1461.965349 -1461.965689 -1461.965954 -1461.966164 -1461.966335 -1461.966478 -1461.966605 -1461.966730 -1461.966869 -1461.967043 -1461.967284 -1461.967640 -1461.968186 -1461.969044 -1461.970418 -1461.972652 -1461.976352 -1461.982618 -1461.993513 -1462.013025 -1462.049030 -1462.117352 -1462.250432 -1462.517305 -1463.074650 -1464.307889 -1467.241465 -1474.894182 -1498.275670 -9999.0 -9999.0
-9999.0 -9999.0 628.410614 533.122324 436.702649 339.590780 242.162893 144.599359 46.988929 -50.612710 -148.180691 -245.672712 -343.000132 -439.971170 -536.278797 -631.534905 -726.241902 -821.208935 -915.677262 -1009.402772 -1098.972530 -1179.024721 -1248.402030 -1305.445238 -1350.144332 -1383.769419 -1408.242380 -1425.589973 -1437.624977 -1445.825891 -1451.331382 -1454.982774 -1457.381707 -1458.946999 -1459.964067 -1460.626214 -1461.071286 -1461.435589 -1462.065074 -1464.573253 -1476.045695 -1527.313148 -1984.060526 -4290.081133 -4308.167383 -4275.044836 -4247.183528 -4242.891550 -4242.451778 -4242.497682 -4242.611971 -4242.734143 -4242.851230 -4242.959423 -4243.059292 -4243.171704 -4243.504528 -4245.866713 -4261.567166 -4287.707454 -4248.783930 -1796.290476 -1494.181553 -1469.462048 -1463.338562 -1462.178585 -1461.994091 -1461.966193 -1461.962534 -1461.962795 -1461.963595 -1461.964328 -1461.964906 -1461.965349 -1461.965689 -1461.965954 -1461.966164 -1461.966335 -1461.966478 -1461.966605 -1461.966730 -1461.966869 -1461.967043 -1461.967284 -1461.967640 -1461.968186 -1461.969044 -1461.970418 -1461.972652 -1461.976352 -1461.982618 -1461.993513 -1462.013025 -1462.049030 -1462.117352 -1462.250432 -1462.517305 -1463.074650 -1464.307889 -1467.241465 -1474.894182 -1498.275670 -9999.0 -9999.0
-9999.0 -9999.0 628.405313 533.120666 436.702162 339.590630 242.162844 144.599342 46.988923 -50.612712 -148.180692 -245.672712 -343.000133 -439.971170 -536.278797 -631.534905 -726.241902 -821.208935 -915.677262 -1009.402772 -1098.972530 -1179.024721 -1248.402030 -1305.445237 -1350.144331 -1383.769419 -1408.242380 -1425.589973 -1437.624977 -1445.825891 -1451.331382 -1454.982774 -1457.381707 -1458.946999 -1459.964067 -1460.626214 -1461.071286 -1461.435589 -1462.065074 -1464.573253 -1476.045695 -1527.313149 -1984.060526 -4290.081133 -4308.167383 -4275.044837 -4247.183528 -4242.891550 -4242.451778 -4242.497682 -4242.611971 -4242.734143 -4242.851230 -4242.959423 -4243.059292 -4243.171704 -4243.504528 -4245.866713 -4261.567166 -4287.707454 -4248.783930 -1796.290476 -1494.181553 -1469.462048 -1463.338562 -1462.178585 -1461.994091 -1461.966193 -1461.962534 -1461.962795 -1461.963595 -1461.964328 -1461.964906 -1461.965349 -1461.965689 -1461.965954 -1461.966164 -1461.966335 -1461.966478 -1461.966605 -1461.966730 -1461.966869 -1461.967043 -1461.967284 -1461.967640 -1461.968186 -1461.969044 -1461.970418 -1461.972652 -1461.976352 -1461.982618 -1461.993513 -1462.013025 -1462.049030 -1462.117352 -1462.250432 -1462.517305 -1463.074650 -1464.307889 -1467.241465 -1474.894182 -1498.275670 -9999.0 -9999.0
-9999.0 -9999.0 -9999.0 -9999.0 -9999.0 -9999.0 -9999.0 -9999.0 -9999.0 -9999.0 -9999.0 -9999.0 -9999.0 -9999.0 -9999.0 -9999.0 -9999.0 -9999.0 -9999.0 -9999.0 -9999.0 -9999.0 -9999.0 -9999.0 -9999.0 -9999.0 -9999.0 -9999.0 -9999.0 -9999.0 -9999.0 -9999.0 -9999.0 -9999.0 -9999.0 -9999.0 -9999.0 -9999.0 -9999.0 -9999.0 -9999.0 -9999.0 -9999.0 -9999.0 -9999.0 -9999.0 -9999.0 -9999.0 -9999.0 -9999.0 -9999.0 -9999.0 -9999.0 -9999.0 -9999.0 -9999.0 -9999.0 -9999.0 -9999.0 -9999.0 -9999.0 -9999.0 -9999.0 -9999.0 -9999.0 -9999.0 -9999.0 -9999.0 -9999.0 -9999.0 -9999.0 -9999.0 -9999.0 -9999.0 -9999.0 -9999.0 -9999.0 -9999.0 -9999.0 -9999.0 -9999.0 -9999.0 -9999.0 -9999.0 -9999.0 -9999.0 -9999.0 -9999.0 -9999.0 -9999.0 -9999.0 -9999.0 -9999.0 -9999.0 -9999.0 -9999.0 -9999.0 -9999.0 -9999.0 -9999.0 -9999.0 -9999.0 -9999.0 -9999.0
-9999.0 -9999.0 -9999.0 -9999.0 -9999.0 -9999.0 -9999.0 -9999.0 -9999.0 -9999.0 -9999.0 -9999.0 -9999.0 -9999.0 -9999.0 -9999.0 -9999.0 -9999.0 -9999.0 -9999.0 -9999.0 -9999.0 -9999.0 -9999.0 -9999.0 -9999.0 -9999.0 -9999.0 -9999.0 -9999.0 -9999.0 -9999.0 -9999.0 -9999.0 -9999.0 -9999.0 -9999.0 -9999.0 -9999.0 -9999.0 -9999.0 -9999.0 -9999.0 -9999.0 -9999.0 -9999.0 -9999.0 -9999.0 -9999.0 -9999.0 -9999.0 -9999.0 -9999.0 -9999.0 -9999.0 -9999.0 -9999.0 -9999.0 -9999.0 -9999.0 -9999.0 -9999.0 -9999.0 -9999.0 -9999.0 -9999.0 -9999.0 -9999.0 -9999.0 -9999.0 -9999.0 -9999.0 -9999.0 -9999.0 -9999.0 -9999.0 -9999.0 -9999.0 -9999.0 -9999.0 -9999.0 -9999.0 -9999.0 -9999.0 -9999.0 -9999.0 -9999.0 -9999.0 -9999.0 -9999.0 -9999.0 -9999.0 -9999.0 -9999.0 -9999.0 -9999.0 -9999.0 -9999.0 -9999.0 -9999.0 -9999.0 -9999.0 -9999.0 -9999.0