inst/processing_geotop_simulation/geotop_simulation/out/maps3D/PwL0003N0144.asc
ncols         104
nrows         10
xllcorner     -2.000000
yllcorner     0.000000
cellsize      1.000000
NODATA_value  -9999.0
-9999.0 -9999.0 -9999.0 -9999.0 -9999.0 -9999.0 -9999.0 -9999.0 -9999.0 -9999.0 -9999.0 -9999.0 -9999.0 -9999.0 -9999.0 -9999.0 -9999.0 -9999.0 -9999.0 -9999.0 -9999.0 -9999.0 -9999.0 -9999.0 -9999.0 -9999.0 -9999.0 -9999.0 -9999.0 -9999.0 -9999.0 -9999.0 -9999.0 -9999.0 -9999.0 -9999.0 -9999.0 -9999.0 -9999.0 -9999.0 -9999.0 -9999.0 -9999.0 -9999.0 -9999.0 -9999.0 -9999.0 -9999.0 -9999.0 -9999.0 -9999.0 -9999.0 -9999.0 -9999.0 -9999.0 -9999.0 -9999.0 -9999.0 -9999.0 -9999.0 -9999.0 -9999.0 -9999.0 -9999.0 -9999.0 -9999.0 -9999.0 -9999.0 -9999.0 -9999.0 -9999.0 -9999.0 -9999.0 -9999.0 -9999.0 -9999.0 -9999.0 -9999.0 -9999.0 -9999.0 -9999.0 -9999.0 -9999.0 -9999.0 -9999.0 -9999.0 -9999.0 -9999.0 -9999.0 -9999.0 -9999.0 -9999.0 -9999.0 -9999.0 -9999.0 -9999.0 -9999.0 -9999.0 -9999.0 -9999.0 -9999.0 -9999.0 -9999.0 -9999.0
-9999.0 -9999.0 -9999.0 -9999.0 -9999.0 -9999.0 -9999.0 -9999.0 -9999.0 -9999.0 -9999.0 -9999.0 -9999.0 -9999.0 -9999.0 -9999.0 -9999.0 -9999.0 -9999.0 -9999.0 -9999.0 -9999.0 -9999.0 -9999.0 -9999.0 -9999.0 -9999.0 -9999.0 -9999.0 -9999.0 -9999.0 -9999.0 -9999.0 -9999.0 -9999.0 -9999.0 -9999.0 -9999.0 -9999.0 -9999.0 -9999.0 -9999.0 -9999.0 -9999.0 -9999.0 -9999.0 -9999.0 -9999.0 -9999.0 -9999.0 -9999.0 -9999.0 -9999.0 -9999.0 -9999.0 -9999.0 -9999.0 -9999.0 -9999.0 -9999.0 -9999.0 -9999.0 -9999.0 -9999.0 -9999.0 -9999.0 -9999.0 -9999.0 -9999.0 -9999.0 -9999.0 -9999.0 -9999.0 -9999.0 -9999.0 -9999.0 -9999.0 -9999.0 -9999.0 -9999.0 -9999.0 -9999.0 -9999.0 -9999.0 -9999.0 -9999.0 -9999.0 -9999.0 -9999.0 -9999.0 -9999.0 -9999.0 -9999.0 -9999.0 -9999.0 -9999.0 -9999.0 -9999.0 -9999.0 -9999.0 -9999.0 -9999.0 -9999.0 -9999.0
-9999.0 -9999.0 133.882868 47.958426 -44.849129 -139.479378 -234.796266 -330.349965 -425.901578 -521.271829 -616.149735 -710.207859 -803.900070 -897.853077 -992.738902 -1087.324825 -1182.316240 -1278.979599 -1371.631905 -1444.588350 -1491.614070 -1520.029925 -1536.369734 -1545.705303 -1551.293509 -1554.964111 -1557.629508 -1559.690877 -1561.311125 -1562.567749 -1563.518639 -1564.219567 -1564.724098 -1565.079680 -1565.325462 -1565.493836 -1565.617503 -1565.744011 -1566.010332 -1567.334116 -1574.604766 -1586.673319 -1005.090742 -1005.401161 -992.335305 -984.175287 -980.357610 -979.818440 -979.763706 -979.772686 -979.791383 -979.811288 -979.830395 -979.848076 -979.864370 -979.882227 -979.930551 -980.250227 -982.274095 -986.857813 -994.129745 -984.766755 -1566.711872 -1570.761940 -1566.770860 -1566.049339 -1565.938316 -1565.920452 -1565.918566 -1565.919568 -1565.920874 -1565.921976 -1565.922827 -1565.923470 -1565.923961 -1565.924341 -1565.924641 -1565.924882 -1565.925083 -1565.925260 -1565.925432 -1565.925621 -1565.925859 -1565.926187 -1565.926672 -1565.927417 -1565.928586 -1565.930454 -1565.933478 -1565.938456 -1565.946816 -1565.961209 -1565.986713 -1566.033285 -1566.120723 -1566.288695 -1566.617673 -1567.276767 -1568.647651 -1571.677832 -1579.028078 -1600.534370 -9999.0 -9999.0
-9999.0 -9999.0 133.894820 47.960745 -44.848543 -139.479208 -234.796212 -330.349947 -425.901572 -521.271826 -616.149734 -710.207859 -803.900070 -897.853077 -992.738902 -1087.324825 -1182.316240 -1278.979599 -1371.631905 -1444.588350 -1491.614070 -1520.029925 -1536.369734 -1545.705303 -1551.293509 -1554.964111 -1557.629508 -1559.690877 -1561.311125 -1562.567749 -1563.518639 -1564.219567 -1564.724098 -1565.079680 -1565.325462 -1565.493836 -1565.617503 -1565.744011 -1566.010332 -1567.334116 -1574.604766 -1586.673319 -1005.090742 -1005.401161 -992.335304 -984.175287 -980.357610 -979.818440 -979.763706 -979.772686 -979.791383 -979.811288 -979.830395 -979.848076 -979.864370 -979.882227 -979.930551 -980.250227 -982.274095 -986.857813 -994.129745 -984.766755 -1566.711872 -1570.761940 -1566.770860 -1566.049339 -1565.938316 -1565.920452 -1565.918566 -1565.919568 -1565.920874 -1565.921976 -1565.922827 -1565.923470 -1565.923961 -1565.924341 -1565.924641 -1565.924882 -1565.925083 -1565.925260 -1565.925432 -1565.925621 -1565.925859 -1565.926187 -1565.926672 -1565.927417 -1565.928586 -1565.930454 -1565.933478 -1565.938456 -1565.946816 -1565.961209 -1565.986713 -1566.033285 -1566.120723 -1566.288695 -1566.617673 -1567.276767 -1568.647651 -1571.677832 -1579.028078 -1600.534370 -9999.0 -9999.0
-9999.0 -9999.0 133.896313 47.961672 -44.848174 -139.479074 -234.796165 -330.349931 -425.901566 -521.271824 -616.149733 -710.207859 -803.900070 -897.853077 -992.738902 -1087.324825 -1182.316240 -1278.979599 -1371.631905 -1444.588350 -1491.614070 -1520.029925 -1536.369734 -1545.705303 -1551.293509 -1554.964111 -1557.629508 -1559.690877 -1561.311125 -1562.567749 -1563.518639 -1564.219567 -1564.724098 -1565.079680 -1565.325462 -1565.493836 -1565.617503 -1565.744011 -1566.010332 -1567.334116 -1574.604766 -1586.673319 -1005.090742 -1005.401161 -992.335304 -984.175287 -980.357610 -979.818440 -979.763706 -979.772686 -979.791383 -979.811288 -979.830395 -979.848076 -979.864370 -979.882227 -979.930551 -980.250227 -982.274095 -986.857813 -994.129745 -984.766755 -1566.711872 -1570.761940 -1566.770860 -1566.049339 -1565.938316 -1565.920452 -1565.918566 -1565.919568 -1565.920874 -1565.921976 -1565.922827 -1565.923470 -1565.923961 -1565.924341 -1565.924641 -1565.924882 -1565.925083 -1565.925260 -1565.925432 -1565.925621 -1565.925859 -1565.926187 -1565.926672 -1565.927417 -1565.928586 -1565.930454 -1565.933478 -1565.938456 -1565.946816 -1565.961209 -1565.986713 -1566.033285 -1566.120723 -1566.288695 -1566.617673 -1567.276767 -1568.647651 -1571.677832 -1579.028078 -1600.534370 -9999.0 -9999.0
-9999.0 -9999.0 133.896313 47.961673 -44.848175 -139.479074 -234.796165 -330.349931 -425.901566 -521.271824 -616.149733 -710.207859 -803.900070 -897.853077 -992.738902 -1087.324825 -1182.316240 -1278.979599 -1371.631905 -1444.588350 -1491.614070 -1520.029925 -1536.369734 -1545.705303 -1551.293509 -1554.964111 -1557.629508 -1559.690877 -1561.311125 -1562.567749 -1563.518639 -1564.219567 -1564.724098 -1565.079680 -1565.325462 -1565.493836 -1565.617503 -1565.744011 -1566.010332 -1567.334116 -1574.604766 -1586.673319 -1005.090742 -1005.401161 -992.335304 -984.175287 -980.357610 -979.818440 -979.763706 -979.772686 -979.791383 -979.811288 -979.830395 -979.848076 -979.864370 -979.882227 -979.930551 -980.250227 -982.274095 -986.857813 -994.129745 -984.766755 -1566.711872 -1570.761940 -1566.770860 -1566.049339 -1565.938316 -1565.920452 -1565.918566 -1565.919568 -1565.920874 -1565.921976 -1565.922827 -1565.923470 -1565.923961 -1565.924341 -1565.924641 -1565.924882 -1565.925083 -1565.925260 -1565.925432 -1565.925621 -1565.925859 -1565.926187 -1565.926672 -1565.927417 -1565.928586 -1565.930454 -1565.933478 -1565.938456 -1565.946816 -1565.961209 -1565.986713 -1566.033285 -1566.120723 -1566.288695 -1566.617673 -1567.276767 -1568.647651 -1571.677832 -1579.028078 -1600.534370 -9999.0 -9999.0
-9999.0 -9999.0 133.894820 47.960745 -44.848543 -139.479208 -234.796212 -330.349948 -425.901572 -521.271826 -616.149734 -710.207859 -803.900070 -897.853077 -992.738902 -1087.324825 -1182.316240 -1278.979599 -1371.631905 -1444.588350 -1491.614070 -1520.029925 -1536.369734 -1545.705303 -1551.293509 -1554.964111 -1557.629508 -1559.690877 -1561.311125 -1562.567749 -1563.518639 -1564.219567 -1564.724098 -1565.079680 -1565.325462 -1565.493836 -1565.617503 -1565.744011 -1566.010332 -1567.334116 -1574.604766 -1586.673319 -1005.090742 -1005.401161 -992.335304 -984.175287 -980.357610 -979.818440 -979.763706 -979.772686 -979.791383 -979.811288 -979.830395 -979.848076 -979.864370 -979.882227 -979.930551 -980.250227 -982.274095 -986.857813 -994.129745 -984.766755 -1566.711872 -1570.761940 -1566.770860 -1566.049339 -1565.938316 -1565.920452 -1565.918566 -1565.919568 -1565.920874 -1565.921976 -1565.922827 -1565.923470 -1565.923961 -1565.924341 -1565.924641 -1565.924882 -1565.925083 -1565.925260 -1565.925432 -1565.925621 -1565.925859 -1565.926187 -1565.926672 -1565.927417 -1565.928586 -1565.930454 -1565.933478 -1565.938456 -1565.946816 -1565.961209 -1565.986713 -1566.033285 -1566.120723 -1566.288695 -1566.617673 -1567.276767 -1568.647651 -1571.677832 -1579.028078 -1600.534370 -9999.0 -9999.0
-9999.0 -9999.0 133.882868 47.958426 -44.849129 -139.479378 -234.796266 -330.349965 -425.901578 -521.271828 -616.149735 -710.207859 -803.900070 -897.853077 -992.738902 -1087.324825 -1182.316240 -1278.979599 -1371.631905 -1444.588350 -1491.614070 -1520.029925 -1536.369734 -1545.705303 -1551.293509 -1554.964111 -1557.629508 -1559.690877 -1561.311125 -1562.567749 -1563.518639 -1564.219567 -1564.724098 -1565.079680 -1565.325462 -1565.493836 -1565.617503 -1565.744011 -1566.010332 -1567.334116 -1574.604766 -1586.673319 -1005.090742 -1005.401161 -992.335305 -984.175287 -980.357610 -979.818440 -979.763706 -979.772686 -979.791383 -979.811288 -979.830395 -979.848076 -979.864370 -979.882227 -979.930551 -980.250227 -982.274095 -986.857813 -994.129745 -984.766755 -1566.711872 -1570.761940 -1566.770860 -1566.049339 -1565.938316 -1565.920452 -1565.918566 -1565.919568 -1565.920874 -1565.921976 -1565.922827 -1565.923470 -1565.923961 -1565.924341 -1565.924641 -1565.924882 -1565.925083 -1565.925260 -1565.925432 -1565.925621 -1565.925859 -1565.926187 -1565.926672 -1565.927417 -1565.928586 -1565.930454 -1565.933478 -1565.938456 -1565.946816 -1565.961209 -1565.986713 -1566.033285 -1566.120723 -1566.288695 -1566.617673 -1567.276767 -1568.647651 -1571.677832 -1579.028078 -1600.534370 -9999.0 -9999.0
-9999.0 -9999.0 -9999.0 -9999.0 -9999.0 -9999.0 -9999.0 -9999.0 -9999.0 -9999.0 -9999.0 -9999.0 -9999.0 -9999.0 -9999.0 -9999.0 -9999.0 -9999.0 -9999.0 -9999.0 -9999.0 -9999.0 -9999.0 -9999.0 -9999.0 -9999.0 -9999.0 -9999.0 -9999.0 -9999.0 -9999.0 -9999.0 -9999.0 -9999.0 -9999.0 -9999.0 -9999.0 -9999.0 -9999.0 -9999.0 -9999.0 -9999.0 -9999.0 -9999.0 -9999.0 -9999.0 -9999.0 -9999.0 -9999.0 -9999.0 -9999.0 -9999.0 -9999.0 -9999.0 -9999.0 -9999.0 -9999.0 -9999.0 -9999.0 -9999.0 -9999.0 -9999.0 -9999.0 -9999.0 -9999.0 -9999.0 -9999.0 -9999.0 -9999.0 -9999.0 -9999.0 -9999.0 -9999.0 -9999.0 -9999.0 -9999.0 -9999.0 -9999.0 -9999.0 -9999.0 -9999.0 -9999.0 -9999.0 -9999.0 -9999.0 -9999.0 -9999.0 -9999.0 -9999.0 -9999.0 -9999.0 -9999.0 -9999.0 -9999.0 -9999.0 -9999.0 -9999.0 -9999.0 -9999.0 -9999.0 -9999.0 -9999.0 -9999.0 -9999.0
-9999.0 -9999.0 -9999.0 -9999.0 -9999.0 -9999.0 -9999.0 -9999.0 -9999.0 -9999.0 -9999.0 -9999.0 -9999.0 -9999.0 -9999.0 -9999.0 -9999.0 -9999.0 -9999.0 -9999.0 -9999.0 -9999.0 -9999.0 -9999.0 -9999.0 -9999.0 -9999.0 -9999.0 -9999.0 -9999.0 -9999.0 -9999.0 -9999.0 -9999.0 -9999.0 -9999.0 -9999.0 -9999.0 -9999.0 -9999.0 -9999.0 -9999.0 -9999.0 -9999.0 -9999.0 -9999.0 -9999.0 -9999.0 -9999.0 -9999.0 -9999.0 -9999.0 -9999.0 -9999.0 -9999.0 -9999.0 -9999.0 -9999.0 -9999.0 -9999.0 -9999.0 -9999.0 -9999.0 -9999.0 -9999.0 -9999.0 -9999.0 -9999.0 -9999.0 -9999.0 -9999.0 -9999.0 -9999.0 -9999.0 -9999.0 -9999.0 -9999.0 -9999.0 -9999.0 -9999.0 -9999.0 -9999.0 -9999.0 -9999.0 -9999.0 -9999.0 -9999.0 -9999.0 -9999.0 -9999.0 -9999.0 -9999.0 -9999.0 -9999.0 -9999.0 -9999.0 -9999.0 -9999.0 -9999.0 -9999.0 -9999.0 -9999.0 -9999.0 -9999.0