inst/processing_geotop_simulation/geotop_simulation/out/maps3D/PwL0021N0285.asc
ncols         104
nrows         10
xllcorner     -2.000000
yllcorner     0.000000
cellsize      1.000000
NODATA_value  -9999.0
-9999.0 -9999.0 -9999.0 -9999.0 -9999.0 -9999.0 -9999.0 -9999.0 -9999.0 -9999.0 -9999.0 -9999.0 -9999.0 -9999.0 -9999.0 -9999.0 -9999.0 -9999.0 -9999.0 -9999.0 -9999.0 -9999.0 -9999.0 -9999.0 -9999.0 -9999.0 -9999.0 -9999.0 -9999.0 -9999.0 -9999.0 -9999.0 -9999.0 -9999.0 -9999.0 -9999.0 -9999.0 -9999.0 -9999.0 -9999.0 -9999.0 -9999.0 -9999.0 -9999.0 -9999.0 -9999.0 -9999.0 -9999.0 -9999.0 -9999.0 -9999.0 -9999.0 -9999.0 -9999.0 -9999.0 -9999.0 -9999.0 -9999.0 -9999.0 -9999.0 -9999.0 -9999.0 -9999.0 -9999.0 -9999.0 -9999.0 -9999.0 -9999.0 -9999.0 -9999.0 -9999.0 -9999.0 -9999.0 -9999.0 -9999.0 -9999.0 -9999.0 -9999.0 -9999.0 -9999.0 -9999.0 -9999.0 -9999.0 -9999.0 -9999.0 -9999.0 -9999.0 -9999.0 -9999.0 -9999.0 -9999.0 -9999.0 -9999.0 -9999.0 -9999.0 -9999.0 -9999.0 -9999.0 -9999.0 -9999.0 -9999.0 -9999.0 -9999.0 -9999.0
-9999.0 -9999.0 -9999.0 -9999.0 -9999.0 -9999.0 -9999.0 -9999.0 -9999.0 -9999.0 -9999.0 -9999.0 -9999.0 -9999.0 -9999.0 -9999.0 -9999.0 -9999.0 -9999.0 -9999.0 -9999.0 -9999.0 -9999.0 -9999.0 -9999.0 -9999.0 -9999.0 -9999.0 -9999.0 -9999.0 -9999.0 -9999.0 -9999.0 -9999.0 -9999.0 -9999.0 -9999.0 -9999.0 -9999.0 -9999.0 -9999.0 -9999.0 -9999.0 -9999.0 -9999.0 -9999.0 -9999.0 -9999.0 -9999.0 -9999.0 -9999.0 -9999.0 -9999.0 -9999.0 -9999.0 -9999.0 -9999.0 -9999.0 -9999.0 -9999.0 -9999.0 -9999.0 -9999.0 -9999.0 -9999.0 -9999.0 -9999.0 -9999.0 -9999.0 -9999.0 -9999.0 -9999.0 -9999.0 -9999.0 -9999.0 -9999.0 -9999.0 -9999.0 -9999.0 -9999.0 -9999.0 -9999.0 -9999.0 -9999.0 -9999.0 -9999.0 -9999.0 -9999.0 -9999.0 -9999.0 -9999.0 -9999.0 -9999.0 -9999.0 -9999.0 -9999.0 -9999.0 -9999.0 -9999.0 -9999.0 -9999.0 -9999.0 -9999.0 -9999.0
-9999.0 -9999.0 1021.077402 922.790493 824.424443 725.858567 627.177486 528.444237 429.694891 330.949493 232.219343 133.510969 34.828774 -63.818773 -162.429103 -260.977569 -359.407609 -457.607679 -555.376108 -652.364153 -748.840349 -845.220767 -940.729346 -1035.091616 -1123.171417 -1199.363469 -1265.271325 -1320.034252 -1363.786701 -1397.508058 -1422.698597 -1441.033748 -1454.103742 -1463.270388 -1469.621235 -1473.985828 -1476.989248 -1479.161782 -1481.274155 -1485.511097 -1499.141317 -1548.812406 -1702.915143 -3074.335624 -3928.930187 -3927.857622 -3785.176517 -3347.377331 -2964.595330 -2708.041062 -2528.620045 -2380.645035 -2291.039374 -2233.151577 -2179.376773 -2123.094695 -2062.454057 -1998.440792 -1933.299617 -1868.356469 -1792.495404 -1451.487848 -1506.451610 -1490.894464 -1485.101145 -1483.663543 -1483.383839 -1483.336523 -1483.329462 -1483.328969 -1483.329466 -1483.330020 -1483.330485 -1483.330856 -1483.331154 -1483.331398 -1483.331603 -1483.331779 -1483.331937 -1483.332084 -1483.332231 -1483.332391 -1483.332580 -1483.332822 -1483.333155 -1483.333637 -1483.334365 -1483.335499 -1483.337314 -1483.340301 -1483.345362 -1483.354207 -1483.370178 -1483.399965 -1483.457320 -1483.571632 -1483.809419 -1484.332123 -1485.557263 -1488.628729 -1496.969082 -1522.559270 -9999.0 -9999.0
-9999.0 -9999.0 1021.080157 922.791585 824.424811 725.858689 627.177528 528.444251 429.694896 330.949495 232.219344 133.510969 34.828774 -63.818773 -162.429103 -260.977569 -359.407609 -457.607680 -555.376108 -652.364153 -748.840350 -845.220768 -940.729346 -1035.091616 -1123.171417 -1199.363469 -1265.271325 -1320.034252 -1363.786701 -1397.508058 -1422.698597 -1441.033748 -1454.103742 -1463.270388 -1469.621236 -1473.985828 -1476.989248 -1479.161782 -1481.274155 -1485.511097 -1499.141317 -1548.812406 -1702.915142 -3074.335622 -3928.930187 -3927.857622 -3785.176516 -3347.377330 -2964.595329 -2708.041060 -2528.620042 -2380.645034 -2291.039374 -2233.151577 -2179.376773 -2123.094695 -2062.454057 -1998.440792 -1933.299617 -1868.356469 -1792.495404 -1451.487848 -1506.451610 -1490.894464 -1485.101145 -1483.663543 -1483.383839 -1483.336523 -1483.329462 -1483.328969 -1483.329466 -1483.330020 -1483.330485 -1483.330856 -1483.331154 -1483.331398 -1483.331603 -1483.331779 -1483.331937 -1483.332084 -1483.332231 -1483.332391 -1483.332580 -1483.332822 -1483.333155 -1483.333637 -1483.334365 -1483.335499 -1483.337314 -1483.340301 -1483.345362 -1483.354207 -1483.370178 -1483.399965 -1483.457320 -1483.571632 -1483.809419 -1484.332123 -1485.557263 -1488.628729 -1496.969082 -1522.559270 -9999.0 -9999.0
-9999.0 -9999.0 1021.081270 922.792189 824.425068 725.858789 627.177564 528.444265 429.694901 330.949497 232.219345 133.510970 34.828774 -63.818773 -162.429103 -260.977569 -359.407610 -457.607680 -555.376109 -652.364153 -748.840350 -845.220768 -940.729346 -1035.091616 -1123.171417 -1199.363469 -1265.271325 -1320.034252 -1363.786701 -1397.508058 -1422.698597 -1441.033748 -1454.103742 -1463.270388 -1469.621236 -1473.985828 -1476.989248 -1479.161782 -1481.274155 -1485.511097 -1499.141317 -1548.812406 -1702.915142 -3074.335622 -3928.930187 -3927.857622 -3785.176516 -3347.377329 -2964.595329 -2708.041059 -2528.620041 -2380.645034 -2291.039374 -2233.151577 -2179.376773 -2123.094695 -2062.454057 -1998.440791 -1933.299617 -1868.356469 -1792.495404 -1451.487848 -1506.451610 -1490.894464 -1485.101145 -1483.663543 -1483.383839 -1483.336523 -1483.329462 -1483.328969 -1483.329466 -1483.330020 -1483.330485 -1483.330856 -1483.331154 -1483.331398 -1483.331603 -1483.331779 -1483.331937 -1483.332084 -1483.332231 -1483.332391 -1483.332580 -1483.332822 -1483.333155 -1483.333637 -1483.334365 -1483.335499 -1483.337314 -1483.340301 -1483.345362 -1483.354207 -1483.370178 -1483.399965 -1483.457320 -1483.571632 -1483.809419 -1484.332123 -1485.557263 -1488.628729 -1496.969082 -1522.559270 -9999.0 -9999.0
-9999.0 -9999.0 1021.081270 922.792189 824.425069 725.858788 627.177564 528.444265 429.694901 330.949497 232.219345 133.510969 34.828774 -63.818773 -162.429103 -260.977569 -359.407610 -457.607680 -555.376109 -652.364153 -748.840350 -845.220768 -940.729346 -1035.091616 -1123.171417 -1199.363469 -1265.271325 -1320.034252 -1363.786701 -1397.508058 -1422.698597 -1441.033748 -1454.103742 -1463.270388 -1469.621236 -1473.985828 -1476.989248 -1479.161782 -1481.274155 -1485.511097 -1499.141317 -1548.812406 -1702.915142 -3074.335622 -3928.930187 -3927.857622 -3785.176516 -3347.377329 -2964.595329 -2708.041059 -2528.620041 -2380.645034 -2291.039374 -2233.151577 -2179.376773 -2123.094695 -2062.454056 -1998.440792 -1933.299617 -1868.356469 -1792.495404 -1451.487848 -1506.451610 -1490.894464 -1485.101145 -1483.663543 -1483.383839 -1483.336523 -1483.329462 -1483.328969 -1483.329466 -1483.330020 -1483.330485 -1483.330856 -1483.331154 -1483.331398 -1483.331603 -1483.331779 -1483.331937 -1483.332084 -1483.332231 -1483.332391 -1483.332580 -1483.332822 -1483.333155 -1483.333637 -1483.334365 -1483.335499 -1483.337314 -1483.340301 -1483.345362 -1483.354207 -1483.370178 -1483.399965 -1483.457320 -1483.571632 -1483.809419 -1484.332123 -1485.557263 -1488.628729 -1496.969082 -1522.559270 -9999.0 -9999.0
-9999.0 -9999.0 1021.080157 922.791586 824.424811 725.858689 627.177527 528.444252 429.694896 330.949495 232.219344 133.510969 34.828774 -63.818773 -162.429103 -260.977569 -359.407610 -457.607680 -555.376108 -652.364153 -748.840350 -845.220768 -940.729346 -1035.091616 -1123.171417 -1199.363469 -1265.271325 -1320.034252 -1363.786701 -1397.508058 -1422.698597 -1441.033748 -1454.103742 -1463.270388 -1469.621236 -1473.985828 -1476.989248 -1479.161782 -1481.274155 -1485.511097 -1499.141317 -1548.812406 -1702.915142 -3074.335622 -3928.930187 -3927.857622 -3785.176516 -3347.377330 -2964.595329 -2708.041060 -2528.620042 -2380.645034 -2291.039374 -2233.151577 -2179.376773 -2123.094695 -2062.454057 -1998.440792 -1933.299617 -1868.356469 -1792.495405 -1451.487848 -1506.451610 -1490.894464 -1485.101145 -1483.663543 -1483.383839 -1483.336523 -1483.329462 -1483.328969 -1483.329466 -1483.330020 -1483.330485 -1483.330856 -1483.331154 -1483.331398 -1483.331603 -1483.331779 -1483.331937 -1483.332084 -1483.332231 -1483.332391 -1483.332580 -1483.332822 -1483.333155 -1483.333637 -1483.334365 -1483.335499 -1483.337314 -1483.340301 -1483.345362 -1483.354207 -1483.370178 -1483.399965 -1483.457320 -1483.571632 -1483.809419 -1484.332123 -1485.557263 -1488.628729 -1496.969082 -1522.559270 -9999.0 -9999.0
-9999.0 -9999.0 1021.077402 922.790493 824.424443 725.858567 627.177486 528.444237 429.694891 330.949493 232.219343 133.510969 34.828774 -63.818773 -162.429103 -260.977569 -359.407609 -457.607679 -555.376108 -652.364153 -748.840349 -845.220767 -940.729346 -1035.091616 -1123.171417 -1199.363469 -1265.271325 -1320.034252 -1363.786701 -1397.508058 -1422.698597 -1441.033748 -1454.103742 -1463.270388 -1469.621235 -1473.985828 -1476.989248 -1479.161782 -1481.274155 -1485.511097 -1499.141317 -1548.812406 -1702.915143 -3074.335624 -3928.930187 -3927.857622 -3785.176517 -3347.377331 -2964.595330 -2708.041062 -2528.620045 -2380.645035 -2291.039374 -2233.151577 -2179.376773 -2123.094696 -2062.454057 -1998.440792 -1933.299617 -1868.356469 -1792.495405 -1451.487848 -1506.451610 -1490.894464 -1485.101145 -1483.663543 -1483.383839 -1483.336523 -1483.329462 -1483.328969 -1483.329466 -1483.330020 -1483.330485 -1483.330856 -1483.331154 -1483.331398 -1483.331603 -1483.331779 -1483.331937 -1483.332084 -1483.332231 -1483.332391 -1483.332580 -1483.332822 -1483.333155 -1483.333637 -1483.334365 -1483.335499 -1483.337314 -1483.340301 -1483.345362 -1483.354207 -1483.370178 -1483.399965 -1483.457320 -1483.571632 -1483.809419 -1484.332123 -1485.557263 -1488.628729 -1496.969082 -1522.559270 -9999.0 -9999.0
-9999.0 -9999.0 -9999.0 -9999.0 -9999.0 -9999.0 -9999.0 -9999.0 -9999.0 -9999.0 -9999.0 -9999.0 -9999.0 -9999.0 -9999.0 -9999.0 -9999.0 -9999.0 -9999.0 -9999.0 -9999.0 -9999.0 -9999.0 -9999.0 -9999.0 -9999.0 -9999.0 -9999.0 -9999.0 -9999.0 -9999.0 -9999.0 -9999.0 -9999.0 -9999.0 -9999.0 -9999.0 -9999.0 -9999.0 -9999.0 -9999.0 -9999.0 -9999.0 -9999.0 -9999.0 -9999.0 -9999.0 -9999.0 -9999.0 -9999.0 -9999.0 -9999.0 -9999.0 -9999.0 -9999.0 -9999.0 -9999.0 -9999.0 -9999.0 -9999.0 -9999.0 -9999.0 -9999.0 -9999.0 -9999.0 -9999.0 -9999.0 -9999.0 -9999.0 -9999.0 -9999.0 -9999.0 -9999.0 -9999.0 -9999.0 -9999.0 -9999.0 -9999.0 -9999.0 -9999.0 -9999.0 -9999.0 -9999.0 -9999.0 -9999.0 -9999.0 -9999.0 -9999.0 -9999.0 -9999.0 -9999.0 -9999.0 -9999.0 -9999.0 -9999.0 -9999.0 -9999.0 -9999.0 -9999.0 -9999.0 -9999.0 -9999.0 -9999.0 -9999.0
-9999.0 -9999.0 -9999.0 -9999.0 -9999.0 -9999.0 -9999.0 -9999.0 -9999.0 -9999.0 -9999.0 -9999.0 -9999.0 -9999.0 -9999.0 -9999.0 -9999.0 -9999.0 -9999.0 -9999.0 -9999.0 -9999.0 -9999.0 -9999.0 -9999.0 -9999.0 -9999.0 -9999.0 -9999.0 -9999.0 -9999.0 -9999.0 -9999.0 -9999.0 -9999.0 -9999.0 -9999.0 -9999.0 -9999.0 -9999.0 -9999.0 -9999.0 -9999.0 -9999.0 -9999.0 -9999.0 -9999.0 -9999.0 -9999.0 -9999.0 -9999.0 -9999.0 -9999.0 -9999.0 -9999.0 -9999.0 -9999.0 -9999.0 -9999.0 -9999.0 -9999.0 -9999.0 -9999.0 -9999.0 -9999.0 -9999.0 -9999.0 -9999.0 -9999.0 -9999.0 -9999.0 -9999.0 -9999.0 -9999.0 -9999.0 -9999.0 -9999.0 -9999.0 -9999.0 -9999.0 -9999.0 -9999.0 -9999.0 -9999.0 -9999.0 -9999.0 -9999.0 -9999.0 -9999.0 -9999.0 -9999.0 -9999.0 -9999.0 -9999.0 -9999.0 -9999.0 -9999.0 -9999.0 -9999.0 -9999.0 -9999.0 -9999.0 -9999.0 -9999.0