inst/processing_geotop_simulation/geotop_simulation/out/maps3D/PwL0009N0353.asc
ncols         104
nrows         10
xllcorner     -2.000000
yllcorner     0.000000
cellsize      1.000000
NODATA_value  -9999.0
-9999.0 -9999.0 -9999.0 -9999.0 -9999.0 -9999.0 -9999.0 -9999.0 -9999.0 -9999.0 -9999.0 -9999.0 -9999.0 -9999.0 -9999.0 -9999.0 -9999.0 -9999.0 -9999.0 -9999.0 -9999.0 -9999.0 -9999.0 -9999.0 -9999.0 -9999.0 -9999.0 -9999.0 -9999.0 -9999.0 -9999.0 -9999.0 -9999.0 -9999.0 -9999.0 -9999.0 -9999.0 -9999.0 -9999.0 -9999.0 -9999.0 -9999.0 -9999.0 -9999.0 -9999.0 -9999.0 -9999.0 -9999.0 -9999.0 -9999.0 -9999.0 -9999.0 -9999.0 -9999.0 -9999.0 -9999.0 -9999.0 -9999.0 -9999.0 -9999.0 -9999.0 -9999.0 -9999.0 -9999.0 -9999.0 -9999.0 -9999.0 -9999.0 -9999.0 -9999.0 -9999.0 -9999.0 -9999.0 -9999.0 -9999.0 -9999.0 -9999.0 -9999.0 -9999.0 -9999.0 -9999.0 -9999.0 -9999.0 -9999.0 -9999.0 -9999.0 -9999.0 -9999.0 -9999.0 -9999.0 -9999.0 -9999.0 -9999.0 -9999.0 -9999.0 -9999.0 -9999.0 -9999.0 -9999.0 -9999.0 -9999.0 -9999.0 -9999.0 -9999.0
-9999.0 -9999.0 -9999.0 -9999.0 -9999.0 -9999.0 -9999.0 -9999.0 -9999.0 -9999.0 -9999.0 -9999.0 -9999.0 -9999.0 -9999.0 -9999.0 -9999.0 -9999.0 -9999.0 -9999.0 -9999.0 -9999.0 -9999.0 -9999.0 -9999.0 -9999.0 -9999.0 -9999.0 -9999.0 -9999.0 -9999.0 -9999.0 -9999.0 -9999.0 -9999.0 -9999.0 -9999.0 -9999.0 -9999.0 -9999.0 -9999.0 -9999.0 -9999.0 -9999.0 -9999.0 -9999.0 -9999.0 -9999.0 -9999.0 -9999.0 -9999.0 -9999.0 -9999.0 -9999.0 -9999.0 -9999.0 -9999.0 -9999.0 -9999.0 -9999.0 -9999.0 -9999.0 -9999.0 -9999.0 -9999.0 -9999.0 -9999.0 -9999.0 -9999.0 -9999.0 -9999.0 -9999.0 -9999.0 -9999.0 -9999.0 -9999.0 -9999.0 -9999.0 -9999.0 -9999.0 -9999.0 -9999.0 -9999.0 -9999.0 -9999.0 -9999.0 -9999.0 -9999.0 -9999.0 -9999.0 -9999.0 -9999.0 -9999.0 -9999.0 -9999.0 -9999.0 -9999.0 -9999.0 -9999.0 -9999.0 -9999.0 -9999.0 -9999.0 -9999.0
-9999.0 -9999.0 423.714410 325.772231 227.123678 128.170607 29.091877 -70.034854 -169.177165 -268.315189 -367.426827 -466.478774 -565.400820 -664.050937 -762.511344 -861.026043 -959.392770 -1057.595281 -1155.063833 -1250.691268 -1343.552787 -1431.437899 -1511.461124 -1581.053421 -1638.832403 -1684.822879 -1720.137855 -1746.466432 -1765.632263 -1779.318358 -1788.941729 -1795.625497 -1800.222611 -1803.360743 -1805.491365 -1806.936152 -1807.934192 -1808.723171 -1809.789162 -1812.515263 -1818.200484 -1800.248733 -1273.819065 -1383.981448 -1349.240881 -1326.778473 -1316.444852 -1314.980813 -1314.827892 -1314.842259 -1314.880437 -1314.921489 -1314.960931 -1314.997450 -1315.031343 -1315.070795 -1315.194276 -1316.043925 -1321.433876 -1333.578944 -1348.520204 -1222.540812 -1768.062963 -1811.080929 -1811.128138 -1810.250537 -1810.025011 -1809.983165 -1809.976634 -1809.976112 -1809.976515 -1809.976977 -1809.977360 -1809.977660 -1809.977894 -1809.978079 -1809.978229 -1809.978354 -1809.978462 -1809.978560 -1809.978658 -1809.978767 -1809.978901 -1809.979083 -1809.979345 -1809.979741 -1809.980357 -1809.981337 -1809.982930 -1809.985575 -1809.990083 -1809.997991 -1810.012291 -1810.038953 -1810.090148 -1810.191495 -1810.399753 -1810.849828 -1811.889221 -1814.501286 -1821.852456 -1845.952116 -9999.0 -9999.0
-9999.0 -9999.0 423.720698 325.773903 227.124136 128.170745 29.091922 -70.034838 -169.177159 -268.315187 -367.426826 -466.478773 -565.400820 -664.050937 -762.511344 -861.026044 -959.392770 -1057.595281 -1155.063833 -1250.691268 -1343.552787 -1431.437899 -1511.461124 -1581.053421 -1638.832403 -1684.822879 -1720.137855 -1746.466432 -1765.632263 -1779.318358 -1788.941729 -1795.625497 -1800.222611 -1803.360743 -1805.491365 -1806.936152 -1807.934192 -1808.723171 -1809.789162 -1812.515263 -1818.200484 -1800.248733 -1273.819065 -1383.981448 -1349.240881 -1326.778472 -1316.444852 -1314.980813 -1314.827892 -1314.842259 -1314.880437 -1314.921489 -1314.960931 -1314.997450 -1315.031343 -1315.070795 -1315.194276 -1316.043925 -1321.433876 -1333.578944 -1348.520204 -1222.540812 -1768.062963 -1811.080929 -1811.128138 -1810.250537 -1810.025011 -1809.983165 -1809.976634 -1809.976112 -1809.976515 -1809.976977 -1809.977360 -1809.977660 -1809.977894 -1809.978079 -1809.978229 -1809.978354 -1809.978462 -1809.978560 -1809.978658 -1809.978767 -1809.978901 -1809.979083 -1809.979345 -1809.979741 -1809.980357 -1809.981337 -1809.982930 -1809.985575 -1809.990083 -1809.997991 -1810.012291 -1810.038953 -1810.090148 -1810.191495 -1810.399753 -1810.849828 -1811.889221 -1814.501286 -1821.852456 -1845.952116 -9999.0 -9999.0
-9999.0 -9999.0 423.722090 325.774640 227.124431 128.170853 29.091960 -70.034824 -169.177154 -268.315185 -367.426825 -466.478773 -565.400820 -664.050937 -762.511344 -861.026044 -959.392770 -1057.595281 -1155.063834 -1250.691268 -1343.552787 -1431.437899 -1511.461124 -1581.053421 -1638.832403 -1684.822879 -1720.137855 -1746.466432 -1765.632263 -1779.318358 -1788.941729 -1795.625497 -1800.222611 -1803.360743 -1805.491366 -1806.936152 -1807.934192 -1808.723171 -1809.789162 -1812.515263 -1818.200484 -1800.248733 -1273.819064 -1383.981448 -1349.240880 -1326.778472 -1316.444852 -1314.980813 -1314.827892 -1314.842259 -1314.880437 -1314.921489 -1314.960931 -1314.997450 -1315.031343 -1315.070795 -1315.194276 -1316.043925 -1321.433876 -1333.578944 -1348.520204 -1222.540812 -1768.062963 -1811.080929 -1811.128138 -1810.250537 -1810.025011 -1809.983165 -1809.976634 -1809.976112 -1809.976515 -1809.976977 -1809.977360 -1809.977660 -1809.977894 -1809.978079 -1809.978229 -1809.978354 -1809.978462 -1809.978560 -1809.978658 -1809.978767 -1809.978901 -1809.979083 -1809.979345 -1809.979741 -1809.980357 -1809.981337 -1809.982930 -1809.985575 -1809.990083 -1809.997991 -1810.012291 -1810.038953 -1810.090148 -1810.191495 -1810.399753 -1810.849828 -1811.889221 -1814.501286 -1821.852456 -1845.952116 -9999.0 -9999.0
-9999.0 -9999.0 423.722090 325.774640 227.124431 128.170853 29.091960 -70.034824 -169.177154 -268.315185 -367.426825 -466.478773 -565.400820 -664.050937 -762.511344 -861.026044 -959.392770 -1057.595281 -1155.063834 -1250.691268 -1343.552787 -1431.437899 -1511.461124 -1581.053421 -1638.832403 -1684.822879 -1720.137855 -1746.466432 -1765.632263 -1779.318358 -1788.941729 -1795.625497 -1800.222611 -1803.360743 -1805.491366 -1806.936152 -1807.934192 -1808.723171 -1809.789162 -1812.515263 -1818.200484 -1800.248733 -1273.819064 -1383.981448 -1349.240880 -1326.778472 -1316.444852 -1314.980813 -1314.827892 -1314.842259 -1314.880437 -1314.921489 -1314.960931 -1314.997450 -1315.031343 -1315.070795 -1315.194276 -1316.043925 -1321.433876 -1333.578944 -1348.520204 -1222.540812 -1768.062963 -1811.080929 -1811.128138 -1810.250537 -1810.025011 -1809.983165 -1809.976634 -1809.976112 -1809.976515 -1809.976977 -1809.977360 -1809.977660 -1809.977894 -1809.978079 -1809.978229 -1809.978354 -1809.978462 -1809.978560 -1809.978658 -1809.978767 -1809.978901 -1809.979083 -1809.979345 -1809.979741 -1809.980357 -1809.981337 -1809.982930 -1809.985575 -1809.990083 -1809.997991 -1810.012291 -1810.038953 -1810.090148 -1810.191495 -1810.399753 -1810.849828 -1811.889221 -1814.501286 -1821.852456 -1845.952116 -9999.0 -9999.0
-9999.0 -9999.0 423.720698 325.773903 227.124136 128.170745 29.091922 -70.034838 -169.177159 -268.315187 -367.426826 -466.478773 -565.400820 -664.050937 -762.511344 -861.026044 -959.392770 -1057.595281 -1155.063833 -1250.691268 -1343.552787 -1431.437899 -1511.461124 -1581.053421 -1638.832403 -1684.822879 -1720.137855 -1746.466432 -1765.632263 -1779.318358 -1788.941729 -1795.625497 -1800.222611 -1803.360743 -1805.491365 -1806.936152 -1807.934192 -1808.723171 -1809.789162 -1812.515263 -1818.200484 -1800.248733 -1273.819065 -1383.981448 -1349.240881 -1326.778472 -1316.444852 -1314.980813 -1314.827892 -1314.842259 -1314.880437 -1314.921489 -1314.960931 -1314.997450 -1315.031343 -1315.070795 -1315.194276 -1316.043925 -1321.433876 -1333.578944 -1348.520204 -1222.540812 -1768.062963 -1811.080929 -1811.128138 -1810.250537 -1810.025011 -1809.983165 -1809.976634 -1809.976112 -1809.976515 -1809.976977 -1809.977360 -1809.977660 -1809.977894 -1809.978079 -1809.978229 -1809.978354 -1809.978462 -1809.978560 -1809.978658 -1809.978767 -1809.978901 -1809.979083 -1809.979345 -1809.979741 -1809.980357 -1809.981337 -1809.982930 -1809.985575 -1809.990083 -1809.997991 -1810.012291 -1810.038953 -1810.090148 -1810.191495 -1810.399753 -1810.849828 -1811.889221 -1814.501286 -1821.852456 -1845.952116 -9999.0 -9999.0
-9999.0 -9999.0 423.714410 325.772231 227.123678 128.170607 29.091877 -70.034854 -169.177165 -268.315189 -367.426827 -466.478774 -565.400820 -664.050937 -762.511344 -861.026044 -959.392770 -1057.595281 -1155.063833 -1250.691268 -1343.552787 -1431.437899 -1511.461124 -1581.053421 -1638.832403 -1684.822879 -1720.137855 -1746.466432 -1765.632263 -1779.318358 -1788.941729 -1795.625497 -1800.222611 -1803.360743 -1805.491365 -1806.936152 -1807.934192 -1808.723171 -1809.789162 -1812.515263 -1818.200484 -1800.248733 -1273.819065 -1383.981448 -1349.240881 -1326.778473 -1316.444852 -1314.980813 -1314.827892 -1314.842259 -1314.880437 -1314.921489 -1314.960931 -1314.997450 -1315.031343 -1315.070795 -1315.194276 -1316.043925 -1321.433876 -1333.578944 -1348.520204 -1222.540812 -1768.062963 -1811.080929 -1811.128138 -1810.250537 -1810.025011 -1809.983165 -1809.976634 -1809.976112 -1809.976515 -1809.976977 -1809.977360 -1809.977660 -1809.977894 -1809.978079 -1809.978229 -1809.978354 -1809.978462 -1809.978560 -1809.978658 -1809.978767 -1809.978901 -1809.979083 -1809.979345 -1809.979741 -1809.980357 -1809.981337 -1809.982930 -1809.985575 -1809.990083 -1809.997991 -1810.012291 -1810.038953 -1810.090148 -1810.191495 -1810.399753 -1810.849828 -1811.889221 -1814.501286 -1821.852456 -1845.952116 -9999.0 -9999.0
-9999.0 -9999.0 -9999.0 -9999.0 -9999.0 -9999.0 -9999.0 -9999.0 -9999.0 -9999.0 -9999.0 -9999.0 -9999.0 -9999.0 -9999.0 -9999.0 -9999.0 -9999.0 -9999.0 -9999.0 -9999.0 -9999.0 -9999.0 -9999.0 -9999.0 -9999.0 -9999.0 -9999.0 -9999.0 -9999.0 -9999.0 -9999.0 -9999.0 -9999.0 -9999.0 -9999.0 -9999.0 -9999.0 -9999.0 -9999.0 -9999.0 -9999.0 -9999.0 -9999.0 -9999.0 -9999.0 -9999.0 -9999.0 -9999.0 -9999.0 -9999.0 -9999.0 -9999.0 -9999.0 -9999.0 -9999.0 -9999.0 -9999.0 -9999.0 -9999.0 -9999.0 -9999.0 -9999.0 -9999.0 -9999.0 -9999.0 -9999.0 -9999.0 -9999.0 -9999.0 -9999.0 -9999.0 -9999.0 -9999.0 -9999.0 -9999.0 -9999.0 -9999.0 -9999.0 -9999.0 -9999.0 -9999.0 -9999.0 -9999.0 -9999.0 -9999.0 -9999.0 -9999.0 -9999.0 -9999.0 -9999.0 -9999.0 -9999.0 -9999.0 -9999.0 -9999.0 -9999.0 -9999.0 -9999.0 -9999.0 -9999.0 -9999.0 -9999.0 -9999.0
-9999.0 -9999.0 -9999.0 -9999.0 -9999.0 -9999.0 -9999.0 -9999.0 -9999.0 -9999.0 -9999.0 -9999.0 -9999.0 -9999.0 -9999.0 -9999.0 -9999.0 -9999.0 -9999.0 -9999.0 -9999.0 -9999.0 -9999.0 -9999.0 -9999.0 -9999.0 -9999.0 -9999.0 -9999.0 -9999.0 -9999.0 -9999.0 -9999.0 -9999.0 -9999.0 -9999.0 -9999.0 -9999.0 -9999.0 -9999.0 -9999.0 -9999.0 -9999.0 -9999.0 -9999.0 -9999.0 -9999.0 -9999.0 -9999.0 -9999.0 -9999.0 -9999.0 -9999.0 -9999.0 -9999.0 -9999.0 -9999.0 -9999.0 -9999.0 -9999.0 -9999.0 -9999.0 -9999.0 -9999.0 -9999.0 -9999.0 -9999.0 -9999.0 -9999.0 -9999.0 -9999.0 -9999.0 -9999.0 -9999.0 -9999.0 -9999.0 -9999.0 -9999.0 -9999.0 -9999.0 -9999.0 -9999.0 -9999.0 -9999.0 -9999.0 -9999.0 -9999.0 -9999.0 -9999.0 -9999.0 -9999.0 -9999.0 -9999.0 -9999.0 -9999.0 -9999.0 -9999.0 -9999.0 -9999.0 -9999.0 -9999.0 -9999.0 -9999.0 -9999.0