inst/processing_geotop_simulation/geotop_simulation/out/maps3D/PwL0005N0342.asc
ncols         104
nrows         10
xllcorner     -2.000000
yllcorner     0.000000
cellsize      1.000000
NODATA_value  -9999.0
-9999.0 -9999.0 -9999.0 -9999.0 -9999.0 -9999.0 -9999.0 -9999.0 -9999.0 -9999.0 -9999.0 -9999.0 -9999.0 -9999.0 -9999.0 -9999.0 -9999.0 -9999.0 -9999.0 -9999.0 -9999.0 -9999.0 -9999.0 -9999.0 -9999.0 -9999.0 -9999.0 -9999.0 -9999.0 -9999.0 -9999.0 -9999.0 -9999.0 -9999.0 -9999.0 -9999.0 -9999.0 -9999.0 -9999.0 -9999.0 -9999.0 -9999.0 -9999.0 -9999.0 -9999.0 -9999.0 -9999.0 -9999.0 -9999.0 -9999.0 -9999.0 -9999.0 -9999.0 -9999.0 -9999.0 -9999.0 -9999.0 -9999.0 -9999.0 -9999.0 -9999.0 -9999.0 -9999.0 -9999.0 -9999.0 -9999.0 -9999.0 -9999.0 -9999.0 -9999.0 -9999.0 -9999.0 -9999.0 -9999.0 -9999.0 -9999.0 -9999.0 -9999.0 -9999.0 -9999.0 -9999.0 -9999.0 -9999.0 -9999.0 -9999.0 -9999.0 -9999.0 -9999.0 -9999.0 -9999.0 -9999.0 -9999.0 -9999.0 -9999.0 -9999.0 -9999.0 -9999.0 -9999.0 -9999.0 -9999.0 -9999.0 -9999.0 -9999.0 -9999.0
-9999.0 -9999.0 -9999.0 -9999.0 -9999.0 -9999.0 -9999.0 -9999.0 -9999.0 -9999.0 -9999.0 -9999.0 -9999.0 -9999.0 -9999.0 -9999.0 -9999.0 -9999.0 -9999.0 -9999.0 -9999.0 -9999.0 -9999.0 -9999.0 -9999.0 -9999.0 -9999.0 -9999.0 -9999.0 -9999.0 -9999.0 -9999.0 -9999.0 -9999.0 -9999.0 -9999.0 -9999.0 -9999.0 -9999.0 -9999.0 -9999.0 -9999.0 -9999.0 -9999.0 -9999.0 -9999.0 -9999.0 -9999.0 -9999.0 -9999.0 -9999.0 -9999.0 -9999.0 -9999.0 -9999.0 -9999.0 -9999.0 -9999.0 -9999.0 -9999.0 -9999.0 -9999.0 -9999.0 -9999.0 -9999.0 -9999.0 -9999.0 -9999.0 -9999.0 -9999.0 -9999.0 -9999.0 -9999.0 -9999.0 -9999.0 -9999.0 -9999.0 -9999.0 -9999.0 -9999.0 -9999.0 -9999.0 -9999.0 -9999.0 -9999.0 -9999.0 -9999.0 -9999.0 -9999.0 -9999.0 -9999.0 -9999.0 -9999.0 -9999.0 -9999.0 -9999.0 -9999.0 -9999.0 -9999.0 -9999.0 -9999.0 -9999.0 -9999.0 -9999.0
-9999.0 -9999.0 225.250404 127.939265 29.433257 -69.440367 -168.456596 -267.528694 -366.610011 -465.669015 -564.663045 -663.490225 -762.093753 -860.534587 -958.843336 -1057.165503 -1155.155032 -1252.180829 -1347.818535 -1441.102152 -1530.220277 -1612.215181 -1683.867725 -1743.151836 -1789.865546 -1825.255990 -1851.276065 -1869.978461 -1883.187702 -1892.387110 -1898.720693 -1903.040362 -1905.964266 -1907.931835 -1909.250702 -1910.135894 -1910.747700 -1911.259813 -1912.087029 -1914.483835 -1918.714163 -1879.449096 -1178.606597 -1192.860623 -1178.379085 -1168.868844 -1164.415841 -1163.743115 -1163.671093 -1163.677799 -1163.695838 -1163.715264 -1163.733938 -1163.751235 -1163.767316 -1163.786264 -1163.846394 -1164.248470 -1166.616801 -1171.876729 -1178.814608 -1154.358858 -1853.452947 -1912.417215 -1913.047605 -1912.226370 -1912.018015 -1911.980278 -1911.974537 -1911.974169 -1911.974617 -1911.975099 -1911.975493 -1911.975799 -1911.976035 -1911.976220 -1911.976369 -1911.976490 -1911.976593 -1911.976686 -1911.976779 -1911.976882 -1911.977012 -1911.977190 -1911.977451 -1911.977850 -1911.978476 -1911.979477 -1911.981109 -1911.983823 -1911.988449 -1911.996555 -1912.011189 -1912.038417 -1912.090538 -1912.193222 -1912.402640 -1912.850562 -1913.872957 -1916.415623 -1923.536691 -1947.064265 -9999.0 -9999.0
-9999.0 -9999.0 225.259030 127.941139 29.433740 -69.440226 -168.456551 -267.528679 -366.610006 -465.669013 -564.663044 -663.490224 -762.093753 -860.534587 -958.843336 -1057.165504 -1155.155032 -1252.180829 -1347.818536 -1441.102152 -1530.220277 -1612.215181 -1683.867725 -1743.151836 -1789.865546 -1825.255990 -1851.276065 -1869.978461 -1883.187702 -1892.387110 -1898.720693 -1903.040362 -1905.964266 -1907.931835 -1909.250702 -1910.135894 -1910.747700 -1911.259813 -1912.087029 -1914.483835 -1918.714163 -1879.449096 -1178.606597 -1192.860622 -1178.379085 -1168.868844 -1164.415841 -1163.743115 -1163.671093 -1163.677799 -1163.695838 -1163.715264 -1163.733938 -1163.751235 -1163.767316 -1163.786264 -1163.846394 -1164.248470 -1166.616801 -1171.876729 -1178.814608 -1154.358858 -1853.452947 -1912.417215 -1913.047605 -1912.226370 -1912.018015 -1911.980278 -1911.974537 -1911.974169 -1911.974617 -1911.975099 -1911.975493 -1911.975799 -1911.976035 -1911.976220 -1911.976369 -1911.976490 -1911.976593 -1911.976686 -1911.976779 -1911.976882 -1911.977012 -1911.977190 -1911.977451 -1911.977850 -1911.978476 -1911.979477 -1911.981109 -1911.983823 -1911.988449 -1911.996555 -1912.011189 -1912.038417 -1912.090538 -1912.193222 -1912.402640 -1912.850562 -1913.872957 -1916.415623 -1923.536691 -1947.064265 -9999.0 -9999.0
-9999.0 -9999.0 225.260385 127.941912 29.434046 -69.440115 -168.456512 -267.528665 -366.610001 -465.669011 -564.663043 -663.490224 -762.093753 -860.534587 -958.843336 -1057.165504 -1155.155032 -1252.180829 -1347.818536 -1441.102152 -1530.220278 -1612.215182 -1683.867725 -1743.151836 -1789.865546 -1825.255990 -1851.276065 -1869.978461 -1883.187702 -1892.387110 -1898.720693 -1903.040362 -1905.964267 -1907.931835 -1909.250702 -1910.135894 -1910.747700 -1911.259813 -1912.087029 -1914.483835 -1918.714163 -1879.449096 -1178.606597 -1192.860622 -1178.379085 -1168.868843 -1164.415841 -1163.743115 -1163.671093 -1163.677799 -1163.695838 -1163.715264 -1163.733938 -1163.751235 -1163.767316 -1163.786264 -1163.846394 -1164.248470 -1166.616801 -1171.876729 -1178.814608 -1154.358858 -1853.452947 -1912.417215 -1913.047605 -1912.226370 -1912.018015 -1911.980278 -1911.974537 -1911.974169 -1911.974617 -1911.975099 -1911.975493 -1911.975799 -1911.976035 -1911.976220 -1911.976369 -1911.976490 -1911.976593 -1911.976686 -1911.976779 -1911.976882 -1911.977012 -1911.977190 -1911.977451 -1911.977850 -1911.978476 -1911.979477 -1911.981109 -1911.983823 -1911.988449 -1911.996555 -1912.011189 -1912.038417 -1912.090538 -1912.193222 -1912.402640 -1912.850562 -1913.872957 -1916.415623 -1923.536691 -1947.064265 -9999.0 -9999.0
-9999.0 -9999.0 225.260385 127.941912 29.434046 -69.440115 -168.456512 -267.528665 -366.610001 -465.669011 -564.663043 -663.490224 -762.093753 -860.534587 -958.843336 -1057.165504 -1155.155032 -1252.180829 -1347.818536 -1441.102152 -1530.220277 -1612.215182 -1683.867725 -1743.151836 -1789.865546 -1825.255990 -1851.276065 -1869.978461 -1883.187702 -1892.387110 -1898.720693 -1903.040362 -1905.964267 -1907.931835 -1909.250702 -1910.135894 -1910.747700 -1911.259813 -1912.087029 -1914.483835 -1918.714163 -1879.449096 -1178.606597 -1192.860622 -1178.379085 -1168.868843 -1164.415841 -1163.743115 -1163.671093 -1163.677799 -1163.695838 -1163.715264 -1163.733938 -1163.751235 -1163.767316 -1163.786264 -1163.846394 -1164.248470 -1166.616801 -1171.876729 -1178.814608 -1154.358858 -1853.452947 -1912.417215 -1913.047605 -1912.226370 -1912.018015 -1911.980278 -1911.974537 -1911.974169 -1911.974617 -1911.975099 -1911.975493 -1911.975799 -1911.976035 -1911.976220 -1911.976369 -1911.976490 -1911.976593 -1911.976686 -1911.976779 -1911.976882 -1911.977012 -1911.977190 -1911.977451 -1911.977850 -1911.978476 -1911.979477 -1911.981109 -1911.983823 -1911.988449 -1911.996555 -1912.011189 -1912.038417 -1912.090538 -1912.193222 -1912.402640 -1912.850562 -1913.872957 -1916.415623 -1923.536691 -1947.064265 -9999.0 -9999.0
-9999.0 -9999.0 225.259030 127.941139 29.433740 -69.440226 -168.456551 -267.528679 -366.610006 -465.669013 -564.663044 -663.490224 -762.093753 -860.534587 -958.843336 -1057.165504 -1155.155032 -1252.180829 -1347.818536 -1441.102152 -1530.220277 -1612.215181 -1683.867725 -1743.151836 -1789.865546 -1825.255990 -1851.276065 -1869.978461 -1883.187702 -1892.387110 -1898.720693 -1903.040362 -1905.964266 -1907.931835 -1909.250702 -1910.135894 -1910.747700 -1911.259813 -1912.087029 -1914.483835 -1918.714163 -1879.449096 -1178.606597 -1192.860622 -1178.379085 -1168.868844 -1164.415841 -1163.743115 -1163.671093 -1163.677799 -1163.695838 -1163.715264 -1163.733938 -1163.751235 -1163.767316 -1163.786264 -1163.846394 -1164.248470 -1166.616801 -1171.876729 -1178.814608 -1154.358858 -1853.452947 -1912.417215 -1913.047605 -1912.226370 -1912.018015 -1911.980278 -1911.974537 -1911.974169 -1911.974617 -1911.975099 -1911.975493 -1911.975799 -1911.976035 -1911.976220 -1911.976369 -1911.976490 -1911.976593 -1911.976686 -1911.976779 -1911.976882 -1911.977012 -1911.977190 -1911.977451 -1911.977850 -1911.978476 -1911.979477 -1911.981109 -1911.983823 -1911.988449 -1911.996555 -1912.011189 -1912.038417 -1912.090538 -1912.193222 -1912.402640 -1912.850562 -1913.872957 -1916.415623 -1923.536691 -1947.064265 -9999.0 -9999.0
-9999.0 -9999.0 225.250404 127.939265 29.433257 -69.440367 -168.456596 -267.528694 -366.610011 -465.669015 -564.663045 -663.490225 -762.093753 -860.534587 -958.843336 -1057.165504 -1155.155032 -1252.180829 -1347.818535 -1441.102152 -1530.220277 -1612.215181 -1683.867725 -1743.151836 -1789.865546 -1825.255990 -1851.276065 -1869.978461 -1883.187702 -1892.387110 -1898.720693 -1903.040362 -1905.964266 -1907.931835 -1909.250702 -1910.135894 -1910.747700 -1911.259813 -1912.087029 -1914.483835 -1918.714163 -1879.449096 -1178.606597 -1192.860623 -1178.379085 -1168.868844 -1164.415841 -1163.743115 -1163.671093 -1163.677799 -1163.695838 -1163.715264 -1163.733938 -1163.751235 -1163.767316 -1163.786264 -1163.846394 -1164.248470 -1166.616801 -1171.876729 -1178.814608 -1154.358858 -1853.452947 -1912.417215 -1913.047605 -1912.226370 -1912.018015 -1911.980278 -1911.974537 -1911.974169 -1911.974617 -1911.975099 -1911.975493 -1911.975799 -1911.976035 -1911.976220 -1911.976369 -1911.976490 -1911.976593 -1911.976686 -1911.976779 -1911.976882 -1911.977012 -1911.977190 -1911.977451 -1911.977850 -1911.978476 -1911.979477 -1911.981109 -1911.983823 -1911.988449 -1911.996555 -1912.011189 -1912.038417 -1912.090538 -1912.193222 -1912.402640 -1912.850562 -1913.872957 -1916.415623 -1923.536691 -1947.064265 -9999.0 -9999.0
-9999.0 -9999.0 -9999.0 -9999.0 -9999.0 -9999.0 -9999.0 -9999.0 -9999.0 -9999.0 -9999.0 -9999.0 -9999.0 -9999.0 -9999.0 -9999.0 -9999.0 -9999.0 -9999.0 -9999.0 -9999.0 -9999.0 -9999.0 -9999.0 -9999.0 -9999.0 -9999.0 -9999.0 -9999.0 -9999.0 -9999.0 -9999.0 -9999.0 -9999.0 -9999.0 -9999.0 -9999.0 -9999.0 -9999.0 -9999.0 -9999.0 -9999.0 -9999.0 -9999.0 -9999.0 -9999.0 -9999.0 -9999.0 -9999.0 -9999.0 -9999.0 -9999.0 -9999.0 -9999.0 -9999.0 -9999.0 -9999.0 -9999.0 -9999.0 -9999.0 -9999.0 -9999.0 -9999.0 -9999.0 -9999.0 -9999.0 -9999.0 -9999.0 -9999.0 -9999.0 -9999.0 -9999.0 -9999.0 -9999.0 -9999.0 -9999.0 -9999.0 -9999.0 -9999.0 -9999.0 -9999.0 -9999.0 -9999.0 -9999.0 -9999.0 -9999.0 -9999.0 -9999.0 -9999.0 -9999.0 -9999.0 -9999.0 -9999.0 -9999.0 -9999.0 -9999.0 -9999.0 -9999.0 -9999.0 -9999.0 -9999.0 -9999.0 -9999.0 -9999.0
-9999.0 -9999.0 -9999.0 -9999.0 -9999.0 -9999.0 -9999.0 -9999.0 -9999.0 -9999.0 -9999.0 -9999.0 -9999.0 -9999.0 -9999.0 -9999.0 -9999.0 -9999.0 -9999.0 -9999.0 -9999.0 -9999.0 -9999.0 -9999.0 -9999.0 -9999.0 -9999.0 -9999.0 -9999.0 -9999.0 -9999.0 -9999.0 -9999.0 -9999.0 -9999.0 -9999.0 -9999.0 -9999.0 -9999.0 -9999.0 -9999.0 -9999.0 -9999.0 -9999.0 -9999.0 -9999.0 -9999.0 -9999.0 -9999.0 -9999.0 -9999.0 -9999.0 -9999.0 -9999.0 -9999.0 -9999.0 -9999.0 -9999.0 -9999.0 -9999.0 -9999.0 -9999.0 -9999.0 -9999.0 -9999.0 -9999.0 -9999.0 -9999.0 -9999.0 -9999.0 -9999.0 -9999.0 -9999.0 -9999.0 -9999.0 -9999.0 -9999.0 -9999.0 -9999.0 -9999.0 -9999.0 -9999.0 -9999.0 -9999.0 -9999.0 -9999.0 -9999.0 -9999.0 -9999.0 -9999.0 -9999.0 -9999.0 -9999.0 -9999.0 -9999.0 -9999.0 -9999.0 -9999.0 -9999.0 -9999.0 -9999.0 -9999.0 -9999.0 -9999.0