inst/processing_geotop_simulation/geotop_simulation/out/maps3D/PwL0009N0046.asc
ncols         104
nrows         10
xllcorner     -2.000000
yllcorner     0.000000
cellsize      1.000000
NODATA_value  -9999.0
-9999.0 -9999.0 -9999.0 -9999.0 -9999.0 -9999.0 -9999.0 -9999.0 -9999.0 -9999.0 -9999.0 -9999.0 -9999.0 -9999.0 -9999.0 -9999.0 -9999.0 -9999.0 -9999.0 -9999.0 -9999.0 -9999.0 -9999.0 -9999.0 -9999.0 -9999.0 -9999.0 -9999.0 -9999.0 -9999.0 -9999.0 -9999.0 -9999.0 -9999.0 -9999.0 -9999.0 -9999.0 -9999.0 -9999.0 -9999.0 -9999.0 -9999.0 -9999.0 -9999.0 -9999.0 -9999.0 -9999.0 -9999.0 -9999.0 -9999.0 -9999.0 -9999.0 -9999.0 -9999.0 -9999.0 -9999.0 -9999.0 -9999.0 -9999.0 -9999.0 -9999.0 -9999.0 -9999.0 -9999.0 -9999.0 -9999.0 -9999.0 -9999.0 -9999.0 -9999.0 -9999.0 -9999.0 -9999.0 -9999.0 -9999.0 -9999.0 -9999.0 -9999.0 -9999.0 -9999.0 -9999.0 -9999.0 -9999.0 -9999.0 -9999.0 -9999.0 -9999.0 -9999.0 -9999.0 -9999.0 -9999.0 -9999.0 -9999.0 -9999.0 -9999.0 -9999.0 -9999.0 -9999.0 -9999.0 -9999.0 -9999.0 -9999.0 -9999.0 -9999.0
-9999.0 -9999.0 -9999.0 -9999.0 -9999.0 -9999.0 -9999.0 -9999.0 -9999.0 -9999.0 -9999.0 -9999.0 -9999.0 -9999.0 -9999.0 -9999.0 -9999.0 -9999.0 -9999.0 -9999.0 -9999.0 -9999.0 -9999.0 -9999.0 -9999.0 -9999.0 -9999.0 -9999.0 -9999.0 -9999.0 -9999.0 -9999.0 -9999.0 -9999.0 -9999.0 -9999.0 -9999.0 -9999.0 -9999.0 -9999.0 -9999.0 -9999.0 -9999.0 -9999.0 -9999.0 -9999.0 -9999.0 -9999.0 -9999.0 -9999.0 -9999.0 -9999.0 -9999.0 -9999.0 -9999.0 -9999.0 -9999.0 -9999.0 -9999.0 -9999.0 -9999.0 -9999.0 -9999.0 -9999.0 -9999.0 -9999.0 -9999.0 -9999.0 -9999.0 -9999.0 -9999.0 -9999.0 -9999.0 -9999.0 -9999.0 -9999.0 -9999.0 -9999.0 -9999.0 -9999.0 -9999.0 -9999.0 -9999.0 -9999.0 -9999.0 -9999.0 -9999.0 -9999.0 -9999.0 -9999.0 -9999.0 -9999.0 -9999.0 -9999.0 -9999.0 -9999.0 -9999.0 -9999.0 -9999.0 -9999.0 -9999.0 -9999.0 -9999.0 -9999.0
-9999.0 -9999.0 -811.246312 -827.261533 -833.359515 -837.632784 -840.795803 -842.900984 -844.085526 -842.435911 -824.775358 -799.683247 -774.676043 -746.876925 -741.766275 -758.950929 -772.235065 -784.838935 -773.402046 -746.970665 -735.027821 -734.023840 -740.474379 -751.741094 -765.786722 -780.916697 -795.633765 -808.738353 -819.512851 -827.774291 -833.745408 -837.855662 -840.575411 -842.316155 -843.394334 -844.034393 -844.405777 -844.732857 -845.210709 -845.029901 -846.175769 -884.326940 -2341.994457 -4483.091236 -4364.611674 -4198.632210 -4086.918285 -4072.534240 -4071.054494 -4071.047285 -4071.217218 -4071.406008 -4071.587434 -4071.755418 -4071.913861 -4072.125164 -4073.011874 -4080.192416 -4137.637040 -4246.667671 -4376.791438 -2213.543923 -870.989204 -848.378090 -846.009186 -845.377097 -845.233170 -845.210220 -845.212538 -845.218941 -845.224878 -845.229554 -845.233076 -845.235722 -845.237735 -845.239294 -845.240527 -845.241516 -845.242329 -845.243033 -845.243701 -845.244417 -845.245293 -845.246484 -845.248222 -845.250870 -845.255004 -845.261561 -845.272093 -845.289236 -845.317610 -845.365598 -845.448960 -845.598253 -845.873956 -846.396621 -847.405209 -849.368231 -853.206446 -860.826316 -876.641901 -911.045367 -9999.0 -9999.0
-9999.0 -9999.0 -811.246232 -827.261441 -833.359448 -837.632754 -840.795795 -842.900984 -844.085527 -842.435912 -824.775358 -799.683247 -774.676043 -746.876925 -741.766275 -758.950929 -772.235065 -784.838935 -773.402046 -746.970665 -735.027821 -734.023840 -740.474379 -751.741094 -765.786722 -780.916697 -795.633765 -808.738353 -819.512851 -827.774291 -833.745408 -837.855662 -840.575411 -842.316155 -843.394334 -844.034393 -844.405777 -844.732857 -845.210709 -845.029901 -846.175769 -884.326940 -2341.994457 -4483.091235 -4364.611673 -4198.632203 -4086.918285 -4072.534240 -4071.054494 -4071.047285 -4071.217218 -4071.406008 -4071.587434 -4071.755418 -4071.913861 -4072.125164 -4073.011874 -4080.192416 -4137.637040 -4246.667671 -4376.791438 -2213.543923 -870.989204 -848.378090 -846.009186 -845.377097 -845.233170 -845.210220 -845.212538 -845.218941 -845.224878 -845.229554 -845.233076 -845.235722 -845.237735 -845.239294 -845.240527 -845.241516 -845.242329 -845.243033 -845.243701 -845.244417 -845.245293 -845.246484 -845.248222 -845.250870 -845.255004 -845.261561 -845.272093 -845.289236 -845.317610 -845.365598 -845.448960 -845.598253 -845.873956 -846.396621 -847.405209 -849.368231 -853.206446 -860.826316 -876.641901 -911.045367 -9999.0 -9999.0
-9999.0 -9999.0 -811.246195 -827.261390 -833.359405 -837.632732 -840.795788 -842.900984 -844.085529 -842.435913 -824.775358 -799.683247 -774.676043 -746.876925 -741.766275 -758.950929 -772.235065 -784.838935 -773.402046 -746.970665 -735.027821 -734.023840 -740.474379 -751.741094 -765.786722 -780.916697 -795.633765 -808.738353 -819.512851 -827.774291 -833.745408 -837.855662 -840.575411 -842.316155 -843.394334 -844.034393 -844.405777 -844.732857 -845.210709 -845.029901 -846.175769 -884.326940 -2341.994456 -4483.091235 -4364.611672 -4198.632200 -4086.918285 -4072.534240 -4071.054494 -4071.047285 -4071.217218 -4071.406008 -4071.587434 -4071.755418 -4071.913861 -4072.125164 -4073.011874 -4080.192416 -4137.637040 -4246.667671 -4376.791438 -2213.543923 -870.989204 -848.378090 -846.009186 -845.377097 -845.233170 -845.210220 -845.212538 -845.218941 -845.224878 -845.229554 -845.233076 -845.235722 -845.237735 -845.239294 -845.240527 -845.241516 -845.242329 -845.243033 -845.243701 -845.244417 -845.245293 -845.246484 -845.248222 -845.250870 -845.255004 -845.261561 -845.272093 -845.289236 -845.317610 -845.365598 -845.448960 -845.598253 -845.873956 -846.396621 -847.405209 -849.368231 -853.206446 -860.826316 -876.641901 -911.045367 -9999.0 -9999.0
-9999.0 -9999.0 -811.246195 -827.261390 -833.359405 -837.632732 -840.795788 -842.900984 -844.085529 -842.435913 -824.775358 -799.683247 -774.676043 -746.876925 -741.766275 -758.950929 -772.235065 -784.838935 -773.402046 -746.970665 -735.027821 -734.023840 -740.474379 -751.741094 -765.786722 -780.916697 -795.633765 -808.738353 -819.512851 -827.774291 -833.745408 -837.855662 -840.575411 -842.316155 -843.394334 -844.034393 -844.405777 -844.732857 -845.210709 -845.029901 -846.175769 -884.326940 -2341.994456 -4483.091235 -4364.611672 -4198.632200 -4086.918285 -4072.534240 -4071.054494 -4071.047285 -4071.217218 -4071.406008 -4071.587434 -4071.755418 -4071.913861 -4072.125164 -4073.011874 -4080.192416 -4137.637040 -4246.667671 -4376.791438 -2213.543923 -870.989204 -848.378090 -846.009186 -845.377097 -845.233170 -845.210220 -845.212538 -845.218941 -845.224878 -845.229554 -845.233076 -845.235722 -845.237735 -845.239294 -845.240527 -845.241516 -845.242329 -845.243033 -845.243701 -845.244417 -845.245293 -845.246484 -845.248222 -845.250870 -845.255004 -845.261561 -845.272093 -845.289236 -845.317610 -845.365598 -845.448960 -845.598253 -845.873956 -846.396621 -847.405209 -849.368231 -853.206446 -860.826316 -876.641901 -911.045367 -9999.0 -9999.0
-9999.0 -9999.0 -811.246232 -827.261441 -833.359448 -837.632754 -840.795795 -842.900984 -844.085527 -842.435912 -824.775358 -799.683247 -774.676043 -746.876925 -741.766275 -758.950929 -772.235065 -784.838935 -773.402046 -746.970665 -735.027821 -734.023840 -740.474379 -751.741094 -765.786722 -780.916697 -795.633765 -808.738353 -819.512851 -827.774291 -833.745408 -837.855662 -840.575411 -842.316155 -843.394334 -844.034393 -844.405777 -844.732857 -845.210709 -845.029901 -846.175769 -884.326940 -2341.994457 -4483.091235 -4364.611673 -4198.632203 -4086.918285 -4072.534240 -4071.054494 -4071.047285 -4071.217218 -4071.406008 -4071.587434 -4071.755418 -4071.913861 -4072.125164 -4073.011874 -4080.192416 -4137.637040 -4246.667671 -4376.791438 -2213.543923 -870.989204 -848.378090 -846.009186 -845.377097 -845.233170 -845.210220 -845.212538 -845.218941 -845.224878 -845.229554 -845.233076 -845.235722 -845.237735 -845.239294 -845.240527 -845.241516 -845.242329 -845.243033 -845.243701 -845.244417 -845.245293 -845.246484 -845.248222 -845.250870 -845.255004 -845.261561 -845.272093 -845.289236 -845.317610 -845.365598 -845.448960 -845.598253 -845.873956 -846.396621 -847.405209 -849.368231 -853.206446 -860.826316 -876.641901 -911.045367 -9999.0 -9999.0
-9999.0 -9999.0 -811.246312 -827.261533 -833.359515 -837.632784 -840.795803 -842.900984 -844.085526 -842.435911 -824.775358 -799.683247 -774.676043 -746.876925 -741.766275 -758.950929 -772.235065 -784.838935 -773.402046 -746.970665 -735.027821 -734.023840 -740.474379 -751.741094 -765.786722 -780.916697 -795.633765 -808.738353 -819.512851 -827.774291 -833.745408 -837.855662 -840.575411 -842.316155 -843.394334 -844.034393 -844.405777 -844.732857 -845.210709 -845.029902 -846.175769 -884.326940 -2341.994457 -4483.091236 -4364.611674 -4198.632210 -4086.918285 -4072.534240 -4071.054494 -4071.047285 -4071.217218 -4071.406008 -4071.587434 -4071.755418 -4071.913861 -4072.125164 -4073.011874 -4080.192416 -4137.637040 -4246.667671 -4376.791438 -2213.543923 -870.989204 -848.378090 -846.009186 -845.377097 -845.233170 -845.210220 -845.212538 -845.218941 -845.224878 -845.229554 -845.233076 -845.235722 -845.237735 -845.239294 -845.240527 -845.241516 -845.242329 -845.243033 -845.243701 -845.244417 -845.245293 -845.246484 -845.248222 -845.250870 -845.255004 -845.261561 -845.272093 -845.289236 -845.317610 -845.365598 -845.448960 -845.598253 -845.873956 -846.396621 -847.405209 -849.368231 -853.206446 -860.826316 -876.641901 -911.045367 -9999.0 -9999.0
-9999.0 -9999.0 -9999.0 -9999.0 -9999.0 -9999.0 -9999.0 -9999.0 -9999.0 -9999.0 -9999.0 -9999.0 -9999.0 -9999.0 -9999.0 -9999.0 -9999.0 -9999.0 -9999.0 -9999.0 -9999.0 -9999.0 -9999.0 -9999.0 -9999.0 -9999.0 -9999.0 -9999.0 -9999.0 -9999.0 -9999.0 -9999.0 -9999.0 -9999.0 -9999.0 -9999.0 -9999.0 -9999.0 -9999.0 -9999.0 -9999.0 -9999.0 -9999.0 -9999.0 -9999.0 -9999.0 -9999.0 -9999.0 -9999.0 -9999.0 -9999.0 -9999.0 -9999.0 -9999.0 -9999.0 -9999.0 -9999.0 -9999.0 -9999.0 -9999.0 -9999.0 -9999.0 -9999.0 -9999.0 -9999.0 -9999.0 -9999.0 -9999.0 -9999.0 -9999.0 -9999.0 -9999.0 -9999.0 -9999.0 -9999.0 -9999.0 -9999.0 -9999.0 -9999.0 -9999.0 -9999.0 -9999.0 -9999.0 -9999.0 -9999.0 -9999.0 -9999.0 -9999.0 -9999.0 -9999.0 -9999.0 -9999.0 -9999.0 -9999.0 -9999.0 -9999.0 -9999.0 -9999.0 -9999.0 -9999.0 -9999.0 -9999.0 -9999.0 -9999.0
-9999.0 -9999.0 -9999.0 -9999.0 -9999.0 -9999.0 -9999.0 -9999.0 -9999.0 -9999.0 -9999.0 -9999.0 -9999.0 -9999.0 -9999.0 -9999.0 -9999.0 -9999.0 -9999.0 -9999.0 -9999.0 -9999.0 -9999.0 -9999.0 -9999.0 -9999.0 -9999.0 -9999.0 -9999.0 -9999.0 -9999.0 -9999.0 -9999.0 -9999.0 -9999.0 -9999.0 -9999.0 -9999.0 -9999.0 -9999.0 -9999.0 -9999.0 -9999.0 -9999.0 -9999.0 -9999.0 -9999.0 -9999.0 -9999.0 -9999.0 -9999.0 -9999.0 -9999.0 -9999.0 -9999.0 -9999.0 -9999.0 -9999.0 -9999.0 -9999.0 -9999.0 -9999.0 -9999.0 -9999.0 -9999.0 -9999.0 -9999.0 -9999.0 -9999.0 -9999.0 -9999.0 -9999.0 -9999.0 -9999.0 -9999.0 -9999.0 -9999.0 -9999.0 -9999.0 -9999.0 -9999.0 -9999.0 -9999.0 -9999.0 -9999.0 -9999.0 -9999.0 -9999.0 -9999.0 -9999.0 -9999.0 -9999.0 -9999.0 -9999.0 -9999.0 -9999.0 -9999.0 -9999.0 -9999.0 -9999.0 -9999.0 -9999.0 -9999.0 -9999.0