inst/processing_geotop_simulation/geotop_simulation/out/maps3D/PwL0005N0438.asc
ncols         104
nrows         10
xllcorner     -2.000000
yllcorner     0.000000
cellsize      1.000000
NODATA_value  -9999.0
-9999.0 -9999.0 -9999.0 -9999.0 -9999.0 -9999.0 -9999.0 -9999.0 -9999.0 -9999.0 -9999.0 -9999.0 -9999.0 -9999.0 -9999.0 -9999.0 -9999.0 -9999.0 -9999.0 -9999.0 -9999.0 -9999.0 -9999.0 -9999.0 -9999.0 -9999.0 -9999.0 -9999.0 -9999.0 -9999.0 -9999.0 -9999.0 -9999.0 -9999.0 -9999.0 -9999.0 -9999.0 -9999.0 -9999.0 -9999.0 -9999.0 -9999.0 -9999.0 -9999.0 -9999.0 -9999.0 -9999.0 -9999.0 -9999.0 -9999.0 -9999.0 -9999.0 -9999.0 -9999.0 -9999.0 -9999.0 -9999.0 -9999.0 -9999.0 -9999.0 -9999.0 -9999.0 -9999.0 -9999.0 -9999.0 -9999.0 -9999.0 -9999.0 -9999.0 -9999.0 -9999.0 -9999.0 -9999.0 -9999.0 -9999.0 -9999.0 -9999.0 -9999.0 -9999.0 -9999.0 -9999.0 -9999.0 -9999.0 -9999.0 -9999.0 -9999.0 -9999.0 -9999.0 -9999.0 -9999.0 -9999.0 -9999.0 -9999.0 -9999.0 -9999.0 -9999.0 -9999.0 -9999.0 -9999.0 -9999.0 -9999.0 -9999.0 -9999.0 -9999.0
-9999.0 -9999.0 -9999.0 -9999.0 -9999.0 -9999.0 -9999.0 -9999.0 -9999.0 -9999.0 -9999.0 -9999.0 -9999.0 -9999.0 -9999.0 -9999.0 -9999.0 -9999.0 -9999.0 -9999.0 -9999.0 -9999.0 -9999.0 -9999.0 -9999.0 -9999.0 -9999.0 -9999.0 -9999.0 -9999.0 -9999.0 -9999.0 -9999.0 -9999.0 -9999.0 -9999.0 -9999.0 -9999.0 -9999.0 -9999.0 -9999.0 -9999.0 -9999.0 -9999.0 -9999.0 -9999.0 -9999.0 -9999.0 -9999.0 -9999.0 -9999.0 -9999.0 -9999.0 -9999.0 -9999.0 -9999.0 -9999.0 -9999.0 -9999.0 -9999.0 -9999.0 -9999.0 -9999.0 -9999.0 -9999.0 -9999.0 -9999.0 -9999.0 -9999.0 -9999.0 -9999.0 -9999.0 -9999.0 -9999.0 -9999.0 -9999.0 -9999.0 -9999.0 -9999.0 -9999.0 -9999.0 -9999.0 -9999.0 -9999.0 -9999.0 -9999.0 -9999.0 -9999.0 -9999.0 -9999.0 -9999.0 -9999.0 -9999.0 -9999.0 -9999.0 -9999.0 -9999.0 -9999.0 -9999.0 -9999.0 -9999.0 -9999.0 -9999.0 -9999.0
-9999.0 -9999.0 224.400931 126.166148 27.145900 -72.115719 -171.470983 -270.863178 -370.263662 -469.652842 -569.008476 -668.281449 -767.447549 -866.538323 -965.566387 -1064.594896 -1163.470927 -1261.919757 -1359.735279 -1456.364443 -1550.691434 -1640.675696 -1723.412474 -1796.021664 -1856.726776 -1905.288795 -1942.727010 -1970.746973 -1991.234129 -2005.940769 -2016.345602 -2023.622645 -2028.665960 -2032.136336 -2034.511960 -2036.136316 -2037.268058 -2038.167071 -2039.320268 -2041.691048 -2042.048818 -1978.739632 -1227.382583 -1240.328978 -1226.828638 -1217.753746 -1213.495733 -1212.831773 -1212.759257 -1212.765021 -1212.781968 -1212.800285 -1212.817902 -1212.834225 -1212.849449 -1212.867806 -1212.928318 -1213.329021 -1215.606526 -1220.620414 -1226.690536 -1204.170870 -1951.533524 -2035.979266 -2040.369364 -2039.867957 -2039.654121 -2039.608159 -2039.600345 -2039.599500 -2039.599782 -2039.600173 -2039.600506 -2039.600771 -2039.600980 -2039.601148 -2039.601285 -2039.601401 -2039.601503 -2039.601597 -2039.601691 -2039.601796 -2039.601923 -2039.602093 -2039.602335 -2039.602695 -2039.603251 -2039.604131 -2039.605556 -2039.607924 -2039.611964 -2039.619070 -2039.631964 -2039.656098 -2039.702662 -2039.795480 -2039.988136 -2040.410271 -2041.403036 -2043.959040 -2051.350212 -2075.933742 -9999.0 -9999.0
-9999.0 -9999.0 224.408970 126.167893 27.146349 -72.115587 -171.470941 -270.863163 -370.263657 -469.652839 -569.008475 -668.281449 -767.447548 -866.538322 -965.566387 -1064.594896 -1163.470927 -1261.919757 -1359.735279 -1456.364443 -1550.691434 -1640.675696 -1723.412474 -1796.021664 -1856.726776 -1905.288795 -1942.727010 -1970.746973 -1991.234129 -2005.940770 -2016.345602 -2023.622645 -2028.665960 -2032.136336 -2034.511960 -2036.136316 -2037.268058 -2038.167071 -2039.320268 -2041.691048 -2042.048818 -1978.739632 -1227.382583 -1240.328978 -1226.828638 -1217.753746 -1213.495733 -1212.831773 -1212.759257 -1212.765021 -1212.781968 -1212.800285 -1212.817902 -1212.834225 -1212.849449 -1212.867806 -1212.928318 -1213.329021 -1215.606526 -1220.620414 -1226.690536 -1204.170870 -1951.533524 -2035.979266 -2040.369364 -2039.867957 -2039.654121 -2039.608159 -2039.600345 -2039.599500 -2039.599782 -2039.600173 -2039.600506 -2039.600771 -2039.600980 -2039.601148 -2039.601285 -2039.601401 -2039.601502 -2039.601597 -2039.601691 -2039.601796 -2039.601923 -2039.602093 -2039.602335 -2039.602695 -2039.603251 -2039.604131 -2039.605556 -2039.607924 -2039.611964 -2039.619070 -2039.631964 -2039.656098 -2039.702662 -2039.795480 -2039.988136 -2040.410271 -2041.403036 -2043.959040 -2051.350211 -2075.933742 -9999.0 -9999.0
-9999.0 -9999.0 224.410233 126.168613 27.146635 -72.115484 -171.470904 -270.863150 -370.263652 -469.652837 -569.008474 -668.281448 -767.447548 -866.538322 -965.566387 -1064.594896 -1163.470927 -1261.919757 -1359.735279 -1456.364443 -1550.691435 -1640.675696 -1723.412474 -1796.021664 -1856.726776 -1905.288795 -1942.727010 -1970.746973 -1991.234129 -2005.940770 -2016.345602 -2023.622645 -2028.665960 -2032.136336 -2034.511960 -2036.136316 -2037.268058 -2038.167071 -2039.320268 -2041.691048 -2042.048818 -1978.739632 -1227.382583 -1240.328978 -1226.828638 -1217.753746 -1213.495733 -1212.831773 -1212.759257 -1212.765021 -1212.781968 -1212.800285 -1212.817902 -1212.834225 -1212.849449 -1212.867806 -1212.928318 -1213.329021 -1215.606526 -1220.620414 -1226.690536 -1204.170870 -1951.533524 -2035.979266 -2040.369364 -2039.867957 -2039.654121 -2039.608159 -2039.600345 -2039.599500 -2039.599782 -2039.600173 -2039.600506 -2039.600771 -2039.600980 -2039.601148 -2039.601285 -2039.601401 -2039.601502 -2039.601597 -2039.601691 -2039.601796 -2039.601923 -2039.602093 -2039.602335 -2039.602695 -2039.603251 -2039.604131 -2039.605556 -2039.607924 -2039.611964 -2039.619070 -2039.631964 -2039.656098 -2039.702662 -2039.795480 -2039.988136 -2040.410271 -2041.403036 -2043.959040 -2051.350211 -2075.933742 -9999.0 -9999.0
-9999.0 -9999.0 224.410233 126.168613 27.146635 -72.115484 -171.470904 -270.863150 -370.263652 -469.652837 -569.008474 -668.281448 -767.447548 -866.538322 -965.566387 -1064.594896 -1163.470927 -1261.919757 -1359.735279 -1456.364443 -1550.691435 -1640.675696 -1723.412474 -1796.021664 -1856.726776 -1905.288795 -1942.727010 -1970.746973 -1991.234129 -2005.940770 -2016.345602 -2023.622645 -2028.665960 -2032.136336 -2034.511960 -2036.136316 -2037.268058 -2038.167071 -2039.320268 -2041.691048 -2042.048818 -1978.739632 -1227.382583 -1240.328978 -1226.828638 -1217.753746 -1213.495733 -1212.831773 -1212.759257 -1212.765021 -1212.781968 -1212.800285 -1212.817902 -1212.834225 -1212.849449 -1212.867806 -1212.928318 -1213.329021 -1215.606526 -1220.620414 -1226.690536 -1204.170870 -1951.533524 -2035.979266 -2040.369364 -2039.867957 -2039.654121 -2039.608159 -2039.600345 -2039.599500 -2039.599782 -2039.600173 -2039.600506 -2039.600771 -2039.600980 -2039.601148 -2039.601285 -2039.601401 -2039.601502 -2039.601597 -2039.601691 -2039.601796 -2039.601923 -2039.602093 -2039.602335 -2039.602695 -2039.603251 -2039.604131 -2039.605556 -2039.607924 -2039.611964 -2039.619070 -2039.631964 -2039.656098 -2039.702662 -2039.795480 -2039.988136 -2040.410271 -2041.403036 -2043.959040 -2051.350211 -2075.933742 -9999.0 -9999.0
-9999.0 -9999.0 224.408970 126.167893 27.146349 -72.115587 -171.470941 -270.863163 -370.263657 -469.652839 -569.008475 -668.281449 -767.447548 -866.538322 -965.566387 -1064.594896 -1163.470927 -1261.919757 -1359.735279 -1456.364443 -1550.691434 -1640.675696 -1723.412474 -1796.021664 -1856.726776 -1905.288795 -1942.727010 -1970.746973 -1991.234129 -2005.940770 -2016.345602 -2023.622645 -2028.665960 -2032.136336 -2034.511960 -2036.136316 -2037.268058 -2038.167071 -2039.320268 -2041.691048 -2042.048818 -1978.739632 -1227.382583 -1240.328978 -1226.828638 -1217.753746 -1213.495733 -1212.831773 -1212.759257 -1212.765021 -1212.781968 -1212.800285 -1212.817902 -1212.834225 -1212.849449 -1212.867806 -1212.928318 -1213.329021 -1215.606526 -1220.620414 -1226.690536 -1204.170870 -1951.533524 -2035.979266 -2040.369364 -2039.867957 -2039.654121 -2039.608159 -2039.600345 -2039.599500 -2039.599782 -2039.600173 -2039.600506 -2039.600771 -2039.600980 -2039.601148 -2039.601285 -2039.601401 -2039.601502 -2039.601597 -2039.601691 -2039.601796 -2039.601923 -2039.602093 -2039.602335 -2039.602695 -2039.603251 -2039.604131 -2039.605556 -2039.607924 -2039.611964 -2039.619070 -2039.631964 -2039.656098 -2039.702662 -2039.795480 -2039.988136 -2040.410271 -2041.403036 -2043.959040 -2051.350211 -2075.933742 -9999.0 -9999.0
-9999.0 -9999.0 224.400931 126.166148 27.145900 -72.115719 -171.470983 -270.863178 -370.263662 -469.652842 -569.008476 -668.281449 -767.447549 -866.538323 -965.566387 -1064.594896 -1163.470927 -1261.919757 -1359.735279 -1456.364443 -1550.691434 -1640.675696 -1723.412474 -1796.021664 -1856.726776 -1905.288795 -1942.727010 -1970.746973 -1991.234129 -2005.940769 -2016.345602 -2023.622645 -2028.665960 -2032.136336 -2034.511960 -2036.136316 -2037.268058 -2038.167071 -2039.320268 -2041.691048 -2042.048818 -1978.739632 -1227.382583 -1240.328978 -1226.828638 -1217.753746 -1213.495733 -1212.831773 -1212.759257 -1212.765021 -1212.781968 -1212.800285 -1212.817902 -1212.834225 -1212.849449 -1212.867806 -1212.928318 -1213.329021 -1215.606526 -1220.620414 -1226.690536 -1204.170870 -1951.533524 -2035.979266 -2040.369364 -2039.867957 -2039.654121 -2039.608159 -2039.600345 -2039.599500 -2039.599782 -2039.600173 -2039.600506 -2039.600771 -2039.600980 -2039.601148 -2039.601285 -2039.601401 -2039.601503 -2039.601597 -2039.601691 -2039.601796 -2039.601923 -2039.602093 -2039.602335 -2039.602695 -2039.603251 -2039.604131 -2039.605556 -2039.607924 -2039.611964 -2039.619070 -2039.631964 -2039.656098 -2039.702662 -2039.795480 -2039.988136 -2040.410271 -2041.403036 -2043.959040 -2051.350212 -2075.933742 -9999.0 -9999.0
-9999.0 -9999.0 -9999.0 -9999.0 -9999.0 -9999.0 -9999.0 -9999.0 -9999.0 -9999.0 -9999.0 -9999.0 -9999.0 -9999.0 -9999.0 -9999.0 -9999.0 -9999.0 -9999.0 -9999.0 -9999.0 -9999.0 -9999.0 -9999.0 -9999.0 -9999.0 -9999.0 -9999.0 -9999.0 -9999.0 -9999.0 -9999.0 -9999.0 -9999.0 -9999.0 -9999.0 -9999.0 -9999.0 -9999.0 -9999.0 -9999.0 -9999.0 -9999.0 -9999.0 -9999.0 -9999.0 -9999.0 -9999.0 -9999.0 -9999.0 -9999.0 -9999.0 -9999.0 -9999.0 -9999.0 -9999.0 -9999.0 -9999.0 -9999.0 -9999.0 -9999.0 -9999.0 -9999.0 -9999.0 -9999.0 -9999.0 -9999.0 -9999.0 -9999.0 -9999.0 -9999.0 -9999.0 -9999.0 -9999.0 -9999.0 -9999.0 -9999.0 -9999.0 -9999.0 -9999.0 -9999.0 -9999.0 -9999.0 -9999.0 -9999.0 -9999.0 -9999.0 -9999.0 -9999.0 -9999.0 -9999.0 -9999.0 -9999.0 -9999.0 -9999.0 -9999.0 -9999.0 -9999.0 -9999.0 -9999.0 -9999.0 -9999.0 -9999.0 -9999.0
-9999.0 -9999.0 -9999.0 -9999.0 -9999.0 -9999.0 -9999.0 -9999.0 -9999.0 -9999.0 -9999.0 -9999.0 -9999.0 -9999.0 -9999.0 -9999.0 -9999.0 -9999.0 -9999.0 -9999.0 -9999.0 -9999.0 -9999.0 -9999.0 -9999.0 -9999.0 -9999.0 -9999.0 -9999.0 -9999.0 -9999.0 -9999.0 -9999.0 -9999.0 -9999.0 -9999.0 -9999.0 -9999.0 -9999.0 -9999.0 -9999.0 -9999.0 -9999.0 -9999.0 -9999.0 -9999.0 -9999.0 -9999.0 -9999.0 -9999.0 -9999.0 -9999.0 -9999.0 -9999.0 -9999.0 -9999.0 -9999.0 -9999.0 -9999.0 -9999.0 -9999.0 -9999.0 -9999.0 -9999.0 -9999.0 -9999.0 -9999.0 -9999.0 -9999.0 -9999.0 -9999.0 -9999.0 -9999.0 -9999.0 -9999.0 -9999.0 -9999.0 -9999.0 -9999.0 -9999.0 -9999.0 -9999.0 -9999.0 -9999.0 -9999.0 -9999.0 -9999.0 -9999.0 -9999.0 -9999.0 -9999.0 -9999.0 -9999.0 -9999.0 -9999.0 -9999.0 -9999.0 -9999.0 -9999.0 -9999.0 -9999.0 -9999.0 -9999.0 -9999.0