inst/processing_geotop_simulation/geotop_simulation/out/maps3D/PwL0012N0461.asc
ncols         104
nrows         10
xllcorner     -2.000000
yllcorner     0.000000
cellsize      1.000000
NODATA_value  -9999.0
-9999.0 -9999.0 -9999.0 -9999.0 -9999.0 -9999.0 -9999.0 -9999.0 -9999.0 -9999.0 -9999.0 -9999.0 -9999.0 -9999.0 -9999.0 -9999.0 -9999.0 -9999.0 -9999.0 -9999.0 -9999.0 -9999.0 -9999.0 -9999.0 -9999.0 -9999.0 -9999.0 -9999.0 -9999.0 -9999.0 -9999.0 -9999.0 -9999.0 -9999.0 -9999.0 -9999.0 -9999.0 -9999.0 -9999.0 -9999.0 -9999.0 -9999.0 -9999.0 -9999.0 -9999.0 -9999.0 -9999.0 -9999.0 -9999.0 -9999.0 -9999.0 -9999.0 -9999.0 -9999.0 -9999.0 -9999.0 -9999.0 -9999.0 -9999.0 -9999.0 -9999.0 -9999.0 -9999.0 -9999.0 -9999.0 -9999.0 -9999.0 -9999.0 -9999.0 -9999.0 -9999.0 -9999.0 -9999.0 -9999.0 -9999.0 -9999.0 -9999.0 -9999.0 -9999.0 -9999.0 -9999.0 -9999.0 -9999.0 -9999.0 -9999.0 -9999.0 -9999.0 -9999.0 -9999.0 -9999.0 -9999.0 -9999.0 -9999.0 -9999.0 -9999.0 -9999.0 -9999.0 -9999.0 -9999.0 -9999.0 -9999.0 -9999.0 -9999.0 -9999.0
-9999.0 -9999.0 -9999.0 -9999.0 -9999.0 -9999.0 -9999.0 -9999.0 -9999.0 -9999.0 -9999.0 -9999.0 -9999.0 -9999.0 -9999.0 -9999.0 -9999.0 -9999.0 -9999.0 -9999.0 -9999.0 -9999.0 -9999.0 -9999.0 -9999.0 -9999.0 -9999.0 -9999.0 -9999.0 -9999.0 -9999.0 -9999.0 -9999.0 -9999.0 -9999.0 -9999.0 -9999.0 -9999.0 -9999.0 -9999.0 -9999.0 -9999.0 -9999.0 -9999.0 -9999.0 -9999.0 -9999.0 -9999.0 -9999.0 -9999.0 -9999.0 -9999.0 -9999.0 -9999.0 -9999.0 -9999.0 -9999.0 -9999.0 -9999.0 -9999.0 -9999.0 -9999.0 -9999.0 -9999.0 -9999.0 -9999.0 -9999.0 -9999.0 -9999.0 -9999.0 -9999.0 -9999.0 -9999.0 -9999.0 -9999.0 -9999.0 -9999.0 -9999.0 -9999.0 -9999.0 -9999.0 -9999.0 -9999.0 -9999.0 -9999.0 -9999.0 -9999.0 -9999.0 -9999.0 -9999.0 -9999.0 -9999.0 -9999.0 -9999.0 -9999.0 -9999.0 -9999.0 -9999.0 -9999.0 -9999.0 -9999.0 -9999.0 -9999.0 -9999.0
-9999.0 -9999.0 571.419521 472.549207 373.375905 274.034748 174.619386 75.172900 -24.282196 -123.734480 -223.179216 -322.607955 -422.005599 -521.343270 -620.577303 -719.655654 -818.793850 -917.847265 -1016.795950 -1115.606164 -1213.180517 -1308.920505 -1401.140937 -1487.541243 -1565.726979 -1633.828815 -1690.910416 -1737.050484 -1773.152119 -1800.618536 -1821.032273 -1835.918112 -1846.608679 -1854.194198 -1859.526553 -1863.253146 -1865.871970 -1867.836304 -1869.808991 -1872.993271 -1876.385272 -1852.856749 -1457.440275 -1860.734860 -1775.529614 -1719.058269 -1693.786950 -1690.300633 -1689.938896 -1689.972183 -1690.061396 -1690.157329 -1690.249494 -1690.334826 -1690.414011 -1690.506072 -1690.794321 -1692.795548 -1705.840546 -1735.682718 -1762.748836 -1366.844033 -1814.273255 -1869.012608 -1872.386339 -1871.844467 -1871.608458 -1871.554736 -1871.545110 -1871.543918 -1871.544145 -1871.544539 -1871.544894 -1871.545188 -1871.545433 -1871.545640 -1871.545821 -1871.545984 -1871.546134 -1871.546280 -1871.546429 -1871.546589 -1871.546773 -1871.547001 -1871.547299 -1871.547714 -1871.548317 -1871.549235 -1871.550679 -1871.553034 -1871.557011 -1871.563968 -1871.576573 -1871.600212 -1871.646061 -1871.738333 -1871.932653 -1872.366254 -1873.405185 -1876.118331 -1883.978315 -1909.617531 -9999.0 -9999.0
-9999.0 -9999.0 571.424165 472.550603 373.376308 274.034872 174.619426 75.172914 -24.282191 -123.734478 -223.179215 -322.607954 -422.005599 -521.343270 -620.577303 -719.655654 -818.793850 -917.847266 -1016.795950 -1115.606164 -1213.180517 -1308.920506 -1401.140937 -1487.541243 -1565.726979 -1633.828815 -1690.910416 -1737.050484 -1773.152119 -1800.618536 -1821.032273 -1835.918112 -1846.608679 -1854.194198 -1859.526553 -1863.253146 -1865.871970 -1867.836304 -1869.808991 -1872.993271 -1876.385272 -1852.856749 -1457.440275 -1860.734859 -1775.529614 -1719.058267 -1693.786950 -1690.300633 -1689.938896 -1689.972183 -1690.061396 -1690.157329 -1690.249494 -1690.334826 -1690.414011 -1690.506072 -1690.794321 -1692.795548 -1705.840546 -1735.682718 -1762.748836 -1366.844034 -1814.273255 -1869.012608 -1872.386339 -1871.844467 -1871.608458 -1871.554736 -1871.545110 -1871.543918 -1871.544145 -1871.544539 -1871.544894 -1871.545188 -1871.545433 -1871.545640 -1871.545821 -1871.545984 -1871.546134 -1871.546280 -1871.546429 -1871.546589 -1871.546773 -1871.547001 -1871.547299 -1871.547713 -1871.548317 -1871.549234 -1871.550679 -1871.553034 -1871.557011 -1871.563967 -1871.576573 -1871.600212 -1871.646061 -1871.738333 -1871.932653 -1872.366254 -1873.405185 -1876.118331 -1883.978315 -1909.617531 -9999.0 -9999.0
-9999.0 -9999.0 571.425412 472.551254 373.376571 274.034969 174.619462 75.172927 -24.282186 -123.734476 -223.179214 -322.607954 -422.005599 -521.343270 -620.577303 -719.655654 -818.793850 -917.847266 -1016.795951 -1115.606164 -1213.180517 -1308.920506 -1401.140937 -1487.541243 -1565.726979 -1633.828815 -1690.910416 -1737.050484 -1773.152120 -1800.618536 -1821.032273 -1835.918112 -1846.608679 -1854.194198 -1859.526553 -1863.253146 -1865.871970 -1867.836304 -1869.808991 -1872.993271 -1876.385272 -1852.856749 -1457.440275 -1860.734859 -1775.529613 -1719.058267 -1693.786950 -1690.300633 -1689.938896 -1689.972183 -1690.061396 -1690.157329 -1690.249494 -1690.334826 -1690.414011 -1690.506072 -1690.794321 -1692.795548 -1705.840546 -1735.682718 -1762.748836 -1366.844034 -1814.273255 -1869.012608 -1872.386339 -1871.844467 -1871.608458 -1871.554736 -1871.545110 -1871.543918 -1871.544145 -1871.544539 -1871.544894 -1871.545188 -1871.545433 -1871.545640 -1871.545821 -1871.545984 -1871.546134 -1871.546280 -1871.546429 -1871.546589 -1871.546773 -1871.547001 -1871.547299 -1871.547713 -1871.548317 -1871.549234 -1871.550679 -1871.553034 -1871.557011 -1871.563967 -1871.576573 -1871.600212 -1871.646061 -1871.738333 -1871.932653 -1872.366254 -1873.405185 -1876.118331 -1883.978315 -1909.617531 -9999.0 -9999.0
-9999.0 -9999.0 571.425412 472.551254 373.376571 274.034970 174.619462 75.172927 -24.282186 -123.734476 -223.179214 -322.607954 -422.005599 -521.343270 -620.577303 -719.655654 -818.793850 -917.847266 -1016.795951 -1115.606164 -1213.180517 -1308.920506 -1401.140937 -1487.541243 -1565.726979 -1633.828815 -1690.910416 -1737.050484 -1773.152120 -1800.618536 -1821.032273 -1835.918112 -1846.608679 -1854.194198 -1859.526553 -1863.253146 -1865.871970 -1867.836304 -1869.808991 -1872.993271 -1876.385272 -1852.856749 -1457.440275 -1860.734859 -1775.529613 -1719.058267 -1693.786950 -1690.300633 -1689.938896 -1689.972183 -1690.061396 -1690.157329 -1690.249494 -1690.334826 -1690.414011 -1690.506072 -1690.794321 -1692.795548 -1705.840546 -1735.682718 -1762.748836 -1366.844034 -1814.273255 -1869.012608 -1872.386339 -1871.844467 -1871.608458 -1871.554736 -1871.545110 -1871.543918 -1871.544145 -1871.544539 -1871.544894 -1871.545188 -1871.545433 -1871.545640 -1871.545821 -1871.545984 -1871.546134 -1871.546280 -1871.546429 -1871.546589 -1871.546773 -1871.547001 -1871.547299 -1871.547713 -1871.548317 -1871.549234 -1871.550679 -1871.553034 -1871.557011 -1871.563967 -1871.576573 -1871.600212 -1871.646061 -1871.738333 -1871.932653 -1872.366254 -1873.405185 -1876.118331 -1883.978315 -1909.617531 -9999.0 -9999.0
-9999.0 -9999.0 571.424165 472.550602 373.376308 274.034872 174.619426 75.172914 -24.282191 -123.734478 -223.179215 -322.607954 -422.005599 -521.343270 -620.577303 -719.655654 -818.793850 -917.847265 -1016.795950 -1115.606164 -1213.180517 -1308.920506 -1401.140937 -1487.541243 -1565.726979 -1633.828815 -1690.910416 -1737.050484 -1773.152119 -1800.618536 -1821.032273 -1835.918112 -1846.608679 -1854.194198 -1859.526553 -1863.253146 -1865.871970 -1867.836304 -1869.808991 -1872.993271 -1876.385272 -1852.856749 -1457.440275 -1860.734859 -1775.529614 -1719.058267 -1693.786950 -1690.300633 -1689.938896 -1689.972183 -1690.061396 -1690.157329 -1690.249494 -1690.334826 -1690.414011 -1690.506072 -1690.794321 -1692.795548 -1705.840546 -1735.682718 -1762.748836 -1366.844034 -1814.273255 -1869.012608 -1872.386339 -1871.844467 -1871.608458 -1871.554736 -1871.545110 -1871.543918 -1871.544145 -1871.544539 -1871.544894 -1871.545188 -1871.545433 -1871.545640 -1871.545821 -1871.545984 -1871.546134 -1871.546280 -1871.546429 -1871.546589 -1871.546773 -1871.547001 -1871.547299 -1871.547713 -1871.548317 -1871.549234 -1871.550679 -1871.553034 -1871.557011 -1871.563967 -1871.576573 -1871.600212 -1871.646061 -1871.738333 -1871.932653 -1872.366254 -1873.405185 -1876.118331 -1883.978315 -1909.617531 -9999.0 -9999.0
-9999.0 -9999.0 571.419521 472.549207 373.375905 274.034748 174.619386 75.172900 -24.282196 -123.734480 -223.179216 -322.607955 -422.005599 -521.343270 -620.577303 -719.655654 -818.793850 -917.847265 -1016.795950 -1115.606164 -1213.180517 -1308.920505 -1401.140937 -1487.541243 -1565.726979 -1633.828815 -1690.910416 -1737.050484 -1773.152119 -1800.618536 -1821.032273 -1835.918112 -1846.608679 -1854.194198 -1859.526553 -1863.253146 -1865.871970 -1867.836304 -1869.808991 -1872.993271 -1876.385272 -1852.856749 -1457.440275 -1860.734860 -1775.529614 -1719.058269 -1693.786950 -1690.300633 -1689.938896 -1689.972183 -1690.061396 -1690.157329 -1690.249494 -1690.334826 -1690.414011 -1690.506072 -1690.794321 -1692.795548 -1705.840546 -1735.682718 -1762.748836 -1366.844034 -1814.273255 -1869.012608 -1872.386339 -1871.844467 -1871.608458 -1871.554736 -1871.545110 -1871.543918 -1871.544145 -1871.544539 -1871.544894 -1871.545188 -1871.545433 -1871.545640 -1871.545821 -1871.545984 -1871.546134 -1871.546280 -1871.546429 -1871.546589 -1871.546773 -1871.547001 -1871.547299 -1871.547714 -1871.548317 -1871.549235 -1871.550679 -1871.553034 -1871.557011 -1871.563968 -1871.576573 -1871.600212 -1871.646061 -1871.738333 -1871.932653 -1872.366254 -1873.405185 -1876.118331 -1883.978315 -1909.617531 -9999.0 -9999.0
-9999.0 -9999.0 -9999.0 -9999.0 -9999.0 -9999.0 -9999.0 -9999.0 -9999.0 -9999.0 -9999.0 -9999.0 -9999.0 -9999.0 -9999.0 -9999.0 -9999.0 -9999.0 -9999.0 -9999.0 -9999.0 -9999.0 -9999.0 -9999.0 -9999.0 -9999.0 -9999.0 -9999.0 -9999.0 -9999.0 -9999.0 -9999.0 -9999.0 -9999.0 -9999.0 -9999.0 -9999.0 -9999.0 -9999.0 -9999.0 -9999.0 -9999.0 -9999.0 -9999.0 -9999.0 -9999.0 -9999.0 -9999.0 -9999.0 -9999.0 -9999.0 -9999.0 -9999.0 -9999.0 -9999.0 -9999.0 -9999.0 -9999.0 -9999.0 -9999.0 -9999.0 -9999.0 -9999.0 -9999.0 -9999.0 -9999.0 -9999.0 -9999.0 -9999.0 -9999.0 -9999.0 -9999.0 -9999.0 -9999.0 -9999.0 -9999.0 -9999.0 -9999.0 -9999.0 -9999.0 -9999.0 -9999.0 -9999.0 -9999.0 -9999.0 -9999.0 -9999.0 -9999.0 -9999.0 -9999.0 -9999.0 -9999.0 -9999.0 -9999.0 -9999.0 -9999.0 -9999.0 -9999.0 -9999.0 -9999.0 -9999.0 -9999.0 -9999.0 -9999.0
-9999.0 -9999.0 -9999.0 -9999.0 -9999.0 -9999.0 -9999.0 -9999.0 -9999.0 -9999.0 -9999.0 -9999.0 -9999.0 -9999.0 -9999.0 -9999.0 -9999.0 -9999.0 -9999.0 -9999.0 -9999.0 -9999.0 -9999.0 -9999.0 -9999.0 -9999.0 -9999.0 -9999.0 -9999.0 -9999.0 -9999.0 -9999.0 -9999.0 -9999.0 -9999.0 -9999.0 -9999.0 -9999.0 -9999.0 -9999.0 -9999.0 -9999.0 -9999.0 -9999.0 -9999.0 -9999.0 -9999.0 -9999.0 -9999.0 -9999.0 -9999.0 -9999.0 -9999.0 -9999.0 -9999.0 -9999.0 -9999.0 -9999.0 -9999.0 -9999.0 -9999.0 -9999.0 -9999.0 -9999.0 -9999.0 -9999.0 -9999.0 -9999.0 -9999.0 -9999.0 -9999.0 -9999.0 -9999.0 -9999.0 -9999.0 -9999.0 -9999.0 -9999.0 -9999.0 -9999.0 -9999.0 -9999.0 -9999.0 -9999.0 -9999.0 -9999.0 -9999.0 -9999.0 -9999.0 -9999.0 -9999.0 -9999.0 -9999.0 -9999.0 -9999.0 -9999.0 -9999.0 -9999.0 -9999.0 -9999.0 -9999.0 -9999.0 -9999.0 -9999.0