inst/processing_geotop_simulation/geotop_simulation/out/maps3D/PwL0007N0223.asc
ncols         104
nrows         10
xllcorner     -2.000000
yllcorner     0.000000
cellsize      1.000000
NODATA_value  -9999.0
-9999.0 -9999.0 -9999.0 -9999.0 -9999.0 -9999.0 -9999.0 -9999.0 -9999.0 -9999.0 -9999.0 -9999.0 -9999.0 -9999.0 -9999.0 -9999.0 -9999.0 -9999.0 -9999.0 -9999.0 -9999.0 -9999.0 -9999.0 -9999.0 -9999.0 -9999.0 -9999.0 -9999.0 -9999.0 -9999.0 -9999.0 -9999.0 -9999.0 -9999.0 -9999.0 -9999.0 -9999.0 -9999.0 -9999.0 -9999.0 -9999.0 -9999.0 -9999.0 -9999.0 -9999.0 -9999.0 -9999.0 -9999.0 -9999.0 -9999.0 -9999.0 -9999.0 -9999.0 -9999.0 -9999.0 -9999.0 -9999.0 -9999.0 -9999.0 -9999.0 -9999.0 -9999.0 -9999.0 -9999.0 -9999.0 -9999.0 -9999.0 -9999.0 -9999.0 -9999.0 -9999.0 -9999.0 -9999.0 -9999.0 -9999.0 -9999.0 -9999.0 -9999.0 -9999.0 -9999.0 -9999.0 -9999.0 -9999.0 -9999.0 -9999.0 -9999.0 -9999.0 -9999.0 -9999.0 -9999.0 -9999.0 -9999.0 -9999.0 -9999.0 -9999.0 -9999.0 -9999.0 -9999.0 -9999.0 -9999.0 -9999.0 -9999.0 -9999.0 -9999.0
-9999.0 -9999.0 -9999.0 -9999.0 -9999.0 -9999.0 -9999.0 -9999.0 -9999.0 -9999.0 -9999.0 -9999.0 -9999.0 -9999.0 -9999.0 -9999.0 -9999.0 -9999.0 -9999.0 -9999.0 -9999.0 -9999.0 -9999.0 -9999.0 -9999.0 -9999.0 -9999.0 -9999.0 -9999.0 -9999.0 -9999.0 -9999.0 -9999.0 -9999.0 -9999.0 -9999.0 -9999.0 -9999.0 -9999.0 -9999.0 -9999.0 -9999.0 -9999.0 -9999.0 -9999.0 -9999.0 -9999.0 -9999.0 -9999.0 -9999.0 -9999.0 -9999.0 -9999.0 -9999.0 -9999.0 -9999.0 -9999.0 -9999.0 -9999.0 -9999.0 -9999.0 -9999.0 -9999.0 -9999.0 -9999.0 -9999.0 -9999.0 -9999.0 -9999.0 -9999.0 -9999.0 -9999.0 -9999.0 -9999.0 -9999.0 -9999.0 -9999.0 -9999.0 -9999.0 -9999.0 -9999.0 -9999.0 -9999.0 -9999.0 -9999.0 -9999.0 -9999.0 -9999.0 -9999.0 -9999.0 -9999.0 -9999.0 -9999.0 -9999.0 -9999.0 -9999.0 -9999.0 -9999.0 -9999.0 -9999.0 -9999.0 -9999.0 -9999.0 -9999.0
-9999.0 -9999.0 327.994771 233.356269 136.614292 39.099136 -58.716666 -156.655301 -254.624489 -352.551042 -450.350107 -547.831050 -644.589184 -740.534474 -836.416646 -932.197068 -1027.730425 -1121.939357 -1213.197654 -1300.789756 -1380.790667 -1449.113831 -1503.747572 -1545.127037 -1575.237577 -1596.558678 -1611.386922 -1621.568931 -1628.486468 -1633.139055 -1636.238544 -1638.285721 -1639.628219 -1640.503802 -1641.072977 -1641.444743 -1641.700412 -1641.935377 -1642.443161 -1644.593064 -1652.947914 -1659.885149 -1151.338096 -1200.202578 -1174.342097 -1158.129718 -1150.624685 -1149.583464 -1149.476373 -1149.488333 -1149.517488 -1149.548725 -1149.578723 -1149.606489 -1149.632187 -1149.661442 -1149.748922 -1150.350929 -1154.263672 -1163.107115 -1176.070242 -1111.452588 -1633.160824 -1647.089834 -1643.398712 -1642.416855 -1642.247773 -1642.221490 -1642.218008 -1642.218258 -1642.219026 -1642.219728 -1642.220282 -1642.220705 -1642.221029 -1642.221280 -1642.221480 -1642.221641 -1642.221776 -1642.221896 -1642.222014 -1642.222145 -1642.222310 -1642.222540 -1642.222879 -1642.223402 -1642.224224 -1642.225540 -1642.227682 -1642.231230 -1642.237235 -1642.247673 -1642.266357 -1642.300810 -1642.366109 -1642.493009 -1642.746326 -1643.271091 -1644.419482 -1647.128462 -1654.242658 -1676.695214 -9999.0 -9999.0
-9999.0 -9999.0 328.002962 233.358255 136.614819 39.099292 -58.716616 -156.655284 -254.624483 -352.551040 -450.350106 -547.831049 -644.589184 -740.534474 -836.416646 -932.197068 -1027.730425 -1121.939357 -1213.197654 -1300.789756 -1380.790667 -1449.113831 -1503.747572 -1545.127037 -1575.237577 -1596.558678 -1611.386922 -1621.568931 -1628.486468 -1633.139055 -1636.238544 -1638.285721 -1639.628219 -1640.503802 -1641.072977 -1641.444743 -1641.700412 -1641.935377 -1642.443161 -1644.593064 -1652.947914 -1659.885149 -1151.338096 -1200.202578 -1174.342097 -1158.129718 -1150.624685 -1149.583464 -1149.476373 -1149.488333 -1149.517488 -1149.548725 -1149.578723 -1149.606489 -1149.632187 -1149.661442 -1149.748922 -1150.350929 -1154.263672 -1163.107115 -1176.070242 -1111.452588 -1633.160824 -1647.089834 -1643.398712 -1642.416855 -1642.247773 -1642.221490 -1642.218008 -1642.218258 -1642.219026 -1642.219728 -1642.220282 -1642.220705 -1642.221029 -1642.221280 -1642.221480 -1642.221641 -1642.221776 -1642.221896 -1642.222014 -1642.222145 -1642.222310 -1642.222540 -1642.222879 -1642.223402 -1642.224224 -1642.225540 -1642.227682 -1642.231230 -1642.237235 -1642.247673 -1642.266357 -1642.300810 -1642.366109 -1642.493009 -1642.746326 -1643.271091 -1644.419482 -1647.128462 -1654.242658 -1676.695214 -9999.0 -9999.0
-9999.0 -9999.0 328.004512 233.359098 136.615155 39.099415 -58.716572 -156.655269 -254.624477 -352.551038 -450.350105 -547.831049 -644.589184 -740.534474 -836.416645 -932.197068 -1027.730425 -1121.939357 -1213.197655 -1300.789757 -1380.790667 -1449.113831 -1503.747572 -1545.127037 -1575.237577 -1596.558678 -1611.386922 -1621.568931 -1628.486468 -1633.139055 -1636.238544 -1638.285721 -1639.628219 -1640.503802 -1641.072977 -1641.444743 -1641.700412 -1641.935377 -1642.443161 -1644.593064 -1652.947914 -1659.885149 -1151.338096 -1200.202578 -1174.342097 -1158.129718 -1150.624685 -1149.583464 -1149.476373 -1149.488333 -1149.517488 -1149.548725 -1149.578723 -1149.606489 -1149.632187 -1149.661442 -1149.748922 -1150.350929 -1154.263672 -1163.107115 -1176.070242 -1111.452588 -1633.160824 -1647.089834 -1643.398712 -1642.416855 -1642.247773 -1642.221490 -1642.218008 -1642.218258 -1642.219026 -1642.219728 -1642.220282 -1642.220705 -1642.221029 -1642.221280 -1642.221480 -1642.221641 -1642.221776 -1642.221896 -1642.222014 -1642.222145 -1642.222310 -1642.222540 -1642.222879 -1642.223402 -1642.224224 -1642.225540 -1642.227682 -1642.231230 -1642.237235 -1642.247673 -1642.266357 -1642.300810 -1642.366109 -1642.493009 -1642.746326 -1643.271091 -1644.419482 -1647.128462 -1654.242658 -1676.695214 -9999.0 -9999.0
-9999.0 -9999.0 328.004512 233.359098 136.615155 39.099415 -58.716572 -156.655269 -254.624477 -352.551038 -450.350105 -547.831049 -644.589184 -740.534474 -836.416645 -932.197068 -1027.730425 -1121.939357 -1213.197655 -1300.789756 -1380.790667 -1449.113831 -1503.747572 -1545.127037 -1575.237577 -1596.558678 -1611.386922 -1621.568931 -1628.486468 -1633.139055 -1636.238544 -1638.285721 -1639.628219 -1640.503802 -1641.072977 -1641.444743 -1641.700412 -1641.935377 -1642.443161 -1644.593064 -1652.947914 -1659.885149 -1151.338096 -1200.202578 -1174.342097 -1158.129718 -1150.624685 -1149.583464 -1149.476373 -1149.488333 -1149.517488 -1149.548725 -1149.578723 -1149.606489 -1149.632187 -1149.661442 -1149.748922 -1150.350929 -1154.263672 -1163.107115 -1176.070242 -1111.452588 -1633.160824 -1647.089834 -1643.398712 -1642.416855 -1642.247773 -1642.221490 -1642.218008 -1642.218258 -1642.219026 -1642.219728 -1642.220282 -1642.220705 -1642.221029 -1642.221280 -1642.221480 -1642.221641 -1642.221776 -1642.221896 -1642.222014 -1642.222145 -1642.222310 -1642.222540 -1642.222879 -1642.223402 -1642.224224 -1642.225540 -1642.227682 -1642.231230 -1642.237235 -1642.247673 -1642.266357 -1642.300810 -1642.366109 -1642.493009 -1642.746326 -1643.271091 -1644.419482 -1647.128462 -1654.242658 -1676.695214 -9999.0 -9999.0
-9999.0 -9999.0 328.002962 233.358255 136.614819 39.099292 -58.716616 -156.655284 -254.624483 -352.551040 -450.350106 -547.831049 -644.589184 -740.534474 -836.416645 -932.197068 -1027.730425 -1121.939357 -1213.197654 -1300.789756 -1380.790667 -1449.113831 -1503.747572 -1545.127037 -1575.237577 -1596.558678 -1611.386922 -1621.568931 -1628.486468 -1633.139055 -1636.238544 -1638.285721 -1639.628219 -1640.503802 -1641.072977 -1641.444743 -1641.700412 -1641.935377 -1642.443161 -1644.593064 -1652.947914 -1659.885149 -1151.338096 -1200.202578 -1174.342097 -1158.129718 -1150.624685 -1149.583464 -1149.476373 -1149.488333 -1149.517488 -1149.548725 -1149.578723 -1149.606489 -1149.632187 -1149.661442 -1149.748922 -1150.350929 -1154.263672 -1163.107115 -1176.070242 -1111.452588 -1633.160824 -1647.089834 -1643.398712 -1642.416855 -1642.247773 -1642.221490 -1642.218008 -1642.218258 -1642.219026 -1642.219728 -1642.220282 -1642.220705 -1642.221029 -1642.221280 -1642.221480 -1642.221641 -1642.221776 -1642.221896 -1642.222014 -1642.222145 -1642.222310 -1642.222540 -1642.222879 -1642.223402 -1642.224224 -1642.225540 -1642.227682 -1642.231230 -1642.237235 -1642.247673 -1642.266357 -1642.300810 -1642.366109 -1642.493009 -1642.746326 -1643.271091 -1644.419482 -1647.128462 -1654.242658 -1676.695214 -9999.0 -9999.0
-9999.0 -9999.0 327.994771 233.356270 136.614292 39.099136 -58.716666 -156.655301 -254.624489 -352.551042 -450.350107 -547.831050 -644.589185 -740.534474 -836.416646 -932.197068 -1027.730425 -1121.939357 -1213.197654 -1300.789756 -1380.790667 -1449.113831 -1503.747572 -1545.127037 -1575.237577 -1596.558678 -1611.386922 -1621.568931 -1628.486468 -1633.139055 -1636.238544 -1638.285721 -1639.628219 -1640.503802 -1641.072977 -1641.444743 -1641.700412 -1641.935377 -1642.443161 -1644.593064 -1652.947914 -1659.885149 -1151.338096 -1200.202578 -1174.342097 -1158.129718 -1150.624685 -1149.583464 -1149.476373 -1149.488333 -1149.517488 -1149.548725 -1149.578723 -1149.606489 -1149.632187 -1149.661442 -1149.748922 -1150.350929 -1154.263672 -1163.107115 -1176.070242 -1111.452588 -1633.160824 -1647.089834 -1643.398712 -1642.416855 -1642.247773 -1642.221490 -1642.218008 -1642.218258 -1642.219026 -1642.219728 -1642.220282 -1642.220705 -1642.221029 -1642.221280 -1642.221480 -1642.221641 -1642.221776 -1642.221896 -1642.222014 -1642.222145 -1642.222310 -1642.222540 -1642.222879 -1642.223402 -1642.224224 -1642.225540 -1642.227682 -1642.231230 -1642.237235 -1642.247673 -1642.266357 -1642.300810 -1642.366109 -1642.493009 -1642.746326 -1643.271091 -1644.419482 -1647.128462 -1654.242658 -1676.695214 -9999.0 -9999.0
-9999.0 -9999.0 -9999.0 -9999.0 -9999.0 -9999.0 -9999.0 -9999.0 -9999.0 -9999.0 -9999.0 -9999.0 -9999.0 -9999.0 -9999.0 -9999.0 -9999.0 -9999.0 -9999.0 -9999.0 -9999.0 -9999.0 -9999.0 -9999.0 -9999.0 -9999.0 -9999.0 -9999.0 -9999.0 -9999.0 -9999.0 -9999.0 -9999.0 -9999.0 -9999.0 -9999.0 -9999.0 -9999.0 -9999.0 -9999.0 -9999.0 -9999.0 -9999.0 -9999.0 -9999.0 -9999.0 -9999.0 -9999.0 -9999.0 -9999.0 -9999.0 -9999.0 -9999.0 -9999.0 -9999.0 -9999.0 -9999.0 -9999.0 -9999.0 -9999.0 -9999.0 -9999.0 -9999.0 -9999.0 -9999.0 -9999.0 -9999.0 -9999.0 -9999.0 -9999.0 -9999.0 -9999.0 -9999.0 -9999.0 -9999.0 -9999.0 -9999.0 -9999.0 -9999.0 -9999.0 -9999.0 -9999.0 -9999.0 -9999.0 -9999.0 -9999.0 -9999.0 -9999.0 -9999.0 -9999.0 -9999.0 -9999.0 -9999.0 -9999.0 -9999.0 -9999.0 -9999.0 -9999.0 -9999.0 -9999.0 -9999.0 -9999.0 -9999.0 -9999.0
-9999.0 -9999.0 -9999.0 -9999.0 -9999.0 -9999.0 -9999.0 -9999.0 -9999.0 -9999.0 -9999.0 -9999.0 -9999.0 -9999.0 -9999.0 -9999.0 -9999.0 -9999.0 -9999.0 -9999.0 -9999.0 -9999.0 -9999.0 -9999.0 -9999.0 -9999.0 -9999.0 -9999.0 -9999.0 -9999.0 -9999.0 -9999.0 -9999.0 -9999.0 -9999.0 -9999.0 -9999.0 -9999.0 -9999.0 -9999.0 -9999.0 -9999.0 -9999.0 -9999.0 -9999.0 -9999.0 -9999.0 -9999.0 -9999.0 -9999.0 -9999.0 -9999.0 -9999.0 -9999.0 -9999.0 -9999.0 -9999.0 -9999.0 -9999.0 -9999.0 -9999.0 -9999.0 -9999.0 -9999.0 -9999.0 -9999.0 -9999.0 -9999.0 -9999.0 -9999.0 -9999.0 -9999.0 -9999.0 -9999.0 -9999.0 -9999.0 -9999.0 -9999.0 -9999.0 -9999.0 -9999.0 -9999.0 -9999.0 -9999.0 -9999.0 -9999.0 -9999.0 -9999.0 -9999.0 -9999.0 -9999.0 -9999.0 -9999.0 -9999.0 -9999.0 -9999.0 -9999.0 -9999.0 -9999.0 -9999.0 -9999.0 -9999.0 -9999.0 -9999.0