inst/processing_geotop_simulation/geotop_simulation/out/maps3D/PwL0009N0235.asc
ncols         104
nrows         10
xllcorner     -2.000000
yllcorner     0.000000
cellsize      1.000000
NODATA_value  -9999.0
-9999.0 -9999.0 -9999.0 -9999.0 -9999.0 -9999.0 -9999.0 -9999.0 -9999.0 -9999.0 -9999.0 -9999.0 -9999.0 -9999.0 -9999.0 -9999.0 -9999.0 -9999.0 -9999.0 -9999.0 -9999.0 -9999.0 -9999.0 -9999.0 -9999.0 -9999.0 -9999.0 -9999.0 -9999.0 -9999.0 -9999.0 -9999.0 -9999.0 -9999.0 -9999.0 -9999.0 -9999.0 -9999.0 -9999.0 -9999.0 -9999.0 -9999.0 -9999.0 -9999.0 -9999.0 -9999.0 -9999.0 -9999.0 -9999.0 -9999.0 -9999.0 -9999.0 -9999.0 -9999.0 -9999.0 -9999.0 -9999.0 -9999.0 -9999.0 -9999.0 -9999.0 -9999.0 -9999.0 -9999.0 -9999.0 -9999.0 -9999.0 -9999.0 -9999.0 -9999.0 -9999.0 -9999.0 -9999.0 -9999.0 -9999.0 -9999.0 -9999.0 -9999.0 -9999.0 -9999.0 -9999.0 -9999.0 -9999.0 -9999.0 -9999.0 -9999.0 -9999.0 -9999.0 -9999.0 -9999.0 -9999.0 -9999.0 -9999.0 -9999.0 -9999.0 -9999.0 -9999.0 -9999.0 -9999.0 -9999.0 -9999.0 -9999.0 -9999.0 -9999.0
-9999.0 -9999.0 -9999.0 -9999.0 -9999.0 -9999.0 -9999.0 -9999.0 -9999.0 -9999.0 -9999.0 -9999.0 -9999.0 -9999.0 -9999.0 -9999.0 -9999.0 -9999.0 -9999.0 -9999.0 -9999.0 -9999.0 -9999.0 -9999.0 -9999.0 -9999.0 -9999.0 -9999.0 -9999.0 -9999.0 -9999.0 -9999.0 -9999.0 -9999.0 -9999.0 -9999.0 -9999.0 -9999.0 -9999.0 -9999.0 -9999.0 -9999.0 -9999.0 -9999.0 -9999.0 -9999.0 -9999.0 -9999.0 -9999.0 -9999.0 -9999.0 -9999.0 -9999.0 -9999.0 -9999.0 -9999.0 -9999.0 -9999.0 -9999.0 -9999.0 -9999.0 -9999.0 -9999.0 -9999.0 -9999.0 -9999.0 -9999.0 -9999.0 -9999.0 -9999.0 -9999.0 -9999.0 -9999.0 -9999.0 -9999.0 -9999.0 -9999.0 -9999.0 -9999.0 -9999.0 -9999.0 -9999.0 -9999.0 -9999.0 -9999.0 -9999.0 -9999.0 -9999.0 -9999.0 -9999.0 -9999.0 -9999.0 -9999.0 -9999.0 -9999.0 -9999.0 -9999.0 -9999.0 -9999.0 -9999.0 -9999.0 -9999.0 -9999.0 -9999.0
-9999.0 -9999.0 427.001835 331.372240 234.248501 136.478773 38.440970 -59.700538 -157.875267 -256.035553 -354.125424 -452.046169 -549.582725 -646.298629 -742.454787 -838.824070 -934.829797 -1030.532868 -1124.557699 -1214.593654 -1298.895095 -1373.779019 -1436.506025 -1486.281163 -1524.052691 -1551.748056 -1571.543848 -1585.422346 -1595.001627 -1601.525687 -1605.917822 -1608.845891 -1610.782580 -1612.055962 -1612.890143 -1613.438166 -1613.812128 -1614.133788 -1614.740774 -1617.106913 -1626.175215 -1642.188942 -1275.949531 -1420.736335 -1371.093285 -1340.804916 -1327.004951 -1325.157985 -1324.969827 -1324.989952 -1325.039836 -1325.093286 -1325.144608 -1325.192106 -1325.236058 -1325.286045 -1325.436024 -1326.485344 -1333.596061 -1349.824182 -1373.496118 -1210.027821 -1612.342719 -1619.795937 -1615.825583 -1614.779170 -1614.595013 -1614.566149 -1614.562239 -1614.562374 -1614.563080 -1614.563740 -1614.564263 -1614.564664 -1614.564972 -1614.565211 -1614.565401 -1614.565555 -1614.565684 -1614.565799 -1614.565913 -1614.566039 -1614.566198 -1614.566418 -1614.566743 -1614.567243 -1614.568030 -1614.569290 -1614.571340 -1614.574738 -1614.580501 -1614.590534 -1614.608525 -1614.641764 -1614.704899 -1614.827970 -1615.074911 -1615.590692 -1616.731811 -1619.455593 -1626.682757 -1649.541229 -9999.0 -9999.0
-9999.0 -9999.0 427.008789 331.374092 234.249008 136.478925 38.441019 -59.700522 -157.875261 -256.035551 -354.125423 -452.046168 -549.582725 -646.298629 -742.454787 -838.824070 -934.829797 -1030.532868 -1124.557699 -1214.593655 -1298.895096 -1373.779019 -1436.506025 -1486.281164 -1524.052691 -1551.748057 -1571.543848 -1585.422346 -1595.001627 -1601.525687 -1605.917822 -1608.845891 -1610.782580 -1612.055962 -1612.890143 -1613.438166 -1613.812128 -1614.133788 -1614.740774 -1617.106913 -1626.175215 -1642.188942 -1275.949531 -1420.736335 -1371.093285 -1340.804915 -1327.004951 -1325.157985 -1324.969827 -1324.989952 -1325.039836 -1325.093286 -1325.144608 -1325.192106 -1325.236058 -1325.286045 -1325.436024 -1326.485344 -1333.596061 -1349.824182 -1373.496118 -1210.027821 -1612.342719 -1619.795937 -1615.825583 -1614.779170 -1614.595013 -1614.566149 -1614.562239 -1614.562374 -1614.563080 -1614.563740 -1614.564263 -1614.564664 -1614.564972 -1614.565211 -1614.565401 -1614.565555 -1614.565684 -1614.565799 -1614.565913 -1614.566039 -1614.566198 -1614.566418 -1614.566743 -1614.567243 -1614.568030 -1614.569290 -1614.571340 -1614.574738 -1614.580501 -1614.590534 -1614.608525 -1614.641764 -1614.704899 -1614.827970 -1615.074911 -1615.590692 -1616.731811 -1619.455593 -1626.682757 -1649.541229 -9999.0 -9999.0
-9999.0 -9999.0 427.010327 331.374907 234.249335 136.479045 38.441061 -59.700507 -157.875256 -256.035549 -354.125422 -452.046168 -549.582724 -646.298629 -742.454786 -838.824071 -934.829797 -1030.532868 -1124.557699 -1214.593655 -1298.895096 -1373.779019 -1436.506025 -1486.281164 -1524.052691 -1551.748057 -1571.543848 -1585.422346 -1595.001627 -1601.525687 -1605.917822 -1608.845891 -1610.782580 -1612.055962 -1612.890143 -1613.438166 -1613.812128 -1614.133788 -1614.740774 -1617.106913 -1626.175215 -1642.188942 -1275.949531 -1420.736335 -1371.093284 -1340.804915 -1327.004951 -1325.157985 -1324.969827 -1324.989952 -1325.039836 -1325.093286 -1325.144608 -1325.192106 -1325.236058 -1325.286045 -1325.436024 -1326.485344 -1333.596061 -1349.824182 -1373.496118 -1210.027821 -1612.342719 -1619.795937 -1615.825583 -1614.779170 -1614.595013 -1614.566149 -1614.562239 -1614.562374 -1614.563080 -1614.563740 -1614.564263 -1614.564664 -1614.564972 -1614.565211 -1614.565401 -1614.565555 -1614.565684 -1614.565799 -1614.565913 -1614.566039 -1614.566198 -1614.566418 -1614.566743 -1614.567243 -1614.568030 -1614.569290 -1614.571340 -1614.574738 -1614.580501 -1614.590534 -1614.608525 -1614.641764 -1614.704899 -1614.827970 -1615.074911 -1615.590692 -1616.731811 -1619.455593 -1626.682757 -1649.541229 -9999.0 -9999.0
-9999.0 -9999.0 427.010328 331.374907 234.249335 136.479045 38.441061 -59.700507 -157.875256 -256.035549 -354.125422 -452.046168 -549.582724 -646.298629 -742.454787 -838.824070 -934.829797 -1030.532868 -1124.557699 -1214.593655 -1298.895096 -1373.779019 -1436.506025 -1486.281164 -1524.052691 -1551.748057 -1571.543848 -1585.422346 -1595.001627 -1601.525687 -1605.917822 -1608.845891 -1610.782580 -1612.055962 -1612.890143 -1613.438166 -1613.812128 -1614.133788 -1614.740774 -1617.106913 -1626.175215 -1642.188942 -1275.949531 -1420.736335 -1371.093284 -1340.804915 -1327.004951 -1325.157985 -1324.969827 -1324.989952 -1325.039836 -1325.093286 -1325.144608 -1325.192106 -1325.236058 -1325.286045 -1325.436024 -1326.485344 -1333.596061 -1349.824182 -1373.496118 -1210.027821 -1612.342719 -1619.795937 -1615.825583 -1614.779170 -1614.595013 -1614.566149 -1614.562239 -1614.562374 -1614.563080 -1614.563740 -1614.564263 -1614.564664 -1614.564972 -1614.565211 -1614.565401 -1614.565555 -1614.565684 -1614.565799 -1614.565913 -1614.566039 -1614.566198 -1614.566418 -1614.566743 -1614.567243 -1614.568030 -1614.569290 -1614.571340 -1614.574738 -1614.580501 -1614.590534 -1614.608525 -1614.641764 -1614.704899 -1614.827970 -1615.074911 -1615.590692 -1616.731811 -1619.455593 -1626.682757 -1649.541229 -9999.0 -9999.0
-9999.0 -9999.0 427.008789 331.374092 234.249008 136.478925 38.441019 -59.700522 -157.875261 -256.035551 -354.125423 -452.046168 -549.582725 -646.298629 -742.454787 -838.824070 -934.829797 -1030.532868 -1124.557699 -1214.593655 -1298.895096 -1373.779019 -1436.506025 -1486.281164 -1524.052691 -1551.748057 -1571.543848 -1585.422346 -1595.001627 -1601.525687 -1605.917822 -1608.845891 -1610.782580 -1612.055962 -1612.890143 -1613.438166 -1613.812128 -1614.133788 -1614.740774 -1617.106913 -1626.175215 -1642.188942 -1275.949531 -1420.736335 -1371.093285 -1340.804915 -1327.004951 -1325.157985 -1324.969827 -1324.989952 -1325.039836 -1325.093286 -1325.144608 -1325.192106 -1325.236058 -1325.286045 -1325.436024 -1326.485344 -1333.596061 -1349.824182 -1373.496118 -1210.027821 -1612.342719 -1619.795937 -1615.825583 -1614.779170 -1614.595013 -1614.566149 -1614.562239 -1614.562374 -1614.563080 -1614.563740 -1614.564263 -1614.564664 -1614.564972 -1614.565211 -1614.565401 -1614.565555 -1614.565684 -1614.565799 -1614.565913 -1614.566039 -1614.566198 -1614.566418 -1614.566743 -1614.567243 -1614.568030 -1614.569290 -1614.571340 -1614.574738 -1614.580501 -1614.590534 -1614.608525 -1614.641764 -1614.704899 -1614.827970 -1615.074911 -1615.590692 -1616.731811 -1619.455593 -1626.682757 -1649.541229 -9999.0 -9999.0
-9999.0 -9999.0 427.001835 331.372240 234.248501 136.478773 38.440970 -59.700538 -157.875267 -256.035553 -354.125424 -452.046169 -549.582725 -646.298629 -742.454787 -838.824070 -934.829797 -1030.532868 -1124.557699 -1214.593654 -1298.895095 -1373.779019 -1436.506025 -1486.281163 -1524.052691 -1551.748056 -1571.543848 -1585.422346 -1595.001627 -1601.525687 -1605.917822 -1608.845891 -1610.782580 -1612.055962 -1612.890143 -1613.438166 -1613.812128 -1614.133788 -1614.740774 -1617.106913 -1626.175215 -1642.188942 -1275.949531 -1420.736335 -1371.093285 -1340.804916 -1327.004951 -1325.157985 -1324.969827 -1324.989952 -1325.039836 -1325.093286 -1325.144608 -1325.192106 -1325.236058 -1325.286045 -1325.436024 -1326.485344 -1333.596061 -1349.824182 -1373.496118 -1210.027821 -1612.342719 -1619.795937 -1615.825583 -1614.779170 -1614.595013 -1614.566149 -1614.562239 -1614.562374 -1614.563080 -1614.563740 -1614.564263 -1614.564664 -1614.564972 -1614.565211 -1614.565401 -1614.565555 -1614.565684 -1614.565799 -1614.565913 -1614.566039 -1614.566198 -1614.566418 -1614.566743 -1614.567243 -1614.568030 -1614.569290 -1614.571340 -1614.574738 -1614.580501 -1614.590534 -1614.608525 -1614.641764 -1614.704899 -1614.827970 -1615.074911 -1615.590692 -1616.731811 -1619.455593 -1626.682757 -1649.541229 -9999.0 -9999.0
-9999.0 -9999.0 -9999.0 -9999.0 -9999.0 -9999.0 -9999.0 -9999.0 -9999.0 -9999.0 -9999.0 -9999.0 -9999.0 -9999.0 -9999.0 -9999.0 -9999.0 -9999.0 -9999.0 -9999.0 -9999.0 -9999.0 -9999.0 -9999.0 -9999.0 -9999.0 -9999.0 -9999.0 -9999.0 -9999.0 -9999.0 -9999.0 -9999.0 -9999.0 -9999.0 -9999.0 -9999.0 -9999.0 -9999.0 -9999.0 -9999.0 -9999.0 -9999.0 -9999.0 -9999.0 -9999.0 -9999.0 -9999.0 -9999.0 -9999.0 -9999.0 -9999.0 -9999.0 -9999.0 -9999.0 -9999.0 -9999.0 -9999.0 -9999.0 -9999.0 -9999.0 -9999.0 -9999.0 -9999.0 -9999.0 -9999.0 -9999.0 -9999.0 -9999.0 -9999.0 -9999.0 -9999.0 -9999.0 -9999.0 -9999.0 -9999.0 -9999.0 -9999.0 -9999.0 -9999.0 -9999.0 -9999.0 -9999.0 -9999.0 -9999.0 -9999.0 -9999.0 -9999.0 -9999.0 -9999.0 -9999.0 -9999.0 -9999.0 -9999.0 -9999.0 -9999.0 -9999.0 -9999.0 -9999.0 -9999.0 -9999.0 -9999.0 -9999.0 -9999.0
-9999.0 -9999.0 -9999.0 -9999.0 -9999.0 -9999.0 -9999.0 -9999.0 -9999.0 -9999.0 -9999.0 -9999.0 -9999.0 -9999.0 -9999.0 -9999.0 -9999.0 -9999.0 -9999.0 -9999.0 -9999.0 -9999.0 -9999.0 -9999.0 -9999.0 -9999.0 -9999.0 -9999.0 -9999.0 -9999.0 -9999.0 -9999.0 -9999.0 -9999.0 -9999.0 -9999.0 -9999.0 -9999.0 -9999.0 -9999.0 -9999.0 -9999.0 -9999.0 -9999.0 -9999.0 -9999.0 -9999.0 -9999.0 -9999.0 -9999.0 -9999.0 -9999.0 -9999.0 -9999.0 -9999.0 -9999.0 -9999.0 -9999.0 -9999.0 -9999.0 -9999.0 -9999.0 -9999.0 -9999.0 -9999.0 -9999.0 -9999.0 -9999.0 -9999.0 -9999.0 -9999.0 -9999.0 -9999.0 -9999.0 -9999.0 -9999.0 -9999.0 -9999.0 -9999.0 -9999.0 -9999.0 -9999.0 -9999.0 -9999.0 -9999.0 -9999.0 -9999.0 -9999.0 -9999.0 -9999.0 -9999.0 -9999.0 -9999.0 -9999.0 -9999.0 -9999.0 -9999.0 -9999.0 -9999.0 -9999.0 -9999.0 -9999.0 -9999.0 -9999.0