inst/processing_geotop_simulation/geotop_simulation/out/maps3D/PwL0001N0380.asc
ncols         104
nrows         10
xllcorner     -2.000000
yllcorner     0.000000
cellsize      1.000000
NODATA_value  -9999.0
-9999.0 -9999.0 -9999.0 -9999.0 -9999.0 -9999.0 -9999.0 -9999.0 -9999.0 -9999.0 -9999.0 -9999.0 -9999.0 -9999.0 -9999.0 -9999.0 -9999.0 -9999.0 -9999.0 -9999.0 -9999.0 -9999.0 -9999.0 -9999.0 -9999.0 -9999.0 -9999.0 -9999.0 -9999.0 -9999.0 -9999.0 -9999.0 -9999.0 -9999.0 -9999.0 -9999.0 -9999.0 -9999.0 -9999.0 -9999.0 -9999.0 -9999.0 -9999.0 -9999.0 -9999.0 -9999.0 -9999.0 -9999.0 -9999.0 -9999.0 -9999.0 -9999.0 -9999.0 -9999.0 -9999.0 -9999.0 -9999.0 -9999.0 -9999.0 -9999.0 -9999.0 -9999.0 -9999.0 -9999.0 -9999.0 -9999.0 -9999.0 -9999.0 -9999.0 -9999.0 -9999.0 -9999.0 -9999.0 -9999.0 -9999.0 -9999.0 -9999.0 -9999.0 -9999.0 -9999.0 -9999.0 -9999.0 -9999.0 -9999.0 -9999.0 -9999.0 -9999.0 -9999.0 -9999.0 -9999.0 -9999.0 -9999.0 -9999.0 -9999.0 -9999.0 -9999.0 -9999.0 -9999.0 -9999.0 -9999.0 -9999.0 -9999.0 -9999.0 -9999.0
-9999.0 -9999.0 -9999.0 -9999.0 -9999.0 -9999.0 -9999.0 -9999.0 -9999.0 -9999.0 -9999.0 -9999.0 -9999.0 -9999.0 -9999.0 -9999.0 -9999.0 -9999.0 -9999.0 -9999.0 -9999.0 -9999.0 -9999.0 -9999.0 -9999.0 -9999.0 -9999.0 -9999.0 -9999.0 -9999.0 -9999.0 -9999.0 -9999.0 -9999.0 -9999.0 -9999.0 -9999.0 -9999.0 -9999.0 -9999.0 -9999.0 -9999.0 -9999.0 -9999.0 -9999.0 -9999.0 -9999.0 -9999.0 -9999.0 -9999.0 -9999.0 -9999.0 -9999.0 -9999.0 -9999.0 -9999.0 -9999.0 -9999.0 -9999.0 -9999.0 -9999.0 -9999.0 -9999.0 -9999.0 -9999.0 -9999.0 -9999.0 -9999.0 -9999.0 -9999.0 -9999.0 -9999.0 -9999.0 -9999.0 -9999.0 -9999.0 -9999.0 -9999.0 -9999.0 -9999.0 -9999.0 -9999.0 -9999.0 -9999.0 -9999.0 -9999.0 -9999.0 -9999.0 -9999.0 -9999.0 -9999.0 -9999.0 -9999.0 -9999.0 -9999.0 -9999.0 -9999.0 -9999.0 -9999.0 -9999.0 -9999.0 -9999.0 -9999.0 -9999.0
-9999.0 -9999.0 26.218661 -70.983562 -169.712575 -268.771650 -367.951021 -467.172348 -566.396046 -665.590679 -764.707869 -863.712717 -962.574370 -1061.249354 -1159.871326 -1258.404326 -1356.513112 -1453.913262 -1550.088045 -1644.098109 -1734.206850 -1817.542456 -1890.781299 -1951.635008 -1999.688480 -2036.115223 -2062.893831 -2082.138501 -2095.733920 -2105.209870 -2111.742903 -2116.207067 -2119.235704 -2121.278970 -2122.652326 -2123.576766 -2124.218004 -2124.757465 -2125.614308 -2127.883666 -2129.814333 -2069.580923 -1274.295931 -1270.561559 -1260.619965 -1254.086015 -1251.010351 -1250.526532 -1250.473767 -1250.478530 -1250.491621 -1250.505740 -1250.519318 -1250.531898 -1250.543613 -1250.557568 -1250.602451 -1250.896863 -1252.552112 -1256.203525 -1261.167789 -1257.715630 -2045.958211 -2123.949823 -2126.437791 -2125.754505 -2125.547170 -2125.507384 -2125.501112 -2125.500609 -2125.500998 -2125.501442 -2125.501809 -2125.502094 -2125.502316 -2125.502490 -2125.502629 -2125.502743 -2125.502841 -2125.502930 -2125.503018 -2125.503116 -2125.503239 -2125.503409 -2125.503656 -2125.504033 -2125.504625 -2125.505571 -2125.507113 -2125.509681 -2125.514062 -2125.521751 -2125.535659 -2125.561583 -2125.611313 -2125.709572 -2125.910851 -2126.344069 -2127.341274 -2129.849867 -2136.972952 -2160.712557 -9999.0 -9999.0
-9999.0 -9999.0 26.230129 -70.981660 -169.712101 -268.771512 -367.950977 -467.172333 -566.396041 -665.590677 -764.707868 -863.712717 -962.574370 -1061.249354 -1159.871326 -1258.404326 -1356.513112 -1453.913263 -1550.088045 -1644.098109 -1734.206850 -1817.542457 -1890.781299 -1951.635008 -1999.688480 -2036.115223 -2062.893831 -2082.138501 -2095.733920 -2105.209870 -2111.742903 -2116.207067 -2119.235704 -2121.278970 -2122.652326 -2123.576766 -2124.218004 -2124.757465 -2125.614308 -2127.883666 -2129.814333 -2069.580923 -1274.295931 -1270.561559 -1260.619965 -1254.086014 -1251.010351 -1250.526532 -1250.473767 -1250.478530 -1250.491621 -1250.505740 -1250.519318 -1250.531898 -1250.543613 -1250.557568 -1250.602451 -1250.896863 -1252.552112 -1256.203525 -1261.167789 -1257.715630 -2045.958211 -2123.949823 -2126.437791 -2125.754505 -2125.547170 -2125.507384 -2125.501112 -2125.500609 -2125.500998 -2125.501442 -2125.501809 -2125.502094 -2125.502316 -2125.502490 -2125.502629 -2125.502743 -2125.502841 -2125.502930 -2125.503018 -2125.503116 -2125.503239 -2125.503409 -2125.503656 -2125.504033 -2125.504625 -2125.505571 -2125.507113 -2125.509681 -2125.514062 -2125.521751 -2125.535659 -2125.561583 -2125.611313 -2125.709572 -2125.910851 -2126.344069 -2127.341274 -2129.849867 -2136.972952 -2160.712557 -9999.0 -9999.0
-9999.0 -9999.0 26.231188 -70.980899 -169.711801 -268.771404 -367.950938 -467.172319 -566.396036 -665.590675 -764.707867 -863.712717 -962.574370 -1061.249354 -1159.871326 -1258.404326 -1356.513112 -1453.913263 -1550.088045 -1644.098109 -1734.206850 -1817.542457 -1890.781299 -1951.635008 -1999.688480 -2036.115223 -2062.893831 -2082.138501 -2095.733920 -2105.209870 -2111.742903 -2116.207067 -2119.235704 -2121.278970 -2122.652326 -2123.576766 -2124.218004 -2124.757465 -2125.614308 -2127.883666 -2129.814333 -2069.580923 -1274.295931 -1270.561559 -1260.619965 -1254.086014 -1251.010351 -1250.526532 -1250.473767 -1250.478530 -1250.491621 -1250.505740 -1250.519318 -1250.531898 -1250.543613 -1250.557568 -1250.602451 -1250.896863 -1252.552112 -1256.203525 -1261.167789 -1257.715630 -2045.958211 -2123.949823 -2126.437791 -2125.754505 -2125.547170 -2125.507384 -2125.501112 -2125.500609 -2125.500998 -2125.501442 -2125.501809 -2125.502094 -2125.502316 -2125.502490 -2125.502629 -2125.502743 -2125.502841 -2125.502930 -2125.503018 -2125.503116 -2125.503239 -2125.503409 -2125.503656 -2125.504033 -2125.504625 -2125.505571 -2125.507113 -2125.509681 -2125.514062 -2125.521751 -2125.535659 -2125.561583 -2125.611313 -2125.709572 -2125.910851 -2126.344069 -2127.341274 -2129.849867 -2136.972952 -2160.712557 -9999.0 -9999.0
-9999.0 -9999.0 26.231188 -70.980899 -169.711801 -268.771404 -367.950938 -467.172319 -566.396036 -665.590675 -764.707867 -863.712717 -962.574370 -1061.249354 -1159.871326 -1258.404326 -1356.513112 -1453.913263 -1550.088045 -1644.098109 -1734.206850 -1817.542457 -1890.781299 -1951.635008 -1999.688480 -2036.115223 -2062.893831 -2082.138501 -2095.733920 -2105.209870 -2111.742903 -2116.207067 -2119.235704 -2121.278970 -2122.652326 -2123.576766 -2124.218004 -2124.757465 -2125.614308 -2127.883666 -2129.814333 -2069.580923 -1274.295931 -1270.561559 -1260.619965 -1254.086014 -1251.010351 -1250.526532 -1250.473767 -1250.478530 -1250.491621 -1250.505740 -1250.519318 -1250.531898 -1250.543613 -1250.557568 -1250.602451 -1250.896863 -1252.552112 -1256.203525 -1261.167789 -1257.715630 -2045.958211 -2123.949823 -2126.437791 -2125.754505 -2125.547170 -2125.507384 -2125.501112 -2125.500609 -2125.500998 -2125.501442 -2125.501809 -2125.502094 -2125.502316 -2125.502490 -2125.502629 -2125.502743 -2125.502841 -2125.502930 -2125.503018 -2125.503116 -2125.503239 -2125.503409 -2125.503656 -2125.504033 -2125.504625 -2125.505571 -2125.507113 -2125.509681 -2125.514062 -2125.521751 -2125.535659 -2125.561583 -2125.611313 -2125.709572 -2125.910851 -2126.344069 -2127.341274 -2129.849867 -2136.972952 -2160.712557 -9999.0 -9999.0
-9999.0 -9999.0 26.230129 -70.981661 -169.712101 -268.771512 -367.950977 -467.172333 -566.396041 -665.590677 -764.707868 -863.712717 -962.574370 -1061.249354 -1159.871326 -1258.404326 -1356.513112 -1453.913263 -1550.088045 -1644.098109 -1734.206850 -1817.542457 -1890.781299 -1951.635008 -1999.688480 -2036.115223 -2062.893831 -2082.138501 -2095.733920 -2105.209870 -2111.742903 -2116.207067 -2119.235704 -2121.278970 -2122.652326 -2123.576766 -2124.218004 -2124.757465 -2125.614308 -2127.883666 -2129.814333 -2069.580923 -1274.295931 -1270.561559 -1260.619965 -1254.086014 -1251.010351 -1250.526532 -1250.473767 -1250.478530 -1250.491621 -1250.505740 -1250.519318 -1250.531898 -1250.543613 -1250.557568 -1250.602451 -1250.896863 -1252.552112 -1256.203525 -1261.167789 -1257.715630 -2045.958211 -2123.949823 -2126.437791 -2125.754505 -2125.547170 -2125.507384 -2125.501112 -2125.500609 -2125.500998 -2125.501442 -2125.501809 -2125.502094 -2125.502316 -2125.502490 -2125.502629 -2125.502743 -2125.502841 -2125.502930 -2125.503018 -2125.503116 -2125.503239 -2125.503409 -2125.503656 -2125.504033 -2125.504625 -2125.505571 -2125.507113 -2125.509681 -2125.514062 -2125.521751 -2125.535659 -2125.561583 -2125.611313 -2125.709572 -2125.910851 -2126.344069 -2127.341274 -2129.849867 -2136.972952 -2160.712557 -9999.0 -9999.0
-9999.0 -9999.0 26.218661 -70.983562 -169.712575 -268.771650 -367.951021 -467.172348 -566.396046 -665.590679 -764.707869 -863.712718 -962.574370 -1061.249354 -1159.871326 -1258.404326 -1356.513112 -1453.913262 -1550.088045 -1644.098109 -1734.206850 -1817.542456 -1890.781299 -1951.635008 -1999.688480 -2036.115223 -2062.893831 -2082.138501 -2095.733920 -2105.209870 -2111.742903 -2116.207067 -2119.235704 -2121.278970 -2122.652326 -2123.576766 -2124.218004 -2124.757465 -2125.614308 -2127.883666 -2129.814333 -2069.580923 -1274.295931 -1270.561559 -1260.619965 -1254.086015 -1251.010351 -1250.526532 -1250.473767 -1250.478530 -1250.491621 -1250.505740 -1250.519318 -1250.531898 -1250.543613 -1250.557568 -1250.602451 -1250.896863 -1252.552112 -1256.203525 -1261.167789 -1257.715630 -2045.958211 -2123.949823 -2126.437791 -2125.754505 -2125.547170 -2125.507384 -2125.501112 -2125.500609 -2125.500998 -2125.501442 -2125.501809 -2125.502094 -2125.502316 -2125.502490 -2125.502629 -2125.502743 -2125.502841 -2125.502930 -2125.503018 -2125.503116 -2125.503239 -2125.503409 -2125.503656 -2125.504033 -2125.504625 -2125.505571 -2125.507113 -2125.509681 -2125.514062 -2125.521751 -2125.535659 -2125.561583 -2125.611313 -2125.709572 -2125.910851 -2126.344069 -2127.341274 -2129.849867 -2136.972952 -2160.712557 -9999.0 -9999.0
-9999.0 -9999.0 -9999.0 -9999.0 -9999.0 -9999.0 -9999.0 -9999.0 -9999.0 -9999.0 -9999.0 -9999.0 -9999.0 -9999.0 -9999.0 -9999.0 -9999.0 -9999.0 -9999.0 -9999.0 -9999.0 -9999.0 -9999.0 -9999.0 -9999.0 -9999.0 -9999.0 -9999.0 -9999.0 -9999.0 -9999.0 -9999.0 -9999.0 -9999.0 -9999.0 -9999.0 -9999.0 -9999.0 -9999.0 -9999.0 -9999.0 -9999.0 -9999.0 -9999.0 -9999.0 -9999.0 -9999.0 -9999.0 -9999.0 -9999.0 -9999.0 -9999.0 -9999.0 -9999.0 -9999.0 -9999.0 -9999.0 -9999.0 -9999.0 -9999.0 -9999.0 -9999.0 -9999.0 -9999.0 -9999.0 -9999.0 -9999.0 -9999.0 -9999.0 -9999.0 -9999.0 -9999.0 -9999.0 -9999.0 -9999.0 -9999.0 -9999.0 -9999.0 -9999.0 -9999.0 -9999.0 -9999.0 -9999.0 -9999.0 -9999.0 -9999.0 -9999.0 -9999.0 -9999.0 -9999.0 -9999.0 -9999.0 -9999.0 -9999.0 -9999.0 -9999.0 -9999.0 -9999.0 -9999.0 -9999.0 -9999.0 -9999.0 -9999.0 -9999.0
-9999.0 -9999.0 -9999.0 -9999.0 -9999.0 -9999.0 -9999.0 -9999.0 -9999.0 -9999.0 -9999.0 -9999.0 -9999.0 -9999.0 -9999.0 -9999.0 -9999.0 -9999.0 -9999.0 -9999.0 -9999.0 -9999.0 -9999.0 -9999.0 -9999.0 -9999.0 -9999.0 -9999.0 -9999.0 -9999.0 -9999.0 -9999.0 -9999.0 -9999.0 -9999.0 -9999.0 -9999.0 -9999.0 -9999.0 -9999.0 -9999.0 -9999.0 -9999.0 -9999.0 -9999.0 -9999.0 -9999.0 -9999.0 -9999.0 -9999.0 -9999.0 -9999.0 -9999.0 -9999.0 -9999.0 -9999.0 -9999.0 -9999.0 -9999.0 -9999.0 -9999.0 -9999.0 -9999.0 -9999.0 -9999.0 -9999.0 -9999.0 -9999.0 -9999.0 -9999.0 -9999.0 -9999.0 -9999.0 -9999.0 -9999.0 -9999.0 -9999.0 -9999.0 -9999.0 -9999.0 -9999.0 -9999.0 -9999.0 -9999.0 -9999.0 -9999.0 -9999.0 -9999.0 -9999.0 -9999.0 -9999.0 -9999.0 -9999.0 -9999.0 -9999.0 -9999.0 -9999.0 -9999.0 -9999.0 -9999.0 -9999.0 -9999.0 -9999.0 -9999.0