inst/processing_geotop_simulation/geotop_simulation/out/maps3D/PwL0007N0397.asc
ncols         104
nrows         10
xllcorner     -2.000000
yllcorner     0.000000
cellsize      1.000000
NODATA_value  -9999.0
-9999.0 -9999.0 -9999.0 -9999.0 -9999.0 -9999.0 -9999.0 -9999.0 -9999.0 -9999.0 -9999.0 -9999.0 -9999.0 -9999.0 -9999.0 -9999.0 -9999.0 -9999.0 -9999.0 -9999.0 -9999.0 -9999.0 -9999.0 -9999.0 -9999.0 -9999.0 -9999.0 -9999.0 -9999.0 -9999.0 -9999.0 -9999.0 -9999.0 -9999.0 -9999.0 -9999.0 -9999.0 -9999.0 -9999.0 -9999.0 -9999.0 -9999.0 -9999.0 -9999.0 -9999.0 -9999.0 -9999.0 -9999.0 -9999.0 -9999.0 -9999.0 -9999.0 -9999.0 -9999.0 -9999.0 -9999.0 -9999.0 -9999.0 -9999.0 -9999.0 -9999.0 -9999.0 -9999.0 -9999.0 -9999.0 -9999.0 -9999.0 -9999.0 -9999.0 -9999.0 -9999.0 -9999.0 -9999.0 -9999.0 -9999.0 -9999.0 -9999.0 -9999.0 -9999.0 -9999.0 -9999.0 -9999.0 -9999.0 -9999.0 -9999.0 -9999.0 -9999.0 -9999.0 -9999.0 -9999.0 -9999.0 -9999.0 -9999.0 -9999.0 -9999.0 -9999.0 -9999.0 -9999.0 -9999.0 -9999.0 -9999.0 -9999.0 -9999.0 -9999.0
-9999.0 -9999.0 -9999.0 -9999.0 -9999.0 -9999.0 -9999.0 -9999.0 -9999.0 -9999.0 -9999.0 -9999.0 -9999.0 -9999.0 -9999.0 -9999.0 -9999.0 -9999.0 -9999.0 -9999.0 -9999.0 -9999.0 -9999.0 -9999.0 -9999.0 -9999.0 -9999.0 -9999.0 -9999.0 -9999.0 -9999.0 -9999.0 -9999.0 -9999.0 -9999.0 -9999.0 -9999.0 -9999.0 -9999.0 -9999.0 -9999.0 -9999.0 -9999.0 -9999.0 -9999.0 -9999.0 -9999.0 -9999.0 -9999.0 -9999.0 -9999.0 -9999.0 -9999.0 -9999.0 -9999.0 -9999.0 -9999.0 -9999.0 -9999.0 -9999.0 -9999.0 -9999.0 -9999.0 -9999.0 -9999.0 -9999.0 -9999.0 -9999.0 -9999.0 -9999.0 -9999.0 -9999.0 -9999.0 -9999.0 -9999.0 -9999.0 -9999.0 -9999.0 -9999.0 -9999.0 -9999.0 -9999.0 -9999.0 -9999.0 -9999.0 -9999.0 -9999.0 -9999.0 -9999.0 -9999.0 -9999.0 -9999.0 -9999.0 -9999.0 -9999.0 -9999.0 -9999.0 -9999.0 -9999.0 -9999.0 -9999.0 -9999.0 -9999.0 -9999.0
-9999.0 -9999.0 323.943193 225.809388 126.939827 27.801084 -71.441640 -170.727080 -270.025151 -369.314595 -468.574379 -567.764802 -666.804376 -765.678172 -864.527936 -963.337043 -1062.064424 -1160.449865 -1257.944877 -1354.083813 -1447.668501 -1536.563900 -1617.864868 -1688.851113 -1747.966029 -1795.126993 -1831.413449 -1858.524630 -1878.310756 -1892.483366 -1902.484736 -1909.459164 -1914.277220 -1917.581272 -1919.835054 -1921.370553 -1922.436410 -1923.281823 -1924.395571 -1926.952629 -1929.908706 -1887.499259 -1223.047083 -1263.599525 -1244.128121 -1231.169960 -1225.129995 -1224.226261 -1224.129541 -1224.137851 -1224.161137 -1224.186246 -1224.210383 -1224.232741 -1224.253545 -1224.278230 -1224.357795 -1224.894038 -1228.089505 -1235.189559 -1243.711708 -1190.648406 -1857.963040 -1923.274946 -1925.588273 -1924.897940 -1924.676763 -1924.632589 -1924.625382 -1924.624689 -1924.625026 -1924.625447 -1924.625802 -1924.626082 -1924.626301 -1924.626476 -1924.626619 -1924.626738 -1924.626842 -1924.626938 -1924.627033 -1924.627139 -1924.627269 -1924.627444 -1924.627694 -1924.628070 -1924.628651 -1924.629574 -1924.631071 -1924.633558 -1924.637801 -1924.645253 -1924.658755 -1924.683980 -1924.732538 -1924.829009 -1925.028280 -1925.462021 -1926.473221 -1929.047459 -1936.403592 -1960.741036 -9999.0 -9999.0
-9999.0 -9999.0 323.950281 225.811102 126.940282 27.801219 -71.441597 -170.727065 -270.025145 -369.314593 -468.574378 -567.764802 -666.804376 -765.678172 -864.527936 -963.337044 -1062.064424 -1160.449865 -1257.944877 -1354.083813 -1447.668501 -1536.563900 -1617.864868 -1688.851113 -1747.966029 -1795.126993 -1831.413449 -1858.524630 -1878.310756 -1892.483366 -1902.484736 -1909.459164 -1914.277220 -1917.581272 -1919.835054 -1921.370553 -1922.436410 -1923.281823 -1924.395571 -1926.952629 -1929.908706 -1887.499259 -1223.047083 -1263.599525 -1244.128121 -1231.169960 -1225.129995 -1224.226261 -1224.129541 -1224.137851 -1224.161137 -1224.186246 -1224.210383 -1224.232741 -1224.253545 -1224.278230 -1224.357795 -1224.894038 -1228.089505 -1235.189559 -1243.711708 -1190.648406 -1857.963040 -1923.274946 -1925.588273 -1924.897940 -1924.676763 -1924.632589 -1924.625382 -1924.624689 -1924.625026 -1924.625447 -1924.625802 -1924.626082 -1924.626301 -1924.626476 -1924.626619 -1924.626738 -1924.626842 -1924.626938 -1924.627033 -1924.627139 -1924.627269 -1924.627444 -1924.627694 -1924.628070 -1924.628651 -1924.629574 -1924.631071 -1924.633558 -1924.637801 -1924.645253 -1924.658755 -1924.683980 -1924.732538 -1924.829009 -1925.028280 -1925.462021 -1926.473221 -1929.047459 -1936.403592 -1960.741036 -9999.0 -9999.0
-9999.0 -9999.0 323.951623 225.811831 126.940572 27.801325 -71.441559 -170.727052 -270.025140 -369.314591 -468.574377 -567.764801 -666.804375 -765.678172 -864.527937 -963.337044 -1062.064424 -1160.449865 -1257.944877 -1354.083814 -1447.668501 -1536.563900 -1617.864868 -1688.851113 -1747.966029 -1795.126993 -1831.413449 -1858.524630 -1878.310756 -1892.483366 -1902.484736 -1909.459164 -1914.277220 -1917.581272 -1919.835054 -1921.370553 -1922.436410 -1923.281823 -1924.395571 -1926.952629 -1929.908706 -1887.499259 -1223.047083 -1263.599525 -1244.128121 -1231.169960 -1225.129995 -1224.226261 -1224.129541 -1224.137851 -1224.161137 -1224.186246 -1224.210383 -1224.232741 -1224.253545 -1224.278230 -1224.357795 -1224.894038 -1228.089505 -1235.189559 -1243.711708 -1190.648406 -1857.963040 -1923.274946 -1925.588273 -1924.897940 -1924.676763 -1924.632589 -1924.625382 -1924.624689 -1924.625026 -1924.625447 -1924.625802 -1924.626082 -1924.626301 -1924.626476 -1924.626619 -1924.626738 -1924.626842 -1924.626938 -1924.627033 -1924.627139 -1924.627269 -1924.627444 -1924.627694 -1924.628070 -1924.628651 -1924.629574 -1924.631071 -1924.633558 -1924.637801 -1924.645253 -1924.658755 -1924.683980 -1924.732538 -1924.829009 -1925.028280 -1925.462021 -1926.473221 -1929.047459 -1936.403592 -1960.741036 -9999.0 -9999.0
-9999.0 -9999.0 323.951623 225.811831 126.940572 27.801325 -71.441559 -170.727052 -270.025140 -369.314591 -468.574377 -567.764801 -666.804375 -765.678172 -864.527937 -963.337044 -1062.064424 -1160.449865 -1257.944877 -1354.083814 -1447.668501 -1536.563900 -1617.864868 -1688.851113 -1747.966029 -1795.126993 -1831.413449 -1858.524630 -1878.310756 -1892.483366 -1902.484736 -1909.459164 -1914.277220 -1917.581272 -1919.835054 -1921.370553 -1922.436410 -1923.281823 -1924.395571 -1926.952629 -1929.908706 -1887.499259 -1223.047083 -1263.599525 -1244.128121 -1231.169960 -1225.129995 -1224.226261 -1224.129541 -1224.137851 -1224.161137 -1224.186246 -1224.210383 -1224.232741 -1224.253545 -1224.278230 -1224.357795 -1224.894038 -1228.089505 -1235.189559 -1243.711708 -1190.648406 -1857.963040 -1923.274946 -1925.588273 -1924.897940 -1924.676763 -1924.632589 -1924.625382 -1924.624689 -1924.625026 -1924.625447 -1924.625802 -1924.626082 -1924.626301 -1924.626476 -1924.626619 -1924.626738 -1924.626842 -1924.626938 -1924.627033 -1924.627139 -1924.627269 -1924.627444 -1924.627694 -1924.628070 -1924.628651 -1924.629574 -1924.631071 -1924.633558 -1924.637801 -1924.645253 -1924.658755 -1924.683980 -1924.732538 -1924.829009 -1925.028280 -1925.462021 -1926.473221 -1929.047459 -1936.403592 -1960.741036 -9999.0 -9999.0
-9999.0 -9999.0 323.950281 225.811102 126.940282 27.801219 -71.441597 -170.727065 -270.025145 -369.314593 -468.574378 -567.764802 -666.804376 -765.678172 -864.527937 -963.337044 -1062.064424 -1160.449865 -1257.944877 -1354.083813 -1447.668501 -1536.563900 -1617.864868 -1688.851113 -1747.966029 -1795.126993 -1831.413449 -1858.524630 -1878.310756 -1892.483366 -1902.484736 -1909.459164 -1914.277220 -1917.581272 -1919.835054 -1921.370553 -1922.436410 -1923.281823 -1924.395571 -1926.952629 -1929.908706 -1887.499259 -1223.047083 -1263.599525 -1244.128121 -1231.169960 -1225.129995 -1224.226261 -1224.129541 -1224.137851 -1224.161137 -1224.186246 -1224.210383 -1224.232741 -1224.253545 -1224.278230 -1224.357795 -1224.894038 -1228.089505 -1235.189559 -1243.711708 -1190.648406 -1857.963040 -1923.274946 -1925.588273 -1924.897940 -1924.676763 -1924.632589 -1924.625382 -1924.624689 -1924.625026 -1924.625447 -1924.625802 -1924.626082 -1924.626301 -1924.626476 -1924.626619 -1924.626738 -1924.626842 -1924.626938 -1924.627033 -1924.627139 -1924.627269 -1924.627444 -1924.627694 -1924.628070 -1924.628651 -1924.629574 -1924.631071 -1924.633558 -1924.637801 -1924.645253 -1924.658755 -1924.683980 -1924.732538 -1924.829009 -1925.028280 -1925.462021 -1926.473221 -1929.047459 -1936.403592 -1960.741036 -9999.0 -9999.0
-9999.0 -9999.0 323.943193 225.809388 126.939827 27.801084 -71.441640 -170.727080 -270.025151 -369.314595 -468.574379 -567.764802 -666.804376 -765.678172 -864.527936 -963.337043 -1062.064424 -1160.449865 -1257.944877 -1354.083813 -1447.668501 -1536.563900 -1617.864868 -1688.851113 -1747.966029 -1795.126993 -1831.413449 -1858.524630 -1878.310756 -1892.483366 -1902.484736 -1909.459164 -1914.277220 -1917.581272 -1919.835054 -1921.370553 -1922.436410 -1923.281823 -1924.395571 -1926.952629 -1929.908706 -1887.499259 -1223.047083 -1263.599525 -1244.128121 -1231.169960 -1225.129995 -1224.226261 -1224.129541 -1224.137851 -1224.161137 -1224.186246 -1224.210383 -1224.232741 -1224.253545 -1224.278230 -1224.357795 -1224.894038 -1228.089505 -1235.189559 -1243.711708 -1190.648406 -1857.963040 -1923.274946 -1925.588273 -1924.897940 -1924.676763 -1924.632589 -1924.625382 -1924.624689 -1924.625026 -1924.625447 -1924.625802 -1924.626082 -1924.626301 -1924.626476 -1924.626619 -1924.626738 -1924.626842 -1924.626938 -1924.627033 -1924.627139 -1924.627269 -1924.627444 -1924.627694 -1924.628070 -1924.628651 -1924.629574 -1924.631071 -1924.633558 -1924.637801 -1924.645253 -1924.658755 -1924.683980 -1924.732538 -1924.829009 -1925.028280 -1925.462021 -1926.473221 -1929.047459 -1936.403592 -1960.741036 -9999.0 -9999.0
-9999.0 -9999.0 -9999.0 -9999.0 -9999.0 -9999.0 -9999.0 -9999.0 -9999.0 -9999.0 -9999.0 -9999.0 -9999.0 -9999.0 -9999.0 -9999.0 -9999.0 -9999.0 -9999.0 -9999.0 -9999.0 -9999.0 -9999.0 -9999.0 -9999.0 -9999.0 -9999.0 -9999.0 -9999.0 -9999.0 -9999.0 -9999.0 -9999.0 -9999.0 -9999.0 -9999.0 -9999.0 -9999.0 -9999.0 -9999.0 -9999.0 -9999.0 -9999.0 -9999.0 -9999.0 -9999.0 -9999.0 -9999.0 -9999.0 -9999.0 -9999.0 -9999.0 -9999.0 -9999.0 -9999.0 -9999.0 -9999.0 -9999.0 -9999.0 -9999.0 -9999.0 -9999.0 -9999.0 -9999.0 -9999.0 -9999.0 -9999.0 -9999.0 -9999.0 -9999.0 -9999.0 -9999.0 -9999.0 -9999.0 -9999.0 -9999.0 -9999.0 -9999.0 -9999.0 -9999.0 -9999.0 -9999.0 -9999.0 -9999.0 -9999.0 -9999.0 -9999.0 -9999.0 -9999.0 -9999.0 -9999.0 -9999.0 -9999.0 -9999.0 -9999.0 -9999.0 -9999.0 -9999.0 -9999.0 -9999.0 -9999.0 -9999.0 -9999.0 -9999.0
-9999.0 -9999.0 -9999.0 -9999.0 -9999.0 -9999.0 -9999.0 -9999.0 -9999.0 -9999.0 -9999.0 -9999.0 -9999.0 -9999.0 -9999.0 -9999.0 -9999.0 -9999.0 -9999.0 -9999.0 -9999.0 -9999.0 -9999.0 -9999.0 -9999.0 -9999.0 -9999.0 -9999.0 -9999.0 -9999.0 -9999.0 -9999.0 -9999.0 -9999.0 -9999.0 -9999.0 -9999.0 -9999.0 -9999.0 -9999.0 -9999.0 -9999.0 -9999.0 -9999.0 -9999.0 -9999.0 -9999.0 -9999.0 -9999.0 -9999.0 -9999.0 -9999.0 -9999.0 -9999.0 -9999.0 -9999.0 -9999.0 -9999.0 -9999.0 -9999.0 -9999.0 -9999.0 -9999.0 -9999.0 -9999.0 -9999.0 -9999.0 -9999.0 -9999.0 -9999.0 -9999.0 -9999.0 -9999.0 -9999.0 -9999.0 -9999.0 -9999.0 -9999.0 -9999.0 -9999.0 -9999.0 -9999.0 -9999.0 -9999.0 -9999.0 -9999.0 -9999.0 -9999.0 -9999.0 -9999.0 -9999.0 -9999.0 -9999.0 -9999.0 -9999.0 -9999.0 -9999.0 -9999.0 -9999.0 -9999.0 -9999.0 -9999.0 -9999.0 -9999.0