inst/processing_geotop_simulation/geotop_simulation/out/maps3D/PwL0013N0337.asc
ncols         104
nrows         10
xllcorner     -2.000000
yllcorner     0.000000
cellsize      1.000000
NODATA_value  -9999.0
-9999.0 -9999.0 -9999.0 -9999.0 -9999.0 -9999.0 -9999.0 -9999.0 -9999.0 -9999.0 -9999.0 -9999.0 -9999.0 -9999.0 -9999.0 -9999.0 -9999.0 -9999.0 -9999.0 -9999.0 -9999.0 -9999.0 -9999.0 -9999.0 -9999.0 -9999.0 -9999.0 -9999.0 -9999.0 -9999.0 -9999.0 -9999.0 -9999.0 -9999.0 -9999.0 -9999.0 -9999.0 -9999.0 -9999.0 -9999.0 -9999.0 -9999.0 -9999.0 -9999.0 -9999.0 -9999.0 -9999.0 -9999.0 -9999.0 -9999.0 -9999.0 -9999.0 -9999.0 -9999.0 -9999.0 -9999.0 -9999.0 -9999.0 -9999.0 -9999.0 -9999.0 -9999.0 -9999.0 -9999.0 -9999.0 -9999.0 -9999.0 -9999.0 -9999.0 -9999.0 -9999.0 -9999.0 -9999.0 -9999.0 -9999.0 -9999.0 -9999.0 -9999.0 -9999.0 -9999.0 -9999.0 -9999.0 -9999.0 -9999.0 -9999.0 -9999.0 -9999.0 -9999.0 -9999.0 -9999.0 -9999.0 -9999.0 -9999.0 -9999.0 -9999.0 -9999.0 -9999.0 -9999.0 -9999.0 -9999.0 -9999.0 -9999.0 -9999.0 -9999.0
-9999.0 -9999.0 -9999.0 -9999.0 -9999.0 -9999.0 -9999.0 -9999.0 -9999.0 -9999.0 -9999.0 -9999.0 -9999.0 -9999.0 -9999.0 -9999.0 -9999.0 -9999.0 -9999.0 -9999.0 -9999.0 -9999.0 -9999.0 -9999.0 -9999.0 -9999.0 -9999.0 -9999.0 -9999.0 -9999.0 -9999.0 -9999.0 -9999.0 -9999.0 -9999.0 -9999.0 -9999.0 -9999.0 -9999.0 -9999.0 -9999.0 -9999.0 -9999.0 -9999.0 -9999.0 -9999.0 -9999.0 -9999.0 -9999.0 -9999.0 -9999.0 -9999.0 -9999.0 -9999.0 -9999.0 -9999.0 -9999.0 -9999.0 -9999.0 -9999.0 -9999.0 -9999.0 -9999.0 -9999.0 -9999.0 -9999.0 -9999.0 -9999.0 -9999.0 -9999.0 -9999.0 -9999.0 -9999.0 -9999.0 -9999.0 -9999.0 -9999.0 -9999.0 -9999.0 -9999.0 -9999.0 -9999.0 -9999.0 -9999.0 -9999.0 -9999.0 -9999.0 -9999.0 -9999.0 -9999.0 -9999.0 -9999.0 -9999.0 -9999.0 -9999.0 -9999.0 -9999.0 -9999.0 -9999.0 -9999.0 -9999.0 -9999.0 -9999.0 -9999.0
-9999.0 -9999.0 622.523772 524.350744 425.734906 326.849861 227.842640 128.783611 29.707889 -69.362511 -168.419691 -267.451504 -366.430679 -465.301313 -563.970548 -662.313994 -760.462775 -858.626518 -956.533210 -1054.117678 -1150.026057 -1241.778336 -1327.742829 -1405.330695 -1472.500182 -1528.262734 -1572.775018 -1607.092598 -1632.777484 -1651.534343 -1664.961096 -1674.420378 -1681.001489 -1685.535972 -1688.638022 -1690.753019 -1692.211747 -1693.322353 -1694.647032 -1697.815839 -1706.316791 -1718.189313 -1680.723140 -3169.813849 -2831.896566 -2619.755150 -2529.996946 -2518.576113 -2517.423312 -2517.542058 -2517.841004 -2518.161437 -2518.469122 -2518.753909 -2519.017446 -2519.317174 -2520.219691 -2526.617261 -2571.914379 -2679.814197 -2796.962405 -1522.571090 -1680.593860 -1698.412126 -1696.575547 -1695.532701 -1695.289126 -1695.244897 -1695.238032 -1695.237475 -1695.237887 -1695.238363 -1695.238761 -1695.239074 -1695.239321 -1695.239519 -1695.239680 -1695.239817 -1695.239936 -1695.240045 -1695.240155 -1695.240276 -1695.240423 -1695.240619 -1695.240897 -1695.241311 -1695.241949 -1695.242958 -1695.244592 -1695.247298 -1695.251904 -1695.259977 -1695.274576 -1695.301811 -1695.354173 -1695.458090 -1695.672514 -1696.138466 -1697.219858 -1699.939451 -1707.536987 -1732.055514 -9999.0 -9999.0
-9999.0 -9999.0 622.528488 524.352215 425.735338 326.849995 227.842684 128.783626 29.707894 -69.362509 -168.419690 -267.451504 -366.430679 -465.301313 -563.970548 -662.313994 -760.462775 -858.626518 -956.533210 -1054.117678 -1150.026057 -1241.778336 -1327.742829 -1405.330695 -1472.500182 -1528.262735 -1572.775018 -1607.092598 -1632.777484 -1651.534343 -1664.961096 -1674.420378 -1681.001489 -1685.535972 -1688.638022 -1690.753019 -1692.211747 -1693.322353 -1694.647032 -1697.815839 -1706.316791 -1718.189313 -1680.723139 -3169.813846 -2831.896563 -2619.755144 -2529.996947 -2518.576113 -2517.423312 -2517.542058 -2517.841004 -2518.161437 -2518.469122 -2518.753909 -2519.017446 -2519.317174 -2520.219691 -2526.617261 -2571.914379 -2679.814197 -2796.962405 -1522.571090 -1680.593860 -1698.412126 -1696.575547 -1695.532701 -1695.289126 -1695.244897 -1695.238032 -1695.237475 -1695.237887 -1695.238363 -1695.238761 -1695.239074 -1695.239321 -1695.239519 -1695.239680 -1695.239817 -1695.239936 -1695.240045 -1695.240155 -1695.240276 -1695.240423 -1695.240619 -1695.240897 -1695.241311 -1695.241949 -1695.242958 -1695.244592 -1695.247298 -1695.251904 -1695.259977 -1695.274576 -1695.301811 -1695.354173 -1695.458090 -1695.672514 -1696.138466 -1697.219858 -1699.939451 -1707.536987 -1732.055514 -9999.0 -9999.0
-9999.0 -9999.0 622.529828 524.352915 425.735622 326.850101 227.842722 128.783640 29.707899 -69.362507 -168.419689 -267.451504 -366.430678 -465.301313 -563.970548 -662.313994 -760.462775 -858.626519 -956.533211 -1054.117678 -1150.026057 -1241.778336 -1327.742829 -1405.330695 -1472.500182 -1528.262735 -1572.775018 -1607.092598 -1632.777484 -1651.534343 -1664.961096 -1674.420378 -1681.001489 -1685.535972 -1688.638022 -1690.753019 -1692.211747 -1693.322353 -1694.647032 -1697.815839 -1706.316791 -1718.189313 -1680.723139 -3169.813846 -2831.896562 -2619.755142 -2529.996946 -2518.576113 -2517.423312 -2517.542058 -2517.841004 -2518.161437 -2518.469122 -2518.753909 -2519.017446 -2519.317174 -2520.219691 -2526.617261 -2571.914379 -2679.814197 -2796.962405 -1522.571090 -1680.593860 -1698.412126 -1696.575547 -1695.532701 -1695.289126 -1695.244897 -1695.238032 -1695.237475 -1695.237887 -1695.238363 -1695.238761 -1695.239074 -1695.239321 -1695.239519 -1695.239680 -1695.239817 -1695.239936 -1695.240045 -1695.240155 -1695.240276 -1695.240423 -1695.240619 -1695.240897 -1695.241311 -1695.241949 -1695.242958 -1695.244592 -1695.247298 -1695.251904 -1695.259977 -1695.274576 -1695.301811 -1695.354173 -1695.458090 -1695.672514 -1696.138466 -1697.219858 -1699.939451 -1707.536987 -1732.055514 -9999.0 -9999.0
-9999.0 -9999.0 622.529828 524.352915 425.735622 326.850101 227.842723 128.783640 29.707899 -69.362507 -168.419689 -267.451504 -366.430678 -465.301313 -563.970548 -662.313994 -760.462775 -858.626519 -956.533211 -1054.117678 -1150.026057 -1241.778337 -1327.742829 -1405.330695 -1472.500182 -1528.262735 -1572.775018 -1607.092598 -1632.777484 -1651.534343 -1664.961096 -1674.420378 -1681.001489 -1685.535972 -1688.638022 -1690.753019 -1692.211747 -1693.322353 -1694.647032 -1697.815839 -1706.316791 -1718.189313 -1680.723139 -3169.813846 -2831.896562 -2619.755142 -2529.996946 -2518.576113 -2517.423312 -2517.542058 -2517.841004 -2518.161437 -2518.469122 -2518.753909 -2519.017446 -2519.317174 -2520.219691 -2526.617261 -2571.914379 -2679.814197 -2796.962405 -1522.571090 -1680.593860 -1698.412126 -1696.575547 -1695.532701 -1695.289126 -1695.244897 -1695.238032 -1695.237475 -1695.237887 -1695.238363 -1695.238761 -1695.239074 -1695.239321 -1695.239519 -1695.239680 -1695.239817 -1695.239936 -1695.240045 -1695.240155 -1695.240276 -1695.240423 -1695.240619 -1695.240897 -1695.241311 -1695.241949 -1695.242958 -1695.244592 -1695.247298 -1695.251904 -1695.259977 -1695.274576 -1695.301811 -1695.354173 -1695.458090 -1695.672514 -1696.138466 -1697.219858 -1699.939451 -1707.536987 -1732.055514 -9999.0 -9999.0
-9999.0 -9999.0 622.528488 524.352215 425.735338 326.849995 227.842684 128.783626 29.707894 -69.362508 -168.419690 -267.451504 -366.430679 -465.301313 -563.970548 -662.313994 -760.462775 -858.626518 -956.533210 -1054.117678 -1150.026057 -1241.778336 -1327.742829 -1405.330695 -1472.500182 -1528.262735 -1572.775018 -1607.092598 -1632.777484 -1651.534343 -1664.961096 -1674.420378 -1681.001489 -1685.535972 -1688.638022 -1690.753019 -1692.211747 -1693.322353 -1694.647032 -1697.815839 -1706.316791 -1718.189313 -1680.723139 -3169.813846 -2831.896563 -2619.755144 -2529.996947 -2518.576113 -2517.423312 -2517.542058 -2517.841004 -2518.161437 -2518.469122 -2518.753909 -2519.017446 -2519.317174 -2520.219691 -2526.617261 -2571.914379 -2679.814197 -2796.962405 -1522.571090 -1680.593860 -1698.412126 -1696.575547 -1695.532701 -1695.289126 -1695.244897 -1695.238032 -1695.237475 -1695.237887 -1695.238363 -1695.238761 -1695.239074 -1695.239321 -1695.239519 -1695.239680 -1695.239817 -1695.239936 -1695.240045 -1695.240155 -1695.240276 -1695.240423 -1695.240619 -1695.240897 -1695.241311 -1695.241949 -1695.242958 -1695.244592 -1695.247298 -1695.251904 -1695.259977 -1695.274576 -1695.301811 -1695.354173 -1695.458090 -1695.672514 -1696.138466 -1697.219858 -1699.939451 -1707.536987 -1732.055514 -9999.0 -9999.0
-9999.0 -9999.0 622.523772 524.350744 425.734906 326.849861 227.842640 128.783611 29.707889 -69.362511 -168.419691 -267.451504 -366.430679 -465.301313 -563.970548 -662.313994 -760.462774 -858.626518 -956.533210 -1054.117678 -1150.026057 -1241.778336 -1327.742829 -1405.330695 -1472.500182 -1528.262734 -1572.775018 -1607.092598 -1632.777484 -1651.534343 -1664.961096 -1674.420378 -1681.001489 -1685.535971 -1688.638022 -1690.753019 -1692.211747 -1693.322353 -1694.647032 -1697.815839 -1706.316791 -1718.189313 -1680.723140 -3169.813848 -2831.896566 -2619.755150 -2529.996946 -2518.576113 -2517.423312 -2517.542058 -2517.841004 -2518.161437 -2518.469122 -2518.753909 -2519.017446 -2519.317174 -2520.219691 -2526.617261 -2571.914379 -2679.814197 -2796.962405 -1522.571090 -1680.593860 -1698.412126 -1696.575547 -1695.532701 -1695.289126 -1695.244897 -1695.238032 -1695.237475 -1695.237887 -1695.238363 -1695.238761 -1695.239074 -1695.239321 -1695.239519 -1695.239680 -1695.239817 -1695.239936 -1695.240045 -1695.240155 -1695.240276 -1695.240423 -1695.240619 -1695.240897 -1695.241311 -1695.241949 -1695.242958 -1695.244592 -1695.247298 -1695.251904 -1695.259977 -1695.274576 -1695.301811 -1695.354173 -1695.458090 -1695.672514 -1696.138466 -1697.219858 -1699.939451 -1707.536987 -1732.055514 -9999.0 -9999.0
-9999.0 -9999.0 -9999.0 -9999.0 -9999.0 -9999.0 -9999.0 -9999.0 -9999.0 -9999.0 -9999.0 -9999.0 -9999.0 -9999.0 -9999.0 -9999.0 -9999.0 -9999.0 -9999.0 -9999.0 -9999.0 -9999.0 -9999.0 -9999.0 -9999.0 -9999.0 -9999.0 -9999.0 -9999.0 -9999.0 -9999.0 -9999.0 -9999.0 -9999.0 -9999.0 -9999.0 -9999.0 -9999.0 -9999.0 -9999.0 -9999.0 -9999.0 -9999.0 -9999.0 -9999.0 -9999.0 -9999.0 -9999.0 -9999.0 -9999.0 -9999.0 -9999.0 -9999.0 -9999.0 -9999.0 -9999.0 -9999.0 -9999.0 -9999.0 -9999.0 -9999.0 -9999.0 -9999.0 -9999.0 -9999.0 -9999.0 -9999.0 -9999.0 -9999.0 -9999.0 -9999.0 -9999.0 -9999.0 -9999.0 -9999.0 -9999.0 -9999.0 -9999.0 -9999.0 -9999.0 -9999.0 -9999.0 -9999.0 -9999.0 -9999.0 -9999.0 -9999.0 -9999.0 -9999.0 -9999.0 -9999.0 -9999.0 -9999.0 -9999.0 -9999.0 -9999.0 -9999.0 -9999.0 -9999.0 -9999.0 -9999.0 -9999.0 -9999.0 -9999.0
-9999.0 -9999.0 -9999.0 -9999.0 -9999.0 -9999.0 -9999.0 -9999.0 -9999.0 -9999.0 -9999.0 -9999.0 -9999.0 -9999.0 -9999.0 -9999.0 -9999.0 -9999.0 -9999.0 -9999.0 -9999.0 -9999.0 -9999.0 -9999.0 -9999.0 -9999.0 -9999.0 -9999.0 -9999.0 -9999.0 -9999.0 -9999.0 -9999.0 -9999.0 -9999.0 -9999.0 -9999.0 -9999.0 -9999.0 -9999.0 -9999.0 -9999.0 -9999.0 -9999.0 -9999.0 -9999.0 -9999.0 -9999.0 -9999.0 -9999.0 -9999.0 -9999.0 -9999.0 -9999.0 -9999.0 -9999.0 -9999.0 -9999.0 -9999.0 -9999.0 -9999.0 -9999.0 -9999.0 -9999.0 -9999.0 -9999.0 -9999.0 -9999.0 -9999.0 -9999.0 -9999.0 -9999.0 -9999.0 -9999.0 -9999.0 -9999.0 -9999.0 -9999.0 -9999.0 -9999.0 -9999.0 -9999.0 -9999.0 -9999.0 -9999.0 -9999.0 -9999.0 -9999.0 -9999.0 -9999.0 -9999.0 -9999.0 -9999.0 -9999.0 -9999.0 -9999.0 -9999.0 -9999.0 -9999.0 -9999.0 -9999.0 -9999.0 -9999.0 -9999.0