inst/processing_geotop_simulation/geotop_simulation/out/maps3D/PwL0006N0389.asc
ncols         104
nrows         10
xllcorner     -2.000000
yllcorner     0.000000
cellsize      1.000000
NODATA_value  -9999.0
-9999.0 -9999.0 -9999.0 -9999.0 -9999.0 -9999.0 -9999.0 -9999.0 -9999.0 -9999.0 -9999.0 -9999.0 -9999.0 -9999.0 -9999.0 -9999.0 -9999.0 -9999.0 -9999.0 -9999.0 -9999.0 -9999.0 -9999.0 -9999.0 -9999.0 -9999.0 -9999.0 -9999.0 -9999.0 -9999.0 -9999.0 -9999.0 -9999.0 -9999.0 -9999.0 -9999.0 -9999.0 -9999.0 -9999.0 -9999.0 -9999.0 -9999.0 -9999.0 -9999.0 -9999.0 -9999.0 -9999.0 -9999.0 -9999.0 -9999.0 -9999.0 -9999.0 -9999.0 -9999.0 -9999.0 -9999.0 -9999.0 -9999.0 -9999.0 -9999.0 -9999.0 -9999.0 -9999.0 -9999.0 -9999.0 -9999.0 -9999.0 -9999.0 -9999.0 -9999.0 -9999.0 -9999.0 -9999.0 -9999.0 -9999.0 -9999.0 -9999.0 -9999.0 -9999.0 -9999.0 -9999.0 -9999.0 -9999.0 -9999.0 -9999.0 -9999.0 -9999.0 -9999.0 -9999.0 -9999.0 -9999.0 -9999.0 -9999.0 -9999.0 -9999.0 -9999.0 -9999.0 -9999.0 -9999.0 -9999.0 -9999.0 -9999.0 -9999.0 -9999.0
-9999.0 -9999.0 -9999.0 -9999.0 -9999.0 -9999.0 -9999.0 -9999.0 -9999.0 -9999.0 -9999.0 -9999.0 -9999.0 -9999.0 -9999.0 -9999.0 -9999.0 -9999.0 -9999.0 -9999.0 -9999.0 -9999.0 -9999.0 -9999.0 -9999.0 -9999.0 -9999.0 -9999.0 -9999.0 -9999.0 -9999.0 -9999.0 -9999.0 -9999.0 -9999.0 -9999.0 -9999.0 -9999.0 -9999.0 -9999.0 -9999.0 -9999.0 -9999.0 -9999.0 -9999.0 -9999.0 -9999.0 -9999.0 -9999.0 -9999.0 -9999.0 -9999.0 -9999.0 -9999.0 -9999.0 -9999.0 -9999.0 -9999.0 -9999.0 -9999.0 -9999.0 -9999.0 -9999.0 -9999.0 -9999.0 -9999.0 -9999.0 -9999.0 -9999.0 -9999.0 -9999.0 -9999.0 -9999.0 -9999.0 -9999.0 -9999.0 -9999.0 -9999.0 -9999.0 -9999.0 -9999.0 -9999.0 -9999.0 -9999.0 -9999.0 -9999.0 -9999.0 -9999.0 -9999.0 -9999.0 -9999.0 -9999.0 -9999.0 -9999.0 -9999.0 -9999.0 -9999.0 -9999.0 -9999.0 -9999.0 -9999.0 -9999.0 -9999.0 -9999.0
-9999.0 -9999.0 274.389167 176.426367 77.608807 -21.495359 -120.710025 -219.969797 -319.240860 -418.499467 -517.720087 -616.848568 -715.778557 -814.638512 -913.405620 -1012.148991 -1110.829862 -1208.840661 -1305.980503 -1401.542581 -1494.176472 -1581.531229 -1660.554583 -1728.608593 -1784.439088 -1828.333088 -1861.661372 -1886.278818 -1904.071858 -1916.713119 -1925.571811 -1931.712019 -1935.931039 -1938.810355 -1940.765904 -1942.093413 -1943.014141 -1943.754839 -1944.782583 -1947.261091 -1950.077746 -1903.782063 -1207.278914 -1231.948949 -1215.637984 -1204.795276 -1199.725811 -1198.957607 -1198.874984 -1198.882103 -1198.902055 -1198.923572 -1198.944260 -1198.963424 -1198.981262 -1199.002469 -1199.070934 -1199.529533 -1202.222494 -1208.191467 -1215.577236 -1179.762692 -1875.844519 -1943.628822 -1945.858607 -1945.158323 -1944.940797 -1944.898055 -1944.891169 -1944.890543 -1944.890898 -1944.891328 -1944.891687 -1944.891969 -1944.892189 -1944.892363 -1944.892504 -1944.892622 -1944.892723 -1944.892816 -1944.892909 -1944.893013 -1944.893140 -1944.893313 -1944.893562 -1944.893938 -1944.894523 -1944.895454 -1944.896968 -1944.899485 -1944.903780 -1944.911322 -1944.924979 -1944.950475 -1944.999498 -1945.096712 -1945.296962 -1945.731217 -1946.739344 -1949.295244 -1956.580551 -1980.726562 -9999.0 -9999.0
-9999.0 -9999.0 274.396867 176.428134 77.609269 -21.495223 -120.709981 -219.969782 -319.240855 -418.499465 -517.720086 -616.848568 -715.778556 -814.638512 -913.405620 -1012.148991 -1110.829862 -1208.840661 -1305.980503 -1401.542581 -1494.176472 -1581.531229 -1660.554583 -1728.608593 -1784.439088 -1828.333088 -1861.661372 -1886.278818 -1904.071858 -1916.713119 -1925.571811 -1931.712019 -1935.931039 -1938.810355 -1940.765904 -1942.093413 -1943.014141 -1943.754839 -1944.782583 -1947.261091 -1950.077746 -1903.782063 -1207.278914 -1231.948949 -1215.637984 -1204.795276 -1199.725811 -1198.957607 -1198.874984 -1198.882103 -1198.902055 -1198.923572 -1198.944260 -1198.963424 -1198.981262 -1199.002469 -1199.070934 -1199.529533 -1202.222494 -1208.191467 -1215.577236 -1179.762692 -1875.844519 -1943.628822 -1945.858607 -1945.158323 -1944.940797 -1944.898055 -1944.891169 -1944.890543 -1944.890898 -1944.891328 -1944.891687 -1944.891969 -1944.892189 -1944.892363 -1944.892504 -1944.892622 -1944.892723 -1944.892816 -1944.892909 -1944.893013 -1944.893140 -1944.893313 -1944.893562 -1944.893938 -1944.894523 -1944.895454 -1944.896968 -1944.899485 -1944.903780 -1944.911322 -1944.924979 -1944.950475 -1944.999498 -1945.096712 -1945.296962 -1945.731217 -1946.739344 -1949.295244 -1956.580551 -1980.726562 -9999.0 -9999.0
-9999.0 -9999.0 274.398201 176.428875 77.609563 -21.495116 -120.709943 -219.969769 -319.240850 -418.499463 -517.720085 -616.848567 -715.778556 -814.638512 -913.405620 -1012.148991 -1110.829862 -1208.840661 -1305.980504 -1401.542581 -1494.176472 -1581.531229 -1660.554584 -1728.608593 -1784.439088 -1828.333088 -1861.661373 -1886.278818 -1904.071858 -1916.713119 -1925.571811 -1931.712019 -1935.931039 -1938.810355 -1940.765904 -1942.093413 -1943.014141 -1943.754839 -1944.782583 -1947.261091 -1950.077746 -1903.782063 -1207.278914 -1231.948949 -1215.637984 -1204.795276 -1199.725811 -1198.957607 -1198.874984 -1198.882103 -1198.902055 -1198.923572 -1198.944260 -1198.963424 -1198.981262 -1199.002469 -1199.070934 -1199.529533 -1202.222494 -1208.191467 -1215.577236 -1179.762692 -1875.844519 -1943.628822 -1945.858607 -1945.158323 -1944.940797 -1944.898055 -1944.891169 -1944.890543 -1944.890898 -1944.891328 -1944.891687 -1944.891969 -1944.892189 -1944.892363 -1944.892504 -1944.892622 -1944.892723 -1944.892816 -1944.892909 -1944.893013 -1944.893140 -1944.893313 -1944.893562 -1944.893938 -1944.894523 -1944.895454 -1944.896968 -1944.899485 -1944.903780 -1944.911322 -1944.924979 -1944.950475 -1944.999498 -1945.096712 -1945.296962 -1945.731217 -1946.739344 -1949.295244 -1956.580551 -1980.726562 -9999.0 -9999.0
-9999.0 -9999.0 274.398201 176.428875 77.609563 -21.495116 -120.709943 -219.969769 -319.240850 -418.499463 -517.720085 -616.848567 -715.778556 -814.638512 -913.405620 -1012.148991 -1110.829862 -1208.840661 -1305.980504 -1401.542581 -1494.176472 -1581.531229 -1660.554584 -1728.608593 -1784.439088 -1828.333088 -1861.661373 -1886.278818 -1904.071858 -1916.713119 -1925.571811 -1931.712019 -1935.931039 -1938.810355 -1940.765904 -1942.093413 -1943.014141 -1943.754839 -1944.782583 -1947.261091 -1950.077746 -1903.782063 -1207.278914 -1231.948949 -1215.637984 -1204.795276 -1199.725811 -1198.957607 -1198.874984 -1198.882103 -1198.902055 -1198.923572 -1198.944260 -1198.963424 -1198.981262 -1199.002469 -1199.070934 -1199.529533 -1202.222494 -1208.191467 -1215.577236 -1179.762692 -1875.844519 -1943.628822 -1945.858607 -1945.158323 -1944.940797 -1944.898055 -1944.891169 -1944.890543 -1944.890898 -1944.891328 -1944.891687 -1944.891969 -1944.892189 -1944.892363 -1944.892504 -1944.892622 -1944.892723 -1944.892816 -1944.892909 -1944.893013 -1944.893140 -1944.893313 -1944.893562 -1944.893938 -1944.894523 -1944.895454 -1944.896968 -1944.899485 -1944.903780 -1944.911322 -1944.924979 -1944.950475 -1944.999498 -1945.096712 -1945.296962 -1945.731217 -1946.739344 -1949.295244 -1956.580551 -1980.726562 -9999.0 -9999.0
-9999.0 -9999.0 274.396867 176.428134 77.609269 -21.495223 -120.709981 -219.969782 -319.240855 -418.499465 -517.720086 -616.848567 -715.778557 -814.638512 -913.405620 -1012.148991 -1110.829862 -1208.840661 -1305.980504 -1401.542581 -1494.176472 -1581.531229 -1660.554583 -1728.608593 -1784.439088 -1828.333088 -1861.661372 -1886.278818 -1904.071858 -1916.713119 -1925.571811 -1931.712019 -1935.931039 -1938.810355 -1940.765904 -1942.093413 -1943.014141 -1943.754839 -1944.782583 -1947.261091 -1950.077746 -1903.782063 -1207.278914 -1231.948949 -1215.637984 -1204.795276 -1199.725811 -1198.957607 -1198.874984 -1198.882103 -1198.902055 -1198.923572 -1198.944260 -1198.963424 -1198.981262 -1199.002469 -1199.070934 -1199.529533 -1202.222494 -1208.191467 -1215.577236 -1179.762692 -1875.844519 -1943.628822 -1945.858607 -1945.158323 -1944.940797 -1944.898055 -1944.891169 -1944.890543 -1944.890898 -1944.891328 -1944.891687 -1944.891969 -1944.892189 -1944.892363 -1944.892504 -1944.892622 -1944.892723 -1944.892816 -1944.892909 -1944.893013 -1944.893140 -1944.893313 -1944.893562 -1944.893938 -1944.894523 -1944.895454 -1944.896968 -1944.899485 -1944.903780 -1944.911322 -1944.924979 -1944.950475 -1944.999498 -1945.096712 -1945.296962 -1945.731217 -1946.739344 -1949.295244 -1956.580551 -1980.726562 -9999.0 -9999.0
-9999.0 -9999.0 274.389167 176.426367 77.608807 -21.495359 -120.710025 -219.969797 -319.240860 -418.499467 -517.720087 -616.848568 -715.778557 -814.638512 -913.405620 -1012.148991 -1110.829862 -1208.840661 -1305.980503 -1401.542581 -1494.176472 -1581.531229 -1660.554583 -1728.608593 -1784.439088 -1828.333088 -1861.661372 -1886.278818 -1904.071858 -1916.713119 -1925.571811 -1931.712019 -1935.931039 -1938.810355 -1940.765904 -1942.093413 -1943.014141 -1943.754839 -1944.782583 -1947.261091 -1950.077746 -1903.782063 -1207.278914 -1231.948949 -1215.637984 -1204.795276 -1199.725811 -1198.957607 -1198.874984 -1198.882103 -1198.902055 -1198.923572 -1198.944260 -1198.963424 -1198.981262 -1199.002469 -1199.070934 -1199.529533 -1202.222494 -1208.191467 -1215.577236 -1179.762692 -1875.844519 -1943.628822 -1945.858607 -1945.158323 -1944.940797 -1944.898055 -1944.891169 -1944.890543 -1944.890898 -1944.891328 -1944.891687 -1944.891969 -1944.892189 -1944.892363 -1944.892504 -1944.892622 -1944.892723 -1944.892816 -1944.892909 -1944.893013 -1944.893140 -1944.893313 -1944.893562 -1944.893938 -1944.894523 -1944.895454 -1944.896968 -1944.899485 -1944.903780 -1944.911322 -1944.924979 -1944.950475 -1944.999498 -1945.096712 -1945.296962 -1945.731217 -1946.739344 -1949.295244 -1956.580551 -1980.726562 -9999.0 -9999.0
-9999.0 -9999.0 -9999.0 -9999.0 -9999.0 -9999.0 -9999.0 -9999.0 -9999.0 -9999.0 -9999.0 -9999.0 -9999.0 -9999.0 -9999.0 -9999.0 -9999.0 -9999.0 -9999.0 -9999.0 -9999.0 -9999.0 -9999.0 -9999.0 -9999.0 -9999.0 -9999.0 -9999.0 -9999.0 -9999.0 -9999.0 -9999.0 -9999.0 -9999.0 -9999.0 -9999.0 -9999.0 -9999.0 -9999.0 -9999.0 -9999.0 -9999.0 -9999.0 -9999.0 -9999.0 -9999.0 -9999.0 -9999.0 -9999.0 -9999.0 -9999.0 -9999.0 -9999.0 -9999.0 -9999.0 -9999.0 -9999.0 -9999.0 -9999.0 -9999.0 -9999.0 -9999.0 -9999.0 -9999.0 -9999.0 -9999.0 -9999.0 -9999.0 -9999.0 -9999.0 -9999.0 -9999.0 -9999.0 -9999.0 -9999.0 -9999.0 -9999.0 -9999.0 -9999.0 -9999.0 -9999.0 -9999.0 -9999.0 -9999.0 -9999.0 -9999.0 -9999.0 -9999.0 -9999.0 -9999.0 -9999.0 -9999.0 -9999.0 -9999.0 -9999.0 -9999.0 -9999.0 -9999.0 -9999.0 -9999.0 -9999.0 -9999.0 -9999.0 -9999.0
-9999.0 -9999.0 -9999.0 -9999.0 -9999.0 -9999.0 -9999.0 -9999.0 -9999.0 -9999.0 -9999.0 -9999.0 -9999.0 -9999.0 -9999.0 -9999.0 -9999.0 -9999.0 -9999.0 -9999.0 -9999.0 -9999.0 -9999.0 -9999.0 -9999.0 -9999.0 -9999.0 -9999.0 -9999.0 -9999.0 -9999.0 -9999.0 -9999.0 -9999.0 -9999.0 -9999.0 -9999.0 -9999.0 -9999.0 -9999.0 -9999.0 -9999.0 -9999.0 -9999.0 -9999.0 -9999.0 -9999.0 -9999.0 -9999.0 -9999.0 -9999.0 -9999.0 -9999.0 -9999.0 -9999.0 -9999.0 -9999.0 -9999.0 -9999.0 -9999.0 -9999.0 -9999.0 -9999.0 -9999.0 -9999.0 -9999.0 -9999.0 -9999.0 -9999.0 -9999.0 -9999.0 -9999.0 -9999.0 -9999.0 -9999.0 -9999.0 -9999.0 -9999.0 -9999.0 -9999.0 -9999.0 -9999.0 -9999.0 -9999.0 -9999.0 -9999.0 -9999.0 -9999.0 -9999.0 -9999.0 -9999.0 -9999.0 -9999.0 -9999.0 -9999.0 -9999.0 -9999.0 -9999.0 -9999.0 -9999.0 -9999.0 -9999.0 -9999.0 -9999.0