inst/processing_geotop_simulation/geotop_simulation/out/maps3D/PwL0013N0090.asc
ncols         104
nrows         10
xllcorner     -2.000000
yllcorner     0.000000
cellsize      1.000000
NODATA_value  -9999.0
-9999.0 -9999.0 -9999.0 -9999.0 -9999.0 -9999.0 -9999.0 -9999.0 -9999.0 -9999.0 -9999.0 -9999.0 -9999.0 -9999.0 -9999.0 -9999.0 -9999.0 -9999.0 -9999.0 -9999.0 -9999.0 -9999.0 -9999.0 -9999.0 -9999.0 -9999.0 -9999.0 -9999.0 -9999.0 -9999.0 -9999.0 -9999.0 -9999.0 -9999.0 -9999.0 -9999.0 -9999.0 -9999.0 -9999.0 -9999.0 -9999.0 -9999.0 -9999.0 -9999.0 -9999.0 -9999.0 -9999.0 -9999.0 -9999.0 -9999.0 -9999.0 -9999.0 -9999.0 -9999.0 -9999.0 -9999.0 -9999.0 -9999.0 -9999.0 -9999.0 -9999.0 -9999.0 -9999.0 -9999.0 -9999.0 -9999.0 -9999.0 -9999.0 -9999.0 -9999.0 -9999.0 -9999.0 -9999.0 -9999.0 -9999.0 -9999.0 -9999.0 -9999.0 -9999.0 -9999.0 -9999.0 -9999.0 -9999.0 -9999.0 -9999.0 -9999.0 -9999.0 -9999.0 -9999.0 -9999.0 -9999.0 -9999.0 -9999.0 -9999.0 -9999.0 -9999.0 -9999.0 -9999.0 -9999.0 -9999.0 -9999.0 -9999.0 -9999.0 -9999.0
-9999.0 -9999.0 -9999.0 -9999.0 -9999.0 -9999.0 -9999.0 -9999.0 -9999.0 -9999.0 -9999.0 -9999.0 -9999.0 -9999.0 -9999.0 -9999.0 -9999.0 -9999.0 -9999.0 -9999.0 -9999.0 -9999.0 -9999.0 -9999.0 -9999.0 -9999.0 -9999.0 -9999.0 -9999.0 -9999.0 -9999.0 -9999.0 -9999.0 -9999.0 -9999.0 -9999.0 -9999.0 -9999.0 -9999.0 -9999.0 -9999.0 -9999.0 -9999.0 -9999.0 -9999.0 -9999.0 -9999.0 -9999.0 -9999.0 -9999.0 -9999.0 -9999.0 -9999.0 -9999.0 -9999.0 -9999.0 -9999.0 -9999.0 -9999.0 -9999.0 -9999.0 -9999.0 -9999.0 -9999.0 -9999.0 -9999.0 -9999.0 -9999.0 -9999.0 -9999.0 -9999.0 -9999.0 -9999.0 -9999.0 -9999.0 -9999.0 -9999.0 -9999.0 -9999.0 -9999.0 -9999.0 -9999.0 -9999.0 -9999.0 -9999.0 -9999.0 -9999.0 -9999.0 -9999.0 -9999.0 -9999.0 -9999.0 -9999.0 -9999.0 -9999.0 -9999.0 -9999.0 -9999.0 -9999.0 -9999.0 -9999.0 -9999.0 -9999.0 -9999.0
-9999.0 -9999.0 630.976120 536.923984 441.415949 345.030517 248.267201 151.371274 54.467257 -42.372529 -139.215979 -236.408953 -334.825443 -436.136821 -542.833696 -658.791926 -787.499640 -888.294837 -980.349087 -1060.837161 -1107.236592 -1115.286037 -1113.729210 -1109.723257 -1106.300052 -1104.320883 -1103.684104 -1103.965433 -1104.732224 -1105.665876 -1106.575182 -1107.366935 -1108.010468 -1108.508994 -1108.880993 -1109.151517 -1109.355421 -1109.548697 -1109.823036 -1110.904687 -1119.909130 -1205.118613 -2126.727796 -4323.735930 -4331.682977 -4331.683068 -4331.683009 -4331.683000 -4331.682999 -4331.682999 -4331.682999 -4331.683000 -4331.683000 -4331.683000 -4331.683000 -4331.683000 -4331.683001 -4331.683006 -4331.683039 -4331.682811 -4319.197787 -2018.006325 -1180.698896 -1116.952227 -1110.725783 -1110.030304 -1109.925392 -1109.907412 -1109.906085 -1109.907865 -1109.909859 -1109.911499 -1109.912755 -1109.913704 -1109.914427 -1109.914988 -1109.915431 -1109.915788 -1109.916084 -1109.916344 -1109.916595 -1109.916870 -1109.917213 -1109.917685 -1109.918382 -1109.919448 -1109.921121 -1109.923787 -1109.928095 -1109.935163 -1109.946988 -1109.967252 -1110.002983 -1110.067935 -1110.189452 -1110.422268 -1110.876929 -1111.783763 -1113.660477 -1117.798650 -1127.660627 -1153.473294 -9999.0 -9999.0
-9999.0 -9999.0 630.981505 536.925668 441.416443 345.030669 248.267250 151.371290 54.467262 -42.372528 -139.215979 -236.408953 -334.825443 -436.136821 -542.833696 -658.791926 -787.499640 -888.294837 -980.349087 -1060.837161 -1107.236592 -1115.286037 -1113.729210 -1109.723257 -1106.300052 -1104.320883 -1103.684104 -1103.965433 -1104.732224 -1105.665876 -1106.575182 -1107.366935 -1108.010468 -1108.508994 -1108.880993 -1109.151517 -1109.355421 -1109.548697 -1109.823036 -1110.904687 -1119.909130 -1205.118613 -2126.727796 -4323.735930 -4331.682977 -4331.683068 -4331.683009 -4331.683000 -4331.682999 -4331.682999 -4331.682999 -4331.683000 -4331.683000 -4331.683000 -4331.683000 -4331.683000 -4331.683001 -4331.683006 -4331.683039 -4331.682811 -4319.197787 -2018.006325 -1180.698896 -1116.952227 -1110.725783 -1110.030304 -1109.925392 -1109.907412 -1109.906085 -1109.907865 -1109.909859 -1109.911499 -1109.912755 -1109.913704 -1109.914427 -1109.914988 -1109.915431 -1109.915788 -1109.916084 -1109.916344 -1109.916595 -1109.916870 -1109.917213 -1109.917685 -1109.918382 -1109.919448 -1109.921121 -1109.923787 -1109.928095 -1109.935163 -1109.946988 -1109.967252 -1110.002983 -1110.067935 -1110.189452 -1110.422268 -1110.876929 -1111.783763 -1113.660477 -1117.798650 -1127.660627 -1153.473294 -9999.0 -9999.0
-9999.0 -9999.0 630.983036 536.926468 441.416769 345.030790 248.267293 151.371305 54.467268 -42.372526 -139.215978 -236.408953 -334.825443 -436.136821 -542.833696 -658.791926 -787.499640 -888.294837 -980.349087 -1060.837161 -1107.236592 -1115.286037 -1113.729210 -1109.723257 -1106.300052 -1104.320883 -1103.684104 -1103.965433 -1104.732224 -1105.665876 -1106.575182 -1107.366935 -1108.010468 -1108.508994 -1108.880993 -1109.151517 -1109.355421 -1109.548697 -1109.823036 -1110.904687 -1119.909130 -1205.118613 -2126.727796 -4323.735930 -4331.682977 -4331.683068 -4331.683009 -4331.683000 -4331.682999 -4331.682999 -4331.682999 -4331.683000 -4331.683000 -4331.683000 -4331.683000 -4331.683000 -4331.683001 -4331.683006 -4331.683039 -4331.682811 -4319.197787 -2018.006325 -1180.698896 -1116.952227 -1110.725783 -1110.030304 -1109.925392 -1109.907412 -1109.906085 -1109.907865 -1109.909859 -1109.911499 -1109.912755 -1109.913704 -1109.914427 -1109.914988 -1109.915431 -1109.915788 -1109.916084 -1109.916344 -1109.916595 -1109.916870 -1109.917213 -1109.917685 -1109.918382 -1109.919448 -1109.921121 -1109.923787 -1109.928095 -1109.935163 -1109.946988 -1109.967252 -1110.002983 -1110.067935 -1110.189452 -1110.422268 -1110.876929 -1111.783763 -1113.660477 -1117.798650 -1127.660627 -1153.473294 -9999.0 -9999.0
-9999.0 -9999.0 630.983036 536.926468 441.416769 345.030790 248.267293 151.371305 54.467268 -42.372526 -139.215978 -236.408953 -334.825443 -436.136821 -542.833696 -658.791926 -787.499640 -888.294837 -980.349087 -1060.837161 -1107.236592 -1115.286037 -1113.729210 -1109.723257 -1106.300052 -1104.320883 -1103.684104 -1103.965433 -1104.732224 -1105.665876 -1106.575182 -1107.366935 -1108.010468 -1108.508994 -1108.880993 -1109.151517 -1109.355421 -1109.548697 -1109.823036 -1110.904687 -1119.909130 -1205.118613 -2126.727796 -4323.735930 -4331.682977 -4331.683068 -4331.683009 -4331.683000 -4331.682999 -4331.682999 -4331.682999 -4331.683000 -4331.683000 -4331.683000 -4331.683000 -4331.683000 -4331.683001 -4331.683006 -4331.683039 -4331.682811 -4319.197787 -2018.006325 -1180.698896 -1116.952227 -1110.725783 -1110.030304 -1109.925392 -1109.907412 -1109.906085 -1109.907865 -1109.909859 -1109.911499 -1109.912755 -1109.913704 -1109.914427 -1109.914988 -1109.915431 -1109.915788 -1109.916084 -1109.916344 -1109.916595 -1109.916870 -1109.917213 -1109.917685 -1109.918382 -1109.919448 -1109.921121 -1109.923787 -1109.928095 -1109.935163 -1109.946988 -1109.967252 -1110.002983 -1110.067935 -1110.189452 -1110.422268 -1110.876929 -1111.783763 -1113.660477 -1117.798650 -1127.660627 -1153.473294 -9999.0 -9999.0
-9999.0 -9999.0 630.981505 536.925668 441.416443 345.030669 248.267250 151.371290 54.467262 -42.372528 -139.215979 -236.408953 -334.825443 -436.136821 -542.833696 -658.791926 -787.499640 -888.294837 -980.349087 -1060.837161 -1107.236592 -1115.286037 -1113.729210 -1109.723257 -1106.300052 -1104.320883 -1103.684104 -1103.965433 -1104.732224 -1105.665876 -1106.575182 -1107.366935 -1108.010468 -1108.508994 -1108.880993 -1109.151517 -1109.355421 -1109.548697 -1109.823036 -1110.904687 -1119.909130 -1205.118613 -2126.727796 -4323.735930 -4331.682977 -4331.683068 -4331.683009 -4331.683000 -4331.682999 -4331.682999 -4331.682999 -4331.683000 -4331.683000 -4331.683000 -4331.683000 -4331.683000 -4331.683001 -4331.683006 -4331.683039 -4331.682811 -4319.197787 -2018.006325 -1180.698896 -1116.952227 -1110.725783 -1110.030304 -1109.925392 -1109.907412 -1109.906085 -1109.907865 -1109.909859 -1109.911499 -1109.912755 -1109.913704 -1109.914427 -1109.914988 -1109.915431 -1109.915788 -1109.916084 -1109.916344 -1109.916595 -1109.916870 -1109.917213 -1109.917685 -1109.918382 -1109.919448 -1109.921121 -1109.923787 -1109.928095 -1109.935163 -1109.946988 -1109.967252 -1110.002983 -1110.067935 -1110.189452 -1110.422268 -1110.876929 -1111.783763 -1113.660477 -1117.798650 -1127.660627 -1153.473294 -9999.0 -9999.0
-9999.0 -9999.0 630.976120 536.923984 441.415949 345.030517 248.267201 151.371274 54.467257 -42.372529 -139.215979 -236.408953 -334.825443 -436.136821 -542.833696 -658.791926 -787.499640 -888.294837 -980.349087 -1060.837161 -1107.236592 -1115.286037 -1113.729210 -1109.723257 -1106.300052 -1104.320883 -1103.684104 -1103.965433 -1104.732224 -1105.665876 -1106.575182 -1107.366935 -1108.010468 -1108.508994 -1108.880993 -1109.151517 -1109.355421 -1109.548697 -1109.823036 -1110.904687 -1119.909130 -1205.118613 -2126.727796 -4323.735930 -4331.682977 -4331.683068 -4331.683009 -4331.683000 -4331.682999 -4331.682999 -4331.682999 -4331.683000 -4331.683000 -4331.683000 -4331.683000 -4331.683000 -4331.683001 -4331.683006 -4331.683039 -4331.682811 -4319.197787 -2018.006325 -1180.698896 -1116.952227 -1110.725783 -1110.030304 -1109.925392 -1109.907412 -1109.906085 -1109.907865 -1109.909859 -1109.911499 -1109.912755 -1109.913704 -1109.914427 -1109.914988 -1109.915431 -1109.915788 -1109.916084 -1109.916344 -1109.916595 -1109.916870 -1109.917213 -1109.917685 -1109.918382 -1109.919448 -1109.921121 -1109.923787 -1109.928095 -1109.935163 -1109.946988 -1109.967252 -1110.002983 -1110.067935 -1110.189452 -1110.422268 -1110.876929 -1111.783763 -1113.660477 -1117.798650 -1127.660627 -1153.473294 -9999.0 -9999.0
-9999.0 -9999.0 -9999.0 -9999.0 -9999.0 -9999.0 -9999.0 -9999.0 -9999.0 -9999.0 -9999.0 -9999.0 -9999.0 -9999.0 -9999.0 -9999.0 -9999.0 -9999.0 -9999.0 -9999.0 -9999.0 -9999.0 -9999.0 -9999.0 -9999.0 -9999.0 -9999.0 -9999.0 -9999.0 -9999.0 -9999.0 -9999.0 -9999.0 -9999.0 -9999.0 -9999.0 -9999.0 -9999.0 -9999.0 -9999.0 -9999.0 -9999.0 -9999.0 -9999.0 -9999.0 -9999.0 -9999.0 -9999.0 -9999.0 -9999.0 -9999.0 -9999.0 -9999.0 -9999.0 -9999.0 -9999.0 -9999.0 -9999.0 -9999.0 -9999.0 -9999.0 -9999.0 -9999.0 -9999.0 -9999.0 -9999.0 -9999.0 -9999.0 -9999.0 -9999.0 -9999.0 -9999.0 -9999.0 -9999.0 -9999.0 -9999.0 -9999.0 -9999.0 -9999.0 -9999.0 -9999.0 -9999.0 -9999.0 -9999.0 -9999.0 -9999.0 -9999.0 -9999.0 -9999.0 -9999.0 -9999.0 -9999.0 -9999.0 -9999.0 -9999.0 -9999.0 -9999.0 -9999.0 -9999.0 -9999.0 -9999.0 -9999.0 -9999.0 -9999.0
-9999.0 -9999.0 -9999.0 -9999.0 -9999.0 -9999.0 -9999.0 -9999.0 -9999.0 -9999.0 -9999.0 -9999.0 -9999.0 -9999.0 -9999.0 -9999.0 -9999.0 -9999.0 -9999.0 -9999.0 -9999.0 -9999.0 -9999.0 -9999.0 -9999.0 -9999.0 -9999.0 -9999.0 -9999.0 -9999.0 -9999.0 -9999.0 -9999.0 -9999.0 -9999.0 -9999.0 -9999.0 -9999.0 -9999.0 -9999.0 -9999.0 -9999.0 -9999.0 -9999.0 -9999.0 -9999.0 -9999.0 -9999.0 -9999.0 -9999.0 -9999.0 -9999.0 -9999.0 -9999.0 -9999.0 -9999.0 -9999.0 -9999.0 -9999.0 -9999.0 -9999.0 -9999.0 -9999.0 -9999.0 -9999.0 -9999.0 -9999.0 -9999.0 -9999.0 -9999.0 -9999.0 -9999.0 -9999.0 -9999.0 -9999.0 -9999.0 -9999.0 -9999.0 -9999.0 -9999.0 -9999.0 -9999.0 -9999.0 -9999.0 -9999.0 -9999.0 -9999.0 -9999.0 -9999.0 -9999.0 -9999.0 -9999.0 -9999.0 -9999.0 -9999.0 -9999.0 -9999.0 -9999.0 -9999.0 -9999.0 -9999.0 -9999.0 -9999.0 -9999.0