inst/processing_geotop_simulation/geotop_simulation/out/maps3D/PwL0016N0242.asc
ncols         104
nrows         10
xllcorner     -2.000000
yllcorner     0.000000
cellsize      1.000000
NODATA_value  -9999.0
-9999.0 -9999.0 -9999.0 -9999.0 -9999.0 -9999.0 -9999.0 -9999.0 -9999.0 -9999.0 -9999.0 -9999.0 -9999.0 -9999.0 -9999.0 -9999.0 -9999.0 -9999.0 -9999.0 -9999.0 -9999.0 -9999.0 -9999.0 -9999.0 -9999.0 -9999.0 -9999.0 -9999.0 -9999.0 -9999.0 -9999.0 -9999.0 -9999.0 -9999.0 -9999.0 -9999.0 -9999.0 -9999.0 -9999.0 -9999.0 -9999.0 -9999.0 -9999.0 -9999.0 -9999.0 -9999.0 -9999.0 -9999.0 -9999.0 -9999.0 -9999.0 -9999.0 -9999.0 -9999.0 -9999.0 -9999.0 -9999.0 -9999.0 -9999.0 -9999.0 -9999.0 -9999.0 -9999.0 -9999.0 -9999.0 -9999.0 -9999.0 -9999.0 -9999.0 -9999.0 -9999.0 -9999.0 -9999.0 -9999.0 -9999.0 -9999.0 -9999.0 -9999.0 -9999.0 -9999.0 -9999.0 -9999.0 -9999.0 -9999.0 -9999.0 -9999.0 -9999.0 -9999.0 -9999.0 -9999.0 -9999.0 -9999.0 -9999.0 -9999.0 -9999.0 -9999.0 -9999.0 -9999.0 -9999.0 -9999.0 -9999.0 -9999.0 -9999.0 -9999.0
-9999.0 -9999.0 -9999.0 -9999.0 -9999.0 -9999.0 -9999.0 -9999.0 -9999.0 -9999.0 -9999.0 -9999.0 -9999.0 -9999.0 -9999.0 -9999.0 -9999.0 -9999.0 -9999.0 -9999.0 -9999.0 -9999.0 -9999.0 -9999.0 -9999.0 -9999.0 -9999.0 -9999.0 -9999.0 -9999.0 -9999.0 -9999.0 -9999.0 -9999.0 -9999.0 -9999.0 -9999.0 -9999.0 -9999.0 -9999.0 -9999.0 -9999.0 -9999.0 -9999.0 -9999.0 -9999.0 -9999.0 -9999.0 -9999.0 -9999.0 -9999.0 -9999.0 -9999.0 -9999.0 -9999.0 -9999.0 -9999.0 -9999.0 -9999.0 -9999.0 -9999.0 -9999.0 -9999.0 -9999.0 -9999.0 -9999.0 -9999.0 -9999.0 -9999.0 -9999.0 -9999.0 -9999.0 -9999.0 -9999.0 -9999.0 -9999.0 -9999.0 -9999.0 -9999.0 -9999.0 -9999.0 -9999.0 -9999.0 -9999.0 -9999.0 -9999.0 -9999.0 -9999.0 -9999.0 -9999.0 -9999.0 -9999.0 -9999.0 -9999.0 -9999.0 -9999.0 -9999.0 -9999.0 -9999.0 -9999.0 -9999.0 -9999.0 -9999.0 -9999.0
-9999.0 -9999.0 774.855582 677.783050 580.222421 482.251761 384.079081 285.818196 187.527850 89.239141 -9.027660 -107.256871 -205.437004 -303.515716 -401.390477 -498.889383 -595.708578 -691.395206 -787.631299 -883.289541 -978.105294 -1071.810181 -1155.139754 -1229.268868 -1292.349618 -1343.724897 -1383.904271 -1414.228124 -1436.432729 -1452.290192 -1463.387408 -1471.029394 -1476.226907 -1479.729178 -1482.074046 -1483.640739 -1484.702649 -1485.507394 -1486.546270 -1489.673987 -1502.041580 -1554.724289 -2009.342586 -4142.972319 -4183.165079 -4183.168237 -4183.168192 -4183.168184 -4183.168183 -4183.168178 -4183.168167 -4183.168131 -4183.168069 -4183.167986 -4183.167844 -4183.167562 -4183.166922 -4183.165327 -4183.161018 -4183.141806 -4115.318146 -1867.733257 -1517.151806 -1494.408187 -1488.425653 -1487.131801 -1486.905838 -1486.870223 -1486.865258 -1486.865182 -1486.865813 -1486.866432 -1486.866930 -1486.867316 -1486.867614 -1486.867849 -1486.868038 -1486.868192 -1486.868324 -1486.868442 -1486.868559 -1486.868689 -1486.868849 -1486.869068 -1486.869388 -1486.869875 -1486.870635 -1486.871848 -1486.873821 -1486.877093 -1486.882651 -1486.892356 -1486.909820 -1486.942214 -1487.004070 -1487.125663 -1487.373175 -1487.901692 -1489.102925 -1492.037676 -1499.881982 -1524.122325 -9999.0 -9999.0
-9999.0 -9999.0 774.859684 677.784466 580.222859 482.251900 384.079127 285.818212 187.527856 89.239144 -9.027659 -107.256871 -205.437004 -303.515716 -401.390477 -498.889383 -595.708579 -691.395206 -787.631299 -883.289541 -978.105294 -1071.810181 -1155.139754 -1229.268868 -1292.349618 -1343.724897 -1383.904271 -1414.228125 -1436.432729 -1452.290192 -1463.387408 -1471.029394 -1476.226907 -1479.729178 -1482.074046 -1483.640739 -1484.702649 -1485.507394 -1486.546270 -1489.673987 -1502.041580 -1554.724289 -2009.342586 -4142.972319 -4183.165079 -4183.168237 -4183.168192 -4183.168184 -4183.168183 -4183.168178 -4183.168167 -4183.168131 -4183.168069 -4183.167986 -4183.167844 -4183.167562 -4183.166922 -4183.165327 -4183.161018 -4183.141806 -4115.318146 -1867.733257 -1517.151806 -1494.408187 -1488.425653 -1487.131801 -1486.905838 -1486.870223 -1486.865258 -1486.865182 -1486.865813 -1486.866432 -1486.866930 -1486.867316 -1486.867614 -1486.867849 -1486.868038 -1486.868192 -1486.868324 -1486.868442 -1486.868559 -1486.868689 -1486.868849 -1486.869068 -1486.869388 -1486.869875 -1486.870635 -1486.871848 -1486.873821 -1486.877093 -1486.882651 -1486.892356 -1486.909820 -1486.942214 -1487.004070 -1487.125663 -1487.373175 -1487.901692 -1489.102925 -1492.037676 -1499.881982 -1524.122325 -9999.0 -9999.0
-9999.0 -9999.0 774.861039 677.785180 580.223154 482.252011 384.079167 285.818227 187.527861 89.239146 -9.027658 -107.256870 -205.437004 -303.515716 -401.390477 -498.889383 -595.708579 -691.395207 -787.631300 -883.289541 -978.105294 -1071.810181 -1155.139754 -1229.268869 -1292.349618 -1343.724897 -1383.904271 -1414.228125 -1436.432729 -1452.290192 -1463.387408 -1471.029394 -1476.226907 -1479.729178 -1482.074046 -1483.640739 -1484.702649 -1485.507394 -1486.546270 -1489.673987 -1502.041580 -1554.724289 -2009.342586 -4142.972319 -4183.165079 -4183.168237 -4183.168192 -4183.168184 -4183.168183 -4183.168178 -4183.168167 -4183.168131 -4183.168069 -4183.167986 -4183.167844 -4183.167562 -4183.166922 -4183.165327 -4183.161018 -4183.141806 -4115.318146 -1867.733257 -1517.151806 -1494.408187 -1488.425653 -1487.131801 -1486.905838 -1486.870223 -1486.865258 -1486.865182 -1486.865813 -1486.866432 -1486.866930 -1486.867316 -1486.867614 -1486.867849 -1486.868038 -1486.868192 -1486.868324 -1486.868442 -1486.868559 -1486.868689 -1486.868849 -1486.869068 -1486.869388 -1486.869875 -1486.870635 -1486.871848 -1486.873821 -1486.877093 -1486.882651 -1486.892356 -1486.909820 -1486.942214 -1487.004070 -1487.125663 -1487.373175 -1487.901692 -1489.102925 -1492.037676 -1499.881982 -1524.122325 -9999.0 -9999.0
-9999.0 -9999.0 774.861039 677.785180 580.223154 482.252011 384.079167 285.818227 187.527861 89.239146 -9.027658 -107.256870 -205.437004 -303.515716 -401.390477 -498.889383 -595.708579 -691.395206 -787.631300 -883.289541 -978.105295 -1071.810181 -1155.139754 -1229.268869 -1292.349618 -1343.724897 -1383.904271 -1414.228125 -1436.432729 -1452.290192 -1463.387408 -1471.029394 -1476.226907 -1479.729178 -1482.074046 -1483.640739 -1484.702649 -1485.507394 -1486.546270 -1489.673987 -1502.041580 -1554.724289 -2009.342586 -4142.972319 -4183.165079 -4183.168237 -4183.168192 -4183.168184 -4183.168183 -4183.168178 -4183.168167 -4183.168131 -4183.168069 -4183.167986 -4183.167844 -4183.167562 -4183.166922 -4183.165327 -4183.161018 -4183.141806 -4115.318146 -1867.733257 -1517.151806 -1494.408187 -1488.425653 -1487.131801 -1486.905838 -1486.870223 -1486.865258 -1486.865182 -1486.865813 -1486.866432 -1486.866930 -1486.867316 -1486.867614 -1486.867849 -1486.868038 -1486.868192 -1486.868324 -1486.868442 -1486.868559 -1486.868689 -1486.868849 -1486.869068 -1486.869388 -1486.869875 -1486.870635 -1486.871848 -1486.873821 -1486.877093 -1486.882651 -1486.892356 -1486.909820 -1486.942214 -1487.004070 -1487.125663 -1487.373175 -1487.901692 -1489.102925 -1492.037676 -1499.881982 -1524.122325 -9999.0 -9999.0
-9999.0 -9999.0 774.859684 677.784467 580.222859 482.251900 384.079126 285.818212 187.527856 89.239144 -9.027659 -107.256871 -205.437004 -303.515716 -401.390477 -498.889383 -595.708579 -691.395206 -787.631299 -883.289541 -978.105294 -1071.810181 -1155.139754 -1229.268869 -1292.349618 -1343.724897 -1383.904271 -1414.228125 -1436.432729 -1452.290192 -1463.387408 -1471.029394 -1476.226907 -1479.729178 -1482.074046 -1483.640739 -1484.702649 -1485.507394 -1486.546270 -1489.673987 -1502.041580 -1554.724289 -2009.342586 -4142.972319 -4183.165079 -4183.168237 -4183.168192 -4183.168184 -4183.168183 -4183.168178 -4183.168167 -4183.168131 -4183.168069 -4183.167986 -4183.167844 -4183.167562 -4183.166922 -4183.165327 -4183.161018 -4183.141806 -4115.318146 -1867.733257 -1517.151806 -1494.408187 -1488.425653 -1487.131801 -1486.905838 -1486.870223 -1486.865258 -1486.865182 -1486.865813 -1486.866432 -1486.866930 -1486.867316 -1486.867614 -1486.867849 -1486.868038 -1486.868192 -1486.868324 -1486.868442 -1486.868559 -1486.868689 -1486.868849 -1486.869068 -1486.869388 -1486.869875 -1486.870635 -1486.871848 -1486.873821 -1486.877093 -1486.882651 -1486.892356 -1486.909820 -1486.942214 -1487.004070 -1487.125663 -1487.373175 -1487.901692 -1489.102925 -1492.037676 -1499.881982 -1524.122325 -9999.0 -9999.0
-9999.0 -9999.0 774.855582 677.783050 580.222421 482.251761 384.079081 285.818196 187.527850 89.239141 -9.027660 -107.256871 -205.437004 -303.515716 -401.390477 -498.889383 -595.708578 -691.395206 -787.631299 -883.289541 -978.105294 -1071.810181 -1155.139754 -1229.268868 -1292.349618 -1343.724897 -1383.904271 -1414.228124 -1436.432729 -1452.290192 -1463.387408 -1471.029394 -1476.226907 -1479.729178 -1482.074046 -1483.640739 -1484.702649 -1485.507394 -1486.546270 -1489.673987 -1502.041580 -1554.724289 -2009.342586 -4142.972319 -4183.165079 -4183.168237 -4183.168192 -4183.168184 -4183.168183 -4183.168178 -4183.168167 -4183.168131 -4183.168069 -4183.167986 -4183.167844 -4183.167562 -4183.166922 -4183.165327 -4183.161018 -4183.141806 -4115.318146 -1867.733258 -1517.151806 -1494.408187 -1488.425653 -1487.131801 -1486.905838 -1486.870223 -1486.865258 -1486.865182 -1486.865813 -1486.866432 -1486.866930 -1486.867316 -1486.867614 -1486.867849 -1486.868038 -1486.868192 -1486.868324 -1486.868442 -1486.868559 -1486.868689 -1486.868849 -1486.869068 -1486.869388 -1486.869875 -1486.870635 -1486.871848 -1486.873821 -1486.877093 -1486.882651 -1486.892356 -1486.909820 -1486.942214 -1487.004070 -1487.125663 -1487.373175 -1487.901692 -1489.102925 -1492.037676 -1499.881982 -1524.122325 -9999.0 -9999.0
-9999.0 -9999.0 -9999.0 -9999.0 -9999.0 -9999.0 -9999.0 -9999.0 -9999.0 -9999.0 -9999.0 -9999.0 -9999.0 -9999.0 -9999.0 -9999.0 -9999.0 -9999.0 -9999.0 -9999.0 -9999.0 -9999.0 -9999.0 -9999.0 -9999.0 -9999.0 -9999.0 -9999.0 -9999.0 -9999.0 -9999.0 -9999.0 -9999.0 -9999.0 -9999.0 -9999.0 -9999.0 -9999.0 -9999.0 -9999.0 -9999.0 -9999.0 -9999.0 -9999.0 -9999.0 -9999.0 -9999.0 -9999.0 -9999.0 -9999.0 -9999.0 -9999.0 -9999.0 -9999.0 -9999.0 -9999.0 -9999.0 -9999.0 -9999.0 -9999.0 -9999.0 -9999.0 -9999.0 -9999.0 -9999.0 -9999.0 -9999.0 -9999.0 -9999.0 -9999.0 -9999.0 -9999.0 -9999.0 -9999.0 -9999.0 -9999.0 -9999.0 -9999.0 -9999.0 -9999.0 -9999.0 -9999.0 -9999.0 -9999.0 -9999.0 -9999.0 -9999.0 -9999.0 -9999.0 -9999.0 -9999.0 -9999.0 -9999.0 -9999.0 -9999.0 -9999.0 -9999.0 -9999.0 -9999.0 -9999.0 -9999.0 -9999.0 -9999.0 -9999.0
-9999.0 -9999.0 -9999.0 -9999.0 -9999.0 -9999.0 -9999.0 -9999.0 -9999.0 -9999.0 -9999.0 -9999.0 -9999.0 -9999.0 -9999.0 -9999.0 -9999.0 -9999.0 -9999.0 -9999.0 -9999.0 -9999.0 -9999.0 -9999.0 -9999.0 -9999.0 -9999.0 -9999.0 -9999.0 -9999.0 -9999.0 -9999.0 -9999.0 -9999.0 -9999.0 -9999.0 -9999.0 -9999.0 -9999.0 -9999.0 -9999.0 -9999.0 -9999.0 -9999.0 -9999.0 -9999.0 -9999.0 -9999.0 -9999.0 -9999.0 -9999.0 -9999.0 -9999.0 -9999.0 -9999.0 -9999.0 -9999.0 -9999.0 -9999.0 -9999.0 -9999.0 -9999.0 -9999.0 -9999.0 -9999.0 -9999.0 -9999.0 -9999.0 -9999.0 -9999.0 -9999.0 -9999.0 -9999.0 -9999.0 -9999.0 -9999.0 -9999.0 -9999.0 -9999.0 -9999.0 -9999.0 -9999.0 -9999.0 -9999.0 -9999.0 -9999.0 -9999.0 -9999.0 -9999.0 -9999.0 -9999.0 -9999.0 -9999.0 -9999.0 -9999.0 -9999.0 -9999.0 -9999.0 -9999.0 -9999.0 -9999.0 -9999.0 -9999.0 -9999.0