inst/processing_geotop_simulation/geotop_simulation/out/maps3D/PwL0009N0427.asc
ncols         104
nrows         10
xllcorner     -2.000000
yllcorner     0.000000
cellsize      1.000000
NODATA_value  -9999.0
-9999.0 -9999.0 -9999.0 -9999.0 -9999.0 -9999.0 -9999.0 -9999.0 -9999.0 -9999.0 -9999.0 -9999.0 -9999.0 -9999.0 -9999.0 -9999.0 -9999.0 -9999.0 -9999.0 -9999.0 -9999.0 -9999.0 -9999.0 -9999.0 -9999.0 -9999.0 -9999.0 -9999.0 -9999.0 -9999.0 -9999.0 -9999.0 -9999.0 -9999.0 -9999.0 -9999.0 -9999.0 -9999.0 -9999.0 -9999.0 -9999.0 -9999.0 -9999.0 -9999.0 -9999.0 -9999.0 -9999.0 -9999.0 -9999.0 -9999.0 -9999.0 -9999.0 -9999.0 -9999.0 -9999.0 -9999.0 -9999.0 -9999.0 -9999.0 -9999.0 -9999.0 -9999.0 -9999.0 -9999.0 -9999.0 -9999.0 -9999.0 -9999.0 -9999.0 -9999.0 -9999.0 -9999.0 -9999.0 -9999.0 -9999.0 -9999.0 -9999.0 -9999.0 -9999.0 -9999.0 -9999.0 -9999.0 -9999.0 -9999.0 -9999.0 -9999.0 -9999.0 -9999.0 -9999.0 -9999.0 -9999.0 -9999.0 -9999.0 -9999.0 -9999.0 -9999.0 -9999.0 -9999.0 -9999.0 -9999.0 -9999.0 -9999.0 -9999.0 -9999.0
-9999.0 -9999.0 -9999.0 -9999.0 -9999.0 -9999.0 -9999.0 -9999.0 -9999.0 -9999.0 -9999.0 -9999.0 -9999.0 -9999.0 -9999.0 -9999.0 -9999.0 -9999.0 -9999.0 -9999.0 -9999.0 -9999.0 -9999.0 -9999.0 -9999.0 -9999.0 -9999.0 -9999.0 -9999.0 -9999.0 -9999.0 -9999.0 -9999.0 -9999.0 -9999.0 -9999.0 -9999.0 -9999.0 -9999.0 -9999.0 -9999.0 -9999.0 -9999.0 -9999.0 -9999.0 -9999.0 -9999.0 -9999.0 -9999.0 -9999.0 -9999.0 -9999.0 -9999.0 -9999.0 -9999.0 -9999.0 -9999.0 -9999.0 -9999.0 -9999.0 -9999.0 -9999.0 -9999.0 -9999.0 -9999.0 -9999.0 -9999.0 -9999.0 -9999.0 -9999.0 -9999.0 -9999.0 -9999.0 -9999.0 -9999.0 -9999.0 -9999.0 -9999.0 -9999.0 -9999.0 -9999.0 -9999.0 -9999.0 -9999.0 -9999.0 -9999.0 -9999.0 -9999.0 -9999.0 -9999.0 -9999.0 -9999.0 -9999.0 -9999.0 -9999.0 -9999.0 -9999.0 -9999.0 -9999.0 -9999.0 -9999.0 -9999.0 -9999.0 -9999.0
-9999.0 -9999.0 422.908488 324.397600 225.374857 126.131667 26.797661 -72.570917 -171.950783 -271.328267 -370.689323 -470.013708 -569.261873 -668.355634 -767.343337 -866.358055 -965.288231 -1064.125361 -1162.560310 -1259.955717 -1355.656558 -1448.074383 -1534.776728 -1613.031785 -1680.682609 -1736.734979 -1781.419466 -1815.875776 -1841.718222 -1860.666404 -1874.308846 -1883.989748 -1890.781127 -1895.502807 -1898.763464 -1901.008263 -1902.573143 -1903.778931 -1905.177003 -1907.928148 -1910.750913 -1874.229163 -1284.562643 -1382.612536 -1352.620786 -1332.611736 -1323.372811 -1322.026278 -1321.883591 -1321.895874 -1321.930151 -1321.967089 -1322.002591 -1322.035471 -1322.066046 -1322.102149 -1322.217938 -1323.007322 -1327.854285 -1338.697500 -1350.638434 -1238.072546 -1841.020642 -1903.787441 -1906.756504 -1906.140115 -1905.912283 -1905.863983 -1905.855762 -1905.854855 -1905.855135 -1905.855535 -1905.855880 -1905.856156 -1905.856377 -1905.856557 -1905.856707 -1905.856835 -1905.856950 -1905.857058 -1905.857166 -1905.857286 -1905.857428 -1905.857614 -1905.857873 -1905.858251 -1905.858826 -1905.859727 -1905.861179 -1905.863579 -1905.867665 -1905.874841 -1905.887857 -1905.912228 -1905.959307 -1906.053363 -1906.249284 -1906.680440 -1907.698262 -1910.321608 -1917.878189 -1942.770001 -9999.0 -9999.0
-9999.0 -9999.0 422.914444 324.399183 225.375290 126.131797 26.797703 -72.570903 -171.950778 -271.328265 -370.689322 -470.013707 -569.261873 -668.355634 -767.343337 -866.358055 -965.288232 -1064.125361 -1162.560310 -1259.955718 -1355.656559 -1448.074383 -1534.776728 -1613.031785 -1680.682609 -1736.734979 -1781.419466 -1815.875776 -1841.718222 -1860.666404 -1874.308846 -1883.989748 -1890.781127 -1895.502807 -1898.763464 -1901.008263 -1902.573143 -1903.778931 -1905.177003 -1907.928148 -1910.750913 -1874.229163 -1284.562643 -1382.612536 -1352.620786 -1332.611736 -1323.372811 -1322.026278 -1321.883591 -1321.895874 -1321.930151 -1321.967089 -1322.002591 -1322.035471 -1322.066046 -1322.102149 -1322.217938 -1323.007322 -1327.854285 -1338.697500 -1350.638434 -1238.072547 -1841.020642 -1903.787441 -1906.756504 -1906.140115 -1905.912283 -1905.863983 -1905.855762 -1905.854855 -1905.855135 -1905.855535 -1905.855880 -1905.856156 -1905.856377 -1905.856557 -1905.856707 -1905.856835 -1905.856950 -1905.857058 -1905.857166 -1905.857286 -1905.857428 -1905.857614 -1905.857873 -1905.858251 -1905.858826 -1905.859727 -1905.861179 -1905.863579 -1905.867665 -1905.874841 -1905.887857 -1905.912228 -1905.959307 -1906.053363 -1906.249284 -1906.680440 -1907.698262 -1910.321608 -1917.878189 -1942.770001 -9999.0 -9999.0
-9999.0 -9999.0 422.915761 324.399881 225.375569 126.131899 26.797740 -72.570890 -171.950773 -271.328263 -370.689321 -470.013707 -569.261872 -668.355634 -767.343337 -866.358055 -965.288232 -1064.125361 -1162.560310 -1259.955718 -1355.656559 -1448.074384 -1534.776728 -1613.031785 -1680.682609 -1736.734979 -1781.419467 -1815.875777 -1841.718222 -1860.666405 -1874.308846 -1883.989748 -1890.781127 -1895.502807 -1898.763464 -1901.008263 -1902.573143 -1903.778931 -1905.177003 -1907.928148 -1910.750913 -1874.229163 -1284.562643 -1382.612536 -1352.620786 -1332.611736 -1323.372811 -1322.026278 -1321.883591 -1321.895874 -1321.930151 -1321.967089 -1322.002591 -1322.035471 -1322.066046 -1322.102149 -1322.217938 -1323.007322 -1327.854285 -1338.697500 -1350.638434 -1238.072547 -1841.020642 -1903.787441 -1906.756504 -1906.140115 -1905.912283 -1905.863983 -1905.855762 -1905.854855 -1905.855135 -1905.855535 -1905.855880 -1905.856156 -1905.856377 -1905.856557 -1905.856707 -1905.856835 -1905.856950 -1905.857058 -1905.857166 -1905.857286 -1905.857428 -1905.857614 -1905.857873 -1905.858251 -1905.858826 -1905.859727 -1905.861179 -1905.863579 -1905.867665 -1905.874841 -1905.887857 -1905.912228 -1905.959307 -1906.053363 -1906.249284 -1906.680440 -1907.698262 -1910.321608 -1917.878189 -1942.770001 -9999.0 -9999.0
-9999.0 -9999.0 422.915761 324.399881 225.375569 126.131900 26.797740 -72.570889 -171.950773 -271.328263 -370.689321 -470.013707 -569.261872 -668.355634 -767.343337 -866.358055 -965.288232 -1064.125361 -1162.560310 -1259.955718 -1355.656559 -1448.074384 -1534.776728 -1613.031785 -1680.682609 -1736.734979 -1781.419467 -1815.875777 -1841.718222 -1860.666405 -1874.308846 -1883.989748 -1890.781127 -1895.502807 -1898.763464 -1901.008263 -1902.573143 -1903.778931 -1905.177003 -1907.928148 -1910.750913 -1874.229163 -1284.562643 -1382.612536 -1352.620786 -1332.611736 -1323.372811 -1322.026278 -1321.883591 -1321.895874 -1321.930151 -1321.967089 -1322.002591 -1322.035471 -1322.066046 -1322.102149 -1322.217938 -1323.007322 -1327.854285 -1338.697500 -1350.638434 -1238.072547 -1841.020642 -1903.787441 -1906.756504 -1906.140115 -1905.912283 -1905.863983 -1905.855762 -1905.854855 -1905.855135 -1905.855535 -1905.855880 -1905.856156 -1905.856377 -1905.856557 -1905.856707 -1905.856835 -1905.856950 -1905.857058 -1905.857166 -1905.857286 -1905.857428 -1905.857614 -1905.857873 -1905.858251 -1905.858826 -1905.859727 -1905.861179 -1905.863579 -1905.867665 -1905.874841 -1905.887857 -1905.912228 -1905.959307 -1906.053363 -1906.249284 -1906.680440 -1907.698262 -1910.321608 -1917.878189 -1942.770001 -9999.0 -9999.0
-9999.0 -9999.0 422.914444 324.399183 225.375290 126.131797 26.797703 -72.570903 -171.950778 -271.328265 -370.689322 -470.013707 -569.261873 -668.355634 -767.343337 -866.358055 -965.288232 -1064.125361 -1162.560310 -1259.955718 -1355.656559 -1448.074383 -1534.776728 -1613.031785 -1680.682609 -1736.734979 -1781.419466 -1815.875776 -1841.718222 -1860.666404 -1874.308846 -1883.989748 -1890.781127 -1895.502807 -1898.763464 -1901.008263 -1902.573143 -1903.778931 -1905.177003 -1907.928148 -1910.750913 -1874.229163 -1284.562643 -1382.612536 -1352.620786 -1332.611736 -1323.372811 -1322.026278 -1321.883591 -1321.895874 -1321.930151 -1321.967089 -1322.002591 -1322.035471 -1322.066046 -1322.102149 -1322.217938 -1323.007322 -1327.854285 -1338.697500 -1350.638434 -1238.072547 -1841.020642 -1903.787441 -1906.756504 -1906.140115 -1905.912283 -1905.863983 -1905.855762 -1905.854855 -1905.855135 -1905.855535 -1905.855880 -1905.856156 -1905.856377 -1905.856557 -1905.856707 -1905.856835 -1905.856950 -1905.857058 -1905.857166 -1905.857286 -1905.857428 -1905.857614 -1905.857873 -1905.858251 -1905.858826 -1905.859727 -1905.861179 -1905.863579 -1905.867665 -1905.874841 -1905.887857 -1905.912228 -1905.959307 -1906.053363 -1906.249284 -1906.680440 -1907.698262 -1910.321608 -1917.878189 -1942.770001 -9999.0 -9999.0
-9999.0 -9999.0 422.908488 324.397600 225.374857 126.131667 26.797661 -72.570917 -171.950783 -271.328268 -370.689323 -470.013708 -569.261873 -668.355634 -767.343337 -866.358055 -965.288231 -1064.125361 -1162.560310 -1259.955717 -1355.656558 -1448.074383 -1534.776728 -1613.031785 -1680.682609 -1736.734979 -1781.419466 -1815.875776 -1841.718222 -1860.666404 -1874.308846 -1883.989748 -1890.781127 -1895.502807 -1898.763464 -1901.008263 -1902.573143 -1903.778931 -1905.177003 -1907.928148 -1910.750913 -1874.229163 -1284.562643 -1382.612536 -1352.620786 -1332.611736 -1323.372811 -1322.026278 -1321.883591 -1321.895874 -1321.930151 -1321.967089 -1322.002591 -1322.035471 -1322.066046 -1322.102149 -1322.217938 -1323.007322 -1327.854285 -1338.697500 -1350.638434 -1238.072547 -1841.020642 -1903.787441 -1906.756504 -1906.140115 -1905.912283 -1905.863983 -1905.855762 -1905.854855 -1905.855135 -1905.855535 -1905.855880 -1905.856156 -1905.856377 -1905.856557 -1905.856707 -1905.856835 -1905.856950 -1905.857058 -1905.857166 -1905.857286 -1905.857428 -1905.857614 -1905.857873 -1905.858251 -1905.858826 -1905.859727 -1905.861179 -1905.863579 -1905.867665 -1905.874841 -1905.887857 -1905.912228 -1905.959307 -1906.053363 -1906.249284 -1906.680440 -1907.698262 -1910.321608 -1917.878189 -1942.770001 -9999.0 -9999.0
-9999.0 -9999.0 -9999.0 -9999.0 -9999.0 -9999.0 -9999.0 -9999.0 -9999.0 -9999.0 -9999.0 -9999.0 -9999.0 -9999.0 -9999.0 -9999.0 -9999.0 -9999.0 -9999.0 -9999.0 -9999.0 -9999.0 -9999.0 -9999.0 -9999.0 -9999.0 -9999.0 -9999.0 -9999.0 -9999.0 -9999.0 -9999.0 -9999.0 -9999.0 -9999.0 -9999.0 -9999.0 -9999.0 -9999.0 -9999.0 -9999.0 -9999.0 -9999.0 -9999.0 -9999.0 -9999.0 -9999.0 -9999.0 -9999.0 -9999.0 -9999.0 -9999.0 -9999.0 -9999.0 -9999.0 -9999.0 -9999.0 -9999.0 -9999.0 -9999.0 -9999.0 -9999.0 -9999.0 -9999.0 -9999.0 -9999.0 -9999.0 -9999.0 -9999.0 -9999.0 -9999.0 -9999.0 -9999.0 -9999.0 -9999.0 -9999.0 -9999.0 -9999.0 -9999.0 -9999.0 -9999.0 -9999.0 -9999.0 -9999.0 -9999.0 -9999.0 -9999.0 -9999.0 -9999.0 -9999.0 -9999.0 -9999.0 -9999.0 -9999.0 -9999.0 -9999.0 -9999.0 -9999.0 -9999.0 -9999.0 -9999.0 -9999.0 -9999.0 -9999.0
-9999.0 -9999.0 -9999.0 -9999.0 -9999.0 -9999.0 -9999.0 -9999.0 -9999.0 -9999.0 -9999.0 -9999.0 -9999.0 -9999.0 -9999.0 -9999.0 -9999.0 -9999.0 -9999.0 -9999.0 -9999.0 -9999.0 -9999.0 -9999.0 -9999.0 -9999.0 -9999.0 -9999.0 -9999.0 -9999.0 -9999.0 -9999.0 -9999.0 -9999.0 -9999.0 -9999.0 -9999.0 -9999.0 -9999.0 -9999.0 -9999.0 -9999.0 -9999.0 -9999.0 -9999.0 -9999.0 -9999.0 -9999.0 -9999.0 -9999.0 -9999.0 -9999.0 -9999.0 -9999.0 -9999.0 -9999.0 -9999.0 -9999.0 -9999.0 -9999.0 -9999.0 -9999.0 -9999.0 -9999.0 -9999.0 -9999.0 -9999.0 -9999.0 -9999.0 -9999.0 -9999.0 -9999.0 -9999.0 -9999.0 -9999.0 -9999.0 -9999.0 -9999.0 -9999.0 -9999.0 -9999.0 -9999.0 -9999.0 -9999.0 -9999.0 -9999.0 -9999.0 -9999.0 -9999.0 -9999.0 -9999.0 -9999.0 -9999.0 -9999.0 -9999.0 -9999.0 -9999.0 -9999.0 -9999.0 -9999.0 -9999.0 -9999.0 -9999.0 -9999.0