inst/processing_geotop_simulation/geotop_simulation/out/maps3D/PwL0009N0434.asc
ncols         104
nrows         10
xllcorner     -2.000000
yllcorner     0.000000
cellsize      1.000000
NODATA_value  -9999.0
-9999.0 -9999.0 -9999.0 -9999.0 -9999.0 -9999.0 -9999.0 -9999.0 -9999.0 -9999.0 -9999.0 -9999.0 -9999.0 -9999.0 -9999.0 -9999.0 -9999.0 -9999.0 -9999.0 -9999.0 -9999.0 -9999.0 -9999.0 -9999.0 -9999.0 -9999.0 -9999.0 -9999.0 -9999.0 -9999.0 -9999.0 -9999.0 -9999.0 -9999.0 -9999.0 -9999.0 -9999.0 -9999.0 -9999.0 -9999.0 -9999.0 -9999.0 -9999.0 -9999.0 -9999.0 -9999.0 -9999.0 -9999.0 -9999.0 -9999.0 -9999.0 -9999.0 -9999.0 -9999.0 -9999.0 -9999.0 -9999.0 -9999.0 -9999.0 -9999.0 -9999.0 -9999.0 -9999.0 -9999.0 -9999.0 -9999.0 -9999.0 -9999.0 -9999.0 -9999.0 -9999.0 -9999.0 -9999.0 -9999.0 -9999.0 -9999.0 -9999.0 -9999.0 -9999.0 -9999.0 -9999.0 -9999.0 -9999.0 -9999.0 -9999.0 -9999.0 -9999.0 -9999.0 -9999.0 -9999.0 -9999.0 -9999.0 -9999.0 -9999.0 -9999.0 -9999.0 -9999.0 -9999.0 -9999.0 -9999.0 -9999.0 -9999.0 -9999.0 -9999.0
-9999.0 -9999.0 -9999.0 -9999.0 -9999.0 -9999.0 -9999.0 -9999.0 -9999.0 -9999.0 -9999.0 -9999.0 -9999.0 -9999.0 -9999.0 -9999.0 -9999.0 -9999.0 -9999.0 -9999.0 -9999.0 -9999.0 -9999.0 -9999.0 -9999.0 -9999.0 -9999.0 -9999.0 -9999.0 -9999.0 -9999.0 -9999.0 -9999.0 -9999.0 -9999.0 -9999.0 -9999.0 -9999.0 -9999.0 -9999.0 -9999.0 -9999.0 -9999.0 -9999.0 -9999.0 -9999.0 -9999.0 -9999.0 -9999.0 -9999.0 -9999.0 -9999.0 -9999.0 -9999.0 -9999.0 -9999.0 -9999.0 -9999.0 -9999.0 -9999.0 -9999.0 -9999.0 -9999.0 -9999.0 -9999.0 -9999.0 -9999.0 -9999.0 -9999.0 -9999.0 -9999.0 -9999.0 -9999.0 -9999.0 -9999.0 -9999.0 -9999.0 -9999.0 -9999.0 -9999.0 -9999.0 -9999.0 -9999.0 -9999.0 -9999.0 -9999.0 -9999.0 -9999.0 -9999.0 -9999.0 -9999.0 -9999.0 -9999.0 -9999.0 -9999.0 -9999.0 -9999.0 -9999.0 -9999.0 -9999.0 -9999.0 -9999.0 -9999.0 -9999.0
-9999.0 -9999.0 422.853069 324.303052 225.254577 125.991440 26.639882 -72.745328 -172.141531 -271.535467 -370.913593 -470.256537 -569.526566 -668.649390 -767.671275 -866.718558 -965.685260 -1064.563539 -1163.060959 -1260.573229 -1356.470291 -1449.215159 -1536.423229 -1615.368751 -1683.846050 -1740.779028 -1786.315940 -1821.536573 -1848.024571 -1867.493468 -1881.541410 -1891.529716 -1898.549362 -1903.437844 -1906.818869 -1909.149742 -1910.776100 -1912.026954 -1913.458980 -1916.207406 -1918.742905 -1880.569187 -1285.762168 -1382.849322 -1353.218456 -1333.396790 -1324.241749 -1322.904113 -1322.762181 -1322.774298 -1322.808272 -1322.844891 -1322.880088 -1322.912686 -1322.943004 -1322.978852 -1323.094075 -1323.878926 -1328.684320 -1339.427234 -1351.131772 -1239.634280 -1847.274935 -1911.815102 -1915.068079 -1914.481087 -1914.253940 -1914.205126 -1914.196748 -1914.195805 -1914.196076 -1914.196471 -1914.196813 -1914.197089 -1914.197310 -1914.197490 -1914.197641 -1914.197771 -1914.197887 -1914.197996 -1914.198107 -1914.198228 -1914.198372 -1914.198559 -1914.198819 -1914.199197 -1914.199770 -1914.200667 -1914.202109 -1914.204491 -1914.208546 -1914.215667 -1914.228585 -1914.252781 -1914.299545 -1914.393053 -1914.588069 -1915.017930 -1916.034659 -1918.660861 -1926.239190 -1951.204072 -9999.0 -9999.0
-9999.0 -9999.0 422.858996 324.304627 225.255008 125.991570 26.639924 -72.745314 -172.141526 -271.535465 -370.913591 -470.256536 -569.526566 -668.649390 -767.671275 -866.718558 -965.685260 -1064.563540 -1163.060959 -1260.573229 -1356.470291 -1449.215159 -1536.423229 -1615.368751 -1683.846050 -1740.779028 -1786.315940 -1821.536573 -1848.024571 -1867.493468 -1881.541410 -1891.529716 -1898.549362 -1903.437844 -1906.818869 -1909.149742 -1910.776100 -1912.026954 -1913.458980 -1916.207406 -1918.742905 -1880.569187 -1285.762168 -1382.849321 -1353.218456 -1333.396789 -1324.241749 -1322.904113 -1322.762181 -1322.774298 -1322.808272 -1322.844891 -1322.880088 -1322.912686 -1322.943004 -1322.978852 -1323.094075 -1323.878926 -1328.684320 -1339.427234 -1351.131772 -1239.634280 -1847.274935 -1911.815102 -1915.068079 -1914.481087 -1914.253940 -1914.205126 -1914.196748 -1914.195805 -1914.196076 -1914.196471 -1914.196813 -1914.197089 -1914.197310 -1914.197490 -1914.197641 -1914.197771 -1914.197887 -1914.197996 -1914.198107 -1914.198228 -1914.198372 -1914.198559 -1914.198819 -1914.199197 -1914.199770 -1914.200667 -1914.202109 -1914.204491 -1914.208546 -1914.215667 -1914.228585 -1914.252781 -1914.299545 -1914.393053 -1914.588069 -1915.017930 -1916.034659 -1918.660861 -1926.239190 -1951.204072 -9999.0 -9999.0
-9999.0 -9999.0 422.860307 324.305322 225.255286 125.991672 26.639961 -72.745301 -172.141521 -271.535463 -370.913591 -470.256536 -569.526565 -668.649390 -767.671275 -866.718558 -965.685260 -1064.563540 -1163.060959 -1260.573230 -1356.470292 -1449.215160 -1536.423229 -1615.368752 -1683.846050 -1740.779029 -1786.315940 -1821.536573 -1848.024571 -1867.493468 -1881.541410 -1891.529716 -1898.549362 -1903.437844 -1906.818869 -1909.149742 -1910.776100 -1912.026954 -1913.458980 -1916.207406 -1918.742905 -1880.569187 -1285.762168 -1382.849321 -1353.218456 -1333.396789 -1324.241749 -1322.904113 -1322.762181 -1322.774298 -1322.808272 -1322.844891 -1322.880088 -1322.912686 -1322.943004 -1322.978852 -1323.094075 -1323.878926 -1328.684320 -1339.427234 -1351.131772 -1239.634280 -1847.274935 -1911.815102 -1915.068079 -1914.481087 -1914.253940 -1914.205126 -1914.196748 -1914.195805 -1914.196076 -1914.196471 -1914.196813 -1914.197089 -1914.197310 -1914.197490 -1914.197641 -1914.197771 -1914.197887 -1914.197996 -1914.198107 -1914.198228 -1914.198372 -1914.198559 -1914.198819 -1914.199197 -1914.199770 -1914.200667 -1914.202109 -1914.204491 -1914.208546 -1914.215667 -1914.228585 -1914.252781 -1914.299545 -1914.393053 -1914.588069 -1915.017930 -1916.034659 -1918.660861 -1926.239190 -1951.204072 -9999.0 -9999.0
-9999.0 -9999.0 422.860307 324.305322 225.255285 125.991672 26.639961 -72.745301 -172.141521 -271.535463 -370.913591 -470.256536 -569.526565 -668.649390 -767.671275 -866.718558 -965.685260 -1064.563540 -1163.060959 -1260.573230 -1356.470292 -1449.215160 -1536.423229 -1615.368752 -1683.846050 -1740.779029 -1786.315940 -1821.536573 -1848.024571 -1867.493468 -1881.541410 -1891.529716 -1898.549362 -1903.437844 -1906.818869 -1909.149742 -1910.776100 -1912.026954 -1913.458980 -1916.207406 -1918.742905 -1880.569187 -1285.762168 -1382.849321 -1353.218456 -1333.396789 -1324.241749 -1322.904113 -1322.762181 -1322.774298 -1322.808272 -1322.844891 -1322.880088 -1322.912686 -1322.943004 -1322.978852 -1323.094075 -1323.878926 -1328.684320 -1339.427234 -1351.131772 -1239.634280 -1847.274935 -1911.815102 -1915.068079 -1914.481087 -1914.253940 -1914.205126 -1914.196748 -1914.195805 -1914.196076 -1914.196471 -1914.196813 -1914.197089 -1914.197310 -1914.197490 -1914.197641 -1914.197771 -1914.197887 -1914.197996 -1914.198107 -1914.198228 -1914.198372 -1914.198559 -1914.198819 -1914.199197 -1914.199770 -1914.200667 -1914.202109 -1914.204491 -1914.208546 -1914.215667 -1914.228585 -1914.252781 -1914.299545 -1914.393053 -1914.588069 -1915.017930 -1916.034659 -1918.660861 -1926.239190 -1951.204072 -9999.0 -9999.0
-9999.0 -9999.0 422.858996 324.304627 225.255008 125.991570 26.639924 -72.745314 -172.141526 -271.535464 -370.913592 -470.256536 -569.526566 -668.649390 -767.671275 -866.718558 -965.685260 -1064.563540 -1163.060959 -1260.573229 -1356.470291 -1449.215159 -1536.423229 -1615.368751 -1683.846050 -1740.779028 -1786.315940 -1821.536573 -1848.024571 -1867.493468 -1881.541410 -1891.529716 -1898.549362 -1903.437844 -1906.818869 -1909.149742 -1910.776100 -1912.026954 -1913.458980 -1916.207406 -1918.742905 -1880.569187 -1285.762168 -1382.849321 -1353.218456 -1333.396789 -1324.241749 -1322.904113 -1322.762181 -1322.774298 -1322.808272 -1322.844891 -1322.880088 -1322.912686 -1322.943004 -1322.978852 -1323.094075 -1323.878926 -1328.684320 -1339.427234 -1351.131772 -1239.634280 -1847.274935 -1911.815102 -1915.068079 -1914.481087 -1914.253940 -1914.205126 -1914.196748 -1914.195805 -1914.196076 -1914.196471 -1914.196813 -1914.197089 -1914.197310 -1914.197490 -1914.197641 -1914.197771 -1914.197887 -1914.197996 -1914.198107 -1914.198228 -1914.198372 -1914.198559 -1914.198819 -1914.199197 -1914.199770 -1914.200667 -1914.202109 -1914.204491 -1914.208546 -1914.215667 -1914.228585 -1914.252781 -1914.299545 -1914.393053 -1914.588069 -1915.017930 -1916.034659 -1918.660861 -1926.239190 -1951.204072 -9999.0 -9999.0
-9999.0 -9999.0 422.853069 324.303053 225.254577 125.991441 26.639882 -72.745328 -172.141531 -271.535467 -370.913593 -470.256537 -569.526566 -668.649390 -767.671275 -866.718558 -965.685260 -1064.563539 -1163.060959 -1260.573229 -1356.470291 -1449.215159 -1536.423229 -1615.368751 -1683.846050 -1740.779028 -1786.315940 -1821.536573 -1848.024571 -1867.493468 -1881.541410 -1891.529716 -1898.549362 -1903.437844 -1906.818869 -1909.149742 -1910.776100 -1912.026954 -1913.458980 -1916.207406 -1918.742905 -1880.569187 -1285.762168 -1382.849322 -1353.218456 -1333.396790 -1324.241749 -1322.904113 -1322.762181 -1322.774298 -1322.808272 -1322.844891 -1322.880088 -1322.912686 -1322.943004 -1322.978852 -1323.094075 -1323.878926 -1328.684320 -1339.427234 -1351.131772 -1239.634280 -1847.274935 -1911.815102 -1915.068079 -1914.481087 -1914.253940 -1914.205126 -1914.196748 -1914.195805 -1914.196076 -1914.196471 -1914.196813 -1914.197089 -1914.197310 -1914.197490 -1914.197641 -1914.197771 -1914.197887 -1914.197996 -1914.198107 -1914.198228 -1914.198372 -1914.198559 -1914.198819 -1914.199197 -1914.199770 -1914.200667 -1914.202109 -1914.204491 -1914.208546 -1914.215667 -1914.228585 -1914.252781 -1914.299545 -1914.393053 -1914.588069 -1915.017930 -1916.034659 -1918.660861 -1926.239190 -1951.204072 -9999.0 -9999.0
-9999.0 -9999.0 -9999.0 -9999.0 -9999.0 -9999.0 -9999.0 -9999.0 -9999.0 -9999.0 -9999.0 -9999.0 -9999.0 -9999.0 -9999.0 -9999.0 -9999.0 -9999.0 -9999.0 -9999.0 -9999.0 -9999.0 -9999.0 -9999.0 -9999.0 -9999.0 -9999.0 -9999.0 -9999.0 -9999.0 -9999.0 -9999.0 -9999.0 -9999.0 -9999.0 -9999.0 -9999.0 -9999.0 -9999.0 -9999.0 -9999.0 -9999.0 -9999.0 -9999.0 -9999.0 -9999.0 -9999.0 -9999.0 -9999.0 -9999.0 -9999.0 -9999.0 -9999.0 -9999.0 -9999.0 -9999.0 -9999.0 -9999.0 -9999.0 -9999.0 -9999.0 -9999.0 -9999.0 -9999.0 -9999.0 -9999.0 -9999.0 -9999.0 -9999.0 -9999.0 -9999.0 -9999.0 -9999.0 -9999.0 -9999.0 -9999.0 -9999.0 -9999.0 -9999.0 -9999.0 -9999.0 -9999.0 -9999.0 -9999.0 -9999.0 -9999.0 -9999.0 -9999.0 -9999.0 -9999.0 -9999.0 -9999.0 -9999.0 -9999.0 -9999.0 -9999.0 -9999.0 -9999.0 -9999.0 -9999.0 -9999.0 -9999.0 -9999.0 -9999.0
-9999.0 -9999.0 -9999.0 -9999.0 -9999.0 -9999.0 -9999.0 -9999.0 -9999.0 -9999.0 -9999.0 -9999.0 -9999.0 -9999.0 -9999.0 -9999.0 -9999.0 -9999.0 -9999.0 -9999.0 -9999.0 -9999.0 -9999.0 -9999.0 -9999.0 -9999.0 -9999.0 -9999.0 -9999.0 -9999.0 -9999.0 -9999.0 -9999.0 -9999.0 -9999.0 -9999.0 -9999.0 -9999.0 -9999.0 -9999.0 -9999.0 -9999.0 -9999.0 -9999.0 -9999.0 -9999.0 -9999.0 -9999.0 -9999.0 -9999.0 -9999.0 -9999.0 -9999.0 -9999.0 -9999.0 -9999.0 -9999.0 -9999.0 -9999.0 -9999.0 -9999.0 -9999.0 -9999.0 -9999.0 -9999.0 -9999.0 -9999.0 -9999.0 -9999.0 -9999.0 -9999.0 -9999.0 -9999.0 -9999.0 -9999.0 -9999.0 -9999.0 -9999.0 -9999.0 -9999.0 -9999.0 -9999.0 -9999.0 -9999.0 -9999.0 -9999.0 -9999.0 -9999.0 -9999.0 -9999.0 -9999.0 -9999.0 -9999.0 -9999.0 -9999.0 -9999.0 -9999.0 -9999.0 -9999.0 -9999.0 -9999.0 -9999.0 -9999.0 -9999.0