inst/processing_geotop_simulation/geotop_simulation/out/maps3D/PwL0021N0191.asc
ncols         104
nrows         10
xllcorner     -2.000000
yllcorner     0.000000
cellsize      1.000000
NODATA_value  -9999.0
-9999.0 -9999.0 -9999.0 -9999.0 -9999.0 -9999.0 -9999.0 -9999.0 -9999.0 -9999.0 -9999.0 -9999.0 -9999.0 -9999.0 -9999.0 -9999.0 -9999.0 -9999.0 -9999.0 -9999.0 -9999.0 -9999.0 -9999.0 -9999.0 -9999.0 -9999.0 -9999.0 -9999.0 -9999.0 -9999.0 -9999.0 -9999.0 -9999.0 -9999.0 -9999.0 -9999.0 -9999.0 -9999.0 -9999.0 -9999.0 -9999.0 -9999.0 -9999.0 -9999.0 -9999.0 -9999.0 -9999.0 -9999.0 -9999.0 -9999.0 -9999.0 -9999.0 -9999.0 -9999.0 -9999.0 -9999.0 -9999.0 -9999.0 -9999.0 -9999.0 -9999.0 -9999.0 -9999.0 -9999.0 -9999.0 -9999.0 -9999.0 -9999.0 -9999.0 -9999.0 -9999.0 -9999.0 -9999.0 -9999.0 -9999.0 -9999.0 -9999.0 -9999.0 -9999.0 -9999.0 -9999.0 -9999.0 -9999.0 -9999.0 -9999.0 -9999.0 -9999.0 -9999.0 -9999.0 -9999.0 -9999.0 -9999.0 -9999.0 -9999.0 -9999.0 -9999.0 -9999.0 -9999.0 -9999.0 -9999.0 -9999.0 -9999.0 -9999.0 -9999.0
-9999.0 -9999.0 -9999.0 -9999.0 -9999.0 -9999.0 -9999.0 -9999.0 -9999.0 -9999.0 -9999.0 -9999.0 -9999.0 -9999.0 -9999.0 -9999.0 -9999.0 -9999.0 -9999.0 -9999.0 -9999.0 -9999.0 -9999.0 -9999.0 -9999.0 -9999.0 -9999.0 -9999.0 -9999.0 -9999.0 -9999.0 -9999.0 -9999.0 -9999.0 -9999.0 -9999.0 -9999.0 -9999.0 -9999.0 -9999.0 -9999.0 -9999.0 -9999.0 -9999.0 -9999.0 -9999.0 -9999.0 -9999.0 -9999.0 -9999.0 -9999.0 -9999.0 -9999.0 -9999.0 -9999.0 -9999.0 -9999.0 -9999.0 -9999.0 -9999.0 -9999.0 -9999.0 -9999.0 -9999.0 -9999.0 -9999.0 -9999.0 -9999.0 -9999.0 -9999.0 -9999.0 -9999.0 -9999.0 -9999.0 -9999.0 -9999.0 -9999.0 -9999.0 -9999.0 -9999.0 -9999.0 -9999.0 -9999.0 -9999.0 -9999.0 -9999.0 -9999.0 -9999.0 -9999.0 -9999.0 -9999.0 -9999.0 -9999.0 -9999.0 -9999.0 -9999.0 -9999.0 -9999.0 -9999.0 -9999.0 -9999.0 -9999.0 -9999.0 -9999.0
-9999.0 -9999.0 1028.120662 931.766690 835.250086 738.310115 641.124394 543.825702 446.490849 349.162648 251.864650 154.610299 57.407263 -39.729028 -136.789227 -233.724058 -330.416209 -426.649499 -522.051653 -615.940998 -708.732235 -801.322667 -892.503593 -982.044434 -1061.791427 -1124.574998 -1175.513947 -1215.092966 -1244.666715 -1266.032974 -1281.046376 -1291.365310 -1298.338754 -1302.993416 -1306.074398 -1308.106504 -1309.460382 -1310.441758 -1311.569433 -1314.860011 -1329.392781 -1402.243977 -1724.604697 -3515.751643 -3935.054797 -3934.953726 -3912.687280 -3740.688555 -3405.270862 -3070.751618 -2801.591926 -2576.647545 -2445.485754 -2363.366261 -2288.571103 -2211.485705 -2129.352972 -2043.437028 -1957.110142 -1873.052456 -1782.636603 -1415.768144 -1362.102818 -1322.118146 -1313.862809 -1312.438361 -1312.218662 -1312.186012 -1312.181703 -1312.181877 -1312.182676 -1312.183424 -1312.184020 -1312.184481 -1312.184839 -1312.185120 -1312.185345 -1312.185530 -1312.185686 -1312.185826 -1312.185964 -1312.186115 -1312.186302 -1312.186556 -1312.186927 -1312.187491 -1312.188372 -1312.189779 -1312.192063 -1312.195846 -1312.202261 -1312.213437 -1312.233502 -1312.270644 -1312.341437 -1312.480409 -1312.763225 -1313.368700 -1314.753151 -1318.141143 -1326.986891 -1352.655355 -9999.0 -9999.0
-9999.0 -9999.0 1028.123659 931.767881 835.250487 738.310249 641.124440 543.825718 446.490855 349.162650 251.864651 154.610300 57.407263 -39.729028 -136.789227 -233.724058 -330.416209 -426.649499 -522.051654 -615.940999 -708.732235 -801.322667 -892.503594 -982.044434 -1061.791427 -1124.574999 -1175.513948 -1215.092966 -1244.666715 -1266.032974 -1281.046377 -1291.365310 -1298.338754 -1302.993416 -1306.074398 -1308.106504 -1309.460382 -1310.441758 -1311.569433 -1314.860011 -1329.392781 -1402.243977 -1724.604696 -3515.751641 -3935.054797 -3934.953726 -3912.687280 -3740.688555 -3405.270862 -3070.751616 -2801.591923 -2576.647543 -2445.485753 -2363.366261 -2288.571103 -2211.485705 -2129.352971 -2043.437028 -1957.110141 -1873.052456 -1782.636603 -1415.768144 -1362.102818 -1322.118146 -1313.862809 -1312.438361 -1312.218662 -1312.186012 -1312.181703 -1312.181877 -1312.182676 -1312.183424 -1312.184020 -1312.184481 -1312.184839 -1312.185120 -1312.185345 -1312.185530 -1312.185686 -1312.185826 -1312.185964 -1312.186115 -1312.186302 -1312.186556 -1312.186927 -1312.187491 -1312.188372 -1312.189779 -1312.192063 -1312.195846 -1312.202261 -1312.213437 -1312.233502 -1312.270644 -1312.341437 -1312.480409 -1312.763225 -1313.368700 -1314.753151 -1318.141143 -1326.986891 -1352.655355 -9999.0 -9999.0
-9999.0 -9999.0 1028.124871 931.768539 835.250768 738.310357 641.124480 543.825733 446.490860 349.162652 251.864652 154.610300 57.407263 -39.729028 -136.789227 -233.724058 -330.416209 -426.649500 -522.051654 -615.940999 -708.732235 -801.322667 -892.503594 -982.044435 -1061.791428 -1124.574999 -1175.513948 -1215.092966 -1244.666715 -1266.032974 -1281.046377 -1291.365310 -1298.338754 -1302.993416 -1306.074398 -1308.106504 -1309.460382 -1310.441758 -1311.569433 -1314.860011 -1329.392781 -1402.243977 -1724.604697 -3515.751641 -3935.054797 -3934.953726 -3912.687280 -3740.688554 -3405.270861 -3070.751614 -2801.591921 -2576.647543 -2445.485753 -2363.366261 -2288.571103 -2211.485704 -2129.352971 -2043.437028 -1957.110141 -1873.052455 -1782.636603 -1415.768144 -1362.102818 -1322.118146 -1313.862809 -1312.438361 -1312.218662 -1312.186012 -1312.181703 -1312.181877 -1312.182676 -1312.183424 -1312.184020 -1312.184481 -1312.184839 -1312.185120 -1312.185345 -1312.185530 -1312.185686 -1312.185826 -1312.185964 -1312.186115 -1312.186302 -1312.186556 -1312.186927 -1312.187491 -1312.188372 -1312.189779 -1312.192063 -1312.195846 -1312.202261 -1312.213437 -1312.233502 -1312.270644 -1312.341437 -1312.480409 -1312.763225 -1313.368700 -1314.753151 -1318.141143 -1326.986891 -1352.655355 -9999.0 -9999.0
-9999.0 -9999.0 1028.124871 931.768539 835.250768 738.310357 641.124480 543.825733 446.490860 349.162652 251.864652 154.610300 57.407263 -39.729028 -136.789227 -233.724058 -330.416209 -426.649500 -522.051654 -615.940999 -708.732235 -801.322667 -892.503594 -982.044435 -1061.791428 -1124.574999 -1175.513948 -1215.092966 -1244.666715 -1266.032974 -1281.046377 -1291.365310 -1298.338754 -1302.993416 -1306.074398 -1308.106504 -1309.460382 -1310.441758 -1311.569433 -1314.860011 -1329.392781 -1402.243977 -1724.604697 -3515.751641 -3935.054797 -3934.953726 -3912.687280 -3740.688554 -3405.270861 -3070.751615 -2801.591921 -2576.647543 -2445.485753 -2363.366261 -2288.571102 -2211.485705 -2129.352971 -2043.437028 -1957.110141 -1873.052456 -1782.636603 -1415.768144 -1362.102818 -1322.118146 -1313.862809 -1312.438361 -1312.218662 -1312.186012 -1312.181703 -1312.181877 -1312.182676 -1312.183424 -1312.184020 -1312.184481 -1312.184839 -1312.185120 -1312.185345 -1312.185530 -1312.185686 -1312.185826 -1312.185964 -1312.186115 -1312.186302 -1312.186556 -1312.186927 -1312.187491 -1312.188372 -1312.189779 -1312.192063 -1312.195846 -1312.202261 -1312.213437 -1312.233502 -1312.270644 -1312.341437 -1312.480409 -1312.763225 -1313.368700 -1314.753151 -1318.141143 -1326.986891 -1352.655355 -9999.0 -9999.0
-9999.0 -9999.0 1028.123659 931.767881 835.250487 738.310249 641.124440 543.825718 446.490855 349.162650 251.864651 154.610300 57.407263 -39.729028 -136.789227 -233.724058 -330.416209 -426.649500 -522.051654 -615.940999 -708.732235 -801.322667 -892.503594 -982.044435 -1061.791427 -1124.574999 -1175.513948 -1215.092966 -1244.666715 -1266.032974 -1281.046377 -1291.365310 -1298.338754 -1302.993416 -1306.074398 -1308.106504 -1309.460382 -1310.441758 -1311.569433 -1314.860011 -1329.392781 -1402.243977 -1724.604696 -3515.751641 -3935.054797 -3934.953726 -3912.687280 -3740.688554 -3405.270862 -3070.751615 -2801.591922 -2576.647543 -2445.485753 -2363.366261 -2288.571103 -2211.485705 -2129.352971 -2043.437028 -1957.110141 -1873.052456 -1782.636603 -1415.768144 -1362.102818 -1322.118146 -1313.862809 -1312.438361 -1312.218662 -1312.186012 -1312.181703 -1312.181877 -1312.182676 -1312.183424 -1312.184020 -1312.184481 -1312.184839 -1312.185120 -1312.185345 -1312.185530 -1312.185686 -1312.185826 -1312.185964 -1312.186115 -1312.186302 -1312.186556 -1312.186927 -1312.187491 -1312.188372 -1312.189779 -1312.192063 -1312.195846 -1312.202261 -1312.213437 -1312.233502 -1312.270644 -1312.341437 -1312.480409 -1312.763225 -1313.368700 -1314.753151 -1318.141143 -1326.986891 -1352.655355 -9999.0 -9999.0
-9999.0 -9999.0 1028.120662 931.766690 835.250086 738.310115 641.124394 543.825702 446.490849 349.162648 251.864650 154.610299 57.407263 -39.729028 -136.789227 -233.724058 -330.416209 -426.649499 -522.051653 -615.940998 -708.732235 -801.322667 -892.503593 -982.044434 -1061.791427 -1124.574998 -1175.513947 -1215.092966 -1244.666715 -1266.032974 -1281.046376 -1291.365310 -1298.338754 -1302.993416 -1306.074398 -1308.106504 -1309.460382 -1310.441758 -1311.569433 -1314.860011 -1329.392781 -1402.243977 -1724.604697 -3515.751643 -3935.054797 -3934.953726 -3912.687280 -3740.688555 -3405.270862 -3070.751619 -2801.591926 -2576.647545 -2445.485754 -2363.366261 -2288.571103 -2211.485705 -2129.352972 -2043.437028 -1957.110142 -1873.052456 -1782.636604 -1415.768144 -1362.102818 -1322.118146 -1313.862809 -1312.438361 -1312.218662 -1312.186012 -1312.181703 -1312.181877 -1312.182676 -1312.183424 -1312.184020 -1312.184481 -1312.184839 -1312.185120 -1312.185345 -1312.185530 -1312.185686 -1312.185826 -1312.185964 -1312.186115 -1312.186302 -1312.186556 -1312.186927 -1312.187491 -1312.188372 -1312.189779 -1312.192063 -1312.195846 -1312.202261 -1312.213437 -1312.233502 -1312.270644 -1312.341437 -1312.480409 -1312.763225 -1313.368700 -1314.753151 -1318.141143 -1326.986891 -1352.655355 -9999.0 -9999.0
-9999.0 -9999.0 -9999.0 -9999.0 -9999.0 -9999.0 -9999.0 -9999.0 -9999.0 -9999.0 -9999.0 -9999.0 -9999.0 -9999.0 -9999.0 -9999.0 -9999.0 -9999.0 -9999.0 -9999.0 -9999.0 -9999.0 -9999.0 -9999.0 -9999.0 -9999.0 -9999.0 -9999.0 -9999.0 -9999.0 -9999.0 -9999.0 -9999.0 -9999.0 -9999.0 -9999.0 -9999.0 -9999.0 -9999.0 -9999.0 -9999.0 -9999.0 -9999.0 -9999.0 -9999.0 -9999.0 -9999.0 -9999.0 -9999.0 -9999.0 -9999.0 -9999.0 -9999.0 -9999.0 -9999.0 -9999.0 -9999.0 -9999.0 -9999.0 -9999.0 -9999.0 -9999.0 -9999.0 -9999.0 -9999.0 -9999.0 -9999.0 -9999.0 -9999.0 -9999.0 -9999.0 -9999.0 -9999.0 -9999.0 -9999.0 -9999.0 -9999.0 -9999.0 -9999.0 -9999.0 -9999.0 -9999.0 -9999.0 -9999.0 -9999.0 -9999.0 -9999.0 -9999.0 -9999.0 -9999.0 -9999.0 -9999.0 -9999.0 -9999.0 -9999.0 -9999.0 -9999.0 -9999.0 -9999.0 -9999.0 -9999.0 -9999.0 -9999.0 -9999.0
-9999.0 -9999.0 -9999.0 -9999.0 -9999.0 -9999.0 -9999.0 -9999.0 -9999.0 -9999.0 -9999.0 -9999.0 -9999.0 -9999.0 -9999.0 -9999.0 -9999.0 -9999.0 -9999.0 -9999.0 -9999.0 -9999.0 -9999.0 -9999.0 -9999.0 -9999.0 -9999.0 -9999.0 -9999.0 -9999.0 -9999.0 -9999.0 -9999.0 -9999.0 -9999.0 -9999.0 -9999.0 -9999.0 -9999.0 -9999.0 -9999.0 -9999.0 -9999.0 -9999.0 -9999.0 -9999.0 -9999.0 -9999.0 -9999.0 -9999.0 -9999.0 -9999.0 -9999.0 -9999.0 -9999.0 -9999.0 -9999.0 -9999.0 -9999.0 -9999.0 -9999.0 -9999.0 -9999.0 -9999.0 -9999.0 -9999.0 -9999.0 -9999.0 -9999.0 -9999.0 -9999.0 -9999.0 -9999.0 -9999.0 -9999.0 -9999.0 -9999.0 -9999.0 -9999.0 -9999.0 -9999.0 -9999.0 -9999.0 -9999.0 -9999.0 -9999.0 -9999.0 -9999.0 -9999.0 -9999.0 -9999.0 -9999.0 -9999.0 -9999.0 -9999.0 -9999.0 -9999.0 -9999.0 -9999.0 -9999.0 -9999.0 -9999.0 -9999.0 -9999.0