inst/processing_geotop_simulation/geotop_simulation/out/maps3D/PwL0000N0283.asc
ncols         104
nrows         10
xllcorner     -2.000000
yllcorner     0.000000
cellsize      1.000000
NODATA_value  -9999.0
-9999.0 -9999.0 -9999.0 -9999.0 -9999.0 -9999.0 -9999.0 -9999.0 -9999.0 -9999.0 -9999.0 -9999.0 -9999.0 -9999.0 -9999.0 -9999.0 -9999.0 -9999.0 -9999.0 -9999.0 -9999.0 -9999.0 -9999.0 -9999.0 -9999.0 -9999.0 -9999.0 -9999.0 -9999.0 -9999.0 -9999.0 -9999.0 -9999.0 -9999.0 -9999.0 -9999.0 -9999.0 -9999.0 -9999.0 -9999.0 -9999.0 -9999.0 -9999.0 -9999.0 -9999.0 -9999.0 -9999.0 -9999.0 -9999.0 -9999.0 -9999.0 -9999.0 -9999.0 -9999.0 -9999.0 -9999.0 -9999.0 -9999.0 -9999.0 -9999.0 -9999.0 -9999.0 -9999.0 -9999.0 -9999.0 -9999.0 -9999.0 -9999.0 -9999.0 -9999.0 -9999.0 -9999.0 -9999.0 -9999.0 -9999.0 -9999.0 -9999.0 -9999.0 -9999.0 -9999.0 -9999.0 -9999.0 -9999.0 -9999.0 -9999.0 -9999.0 -9999.0 -9999.0 -9999.0 -9999.0 -9999.0 -9999.0 -9999.0 -9999.0 -9999.0 -9999.0 -9999.0 -9999.0 -9999.0 -9999.0 -9999.0 -9999.0 -9999.0 -9999.0
-9999.0 -9999.0 -9999.0 -9999.0 -9999.0 -9999.0 -9999.0 -9999.0 -9999.0 -9999.0 -9999.0 -9999.0 -9999.0 -9999.0 -9999.0 -9999.0 -9999.0 -9999.0 -9999.0 -9999.0 -9999.0 -9999.0 -9999.0 -9999.0 -9999.0 -9999.0 -9999.0 -9999.0 -9999.0 -9999.0 -9999.0 -9999.0 -9999.0 -9999.0 -9999.0 -9999.0 -9999.0 -9999.0 -9999.0 -9999.0 -9999.0 -9999.0 -9999.0 -9999.0 -9999.0 -9999.0 -9999.0 -9999.0 -9999.0 -9999.0 -9999.0 -9999.0 -9999.0 -9999.0 -9999.0 -9999.0 -9999.0 -9999.0 -9999.0 -9999.0 -9999.0 -9999.0 -9999.0 -9999.0 -9999.0 -9999.0 -9999.0 -9999.0 -9999.0 -9999.0 -9999.0 -9999.0 -9999.0 -9999.0 -9999.0 -9999.0 -9999.0 -9999.0 -9999.0 -9999.0 -9999.0 -9999.0 -9999.0 -9999.0 -9999.0 -9999.0 -9999.0 -9999.0 -9999.0 -9999.0 -9999.0 -9999.0 -9999.0 -9999.0 -9999.0 -9999.0 -9999.0 -9999.0 -9999.0 -9999.0 -9999.0 -9999.0 -9999.0 -9999.0
-9999.0 -9999.0 0.030037 -92.767413 -190.607117 -289.006610 -387.608761 -486.276495 -584.939820 -683.537819 -781.957980 -880.109977 -977.918441 -1075.268505 -1172.503854 -1269.542378 -1365.546224 -1459.920206 -1551.902217 -1640.195768 -1721.829845 -1792.798518 -1850.415290 -1894.511797 -1926.824092 -1949.822193 -1965.887064 -1976.966533 -1984.531011 -1989.648751 -1993.081865 -1995.367358 -1996.879090 -1997.874040 -1998.526955 -1998.957467 -1999.255769 -1999.531874 -2000.115208 -2002.268465 -2007.618816 -1973.320353 -1229.471487 -1226.135703 -1215.884687 -1209.268372 -1206.158672 -1205.684872 -1205.634366 -1205.639983 -1205.653846 -1205.668731 -1205.683036 -1205.696284 -1205.708574 -1205.722799 -1205.766191 -1206.052341 -1207.718685 -1211.428105 -1216.794691 -1212.799021 -1951.116481 -2001.924158 -2000.944827 -2000.064304 -1999.881231 -1999.850902 -1999.846620 -1999.846603 -1999.847205 -1999.847786 -1999.848250 -1999.848606 -1999.848879 -1999.849091 -1999.849260 -1999.849396 -1999.849511 -1999.849613 -1999.849714 -1999.849827 -1999.849970 -1999.850168 -1999.850461 -1999.850912 -1999.851622 -1999.852760 -1999.854614 -1999.857693 -1999.862922 -1999.872044 -1999.888434 -1999.918768 -1999.976478 -2000.089164 -2000.315778 -2000.790613 -2001.846350 -2004.393098 -2011.311724 -2033.936622 -9999.0 -9999.0
-9999.0 -9999.0 0.097113 -92.765353 -190.606603 -289.006460 -387.608713 -486.276479 -584.939814 -683.537817 -781.957979 -880.109977 -977.918441 -1075.268505 -1172.503854 -1269.542378 -1365.546224 -1459.920207 -1551.902217 -1640.195768 -1721.829846 -1792.798518 -1850.415291 -1894.511798 -1926.824092 -1949.822193 -1965.887064 -1976.966534 -1984.531011 -1989.648751 -1993.081865 -1995.367358 -1996.879090 -1997.874040 -1998.526955 -1998.957467 -1999.255769 -1999.531874 -2000.115208 -2002.268465 -2007.618816 -1973.320353 -1229.471486 -1226.135703 -1215.884687 -1209.268372 -1206.158672 -1205.684872 -1205.634366 -1205.639983 -1205.653846 -1205.668731 -1205.683036 -1205.696284 -1205.708574 -1205.722799 -1205.766191 -1206.052341 -1207.718685 -1211.428105 -1216.794691 -1212.799021 -1951.116481 -2001.924158 -2000.944827 -2000.064304 -1999.881231 -1999.850902 -1999.846620 -1999.846603 -1999.847205 -1999.847786 -1999.848250 -1999.848606 -1999.848879 -1999.849091 -1999.849260 -1999.849396 -1999.849511 -1999.849613 -1999.849714 -1999.849827 -1999.849970 -1999.850168 -1999.850461 -1999.850912 -1999.851622 -1999.852760 -1999.854614 -1999.857693 -1999.862922 -1999.872044 -1999.888434 -1999.918768 -1999.976478 -2000.089164 -2000.315778 -2000.790613 -2001.846350 -2004.393098 -2011.311724 -2033.936622 -9999.0 -9999.0
-9999.0 -9999.0 0.097122 -92.764530 -190.606279 -289.006343 -387.608672 -486.276464 -584.939809 -683.537815 -781.957978 -880.109977 -977.918441 -1075.268505 -1172.503854 -1269.542378 -1365.546224 -1459.920207 -1551.902217 -1640.195768 -1721.829846 -1792.798518 -1850.415291 -1894.511798 -1926.824092 -1949.822193 -1965.887064 -1976.966534 -1984.531011 -1989.648751 -1993.081866 -1995.367358 -1996.879090 -1997.874040 -1998.526955 -1998.957467 -1999.255769 -1999.531874 -2000.115208 -2002.268465 -2007.618816 -1973.320353 -1229.471486 -1226.135703 -1215.884687 -1209.268372 -1206.158672 -1205.684872 -1205.634366 -1205.639983 -1205.653846 -1205.668731 -1205.683036 -1205.696284 -1205.708574 -1205.722799 -1205.766191 -1206.052341 -1207.718685 -1211.428105 -1216.794691 -1212.799021 -1951.116481 -2001.924158 -2000.944827 -2000.064304 -1999.881231 -1999.850902 -1999.846620 -1999.846603 -1999.847205 -1999.847786 -1999.848250 -1999.848606 -1999.848879 -1999.849091 -1999.849260 -1999.849396 -1999.849511 -1999.849613 -1999.849714 -1999.849827 -1999.849970 -1999.850168 -1999.850461 -1999.850912 -1999.851622 -1999.852760 -1999.854614 -1999.857693 -1999.862922 -1999.872044 -1999.888434 -1999.918768 -1999.976478 -2000.089164 -2000.315778 -2000.790613 -2001.846350 -2004.393098 -2011.311724 -2033.936622 -9999.0 -9999.0
-9999.0 -9999.0 0.097122 -92.764530 -190.606279 -289.006343 -387.608672 -486.276464 -584.939809 -683.537815 -781.957978 -880.109977 -977.918441 -1075.268505 -1172.503854 -1269.542378 -1365.546224 -1459.920207 -1551.902217 -1640.195768 -1721.829846 -1792.798518 -1850.415291 -1894.511798 -1926.824092 -1949.822193 -1965.887064 -1976.966534 -1984.531011 -1989.648751 -1993.081866 -1995.367358 -1996.879090 -1997.874040 -1998.526955 -1998.957467 -1999.255769 -1999.531874 -2000.115208 -2002.268465 -2007.618816 -1973.320353 -1229.471486 -1226.135703 -1215.884687 -1209.268372 -1206.158672 -1205.684872 -1205.634366 -1205.639983 -1205.653846 -1205.668731 -1205.683036 -1205.696284 -1205.708574 -1205.722799 -1205.766191 -1206.052341 -1207.718685 -1211.428105 -1216.794691 -1212.799021 -1951.116481 -2001.924158 -2000.944827 -2000.064304 -1999.881231 -1999.850902 -1999.846620 -1999.846603 -1999.847205 -1999.847786 -1999.848250 -1999.848606 -1999.848879 -1999.849091 -1999.849260 -1999.849396 -1999.849511 -1999.849613 -1999.849714 -1999.849827 -1999.849970 -1999.850168 -1999.850461 -1999.850912 -1999.851622 -1999.852760 -1999.854614 -1999.857693 -1999.862922 -1999.872044 -1999.888434 -1999.918768 -1999.976478 -2000.089164 -2000.315778 -2000.790613 -2001.846350 -2004.393098 -2011.311724 -2033.936622 -9999.0 -9999.0
-9999.0 -9999.0 0.097113 -92.765353 -190.606603 -289.006460 -387.608713 -486.276479 -584.939814 -683.537817 -781.957979 -880.109977 -977.918441 -1075.268505 -1172.503854 -1269.542378 -1365.546224 -1459.920207 -1551.902217 -1640.195768 -1721.829846 -1792.798518 -1850.415291 -1894.511798 -1926.824092 -1949.822193 -1965.887064 -1976.966534 -1984.531011 -1989.648751 -1993.081865 -1995.367358 -1996.879090 -1997.874040 -1998.526955 -1998.957467 -1999.255769 -1999.531874 -2000.115208 -2002.268465 -2007.618816 -1973.320353 -1229.471486 -1226.135703 -1215.884687 -1209.268372 -1206.158672 -1205.684872 -1205.634366 -1205.639983 -1205.653846 -1205.668731 -1205.683036 -1205.696284 -1205.708574 -1205.722799 -1205.766191 -1206.052341 -1207.718685 -1211.428105 -1216.794691 -1212.799021 -1951.116481 -2001.924158 -2000.944827 -2000.064304 -1999.881231 -1999.850902 -1999.846620 -1999.846603 -1999.847205 -1999.847786 -1999.848250 -1999.848606 -1999.848879 -1999.849091 -1999.849260 -1999.849396 -1999.849511 -1999.849613 -1999.849714 -1999.849827 -1999.849970 -1999.850168 -1999.850461 -1999.850912 -1999.851622 -1999.852760 -1999.854614 -1999.857693 -1999.862922 -1999.872044 -1999.888434 -1999.918768 -1999.976478 -2000.089164 -2000.315778 -2000.790613 -2001.846350 -2004.393098 -2011.311724 -2033.936622 -9999.0 -9999.0
-9999.0 -9999.0 0.030037 -92.767413 -190.607116 -289.006610 -387.608761 -486.276495 -584.939820 -683.537819 -781.957980 -880.109977 -977.918441 -1075.268505 -1172.503854 -1269.542378 -1365.546224 -1459.920206 -1551.902217 -1640.195768 -1721.829845 -1792.798518 -1850.415290 -1894.511797 -1926.824092 -1949.822193 -1965.887064 -1976.966533 -1984.531011 -1989.648751 -1993.081865 -1995.367358 -1996.879090 -1997.874040 -1998.526955 -1998.957467 -1999.255769 -1999.531874 -2000.115208 -2002.268465 -2007.618816 -1973.320353 -1229.471487 -1226.135703 -1215.884687 -1209.268372 -1206.158672 -1205.684872 -1205.634366 -1205.639983 -1205.653846 -1205.668731 -1205.683036 -1205.696284 -1205.708574 -1205.722799 -1205.766191 -1206.052341 -1207.718685 -1211.428105 -1216.794691 -1212.799021 -1951.116481 -2001.924158 -2000.944827 -2000.064304 -1999.881231 -1999.850902 -1999.846620 -1999.846603 -1999.847205 -1999.847786 -1999.848250 -1999.848606 -1999.848879 -1999.849091 -1999.849260 -1999.849396 -1999.849511 -1999.849613 -1999.849714 -1999.849827 -1999.849970 -1999.850168 -1999.850461 -1999.850912 -1999.851622 -1999.852760 -1999.854614 -1999.857693 -1999.862922 -1999.872044 -1999.888434 -1999.918768 -1999.976478 -2000.089164 -2000.315778 -2000.790613 -2001.846350 -2004.393098 -2011.311724 -2033.936622 -9999.0 -9999.0
-9999.0 -9999.0 -9999.0 -9999.0 -9999.0 -9999.0 -9999.0 -9999.0 -9999.0 -9999.0 -9999.0 -9999.0 -9999.0 -9999.0 -9999.0 -9999.0 -9999.0 -9999.0 -9999.0 -9999.0 -9999.0 -9999.0 -9999.0 -9999.0 -9999.0 -9999.0 -9999.0 -9999.0 -9999.0 -9999.0 -9999.0 -9999.0 -9999.0 -9999.0 -9999.0 -9999.0 -9999.0 -9999.0 -9999.0 -9999.0 -9999.0 -9999.0 -9999.0 -9999.0 -9999.0 -9999.0 -9999.0 -9999.0 -9999.0 -9999.0 -9999.0 -9999.0 -9999.0 -9999.0 -9999.0 -9999.0 -9999.0 -9999.0 -9999.0 -9999.0 -9999.0 -9999.0 -9999.0 -9999.0 -9999.0 -9999.0 -9999.0 -9999.0 -9999.0 -9999.0 -9999.0 -9999.0 -9999.0 -9999.0 -9999.0 -9999.0 -9999.0 -9999.0 -9999.0 -9999.0 -9999.0 -9999.0 -9999.0 -9999.0 -9999.0 -9999.0 -9999.0 -9999.0 -9999.0 -9999.0 -9999.0 -9999.0 -9999.0 -9999.0 -9999.0 -9999.0 -9999.0 -9999.0 -9999.0 -9999.0 -9999.0 -9999.0 -9999.0 -9999.0
-9999.0 -9999.0 -9999.0 -9999.0 -9999.0 -9999.0 -9999.0 -9999.0 -9999.0 -9999.0 -9999.0 -9999.0 -9999.0 -9999.0 -9999.0 -9999.0 -9999.0 -9999.0 -9999.0 -9999.0 -9999.0 -9999.0 -9999.0 -9999.0 -9999.0 -9999.0 -9999.0 -9999.0 -9999.0 -9999.0 -9999.0 -9999.0 -9999.0 -9999.0 -9999.0 -9999.0 -9999.0 -9999.0 -9999.0 -9999.0 -9999.0 -9999.0 -9999.0 -9999.0 -9999.0 -9999.0 -9999.0 -9999.0 -9999.0 -9999.0 -9999.0 -9999.0 -9999.0 -9999.0 -9999.0 -9999.0 -9999.0 -9999.0 -9999.0 -9999.0 -9999.0 -9999.0 -9999.0 -9999.0 -9999.0 -9999.0 -9999.0 -9999.0 -9999.0 -9999.0 -9999.0 -9999.0 -9999.0 -9999.0 -9999.0 -9999.0 -9999.0 -9999.0 -9999.0 -9999.0 -9999.0 -9999.0 -9999.0 -9999.0 -9999.0 -9999.0 -9999.0 -9999.0 -9999.0 -9999.0 -9999.0 -9999.0 -9999.0 -9999.0 -9999.0 -9999.0 -9999.0 -9999.0 -9999.0 -9999.0 -9999.0 -9999.0 -9999.0 -9999.0