inst/processing_geotop_simulation/geotop_simulation/out/maps3D/PwL0019N0103.asc
ncols         104
nrows         10
xllcorner     -2.000000
yllcorner     0.000000
cellsize      1.000000
NODATA_value  -9999.0
-9999.0 -9999.0 -9999.0 -9999.0 -9999.0 -9999.0 -9999.0 -9999.0 -9999.0 -9999.0 -9999.0 -9999.0 -9999.0 -9999.0 -9999.0 -9999.0 -9999.0 -9999.0 -9999.0 -9999.0 -9999.0 -9999.0 -9999.0 -9999.0 -9999.0 -9999.0 -9999.0 -9999.0 -9999.0 -9999.0 -9999.0 -9999.0 -9999.0 -9999.0 -9999.0 -9999.0 -9999.0 -9999.0 -9999.0 -9999.0 -9999.0 -9999.0 -9999.0 -9999.0 -9999.0 -9999.0 -9999.0 -9999.0 -9999.0 -9999.0 -9999.0 -9999.0 -9999.0 -9999.0 -9999.0 -9999.0 -9999.0 -9999.0 -9999.0 -9999.0 -9999.0 -9999.0 -9999.0 -9999.0 -9999.0 -9999.0 -9999.0 -9999.0 -9999.0 -9999.0 -9999.0 -9999.0 -9999.0 -9999.0 -9999.0 -9999.0 -9999.0 -9999.0 -9999.0 -9999.0 -9999.0 -9999.0 -9999.0 -9999.0 -9999.0 -9999.0 -9999.0 -9999.0 -9999.0 -9999.0 -9999.0 -9999.0 -9999.0 -9999.0 -9999.0 -9999.0 -9999.0 -9999.0 -9999.0 -9999.0 -9999.0 -9999.0 -9999.0 -9999.0
-9999.0 -9999.0 -9999.0 -9999.0 -9999.0 -9999.0 -9999.0 -9999.0 -9999.0 -9999.0 -9999.0 -9999.0 -9999.0 -9999.0 -9999.0 -9999.0 -9999.0 -9999.0 -9999.0 -9999.0 -9999.0 -9999.0 -9999.0 -9999.0 -9999.0 -9999.0 -9999.0 -9999.0 -9999.0 -9999.0 -9999.0 -9999.0 -9999.0 -9999.0 -9999.0 -9999.0 -9999.0 -9999.0 -9999.0 -9999.0 -9999.0 -9999.0 -9999.0 -9999.0 -9999.0 -9999.0 -9999.0 -9999.0 -9999.0 -9999.0 -9999.0 -9999.0 -9999.0 -9999.0 -9999.0 -9999.0 -9999.0 -9999.0 -9999.0 -9999.0 -9999.0 -9999.0 -9999.0 -9999.0 -9999.0 -9999.0 -9999.0 -9999.0 -9999.0 -9999.0 -9999.0 -9999.0 -9999.0 -9999.0 -9999.0 -9999.0 -9999.0 -9999.0 -9999.0 -9999.0 -9999.0 -9999.0 -9999.0 -9999.0 -9999.0 -9999.0 -9999.0 -9999.0 -9999.0 -9999.0 -9999.0 -9999.0 -9999.0 -9999.0 -9999.0 -9999.0 -9999.0 -9999.0 -9999.0 -9999.0 -9999.0 -9999.0 -9999.0 -9999.0
-9999.0 -9999.0 939.847423 847.338658 754.156334 660.027214 565.388057 470.524907 375.595389 280.685027 185.838528 91.075050 -3.572863 -98.038489 -192.376613 -286.824664 -381.884336 -478.338978 -577.133641 -679.058385 -774.843116 -867.915798 -955.889774 -1021.598522 -1055.257752 -1072.731311 -1080.740492 -1083.909959 -1084.861697 -1084.917694 -1084.692139 -1084.439622 -1084.246576 -1084.126820 -1084.067416 -1084.051563 -1084.074010 -1084.158908 -1084.444284 -1086.109410 -1097.993888 -1196.709684 -2065.267750 -4026.834563 -4034.653239 -4034.653465 -4034.653457 -4034.653318 -4034.652429 -4034.648768 -4034.636757 -4034.595573 -4034.517199 -4034.404944 -4034.201697 -4033.771423 -4032.732366 -4029.929403 -4021.679770 -3996.385448 -3903.796934 -1841.917581 -1163.226734 -1093.599483 -1085.465526 -1084.521755 -1084.394449 -1084.374315 -1084.372251 -1084.373485 -1084.375058 -1084.376385 -1084.377411 -1084.378189 -1084.378784 -1084.379247 -1084.379613 -1084.379909 -1084.380155 -1084.380373 -1084.380584 -1084.380817 -1084.381108 -1084.381511 -1084.382105 -1084.383016 -1084.384447 -1084.386730 -1084.390429 -1084.396516 -1084.406743 -1084.424359 -1084.455595 -1084.512698 -1084.620112 -1084.827267 -1085.236645 -1086.074039 -1087.890856 -1092.169948 -1103.008982 -1131.853714 -9999.0 -9999.0
-9999.0 -9999.0 939.851057 847.340035 754.156784 660.027360 565.388105 470.524924 375.595394 280.685029 185.838529 91.075050 -3.572863 -98.038489 -192.376613 -286.824664 -381.884336 -478.338978 -577.133642 -679.058385 -774.843116 -867.915798 -955.889774 -1021.598522 -1055.257752 -1072.731311 -1080.740492 -1083.909959 -1084.861697 -1084.917694 -1084.692139 -1084.439622 -1084.246576 -1084.126820 -1084.067416 -1084.051563 -1084.074010 -1084.158908 -1084.444284 -1086.109410 -1097.993888 -1196.709683 -2065.267750 -4026.834563 -4034.653239 -4034.653465 -4034.653457 -4034.653318 -4034.652429 -4034.648768 -4034.636757 -4034.595573 -4034.517199 -4034.404944 -4034.201697 -4033.771423 -4032.732366 -4029.929403 -4021.679770 -3996.385448 -3903.796934 -1841.917581 -1163.226734 -1093.599483 -1085.465526 -1084.521755 -1084.394449 -1084.374315 -1084.372251 -1084.373485 -1084.375058 -1084.376385 -1084.377411 -1084.378189 -1084.378784 -1084.379247 -1084.379613 -1084.379909 -1084.380155 -1084.380373 -1084.380584 -1084.380817 -1084.381108 -1084.381511 -1084.382105 -1084.383016 -1084.384447 -1084.386730 -1084.390429 -1084.396516 -1084.406743 -1084.424359 -1084.455595 -1084.512698 -1084.620112 -1084.827267 -1085.236645 -1086.074039 -1087.890856 -1092.169948 -1103.008982 -1131.853714 -9999.0 -9999.0
-9999.0 -9999.0 939.852420 847.340767 754.157093 660.027479 565.388149 470.524940 375.595400 280.685031 185.838529 91.075050 -3.572863 -98.038489 -192.376614 -286.824664 -381.884336 -478.338978 -577.133642 -679.058385 -774.843116 -867.915799 -955.889774 -1021.598522 -1055.257752 -1072.731311 -1080.740491 -1083.909959 -1084.861697 -1084.917694 -1084.692139 -1084.439622 -1084.246576 -1084.126820 -1084.067416 -1084.051563 -1084.074010 -1084.158908 -1084.444284 -1086.109410 -1097.993888 -1196.709684 -2065.267750 -4026.834563 -4034.653239 -4034.653465 -4034.653457 -4034.653318 -4034.652429 -4034.648768 -4034.636757 -4034.595573 -4034.517199 -4034.404944 -4034.201697 -4033.771423 -4032.732366 -4029.929403 -4021.679770 -3996.385448 -3903.796934 -1841.917581 -1163.226734 -1093.599483 -1085.465526 -1084.521755 -1084.394449 -1084.374315 -1084.372251 -1084.373485 -1084.375058 -1084.376385 -1084.377411 -1084.378189 -1084.378784 -1084.379247 -1084.379613 -1084.379909 -1084.380155 -1084.380373 -1084.380584 -1084.380817 -1084.381108 -1084.381511 -1084.382105 -1084.383016 -1084.384447 -1084.386730 -1084.390429 -1084.396516 -1084.406743 -1084.424359 -1084.455595 -1084.512698 -1084.620112 -1084.827267 -1085.236645 -1086.074039 -1087.890856 -1092.169948 -1103.008982 -1131.853714 -9999.0 -9999.0
-9999.0 -9999.0 939.852420 847.340767 754.157093 660.027479 565.388149 470.524939 375.595400 280.685031 185.838529 91.075050 -3.572863 -98.038489 -192.376614 -286.824664 -381.884336 -478.338978 -577.133642 -679.058385 -774.843116 -867.915799 -955.889774 -1021.598522 -1055.257752 -1072.731311 -1080.740491 -1083.909959 -1084.861697 -1084.917694 -1084.692139 -1084.439622 -1084.246576 -1084.126820 -1084.067416 -1084.051563 -1084.074010 -1084.158908 -1084.444284 -1086.109410 -1097.993888 -1196.709684 -2065.267750 -4026.834563 -4034.653239 -4034.653465 -4034.653457 -4034.653318 -4034.652429 -4034.648768 -4034.636757 -4034.595573 -4034.517199 -4034.404944 -4034.201697 -4033.771423 -4032.732366 -4029.929403 -4021.679770 -3996.385448 -3903.796934 -1841.917581 -1163.226734 -1093.599483 -1085.465526 -1084.521755 -1084.394449 -1084.374315 -1084.372251 -1084.373485 -1084.375058 -1084.376385 -1084.377411 -1084.378189 -1084.378784 -1084.379247 -1084.379613 -1084.379909 -1084.380155 -1084.380373 -1084.380584 -1084.380817 -1084.381108 -1084.381511 -1084.382105 -1084.383016 -1084.384447 -1084.386730 -1084.390429 -1084.396516 -1084.406743 -1084.424359 -1084.455595 -1084.512698 -1084.620112 -1084.827267 -1085.236645 -1086.074039 -1087.890856 -1092.169948 -1103.008982 -1131.853714 -9999.0 -9999.0
-9999.0 -9999.0 939.851057 847.340035 754.156784 660.027360 565.388105 470.524924 375.595394 280.685029 185.838529 91.075050 -3.572863 -98.038489 -192.376613 -286.824664 -381.884336 -478.338978 -577.133642 -679.058385 -774.843116 -867.915798 -955.889774 -1021.598522 -1055.257752 -1072.731311 -1080.740492 -1083.909959 -1084.861697 -1084.917694 -1084.692139 -1084.439622 -1084.246576 -1084.126820 -1084.067416 -1084.051563 -1084.074010 -1084.158908 -1084.444284 -1086.109410 -1097.993888 -1196.709683 -2065.267750 -4026.834563 -4034.653239 -4034.653465 -4034.653457 -4034.653318 -4034.652429 -4034.648768 -4034.636757 -4034.595573 -4034.517199 -4034.404944 -4034.201697 -4033.771423 -4032.732366 -4029.929403 -4021.679770 -3996.385448 -3903.796934 -1841.917581 -1163.226734 -1093.599483 -1085.465526 -1084.521755 -1084.394449 -1084.374315 -1084.372251 -1084.373485 -1084.375058 -1084.376385 -1084.377411 -1084.378189 -1084.378784 -1084.379247 -1084.379613 -1084.379909 -1084.380155 -1084.380373 -1084.380584 -1084.380817 -1084.381108 -1084.381511 -1084.382105 -1084.383016 -1084.384447 -1084.386730 -1084.390429 -1084.396516 -1084.406743 -1084.424359 -1084.455595 -1084.512698 -1084.620112 -1084.827267 -1085.236645 -1086.074039 -1087.890856 -1092.169948 -1103.008982 -1131.853714 -9999.0 -9999.0
-9999.0 -9999.0 939.847423 847.338658 754.156334 660.027214 565.388057 470.524907 375.595389 280.685027 185.838528 91.075050 -3.572863 -98.038489 -192.376613 -286.824664 -381.884336 -478.338978 -577.133641 -679.058385 -774.843116 -867.915798 -955.889774 -1021.598522 -1055.257752 -1072.731311 -1080.740492 -1083.909959 -1084.861697 -1084.917694 -1084.692139 -1084.439622 -1084.246576 -1084.126820 -1084.067416 -1084.051563 -1084.074010 -1084.158908 -1084.444284 -1086.109410 -1097.993888 -1196.709684 -2065.267750 -4026.834563 -4034.653239 -4034.653465 -4034.653457 -4034.653318 -4034.652429 -4034.648768 -4034.636757 -4034.595573 -4034.517199 -4034.404944 -4034.201697 -4033.771423 -4032.732366 -4029.929403 -4021.679770 -3996.385448 -3903.796935 -1841.917581 -1163.226734 -1093.599483 -1085.465526 -1084.521755 -1084.394449 -1084.374315 -1084.372251 -1084.373485 -1084.375058 -1084.376385 -1084.377411 -1084.378189 -1084.378784 -1084.379247 -1084.379613 -1084.379909 -1084.380155 -1084.380373 -1084.380584 -1084.380817 -1084.381108 -1084.381511 -1084.382105 -1084.383016 -1084.384447 -1084.386730 -1084.390429 -1084.396516 -1084.406743 -1084.424359 -1084.455595 -1084.512698 -1084.620112 -1084.827267 -1085.236645 -1086.074039 -1087.890856 -1092.169948 -1103.008982 -1131.853714 -9999.0 -9999.0
-9999.0 -9999.0 -9999.0 -9999.0 -9999.0 -9999.0 -9999.0 -9999.0 -9999.0 -9999.0 -9999.0 -9999.0 -9999.0 -9999.0 -9999.0 -9999.0 -9999.0 -9999.0 -9999.0 -9999.0 -9999.0 -9999.0 -9999.0 -9999.0 -9999.0 -9999.0 -9999.0 -9999.0 -9999.0 -9999.0 -9999.0 -9999.0 -9999.0 -9999.0 -9999.0 -9999.0 -9999.0 -9999.0 -9999.0 -9999.0 -9999.0 -9999.0 -9999.0 -9999.0 -9999.0 -9999.0 -9999.0 -9999.0 -9999.0 -9999.0 -9999.0 -9999.0 -9999.0 -9999.0 -9999.0 -9999.0 -9999.0 -9999.0 -9999.0 -9999.0 -9999.0 -9999.0 -9999.0 -9999.0 -9999.0 -9999.0 -9999.0 -9999.0 -9999.0 -9999.0 -9999.0 -9999.0 -9999.0 -9999.0 -9999.0 -9999.0 -9999.0 -9999.0 -9999.0 -9999.0 -9999.0 -9999.0 -9999.0 -9999.0 -9999.0 -9999.0 -9999.0 -9999.0 -9999.0 -9999.0 -9999.0 -9999.0 -9999.0 -9999.0 -9999.0 -9999.0 -9999.0 -9999.0 -9999.0 -9999.0 -9999.0 -9999.0 -9999.0 -9999.0
-9999.0 -9999.0 -9999.0 -9999.0 -9999.0 -9999.0 -9999.0 -9999.0 -9999.0 -9999.0 -9999.0 -9999.0 -9999.0 -9999.0 -9999.0 -9999.0 -9999.0 -9999.0 -9999.0 -9999.0 -9999.0 -9999.0 -9999.0 -9999.0 -9999.0 -9999.0 -9999.0 -9999.0 -9999.0 -9999.0 -9999.0 -9999.0 -9999.0 -9999.0 -9999.0 -9999.0 -9999.0 -9999.0 -9999.0 -9999.0 -9999.0 -9999.0 -9999.0 -9999.0 -9999.0 -9999.0 -9999.0 -9999.0 -9999.0 -9999.0 -9999.0 -9999.0 -9999.0 -9999.0 -9999.0 -9999.0 -9999.0 -9999.0 -9999.0 -9999.0 -9999.0 -9999.0 -9999.0 -9999.0 -9999.0 -9999.0 -9999.0 -9999.0 -9999.0 -9999.0 -9999.0 -9999.0 -9999.0 -9999.0 -9999.0 -9999.0 -9999.0 -9999.0 -9999.0 -9999.0 -9999.0 -9999.0 -9999.0 -9999.0 -9999.0 -9999.0 -9999.0 -9999.0 -9999.0 -9999.0 -9999.0 -9999.0 -9999.0 -9999.0 -9999.0 -9999.0 -9999.0 -9999.0 -9999.0 -9999.0 -9999.0 -9999.0 -9999.0 -9999.0