inst/processing_geotop_simulation/geotop_simulation/out/maps3D/PwL0003N0411.asc
ncols         104
nrows         10
xllcorner     -2.000000
yllcorner     0.000000
cellsize      1.000000
NODATA_value  -9999.0
-9999.0 -9999.0 -9999.0 -9999.0 -9999.0 -9999.0 -9999.0 -9999.0 -9999.0 -9999.0 -9999.0 -9999.0 -9999.0 -9999.0 -9999.0 -9999.0 -9999.0 -9999.0 -9999.0 -9999.0 -9999.0 -9999.0 -9999.0 -9999.0 -9999.0 -9999.0 -9999.0 -9999.0 -9999.0 -9999.0 -9999.0 -9999.0 -9999.0 -9999.0 -9999.0 -9999.0 -9999.0 -9999.0 -9999.0 -9999.0 -9999.0 -9999.0 -9999.0 -9999.0 -9999.0 -9999.0 -9999.0 -9999.0 -9999.0 -9999.0 -9999.0 -9999.0 -9999.0 -9999.0 -9999.0 -9999.0 -9999.0 -9999.0 -9999.0 -9999.0 -9999.0 -9999.0 -9999.0 -9999.0 -9999.0 -9999.0 -9999.0 -9999.0 -9999.0 -9999.0 -9999.0 -9999.0 -9999.0 -9999.0 -9999.0 -9999.0 -9999.0 -9999.0 -9999.0 -9999.0 -9999.0 -9999.0 -9999.0 -9999.0 -9999.0 -9999.0 -9999.0 -9999.0 -9999.0 -9999.0 -9999.0 -9999.0 -9999.0 -9999.0 -9999.0 -9999.0 -9999.0 -9999.0 -9999.0 -9999.0 -9999.0 -9999.0 -9999.0 -9999.0
-9999.0 -9999.0 -9999.0 -9999.0 -9999.0 -9999.0 -9999.0 -9999.0 -9999.0 -9999.0 -9999.0 -9999.0 -9999.0 -9999.0 -9999.0 -9999.0 -9999.0 -9999.0 -9999.0 -9999.0 -9999.0 -9999.0 -9999.0 -9999.0 -9999.0 -9999.0 -9999.0 -9999.0 -9999.0 -9999.0 -9999.0 -9999.0 -9999.0 -9999.0 -9999.0 -9999.0 -9999.0 -9999.0 -9999.0 -9999.0 -9999.0 -9999.0 -9999.0 -9999.0 -9999.0 -9999.0 -9999.0 -9999.0 -9999.0 -9999.0 -9999.0 -9999.0 -9999.0 -9999.0 -9999.0 -9999.0 -9999.0 -9999.0 -9999.0 -9999.0 -9999.0 -9999.0 -9999.0 -9999.0 -9999.0 -9999.0 -9999.0 -9999.0 -9999.0 -9999.0 -9999.0 -9999.0 -9999.0 -9999.0 -9999.0 -9999.0 -9999.0 -9999.0 -9999.0 -9999.0 -9999.0 -9999.0 -9999.0 -9999.0 -9999.0 -9999.0 -9999.0 -9999.0 -9999.0 -9999.0 -9999.0 -9999.0 -9999.0 -9999.0 -9999.0 -9999.0 -9999.0 -9999.0 -9999.0 -9999.0 -9999.0 -9999.0 -9999.0 -9999.0
-9999.0 -9999.0 125.318853 27.506612 -71.386503 -170.563725 -269.846583 -369.168734 -468.495696 -567.804074 -667.055042 -766.202742 -865.256253 -964.171130 -1063.029314 -1161.873237 -1260.382364 -1358.379690 -1455.483191 -1550.947177 -1643.342438 -1730.194123 -1808.306789 -1874.988748 -1929.101637 -1971.159521 -2002.751850 -2025.871448 -2042.455666 -2054.167724 -2062.337102 -2067.979128 -2071.844970 -2074.477457 -2076.262335 -2077.472823 -2078.314065 -2079.001520 -2079.984882 -2082.281605 -2083.196447 -2018.725609 -1234.799122 -1235.650405 -1224.638614 -1217.325352 -1213.885524 -1213.343756 -1213.284454 -1213.289417 -1213.303621 -1213.318963 -1213.333719 -1213.347391 -1213.360137 -1213.375450 -1213.425490 -1213.754540 -1215.602839 -1219.671428 -1224.949465 -1216.124852 -1993.810815 -2077.285624 -2080.867722 -2080.279693 -2080.068674 -2080.025771 -2080.018743 -2080.018070 -2080.018401 -2080.018814 -2080.019161 -2080.019432 -2080.019645 -2080.019813 -2080.019949 -2080.020061 -2080.020159 -2080.020248 -2080.020337 -2080.020436 -2080.020558 -2080.020725 -2080.020966 -2080.021331 -2080.021899 -2080.022804 -2080.024277 -2080.026729 -2080.030916 -2080.038274 -2080.051608 -2080.076516 -2080.124438 -2080.219536 -2080.415622 -2080.841487 -2081.832648 -2084.357014 -2091.600715 -2115.753609 -9999.0 -9999.0
-9999.0 -9999.0 125.328429 27.508449 -71.386042 -170.563590 -269.846540 -369.168719 -468.495691 -567.804072 -667.055041 -766.202742 -865.256253 -964.171130 -1063.029314 -1161.873237 -1260.382365 -1358.379690 -1455.483192 -1550.947178 -1643.342439 -1730.194123 -1808.306789 -1874.988748 -1929.101638 -1971.159521 -2002.751850 -2025.871448 -2042.455666 -2054.167724 -2062.337102 -2067.979128 -2071.844970 -2074.477457 -2076.262335 -2077.472823 -2078.314065 -2079.001520 -2079.984882 -2082.281605 -2083.196447 -2018.725609 -1234.799122 -1235.650405 -1224.638614 -1217.325351 -1213.885524 -1213.343756 -1213.284454 -1213.289417 -1213.303621 -1213.318963 -1213.333719 -1213.347391 -1213.360137 -1213.375450 -1213.425490 -1213.754540 -1215.602839 -1219.671428 -1224.949465 -1216.124852 -1993.810815 -2077.285624 -2080.867722 -2080.279693 -2080.068674 -2080.025771 -2080.018743 -2080.018070 -2080.018401 -2080.018814 -2080.019161 -2080.019432 -2080.019645 -2080.019813 -2080.019949 -2080.020061 -2080.020159 -2080.020248 -2080.020337 -2080.020436 -2080.020558 -2080.020725 -2080.020966 -2080.021330 -2080.021899 -2080.022804 -2080.024277 -2080.026729 -2080.030916 -2080.038274 -2080.051608 -2080.076516 -2080.124438 -2080.219536 -2080.415622 -2080.841487 -2081.832648 -2084.357014 -2091.600715 -2115.753609 -9999.0 -9999.0
-9999.0 -9999.0 125.329624 27.509191 -71.385749 -170.563485 -269.846503 -369.168706 -468.495686 -567.804070 -667.055041 -766.202742 -865.256253 -964.171130 -1063.029315 -1161.873237 -1260.382365 -1358.379690 -1455.483192 -1550.947178 -1643.342439 -1730.194123 -1808.306789 -1874.988748 -1929.101638 -1971.159521 -2002.751850 -2025.871448 -2042.455666 -2054.167724 -2062.337102 -2067.979128 -2071.844970 -2074.477457 -2076.262335 -2077.472823 -2078.314065 -2079.001520 -2079.984882 -2082.281605 -2083.196447 -2018.725609 -1234.799122 -1235.650405 -1224.638614 -1217.325351 -1213.885524 -1213.343756 -1213.284454 -1213.289417 -1213.303621 -1213.318963 -1213.333719 -1213.347391 -1213.360137 -1213.375450 -1213.425490 -1213.754540 -1215.602839 -1219.671428 -1224.949465 -1216.124852 -1993.810815 -2077.285624 -2080.867722 -2080.279693 -2080.068674 -2080.025771 -2080.018743 -2080.018070 -2080.018401 -2080.018814 -2080.019161 -2080.019432 -2080.019645 -2080.019813 -2080.019949 -2080.020061 -2080.020159 -2080.020248 -2080.020337 -2080.020436 -2080.020558 -2080.020725 -2080.020966 -2080.021330 -2080.021899 -2080.022804 -2080.024277 -2080.026729 -2080.030916 -2080.038274 -2080.051608 -2080.076516 -2080.124438 -2080.219536 -2080.415622 -2080.841487 -2081.832648 -2084.357014 -2091.600715 -2115.753609 -9999.0 -9999.0
-9999.0 -9999.0 125.329624 27.509191 -71.385749 -170.563485 -269.846503 -369.168706 -468.495686 -567.804070 -667.055041 -766.202742 -865.256253 -964.171130 -1063.029315 -1161.873237 -1260.382365 -1358.379690 -1455.483192 -1550.947178 -1643.342439 -1730.194123 -1808.306789 -1874.988748 -1929.101638 -1971.159521 -2002.751850 -2025.871448 -2042.455666 -2054.167724 -2062.337102 -2067.979128 -2071.844970 -2074.477457 -2076.262335 -2077.472823 -2078.314065 -2079.001520 -2079.984882 -2082.281605 -2083.196447 -2018.725609 -1234.799122 -1235.650405 -1224.638614 -1217.325351 -1213.885524 -1213.343756 -1213.284454 -1213.289417 -1213.303621 -1213.318963 -1213.333719 -1213.347391 -1213.360137 -1213.375450 -1213.425490 -1213.754540 -1215.602839 -1219.671428 -1224.949465 -1216.124852 -1993.810815 -2077.285624 -2080.867722 -2080.279693 -2080.068674 -2080.025771 -2080.018743 -2080.018070 -2080.018401 -2080.018814 -2080.019161 -2080.019432 -2080.019645 -2080.019813 -2080.019949 -2080.020061 -2080.020159 -2080.020248 -2080.020337 -2080.020436 -2080.020558 -2080.020725 -2080.020966 -2080.021330 -2080.021899 -2080.022804 -2080.024277 -2080.026729 -2080.030916 -2080.038274 -2080.051608 -2080.076516 -2080.124438 -2080.219536 -2080.415622 -2080.841487 -2081.832648 -2084.357014 -2091.600715 -2115.753609 -9999.0 -9999.0
-9999.0 -9999.0 125.328429 27.508449 -71.386042 -170.563590 -269.846540 -369.168719 -468.495691 -567.804072 -667.055042 -766.202742 -865.256253 -964.171130 -1063.029315 -1161.873237 -1260.382365 -1358.379690 -1455.483192 -1550.947177 -1643.342439 -1730.194123 -1808.306789 -1874.988748 -1929.101638 -1971.159521 -2002.751850 -2025.871448 -2042.455666 -2054.167724 -2062.337102 -2067.979128 -2071.844970 -2074.477457 -2076.262335 -2077.472823 -2078.314065 -2079.001520 -2079.984882 -2082.281605 -2083.196447 -2018.725609 -1234.799122 -1235.650405 -1224.638614 -1217.325351 -1213.885524 -1213.343756 -1213.284454 -1213.289417 -1213.303621 -1213.318963 -1213.333719 -1213.347391 -1213.360137 -1213.375450 -1213.425490 -1213.754540 -1215.602839 -1219.671428 -1224.949465 -1216.124852 -1993.810815 -2077.285624 -2080.867722 -2080.279693 -2080.068674 -2080.025771 -2080.018743 -2080.018070 -2080.018401 -2080.018814 -2080.019161 -2080.019432 -2080.019645 -2080.019813 -2080.019949 -2080.020061 -2080.020159 -2080.020248 -2080.020337 -2080.020436 -2080.020558 -2080.020725 -2080.020966 -2080.021330 -2080.021899 -2080.022804 -2080.024277 -2080.026729 -2080.030916 -2080.038274 -2080.051608 -2080.076516 -2080.124438 -2080.219536 -2080.415622 -2080.841487 -2081.832648 -2084.357014 -2091.600715 -2115.753609 -9999.0 -9999.0
-9999.0 -9999.0 125.318853 27.506613 -71.386503 -170.563725 -269.846583 -369.168734 -468.495696 -567.804075 -667.055042 -766.202742 -865.256253 -964.171130 -1063.029314 -1161.873237 -1260.382364 -1358.379690 -1455.483191 -1550.947177 -1643.342438 -1730.194123 -1808.306789 -1874.988748 -1929.101637 -1971.159521 -2002.751850 -2025.871448 -2042.455666 -2054.167724 -2062.337102 -2067.979128 -2071.844970 -2074.477457 -2076.262335 -2077.472823 -2078.314065 -2079.001520 -2079.984882 -2082.281605 -2083.196447 -2018.725609 -1234.799122 -1235.650405 -1224.638614 -1217.325352 -1213.885524 -1213.343756 -1213.284454 -1213.289417 -1213.303621 -1213.318963 -1213.333719 -1213.347391 -1213.360137 -1213.375450 -1213.425490 -1213.754540 -1215.602839 -1219.671428 -1224.949465 -1216.124852 -1993.810815 -2077.285624 -2080.867722 -2080.279693 -2080.068674 -2080.025771 -2080.018743 -2080.018070 -2080.018401 -2080.018814 -2080.019161 -2080.019432 -2080.019645 -2080.019813 -2080.019949 -2080.020061 -2080.020159 -2080.020248 -2080.020337 -2080.020436 -2080.020558 -2080.020725 -2080.020966 -2080.021331 -2080.021899 -2080.022804 -2080.024277 -2080.026729 -2080.030916 -2080.038274 -2080.051608 -2080.076516 -2080.124438 -2080.219536 -2080.415622 -2080.841487 -2081.832648 -2084.357014 -2091.600715 -2115.753609 -9999.0 -9999.0
-9999.0 -9999.0 -9999.0 -9999.0 -9999.0 -9999.0 -9999.0 -9999.0 -9999.0 -9999.0 -9999.0 -9999.0 -9999.0 -9999.0 -9999.0 -9999.0 -9999.0 -9999.0 -9999.0 -9999.0 -9999.0 -9999.0 -9999.0 -9999.0 -9999.0 -9999.0 -9999.0 -9999.0 -9999.0 -9999.0 -9999.0 -9999.0 -9999.0 -9999.0 -9999.0 -9999.0 -9999.0 -9999.0 -9999.0 -9999.0 -9999.0 -9999.0 -9999.0 -9999.0 -9999.0 -9999.0 -9999.0 -9999.0 -9999.0 -9999.0 -9999.0 -9999.0 -9999.0 -9999.0 -9999.0 -9999.0 -9999.0 -9999.0 -9999.0 -9999.0 -9999.0 -9999.0 -9999.0 -9999.0 -9999.0 -9999.0 -9999.0 -9999.0 -9999.0 -9999.0 -9999.0 -9999.0 -9999.0 -9999.0 -9999.0 -9999.0 -9999.0 -9999.0 -9999.0 -9999.0 -9999.0 -9999.0 -9999.0 -9999.0 -9999.0 -9999.0 -9999.0 -9999.0 -9999.0 -9999.0 -9999.0 -9999.0 -9999.0 -9999.0 -9999.0 -9999.0 -9999.0 -9999.0 -9999.0 -9999.0 -9999.0 -9999.0 -9999.0 -9999.0
-9999.0 -9999.0 -9999.0 -9999.0 -9999.0 -9999.0 -9999.0 -9999.0 -9999.0 -9999.0 -9999.0 -9999.0 -9999.0 -9999.0 -9999.0 -9999.0 -9999.0 -9999.0 -9999.0 -9999.0 -9999.0 -9999.0 -9999.0 -9999.0 -9999.0 -9999.0 -9999.0 -9999.0 -9999.0 -9999.0 -9999.0 -9999.0 -9999.0 -9999.0 -9999.0 -9999.0 -9999.0 -9999.0 -9999.0 -9999.0 -9999.0 -9999.0 -9999.0 -9999.0 -9999.0 -9999.0 -9999.0 -9999.0 -9999.0 -9999.0 -9999.0 -9999.0 -9999.0 -9999.0 -9999.0 -9999.0 -9999.0 -9999.0 -9999.0 -9999.0 -9999.0 -9999.0 -9999.0 -9999.0 -9999.0 -9999.0 -9999.0 -9999.0 -9999.0 -9999.0 -9999.0 -9999.0 -9999.0 -9999.0 -9999.0 -9999.0 -9999.0 -9999.0 -9999.0 -9999.0 -9999.0 -9999.0 -9999.0 -9999.0 -9999.0 -9999.0 -9999.0 -9999.0 -9999.0 -9999.0 -9999.0 -9999.0 -9999.0 -9999.0 -9999.0 -9999.0 -9999.0 -9999.0 -9999.0 -9999.0 -9999.0 -9999.0 -9999.0 -9999.0