inst/processing_geotop_simulation/geotop_simulation/out/maps3D/PwL0001N0230.asc
ncols         104
nrows         10
xllcorner     -2.000000
yllcorner     0.000000
cellsize      1.000000
NODATA_value  -9999.0
-9999.0 -9999.0 -9999.0 -9999.0 -9999.0 -9999.0 -9999.0 -9999.0 -9999.0 -9999.0 -9999.0 -9999.0 -9999.0 -9999.0 -9999.0 -9999.0 -9999.0 -9999.0 -9999.0 -9999.0 -9999.0 -9999.0 -9999.0 -9999.0 -9999.0 -9999.0 -9999.0 -9999.0 -9999.0 -9999.0 -9999.0 -9999.0 -9999.0 -9999.0 -9999.0 -9999.0 -9999.0 -9999.0 -9999.0 -9999.0 -9999.0 -9999.0 -9999.0 -9999.0 -9999.0 -9999.0 -9999.0 -9999.0 -9999.0 -9999.0 -9999.0 -9999.0 -9999.0 -9999.0 -9999.0 -9999.0 -9999.0 -9999.0 -9999.0 -9999.0 -9999.0 -9999.0 -9999.0 -9999.0 -9999.0 -9999.0 -9999.0 -9999.0 -9999.0 -9999.0 -9999.0 -9999.0 -9999.0 -9999.0 -9999.0 -9999.0 -9999.0 -9999.0 -9999.0 -9999.0 -9999.0 -9999.0 -9999.0 -9999.0 -9999.0 -9999.0 -9999.0 -9999.0 -9999.0 -9999.0 -9999.0 -9999.0 -9999.0 -9999.0 -9999.0 -9999.0 -9999.0 -9999.0 -9999.0 -9999.0 -9999.0 -9999.0 -9999.0 -9999.0
-9999.0 -9999.0 -9999.0 -9999.0 -9999.0 -9999.0 -9999.0 -9999.0 -9999.0 -9999.0 -9999.0 -9999.0 -9999.0 -9999.0 -9999.0 -9999.0 -9999.0 -9999.0 -9999.0 -9999.0 -9999.0 -9999.0 -9999.0 -9999.0 -9999.0 -9999.0 -9999.0 -9999.0 -9999.0 -9999.0 -9999.0 -9999.0 -9999.0 -9999.0 -9999.0 -9999.0 -9999.0 -9999.0 -9999.0 -9999.0 -9999.0 -9999.0 -9999.0 -9999.0 -9999.0 -9999.0 -9999.0 -9999.0 -9999.0 -9999.0 -9999.0 -9999.0 -9999.0 -9999.0 -9999.0 -9999.0 -9999.0 -9999.0 -9999.0 -9999.0 -9999.0 -9999.0 -9999.0 -9999.0 -9999.0 -9999.0 -9999.0 -9999.0 -9999.0 -9999.0 -9999.0 -9999.0 -9999.0 -9999.0 -9999.0 -9999.0 -9999.0 -9999.0 -9999.0 -9999.0 -9999.0 -9999.0 -9999.0 -9999.0 -9999.0 -9999.0 -9999.0 -9999.0 -9999.0 -9999.0 -9999.0 -9999.0 -9999.0 -9999.0 -9999.0 -9999.0 -9999.0 -9999.0 -9999.0 -9999.0 -9999.0 -9999.0 -9999.0 -9999.0
-9999.0 -9999.0 28.441736 -64.527035 -161.320779 -258.943928 -356.865747 -454.879972 -552.878997 -650.766222 -748.349333 -845.472980 -942.016241 -1037.800543 -1133.449953 -1228.808650 -1322.582905 -1414.269045 -1503.494328 -1588.188016 -1663.170038 -1724.123123 -1770.105100 -1802.988966 -1825.752191 -1841.248250 -1851.722699 -1858.779370 -1863.516439 -1866.679272 -1868.776937 -1870.158540 -1871.062868 -1871.651836 -1872.034236 -1872.284315 -1872.459883 -1872.637682 -1873.080528 -1875.022583 -1881.652074 -1863.073969 -1156.174034 -1152.797165 -1142.343603 -1135.670079 -1132.536278 -1132.068553 -1132.019444 -1132.025737 -1132.040278 -1132.055842 -1132.070795 -1132.084639 -1132.097451 -1132.111998 -1132.154650 -1132.436011 -1134.111609 -1137.862694 -1143.485523 -1139.459925 -1841.795929 -1876.403889 -1873.895567 -1873.007736 -1872.849285 -1872.824391 -1872.821103 -1872.821386 -1872.822161 -1872.822866 -1872.823421 -1872.823844 -1872.824168 -1872.824419 -1872.824617 -1872.824778 -1872.824912 -1872.825031 -1872.825148 -1872.825278 -1872.825443 -1872.825671 -1872.826010 -1872.826531 -1872.827351 -1872.828665 -1872.830801 -1872.834339 -1872.840324 -1872.850721 -1872.869317 -1872.903578 -1872.968447 -1873.094302 -1873.344779 -1873.861036 -1874.983097 -1877.613625 -1884.517903 -1906.548198 -9999.0 -9999.0
-9999.0 -9999.0 28.454740 -64.524870 -161.320239 -258.943771 -356.865698 -454.879955 -552.878991 -650.766219 -748.349332 -845.472979 -942.016241 -1037.800542 -1133.449953 -1228.808650 -1322.582905 -1414.269045 -1503.494328 -1588.188017 -1663.170039 -1724.123123 -1770.105100 -1802.988966 -1825.752191 -1841.248250 -1851.722699 -1858.779370 -1863.516439 -1866.679272 -1868.776937 -1870.158540 -1871.062868 -1871.651836 -1872.034236 -1872.284315 -1872.459883 -1872.637682 -1873.080528 -1875.022583 -1881.652074 -1863.073969 -1156.174034 -1152.797165 -1142.343603 -1135.670079 -1132.536278 -1132.068553 -1132.019444 -1132.025737 -1132.040278 -1132.055842 -1132.070795 -1132.084639 -1132.097451 -1132.111998 -1132.154650 -1132.436011 -1134.111609 -1137.862694 -1143.485523 -1139.459925 -1841.795929 -1876.403889 -1873.895567 -1873.007736 -1872.849285 -1872.824391 -1872.821103 -1872.821386 -1872.822161 -1872.822866 -1872.823421 -1872.823844 -1872.824168 -1872.824419 -1872.824617 -1872.824778 -1872.824912 -1872.825031 -1872.825148 -1872.825278 -1872.825443 -1872.825671 -1872.826010 -1872.826531 -1872.827351 -1872.828665 -1872.830801 -1872.834339 -1872.840324 -1872.850721 -1872.869317 -1872.903578 -1872.968447 -1873.094302 -1873.344779 -1873.861036 -1874.983097 -1877.613625 -1884.517903 -1906.548198 -9999.0 -9999.0
-9999.0 -9999.0 28.455941 -64.524006 -161.319898 -258.943648 -356.865654 -454.879939 -552.878985 -650.766217 -748.349331 -845.472979 -942.016241 -1037.800542 -1133.449952 -1228.808650 -1322.582905 -1414.269045 -1503.494328 -1588.188017 -1663.170039 -1724.123123 -1770.105100 -1802.988966 -1825.752191 -1841.248250 -1851.722699 -1858.779370 -1863.516439 -1866.679272 -1868.776937 -1870.158540 -1871.062868 -1871.651836 -1872.034236 -1872.284315 -1872.459883 -1872.637682 -1873.080528 -1875.022583 -1881.652074 -1863.073969 -1156.174034 -1152.797165 -1142.343603 -1135.670079 -1132.536278 -1132.068553 -1132.019444 -1132.025737 -1132.040278 -1132.055842 -1132.070795 -1132.084639 -1132.097451 -1132.111998 -1132.154650 -1132.436011 -1134.111609 -1137.862694 -1143.485523 -1139.459925 -1841.795929 -1876.403889 -1873.895567 -1873.007736 -1872.849285 -1872.824391 -1872.821103 -1872.821386 -1872.822161 -1872.822866 -1872.823421 -1872.823844 -1872.824168 -1872.824419 -1872.824617 -1872.824778 -1872.824912 -1872.825031 -1872.825148 -1872.825278 -1872.825443 -1872.825671 -1872.826010 -1872.826531 -1872.827351 -1872.828665 -1872.830801 -1872.834339 -1872.840324 -1872.850721 -1872.869317 -1872.903578 -1872.968447 -1873.094302 -1873.344779 -1873.861036 -1874.983097 -1877.613625 -1884.517903 -1906.548198 -9999.0 -9999.0
-9999.0 -9999.0 28.455941 -64.524006 -161.319898 -258.943648 -356.865654 -454.879939 -552.878985 -650.766217 -748.349331 -845.472979 -942.016241 -1037.800542 -1133.449953 -1228.808650 -1322.582905 -1414.269045 -1503.494328 -1588.188017 -1663.170039 -1724.123123 -1770.105100 -1802.988966 -1825.752191 -1841.248250 -1851.722699 -1858.779370 -1863.516439 -1866.679272 -1868.776937 -1870.158540 -1871.062868 -1871.651836 -1872.034236 -1872.284315 -1872.459883 -1872.637682 -1873.080528 -1875.022583 -1881.652074 -1863.073969 -1156.174034 -1152.797165 -1142.343603 -1135.670079 -1132.536278 -1132.068553 -1132.019444 -1132.025737 -1132.040278 -1132.055842 -1132.070795 -1132.084639 -1132.097451 -1132.111998 -1132.154650 -1132.436011 -1134.111609 -1137.862694 -1143.485523 -1139.459925 -1841.795929 -1876.403889 -1873.895567 -1873.007736 -1872.849285 -1872.824391 -1872.821103 -1872.821386 -1872.822161 -1872.822866 -1872.823421 -1872.823844 -1872.824168 -1872.824419 -1872.824617 -1872.824778 -1872.824912 -1872.825031 -1872.825148 -1872.825278 -1872.825443 -1872.825671 -1872.826010 -1872.826531 -1872.827351 -1872.828665 -1872.830801 -1872.834339 -1872.840324 -1872.850721 -1872.869317 -1872.903578 -1872.968447 -1873.094302 -1873.344779 -1873.861036 -1874.983097 -1877.613625 -1884.517903 -1906.548198 -9999.0 -9999.0
-9999.0 -9999.0 28.454740 -64.524870 -161.320239 -258.943771 -356.865697 -454.879955 -552.878991 -650.766219 -748.349332 -845.472979 -942.016241 -1037.800542 -1133.449953 -1228.808650 -1322.582905 -1414.269045 -1503.494328 -1588.188017 -1663.170039 -1724.123123 -1770.105100 -1802.988966 -1825.752191 -1841.248250 -1851.722699 -1858.779370 -1863.516439 -1866.679272 -1868.776937 -1870.158540 -1871.062868 -1871.651836 -1872.034236 -1872.284315 -1872.459883 -1872.637682 -1873.080528 -1875.022583 -1881.652074 -1863.073969 -1156.174034 -1152.797165 -1142.343603 -1135.670079 -1132.536278 -1132.068553 -1132.019444 -1132.025737 -1132.040278 -1132.055842 -1132.070795 -1132.084639 -1132.097451 -1132.111998 -1132.154650 -1132.436011 -1134.111609 -1137.862694 -1143.485523 -1139.459925 -1841.795929 -1876.403889 -1873.895567 -1873.007736 -1872.849285 -1872.824391 -1872.821103 -1872.821386 -1872.822161 -1872.822866 -1872.823421 -1872.823844 -1872.824168 -1872.824419 -1872.824617 -1872.824778 -1872.824912 -1872.825031 -1872.825148 -1872.825278 -1872.825443 -1872.825671 -1872.826010 -1872.826531 -1872.827351 -1872.828665 -1872.830801 -1872.834339 -1872.840324 -1872.850721 -1872.869317 -1872.903578 -1872.968447 -1873.094302 -1873.344779 -1873.861036 -1874.983097 -1877.613625 -1884.517903 -1906.548198 -9999.0 -9999.0
-9999.0 -9999.0 28.441736 -64.527035 -161.320779 -258.943928 -356.865748 -454.879972 -552.878997 -650.766222 -748.349333 -845.472980 -942.016241 -1037.800543 -1133.449953 -1228.808650 -1322.582905 -1414.269045 -1503.494328 -1588.188016 -1663.170038 -1724.123123 -1770.105100 -1802.988966 -1825.752191 -1841.248250 -1851.722699 -1858.779370 -1863.516439 -1866.679272 -1868.776937 -1870.158540 -1871.062868 -1871.651836 -1872.034236 -1872.284315 -1872.459883 -1872.637682 -1873.080528 -1875.022583 -1881.652074 -1863.073969 -1156.174034 -1152.797165 -1142.343603 -1135.670079 -1132.536278 -1132.068553 -1132.019444 -1132.025737 -1132.040278 -1132.055842 -1132.070795 -1132.084639 -1132.097451 -1132.111998 -1132.154650 -1132.436011 -1134.111609 -1137.862694 -1143.485523 -1139.459925 -1841.795929 -1876.403889 -1873.895567 -1873.007736 -1872.849285 -1872.824391 -1872.821103 -1872.821386 -1872.822161 -1872.822866 -1872.823421 -1872.823844 -1872.824168 -1872.824419 -1872.824617 -1872.824778 -1872.824912 -1872.825031 -1872.825148 -1872.825278 -1872.825443 -1872.825671 -1872.826010 -1872.826531 -1872.827351 -1872.828665 -1872.830801 -1872.834339 -1872.840324 -1872.850721 -1872.869317 -1872.903578 -1872.968447 -1873.094302 -1873.344779 -1873.861036 -1874.983097 -1877.613625 -1884.517903 -1906.548198 -9999.0 -9999.0
-9999.0 -9999.0 -9999.0 -9999.0 -9999.0 -9999.0 -9999.0 -9999.0 -9999.0 -9999.0 -9999.0 -9999.0 -9999.0 -9999.0 -9999.0 -9999.0 -9999.0 -9999.0 -9999.0 -9999.0 -9999.0 -9999.0 -9999.0 -9999.0 -9999.0 -9999.0 -9999.0 -9999.0 -9999.0 -9999.0 -9999.0 -9999.0 -9999.0 -9999.0 -9999.0 -9999.0 -9999.0 -9999.0 -9999.0 -9999.0 -9999.0 -9999.0 -9999.0 -9999.0 -9999.0 -9999.0 -9999.0 -9999.0 -9999.0 -9999.0 -9999.0 -9999.0 -9999.0 -9999.0 -9999.0 -9999.0 -9999.0 -9999.0 -9999.0 -9999.0 -9999.0 -9999.0 -9999.0 -9999.0 -9999.0 -9999.0 -9999.0 -9999.0 -9999.0 -9999.0 -9999.0 -9999.0 -9999.0 -9999.0 -9999.0 -9999.0 -9999.0 -9999.0 -9999.0 -9999.0 -9999.0 -9999.0 -9999.0 -9999.0 -9999.0 -9999.0 -9999.0 -9999.0 -9999.0 -9999.0 -9999.0 -9999.0 -9999.0 -9999.0 -9999.0 -9999.0 -9999.0 -9999.0 -9999.0 -9999.0 -9999.0 -9999.0 -9999.0 -9999.0
-9999.0 -9999.0 -9999.0 -9999.0 -9999.0 -9999.0 -9999.0 -9999.0 -9999.0 -9999.0 -9999.0 -9999.0 -9999.0 -9999.0 -9999.0 -9999.0 -9999.0 -9999.0 -9999.0 -9999.0 -9999.0 -9999.0 -9999.0 -9999.0 -9999.0 -9999.0 -9999.0 -9999.0 -9999.0 -9999.0 -9999.0 -9999.0 -9999.0 -9999.0 -9999.0 -9999.0 -9999.0 -9999.0 -9999.0 -9999.0 -9999.0 -9999.0 -9999.0 -9999.0 -9999.0 -9999.0 -9999.0 -9999.0 -9999.0 -9999.0 -9999.0 -9999.0 -9999.0 -9999.0 -9999.0 -9999.0 -9999.0 -9999.0 -9999.0 -9999.0 -9999.0 -9999.0 -9999.0 -9999.0 -9999.0 -9999.0 -9999.0 -9999.0 -9999.0 -9999.0 -9999.0 -9999.0 -9999.0 -9999.0 -9999.0 -9999.0 -9999.0 -9999.0 -9999.0 -9999.0 -9999.0 -9999.0 -9999.0 -9999.0 -9999.0 -9999.0 -9999.0 -9999.0 -9999.0 -9999.0 -9999.0 -9999.0 -9999.0 -9999.0 -9999.0 -9999.0 -9999.0 -9999.0 -9999.0 -9999.0 -9999.0 -9999.0 -9999.0 -9999.0