inst/processing_geotop_simulation/geotop_simulation/out/maps3D/PwL0004N0139.asc
ncols         104
nrows         10
xllcorner     -2.000000
yllcorner     0.000000
cellsize      1.000000
NODATA_value  -9999.0
-9999.0 -9999.0 -9999.0 -9999.0 -9999.0 -9999.0 -9999.0 -9999.0 -9999.0 -9999.0 -9999.0 -9999.0 -9999.0 -9999.0 -9999.0 -9999.0 -9999.0 -9999.0 -9999.0 -9999.0 -9999.0 -9999.0 -9999.0 -9999.0 -9999.0 -9999.0 -9999.0 -9999.0 -9999.0 -9999.0 -9999.0 -9999.0 -9999.0 -9999.0 -9999.0 -9999.0 -9999.0 -9999.0 -9999.0 -9999.0 -9999.0 -9999.0 -9999.0 -9999.0 -9999.0 -9999.0 -9999.0 -9999.0 -9999.0 -9999.0 -9999.0 -9999.0 -9999.0 -9999.0 -9999.0 -9999.0 -9999.0 -9999.0 -9999.0 -9999.0 -9999.0 -9999.0 -9999.0 -9999.0 -9999.0 -9999.0 -9999.0 -9999.0 -9999.0 -9999.0 -9999.0 -9999.0 -9999.0 -9999.0 -9999.0 -9999.0 -9999.0 -9999.0 -9999.0 -9999.0 -9999.0 -9999.0 -9999.0 -9999.0 -9999.0 -9999.0 -9999.0 -9999.0 -9999.0 -9999.0 -9999.0 -9999.0 -9999.0 -9999.0 -9999.0 -9999.0 -9999.0 -9999.0 -9999.0 -9999.0 -9999.0 -9999.0 -9999.0 -9999.0
-9999.0 -9999.0 -9999.0 -9999.0 -9999.0 -9999.0 -9999.0 -9999.0 -9999.0 -9999.0 -9999.0 -9999.0 -9999.0 -9999.0 -9999.0 -9999.0 -9999.0 -9999.0 -9999.0 -9999.0 -9999.0 -9999.0 -9999.0 -9999.0 -9999.0 -9999.0 -9999.0 -9999.0 -9999.0 -9999.0 -9999.0 -9999.0 -9999.0 -9999.0 -9999.0 -9999.0 -9999.0 -9999.0 -9999.0 -9999.0 -9999.0 -9999.0 -9999.0 -9999.0 -9999.0 -9999.0 -9999.0 -9999.0 -9999.0 -9999.0 -9999.0 -9999.0 -9999.0 -9999.0 -9999.0 -9999.0 -9999.0 -9999.0 -9999.0 -9999.0 -9999.0 -9999.0 -9999.0 -9999.0 -9999.0 -9999.0 -9999.0 -9999.0 -9999.0 -9999.0 -9999.0 -9999.0 -9999.0 -9999.0 -9999.0 -9999.0 -9999.0 -9999.0 -9999.0 -9999.0 -9999.0 -9999.0 -9999.0 -9999.0 -9999.0 -9999.0 -9999.0 -9999.0 -9999.0 -9999.0 -9999.0 -9999.0 -9999.0 -9999.0 -9999.0 -9999.0 -9999.0 -9999.0 -9999.0 -9999.0 -9999.0 -9999.0 -9999.0 -9999.0
-9999.0 -9999.0 184.737894 98.684645 6.158237 -88.223264 -183.322834 -278.691270 -374.080575 -469.318483 -564.161154 -658.115449 -751.993893 -846.570098 -942.134226 -1037.097455 -1132.510659 -1229.890724 -1322.494552 -1394.787449 -1441.137476 -1469.041763 -1484.988136 -1494.033535 -1499.425378 -1502.977591 -1505.582130 -1507.620002 -1509.237865 -1510.502109 -1511.464013 -1512.175911 -1512.689886 -1513.052955 -1513.304333 -1513.476675 -1513.603118 -1513.731503 -1513.994585 -1515.297980 -1522.734882 -1540.068356 -1000.701495 -1006.059645 -990.608182 -980.999593 -976.513652 -975.890342 -975.827273 -975.837203 -975.858167 -975.880494 -975.901925 -975.921756 -975.940033 -975.960103 -976.014841 -976.380812 -978.744865 -984.104530 -992.633767 -976.626451 -1519.472661 -1518.933123 -1514.760632 -1514.041914 -1513.932060 -1513.914318 -1513.912485 -1513.913537 -1513.914884 -1513.916019 -1513.916893 -1513.917555 -1513.918059 -1513.918450 -1513.918759 -1513.919007 -1513.919213 -1513.919395 -1513.919571 -1513.919766 -1513.920009 -1513.920346 -1513.920843 -1513.921606 -1513.922805 -1513.924719 -1513.927817 -1513.932915 -1513.941474 -1513.956204 -1513.982293 -1514.029912 -1514.119284 -1514.290916 -1514.626908 -1515.299502 -1516.696537 -1519.778189 -1527.223950 -1548.832185 -9999.0 -9999.0
-9999.0 -9999.0 184.748983 98.686939 6.158823 -88.223094 -183.322780 -278.691252 -374.080569 -469.318481 -564.161154 -658.115449 -751.993893 -846.570098 -942.134227 -1037.097455 -1132.510659 -1229.890724 -1322.494552 -1394.787449 -1441.137476 -1469.041763 -1484.988136 -1494.033535 -1499.425378 -1502.977591 -1505.582130 -1507.620002 -1509.237865 -1510.502109 -1511.464013 -1512.175911 -1512.689886 -1513.052955 -1513.304333 -1513.476675 -1513.603118 -1513.731503 -1513.994585 -1515.297980 -1522.734882 -1540.068356 -1000.701495 -1006.059644 -990.608182 -980.999593 -976.513652 -975.890342 -975.827273 -975.837203 -975.858167 -975.880494 -975.901925 -975.921756 -975.940033 -975.960103 -976.014841 -976.380812 -978.744865 -984.104530 -992.633767 -976.626451 -1519.472661 -1518.933123 -1514.760632 -1514.041914 -1513.932060 -1513.914318 -1513.912485 -1513.913537 -1513.914884 -1513.916019 -1513.916893 -1513.917555 -1513.918059 -1513.918450 -1513.918759 -1513.919007 -1513.919213 -1513.919395 -1513.919571 -1513.919766 -1513.920009 -1513.920346 -1513.920843 -1513.921606 -1513.922805 -1513.924719 -1513.927817 -1513.932915 -1513.941474 -1513.956204 -1513.982293 -1514.029912 -1514.119284 -1514.290916 -1514.626908 -1515.299502 -1516.696537 -1519.778189 -1527.223950 -1548.832185 -9999.0 -9999.0
-9999.0 -9999.0 184.750547 98.687866 6.159193 -88.222960 -183.322732 -278.691235 -374.080563 -469.318479 -564.161153 -658.115448 -751.993893 -846.570098 -942.134227 -1037.097455 -1132.510659 -1229.890724 -1322.494552 -1394.787449 -1441.137476 -1469.041763 -1484.988136 -1494.033535 -1499.425378 -1502.977591 -1505.582130 -1507.620002 -1509.237865 -1510.502109 -1511.464013 -1512.175911 -1512.689886 -1513.052955 -1513.304333 -1513.476675 -1513.603118 -1513.731503 -1513.994585 -1515.297980 -1522.734882 -1540.068356 -1000.701495 -1006.059644 -990.608182 -980.999592 -976.513652 -975.890342 -975.827273 -975.837203 -975.858167 -975.880494 -975.901925 -975.921756 -975.940033 -975.960103 -976.014841 -976.380812 -978.744865 -984.104530 -992.633767 -976.626451 -1519.472661 -1518.933123 -1514.760632 -1514.041914 -1513.932060 -1513.914318 -1513.912485 -1513.913537 -1513.914884 -1513.916019 -1513.916893 -1513.917555 -1513.918059 -1513.918450 -1513.918759 -1513.919007 -1513.919213 -1513.919395 -1513.919571 -1513.919766 -1513.920009 -1513.920346 -1513.920843 -1513.921606 -1513.922805 -1513.924719 -1513.927817 -1513.932915 -1513.941474 -1513.956204 -1513.982293 -1514.029912 -1514.119284 -1514.290916 -1514.626908 -1515.299502 -1516.696537 -1519.778189 -1527.223950 -1548.832185 -9999.0 -9999.0
-9999.0 -9999.0 184.750547 98.687865 6.159193 -88.222960 -183.322732 -278.691236 -374.080563 -469.318479 -564.161153 -658.115448 -751.993893 -846.570098 -942.134227 -1037.097455 -1132.510659 -1229.890724 -1322.494552 -1394.787449 -1441.137476 -1469.041763 -1484.988136 -1494.033535 -1499.425378 -1502.977591 -1505.582130 -1507.620002 -1509.237865 -1510.502109 -1511.464013 -1512.175911 -1512.689886 -1513.052955 -1513.304333 -1513.476675 -1513.603118 -1513.731503 -1513.994585 -1515.297980 -1522.734882 -1540.068356 -1000.701495 -1006.059644 -990.608182 -980.999592 -976.513652 -975.890342 -975.827273 -975.837203 -975.858167 -975.880494 -975.901925 -975.921756 -975.940033 -975.960103 -976.014841 -976.380812 -978.744865 -984.104530 -992.633767 -976.626451 -1519.472661 -1518.933123 -1514.760632 -1514.041914 -1513.932060 -1513.914318 -1513.912485 -1513.913537 -1513.914884 -1513.916019 -1513.916893 -1513.917555 -1513.918059 -1513.918450 -1513.918759 -1513.919007 -1513.919213 -1513.919395 -1513.919571 -1513.919766 -1513.920009 -1513.920346 -1513.920843 -1513.921606 -1513.922805 -1513.924719 -1513.927817 -1513.932915 -1513.941474 -1513.956204 -1513.982293 -1514.029912 -1514.119284 -1514.290916 -1514.626908 -1515.299502 -1516.696537 -1519.778189 -1527.223950 -1548.832185 -9999.0 -9999.0
-9999.0 -9999.0 184.748983 98.686939 6.158823 -88.223094 -183.322780 -278.691252 -374.080569 -469.318481 -564.161154 -658.115449 -751.993893 -846.570098 -942.134226 -1037.097455 -1132.510659 -1229.890724 -1322.494552 -1394.787449 -1441.137476 -1469.041763 -1484.988136 -1494.033535 -1499.425378 -1502.977591 -1505.582130 -1507.620002 -1509.237865 -1510.502109 -1511.464013 -1512.175911 -1512.689886 -1513.052955 -1513.304333 -1513.476675 -1513.603118 -1513.731503 -1513.994585 -1515.297980 -1522.734882 -1540.068356 -1000.701495 -1006.059644 -990.608182 -980.999593 -976.513652 -975.890342 -975.827273 -975.837203 -975.858167 -975.880494 -975.901925 -975.921756 -975.940033 -975.960103 -976.014841 -976.380812 -978.744865 -984.104530 -992.633767 -976.626451 -1519.472661 -1518.933123 -1514.760632 -1514.041914 -1513.932060 -1513.914318 -1513.912485 -1513.913537 -1513.914884 -1513.916019 -1513.916893 -1513.917555 -1513.918059 -1513.918450 -1513.918759 -1513.919007 -1513.919213 -1513.919395 -1513.919571 -1513.919766 -1513.920009 -1513.920346 -1513.920843 -1513.921606 -1513.922805 -1513.924719 -1513.927817 -1513.932915 -1513.941474 -1513.956204 -1513.982293 -1514.029912 -1514.119284 -1514.290916 -1514.626908 -1515.299502 -1516.696537 -1519.778189 -1527.223950 -1548.832185 -9999.0 -9999.0
-9999.0 -9999.0 184.737894 98.684645 6.158237 -88.223265 -183.322834 -278.691270 -374.080575 -469.318483 -564.161154 -658.115449 -751.993893 -846.570098 -942.134226 -1037.097455 -1132.510659 -1229.890724 -1322.494552 -1394.787449 -1441.137476 -1469.041763 -1484.988136 -1494.033535 -1499.425378 -1502.977591 -1505.582130 -1507.620002 -1509.237865 -1510.502109 -1511.464013 -1512.175911 -1512.689886 -1513.052955 -1513.304333 -1513.476675 -1513.603118 -1513.731503 -1513.994585 -1515.297980 -1522.734882 -1540.068356 -1000.701495 -1006.059645 -990.608182 -980.999593 -976.513652 -975.890342 -975.827273 -975.837203 -975.858167 -975.880494 -975.901925 -975.921756 -975.940033 -975.960103 -976.014841 -976.380812 -978.744865 -984.104530 -992.633767 -976.626451 -1519.472661 -1518.933123 -1514.760632 -1514.041914 -1513.932060 -1513.914318 -1513.912485 -1513.913537 -1513.914884 -1513.916019 -1513.916893 -1513.917555 -1513.918059 -1513.918450 -1513.918759 -1513.919007 -1513.919213 -1513.919395 -1513.919571 -1513.919766 -1513.920009 -1513.920346 -1513.920843 -1513.921606 -1513.922805 -1513.924719 -1513.927817 -1513.932915 -1513.941474 -1513.956204 -1513.982293 -1514.029912 -1514.119284 -1514.290916 -1514.626908 -1515.299502 -1516.696537 -1519.778189 -1527.223950 -1548.832185 -9999.0 -9999.0
-9999.0 -9999.0 -9999.0 -9999.0 -9999.0 -9999.0 -9999.0 -9999.0 -9999.0 -9999.0 -9999.0 -9999.0 -9999.0 -9999.0 -9999.0 -9999.0 -9999.0 -9999.0 -9999.0 -9999.0 -9999.0 -9999.0 -9999.0 -9999.0 -9999.0 -9999.0 -9999.0 -9999.0 -9999.0 -9999.0 -9999.0 -9999.0 -9999.0 -9999.0 -9999.0 -9999.0 -9999.0 -9999.0 -9999.0 -9999.0 -9999.0 -9999.0 -9999.0 -9999.0 -9999.0 -9999.0 -9999.0 -9999.0 -9999.0 -9999.0 -9999.0 -9999.0 -9999.0 -9999.0 -9999.0 -9999.0 -9999.0 -9999.0 -9999.0 -9999.0 -9999.0 -9999.0 -9999.0 -9999.0 -9999.0 -9999.0 -9999.0 -9999.0 -9999.0 -9999.0 -9999.0 -9999.0 -9999.0 -9999.0 -9999.0 -9999.0 -9999.0 -9999.0 -9999.0 -9999.0 -9999.0 -9999.0 -9999.0 -9999.0 -9999.0 -9999.0 -9999.0 -9999.0 -9999.0 -9999.0 -9999.0 -9999.0 -9999.0 -9999.0 -9999.0 -9999.0 -9999.0 -9999.0 -9999.0 -9999.0 -9999.0 -9999.0 -9999.0 -9999.0
-9999.0 -9999.0 -9999.0 -9999.0 -9999.0 -9999.0 -9999.0 -9999.0 -9999.0 -9999.0 -9999.0 -9999.0 -9999.0 -9999.0 -9999.0 -9999.0 -9999.0 -9999.0 -9999.0 -9999.0 -9999.0 -9999.0 -9999.0 -9999.0 -9999.0 -9999.0 -9999.0 -9999.0 -9999.0 -9999.0 -9999.0 -9999.0 -9999.0 -9999.0 -9999.0 -9999.0 -9999.0 -9999.0 -9999.0 -9999.0 -9999.0 -9999.0 -9999.0 -9999.0 -9999.0 -9999.0 -9999.0 -9999.0 -9999.0 -9999.0 -9999.0 -9999.0 -9999.0 -9999.0 -9999.0 -9999.0 -9999.0 -9999.0 -9999.0 -9999.0 -9999.0 -9999.0 -9999.0 -9999.0 -9999.0 -9999.0 -9999.0 -9999.0 -9999.0 -9999.0 -9999.0 -9999.0 -9999.0 -9999.0 -9999.0 -9999.0 -9999.0 -9999.0 -9999.0 -9999.0 -9999.0 -9999.0 -9999.0 -9999.0 -9999.0 -9999.0 -9999.0 -9999.0 -9999.0 -9999.0 -9999.0 -9999.0 -9999.0 -9999.0 -9999.0 -9999.0 -9999.0 -9999.0 -9999.0 -9999.0 -9999.0 -9999.0 -9999.0 -9999.0