inst/processing_geotop_simulation/geotop_simulation/out/maps3D/PwL0022N0322.asc
ncols         104
nrows         10
xllcorner     -2.000000
yllcorner     0.000000
cellsize      1.000000
NODATA_value  -9999.0
-9999.0 -9999.0 -9999.0 -9999.0 -9999.0 -9999.0 -9999.0 -9999.0 -9999.0 -9999.0 -9999.0 -9999.0 -9999.0 -9999.0 -9999.0 -9999.0 -9999.0 -9999.0 -9999.0 -9999.0 -9999.0 -9999.0 -9999.0 -9999.0 -9999.0 -9999.0 -9999.0 -9999.0 -9999.0 -9999.0 -9999.0 -9999.0 -9999.0 -9999.0 -9999.0 -9999.0 -9999.0 -9999.0 -9999.0 -9999.0 -9999.0 -9999.0 -9999.0 -9999.0 -9999.0 -9999.0 -9999.0 -9999.0 -9999.0 -9999.0 -9999.0 -9999.0 -9999.0 -9999.0 -9999.0 -9999.0 -9999.0 -9999.0 -9999.0 -9999.0 -9999.0 -9999.0 -9999.0 -9999.0 -9999.0 -9999.0 -9999.0 -9999.0 -9999.0 -9999.0 -9999.0 -9999.0 -9999.0 -9999.0 -9999.0 -9999.0 -9999.0 -9999.0 -9999.0 -9999.0 -9999.0 -9999.0 -9999.0 -9999.0 -9999.0 -9999.0 -9999.0 -9999.0 -9999.0 -9999.0 -9999.0 -9999.0 -9999.0 -9999.0 -9999.0 -9999.0 -9999.0 -9999.0 -9999.0 -9999.0 -9999.0 -9999.0 -9999.0 -9999.0
-9999.0 -9999.0 -9999.0 -9999.0 -9999.0 -9999.0 -9999.0 -9999.0 -9999.0 -9999.0 -9999.0 -9999.0 -9999.0 -9999.0 -9999.0 -9999.0 -9999.0 -9999.0 -9999.0 -9999.0 -9999.0 -9999.0 -9999.0 -9999.0 -9999.0 -9999.0 -9999.0 -9999.0 -9999.0 -9999.0 -9999.0 -9999.0 -9999.0 -9999.0 -9999.0 -9999.0 -9999.0 -9999.0 -9999.0 -9999.0 -9999.0 -9999.0 -9999.0 -9999.0 -9999.0 -9999.0 -9999.0 -9999.0 -9999.0 -9999.0 -9999.0 -9999.0 -9999.0 -9999.0 -9999.0 -9999.0 -9999.0 -9999.0 -9999.0 -9999.0 -9999.0 -9999.0 -9999.0 -9999.0 -9999.0 -9999.0 -9999.0 -9999.0 -9999.0 -9999.0 -9999.0 -9999.0 -9999.0 -9999.0 -9999.0 -9999.0 -9999.0 -9999.0 -9999.0 -9999.0 -9999.0 -9999.0 -9999.0 -9999.0 -9999.0 -9999.0 -9999.0 -9999.0 -9999.0 -9999.0 -9999.0 -9999.0 -9999.0 -9999.0 -9999.0 -9999.0 -9999.0 -9999.0 -9999.0 -9999.0 -9999.0 -9999.0 -9999.0 -9999.0
-9999.0 -9999.0 1069.434539 970.745733 872.026891 773.163318 674.213176 575.223625 476.222330 377.224853 278.240028 179.273006 80.326889 -18.593484 -117.483978 -216.337876 -315.124999 -413.785112 -512.201928 -610.163482 -707.294185 -804.639157 -901.341241 -997.154862 -1091.770017 -1174.755414 -1248.910341 -1312.726790 -1365.555451 -1407.678339 -1440.138473 -1464.426117 -1482.160799 -1494.859906 -1503.816247 -1510.064734 -1514.412667 -1517.548205 -1520.386165 -1525.173660 -1538.515159 -1581.216144 -1623.765859 -2370.083365 -3616.989592 -3585.929461 -2900.499539 -2507.140295 -2305.247696 -2176.560553 -2083.478289 -2004.209753 -1954.934702 -1922.512113 -1891.970337 -1859.465591 -1823.725110 -1785.086455 -1744.733268 -1703.309595 -1652.318561 -1417.267705 -1538.266797 -1530.356400 -1525.541028 -1524.140149 -1523.841014 -1523.787247 -1523.778828 -1523.778067 -1523.778497 -1523.779030 -1523.779492 -1523.779872 -1523.780188 -1523.780457 -1523.780690 -1523.780900 -1523.781094 -1523.781281 -1523.781470 -1523.781672 -1523.781904 -1523.782186 -1523.782556 -1523.783066 -1523.783806 -1523.784926 -1523.786683 -1523.789537 -1523.794335 -1523.802692 -1523.817772 -1523.845940 -1523.900385 -1524.009628 -1524.239130 -1524.749574 -1525.959901 -1529.029205 -1537.465222 -1563.503367 -9999.0 -9999.0
-9999.0 -9999.0 1069.437027 970.746744 872.027237 773.163434 674.213216 575.223639 476.222336 377.224855 278.240029 179.273006 80.326890 -18.593484 -117.483978 -216.337876 -315.124999 -413.785112 -512.201928 -610.163482 -707.294185 -804.639157 -901.341241 -997.154862 -1091.770018 -1174.755415 -1248.910341 -1312.726790 -1365.555452 -1407.678339 -1440.138473 -1464.426117 -1482.160799 -1494.859906 -1503.816247 -1510.064734 -1514.412667 -1517.548205 -1520.386165 -1525.173660 -1538.515159 -1581.216144 -1623.765859 -2370.083364 -3616.989592 -3585.929461 -2900.499538 -2507.140294 -2305.247696 -2176.560552 -2083.478288 -2004.209753 -1954.934702 -1922.512113 -1891.970337 -1859.465591 -1823.725110 -1785.086454 -1744.733268 -1703.309595 -1652.318561 -1417.267705 -1538.266797 -1530.356400 -1525.541028 -1524.140149 -1523.841014 -1523.787247 -1523.778828 -1523.778067 -1523.778497 -1523.779030 -1523.779492 -1523.779872 -1523.780188 -1523.780457 -1523.780690 -1523.780900 -1523.781094 -1523.781281 -1523.781470 -1523.781672 -1523.781904 -1523.782186 -1523.782556 -1523.783066 -1523.783806 -1523.784926 -1523.786683 -1523.789537 -1523.794335 -1523.802692 -1523.817772 -1523.845940 -1523.900385 -1524.009628 -1524.239130 -1524.749574 -1525.959901 -1529.029205 -1537.465222 -1563.503367 -9999.0 -9999.0
-9999.0 -9999.0 1069.438068 970.747312 872.027481 773.163529 674.213251 575.223652 476.222340 377.224857 278.240030 179.273006 80.326890 -18.593484 -117.483978 -216.337876 -315.124999 -413.785113 -512.201928 -610.163482 -707.294185 -804.639158 -901.341241 -997.154862 -1091.770018 -1174.755415 -1248.910341 -1312.726790 -1365.555452 -1407.678339 -1440.138474 -1464.426117 -1482.160799 -1494.859906 -1503.816247 -1510.064734 -1514.412667 -1517.548205 -1520.386165 -1525.173660 -1538.515159 -1581.216144 -1623.765859 -2370.083364 -3616.989591 -3585.929461 -2900.499538 -2507.140294 -2305.247696 -2176.560552 -2083.478287 -2004.209753 -1954.934702 -1922.512113 -1891.970337 -1859.465591 -1823.725110 -1785.086454 -1744.733268 -1703.309595 -1652.318561 -1417.267705 -1538.266797 -1530.356400 -1525.541028 -1524.140149 -1523.841014 -1523.787247 -1523.778828 -1523.778067 -1523.778497 -1523.779030 -1523.779492 -1523.779872 -1523.780188 -1523.780457 -1523.780690 -1523.780900 -1523.781094 -1523.781281 -1523.781470 -1523.781672 -1523.781904 -1523.782186 -1523.782556 -1523.783066 -1523.783806 -1523.784926 -1523.786683 -1523.789537 -1523.794335 -1523.802692 -1523.817772 -1523.845940 -1523.900385 -1524.009628 -1524.239130 -1524.749574 -1525.959901 -1529.029205 -1537.465222 -1563.503367 -9999.0 -9999.0
-9999.0 -9999.0 1069.438068 970.747312 872.027481 773.163529 674.213251 575.223652 476.222340 377.224857 278.240030 179.273006 80.326890 -18.593484 -117.483978 -216.337876 -315.124999 -413.785113 -512.201928 -610.163482 -707.294185 -804.639158 -901.341241 -997.154862 -1091.770018 -1174.755415 -1248.910341 -1312.726790 -1365.555452 -1407.678339 -1440.138474 -1464.426117 -1482.160799 -1494.859906 -1503.816247 -1510.064734 -1514.412667 -1517.548205 -1520.386165 -1525.173660 -1538.515159 -1581.216144 -1623.765859 -2370.083364 -3616.989591 -3585.929461 -2900.499538 -2507.140294 -2305.247696 -2176.560552 -2083.478287 -2004.209753 -1954.934701 -1922.512113 -1891.970337 -1859.465591 -1823.725110 -1785.086454 -1744.733268 -1703.309595 -1652.318561 -1417.267705 -1538.266797 -1530.356400 -1525.541028 -1524.140149 -1523.841014 -1523.787247 -1523.778828 -1523.778067 -1523.778497 -1523.779030 -1523.779492 -1523.779872 -1523.780188 -1523.780457 -1523.780690 -1523.780900 -1523.781094 -1523.781281 -1523.781470 -1523.781672 -1523.781904 -1523.782186 -1523.782556 -1523.783066 -1523.783806 -1523.784926 -1523.786683 -1523.789537 -1523.794335 -1523.802692 -1523.817772 -1523.845940 -1523.900385 -1524.009628 -1524.239130 -1524.749574 -1525.959901 -1529.029205 -1537.465222 -1563.503367 -9999.0 -9999.0
-9999.0 -9999.0 1069.437027 970.746744 872.027237 773.163434 674.213216 575.223639 476.222336 377.224855 278.240029 179.273006 80.326890 -18.593484 -117.483978 -216.337876 -315.124999 -413.785112 -512.201928 -610.163482 -707.294185 -804.639157 -901.341241 -997.154862 -1091.770018 -1174.755415 -1248.910341 -1312.726790 -1365.555452 -1407.678339 -1440.138473 -1464.426117 -1482.160799 -1494.859906 -1503.816247 -1510.064734 -1514.412667 -1517.548205 -1520.386165 -1525.173660 -1538.515159 -1581.216144 -1623.765859 -2370.083364 -3616.989592 -3585.929461 -2900.499538 -2507.140294 -2305.247696 -2176.560552 -2083.478288 -2004.209753 -1954.934702 -1922.512113 -1891.970337 -1859.465591 -1823.725110 -1785.086454 -1744.733268 -1703.309595 -1652.318561 -1417.267705 -1538.266797 -1530.356400 -1525.541028 -1524.140149 -1523.841014 -1523.787247 -1523.778828 -1523.778067 -1523.778497 -1523.779030 -1523.779492 -1523.779872 -1523.780188 -1523.780457 -1523.780690 -1523.780900 -1523.781094 -1523.781281 -1523.781470 -1523.781672 -1523.781904 -1523.782186 -1523.782556 -1523.783066 -1523.783806 -1523.784926 -1523.786683 -1523.789537 -1523.794335 -1523.802692 -1523.817772 -1523.845940 -1523.900385 -1524.009628 -1524.239130 -1524.749574 -1525.959901 -1529.029205 -1537.465222 -1563.503367 -9999.0 -9999.0
-9999.0 -9999.0 1069.434540 970.745733 872.026892 773.163318 674.213176 575.223625 476.222330 377.224853 278.240028 179.273006 80.326889 -18.593484 -117.483978 -216.337876 -315.124999 -413.785112 -512.201928 -610.163482 -707.294185 -804.639157 -901.341241 -997.154862 -1091.770017 -1174.755415 -1248.910341 -1312.726790 -1365.555451 -1407.678339 -1440.138473 -1464.426117 -1482.160799 -1494.859906 -1503.816247 -1510.064734 -1514.412667 -1517.548205 -1520.386165 -1525.173660 -1538.515159 -1581.216144 -1623.765859 -2370.083365 -3616.989592 -3585.929461 -2900.499539 -2507.140295 -2305.247696 -2176.560553 -2083.478289 -2004.209753 -1954.934702 -1922.512113 -1891.970337 -1859.465591 -1823.725110 -1785.086455 -1744.733268 -1703.309595 -1652.318561 -1417.267705 -1538.266797 -1530.356400 -1525.541028 -1524.140149 -1523.841014 -1523.787247 -1523.778828 -1523.778067 -1523.778497 -1523.779030 -1523.779492 -1523.779872 -1523.780188 -1523.780457 -1523.780690 -1523.780900 -1523.781094 -1523.781281 -1523.781470 -1523.781672 -1523.781904 -1523.782186 -1523.782556 -1523.783066 -1523.783806 -1523.784926 -1523.786683 -1523.789537 -1523.794335 -1523.802692 -1523.817772 -1523.845940 -1523.900385 -1524.009628 -1524.239130 -1524.749574 -1525.959901 -1529.029205 -1537.465222 -1563.503367 -9999.0 -9999.0
-9999.0 -9999.0 -9999.0 -9999.0 -9999.0 -9999.0 -9999.0 -9999.0 -9999.0 -9999.0 -9999.0 -9999.0 -9999.0 -9999.0 -9999.0 -9999.0 -9999.0 -9999.0 -9999.0 -9999.0 -9999.0 -9999.0 -9999.0 -9999.0 -9999.0 -9999.0 -9999.0 -9999.0 -9999.0 -9999.0 -9999.0 -9999.0 -9999.0 -9999.0 -9999.0 -9999.0 -9999.0 -9999.0 -9999.0 -9999.0 -9999.0 -9999.0 -9999.0 -9999.0 -9999.0 -9999.0 -9999.0 -9999.0 -9999.0 -9999.0 -9999.0 -9999.0 -9999.0 -9999.0 -9999.0 -9999.0 -9999.0 -9999.0 -9999.0 -9999.0 -9999.0 -9999.0 -9999.0 -9999.0 -9999.0 -9999.0 -9999.0 -9999.0 -9999.0 -9999.0 -9999.0 -9999.0 -9999.0 -9999.0 -9999.0 -9999.0 -9999.0 -9999.0 -9999.0 -9999.0 -9999.0 -9999.0 -9999.0 -9999.0 -9999.0 -9999.0 -9999.0 -9999.0 -9999.0 -9999.0 -9999.0 -9999.0 -9999.0 -9999.0 -9999.0 -9999.0 -9999.0 -9999.0 -9999.0 -9999.0 -9999.0 -9999.0 -9999.0 -9999.0
-9999.0 -9999.0 -9999.0 -9999.0 -9999.0 -9999.0 -9999.0 -9999.0 -9999.0 -9999.0 -9999.0 -9999.0 -9999.0 -9999.0 -9999.0 -9999.0 -9999.0 -9999.0 -9999.0 -9999.0 -9999.0 -9999.0 -9999.0 -9999.0 -9999.0 -9999.0 -9999.0 -9999.0 -9999.0 -9999.0 -9999.0 -9999.0 -9999.0 -9999.0 -9999.0 -9999.0 -9999.0 -9999.0 -9999.0 -9999.0 -9999.0 -9999.0 -9999.0 -9999.0 -9999.0 -9999.0 -9999.0 -9999.0 -9999.0 -9999.0 -9999.0 -9999.0 -9999.0 -9999.0 -9999.0 -9999.0 -9999.0 -9999.0 -9999.0 -9999.0 -9999.0 -9999.0 -9999.0 -9999.0 -9999.0 -9999.0 -9999.0 -9999.0 -9999.0 -9999.0 -9999.0 -9999.0 -9999.0 -9999.0 -9999.0 -9999.0 -9999.0 -9999.0 -9999.0 -9999.0 -9999.0 -9999.0 -9999.0 -9999.0 -9999.0 -9999.0 -9999.0 -9999.0 -9999.0 -9999.0 -9999.0 -9999.0 -9999.0 -9999.0 -9999.0 -9999.0 -9999.0 -9999.0 -9999.0 -9999.0 -9999.0 -9999.0 -9999.0 -9999.0