inst/processing_geotop_simulation/geotop_simulation/out/maps3D/PwL0020N0405.asc
ncols         104
nrows         10
xllcorner     -2.000000
yllcorner     0.000000
cellsize      1.000000
NODATA_value  -9999.0
-9999.0 -9999.0 -9999.0 -9999.0 -9999.0 -9999.0 -9999.0 -9999.0 -9999.0 -9999.0 -9999.0 -9999.0 -9999.0 -9999.0 -9999.0 -9999.0 -9999.0 -9999.0 -9999.0 -9999.0 -9999.0 -9999.0 -9999.0 -9999.0 -9999.0 -9999.0 -9999.0 -9999.0 -9999.0 -9999.0 -9999.0 -9999.0 -9999.0 -9999.0 -9999.0 -9999.0 -9999.0 -9999.0 -9999.0 -9999.0 -9999.0 -9999.0 -9999.0 -9999.0 -9999.0 -9999.0 -9999.0 -9999.0 -9999.0 -9999.0 -9999.0 -9999.0 -9999.0 -9999.0 -9999.0 -9999.0 -9999.0 -9999.0 -9999.0 -9999.0 -9999.0 -9999.0 -9999.0 -9999.0 -9999.0 -9999.0 -9999.0 -9999.0 -9999.0 -9999.0 -9999.0 -9999.0 -9999.0 -9999.0 -9999.0 -9999.0 -9999.0 -9999.0 -9999.0 -9999.0 -9999.0 -9999.0 -9999.0 -9999.0 -9999.0 -9999.0 -9999.0 -9999.0 -9999.0 -9999.0 -9999.0 -9999.0 -9999.0 -9999.0 -9999.0 -9999.0 -9999.0 -9999.0 -9999.0 -9999.0 -9999.0 -9999.0 -9999.0 -9999.0
-9999.0 -9999.0 -9999.0 -9999.0 -9999.0 -9999.0 -9999.0 -9999.0 -9999.0 -9999.0 -9999.0 -9999.0 -9999.0 -9999.0 -9999.0 -9999.0 -9999.0 -9999.0 -9999.0 -9999.0 -9999.0 -9999.0 -9999.0 -9999.0 -9999.0 -9999.0 -9999.0 -9999.0 -9999.0 -9999.0 -9999.0 -9999.0 -9999.0 -9999.0 -9999.0 -9999.0 -9999.0 -9999.0 -9999.0 -9999.0 -9999.0 -9999.0 -9999.0 -9999.0 -9999.0 -9999.0 -9999.0 -9999.0 -9999.0 -9999.0 -9999.0 -9999.0 -9999.0 -9999.0 -9999.0 -9999.0 -9999.0 -9999.0 -9999.0 -9999.0 -9999.0 -9999.0 -9999.0 -9999.0 -9999.0 -9999.0 -9999.0 -9999.0 -9999.0 -9999.0 -9999.0 -9999.0 -9999.0 -9999.0 -9999.0 -9999.0 -9999.0 -9999.0 -9999.0 -9999.0 -9999.0 -9999.0 -9999.0 -9999.0 -9999.0 -9999.0 -9999.0 -9999.0 -9999.0 -9999.0 -9999.0 -9999.0 -9999.0 -9999.0 -9999.0 -9999.0 -9999.0 -9999.0 -9999.0 -9999.0 -9999.0 -9999.0 -9999.0 -9999.0
-9999.0 -9999.0 968.614797 869.573824 770.464819 671.238083 571.946073 472.624958 373.294956 273.967193 174.647914 75.340739 -23.950005 -123.221635 -222.471828 -321.685383 -420.834365 -519.865774 -618.683293 -717.118456 -815.647627 -913.853035 -1011.559800 -1108.518843 -1199.124062 -1283.453081 -1359.516643 -1425.768983 -1481.412208 -1526.510461 -1561.880441 -1588.831574 -1608.873997 -1623.485147 -1633.969678 -1641.405495 -1646.658966 -1650.486932 -1653.854238 -1658.733237 -1669.176849 -1693.113048 -1787.612805 -3547.861766 -3983.820212 -3983.690048 -3955.349609 -3792.193736 -3510.528076 -3233.408619 -3005.456421 -2808.900874 -2690.056474 -2613.742649 -2543.075202 -2469.116343 -2389.238219 -2304.733917 -2218.978283 -2134.330674 -2029.945302 -1546.610952 -1648.845472 -1661.195968 -1659.743475 -1658.684019 -1658.391747 -1658.331663 -1658.321341 -1658.320148 -1658.320464 -1658.320958 -1658.321411 -1658.321801 -1658.322139 -1658.322439 -1658.322713 -1658.322970 -1658.323216 -1658.323459 -1658.323708 -1658.323973 -1658.324266 -1658.324609 -1658.325032 -1658.325582 -1658.326340 -1658.327436 -1658.329100 -1658.331741 -1658.336118 -1658.343680 -1658.357285 -1658.382710 -1658.432036 -1658.531681 -1658.742985 -1659.218105 -1660.359792 -1663.314546 -1671.669662 -1698.031125 -9999.0 -9999.0
-9999.0 -9999.0 968.617487 869.574864 770.465163 671.238196 571.946112 472.624972 373.294961 273.967195 174.647915 75.340739 -23.950005 -123.221635 -222.471828 -321.685383 -420.834365 -519.865774 -618.683293 -717.118457 -815.647628 -913.853035 -1011.559801 -1108.518844 -1199.124062 -1283.453081 -1359.516643 -1425.768983 -1481.412208 -1526.510461 -1561.880441 -1588.831574 -1608.873997 -1623.485147 -1633.969678 -1641.405495 -1646.658966 -1650.486932 -1653.854238 -1658.733237 -1669.176849 -1693.113048 -1787.612805 -3547.861765 -3983.820212 -3983.690048 -3955.349609 -3792.193735 -3510.528076 -3233.408618 -3005.456418 -2808.900873 -2690.056474 -2613.742649 -2543.075202 -2469.116342 -2389.238218 -2304.733917 -2218.978283 -2134.330674 -2029.945302 -1546.610952 -1648.845472 -1661.195968 -1659.743475 -1658.684019 -1658.391747 -1658.331663 -1658.321341 -1658.320148 -1658.320464 -1658.320958 -1658.321411 -1658.321801 -1658.322139 -1658.322439 -1658.322713 -1658.322970 -1658.323216 -1658.323459 -1658.323708 -1658.323973 -1658.324266 -1658.324609 -1658.325032 -1658.325582 -1658.326340 -1658.327436 -1658.329100 -1658.331741 -1658.336118 -1658.343680 -1658.357285 -1658.382710 -1658.432036 -1658.531681 -1658.742985 -1659.218105 -1660.359792 -1663.314546 -1671.669662 -1698.031125 -9999.0 -9999.0
-9999.0 -9999.0 968.618535 869.575429 770.465402 671.238288 571.946146 472.624985 373.294966 273.967197 174.647916 75.340740 -23.950005 -123.221635 -222.471828 -321.685384 -420.834366 -519.865774 -618.683294 -717.118457 -815.647628 -913.853036 -1011.559801 -1108.518844 -1199.124062 -1283.453081 -1359.516643 -1425.768983 -1481.412208 -1526.510462 -1561.880441 -1588.831574 -1608.873997 -1623.485147 -1633.969678 -1641.405495 -1646.658966 -1650.486932 -1653.854238 -1658.733237 -1669.176849 -1693.113048 -1787.612805 -3547.861765 -3983.820212 -3983.690048 -3955.349609 -3792.193735 -3510.528076 -3233.408616 -3005.456416 -2808.900873 -2690.056474 -2613.742649 -2543.075202 -2469.116342 -2389.238218 -2304.733917 -2218.978283 -2134.330674 -2029.945302 -1546.610952 -1648.845472 -1661.195968 -1659.743475 -1658.684019 -1658.391747 -1658.331663 -1658.321341 -1658.320148 -1658.320464 -1658.320958 -1658.321411 -1658.321801 -1658.322139 -1658.322439 -1658.322713 -1658.322970 -1658.323216 -1658.323459 -1658.323708 -1658.323973 -1658.324266 -1658.324609 -1658.325032 -1658.325582 -1658.326340 -1658.327436 -1658.329100 -1658.331741 -1658.336118 -1658.343680 -1658.357285 -1658.382710 -1658.432036 -1658.531681 -1658.742985 -1659.218105 -1660.359792 -1663.314546 -1671.669662 -1698.031125 -9999.0 -9999.0
-9999.0 -9999.0 968.618535 869.575429 770.465402 671.238288 571.946146 472.624985 373.294966 273.967197 174.647916 75.340740 -23.950005 -123.221635 -222.471828 -321.685384 -420.834366 -519.865774 -618.683294 -717.118457 -815.647628 -913.853036 -1011.559801 -1108.518844 -1199.124062 -1283.453081 -1359.516643 -1425.768983 -1481.412208 -1526.510462 -1561.880441 -1588.831574 -1608.873997 -1623.485147 -1633.969678 -1641.405495 -1646.658966 -1650.486932 -1653.854238 -1658.733237 -1669.176849 -1693.113048 -1787.612805 -3547.861765 -3983.820212 -3983.690048 -3955.349609 -3792.193735 -3510.528076 -3233.408617 -3005.456416 -2808.900873 -2690.056474 -2613.742649 -2543.075202 -2469.116342 -2389.238218 -2304.733917 -2218.978283 -2134.330674 -2029.945302 -1546.610952 -1648.845472 -1661.195968 -1659.743475 -1658.684019 -1658.391747 -1658.331663 -1658.321341 -1658.320148 -1658.320464 -1658.320958 -1658.321411 -1658.321801 -1658.322139 -1658.322439 -1658.322713 -1658.322970 -1658.323216 -1658.323459 -1658.323708 -1658.323973 -1658.324266 -1658.324609 -1658.325032 -1658.325582 -1658.326340 -1658.327436 -1658.329100 -1658.331741 -1658.336118 -1658.343680 -1658.357285 -1658.382710 -1658.432036 -1658.531681 -1658.742985 -1659.218105 -1660.359792 -1663.314546 -1671.669662 -1698.031125 -9999.0 -9999.0
-9999.0 -9999.0 968.617487 869.574864 770.465163 671.238196 571.946112 472.624972 373.294961 273.967195 174.647915 75.340739 -23.950005 -123.221635 -222.471828 -321.685383 -420.834365 -519.865774 -618.683293 -717.118457 -815.647628 -913.853035 -1011.559801 -1108.518844 -1199.124062 -1283.453081 -1359.516643 -1425.768983 -1481.412208 -1526.510461 -1561.880441 -1588.831574 -1608.873997 -1623.485147 -1633.969678 -1641.405495 -1646.658966 -1650.486932 -1653.854238 -1658.733237 -1669.176849 -1693.113048 -1787.612805 -3547.861765 -3983.820212 -3983.690048 -3955.349609 -3792.193735 -3510.528076 -3233.408617 -3005.456418 -2808.900873 -2690.056474 -2613.742649 -2543.075202 -2469.116342 -2389.238218 -2304.733917 -2218.978283 -2134.330674 -2029.945303 -1546.610952 -1648.845472 -1661.195968 -1659.743475 -1658.684019 -1658.391747 -1658.331663 -1658.321341 -1658.320148 -1658.320464 -1658.320958 -1658.321411 -1658.321801 -1658.322139 -1658.322439 -1658.322713 -1658.322970 -1658.323216 -1658.323459 -1658.323708 -1658.323973 -1658.324266 -1658.324609 -1658.325032 -1658.325582 -1658.326340 -1658.327436 -1658.329100 -1658.331741 -1658.336118 -1658.343680 -1658.357285 -1658.382710 -1658.432036 -1658.531681 -1658.742985 -1659.218105 -1660.359792 -1663.314546 -1671.669662 -1698.031125 -9999.0 -9999.0
-9999.0 -9999.0 968.614797 869.573824 770.464819 671.238083 571.946073 472.624958 373.294956 273.967193 174.647914 75.340739 -23.950005 -123.221635 -222.471828 -321.685383 -420.834365 -519.865774 -618.683293 -717.118456 -815.647627 -913.853035 -1011.559800 -1108.518843 -1199.124062 -1283.453081 -1359.516643 -1425.768983 -1481.412208 -1526.510461 -1561.880441 -1588.831574 -1608.873997 -1623.485147 -1633.969678 -1641.405495 -1646.658966 -1650.486932 -1653.854238 -1658.733237 -1669.176849 -1693.113048 -1787.612805 -3547.861766 -3983.820212 -3983.690048 -3955.349609 -3792.193736 -3510.528076 -3233.408620 -3005.456421 -2808.900874 -2690.056474 -2613.742649 -2543.075202 -2469.116343 -2389.238219 -2304.733917 -2218.978283 -2134.330674 -2029.945303 -1546.610952 -1648.845472 -1661.195968 -1659.743475 -1658.684019 -1658.391747 -1658.331663 -1658.321341 -1658.320148 -1658.320464 -1658.320958 -1658.321411 -1658.321801 -1658.322139 -1658.322439 -1658.322713 -1658.322970 -1658.323216 -1658.323459 -1658.323708 -1658.323973 -1658.324266 -1658.324609 -1658.325032 -1658.325582 -1658.326340 -1658.327436 -1658.329100 -1658.331741 -1658.336118 -1658.343680 -1658.357285 -1658.382710 -1658.432036 -1658.531681 -1658.742985 -1659.218105 -1660.359792 -1663.314546 -1671.669662 -1698.031125 -9999.0 -9999.0
-9999.0 -9999.0 -9999.0 -9999.0 -9999.0 -9999.0 -9999.0 -9999.0 -9999.0 -9999.0 -9999.0 -9999.0 -9999.0 -9999.0 -9999.0 -9999.0 -9999.0 -9999.0 -9999.0 -9999.0 -9999.0 -9999.0 -9999.0 -9999.0 -9999.0 -9999.0 -9999.0 -9999.0 -9999.0 -9999.0 -9999.0 -9999.0 -9999.0 -9999.0 -9999.0 -9999.0 -9999.0 -9999.0 -9999.0 -9999.0 -9999.0 -9999.0 -9999.0 -9999.0 -9999.0 -9999.0 -9999.0 -9999.0 -9999.0 -9999.0 -9999.0 -9999.0 -9999.0 -9999.0 -9999.0 -9999.0 -9999.0 -9999.0 -9999.0 -9999.0 -9999.0 -9999.0 -9999.0 -9999.0 -9999.0 -9999.0 -9999.0 -9999.0 -9999.0 -9999.0 -9999.0 -9999.0 -9999.0 -9999.0 -9999.0 -9999.0 -9999.0 -9999.0 -9999.0 -9999.0 -9999.0 -9999.0 -9999.0 -9999.0 -9999.0 -9999.0 -9999.0 -9999.0 -9999.0 -9999.0 -9999.0 -9999.0 -9999.0 -9999.0 -9999.0 -9999.0 -9999.0 -9999.0 -9999.0 -9999.0 -9999.0 -9999.0 -9999.0 -9999.0
-9999.0 -9999.0 -9999.0 -9999.0 -9999.0 -9999.0 -9999.0 -9999.0 -9999.0 -9999.0 -9999.0 -9999.0 -9999.0 -9999.0 -9999.0 -9999.0 -9999.0 -9999.0 -9999.0 -9999.0 -9999.0 -9999.0 -9999.0 -9999.0 -9999.0 -9999.0 -9999.0 -9999.0 -9999.0 -9999.0 -9999.0 -9999.0 -9999.0 -9999.0 -9999.0 -9999.0 -9999.0 -9999.0 -9999.0 -9999.0 -9999.0 -9999.0 -9999.0 -9999.0 -9999.0 -9999.0 -9999.0 -9999.0 -9999.0 -9999.0 -9999.0 -9999.0 -9999.0 -9999.0 -9999.0 -9999.0 -9999.0 -9999.0 -9999.0 -9999.0 -9999.0 -9999.0 -9999.0 -9999.0 -9999.0 -9999.0 -9999.0 -9999.0 -9999.0 -9999.0 -9999.0 -9999.0 -9999.0 -9999.0 -9999.0 -9999.0 -9999.0 -9999.0 -9999.0 -9999.0 -9999.0 -9999.0 -9999.0 -9999.0 -9999.0 -9999.0 -9999.0 -9999.0 -9999.0 -9999.0 -9999.0 -9999.0 -9999.0 -9999.0 -9999.0 -9999.0 -9999.0 -9999.0 -9999.0 -9999.0 -9999.0 -9999.0 -9999.0 -9999.0