inst/processing_geotop_simulation/geotop_simulation/out/maps3D/PwL0013N0334.asc
ncols         104
nrows         10
xllcorner     -2.000000
yllcorner     0.000000
cellsize      1.000000
NODATA_value  -9999.0
-9999.0 -9999.0 -9999.0 -9999.0 -9999.0 -9999.0 -9999.0 -9999.0 -9999.0 -9999.0 -9999.0 -9999.0 -9999.0 -9999.0 -9999.0 -9999.0 -9999.0 -9999.0 -9999.0 -9999.0 -9999.0 -9999.0 -9999.0 -9999.0 -9999.0 -9999.0 -9999.0 -9999.0 -9999.0 -9999.0 -9999.0 -9999.0 -9999.0 -9999.0 -9999.0 -9999.0 -9999.0 -9999.0 -9999.0 -9999.0 -9999.0 -9999.0 -9999.0 -9999.0 -9999.0 -9999.0 -9999.0 -9999.0 -9999.0 -9999.0 -9999.0 -9999.0 -9999.0 -9999.0 -9999.0 -9999.0 -9999.0 -9999.0 -9999.0 -9999.0 -9999.0 -9999.0 -9999.0 -9999.0 -9999.0 -9999.0 -9999.0 -9999.0 -9999.0 -9999.0 -9999.0 -9999.0 -9999.0 -9999.0 -9999.0 -9999.0 -9999.0 -9999.0 -9999.0 -9999.0 -9999.0 -9999.0 -9999.0 -9999.0 -9999.0 -9999.0 -9999.0 -9999.0 -9999.0 -9999.0 -9999.0 -9999.0 -9999.0 -9999.0 -9999.0 -9999.0 -9999.0 -9999.0 -9999.0 -9999.0 -9999.0 -9999.0 -9999.0 -9999.0
-9999.0 -9999.0 -9999.0 -9999.0 -9999.0 -9999.0 -9999.0 -9999.0 -9999.0 -9999.0 -9999.0 -9999.0 -9999.0 -9999.0 -9999.0 -9999.0 -9999.0 -9999.0 -9999.0 -9999.0 -9999.0 -9999.0 -9999.0 -9999.0 -9999.0 -9999.0 -9999.0 -9999.0 -9999.0 -9999.0 -9999.0 -9999.0 -9999.0 -9999.0 -9999.0 -9999.0 -9999.0 -9999.0 -9999.0 -9999.0 -9999.0 -9999.0 -9999.0 -9999.0 -9999.0 -9999.0 -9999.0 -9999.0 -9999.0 -9999.0 -9999.0 -9999.0 -9999.0 -9999.0 -9999.0 -9999.0 -9999.0 -9999.0 -9999.0 -9999.0 -9999.0 -9999.0 -9999.0 -9999.0 -9999.0 -9999.0 -9999.0 -9999.0 -9999.0 -9999.0 -9999.0 -9999.0 -9999.0 -9999.0 -9999.0 -9999.0 -9999.0 -9999.0 -9999.0 -9999.0 -9999.0 -9999.0 -9999.0 -9999.0 -9999.0 -9999.0 -9999.0 -9999.0 -9999.0 -9999.0 -9999.0 -9999.0 -9999.0 -9999.0 -9999.0 -9999.0 -9999.0 -9999.0 -9999.0 -9999.0 -9999.0 -9999.0 -9999.0 -9999.0
-9999.0 -9999.0 622.583530 524.439949 425.846466 326.979445 227.988274 128.944450 29.883647 -69.171766 -168.213746 -267.229848 -366.192144 -465.043275 -563.687845 -661.998159 -760.108765 -858.235240 -956.099169 -1053.635023 -1149.457730 -1241.042256 -1326.753907 -1404.001409 -1470.765106 -1526.094372 -1570.185609 -1604.124576 -1629.489477 -1647.988706 -1661.215663 -1670.524402 -1676.994578 -1681.448715 -1684.493351 -1686.567724 -1687.997754 -1689.087381 -1690.394883 -1693.555731 -1702.151014 -1714.805560 -1685.511115 -3205.980199 -2862.481673 -2645.272095 -2553.233340 -2541.534533 -2540.354158 -2540.475917 -2540.782206 -2541.110493 -2541.425716 -2541.717477 -2541.987458 -2542.294413 -2543.218143 -2549.768443 -2596.209267 -2706.810030 -2827.115200 -1526.010067 -1677.280352 -1694.254453 -1692.306085 -1691.255307 -1691.012330 -1690.968428 -1690.961638 -1690.961097 -1690.961515 -1690.961995 -1690.962395 -1690.962709 -1690.962957 -1690.963155 -1690.963317 -1690.963453 -1690.963571 -1690.963681 -1690.963790 -1690.963911 -1690.964057 -1690.964253 -1690.964531 -1690.964946 -1690.965587 -1690.966600 -1690.968241 -1690.970960 -1690.975588 -1690.983700 -1690.998366 -1691.025721 -1691.078301 -1691.182607 -1691.397709 -1691.864774 -1692.947764 -1695.668458 -1703.260374 -1727.748224 -9999.0 -9999.0
-9999.0 -9999.0 622.588257 524.441424 425.846898 326.979579 227.988318 128.944465 29.883653 -69.171764 -168.213745 -267.229848 -366.192143 -465.043275 -563.687845 -661.998159 -760.108765 -858.235240 -956.099169 -1053.635023 -1149.457730 -1241.042256 -1326.753907 -1404.001409 -1470.765106 -1526.094373 -1570.185609 -1604.124576 -1629.489477 -1647.988706 -1661.215663 -1670.524403 -1676.994579 -1681.448715 -1684.493351 -1686.567724 -1687.997754 -1689.087381 -1690.394883 -1693.555731 -1702.151014 -1714.805560 -1685.511114 -3205.980196 -2862.481670 -2645.272089 -2553.233340 -2541.534533 -2540.354158 -2540.475917 -2540.782206 -2541.110493 -2541.425716 -2541.717477 -2541.987458 -2542.294413 -2543.218143 -2549.768443 -2596.209266 -2706.810030 -2827.115200 -1526.010067 -1677.280352 -1694.254453 -1692.306085 -1691.255307 -1691.012330 -1690.968428 -1690.961638 -1690.961097 -1690.961515 -1690.961995 -1690.962395 -1690.962709 -1690.962957 -1690.963155 -1690.963317 -1690.963453 -1690.963571 -1690.963681 -1690.963790 -1690.963911 -1690.964057 -1690.964253 -1690.964531 -1690.964946 -1690.965587 -1690.966600 -1690.968241 -1690.970960 -1690.975588 -1690.983700 -1690.998366 -1691.025721 -1691.078301 -1691.182607 -1691.397709 -1691.864774 -1692.947764 -1695.668458 -1703.260374 -1727.748224 -9999.0 -9999.0
-9999.0 -9999.0 622.589600 524.442126 425.847184 326.979685 227.988357 128.944479 29.883658 -69.171762 -168.213744 -267.229848 -366.192143 -465.043275 -563.687845 -661.998159 -760.108765 -858.235240 -956.099169 -1053.635023 -1149.457730 -1241.042256 -1326.753907 -1404.001409 -1470.765106 -1526.094373 -1570.185609 -1604.124576 -1629.489477 -1647.988706 -1661.215663 -1670.524403 -1676.994579 -1681.448715 -1684.493351 -1686.567724 -1687.997754 -1689.087381 -1690.394883 -1693.555731 -1702.151014 -1714.805560 -1685.511114 -3205.980196 -2862.481669 -2645.272086 -2553.233340 -2541.534533 -2540.354158 -2540.475917 -2540.782206 -2541.110493 -2541.425716 -2541.717477 -2541.987458 -2542.294413 -2543.218143 -2549.768443 -2596.209266 -2706.810030 -2827.115200 -1526.010067 -1677.280352 -1694.254453 -1692.306085 -1691.255307 -1691.012330 -1690.968428 -1690.961638 -1690.961097 -1690.961515 -1690.961995 -1690.962395 -1690.962709 -1690.962957 -1690.963155 -1690.963317 -1690.963453 -1690.963571 -1690.963681 -1690.963790 -1690.963911 -1690.964057 -1690.964253 -1690.964531 -1690.964946 -1690.965587 -1690.966600 -1690.968241 -1690.970960 -1690.975588 -1690.983700 -1690.998366 -1691.025721 -1691.078301 -1691.182607 -1691.397709 -1691.864774 -1692.947764 -1695.668458 -1703.260374 -1727.748224 -9999.0 -9999.0
-9999.0 -9999.0 622.589600 524.442126 425.847184 326.979685 227.988357 128.944479 29.883658 -69.171762 -168.213744 -267.229848 -366.192143 -465.043275 -563.687845 -661.998159 -760.108765 -858.235240 -956.099169 -1053.635023 -1149.457730 -1241.042256 -1326.753907 -1404.001409 -1470.765106 -1526.094373 -1570.185609 -1604.124576 -1629.489477 -1647.988706 -1661.215663 -1670.524403 -1676.994579 -1681.448715 -1684.493351 -1686.567724 -1687.997754 -1689.087381 -1690.394883 -1693.555731 -1702.151014 -1714.805560 -1685.511114 -3205.980196 -2862.481669 -2645.272086 -2553.233340 -2541.534533 -2540.354158 -2540.475917 -2540.782206 -2541.110493 -2541.425716 -2541.717477 -2541.987458 -2542.294413 -2543.218143 -2549.768443 -2596.209266 -2706.810030 -2827.115200 -1526.010067 -1677.280352 -1694.254453 -1692.306085 -1691.255307 -1691.012330 -1690.968428 -1690.961638 -1690.961097 -1690.961515 -1690.961995 -1690.962395 -1690.962709 -1690.962957 -1690.963155 -1690.963317 -1690.963453 -1690.963571 -1690.963681 -1690.963790 -1690.963911 -1690.964057 -1690.964253 -1690.964531 -1690.964946 -1690.965587 -1690.966600 -1690.968241 -1690.970960 -1690.975588 -1690.983700 -1690.998366 -1691.025721 -1691.078301 -1691.182607 -1691.397709 -1691.864774 -1692.947764 -1695.668458 -1703.260374 -1727.748224 -9999.0 -9999.0
-9999.0 -9999.0 622.588257 524.441424 425.846898 326.979579 227.988318 128.944465 29.883653 -69.171764 -168.213745 -267.229848 -366.192143 -465.043275 -563.687845 -661.998159 -760.108765 -858.235240 -956.099169 -1053.635023 -1149.457730 -1241.042256 -1326.753907 -1404.001409 -1470.765106 -1526.094373 -1570.185609 -1604.124576 -1629.489477 -1647.988706 -1661.215663 -1670.524403 -1676.994579 -1681.448715 -1684.493351 -1686.567724 -1687.997754 -1689.087381 -1690.394883 -1693.555731 -1702.151014 -1714.805560 -1685.511114 -3205.980196 -2862.481670 -2645.272089 -2553.233340 -2541.534533 -2540.354158 -2540.475917 -2540.782206 -2541.110493 -2541.425716 -2541.717477 -2541.987458 -2542.294413 -2543.218143 -2549.768443 -2596.209266 -2706.810030 -2827.115200 -1526.010067 -1677.280352 -1694.254453 -1692.306085 -1691.255307 -1691.012330 -1690.968428 -1690.961638 -1690.961097 -1690.961515 -1690.961995 -1690.962395 -1690.962709 -1690.962957 -1690.963155 -1690.963317 -1690.963453 -1690.963571 -1690.963681 -1690.963790 -1690.963911 -1690.964057 -1690.964253 -1690.964531 -1690.964946 -1690.965587 -1690.966600 -1690.968241 -1690.970960 -1690.975588 -1690.983700 -1690.998366 -1691.025721 -1691.078301 -1691.182607 -1691.397709 -1691.864774 -1692.947764 -1695.668458 -1703.260374 -1727.748224 -9999.0 -9999.0
-9999.0 -9999.0 622.583530 524.439949 425.846466 326.979445 227.988274 128.944450 29.883647 -69.171766 -168.213746 -267.229848 -366.192144 -465.043275 -563.687845 -661.998159 -760.108765 -858.235240 -956.099169 -1053.635023 -1149.457730 -1241.042256 -1326.753907 -1404.001409 -1470.765106 -1526.094372 -1570.185609 -1604.124576 -1629.489477 -1647.988706 -1661.215663 -1670.524402 -1676.994578 -1681.448715 -1684.493351 -1686.567724 -1687.997754 -1689.087381 -1690.394883 -1693.555731 -1702.151014 -1714.805560 -1685.511115 -3205.980199 -2862.481673 -2645.272095 -2553.233340 -2541.534533 -2540.354158 -2540.475917 -2540.782206 -2541.110493 -2541.425716 -2541.717477 -2541.987458 -2542.294413 -2543.218143 -2549.768443 -2596.209267 -2706.810030 -2827.115200 -1526.010067 -1677.280352 -1694.254453 -1692.306085 -1691.255307 -1691.012330 -1690.968428 -1690.961638 -1690.961097 -1690.961515 -1690.961995 -1690.962395 -1690.962709 -1690.962957 -1690.963155 -1690.963317 -1690.963453 -1690.963571 -1690.963681 -1690.963790 -1690.963911 -1690.964057 -1690.964253 -1690.964531 -1690.964946 -1690.965587 -1690.966600 -1690.968241 -1690.970960 -1690.975588 -1690.983700 -1690.998366 -1691.025721 -1691.078301 -1691.182607 -1691.397709 -1691.864774 -1692.947764 -1695.668458 -1703.260374 -1727.748224 -9999.0 -9999.0
-9999.0 -9999.0 -9999.0 -9999.0 -9999.0 -9999.0 -9999.0 -9999.0 -9999.0 -9999.0 -9999.0 -9999.0 -9999.0 -9999.0 -9999.0 -9999.0 -9999.0 -9999.0 -9999.0 -9999.0 -9999.0 -9999.0 -9999.0 -9999.0 -9999.0 -9999.0 -9999.0 -9999.0 -9999.0 -9999.0 -9999.0 -9999.0 -9999.0 -9999.0 -9999.0 -9999.0 -9999.0 -9999.0 -9999.0 -9999.0 -9999.0 -9999.0 -9999.0 -9999.0 -9999.0 -9999.0 -9999.0 -9999.0 -9999.0 -9999.0 -9999.0 -9999.0 -9999.0 -9999.0 -9999.0 -9999.0 -9999.0 -9999.0 -9999.0 -9999.0 -9999.0 -9999.0 -9999.0 -9999.0 -9999.0 -9999.0 -9999.0 -9999.0 -9999.0 -9999.0 -9999.0 -9999.0 -9999.0 -9999.0 -9999.0 -9999.0 -9999.0 -9999.0 -9999.0 -9999.0 -9999.0 -9999.0 -9999.0 -9999.0 -9999.0 -9999.0 -9999.0 -9999.0 -9999.0 -9999.0 -9999.0 -9999.0 -9999.0 -9999.0 -9999.0 -9999.0 -9999.0 -9999.0 -9999.0 -9999.0 -9999.0 -9999.0 -9999.0 -9999.0
-9999.0 -9999.0 -9999.0 -9999.0 -9999.0 -9999.0 -9999.0 -9999.0 -9999.0 -9999.0 -9999.0 -9999.0 -9999.0 -9999.0 -9999.0 -9999.0 -9999.0 -9999.0 -9999.0 -9999.0 -9999.0 -9999.0 -9999.0 -9999.0 -9999.0 -9999.0 -9999.0 -9999.0 -9999.0 -9999.0 -9999.0 -9999.0 -9999.0 -9999.0 -9999.0 -9999.0 -9999.0 -9999.0 -9999.0 -9999.0 -9999.0 -9999.0 -9999.0 -9999.0 -9999.0 -9999.0 -9999.0 -9999.0 -9999.0 -9999.0 -9999.0 -9999.0 -9999.0 -9999.0 -9999.0 -9999.0 -9999.0 -9999.0 -9999.0 -9999.0 -9999.0 -9999.0 -9999.0 -9999.0 -9999.0 -9999.0 -9999.0 -9999.0 -9999.0 -9999.0 -9999.0 -9999.0 -9999.0 -9999.0 -9999.0 -9999.0 -9999.0 -9999.0 -9999.0 -9999.0 -9999.0 -9999.0 -9999.0 -9999.0 -9999.0 -9999.0 -9999.0 -9999.0 -9999.0 -9999.0 -9999.0 -9999.0 -9999.0 -9999.0 -9999.0 -9999.0 -9999.0 -9999.0 -9999.0 -9999.0 -9999.0 -9999.0 -9999.0 -9999.0