inst/processing_geotop_simulation/geotop_simulation/out/maps3D/PwL0014N0160.asc
ncols         104
nrows         10
xllcorner     -2.000000
yllcorner     0.000000
cellsize      1.000000
NODATA_value  -9999.0
-9999.0 -9999.0 -9999.0 -9999.0 -9999.0 -9999.0 -9999.0 -9999.0 -9999.0 -9999.0 -9999.0 -9999.0 -9999.0 -9999.0 -9999.0 -9999.0 -9999.0 -9999.0 -9999.0 -9999.0 -9999.0 -9999.0 -9999.0 -9999.0 -9999.0 -9999.0 -9999.0 -9999.0 -9999.0 -9999.0 -9999.0 -9999.0 -9999.0 -9999.0 -9999.0 -9999.0 -9999.0 -9999.0 -9999.0 -9999.0 -9999.0 -9999.0 -9999.0 -9999.0 -9999.0 -9999.0 -9999.0 -9999.0 -9999.0 -9999.0 -9999.0 -9999.0 -9999.0 -9999.0 -9999.0 -9999.0 -9999.0 -9999.0 -9999.0 -9999.0 -9999.0 -9999.0 -9999.0 -9999.0 -9999.0 -9999.0 -9999.0 -9999.0 -9999.0 -9999.0 -9999.0 -9999.0 -9999.0 -9999.0 -9999.0 -9999.0 -9999.0 -9999.0 -9999.0 -9999.0 -9999.0 -9999.0 -9999.0 -9999.0 -9999.0 -9999.0 -9999.0 -9999.0 -9999.0 -9999.0 -9999.0 -9999.0 -9999.0 -9999.0 -9999.0 -9999.0 -9999.0 -9999.0 -9999.0 -9999.0 -9999.0 -9999.0 -9999.0 -9999.0
-9999.0 -9999.0 -9999.0 -9999.0 -9999.0 -9999.0 -9999.0 -9999.0 -9999.0 -9999.0 -9999.0 -9999.0 -9999.0 -9999.0 -9999.0 -9999.0 -9999.0 -9999.0 -9999.0 -9999.0 -9999.0 -9999.0 -9999.0 -9999.0 -9999.0 -9999.0 -9999.0 -9999.0 -9999.0 -9999.0 -9999.0 -9999.0 -9999.0 -9999.0 -9999.0 -9999.0 -9999.0 -9999.0 -9999.0 -9999.0 -9999.0 -9999.0 -9999.0 -9999.0 -9999.0 -9999.0 -9999.0 -9999.0 -9999.0 -9999.0 -9999.0 -9999.0 -9999.0 -9999.0 -9999.0 -9999.0 -9999.0 -9999.0 -9999.0 -9999.0 -9999.0 -9999.0 -9999.0 -9999.0 -9999.0 -9999.0 -9999.0 -9999.0 -9999.0 -9999.0 -9999.0 -9999.0 -9999.0 -9999.0 -9999.0 -9999.0 -9999.0 -9999.0 -9999.0 -9999.0 -9999.0 -9999.0 -9999.0 -9999.0 -9999.0 -9999.0 -9999.0 -9999.0 -9999.0 -9999.0 -9999.0 -9999.0 -9999.0 -9999.0 -9999.0 -9999.0 -9999.0 -9999.0 -9999.0 -9999.0 -9999.0 -9999.0 -9999.0 -9999.0
-9999.0 -9999.0 683.399657 590.216278 495.571293 399.942755 303.851861 207.560095 111.198410 14.838187 -81.467999 -177.696724 -273.762570 -369.511249 -464.716277 -559.053037 -652.074879 -745.793512 -838.736080 -930.335151 -1020.235566 -1097.957915 -1163.425777 -1215.371894 -1254.437702 -1282.551757 -1302.107114 -1315.358159 -1324.151408 -1329.884901 -1333.568981 -1335.908591 -1337.381606 -1338.303998 -1338.880386 -1339.243238 -1339.485235 -1339.700678 -1340.153714 -1342.327515 -1354.253257 -1424.729092 -2052.416893 -4259.417973 -4282.175424 -4282.173655 -4282.171090 -4282.170683 -4282.170641 -4282.170645 -4282.170655 -4282.170667 -4282.170677 -4282.170687 -4282.170696 -4282.170707 -4282.170738 -4282.170960 -4282.172434 -4282.172821 -4245.368618 -1931.727914 -1392.967627 -1348.489399 -1341.271270 -1340.175451 -1340.018029 -1339.994660 -1339.991814 -1339.992406 -1339.993437 -1339.994342 -1339.995048 -1339.995586 -1339.995998 -1339.996318 -1339.996571 -1339.996776 -1339.996947 -1339.997099 -1339.997247 -1339.997412 -1339.997618 -1339.997903 -1339.998325 -1339.998972 -1339.999990 -1340.001618 -1340.004261 -1340.008627 -1340.015996 -1340.028756 -1340.051512 -1340.093326 -1340.172336 -1340.325410 -1340.629799 -1341.257380 -1342.624099 -1345.817935 -1353.921375 -1377.595491 -9999.0 -9999.0
-9999.0 -9999.0 683.404766 590.217935 495.571789 399.942909 303.851912 207.560112 111.198416 14.838189 -81.467998 -177.696723 -273.762570 -369.511250 -464.716277 -559.053037 -652.074879 -745.793512 -838.736080 -930.335151 -1020.235567 -1097.957915 -1163.425777 -1215.371894 -1254.437702 -1282.551757 -1302.107114 -1315.358159 -1324.151408 -1329.884901 -1333.568981 -1335.908591 -1337.381606 -1338.303998 -1338.880386 -1339.243238 -1339.485235 -1339.700678 -1340.153714 -1342.327515 -1354.253257 -1424.729092 -2052.416893 -4259.417973 -4282.175424 -4282.173655 -4282.171090 -4282.170683 -4282.170641 -4282.170645 -4282.170655 -4282.170667 -4282.170677 -4282.170687 -4282.170696 -4282.170707 -4282.170738 -4282.170960 -4282.172434 -4282.172821 -4245.368618 -1931.727914 -1392.967627 -1348.489399 -1341.271270 -1340.175451 -1340.018029 -1339.994660 -1339.991814 -1339.992406 -1339.993437 -1339.994342 -1339.995048 -1339.995586 -1339.995998 -1339.996318 -1339.996571 -1339.996776 -1339.996947 -1339.997099 -1339.997247 -1339.997412 -1339.997618 -1339.997903 -1339.998325 -1339.998972 -1339.999990 -1340.001618 -1340.004261 -1340.008627 -1340.015996 -1340.028756 -1340.051512 -1340.093326 -1340.172336 -1340.325410 -1340.629799 -1341.257380 -1342.624099 -1345.817935 -1353.921375 -1377.595491 -9999.0 -9999.0
-9999.0 -9999.0 683.406297 590.218737 495.572118 399.943033 303.851956 207.560128 111.198421 14.838191 -81.467998 -177.696723 -273.762570 -369.511249 -464.716278 -559.053037 -652.074879 -745.793512 -838.736080 -930.335151 -1020.235567 -1097.957915 -1163.425778 -1215.371894 -1254.437702 -1282.551757 -1302.107114 -1315.358159 -1324.151408 -1329.884901 -1333.568981 -1335.908591 -1337.381606 -1338.303998 -1338.880386 -1339.243238 -1339.485235 -1339.700678 -1340.153714 -1342.327515 -1354.253257 -1424.729092 -2052.416893 -4259.417973 -4282.175424 -4282.173655 -4282.171090 -4282.170683 -4282.170641 -4282.170645 -4282.170655 -4282.170667 -4282.170677 -4282.170687 -4282.170696 -4282.170707 -4282.170738 -4282.170960 -4282.172434 -4282.172821 -4245.368618 -1931.727914 -1392.967627 -1348.489399 -1341.271270 -1340.175451 -1340.018029 -1339.994660 -1339.991814 -1339.992406 -1339.993437 -1339.994342 -1339.995048 -1339.995586 -1339.995998 -1339.996318 -1339.996571 -1339.996776 -1339.996947 -1339.997099 -1339.997247 -1339.997412 -1339.997618 -1339.997903 -1339.998325 -1339.998972 -1339.999990 -1340.001618 -1340.004261 -1340.008627 -1340.015996 -1340.028756 -1340.051512 -1340.093326 -1340.172336 -1340.325410 -1340.629799 -1341.257380 -1342.624099 -1345.817935 -1353.921375 -1377.595491 -9999.0 -9999.0
-9999.0 -9999.0 683.406297 590.218737 495.572118 399.943032 303.851956 207.560128 111.198422 14.838191 -81.467997 -177.696723 -273.762570 -369.511250 -464.716277 -559.053037 -652.074879 -745.793512 -838.736080 -930.335151 -1020.235567 -1097.957915 -1163.425778 -1215.371894 -1254.437702 -1282.551757 -1302.107114 -1315.358159 -1324.151408 -1329.884901 -1333.568981 -1335.908591 -1337.381606 -1338.303998 -1338.880386 -1339.243238 -1339.485235 -1339.700678 -1340.153714 -1342.327515 -1354.253257 -1424.729092 -2052.416893 -4259.417973 -4282.175424 -4282.173655 -4282.171090 -4282.170683 -4282.170641 -4282.170645 -4282.170655 -4282.170667 -4282.170677 -4282.170687 -4282.170696 -4282.170707 -4282.170738 -4282.170960 -4282.172434 -4282.172821 -4245.368618 -1931.727914 -1392.967627 -1348.489399 -1341.271270 -1340.175451 -1340.018029 -1339.994660 -1339.991814 -1339.992406 -1339.993437 -1339.994342 -1339.995048 -1339.995586 -1339.995998 -1339.996318 -1339.996571 -1339.996776 -1339.996947 -1339.997099 -1339.997247 -1339.997412 -1339.997618 -1339.997903 -1339.998325 -1339.998972 -1339.999990 -1340.001618 -1340.004261 -1340.008627 -1340.015996 -1340.028756 -1340.051512 -1340.093326 -1340.172336 -1340.325410 -1340.629799 -1341.257380 -1342.624099 -1345.817935 -1353.921375 -1377.595491 -9999.0 -9999.0
-9999.0 -9999.0 683.404766 590.217935 495.571789 399.942909 303.851912 207.560112 111.198416 14.838189 -81.467998 -177.696723 -273.762570 -369.511249 -464.716277 -559.053037 -652.074879 -745.793512 -838.736080 -930.335151 -1020.235567 -1097.957915 -1163.425777 -1215.371894 -1254.437702 -1282.551757 -1302.107114 -1315.358159 -1324.151408 -1329.884901 -1333.568981 -1335.908591 -1337.381606 -1338.303998 -1338.880386 -1339.243238 -1339.485235 -1339.700678 -1340.153714 -1342.327515 -1354.253257 -1424.729092 -2052.416893 -4259.417973 -4282.175424 -4282.173655 -4282.171090 -4282.170683 -4282.170641 -4282.170645 -4282.170655 -4282.170667 -4282.170677 -4282.170687 -4282.170696 -4282.170707 -4282.170738 -4282.170960 -4282.172434 -4282.172821 -4245.368618 -1931.727914 -1392.967627 -1348.489399 -1341.271270 -1340.175451 -1340.018029 -1339.994660 -1339.991814 -1339.992406 -1339.993437 -1339.994342 -1339.995048 -1339.995586 -1339.995998 -1339.996318 -1339.996571 -1339.996776 -1339.996947 -1339.997099 -1339.997247 -1339.997412 -1339.997618 -1339.997903 -1339.998325 -1339.998972 -1339.999990 -1340.001618 -1340.004261 -1340.008627 -1340.015996 -1340.028756 -1340.051512 -1340.093326 -1340.172336 -1340.325410 -1340.629799 -1341.257380 -1342.624099 -1345.817935 -1353.921375 -1377.595491 -9999.0 -9999.0
-9999.0 -9999.0 683.399657 590.216278 495.571293 399.942755 303.851861 207.560095 111.198410 14.838187 -81.467999 -177.696724 -273.762570 -369.511250 -464.716277 -559.053037 -652.074879 -745.793512 -838.736080 -930.335151 -1020.235566 -1097.957915 -1163.425777 -1215.371894 -1254.437702 -1282.551757 -1302.107114 -1315.358159 -1324.151408 -1329.884901 -1333.568981 -1335.908591 -1337.381606 -1338.303998 -1338.880386 -1339.243238 -1339.485235 -1339.700678 -1340.153714 -1342.327515 -1354.253257 -1424.729092 -2052.416893 -4259.417973 -4282.175424 -4282.173655 -4282.171090 -4282.170683 -4282.170641 -4282.170645 -4282.170655 -4282.170667 -4282.170677 -4282.170687 -4282.170696 -4282.170707 -4282.170738 -4282.170960 -4282.172434 -4282.172821 -4245.368618 -1931.727914 -1392.967627 -1348.489399 -1341.271270 -1340.175451 -1340.018029 -1339.994660 -1339.991814 -1339.992406 -1339.993437 -1339.994342 -1339.995048 -1339.995586 -1339.995998 -1339.996318 -1339.996571 -1339.996776 -1339.996947 -1339.997099 -1339.997247 -1339.997412 -1339.997618 -1339.997903 -1339.998325 -1339.998972 -1339.999990 -1340.001618 -1340.004261 -1340.008627 -1340.015996 -1340.028756 -1340.051512 -1340.093326 -1340.172336 -1340.325410 -1340.629799 -1341.257380 -1342.624099 -1345.817935 -1353.921375 -1377.595491 -9999.0 -9999.0
-9999.0 -9999.0 -9999.0 -9999.0 -9999.0 -9999.0 -9999.0 -9999.0 -9999.0 -9999.0 -9999.0 -9999.0 -9999.0 -9999.0 -9999.0 -9999.0 -9999.0 -9999.0 -9999.0 -9999.0 -9999.0 -9999.0 -9999.0 -9999.0 -9999.0 -9999.0 -9999.0 -9999.0 -9999.0 -9999.0 -9999.0 -9999.0 -9999.0 -9999.0 -9999.0 -9999.0 -9999.0 -9999.0 -9999.0 -9999.0 -9999.0 -9999.0 -9999.0 -9999.0 -9999.0 -9999.0 -9999.0 -9999.0 -9999.0 -9999.0 -9999.0 -9999.0 -9999.0 -9999.0 -9999.0 -9999.0 -9999.0 -9999.0 -9999.0 -9999.0 -9999.0 -9999.0 -9999.0 -9999.0 -9999.0 -9999.0 -9999.0 -9999.0 -9999.0 -9999.0 -9999.0 -9999.0 -9999.0 -9999.0 -9999.0 -9999.0 -9999.0 -9999.0 -9999.0 -9999.0 -9999.0 -9999.0 -9999.0 -9999.0 -9999.0 -9999.0 -9999.0 -9999.0 -9999.0 -9999.0 -9999.0 -9999.0 -9999.0 -9999.0 -9999.0 -9999.0 -9999.0 -9999.0 -9999.0 -9999.0 -9999.0 -9999.0 -9999.0 -9999.0
-9999.0 -9999.0 -9999.0 -9999.0 -9999.0 -9999.0 -9999.0 -9999.0 -9999.0 -9999.0 -9999.0 -9999.0 -9999.0 -9999.0 -9999.0 -9999.0 -9999.0 -9999.0 -9999.0 -9999.0 -9999.0 -9999.0 -9999.0 -9999.0 -9999.0 -9999.0 -9999.0 -9999.0 -9999.0 -9999.0 -9999.0 -9999.0 -9999.0 -9999.0 -9999.0 -9999.0 -9999.0 -9999.0 -9999.0 -9999.0 -9999.0 -9999.0 -9999.0 -9999.0 -9999.0 -9999.0 -9999.0 -9999.0 -9999.0 -9999.0 -9999.0 -9999.0 -9999.0 -9999.0 -9999.0 -9999.0 -9999.0 -9999.0 -9999.0 -9999.0 -9999.0 -9999.0 -9999.0 -9999.0 -9999.0 -9999.0 -9999.0 -9999.0 -9999.0 -9999.0 -9999.0 -9999.0 -9999.0 -9999.0 -9999.0 -9999.0 -9999.0 -9999.0 -9999.0 -9999.0 -9999.0 -9999.0 -9999.0 -9999.0 -9999.0 -9999.0 -9999.0 -9999.0 -9999.0 -9999.0 -9999.0 -9999.0 -9999.0 -9999.0 -9999.0 -9999.0 -9999.0 -9999.0 -9999.0 -9999.0 -9999.0 -9999.0 -9999.0 -9999.0