inst/processing_geotop_simulation/geotop_simulation/out/maps3D/PwL0017N0294.asc
ncols         104
nrows         10
xllcorner     -2.000000
yllcorner     0.000000
cellsize      1.000000
NODATA_value  -9999.0
-9999.0 -9999.0 -9999.0 -9999.0 -9999.0 -9999.0 -9999.0 -9999.0 -9999.0 -9999.0 -9999.0 -9999.0 -9999.0 -9999.0 -9999.0 -9999.0 -9999.0 -9999.0 -9999.0 -9999.0 -9999.0 -9999.0 -9999.0 -9999.0 -9999.0 -9999.0 -9999.0 -9999.0 -9999.0 -9999.0 -9999.0 -9999.0 -9999.0 -9999.0 -9999.0 -9999.0 -9999.0 -9999.0 -9999.0 -9999.0 -9999.0 -9999.0 -9999.0 -9999.0 -9999.0 -9999.0 -9999.0 -9999.0 -9999.0 -9999.0 -9999.0 -9999.0 -9999.0 -9999.0 -9999.0 -9999.0 -9999.0 -9999.0 -9999.0 -9999.0 -9999.0 -9999.0 -9999.0 -9999.0 -9999.0 -9999.0 -9999.0 -9999.0 -9999.0 -9999.0 -9999.0 -9999.0 -9999.0 -9999.0 -9999.0 -9999.0 -9999.0 -9999.0 -9999.0 -9999.0 -9999.0 -9999.0 -9999.0 -9999.0 -9999.0 -9999.0 -9999.0 -9999.0 -9999.0 -9999.0 -9999.0 -9999.0 -9999.0 -9999.0 -9999.0 -9999.0 -9999.0 -9999.0 -9999.0 -9999.0 -9999.0 -9999.0 -9999.0 -9999.0
-9999.0 -9999.0 -9999.0 -9999.0 -9999.0 -9999.0 -9999.0 -9999.0 -9999.0 -9999.0 -9999.0 -9999.0 -9999.0 -9999.0 -9999.0 -9999.0 -9999.0 -9999.0 -9999.0 -9999.0 -9999.0 -9999.0 -9999.0 -9999.0 -9999.0 -9999.0 -9999.0 -9999.0 -9999.0 -9999.0 -9999.0 -9999.0 -9999.0 -9999.0 -9999.0 -9999.0 -9999.0 -9999.0 -9999.0 -9999.0 -9999.0 -9999.0 -9999.0 -9999.0 -9999.0 -9999.0 -9999.0 -9999.0 -9999.0 -9999.0 -9999.0 -9999.0 -9999.0 -9999.0 -9999.0 -9999.0 -9999.0 -9999.0 -9999.0 -9999.0 -9999.0 -9999.0 -9999.0 -9999.0 -9999.0 -9999.0 -9999.0 -9999.0 -9999.0 -9999.0 -9999.0 -9999.0 -9999.0 -9999.0 -9999.0 -9999.0 -9999.0 -9999.0 -9999.0 -9999.0 -9999.0 -9999.0 -9999.0 -9999.0 -9999.0 -9999.0 -9999.0 -9999.0 -9999.0 -9999.0 -9999.0 -9999.0 -9999.0 -9999.0 -9999.0 -9999.0 -9999.0 -9999.0 -9999.0 -9999.0 -9999.0 -9999.0 -9999.0 -9999.0
-9999.0 -9999.0 822.185331 724.120153 625.778592 527.172586 428.432809 329.634443 230.817005 132.001605 33.200425 -65.574482 -164.320002 -263.015864 -361.615469 -460.035424 -558.120792 -655.611722 -752.757978 -849.927901 -946.543524 -1042.361168 -1134.124664 -1217.257392 -1291.332624 -1354.707688 -1406.757023 -1447.889231 -1479.293963 -1502.575039 -1519.418065 -1531.366751 -1539.713739 -1545.476108 -1549.419644 -1552.105360 -1553.948000 -1555.314614 -1556.826821 -1560.410332 -1572.191171 -1613.570536 -1985.915507 -4082.157028 -4133.657941 -4133.663352 -4133.663329 -4133.663157 -4133.662341 -4133.659677 -4133.652411 -4133.631595 -4133.597426 -4133.553370 -4133.480372 -4133.339047 -4133.030221 -4132.290661 -4130.394960 -4125.205755 -4011.163065 -1787.242294 -1573.261984 -1563.958485 -1559.370160 -1558.090105 -1557.833596 -1557.789905 -1557.783387 -1557.782956 -1557.783441 -1557.783971 -1557.784409 -1557.784755 -1557.785027 -1557.785246 -1557.785426 -1557.785577 -1557.785709 -1557.785831 -1557.785952 -1557.786085 -1557.786247 -1557.786460 -1557.786762 -1557.787211 -1557.787902 -1557.788993 -1557.790755 -1557.793672 -1557.798628 -1557.807304 -1557.822972 -1557.852166 -1557.908246 -1558.019483 -1558.249009 -1558.747980 -1559.904759 -1562.790994 -1570.692727 -1595.514693 -9999.0 -9999.0
-9999.0 -9999.0 822.188973 724.121448 625.779000 527.172717 428.432852 329.634458 230.817010 132.001607 33.200426 -65.574482 -164.320002 -263.015864 -361.615469 -460.035424 -558.120792 -655.611722 -752.757978 -849.927901 -946.543524 -1042.361169 -1134.124665 -1217.257393 -1291.332624 -1354.707688 -1406.757023 -1447.889231 -1479.293963 -1502.575039 -1519.418065 -1531.366751 -1539.713739 -1545.476108 -1549.419644 -1552.105360 -1553.948000 -1555.314614 -1556.826821 -1560.410332 -1572.191171 -1613.570536 -1985.915507 -4082.157028 -4133.657941 -4133.663352 -4133.663329 -4133.663157 -4133.662341 -4133.659677 -4133.652411 -4133.631595 -4133.597426 -4133.553370 -4133.480372 -4133.339047 -4133.030221 -4132.290661 -4130.394960 -4125.205755 -4011.163066 -1787.242294 -1573.261984 -1563.958485 -1559.370160 -1558.090105 -1557.833596 -1557.789905 -1557.783387 -1557.782956 -1557.783441 -1557.783971 -1557.784409 -1557.784755 -1557.785027 -1557.785246 -1557.785426 -1557.785577 -1557.785709 -1557.785831 -1557.785952 -1557.786085 -1557.786247 -1557.786460 -1557.786762 -1557.787211 -1557.787902 -1557.788993 -1557.790755 -1557.793672 -1557.798628 -1557.807304 -1557.822972 -1557.852166 -1557.908246 -1558.019483 -1558.249009 -1558.747980 -1559.904759 -1562.790994 -1570.692727 -1595.514693 -9999.0 -9999.0
-9999.0 -9999.0 822.190231 724.122114 625.779277 527.172822 428.432890 329.634472 230.817015 132.001609 33.200427 -65.574482 -164.320002 -263.015864 -361.615469 -460.035424 -558.120793 -655.611722 -752.757978 -849.927901 -946.543524 -1042.361169 -1134.124665 -1217.257393 -1291.332624 -1354.707688 -1406.757023 -1447.889231 -1479.293963 -1502.575039 -1519.418065 -1531.366751 -1539.713739 -1545.476108 -1549.419644 -1552.105360 -1553.948000 -1555.314614 -1556.826821 -1560.410332 -1572.191171 -1613.570536 -1985.915507 -4082.157028 -4133.657941 -4133.663352 -4133.663329 -4133.663157 -4133.662341 -4133.659677 -4133.652411 -4133.631595 -4133.597426 -4133.553370 -4133.480372 -4133.339047 -4133.030221 -4132.290661 -4130.394960 -4125.205755 -4011.163065 -1787.242294 -1573.261984 -1563.958485 -1559.370160 -1558.090105 -1557.833596 -1557.789905 -1557.783387 -1557.782956 -1557.783441 -1557.783971 -1557.784409 -1557.784755 -1557.785027 -1557.785246 -1557.785426 -1557.785577 -1557.785709 -1557.785831 -1557.785952 -1557.786085 -1557.786247 -1557.786460 -1557.786762 -1557.787211 -1557.787902 -1557.788993 -1557.790755 -1557.793672 -1557.798628 -1557.807304 -1557.822972 -1557.852166 -1557.908246 -1558.019483 -1558.249009 -1558.747980 -1559.904759 -1562.790994 -1570.692727 -1595.514693 -9999.0 -9999.0
-9999.0 -9999.0 822.190231 724.122114 625.779277 527.172821 428.432890 329.634472 230.817015 132.001609 33.200427 -65.574482 -164.320002 -263.015864 -361.615469 -460.035424 -558.120793 -655.611722 -752.757978 -849.927901 -946.543524 -1042.361169 -1134.124665 -1217.257393 -1291.332624 -1354.707688 -1406.757023 -1447.889231 -1479.293963 -1502.575039 -1519.418065 -1531.366751 -1539.713739 -1545.476108 -1549.419644 -1552.105360 -1553.948000 -1555.314614 -1556.826821 -1560.410332 -1572.191171 -1613.570536 -1985.915507 -4082.157028 -4133.657941 -4133.663352 -4133.663329 -4133.663157 -4133.662341 -4133.659677 -4133.652411 -4133.631595 -4133.597426 -4133.553370 -4133.480372 -4133.339047 -4133.030221 -4132.290661 -4130.394960 -4125.205755 -4011.163065 -1787.242294 -1573.261984 -1563.958485 -1559.370160 -1558.090105 -1557.833596 -1557.789905 -1557.783387 -1557.782956 -1557.783441 -1557.783971 -1557.784409 -1557.784755 -1557.785027 -1557.785246 -1557.785426 -1557.785577 -1557.785709 -1557.785831 -1557.785952 -1557.786085 -1557.786247 -1557.786460 -1557.786762 -1557.787211 -1557.787902 -1557.788993 -1557.790755 -1557.793672 -1557.798628 -1557.807304 -1557.822972 -1557.852166 -1557.908246 -1558.019483 -1558.249009 -1558.747980 -1559.904759 -1562.790994 -1570.692727 -1595.514693 -9999.0 -9999.0
-9999.0 -9999.0 822.188973 724.121448 625.779000 527.172717 428.432852 329.634458 230.817010 132.001607 33.200426 -65.574482 -164.320002 -263.015864 -361.615469 -460.035424 -558.120792 -655.611722 -752.757978 -849.927901 -946.543524 -1042.361169 -1134.124665 -1217.257393 -1291.332624 -1354.707688 -1406.757023 -1447.889231 -1479.293963 -1502.575039 -1519.418065 -1531.366751 -1539.713739 -1545.476108 -1549.419644 -1552.105360 -1553.948000 -1555.314614 -1556.826821 -1560.410332 -1572.191171 -1613.570536 -1985.915507 -4082.157028 -4133.657941 -4133.663352 -4133.663329 -4133.663157 -4133.662341 -4133.659677 -4133.652411 -4133.631595 -4133.597426 -4133.553370 -4133.480372 -4133.339047 -4133.030221 -4132.290661 -4130.394960 -4125.205755 -4011.163066 -1787.242294 -1573.261984 -1563.958485 -1559.370160 -1558.090105 -1557.833596 -1557.789905 -1557.783387 -1557.782956 -1557.783441 -1557.783971 -1557.784409 -1557.784755 -1557.785027 -1557.785246 -1557.785426 -1557.785577 -1557.785709 -1557.785831 -1557.785952 -1557.786085 -1557.786247 -1557.786460 -1557.786762 -1557.787211 -1557.787902 -1557.788993 -1557.790755 -1557.793672 -1557.798628 -1557.807304 -1557.822972 -1557.852166 -1557.908246 -1558.019483 -1558.249009 -1558.747980 -1559.904759 -1562.790994 -1570.692727 -1595.514693 -9999.0 -9999.0
-9999.0 -9999.0 822.185331 724.120153 625.778592 527.172586 428.432809 329.634443 230.817005 132.001605 33.200425 -65.574482 -164.320002 -263.015864 -361.615469 -460.035424 -558.120792 -655.611722 -752.757978 -849.927901 -946.543524 -1042.361168 -1134.124664 -1217.257392 -1291.332624 -1354.707688 -1406.757023 -1447.889231 -1479.293963 -1502.575039 -1519.418065 -1531.366751 -1539.713739 -1545.476108 -1549.419644 -1552.105360 -1553.948000 -1555.314614 -1556.826821 -1560.410332 -1572.191171 -1613.570536 -1985.915507 -4082.157028 -4133.657941 -4133.663352 -4133.663329 -4133.663157 -4133.662341 -4133.659677 -4133.652411 -4133.631595 -4133.597426 -4133.553370 -4133.480372 -4133.339047 -4133.030221 -4132.290661 -4130.394960 -4125.205755 -4011.163066 -1787.242294 -1573.261984 -1563.958485 -1559.370160 -1558.090105 -1557.833596 -1557.789905 -1557.783387 -1557.782956 -1557.783441 -1557.783971 -1557.784409 -1557.784755 -1557.785027 -1557.785246 -1557.785426 -1557.785577 -1557.785709 -1557.785831 -1557.785952 -1557.786085 -1557.786247 -1557.786460 -1557.786762 -1557.787211 -1557.787902 -1557.788993 -1557.790755 -1557.793672 -1557.798628 -1557.807304 -1557.822972 -1557.852166 -1557.908246 -1558.019483 -1558.249009 -1558.747980 -1559.904759 -1562.790994 -1570.692727 -1595.514693 -9999.0 -9999.0
-9999.0 -9999.0 -9999.0 -9999.0 -9999.0 -9999.0 -9999.0 -9999.0 -9999.0 -9999.0 -9999.0 -9999.0 -9999.0 -9999.0 -9999.0 -9999.0 -9999.0 -9999.0 -9999.0 -9999.0 -9999.0 -9999.0 -9999.0 -9999.0 -9999.0 -9999.0 -9999.0 -9999.0 -9999.0 -9999.0 -9999.0 -9999.0 -9999.0 -9999.0 -9999.0 -9999.0 -9999.0 -9999.0 -9999.0 -9999.0 -9999.0 -9999.0 -9999.0 -9999.0 -9999.0 -9999.0 -9999.0 -9999.0 -9999.0 -9999.0 -9999.0 -9999.0 -9999.0 -9999.0 -9999.0 -9999.0 -9999.0 -9999.0 -9999.0 -9999.0 -9999.0 -9999.0 -9999.0 -9999.0 -9999.0 -9999.0 -9999.0 -9999.0 -9999.0 -9999.0 -9999.0 -9999.0 -9999.0 -9999.0 -9999.0 -9999.0 -9999.0 -9999.0 -9999.0 -9999.0 -9999.0 -9999.0 -9999.0 -9999.0 -9999.0 -9999.0 -9999.0 -9999.0 -9999.0 -9999.0 -9999.0 -9999.0 -9999.0 -9999.0 -9999.0 -9999.0 -9999.0 -9999.0 -9999.0 -9999.0 -9999.0 -9999.0 -9999.0 -9999.0
-9999.0 -9999.0 -9999.0 -9999.0 -9999.0 -9999.0 -9999.0 -9999.0 -9999.0 -9999.0 -9999.0 -9999.0 -9999.0 -9999.0 -9999.0 -9999.0 -9999.0 -9999.0 -9999.0 -9999.0 -9999.0 -9999.0 -9999.0 -9999.0 -9999.0 -9999.0 -9999.0 -9999.0 -9999.0 -9999.0 -9999.0 -9999.0 -9999.0 -9999.0 -9999.0 -9999.0 -9999.0 -9999.0 -9999.0 -9999.0 -9999.0 -9999.0 -9999.0 -9999.0 -9999.0 -9999.0 -9999.0 -9999.0 -9999.0 -9999.0 -9999.0 -9999.0 -9999.0 -9999.0 -9999.0 -9999.0 -9999.0 -9999.0 -9999.0 -9999.0 -9999.0 -9999.0 -9999.0 -9999.0 -9999.0 -9999.0 -9999.0 -9999.0 -9999.0 -9999.0 -9999.0 -9999.0 -9999.0 -9999.0 -9999.0 -9999.0 -9999.0 -9999.0 -9999.0 -9999.0 -9999.0 -9999.0 -9999.0 -9999.0 -9999.0 -9999.0 -9999.0 -9999.0 -9999.0 -9999.0 -9999.0 -9999.0 -9999.0 -9999.0 -9999.0 -9999.0 -9999.0 -9999.0 -9999.0 -9999.0 -9999.0 -9999.0 -9999.0 -9999.0