inst/processing_geotop_simulation/geotop_simulation/out/maps3D/PwL0007N0351.asc
ncols         104
nrows         10
xllcorner     -2.000000
yllcorner     0.000000
cellsize      1.000000
NODATA_value  -9999.0
-9999.0 -9999.0 -9999.0 -9999.0 -9999.0 -9999.0 -9999.0 -9999.0 -9999.0 -9999.0 -9999.0 -9999.0 -9999.0 -9999.0 -9999.0 -9999.0 -9999.0 -9999.0 -9999.0 -9999.0 -9999.0 -9999.0 -9999.0 -9999.0 -9999.0 -9999.0 -9999.0 -9999.0 -9999.0 -9999.0 -9999.0 -9999.0 -9999.0 -9999.0 -9999.0 -9999.0 -9999.0 -9999.0 -9999.0 -9999.0 -9999.0 -9999.0 -9999.0 -9999.0 -9999.0 -9999.0 -9999.0 -9999.0 -9999.0 -9999.0 -9999.0 -9999.0 -9999.0 -9999.0 -9999.0 -9999.0 -9999.0 -9999.0 -9999.0 -9999.0 -9999.0 -9999.0 -9999.0 -9999.0 -9999.0 -9999.0 -9999.0 -9999.0 -9999.0 -9999.0 -9999.0 -9999.0 -9999.0 -9999.0 -9999.0 -9999.0 -9999.0 -9999.0 -9999.0 -9999.0 -9999.0 -9999.0 -9999.0 -9999.0 -9999.0 -9999.0 -9999.0 -9999.0 -9999.0 -9999.0 -9999.0 -9999.0 -9999.0 -9999.0 -9999.0 -9999.0 -9999.0 -9999.0 -9999.0 -9999.0 -9999.0 -9999.0 -9999.0 -9999.0
-9999.0 -9999.0 -9999.0 -9999.0 -9999.0 -9999.0 -9999.0 -9999.0 -9999.0 -9999.0 -9999.0 -9999.0 -9999.0 -9999.0 -9999.0 -9999.0 -9999.0 -9999.0 -9999.0 -9999.0 -9999.0 -9999.0 -9999.0 -9999.0 -9999.0 -9999.0 -9999.0 -9999.0 -9999.0 -9999.0 -9999.0 -9999.0 -9999.0 -9999.0 -9999.0 -9999.0 -9999.0 -9999.0 -9999.0 -9999.0 -9999.0 -9999.0 -9999.0 -9999.0 -9999.0 -9999.0 -9999.0 -9999.0 -9999.0 -9999.0 -9999.0 -9999.0 -9999.0 -9999.0 -9999.0 -9999.0 -9999.0 -9999.0 -9999.0 -9999.0 -9999.0 -9999.0 -9999.0 -9999.0 -9999.0 -9999.0 -9999.0 -9999.0 -9999.0 -9999.0 -9999.0 -9999.0 -9999.0 -9999.0 -9999.0 -9999.0 -9999.0 -9999.0 -9999.0 -9999.0 -9999.0 -9999.0 -9999.0 -9999.0 -9999.0 -9999.0 -9999.0 -9999.0 -9999.0 -9999.0 -9999.0 -9999.0 -9999.0 -9999.0 -9999.0 -9999.0 -9999.0 -9999.0 -9999.0 -9999.0 -9999.0 -9999.0 -9999.0 -9999.0
-9999.0 -9999.0 324.452911 226.760335 128.158777 29.224420 -69.838614 -168.954455 -268.085421 -367.203908 -466.281604 -565.261994 -664.026427 -762.548805 -861.036743 -959.469952 -1057.786413 -1155.596824 -1252.098769 -1346.711341 -1437.919049 -1523.149899 -1599.307343 -1664.006983 -1716.393135 -1757.096253 -1787.685680 -1810.078673 -1826.135390 -1837.459720 -1845.340580 -1850.766450 -1854.470308 -1856.981984 -1858.677382 -1859.821768 -1860.612498 -1861.253872 -1862.195287 -1864.738685 -1869.473753 -1838.958762 -1205.306946 -1247.782500 -1227.153762 -1213.625552 -1207.329825 -1206.403668 -1206.305493 -1206.314506 -1206.338846 -1206.365050 -1206.390234 -1206.413556 -1206.435229 -1206.460683 -1206.541325 -1207.087757 -1210.407571 -1217.816496 -1227.194826 -1171.590223 -1810.022723 -1862.788209 -1863.313400 -1862.477934 -1862.261110 -1862.221132 -1862.214949 -1862.214490 -1862.214909 -1862.215376 -1862.215761 -1862.216061 -1862.216294 -1862.216478 -1862.216625 -1862.216747 -1862.216851 -1862.216946 -1862.217040 -1862.217145 -1862.217276 -1862.217454 -1862.217714 -1862.218108 -1862.218724 -1862.219708 -1862.221309 -1862.223972 -1862.228510 -1862.236468 -1862.250851 -1862.277645 -1862.329025 -1862.430520 -1862.638378 -1863.085545 -1864.113118 -1866.685374 -1873.918818 -1897.750954 -9999.0 -9999.0
-9999.0 -9999.0 324.460249 226.762110 128.159247 29.224559 -69.838570 -168.954440 -268.085416 -367.203906 -466.281602 -565.261994 -664.026426 -762.548805 -861.036743 -959.469952 -1057.786413 -1155.596824 -1252.098769 -1346.711341 -1437.919049 -1523.149899 -1599.307343 -1664.006983 -1716.393135 -1757.096253 -1787.685680 -1810.078673 -1826.135390 -1837.459720 -1845.340580 -1850.766450 -1854.470308 -1856.981984 -1858.677382 -1859.821768 -1860.612498 -1861.253872 -1862.195287 -1864.738685 -1869.473753 -1838.958762 -1205.306946 -1247.782500 -1227.153762 -1213.625552 -1207.329825 -1206.403668 -1206.305493 -1206.314506 -1206.338846 -1206.365050 -1206.390234 -1206.413556 -1206.435229 -1206.460683 -1206.541325 -1207.087757 -1210.407571 -1217.816496 -1227.194826 -1171.590223 -1810.022723 -1862.788209 -1863.313400 -1862.477934 -1862.261110 -1862.221132 -1862.214949 -1862.214490 -1862.214909 -1862.215376 -1862.215761 -1862.216061 -1862.216294 -1862.216478 -1862.216625 -1862.216747 -1862.216851 -1862.216946 -1862.217040 -1862.217145 -1862.217276 -1862.217454 -1862.217714 -1862.218108 -1862.218724 -1862.219708 -1862.221309 -1862.223972 -1862.228510 -1862.236468 -1862.250851 -1862.277645 -1862.329025 -1862.430520 -1862.638378 -1863.085545 -1864.113118 -1866.685374 -1873.918818 -1897.750954 -9999.0 -9999.0
-9999.0 -9999.0 324.461638 226.762865 128.159548 29.224669 -69.838531 -168.954426 -268.085411 -367.203904 -466.281602 -565.261993 -664.026426 -762.548805 -861.036743 -959.469952 -1057.786413 -1155.596824 -1252.098769 -1346.711341 -1437.919049 -1523.149899 -1599.307343 -1664.006983 -1716.393135 -1757.096253 -1787.685680 -1810.078673 -1826.135390 -1837.459720 -1845.340580 -1850.766450 -1854.470308 -1856.981984 -1858.677382 -1859.821768 -1860.612498 -1861.253872 -1862.195287 -1864.738685 -1869.473753 -1838.958762 -1205.306946 -1247.782500 -1227.153761 -1213.625552 -1207.329825 -1206.403668 -1206.305493 -1206.314506 -1206.338846 -1206.365050 -1206.390234 -1206.413556 -1206.435229 -1206.460683 -1206.541325 -1207.087757 -1210.407571 -1217.816496 -1227.194826 -1171.590223 -1810.022723 -1862.788209 -1863.313400 -1862.477934 -1862.261110 -1862.221132 -1862.214949 -1862.214490 -1862.214909 -1862.215376 -1862.215761 -1862.216061 -1862.216294 -1862.216478 -1862.216625 -1862.216747 -1862.216851 -1862.216946 -1862.217040 -1862.217145 -1862.217276 -1862.217454 -1862.217714 -1862.218108 -1862.218724 -1862.219708 -1862.221309 -1862.223972 -1862.228510 -1862.236468 -1862.250851 -1862.277645 -1862.329025 -1862.430520 -1862.638378 -1863.085545 -1864.113118 -1866.685374 -1873.918818 -1897.750954 -9999.0 -9999.0
-9999.0 -9999.0 324.461638 226.762865 128.159548 29.224669 -69.838531 -168.954426 -268.085411 -367.203904 -466.281602 -565.261993 -664.026426 -762.548805 -861.036743 -959.469952 -1057.786413 -1155.596824 -1252.098769 -1346.711341 -1437.919049 -1523.149899 -1599.307343 -1664.006983 -1716.393135 -1757.096253 -1787.685680 -1810.078673 -1826.135390 -1837.459720 -1845.340580 -1850.766450 -1854.470308 -1856.981984 -1858.677382 -1859.821768 -1860.612498 -1861.253872 -1862.195287 -1864.738685 -1869.473753 -1838.958762 -1205.306946 -1247.782500 -1227.153761 -1213.625552 -1207.329825 -1206.403668 -1206.305493 -1206.314506 -1206.338846 -1206.365050 -1206.390234 -1206.413556 -1206.435229 -1206.460683 -1206.541325 -1207.087757 -1210.407571 -1217.816496 -1227.194826 -1171.590223 -1810.022723 -1862.788209 -1863.313400 -1862.477934 -1862.261110 -1862.221132 -1862.214949 -1862.214490 -1862.214909 -1862.215376 -1862.215761 -1862.216061 -1862.216294 -1862.216478 -1862.216625 -1862.216747 -1862.216851 -1862.216946 -1862.217040 -1862.217145 -1862.217276 -1862.217454 -1862.217714 -1862.218108 -1862.218724 -1862.219708 -1862.221309 -1862.223972 -1862.228510 -1862.236468 -1862.250851 -1862.277645 -1862.329025 -1862.430520 -1862.638378 -1863.085545 -1864.113118 -1866.685374 -1873.918818 -1897.750954 -9999.0 -9999.0
-9999.0 -9999.0 324.460249 226.762110 128.159247 29.224560 -69.838570 -168.954440 -268.085416 -367.203906 -466.281603 -565.261994 -664.026426 -762.548805 -861.036743 -959.469952 -1057.786413 -1155.596824 -1252.098769 -1346.711341 -1437.919049 -1523.149899 -1599.307343 -1664.006983 -1716.393135 -1757.096253 -1787.685680 -1810.078673 -1826.135390 -1837.459720 -1845.340580 -1850.766450 -1854.470308 -1856.981984 -1858.677382 -1859.821768 -1860.612498 -1861.253872 -1862.195287 -1864.738685 -1869.473753 -1838.958762 -1205.306946 -1247.782500 -1227.153762 -1213.625552 -1207.329825 -1206.403668 -1206.305493 -1206.314506 -1206.338846 -1206.365050 -1206.390234 -1206.413556 -1206.435229 -1206.460683 -1206.541325 -1207.087757 -1210.407571 -1217.816496 -1227.194826 -1171.590223 -1810.022723 -1862.788209 -1863.313400 -1862.477934 -1862.261110 -1862.221132 -1862.214949 -1862.214490 -1862.214909 -1862.215376 -1862.215761 -1862.216061 -1862.216294 -1862.216478 -1862.216625 -1862.216747 -1862.216851 -1862.216946 -1862.217040 -1862.217145 -1862.217276 -1862.217454 -1862.217714 -1862.218108 -1862.218724 -1862.219708 -1862.221309 -1862.223972 -1862.228510 -1862.236468 -1862.250851 -1862.277645 -1862.329025 -1862.430520 -1862.638378 -1863.085545 -1864.113118 -1866.685374 -1873.918818 -1897.750954 -9999.0 -9999.0
-9999.0 -9999.0 324.452911 226.760335 128.158777 29.224420 -69.838614 -168.954455 -268.085421 -367.203908 -466.281604 -565.261994 -664.026426 -762.548805 -861.036743 -959.469952 -1057.786413 -1155.596824 -1252.098769 -1346.711341 -1437.919049 -1523.149899 -1599.307343 -1664.006983 -1716.393135 -1757.096253 -1787.685680 -1810.078673 -1826.135390 -1837.459720 -1845.340580 -1850.766450 -1854.470308 -1856.981984 -1858.677382 -1859.821768 -1860.612498 -1861.253872 -1862.195287 -1864.738685 -1869.473753 -1838.958762 -1205.306946 -1247.782500 -1227.153762 -1213.625552 -1207.329825 -1206.403668 -1206.305493 -1206.314506 -1206.338846 -1206.365050 -1206.390234 -1206.413556 -1206.435229 -1206.460683 -1206.541325 -1207.087757 -1210.407571 -1217.816496 -1227.194826 -1171.590223 -1810.022723 -1862.788209 -1863.313400 -1862.477934 -1862.261110 -1862.221132 -1862.214949 -1862.214490 -1862.214909 -1862.215376 -1862.215761 -1862.216061 -1862.216294 -1862.216478 -1862.216625 -1862.216747 -1862.216851 -1862.216946 -1862.217040 -1862.217145 -1862.217276 -1862.217454 -1862.217714 -1862.218108 -1862.218724 -1862.219708 -1862.221309 -1862.223972 -1862.228510 -1862.236468 -1862.250851 -1862.277645 -1862.329025 -1862.430520 -1862.638378 -1863.085545 -1864.113118 -1866.685374 -1873.918818 -1897.750954 -9999.0 -9999.0
-9999.0 -9999.0 -9999.0 -9999.0 -9999.0 -9999.0 -9999.0 -9999.0 -9999.0 -9999.0 -9999.0 -9999.0 -9999.0 -9999.0 -9999.0 -9999.0 -9999.0 -9999.0 -9999.0 -9999.0 -9999.0 -9999.0 -9999.0 -9999.0 -9999.0 -9999.0 -9999.0 -9999.0 -9999.0 -9999.0 -9999.0 -9999.0 -9999.0 -9999.0 -9999.0 -9999.0 -9999.0 -9999.0 -9999.0 -9999.0 -9999.0 -9999.0 -9999.0 -9999.0 -9999.0 -9999.0 -9999.0 -9999.0 -9999.0 -9999.0 -9999.0 -9999.0 -9999.0 -9999.0 -9999.0 -9999.0 -9999.0 -9999.0 -9999.0 -9999.0 -9999.0 -9999.0 -9999.0 -9999.0 -9999.0 -9999.0 -9999.0 -9999.0 -9999.0 -9999.0 -9999.0 -9999.0 -9999.0 -9999.0 -9999.0 -9999.0 -9999.0 -9999.0 -9999.0 -9999.0 -9999.0 -9999.0 -9999.0 -9999.0 -9999.0 -9999.0 -9999.0 -9999.0 -9999.0 -9999.0 -9999.0 -9999.0 -9999.0 -9999.0 -9999.0 -9999.0 -9999.0 -9999.0 -9999.0 -9999.0 -9999.0 -9999.0 -9999.0 -9999.0
-9999.0 -9999.0 -9999.0 -9999.0 -9999.0 -9999.0 -9999.0 -9999.0 -9999.0 -9999.0 -9999.0 -9999.0 -9999.0 -9999.0 -9999.0 -9999.0 -9999.0 -9999.0 -9999.0 -9999.0 -9999.0 -9999.0 -9999.0 -9999.0 -9999.0 -9999.0 -9999.0 -9999.0 -9999.0 -9999.0 -9999.0 -9999.0 -9999.0 -9999.0 -9999.0 -9999.0 -9999.0 -9999.0 -9999.0 -9999.0 -9999.0 -9999.0 -9999.0 -9999.0 -9999.0 -9999.0 -9999.0 -9999.0 -9999.0 -9999.0 -9999.0 -9999.0 -9999.0 -9999.0 -9999.0 -9999.0 -9999.0 -9999.0 -9999.0 -9999.0 -9999.0 -9999.0 -9999.0 -9999.0 -9999.0 -9999.0 -9999.0 -9999.0 -9999.0 -9999.0 -9999.0 -9999.0 -9999.0 -9999.0 -9999.0 -9999.0 -9999.0 -9999.0 -9999.0 -9999.0 -9999.0 -9999.0 -9999.0 -9999.0 -9999.0 -9999.0 -9999.0 -9999.0 -9999.0 -9999.0 -9999.0 -9999.0 -9999.0 -9999.0 -9999.0 -9999.0 -9999.0 -9999.0 -9999.0 -9999.0 -9999.0 -9999.0 -9999.0 -9999.0