inst/processing_geotop_simulation/geotop_simulation/out/maps3D/PwL0005N0450.asc
ncols         104
nrows         10
xllcorner     -2.000000
yllcorner     0.000000
cellsize      1.000000
NODATA_value  -9999.0
-9999.0 -9999.0 -9999.0 -9999.0 -9999.0 -9999.0 -9999.0 -9999.0 -9999.0 -9999.0 -9999.0 -9999.0 -9999.0 -9999.0 -9999.0 -9999.0 -9999.0 -9999.0 -9999.0 -9999.0 -9999.0 -9999.0 -9999.0 -9999.0 -9999.0 -9999.0 -9999.0 -9999.0 -9999.0 -9999.0 -9999.0 -9999.0 -9999.0 -9999.0 -9999.0 -9999.0 -9999.0 -9999.0 -9999.0 -9999.0 -9999.0 -9999.0 -9999.0 -9999.0 -9999.0 -9999.0 -9999.0 -9999.0 -9999.0 -9999.0 -9999.0 -9999.0 -9999.0 -9999.0 -9999.0 -9999.0 -9999.0 -9999.0 -9999.0 -9999.0 -9999.0 -9999.0 -9999.0 -9999.0 -9999.0 -9999.0 -9999.0 -9999.0 -9999.0 -9999.0 -9999.0 -9999.0 -9999.0 -9999.0 -9999.0 -9999.0 -9999.0 -9999.0 -9999.0 -9999.0 -9999.0 -9999.0 -9999.0 -9999.0 -9999.0 -9999.0 -9999.0 -9999.0 -9999.0 -9999.0 -9999.0 -9999.0 -9999.0 -9999.0 -9999.0 -9999.0 -9999.0 -9999.0 -9999.0 -9999.0 -9999.0 -9999.0 -9999.0 -9999.0
-9999.0 -9999.0 -9999.0 -9999.0 -9999.0 -9999.0 -9999.0 -9999.0 -9999.0 -9999.0 -9999.0 -9999.0 -9999.0 -9999.0 -9999.0 -9999.0 -9999.0 -9999.0 -9999.0 -9999.0 -9999.0 -9999.0 -9999.0 -9999.0 -9999.0 -9999.0 -9999.0 -9999.0 -9999.0 -9999.0 -9999.0 -9999.0 -9999.0 -9999.0 -9999.0 -9999.0 -9999.0 -9999.0 -9999.0 -9999.0 -9999.0 -9999.0 -9999.0 -9999.0 -9999.0 -9999.0 -9999.0 -9999.0 -9999.0 -9999.0 -9999.0 -9999.0 -9999.0 -9999.0 -9999.0 -9999.0 -9999.0 -9999.0 -9999.0 -9999.0 -9999.0 -9999.0 -9999.0 -9999.0 -9999.0 -9999.0 -9999.0 -9999.0 -9999.0 -9999.0 -9999.0 -9999.0 -9999.0 -9999.0 -9999.0 -9999.0 -9999.0 -9999.0 -9999.0 -9999.0 -9999.0 -9999.0 -9999.0 -9999.0 -9999.0 -9999.0 -9999.0 -9999.0 -9999.0 -9999.0 -9999.0 -9999.0 -9999.0 -9999.0 -9999.0 -9999.0 -9999.0 -9999.0 -9999.0 -9999.0 -9999.0 -9999.0 -9999.0 -9999.0
-9999.0 -9999.0 224.331392 126.020926 26.958574 -72.334806 -171.717817 -271.136192 -370.562689 -469.978661 -569.363290 -668.671215 -767.880368 -867.020204 -966.102180 -1065.183969 -1164.125749 -1262.677739 -1360.654368 -1457.547804 -1552.315387 -1643.017934 -1726.823407 -1800.816177 -1863.077170 -1913.192510 -1952.044128 -1981.263759 -2002.718302 -2018.176257 -2029.148633 -2036.845587 -2042.194693 -2045.885015 -2048.417316 -2050.152545 -2051.362951 -2052.319900 -2053.517277 -2055.871407 -2055.705603 -1989.634442 -1232.861961 -1245.624845 -1232.228253 -1223.197873 -1218.959691 -1218.296458 -1218.223853 -1218.229518 -1218.246355 -1218.264560 -1218.282071 -1218.298297 -1218.313436 -1218.331738 -1218.392326 -1218.793031 -1221.061403 -1226.049809 -1232.024921 -1209.756519 -1962.288471 -2049.706511 -2054.585838 -2054.135099 -2053.922545 -2053.875750 -2053.867682 -2053.866778 -2053.867042 -2053.867424 -2053.867753 -2053.868015 -2053.868223 -2053.868390 -2053.868527 -2053.868644 -2053.868747 -2053.868842 -2053.868939 -2053.869045 -2053.869174 -2053.869345 -2053.869586 -2053.869945 -2053.870495 -2053.871365 -2053.872773 -2053.875109 -2053.879095 -2053.886107 -2053.898836 -2053.922676 -2053.968716 -2054.060620 -2054.251779 -2054.671806 -2055.662970 -2058.224489 -2065.654098 -2090.364263 -9999.0 -9999.0
-9999.0 -9999.0 224.339365 126.022657 26.959019 -72.334675 -171.717775 -271.136178 -370.562683 -469.978659 -569.363289 -668.671214 -767.880368 -867.020204 -966.102180 -1065.183969 -1164.125749 -1262.677739 -1360.654368 -1457.547804 -1552.315388 -1643.017935 -1726.823408 -1800.816177 -1863.077170 -1913.192510 -1952.044128 -1981.263759 -2002.718302 -2018.176257 -2029.148633 -2036.845587 -2042.194693 -2045.885015 -2048.417316 -2050.152545 -2051.362951 -2052.319900 -2053.517277 -2055.871407 -2055.705603 -1989.634442 -1232.861961 -1245.624845 -1232.228253 -1223.197873 -1218.959691 -1218.296458 -1218.223853 -1218.229518 -1218.246355 -1218.264560 -1218.282071 -1218.298297 -1218.313436 -1218.331738 -1218.392326 -1218.793031 -1221.061403 -1226.049809 -1232.024921 -1209.756519 -1962.288471 -2049.706511 -2054.585838 -2054.135099 -2053.922545 -2053.875750 -2053.867682 -2053.866778 -2053.867042 -2053.867424 -2053.867753 -2053.868015 -2053.868223 -2053.868390 -2053.868527 -2053.868644 -2053.868747 -2053.868842 -2053.868939 -2053.869045 -2053.869174 -2053.869345 -2053.869586 -2053.869945 -2053.870495 -2053.871365 -2053.872773 -2053.875109 -2053.879095 -2053.886107 -2053.898836 -2053.922675 -2053.968716 -2054.060620 -2054.251779 -2054.671806 -2055.662970 -2058.224489 -2065.654098 -2090.364263 -9999.0 -9999.0
-9999.0 -9999.0 224.340618 126.023372 26.959302 -72.334573 -171.717739 -271.136165 -370.562678 -469.978657 -569.363288 -668.671214 -767.880368 -867.020204 -966.102180 -1065.183969 -1164.125750 -1262.677739 -1360.654368 -1457.547804 -1552.315388 -1643.017935 -1726.823408 -1800.816177 -1863.077170 -1913.192510 -1952.044128 -1981.263759 -2002.718302 -2018.176257 -2029.148633 -2036.845587 -2042.194693 -2045.885015 -2048.417316 -2050.152545 -2051.362951 -2052.319900 -2053.517277 -2055.871407 -2055.705603 -1989.634442 -1232.861961 -1245.624845 -1232.228252 -1223.197873 -1218.959691 -1218.296458 -1218.223853 -1218.229518 -1218.246355 -1218.264560 -1218.282071 -1218.298297 -1218.313436 -1218.331738 -1218.392326 -1218.793031 -1221.061403 -1226.049809 -1232.024921 -1209.756519 -1962.288471 -2049.706511 -2054.585838 -2054.135099 -2053.922545 -2053.875750 -2053.867682 -2053.866778 -2053.867042 -2053.867424 -2053.867753 -2053.868015 -2053.868223 -2053.868390 -2053.868527 -2053.868644 -2053.868747 -2053.868842 -2053.868939 -2053.869045 -2053.869174 -2053.869345 -2053.869586 -2053.869945 -2053.870495 -2053.871365 -2053.872773 -2053.875109 -2053.879095 -2053.886107 -2053.898836 -2053.922675 -2053.968716 -2054.060620 -2054.251779 -2054.671806 -2055.662970 -2058.224489 -2065.654098 -2090.364263 -9999.0 -9999.0
-9999.0 -9999.0 224.340618 126.023372 26.959302 -72.334573 -171.717739 -271.136165 -370.562678 -469.978657 -569.363288 -668.671214 -767.880368 -867.020204 -966.102180 -1065.183969 -1164.125749 -1262.677739 -1360.654368 -1457.547804 -1552.315388 -1643.017935 -1726.823408 -1800.816177 -1863.077170 -1913.192510 -1952.044128 -1981.263759 -2002.718302 -2018.176257 -2029.148633 -2036.845587 -2042.194693 -2045.885015 -2048.417316 -2050.152545 -2051.362951 -2052.319900 -2053.517277 -2055.871407 -2055.705603 -1989.634442 -1232.861961 -1245.624845 -1232.228252 -1223.197873 -1218.959691 -1218.296458 -1218.223853 -1218.229518 -1218.246355 -1218.264560 -1218.282071 -1218.298297 -1218.313436 -1218.331738 -1218.392326 -1218.793031 -1221.061403 -1226.049809 -1232.024921 -1209.756519 -1962.288471 -2049.706511 -2054.585838 -2054.135099 -2053.922545 -2053.875750 -2053.867682 -2053.866778 -2053.867042 -2053.867424 -2053.867753 -2053.868015 -2053.868223 -2053.868390 -2053.868527 -2053.868644 -2053.868747 -2053.868842 -2053.868939 -2053.869045 -2053.869174 -2053.869345 -2053.869586 -2053.869945 -2053.870495 -2053.871365 -2053.872773 -2053.875109 -2053.879095 -2053.886107 -2053.898836 -2053.922675 -2053.968716 -2054.060620 -2054.251779 -2054.671806 -2055.662970 -2058.224489 -2065.654098 -2090.364263 -9999.0 -9999.0
-9999.0 -9999.0 224.339365 126.022657 26.959019 -72.334675 -171.717775 -271.136178 -370.562683 -469.978659 -569.363289 -668.671214 -767.880368 -867.020204 -966.102180 -1065.183969 -1164.125749 -1262.677739 -1360.654368 -1457.547804 -1552.315388 -1643.017935 -1726.823408 -1800.816177 -1863.077170 -1913.192510 -1952.044128 -1981.263759 -2002.718302 -2018.176257 -2029.148633 -2036.845587 -2042.194693 -2045.885015 -2048.417316 -2050.152545 -2051.362951 -2052.319900 -2053.517277 -2055.871407 -2055.705603 -1989.634442 -1232.861961 -1245.624845 -1232.228253 -1223.197873 -1218.959691 -1218.296458 -1218.223853 -1218.229518 -1218.246355 -1218.264560 -1218.282071 -1218.298297 -1218.313436 -1218.331738 -1218.392326 -1218.793031 -1221.061403 -1226.049809 -1232.024921 -1209.756519 -1962.288471 -2049.706511 -2054.585838 -2054.135099 -2053.922545 -2053.875750 -2053.867682 -2053.866778 -2053.867042 -2053.867424 -2053.867753 -2053.868015 -2053.868223 -2053.868390 -2053.868527 -2053.868644 -2053.868747 -2053.868842 -2053.868939 -2053.869045 -2053.869174 -2053.869345 -2053.869586 -2053.869945 -2053.870495 -2053.871365 -2053.872773 -2053.875109 -2053.879095 -2053.886107 -2053.898836 -2053.922675 -2053.968716 -2054.060620 -2054.251779 -2054.671806 -2055.662970 -2058.224489 -2065.654098 -2090.364263 -9999.0 -9999.0
-9999.0 -9999.0 224.331392 126.020926 26.958574 -72.334806 -171.717817 -271.136192 -370.562688 -469.978661 -569.363290 -668.671215 -767.880368 -867.020204 -966.102180 -1065.183969 -1164.125749 -1262.677739 -1360.654368 -1457.547804 -1552.315387 -1643.017934 -1726.823407 -1800.816177 -1863.077170 -1913.192510 -1952.044128 -1981.263759 -2002.718302 -2018.176257 -2029.148633 -2036.845587 -2042.194693 -2045.885015 -2048.417316 -2050.152545 -2051.362951 -2052.319900 -2053.517277 -2055.871407 -2055.705603 -1989.634442 -1232.861961 -1245.624845 -1232.228253 -1223.197873 -1218.959691 -1218.296458 -1218.223853 -1218.229518 -1218.246355 -1218.264560 -1218.282071 -1218.298297 -1218.313436 -1218.331738 -1218.392326 -1218.793031 -1221.061403 -1226.049809 -1232.024921 -1209.756519 -1962.288471 -2049.706511 -2054.585838 -2054.135099 -2053.922545 -2053.875750 -2053.867682 -2053.866778 -2053.867042 -2053.867424 -2053.867753 -2053.868015 -2053.868223 -2053.868390 -2053.868527 -2053.868644 -2053.868747 -2053.868842 -2053.868939 -2053.869045 -2053.869174 -2053.869345 -2053.869586 -2053.869945 -2053.870495 -2053.871365 -2053.872773 -2053.875109 -2053.879095 -2053.886107 -2053.898836 -2053.922676 -2053.968716 -2054.060620 -2054.251779 -2054.671806 -2055.662970 -2058.224489 -2065.654098 -2090.364263 -9999.0 -9999.0
-9999.0 -9999.0 -9999.0 -9999.0 -9999.0 -9999.0 -9999.0 -9999.0 -9999.0 -9999.0 -9999.0 -9999.0 -9999.0 -9999.0 -9999.0 -9999.0 -9999.0 -9999.0 -9999.0 -9999.0 -9999.0 -9999.0 -9999.0 -9999.0 -9999.0 -9999.0 -9999.0 -9999.0 -9999.0 -9999.0 -9999.0 -9999.0 -9999.0 -9999.0 -9999.0 -9999.0 -9999.0 -9999.0 -9999.0 -9999.0 -9999.0 -9999.0 -9999.0 -9999.0 -9999.0 -9999.0 -9999.0 -9999.0 -9999.0 -9999.0 -9999.0 -9999.0 -9999.0 -9999.0 -9999.0 -9999.0 -9999.0 -9999.0 -9999.0 -9999.0 -9999.0 -9999.0 -9999.0 -9999.0 -9999.0 -9999.0 -9999.0 -9999.0 -9999.0 -9999.0 -9999.0 -9999.0 -9999.0 -9999.0 -9999.0 -9999.0 -9999.0 -9999.0 -9999.0 -9999.0 -9999.0 -9999.0 -9999.0 -9999.0 -9999.0 -9999.0 -9999.0 -9999.0 -9999.0 -9999.0 -9999.0 -9999.0 -9999.0 -9999.0 -9999.0 -9999.0 -9999.0 -9999.0 -9999.0 -9999.0 -9999.0 -9999.0 -9999.0 -9999.0
-9999.0 -9999.0 -9999.0 -9999.0 -9999.0 -9999.0 -9999.0 -9999.0 -9999.0 -9999.0 -9999.0 -9999.0 -9999.0 -9999.0 -9999.0 -9999.0 -9999.0 -9999.0 -9999.0 -9999.0 -9999.0 -9999.0 -9999.0 -9999.0 -9999.0 -9999.0 -9999.0 -9999.0 -9999.0 -9999.0 -9999.0 -9999.0 -9999.0 -9999.0 -9999.0 -9999.0 -9999.0 -9999.0 -9999.0 -9999.0 -9999.0 -9999.0 -9999.0 -9999.0 -9999.0 -9999.0 -9999.0 -9999.0 -9999.0 -9999.0 -9999.0 -9999.0 -9999.0 -9999.0 -9999.0 -9999.0 -9999.0 -9999.0 -9999.0 -9999.0 -9999.0 -9999.0 -9999.0 -9999.0 -9999.0 -9999.0 -9999.0 -9999.0 -9999.0 -9999.0 -9999.0 -9999.0 -9999.0 -9999.0 -9999.0 -9999.0 -9999.0 -9999.0 -9999.0 -9999.0 -9999.0 -9999.0 -9999.0 -9999.0 -9999.0 -9999.0 -9999.0 -9999.0 -9999.0 -9999.0 -9999.0 -9999.0 -9999.0 -9999.0 -9999.0 -9999.0 -9999.0 -9999.0 -9999.0 -9999.0 -9999.0 -9999.0 -9999.0 -9999.0