inst/processing_geotop_simulation/geotop_simulation/out/maps3D/PwL0002N0338.asc
ncols         104
nrows         10
xllcorner     -2.000000
yllcorner     0.000000
cellsize      1.000000
NODATA_value  -9999.0
-9999.0 -9999.0 -9999.0 -9999.0 -9999.0 -9999.0 -9999.0 -9999.0 -9999.0 -9999.0 -9999.0 -9999.0 -9999.0 -9999.0 -9999.0 -9999.0 -9999.0 -9999.0 -9999.0 -9999.0 -9999.0 -9999.0 -9999.0 -9999.0 -9999.0 -9999.0 -9999.0 -9999.0 -9999.0 -9999.0 -9999.0 -9999.0 -9999.0 -9999.0 -9999.0 -9999.0 -9999.0 -9999.0 -9999.0 -9999.0 -9999.0 -9999.0 -9999.0 -9999.0 -9999.0 -9999.0 -9999.0 -9999.0 -9999.0 -9999.0 -9999.0 -9999.0 -9999.0 -9999.0 -9999.0 -9999.0 -9999.0 -9999.0 -9999.0 -9999.0 -9999.0 -9999.0 -9999.0 -9999.0 -9999.0 -9999.0 -9999.0 -9999.0 -9999.0 -9999.0 -9999.0 -9999.0 -9999.0 -9999.0 -9999.0 -9999.0 -9999.0 -9999.0 -9999.0 -9999.0 -9999.0 -9999.0 -9999.0 -9999.0 -9999.0 -9999.0 -9999.0 -9999.0 -9999.0 -9999.0 -9999.0 -9999.0 -9999.0 -9999.0 -9999.0 -9999.0 -9999.0 -9999.0 -9999.0 -9999.0 -9999.0 -9999.0 -9999.0 -9999.0
-9999.0 -9999.0 -9999.0 -9999.0 -9999.0 -9999.0 -9999.0 -9999.0 -9999.0 -9999.0 -9999.0 -9999.0 -9999.0 -9999.0 -9999.0 -9999.0 -9999.0 -9999.0 -9999.0 -9999.0 -9999.0 -9999.0 -9999.0 -9999.0 -9999.0 -9999.0 -9999.0 -9999.0 -9999.0 -9999.0 -9999.0 -9999.0 -9999.0 -9999.0 -9999.0 -9999.0 -9999.0 -9999.0 -9999.0 -9999.0 -9999.0 -9999.0 -9999.0 -9999.0 -9999.0 -9999.0 -9999.0 -9999.0 -9999.0 -9999.0 -9999.0 -9999.0 -9999.0 -9999.0 -9999.0 -9999.0 -9999.0 -9999.0 -9999.0 -9999.0 -9999.0 -9999.0 -9999.0 -9999.0 -9999.0 -9999.0 -9999.0 -9999.0 -9999.0 -9999.0 -9999.0 -9999.0 -9999.0 -9999.0 -9999.0 -9999.0 -9999.0 -9999.0 -9999.0 -9999.0 -9999.0 -9999.0 -9999.0 -9999.0 -9999.0 -9999.0 -9999.0 -9999.0 -9999.0 -9999.0 -9999.0 -9999.0 -9999.0 -9999.0 -9999.0 -9999.0 -9999.0 -9999.0 -9999.0 -9999.0 -9999.0 -9999.0 -9999.0 -9999.0
-9999.0 -9999.0 76.249003 -20.507626 -118.949271 -217.794223 -316.786832 -415.830454 -514.875663 -613.884631 -712.779019 -811.522881 -910.068249 -1008.348889 -1106.561370 -1204.655303 -1302.143315 -1398.622684 -1493.428617 -1585.455247 -1672.623893 -1751.653552 -1819.291206 -1873.910779 -1915.908488 -1947.025129 -1969.472934 -1985.357793 -1996.434774 -2004.067705 -2009.275143 -2012.798196 -2015.165453 -2016.747688 -2017.801687 -2018.505606 -2018.992852 -2019.414881 -2020.159621 -2022.430242 -2026.058471 -1977.740461 -1212.797299 -1210.922926 -1200.398247 -1193.523533 -1190.291108 -1189.790686 -1189.736658 -1189.741909 -1189.755774 -1189.770703 -1189.785055 -1189.798350 -1189.810712 -1189.825276 -1189.871247 -1190.174253 -1191.908521 -1195.749405 -1201.068091 -1195.355588 -1954.403331 -2020.132571 -2021.000960 -2020.203093 -2020.001964 -2019.965913 -2019.960489 -2019.960186 -2019.960654 -2019.961147 -2019.961548 -2019.961858 -2019.962097 -2019.962283 -2019.962432 -2019.962554 -2019.962656 -2019.962749 -2019.962840 -2019.962943 -2019.963072 -2019.963250 -2019.963513 -2019.963915 -2019.964548 -2019.965562 -2019.967215 -2019.969965 -2019.974650 -2019.982853 -2019.997654 -2020.025164 -2020.077758 -2020.181169 -2020.391409 -2020.839108 -2021.855721 -2024.371687 -2031.398986 -2054.685878 -9999.0 -9999.0
-9999.0 -9999.0 76.259951 -20.505668 -118.948782 -217.794080 -316.786786 -415.830438 -514.875657 -613.884628 -712.779018 -811.522880 -910.068249 -1008.348889 -1106.561370 -1204.655303 -1302.143315 -1398.622684 -1493.428617 -1585.455247 -1672.623893 -1751.653552 -1819.291206 -1873.910779 -1915.908488 -1947.025129 -1969.472934 -1985.357793 -1996.434774 -2004.067705 -2009.275143 -2012.798196 -2015.165453 -2016.747688 -2017.801687 -2018.505606 -2018.992852 -2019.414881 -2020.159621 -2022.430242 -2026.058471 -1977.740461 -1212.797299 -1210.922926 -1200.398247 -1193.523533 -1190.291108 -1189.790686 -1189.736658 -1189.741909 -1189.755774 -1189.770703 -1189.785055 -1189.798350 -1189.810712 -1189.825276 -1189.871247 -1190.174253 -1191.908521 -1195.749405 -1201.068091 -1195.355588 -1954.403331 -2020.132571 -2021.000960 -2020.203093 -2020.001964 -2019.965913 -2019.960489 -2019.960186 -2019.960654 -2019.961147 -2019.961548 -2019.961858 -2019.962097 -2019.962283 -2019.962432 -2019.962554 -2019.962656 -2019.962749 -2019.962840 -2019.962943 -2019.963072 -2019.963250 -2019.963513 -2019.963915 -2019.964548 -2019.965562 -2019.967215 -2019.969965 -2019.974650 -2019.982853 -2019.997654 -2020.025164 -2020.077758 -2020.181169 -2020.391409 -2020.839108 -2021.855721 -2024.371687 -2031.398986 -2054.685878 -9999.0 -9999.0
-9999.0 -9999.0 76.261139 -20.504882 -118.948472 -217.793968 -316.786746 -415.830424 -514.875652 -613.884626 -712.779017 -811.522880 -910.068249 -1008.348889 -1106.561370 -1204.655303 -1302.143315 -1398.622684 -1493.428617 -1585.455247 -1672.623893 -1751.653552 -1819.291206 -1873.910779 -1915.908488 -1947.025129 -1969.472934 -1985.357793 -1996.434774 -2004.067705 -2009.275143 -2012.798196 -2015.165453 -2016.747688 -2017.801687 -2018.505606 -2018.992852 -2019.414881 -2020.159621 -2022.430242 -2026.058471 -1977.740461 -1212.797299 -1210.922926 -1200.398247 -1193.523533 -1190.291108 -1189.790686 -1189.736658 -1189.741909 -1189.755774 -1189.770703 -1189.785055 -1189.798350 -1189.810712 -1189.825276 -1189.871247 -1190.174253 -1191.908521 -1195.749405 -1201.068091 -1195.355588 -1954.403331 -2020.132571 -2021.000960 -2020.203093 -2020.001964 -2019.965913 -2019.960489 -2019.960186 -2019.960654 -2019.961147 -2019.961548 -2019.961858 -2019.962097 -2019.962283 -2019.962432 -2019.962554 -2019.962656 -2019.962749 -2019.962840 -2019.962943 -2019.963072 -2019.963250 -2019.963513 -2019.963915 -2019.964548 -2019.965562 -2019.967215 -2019.969965 -2019.974650 -2019.982853 -2019.997654 -2020.025164 -2020.077758 -2020.181169 -2020.391409 -2020.839108 -2021.855721 -2024.371687 -2031.398986 -2054.685878 -9999.0 -9999.0
-9999.0 -9999.0 76.261139 -20.504882 -118.948472 -217.793968 -316.786746 -415.830424 -514.875652 -613.884626 -712.779017 -811.522880 -910.068249 -1008.348889 -1106.561370 -1204.655303 -1302.143315 -1398.622684 -1493.428617 -1585.455247 -1672.623893 -1751.653552 -1819.291206 -1873.910779 -1915.908488 -1947.025129 -1969.472934 -1985.357793 -1996.434774 -2004.067705 -2009.275143 -2012.798196 -2015.165453 -2016.747688 -2017.801687 -2018.505606 -2018.992852 -2019.414881 -2020.159621 -2022.430242 -2026.058471 -1977.740461 -1212.797299 -1210.922926 -1200.398247 -1193.523533 -1190.291108 -1189.790686 -1189.736658 -1189.741909 -1189.755774 -1189.770703 -1189.785055 -1189.798350 -1189.810712 -1189.825276 -1189.871247 -1190.174253 -1191.908521 -1195.749405 -1201.068091 -1195.355588 -1954.403331 -2020.132571 -2021.000960 -2020.203093 -2020.001964 -2019.965913 -2019.960489 -2019.960186 -2019.960654 -2019.961147 -2019.961548 -2019.961858 -2019.962097 -2019.962283 -2019.962432 -2019.962554 -2019.962656 -2019.962749 -2019.962840 -2019.962943 -2019.963072 -2019.963250 -2019.963513 -2019.963915 -2019.964548 -2019.965562 -2019.967215 -2019.969965 -2019.974650 -2019.982853 -2019.997654 -2020.025164 -2020.077758 -2020.181169 -2020.391409 -2020.839108 -2021.855721 -2024.371687 -2031.398986 -2054.685878 -9999.0 -9999.0
-9999.0 -9999.0 76.259951 -20.505668 -118.948782 -217.794080 -316.786786 -415.830438 -514.875657 -613.884628 -712.779018 -811.522880 -910.068249 -1008.348889 -1106.561370 -1204.655303 -1302.143315 -1398.622684 -1493.428617 -1585.455247 -1672.623893 -1751.653552 -1819.291206 -1873.910779 -1915.908488 -1947.025129 -1969.472934 -1985.357793 -1996.434774 -2004.067705 -2009.275143 -2012.798196 -2015.165453 -2016.747688 -2017.801687 -2018.505606 -2018.992852 -2019.414881 -2020.159621 -2022.430242 -2026.058471 -1977.740461 -1212.797299 -1210.922926 -1200.398247 -1193.523533 -1190.291108 -1189.790686 -1189.736658 -1189.741909 -1189.755774 -1189.770703 -1189.785055 -1189.798350 -1189.810712 -1189.825276 -1189.871247 -1190.174253 -1191.908521 -1195.749405 -1201.068091 -1195.355588 -1954.403331 -2020.132571 -2021.000960 -2020.203093 -2020.001964 -2019.965913 -2019.960489 -2019.960186 -2019.960654 -2019.961147 -2019.961548 -2019.961858 -2019.962097 -2019.962283 -2019.962432 -2019.962554 -2019.962656 -2019.962749 -2019.962840 -2019.962943 -2019.963072 -2019.963250 -2019.963513 -2019.963915 -2019.964548 -2019.965562 -2019.967215 -2019.969965 -2019.974650 -2019.982853 -2019.997654 -2020.025164 -2020.077758 -2020.181169 -2020.391409 -2020.839108 -2021.855721 -2024.371687 -2031.398986 -2054.685878 -9999.0 -9999.0
-9999.0 -9999.0 76.249003 -20.507626 -118.949271 -217.794223 -316.786832 -415.830454 -514.875663 -613.884631 -712.779019 -811.522881 -910.068249 -1008.348889 -1106.561370 -1204.655303 -1302.143315 -1398.622684 -1493.428617 -1585.455247 -1672.623893 -1751.653552 -1819.291206 -1873.910779 -1915.908488 -1947.025129 -1969.472934 -1985.357793 -1996.434774 -2004.067705 -2009.275143 -2012.798196 -2015.165453 -2016.747688 -2017.801687 -2018.505606 -2018.992852 -2019.414881 -2020.159621 -2022.430242 -2026.058471 -1977.740461 -1212.797299 -1210.922926 -1200.398247 -1193.523533 -1190.291108 -1189.790686 -1189.736658 -1189.741909 -1189.755774 -1189.770703 -1189.785055 -1189.798350 -1189.810712 -1189.825276 -1189.871247 -1190.174253 -1191.908521 -1195.749405 -1201.068091 -1195.355588 -1954.403331 -2020.132571 -2021.000960 -2020.203093 -2020.001964 -2019.965913 -2019.960489 -2019.960186 -2019.960654 -2019.961147 -2019.961548 -2019.961858 -2019.962097 -2019.962283 -2019.962432 -2019.962554 -2019.962656 -2019.962749 -2019.962840 -2019.962943 -2019.963072 -2019.963250 -2019.963513 -2019.963915 -2019.964548 -2019.965562 -2019.967215 -2019.969965 -2019.974650 -2019.982853 -2019.997654 -2020.025164 -2020.077758 -2020.181169 -2020.391409 -2020.839108 -2021.855721 -2024.371687 -2031.398986 -2054.685878 -9999.0 -9999.0
-9999.0 -9999.0 -9999.0 -9999.0 -9999.0 -9999.0 -9999.0 -9999.0 -9999.0 -9999.0 -9999.0 -9999.0 -9999.0 -9999.0 -9999.0 -9999.0 -9999.0 -9999.0 -9999.0 -9999.0 -9999.0 -9999.0 -9999.0 -9999.0 -9999.0 -9999.0 -9999.0 -9999.0 -9999.0 -9999.0 -9999.0 -9999.0 -9999.0 -9999.0 -9999.0 -9999.0 -9999.0 -9999.0 -9999.0 -9999.0 -9999.0 -9999.0 -9999.0 -9999.0 -9999.0 -9999.0 -9999.0 -9999.0 -9999.0 -9999.0 -9999.0 -9999.0 -9999.0 -9999.0 -9999.0 -9999.0 -9999.0 -9999.0 -9999.0 -9999.0 -9999.0 -9999.0 -9999.0 -9999.0 -9999.0 -9999.0 -9999.0 -9999.0 -9999.0 -9999.0 -9999.0 -9999.0 -9999.0 -9999.0 -9999.0 -9999.0 -9999.0 -9999.0 -9999.0 -9999.0 -9999.0 -9999.0 -9999.0 -9999.0 -9999.0 -9999.0 -9999.0 -9999.0 -9999.0 -9999.0 -9999.0 -9999.0 -9999.0 -9999.0 -9999.0 -9999.0 -9999.0 -9999.0 -9999.0 -9999.0 -9999.0 -9999.0 -9999.0 -9999.0
-9999.0 -9999.0 -9999.0 -9999.0 -9999.0 -9999.0 -9999.0 -9999.0 -9999.0 -9999.0 -9999.0 -9999.0 -9999.0 -9999.0 -9999.0 -9999.0 -9999.0 -9999.0 -9999.0 -9999.0 -9999.0 -9999.0 -9999.0 -9999.0 -9999.0 -9999.0 -9999.0 -9999.0 -9999.0 -9999.0 -9999.0 -9999.0 -9999.0 -9999.0 -9999.0 -9999.0 -9999.0 -9999.0 -9999.0 -9999.0 -9999.0 -9999.0 -9999.0 -9999.0 -9999.0 -9999.0 -9999.0 -9999.0 -9999.0 -9999.0 -9999.0 -9999.0 -9999.0 -9999.0 -9999.0 -9999.0 -9999.0 -9999.0 -9999.0 -9999.0 -9999.0 -9999.0 -9999.0 -9999.0 -9999.0 -9999.0 -9999.0 -9999.0 -9999.0 -9999.0 -9999.0 -9999.0 -9999.0 -9999.0 -9999.0 -9999.0 -9999.0 -9999.0 -9999.0 -9999.0 -9999.0 -9999.0 -9999.0 -9999.0 -9999.0 -9999.0 -9999.0 -9999.0 -9999.0 -9999.0 -9999.0 -9999.0 -9999.0 -9999.0 -9999.0 -9999.0 -9999.0 -9999.0 -9999.0 -9999.0 -9999.0 -9999.0 -9999.0 -9999.0