inst/processing_geotop_simulation/geotop_simulation/out/maps3D/PwL0019N0127.asc
ncols         104
nrows         10
xllcorner     -2.000000
yllcorner     0.000000
cellsize      1.000000
NODATA_value  -9999.0
-9999.0 -9999.0 -9999.0 -9999.0 -9999.0 -9999.0 -9999.0 -9999.0 -9999.0 -9999.0 -9999.0 -9999.0 -9999.0 -9999.0 -9999.0 -9999.0 -9999.0 -9999.0 -9999.0 -9999.0 -9999.0 -9999.0 -9999.0 -9999.0 -9999.0 -9999.0 -9999.0 -9999.0 -9999.0 -9999.0 -9999.0 -9999.0 -9999.0 -9999.0 -9999.0 -9999.0 -9999.0 -9999.0 -9999.0 -9999.0 -9999.0 -9999.0 -9999.0 -9999.0 -9999.0 -9999.0 -9999.0 -9999.0 -9999.0 -9999.0 -9999.0 -9999.0 -9999.0 -9999.0 -9999.0 -9999.0 -9999.0 -9999.0 -9999.0 -9999.0 -9999.0 -9999.0 -9999.0 -9999.0 -9999.0 -9999.0 -9999.0 -9999.0 -9999.0 -9999.0 -9999.0 -9999.0 -9999.0 -9999.0 -9999.0 -9999.0 -9999.0 -9999.0 -9999.0 -9999.0 -9999.0 -9999.0 -9999.0 -9999.0 -9999.0 -9999.0 -9999.0 -9999.0 -9999.0 -9999.0 -9999.0 -9999.0 -9999.0 -9999.0 -9999.0 -9999.0 -9999.0 -9999.0 -9999.0 -9999.0 -9999.0 -9999.0 -9999.0 -9999.0
-9999.0 -9999.0 -9999.0 -9999.0 -9999.0 -9999.0 -9999.0 -9999.0 -9999.0 -9999.0 -9999.0 -9999.0 -9999.0 -9999.0 -9999.0 -9999.0 -9999.0 -9999.0 -9999.0 -9999.0 -9999.0 -9999.0 -9999.0 -9999.0 -9999.0 -9999.0 -9999.0 -9999.0 -9999.0 -9999.0 -9999.0 -9999.0 -9999.0 -9999.0 -9999.0 -9999.0 -9999.0 -9999.0 -9999.0 -9999.0 -9999.0 -9999.0 -9999.0 -9999.0 -9999.0 -9999.0 -9999.0 -9999.0 -9999.0 -9999.0 -9999.0 -9999.0 -9999.0 -9999.0 -9999.0 -9999.0 -9999.0 -9999.0 -9999.0 -9999.0 -9999.0 -9999.0 -9999.0 -9999.0 -9999.0 -9999.0 -9999.0 -9999.0 -9999.0 -9999.0 -9999.0 -9999.0 -9999.0 -9999.0 -9999.0 -9999.0 -9999.0 -9999.0 -9999.0 -9999.0 -9999.0 -9999.0 -9999.0 -9999.0 -9999.0 -9999.0 -9999.0 -9999.0 -9999.0 -9999.0 -9999.0 -9999.0 -9999.0 -9999.0 -9999.0 -9999.0 -9999.0 -9999.0 -9999.0 -9999.0 -9999.0 -9999.0 -9999.0 -9999.0
-9999.0 -9999.0 939.203673 846.498727 753.141746 658.862836 564.082548 469.075596 373.992753 278.915944 183.890168 88.940124 -5.914383 -100.649591 -195.259313 -289.730291 -384.066153 -478.203957 -571.753279 -664.004499 -754.997589 -844.146450 -930.754491 -1005.588225 -1059.698666 -1099.086156 -1125.987737 -1143.427065 -1154.270499 -1160.788109 -1164.600775 -1166.783536 -1168.013356 -1168.700070 -1169.083562 -1169.302984 -1169.445670 -1169.594026 -1169.979658 -1172.076076 -1185.076936 -1277.579254 -2030.091410 -4022.453571 -4034.652992 -4034.653464 -4034.653392 -4034.652307 -4034.645881 -4034.621215 -4034.544032 -4034.290780 -4033.830691 -4033.195720 -4032.080182 -4029.782651 -4024.402623 -4010.640340 -3974.474778 -3884.719275 -3662.922749 -1754.758206 -1241.833601 -1179.649041 -1171.108250 -1169.997250 -1169.847730 -1169.825462 -1169.822898 -1169.823744 -1169.824998 -1169.826080 -1169.826921 -1169.827562 -1169.828053 -1169.828435 -1169.828738 -1169.828983 -1169.829187 -1169.829368 -1169.829545 -1169.829740 -1169.829984 -1169.830320 -1169.830817 -1169.831579 -1169.832777 -1169.834689 -1169.837791 -1169.842910 -1169.851533 -1169.866441 -1169.892974 -1169.941654 -1170.033537 -1170.211466 -1170.565517 -1171.298306 -1172.911520 -1176.745810 -1186.488270 -1213.195418 -9999.0 -9999.0
-9999.0 -9999.0 939.207302 846.500103 753.142195 658.862983 564.082597 469.075613 373.992759 278.915946 183.890169 88.940125 -5.914383 -100.649591 -195.259313 -289.730291 -384.066153 -478.203958 -571.753279 -664.004499 -754.997590 -844.146450 -930.754491 -1005.588225 -1059.698666 -1099.086156 -1125.987738 -1143.427066 -1154.270499 -1160.788109 -1164.600775 -1166.783536 -1168.013356 -1168.700070 -1169.083562 -1169.302984 -1169.445670 -1169.594026 -1169.979658 -1172.076076 -1185.076936 -1277.579254 -2030.091410 -4022.453571 -4034.652992 -4034.653464 -4034.653392 -4034.652307 -4034.645881 -4034.621215 -4034.544032 -4034.290780 -4033.830691 -4033.195720 -4032.080182 -4029.782650 -4024.402623 -4010.640340 -3974.474778 -3884.719275 -3662.922749 -1754.758206 -1241.833601 -1179.649041 -1171.108250 -1169.997250 -1169.847730 -1169.825462 -1169.822898 -1169.823744 -1169.824998 -1169.826080 -1169.826921 -1169.827562 -1169.828053 -1169.828435 -1169.828738 -1169.828983 -1169.829187 -1169.829368 -1169.829545 -1169.829740 -1169.829984 -1169.830320 -1169.830817 -1169.831579 -1169.832777 -1169.834689 -1169.837791 -1169.842910 -1169.851533 -1169.866441 -1169.892974 -1169.941654 -1170.033537 -1170.211466 -1170.565517 -1171.298306 -1172.911520 -1176.745810 -1186.488270 -1213.195418 -9999.0 -9999.0
-9999.0 -9999.0 939.208664 846.500834 753.142504 658.863101 564.082641 469.075629 373.992765 278.915948 183.890169 88.940125 -5.914383 -100.649592 -195.259313 -289.730292 -384.066153 -478.203958 -571.753279 -664.004499 -754.997590 -844.146451 -930.754491 -1005.588225 -1059.698666 -1099.086156 -1125.987738 -1143.427066 -1154.270499 -1160.788109 -1164.600775 -1166.783536 -1168.013356 -1168.700070 -1169.083562 -1169.302984 -1169.445670 -1169.594026 -1169.979658 -1172.076076 -1185.076936 -1277.579254 -2030.091410 -4022.453571 -4034.652992 -4034.653464 -4034.653392 -4034.652307 -4034.645881 -4034.621215 -4034.544032 -4034.290780 -4033.830691 -4033.195720 -4032.080182 -4029.782650 -4024.402623 -4010.640340 -3974.474778 -3884.719275 -3662.922748 -1754.758206 -1241.833601 -1179.649041 -1171.108250 -1169.997250 -1169.847730 -1169.825462 -1169.822898 -1169.823744 -1169.824998 -1169.826080 -1169.826921 -1169.827562 -1169.828053 -1169.828435 -1169.828738 -1169.828983 -1169.829187 -1169.829368 -1169.829545 -1169.829740 -1169.829984 -1169.830320 -1169.830817 -1169.831579 -1169.832777 -1169.834689 -1169.837791 -1169.842910 -1169.851533 -1169.866441 -1169.892974 -1169.941654 -1170.033537 -1170.211466 -1170.565517 -1171.298306 -1172.911520 -1176.745810 -1186.488270 -1213.195418 -9999.0 -9999.0
-9999.0 -9999.0 939.208664 846.500835 753.142504 658.863101 564.082640 469.075629 373.992765 278.915948 183.890169 88.940125 -5.914383 -100.649592 -195.259313 -289.730292 -384.066153 -478.203958 -571.753279 -664.004499 -754.997590 -844.146451 -930.754491 -1005.588225 -1059.698666 -1099.086156 -1125.987738 -1143.427066 -1154.270499 -1160.788109 -1164.600775 -1166.783536 -1168.013356 -1168.700070 -1169.083562 -1169.302984 -1169.445670 -1169.594026 -1169.979658 -1172.076076 -1185.076936 -1277.579254 -2030.091410 -4022.453571 -4034.652992 -4034.653464 -4034.653392 -4034.652307 -4034.645881 -4034.621215 -4034.544032 -4034.290780 -4033.830691 -4033.195720 -4032.080182 -4029.782650 -4024.402623 -4010.640340 -3974.474778 -3884.719275 -3662.922748 -1754.758206 -1241.833601 -1179.649041 -1171.108250 -1169.997250 -1169.847730 -1169.825462 -1169.822898 -1169.823744 -1169.824998 -1169.826080 -1169.826921 -1169.827562 -1169.828053 -1169.828435 -1169.828738 -1169.828983 -1169.829187 -1169.829368 -1169.829545 -1169.829740 -1169.829984 -1169.830320 -1169.830817 -1169.831579 -1169.832777 -1169.834689 -1169.837791 -1169.842910 -1169.851533 -1169.866441 -1169.892974 -1169.941654 -1170.033537 -1170.211466 -1170.565517 -1171.298306 -1172.911520 -1176.745810 -1186.488270 -1213.195418 -9999.0 -9999.0
-9999.0 -9999.0 939.207302 846.500103 753.142195 658.862983 564.082597 469.075613 373.992759 278.915946 183.890169 88.940124 -5.914383 -100.649592 -195.259313 -289.730292 -384.066153 -478.203958 -571.753279 -664.004499 -754.997590 -844.146451 -930.754491 -1005.588225 -1059.698666 -1099.086156 -1125.987738 -1143.427066 -1154.270499 -1160.788109 -1164.600775 -1166.783536 -1168.013356 -1168.700070 -1169.083562 -1169.302984 -1169.445670 -1169.594026 -1169.979658 -1172.076076 -1185.076936 -1277.579254 -2030.091410 -4022.453571 -4034.652992 -4034.653464 -4034.653392 -4034.652307 -4034.645881 -4034.621215 -4034.544032 -4034.290780 -4033.830691 -4033.195720 -4032.080182 -4029.782650 -4024.402623 -4010.640340 -3974.474778 -3884.719275 -3662.922749 -1754.758206 -1241.833601 -1179.649041 -1171.108250 -1169.997250 -1169.847730 -1169.825462 -1169.822898 -1169.823744 -1169.824998 -1169.826080 -1169.826921 -1169.827562 -1169.828053 -1169.828435 -1169.828738 -1169.828983 -1169.829187 -1169.829368 -1169.829545 -1169.829740 -1169.829984 -1169.830320 -1169.830817 -1169.831579 -1169.832777 -1169.834689 -1169.837791 -1169.842910 -1169.851533 -1169.866441 -1169.892974 -1169.941654 -1170.033537 -1170.211466 -1170.565517 -1171.298306 -1172.911520 -1176.745810 -1186.488270 -1213.195418 -9999.0 -9999.0
-9999.0 -9999.0 939.203673 846.498728 753.141746 658.862836 564.082548 469.075596 373.992753 278.915944 183.890168 88.940124 -5.914383 -100.649591 -195.259313 -289.730291 -384.066153 -478.203957 -571.753279 -664.004499 -754.997589 -844.146450 -930.754491 -1005.588225 -1059.698666 -1099.086156 -1125.987737 -1143.427065 -1154.270499 -1160.788109 -1164.600775 -1166.783536 -1168.013356 -1168.700070 -1169.083562 -1169.302984 -1169.445670 -1169.594026 -1169.979658 -1172.076076 -1185.076936 -1277.579254 -2030.091410 -4022.453571 -4034.652992 -4034.653464 -4034.653392 -4034.652307 -4034.645881 -4034.621215 -4034.544032 -4034.290780 -4033.830691 -4033.195720 -4032.080182 -4029.782651 -4024.402623 -4010.640340 -3974.474778 -3884.719276 -3662.922750 -1754.758206 -1241.833601 -1179.649041 -1171.108250 -1169.997250 -1169.847730 -1169.825462 -1169.822898 -1169.823744 -1169.824998 -1169.826080 -1169.826921 -1169.827562 -1169.828053 -1169.828435 -1169.828738 -1169.828983 -1169.829187 -1169.829368 -1169.829545 -1169.829740 -1169.829984 -1169.830320 -1169.830817 -1169.831579 -1169.832777 -1169.834689 -1169.837791 -1169.842910 -1169.851533 -1169.866441 -1169.892974 -1169.941654 -1170.033537 -1170.211466 -1170.565517 -1171.298306 -1172.911520 -1176.745810 -1186.488270 -1213.195418 -9999.0 -9999.0
-9999.0 -9999.0 -9999.0 -9999.0 -9999.0 -9999.0 -9999.0 -9999.0 -9999.0 -9999.0 -9999.0 -9999.0 -9999.0 -9999.0 -9999.0 -9999.0 -9999.0 -9999.0 -9999.0 -9999.0 -9999.0 -9999.0 -9999.0 -9999.0 -9999.0 -9999.0 -9999.0 -9999.0 -9999.0 -9999.0 -9999.0 -9999.0 -9999.0 -9999.0 -9999.0 -9999.0 -9999.0 -9999.0 -9999.0 -9999.0 -9999.0 -9999.0 -9999.0 -9999.0 -9999.0 -9999.0 -9999.0 -9999.0 -9999.0 -9999.0 -9999.0 -9999.0 -9999.0 -9999.0 -9999.0 -9999.0 -9999.0 -9999.0 -9999.0 -9999.0 -9999.0 -9999.0 -9999.0 -9999.0 -9999.0 -9999.0 -9999.0 -9999.0 -9999.0 -9999.0 -9999.0 -9999.0 -9999.0 -9999.0 -9999.0 -9999.0 -9999.0 -9999.0 -9999.0 -9999.0 -9999.0 -9999.0 -9999.0 -9999.0 -9999.0 -9999.0 -9999.0 -9999.0 -9999.0 -9999.0 -9999.0 -9999.0 -9999.0 -9999.0 -9999.0 -9999.0 -9999.0 -9999.0 -9999.0 -9999.0 -9999.0 -9999.0 -9999.0 -9999.0
-9999.0 -9999.0 -9999.0 -9999.0 -9999.0 -9999.0 -9999.0 -9999.0 -9999.0 -9999.0 -9999.0 -9999.0 -9999.0 -9999.0 -9999.0 -9999.0 -9999.0 -9999.0 -9999.0 -9999.0 -9999.0 -9999.0 -9999.0 -9999.0 -9999.0 -9999.0 -9999.0 -9999.0 -9999.0 -9999.0 -9999.0 -9999.0 -9999.0 -9999.0 -9999.0 -9999.0 -9999.0 -9999.0 -9999.0 -9999.0 -9999.0 -9999.0 -9999.0 -9999.0 -9999.0 -9999.0 -9999.0 -9999.0 -9999.0 -9999.0 -9999.0 -9999.0 -9999.0 -9999.0 -9999.0 -9999.0 -9999.0 -9999.0 -9999.0 -9999.0 -9999.0 -9999.0 -9999.0 -9999.0 -9999.0 -9999.0 -9999.0 -9999.0 -9999.0 -9999.0 -9999.0 -9999.0 -9999.0 -9999.0 -9999.0 -9999.0 -9999.0 -9999.0 -9999.0 -9999.0 -9999.0 -9999.0 -9999.0 -9999.0 -9999.0 -9999.0 -9999.0 -9999.0 -9999.0 -9999.0 -9999.0 -9999.0 -9999.0 -9999.0 -9999.0 -9999.0 -9999.0 -9999.0 -9999.0 -9999.0 -9999.0 -9999.0 -9999.0 -9999.0