inst/processing_geotop_simulation/geotop_simulation/out/maps3D/PwL0006N0214.asc
ncols         104
nrows         10
xllcorner     -2.000000
yllcorner     0.000000
cellsize      1.000000
NODATA_value  -9999.0
-9999.0 -9999.0 -9999.0 -9999.0 -9999.0 -9999.0 -9999.0 -9999.0 -9999.0 -9999.0 -9999.0 -9999.0 -9999.0 -9999.0 -9999.0 -9999.0 -9999.0 -9999.0 -9999.0 -9999.0 -9999.0 -9999.0 -9999.0 -9999.0 -9999.0 -9999.0 -9999.0 -9999.0 -9999.0 -9999.0 -9999.0 -9999.0 -9999.0 -9999.0 -9999.0 -9999.0 -9999.0 -9999.0 -9999.0 -9999.0 -9999.0 -9999.0 -9999.0 -9999.0 -9999.0 -9999.0 -9999.0 -9999.0 -9999.0 -9999.0 -9999.0 -9999.0 -9999.0 -9999.0 -9999.0 -9999.0 -9999.0 -9999.0 -9999.0 -9999.0 -9999.0 -9999.0 -9999.0 -9999.0 -9999.0 -9999.0 -9999.0 -9999.0 -9999.0 -9999.0 -9999.0 -9999.0 -9999.0 -9999.0 -9999.0 -9999.0 -9999.0 -9999.0 -9999.0 -9999.0 -9999.0 -9999.0 -9999.0 -9999.0 -9999.0 -9999.0 -9999.0 -9999.0 -9999.0 -9999.0 -9999.0 -9999.0 -9999.0 -9999.0 -9999.0 -9999.0 -9999.0 -9999.0 -9999.0 -9999.0 -9999.0 -9999.0 -9999.0 -9999.0
-9999.0 -9999.0 -9999.0 -9999.0 -9999.0 -9999.0 -9999.0 -9999.0 -9999.0 -9999.0 -9999.0 -9999.0 -9999.0 -9999.0 -9999.0 -9999.0 -9999.0 -9999.0 -9999.0 -9999.0 -9999.0 -9999.0 -9999.0 -9999.0 -9999.0 -9999.0 -9999.0 -9999.0 -9999.0 -9999.0 -9999.0 -9999.0 -9999.0 -9999.0 -9999.0 -9999.0 -9999.0 -9999.0 -9999.0 -9999.0 -9999.0 -9999.0 -9999.0 -9999.0 -9999.0 -9999.0 -9999.0 -9999.0 -9999.0 -9999.0 -9999.0 -9999.0 -9999.0 -9999.0 -9999.0 -9999.0 -9999.0 -9999.0 -9999.0 -9999.0 -9999.0 -9999.0 -9999.0 -9999.0 -9999.0 -9999.0 -9999.0 -9999.0 -9999.0 -9999.0 -9999.0 -9999.0 -9999.0 -9999.0 -9999.0 -9999.0 -9999.0 -9999.0 -9999.0 -9999.0 -9999.0 -9999.0 -9999.0 -9999.0 -9999.0 -9999.0 -9999.0 -9999.0 -9999.0 -9999.0 -9999.0 -9999.0 -9999.0 -9999.0 -9999.0 -9999.0 -9999.0 -9999.0 -9999.0 -9999.0 -9999.0 -9999.0 -9999.0 -9999.0
-9999.0 -9999.0 278.622555 184.735542 88.296301 -9.004367 -106.636099 -204.403492 -302.192154 -399.919604 -497.473647 -594.582486 -690.697956 -786.476928 -881.873424 -977.280771 -1072.585502 -1165.123515 -1255.504166 -1341.760463 -1419.079528 -1483.336803 -1533.195656 -1569.888783 -1595.933592 -1614.013301 -1626.402844 -1634.821917 -1640.500259 -1644.299287 -1646.819732 -1648.478645 -1649.563105 -1650.268294 -1650.725372 -1651.023384 -1651.229887 -1651.427914 -1651.886707 -1653.919557 -1662.001156 -1665.824082 -1112.298969 -1140.429592 -1119.992505 -1107.104643 -1101.110199 -1100.266959 -1100.179977 -1100.190098 -1100.214345 -1100.240312 -1100.265250 -1100.288334 -1100.309694 -1100.333957 -1100.405977 -1100.897380 -1104.038723 -1111.120586 -1121.594776 -1079.932338 -1640.688987 -1656.434959 -1652.790534 -1651.842627 -1651.682304 -1651.657492 -1651.654257 -1651.654585 -1651.655399 -1651.656134 -1651.656711 -1651.657152 -1651.657489 -1651.657750 -1651.657957 -1651.658125 -1651.658264 -1651.658389 -1651.658510 -1651.658646 -1651.658817 -1651.659054 -1651.659405 -1651.659946 -1651.660796 -1651.662157 -1651.664371 -1651.668035 -1651.674231 -1651.684989 -1651.704222 -1651.739644 -1651.806694 -1651.936766 -1652.195648 -1652.729342 -1653.889464 -1656.605005 -1663.680350 -1685.919405 -9999.0 -9999.0
-9999.0 -9999.0 278.631475 184.737596 88.296838 -9.004209 -106.636049 -204.403475 -302.192148 -399.919602 -497.473646 -594.582485 -690.697956 -786.476928 -881.873424 -977.280771 -1072.585502 -1165.123516 -1255.504166 -1341.760464 -1419.079528 -1483.336803 -1533.195656 -1569.888783 -1595.933592 -1614.013301 -1626.402844 -1634.821917 -1640.500259 -1644.299287 -1646.819732 -1648.478645 -1649.563105 -1650.268294 -1650.725372 -1651.023384 -1651.229887 -1651.427914 -1651.886707 -1653.919557 -1662.001156 -1665.824082 -1112.298969 -1140.429592 -1119.992505 -1107.104642 -1101.110199 -1100.266959 -1100.179977 -1100.190098 -1100.214345 -1100.240312 -1100.265250 -1100.288334 -1100.309694 -1100.333957 -1100.405977 -1100.897380 -1104.038723 -1111.120586 -1121.594776 -1079.932338 -1640.688987 -1656.434959 -1652.790534 -1651.842627 -1651.682304 -1651.657492 -1651.654257 -1651.654585 -1651.655399 -1651.656134 -1651.656711 -1651.657152 -1651.657489 -1651.657750 -1651.657957 -1651.658125 -1651.658264 -1651.658389 -1651.658510 -1651.658646 -1651.658817 -1651.659054 -1651.659405 -1651.659946 -1651.660796 -1651.662157 -1651.664371 -1651.668035 -1651.674231 -1651.684989 -1651.704222 -1651.739644 -1651.806694 -1651.936766 -1652.195648 -1652.729342 -1653.889464 -1656.605005 -1663.680350 -1685.919405 -9999.0 -9999.0
-9999.0 -9999.0 278.633020 184.738454 88.297179 -9.004085 -106.636005 -204.403460 -302.192143 -399.919599 -497.473645 -594.582485 -690.697956 -786.476928 -881.873424 -977.280771 -1072.585502 -1165.123516 -1255.504166 -1341.760464 -1419.079528 -1483.336803 -1533.195656 -1569.888783 -1595.933592 -1614.013301 -1626.402844 -1634.821917 -1640.500259 -1644.299287 -1646.819732 -1648.478645 -1649.563105 -1650.268294 -1650.725372 -1651.023384 -1651.229887 -1651.427914 -1651.886707 -1653.919557 -1662.001156 -1665.824082 -1112.298969 -1140.429592 -1119.992505 -1107.104642 -1101.110199 -1100.266959 -1100.179977 -1100.190098 -1100.214345 -1100.240312 -1100.265250 -1100.288334 -1100.309694 -1100.333957 -1100.405977 -1100.897380 -1104.038723 -1111.120586 -1121.594776 -1079.932338 -1640.688987 -1656.434959 -1652.790534 -1651.842627 -1651.682304 -1651.657492 -1651.654257 -1651.654585 -1651.655399 -1651.656134 -1651.656711 -1651.657152 -1651.657489 -1651.657750 -1651.657957 -1651.658125 -1651.658264 -1651.658389 -1651.658510 -1651.658646 -1651.658817 -1651.659054 -1651.659405 -1651.659946 -1651.660796 -1651.662157 -1651.664371 -1651.668035 -1651.674231 -1651.684989 -1651.704222 -1651.739644 -1651.806694 -1651.936766 -1652.195648 -1652.729342 -1653.889464 -1656.605005 -1663.680350 -1685.919405 -9999.0 -9999.0
-9999.0 -9999.0 278.633020 184.738454 88.297179 -9.004085 -106.636005 -204.403460 -302.192143 -399.919599 -497.473645 -594.582485 -690.697956 -786.476928 -881.873424 -977.280771 -1072.585502 -1165.123516 -1255.504166 -1341.760464 -1419.079528 -1483.336803 -1533.195656 -1569.888783 -1595.933592 -1614.013301 -1626.402844 -1634.821917 -1640.500259 -1644.299287 -1646.819732 -1648.478645 -1649.563105 -1650.268294 -1650.725372 -1651.023384 -1651.229887 -1651.427914 -1651.886707 -1653.919557 -1662.001156 -1665.824082 -1112.298969 -1140.429592 -1119.992505 -1107.104642 -1101.110199 -1100.266959 -1100.179977 -1100.190098 -1100.214345 -1100.240312 -1100.265250 -1100.288334 -1100.309694 -1100.333957 -1100.405977 -1100.897380 -1104.038723 -1111.120586 -1121.594776 -1079.932338 -1640.688987 -1656.434959 -1652.790534 -1651.842627 -1651.682304 -1651.657492 -1651.654257 -1651.654585 -1651.655399 -1651.656134 -1651.656711 -1651.657152 -1651.657489 -1651.657750 -1651.657957 -1651.658125 -1651.658264 -1651.658389 -1651.658510 -1651.658646 -1651.658817 -1651.659054 -1651.659405 -1651.659946 -1651.660796 -1651.662157 -1651.664371 -1651.668035 -1651.674231 -1651.684989 -1651.704222 -1651.739644 -1651.806694 -1651.936766 -1652.195648 -1652.729342 -1653.889464 -1656.605005 -1663.680350 -1685.919405 -9999.0 -9999.0
-9999.0 -9999.0 278.631475 184.737596 88.296838 -9.004209 -106.636049 -204.403475 -302.192148 -399.919602 -497.473646 -594.582485 -690.697956 -786.476928 -881.873424 -977.280771 -1072.585502 -1165.123516 -1255.504166 -1341.760464 -1419.079528 -1483.336803 -1533.195656 -1569.888783 -1595.933592 -1614.013301 -1626.402844 -1634.821917 -1640.500259 -1644.299287 -1646.819732 -1648.478645 -1649.563105 -1650.268294 -1650.725372 -1651.023384 -1651.229887 -1651.427914 -1651.886707 -1653.919557 -1662.001156 -1665.824082 -1112.298969 -1140.429592 -1119.992505 -1107.104642 -1101.110199 -1100.266959 -1100.179977 -1100.190098 -1100.214345 -1100.240312 -1100.265250 -1100.288334 -1100.309694 -1100.333957 -1100.405977 -1100.897380 -1104.038723 -1111.120586 -1121.594776 -1079.932338 -1640.688987 -1656.434959 -1652.790534 -1651.842627 -1651.682304 -1651.657492 -1651.654257 -1651.654585 -1651.655399 -1651.656134 -1651.656711 -1651.657152 -1651.657489 -1651.657750 -1651.657957 -1651.658125 -1651.658264 -1651.658389 -1651.658510 -1651.658646 -1651.658817 -1651.659054 -1651.659405 -1651.659946 -1651.660796 -1651.662157 -1651.664371 -1651.668035 -1651.674231 -1651.684989 -1651.704222 -1651.739644 -1651.806694 -1651.936766 -1652.195648 -1652.729342 -1653.889464 -1656.605005 -1663.680350 -1685.919405 -9999.0 -9999.0
-9999.0 -9999.0 278.622555 184.735542 88.296301 -9.004367 -106.636099 -204.403492 -302.192154 -399.919604 -497.473647 -594.582486 -690.697956 -786.476928 -881.873424 -977.280771 -1072.585502 -1165.123515 -1255.504166 -1341.760463 -1419.079528 -1483.336803 -1533.195656 -1569.888783 -1595.933592 -1614.013301 -1626.402844 -1634.821917 -1640.500259 -1644.299287 -1646.819732 -1648.478645 -1649.563105 -1650.268294 -1650.725372 -1651.023384 -1651.229887 -1651.427914 -1651.886707 -1653.919557 -1662.001156 -1665.824082 -1112.298969 -1140.429592 -1119.992505 -1107.104643 -1101.110199 -1100.266959 -1100.179977 -1100.190098 -1100.214345 -1100.240312 -1100.265250 -1100.288334 -1100.309694 -1100.333957 -1100.405977 -1100.897380 -1104.038723 -1111.120586 -1121.594776 -1079.932338 -1640.688987 -1656.434959 -1652.790534 -1651.842627 -1651.682304 -1651.657492 -1651.654257 -1651.654585 -1651.655399 -1651.656134 -1651.656711 -1651.657152 -1651.657489 -1651.657750 -1651.657957 -1651.658125 -1651.658264 -1651.658389 -1651.658510 -1651.658646 -1651.658817 -1651.659054 -1651.659405 -1651.659946 -1651.660796 -1651.662157 -1651.664371 -1651.668035 -1651.674231 -1651.684989 -1651.704222 -1651.739644 -1651.806694 -1651.936766 -1652.195648 -1652.729342 -1653.889464 -1656.605005 -1663.680350 -1685.919405 -9999.0 -9999.0
-9999.0 -9999.0 -9999.0 -9999.0 -9999.0 -9999.0 -9999.0 -9999.0 -9999.0 -9999.0 -9999.0 -9999.0 -9999.0 -9999.0 -9999.0 -9999.0 -9999.0 -9999.0 -9999.0 -9999.0 -9999.0 -9999.0 -9999.0 -9999.0 -9999.0 -9999.0 -9999.0 -9999.0 -9999.0 -9999.0 -9999.0 -9999.0 -9999.0 -9999.0 -9999.0 -9999.0 -9999.0 -9999.0 -9999.0 -9999.0 -9999.0 -9999.0 -9999.0 -9999.0 -9999.0 -9999.0 -9999.0 -9999.0 -9999.0 -9999.0 -9999.0 -9999.0 -9999.0 -9999.0 -9999.0 -9999.0 -9999.0 -9999.0 -9999.0 -9999.0 -9999.0 -9999.0 -9999.0 -9999.0 -9999.0 -9999.0 -9999.0 -9999.0 -9999.0 -9999.0 -9999.0 -9999.0 -9999.0 -9999.0 -9999.0 -9999.0 -9999.0 -9999.0 -9999.0 -9999.0 -9999.0 -9999.0 -9999.0 -9999.0 -9999.0 -9999.0 -9999.0 -9999.0 -9999.0 -9999.0 -9999.0 -9999.0 -9999.0 -9999.0 -9999.0 -9999.0 -9999.0 -9999.0 -9999.0 -9999.0 -9999.0 -9999.0 -9999.0 -9999.0
-9999.0 -9999.0 -9999.0 -9999.0 -9999.0 -9999.0 -9999.0 -9999.0 -9999.0 -9999.0 -9999.0 -9999.0 -9999.0 -9999.0 -9999.0 -9999.0 -9999.0 -9999.0 -9999.0 -9999.0 -9999.0 -9999.0 -9999.0 -9999.0 -9999.0 -9999.0 -9999.0 -9999.0 -9999.0 -9999.0 -9999.0 -9999.0 -9999.0 -9999.0 -9999.0 -9999.0 -9999.0 -9999.0 -9999.0 -9999.0 -9999.0 -9999.0 -9999.0 -9999.0 -9999.0 -9999.0 -9999.0 -9999.0 -9999.0 -9999.0 -9999.0 -9999.0 -9999.0 -9999.0 -9999.0 -9999.0 -9999.0 -9999.0 -9999.0 -9999.0 -9999.0 -9999.0 -9999.0 -9999.0 -9999.0 -9999.0 -9999.0 -9999.0 -9999.0 -9999.0 -9999.0 -9999.0 -9999.0 -9999.0 -9999.0 -9999.0 -9999.0 -9999.0 -9999.0 -9999.0 -9999.0 -9999.0 -9999.0 -9999.0 -9999.0 -9999.0 -9999.0 -9999.0 -9999.0 -9999.0 -9999.0 -9999.0 -9999.0 -9999.0 -9999.0 -9999.0 -9999.0 -9999.0 -9999.0 -9999.0 -9999.0 -9999.0 -9999.0 -9999.0