inst/processing_geotop_simulation/geotop_simulation/out/maps3D/PwL0009N0475.asc
ncols         104
nrows         10
xllcorner     -2.000000
yllcorner     0.000000
cellsize      1.000000
NODATA_value  -9999.0
-9999.0 -9999.0 -9999.0 -9999.0 -9999.0 -9999.0 -9999.0 -9999.0 -9999.0 -9999.0 -9999.0 -9999.0 -9999.0 -9999.0 -9999.0 -9999.0 -9999.0 -9999.0 -9999.0 -9999.0 -9999.0 -9999.0 -9999.0 -9999.0 -9999.0 -9999.0 -9999.0 -9999.0 -9999.0 -9999.0 -9999.0 -9999.0 -9999.0 -9999.0 -9999.0 -9999.0 -9999.0 -9999.0 -9999.0 -9999.0 -9999.0 -9999.0 -9999.0 -9999.0 -9999.0 -9999.0 -9999.0 -9999.0 -9999.0 -9999.0 -9999.0 -9999.0 -9999.0 -9999.0 -9999.0 -9999.0 -9999.0 -9999.0 -9999.0 -9999.0 -9999.0 -9999.0 -9999.0 -9999.0 -9999.0 -9999.0 -9999.0 -9999.0 -9999.0 -9999.0 -9999.0 -9999.0 -9999.0 -9999.0 -9999.0 -9999.0 -9999.0 -9999.0 -9999.0 -9999.0 -9999.0 -9999.0 -9999.0 -9999.0 -9999.0 -9999.0 -9999.0 -9999.0 -9999.0 -9999.0 -9999.0 -9999.0 -9999.0 -9999.0 -9999.0 -9999.0 -9999.0 -9999.0 -9999.0 -9999.0 -9999.0 -9999.0 -9999.0 -9999.0
-9999.0 -9999.0 -9999.0 -9999.0 -9999.0 -9999.0 -9999.0 -9999.0 -9999.0 -9999.0 -9999.0 -9999.0 -9999.0 -9999.0 -9999.0 -9999.0 -9999.0 -9999.0 -9999.0 -9999.0 -9999.0 -9999.0 -9999.0 -9999.0 -9999.0 -9999.0 -9999.0 -9999.0 -9999.0 -9999.0 -9999.0 -9999.0 -9999.0 -9999.0 -9999.0 -9999.0 -9999.0 -9999.0 -9999.0 -9999.0 -9999.0 -9999.0 -9999.0 -9999.0 -9999.0 -9999.0 -9999.0 -9999.0 -9999.0 -9999.0 -9999.0 -9999.0 -9999.0 -9999.0 -9999.0 -9999.0 -9999.0 -9999.0 -9999.0 -9999.0 -9999.0 -9999.0 -9999.0 -9999.0 -9999.0 -9999.0 -9999.0 -9999.0 -9999.0 -9999.0 -9999.0 -9999.0 -9999.0 -9999.0 -9999.0 -9999.0 -9999.0 -9999.0 -9999.0 -9999.0 -9999.0 -9999.0 -9999.0 -9999.0 -9999.0 -9999.0 -9999.0 -9999.0 -9999.0 -9999.0 -9999.0 -9999.0 -9999.0 -9999.0 -9999.0 -9999.0 -9999.0 -9999.0 -9999.0 -9999.0 -9999.0 -9999.0 -9999.0 -9999.0
-9999.0 -9999.0 422.575262 323.829065 224.651600 125.288486 25.848948 -73.619641 -173.097741 -272.574102 -372.037612 -471.473009 -570.851069 -670.115616 -769.303079 -868.508625 -967.652218 -1066.729206 -1165.525645 -1263.598354 -1360.454589 -1454.836344 -1544.643576 -1627.237402 -1700.199385 -1762.028504 -1812.408760 -1852.055176 -1882.342499 -1904.918645 -1921.414871 -1933.277888 -1941.701807 -1947.624357 -1951.756771 -1954.628344 -1956.642891 -1958.178182 -1959.819189 -1962.538566 -1963.352749 -1915.854297 -1293.162961 -1385.062771 -1357.342680 -1338.505692 -1329.789270 -1328.497691 -1328.359606 -1328.370835 -1328.403216 -1328.438160 -1328.471755 -1328.502872 -1328.531844 -1328.566366 -1328.678716 -1329.440233 -1334.028601 -1344.244331 -1354.682856 -1248.921587 -1882.095674 -1956.700612 -1961.631912 -1961.230983 -1961.010843 -1960.959383 -1960.950109 -1960.948958 -1960.949174 -1960.949548 -1960.949883 -1960.950156 -1960.950379 -1960.950565 -1960.950725 -1960.950865 -1960.950993 -1960.951116 -1960.951241 -1960.951376 -1960.951534 -1960.951734 -1960.952004 -1960.952387 -1960.952956 -1960.953833 -1960.955231 -1960.957527 -1960.961423 -1960.968259 -1960.980667 -1961.003946 -1961.049071 -1961.139733 -1961.330145 -1961.753712 -1962.766556 -1965.414129 -1973.125043 -1998.509967 -9999.0 -9999.0
-9999.0 -9999.0 422.581030 323.830598 224.652019 125.288611 25.848988 -73.619627 -173.097736 -272.574100 -372.037611 -471.473008 -570.851069 -670.115616 -769.303078 -868.508625 -967.652218 -1066.729206 -1165.525645 -1263.598355 -1360.454589 -1454.836344 -1544.643576 -1627.237403 -1700.199385 -1762.028504 -1812.408761 -1852.055176 -1882.342499 -1904.918645 -1921.414871 -1933.277888 -1941.701807 -1947.624357 -1951.756771 -1954.628344 -1956.642891 -1958.178182 -1959.819189 -1962.538566 -1963.352749 -1915.854297 -1293.162961 -1385.062771 -1357.342680 -1338.505692 -1329.789270 -1328.497691 -1328.359606 -1328.370835 -1328.403216 -1328.438160 -1328.471755 -1328.502872 -1328.531844 -1328.566366 -1328.678716 -1329.440233 -1334.028601 -1344.244331 -1354.682856 -1248.921587 -1882.095674 -1956.700612 -1961.631912 -1961.230982 -1961.010843 -1960.959383 -1960.950109 -1960.948958 -1960.949174 -1960.949548 -1960.949882 -1960.950156 -1960.950379 -1960.950565 -1960.950725 -1960.950865 -1960.950993 -1960.951116 -1960.951241 -1960.951376 -1960.951534 -1960.951734 -1960.952004 -1960.952387 -1960.952956 -1960.953833 -1960.955231 -1960.957527 -1960.961423 -1960.968259 -1960.980667 -1961.003946 -1961.049071 -1961.139733 -1961.330144 -1961.753712 -1962.766556 -1965.414129 -1973.125043 -1998.509967 -9999.0 -9999.0
-9999.0 -9999.0 422.582307 323.831274 224.652290 125.288711 25.849024 -73.619614 -173.097731 -272.574098 -372.037610 -471.473008 -570.851068 -670.115616 -769.303078 -868.508625 -967.652218 -1066.729206 -1165.525645 -1263.598355 -1360.454589 -1454.836344 -1544.643577 -1627.237403 -1700.199385 -1762.028504 -1812.408761 -1852.055176 -1882.342499 -1904.918645 -1921.414871 -1933.277888 -1941.701807 -1947.624357 -1951.756771 -1954.628344 -1956.642891 -1958.178182 -1959.819189 -1962.538566 -1963.352749 -1915.854297 -1293.162961 -1385.062771 -1357.342680 -1338.505692 -1329.789270 -1328.497691 -1328.359606 -1328.370835 -1328.403216 -1328.438160 -1328.471755 -1328.502872 -1328.531844 -1328.566366 -1328.678716 -1329.440233 -1334.028601 -1344.244331 -1354.682856 -1248.921587 -1882.095674 -1956.700612 -1961.631912 -1961.230982 -1961.010843 -1960.959383 -1960.950109 -1960.948958 -1960.949174 -1960.949548 -1960.949882 -1960.950156 -1960.950379 -1960.950565 -1960.950725 -1960.950865 -1960.950993 -1960.951116 -1960.951241 -1960.951376 -1960.951534 -1960.951734 -1960.952004 -1960.952387 -1960.952956 -1960.953833 -1960.955231 -1960.957527 -1960.961423 -1960.968259 -1960.980667 -1961.003946 -1961.049071 -1961.139733 -1961.330144 -1961.753712 -1962.766556 -1965.414129 -1973.125043 -1998.509967 -9999.0 -9999.0
-9999.0 -9999.0 422.582307 323.831274 224.652290 125.288711 25.849024 -73.619614 -173.097731 -272.574098 -372.037610 -471.473008 -570.851068 -670.115616 -769.303078 -868.508625 -967.652218 -1066.729206 -1165.525645 -1263.598355 -1360.454589 -1454.836344 -1544.643577 -1627.237403 -1700.199385 -1762.028504 -1812.408761 -1852.055176 -1882.342499 -1904.918645 -1921.414871 -1933.277888 -1941.701807 -1947.624357 -1951.756771 -1954.628344 -1956.642891 -1958.178182 -1959.819189 -1962.538566 -1963.352749 -1915.854297 -1293.162961 -1385.062771 -1357.342680 -1338.505692 -1329.789270 -1328.497691 -1328.359606 -1328.370835 -1328.403216 -1328.438160 -1328.471755 -1328.502872 -1328.531844 -1328.566366 -1328.678716 -1329.440233 -1334.028601 -1344.244331 -1354.682856 -1248.921587 -1882.095674 -1956.700612 -1961.631912 -1961.230982 -1961.010843 -1960.959383 -1960.950109 -1960.948958 -1960.949174 -1960.949548 -1960.949882 -1960.950156 -1960.950379 -1960.950565 -1960.950725 -1960.950865 -1960.950993 -1960.951116 -1960.951241 -1960.951376 -1960.951534 -1960.951734 -1960.952004 -1960.952387 -1960.952956 -1960.953833 -1960.955231 -1960.957527 -1960.961423 -1960.968259 -1960.980667 -1961.003946 -1961.049071 -1961.139733 -1961.330144 -1961.753712 -1962.766556 -1965.414129 -1973.125043 -1998.509967 -9999.0 -9999.0
-9999.0 -9999.0 422.581030 323.830598 224.652019 125.288611 25.848988 -73.619627 -173.097736 -272.574100 -372.037611 -471.473008 -570.851069 -670.115616 -769.303079 -868.508625 -967.652218 -1066.729206 -1165.525645 -1263.598355 -1360.454589 -1454.836344 -1544.643576 -1627.237403 -1700.199385 -1762.028504 -1812.408761 -1852.055176 -1882.342499 -1904.918645 -1921.414871 -1933.277888 -1941.701807 -1947.624357 -1951.756771 -1954.628344 -1956.642891 -1958.178182 -1959.819189 -1962.538566 -1963.352749 -1915.854297 -1293.162961 -1385.062771 -1357.342680 -1338.505692 -1329.789270 -1328.497691 -1328.359606 -1328.370835 -1328.403216 -1328.438160 -1328.471755 -1328.502872 -1328.531844 -1328.566366 -1328.678716 -1329.440233 -1334.028601 -1344.244331 -1354.682856 -1248.921587 -1882.095674 -1956.700612 -1961.631912 -1961.230982 -1961.010843 -1960.959383 -1960.950109 -1960.948958 -1960.949174 -1960.949548 -1960.949882 -1960.950156 -1960.950379 -1960.950565 -1960.950725 -1960.950865 -1960.950993 -1960.951116 -1960.951241 -1960.951376 -1960.951534 -1960.951734 -1960.952004 -1960.952387 -1960.952956 -1960.953833 -1960.955231 -1960.957527 -1960.961423 -1960.968259 -1960.980667 -1961.003946 -1961.049071 -1961.139733 -1961.330144 -1961.753712 -1962.766556 -1965.414129 -1973.125043 -1998.509967 -9999.0 -9999.0
-9999.0 -9999.0 422.575262 323.829065 224.651600 125.288486 25.848948 -73.619641 -173.097741 -272.574102 -372.037612 -471.473009 -570.851069 -670.115616 -769.303079 -868.508625 -967.652218 -1066.729206 -1165.525645 -1263.598354 -1360.454589 -1454.836344 -1544.643576 -1627.237402 -1700.199385 -1762.028504 -1812.408760 -1852.055176 -1882.342499 -1904.918645 -1921.414871 -1933.277888 -1941.701807 -1947.624357 -1951.756771 -1954.628344 -1956.642891 -1958.178182 -1959.819189 -1962.538566 -1963.352749 -1915.854297 -1293.162961 -1385.062771 -1357.342680 -1338.505692 -1329.789270 -1328.497691 -1328.359606 -1328.370835 -1328.403216 -1328.438160 -1328.471755 -1328.502872 -1328.531844 -1328.566366 -1328.678716 -1329.440233 -1334.028601 -1344.244331 -1354.682856 -1248.921587 -1882.095674 -1956.700612 -1961.631912 -1961.230983 -1961.010843 -1960.959383 -1960.950109 -1960.948958 -1960.949174 -1960.949548 -1960.949883 -1960.950156 -1960.950379 -1960.950565 -1960.950725 -1960.950865 -1960.950993 -1960.951116 -1960.951241 -1960.951376 -1960.951534 -1960.951734 -1960.952004 -1960.952387 -1960.952956 -1960.953833 -1960.955231 -1960.957527 -1960.961423 -1960.968259 -1960.980667 -1961.003946 -1961.049071 -1961.139733 -1961.330145 -1961.753712 -1962.766556 -1965.414129 -1973.125043 -1998.509967 -9999.0 -9999.0
-9999.0 -9999.0 -9999.0 -9999.0 -9999.0 -9999.0 -9999.0 -9999.0 -9999.0 -9999.0 -9999.0 -9999.0 -9999.0 -9999.0 -9999.0 -9999.0 -9999.0 -9999.0 -9999.0 -9999.0 -9999.0 -9999.0 -9999.0 -9999.0 -9999.0 -9999.0 -9999.0 -9999.0 -9999.0 -9999.0 -9999.0 -9999.0 -9999.0 -9999.0 -9999.0 -9999.0 -9999.0 -9999.0 -9999.0 -9999.0 -9999.0 -9999.0 -9999.0 -9999.0 -9999.0 -9999.0 -9999.0 -9999.0 -9999.0 -9999.0 -9999.0 -9999.0 -9999.0 -9999.0 -9999.0 -9999.0 -9999.0 -9999.0 -9999.0 -9999.0 -9999.0 -9999.0 -9999.0 -9999.0 -9999.0 -9999.0 -9999.0 -9999.0 -9999.0 -9999.0 -9999.0 -9999.0 -9999.0 -9999.0 -9999.0 -9999.0 -9999.0 -9999.0 -9999.0 -9999.0 -9999.0 -9999.0 -9999.0 -9999.0 -9999.0 -9999.0 -9999.0 -9999.0 -9999.0 -9999.0 -9999.0 -9999.0 -9999.0 -9999.0 -9999.0 -9999.0 -9999.0 -9999.0 -9999.0 -9999.0 -9999.0 -9999.0 -9999.0 -9999.0
-9999.0 -9999.0 -9999.0 -9999.0 -9999.0 -9999.0 -9999.0 -9999.0 -9999.0 -9999.0 -9999.0 -9999.0 -9999.0 -9999.0 -9999.0 -9999.0 -9999.0 -9999.0 -9999.0 -9999.0 -9999.0 -9999.0 -9999.0 -9999.0 -9999.0 -9999.0 -9999.0 -9999.0 -9999.0 -9999.0 -9999.0 -9999.0 -9999.0 -9999.0 -9999.0 -9999.0 -9999.0 -9999.0 -9999.0 -9999.0 -9999.0 -9999.0 -9999.0 -9999.0 -9999.0 -9999.0 -9999.0 -9999.0 -9999.0 -9999.0 -9999.0 -9999.0 -9999.0 -9999.0 -9999.0 -9999.0 -9999.0 -9999.0 -9999.0 -9999.0 -9999.0 -9999.0 -9999.0 -9999.0 -9999.0 -9999.0 -9999.0 -9999.0 -9999.0 -9999.0 -9999.0 -9999.0 -9999.0 -9999.0 -9999.0 -9999.0 -9999.0 -9999.0 -9999.0 -9999.0 -9999.0 -9999.0 -9999.0 -9999.0 -9999.0 -9999.0 -9999.0 -9999.0 -9999.0 -9999.0 -9999.0 -9999.0 -9999.0 -9999.0 -9999.0 -9999.0 -9999.0 -9999.0 -9999.0 -9999.0 -9999.0 -9999.0 -9999.0 -9999.0