inst/processing_geotop_simulation/geotop_simulation/out/maps3D/PwL0005N0043.asc
ncols         104
nrows         10
xllcorner     -2.000000
yllcorner     0.000000
cellsize      1.000000
NODATA_value  -9999.0
-9999.0 -9999.0 -9999.0 -9999.0 -9999.0 -9999.0 -9999.0 -9999.0 -9999.0 -9999.0 -9999.0 -9999.0 -9999.0 -9999.0 -9999.0 -9999.0 -9999.0 -9999.0 -9999.0 -9999.0 -9999.0 -9999.0 -9999.0 -9999.0 -9999.0 -9999.0 -9999.0 -9999.0 -9999.0 -9999.0 -9999.0 -9999.0 -9999.0 -9999.0 -9999.0 -9999.0 -9999.0 -9999.0 -9999.0 -9999.0 -9999.0 -9999.0 -9999.0 -9999.0 -9999.0 -9999.0 -9999.0 -9999.0 -9999.0 -9999.0 -9999.0 -9999.0 -9999.0 -9999.0 -9999.0 -9999.0 -9999.0 -9999.0 -9999.0 -9999.0 -9999.0 -9999.0 -9999.0 -9999.0 -9999.0 -9999.0 -9999.0 -9999.0 -9999.0 -9999.0 -9999.0 -9999.0 -9999.0 -9999.0 -9999.0 -9999.0 -9999.0 -9999.0 -9999.0 -9999.0 -9999.0 -9999.0 -9999.0 -9999.0 -9999.0 -9999.0 -9999.0 -9999.0 -9999.0 -9999.0 -9999.0 -9999.0 -9999.0 -9999.0 -9999.0 -9999.0 -9999.0 -9999.0 -9999.0 -9999.0 -9999.0 -9999.0 -9999.0 -9999.0
-9999.0 -9999.0 -9999.0 -9999.0 -9999.0 -9999.0 -9999.0 -9999.0 -9999.0 -9999.0 -9999.0 -9999.0 -9999.0 -9999.0 -9999.0 -9999.0 -9999.0 -9999.0 -9999.0 -9999.0 -9999.0 -9999.0 -9999.0 -9999.0 -9999.0 -9999.0 -9999.0 -9999.0 -9999.0 -9999.0 -9999.0 -9999.0 -9999.0 -9999.0 -9999.0 -9999.0 -9999.0 -9999.0 -9999.0 -9999.0 -9999.0 -9999.0 -9999.0 -9999.0 -9999.0 -9999.0 -9999.0 -9999.0 -9999.0 -9999.0 -9999.0 -9999.0 -9999.0 -9999.0 -9999.0 -9999.0 -9999.0 -9999.0 -9999.0 -9999.0 -9999.0 -9999.0 -9999.0 -9999.0 -9999.0 -9999.0 -9999.0 -9999.0 -9999.0 -9999.0 -9999.0 -9999.0 -9999.0 -9999.0 -9999.0 -9999.0 -9999.0 -9999.0 -9999.0 -9999.0 -9999.0 -9999.0 -9999.0 -9999.0 -9999.0 -9999.0 -9999.0 -9999.0 -9999.0 -9999.0 -9999.0 -9999.0 -9999.0 -9999.0 -9999.0 -9999.0 -9999.0 -9999.0 -9999.0 -9999.0 -9999.0 -9999.0 -9999.0 -9999.0
-9999.0 -9999.0 -857.816566 -867.609421 -871.260205 -874.850269 -877.987282 -880.211083 -881.551101 -879.597487 -853.241666 -818.415048 -810.019415 -821.757026 -825.785600 -829.422276 -809.538186 -767.684754 -740.114859 -728.770181 -730.268237 -741.050532 -758.052783 -778.537006 -800.015801 -820.394735 -838.092386 -852.235311 -862.722629 -870.024981 -874.858729 -877.932657 -879.825552 -880.957457 -881.609704 -881.958787 -882.127128 -882.331159 -882.849503 -882.493896 -882.085971 -900.689072 -852.105591 -846.801832 -810.448187 -789.189445 -779.439577 -778.244435 -778.130753 -778.158200 -778.208063 -778.260657 -778.311050 -778.357627 -778.400280 -778.444610 -778.548230 -779.237186 -784.358168 -796.225755 -817.249131 -799.790158 -891.416918 -885.728692 -883.558172 -882.855646 -882.701035 -882.679320 -882.684327 -882.693160 -882.700987 -882.707053 -882.711583 -882.714965 -882.717526 -882.719498 -882.721052 -882.722293 -882.723306 -882.724178 -882.724999 -882.725873 -882.726935 -882.728373 -882.730469 -882.733659 -882.738634 -882.746516 -882.759158 -882.779695 -882.813594 -882.870713 -882.969485 -883.145468 -883.468754 -884.078540 -885.249309 -887.512805 -891.881490 -900.300228 -916.746802 -949.806850 -9999.0 -9999.0
-9999.0 -9999.0 -857.816456 -867.609294 -871.260115 -874.850230 -877.987272 -880.211083 -881.551103 -879.597489 -853.241667 -818.415048 -810.019415 -821.757026 -825.785600 -829.422276 -809.538186 -767.684754 -740.114859 -728.770181 -730.268237 -741.050532 -758.052783 -778.537006 -800.015801 -820.394735 -838.092386 -852.235311 -862.722629 -870.024981 -874.858729 -877.932657 -879.825552 -880.957457 -881.609704 -881.958787 -882.127128 -882.331159 -882.849503 -882.493896 -882.085971 -900.689072 -852.105591 -846.801832 -810.448186 -789.189444 -779.439577 -778.244435 -778.130753 -778.158200 -778.208063 -778.260657 -778.311050 -778.357627 -778.400280 -778.444610 -778.548230 -779.237186 -784.358168 -796.225755 -817.249131 -799.790158 -891.416918 -885.728692 -883.558172 -882.855646 -882.701035 -882.679320 -882.684327 -882.693160 -882.700987 -882.707053 -882.711583 -882.714965 -882.717526 -882.719498 -882.721052 -882.722293 -882.723306 -882.724178 -882.724999 -882.725873 -882.726935 -882.728373 -882.730469 -882.733659 -882.738634 -882.746516 -882.759158 -882.779695 -882.813594 -882.870713 -882.969485 -883.145468 -883.468754 -884.078540 -885.249309 -887.512805 -891.881490 -900.300228 -916.746802 -949.806850 -9999.0 -9999.0
-9999.0 -9999.0 -857.816408 -867.609228 -871.260058 -874.850201 -877.987264 -880.211083 -881.551105 -879.597491 -853.241667 -818.415048 -810.019415 -821.757026 -825.785600 -829.422276 -809.538186 -767.684754 -740.114859 -728.770181 -730.268237 -741.050532 -758.052783 -778.537006 -800.015801 -820.394735 -838.092386 -852.235311 -862.722629 -870.024981 -874.858729 -877.932657 -879.825552 -880.957457 -881.609704 -881.958787 -882.127128 -882.331159 -882.849503 -882.493896 -882.085971 -900.689072 -852.105591 -846.801832 -810.448186 -789.189444 -779.439577 -778.244435 -778.130753 -778.158200 -778.208063 -778.260657 -778.311050 -778.357627 -778.400280 -778.444610 -778.548230 -779.237186 -784.358168 -796.225755 -817.249131 -799.790158 -891.416918 -885.728692 -883.558172 -882.855646 -882.701035 -882.679320 -882.684327 -882.693160 -882.700987 -882.707053 -882.711583 -882.714965 -882.717526 -882.719498 -882.721052 -882.722293 -882.723306 -882.724178 -882.724999 -882.725873 -882.726935 -882.728373 -882.730469 -882.733659 -882.738634 -882.746516 -882.759158 -882.779695 -882.813594 -882.870713 -882.969485 -883.145468 -883.468754 -884.078540 -885.249309 -887.512805 -891.881490 -900.300228 -916.746802 -949.806850 -9999.0 -9999.0
-9999.0 -9999.0 -857.816408 -867.609228 -871.260058 -874.850201 -877.987264 -880.211083 -881.551105 -879.597491 -853.241667 -818.415048 -810.019415 -821.757026 -825.785600 -829.422276 -809.538186 -767.684754 -740.114859 -728.770181 -730.268237 -741.050532 -758.052783 -778.537006 -800.015801 -820.394735 -838.092386 -852.235311 -862.722629 -870.024981 -874.858729 -877.932657 -879.825552 -880.957457 -881.609704 -881.958787 -882.127128 -882.331159 -882.849503 -882.493896 -882.085971 -900.689072 -852.105591 -846.801832 -810.448186 -789.189444 -779.439577 -778.244435 -778.130753 -778.158200 -778.208063 -778.260657 -778.311050 -778.357627 -778.400280 -778.444610 -778.548230 -779.237186 -784.358168 -796.225755 -817.249131 -799.790158 -891.416918 -885.728692 -883.558172 -882.855646 -882.701035 -882.679320 -882.684327 -882.693160 -882.700987 -882.707053 -882.711583 -882.714965 -882.717526 -882.719498 -882.721052 -882.722293 -882.723306 -882.724178 -882.724999 -882.725873 -882.726935 -882.728373 -882.730469 -882.733659 -882.738634 -882.746516 -882.759158 -882.779695 -882.813594 -882.870713 -882.969485 -883.145468 -883.468754 -884.078540 -885.249309 -887.512805 -891.881490 -900.300228 -916.746802 -949.806850 -9999.0 -9999.0
-9999.0 -9999.0 -857.816456 -867.609294 -871.260115 -874.850230 -877.987272 -880.211083 -881.551103 -879.597489 -853.241667 -818.415048 -810.019415 -821.757026 -825.785600 -829.422276 -809.538186 -767.684754 -740.114859 -728.770181 -730.268237 -741.050532 -758.052783 -778.537006 -800.015801 -820.394735 -838.092386 -852.235311 -862.722629 -870.024981 -874.858729 -877.932657 -879.825552 -880.957457 -881.609704 -881.958787 -882.127128 -882.331159 -882.849503 -882.493896 -882.085971 -900.689072 -852.105591 -846.801832 -810.448186 -789.189444 -779.439577 -778.244435 -778.130753 -778.158200 -778.208063 -778.260657 -778.311050 -778.357627 -778.400280 -778.444610 -778.548230 -779.237186 -784.358168 -796.225755 -817.249131 -799.790158 -891.416918 -885.728692 -883.558172 -882.855646 -882.701035 -882.679320 -882.684327 -882.693160 -882.700987 -882.707053 -882.711583 -882.714965 -882.717526 -882.719498 -882.721052 -882.722293 -882.723306 -882.724178 -882.724999 -882.725873 -882.726935 -882.728373 -882.730469 -882.733659 -882.738634 -882.746516 -882.759158 -882.779695 -882.813594 -882.870713 -882.969485 -883.145468 -883.468754 -884.078540 -885.249309 -887.512805 -891.881490 -900.300228 -916.746802 -949.806850 -9999.0 -9999.0
-9999.0 -9999.0 -857.816566 -867.609421 -871.260205 -874.850269 -877.987282 -880.211083 -881.551101 -879.597487 -853.241666 -818.415048 -810.019415 -821.757026 -825.785600 -829.422276 -809.538186 -767.684754 -740.114859 -728.770181 -730.268237 -741.050532 -758.052783 -778.537006 -800.015801 -820.394735 -838.092386 -852.235311 -862.722629 -870.024981 -874.858729 -877.932657 -879.825552 -880.957457 -881.609704 -881.958787 -882.127128 -882.331159 -882.849503 -882.493896 -882.085971 -900.689072 -852.105591 -846.801832 -810.448187 -789.189445 -779.439577 -778.244435 -778.130753 -778.158200 -778.208063 -778.260657 -778.311050 -778.357627 -778.400280 -778.444610 -778.548230 -779.237186 -784.358168 -796.225755 -817.249131 -799.790158 -891.416918 -885.728692 -883.558172 -882.855646 -882.701035 -882.679320 -882.684327 -882.693160 -882.700987 -882.707053 -882.711583 -882.714965 -882.717526 -882.719498 -882.721052 -882.722293 -882.723306 -882.724178 -882.724999 -882.725873 -882.726935 -882.728373 -882.730469 -882.733659 -882.738634 -882.746516 -882.759158 -882.779695 -882.813594 -882.870713 -882.969485 -883.145468 -883.468754 -884.078540 -885.249309 -887.512805 -891.881490 -900.300228 -916.746802 -949.806850 -9999.0 -9999.0
-9999.0 -9999.0 -9999.0 -9999.0 -9999.0 -9999.0 -9999.0 -9999.0 -9999.0 -9999.0 -9999.0 -9999.0 -9999.0 -9999.0 -9999.0 -9999.0 -9999.0 -9999.0 -9999.0 -9999.0 -9999.0 -9999.0 -9999.0 -9999.0 -9999.0 -9999.0 -9999.0 -9999.0 -9999.0 -9999.0 -9999.0 -9999.0 -9999.0 -9999.0 -9999.0 -9999.0 -9999.0 -9999.0 -9999.0 -9999.0 -9999.0 -9999.0 -9999.0 -9999.0 -9999.0 -9999.0 -9999.0 -9999.0 -9999.0 -9999.0 -9999.0 -9999.0 -9999.0 -9999.0 -9999.0 -9999.0 -9999.0 -9999.0 -9999.0 -9999.0 -9999.0 -9999.0 -9999.0 -9999.0 -9999.0 -9999.0 -9999.0 -9999.0 -9999.0 -9999.0 -9999.0 -9999.0 -9999.0 -9999.0 -9999.0 -9999.0 -9999.0 -9999.0 -9999.0 -9999.0 -9999.0 -9999.0 -9999.0 -9999.0 -9999.0 -9999.0 -9999.0 -9999.0 -9999.0 -9999.0 -9999.0 -9999.0 -9999.0 -9999.0 -9999.0 -9999.0 -9999.0 -9999.0 -9999.0 -9999.0 -9999.0 -9999.0 -9999.0 -9999.0
-9999.0 -9999.0 -9999.0 -9999.0 -9999.0 -9999.0 -9999.0 -9999.0 -9999.0 -9999.0 -9999.0 -9999.0 -9999.0 -9999.0 -9999.0 -9999.0 -9999.0 -9999.0 -9999.0 -9999.0 -9999.0 -9999.0 -9999.0 -9999.0 -9999.0 -9999.0 -9999.0 -9999.0 -9999.0 -9999.0 -9999.0 -9999.0 -9999.0 -9999.0 -9999.0 -9999.0 -9999.0 -9999.0 -9999.0 -9999.0 -9999.0 -9999.0 -9999.0 -9999.0 -9999.0 -9999.0 -9999.0 -9999.0 -9999.0 -9999.0 -9999.0 -9999.0 -9999.0 -9999.0 -9999.0 -9999.0 -9999.0 -9999.0 -9999.0 -9999.0 -9999.0 -9999.0 -9999.0 -9999.0 -9999.0 -9999.0 -9999.0 -9999.0 -9999.0 -9999.0 -9999.0 -9999.0 -9999.0 -9999.0 -9999.0 -9999.0 -9999.0 -9999.0 -9999.0 -9999.0 -9999.0 -9999.0 -9999.0 -9999.0 -9999.0 -9999.0 -9999.0 -9999.0 -9999.0 -9999.0 -9999.0 -9999.0 -9999.0 -9999.0 -9999.0 -9999.0 -9999.0 -9999.0 -9999.0 -9999.0 -9999.0 -9999.0 -9999.0 -9999.0