inst/processing_geotop_simulation/geotop_simulation/out/maps3D/PwL0017N0278.asc
ncols         104
nrows         10
xllcorner     -2.000000
yllcorner     0.000000
cellsize      1.000000
NODATA_value  -9999.0
-9999.0 -9999.0 -9999.0 -9999.0 -9999.0 -9999.0 -9999.0 -9999.0 -9999.0 -9999.0 -9999.0 -9999.0 -9999.0 -9999.0 -9999.0 -9999.0 -9999.0 -9999.0 -9999.0 -9999.0 -9999.0 -9999.0 -9999.0 -9999.0 -9999.0 -9999.0 -9999.0 -9999.0 -9999.0 -9999.0 -9999.0 -9999.0 -9999.0 -9999.0 -9999.0 -9999.0 -9999.0 -9999.0 -9999.0 -9999.0 -9999.0 -9999.0 -9999.0 -9999.0 -9999.0 -9999.0 -9999.0 -9999.0 -9999.0 -9999.0 -9999.0 -9999.0 -9999.0 -9999.0 -9999.0 -9999.0 -9999.0 -9999.0 -9999.0 -9999.0 -9999.0 -9999.0 -9999.0 -9999.0 -9999.0 -9999.0 -9999.0 -9999.0 -9999.0 -9999.0 -9999.0 -9999.0 -9999.0 -9999.0 -9999.0 -9999.0 -9999.0 -9999.0 -9999.0 -9999.0 -9999.0 -9999.0 -9999.0 -9999.0 -9999.0 -9999.0 -9999.0 -9999.0 -9999.0 -9999.0 -9999.0 -9999.0 -9999.0 -9999.0 -9999.0 -9999.0 -9999.0 -9999.0 -9999.0 -9999.0 -9999.0 -9999.0 -9999.0 -9999.0
-9999.0 -9999.0 -9999.0 -9999.0 -9999.0 -9999.0 -9999.0 -9999.0 -9999.0 -9999.0 -9999.0 -9999.0 -9999.0 -9999.0 -9999.0 -9999.0 -9999.0 -9999.0 -9999.0 -9999.0 -9999.0 -9999.0 -9999.0 -9999.0 -9999.0 -9999.0 -9999.0 -9999.0 -9999.0 -9999.0 -9999.0 -9999.0 -9999.0 -9999.0 -9999.0 -9999.0 -9999.0 -9999.0 -9999.0 -9999.0 -9999.0 -9999.0 -9999.0 -9999.0 -9999.0 -9999.0 -9999.0 -9999.0 -9999.0 -9999.0 -9999.0 -9999.0 -9999.0 -9999.0 -9999.0 -9999.0 -9999.0 -9999.0 -9999.0 -9999.0 -9999.0 -9999.0 -9999.0 -9999.0 -9999.0 -9999.0 -9999.0 -9999.0 -9999.0 -9999.0 -9999.0 -9999.0 -9999.0 -9999.0 -9999.0 -9999.0 -9999.0 -9999.0 -9999.0 -9999.0 -9999.0 -9999.0 -9999.0 -9999.0 -9999.0 -9999.0 -9999.0 -9999.0 -9999.0 -9999.0 -9999.0 -9999.0 -9999.0 -9999.0 -9999.0 -9999.0 -9999.0 -9999.0 -9999.0 -9999.0 -9999.0 -9999.0 -9999.0 -9999.0
-9999.0 -9999.0 822.775419 724.923480 626.765085 528.313199 429.712759 331.047171 232.360274 133.675483 35.006234 -63.634140 -162.241780 -260.793294 -359.234686 -457.469015 -555.316998 -652.481759 -749.260855 -846.081908 -942.282033 -1037.604327 -1128.462237 -1209.961811 -1281.950822 -1342.943733 -1392.533946 -1431.338788 -1460.694096 -1482.272323 -1497.763800 -1508.677326 -1516.253062 -1521.452957 -1524.993015 -1527.392852 -1529.033881 -1530.254170 -1531.645379 -1535.138197 -1547.274583 -1592.912176 -1989.458804 -4086.056300 -4133.658682 -4133.663361 -4133.663350 -4133.663248 -4133.662758 -4133.661132 -4133.656648 -4133.643656 -4133.622129 -4133.594195 -4133.547668 -4133.457092 -4133.257785 -4132.776041 -4131.526917 -4128.060611 -4027.950435 -1796.662312 -1553.072705 -1539.155981 -1534.033541 -1532.729324 -1532.479127 -1532.437550 -1532.431468 -1532.431136 -1532.431660 -1532.432212 -1532.432666 -1532.433021 -1532.433300 -1532.433522 -1532.433702 -1532.433854 -1532.433984 -1532.434104 -1532.434223 -1532.434354 -1532.434514 -1532.434728 -1532.435033 -1532.435491 -1532.436198 -1532.437320 -1532.439136 -1532.442144 -1532.447258 -1532.456205 -1532.472350 -1532.502400 -1532.560034 -1532.674089 -1532.908639 -1533.416359 -1534.587893 -1537.495003 -1545.398629 -1570.093737 -9999.0 -9999.0
-9999.0 -9999.0 822.779113 724.924794 626.765499 528.313332 429.712803 331.047187 232.360279 133.675485 35.006235 -63.634139 -162.241780 -260.793294 -359.234686 -457.469015 -555.316998 -652.481759 -749.260855 -846.081908 -942.282033 -1037.604327 -1128.462237 -1209.961811 -1281.950823 -1342.943733 -1392.533946 -1431.338788 -1460.694096 -1482.272323 -1497.763800 -1508.677326 -1516.253062 -1521.452957 -1524.993015 -1527.392852 -1529.033881 -1530.254170 -1531.645379 -1535.138197 -1547.274583 -1592.912176 -1989.458804 -4086.056300 -4133.658682 -4133.663361 -4133.663350 -4133.663248 -4133.662758 -4133.661132 -4133.656648 -4133.643656 -4133.622129 -4133.594195 -4133.547668 -4133.457092 -4133.257785 -4132.776041 -4131.526917 -4128.060611 -4027.950435 -1796.662312 -1553.072705 -1539.155981 -1534.033541 -1532.729324 -1532.479127 -1532.437550 -1532.431468 -1532.431136 -1532.431660 -1532.432212 -1532.432666 -1532.433021 -1532.433300 -1532.433522 -1532.433702 -1532.433854 -1532.433984 -1532.434104 -1532.434223 -1532.434354 -1532.434514 -1532.434728 -1532.435033 -1532.435491 -1532.436198 -1532.437320 -1532.439136 -1532.442144 -1532.447258 -1532.456205 -1532.472350 -1532.502400 -1532.560034 -1532.674089 -1532.908639 -1533.416359 -1534.587893 -1537.495003 -1545.398629 -1570.093737 -9999.0 -9999.0
-9999.0 -9999.0 822.780388 724.925469 626.765780 528.313438 429.712842 331.047201 232.360285 133.675487 35.006236 -63.634139 -162.241780 -260.793294 -359.234686 -457.469015 -555.316998 -652.481759 -749.260855 -846.081908 -942.282033 -1037.604327 -1128.462237 -1209.961811 -1281.950823 -1342.943734 -1392.533947 -1431.338788 -1460.694096 -1482.272323 -1497.763800 -1508.677326 -1516.253062 -1521.452958 -1524.993015 -1527.392852 -1529.033881 -1530.254170 -1531.645379 -1535.138197 -1547.274583 -1592.912176 -1989.458804 -4086.056300 -4133.658682 -4133.663361 -4133.663350 -4133.663248 -4133.662758 -4133.661132 -4133.656648 -4133.643656 -4133.622129 -4133.594195 -4133.547668 -4133.457092 -4133.257785 -4132.776041 -4131.526917 -4128.060611 -4027.950435 -1796.662312 -1553.072705 -1539.155981 -1534.033541 -1532.729324 -1532.479127 -1532.437550 -1532.431468 -1532.431136 -1532.431660 -1532.432212 -1532.432666 -1532.433021 -1532.433300 -1532.433522 -1532.433702 -1532.433854 -1532.433984 -1532.434104 -1532.434223 -1532.434354 -1532.434514 -1532.434728 -1532.435033 -1532.435491 -1532.436198 -1532.437320 -1532.439136 -1532.442144 -1532.447258 -1532.456205 -1532.472350 -1532.502400 -1532.560034 -1532.674089 -1532.908639 -1533.416359 -1534.587893 -1537.495003 -1545.398629 -1570.093737 -9999.0 -9999.0
-9999.0 -9999.0 822.780388 724.925469 626.765780 528.313438 429.712842 331.047201 232.360285 133.675487 35.006236 -63.634139 -162.241780 -260.793294 -359.234686 -457.469015 -555.316998 -652.481759 -749.260855 -846.081908 -942.282033 -1037.604327 -1128.462237 -1209.961811 -1281.950823 -1342.943734 -1392.533947 -1431.338788 -1460.694096 -1482.272323 -1497.763800 -1508.677326 -1516.253062 -1521.452958 -1524.993015 -1527.392852 -1529.033881 -1530.254170 -1531.645379 -1535.138197 -1547.274583 -1592.912176 -1989.458804 -4086.056300 -4133.658682 -4133.663361 -4133.663350 -4133.663248 -4133.662758 -4133.661132 -4133.656648 -4133.643656 -4133.622129 -4133.594195 -4133.547668 -4133.457092 -4133.257785 -4132.776041 -4131.526917 -4128.060611 -4027.950435 -1796.662312 -1553.072705 -1539.155981 -1534.033541 -1532.729324 -1532.479127 -1532.437550 -1532.431468 -1532.431136 -1532.431660 -1532.432212 -1532.432666 -1532.433021 -1532.433300 -1532.433522 -1532.433702 -1532.433854 -1532.433984 -1532.434104 -1532.434223 -1532.434354 -1532.434514 -1532.434728 -1532.435033 -1532.435491 -1532.436198 -1532.437320 -1532.439136 -1532.442144 -1532.447258 -1532.456205 -1532.472350 -1532.502400 -1532.560034 -1532.674089 -1532.908639 -1533.416359 -1534.587893 -1537.495003 -1545.398629 -1570.093737 -9999.0 -9999.0
-9999.0 -9999.0 822.779113 724.924794 626.765499 528.313332 429.712803 331.047187 232.360279 133.675485 35.006235 -63.634139 -162.241780 -260.793294 -359.234686 -457.469015 -555.316998 -652.481759 -749.260855 -846.081908 -942.282033 -1037.604327 -1128.462237 -1209.961811 -1281.950823 -1342.943733 -1392.533946 -1431.338788 -1460.694096 -1482.272323 -1497.763800 -1508.677326 -1516.253062 -1521.452957 -1524.993015 -1527.392852 -1529.033881 -1530.254170 -1531.645379 -1535.138197 -1547.274583 -1592.912176 -1989.458804 -4086.056300 -4133.658682 -4133.663361 -4133.663350 -4133.663248 -4133.662758 -4133.661132 -4133.656648 -4133.643656 -4133.622129 -4133.594195 -4133.547668 -4133.457092 -4133.257785 -4132.776041 -4131.526917 -4128.060611 -4027.950435 -1796.662312 -1553.072705 -1539.155981 -1534.033541 -1532.729324 -1532.479127 -1532.437550 -1532.431468 -1532.431136 -1532.431660 -1532.432212 -1532.432666 -1532.433021 -1532.433300 -1532.433522 -1532.433702 -1532.433854 -1532.433984 -1532.434104 -1532.434223 -1532.434354 -1532.434514 -1532.434728 -1532.435033 -1532.435491 -1532.436198 -1532.437320 -1532.439136 -1532.442144 -1532.447258 -1532.456205 -1532.472350 -1532.502400 -1532.560034 -1532.674089 -1532.908639 -1533.416359 -1534.587893 -1537.495003 -1545.398629 -1570.093737 -9999.0 -9999.0
-9999.0 -9999.0 822.775419 724.923480 626.765085 528.313199 429.712759 331.047171 232.360274 133.675483 35.006234 -63.634140 -162.241780 -260.793294 -359.234686 -457.469015 -555.316998 -652.481759 -749.260855 -846.081908 -942.282033 -1037.604327 -1128.462237 -1209.961811 -1281.950822 -1342.943733 -1392.533946 -1431.338788 -1460.694096 -1482.272323 -1497.763800 -1508.677326 -1516.253062 -1521.452957 -1524.993015 -1527.392852 -1529.033881 -1530.254170 -1531.645379 -1535.138197 -1547.274583 -1592.912176 -1989.458804 -4086.056300 -4133.658682 -4133.663361 -4133.663350 -4133.663248 -4133.662758 -4133.661132 -4133.656648 -4133.643656 -4133.622129 -4133.594195 -4133.547668 -4133.457092 -4133.257785 -4132.776041 -4131.526917 -4128.060611 -4027.950435 -1796.662312 -1553.072705 -1539.155981 -1534.033541 -1532.729324 -1532.479127 -1532.437550 -1532.431468 -1532.431136 -1532.431660 -1532.432212 -1532.432666 -1532.433021 -1532.433300 -1532.433522 -1532.433702 -1532.433854 -1532.433984 -1532.434104 -1532.434223 -1532.434354 -1532.434514 -1532.434728 -1532.435033 -1532.435491 -1532.436198 -1532.437320 -1532.439136 -1532.442144 -1532.447258 -1532.456205 -1532.472350 -1532.502400 -1532.560034 -1532.674089 -1532.908639 -1533.416359 -1534.587893 -1537.495003 -1545.398629 -1570.093737 -9999.0 -9999.0
-9999.0 -9999.0 -9999.0 -9999.0 -9999.0 -9999.0 -9999.0 -9999.0 -9999.0 -9999.0 -9999.0 -9999.0 -9999.0 -9999.0 -9999.0 -9999.0 -9999.0 -9999.0 -9999.0 -9999.0 -9999.0 -9999.0 -9999.0 -9999.0 -9999.0 -9999.0 -9999.0 -9999.0 -9999.0 -9999.0 -9999.0 -9999.0 -9999.0 -9999.0 -9999.0 -9999.0 -9999.0 -9999.0 -9999.0 -9999.0 -9999.0 -9999.0 -9999.0 -9999.0 -9999.0 -9999.0 -9999.0 -9999.0 -9999.0 -9999.0 -9999.0 -9999.0 -9999.0 -9999.0 -9999.0 -9999.0 -9999.0 -9999.0 -9999.0 -9999.0 -9999.0 -9999.0 -9999.0 -9999.0 -9999.0 -9999.0 -9999.0 -9999.0 -9999.0 -9999.0 -9999.0 -9999.0 -9999.0 -9999.0 -9999.0 -9999.0 -9999.0 -9999.0 -9999.0 -9999.0 -9999.0 -9999.0 -9999.0 -9999.0 -9999.0 -9999.0 -9999.0 -9999.0 -9999.0 -9999.0 -9999.0 -9999.0 -9999.0 -9999.0 -9999.0 -9999.0 -9999.0 -9999.0 -9999.0 -9999.0 -9999.0 -9999.0 -9999.0 -9999.0
-9999.0 -9999.0 -9999.0 -9999.0 -9999.0 -9999.0 -9999.0 -9999.0 -9999.0 -9999.0 -9999.0 -9999.0 -9999.0 -9999.0 -9999.0 -9999.0 -9999.0 -9999.0 -9999.0 -9999.0 -9999.0 -9999.0 -9999.0 -9999.0 -9999.0 -9999.0 -9999.0 -9999.0 -9999.0 -9999.0 -9999.0 -9999.0 -9999.0 -9999.0 -9999.0 -9999.0 -9999.0 -9999.0 -9999.0 -9999.0 -9999.0 -9999.0 -9999.0 -9999.0 -9999.0 -9999.0 -9999.0 -9999.0 -9999.0 -9999.0 -9999.0 -9999.0 -9999.0 -9999.0 -9999.0 -9999.0 -9999.0 -9999.0 -9999.0 -9999.0 -9999.0 -9999.0 -9999.0 -9999.0 -9999.0 -9999.0 -9999.0 -9999.0 -9999.0 -9999.0 -9999.0 -9999.0 -9999.0 -9999.0 -9999.0 -9999.0 -9999.0 -9999.0 -9999.0 -9999.0 -9999.0 -9999.0 -9999.0 -9999.0 -9999.0 -9999.0 -9999.0 -9999.0 -9999.0 -9999.0 -9999.0 -9999.0 -9999.0 -9999.0 -9999.0 -9999.0 -9999.0 -9999.0 -9999.0 -9999.0 -9999.0 -9999.0 -9999.0 -9999.0