inst/processing_geotop_simulation/geotop_simulation/out/maps3D/PwL0016N0464.asc
ncols         104
nrows         10
xllcorner     -2.000000
yllcorner     0.000000
cellsize      1.000000
NODATA_value  -9999.0
-9999.0 -9999.0 -9999.0 -9999.0 -9999.0 -9999.0 -9999.0 -9999.0 -9999.0 -9999.0 -9999.0 -9999.0 -9999.0 -9999.0 -9999.0 -9999.0 -9999.0 -9999.0 -9999.0 -9999.0 -9999.0 -9999.0 -9999.0 -9999.0 -9999.0 -9999.0 -9999.0 -9999.0 -9999.0 -9999.0 -9999.0 -9999.0 -9999.0 -9999.0 -9999.0 -9999.0 -9999.0 -9999.0 -9999.0 -9999.0 -9999.0 -9999.0 -9999.0 -9999.0 -9999.0 -9999.0 -9999.0 -9999.0 -9999.0 -9999.0 -9999.0 -9999.0 -9999.0 -9999.0 -9999.0 -9999.0 -9999.0 -9999.0 -9999.0 -9999.0 -9999.0 -9999.0 -9999.0 -9999.0 -9999.0 -9999.0 -9999.0 -9999.0 -9999.0 -9999.0 -9999.0 -9999.0 -9999.0 -9999.0 -9999.0 -9999.0 -9999.0 -9999.0 -9999.0 -9999.0 -9999.0 -9999.0 -9999.0 -9999.0 -9999.0 -9999.0 -9999.0 -9999.0 -9999.0 -9999.0 -9999.0 -9999.0 -9999.0 -9999.0 -9999.0 -9999.0 -9999.0 -9999.0 -9999.0 -9999.0 -9999.0 -9999.0 -9999.0 -9999.0
-9999.0 -9999.0 -9999.0 -9999.0 -9999.0 -9999.0 -9999.0 -9999.0 -9999.0 -9999.0 -9999.0 -9999.0 -9999.0 -9999.0 -9999.0 -9999.0 -9999.0 -9999.0 -9999.0 -9999.0 -9999.0 -9999.0 -9999.0 -9999.0 -9999.0 -9999.0 -9999.0 -9999.0 -9999.0 -9999.0 -9999.0 -9999.0 -9999.0 -9999.0 -9999.0 -9999.0 -9999.0 -9999.0 -9999.0 -9999.0 -9999.0 -9999.0 -9999.0 -9999.0 -9999.0 -9999.0 -9999.0 -9999.0 -9999.0 -9999.0 -9999.0 -9999.0 -9999.0 -9999.0 -9999.0 -9999.0 -9999.0 -9999.0 -9999.0 -9999.0 -9999.0 -9999.0 -9999.0 -9999.0 -9999.0 -9999.0 -9999.0 -9999.0 -9999.0 -9999.0 -9999.0 -9999.0 -9999.0 -9999.0 -9999.0 -9999.0 -9999.0 -9999.0 -9999.0 -9999.0 -9999.0 -9999.0 -9999.0 -9999.0 -9999.0 -9999.0 -9999.0 -9999.0 -9999.0 -9999.0 -9999.0 -9999.0 -9999.0 -9999.0 -9999.0 -9999.0 -9999.0 -9999.0 -9999.0 -9999.0 -9999.0 -9999.0 -9999.0 -9999.0
-9999.0 -9999.0 769.699552 670.621018 571.387166 472.023840 372.597085 273.142965 173.680091 74.218332 -25.235208 -124.676699 -224.104691 -323.509816 -422.875151 -522.173512 -621.356036 -720.344575 -819.400189 -918.326636 -1017.058553 -1115.471239 -1211.283000 -1303.557098 -1390.224284 -1469.159759 -1538.618864 -1597.582143 -1645.902724 -1684.227575 -1713.757459 -1735.957342 -1752.310921 -1764.161696 -1772.638907 -1778.647019 -1782.902940 -1786.042169 -1788.894509 -1792.939190 -1799.026783 -1797.837614 -1891.207850 -4080.968535 -4180.783001 -4177.280321 -4174.056514 -4173.504263 -4173.445433 -4173.449288 -4173.459102 -4173.461343 -4173.455133 -4173.442310 -4173.411626 -4173.343146 -4173.211069 -4173.118222 -4174.000864 -4174.289553 -3967.477205 -1663.673835 -1754.580755 -1791.291368 -1793.366631 -1792.713132 -1792.456460 -1792.397644 -1792.386932 -1792.385565 -1792.385798 -1792.386234 -1792.386640 -1792.386990 -1792.387293 -1792.387562 -1792.387806 -1792.388035 -1792.388254 -1792.388471 -1792.388694 -1792.388930 -1792.389194 -1792.389504 -1792.389887 -1792.390389 -1792.391084 -1792.392093 -1792.393631 -1792.396081 -1792.400152 -1792.407206 -1792.419923 -1792.443734 -1792.489998 -1792.583566 -1792.782191 -1793.229631 -1794.310741 -1797.144907 -1805.318727 -1831.582252 -9999.0 -9999.0
-9999.0 -9999.0 769.703001 670.622208 571.387533 472.023957 372.597124 273.142979 173.680096 74.218334 -25.235207 -124.676698 -224.104690 -323.509816 -422.875151 -522.173512 -621.356036 -720.344575 -819.400189 -918.326636 -1017.058553 -1115.471240 -1211.283000 -1303.557098 -1390.224284 -1469.159759 -1538.618865 -1597.582143 -1645.902724 -1684.227575 -1713.757459 -1735.957342 -1752.310921 -1764.161696 -1772.638907 -1778.647019 -1782.902940 -1786.042169 -1788.894509 -1792.939190 -1799.026782 -1797.837614 -1891.207849 -4080.968535 -4180.783001 -4177.280321 -4174.056514 -4173.504263 -4173.445433 -4173.449288 -4173.459102 -4173.461343 -4173.455133 -4173.442310 -4173.411626 -4173.343146 -4173.211069 -4173.118222 -4174.000864 -4174.289553 -3967.477205 -1663.673835 -1754.580755 -1791.291368 -1793.366631 -1792.713132 -1792.456460 -1792.397644 -1792.386932 -1792.385565 -1792.385798 -1792.386234 -1792.386640 -1792.386990 -1792.387293 -1792.387562 -1792.387806 -1792.388035 -1792.388254 -1792.388471 -1792.388694 -1792.388930 -1792.389194 -1792.389504 -1792.389887 -1792.390389 -1792.391084 -1792.392093 -1792.393631 -1792.396081 -1792.400152 -1792.407206 -1792.419923 -1792.443734 -1792.489998 -1792.583566 -1792.782190 -1793.229631 -1794.310741 -1797.144907 -1805.318727 -1831.582252 -9999.0 -9999.0
-9999.0 -9999.0 769.704140 670.622807 571.387781 472.024050 372.597158 273.142991 173.680101 74.218336 -25.235206 -124.676698 -224.104690 -323.509816 -422.875151 -522.173511 -621.356036 -720.344575 -819.400189 -918.326636 -1017.058553 -1115.471240 -1211.283000 -1303.557098 -1390.224284 -1469.159759 -1538.618865 -1597.582143 -1645.902724 -1684.227575 -1713.757459 -1735.957342 -1752.310921 -1764.161696 -1772.638907 -1778.647019 -1782.902940 -1786.042169 -1788.894509 -1792.939190 -1799.026782 -1797.837614 -1891.207849 -4080.968535 -4180.783001 -4177.280321 -4174.056514 -4173.504263 -4173.445433 -4173.449288 -4173.459102 -4173.461343 -4173.455133 -4173.442310 -4173.411626 -4173.343146 -4173.211069 -4173.118222 -4174.000864 -4174.289553 -3967.477205 -1663.673835 -1754.580755 -1791.291368 -1793.366631 -1792.713132 -1792.456460 -1792.397644 -1792.386932 -1792.385565 -1792.385798 -1792.386234 -1792.386640 -1792.386990 -1792.387293 -1792.387562 -1792.387806 -1792.388035 -1792.388254 -1792.388471 -1792.388694 -1792.388930 -1792.389194 -1792.389504 -1792.389887 -1792.390389 -1792.391084 -1792.392093 -1792.393631 -1792.396081 -1792.400152 -1792.407206 -1792.419923 -1792.443734 -1792.489998 -1792.583566 -1792.782190 -1793.229631 -1794.310741 -1797.144907 -1805.318727 -1831.582252 -9999.0 -9999.0
-9999.0 -9999.0 769.704140 670.622807 571.387781 472.024050 372.597158 273.142991 173.680101 74.218336 -25.235206 -124.676698 -224.104690 -323.509816 -422.875151 -522.173512 -621.356036 -720.344575 -819.400189 -918.326636 -1017.058553 -1115.471240 -1211.283000 -1303.557098 -1390.224284 -1469.159759 -1538.618865 -1597.582143 -1645.902724 -1684.227575 -1713.757459 -1735.957342 -1752.310921 -1764.161696 -1772.638907 -1778.647019 -1782.902940 -1786.042169 -1788.894509 -1792.939190 -1799.026782 -1797.837614 -1891.207849 -4080.968535 -4180.783001 -4177.280321 -4174.056514 -4173.504263 -4173.445433 -4173.449288 -4173.459102 -4173.461343 -4173.455133 -4173.442310 -4173.411626 -4173.343146 -4173.211069 -4173.118222 -4174.000864 -4174.289553 -3967.477205 -1663.673835 -1754.580755 -1791.291368 -1793.366631 -1792.713132 -1792.456460 -1792.397644 -1792.386932 -1792.385565 -1792.385798 -1792.386234 -1792.386640 -1792.386990 -1792.387293 -1792.387562 -1792.387806 -1792.388035 -1792.388254 -1792.388471 -1792.388694 -1792.388930 -1792.389194 -1792.389504 -1792.389887 -1792.390389 -1792.391084 -1792.392093 -1792.393631 -1792.396081 -1792.400152 -1792.407206 -1792.419923 -1792.443734 -1792.489998 -1792.583566 -1792.782190 -1793.229631 -1794.310741 -1797.144907 -1805.318727 -1831.582252 -9999.0 -9999.0
-9999.0 -9999.0 769.703001 670.622208 571.387533 472.023957 372.597124 273.142979 173.680096 74.218334 -25.235207 -124.676698 -224.104691 -323.509816 -422.875151 -522.173511 -621.356036 -720.344575 -819.400189 -918.326636 -1017.058553 -1115.471240 -1211.283000 -1303.557098 -1390.224284 -1469.159759 -1538.618865 -1597.582143 -1645.902724 -1684.227575 -1713.757459 -1735.957342 -1752.310921 -1764.161696 -1772.638907 -1778.647019 -1782.902940 -1786.042169 -1788.894509 -1792.939190 -1799.026782 -1797.837614 -1891.207849 -4080.968535 -4180.783001 -4177.280321 -4174.056514 -4173.504263 -4173.445433 -4173.449288 -4173.459102 -4173.461343 -4173.455133 -4173.442310 -4173.411626 -4173.343146 -4173.211069 -4173.118222 -4174.000864 -4174.289553 -3967.477205 -1663.673835 -1754.580755 -1791.291368 -1793.366631 -1792.713132 -1792.456460 -1792.397644 -1792.386932 -1792.385565 -1792.385798 -1792.386234 -1792.386640 -1792.386990 -1792.387293 -1792.387562 -1792.387806 -1792.388035 -1792.388254 -1792.388471 -1792.388694 -1792.388930 -1792.389194 -1792.389504 -1792.389887 -1792.390389 -1792.391084 -1792.392093 -1792.393631 -1792.396081 -1792.400152 -1792.407206 -1792.419923 -1792.443734 -1792.489998 -1792.583566 -1792.782190 -1793.229631 -1794.310741 -1797.144907 -1805.318727 -1831.582252 -9999.0 -9999.0
-9999.0 -9999.0 769.699552 670.621019 571.387166 472.023840 372.597085 273.142965 173.680091 74.218332 -25.235208 -124.676699 -224.104691 -323.509816 -422.875151 -522.173512 -621.356036 -720.344575 -819.400189 -918.326636 -1017.058553 -1115.471239 -1211.283000 -1303.557098 -1390.224284 -1469.159759 -1538.618864 -1597.582143 -1645.902724 -1684.227575 -1713.757459 -1735.957342 -1752.310921 -1764.161696 -1772.638907 -1778.647019 -1782.902940 -1786.042169 -1788.894509 -1792.939190 -1799.026783 -1797.837614 -1891.207850 -4080.968535 -4180.783001 -4177.280321 -4174.056514 -4173.504263 -4173.445433 -4173.449288 -4173.459102 -4173.461343 -4173.455133 -4173.442310 -4173.411626 -4173.343146 -4173.211069 -4173.118222 -4174.000864 -4174.289553 -3967.477205 -1663.673835 -1754.580755 -1791.291368 -1793.366631 -1792.713132 -1792.456460 -1792.397644 -1792.386932 -1792.385565 -1792.385798 -1792.386234 -1792.386640 -1792.386990 -1792.387293 -1792.387562 -1792.387806 -1792.388035 -1792.388254 -1792.388471 -1792.388694 -1792.388930 -1792.389194 -1792.389504 -1792.389887 -1792.390389 -1792.391084 -1792.392093 -1792.393631 -1792.396081 -1792.400152 -1792.407206 -1792.419923 -1792.443734 -1792.489998 -1792.583566 -1792.782191 -1793.229631 -1794.310741 -1797.144907 -1805.318727 -1831.582252 -9999.0 -9999.0
-9999.0 -9999.0 -9999.0 -9999.0 -9999.0 -9999.0 -9999.0 -9999.0 -9999.0 -9999.0 -9999.0 -9999.0 -9999.0 -9999.0 -9999.0 -9999.0 -9999.0 -9999.0 -9999.0 -9999.0 -9999.0 -9999.0 -9999.0 -9999.0 -9999.0 -9999.0 -9999.0 -9999.0 -9999.0 -9999.0 -9999.0 -9999.0 -9999.0 -9999.0 -9999.0 -9999.0 -9999.0 -9999.0 -9999.0 -9999.0 -9999.0 -9999.0 -9999.0 -9999.0 -9999.0 -9999.0 -9999.0 -9999.0 -9999.0 -9999.0 -9999.0 -9999.0 -9999.0 -9999.0 -9999.0 -9999.0 -9999.0 -9999.0 -9999.0 -9999.0 -9999.0 -9999.0 -9999.0 -9999.0 -9999.0 -9999.0 -9999.0 -9999.0 -9999.0 -9999.0 -9999.0 -9999.0 -9999.0 -9999.0 -9999.0 -9999.0 -9999.0 -9999.0 -9999.0 -9999.0 -9999.0 -9999.0 -9999.0 -9999.0 -9999.0 -9999.0 -9999.0 -9999.0 -9999.0 -9999.0 -9999.0 -9999.0 -9999.0 -9999.0 -9999.0 -9999.0 -9999.0 -9999.0 -9999.0 -9999.0 -9999.0 -9999.0 -9999.0 -9999.0
-9999.0 -9999.0 -9999.0 -9999.0 -9999.0 -9999.0 -9999.0 -9999.0 -9999.0 -9999.0 -9999.0 -9999.0 -9999.0 -9999.0 -9999.0 -9999.0 -9999.0 -9999.0 -9999.0 -9999.0 -9999.0 -9999.0 -9999.0 -9999.0 -9999.0 -9999.0 -9999.0 -9999.0 -9999.0 -9999.0 -9999.0 -9999.0 -9999.0 -9999.0 -9999.0 -9999.0 -9999.0 -9999.0 -9999.0 -9999.0 -9999.0 -9999.0 -9999.0 -9999.0 -9999.0 -9999.0 -9999.0 -9999.0 -9999.0 -9999.0 -9999.0 -9999.0 -9999.0 -9999.0 -9999.0 -9999.0 -9999.0 -9999.0 -9999.0 -9999.0 -9999.0 -9999.0 -9999.0 -9999.0 -9999.0 -9999.0 -9999.0 -9999.0 -9999.0 -9999.0 -9999.0 -9999.0 -9999.0 -9999.0 -9999.0 -9999.0 -9999.0 -9999.0 -9999.0 -9999.0 -9999.0 -9999.0 -9999.0 -9999.0 -9999.0 -9999.0 -9999.0 -9999.0 -9999.0 -9999.0 -9999.0 -9999.0 -9999.0 -9999.0 -9999.0 -9999.0 -9999.0 -9999.0 -9999.0 -9999.0 -9999.0 -9999.0 -9999.0 -9999.0