inst/processing_geotop_simulation/geotop_simulation/out/maps3D/PwL0005N0354.asc
ncols         104
nrows         10
xllcorner     -2.000000
yllcorner     0.000000
cellsize      1.000000
NODATA_value  -9999.0
-9999.0 -9999.0 -9999.0 -9999.0 -9999.0 -9999.0 -9999.0 -9999.0 -9999.0 -9999.0 -9999.0 -9999.0 -9999.0 -9999.0 -9999.0 -9999.0 -9999.0 -9999.0 -9999.0 -9999.0 -9999.0 -9999.0 -9999.0 -9999.0 -9999.0 -9999.0 -9999.0 -9999.0 -9999.0 -9999.0 -9999.0 -9999.0 -9999.0 -9999.0 -9999.0 -9999.0 -9999.0 -9999.0 -9999.0 -9999.0 -9999.0 -9999.0 -9999.0 -9999.0 -9999.0 -9999.0 -9999.0 -9999.0 -9999.0 -9999.0 -9999.0 -9999.0 -9999.0 -9999.0 -9999.0 -9999.0 -9999.0 -9999.0 -9999.0 -9999.0 -9999.0 -9999.0 -9999.0 -9999.0 -9999.0 -9999.0 -9999.0 -9999.0 -9999.0 -9999.0 -9999.0 -9999.0 -9999.0 -9999.0 -9999.0 -9999.0 -9999.0 -9999.0 -9999.0 -9999.0 -9999.0 -9999.0 -9999.0 -9999.0 -9999.0 -9999.0 -9999.0 -9999.0 -9999.0 -9999.0 -9999.0 -9999.0 -9999.0 -9999.0 -9999.0 -9999.0 -9999.0 -9999.0 -9999.0 -9999.0 -9999.0 -9999.0 -9999.0 -9999.0
-9999.0 -9999.0 -9999.0 -9999.0 -9999.0 -9999.0 -9999.0 -9999.0 -9999.0 -9999.0 -9999.0 -9999.0 -9999.0 -9999.0 -9999.0 -9999.0 -9999.0 -9999.0 -9999.0 -9999.0 -9999.0 -9999.0 -9999.0 -9999.0 -9999.0 -9999.0 -9999.0 -9999.0 -9999.0 -9999.0 -9999.0 -9999.0 -9999.0 -9999.0 -9999.0 -9999.0 -9999.0 -9999.0 -9999.0 -9999.0 -9999.0 -9999.0 -9999.0 -9999.0 -9999.0 -9999.0 -9999.0 -9999.0 -9999.0 -9999.0 -9999.0 -9999.0 -9999.0 -9999.0 -9999.0 -9999.0 -9999.0 -9999.0 -9999.0 -9999.0 -9999.0 -9999.0 -9999.0 -9999.0 -9999.0 -9999.0 -9999.0 -9999.0 -9999.0 -9999.0 -9999.0 -9999.0 -9999.0 -9999.0 -9999.0 -9999.0 -9999.0 -9999.0 -9999.0 -9999.0 -9999.0 -9999.0 -9999.0 -9999.0 -9999.0 -9999.0 -9999.0 -9999.0 -9999.0 -9999.0 -9999.0 -9999.0 -9999.0 -9999.0 -9999.0 -9999.0 -9999.0 -9999.0 -9999.0 -9999.0 -9999.0 -9999.0 -9999.0 -9999.0
-9999.0 -9999.0 225.104252 127.634322 29.039857 -69.900520 -168.975088 -268.102332 -367.238657 -466.354837 -565.411801 -664.317520 -763.021297 -861.578838 -960.017302 -1058.466261 -1156.616090 -1253.900777 -1349.923890 -1443.768858 -1533.726595 -1616.968264 -1690.276137 -1751.451434 -1800.055206 -1837.148808 -1864.591597 -1884.419807 -1898.486366 -1908.320954 -1915.115784 -1919.765364 -1922.922485 -1925.053386 -1926.485821 -1927.449646 -1928.116359 -1928.669826 -1929.535613 -1931.941515 -1935.727115 -1893.259738 -1185.259833 -1199.370746 -1185.029547 -1175.583102 -1171.158853 -1170.487593 -1170.415537 -1170.422108 -1170.439985 -1170.459246 -1170.477762 -1170.494913 -1170.510866 -1170.529720 -1170.589869 -1170.991595 -1173.346413 -1178.570517 -1185.387509 -1161.163551 -1867.101467 -1929.423147 -1930.503040 -1929.712429 -1929.501823 -1929.462925 -1929.456925 -1929.456497 -1929.456921 -1929.457389 -1929.457773 -1929.458072 -1929.458303 -1929.458484 -1929.458630 -1929.458750 -1929.458851 -1929.458944 -1929.459036 -1929.459138 -1929.459266 -1929.459441 -1929.459698 -1929.460090 -1929.460704 -1929.461685 -1929.463284 -1929.465944 -1929.470478 -1929.478429 -1929.492795 -1929.519546 -1929.570807 -1929.671945 -1929.878682 -1930.322289 -1931.338935 -1933.879485 -1941.029297 -1964.692342 -9999.0 -9999.0
-9999.0 -9999.0 225.112797 127.636177 29.040335 -69.900380 -168.975043 -268.102317 -367.238651 -466.354835 -565.411800 -664.317519 -763.021296 -861.578838 -960.017302 -1058.466261 -1156.616090 -1253.900777 -1349.923890 -1443.768858 -1533.726595 -1616.968264 -1690.276137 -1751.451435 -1800.055206 -1837.148808 -1864.591597 -1884.419807 -1898.486366 -1908.320954 -1915.115784 -1919.765364 -1922.922485 -1925.053386 -1926.485821 -1927.449646 -1928.116359 -1928.669826 -1929.535613 -1931.941515 -1935.727115 -1893.259738 -1185.259833 -1199.370746 -1185.029547 -1175.583102 -1171.158853 -1170.487593 -1170.415537 -1170.422108 -1170.439985 -1170.459246 -1170.477762 -1170.494913 -1170.510866 -1170.529720 -1170.589869 -1170.991595 -1173.346413 -1178.570517 -1185.387509 -1161.163551 -1867.101467 -1929.423147 -1930.503040 -1929.712429 -1929.501823 -1929.462925 -1929.456925 -1929.456497 -1929.456921 -1929.457389 -1929.457773 -1929.458072 -1929.458303 -1929.458484 -1929.458630 -1929.458750 -1929.458851 -1929.458944 -1929.459036 -1929.459138 -1929.459266 -1929.459441 -1929.459698 -1929.460090 -1929.460704 -1929.461685 -1929.463284 -1929.465944 -1929.470478 -1929.478429 -1929.492795 -1929.519546 -1929.570807 -1929.671945 -1929.878682 -1930.322289 -1931.338935 -1933.879485 -1941.029297 -1964.692342 -9999.0 -9999.0
-9999.0 -9999.0 225.114139 127.636944 29.040638 -69.900270 -168.975004 -268.102303 -367.238646 -466.354833 -565.411799 -664.317519 -763.021296 -861.578838 -960.017302 -1058.466261 -1156.616090 -1253.900777 -1349.923890 -1443.768858 -1533.726595 -1616.968264 -1690.276137 -1751.451435 -1800.055206 -1837.148808 -1864.591597 -1884.419807 -1898.486366 -1908.320954 -1915.115784 -1919.765364 -1922.922485 -1925.053386 -1926.485821 -1927.449646 -1928.116359 -1928.669826 -1929.535613 -1931.941515 -1935.727115 -1893.259738 -1185.259833 -1199.370746 -1185.029547 -1175.583102 -1171.158853 -1170.487593 -1170.415537 -1170.422108 -1170.439985 -1170.459246 -1170.477762 -1170.494913 -1170.510866 -1170.529720 -1170.589869 -1170.991595 -1173.346413 -1178.570517 -1185.387509 -1161.163551 -1867.101467 -1929.423147 -1930.503040 -1929.712429 -1929.501823 -1929.462925 -1929.456925 -1929.456497 -1929.456921 -1929.457389 -1929.457773 -1929.458072 -1929.458303 -1929.458484 -1929.458630 -1929.458750 -1929.458851 -1929.458944 -1929.459036 -1929.459138 -1929.459266 -1929.459441 -1929.459698 -1929.460090 -1929.460704 -1929.461685 -1929.463284 -1929.465944 -1929.470478 -1929.478429 -1929.492795 -1929.519546 -1929.570807 -1929.671945 -1929.878682 -1930.322289 -1931.338935 -1933.879485 -1941.029297 -1964.692342 -9999.0 -9999.0
-9999.0 -9999.0 225.114139 127.636943 29.040638 -69.900270 -168.975004 -268.102303 -367.238646 -466.354833 -565.411799 -664.317519 -763.021296 -861.578838 -960.017302 -1058.466261 -1156.616090 -1253.900777 -1349.923890 -1443.768858 -1533.726595 -1616.968264 -1690.276137 -1751.451435 -1800.055206 -1837.148808 -1864.591597 -1884.419807 -1898.486366 -1908.320954 -1915.115784 -1919.765364 -1922.922485 -1925.053386 -1926.485821 -1927.449646 -1928.116359 -1928.669826 -1929.535613 -1931.941515 -1935.727115 -1893.259738 -1185.259833 -1199.370746 -1185.029547 -1175.583102 -1171.158853 -1170.487593 -1170.415537 -1170.422108 -1170.439985 -1170.459246 -1170.477762 -1170.494913 -1170.510866 -1170.529720 -1170.589869 -1170.991595 -1173.346413 -1178.570517 -1185.387509 -1161.163551 -1867.101467 -1929.423147 -1930.503040 -1929.712429 -1929.501823 -1929.462925 -1929.456925 -1929.456497 -1929.456921 -1929.457389 -1929.457773 -1929.458072 -1929.458303 -1929.458484 -1929.458630 -1929.458750 -1929.458851 -1929.458944 -1929.459036 -1929.459138 -1929.459266 -1929.459441 -1929.459698 -1929.460090 -1929.460704 -1929.461685 -1929.463284 -1929.465944 -1929.470478 -1929.478429 -1929.492795 -1929.519546 -1929.570807 -1929.671945 -1929.878682 -1930.322289 -1931.338935 -1933.879485 -1941.029297 -1964.692342 -9999.0 -9999.0
-9999.0 -9999.0 225.112797 127.636178 29.040335 -69.900380 -168.975043 -268.102317 -367.238651 -466.354835 -565.411800 -664.317519 -763.021296 -861.578838 -960.017302 -1058.466261 -1156.616090 -1253.900777 -1349.923890 -1443.768858 -1533.726595 -1616.968264 -1690.276137 -1751.451435 -1800.055206 -1837.148808 -1864.591597 -1884.419807 -1898.486366 -1908.320954 -1915.115784 -1919.765364 -1922.922485 -1925.053386 -1926.485821 -1927.449646 -1928.116359 -1928.669826 -1929.535613 -1931.941515 -1935.727115 -1893.259738 -1185.259833 -1199.370746 -1185.029547 -1175.583102 -1171.158853 -1170.487593 -1170.415537 -1170.422108 -1170.439985 -1170.459246 -1170.477762 -1170.494913 -1170.510866 -1170.529720 -1170.589869 -1170.991595 -1173.346413 -1178.570517 -1185.387509 -1161.163551 -1867.101467 -1929.423147 -1930.503040 -1929.712429 -1929.501823 -1929.462925 -1929.456925 -1929.456497 -1929.456921 -1929.457389 -1929.457773 -1929.458072 -1929.458303 -1929.458484 -1929.458630 -1929.458750 -1929.458851 -1929.458944 -1929.459036 -1929.459138 -1929.459266 -1929.459441 -1929.459698 -1929.460090 -1929.460704 -1929.461685 -1929.463284 -1929.465944 -1929.470478 -1929.478429 -1929.492795 -1929.519546 -1929.570807 -1929.671945 -1929.878682 -1930.322289 -1931.338935 -1933.879485 -1941.029297 -1964.692342 -9999.0 -9999.0
-9999.0 -9999.0 225.104252 127.634321 29.039857 -69.900520 -168.975088 -268.102332 -367.238657 -466.354837 -565.411801 -664.317520 -763.021297 -861.578838 -960.017302 -1058.466261 -1156.616090 -1253.900777 -1349.923890 -1443.768858 -1533.726595 -1616.968264 -1690.276137 -1751.451434 -1800.055206 -1837.148808 -1864.591597 -1884.419807 -1898.486366 -1908.320954 -1915.115784 -1919.765364 -1922.922485 -1925.053386 -1926.485821 -1927.449646 -1928.116359 -1928.669826 -1929.535613 -1931.941515 -1935.727115 -1893.259738 -1185.259833 -1199.370746 -1185.029547 -1175.583102 -1171.158853 -1170.487593 -1170.415537 -1170.422108 -1170.439985 -1170.459246 -1170.477762 -1170.494913 -1170.510866 -1170.529720 -1170.589869 -1170.991595 -1173.346413 -1178.570517 -1185.387509 -1161.163551 -1867.101467 -1929.423147 -1930.503040 -1929.712429 -1929.501823 -1929.462925 -1929.456925 -1929.456497 -1929.456921 -1929.457389 -1929.457773 -1929.458072 -1929.458303 -1929.458484 -1929.458630 -1929.458750 -1929.458851 -1929.458944 -1929.459036 -1929.459138 -1929.459266 -1929.459441 -1929.459698 -1929.460090 -1929.460704 -1929.461685 -1929.463284 -1929.465944 -1929.470478 -1929.478429 -1929.492795 -1929.519546 -1929.570807 -1929.671945 -1929.878682 -1930.322289 -1931.338935 -1933.879485 -1941.029297 -1964.692342 -9999.0 -9999.0
-9999.0 -9999.0 -9999.0 -9999.0 -9999.0 -9999.0 -9999.0 -9999.0 -9999.0 -9999.0 -9999.0 -9999.0 -9999.0 -9999.0 -9999.0 -9999.0 -9999.0 -9999.0 -9999.0 -9999.0 -9999.0 -9999.0 -9999.0 -9999.0 -9999.0 -9999.0 -9999.0 -9999.0 -9999.0 -9999.0 -9999.0 -9999.0 -9999.0 -9999.0 -9999.0 -9999.0 -9999.0 -9999.0 -9999.0 -9999.0 -9999.0 -9999.0 -9999.0 -9999.0 -9999.0 -9999.0 -9999.0 -9999.0 -9999.0 -9999.0 -9999.0 -9999.0 -9999.0 -9999.0 -9999.0 -9999.0 -9999.0 -9999.0 -9999.0 -9999.0 -9999.0 -9999.0 -9999.0 -9999.0 -9999.0 -9999.0 -9999.0 -9999.0 -9999.0 -9999.0 -9999.0 -9999.0 -9999.0 -9999.0 -9999.0 -9999.0 -9999.0 -9999.0 -9999.0 -9999.0 -9999.0 -9999.0 -9999.0 -9999.0 -9999.0 -9999.0 -9999.0 -9999.0 -9999.0 -9999.0 -9999.0 -9999.0 -9999.0 -9999.0 -9999.0 -9999.0 -9999.0 -9999.0 -9999.0 -9999.0 -9999.0 -9999.0 -9999.0 -9999.0
-9999.0 -9999.0 -9999.0 -9999.0 -9999.0 -9999.0 -9999.0 -9999.0 -9999.0 -9999.0 -9999.0 -9999.0 -9999.0 -9999.0 -9999.0 -9999.0 -9999.0 -9999.0 -9999.0 -9999.0 -9999.0 -9999.0 -9999.0 -9999.0 -9999.0 -9999.0 -9999.0 -9999.0 -9999.0 -9999.0 -9999.0 -9999.0 -9999.0 -9999.0 -9999.0 -9999.0 -9999.0 -9999.0 -9999.0 -9999.0 -9999.0 -9999.0 -9999.0 -9999.0 -9999.0 -9999.0 -9999.0 -9999.0 -9999.0 -9999.0 -9999.0 -9999.0 -9999.0 -9999.0 -9999.0 -9999.0 -9999.0 -9999.0 -9999.0 -9999.0 -9999.0 -9999.0 -9999.0 -9999.0 -9999.0 -9999.0 -9999.0 -9999.0 -9999.0 -9999.0 -9999.0 -9999.0 -9999.0 -9999.0 -9999.0 -9999.0 -9999.0 -9999.0 -9999.0 -9999.0 -9999.0 -9999.0 -9999.0 -9999.0 -9999.0 -9999.0 -9999.0 -9999.0 -9999.0 -9999.0 -9999.0 -9999.0 -9999.0 -9999.0 -9999.0 -9999.0 -9999.0 -9999.0 -9999.0 -9999.0 -9999.0 -9999.0 -9999.0 -9999.0