inst/processing_geotop_simulation/geotop_simulation/out/maps3D/PwL0003N0472.asc
ncols         104
nrows         10
xllcorner     -2.000000
yllcorner     0.000000
cellsize      1.000000
NODATA_value  -9999.0
-9999.0 -9999.0 -9999.0 -9999.0 -9999.0 -9999.0 -9999.0 -9999.0 -9999.0 -9999.0 -9999.0 -9999.0 -9999.0 -9999.0 -9999.0 -9999.0 -9999.0 -9999.0 -9999.0 -9999.0 -9999.0 -9999.0 -9999.0 -9999.0 -9999.0 -9999.0 -9999.0 -9999.0 -9999.0 -9999.0 -9999.0 -9999.0 -9999.0 -9999.0 -9999.0 -9999.0 -9999.0 -9999.0 -9999.0 -9999.0 -9999.0 -9999.0 -9999.0 -9999.0 -9999.0 -9999.0 -9999.0 -9999.0 -9999.0 -9999.0 -9999.0 -9999.0 -9999.0 -9999.0 -9999.0 -9999.0 -9999.0 -9999.0 -9999.0 -9999.0 -9999.0 -9999.0 -9999.0 -9999.0 -9999.0 -9999.0 -9999.0 -9999.0 -9999.0 -9999.0 -9999.0 -9999.0 -9999.0 -9999.0 -9999.0 -9999.0 -9999.0 -9999.0 -9999.0 -9999.0 -9999.0 -9999.0 -9999.0 -9999.0 -9999.0 -9999.0 -9999.0 -9999.0 -9999.0 -9999.0 -9999.0 -9999.0 -9999.0 -9999.0 -9999.0 -9999.0 -9999.0 -9999.0 -9999.0 -9999.0 -9999.0 -9999.0 -9999.0 -9999.0
-9999.0 -9999.0 -9999.0 -9999.0 -9999.0 -9999.0 -9999.0 -9999.0 -9999.0 -9999.0 -9999.0 -9999.0 -9999.0 -9999.0 -9999.0 -9999.0 -9999.0 -9999.0 -9999.0 -9999.0 -9999.0 -9999.0 -9999.0 -9999.0 -9999.0 -9999.0 -9999.0 -9999.0 -9999.0 -9999.0 -9999.0 -9999.0 -9999.0 -9999.0 -9999.0 -9999.0 -9999.0 -9999.0 -9999.0 -9999.0 -9999.0 -9999.0 -9999.0 -9999.0 -9999.0 -9999.0 -9999.0 -9999.0 -9999.0 -9999.0 -9999.0 -9999.0 -9999.0 -9999.0 -9999.0 -9999.0 -9999.0 -9999.0 -9999.0 -9999.0 -9999.0 -9999.0 -9999.0 -9999.0 -9999.0 -9999.0 -9999.0 -9999.0 -9999.0 -9999.0 -9999.0 -9999.0 -9999.0 -9999.0 -9999.0 -9999.0 -9999.0 -9999.0 -9999.0 -9999.0 -9999.0 -9999.0 -9999.0 -9999.0 -9999.0 -9999.0 -9999.0 -9999.0 -9999.0 -9999.0 -9999.0 -9999.0 -9999.0 -9999.0 -9999.0 -9999.0 -9999.0 -9999.0 -9999.0 -9999.0 -9999.0 -9999.0 -9999.0 -9999.0
-9999.0 -9999.0 125.006553 26.753617 -72.363002 -171.706554 -271.134507 -370.594380 -470.059255 -569.511266 -668.923331 -768.266225 -867.546133 -966.735363 -1065.887183 -1165.026974 -1263.953063 -1362.562574 -1460.625536 -1557.652037 -1652.616574 -1743.584537 -1827.682287 -1901.901207 -1964.242953 -2014.283438 -2052.952438 -2081.945147 -2103.177560 -2118.444841 -2129.266668 -2136.851333 -2142.119991 -2145.754338 -2148.248547 -2149.958415 -2151.152778 -2152.101251 -2153.287373 -2155.492189 -2153.732912 -2075.359577 -1266.420677 -1266.695548 -1255.947780 -1248.727133 -1245.327273 -1244.782570 -1244.722239 -1244.726792 -1244.740630 -1244.755611 -1244.770024 -1244.783381 -1244.795859 -1244.811068 -1244.861903 -1245.194335 -1247.026425 -1251.037913 -1256.023168 -1247.947048 -2049.688699 -2148.165344 -2154.220559 -2153.882777 -2153.677008 -2153.629798 -2153.621493 -2153.620523 -2153.620763 -2153.621131 -2153.621451 -2153.621705 -2153.621908 -2153.622070 -2153.622205 -2153.622319 -2153.622419 -2153.622513 -2153.622607 -2153.622711 -2153.622838 -2153.623005 -2153.623241 -2153.623592 -2153.624130 -2153.624980 -2153.626355 -2153.628639 -2153.632538 -2153.639400 -2153.651866 -2153.675234 -2153.720408 -2153.810705 -2153.998890 -2154.413513 -2155.395603 -2157.946438 -2165.384240 -2190.186463 -9999.0 -9999.0
-9999.0 -9999.0 125.015742 26.755378 -72.362559 -171.706425 -271.134466 -370.594366 -470.059250 -569.511264 -668.923330 -768.266224 -867.546132 -966.735363 -1065.887183 -1165.026974 -1263.953063 -1362.562574 -1460.625537 -1557.652037 -1652.616574 -1743.584537 -1827.682287 -1901.901207 -1964.242953 -2014.283438 -2052.952438 -2081.945147 -2103.177560 -2118.444841 -2129.266668 -2136.851333 -2142.119991 -2145.754338 -2148.248547 -2149.958415 -2151.152778 -2152.101251 -2153.287373 -2155.492189 -2153.732912 -2075.359577 -1266.420677 -1266.695548 -1255.947780 -1248.727133 -1245.327273 -1244.782570 -1244.722239 -1244.726792 -1244.740630 -1244.755611 -1244.770024 -1244.783381 -1244.795859 -1244.811068 -1244.861903 -1245.194335 -1247.026425 -1251.037913 -1256.023168 -1247.947048 -2049.688699 -2148.165344 -2154.220559 -2153.882777 -2153.677008 -2153.629798 -2153.621493 -2153.620523 -2153.620763 -2153.621131 -2153.621451 -2153.621705 -2153.621907 -2153.622070 -2153.622205 -2153.622319 -2153.622419 -2153.622513 -2153.622607 -2153.622711 -2153.622838 -2153.623005 -2153.623241 -2153.623592 -2153.624130 -2153.624980 -2153.626355 -2153.628639 -2153.632538 -2153.639400 -2153.651866 -2153.675234 -2153.720408 -2153.810705 -2153.998890 -2154.413513 -2155.395603 -2157.946438 -2165.384240 -2190.186463 -9999.0 -9999.0
-9999.0 -9999.0 125.016888 26.756090 -72.362279 -171.706324 -271.134430 -370.594353 -470.059246 -569.511262 -668.923329 -768.266224 -867.546132 -966.735362 -1065.887183 -1165.026974 -1263.953063 -1362.562575 -1460.625537 -1557.652037 -1652.616574 -1743.584537 -1827.682287 -1901.901208 -1964.242953 -2014.283438 -2052.952438 -2081.945147 -2103.177560 -2118.444841 -2129.266668 -2136.851333 -2142.119991 -2145.754338 -2148.248547 -2149.958415 -2151.152778 -2152.101251 -2153.287373 -2155.492189 -2153.732912 -2075.359577 -1266.420677 -1266.695548 -1255.947780 -1248.727133 -1245.327273 -1244.782570 -1244.722239 -1244.726792 -1244.740630 -1244.755611 -1244.770024 -1244.783381 -1244.795859 -1244.811068 -1244.861903 -1245.194335 -1247.026425 -1251.037913 -1256.023168 -1247.947048 -2049.688699 -2148.165344 -2154.220559 -2153.882777 -2153.677008 -2153.629798 -2153.621493 -2153.620523 -2153.620763 -2153.621131 -2153.621451 -2153.621705 -2153.621907 -2153.622070 -2153.622205 -2153.622319 -2153.622419 -2153.622513 -2153.622607 -2153.622711 -2153.622838 -2153.623005 -2153.623241 -2153.623592 -2153.624130 -2153.624980 -2153.626355 -2153.628639 -2153.632538 -2153.639400 -2153.651866 -2153.675234 -2153.720408 -2153.810705 -2153.998890 -2154.413513 -2155.395603 -2157.946438 -2165.384240 -2190.186463 -9999.0 -9999.0
-9999.0 -9999.0 125.016888 26.756090 -72.362279 -171.706324 -271.134430 -370.594353 -470.059245 -569.511262 -668.923329 -768.266224 -867.546132 -966.735362 -1065.887183 -1165.026974 -1263.953063 -1362.562575 -1460.625537 -1557.652037 -1652.616574 -1743.584537 -1827.682287 -1901.901208 -1964.242953 -2014.283438 -2052.952438 -2081.945147 -2103.177560 -2118.444841 -2129.266668 -2136.851333 -2142.119991 -2145.754338 -2148.248547 -2149.958415 -2151.152778 -2152.101251 -2153.287373 -2155.492189 -2153.732912 -2075.359577 -1266.420677 -1266.695548 -1255.947780 -1248.727133 -1245.327273 -1244.782570 -1244.722239 -1244.726792 -1244.740630 -1244.755611 -1244.770024 -1244.783381 -1244.795859 -1244.811068 -1244.861903 -1245.194335 -1247.026425 -1251.037913 -1256.023168 -1247.947048 -2049.688699 -2148.165344 -2154.220559 -2153.882777 -2153.677008 -2153.629798 -2153.621493 -2153.620523 -2153.620763 -2153.621131 -2153.621451 -2153.621705 -2153.621907 -2153.622070 -2153.622205 -2153.622319 -2153.622419 -2153.622513 -2153.622607 -2153.622711 -2153.622838 -2153.623005 -2153.623241 -2153.623592 -2153.624130 -2153.624980 -2153.626355 -2153.628639 -2153.632538 -2153.639400 -2153.651866 -2153.675234 -2153.720408 -2153.810705 -2153.998890 -2154.413513 -2155.395603 -2157.946438 -2165.384240 -2190.186463 -9999.0 -9999.0
-9999.0 -9999.0 125.015742 26.755378 -72.362559 -171.706425 -271.134466 -370.594366 -470.059250 -569.511264 -668.923330 -768.266224 -867.546132 -966.735362 -1065.887183 -1165.026974 -1263.953063 -1362.562574 -1460.625537 -1557.652037 -1652.616574 -1743.584537 -1827.682287 -1901.901207 -1964.242953 -2014.283438 -2052.952438 -2081.945147 -2103.177560 -2118.444841 -2129.266668 -2136.851333 -2142.119991 -2145.754338 -2148.248547 -2149.958415 -2151.152778 -2152.101251 -2153.287373 -2155.492189 -2153.732912 -2075.359577 -1266.420677 -1266.695548 -1255.947780 -1248.727133 -1245.327273 -1244.782570 -1244.722239 -1244.726792 -1244.740630 -1244.755611 -1244.770024 -1244.783381 -1244.795859 -1244.811068 -1244.861903 -1245.194335 -1247.026425 -1251.037913 -1256.023168 -1247.947048 -2049.688699 -2148.165344 -2154.220559 -2153.882777 -2153.677008 -2153.629798 -2153.621493 -2153.620523 -2153.620763 -2153.621131 -2153.621451 -2153.621705 -2153.621907 -2153.622070 -2153.622205 -2153.622319 -2153.622419 -2153.622513 -2153.622607 -2153.622711 -2153.622838 -2153.623005 -2153.623241 -2153.623592 -2153.624130 -2153.624980 -2153.626355 -2153.628639 -2153.632538 -2153.639400 -2153.651866 -2153.675234 -2153.720408 -2153.810705 -2153.998890 -2154.413513 -2155.395603 -2157.946438 -2165.384240 -2190.186463 -9999.0 -9999.0
-9999.0 -9999.0 125.006553 26.753617 -72.363002 -171.706554 -271.134507 -370.594380 -470.059255 -569.511266 -668.923331 -768.266225 -867.546133 -966.735363 -1065.887183 -1165.026974 -1263.953062 -1362.562574 -1460.625536 -1557.652037 -1652.616574 -1743.584537 -1827.682287 -1901.901207 -1964.242953 -2014.283438 -2052.952438 -2081.945147 -2103.177560 -2118.444841 -2129.266668 -2136.851333 -2142.119991 -2145.754338 -2148.248547 -2149.958415 -2151.152778 -2152.101251 -2153.287373 -2155.492189 -2153.732912 -2075.359577 -1266.420677 -1266.695548 -1255.947780 -1248.727133 -1245.327273 -1244.782570 -1244.722239 -1244.726792 -1244.740630 -1244.755611 -1244.770024 -1244.783381 -1244.795859 -1244.811068 -1244.861903 -1245.194335 -1247.026425 -1251.037913 -1256.023168 -1247.947048 -2049.688699 -2148.165344 -2154.220559 -2153.882777 -2153.677008 -2153.629798 -2153.621493 -2153.620523 -2153.620763 -2153.621131 -2153.621451 -2153.621705 -2153.621908 -2153.622070 -2153.622205 -2153.622319 -2153.622419 -2153.622513 -2153.622607 -2153.622711 -2153.622838 -2153.623005 -2153.623241 -2153.623592 -2153.624130 -2153.624980 -2153.626355 -2153.628639 -2153.632538 -2153.639400 -2153.651866 -2153.675234 -2153.720408 -2153.810705 -2153.998890 -2154.413513 -2155.395603 -2157.946438 -2165.384240 -2190.186463 -9999.0 -9999.0
-9999.0 -9999.0 -9999.0 -9999.0 -9999.0 -9999.0 -9999.0 -9999.0 -9999.0 -9999.0 -9999.0 -9999.0 -9999.0 -9999.0 -9999.0 -9999.0 -9999.0 -9999.0 -9999.0 -9999.0 -9999.0 -9999.0 -9999.0 -9999.0 -9999.0 -9999.0 -9999.0 -9999.0 -9999.0 -9999.0 -9999.0 -9999.0 -9999.0 -9999.0 -9999.0 -9999.0 -9999.0 -9999.0 -9999.0 -9999.0 -9999.0 -9999.0 -9999.0 -9999.0 -9999.0 -9999.0 -9999.0 -9999.0 -9999.0 -9999.0 -9999.0 -9999.0 -9999.0 -9999.0 -9999.0 -9999.0 -9999.0 -9999.0 -9999.0 -9999.0 -9999.0 -9999.0 -9999.0 -9999.0 -9999.0 -9999.0 -9999.0 -9999.0 -9999.0 -9999.0 -9999.0 -9999.0 -9999.0 -9999.0 -9999.0 -9999.0 -9999.0 -9999.0 -9999.0 -9999.0 -9999.0 -9999.0 -9999.0 -9999.0 -9999.0 -9999.0 -9999.0 -9999.0 -9999.0 -9999.0 -9999.0 -9999.0 -9999.0 -9999.0 -9999.0 -9999.0 -9999.0 -9999.0 -9999.0 -9999.0 -9999.0 -9999.0 -9999.0 -9999.0
-9999.0 -9999.0 -9999.0 -9999.0 -9999.0 -9999.0 -9999.0 -9999.0 -9999.0 -9999.0 -9999.0 -9999.0 -9999.0 -9999.0 -9999.0 -9999.0 -9999.0 -9999.0 -9999.0 -9999.0 -9999.0 -9999.0 -9999.0 -9999.0 -9999.0 -9999.0 -9999.0 -9999.0 -9999.0 -9999.0 -9999.0 -9999.0 -9999.0 -9999.0 -9999.0 -9999.0 -9999.0 -9999.0 -9999.0 -9999.0 -9999.0 -9999.0 -9999.0 -9999.0 -9999.0 -9999.0 -9999.0 -9999.0 -9999.0 -9999.0 -9999.0 -9999.0 -9999.0 -9999.0 -9999.0 -9999.0 -9999.0 -9999.0 -9999.0 -9999.0 -9999.0 -9999.0 -9999.0 -9999.0 -9999.0 -9999.0 -9999.0 -9999.0 -9999.0 -9999.0 -9999.0 -9999.0 -9999.0 -9999.0 -9999.0 -9999.0 -9999.0 -9999.0 -9999.0 -9999.0 -9999.0 -9999.0 -9999.0 -9999.0 -9999.0 -9999.0 -9999.0 -9999.0 -9999.0 -9999.0 -9999.0 -9999.0 -9999.0 -9999.0 -9999.0 -9999.0 -9999.0 -9999.0 -9999.0 -9999.0 -9999.0 -9999.0 -9999.0 -9999.0