inst/processing_geotop_simulation/geotop_simulation/out/maps3D/PwL0009N0114.asc
ncols         104
nrows         10
xllcorner     -2.000000
yllcorner     0.000000
cellsize      1.000000
NODATA_value  -9999.0
-9999.0 -9999.0 -9999.0 -9999.0 -9999.0 -9999.0 -9999.0 -9999.0 -9999.0 -9999.0 -9999.0 -9999.0 -9999.0 -9999.0 -9999.0 -9999.0 -9999.0 -9999.0 -9999.0 -9999.0 -9999.0 -9999.0 -9999.0 -9999.0 -9999.0 -9999.0 -9999.0 -9999.0 -9999.0 -9999.0 -9999.0 -9999.0 -9999.0 -9999.0 -9999.0 -9999.0 -9999.0 -9999.0 -9999.0 -9999.0 -9999.0 -9999.0 -9999.0 -9999.0 -9999.0 -9999.0 -9999.0 -9999.0 -9999.0 -9999.0 -9999.0 -9999.0 -9999.0 -9999.0 -9999.0 -9999.0 -9999.0 -9999.0 -9999.0 -9999.0 -9999.0 -9999.0 -9999.0 -9999.0 -9999.0 -9999.0 -9999.0 -9999.0 -9999.0 -9999.0 -9999.0 -9999.0 -9999.0 -9999.0 -9999.0 -9999.0 -9999.0 -9999.0 -9999.0 -9999.0 -9999.0 -9999.0 -9999.0 -9999.0 -9999.0 -9999.0 -9999.0 -9999.0 -9999.0 -9999.0 -9999.0 -9999.0 -9999.0 -9999.0 -9999.0 -9999.0 -9999.0 -9999.0 -9999.0 -9999.0 -9999.0 -9999.0 -9999.0 -9999.0
-9999.0 -9999.0 -9999.0 -9999.0 -9999.0 -9999.0 -9999.0 -9999.0 -9999.0 -9999.0 -9999.0 -9999.0 -9999.0 -9999.0 -9999.0 -9999.0 -9999.0 -9999.0 -9999.0 -9999.0 -9999.0 -9999.0 -9999.0 -9999.0 -9999.0 -9999.0 -9999.0 -9999.0 -9999.0 -9999.0 -9999.0 -9999.0 -9999.0 -9999.0 -9999.0 -9999.0 -9999.0 -9999.0 -9999.0 -9999.0 -9999.0 -9999.0 -9999.0 -9999.0 -9999.0 -9999.0 -9999.0 -9999.0 -9999.0 -9999.0 -9999.0 -9999.0 -9999.0 -9999.0 -9999.0 -9999.0 -9999.0 -9999.0 -9999.0 -9999.0 -9999.0 -9999.0 -9999.0 -9999.0 -9999.0 -9999.0 -9999.0 -9999.0 -9999.0 -9999.0 -9999.0 -9999.0 -9999.0 -9999.0 -9999.0 -9999.0 -9999.0 -9999.0 -9999.0 -9999.0 -9999.0 -9999.0 -9999.0 -9999.0 -9999.0 -9999.0 -9999.0 -9999.0 -9999.0 -9999.0 -9999.0 -9999.0 -9999.0 -9999.0 -9999.0 -9999.0 -9999.0 -9999.0 -9999.0 -9999.0 -9999.0 -9999.0 -9999.0 -9999.0
-9999.0 -9999.0 438.804015 351.372462 259.693209 166.160011 71.852561 -22.764765 -117.475743 -212.187860 -306.844688 -401.487300 -496.963554 -596.178695 -700.575482 -800.016950 -898.294911 -993.143396 -1082.154629 -1162.964223 -1215.962125 -1247.054390 -1263.490842 -1271.737668 -1276.019889 -1278.606269 -1280.519183 -1282.120545 -1283.491424 -1284.633044 -1285.546880 -1286.251490 -1286.777893 -1287.160816 -1287.432781 -1287.623217 -1287.764937 -1287.907132 -1288.165006 -1289.405068 -1298.048864 -1351.582666 -1440.411082 -1748.604097 -1622.728472 -1552.546019 -1521.510945 -1517.720370 -1517.343751 -1517.383949 -1517.482868 -1517.588679 -1517.690207 -1517.784133 -1517.870890 -1517.968270 -1518.254861 -1520.324674 -1535.935388 -1572.317357 -1635.783822 -1312.240844 -1327.502761 -1294.459348 -1288.989299 -1288.260815 -1288.153538 -1288.135912 -1288.134301 -1288.135637 -1288.137232 -1288.138560 -1288.139580 -1288.140351 -1288.140939 -1288.141395 -1288.141754 -1288.142044 -1288.142284 -1288.142495 -1288.142700 -1288.142925 -1288.143206 -1288.143595 -1288.144167 -1288.145046 -1288.146424 -1288.148624 -1288.152181 -1288.158028 -1288.167827 -1288.184660 -1288.214413 -1288.268621 -1288.370211 -1288.565085 -1288.946112 -1289.707419 -1291.284862 -1294.753880 -1303.028299 -1325.886202 -9999.0 -9999.0
-9999.0 -9999.0 438.811640 351.374512 259.693773 166.160180 71.852615 -22.764747 -117.475737 -212.187858 -306.844687 -401.487299 -496.963554 -596.178695 -700.575482 -800.016950 -898.294912 -993.143396 -1082.154629 -1162.964223 -1215.962125 -1247.054390 -1263.490842 -1271.737668 -1276.019889 -1278.606269 -1280.519183 -1282.120545 -1283.491424 -1284.633044 -1285.546880 -1286.251490 -1286.777893 -1287.160816 -1287.432781 -1287.623217 -1287.764937 -1287.907132 -1288.165006 -1289.405068 -1298.048864 -1351.582666 -1440.411082 -1748.604096 -1622.728471 -1552.546017 -1521.510945 -1517.720370 -1517.343751 -1517.383949 -1517.482868 -1517.588679 -1517.690207 -1517.784133 -1517.870890 -1517.968270 -1518.254861 -1520.324674 -1535.935388 -1572.317357 -1635.783822 -1312.240844 -1327.502761 -1294.459348 -1288.989299 -1288.260815 -1288.153538 -1288.135912 -1288.134301 -1288.135637 -1288.137232 -1288.138560 -1288.139580 -1288.140351 -1288.140939 -1288.141395 -1288.141754 -1288.142044 -1288.142284 -1288.142495 -1288.142700 -1288.142925 -1288.143206 -1288.143595 -1288.144167 -1288.145046 -1288.146424 -1288.148624 -1288.152181 -1288.158028 -1288.167827 -1288.184660 -1288.214413 -1288.268621 -1288.370211 -1288.565085 -1288.946112 -1289.707419 -1291.284862 -1294.753880 -1303.028299 -1325.886202 -9999.0 -9999.0
-9999.0 -9999.0 438.813328 351.375411 259.694135 166.160313 71.852663 -22.764730 -117.475731 -212.187856 -306.844686 -401.487299 -496.963554 -596.178695 -700.575482 -800.016950 -898.294912 -993.143397 -1082.154629 -1162.964223 -1215.962126 -1247.054390 -1263.490842 -1271.737668 -1276.019889 -1278.606269 -1280.519183 -1282.120545 -1283.491424 -1284.633044 -1285.546880 -1286.251490 -1286.777893 -1287.160816 -1287.432781 -1287.623217 -1287.764937 -1287.907132 -1288.165006 -1289.405068 -1298.048864 -1351.582666 -1440.411082 -1748.604096 -1622.728471 -1552.546016 -1521.510945 -1517.720370 -1517.343751 -1517.383949 -1517.482868 -1517.588679 -1517.690207 -1517.784133 -1517.870890 -1517.968270 -1518.254861 -1520.324674 -1535.935388 -1572.317357 -1635.783822 -1312.240844 -1327.502761 -1294.459348 -1288.989299 -1288.260815 -1288.153538 -1288.135912 -1288.134301 -1288.135637 -1288.137232 -1288.138560 -1288.139580 -1288.140351 -1288.140939 -1288.141395 -1288.141754 -1288.142044 -1288.142284 -1288.142495 -1288.142700 -1288.142925 -1288.143206 -1288.143595 -1288.144167 -1288.145046 -1288.146424 -1288.148624 -1288.152181 -1288.158028 -1288.167827 -1288.184660 -1288.214413 -1288.268621 -1288.370211 -1288.565085 -1288.946112 -1289.707419 -1291.284862 -1294.753880 -1303.028299 -1325.886202 -9999.0 -9999.0
-9999.0 -9999.0 438.813328 351.375411 259.694135 166.160313 71.852663 -22.764730 -117.475731 -212.187856 -306.844686 -401.487299 -496.963554 -596.178695 -700.575482 -800.016950 -898.294912 -993.143397 -1082.154629 -1162.964223 -1215.962126 -1247.054390 -1263.490842 -1271.737668 -1276.019889 -1278.606269 -1280.519183 -1282.120545 -1283.491424 -1284.633044 -1285.546880 -1286.251490 -1286.777893 -1287.160816 -1287.432781 -1287.623217 -1287.764937 -1287.907132 -1288.165006 -1289.405068 -1298.048864 -1351.582666 -1440.411082 -1748.604096 -1622.728471 -1552.546016 -1521.510945 -1517.720370 -1517.343751 -1517.383949 -1517.482868 -1517.588679 -1517.690207 -1517.784133 -1517.870890 -1517.968270 -1518.254861 -1520.324674 -1535.935388 -1572.317357 -1635.783822 -1312.240844 -1327.502761 -1294.459348 -1288.989299 -1288.260815 -1288.153538 -1288.135912 -1288.134301 -1288.135637 -1288.137232 -1288.138560 -1288.139580 -1288.140351 -1288.140939 -1288.141395 -1288.141754 -1288.142044 -1288.142284 -1288.142495 -1288.142700 -1288.142925 -1288.143206 -1288.143595 -1288.144167 -1288.145046 -1288.146424 -1288.148624 -1288.152181 -1288.158028 -1288.167827 -1288.184660 -1288.214413 -1288.268621 -1288.370211 -1288.565085 -1288.946112 -1289.707419 -1291.284862 -1294.753880 -1303.028299 -1325.886202 -9999.0 -9999.0
-9999.0 -9999.0 438.811640 351.374512 259.693773 166.160180 71.852615 -22.764747 -117.475737 -212.187858 -306.844687 -401.487299 -496.963554 -596.178695 -700.575482 -800.016950 -898.294912 -993.143396 -1082.154629 -1162.964223 -1215.962125 -1247.054390 -1263.490842 -1271.737668 -1276.019889 -1278.606269 -1280.519183 -1282.120545 -1283.491424 -1284.633044 -1285.546880 -1286.251490 -1286.777893 -1287.160816 -1287.432781 -1287.623217 -1287.764937 -1287.907132 -1288.165006 -1289.405068 -1298.048864 -1351.582666 -1440.411082 -1748.604096 -1622.728471 -1552.546017 -1521.510945 -1517.720370 -1517.343751 -1517.383949 -1517.482868 -1517.588679 -1517.690207 -1517.784133 -1517.870890 -1517.968270 -1518.254861 -1520.324674 -1535.935388 -1572.317357 -1635.783822 -1312.240844 -1327.502761 -1294.459348 -1288.989299 -1288.260815 -1288.153538 -1288.135912 -1288.134301 -1288.135637 -1288.137232 -1288.138560 -1288.139580 -1288.140351 -1288.140939 -1288.141395 -1288.141754 -1288.142044 -1288.142284 -1288.142495 -1288.142700 -1288.142925 -1288.143206 -1288.143595 -1288.144167 -1288.145046 -1288.146424 -1288.148624 -1288.152181 -1288.158028 -1288.167827 -1288.184660 -1288.214413 -1288.268621 -1288.370211 -1288.565085 -1288.946112 -1289.707419 -1291.284862 -1294.753880 -1303.028299 -1325.886202 -9999.0 -9999.0
-9999.0 -9999.0 438.804015 351.372462 259.693209 166.160011 71.852561 -22.764765 -117.475743 -212.187861 -306.844688 -401.487300 -496.963554 -596.178696 -700.575482 -800.016950 -898.294911 -993.143396 -1082.154629 -1162.964223 -1215.962125 -1247.054390 -1263.490842 -1271.737668 -1276.019889 -1278.606269 -1280.519183 -1282.120545 -1283.491424 -1284.633044 -1285.546880 -1286.251490 -1286.777893 -1287.160816 -1287.432781 -1287.623217 -1287.764937 -1287.907132 -1288.165006 -1289.405068 -1298.048864 -1351.582666 -1440.411082 -1748.604097 -1622.728472 -1552.546019 -1521.510945 -1517.720370 -1517.343751 -1517.383949 -1517.482868 -1517.588679 -1517.690207 -1517.784133 -1517.870890 -1517.968270 -1518.254861 -1520.324674 -1535.935388 -1572.317357 -1635.783822 -1312.240844 -1327.502761 -1294.459348 -1288.989299 -1288.260815 -1288.153538 -1288.135912 -1288.134301 -1288.135637 -1288.137232 -1288.138560 -1288.139580 -1288.140351 -1288.140939 -1288.141395 -1288.141754 -1288.142044 -1288.142284 -1288.142495 -1288.142700 -1288.142925 -1288.143206 -1288.143595 -1288.144167 -1288.145046 -1288.146424 -1288.148624 -1288.152181 -1288.158028 -1288.167827 -1288.184660 -1288.214413 -1288.268621 -1288.370211 -1288.565085 -1288.946112 -1289.707419 -1291.284862 -1294.753880 -1303.028299 -1325.886202 -9999.0 -9999.0
-9999.0 -9999.0 -9999.0 -9999.0 -9999.0 -9999.0 -9999.0 -9999.0 -9999.0 -9999.0 -9999.0 -9999.0 -9999.0 -9999.0 -9999.0 -9999.0 -9999.0 -9999.0 -9999.0 -9999.0 -9999.0 -9999.0 -9999.0 -9999.0 -9999.0 -9999.0 -9999.0 -9999.0 -9999.0 -9999.0 -9999.0 -9999.0 -9999.0 -9999.0 -9999.0 -9999.0 -9999.0 -9999.0 -9999.0 -9999.0 -9999.0 -9999.0 -9999.0 -9999.0 -9999.0 -9999.0 -9999.0 -9999.0 -9999.0 -9999.0 -9999.0 -9999.0 -9999.0 -9999.0 -9999.0 -9999.0 -9999.0 -9999.0 -9999.0 -9999.0 -9999.0 -9999.0 -9999.0 -9999.0 -9999.0 -9999.0 -9999.0 -9999.0 -9999.0 -9999.0 -9999.0 -9999.0 -9999.0 -9999.0 -9999.0 -9999.0 -9999.0 -9999.0 -9999.0 -9999.0 -9999.0 -9999.0 -9999.0 -9999.0 -9999.0 -9999.0 -9999.0 -9999.0 -9999.0 -9999.0 -9999.0 -9999.0 -9999.0 -9999.0 -9999.0 -9999.0 -9999.0 -9999.0 -9999.0 -9999.0 -9999.0 -9999.0 -9999.0 -9999.0
-9999.0 -9999.0 -9999.0 -9999.0 -9999.0 -9999.0 -9999.0 -9999.0 -9999.0 -9999.0 -9999.0 -9999.0 -9999.0 -9999.0 -9999.0 -9999.0 -9999.0 -9999.0 -9999.0 -9999.0 -9999.0 -9999.0 -9999.0 -9999.0 -9999.0 -9999.0 -9999.0 -9999.0 -9999.0 -9999.0 -9999.0 -9999.0 -9999.0 -9999.0 -9999.0 -9999.0 -9999.0 -9999.0 -9999.0 -9999.0 -9999.0 -9999.0 -9999.0 -9999.0 -9999.0 -9999.0 -9999.0 -9999.0 -9999.0 -9999.0 -9999.0 -9999.0 -9999.0 -9999.0 -9999.0 -9999.0 -9999.0 -9999.0 -9999.0 -9999.0 -9999.0 -9999.0 -9999.0 -9999.0 -9999.0 -9999.0 -9999.0 -9999.0 -9999.0 -9999.0 -9999.0 -9999.0 -9999.0 -9999.0 -9999.0 -9999.0 -9999.0 -9999.0 -9999.0 -9999.0 -9999.0 -9999.0 -9999.0 -9999.0 -9999.0 -9999.0 -9999.0 -9999.0 -9999.0 -9999.0 -9999.0 -9999.0 -9999.0 -9999.0 -9999.0 -9999.0 -9999.0 -9999.0 -9999.0 -9999.0 -9999.0 -9999.0 -9999.0 -9999.0