inst/processing_geotop_simulation/geotop_simulation/out/maps3D/PwL0004N0099.asc
ncols         104
nrows         10
xllcorner     -2.000000
yllcorner     0.000000
cellsize      1.000000
NODATA_value  -9999.0
-9999.0 -9999.0 -9999.0 -9999.0 -9999.0 -9999.0 -9999.0 -9999.0 -9999.0 -9999.0 -9999.0 -9999.0 -9999.0 -9999.0 -9999.0 -9999.0 -9999.0 -9999.0 -9999.0 -9999.0 -9999.0 -9999.0 -9999.0 -9999.0 -9999.0 -9999.0 -9999.0 -9999.0 -9999.0 -9999.0 -9999.0 -9999.0 -9999.0 -9999.0 -9999.0 -9999.0 -9999.0 -9999.0 -9999.0 -9999.0 -9999.0 -9999.0 -9999.0 -9999.0 -9999.0 -9999.0 -9999.0 -9999.0 -9999.0 -9999.0 -9999.0 -9999.0 -9999.0 -9999.0 -9999.0 -9999.0 -9999.0 -9999.0 -9999.0 -9999.0 -9999.0 -9999.0 -9999.0 -9999.0 -9999.0 -9999.0 -9999.0 -9999.0 -9999.0 -9999.0 -9999.0 -9999.0 -9999.0 -9999.0 -9999.0 -9999.0 -9999.0 -9999.0 -9999.0 -9999.0 -9999.0 -9999.0 -9999.0 -9999.0 -9999.0 -9999.0 -9999.0 -9999.0 -9999.0 -9999.0 -9999.0 -9999.0 -9999.0 -9999.0 -9999.0 -9999.0 -9999.0 -9999.0 -9999.0 -9999.0 -9999.0 -9999.0 -9999.0 -9999.0
-9999.0 -9999.0 -9999.0 -9999.0 -9999.0 -9999.0 -9999.0 -9999.0 -9999.0 -9999.0 -9999.0 -9999.0 -9999.0 -9999.0 -9999.0 -9999.0 -9999.0 -9999.0 -9999.0 -9999.0 -9999.0 -9999.0 -9999.0 -9999.0 -9999.0 -9999.0 -9999.0 -9999.0 -9999.0 -9999.0 -9999.0 -9999.0 -9999.0 -9999.0 -9999.0 -9999.0 -9999.0 -9999.0 -9999.0 -9999.0 -9999.0 -9999.0 -9999.0 -9999.0 -9999.0 -9999.0 -9999.0 -9999.0 -9999.0 -9999.0 -9999.0 -9999.0 -9999.0 -9999.0 -9999.0 -9999.0 -9999.0 -9999.0 -9999.0 -9999.0 -9999.0 -9999.0 -9999.0 -9999.0 -9999.0 -9999.0 -9999.0 -9999.0 -9999.0 -9999.0 -9999.0 -9999.0 -9999.0 -9999.0 -9999.0 -9999.0 -9999.0 -9999.0 -9999.0 -9999.0 -9999.0 -9999.0 -9999.0 -9999.0 -9999.0 -9999.0 -9999.0 -9999.0 -9999.0 -9999.0 -9999.0 -9999.0 -9999.0 -9999.0 -9999.0 -9999.0 -9999.0 -9999.0 -9999.0 -9999.0 -9999.0 -9999.0 -9999.0 -9999.0
-9999.0 -9999.0 185.530799 100.424450 8.388752 -85.634472 -180.433461 -275.578954 -370.938810 -466.577603 -563.582174 -674.958263 -811.834317 -937.244555 -1047.742381 -1147.266025 -1238.279338 -1306.511742 -1336.767362 -1345.980981 -1345.934338 -1343.181540 -1340.752454 -1339.715385 -1340.168506 -1341.776169 -1344.049404 -1346.517402 -1348.832292 -1350.802443 -1352.366697 -1353.546298 -1354.401587 -1355.002450 -1355.412855 -1355.686787 -1355.876117 -1356.045235 -1356.269400 -1357.050557 -1363.103227 -1390.493700 -934.016100 -937.233407 -920.338757 -909.983784 -905.159320 -904.508836 -904.444387 -904.456719 -904.480955 -904.506667 -904.531337 -904.554156 -904.575132 -904.597617 -904.655104 -905.035752 -907.573724 -913.369489 -922.949365 -908.319389 -1372.035752 -1360.650224 -1356.969053 -1356.421424 -1356.328201 -1356.311777 -1356.310757 -1356.312601 -1356.314603 -1356.316238 -1356.317486 -1356.318426 -1356.319142 -1356.319696 -1356.320134 -1356.320485 -1356.320776 -1356.321031 -1356.321276 -1356.321545 -1356.321878 -1356.322336 -1356.323011 -1356.324045 -1356.325665 -1356.328246 -1356.332413 -1356.339242 -1356.350651 -1356.370169 -1356.404513 -1356.466809 -1356.583093 -1356.805273 -1357.237050 -1358.088870 -1359.810414 -1363.453715 -1371.764407 -1393.909360 -9999.0 -9999.0
-9999.0 -9999.0 185.541925 100.426762 8.389342 -85.634300 -180.433408 -275.578936 -370.938804 -466.577601 -563.582174 -674.958263 -811.834317 -937.244555 -1047.742381 -1147.266025 -1238.279338 -1306.511742 -1336.767362 -1345.980981 -1345.934338 -1343.181540 -1340.752454 -1339.715385 -1340.168506 -1341.776169 -1344.049404 -1346.517402 -1348.832292 -1350.802443 -1352.366697 -1353.546298 -1354.401587 -1355.002450 -1355.412855 -1355.686787 -1355.876117 -1356.045235 -1356.269400 -1357.050557 -1363.103227 -1390.493700 -934.016100 -937.233407 -920.338757 -909.983783 -905.159320 -904.508836 -904.444387 -904.456719 -904.480955 -904.506667 -904.531337 -904.554156 -904.575132 -904.597617 -904.655104 -905.035752 -907.573724 -913.369489 -922.949365 -908.319389 -1372.035752 -1360.650224 -1356.969053 -1356.421424 -1356.328201 -1356.311777 -1356.310757 -1356.312601 -1356.314603 -1356.316238 -1356.317486 -1356.318426 -1356.319142 -1356.319696 -1356.320134 -1356.320485 -1356.320776 -1356.321031 -1356.321276 -1356.321545 -1356.321878 -1356.322336 -1356.323011 -1356.324045 -1356.325665 -1356.328246 -1356.332413 -1356.339242 -1356.350651 -1356.370169 -1356.404513 -1356.466809 -1356.583093 -1356.805273 -1357.237050 -1358.088870 -1359.810414 -1363.453715 -1371.764407 -1393.909360 -9999.0 -9999.0
-9999.0 -9999.0 185.543493 100.427697 8.389714 -85.634166 -180.433360 -275.578920 -370.938798 -466.577599 -563.582173 -674.958263 -811.834318 -937.244555 -1047.742381 -1147.266025 -1238.279338 -1306.511742 -1336.767362 -1345.980981 -1345.934338 -1343.181540 -1340.752454 -1339.715385 -1340.168506 -1341.776169 -1344.049404 -1346.517402 -1348.832292 -1350.802443 -1352.366697 -1353.546298 -1354.401587 -1355.002450 -1355.412855 -1355.686787 -1355.876117 -1356.045235 -1356.269400 -1357.050557 -1363.103227 -1390.493700 -934.016100 -937.233407 -920.338757 -909.983783 -905.159320 -904.508836 -904.444387 -904.456719 -904.480955 -904.506667 -904.531337 -904.554156 -904.575132 -904.597617 -904.655104 -905.035752 -907.573724 -913.369489 -922.949365 -908.319389 -1372.035752 -1360.650224 -1356.969053 -1356.421424 -1356.328201 -1356.311777 -1356.310757 -1356.312601 -1356.314603 -1356.316238 -1356.317486 -1356.318426 -1356.319142 -1356.319696 -1356.320134 -1356.320485 -1356.320776 -1356.321031 -1356.321276 -1356.321545 -1356.321878 -1356.322336 -1356.323011 -1356.324045 -1356.325665 -1356.328246 -1356.332413 -1356.339242 -1356.350651 -1356.370169 -1356.404513 -1356.466809 -1356.583093 -1356.805273 -1357.237050 -1358.088870 -1359.810414 -1363.453715 -1371.764407 -1393.909360 -9999.0 -9999.0
-9999.0 -9999.0 185.543493 100.427697 8.389714 -85.634166 -180.433360 -275.578920 -370.938798 -466.577599 -563.582173 -674.958263 -811.834318 -937.244555 -1047.742381 -1147.266025 -1238.279338 -1306.511742 -1336.767362 -1345.980981 -1345.934338 -1343.181540 -1340.752454 -1339.715385 -1340.168506 -1341.776169 -1344.049404 -1346.517402 -1348.832292 -1350.802443 -1352.366697 -1353.546298 -1354.401587 -1355.002450 -1355.412855 -1355.686787 -1355.876117 -1356.045235 -1356.269400 -1357.050557 -1363.103227 -1390.493700 -934.016100 -937.233407 -920.338757 -909.983783 -905.159320 -904.508836 -904.444387 -904.456719 -904.480955 -904.506667 -904.531337 -904.554156 -904.575132 -904.597617 -904.655104 -905.035752 -907.573724 -913.369489 -922.949365 -908.319389 -1372.035752 -1360.650224 -1356.969053 -1356.421424 -1356.328201 -1356.311777 -1356.310757 -1356.312601 -1356.314603 -1356.316238 -1356.317486 -1356.318426 -1356.319142 -1356.319696 -1356.320134 -1356.320485 -1356.320776 -1356.321031 -1356.321276 -1356.321545 -1356.321878 -1356.322336 -1356.323011 -1356.324045 -1356.325665 -1356.328246 -1356.332413 -1356.339242 -1356.350651 -1356.370169 -1356.404513 -1356.466809 -1356.583093 -1356.805273 -1357.237050 -1358.088870 -1359.810414 -1363.453715 -1371.764407 -1393.909360 -9999.0 -9999.0
-9999.0 -9999.0 185.541925 100.426762 8.389342 -85.634300 -180.433407 -275.578936 -370.938804 -466.577601 -563.582174 -674.958263 -811.834317 -937.244555 -1047.742381 -1147.266025 -1238.279338 -1306.511742 -1336.767362 -1345.980981 -1345.934338 -1343.181540 -1340.752454 -1339.715385 -1340.168506 -1341.776169 -1344.049404 -1346.517402 -1348.832292 -1350.802443 -1352.366697 -1353.546298 -1354.401587 -1355.002450 -1355.412855 -1355.686787 -1355.876117 -1356.045235 -1356.269400 -1357.050557 -1363.103227 -1390.493700 -934.016100 -937.233407 -920.338757 -909.983783 -905.159320 -904.508836 -904.444387 -904.456719 -904.480955 -904.506667 -904.531337 -904.554156 -904.575132 -904.597617 -904.655104 -905.035752 -907.573724 -913.369489 -922.949365 -908.319389 -1372.035752 -1360.650224 -1356.969053 -1356.421424 -1356.328201 -1356.311777 -1356.310757 -1356.312601 -1356.314603 -1356.316238 -1356.317486 -1356.318426 -1356.319142 -1356.319696 -1356.320134 -1356.320485 -1356.320776 -1356.321031 -1356.321276 -1356.321545 -1356.321878 -1356.322336 -1356.323011 -1356.324045 -1356.325665 -1356.328246 -1356.332413 -1356.339242 -1356.350651 -1356.370169 -1356.404513 -1356.466809 -1356.583093 -1356.805273 -1357.237050 -1358.088870 -1359.810414 -1363.453715 -1371.764407 -1393.909360 -9999.0 -9999.0
-9999.0 -9999.0 185.530799 100.424450 8.388752 -85.634472 -180.433461 -275.578954 -370.938810 -466.577603 -563.582174 -674.958263 -811.834317 -937.244555 -1047.742381 -1147.266025 -1238.279338 -1306.511742 -1336.767362 -1345.980981 -1345.934338 -1343.181540 -1340.752454 -1339.715385 -1340.168506 -1341.776169 -1344.049404 -1346.517402 -1348.832292 -1350.802443 -1352.366697 -1353.546298 -1354.401587 -1355.002450 -1355.412855 -1355.686787 -1355.876117 -1356.045235 -1356.269400 -1357.050557 -1363.103227 -1390.493700 -934.016100 -937.233407 -920.338757 -909.983784 -905.159320 -904.508836 -904.444387 -904.456719 -904.480955 -904.506667 -904.531337 -904.554156 -904.575132 -904.597617 -904.655104 -905.035752 -907.573724 -913.369489 -922.949365 -908.319389 -1372.035752 -1360.650224 -1356.969053 -1356.421424 -1356.328201 -1356.311777 -1356.310757 -1356.312601 -1356.314603 -1356.316238 -1356.317486 -1356.318426 -1356.319142 -1356.319696 -1356.320134 -1356.320485 -1356.320776 -1356.321031 -1356.321276 -1356.321545 -1356.321878 -1356.322336 -1356.323011 -1356.324045 -1356.325665 -1356.328246 -1356.332413 -1356.339242 -1356.350651 -1356.370169 -1356.404513 -1356.466809 -1356.583093 -1356.805273 -1357.237050 -1358.088870 -1359.810414 -1363.453715 -1371.764407 -1393.909360 -9999.0 -9999.0
-9999.0 -9999.0 -9999.0 -9999.0 -9999.0 -9999.0 -9999.0 -9999.0 -9999.0 -9999.0 -9999.0 -9999.0 -9999.0 -9999.0 -9999.0 -9999.0 -9999.0 -9999.0 -9999.0 -9999.0 -9999.0 -9999.0 -9999.0 -9999.0 -9999.0 -9999.0 -9999.0 -9999.0 -9999.0 -9999.0 -9999.0 -9999.0 -9999.0 -9999.0 -9999.0 -9999.0 -9999.0 -9999.0 -9999.0 -9999.0 -9999.0 -9999.0 -9999.0 -9999.0 -9999.0 -9999.0 -9999.0 -9999.0 -9999.0 -9999.0 -9999.0 -9999.0 -9999.0 -9999.0 -9999.0 -9999.0 -9999.0 -9999.0 -9999.0 -9999.0 -9999.0 -9999.0 -9999.0 -9999.0 -9999.0 -9999.0 -9999.0 -9999.0 -9999.0 -9999.0 -9999.0 -9999.0 -9999.0 -9999.0 -9999.0 -9999.0 -9999.0 -9999.0 -9999.0 -9999.0 -9999.0 -9999.0 -9999.0 -9999.0 -9999.0 -9999.0 -9999.0 -9999.0 -9999.0 -9999.0 -9999.0 -9999.0 -9999.0 -9999.0 -9999.0 -9999.0 -9999.0 -9999.0 -9999.0 -9999.0 -9999.0 -9999.0 -9999.0 -9999.0
-9999.0 -9999.0 -9999.0 -9999.0 -9999.0 -9999.0 -9999.0 -9999.0 -9999.0 -9999.0 -9999.0 -9999.0 -9999.0 -9999.0 -9999.0 -9999.0 -9999.0 -9999.0 -9999.0 -9999.0 -9999.0 -9999.0 -9999.0 -9999.0 -9999.0 -9999.0 -9999.0 -9999.0 -9999.0 -9999.0 -9999.0 -9999.0 -9999.0 -9999.0 -9999.0 -9999.0 -9999.0 -9999.0 -9999.0 -9999.0 -9999.0 -9999.0 -9999.0 -9999.0 -9999.0 -9999.0 -9999.0 -9999.0 -9999.0 -9999.0 -9999.0 -9999.0 -9999.0 -9999.0 -9999.0 -9999.0 -9999.0 -9999.0 -9999.0 -9999.0 -9999.0 -9999.0 -9999.0 -9999.0 -9999.0 -9999.0 -9999.0 -9999.0 -9999.0 -9999.0 -9999.0 -9999.0 -9999.0 -9999.0 -9999.0 -9999.0 -9999.0 -9999.0 -9999.0 -9999.0 -9999.0 -9999.0 -9999.0 -9999.0 -9999.0 -9999.0 -9999.0 -9999.0 -9999.0 -9999.0 -9999.0 -9999.0 -9999.0 -9999.0 -9999.0 -9999.0 -9999.0 -9999.0 -9999.0 -9999.0 -9999.0 -9999.0 -9999.0 -9999.0