inst/processing_geotop_simulation/geotop_simulation/out/maps3D/PwL0004N0343.asc
ncols         104
nrows         10
xllcorner     -2.000000
yllcorner     0.000000
cellsize      1.000000
NODATA_value  -9999.0
-9999.0 -9999.0 -9999.0 -9999.0 -9999.0 -9999.0 -9999.0 -9999.0 -9999.0 -9999.0 -9999.0 -9999.0 -9999.0 -9999.0 -9999.0 -9999.0 -9999.0 -9999.0 -9999.0 -9999.0 -9999.0 -9999.0 -9999.0 -9999.0 -9999.0 -9999.0 -9999.0 -9999.0 -9999.0 -9999.0 -9999.0 -9999.0 -9999.0 -9999.0 -9999.0 -9999.0 -9999.0 -9999.0 -9999.0 -9999.0 -9999.0 -9999.0 -9999.0 -9999.0 -9999.0 -9999.0 -9999.0 -9999.0 -9999.0 -9999.0 -9999.0 -9999.0 -9999.0 -9999.0 -9999.0 -9999.0 -9999.0 -9999.0 -9999.0 -9999.0 -9999.0 -9999.0 -9999.0 -9999.0 -9999.0 -9999.0 -9999.0 -9999.0 -9999.0 -9999.0 -9999.0 -9999.0 -9999.0 -9999.0 -9999.0 -9999.0 -9999.0 -9999.0 -9999.0 -9999.0 -9999.0 -9999.0 -9999.0 -9999.0 -9999.0 -9999.0 -9999.0 -9999.0 -9999.0 -9999.0 -9999.0 -9999.0 -9999.0 -9999.0 -9999.0 -9999.0 -9999.0 -9999.0 -9999.0 -9999.0 -9999.0 -9999.0 -9999.0 -9999.0
-9999.0 -9999.0 -9999.0 -9999.0 -9999.0 -9999.0 -9999.0 -9999.0 -9999.0 -9999.0 -9999.0 -9999.0 -9999.0 -9999.0 -9999.0 -9999.0 -9999.0 -9999.0 -9999.0 -9999.0 -9999.0 -9999.0 -9999.0 -9999.0 -9999.0 -9999.0 -9999.0 -9999.0 -9999.0 -9999.0 -9999.0 -9999.0 -9999.0 -9999.0 -9999.0 -9999.0 -9999.0 -9999.0 -9999.0 -9999.0 -9999.0 -9999.0 -9999.0 -9999.0 -9999.0 -9999.0 -9999.0 -9999.0 -9999.0 -9999.0 -9999.0 -9999.0 -9999.0 -9999.0 -9999.0 -9999.0 -9999.0 -9999.0 -9999.0 -9999.0 -9999.0 -9999.0 -9999.0 -9999.0 -9999.0 -9999.0 -9999.0 -9999.0 -9999.0 -9999.0 -9999.0 -9999.0 -9999.0 -9999.0 -9999.0 -9999.0 -9999.0 -9999.0 -9999.0 -9999.0 -9999.0 -9999.0 -9999.0 -9999.0 -9999.0 -9999.0 -9999.0 -9999.0 -9999.0 -9999.0 -9999.0 -9999.0 -9999.0 -9999.0 -9999.0 -9999.0 -9999.0 -9999.0 -9999.0 -9999.0 -9999.0 -9999.0 -9999.0 -9999.0
-9999.0 -9999.0 175.564750 78.389462 -20.110372 -118.987112 -218.007735 -317.082445 -416.163124 -515.217352 -614.193444 -712.965647 -811.604309 -910.012018 -1008.300349 -1106.660453 -1204.411885 -1301.286292 -1396.688000 -1489.603037 -1578.134954 -1659.219933 -1729.610673 -1787.391108 -1832.549239 -1866.503284 -1891.305372 -1909.036966 -1921.506091 -1930.159086 -1936.098631 -1940.139064 -1942.867676 -1944.700018 -1945.925949 -1946.747580 -1947.315836 -1947.796930 -1948.596591 -1950.941493 -1954.811145 -1910.877878 -1182.062277 -1188.566336 -1175.931166 -1167.638066 -1163.747272 -1163.152574 -1163.088616 -1163.094612 -1163.110709 -1163.128047 -1163.144715 -1163.160154 -1163.174512 -1163.191454 -1163.245243 -1163.602726 -1165.679913 -1170.285166 -1176.457627 -1160.899548 -1885.991625 -1948.668562 -1949.504874 -1948.700270 -1948.494392 -1948.457101 -1948.451437 -1948.451082 -1948.451533 -1948.452016 -1948.452410 -1948.452716 -1948.452952 -1948.453137 -1948.453284 -1948.453405 -1948.453508 -1948.453600 -1948.453692 -1948.453794 -1948.453923 -1948.454101 -1948.454361 -1948.454760 -1948.455385 -1948.456386 -1948.458019 -1948.460735 -1948.465362 -1948.473471 -1948.488108 -1948.515336 -1948.567441 -1948.670042 -1948.879124 -1949.325830 -1950.344213 -1952.874664 -1959.962139 -1983.419116 -9999.0 -9999.0
-9999.0 -9999.0 175.574068 78.391369 -20.109888 -118.986971 -218.007690 -317.082429 -416.163118 -515.217350 -614.193443 -712.965647 -811.604309 -910.012018 -1008.300349 -1106.660453 -1204.411885 -1301.286292 -1396.688000 -1489.603037 -1578.134954 -1659.219934 -1729.610673 -1787.391109 -1832.549239 -1866.503284 -1891.305372 -1909.036966 -1921.506091 -1930.159086 -1936.098631 -1940.139064 -1942.867676 -1944.700018 -1945.925949 -1946.747580 -1947.315836 -1947.796930 -1948.596591 -1950.941493 -1954.811145 -1910.877878 -1182.062277 -1188.566336 -1175.931166 -1167.638065 -1163.747272 -1163.152574 -1163.088616 -1163.094612 -1163.110709 -1163.128047 -1163.144715 -1163.160154 -1163.174512 -1163.191454 -1163.245243 -1163.602726 -1165.679913 -1170.285166 -1176.457627 -1160.899548 -1885.991625 -1948.668562 -1949.504874 -1948.700270 -1948.494392 -1948.457101 -1948.451437 -1948.451082 -1948.451533 -1948.452016 -1948.452410 -1948.452716 -1948.452952 -1948.453137 -1948.453284 -1948.453405 -1948.453508 -1948.453600 -1948.453692 -1948.453794 -1948.453923 -1948.454101 -1948.454361 -1948.454760 -1948.455385 -1948.456386 -1948.458019 -1948.460735 -1948.465362 -1948.473471 -1948.488108 -1948.515336 -1948.567441 -1948.670042 -1948.879124 -1949.325830 -1950.344213 -1952.874664 -1959.962139 -1983.419116 -9999.0 -9999.0
-9999.0 -9999.0 175.575381 78.392146 -20.109581 -118.986859 -218.007650 -317.082415 -416.163113 -515.217348 -614.193442 -712.965646 -811.604309 -910.012018 -1008.300349 -1106.660453 -1204.411885 -1301.286292 -1396.688000 -1489.603037 -1578.134954 -1659.219934 -1729.610673 -1787.391109 -1832.549239 -1866.503284 -1891.305373 -1909.036967 -1921.506092 -1930.159086 -1936.098631 -1940.139064 -1942.867676 -1944.700018 -1945.925949 -1946.747580 -1947.315836 -1947.796930 -1948.596591 -1950.941493 -1954.811145 -1910.877878 -1182.062277 -1188.566336 -1175.931166 -1167.638065 -1163.747272 -1163.152574 -1163.088616 -1163.094612 -1163.110709 -1163.128047 -1163.144715 -1163.160154 -1163.174512 -1163.191454 -1163.245243 -1163.602726 -1165.679913 -1170.285166 -1176.457627 -1160.899548 -1885.991625 -1948.668562 -1949.504874 -1948.700270 -1948.494392 -1948.457101 -1948.451437 -1948.451082 -1948.451533 -1948.452016 -1948.452410 -1948.452716 -1948.452952 -1948.453137 -1948.453284 -1948.453405 -1948.453508 -1948.453600 -1948.453692 -1948.453794 -1948.453923 -1948.454101 -1948.454361 -1948.454760 -1948.455385 -1948.456386 -1948.458019 -1948.460735 -1948.465362 -1948.473471 -1948.488108 -1948.515336 -1948.567441 -1948.670042 -1948.879124 -1949.325830 -1950.344213 -1952.874664 -1959.962139 -1983.419116 -9999.0 -9999.0
-9999.0 -9999.0 175.575381 78.392146 -20.109580 -118.986859 -218.007650 -317.082415 -416.163113 -515.217348 -614.193442 -712.965646 -811.604309 -910.012018 -1008.300349 -1106.660453 -1204.411885 -1301.286292 -1396.688000 -1489.603037 -1578.134954 -1659.219934 -1729.610673 -1787.391109 -1832.549239 -1866.503284 -1891.305373 -1909.036967 -1921.506092 -1930.159086 -1936.098631 -1940.139064 -1942.867676 -1944.700018 -1945.925949 -1946.747580 -1947.315836 -1947.796930 -1948.596591 -1950.941493 -1954.811145 -1910.877878 -1182.062277 -1188.566336 -1175.931166 -1167.638065 -1163.747272 -1163.152574 -1163.088616 -1163.094612 -1163.110709 -1163.128047 -1163.144715 -1163.160154 -1163.174512 -1163.191454 -1163.245243 -1163.602726 -1165.679913 -1170.285166 -1176.457627 -1160.899548 -1885.991625 -1948.668562 -1949.504874 -1948.700270 -1948.494392 -1948.457101 -1948.451437 -1948.451082 -1948.451533 -1948.452016 -1948.452410 -1948.452716 -1948.452952 -1948.453137 -1948.453284 -1948.453405 -1948.453508 -1948.453600 -1948.453692 -1948.453794 -1948.453923 -1948.454101 -1948.454361 -1948.454760 -1948.455385 -1948.456386 -1948.458019 -1948.460735 -1948.465362 -1948.473471 -1948.488108 -1948.515336 -1948.567441 -1948.670042 -1948.879124 -1949.325830 -1950.344213 -1952.874664 -1959.962139 -1983.419116 -9999.0 -9999.0
-9999.0 -9999.0 175.574068 78.391369 -20.109888 -118.986970 -218.007690 -317.082429 -416.163118 -515.217350 -614.193443 -712.965647 -811.604309 -910.012018 -1008.300349 -1106.660453 -1204.411885 -1301.286292 -1396.688000 -1489.603037 -1578.134954 -1659.219934 -1729.610673 -1787.391109 -1832.549239 -1866.503284 -1891.305372 -1909.036966 -1921.506091 -1930.159086 -1936.098631 -1940.139064 -1942.867676 -1944.700018 -1945.925949 -1946.747580 -1947.315836 -1947.796930 -1948.596591 -1950.941493 -1954.811145 -1910.877878 -1182.062277 -1188.566336 -1175.931166 -1167.638065 -1163.747272 -1163.152574 -1163.088616 -1163.094612 -1163.110709 -1163.128047 -1163.144715 -1163.160154 -1163.174512 -1163.191454 -1163.245243 -1163.602726 -1165.679913 -1170.285166 -1176.457627 -1160.899548 -1885.991625 -1948.668562 -1949.504874 -1948.700270 -1948.494392 -1948.457101 -1948.451437 -1948.451082 -1948.451533 -1948.452016 -1948.452410 -1948.452716 -1948.452952 -1948.453137 -1948.453284 -1948.453405 -1948.453508 -1948.453600 -1948.453692 -1948.453794 -1948.453923 -1948.454101 -1948.454361 -1948.454760 -1948.455385 -1948.456386 -1948.458019 -1948.460735 -1948.465362 -1948.473471 -1948.488108 -1948.515336 -1948.567441 -1948.670042 -1948.879124 -1949.325830 -1950.344213 -1952.874664 -1959.962139 -1983.419116 -9999.0 -9999.0
-9999.0 -9999.0 175.564750 78.389461 -20.110372 -118.987112 -218.007735 -317.082445 -416.163124 -515.217352 -614.193444 -712.965647 -811.604309 -910.012018 -1008.300349 -1106.660453 -1204.411885 -1301.286292 -1396.688000 -1489.603037 -1578.134954 -1659.219933 -1729.610673 -1787.391108 -1832.549239 -1866.503284 -1891.305372 -1909.036966 -1921.506091 -1930.159086 -1936.098631 -1940.139064 -1942.867676 -1944.700018 -1945.925949 -1946.747580 -1947.315836 -1947.796930 -1948.596591 -1950.941493 -1954.811145 -1910.877878 -1182.062277 -1188.566336 -1175.931166 -1167.638066 -1163.747272 -1163.152574 -1163.088616 -1163.094612 -1163.110709 -1163.128047 -1163.144715 -1163.160154 -1163.174512 -1163.191454 -1163.245243 -1163.602726 -1165.679913 -1170.285166 -1176.457627 -1160.899548 -1885.991625 -1948.668562 -1949.504874 -1948.700270 -1948.494392 -1948.457101 -1948.451437 -1948.451082 -1948.451533 -1948.452016 -1948.452410 -1948.452716 -1948.452952 -1948.453137 -1948.453284 -1948.453405 -1948.453508 -1948.453600 -1948.453692 -1948.453794 -1948.453923 -1948.454101 -1948.454361 -1948.454760 -1948.455385 -1948.456386 -1948.458019 -1948.460735 -1948.465362 -1948.473471 -1948.488108 -1948.515336 -1948.567441 -1948.670042 -1948.879124 -1949.325830 -1950.344213 -1952.874664 -1959.962139 -1983.419116 -9999.0 -9999.0
-9999.0 -9999.0 -9999.0 -9999.0 -9999.0 -9999.0 -9999.0 -9999.0 -9999.0 -9999.0 -9999.0 -9999.0 -9999.0 -9999.0 -9999.0 -9999.0 -9999.0 -9999.0 -9999.0 -9999.0 -9999.0 -9999.0 -9999.0 -9999.0 -9999.0 -9999.0 -9999.0 -9999.0 -9999.0 -9999.0 -9999.0 -9999.0 -9999.0 -9999.0 -9999.0 -9999.0 -9999.0 -9999.0 -9999.0 -9999.0 -9999.0 -9999.0 -9999.0 -9999.0 -9999.0 -9999.0 -9999.0 -9999.0 -9999.0 -9999.0 -9999.0 -9999.0 -9999.0 -9999.0 -9999.0 -9999.0 -9999.0 -9999.0 -9999.0 -9999.0 -9999.0 -9999.0 -9999.0 -9999.0 -9999.0 -9999.0 -9999.0 -9999.0 -9999.0 -9999.0 -9999.0 -9999.0 -9999.0 -9999.0 -9999.0 -9999.0 -9999.0 -9999.0 -9999.0 -9999.0 -9999.0 -9999.0 -9999.0 -9999.0 -9999.0 -9999.0 -9999.0 -9999.0 -9999.0 -9999.0 -9999.0 -9999.0 -9999.0 -9999.0 -9999.0 -9999.0 -9999.0 -9999.0 -9999.0 -9999.0 -9999.0 -9999.0 -9999.0 -9999.0
-9999.0 -9999.0 -9999.0 -9999.0 -9999.0 -9999.0 -9999.0 -9999.0 -9999.0 -9999.0 -9999.0 -9999.0 -9999.0 -9999.0 -9999.0 -9999.0 -9999.0 -9999.0 -9999.0 -9999.0 -9999.0 -9999.0 -9999.0 -9999.0 -9999.0 -9999.0 -9999.0 -9999.0 -9999.0 -9999.0 -9999.0 -9999.0 -9999.0 -9999.0 -9999.0 -9999.0 -9999.0 -9999.0 -9999.0 -9999.0 -9999.0 -9999.0 -9999.0 -9999.0 -9999.0 -9999.0 -9999.0 -9999.0 -9999.0 -9999.0 -9999.0 -9999.0 -9999.0 -9999.0 -9999.0 -9999.0 -9999.0 -9999.0 -9999.0 -9999.0 -9999.0 -9999.0 -9999.0 -9999.0 -9999.0 -9999.0 -9999.0 -9999.0 -9999.0 -9999.0 -9999.0 -9999.0 -9999.0 -9999.0 -9999.0 -9999.0 -9999.0 -9999.0 -9999.0 -9999.0 -9999.0 -9999.0 -9999.0 -9999.0 -9999.0 -9999.0 -9999.0 -9999.0 -9999.0 -9999.0 -9999.0 -9999.0 -9999.0 -9999.0 -9999.0 -9999.0 -9999.0 -9999.0 -9999.0 -9999.0 -9999.0 -9999.0 -9999.0 -9999.0