inst/processing_geotop_simulation/geotop_simulation/out/maps3D/PwL0003N0191.asc
ncols         104
nrows         10
xllcorner     -2.000000
yllcorner     0.000000
cellsize      1.000000
NODATA_value  -9999.0
-9999.0 -9999.0 -9999.0 -9999.0 -9999.0 -9999.0 -9999.0 -9999.0 -9999.0 -9999.0 -9999.0 -9999.0 -9999.0 -9999.0 -9999.0 -9999.0 -9999.0 -9999.0 -9999.0 -9999.0 -9999.0 -9999.0 -9999.0 -9999.0 -9999.0 -9999.0 -9999.0 -9999.0 -9999.0 -9999.0 -9999.0 -9999.0 -9999.0 -9999.0 -9999.0 -9999.0 -9999.0 -9999.0 -9999.0 -9999.0 -9999.0 -9999.0 -9999.0 -9999.0 -9999.0 -9999.0 -9999.0 -9999.0 -9999.0 -9999.0 -9999.0 -9999.0 -9999.0 -9999.0 -9999.0 -9999.0 -9999.0 -9999.0 -9999.0 -9999.0 -9999.0 -9999.0 -9999.0 -9999.0 -9999.0 -9999.0 -9999.0 -9999.0 -9999.0 -9999.0 -9999.0 -9999.0 -9999.0 -9999.0 -9999.0 -9999.0 -9999.0 -9999.0 -9999.0 -9999.0 -9999.0 -9999.0 -9999.0 -9999.0 -9999.0 -9999.0 -9999.0 -9999.0 -9999.0 -9999.0 -9999.0 -9999.0 -9999.0 -9999.0 -9999.0 -9999.0 -9999.0 -9999.0 -9999.0 -9999.0 -9999.0 -9999.0 -9999.0 -9999.0
-9999.0 -9999.0 -9999.0 -9999.0 -9999.0 -9999.0 -9999.0 -9999.0 -9999.0 -9999.0 -9999.0 -9999.0 -9999.0 -9999.0 -9999.0 -9999.0 -9999.0 -9999.0 -9999.0 -9999.0 -9999.0 -9999.0 -9999.0 -9999.0 -9999.0 -9999.0 -9999.0 -9999.0 -9999.0 -9999.0 -9999.0 -9999.0 -9999.0 -9999.0 -9999.0 -9999.0 -9999.0 -9999.0 -9999.0 -9999.0 -9999.0 -9999.0 -9999.0 -9999.0 -9999.0 -9999.0 -9999.0 -9999.0 -9999.0 -9999.0 -9999.0 -9999.0 -9999.0 -9999.0 -9999.0 -9999.0 -9999.0 -9999.0 -9999.0 -9999.0 -9999.0 -9999.0 -9999.0 -9999.0 -9999.0 -9999.0 -9999.0 -9999.0 -9999.0 -9999.0 -9999.0 -9999.0 -9999.0 -9999.0 -9999.0 -9999.0 -9999.0 -9999.0 -9999.0 -9999.0 -9999.0 -9999.0 -9999.0 -9999.0 -9999.0 -9999.0 -9999.0 -9999.0 -9999.0 -9999.0 -9999.0 -9999.0 -9999.0 -9999.0 -9999.0 -9999.0 -9999.0 -9999.0 -9999.0 -9999.0 -9999.0 -9999.0 -9999.0 -9999.0
-9999.0 -9999.0 130.108868 38.998329 -56.480915 -153.111897 -250.172339 -347.375041 -444.563930 -541.615214 -638.268616 -734.157407 -829.385711 -923.698915 -1017.870249 -1112.158522 -1204.595288 -1295.576980 -1384.928184 -1467.873440 -1536.746202 -1588.761016 -1625.379525 -1650.065506 -1666.378882 -1677.132093 -1684.272021 -1689.055438 -1692.275952 -1694.442786 -1695.894059 -1696.859981 -1697.498824 -1697.918968 -1698.194047 -1698.375429 -1698.505633 -1698.644301 -1699.003366 -1700.743715 -1708.150803 -1705.577061 -1066.268937 -1067.458322 -1054.982892 -1047.089544 -1043.392185 -1042.856300 -1042.800863 -1042.808484 -1042.825526 -1042.843734 -1042.861221 -1042.877407 -1042.892363 -1042.909133 -1042.957094 -1043.275998 -1045.239844 -1049.658608 -1056.405753 -1046.437918 -1684.200919 -1703.325896 -1699.812064 -1698.957883 -1698.819036 -1698.797539 -1698.794874 -1698.795412 -1698.796363 -1698.797198 -1698.797848 -1698.798343 -1698.798721 -1698.799014 -1698.799246 -1698.799432 -1698.799588 -1698.799726 -1698.799861 -1698.800010 -1698.800199 -1698.800460 -1698.800847 -1698.801442 -1698.802378 -1698.803876 -1698.806308 -1698.810325 -1698.817102 -1698.828832 -1698.849735 -1698.888114 -1698.960530 -1699.100430 -1699.376928 -1699.940162 -1701.143363 -1703.900900 -1710.922276 -1732.661729 -9999.0 -9999.0
-9999.0 -9999.0 130.120373 39.000549 -56.480356 -153.111734 -250.172287 -347.375024 -444.563924 -541.615212 -638.268615 -734.157407 -829.385711 -923.698915 -1017.870249 -1112.158522 -1204.595289 -1295.576980 -1384.928185 -1467.873441 -1536.746202 -1588.761016 -1625.379525 -1650.065506 -1666.378882 -1677.132093 -1684.272021 -1689.055438 -1692.275952 -1694.442786 -1695.894059 -1696.859981 -1697.498824 -1697.918968 -1698.194047 -1698.375429 -1698.505633 -1698.644301 -1699.003366 -1700.743715 -1708.150803 -1705.577061 -1066.268937 -1067.458322 -1054.982892 -1047.089543 -1043.392185 -1042.856300 -1042.800863 -1042.808484 -1042.825526 -1042.843734 -1042.861221 -1042.877407 -1042.892363 -1042.909133 -1042.957094 -1043.275998 -1045.239844 -1049.658608 -1056.405753 -1046.437918 -1684.200919 -1703.325896 -1699.812064 -1698.957883 -1698.819036 -1698.797539 -1698.794874 -1698.795412 -1698.796363 -1698.797198 -1698.797848 -1698.798343 -1698.798721 -1698.799014 -1698.799246 -1698.799432 -1698.799588 -1698.799726 -1698.799861 -1698.800010 -1698.800199 -1698.800460 -1698.800847 -1698.801442 -1698.802378 -1698.803876 -1698.806308 -1698.810325 -1698.817102 -1698.828832 -1698.849735 -1698.888114 -1698.960530 -1699.100430 -1699.376928 -1699.940162 -1701.143363 -1703.900900 -1710.922276 -1732.661729 -9999.0 -9999.0
-9999.0 -9999.0 130.121809 39.001441 -56.480004 -153.111607 -250.172242 -347.375008 -444.563918 -541.615210 -638.268615 -734.157407 -829.385711 -923.698915 -1017.870249 -1112.158523 -1204.595289 -1295.576980 -1384.928185 -1467.873441 -1536.746202 -1588.761016 -1625.379525 -1650.065506 -1666.378882 -1677.132093 -1684.272021 -1689.055438 -1692.275952 -1694.442786 -1695.894059 -1696.859981 -1697.498824 -1697.918968 -1698.194047 -1698.375429 -1698.505633 -1698.644301 -1699.003366 -1700.743715 -1708.150803 -1705.577061 -1066.268937 -1067.458322 -1054.982892 -1047.089543 -1043.392185 -1042.856300 -1042.800863 -1042.808484 -1042.825526 -1042.843734 -1042.861221 -1042.877407 -1042.892363 -1042.909133 -1042.957094 -1043.275998 -1045.239844 -1049.658608 -1056.405753 -1046.437918 -1684.200919 -1703.325896 -1699.812064 -1698.957883 -1698.819036 -1698.797539 -1698.794874 -1698.795412 -1698.796363 -1698.797198 -1698.797848 -1698.798343 -1698.798721 -1698.799014 -1698.799246 -1698.799432 -1698.799588 -1698.799726 -1698.799861 -1698.800010 -1698.800199 -1698.800460 -1698.800847 -1698.801442 -1698.802378 -1698.803876 -1698.806308 -1698.810325 -1698.817102 -1698.828832 -1698.849735 -1698.888114 -1698.960530 -1699.100430 -1699.376928 -1699.940162 -1701.143363 -1703.900900 -1710.922276 -1732.661729 -9999.0 -9999.0
-9999.0 -9999.0 130.121809 39.001441 -56.480004 -153.111607 -250.172242 -347.375008 -444.563918 -541.615210 -638.268615 -734.157407 -829.385711 -923.698915 -1017.870249 -1112.158523 -1204.595289 -1295.576980 -1384.928185 -1467.873441 -1536.746202 -1588.761016 -1625.379525 -1650.065506 -1666.378882 -1677.132093 -1684.272021 -1689.055438 -1692.275952 -1694.442786 -1695.894059 -1696.859981 -1697.498824 -1697.918968 -1698.194047 -1698.375429 -1698.505633 -1698.644301 -1699.003366 -1700.743715 -1708.150803 -1705.577061 -1066.268937 -1067.458322 -1054.982892 -1047.089543 -1043.392185 -1042.856300 -1042.800863 -1042.808484 -1042.825526 -1042.843734 -1042.861221 -1042.877407 -1042.892363 -1042.909133 -1042.957094 -1043.275998 -1045.239844 -1049.658608 -1056.405753 -1046.437918 -1684.200919 -1703.325896 -1699.812064 -1698.957883 -1698.819036 -1698.797539 -1698.794874 -1698.795412 -1698.796363 -1698.797198 -1698.797848 -1698.798343 -1698.798721 -1698.799014 -1698.799246 -1698.799432 -1698.799588 -1698.799726 -1698.799861 -1698.800010 -1698.800199 -1698.800460 -1698.800847 -1698.801442 -1698.802378 -1698.803876 -1698.806308 -1698.810325 -1698.817102 -1698.828832 -1698.849735 -1698.888114 -1698.960530 -1699.100430 -1699.376928 -1699.940162 -1701.143363 -1703.900900 -1710.922276 -1732.661729 -9999.0 -9999.0
-9999.0 -9999.0 130.120373 39.000549 -56.480356 -153.111734 -250.172287 -347.375024 -444.563924 -541.615212 -638.268615 -734.157407 -829.385711 -923.698915 -1017.870249 -1112.158522 -1204.595289 -1295.576980 -1384.928185 -1467.873441 -1536.746202 -1588.761016 -1625.379525 -1650.065506 -1666.378882 -1677.132093 -1684.272021 -1689.055438 -1692.275952 -1694.442786 -1695.894059 -1696.859981 -1697.498824 -1697.918968 -1698.194047 -1698.375429 -1698.505633 -1698.644301 -1699.003366 -1700.743715 -1708.150803 -1705.577061 -1066.268937 -1067.458322 -1054.982892 -1047.089543 -1043.392185 -1042.856300 -1042.800863 -1042.808484 -1042.825526 -1042.843734 -1042.861221 -1042.877407 -1042.892363 -1042.909133 -1042.957094 -1043.275998 -1045.239844 -1049.658608 -1056.405753 -1046.437918 -1684.200919 -1703.325896 -1699.812064 -1698.957883 -1698.819036 -1698.797539 -1698.794874 -1698.795412 -1698.796363 -1698.797198 -1698.797848 -1698.798343 -1698.798721 -1698.799014 -1698.799246 -1698.799432 -1698.799588 -1698.799726 -1698.799861 -1698.800010 -1698.800199 -1698.800460 -1698.800847 -1698.801442 -1698.802378 -1698.803876 -1698.806308 -1698.810325 -1698.817102 -1698.828832 -1698.849735 -1698.888114 -1698.960530 -1699.100430 -1699.376928 -1699.940162 -1701.143363 -1703.900900 -1710.922276 -1732.661729 -9999.0 -9999.0
-9999.0 -9999.0 130.108868 38.998329 -56.480915 -153.111897 -250.172339 -347.375041 -444.563930 -541.615214 -638.268616 -734.157407 -829.385711 -923.698915 -1017.870249 -1112.158522 -1204.595288 -1295.576980 -1384.928184 -1467.873440 -1536.746202 -1588.761016 -1625.379525 -1650.065506 -1666.378882 -1677.132093 -1684.272021 -1689.055438 -1692.275952 -1694.442786 -1695.894059 -1696.859981 -1697.498824 -1697.918968 -1698.194047 -1698.375429 -1698.505633 -1698.644301 -1699.003366 -1700.743715 -1708.150803 -1705.577061 -1066.268937 -1067.458322 -1054.982892 -1047.089544 -1043.392185 -1042.856300 -1042.800863 -1042.808484 -1042.825526 -1042.843734 -1042.861221 -1042.877407 -1042.892363 -1042.909133 -1042.957094 -1043.275998 -1045.239844 -1049.658608 -1056.405753 -1046.437918 -1684.200919 -1703.325896 -1699.812064 -1698.957883 -1698.819036 -1698.797539 -1698.794874 -1698.795412 -1698.796363 -1698.797198 -1698.797848 -1698.798343 -1698.798721 -1698.799014 -1698.799246 -1698.799432 -1698.799588 -1698.799726 -1698.799861 -1698.800010 -1698.800199 -1698.800460 -1698.800847 -1698.801442 -1698.802378 -1698.803876 -1698.806308 -1698.810325 -1698.817102 -1698.828832 -1698.849735 -1698.888114 -1698.960530 -1699.100430 -1699.376928 -1699.940162 -1701.143363 -1703.900900 -1710.922276 -1732.661729 -9999.0 -9999.0
-9999.0 -9999.0 -9999.0 -9999.0 -9999.0 -9999.0 -9999.0 -9999.0 -9999.0 -9999.0 -9999.0 -9999.0 -9999.0 -9999.0 -9999.0 -9999.0 -9999.0 -9999.0 -9999.0 -9999.0 -9999.0 -9999.0 -9999.0 -9999.0 -9999.0 -9999.0 -9999.0 -9999.0 -9999.0 -9999.0 -9999.0 -9999.0 -9999.0 -9999.0 -9999.0 -9999.0 -9999.0 -9999.0 -9999.0 -9999.0 -9999.0 -9999.0 -9999.0 -9999.0 -9999.0 -9999.0 -9999.0 -9999.0 -9999.0 -9999.0 -9999.0 -9999.0 -9999.0 -9999.0 -9999.0 -9999.0 -9999.0 -9999.0 -9999.0 -9999.0 -9999.0 -9999.0 -9999.0 -9999.0 -9999.0 -9999.0 -9999.0 -9999.0 -9999.0 -9999.0 -9999.0 -9999.0 -9999.0 -9999.0 -9999.0 -9999.0 -9999.0 -9999.0 -9999.0 -9999.0 -9999.0 -9999.0 -9999.0 -9999.0 -9999.0 -9999.0 -9999.0 -9999.0 -9999.0 -9999.0 -9999.0 -9999.0 -9999.0 -9999.0 -9999.0 -9999.0 -9999.0 -9999.0 -9999.0 -9999.0 -9999.0 -9999.0 -9999.0 -9999.0
-9999.0 -9999.0 -9999.0 -9999.0 -9999.0 -9999.0 -9999.0 -9999.0 -9999.0 -9999.0 -9999.0 -9999.0 -9999.0 -9999.0 -9999.0 -9999.0 -9999.0 -9999.0 -9999.0 -9999.0 -9999.0 -9999.0 -9999.0 -9999.0 -9999.0 -9999.0 -9999.0 -9999.0 -9999.0 -9999.0 -9999.0 -9999.0 -9999.0 -9999.0 -9999.0 -9999.0 -9999.0 -9999.0 -9999.0 -9999.0 -9999.0 -9999.0 -9999.0 -9999.0 -9999.0 -9999.0 -9999.0 -9999.0 -9999.0 -9999.0 -9999.0 -9999.0 -9999.0 -9999.0 -9999.0 -9999.0 -9999.0 -9999.0 -9999.0 -9999.0 -9999.0 -9999.0 -9999.0 -9999.0 -9999.0 -9999.0 -9999.0 -9999.0 -9999.0 -9999.0 -9999.0 -9999.0 -9999.0 -9999.0 -9999.0 -9999.0 -9999.0 -9999.0 -9999.0 -9999.0 -9999.0 -9999.0 -9999.0 -9999.0 -9999.0 -9999.0 -9999.0 -9999.0 -9999.0 -9999.0 -9999.0 -9999.0 -9999.0 -9999.0 -9999.0 -9999.0 -9999.0 -9999.0 -9999.0 -9999.0 -9999.0 -9999.0 -9999.0 -9999.0