inst/processing_geotop_simulation/geotop_simulation/out/maps3D/PwL0010N0305.asc
ncols         104
nrows         10
xllcorner     -2.000000
yllcorner     0.000000
cellsize      1.000000
NODATA_value  -9999.0
-9999.0 -9999.0 -9999.0 -9999.0 -9999.0 -9999.0 -9999.0 -9999.0 -9999.0 -9999.0 -9999.0 -9999.0 -9999.0 -9999.0 -9999.0 -9999.0 -9999.0 -9999.0 -9999.0 -9999.0 -9999.0 -9999.0 -9999.0 -9999.0 -9999.0 -9999.0 -9999.0 -9999.0 -9999.0 -9999.0 -9999.0 -9999.0 -9999.0 -9999.0 -9999.0 -9999.0 -9999.0 -9999.0 -9999.0 -9999.0 -9999.0 -9999.0 -9999.0 -9999.0 -9999.0 -9999.0 -9999.0 -9999.0 -9999.0 -9999.0 -9999.0 -9999.0 -9999.0 -9999.0 -9999.0 -9999.0 -9999.0 -9999.0 -9999.0 -9999.0 -9999.0 -9999.0 -9999.0 -9999.0 -9999.0 -9999.0 -9999.0 -9999.0 -9999.0 -9999.0 -9999.0 -9999.0 -9999.0 -9999.0 -9999.0 -9999.0 -9999.0 -9999.0 -9999.0 -9999.0 -9999.0 -9999.0 -9999.0 -9999.0 -9999.0 -9999.0 -9999.0 -9999.0 -9999.0 -9999.0 -9999.0 -9999.0 -9999.0 -9999.0 -9999.0 -9999.0 -9999.0 -9999.0 -9999.0 -9999.0 -9999.0 -9999.0 -9999.0 -9999.0
-9999.0 -9999.0 -9999.0 -9999.0 -9999.0 -9999.0 -9999.0 -9999.0 -9999.0 -9999.0 -9999.0 -9999.0 -9999.0 -9999.0 -9999.0 -9999.0 -9999.0 -9999.0 -9999.0 -9999.0 -9999.0 -9999.0 -9999.0 -9999.0 -9999.0 -9999.0 -9999.0 -9999.0 -9999.0 -9999.0 -9999.0 -9999.0 -9999.0 -9999.0 -9999.0 -9999.0 -9999.0 -9999.0 -9999.0 -9999.0 -9999.0 -9999.0 -9999.0 -9999.0 -9999.0 -9999.0 -9999.0 -9999.0 -9999.0 -9999.0 -9999.0 -9999.0 -9999.0 -9999.0 -9999.0 -9999.0 -9999.0 -9999.0 -9999.0 -9999.0 -9999.0 -9999.0 -9999.0 -9999.0 -9999.0 -9999.0 -9999.0 -9999.0 -9999.0 -9999.0 -9999.0 -9999.0 -9999.0 -9999.0 -9999.0 -9999.0 -9999.0 -9999.0 -9999.0 -9999.0 -9999.0 -9999.0 -9999.0 -9999.0 -9999.0 -9999.0 -9999.0 -9999.0 -9999.0 -9999.0 -9999.0 -9999.0 -9999.0 -9999.0 -9999.0 -9999.0 -9999.0 -9999.0 -9999.0 -9999.0 -9999.0 -9999.0 -9999.0 -9999.0
-9999.0 -9999.0 474.265372 376.806516 278.540715 179.896987 81.093163 -17.774574 -116.659924 -215.541824 -314.394527 -413.178853 -511.812267 -610.122053 -707.891139 -805.886816 -903.655563 -1001.163143 -1098.412476 -1192.829753 -1283.909503 -1369.131572 -1445.513622 -1510.749519 -1563.924959 -1605.518164 -1636.950412 -1660.049272 -1676.645892 -1688.355118 -1696.495130 -1702.087197 -1705.893077 -1708.464802 -1710.193975 -1711.356138 -1712.154097 -1712.791299 -1713.719428 -1716.455095 -1724.280071 -1726.124859 -1341.240556 -1548.951148 -1490.502013 -1454.201973 -1437.764517 -1435.536264 -1435.307584 -1435.330562 -1435.389345 -1435.452422 -1435.513001 -1435.569075 -1435.621022 -1435.680637 -1435.862800 -1437.134201 -1445.611929 -1464.973589 -1490.480525 -1268.463904 -1693.251208 -1717.088056 -1715.054895 -1714.036005 -1713.816811 -1713.779115 -1713.773536 -1713.773244 -1713.773742 -1713.774262 -1713.774686 -1713.775015 -1713.775270 -1713.775470 -1713.775630 -1713.775762 -1713.775874 -1713.775976 -1713.776077 -1713.776189 -1713.776329 -1713.776520 -1713.776799 -1713.777224 -1713.777890 -1713.778952 -1713.780682 -1713.783555 -1713.788446 -1713.797006 -1713.812447 -1713.841150 -1713.896065 -1714.004212 -1714.224726 -1714.696234 -1715.770618 -1718.424958 -1725.746969 -1749.467123 -9999.0 -9999.0
-9999.0 -9999.0 474.271432 376.808199 278.541184 179.897128 81.093209 -17.774558 -116.659918 -215.541822 -314.394526 -413.178853 -511.812267 -610.122053 -707.891139 -805.886816 -903.655563 -1001.163143 -1098.412477 -1192.829753 -1283.909503 -1369.131573 -1445.513623 -1510.749519 -1563.924959 -1605.518164 -1636.950412 -1660.049272 -1676.645892 -1688.355118 -1696.495130 -1702.087197 -1705.893077 -1708.464802 -1710.193975 -1711.356138 -1712.154097 -1712.791299 -1713.719428 -1716.455095 -1724.280071 -1726.124859 -1341.240556 -1548.951147 -1490.502013 -1454.201972 -1437.764517 -1435.536264 -1435.307584 -1435.330562 -1435.389345 -1435.452422 -1435.513001 -1435.569075 -1435.621022 -1435.680637 -1435.862800 -1437.134201 -1445.611929 -1464.973589 -1490.480525 -1268.463904 -1693.251208 -1717.088056 -1715.054895 -1714.036005 -1713.816811 -1713.779115 -1713.773536 -1713.773244 -1713.773742 -1713.774262 -1713.774686 -1713.775015 -1713.775270 -1713.775470 -1713.775630 -1713.775762 -1713.775874 -1713.775976 -1713.776077 -1713.776189 -1713.776329 -1713.776520 -1713.776799 -1713.777224 -1713.777890 -1713.778952 -1713.780682 -1713.783555 -1713.788446 -1713.797006 -1713.812447 -1713.841150 -1713.896065 -1714.004212 -1714.224726 -1714.696234 -1715.770618 -1718.424958 -1725.746969 -1749.467123 -9999.0 -9999.0
-9999.0 -9999.0 474.272869 376.808955 278.541487 179.897240 81.093249 -17.774544 -116.659913 -215.541820 -314.394526 -413.178853 -511.812267 -610.122053 -707.891139 -805.886816 -903.655563 -1001.163143 -1098.412477 -1192.829753 -1283.909503 -1369.131573 -1445.513623 -1510.749519 -1563.924959 -1605.518164 -1636.950412 -1660.049272 -1676.645892 -1688.355118 -1696.495130 -1702.087197 -1705.893077 -1708.464802 -1710.193975 -1711.356138 -1712.154097 -1712.791299 -1713.719428 -1716.455095 -1724.280071 -1726.124859 -1341.240556 -1548.951147 -1490.502013 -1454.201972 -1437.764517 -1435.536264 -1435.307584 -1435.330562 -1435.389345 -1435.452422 -1435.513001 -1435.569075 -1435.621022 -1435.680637 -1435.862800 -1437.134201 -1445.611929 -1464.973589 -1490.480525 -1268.463904 -1693.251208 -1717.088056 -1715.054895 -1714.036005 -1713.816811 -1713.779115 -1713.773536 -1713.773244 -1713.773742 -1713.774262 -1713.774686 -1713.775015 -1713.775270 -1713.775470 -1713.775630 -1713.775762 -1713.775874 -1713.775976 -1713.776077 -1713.776189 -1713.776329 -1713.776520 -1713.776799 -1713.777224 -1713.777890 -1713.778952 -1713.780682 -1713.783555 -1713.788446 -1713.797006 -1713.812447 -1713.841150 -1713.896065 -1714.004212 -1714.224726 -1714.696234 -1715.770618 -1718.424958 -1725.746969 -1749.467123 -9999.0 -9999.0
-9999.0 -9999.0 474.272869 376.808955 278.541487 179.897240 81.093249 -17.774544 -116.659913 -215.541820 -314.394525 -413.178853 -511.812267 -610.122053 -707.891139 -805.886816 -903.655563 -1001.163143 -1098.412477 -1192.829753 -1283.909503 -1369.131573 -1445.513623 -1510.749519 -1563.924959 -1605.518164 -1636.950412 -1660.049272 -1676.645892 -1688.355118 -1696.495130 -1702.087197 -1705.893077 -1708.464802 -1710.193975 -1711.356138 -1712.154097 -1712.791299 -1713.719428 -1716.455095 -1724.280071 -1726.124859 -1341.240556 -1548.951147 -1490.502013 -1454.201972 -1437.764517 -1435.536264 -1435.307584 -1435.330562 -1435.389345 -1435.452422 -1435.513001 -1435.569075 -1435.621022 -1435.680637 -1435.862800 -1437.134201 -1445.611929 -1464.973589 -1490.480525 -1268.463904 -1693.251208 -1717.088056 -1715.054895 -1714.036005 -1713.816811 -1713.779115 -1713.773536 -1713.773244 -1713.773742 -1713.774262 -1713.774686 -1713.775015 -1713.775270 -1713.775470 -1713.775630 -1713.775762 -1713.775874 -1713.775976 -1713.776077 -1713.776189 -1713.776329 -1713.776520 -1713.776799 -1713.777224 -1713.777890 -1713.778952 -1713.780682 -1713.783555 -1713.788446 -1713.797006 -1713.812447 -1713.841150 -1713.896065 -1714.004212 -1714.224726 -1714.696234 -1715.770618 -1718.424958 -1725.746969 -1749.467123 -9999.0 -9999.0
-9999.0 -9999.0 474.271432 376.808199 278.541184 179.897128 81.093209 -17.774558 -116.659918 -215.541822 -314.394526 -413.178853 -511.812267 -610.122053 -707.891139 -805.886816 -903.655563 -1001.163143 -1098.412477 -1192.829753 -1283.909503 -1369.131573 -1445.513623 -1510.749519 -1563.924959 -1605.518164 -1636.950412 -1660.049272 -1676.645892 -1688.355118 -1696.495130 -1702.087197 -1705.893077 -1708.464802 -1710.193975 -1711.356138 -1712.154097 -1712.791299 -1713.719428 -1716.455095 -1724.280071 -1726.124859 -1341.240556 -1548.951147 -1490.502013 -1454.201972 -1437.764517 -1435.536264 -1435.307584 -1435.330562 -1435.389345 -1435.452422 -1435.513001 -1435.569075 -1435.621022 -1435.680637 -1435.862800 -1437.134201 -1445.611929 -1464.973589 -1490.480525 -1268.463904 -1693.251208 -1717.088056 -1715.054895 -1714.036005 -1713.816811 -1713.779115 -1713.773536 -1713.773244 -1713.773742 -1713.774262 -1713.774686 -1713.775015 -1713.775270 -1713.775470 -1713.775630 -1713.775762 -1713.775874 -1713.775976 -1713.776077 -1713.776189 -1713.776329 -1713.776520 -1713.776799 -1713.777224 -1713.777890 -1713.778952 -1713.780682 -1713.783555 -1713.788446 -1713.797006 -1713.812447 -1713.841150 -1713.896065 -1714.004212 -1714.224726 -1714.696234 -1715.770618 -1718.424958 -1725.746969 -1749.467123 -9999.0 -9999.0
-9999.0 -9999.0 474.265372 376.806516 278.540715 179.896987 81.093163 -17.774574 -116.659924 -215.541824 -314.394527 -413.178853 -511.812267 -610.122053 -707.891139 -805.886816 -903.655563 -1001.163143 -1098.412476 -1192.829753 -1283.909503 -1369.131572 -1445.513622 -1510.749519 -1563.924959 -1605.518164 -1636.950412 -1660.049272 -1676.645892 -1688.355118 -1696.495130 -1702.087197 -1705.893077 -1708.464802 -1710.193975 -1711.356138 -1712.154097 -1712.791299 -1713.719428 -1716.455095 -1724.280071 -1726.124859 -1341.240556 -1548.951148 -1490.502013 -1454.201973 -1437.764517 -1435.536264 -1435.307584 -1435.330562 -1435.389345 -1435.452422 -1435.513001 -1435.569075 -1435.621022 -1435.680637 -1435.862800 -1437.134201 -1445.611929 -1464.973589 -1490.480525 -1268.463904 -1693.251208 -1717.088056 -1715.054895 -1714.036005 -1713.816811 -1713.779115 -1713.773536 -1713.773244 -1713.773742 -1713.774262 -1713.774686 -1713.775015 -1713.775270 -1713.775470 -1713.775630 -1713.775762 -1713.775874 -1713.775976 -1713.776077 -1713.776189 -1713.776329 -1713.776520 -1713.776799 -1713.777224 -1713.777890 -1713.778952 -1713.780682 -1713.783555 -1713.788446 -1713.797006 -1713.812447 -1713.841150 -1713.896065 -1714.004212 -1714.224726 -1714.696234 -1715.770618 -1718.424958 -1725.746969 -1749.467123 -9999.0 -9999.0
-9999.0 -9999.0 -9999.0 -9999.0 -9999.0 -9999.0 -9999.0 -9999.0 -9999.0 -9999.0 -9999.0 -9999.0 -9999.0 -9999.0 -9999.0 -9999.0 -9999.0 -9999.0 -9999.0 -9999.0 -9999.0 -9999.0 -9999.0 -9999.0 -9999.0 -9999.0 -9999.0 -9999.0 -9999.0 -9999.0 -9999.0 -9999.0 -9999.0 -9999.0 -9999.0 -9999.0 -9999.0 -9999.0 -9999.0 -9999.0 -9999.0 -9999.0 -9999.0 -9999.0 -9999.0 -9999.0 -9999.0 -9999.0 -9999.0 -9999.0 -9999.0 -9999.0 -9999.0 -9999.0 -9999.0 -9999.0 -9999.0 -9999.0 -9999.0 -9999.0 -9999.0 -9999.0 -9999.0 -9999.0 -9999.0 -9999.0 -9999.0 -9999.0 -9999.0 -9999.0 -9999.0 -9999.0 -9999.0 -9999.0 -9999.0 -9999.0 -9999.0 -9999.0 -9999.0 -9999.0 -9999.0 -9999.0 -9999.0 -9999.0 -9999.0 -9999.0 -9999.0 -9999.0 -9999.0 -9999.0 -9999.0 -9999.0 -9999.0 -9999.0 -9999.0 -9999.0 -9999.0 -9999.0 -9999.0 -9999.0 -9999.0 -9999.0 -9999.0 -9999.0
-9999.0 -9999.0 -9999.0 -9999.0 -9999.0 -9999.0 -9999.0 -9999.0 -9999.0 -9999.0 -9999.0 -9999.0 -9999.0 -9999.0 -9999.0 -9999.0 -9999.0 -9999.0 -9999.0 -9999.0 -9999.0 -9999.0 -9999.0 -9999.0 -9999.0 -9999.0 -9999.0 -9999.0 -9999.0 -9999.0 -9999.0 -9999.0 -9999.0 -9999.0 -9999.0 -9999.0 -9999.0 -9999.0 -9999.0 -9999.0 -9999.0 -9999.0 -9999.0 -9999.0 -9999.0 -9999.0 -9999.0 -9999.0 -9999.0 -9999.0 -9999.0 -9999.0 -9999.0 -9999.0 -9999.0 -9999.0 -9999.0 -9999.0 -9999.0 -9999.0 -9999.0 -9999.0 -9999.0 -9999.0 -9999.0 -9999.0 -9999.0 -9999.0 -9999.0 -9999.0 -9999.0 -9999.0 -9999.0 -9999.0 -9999.0 -9999.0 -9999.0 -9999.0 -9999.0 -9999.0 -9999.0 -9999.0 -9999.0 -9999.0 -9999.0 -9999.0 -9999.0 -9999.0 -9999.0 -9999.0 -9999.0 -9999.0 -9999.0 -9999.0 -9999.0 -9999.0 -9999.0 -9999.0 -9999.0 -9999.0 -9999.0 -9999.0 -9999.0 -9999.0