inst/processing_geotop_simulation/geotop_simulation/out/maps3D/PwL0013N0316.asc
ncols         104
nrows         10
xllcorner     -2.000000
yllcorner     0.000000
cellsize      1.000000
NODATA_value  -9999.0
-9999.0 -9999.0 -9999.0 -9999.0 -9999.0 -9999.0 -9999.0 -9999.0 -9999.0 -9999.0 -9999.0 -9999.0 -9999.0 -9999.0 -9999.0 -9999.0 -9999.0 -9999.0 -9999.0 -9999.0 -9999.0 -9999.0 -9999.0 -9999.0 -9999.0 -9999.0 -9999.0 -9999.0 -9999.0 -9999.0 -9999.0 -9999.0 -9999.0 -9999.0 -9999.0 -9999.0 -9999.0 -9999.0 -9999.0 -9999.0 -9999.0 -9999.0 -9999.0 -9999.0 -9999.0 -9999.0 -9999.0 -9999.0 -9999.0 -9999.0 -9999.0 -9999.0 -9999.0 -9999.0 -9999.0 -9999.0 -9999.0 -9999.0 -9999.0 -9999.0 -9999.0 -9999.0 -9999.0 -9999.0 -9999.0 -9999.0 -9999.0 -9999.0 -9999.0 -9999.0 -9999.0 -9999.0 -9999.0 -9999.0 -9999.0 -9999.0 -9999.0 -9999.0 -9999.0 -9999.0 -9999.0 -9999.0 -9999.0 -9999.0 -9999.0 -9999.0 -9999.0 -9999.0 -9999.0 -9999.0 -9999.0 -9999.0 -9999.0 -9999.0 -9999.0 -9999.0 -9999.0 -9999.0 -9999.0 -9999.0 -9999.0 -9999.0 -9999.0 -9999.0
-9999.0 -9999.0 -9999.0 -9999.0 -9999.0 -9999.0 -9999.0 -9999.0 -9999.0 -9999.0 -9999.0 -9999.0 -9999.0 -9999.0 -9999.0 -9999.0 -9999.0 -9999.0 -9999.0 -9999.0 -9999.0 -9999.0 -9999.0 -9999.0 -9999.0 -9999.0 -9999.0 -9999.0 -9999.0 -9999.0 -9999.0 -9999.0 -9999.0 -9999.0 -9999.0 -9999.0 -9999.0 -9999.0 -9999.0 -9999.0 -9999.0 -9999.0 -9999.0 -9999.0 -9999.0 -9999.0 -9999.0 -9999.0 -9999.0 -9999.0 -9999.0 -9999.0 -9999.0 -9999.0 -9999.0 -9999.0 -9999.0 -9999.0 -9999.0 -9999.0 -9999.0 -9999.0 -9999.0 -9999.0 -9999.0 -9999.0 -9999.0 -9999.0 -9999.0 -9999.0 -9999.0 -9999.0 -9999.0 -9999.0 -9999.0 -9999.0 -9999.0 -9999.0 -9999.0 -9999.0 -9999.0 -9999.0 -9999.0 -9999.0 -9999.0 -9999.0 -9999.0 -9999.0 -9999.0 -9999.0 -9999.0 -9999.0 -9999.0 -9999.0 -9999.0 -9999.0 -9999.0 -9999.0 -9999.0 -9999.0 -9999.0 -9999.0 -9999.0 -9999.0
-9999.0 -9999.0 622.978278 525.029171 426.583354 327.835407 228.950274 130.006905 31.044662 -67.911763 -166.853339 -265.765637 -364.616229 -463.337779 -561.817512 -659.905123 -757.759094 -855.636515 -953.216643 -1050.432609 -1145.696306 -1236.196388 -1320.291844 -1395.391084 -1459.626463 -1512.289395 -1553.818956 -1585.477463 -1608.931561 -1625.903431 -1637.953023 -1646.379124 -1652.201677 -1656.188503 -1658.900301 -1660.739844 -1662.004374 -1662.972915 -1664.179525 -1667.287938 -1676.430672 -1693.841540 -1716.543054 -3436.955634 -3068.475722 -2820.338021 -2713.287417 -2699.723266 -2698.357470 -2698.499452 -2698.855048 -2699.236071 -2699.601902 -2699.940485 -2700.253711 -2700.609161 -2701.675181 -2709.249387 -2763.299789 -2891.250730 -3029.696463 -1548.538515 -1656.788767 -1668.601477 -1665.991716 -1664.897583 -1664.658886 -1664.616998 -1664.610657 -1664.610218 -1664.610673 -1664.611174 -1664.611587 -1664.611911 -1664.612164 -1664.612365 -1664.612529 -1664.612665 -1664.612783 -1664.612891 -1664.612998 -1664.613117 -1664.613263 -1664.613459 -1664.613740 -1664.614163 -1664.614819 -1664.615861 -1664.617551 -1664.620353 -1664.625124 -1664.633481 -1664.648578 -1664.676702 -1664.730673 -1664.837481 -1665.056959 -1665.531284 -1666.624995 -1669.354601 -1676.916715 -1701.221917 -9999.0 -9999.0
-9999.0 -9999.0 622.983075 525.030667 426.583793 327.835543 228.950319 130.006920 31.044668 -67.911761 -166.853338 -265.765636 -364.616229 -463.337778 -561.817512 -659.905123 -757.759094 -855.636515 -953.216643 -1050.432610 -1145.696306 -1236.196388 -1320.291844 -1395.391084 -1459.626463 -1512.289395 -1553.818956 -1585.477463 -1608.931561 -1625.903431 -1637.953023 -1646.379124 -1652.201677 -1656.188503 -1658.900301 -1660.739844 -1662.004374 -1662.972915 -1664.179525 -1667.287938 -1676.430672 -1693.841540 -1716.543054 -3436.955632 -3068.475718 -2820.338015 -2713.287418 -2699.723266 -2698.357470 -2698.499452 -2698.855048 -2699.236071 -2699.601902 -2699.940485 -2700.253711 -2700.609161 -2701.675181 -2709.249387 -2763.299789 -2891.250730 -3029.696463 -1548.538515 -1656.788767 -1668.601477 -1665.991716 -1664.897583 -1664.658886 -1664.616998 -1664.610657 -1664.610218 -1664.610673 -1664.611174 -1664.611587 -1664.611911 -1664.612164 -1664.612365 -1664.612529 -1664.612665 -1664.612783 -1664.612891 -1664.612998 -1664.613117 -1664.613263 -1664.613459 -1664.613740 -1664.614163 -1664.614819 -1664.615861 -1664.617551 -1664.620353 -1664.625124 -1664.633481 -1664.648578 -1664.676702 -1664.730673 -1664.837481 -1665.056959 -1665.531284 -1666.624995 -1669.354601 -1676.916715 -1701.221917 -9999.0 -9999.0
-9999.0 -9999.0 622.984438 525.031380 426.584082 327.835651 228.950357 130.006934 31.044673 -67.911759 -166.853338 -265.765636 -364.616229 -463.337778 -561.817512 -659.905123 -757.759094 -855.636515 -953.216643 -1050.432610 -1145.696306 -1236.196389 -1320.291844 -1395.391084 -1459.626464 -1512.289395 -1553.818956 -1585.477463 -1608.931561 -1625.903431 -1637.953023 -1646.379124 -1652.201677 -1656.188503 -1658.900301 -1660.739844 -1662.004374 -1662.972915 -1664.179525 -1667.287938 -1676.430672 -1693.841540 -1716.543054 -3436.955632 -3068.475717 -2820.338012 -2713.287418 -2699.723266 -2698.357470 -2698.499452 -2698.855048 -2699.236071 -2699.601902 -2699.940485 -2700.253711 -2700.609161 -2701.675181 -2709.249387 -2763.299789 -2891.250730 -3029.696462 -1548.538515 -1656.788767 -1668.601477 -1665.991716 -1664.897583 -1664.658886 -1664.616998 -1664.610657 -1664.610218 -1664.610673 -1664.611174 -1664.611587 -1664.611911 -1664.612164 -1664.612365 -1664.612529 -1664.612665 -1664.612783 -1664.612891 -1664.612998 -1664.613117 -1664.613263 -1664.613459 -1664.613740 -1664.614163 -1664.614819 -1664.615861 -1664.617551 -1664.620353 -1664.625124 -1664.633481 -1664.648578 -1664.676702 -1664.730673 -1664.837481 -1665.056959 -1665.531284 -1666.624995 -1669.354601 -1676.916715 -1701.221917 -9999.0 -9999.0
-9999.0 -9999.0 622.984438 525.031380 426.584082 327.835651 228.950358 130.006934 31.044673 -67.911759 -166.853338 -265.765636 -364.616229 -463.337778 -561.817512 -659.905123 -757.759094 -855.636515 -953.216643 -1050.432610 -1145.696306 -1236.196389 -1320.291844 -1395.391084 -1459.626464 -1512.289395 -1553.818956 -1585.477463 -1608.931561 -1625.903431 -1637.953023 -1646.379124 -1652.201677 -1656.188503 -1658.900301 -1660.739844 -1662.004374 -1662.972915 -1664.179525 -1667.287938 -1676.430672 -1693.841540 -1716.543054 -3436.955632 -3068.475717 -2820.338012 -2713.287418 -2699.723266 -2698.357470 -2698.499452 -2698.855048 -2699.236071 -2699.601902 -2699.940485 -2700.253711 -2700.609161 -2701.675181 -2709.249387 -2763.299789 -2891.250730 -3029.696462 -1548.538515 -1656.788767 -1668.601477 -1665.991716 -1664.897583 -1664.658886 -1664.616998 -1664.610657 -1664.610218 -1664.610673 -1664.611174 -1664.611587 -1664.611911 -1664.612164 -1664.612365 -1664.612529 -1664.612665 -1664.612783 -1664.612891 -1664.612998 -1664.613117 -1664.613263 -1664.613459 -1664.613740 -1664.614163 -1664.614819 -1664.615861 -1664.617551 -1664.620353 -1664.625124 -1664.633481 -1664.648578 -1664.676702 -1664.730673 -1664.837481 -1665.056959 -1665.531284 -1666.624995 -1669.354601 -1676.916715 -1701.221917 -9999.0 -9999.0
-9999.0 -9999.0 622.983075 525.030668 426.583793 327.835543 228.950319 130.006920 31.044668 -67.911761 -166.853338 -265.765636 -364.616229 -463.337778 -561.817512 -659.905123 -757.759094 -855.636515 -953.216643 -1050.432610 -1145.696306 -1236.196388 -1320.291844 -1395.391084 -1459.626463 -1512.289395 -1553.818956 -1585.477463 -1608.931561 -1625.903431 -1637.953023 -1646.379124 -1652.201677 -1656.188503 -1658.900301 -1660.739844 -1662.004374 -1662.972915 -1664.179525 -1667.287938 -1676.430672 -1693.841540 -1716.543054 -3436.955632 -3068.475718 -2820.338015 -2713.287418 -2699.723266 -2698.357470 -2698.499452 -2698.855048 -2699.236071 -2699.601902 -2699.940485 -2700.253711 -2700.609161 -2701.675181 -2709.249387 -2763.299789 -2891.250730 -3029.696463 -1548.538515 -1656.788767 -1668.601477 -1665.991716 -1664.897583 -1664.658886 -1664.616998 -1664.610657 -1664.610218 -1664.610673 -1664.611174 -1664.611587 -1664.611911 -1664.612164 -1664.612365 -1664.612529 -1664.612665 -1664.612783 -1664.612891 -1664.612998 -1664.613117 -1664.613263 -1664.613459 -1664.613740 -1664.614163 -1664.614819 -1664.615861 -1664.617551 -1664.620353 -1664.625124 -1664.633481 -1664.648578 -1664.676702 -1664.730673 -1664.837481 -1665.056959 -1665.531284 -1666.624995 -1669.354601 -1676.916715 -1701.221917 -9999.0 -9999.0
-9999.0 -9999.0 622.978278 525.029171 426.583354 327.835407 228.950274 130.006905 31.044662 -67.911764 -166.853339 -265.765637 -364.616229 -463.337779 -561.817512 -659.905123 -757.759093 -855.636515 -953.216643 -1050.432609 -1145.696306 -1236.196388 -1320.291844 -1395.391084 -1459.626463 -1512.289395 -1553.818956 -1585.477463 -1608.931561 -1625.903431 -1637.953023 -1646.379124 -1652.201677 -1656.188503 -1658.900301 -1660.739844 -1662.004374 -1662.972915 -1664.179525 -1667.287938 -1676.430672 -1693.841540 -1716.543054 -3436.955634 -3068.475722 -2820.338021 -2713.287417 -2699.723266 -2698.357470 -2698.499452 -2698.855048 -2699.236071 -2699.601902 -2699.940485 -2700.253711 -2700.609161 -2701.675181 -2709.249387 -2763.299789 -2891.250730 -3029.696463 -1548.538515 -1656.788767 -1668.601477 -1665.991716 -1664.897583 -1664.658886 -1664.616998 -1664.610657 -1664.610218 -1664.610673 -1664.611174 -1664.611587 -1664.611911 -1664.612164 -1664.612365 -1664.612529 -1664.612665 -1664.612783 -1664.612891 -1664.612998 -1664.613117 -1664.613263 -1664.613459 -1664.613740 -1664.614163 -1664.614819 -1664.615861 -1664.617551 -1664.620353 -1664.625124 -1664.633481 -1664.648578 -1664.676702 -1664.730673 -1664.837481 -1665.056959 -1665.531284 -1666.624995 -1669.354601 -1676.916715 -1701.221917 -9999.0 -9999.0
-9999.0 -9999.0 -9999.0 -9999.0 -9999.0 -9999.0 -9999.0 -9999.0 -9999.0 -9999.0 -9999.0 -9999.0 -9999.0 -9999.0 -9999.0 -9999.0 -9999.0 -9999.0 -9999.0 -9999.0 -9999.0 -9999.0 -9999.0 -9999.0 -9999.0 -9999.0 -9999.0 -9999.0 -9999.0 -9999.0 -9999.0 -9999.0 -9999.0 -9999.0 -9999.0 -9999.0 -9999.0 -9999.0 -9999.0 -9999.0 -9999.0 -9999.0 -9999.0 -9999.0 -9999.0 -9999.0 -9999.0 -9999.0 -9999.0 -9999.0 -9999.0 -9999.0 -9999.0 -9999.0 -9999.0 -9999.0 -9999.0 -9999.0 -9999.0 -9999.0 -9999.0 -9999.0 -9999.0 -9999.0 -9999.0 -9999.0 -9999.0 -9999.0 -9999.0 -9999.0 -9999.0 -9999.0 -9999.0 -9999.0 -9999.0 -9999.0 -9999.0 -9999.0 -9999.0 -9999.0 -9999.0 -9999.0 -9999.0 -9999.0 -9999.0 -9999.0 -9999.0 -9999.0 -9999.0 -9999.0 -9999.0 -9999.0 -9999.0 -9999.0 -9999.0 -9999.0 -9999.0 -9999.0 -9999.0 -9999.0 -9999.0 -9999.0 -9999.0 -9999.0
-9999.0 -9999.0 -9999.0 -9999.0 -9999.0 -9999.0 -9999.0 -9999.0 -9999.0 -9999.0 -9999.0 -9999.0 -9999.0 -9999.0 -9999.0 -9999.0 -9999.0 -9999.0 -9999.0 -9999.0 -9999.0 -9999.0 -9999.0 -9999.0 -9999.0 -9999.0 -9999.0 -9999.0 -9999.0 -9999.0 -9999.0 -9999.0 -9999.0 -9999.0 -9999.0 -9999.0 -9999.0 -9999.0 -9999.0 -9999.0 -9999.0 -9999.0 -9999.0 -9999.0 -9999.0 -9999.0 -9999.0 -9999.0 -9999.0 -9999.0 -9999.0 -9999.0 -9999.0 -9999.0 -9999.0 -9999.0 -9999.0 -9999.0 -9999.0 -9999.0 -9999.0 -9999.0 -9999.0 -9999.0 -9999.0 -9999.0 -9999.0 -9999.0 -9999.0 -9999.0 -9999.0 -9999.0 -9999.0 -9999.0 -9999.0 -9999.0 -9999.0 -9999.0 -9999.0 -9999.0 -9999.0 -9999.0 -9999.0 -9999.0 -9999.0 -9999.0 -9999.0 -9999.0 -9999.0 -9999.0 -9999.0 -9999.0 -9999.0 -9999.0 -9999.0 -9999.0 -9999.0 -9999.0 -9999.0 -9999.0 -9999.0 -9999.0 -9999.0 -9999.0