inst/processing_geotop_simulation/geotop_simulation/out/maps3D/PwL0018N0457.asc
ncols         104
nrows         10
xllcorner     -2.000000
yllcorner     0.000000
cellsize      1.000000
NODATA_value  -9999.0
-9999.0 -9999.0 -9999.0 -9999.0 -9999.0 -9999.0 -9999.0 -9999.0 -9999.0 -9999.0 -9999.0 -9999.0 -9999.0 -9999.0 -9999.0 -9999.0 -9999.0 -9999.0 -9999.0 -9999.0 -9999.0 -9999.0 -9999.0 -9999.0 -9999.0 -9999.0 -9999.0 -9999.0 -9999.0 -9999.0 -9999.0 -9999.0 -9999.0 -9999.0 -9999.0 -9999.0 -9999.0 -9999.0 -9999.0 -9999.0 -9999.0 -9999.0 -9999.0 -9999.0 -9999.0 -9999.0 -9999.0 -9999.0 -9999.0 -9999.0 -9999.0 -9999.0 -9999.0 -9999.0 -9999.0 -9999.0 -9999.0 -9999.0 -9999.0 -9999.0 -9999.0 -9999.0 -9999.0 -9999.0 -9999.0 -9999.0 -9999.0 -9999.0 -9999.0 -9999.0 -9999.0 -9999.0 -9999.0 -9999.0 -9999.0 -9999.0 -9999.0 -9999.0 -9999.0 -9999.0 -9999.0 -9999.0 -9999.0 -9999.0 -9999.0 -9999.0 -9999.0 -9999.0 -9999.0 -9999.0 -9999.0 -9999.0 -9999.0 -9999.0 -9999.0 -9999.0 -9999.0 -9999.0 -9999.0 -9999.0 -9999.0 -9999.0 -9999.0 -9999.0
-9999.0 -9999.0 -9999.0 -9999.0 -9999.0 -9999.0 -9999.0 -9999.0 -9999.0 -9999.0 -9999.0 -9999.0 -9999.0 -9999.0 -9999.0 -9999.0 -9999.0 -9999.0 -9999.0 -9999.0 -9999.0 -9999.0 -9999.0 -9999.0 -9999.0 -9999.0 -9999.0 -9999.0 -9999.0 -9999.0 -9999.0 -9999.0 -9999.0 -9999.0 -9999.0 -9999.0 -9999.0 -9999.0 -9999.0 -9999.0 -9999.0 -9999.0 -9999.0 -9999.0 -9999.0 -9999.0 -9999.0 -9999.0 -9999.0 -9999.0 -9999.0 -9999.0 -9999.0 -9999.0 -9999.0 -9999.0 -9999.0 -9999.0 -9999.0 -9999.0 -9999.0 -9999.0 -9999.0 -9999.0 -9999.0 -9999.0 -9999.0 -9999.0 -9999.0 -9999.0 -9999.0 -9999.0 -9999.0 -9999.0 -9999.0 -9999.0 -9999.0 -9999.0 -9999.0 -9999.0 -9999.0 -9999.0 -9999.0 -9999.0 -9999.0 -9999.0 -9999.0 -9999.0 -9999.0 -9999.0 -9999.0 -9999.0 -9999.0 -9999.0 -9999.0 -9999.0 -9999.0 -9999.0 -9999.0 -9999.0 -9999.0 -9999.0 -9999.0 -9999.0
-9999.0 -9999.0 868.897785 769.758466 670.516289 571.159792 471.743927 372.302048 272.852027 173.403508 73.961841 -25.468122 -124.883711 -224.283618 -323.657514 -422.987577 -522.240983 -621.360339 -720.249699 -819.207138 -917.985982 -1016.479523 -1114.506642 -1208.801060 -1298.588466 -1381.809900 -1456.541240 -1521.366506 -1575.641496 -1619.556797 -1653.997291 -1680.280769 -1699.884242 -1714.233505 -1724.580629 -1731.959660 -1737.205640 -1741.055665 -1744.436411 -1749.013614 -1756.712033 -1765.260770 -1912.787274 -3986.809585 -4084.139191 -4084.156133 -4084.112636 -4083.735816 -4082.234873 -4078.020760 -4068.071446 -4044.149729 -4011.600106 -3976.508188 -3928.726496 -3857.376117 -3749.549270 -3596.342539 -3402.007330 -3183.558821 -2872.623894 -1662.193233 -1720.828580 -1749.012771 -1750.122591 -1749.364651 -1749.094023 -1749.032892 -1749.021791 -1749.020385 -1749.020640 -1749.021111 -1749.021554 -1749.021942 -1749.022284 -1749.022593 -1749.022878 -1749.023149 -1749.023411 -1749.023673 -1749.023942 -1749.024226 -1749.024540 -1749.024902 -1749.025340 -1749.025900 -1749.026656 -1749.027732 -1749.029344 -1749.031878 -1749.036050 -1749.043236 -1749.056145 -1749.080276 -1749.127161 -1749.222135 -1749.424307 -1749.881201 -1750.987488 -1753.885617 -1762.205071 -1788.719037 -9999.0 -9999.0
-9999.0 -9999.0 868.900782 769.759563 670.516640 571.159906 471.743965 372.302062 272.852032 173.403510 73.961842 -25.468122 -124.883710 -224.283618 -323.657514 -422.987577 -522.240983 -621.360339 -720.249699 -819.207138 -917.985982 -1016.479523 -1114.506643 -1208.801060 -1298.588466 -1381.809900 -1456.541241 -1521.366506 -1575.641496 -1619.556797 -1653.997291 -1680.280769 -1699.884242 -1714.233505 -1724.580629 -1731.959660 -1737.205640 -1741.055665 -1744.436411 -1749.013613 -1756.712033 -1765.260770 -1912.787273 -3986.809585 -4084.139191 -4084.156133 -4084.112636 -4083.735816 -4082.234873 -4078.020760 -4068.071445 -4044.149729 -4011.600106 -3976.508188 -3928.726496 -3857.376117 -3749.549269 -3596.342539 -3402.007329 -3183.558820 -2872.623894 -1662.193233 -1720.828580 -1749.012771 -1750.122591 -1749.364651 -1749.094023 -1749.032892 -1749.021791 -1749.020385 -1749.020640 -1749.021111 -1749.021554 -1749.021942 -1749.022284 -1749.022592 -1749.022878 -1749.023149 -1749.023411 -1749.023673 -1749.023942 -1749.024226 -1749.024540 -1749.024902 -1749.025340 -1749.025900 -1749.026656 -1749.027732 -1749.029344 -1749.031878 -1749.036050 -1749.043236 -1749.056145 -1749.080276 -1749.127161 -1749.222135 -1749.424307 -1749.881201 -1750.987488 -1753.885617 -1762.205071 -1788.719037 -9999.0 -9999.0
-9999.0 -9999.0 868.901861 769.760137 670.516880 571.159997 471.743999 372.302074 272.852037 173.403512 73.961843 -25.468121 -124.883710 -224.283618 -323.657514 -422.987577 -522.240983 -621.360339 -720.249700 -819.207138 -917.985982 -1016.479523 -1114.506643 -1208.801061 -1298.588466 -1381.809900 -1456.541241 -1521.366506 -1575.641496 -1619.556797 -1653.997291 -1680.280769 -1699.884242 -1714.233505 -1724.580629 -1731.959660 -1737.205640 -1741.055665 -1744.436411 -1749.013613 -1756.712033 -1765.260770 -1912.787273 -3986.809585 -4084.139191 -4084.156133 -4084.112636 -4083.735816 -4082.234873 -4078.020760 -4068.071445 -4044.149729 -4011.600106 -3976.508188 -3928.726496 -3857.376117 -3749.549269 -3596.342538 -3402.007329 -3183.558820 -2872.623894 -1662.193233 -1720.828580 -1749.012771 -1750.122591 -1749.364651 -1749.094023 -1749.032892 -1749.021791 -1749.020385 -1749.020640 -1749.021111 -1749.021554 -1749.021942 -1749.022284 -1749.022592 -1749.022878 -1749.023149 -1749.023411 -1749.023673 -1749.023942 -1749.024226 -1749.024540 -1749.024902 -1749.025340 -1749.025900 -1749.026656 -1749.027732 -1749.029344 -1749.031878 -1749.036050 -1749.043236 -1749.056145 -1749.080276 -1749.127161 -1749.222135 -1749.424307 -1749.881201 -1750.987488 -1753.885617 -1762.205071 -1788.719037 -9999.0 -9999.0
-9999.0 -9999.0 868.901861 769.760137 670.516880 571.159997 471.743999 372.302074 272.852037 173.403512 73.961843 -25.468121 -124.883710 -224.283618 -323.657514 -422.987577 -522.240983 -621.360339 -720.249700 -819.207138 -917.985982 -1016.479523 -1114.506643 -1208.801061 -1298.588466 -1381.809900 -1456.541241 -1521.366506 -1575.641496 -1619.556797 -1653.997291 -1680.280769 -1699.884242 -1714.233505 -1724.580629 -1731.959660 -1737.205640 -1741.055665 -1744.436411 -1749.013613 -1756.712033 -1765.260770 -1912.787273 -3986.809585 -4084.139191 -4084.156133 -4084.112636 -4083.735816 -4082.234873 -4078.020760 -4068.071445 -4044.149729 -4011.600106 -3976.508188 -3928.726496 -3857.376117 -3749.549269 -3596.342539 -3402.007329 -3183.558820 -2872.623894 -1662.193233 -1720.828580 -1749.012771 -1750.122591 -1749.364651 -1749.094023 -1749.032892 -1749.021791 -1749.020385 -1749.020640 -1749.021111 -1749.021554 -1749.021942 -1749.022284 -1749.022592 -1749.022878 -1749.023149 -1749.023411 -1749.023673 -1749.023942 -1749.024226 -1749.024540 -1749.024902 -1749.025340 -1749.025900 -1749.026656 -1749.027732 -1749.029344 -1749.031878 -1749.036050 -1749.043236 -1749.056145 -1749.080276 -1749.127161 -1749.222135 -1749.424307 -1749.881201 -1750.987488 -1753.885617 -1762.205071 -1788.719037 -9999.0 -9999.0
-9999.0 -9999.0 868.900782 769.759563 670.516640 571.159906 471.743965 372.302062 272.852032 173.403510 73.961842 -25.468122 -124.883710 -224.283618 -323.657514 -422.987577 -522.240983 -621.360339 -720.249699 -819.207138 -917.985982 -1016.479523 -1114.506643 -1208.801060 -1298.588466 -1381.809900 -1456.541241 -1521.366506 -1575.641496 -1619.556797 -1653.997291 -1680.280769 -1699.884242 -1714.233505 -1724.580629 -1731.959660 -1737.205640 -1741.055665 -1744.436411 -1749.013613 -1756.712033 -1765.260770 -1912.787273 -3986.809585 -4084.139191 -4084.156133 -4084.112636 -4083.735816 -4082.234873 -4078.020760 -4068.071445 -4044.149729 -4011.600106 -3976.508188 -3928.726496 -3857.376117 -3749.549270 -3596.342539 -3402.007329 -3183.558820 -2872.623894 -1662.193233 -1720.828580 -1749.012771 -1750.122591 -1749.364651 -1749.094023 -1749.032892 -1749.021791 -1749.020385 -1749.020640 -1749.021111 -1749.021554 -1749.021942 -1749.022284 -1749.022592 -1749.022878 -1749.023149 -1749.023411 -1749.023673 -1749.023942 -1749.024226 -1749.024540 -1749.024902 -1749.025340 -1749.025900 -1749.026656 -1749.027732 -1749.029344 -1749.031878 -1749.036050 -1749.043236 -1749.056145 -1749.080276 -1749.127161 -1749.222135 -1749.424307 -1749.881201 -1750.987488 -1753.885617 -1762.205071 -1788.719037 -9999.0 -9999.0
-9999.0 -9999.0 868.897785 769.758466 670.516289 571.159792 471.743927 372.302048 272.852027 173.403508 73.961841 -25.468123 -124.883711 -224.283618 -323.657514 -422.987577 -522.240983 -621.360339 -720.249699 -819.207138 -917.985982 -1016.479523 -1114.506642 -1208.801060 -1298.588466 -1381.809900 -1456.541240 -1521.366506 -1575.641496 -1619.556797 -1653.997291 -1680.280769 -1699.884242 -1714.233505 -1724.580629 -1731.959660 -1737.205640 -1741.055665 -1744.436411 -1749.013614 -1756.712033 -1765.260770 -1912.787274 -3986.809585 -4084.139191 -4084.156133 -4084.112636 -4083.735816 -4082.234873 -4078.020760 -4068.071446 -4044.149729 -4011.600106 -3976.508188 -3928.726496 -3857.376117 -3749.549270 -3596.342540 -3402.007329 -3183.558821 -2872.623895 -1662.193233 -1720.828580 -1749.012771 -1750.122591 -1749.364651 -1749.094023 -1749.032892 -1749.021791 -1749.020385 -1749.020640 -1749.021111 -1749.021554 -1749.021942 -1749.022284 -1749.022593 -1749.022878 -1749.023149 -1749.023411 -1749.023673 -1749.023942 -1749.024226 -1749.024540 -1749.024902 -1749.025340 -1749.025900 -1749.026656 -1749.027732 -1749.029344 -1749.031878 -1749.036050 -1749.043236 -1749.056145 -1749.080276 -1749.127161 -1749.222135 -1749.424307 -1749.881201 -1750.987488 -1753.885617 -1762.205071 -1788.719037 -9999.0 -9999.0
-9999.0 -9999.0 -9999.0 -9999.0 -9999.0 -9999.0 -9999.0 -9999.0 -9999.0 -9999.0 -9999.0 -9999.0 -9999.0 -9999.0 -9999.0 -9999.0 -9999.0 -9999.0 -9999.0 -9999.0 -9999.0 -9999.0 -9999.0 -9999.0 -9999.0 -9999.0 -9999.0 -9999.0 -9999.0 -9999.0 -9999.0 -9999.0 -9999.0 -9999.0 -9999.0 -9999.0 -9999.0 -9999.0 -9999.0 -9999.0 -9999.0 -9999.0 -9999.0 -9999.0 -9999.0 -9999.0 -9999.0 -9999.0 -9999.0 -9999.0 -9999.0 -9999.0 -9999.0 -9999.0 -9999.0 -9999.0 -9999.0 -9999.0 -9999.0 -9999.0 -9999.0 -9999.0 -9999.0 -9999.0 -9999.0 -9999.0 -9999.0 -9999.0 -9999.0 -9999.0 -9999.0 -9999.0 -9999.0 -9999.0 -9999.0 -9999.0 -9999.0 -9999.0 -9999.0 -9999.0 -9999.0 -9999.0 -9999.0 -9999.0 -9999.0 -9999.0 -9999.0 -9999.0 -9999.0 -9999.0 -9999.0 -9999.0 -9999.0 -9999.0 -9999.0 -9999.0 -9999.0 -9999.0 -9999.0 -9999.0 -9999.0 -9999.0 -9999.0 -9999.0
-9999.0 -9999.0 -9999.0 -9999.0 -9999.0 -9999.0 -9999.0 -9999.0 -9999.0 -9999.0 -9999.0 -9999.0 -9999.0 -9999.0 -9999.0 -9999.0 -9999.0 -9999.0 -9999.0 -9999.0 -9999.0 -9999.0 -9999.0 -9999.0 -9999.0 -9999.0 -9999.0 -9999.0 -9999.0 -9999.0 -9999.0 -9999.0 -9999.0 -9999.0 -9999.0 -9999.0 -9999.0 -9999.0 -9999.0 -9999.0 -9999.0 -9999.0 -9999.0 -9999.0 -9999.0 -9999.0 -9999.0 -9999.0 -9999.0 -9999.0 -9999.0 -9999.0 -9999.0 -9999.0 -9999.0 -9999.0 -9999.0 -9999.0 -9999.0 -9999.0 -9999.0 -9999.0 -9999.0 -9999.0 -9999.0 -9999.0 -9999.0 -9999.0 -9999.0 -9999.0 -9999.0 -9999.0 -9999.0 -9999.0 -9999.0 -9999.0 -9999.0 -9999.0 -9999.0 -9999.0 -9999.0 -9999.0 -9999.0 -9999.0 -9999.0 -9999.0 -9999.0 -9999.0 -9999.0 -9999.0 -9999.0 -9999.0 -9999.0 -9999.0 -9999.0 -9999.0 -9999.0 -9999.0 -9999.0 -9999.0 -9999.0 -9999.0 -9999.0 -9999.0