inst/processing_geotop_simulation/geotop_simulation/out/maps3D/PwL0004N0242.asc
ncols         104
nrows         10
xllcorner     -2.000000
yllcorner     0.000000
cellsize      1.000000
NODATA_value  -9999.0
-9999.0 -9999.0 -9999.0 -9999.0 -9999.0 -9999.0 -9999.0 -9999.0 -9999.0 -9999.0 -9999.0 -9999.0 -9999.0 -9999.0 -9999.0 -9999.0 -9999.0 -9999.0 -9999.0 -9999.0 -9999.0 -9999.0 -9999.0 -9999.0 -9999.0 -9999.0 -9999.0 -9999.0 -9999.0 -9999.0 -9999.0 -9999.0 -9999.0 -9999.0 -9999.0 -9999.0 -9999.0 -9999.0 -9999.0 -9999.0 -9999.0 -9999.0 -9999.0 -9999.0 -9999.0 -9999.0 -9999.0 -9999.0 -9999.0 -9999.0 -9999.0 -9999.0 -9999.0 -9999.0 -9999.0 -9999.0 -9999.0 -9999.0 -9999.0 -9999.0 -9999.0 -9999.0 -9999.0 -9999.0 -9999.0 -9999.0 -9999.0 -9999.0 -9999.0 -9999.0 -9999.0 -9999.0 -9999.0 -9999.0 -9999.0 -9999.0 -9999.0 -9999.0 -9999.0 -9999.0 -9999.0 -9999.0 -9999.0 -9999.0 -9999.0 -9999.0 -9999.0 -9999.0 -9999.0 -9999.0 -9999.0 -9999.0 -9999.0 -9999.0 -9999.0 -9999.0 -9999.0 -9999.0 -9999.0 -9999.0 -9999.0 -9999.0 -9999.0 -9999.0
-9999.0 -9999.0 -9999.0 -9999.0 -9999.0 -9999.0 -9999.0 -9999.0 -9999.0 -9999.0 -9999.0 -9999.0 -9999.0 -9999.0 -9999.0 -9999.0 -9999.0 -9999.0 -9999.0 -9999.0 -9999.0 -9999.0 -9999.0 -9999.0 -9999.0 -9999.0 -9999.0 -9999.0 -9999.0 -9999.0 -9999.0 -9999.0 -9999.0 -9999.0 -9999.0 -9999.0 -9999.0 -9999.0 -9999.0 -9999.0 -9999.0 -9999.0 -9999.0 -9999.0 -9999.0 -9999.0 -9999.0 -9999.0 -9999.0 -9999.0 -9999.0 -9999.0 -9999.0 -9999.0 -9999.0 -9999.0 -9999.0 -9999.0 -9999.0 -9999.0 -9999.0 -9999.0 -9999.0 -9999.0 -9999.0 -9999.0 -9999.0 -9999.0 -9999.0 -9999.0 -9999.0 -9999.0 -9999.0 -9999.0 -9999.0 -9999.0 -9999.0 -9999.0 -9999.0 -9999.0 -9999.0 -9999.0 -9999.0 -9999.0 -9999.0 -9999.0 -9999.0 -9999.0 -9999.0 -9999.0 -9999.0 -9999.0 -9999.0 -9999.0 -9999.0 -9999.0 -9999.0 -9999.0 -9999.0 -9999.0 -9999.0 -9999.0 -9999.0 -9999.0
-9999.0 -9999.0 177.655484 83.046254 -14.085430 -111.935160 -210.059722 -308.283245 -406.508137 -504.664222 -602.622620 -700.043504 -797.109428 -893.567406 -989.750807 -1086.197846 -1181.085706 -1274.080286 -1364.636781 -1451.213731 -1529.795683 -1596.130190 -1648.319924 -1687.162359 -1714.983130 -1734.436517 -1747.844597 -1756.998435 -1763.197599 -1767.361609 -1770.135662 -1771.969527 -1773.173880 -1773.960753 -1774.473290 -1774.809014 -1775.041845 -1775.263491 -1775.766720 -1777.848057 -1784.750034 -1769.871046 -1110.371376 -1117.216272 -1103.591573 -1094.864286 -1090.778357 -1090.178133 -1090.115197 -1090.122476 -1090.140044 -1090.158878 -1090.176973 -1090.193725 -1090.209244 -1090.227014 -1090.280319 -1090.637185 -1092.805026 -1097.658963 -1104.723228 -1088.234115 -1746.541153 -1779.134862 -1776.634964 -1775.710986 -1775.541531 -1775.514679 -1775.511058 -1775.511241 -1775.511959 -1775.512623 -1775.513148 -1775.513549 -1775.513857 -1775.514095 -1775.514284 -1775.514437 -1775.514565 -1775.514679 -1775.514791 -1775.514916 -1775.515073 -1775.515292 -1775.515616 -1775.516115 -1775.516900 -1775.518158 -1775.520205 -1775.523598 -1775.529346 -1775.539345 -1775.557257 -1775.590311 -1775.653002 -1775.774914 -1776.018484 -1776.523681 -1777.631324 -1780.254821 -1787.213762 -1809.527840 -9999.0 -9999.0
-9999.0 -9999.0 177.665641 83.048338 -14.084900 -111.935006 -210.059673 -308.283229 -406.508131 -504.664220 -602.622619 -700.043504 -797.109428 -893.567406 -989.750807 -1086.197846 -1181.085706 -1274.080286 -1364.636781 -1451.213732 -1529.795683 -1596.130190 -1648.319925 -1687.162360 -1714.983130 -1734.436517 -1747.844597 -1756.998435 -1763.197599 -1767.361609 -1770.135662 -1771.969527 -1773.173880 -1773.960753 -1774.473290 -1774.809014 -1775.041845 -1775.263491 -1775.766720 -1777.848057 -1784.750034 -1769.871045 -1110.371376 -1117.216272 -1103.591573 -1094.864286 -1090.778357 -1090.178133 -1090.115197 -1090.122476 -1090.140044 -1090.158878 -1090.176973 -1090.193725 -1090.209244 -1090.227014 -1090.280319 -1090.637185 -1092.805026 -1097.658963 -1104.723228 -1088.234115 -1746.541153 -1779.134862 -1776.634964 -1775.710986 -1775.541531 -1775.514679 -1775.511058 -1775.511241 -1775.511959 -1775.512623 -1775.513148 -1775.513549 -1775.513857 -1775.514095 -1775.514284 -1775.514437 -1775.514565 -1775.514679 -1775.514791 -1775.514916 -1775.515073 -1775.515292 -1775.515616 -1775.516115 -1775.516900 -1775.518158 -1775.520205 -1775.523598 -1775.529346 -1775.539345 -1775.557257 -1775.590311 -1775.653002 -1775.774914 -1776.018484 -1776.523681 -1777.631324 -1780.254821 -1787.213762 -1809.527840 -9999.0 -9999.0
-9999.0 -9999.0 177.667073 83.049186 -14.084565 -111.934884 -210.059630 -308.283213 -406.508126 -504.664218 -602.622618 -700.043503 -797.109428 -893.567406 -989.750807 -1086.197846 -1181.085706 -1274.080286 -1364.636781 -1451.213732 -1529.795684 -1596.130191 -1648.319925 -1687.162360 -1714.983131 -1734.436517 -1747.844597 -1756.998435 -1763.197599 -1767.361609 -1770.135662 -1771.969527 -1773.173880 -1773.960753 -1774.473290 -1774.809014 -1775.041845 -1775.263491 -1775.766720 -1777.848057 -1784.750034 -1769.871045 -1110.371376 -1117.216272 -1103.591573 -1094.864286 -1090.778357 -1090.178133 -1090.115197 -1090.122476 -1090.140044 -1090.158878 -1090.176973 -1090.193725 -1090.209244 -1090.227014 -1090.280319 -1090.637185 -1092.805026 -1097.658963 -1104.723228 -1088.234115 -1746.541153 -1779.134862 -1776.634964 -1775.710986 -1775.541531 -1775.514679 -1775.511058 -1775.511241 -1775.511959 -1775.512623 -1775.513148 -1775.513549 -1775.513857 -1775.514095 -1775.514284 -1775.514437 -1775.514565 -1775.514679 -1775.514791 -1775.514916 -1775.515073 -1775.515292 -1775.515616 -1775.516115 -1775.516900 -1775.518158 -1775.520205 -1775.523598 -1775.529346 -1775.539345 -1775.557257 -1775.590311 -1775.653002 -1775.774914 -1776.018484 -1776.523681 -1777.631324 -1780.254821 -1787.213762 -1809.527840 -9999.0 -9999.0
-9999.0 -9999.0 177.667073 83.049186 -14.084565 -111.934884 -210.059630 -308.283213 -406.508126 -504.664218 -602.622618 -700.043503 -797.109428 -893.567406 -989.750807 -1086.197846 -1181.085706 -1274.080286 -1364.636781 -1451.213732 -1529.795684 -1596.130191 -1648.319925 -1687.162360 -1714.983131 -1734.436517 -1747.844597 -1756.998435 -1763.197599 -1767.361609 -1770.135662 -1771.969527 -1773.173880 -1773.960753 -1774.473290 -1774.809014 -1775.041845 -1775.263491 -1775.766720 -1777.848057 -1784.750034 -1769.871045 -1110.371376 -1117.216272 -1103.591573 -1094.864286 -1090.778357 -1090.178133 -1090.115197 -1090.122476 -1090.140044 -1090.158878 -1090.176973 -1090.193725 -1090.209244 -1090.227014 -1090.280319 -1090.637185 -1092.805026 -1097.658963 -1104.723228 -1088.234115 -1746.541153 -1779.134862 -1776.634964 -1775.710986 -1775.541531 -1775.514679 -1775.511058 -1775.511241 -1775.511959 -1775.512623 -1775.513148 -1775.513549 -1775.513857 -1775.514095 -1775.514284 -1775.514437 -1775.514565 -1775.514679 -1775.514791 -1775.514916 -1775.515073 -1775.515292 -1775.515616 -1775.516115 -1775.516900 -1775.518158 -1775.520205 -1775.523598 -1775.529346 -1775.539345 -1775.557257 -1775.590311 -1775.653002 -1775.774914 -1776.018484 -1776.523681 -1777.631324 -1780.254821 -1787.213762 -1809.527840 -9999.0 -9999.0
-9999.0 -9999.0 177.665641 83.048338 -14.084901 -111.935005 -210.059673 -308.283229 -406.508131 -504.664220 -602.622619 -700.043504 -797.109428 -893.567406 -989.750807 -1086.197846 -1181.085706 -1274.080286 -1364.636781 -1451.213732 -1529.795683 -1596.130190 -1648.319925 -1687.162360 -1714.983130 -1734.436517 -1747.844597 -1756.998435 -1763.197599 -1767.361609 -1770.135662 -1771.969527 -1773.173880 -1773.960753 -1774.473290 -1774.809014 -1775.041845 -1775.263491 -1775.766720 -1777.848057 -1784.750034 -1769.871045 -1110.371376 -1117.216272 -1103.591573 -1094.864286 -1090.778357 -1090.178133 -1090.115197 -1090.122476 -1090.140044 -1090.158878 -1090.176973 -1090.193725 -1090.209244 -1090.227014 -1090.280319 -1090.637185 -1092.805026 -1097.658963 -1104.723228 -1088.234115 -1746.541153 -1779.134862 -1776.634964 -1775.710986 -1775.541531 -1775.514679 -1775.511058 -1775.511241 -1775.511959 -1775.512623 -1775.513148 -1775.513549 -1775.513857 -1775.514095 -1775.514284 -1775.514437 -1775.514565 -1775.514679 -1775.514791 -1775.514916 -1775.515073 -1775.515292 -1775.515616 -1775.516115 -1775.516900 -1775.518158 -1775.520205 -1775.523598 -1775.529346 -1775.539345 -1775.557257 -1775.590311 -1775.653002 -1775.774914 -1776.018484 -1776.523681 -1777.631324 -1780.254821 -1787.213762 -1809.527840 -9999.0 -9999.0
-9999.0 -9999.0 177.655484 83.046254 -14.085430 -111.935160 -210.059722 -308.283245 -406.508137 -504.664222 -602.622620 -700.043504 -797.109428 -893.567406 -989.750807 -1086.197846 -1181.085706 -1274.080286 -1364.636781 -1451.213731 -1529.795683 -1596.130190 -1648.319924 -1687.162359 -1714.983130 -1734.436517 -1747.844597 -1756.998435 -1763.197599 -1767.361609 -1770.135662 -1771.969527 -1773.173880 -1773.960753 -1774.473290 -1774.809014 -1775.041845 -1775.263491 -1775.766720 -1777.848057 -1784.750034 -1769.871046 -1110.371376 -1117.216272 -1103.591573 -1094.864286 -1090.778357 -1090.178133 -1090.115197 -1090.122476 -1090.140044 -1090.158878 -1090.176973 -1090.193725 -1090.209244 -1090.227014 -1090.280319 -1090.637185 -1092.805026 -1097.658963 -1104.723228 -1088.234115 -1746.541153 -1779.134862 -1776.634964 -1775.710986 -1775.541531 -1775.514679 -1775.511058 -1775.511241 -1775.511959 -1775.512623 -1775.513148 -1775.513549 -1775.513857 -1775.514095 -1775.514284 -1775.514437 -1775.514565 -1775.514679 -1775.514791 -1775.514916 -1775.515073 -1775.515292 -1775.515616 -1775.516115 -1775.516900 -1775.518158 -1775.520205 -1775.523598 -1775.529346 -1775.539345 -1775.557257 -1775.590311 -1775.653002 -1775.774914 -1776.018484 -1776.523681 -1777.631324 -1780.254821 -1787.213762 -1809.527840 -9999.0 -9999.0
-9999.0 -9999.0 -9999.0 -9999.0 -9999.0 -9999.0 -9999.0 -9999.0 -9999.0 -9999.0 -9999.0 -9999.0 -9999.0 -9999.0 -9999.0 -9999.0 -9999.0 -9999.0 -9999.0 -9999.0 -9999.0 -9999.0 -9999.0 -9999.0 -9999.0 -9999.0 -9999.0 -9999.0 -9999.0 -9999.0 -9999.0 -9999.0 -9999.0 -9999.0 -9999.0 -9999.0 -9999.0 -9999.0 -9999.0 -9999.0 -9999.0 -9999.0 -9999.0 -9999.0 -9999.0 -9999.0 -9999.0 -9999.0 -9999.0 -9999.0 -9999.0 -9999.0 -9999.0 -9999.0 -9999.0 -9999.0 -9999.0 -9999.0 -9999.0 -9999.0 -9999.0 -9999.0 -9999.0 -9999.0 -9999.0 -9999.0 -9999.0 -9999.0 -9999.0 -9999.0 -9999.0 -9999.0 -9999.0 -9999.0 -9999.0 -9999.0 -9999.0 -9999.0 -9999.0 -9999.0 -9999.0 -9999.0 -9999.0 -9999.0 -9999.0 -9999.0 -9999.0 -9999.0 -9999.0 -9999.0 -9999.0 -9999.0 -9999.0 -9999.0 -9999.0 -9999.0 -9999.0 -9999.0 -9999.0 -9999.0 -9999.0 -9999.0 -9999.0 -9999.0
-9999.0 -9999.0 -9999.0 -9999.0 -9999.0 -9999.0 -9999.0 -9999.0 -9999.0 -9999.0 -9999.0 -9999.0 -9999.0 -9999.0 -9999.0 -9999.0 -9999.0 -9999.0 -9999.0 -9999.0 -9999.0 -9999.0 -9999.0 -9999.0 -9999.0 -9999.0 -9999.0 -9999.0 -9999.0 -9999.0 -9999.0 -9999.0 -9999.0 -9999.0 -9999.0 -9999.0 -9999.0 -9999.0 -9999.0 -9999.0 -9999.0 -9999.0 -9999.0 -9999.0 -9999.0 -9999.0 -9999.0 -9999.0 -9999.0 -9999.0 -9999.0 -9999.0 -9999.0 -9999.0 -9999.0 -9999.0 -9999.0 -9999.0 -9999.0 -9999.0 -9999.0 -9999.0 -9999.0 -9999.0 -9999.0 -9999.0 -9999.0 -9999.0 -9999.0 -9999.0 -9999.0 -9999.0 -9999.0 -9999.0 -9999.0 -9999.0 -9999.0 -9999.0 -9999.0 -9999.0 -9999.0 -9999.0 -9999.0 -9999.0 -9999.0 -9999.0 -9999.0 -9999.0 -9999.0 -9999.0 -9999.0 -9999.0 -9999.0 -9999.0 -9999.0 -9999.0 -9999.0 -9999.0 -9999.0 -9999.0 -9999.0 -9999.0 -9999.0 -9999.0