inst/processing_geotop_simulation/geotop_simulation/out/maps3D/PwL0008N0432.asc
ncols         104
nrows         10
xllcorner     -2.000000
yllcorner     0.000000
cellsize      1.000000
NODATA_value  -9999.0
-9999.0 -9999.0 -9999.0 -9999.0 -9999.0 -9999.0 -9999.0 -9999.0 -9999.0 -9999.0 -9999.0 -9999.0 -9999.0 -9999.0 -9999.0 -9999.0 -9999.0 -9999.0 -9999.0 -9999.0 -9999.0 -9999.0 -9999.0 -9999.0 -9999.0 -9999.0 -9999.0 -9999.0 -9999.0 -9999.0 -9999.0 -9999.0 -9999.0 -9999.0 -9999.0 -9999.0 -9999.0 -9999.0 -9999.0 -9999.0 -9999.0 -9999.0 -9999.0 -9999.0 -9999.0 -9999.0 -9999.0 -9999.0 -9999.0 -9999.0 -9999.0 -9999.0 -9999.0 -9999.0 -9999.0 -9999.0 -9999.0 -9999.0 -9999.0 -9999.0 -9999.0 -9999.0 -9999.0 -9999.0 -9999.0 -9999.0 -9999.0 -9999.0 -9999.0 -9999.0 -9999.0 -9999.0 -9999.0 -9999.0 -9999.0 -9999.0 -9999.0 -9999.0 -9999.0 -9999.0 -9999.0 -9999.0 -9999.0 -9999.0 -9999.0 -9999.0 -9999.0 -9999.0 -9999.0 -9999.0 -9999.0 -9999.0 -9999.0 -9999.0 -9999.0 -9999.0 -9999.0 -9999.0 -9999.0 -9999.0 -9999.0 -9999.0 -9999.0 -9999.0
-9999.0 -9999.0 -9999.0 -9999.0 -9999.0 -9999.0 -9999.0 -9999.0 -9999.0 -9999.0 -9999.0 -9999.0 -9999.0 -9999.0 -9999.0 -9999.0 -9999.0 -9999.0 -9999.0 -9999.0 -9999.0 -9999.0 -9999.0 -9999.0 -9999.0 -9999.0 -9999.0 -9999.0 -9999.0 -9999.0 -9999.0 -9999.0 -9999.0 -9999.0 -9999.0 -9999.0 -9999.0 -9999.0 -9999.0 -9999.0 -9999.0 -9999.0 -9999.0 -9999.0 -9999.0 -9999.0 -9999.0 -9999.0 -9999.0 -9999.0 -9999.0 -9999.0 -9999.0 -9999.0 -9999.0 -9999.0 -9999.0 -9999.0 -9999.0 -9999.0 -9999.0 -9999.0 -9999.0 -9999.0 -9999.0 -9999.0 -9999.0 -9999.0 -9999.0 -9999.0 -9999.0 -9999.0 -9999.0 -9999.0 -9999.0 -9999.0 -9999.0 -9999.0 -9999.0 -9999.0 -9999.0 -9999.0 -9999.0 -9999.0 -9999.0 -9999.0 -9999.0 -9999.0 -9999.0 -9999.0 -9999.0 -9999.0 -9999.0 -9999.0 -9999.0 -9999.0 -9999.0 -9999.0 -9999.0 -9999.0 -9999.0 -9999.0 -9999.0 -9999.0
-9999.0 -9999.0 373.266849 274.805729 175.776619 76.521920 -22.822487 -122.202084 -221.593255 -320.980324 -420.347623 -519.670644 -618.900079 -717.944046 -817.006356 -916.026842 -1014.971956 -1113.842224 -1212.004695 -1309.231935 -1404.625695 -1496.488299 -1582.264562 -1659.166714 -1725.108912 -1779.272902 -1822.091128 -1854.860587 -1879.280412 -1897.090571 -1909.858282 -1918.886730 -1925.202333 -1929.582950 -1932.602265 -1934.677931 -1936.124938 -1937.247732 -1938.579675 -1941.216418 -1943.256825 -1898.763364 -1255.192135 -1317.310339 -1294.201584 -1278.685640 -1271.477190 -1270.404312 -1270.289566 -1270.299137 -1270.326371 -1270.355750 -1270.383993 -1270.410153 -1270.434503 -1270.463460 -1270.557285 -1271.191701 -1274.995313 -1283.454444 -1292.945613 -1217.364181 -1867.187171 -1936.543282 -1940.002228 -1939.428168 -1939.204665 -1939.156900 -1939.148752 -1939.147852 -1939.148129 -1939.148525 -1939.148865 -1939.149138 -1939.149355 -1939.149531 -1939.149677 -1939.149802 -1939.149913 -1939.150016 -1939.150121 -1939.150236 -1939.150374 -1939.150556 -1939.150809 -1939.151181 -1939.151750 -1939.152643 -1939.154083 -1939.156468 -1939.160530 -1939.167668 -1939.180618 -1939.204865 -1939.251696 -1939.345219 -1939.539897 -1939.967986 -1940.978056 -1943.582392 -1951.097015 -1975.920708 -9999.0 -9999.0
-9999.0 -9999.0 373.273254 274.807354 175.777056 76.522050 -22.822445 -122.202069 -221.593250 -320.980322 -420.347622 -519.670643 -618.900079 -717.944046 -817.006356 -916.026842 -1014.971956 -1113.842225 -1212.004695 -1309.231935 -1404.625695 -1496.488300 -1582.264562 -1659.166715 -1725.108912 -1779.272902 -1822.091128 -1854.860588 -1879.280412 -1897.090571 -1909.858282 -1918.886730 -1925.202333 -1929.582950 -1932.602265 -1934.677931 -1936.124938 -1937.247732 -1938.579675 -1941.216418 -1943.256825 -1898.763364 -1255.192135 -1317.310339 -1294.201584 -1278.685640 -1271.477190 -1270.404312 -1270.289566 -1270.299137 -1270.326371 -1270.355750 -1270.383993 -1270.410153 -1270.434503 -1270.463460 -1270.557285 -1271.191701 -1274.995313 -1283.454444 -1292.945613 -1217.364181 -1867.187171 -1936.543282 -1940.002228 -1939.428168 -1939.204665 -1939.156900 -1939.148752 -1939.147852 -1939.148129 -1939.148524 -1939.148865 -1939.149138 -1939.149355 -1939.149530 -1939.149677 -1939.149802 -1939.149913 -1939.150016 -1939.150121 -1939.150236 -1939.150374 -1939.150556 -1939.150809 -1939.151181 -1939.151750 -1939.152643 -1939.154083 -1939.156468 -1939.160530 -1939.167668 -1939.180618 -1939.204865 -1939.251696 -1939.345219 -1939.539897 -1939.967986 -1940.978056 -1943.582392 -1951.097015 -1975.920708 -9999.0 -9999.0
-9999.0 -9999.0 373.274569 274.808058 175.777337 76.522153 -22.822409 -122.202056 -221.593245 -320.980320 -420.347621 -519.670643 -618.900078 -717.944046 -817.006356 -916.026842 -1014.971957 -1113.842225 -1212.004696 -1309.231936 -1404.625696 -1496.488300 -1582.264562 -1659.166715 -1725.108912 -1779.272902 -1822.091129 -1854.860588 -1879.280412 -1897.090571 -1909.858282 -1918.886730 -1925.202333 -1929.582950 -1932.602265 -1934.677931 -1936.124938 -1937.247732 -1938.579675 -1941.216418 -1943.256825 -1898.763364 -1255.192135 -1317.310339 -1294.201584 -1278.685640 -1271.477190 -1270.404312 -1270.289566 -1270.299137 -1270.326371 -1270.355750 -1270.383993 -1270.410153 -1270.434503 -1270.463460 -1270.557285 -1271.191701 -1274.995313 -1283.454444 -1292.945613 -1217.364181 -1867.187171 -1936.543282 -1940.002228 -1939.428168 -1939.204665 -1939.156900 -1939.148752 -1939.147852 -1939.148129 -1939.148524 -1939.148865 -1939.149138 -1939.149355 -1939.149530 -1939.149677 -1939.149802 -1939.149913 -1939.150016 -1939.150121 -1939.150236 -1939.150374 -1939.150556 -1939.150809 -1939.151181 -1939.151750 -1939.152643 -1939.154083 -1939.156468 -1939.160530 -1939.167668 -1939.180618 -1939.204865 -1939.251696 -1939.345219 -1939.539897 -1939.967986 -1940.978056 -1943.582392 -1951.097015 -1975.920708 -9999.0 -9999.0
-9999.0 -9999.0 373.274569 274.808058 175.777337 76.522153 -22.822409 -122.202056 -221.593245 -320.980320 -420.347621 -519.670643 -618.900078 -717.944046 -817.006356 -916.026842 -1014.971956 -1113.842225 -1212.004696 -1309.231936 -1404.625696 -1496.488300 -1582.264562 -1659.166715 -1725.108912 -1779.272902 -1822.091129 -1854.860588 -1879.280412 -1897.090571 -1909.858282 -1918.886730 -1925.202333 -1929.582950 -1932.602265 -1934.677931 -1936.124938 -1937.247732 -1938.579675 -1941.216418 -1943.256825 -1898.763364 -1255.192135 -1317.310339 -1294.201584 -1278.685640 -1271.477190 -1270.404312 -1270.289566 -1270.299137 -1270.326371 -1270.355750 -1270.383993 -1270.410153 -1270.434503 -1270.463460 -1270.557285 -1271.191701 -1274.995313 -1283.454444 -1292.945613 -1217.364181 -1867.187171 -1936.543282 -1940.002228 -1939.428168 -1939.204665 -1939.156900 -1939.148752 -1939.147852 -1939.148129 -1939.148524 -1939.148865 -1939.149138 -1939.149355 -1939.149530 -1939.149677 -1939.149802 -1939.149913 -1939.150016 -1939.150121 -1939.150236 -1939.150374 -1939.150556 -1939.150809 -1939.151181 -1939.151750 -1939.152643 -1939.154083 -1939.156468 -1939.160530 -1939.167668 -1939.180618 -1939.204865 -1939.251696 -1939.345219 -1939.539897 -1939.967986 -1940.978056 -1943.582392 -1951.097015 -1975.920708 -9999.0 -9999.0
-9999.0 -9999.0 373.273254 274.807354 175.777056 76.522050 -22.822445 -122.202069 -221.593250 -320.980322 -420.347622 -519.670643 -618.900079 -717.944046 -817.006356 -916.026842 -1014.971956 -1113.842225 -1212.004695 -1309.231935 -1404.625695 -1496.488300 -1582.264562 -1659.166715 -1725.108912 -1779.272902 -1822.091128 -1854.860588 -1879.280412 -1897.090571 -1909.858282 -1918.886730 -1925.202333 -1929.582950 -1932.602265 -1934.677931 -1936.124938 -1937.247732 -1938.579675 -1941.216418 -1943.256825 -1898.763364 -1255.192135 -1317.310339 -1294.201584 -1278.685640 -1271.477190 -1270.404312 -1270.289566 -1270.299137 -1270.326371 -1270.355750 -1270.383993 -1270.410153 -1270.434503 -1270.463460 -1270.557285 -1271.191701 -1274.995313 -1283.454444 -1292.945613 -1217.364181 -1867.187171 -1936.543282 -1940.002228 -1939.428168 -1939.204665 -1939.156900 -1939.148752 -1939.147852 -1939.148129 -1939.148524 -1939.148865 -1939.149138 -1939.149355 -1939.149530 -1939.149677 -1939.149802 -1939.149913 -1939.150016 -1939.150121 -1939.150236 -1939.150374 -1939.150556 -1939.150809 -1939.151181 -1939.151750 -1939.152643 -1939.154083 -1939.156468 -1939.160530 -1939.167668 -1939.180618 -1939.204865 -1939.251696 -1939.345219 -1939.539897 -1939.967986 -1940.978056 -1943.582392 -1951.097015 -1975.920708 -9999.0 -9999.0
-9999.0 -9999.0 373.266849 274.805729 175.776619 76.521920 -22.822487 -122.202084 -221.593255 -320.980324 -420.347623 -519.670644 -618.900079 -717.944047 -817.006356 -916.026842 -1014.971956 -1113.842224 -1212.004695 -1309.231935 -1404.625695 -1496.488299 -1582.264562 -1659.166714 -1725.108912 -1779.272902 -1822.091128 -1854.860587 -1879.280412 -1897.090571 -1909.858282 -1918.886730 -1925.202333 -1929.582950 -1932.602265 -1934.677931 -1936.124938 -1937.247732 -1938.579675 -1941.216418 -1943.256825 -1898.763364 -1255.192135 -1317.310339 -1294.201584 -1278.685640 -1271.477190 -1270.404312 -1270.289566 -1270.299137 -1270.326371 -1270.355750 -1270.383993 -1270.410153 -1270.434503 -1270.463460 -1270.557285 -1271.191701 -1274.995313 -1283.454444 -1292.945613 -1217.364181 -1867.187171 -1936.543282 -1940.002228 -1939.428168 -1939.204665 -1939.156900 -1939.148752 -1939.147852 -1939.148129 -1939.148525 -1939.148865 -1939.149138 -1939.149355 -1939.149531 -1939.149677 -1939.149802 -1939.149913 -1939.150016 -1939.150121 -1939.150236 -1939.150374 -1939.150556 -1939.150809 -1939.151181 -1939.151750 -1939.152643 -1939.154083 -1939.156468 -1939.160530 -1939.167668 -1939.180618 -1939.204865 -1939.251696 -1939.345219 -1939.539897 -1939.967986 -1940.978056 -1943.582392 -1951.097015 -1975.920708 -9999.0 -9999.0
-9999.0 -9999.0 -9999.0 -9999.0 -9999.0 -9999.0 -9999.0 -9999.0 -9999.0 -9999.0 -9999.0 -9999.0 -9999.0 -9999.0 -9999.0 -9999.0 -9999.0 -9999.0 -9999.0 -9999.0 -9999.0 -9999.0 -9999.0 -9999.0 -9999.0 -9999.0 -9999.0 -9999.0 -9999.0 -9999.0 -9999.0 -9999.0 -9999.0 -9999.0 -9999.0 -9999.0 -9999.0 -9999.0 -9999.0 -9999.0 -9999.0 -9999.0 -9999.0 -9999.0 -9999.0 -9999.0 -9999.0 -9999.0 -9999.0 -9999.0 -9999.0 -9999.0 -9999.0 -9999.0 -9999.0 -9999.0 -9999.0 -9999.0 -9999.0 -9999.0 -9999.0 -9999.0 -9999.0 -9999.0 -9999.0 -9999.0 -9999.0 -9999.0 -9999.0 -9999.0 -9999.0 -9999.0 -9999.0 -9999.0 -9999.0 -9999.0 -9999.0 -9999.0 -9999.0 -9999.0 -9999.0 -9999.0 -9999.0 -9999.0 -9999.0 -9999.0 -9999.0 -9999.0 -9999.0 -9999.0 -9999.0 -9999.0 -9999.0 -9999.0 -9999.0 -9999.0 -9999.0 -9999.0 -9999.0 -9999.0 -9999.0 -9999.0 -9999.0 -9999.0
-9999.0 -9999.0 -9999.0 -9999.0 -9999.0 -9999.0 -9999.0 -9999.0 -9999.0 -9999.0 -9999.0 -9999.0 -9999.0 -9999.0 -9999.0 -9999.0 -9999.0 -9999.0 -9999.0 -9999.0 -9999.0 -9999.0 -9999.0 -9999.0 -9999.0 -9999.0 -9999.0 -9999.0 -9999.0 -9999.0 -9999.0 -9999.0 -9999.0 -9999.0 -9999.0 -9999.0 -9999.0 -9999.0 -9999.0 -9999.0 -9999.0 -9999.0 -9999.0 -9999.0 -9999.0 -9999.0 -9999.0 -9999.0 -9999.0 -9999.0 -9999.0 -9999.0 -9999.0 -9999.0 -9999.0 -9999.0 -9999.0 -9999.0 -9999.0 -9999.0 -9999.0 -9999.0 -9999.0 -9999.0 -9999.0 -9999.0 -9999.0 -9999.0 -9999.0 -9999.0 -9999.0 -9999.0 -9999.0 -9999.0 -9999.0 -9999.0 -9999.0 -9999.0 -9999.0 -9999.0 -9999.0 -9999.0 -9999.0 -9999.0 -9999.0 -9999.0 -9999.0 -9999.0 -9999.0 -9999.0 -9999.0 -9999.0 -9999.0 -9999.0 -9999.0 -9999.0 -9999.0 -9999.0 -9999.0 -9999.0 -9999.0 -9999.0 -9999.0 -9999.0