inst/processing_geotop_simulation/geotop_simulation/out/maps3D/PwL0008N0045.asc
ncols         104
nrows         10
xllcorner     -2.000000
yllcorner     0.000000
cellsize      1.000000
NODATA_value  -9999.0
-9999.0 -9999.0 -9999.0 -9999.0 -9999.0 -9999.0 -9999.0 -9999.0 -9999.0 -9999.0 -9999.0 -9999.0 -9999.0 -9999.0 -9999.0 -9999.0 -9999.0 -9999.0 -9999.0 -9999.0 -9999.0 -9999.0 -9999.0 -9999.0 -9999.0 -9999.0 -9999.0 -9999.0 -9999.0 -9999.0 -9999.0 -9999.0 -9999.0 -9999.0 -9999.0 -9999.0 -9999.0 -9999.0 -9999.0 -9999.0 -9999.0 -9999.0 -9999.0 -9999.0 -9999.0 -9999.0 -9999.0 -9999.0 -9999.0 -9999.0 -9999.0 -9999.0 -9999.0 -9999.0 -9999.0 -9999.0 -9999.0 -9999.0 -9999.0 -9999.0 -9999.0 -9999.0 -9999.0 -9999.0 -9999.0 -9999.0 -9999.0 -9999.0 -9999.0 -9999.0 -9999.0 -9999.0 -9999.0 -9999.0 -9999.0 -9999.0 -9999.0 -9999.0 -9999.0 -9999.0 -9999.0 -9999.0 -9999.0 -9999.0 -9999.0 -9999.0 -9999.0 -9999.0 -9999.0 -9999.0 -9999.0 -9999.0 -9999.0 -9999.0 -9999.0 -9999.0 -9999.0 -9999.0 -9999.0 -9999.0 -9999.0 -9999.0 -9999.0 -9999.0
-9999.0 -9999.0 -9999.0 -9999.0 -9999.0 -9999.0 -9999.0 -9999.0 -9999.0 -9999.0 -9999.0 -9999.0 -9999.0 -9999.0 -9999.0 -9999.0 -9999.0 -9999.0 -9999.0 -9999.0 -9999.0 -9999.0 -9999.0 -9999.0 -9999.0 -9999.0 -9999.0 -9999.0 -9999.0 -9999.0 -9999.0 -9999.0 -9999.0 -9999.0 -9999.0 -9999.0 -9999.0 -9999.0 -9999.0 -9999.0 -9999.0 -9999.0 -9999.0 -9999.0 -9999.0 -9999.0 -9999.0 -9999.0 -9999.0 -9999.0 -9999.0 -9999.0 -9999.0 -9999.0 -9999.0 -9999.0 -9999.0 -9999.0 -9999.0 -9999.0 -9999.0 -9999.0 -9999.0 -9999.0 -9999.0 -9999.0 -9999.0 -9999.0 -9999.0 -9999.0 -9999.0 -9999.0 -9999.0 -9999.0 -9999.0 -9999.0 -9999.0 -9999.0 -9999.0 -9999.0 -9999.0 -9999.0 -9999.0 -9999.0 -9999.0 -9999.0 -9999.0 -9999.0 -9999.0 -9999.0 -9999.0 -9999.0 -9999.0 -9999.0 -9999.0 -9999.0 -9999.0 -9999.0 -9999.0 -9999.0 -9999.0 -9999.0 -9999.0 -9999.0
-9999.0 -9999.0 -820.398991 -833.430200 -838.166667 -841.906299 -844.887835 -846.939333 -848.128314 -846.469491 -827.472817 -800.804638 -774.617906 -745.871804 -760.450435 -772.897184 -781.810819 -791.189932 -754.262291 -732.533395 -724.814358 -727.323061 -736.765944 -750.651394 -766.953953 -783.894089 -799.877358 -813.689000 -824.709565 -832.918694 -838.695027 -842.576131 -845.089144 -846.665856 -847.623186 -848.177467 -848.487766 -848.777980 -849.263381 -849.023147 -849.699496 -882.072881 -2053.213447 -2765.801600 -2344.645859 -2125.088558 -2031.904430 -2021.477999 -2020.427116 -2020.439079 -2020.582024 -2020.739144 -2020.890069 -2021.029788 -2021.160835 -2021.328209 -2021.982431 -2027.234500 -2071.817499 -2176.677299 -2377.445991 -1750.984513 -869.780066 -852.316862 -850.029676 -849.377823 -849.230430 -849.207625 -849.210581 -849.217590 -849.224006 -849.229038 -849.232820 -849.235656 -849.237812 -849.239479 -849.240796 -849.241852 -849.242718 -849.243467 -849.244176 -849.244935 -849.245862 -849.247120 -849.248955 -849.251751 -849.256114 -849.263031 -849.274137 -849.292206 -849.322089 -849.372576 -849.460170 -849.616825 -849.905720 -850.452681 -851.506783 -853.554675 -857.543605 -865.391620 -881.391084 -915.429680 -9999.0 -9999.0
-9999.0 -9999.0 -820.398902 -833.430098 -838.166595 -841.906267 -844.887826 -846.939333 -848.128316 -846.469492 -827.472817 -800.804638 -774.617906 -745.871804 -760.450435 -772.897184 -781.810819 -791.189932 -754.262291 -732.533395 -724.814358 -727.323061 -736.765944 -750.651394 -766.953953 -783.894089 -799.877358 -813.689000 -824.709565 -832.918694 -838.695027 -842.576131 -845.089144 -846.665856 -847.623186 -848.177467 -848.487766 -848.777980 -849.263381 -849.023147 -849.699496 -882.072881 -2053.213446 -2765.801598 -2344.645856 -2125.088551 -2031.904430 -2021.477999 -2020.427116 -2020.439079 -2020.582024 -2020.739144 -2020.890069 -2021.029788 -2021.160835 -2021.328209 -2021.982431 -2027.234500 -2071.817499 -2176.677299 -2377.445991 -1750.984513 -869.780066 -852.316862 -850.029676 -849.377823 -849.230430 -849.207625 -849.210581 -849.217590 -849.224006 -849.229038 -849.232820 -849.235656 -849.237812 -849.239479 -849.240796 -849.241852 -849.242718 -849.243467 -849.244176 -849.244935 -849.245862 -849.247120 -849.248955 -849.251751 -849.256114 -849.263031 -849.274137 -849.292206 -849.322089 -849.372576 -849.460170 -849.616825 -849.905720 -850.452681 -851.506783 -853.554675 -857.543605 -865.391620 -881.391084 -915.429680 -9999.0 -9999.0
-9999.0 -9999.0 -820.398861 -833.430043 -838.166547 -841.906243 -844.887819 -846.939333 -848.128318 -846.469494 -827.472818 -800.804638 -774.617906 -745.871804 -760.450435 -772.897184 -781.810819 -791.189932 -754.262291 -732.533395 -724.814358 -727.323061 -736.765944 -750.651394 -766.953953 -783.894089 -799.877358 -813.689000 -824.709565 -832.918694 -838.695027 -842.576131 -845.089144 -846.665856 -847.623186 -848.177467 -848.487766 -848.777980 -849.263381 -849.023147 -849.699496 -882.072881 -2053.213446 -2765.801598 -2344.645855 -2125.088549 -2031.904430 -2021.477999 -2020.427116 -2020.439079 -2020.582024 -2020.739144 -2020.890069 -2021.029788 -2021.160835 -2021.328209 -2021.982431 -2027.234500 -2071.817499 -2176.677299 -2377.445991 -1750.984513 -869.780066 -852.316862 -850.029676 -849.377823 -849.230430 -849.207625 -849.210581 -849.217590 -849.224006 -849.229038 -849.232820 -849.235656 -849.237812 -849.239479 -849.240796 -849.241852 -849.242718 -849.243467 -849.244176 -849.244935 -849.245862 -849.247120 -849.248955 -849.251751 -849.256114 -849.263031 -849.274137 -849.292206 -849.322089 -849.372576 -849.460170 -849.616825 -849.905720 -850.452681 -851.506783 -853.554675 -857.543605 -865.391620 -881.391084 -915.429680 -9999.0 -9999.0
-9999.0 -9999.0 -820.398861 -833.430043 -838.166547 -841.906243 -844.887819 -846.939333 -848.128318 -846.469494 -827.472818 -800.804638 -774.617906 -745.871804 -760.450435 -772.897184 -781.810819 -791.189932 -754.262291 -732.533395 -724.814358 -727.323061 -736.765944 -750.651394 -766.953953 -783.894089 -799.877358 -813.689000 -824.709565 -832.918694 -838.695027 -842.576131 -845.089144 -846.665856 -847.623186 -848.177467 -848.487766 -848.777980 -849.263381 -849.023147 -849.699496 -882.072881 -2053.213446 -2765.801598 -2344.645855 -2125.088549 -2031.904430 -2021.477999 -2020.427116 -2020.439079 -2020.582024 -2020.739144 -2020.890069 -2021.029788 -2021.160835 -2021.328209 -2021.982431 -2027.234500 -2071.817499 -2176.677299 -2377.445991 -1750.984513 -869.780066 -852.316862 -850.029676 -849.377823 -849.230430 -849.207625 -849.210581 -849.217590 -849.224006 -849.229038 -849.232820 -849.235656 -849.237812 -849.239479 -849.240796 -849.241852 -849.242718 -849.243467 -849.244176 -849.244935 -849.245862 -849.247120 -849.248955 -849.251751 -849.256114 -849.263031 -849.274137 -849.292206 -849.322089 -849.372576 -849.460170 -849.616825 -849.905720 -850.452681 -851.506783 -853.554675 -857.543605 -865.391620 -881.391084 -915.429680 -9999.0 -9999.0
-9999.0 -9999.0 -820.398902 -833.430098 -838.166595 -841.906267 -844.887826 -846.939333 -848.128316 -846.469492 -827.472817 -800.804638 -774.617906 -745.871804 -760.450435 -772.897184 -781.810819 -791.189932 -754.262291 -732.533395 -724.814358 -727.323061 -736.765944 -750.651394 -766.953953 -783.894089 -799.877358 -813.689000 -824.709565 -832.918694 -838.695027 -842.576131 -845.089144 -846.665856 -847.623186 -848.177467 -848.487766 -848.777980 -849.263381 -849.023147 -849.699496 -882.072881 -2053.213446 -2765.801598 -2344.645856 -2125.088551 -2031.904430 -2021.477999 -2020.427116 -2020.439079 -2020.582024 -2020.739144 -2020.890069 -2021.029788 -2021.160835 -2021.328209 -2021.982431 -2027.234500 -2071.817499 -2176.677299 -2377.445991 -1750.984513 -869.780066 -852.316862 -850.029676 -849.377823 -849.230430 -849.207625 -849.210581 -849.217590 -849.224006 -849.229038 -849.232820 -849.235656 -849.237812 -849.239479 -849.240796 -849.241852 -849.242718 -849.243467 -849.244176 -849.244935 -849.245862 -849.247120 -849.248955 -849.251751 -849.256114 -849.263031 -849.274137 -849.292206 -849.322089 -849.372576 -849.460170 -849.616825 -849.905720 -850.452681 -851.506783 -853.554675 -857.543605 -865.391620 -881.391084 -915.429680 -9999.0 -9999.0
-9999.0 -9999.0 -820.398991 -833.430200 -838.166667 -841.906299 -844.887835 -846.939333 -848.128314 -846.469491 -827.472817 -800.804638 -774.617906 -745.871804 -760.450435 -772.897184 -781.810819 -791.189932 -754.262291 -732.533395 -724.814358 -727.323061 -736.765944 -750.651394 -766.953953 -783.894089 -799.877358 -813.689000 -824.709565 -832.918694 -838.695027 -842.576131 -845.089144 -846.665856 -847.623186 -848.177467 -848.487766 -848.777980 -849.263381 -849.023147 -849.699496 -882.072881 -2053.213447 -2765.801600 -2344.645859 -2125.088558 -2031.904430 -2021.477999 -2020.427116 -2020.439079 -2020.582024 -2020.739144 -2020.890069 -2021.029788 -2021.160835 -2021.328209 -2021.982431 -2027.234500 -2071.817499 -2176.677299 -2377.445991 -1750.984513 -869.780067 -852.316862 -850.029676 -849.377823 -849.230430 -849.207625 -849.210581 -849.217590 -849.224006 -849.229038 -849.232820 -849.235656 -849.237812 -849.239479 -849.240796 -849.241852 -849.242718 -849.243467 -849.244176 -849.244935 -849.245862 -849.247120 -849.248955 -849.251751 -849.256114 -849.263031 -849.274137 -849.292206 -849.322089 -849.372576 -849.460170 -849.616825 -849.905720 -850.452681 -851.506783 -853.554675 -857.543605 -865.391620 -881.391084 -915.429680 -9999.0 -9999.0
-9999.0 -9999.0 -9999.0 -9999.0 -9999.0 -9999.0 -9999.0 -9999.0 -9999.0 -9999.0 -9999.0 -9999.0 -9999.0 -9999.0 -9999.0 -9999.0 -9999.0 -9999.0 -9999.0 -9999.0 -9999.0 -9999.0 -9999.0 -9999.0 -9999.0 -9999.0 -9999.0 -9999.0 -9999.0 -9999.0 -9999.0 -9999.0 -9999.0 -9999.0 -9999.0 -9999.0 -9999.0 -9999.0 -9999.0 -9999.0 -9999.0 -9999.0 -9999.0 -9999.0 -9999.0 -9999.0 -9999.0 -9999.0 -9999.0 -9999.0 -9999.0 -9999.0 -9999.0 -9999.0 -9999.0 -9999.0 -9999.0 -9999.0 -9999.0 -9999.0 -9999.0 -9999.0 -9999.0 -9999.0 -9999.0 -9999.0 -9999.0 -9999.0 -9999.0 -9999.0 -9999.0 -9999.0 -9999.0 -9999.0 -9999.0 -9999.0 -9999.0 -9999.0 -9999.0 -9999.0 -9999.0 -9999.0 -9999.0 -9999.0 -9999.0 -9999.0 -9999.0 -9999.0 -9999.0 -9999.0 -9999.0 -9999.0 -9999.0 -9999.0 -9999.0 -9999.0 -9999.0 -9999.0 -9999.0 -9999.0 -9999.0 -9999.0 -9999.0 -9999.0
-9999.0 -9999.0 -9999.0 -9999.0 -9999.0 -9999.0 -9999.0 -9999.0 -9999.0 -9999.0 -9999.0 -9999.0 -9999.0 -9999.0 -9999.0 -9999.0 -9999.0 -9999.0 -9999.0 -9999.0 -9999.0 -9999.0 -9999.0 -9999.0 -9999.0 -9999.0 -9999.0 -9999.0 -9999.0 -9999.0 -9999.0 -9999.0 -9999.0 -9999.0 -9999.0 -9999.0 -9999.0 -9999.0 -9999.0 -9999.0 -9999.0 -9999.0 -9999.0 -9999.0 -9999.0 -9999.0 -9999.0 -9999.0 -9999.0 -9999.0 -9999.0 -9999.0 -9999.0 -9999.0 -9999.0 -9999.0 -9999.0 -9999.0 -9999.0 -9999.0 -9999.0 -9999.0 -9999.0 -9999.0 -9999.0 -9999.0 -9999.0 -9999.0 -9999.0 -9999.0 -9999.0 -9999.0 -9999.0 -9999.0 -9999.0 -9999.0 -9999.0 -9999.0 -9999.0 -9999.0 -9999.0 -9999.0 -9999.0 -9999.0 -9999.0 -9999.0 -9999.0 -9999.0 -9999.0 -9999.0 -9999.0 -9999.0 -9999.0 -9999.0 -9999.0 -9999.0 -9999.0 -9999.0 -9999.0 -9999.0 -9999.0 -9999.0 -9999.0 -9999.0