inst/processing_geotop_simulation/geotop_simulation/out/maps3D/PwL0011N0426.asc
ncols         104
nrows         10
xllcorner     -2.000000
yllcorner     0.000000
cellsize      1.000000
NODATA_value  -9999.0
-9999.0 -9999.0 -9999.0 -9999.0 -9999.0 -9999.0 -9999.0 -9999.0 -9999.0 -9999.0 -9999.0 -9999.0 -9999.0 -9999.0 -9999.0 -9999.0 -9999.0 -9999.0 -9999.0 -9999.0 -9999.0 -9999.0 -9999.0 -9999.0 -9999.0 -9999.0 -9999.0 -9999.0 -9999.0 -9999.0 -9999.0 -9999.0 -9999.0 -9999.0 -9999.0 -9999.0 -9999.0 -9999.0 -9999.0 -9999.0 -9999.0 -9999.0 -9999.0 -9999.0 -9999.0 -9999.0 -9999.0 -9999.0 -9999.0 -9999.0 -9999.0 -9999.0 -9999.0 -9999.0 -9999.0 -9999.0 -9999.0 -9999.0 -9999.0 -9999.0 -9999.0 -9999.0 -9999.0 -9999.0 -9999.0 -9999.0 -9999.0 -9999.0 -9999.0 -9999.0 -9999.0 -9999.0 -9999.0 -9999.0 -9999.0 -9999.0 -9999.0 -9999.0 -9999.0 -9999.0 -9999.0 -9999.0 -9999.0 -9999.0 -9999.0 -9999.0 -9999.0 -9999.0 -9999.0 -9999.0 -9999.0 -9999.0 -9999.0 -9999.0 -9999.0 -9999.0 -9999.0 -9999.0 -9999.0 -9999.0 -9999.0 -9999.0 -9999.0 -9999.0
-9999.0 -9999.0 -9999.0 -9999.0 -9999.0 -9999.0 -9999.0 -9999.0 -9999.0 -9999.0 -9999.0 -9999.0 -9999.0 -9999.0 -9999.0 -9999.0 -9999.0 -9999.0 -9999.0 -9999.0 -9999.0 -9999.0 -9999.0 -9999.0 -9999.0 -9999.0 -9999.0 -9999.0 -9999.0 -9999.0 -9999.0 -9999.0 -9999.0 -9999.0 -9999.0 -9999.0 -9999.0 -9999.0 -9999.0 -9999.0 -9999.0 -9999.0 -9999.0 -9999.0 -9999.0 -9999.0 -9999.0 -9999.0 -9999.0 -9999.0 -9999.0 -9999.0 -9999.0 -9999.0 -9999.0 -9999.0 -9999.0 -9999.0 -9999.0 -9999.0 -9999.0 -9999.0 -9999.0 -9999.0 -9999.0 -9999.0 -9999.0 -9999.0 -9999.0 -9999.0 -9999.0 -9999.0 -9999.0 -9999.0 -9999.0 -9999.0 -9999.0 -9999.0 -9999.0 -9999.0 -9999.0 -9999.0 -9999.0 -9999.0 -9999.0 -9999.0 -9999.0 -9999.0 -9999.0 -9999.0 -9999.0 -9999.0 -9999.0 -9999.0 -9999.0 -9999.0 -9999.0 -9999.0 -9999.0 -9999.0 -9999.0 -9999.0 -9999.0 -9999.0
-9999.0 -9999.0 522.113774 423.463745 324.417908 225.170901 125.836964 26.467164 -72.911562 -172.288446 -271.655230 -370.997975 -470.293248 -569.493071 -668.530150 -767.486606 -866.451107 -965.308230 -1064.037016 -1162.169451 -1258.734905 -1352.691742 -1441.941774 -1523.921744 -1596.318841 -1657.695884 -1707.739090 -1747.130907 -1777.210541 -1799.603024 -1815.930396 -1827.638615 -1835.924175 -1841.727032 -1845.759134 -1848.548674 -1850.496134 -1851.973826 -1853.583536 -1856.596615 -1860.700195 -1838.244721 -1389.827634 -1646.766592 -1586.645074 -1547.300272 -1529.507301 -1527.026615 -1526.768422 -1526.792099 -1526.855722 -1526.924148 -1526.989890 -1527.050760 -1527.107256 -1527.173050 -1527.379554 -1528.808976 -1538.028155 -1558.987572 -1580.799452 -1315.624539 -1801.710546 -1853.296806 -1855.593434 -1854.922562 -1854.685790 -1854.635557 -1854.626954 -1854.625982 -1854.626256 -1854.626660 -1854.627013 -1854.627298 -1854.627529 -1854.627719 -1854.627880 -1854.628020 -1854.628147 -1854.628267 -1854.628388 -1854.628520 -1854.628677 -1854.628877 -1854.629150 -1854.629542 -1854.630132 -1854.631048 -1854.632513 -1854.634925 -1854.639023 -1854.646211 -1854.659244 -1854.683654 -1854.730861 -1854.825371 -1855.022868 -1855.459224 -1856.493187 -1859.163582 -1866.844569 -1891.989231 -9999.0 -9999.0
-9999.0 -9999.0 522.118898 423.465226 324.418327 225.171028 125.837005 26.467178 -72.911557 -172.288444 -271.655229 -370.997975 -470.293247 -569.493071 -668.530150 -767.486606 -866.451107 -965.308230 -1064.037017 -1162.169451 -1258.734905 -1352.691742 -1441.941774 -1523.921745 -1596.318841 -1657.695884 -1707.739090 -1747.130907 -1777.210541 -1799.603024 -1815.930396 -1827.638615 -1835.924175 -1841.727032 -1845.759134 -1848.548674 -1850.496134 -1851.973826 -1853.583536 -1856.596615 -1860.700195 -1838.244721 -1389.827634 -1646.766592 -1586.645074 -1547.300271 -1529.507301 -1527.026615 -1526.768422 -1526.792099 -1526.855722 -1526.924148 -1526.989890 -1527.050760 -1527.107256 -1527.173050 -1527.379554 -1528.808976 -1538.028155 -1558.987572 -1580.799452 -1315.624540 -1801.710546 -1853.296806 -1855.593434 -1854.922562 -1854.685790 -1854.635557 -1854.626953 -1854.625982 -1854.626256 -1854.626660 -1854.627013 -1854.627298 -1854.627529 -1854.627719 -1854.627880 -1854.628020 -1854.628147 -1854.628267 -1854.628388 -1854.628520 -1854.628677 -1854.628877 -1854.629150 -1854.629542 -1854.630132 -1854.631048 -1854.632513 -1854.634925 -1854.639023 -1854.646211 -1854.659244 -1854.683654 -1854.730861 -1854.825371 -1855.022867 -1855.459224 -1856.493187 -1859.163582 -1866.844569 -1891.989231 -9999.0 -9999.0
-9999.0 -9999.0 522.120194 423.465904 324.418601 225.171129 125.837042 26.467191 -72.911552 -172.288442 -271.655228 -370.997974 -470.293247 -569.493070 -668.530150 -767.486606 -866.451107 -965.308230 -1064.037017 -1162.169452 -1258.734905 -1352.691742 -1441.941774 -1523.921745 -1596.318841 -1657.695885 -1707.739090 -1747.130907 -1777.210541 -1799.603024 -1815.930396 -1827.638615 -1835.924175 -1841.727032 -1845.759134 -1848.548674 -1850.496134 -1851.973826 -1853.583536 -1856.596615 -1860.700195 -1838.244721 -1389.827634 -1646.766592 -1586.645073 -1547.300271 -1529.507301 -1527.026615 -1526.768422 -1526.792099 -1526.855722 -1526.924148 -1526.989890 -1527.050760 -1527.107256 -1527.173050 -1527.379554 -1528.808976 -1538.028155 -1558.987572 -1580.799451 -1315.624540 -1801.710546 -1853.296806 -1855.593434 -1854.922562 -1854.685790 -1854.635557 -1854.626953 -1854.625982 -1854.626256 -1854.626660 -1854.627013 -1854.627298 -1854.627529 -1854.627719 -1854.627880 -1854.628020 -1854.628147 -1854.628267 -1854.628388 -1854.628520 -1854.628677 -1854.628877 -1854.629150 -1854.629542 -1854.630132 -1854.631048 -1854.632513 -1854.634925 -1854.639023 -1854.646211 -1854.659244 -1854.683654 -1854.730861 -1854.825371 -1855.022867 -1855.459224 -1856.493187 -1859.163582 -1866.844569 -1891.989231 -9999.0 -9999.0
-9999.0 -9999.0 522.120194 423.465904 324.418601 225.171129 125.837042 26.467191 -72.911552 -172.288442 -271.655228 -370.997974 -470.293247 -569.493071 -668.530150 -767.486606 -866.451107 -965.308230 -1064.037017 -1162.169452 -1258.734905 -1352.691742 -1441.941774 -1523.921745 -1596.318841 -1657.695885 -1707.739090 -1747.130907 -1777.210541 -1799.603024 -1815.930396 -1827.638615 -1835.924175 -1841.727032 -1845.759134 -1848.548674 -1850.496134 -1851.973826 -1853.583536 -1856.596615 -1860.700195 -1838.244721 -1389.827634 -1646.766592 -1586.645073 -1547.300271 -1529.507301 -1527.026615 -1526.768422 -1526.792099 -1526.855722 -1526.924148 -1526.989890 -1527.050760 -1527.107256 -1527.173050 -1527.379554 -1528.808976 -1538.028155 -1558.987572 -1580.799451 -1315.624540 -1801.710546 -1853.296806 -1855.593434 -1854.922562 -1854.685790 -1854.635557 -1854.626953 -1854.625982 -1854.626256 -1854.626660 -1854.627013 -1854.627298 -1854.627529 -1854.627719 -1854.627880 -1854.628020 -1854.628147 -1854.628267 -1854.628388 -1854.628520 -1854.628677 -1854.628877 -1854.629150 -1854.629542 -1854.630132 -1854.631048 -1854.632513 -1854.634925 -1854.639023 -1854.646211 -1854.659244 -1854.683654 -1854.730861 -1854.825371 -1855.022867 -1855.459224 -1856.493187 -1859.163582 -1866.844569 -1891.989231 -9999.0 -9999.0
-9999.0 -9999.0 522.118898 423.465226 324.418327 225.171028 125.837005 26.467178 -72.911557 -172.288444 -271.655229 -370.997975 -470.293247 -569.493071 -668.530150 -767.486606 -866.451107 -965.308230 -1064.037017 -1162.169451 -1258.734905 -1352.691742 -1441.941774 -1523.921745 -1596.318841 -1657.695884 -1707.739090 -1747.130907 -1777.210541 -1799.603024 -1815.930396 -1827.638615 -1835.924175 -1841.727032 -1845.759134 -1848.548674 -1850.496134 -1851.973826 -1853.583536 -1856.596615 -1860.700195 -1838.244721 -1389.827634 -1646.766592 -1586.645074 -1547.300271 -1529.507301 -1527.026615 -1526.768422 -1526.792099 -1526.855722 -1526.924148 -1526.989890 -1527.050760 -1527.107256 -1527.173050 -1527.379554 -1528.808976 -1538.028155 -1558.987572 -1580.799452 -1315.624540 -1801.710546 -1853.296806 -1855.593434 -1854.922562 -1854.685790 -1854.635557 -1854.626953 -1854.625982 -1854.626256 -1854.626660 -1854.627013 -1854.627298 -1854.627529 -1854.627719 -1854.627880 -1854.628020 -1854.628147 -1854.628267 -1854.628388 -1854.628520 -1854.628677 -1854.628877 -1854.629150 -1854.629542 -1854.630132 -1854.631048 -1854.632513 -1854.634925 -1854.639023 -1854.646211 -1854.659244 -1854.683654 -1854.730861 -1854.825371 -1855.022867 -1855.459224 -1856.493187 -1859.163582 -1866.844569 -1891.989231 -9999.0 -9999.0
-9999.0 -9999.0 522.113774 423.463745 324.417908 225.170901 125.836964 26.467164 -72.911562 -172.288446 -271.655230 -370.997975 -470.293248 -569.493071 -668.530150 -767.486606 -866.451107 -965.308230 -1064.037016 -1162.169451 -1258.734905 -1352.691742 -1441.941774 -1523.921744 -1596.318841 -1657.695884 -1707.739090 -1747.130907 -1777.210541 -1799.603024 -1815.930396 -1827.638615 -1835.924175 -1841.727032 -1845.759134 -1848.548674 -1850.496134 -1851.973826 -1853.583536 -1856.596615 -1860.700195 -1838.244721 -1389.827634 -1646.766592 -1586.645074 -1547.300272 -1529.507301 -1527.026615 -1526.768422 -1526.792099 -1526.855722 -1526.924148 -1526.989890 -1527.050760 -1527.107256 -1527.173050 -1527.379554 -1528.808976 -1538.028155 -1558.987572 -1580.799452 -1315.624539 -1801.710546 -1853.296806 -1855.593434 -1854.922562 -1854.685790 -1854.635557 -1854.626954 -1854.625982 -1854.626256 -1854.626660 -1854.627013 -1854.627298 -1854.627529 -1854.627719 -1854.627880 -1854.628020 -1854.628147 -1854.628267 -1854.628388 -1854.628520 -1854.628677 -1854.628877 -1854.629150 -1854.629542 -1854.630132 -1854.631048 -1854.632513 -1854.634925 -1854.639023 -1854.646211 -1854.659244 -1854.683654 -1854.730861 -1854.825371 -1855.022868 -1855.459224 -1856.493187 -1859.163582 -1866.844569 -1891.989231 -9999.0 -9999.0
-9999.0 -9999.0 -9999.0 -9999.0 -9999.0 -9999.0 -9999.0 -9999.0 -9999.0 -9999.0 -9999.0 -9999.0 -9999.0 -9999.0 -9999.0 -9999.0 -9999.0 -9999.0 -9999.0 -9999.0 -9999.0 -9999.0 -9999.0 -9999.0 -9999.0 -9999.0 -9999.0 -9999.0 -9999.0 -9999.0 -9999.0 -9999.0 -9999.0 -9999.0 -9999.0 -9999.0 -9999.0 -9999.0 -9999.0 -9999.0 -9999.0 -9999.0 -9999.0 -9999.0 -9999.0 -9999.0 -9999.0 -9999.0 -9999.0 -9999.0 -9999.0 -9999.0 -9999.0 -9999.0 -9999.0 -9999.0 -9999.0 -9999.0 -9999.0 -9999.0 -9999.0 -9999.0 -9999.0 -9999.0 -9999.0 -9999.0 -9999.0 -9999.0 -9999.0 -9999.0 -9999.0 -9999.0 -9999.0 -9999.0 -9999.0 -9999.0 -9999.0 -9999.0 -9999.0 -9999.0 -9999.0 -9999.0 -9999.0 -9999.0 -9999.0 -9999.0 -9999.0 -9999.0 -9999.0 -9999.0 -9999.0 -9999.0 -9999.0 -9999.0 -9999.0 -9999.0 -9999.0 -9999.0 -9999.0 -9999.0 -9999.0 -9999.0 -9999.0 -9999.0
-9999.0 -9999.0 -9999.0 -9999.0 -9999.0 -9999.0 -9999.0 -9999.0 -9999.0 -9999.0 -9999.0 -9999.0 -9999.0 -9999.0 -9999.0 -9999.0 -9999.0 -9999.0 -9999.0 -9999.0 -9999.0 -9999.0 -9999.0 -9999.0 -9999.0 -9999.0 -9999.0 -9999.0 -9999.0 -9999.0 -9999.0 -9999.0 -9999.0 -9999.0 -9999.0 -9999.0 -9999.0 -9999.0 -9999.0 -9999.0 -9999.0 -9999.0 -9999.0 -9999.0 -9999.0 -9999.0 -9999.0 -9999.0 -9999.0 -9999.0 -9999.0 -9999.0 -9999.0 -9999.0 -9999.0 -9999.0 -9999.0 -9999.0 -9999.0 -9999.0 -9999.0 -9999.0 -9999.0 -9999.0 -9999.0 -9999.0 -9999.0 -9999.0 -9999.0 -9999.0 -9999.0 -9999.0 -9999.0 -9999.0 -9999.0 -9999.0 -9999.0 -9999.0 -9999.0 -9999.0 -9999.0 -9999.0 -9999.0 -9999.0 -9999.0 -9999.0 -9999.0 -9999.0 -9999.0 -9999.0 -9999.0 -9999.0 -9999.0 -9999.0 -9999.0 -9999.0 -9999.0 -9999.0 -9999.0 -9999.0 -9999.0 -9999.0 -9999.0 -9999.0