inst/processing_geotop_simulation/geotop_simulation/out/maps3D/PwL0005N0161.asc
ncols         104
nrows         10
xllcorner     -2.000000
yllcorner     0.000000
cellsize      1.000000
NODATA_value  -9999.0
-9999.0 -9999.0 -9999.0 -9999.0 -9999.0 -9999.0 -9999.0 -9999.0 -9999.0 -9999.0 -9999.0 -9999.0 -9999.0 -9999.0 -9999.0 -9999.0 -9999.0 -9999.0 -9999.0 -9999.0 -9999.0 -9999.0 -9999.0 -9999.0 -9999.0 -9999.0 -9999.0 -9999.0 -9999.0 -9999.0 -9999.0 -9999.0 -9999.0 -9999.0 -9999.0 -9999.0 -9999.0 -9999.0 -9999.0 -9999.0 -9999.0 -9999.0 -9999.0 -9999.0 -9999.0 -9999.0 -9999.0 -9999.0 -9999.0 -9999.0 -9999.0 -9999.0 -9999.0 -9999.0 -9999.0 -9999.0 -9999.0 -9999.0 -9999.0 -9999.0 -9999.0 -9999.0 -9999.0 -9999.0 -9999.0 -9999.0 -9999.0 -9999.0 -9999.0 -9999.0 -9999.0 -9999.0 -9999.0 -9999.0 -9999.0 -9999.0 -9999.0 -9999.0 -9999.0 -9999.0 -9999.0 -9999.0 -9999.0 -9999.0 -9999.0 -9999.0 -9999.0 -9999.0 -9999.0 -9999.0 -9999.0 -9999.0 -9999.0 -9999.0 -9999.0 -9999.0 -9999.0 -9999.0 -9999.0 -9999.0 -9999.0 -9999.0 -9999.0 -9999.0
-9999.0 -9999.0 -9999.0 -9999.0 -9999.0 -9999.0 -9999.0 -9999.0 -9999.0 -9999.0 -9999.0 -9999.0 -9999.0 -9999.0 -9999.0 -9999.0 -9999.0 -9999.0 -9999.0 -9999.0 -9999.0 -9999.0 -9999.0 -9999.0 -9999.0 -9999.0 -9999.0 -9999.0 -9999.0 -9999.0 -9999.0 -9999.0 -9999.0 -9999.0 -9999.0 -9999.0 -9999.0 -9999.0 -9999.0 -9999.0 -9999.0 -9999.0 -9999.0 -9999.0 -9999.0 -9999.0 -9999.0 -9999.0 -9999.0 -9999.0 -9999.0 -9999.0 -9999.0 -9999.0 -9999.0 -9999.0 -9999.0 -9999.0 -9999.0 -9999.0 -9999.0 -9999.0 -9999.0 -9999.0 -9999.0 -9999.0 -9999.0 -9999.0 -9999.0 -9999.0 -9999.0 -9999.0 -9999.0 -9999.0 -9999.0 -9999.0 -9999.0 -9999.0 -9999.0 -9999.0 -9999.0 -9999.0 -9999.0 -9999.0 -9999.0 -9999.0 -9999.0 -9999.0 -9999.0 -9999.0 -9999.0 -9999.0 -9999.0 -9999.0 -9999.0 -9999.0 -9999.0 -9999.0 -9999.0 -9999.0 -9999.0 -9999.0 -9999.0 -9999.0
-9999.0 -9999.0 232.694527 143.390137 49.360425 -46.123686 -142.173906 -238.445358 -334.735581 -430.901866 -526.733881 -621.732710 -715.731559 -809.389829 -903.076750 -997.003318 -1090.458291 -1183.278327 -1274.641451 -1355.999017 -1419.027109 -1463.793602 -1493.615208 -1512.776473 -1524.978892 -1532.854419 -1538.070100 -1541.611943 -1544.053799 -1545.743563 -1546.908423 -1547.705507 -1548.246478 -1548.610680 -1548.853972 -1549.017023 -1549.136071 -1549.262969 -1549.571940 -1551.141790 -1559.138897 -1574.427676 -1043.910591 -1058.441796 -1040.332354 -1029.044888 -1023.786853 -1023.057422 -1022.983128 -1022.993334 -1023.016065 -1023.040329 -1023.063625 -1023.085183 -1023.105084 -1023.127246 -1023.190015 -1023.615248 -1026.373306 -1032.614789 -1042.349674 -1015.489076 -1552.000339 -1554.679387 -1550.381626 -1549.566431 -1549.441459 -1549.421972 -1549.419725 -1549.420501 -1549.421633 -1549.422604 -1549.423357 -1549.423929 -1549.424365 -1549.424702 -1549.424969 -1549.425184 -1549.425363 -1549.425521 -1549.425675 -1549.425846 -1549.426060 -1549.426356 -1549.426794 -1549.427468 -1549.428527 -1549.430219 -1549.432963 -1549.437487 -1549.445101 -1549.458244 -1549.481595 -1549.524348 -1549.604810 -1549.759803 -1550.064716 -1550.680779 -1551.980308 -1554.907771 -1562.173786 -1583.922850 -9999.0 -9999.0
-9999.0 -9999.0 232.704621 143.392345 49.360996 -46.123519 -142.173853 -238.445340 -334.735575 -430.901864 -526.733881 -621.732710 -715.731559 -809.389829 -903.076750 -997.003319 -1090.458291 -1183.278327 -1274.641451 -1355.999017 -1419.027109 -1463.793602 -1493.615208 -1512.776473 -1524.978892 -1532.854419 -1538.070100 -1541.611943 -1544.053799 -1545.743563 -1546.908423 -1547.705507 -1548.246478 -1548.610680 -1548.853972 -1549.017023 -1549.136071 -1549.262969 -1549.571940 -1551.141790 -1559.138897 -1574.427676 -1043.910591 -1058.441796 -1040.332354 -1029.044888 -1023.786853 -1023.057422 -1022.983128 -1022.993334 -1023.016065 -1023.040329 -1023.063625 -1023.085183 -1023.105084 -1023.127246 -1023.190015 -1023.615248 -1026.373306 -1032.614789 -1042.349674 -1015.489076 -1552.000339 -1554.679387 -1550.381626 -1549.566431 -1549.441459 -1549.421972 -1549.419725 -1549.420501 -1549.421633 -1549.422604 -1549.423357 -1549.423929 -1549.424365 -1549.424702 -1549.424969 -1549.425184 -1549.425363 -1549.425521 -1549.425675 -1549.425846 -1549.426060 -1549.426356 -1549.426794 -1549.427468 -1549.428527 -1549.430219 -1549.432963 -1549.437487 -1549.445101 -1549.458244 -1549.481595 -1549.524348 -1549.604810 -1549.759803 -1550.064716 -1550.680779 -1551.980308 -1554.907771 -1562.173786 -1583.922850 -9999.0 -9999.0
-9999.0 -9999.0 232.706207 143.393250 49.361356 -46.123388 -142.173807 -238.445324 -334.735569 -430.901862 -526.733880 -621.732709 -715.731559 -809.389829 -903.076750 -997.003319 -1090.458291 -1183.278328 -1274.641451 -1355.999017 -1419.027109 -1463.793602 -1493.615208 -1512.776473 -1524.978892 -1532.854419 -1538.070100 -1541.611943 -1544.053799 -1545.743563 -1546.908423 -1547.705507 -1548.246478 -1548.610680 -1548.853972 -1549.017023 -1549.136071 -1549.262969 -1549.571940 -1551.141790 -1559.138897 -1574.427676 -1043.910591 -1058.441796 -1040.332354 -1029.044888 -1023.786853 -1023.057422 -1022.983128 -1022.993334 -1023.016065 -1023.040329 -1023.063625 -1023.085183 -1023.105084 -1023.127246 -1023.190015 -1023.615248 -1026.373306 -1032.614789 -1042.349674 -1015.489076 -1552.000339 -1554.679387 -1550.381626 -1549.566431 -1549.441459 -1549.421972 -1549.419725 -1549.420501 -1549.421633 -1549.422604 -1549.423357 -1549.423929 -1549.424365 -1549.424702 -1549.424969 -1549.425184 -1549.425363 -1549.425521 -1549.425675 -1549.425846 -1549.426060 -1549.426356 -1549.426794 -1549.427468 -1549.428527 -1549.430219 -1549.432963 -1549.437487 -1549.445101 -1549.458244 -1549.481595 -1549.524348 -1549.604810 -1549.759803 -1550.064716 -1550.680779 -1551.980308 -1554.907771 -1562.173786 -1583.922850 -9999.0 -9999.0
-9999.0 -9999.0 232.706207 143.393250 49.361356 -46.123388 -142.173807 -238.445324 -334.735569 -430.901862 -526.733880 -621.732709 -715.731558 -809.389829 -903.076750 -997.003319 -1090.458291 -1183.278327 -1274.641451 -1355.999017 -1419.027109 -1463.793602 -1493.615208 -1512.776473 -1524.978892 -1532.854419 -1538.070100 -1541.611943 -1544.053799 -1545.743563 -1546.908423 -1547.705507 -1548.246478 -1548.610680 -1548.853972 -1549.017023 -1549.136071 -1549.262969 -1549.571940 -1551.141790 -1559.138897 -1574.427676 -1043.910591 -1058.441796 -1040.332354 -1029.044888 -1023.786853 -1023.057422 -1022.983128 -1022.993334 -1023.016065 -1023.040329 -1023.063625 -1023.085183 -1023.105084 -1023.127246 -1023.190015 -1023.615248 -1026.373306 -1032.614789 -1042.349674 -1015.489076 -1552.000339 -1554.679387 -1550.381626 -1549.566431 -1549.441459 -1549.421972 -1549.419725 -1549.420501 -1549.421633 -1549.422604 -1549.423357 -1549.423929 -1549.424365 -1549.424702 -1549.424969 -1549.425184 -1549.425363 -1549.425521 -1549.425675 -1549.425846 -1549.426060 -1549.426356 -1549.426794 -1549.427468 -1549.428527 -1549.430219 -1549.432963 -1549.437487 -1549.445101 -1549.458244 -1549.481595 -1549.524348 -1549.604810 -1549.759803 -1550.064716 -1550.680779 -1551.980308 -1554.907771 -1562.173786 -1583.922850 -9999.0 -9999.0
-9999.0 -9999.0 232.704621 143.392345 49.360996 -46.123519 -142.173853 -238.445340 -334.735575 -430.901864 -526.733881 -621.732710 -715.731559 -809.389829 -903.076750 -997.003319 -1090.458291 -1183.278327 -1274.641451 -1355.999017 -1419.027109 -1463.793602 -1493.615208 -1512.776473 -1524.978892 -1532.854419 -1538.070100 -1541.611943 -1544.053799 -1545.743563 -1546.908423 -1547.705507 -1548.246478 -1548.610680 -1548.853972 -1549.017023 -1549.136071 -1549.262969 -1549.571940 -1551.141790 -1559.138897 -1574.427676 -1043.910591 -1058.441796 -1040.332354 -1029.044888 -1023.786853 -1023.057422 -1022.983128 -1022.993334 -1023.016065 -1023.040329 -1023.063625 -1023.085183 -1023.105084 -1023.127246 -1023.190015 -1023.615248 -1026.373306 -1032.614789 -1042.349674 -1015.489076 -1552.000339 -1554.679387 -1550.381626 -1549.566431 -1549.441459 -1549.421972 -1549.419725 -1549.420501 -1549.421633 -1549.422604 -1549.423357 -1549.423929 -1549.424365 -1549.424702 -1549.424969 -1549.425184 -1549.425363 -1549.425521 -1549.425675 -1549.425846 -1549.426060 -1549.426356 -1549.426794 -1549.427468 -1549.428527 -1549.430219 -1549.432963 -1549.437487 -1549.445101 -1549.458244 -1549.481595 -1549.524348 -1549.604810 -1549.759803 -1550.064716 -1550.680779 -1551.980308 -1554.907771 -1562.173786 -1583.922850 -9999.0 -9999.0
-9999.0 -9999.0 232.694527 143.390137 49.360425 -46.123686 -142.173906 -238.445358 -334.735581 -430.901866 -526.733881 -621.732710 -715.731559 -809.389829 -903.076750 -997.003318 -1090.458291 -1183.278327 -1274.641451 -1355.999017 -1419.027109 -1463.793602 -1493.615208 -1512.776473 -1524.978892 -1532.854419 -1538.070100 -1541.611943 -1544.053799 -1545.743563 -1546.908423 -1547.705507 -1548.246478 -1548.610680 -1548.853972 -1549.017023 -1549.136071 -1549.262969 -1549.571940 -1551.141790 -1559.138897 -1574.427676 -1043.910591 -1058.441796 -1040.332354 -1029.044888 -1023.786853 -1023.057422 -1022.983128 -1022.993334 -1023.016065 -1023.040329 -1023.063625 -1023.085183 -1023.105084 -1023.127246 -1023.190015 -1023.615248 -1026.373306 -1032.614789 -1042.349674 -1015.489076 -1552.000339 -1554.679387 -1550.381626 -1549.566431 -1549.441459 -1549.421972 -1549.419725 -1549.420501 -1549.421633 -1549.422604 -1549.423357 -1549.423929 -1549.424365 -1549.424702 -1549.424969 -1549.425184 -1549.425363 -1549.425521 -1549.425675 -1549.425846 -1549.426060 -1549.426356 -1549.426794 -1549.427468 -1549.428527 -1549.430219 -1549.432963 -1549.437487 -1549.445101 -1549.458244 -1549.481595 -1549.524348 -1549.604810 -1549.759803 -1550.064716 -1550.680779 -1551.980308 -1554.907771 -1562.173786 -1583.922850 -9999.0 -9999.0
-9999.0 -9999.0 -9999.0 -9999.0 -9999.0 -9999.0 -9999.0 -9999.0 -9999.0 -9999.0 -9999.0 -9999.0 -9999.0 -9999.0 -9999.0 -9999.0 -9999.0 -9999.0 -9999.0 -9999.0 -9999.0 -9999.0 -9999.0 -9999.0 -9999.0 -9999.0 -9999.0 -9999.0 -9999.0 -9999.0 -9999.0 -9999.0 -9999.0 -9999.0 -9999.0 -9999.0 -9999.0 -9999.0 -9999.0 -9999.0 -9999.0 -9999.0 -9999.0 -9999.0 -9999.0 -9999.0 -9999.0 -9999.0 -9999.0 -9999.0 -9999.0 -9999.0 -9999.0 -9999.0 -9999.0 -9999.0 -9999.0 -9999.0 -9999.0 -9999.0 -9999.0 -9999.0 -9999.0 -9999.0 -9999.0 -9999.0 -9999.0 -9999.0 -9999.0 -9999.0 -9999.0 -9999.0 -9999.0 -9999.0 -9999.0 -9999.0 -9999.0 -9999.0 -9999.0 -9999.0 -9999.0 -9999.0 -9999.0 -9999.0 -9999.0 -9999.0 -9999.0 -9999.0 -9999.0 -9999.0 -9999.0 -9999.0 -9999.0 -9999.0 -9999.0 -9999.0 -9999.0 -9999.0 -9999.0 -9999.0 -9999.0 -9999.0 -9999.0 -9999.0
-9999.0 -9999.0 -9999.0 -9999.0 -9999.0 -9999.0 -9999.0 -9999.0 -9999.0 -9999.0 -9999.0 -9999.0 -9999.0 -9999.0 -9999.0 -9999.0 -9999.0 -9999.0 -9999.0 -9999.0 -9999.0 -9999.0 -9999.0 -9999.0 -9999.0 -9999.0 -9999.0 -9999.0 -9999.0 -9999.0 -9999.0 -9999.0 -9999.0 -9999.0 -9999.0 -9999.0 -9999.0 -9999.0 -9999.0 -9999.0 -9999.0 -9999.0 -9999.0 -9999.0 -9999.0 -9999.0 -9999.0 -9999.0 -9999.0 -9999.0 -9999.0 -9999.0 -9999.0 -9999.0 -9999.0 -9999.0 -9999.0 -9999.0 -9999.0 -9999.0 -9999.0 -9999.0 -9999.0 -9999.0 -9999.0 -9999.0 -9999.0 -9999.0 -9999.0 -9999.0 -9999.0 -9999.0 -9999.0 -9999.0 -9999.0 -9999.0 -9999.0 -9999.0 -9999.0 -9999.0 -9999.0 -9999.0 -9999.0 -9999.0 -9999.0 -9999.0 -9999.0 -9999.0 -9999.0 -9999.0 -9999.0 -9999.0 -9999.0 -9999.0 -9999.0 -9999.0 -9999.0 -9999.0 -9999.0 -9999.0 -9999.0 -9999.0 -9999.0 -9999.0