inst/processing_geotop_simulation/geotop_simulation/out/maps3D/PwL0010N0448.asc
ncols         104
nrows         10
xllcorner     -2.000000
yllcorner     0.000000
cellsize      1.000000
NODATA_value  -9999.0
-9999.0 -9999.0 -9999.0 -9999.0 -9999.0 -9999.0 -9999.0 -9999.0 -9999.0 -9999.0 -9999.0 -9999.0 -9999.0 -9999.0 -9999.0 -9999.0 -9999.0 -9999.0 -9999.0 -9999.0 -9999.0 -9999.0 -9999.0 -9999.0 -9999.0 -9999.0 -9999.0 -9999.0 -9999.0 -9999.0 -9999.0 -9999.0 -9999.0 -9999.0 -9999.0 -9999.0 -9999.0 -9999.0 -9999.0 -9999.0 -9999.0 -9999.0 -9999.0 -9999.0 -9999.0 -9999.0 -9999.0 -9999.0 -9999.0 -9999.0 -9999.0 -9999.0 -9999.0 -9999.0 -9999.0 -9999.0 -9999.0 -9999.0 -9999.0 -9999.0 -9999.0 -9999.0 -9999.0 -9999.0 -9999.0 -9999.0 -9999.0 -9999.0 -9999.0 -9999.0 -9999.0 -9999.0 -9999.0 -9999.0 -9999.0 -9999.0 -9999.0 -9999.0 -9999.0 -9999.0 -9999.0 -9999.0 -9999.0 -9999.0 -9999.0 -9999.0 -9999.0 -9999.0 -9999.0 -9999.0 -9999.0 -9999.0 -9999.0 -9999.0 -9999.0 -9999.0 -9999.0 -9999.0 -9999.0 -9999.0 -9999.0 -9999.0 -9999.0 -9999.0
-9999.0 -9999.0 -9999.0 -9999.0 -9999.0 -9999.0 -9999.0 -9999.0 -9999.0 -9999.0 -9999.0 -9999.0 -9999.0 -9999.0 -9999.0 -9999.0 -9999.0 -9999.0 -9999.0 -9999.0 -9999.0 -9999.0 -9999.0 -9999.0 -9999.0 -9999.0 -9999.0 -9999.0 -9999.0 -9999.0 -9999.0 -9999.0 -9999.0 -9999.0 -9999.0 -9999.0 -9999.0 -9999.0 -9999.0 -9999.0 -9999.0 -9999.0 -9999.0 -9999.0 -9999.0 -9999.0 -9999.0 -9999.0 -9999.0 -9999.0 -9999.0 -9999.0 -9999.0 -9999.0 -9999.0 -9999.0 -9999.0 -9999.0 -9999.0 -9999.0 -9999.0 -9999.0 -9999.0 -9999.0 -9999.0 -9999.0 -9999.0 -9999.0 -9999.0 -9999.0 -9999.0 -9999.0 -9999.0 -9999.0 -9999.0 -9999.0 -9999.0 -9999.0 -9999.0 -9999.0 -9999.0 -9999.0 -9999.0 -9999.0 -9999.0 -9999.0 -9999.0 -9999.0 -9999.0 -9999.0 -9999.0 -9999.0 -9999.0 -9999.0 -9999.0 -9999.0 -9999.0 -9999.0 -9999.0 -9999.0 -9999.0 -9999.0 -9999.0 -9999.0
-9999.0 -9999.0 472.342642 373.650849 274.542331 175.239068 75.853524 -23.564441 -122.991408 -222.417004 -321.831100 -421.218851 -520.553731 -619.782831 -718.840943 -817.965612 -917.014558 -1015.975066 -1114.835985 -1212.777339 -1309.426249 -1403.485562 -1492.835212 -1574.867557 -1647.232791 -1708.493075 -1758.366957 -1797.578867 -1827.500097 -1849.771235 -1866.016133 -1877.674766 -1885.934966 -1891.728441 -1895.760634 -1898.555304 -1900.510639 -1901.998545 -1903.611185 -1906.483024 -1909.062609 -1874.629301 -1329.444309 -1479.416917 -1440.442853 -1414.390357 -1402.445605 -1400.727928 -1400.546812 -1400.562514 -1400.606103 -1400.653058 -1400.698185 -1400.739975 -1400.778820 -1400.824553 -1400.970660 -1401.971823 -1408.211614 -1422.236543 -1436.728406 -1272.972033 -1839.452830 -1901.995317 -1905.508933 -1904.959690 -1904.730286 -1904.679526 -1904.670636 -1904.669586 -1904.669833 -1904.670223 -1904.670566 -1904.670845 -1904.671072 -1904.671259 -1904.671419 -1904.671558 -1904.671684 -1904.671805 -1904.671927 -1904.672059 -1904.672216 -1904.672415 -1904.672685 -1904.673072 -1904.673651 -1904.674547 -1904.675979 -1904.678335 -1904.682337 -1904.689357 -1904.702093 -1904.725965 -1904.772177 -1904.864833 -1905.058858 -1905.488758 -1906.511402 -1909.166926 -1916.851113 -1942.087721 -9999.0 -9999.0
-9999.0 -9999.0 472.348084 373.652359 274.542751 175.239195 75.853566 -23.564427 -122.991402 -222.417002 -321.831099 -421.218851 -520.553731 -619.782831 -718.840943 -817.965612 -917.014558 -1015.975067 -1114.835985 -1212.777339 -1309.426250 -1403.485562 -1492.835212 -1574.867557 -1647.232792 -1708.493076 -1758.366957 -1797.578867 -1827.500097 -1849.771235 -1866.016133 -1877.674766 -1885.934966 -1891.728441 -1895.760634 -1898.555304 -1900.510639 -1901.998545 -1903.611185 -1906.483024 -1909.062609 -1874.629301 -1329.444309 -1479.416917 -1440.442853 -1414.390356 -1402.445605 -1400.727928 -1400.546812 -1400.562514 -1400.606103 -1400.653058 -1400.698185 -1400.739975 -1400.778820 -1400.824553 -1400.970660 -1401.971823 -1408.211614 -1422.236543 -1436.728406 -1272.972033 -1839.452830 -1901.995317 -1905.508933 -1904.959690 -1904.730286 -1904.679526 -1904.670635 -1904.669586 -1904.669833 -1904.670223 -1904.670566 -1904.670845 -1904.671072 -1904.671259 -1904.671419 -1904.671558 -1904.671684 -1904.671805 -1904.671927 -1904.672059 -1904.672216 -1904.672415 -1904.672685 -1904.673072 -1904.673651 -1904.674547 -1904.675979 -1904.678335 -1904.682337 -1904.689357 -1904.702093 -1904.725965 -1904.772177 -1904.864833 -1905.058858 -1905.488758 -1906.511402 -1909.166926 -1916.851113 -1942.087721 -9999.0 -9999.0
-9999.0 -9999.0 472.349375 373.653038 274.543024 175.239295 75.853602 -23.564414 -122.991398 -222.417000 -321.831098 -421.218850 -520.553730 -619.782831 -718.840943 -817.965612 -917.014558 -1015.975067 -1114.835985 -1212.777339 -1309.426250 -1403.485562 -1492.835212 -1574.867557 -1647.232792 -1708.493076 -1758.366957 -1797.578867 -1827.500097 -1849.771235 -1866.016133 -1877.674766 -1885.934966 -1891.728441 -1895.760634 -1898.555304 -1900.510639 -1901.998545 -1903.611185 -1906.483024 -1909.062609 -1874.629301 -1329.444309 -1479.416917 -1440.442853 -1414.390356 -1402.445605 -1400.727928 -1400.546812 -1400.562514 -1400.606103 -1400.653058 -1400.698185 -1400.739975 -1400.778820 -1400.824553 -1400.970660 -1401.971823 -1408.211614 -1422.236543 -1436.728406 -1272.972033 -1839.452830 -1901.995317 -1905.508933 -1904.959690 -1904.730286 -1904.679526 -1904.670635 -1904.669586 -1904.669833 -1904.670223 -1904.670566 -1904.670845 -1904.671072 -1904.671259 -1904.671419 -1904.671558 -1904.671684 -1904.671805 -1904.671927 -1904.672059 -1904.672216 -1904.672415 -1904.672685 -1904.673072 -1904.673651 -1904.674547 -1904.675979 -1904.678335 -1904.682337 -1904.689357 -1904.702093 -1904.725965 -1904.772177 -1904.864833 -1905.058858 -1905.488758 -1906.511402 -1909.166926 -1916.851113 -1942.087721 -9999.0 -9999.0
-9999.0 -9999.0 472.349375 373.653038 274.543024 175.239295 75.853602 -23.564414 -122.991398 -222.417000 -321.831098 -421.218850 -520.553730 -619.782831 -718.840943 -817.965612 -917.014558 -1015.975067 -1114.835985 -1212.777339 -1309.426250 -1403.485562 -1492.835212 -1574.867557 -1647.232792 -1708.493076 -1758.366957 -1797.578867 -1827.500097 -1849.771235 -1866.016133 -1877.674766 -1885.934966 -1891.728441 -1895.760634 -1898.555304 -1900.510639 -1901.998545 -1903.611185 -1906.483024 -1909.062609 -1874.629301 -1329.444309 -1479.416917 -1440.442853 -1414.390356 -1402.445605 -1400.727928 -1400.546812 -1400.562514 -1400.606103 -1400.653058 -1400.698185 -1400.739975 -1400.778820 -1400.824553 -1400.970660 -1401.971823 -1408.211614 -1422.236543 -1436.728406 -1272.972033 -1839.452830 -1901.995317 -1905.508933 -1904.959690 -1904.730286 -1904.679526 -1904.670635 -1904.669586 -1904.669833 -1904.670223 -1904.670566 -1904.670845 -1904.671072 -1904.671259 -1904.671419 -1904.671558 -1904.671684 -1904.671805 -1904.671927 -1904.672059 -1904.672216 -1904.672415 -1904.672685 -1904.673072 -1904.673651 -1904.674547 -1904.675979 -1904.678335 -1904.682337 -1904.689357 -1904.702093 -1904.725965 -1904.772177 -1904.864833 -1905.058858 -1905.488758 -1906.511402 -1909.166926 -1916.851113 -1942.087721 -9999.0 -9999.0
-9999.0 -9999.0 472.348084 373.652359 274.542751 175.239195 75.853566 -23.564427 -122.991403 -222.417002 -321.831099 -421.218851 -520.553731 -619.782831 -718.840943 -817.965612 -917.014558 -1015.975067 -1114.835985 -1212.777339 -1309.426250 -1403.485562 -1492.835212 -1574.867557 -1647.232792 -1708.493076 -1758.366957 -1797.578867 -1827.500097 -1849.771235 -1866.016133 -1877.674766 -1885.934966 -1891.728441 -1895.760634 -1898.555304 -1900.510639 -1901.998545 -1903.611185 -1906.483024 -1909.062609 -1874.629301 -1329.444309 -1479.416917 -1440.442853 -1414.390356 -1402.445605 -1400.727928 -1400.546812 -1400.562514 -1400.606103 -1400.653058 -1400.698185 -1400.739975 -1400.778820 -1400.824553 -1400.970660 -1401.971823 -1408.211614 -1422.236543 -1436.728406 -1272.972033 -1839.452830 -1901.995317 -1905.508933 -1904.959690 -1904.730286 -1904.679526 -1904.670635 -1904.669586 -1904.669833 -1904.670223 -1904.670566 -1904.670845 -1904.671072 -1904.671259 -1904.671419 -1904.671558 -1904.671684 -1904.671805 -1904.671927 -1904.672059 -1904.672216 -1904.672415 -1904.672685 -1904.673072 -1904.673651 -1904.674547 -1904.675979 -1904.678335 -1904.682337 -1904.689357 -1904.702093 -1904.725965 -1904.772177 -1904.864833 -1905.058858 -1905.488758 -1906.511402 -1909.166926 -1916.851113 -1942.087721 -9999.0 -9999.0
-9999.0 -9999.0 472.342642 373.650849 274.542331 175.239068 75.853524 -23.564442 -122.991408 -222.417004 -321.831100 -421.218851 -520.553731 -619.782831 -718.840943 -817.965612 -917.014558 -1015.975066 -1114.835985 -1212.777339 -1309.426249 -1403.485562 -1492.835212 -1574.867557 -1647.232791 -1708.493075 -1758.366957 -1797.578867 -1827.500097 -1849.771235 -1866.016133 -1877.674766 -1885.934966 -1891.728441 -1895.760634 -1898.555304 -1900.510639 -1901.998545 -1903.611185 -1906.483024 -1909.062609 -1874.629301 -1329.444309 -1479.416917 -1440.442853 -1414.390357 -1402.445605 -1400.727928 -1400.546812 -1400.562514 -1400.606103 -1400.653058 -1400.698185 -1400.739975 -1400.778820 -1400.824553 -1400.970660 -1401.971823 -1408.211614 -1422.236543 -1436.728406 -1272.972033 -1839.452830 -1901.995317 -1905.508933 -1904.959690 -1904.730286 -1904.679526 -1904.670636 -1904.669586 -1904.669833 -1904.670223 -1904.670566 -1904.670845 -1904.671072 -1904.671259 -1904.671419 -1904.671558 -1904.671684 -1904.671805 -1904.671927 -1904.672059 -1904.672216 -1904.672415 -1904.672685 -1904.673072 -1904.673651 -1904.674547 -1904.675979 -1904.678335 -1904.682337 -1904.689357 -1904.702093 -1904.725965 -1904.772177 -1904.864833 -1905.058858 -1905.488758 -1906.511402 -1909.166926 -1916.851113 -1942.087721 -9999.0 -9999.0
-9999.0 -9999.0 -9999.0 -9999.0 -9999.0 -9999.0 -9999.0 -9999.0 -9999.0 -9999.0 -9999.0 -9999.0 -9999.0 -9999.0 -9999.0 -9999.0 -9999.0 -9999.0 -9999.0 -9999.0 -9999.0 -9999.0 -9999.0 -9999.0 -9999.0 -9999.0 -9999.0 -9999.0 -9999.0 -9999.0 -9999.0 -9999.0 -9999.0 -9999.0 -9999.0 -9999.0 -9999.0 -9999.0 -9999.0 -9999.0 -9999.0 -9999.0 -9999.0 -9999.0 -9999.0 -9999.0 -9999.0 -9999.0 -9999.0 -9999.0 -9999.0 -9999.0 -9999.0 -9999.0 -9999.0 -9999.0 -9999.0 -9999.0 -9999.0 -9999.0 -9999.0 -9999.0 -9999.0 -9999.0 -9999.0 -9999.0 -9999.0 -9999.0 -9999.0 -9999.0 -9999.0 -9999.0 -9999.0 -9999.0 -9999.0 -9999.0 -9999.0 -9999.0 -9999.0 -9999.0 -9999.0 -9999.0 -9999.0 -9999.0 -9999.0 -9999.0 -9999.0 -9999.0 -9999.0 -9999.0 -9999.0 -9999.0 -9999.0 -9999.0 -9999.0 -9999.0 -9999.0 -9999.0 -9999.0 -9999.0 -9999.0 -9999.0 -9999.0 -9999.0
-9999.0 -9999.0 -9999.0 -9999.0 -9999.0 -9999.0 -9999.0 -9999.0 -9999.0 -9999.0 -9999.0 -9999.0 -9999.0 -9999.0 -9999.0 -9999.0 -9999.0 -9999.0 -9999.0 -9999.0 -9999.0 -9999.0 -9999.0 -9999.0 -9999.0 -9999.0 -9999.0 -9999.0 -9999.0 -9999.0 -9999.0 -9999.0 -9999.0 -9999.0 -9999.0 -9999.0 -9999.0 -9999.0 -9999.0 -9999.0 -9999.0 -9999.0 -9999.0 -9999.0 -9999.0 -9999.0 -9999.0 -9999.0 -9999.0 -9999.0 -9999.0 -9999.0 -9999.0 -9999.0 -9999.0 -9999.0 -9999.0 -9999.0 -9999.0 -9999.0 -9999.0 -9999.0 -9999.0 -9999.0 -9999.0 -9999.0 -9999.0 -9999.0 -9999.0 -9999.0 -9999.0 -9999.0 -9999.0 -9999.0 -9999.0 -9999.0 -9999.0 -9999.0 -9999.0 -9999.0 -9999.0 -9999.0 -9999.0 -9999.0 -9999.0 -9999.0 -9999.0 -9999.0 -9999.0 -9999.0 -9999.0 -9999.0 -9999.0 -9999.0 -9999.0 -9999.0 -9999.0 -9999.0 -9999.0 -9999.0 -9999.0 -9999.0 -9999.0 -9999.0