inst/processing_geotop_simulation/geotop_simulation/out/maps3D/PwL0004N0040.asc
ncols         104
nrows         10
xllcorner     -2.000000
yllcorner     0.000000
cellsize      1.000000
NODATA_value  -9999.0
-9999.0 -9999.0 -9999.0 -9999.0 -9999.0 -9999.0 -9999.0 -9999.0 -9999.0 -9999.0 -9999.0 -9999.0 -9999.0 -9999.0 -9999.0 -9999.0 -9999.0 -9999.0 -9999.0 -9999.0 -9999.0 -9999.0 -9999.0 -9999.0 -9999.0 -9999.0 -9999.0 -9999.0 -9999.0 -9999.0 -9999.0 -9999.0 -9999.0 -9999.0 -9999.0 -9999.0 -9999.0 -9999.0 -9999.0 -9999.0 -9999.0 -9999.0 -9999.0 -9999.0 -9999.0 -9999.0 -9999.0 -9999.0 -9999.0 -9999.0 -9999.0 -9999.0 -9999.0 -9999.0 -9999.0 -9999.0 -9999.0 -9999.0 -9999.0 -9999.0 -9999.0 -9999.0 -9999.0 -9999.0 -9999.0 -9999.0 -9999.0 -9999.0 -9999.0 -9999.0 -9999.0 -9999.0 -9999.0 -9999.0 -9999.0 -9999.0 -9999.0 -9999.0 -9999.0 -9999.0 -9999.0 -9999.0 -9999.0 -9999.0 -9999.0 -9999.0 -9999.0 -9999.0 -9999.0 -9999.0 -9999.0 -9999.0 -9999.0 -9999.0 -9999.0 -9999.0 -9999.0 -9999.0 -9999.0 -9999.0 -9999.0 -9999.0 -9999.0 -9999.0
-9999.0 -9999.0 -9999.0 -9999.0 -9999.0 -9999.0 -9999.0 -9999.0 -9999.0 -9999.0 -9999.0 -9999.0 -9999.0 -9999.0 -9999.0 -9999.0 -9999.0 -9999.0 -9999.0 -9999.0 -9999.0 -9999.0 -9999.0 -9999.0 -9999.0 -9999.0 -9999.0 -9999.0 -9999.0 -9999.0 -9999.0 -9999.0 -9999.0 -9999.0 -9999.0 -9999.0 -9999.0 -9999.0 -9999.0 -9999.0 -9999.0 -9999.0 -9999.0 -9999.0 -9999.0 -9999.0 -9999.0 -9999.0 -9999.0 -9999.0 -9999.0 -9999.0 -9999.0 -9999.0 -9999.0 -9999.0 -9999.0 -9999.0 -9999.0 -9999.0 -9999.0 -9999.0 -9999.0 -9999.0 -9999.0 -9999.0 -9999.0 -9999.0 -9999.0 -9999.0 -9999.0 -9999.0 -9999.0 -9999.0 -9999.0 -9999.0 -9999.0 -9999.0 -9999.0 -9999.0 -9999.0 -9999.0 -9999.0 -9999.0 -9999.0 -9999.0 -9999.0 -9999.0 -9999.0 -9999.0 -9999.0 -9999.0 -9999.0 -9999.0 -9999.0 -9999.0 -9999.0 -9999.0 -9999.0 -9999.0 -9999.0 -9999.0 -9999.0 -9999.0
-9999.0 -9999.0 -827.632098 -836.328948 -840.321493 -844.695606 -848.591218 -851.344052 -853.076584 -851.960964 -826.678188 -793.262744 -805.454051 -812.104387 -802.455241 -785.484323 -723.859105 -674.121598 -648.328279 -644.084195 -656.628044 -679.933045 -708.396516 -737.921966 -765.757851 -790.160338 -810.082860 -825.200156 -835.904901 -843.047847 -847.590294 -850.371139 -852.021452 -852.971440 -853.494091 -853.750241 -853.843346 -854.006930 -854.649968 -854.192365 -852.718993 -866.857231 -724.467726 -711.849516 -685.778500 -670.403783 -663.322899 -662.428674 -662.347486 -662.381404 -662.435817 -662.492832 -662.547440 -662.597900 -662.643919 -662.689786 -662.780547 -663.329370 -667.174233 -676.221479 -692.192576 -688.870699 -860.141032 -857.846628 -855.387086 -854.569003 -854.396502 -854.374845 -854.382623 -854.394197 -854.404207 -854.411896 -854.417609 -854.421862 -854.425073 -854.427539 -854.429477 -854.431021 -854.432278 -854.433355 -854.434363 -854.435431 -854.436724 -854.438472 -854.441015 -854.444880 -854.450907 -854.460448 -854.475738 -854.500544 -854.541413 -854.610113 -854.728552 -854.938860 -855.323862 -856.047697 -857.433149 -860.101807 -865.219045 -874.941673 -893.398727 -928.762966 -9999.0 -9999.0
-9999.0 -9999.0 -827.631954 -836.328780 -840.321375 -844.695555 -848.591205 -851.344052 -853.076587 -851.960966 -826.678189 -793.262744 -805.454051 -812.104387 -802.455241 -785.484323 -723.859105 -674.121598 -648.328279 -644.084195 -656.628044 -679.933045 -708.396516 -737.921966 -765.757851 -790.160338 -810.082860 -825.200156 -835.904901 -843.047847 -847.590294 -850.371139 -852.021452 -852.971440 -853.494091 -853.750241 -853.843346 -854.006930 -854.649968 -854.192365 -852.718993 -866.857231 -724.467726 -711.849516 -685.778500 -670.403783 -663.322899 -662.428674 -662.347486 -662.381404 -662.435817 -662.492832 -662.547440 -662.597900 -662.643919 -662.689786 -662.780547 -663.329370 -667.174233 -676.221479 -692.192576 -688.870699 -860.141032 -857.846628 -855.387086 -854.569003 -854.396502 -854.374845 -854.382623 -854.394197 -854.404207 -854.411896 -854.417609 -854.421862 -854.425073 -854.427539 -854.429477 -854.431021 -854.432278 -854.433355 -854.434363 -854.435431 -854.436724 -854.438472 -854.441015 -854.444880 -854.450907 -854.460448 -854.475738 -854.500544 -854.541413 -854.610113 -854.728552 -854.938860 -855.323862 -856.047697 -857.433149 -860.101807 -865.219045 -874.941673 -893.398727 -928.762966 -9999.0 -9999.0
-9999.0 -9999.0 -827.631895 -836.328696 -840.321301 -844.695518 -848.591195 -851.344052 -853.076590 -851.960968 -826.678189 -793.262744 -805.454051 -812.104387 -802.455241 -785.484323 -723.859105 -674.121598 -648.328279 -644.084195 -656.628044 -679.933045 -708.396516 -737.921966 -765.757851 -790.160338 -810.082860 -825.200156 -835.904901 -843.047847 -847.590294 -850.371139 -852.021452 -852.971440 -853.494091 -853.750241 -853.843346 -854.006930 -854.649968 -854.192365 -852.718993 -866.857231 -724.467726 -711.849516 -685.778500 -670.403783 -663.322899 -662.428674 -662.347486 -662.381404 -662.435817 -662.492832 -662.547440 -662.597900 -662.643919 -662.689786 -662.780547 -663.329370 -667.174233 -676.221479 -692.192576 -688.870699 -860.141032 -857.846628 -855.387086 -854.569003 -854.396502 -854.374845 -854.382623 -854.394197 -854.404207 -854.411896 -854.417609 -854.421862 -854.425073 -854.427539 -854.429477 -854.431021 -854.432278 -854.433355 -854.434363 -854.435431 -854.436724 -854.438472 -854.441015 -854.444880 -854.450907 -854.460448 -854.475738 -854.500544 -854.541413 -854.610113 -854.728552 -854.938860 -855.323862 -856.047697 -857.433149 -860.101807 -865.219045 -874.941673 -893.398727 -928.762966 -9999.0 -9999.0
-9999.0 -9999.0 -827.631895 -836.328696 -840.321301 -844.695518 -848.591195 -851.344052 -853.076590 -851.960968 -826.678189 -793.262744 -805.454051 -812.104387 -802.455241 -785.484323 -723.859105 -674.121598 -648.328279 -644.084195 -656.628044 -679.933045 -708.396516 -737.921966 -765.757851 -790.160338 -810.082860 -825.200156 -835.904901 -843.047847 -847.590294 -850.371139 -852.021452 -852.971440 -853.494091 -853.750241 -853.843346 -854.006930 -854.649968 -854.192365 -852.718993 -866.857231 -724.467726 -711.849516 -685.778500 -670.403783 -663.322899 -662.428674 -662.347486 -662.381404 -662.435817 -662.492832 -662.547440 -662.597900 -662.643919 -662.689786 -662.780547 -663.329370 -667.174233 -676.221479 -692.192576 -688.870699 -860.141032 -857.846628 -855.387086 -854.569003 -854.396502 -854.374845 -854.382623 -854.394197 -854.404207 -854.411896 -854.417609 -854.421862 -854.425073 -854.427539 -854.429477 -854.431021 -854.432278 -854.433355 -854.434363 -854.435431 -854.436724 -854.438472 -854.441015 -854.444880 -854.450907 -854.460448 -854.475738 -854.500544 -854.541413 -854.610113 -854.728552 -854.938860 -855.323862 -856.047697 -857.433149 -860.101807 -865.219045 -874.941673 -893.398727 -928.762966 -9999.0 -9999.0
-9999.0 -9999.0 -827.631954 -836.328780 -840.321375 -844.695555 -848.591205 -851.344052 -853.076587 -851.960966 -826.678189 -793.262744 -805.454051 -812.104387 -802.455241 -785.484323 -723.859105 -674.121598 -648.328279 -644.084195 -656.628044 -679.933045 -708.396516 -737.921966 -765.757851 -790.160338 -810.082860 -825.200156 -835.904901 -843.047847 -847.590294 -850.371139 -852.021452 -852.971440 -853.494091 -853.750241 -853.843346 -854.006930 -854.649968 -854.192365 -852.718993 -866.857231 -724.467726 -711.849516 -685.778500 -670.403783 -663.322899 -662.428674 -662.347486 -662.381404 -662.435817 -662.492832 -662.547440 -662.597900 -662.643919 -662.689786 -662.780547 -663.329370 -667.174233 -676.221479 -692.192576 -688.870699 -860.141032 -857.846628 -855.387086 -854.569003 -854.396502 -854.374845 -854.382623 -854.394197 -854.404207 -854.411896 -854.417609 -854.421862 -854.425073 -854.427539 -854.429477 -854.431021 -854.432278 -854.433355 -854.434363 -854.435431 -854.436724 -854.438472 -854.441015 -854.444880 -854.450907 -854.460448 -854.475738 -854.500544 -854.541413 -854.610113 -854.728552 -854.938860 -855.323862 -856.047697 -857.433149 -860.101807 -865.219045 -874.941673 -893.398727 -928.762966 -9999.0 -9999.0
-9999.0 -9999.0 -827.632098 -836.328948 -840.321493 -844.695606 -848.591218 -851.344052 -853.076584 -851.960964 -826.678188 -793.262744 -805.454051 -812.104387 -802.455241 -785.484323 -723.859105 -674.121598 -648.328279 -644.084195 -656.628044 -679.933045 -708.396516 -737.921966 -765.757851 -790.160338 -810.082860 -825.200156 -835.904901 -843.047847 -847.590294 -850.371139 -852.021452 -852.971440 -853.494091 -853.750241 -853.843346 -854.006930 -854.649968 -854.192365 -852.718993 -866.857231 -724.467726 -711.849516 -685.778500 -670.403783 -663.322899 -662.428674 -662.347486 -662.381404 -662.435817 -662.492832 -662.547440 -662.597900 -662.643919 -662.689786 -662.780547 -663.329370 -667.174233 -676.221479 -692.192576 -688.870699 -860.141032 -857.846628 -855.387086 -854.569003 -854.396502 -854.374845 -854.382623 -854.394197 -854.404207 -854.411896 -854.417609 -854.421862 -854.425073 -854.427539 -854.429477 -854.431021 -854.432278 -854.433355 -854.434363 -854.435431 -854.436724 -854.438472 -854.441015 -854.444880 -854.450907 -854.460448 -854.475738 -854.500544 -854.541413 -854.610113 -854.728552 -854.938860 -855.323862 -856.047697 -857.433149 -860.101807 -865.219045 -874.941673 -893.398727 -928.762966 -9999.0 -9999.0
-9999.0 -9999.0 -9999.0 -9999.0 -9999.0 -9999.0 -9999.0 -9999.0 -9999.0 -9999.0 -9999.0 -9999.0 -9999.0 -9999.0 -9999.0 -9999.0 -9999.0 -9999.0 -9999.0 -9999.0 -9999.0 -9999.0 -9999.0 -9999.0 -9999.0 -9999.0 -9999.0 -9999.0 -9999.0 -9999.0 -9999.0 -9999.0 -9999.0 -9999.0 -9999.0 -9999.0 -9999.0 -9999.0 -9999.0 -9999.0 -9999.0 -9999.0 -9999.0 -9999.0 -9999.0 -9999.0 -9999.0 -9999.0 -9999.0 -9999.0 -9999.0 -9999.0 -9999.0 -9999.0 -9999.0 -9999.0 -9999.0 -9999.0 -9999.0 -9999.0 -9999.0 -9999.0 -9999.0 -9999.0 -9999.0 -9999.0 -9999.0 -9999.0 -9999.0 -9999.0 -9999.0 -9999.0 -9999.0 -9999.0 -9999.0 -9999.0 -9999.0 -9999.0 -9999.0 -9999.0 -9999.0 -9999.0 -9999.0 -9999.0 -9999.0 -9999.0 -9999.0 -9999.0 -9999.0 -9999.0 -9999.0 -9999.0 -9999.0 -9999.0 -9999.0 -9999.0 -9999.0 -9999.0 -9999.0 -9999.0 -9999.0 -9999.0 -9999.0 -9999.0
-9999.0 -9999.0 -9999.0 -9999.0 -9999.0 -9999.0 -9999.0 -9999.0 -9999.0 -9999.0 -9999.0 -9999.0 -9999.0 -9999.0 -9999.0 -9999.0 -9999.0 -9999.0 -9999.0 -9999.0 -9999.0 -9999.0 -9999.0 -9999.0 -9999.0 -9999.0 -9999.0 -9999.0 -9999.0 -9999.0 -9999.0 -9999.0 -9999.0 -9999.0 -9999.0 -9999.0 -9999.0 -9999.0 -9999.0 -9999.0 -9999.0 -9999.0 -9999.0 -9999.0 -9999.0 -9999.0 -9999.0 -9999.0 -9999.0 -9999.0 -9999.0 -9999.0 -9999.0 -9999.0 -9999.0 -9999.0 -9999.0 -9999.0 -9999.0 -9999.0 -9999.0 -9999.0 -9999.0 -9999.0 -9999.0 -9999.0 -9999.0 -9999.0 -9999.0 -9999.0 -9999.0 -9999.0 -9999.0 -9999.0 -9999.0 -9999.0 -9999.0 -9999.0 -9999.0 -9999.0 -9999.0 -9999.0 -9999.0 -9999.0 -9999.0 -9999.0 -9999.0 -9999.0 -9999.0 -9999.0 -9999.0 -9999.0 -9999.0 -9999.0 -9999.0 -9999.0 -9999.0 -9999.0 -9999.0 -9999.0 -9999.0 -9999.0 -9999.0 -9999.0