inst/processing_geotop_simulation/geotop_simulation/out/maps3D/PwL0004N0358.asc
ncols         104
nrows         10
xllcorner     -2.000000
yllcorner     0.000000
cellsize      1.000000
NODATA_value  -9999.0
-9999.0 -9999.0 -9999.0 -9999.0 -9999.0 -9999.0 -9999.0 -9999.0 -9999.0 -9999.0 -9999.0 -9999.0 -9999.0 -9999.0 -9999.0 -9999.0 -9999.0 -9999.0 -9999.0 -9999.0 -9999.0 -9999.0 -9999.0 -9999.0 -9999.0 -9999.0 -9999.0 -9999.0 -9999.0 -9999.0 -9999.0 -9999.0 -9999.0 -9999.0 -9999.0 -9999.0 -9999.0 -9999.0 -9999.0 -9999.0 -9999.0 -9999.0 -9999.0 -9999.0 -9999.0 -9999.0 -9999.0 -9999.0 -9999.0 -9999.0 -9999.0 -9999.0 -9999.0 -9999.0 -9999.0 -9999.0 -9999.0 -9999.0 -9999.0 -9999.0 -9999.0 -9999.0 -9999.0 -9999.0 -9999.0 -9999.0 -9999.0 -9999.0 -9999.0 -9999.0 -9999.0 -9999.0 -9999.0 -9999.0 -9999.0 -9999.0 -9999.0 -9999.0 -9999.0 -9999.0 -9999.0 -9999.0 -9999.0 -9999.0 -9999.0 -9999.0 -9999.0 -9999.0 -9999.0 -9999.0 -9999.0 -9999.0 -9999.0 -9999.0 -9999.0 -9999.0 -9999.0 -9999.0 -9999.0 -9999.0 -9999.0 -9999.0 -9999.0 -9999.0
-9999.0 -9999.0 -9999.0 -9999.0 -9999.0 -9999.0 -9999.0 -9999.0 -9999.0 -9999.0 -9999.0 -9999.0 -9999.0 -9999.0 -9999.0 -9999.0 -9999.0 -9999.0 -9999.0 -9999.0 -9999.0 -9999.0 -9999.0 -9999.0 -9999.0 -9999.0 -9999.0 -9999.0 -9999.0 -9999.0 -9999.0 -9999.0 -9999.0 -9999.0 -9999.0 -9999.0 -9999.0 -9999.0 -9999.0 -9999.0 -9999.0 -9999.0 -9999.0 -9999.0 -9999.0 -9999.0 -9999.0 -9999.0 -9999.0 -9999.0 -9999.0 -9999.0 -9999.0 -9999.0 -9999.0 -9999.0 -9999.0 -9999.0 -9999.0 -9999.0 -9999.0 -9999.0 -9999.0 -9999.0 -9999.0 -9999.0 -9999.0 -9999.0 -9999.0 -9999.0 -9999.0 -9999.0 -9999.0 -9999.0 -9999.0 -9999.0 -9999.0 -9999.0 -9999.0 -9999.0 -9999.0 -9999.0 -9999.0 -9999.0 -9999.0 -9999.0 -9999.0 -9999.0 -9999.0 -9999.0 -9999.0 -9999.0 -9999.0 -9999.0 -9999.0 -9999.0 -9999.0 -9999.0 -9999.0 -9999.0 -9999.0 -9999.0 -9999.0 -9999.0
-9999.0 -9999.0 175.398251 78.017961 -20.591013 -119.549592 -218.641615 -317.784077 -416.932648 -516.057906 -615.113664 -713.989430 -812.747555 -911.303203 -1009.753918 -1108.265410 -1206.245208 -1303.458177 -1399.363343 -1493.009421 -1582.630727 -1665.324670 -1737.833658 -1798.008027 -1845.530774 -1881.591842 -1908.136713 -1927.236057 -1940.739778 -1950.155184 -1956.645979 -1961.079317 -1964.084870 -1966.110697 -1967.470885 -1968.385322 -1969.018333 -1969.548368 -1970.394210 -1972.748549 -1976.056394 -1928.160941 -1191.070241 -1197.458007 -1184.939714 -1176.695530 -1172.826603 -1172.232205 -1172.168066 -1172.173915 -1172.189855 -1172.207033 -1172.223550 -1172.238849 -1172.253085 -1172.269949 -1172.323863 -1172.681692 -1174.748970 -1179.325926 -1185.387467 -1170.019344 -1903.071038 -1969.909191 -1971.307054 -1970.540826 -1970.332186 -1970.293461 -1970.287476 -1970.287047 -1970.287468 -1970.287933 -1970.288315 -1970.288611 -1970.288841 -1970.289021 -1970.289165 -1970.289284 -1970.289385 -1970.289476 -1970.289567 -1970.289668 -1970.289795 -1970.289969 -1970.290224 -1970.290613 -1970.291224 -1970.292200 -1970.293791 -1970.296439 -1970.300953 -1970.308869 -1970.323174 -1970.349810 -1970.400847 -1970.501530 -1970.707288 -1971.148655 -1972.159975 -1974.688079 -1981.812092 -2005.439174 -9999.0 -9999.0
-9999.0 -9999.0 175.407460 78.019846 -20.590534 -119.549453 -218.641570 -317.784062 -416.932642 -516.057904 -615.113663 -713.989430 -812.747554 -911.303203 -1009.753918 -1108.265410 -1206.245208 -1303.458177 -1399.363343 -1493.009421 -1582.630727 -1665.324670 -1737.833658 -1798.008028 -1845.530774 -1881.591843 -1908.136713 -1927.236057 -1940.739778 -1950.155184 -1956.645979 -1961.079317 -1964.084870 -1966.110697 -1967.470885 -1968.385322 -1969.018333 -1969.548368 -1970.394210 -1972.748549 -1976.056394 -1928.160941 -1191.070241 -1197.458006 -1184.939714 -1176.695530 -1172.826603 -1172.232205 -1172.168066 -1172.173915 -1172.189855 -1172.207033 -1172.223550 -1172.238849 -1172.253085 -1172.269949 -1172.323863 -1172.681692 -1174.748970 -1179.325926 -1185.387467 -1170.019344 -1903.071038 -1969.909191 -1971.307054 -1970.540826 -1970.332186 -1970.293461 -1970.287476 -1970.287047 -1970.287468 -1970.287933 -1970.288315 -1970.288611 -1970.288841 -1970.289021 -1970.289165 -1970.289284 -1970.289385 -1970.289476 -1970.289567 -1970.289668 -1970.289795 -1970.289969 -1970.290224 -1970.290613 -1970.291224 -1970.292200 -1970.293791 -1970.296439 -1970.300953 -1970.308869 -1970.323174 -1970.349810 -1970.400847 -1970.501530 -1970.707288 -1971.148655 -1972.159975 -1974.688079 -1981.812092 -2005.439174 -9999.0 -9999.0
-9999.0 -9999.0 175.408757 78.020614 -20.590230 -119.549343 -218.641532 -317.784048 -416.932637 -516.057901 -615.113662 -713.989429 -812.747554 -911.303203 -1009.753918 -1108.265411 -1206.245208 -1303.458178 -1399.363343 -1493.009421 -1582.630727 -1665.324670 -1737.833658 -1798.008028 -1845.530774 -1881.591843 -1908.136713 -1927.236057 -1940.739778 -1950.155184 -1956.645979 -1961.079317 -1964.084870 -1966.110697 -1967.470885 -1968.385322 -1969.018333 -1969.548368 -1970.394210 -1972.748549 -1976.056394 -1928.160941 -1191.070241 -1197.458006 -1184.939714 -1176.695529 -1172.826603 -1172.232205 -1172.168066 -1172.173915 -1172.189855 -1172.207033 -1172.223550 -1172.238849 -1172.253085 -1172.269949 -1172.323863 -1172.681692 -1174.748970 -1179.325926 -1185.387467 -1170.019344 -1903.071038 -1969.909191 -1971.307054 -1970.540826 -1970.332186 -1970.293461 -1970.287476 -1970.287047 -1970.287468 -1970.287933 -1970.288315 -1970.288611 -1970.288841 -1970.289021 -1970.289165 -1970.289284 -1970.289385 -1970.289476 -1970.289567 -1970.289668 -1970.289795 -1970.289969 -1970.290224 -1970.290613 -1970.291224 -1970.292200 -1970.293791 -1970.296439 -1970.300953 -1970.308869 -1970.323174 -1970.349810 -1970.400847 -1970.501530 -1970.707288 -1971.148655 -1972.159975 -1974.688079 -1981.812092 -2005.439174 -9999.0 -9999.0
-9999.0 -9999.0 175.408758 78.020614 -20.590230 -119.549343 -218.641531 -317.784048 -416.932637 -516.057902 -615.113662 -713.989430 -812.747554 -911.303203 -1009.753918 -1108.265411 -1206.245208 -1303.458178 -1399.363343 -1493.009421 -1582.630727 -1665.324670 -1737.833658 -1798.008028 -1845.530774 -1881.591843 -1908.136713 -1927.236057 -1940.739778 -1950.155184 -1956.645979 -1961.079317 -1964.084870 -1966.110697 -1967.470885 -1968.385322 -1969.018333 -1969.548368 -1970.394210 -1972.748549 -1976.056394 -1928.160941 -1191.070241 -1197.458006 -1184.939714 -1176.695529 -1172.826603 -1172.232205 -1172.168066 -1172.173915 -1172.189855 -1172.207033 -1172.223550 -1172.238849 -1172.253085 -1172.269949 -1172.323863 -1172.681692 -1174.748970 -1179.325926 -1185.387467 -1170.019344 -1903.071038 -1969.909191 -1971.307054 -1970.540826 -1970.332186 -1970.293461 -1970.287476 -1970.287047 -1970.287468 -1970.287933 -1970.288315 -1970.288611 -1970.288841 -1970.289021 -1970.289165 -1970.289284 -1970.289385 -1970.289476 -1970.289567 -1970.289668 -1970.289795 -1970.289969 -1970.290224 -1970.290613 -1970.291224 -1970.292200 -1970.293791 -1970.296439 -1970.300953 -1970.308869 -1970.323174 -1970.349810 -1970.400847 -1970.501530 -1970.707288 -1971.148655 -1972.159975 -1974.688079 -1981.812092 -2005.439174 -9999.0 -9999.0
-9999.0 -9999.0 175.407460 78.019846 -20.590534 -119.549452 -218.641571 -317.784061 -416.932642 -516.057903 -615.113663 -713.989430 -812.747554 -911.303203 -1009.753918 -1108.265410 -1206.245208 -1303.458177 -1399.363343 -1493.009421 -1582.630727 -1665.324670 -1737.833658 -1798.008028 -1845.530774 -1881.591843 -1908.136713 -1927.236057 -1940.739778 -1950.155184 -1956.645979 -1961.079317 -1964.084870 -1966.110697 -1967.470885 -1968.385322 -1969.018333 -1969.548368 -1970.394210 -1972.748549 -1976.056394 -1928.160941 -1191.070241 -1197.458006 -1184.939714 -1176.695530 -1172.826603 -1172.232205 -1172.168066 -1172.173915 -1172.189855 -1172.207033 -1172.223550 -1172.238849 -1172.253085 -1172.269949 -1172.323863 -1172.681692 -1174.748970 -1179.325926 -1185.387467 -1170.019344 -1903.071038 -1969.909191 -1971.307054 -1970.540826 -1970.332186 -1970.293461 -1970.287476 -1970.287047 -1970.287468 -1970.287933 -1970.288315 -1970.288611 -1970.288841 -1970.289021 -1970.289165 -1970.289284 -1970.289385 -1970.289476 -1970.289567 -1970.289668 -1970.289795 -1970.289969 -1970.290224 -1970.290613 -1970.291224 -1970.292200 -1970.293791 -1970.296439 -1970.300953 -1970.308869 -1970.323174 -1970.349810 -1970.400847 -1970.501530 -1970.707288 -1971.148655 -1972.159975 -1974.688079 -1981.812092 -2005.439174 -9999.0 -9999.0
-9999.0 -9999.0 175.398251 78.017961 -20.591012 -119.549592 -218.641615 -317.784077 -416.932648 -516.057906 -615.113664 -713.989430 -812.747555 -911.303203 -1009.753918 -1108.265410 -1206.245208 -1303.458177 -1399.363343 -1493.009421 -1582.630727 -1665.324670 -1737.833658 -1798.008027 -1845.530774 -1881.591842 -1908.136713 -1927.236057 -1940.739778 -1950.155184 -1956.645979 -1961.079317 -1964.084870 -1966.110697 -1967.470885 -1968.385322 -1969.018333 -1969.548368 -1970.394210 -1972.748549 -1976.056394 -1928.160941 -1191.070241 -1197.458007 -1184.939714 -1176.695530 -1172.826603 -1172.232205 -1172.168066 -1172.173915 -1172.189855 -1172.207033 -1172.223550 -1172.238849 -1172.253085 -1172.269949 -1172.323863 -1172.681692 -1174.748970 -1179.325926 -1185.387467 -1170.019344 -1903.071038 -1969.909191 -1971.307054 -1970.540826 -1970.332186 -1970.293461 -1970.287476 -1970.287047 -1970.287468 -1970.287933 -1970.288315 -1970.288611 -1970.288841 -1970.289021 -1970.289165 -1970.289284 -1970.289385 -1970.289476 -1970.289567 -1970.289668 -1970.289795 -1970.289969 -1970.290224 -1970.290613 -1970.291224 -1970.292200 -1970.293791 -1970.296439 -1970.300953 -1970.308869 -1970.323174 -1970.349810 -1970.400847 -1970.501530 -1970.707288 -1971.148655 -1972.159975 -1974.688079 -1981.812092 -2005.439174 -9999.0 -9999.0
-9999.0 -9999.0 -9999.0 -9999.0 -9999.0 -9999.0 -9999.0 -9999.0 -9999.0 -9999.0 -9999.0 -9999.0 -9999.0 -9999.0 -9999.0 -9999.0 -9999.0 -9999.0 -9999.0 -9999.0 -9999.0 -9999.0 -9999.0 -9999.0 -9999.0 -9999.0 -9999.0 -9999.0 -9999.0 -9999.0 -9999.0 -9999.0 -9999.0 -9999.0 -9999.0 -9999.0 -9999.0 -9999.0 -9999.0 -9999.0 -9999.0 -9999.0 -9999.0 -9999.0 -9999.0 -9999.0 -9999.0 -9999.0 -9999.0 -9999.0 -9999.0 -9999.0 -9999.0 -9999.0 -9999.0 -9999.0 -9999.0 -9999.0 -9999.0 -9999.0 -9999.0 -9999.0 -9999.0 -9999.0 -9999.0 -9999.0 -9999.0 -9999.0 -9999.0 -9999.0 -9999.0 -9999.0 -9999.0 -9999.0 -9999.0 -9999.0 -9999.0 -9999.0 -9999.0 -9999.0 -9999.0 -9999.0 -9999.0 -9999.0 -9999.0 -9999.0 -9999.0 -9999.0 -9999.0 -9999.0 -9999.0 -9999.0 -9999.0 -9999.0 -9999.0 -9999.0 -9999.0 -9999.0 -9999.0 -9999.0 -9999.0 -9999.0 -9999.0 -9999.0
-9999.0 -9999.0 -9999.0 -9999.0 -9999.0 -9999.0 -9999.0 -9999.0 -9999.0 -9999.0 -9999.0 -9999.0 -9999.0 -9999.0 -9999.0 -9999.0 -9999.0 -9999.0 -9999.0 -9999.0 -9999.0 -9999.0 -9999.0 -9999.0 -9999.0 -9999.0 -9999.0 -9999.0 -9999.0 -9999.0 -9999.0 -9999.0 -9999.0 -9999.0 -9999.0 -9999.0 -9999.0 -9999.0 -9999.0 -9999.0 -9999.0 -9999.0 -9999.0 -9999.0 -9999.0 -9999.0 -9999.0 -9999.0 -9999.0 -9999.0 -9999.0 -9999.0 -9999.0 -9999.0 -9999.0 -9999.0 -9999.0 -9999.0 -9999.0 -9999.0 -9999.0 -9999.0 -9999.0 -9999.0 -9999.0 -9999.0 -9999.0 -9999.0 -9999.0 -9999.0 -9999.0 -9999.0 -9999.0 -9999.0 -9999.0 -9999.0 -9999.0 -9999.0 -9999.0 -9999.0 -9999.0 -9999.0 -9999.0 -9999.0 -9999.0 -9999.0 -9999.0 -9999.0 -9999.0 -9999.0 -9999.0 -9999.0 -9999.0 -9999.0 -9999.0 -9999.0 -9999.0 -9999.0 -9999.0 -9999.0 -9999.0 -9999.0 -9999.0 -9999.0