inst/processing_geotop_simulation/geotop_simulation/out/maps3D/PwL0000N0110.asc
ncols         104
nrows         10
xllcorner     -2.000000
yllcorner     0.000000
cellsize      1.000000
NODATA_value  -9999.0
-9999.0 -9999.0 -9999.0 -9999.0 -9999.0 -9999.0 -9999.0 -9999.0 -9999.0 -9999.0 -9999.0 -9999.0 -9999.0 -9999.0 -9999.0 -9999.0 -9999.0 -9999.0 -9999.0 -9999.0 -9999.0 -9999.0 -9999.0 -9999.0 -9999.0 -9999.0 -9999.0 -9999.0 -9999.0 -9999.0 -9999.0 -9999.0 -9999.0 -9999.0 -9999.0 -9999.0 -9999.0 -9999.0 -9999.0 -9999.0 -9999.0 -9999.0 -9999.0 -9999.0 -9999.0 -9999.0 -9999.0 -9999.0 -9999.0 -9999.0 -9999.0 -9999.0 -9999.0 -9999.0 -9999.0 -9999.0 -9999.0 -9999.0 -9999.0 -9999.0 -9999.0 -9999.0 -9999.0 -9999.0 -9999.0 -9999.0 -9999.0 -9999.0 -9999.0 -9999.0 -9999.0 -9999.0 -9999.0 -9999.0 -9999.0 -9999.0 -9999.0 -9999.0 -9999.0 -9999.0 -9999.0 -9999.0 -9999.0 -9999.0 -9999.0 -9999.0 -9999.0 -9999.0 -9999.0 -9999.0 -9999.0 -9999.0 -9999.0 -9999.0 -9999.0 -9999.0 -9999.0 -9999.0 -9999.0 -9999.0 -9999.0 -9999.0 -9999.0 -9999.0
-9999.0 -9999.0 -9999.0 -9999.0 -9999.0 -9999.0 -9999.0 -9999.0 -9999.0 -9999.0 -9999.0 -9999.0 -9999.0 -9999.0 -9999.0 -9999.0 -9999.0 -9999.0 -9999.0 -9999.0 -9999.0 -9999.0 -9999.0 -9999.0 -9999.0 -9999.0 -9999.0 -9999.0 -9999.0 -9999.0 -9999.0 -9999.0 -9999.0 -9999.0 -9999.0 -9999.0 -9999.0 -9999.0 -9999.0 -9999.0 -9999.0 -9999.0 -9999.0 -9999.0 -9999.0 -9999.0 -9999.0 -9999.0 -9999.0 -9999.0 -9999.0 -9999.0 -9999.0 -9999.0 -9999.0 -9999.0 -9999.0 -9999.0 -9999.0 -9999.0 -9999.0 -9999.0 -9999.0 -9999.0 -9999.0 -9999.0 -9999.0 -9999.0 -9999.0 -9999.0 -9999.0 -9999.0 -9999.0 -9999.0 -9999.0 -9999.0 -9999.0 -9999.0 -9999.0 -9999.0 -9999.0 -9999.0 -9999.0 -9999.0 -9999.0 -9999.0 -9999.0 -9999.0 -9999.0 -9999.0 -9999.0 -9999.0 -9999.0 -9999.0 -9999.0 -9999.0 -9999.0 -9999.0 -9999.0 -9999.0 -9999.0 -9999.0 -9999.0 -9999.0
-9999.0 -9999.0 0.033818 -70.261991 -161.340266 -254.726803 -348.974839 -443.575930 -538.313177 -633.089495 -728.137110 -825.592053 -933.332835 -1052.647558 -1161.729389 -1265.746520 -1375.678577 -1464.315949 -1511.856438 -1529.738327 -1534.539564 -1534.393614 -1533.222933 -1532.649317 -1533.113324 -1534.494072 -1536.440670 -1538.569403 -1540.581153 -1542.304554 -1543.680591 -1544.723364 -1545.482797 -1546.018525 -1546.385960 -1546.632564 -1546.804732 -1546.960698 -1547.184133 -1548.058430 -1554.118176 -1571.229453 -1004.615033 -999.452572 -988.302400 -981.400145 -978.168902 -977.715049 -977.669931 -977.679882 -977.698637 -977.718505 -977.737570 -977.755206 -977.771404 -977.788616 -977.831199 -978.104296 -979.832773 -983.778477 -990.239005 -987.895858 -1553.683424 -1551.407060 -1547.878913 -1547.312615 -1547.218626 -1547.202292 -1547.201082 -1547.202692 -1547.204493 -1547.205974 -1547.207106 -1547.207960 -1547.208611 -1547.209114 -1547.209511 -1547.209831 -1547.210095 -1547.210327 -1547.210551 -1547.210796 -1547.211101 -1547.211521 -1547.212140 -1547.213088 -1547.214576 -1547.216947 -1547.220776 -1547.227059 -1547.237565 -1547.255563 -1547.287278 -1547.344886 -1547.452545 -1547.658437 -1548.059006 -1548.850987 -1550.458518 -1553.884157 -1561.789580 -1583.424615 -9999.0 -9999.0
-9999.0 -9999.0 0.120693 -70.259590 -161.339666 -254.726629 -348.974784 -443.575912 -538.313171 -633.089493 -728.137109 -825.592053 -933.332836 -1052.647559 -1161.729389 -1265.746520 -1375.678577 -1464.315949 -1511.856438 -1529.738327 -1534.539564 -1534.393614 -1533.222933 -1532.649317 -1533.113324 -1534.494072 -1536.440670 -1538.569403 -1540.581153 -1542.304554 -1543.680591 -1544.723364 -1545.482797 -1546.018525 -1546.385960 -1546.632564 -1546.804732 -1546.960698 -1547.184133 -1548.058430 -1554.118176 -1571.229453 -1004.615033 -999.452572 -988.302400 -981.400144 -978.168902 -977.715049 -977.669931 -977.679882 -977.698637 -977.718505 -977.737570 -977.755206 -977.771404 -977.788616 -977.831199 -978.104296 -979.832773 -983.778477 -990.239005 -987.895858 -1553.683424 -1551.407060 -1547.878913 -1547.312615 -1547.218626 -1547.202292 -1547.201082 -1547.202692 -1547.204493 -1547.205974 -1547.207106 -1547.207960 -1547.208611 -1547.209114 -1547.209511 -1547.209831 -1547.210095 -1547.210327 -1547.210551 -1547.210796 -1547.211101 -1547.211521 -1547.212140 -1547.213088 -1547.214576 -1547.216947 -1547.220776 -1547.227059 -1547.237565 -1547.255563 -1547.287278 -1547.344886 -1547.452545 -1547.658437 -1548.059006 -1548.850987 -1550.458518 -1553.884157 -1561.789580 -1583.424615 -9999.0 -9999.0
-9999.0 -9999.0 0.120695 -70.258641 -161.339289 -254.726493 -348.974736 -443.575895 -538.313165 -633.089491 -728.137109 -825.592053 -933.332836 -1052.647559 -1161.729389 -1265.746520 -1375.678577 -1464.315949 -1511.856438 -1529.738327 -1534.539564 -1534.393614 -1533.222933 -1532.649317 -1533.113324 -1534.494072 -1536.440670 -1538.569403 -1540.581153 -1542.304554 -1543.680591 -1544.723364 -1545.482797 -1546.018525 -1546.385960 -1546.632564 -1546.804732 -1546.960698 -1547.184133 -1548.058430 -1554.118176 -1571.229453 -1004.615033 -999.452572 -988.302400 -981.400144 -978.168902 -977.715049 -977.669931 -977.679882 -977.698637 -977.718505 -977.737570 -977.755206 -977.771404 -977.788616 -977.831199 -978.104296 -979.832773 -983.778477 -990.239005 -987.895858 -1553.683424 -1551.407060 -1547.878913 -1547.312615 -1547.218626 -1547.202292 -1547.201082 -1547.202692 -1547.204493 -1547.205974 -1547.207106 -1547.207960 -1547.208611 -1547.209114 -1547.209511 -1547.209831 -1547.210095 -1547.210327 -1547.210551 -1547.210796 -1547.211101 -1547.211521 -1547.212140 -1547.213088 -1547.214576 -1547.216947 -1547.220776 -1547.227059 -1547.237565 -1547.255563 -1547.287278 -1547.344886 -1547.452545 -1547.658437 -1548.059006 -1548.850987 -1550.458518 -1553.884157 -1561.789580 -1583.424615 -9999.0 -9999.0
-9999.0 -9999.0 0.120695 -70.258641 -161.339289 -254.726493 -348.974736 -443.575895 -538.313165 -633.089491 -728.137109 -825.592053 -933.332836 -1052.647559 -1161.729389 -1265.746520 -1375.678577 -1464.315949 -1511.856438 -1529.738327 -1534.539564 -1534.393614 -1533.222933 -1532.649317 -1533.113324 -1534.494072 -1536.440670 -1538.569403 -1540.581153 -1542.304554 -1543.680591 -1544.723364 -1545.482797 -1546.018525 -1546.385960 -1546.632564 -1546.804732 -1546.960698 -1547.184133 -1548.058430 -1554.118176 -1571.229453 -1004.615033 -999.452572 -988.302400 -981.400144 -978.168902 -977.715049 -977.669931 -977.679882 -977.698637 -977.718505 -977.737570 -977.755206 -977.771404 -977.788616 -977.831199 -978.104296 -979.832773 -983.778477 -990.239005 -987.895858 -1553.683424 -1551.407060 -1547.878913 -1547.312615 -1547.218626 -1547.202292 -1547.201082 -1547.202692 -1547.204493 -1547.205974 -1547.207106 -1547.207960 -1547.208611 -1547.209114 -1547.209511 -1547.209831 -1547.210095 -1547.210327 -1547.210551 -1547.210796 -1547.211101 -1547.211521 -1547.212140 -1547.213088 -1547.214576 -1547.216947 -1547.220776 -1547.227059 -1547.237565 -1547.255563 -1547.287278 -1547.344886 -1547.452545 -1547.658437 -1548.059006 -1548.850987 -1550.458518 -1553.884157 -1561.789580 -1583.424615 -9999.0 -9999.0
-9999.0 -9999.0 0.120693 -70.259590 -161.339666 -254.726629 -348.974784 -443.575912 -538.313171 -633.089493 -728.137109 -825.592053 -933.332836 -1052.647559 -1161.729389 -1265.746520 -1375.678577 -1464.315949 -1511.856438 -1529.738327 -1534.539564 -1534.393614 -1533.222933 -1532.649317 -1533.113324 -1534.494072 -1536.440670 -1538.569403 -1540.581153 -1542.304554 -1543.680591 -1544.723364 -1545.482797 -1546.018525 -1546.385960 -1546.632564 -1546.804732 -1546.960698 -1547.184133 -1548.058430 -1554.118176 -1571.229453 -1004.615033 -999.452572 -988.302400 -981.400144 -978.168902 -977.715049 -977.669931 -977.679882 -977.698637 -977.718505 -977.737570 -977.755206 -977.771404 -977.788616 -977.831199 -978.104296 -979.832773 -983.778477 -990.239005 -987.895858 -1553.683424 -1551.407060 -1547.878913 -1547.312615 -1547.218626 -1547.202292 -1547.201082 -1547.202692 -1547.204493 -1547.205974 -1547.207106 -1547.207960 -1547.208611 -1547.209114 -1547.209511 -1547.209831 -1547.210095 -1547.210327 -1547.210551 -1547.210796 -1547.211101 -1547.211521 -1547.212140 -1547.213088 -1547.214576 -1547.216947 -1547.220776 -1547.227059 -1547.237565 -1547.255563 -1547.287278 -1547.344886 -1547.452545 -1547.658437 -1548.059006 -1548.850987 -1550.458518 -1553.884157 -1561.789580 -1583.424615 -9999.0 -9999.0
-9999.0 -9999.0 0.033818 -70.261991 -161.340266 -254.726804 -348.974839 -443.575930 -538.313177 -633.089495 -728.137110 -825.592053 -933.332835 -1052.647558 -1161.729389 -1265.746520 -1375.678577 -1464.315949 -1511.856438 -1529.738327 -1534.539564 -1534.393614 -1533.222933 -1532.649317 -1533.113324 -1534.494072 -1536.440670 -1538.569403 -1540.581153 -1542.304554 -1543.680591 -1544.723364 -1545.482797 -1546.018525 -1546.385960 -1546.632564 -1546.804732 -1546.960698 -1547.184133 -1548.058430 -1554.118176 -1571.229453 -1004.615033 -999.452572 -988.302400 -981.400145 -978.168902 -977.715049 -977.669931 -977.679882 -977.698637 -977.718505 -977.737570 -977.755206 -977.771404 -977.788616 -977.831199 -978.104296 -979.832773 -983.778477 -990.239005 -987.895858 -1553.683424 -1551.407060 -1547.878913 -1547.312615 -1547.218626 -1547.202292 -1547.201082 -1547.202692 -1547.204493 -1547.205974 -1547.207106 -1547.207960 -1547.208611 -1547.209114 -1547.209511 -1547.209831 -1547.210095 -1547.210327 -1547.210551 -1547.210796 -1547.211101 -1547.211521 -1547.212140 -1547.213088 -1547.214576 -1547.216947 -1547.220776 -1547.227059 -1547.237565 -1547.255563 -1547.287278 -1547.344886 -1547.452545 -1547.658437 -1548.059006 -1548.850987 -1550.458518 -1553.884157 -1561.789580 -1583.424615 -9999.0 -9999.0
-9999.0 -9999.0 -9999.0 -9999.0 -9999.0 -9999.0 -9999.0 -9999.0 -9999.0 -9999.0 -9999.0 -9999.0 -9999.0 -9999.0 -9999.0 -9999.0 -9999.0 -9999.0 -9999.0 -9999.0 -9999.0 -9999.0 -9999.0 -9999.0 -9999.0 -9999.0 -9999.0 -9999.0 -9999.0 -9999.0 -9999.0 -9999.0 -9999.0 -9999.0 -9999.0 -9999.0 -9999.0 -9999.0 -9999.0 -9999.0 -9999.0 -9999.0 -9999.0 -9999.0 -9999.0 -9999.0 -9999.0 -9999.0 -9999.0 -9999.0 -9999.0 -9999.0 -9999.0 -9999.0 -9999.0 -9999.0 -9999.0 -9999.0 -9999.0 -9999.0 -9999.0 -9999.0 -9999.0 -9999.0 -9999.0 -9999.0 -9999.0 -9999.0 -9999.0 -9999.0 -9999.0 -9999.0 -9999.0 -9999.0 -9999.0 -9999.0 -9999.0 -9999.0 -9999.0 -9999.0 -9999.0 -9999.0 -9999.0 -9999.0 -9999.0 -9999.0 -9999.0 -9999.0 -9999.0 -9999.0 -9999.0 -9999.0 -9999.0 -9999.0 -9999.0 -9999.0 -9999.0 -9999.0 -9999.0 -9999.0 -9999.0 -9999.0 -9999.0 -9999.0
-9999.0 -9999.0 -9999.0 -9999.0 -9999.0 -9999.0 -9999.0 -9999.0 -9999.0 -9999.0 -9999.0 -9999.0 -9999.0 -9999.0 -9999.0 -9999.0 -9999.0 -9999.0 -9999.0 -9999.0 -9999.0 -9999.0 -9999.0 -9999.0 -9999.0 -9999.0 -9999.0 -9999.0 -9999.0 -9999.0 -9999.0 -9999.0 -9999.0 -9999.0 -9999.0 -9999.0 -9999.0 -9999.0 -9999.0 -9999.0 -9999.0 -9999.0 -9999.0 -9999.0 -9999.0 -9999.0 -9999.0 -9999.0 -9999.0 -9999.0 -9999.0 -9999.0 -9999.0 -9999.0 -9999.0 -9999.0 -9999.0 -9999.0 -9999.0 -9999.0 -9999.0 -9999.0 -9999.0 -9999.0 -9999.0 -9999.0 -9999.0 -9999.0 -9999.0 -9999.0 -9999.0 -9999.0 -9999.0 -9999.0 -9999.0 -9999.0 -9999.0 -9999.0 -9999.0 -9999.0 -9999.0 -9999.0 -9999.0 -9999.0 -9999.0 -9999.0 -9999.0 -9999.0 -9999.0 -9999.0 -9999.0 -9999.0 -9999.0 -9999.0 -9999.0 -9999.0 -9999.0 -9999.0 -9999.0 -9999.0 -9999.0 -9999.0 -9999.0 -9999.0