inst/processing_geotop_simulation/geotop_simulation/out/maps3D/PwL0007N0377.asc
ncols         104
nrows         10
xllcorner     -2.000000
yllcorner     0.000000
cellsize      1.000000
NODATA_value  -9999.0
-9999.0 -9999.0 -9999.0 -9999.0 -9999.0 -9999.0 -9999.0 -9999.0 -9999.0 -9999.0 -9999.0 -9999.0 -9999.0 -9999.0 -9999.0 -9999.0 -9999.0 -9999.0 -9999.0 -9999.0 -9999.0 -9999.0 -9999.0 -9999.0 -9999.0 -9999.0 -9999.0 -9999.0 -9999.0 -9999.0 -9999.0 -9999.0 -9999.0 -9999.0 -9999.0 -9999.0 -9999.0 -9999.0 -9999.0 -9999.0 -9999.0 -9999.0 -9999.0 -9999.0 -9999.0 -9999.0 -9999.0 -9999.0 -9999.0 -9999.0 -9999.0 -9999.0 -9999.0 -9999.0 -9999.0 -9999.0 -9999.0 -9999.0 -9999.0 -9999.0 -9999.0 -9999.0 -9999.0 -9999.0 -9999.0 -9999.0 -9999.0 -9999.0 -9999.0 -9999.0 -9999.0 -9999.0 -9999.0 -9999.0 -9999.0 -9999.0 -9999.0 -9999.0 -9999.0 -9999.0 -9999.0 -9999.0 -9999.0 -9999.0 -9999.0 -9999.0 -9999.0 -9999.0 -9999.0 -9999.0 -9999.0 -9999.0 -9999.0 -9999.0 -9999.0 -9999.0 -9999.0 -9999.0 -9999.0 -9999.0 -9999.0 -9999.0 -9999.0 -9999.0
-9999.0 -9999.0 -9999.0 -9999.0 -9999.0 -9999.0 -9999.0 -9999.0 -9999.0 -9999.0 -9999.0 -9999.0 -9999.0 -9999.0 -9999.0 -9999.0 -9999.0 -9999.0 -9999.0 -9999.0 -9999.0 -9999.0 -9999.0 -9999.0 -9999.0 -9999.0 -9999.0 -9999.0 -9999.0 -9999.0 -9999.0 -9999.0 -9999.0 -9999.0 -9999.0 -9999.0 -9999.0 -9999.0 -9999.0 -9999.0 -9999.0 -9999.0 -9999.0 -9999.0 -9999.0 -9999.0 -9999.0 -9999.0 -9999.0 -9999.0 -9999.0 -9999.0 -9999.0 -9999.0 -9999.0 -9999.0 -9999.0 -9999.0 -9999.0 -9999.0 -9999.0 -9999.0 -9999.0 -9999.0 -9999.0 -9999.0 -9999.0 -9999.0 -9999.0 -9999.0 -9999.0 -9999.0 -9999.0 -9999.0 -9999.0 -9999.0 -9999.0 -9999.0 -9999.0 -9999.0 -9999.0 -9999.0 -9999.0 -9999.0 -9999.0 -9999.0 -9999.0 -9999.0 -9999.0 -9999.0 -9999.0 -9999.0 -9999.0 -9999.0 -9999.0 -9999.0 -9999.0 -9999.0 -9999.0 -9999.0 -9999.0 -9999.0 -9999.0 -9999.0
-9999.0 -9999.0 324.141469 226.179344 127.414041 28.354803 -70.818021 -170.037487 -269.270561 -368.493581 -467.682645 -566.791847 -665.725756 -764.465306 -863.176930 -961.842460 -1060.412860 -1158.579054 -1255.693337 -1351.235960 -1443.877364 -1531.300332 -1610.502395 -1678.878730 -1735.154049 -1779.550279 -1813.367955 -1838.413936 -1856.554199 -1869.461295 -1878.515195 -1884.794395 -1889.110149 -1892.055662 -1894.055944 -1895.413355 -1896.353656 -1897.106197 -1898.143528 -1900.700771 -1904.450306 -1867.108270 -1215.452824 -1256.824804 -1236.878161 -1223.687879 -1217.543793 -1216.631043 -1216.533757 -1216.542358 -1216.566075 -1216.591631 -1216.616196 -1216.638947 -1216.660106 -1216.685101 -1216.765082 -1217.305378 -1220.551414 -1227.777535 -1236.654209 -1182.516008 -1837.829808 -1897.774873 -1899.300558 -1898.542279 -1898.322163 -1898.279741 -1898.272978 -1898.272387 -1898.272758 -1898.273198 -1898.273564 -1898.273852 -1898.274076 -1898.274254 -1898.274398 -1898.274518 -1898.274621 -1898.274716 -1898.274810 -1898.274915 -1898.275045 -1898.275220 -1898.275473 -1898.275856 -1898.276450 -1898.277397 -1898.278935 -1898.281493 -1898.285855 -1898.293511 -1898.307370 -1898.333231 -1898.382930 -1898.481425 -1898.684129 -1899.123146 -1900.140402 -1902.711786 -1910.011867 -1934.131175 -9999.0 -9999.0
-9999.0 -9999.0 324.148662 226.181083 127.414502 28.354940 -70.817978 -170.037472 -269.270555 -368.493579 -467.682644 -566.791847 -665.725756 -764.465306 -863.176930 -961.842460 -1060.412860 -1158.579054 -1255.693337 -1351.235960 -1443.877364 -1531.300332 -1610.502395 -1678.878730 -1735.154049 -1779.550279 -1813.367955 -1838.413936 -1856.554200 -1869.461295 -1878.515195 -1884.794395 -1889.110149 -1892.055662 -1894.055944 -1895.413355 -1896.353656 -1897.106197 -1898.143528 -1900.700771 -1904.450306 -1867.108270 -1215.452824 -1256.824804 -1236.878161 -1223.687879 -1217.543793 -1216.631043 -1216.533757 -1216.542358 -1216.566075 -1216.591631 -1216.616196 -1216.638947 -1216.660106 -1216.685101 -1216.765082 -1217.305378 -1220.551414 -1227.777535 -1236.654209 -1182.516008 -1837.829808 -1897.774873 -1899.300558 -1898.542279 -1898.322163 -1898.279741 -1898.272978 -1898.272387 -1898.272758 -1898.273198 -1898.273564 -1898.273852 -1898.274076 -1898.274254 -1898.274398 -1898.274518 -1898.274621 -1898.274716 -1898.274810 -1898.274915 -1898.275045 -1898.275220 -1898.275473 -1898.275856 -1898.276450 -1898.277397 -1898.278935 -1898.281493 -1898.285855 -1898.293511 -1898.307370 -1898.333231 -1898.382930 -1898.481425 -1898.684129 -1899.123146 -1900.140402 -1902.711786 -1910.011867 -1934.131175 -9999.0 -9999.0
-9999.0 -9999.0 324.150024 226.181823 127.414797 28.355047 -70.817939 -170.037458 -269.270550 -368.493577 -467.682643 -566.791846 -665.725756 -764.465305 -863.176930 -961.842460 -1060.412860 -1158.579054 -1255.693338 -1351.235960 -1443.877364 -1531.300332 -1610.502395 -1678.878731 -1735.154050 -1779.550280 -1813.367955 -1838.413936 -1856.554200 -1869.461295 -1878.515195 -1884.794396 -1889.110149 -1892.055662 -1894.055944 -1895.413355 -1896.353656 -1897.106197 -1898.143528 -1900.700771 -1904.450306 -1867.108270 -1215.452824 -1256.824804 -1236.878161 -1223.687879 -1217.543793 -1216.631043 -1216.533757 -1216.542358 -1216.566075 -1216.591631 -1216.616196 -1216.638947 -1216.660106 -1216.685101 -1216.765082 -1217.305378 -1220.551414 -1227.777535 -1236.654209 -1182.516008 -1837.829808 -1897.774873 -1899.300558 -1898.542279 -1898.322163 -1898.279741 -1898.272978 -1898.272387 -1898.272758 -1898.273198 -1898.273564 -1898.273852 -1898.274076 -1898.274254 -1898.274398 -1898.274518 -1898.274621 -1898.274716 -1898.274810 -1898.274915 -1898.275045 -1898.275220 -1898.275473 -1898.275856 -1898.276450 -1898.277397 -1898.278935 -1898.281493 -1898.285855 -1898.293511 -1898.307370 -1898.333231 -1898.382930 -1898.481425 -1898.684129 -1899.123146 -1900.140402 -1902.711786 -1910.011867 -1934.131175 -9999.0 -9999.0
-9999.0 -9999.0 324.150024 226.181823 127.414796 28.355047 -70.817939 -170.037458 -269.270550 -368.493577 -467.682643 -566.791846 -665.725756 -764.465306 -863.176930 -961.842460 -1060.412860 -1158.579054 -1255.693338 -1351.235960 -1443.877364 -1531.300332 -1610.502395 -1678.878731 -1735.154050 -1779.550280 -1813.367955 -1838.413936 -1856.554200 -1869.461295 -1878.515195 -1884.794396 -1889.110149 -1892.055662 -1894.055944 -1895.413355 -1896.353656 -1897.106197 -1898.143528 -1900.700771 -1904.450306 -1867.108270 -1215.452824 -1256.824804 -1236.878161 -1223.687879 -1217.543793 -1216.631043 -1216.533757 -1216.542358 -1216.566075 -1216.591631 -1216.616196 -1216.638947 -1216.660106 -1216.685101 -1216.765082 -1217.305378 -1220.551414 -1227.777535 -1236.654209 -1182.516008 -1837.829808 -1897.774873 -1899.300558 -1898.542279 -1898.322163 -1898.279741 -1898.272978 -1898.272387 -1898.272758 -1898.273198 -1898.273564 -1898.273852 -1898.274076 -1898.274254 -1898.274398 -1898.274518 -1898.274621 -1898.274716 -1898.274810 -1898.274915 -1898.275045 -1898.275220 -1898.275473 -1898.275856 -1898.276450 -1898.277397 -1898.278935 -1898.281493 -1898.285855 -1898.293511 -1898.307370 -1898.333231 -1898.382930 -1898.481425 -1898.684129 -1899.123146 -1900.140402 -1902.711786 -1910.011867 -1934.131175 -9999.0 -9999.0
-9999.0 -9999.0 324.148662 226.181083 127.414502 28.354940 -70.817977 -170.037472 -269.270555 -368.493578 -467.682644 -566.791847 -665.725756 -764.465306 -863.176930 -961.842460 -1060.412860 -1158.579054 -1255.693337 -1351.235960 -1443.877364 -1531.300332 -1610.502395 -1678.878730 -1735.154049 -1779.550279 -1813.367955 -1838.413936 -1856.554200 -1869.461295 -1878.515195 -1884.794395 -1889.110149 -1892.055662 -1894.055944 -1895.413355 -1896.353656 -1897.106197 -1898.143528 -1900.700771 -1904.450306 -1867.108270 -1215.452824 -1256.824804 -1236.878161 -1223.687879 -1217.543793 -1216.631043 -1216.533757 -1216.542358 -1216.566075 -1216.591631 -1216.616196 -1216.638947 -1216.660106 -1216.685101 -1216.765082 -1217.305378 -1220.551414 -1227.777535 -1236.654209 -1182.516008 -1837.829808 -1897.774873 -1899.300558 -1898.542279 -1898.322163 -1898.279741 -1898.272978 -1898.272387 -1898.272758 -1898.273198 -1898.273564 -1898.273852 -1898.274076 -1898.274254 -1898.274398 -1898.274518 -1898.274621 -1898.274716 -1898.274810 -1898.274915 -1898.275045 -1898.275220 -1898.275473 -1898.275856 -1898.276450 -1898.277397 -1898.278935 -1898.281493 -1898.285855 -1898.293511 -1898.307370 -1898.333231 -1898.382930 -1898.481425 -1898.684129 -1899.123146 -1900.140402 -1902.711786 -1910.011867 -1934.131175 -9999.0 -9999.0
-9999.0 -9999.0 324.141469 226.179344 127.414041 28.354803 -70.818021 -170.037487 -269.270561 -368.493581 -467.682645 -566.791847 -665.725756 -764.465306 -863.176930 -961.842460 -1060.412860 -1158.579054 -1255.693337 -1351.235960 -1443.877364 -1531.300332 -1610.502395 -1678.878730 -1735.154049 -1779.550279 -1813.367955 -1838.413936 -1856.554199 -1869.461295 -1878.515195 -1884.794395 -1889.110149 -1892.055662 -1894.055944 -1895.413355 -1896.353656 -1897.106197 -1898.143528 -1900.700771 -1904.450306 -1867.108270 -1215.452824 -1256.824804 -1236.878161 -1223.687879 -1217.543793 -1216.631043 -1216.533757 -1216.542358 -1216.566075 -1216.591631 -1216.616196 -1216.638947 -1216.660106 -1216.685101 -1216.765082 -1217.305378 -1220.551414 -1227.777535 -1236.654209 -1182.516008 -1837.829808 -1897.774873 -1899.300558 -1898.542279 -1898.322163 -1898.279741 -1898.272978 -1898.272387 -1898.272758 -1898.273198 -1898.273564 -1898.273852 -1898.274076 -1898.274254 -1898.274398 -1898.274518 -1898.274621 -1898.274716 -1898.274810 -1898.274915 -1898.275045 -1898.275220 -1898.275473 -1898.275856 -1898.276450 -1898.277397 -1898.278935 -1898.281493 -1898.285855 -1898.293511 -1898.307370 -1898.333231 -1898.382930 -1898.481425 -1898.684129 -1899.123146 -1900.140402 -1902.711786 -1910.011867 -1934.131175 -9999.0 -9999.0
-9999.0 -9999.0 -9999.0 -9999.0 -9999.0 -9999.0 -9999.0 -9999.0 -9999.0 -9999.0 -9999.0 -9999.0 -9999.0 -9999.0 -9999.0 -9999.0 -9999.0 -9999.0 -9999.0 -9999.0 -9999.0 -9999.0 -9999.0 -9999.0 -9999.0 -9999.0 -9999.0 -9999.0 -9999.0 -9999.0 -9999.0 -9999.0 -9999.0 -9999.0 -9999.0 -9999.0 -9999.0 -9999.0 -9999.0 -9999.0 -9999.0 -9999.0 -9999.0 -9999.0 -9999.0 -9999.0 -9999.0 -9999.0 -9999.0 -9999.0 -9999.0 -9999.0 -9999.0 -9999.0 -9999.0 -9999.0 -9999.0 -9999.0 -9999.0 -9999.0 -9999.0 -9999.0 -9999.0 -9999.0 -9999.0 -9999.0 -9999.0 -9999.0 -9999.0 -9999.0 -9999.0 -9999.0 -9999.0 -9999.0 -9999.0 -9999.0 -9999.0 -9999.0 -9999.0 -9999.0 -9999.0 -9999.0 -9999.0 -9999.0 -9999.0 -9999.0 -9999.0 -9999.0 -9999.0 -9999.0 -9999.0 -9999.0 -9999.0 -9999.0 -9999.0 -9999.0 -9999.0 -9999.0 -9999.0 -9999.0 -9999.0 -9999.0 -9999.0 -9999.0
-9999.0 -9999.0 -9999.0 -9999.0 -9999.0 -9999.0 -9999.0 -9999.0 -9999.0 -9999.0 -9999.0 -9999.0 -9999.0 -9999.0 -9999.0 -9999.0 -9999.0 -9999.0 -9999.0 -9999.0 -9999.0 -9999.0 -9999.0 -9999.0 -9999.0 -9999.0 -9999.0 -9999.0 -9999.0 -9999.0 -9999.0 -9999.0 -9999.0 -9999.0 -9999.0 -9999.0 -9999.0 -9999.0 -9999.0 -9999.0 -9999.0 -9999.0 -9999.0 -9999.0 -9999.0 -9999.0 -9999.0 -9999.0 -9999.0 -9999.0 -9999.0 -9999.0 -9999.0 -9999.0 -9999.0 -9999.0 -9999.0 -9999.0 -9999.0 -9999.0 -9999.0 -9999.0 -9999.0 -9999.0 -9999.0 -9999.0 -9999.0 -9999.0 -9999.0 -9999.0 -9999.0 -9999.0 -9999.0 -9999.0 -9999.0 -9999.0 -9999.0 -9999.0 -9999.0 -9999.0 -9999.0 -9999.0 -9999.0 -9999.0 -9999.0 -9999.0 -9999.0 -9999.0 -9999.0 -9999.0 -9999.0 -9999.0 -9999.0 -9999.0 -9999.0 -9999.0 -9999.0 -9999.0 -9999.0 -9999.0 -9999.0 -9999.0 -9999.0 -9999.0