inst/processing_geotop_simulation/geotop_simulation/out/maps3D/PwL0009N0105.asc
ncols         104
nrows         10
xllcorner     -2.000000
yllcorner     0.000000
cellsize      1.000000
NODATA_value  -9999.0
-9999.0 -9999.0 -9999.0 -9999.0 -9999.0 -9999.0 -9999.0 -9999.0 -9999.0 -9999.0 -9999.0 -9999.0 -9999.0 -9999.0 -9999.0 -9999.0 -9999.0 -9999.0 -9999.0 -9999.0 -9999.0 -9999.0 -9999.0 -9999.0 -9999.0 -9999.0 -9999.0 -9999.0 -9999.0 -9999.0 -9999.0 -9999.0 -9999.0 -9999.0 -9999.0 -9999.0 -9999.0 -9999.0 -9999.0 -9999.0 -9999.0 -9999.0 -9999.0 -9999.0 -9999.0 -9999.0 -9999.0 -9999.0 -9999.0 -9999.0 -9999.0 -9999.0 -9999.0 -9999.0 -9999.0 -9999.0 -9999.0 -9999.0 -9999.0 -9999.0 -9999.0 -9999.0 -9999.0 -9999.0 -9999.0 -9999.0 -9999.0 -9999.0 -9999.0 -9999.0 -9999.0 -9999.0 -9999.0 -9999.0 -9999.0 -9999.0 -9999.0 -9999.0 -9999.0 -9999.0 -9999.0 -9999.0 -9999.0 -9999.0 -9999.0 -9999.0 -9999.0 -9999.0 -9999.0 -9999.0 -9999.0 -9999.0 -9999.0 -9999.0 -9999.0 -9999.0 -9999.0 -9999.0 -9999.0 -9999.0 -9999.0 -9999.0 -9999.0 -9999.0
-9999.0 -9999.0 -9999.0 -9999.0 -9999.0 -9999.0 -9999.0 -9999.0 -9999.0 -9999.0 -9999.0 -9999.0 -9999.0 -9999.0 -9999.0 -9999.0 -9999.0 -9999.0 -9999.0 -9999.0 -9999.0 -9999.0 -9999.0 -9999.0 -9999.0 -9999.0 -9999.0 -9999.0 -9999.0 -9999.0 -9999.0 -9999.0 -9999.0 -9999.0 -9999.0 -9999.0 -9999.0 -9999.0 -9999.0 -9999.0 -9999.0 -9999.0 -9999.0 -9999.0 -9999.0 -9999.0 -9999.0 -9999.0 -9999.0 -9999.0 -9999.0 -9999.0 -9999.0 -9999.0 -9999.0 -9999.0 -9999.0 -9999.0 -9999.0 -9999.0 -9999.0 -9999.0 -9999.0 -9999.0 -9999.0 -9999.0 -9999.0 -9999.0 -9999.0 -9999.0 -9999.0 -9999.0 -9999.0 -9999.0 -9999.0 -9999.0 -9999.0 -9999.0 -9999.0 -9999.0 -9999.0 -9999.0 -9999.0 -9999.0 -9999.0 -9999.0 -9999.0 -9999.0 -9999.0 -9999.0 -9999.0 -9999.0 -9999.0 -9999.0 -9999.0 -9999.0 -9999.0 -9999.0 -9999.0 -9999.0 -9999.0 -9999.0 -9999.0 -9999.0
-9999.0 -9999.0 438.471662 350.806479 258.968417 165.309485 70.892903 -23.822613 -118.626649 -213.441885 -308.264925 -403.538848 -501.882089 -607.213791 -721.073876 -824.342079 -925.594216 -1021.525435 -1107.917931 -1176.204214 -1213.605660 -1231.104509 -1238.023824 -1240.430221 -1241.449566 -1242.376527 -1243.553189 -1244.911720 -1246.278539 -1247.513609 -1248.545808 -1249.360608 -1249.977055 -1250.428168 -1250.749032 -1250.972887 -1251.136784 -1251.293932 -1251.544601 -1252.651228 -1260.892336 -1316.804224 -1484.524499 -1834.979616 -1690.201079 -1610.294726 -1575.007462 -1570.732570 -1570.308229 -1570.352196 -1570.461828 -1570.579136 -1570.691692 -1570.795817 -1570.892009 -1571.000155 -1571.320139 -1573.642715 -1591.348767 -1632.629786 -1705.460093 -1343.023512 -1293.456968 -1257.661264 -1252.355788 -1251.674541 -1251.571669 -1251.554357 -1251.552937 -1251.554464 -1251.556219 -1251.557669 -1251.558780 -1251.559620 -1251.560260 -1251.560756 -1251.561147 -1251.561462 -1251.561723 -1251.561952 -1251.562174 -1251.562417 -1251.562721 -1251.563139 -1251.563756 -1251.564702 -1251.566186 -1251.568552 -1251.572377 -1251.578657 -1251.589170 -1251.607204 -1251.639031 -1251.696931 -1251.805300 -1252.012922 -1252.418127 -1253.224790 -1254.885285 -1258.504044 -1267.037525 -1290.163010 -9999.0 -9999.0
-9999.0 -9999.0 438.479275 350.808526 258.968980 165.309653 70.892957 -23.822595 -118.626643 -213.441883 -308.264925 -403.538848 -501.882089 -607.213791 -721.073877 -824.342080 -925.594216 -1021.525435 -1107.917931 -1176.204214 -1213.605660 -1231.104509 -1238.023824 -1240.430221 -1241.449566 -1242.376527 -1243.553189 -1244.911720 -1246.278539 -1247.513609 -1248.545808 -1249.360608 -1249.977055 -1250.428168 -1250.749032 -1250.972887 -1251.136784 -1251.293932 -1251.544601 -1252.651228 -1260.892336 -1316.804224 -1484.524499 -1834.979615 -1690.201078 -1610.294723 -1575.007462 -1570.732570 -1570.308229 -1570.352196 -1570.461828 -1570.579136 -1570.691692 -1570.795817 -1570.892009 -1571.000155 -1571.320139 -1573.642715 -1591.348767 -1632.629786 -1705.460093 -1343.023512 -1293.456968 -1257.661264 -1252.355788 -1251.674541 -1251.571669 -1251.554357 -1251.552937 -1251.554464 -1251.556219 -1251.557669 -1251.558780 -1251.559620 -1251.560260 -1251.560756 -1251.561147 -1251.561462 -1251.561723 -1251.561952 -1251.562174 -1251.562417 -1251.562721 -1251.563139 -1251.563756 -1251.564702 -1251.566186 -1251.568552 -1251.572377 -1251.578657 -1251.589170 -1251.607204 -1251.639031 -1251.696931 -1251.805300 -1252.012922 -1252.418127 -1253.224790 -1254.885285 -1258.504044 -1267.037525 -1290.163010 -9999.0 -9999.0
-9999.0 -9999.0 438.480960 350.809423 258.969341 165.309786 70.893004 -23.822578 -118.626637 -213.441881 -308.264924 -403.538848 -501.882089 -607.213791 -721.073877 -824.342080 -925.594216 -1021.525435 -1107.917932 -1176.204214 -1213.605660 -1231.104509 -1238.023824 -1240.430221 -1241.449566 -1242.376527 -1243.553189 -1244.911720 -1246.278539 -1247.513609 -1248.545808 -1249.360608 -1249.977055 -1250.428168 -1250.749032 -1250.972887 -1251.136784 -1251.293932 -1251.544601 -1252.651228 -1260.892336 -1316.804224 -1484.524498 -1834.979615 -1690.201077 -1610.294722 -1575.007462 -1570.732570 -1570.308229 -1570.352196 -1570.461828 -1570.579136 -1570.691692 -1570.795817 -1570.892009 -1571.000155 -1571.320139 -1573.642715 -1591.348767 -1632.629786 -1705.460093 -1343.023512 -1293.456968 -1257.661264 -1252.355788 -1251.674541 -1251.571669 -1251.554357 -1251.552937 -1251.554464 -1251.556219 -1251.557669 -1251.558780 -1251.559620 -1251.560260 -1251.560756 -1251.561147 -1251.561462 -1251.561723 -1251.561952 -1251.562174 -1251.562417 -1251.562721 -1251.563139 -1251.563756 -1251.564702 -1251.566186 -1251.568552 -1251.572377 -1251.578657 -1251.589170 -1251.607204 -1251.639031 -1251.696931 -1251.805300 -1252.012922 -1252.418127 -1253.224790 -1254.885285 -1258.504044 -1267.037525 -1290.163010 -9999.0 -9999.0
-9999.0 -9999.0 438.480960 350.809423 258.969342 165.309786 70.893004 -23.822578 -118.626637 -213.441881 -308.264924 -403.538848 -501.882089 -607.213791 -721.073877 -824.342080 -925.594216 -1021.525435 -1107.917932 -1176.204214 -1213.605660 -1231.104509 -1238.023824 -1240.430221 -1241.449566 -1242.376527 -1243.553189 -1244.911720 -1246.278539 -1247.513609 -1248.545808 -1249.360608 -1249.977055 -1250.428168 -1250.749032 -1250.972887 -1251.136784 -1251.293932 -1251.544601 -1252.651228 -1260.892336 -1316.804224 -1484.524498 -1834.979615 -1690.201077 -1610.294722 -1575.007462 -1570.732570 -1570.308229 -1570.352196 -1570.461828 -1570.579136 -1570.691692 -1570.795817 -1570.892009 -1571.000155 -1571.320139 -1573.642715 -1591.348767 -1632.629786 -1705.460093 -1343.023512 -1293.456968 -1257.661264 -1252.355788 -1251.674541 -1251.571669 -1251.554357 -1251.552937 -1251.554464 -1251.556219 -1251.557669 -1251.558780 -1251.559620 -1251.560260 -1251.560756 -1251.561147 -1251.561462 -1251.561723 -1251.561952 -1251.562174 -1251.562417 -1251.562721 -1251.563139 -1251.563756 -1251.564702 -1251.566186 -1251.568552 -1251.572377 -1251.578657 -1251.589170 -1251.607204 -1251.639031 -1251.696931 -1251.805300 -1252.012922 -1252.418127 -1253.224790 -1254.885285 -1258.504044 -1267.037525 -1290.163010 -9999.0 -9999.0
-9999.0 -9999.0 438.479275 350.808526 258.968980 165.309653 70.892957 -23.822595 -118.626643 -213.441883 -308.264925 -403.538848 -501.882089 -607.213791 -721.073877 -824.342080 -925.594216 -1021.525435 -1107.917931 -1176.204214 -1213.605660 -1231.104509 -1238.023824 -1240.430221 -1241.449566 -1242.376527 -1243.553189 -1244.911720 -1246.278539 -1247.513609 -1248.545808 -1249.360608 -1249.977055 -1250.428168 -1250.749032 -1250.972887 -1251.136784 -1251.293932 -1251.544601 -1252.651228 -1260.892336 -1316.804224 -1484.524499 -1834.979615 -1690.201078 -1610.294723 -1575.007462 -1570.732570 -1570.308229 -1570.352196 -1570.461828 -1570.579136 -1570.691692 -1570.795817 -1570.892009 -1571.000155 -1571.320139 -1573.642715 -1591.348767 -1632.629786 -1705.460093 -1343.023512 -1293.456968 -1257.661264 -1252.355788 -1251.674541 -1251.571669 -1251.554357 -1251.552937 -1251.554464 -1251.556219 -1251.557669 -1251.558780 -1251.559620 -1251.560260 -1251.560756 -1251.561147 -1251.561462 -1251.561723 -1251.561952 -1251.562174 -1251.562417 -1251.562721 -1251.563139 -1251.563756 -1251.564702 -1251.566186 -1251.568552 -1251.572377 -1251.578657 -1251.589170 -1251.607204 -1251.639031 -1251.696931 -1251.805300 -1252.012922 -1252.418127 -1253.224790 -1254.885285 -1258.504044 -1267.037525 -1290.163010 -9999.0 -9999.0
-9999.0 -9999.0 438.471662 350.806479 258.968418 165.309485 70.892903 -23.822613 -118.626649 -213.441885 -308.264925 -403.538848 -501.882089 -607.213791 -721.073876 -824.342079 -925.594216 -1021.525435 -1107.917931 -1176.204214 -1213.605660 -1231.104509 -1238.023824 -1240.430221 -1241.449566 -1242.376527 -1243.553189 -1244.911720 -1246.278539 -1247.513609 -1248.545808 -1249.360608 -1249.977055 -1250.428168 -1250.749032 -1250.972887 -1251.136784 -1251.293932 -1251.544601 -1252.651228 -1260.892336 -1316.804224 -1484.524499 -1834.979616 -1690.201079 -1610.294726 -1575.007462 -1570.732570 -1570.308229 -1570.352196 -1570.461828 -1570.579136 -1570.691692 -1570.795817 -1570.892009 -1571.000155 -1571.320139 -1573.642715 -1591.348767 -1632.629786 -1705.460093 -1343.023512 -1293.456968 -1257.661264 -1252.355788 -1251.674541 -1251.571669 -1251.554357 -1251.552937 -1251.554464 -1251.556219 -1251.557669 -1251.558780 -1251.559620 -1251.560260 -1251.560756 -1251.561147 -1251.561462 -1251.561723 -1251.561952 -1251.562174 -1251.562417 -1251.562721 -1251.563139 -1251.563756 -1251.564702 -1251.566186 -1251.568552 -1251.572377 -1251.578657 -1251.589170 -1251.607204 -1251.639031 -1251.696931 -1251.805300 -1252.012922 -1252.418127 -1253.224790 -1254.885285 -1258.504044 -1267.037525 -1290.163010 -9999.0 -9999.0
-9999.0 -9999.0 -9999.0 -9999.0 -9999.0 -9999.0 -9999.0 -9999.0 -9999.0 -9999.0 -9999.0 -9999.0 -9999.0 -9999.0 -9999.0 -9999.0 -9999.0 -9999.0 -9999.0 -9999.0 -9999.0 -9999.0 -9999.0 -9999.0 -9999.0 -9999.0 -9999.0 -9999.0 -9999.0 -9999.0 -9999.0 -9999.0 -9999.0 -9999.0 -9999.0 -9999.0 -9999.0 -9999.0 -9999.0 -9999.0 -9999.0 -9999.0 -9999.0 -9999.0 -9999.0 -9999.0 -9999.0 -9999.0 -9999.0 -9999.0 -9999.0 -9999.0 -9999.0 -9999.0 -9999.0 -9999.0 -9999.0 -9999.0 -9999.0 -9999.0 -9999.0 -9999.0 -9999.0 -9999.0 -9999.0 -9999.0 -9999.0 -9999.0 -9999.0 -9999.0 -9999.0 -9999.0 -9999.0 -9999.0 -9999.0 -9999.0 -9999.0 -9999.0 -9999.0 -9999.0 -9999.0 -9999.0 -9999.0 -9999.0 -9999.0 -9999.0 -9999.0 -9999.0 -9999.0 -9999.0 -9999.0 -9999.0 -9999.0 -9999.0 -9999.0 -9999.0 -9999.0 -9999.0 -9999.0 -9999.0 -9999.0 -9999.0 -9999.0 -9999.0
-9999.0 -9999.0 -9999.0 -9999.0 -9999.0 -9999.0 -9999.0 -9999.0 -9999.0 -9999.0 -9999.0 -9999.0 -9999.0 -9999.0 -9999.0 -9999.0 -9999.0 -9999.0 -9999.0 -9999.0 -9999.0 -9999.0 -9999.0 -9999.0 -9999.0 -9999.0 -9999.0 -9999.0 -9999.0 -9999.0 -9999.0 -9999.0 -9999.0 -9999.0 -9999.0 -9999.0 -9999.0 -9999.0 -9999.0 -9999.0 -9999.0 -9999.0 -9999.0 -9999.0 -9999.0 -9999.0 -9999.0 -9999.0 -9999.0 -9999.0 -9999.0 -9999.0 -9999.0 -9999.0 -9999.0 -9999.0 -9999.0 -9999.0 -9999.0 -9999.0 -9999.0 -9999.0 -9999.0 -9999.0 -9999.0 -9999.0 -9999.0 -9999.0 -9999.0 -9999.0 -9999.0 -9999.0 -9999.0 -9999.0 -9999.0 -9999.0 -9999.0 -9999.0 -9999.0 -9999.0 -9999.0 -9999.0 -9999.0 -9999.0 -9999.0 -9999.0 -9999.0 -9999.0 -9999.0 -9999.0 -9999.0 -9999.0 -9999.0 -9999.0 -9999.0 -9999.0 -9999.0 -9999.0 -9999.0 -9999.0 -9999.0 -9999.0 -9999.0 -9999.0