inst/processing_geotop_simulation/geotop_simulation/out/maps3D/PwL0022N0040.asc
ncols         104
nrows         10
xllcorner     -2.000000
yllcorner     0.000000
cellsize      1.000000
NODATA_value  -9999.0
-9999.0 -9999.0 -9999.0 -9999.0 -9999.0 -9999.0 -9999.0 -9999.0 -9999.0 -9999.0 -9999.0 -9999.0 -9999.0 -9999.0 -9999.0 -9999.0 -9999.0 -9999.0 -9999.0 -9999.0 -9999.0 -9999.0 -9999.0 -9999.0 -9999.0 -9999.0 -9999.0 -9999.0 -9999.0 -9999.0 -9999.0 -9999.0 -9999.0 -9999.0 -9999.0 -9999.0 -9999.0 -9999.0 -9999.0 -9999.0 -9999.0 -9999.0 -9999.0 -9999.0 -9999.0 -9999.0 -9999.0 -9999.0 -9999.0 -9999.0 -9999.0 -9999.0 -9999.0 -9999.0 -9999.0 -9999.0 -9999.0 -9999.0 -9999.0 -9999.0 -9999.0 -9999.0 -9999.0 -9999.0 -9999.0 -9999.0 -9999.0 -9999.0 -9999.0 -9999.0 -9999.0 -9999.0 -9999.0 -9999.0 -9999.0 -9999.0 -9999.0 -9999.0 -9999.0 -9999.0 -9999.0 -9999.0 -9999.0 -9999.0 -9999.0 -9999.0 -9999.0 -9999.0 -9999.0 -9999.0 -9999.0 -9999.0 -9999.0 -9999.0 -9999.0 -9999.0 -9999.0 -9999.0 -9999.0 -9999.0 -9999.0 -9999.0 -9999.0 -9999.0
-9999.0 -9999.0 -9999.0 -9999.0 -9999.0 -9999.0 -9999.0 -9999.0 -9999.0 -9999.0 -9999.0 -9999.0 -9999.0 -9999.0 -9999.0 -9999.0 -9999.0 -9999.0 -9999.0 -9999.0 -9999.0 -9999.0 -9999.0 -9999.0 -9999.0 -9999.0 -9999.0 -9999.0 -9999.0 -9999.0 -9999.0 -9999.0 -9999.0 -9999.0 -9999.0 -9999.0 -9999.0 -9999.0 -9999.0 -9999.0 -9999.0 -9999.0 -9999.0 -9999.0 -9999.0 -9999.0 -9999.0 -9999.0 -9999.0 -9999.0 -9999.0 -9999.0 -9999.0 -9999.0 -9999.0 -9999.0 -9999.0 -9999.0 -9999.0 -9999.0 -9999.0 -9999.0 -9999.0 -9999.0 -9999.0 -9999.0 -9999.0 -9999.0 -9999.0 -9999.0 -9999.0 -9999.0 -9999.0 -9999.0 -9999.0 -9999.0 -9999.0 -9999.0 -9999.0 -9999.0 -9999.0 -9999.0 -9999.0 -9999.0 -9999.0 -9999.0 -9999.0 -9999.0 -9999.0 -9999.0 -9999.0 -9999.0 -9999.0 -9999.0 -9999.0 -9999.0 -9999.0 -9999.0 -9999.0 -9999.0 -9999.0 -9999.0 -9999.0 -9999.0
-9999.0 -9999.0 -489.393020 -543.580516 -575.713062 -594.457233 -605.196993 -611.218099 -614.581944 -616.232499 -614.692848 -610.823964 -603.261432 -587.522739 -559.966756 -531.187705 -506.604628 -486.555181 -471.075335 -459.614675 -451.123814 -398.576720 -344.809520 -291.076491 -236.693335 -244.174025 -307.200302 -367.772312 -423.435133 -472.146004 -512.563301 -544.317320 -568.015740 -584.910249 -596.468769 -604.094003 -608.994414 -612.281948 -614.763395 -615.353467 -616.367530 -646.281143 -2411.333914 -3882.510122 -3886.138550 -3886.138608 -3886.136443 -3886.052234 -3885.107741 -3879.139768 -3852.407378 -3754.156706 -3601.925172 -3444.237098 -3251.766425 -3011.915883 -2729.162087 -2429.015047 -2143.663359 -1896.909658 -1694.950619 -1340.565402 -635.350211 -622.266488 -618.579219 -617.487159 -617.230365 -617.176259 -617.166936 -617.167779 -617.170699 -617.173633 -617.176119 -617.178147 -617.179804 -617.181172 -617.182319 -617.183285 -617.184119 -617.184877 -617.185627 -617.186460 -617.187501 -617.188930 -617.191024 -617.194217 -617.199207 -617.207138 -617.219925 -617.240866 -617.275840 -617.335732 -617.441474 -617.634650 -617.999754 -618.710449 -620.125699 -623.001025 -629.061293 -643.281001 -686.563340 -828.663080 -9999.0 -9999.0
-9999.0 -9999.0 -489.392979 -543.580450 -575.713005 -594.457205 -605.196985 -611.218099 -614.581946 -616.232500 -614.692848 -610.823964 -603.261432 -587.522739 -559.966756 -531.187705 -506.604628 -486.555181 -471.075335 -459.614675 -451.123814 -398.576720 -344.809520 -291.076491 -236.693335 -244.174025 -307.200302 -367.772312 -423.435133 -472.146004 -512.563301 -544.317320 -568.015740 -584.910249 -596.468769 -604.094003 -608.994414 -612.281948 -614.763395 -615.353467 -616.367530 -646.281143 -2411.333913 -3882.510122 -3886.138550 -3886.138608 -3886.136443 -3886.052234 -3885.107741 -3879.139767 -3852.407378 -3754.156705 -3601.925172 -3444.237097 -3251.766423 -3011.915883 -2729.162085 -2429.015046 -2143.663358 -1896.909658 -1694.950618 -1340.565402 -635.350211 -622.266488 -618.579219 -617.487159 -617.230365 -617.176259 -617.166936 -617.167779 -617.170699 -617.173633 -617.176119 -617.178147 -617.179804 -617.181172 -617.182319 -617.183285 -617.184119 -617.184877 -617.185627 -617.186460 -617.187501 -617.188930 -617.191024 -617.194217 -617.199207 -617.207138 -617.219925 -617.240866 -617.275840 -617.335732 -617.441474 -617.634650 -617.999754 -618.710449 -620.125699 -623.001025 -629.061293 -643.281001 -686.563340 -828.663080 -9999.0 -9999.0
-9999.0 -9999.0 -489.392959 -543.580413 -575.712968 -594.457185 -605.196980 -611.218100 -614.581948 -616.232502 -614.692849 -610.823964 -603.261432 -587.522739 -559.966756 -531.187705 -506.604628 -486.555181 -471.075335 -459.614675 -451.123814 -398.576720 -344.809520 -291.076491 -236.693335 -244.174025 -307.200302 -367.772312 -423.435133 -472.146004 -512.563301 -544.317320 -568.015740 -584.910249 -596.468769 -604.094003 -608.994414 -612.281948 -614.763395 -615.353467 -616.367530 -646.281143 -2411.333914 -3882.510122 -3886.138550 -3886.138608 -3886.136443 -3886.052234 -3885.107741 -3879.139767 -3852.407377 -3754.156704 -3601.925171 -3444.237097 -3251.766423 -3011.915881 -2729.162085 -2429.015045 -2143.663358 -1896.909658 -1694.950618 -1340.565401 -635.350211 -622.266488 -618.579219 -617.487159 -617.230365 -617.176259 -617.166936 -617.167779 -617.170699 -617.173633 -617.176119 -617.178147 -617.179804 -617.181172 -617.182319 -617.183285 -617.184119 -617.184877 -617.185627 -617.186460 -617.187501 -617.188930 -617.191024 -617.194217 -617.199207 -617.207138 -617.219925 -617.240866 -617.275840 -617.335732 -617.441474 -617.634650 -617.999754 -618.710449 -620.125699 -623.001025 -629.061293 -643.281001 -686.563340 -828.663080 -9999.0 -9999.0
-9999.0 -9999.0 -489.392960 -543.580413 -575.712968 -594.457185 -605.196980 -611.218100 -614.581948 -616.232502 -614.692849 -610.823964 -603.261432 -587.522739 -559.966756 -531.187705 -506.604628 -486.555181 -471.075335 -459.614675 -451.123814 -398.576720 -344.809520 -291.076491 -236.693335 -244.174025 -307.200302 -367.772312 -423.435133 -472.146004 -512.563301 -544.317320 -568.015740 -584.910249 -596.468769 -604.094003 -608.994414 -612.281948 -614.763395 -615.353467 -616.367530 -646.281143 -2411.333914 -3882.510122 -3886.138550 -3886.138608 -3886.136443 -3886.052234 -3885.107741 -3879.139767 -3852.407377 -3754.156704 -3601.925171 -3444.237097 -3251.766423 -3011.915882 -2729.162084 -2429.015046 -2143.663358 -1896.909658 -1694.950618 -1340.565402 -635.350211 -622.266488 -618.579219 -617.487159 -617.230365 -617.176259 -617.166936 -617.167779 -617.170699 -617.173633 -617.176119 -617.178147 -617.179804 -617.181172 -617.182319 -617.183285 -617.184119 -617.184877 -617.185627 -617.186460 -617.187501 -617.188930 -617.191024 -617.194217 -617.199207 -617.207138 -617.219925 -617.240866 -617.275840 -617.335732 -617.441474 -617.634650 -617.999754 -618.710449 -620.125699 -623.001025 -629.061293 -643.281001 -686.563340 -828.663080 -9999.0 -9999.0
-9999.0 -9999.0 -489.392979 -543.580450 -575.713005 -594.457205 -605.196985 -611.218099 -614.581946 -616.232500 -614.692848 -610.823964 -603.261432 -587.522739 -559.966756 -531.187705 -506.604628 -486.555181 -471.075335 -459.614675 -451.123814 -398.576720 -344.809520 -291.076491 -236.693335 -244.174025 -307.200302 -367.772312 -423.435133 -472.146004 -512.563301 -544.317320 -568.015740 -584.910249 -596.468769 -604.094003 -608.994414 -612.281948 -614.763395 -615.353467 -616.367530 -646.281143 -2411.333913 -3882.510122 -3886.138550 -3886.138608 -3886.136443 -3886.052234 -3885.107741 -3879.139767 -3852.407378 -3754.156705 -3601.925172 -3444.237097 -3251.766424 -3011.915882 -2729.162085 -2429.015046 -2143.663358 -1896.909658 -1694.950619 -1340.565402 -635.350211 -622.266488 -618.579219 -617.487159 -617.230365 -617.176259 -617.166936 -617.167779 -617.170699 -617.173633 -617.176119 -617.178147 -617.179804 -617.181172 -617.182319 -617.183285 -617.184119 -617.184877 -617.185627 -617.186460 -617.187501 -617.188930 -617.191024 -617.194217 -617.199207 -617.207138 -617.219925 -617.240866 -617.275840 -617.335732 -617.441474 -617.634650 -617.999754 -618.710449 -620.125699 -623.001025 -629.061293 -643.281001 -686.563340 -828.663080 -9999.0 -9999.0
-9999.0 -9999.0 -489.393020 -543.580516 -575.713062 -594.457233 -605.196993 -611.218099 -614.581944 -616.232499 -614.692848 -610.823964 -603.261432 -587.522739 -559.966756 -531.187705 -506.604628 -486.555181 -471.075335 -459.614675 -451.123814 -398.576720 -344.809520 -291.076491 -236.693335 -244.174025 -307.200302 -367.772312 -423.435133 -472.146004 -512.563301 -544.317320 -568.015740 -584.910249 -596.468769 -604.094003 -608.994414 -612.281948 -614.763395 -615.353467 -616.367530 -646.281143 -2411.333914 -3882.510122 -3886.138550 -3886.138608 -3886.136443 -3886.052234 -3885.107741 -3879.139768 -3852.407378 -3754.156706 -3601.925172 -3444.237098 -3251.766424 -3011.915884 -2729.162086 -2429.015047 -2143.663359 -1896.909659 -1694.950619 -1340.565402 -635.350211 -622.266488 -618.579219 -617.487159 -617.230365 -617.176259 -617.166936 -617.167779 -617.170699 -617.173633 -617.176119 -617.178147 -617.179804 -617.181172 -617.182319 -617.183285 -617.184119 -617.184877 -617.185627 -617.186460 -617.187501 -617.188930 -617.191024 -617.194217 -617.199207 -617.207138 -617.219925 -617.240866 -617.275840 -617.335732 -617.441474 -617.634650 -617.999754 -618.710449 -620.125699 -623.001025 -629.061293 -643.281001 -686.563340 -828.663080 -9999.0 -9999.0
-9999.0 -9999.0 -9999.0 -9999.0 -9999.0 -9999.0 -9999.0 -9999.0 -9999.0 -9999.0 -9999.0 -9999.0 -9999.0 -9999.0 -9999.0 -9999.0 -9999.0 -9999.0 -9999.0 -9999.0 -9999.0 -9999.0 -9999.0 -9999.0 -9999.0 -9999.0 -9999.0 -9999.0 -9999.0 -9999.0 -9999.0 -9999.0 -9999.0 -9999.0 -9999.0 -9999.0 -9999.0 -9999.0 -9999.0 -9999.0 -9999.0 -9999.0 -9999.0 -9999.0 -9999.0 -9999.0 -9999.0 -9999.0 -9999.0 -9999.0 -9999.0 -9999.0 -9999.0 -9999.0 -9999.0 -9999.0 -9999.0 -9999.0 -9999.0 -9999.0 -9999.0 -9999.0 -9999.0 -9999.0 -9999.0 -9999.0 -9999.0 -9999.0 -9999.0 -9999.0 -9999.0 -9999.0 -9999.0 -9999.0 -9999.0 -9999.0 -9999.0 -9999.0 -9999.0 -9999.0 -9999.0 -9999.0 -9999.0 -9999.0 -9999.0 -9999.0 -9999.0 -9999.0 -9999.0 -9999.0 -9999.0 -9999.0 -9999.0 -9999.0 -9999.0 -9999.0 -9999.0 -9999.0 -9999.0 -9999.0 -9999.0 -9999.0 -9999.0 -9999.0
-9999.0 -9999.0 -9999.0 -9999.0 -9999.0 -9999.0 -9999.0 -9999.0 -9999.0 -9999.0 -9999.0 -9999.0 -9999.0 -9999.0 -9999.0 -9999.0 -9999.0 -9999.0 -9999.0 -9999.0 -9999.0 -9999.0 -9999.0 -9999.0 -9999.0 -9999.0 -9999.0 -9999.0 -9999.0 -9999.0 -9999.0 -9999.0 -9999.0 -9999.0 -9999.0 -9999.0 -9999.0 -9999.0 -9999.0 -9999.0 -9999.0 -9999.0 -9999.0 -9999.0 -9999.0 -9999.0 -9999.0 -9999.0 -9999.0 -9999.0 -9999.0 -9999.0 -9999.0 -9999.0 -9999.0 -9999.0 -9999.0 -9999.0 -9999.0 -9999.0 -9999.0 -9999.0 -9999.0 -9999.0 -9999.0 -9999.0 -9999.0 -9999.0 -9999.0 -9999.0 -9999.0 -9999.0 -9999.0 -9999.0 -9999.0 -9999.0 -9999.0 -9999.0 -9999.0 -9999.0 -9999.0 -9999.0 -9999.0 -9999.0 -9999.0 -9999.0 -9999.0 -9999.0 -9999.0 -9999.0 -9999.0 -9999.0 -9999.0 -9999.0 -9999.0 -9999.0 -9999.0 -9999.0 -9999.0 -9999.0 -9999.0 -9999.0 -9999.0 -9999.0