inst/processing_geotop_simulation/geotop_simulation/out/maps3D/PwL0018N0196.asc
ncols         104
nrows         10
xllcorner     -2.000000
yllcorner     0.000000
cellsize      1.000000
NODATA_value  -9999.0
-9999.0 -9999.0 -9999.0 -9999.0 -9999.0 -9999.0 -9999.0 -9999.0 -9999.0 -9999.0 -9999.0 -9999.0 -9999.0 -9999.0 -9999.0 -9999.0 -9999.0 -9999.0 -9999.0 -9999.0 -9999.0 -9999.0 -9999.0 -9999.0 -9999.0 -9999.0 -9999.0 -9999.0 -9999.0 -9999.0 -9999.0 -9999.0 -9999.0 -9999.0 -9999.0 -9999.0 -9999.0 -9999.0 -9999.0 -9999.0 -9999.0 -9999.0 -9999.0 -9999.0 -9999.0 -9999.0 -9999.0 -9999.0 -9999.0 -9999.0 -9999.0 -9999.0 -9999.0 -9999.0 -9999.0 -9999.0 -9999.0 -9999.0 -9999.0 -9999.0 -9999.0 -9999.0 -9999.0 -9999.0 -9999.0 -9999.0 -9999.0 -9999.0 -9999.0 -9999.0 -9999.0 -9999.0 -9999.0 -9999.0 -9999.0 -9999.0 -9999.0 -9999.0 -9999.0 -9999.0 -9999.0 -9999.0 -9999.0 -9999.0 -9999.0 -9999.0 -9999.0 -9999.0 -9999.0 -9999.0 -9999.0 -9999.0 -9999.0 -9999.0 -9999.0 -9999.0 -9999.0 -9999.0 -9999.0 -9999.0 -9999.0 -9999.0 -9999.0 -9999.0
-9999.0 -9999.0 -9999.0 -9999.0 -9999.0 -9999.0 -9999.0 -9999.0 -9999.0 -9999.0 -9999.0 -9999.0 -9999.0 -9999.0 -9999.0 -9999.0 -9999.0 -9999.0 -9999.0 -9999.0 -9999.0 -9999.0 -9999.0 -9999.0 -9999.0 -9999.0 -9999.0 -9999.0 -9999.0 -9999.0 -9999.0 -9999.0 -9999.0 -9999.0 -9999.0 -9999.0 -9999.0 -9999.0 -9999.0 -9999.0 -9999.0 -9999.0 -9999.0 -9999.0 -9999.0 -9999.0 -9999.0 -9999.0 -9999.0 -9999.0 -9999.0 -9999.0 -9999.0 -9999.0 -9999.0 -9999.0 -9999.0 -9999.0 -9999.0 -9999.0 -9999.0 -9999.0 -9999.0 -9999.0 -9999.0 -9999.0 -9999.0 -9999.0 -9999.0 -9999.0 -9999.0 -9999.0 -9999.0 -9999.0 -9999.0 -9999.0 -9999.0 -9999.0 -9999.0 -9999.0 -9999.0 -9999.0 -9999.0 -9999.0 -9999.0 -9999.0 -9999.0 -9999.0 -9999.0 -9999.0 -9999.0 -9999.0 -9999.0 -9999.0 -9999.0 -9999.0 -9999.0 -9999.0 -9999.0 -9999.0 -9999.0 -9999.0 -9999.0 -9999.0
-9999.0 -9999.0 878.161313 782.135474 685.645412 588.630494 491.340458 393.927432 296.472632 199.021042 101.597309 4.217813 -93.097667 -190.332540 -287.408843 -384.180332 -480.384351 -575.613362 -669.251081 -763.495389 -856.624159 -948.394531 -1038.630587 -1112.949988 -1176.013734 -1227.106856 -1266.751608 -1296.356668 -1317.751948 -1332.797928 -1343.147114 -1350.142355 -1354.808038 -1357.890052 -1359.913142 -1361.239391 -1362.123504 -1362.787300 -1363.671394 -1366.643156 -1380.247881 -1451.343472 -1997.318730 -4056.776003 -4084.156604 -4084.158415 -4084.158383 -4084.157975 -4084.155825 -4084.148227 -4084.126145 -4084.059133 -4083.943691 -4083.789392 -4083.525793 -4083.000088 -4081.815410 -4078.879516 -4071.065888 -4049.322263 -3931.322683 -1772.785352 -1413.240854 -1373.115127 -1365.466201 -1364.134134 -1363.927386 -1363.896511 -1363.892442 -1363.892641 -1363.893434 -1363.894170 -1363.894755 -1363.895205 -1363.895552 -1363.895824 -1363.896040 -1363.896217 -1363.896366 -1363.896499 -1363.896630 -1363.896775 -1363.896955 -1363.897202 -1363.897564 -1363.898118 -1363.898986 -1363.900374 -1363.902631 -1363.906369 -1363.912705 -1363.923737 -1363.943525 -1363.980112 -1364.049721 -1364.185929 -1364.461417 -1365.045112 -1366.361694 -1369.546337 -1377.860037 -1402.519645 -9999.0 -9999.0
-9999.0 -9999.0 878.165013 782.136830 685.645846 588.630634 491.340505 393.927448 296.472638 199.021045 101.597310 4.217813 -93.097667 -190.332540 -287.408843 -384.180332 -480.384351 -575.613362 -669.251081 -763.495389 -856.624160 -948.394532 -1038.630588 -1112.949989 -1176.013734 -1227.106856 -1266.751609 -1296.356668 -1317.751948 -1332.797928 -1343.147114 -1350.142355 -1354.808038 -1357.890052 -1359.913142 -1361.239391 -1362.123504 -1362.787300 -1363.671394 -1366.643156 -1380.247881 -1451.343472 -1997.318729 -4056.776003 -4084.156604 -4084.158415 -4084.158383 -4084.157975 -4084.155825 -4084.148227 -4084.126145 -4084.059133 -4083.943691 -4083.789392 -4083.525793 -4083.000088 -4081.815410 -4078.879516 -4071.065888 -4049.322263 -3931.322684 -1772.785352 -1413.240854 -1373.115127 -1365.466201 -1364.134134 -1363.927386 -1363.896511 -1363.892442 -1363.892641 -1363.893434 -1363.894170 -1363.894755 -1363.895205 -1363.895552 -1363.895824 -1363.896040 -1363.896217 -1363.896366 -1363.896499 -1363.896630 -1363.896775 -1363.896955 -1363.897202 -1363.897564 -1363.898118 -1363.898986 -1363.900374 -1363.902631 -1363.906369 -1363.912705 -1363.923737 -1363.943525 -1363.980112 -1364.049721 -1364.185929 -1364.461417 -1365.045112 -1366.361694 -1369.546337 -1377.860037 -1402.519645 -9999.0 -9999.0
-9999.0 -9999.0 878.166345 782.137540 685.646143 588.630747 491.340547 393.927463 296.472643 199.021047 101.597310 4.217814 -93.097667 -190.332540 -287.408843 -384.180332 -480.384351 -575.613362 -669.251081 -763.495390 -856.624160 -948.394532 -1038.630588 -1112.949989 -1176.013735 -1227.106856 -1266.751609 -1296.356668 -1317.751948 -1332.797928 -1343.147114 -1350.142355 -1354.808038 -1357.890052 -1359.913142 -1361.239391 -1362.123504 -1362.787300 -1363.671394 -1366.643156 -1380.247881 -1451.343472 -1997.318729 -4056.776003 -4084.156604 -4084.158415 -4084.158383 -4084.157975 -4084.155825 -4084.148227 -4084.126145 -4084.059133 -4083.943691 -4083.789392 -4083.525793 -4083.000088 -4081.815410 -4078.879516 -4071.065888 -4049.322263 -3931.322683 -1772.785352 -1413.240854 -1373.115127 -1365.466201 -1364.134134 -1363.927386 -1363.896511 -1363.892442 -1363.892641 -1363.893434 -1363.894170 -1363.894755 -1363.895205 -1363.895552 -1363.895824 -1363.896040 -1363.896217 -1363.896366 -1363.896499 -1363.896630 -1363.896775 -1363.896955 -1363.897202 -1363.897564 -1363.898118 -1363.898986 -1363.900374 -1363.902631 -1363.906369 -1363.912705 -1363.923737 -1363.943525 -1363.980112 -1364.049721 -1364.185929 -1364.461417 -1365.045112 -1366.361694 -1369.546337 -1377.860037 -1402.519645 -9999.0 -9999.0
-9999.0 -9999.0 878.166346 782.137540 685.646143 588.630747 491.340547 393.927463 296.472644 199.021047 101.597310 4.217814 -93.097667 -190.332540 -287.408843 -384.180332 -480.384351 -575.613362 -669.251081 -763.495389 -856.624160 -948.394532 -1038.630588 -1112.949989 -1176.013735 -1227.106856 -1266.751609 -1296.356668 -1317.751948 -1332.797928 -1343.147114 -1350.142355 -1354.808038 -1357.890052 -1359.913142 -1361.239391 -1362.123504 -1362.787300 -1363.671394 -1366.643156 -1380.247881 -1451.343472 -1997.318729 -4056.776003 -4084.156604 -4084.158415 -4084.158383 -4084.157975 -4084.155825 -4084.148227 -4084.126145 -4084.059133 -4083.943691 -4083.789392 -4083.525793 -4083.000088 -4081.815410 -4078.879516 -4071.065888 -4049.322263 -3931.322683 -1772.785352 -1413.240854 -1373.115127 -1365.466201 -1364.134134 -1363.927386 -1363.896511 -1363.892442 -1363.892641 -1363.893434 -1363.894170 -1363.894755 -1363.895205 -1363.895552 -1363.895824 -1363.896040 -1363.896217 -1363.896366 -1363.896499 -1363.896630 -1363.896775 -1363.896955 -1363.897202 -1363.897564 -1363.898118 -1363.898986 -1363.900374 -1363.902631 -1363.906369 -1363.912705 -1363.923737 -1363.943525 -1363.980112 -1364.049721 -1364.185929 -1364.461417 -1365.045112 -1366.361694 -1369.546337 -1377.860037 -1402.519645 -9999.0 -9999.0
-9999.0 -9999.0 878.165013 782.136830 685.645846 588.630634 491.340505 393.927448 296.472638 199.021045 101.597310 4.217813 -93.097667 -190.332540 -287.408843 -384.180332 -480.384351 -575.613362 -669.251081 -763.495389 -856.624160 -948.394532 -1038.630588 -1112.949989 -1176.013734 -1227.106856 -1266.751609 -1296.356668 -1317.751948 -1332.797928 -1343.147114 -1350.142355 -1354.808038 -1357.890052 -1359.913142 -1361.239391 -1362.123504 -1362.787300 -1363.671394 -1366.643156 -1380.247881 -1451.343472 -1997.318729 -4056.776003 -4084.156604 -4084.158415 -4084.158383 -4084.157975 -4084.155825 -4084.148227 -4084.126145 -4084.059133 -4083.943691 -4083.789392 -4083.525793 -4083.000088 -4081.815410 -4078.879516 -4071.065888 -4049.322263 -3931.322684 -1772.785352 -1413.240854 -1373.115127 -1365.466201 -1364.134134 -1363.927386 -1363.896511 -1363.892442 -1363.892641 -1363.893434 -1363.894170 -1363.894755 -1363.895205 -1363.895552 -1363.895824 -1363.896040 -1363.896217 -1363.896366 -1363.896499 -1363.896630 -1363.896775 -1363.896955 -1363.897202 -1363.897564 -1363.898118 -1363.898986 -1363.900374 -1363.902631 -1363.906369 -1363.912705 -1363.923737 -1363.943525 -1363.980112 -1364.049721 -1364.185929 -1364.461417 -1365.045112 -1366.361694 -1369.546337 -1377.860037 -1402.519645 -9999.0 -9999.0
-9999.0 -9999.0 878.161313 782.135473 685.645412 588.630494 491.340459 393.927432 296.472632 199.021042 101.597309 4.217813 -93.097667 -190.332540 -287.408844 -384.180332 -480.384351 -575.613362 -669.251081 -763.495389 -856.624159 -948.394531 -1038.630588 -1112.949988 -1176.013734 -1227.106856 -1266.751608 -1296.356668 -1317.751948 -1332.797928 -1343.147114 -1350.142355 -1354.808038 -1357.890052 -1359.913142 -1361.239391 -1362.123504 -1362.787300 -1363.671394 -1366.643156 -1380.247881 -1451.343472 -1997.318730 -4056.776003 -4084.156604 -4084.158415 -4084.158383 -4084.157975 -4084.155825 -4084.148227 -4084.126145 -4084.059133 -4083.943691 -4083.789392 -4083.525793 -4083.000088 -4081.815410 -4078.879516 -4071.065888 -4049.322263 -3931.322684 -1772.785352 -1413.240854 -1373.115127 -1365.466201 -1364.134134 -1363.927386 -1363.896511 -1363.892442 -1363.892641 -1363.893434 -1363.894170 -1363.894755 -1363.895205 -1363.895552 -1363.895824 -1363.896040 -1363.896217 -1363.896366 -1363.896499 -1363.896630 -1363.896775 -1363.896955 -1363.897202 -1363.897564 -1363.898118 -1363.898986 -1363.900374 -1363.902631 -1363.906369 -1363.912705 -1363.923737 -1363.943525 -1363.980112 -1364.049721 -1364.185929 -1364.461417 -1365.045112 -1366.361694 -1369.546337 -1377.860037 -1402.519645 -9999.0 -9999.0
-9999.0 -9999.0 -9999.0 -9999.0 -9999.0 -9999.0 -9999.0 -9999.0 -9999.0 -9999.0 -9999.0 -9999.0 -9999.0 -9999.0 -9999.0 -9999.0 -9999.0 -9999.0 -9999.0 -9999.0 -9999.0 -9999.0 -9999.0 -9999.0 -9999.0 -9999.0 -9999.0 -9999.0 -9999.0 -9999.0 -9999.0 -9999.0 -9999.0 -9999.0 -9999.0 -9999.0 -9999.0 -9999.0 -9999.0 -9999.0 -9999.0 -9999.0 -9999.0 -9999.0 -9999.0 -9999.0 -9999.0 -9999.0 -9999.0 -9999.0 -9999.0 -9999.0 -9999.0 -9999.0 -9999.0 -9999.0 -9999.0 -9999.0 -9999.0 -9999.0 -9999.0 -9999.0 -9999.0 -9999.0 -9999.0 -9999.0 -9999.0 -9999.0 -9999.0 -9999.0 -9999.0 -9999.0 -9999.0 -9999.0 -9999.0 -9999.0 -9999.0 -9999.0 -9999.0 -9999.0 -9999.0 -9999.0 -9999.0 -9999.0 -9999.0 -9999.0 -9999.0 -9999.0 -9999.0 -9999.0 -9999.0 -9999.0 -9999.0 -9999.0 -9999.0 -9999.0 -9999.0 -9999.0 -9999.0 -9999.0 -9999.0 -9999.0 -9999.0 -9999.0
-9999.0 -9999.0 -9999.0 -9999.0 -9999.0 -9999.0 -9999.0 -9999.0 -9999.0 -9999.0 -9999.0 -9999.0 -9999.0 -9999.0 -9999.0 -9999.0 -9999.0 -9999.0 -9999.0 -9999.0 -9999.0 -9999.0 -9999.0 -9999.0 -9999.0 -9999.0 -9999.0 -9999.0 -9999.0 -9999.0 -9999.0 -9999.0 -9999.0 -9999.0 -9999.0 -9999.0 -9999.0 -9999.0 -9999.0 -9999.0 -9999.0 -9999.0 -9999.0 -9999.0 -9999.0 -9999.0 -9999.0 -9999.0 -9999.0 -9999.0 -9999.0 -9999.0 -9999.0 -9999.0 -9999.0 -9999.0 -9999.0 -9999.0 -9999.0 -9999.0 -9999.0 -9999.0 -9999.0 -9999.0 -9999.0 -9999.0 -9999.0 -9999.0 -9999.0 -9999.0 -9999.0 -9999.0 -9999.0 -9999.0 -9999.0 -9999.0 -9999.0 -9999.0 -9999.0 -9999.0 -9999.0 -9999.0 -9999.0 -9999.0 -9999.0 -9999.0 -9999.0 -9999.0 -9999.0 -9999.0 -9999.0 -9999.0 -9999.0 -9999.0 -9999.0 -9999.0 -9999.0 -9999.0 -9999.0 -9999.0 -9999.0 -9999.0 -9999.0 -9999.0