inst/processing_geotop_simulation/geotop_simulation/out/maps3D/PwL0013N0029.asc
ncols         104
nrows         10
xllcorner     -2.000000
yllcorner     0.000000
cellsize      1.000000
NODATA_value  -9999.0
-9999.0 -9999.0 -9999.0 -9999.0 -9999.0 -9999.0 -9999.0 -9999.0 -9999.0 -9999.0 -9999.0 -9999.0 -9999.0 -9999.0 -9999.0 -9999.0 -9999.0 -9999.0 -9999.0 -9999.0 -9999.0 -9999.0 -9999.0 -9999.0 -9999.0 -9999.0 -9999.0 -9999.0 -9999.0 -9999.0 -9999.0 -9999.0 -9999.0 -9999.0 -9999.0 -9999.0 -9999.0 -9999.0 -9999.0 -9999.0 -9999.0 -9999.0 -9999.0 -9999.0 -9999.0 -9999.0 -9999.0 -9999.0 -9999.0 -9999.0 -9999.0 -9999.0 -9999.0 -9999.0 -9999.0 -9999.0 -9999.0 -9999.0 -9999.0 -9999.0 -9999.0 -9999.0 -9999.0 -9999.0 -9999.0 -9999.0 -9999.0 -9999.0 -9999.0 -9999.0 -9999.0 -9999.0 -9999.0 -9999.0 -9999.0 -9999.0 -9999.0 -9999.0 -9999.0 -9999.0 -9999.0 -9999.0 -9999.0 -9999.0 -9999.0 -9999.0 -9999.0 -9999.0 -9999.0 -9999.0 -9999.0 -9999.0 -9999.0 -9999.0 -9999.0 -9999.0 -9999.0 -9999.0 -9999.0 -9999.0 -9999.0 -9999.0 -9999.0 -9999.0
-9999.0 -9999.0 -9999.0 -9999.0 -9999.0 -9999.0 -9999.0 -9999.0 -9999.0 -9999.0 -9999.0 -9999.0 -9999.0 -9999.0 -9999.0 -9999.0 -9999.0 -9999.0 -9999.0 -9999.0 -9999.0 -9999.0 -9999.0 -9999.0 -9999.0 -9999.0 -9999.0 -9999.0 -9999.0 -9999.0 -9999.0 -9999.0 -9999.0 -9999.0 -9999.0 -9999.0 -9999.0 -9999.0 -9999.0 -9999.0 -9999.0 -9999.0 -9999.0 -9999.0 -9999.0 -9999.0 -9999.0 -9999.0 -9999.0 -9999.0 -9999.0 -9999.0 -9999.0 -9999.0 -9999.0 -9999.0 -9999.0 -9999.0 -9999.0 -9999.0 -9999.0 -9999.0 -9999.0 -9999.0 -9999.0 -9999.0 -9999.0 -9999.0 -9999.0 -9999.0 -9999.0 -9999.0 -9999.0 -9999.0 -9999.0 -9999.0 -9999.0 -9999.0 -9999.0 -9999.0 -9999.0 -9999.0 -9999.0 -9999.0 -9999.0 -9999.0 -9999.0 -9999.0 -9999.0 -9999.0 -9999.0 -9999.0 -9999.0 -9999.0 -9999.0 -9999.0 -9999.0 -9999.0 -9999.0 -9999.0 -9999.0 -9999.0 -9999.0 -9999.0
-9999.0 -9999.0 428.058140 326.778377 223.598610 118.933345 13.615488 -90.498176 -184.492508 -244.457612 -323.067602 -363.168888 -382.859803 -392.487695 -391.928942 -378.800475 -298.751930 -154.741428 -5.692317 160.053626 339.453824 274.644906 202.152285 123.642143 40.527275 -45.352878 -130.817965 -209.308080 -271.215140 -311.524336 -333.718184 -344.573405 -349.300974 -350.771233 -350.264484 -348.106834 -343.587104 -335.301624 -344.245334 -364.169506 -196.992238 -105.444283 -2692.257834 -4331.460301 -4331.683167 -4331.683168 -4331.683168 -4331.683168 -4331.683168 -4331.683168 -4331.683168 -4331.683168 -4331.683168 -4331.683168 -4331.683168 -4331.683168 -4331.683168 -4331.683168 -4331.683168 -4331.683166 -4331.295557 -2572.784258 -425.928232 -357.270604 -329.503222 -336.735672 -343.639794 -348.147602 -350.984743 -352.770836 -353.897675 -354.615153 -355.076245 -355.376403 -355.568554 -355.691058 -355.768104 -355.817773 -355.852166 -355.879308 -355.905084 -355.934697 -355.974648 -356.033284 -356.122945 -356.262591 -356.481781 -356.826939 -357.370731 -358.226955 -359.573010 -361.683309 -364.977545 -370.086598 -377.934969 -389.828681 -407.520210 -433.203760 -469.428095 -519.468312 -592.783599 -715.664265 -9999.0 -9999.0
-9999.0 -9999.0 428.150699 326.812697 223.610371 118.937444 13.616972 -90.497628 -184.492316 -244.457553 -323.067587 -363.168884 -382.859802 -392.487695 -391.928942 -378.800475 -298.751930 -154.741428 -5.692317 160.053626 339.453824 274.644906 202.152285 123.642143 40.527275 -45.352878 -130.817965 -209.308080 -271.215140 -311.524336 -333.718184 -344.573405 -349.300974 -350.771233 -350.264484 -348.106834 -343.587104 -335.301624 -344.245335 -364.169505 -196.992237 -105.444284 -2692.257833 -4331.460301 -4331.683167 -4331.683168 -4331.683168 -4331.683168 -4331.683168 -4331.683168 -4331.683168 -4331.683168 -4331.683168 -4331.683168 -4331.683168 -4331.683168 -4331.683168 -4331.683168 -4331.683168 -4331.683166 -4331.295557 -2572.784258 -425.928234 -357.270605 -329.503222 -336.735672 -343.639794 -348.147602 -350.984743 -352.770836 -353.897675 -354.615153 -355.076245 -355.376403 -355.568554 -355.691058 -355.768104 -355.817773 -355.852166 -355.879308 -355.905084 -355.934697 -355.974648 -356.033284 -356.122945 -356.262591 -356.481781 -356.826939 -357.370731 -358.226955 -359.573010 -361.683309 -364.977545 -370.086598 -377.934970 -389.828681 -407.520210 -433.203760 -469.428095 -519.468312 -592.783599 -715.664265 -9999.0 -9999.0
-9999.0 -9999.0 428.196763 326.834938 223.619514 118.941002 13.618345 -90.497103 -184.492129 -244.457496 -323.067572 -363.168880 -382.859801 -392.487695 -391.928942 -378.800475 -298.751930 -154.741428 -5.692317 160.053626 339.453824 274.644906 202.152285 123.642143 40.527275 -45.352878 -130.817965 -209.308080 -271.215140 -311.524336 -333.718184 -344.573405 -349.300974 -350.771233 -350.264484 -348.106834 -343.587104 -335.301624 -344.245335 -364.169504 -196.992236 -105.444284 -2692.257833 -4331.460301 -4331.683167 -4331.683168 -4331.683168 -4331.683168 -4331.683168 -4331.683168 -4331.683168 -4331.683168 -4331.683168 -4331.683168 -4331.683168 -4331.683168 -4331.683168 -4331.683168 -4331.683168 -4331.683166 -4331.295557 -2572.784258 -425.928232 -357.270604 -329.503222 -336.735671 -343.639794 -348.147602 -350.984743 -352.770836 -353.897675 -354.615153 -355.076245 -355.376403 -355.568554 -355.691058 -355.768104 -355.817773 -355.852166 -355.879308 -355.905084 -355.934697 -355.974648 -356.033284 -356.122945 -356.262591 -356.481781 -356.826939 -357.370731 -358.226955 -359.573010 -361.683309 -364.977545 -370.086598 -377.934969 -389.828681 -407.520210 -433.203760 -469.428095 -519.468312 -592.783599 -715.664265 -9999.0 -9999.0
-9999.0 -9999.0 428.196763 326.834938 223.619514 118.941002 13.618345 -90.497103 -184.492129 -244.457496 -323.067572 -363.168880 -382.859801 -392.487695 -391.928942 -378.800475 -298.751930 -154.741428 -5.692317 160.053626 339.453824 274.644906 202.152285 123.642143 40.527275 -45.352878 -130.817965 -209.308080 -271.215140 -311.524336 -333.718184 -344.573405 -349.300974 -350.771233 -350.264484 -348.106834 -343.587104 -335.301624 -344.245335 -364.169504 -196.992236 -105.444284 -2692.257833 -4331.460301 -4331.683167 -4331.683168 -4331.683168 -4331.683168 -4331.683168 -4331.683168 -4331.683168 -4331.683168 -4331.683168 -4331.683168 -4331.683168 -4331.683168 -4331.683168 -4331.683168 -4331.683168 -4331.683166 -4331.295557 -2572.784258 -425.928233 -357.270604 -329.503222 -336.735671 -343.639794 -348.147602 -350.984743 -352.770836 -353.897675 -354.615153 -355.076245 -355.376403 -355.568554 -355.691058 -355.768104 -355.817773 -355.852166 -355.879308 -355.905084 -355.934697 -355.974648 -356.033284 -356.122945 -356.262591 -356.481781 -356.826939 -357.370731 -358.226955 -359.573010 -361.683309 -364.977545 -370.086598 -377.934970 -389.828681 -407.520210 -433.203760 -469.428095 -519.468312 -592.783599 -715.664265 -9999.0 -9999.0
-9999.0 -9999.0 428.150699 326.812697 223.610371 118.937444 13.616972 -90.497628 -184.492316 -244.457553 -323.067587 -363.168884 -382.859802 -392.487695 -391.928942 -378.800475 -298.751930 -154.741428 -5.692317 160.053626 339.453824 274.644906 202.152285 123.642143 40.527275 -45.352878 -130.817965 -209.308080 -271.215140 -311.524336 -333.718184 -344.573405 -349.300974 -350.771233 -350.264484 -348.106834 -343.587104 -335.301624 -344.245335 -364.169505 -196.992237 -105.444284 -2692.257833 -4331.460301 -4331.683167 -4331.683168 -4331.683168 -4331.683168 -4331.683168 -4331.683168 -4331.683168 -4331.683168 -4331.683168 -4331.683168 -4331.683168 -4331.683168 -4331.683168 -4331.683168 -4331.683168 -4331.683166 -4331.295557 -2572.784258 -425.928234 -357.270605 -329.503222 -336.735672 -343.639794 -348.147602 -350.984743 -352.770836 -353.897675 -354.615153 -355.076245 -355.376403 -355.568554 -355.691058 -355.768104 -355.817773 -355.852166 -355.879308 -355.905084 -355.934697 -355.974648 -356.033284 -356.122945 -356.262591 -356.481781 -356.826939 -357.370731 -358.226955 -359.573010 -361.683309 -364.977545 -370.086598 -377.934969 -389.828681 -407.520210 -433.203760 -469.428095 -519.468312 -592.783599 -715.664265 -9999.0 -9999.0
-9999.0 -9999.0 428.058140 326.778377 223.598610 118.933345 13.615488 -90.498176 -184.492508 -244.457612 -323.067602 -363.168888 -382.859803 -392.487695 -391.928942 -378.800475 -298.751930 -154.741428 -5.692317 160.053626 339.453824 274.644906 202.152285 123.642143 40.527275 -45.352878 -130.817965 -209.308080 -271.215140 -311.524336 -333.718184 -344.573405 -349.300974 -350.771233 -350.264484 -348.106834 -343.587104 -335.301624 -344.245334 -364.169506 -196.992238 -105.444283 -2692.257834 -4331.460301 -4331.683167 -4331.683168 -4331.683168 -4331.683168 -4331.683168 -4331.683168 -4331.683168 -4331.683168 -4331.683168 -4331.683168 -4331.683168 -4331.683168 -4331.683168 -4331.683168 -4331.683168 -4331.683166 -4331.295557 -2572.784258 -425.928235 -357.270605 -329.503222 -336.735672 -343.639794 -348.147602 -350.984743 -352.770836 -353.897675 -354.615153 -355.076245 -355.376403 -355.568554 -355.691058 -355.768104 -355.817773 -355.852166 -355.879308 -355.905084 -355.934697 -355.974648 -356.033284 -356.122945 -356.262591 -356.481781 -356.826939 -357.370731 -358.226955 -359.573010 -361.683309 -364.977545 -370.086598 -377.934970 -389.828681 -407.520210 -433.203760 -469.428095 -519.468312 -592.783599 -715.664265 -9999.0 -9999.0
-9999.0 -9999.0 -9999.0 -9999.0 -9999.0 -9999.0 -9999.0 -9999.0 -9999.0 -9999.0 -9999.0 -9999.0 -9999.0 -9999.0 -9999.0 -9999.0 -9999.0 -9999.0 -9999.0 -9999.0 -9999.0 -9999.0 -9999.0 -9999.0 -9999.0 -9999.0 -9999.0 -9999.0 -9999.0 -9999.0 -9999.0 -9999.0 -9999.0 -9999.0 -9999.0 -9999.0 -9999.0 -9999.0 -9999.0 -9999.0 -9999.0 -9999.0 -9999.0 -9999.0 -9999.0 -9999.0 -9999.0 -9999.0 -9999.0 -9999.0 -9999.0 -9999.0 -9999.0 -9999.0 -9999.0 -9999.0 -9999.0 -9999.0 -9999.0 -9999.0 -9999.0 -9999.0 -9999.0 -9999.0 -9999.0 -9999.0 -9999.0 -9999.0 -9999.0 -9999.0 -9999.0 -9999.0 -9999.0 -9999.0 -9999.0 -9999.0 -9999.0 -9999.0 -9999.0 -9999.0 -9999.0 -9999.0 -9999.0 -9999.0 -9999.0 -9999.0 -9999.0 -9999.0 -9999.0 -9999.0 -9999.0 -9999.0 -9999.0 -9999.0 -9999.0 -9999.0 -9999.0 -9999.0 -9999.0 -9999.0 -9999.0 -9999.0 -9999.0 -9999.0
-9999.0 -9999.0 -9999.0 -9999.0 -9999.0 -9999.0 -9999.0 -9999.0 -9999.0 -9999.0 -9999.0 -9999.0 -9999.0 -9999.0 -9999.0 -9999.0 -9999.0 -9999.0 -9999.0 -9999.0 -9999.0 -9999.0 -9999.0 -9999.0 -9999.0 -9999.0 -9999.0 -9999.0 -9999.0 -9999.0 -9999.0 -9999.0 -9999.0 -9999.0 -9999.0 -9999.0 -9999.0 -9999.0 -9999.0 -9999.0 -9999.0 -9999.0 -9999.0 -9999.0 -9999.0 -9999.0 -9999.0 -9999.0 -9999.0 -9999.0 -9999.0 -9999.0 -9999.0 -9999.0 -9999.0 -9999.0 -9999.0 -9999.0 -9999.0 -9999.0 -9999.0 -9999.0 -9999.0 -9999.0 -9999.0 -9999.0 -9999.0 -9999.0 -9999.0 -9999.0 -9999.0 -9999.0 -9999.0 -9999.0 -9999.0 -9999.0 -9999.0 -9999.0 -9999.0 -9999.0 -9999.0 -9999.0 -9999.0 -9999.0 -9999.0 -9999.0 -9999.0 -9999.0 -9999.0 -9999.0 -9999.0 -9999.0 -9999.0 -9999.0 -9999.0 -9999.0 -9999.0 -9999.0 -9999.0 -9999.0 -9999.0 -9999.0 -9999.0 -9999.0