inst/processing_geotop_simulation/geotop_simulation/out/maps3D/PwL0022N0186.asc
ncols         104
nrows         10
xllcorner     -2.000000
yllcorner     0.000000
cellsize      1.000000
NODATA_value  -9999.0
-9999.0 -9999.0 -9999.0 -9999.0 -9999.0 -9999.0 -9999.0 -9999.0 -9999.0 -9999.0 -9999.0 -9999.0 -9999.0 -9999.0 -9999.0 -9999.0 -9999.0 -9999.0 -9999.0 -9999.0 -9999.0 -9999.0 -9999.0 -9999.0 -9999.0 -9999.0 -9999.0 -9999.0 -9999.0 -9999.0 -9999.0 -9999.0 -9999.0 -9999.0 -9999.0 -9999.0 -9999.0 -9999.0 -9999.0 -9999.0 -9999.0 -9999.0 -9999.0 -9999.0 -9999.0 -9999.0 -9999.0 -9999.0 -9999.0 -9999.0 -9999.0 -9999.0 -9999.0 -9999.0 -9999.0 -9999.0 -9999.0 -9999.0 -9999.0 -9999.0 -9999.0 -9999.0 -9999.0 -9999.0 -9999.0 -9999.0 -9999.0 -9999.0 -9999.0 -9999.0 -9999.0 -9999.0 -9999.0 -9999.0 -9999.0 -9999.0 -9999.0 -9999.0 -9999.0 -9999.0 -9999.0 -9999.0 -9999.0 -9999.0 -9999.0 -9999.0 -9999.0 -9999.0 -9999.0 -9999.0 -9999.0 -9999.0 -9999.0 -9999.0 -9999.0 -9999.0 -9999.0 -9999.0 -9999.0 -9999.0 -9999.0 -9999.0 -9999.0 -9999.0
-9999.0 -9999.0 -9999.0 -9999.0 -9999.0 -9999.0 -9999.0 -9999.0 -9999.0 -9999.0 -9999.0 -9999.0 -9999.0 -9999.0 -9999.0 -9999.0 -9999.0 -9999.0 -9999.0 -9999.0 -9999.0 -9999.0 -9999.0 -9999.0 -9999.0 -9999.0 -9999.0 -9999.0 -9999.0 -9999.0 -9999.0 -9999.0 -9999.0 -9999.0 -9999.0 -9999.0 -9999.0 -9999.0 -9999.0 -9999.0 -9999.0 -9999.0 -9999.0 -9999.0 -9999.0 -9999.0 -9999.0 -9999.0 -9999.0 -9999.0 -9999.0 -9999.0 -9999.0 -9999.0 -9999.0 -9999.0 -9999.0 -9999.0 -9999.0 -9999.0 -9999.0 -9999.0 -9999.0 -9999.0 -9999.0 -9999.0 -9999.0 -9999.0 -9999.0 -9999.0 -9999.0 -9999.0 -9999.0 -9999.0 -9999.0 -9999.0 -9999.0 -9999.0 -9999.0 -9999.0 -9999.0 -9999.0 -9999.0 -9999.0 -9999.0 -9999.0 -9999.0 -9999.0 -9999.0 -9999.0 -9999.0 -9999.0 -9999.0 -9999.0 -9999.0 -9999.0 -9999.0 -9999.0 -9999.0 -9999.0 -9999.0 -9999.0 -9999.0 -9999.0
-9999.0 -9999.0 1078.564861 982.228508 885.815676 789.000974 691.943597 594.774068 497.569675 400.373136 303.208572 206.089802 109.024731 12.020829 -84.905327 -181.734504 -278.380659 -374.677215 -470.321630 -564.746671 -656.958359 -749.647334 -840.984993 -930.716107 -1018.610341 -1084.765688 -1139.147738 -1181.896489 -1214.149050 -1237.625055 -1254.209533 -1265.649095 -1273.396602 -1278.573696 -1282.001682 -1284.261964 -1285.765199 -1286.844596 -1288.039418 -1291.401332 -1306.174185 -1379.196101 -1591.030055 -2566.931268 -3853.320684 -3846.475042 -3385.533949 -2786.277775 -2460.621987 -2267.188654 -2131.879423 -2018.578578 -1949.856970 -1905.614622 -1864.609199 -1821.717828 -1775.366012 -1726.038898 -1675.238369 -1624.034859 -1566.423975 -1333.143631 -1339.234140 -1298.952709 -1290.485857 -1289.040910 -1288.819973 -1288.787281 -1288.782986 -1288.783179 -1288.783999 -1288.784763 -1288.785373 -1288.785845 -1288.786211 -1288.786499 -1288.786731 -1288.786920 -1288.787082 -1288.787226 -1288.787368 -1288.787523 -1288.787714 -1288.787974 -1288.788352 -1288.788926 -1288.789823 -1288.791253 -1288.793576 -1288.797422 -1288.803942 -1288.815301 -1288.835695 -1288.873445 -1288.945414 -1289.086780 -1289.374869 -1289.993308 -1291.413134 -1294.900486 -1303.997284 -1330.112187 -9999.0 -9999.0
-9999.0 -9999.0 1078.567667 982.229651 885.816067 789.001105 691.943642 594.774084 497.569680 400.373139 303.208573 206.089802 109.024731 12.020829 -84.905327 -181.734504 -278.380659 -374.677215 -470.321630 -564.746671 -656.958359 -749.647335 -840.984993 -930.716107 -1018.610342 -1084.765688 -1139.147738 -1181.896489 -1214.149050 -1237.625055 -1254.209533 -1265.649095 -1273.396602 -1278.573696 -1282.001682 -1284.261964 -1285.765199 -1286.844596 -1288.039418 -1291.401332 -1306.174185 -1379.196101 -1591.030054 -2566.931266 -3853.320684 -3846.475042 -3385.533948 -2786.277774 -2460.621987 -2267.188653 -2131.879422 -2018.578577 -1949.856970 -1905.614622 -1864.609198 -1821.717828 -1775.366012 -1726.038898 -1675.238369 -1624.034859 -1566.423975 -1333.143631 -1339.234140 -1298.952709 -1290.485857 -1289.040910 -1288.819973 -1288.787281 -1288.782986 -1288.783179 -1288.783999 -1288.784763 -1288.785373 -1288.785845 -1288.786211 -1288.786499 -1288.786731 -1288.786920 -1288.787082 -1288.787226 -1288.787368 -1288.787523 -1288.787714 -1288.787974 -1288.788352 -1288.788926 -1288.789823 -1288.791253 -1288.793576 -1288.797422 -1288.803942 -1288.815301 -1288.835695 -1288.873445 -1288.945414 -1289.086780 -1289.374869 -1289.993308 -1291.413134 -1294.900486 -1303.997284 -1330.112187 -9999.0 -9999.0
-9999.0 -9999.0 1078.568840 982.230292 885.816343 789.001212 691.943682 594.774098 497.569686 400.373140 303.208574 206.089803 109.024731 12.020829 -84.905327 -181.734504 -278.380659 -374.677215 -470.321630 -564.746671 -656.958359 -749.647335 -840.984993 -930.716107 -1018.610342 -1084.765689 -1139.147738 -1181.896490 -1214.149050 -1237.625056 -1254.209533 -1265.649095 -1273.396602 -1278.573696 -1282.001682 -1284.261964 -1285.765199 -1286.844596 -1288.039418 -1291.401332 -1306.174185 -1379.196101 -1591.030054 -2566.931266 -3853.320684 -3846.475042 -3385.533947 -2786.277773 -2460.621987 -2267.188652 -2131.879421 -2018.578577 -1949.856970 -1905.614622 -1864.609198 -1821.717828 -1775.366012 -1726.038898 -1675.238369 -1624.034858 -1566.423975 -1333.143631 -1339.234140 -1298.952709 -1290.485857 -1289.040910 -1288.819973 -1288.787281 -1288.782986 -1288.783179 -1288.783999 -1288.784763 -1288.785373 -1288.785845 -1288.786211 -1288.786499 -1288.786731 -1288.786920 -1288.787082 -1288.787226 -1288.787368 -1288.787523 -1288.787714 -1288.787974 -1288.788352 -1288.788926 -1288.789823 -1288.791253 -1288.793576 -1288.797422 -1288.803942 -1288.815301 -1288.835695 -1288.873445 -1288.945414 -1289.086780 -1289.374869 -1289.993308 -1291.413134 -1294.900486 -1303.997284 -1330.112187 -9999.0 -9999.0
-9999.0 -9999.0 1078.568840 982.230292 885.816342 789.001212 691.943682 594.774098 497.569686 400.373141 303.208574 206.089803 109.024731 12.020829 -84.905327 -181.734504 -278.380659 -374.677215 -470.321630 -564.746671 -656.958359 -749.647335 -840.984994 -930.716107 -1018.610342 -1084.765689 -1139.147738 -1181.896490 -1214.149050 -1237.625056 -1254.209533 -1265.649095 -1273.396602 -1278.573696 -1282.001682 -1284.261964 -1285.765199 -1286.844596 -1288.039418 -1291.401332 -1306.174185 -1379.196101 -1591.030054 -2566.931266 -3853.320684 -3846.475042 -3385.533948 -2786.277773 -2460.621987 -2267.188652 -2131.879421 -2018.578577 -1949.856970 -1905.614622 -1864.609198 -1821.717828 -1775.366012 -1726.038898 -1675.238369 -1624.034859 -1566.423975 -1333.143631 -1339.234140 -1298.952709 -1290.485857 -1289.040910 -1288.819973 -1288.787281 -1288.782986 -1288.783179 -1288.783999 -1288.784763 -1288.785373 -1288.785845 -1288.786211 -1288.786499 -1288.786731 -1288.786920 -1288.787082 -1288.787226 -1288.787368 -1288.787523 -1288.787714 -1288.787974 -1288.788352 -1288.788926 -1288.789823 -1288.791253 -1288.793576 -1288.797422 -1288.803942 -1288.815301 -1288.835695 -1288.873445 -1288.945414 -1289.086780 -1289.374869 -1289.993308 -1291.413134 -1294.900486 -1303.997284 -1330.112187 -9999.0 -9999.0
-9999.0 -9999.0 1078.567667 982.229650 885.816067 789.001105 691.943642 594.774084 497.569680 400.373139 303.208573 206.089802 109.024731 12.020829 -84.905327 -181.734504 -278.380659 -374.677215 -470.321630 -564.746671 -656.958359 -749.647335 -840.984993 -930.716107 -1018.610342 -1084.765688 -1139.147738 -1181.896489 -1214.149050 -1237.625055 -1254.209533 -1265.649095 -1273.396602 -1278.573696 -1282.001682 -1284.261964 -1285.765199 -1286.844596 -1288.039418 -1291.401332 -1306.174185 -1379.196101 -1591.030054 -2566.931266 -3853.320684 -3846.475042 -3385.533948 -2786.277774 -2460.621987 -2267.188652 -2131.879422 -2018.578577 -1949.856970 -1905.614622 -1864.609199 -1821.717828 -1775.366012 -1726.038898 -1675.238369 -1624.034859 -1566.423975 -1333.143631 -1339.234140 -1298.952709 -1290.485857 -1289.040910 -1288.819973 -1288.787281 -1288.782986 -1288.783179 -1288.783999 -1288.784763 -1288.785373 -1288.785845 -1288.786211 -1288.786499 -1288.786731 -1288.786920 -1288.787082 -1288.787226 -1288.787368 -1288.787523 -1288.787714 -1288.787974 -1288.788352 -1288.788926 -1288.789823 -1288.791253 -1288.793576 -1288.797422 -1288.803942 -1288.815301 -1288.835695 -1288.873445 -1288.945414 -1289.086780 -1289.374869 -1289.993308 -1291.413134 -1294.900486 -1303.997284 -1330.112187 -9999.0 -9999.0
-9999.0 -9999.0 1078.564861 982.228508 885.815676 789.000974 691.943597 594.774068 497.569675 400.373137 303.208572 206.089802 109.024731 12.020829 -84.905327 -181.734504 -278.380659 -374.677215 -470.321630 -564.746671 -656.958359 -749.647334 -840.984993 -930.716107 -1018.610341 -1084.765688 -1139.147738 -1181.896489 -1214.149050 -1237.625055 -1254.209533 -1265.649095 -1273.396602 -1278.573696 -1282.001682 -1284.261964 -1285.765199 -1286.844596 -1288.039418 -1291.401332 -1306.174185 -1379.196101 -1591.030055 -2566.931268 -3853.320684 -3846.475042 -3385.533949 -2786.277775 -2460.621988 -2267.188654 -2131.879424 -2018.578578 -1949.856970 -1905.614622 -1864.609199 -1821.717828 -1775.366012 -1726.038898 -1675.238369 -1624.034859 -1566.423975 -1333.143631 -1339.234140 -1298.952709 -1290.485857 -1289.040910 -1288.819973 -1288.787281 -1288.782986 -1288.783179 -1288.783999 -1288.784763 -1288.785373 -1288.785845 -1288.786211 -1288.786499 -1288.786731 -1288.786920 -1288.787082 -1288.787226 -1288.787368 -1288.787523 -1288.787714 -1288.787974 -1288.788352 -1288.788926 -1288.789823 -1288.791253 -1288.793576 -1288.797422 -1288.803942 -1288.815301 -1288.835695 -1288.873445 -1288.945414 -1289.086780 -1289.374869 -1289.993308 -1291.413134 -1294.900486 -1303.997284 -1330.112187 -9999.0 -9999.0
-9999.0 -9999.0 -9999.0 -9999.0 -9999.0 -9999.0 -9999.0 -9999.0 -9999.0 -9999.0 -9999.0 -9999.0 -9999.0 -9999.0 -9999.0 -9999.0 -9999.0 -9999.0 -9999.0 -9999.0 -9999.0 -9999.0 -9999.0 -9999.0 -9999.0 -9999.0 -9999.0 -9999.0 -9999.0 -9999.0 -9999.0 -9999.0 -9999.0 -9999.0 -9999.0 -9999.0 -9999.0 -9999.0 -9999.0 -9999.0 -9999.0 -9999.0 -9999.0 -9999.0 -9999.0 -9999.0 -9999.0 -9999.0 -9999.0 -9999.0 -9999.0 -9999.0 -9999.0 -9999.0 -9999.0 -9999.0 -9999.0 -9999.0 -9999.0 -9999.0 -9999.0 -9999.0 -9999.0 -9999.0 -9999.0 -9999.0 -9999.0 -9999.0 -9999.0 -9999.0 -9999.0 -9999.0 -9999.0 -9999.0 -9999.0 -9999.0 -9999.0 -9999.0 -9999.0 -9999.0 -9999.0 -9999.0 -9999.0 -9999.0 -9999.0 -9999.0 -9999.0 -9999.0 -9999.0 -9999.0 -9999.0 -9999.0 -9999.0 -9999.0 -9999.0 -9999.0 -9999.0 -9999.0 -9999.0 -9999.0 -9999.0 -9999.0 -9999.0 -9999.0
-9999.0 -9999.0 -9999.0 -9999.0 -9999.0 -9999.0 -9999.0 -9999.0 -9999.0 -9999.0 -9999.0 -9999.0 -9999.0 -9999.0 -9999.0 -9999.0 -9999.0 -9999.0 -9999.0 -9999.0 -9999.0 -9999.0 -9999.0 -9999.0 -9999.0 -9999.0 -9999.0 -9999.0 -9999.0 -9999.0 -9999.0 -9999.0 -9999.0 -9999.0 -9999.0 -9999.0 -9999.0 -9999.0 -9999.0 -9999.0 -9999.0 -9999.0 -9999.0 -9999.0 -9999.0 -9999.0 -9999.0 -9999.0 -9999.0 -9999.0 -9999.0 -9999.0 -9999.0 -9999.0 -9999.0 -9999.0 -9999.0 -9999.0 -9999.0 -9999.0 -9999.0 -9999.0 -9999.0 -9999.0 -9999.0 -9999.0 -9999.0 -9999.0 -9999.0 -9999.0 -9999.0 -9999.0 -9999.0 -9999.0 -9999.0 -9999.0 -9999.0 -9999.0 -9999.0 -9999.0 -9999.0 -9999.0 -9999.0 -9999.0 -9999.0 -9999.0 -9999.0 -9999.0 -9999.0 -9999.0 -9999.0 -9999.0 -9999.0 -9999.0 -9999.0 -9999.0 -9999.0 -9999.0 -9999.0 -9999.0 -9999.0 -9999.0 -9999.0 -9999.0