inst/processing_geotop_simulation/geotop_simulation/out/maps3D/PwL0010N0339.asc
ncols         104
nrows         10
xllcorner     -2.000000
yllcorner     0.000000
cellsize      1.000000
NODATA_value  -9999.0
-9999.0 -9999.0 -9999.0 -9999.0 -9999.0 -9999.0 -9999.0 -9999.0 -9999.0 -9999.0 -9999.0 -9999.0 -9999.0 -9999.0 -9999.0 -9999.0 -9999.0 -9999.0 -9999.0 -9999.0 -9999.0 -9999.0 -9999.0 -9999.0 -9999.0 -9999.0 -9999.0 -9999.0 -9999.0 -9999.0 -9999.0 -9999.0 -9999.0 -9999.0 -9999.0 -9999.0 -9999.0 -9999.0 -9999.0 -9999.0 -9999.0 -9999.0 -9999.0 -9999.0 -9999.0 -9999.0 -9999.0 -9999.0 -9999.0 -9999.0 -9999.0 -9999.0 -9999.0 -9999.0 -9999.0 -9999.0 -9999.0 -9999.0 -9999.0 -9999.0 -9999.0 -9999.0 -9999.0 -9999.0 -9999.0 -9999.0 -9999.0 -9999.0 -9999.0 -9999.0 -9999.0 -9999.0 -9999.0 -9999.0 -9999.0 -9999.0 -9999.0 -9999.0 -9999.0 -9999.0 -9999.0 -9999.0 -9999.0 -9999.0 -9999.0 -9999.0 -9999.0 -9999.0 -9999.0 -9999.0 -9999.0 -9999.0 -9999.0 -9999.0 -9999.0 -9999.0 -9999.0 -9999.0 -9999.0 -9999.0 -9999.0 -9999.0 -9999.0 -9999.0
-9999.0 -9999.0 -9999.0 -9999.0 -9999.0 -9999.0 -9999.0 -9999.0 -9999.0 -9999.0 -9999.0 -9999.0 -9999.0 -9999.0 -9999.0 -9999.0 -9999.0 -9999.0 -9999.0 -9999.0 -9999.0 -9999.0 -9999.0 -9999.0 -9999.0 -9999.0 -9999.0 -9999.0 -9999.0 -9999.0 -9999.0 -9999.0 -9999.0 -9999.0 -9999.0 -9999.0 -9999.0 -9999.0 -9999.0 -9999.0 -9999.0 -9999.0 -9999.0 -9999.0 -9999.0 -9999.0 -9999.0 -9999.0 -9999.0 -9999.0 -9999.0 -9999.0 -9999.0 -9999.0 -9999.0 -9999.0 -9999.0 -9999.0 -9999.0 -9999.0 -9999.0 -9999.0 -9999.0 -9999.0 -9999.0 -9999.0 -9999.0 -9999.0 -9999.0 -9999.0 -9999.0 -9999.0 -9999.0 -9999.0 -9999.0 -9999.0 -9999.0 -9999.0 -9999.0 -9999.0 -9999.0 -9999.0 -9999.0 -9999.0 -9999.0 -9999.0 -9999.0 -9999.0 -9999.0 -9999.0 -9999.0 -9999.0 -9999.0 -9999.0 -9999.0 -9999.0 -9999.0 -9999.0 -9999.0 -9999.0 -9999.0 -9999.0 -9999.0 -9999.0
-9999.0 -9999.0 473.577017 375.677112 277.109668 178.229799 79.217694 -19.846964 -118.926146 -218.002744 -317.056652 -416.058289 -514.947295 -613.598005 -711.852770 -810.270262 -908.517141 -1006.562267 -1104.391236 -1200.051001 -1293.012790 -1381.115777 -1461.528408 -1531.697035 -1590.187425 -1636.930222 -1672.948927 -1699.876558 -1719.517086 -1733.559427 -1743.439327 -1750.302104 -1755.021198 -1758.240979 -1760.425533 -1761.905544 -1762.926089 -1763.728089 -1764.803103 -1767.613267 -1774.341388 -1766.867291 -1333.711398 -1522.293301 -1470.515313 -1437.714989 -1422.790419 -1420.734472 -1420.522060 -1420.542712 -1420.596496 -1420.654263 -1420.709750 -1420.761117 -1420.808740 -1420.863723 -1421.033567 -1422.213460 -1429.939315 -1447.502108 -1469.355559 -1266.291469 -1733.309901 -1767.024325 -1766.234815 -1765.291439 -1765.063596 -1765.022238 -1765.015867 -1765.015390 -1765.015815 -1765.016291 -1765.016684 -1765.016992 -1765.017232 -1765.017422 -1765.017576 -1765.017703 -1765.017813 -1765.017914 -1765.018014 -1765.018125 -1765.018262 -1765.018447 -1765.018715 -1765.019120 -1765.019749 -1765.020750 -1765.022378 -1765.025080 -1765.029684 -1765.037755 -1765.052343 -1765.079528 -1765.131696 -1765.234892 -1765.446731 -1765.903892 -1766.957422 -1769.595465 -1776.978925 -1801.063488 -9999.0 -9999.0
-9999.0 -9999.0 473.582911 375.678748 277.110123 178.229937 79.217739 -19.846949 -118.926140 -218.002742 -317.056651 -416.058289 -514.947294 -613.598005 -711.852770 -810.270262 -908.517141 -1006.562268 -1104.391236 -1200.051001 -1293.012790 -1381.115777 -1461.528408 -1531.697035 -1590.187425 -1636.930222 -1672.948927 -1699.876559 -1719.517086 -1733.559427 -1743.439327 -1750.302104 -1755.021198 -1758.240979 -1760.425533 -1761.905544 -1762.926089 -1763.728089 -1764.803103 -1767.613267 -1774.341388 -1766.867291 -1333.711398 -1522.293301 -1470.515313 -1437.714989 -1422.790419 -1420.734472 -1420.522060 -1420.542712 -1420.596496 -1420.654263 -1420.709750 -1420.761117 -1420.808740 -1420.863723 -1421.033567 -1422.213460 -1429.939315 -1447.502108 -1469.355559 -1266.291469 -1733.309901 -1767.024325 -1766.234815 -1765.291439 -1765.063596 -1765.022238 -1765.015867 -1765.015390 -1765.015815 -1765.016291 -1765.016684 -1765.016992 -1765.017232 -1765.017422 -1765.017576 -1765.017703 -1765.017813 -1765.017914 -1765.018014 -1765.018125 -1765.018262 -1765.018447 -1765.018715 -1765.019120 -1765.019749 -1765.020750 -1765.022378 -1765.025080 -1765.029684 -1765.037755 -1765.052343 -1765.079528 -1765.131696 -1765.234892 -1765.446731 -1765.903892 -1766.957422 -1769.595465 -1776.978925 -1801.063488 -9999.0 -9999.0
-9999.0 -9999.0 473.584308 375.679483 277.110418 178.230046 79.217778 -19.846935 -118.926135 -218.002740 -317.056650 -416.058288 -514.947294 -613.598005 -711.852770 -810.270262 -908.517141 -1006.562268 -1104.391236 -1200.051001 -1293.012791 -1381.115777 -1461.528408 -1531.697036 -1590.187425 -1636.930222 -1672.948927 -1699.876559 -1719.517086 -1733.559427 -1743.439327 -1750.302104 -1755.021198 -1758.240979 -1760.425533 -1761.905544 -1762.926089 -1763.728089 -1764.803103 -1767.613267 -1774.341388 -1766.867291 -1333.711398 -1522.293301 -1470.515313 -1437.714988 -1422.790419 -1420.734472 -1420.522060 -1420.542712 -1420.596496 -1420.654263 -1420.709750 -1420.761117 -1420.808740 -1420.863723 -1421.033567 -1422.213460 -1429.939315 -1447.502108 -1469.355559 -1266.291469 -1733.309901 -1767.024325 -1766.234815 -1765.291439 -1765.063596 -1765.022238 -1765.015867 -1765.015390 -1765.015815 -1765.016291 -1765.016684 -1765.016992 -1765.017232 -1765.017422 -1765.017576 -1765.017703 -1765.017813 -1765.017914 -1765.018014 -1765.018125 -1765.018262 -1765.018447 -1765.018715 -1765.019120 -1765.019749 -1765.020750 -1765.022378 -1765.025080 -1765.029684 -1765.037755 -1765.052343 -1765.079528 -1765.131696 -1765.234892 -1765.446731 -1765.903892 -1766.957422 -1769.595465 -1776.978925 -1801.063488 -9999.0 -9999.0
-9999.0 -9999.0 473.584308 375.679483 277.110419 178.230046 79.217778 -19.846935 -118.926135 -218.002740 -317.056650 -416.058288 -514.947294 -613.598005 -711.852770 -810.270262 -908.517141 -1006.562268 -1104.391236 -1200.051001 -1293.012790 -1381.115777 -1461.528408 -1531.697036 -1590.187425 -1636.930222 -1672.948927 -1699.876559 -1719.517086 -1733.559427 -1743.439327 -1750.302104 -1755.021198 -1758.240979 -1760.425533 -1761.905544 -1762.926089 -1763.728089 -1764.803103 -1767.613267 -1774.341388 -1766.867291 -1333.711398 -1522.293301 -1470.515313 -1437.714988 -1422.790419 -1420.734472 -1420.522060 -1420.542712 -1420.596496 -1420.654263 -1420.709750 -1420.761117 -1420.808740 -1420.863723 -1421.033567 -1422.213460 -1429.939315 -1447.502108 -1469.355559 -1266.291469 -1733.309901 -1767.024325 -1766.234815 -1765.291439 -1765.063596 -1765.022238 -1765.015867 -1765.015390 -1765.015815 -1765.016291 -1765.016684 -1765.016992 -1765.017232 -1765.017422 -1765.017576 -1765.017703 -1765.017813 -1765.017914 -1765.018014 -1765.018125 -1765.018262 -1765.018447 -1765.018715 -1765.019120 -1765.019749 -1765.020750 -1765.022378 -1765.025080 -1765.029684 -1765.037755 -1765.052343 -1765.079528 -1765.131696 -1765.234892 -1765.446731 -1765.903892 -1766.957422 -1769.595465 -1776.978925 -1801.063488 -9999.0 -9999.0
-9999.0 -9999.0 473.582911 375.678748 277.110123 178.229937 79.217739 -19.846949 -118.926140 -218.002742 -317.056651 -416.058289 -514.947294 -613.598005 -711.852770 -810.270262 -908.517141 -1006.562268 -1104.391236 -1200.051001 -1293.012790 -1381.115777 -1461.528408 -1531.697035 -1590.187425 -1636.930222 -1672.948927 -1699.876559 -1719.517086 -1733.559427 -1743.439327 -1750.302104 -1755.021198 -1758.240979 -1760.425533 -1761.905544 -1762.926089 -1763.728089 -1764.803103 -1767.613267 -1774.341388 -1766.867291 -1333.711398 -1522.293301 -1470.515313 -1437.714989 -1422.790419 -1420.734472 -1420.522060 -1420.542712 -1420.596496 -1420.654263 -1420.709750 -1420.761117 -1420.808740 -1420.863723 -1421.033567 -1422.213460 -1429.939315 -1447.502108 -1469.355559 -1266.291469 -1733.309901 -1767.024325 -1766.234815 -1765.291439 -1765.063596 -1765.022238 -1765.015867 -1765.015390 -1765.015815 -1765.016291 -1765.016684 -1765.016992 -1765.017232 -1765.017422 -1765.017576 -1765.017703 -1765.017813 -1765.017914 -1765.018014 -1765.018125 -1765.018262 -1765.018447 -1765.018715 -1765.019120 -1765.019749 -1765.020750 -1765.022378 -1765.025080 -1765.029684 -1765.037755 -1765.052343 -1765.079528 -1765.131696 -1765.234892 -1765.446731 -1765.903892 -1766.957422 -1769.595465 -1776.978925 -1801.063488 -9999.0 -9999.0
-9999.0 -9999.0 473.577017 375.677112 277.109668 178.229799 79.217694 -19.846965 -118.926146 -218.002744 -317.056652 -416.058289 -514.947295 -613.598005 -711.852770 -810.270262 -908.517141 -1006.562267 -1104.391236 -1200.051001 -1293.012790 -1381.115777 -1461.528408 -1531.697035 -1590.187425 -1636.930222 -1672.948927 -1699.876558 -1719.517086 -1733.559427 -1743.439327 -1750.302104 -1755.021198 -1758.240979 -1760.425533 -1761.905544 -1762.926089 -1763.728089 -1764.803103 -1767.613267 -1774.341388 -1766.867291 -1333.711398 -1522.293301 -1470.515313 -1437.714989 -1422.790419 -1420.734472 -1420.522060 -1420.542712 -1420.596496 -1420.654263 -1420.709750 -1420.761117 -1420.808740 -1420.863723 -1421.033567 -1422.213460 -1429.939315 -1447.502108 -1469.355559 -1266.291469 -1733.309901 -1767.024325 -1766.234815 -1765.291439 -1765.063596 -1765.022238 -1765.015867 -1765.015390 -1765.015815 -1765.016291 -1765.016684 -1765.016992 -1765.017232 -1765.017422 -1765.017576 -1765.017703 -1765.017813 -1765.017914 -1765.018014 -1765.018125 -1765.018262 -1765.018447 -1765.018715 -1765.019120 -1765.019749 -1765.020750 -1765.022378 -1765.025080 -1765.029684 -1765.037755 -1765.052343 -1765.079528 -1765.131696 -1765.234892 -1765.446731 -1765.903892 -1766.957422 -1769.595465 -1776.978925 -1801.063488 -9999.0 -9999.0
-9999.0 -9999.0 -9999.0 -9999.0 -9999.0 -9999.0 -9999.0 -9999.0 -9999.0 -9999.0 -9999.0 -9999.0 -9999.0 -9999.0 -9999.0 -9999.0 -9999.0 -9999.0 -9999.0 -9999.0 -9999.0 -9999.0 -9999.0 -9999.0 -9999.0 -9999.0 -9999.0 -9999.0 -9999.0 -9999.0 -9999.0 -9999.0 -9999.0 -9999.0 -9999.0 -9999.0 -9999.0 -9999.0 -9999.0 -9999.0 -9999.0 -9999.0 -9999.0 -9999.0 -9999.0 -9999.0 -9999.0 -9999.0 -9999.0 -9999.0 -9999.0 -9999.0 -9999.0 -9999.0 -9999.0 -9999.0 -9999.0 -9999.0 -9999.0 -9999.0 -9999.0 -9999.0 -9999.0 -9999.0 -9999.0 -9999.0 -9999.0 -9999.0 -9999.0 -9999.0 -9999.0 -9999.0 -9999.0 -9999.0 -9999.0 -9999.0 -9999.0 -9999.0 -9999.0 -9999.0 -9999.0 -9999.0 -9999.0 -9999.0 -9999.0 -9999.0 -9999.0 -9999.0 -9999.0 -9999.0 -9999.0 -9999.0 -9999.0 -9999.0 -9999.0 -9999.0 -9999.0 -9999.0 -9999.0 -9999.0 -9999.0 -9999.0 -9999.0 -9999.0
-9999.0 -9999.0 -9999.0 -9999.0 -9999.0 -9999.0 -9999.0 -9999.0 -9999.0 -9999.0 -9999.0 -9999.0 -9999.0 -9999.0 -9999.0 -9999.0 -9999.0 -9999.0 -9999.0 -9999.0 -9999.0 -9999.0 -9999.0 -9999.0 -9999.0 -9999.0 -9999.0 -9999.0 -9999.0 -9999.0 -9999.0 -9999.0 -9999.0 -9999.0 -9999.0 -9999.0 -9999.0 -9999.0 -9999.0 -9999.0 -9999.0 -9999.0 -9999.0 -9999.0 -9999.0 -9999.0 -9999.0 -9999.0 -9999.0 -9999.0 -9999.0 -9999.0 -9999.0 -9999.0 -9999.0 -9999.0 -9999.0 -9999.0 -9999.0 -9999.0 -9999.0 -9999.0 -9999.0 -9999.0 -9999.0 -9999.0 -9999.0 -9999.0 -9999.0 -9999.0 -9999.0 -9999.0 -9999.0 -9999.0 -9999.0 -9999.0 -9999.0 -9999.0 -9999.0 -9999.0 -9999.0 -9999.0 -9999.0 -9999.0 -9999.0 -9999.0 -9999.0 -9999.0 -9999.0 -9999.0 -9999.0 -9999.0 -9999.0 -9999.0 -9999.0 -9999.0 -9999.0 -9999.0 -9999.0 -9999.0 -9999.0 -9999.0 -9999.0 -9999.0