inst/processing_geotop_simulation/geotop_simulation/out/maps3D/PwL0002N0013.asc
ncols         104
nrows         10
xllcorner     -2.000000
yllcorner     0.000000
cellsize      1.000000
NODATA_value  -9999.0
-9999.0 -9999.0 -9999.0 -9999.0 -9999.0 -9999.0 -9999.0 -9999.0 -9999.0 -9999.0 -9999.0 -9999.0 -9999.0 -9999.0 -9999.0 -9999.0 -9999.0 -9999.0 -9999.0 -9999.0 -9999.0 -9999.0 -9999.0 -9999.0 -9999.0 -9999.0 -9999.0 -9999.0 -9999.0 -9999.0 -9999.0 -9999.0 -9999.0 -9999.0 -9999.0 -9999.0 -9999.0 -9999.0 -9999.0 -9999.0 -9999.0 -9999.0 -9999.0 -9999.0 -9999.0 -9999.0 -9999.0 -9999.0 -9999.0 -9999.0 -9999.0 -9999.0 -9999.0 -9999.0 -9999.0 -9999.0 -9999.0 -9999.0 -9999.0 -9999.0 -9999.0 -9999.0 -9999.0 -9999.0 -9999.0 -9999.0 -9999.0 -9999.0 -9999.0 -9999.0 -9999.0 -9999.0 -9999.0 -9999.0 -9999.0 -9999.0 -9999.0 -9999.0 -9999.0 -9999.0 -9999.0 -9999.0 -9999.0 -9999.0 -9999.0 -9999.0 -9999.0 -9999.0 -9999.0 -9999.0 -9999.0 -9999.0 -9999.0 -9999.0 -9999.0 -9999.0 -9999.0 -9999.0 -9999.0 -9999.0 -9999.0 -9999.0 -9999.0 -9999.0
-9999.0 -9999.0 -9999.0 -9999.0 -9999.0 -9999.0 -9999.0 -9999.0 -9999.0 -9999.0 -9999.0 -9999.0 -9999.0 -9999.0 -9999.0 -9999.0 -9999.0 -9999.0 -9999.0 -9999.0 -9999.0 -9999.0 -9999.0 -9999.0 -9999.0 -9999.0 -9999.0 -9999.0 -9999.0 -9999.0 -9999.0 -9999.0 -9999.0 -9999.0 -9999.0 -9999.0 -9999.0 -9999.0 -9999.0 -9999.0 -9999.0 -9999.0 -9999.0 -9999.0 -9999.0 -9999.0 -9999.0 -9999.0 -9999.0 -9999.0 -9999.0 -9999.0 -9999.0 -9999.0 -9999.0 -9999.0 -9999.0 -9999.0 -9999.0 -9999.0 -9999.0 -9999.0 -9999.0 -9999.0 -9999.0 -9999.0 -9999.0 -9999.0 -9999.0 -9999.0 -9999.0 -9999.0 -9999.0 -9999.0 -9999.0 -9999.0 -9999.0 -9999.0 -9999.0 -9999.0 -9999.0 -9999.0 -9999.0 -9999.0 -9999.0 -9999.0 -9999.0 -9999.0 -9999.0 -9999.0 -9999.0 -9999.0 -9999.0 -9999.0 -9999.0 -9999.0 -9999.0 -9999.0 -9999.0 -9999.0 -9999.0 -9999.0 -9999.0 -9999.0
-9999.0 -9999.0 78.598139 -11.659785 -99.202973 -177.306405 -236.054059 -270.139768 -279.709756 -264.504771 -352.109922 -252.719778 -187.227681 -134.241528 -55.122296 43.689880 32.700066 6.091809 -29.429690 -70.419366 -114.643168 -159.849383 -203.149299 -241.705956 -273.018314 -296.991859 -314.612736 -327.332844 -336.008429 -341.841178 -345.665624 -348.142826 -349.509504 -350.042767 -349.694628 -348.318997 -345.567583 -340.730497 -332.574664 -318.860553 -295.286663 -254.027520 -466.083892 -412.603370 -368.166648 -338.999469 -324.333447 -322.749806 -322.586084 -322.570369 -322.569594 -322.570288 -322.571087 -322.571860 -322.572657 -322.574149 -322.582750 -322.620546 -322.720760 -323.203667 -325.858334 -326.852213 41.896453 -37.561834 -115.058515 -184.010151 -238.967133 -278.729866 -305.755442 -323.507713 -335.011347 -342.414845 -347.167692 -350.230800 -352.223258 -353.504411 -354.331384 -354.869433 -355.232918 -355.462009 -355.624208 -355.746604 -355.850655 -355.941280 -356.054397 -356.210310 -356.432343 -356.773772 -357.306854 -358.138892 -359.443990 -361.491715 -364.693674 -369.673682 -377.354135 -389.051438 -406.549897 -432.100030 -468.314600 -518.073384 -584.468469 -670.166021 -9999.0 -9999.0
-9999.0 -9999.0 78.714149 -11.629999 -99.193854 -177.303455 -236.053143 -270.139492 -279.709674 -264.504748 -352.109919 -252.719776 -187.227680 -134.241528 -55.122296 43.689880 32.700065 6.091809 -29.429690 -70.419366 -114.643168 -159.849383 -203.149299 -241.705956 -273.018314 -296.991859 -314.612736 -327.332844 -336.008430 -341.841178 -345.665624 -348.142827 -349.509505 -350.042768 -349.694629 -348.318997 -345.567583 -340.730498 -332.574665 -318.860554 -295.286663 -254.027521 -466.083892 -412.603370 -368.166648 -338.999468 -324.333447 -322.749806 -322.586084 -322.570369 -322.569594 -322.570288 -322.571087 -322.571860 -322.572657 -322.574149 -322.582750 -322.620546 -322.720760 -323.203667 -325.858334 -326.852213 41.896453 -37.561834 -115.058515 -184.010151 -238.967133 -278.729866 -305.755442 -323.507713 -335.011347 -342.414845 -347.167692 -350.230800 -352.223258 -353.504411 -354.331384 -354.869433 -355.232918 -355.462009 -355.624208 -355.746604 -355.850655 -355.941280 -356.054397 -356.210310 -356.432343 -356.773772 -357.306854 -358.138892 -359.443990 -361.491715 -364.693674 -369.673683 -377.354135 -389.051438 -406.549897 -432.100031 -468.314600 -518.073384 -584.468468 -670.166021 -9999.0 -9999.0
-9999.0 -9999.0 78.735801 -11.616027 -99.187601 -177.301049 -236.052330 -270.139236 -279.709596 -264.504724 -352.109915 -252.719774 -187.227679 -134.241528 -55.122295 43.689880 32.700065 6.091809 -29.429690 -70.419366 -114.643168 -159.849383 -203.149299 -241.705956 -273.018314 -296.991859 -314.612736 -327.332844 -336.008430 -341.841178 -345.665624 -348.142827 -349.509505 -350.042769 -349.694629 -348.318997 -345.567583 -340.730498 -332.574665 -318.860554 -295.286664 -254.027520 -466.083892 -412.603370 -368.166648 -338.999468 -324.333447 -322.749806 -322.586084 -322.570369 -322.569594 -322.570288 -322.571087 -322.571860 -322.572657 -322.574149 -322.582750 -322.620546 -322.720760 -323.203667 -325.858334 -326.852213 41.896453 -37.561834 -115.058515 -184.010151 -238.967133 -278.729866 -305.755442 -323.507713 -335.011347 -342.414845 -347.167692 -350.230800 -352.223258 -353.504411 -354.331384 -354.869433 -355.232918 -355.462009 -355.624208 -355.746604 -355.850655 -355.941280 -356.054397 -356.210310 -356.432343 -356.773772 -357.306854 -358.138892 -359.443990 -361.491715 -364.693674 -369.673682 -377.354135 -389.051438 -406.549897 -432.100030 -468.314600 -518.073384 -584.468469 -670.166021 -9999.0 -9999.0
-9999.0 -9999.0 78.735801 -11.616027 -99.187601 -177.301049 -236.052330 -270.139236 -279.709596 -264.504724 -352.109915 -252.719774 -187.227679 -134.241528 -55.122295 43.689880 32.700065 6.091809 -29.429690 -70.419366 -114.643168 -159.849383 -203.149299 -241.705956 -273.018314 -296.991859 -314.612736 -327.332844 -336.008430 -341.841178 -345.665624 -348.142827 -349.509505 -350.042769 -349.694629 -348.318997 -345.567583 -340.730498 -332.574665 -318.860554 -295.286664 -254.027520 -466.083892 -412.603370 -368.166648 -338.999468 -324.333447 -322.749806 -322.586084 -322.570369 -322.569594 -322.570288 -322.571087 -322.571860 -322.572657 -322.574149 -322.582750 -322.620546 -322.720760 -323.203667 -325.858334 -326.852213 41.896453 -37.561834 -115.058515 -184.010151 -238.967133 -278.729866 -305.755442 -323.507713 -335.011347 -342.414845 -347.167692 -350.230800 -352.223258 -353.504411 -354.331384 -354.869433 -355.232918 -355.462009 -355.624208 -355.746604 -355.850655 -355.941280 -356.054397 -356.210310 -356.432343 -356.773772 -357.306854 -358.138892 -359.443990 -361.491715 -364.693674 -369.673683 -377.354135 -389.051438 -406.549897 -432.100031 -468.314600 -518.073384 -584.468468 -670.166021 -9999.0 -9999.0
-9999.0 -9999.0 78.714149 -11.629999 -99.193854 -177.303455 -236.053143 -270.139492 -279.709674 -264.504748 -352.109919 -252.719776 -187.227680 -134.241528 -55.122296 43.689880 32.700065 6.091809 -29.429690 -70.419366 -114.643168 -159.849383 -203.149299 -241.705956 -273.018314 -296.991859 -314.612736 -327.332844 -336.008430 -341.841178 -345.665624 -348.142827 -349.509505 -350.042768 -349.694629 -348.318997 -345.567583 -340.730498 -332.574665 -318.860554 -295.286663 -254.027521 -466.083892 -412.603370 -368.166648 -338.999468 -324.333447 -322.749806 -322.586084 -322.570369 -322.569594 -322.570288 -322.571087 -322.571860 -322.572657 -322.574149 -322.582750 -322.620546 -322.720760 -323.203667 -325.858334 -326.852213 41.896453 -37.561834 -115.058515 -184.010151 -238.967133 -278.729866 -305.755442 -323.507713 -335.011347 -342.414845 -347.167692 -350.230800 -352.223258 -353.504411 -354.331384 -354.869433 -355.232918 -355.462009 -355.624208 -355.746604 -355.850655 -355.941280 -356.054397 -356.210310 -356.432343 -356.773772 -357.306854 -358.138892 -359.443990 -361.491715 -364.693674 -369.673682 -377.354135 -389.051438 -406.549897 -432.100030 -468.314600 -518.073384 -584.468469 -670.166021 -9999.0 -9999.0
-9999.0 -9999.0 78.598139 -11.659785 -99.202973 -177.306405 -236.054059 -270.139768 -279.709756 -264.504771 -352.109922 -252.719778 -187.227681 -134.241528 -55.122296 43.689880 32.700066 6.091809 -29.429690 -70.419366 -114.643168 -159.849383 -203.149299 -241.705956 -273.018314 -296.991859 -314.612736 -327.332844 -336.008429 -341.841178 -345.665624 -348.142826 -349.509504 -350.042767 -349.694628 -348.318997 -345.567583 -340.730497 -332.574664 -318.860553 -295.286663 -254.027520 -466.083892 -412.603370 -368.166648 -338.999469 -324.333447 -322.749806 -322.586084 -322.570369 -322.569594 -322.570288 -322.571087 -322.571860 -322.572657 -322.574149 -322.582750 -322.620546 -322.720760 -323.203667 -325.858334 -326.852213 41.896453 -37.561834 -115.058515 -184.010151 -238.967133 -278.729866 -305.755442 -323.507713 -335.011347 -342.414845 -347.167692 -350.230800 -352.223258 -353.504411 -354.331384 -354.869433 -355.232918 -355.462009 -355.624208 -355.746604 -355.850655 -355.941280 -356.054397 -356.210310 -356.432343 -356.773772 -357.306854 -358.138892 -359.443990 -361.491715 -364.693674 -369.673683 -377.354135 -389.051438 -406.549897 -432.100031 -468.314600 -518.073384 -584.468468 -670.166021 -9999.0 -9999.0
-9999.0 -9999.0 -9999.0 -9999.0 -9999.0 -9999.0 -9999.0 -9999.0 -9999.0 -9999.0 -9999.0 -9999.0 -9999.0 -9999.0 -9999.0 -9999.0 -9999.0 -9999.0 -9999.0 -9999.0 -9999.0 -9999.0 -9999.0 -9999.0 -9999.0 -9999.0 -9999.0 -9999.0 -9999.0 -9999.0 -9999.0 -9999.0 -9999.0 -9999.0 -9999.0 -9999.0 -9999.0 -9999.0 -9999.0 -9999.0 -9999.0 -9999.0 -9999.0 -9999.0 -9999.0 -9999.0 -9999.0 -9999.0 -9999.0 -9999.0 -9999.0 -9999.0 -9999.0 -9999.0 -9999.0 -9999.0 -9999.0 -9999.0 -9999.0 -9999.0 -9999.0 -9999.0 -9999.0 -9999.0 -9999.0 -9999.0 -9999.0 -9999.0 -9999.0 -9999.0 -9999.0 -9999.0 -9999.0 -9999.0 -9999.0 -9999.0 -9999.0 -9999.0 -9999.0 -9999.0 -9999.0 -9999.0 -9999.0 -9999.0 -9999.0 -9999.0 -9999.0 -9999.0 -9999.0 -9999.0 -9999.0 -9999.0 -9999.0 -9999.0 -9999.0 -9999.0 -9999.0 -9999.0 -9999.0 -9999.0 -9999.0 -9999.0 -9999.0 -9999.0
-9999.0 -9999.0 -9999.0 -9999.0 -9999.0 -9999.0 -9999.0 -9999.0 -9999.0 -9999.0 -9999.0 -9999.0 -9999.0 -9999.0 -9999.0 -9999.0 -9999.0 -9999.0 -9999.0 -9999.0 -9999.0 -9999.0 -9999.0 -9999.0 -9999.0 -9999.0 -9999.0 -9999.0 -9999.0 -9999.0 -9999.0 -9999.0 -9999.0 -9999.0 -9999.0 -9999.0 -9999.0 -9999.0 -9999.0 -9999.0 -9999.0 -9999.0 -9999.0 -9999.0 -9999.0 -9999.0 -9999.0 -9999.0 -9999.0 -9999.0 -9999.0 -9999.0 -9999.0 -9999.0 -9999.0 -9999.0 -9999.0 -9999.0 -9999.0 -9999.0 -9999.0 -9999.0 -9999.0 -9999.0 -9999.0 -9999.0 -9999.0 -9999.0 -9999.0 -9999.0 -9999.0 -9999.0 -9999.0 -9999.0 -9999.0 -9999.0 -9999.0 -9999.0 -9999.0 -9999.0 -9999.0 -9999.0 -9999.0 -9999.0 -9999.0 -9999.0 -9999.0 -9999.0 -9999.0 -9999.0 -9999.0 -9999.0 -9999.0 -9999.0 -9999.0 -9999.0 -9999.0 -9999.0 -9999.0 -9999.0 -9999.0 -9999.0 -9999.0 -9999.0