inst/processing_geotop_simulation/geotop_simulation/out/maps3D/PwL0008N0066.asc
ncols         104
nrows         10
xllcorner     -2.000000
yllcorner     0.000000
cellsize      1.000000
NODATA_value  -9999.0
-9999.0 -9999.0 -9999.0 -9999.0 -9999.0 -9999.0 -9999.0 -9999.0 -9999.0 -9999.0 -9999.0 -9999.0 -9999.0 -9999.0 -9999.0 -9999.0 -9999.0 -9999.0 -9999.0 -9999.0 -9999.0 -9999.0 -9999.0 -9999.0 -9999.0 -9999.0 -9999.0 -9999.0 -9999.0 -9999.0 -9999.0 -9999.0 -9999.0 -9999.0 -9999.0 -9999.0 -9999.0 -9999.0 -9999.0 -9999.0 -9999.0 -9999.0 -9999.0 -9999.0 -9999.0 -9999.0 -9999.0 -9999.0 -9999.0 -9999.0 -9999.0 -9999.0 -9999.0 -9999.0 -9999.0 -9999.0 -9999.0 -9999.0 -9999.0 -9999.0 -9999.0 -9999.0 -9999.0 -9999.0 -9999.0 -9999.0 -9999.0 -9999.0 -9999.0 -9999.0 -9999.0 -9999.0 -9999.0 -9999.0 -9999.0 -9999.0 -9999.0 -9999.0 -9999.0 -9999.0 -9999.0 -9999.0 -9999.0 -9999.0 -9999.0 -9999.0 -9999.0 -9999.0 -9999.0 -9999.0 -9999.0 -9999.0 -9999.0 -9999.0 -9999.0 -9999.0 -9999.0 -9999.0 -9999.0 -9999.0 -9999.0 -9999.0 -9999.0 -9999.0
-9999.0 -9999.0 -9999.0 -9999.0 -9999.0 -9999.0 -9999.0 -9999.0 -9999.0 -9999.0 -9999.0 -9999.0 -9999.0 -9999.0 -9999.0 -9999.0 -9999.0 -9999.0 -9999.0 -9999.0 -9999.0 -9999.0 -9999.0 -9999.0 -9999.0 -9999.0 -9999.0 -9999.0 -9999.0 -9999.0 -9999.0 -9999.0 -9999.0 -9999.0 -9999.0 -9999.0 -9999.0 -9999.0 -9999.0 -9999.0 -9999.0 -9999.0 -9999.0 -9999.0 -9999.0 -9999.0 -9999.0 -9999.0 -9999.0 -9999.0 -9999.0 -9999.0 -9999.0 -9999.0 -9999.0 -9999.0 -9999.0 -9999.0 -9999.0 -9999.0 -9999.0 -9999.0 -9999.0 -9999.0 -9999.0 -9999.0 -9999.0 -9999.0 -9999.0 -9999.0 -9999.0 -9999.0 -9999.0 -9999.0 -9999.0 -9999.0 -9999.0 -9999.0 -9999.0 -9999.0 -9999.0 -9999.0 -9999.0 -9999.0 -9999.0 -9999.0 -9999.0 -9999.0 -9999.0 -9999.0 -9999.0 -9999.0 -9999.0 -9999.0 -9999.0 -9999.0 -9999.0 -9999.0 -9999.0 -9999.0 -9999.0 -9999.0 -9999.0 -9999.0
-9999.0 -9999.0 -115.114475 -216.500212 -322.019339 -436.630269 -565.116751 -708.063352 -849.821730 -952.960580 -975.916092 -952.527007 -923.716794 -895.686328 -928.981596 -971.306685 -1014.889133 -1060.854161 -1056.617824 -1044.381841 -1032.678187 -1024.901817 -1021.545856 -1021.930335 -1025.014678 -1029.726451 -1035.090191 -1040.329041 -1044.941504 -1048.703483 -1051.597840 -1053.725429 -1055.233720 -1056.271044 -1056.964381 -1057.414478 -1057.710404 -1057.964352 -1058.246312 -1058.576809 -1063.130790 -1114.554884 -1471.545725 -1705.264922 -1561.536995 -1483.093925 -1448.402732 -1444.309744 -1443.903795 -1443.939393 -1444.035516 -1444.138592 -1444.237478 -1444.328948 -1444.413548 -1444.509763 -1444.803988 -1446.985752 -1464.251263 -1504.389234 -1577.603241 -1312.617348 -1096.817085 -1062.271782 -1058.980330 -1058.487469 -1058.385100 -1058.366916 -1058.366973 -1058.370259 -1058.373500 -1058.376092 -1058.378055 -1058.379532 -1058.380656 -1058.381525 -1058.382212 -1058.382763 -1058.383217 -1058.383613 -1058.383992 -1058.384402 -1058.384908 -1058.385600 -1058.386615 -1058.388166 -1058.390593 -1058.394450 -1058.400661 -1058.410807 -1058.427680 -1058.456383 -1058.506579 -1058.597082 -1058.765174 -1059.085122 -1059.704444 -1060.916742 -1063.325324 -1068.278286 -1079.111087 -1105.120429 -9999.0 -9999.0
-9999.0 -9999.0 -115.114475 -216.500211 -322.019338 -436.630268 -565.116749 -708.063351 -849.821730 -952.960580 -975.916092 -952.527007 -923.716793 -895.686328 -928.981596 -971.306685 -1014.889133 -1060.854161 -1056.617824 -1044.381841 -1032.678187 -1024.901817 -1021.545856 -1021.930335 -1025.014678 -1029.726451 -1035.090191 -1040.329041 -1044.941504 -1048.703483 -1051.597840 -1053.725429 -1055.233720 -1056.271044 -1056.964381 -1057.414478 -1057.710404 -1057.964352 -1058.246312 -1058.576809 -1063.130790 -1114.554883 -1471.545725 -1705.264921 -1561.536994 -1483.093923 -1448.402732 -1444.309744 -1443.903795 -1443.939393 -1444.035516 -1444.138592 -1444.237478 -1444.328948 -1444.413548 -1444.509763 -1444.803988 -1446.985752 -1464.251263 -1504.389234 -1577.603241 -1312.617348 -1096.817085 -1062.271782 -1058.980330 -1058.487469 -1058.385100 -1058.366916 -1058.366973 -1058.370259 -1058.373500 -1058.376092 -1058.378055 -1058.379532 -1058.380656 -1058.381525 -1058.382212 -1058.382763 -1058.383217 -1058.383613 -1058.383992 -1058.384402 -1058.384908 -1058.385600 -1058.386615 -1058.388166 -1058.390593 -1058.394450 -1058.400661 -1058.410807 -1058.427680 -1058.456383 -1058.506579 -1058.597082 -1058.765174 -1059.085122 -1059.704444 -1060.916742 -1063.325324 -1068.278286 -1079.111087 -1105.120429 -9999.0 -9999.0
-9999.0 -9999.0 -115.114474 -216.500211 -322.019338 -436.630267 -565.116749 -708.063350 -849.821730 -952.960580 -975.916092 -952.527007 -923.716793 -895.686328 -928.981596 -971.306685 -1014.889133 -1060.854161 -1056.617824 -1044.381841 -1032.678187 -1024.901817 -1021.545856 -1021.930335 -1025.014678 -1029.726451 -1035.090191 -1040.329041 -1044.941504 -1048.703483 -1051.597840 -1053.725429 -1055.233720 -1056.271044 -1056.964381 -1057.414478 -1057.710404 -1057.964352 -1058.246312 -1058.576809 -1063.130790 -1114.554883 -1471.545725 -1705.264921 -1561.536994 -1483.093922 -1448.402732 -1444.309744 -1443.903795 -1443.939393 -1444.035516 -1444.138592 -1444.237478 -1444.328948 -1444.413548 -1444.509763 -1444.803988 -1446.985752 -1464.251263 -1504.389234 -1577.603241 -1312.617348 -1096.817085 -1062.271782 -1058.980330 -1058.487469 -1058.385100 -1058.366916 -1058.366973 -1058.370259 -1058.373500 -1058.376092 -1058.378055 -1058.379532 -1058.380656 -1058.381525 -1058.382212 -1058.382763 -1058.383217 -1058.383613 -1058.383992 -1058.384402 -1058.384908 -1058.385600 -1058.386615 -1058.388166 -1058.390593 -1058.394450 -1058.400661 -1058.410807 -1058.427680 -1058.456383 -1058.506579 -1058.597082 -1058.765174 -1059.085122 -1059.704444 -1060.916742 -1063.325324 -1068.278286 -1079.111087 -1105.120429 -9999.0 -9999.0
-9999.0 -9999.0 -115.114474 -216.500211 -322.019338 -436.630267 -565.116749 -708.063350 -849.821730 -952.960580 -975.916092 -952.527007 -923.716793 -895.686328 -928.981596 -971.306685 -1014.889133 -1060.854161 -1056.617824 -1044.381841 -1032.678187 -1024.901817 -1021.545856 -1021.930335 -1025.014678 -1029.726451 -1035.090191 -1040.329041 -1044.941504 -1048.703483 -1051.597840 -1053.725429 -1055.233720 -1056.271044 -1056.964381 -1057.414478 -1057.710404 -1057.964352 -1058.246312 -1058.576809 -1063.130790 -1114.554883 -1471.545725 -1705.264921 -1561.536994 -1483.093922 -1448.402732 -1444.309744 -1443.903795 -1443.939393 -1444.035516 -1444.138592 -1444.237478 -1444.328948 -1444.413548 -1444.509763 -1444.803988 -1446.985752 -1464.251263 -1504.389234 -1577.603241 -1312.617348 -1096.817085 -1062.271782 -1058.980330 -1058.487469 -1058.385100 -1058.366916 -1058.366973 -1058.370259 -1058.373500 -1058.376092 -1058.378055 -1058.379532 -1058.380656 -1058.381525 -1058.382212 -1058.382763 -1058.383217 -1058.383613 -1058.383992 -1058.384402 -1058.384908 -1058.385600 -1058.386615 -1058.388166 -1058.390593 -1058.394450 -1058.400661 -1058.410807 -1058.427680 -1058.456383 -1058.506579 -1058.597082 -1058.765174 -1059.085122 -1059.704444 -1060.916742 -1063.325324 -1068.278286 -1079.111087 -1105.120429 -9999.0 -9999.0
-9999.0 -9999.0 -115.114475 -216.500211 -322.019338 -436.630268 -565.116749 -708.063351 -849.821730 -952.960580 -975.916092 -952.527007 -923.716793 -895.686328 -928.981596 -971.306685 -1014.889133 -1060.854161 -1056.617824 -1044.381841 -1032.678187 -1024.901817 -1021.545856 -1021.930335 -1025.014678 -1029.726451 -1035.090191 -1040.329041 -1044.941504 -1048.703483 -1051.597840 -1053.725429 -1055.233720 -1056.271044 -1056.964381 -1057.414478 -1057.710404 -1057.964352 -1058.246312 -1058.576809 -1063.130790 -1114.554883 -1471.545725 -1705.264921 -1561.536994 -1483.093923 -1448.402732 -1444.309744 -1443.903795 -1443.939393 -1444.035516 -1444.138592 -1444.237478 -1444.328948 -1444.413548 -1444.509763 -1444.803988 -1446.985752 -1464.251263 -1504.389234 -1577.603241 -1312.617348 -1096.817085 -1062.271782 -1058.980330 -1058.487469 -1058.385100 -1058.366916 -1058.366973 -1058.370259 -1058.373500 -1058.376092 -1058.378055 -1058.379532 -1058.380656 -1058.381525 -1058.382212 -1058.382763 -1058.383217 -1058.383613 -1058.383992 -1058.384402 -1058.384908 -1058.385600 -1058.386615 -1058.388166 -1058.390593 -1058.394450 -1058.400661 -1058.410807 -1058.427680 -1058.456383 -1058.506579 -1058.597082 -1058.765174 -1059.085122 -1059.704444 -1060.916742 -1063.325324 -1068.278286 -1079.111087 -1105.120429 -9999.0 -9999.0
-9999.0 -9999.0 -115.114475 -216.500212 -322.019339 -436.630269 -565.116750 -708.063352 -849.821730 -952.960580 -975.916092 -952.527007 -923.716794 -895.686328 -928.981596 -971.306685 -1014.889133 -1060.854161 -1056.617824 -1044.381841 -1032.678187 -1024.901817 -1021.545856 -1021.930335 -1025.014678 -1029.726451 -1035.090191 -1040.329041 -1044.941504 -1048.703483 -1051.597840 -1053.725429 -1055.233720 -1056.271044 -1056.964381 -1057.414478 -1057.710404 -1057.964352 -1058.246312 -1058.576809 -1063.130790 -1114.554884 -1471.545725 -1705.264922 -1561.536995 -1483.093925 -1448.402732 -1444.309744 -1443.903795 -1443.939393 -1444.035516 -1444.138592 -1444.237478 -1444.328948 -1444.413548 -1444.509763 -1444.803988 -1446.985752 -1464.251263 -1504.389234 -1577.603241 -1312.617348 -1096.817085 -1062.271782 -1058.980330 -1058.487469 -1058.385100 -1058.366916 -1058.366973 -1058.370259 -1058.373500 -1058.376092 -1058.378055 -1058.379532 -1058.380656 -1058.381525 -1058.382212 -1058.382763 -1058.383217 -1058.383613 -1058.383992 -1058.384402 -1058.384908 -1058.385600 -1058.386615 -1058.388166 -1058.390593 -1058.394450 -1058.400661 -1058.410807 -1058.427680 -1058.456383 -1058.506579 -1058.597082 -1058.765174 -1059.085122 -1059.704444 -1060.916742 -1063.325324 -1068.278286 -1079.111087 -1105.120429 -9999.0 -9999.0
-9999.0 -9999.0 -9999.0 -9999.0 -9999.0 -9999.0 -9999.0 -9999.0 -9999.0 -9999.0 -9999.0 -9999.0 -9999.0 -9999.0 -9999.0 -9999.0 -9999.0 -9999.0 -9999.0 -9999.0 -9999.0 -9999.0 -9999.0 -9999.0 -9999.0 -9999.0 -9999.0 -9999.0 -9999.0 -9999.0 -9999.0 -9999.0 -9999.0 -9999.0 -9999.0 -9999.0 -9999.0 -9999.0 -9999.0 -9999.0 -9999.0 -9999.0 -9999.0 -9999.0 -9999.0 -9999.0 -9999.0 -9999.0 -9999.0 -9999.0 -9999.0 -9999.0 -9999.0 -9999.0 -9999.0 -9999.0 -9999.0 -9999.0 -9999.0 -9999.0 -9999.0 -9999.0 -9999.0 -9999.0 -9999.0 -9999.0 -9999.0 -9999.0 -9999.0 -9999.0 -9999.0 -9999.0 -9999.0 -9999.0 -9999.0 -9999.0 -9999.0 -9999.0 -9999.0 -9999.0 -9999.0 -9999.0 -9999.0 -9999.0 -9999.0 -9999.0 -9999.0 -9999.0 -9999.0 -9999.0 -9999.0 -9999.0 -9999.0 -9999.0 -9999.0 -9999.0 -9999.0 -9999.0 -9999.0 -9999.0 -9999.0 -9999.0 -9999.0 -9999.0
-9999.0 -9999.0 -9999.0 -9999.0 -9999.0 -9999.0 -9999.0 -9999.0 -9999.0 -9999.0 -9999.0 -9999.0 -9999.0 -9999.0 -9999.0 -9999.0 -9999.0 -9999.0 -9999.0 -9999.0 -9999.0 -9999.0 -9999.0 -9999.0 -9999.0 -9999.0 -9999.0 -9999.0 -9999.0 -9999.0 -9999.0 -9999.0 -9999.0 -9999.0 -9999.0 -9999.0 -9999.0 -9999.0 -9999.0 -9999.0 -9999.0 -9999.0 -9999.0 -9999.0 -9999.0 -9999.0 -9999.0 -9999.0 -9999.0 -9999.0 -9999.0 -9999.0 -9999.0 -9999.0 -9999.0 -9999.0 -9999.0 -9999.0 -9999.0 -9999.0 -9999.0 -9999.0 -9999.0 -9999.0 -9999.0 -9999.0 -9999.0 -9999.0 -9999.0 -9999.0 -9999.0 -9999.0 -9999.0 -9999.0 -9999.0 -9999.0 -9999.0 -9999.0 -9999.0 -9999.0 -9999.0 -9999.0 -9999.0 -9999.0 -9999.0 -9999.0 -9999.0 -9999.0 -9999.0 -9999.0 -9999.0 -9999.0 -9999.0 -9999.0 -9999.0 -9999.0 -9999.0 -9999.0 -9999.0 -9999.0 -9999.0 -9999.0 -9999.0 -9999.0