inst/processing_geotop_simulation/geotop_simulation/out/maps3D/PwL0010N0298.asc
ncols         104
nrows         10
xllcorner     -2.000000
yllcorner     0.000000
cellsize      1.000000
NODATA_value  -9999.0
-9999.0 -9999.0 -9999.0 -9999.0 -9999.0 -9999.0 -9999.0 -9999.0 -9999.0 -9999.0 -9999.0 -9999.0 -9999.0 -9999.0 -9999.0 -9999.0 -9999.0 -9999.0 -9999.0 -9999.0 -9999.0 -9999.0 -9999.0 -9999.0 -9999.0 -9999.0 -9999.0 -9999.0 -9999.0 -9999.0 -9999.0 -9999.0 -9999.0 -9999.0 -9999.0 -9999.0 -9999.0 -9999.0 -9999.0 -9999.0 -9999.0 -9999.0 -9999.0 -9999.0 -9999.0 -9999.0 -9999.0 -9999.0 -9999.0 -9999.0 -9999.0 -9999.0 -9999.0 -9999.0 -9999.0 -9999.0 -9999.0 -9999.0 -9999.0 -9999.0 -9999.0 -9999.0 -9999.0 -9999.0 -9999.0 -9999.0 -9999.0 -9999.0 -9999.0 -9999.0 -9999.0 -9999.0 -9999.0 -9999.0 -9999.0 -9999.0 -9999.0 -9999.0 -9999.0 -9999.0 -9999.0 -9999.0 -9999.0 -9999.0 -9999.0 -9999.0 -9999.0 -9999.0 -9999.0 -9999.0 -9999.0 -9999.0 -9999.0 -9999.0 -9999.0 -9999.0 -9999.0 -9999.0 -9999.0 -9999.0 -9999.0 -9999.0 -9999.0 -9999.0
-9999.0 -9999.0 -9999.0 -9999.0 -9999.0 -9999.0 -9999.0 -9999.0 -9999.0 -9999.0 -9999.0 -9999.0 -9999.0 -9999.0 -9999.0 -9999.0 -9999.0 -9999.0 -9999.0 -9999.0 -9999.0 -9999.0 -9999.0 -9999.0 -9999.0 -9999.0 -9999.0 -9999.0 -9999.0 -9999.0 -9999.0 -9999.0 -9999.0 -9999.0 -9999.0 -9999.0 -9999.0 -9999.0 -9999.0 -9999.0 -9999.0 -9999.0 -9999.0 -9999.0 -9999.0 -9999.0 -9999.0 -9999.0 -9999.0 -9999.0 -9999.0 -9999.0 -9999.0 -9999.0 -9999.0 -9999.0 -9999.0 -9999.0 -9999.0 -9999.0 -9999.0 -9999.0 -9999.0 -9999.0 -9999.0 -9999.0 -9999.0 -9999.0 -9999.0 -9999.0 -9999.0 -9999.0 -9999.0 -9999.0 -9999.0 -9999.0 -9999.0 -9999.0 -9999.0 -9999.0 -9999.0 -9999.0 -9999.0 -9999.0 -9999.0 -9999.0 -9999.0 -9999.0 -9999.0 -9999.0 -9999.0 -9999.0 -9999.0 -9999.0 -9999.0 -9999.0 -9999.0 -9999.0 -9999.0 -9999.0 -9999.0 -9999.0 -9999.0 -9999.0
-9999.0 -9999.0 474.438438 377.090405 278.900431 180.316074 81.564618 -17.253626 -116.090264 -214.923219 -313.725264 -412.454666 -511.023218 -609.246053 -706.891066 -804.779573 -902.427499 -999.801014 -1096.909280 -1191.031143 -1281.669701 -1366.222376 -1441.685714 -1505.824896 -1557.848236 -1598.351064 -1628.831962 -1651.150384 -1667.135491 -1678.381591 -1686.179666 -1691.524105 -1695.153319 -1697.600480 -1699.242623 -1700.344347 -1701.100145 -1701.705986 -1702.604747 -1705.320580 -1713.354476 -1717.181792 -1343.409709 -1555.769662 -1495.699177 -1458.530681 -1441.716314 -1439.444952 -1439.212174 -1439.235716 -1439.295730 -1439.360118 -1439.421953 -1439.479189 -1439.532203 -1439.592969 -1439.778233 -1441.072579 -1449.737653 -1469.546575 -1495.943647 -1269.348017 -1684.451639 -1706.201463 -1703.921725 -1702.890714 -1702.673799 -1702.636887 -1702.631470 -1702.631216 -1702.631731 -1702.632262 -1702.632693 -1702.633027 -1702.633286 -1702.633488 -1702.633651 -1702.633784 -1702.633897 -1702.634000 -1702.634101 -1702.634214 -1702.634355 -1702.634548 -1702.634830 -1702.635261 -1702.635935 -1702.637012 -1702.638766 -1702.641680 -1702.646638 -1702.655313 -1702.670952 -1702.700010 -1702.755567 -1702.864879 -1703.087453 -1703.562428 -1704.642079 -1707.301683 -1714.614174 -1738.260155 -9999.0 -9999.0
-9999.0 -9999.0 474.444534 377.092098 278.900902 180.316217 81.564664 -17.253610 -116.090258 -214.923217 -313.725263 -412.454666 -511.023218 -609.246053 -706.891067 -804.779573 -902.427499 -999.801014 -1096.909281 -1191.031143 -1281.669701 -1366.222377 -1441.685715 -1505.824896 -1557.848236 -1598.351065 -1628.831962 -1651.150384 -1667.135491 -1678.381591 -1686.179666 -1691.524105 -1695.153319 -1697.600480 -1699.242623 -1700.344347 -1701.100145 -1701.705986 -1702.604747 -1705.320580 -1713.354476 -1717.181791 -1343.409708 -1555.769661 -1495.699176 -1458.530680 -1441.716314 -1439.444952 -1439.212173 -1439.235716 -1439.295730 -1439.360118 -1439.421953 -1439.479189 -1439.532203 -1439.592969 -1439.778233 -1441.072579 -1449.737653 -1469.546575 -1495.943647 -1269.348017 -1684.451639 -1706.201463 -1703.921725 -1702.890714 -1702.673799 -1702.636887 -1702.631470 -1702.631216 -1702.631731 -1702.632262 -1702.632693 -1702.633027 -1702.633286 -1702.633488 -1702.633651 -1702.633784 -1702.633897 -1702.634000 -1702.634101 -1702.634214 -1702.634355 -1702.634548 -1702.634830 -1702.635261 -1702.635935 -1702.637012 -1702.638766 -1702.641680 -1702.646638 -1702.655313 -1702.670952 -1702.700010 -1702.755567 -1702.864879 -1703.087453 -1703.562428 -1704.642079 -1707.301683 -1714.614174 -1738.260155 -9999.0 -9999.0
-9999.0 -9999.0 474.445980 377.092858 278.901208 180.316329 81.564704 -17.253596 -116.090253 -214.923215 -313.725262 -412.454665 -511.023218 -609.246053 -706.891067 -804.779573 -902.427499 -999.801014 -1096.909281 -1191.031143 -1281.669702 -1366.222377 -1441.685715 -1505.824896 -1557.848236 -1598.351065 -1628.831962 -1651.150384 -1667.135491 -1678.381591 -1686.179666 -1691.524105 -1695.153319 -1697.600480 -1699.242623 -1700.344347 -1701.100145 -1701.705986 -1702.604747 -1705.320580 -1713.354476 -1717.181791 -1343.409708 -1555.769661 -1495.699176 -1458.530680 -1441.716314 -1439.444952 -1439.212173 -1439.235716 -1439.295730 -1439.360118 -1439.421953 -1439.479189 -1439.532203 -1439.592969 -1439.778233 -1441.072579 -1449.737653 -1469.546575 -1495.943647 -1269.348017 -1684.451639 -1706.201463 -1703.921725 -1702.890714 -1702.673799 -1702.636887 -1702.631470 -1702.631216 -1702.631731 -1702.632262 -1702.632693 -1702.633027 -1702.633286 -1702.633488 -1702.633651 -1702.633784 -1702.633897 -1702.634000 -1702.634101 -1702.634214 -1702.634355 -1702.634548 -1702.634830 -1702.635261 -1702.635935 -1702.637012 -1702.638766 -1702.641680 -1702.646638 -1702.655313 -1702.670952 -1702.700010 -1702.755567 -1702.864879 -1703.087453 -1703.562428 -1704.642079 -1707.301683 -1714.614174 -1738.260155 -9999.0 -9999.0
-9999.0 -9999.0 474.445980 377.092858 278.901208 180.316329 81.564704 -17.253596 -116.090253 -214.923215 -313.725262 -412.454666 -511.023217 -609.246053 -706.891067 -804.779573 -902.427499 -999.801014 -1096.909281 -1191.031143 -1281.669702 -1366.222377 -1441.685715 -1505.824896 -1557.848236 -1598.351065 -1628.831962 -1651.150384 -1667.135491 -1678.381591 -1686.179666 -1691.524105 -1695.153319 -1697.600480 -1699.242623 -1700.344347 -1701.100145 -1701.705986 -1702.604747 -1705.320580 -1713.354476 -1717.181791 -1343.409708 -1555.769661 -1495.699176 -1458.530680 -1441.716314 -1439.444952 -1439.212173 -1439.235716 -1439.295730 -1439.360118 -1439.421953 -1439.479189 -1439.532203 -1439.592969 -1439.778233 -1441.072579 -1449.737653 -1469.546575 -1495.943647 -1269.348017 -1684.451639 -1706.201463 -1703.921725 -1702.890714 -1702.673799 -1702.636887 -1702.631470 -1702.631216 -1702.631731 -1702.632262 -1702.632693 -1702.633027 -1702.633286 -1702.633488 -1702.633651 -1702.633784 -1702.633897 -1702.634000 -1702.634101 -1702.634214 -1702.634355 -1702.634548 -1702.634830 -1702.635261 -1702.635935 -1702.637012 -1702.638766 -1702.641680 -1702.646638 -1702.655313 -1702.670952 -1702.700010 -1702.755567 -1702.864879 -1703.087453 -1703.562428 -1704.642079 -1707.301683 -1714.614174 -1738.260155 -9999.0 -9999.0
-9999.0 -9999.0 474.444534 377.092098 278.900902 180.316217 81.564664 -17.253610 -116.090258 -214.923217 -313.725263 -412.454666 -511.023218 -609.246053 -706.891067 -804.779573 -902.427499 -999.801014 -1096.909281 -1191.031143 -1281.669701 -1366.222377 -1441.685715 -1505.824896 -1557.848236 -1598.351065 -1628.831962 -1651.150384 -1667.135491 -1678.381591 -1686.179666 -1691.524105 -1695.153319 -1697.600480 -1699.242623 -1700.344347 -1701.100145 -1701.705986 -1702.604747 -1705.320580 -1713.354476 -1717.181791 -1343.409708 -1555.769661 -1495.699176 -1458.530680 -1441.716314 -1439.444952 -1439.212173 -1439.235716 -1439.295730 -1439.360118 -1439.421953 -1439.479189 -1439.532203 -1439.592969 -1439.778233 -1441.072579 -1449.737653 -1469.546575 -1495.943647 -1269.348017 -1684.451639 -1706.201463 -1703.921725 -1702.890714 -1702.673799 -1702.636887 -1702.631470 -1702.631216 -1702.631731 -1702.632262 -1702.632693 -1702.633027 -1702.633286 -1702.633488 -1702.633651 -1702.633784 -1702.633897 -1702.634000 -1702.634101 -1702.634214 -1702.634355 -1702.634548 -1702.634830 -1702.635261 -1702.635935 -1702.637012 -1702.638766 -1702.641680 -1702.646638 -1702.655313 -1702.670952 -1702.700010 -1702.755567 -1702.864879 -1703.087453 -1703.562428 -1704.642079 -1707.301683 -1714.614174 -1738.260155 -9999.0 -9999.0
-9999.0 -9999.0 474.438438 377.090405 278.900431 180.316074 81.564618 -17.253626 -116.090264 -214.923219 -313.725264 -412.454666 -511.023218 -609.246053 -706.891066 -804.779573 -902.427499 -999.801014 -1096.909280 -1191.031143 -1281.669701 -1366.222376 -1441.685714 -1505.824896 -1557.848236 -1598.351064 -1628.831962 -1651.150384 -1667.135491 -1678.381591 -1686.179666 -1691.524105 -1695.153319 -1697.600480 -1699.242623 -1700.344347 -1701.100145 -1701.705986 -1702.604747 -1705.320580 -1713.354476 -1717.181792 -1343.409709 -1555.769662 -1495.699177 -1458.530681 -1441.716314 -1439.444952 -1439.212174 -1439.235716 -1439.295730 -1439.360118 -1439.421953 -1439.479189 -1439.532203 -1439.592969 -1439.778233 -1441.072579 -1449.737653 -1469.546575 -1495.943647 -1269.348017 -1684.451639 -1706.201463 -1703.921725 -1702.890714 -1702.673799 -1702.636887 -1702.631470 -1702.631216 -1702.631731 -1702.632262 -1702.632693 -1702.633027 -1702.633286 -1702.633488 -1702.633651 -1702.633784 -1702.633897 -1702.634000 -1702.634101 -1702.634214 -1702.634355 -1702.634548 -1702.634830 -1702.635261 -1702.635935 -1702.637012 -1702.638766 -1702.641680 -1702.646638 -1702.655313 -1702.670952 -1702.700010 -1702.755567 -1702.864879 -1703.087453 -1703.562428 -1704.642079 -1707.301683 -1714.614174 -1738.260155 -9999.0 -9999.0
-9999.0 -9999.0 -9999.0 -9999.0 -9999.0 -9999.0 -9999.0 -9999.0 -9999.0 -9999.0 -9999.0 -9999.0 -9999.0 -9999.0 -9999.0 -9999.0 -9999.0 -9999.0 -9999.0 -9999.0 -9999.0 -9999.0 -9999.0 -9999.0 -9999.0 -9999.0 -9999.0 -9999.0 -9999.0 -9999.0 -9999.0 -9999.0 -9999.0 -9999.0 -9999.0 -9999.0 -9999.0 -9999.0 -9999.0 -9999.0 -9999.0 -9999.0 -9999.0 -9999.0 -9999.0 -9999.0 -9999.0 -9999.0 -9999.0 -9999.0 -9999.0 -9999.0 -9999.0 -9999.0 -9999.0 -9999.0 -9999.0 -9999.0 -9999.0 -9999.0 -9999.0 -9999.0 -9999.0 -9999.0 -9999.0 -9999.0 -9999.0 -9999.0 -9999.0 -9999.0 -9999.0 -9999.0 -9999.0 -9999.0 -9999.0 -9999.0 -9999.0 -9999.0 -9999.0 -9999.0 -9999.0 -9999.0 -9999.0 -9999.0 -9999.0 -9999.0 -9999.0 -9999.0 -9999.0 -9999.0 -9999.0 -9999.0 -9999.0 -9999.0 -9999.0 -9999.0 -9999.0 -9999.0 -9999.0 -9999.0 -9999.0 -9999.0 -9999.0 -9999.0
-9999.0 -9999.0 -9999.0 -9999.0 -9999.0 -9999.0 -9999.0 -9999.0 -9999.0 -9999.0 -9999.0 -9999.0 -9999.0 -9999.0 -9999.0 -9999.0 -9999.0 -9999.0 -9999.0 -9999.0 -9999.0 -9999.0 -9999.0 -9999.0 -9999.0 -9999.0 -9999.0 -9999.0 -9999.0 -9999.0 -9999.0 -9999.0 -9999.0 -9999.0 -9999.0 -9999.0 -9999.0 -9999.0 -9999.0 -9999.0 -9999.0 -9999.0 -9999.0 -9999.0 -9999.0 -9999.0 -9999.0 -9999.0 -9999.0 -9999.0 -9999.0 -9999.0 -9999.0 -9999.0 -9999.0 -9999.0 -9999.0 -9999.0 -9999.0 -9999.0 -9999.0 -9999.0 -9999.0 -9999.0 -9999.0 -9999.0 -9999.0 -9999.0 -9999.0 -9999.0 -9999.0 -9999.0 -9999.0 -9999.0 -9999.0 -9999.0 -9999.0 -9999.0 -9999.0 -9999.0 -9999.0 -9999.0 -9999.0 -9999.0 -9999.0 -9999.0 -9999.0 -9999.0 -9999.0 -9999.0 -9999.0 -9999.0 -9999.0 -9999.0 -9999.0 -9999.0 -9999.0 -9999.0 -9999.0 -9999.0 -9999.0 -9999.0 -9999.0 -9999.0