inst/processing_geotop_simulation/geotop_simulation/out/maps3D/PwL0019N0104.asc
ncols         104
nrows         10
xllcorner     -2.000000
yllcorner     0.000000
cellsize      1.000000
NODATA_value  -9999.0
-9999.0 -9999.0 -9999.0 -9999.0 -9999.0 -9999.0 -9999.0 -9999.0 -9999.0 -9999.0 -9999.0 -9999.0 -9999.0 -9999.0 -9999.0 -9999.0 -9999.0 -9999.0 -9999.0 -9999.0 -9999.0 -9999.0 -9999.0 -9999.0 -9999.0 -9999.0 -9999.0 -9999.0 -9999.0 -9999.0 -9999.0 -9999.0 -9999.0 -9999.0 -9999.0 -9999.0 -9999.0 -9999.0 -9999.0 -9999.0 -9999.0 -9999.0 -9999.0 -9999.0 -9999.0 -9999.0 -9999.0 -9999.0 -9999.0 -9999.0 -9999.0 -9999.0 -9999.0 -9999.0 -9999.0 -9999.0 -9999.0 -9999.0 -9999.0 -9999.0 -9999.0 -9999.0 -9999.0 -9999.0 -9999.0 -9999.0 -9999.0 -9999.0 -9999.0 -9999.0 -9999.0 -9999.0 -9999.0 -9999.0 -9999.0 -9999.0 -9999.0 -9999.0 -9999.0 -9999.0 -9999.0 -9999.0 -9999.0 -9999.0 -9999.0 -9999.0 -9999.0 -9999.0 -9999.0 -9999.0 -9999.0 -9999.0 -9999.0 -9999.0 -9999.0 -9999.0 -9999.0 -9999.0 -9999.0 -9999.0 -9999.0 -9999.0 -9999.0 -9999.0
-9999.0 -9999.0 -9999.0 -9999.0 -9999.0 -9999.0 -9999.0 -9999.0 -9999.0 -9999.0 -9999.0 -9999.0 -9999.0 -9999.0 -9999.0 -9999.0 -9999.0 -9999.0 -9999.0 -9999.0 -9999.0 -9999.0 -9999.0 -9999.0 -9999.0 -9999.0 -9999.0 -9999.0 -9999.0 -9999.0 -9999.0 -9999.0 -9999.0 -9999.0 -9999.0 -9999.0 -9999.0 -9999.0 -9999.0 -9999.0 -9999.0 -9999.0 -9999.0 -9999.0 -9999.0 -9999.0 -9999.0 -9999.0 -9999.0 -9999.0 -9999.0 -9999.0 -9999.0 -9999.0 -9999.0 -9999.0 -9999.0 -9999.0 -9999.0 -9999.0 -9999.0 -9999.0 -9999.0 -9999.0 -9999.0 -9999.0 -9999.0 -9999.0 -9999.0 -9999.0 -9999.0 -9999.0 -9999.0 -9999.0 -9999.0 -9999.0 -9999.0 -9999.0 -9999.0 -9999.0 -9999.0 -9999.0 -9999.0 -9999.0 -9999.0 -9999.0 -9999.0 -9999.0 -9999.0 -9999.0 -9999.0 -9999.0 -9999.0 -9999.0 -9999.0 -9999.0 -9999.0 -9999.0 -9999.0 -9999.0 -9999.0 -9999.0 -9999.0 -9999.0
-9999.0 -9999.0 940.076458 847.639393 754.522656 660.450122 565.862189 471.047191 376.163948 281.298668 186.496726 91.778089 -2.829907 -97.259470 -191.559574 -285.947465 -380.887296 -477.096667 -575.418708 -676.509222 -771.904983 -864.692519 -952.636365 -1019.354038 -1054.863126 -1073.933768 -1083.078526 -1086.969423 -1088.347558 -1088.642240 -1088.543634 -1088.354705 -1088.190863 -1088.082574 -1088.026091 -1088.009495 -1088.029937 -1088.112786 -1088.399316 -1090.082959 -1102.027720 -1200.524325 -2063.512670 -4026.663298 -4034.653231 -4034.653465 -4034.653456 -4034.653302 -4034.652324 -4034.648309 -4034.635171 -4034.590204 -4034.504787 -4034.382656 -4034.161898 -4033.695301 -4032.570115 -4029.539220 -4020.645733 -3993.566442 -3896.161134 -1837.482820 -1166.926509 -1097.584262 -1089.420759 -1088.469082 -1088.340924 -1088.320726 -1088.318641 -1088.319855 -1088.321412 -1088.322726 -1088.323742 -1088.324513 -1088.325103 -1088.325561 -1088.325924 -1088.326217 -1088.326461 -1088.326676 -1088.326886 -1088.327117 -1088.327406 -1088.327805 -1088.328394 -1088.329297 -1088.330716 -1088.332980 -1088.336647 -1088.342684 -1088.352827 -1088.370301 -1088.401291 -1088.457953 -1088.564553 -1088.770174 -1089.176637 -1090.008499 -1091.814545 -1096.070090 -1106.849412 -1135.568683 -9999.0 -9999.0
-9999.0 -9999.0 940.080095 847.640771 754.523106 660.450269 565.862238 471.047207 376.163954 281.298670 186.496727 91.778089 -2.829907 -97.259470 -191.559575 -285.947465 -380.887296 -477.096667 -575.418708 -676.509222 -771.904983 -864.692519 -952.636365 -1019.354038 -1054.863126 -1073.933768 -1083.078526 -1086.969423 -1088.347558 -1088.642240 -1088.543634 -1088.354705 -1088.190863 -1088.082574 -1088.026091 -1088.009495 -1088.029937 -1088.112786 -1088.399316 -1090.082959 -1102.027720 -1200.524325 -2063.512670 -4026.663298 -4034.653231 -4034.653465 -4034.653456 -4034.653302 -4034.652324 -4034.648309 -4034.635171 -4034.590204 -4034.504787 -4034.382656 -4034.161898 -4033.695301 -4032.570115 -4029.539220 -4020.645733 -3993.566442 -3896.161134 -1837.482820 -1166.926509 -1097.584262 -1089.420759 -1088.469082 -1088.340924 -1088.320726 -1088.318641 -1088.319855 -1088.321412 -1088.322726 -1088.323742 -1088.324513 -1088.325103 -1088.325561 -1088.325924 -1088.326217 -1088.326461 -1088.326676 -1088.326886 -1088.327117 -1088.327406 -1088.327805 -1088.328394 -1088.329297 -1088.330716 -1088.332980 -1088.336647 -1088.342684 -1088.352827 -1088.370301 -1088.401291 -1088.457953 -1088.564553 -1088.770174 -1089.176637 -1090.008499 -1091.814545 -1096.070090 -1106.849412 -1135.568683 -9999.0 -9999.0
-9999.0 -9999.0 940.081460 847.641504 754.523416 660.450387 565.862282 471.047223 376.163959 281.298672 186.496727 91.778089 -2.829907 -97.259470 -191.559575 -285.947465 -380.887296 -477.096667 -575.418708 -676.509222 -771.904983 -864.692519 -952.636365 -1019.354038 -1054.863126 -1073.933768 -1083.078526 -1086.969423 -1088.347558 -1088.642240 -1088.543634 -1088.354705 -1088.190863 -1088.082574 -1088.026091 -1088.009495 -1088.029937 -1088.112786 -1088.399316 -1090.082959 -1102.027720 -1200.524325 -2063.512670 -4026.663298 -4034.653231 -4034.653465 -4034.653456 -4034.653302 -4034.652324 -4034.648309 -4034.635171 -4034.590204 -4034.504787 -4034.382656 -4034.161898 -4033.695301 -4032.570115 -4029.539220 -4020.645733 -3993.566442 -3896.161134 -1837.482820 -1166.926509 -1097.584262 -1089.420759 -1088.469082 -1088.340924 -1088.320726 -1088.318641 -1088.319855 -1088.321412 -1088.322726 -1088.323742 -1088.324513 -1088.325103 -1088.325561 -1088.325924 -1088.326217 -1088.326461 -1088.326676 -1088.326886 -1088.327117 -1088.327406 -1088.327805 -1088.328394 -1088.329297 -1088.330716 -1088.332980 -1088.336647 -1088.342684 -1088.352827 -1088.370301 -1088.401291 -1088.457953 -1088.564553 -1088.770174 -1089.176637 -1090.008499 -1091.814545 -1096.070090 -1106.849412 -1135.568683 -9999.0 -9999.0
-9999.0 -9999.0 940.081460 847.641504 754.523416 660.450387 565.862282 471.047223 376.163959 281.298672 186.496727 91.778089 -2.829907 -97.259470 -191.559575 -285.947465 -380.887296 -477.096667 -575.418708 -676.509222 -771.904983 -864.692519 -952.636365 -1019.354038 -1054.863126 -1073.933768 -1083.078526 -1086.969423 -1088.347558 -1088.642240 -1088.543634 -1088.354705 -1088.190863 -1088.082574 -1088.026091 -1088.009495 -1088.029937 -1088.112786 -1088.399316 -1090.082959 -1102.027720 -1200.524325 -2063.512670 -4026.663298 -4034.653231 -4034.653465 -4034.653456 -4034.653302 -4034.652324 -4034.648309 -4034.635171 -4034.590204 -4034.504787 -4034.382656 -4034.161898 -4033.695301 -4032.570115 -4029.539220 -4020.645733 -3993.566442 -3896.161134 -1837.482820 -1166.926509 -1097.584262 -1089.420759 -1088.469082 -1088.340924 -1088.320726 -1088.318641 -1088.319855 -1088.321412 -1088.322726 -1088.323742 -1088.324513 -1088.325103 -1088.325561 -1088.325924 -1088.326217 -1088.326461 -1088.326676 -1088.326886 -1088.327117 -1088.327406 -1088.327805 -1088.328394 -1088.329297 -1088.330716 -1088.332980 -1088.336647 -1088.342684 -1088.352827 -1088.370301 -1088.401291 -1088.457953 -1088.564553 -1088.770174 -1089.176637 -1090.008499 -1091.814545 -1096.070090 -1106.849412 -1135.568683 -9999.0 -9999.0
-9999.0 -9999.0 940.080095 847.640771 754.523106 660.450269 565.862238 471.047207 376.163954 281.298670 186.496727 91.778089 -2.829907 -97.259470 -191.559575 -285.947465 -380.887296 -477.096667 -575.418708 -676.509222 -771.904983 -864.692519 -952.636365 -1019.354038 -1054.863126 -1073.933768 -1083.078526 -1086.969423 -1088.347558 -1088.642240 -1088.543634 -1088.354705 -1088.190863 -1088.082574 -1088.026091 -1088.009495 -1088.029937 -1088.112786 -1088.399316 -1090.082959 -1102.027720 -1200.524325 -2063.512670 -4026.663298 -4034.653231 -4034.653465 -4034.653456 -4034.653302 -4034.652324 -4034.648309 -4034.635171 -4034.590204 -4034.504787 -4034.382656 -4034.161898 -4033.695301 -4032.570115 -4029.539220 -4020.645733 -3993.566442 -3896.161134 -1837.482820 -1166.926509 -1097.584262 -1089.420759 -1088.469082 -1088.340924 -1088.320726 -1088.318641 -1088.319855 -1088.321412 -1088.322726 -1088.323742 -1088.324513 -1088.325103 -1088.325561 -1088.325924 -1088.326217 -1088.326461 -1088.326676 -1088.326886 -1088.327117 -1088.327406 -1088.327805 -1088.328394 -1088.329297 -1088.330716 -1088.332980 -1088.336647 -1088.342684 -1088.352827 -1088.370301 -1088.401291 -1088.457953 -1088.564553 -1088.770174 -1089.176637 -1090.008499 -1091.814545 -1096.070090 -1106.849412 -1135.568683 -9999.0 -9999.0
-9999.0 -9999.0 940.076458 847.639393 754.522656 660.450122 565.862189 471.047191 376.163948 281.298668 186.496726 91.778089 -2.829907 -97.259470 -191.559574 -285.947465 -380.887296 -477.096667 -575.418708 -676.509222 -771.904983 -864.692519 -952.636365 -1019.354038 -1054.863126 -1073.933768 -1083.078526 -1086.969423 -1088.347558 -1088.642240 -1088.543634 -1088.354705 -1088.190863 -1088.082574 -1088.026091 -1088.009495 -1088.029937 -1088.112786 -1088.399316 -1090.082959 -1102.027720 -1200.524325 -2063.512670 -4026.663298 -4034.653231 -4034.653465 -4034.653456 -4034.653302 -4034.652324 -4034.648309 -4034.635171 -4034.590204 -4034.504787 -4034.382656 -4034.161898 -4033.695301 -4032.570115 -4029.539220 -4020.645733 -3993.566442 -3896.161134 -1837.482820 -1166.926509 -1097.584262 -1089.420759 -1088.469082 -1088.340924 -1088.320726 -1088.318641 -1088.319855 -1088.321412 -1088.322726 -1088.323742 -1088.324513 -1088.325103 -1088.325561 -1088.325924 -1088.326217 -1088.326461 -1088.326676 -1088.326886 -1088.327117 -1088.327406 -1088.327805 -1088.328394 -1088.329297 -1088.330716 -1088.332980 -1088.336647 -1088.342684 -1088.352827 -1088.370301 -1088.401291 -1088.457953 -1088.564553 -1088.770174 -1089.176637 -1090.008499 -1091.814545 -1096.070090 -1106.849412 -1135.568683 -9999.0 -9999.0
-9999.0 -9999.0 -9999.0 -9999.0 -9999.0 -9999.0 -9999.0 -9999.0 -9999.0 -9999.0 -9999.0 -9999.0 -9999.0 -9999.0 -9999.0 -9999.0 -9999.0 -9999.0 -9999.0 -9999.0 -9999.0 -9999.0 -9999.0 -9999.0 -9999.0 -9999.0 -9999.0 -9999.0 -9999.0 -9999.0 -9999.0 -9999.0 -9999.0 -9999.0 -9999.0 -9999.0 -9999.0 -9999.0 -9999.0 -9999.0 -9999.0 -9999.0 -9999.0 -9999.0 -9999.0 -9999.0 -9999.0 -9999.0 -9999.0 -9999.0 -9999.0 -9999.0 -9999.0 -9999.0 -9999.0 -9999.0 -9999.0 -9999.0 -9999.0 -9999.0 -9999.0 -9999.0 -9999.0 -9999.0 -9999.0 -9999.0 -9999.0 -9999.0 -9999.0 -9999.0 -9999.0 -9999.0 -9999.0 -9999.0 -9999.0 -9999.0 -9999.0 -9999.0 -9999.0 -9999.0 -9999.0 -9999.0 -9999.0 -9999.0 -9999.0 -9999.0 -9999.0 -9999.0 -9999.0 -9999.0 -9999.0 -9999.0 -9999.0 -9999.0 -9999.0 -9999.0 -9999.0 -9999.0 -9999.0 -9999.0 -9999.0 -9999.0 -9999.0 -9999.0
-9999.0 -9999.0 -9999.0 -9999.0 -9999.0 -9999.0 -9999.0 -9999.0 -9999.0 -9999.0 -9999.0 -9999.0 -9999.0 -9999.0 -9999.0 -9999.0 -9999.0 -9999.0 -9999.0 -9999.0 -9999.0 -9999.0 -9999.0 -9999.0 -9999.0 -9999.0 -9999.0 -9999.0 -9999.0 -9999.0 -9999.0 -9999.0 -9999.0 -9999.0 -9999.0 -9999.0 -9999.0 -9999.0 -9999.0 -9999.0 -9999.0 -9999.0 -9999.0 -9999.0 -9999.0 -9999.0 -9999.0 -9999.0 -9999.0 -9999.0 -9999.0 -9999.0 -9999.0 -9999.0 -9999.0 -9999.0 -9999.0 -9999.0 -9999.0 -9999.0 -9999.0 -9999.0 -9999.0 -9999.0 -9999.0 -9999.0 -9999.0 -9999.0 -9999.0 -9999.0 -9999.0 -9999.0 -9999.0 -9999.0 -9999.0 -9999.0 -9999.0 -9999.0 -9999.0 -9999.0 -9999.0 -9999.0 -9999.0 -9999.0 -9999.0 -9999.0 -9999.0 -9999.0 -9999.0 -9999.0 -9999.0 -9999.0 -9999.0 -9999.0 -9999.0 -9999.0 -9999.0 -9999.0 -9999.0 -9999.0 -9999.0 -9999.0 -9999.0 -9999.0