inst/processing_geotop_simulation/geotop_simulation/out/maps3D/PwL0016N0451.asc
ncols         104
nrows         10
xllcorner     -2.000000
yllcorner     0.000000
cellsize      1.000000
NODATA_value  -9999.0
-9999.0 -9999.0 -9999.0 -9999.0 -9999.0 -9999.0 -9999.0 -9999.0 -9999.0 -9999.0 -9999.0 -9999.0 -9999.0 -9999.0 -9999.0 -9999.0 -9999.0 -9999.0 -9999.0 -9999.0 -9999.0 -9999.0 -9999.0 -9999.0 -9999.0 -9999.0 -9999.0 -9999.0 -9999.0 -9999.0 -9999.0 -9999.0 -9999.0 -9999.0 -9999.0 -9999.0 -9999.0 -9999.0 -9999.0 -9999.0 -9999.0 -9999.0 -9999.0 -9999.0 -9999.0 -9999.0 -9999.0 -9999.0 -9999.0 -9999.0 -9999.0 -9999.0 -9999.0 -9999.0 -9999.0 -9999.0 -9999.0 -9999.0 -9999.0 -9999.0 -9999.0 -9999.0 -9999.0 -9999.0 -9999.0 -9999.0 -9999.0 -9999.0 -9999.0 -9999.0 -9999.0 -9999.0 -9999.0 -9999.0 -9999.0 -9999.0 -9999.0 -9999.0 -9999.0 -9999.0 -9999.0 -9999.0 -9999.0 -9999.0 -9999.0 -9999.0 -9999.0 -9999.0 -9999.0 -9999.0 -9999.0 -9999.0 -9999.0 -9999.0 -9999.0 -9999.0 -9999.0 -9999.0 -9999.0 -9999.0 -9999.0 -9999.0 -9999.0 -9999.0
-9999.0 -9999.0 -9999.0 -9999.0 -9999.0 -9999.0 -9999.0 -9999.0 -9999.0 -9999.0 -9999.0 -9999.0 -9999.0 -9999.0 -9999.0 -9999.0 -9999.0 -9999.0 -9999.0 -9999.0 -9999.0 -9999.0 -9999.0 -9999.0 -9999.0 -9999.0 -9999.0 -9999.0 -9999.0 -9999.0 -9999.0 -9999.0 -9999.0 -9999.0 -9999.0 -9999.0 -9999.0 -9999.0 -9999.0 -9999.0 -9999.0 -9999.0 -9999.0 -9999.0 -9999.0 -9999.0 -9999.0 -9999.0 -9999.0 -9999.0 -9999.0 -9999.0 -9999.0 -9999.0 -9999.0 -9999.0 -9999.0 -9999.0 -9999.0 -9999.0 -9999.0 -9999.0 -9999.0 -9999.0 -9999.0 -9999.0 -9999.0 -9999.0 -9999.0 -9999.0 -9999.0 -9999.0 -9999.0 -9999.0 -9999.0 -9999.0 -9999.0 -9999.0 -9999.0 -9999.0 -9999.0 -9999.0 -9999.0 -9999.0 -9999.0 -9999.0 -9999.0 -9999.0 -9999.0 -9999.0 -9999.0 -9999.0 -9999.0 -9999.0 -9999.0 -9999.0 -9999.0 -9999.0 -9999.0 -9999.0 -9999.0 -9999.0 -9999.0 -9999.0
-9999.0 -9999.0 769.810041 670.774583 571.576601 472.243107 372.843214 273.414664 173.976937 74.540359 -24.887648 -124.303046 -223.704236 -323.081094 -422.415283 -521.677207 -620.813530 -719.738701 -818.736950 -917.594515 -1016.240891 -1114.543397 -1210.029719 -1301.762916 -1387.628282 -1465.501938 -1533.692787 -1591.275610 -1638.212342 -1675.245266 -1703.639114 -1724.887838 -1740.475758 -1751.729070 -1759.751293 -1765.419335 -1769.424135 -1772.377982 -1775.095678 -1779.100713 -1785.631093 -1786.999861 -1903.503528 -4085.726078 -4181.666298 -4179.464374 -4177.428737 -4177.080479 -4177.043321 -4177.045466 -4177.050875 -4177.050105 -4177.042643 -4177.029966 -4177.002901 -4176.944654 -4176.830392 -4176.699794 -4177.079857 -4176.776763 -3981.453098 -1676.416361 -1743.942701 -1777.764870 -1779.332360 -1778.617076 -1778.357351 -1778.299344 -1778.288939 -1778.287642 -1778.287886 -1778.288321 -1778.288721 -1778.289063 -1778.289357 -1778.289615 -1778.289848 -1778.290063 -1778.290269 -1778.290472 -1778.290680 -1778.290901 -1778.291149 -1778.291443 -1778.291810 -1778.292298 -1778.292979 -1778.293980 -1778.295515 -1778.297974 -1778.302075 -1778.309195 -1778.322044 -1778.346106 -1778.392829 -1778.487201 -1778.687124 -1779.136327 -1780.218415 -1783.045763 -1791.179022 -1817.316960 -9999.0 -9999.0
-9999.0 -9999.0 769.813520 670.775782 571.576972 472.243224 372.843253 273.414678 173.976942 74.540361 -24.887647 -124.303046 -223.704235 -323.081094 -422.415283 -521.677207 -620.813530 -719.738701 -818.736950 -917.594515 -1016.240891 -1114.543398 -1210.029719 -1301.762917 -1387.628283 -1465.501938 -1533.692787 -1591.275610 -1638.212342 -1675.245266 -1703.639114 -1724.887838 -1740.475758 -1751.729070 -1759.751293 -1765.419335 -1769.424135 -1772.377982 -1775.095678 -1779.100713 -1785.631092 -1786.999861 -1903.503528 -4085.726078 -4181.666298 -4179.464374 -4177.428737 -4177.080479 -4177.043321 -4177.045466 -4177.050875 -4177.050105 -4177.042643 -4177.029966 -4177.002901 -4176.944654 -4176.830392 -4176.699794 -4177.079857 -4176.776763 -3981.453098 -1676.416361 -1743.942701 -1777.764870 -1779.332360 -1778.617076 -1778.357351 -1778.299344 -1778.288939 -1778.287642 -1778.287886 -1778.288320 -1778.288721 -1778.289063 -1778.289357 -1778.289615 -1778.289848 -1778.290063 -1778.290269 -1778.290472 -1778.290680 -1778.290901 -1778.291149 -1778.291443 -1778.291810 -1778.292298 -1778.292979 -1778.293980 -1778.295515 -1778.297974 -1778.302075 -1778.309195 -1778.322044 -1778.346106 -1778.392829 -1778.487201 -1778.687124 -1779.136327 -1780.218415 -1783.045763 -1791.179022 -1817.316960 -9999.0 -9999.0
-9999.0 -9999.0 769.814669 670.776387 571.577222 472.243319 372.843287 273.414691 173.976947 74.540363 -24.887646 -124.303045 -223.704235 -323.081094 -422.415283 -521.677207 -620.813530 -719.738701 -818.736950 -917.594515 -1016.240891 -1114.543398 -1210.029719 -1301.762917 -1387.628283 -1465.501938 -1533.692787 -1591.275610 -1638.212342 -1675.245266 -1703.639114 -1724.887838 -1740.475758 -1751.729070 -1759.751293 -1765.419335 -1769.424135 -1772.377982 -1775.095678 -1779.100713 -1785.631092 -1786.999861 -1903.503528 -4085.726078 -4181.666298 -4179.464374 -4177.428737 -4177.080479 -4177.043321 -4177.045466 -4177.050875 -4177.050105 -4177.042643 -4177.029966 -4177.002901 -4176.944654 -4176.830392 -4176.699794 -4177.079857 -4176.776763 -3981.453098 -1676.416361 -1743.942701 -1777.764870 -1779.332360 -1778.617076 -1778.357351 -1778.299344 -1778.288939 -1778.287642 -1778.287886 -1778.288320 -1778.288721 -1778.289063 -1778.289357 -1778.289615 -1778.289848 -1778.290063 -1778.290269 -1778.290472 -1778.290680 -1778.290901 -1778.291149 -1778.291443 -1778.291810 -1778.292298 -1778.292979 -1778.293980 -1778.295515 -1778.297974 -1778.302075 -1778.309195 -1778.322044 -1778.346106 -1778.392829 -1778.487201 -1778.687124 -1779.136327 -1780.218415 -1783.045763 -1791.179022 -1817.316960 -9999.0 -9999.0
-9999.0 -9999.0 769.814669 670.776387 571.577222 472.243319 372.843287 273.414691 173.976947 74.540363 -24.887646 -124.303045 -223.704235 -323.081094 -422.415283 -521.677207 -620.813530 -719.738701 -818.736950 -917.594515 -1016.240891 -1114.543398 -1210.029719 -1301.762917 -1387.628283 -1465.501938 -1533.692787 -1591.275610 -1638.212342 -1675.245266 -1703.639114 -1724.887838 -1740.475758 -1751.729070 -1759.751293 -1765.419335 -1769.424135 -1772.377982 -1775.095678 -1779.100713 -1785.631092 -1786.999861 -1903.503528 -4085.726078 -4181.666298 -4179.464374 -4177.428737 -4177.080479 -4177.043321 -4177.045466 -4177.050875 -4177.050105 -4177.042643 -4177.029966 -4177.002901 -4176.944654 -4176.830392 -4176.699794 -4177.079857 -4176.776763 -3981.453098 -1676.416361 -1743.942701 -1777.764870 -1779.332360 -1778.617076 -1778.357351 -1778.299344 -1778.288939 -1778.287642 -1778.287886 -1778.288320 -1778.288721 -1778.289063 -1778.289357 -1778.289615 -1778.289848 -1778.290063 -1778.290269 -1778.290472 -1778.290680 -1778.290901 -1778.291149 -1778.291443 -1778.291810 -1778.292298 -1778.292979 -1778.293980 -1778.295515 -1778.297974 -1778.302075 -1778.309195 -1778.322044 -1778.346106 -1778.392829 -1778.487201 -1778.687124 -1779.136327 -1780.218415 -1783.045763 -1791.179022 -1817.316960 -9999.0 -9999.0
-9999.0 -9999.0 769.813520 670.775782 571.576972 472.243224 372.843253 273.414678 173.976942 74.540361 -24.887647 -124.303046 -223.704235 -323.081094 -422.415283 -521.677207 -620.813530 -719.738701 -818.736950 -917.594515 -1016.240891 -1114.543398 -1210.029719 -1301.762917 -1387.628283 -1465.501938 -1533.692787 -1591.275610 -1638.212342 -1675.245266 -1703.639114 -1724.887838 -1740.475758 -1751.729070 -1759.751293 -1765.419335 -1769.424135 -1772.377982 -1775.095678 -1779.100713 -1785.631092 -1786.999861 -1903.503528 -4085.726078 -4181.666298 -4179.464374 -4177.428737 -4177.080479 -4177.043321 -4177.045466 -4177.050875 -4177.050105 -4177.042643 -4177.029966 -4177.002901 -4176.944654 -4176.830392 -4176.699794 -4177.079857 -4176.776763 -3981.453098 -1676.416361 -1743.942701 -1777.764870 -1779.332360 -1778.617076 -1778.357351 -1778.299344 -1778.288939 -1778.287642 -1778.287886 -1778.288320 -1778.288721 -1778.289063 -1778.289357 -1778.289615 -1778.289848 -1778.290063 -1778.290269 -1778.290472 -1778.290680 -1778.290901 -1778.291149 -1778.291443 -1778.291810 -1778.292298 -1778.292979 -1778.293980 -1778.295515 -1778.297974 -1778.302075 -1778.309195 -1778.322044 -1778.346106 -1778.392829 -1778.487201 -1778.687124 -1779.136327 -1780.218415 -1783.045763 -1791.179022 -1817.316960 -9999.0 -9999.0
-9999.0 -9999.0 769.810041 670.774583 571.576601 472.243107 372.843214 273.414664 173.976937 74.540359 -24.887648 -124.303046 -223.704236 -323.081094 -422.415283 -521.677207 -620.813530 -719.738701 -818.736950 -917.594515 -1016.240891 -1114.543397 -1210.029719 -1301.762916 -1387.628282 -1465.501938 -1533.692787 -1591.275610 -1638.212342 -1675.245266 -1703.639114 -1724.887838 -1740.475758 -1751.729070 -1759.751293 -1765.419335 -1769.424135 -1772.377982 -1775.095678 -1779.100713 -1785.631093 -1786.999861 -1903.503528 -4085.726078 -4181.666298 -4179.464374 -4177.428737 -4177.080479 -4177.043321 -4177.045466 -4177.050875 -4177.050105 -4177.042643 -4177.029966 -4177.002901 -4176.944654 -4176.830392 -4176.699794 -4177.079857 -4176.776763 -3981.453098 -1676.416361 -1743.942701 -1777.764870 -1779.332360 -1778.617076 -1778.357351 -1778.299344 -1778.288939 -1778.287642 -1778.287886 -1778.288321 -1778.288721 -1778.289063 -1778.289357 -1778.289615 -1778.289848 -1778.290063 -1778.290269 -1778.290472 -1778.290680 -1778.290901 -1778.291149 -1778.291443 -1778.291810 -1778.292298 -1778.292979 -1778.293980 -1778.295515 -1778.297974 -1778.302075 -1778.309195 -1778.322044 -1778.346106 -1778.392829 -1778.487201 -1778.687124 -1779.136327 -1780.218415 -1783.045763 -1791.179022 -1817.316960 -9999.0 -9999.0
-9999.0 -9999.0 -9999.0 -9999.0 -9999.0 -9999.0 -9999.0 -9999.0 -9999.0 -9999.0 -9999.0 -9999.0 -9999.0 -9999.0 -9999.0 -9999.0 -9999.0 -9999.0 -9999.0 -9999.0 -9999.0 -9999.0 -9999.0 -9999.0 -9999.0 -9999.0 -9999.0 -9999.0 -9999.0 -9999.0 -9999.0 -9999.0 -9999.0 -9999.0 -9999.0 -9999.0 -9999.0 -9999.0 -9999.0 -9999.0 -9999.0 -9999.0 -9999.0 -9999.0 -9999.0 -9999.0 -9999.0 -9999.0 -9999.0 -9999.0 -9999.0 -9999.0 -9999.0 -9999.0 -9999.0 -9999.0 -9999.0 -9999.0 -9999.0 -9999.0 -9999.0 -9999.0 -9999.0 -9999.0 -9999.0 -9999.0 -9999.0 -9999.0 -9999.0 -9999.0 -9999.0 -9999.0 -9999.0 -9999.0 -9999.0 -9999.0 -9999.0 -9999.0 -9999.0 -9999.0 -9999.0 -9999.0 -9999.0 -9999.0 -9999.0 -9999.0 -9999.0 -9999.0 -9999.0 -9999.0 -9999.0 -9999.0 -9999.0 -9999.0 -9999.0 -9999.0 -9999.0 -9999.0 -9999.0 -9999.0 -9999.0 -9999.0 -9999.0 -9999.0
-9999.0 -9999.0 -9999.0 -9999.0 -9999.0 -9999.0 -9999.0 -9999.0 -9999.0 -9999.0 -9999.0 -9999.0 -9999.0 -9999.0 -9999.0 -9999.0 -9999.0 -9999.0 -9999.0 -9999.0 -9999.0 -9999.0 -9999.0 -9999.0 -9999.0 -9999.0 -9999.0 -9999.0 -9999.0 -9999.0 -9999.0 -9999.0 -9999.0 -9999.0 -9999.0 -9999.0 -9999.0 -9999.0 -9999.0 -9999.0 -9999.0 -9999.0 -9999.0 -9999.0 -9999.0 -9999.0 -9999.0 -9999.0 -9999.0 -9999.0 -9999.0 -9999.0 -9999.0 -9999.0 -9999.0 -9999.0 -9999.0 -9999.0 -9999.0 -9999.0 -9999.0 -9999.0 -9999.0 -9999.0 -9999.0 -9999.0 -9999.0 -9999.0 -9999.0 -9999.0 -9999.0 -9999.0 -9999.0 -9999.0 -9999.0 -9999.0 -9999.0 -9999.0 -9999.0 -9999.0 -9999.0 -9999.0 -9999.0 -9999.0 -9999.0 -9999.0 -9999.0 -9999.0 -9999.0 -9999.0 -9999.0 -9999.0 -9999.0 -9999.0 -9999.0 -9999.0 -9999.0 -9999.0 -9999.0 -9999.0 -9999.0 -9999.0 -9999.0 -9999.0