inst/processing_geotop_simulation/geotop_simulation/out/maps3D/PwL0015N0312.asc
ncols         104
nrows         10
xllcorner     -2.000000
yllcorner     0.000000
cellsize      1.000000
NODATA_value  -9999.0
-9999.0 -9999.0 -9999.0 -9999.0 -9999.0 -9999.0 -9999.0 -9999.0 -9999.0 -9999.0 -9999.0 -9999.0 -9999.0 -9999.0 -9999.0 -9999.0 -9999.0 -9999.0 -9999.0 -9999.0 -9999.0 -9999.0 -9999.0 -9999.0 -9999.0 -9999.0 -9999.0 -9999.0 -9999.0 -9999.0 -9999.0 -9999.0 -9999.0 -9999.0 -9999.0 -9999.0 -9999.0 -9999.0 -9999.0 -9999.0 -9999.0 -9999.0 -9999.0 -9999.0 -9999.0 -9999.0 -9999.0 -9999.0 -9999.0 -9999.0 -9999.0 -9999.0 -9999.0 -9999.0 -9999.0 -9999.0 -9999.0 -9999.0 -9999.0 -9999.0 -9999.0 -9999.0 -9999.0 -9999.0 -9999.0 -9999.0 -9999.0 -9999.0 -9999.0 -9999.0 -9999.0 -9999.0 -9999.0 -9999.0 -9999.0 -9999.0 -9999.0 -9999.0 -9999.0 -9999.0 -9999.0 -9999.0 -9999.0 -9999.0 -9999.0 -9999.0 -9999.0 -9999.0 -9999.0 -9999.0 -9999.0 -9999.0 -9999.0 -9999.0 -9999.0 -9999.0 -9999.0 -9999.0 -9999.0 -9999.0 -9999.0 -9999.0 -9999.0 -9999.0
-9999.0 -9999.0 -9999.0 -9999.0 -9999.0 -9999.0 -9999.0 -9999.0 -9999.0 -9999.0 -9999.0 -9999.0 -9999.0 -9999.0 -9999.0 -9999.0 -9999.0 -9999.0 -9999.0 -9999.0 -9999.0 -9999.0 -9999.0 -9999.0 -9999.0 -9999.0 -9999.0 -9999.0 -9999.0 -9999.0 -9999.0 -9999.0 -9999.0 -9999.0 -9999.0 -9999.0 -9999.0 -9999.0 -9999.0 -9999.0 -9999.0 -9999.0 -9999.0 -9999.0 -9999.0 -9999.0 -9999.0 -9999.0 -9999.0 -9999.0 -9999.0 -9999.0 -9999.0 -9999.0 -9999.0 -9999.0 -9999.0 -9999.0 -9999.0 -9999.0 -9999.0 -9999.0 -9999.0 -9999.0 -9999.0 -9999.0 -9999.0 -9999.0 -9999.0 -9999.0 -9999.0 -9999.0 -9999.0 -9999.0 -9999.0 -9999.0 -9999.0 -9999.0 -9999.0 -9999.0 -9999.0 -9999.0 -9999.0 -9999.0 -9999.0 -9999.0 -9999.0 -9999.0 -9999.0 -9999.0 -9999.0 -9999.0 -9999.0 -9999.0 -9999.0 -9999.0 -9999.0 -9999.0 -9999.0 -9999.0 -9999.0 -9999.0 -9999.0 -9999.0
-9999.0 -9999.0 722.363273 624.268870 525.807970 427.074127 328.209792 229.289246 130.350178 31.412933 -67.506893 -166.404777 -265.265056 -364.049772 -462.688013 -561.069144 -658.992434 -756.644945 -854.320387 -951.622454 -1048.396698 -1142.399322 -1230.012583 -1309.936512 -1379.990520 -1438.891838 -1486.465379 -1523.508686 -1551.448274 -1571.964710 -1586.703881 -1597.108704 -1604.353440 -1609.344718 -1612.756774 -1615.079997 -1616.677198 -1617.878049 -1619.268181 -1622.634850 -1632.969833 -1661.980694 -1972.705449 -4172.312188 -4232.185205 -4231.461660 -4230.789012 -4230.677260 -4230.665634 -4230.666857 -4230.669898 -4230.673146 -4230.676255 -4230.679124 -4230.681766 -4230.684736 -4230.693585 -4230.755744 -4231.144848 -4231.737082 -4127.161951 -1788.903913 -1623.059723 -1624.852832 -1621.465961 -1620.293135 -1620.043528 -1619.999902 -1619.993289 -1619.992812 -1619.993265 -1619.993771 -1619.994190 -1619.994520 -1619.994780 -1619.994988 -1619.995158 -1619.995301 -1619.995426 -1619.995541 -1619.995656 -1619.995782 -1619.995936 -1619.996140 -1619.996429 -1619.996862 -1619.997528 -1619.998581 -1620.000284 -1620.003105 -1620.007904 -1620.016308 -1620.031494 -1620.059801 -1620.114181 -1620.222021 -1620.444358 -1620.927052 -1622.045138 -1624.841790 -1632.568046 -1657.177887 -9999.0 -9999.0
-9999.0 -9999.0 722.367425 624.270257 525.808392 427.074259 328.209836 229.289261 130.350184 31.412935 -67.506892 -166.404776 -265.265056 -364.049771 -462.688012 -561.069144 -658.992434 -756.644945 -854.320387 -951.622454 -1048.396698 -1142.399323 -1230.012583 -1309.936512 -1379.990520 -1438.891838 -1486.465379 -1523.508686 -1551.448274 -1571.964710 -1586.703881 -1597.108704 -1604.353440 -1609.344718 -1612.756774 -1615.079997 -1616.677198 -1617.878049 -1619.268181 -1622.634850 -1632.969833 -1661.980694 -1972.705449 -4172.312188 -4232.185205 -4231.461660 -4230.789012 -4230.677260 -4230.665634 -4230.666857 -4230.669898 -4230.673146 -4230.676255 -4230.679124 -4230.681766 -4230.684736 -4230.693585 -4230.755744 -4231.144848 -4231.737082 -4127.161951 -1788.903913 -1623.059723 -1624.852832 -1621.465961 -1620.293135 -1620.043528 -1619.999902 -1619.993289 -1619.992812 -1619.993265 -1619.993771 -1619.994190 -1619.994520 -1619.994780 -1619.994988 -1619.995158 -1619.995301 -1619.995426 -1619.995541 -1619.995656 -1619.995782 -1619.995936 -1619.996140 -1619.996429 -1619.996862 -1619.997528 -1619.998581 -1620.000284 -1620.003105 -1620.007904 -1620.016308 -1620.031494 -1620.059801 -1620.114181 -1620.222021 -1620.444358 -1620.927052 -1622.045138 -1624.841790 -1632.568046 -1657.177887 -9999.0 -9999.0
-9999.0 -9999.0 722.368733 624.270943 525.808674 427.074365 328.209874 229.289275 130.350189 31.412937 -67.506891 -166.404776 -265.265056 -364.049771 -462.688012 -561.069144 -658.992435 -756.644945 -854.320387 -951.622454 -1048.396698 -1142.399323 -1230.012583 -1309.936512 -1379.990520 -1438.891838 -1486.465379 -1523.508686 -1551.448275 -1571.964710 -1586.703881 -1597.108704 -1604.353440 -1609.344719 -1612.756774 -1615.079997 -1616.677198 -1617.878049 -1619.268181 -1622.634850 -1632.969833 -1661.980694 -1972.705449 -4172.312188 -4232.185205 -4231.461660 -4230.789012 -4230.677260 -4230.665634 -4230.666857 -4230.669898 -4230.673146 -4230.676255 -4230.679124 -4230.681766 -4230.684736 -4230.693585 -4230.755744 -4231.144848 -4231.737082 -4127.161951 -1788.903913 -1623.059723 -1624.852832 -1621.465961 -1620.293135 -1620.043528 -1619.999902 -1619.993289 -1619.992812 -1619.993265 -1619.993771 -1619.994190 -1619.994520 -1619.994780 -1619.994988 -1619.995158 -1619.995301 -1619.995426 -1619.995541 -1619.995656 -1619.995782 -1619.995936 -1619.996140 -1619.996429 -1619.996862 -1619.997528 -1619.998581 -1620.000284 -1620.003105 -1620.007904 -1620.016308 -1620.031494 -1620.059801 -1620.114181 -1620.222021 -1620.444358 -1620.927052 -1622.045138 -1624.841790 -1632.568046 -1657.177887 -9999.0 -9999.0
-9999.0 -9999.0 722.368733 624.270943 525.808674 427.074365 328.209875 229.289275 130.350189 31.412937 -67.506891 -166.404776 -265.265056 -364.049771 -462.688012 -561.069144 -658.992434 -756.644945 -854.320387 -951.622454 -1048.396698 -1142.399323 -1230.012583 -1309.936512 -1379.990520 -1438.891838 -1486.465379 -1523.508686 -1551.448275 -1571.964710 -1586.703881 -1597.108704 -1604.353440 -1609.344719 -1612.756774 -1615.079997 -1616.677198 -1617.878049 -1619.268181 -1622.634850 -1632.969833 -1661.980694 -1972.705449 -4172.312188 -4232.185205 -4231.461660 -4230.789012 -4230.677260 -4230.665634 -4230.666857 -4230.669898 -4230.673146 -4230.676255 -4230.679124 -4230.681766 -4230.684736 -4230.693585 -4230.755744 -4231.144848 -4231.737082 -4127.161951 -1788.903913 -1623.059723 -1624.852832 -1621.465961 -1620.293135 -1620.043528 -1619.999902 -1619.993289 -1619.992812 -1619.993265 -1619.993771 -1619.994190 -1619.994520 -1619.994780 -1619.994988 -1619.995158 -1619.995301 -1619.995426 -1619.995541 -1619.995656 -1619.995782 -1619.995936 -1619.996140 -1619.996429 -1619.996862 -1619.997528 -1619.998581 -1620.000284 -1620.003105 -1620.007904 -1620.016308 -1620.031494 -1620.059801 -1620.114181 -1620.222021 -1620.444358 -1620.927052 -1622.045138 -1624.841790 -1632.568046 -1657.177887 -9999.0 -9999.0
-9999.0 -9999.0 722.367425 624.270257 525.808392 427.074259 328.209836 229.289262 130.350183 31.412935 -67.506892 -166.404776 -265.265056 -364.049771 -462.688012 -561.069144 -658.992434 -756.644945 -854.320387 -951.622454 -1048.396698 -1142.399323 -1230.012583 -1309.936512 -1379.990520 -1438.891838 -1486.465379 -1523.508686 -1551.448274 -1571.964710 -1586.703881 -1597.108704 -1604.353440 -1609.344718 -1612.756774 -1615.079997 -1616.677198 -1617.878049 -1619.268181 -1622.634850 -1632.969833 -1661.980694 -1972.705449 -4172.312188 -4232.185205 -4231.461660 -4230.789012 -4230.677260 -4230.665634 -4230.666857 -4230.669898 -4230.673146 -4230.676255 -4230.679124 -4230.681766 -4230.684736 -4230.693585 -4230.755744 -4231.144848 -4231.737082 -4127.161951 -1788.903913 -1623.059723 -1624.852832 -1621.465961 -1620.293135 -1620.043528 -1619.999902 -1619.993289 -1619.992812 -1619.993265 -1619.993771 -1619.994190 -1619.994520 -1619.994780 -1619.994988 -1619.995158 -1619.995301 -1619.995426 -1619.995541 -1619.995656 -1619.995782 -1619.995936 -1619.996140 -1619.996429 -1619.996862 -1619.997528 -1619.998581 -1620.000284 -1620.003105 -1620.007904 -1620.016308 -1620.031494 -1620.059801 -1620.114181 -1620.222021 -1620.444358 -1620.927052 -1622.045138 -1624.841790 -1632.568046 -1657.177887 -9999.0 -9999.0
-9999.0 -9999.0 722.363273 624.268870 525.807970 427.074127 328.209792 229.289246 130.350178 31.412932 -67.506893 -166.404777 -265.265056 -364.049772 -462.688012 -561.069144 -658.992434 -756.644945 -854.320387 -951.622454 -1048.396698 -1142.399323 -1230.012583 -1309.936512 -1379.990520 -1438.891838 -1486.465379 -1523.508686 -1551.448274 -1571.964710 -1586.703881 -1597.108704 -1604.353440 -1609.344718 -1612.756774 -1615.079997 -1616.677198 -1617.878049 -1619.268181 -1622.634850 -1632.969833 -1661.980694 -1972.705449 -4172.312188 -4232.185205 -4231.461660 -4230.789012 -4230.677260 -4230.665634 -4230.666857 -4230.669898 -4230.673146 -4230.676255 -4230.679124 -4230.681766 -4230.684736 -4230.693585 -4230.755744 -4231.144848 -4231.737082 -4127.161951 -1788.903913 -1623.059723 -1624.852832 -1621.465961 -1620.293135 -1620.043528 -1619.999902 -1619.993289 -1619.992812 -1619.993265 -1619.993771 -1619.994190 -1619.994520 -1619.994780 -1619.994988 -1619.995158 -1619.995301 -1619.995426 -1619.995541 -1619.995656 -1619.995782 -1619.995936 -1619.996140 -1619.996429 -1619.996862 -1619.997528 -1619.998581 -1620.000284 -1620.003105 -1620.007904 -1620.016308 -1620.031494 -1620.059801 -1620.114181 -1620.222021 -1620.444358 -1620.927052 -1622.045138 -1624.841790 -1632.568046 -1657.177887 -9999.0 -9999.0
-9999.0 -9999.0 -9999.0 -9999.0 -9999.0 -9999.0 -9999.0 -9999.0 -9999.0 -9999.0 -9999.0 -9999.0 -9999.0 -9999.0 -9999.0 -9999.0 -9999.0 -9999.0 -9999.0 -9999.0 -9999.0 -9999.0 -9999.0 -9999.0 -9999.0 -9999.0 -9999.0 -9999.0 -9999.0 -9999.0 -9999.0 -9999.0 -9999.0 -9999.0 -9999.0 -9999.0 -9999.0 -9999.0 -9999.0 -9999.0 -9999.0 -9999.0 -9999.0 -9999.0 -9999.0 -9999.0 -9999.0 -9999.0 -9999.0 -9999.0 -9999.0 -9999.0 -9999.0 -9999.0 -9999.0 -9999.0 -9999.0 -9999.0 -9999.0 -9999.0 -9999.0 -9999.0 -9999.0 -9999.0 -9999.0 -9999.0 -9999.0 -9999.0 -9999.0 -9999.0 -9999.0 -9999.0 -9999.0 -9999.0 -9999.0 -9999.0 -9999.0 -9999.0 -9999.0 -9999.0 -9999.0 -9999.0 -9999.0 -9999.0 -9999.0 -9999.0 -9999.0 -9999.0 -9999.0 -9999.0 -9999.0 -9999.0 -9999.0 -9999.0 -9999.0 -9999.0 -9999.0 -9999.0 -9999.0 -9999.0 -9999.0 -9999.0 -9999.0 -9999.0
-9999.0 -9999.0 -9999.0 -9999.0 -9999.0 -9999.0 -9999.0 -9999.0 -9999.0 -9999.0 -9999.0 -9999.0 -9999.0 -9999.0 -9999.0 -9999.0 -9999.0 -9999.0 -9999.0 -9999.0 -9999.0 -9999.0 -9999.0 -9999.0 -9999.0 -9999.0 -9999.0 -9999.0 -9999.0 -9999.0 -9999.0 -9999.0 -9999.0 -9999.0 -9999.0 -9999.0 -9999.0 -9999.0 -9999.0 -9999.0 -9999.0 -9999.0 -9999.0 -9999.0 -9999.0 -9999.0 -9999.0 -9999.0 -9999.0 -9999.0 -9999.0 -9999.0 -9999.0 -9999.0 -9999.0 -9999.0 -9999.0 -9999.0 -9999.0 -9999.0 -9999.0 -9999.0 -9999.0 -9999.0 -9999.0 -9999.0 -9999.0 -9999.0 -9999.0 -9999.0 -9999.0 -9999.0 -9999.0 -9999.0 -9999.0 -9999.0 -9999.0 -9999.0 -9999.0 -9999.0 -9999.0 -9999.0 -9999.0 -9999.0 -9999.0 -9999.0 -9999.0 -9999.0 -9999.0 -9999.0 -9999.0 -9999.0 -9999.0 -9999.0 -9999.0 -9999.0 -9999.0 -9999.0 -9999.0 -9999.0 -9999.0 -9999.0 -9999.0 -9999.0