inst/processing_geotop_simulation/geotop_simulation/out/maps3D/PwL0010N0131.asc
ncols         104
nrows         10
xllcorner     -2.000000
yllcorner     0.000000
cellsize      1.000000
NODATA_value  -9999.0
-9999.0 -9999.0 -9999.0 -9999.0 -9999.0 -9999.0 -9999.0 -9999.0 -9999.0 -9999.0 -9999.0 -9999.0 -9999.0 -9999.0 -9999.0 -9999.0 -9999.0 -9999.0 -9999.0 -9999.0 -9999.0 -9999.0 -9999.0 -9999.0 -9999.0 -9999.0 -9999.0 -9999.0 -9999.0 -9999.0 -9999.0 -9999.0 -9999.0 -9999.0 -9999.0 -9999.0 -9999.0 -9999.0 -9999.0 -9999.0 -9999.0 -9999.0 -9999.0 -9999.0 -9999.0 -9999.0 -9999.0 -9999.0 -9999.0 -9999.0 -9999.0 -9999.0 -9999.0 -9999.0 -9999.0 -9999.0 -9999.0 -9999.0 -9999.0 -9999.0 -9999.0 -9999.0 -9999.0 -9999.0 -9999.0 -9999.0 -9999.0 -9999.0 -9999.0 -9999.0 -9999.0 -9999.0 -9999.0 -9999.0 -9999.0 -9999.0 -9999.0 -9999.0 -9999.0 -9999.0 -9999.0 -9999.0 -9999.0 -9999.0 -9999.0 -9999.0 -9999.0 -9999.0 -9999.0 -9999.0 -9999.0 -9999.0 -9999.0 -9999.0 -9999.0 -9999.0 -9999.0 -9999.0 -9999.0 -9999.0 -9999.0 -9999.0 -9999.0 -9999.0
-9999.0 -9999.0 -9999.0 -9999.0 -9999.0 -9999.0 -9999.0 -9999.0 -9999.0 -9999.0 -9999.0 -9999.0 -9999.0 -9999.0 -9999.0 -9999.0 -9999.0 -9999.0 -9999.0 -9999.0 -9999.0 -9999.0 -9999.0 -9999.0 -9999.0 -9999.0 -9999.0 -9999.0 -9999.0 -9999.0 -9999.0 -9999.0 -9999.0 -9999.0 -9999.0 -9999.0 -9999.0 -9999.0 -9999.0 -9999.0 -9999.0 -9999.0 -9999.0 -9999.0 -9999.0 -9999.0 -9999.0 -9999.0 -9999.0 -9999.0 -9999.0 -9999.0 -9999.0 -9999.0 -9999.0 -9999.0 -9999.0 -9999.0 -9999.0 -9999.0 -9999.0 -9999.0 -9999.0 -9999.0 -9999.0 -9999.0 -9999.0 -9999.0 -9999.0 -9999.0 -9999.0 -9999.0 -9999.0 -9999.0 -9999.0 -9999.0 -9999.0 -9999.0 -9999.0 -9999.0 -9999.0 -9999.0 -9999.0 -9999.0 -9999.0 -9999.0 -9999.0 -9999.0 -9999.0 -9999.0 -9999.0 -9999.0 -9999.0 -9999.0 -9999.0 -9999.0 -9999.0 -9999.0 -9999.0 -9999.0 -9999.0 -9999.0 -9999.0 -9999.0
-9999.0 -9999.0 487.435399 398.318681 305.802578 211.673377 116.854460 21.746945 -73.441760 -168.624947 -263.712803 -358.594269 -453.208078 -547.970561 -643.419406 -738.671556 -833.608376 -927.675830 -1019.525489 -1106.521615 -1177.964742 -1230.833771 -1266.648170 -1289.418735 -1303.436813 -1312.050800 -1317.457574 -1320.955680 -1323.278375 -1324.844908 -1325.909159 -1326.633626 -1327.126641 -1327.461599 -1327.688452 -1327.843138 -1327.959080 -1328.085452 -1328.375610 -1329.904954 -1339.543674 -1395.243069 -1625.025915 -2312.371716 -2077.283142 -1953.703478 -1900.483926 -1894.039506 -1893.399225 -1893.465439 -1893.630804 -1893.807788 -1893.977622 -1894.134748 -1894.279934 -1894.443365 -1894.927963 -1898.439209 -1925.077074 -1987.895120 -2098.353720 -1457.215345 -1368.848757 -1335.225247 -1329.250867 -1328.409437 -1328.289081 -1328.270198 -1328.268200 -1328.269225 -1328.270572 -1328.271710 -1328.272589 -1328.273255 -1328.273764 -1328.274157 -1328.274468 -1328.274719 -1328.274928 -1328.275111 -1328.275290 -1328.275487 -1328.275734 -1328.276076 -1328.276581 -1328.277356 -1328.278573 -1328.280516 -1328.283664 -1328.288848 -1328.297556 -1328.312557 -1328.339155 -1328.387756 -1328.479081 -1328.654768 -1328.999863 -1329.695588 -1331.159440 -1334.444831 -1342.467948 -1365.289285 -9999.0 -9999.0
-9999.0 -9999.0 487.442424 398.320651 305.803129 211.673543 116.854514 21.746963 -73.441754 -168.624945 -263.712802 -358.594269 -453.208078 -547.970561 -643.419406 -738.671556 -833.608377 -927.675830 -1019.525490 -1106.521615 -1177.964742 -1230.833771 -1266.648171 -1289.418735 -1303.436813 -1312.050800 -1317.457574 -1320.955680 -1323.278375 -1324.844908 -1325.909159 -1326.633626 -1327.126641 -1327.461599 -1327.688452 -1327.843138 -1327.959080 -1328.085452 -1328.375610 -1329.904954 -1339.543674 -1395.243069 -1625.025915 -2312.371714 -2077.283140 -1953.703474 -1900.483926 -1894.039506 -1893.399225 -1893.465439 -1893.630804 -1893.807788 -1893.977622 -1894.134748 -1894.279934 -1894.443365 -1894.927963 -1898.439209 -1925.077074 -1987.895120 -2098.353720 -1457.215345 -1368.848757 -1335.225247 -1329.250867 -1328.409437 -1328.289081 -1328.270198 -1328.268200 -1328.269225 -1328.270572 -1328.271710 -1328.272589 -1328.273255 -1328.273764 -1328.274157 -1328.274468 -1328.274719 -1328.274928 -1328.275111 -1328.275290 -1328.275487 -1328.275734 -1328.276076 -1328.276581 -1328.277356 -1328.278573 -1328.280516 -1328.283664 -1328.288848 -1328.297556 -1328.312557 -1328.339155 -1328.387756 -1328.479081 -1328.654768 -1328.999863 -1329.695588 -1331.159440 -1334.444831 -1342.467948 -1365.289285 -9999.0 -9999.0
-9999.0 -9999.0 487.444091 398.321533 305.803485 211.673674 116.854561 21.746980 -73.441748 -168.624943 -263.712802 -358.594269 -453.208078 -547.970562 -643.419406 -738.671556 -833.608377 -927.675830 -1019.525490 -1106.521615 -1177.964742 -1230.833771 -1266.648171 -1289.418735 -1303.436813 -1312.050800 -1317.457574 -1320.955680 -1323.278375 -1324.844908 -1325.909159 -1326.633626 -1327.126641 -1327.461599 -1327.688452 -1327.843138 -1327.959080 -1328.085452 -1328.375610 -1329.904954 -1339.543674 -1395.243069 -1625.025915 -2312.371714 -2077.283140 -1953.703473 -1900.483926 -1894.039506 -1893.399225 -1893.465439 -1893.630804 -1893.807788 -1893.977622 -1894.134748 -1894.279934 -1894.443365 -1894.927963 -1898.439209 -1925.077074 -1987.895120 -2098.353720 -1457.215345 -1368.848757 -1335.225247 -1329.250867 -1328.409437 -1328.289081 -1328.270198 -1328.268200 -1328.269225 -1328.270572 -1328.271710 -1328.272589 -1328.273255 -1328.273764 -1328.274157 -1328.274468 -1328.274719 -1328.274928 -1328.275111 -1328.275290 -1328.275487 -1328.275734 -1328.276076 -1328.276581 -1328.277356 -1328.278573 -1328.280516 -1328.283664 -1328.288848 -1328.297556 -1328.312557 -1328.339155 -1328.387756 -1328.479081 -1328.654768 -1328.999863 -1329.695588 -1331.159440 -1334.444831 -1342.467948 -1365.289285 -9999.0 -9999.0
-9999.0 -9999.0 487.444091 398.321533 305.803485 211.673674 116.854561 21.746980 -73.441748 -168.624943 -263.712802 -358.594269 -453.208078 -547.970562 -643.419406 -738.671556 -833.608377 -927.675830 -1019.525490 -1106.521615 -1177.964742 -1230.833771 -1266.648171 -1289.418735 -1303.436813 -1312.050800 -1317.457574 -1320.955680 -1323.278375 -1324.844908 -1325.909159 -1326.633626 -1327.126641 -1327.461599 -1327.688452 -1327.843138 -1327.959080 -1328.085452 -1328.375610 -1329.904954 -1339.543674 -1395.243069 -1625.025915 -2312.371714 -2077.283140 -1953.703473 -1900.483926 -1894.039506 -1893.399225 -1893.465439 -1893.630804 -1893.807788 -1893.977622 -1894.134748 -1894.279934 -1894.443365 -1894.927963 -1898.439209 -1925.077074 -1987.895120 -2098.353720 -1457.215345 -1368.848757 -1335.225247 -1329.250867 -1328.409437 -1328.289081 -1328.270198 -1328.268200 -1328.269225 -1328.270572 -1328.271710 -1328.272589 -1328.273255 -1328.273764 -1328.274157 -1328.274468 -1328.274719 -1328.274928 -1328.275111 -1328.275290 -1328.275487 -1328.275734 -1328.276076 -1328.276581 -1328.277356 -1328.278573 -1328.280516 -1328.283664 -1328.288848 -1328.297556 -1328.312557 -1328.339155 -1328.387756 -1328.479081 -1328.654768 -1328.999863 -1329.695588 -1331.159440 -1334.444831 -1342.467948 -1365.289285 -9999.0 -9999.0
-9999.0 -9999.0 487.442424 398.320651 305.803129 211.673543 116.854514 21.746963 -73.441754 -168.624945 -263.712802 -358.594269 -453.208078 -547.970562 -643.419406 -738.671556 -833.608377 -927.675830 -1019.525490 -1106.521615 -1177.964742 -1230.833771 -1266.648171 -1289.418735 -1303.436813 -1312.050800 -1317.457574 -1320.955680 -1323.278375 -1324.844908 -1325.909159 -1326.633626 -1327.126641 -1327.461599 -1327.688452 -1327.843138 -1327.959080 -1328.085452 -1328.375610 -1329.904954 -1339.543674 -1395.243069 -1625.025915 -2312.371714 -2077.283140 -1953.703474 -1900.483926 -1894.039506 -1893.399225 -1893.465439 -1893.630804 -1893.807788 -1893.977622 -1894.134748 -1894.279934 -1894.443365 -1894.927963 -1898.439209 -1925.077074 -1987.895120 -2098.353720 -1457.215345 -1368.848757 -1335.225247 -1329.250867 -1328.409437 -1328.289081 -1328.270198 -1328.268200 -1328.269225 -1328.270572 -1328.271710 -1328.272589 -1328.273255 -1328.273764 -1328.274157 -1328.274468 -1328.274719 -1328.274928 -1328.275111 -1328.275290 -1328.275487 -1328.275734 -1328.276076 -1328.276581 -1328.277356 -1328.278573 -1328.280516 -1328.283664 -1328.288848 -1328.297556 -1328.312557 -1328.339155 -1328.387756 -1328.479081 -1328.654768 -1328.999863 -1329.695588 -1331.159440 -1334.444831 -1342.467948 -1365.289285 -9999.0 -9999.0
-9999.0 -9999.0 487.435399 398.318681 305.802578 211.673377 116.854460 21.746945 -73.441760 -168.624947 -263.712803 -358.594269 -453.208078 -547.970561 -643.419406 -738.671556 -833.608376 -927.675830 -1019.525489 -1106.521615 -1177.964742 -1230.833771 -1266.648170 -1289.418735 -1303.436813 -1312.050800 -1317.457574 -1320.955680 -1323.278375 -1324.844908 -1325.909159 -1326.633626 -1327.126641 -1327.461599 -1327.688452 -1327.843138 -1327.959080 -1328.085452 -1328.375610 -1329.904954 -1339.543674 -1395.243069 -1625.025915 -2312.371716 -2077.283142 -1953.703478 -1900.483926 -1894.039506 -1893.399225 -1893.465439 -1893.630804 -1893.807788 -1893.977622 -1894.134748 -1894.279934 -1894.443365 -1894.927963 -1898.439209 -1925.077074 -1987.895120 -2098.353720 -1457.215345 -1368.848757 -1335.225247 -1329.250867 -1328.409437 -1328.289081 -1328.270198 -1328.268200 -1328.269225 -1328.270572 -1328.271710 -1328.272589 -1328.273255 -1328.273764 -1328.274157 -1328.274468 -1328.274719 -1328.274928 -1328.275111 -1328.275290 -1328.275487 -1328.275734 -1328.276076 -1328.276581 -1328.277356 -1328.278573 -1328.280516 -1328.283664 -1328.288848 -1328.297556 -1328.312557 -1328.339155 -1328.387756 -1328.479081 -1328.654768 -1328.999863 -1329.695588 -1331.159440 -1334.444831 -1342.467948 -1365.289285 -9999.0 -9999.0
-9999.0 -9999.0 -9999.0 -9999.0 -9999.0 -9999.0 -9999.0 -9999.0 -9999.0 -9999.0 -9999.0 -9999.0 -9999.0 -9999.0 -9999.0 -9999.0 -9999.0 -9999.0 -9999.0 -9999.0 -9999.0 -9999.0 -9999.0 -9999.0 -9999.0 -9999.0 -9999.0 -9999.0 -9999.0 -9999.0 -9999.0 -9999.0 -9999.0 -9999.0 -9999.0 -9999.0 -9999.0 -9999.0 -9999.0 -9999.0 -9999.0 -9999.0 -9999.0 -9999.0 -9999.0 -9999.0 -9999.0 -9999.0 -9999.0 -9999.0 -9999.0 -9999.0 -9999.0 -9999.0 -9999.0 -9999.0 -9999.0 -9999.0 -9999.0 -9999.0 -9999.0 -9999.0 -9999.0 -9999.0 -9999.0 -9999.0 -9999.0 -9999.0 -9999.0 -9999.0 -9999.0 -9999.0 -9999.0 -9999.0 -9999.0 -9999.0 -9999.0 -9999.0 -9999.0 -9999.0 -9999.0 -9999.0 -9999.0 -9999.0 -9999.0 -9999.0 -9999.0 -9999.0 -9999.0 -9999.0 -9999.0 -9999.0 -9999.0 -9999.0 -9999.0 -9999.0 -9999.0 -9999.0 -9999.0 -9999.0 -9999.0 -9999.0 -9999.0 -9999.0
-9999.0 -9999.0 -9999.0 -9999.0 -9999.0 -9999.0 -9999.0 -9999.0 -9999.0 -9999.0 -9999.0 -9999.0 -9999.0 -9999.0 -9999.0 -9999.0 -9999.0 -9999.0 -9999.0 -9999.0 -9999.0 -9999.0 -9999.0 -9999.0 -9999.0 -9999.0 -9999.0 -9999.0 -9999.0 -9999.0 -9999.0 -9999.0 -9999.0 -9999.0 -9999.0 -9999.0 -9999.0 -9999.0 -9999.0 -9999.0 -9999.0 -9999.0 -9999.0 -9999.0 -9999.0 -9999.0 -9999.0 -9999.0 -9999.0 -9999.0 -9999.0 -9999.0 -9999.0 -9999.0 -9999.0 -9999.0 -9999.0 -9999.0 -9999.0 -9999.0 -9999.0 -9999.0 -9999.0 -9999.0 -9999.0 -9999.0 -9999.0 -9999.0 -9999.0 -9999.0 -9999.0 -9999.0 -9999.0 -9999.0 -9999.0 -9999.0 -9999.0 -9999.0 -9999.0 -9999.0 -9999.0 -9999.0 -9999.0 -9999.0 -9999.0 -9999.0 -9999.0 -9999.0 -9999.0 -9999.0 -9999.0 -9999.0 -9999.0 -9999.0 -9999.0 -9999.0 -9999.0 -9999.0 -9999.0 -9999.0 -9999.0 -9999.0 -9999.0 -9999.0