inst/processing_geotop_simulation/geotop_simulation/out/maps3D/PwL0008N0101.asc
ncols         104
nrows         10
xllcorner     -2.000000
yllcorner     0.000000
cellsize      1.000000
NODATA_value  -9999.0
-9999.0 -9999.0 -9999.0 -9999.0 -9999.0 -9999.0 -9999.0 -9999.0 -9999.0 -9999.0 -9999.0 -9999.0 -9999.0 -9999.0 -9999.0 -9999.0 -9999.0 -9999.0 -9999.0 -9999.0 -9999.0 -9999.0 -9999.0 -9999.0 -9999.0 -9999.0 -9999.0 -9999.0 -9999.0 -9999.0 -9999.0 -9999.0 -9999.0 -9999.0 -9999.0 -9999.0 -9999.0 -9999.0 -9999.0 -9999.0 -9999.0 -9999.0 -9999.0 -9999.0 -9999.0 -9999.0 -9999.0 -9999.0 -9999.0 -9999.0 -9999.0 -9999.0 -9999.0 -9999.0 -9999.0 -9999.0 -9999.0 -9999.0 -9999.0 -9999.0 -9999.0 -9999.0 -9999.0 -9999.0 -9999.0 -9999.0 -9999.0 -9999.0 -9999.0 -9999.0 -9999.0 -9999.0 -9999.0 -9999.0 -9999.0 -9999.0 -9999.0 -9999.0 -9999.0 -9999.0 -9999.0 -9999.0 -9999.0 -9999.0 -9999.0 -9999.0 -9999.0 -9999.0 -9999.0 -9999.0 -9999.0 -9999.0 -9999.0 -9999.0 -9999.0 -9999.0 -9999.0 -9999.0 -9999.0 -9999.0 -9999.0 -9999.0 -9999.0 -9999.0
-9999.0 -9999.0 -9999.0 -9999.0 -9999.0 -9999.0 -9999.0 -9999.0 -9999.0 -9999.0 -9999.0 -9999.0 -9999.0 -9999.0 -9999.0 -9999.0 -9999.0 -9999.0 -9999.0 -9999.0 -9999.0 -9999.0 -9999.0 -9999.0 -9999.0 -9999.0 -9999.0 -9999.0 -9999.0 -9999.0 -9999.0 -9999.0 -9999.0 -9999.0 -9999.0 -9999.0 -9999.0 -9999.0 -9999.0 -9999.0 -9999.0 -9999.0 -9999.0 -9999.0 -9999.0 -9999.0 -9999.0 -9999.0 -9999.0 -9999.0 -9999.0 -9999.0 -9999.0 -9999.0 -9999.0 -9999.0 -9999.0 -9999.0 -9999.0 -9999.0 -9999.0 -9999.0 -9999.0 -9999.0 -9999.0 -9999.0 -9999.0 -9999.0 -9999.0 -9999.0 -9999.0 -9999.0 -9999.0 -9999.0 -9999.0 -9999.0 -9999.0 -9999.0 -9999.0 -9999.0 -9999.0 -9999.0 -9999.0 -9999.0 -9999.0 -9999.0 -9999.0 -9999.0 -9999.0 -9999.0 -9999.0 -9999.0 -9999.0 -9999.0 -9999.0 -9999.0 -9999.0 -9999.0 -9999.0 -9999.0 -9999.0 -9999.0 -9999.0 -9999.0
-9999.0 -9999.0 387.449602 299.902349 207.823415 113.921067 19.281072 -75.638701 -170.662550 -265.730885 -360.955633 -457.978561 -562.279487 -678.286503 -794.651992 -900.481376 -1002.369053 -1094.818119 -1172.787700 -1217.899270 -1237.840144 -1244.363447 -1245.393559 -1245.025434 -1244.957183 -1245.638411 -1246.947550 -1248.573325 -1250.221860 -1251.701181 -1252.924415 -1253.878909 -1254.592547 -1255.108570 -1255.471132 -1255.720573 -1255.899458 -1256.065389 -1256.308626 -1257.298382 -1264.901640 -1314.698355 -1268.494521 -1406.350680 -1332.538862 -1290.387929 -1271.391917 -1269.041341 -1268.807923 -1268.834869 -1268.898877 -1268.967256 -1269.032863 -1269.093553 -1269.149568 -1269.212019 -1269.392467 -1270.684320 -1280.304996 -1302.506087 -1340.914319 -1175.733613 -1292.499053 -1261.952689 -1257.090022 -1256.454885 -1256.355540 -1256.338517 -1256.337248 -1256.338907 -1256.340769 -1256.342300 -1256.343471 -1256.344355 -1256.345029 -1256.345551 -1256.345962 -1256.346294 -1256.346568 -1256.346809 -1256.347042 -1256.347296 -1256.347614 -1256.348051 -1256.348695 -1256.349682 -1256.351231 -1256.353698 -1256.357685 -1256.364226 -1256.375168 -1256.393917 -1256.426969 -1256.487030 -1256.599330 -1256.814264 -1257.233074 -1258.064060 -1259.763578 -1263.431127 -1271.983793 -1294.949220 -9999.0 -9999.0
-9999.0 -9999.0 387.457791 299.904453 207.823984 113.921237 19.281126 -75.638684 -170.662544 -265.730883 -360.955632 -457.978561 -562.279487 -678.286504 -794.651992 -900.481377 -1002.369053 -1094.818119 -1172.787700 -1217.899270 -1237.840144 -1244.363447 -1245.393559 -1245.025434 -1244.957183 -1245.638411 -1246.947550 -1248.573325 -1250.221860 -1251.701181 -1252.924415 -1253.878909 -1254.592547 -1255.108570 -1255.471132 -1255.720573 -1255.899458 -1256.065389 -1256.308626 -1257.298382 -1264.901640 -1314.698355 -1268.494521 -1406.350680 -1332.538861 -1290.387928 -1271.391917 -1269.041341 -1268.807923 -1268.834869 -1268.898877 -1268.967256 -1269.032863 -1269.093553 -1269.149568 -1269.212019 -1269.392467 -1270.684320 -1280.304996 -1302.506087 -1340.914319 -1175.733613 -1292.499053 -1261.952689 -1257.090022 -1256.454885 -1256.355540 -1256.338517 -1256.337248 -1256.338907 -1256.340769 -1256.342300 -1256.343471 -1256.344355 -1256.345029 -1256.345551 -1256.345962 -1256.346294 -1256.346568 -1256.346809 -1256.347042 -1256.347296 -1256.347614 -1256.348051 -1256.348695 -1256.349682 -1256.351231 -1256.353698 -1256.357685 -1256.364226 -1256.375168 -1256.393917 -1256.426969 -1256.487030 -1256.599330 -1256.814264 -1257.233074 -1258.064060 -1259.763578 -1263.431127 -1271.983793 -1294.949220 -9999.0 -9999.0
-9999.0 -9999.0 387.459473 299.905359 207.824348 113.921370 19.281173 -75.638667 -170.662538 -265.730881 -360.955632 -457.978561 -562.279487 -678.286504 -794.651993 -900.481377 -1002.369053 -1094.818119 -1172.787700 -1217.899270 -1237.840144 -1244.363447 -1245.393559 -1245.025434 -1244.957183 -1245.638411 -1246.947550 -1248.573325 -1250.221860 -1251.701181 -1252.924415 -1253.878909 -1254.592547 -1255.108570 -1255.471132 -1255.720573 -1255.899458 -1256.065389 -1256.308626 -1257.298382 -1264.901640 -1314.698355 -1268.494521 -1406.350680 -1332.538861 -1290.387928 -1271.391917 -1269.041341 -1268.807923 -1268.834869 -1268.898877 -1268.967256 -1269.032863 -1269.093553 -1269.149568 -1269.212019 -1269.392467 -1270.684320 -1280.304996 -1302.506087 -1340.914319 -1175.733613 -1292.499053 -1261.952689 -1257.090022 -1256.454885 -1256.355540 -1256.338517 -1256.337248 -1256.338907 -1256.340769 -1256.342300 -1256.343471 -1256.344355 -1256.345029 -1256.345551 -1256.345962 -1256.346294 -1256.346568 -1256.346809 -1256.347042 -1256.347296 -1256.347614 -1256.348051 -1256.348695 -1256.349682 -1256.351231 -1256.353698 -1256.357685 -1256.364226 -1256.375168 -1256.393917 -1256.426969 -1256.487030 -1256.599330 -1256.814264 -1257.233074 -1258.064060 -1259.763578 -1263.431127 -1271.983793 -1294.949220 -9999.0 -9999.0
-9999.0 -9999.0 387.459473 299.905359 207.824348 113.921370 19.281173 -75.638667 -170.662538 -265.730881 -360.955632 -457.978561 -562.279487 -678.286504 -794.651993 -900.481377 -1002.369053 -1094.818119 -1172.787700 -1217.899270 -1237.840144 -1244.363447 -1245.393559 -1245.025434 -1244.957183 -1245.638411 -1246.947550 -1248.573325 -1250.221860 -1251.701181 -1252.924415 -1253.878909 -1254.592547 -1255.108570 -1255.471132 -1255.720573 -1255.899458 -1256.065389 -1256.308626 -1257.298382 -1264.901640 -1314.698355 -1268.494521 -1406.350680 -1332.538861 -1290.387928 -1271.391917 -1269.041341 -1268.807923 -1268.834869 -1268.898877 -1268.967256 -1269.032863 -1269.093553 -1269.149568 -1269.212019 -1269.392467 -1270.684320 -1280.304996 -1302.506087 -1340.914319 -1175.733613 -1292.499053 -1261.952689 -1257.090022 -1256.454885 -1256.355540 -1256.338517 -1256.337248 -1256.338907 -1256.340769 -1256.342300 -1256.343471 -1256.344355 -1256.345029 -1256.345551 -1256.345962 -1256.346294 -1256.346568 -1256.346809 -1256.347042 -1256.347296 -1256.347614 -1256.348051 -1256.348695 -1256.349682 -1256.351231 -1256.353698 -1256.357685 -1256.364226 -1256.375168 -1256.393917 -1256.426969 -1256.487030 -1256.599330 -1256.814264 -1257.233074 -1258.064060 -1259.763578 -1263.431127 -1271.983793 -1294.949220 -9999.0 -9999.0
-9999.0 -9999.0 387.457791 299.904453 207.823984 113.921237 19.281126 -75.638683 -170.662544 -265.730883 -360.955632 -457.978561 -562.279487 -678.286504 -794.651992 -900.481377 -1002.369053 -1094.818119 -1172.787700 -1217.899270 -1237.840144 -1244.363447 -1245.393559 -1245.025434 -1244.957183 -1245.638411 -1246.947550 -1248.573325 -1250.221860 -1251.701181 -1252.924415 -1253.878909 -1254.592547 -1255.108570 -1255.471132 -1255.720573 -1255.899458 -1256.065389 -1256.308626 -1257.298382 -1264.901640 -1314.698355 -1268.494521 -1406.350680 -1332.538861 -1290.387928 -1271.391917 -1269.041341 -1268.807923 -1268.834869 -1268.898877 -1268.967256 -1269.032863 -1269.093553 -1269.149568 -1269.212019 -1269.392467 -1270.684320 -1280.304996 -1302.506087 -1340.914319 -1175.733613 -1292.499053 -1261.952689 -1257.090022 -1256.454885 -1256.355540 -1256.338517 -1256.337248 -1256.338907 -1256.340769 -1256.342300 -1256.343471 -1256.344355 -1256.345029 -1256.345551 -1256.345962 -1256.346294 -1256.346568 -1256.346809 -1256.347042 -1256.347296 -1256.347614 -1256.348051 -1256.348695 -1256.349682 -1256.351231 -1256.353698 -1256.357685 -1256.364226 -1256.375168 -1256.393917 -1256.426969 -1256.487030 -1256.599330 -1256.814264 -1257.233074 -1258.064060 -1259.763578 -1263.431127 -1271.983793 -1294.949220 -9999.0 -9999.0
-9999.0 -9999.0 387.449602 299.902349 207.823415 113.921067 19.281072 -75.638701 -170.662550 -265.730885 -360.955633 -457.978561 -562.279487 -678.286503 -794.651992 -900.481376 -1002.369053 -1094.818119 -1172.787700 -1217.899270 -1237.840144 -1244.363447 -1245.393559 -1245.025434 -1244.957183 -1245.638411 -1246.947550 -1248.573325 -1250.221860 -1251.701181 -1252.924415 -1253.878909 -1254.592547 -1255.108570 -1255.471132 -1255.720573 -1255.899458 -1256.065389 -1256.308626 -1257.298382 -1264.901640 -1314.698355 -1268.494521 -1406.350680 -1332.538862 -1290.387929 -1271.391917 -1269.041341 -1268.807923 -1268.834869 -1268.898877 -1268.967256 -1269.032863 -1269.093553 -1269.149568 -1269.212019 -1269.392467 -1270.684320 -1280.304996 -1302.506087 -1340.914319 -1175.733613 -1292.499053 -1261.952689 -1257.090022 -1256.454885 -1256.355540 -1256.338517 -1256.337248 -1256.338907 -1256.340769 -1256.342300 -1256.343471 -1256.344355 -1256.345029 -1256.345551 -1256.345962 -1256.346294 -1256.346568 -1256.346809 -1256.347042 -1256.347296 -1256.347614 -1256.348051 -1256.348695 -1256.349682 -1256.351231 -1256.353698 -1256.357685 -1256.364226 -1256.375168 -1256.393917 -1256.426969 -1256.487030 -1256.599330 -1256.814264 -1257.233074 -1258.064060 -1259.763578 -1263.431127 -1271.983793 -1294.949220 -9999.0 -9999.0
-9999.0 -9999.0 -9999.0 -9999.0 -9999.0 -9999.0 -9999.0 -9999.0 -9999.0 -9999.0 -9999.0 -9999.0 -9999.0 -9999.0 -9999.0 -9999.0 -9999.0 -9999.0 -9999.0 -9999.0 -9999.0 -9999.0 -9999.0 -9999.0 -9999.0 -9999.0 -9999.0 -9999.0 -9999.0 -9999.0 -9999.0 -9999.0 -9999.0 -9999.0 -9999.0 -9999.0 -9999.0 -9999.0 -9999.0 -9999.0 -9999.0 -9999.0 -9999.0 -9999.0 -9999.0 -9999.0 -9999.0 -9999.0 -9999.0 -9999.0 -9999.0 -9999.0 -9999.0 -9999.0 -9999.0 -9999.0 -9999.0 -9999.0 -9999.0 -9999.0 -9999.0 -9999.0 -9999.0 -9999.0 -9999.0 -9999.0 -9999.0 -9999.0 -9999.0 -9999.0 -9999.0 -9999.0 -9999.0 -9999.0 -9999.0 -9999.0 -9999.0 -9999.0 -9999.0 -9999.0 -9999.0 -9999.0 -9999.0 -9999.0 -9999.0 -9999.0 -9999.0 -9999.0 -9999.0 -9999.0 -9999.0 -9999.0 -9999.0 -9999.0 -9999.0 -9999.0 -9999.0 -9999.0 -9999.0 -9999.0 -9999.0 -9999.0 -9999.0 -9999.0
-9999.0 -9999.0 -9999.0 -9999.0 -9999.0 -9999.0 -9999.0 -9999.0 -9999.0 -9999.0 -9999.0 -9999.0 -9999.0 -9999.0 -9999.0 -9999.0 -9999.0 -9999.0 -9999.0 -9999.0 -9999.0 -9999.0 -9999.0 -9999.0 -9999.0 -9999.0 -9999.0 -9999.0 -9999.0 -9999.0 -9999.0 -9999.0 -9999.0 -9999.0 -9999.0 -9999.0 -9999.0 -9999.0 -9999.0 -9999.0 -9999.0 -9999.0 -9999.0 -9999.0 -9999.0 -9999.0 -9999.0 -9999.0 -9999.0 -9999.0 -9999.0 -9999.0 -9999.0 -9999.0 -9999.0 -9999.0 -9999.0 -9999.0 -9999.0 -9999.0 -9999.0 -9999.0 -9999.0 -9999.0 -9999.0 -9999.0 -9999.0 -9999.0 -9999.0 -9999.0 -9999.0 -9999.0 -9999.0 -9999.0 -9999.0 -9999.0 -9999.0 -9999.0 -9999.0 -9999.0 -9999.0 -9999.0 -9999.0 -9999.0 -9999.0 -9999.0 -9999.0 -9999.0 -9999.0 -9999.0 -9999.0 -9999.0 -9999.0 -9999.0 -9999.0 -9999.0 -9999.0 -9999.0 -9999.0 -9999.0 -9999.0 -9999.0 -9999.0 -9999.0