inst/processing_geotop_simulation/geotop_simulation/out/maps3D/PwL0022N0396.asc
ncols         104
nrows         10
xllcorner     -2.000000
yllcorner     0.000000
cellsize      1.000000
NODATA_value  -9999.0
-9999.0 -9999.0 -9999.0 -9999.0 -9999.0 -9999.0 -9999.0 -9999.0 -9999.0 -9999.0 -9999.0 -9999.0 -9999.0 -9999.0 -9999.0 -9999.0 -9999.0 -9999.0 -9999.0 -9999.0 -9999.0 -9999.0 -9999.0 -9999.0 -9999.0 -9999.0 -9999.0 -9999.0 -9999.0 -9999.0 -9999.0 -9999.0 -9999.0 -9999.0 -9999.0 -9999.0 -9999.0 -9999.0 -9999.0 -9999.0 -9999.0 -9999.0 -9999.0 -9999.0 -9999.0 -9999.0 -9999.0 -9999.0 -9999.0 -9999.0 -9999.0 -9999.0 -9999.0 -9999.0 -9999.0 -9999.0 -9999.0 -9999.0 -9999.0 -9999.0 -9999.0 -9999.0 -9999.0 -9999.0 -9999.0 -9999.0 -9999.0 -9999.0 -9999.0 -9999.0 -9999.0 -9999.0 -9999.0 -9999.0 -9999.0 -9999.0 -9999.0 -9999.0 -9999.0 -9999.0 -9999.0 -9999.0 -9999.0 -9999.0 -9999.0 -9999.0 -9999.0 -9999.0 -9999.0 -9999.0 -9999.0 -9999.0 -9999.0 -9999.0 -9999.0 -9999.0 -9999.0 -9999.0 -9999.0 -9999.0 -9999.0 -9999.0 -9999.0 -9999.0
-9999.0 -9999.0 -9999.0 -9999.0 -9999.0 -9999.0 -9999.0 -9999.0 -9999.0 -9999.0 -9999.0 -9999.0 -9999.0 -9999.0 -9999.0 -9999.0 -9999.0 -9999.0 -9999.0 -9999.0 -9999.0 -9999.0 -9999.0 -9999.0 -9999.0 -9999.0 -9999.0 -9999.0 -9999.0 -9999.0 -9999.0 -9999.0 -9999.0 -9999.0 -9999.0 -9999.0 -9999.0 -9999.0 -9999.0 -9999.0 -9999.0 -9999.0 -9999.0 -9999.0 -9999.0 -9999.0 -9999.0 -9999.0 -9999.0 -9999.0 -9999.0 -9999.0 -9999.0 -9999.0 -9999.0 -9999.0 -9999.0 -9999.0 -9999.0 -9999.0 -9999.0 -9999.0 -9999.0 -9999.0 -9999.0 -9999.0 -9999.0 -9999.0 -9999.0 -9999.0 -9999.0 -9999.0 -9999.0 -9999.0 -9999.0 -9999.0 -9999.0 -9999.0 -9999.0 -9999.0 -9999.0 -9999.0 -9999.0 -9999.0 -9999.0 -9999.0 -9999.0 -9999.0 -9999.0 -9999.0 -9999.0 -9999.0 -9999.0 -9999.0 -9999.0 -9999.0 -9999.0 -9999.0 -9999.0 -9999.0 -9999.0 -9999.0 -9999.0 -9999.0
-9999.0 -9999.0 1067.894162 968.806997 869.698484 770.489063 671.219412 571.922453 472.617501 373.315423 274.022398 174.742044 75.476575 -23.770282 -122.996078 -222.197807 -321.358066 -420.443806 -519.390737 -618.078151 -716.285305 -814.581211 -912.452210 -1009.696459 -1106.036369 -1194.248928 -1275.347771 -1347.508385 -1409.468622 -1460.771115 -1501.795327 -1533.582114 -1557.549701 -1575.216771 -1588.004108 -1597.132213 -1603.606259 -1608.305468 -1612.308700 -1617.775162 -1629.565393 -1659.173719 -1645.406647 -2339.405872 -3463.111992 -3428.291053 -2795.427405 -2461.802749 -2285.579410 -2172.539564 -2089.839010 -2018.459172 -1973.601875 -1943.943543 -1915.955375 -1886.100816 -1853.166220 -1817.384635 -1779.771906 -1740.843078 -1690.771358 -1453.738786 -1615.262201 -1621.987274 -1619.658411 -1618.489797 -1618.182985 -1618.120757 -1618.110129 -1618.108922 -1618.109273 -1618.109808 -1618.110303 -1618.110736 -1618.111117 -1618.111462 -1618.111780 -1618.112083 -1618.112376 -1618.112667 -1618.112966 -1618.113282 -1618.113629 -1618.114028 -1618.114510 -1618.115124 -1618.115949 -1618.117120 -1618.118869 -1618.121611 -1618.126115 -1618.133851 -1618.147720 -1618.173596 -1618.223796 -1618.325369 -1618.541410 -1619.028908 -1620.202987 -1623.237623 -1631.765028 -1658.399160 -9999.0 -9999.0
-9999.0 -9999.0 1067.896512 968.807952 869.698811 770.489173 671.219449 571.922467 472.617506 373.315425 274.022399 174.742044 75.476575 -23.770282 -122.996078 -222.197808 -321.358067 -420.443806 -519.390738 -618.078152 -716.285305 -814.581212 -912.452210 -1009.696459 -1106.036369 -1194.248928 -1275.347771 -1347.508385 -1409.468622 -1460.771115 -1501.795327 -1533.582114 -1557.549701 -1575.216771 -1588.004108 -1597.132213 -1603.606259 -1608.305468 -1612.308700 -1617.775162 -1629.565393 -1659.173719 -1645.406647 -2339.405872 -3463.111992 -3428.291053 -2795.427405 -2461.802748 -2285.579409 -2172.539564 -2089.839009 -2018.459171 -1973.601875 -1943.943543 -1915.955375 -1886.100816 -1853.166220 -1817.384635 -1779.771905 -1740.843078 -1690.771358 -1453.738786 -1615.262201 -1621.987274 -1619.658411 -1618.489797 -1618.182985 -1618.120757 -1618.110129 -1618.108922 -1618.109272 -1618.109808 -1618.110303 -1618.110736 -1618.111117 -1618.111462 -1618.111780 -1618.112083 -1618.112376 -1618.112667 -1618.112966 -1618.113282 -1618.113629 -1618.114028 -1618.114510 -1618.115124 -1618.115949 -1618.117120 -1618.118869 -1618.121611 -1618.126115 -1618.133851 -1618.147720 -1618.173596 -1618.223796 -1618.325369 -1618.541410 -1619.028908 -1620.202987 -1623.237623 -1631.765028 -1658.399160 -9999.0 -9999.0
-9999.0 -9999.0 1067.897495 968.808489 869.699041 770.489262 671.219483 571.922479 472.617511 373.315427 274.022400 174.742045 75.476575 -23.770282 -122.996079 -222.197808 -321.358067 -420.443806 -519.390738 -618.078152 -716.285306 -814.581212 -912.452210 -1009.696459 -1106.036369 -1194.248928 -1275.347771 -1347.508385 -1409.468622 -1460.771115 -1501.795327 -1533.582114 -1557.549702 -1575.216771 -1588.004108 -1597.132213 -1603.606259 -1608.305468 -1612.308700 -1617.775162 -1629.565393 -1659.173719 -1645.406647 -2339.405872 -3463.111991 -3428.291053 -2795.427404 -2461.802748 -2285.579409 -2172.539563 -2089.839008 -2018.459171 -1973.601875 -1943.943543 -1915.955375 -1886.100816 -1853.166220 -1817.384635 -1779.771905 -1740.843078 -1690.771358 -1453.738786 -1615.262201 -1621.987274 -1619.658411 -1618.489797 -1618.182985 -1618.120757 -1618.110129 -1618.108922 -1618.109272 -1618.109808 -1618.110303 -1618.110736 -1618.111117 -1618.111462 -1618.111780 -1618.112083 -1618.112376 -1618.112667 -1618.112966 -1618.113282 -1618.113629 -1618.114028 -1618.114510 -1618.115124 -1618.115949 -1618.117120 -1618.118869 -1618.121611 -1618.126115 -1618.133851 -1618.147720 -1618.173596 -1618.223796 -1618.325369 -1618.541410 -1619.028908 -1620.202987 -1623.237623 -1631.765028 -1658.399160 -9999.0 -9999.0
-9999.0 -9999.0 1067.897495 968.808489 869.699041 770.489262 671.219483 571.922479 472.617511 373.315427 274.022400 174.742045 75.476575 -23.770282 -122.996079 -222.197808 -321.358067 -420.443807 -519.390738 -618.078152 -716.285306 -814.581212 -912.452210 -1009.696459 -1106.036369 -1194.248928 -1275.347771 -1347.508385 -1409.468622 -1460.771115 -1501.795327 -1533.582114 -1557.549702 -1575.216771 -1588.004108 -1597.132213 -1603.606259 -1608.305468 -1612.308700 -1617.775162 -1629.565393 -1659.173719 -1645.406647 -2339.405872 -3463.111991 -3428.291053 -2795.427404 -2461.802748 -2285.579409 -2172.539563 -2089.839008 -2018.459171 -1973.601875 -1943.943543 -1915.955375 -1886.100816 -1853.166220 -1817.384635 -1779.771905 -1740.843078 -1690.771358 -1453.738786 -1615.262201 -1621.987274 -1619.658411 -1618.489797 -1618.182985 -1618.120757 -1618.110129 -1618.108922 -1618.109272 -1618.109808 -1618.110303 -1618.110736 -1618.111117 -1618.111462 -1618.111780 -1618.112083 -1618.112376 -1618.112667 -1618.112966 -1618.113282 -1618.113629 -1618.114028 -1618.114510 -1618.115124 -1618.115949 -1618.117120 -1618.118869 -1618.121611 -1618.126115 -1618.133851 -1618.147720 -1618.173596 -1618.223796 -1618.325369 -1618.541410 -1619.028908 -1620.202987 -1623.237623 -1631.765028 -1658.399160 -9999.0 -9999.0
-9999.0 -9999.0 1067.896512 968.807952 869.698811 770.489173 671.219449 571.922467 472.617506 373.315425 274.022399 174.742044 75.476575 -23.770282 -122.996079 -222.197808 -321.358067 -420.443806 -519.390738 -618.078152 -716.285305 -814.581212 -912.452210 -1009.696459 -1106.036369 -1194.248928 -1275.347771 -1347.508385 -1409.468622 -1460.771115 -1501.795327 -1533.582114 -1557.549701 -1575.216771 -1588.004108 -1597.132213 -1603.606259 -1608.305468 -1612.308700 -1617.775162 -1629.565393 -1659.173719 -1645.406647 -2339.405872 -3463.111992 -3428.291053 -2795.427405 -2461.802748 -2285.579409 -2172.539564 -2089.839009 -2018.459171 -1973.601875 -1943.943543 -1915.955375 -1886.100816 -1853.166220 -1817.384635 -1779.771906 -1740.843078 -1690.771358 -1453.738786 -1615.262201 -1621.987274 -1619.658411 -1618.489797 -1618.182985 -1618.120757 -1618.110129 -1618.108922 -1618.109272 -1618.109808 -1618.110303 -1618.110736 -1618.111117 -1618.111462 -1618.111780 -1618.112083 -1618.112376 -1618.112667 -1618.112966 -1618.113282 -1618.113629 -1618.114028 -1618.114510 -1618.115124 -1618.115949 -1618.117120 -1618.118869 -1618.121611 -1618.126115 -1618.133851 -1618.147720 -1618.173596 -1618.223796 -1618.325369 -1618.541410 -1619.028908 -1620.202987 -1623.237623 -1631.765028 -1658.399160 -9999.0 -9999.0
-9999.0 -9999.0 1067.894162 968.806997 869.698484 770.489063 671.219412 571.922453 472.617501 373.315423 274.022398 174.742044 75.476575 -23.770282 -122.996078 -222.197808 -321.358066 -420.443806 -519.390737 -618.078151 -716.285305 -814.581211 -912.452210 -1009.696459 -1106.036369 -1194.248928 -1275.347771 -1347.508385 -1409.468622 -1460.771115 -1501.795327 -1533.582114 -1557.549701 -1575.216771 -1588.004108 -1597.132213 -1603.606259 -1608.305468 -1612.308700 -1617.775162 -1629.565393 -1659.173719 -1645.406647 -2339.405873 -3463.111992 -3428.291053 -2795.427405 -2461.802749 -2285.579410 -2172.539565 -2089.839010 -2018.459172 -1973.601875 -1943.943543 -1915.955375 -1886.100816 -1853.166220 -1817.384635 -1779.771906 -1740.843078 -1690.771358 -1453.738786 -1615.262201 -1621.987274 -1619.658411 -1618.489797 -1618.182985 -1618.120757 -1618.110129 -1618.108922 -1618.109273 -1618.109808 -1618.110303 -1618.110736 -1618.111117 -1618.111462 -1618.111780 -1618.112083 -1618.112376 -1618.112667 -1618.112966 -1618.113282 -1618.113629 -1618.114028 -1618.114510 -1618.115124 -1618.115949 -1618.117120 -1618.118869 -1618.121611 -1618.126115 -1618.133851 -1618.147720 -1618.173596 -1618.223796 -1618.325369 -1618.541410 -1619.028908 -1620.202987 -1623.237623 -1631.765028 -1658.399160 -9999.0 -9999.0
-9999.0 -9999.0 -9999.0 -9999.0 -9999.0 -9999.0 -9999.0 -9999.0 -9999.0 -9999.0 -9999.0 -9999.0 -9999.0 -9999.0 -9999.0 -9999.0 -9999.0 -9999.0 -9999.0 -9999.0 -9999.0 -9999.0 -9999.0 -9999.0 -9999.0 -9999.0 -9999.0 -9999.0 -9999.0 -9999.0 -9999.0 -9999.0 -9999.0 -9999.0 -9999.0 -9999.0 -9999.0 -9999.0 -9999.0 -9999.0 -9999.0 -9999.0 -9999.0 -9999.0 -9999.0 -9999.0 -9999.0 -9999.0 -9999.0 -9999.0 -9999.0 -9999.0 -9999.0 -9999.0 -9999.0 -9999.0 -9999.0 -9999.0 -9999.0 -9999.0 -9999.0 -9999.0 -9999.0 -9999.0 -9999.0 -9999.0 -9999.0 -9999.0 -9999.0 -9999.0 -9999.0 -9999.0 -9999.0 -9999.0 -9999.0 -9999.0 -9999.0 -9999.0 -9999.0 -9999.0 -9999.0 -9999.0 -9999.0 -9999.0 -9999.0 -9999.0 -9999.0 -9999.0 -9999.0 -9999.0 -9999.0 -9999.0 -9999.0 -9999.0 -9999.0 -9999.0 -9999.0 -9999.0 -9999.0 -9999.0 -9999.0 -9999.0 -9999.0 -9999.0
-9999.0 -9999.0 -9999.0 -9999.0 -9999.0 -9999.0 -9999.0 -9999.0 -9999.0 -9999.0 -9999.0 -9999.0 -9999.0 -9999.0 -9999.0 -9999.0 -9999.0 -9999.0 -9999.0 -9999.0 -9999.0 -9999.0 -9999.0 -9999.0 -9999.0 -9999.0 -9999.0 -9999.0 -9999.0 -9999.0 -9999.0 -9999.0 -9999.0 -9999.0 -9999.0 -9999.0 -9999.0 -9999.0 -9999.0 -9999.0 -9999.0 -9999.0 -9999.0 -9999.0 -9999.0 -9999.0 -9999.0 -9999.0 -9999.0 -9999.0 -9999.0 -9999.0 -9999.0 -9999.0 -9999.0 -9999.0 -9999.0 -9999.0 -9999.0 -9999.0 -9999.0 -9999.0 -9999.0 -9999.0 -9999.0 -9999.0 -9999.0 -9999.0 -9999.0 -9999.0 -9999.0 -9999.0 -9999.0 -9999.0 -9999.0 -9999.0 -9999.0 -9999.0 -9999.0 -9999.0 -9999.0 -9999.0 -9999.0 -9999.0 -9999.0 -9999.0 -9999.0 -9999.0 -9999.0 -9999.0 -9999.0 -9999.0 -9999.0 -9999.0 -9999.0 -9999.0 -9999.0 -9999.0 -9999.0 -9999.0 -9999.0 -9999.0 -9999.0 -9999.0