inst/processing_geotop_simulation/geotop_simulation/out/maps3D/PwL0006N0156.asc
ncols         104
nrows         10
xllcorner     -2.000000
yllcorner     0.000000
cellsize      1.000000
NODATA_value  -9999.0
-9999.0 -9999.0 -9999.0 -9999.0 -9999.0 -9999.0 -9999.0 -9999.0 -9999.0 -9999.0 -9999.0 -9999.0 -9999.0 -9999.0 -9999.0 -9999.0 -9999.0 -9999.0 -9999.0 -9999.0 -9999.0 -9999.0 -9999.0 -9999.0 -9999.0 -9999.0 -9999.0 -9999.0 -9999.0 -9999.0 -9999.0 -9999.0 -9999.0 -9999.0 -9999.0 -9999.0 -9999.0 -9999.0 -9999.0 -9999.0 -9999.0 -9999.0 -9999.0 -9999.0 -9999.0 -9999.0 -9999.0 -9999.0 -9999.0 -9999.0 -9999.0 -9999.0 -9999.0 -9999.0 -9999.0 -9999.0 -9999.0 -9999.0 -9999.0 -9999.0 -9999.0 -9999.0 -9999.0 -9999.0 -9999.0 -9999.0 -9999.0 -9999.0 -9999.0 -9999.0 -9999.0 -9999.0 -9999.0 -9999.0 -9999.0 -9999.0 -9999.0 -9999.0 -9999.0 -9999.0 -9999.0 -9999.0 -9999.0 -9999.0 -9999.0 -9999.0 -9999.0 -9999.0 -9999.0 -9999.0 -9999.0 -9999.0 -9999.0 -9999.0 -9999.0 -9999.0 -9999.0 -9999.0 -9999.0 -9999.0 -9999.0 -9999.0 -9999.0 -9999.0
-9999.0 -9999.0 -9999.0 -9999.0 -9999.0 -9999.0 -9999.0 -9999.0 -9999.0 -9999.0 -9999.0 -9999.0 -9999.0 -9999.0 -9999.0 -9999.0 -9999.0 -9999.0 -9999.0 -9999.0 -9999.0 -9999.0 -9999.0 -9999.0 -9999.0 -9999.0 -9999.0 -9999.0 -9999.0 -9999.0 -9999.0 -9999.0 -9999.0 -9999.0 -9999.0 -9999.0 -9999.0 -9999.0 -9999.0 -9999.0 -9999.0 -9999.0 -9999.0 -9999.0 -9999.0 -9999.0 -9999.0 -9999.0 -9999.0 -9999.0 -9999.0 -9999.0 -9999.0 -9999.0 -9999.0 -9999.0 -9999.0 -9999.0 -9999.0 -9999.0 -9999.0 -9999.0 -9999.0 -9999.0 -9999.0 -9999.0 -9999.0 -9999.0 -9999.0 -9999.0 -9999.0 -9999.0 -9999.0 -9999.0 -9999.0 -9999.0 -9999.0 -9999.0 -9999.0 -9999.0 -9999.0 -9999.0 -9999.0 -9999.0 -9999.0 -9999.0 -9999.0 -9999.0 -9999.0 -9999.0 -9999.0 -9999.0 -9999.0 -9999.0 -9999.0 -9999.0 -9999.0 -9999.0 -9999.0 -9999.0 -9999.0 -9999.0 -9999.0 -9999.0
-9999.0 -9999.0 283.390101 194.040752 100.262398 4.987217 -90.864081 -186.954791 -283.088150 -379.121901 -474.878767 -569.975698 -663.769041 -757.565876 -851.422108 -945.295259 -1039.372562 -1132.518591 -1224.212918 -1306.126495 -1370.150301 -1416.097858 -1446.966175 -1466.902565 -1479.619321 -1487.814509 -1493.221385 -1496.874825 -1499.380568 -1501.106230 -1502.290953 -1503.098930 -1503.645893 -1504.013460 -1504.258709 -1504.422949 -1504.542827 -1504.670289 -1504.977351 -1506.548480 -1514.869385 -1537.132255 -1070.867714 -1099.508846 -1076.129674 -1061.703575 -1055.014034 -1054.105847 -1054.013805 -1054.025900 -1054.053284 -1054.082524 -1054.110595 -1054.136569 -1054.160550 -1054.187291 -1054.263565 -1054.786712 -1058.270280 -1066.175271 -1078.608230 -1034.849310 -1513.724367 -1510.396109 -1505.800069 -1504.977254 -1504.852780 -1504.833382 -1504.831170 -1504.831979 -1504.833140 -1504.834134 -1504.834904 -1504.835488 -1504.835933 -1504.836279 -1504.836551 -1504.836771 -1504.836954 -1504.837115 -1504.837273 -1504.837447 -1504.837665 -1504.837968 -1504.838415 -1504.839102 -1504.840182 -1504.841908 -1504.844706 -1504.849319 -1504.857079 -1504.870471 -1504.894258 -1504.937796 -1505.019718 -1505.177494 -1505.487816 -1506.114613 -1507.436234 -1510.411128 -1517.773732 -1539.647775 -9999.0 -9999.0
-9999.0 -9999.0 283.399479 194.042920 100.262967 4.987385 -90.864028 -186.954774 -283.088144 -379.121899 -474.878767 -569.975697 -663.769041 -757.565876 -851.422109 -945.295259 -1039.372562 -1132.518592 -1224.212918 -1306.126495 -1370.150302 -1416.097858 -1446.966176 -1466.902565 -1479.619321 -1487.814509 -1493.221385 -1496.874825 -1499.380568 -1501.106230 -1502.290953 -1503.098930 -1503.645893 -1504.013460 -1504.258709 -1504.422949 -1504.542827 -1504.670289 -1504.977351 -1506.548480 -1514.869385 -1537.132255 -1070.867714 -1099.508846 -1076.129673 -1061.703575 -1055.014034 -1054.105847 -1054.013805 -1054.025900 -1054.053284 -1054.082524 -1054.110595 -1054.136569 -1054.160550 -1054.187291 -1054.263565 -1054.786712 -1058.270280 -1066.175271 -1078.608230 -1034.849310 -1513.724367 -1510.396109 -1505.800069 -1504.977254 -1504.852780 -1504.833382 -1504.831170 -1504.831979 -1504.833140 -1504.834134 -1504.834904 -1504.835488 -1504.835933 -1504.836279 -1504.836551 -1504.836771 -1504.836954 -1504.837115 -1504.837273 -1504.837447 -1504.837665 -1504.837968 -1504.838415 -1504.839102 -1504.840182 -1504.841908 -1504.844706 -1504.849319 -1504.857079 -1504.870471 -1504.894258 -1504.937796 -1505.019718 -1505.177494 -1505.487816 -1506.114613 -1507.436234 -1510.411128 -1517.773732 -1539.647775 -9999.0 -9999.0
-9999.0 -9999.0 283.401105 194.043823 100.263328 4.987516 -90.863982 -186.954757 -283.088138 -379.121897 -474.878766 -569.975697 -663.769041 -757.565876 -851.422109 -945.295259 -1039.372562 -1132.518592 -1224.212918 -1306.126495 -1370.150302 -1416.097858 -1446.966176 -1466.902565 -1479.619321 -1487.814509 -1493.221385 -1496.874825 -1499.380568 -1501.106230 -1502.290953 -1503.098930 -1503.645893 -1504.013460 -1504.258709 -1504.422949 -1504.542827 -1504.670289 -1504.977351 -1506.548480 -1514.869385 -1537.132255 -1070.867714 -1099.508846 -1076.129673 -1061.703575 -1055.014034 -1054.105847 -1054.013805 -1054.025900 -1054.053284 -1054.082524 -1054.110595 -1054.136569 -1054.160550 -1054.187291 -1054.263565 -1054.786712 -1058.270280 -1066.175271 -1078.608230 -1034.849310 -1513.724367 -1510.396109 -1505.800069 -1504.977254 -1504.852780 -1504.833382 -1504.831170 -1504.831979 -1504.833140 -1504.834134 -1504.834904 -1504.835488 -1504.835933 -1504.836279 -1504.836551 -1504.836771 -1504.836954 -1504.837115 -1504.837273 -1504.837447 -1504.837665 -1504.837968 -1504.838415 -1504.839102 -1504.840182 -1504.841908 -1504.844706 -1504.849319 -1504.857079 -1504.870471 -1504.894258 -1504.937796 -1505.019718 -1505.177494 -1505.487816 -1506.114613 -1507.436234 -1510.411128 -1517.773732 -1539.647775 -9999.0 -9999.0
-9999.0 -9999.0 283.401105 194.043823 100.263328 4.987516 -90.863982 -186.954757 -283.088138 -379.121897 -474.878766 -569.975697 -663.769041 -757.565876 -851.422109 -945.295259 -1039.372562 -1132.518592 -1224.212918 -1306.126495 -1370.150302 -1416.097858 -1446.966176 -1466.902565 -1479.619321 -1487.814509 -1493.221385 -1496.874825 -1499.380568 -1501.106230 -1502.290953 -1503.098930 -1503.645893 -1504.013460 -1504.258709 -1504.422949 -1504.542827 -1504.670289 -1504.977351 -1506.548480 -1514.869385 -1537.132255 -1070.867714 -1099.508846 -1076.129673 -1061.703575 -1055.014034 -1054.105847 -1054.013805 -1054.025900 -1054.053284 -1054.082524 -1054.110595 -1054.136569 -1054.160550 -1054.187291 -1054.263565 -1054.786712 -1058.270280 -1066.175271 -1078.608230 -1034.849310 -1513.724367 -1510.396109 -1505.800069 -1504.977254 -1504.852780 -1504.833382 -1504.831170 -1504.831979 -1504.833140 -1504.834134 -1504.834904 -1504.835488 -1504.835933 -1504.836279 -1504.836551 -1504.836771 -1504.836954 -1504.837115 -1504.837273 -1504.837447 -1504.837665 -1504.837968 -1504.838415 -1504.839102 -1504.840182 -1504.841908 -1504.844706 -1504.849319 -1504.857079 -1504.870471 -1504.894258 -1504.937796 -1505.019718 -1505.177494 -1505.487816 -1506.114613 -1507.436234 -1510.411128 -1517.773732 -1539.647775 -9999.0 -9999.0
-9999.0 -9999.0 283.399479 194.042920 100.262967 4.987385 -90.864028 -186.954774 -283.088144 -379.121899 -474.878767 -569.975697 -663.769041 -757.565876 -851.422109 -945.295259 -1039.372562 -1132.518592 -1224.212918 -1306.126495 -1370.150302 -1416.097858 -1446.966176 -1466.902565 -1479.619321 -1487.814509 -1493.221385 -1496.874825 -1499.380568 -1501.106230 -1502.290953 -1503.098930 -1503.645893 -1504.013460 -1504.258709 -1504.422949 -1504.542827 -1504.670289 -1504.977351 -1506.548480 -1514.869385 -1537.132255 -1070.867714 -1099.508846 -1076.129673 -1061.703575 -1055.014034 -1054.105847 -1054.013805 -1054.025900 -1054.053284 -1054.082524 -1054.110595 -1054.136569 -1054.160550 -1054.187291 -1054.263565 -1054.786712 -1058.270280 -1066.175271 -1078.608230 -1034.849310 -1513.724367 -1510.396109 -1505.800069 -1504.977254 -1504.852780 -1504.833382 -1504.831170 -1504.831979 -1504.833140 -1504.834134 -1504.834904 -1504.835488 -1504.835933 -1504.836279 -1504.836551 -1504.836771 -1504.836954 -1504.837115 -1504.837273 -1504.837447 -1504.837665 -1504.837968 -1504.838415 -1504.839102 -1504.840182 -1504.841908 -1504.844706 -1504.849319 -1504.857079 -1504.870471 -1504.894258 -1504.937796 -1505.019718 -1505.177494 -1505.487816 -1506.114613 -1507.436234 -1510.411128 -1517.773732 -1539.647775 -9999.0 -9999.0
-9999.0 -9999.0 283.390101 194.040752 100.262398 4.987217 -90.864081 -186.954791 -283.088150 -379.121901 -474.878767 -569.975698 -663.769041 -757.565876 -851.422108 -945.295259 -1039.372562 -1132.518591 -1224.212918 -1306.126495 -1370.150301 -1416.097858 -1446.966175 -1466.902565 -1479.619321 -1487.814509 -1493.221385 -1496.874825 -1499.380568 -1501.106230 -1502.290953 -1503.098930 -1503.645893 -1504.013460 -1504.258709 -1504.422949 -1504.542827 -1504.670289 -1504.977351 -1506.548480 -1514.869385 -1537.132255 -1070.867714 -1099.508846 -1076.129674 -1061.703575 -1055.014034 -1054.105847 -1054.013805 -1054.025900 -1054.053284 -1054.082524 -1054.110595 -1054.136569 -1054.160550 -1054.187291 -1054.263565 -1054.786712 -1058.270280 -1066.175271 -1078.608230 -1034.849310 -1513.724367 -1510.396109 -1505.800069 -1504.977254 -1504.852780 -1504.833382 -1504.831170 -1504.831979 -1504.833140 -1504.834134 -1504.834904 -1504.835488 -1504.835933 -1504.836279 -1504.836551 -1504.836771 -1504.836954 -1504.837115 -1504.837273 -1504.837447 -1504.837665 -1504.837968 -1504.838415 -1504.839102 -1504.840182 -1504.841908 -1504.844706 -1504.849319 -1504.857079 -1504.870471 -1504.894258 -1504.937796 -1505.019718 -1505.177494 -1505.487816 -1506.114613 -1507.436234 -1510.411128 -1517.773732 -1539.647775 -9999.0 -9999.0
-9999.0 -9999.0 -9999.0 -9999.0 -9999.0 -9999.0 -9999.0 -9999.0 -9999.0 -9999.0 -9999.0 -9999.0 -9999.0 -9999.0 -9999.0 -9999.0 -9999.0 -9999.0 -9999.0 -9999.0 -9999.0 -9999.0 -9999.0 -9999.0 -9999.0 -9999.0 -9999.0 -9999.0 -9999.0 -9999.0 -9999.0 -9999.0 -9999.0 -9999.0 -9999.0 -9999.0 -9999.0 -9999.0 -9999.0 -9999.0 -9999.0 -9999.0 -9999.0 -9999.0 -9999.0 -9999.0 -9999.0 -9999.0 -9999.0 -9999.0 -9999.0 -9999.0 -9999.0 -9999.0 -9999.0 -9999.0 -9999.0 -9999.0 -9999.0 -9999.0 -9999.0 -9999.0 -9999.0 -9999.0 -9999.0 -9999.0 -9999.0 -9999.0 -9999.0 -9999.0 -9999.0 -9999.0 -9999.0 -9999.0 -9999.0 -9999.0 -9999.0 -9999.0 -9999.0 -9999.0 -9999.0 -9999.0 -9999.0 -9999.0 -9999.0 -9999.0 -9999.0 -9999.0 -9999.0 -9999.0 -9999.0 -9999.0 -9999.0 -9999.0 -9999.0 -9999.0 -9999.0 -9999.0 -9999.0 -9999.0 -9999.0 -9999.0 -9999.0 -9999.0
-9999.0 -9999.0 -9999.0 -9999.0 -9999.0 -9999.0 -9999.0 -9999.0 -9999.0 -9999.0 -9999.0 -9999.0 -9999.0 -9999.0 -9999.0 -9999.0 -9999.0 -9999.0 -9999.0 -9999.0 -9999.0 -9999.0 -9999.0 -9999.0 -9999.0 -9999.0 -9999.0 -9999.0 -9999.0 -9999.0 -9999.0 -9999.0 -9999.0 -9999.0 -9999.0 -9999.0 -9999.0 -9999.0 -9999.0 -9999.0 -9999.0 -9999.0 -9999.0 -9999.0 -9999.0 -9999.0 -9999.0 -9999.0 -9999.0 -9999.0 -9999.0 -9999.0 -9999.0 -9999.0 -9999.0 -9999.0 -9999.0 -9999.0 -9999.0 -9999.0 -9999.0 -9999.0 -9999.0 -9999.0 -9999.0 -9999.0 -9999.0 -9999.0 -9999.0 -9999.0 -9999.0 -9999.0 -9999.0 -9999.0 -9999.0 -9999.0 -9999.0 -9999.0 -9999.0 -9999.0 -9999.0 -9999.0 -9999.0 -9999.0 -9999.0 -9999.0 -9999.0 -9999.0 -9999.0 -9999.0 -9999.0 -9999.0 -9999.0 -9999.0 -9999.0 -9999.0 -9999.0 -9999.0 -9999.0 -9999.0 -9999.0 -9999.0 -9999.0 -9999.0