inst/processing_geotop_simulation/geotop_simulation/out/maps3D/PwL0018N0134.asc
ncols         104
nrows         10
xllcorner     -2.000000
yllcorner     0.000000
cellsize      1.000000
NODATA_value  -9999.0
-9999.0 -9999.0 -9999.0 -9999.0 -9999.0 -9999.0 -9999.0 -9999.0 -9999.0 -9999.0 -9999.0 -9999.0 -9999.0 -9999.0 -9999.0 -9999.0 -9999.0 -9999.0 -9999.0 -9999.0 -9999.0 -9999.0 -9999.0 -9999.0 -9999.0 -9999.0 -9999.0 -9999.0 -9999.0 -9999.0 -9999.0 -9999.0 -9999.0 -9999.0 -9999.0 -9999.0 -9999.0 -9999.0 -9999.0 -9999.0 -9999.0 -9999.0 -9999.0 -9999.0 -9999.0 -9999.0 -9999.0 -9999.0 -9999.0 -9999.0 -9999.0 -9999.0 -9999.0 -9999.0 -9999.0 -9999.0 -9999.0 -9999.0 -9999.0 -9999.0 -9999.0 -9999.0 -9999.0 -9999.0 -9999.0 -9999.0 -9999.0 -9999.0 -9999.0 -9999.0 -9999.0 -9999.0 -9999.0 -9999.0 -9999.0 -9999.0 -9999.0 -9999.0 -9999.0 -9999.0 -9999.0 -9999.0 -9999.0 -9999.0 -9999.0 -9999.0 -9999.0 -9999.0 -9999.0 -9999.0 -9999.0 -9999.0 -9999.0 -9999.0 -9999.0 -9999.0 -9999.0 -9999.0 -9999.0 -9999.0 -9999.0 -9999.0 -9999.0 -9999.0
-9999.0 -9999.0 -9999.0 -9999.0 -9999.0 -9999.0 -9999.0 -9999.0 -9999.0 -9999.0 -9999.0 -9999.0 -9999.0 -9999.0 -9999.0 -9999.0 -9999.0 -9999.0 -9999.0 -9999.0 -9999.0 -9999.0 -9999.0 -9999.0 -9999.0 -9999.0 -9999.0 -9999.0 -9999.0 -9999.0 -9999.0 -9999.0 -9999.0 -9999.0 -9999.0 -9999.0 -9999.0 -9999.0 -9999.0 -9999.0 -9999.0 -9999.0 -9999.0 -9999.0 -9999.0 -9999.0 -9999.0 -9999.0 -9999.0 -9999.0 -9999.0 -9999.0 -9999.0 -9999.0 -9999.0 -9999.0 -9999.0 -9999.0 -9999.0 -9999.0 -9999.0 -9999.0 -9999.0 -9999.0 -9999.0 -9999.0 -9999.0 -9999.0 -9999.0 -9999.0 -9999.0 -9999.0 -9999.0 -9999.0 -9999.0 -9999.0 -9999.0 -9999.0 -9999.0 -9999.0 -9999.0 -9999.0 -9999.0 -9999.0 -9999.0 -9999.0 -9999.0 -9999.0 -9999.0 -9999.0 -9999.0 -9999.0 -9999.0 -9999.0 -9999.0 -9999.0 -9999.0 -9999.0 -9999.0 -9999.0 -9999.0 -9999.0 -9999.0 -9999.0
-9999.0 -9999.0 887.931169 795.156515 701.561761 607.018859 511.976256 416.709359 321.366205 226.026470 130.733813 35.513680 -59.601729 -154.606681 -249.465460 -344.110279 -438.482813 -532.398361 -625.146602 -716.949222 -807.283166 -895.678317 -981.595388 -1046.877607 -1097.679203 -1134.752362 -1160.359582 -1177.276130 -1188.061595 -1194.743447 -1198.789947 -1201.198057 -1202.613631 -1203.440354 -1203.923198 -1204.209898 -1204.396291 -1204.572626 -1204.983521 -1207.123410 -1220.057328 -1309.988880 -2037.154638 -4070.090151 -4084.157851 -4084.158416 -4084.158415 -4084.158405 -4084.158346 -4084.158116 -4084.157389 -4084.154979 -4084.150552 -4084.144381 -4084.133437 -4084.110638 -4084.056280 -4083.911718 -4083.494034 -4082.198979 -4052.949199 -1873.951937 -1275.192200 -1214.522358 -1206.128997 -1205.008718 -1204.856479 -1204.833919 -1204.831285 -1204.832066 -1204.833263 -1204.834298 -1204.835105 -1204.835719 -1204.836190 -1204.836556 -1204.836846 -1204.837081 -1204.837276 -1204.837450 -1204.837619 -1204.837806 -1204.838040 -1204.838364 -1204.838841 -1204.839574 -1204.840724 -1204.842563 -1204.845546 -1204.850470 -1204.858768 -1204.873120 -1204.898677 -1204.945584 -1205.034146 -1205.205674 -1205.546966 -1206.252785 -1207.802413 -1211.467030 -1220.752729 -1246.551673 -9999.0 -9999.0
-9999.0 -9999.0 887.935055 795.157947 701.562221 607.019007 511.976305 416.709376 321.366211 226.026472 130.733814 35.513680 -59.601729 -154.606681 -249.465460 -344.110279 -438.482813 -532.398361 -625.146603 -716.949222 -807.283166 -895.678317 -981.595388 -1046.877607 -1097.679204 -1134.752362 -1160.359582 -1177.276130 -1188.061595 -1194.743447 -1198.789947 -1201.198057 -1202.613631 -1203.440354 -1203.923198 -1204.209898 -1204.396291 -1204.572626 -1204.983521 -1207.123410 -1220.057328 -1309.988880 -2037.154638 -4070.090151 -4084.157851 -4084.158416 -4084.158415 -4084.158405 -4084.158346 -4084.158116 -4084.157389 -4084.154979 -4084.150552 -4084.144381 -4084.133437 -4084.110638 -4084.056280 -4083.911718 -4083.494034 -4082.198979 -4052.949199 -1873.951937 -1275.192200 -1214.522358 -1206.128997 -1205.008718 -1204.856479 -1204.833919 -1204.831285 -1204.832066 -1204.833263 -1204.834298 -1204.835105 -1204.835719 -1204.836190 -1204.836556 -1204.836846 -1204.837081 -1204.837276 -1204.837450 -1204.837619 -1204.837806 -1204.838040 -1204.838364 -1204.838841 -1204.839574 -1204.840724 -1204.842563 -1204.845546 -1204.850470 -1204.858768 -1204.873120 -1204.898677 -1204.945584 -1205.034146 -1205.205674 -1205.546966 -1206.252785 -1207.802413 -1211.467030 -1220.752729 -1246.551673 -9999.0 -9999.0
-9999.0 -9999.0 887.936455 795.158696 701.562535 607.019127 511.976349 416.709392 321.366216 226.026474 130.733815 35.513680 -59.601729 -154.606681 -249.465460 -344.110280 -438.482813 -532.398361 -625.146603 -716.949223 -807.283166 -895.678317 -981.595389 -1046.877607 -1097.679204 -1134.752362 -1160.359582 -1177.276130 -1188.061596 -1194.743447 -1198.789947 -1201.198057 -1202.613631 -1203.440354 -1203.923198 -1204.209898 -1204.396291 -1204.572626 -1204.983521 -1207.123410 -1220.057328 -1309.988880 -2037.154638 -4070.090151 -4084.157851 -4084.158416 -4084.158415 -4084.158405 -4084.158346 -4084.158116 -4084.157389 -4084.154979 -4084.150552 -4084.144381 -4084.133437 -4084.110638 -4084.056280 -4083.911718 -4083.494034 -4082.198979 -4052.949199 -1873.951937 -1275.192200 -1214.522358 -1206.128997 -1205.008718 -1204.856479 -1204.833919 -1204.831285 -1204.832066 -1204.833263 -1204.834298 -1204.835105 -1204.835719 -1204.836190 -1204.836556 -1204.836846 -1204.837081 -1204.837276 -1204.837450 -1204.837619 -1204.837806 -1204.838040 -1204.838364 -1204.838841 -1204.839574 -1204.840724 -1204.842563 -1204.845546 -1204.850470 -1204.858768 -1204.873120 -1204.898677 -1204.945584 -1205.034146 -1205.205674 -1205.546966 -1206.252785 -1207.802413 -1211.467030 -1220.752729 -1246.551673 -9999.0 -9999.0
-9999.0 -9999.0 887.936455 795.158696 701.562535 607.019127 511.976349 416.709392 321.366216 226.026474 130.733815 35.513680 -59.601729 -154.606681 -249.465460 -344.110279 -438.482813 -532.398361 -625.146603 -716.949223 -807.283166 -895.678317 -981.595389 -1046.877607 -1097.679204 -1134.752362 -1160.359582 -1177.276130 -1188.061596 -1194.743447 -1198.789947 -1201.198057 -1202.613631 -1203.440354 -1203.923198 -1204.209898 -1204.396291 -1204.572626 -1204.983521 -1207.123410 -1220.057328 -1309.988880 -2037.154638 -4070.090151 -4084.157851 -4084.158416 -4084.158415 -4084.158405 -4084.158346 -4084.158116 -4084.157389 -4084.154979 -4084.150552 -4084.144381 -4084.133437 -4084.110638 -4084.056280 -4083.911718 -4083.494034 -4082.198979 -4052.949199 -1873.951937 -1275.192200 -1214.522358 -1206.128997 -1205.008718 -1204.856479 -1204.833919 -1204.831285 -1204.832066 -1204.833263 -1204.834298 -1204.835105 -1204.835719 -1204.836190 -1204.836556 -1204.836846 -1204.837081 -1204.837276 -1204.837450 -1204.837619 -1204.837806 -1204.838040 -1204.838364 -1204.838841 -1204.839574 -1204.840724 -1204.842563 -1204.845546 -1204.850470 -1204.858768 -1204.873120 -1204.898677 -1204.945584 -1205.034146 -1205.205674 -1205.546966 -1206.252785 -1207.802413 -1211.467030 -1220.752729 -1246.551673 -9999.0 -9999.0
-9999.0 -9999.0 887.935055 795.157947 701.562221 607.019007 511.976305 416.709376 321.366211 226.026472 130.733814 35.513680 -59.601729 -154.606681 -249.465460 -344.110279 -438.482813 -532.398361 -625.146603 -716.949222 -807.283166 -895.678317 -981.595388 -1046.877607 -1097.679204 -1134.752362 -1160.359582 -1177.276130 -1188.061595 -1194.743447 -1198.789947 -1201.198057 -1202.613631 -1203.440354 -1203.923198 -1204.209898 -1204.396291 -1204.572626 -1204.983521 -1207.123410 -1220.057328 -1309.988880 -2037.154638 -4070.090151 -4084.157851 -4084.158416 -4084.158415 -4084.158405 -4084.158346 -4084.158116 -4084.157389 -4084.154979 -4084.150552 -4084.144381 -4084.133437 -4084.110638 -4084.056280 -4083.911718 -4083.494034 -4082.198979 -4052.949199 -1873.951937 -1275.192200 -1214.522358 -1206.128997 -1205.008718 -1204.856479 -1204.833919 -1204.831285 -1204.832066 -1204.833263 -1204.834298 -1204.835105 -1204.835719 -1204.836190 -1204.836556 -1204.836846 -1204.837081 -1204.837276 -1204.837450 -1204.837619 -1204.837806 -1204.838040 -1204.838364 -1204.838841 -1204.839574 -1204.840724 -1204.842563 -1204.845546 -1204.850470 -1204.858768 -1204.873120 -1204.898677 -1204.945584 -1205.034146 -1205.205674 -1205.546966 -1206.252785 -1207.802413 -1211.467030 -1220.752729 -1246.551673 -9999.0 -9999.0
-9999.0 -9999.0 887.931169 795.156515 701.561761 607.018859 511.976256 416.709359 321.366205 226.026470 130.733813 35.513680 -59.601729 -154.606681 -249.465460 -344.110279 -438.482813 -532.398361 -625.146602 -716.949222 -807.283166 -895.678317 -981.595388 -1046.877607 -1097.679203 -1134.752362 -1160.359582 -1177.276130 -1188.061595 -1194.743447 -1198.789947 -1201.198057 -1202.613631 -1203.440354 -1203.923198 -1204.209898 -1204.396291 -1204.572626 -1204.983521 -1207.123410 -1220.057328 -1309.988880 -2037.154638 -4070.090151 -4084.157851 -4084.158416 -4084.158415 -4084.158405 -4084.158346 -4084.158116 -4084.157389 -4084.154979 -4084.150552 -4084.144381 -4084.133437 -4084.110638 -4084.056280 -4083.911718 -4083.494034 -4082.198979 -4052.949199 -1873.951937 -1275.192200 -1214.522358 -1206.128997 -1205.008718 -1204.856479 -1204.833919 -1204.831285 -1204.832066 -1204.833263 -1204.834298 -1204.835105 -1204.835719 -1204.836190 -1204.836556 -1204.836846 -1204.837081 -1204.837276 -1204.837450 -1204.837619 -1204.837806 -1204.838040 -1204.838364 -1204.838841 -1204.839574 -1204.840724 -1204.842563 -1204.845546 -1204.850470 -1204.858768 -1204.873120 -1204.898677 -1204.945584 -1205.034146 -1205.205674 -1205.546966 -1206.252785 -1207.802413 -1211.467030 -1220.752729 -1246.551673 -9999.0 -9999.0
-9999.0 -9999.0 -9999.0 -9999.0 -9999.0 -9999.0 -9999.0 -9999.0 -9999.0 -9999.0 -9999.0 -9999.0 -9999.0 -9999.0 -9999.0 -9999.0 -9999.0 -9999.0 -9999.0 -9999.0 -9999.0 -9999.0 -9999.0 -9999.0 -9999.0 -9999.0 -9999.0 -9999.0 -9999.0 -9999.0 -9999.0 -9999.0 -9999.0 -9999.0 -9999.0 -9999.0 -9999.0 -9999.0 -9999.0 -9999.0 -9999.0 -9999.0 -9999.0 -9999.0 -9999.0 -9999.0 -9999.0 -9999.0 -9999.0 -9999.0 -9999.0 -9999.0 -9999.0 -9999.0 -9999.0 -9999.0 -9999.0 -9999.0 -9999.0 -9999.0 -9999.0 -9999.0 -9999.0 -9999.0 -9999.0 -9999.0 -9999.0 -9999.0 -9999.0 -9999.0 -9999.0 -9999.0 -9999.0 -9999.0 -9999.0 -9999.0 -9999.0 -9999.0 -9999.0 -9999.0 -9999.0 -9999.0 -9999.0 -9999.0 -9999.0 -9999.0 -9999.0 -9999.0 -9999.0 -9999.0 -9999.0 -9999.0 -9999.0 -9999.0 -9999.0 -9999.0 -9999.0 -9999.0 -9999.0 -9999.0 -9999.0 -9999.0 -9999.0 -9999.0
-9999.0 -9999.0 -9999.0 -9999.0 -9999.0 -9999.0 -9999.0 -9999.0 -9999.0 -9999.0 -9999.0 -9999.0 -9999.0 -9999.0 -9999.0 -9999.0 -9999.0 -9999.0 -9999.0 -9999.0 -9999.0 -9999.0 -9999.0 -9999.0 -9999.0 -9999.0 -9999.0 -9999.0 -9999.0 -9999.0 -9999.0 -9999.0 -9999.0 -9999.0 -9999.0 -9999.0 -9999.0 -9999.0 -9999.0 -9999.0 -9999.0 -9999.0 -9999.0 -9999.0 -9999.0 -9999.0 -9999.0 -9999.0 -9999.0 -9999.0 -9999.0 -9999.0 -9999.0 -9999.0 -9999.0 -9999.0 -9999.0 -9999.0 -9999.0 -9999.0 -9999.0 -9999.0 -9999.0 -9999.0 -9999.0 -9999.0 -9999.0 -9999.0 -9999.0 -9999.0 -9999.0 -9999.0 -9999.0 -9999.0 -9999.0 -9999.0 -9999.0 -9999.0 -9999.0 -9999.0 -9999.0 -9999.0 -9999.0 -9999.0 -9999.0 -9999.0 -9999.0 -9999.0 -9999.0 -9999.0 -9999.0 -9999.0 -9999.0 -9999.0 -9999.0 -9999.0 -9999.0 -9999.0 -9999.0 -9999.0 -9999.0 -9999.0 -9999.0 -9999.0