inst/processing_geotop_simulation/geotop_simulation/out/maps3D/PwL0010N0420.asc
ncols         104
nrows         10
xllcorner     -2.000000
yllcorner     0.000000
cellsize      1.000000
NODATA_value  -9999.0
-9999.0 -9999.0 -9999.0 -9999.0 -9999.0 -9999.0 -9999.0 -9999.0 -9999.0 -9999.0 -9999.0 -9999.0 -9999.0 -9999.0 -9999.0 -9999.0 -9999.0 -9999.0 -9999.0 -9999.0 -9999.0 -9999.0 -9999.0 -9999.0 -9999.0 -9999.0 -9999.0 -9999.0 -9999.0 -9999.0 -9999.0 -9999.0 -9999.0 -9999.0 -9999.0 -9999.0 -9999.0 -9999.0 -9999.0 -9999.0 -9999.0 -9999.0 -9999.0 -9999.0 -9999.0 -9999.0 -9999.0 -9999.0 -9999.0 -9999.0 -9999.0 -9999.0 -9999.0 -9999.0 -9999.0 -9999.0 -9999.0 -9999.0 -9999.0 -9999.0 -9999.0 -9999.0 -9999.0 -9999.0 -9999.0 -9999.0 -9999.0 -9999.0 -9999.0 -9999.0 -9999.0 -9999.0 -9999.0 -9999.0 -9999.0 -9999.0 -9999.0 -9999.0 -9999.0 -9999.0 -9999.0 -9999.0 -9999.0 -9999.0 -9999.0 -9999.0 -9999.0 -9999.0 -9999.0 -9999.0 -9999.0 -9999.0 -9999.0 -9999.0 -9999.0 -9999.0 -9999.0 -9999.0 -9999.0 -9999.0 -9999.0 -9999.0 -9999.0 -9999.0
-9999.0 -9999.0 -9999.0 -9999.0 -9999.0 -9999.0 -9999.0 -9999.0 -9999.0 -9999.0 -9999.0 -9999.0 -9999.0 -9999.0 -9999.0 -9999.0 -9999.0 -9999.0 -9999.0 -9999.0 -9999.0 -9999.0 -9999.0 -9999.0 -9999.0 -9999.0 -9999.0 -9999.0 -9999.0 -9999.0 -9999.0 -9999.0 -9999.0 -9999.0 -9999.0 -9999.0 -9999.0 -9999.0 -9999.0 -9999.0 -9999.0 -9999.0 -9999.0 -9999.0 -9999.0 -9999.0 -9999.0 -9999.0 -9999.0 -9999.0 -9999.0 -9999.0 -9999.0 -9999.0 -9999.0 -9999.0 -9999.0 -9999.0 -9999.0 -9999.0 -9999.0 -9999.0 -9999.0 -9999.0 -9999.0 -9999.0 -9999.0 -9999.0 -9999.0 -9999.0 -9999.0 -9999.0 -9999.0 -9999.0 -9999.0 -9999.0 -9999.0 -9999.0 -9999.0 -9999.0 -9999.0 -9999.0 -9999.0 -9999.0 -9999.0 -9999.0 -9999.0 -9999.0 -9999.0 -9999.0 -9999.0 -9999.0 -9999.0 -9999.0 -9999.0 -9999.0 -9999.0 -9999.0 -9999.0 -9999.0 -9999.0 -9999.0 -9999.0 -9999.0
-9999.0 -9999.0 472.569289 374.022983 275.013818 175.788282 76.471295 -22.881784 -122.244875 -221.606408 -320.954561 -420.271931 -519.526634 -618.654008 -717.573886 -816.575741 -915.486131 -1014.288523 -1112.968506 -1210.508706 -1306.479057 -1399.391632 -1486.932104 -1566.432071 -1635.681899 -1693.529820 -1740.013652 -1776.114799 -1803.356313 -1823.430316 -1837.941276 -1848.271172 -1855.535985 -1860.596819 -1864.097123 -1866.509520 -1868.190828 -1869.478043 -1870.941001 -1873.816449 -1877.527321 -1849.600751 -1328.663908 -1486.447203 -1444.950186 -1417.554322 -1405.017176 -1403.232905 -1403.045728 -1403.062453 -1403.108094 -1403.157223 -1403.204432 -1403.248147 -1403.288753 -1403.336322 -1403.487027 -1404.523235 -1411.058053 -1425.790754 -1441.787214 -1270.014170 -1814.787250 -1870.308838 -1872.687388 -1872.018026 -1871.785354 -1871.736615 -1871.728356 -1871.727452 -1871.727738 -1871.728144 -1871.728494 -1871.728775 -1871.729000 -1871.729184 -1871.729338 -1871.729471 -1871.729589 -1871.729701 -1871.729814 -1871.729937 -1871.730084 -1871.730274 -1871.730538 -1871.730923 -1871.731506 -1871.732418 -1871.733884 -1871.736306 -1871.740427 -1871.747659 -1871.760775 -1871.785329 -1871.832763 -1871.927553 -1872.125082 -1872.559972 -1873.586656 -1876.230255 -1883.827284 -1908.774467 -9999.0 -9999.0
-9999.0 -9999.0 472.574837 374.024522 275.014247 175.788412 76.471337 -22.881770 -122.244869 -221.606406 -320.954560 -420.271931 -519.526634 -618.654008 -717.573886 -816.575741 -915.486131 -1014.288523 -1112.968506 -1210.508706 -1306.479057 -1399.391632 -1486.932104 -1566.432071 -1635.681899 -1693.529820 -1740.013652 -1776.114799 -1803.356313 -1823.430316 -1837.941276 -1848.271172 -1855.535985 -1860.596819 -1864.097123 -1866.509520 -1868.190828 -1869.478043 -1870.941001 -1873.816449 -1877.527321 -1849.600751 -1328.663907 -1486.447203 -1444.950186 -1417.554321 -1405.017176 -1403.232905 -1403.045728 -1403.062453 -1403.108094 -1403.157223 -1403.204432 -1403.248147 -1403.288753 -1403.336322 -1403.487027 -1404.523235 -1411.058053 -1425.790754 -1441.787214 -1270.014170 -1814.787250 -1870.308838 -1872.687388 -1872.018026 -1871.785354 -1871.736615 -1871.728356 -1871.727452 -1871.727738 -1871.728144 -1871.728494 -1871.728775 -1871.729000 -1871.729184 -1871.729338 -1871.729471 -1871.729589 -1871.729701 -1871.729813 -1871.729937 -1871.730084 -1871.730274 -1871.730538 -1871.730923 -1871.731506 -1871.732418 -1871.733884 -1871.736306 -1871.740427 -1871.747659 -1871.760775 -1871.785329 -1871.832763 -1871.927553 -1872.125082 -1872.559972 -1873.586656 -1876.230255 -1883.827284 -1908.774467 -9999.0 -9999.0
-9999.0 -9999.0 472.576153 374.025214 275.014525 175.788514 76.471374 -22.881757 -122.244864 -221.606404 -320.954559 -420.271931 -519.526634 -618.654008 -717.573886 -816.575741 -915.486131 -1014.288523 -1112.968506 -1210.508706 -1306.479057 -1399.391632 -1486.932104 -1566.432071 -1635.681899 -1693.529820 -1740.013652 -1776.114800 -1803.356313 -1823.430316 -1837.941276 -1848.271172 -1855.535985 -1860.596819 -1864.097123 -1866.509520 -1868.190828 -1869.478043 -1870.941001 -1873.816449 -1877.527321 -1849.600751 -1328.663907 -1486.447203 -1444.950186 -1417.554321 -1405.017176 -1403.232905 -1403.045728 -1403.062453 -1403.108094 -1403.157223 -1403.204432 -1403.248147 -1403.288753 -1403.336322 -1403.487027 -1404.523235 -1411.058053 -1425.790754 -1441.787214 -1270.014170 -1814.787250 -1870.308838 -1872.687388 -1872.018026 -1871.785354 -1871.736615 -1871.728356 -1871.727452 -1871.727738 -1871.728144 -1871.728494 -1871.728775 -1871.729000 -1871.729184 -1871.729338 -1871.729471 -1871.729589 -1871.729701 -1871.729813 -1871.729937 -1871.730084 -1871.730274 -1871.730538 -1871.730923 -1871.731506 -1871.732418 -1871.733884 -1871.736306 -1871.740427 -1871.747659 -1871.760775 -1871.785329 -1871.832763 -1871.927553 -1872.125082 -1872.559972 -1873.586656 -1876.230255 -1883.827284 -1908.774467 -9999.0 -9999.0
-9999.0 -9999.0 472.576153 374.025214 275.014525 175.788514 76.471374 -22.881757 -122.244864 -221.606404 -320.954559 -420.271931 -519.526633 -618.654008 -717.573886 -816.575741 -915.486131 -1014.288523 -1112.968506 -1210.508706 -1306.479057 -1399.391632 -1486.932104 -1566.432071 -1635.681899 -1693.529820 -1740.013652 -1776.114800 -1803.356313 -1823.430316 -1837.941276 -1848.271172 -1855.535985 -1860.596819 -1864.097123 -1866.509520 -1868.190828 -1869.478043 -1870.941001 -1873.816449 -1877.527321 -1849.600751 -1328.663907 -1486.447203 -1444.950186 -1417.554321 -1405.017176 -1403.232905 -1403.045728 -1403.062453 -1403.108094 -1403.157223 -1403.204432 -1403.248147 -1403.288753 -1403.336322 -1403.487027 -1404.523235 -1411.058053 -1425.790754 -1441.787214 -1270.014170 -1814.787250 -1870.308838 -1872.687388 -1872.018026 -1871.785354 -1871.736615 -1871.728356 -1871.727452 -1871.727738 -1871.728144 -1871.728494 -1871.728775 -1871.729000 -1871.729184 -1871.729338 -1871.729471 -1871.729589 -1871.729701 -1871.729813 -1871.729937 -1871.730084 -1871.730274 -1871.730538 -1871.730923 -1871.731506 -1871.732418 -1871.733884 -1871.736306 -1871.740427 -1871.747659 -1871.760775 -1871.785329 -1871.832763 -1871.927553 -1872.125082 -1872.559972 -1873.586656 -1876.230255 -1883.827284 -1908.774467 -9999.0 -9999.0
-9999.0 -9999.0 472.574837 374.024522 275.014247 175.788412 76.471337 -22.881770 -122.244869 -221.606406 -320.954560 -420.271931 -519.526634 -618.654008 -717.573886 -816.575741 -915.486131 -1014.288523 -1112.968506 -1210.508706 -1306.479057 -1399.391632 -1486.932104 -1566.432071 -1635.681899 -1693.529820 -1740.013652 -1776.114799 -1803.356313 -1823.430316 -1837.941276 -1848.271172 -1855.535985 -1860.596819 -1864.097123 -1866.509520 -1868.190828 -1869.478043 -1870.941001 -1873.816449 -1877.527321 -1849.600751 -1328.663907 -1486.447203 -1444.950186 -1417.554321 -1405.017176 -1403.232905 -1403.045728 -1403.062453 -1403.108094 -1403.157223 -1403.204432 -1403.248147 -1403.288753 -1403.336322 -1403.487027 -1404.523235 -1411.058053 -1425.790754 -1441.787214 -1270.014170 -1814.787250 -1870.308838 -1872.687388 -1872.018026 -1871.785354 -1871.736615 -1871.728356 -1871.727452 -1871.727738 -1871.728144 -1871.728494 -1871.728775 -1871.729000 -1871.729184 -1871.729338 -1871.729471 -1871.729589 -1871.729701 -1871.729813 -1871.729937 -1871.730084 -1871.730274 -1871.730538 -1871.730923 -1871.731506 -1871.732418 -1871.733884 -1871.736306 -1871.740427 -1871.747659 -1871.760775 -1871.785329 -1871.832763 -1871.927553 -1872.125082 -1872.559972 -1873.586656 -1876.230255 -1883.827284 -1908.774467 -9999.0 -9999.0
-9999.0 -9999.0 472.569289 374.022983 275.013818 175.788282 76.471295 -22.881784 -122.244875 -221.606408 -320.954561 -420.271932 -519.526634 -618.654008 -717.573886 -816.575741 -915.486131 -1014.288523 -1112.968506 -1210.508706 -1306.479057 -1399.391632 -1486.932104 -1566.432071 -1635.681899 -1693.529820 -1740.013652 -1776.114799 -1803.356313 -1823.430316 -1837.941276 -1848.271172 -1855.535985 -1860.596819 -1864.097123 -1866.509520 -1868.190828 -1869.478043 -1870.941001 -1873.816449 -1877.527321 -1849.600751 -1328.663908 -1486.447203 -1444.950186 -1417.554322 -1405.017176 -1403.232905 -1403.045728 -1403.062453 -1403.108094 -1403.157223 -1403.204432 -1403.248147 -1403.288753 -1403.336322 -1403.487027 -1404.523235 -1411.058053 -1425.790754 -1441.787214 -1270.014170 -1814.787250 -1870.308838 -1872.687388 -1872.018026 -1871.785354 -1871.736615 -1871.728356 -1871.727452 -1871.727738 -1871.728144 -1871.728494 -1871.728775 -1871.729000 -1871.729184 -1871.729338 -1871.729471 -1871.729589 -1871.729701 -1871.729814 -1871.729937 -1871.730084 -1871.730274 -1871.730538 -1871.730923 -1871.731506 -1871.732418 -1871.733884 -1871.736306 -1871.740427 -1871.747659 -1871.760775 -1871.785329 -1871.832763 -1871.927553 -1872.125082 -1872.559972 -1873.586656 -1876.230255 -1883.827284 -1908.774467 -9999.0 -9999.0
-9999.0 -9999.0 -9999.0 -9999.0 -9999.0 -9999.0 -9999.0 -9999.0 -9999.0 -9999.0 -9999.0 -9999.0 -9999.0 -9999.0 -9999.0 -9999.0 -9999.0 -9999.0 -9999.0 -9999.0 -9999.0 -9999.0 -9999.0 -9999.0 -9999.0 -9999.0 -9999.0 -9999.0 -9999.0 -9999.0 -9999.0 -9999.0 -9999.0 -9999.0 -9999.0 -9999.0 -9999.0 -9999.0 -9999.0 -9999.0 -9999.0 -9999.0 -9999.0 -9999.0 -9999.0 -9999.0 -9999.0 -9999.0 -9999.0 -9999.0 -9999.0 -9999.0 -9999.0 -9999.0 -9999.0 -9999.0 -9999.0 -9999.0 -9999.0 -9999.0 -9999.0 -9999.0 -9999.0 -9999.0 -9999.0 -9999.0 -9999.0 -9999.0 -9999.0 -9999.0 -9999.0 -9999.0 -9999.0 -9999.0 -9999.0 -9999.0 -9999.0 -9999.0 -9999.0 -9999.0 -9999.0 -9999.0 -9999.0 -9999.0 -9999.0 -9999.0 -9999.0 -9999.0 -9999.0 -9999.0 -9999.0 -9999.0 -9999.0 -9999.0 -9999.0 -9999.0 -9999.0 -9999.0 -9999.0 -9999.0 -9999.0 -9999.0 -9999.0 -9999.0
-9999.0 -9999.0 -9999.0 -9999.0 -9999.0 -9999.0 -9999.0 -9999.0 -9999.0 -9999.0 -9999.0 -9999.0 -9999.0 -9999.0 -9999.0 -9999.0 -9999.0 -9999.0 -9999.0 -9999.0 -9999.0 -9999.0 -9999.0 -9999.0 -9999.0 -9999.0 -9999.0 -9999.0 -9999.0 -9999.0 -9999.0 -9999.0 -9999.0 -9999.0 -9999.0 -9999.0 -9999.0 -9999.0 -9999.0 -9999.0 -9999.0 -9999.0 -9999.0 -9999.0 -9999.0 -9999.0 -9999.0 -9999.0 -9999.0 -9999.0 -9999.0 -9999.0 -9999.0 -9999.0 -9999.0 -9999.0 -9999.0 -9999.0 -9999.0 -9999.0 -9999.0 -9999.0 -9999.0 -9999.0 -9999.0 -9999.0 -9999.0 -9999.0 -9999.0 -9999.0 -9999.0 -9999.0 -9999.0 -9999.0 -9999.0 -9999.0 -9999.0 -9999.0 -9999.0 -9999.0 -9999.0 -9999.0 -9999.0 -9999.0 -9999.0 -9999.0 -9999.0 -9999.0 -9999.0 -9999.0 -9999.0 -9999.0 -9999.0 -9999.0 -9999.0 -9999.0 -9999.0 -9999.0 -9999.0 -9999.0 -9999.0 -9999.0 -9999.0 -9999.0