inst/processing_geotop_simulation/geotop_simulation/out/maps3D/PwL0001N0250.asc
ncols         104
nrows         10
xllcorner     -2.000000
yllcorner     0.000000
cellsize      1.000000
NODATA_value  -9999.0
-9999.0 -9999.0 -9999.0 -9999.0 -9999.0 -9999.0 -9999.0 -9999.0 -9999.0 -9999.0 -9999.0 -9999.0 -9999.0 -9999.0 -9999.0 -9999.0 -9999.0 -9999.0 -9999.0 -9999.0 -9999.0 -9999.0 -9999.0 -9999.0 -9999.0 -9999.0 -9999.0 -9999.0 -9999.0 -9999.0 -9999.0 -9999.0 -9999.0 -9999.0 -9999.0 -9999.0 -9999.0 -9999.0 -9999.0 -9999.0 -9999.0 -9999.0 -9999.0 -9999.0 -9999.0 -9999.0 -9999.0 -9999.0 -9999.0 -9999.0 -9999.0 -9999.0 -9999.0 -9999.0 -9999.0 -9999.0 -9999.0 -9999.0 -9999.0 -9999.0 -9999.0 -9999.0 -9999.0 -9999.0 -9999.0 -9999.0 -9999.0 -9999.0 -9999.0 -9999.0 -9999.0 -9999.0 -9999.0 -9999.0 -9999.0 -9999.0 -9999.0 -9999.0 -9999.0 -9999.0 -9999.0 -9999.0 -9999.0 -9999.0 -9999.0 -9999.0 -9999.0 -9999.0 -9999.0 -9999.0 -9999.0 -9999.0 -9999.0 -9999.0 -9999.0 -9999.0 -9999.0 -9999.0 -9999.0 -9999.0 -9999.0 -9999.0 -9999.0 -9999.0
-9999.0 -9999.0 -9999.0 -9999.0 -9999.0 -9999.0 -9999.0 -9999.0 -9999.0 -9999.0 -9999.0 -9999.0 -9999.0 -9999.0 -9999.0 -9999.0 -9999.0 -9999.0 -9999.0 -9999.0 -9999.0 -9999.0 -9999.0 -9999.0 -9999.0 -9999.0 -9999.0 -9999.0 -9999.0 -9999.0 -9999.0 -9999.0 -9999.0 -9999.0 -9999.0 -9999.0 -9999.0 -9999.0 -9999.0 -9999.0 -9999.0 -9999.0 -9999.0 -9999.0 -9999.0 -9999.0 -9999.0 -9999.0 -9999.0 -9999.0 -9999.0 -9999.0 -9999.0 -9999.0 -9999.0 -9999.0 -9999.0 -9999.0 -9999.0 -9999.0 -9999.0 -9999.0 -9999.0 -9999.0 -9999.0 -9999.0 -9999.0 -9999.0 -9999.0 -9999.0 -9999.0 -9999.0 -9999.0 -9999.0 -9999.0 -9999.0 -9999.0 -9999.0 -9999.0 -9999.0 -9999.0 -9999.0 -9999.0 -9999.0 -9999.0 -9999.0 -9999.0 -9999.0 -9999.0 -9999.0 -9999.0 -9999.0 -9999.0 -9999.0 -9999.0 -9999.0 -9999.0 -9999.0 -9999.0 -9999.0 -9999.0 -9999.0 -9999.0 -9999.0
-9999.0 -9999.0 27.897814 -66.102658 -163.369029 -261.343052 -359.572524 -457.882305 -556.182069 -654.391564 -752.354395 -849.942493 -947.052495 -1043.529209 -1139.870080 -1235.955735 -1330.663699 -1423.380763 -1513.516665 -1599.503211 -1677.248616 -1742.407328 -1793.159340 -1830.516065 -1856.997544 -1875.355558 -1887.925309 -1896.465999 -1902.230814 -1906.094270 -1908.663998 -1910.360817 -1911.474170 -1912.201053 -1912.674234 -1912.984201 -1913.200154 -1913.410741 -1913.905472 -1915.941895 -1922.155465 -1897.530271 -1175.678453 -1172.346695 -1161.973463 -1155.323010 -1152.198946 -1151.728877 -1151.679223 -1151.685234 -1151.699486 -1151.714761 -1151.729437 -1151.743026 -1151.755614 -1151.770016 -1151.812935 -1152.096116 -1153.767818 -1157.501904 -1163.023904 -1158.978913 -1875.878407 -1916.703558 -1914.728422 -1913.833607 -1913.665030 -1913.638108 -1913.634456 -1913.634620 -1913.635322 -1913.635974 -1913.636489 -1913.636884 -1913.637186 -1913.637420 -1913.637606 -1913.637756 -1913.637881 -1913.637993 -1913.638103 -1913.638226 -1913.638381 -1913.638596 -1913.638915 -1913.639406 -1913.640179 -1913.641417 -1913.643434 -1913.646776 -1913.652439 -1913.662293 -1913.679949 -1913.712537 -1913.774351 -1913.894571 -1914.134775 -1914.633029 -1915.725715 -1918.316689 -1925.213456 -1947.462363 -9999.0 -9999.0
-9999.0 -9999.0 27.910584 -66.100534 -163.368500 -261.342898 -359.572475 -457.882289 -556.182063 -654.391561 -752.354394 -849.942493 -947.052495 -1043.529209 -1139.870080 -1235.955735 -1330.663700 -1423.380764 -1513.516665 -1599.503211 -1677.248616 -1742.407328 -1793.159341 -1830.516065 -1856.997544 -1875.355558 -1887.925309 -1896.465999 -1902.230814 -1906.094270 -1908.663998 -1910.360817 -1911.474170 -1912.201053 -1912.674234 -1912.984201 -1913.200154 -1913.410741 -1913.905472 -1915.941895 -1922.155465 -1897.530271 -1175.678453 -1172.346694 -1161.973463 -1155.323010 -1152.198946 -1151.728877 -1151.679223 -1151.685234 -1151.699486 -1151.714761 -1151.729437 -1151.743026 -1151.755614 -1151.770016 -1151.812935 -1152.096116 -1153.767818 -1157.501904 -1163.023904 -1158.978913 -1875.878407 -1916.703558 -1914.728422 -1913.833607 -1913.665030 -1913.638108 -1913.634456 -1913.634620 -1913.635322 -1913.635974 -1913.636489 -1913.636884 -1913.637186 -1913.637420 -1913.637606 -1913.637756 -1913.637881 -1913.637993 -1913.638103 -1913.638226 -1913.638381 -1913.638596 -1913.638915 -1913.639406 -1913.640179 -1913.641417 -1913.643434 -1913.646776 -1913.652439 -1913.662293 -1913.679949 -1913.712537 -1913.774351 -1913.894571 -1914.134775 -1914.633029 -1915.725715 -1918.316689 -1925.213456 -1947.462363 -9999.0 -9999.0
-9999.0 -9999.0 27.911763 -66.099686 -163.368165 -261.342777 -359.572432 -457.882273 -556.182057 -654.391559 -752.354393 -849.942493 -947.052495 -1043.529209 -1139.870080 -1235.955735 -1330.663700 -1423.380764 -1513.516665 -1599.503211 -1677.248616 -1742.407329 -1793.159341 -1830.516065 -1856.997544 -1875.355559 -1887.925309 -1896.465999 -1902.230814 -1906.094270 -1908.663998 -1910.360817 -1911.474170 -1912.201053 -1912.674234 -1912.984201 -1913.200154 -1913.410741 -1913.905472 -1915.941895 -1922.155465 -1897.530271 -1175.678453 -1172.346694 -1161.973463 -1155.323009 -1152.198946 -1151.728877 -1151.679223 -1151.685234 -1151.699486 -1151.714761 -1151.729437 -1151.743026 -1151.755614 -1151.770016 -1151.812935 -1152.096116 -1153.767818 -1157.501904 -1163.023904 -1158.978913 -1875.878407 -1916.703558 -1914.728422 -1913.833607 -1913.665030 -1913.638108 -1913.634456 -1913.634620 -1913.635322 -1913.635974 -1913.636489 -1913.636884 -1913.637186 -1913.637420 -1913.637606 -1913.637756 -1913.637881 -1913.637993 -1913.638103 -1913.638226 -1913.638381 -1913.638596 -1913.638915 -1913.639406 -1913.640179 -1913.641417 -1913.643434 -1913.646776 -1913.652439 -1913.662293 -1913.679949 -1913.712537 -1913.774351 -1913.894571 -1914.134775 -1914.633029 -1915.725715 -1918.316689 -1925.213456 -1947.462363 -9999.0 -9999.0
-9999.0 -9999.0 27.911763 -66.099686 -163.368165 -261.342777 -359.572432 -457.882273 -556.182057 -654.391559 -752.354393 -849.942493 -947.052495 -1043.529209 -1139.870080 -1235.955735 -1330.663700 -1423.380764 -1513.516666 -1599.503211 -1677.248616 -1742.407329 -1793.159341 -1830.516065 -1856.997544 -1875.355559 -1887.925309 -1896.465999 -1902.230814 -1906.094270 -1908.663998 -1910.360817 -1911.474170 -1912.201053 -1912.674234 -1912.984201 -1913.200154 -1913.410741 -1913.905472 -1915.941895 -1922.155465 -1897.530271 -1175.678453 -1172.346694 -1161.973463 -1155.323009 -1152.198946 -1151.728877 -1151.679223 -1151.685234 -1151.699486 -1151.714761 -1151.729437 -1151.743026 -1151.755614 -1151.770016 -1151.812935 -1152.096116 -1153.767818 -1157.501904 -1163.023904 -1158.978913 -1875.878407 -1916.703558 -1914.728422 -1913.833607 -1913.665030 -1913.638108 -1913.634456 -1913.634620 -1913.635322 -1913.635974 -1913.636489 -1913.636884 -1913.637186 -1913.637420 -1913.637606 -1913.637756 -1913.637881 -1913.637993 -1913.638103 -1913.638226 -1913.638381 -1913.638596 -1913.638915 -1913.639406 -1913.640179 -1913.641417 -1913.643434 -1913.646776 -1913.652439 -1913.662293 -1913.679949 -1913.712537 -1913.774351 -1913.894571 -1914.134775 -1914.633029 -1915.725715 -1918.316689 -1925.213456 -1947.462363 -9999.0 -9999.0
-9999.0 -9999.0 27.910584 -66.100534 -163.368500 -261.342898 -359.572475 -457.882289 -556.182063 -654.391561 -752.354394 -849.942493 -947.052495 -1043.529209 -1139.870080 -1235.955735 -1330.663699 -1423.380764 -1513.516665 -1599.503211 -1677.248616 -1742.407328 -1793.159341 -1830.516065 -1856.997544 -1875.355558 -1887.925309 -1896.465999 -1902.230814 -1906.094270 -1908.663998 -1910.360817 -1911.474170 -1912.201053 -1912.674234 -1912.984201 -1913.200154 -1913.410741 -1913.905472 -1915.941895 -1922.155465 -1897.530271 -1175.678453 -1172.346694 -1161.973463 -1155.323010 -1152.198946 -1151.728877 -1151.679223 -1151.685234 -1151.699486 -1151.714761 -1151.729437 -1151.743026 -1151.755614 -1151.770016 -1151.812935 -1152.096116 -1153.767818 -1157.501904 -1163.023904 -1158.978913 -1875.878407 -1916.703558 -1914.728422 -1913.833607 -1913.665030 -1913.638108 -1913.634456 -1913.634620 -1913.635322 -1913.635974 -1913.636489 -1913.636884 -1913.637186 -1913.637420 -1913.637606 -1913.637756 -1913.637881 -1913.637993 -1913.638103 -1913.638226 -1913.638381 -1913.638596 -1913.638915 -1913.639406 -1913.640179 -1913.641417 -1913.643434 -1913.646776 -1913.652439 -1913.662293 -1913.679949 -1913.712537 -1913.774351 -1913.894571 -1914.134775 -1914.633029 -1915.725715 -1918.316689 -1925.213456 -1947.462363 -9999.0 -9999.0
-9999.0 -9999.0 27.897814 -66.102658 -163.369029 -261.343052 -359.572524 -457.882305 -556.182069 -654.391564 -752.354395 -849.942493 -947.052495 -1043.529209 -1139.870080 -1235.955735 -1330.663699 -1423.380763 -1513.516665 -1599.503211 -1677.248616 -1742.407328 -1793.159340 -1830.516065 -1856.997544 -1875.355558 -1887.925309 -1896.465999 -1902.230814 -1906.094270 -1908.663998 -1910.360817 -1911.474170 -1912.201053 -1912.674234 -1912.984201 -1913.200154 -1913.410741 -1913.905472 -1915.941895 -1922.155465 -1897.530271 -1175.678453 -1172.346695 -1161.973463 -1155.323010 -1152.198946 -1151.728877 -1151.679223 -1151.685234 -1151.699486 -1151.714761 -1151.729437 -1151.743026 -1151.755614 -1151.770016 -1151.812935 -1152.096116 -1153.767818 -1157.501904 -1163.023904 -1158.978913 -1875.878407 -1916.703558 -1914.728422 -1913.833607 -1913.665030 -1913.638108 -1913.634456 -1913.634620 -1913.635322 -1913.635974 -1913.636489 -1913.636884 -1913.637186 -1913.637420 -1913.637606 -1913.637756 -1913.637881 -1913.637993 -1913.638103 -1913.638226 -1913.638381 -1913.638596 -1913.638915 -1913.639406 -1913.640179 -1913.641417 -1913.643434 -1913.646776 -1913.652439 -1913.662293 -1913.679949 -1913.712537 -1913.774351 -1913.894571 -1914.134775 -1914.633029 -1915.725715 -1918.316689 -1925.213456 -1947.462363 -9999.0 -9999.0
-9999.0 -9999.0 -9999.0 -9999.0 -9999.0 -9999.0 -9999.0 -9999.0 -9999.0 -9999.0 -9999.0 -9999.0 -9999.0 -9999.0 -9999.0 -9999.0 -9999.0 -9999.0 -9999.0 -9999.0 -9999.0 -9999.0 -9999.0 -9999.0 -9999.0 -9999.0 -9999.0 -9999.0 -9999.0 -9999.0 -9999.0 -9999.0 -9999.0 -9999.0 -9999.0 -9999.0 -9999.0 -9999.0 -9999.0 -9999.0 -9999.0 -9999.0 -9999.0 -9999.0 -9999.0 -9999.0 -9999.0 -9999.0 -9999.0 -9999.0 -9999.0 -9999.0 -9999.0 -9999.0 -9999.0 -9999.0 -9999.0 -9999.0 -9999.0 -9999.0 -9999.0 -9999.0 -9999.0 -9999.0 -9999.0 -9999.0 -9999.0 -9999.0 -9999.0 -9999.0 -9999.0 -9999.0 -9999.0 -9999.0 -9999.0 -9999.0 -9999.0 -9999.0 -9999.0 -9999.0 -9999.0 -9999.0 -9999.0 -9999.0 -9999.0 -9999.0 -9999.0 -9999.0 -9999.0 -9999.0 -9999.0 -9999.0 -9999.0 -9999.0 -9999.0 -9999.0 -9999.0 -9999.0 -9999.0 -9999.0 -9999.0 -9999.0 -9999.0 -9999.0
-9999.0 -9999.0 -9999.0 -9999.0 -9999.0 -9999.0 -9999.0 -9999.0 -9999.0 -9999.0 -9999.0 -9999.0 -9999.0 -9999.0 -9999.0 -9999.0 -9999.0 -9999.0 -9999.0 -9999.0 -9999.0 -9999.0 -9999.0 -9999.0 -9999.0 -9999.0 -9999.0 -9999.0 -9999.0 -9999.0 -9999.0 -9999.0 -9999.0 -9999.0 -9999.0 -9999.0 -9999.0 -9999.0 -9999.0 -9999.0 -9999.0 -9999.0 -9999.0 -9999.0 -9999.0 -9999.0 -9999.0 -9999.0 -9999.0 -9999.0 -9999.0 -9999.0 -9999.0 -9999.0 -9999.0 -9999.0 -9999.0 -9999.0 -9999.0 -9999.0 -9999.0 -9999.0 -9999.0 -9999.0 -9999.0 -9999.0 -9999.0 -9999.0 -9999.0 -9999.0 -9999.0 -9999.0 -9999.0 -9999.0 -9999.0 -9999.0 -9999.0 -9999.0 -9999.0 -9999.0 -9999.0 -9999.0 -9999.0 -9999.0 -9999.0 -9999.0 -9999.0 -9999.0 -9999.0 -9999.0 -9999.0 -9999.0 -9999.0 -9999.0 -9999.0 -9999.0 -9999.0 -9999.0 -9999.0 -9999.0 -9999.0 -9999.0 -9999.0 -9999.0