inst/processing_geotop_simulation/geotop_simulation/out/maps3D/PwL0022N0175.asc
ncols         104
nrows         10
xllcorner     -2.000000
yllcorner     0.000000
cellsize      1.000000
NODATA_value  -9999.0
-9999.0 -9999.0 -9999.0 -9999.0 -9999.0 -9999.0 -9999.0 -9999.0 -9999.0 -9999.0 -9999.0 -9999.0 -9999.0 -9999.0 -9999.0 -9999.0 -9999.0 -9999.0 -9999.0 -9999.0 -9999.0 -9999.0 -9999.0 -9999.0 -9999.0 -9999.0 -9999.0 -9999.0 -9999.0 -9999.0 -9999.0 -9999.0 -9999.0 -9999.0 -9999.0 -9999.0 -9999.0 -9999.0 -9999.0 -9999.0 -9999.0 -9999.0 -9999.0 -9999.0 -9999.0 -9999.0 -9999.0 -9999.0 -9999.0 -9999.0 -9999.0 -9999.0 -9999.0 -9999.0 -9999.0 -9999.0 -9999.0 -9999.0 -9999.0 -9999.0 -9999.0 -9999.0 -9999.0 -9999.0 -9999.0 -9999.0 -9999.0 -9999.0 -9999.0 -9999.0 -9999.0 -9999.0 -9999.0 -9999.0 -9999.0 -9999.0 -9999.0 -9999.0 -9999.0 -9999.0 -9999.0 -9999.0 -9999.0 -9999.0 -9999.0 -9999.0 -9999.0 -9999.0 -9999.0 -9999.0 -9999.0 -9999.0 -9999.0 -9999.0 -9999.0 -9999.0 -9999.0 -9999.0 -9999.0 -9999.0 -9999.0 -9999.0 -9999.0 -9999.0
-9999.0 -9999.0 -9999.0 -9999.0 -9999.0 -9999.0 -9999.0 -9999.0 -9999.0 -9999.0 -9999.0 -9999.0 -9999.0 -9999.0 -9999.0 -9999.0 -9999.0 -9999.0 -9999.0 -9999.0 -9999.0 -9999.0 -9999.0 -9999.0 -9999.0 -9999.0 -9999.0 -9999.0 -9999.0 -9999.0 -9999.0 -9999.0 -9999.0 -9999.0 -9999.0 -9999.0 -9999.0 -9999.0 -9999.0 -9999.0 -9999.0 -9999.0 -9999.0 -9999.0 -9999.0 -9999.0 -9999.0 -9999.0 -9999.0 -9999.0 -9999.0 -9999.0 -9999.0 -9999.0 -9999.0 -9999.0 -9999.0 -9999.0 -9999.0 -9999.0 -9999.0 -9999.0 -9999.0 -9999.0 -9999.0 -9999.0 -9999.0 -9999.0 -9999.0 -9999.0 -9999.0 -9999.0 -9999.0 -9999.0 -9999.0 -9999.0 -9999.0 -9999.0 -9999.0 -9999.0 -9999.0 -9999.0 -9999.0 -9999.0 -9999.0 -9999.0 -9999.0 -9999.0 -9999.0 -9999.0 -9999.0 -9999.0 -9999.0 -9999.0 -9999.0 -9999.0 -9999.0 -9999.0 -9999.0 -9999.0 -9999.0 -9999.0 -9999.0 -9999.0
-9999.0 -9999.0 1080.187776 984.267670 888.263468 791.812013 695.091685 598.247251 501.363421 404.487773 307.647188 210.857018 114.125989 17.461871 -79.117230 -175.592387 -271.875421 -367.797886 -463.050310 -557.037938 -648.719678 -740.796693 -831.458596 -920.444482 -1007.523125 -1071.981037 -1124.465883 -1165.287254 -1195.737162 -1217.640165 -1232.927839 -1243.345966 -1250.317428 -1254.921316 -1257.935025 -1259.900815 -1261.196822 -1262.127254 -1263.193345 -1266.392961 -1281.094500 -1356.929823 -1590.527354 -2605.439117 -3862.212669 -3857.061216 -3450.010939 -2839.613602 -2492.458486 -2287.186982 -2145.101335 -2026.657528 -1954.903514 -1908.741740 -1865.997291 -1821.369950 -1773.279082 -1722.294967 -1669.978163 -1617.370479 -1558.617489 -1324.908175 -1317.270236 -1274.066452 -1265.426422 -1264.011187 -1263.800448 -1263.769558 -1263.765564 -1263.765850 -1263.766724 -1263.767528 -1263.768167 -1263.768660 -1263.769042 -1263.769341 -1263.769582 -1263.769778 -1263.769944 -1263.770093 -1263.770238 -1263.770397 -1263.770594 -1263.770863 -1263.771255 -1263.771852 -1263.772786 -1263.774277 -1263.776698 -1263.780707 -1263.787498 -1263.799318 -1263.820515 -1263.859707 -1263.934319 -1264.080587 -1264.377776 -1265.013344 -1266.467837 -1270.033878 -1279.304213 -1305.649120 -9999.0 -9999.0
-9999.0 -9999.0 1080.190608 984.268823 888.263863 791.812145 695.091730 598.247267 501.363426 404.487775 307.647189 210.857018 114.125989 17.461871 -79.117230 -175.592387 -271.875421 -367.797887 -463.050311 -557.037939 -648.719679 -740.796693 -831.458597 -920.444482 -1007.523126 -1071.981037 -1124.465883 -1165.287254 -1195.737163 -1217.640165 -1232.927839 -1243.345966 -1250.317428 -1254.921316 -1257.935025 -1259.900815 -1261.196822 -1262.127254 -1263.193345 -1266.392961 -1281.094500 -1356.929823 -1590.527354 -2605.439116 -3862.212669 -3857.061216 -3450.010939 -2839.613601 -2492.458485 -2287.186981 -2145.101333 -2026.657528 -1954.903514 -1908.741740 -1865.997291 -1821.369950 -1773.279082 -1722.294967 -1669.978163 -1617.370479 -1558.617489 -1324.908175 -1317.270236 -1274.066452 -1265.426422 -1264.011187 -1263.800448 -1263.769558 -1263.765564 -1263.765850 -1263.766724 -1263.767528 -1263.768167 -1263.768660 -1263.769042 -1263.769341 -1263.769582 -1263.769778 -1263.769944 -1263.770093 -1263.770238 -1263.770397 -1263.770594 -1263.770863 -1263.771255 -1263.771852 -1263.772786 -1263.774277 -1263.776698 -1263.780707 -1263.787498 -1263.799318 -1263.820515 -1263.859707 -1263.934319 -1264.080587 -1264.377776 -1265.013344 -1266.467837 -1270.033878 -1279.304213 -1305.649120 -9999.0 -9999.0
-9999.0 -9999.0 1080.191793 984.269471 888.264142 791.812253 695.091771 598.247281 501.363432 404.487777 307.647189 210.857018 114.125989 17.461871 -79.117230 -175.592387 -271.875421 -367.797887 -463.050311 -557.037939 -648.719679 -740.796693 -831.458597 -920.444482 -1007.523126 -1071.981037 -1124.465883 -1165.287254 -1195.737163 -1217.640165 -1232.927839 -1243.345966 -1250.317428 -1254.921316 -1257.935025 -1259.900815 -1261.196822 -1262.127254 -1263.193345 -1266.392961 -1281.094500 -1356.929823 -1590.527354 -2605.439115 -3862.212669 -3857.061216 -3450.010938 -2839.613600 -2492.458485 -2287.186979 -2145.101332 -2026.657528 -1954.903514 -1908.741740 -1865.997291 -1821.369950 -1773.279082 -1722.294967 -1669.978163 -1617.370479 -1558.617488 -1324.908175 -1317.270236 -1274.066452 -1265.426422 -1264.011187 -1263.800448 -1263.769558 -1263.765564 -1263.765850 -1263.766724 -1263.767528 -1263.768167 -1263.768660 -1263.769042 -1263.769341 -1263.769582 -1263.769778 -1263.769944 -1263.770093 -1263.770238 -1263.770397 -1263.770594 -1263.770863 -1263.771255 -1263.771852 -1263.772786 -1263.774277 -1263.776698 -1263.780707 -1263.787498 -1263.799318 -1263.820515 -1263.859707 -1263.934319 -1264.080587 -1264.377776 -1265.013344 -1266.467837 -1270.033878 -1279.304213 -1305.649120 -9999.0 -9999.0
-9999.0 -9999.0 1080.191793 984.269471 888.264142 791.812253 695.091771 598.247281 501.363432 404.487777 307.647189 210.857018 114.125989 17.461871 -79.117230 -175.592387 -271.875421 -367.797887 -463.050311 -557.037939 -648.719679 -740.796693 -831.458597 -920.444482 -1007.523126 -1071.981037 -1124.465883 -1165.287254 -1195.737163 -1217.640165 -1232.927839 -1243.345966 -1250.317428 -1254.921316 -1257.935025 -1259.900815 -1261.196822 -1262.127254 -1263.193345 -1266.392961 -1281.094500 -1356.929823 -1590.527354 -2605.439115 -3862.212669 -3857.061216 -3450.010938 -2839.613600 -2492.458485 -2287.186980 -2145.101332 -2026.657528 -1954.903514 -1908.741740 -1865.997291 -1821.369950 -1773.279082 -1722.294967 -1669.978162 -1617.370479 -1558.617488 -1324.908175 -1317.270236 -1274.066452 -1265.426422 -1264.011187 -1263.800448 -1263.769558 -1263.765564 -1263.765850 -1263.766724 -1263.767528 -1263.768167 -1263.768660 -1263.769042 -1263.769341 -1263.769582 -1263.769778 -1263.769944 -1263.770093 -1263.770238 -1263.770397 -1263.770594 -1263.770863 -1263.771255 -1263.771852 -1263.772786 -1263.774277 -1263.776698 -1263.780707 -1263.787498 -1263.799318 -1263.820515 -1263.859707 -1263.934319 -1264.080587 -1264.377776 -1265.013344 -1266.467837 -1270.033878 -1279.304213 -1305.649120 -9999.0 -9999.0
-9999.0 -9999.0 1080.190608 984.268823 888.263863 791.812145 695.091730 598.247267 501.363426 404.487775 307.647189 210.857018 114.125989 17.461871 -79.117230 -175.592387 -271.875421 -367.797887 -463.050311 -557.037939 -648.719679 -740.796693 -831.458597 -920.444482 -1007.523126 -1071.981037 -1124.465883 -1165.287254 -1195.737163 -1217.640165 -1232.927839 -1243.345966 -1250.317428 -1254.921316 -1257.935025 -1259.900815 -1261.196822 -1262.127254 -1263.193345 -1266.392961 -1281.094500 -1356.929823 -1590.527354 -2605.439115 -3862.212669 -3857.061216 -3450.010939 -2839.613601 -2492.458485 -2287.186980 -2145.101333 -2026.657528 -1954.903514 -1908.741740 -1865.997291 -1821.369950 -1773.279082 -1722.294967 -1669.978163 -1617.370479 -1558.617489 -1324.908175 -1317.270236 -1274.066452 -1265.426422 -1264.011187 -1263.800448 -1263.769558 -1263.765564 -1263.765850 -1263.766724 -1263.767528 -1263.768167 -1263.768660 -1263.769042 -1263.769341 -1263.769582 -1263.769778 -1263.769944 -1263.770093 -1263.770238 -1263.770397 -1263.770594 -1263.770863 -1263.771255 -1263.771852 -1263.772786 -1263.774277 -1263.776698 -1263.780707 -1263.787498 -1263.799318 -1263.820515 -1263.859707 -1263.934319 -1264.080587 -1264.377776 -1265.013344 -1266.467837 -1270.033878 -1279.304213 -1305.649120 -9999.0 -9999.0
-9999.0 -9999.0 1080.187776 984.267670 888.263468 791.812013 695.091685 598.247251 501.363421 404.487773 307.647188 210.857018 114.125989 17.461871 -79.117230 -175.592387 -271.875421 -367.797886 -463.050311 -557.037938 -648.719678 -740.796693 -831.458596 -920.444482 -1007.523125 -1071.981037 -1124.465883 -1165.287254 -1195.737162 -1217.640165 -1232.927839 -1243.345966 -1250.317428 -1254.921316 -1257.935025 -1259.900815 -1261.196822 -1262.127254 -1263.193345 -1266.392961 -1281.094500 -1356.929823 -1590.527355 -2605.439117 -3862.212669 -3857.061216 -3450.010940 -2839.613602 -2492.458486 -2287.186982 -2145.101335 -2026.657528 -1954.903514 -1908.741740 -1865.997291 -1821.369950 -1773.279082 -1722.294967 -1669.978163 -1617.370479 -1558.617489 -1324.908175 -1317.270236 -1274.066452 -1265.426422 -1264.011187 -1263.800448 -1263.769558 -1263.765564 -1263.765850 -1263.766724 -1263.767528 -1263.768167 -1263.768660 -1263.769042 -1263.769341 -1263.769582 -1263.769778 -1263.769944 -1263.770093 -1263.770238 -1263.770397 -1263.770594 -1263.770863 -1263.771255 -1263.771852 -1263.772786 -1263.774277 -1263.776698 -1263.780707 -1263.787498 -1263.799318 -1263.820515 -1263.859707 -1263.934319 -1264.080587 -1264.377776 -1265.013344 -1266.467837 -1270.033878 -1279.304213 -1305.649120 -9999.0 -9999.0
-9999.0 -9999.0 -9999.0 -9999.0 -9999.0 -9999.0 -9999.0 -9999.0 -9999.0 -9999.0 -9999.0 -9999.0 -9999.0 -9999.0 -9999.0 -9999.0 -9999.0 -9999.0 -9999.0 -9999.0 -9999.0 -9999.0 -9999.0 -9999.0 -9999.0 -9999.0 -9999.0 -9999.0 -9999.0 -9999.0 -9999.0 -9999.0 -9999.0 -9999.0 -9999.0 -9999.0 -9999.0 -9999.0 -9999.0 -9999.0 -9999.0 -9999.0 -9999.0 -9999.0 -9999.0 -9999.0 -9999.0 -9999.0 -9999.0 -9999.0 -9999.0 -9999.0 -9999.0 -9999.0 -9999.0 -9999.0 -9999.0 -9999.0 -9999.0 -9999.0 -9999.0 -9999.0 -9999.0 -9999.0 -9999.0 -9999.0 -9999.0 -9999.0 -9999.0 -9999.0 -9999.0 -9999.0 -9999.0 -9999.0 -9999.0 -9999.0 -9999.0 -9999.0 -9999.0 -9999.0 -9999.0 -9999.0 -9999.0 -9999.0 -9999.0 -9999.0 -9999.0 -9999.0 -9999.0 -9999.0 -9999.0 -9999.0 -9999.0 -9999.0 -9999.0 -9999.0 -9999.0 -9999.0 -9999.0 -9999.0 -9999.0 -9999.0 -9999.0 -9999.0
-9999.0 -9999.0 -9999.0 -9999.0 -9999.0 -9999.0 -9999.0 -9999.0 -9999.0 -9999.0 -9999.0 -9999.0 -9999.0 -9999.0 -9999.0 -9999.0 -9999.0 -9999.0 -9999.0 -9999.0 -9999.0 -9999.0 -9999.0 -9999.0 -9999.0 -9999.0 -9999.0 -9999.0 -9999.0 -9999.0 -9999.0 -9999.0 -9999.0 -9999.0 -9999.0 -9999.0 -9999.0 -9999.0 -9999.0 -9999.0 -9999.0 -9999.0 -9999.0 -9999.0 -9999.0 -9999.0 -9999.0 -9999.0 -9999.0 -9999.0 -9999.0 -9999.0 -9999.0 -9999.0 -9999.0 -9999.0 -9999.0 -9999.0 -9999.0 -9999.0 -9999.0 -9999.0 -9999.0 -9999.0 -9999.0 -9999.0 -9999.0 -9999.0 -9999.0 -9999.0 -9999.0 -9999.0 -9999.0 -9999.0 -9999.0 -9999.0 -9999.0 -9999.0 -9999.0 -9999.0 -9999.0 -9999.0 -9999.0 -9999.0 -9999.0 -9999.0 -9999.0 -9999.0 -9999.0 -9999.0 -9999.0 -9999.0 -9999.0 -9999.0 -9999.0 -9999.0 -9999.0 -9999.0 -9999.0 -9999.0 -9999.0 -9999.0 -9999.0 -9999.0