inst/processing_geotop_simulation/geotop_simulation/out/maps3D/PwL0004N0215.asc
ncols         104
nrows         10
xllcorner     -2.000000
yllcorner     0.000000
cellsize      1.000000
NODATA_value  -9999.0
-9999.0 -9999.0 -9999.0 -9999.0 -9999.0 -9999.0 -9999.0 -9999.0 -9999.0 -9999.0 -9999.0 -9999.0 -9999.0 -9999.0 -9999.0 -9999.0 -9999.0 -9999.0 -9999.0 -9999.0 -9999.0 -9999.0 -9999.0 -9999.0 -9999.0 -9999.0 -9999.0 -9999.0 -9999.0 -9999.0 -9999.0 -9999.0 -9999.0 -9999.0 -9999.0 -9999.0 -9999.0 -9999.0 -9999.0 -9999.0 -9999.0 -9999.0 -9999.0 -9999.0 -9999.0 -9999.0 -9999.0 -9999.0 -9999.0 -9999.0 -9999.0 -9999.0 -9999.0 -9999.0 -9999.0 -9999.0 -9999.0 -9999.0 -9999.0 -9999.0 -9999.0 -9999.0 -9999.0 -9999.0 -9999.0 -9999.0 -9999.0 -9999.0 -9999.0 -9999.0 -9999.0 -9999.0 -9999.0 -9999.0 -9999.0 -9999.0 -9999.0 -9999.0 -9999.0 -9999.0 -9999.0 -9999.0 -9999.0 -9999.0 -9999.0 -9999.0 -9999.0 -9999.0 -9999.0 -9999.0 -9999.0 -9999.0 -9999.0 -9999.0 -9999.0 -9999.0 -9999.0 -9999.0 -9999.0 -9999.0 -9999.0 -9999.0 -9999.0 -9999.0
-9999.0 -9999.0 -9999.0 -9999.0 -9999.0 -9999.0 -9999.0 -9999.0 -9999.0 -9999.0 -9999.0 -9999.0 -9999.0 -9999.0 -9999.0 -9999.0 -9999.0 -9999.0 -9999.0 -9999.0 -9999.0 -9999.0 -9999.0 -9999.0 -9999.0 -9999.0 -9999.0 -9999.0 -9999.0 -9999.0 -9999.0 -9999.0 -9999.0 -9999.0 -9999.0 -9999.0 -9999.0 -9999.0 -9999.0 -9999.0 -9999.0 -9999.0 -9999.0 -9999.0 -9999.0 -9999.0 -9999.0 -9999.0 -9999.0 -9999.0 -9999.0 -9999.0 -9999.0 -9999.0 -9999.0 -9999.0 -9999.0 -9999.0 -9999.0 -9999.0 -9999.0 -9999.0 -9999.0 -9999.0 -9999.0 -9999.0 -9999.0 -9999.0 -9999.0 -9999.0 -9999.0 -9999.0 -9999.0 -9999.0 -9999.0 -9999.0 -9999.0 -9999.0 -9999.0 -9999.0 -9999.0 -9999.0 -9999.0 -9999.0 -9999.0 -9999.0 -9999.0 -9999.0 -9999.0 -9999.0 -9999.0 -9999.0 -9999.0 -9999.0 -9999.0 -9999.0 -9999.0 -9999.0 -9999.0 -9999.0 -9999.0 -9999.0 -9999.0 -9999.0
-9999.0 -9999.0 178.769762 85.521611 -10.883031 -108.186215 -205.833974 -303.604475 -401.374289 -499.052652 -596.471768 -693.188013 -789.447674 -884.941558 -980.131552 -1075.700660 -1169.382044 -1261.116708 -1350.642173 -1435.566525 -1510.346562 -1570.875847 -1616.473123 -1649.099169 -1671.712976 -1687.128481 -1697.561264 -1704.596797 -1709.322852 -1712.479324 -1714.572739 -1715.951155 -1716.852975 -1717.439958 -1717.820774 -1718.069542 -1718.243819 -1718.418478 -1718.847862 -1720.785157 -1728.176051 -1721.692394 -1086.640835 -1093.369835 -1079.389670 -1070.498462 -1066.338245 -1065.734759 -1065.671984 -1065.679748 -1065.697909 -1065.717349 -1065.736022 -1065.753308 -1065.769303 -1065.787445 -1065.840809 -1066.198452 -1068.401791 -1073.349410 -1080.715171 -1064.139548 -1698.897754 -1722.881127 -1719.695434 -1718.788841 -1718.633864 -1718.609782 -1718.606655 -1718.607008 -1718.607833 -1718.608574 -1718.609156 -1718.609600 -1718.609939 -1718.610203 -1718.610411 -1718.610579 -1718.610719 -1718.610844 -1718.610966 -1718.611102 -1718.611274 -1718.611512 -1718.611865 -1718.612408 -1718.613262 -1718.614630 -1718.616854 -1718.620533 -1718.626755 -1718.637551 -1718.656843 -1718.692355 -1718.759535 -1718.889746 -1719.148493 -1719.680467 -1720.832475 -1723.518681 -1730.505251 -1752.541271 -9999.0 -9999.0
-9999.0 -9999.0 178.780173 85.523749 -10.882487 -108.186057 -205.833924 -303.604458 -401.374284 -499.052650 -596.471767 -693.188012 -789.447674 -884.941558 -980.131552 -1075.700660 -1169.382044 -1261.116708 -1350.642173 -1435.566526 -1510.346562 -1570.875847 -1616.473124 -1649.099169 -1671.712976 -1687.128481 -1697.561264 -1704.596797 -1709.322852 -1712.479324 -1714.572739 -1715.951155 -1716.852975 -1717.439958 -1717.820774 -1718.069542 -1718.243819 -1718.418478 -1718.847862 -1720.785157 -1728.176051 -1721.692393 -1086.640835 -1093.369835 -1079.389670 -1070.498462 -1066.338245 -1065.734759 -1065.671984 -1065.679748 -1065.697909 -1065.717349 -1065.736022 -1065.753308 -1065.769303 -1065.787445 -1065.840809 -1066.198452 -1068.401791 -1073.349410 -1080.715171 -1064.139548 -1698.897754 -1722.881127 -1719.695434 -1718.788841 -1718.633864 -1718.609782 -1718.606655 -1718.607008 -1718.607833 -1718.608574 -1718.609156 -1718.609600 -1718.609939 -1718.610203 -1718.610411 -1718.610579 -1718.610719 -1718.610844 -1718.610966 -1718.611102 -1718.611274 -1718.611512 -1718.611865 -1718.612408 -1718.613262 -1718.614630 -1718.616854 -1718.620533 -1718.626755 -1718.637551 -1718.656843 -1718.692355 -1718.759535 -1718.889746 -1719.148493 -1719.680467 -1720.832475 -1723.518681 -1730.505251 -1752.541271 -9999.0 -9999.0
-9999.0 -9999.0 178.781640 85.524618 -10.882143 -108.185932 -205.833880 -303.604443 -401.374278 -499.052648 -596.471766 -693.188012 -789.447674 -884.941558 -980.131551 -1075.700660 -1169.382044 -1261.116708 -1350.642174 -1435.566526 -1510.346562 -1570.875847 -1616.473124 -1649.099169 -1671.712976 -1687.128481 -1697.561264 -1704.596797 -1709.322852 -1712.479324 -1714.572739 -1715.951155 -1716.852975 -1717.439958 -1717.820774 -1718.069542 -1718.243819 -1718.418478 -1718.847862 -1720.785157 -1728.176051 -1721.692393 -1086.640835 -1093.369835 -1079.389670 -1070.498461 -1066.338245 -1065.734759 -1065.671984 -1065.679748 -1065.697909 -1065.717349 -1065.736022 -1065.753308 -1065.769303 -1065.787445 -1065.840809 -1066.198452 -1068.401791 -1073.349410 -1080.715171 -1064.139548 -1698.897754 -1722.881127 -1719.695434 -1718.788841 -1718.633864 -1718.609782 -1718.606655 -1718.607008 -1718.607833 -1718.608574 -1718.609156 -1718.609600 -1718.609939 -1718.610203 -1718.610411 -1718.610579 -1718.610719 -1718.610844 -1718.610966 -1718.611102 -1718.611274 -1718.611512 -1718.611865 -1718.612408 -1718.613262 -1718.614630 -1718.616854 -1718.620533 -1718.626755 -1718.637551 -1718.656843 -1718.692355 -1718.759535 -1718.889746 -1719.148493 -1719.680467 -1720.832475 -1723.518681 -1730.505251 -1752.541271 -9999.0 -9999.0
-9999.0 -9999.0 178.781640 85.524618 -10.882142 -108.185932 -205.833880 -303.604443 -401.374278 -499.052648 -596.471767 -693.188012 -789.447674 -884.941558 -980.131552 -1075.700660 -1169.382044 -1261.116708 -1350.642174 -1435.566526 -1510.346562 -1570.875847 -1616.473124 -1649.099169 -1671.712976 -1687.128481 -1697.561264 -1704.596797 -1709.322852 -1712.479324 -1714.572739 -1715.951155 -1716.852975 -1717.439958 -1717.820774 -1718.069542 -1718.243819 -1718.418478 -1718.847862 -1720.785157 -1728.176051 -1721.692393 -1086.640835 -1093.369835 -1079.389670 -1070.498461 -1066.338245 -1065.734759 -1065.671984 -1065.679748 -1065.697909 -1065.717349 -1065.736022 -1065.753308 -1065.769303 -1065.787445 -1065.840809 -1066.198452 -1068.401791 -1073.349410 -1080.715171 -1064.139548 -1698.897754 -1722.881127 -1719.695434 -1718.788841 -1718.633864 -1718.609782 -1718.606655 -1718.607008 -1718.607833 -1718.608574 -1718.609156 -1718.609600 -1718.609939 -1718.610203 -1718.610411 -1718.610579 -1718.610719 -1718.610844 -1718.610966 -1718.611102 -1718.611274 -1718.611512 -1718.611865 -1718.612408 -1718.613262 -1718.614630 -1718.616854 -1718.620533 -1718.626755 -1718.637551 -1718.656843 -1718.692355 -1718.759535 -1718.889746 -1719.148493 -1719.680467 -1720.832475 -1723.518681 -1730.505251 -1752.541271 -9999.0 -9999.0
-9999.0 -9999.0 178.780173 85.523750 -10.882487 -108.186056 -205.833924 -303.604458 -401.374284 -499.052650 -596.471767 -693.188012 -789.447674 -884.941558 -980.131552 -1075.700660 -1169.382044 -1261.116708 -1350.642173 -1435.566526 -1510.346562 -1570.875847 -1616.473124 -1649.099169 -1671.712976 -1687.128481 -1697.561264 -1704.596797 -1709.322852 -1712.479324 -1714.572739 -1715.951155 -1716.852975 -1717.439958 -1717.820774 -1718.069542 -1718.243819 -1718.418478 -1718.847862 -1720.785157 -1728.176051 -1721.692393 -1086.640835 -1093.369835 -1079.389670 -1070.498462 -1066.338245 -1065.734759 -1065.671984 -1065.679748 -1065.697909 -1065.717349 -1065.736022 -1065.753308 -1065.769303 -1065.787445 -1065.840809 -1066.198452 -1068.401791 -1073.349410 -1080.715171 -1064.139548 -1698.897754 -1722.881127 -1719.695434 -1718.788841 -1718.633864 -1718.609782 -1718.606655 -1718.607008 -1718.607833 -1718.608574 -1718.609156 -1718.609600 -1718.609939 -1718.610203 -1718.610411 -1718.610579 -1718.610719 -1718.610844 -1718.610966 -1718.611102 -1718.611274 -1718.611512 -1718.611865 -1718.612408 -1718.613262 -1718.614630 -1718.616854 -1718.620533 -1718.626755 -1718.637551 -1718.656843 -1718.692355 -1718.759535 -1718.889746 -1719.148493 -1719.680467 -1720.832475 -1723.518681 -1730.505251 -1752.541271 -9999.0 -9999.0
-9999.0 -9999.0 178.769762 85.521611 -10.883030 -108.186215 -205.833974 -303.604475 -401.374289 -499.052652 -596.471768 -693.188012 -789.447674 -884.941558 -980.131552 -1075.700660 -1169.382044 -1261.116708 -1350.642173 -1435.566525 -1510.346562 -1570.875847 -1616.473123 -1649.099169 -1671.712976 -1687.128481 -1697.561264 -1704.596797 -1709.322852 -1712.479324 -1714.572739 -1715.951155 -1716.852975 -1717.439958 -1717.820774 -1718.069542 -1718.243819 -1718.418478 -1718.847862 -1720.785157 -1728.176051 -1721.692394 -1086.640835 -1093.369835 -1079.389670 -1070.498462 -1066.338245 -1065.734759 -1065.671984 -1065.679748 -1065.697909 -1065.717349 -1065.736022 -1065.753308 -1065.769303 -1065.787445 -1065.840809 -1066.198452 -1068.401791 -1073.349410 -1080.715171 -1064.139548 -1698.897754 -1722.881127 -1719.695434 -1718.788841 -1718.633864 -1718.609782 -1718.606655 -1718.607008 -1718.607833 -1718.608574 -1718.609156 -1718.609600 -1718.609939 -1718.610203 -1718.610411 -1718.610579 -1718.610719 -1718.610844 -1718.610966 -1718.611102 -1718.611274 -1718.611512 -1718.611865 -1718.612408 -1718.613262 -1718.614630 -1718.616854 -1718.620533 -1718.626755 -1718.637551 -1718.656843 -1718.692355 -1718.759535 -1718.889746 -1719.148493 -1719.680467 -1720.832475 -1723.518681 -1730.505251 -1752.541271 -9999.0 -9999.0
-9999.0 -9999.0 -9999.0 -9999.0 -9999.0 -9999.0 -9999.0 -9999.0 -9999.0 -9999.0 -9999.0 -9999.0 -9999.0 -9999.0 -9999.0 -9999.0 -9999.0 -9999.0 -9999.0 -9999.0 -9999.0 -9999.0 -9999.0 -9999.0 -9999.0 -9999.0 -9999.0 -9999.0 -9999.0 -9999.0 -9999.0 -9999.0 -9999.0 -9999.0 -9999.0 -9999.0 -9999.0 -9999.0 -9999.0 -9999.0 -9999.0 -9999.0 -9999.0 -9999.0 -9999.0 -9999.0 -9999.0 -9999.0 -9999.0 -9999.0 -9999.0 -9999.0 -9999.0 -9999.0 -9999.0 -9999.0 -9999.0 -9999.0 -9999.0 -9999.0 -9999.0 -9999.0 -9999.0 -9999.0 -9999.0 -9999.0 -9999.0 -9999.0 -9999.0 -9999.0 -9999.0 -9999.0 -9999.0 -9999.0 -9999.0 -9999.0 -9999.0 -9999.0 -9999.0 -9999.0 -9999.0 -9999.0 -9999.0 -9999.0 -9999.0 -9999.0 -9999.0 -9999.0 -9999.0 -9999.0 -9999.0 -9999.0 -9999.0 -9999.0 -9999.0 -9999.0 -9999.0 -9999.0 -9999.0 -9999.0 -9999.0 -9999.0 -9999.0 -9999.0
-9999.0 -9999.0 -9999.0 -9999.0 -9999.0 -9999.0 -9999.0 -9999.0 -9999.0 -9999.0 -9999.0 -9999.0 -9999.0 -9999.0 -9999.0 -9999.0 -9999.0 -9999.0 -9999.0 -9999.0 -9999.0 -9999.0 -9999.0 -9999.0 -9999.0 -9999.0 -9999.0 -9999.0 -9999.0 -9999.0 -9999.0 -9999.0 -9999.0 -9999.0 -9999.0 -9999.0 -9999.0 -9999.0 -9999.0 -9999.0 -9999.0 -9999.0 -9999.0 -9999.0 -9999.0 -9999.0 -9999.0 -9999.0 -9999.0 -9999.0 -9999.0 -9999.0 -9999.0 -9999.0 -9999.0 -9999.0 -9999.0 -9999.0 -9999.0 -9999.0 -9999.0 -9999.0 -9999.0 -9999.0 -9999.0 -9999.0 -9999.0 -9999.0 -9999.0 -9999.0 -9999.0 -9999.0 -9999.0 -9999.0 -9999.0 -9999.0 -9999.0 -9999.0 -9999.0 -9999.0 -9999.0 -9999.0 -9999.0 -9999.0 -9999.0 -9999.0 -9999.0 -9999.0 -9999.0 -9999.0 -9999.0 -9999.0 -9999.0 -9999.0 -9999.0 -9999.0 -9999.0 -9999.0 -9999.0 -9999.0 -9999.0 -9999.0 -9999.0 -9999.0