inst/processing_geotop_simulation/geotop_simulation/out/maps3D/PwL0004N0294.asc
ncols         104
nrows         10
xllcorner     -2.000000
yllcorner     0.000000
cellsize      1.000000
NODATA_value  -9999.0
-9999.0 -9999.0 -9999.0 -9999.0 -9999.0 -9999.0 -9999.0 -9999.0 -9999.0 -9999.0 -9999.0 -9999.0 -9999.0 -9999.0 -9999.0 -9999.0 -9999.0 -9999.0 -9999.0 -9999.0 -9999.0 -9999.0 -9999.0 -9999.0 -9999.0 -9999.0 -9999.0 -9999.0 -9999.0 -9999.0 -9999.0 -9999.0 -9999.0 -9999.0 -9999.0 -9999.0 -9999.0 -9999.0 -9999.0 -9999.0 -9999.0 -9999.0 -9999.0 -9999.0 -9999.0 -9999.0 -9999.0 -9999.0 -9999.0 -9999.0 -9999.0 -9999.0 -9999.0 -9999.0 -9999.0 -9999.0 -9999.0 -9999.0 -9999.0 -9999.0 -9999.0 -9999.0 -9999.0 -9999.0 -9999.0 -9999.0 -9999.0 -9999.0 -9999.0 -9999.0 -9999.0 -9999.0 -9999.0 -9999.0 -9999.0 -9999.0 -9999.0 -9999.0 -9999.0 -9999.0 -9999.0 -9999.0 -9999.0 -9999.0 -9999.0 -9999.0 -9999.0 -9999.0 -9999.0 -9999.0 -9999.0 -9999.0 -9999.0 -9999.0 -9999.0 -9999.0 -9999.0 -9999.0 -9999.0 -9999.0 -9999.0 -9999.0 -9999.0 -9999.0
-9999.0 -9999.0 -9999.0 -9999.0 -9999.0 -9999.0 -9999.0 -9999.0 -9999.0 -9999.0 -9999.0 -9999.0 -9999.0 -9999.0 -9999.0 -9999.0 -9999.0 -9999.0 -9999.0 -9999.0 -9999.0 -9999.0 -9999.0 -9999.0 -9999.0 -9999.0 -9999.0 -9999.0 -9999.0 -9999.0 -9999.0 -9999.0 -9999.0 -9999.0 -9999.0 -9999.0 -9999.0 -9999.0 -9999.0 -9999.0 -9999.0 -9999.0 -9999.0 -9999.0 -9999.0 -9999.0 -9999.0 -9999.0 -9999.0 -9999.0 -9999.0 -9999.0 -9999.0 -9999.0 -9999.0 -9999.0 -9999.0 -9999.0 -9999.0 -9999.0 -9999.0 -9999.0 -9999.0 -9999.0 -9999.0 -9999.0 -9999.0 -9999.0 -9999.0 -9999.0 -9999.0 -9999.0 -9999.0 -9999.0 -9999.0 -9999.0 -9999.0 -9999.0 -9999.0 -9999.0 -9999.0 -9999.0 -9999.0 -9999.0 -9999.0 -9999.0 -9999.0 -9999.0 -9999.0 -9999.0 -9999.0 -9999.0 -9999.0 -9999.0 -9999.0 -9999.0 -9999.0 -9999.0 -9999.0 -9999.0 -9999.0 -9999.0 -9999.0 -9999.0
-9999.0 -9999.0 176.304158 80.038143 -17.977305 -116.490667 -215.194250 -313.967932 -412.746427 -511.483958 -610.102553 -708.402248 -806.489512 -904.209241 -1001.745485 -1099.412896 -1196.112183 -1291.468335 -1384.758908 -1474.806979 -1559.111637 -1634.010266 -1696.527832 -1745.783575 -1782.853836 -1809.842748 -1829.041872 -1842.474169 -1851.750503 -1858.086447 -1862.372493 -1865.247877 -1867.163742 -1868.433572 -1869.272500 -1869.828626 -1870.212612 -1870.552678 -1871.205552 -1873.470554 -1879.001841 -1848.655101 -1150.023397 -1156.807678 -1143.744004 -1135.267730 -1131.294902 -1130.698494 -1130.635091 -1130.641632 -1130.658334 -1130.676285 -1130.693538 -1130.709515 -1130.724346 -1130.741607 -1130.795064 -1131.151754 -1133.266566 -1137.977058 -1144.545235 -1128.445322 -1824.469823 -1872.998226 -1872.099514 -1871.204225 -1871.012228 -1870.979900 -1870.975257 -1870.975153 -1870.975715 -1870.976270 -1870.976716 -1870.977059 -1870.977322 -1870.977528 -1870.977691 -1870.977823 -1870.977935 -1870.978034 -1870.978133 -1870.978243 -1870.978382 -1870.978575 -1870.978860 -1870.979297 -1870.979985 -1870.981088 -1870.982886 -1870.985873 -1870.990950 -1870.999818 -1871.015773 -1871.045342 -1871.101688 -1871.211966 -1871.434579 -1871.903692 -1872.954365 -1875.509560 -1882.502614 -1905.398880 -9999.0 -9999.0
-9999.0 -9999.0 176.313859 80.040131 -17.976800 -116.490519 -215.194203 -313.967916 -412.746421 -511.483955 -610.102552 -708.402247 -806.489512 -904.209241 -1001.745485 -1099.412896 -1196.112183 -1291.468335 -1384.758908 -1474.806979 -1559.111637 -1634.010266 -1696.527833 -1745.783575 -1782.853836 -1809.842748 -1829.041872 -1842.474169 -1851.750503 -1858.086447 -1862.372493 -1865.247877 -1867.163742 -1868.433572 -1869.272500 -1869.828626 -1870.212612 -1870.552678 -1871.205552 -1873.470554 -1879.001841 -1848.655101 -1150.023397 -1156.807678 -1143.744004 -1135.267730 -1131.294902 -1130.698494 -1130.635091 -1130.641632 -1130.658334 -1130.676285 -1130.693538 -1130.709515 -1130.724346 -1130.741607 -1130.795064 -1131.151754 -1133.266566 -1137.977058 -1144.545235 -1128.445322 -1824.469823 -1872.998226 -1872.099514 -1871.204225 -1871.012228 -1870.979900 -1870.975257 -1870.975153 -1870.975715 -1870.976270 -1870.976716 -1870.977059 -1870.977322 -1870.977528 -1870.977691 -1870.977823 -1870.977935 -1870.978034 -1870.978133 -1870.978243 -1870.978382 -1870.978575 -1870.978860 -1870.979297 -1870.979985 -1870.981088 -1870.982886 -1870.985873 -1870.990950 -1870.999818 -1871.015773 -1871.045342 -1871.101688 -1871.211966 -1871.434579 -1871.903692 -1872.954365 -1875.509560 -1882.502614 -1905.398880 -9999.0 -9999.0
-9999.0 -9999.0 176.315226 80.040940 -17.976480 -116.490404 -215.194162 -313.967902 -412.746416 -511.483953 -610.102552 -708.402247 -806.489512 -904.209241 -1001.745485 -1099.412896 -1196.112183 -1291.468336 -1384.758908 -1474.806979 -1559.111637 -1634.010266 -1696.527833 -1745.783575 -1782.853837 -1809.842748 -1829.041872 -1842.474169 -1851.750503 -1858.086447 -1862.372493 -1865.247877 -1867.163742 -1868.433572 -1869.272500 -1869.828626 -1870.212612 -1870.552678 -1871.205552 -1873.470554 -1879.001841 -1848.655101 -1150.023397 -1156.807678 -1143.744004 -1135.267729 -1131.294902 -1130.698494 -1130.635091 -1130.641632 -1130.658334 -1130.676285 -1130.693538 -1130.709515 -1130.724346 -1130.741607 -1130.795064 -1131.151754 -1133.266566 -1137.977058 -1144.545235 -1128.445322 -1824.469823 -1872.998226 -1872.099514 -1871.204225 -1871.012228 -1870.979900 -1870.975257 -1870.975153 -1870.975715 -1870.976270 -1870.976716 -1870.977059 -1870.977322 -1870.977528 -1870.977691 -1870.977823 -1870.977935 -1870.978034 -1870.978133 -1870.978243 -1870.978382 -1870.978575 -1870.978860 -1870.979297 -1870.979985 -1870.981088 -1870.982886 -1870.985873 -1870.990950 -1870.999818 -1871.015773 -1871.045342 -1871.101688 -1871.211966 -1871.434579 -1871.903692 -1872.954365 -1875.509560 -1882.502614 -1905.398880 -9999.0 -9999.0
-9999.0 -9999.0 176.315226 80.040940 -17.976480 -116.490404 -215.194162 -313.967902 -412.746416 -511.483953 -610.102552 -708.402247 -806.489512 -904.209241 -1001.745485 -1099.412896 -1196.112183 -1291.468336 -1384.758908 -1474.806979 -1559.111637 -1634.010266 -1696.527833 -1745.783575 -1782.853837 -1809.842748 -1829.041872 -1842.474169 -1851.750503 -1858.086447 -1862.372493 -1865.247877 -1867.163742 -1868.433572 -1869.272500 -1869.828626 -1870.212612 -1870.552678 -1871.205552 -1873.470554 -1879.001841 -1848.655101 -1150.023397 -1156.807678 -1143.744004 -1135.267729 -1131.294902 -1130.698494 -1130.635091 -1130.641632 -1130.658334 -1130.676285 -1130.693538 -1130.709515 -1130.724346 -1130.741607 -1130.795064 -1131.151754 -1133.266566 -1137.977058 -1144.545235 -1128.445322 -1824.469823 -1872.998226 -1872.099514 -1871.204225 -1871.012228 -1870.979900 -1870.975257 -1870.975153 -1870.975715 -1870.976270 -1870.976716 -1870.977059 -1870.977322 -1870.977528 -1870.977691 -1870.977823 -1870.977935 -1870.978034 -1870.978133 -1870.978243 -1870.978382 -1870.978575 -1870.978860 -1870.979297 -1870.979985 -1870.981088 -1870.982886 -1870.985873 -1870.990950 -1870.999818 -1871.015773 -1871.045342 -1871.101688 -1871.211966 -1871.434579 -1871.903692 -1872.954365 -1875.509560 -1882.502614 -1905.398880 -9999.0 -9999.0
-9999.0 -9999.0 176.313859 80.040131 -17.976800 -116.490519 -215.194203 -313.967916 -412.746421 -511.483955 -610.102552 -708.402247 -806.489512 -904.209241 -1001.745485 -1099.412896 -1196.112183 -1291.468335 -1384.758908 -1474.806979 -1559.111637 -1634.010266 -1696.527833 -1745.783575 -1782.853836 -1809.842748 -1829.041872 -1842.474169 -1851.750503 -1858.086447 -1862.372493 -1865.247877 -1867.163742 -1868.433572 -1869.272500 -1869.828626 -1870.212612 -1870.552678 -1871.205552 -1873.470554 -1879.001841 -1848.655101 -1150.023397 -1156.807678 -1143.744004 -1135.267730 -1131.294902 -1130.698494 -1130.635091 -1130.641632 -1130.658334 -1130.676285 -1130.693538 -1130.709515 -1130.724346 -1130.741607 -1130.795064 -1131.151754 -1133.266566 -1137.977058 -1144.545235 -1128.445322 -1824.469823 -1872.998226 -1872.099514 -1871.204225 -1871.012228 -1870.979900 -1870.975257 -1870.975153 -1870.975715 -1870.976270 -1870.976716 -1870.977059 -1870.977322 -1870.977528 -1870.977691 -1870.977823 -1870.977935 -1870.978034 -1870.978133 -1870.978243 -1870.978382 -1870.978575 -1870.978860 -1870.979297 -1870.979985 -1870.981088 -1870.982886 -1870.985873 -1870.990950 -1870.999818 -1871.015773 -1871.045342 -1871.101688 -1871.211966 -1871.434579 -1871.903692 -1872.954365 -1875.509560 -1882.502614 -1905.398880 -9999.0 -9999.0
-9999.0 -9999.0 176.304158 80.038143 -17.977305 -116.490667 -215.194250 -313.967932 -412.746427 -511.483958 -610.102553 -708.402248 -806.489512 -904.209241 -1001.745485 -1099.412896 -1196.112183 -1291.468335 -1384.758908 -1474.806979 -1559.111637 -1634.010266 -1696.527832 -1745.783575 -1782.853836 -1809.842748 -1829.041872 -1842.474169 -1851.750503 -1858.086447 -1862.372493 -1865.247877 -1867.163742 -1868.433572 -1869.272500 -1869.828626 -1870.212612 -1870.552678 -1871.205552 -1873.470554 -1879.001841 -1848.655101 -1150.023397 -1156.807678 -1143.744004 -1135.267730 -1131.294902 -1130.698494 -1130.635091 -1130.641632 -1130.658334 -1130.676285 -1130.693538 -1130.709515 -1130.724346 -1130.741607 -1130.795064 -1131.151754 -1133.266566 -1137.977058 -1144.545235 -1128.445322 -1824.469823 -1872.998226 -1872.099514 -1871.204225 -1871.012228 -1870.979900 -1870.975257 -1870.975153 -1870.975715 -1870.976270 -1870.976716 -1870.977059 -1870.977322 -1870.977528 -1870.977691 -1870.977823 -1870.977935 -1870.978034 -1870.978133 -1870.978243 -1870.978382 -1870.978575 -1870.978860 -1870.979297 -1870.979985 -1870.981088 -1870.982886 -1870.985873 -1870.990950 -1870.999818 -1871.015773 -1871.045342 -1871.101688 -1871.211966 -1871.434579 -1871.903692 -1872.954365 -1875.509560 -1882.502614 -1905.398880 -9999.0 -9999.0
-9999.0 -9999.0 -9999.0 -9999.0 -9999.0 -9999.0 -9999.0 -9999.0 -9999.0 -9999.0 -9999.0 -9999.0 -9999.0 -9999.0 -9999.0 -9999.0 -9999.0 -9999.0 -9999.0 -9999.0 -9999.0 -9999.0 -9999.0 -9999.0 -9999.0 -9999.0 -9999.0 -9999.0 -9999.0 -9999.0 -9999.0 -9999.0 -9999.0 -9999.0 -9999.0 -9999.0 -9999.0 -9999.0 -9999.0 -9999.0 -9999.0 -9999.0 -9999.0 -9999.0 -9999.0 -9999.0 -9999.0 -9999.0 -9999.0 -9999.0 -9999.0 -9999.0 -9999.0 -9999.0 -9999.0 -9999.0 -9999.0 -9999.0 -9999.0 -9999.0 -9999.0 -9999.0 -9999.0 -9999.0 -9999.0 -9999.0 -9999.0 -9999.0 -9999.0 -9999.0 -9999.0 -9999.0 -9999.0 -9999.0 -9999.0 -9999.0 -9999.0 -9999.0 -9999.0 -9999.0 -9999.0 -9999.0 -9999.0 -9999.0 -9999.0 -9999.0 -9999.0 -9999.0 -9999.0 -9999.0 -9999.0 -9999.0 -9999.0 -9999.0 -9999.0 -9999.0 -9999.0 -9999.0 -9999.0 -9999.0 -9999.0 -9999.0 -9999.0 -9999.0
-9999.0 -9999.0 -9999.0 -9999.0 -9999.0 -9999.0 -9999.0 -9999.0 -9999.0 -9999.0 -9999.0 -9999.0 -9999.0 -9999.0 -9999.0 -9999.0 -9999.0 -9999.0 -9999.0 -9999.0 -9999.0 -9999.0 -9999.0 -9999.0 -9999.0 -9999.0 -9999.0 -9999.0 -9999.0 -9999.0 -9999.0 -9999.0 -9999.0 -9999.0 -9999.0 -9999.0 -9999.0 -9999.0 -9999.0 -9999.0 -9999.0 -9999.0 -9999.0 -9999.0 -9999.0 -9999.0 -9999.0 -9999.0 -9999.0 -9999.0 -9999.0 -9999.0 -9999.0 -9999.0 -9999.0 -9999.0 -9999.0 -9999.0 -9999.0 -9999.0 -9999.0 -9999.0 -9999.0 -9999.0 -9999.0 -9999.0 -9999.0 -9999.0 -9999.0 -9999.0 -9999.0 -9999.0 -9999.0 -9999.0 -9999.0 -9999.0 -9999.0 -9999.0 -9999.0 -9999.0 -9999.0 -9999.0 -9999.0 -9999.0 -9999.0 -9999.0 -9999.0 -9999.0 -9999.0 -9999.0 -9999.0 -9999.0 -9999.0 -9999.0 -9999.0 -9999.0 -9999.0 -9999.0 -9999.0 -9999.0 -9999.0 -9999.0 -9999.0 -9999.0