inst/processing_geotop_simulation/geotop_simulation/out/maps3D/PwL0007N0430.asc
ncols         104
nrows         10
xllcorner     -2.000000
yllcorner     0.000000
cellsize      1.000000
NODATA_value  -9999.0
-9999.0 -9999.0 -9999.0 -9999.0 -9999.0 -9999.0 -9999.0 -9999.0 -9999.0 -9999.0 -9999.0 -9999.0 -9999.0 -9999.0 -9999.0 -9999.0 -9999.0 -9999.0 -9999.0 -9999.0 -9999.0 -9999.0 -9999.0 -9999.0 -9999.0 -9999.0 -9999.0 -9999.0 -9999.0 -9999.0 -9999.0 -9999.0 -9999.0 -9999.0 -9999.0 -9999.0 -9999.0 -9999.0 -9999.0 -9999.0 -9999.0 -9999.0 -9999.0 -9999.0 -9999.0 -9999.0 -9999.0 -9999.0 -9999.0 -9999.0 -9999.0 -9999.0 -9999.0 -9999.0 -9999.0 -9999.0 -9999.0 -9999.0 -9999.0 -9999.0 -9999.0 -9999.0 -9999.0 -9999.0 -9999.0 -9999.0 -9999.0 -9999.0 -9999.0 -9999.0 -9999.0 -9999.0 -9999.0 -9999.0 -9999.0 -9999.0 -9999.0 -9999.0 -9999.0 -9999.0 -9999.0 -9999.0 -9999.0 -9999.0 -9999.0 -9999.0 -9999.0 -9999.0 -9999.0 -9999.0 -9999.0 -9999.0 -9999.0 -9999.0 -9999.0 -9999.0 -9999.0 -9999.0 -9999.0 -9999.0 -9999.0 -9999.0 -9999.0 -9999.0
-9999.0 -9999.0 -9999.0 -9999.0 -9999.0 -9999.0 -9999.0 -9999.0 -9999.0 -9999.0 -9999.0 -9999.0 -9999.0 -9999.0 -9999.0 -9999.0 -9999.0 -9999.0 -9999.0 -9999.0 -9999.0 -9999.0 -9999.0 -9999.0 -9999.0 -9999.0 -9999.0 -9999.0 -9999.0 -9999.0 -9999.0 -9999.0 -9999.0 -9999.0 -9999.0 -9999.0 -9999.0 -9999.0 -9999.0 -9999.0 -9999.0 -9999.0 -9999.0 -9999.0 -9999.0 -9999.0 -9999.0 -9999.0 -9999.0 -9999.0 -9999.0 -9999.0 -9999.0 -9999.0 -9999.0 -9999.0 -9999.0 -9999.0 -9999.0 -9999.0 -9999.0 -9999.0 -9999.0 -9999.0 -9999.0 -9999.0 -9999.0 -9999.0 -9999.0 -9999.0 -9999.0 -9999.0 -9999.0 -9999.0 -9999.0 -9999.0 -9999.0 -9999.0 -9999.0 -9999.0 -9999.0 -9999.0 -9999.0 -9999.0 -9999.0 -9999.0 -9999.0 -9999.0 -9999.0 -9999.0 -9999.0 -9999.0 -9999.0 -9999.0 -9999.0 -9999.0 -9999.0 -9999.0 -9999.0 -9999.0 -9999.0 -9999.0 -9999.0 -9999.0
-9999.0 -9999.0 323.675541 225.309900 126.299598 27.053540 -72.283538 -171.658031 -271.043795 -370.422727 -469.777479 -569.076321 -668.255425 -767.304790 -866.335083 -965.331810 -1064.264039 -1162.933393 -1260.921831 -1357.853326 -1452.728866 -1543.693513 -1628.035453 -1702.930158 -1766.434410 -1817.991572 -1858.300159 -1888.845337 -1911.414997 -1927.758245 -1939.404048 -1947.597342 -1953.303807 -1957.246979 -1959.955853 -1961.813113 -1963.106936 -1964.120279 -1965.365930 -1967.905039 -1969.497505 -1919.055435 -1235.189366 -1274.437954 -1255.670855 -1243.053320 -1237.166528 -1236.275788 -1236.179834 -1236.187705 -1236.210352 -1236.234799 -1236.258304 -1236.280079 -1236.300361 -1236.324596 -1236.403612 -1236.934121 -1240.055301 -1246.969081 -1254.955638 -1203.580716 -1889.125719 -1962.993276 -1966.632136 -1966.068651 -1965.848455 -1965.801667 -1965.793732 -1965.792873 -1965.793158 -1965.793554 -1965.793893 -1965.794164 -1965.794378 -1965.794551 -1965.794693 -1965.794814 -1965.794921 -1965.795020 -1965.795120 -1965.795230 -1965.795364 -1965.795540 -1965.795789 -1965.796157 -1965.796722 -1965.797613 -1965.799053 -1965.801442 -1965.805514 -1965.812673 -1965.825659 -1965.849965 -1965.896878 -1965.990455 -1966.184896 -1966.611488 -1967.615653 -1970.200100 -1977.655665 -2002.346501 -9999.0 -9999.0
-9999.0 -9999.0 323.682466 225.311574 126.300042 27.053672 -72.283496 -171.658016 -271.043790 -370.422725 -469.777478 -569.076320 -668.255424 -767.304790 -866.335083 -965.331810 -1064.264039 -1162.933393 -1260.921832 -1357.853326 -1452.728866 -1543.693513 -1628.035454 -1702.930158 -1766.434410 -1817.991572 -1858.300159 -1888.845337 -1911.414997 -1927.758245 -1939.404048 -1947.597342 -1953.303807 -1957.246979 -1959.955853 -1961.813113 -1963.106936 -1964.120279 -1965.365930 -1967.905039 -1969.497505 -1919.055435 -1235.189366 -1274.437954 -1255.670854 -1243.053320 -1237.166528 -1236.275788 -1236.179834 -1236.187705 -1236.210352 -1236.234799 -1236.258304 -1236.280079 -1236.300361 -1236.324596 -1236.403612 -1236.934121 -1240.055301 -1246.969081 -1254.955638 -1203.580716 -1889.125719 -1962.993276 -1966.632136 -1966.068651 -1965.848455 -1965.801667 -1965.793732 -1965.792873 -1965.793158 -1965.793554 -1965.793893 -1965.794164 -1965.794378 -1965.794551 -1965.794693 -1965.794814 -1965.794921 -1965.795020 -1965.795120 -1965.795230 -1965.795364 -1965.795540 -1965.795789 -1965.796157 -1965.796722 -1965.797613 -1965.799053 -1965.801442 -1965.805514 -1965.812673 -1965.825659 -1965.849965 -1965.896878 -1965.990455 -1966.184896 -1966.611488 -1967.615653 -1970.200100 -1977.655665 -2002.346501 -9999.0 -9999.0
-9999.0 -9999.0 323.683777 225.312287 126.300326 27.053775 -72.283459 -171.658003 -271.043785 -370.422723 -469.777477 -569.076320 -668.255424 -767.304790 -866.335083 -965.331810 -1064.264040 -1162.933393 -1260.921832 -1357.853326 -1452.728867 -1543.693514 -1628.035454 -1702.930158 -1766.434410 -1817.991572 -1858.300160 -1888.845337 -1911.414997 -1927.758245 -1939.404048 -1947.597342 -1953.303807 -1957.246979 -1959.955853 -1961.813113 -1963.106936 -1964.120279 -1965.365930 -1967.905039 -1969.497505 -1919.055435 -1235.189366 -1274.437954 -1255.670854 -1243.053320 -1237.166528 -1236.275788 -1236.179834 -1236.187705 -1236.210352 -1236.234799 -1236.258304 -1236.280079 -1236.300361 -1236.324596 -1236.403612 -1236.934121 -1240.055301 -1246.969081 -1254.955638 -1203.580716 -1889.125719 -1962.993276 -1966.632136 -1966.068651 -1965.848455 -1965.801667 -1965.793732 -1965.792873 -1965.793158 -1965.793554 -1965.793893 -1965.794164 -1965.794378 -1965.794551 -1965.794693 -1965.794814 -1965.794921 -1965.795020 -1965.795120 -1965.795230 -1965.795364 -1965.795540 -1965.795789 -1965.796157 -1965.796722 -1965.797613 -1965.799053 -1965.801442 -1965.805514 -1965.812673 -1965.825659 -1965.849965 -1965.896878 -1965.990455 -1966.184896 -1966.611488 -1967.615653 -1970.200100 -1977.655665 -2002.346501 -9999.0 -9999.0
-9999.0 -9999.0 323.683777 225.312287 126.300326 27.053775 -72.283459 -171.658003 -271.043785 -370.422723 -469.777477 -569.076320 -668.255424 -767.304790 -866.335083 -965.331810 -1064.264040 -1162.933393 -1260.921832 -1357.853326 -1452.728867 -1543.693514 -1628.035454 -1702.930158 -1766.434410 -1817.991572 -1858.300160 -1888.845337 -1911.414997 -1927.758245 -1939.404048 -1947.597342 -1953.303807 -1957.246979 -1959.955853 -1961.813113 -1963.106936 -1964.120279 -1965.365930 -1967.905039 -1969.497505 -1919.055435 -1235.189366 -1274.437954 -1255.670854 -1243.053320 -1237.166528 -1236.275788 -1236.179834 -1236.187705 -1236.210352 -1236.234799 -1236.258304 -1236.280079 -1236.300361 -1236.324596 -1236.403612 -1236.934121 -1240.055301 -1246.969081 -1254.955638 -1203.580716 -1889.125719 -1962.993276 -1966.632136 -1966.068651 -1965.848455 -1965.801667 -1965.793732 -1965.792873 -1965.793158 -1965.793554 -1965.793893 -1965.794164 -1965.794378 -1965.794551 -1965.794693 -1965.794814 -1965.794921 -1965.795020 -1965.795120 -1965.795230 -1965.795364 -1965.795540 -1965.795789 -1965.796157 -1965.796722 -1965.797613 -1965.799053 -1965.801442 -1965.805514 -1965.812673 -1965.825659 -1965.849965 -1965.896878 -1965.990455 -1966.184896 -1966.611488 -1967.615653 -1970.200100 -1977.655665 -2002.346501 -9999.0 -9999.0
-9999.0 -9999.0 323.682466 225.311574 126.300042 27.053672 -72.283496 -171.658016 -271.043790 -370.422725 -469.777478 -569.076320 -668.255424 -767.304790 -866.335083 -965.331810 -1064.264039 -1162.933393 -1260.921832 -1357.853326 -1452.728866 -1543.693513 -1628.035454 -1702.930158 -1766.434410 -1817.991572 -1858.300159 -1888.845337 -1911.414997 -1927.758245 -1939.404048 -1947.597342 -1953.303807 -1957.246979 -1959.955853 -1961.813113 -1963.106936 -1964.120279 -1965.365930 -1967.905039 -1969.497505 -1919.055435 -1235.189366 -1274.437954 -1255.670854 -1243.053320 -1237.166528 -1236.275788 -1236.179834 -1236.187705 -1236.210352 -1236.234799 -1236.258304 -1236.280079 -1236.300361 -1236.324596 -1236.403612 -1236.934121 -1240.055301 -1246.969081 -1254.955638 -1203.580716 -1889.125719 -1962.993276 -1966.632136 -1966.068651 -1965.848455 -1965.801667 -1965.793732 -1965.792873 -1965.793158 -1965.793554 -1965.793893 -1965.794164 -1965.794378 -1965.794551 -1965.794693 -1965.794814 -1965.794921 -1965.795020 -1965.795120 -1965.795230 -1965.795364 -1965.795540 -1965.795789 -1965.796157 -1965.796722 -1965.797613 -1965.799053 -1965.801442 -1965.805514 -1965.812673 -1965.825659 -1965.849965 -1965.896878 -1965.990455 -1966.184896 -1966.611488 -1967.615653 -1970.200100 -1977.655665 -2002.346501 -9999.0 -9999.0
-9999.0 -9999.0 323.675541 225.309900 126.299598 27.053540 -72.283538 -171.658031 -271.043795 -370.422727 -469.777479 -569.076321 -668.255425 -767.304790 -866.335083 -965.331810 -1064.264039 -1162.933393 -1260.921831 -1357.853326 -1452.728866 -1543.693513 -1628.035453 -1702.930158 -1766.434410 -1817.991572 -1858.300159 -1888.845337 -1911.414997 -1927.758245 -1939.404048 -1947.597342 -1953.303807 -1957.246979 -1959.955853 -1961.813113 -1963.106936 -1964.120279 -1965.365930 -1967.905039 -1969.497505 -1919.055435 -1235.189366 -1274.437954 -1255.670855 -1243.053320 -1237.166528 -1236.275788 -1236.179834 -1236.187705 -1236.210352 -1236.234799 -1236.258304 -1236.280079 -1236.300361 -1236.324596 -1236.403612 -1236.934121 -1240.055301 -1246.969081 -1254.955638 -1203.580716 -1889.125719 -1962.993276 -1966.632136 -1966.068651 -1965.848455 -1965.801667 -1965.793732 -1965.792873 -1965.793158 -1965.793554 -1965.793893 -1965.794164 -1965.794378 -1965.794551 -1965.794693 -1965.794814 -1965.794921 -1965.795020 -1965.795120 -1965.795230 -1965.795364 -1965.795540 -1965.795789 -1965.796157 -1965.796722 -1965.797613 -1965.799053 -1965.801442 -1965.805514 -1965.812673 -1965.825659 -1965.849965 -1965.896878 -1965.990455 -1966.184896 -1966.611488 -1967.615653 -1970.200100 -1977.655665 -2002.346501 -9999.0 -9999.0
-9999.0 -9999.0 -9999.0 -9999.0 -9999.0 -9999.0 -9999.0 -9999.0 -9999.0 -9999.0 -9999.0 -9999.0 -9999.0 -9999.0 -9999.0 -9999.0 -9999.0 -9999.0 -9999.0 -9999.0 -9999.0 -9999.0 -9999.0 -9999.0 -9999.0 -9999.0 -9999.0 -9999.0 -9999.0 -9999.0 -9999.0 -9999.0 -9999.0 -9999.0 -9999.0 -9999.0 -9999.0 -9999.0 -9999.0 -9999.0 -9999.0 -9999.0 -9999.0 -9999.0 -9999.0 -9999.0 -9999.0 -9999.0 -9999.0 -9999.0 -9999.0 -9999.0 -9999.0 -9999.0 -9999.0 -9999.0 -9999.0 -9999.0 -9999.0 -9999.0 -9999.0 -9999.0 -9999.0 -9999.0 -9999.0 -9999.0 -9999.0 -9999.0 -9999.0 -9999.0 -9999.0 -9999.0 -9999.0 -9999.0 -9999.0 -9999.0 -9999.0 -9999.0 -9999.0 -9999.0 -9999.0 -9999.0 -9999.0 -9999.0 -9999.0 -9999.0 -9999.0 -9999.0 -9999.0 -9999.0 -9999.0 -9999.0 -9999.0 -9999.0 -9999.0 -9999.0 -9999.0 -9999.0 -9999.0 -9999.0 -9999.0 -9999.0 -9999.0 -9999.0
-9999.0 -9999.0 -9999.0 -9999.0 -9999.0 -9999.0 -9999.0 -9999.0 -9999.0 -9999.0 -9999.0 -9999.0 -9999.0 -9999.0 -9999.0 -9999.0 -9999.0 -9999.0 -9999.0 -9999.0 -9999.0 -9999.0 -9999.0 -9999.0 -9999.0 -9999.0 -9999.0 -9999.0 -9999.0 -9999.0 -9999.0 -9999.0 -9999.0 -9999.0 -9999.0 -9999.0 -9999.0 -9999.0 -9999.0 -9999.0 -9999.0 -9999.0 -9999.0 -9999.0 -9999.0 -9999.0 -9999.0 -9999.0 -9999.0 -9999.0 -9999.0 -9999.0 -9999.0 -9999.0 -9999.0 -9999.0 -9999.0 -9999.0 -9999.0 -9999.0 -9999.0 -9999.0 -9999.0 -9999.0 -9999.0 -9999.0 -9999.0 -9999.0 -9999.0 -9999.0 -9999.0 -9999.0 -9999.0 -9999.0 -9999.0 -9999.0 -9999.0 -9999.0 -9999.0 -9999.0 -9999.0 -9999.0 -9999.0 -9999.0 -9999.0 -9999.0 -9999.0 -9999.0 -9999.0 -9999.0 -9999.0 -9999.0 -9999.0 -9999.0 -9999.0 -9999.0 -9999.0 -9999.0 -9999.0 -9999.0 -9999.0 -9999.0 -9999.0 -9999.0