inst/processing_geotop_simulation/geotop_simulation/out/maps3D/PwL0017N0217.asc
ncols         104
nrows         10
xllcorner     -2.000000
yllcorner     0.000000
cellsize      1.000000
NODATA_value  -9999.0
-9999.0 -9999.0 -9999.0 -9999.0 -9999.0 -9999.0 -9999.0 -9999.0 -9999.0 -9999.0 -9999.0 -9999.0 -9999.0 -9999.0 -9999.0 -9999.0 -9999.0 -9999.0 -9999.0 -9999.0 -9999.0 -9999.0 -9999.0 -9999.0 -9999.0 -9999.0 -9999.0 -9999.0 -9999.0 -9999.0 -9999.0 -9999.0 -9999.0 -9999.0 -9999.0 -9999.0 -9999.0 -9999.0 -9999.0 -9999.0 -9999.0 -9999.0 -9999.0 -9999.0 -9999.0 -9999.0 -9999.0 -9999.0 -9999.0 -9999.0 -9999.0 -9999.0 -9999.0 -9999.0 -9999.0 -9999.0 -9999.0 -9999.0 -9999.0 -9999.0 -9999.0 -9999.0 -9999.0 -9999.0 -9999.0 -9999.0 -9999.0 -9999.0 -9999.0 -9999.0 -9999.0 -9999.0 -9999.0 -9999.0 -9999.0 -9999.0 -9999.0 -9999.0 -9999.0 -9999.0 -9999.0 -9999.0 -9999.0 -9999.0 -9999.0 -9999.0 -9999.0 -9999.0 -9999.0 -9999.0 -9999.0 -9999.0 -9999.0 -9999.0 -9999.0 -9999.0 -9999.0 -9999.0 -9999.0 -9999.0 -9999.0 -9999.0 -9999.0 -9999.0
-9999.0 -9999.0 -9999.0 -9999.0 -9999.0 -9999.0 -9999.0 -9999.0 -9999.0 -9999.0 -9999.0 -9999.0 -9999.0 -9999.0 -9999.0 -9999.0 -9999.0 -9999.0 -9999.0 -9999.0 -9999.0 -9999.0 -9999.0 -9999.0 -9999.0 -9999.0 -9999.0 -9999.0 -9999.0 -9999.0 -9999.0 -9999.0 -9999.0 -9999.0 -9999.0 -9999.0 -9999.0 -9999.0 -9999.0 -9999.0 -9999.0 -9999.0 -9999.0 -9999.0 -9999.0 -9999.0 -9999.0 -9999.0 -9999.0 -9999.0 -9999.0 -9999.0 -9999.0 -9999.0 -9999.0 -9999.0 -9999.0 -9999.0 -9999.0 -9999.0 -9999.0 -9999.0 -9999.0 -9999.0 -9999.0 -9999.0 -9999.0 -9999.0 -9999.0 -9999.0 -9999.0 -9999.0 -9999.0 -9999.0 -9999.0 -9999.0 -9999.0 -9999.0 -9999.0 -9999.0 -9999.0 -9999.0 -9999.0 -9999.0 -9999.0 -9999.0 -9999.0 -9999.0 -9999.0 -9999.0 -9999.0 -9999.0 -9999.0 -9999.0 -9999.0 -9999.0 -9999.0 -9999.0 -9999.0 -9999.0 -9999.0 -9999.0 -9999.0 -9999.0
-9999.0 -9999.0 826.356831 729.796590 632.748954 535.232248 437.477370 339.617355 241.722123 143.828979 45.958553 -51.868382 -149.643461 -247.327105 -344.824838 -441.970415 -538.469055 -633.870252 -728.713732 -823.641375 -917.575662 -1010.259327 -1096.649492 -1170.516076 -1233.197480 -1284.053958 -1323.635477 -1353.333734 -1374.933071 -1390.241194 -1400.865437 -1408.117625 -1413.005355 -1416.268762 -1418.433958 -1419.868099 -1420.832826 -1421.560968 -1422.517508 -1425.573216 -1438.677608 -1501.625855 -2005.009012 -4100.583869 -4133.660969 -4133.663366 -4133.663366 -4133.663357 -4133.663310 -4133.663144 -4133.662664 -4133.661204 -4133.658688 -4133.655324 -4133.649574 -4133.638082 -4133.612067 -4133.547002 -4133.370529 -4132.850004 -4072.888979 -1840.021367 -1463.886516 -1431.287619 -1424.358388 -1423.035869 -1422.819551 -1422.786508 -1422.782037 -1422.782105 -1422.782818 -1422.783494 -1422.784035 -1422.784452 -1422.784774 -1422.785027 -1422.785229 -1422.785394 -1422.785534 -1422.785659 -1422.785783 -1422.785919 -1422.786089 -1422.786321 -1422.786661 -1422.787181 -1422.787994 -1422.789293 -1422.791405 -1422.794907 -1422.800848 -1422.811207 -1422.829817 -1422.864277 -1422.929949 -1423.058717 -1423.319899 -1423.875141 -1425.131289 -1428.181085 -1436.226866 -1460.599212 -9999.0 -9999.0
-9999.0 -9999.0 826.360733 729.797979 632.749391 535.232387 437.477416 339.617371 241.722128 143.828981 45.958554 -51.868381 -149.643461 -247.327105 -344.824838 -441.970415 -538.469055 -633.870252 -728.713733 -823.641375 -917.575663 -1010.259327 -1096.649493 -1170.516077 -1233.197480 -1284.053958 -1323.635477 -1353.333734 -1374.933071 -1390.241194 -1400.865437 -1408.117625 -1413.005355 -1416.268762 -1418.433958 -1419.868099 -1420.832826 -1421.560968 -1422.517508 -1425.573216 -1438.677608 -1501.625855 -2005.009012 -4100.583869 -4133.660969 -4133.663366 -4133.663366 -4133.663357 -4133.663310 -4133.663144 -4133.662664 -4133.661204 -4133.658688 -4133.655324 -4133.649574 -4133.638082 -4133.612067 -4133.547002 -4133.370529 -4132.850004 -4072.888979 -1840.021367 -1463.886516 -1431.287619 -1424.358388 -1423.035869 -1422.819551 -1422.786508 -1422.782037 -1422.782105 -1422.782818 -1422.783494 -1422.784035 -1422.784452 -1422.784774 -1422.785027 -1422.785229 -1422.785394 -1422.785534 -1422.785659 -1422.785783 -1422.785919 -1422.786089 -1422.786321 -1422.786661 -1422.787181 -1422.787994 -1422.789293 -1422.791405 -1422.794907 -1422.800848 -1422.811207 -1422.829817 -1422.864277 -1422.929949 -1423.058717 -1423.319899 -1423.875141 -1425.131289 -1428.181085 -1436.226866 -1460.599212 -9999.0 -9999.0
-9999.0 -9999.0 826.362080 729.798693 632.749688 535.232500 437.477457 339.617386 241.722134 143.828983 45.958555 -51.868381 -149.643461 -247.327105 -344.824838 -441.970415 -538.469055 -633.870252 -728.713733 -823.641375 -917.575663 -1010.259327 -1096.649493 -1170.516077 -1233.197481 -1284.053958 -1323.635477 -1353.333734 -1374.933071 -1390.241194 -1400.865437 -1408.117625 -1413.005355 -1416.268762 -1418.433958 -1419.868099 -1420.832826 -1421.560968 -1422.517508 -1425.573216 -1438.677608 -1501.625855 -2005.009012 -4100.583869 -4133.660969 -4133.663366 -4133.663366 -4133.663357 -4133.663310 -4133.663144 -4133.662664 -4133.661204 -4133.658688 -4133.655324 -4133.649574 -4133.638082 -4133.612067 -4133.547002 -4133.370529 -4132.850004 -4072.888979 -1840.021367 -1463.886516 -1431.287619 -1424.358388 -1423.035869 -1422.819551 -1422.786508 -1422.782037 -1422.782105 -1422.782818 -1422.783494 -1422.784035 -1422.784452 -1422.784774 -1422.785027 -1422.785229 -1422.785394 -1422.785534 -1422.785659 -1422.785783 -1422.785919 -1422.786089 -1422.786321 -1422.786661 -1422.787181 -1422.787994 -1422.789293 -1422.791405 -1422.794907 -1422.800848 -1422.811207 -1422.829817 -1422.864277 -1422.929949 -1423.058717 -1423.319899 -1423.875141 -1425.131289 -1428.181085 -1436.226866 -1460.599212 -9999.0 -9999.0
-9999.0 -9999.0 826.362080 729.798693 632.749688 535.232500 437.477457 339.617386 241.722134 143.828983 45.958555 -51.868381 -149.643461 -247.327105 -344.824838 -441.970415 -538.469055 -633.870252 -728.713733 -823.641375 -917.575663 -1010.259327 -1096.649493 -1170.516077 -1233.197481 -1284.053958 -1323.635477 -1353.333734 -1374.933071 -1390.241194 -1400.865437 -1408.117625 -1413.005355 -1416.268762 -1418.433958 -1419.868099 -1420.832826 -1421.560968 -1422.517508 -1425.573216 -1438.677608 -1501.625855 -2005.009012 -4100.583869 -4133.660969 -4133.663366 -4133.663366 -4133.663357 -4133.663310 -4133.663144 -4133.662664 -4133.661204 -4133.658688 -4133.655324 -4133.649574 -4133.638082 -4133.612067 -4133.547002 -4133.370529 -4132.850004 -4072.888979 -1840.021367 -1463.886516 -1431.287619 -1424.358388 -1423.035869 -1422.819551 -1422.786508 -1422.782037 -1422.782105 -1422.782818 -1422.783494 -1422.784035 -1422.784452 -1422.784774 -1422.785027 -1422.785229 -1422.785394 -1422.785534 -1422.785659 -1422.785783 -1422.785919 -1422.786089 -1422.786321 -1422.786661 -1422.787181 -1422.787994 -1422.789293 -1422.791405 -1422.794907 -1422.800848 -1422.811207 -1422.829817 -1422.864277 -1422.929949 -1423.058717 -1423.319899 -1423.875141 -1425.131289 -1428.181085 -1436.226866 -1460.599212 -9999.0 -9999.0
-9999.0 -9999.0 826.360733 729.797979 632.749391 535.232387 437.477416 339.617371 241.722128 143.828981 45.958554 -51.868381 -149.643461 -247.327105 -344.824838 -441.970415 -538.469055 -633.870252 -728.713733 -823.641375 -917.575663 -1010.259327 -1096.649493 -1170.516077 -1233.197480 -1284.053958 -1323.635477 -1353.333734 -1374.933071 -1390.241194 -1400.865437 -1408.117625 -1413.005355 -1416.268762 -1418.433958 -1419.868099 -1420.832826 -1421.560968 -1422.517508 -1425.573216 -1438.677608 -1501.625855 -2005.009012 -4100.583869 -4133.660969 -4133.663366 -4133.663366 -4133.663357 -4133.663310 -4133.663144 -4133.662664 -4133.661204 -4133.658688 -4133.655324 -4133.649574 -4133.638082 -4133.612067 -4133.547002 -4133.370529 -4132.850004 -4072.888979 -1840.021367 -1463.886516 -1431.287619 -1424.358388 -1423.035869 -1422.819551 -1422.786508 -1422.782037 -1422.782105 -1422.782818 -1422.783494 -1422.784035 -1422.784452 -1422.784774 -1422.785027 -1422.785229 -1422.785394 -1422.785534 -1422.785659 -1422.785783 -1422.785919 -1422.786089 -1422.786321 -1422.786661 -1422.787181 -1422.787994 -1422.789293 -1422.791405 -1422.794907 -1422.800848 -1422.811207 -1422.829817 -1422.864277 -1422.929949 -1423.058717 -1423.319899 -1423.875141 -1425.131289 -1428.181085 -1436.226866 -1460.599212 -9999.0 -9999.0
-9999.0 -9999.0 826.356831 729.796590 632.748954 535.232248 437.477370 339.617355 241.722123 143.828979 45.958553 -51.868382 -149.643461 -247.327105 -344.824838 -441.970415 -538.469055 -633.870252 -728.713732 -823.641375 -917.575663 -1010.259327 -1096.649492 -1170.516076 -1233.197480 -1284.053958 -1323.635477 -1353.333734 -1374.933071 -1390.241194 -1400.865437 -1408.117625 -1413.005355 -1416.268762 -1418.433958 -1419.868099 -1420.832826 -1421.560968 -1422.517508 -1425.573216 -1438.677608 -1501.625855 -2005.009012 -4100.583869 -4133.660969 -4133.663366 -4133.663366 -4133.663357 -4133.663310 -4133.663144 -4133.662664 -4133.661204 -4133.658688 -4133.655324 -4133.649574 -4133.638082 -4133.612067 -4133.547002 -4133.370529 -4132.850004 -4072.888979 -1840.021367 -1463.886516 -1431.287619 -1424.358388 -1423.035869 -1422.819551 -1422.786508 -1422.782037 -1422.782105 -1422.782818 -1422.783494 -1422.784035 -1422.784452 -1422.784774 -1422.785027 -1422.785229 -1422.785394 -1422.785534 -1422.785659 -1422.785783 -1422.785919 -1422.786089 -1422.786321 -1422.786661 -1422.787181 -1422.787994 -1422.789293 -1422.791405 -1422.794907 -1422.800848 -1422.811207 -1422.829817 -1422.864277 -1422.929949 -1423.058717 -1423.319899 -1423.875141 -1425.131289 -1428.181085 -1436.226866 -1460.599212 -9999.0 -9999.0
-9999.0 -9999.0 -9999.0 -9999.0 -9999.0 -9999.0 -9999.0 -9999.0 -9999.0 -9999.0 -9999.0 -9999.0 -9999.0 -9999.0 -9999.0 -9999.0 -9999.0 -9999.0 -9999.0 -9999.0 -9999.0 -9999.0 -9999.0 -9999.0 -9999.0 -9999.0 -9999.0 -9999.0 -9999.0 -9999.0 -9999.0 -9999.0 -9999.0 -9999.0 -9999.0 -9999.0 -9999.0 -9999.0 -9999.0 -9999.0 -9999.0 -9999.0 -9999.0 -9999.0 -9999.0 -9999.0 -9999.0 -9999.0 -9999.0 -9999.0 -9999.0 -9999.0 -9999.0 -9999.0 -9999.0 -9999.0 -9999.0 -9999.0 -9999.0 -9999.0 -9999.0 -9999.0 -9999.0 -9999.0 -9999.0 -9999.0 -9999.0 -9999.0 -9999.0 -9999.0 -9999.0 -9999.0 -9999.0 -9999.0 -9999.0 -9999.0 -9999.0 -9999.0 -9999.0 -9999.0 -9999.0 -9999.0 -9999.0 -9999.0 -9999.0 -9999.0 -9999.0 -9999.0 -9999.0 -9999.0 -9999.0 -9999.0 -9999.0 -9999.0 -9999.0 -9999.0 -9999.0 -9999.0 -9999.0 -9999.0 -9999.0 -9999.0 -9999.0 -9999.0
-9999.0 -9999.0 -9999.0 -9999.0 -9999.0 -9999.0 -9999.0 -9999.0 -9999.0 -9999.0 -9999.0 -9999.0 -9999.0 -9999.0 -9999.0 -9999.0 -9999.0 -9999.0 -9999.0 -9999.0 -9999.0 -9999.0 -9999.0 -9999.0 -9999.0 -9999.0 -9999.0 -9999.0 -9999.0 -9999.0 -9999.0 -9999.0 -9999.0 -9999.0 -9999.0 -9999.0 -9999.0 -9999.0 -9999.0 -9999.0 -9999.0 -9999.0 -9999.0 -9999.0 -9999.0 -9999.0 -9999.0 -9999.0 -9999.0 -9999.0 -9999.0 -9999.0 -9999.0 -9999.0 -9999.0 -9999.0 -9999.0 -9999.0 -9999.0 -9999.0 -9999.0 -9999.0 -9999.0 -9999.0 -9999.0 -9999.0 -9999.0 -9999.0 -9999.0 -9999.0 -9999.0 -9999.0 -9999.0 -9999.0 -9999.0 -9999.0 -9999.0 -9999.0 -9999.0 -9999.0 -9999.0 -9999.0 -9999.0 -9999.0 -9999.0 -9999.0 -9999.0 -9999.0 -9999.0 -9999.0 -9999.0 -9999.0 -9999.0 -9999.0 -9999.0 -9999.0 -9999.0 -9999.0 -9999.0 -9999.0 -9999.0 -9999.0 -9999.0 -9999.0