inst/processing_geotop_simulation/geotop_simulation/out/maps3D/PwL0021N0131.asc
ncols         104
nrows         10
xllcorner     -2.000000
yllcorner     0.000000
cellsize      1.000000
NODATA_value  -9999.0
-9999.0 -9999.0 -9999.0 -9999.0 -9999.0 -9999.0 -9999.0 -9999.0 -9999.0 -9999.0 -9999.0 -9999.0 -9999.0 -9999.0 -9999.0 -9999.0 -9999.0 -9999.0 -9999.0 -9999.0 -9999.0 -9999.0 -9999.0 -9999.0 -9999.0 -9999.0 -9999.0 -9999.0 -9999.0 -9999.0 -9999.0 -9999.0 -9999.0 -9999.0 -9999.0 -9999.0 -9999.0 -9999.0 -9999.0 -9999.0 -9999.0 -9999.0 -9999.0 -9999.0 -9999.0 -9999.0 -9999.0 -9999.0 -9999.0 -9999.0 -9999.0 -9999.0 -9999.0 -9999.0 -9999.0 -9999.0 -9999.0 -9999.0 -9999.0 -9999.0 -9999.0 -9999.0 -9999.0 -9999.0 -9999.0 -9999.0 -9999.0 -9999.0 -9999.0 -9999.0 -9999.0 -9999.0 -9999.0 -9999.0 -9999.0 -9999.0 -9999.0 -9999.0 -9999.0 -9999.0 -9999.0 -9999.0 -9999.0 -9999.0 -9999.0 -9999.0 -9999.0 -9999.0 -9999.0 -9999.0 -9999.0 -9999.0 -9999.0 -9999.0 -9999.0 -9999.0 -9999.0 -9999.0 -9999.0 -9999.0 -9999.0 -9999.0 -9999.0 -9999.0
-9999.0 -9999.0 -9999.0 -9999.0 -9999.0 -9999.0 -9999.0 -9999.0 -9999.0 -9999.0 -9999.0 -9999.0 -9999.0 -9999.0 -9999.0 -9999.0 -9999.0 -9999.0 -9999.0 -9999.0 -9999.0 -9999.0 -9999.0 -9999.0 -9999.0 -9999.0 -9999.0 -9999.0 -9999.0 -9999.0 -9999.0 -9999.0 -9999.0 -9999.0 -9999.0 -9999.0 -9999.0 -9999.0 -9999.0 -9999.0 -9999.0 -9999.0 -9999.0 -9999.0 -9999.0 -9999.0 -9999.0 -9999.0 -9999.0 -9999.0 -9999.0 -9999.0 -9999.0 -9999.0 -9999.0 -9999.0 -9999.0 -9999.0 -9999.0 -9999.0 -9999.0 -9999.0 -9999.0 -9999.0 -9999.0 -9999.0 -9999.0 -9999.0 -9999.0 -9999.0 -9999.0 -9999.0 -9999.0 -9999.0 -9999.0 -9999.0 -9999.0 -9999.0 -9999.0 -9999.0 -9999.0 -9999.0 -9999.0 -9999.0 -9999.0 -9999.0 -9999.0 -9999.0 -9999.0 -9999.0 -9999.0 -9999.0 -9999.0 -9999.0 -9999.0 -9999.0 -9999.0 -9999.0 -9999.0 -9999.0 -9999.0 -9999.0 -9999.0 -9999.0
-9999.0 -9999.0 1038.531686 945.012971 851.225114 756.691324 661.722190 566.552572 471.317386 376.091481 280.916530 185.815781 90.801867 -4.111966 -98.898515 -193.541211 -287.996252 -382.184676 -475.857643 -568.421513 -659.578934 -749.630428 -837.796899 -923.508002 -996.456935 -1048.249812 -1086.379745 -1112.851581 -1130.337065 -1141.422158 -1148.223116 -1152.290198 -1154.675682 -1156.056501 -1156.850501 -1157.310601 -1157.594767 -1157.831250 -1158.304728 -1160.624352 -1174.238231 -1263.653642 -1798.136124 -3829.327371 -3935.604600 -3935.598789 -3933.452693 -3906.523923 -3793.487856 -3566.953070 -3280.894526 -2972.445055 -2771.630855 -2642.420429 -2524.943381 -2406.305874 -2284.252942 -2161.739229 -2042.781476 -1929.475989 -1813.826632 -1402.598087 -1225.678184 -1168.393247 -1159.579569 -1158.387692 -1158.226296 -1158.202567 -1158.199755 -1158.200503 -1158.201694 -1158.202732 -1158.203542 -1158.204161 -1158.204637 -1158.205007 -1158.205302 -1158.205540 -1158.205740 -1158.205917 -1158.206090 -1158.206281 -1158.206518 -1158.206846 -1158.207328 -1158.208067 -1158.209227 -1158.211080 -1158.214088 -1158.219054 -1158.227431 -1158.241935 -1158.267792 -1158.315312 -1158.405179 -1158.579714 -1158.928956 -1159.659410 -1161.293307 -1165.244795 -1175.400642 -1203.118095 -9999.0 -9999.0
-9999.0 -9999.0 1038.534827 945.014224 851.225537 756.691465 661.722237 566.552588 471.317391 376.091483 280.916531 185.815781 90.801867 -4.111966 -98.898515 -193.541211 -287.996252 -382.184676 -475.857644 -568.421513 -659.578935 -749.630428 -837.796899 -923.508003 -996.456935 -1048.249813 -1086.379746 -1112.851582 -1130.337065 -1141.422158 -1148.223116 -1152.290198 -1154.675682 -1156.056501 -1156.850501 -1157.310601 -1157.594767 -1157.831250 -1158.304728 -1160.624352 -1174.238231 -1263.653642 -1798.136123 -3829.327370 -3935.604600 -3935.598789 -3933.452693 -3906.523923 -3793.487856 -3566.953068 -3280.894522 -2972.445053 -2771.630855 -2642.420429 -2524.943380 -2406.305874 -2284.252941 -2161.739229 -2042.781476 -1929.475989 -1813.826632 -1402.598087 -1225.678184 -1168.393247 -1159.579569 -1158.387692 -1158.226296 -1158.202567 -1158.199755 -1158.200503 -1158.201694 -1158.202732 -1158.203542 -1158.204161 -1158.204637 -1158.205007 -1158.205302 -1158.205540 -1158.205740 -1158.205917 -1158.206090 -1158.206281 -1158.206518 -1158.206846 -1158.207328 -1158.208067 -1158.209227 -1158.211080 -1158.214088 -1158.219054 -1158.227431 -1158.241935 -1158.267792 -1158.315312 -1158.405179 -1158.579714 -1158.928956 -1159.659410 -1161.293307 -1165.244795 -1175.400642 -1203.118095 -9999.0 -9999.0
-9999.0 -9999.0 1038.536096 945.014915 851.225832 756.691579 661.722280 566.552604 471.317397 376.091485 280.916532 185.815781 90.801867 -4.111967 -98.898515 -193.541211 -287.996252 -382.184676 -475.857644 -568.421514 -659.578935 -749.630428 -837.796899 -923.508003 -996.456935 -1048.249813 -1086.379746 -1112.851582 -1130.337065 -1141.422158 -1148.223116 -1152.290198 -1154.675682 -1156.056501 -1156.850501 -1157.310601 -1157.594767 -1157.831250 -1158.304728 -1160.624352 -1174.238231 -1263.653642 -1798.136123 -3829.327370 -3935.604600 -3935.598789 -3933.452693 -3906.523923 -3793.487856 -3566.953066 -3280.894519 -2972.445052 -2771.630854 -2642.420428 -2524.943380 -2406.305873 -2284.252941 -2161.739229 -2042.781476 -1929.475989 -1813.826632 -1402.598087 -1225.678184 -1168.393247 -1159.579569 -1158.387692 -1158.226296 -1158.202567 -1158.199755 -1158.200503 -1158.201694 -1158.202732 -1158.203542 -1158.204161 -1158.204637 -1158.205007 -1158.205302 -1158.205540 -1158.205740 -1158.205917 -1158.206090 -1158.206281 -1158.206518 -1158.206846 -1158.207328 -1158.208067 -1158.209227 -1158.211080 -1158.214088 -1158.219054 -1158.227431 -1158.241935 -1158.267792 -1158.315312 -1158.405179 -1158.579714 -1158.928956 -1159.659410 -1161.293307 -1165.244795 -1175.400642 -1203.118095 -9999.0 -9999.0
-9999.0 -9999.0 1038.536096 945.014915 851.225832 756.691579 661.722280 566.552604 471.317397 376.091485 280.916532 185.815781 90.801867 -4.111966 -98.898515 -193.541211 -287.996252 -382.184676 -475.857644 -568.421513 -659.578935 -749.630428 -837.796899 -923.508003 -996.456935 -1048.249813 -1086.379746 -1112.851582 -1130.337065 -1141.422158 -1148.223116 -1152.290198 -1154.675682 -1156.056501 -1156.850501 -1157.310601 -1157.594767 -1157.831250 -1158.304728 -1160.624352 -1174.238231 -1263.653642 -1798.136123 -3829.327370 -3935.604600 -3935.598789 -3933.452693 -3906.523923 -3793.487856 -3566.953067 -3280.894520 -2972.445052 -2771.630854 -2642.420429 -2524.943380 -2406.305873 -2284.252941 -2161.739229 -2042.781476 -1929.475989 -1813.826632 -1402.598087 -1225.678184 -1168.393247 -1159.579569 -1158.387692 -1158.226296 -1158.202567 -1158.199755 -1158.200503 -1158.201694 -1158.202732 -1158.203542 -1158.204161 -1158.204637 -1158.205007 -1158.205302 -1158.205540 -1158.205740 -1158.205917 -1158.206090 -1158.206281 -1158.206518 -1158.206846 -1158.207328 -1158.208067 -1158.209227 -1158.211080 -1158.214088 -1158.219054 -1158.227431 -1158.241935 -1158.267792 -1158.315312 -1158.405179 -1158.579714 -1158.928956 -1159.659410 -1161.293307 -1165.244795 -1175.400642 -1203.118095 -9999.0 -9999.0
-9999.0 -9999.0 1038.534827 945.014224 851.225537 756.691465 661.722237 566.552588 471.317391 376.091483 280.916531 185.815781 90.801867 -4.111966 -98.898515 -193.541211 -287.996252 -382.184676 -475.857643 -568.421513 -659.578935 -749.630428 -837.796899 -923.508003 -996.456935 -1048.249813 -1086.379746 -1112.851582 -1130.337065 -1141.422158 -1148.223116 -1152.290198 -1154.675682 -1156.056501 -1156.850501 -1157.310601 -1157.594767 -1157.831250 -1158.304728 -1160.624352 -1174.238231 -1263.653642 -1798.136123 -3829.327370 -3935.604600 -3935.598789 -3933.452693 -3906.523923 -3793.487856 -3566.953067 -3280.894522 -2972.445053 -2771.630855 -2642.420429 -2524.943380 -2406.305873 -2284.252941 -2161.739229 -2042.781476 -1929.475989 -1813.826632 -1402.598087 -1225.678184 -1168.393247 -1159.579569 -1158.387692 -1158.226296 -1158.202567 -1158.199755 -1158.200503 -1158.201694 -1158.202732 -1158.203542 -1158.204161 -1158.204637 -1158.205007 -1158.205302 -1158.205540 -1158.205740 -1158.205917 -1158.206090 -1158.206281 -1158.206518 -1158.206846 -1158.207328 -1158.208067 -1158.209227 -1158.211080 -1158.214088 -1158.219054 -1158.227431 -1158.241935 -1158.267792 -1158.315312 -1158.405179 -1158.579714 -1158.928956 -1159.659410 -1161.293307 -1165.244795 -1175.400642 -1203.118095 -9999.0 -9999.0
-9999.0 -9999.0 1038.531686 945.012971 851.225114 756.691324 661.722190 566.552572 471.317386 376.091481 280.916530 185.815781 90.801867 -4.111966 -98.898515 -193.541211 -287.996252 -382.184676 -475.857643 -568.421513 -659.578934 -749.630428 -837.796899 -923.508002 -996.456935 -1048.249812 -1086.379745 -1112.851581 -1130.337065 -1141.422158 -1148.223116 -1152.290198 -1154.675682 -1156.056501 -1156.850501 -1157.310601 -1157.594767 -1157.831250 -1158.304728 -1160.624352 -1174.238231 -1263.653642 -1798.136124 -3829.327371 -3935.604600 -3935.598789 -3933.452693 -3906.523923 -3793.487856 -3566.953070 -3280.894526 -2972.445055 -2771.630855 -2642.420429 -2524.943381 -2406.305874 -2284.252942 -2161.739229 -2042.781476 -1929.475990 -1813.826632 -1402.598087 -1225.678184 -1168.393247 -1159.579569 -1158.387692 -1158.226296 -1158.202567 -1158.199755 -1158.200503 -1158.201694 -1158.202732 -1158.203542 -1158.204161 -1158.204637 -1158.205007 -1158.205302 -1158.205540 -1158.205740 -1158.205917 -1158.206090 -1158.206281 -1158.206518 -1158.206846 -1158.207328 -1158.208067 -1158.209227 -1158.211080 -1158.214088 -1158.219054 -1158.227431 -1158.241935 -1158.267792 -1158.315312 -1158.405179 -1158.579714 -1158.928956 -1159.659410 -1161.293307 -1165.244795 -1175.400642 -1203.118095 -9999.0 -9999.0
-9999.0 -9999.0 -9999.0 -9999.0 -9999.0 -9999.0 -9999.0 -9999.0 -9999.0 -9999.0 -9999.0 -9999.0 -9999.0 -9999.0 -9999.0 -9999.0 -9999.0 -9999.0 -9999.0 -9999.0 -9999.0 -9999.0 -9999.0 -9999.0 -9999.0 -9999.0 -9999.0 -9999.0 -9999.0 -9999.0 -9999.0 -9999.0 -9999.0 -9999.0 -9999.0 -9999.0 -9999.0 -9999.0 -9999.0 -9999.0 -9999.0 -9999.0 -9999.0 -9999.0 -9999.0 -9999.0 -9999.0 -9999.0 -9999.0 -9999.0 -9999.0 -9999.0 -9999.0 -9999.0 -9999.0 -9999.0 -9999.0 -9999.0 -9999.0 -9999.0 -9999.0 -9999.0 -9999.0 -9999.0 -9999.0 -9999.0 -9999.0 -9999.0 -9999.0 -9999.0 -9999.0 -9999.0 -9999.0 -9999.0 -9999.0 -9999.0 -9999.0 -9999.0 -9999.0 -9999.0 -9999.0 -9999.0 -9999.0 -9999.0 -9999.0 -9999.0 -9999.0 -9999.0 -9999.0 -9999.0 -9999.0 -9999.0 -9999.0 -9999.0 -9999.0 -9999.0 -9999.0 -9999.0 -9999.0 -9999.0 -9999.0 -9999.0 -9999.0 -9999.0
-9999.0 -9999.0 -9999.0 -9999.0 -9999.0 -9999.0 -9999.0 -9999.0 -9999.0 -9999.0 -9999.0 -9999.0 -9999.0 -9999.0 -9999.0 -9999.0 -9999.0 -9999.0 -9999.0 -9999.0 -9999.0 -9999.0 -9999.0 -9999.0 -9999.0 -9999.0 -9999.0 -9999.0 -9999.0 -9999.0 -9999.0 -9999.0 -9999.0 -9999.0 -9999.0 -9999.0 -9999.0 -9999.0 -9999.0 -9999.0 -9999.0 -9999.0 -9999.0 -9999.0 -9999.0 -9999.0 -9999.0 -9999.0 -9999.0 -9999.0 -9999.0 -9999.0 -9999.0 -9999.0 -9999.0 -9999.0 -9999.0 -9999.0 -9999.0 -9999.0 -9999.0 -9999.0 -9999.0 -9999.0 -9999.0 -9999.0 -9999.0 -9999.0 -9999.0 -9999.0 -9999.0 -9999.0 -9999.0 -9999.0 -9999.0 -9999.0 -9999.0 -9999.0 -9999.0 -9999.0 -9999.0 -9999.0 -9999.0 -9999.0 -9999.0 -9999.0 -9999.0 -9999.0 -9999.0 -9999.0 -9999.0 -9999.0 -9999.0 -9999.0 -9999.0 -9999.0 -9999.0 -9999.0 -9999.0 -9999.0 -9999.0 -9999.0 -9999.0 -9999.0