inst/processing_geotop_simulation/geotop_simulation/out/maps3D/PwL0017N0037.asc
ncols         104
nrows         10
xllcorner     -2.000000
yllcorner     0.000000
cellsize      1.000000
NODATA_value  -9999.0
-9999.0 -9999.0 -9999.0 -9999.0 -9999.0 -9999.0 -9999.0 -9999.0 -9999.0 -9999.0 -9999.0 -9999.0 -9999.0 -9999.0 -9999.0 -9999.0 -9999.0 -9999.0 -9999.0 -9999.0 -9999.0 -9999.0 -9999.0 -9999.0 -9999.0 -9999.0 -9999.0 -9999.0 -9999.0 -9999.0 -9999.0 -9999.0 -9999.0 -9999.0 -9999.0 -9999.0 -9999.0 -9999.0 -9999.0 -9999.0 -9999.0 -9999.0 -9999.0 -9999.0 -9999.0 -9999.0 -9999.0 -9999.0 -9999.0 -9999.0 -9999.0 -9999.0 -9999.0 -9999.0 -9999.0 -9999.0 -9999.0 -9999.0 -9999.0 -9999.0 -9999.0 -9999.0 -9999.0 -9999.0 -9999.0 -9999.0 -9999.0 -9999.0 -9999.0 -9999.0 -9999.0 -9999.0 -9999.0 -9999.0 -9999.0 -9999.0 -9999.0 -9999.0 -9999.0 -9999.0 -9999.0 -9999.0 -9999.0 -9999.0 -9999.0 -9999.0 -9999.0 -9999.0 -9999.0 -9999.0 -9999.0 -9999.0 -9999.0 -9999.0 -9999.0 -9999.0 -9999.0 -9999.0 -9999.0 -9999.0 -9999.0 -9999.0 -9999.0 -9999.0
-9999.0 -9999.0 -9999.0 -9999.0 -9999.0 -9999.0 -9999.0 -9999.0 -9999.0 -9999.0 -9999.0 -9999.0 -9999.0 -9999.0 -9999.0 -9999.0 -9999.0 -9999.0 -9999.0 -9999.0 -9999.0 -9999.0 -9999.0 -9999.0 -9999.0 -9999.0 -9999.0 -9999.0 -9999.0 -9999.0 -9999.0 -9999.0 -9999.0 -9999.0 -9999.0 -9999.0 -9999.0 -9999.0 -9999.0 -9999.0 -9999.0 -9999.0 -9999.0 -9999.0 -9999.0 -9999.0 -9999.0 -9999.0 -9999.0 -9999.0 -9999.0 -9999.0 -9999.0 -9999.0 -9999.0 -9999.0 -9999.0 -9999.0 -9999.0 -9999.0 -9999.0 -9999.0 -9999.0 -9999.0 -9999.0 -9999.0 -9999.0 -9999.0 -9999.0 -9999.0 -9999.0 -9999.0 -9999.0 -9999.0 -9999.0 -9999.0 -9999.0 -9999.0 -9999.0 -9999.0 -9999.0 -9999.0 -9999.0 -9999.0 -9999.0 -9999.0 -9999.0 -9999.0 -9999.0 -9999.0 -9999.0 -9999.0 -9999.0 -9999.0 -9999.0 -9999.0 -9999.0 -9999.0 -9999.0 -9999.0 -9999.0 -9999.0 -9999.0 -9999.0
-9999.0 -9999.0 -563.978681 -580.474909 -586.798125 -590.883537 -593.999349 -596.266118 -597.910848 -599.065678 -597.341359 -593.803424 -586.394546 -569.357622 -534.139061 -495.291980 -463.588225 -441.563812 -395.486212 -318.100336 -243.138443 -169.730838 -95.486825 -167.674616 -240.073958 -309.533173 -373.279449 -429.338182 -476.446558 -513.978366 -542.287524 -562.465136 -576.140812 -584.999667 -590.509946 -593.805825 -595.723632 -597.122208 -598.784633 -598.230263 -596.379229 -620.416246 -2523.394121 -4133.275996 -4133.663364 -4133.663366 -4133.663366 -4133.663366 -4133.663366 -4133.663366 -4133.663366 -4133.663366 -4133.663366 -4133.663366 -4133.663366 -4133.663366 -4133.663366 -4133.663366 -4133.663366 -4133.663361 -4132.991956 -2410.819245 -616.510754 -604.986872 -600.457340 -599.110762 -598.807771 -598.745462 -598.735453 -598.737418 -598.741740 -598.745918 -598.749411 -598.752241 -598.754545 -598.756442 -598.758028 -598.759362 -598.760508 -598.761543 -598.762559 -598.763675 -598.765059 -598.766947 -598.769697 -598.773877 -598.780397 -598.790739 -598.807378 -598.834553 -598.879772 -598.956846 -599.092172 -599.337929 -599.799728 -600.693740 -602.462620 -606.010423 -613.215014 -628.393268 -664.551014 -756.684778 -9999.0 -9999.0
-9999.0 -9999.0 -563.978559 -580.474759 -586.798020 -590.883493 -593.999338 -596.266119 -597.910851 -599.065681 -597.341360 -593.803425 -586.394546 -569.357622 -534.139061 -495.291980 -463.588225 -441.563812 -395.486212 -318.100336 -243.138443 -169.730838 -95.486825 -167.674616 -240.073958 -309.533173 -373.279449 -429.338182 -476.446558 -513.978366 -542.287524 -562.465136 -576.140812 -584.999667 -590.509946 -593.805825 -595.723632 -597.122208 -598.784633 -598.230263 -596.379229 -620.416246 -2523.394121 -4133.275996 -4133.663364 -4133.663366 -4133.663366 -4133.663366 -4133.663366 -4133.663366 -4133.663366 -4133.663366 -4133.663366 -4133.663366 -4133.663366 -4133.663366 -4133.663366 -4133.663366 -4133.663366 -4133.663361 -4132.991956 -2410.819245 -616.510754 -604.986872 -600.457340 -599.110762 -598.807771 -598.745462 -598.735453 -598.737418 -598.741740 -598.745918 -598.749411 -598.752241 -598.754545 -598.756442 -598.758028 -598.759362 -598.760508 -598.761543 -598.762559 -598.763675 -598.765059 -598.766947 -598.769697 -598.773877 -598.780397 -598.790739 -598.807378 -598.834553 -598.879772 -598.956846 -599.092172 -599.337929 -599.799728 -600.693740 -602.462620 -606.010423 -613.215014 -628.393268 -664.551014 -756.684778 -9999.0 -9999.0
-9999.0 -9999.0 -563.978505 -580.474680 -586.797953 -590.883461 -593.999330 -596.266119 -597.910854 -599.065683 -597.341360 -593.803425 -586.394546 -569.357622 -534.139061 -495.291980 -463.588225 -441.563812 -395.486212 -318.100336 -243.138443 -169.730838 -95.486825 -167.674616 -240.073958 -309.533173 -373.279449 -429.338182 -476.446558 -513.978366 -542.287524 -562.465136 -576.140812 -584.999667 -590.509946 -593.805825 -595.723632 -597.122208 -598.784633 -598.230263 -596.379229 -620.416246 -2523.394121 -4133.275996 -4133.663364 -4133.663366 -4133.663366 -4133.663366 -4133.663366 -4133.663366 -4133.663366 -4133.663366 -4133.663366 -4133.663366 -4133.663366 -4133.663366 -4133.663366 -4133.663366 -4133.663366 -4133.663361 -4132.991956 -2410.819245 -616.510754 -604.986872 -600.457340 -599.110762 -598.807771 -598.745462 -598.735453 -598.737418 -598.741740 -598.745918 -598.749411 -598.752241 -598.754545 -598.756442 -598.758028 -598.759362 -598.760508 -598.761543 -598.762559 -598.763675 -598.765059 -598.766947 -598.769697 -598.773877 -598.780397 -598.790739 -598.807378 -598.834553 -598.879772 -598.956846 -599.092172 -599.337929 -599.799728 -600.693740 -602.462620 -606.010423 -613.215014 -628.393268 -664.551014 -756.684777 -9999.0 -9999.0
-9999.0 -9999.0 -563.978505 -580.474680 -586.797953 -590.883461 -593.999330 -596.266119 -597.910854 -599.065683 -597.341360 -593.803425 -586.394546 -569.357622 -534.139061 -495.291980 -463.588225 -441.563812 -395.486212 -318.100336 -243.138443 -169.730838 -95.486825 -167.674616 -240.073958 -309.533173 -373.279449 -429.338182 -476.446558 -513.978366 -542.287524 -562.465136 -576.140812 -584.999667 -590.509946 -593.805825 -595.723632 -597.122208 -598.784633 -598.230263 -596.379229 -620.416246 -2523.394121 -4133.275996 -4133.663364 -4133.663366 -4133.663366 -4133.663366 -4133.663366 -4133.663366 -4133.663366 -4133.663366 -4133.663366 -4133.663366 -4133.663366 -4133.663366 -4133.663366 -4133.663366 -4133.663366 -4133.663361 -4132.991956 -2410.819245 -616.510754 -604.986872 -600.457340 -599.110762 -598.807771 -598.745462 -598.735453 -598.737418 -598.741740 -598.745918 -598.749411 -598.752241 -598.754545 -598.756442 -598.758028 -598.759362 -598.760508 -598.761543 -598.762559 -598.763675 -598.765059 -598.766947 -598.769697 -598.773877 -598.780397 -598.790739 -598.807378 -598.834553 -598.879772 -598.956846 -599.092172 -599.337929 -599.799728 -600.693740 -602.462620 -606.010423 -613.215014 -628.393268 -664.551014 -756.684778 -9999.0 -9999.0
-9999.0 -9999.0 -563.978559 -580.474759 -586.798020 -590.883493 -593.999338 -596.266119 -597.910851 -599.065681 -597.341360 -593.803425 -586.394546 -569.357622 -534.139061 -495.291980 -463.588225 -441.563812 -395.486212 -318.100336 -243.138443 -169.730838 -95.486825 -167.674616 -240.073958 -309.533173 -373.279449 -429.338182 -476.446558 -513.978366 -542.287524 -562.465136 -576.140812 -584.999667 -590.509946 -593.805825 -595.723632 -597.122208 -598.784633 -598.230263 -596.379229 -620.416246 -2523.394121 -4133.275996 -4133.663364 -4133.663366 -4133.663366 -4133.663366 -4133.663366 -4133.663366 -4133.663366 -4133.663366 -4133.663366 -4133.663366 -4133.663366 -4133.663366 -4133.663366 -4133.663366 -4133.663366 -4133.663361 -4132.991956 -2410.819245 -616.510754 -604.986872 -600.457340 -599.110762 -598.807771 -598.745462 -598.735453 -598.737418 -598.741740 -598.745918 -598.749411 -598.752241 -598.754545 -598.756442 -598.758028 -598.759362 -598.760508 -598.761543 -598.762559 -598.763675 -598.765059 -598.766947 -598.769697 -598.773877 -598.780397 -598.790739 -598.807378 -598.834553 -598.879772 -598.956846 -599.092172 -599.337929 -599.799728 -600.693740 -602.462620 -606.010423 -613.215014 -628.393268 -664.551014 -756.684778 -9999.0 -9999.0
-9999.0 -9999.0 -563.978681 -580.474909 -586.798125 -590.883537 -593.999349 -596.266118 -597.910848 -599.065678 -597.341359 -593.803424 -586.394546 -569.357622 -534.139061 -495.291980 -463.588225 -441.563812 -395.486212 -318.100336 -243.138443 -169.730838 -95.486825 -167.674616 -240.073958 -309.533173 -373.279449 -429.338182 -476.446558 -513.978366 -542.287524 -562.465136 -576.140812 -584.999667 -590.509946 -593.805825 -595.723632 -597.122208 -598.784633 -598.230263 -596.379229 -620.416246 -2523.394121 -4133.275996 -4133.663364 -4133.663366 -4133.663366 -4133.663366 -4133.663366 -4133.663366 -4133.663366 -4133.663366 -4133.663366 -4133.663366 -4133.663366 -4133.663366 -4133.663366 -4133.663366 -4133.663366 -4133.663361 -4132.991956 -2410.819245 -616.510754 -604.986872 -600.457340 -599.110762 -598.807771 -598.745462 -598.735453 -598.737418 -598.741740 -598.745918 -598.749411 -598.752241 -598.754545 -598.756442 -598.758028 -598.759362 -598.760508 -598.761543 -598.762559 -598.763675 -598.765059 -598.766947 -598.769697 -598.773877 -598.780397 -598.790739 -598.807378 -598.834553 -598.879772 -598.956846 -599.092172 -599.337929 -599.799728 -600.693740 -602.462620 -606.010423 -613.215014 -628.393268 -664.551014 -756.684778 -9999.0 -9999.0
-9999.0 -9999.0 -9999.0 -9999.0 -9999.0 -9999.0 -9999.0 -9999.0 -9999.0 -9999.0 -9999.0 -9999.0 -9999.0 -9999.0 -9999.0 -9999.0 -9999.0 -9999.0 -9999.0 -9999.0 -9999.0 -9999.0 -9999.0 -9999.0 -9999.0 -9999.0 -9999.0 -9999.0 -9999.0 -9999.0 -9999.0 -9999.0 -9999.0 -9999.0 -9999.0 -9999.0 -9999.0 -9999.0 -9999.0 -9999.0 -9999.0 -9999.0 -9999.0 -9999.0 -9999.0 -9999.0 -9999.0 -9999.0 -9999.0 -9999.0 -9999.0 -9999.0 -9999.0 -9999.0 -9999.0 -9999.0 -9999.0 -9999.0 -9999.0 -9999.0 -9999.0 -9999.0 -9999.0 -9999.0 -9999.0 -9999.0 -9999.0 -9999.0 -9999.0 -9999.0 -9999.0 -9999.0 -9999.0 -9999.0 -9999.0 -9999.0 -9999.0 -9999.0 -9999.0 -9999.0 -9999.0 -9999.0 -9999.0 -9999.0 -9999.0 -9999.0 -9999.0 -9999.0 -9999.0 -9999.0 -9999.0 -9999.0 -9999.0 -9999.0 -9999.0 -9999.0 -9999.0 -9999.0 -9999.0 -9999.0 -9999.0 -9999.0 -9999.0 -9999.0
-9999.0 -9999.0 -9999.0 -9999.0 -9999.0 -9999.0 -9999.0 -9999.0 -9999.0 -9999.0 -9999.0 -9999.0 -9999.0 -9999.0 -9999.0 -9999.0 -9999.0 -9999.0 -9999.0 -9999.0 -9999.0 -9999.0 -9999.0 -9999.0 -9999.0 -9999.0 -9999.0 -9999.0 -9999.0 -9999.0 -9999.0 -9999.0 -9999.0 -9999.0 -9999.0 -9999.0 -9999.0 -9999.0 -9999.0 -9999.0 -9999.0 -9999.0 -9999.0 -9999.0 -9999.0 -9999.0 -9999.0 -9999.0 -9999.0 -9999.0 -9999.0 -9999.0 -9999.0 -9999.0 -9999.0 -9999.0 -9999.0 -9999.0 -9999.0 -9999.0 -9999.0 -9999.0 -9999.0 -9999.0 -9999.0 -9999.0 -9999.0 -9999.0 -9999.0 -9999.0 -9999.0 -9999.0 -9999.0 -9999.0 -9999.0 -9999.0 -9999.0 -9999.0 -9999.0 -9999.0 -9999.0 -9999.0 -9999.0 -9999.0 -9999.0 -9999.0 -9999.0 -9999.0 -9999.0 -9999.0 -9999.0 -9999.0 -9999.0 -9999.0 -9999.0 -9999.0 -9999.0 -9999.0 -9999.0 -9999.0 -9999.0 -9999.0 -9999.0 -9999.0