inst/processing_geotop_simulation/geotop_simulation/out/maps3D/PwL0003N0337.asc
ncols         104
nrows         10
xllcorner     -2.000000
yllcorner     0.000000
cellsize      1.000000
NODATA_value  -9999.0
-9999.0 -9999.0 -9999.0 -9999.0 -9999.0 -9999.0 -9999.0 -9999.0 -9999.0 -9999.0 -9999.0 -9999.0 -9999.0 -9999.0 -9999.0 -9999.0 -9999.0 -9999.0 -9999.0 -9999.0 -9999.0 -9999.0 -9999.0 -9999.0 -9999.0 -9999.0 -9999.0 -9999.0 -9999.0 -9999.0 -9999.0 -9999.0 -9999.0 -9999.0 -9999.0 -9999.0 -9999.0 -9999.0 -9999.0 -9999.0 -9999.0 -9999.0 -9999.0 -9999.0 -9999.0 -9999.0 -9999.0 -9999.0 -9999.0 -9999.0 -9999.0 -9999.0 -9999.0 -9999.0 -9999.0 -9999.0 -9999.0 -9999.0 -9999.0 -9999.0 -9999.0 -9999.0 -9999.0 -9999.0 -9999.0 -9999.0 -9999.0 -9999.0 -9999.0 -9999.0 -9999.0 -9999.0 -9999.0 -9999.0 -9999.0 -9999.0 -9999.0 -9999.0 -9999.0 -9999.0 -9999.0 -9999.0 -9999.0 -9999.0 -9999.0 -9999.0 -9999.0 -9999.0 -9999.0 -9999.0 -9999.0 -9999.0 -9999.0 -9999.0 -9999.0 -9999.0 -9999.0 -9999.0 -9999.0 -9999.0 -9999.0 -9999.0 -9999.0 -9999.0
-9999.0 -9999.0 -9999.0 -9999.0 -9999.0 -9999.0 -9999.0 -9999.0 -9999.0 -9999.0 -9999.0 -9999.0 -9999.0 -9999.0 -9999.0 -9999.0 -9999.0 -9999.0 -9999.0 -9999.0 -9999.0 -9999.0 -9999.0 -9999.0 -9999.0 -9999.0 -9999.0 -9999.0 -9999.0 -9999.0 -9999.0 -9999.0 -9999.0 -9999.0 -9999.0 -9999.0 -9999.0 -9999.0 -9999.0 -9999.0 -9999.0 -9999.0 -9999.0 -9999.0 -9999.0 -9999.0 -9999.0 -9999.0 -9999.0 -9999.0 -9999.0 -9999.0 -9999.0 -9999.0 -9999.0 -9999.0 -9999.0 -9999.0 -9999.0 -9999.0 -9999.0 -9999.0 -9999.0 -9999.0 -9999.0 -9999.0 -9999.0 -9999.0 -9999.0 -9999.0 -9999.0 -9999.0 -9999.0 -9999.0 -9999.0 -9999.0 -9999.0 -9999.0 -9999.0 -9999.0 -9999.0 -9999.0 -9999.0 -9999.0 -9999.0 -9999.0 -9999.0 -9999.0 -9999.0 -9999.0 -9999.0 -9999.0 -9999.0 -9999.0 -9999.0 -9999.0 -9999.0 -9999.0 -9999.0 -9999.0 -9999.0 -9999.0 -9999.0 -9999.0
-9999.0 -9999.0 125.952574 29.033382 -69.406374 -168.246031 -267.234325 -366.276090 -465.321126 -564.333864 -663.247653 -761.976161 -860.534303 -958.835230 -1057.032979 -1155.214056 -1252.760425 -1349.328316 -1444.271267 -1536.509953 -1624.012632 -1703.554113 -1771.888819 -1827.321531 -1870.142375 -1902.004107 -1925.073057 -1941.446163 -1952.891245 -1960.793528 -1966.193815 -1969.852728 -1972.314535 -1973.961965 -1975.060607 -1975.794963 -1976.303010 -1976.739851 -1977.497987 -1979.796273 -1983.633157 -1937.893817 -1190.243790 -1191.616048 -1180.230029 -1172.779555 -1169.279641 -1168.741146 -1168.683132 -1168.688704 -1168.703493 -1168.719417 -1168.734726 -1168.748906 -1168.762091 -1168.777628 -1168.826747 -1169.151723 -1171.025284 -1175.177159 -1180.856265 -1171.280727 -1913.969419 -1977.620998 -1978.365783 -1977.558209 -1977.355783 -1977.319515 -1977.314056 -1977.313746 -1977.314213 -1977.314706 -1977.315107 -1977.315417 -1977.315656 -1977.315843 -1977.315992 -1977.316114 -1977.316217 -1977.316310 -1977.316402 -1977.316504 -1977.316634 -1977.316812 -1977.317075 -1977.317478 -1977.318111 -1977.319125 -1977.320778 -1977.323529 -1977.328214 -1977.336419 -1977.351224 -1977.378743 -1977.431362 -1977.534846 -1977.745320 -1978.193762 -1979.212671 -1981.735361 -1988.780557 -2012.103152 -9999.0 -9999.0
-9999.0 -9999.0 125.962700 29.035326 -69.405885 -168.245889 -267.234280 -366.276074 -465.321120 -564.333862 -663.247652 -761.976160 -860.534302 -958.835230 -1057.032979 -1155.214056 -1252.760425 -1349.328316 -1444.271267 -1536.509953 -1624.012632 -1703.554113 -1771.888820 -1827.321531 -1870.142375 -1902.004107 -1925.073058 -1941.446163 -1952.891245 -1960.793528 -1966.193815 -1969.852728 -1972.314535 -1973.961965 -1975.060607 -1975.794963 -1976.303010 -1976.739851 -1977.497987 -1979.796273 -1983.633157 -1937.893817 -1190.243790 -1191.616047 -1180.230029 -1172.779555 -1169.279641 -1168.741146 -1168.683132 -1168.688704 -1168.703493 -1168.719417 -1168.734726 -1168.748906 -1168.762091 -1168.777628 -1168.826747 -1169.151723 -1171.025283 -1175.177159 -1180.856265 -1171.280727 -1913.969419 -1977.620998 -1978.365783 -1977.558209 -1977.355783 -1977.319515 -1977.314056 -1977.313746 -1977.314213 -1977.314706 -1977.315107 -1977.315417 -1977.315656 -1977.315843 -1977.315992 -1977.316114 -1977.316217 -1977.316310 -1977.316402 -1977.316504 -1977.316634 -1977.316812 -1977.317075 -1977.317478 -1977.318111 -1977.319125 -1977.320778 -1977.323529 -1977.328214 -1977.336419 -1977.351224 -1977.378743 -1977.431362 -1977.534846 -1977.745320 -1978.193762 -1979.212671 -1981.735361 -1988.780557 -2012.103152 -9999.0 -9999.0
-9999.0 -9999.0 125.963963 29.036110 -69.405576 -168.245777 -267.234240 -366.276060 -465.321115 -564.333860 -663.247651 -761.976160 -860.534302 -958.835230 -1057.032979 -1155.214056 -1252.760425 -1349.328316 -1444.271267 -1536.509953 -1624.012632 -1703.554113 -1771.888820 -1827.321532 -1870.142375 -1902.004107 -1925.073058 -1941.446164 -1952.891245 -1960.793528 -1966.193815 -1969.852728 -1972.314535 -1973.961965 -1975.060607 -1975.794963 -1976.303010 -1976.739851 -1977.497987 -1979.796273 -1983.633157 -1937.893817 -1190.243790 -1191.616047 -1180.230029 -1172.779554 -1169.279641 -1168.741146 -1168.683132 -1168.688704 -1168.703493 -1168.719417 -1168.734726 -1168.748906 -1168.762091 -1168.777628 -1168.826747 -1169.151723 -1171.025283 -1175.177159 -1180.856265 -1171.280727 -1913.969419 -1977.620998 -1978.365783 -1977.558209 -1977.355783 -1977.319515 -1977.314056 -1977.313746 -1977.314213 -1977.314706 -1977.315107 -1977.315417 -1977.315656 -1977.315843 -1977.315992 -1977.316114 -1977.316217 -1977.316310 -1977.316402 -1977.316504 -1977.316634 -1977.316812 -1977.317075 -1977.317478 -1977.318111 -1977.319125 -1977.320778 -1977.323529 -1977.328214 -1977.336419 -1977.351224 -1977.378743 -1977.431362 -1977.534846 -1977.745320 -1978.193762 -1979.212671 -1981.735361 -1988.780557 -2012.103152 -9999.0 -9999.0
-9999.0 -9999.0 125.963963 29.036110 -69.405576 -168.245777 -267.234240 -366.276060 -465.321115 -564.333860 -663.247651 -761.976160 -860.534302 -958.835230 -1057.032979 -1155.214057 -1252.760425 -1349.328316 -1444.271267 -1536.509953 -1624.012632 -1703.554113 -1771.888820 -1827.321532 -1870.142375 -1902.004107 -1925.073058 -1941.446164 -1952.891245 -1960.793528 -1966.193815 -1969.852728 -1972.314535 -1973.961965 -1975.060607 -1975.794963 -1976.303010 -1976.739851 -1977.497987 -1979.796273 -1983.633157 -1937.893817 -1190.243790 -1191.616047 -1180.230029 -1172.779554 -1169.279641 -1168.741146 -1168.683132 -1168.688704 -1168.703493 -1168.719417 -1168.734726 -1168.748906 -1168.762091 -1168.777628 -1168.826747 -1169.151723 -1171.025283 -1175.177159 -1180.856265 -1171.280727 -1913.969419 -1977.620998 -1978.365783 -1977.558209 -1977.355783 -1977.319515 -1977.314056 -1977.313746 -1977.314213 -1977.314706 -1977.315107 -1977.315417 -1977.315656 -1977.315843 -1977.315992 -1977.316114 -1977.316217 -1977.316310 -1977.316402 -1977.316504 -1977.316634 -1977.316812 -1977.317075 -1977.317478 -1977.318111 -1977.319125 -1977.320778 -1977.323529 -1977.328214 -1977.336419 -1977.351224 -1977.378743 -1977.431362 -1977.534846 -1977.745320 -1978.193762 -1979.212671 -1981.735361 -1988.780557 -2012.103152 -9999.0 -9999.0
-9999.0 -9999.0 125.962700 29.035326 -69.405885 -168.245889 -267.234280 -366.276074 -465.321120 -564.333862 -663.247652 -761.976160 -860.534302 -958.835230 -1057.032979 -1155.214056 -1252.760425 -1349.328316 -1444.271267 -1536.509953 -1624.012632 -1703.554113 -1771.888820 -1827.321531 -1870.142375 -1902.004107 -1925.073058 -1941.446163 -1952.891245 -1960.793528 -1966.193815 -1969.852728 -1972.314535 -1973.961965 -1975.060607 -1975.794963 -1976.303010 -1976.739851 -1977.497987 -1979.796273 -1983.633157 -1937.893817 -1190.243790 -1191.616047 -1180.230029 -1172.779555 -1169.279641 -1168.741146 -1168.683132 -1168.688704 -1168.703493 -1168.719417 -1168.734726 -1168.748906 -1168.762091 -1168.777628 -1168.826747 -1169.151723 -1171.025283 -1175.177159 -1180.856265 -1171.280727 -1913.969419 -1977.620998 -1978.365783 -1977.558209 -1977.355783 -1977.319515 -1977.314056 -1977.313746 -1977.314213 -1977.314706 -1977.315107 -1977.315417 -1977.315656 -1977.315843 -1977.315992 -1977.316114 -1977.316217 -1977.316310 -1977.316402 -1977.316504 -1977.316634 -1977.316812 -1977.317075 -1977.317478 -1977.318111 -1977.319125 -1977.320778 -1977.323529 -1977.328214 -1977.336419 -1977.351224 -1977.378743 -1977.431362 -1977.534846 -1977.745320 -1978.193762 -1979.212671 -1981.735361 -1988.780557 -2012.103152 -9999.0 -9999.0
-9999.0 -9999.0 125.952574 29.033382 -69.406374 -168.246032 -267.234325 -366.276090 -465.321126 -564.333864 -663.247653 -761.976161 -860.534303 -958.835230 -1057.032979 -1155.214056 -1252.760425 -1349.328316 -1444.271267 -1536.509953 -1624.012632 -1703.554113 -1771.888819 -1827.321531 -1870.142375 -1902.004107 -1925.073057 -1941.446163 -1952.891245 -1960.793528 -1966.193815 -1969.852728 -1972.314535 -1973.961965 -1975.060607 -1975.794963 -1976.303010 -1976.739851 -1977.497987 -1979.796273 -1983.633157 -1937.893817 -1190.243790 -1191.616048 -1180.230029 -1172.779555 -1169.279641 -1168.741146 -1168.683132 -1168.688704 -1168.703493 -1168.719417 -1168.734726 -1168.748906 -1168.762091 -1168.777628 -1168.826747 -1169.151723 -1171.025284 -1175.177159 -1180.856265 -1171.280727 -1913.969419 -1977.620998 -1978.365783 -1977.558209 -1977.355783 -1977.319515 -1977.314056 -1977.313746 -1977.314213 -1977.314706 -1977.315107 -1977.315417 -1977.315656 -1977.315843 -1977.315992 -1977.316114 -1977.316217 -1977.316310 -1977.316402 -1977.316504 -1977.316634 -1977.316812 -1977.317075 -1977.317478 -1977.318111 -1977.319125 -1977.320778 -1977.323529 -1977.328214 -1977.336419 -1977.351224 -1977.378743 -1977.431362 -1977.534846 -1977.745320 -1978.193762 -1979.212671 -1981.735361 -1988.780557 -2012.103152 -9999.0 -9999.0
-9999.0 -9999.0 -9999.0 -9999.0 -9999.0 -9999.0 -9999.0 -9999.0 -9999.0 -9999.0 -9999.0 -9999.0 -9999.0 -9999.0 -9999.0 -9999.0 -9999.0 -9999.0 -9999.0 -9999.0 -9999.0 -9999.0 -9999.0 -9999.0 -9999.0 -9999.0 -9999.0 -9999.0 -9999.0 -9999.0 -9999.0 -9999.0 -9999.0 -9999.0 -9999.0 -9999.0 -9999.0 -9999.0 -9999.0 -9999.0 -9999.0 -9999.0 -9999.0 -9999.0 -9999.0 -9999.0 -9999.0 -9999.0 -9999.0 -9999.0 -9999.0 -9999.0 -9999.0 -9999.0 -9999.0 -9999.0 -9999.0 -9999.0 -9999.0 -9999.0 -9999.0 -9999.0 -9999.0 -9999.0 -9999.0 -9999.0 -9999.0 -9999.0 -9999.0 -9999.0 -9999.0 -9999.0 -9999.0 -9999.0 -9999.0 -9999.0 -9999.0 -9999.0 -9999.0 -9999.0 -9999.0 -9999.0 -9999.0 -9999.0 -9999.0 -9999.0 -9999.0 -9999.0 -9999.0 -9999.0 -9999.0 -9999.0 -9999.0 -9999.0 -9999.0 -9999.0 -9999.0 -9999.0 -9999.0 -9999.0 -9999.0 -9999.0 -9999.0 -9999.0
-9999.0 -9999.0 -9999.0 -9999.0 -9999.0 -9999.0 -9999.0 -9999.0 -9999.0 -9999.0 -9999.0 -9999.0 -9999.0 -9999.0 -9999.0 -9999.0 -9999.0 -9999.0 -9999.0 -9999.0 -9999.0 -9999.0 -9999.0 -9999.0 -9999.0 -9999.0 -9999.0 -9999.0 -9999.0 -9999.0 -9999.0 -9999.0 -9999.0 -9999.0 -9999.0 -9999.0 -9999.0 -9999.0 -9999.0 -9999.0 -9999.0 -9999.0 -9999.0 -9999.0 -9999.0 -9999.0 -9999.0 -9999.0 -9999.0 -9999.0 -9999.0 -9999.0 -9999.0 -9999.0 -9999.0 -9999.0 -9999.0 -9999.0 -9999.0 -9999.0 -9999.0 -9999.0 -9999.0 -9999.0 -9999.0 -9999.0 -9999.0 -9999.0 -9999.0 -9999.0 -9999.0 -9999.0 -9999.0 -9999.0 -9999.0 -9999.0 -9999.0 -9999.0 -9999.0 -9999.0 -9999.0 -9999.0 -9999.0 -9999.0 -9999.0 -9999.0 -9999.0 -9999.0 -9999.0 -9999.0 -9999.0 -9999.0 -9999.0 -9999.0 -9999.0 -9999.0 -9999.0 -9999.0 -9999.0 -9999.0 -9999.0 -9999.0 -9999.0 -9999.0