inst/processing_geotop_simulation/geotop_simulation/out/maps3D/PwL0017N0287.asc
ncols         104
nrows         10
xllcorner     -2.000000
yllcorner     0.000000
cellsize      1.000000
NODATA_value  -9999.0
-9999.0 -9999.0 -9999.0 -9999.0 -9999.0 -9999.0 -9999.0 -9999.0 -9999.0 -9999.0 -9999.0 -9999.0 -9999.0 -9999.0 -9999.0 -9999.0 -9999.0 -9999.0 -9999.0 -9999.0 -9999.0 -9999.0 -9999.0 -9999.0 -9999.0 -9999.0 -9999.0 -9999.0 -9999.0 -9999.0 -9999.0 -9999.0 -9999.0 -9999.0 -9999.0 -9999.0 -9999.0 -9999.0 -9999.0 -9999.0 -9999.0 -9999.0 -9999.0 -9999.0 -9999.0 -9999.0 -9999.0 -9999.0 -9999.0 -9999.0 -9999.0 -9999.0 -9999.0 -9999.0 -9999.0 -9999.0 -9999.0 -9999.0 -9999.0 -9999.0 -9999.0 -9999.0 -9999.0 -9999.0 -9999.0 -9999.0 -9999.0 -9999.0 -9999.0 -9999.0 -9999.0 -9999.0 -9999.0 -9999.0 -9999.0 -9999.0 -9999.0 -9999.0 -9999.0 -9999.0 -9999.0 -9999.0 -9999.0 -9999.0 -9999.0 -9999.0 -9999.0 -9999.0 -9999.0 -9999.0 -9999.0 -9999.0 -9999.0 -9999.0 -9999.0 -9999.0 -9999.0 -9999.0 -9999.0 -9999.0 -9999.0 -9999.0 -9999.0 -9999.0
-9999.0 -9999.0 -9999.0 -9999.0 -9999.0 -9999.0 -9999.0 -9999.0 -9999.0 -9999.0 -9999.0 -9999.0 -9999.0 -9999.0 -9999.0 -9999.0 -9999.0 -9999.0 -9999.0 -9999.0 -9999.0 -9999.0 -9999.0 -9999.0 -9999.0 -9999.0 -9999.0 -9999.0 -9999.0 -9999.0 -9999.0 -9999.0 -9999.0 -9999.0 -9999.0 -9999.0 -9999.0 -9999.0 -9999.0 -9999.0 -9999.0 -9999.0 -9999.0 -9999.0 -9999.0 -9999.0 -9999.0 -9999.0 -9999.0 -9999.0 -9999.0 -9999.0 -9999.0 -9999.0 -9999.0 -9999.0 -9999.0 -9999.0 -9999.0 -9999.0 -9999.0 -9999.0 -9999.0 -9999.0 -9999.0 -9999.0 -9999.0 -9999.0 -9999.0 -9999.0 -9999.0 -9999.0 -9999.0 -9999.0 -9999.0 -9999.0 -9999.0 -9999.0 -9999.0 -9999.0 -9999.0 -9999.0 -9999.0 -9999.0 -9999.0 -9999.0 -9999.0 -9999.0 -9999.0 -9999.0 -9999.0 -9999.0 -9999.0 -9999.0 -9999.0 -9999.0 -9999.0 -9999.0 -9999.0 -9999.0 -9999.0 -9999.0 -9999.0 -9999.0
-9999.0 -9999.0 822.430885 724.454457 626.189123 527.647254 428.965462 330.222353 231.459242 132.698201 33.951934 -64.766971 -163.455093 -262.090851 -360.624553 -458.967137 -556.953424 -654.307810 -751.299912 -848.323329 -944.764463 -1040.373624 -1131.753223 -1214.189696 -1287.370700 -1349.718965 -1400.702560 -1440.821110 -1471.329373 -1493.862863 -1510.110738 -1521.602457 -1529.608276 -1535.121398 -1538.885877 -1541.444566 -1543.197531 -1544.499070 -1545.957835 -1549.502588 -1561.443079 -1604.673103 -1987.457020 -4083.867125 -4133.658273 -4133.663357 -4133.663340 -4133.663203 -4133.662547 -4133.660392 -4133.654483 -4133.637474 -4133.609442 -4133.573200 -4133.513015 -4133.396216 -4133.140202 -4132.524616 -4130.938832 -4126.571989 -4018.832841 -1791.290107 -1564.563994 -1553.256516 -1548.432233 -1547.140737 -1546.886859 -1546.844084 -1546.837757 -1546.837369 -1546.837870 -1546.838410 -1546.838854 -1546.839204 -1546.839479 -1546.839699 -1546.839879 -1546.840030 -1546.840161 -1546.840282 -1546.840402 -1546.840534 -1546.840694 -1546.840908 -1546.841211 -1546.841664 -1546.842361 -1546.843465 -1546.845249 -1546.848205 -1546.853228 -1546.862018 -1546.877888 -1546.907445 -1546.964183 -1547.076613 -1547.308261 -1547.810916 -1548.973859 -1551.868581 -1559.769829 -1584.534979 -9999.0 -9999.0
-9999.0 -9999.0 822.434549 724.455760 626.189533 527.647385 428.965506 330.222368 231.459248 132.698203 33.951935 -64.766971 -163.455093 -262.090851 -360.624553 -458.967138 -556.953424 -654.307810 -751.299912 -848.323329 -944.764463 -1040.373624 -1131.753223 -1214.189696 -1287.370700 -1349.718965 -1400.702560 -1440.821110 -1471.329373 -1493.862863 -1510.110738 -1521.602457 -1529.608276 -1535.121398 -1538.885877 -1541.444566 -1543.197531 -1544.499070 -1545.957835 -1549.502588 -1561.443079 -1604.673103 -1987.457020 -4083.867125 -4133.658273 -4133.663357 -4133.663340 -4133.663203 -4133.662547 -4133.660392 -4133.654483 -4133.637474 -4133.609442 -4133.573200 -4133.513015 -4133.396216 -4133.140202 -4132.524616 -4130.938832 -4126.571989 -4018.832841 -1791.290107 -1564.563994 -1553.256516 -1548.432233 -1547.140737 -1546.886859 -1546.844084 -1546.837757 -1546.837369 -1546.837870 -1546.838410 -1546.838854 -1546.839204 -1546.839479 -1546.839699 -1546.839879 -1546.840030 -1546.840161 -1546.840282 -1546.840402 -1546.840534 -1546.840694 -1546.840908 -1546.841211 -1546.841664 -1546.842361 -1546.843465 -1546.845249 -1546.848205 -1546.853228 -1546.862018 -1546.877888 -1546.907445 -1546.964183 -1547.076613 -1547.308261 -1547.810916 -1548.973859 -1551.868581 -1559.769829 -1584.534979 -9999.0 -9999.0
-9999.0 -9999.0 822.435815 724.456430 626.189812 527.647491 428.965544 330.222382 231.459253 132.698205 33.951936 -64.766971 -163.455092 -262.090850 -360.624553 -458.967138 -556.953424 -654.307810 -751.299912 -848.323330 -944.764464 -1040.373624 -1131.753224 -1214.189696 -1287.370700 -1349.718965 -1400.702560 -1440.821110 -1471.329373 -1493.862863 -1510.110738 -1521.602458 -1529.608276 -1535.121398 -1538.885877 -1541.444566 -1543.197531 -1544.499070 -1545.957835 -1549.502588 -1561.443079 -1604.673103 -1987.457020 -4083.867125 -4133.658273 -4133.663357 -4133.663340 -4133.663203 -4133.662547 -4133.660392 -4133.654483 -4133.637474 -4133.609442 -4133.573200 -4133.513015 -4133.396216 -4133.140202 -4132.524616 -4130.938832 -4126.571989 -4018.832841 -1791.290107 -1564.563994 -1553.256516 -1548.432233 -1547.140737 -1546.886859 -1546.844084 -1546.837757 -1546.837369 -1546.837870 -1546.838410 -1546.838854 -1546.839204 -1546.839479 -1546.839699 -1546.839879 -1546.840030 -1546.840161 -1546.840282 -1546.840402 -1546.840534 -1546.840694 -1546.840908 -1546.841211 -1546.841664 -1546.842361 -1546.843465 -1546.845249 -1546.848205 -1546.853228 -1546.862018 -1546.877888 -1546.907445 -1546.964183 -1547.076613 -1547.308261 -1547.810916 -1548.973859 -1551.868581 -1559.769829 -1584.534979 -9999.0 -9999.0
-9999.0 -9999.0 822.435815 724.456430 626.189812 527.647491 428.965544 330.222382 231.459253 132.698205 33.951936 -64.766971 -163.455092 -262.090850 -360.624553 -458.967138 -556.953424 -654.307810 -751.299912 -848.323330 -944.764464 -1040.373624 -1131.753224 -1214.189696 -1287.370700 -1349.718965 -1400.702560 -1440.821110 -1471.329373 -1493.862863 -1510.110738 -1521.602458 -1529.608276 -1535.121398 -1538.885877 -1541.444566 -1543.197531 -1544.499070 -1545.957835 -1549.502588 -1561.443079 -1604.673103 -1987.457020 -4083.867125 -4133.658273 -4133.663357 -4133.663340 -4133.663203 -4133.662547 -4133.660392 -4133.654483 -4133.637474 -4133.609442 -4133.573200 -4133.513015 -4133.396216 -4133.140202 -4132.524616 -4130.938832 -4126.571989 -4018.832841 -1791.290107 -1564.563994 -1553.256516 -1548.432233 -1547.140737 -1546.886859 -1546.844084 -1546.837757 -1546.837369 -1546.837870 -1546.838410 -1546.838854 -1546.839204 -1546.839479 -1546.839699 -1546.839879 -1546.840030 -1546.840161 -1546.840282 -1546.840402 -1546.840534 -1546.840694 -1546.840908 -1546.841211 -1546.841664 -1546.842361 -1546.843465 -1546.845249 -1546.848205 -1546.853228 -1546.862018 -1546.877888 -1546.907445 -1546.964183 -1547.076613 -1547.308261 -1547.810916 -1548.973859 -1551.868581 -1559.769829 -1584.534979 -9999.0 -9999.0
-9999.0 -9999.0 822.434549 724.455760 626.189533 527.647386 428.965505 330.222368 231.459248 132.698203 33.951935 -64.766971 -163.455093 -262.090850 -360.624553 -458.967138 -556.953424 -654.307810 -751.299912 -848.323329 -944.764463 -1040.373624 -1131.753223 -1214.189696 -1287.370700 -1349.718965 -1400.702560 -1440.821110 -1471.329373 -1493.862863 -1510.110738 -1521.602457 -1529.608276 -1535.121398 -1538.885877 -1541.444566 -1543.197531 -1544.499070 -1545.957835 -1549.502588 -1561.443079 -1604.673103 -1987.457020 -4083.867125 -4133.658273 -4133.663357 -4133.663340 -4133.663203 -4133.662547 -4133.660392 -4133.654483 -4133.637474 -4133.609442 -4133.573200 -4133.513015 -4133.396216 -4133.140202 -4132.524616 -4130.938832 -4126.571989 -4018.832841 -1791.290107 -1564.563994 -1553.256516 -1548.432233 -1547.140737 -1546.886859 -1546.844084 -1546.837757 -1546.837369 -1546.837870 -1546.838410 -1546.838854 -1546.839204 -1546.839479 -1546.839699 -1546.839879 -1546.840030 -1546.840161 -1546.840282 -1546.840402 -1546.840534 -1546.840694 -1546.840908 -1546.841211 -1546.841664 -1546.842361 -1546.843465 -1546.845249 -1546.848205 -1546.853228 -1546.862018 -1546.877888 -1546.907445 -1546.964183 -1547.076613 -1547.308261 -1547.810916 -1548.973859 -1551.868581 -1559.769829 -1584.534979 -9999.0 -9999.0
-9999.0 -9999.0 822.430885 724.454456 626.189123 527.647254 428.965462 330.222353 231.459243 132.698201 33.951934 -64.766972 -163.455093 -262.090851 -360.624553 -458.967137 -556.953424 -654.307810 -751.299912 -848.323329 -944.764463 -1040.373624 -1131.753223 -1214.189696 -1287.370700 -1349.718965 -1400.702560 -1440.821110 -1471.329373 -1493.862863 -1510.110738 -1521.602457 -1529.608276 -1535.121398 -1538.885877 -1541.444566 -1543.197531 -1544.499070 -1545.957835 -1549.502588 -1561.443079 -1604.673103 -1987.457020 -4083.867125 -4133.658273 -4133.663357 -4133.663340 -4133.663203 -4133.662547 -4133.660392 -4133.654483 -4133.637474 -4133.609442 -4133.573200 -4133.513015 -4133.396216 -4133.140202 -4132.524616 -4130.938832 -4126.571989 -4018.832842 -1791.290107 -1564.563994 -1553.256516 -1548.432233 -1547.140737 -1546.886859 -1546.844084 -1546.837757 -1546.837369 -1546.837870 -1546.838410 -1546.838854 -1546.839204 -1546.839479 -1546.839699 -1546.839879 -1546.840030 -1546.840161 -1546.840282 -1546.840402 -1546.840534 -1546.840694 -1546.840908 -1546.841211 -1546.841664 -1546.842361 -1546.843465 -1546.845249 -1546.848205 -1546.853228 -1546.862018 -1546.877888 -1546.907445 -1546.964183 -1547.076613 -1547.308261 -1547.810916 -1548.973859 -1551.868581 -1559.769829 -1584.534979 -9999.0 -9999.0
-9999.0 -9999.0 -9999.0 -9999.0 -9999.0 -9999.0 -9999.0 -9999.0 -9999.0 -9999.0 -9999.0 -9999.0 -9999.0 -9999.0 -9999.0 -9999.0 -9999.0 -9999.0 -9999.0 -9999.0 -9999.0 -9999.0 -9999.0 -9999.0 -9999.0 -9999.0 -9999.0 -9999.0 -9999.0 -9999.0 -9999.0 -9999.0 -9999.0 -9999.0 -9999.0 -9999.0 -9999.0 -9999.0 -9999.0 -9999.0 -9999.0 -9999.0 -9999.0 -9999.0 -9999.0 -9999.0 -9999.0 -9999.0 -9999.0 -9999.0 -9999.0 -9999.0 -9999.0 -9999.0 -9999.0 -9999.0 -9999.0 -9999.0 -9999.0 -9999.0 -9999.0 -9999.0 -9999.0 -9999.0 -9999.0 -9999.0 -9999.0 -9999.0 -9999.0 -9999.0 -9999.0 -9999.0 -9999.0 -9999.0 -9999.0 -9999.0 -9999.0 -9999.0 -9999.0 -9999.0 -9999.0 -9999.0 -9999.0 -9999.0 -9999.0 -9999.0 -9999.0 -9999.0 -9999.0 -9999.0 -9999.0 -9999.0 -9999.0 -9999.0 -9999.0 -9999.0 -9999.0 -9999.0 -9999.0 -9999.0 -9999.0 -9999.0 -9999.0 -9999.0
-9999.0 -9999.0 -9999.0 -9999.0 -9999.0 -9999.0 -9999.0 -9999.0 -9999.0 -9999.0 -9999.0 -9999.0 -9999.0 -9999.0 -9999.0 -9999.0 -9999.0 -9999.0 -9999.0 -9999.0 -9999.0 -9999.0 -9999.0 -9999.0 -9999.0 -9999.0 -9999.0 -9999.0 -9999.0 -9999.0 -9999.0 -9999.0 -9999.0 -9999.0 -9999.0 -9999.0 -9999.0 -9999.0 -9999.0 -9999.0 -9999.0 -9999.0 -9999.0 -9999.0 -9999.0 -9999.0 -9999.0 -9999.0 -9999.0 -9999.0 -9999.0 -9999.0 -9999.0 -9999.0 -9999.0 -9999.0 -9999.0 -9999.0 -9999.0 -9999.0 -9999.0 -9999.0 -9999.0 -9999.0 -9999.0 -9999.0 -9999.0 -9999.0 -9999.0 -9999.0 -9999.0 -9999.0 -9999.0 -9999.0 -9999.0 -9999.0 -9999.0 -9999.0 -9999.0 -9999.0 -9999.0 -9999.0 -9999.0 -9999.0 -9999.0 -9999.0 -9999.0 -9999.0 -9999.0 -9999.0 -9999.0 -9999.0 -9999.0 -9999.0 -9999.0 -9999.0 -9999.0 -9999.0 -9999.0 -9999.0 -9999.0 -9999.0 -9999.0 -9999.0