inst/processing_geotop_simulation/geotop_simulation/out/maps3D/PwL0016N0462.asc
ncols         104
nrows         10
xllcorner     -2.000000
yllcorner     0.000000
cellsize      1.000000
NODATA_value  -9999.0
-9999.0 -9999.0 -9999.0 -9999.0 -9999.0 -9999.0 -9999.0 -9999.0 -9999.0 -9999.0 -9999.0 -9999.0 -9999.0 -9999.0 -9999.0 -9999.0 -9999.0 -9999.0 -9999.0 -9999.0 -9999.0 -9999.0 -9999.0 -9999.0 -9999.0 -9999.0 -9999.0 -9999.0 -9999.0 -9999.0 -9999.0 -9999.0 -9999.0 -9999.0 -9999.0 -9999.0 -9999.0 -9999.0 -9999.0 -9999.0 -9999.0 -9999.0 -9999.0 -9999.0 -9999.0 -9999.0 -9999.0 -9999.0 -9999.0 -9999.0 -9999.0 -9999.0 -9999.0 -9999.0 -9999.0 -9999.0 -9999.0 -9999.0 -9999.0 -9999.0 -9999.0 -9999.0 -9999.0 -9999.0 -9999.0 -9999.0 -9999.0 -9999.0 -9999.0 -9999.0 -9999.0 -9999.0 -9999.0 -9999.0 -9999.0 -9999.0 -9999.0 -9999.0 -9999.0 -9999.0 -9999.0 -9999.0 -9999.0 -9999.0 -9999.0 -9999.0 -9999.0 -9999.0 -9999.0 -9999.0 -9999.0 -9999.0 -9999.0 -9999.0 -9999.0 -9999.0 -9999.0 -9999.0 -9999.0 -9999.0 -9999.0 -9999.0 -9999.0 -9999.0
-9999.0 -9999.0 -9999.0 -9999.0 -9999.0 -9999.0 -9999.0 -9999.0 -9999.0 -9999.0 -9999.0 -9999.0 -9999.0 -9999.0 -9999.0 -9999.0 -9999.0 -9999.0 -9999.0 -9999.0 -9999.0 -9999.0 -9999.0 -9999.0 -9999.0 -9999.0 -9999.0 -9999.0 -9999.0 -9999.0 -9999.0 -9999.0 -9999.0 -9999.0 -9999.0 -9999.0 -9999.0 -9999.0 -9999.0 -9999.0 -9999.0 -9999.0 -9999.0 -9999.0 -9999.0 -9999.0 -9999.0 -9999.0 -9999.0 -9999.0 -9999.0 -9999.0 -9999.0 -9999.0 -9999.0 -9999.0 -9999.0 -9999.0 -9999.0 -9999.0 -9999.0 -9999.0 -9999.0 -9999.0 -9999.0 -9999.0 -9999.0 -9999.0 -9999.0 -9999.0 -9999.0 -9999.0 -9999.0 -9999.0 -9999.0 -9999.0 -9999.0 -9999.0 -9999.0 -9999.0 -9999.0 -9999.0 -9999.0 -9999.0 -9999.0 -9999.0 -9999.0 -9999.0 -9999.0 -9999.0 -9999.0 -9999.0 -9999.0 -9999.0 -9999.0 -9999.0 -9999.0 -9999.0 -9999.0 -9999.0 -9999.0 -9999.0 -9999.0 -9999.0
-9999.0 -9999.0 769.715959 670.643823 571.415297 472.056401 372.633635 273.183312 173.724172 74.266152 -25.183596 -124.621212 -224.045224 -323.446154 -422.806871 -522.099838 -621.275537 -720.254741 -819.301894 -918.218183 -1016.937471 -1115.333853 -1211.097397 -1303.290927 -1389.838066 -1468.613787 -1537.881179 -1596.634829 -1644.744354 -1682.871381 -1712.226686 -1734.279938 -1750.515156 -1762.273349 -1770.679905 -1776.635109 -1780.851897 -1783.962210 -1786.793581 -1790.832166 -1796.988079 -1796.185437 -1893.121140 -4081.720961 -4180.944686 -4177.679824 -4174.672621 -4174.157528 -4174.102645 -4174.106183 -4174.115179 -4174.116827 -4174.110321 -4174.097439 -4174.067276 -4174.000341 -4173.870901 -4173.769790 -4174.557538 -4174.729371 -3969.705615 -1665.603796 -1752.961627 -1789.231524 -1791.228616 -1790.565472 -1790.308295 -1790.249599 -1790.238933 -1790.237577 -1790.237812 -1790.238247 -1790.238653 -1790.239001 -1790.239303 -1790.239570 -1790.239813 -1790.240039 -1790.240256 -1790.240471 -1790.240691 -1790.240925 -1790.241187 -1790.241494 -1790.241875 -1790.242374 -1790.243067 -1790.244074 -1790.245612 -1790.248063 -1790.252138 -1790.259202 -1790.271939 -1790.295787 -1790.342119 -1790.435808 -1790.634625 -1791.082323 -1792.163556 -1794.996619 -1803.164129 -1829.408389 -9999.0 -9999.0
-9999.0 -9999.0 769.719413 670.645013 571.415665 472.056518 372.633674 273.183325 173.724177 74.266154 -25.183595 -124.621212 -224.045224 -323.446154 -422.806870 -522.099838 -621.275537 -720.254741 -819.301894 -918.218183 -1016.937471 -1115.333853 -1211.097398 -1303.290928 -1389.838066 -1468.613788 -1537.881179 -1596.634829 -1644.744354 -1682.871381 -1712.226686 -1734.279938 -1750.515156 -1762.273349 -1770.679905 -1776.635109 -1780.851897 -1783.962210 -1786.793581 -1790.832166 -1796.988079 -1796.185437 -1893.121140 -4081.720961 -4180.944686 -4177.679823 -4174.672621 -4174.157528 -4174.102645 -4174.106183 -4174.115179 -4174.116827 -4174.110321 -4174.097439 -4174.067276 -4174.000341 -4173.870901 -4173.769790 -4174.557538 -4174.729371 -3969.705615 -1665.603797 -1752.961627 -1789.231524 -1791.228616 -1790.565472 -1790.308295 -1790.249599 -1790.238933 -1790.237577 -1790.237812 -1790.238247 -1790.238653 -1790.239001 -1790.239303 -1790.239570 -1790.239812 -1790.240039 -1790.240256 -1790.240471 -1790.240691 -1790.240925 -1790.241187 -1790.241494 -1790.241875 -1790.242374 -1790.243067 -1790.244074 -1790.245612 -1790.248063 -1790.252138 -1790.259202 -1790.271938 -1790.295787 -1790.342119 -1790.435808 -1790.634625 -1791.082323 -1792.163556 -1794.996619 -1803.164129 -1829.408389 -9999.0 -9999.0
-9999.0 -9999.0 769.720553 670.645614 571.415913 472.056611 372.633708 273.183338 173.724182 74.266156 -25.183595 -124.621211 -224.045224 -323.446154 -422.806870 -522.099838 -621.275537 -720.254741 -819.301895 -918.218183 -1016.937471 -1115.333853 -1211.097398 -1303.290928 -1389.838066 -1468.613788 -1537.881179 -1596.634829 -1644.744354 -1682.871381 -1712.226686 -1734.279938 -1750.515156 -1762.273349 -1770.679905 -1776.635109 -1780.851897 -1783.962210 -1786.793581 -1790.832166 -1796.988079 -1796.185437 -1893.121140 -4081.720961 -4180.944686 -4177.679823 -4174.672621 -4174.157528 -4174.102645 -4174.106183 -4174.115179 -4174.116827 -4174.110321 -4174.097439 -4174.067276 -4174.000341 -4173.870901 -4173.769790 -4174.557538 -4174.729371 -3969.705615 -1665.603796 -1752.961627 -1789.231524 -1791.228616 -1790.565472 -1790.308295 -1790.249599 -1790.238933 -1790.237577 -1790.237812 -1790.238247 -1790.238653 -1790.239001 -1790.239303 -1790.239570 -1790.239812 -1790.240039 -1790.240256 -1790.240471 -1790.240691 -1790.240925 -1790.241187 -1790.241494 -1790.241875 -1790.242374 -1790.243067 -1790.244074 -1790.245612 -1790.248063 -1790.252138 -1790.259202 -1790.271938 -1790.295787 -1790.342119 -1790.435808 -1790.634625 -1791.082323 -1792.163556 -1794.996619 -1803.164129 -1829.408389 -9999.0 -9999.0
-9999.0 -9999.0 769.720553 670.645614 571.415913 472.056611 372.633708 273.183338 173.724182 74.266156 -25.183595 -124.621211 -224.045224 -323.446154 -422.806870 -522.099838 -621.275537 -720.254741 -819.301894 -918.218183 -1016.937471 -1115.333853 -1211.097398 -1303.290928 -1389.838066 -1468.613788 -1537.881179 -1596.634829 -1644.744354 -1682.871381 -1712.226686 -1734.279938 -1750.515156 -1762.273349 -1770.679905 -1776.635109 -1780.851897 -1783.962210 -1786.793581 -1790.832166 -1796.988079 -1796.185437 -1893.121140 -4081.720961 -4180.944686 -4177.679823 -4174.672621 -4174.157528 -4174.102645 -4174.106183 -4174.115179 -4174.116827 -4174.110321 -4174.097439 -4174.067276 -4174.000341 -4173.870901 -4173.769790 -4174.557538 -4174.729371 -3969.705615 -1665.603796 -1752.961627 -1789.231524 -1791.228616 -1790.565472 -1790.308295 -1790.249599 -1790.238933 -1790.237577 -1790.237812 -1790.238247 -1790.238653 -1790.239001 -1790.239303 -1790.239570 -1790.239812 -1790.240039 -1790.240256 -1790.240471 -1790.240691 -1790.240925 -1790.241187 -1790.241494 -1790.241875 -1790.242374 -1790.243067 -1790.244074 -1790.245612 -1790.248063 -1790.252138 -1790.259202 -1790.271938 -1790.295787 -1790.342119 -1790.435808 -1790.634625 -1791.082323 -1792.163556 -1794.996619 -1803.164129 -1829.408389 -9999.0 -9999.0
-9999.0 -9999.0 769.719413 670.645013 571.415665 472.056518 372.633674 273.183325 173.724177 74.266154 -25.183595 -124.621212 -224.045224 -323.446154 -422.806870 -522.099838 -621.275537 -720.254741 -819.301894 -918.218183 -1016.937471 -1115.333853 -1211.097398 -1303.290928 -1389.838066 -1468.613788 -1537.881179 -1596.634829 -1644.744354 -1682.871381 -1712.226686 -1734.279938 -1750.515156 -1762.273349 -1770.679905 -1776.635109 -1780.851897 -1783.962210 -1786.793581 -1790.832166 -1796.988079 -1796.185437 -1893.121140 -4081.720961 -4180.944686 -4177.679823 -4174.672621 -4174.157528 -4174.102645 -4174.106183 -4174.115179 -4174.116827 -4174.110321 -4174.097439 -4174.067276 -4174.000341 -4173.870901 -4173.769790 -4174.557538 -4174.729371 -3969.705615 -1665.603796 -1752.961627 -1789.231524 -1791.228616 -1790.565472 -1790.308295 -1790.249599 -1790.238933 -1790.237577 -1790.237812 -1790.238247 -1790.238653 -1790.239001 -1790.239303 -1790.239570 -1790.239812 -1790.240039 -1790.240256 -1790.240471 -1790.240691 -1790.240925 -1790.241187 -1790.241494 -1790.241875 -1790.242374 -1790.243067 -1790.244074 -1790.245612 -1790.248063 -1790.252138 -1790.259202 -1790.271938 -1790.295787 -1790.342119 -1790.435808 -1790.634625 -1791.082323 -1792.163556 -1794.996619 -1803.164129 -1829.408389 -9999.0 -9999.0
-9999.0 -9999.0 769.715959 670.643823 571.415297 472.056401 372.633635 273.183312 173.724172 74.266152 -25.183596 -124.621212 -224.045224 -323.446154 -422.806870 -522.099838 -621.275537 -720.254741 -819.301894 -918.218183 -1016.937471 -1115.333853 -1211.097397 -1303.290927 -1389.838066 -1468.613787 -1537.881179 -1596.634829 -1644.744354 -1682.871381 -1712.226686 -1734.279938 -1750.515156 -1762.273349 -1770.679905 -1776.635109 -1780.851897 -1783.962210 -1786.793581 -1790.832166 -1796.988079 -1796.185437 -1893.121140 -4081.720961 -4180.944686 -4177.679824 -4174.672621 -4174.157528 -4174.102645 -4174.106183 -4174.115179 -4174.116827 -4174.110321 -4174.097439 -4174.067276 -4174.000341 -4173.870901 -4173.769790 -4174.557538 -4174.729371 -3969.705615 -1665.603796 -1752.961627 -1789.231524 -1791.228616 -1790.565472 -1790.308295 -1790.249599 -1790.238933 -1790.237577 -1790.237812 -1790.238247 -1790.238653 -1790.239001 -1790.239303 -1790.239570 -1790.239813 -1790.240039 -1790.240256 -1790.240471 -1790.240691 -1790.240925 -1790.241187 -1790.241494 -1790.241875 -1790.242374 -1790.243067 -1790.244074 -1790.245612 -1790.248063 -1790.252138 -1790.259202 -1790.271939 -1790.295787 -1790.342119 -1790.435808 -1790.634625 -1791.082323 -1792.163556 -1794.996619 -1803.164129 -1829.408389 -9999.0 -9999.0
-9999.0 -9999.0 -9999.0 -9999.0 -9999.0 -9999.0 -9999.0 -9999.0 -9999.0 -9999.0 -9999.0 -9999.0 -9999.0 -9999.0 -9999.0 -9999.0 -9999.0 -9999.0 -9999.0 -9999.0 -9999.0 -9999.0 -9999.0 -9999.0 -9999.0 -9999.0 -9999.0 -9999.0 -9999.0 -9999.0 -9999.0 -9999.0 -9999.0 -9999.0 -9999.0 -9999.0 -9999.0 -9999.0 -9999.0 -9999.0 -9999.0 -9999.0 -9999.0 -9999.0 -9999.0 -9999.0 -9999.0 -9999.0 -9999.0 -9999.0 -9999.0 -9999.0 -9999.0 -9999.0 -9999.0 -9999.0 -9999.0 -9999.0 -9999.0 -9999.0 -9999.0 -9999.0 -9999.0 -9999.0 -9999.0 -9999.0 -9999.0 -9999.0 -9999.0 -9999.0 -9999.0 -9999.0 -9999.0 -9999.0 -9999.0 -9999.0 -9999.0 -9999.0 -9999.0 -9999.0 -9999.0 -9999.0 -9999.0 -9999.0 -9999.0 -9999.0 -9999.0 -9999.0 -9999.0 -9999.0 -9999.0 -9999.0 -9999.0 -9999.0 -9999.0 -9999.0 -9999.0 -9999.0 -9999.0 -9999.0 -9999.0 -9999.0 -9999.0 -9999.0
-9999.0 -9999.0 -9999.0 -9999.0 -9999.0 -9999.0 -9999.0 -9999.0 -9999.0 -9999.0 -9999.0 -9999.0 -9999.0 -9999.0 -9999.0 -9999.0 -9999.0 -9999.0 -9999.0 -9999.0 -9999.0 -9999.0 -9999.0 -9999.0 -9999.0 -9999.0 -9999.0 -9999.0 -9999.0 -9999.0 -9999.0 -9999.0 -9999.0 -9999.0 -9999.0 -9999.0 -9999.0 -9999.0 -9999.0 -9999.0 -9999.0 -9999.0 -9999.0 -9999.0 -9999.0 -9999.0 -9999.0 -9999.0 -9999.0 -9999.0 -9999.0 -9999.0 -9999.0 -9999.0 -9999.0 -9999.0 -9999.0 -9999.0 -9999.0 -9999.0 -9999.0 -9999.0 -9999.0 -9999.0 -9999.0 -9999.0 -9999.0 -9999.0 -9999.0 -9999.0 -9999.0 -9999.0 -9999.0 -9999.0 -9999.0 -9999.0 -9999.0 -9999.0 -9999.0 -9999.0 -9999.0 -9999.0 -9999.0 -9999.0 -9999.0 -9999.0 -9999.0 -9999.0 -9999.0 -9999.0 -9999.0 -9999.0 -9999.0 -9999.0 -9999.0 -9999.0 -9999.0 -9999.0 -9999.0 -9999.0 -9999.0 -9999.0 -9999.0 -9999.0