inst/processing_geotop_simulation/geotop_simulation/out/maps3D/PwL0019N0415.asc
ncols         104
nrows         10
xllcorner     -2.000000
yllcorner     0.000000
cellsize      1.000000
NODATA_value  -9999.0
-9999.0 -9999.0 -9999.0 -9999.0 -9999.0 -9999.0 -9999.0 -9999.0 -9999.0 -9999.0 -9999.0 -9999.0 -9999.0 -9999.0 -9999.0 -9999.0 -9999.0 -9999.0 -9999.0 -9999.0 -9999.0 -9999.0 -9999.0 -9999.0 -9999.0 -9999.0 -9999.0 -9999.0 -9999.0 -9999.0 -9999.0 -9999.0 -9999.0 -9999.0 -9999.0 -9999.0 -9999.0 -9999.0 -9999.0 -9999.0 -9999.0 -9999.0 -9999.0 -9999.0 -9999.0 -9999.0 -9999.0 -9999.0 -9999.0 -9999.0 -9999.0 -9999.0 -9999.0 -9999.0 -9999.0 -9999.0 -9999.0 -9999.0 -9999.0 -9999.0 -9999.0 -9999.0 -9999.0 -9999.0 -9999.0 -9999.0 -9999.0 -9999.0 -9999.0 -9999.0 -9999.0 -9999.0 -9999.0 -9999.0 -9999.0 -9999.0 -9999.0 -9999.0 -9999.0 -9999.0 -9999.0 -9999.0 -9999.0 -9999.0 -9999.0 -9999.0 -9999.0 -9999.0 -9999.0 -9999.0 -9999.0 -9999.0 -9999.0 -9999.0 -9999.0 -9999.0 -9999.0 -9999.0 -9999.0 -9999.0 -9999.0 -9999.0 -9999.0 -9999.0
-9999.0 -9999.0 -9999.0 -9999.0 -9999.0 -9999.0 -9999.0 -9999.0 -9999.0 -9999.0 -9999.0 -9999.0 -9999.0 -9999.0 -9999.0 -9999.0 -9999.0 -9999.0 -9999.0 -9999.0 -9999.0 -9999.0 -9999.0 -9999.0 -9999.0 -9999.0 -9999.0 -9999.0 -9999.0 -9999.0 -9999.0 -9999.0 -9999.0 -9999.0 -9999.0 -9999.0 -9999.0 -9999.0 -9999.0 -9999.0 -9999.0 -9999.0 -9999.0 -9999.0 -9999.0 -9999.0 -9999.0 -9999.0 -9999.0 -9999.0 -9999.0 -9999.0 -9999.0 -9999.0 -9999.0 -9999.0 -9999.0 -9999.0 -9999.0 -9999.0 -9999.0 -9999.0 -9999.0 -9999.0 -9999.0 -9999.0 -9999.0 -9999.0 -9999.0 -9999.0 -9999.0 -9999.0 -9999.0 -9999.0 -9999.0 -9999.0 -9999.0 -9999.0 -9999.0 -9999.0 -9999.0 -9999.0 -9999.0 -9999.0 -9999.0 -9999.0 -9999.0 -9999.0 -9999.0 -9999.0 -9999.0 -9999.0 -9999.0 -9999.0 -9999.0 -9999.0 -9999.0 -9999.0 -9999.0 -9999.0 -9999.0 -9999.0 -9999.0 -9999.0
-9999.0 -9999.0 918.910122 819.872950 720.744256 621.492265 522.174162 422.826824 323.470420 224.115940 124.769513 25.435128 -73.882001 -173.181739 -272.456028 -371.686504 -470.839056 -569.851346 -668.613007 -767.207137 -865.753638 -963.965869 -1061.656349 -1156.786811 -1246.167754 -1328.795973 -1402.739131 -1466.601149 -1519.788779 -1562.565157 -1595.891238 -1621.147307 -1639.850149 -1653.442196 -1663.173974 -1670.066211 -1674.933831 -1678.490599 -1681.658938 -1686.305869 -1695.887795 -1715.435108 -1861.973785 -3917.620824 -4034.599313 -4034.611526 -4033.678955 -4025.780026 -3996.527472 -3927.287851 -3807.161080 -3625.414677 -3472.229758 -3357.840405 -3243.134751 -3117.174308 -2978.170441 -2831.492559 -2685.183444 -2543.606887 -2367.370258 -1609.012842 -1671.231268 -1687.849561 -1687.060915 -1686.079053 -1685.794469 -1685.734972 -1685.724657 -1685.723443 -1685.723741 -1685.724218 -1685.724656 -1685.725032 -1685.725356 -1685.725644 -1685.725905 -1685.726149 -1685.726382 -1685.726613 -1685.726849 -1685.727100 -1685.727379 -1685.727706 -1685.728112 -1685.728644 -1685.729379 -1685.730448 -1685.732077 -1685.734671 -1685.738977 -1685.746429 -1685.759847 -1685.784938 -1685.833624 -1685.931951 -1686.140343 -1686.608626 -1687.734057 -1690.652651 -1698.940824 -1725.223669 -9999.0 -9999.0
-9999.0 -9999.0 918.912992 819.874030 720.744607 621.492380 522.174200 422.826837 323.470425 224.115942 124.769514 25.435129 -73.882001 -173.181739 -272.456028 -371.686504 -470.839057 -569.851346 -668.613007 -767.207137 -865.753638 -963.965869 -1061.656349 -1156.786811 -1246.167754 -1328.795973 -1402.739131 -1466.601149 -1519.788779 -1562.565157 -1595.891238 -1621.147307 -1639.850149 -1653.442196 -1663.173974 -1670.066211 -1674.933831 -1678.490599 -1681.658938 -1686.305869 -1695.887795 -1715.435108 -1861.973784 -3917.620824 -4034.599313 -4034.611526 -4033.678955 -4025.780026 -3996.527472 -3927.287850 -3807.161078 -3625.414676 -3472.229758 -3357.840405 -3243.134751 -3117.174308 -2978.170440 -2831.492558 -2685.183443 -2543.606887 -2367.370259 -1609.012842 -1671.231268 -1687.849561 -1687.060915 -1686.079053 -1685.794469 -1685.734972 -1685.724657 -1685.723443 -1685.723741 -1685.724218 -1685.724656 -1685.725032 -1685.725356 -1685.725644 -1685.725905 -1685.726149 -1685.726382 -1685.726613 -1685.726849 -1685.727099 -1685.727379 -1685.727706 -1685.728112 -1685.728644 -1685.729379 -1685.730448 -1685.732077 -1685.734670 -1685.738977 -1685.746429 -1685.759847 -1685.784938 -1685.833624 -1685.931951 -1686.140343 -1686.608626 -1687.734057 -1690.652651 -1698.940824 -1725.223669 -9999.0 -9999.0
-9999.0 -9999.0 918.914068 819.874606 720.744850 621.492473 522.174235 422.826850 323.470430 224.115944 124.769515 25.435129 -73.882001 -173.181739 -272.456028 -371.686504 -470.839057 -569.851346 -668.613007 -767.207137 -865.753639 -963.965869 -1061.656349 -1156.786811 -1246.167754 -1328.795973 -1402.739131 -1466.601149 -1519.788779 -1562.565157 -1595.891238 -1621.147307 -1639.850149 -1653.442196 -1663.173974 -1670.066211 -1674.933831 -1678.490599 -1681.658938 -1686.305869 -1695.887795 -1715.435108 -1861.973784 -3917.620824 -4034.599313 -4034.611526 -4033.678955 -4025.780026 -3996.527472 -3927.287850 -3807.161077 -3625.414675 -3472.229758 -3357.840404 -3243.134751 -3117.174307 -2978.170440 -2831.492558 -2685.183443 -2543.606887 -2367.370258 -1609.012842 -1671.231268 -1687.849561 -1687.060915 -1686.079053 -1685.794469 -1685.734972 -1685.724657 -1685.723443 -1685.723741 -1685.724218 -1685.724656 -1685.725032 -1685.725356 -1685.725644 -1685.725905 -1685.726149 -1685.726382 -1685.726613 -1685.726849 -1685.727099 -1685.727379 -1685.727706 -1685.728112 -1685.728644 -1685.729379 -1685.730448 -1685.732077 -1685.734670 -1685.738977 -1685.746429 -1685.759847 -1685.784938 -1685.833624 -1685.931951 -1686.140343 -1686.608626 -1687.734057 -1690.652651 -1698.940824 -1725.223669 -9999.0 -9999.0
-9999.0 -9999.0 918.914068 819.874606 720.744850 621.492473 522.174235 422.826850 323.470430 224.115944 124.769515 25.435129 -73.882001 -173.181739 -272.456028 -371.686504 -470.839057 -569.851346 -668.613007 -767.207137 -865.753639 -963.965869 -1061.656349 -1156.786811 -1246.167754 -1328.795973 -1402.739131 -1466.601149 -1519.788779 -1562.565157 -1595.891238 -1621.147307 -1639.850149 -1653.442196 -1663.173974 -1670.066211 -1674.933831 -1678.490599 -1681.658938 -1686.305869 -1695.887795 -1715.435108 -1861.973784 -3917.620824 -4034.599313 -4034.611526 -4033.678955 -4025.780026 -3996.527472 -3927.287850 -3807.161077 -3625.414675 -3472.229758 -3357.840405 -3243.134750 -3117.174307 -2978.170440 -2831.492558 -2685.183443 -2543.606887 -2367.370258 -1609.012842 -1671.231268 -1687.849561 -1687.060915 -1686.079053 -1685.794469 -1685.734972 -1685.724657 -1685.723443 -1685.723741 -1685.724218 -1685.724656 -1685.725032 -1685.725356 -1685.725644 -1685.725905 -1685.726149 -1685.726382 -1685.726613 -1685.726849 -1685.727099 -1685.727379 -1685.727706 -1685.728112 -1685.728644 -1685.729379 -1685.730448 -1685.732077 -1685.734670 -1685.738977 -1685.746429 -1685.759847 -1685.784938 -1685.833624 -1685.931951 -1686.140343 -1686.608626 -1687.734057 -1690.652651 -1698.940824 -1725.223669 -9999.0 -9999.0
-9999.0 -9999.0 918.912992 819.874030 720.744607 621.492380 522.174201 422.826837 323.470425 224.115942 124.769514 25.435129 -73.882001 -173.181739 -272.456028 -371.686504 -470.839057 -569.851346 -668.613007 -767.207137 -865.753639 -963.965869 -1061.656349 -1156.786811 -1246.167754 -1328.795973 -1402.739131 -1466.601149 -1519.788779 -1562.565157 -1595.891238 -1621.147307 -1639.850149 -1653.442196 -1663.173974 -1670.066211 -1674.933831 -1678.490599 -1681.658938 -1686.305869 -1695.887795 -1715.435108 -1861.973784 -3917.620824 -4034.599313 -4034.611526 -4033.678955 -4025.780026 -3996.527472 -3927.287850 -3807.161078 -3625.414676 -3472.229758 -3357.840405 -3243.134751 -3117.174307 -2978.170441 -2831.492558 -2685.183443 -2543.606887 -2367.370259 -1609.012842 -1671.231268 -1687.849561 -1687.060915 -1686.079053 -1685.794469 -1685.734972 -1685.724657 -1685.723443 -1685.723741 -1685.724218 -1685.724656 -1685.725032 -1685.725356 -1685.725644 -1685.725905 -1685.726149 -1685.726382 -1685.726613 -1685.726849 -1685.727099 -1685.727379 -1685.727706 -1685.728112 -1685.728644 -1685.729379 -1685.730448 -1685.732077 -1685.734670 -1685.738977 -1685.746429 -1685.759847 -1685.784938 -1685.833624 -1685.931951 -1686.140343 -1686.608626 -1687.734057 -1690.652651 -1698.940824 -1725.223669 -9999.0 -9999.0
-9999.0 -9999.0 918.910122 819.872950 720.744256 621.492265 522.174162 422.826824 323.470420 224.115940 124.769513 25.435128 -73.882001 -173.181739 -272.456028 -371.686504 -470.839056 -569.851346 -668.613007 -767.207137 -865.753638 -963.965869 -1061.656349 -1156.786811 -1246.167754 -1328.795973 -1402.739131 -1466.601149 -1519.788779 -1562.565157 -1595.891238 -1621.147307 -1639.850149 -1653.442196 -1663.173974 -1670.066211 -1674.933831 -1678.490599 -1681.658938 -1686.305869 -1695.887795 -1715.435108 -1861.973785 -3917.620824 -4034.599313 -4034.611526 -4033.678955 -4025.780026 -3996.527472 -3927.287851 -3807.161080 -3625.414677 -3472.229758 -3357.840405 -3243.134751 -3117.174308 -2978.170441 -2831.492559 -2685.183443 -2543.606888 -2367.370259 -1609.012842 -1671.231268 -1687.849561 -1687.060915 -1686.079053 -1685.794469 -1685.734972 -1685.724657 -1685.723443 -1685.723741 -1685.724218 -1685.724656 -1685.725032 -1685.725356 -1685.725644 -1685.725905 -1685.726149 -1685.726382 -1685.726613 -1685.726849 -1685.727100 -1685.727379 -1685.727706 -1685.728112 -1685.728644 -1685.729379 -1685.730448 -1685.732077 -1685.734671 -1685.738977 -1685.746429 -1685.759847 -1685.784938 -1685.833624 -1685.931951 -1686.140343 -1686.608626 -1687.734057 -1690.652651 -1698.940824 -1725.223669 -9999.0 -9999.0
-9999.0 -9999.0 -9999.0 -9999.0 -9999.0 -9999.0 -9999.0 -9999.0 -9999.0 -9999.0 -9999.0 -9999.0 -9999.0 -9999.0 -9999.0 -9999.0 -9999.0 -9999.0 -9999.0 -9999.0 -9999.0 -9999.0 -9999.0 -9999.0 -9999.0 -9999.0 -9999.0 -9999.0 -9999.0 -9999.0 -9999.0 -9999.0 -9999.0 -9999.0 -9999.0 -9999.0 -9999.0 -9999.0 -9999.0 -9999.0 -9999.0 -9999.0 -9999.0 -9999.0 -9999.0 -9999.0 -9999.0 -9999.0 -9999.0 -9999.0 -9999.0 -9999.0 -9999.0 -9999.0 -9999.0 -9999.0 -9999.0 -9999.0 -9999.0 -9999.0 -9999.0 -9999.0 -9999.0 -9999.0 -9999.0 -9999.0 -9999.0 -9999.0 -9999.0 -9999.0 -9999.0 -9999.0 -9999.0 -9999.0 -9999.0 -9999.0 -9999.0 -9999.0 -9999.0 -9999.0 -9999.0 -9999.0 -9999.0 -9999.0 -9999.0 -9999.0 -9999.0 -9999.0 -9999.0 -9999.0 -9999.0 -9999.0 -9999.0 -9999.0 -9999.0 -9999.0 -9999.0 -9999.0 -9999.0 -9999.0 -9999.0 -9999.0 -9999.0 -9999.0
-9999.0 -9999.0 -9999.0 -9999.0 -9999.0 -9999.0 -9999.0 -9999.0 -9999.0 -9999.0 -9999.0 -9999.0 -9999.0 -9999.0 -9999.0 -9999.0 -9999.0 -9999.0 -9999.0 -9999.0 -9999.0 -9999.0 -9999.0 -9999.0 -9999.0 -9999.0 -9999.0 -9999.0 -9999.0 -9999.0 -9999.0 -9999.0 -9999.0 -9999.0 -9999.0 -9999.0 -9999.0 -9999.0 -9999.0 -9999.0 -9999.0 -9999.0 -9999.0 -9999.0 -9999.0 -9999.0 -9999.0 -9999.0 -9999.0 -9999.0 -9999.0 -9999.0 -9999.0 -9999.0 -9999.0 -9999.0 -9999.0 -9999.0 -9999.0 -9999.0 -9999.0 -9999.0 -9999.0 -9999.0 -9999.0 -9999.0 -9999.0 -9999.0 -9999.0 -9999.0 -9999.0 -9999.0 -9999.0 -9999.0 -9999.0 -9999.0 -9999.0 -9999.0 -9999.0 -9999.0 -9999.0 -9999.0 -9999.0 -9999.0 -9999.0 -9999.0 -9999.0 -9999.0 -9999.0 -9999.0 -9999.0 -9999.0 -9999.0 -9999.0 -9999.0 -9999.0 -9999.0 -9999.0 -9999.0 -9999.0 -9999.0 -9999.0 -9999.0 -9999.0