inst/processing_geotop_simulation/geotop_simulation/out/maps3D/PwL0009N0169.asc
ncols         104
nrows         10
xllcorner     -2.000000
yllcorner     0.000000
cellsize      1.000000
NODATA_value  -9999.0
-9999.0 -9999.0 -9999.0 -9999.0 -9999.0 -9999.0 -9999.0 -9999.0 -9999.0 -9999.0 -9999.0 -9999.0 -9999.0 -9999.0 -9999.0 -9999.0 -9999.0 -9999.0 -9999.0 -9999.0 -9999.0 -9999.0 -9999.0 -9999.0 -9999.0 -9999.0 -9999.0 -9999.0 -9999.0 -9999.0 -9999.0 -9999.0 -9999.0 -9999.0 -9999.0 -9999.0 -9999.0 -9999.0 -9999.0 -9999.0 -9999.0 -9999.0 -9999.0 -9999.0 -9999.0 -9999.0 -9999.0 -9999.0 -9999.0 -9999.0 -9999.0 -9999.0 -9999.0 -9999.0 -9999.0 -9999.0 -9999.0 -9999.0 -9999.0 -9999.0 -9999.0 -9999.0 -9999.0 -9999.0 -9999.0 -9999.0 -9999.0 -9999.0 -9999.0 -9999.0 -9999.0 -9999.0 -9999.0 -9999.0 -9999.0 -9999.0 -9999.0 -9999.0 -9999.0 -9999.0 -9999.0 -9999.0 -9999.0 -9999.0 -9999.0 -9999.0 -9999.0 -9999.0 -9999.0 -9999.0 -9999.0 -9999.0 -9999.0 -9999.0 -9999.0 -9999.0 -9999.0 -9999.0 -9999.0 -9999.0 -9999.0 -9999.0 -9999.0 -9999.0
-9999.0 -9999.0 -9999.0 -9999.0 -9999.0 -9999.0 -9999.0 -9999.0 -9999.0 -9999.0 -9999.0 -9999.0 -9999.0 -9999.0 -9999.0 -9999.0 -9999.0 -9999.0 -9999.0 -9999.0 -9999.0 -9999.0 -9999.0 -9999.0 -9999.0 -9999.0 -9999.0 -9999.0 -9999.0 -9999.0 -9999.0 -9999.0 -9999.0 -9999.0 -9999.0 -9999.0 -9999.0 -9999.0 -9999.0 -9999.0 -9999.0 -9999.0 -9999.0 -9999.0 -9999.0 -9999.0 -9999.0 -9999.0 -9999.0 -9999.0 -9999.0 -9999.0 -9999.0 -9999.0 -9999.0 -9999.0 -9999.0 -9999.0 -9999.0 -9999.0 -9999.0 -9999.0 -9999.0 -9999.0 -9999.0 -9999.0 -9999.0 -9999.0 -9999.0 -9999.0 -9999.0 -9999.0 -9999.0 -9999.0 -9999.0 -9999.0 -9999.0 -9999.0 -9999.0 -9999.0 -9999.0 -9999.0 -9999.0 -9999.0 -9999.0 -9999.0 -9999.0 -9999.0 -9999.0 -9999.0 -9999.0 -9999.0 -9999.0 -9999.0 -9999.0 -9999.0 -9999.0 -9999.0 -9999.0 -9999.0 -9999.0 -9999.0 -9999.0 -9999.0
-9999.0 -9999.0 432.196421 340.193576 245.468708 149.563972 53.169168 -43.418564 -140.067260 -236.691724 -333.189417 -429.388620 -524.946036 -619.279093 -712.981103 -807.081851 -900.895139 -994.647973 -1086.873674 -1173.575815 -1249.743995 -1311.720157 -1358.814974 -1392.717200 -1416.226375 -1432.171449 -1442.864867 -1449.992441 -1454.717163 -1457.827874 -1459.860626 -1461.179488 -1462.030186 -1462.576637 -1462.926862 -1463.153196 -1463.311064 -1463.468462 -1463.846940 -1465.727309 -1475.398034 -1512.302273 -1314.594354 -1505.775674 -1434.922470 -1393.358317 -1374.596708 -1372.190353 -1371.948747 -1371.975758 -1372.041085 -1372.110969 -1372.178044 -1372.240108 -1372.297455 -1372.361958 -1372.551559 -1373.895100 -1383.466267 -1405.497260 -1440.784357 -1229.220849 -1484.693096 -1470.171647 -1464.775955 -1463.826696 -1463.683786 -1463.662081 -1463.659454 -1463.660074 -1463.661101 -1463.661997 -1463.662695 -1463.663225 -1463.663631 -1463.663945 -1463.664194 -1463.664394 -1463.664562 -1463.664710 -1463.664854 -1463.665015 -1463.665216 -1463.665496 -1463.665909 -1463.666544 -1463.667544 -1463.669141 -1463.671734 -1463.676016 -1463.683236 -1463.695727 -1463.717974 -1463.758802 -1463.835827 -1463.984668 -1464.279112 -1464.880181 -1466.168775 -1469.128928 -1476.601275 -1499.026685 -9999.0 -9999.0
-9999.0 -9999.0 432.203795 340.195546 245.469248 149.564134 53.169220 -43.418546 -140.067254 -236.691722 -333.189417 -429.388619 -524.946036 -619.279093 -712.981104 -807.081851 -900.895140 -994.647973 -1086.873675 -1173.575815 -1249.743995 -1311.720158 -1358.814974 -1392.717200 -1416.226375 -1432.171449 -1442.864867 -1449.992441 -1454.717163 -1457.827874 -1459.860626 -1461.179488 -1462.030186 -1462.576637 -1462.926862 -1463.153196 -1463.311064 -1463.468462 -1463.846940 -1465.727309 -1475.398034 -1512.302273 -1314.594353 -1505.775674 -1434.922470 -1393.358316 -1374.596708 -1372.190353 -1371.948747 -1371.975758 -1372.041085 -1372.110969 -1372.178044 -1372.240108 -1372.297455 -1372.361958 -1372.551559 -1373.895100 -1383.466267 -1405.497260 -1440.784357 -1229.220849 -1484.693096 -1470.171647 -1464.775955 -1463.826696 -1463.683786 -1463.662081 -1463.659454 -1463.660074 -1463.661101 -1463.661997 -1463.662695 -1463.663225 -1463.663631 -1463.663945 -1463.664194 -1463.664394 -1463.664562 -1463.664710 -1463.664854 -1463.665015 -1463.665216 -1463.665496 -1463.665909 -1463.666544 -1463.667544 -1463.669141 -1463.671734 -1463.676016 -1463.683236 -1463.695727 -1463.717974 -1463.758802 -1463.835827 -1463.984668 -1464.279112 -1464.880181 -1466.168775 -1469.128928 -1476.601275 -1499.026685 -9999.0 -9999.0
-9999.0 -9999.0 432.205428 340.196411 245.469595 149.564262 53.169266 -43.418530 -140.067248 -236.691720 -333.189416 -429.388619 -524.946036 -619.279093 -712.981104 -807.081851 -900.895140 -994.647973 -1086.873675 -1173.575816 -1249.743995 -1311.720158 -1358.814975 -1392.717200 -1416.226375 -1432.171449 -1442.864867 -1449.992441 -1454.717163 -1457.827874 -1459.860626 -1461.179488 -1462.030186 -1462.576637 -1462.926862 -1463.153196 -1463.311064 -1463.468462 -1463.846940 -1465.727309 -1475.398034 -1512.302273 -1314.594353 -1505.775674 -1434.922469 -1393.358315 -1374.596708 -1372.190353 -1371.948747 -1371.975758 -1372.041085 -1372.110969 -1372.178044 -1372.240108 -1372.297455 -1372.361958 -1372.551559 -1373.895100 -1383.466267 -1405.497260 -1440.784357 -1229.220849 -1484.693096 -1470.171647 -1464.775955 -1463.826696 -1463.683786 -1463.662081 -1463.659454 -1463.660074 -1463.661101 -1463.661997 -1463.662695 -1463.663225 -1463.663631 -1463.663945 -1463.664194 -1463.664394 -1463.664562 -1463.664710 -1463.664854 -1463.665015 -1463.665216 -1463.665496 -1463.665909 -1463.666544 -1463.667544 -1463.669141 -1463.671734 -1463.676016 -1463.683236 -1463.695727 -1463.717974 -1463.758802 -1463.835827 -1463.984668 -1464.279112 -1464.880181 -1466.168775 -1469.128928 -1476.601275 -1499.026685 -9999.0 -9999.0
-9999.0 -9999.0 432.205428 340.196411 245.469596 149.564262 53.169266 -43.418530 -140.067248 -236.691720 -333.189416 -429.388619 -524.946036 -619.279093 -712.981104 -807.081851 -900.895140 -994.647973 -1086.873675 -1173.575816 -1249.743995 -1311.720158 -1358.814975 -1392.717200 -1416.226375 -1432.171449 -1442.864867 -1449.992441 -1454.717163 -1457.827874 -1459.860626 -1461.179488 -1462.030186 -1462.576637 -1462.926862 -1463.153196 -1463.311064 -1463.468462 -1463.846940 -1465.727309 -1475.398034 -1512.302273 -1314.594353 -1505.775674 -1434.922469 -1393.358315 -1374.596708 -1372.190353 -1371.948747 -1371.975758 -1372.041085 -1372.110969 -1372.178044 -1372.240108 -1372.297455 -1372.361958 -1372.551559 -1373.895100 -1383.466267 -1405.497260 -1440.784357 -1229.220849 -1484.693096 -1470.171647 -1464.775955 -1463.826696 -1463.683786 -1463.662081 -1463.659454 -1463.660074 -1463.661101 -1463.661997 -1463.662695 -1463.663225 -1463.663631 -1463.663945 -1463.664194 -1463.664394 -1463.664562 -1463.664710 -1463.664854 -1463.665015 -1463.665216 -1463.665496 -1463.665909 -1463.666544 -1463.667544 -1463.669141 -1463.671734 -1463.676016 -1463.683236 -1463.695727 -1463.717974 -1463.758802 -1463.835827 -1463.984668 -1464.279112 -1464.880181 -1466.168775 -1469.128928 -1476.601275 -1499.026685 -9999.0 -9999.0
-9999.0 -9999.0 432.203795 340.195546 245.469248 149.564134 53.169220 -43.418546 -140.067254 -236.691722 -333.189417 -429.388619 -524.946036 -619.279093 -712.981103 -807.081851 -900.895140 -994.647973 -1086.873675 -1173.575815 -1249.743995 -1311.720158 -1358.814974 -1392.717200 -1416.226375 -1432.171449 -1442.864867 -1449.992441 -1454.717163 -1457.827874 -1459.860626 -1461.179488 -1462.030186 -1462.576637 -1462.926862 -1463.153196 -1463.311064 -1463.468462 -1463.846940 -1465.727309 -1475.398034 -1512.302273 -1314.594353 -1505.775674 -1434.922470 -1393.358316 -1374.596708 -1372.190353 -1371.948747 -1371.975758 -1372.041085 -1372.110969 -1372.178044 -1372.240108 -1372.297455 -1372.361958 -1372.551559 -1373.895100 -1383.466267 -1405.497260 -1440.784357 -1229.220849 -1484.693096 -1470.171647 -1464.775955 -1463.826696 -1463.683786 -1463.662081 -1463.659454 -1463.660074 -1463.661101 -1463.661997 -1463.662695 -1463.663225 -1463.663631 -1463.663945 -1463.664194 -1463.664394 -1463.664562 -1463.664710 -1463.664854 -1463.665015 -1463.665216 -1463.665496 -1463.665909 -1463.666544 -1463.667544 -1463.669141 -1463.671734 -1463.676016 -1463.683236 -1463.695727 -1463.717974 -1463.758802 -1463.835827 -1463.984668 -1464.279112 -1464.880181 -1466.168775 -1469.128928 -1476.601275 -1499.026685 -9999.0 -9999.0
-9999.0 -9999.0 432.196421 340.193576 245.468708 149.563972 53.169168 -43.418564 -140.067260 -236.691724 -333.189417 -429.388620 -524.946036 -619.279093 -712.981103 -807.081851 -900.895139 -994.647973 -1086.873674 -1173.575815 -1249.743995 -1311.720157 -1358.814974 -1392.717200 -1416.226375 -1432.171449 -1442.864867 -1449.992441 -1454.717163 -1457.827874 -1459.860626 -1461.179488 -1462.030186 -1462.576637 -1462.926862 -1463.153196 -1463.311064 -1463.468462 -1463.846940 -1465.727309 -1475.398034 -1512.302273 -1314.594354 -1505.775674 -1434.922470 -1393.358317 -1374.596708 -1372.190353 -1371.948747 -1371.975758 -1372.041085 -1372.110969 -1372.178044 -1372.240108 -1372.297455 -1372.361958 -1372.551559 -1373.895100 -1383.466267 -1405.497260 -1440.784357 -1229.220849 -1484.693096 -1470.171647 -1464.775955 -1463.826696 -1463.683786 -1463.662081 -1463.659454 -1463.660074 -1463.661101 -1463.661997 -1463.662695 -1463.663225 -1463.663631 -1463.663945 -1463.664194 -1463.664394 -1463.664562 -1463.664710 -1463.664854 -1463.665015 -1463.665216 -1463.665496 -1463.665909 -1463.666544 -1463.667544 -1463.669141 -1463.671734 -1463.676016 -1463.683236 -1463.695727 -1463.717974 -1463.758802 -1463.835827 -1463.984668 -1464.279112 -1464.880181 -1466.168775 -1469.128928 -1476.601275 -1499.026685 -9999.0 -9999.0
-9999.0 -9999.0 -9999.0 -9999.0 -9999.0 -9999.0 -9999.0 -9999.0 -9999.0 -9999.0 -9999.0 -9999.0 -9999.0 -9999.0 -9999.0 -9999.0 -9999.0 -9999.0 -9999.0 -9999.0 -9999.0 -9999.0 -9999.0 -9999.0 -9999.0 -9999.0 -9999.0 -9999.0 -9999.0 -9999.0 -9999.0 -9999.0 -9999.0 -9999.0 -9999.0 -9999.0 -9999.0 -9999.0 -9999.0 -9999.0 -9999.0 -9999.0 -9999.0 -9999.0 -9999.0 -9999.0 -9999.0 -9999.0 -9999.0 -9999.0 -9999.0 -9999.0 -9999.0 -9999.0 -9999.0 -9999.0 -9999.0 -9999.0 -9999.0 -9999.0 -9999.0 -9999.0 -9999.0 -9999.0 -9999.0 -9999.0 -9999.0 -9999.0 -9999.0 -9999.0 -9999.0 -9999.0 -9999.0 -9999.0 -9999.0 -9999.0 -9999.0 -9999.0 -9999.0 -9999.0 -9999.0 -9999.0 -9999.0 -9999.0 -9999.0 -9999.0 -9999.0 -9999.0 -9999.0 -9999.0 -9999.0 -9999.0 -9999.0 -9999.0 -9999.0 -9999.0 -9999.0 -9999.0 -9999.0 -9999.0 -9999.0 -9999.0 -9999.0 -9999.0
-9999.0 -9999.0 -9999.0 -9999.0 -9999.0 -9999.0 -9999.0 -9999.0 -9999.0 -9999.0 -9999.0 -9999.0 -9999.0 -9999.0 -9999.0 -9999.0 -9999.0 -9999.0 -9999.0 -9999.0 -9999.0 -9999.0 -9999.0 -9999.0 -9999.0 -9999.0 -9999.0 -9999.0 -9999.0 -9999.0 -9999.0 -9999.0 -9999.0 -9999.0 -9999.0 -9999.0 -9999.0 -9999.0 -9999.0 -9999.0 -9999.0 -9999.0 -9999.0 -9999.0 -9999.0 -9999.0 -9999.0 -9999.0 -9999.0 -9999.0 -9999.0 -9999.0 -9999.0 -9999.0 -9999.0 -9999.0 -9999.0 -9999.0 -9999.0 -9999.0 -9999.0 -9999.0 -9999.0 -9999.0 -9999.0 -9999.0 -9999.0 -9999.0 -9999.0 -9999.0 -9999.0 -9999.0 -9999.0 -9999.0 -9999.0 -9999.0 -9999.0 -9999.0 -9999.0 -9999.0 -9999.0 -9999.0 -9999.0 -9999.0 -9999.0 -9999.0 -9999.0 -9999.0 -9999.0 -9999.0 -9999.0 -9999.0 -9999.0 -9999.0 -9999.0 -9999.0 -9999.0 -9999.0 -9999.0 -9999.0 -9999.0 -9999.0 -9999.0 -9999.0