inst/processing_geotop_simulation/geotop_simulation/out/maps3D/PwL0017N0102.asc
ncols         104
nrows         10
xllcorner     -2.000000
yllcorner     0.000000
cellsize      1.000000
NODATA_value  -9999.0
-9999.0 -9999.0 -9999.0 -9999.0 -9999.0 -9999.0 -9999.0 -9999.0 -9999.0 -9999.0 -9999.0 -9999.0 -9999.0 -9999.0 -9999.0 -9999.0 -9999.0 -9999.0 -9999.0 -9999.0 -9999.0 -9999.0 -9999.0 -9999.0 -9999.0 -9999.0 -9999.0 -9999.0 -9999.0 -9999.0 -9999.0 -9999.0 -9999.0 -9999.0 -9999.0 -9999.0 -9999.0 -9999.0 -9999.0 -9999.0 -9999.0 -9999.0 -9999.0 -9999.0 -9999.0 -9999.0 -9999.0 -9999.0 -9999.0 -9999.0 -9999.0 -9999.0 -9999.0 -9999.0 -9999.0 -9999.0 -9999.0 -9999.0 -9999.0 -9999.0 -9999.0 -9999.0 -9999.0 -9999.0 -9999.0 -9999.0 -9999.0 -9999.0 -9999.0 -9999.0 -9999.0 -9999.0 -9999.0 -9999.0 -9999.0 -9999.0 -9999.0 -9999.0 -9999.0 -9999.0 -9999.0 -9999.0 -9999.0 -9999.0 -9999.0 -9999.0 -9999.0 -9999.0 -9999.0 -9999.0 -9999.0 -9999.0 -9999.0 -9999.0 -9999.0 -9999.0 -9999.0 -9999.0 -9999.0 -9999.0 -9999.0 -9999.0 -9999.0 -9999.0
-9999.0 -9999.0 -9999.0 -9999.0 -9999.0 -9999.0 -9999.0 -9999.0 -9999.0 -9999.0 -9999.0 -9999.0 -9999.0 -9999.0 -9999.0 -9999.0 -9999.0 -9999.0 -9999.0 -9999.0 -9999.0 -9999.0 -9999.0 -9999.0 -9999.0 -9999.0 -9999.0 -9999.0 -9999.0 -9999.0 -9999.0 -9999.0 -9999.0 -9999.0 -9999.0 -9999.0 -9999.0 -9999.0 -9999.0 -9999.0 -9999.0 -9999.0 -9999.0 -9999.0 -9999.0 -9999.0 -9999.0 -9999.0 -9999.0 -9999.0 -9999.0 -9999.0 -9999.0 -9999.0 -9999.0 -9999.0 -9999.0 -9999.0 -9999.0 -9999.0 -9999.0 -9999.0 -9999.0 -9999.0 -9999.0 -9999.0 -9999.0 -9999.0 -9999.0 -9999.0 -9999.0 -9999.0 -9999.0 -9999.0 -9999.0 -9999.0 -9999.0 -9999.0 -9999.0 -9999.0 -9999.0 -9999.0 -9999.0 -9999.0 -9999.0 -9999.0 -9999.0 -9999.0 -9999.0 -9999.0 -9999.0 -9999.0 -9999.0 -9999.0 -9999.0 -9999.0 -9999.0 -9999.0 -9999.0 -9999.0 -9999.0 -9999.0 -9999.0 -9999.0
-9999.0 -9999.0 839.432084 747.543261 654.530222 560.418077 465.749744 370.841507 275.860855 180.896929 85.995140 -8.819220 -103.508909 -198.127880 -292.922452 -388.532271 -486.005964 -586.662332 -691.790907 -789.140054 -883.712593 -972.913808 -1040.667402 -1075.700084 -1093.242291 -1100.916137 -1103.823322 -1104.706935 -1104.851785 -1104.793869 -1104.729706 -1104.711772 -1104.739342 -1104.796385 -1104.866374 -1104.939086 -1105.018600 -1105.136822 -1105.421897 -1106.956794 -1118.221699 -1215.293039 -2082.570080 -4125.188795 -4133.663142 -4133.663366 -4133.663366 -4133.663366 -4133.663366 -4133.663366 -4133.663366 -4133.663366 -4133.663364 -4133.663363 -4133.663360 -4133.663353 -4133.663336 -4133.663290 -4133.663145 -4133.662230 -4119.896358 -1966.241241 -1184.982880 -1114.165642 -1106.415054 -1105.530067 -1105.409084 -1105.389675 -1105.387780 -1105.389101 -1105.390732 -1105.392100 -1105.393154 -1105.393953 -1105.394564 -1105.395038 -1105.395413 -1105.395715 -1105.395967 -1105.396188 -1105.396404 -1105.396641 -1105.396938 -1105.397348 -1105.397952 -1105.398880 -1105.400336 -1105.402660 -1105.406421 -1105.412609 -1105.422994 -1105.440862 -1105.472504 -1105.530274 -1105.638793 -1105.847684 -1106.258972 -1107.093671 -1108.878439 -1112.998105 -1123.248554 -1150.583222 -9999.0 -9999.0
-9999.0 -9999.0 839.436279 747.544763 654.530696 560.418228 465.749794 370.841524 275.860861 180.896931 85.995141 -8.819220 -103.508909 -198.127880 -292.922452 -388.532271 -486.005964 -586.662332 -691.790907 -789.140054 -883.712593 -972.913808 -1040.667402 -1075.700084 -1093.242291 -1100.916137 -1103.823322 -1104.706935 -1104.851785 -1104.793869 -1104.729706 -1104.711772 -1104.739342 -1104.796385 -1104.866374 -1104.939086 -1105.018600 -1105.136822 -1105.421897 -1106.956794 -1118.221699 -1215.293039 -2082.570080 -4125.188795 -4133.663142 -4133.663366 -4133.663366 -4133.663366 -4133.663366 -4133.663366 -4133.663366 -4133.663366 -4133.663364 -4133.663363 -4133.663360 -4133.663353 -4133.663336 -4133.663290 -4133.663145 -4133.662230 -4119.896358 -1966.241241 -1184.982880 -1114.165642 -1106.415054 -1105.530067 -1105.409084 -1105.389675 -1105.387780 -1105.389101 -1105.390732 -1105.392100 -1105.393154 -1105.393953 -1105.394564 -1105.395038 -1105.395413 -1105.395715 -1105.395967 -1105.396188 -1105.396404 -1105.396641 -1105.396938 -1105.397348 -1105.397952 -1105.398880 -1105.400336 -1105.402660 -1105.406421 -1105.412609 -1105.422994 -1105.440862 -1105.472504 -1105.530274 -1105.638793 -1105.847684 -1106.258972 -1107.093671 -1108.878439 -1112.998105 -1123.248554 -1150.583222 -9999.0 -9999.0
-9999.0 -9999.0 839.437728 747.545533 654.531018 560.418350 465.749838 370.841539 275.860866 180.896933 85.995141 -8.819220 -103.508909 -198.127881 -292.922452 -388.532271 -486.005964 -586.662333 -691.790907 -789.140055 -883.712593 -972.913808 -1040.667402 -1075.700084 -1093.242291 -1100.916137 -1103.823322 -1104.706935 -1104.851785 -1104.793869 -1104.729706 -1104.711772 -1104.739342 -1104.796385 -1104.866374 -1104.939086 -1105.018600 -1105.136822 -1105.421897 -1106.956794 -1118.221699 -1215.293039 -2082.570080 -4125.188795 -4133.663142 -4133.663366 -4133.663366 -4133.663366 -4133.663366 -4133.663366 -4133.663366 -4133.663366 -4133.663364 -4133.663363 -4133.663360 -4133.663353 -4133.663336 -4133.663290 -4133.663145 -4133.662230 -4119.896358 -1966.241241 -1184.982880 -1114.165642 -1106.415054 -1105.530067 -1105.409084 -1105.389675 -1105.387780 -1105.389101 -1105.390732 -1105.392100 -1105.393154 -1105.393953 -1105.394564 -1105.395038 -1105.395413 -1105.395715 -1105.395967 -1105.396188 -1105.396404 -1105.396641 -1105.396938 -1105.397348 -1105.397952 -1105.398880 -1105.400336 -1105.402660 -1105.406421 -1105.412609 -1105.422994 -1105.440862 -1105.472504 -1105.530274 -1105.638793 -1105.847684 -1106.258972 -1107.093671 -1108.878439 -1112.998105 -1123.248554 -1150.583222 -9999.0 -9999.0
-9999.0 -9999.0 839.437728 747.545533 654.531018 560.418350 465.749838 370.841539 275.860866 180.896933 85.995141 -8.819220 -103.508909 -198.127881 -292.922452 -388.532271 -486.005964 -586.662333 -691.790907 -789.140055 -883.712593 -972.913808 -1040.667402 -1075.700084 -1093.242291 -1100.916137 -1103.823322 -1104.706935 -1104.851785 -1104.793869 -1104.729706 -1104.711772 -1104.739342 -1104.796385 -1104.866374 -1104.939086 -1105.018600 -1105.136822 -1105.421897 -1106.956794 -1118.221699 -1215.293039 -2082.570080 -4125.188795 -4133.663142 -4133.663366 -4133.663366 -4133.663366 -4133.663366 -4133.663366 -4133.663366 -4133.663366 -4133.663364 -4133.663363 -4133.663360 -4133.663353 -4133.663336 -4133.663290 -4133.663145 -4133.662230 -4119.896358 -1966.241241 -1184.982880 -1114.165642 -1106.415054 -1105.530067 -1105.409084 -1105.389675 -1105.387780 -1105.389101 -1105.390732 -1105.392100 -1105.393154 -1105.393953 -1105.394564 -1105.395038 -1105.395413 -1105.395715 -1105.395967 -1105.396188 -1105.396404 -1105.396641 -1105.396938 -1105.397348 -1105.397952 -1105.398880 -1105.400336 -1105.402660 -1105.406421 -1105.412609 -1105.422994 -1105.440862 -1105.472504 -1105.530274 -1105.638793 -1105.847684 -1106.258972 -1107.093671 -1108.878439 -1112.998105 -1123.248554 -1150.583222 -9999.0 -9999.0
-9999.0 -9999.0 839.436279 747.544763 654.530696 560.418228 465.749793 370.841524 275.860861 180.896931 85.995141 -8.819220 -103.508909 -198.127880 -292.922452 -388.532271 -486.005964 -586.662332 -691.790907 -789.140054 -883.712593 -972.913808 -1040.667402 -1075.700084 -1093.242291 -1100.916137 -1103.823322 -1104.706935 -1104.851785 -1104.793869 -1104.729706 -1104.711772 -1104.739342 -1104.796385 -1104.866374 -1104.939086 -1105.018600 -1105.136822 -1105.421897 -1106.956794 -1118.221699 -1215.293039 -2082.570080 -4125.188795 -4133.663142 -4133.663366 -4133.663366 -4133.663366 -4133.663366 -4133.663366 -4133.663366 -4133.663366 -4133.663364 -4133.663363 -4133.663360 -4133.663353 -4133.663336 -4133.663290 -4133.663145 -4133.662230 -4119.896358 -1966.241241 -1184.982880 -1114.165642 -1106.415054 -1105.530067 -1105.409084 -1105.389675 -1105.387780 -1105.389101 -1105.390732 -1105.392100 -1105.393154 -1105.393953 -1105.394564 -1105.395038 -1105.395413 -1105.395715 -1105.395967 -1105.396188 -1105.396404 -1105.396641 -1105.396938 -1105.397348 -1105.397952 -1105.398880 -1105.400336 -1105.402660 -1105.406421 -1105.412609 -1105.422994 -1105.440862 -1105.472504 -1105.530274 -1105.638793 -1105.847684 -1106.258972 -1107.093671 -1108.878439 -1112.998105 -1123.248554 -1150.583222 -9999.0 -9999.0
-9999.0 -9999.0 839.432084 747.543261 654.530222 560.418077 465.749744 370.841507 275.860855 180.896929 85.995140 -8.819220 -103.508909 -198.127880 -292.922452 -388.532271 -486.005964 -586.662332 -691.790907 -789.140054 -883.712593 -972.913808 -1040.667402 -1075.700084 -1093.242291 -1100.916137 -1103.823322 -1104.706935 -1104.851785 -1104.793869 -1104.729706 -1104.711772 -1104.739342 -1104.796385 -1104.866374 -1104.939086 -1105.018600 -1105.136822 -1105.421897 -1106.956794 -1118.221699 -1215.293039 -2082.570080 -4125.188795 -4133.663142 -4133.663366 -4133.663366 -4133.663366 -4133.663366 -4133.663366 -4133.663366 -4133.663366 -4133.663364 -4133.663363 -4133.663360 -4133.663353 -4133.663336 -4133.663290 -4133.663145 -4133.662230 -4119.896358 -1966.241241 -1184.982880 -1114.165642 -1106.415054 -1105.530067 -1105.409084 -1105.389675 -1105.387780 -1105.389101 -1105.390732 -1105.392100 -1105.393154 -1105.393953 -1105.394564 -1105.395038 -1105.395413 -1105.395715 -1105.395967 -1105.396188 -1105.396404 -1105.396641 -1105.396938 -1105.397348 -1105.397952 -1105.398880 -1105.400336 -1105.402660 -1105.406421 -1105.412609 -1105.422994 -1105.440862 -1105.472504 -1105.530274 -1105.638793 -1105.847684 -1106.258972 -1107.093671 -1108.878439 -1112.998105 -1123.248554 -1150.583222 -9999.0 -9999.0
-9999.0 -9999.0 -9999.0 -9999.0 -9999.0 -9999.0 -9999.0 -9999.0 -9999.0 -9999.0 -9999.0 -9999.0 -9999.0 -9999.0 -9999.0 -9999.0 -9999.0 -9999.0 -9999.0 -9999.0 -9999.0 -9999.0 -9999.0 -9999.0 -9999.0 -9999.0 -9999.0 -9999.0 -9999.0 -9999.0 -9999.0 -9999.0 -9999.0 -9999.0 -9999.0 -9999.0 -9999.0 -9999.0 -9999.0 -9999.0 -9999.0 -9999.0 -9999.0 -9999.0 -9999.0 -9999.0 -9999.0 -9999.0 -9999.0 -9999.0 -9999.0 -9999.0 -9999.0 -9999.0 -9999.0 -9999.0 -9999.0 -9999.0 -9999.0 -9999.0 -9999.0 -9999.0 -9999.0 -9999.0 -9999.0 -9999.0 -9999.0 -9999.0 -9999.0 -9999.0 -9999.0 -9999.0 -9999.0 -9999.0 -9999.0 -9999.0 -9999.0 -9999.0 -9999.0 -9999.0 -9999.0 -9999.0 -9999.0 -9999.0 -9999.0 -9999.0 -9999.0 -9999.0 -9999.0 -9999.0 -9999.0 -9999.0 -9999.0 -9999.0 -9999.0 -9999.0 -9999.0 -9999.0 -9999.0 -9999.0 -9999.0 -9999.0 -9999.0 -9999.0
-9999.0 -9999.0 -9999.0 -9999.0 -9999.0 -9999.0 -9999.0 -9999.0 -9999.0 -9999.0 -9999.0 -9999.0 -9999.0 -9999.0 -9999.0 -9999.0 -9999.0 -9999.0 -9999.0 -9999.0 -9999.0 -9999.0 -9999.0 -9999.0 -9999.0 -9999.0 -9999.0 -9999.0 -9999.0 -9999.0 -9999.0 -9999.0 -9999.0 -9999.0 -9999.0 -9999.0 -9999.0 -9999.0 -9999.0 -9999.0 -9999.0 -9999.0 -9999.0 -9999.0 -9999.0 -9999.0 -9999.0 -9999.0 -9999.0 -9999.0 -9999.0 -9999.0 -9999.0 -9999.0 -9999.0 -9999.0 -9999.0 -9999.0 -9999.0 -9999.0 -9999.0 -9999.0 -9999.0 -9999.0 -9999.0 -9999.0 -9999.0 -9999.0 -9999.0 -9999.0 -9999.0 -9999.0 -9999.0 -9999.0 -9999.0 -9999.0 -9999.0 -9999.0 -9999.0 -9999.0 -9999.0 -9999.0 -9999.0 -9999.0 -9999.0 -9999.0 -9999.0 -9999.0 -9999.0 -9999.0 -9999.0 -9999.0 -9999.0 -9999.0 -9999.0 -9999.0 -9999.0 -9999.0 -9999.0 -9999.0 -9999.0 -9999.0 -9999.0 -9999.0