inst/processing_geotop_simulation/geotop_simulation/out/maps3D/PwL0022N0375.asc
ncols         104
nrows         10
xllcorner     -2.000000
yllcorner     0.000000
cellsize      1.000000
NODATA_value  -9999.0
-9999.0 -9999.0 -9999.0 -9999.0 -9999.0 -9999.0 -9999.0 -9999.0 -9999.0 -9999.0 -9999.0 -9999.0 -9999.0 -9999.0 -9999.0 -9999.0 -9999.0 -9999.0 -9999.0 -9999.0 -9999.0 -9999.0 -9999.0 -9999.0 -9999.0 -9999.0 -9999.0 -9999.0 -9999.0 -9999.0 -9999.0 -9999.0 -9999.0 -9999.0 -9999.0 -9999.0 -9999.0 -9999.0 -9999.0 -9999.0 -9999.0 -9999.0 -9999.0 -9999.0 -9999.0 -9999.0 -9999.0 -9999.0 -9999.0 -9999.0 -9999.0 -9999.0 -9999.0 -9999.0 -9999.0 -9999.0 -9999.0 -9999.0 -9999.0 -9999.0 -9999.0 -9999.0 -9999.0 -9999.0 -9999.0 -9999.0 -9999.0 -9999.0 -9999.0 -9999.0 -9999.0 -9999.0 -9999.0 -9999.0 -9999.0 -9999.0 -9999.0 -9999.0 -9999.0 -9999.0 -9999.0 -9999.0 -9999.0 -9999.0 -9999.0 -9999.0 -9999.0 -9999.0 -9999.0 -9999.0 -9999.0 -9999.0 -9999.0 -9999.0 -9999.0 -9999.0 -9999.0 -9999.0 -9999.0 -9999.0 -9999.0 -9999.0 -9999.0 -9999.0
-9999.0 -9999.0 -9999.0 -9999.0 -9999.0 -9999.0 -9999.0 -9999.0 -9999.0 -9999.0 -9999.0 -9999.0 -9999.0 -9999.0 -9999.0 -9999.0 -9999.0 -9999.0 -9999.0 -9999.0 -9999.0 -9999.0 -9999.0 -9999.0 -9999.0 -9999.0 -9999.0 -9999.0 -9999.0 -9999.0 -9999.0 -9999.0 -9999.0 -9999.0 -9999.0 -9999.0 -9999.0 -9999.0 -9999.0 -9999.0 -9999.0 -9999.0 -9999.0 -9999.0 -9999.0 -9999.0 -9999.0 -9999.0 -9999.0 -9999.0 -9999.0 -9999.0 -9999.0 -9999.0 -9999.0 -9999.0 -9999.0 -9999.0 -9999.0 -9999.0 -9999.0 -9999.0 -9999.0 -9999.0 -9999.0 -9999.0 -9999.0 -9999.0 -9999.0 -9999.0 -9999.0 -9999.0 -9999.0 -9999.0 -9999.0 -9999.0 -9999.0 -9999.0 -9999.0 -9999.0 -9999.0 -9999.0 -9999.0 -9999.0 -9999.0 -9999.0 -9999.0 -9999.0 -9999.0 -9999.0 -9999.0 -9999.0 -9999.0 -9999.0 -9999.0 -9999.0 -9999.0 -9999.0 -9999.0 -9999.0 -9999.0 -9999.0 -9999.0 -9999.0
-9999.0 -9999.0 1068.238066 969.239867 870.218357 771.086143 671.887819 572.659491 473.422342 374.188289 274.964106 175.753754 76.559649 -22.614208 -121.765019 -220.888979 -319.965940 -418.957027 -517.786573 -616.313382 -714.281587 -812.364468 -909.970850 -1006.886108 -1102.821273 -1189.772181 -1269.147055 -1339.176527 -1398.738306 -1447.564433 -1486.220823 -1515.888237 -1538.060230 -1554.272219 -1565.921336 -1574.183215 -1580.010869 -1584.231277 -1587.879795 -1593.149558 -1605.401003 -1638.512438 -1639.325402 -2345.835631 -3504.689229 -3470.247081 -2819.281184 -2471.697451 -2289.204793 -2172.360713 -2087.191052 -2013.932598 -1967.993449 -1937.649062 -1909.025694 -1878.514951 -1844.891871 -1808.414761 -1770.134092 -1730.596237 -1680.357210 -1443.933934 -1594.825753 -1597.580074 -1594.531345 -1593.286411 -1592.979536 -1592.919432 -1592.909412 -1592.908327 -1592.908692 -1592.909219 -1592.909698 -1592.910109 -1592.910465 -1592.910781 -1592.911069 -1592.911339 -1592.911597 -1592.911852 -1592.912113 -1592.912389 -1592.912695 -1592.913053 -1592.913494 -1592.914068 -1592.914858 -1592.916001 -1592.917735 -1592.920487 -1592.925045 -1592.932913 -1592.947057 -1592.973469 -1593.024674 -1593.128061 -1593.347247 -1593.839926 -1595.021343 -1598.058874 -1606.546895 -1633.000792 -9999.0 -9999.0
-9999.0 -9999.0 1068.240452 969.240837 870.218689 771.086255 671.887857 572.659505 473.422347 374.188291 274.964107 175.753754 76.559649 -22.614208 -121.765019 -220.888979 -319.965940 -418.957027 -517.786574 -616.313383 -714.281587 -812.364468 -909.970850 -1006.886109 -1102.821273 -1189.772181 -1269.147056 -1339.176527 -1398.738306 -1447.564433 -1486.220823 -1515.888237 -1538.060230 -1554.272219 -1565.921336 -1574.183215 -1580.010869 -1584.231277 -1587.879795 -1593.149558 -1605.401003 -1638.512438 -1639.325402 -2345.835630 -3504.689229 -3470.247081 -2819.281184 -2471.697450 -2289.204793 -2172.360713 -2087.191051 -2013.932597 -1967.993449 -1937.649062 -1909.025694 -1878.514951 -1844.891870 -1808.414761 -1770.134092 -1730.596237 -1680.357210 -1443.933934 -1594.825753 -1597.580074 -1594.531345 -1593.286410 -1592.979536 -1592.919432 -1592.909412 -1592.908327 -1592.908692 -1592.909219 -1592.909698 -1592.910109 -1592.910465 -1592.910781 -1592.911069 -1592.911339 -1592.911597 -1592.911852 -1592.912112 -1592.912389 -1592.912695 -1592.913053 -1592.913494 -1592.914068 -1592.914858 -1592.916001 -1592.917735 -1592.920487 -1592.925044 -1592.932913 -1592.947057 -1592.973469 -1593.024674 -1593.128061 -1593.347247 -1593.839926 -1595.021343 -1598.058874 -1606.546894 -1633.000792 -9999.0 -9999.0
-9999.0 -9999.0 1068.241451 969.241382 870.218923 771.086346 671.887891 572.659518 473.422352 374.188293 274.964108 175.753755 76.559649 -22.614208 -121.765020 -220.888979 -319.965940 -418.957027 -517.786574 -616.313383 -714.281588 -812.364468 -909.970851 -1006.886109 -1102.821273 -1189.772181 -1269.147056 -1339.176527 -1398.738306 -1447.564433 -1486.220823 -1515.888237 -1538.060230 -1554.272219 -1565.921336 -1574.183215 -1580.010869 -1584.231277 -1587.879795 -1593.149558 -1605.401003 -1638.512438 -1639.325402 -2345.835630 -3504.689228 -3470.247081 -2819.281183 -2471.697450 -2289.204793 -2172.360712 -2087.191050 -2013.932597 -1967.993449 -1937.649062 -1909.025694 -1878.514951 -1844.891870 -1808.414761 -1770.134092 -1730.596237 -1680.357209 -1443.933934 -1594.825753 -1597.580074 -1594.531345 -1593.286410 -1592.979536 -1592.919432 -1592.909412 -1592.908327 -1592.908692 -1592.909219 -1592.909698 -1592.910109 -1592.910465 -1592.910781 -1592.911069 -1592.911339 -1592.911597 -1592.911852 -1592.912112 -1592.912389 -1592.912695 -1592.913053 -1592.913494 -1592.914068 -1592.914858 -1592.916001 -1592.917735 -1592.920487 -1592.925044 -1592.932913 -1592.947057 -1592.973469 -1593.024674 -1593.128061 -1593.347247 -1593.839926 -1595.021343 -1598.058874 -1606.546894 -1633.000792 -9999.0 -9999.0
-9999.0 -9999.0 1068.241451 969.241382 870.218923 771.086346 671.887891 572.659518 473.422352 374.188293 274.964108 175.753754 76.559649 -22.614208 -121.765019 -220.888979 -319.965940 -418.957027 -517.786574 -616.313383 -714.281588 -812.364468 -909.970851 -1006.886109 -1102.821273 -1189.772181 -1269.147056 -1339.176527 -1398.738306 -1447.564433 -1486.220823 -1515.888237 -1538.060230 -1554.272219 -1565.921336 -1574.183215 -1580.010869 -1584.231277 -1587.879795 -1593.149558 -1605.401003 -1638.512438 -1639.325402 -2345.835630 -3504.689228 -3470.247081 -2819.281183 -2471.697450 -2289.204793 -2172.360712 -2087.191050 -2013.932597 -1967.993449 -1937.649062 -1909.025694 -1878.514951 -1844.891870 -1808.414761 -1770.134092 -1730.596237 -1680.357209 -1443.933934 -1594.825753 -1597.580074 -1594.531345 -1593.286410 -1592.979536 -1592.919432 -1592.909412 -1592.908327 -1592.908692 -1592.909219 -1592.909698 -1592.910109 -1592.910465 -1592.910781 -1592.911069 -1592.911339 -1592.911597 -1592.911852 -1592.912112 -1592.912389 -1592.912695 -1592.913053 -1592.913494 -1592.914068 -1592.914858 -1592.916001 -1592.917735 -1592.920487 -1592.925044 -1592.932913 -1592.947057 -1592.973469 -1593.024674 -1593.128061 -1593.347247 -1593.839926 -1595.021343 -1598.058874 -1606.546894 -1633.000792 -9999.0 -9999.0
-9999.0 -9999.0 1068.240452 969.240837 870.218689 771.086255 671.887857 572.659505 473.422347 374.188291 274.964107 175.753754 76.559649 -22.614208 -121.765019 -220.888979 -319.965940 -418.957027 -517.786574 -616.313383 -714.281588 -812.364468 -909.970850 -1006.886109 -1102.821273 -1189.772181 -1269.147056 -1339.176527 -1398.738306 -1447.564433 -1486.220823 -1515.888237 -1538.060230 -1554.272219 -1565.921336 -1574.183215 -1580.010869 -1584.231277 -1587.879795 -1593.149558 -1605.401003 -1638.512438 -1639.325402 -2345.835630 -3504.689229 -3470.247081 -2819.281184 -2471.697450 -2289.204793 -2172.360712 -2087.191050 -2013.932597 -1967.993449 -1937.649062 -1909.025694 -1878.514951 -1844.891871 -1808.414761 -1770.134092 -1730.596237 -1680.357210 -1443.933934 -1594.825753 -1597.580074 -1594.531345 -1593.286410 -1592.979536 -1592.919432 -1592.909412 -1592.908327 -1592.908692 -1592.909219 -1592.909698 -1592.910109 -1592.910465 -1592.910781 -1592.911069 -1592.911339 -1592.911597 -1592.911852 -1592.912112 -1592.912389 -1592.912695 -1592.913053 -1592.913494 -1592.914068 -1592.914858 -1592.916001 -1592.917735 -1592.920487 -1592.925044 -1592.932913 -1592.947057 -1592.973469 -1593.024674 -1593.128061 -1593.347247 -1593.839926 -1595.021343 -1598.058874 -1606.546894 -1633.000792 -9999.0 -9999.0
-9999.0 -9999.0 1068.238066 969.239867 870.218357 771.086143 671.887819 572.659491 473.422342 374.188289 274.964106 175.753754 76.559649 -22.614208 -121.765019 -220.888979 -319.965940 -418.957027 -517.786573 -616.313382 -714.281587 -812.364468 -909.970850 -1006.886108 -1102.821273 -1189.772181 -1269.147055 -1339.176527 -1398.738306 -1447.564433 -1486.220823 -1515.888237 -1538.060230 -1554.272219 -1565.921336 -1574.183215 -1580.010869 -1584.231277 -1587.879795 -1593.149558 -1605.401003 -1638.512438 -1639.325402 -2345.835631 -3504.689229 -3470.247081 -2819.281184 -2471.697451 -2289.204793 -2172.360714 -2087.191052 -2013.932598 -1967.993449 -1937.649062 -1909.025694 -1878.514951 -1844.891871 -1808.414761 -1770.134092 -1730.596238 -1680.357210 -1443.933934 -1594.825753 -1597.580074 -1594.531345 -1593.286411 -1592.979536 -1592.919432 -1592.909412 -1592.908327 -1592.908692 -1592.909219 -1592.909698 -1592.910109 -1592.910465 -1592.910781 -1592.911069 -1592.911339 -1592.911597 -1592.911852 -1592.912113 -1592.912389 -1592.912695 -1592.913053 -1592.913494 -1592.914068 -1592.914858 -1592.916001 -1592.917735 -1592.920487 -1592.925045 -1592.932913 -1592.947057 -1592.973469 -1593.024674 -1593.128061 -1593.347247 -1593.839926 -1595.021343 -1598.058874 -1606.546895 -1633.000792 -9999.0 -9999.0
-9999.0 -9999.0 -9999.0 -9999.0 -9999.0 -9999.0 -9999.0 -9999.0 -9999.0 -9999.0 -9999.0 -9999.0 -9999.0 -9999.0 -9999.0 -9999.0 -9999.0 -9999.0 -9999.0 -9999.0 -9999.0 -9999.0 -9999.0 -9999.0 -9999.0 -9999.0 -9999.0 -9999.0 -9999.0 -9999.0 -9999.0 -9999.0 -9999.0 -9999.0 -9999.0 -9999.0 -9999.0 -9999.0 -9999.0 -9999.0 -9999.0 -9999.0 -9999.0 -9999.0 -9999.0 -9999.0 -9999.0 -9999.0 -9999.0 -9999.0 -9999.0 -9999.0 -9999.0 -9999.0 -9999.0 -9999.0 -9999.0 -9999.0 -9999.0 -9999.0 -9999.0 -9999.0 -9999.0 -9999.0 -9999.0 -9999.0 -9999.0 -9999.0 -9999.0 -9999.0 -9999.0 -9999.0 -9999.0 -9999.0 -9999.0 -9999.0 -9999.0 -9999.0 -9999.0 -9999.0 -9999.0 -9999.0 -9999.0 -9999.0 -9999.0 -9999.0 -9999.0 -9999.0 -9999.0 -9999.0 -9999.0 -9999.0 -9999.0 -9999.0 -9999.0 -9999.0 -9999.0 -9999.0 -9999.0 -9999.0 -9999.0 -9999.0 -9999.0 -9999.0
-9999.0 -9999.0 -9999.0 -9999.0 -9999.0 -9999.0 -9999.0 -9999.0 -9999.0 -9999.0 -9999.0 -9999.0 -9999.0 -9999.0 -9999.0 -9999.0 -9999.0 -9999.0 -9999.0 -9999.0 -9999.0 -9999.0 -9999.0 -9999.0 -9999.0 -9999.0 -9999.0 -9999.0 -9999.0 -9999.0 -9999.0 -9999.0 -9999.0 -9999.0 -9999.0 -9999.0 -9999.0 -9999.0 -9999.0 -9999.0 -9999.0 -9999.0 -9999.0 -9999.0 -9999.0 -9999.0 -9999.0 -9999.0 -9999.0 -9999.0 -9999.0 -9999.0 -9999.0 -9999.0 -9999.0 -9999.0 -9999.0 -9999.0 -9999.0 -9999.0 -9999.0 -9999.0 -9999.0 -9999.0 -9999.0 -9999.0 -9999.0 -9999.0 -9999.0 -9999.0 -9999.0 -9999.0 -9999.0 -9999.0 -9999.0 -9999.0 -9999.0 -9999.0 -9999.0 -9999.0 -9999.0 -9999.0 -9999.0 -9999.0 -9999.0 -9999.0 -9999.0 -9999.0 -9999.0 -9999.0 -9999.0 -9999.0 -9999.0 -9999.0 -9999.0 -9999.0 -9999.0 -9999.0 -9999.0 -9999.0 -9999.0 -9999.0 -9999.0 -9999.0