inst/processing_geotop_simulation/geotop_simulation/out/maps3D/PwL0019N0285.asc
ncols         104
nrows         10
xllcorner     -2.000000
yllcorner     0.000000
cellsize      1.000000
NODATA_value  -9999.0
-9999.0 -9999.0 -9999.0 -9999.0 -9999.0 -9999.0 -9999.0 -9999.0 -9999.0 -9999.0 -9999.0 -9999.0 -9999.0 -9999.0 -9999.0 -9999.0 -9999.0 -9999.0 -9999.0 -9999.0 -9999.0 -9999.0 -9999.0 -9999.0 -9999.0 -9999.0 -9999.0 -9999.0 -9999.0 -9999.0 -9999.0 -9999.0 -9999.0 -9999.0 -9999.0 -9999.0 -9999.0 -9999.0 -9999.0 -9999.0 -9999.0 -9999.0 -9999.0 -9999.0 -9999.0 -9999.0 -9999.0 -9999.0 -9999.0 -9999.0 -9999.0 -9999.0 -9999.0 -9999.0 -9999.0 -9999.0 -9999.0 -9999.0 -9999.0 -9999.0 -9999.0 -9999.0 -9999.0 -9999.0 -9999.0 -9999.0 -9999.0 -9999.0 -9999.0 -9999.0 -9999.0 -9999.0 -9999.0 -9999.0 -9999.0 -9999.0 -9999.0 -9999.0 -9999.0 -9999.0 -9999.0 -9999.0 -9999.0 -9999.0 -9999.0 -9999.0 -9999.0 -9999.0 -9999.0 -9999.0 -9999.0 -9999.0 -9999.0 -9999.0 -9999.0 -9999.0 -9999.0 -9999.0 -9999.0 -9999.0 -9999.0 -9999.0 -9999.0 -9999.0
-9999.0 -9999.0 -9999.0 -9999.0 -9999.0 -9999.0 -9999.0 -9999.0 -9999.0 -9999.0 -9999.0 -9999.0 -9999.0 -9999.0 -9999.0 -9999.0 -9999.0 -9999.0 -9999.0 -9999.0 -9999.0 -9999.0 -9999.0 -9999.0 -9999.0 -9999.0 -9999.0 -9999.0 -9999.0 -9999.0 -9999.0 -9999.0 -9999.0 -9999.0 -9999.0 -9999.0 -9999.0 -9999.0 -9999.0 -9999.0 -9999.0 -9999.0 -9999.0 -9999.0 -9999.0 -9999.0 -9999.0 -9999.0 -9999.0 -9999.0 -9999.0 -9999.0 -9999.0 -9999.0 -9999.0 -9999.0 -9999.0 -9999.0 -9999.0 -9999.0 -9999.0 -9999.0 -9999.0 -9999.0 -9999.0 -9999.0 -9999.0 -9999.0 -9999.0 -9999.0 -9999.0 -9999.0 -9999.0 -9999.0 -9999.0 -9999.0 -9999.0 -9999.0 -9999.0 -9999.0 -9999.0 -9999.0 -9999.0 -9999.0 -9999.0 -9999.0 -9999.0 -9999.0 -9999.0 -9999.0 -9999.0 -9999.0 -9999.0 -9999.0 -9999.0 -9999.0 -9999.0 -9999.0 -9999.0 -9999.0 -9999.0 -9999.0 -9999.0 -9999.0
-9999.0 -9999.0 921.800214 823.671746 725.367177 626.823466 528.151076 429.421376 330.673400 231.928390 133.198180 34.490082 -64.186048 -162.827425 -261.410715 -359.884163 -458.145561 -556.010682 -653.172054 -749.914129 -846.624782 -942.587729 -1037.537245 -1127.213242 -1206.380699 -1275.676048 -1333.917734 -1380.948704 -1417.543037 -1445.101240 -1465.290665 -1479.753822 -1489.932895 -1496.999731 -1501.856422 -1505.173643 -1507.449772 -1509.115249 -1510.850319 -1514.709553 -1527.559365 -1575.515626 -1899.337344 -3980.146994 -4034.645854 -4034.651137 -4034.581979 -4033.873066 -4030.706081 -4021.084251 -3997.299676 -3940.539282 -3868.163181 -3796.279687 -3706.686933 -3586.603678 -3427.328414 -3231.538120 -3015.923554 -2801.097759 -2561.009841 -1611.878801 -1533.770688 -1519.274907 -1513.897294 -1512.530479 -1512.264262 -1512.219404 -1512.212747 -1512.212313 -1512.212813 -1512.213358 -1512.213812 -1512.214170 -1512.214455 -1512.214685 -1512.214875 -1512.215036 -1512.215178 -1512.215309 -1512.215440 -1512.215583 -1512.215755 -1512.215980 -1512.216296 -1512.216760 -1512.217471 -1512.218588 -1512.220387 -1512.223360 -1512.228405 -1512.237233 -1512.253172 -1512.282880 -1512.339989 -1512.453453 -1512.688265 -1513.200878 -1514.394170 -1517.374431 -1525.486964 -1550.645608 -9999.0 -9999.0
-9999.0 -9999.0 921.803392 823.672942 725.367566 626.823593 528.151119 429.421391 330.673405 231.928392 133.198181 34.490082 -64.186048 -162.827425 -261.410715 -359.884163 -458.145561 -556.010682 -653.172054 -749.914130 -846.624782 -942.587729 -1037.537245 -1127.213242 -1206.380699 -1275.676048 -1333.917734 -1380.948704 -1417.543037 -1445.101240 -1465.290665 -1479.753822 -1489.932895 -1496.999731 -1501.856422 -1505.173643 -1507.449772 -1509.115249 -1510.850319 -1514.709553 -1527.559365 -1575.515626 -1899.337344 -3980.146994 -4034.645854 -4034.651137 -4034.581979 -4033.873066 -4030.706081 -4021.084251 -3997.299675 -3940.539281 -3868.163181 -3796.279687 -3706.686933 -3586.603678 -3427.328413 -3231.538119 -3015.923553 -2801.097759 -2561.009842 -1611.878802 -1533.770688 -1519.274907 -1513.897294 -1512.530479 -1512.264262 -1512.219404 -1512.212747 -1512.212313 -1512.212813 -1512.213358 -1512.213812 -1512.214170 -1512.214455 -1512.214685 -1512.214875 -1512.215036 -1512.215178 -1512.215309 -1512.215440 -1512.215583 -1512.215755 -1512.215980 -1512.216296 -1512.216760 -1512.217471 -1512.218588 -1512.220387 -1512.223360 -1512.228405 -1512.237233 -1512.253172 -1512.282880 -1512.339989 -1512.453453 -1512.688265 -1513.200878 -1514.394170 -1517.374431 -1525.486964 -1550.645608 -9999.0 -9999.0
-9999.0 -9999.0 921.804583 823.673580 725.367835 626.823696 528.151157 429.421405 330.673410 231.928394 133.198181 34.490083 -64.186048 -162.827425 -261.410715 -359.884163 -458.145561 -556.010682 -653.172054 -749.914130 -846.624782 -942.587730 -1037.537245 -1127.213242 -1206.380699 -1275.676048 -1333.917734 -1380.948704 -1417.543037 -1445.101240 -1465.290665 -1479.753822 -1489.932895 -1496.999731 -1501.856422 -1505.173643 -1507.449772 -1509.115249 -1510.850319 -1514.709553 -1527.559365 -1575.515626 -1899.337344 -3980.146994 -4034.645854 -4034.651137 -4034.581979 -4033.873066 -4030.706081 -4021.084251 -3997.299675 -3940.539281 -3868.163181 -3796.279687 -3706.686933 -3586.603677 -3427.328413 -3231.538118 -3015.923553 -2801.097758 -2561.009841 -1611.878801 -1533.770688 -1519.274907 -1513.897294 -1512.530479 -1512.264262 -1512.219404 -1512.212747 -1512.212313 -1512.212813 -1512.213358 -1512.213812 -1512.214170 -1512.214455 -1512.214685 -1512.214875 -1512.215036 -1512.215178 -1512.215309 -1512.215440 -1512.215583 -1512.215755 -1512.215980 -1512.216296 -1512.216760 -1512.217471 -1512.218588 -1512.220387 -1512.223360 -1512.228405 -1512.237233 -1512.253172 -1512.282880 -1512.339989 -1512.453453 -1512.688265 -1513.200878 -1514.394170 -1517.374431 -1525.486964 -1550.645608 -9999.0 -9999.0
-9999.0 -9999.0 921.804583 823.673580 725.367835 626.823696 528.151157 429.421405 330.673410 231.928394 133.198182 34.490082 -64.186048 -162.827425 -261.410715 -359.884163 -458.145561 -556.010682 -653.172054 -749.914130 -846.624782 -942.587730 -1037.537245 -1127.213243 -1206.380699 -1275.676048 -1333.917734 -1380.948704 -1417.543037 -1445.101240 -1465.290665 -1479.753822 -1489.932895 -1496.999731 -1501.856422 -1505.173643 -1507.449772 -1509.115249 -1510.850319 -1514.709553 -1527.559365 -1575.515626 -1899.337344 -3980.146994 -4034.645854 -4034.651137 -4034.581979 -4033.873066 -4030.706081 -4021.084251 -3997.299675 -3940.539281 -3868.163181 -3796.279687 -3706.686933 -3586.603677 -3427.328412 -3231.538119 -3015.923552 -2801.097758 -2561.009841 -1611.878801 -1533.770688 -1519.274907 -1513.897294 -1512.530479 -1512.264262 -1512.219404 -1512.212747 -1512.212313 -1512.212813 -1512.213358 -1512.213812 -1512.214170 -1512.214455 -1512.214685 -1512.214875 -1512.215036 -1512.215178 -1512.215309 -1512.215440 -1512.215583 -1512.215755 -1512.215980 -1512.216296 -1512.216760 -1512.217471 -1512.218588 -1512.220387 -1512.223360 -1512.228405 -1512.237233 -1512.253172 -1512.282880 -1512.339989 -1512.453453 -1512.688265 -1513.200878 -1514.394170 -1517.374431 -1525.486964 -1550.645608 -9999.0 -9999.0
-9999.0 -9999.0 921.803392 823.672942 725.367566 626.823593 528.151119 429.421391 330.673405 231.928392 133.198181 34.490082 -64.186048 -162.827425 -261.410715 -359.884163 -458.145561 -556.010682 -653.172054 -749.914130 -846.624782 -942.587729 -1037.537245 -1127.213242 -1206.380699 -1275.676048 -1333.917734 -1380.948704 -1417.543037 -1445.101240 -1465.290665 -1479.753822 -1489.932895 -1496.999731 -1501.856422 -1505.173643 -1507.449772 -1509.115249 -1510.850319 -1514.709553 -1527.559365 -1575.515626 -1899.337344 -3980.146994 -4034.645854 -4034.651137 -4034.581979 -4033.873066 -4030.706081 -4021.084251 -3997.299675 -3940.539281 -3868.163181 -3796.279687 -3706.686933 -3586.603677 -3427.328413 -3231.538119 -3015.923553 -2801.097758 -2561.009842 -1611.878801 -1533.770688 -1519.274907 -1513.897294 -1512.530479 -1512.264262 -1512.219404 -1512.212747 -1512.212313 -1512.212813 -1512.213358 -1512.213812 -1512.214170 -1512.214455 -1512.214685 -1512.214875 -1512.215036 -1512.215178 -1512.215309 -1512.215440 -1512.215583 -1512.215755 -1512.215980 -1512.216296 -1512.216760 -1512.217471 -1512.218588 -1512.220387 -1512.223360 -1512.228405 -1512.237233 -1512.253172 -1512.282880 -1512.339989 -1512.453453 -1512.688265 -1513.200878 -1514.394170 -1517.374431 -1525.486964 -1550.645608 -9999.0 -9999.0
-9999.0 -9999.0 921.800214 823.671746 725.367177 626.823466 528.151077 429.421376 330.673400 231.928390 133.198180 34.490082 -64.186048 -162.827425 -261.410715 -359.884163 -458.145561 -556.010682 -653.172054 -749.914130 -846.624782 -942.587729 -1037.537245 -1127.213242 -1206.380699 -1275.676048 -1333.917734 -1380.948704 -1417.543037 -1445.101240 -1465.290665 -1479.753822 -1489.932895 -1496.999731 -1501.856422 -1505.173643 -1507.449772 -1509.115249 -1510.850319 -1514.709553 -1527.559365 -1575.515626 -1899.337344 -3980.146994 -4034.645854 -4034.651137 -4034.581979 -4033.873066 -4030.706081 -4021.084251 -3997.299676 -3940.539282 -3868.163181 -3796.279688 -3706.686933 -3586.603678 -3427.328413 -3231.538120 -3015.923553 -2801.097759 -2561.009842 -1611.878802 -1533.770688 -1519.274907 -1513.897294 -1512.530479 -1512.264262 -1512.219404 -1512.212747 -1512.212313 -1512.212813 -1512.213358 -1512.213812 -1512.214170 -1512.214455 -1512.214685 -1512.214875 -1512.215036 -1512.215178 -1512.215309 -1512.215440 -1512.215583 -1512.215755 -1512.215980 -1512.216296 -1512.216760 -1512.217471 -1512.218588 -1512.220387 -1512.223360 -1512.228405 -1512.237233 -1512.253172 -1512.282880 -1512.339989 -1512.453453 -1512.688265 -1513.200878 -1514.394170 -1517.374431 -1525.486964 -1550.645608 -9999.0 -9999.0
-9999.0 -9999.0 -9999.0 -9999.0 -9999.0 -9999.0 -9999.0 -9999.0 -9999.0 -9999.0 -9999.0 -9999.0 -9999.0 -9999.0 -9999.0 -9999.0 -9999.0 -9999.0 -9999.0 -9999.0 -9999.0 -9999.0 -9999.0 -9999.0 -9999.0 -9999.0 -9999.0 -9999.0 -9999.0 -9999.0 -9999.0 -9999.0 -9999.0 -9999.0 -9999.0 -9999.0 -9999.0 -9999.0 -9999.0 -9999.0 -9999.0 -9999.0 -9999.0 -9999.0 -9999.0 -9999.0 -9999.0 -9999.0 -9999.0 -9999.0 -9999.0 -9999.0 -9999.0 -9999.0 -9999.0 -9999.0 -9999.0 -9999.0 -9999.0 -9999.0 -9999.0 -9999.0 -9999.0 -9999.0 -9999.0 -9999.0 -9999.0 -9999.0 -9999.0 -9999.0 -9999.0 -9999.0 -9999.0 -9999.0 -9999.0 -9999.0 -9999.0 -9999.0 -9999.0 -9999.0 -9999.0 -9999.0 -9999.0 -9999.0 -9999.0 -9999.0 -9999.0 -9999.0 -9999.0 -9999.0 -9999.0 -9999.0 -9999.0 -9999.0 -9999.0 -9999.0 -9999.0 -9999.0 -9999.0 -9999.0 -9999.0 -9999.0 -9999.0 -9999.0
-9999.0 -9999.0 -9999.0 -9999.0 -9999.0 -9999.0 -9999.0 -9999.0 -9999.0 -9999.0 -9999.0 -9999.0 -9999.0 -9999.0 -9999.0 -9999.0 -9999.0 -9999.0 -9999.0 -9999.0 -9999.0 -9999.0 -9999.0 -9999.0 -9999.0 -9999.0 -9999.0 -9999.0 -9999.0 -9999.0 -9999.0 -9999.0 -9999.0 -9999.0 -9999.0 -9999.0 -9999.0 -9999.0 -9999.0 -9999.0 -9999.0 -9999.0 -9999.0 -9999.0 -9999.0 -9999.0 -9999.0 -9999.0 -9999.0 -9999.0 -9999.0 -9999.0 -9999.0 -9999.0 -9999.0 -9999.0 -9999.0 -9999.0 -9999.0 -9999.0 -9999.0 -9999.0 -9999.0 -9999.0 -9999.0 -9999.0 -9999.0 -9999.0 -9999.0 -9999.0 -9999.0 -9999.0 -9999.0 -9999.0 -9999.0 -9999.0 -9999.0 -9999.0 -9999.0 -9999.0 -9999.0 -9999.0 -9999.0 -9999.0 -9999.0 -9999.0 -9999.0 -9999.0 -9999.0 -9999.0 -9999.0 -9999.0 -9999.0 -9999.0 -9999.0 -9999.0 -9999.0 -9999.0 -9999.0 -9999.0 -9999.0 -9999.0 -9999.0 -9999.0