inst/processing_geotop_simulation/geotop_simulation/out/maps3D/PwL0019N0371.asc
ncols         104
nrows         10
xllcorner     -2.000000
yllcorner     0.000000
cellsize      1.000000
NODATA_value  -9999.0
-9999.0 -9999.0 -9999.0 -9999.0 -9999.0 -9999.0 -9999.0 -9999.0 -9999.0 -9999.0 -9999.0 -9999.0 -9999.0 -9999.0 -9999.0 -9999.0 -9999.0 -9999.0 -9999.0 -9999.0 -9999.0 -9999.0 -9999.0 -9999.0 -9999.0 -9999.0 -9999.0 -9999.0 -9999.0 -9999.0 -9999.0 -9999.0 -9999.0 -9999.0 -9999.0 -9999.0 -9999.0 -9999.0 -9999.0 -9999.0 -9999.0 -9999.0 -9999.0 -9999.0 -9999.0 -9999.0 -9999.0 -9999.0 -9999.0 -9999.0 -9999.0 -9999.0 -9999.0 -9999.0 -9999.0 -9999.0 -9999.0 -9999.0 -9999.0 -9999.0 -9999.0 -9999.0 -9999.0 -9999.0 -9999.0 -9999.0 -9999.0 -9999.0 -9999.0 -9999.0 -9999.0 -9999.0 -9999.0 -9999.0 -9999.0 -9999.0 -9999.0 -9999.0 -9999.0 -9999.0 -9999.0 -9999.0 -9999.0 -9999.0 -9999.0 -9999.0 -9999.0 -9999.0 -9999.0 -9999.0 -9999.0 -9999.0 -9999.0 -9999.0 -9999.0 -9999.0 -9999.0 -9999.0 -9999.0 -9999.0 -9999.0 -9999.0 -9999.0 -9999.0
-9999.0 -9999.0 -9999.0 -9999.0 -9999.0 -9999.0 -9999.0 -9999.0 -9999.0 -9999.0 -9999.0 -9999.0 -9999.0 -9999.0 -9999.0 -9999.0 -9999.0 -9999.0 -9999.0 -9999.0 -9999.0 -9999.0 -9999.0 -9999.0 -9999.0 -9999.0 -9999.0 -9999.0 -9999.0 -9999.0 -9999.0 -9999.0 -9999.0 -9999.0 -9999.0 -9999.0 -9999.0 -9999.0 -9999.0 -9999.0 -9999.0 -9999.0 -9999.0 -9999.0 -9999.0 -9999.0 -9999.0 -9999.0 -9999.0 -9999.0 -9999.0 -9999.0 -9999.0 -9999.0 -9999.0 -9999.0 -9999.0 -9999.0 -9999.0 -9999.0 -9999.0 -9999.0 -9999.0 -9999.0 -9999.0 -9999.0 -9999.0 -9999.0 -9999.0 -9999.0 -9999.0 -9999.0 -9999.0 -9999.0 -9999.0 -9999.0 -9999.0 -9999.0 -9999.0 -9999.0 -9999.0 -9999.0 -9999.0 -9999.0 -9999.0 -9999.0 -9999.0 -9999.0 -9999.0 -9999.0 -9999.0 -9999.0 -9999.0 -9999.0 -9999.0 -9999.0 -9999.0 -9999.0 -9999.0 -9999.0 -9999.0 -9999.0 -9999.0 -9999.0
-9999.0 -9999.0 919.550218 820.714458 721.768322 622.673180 523.498069 424.287534 325.065937 225.846547 126.636766 27.441355 -71.733416 -170.887011 -270.008042 -369.071562 -468.029556 -566.793979 -665.209851 -763.397541 -861.534680 -959.237013 -1056.286229 -1150.073639 -1236.813911 -1315.811557 -1385.256465 -1444.056122 -1492.022866 -1529.814303 -1558.684131 -1580.168146 -1595.815796 -1607.018339 -1614.931821 -1620.469301 -1624.341582 -1627.166974 -1629.793450 -1634.184530 -1644.981176 -1673.300345 -1870.272065 -3942.976612 -4034.625212 -4034.635134 -4034.190944 -4030.188026 -4014.306126 -3972.628518 -3889.847791 -3744.298081 -3606.122773 -3495.255132 -3378.430819 -3244.675705 -3091.860000 -2926.804497 -2761.048106 -2602.152272 -2412.035075 -1608.139485 -1629.791311 -1636.635152 -1634.234487 -1633.085074 -1632.799304 -1632.743936 -1632.734819 -1632.733858 -1632.734204 -1632.734684 -1632.735107 -1632.735460 -1632.735755 -1632.736007 -1632.736228 -1632.736429 -1632.736616 -1632.736797 -1632.736982 -1632.737179 -1632.737404 -1632.737677 -1632.738031 -1632.738515 -1632.739213 -1632.740262 -1632.741901 -1632.744557 -1632.749019 -1632.756791 -1632.770828 -1632.797078 -1632.847892 -1632.950015 -1633.164872 -1633.643371 -1634.781664 -1637.698468 -1645.885107 -1671.758746 -9999.0 -9999.0
-9999.0 -9999.0 919.553182 820.715574 721.768685 622.673298 523.498109 424.287548 325.065942 225.846550 126.636767 27.441356 -71.733416 -170.887011 -270.008042 -369.071562 -468.029556 -566.793980 -665.209852 -763.397542 -861.534680 -959.237013 -1056.286229 -1150.073639 -1236.813911 -1315.811557 -1385.256465 -1444.056122 -1492.022866 -1529.814303 -1558.684131 -1580.168146 -1595.815796 -1607.018339 -1614.931821 -1620.469301 -1624.341582 -1627.166974 -1629.793450 -1634.184530 -1644.981176 -1673.300345 -1870.272064 -3942.976612 -4034.625212 -4034.635134 -4034.190944 -4030.188026 -4014.306126 -3972.628518 -3889.847789 -3744.298080 -3606.122773 -3495.255132 -3378.430818 -3244.675705 -3091.859999 -2926.804497 -2761.048105 -2602.152272 -2412.035075 -1608.139486 -1629.791311 -1636.635152 -1634.234487 -1633.085074 -1632.799304 -1632.743936 -1632.734819 -1632.733858 -1632.734204 -1632.734684 -1632.735107 -1632.735460 -1632.735755 -1632.736007 -1632.736228 -1632.736429 -1632.736616 -1632.736797 -1632.736981 -1632.737179 -1632.737404 -1632.737677 -1632.738031 -1632.738515 -1632.739213 -1632.740262 -1632.741901 -1632.744557 -1632.749019 -1632.756791 -1632.770828 -1632.797078 -1632.847892 -1632.950015 -1633.164872 -1633.643371 -1634.781664 -1637.698468 -1645.885107 -1671.758746 -9999.0 -9999.0
-9999.0 -9999.0 919.554293 820.716169 721.768935 622.673394 523.498144 424.287561 325.065947 225.846552 126.636768 27.441356 -71.733416 -170.887011 -270.008042 -369.071562 -468.029556 -566.793980 -665.209852 -763.397542 -861.534680 -959.237014 -1056.286230 -1150.073639 -1236.813911 -1315.811557 -1385.256465 -1444.056122 -1492.022866 -1529.814303 -1558.684131 -1580.168146 -1595.815796 -1607.018339 -1614.931821 -1620.469301 -1624.341582 -1627.166974 -1629.793450 -1634.184530 -1644.981176 -1673.300345 -1870.272064 -3942.976612 -4034.625212 -4034.635134 -4034.190944 -4030.188026 -4014.306126 -3972.628518 -3889.847788 -3744.298079 -3606.122772 -3495.255132 -3378.430818 -3244.675704 -3091.859999 -2926.804496 -2761.048105 -2602.152271 -2412.035075 -1608.139485 -1629.791311 -1636.635152 -1634.234487 -1633.085074 -1632.799304 -1632.743936 -1632.734819 -1632.733858 -1632.734204 -1632.734684 -1632.735107 -1632.735460 -1632.735755 -1632.736007 -1632.736228 -1632.736429 -1632.736616 -1632.736797 -1632.736981 -1632.737179 -1632.737404 -1632.737677 -1632.738031 -1632.738515 -1632.739213 -1632.740262 -1632.741901 -1632.744557 -1632.749019 -1632.756791 -1632.770828 -1632.797078 -1632.847892 -1632.950015 -1633.164872 -1633.643371 -1634.781664 -1637.698468 -1645.885107 -1671.758746 -9999.0 -9999.0
-9999.0 -9999.0 919.554293 820.716169 721.768935 622.673394 523.498144 424.287561 325.065947 225.846552 126.636768 27.441356 -71.733416 -170.887011 -270.008042 -369.071562 -468.029556 -566.793980 -665.209852 -763.397542 -861.534680 -959.237014 -1056.286230 -1150.073639 -1236.813911 -1315.811557 -1385.256465 -1444.056122 -1492.022866 -1529.814303 -1558.684131 -1580.168146 -1595.815796 -1607.018339 -1614.931821 -1620.469301 -1624.341582 -1627.166974 -1629.793450 -1634.184530 -1644.981176 -1673.300345 -1870.272064 -3942.976612 -4034.625212 -4034.635134 -4034.190944 -4030.188026 -4014.306126 -3972.628518 -3889.847788 -3744.298079 -3606.122772 -3495.255132 -3378.430818 -3244.675704 -3091.859998 -2926.804496 -2761.048105 -2602.152272 -2412.035075 -1608.139485 -1629.791311 -1636.635152 -1634.234487 -1633.085074 -1632.799304 -1632.743936 -1632.734819 -1632.733858 -1632.734204 -1632.734684 -1632.735107 -1632.735460 -1632.735755 -1632.736007 -1632.736228 -1632.736429 -1632.736616 -1632.736797 -1632.736981 -1632.737179 -1632.737404 -1632.737677 -1632.738031 -1632.738515 -1632.739213 -1632.740262 -1632.741901 -1632.744557 -1632.749019 -1632.756791 -1632.770828 -1632.797078 -1632.847892 -1632.950015 -1633.164872 -1633.643371 -1634.781664 -1637.698468 -1645.885107 -1671.758746 -9999.0 -9999.0
-9999.0 -9999.0 919.553182 820.715574 721.768685 622.673298 523.498109 424.287548 325.065942 225.846550 126.636767 27.441356 -71.733416 -170.887011 -270.008042 -369.071562 -468.029556 -566.793980 -665.209852 -763.397542 -861.534680 -959.237013 -1056.286229 -1150.073639 -1236.813911 -1315.811557 -1385.256465 -1444.056122 -1492.022866 -1529.814303 -1558.684131 -1580.168146 -1595.815796 -1607.018339 -1614.931821 -1620.469301 -1624.341582 -1627.166974 -1629.793450 -1634.184530 -1644.981176 -1673.300345 -1870.272064 -3942.976612 -4034.625212 -4034.635134 -4034.190944 -4030.188026 -4014.306126 -3972.628518 -3889.847789 -3744.298080 -3606.122773 -3495.255132 -3378.430818 -3244.675704 -3091.859999 -2926.804496 -2761.048105 -2602.152272 -2412.035075 -1608.139485 -1629.791311 -1636.635152 -1634.234487 -1633.085074 -1632.799304 -1632.743936 -1632.734819 -1632.733858 -1632.734204 -1632.734684 -1632.735107 -1632.735460 -1632.735755 -1632.736007 -1632.736228 -1632.736429 -1632.736616 -1632.736797 -1632.736981 -1632.737179 -1632.737404 -1632.737677 -1632.738031 -1632.738515 -1632.739213 -1632.740262 -1632.741901 -1632.744557 -1632.749019 -1632.756791 -1632.770828 -1632.797078 -1632.847892 -1632.950015 -1633.164872 -1633.643371 -1634.781664 -1637.698468 -1645.885107 -1671.758746 -9999.0 -9999.0
-9999.0 -9999.0 919.550218 820.714459 721.768322 622.673180 523.498069 424.287534 325.065936 225.846547 126.636766 27.441355 -71.733416 -170.887011 -270.008042 -369.071562 -468.029556 -566.793980 -665.209851 -763.397542 -861.534680 -959.237013 -1056.286229 -1150.073639 -1236.813911 -1315.811557 -1385.256465 -1444.056122 -1492.022866 -1529.814303 -1558.684131 -1580.168146 -1595.815796 -1607.018339 -1614.931821 -1620.469301 -1624.341582 -1627.166974 -1629.793450 -1634.184530 -1644.981176 -1673.300345 -1870.272065 -3942.976612 -4034.625212 -4034.635134 -4034.190944 -4030.188026 -4014.306126 -3972.628519 -3889.847791 -3744.298081 -3606.122773 -3495.255132 -3378.430818 -3244.675705 -3091.859999 -2926.804497 -2761.048106 -2602.152272 -2412.035076 -1608.139485 -1629.791311 -1636.635152 -1634.234487 -1633.085074 -1632.799304 -1632.743936 -1632.734819 -1632.733858 -1632.734204 -1632.734684 -1632.735107 -1632.735460 -1632.735755 -1632.736007 -1632.736228 -1632.736429 -1632.736616 -1632.736797 -1632.736982 -1632.737179 -1632.737404 -1632.737677 -1632.738031 -1632.738515 -1632.739213 -1632.740262 -1632.741901 -1632.744557 -1632.749019 -1632.756791 -1632.770828 -1632.797078 -1632.847892 -1632.950015 -1633.164872 -1633.643371 -1634.781664 -1637.698468 -1645.885107 -1671.758746 -9999.0 -9999.0
-9999.0 -9999.0 -9999.0 -9999.0 -9999.0 -9999.0 -9999.0 -9999.0 -9999.0 -9999.0 -9999.0 -9999.0 -9999.0 -9999.0 -9999.0 -9999.0 -9999.0 -9999.0 -9999.0 -9999.0 -9999.0 -9999.0 -9999.0 -9999.0 -9999.0 -9999.0 -9999.0 -9999.0 -9999.0 -9999.0 -9999.0 -9999.0 -9999.0 -9999.0 -9999.0 -9999.0 -9999.0 -9999.0 -9999.0 -9999.0 -9999.0 -9999.0 -9999.0 -9999.0 -9999.0 -9999.0 -9999.0 -9999.0 -9999.0 -9999.0 -9999.0 -9999.0 -9999.0 -9999.0 -9999.0 -9999.0 -9999.0 -9999.0 -9999.0 -9999.0 -9999.0 -9999.0 -9999.0 -9999.0 -9999.0 -9999.0 -9999.0 -9999.0 -9999.0 -9999.0 -9999.0 -9999.0 -9999.0 -9999.0 -9999.0 -9999.0 -9999.0 -9999.0 -9999.0 -9999.0 -9999.0 -9999.0 -9999.0 -9999.0 -9999.0 -9999.0 -9999.0 -9999.0 -9999.0 -9999.0 -9999.0 -9999.0 -9999.0 -9999.0 -9999.0 -9999.0 -9999.0 -9999.0 -9999.0 -9999.0 -9999.0 -9999.0 -9999.0 -9999.0
-9999.0 -9999.0 -9999.0 -9999.0 -9999.0 -9999.0 -9999.0 -9999.0 -9999.0 -9999.0 -9999.0 -9999.0 -9999.0 -9999.0 -9999.0 -9999.0 -9999.0 -9999.0 -9999.0 -9999.0 -9999.0 -9999.0 -9999.0 -9999.0 -9999.0 -9999.0 -9999.0 -9999.0 -9999.0 -9999.0 -9999.0 -9999.0 -9999.0 -9999.0 -9999.0 -9999.0 -9999.0 -9999.0 -9999.0 -9999.0 -9999.0 -9999.0 -9999.0 -9999.0 -9999.0 -9999.0 -9999.0 -9999.0 -9999.0 -9999.0 -9999.0 -9999.0 -9999.0 -9999.0 -9999.0 -9999.0 -9999.0 -9999.0 -9999.0 -9999.0 -9999.0 -9999.0 -9999.0 -9999.0 -9999.0 -9999.0 -9999.0 -9999.0 -9999.0 -9999.0 -9999.0 -9999.0 -9999.0 -9999.0 -9999.0 -9999.0 -9999.0 -9999.0 -9999.0 -9999.0 -9999.0 -9999.0 -9999.0 -9999.0 -9999.0 -9999.0 -9999.0 -9999.0 -9999.0 -9999.0 -9999.0 -9999.0 -9999.0 -9999.0 -9999.0 -9999.0 -9999.0 -9999.0 -9999.0 -9999.0 -9999.0 -9999.0 -9999.0 -9999.0