inst/processing_geotop_simulation/geotop_simulation/out/maps3D/PwL0013N0225.asc
ncols         104
nrows         10
xllcorner     -2.000000
yllcorner     0.000000
cellsize      1.000000
NODATA_value  -9999.0
-9999.0 -9999.0 -9999.0 -9999.0 -9999.0 -9999.0 -9999.0 -9999.0 -9999.0 -9999.0 -9999.0 -9999.0 -9999.0 -9999.0 -9999.0 -9999.0 -9999.0 -9999.0 -9999.0 -9999.0 -9999.0 -9999.0 -9999.0 -9999.0 -9999.0 -9999.0 -9999.0 -9999.0 -9999.0 -9999.0 -9999.0 -9999.0 -9999.0 -9999.0 -9999.0 -9999.0 -9999.0 -9999.0 -9999.0 -9999.0 -9999.0 -9999.0 -9999.0 -9999.0 -9999.0 -9999.0 -9999.0 -9999.0 -9999.0 -9999.0 -9999.0 -9999.0 -9999.0 -9999.0 -9999.0 -9999.0 -9999.0 -9999.0 -9999.0 -9999.0 -9999.0 -9999.0 -9999.0 -9999.0 -9999.0 -9999.0 -9999.0 -9999.0 -9999.0 -9999.0 -9999.0 -9999.0 -9999.0 -9999.0 -9999.0 -9999.0 -9999.0 -9999.0 -9999.0 -9999.0 -9999.0 -9999.0 -9999.0 -9999.0 -9999.0 -9999.0 -9999.0 -9999.0 -9999.0 -9999.0 -9999.0 -9999.0 -9999.0 -9999.0 -9999.0 -9999.0 -9999.0 -9999.0 -9999.0 -9999.0 -9999.0 -9999.0 -9999.0 -9999.0
-9999.0 -9999.0 -9999.0 -9999.0 -9999.0 -9999.0 -9999.0 -9999.0 -9999.0 -9999.0 -9999.0 -9999.0 -9999.0 -9999.0 -9999.0 -9999.0 -9999.0 -9999.0 -9999.0 -9999.0 -9999.0 -9999.0 -9999.0 -9999.0 -9999.0 -9999.0 -9999.0 -9999.0 -9999.0 -9999.0 -9999.0 -9999.0 -9999.0 -9999.0 -9999.0 -9999.0 -9999.0 -9999.0 -9999.0 -9999.0 -9999.0 -9999.0 -9999.0 -9999.0 -9999.0 -9999.0 -9999.0 -9999.0 -9999.0 -9999.0 -9999.0 -9999.0 -9999.0 -9999.0 -9999.0 -9999.0 -9999.0 -9999.0 -9999.0 -9999.0 -9999.0 -9999.0 -9999.0 -9999.0 -9999.0 -9999.0 -9999.0 -9999.0 -9999.0 -9999.0 -9999.0 -9999.0 -9999.0 -9999.0 -9999.0 -9999.0 -9999.0 -9999.0 -9999.0 -9999.0 -9999.0 -9999.0 -9999.0 -9999.0 -9999.0 -9999.0 -9999.0 -9999.0 -9999.0 -9999.0 -9999.0 -9999.0 -9999.0 -9999.0 -9999.0 -9999.0 -9999.0 -9999.0 -9999.0 -9999.0 -9999.0 -9999.0 -9999.0 -9999.0
-9999.0 -9999.0 626.708361 530.592516 433.540794 335.917821 238.034526 140.039863 42.007455 -56.016345 -154.012162 -251.946029 -349.744722 -447.247921 -544.192565 -640.240374 -735.795448 -831.526445 -926.791388 -1021.448453 -1112.458960 -1195.076624 -1267.995183 -1329.204252 -1378.203018 -1415.830632 -1443.744581 -1463.878563 -1478.071855 -1487.890165 -1494.577603 -1499.075985 -1502.072545 -1504.054352 -1505.358980 -1506.218414 -1506.799235 -1507.263982 -1508.001411 -1510.674623 -1521.899527 -1566.104357 -1931.670633 -4261.787608 -4234.113980 -4126.459072 -4050.154852 -4039.125197 -4038.003554 -4038.121535 -4038.414436 -4038.727696 -4039.028078 -4039.305776 -4039.562236 -4039.851171 -4040.707318 -4046.794046 -4088.394604 -4165.074589 -4167.260442 -1732.195453 -1532.016316 -1514.945087 -1509.379826 -1508.199455 -1508.000818 -1507.970141 -1507.965993 -1507.966101 -1507.966812 -1507.967480 -1507.968012 -1507.968420 -1507.968734 -1507.968979 -1507.969174 -1507.969333 -1507.969466 -1507.969585 -1507.969703 -1507.969833 -1507.969997 -1507.970222 -1507.970554 -1507.971064 -1507.971864 -1507.973143 -1507.975226 -1507.978679 -1507.984536 -1507.994739 -1508.013050 -1508.046911 -1508.111315 -1508.237161 -1508.490796 -1509.024437 -1510.216095 -1513.080469 -1520.657206 -1544.157704 -9999.0 -9999.0
-9999.0 -9999.0 626.713557 530.594140 433.541271 335.917968 238.034573 140.039880 42.007461 -56.016343 -154.012162 -251.946028 -349.744722 -447.247921 -544.192565 -640.240374 -735.795448 -831.526445 -926.791388 -1021.448453 -1112.458960 -1195.076625 -1267.995183 -1329.204252 -1378.203018 -1415.830632 -1443.744581 -1463.878563 -1478.071856 -1487.890165 -1494.577603 -1499.075985 -1502.072545 -1504.054352 -1505.358980 -1506.218414 -1506.799235 -1507.263982 -1508.001411 -1510.674623 -1521.899527 -1566.104357 -1931.670633 -4261.787608 -4234.113979 -4126.459067 -4050.154852 -4039.125197 -4038.003554 -4038.121535 -4038.414436 -4038.727696 -4039.028078 -4039.305776 -4039.562236 -4039.851171 -4040.707318 -4046.794046 -4088.394604 -4165.074588 -4167.260442 -1732.195453 -1532.016316 -1514.945087 -1509.379826 -1508.199455 -1508.000818 -1507.970141 -1507.965993 -1507.966101 -1507.966812 -1507.967480 -1507.968012 -1507.968420 -1507.968734 -1507.968979 -1507.969174 -1507.969333 -1507.969466 -1507.969585 -1507.969703 -1507.969833 -1507.969997 -1507.970222 -1507.970554 -1507.971064 -1507.971864 -1507.973143 -1507.975226 -1507.978679 -1507.984536 -1507.994739 -1508.013050 -1508.046911 -1508.111315 -1508.237161 -1508.490796 -1509.024437 -1510.216095 -1513.080469 -1520.657206 -1544.157704 -9999.0 -9999.0
-9999.0 -9999.0 626.715034 530.594912 433.541585 335.918085 238.034616 140.039895 42.007467 -56.016341 -154.012161 -251.946028 -349.744721 -447.247921 -544.192565 -640.240374 -735.795448 -831.526445 -926.791388 -1021.448453 -1112.458960 -1195.076625 -1267.995183 -1329.204252 -1378.203018 -1415.830632 -1443.744581 -1463.878563 -1478.071856 -1487.890165 -1494.577603 -1499.075985 -1502.072545 -1504.054352 -1505.358980 -1506.218414 -1506.799235 -1507.263982 -1508.001411 -1510.674623 -1521.899527 -1566.104357 -1931.670633 -4261.787608 -4234.113978 -4126.459066 -4050.154852 -4039.125197 -4038.003554 -4038.121535 -4038.414436 -4038.727696 -4039.028078 -4039.305776 -4039.562236 -4039.851171 -4040.707318 -4046.794046 -4088.394604 -4165.074588 -4167.260442 -1732.195453 -1532.016316 -1514.945087 -1509.379826 -1508.199455 -1508.000818 -1507.970141 -1507.965993 -1507.966101 -1507.966812 -1507.967480 -1507.968012 -1507.968420 -1507.968734 -1507.968979 -1507.969174 -1507.969333 -1507.969466 -1507.969585 -1507.969703 -1507.969833 -1507.969997 -1507.970222 -1507.970554 -1507.971064 -1507.971864 -1507.973143 -1507.975226 -1507.978679 -1507.984536 -1507.994739 -1508.013050 -1508.046911 -1508.111315 -1508.237161 -1508.490796 -1509.024437 -1510.216095 -1513.080469 -1520.657206 -1544.157704 -9999.0 -9999.0
-9999.0 -9999.0 626.715034 530.594912 433.541585 335.918085 238.034616 140.039895 42.007467 -56.016341 -154.012161 -251.946028 -349.744721 -447.247921 -544.192565 -640.240374 -735.795448 -831.526445 -926.791388 -1021.448453 -1112.458960 -1195.076625 -1267.995183 -1329.204252 -1378.203018 -1415.830632 -1443.744581 -1463.878563 -1478.071856 -1487.890165 -1494.577603 -1499.075985 -1502.072545 -1504.054352 -1505.358980 -1506.218414 -1506.799235 -1507.263982 -1508.001411 -1510.674623 -1521.899527 -1566.104357 -1931.670633 -4261.787608 -4234.113978 -4126.459066 -4050.154852 -4039.125197 -4038.003554 -4038.121535 -4038.414436 -4038.727696 -4039.028078 -4039.305776 -4039.562236 -4039.851171 -4040.707318 -4046.794046 -4088.394604 -4165.074588 -4167.260442 -1732.195453 -1532.016316 -1514.945087 -1509.379826 -1508.199455 -1508.000818 -1507.970141 -1507.965993 -1507.966101 -1507.966812 -1507.967480 -1507.968012 -1507.968420 -1507.968734 -1507.968979 -1507.969174 -1507.969333 -1507.969466 -1507.969585 -1507.969703 -1507.969833 -1507.969997 -1507.970222 -1507.970554 -1507.971064 -1507.971864 -1507.973143 -1507.975226 -1507.978679 -1507.984536 -1507.994739 -1508.013050 -1508.046911 -1508.111315 -1508.237161 -1508.490796 -1509.024437 -1510.216095 -1513.080469 -1520.657206 -1544.157704 -9999.0 -9999.0
-9999.0 -9999.0 626.713558 530.594140 433.541271 335.917968 238.034574 140.039879 42.007461 -56.016343 -154.012162 -251.946029 -349.744722 -447.247921 -544.192565 -640.240374 -735.795448 -831.526445 -926.791388 -1021.448453 -1112.458960 -1195.076625 -1267.995183 -1329.204252 -1378.203018 -1415.830632 -1443.744581 -1463.878563 -1478.071856 -1487.890165 -1494.577603 -1499.075985 -1502.072545 -1504.054352 -1505.358980 -1506.218414 -1506.799235 -1507.263982 -1508.001411 -1510.674623 -1521.899527 -1566.104357 -1931.670633 -4261.787608 -4234.113979 -4126.459067 -4050.154852 -4039.125197 -4038.003554 -4038.121535 -4038.414436 -4038.727696 -4039.028078 -4039.305776 -4039.562236 -4039.851171 -4040.707318 -4046.794046 -4088.394604 -4165.074588 -4167.260442 -1732.195453 -1532.016316 -1514.945087 -1509.379826 -1508.199455 -1508.000818 -1507.970141 -1507.965993 -1507.966101 -1507.966812 -1507.967480 -1507.968012 -1507.968420 -1507.968734 -1507.968979 -1507.969174 -1507.969333 -1507.969466 -1507.969585 -1507.969703 -1507.969833 -1507.969997 -1507.970222 -1507.970554 -1507.971064 -1507.971864 -1507.973143 -1507.975226 -1507.978679 -1507.984536 -1507.994739 -1508.013050 -1508.046911 -1508.111315 -1508.237161 -1508.490796 -1509.024437 -1510.216095 -1513.080469 -1520.657206 -1544.157704 -9999.0 -9999.0
-9999.0 -9999.0 626.708361 530.592516 433.540794 335.917821 238.034525 140.039863 42.007455 -56.016345 -154.012163 -251.946029 -349.744722 -447.247921 -544.192565 -640.240374 -735.795448 -831.526445 -926.791388 -1021.448453 -1112.458960 -1195.076624 -1267.995183 -1329.204252 -1378.203018 -1415.830632 -1443.744581 -1463.878563 -1478.071855 -1487.890165 -1494.577603 -1499.075985 -1502.072545 -1504.054352 -1505.358980 -1506.218414 -1506.799235 -1507.263982 -1508.001411 -1510.674623 -1521.899527 -1566.104357 -1931.670633 -4261.787608 -4234.113980 -4126.459072 -4050.154852 -4039.125197 -4038.003554 -4038.121535 -4038.414436 -4038.727696 -4039.028078 -4039.305776 -4039.562236 -4039.851171 -4040.707318 -4046.794046 -4088.394604 -4165.074589 -4167.260442 -1732.195453 -1532.016316 -1514.945087 -1509.379826 -1508.199455 -1508.000818 -1507.970141 -1507.965993 -1507.966101 -1507.966812 -1507.967480 -1507.968012 -1507.968420 -1507.968734 -1507.968979 -1507.969174 -1507.969333 -1507.969466 -1507.969585 -1507.969703 -1507.969833 -1507.969997 -1507.970222 -1507.970554 -1507.971064 -1507.971864 -1507.973143 -1507.975226 -1507.978679 -1507.984536 -1507.994739 -1508.013050 -1508.046911 -1508.111315 -1508.237161 -1508.490796 -1509.024437 -1510.216095 -1513.080469 -1520.657206 -1544.157704 -9999.0 -9999.0
-9999.0 -9999.0 -9999.0 -9999.0 -9999.0 -9999.0 -9999.0 -9999.0 -9999.0 -9999.0 -9999.0 -9999.0 -9999.0 -9999.0 -9999.0 -9999.0 -9999.0 -9999.0 -9999.0 -9999.0 -9999.0 -9999.0 -9999.0 -9999.0 -9999.0 -9999.0 -9999.0 -9999.0 -9999.0 -9999.0 -9999.0 -9999.0 -9999.0 -9999.0 -9999.0 -9999.0 -9999.0 -9999.0 -9999.0 -9999.0 -9999.0 -9999.0 -9999.0 -9999.0 -9999.0 -9999.0 -9999.0 -9999.0 -9999.0 -9999.0 -9999.0 -9999.0 -9999.0 -9999.0 -9999.0 -9999.0 -9999.0 -9999.0 -9999.0 -9999.0 -9999.0 -9999.0 -9999.0 -9999.0 -9999.0 -9999.0 -9999.0 -9999.0 -9999.0 -9999.0 -9999.0 -9999.0 -9999.0 -9999.0 -9999.0 -9999.0 -9999.0 -9999.0 -9999.0 -9999.0 -9999.0 -9999.0 -9999.0 -9999.0 -9999.0 -9999.0 -9999.0 -9999.0 -9999.0 -9999.0 -9999.0 -9999.0 -9999.0 -9999.0 -9999.0 -9999.0 -9999.0 -9999.0 -9999.0 -9999.0 -9999.0 -9999.0 -9999.0 -9999.0
-9999.0 -9999.0 -9999.0 -9999.0 -9999.0 -9999.0 -9999.0 -9999.0 -9999.0 -9999.0 -9999.0 -9999.0 -9999.0 -9999.0 -9999.0 -9999.0 -9999.0 -9999.0 -9999.0 -9999.0 -9999.0 -9999.0 -9999.0 -9999.0 -9999.0 -9999.0 -9999.0 -9999.0 -9999.0 -9999.0 -9999.0 -9999.0 -9999.0 -9999.0 -9999.0 -9999.0 -9999.0 -9999.0 -9999.0 -9999.0 -9999.0 -9999.0 -9999.0 -9999.0 -9999.0 -9999.0 -9999.0 -9999.0 -9999.0 -9999.0 -9999.0 -9999.0 -9999.0 -9999.0 -9999.0 -9999.0 -9999.0 -9999.0 -9999.0 -9999.0 -9999.0 -9999.0 -9999.0 -9999.0 -9999.0 -9999.0 -9999.0 -9999.0 -9999.0 -9999.0 -9999.0 -9999.0 -9999.0 -9999.0 -9999.0 -9999.0 -9999.0 -9999.0 -9999.0 -9999.0 -9999.0 -9999.0 -9999.0 -9999.0 -9999.0 -9999.0 -9999.0 -9999.0 -9999.0 -9999.0 -9999.0 -9999.0 -9999.0 -9999.0 -9999.0 -9999.0 -9999.0 -9999.0 -9999.0 -9999.0 -9999.0 -9999.0 -9999.0 -9999.0