inst/processing_geotop_simulation/geotop_simulation/out/maps3D/PwL0016N0449.asc
ncols         104
nrows         10
xllcorner     -2.000000
yllcorner     0.000000
cellsize      1.000000
NODATA_value  -9999.0
-9999.0 -9999.0 -9999.0 -9999.0 -9999.0 -9999.0 -9999.0 -9999.0 -9999.0 -9999.0 -9999.0 -9999.0 -9999.0 -9999.0 -9999.0 -9999.0 -9999.0 -9999.0 -9999.0 -9999.0 -9999.0 -9999.0 -9999.0 -9999.0 -9999.0 -9999.0 -9999.0 -9999.0 -9999.0 -9999.0 -9999.0 -9999.0 -9999.0 -9999.0 -9999.0 -9999.0 -9999.0 -9999.0 -9999.0 -9999.0 -9999.0 -9999.0 -9999.0 -9999.0 -9999.0 -9999.0 -9999.0 -9999.0 -9999.0 -9999.0 -9999.0 -9999.0 -9999.0 -9999.0 -9999.0 -9999.0 -9999.0 -9999.0 -9999.0 -9999.0 -9999.0 -9999.0 -9999.0 -9999.0 -9999.0 -9999.0 -9999.0 -9999.0 -9999.0 -9999.0 -9999.0 -9999.0 -9999.0 -9999.0 -9999.0 -9999.0 -9999.0 -9999.0 -9999.0 -9999.0 -9999.0 -9999.0 -9999.0 -9999.0 -9999.0 -9999.0 -9999.0 -9999.0 -9999.0 -9999.0 -9999.0 -9999.0 -9999.0 -9999.0 -9999.0 -9999.0 -9999.0 -9999.0 -9999.0 -9999.0 -9999.0 -9999.0 -9999.0 -9999.0
-9999.0 -9999.0 -9999.0 -9999.0 -9999.0 -9999.0 -9999.0 -9999.0 -9999.0 -9999.0 -9999.0 -9999.0 -9999.0 -9999.0 -9999.0 -9999.0 -9999.0 -9999.0 -9999.0 -9999.0 -9999.0 -9999.0 -9999.0 -9999.0 -9999.0 -9999.0 -9999.0 -9999.0 -9999.0 -9999.0 -9999.0 -9999.0 -9999.0 -9999.0 -9999.0 -9999.0 -9999.0 -9999.0 -9999.0 -9999.0 -9999.0 -9999.0 -9999.0 -9999.0 -9999.0 -9999.0 -9999.0 -9999.0 -9999.0 -9999.0 -9999.0 -9999.0 -9999.0 -9999.0 -9999.0 -9999.0 -9999.0 -9999.0 -9999.0 -9999.0 -9999.0 -9999.0 -9999.0 -9999.0 -9999.0 -9999.0 -9999.0 -9999.0 -9999.0 -9999.0 -9999.0 -9999.0 -9999.0 -9999.0 -9999.0 -9999.0 -9999.0 -9999.0 -9999.0 -9999.0 -9999.0 -9999.0 -9999.0 -9999.0 -9999.0 -9999.0 -9999.0 -9999.0 -9999.0 -9999.0 -9999.0 -9999.0 -9999.0 -9999.0 -9999.0 -9999.0 -9999.0 -9999.0 -9999.0 -9999.0 -9999.0 -9999.0 -9999.0 -9999.0
-9999.0 -9999.0 769.827875 670.799368 571.607176 472.278497 372.882941 273.458519 174.024851 74.592339 -24.831546 -124.242732 -223.639594 -323.011886 -422.341038 -521.597052 -620.725866 -719.640698 -818.629601 -917.475945 -1016.108406 -1114.393047 -1209.826690 -1301.472962 -1387.210357 -1464.915659 -1532.906704 -1590.273392 -1636.994734 -1673.827666 -1702.046514 -1723.149350 -1738.620278 -1749.782601 -1757.735734 -1763.352269 -1767.319121 -1770.244989 -1772.942319 -1776.941243 -1783.539449 -1785.307256 -1905.364004 -4086.431804 -4181.771326 -4179.724303 -4177.830645 -4177.506779 -4177.472213 -4177.474160 -4177.479061 -4177.477980 -4177.470447 -4177.457885 -4177.431409 -4177.374752 -4177.263309 -4177.129775 -4177.453532 -4177.089857 -3983.501690 -1678.416807 -1742.281853 -1775.654499 -1777.143949 -1776.419353 -1776.159207 -1776.101330 -1776.090974 -1776.089687 -1776.089933 -1776.090368 -1776.090768 -1776.091109 -1776.091401 -1776.091657 -1776.091888 -1776.092102 -1776.092306 -1776.092507 -1776.092712 -1776.092931 -1776.093177 -1776.093469 -1776.093834 -1776.094319 -1776.094999 -1776.095998 -1776.097534 -1776.099994 -1776.104100 -1776.111231 -1776.124101 -1776.148203 -1776.195000 -1776.289501 -1776.489634 -1776.939127 -1778.021404 -1780.847779 -1788.974895 -1815.093439 -9999.0 -9999.0
-9999.0 -9999.0 769.831358 670.800569 571.607547 472.278615 372.882980 273.458533 174.024856 74.592341 -24.831545 -124.242732 -223.639594 -323.011886 -422.341038 -521.597052 -620.725866 -719.640699 -818.629601 -917.475945 -1016.108406 -1114.393047 -1209.826691 -1301.472962 -1387.210357 -1464.915659 -1532.906704 -1590.273392 -1636.994734 -1673.827666 -1702.046514 -1723.149350 -1738.620278 -1749.782601 -1757.735734 -1763.352269 -1767.319121 -1770.244989 -1772.942319 -1776.941243 -1783.539449 -1785.307256 -1905.364004 -4086.431804 -4181.771326 -4179.724303 -4177.830645 -4177.506779 -4177.472213 -4177.474160 -4177.479061 -4177.477980 -4177.470447 -4177.457885 -4177.431409 -4177.374752 -4177.263309 -4177.129775 -4177.453532 -4177.089857 -3983.501690 -1678.416807 -1742.281853 -1775.654499 -1777.143949 -1776.419353 -1776.159207 -1776.101330 -1776.090974 -1776.089687 -1776.089933 -1776.090368 -1776.090767 -1776.091109 -1776.091401 -1776.091657 -1776.091888 -1776.092102 -1776.092306 -1776.092507 -1776.092712 -1776.092931 -1776.093177 -1776.093468 -1776.093834 -1776.094319 -1776.094999 -1776.095998 -1776.097534 -1776.099994 -1776.104100 -1776.111231 -1776.124101 -1776.148203 -1776.195000 -1776.289501 -1776.489634 -1776.939127 -1778.021404 -1780.847779 -1788.974895 -1815.093439 -9999.0 -9999.0
-9999.0 -9999.0 769.832508 670.801175 571.607798 472.278709 372.883014 273.458546 174.024861 74.592343 -24.831544 -124.242731 -223.639593 -323.011886 -422.341038 -521.597052 -620.725866 -719.640699 -818.629601 -917.475945 -1016.108406 -1114.393047 -1209.826691 -1301.472962 -1387.210357 -1464.915659 -1532.906704 -1590.273392 -1636.994734 -1673.827666 -1702.046514 -1723.149350 -1738.620278 -1749.782601 -1757.735734 -1763.352269 -1767.319121 -1770.244989 -1772.942319 -1776.941243 -1783.539449 -1785.307256 -1905.364004 -4086.431804 -4181.771326 -4179.724303 -4177.830645 -4177.506779 -4177.472213 -4177.474160 -4177.479061 -4177.477980 -4177.470447 -4177.457885 -4177.431409 -4177.374752 -4177.263309 -4177.129775 -4177.453532 -4177.089857 -3983.501690 -1678.416807 -1742.281853 -1775.654499 -1777.143949 -1776.419353 -1776.159207 -1776.101330 -1776.090974 -1776.089687 -1776.089933 -1776.090368 -1776.090767 -1776.091109 -1776.091401 -1776.091657 -1776.091888 -1776.092102 -1776.092306 -1776.092507 -1776.092712 -1776.092931 -1776.093177 -1776.093468 -1776.093834 -1776.094319 -1776.094999 -1776.095998 -1776.097534 -1776.099994 -1776.104100 -1776.111231 -1776.124101 -1776.148203 -1776.195000 -1776.289501 -1776.489634 -1776.939127 -1778.021404 -1780.847779 -1788.974895 -1815.093439 -9999.0 -9999.0
-9999.0 -9999.0 769.832508 670.801175 571.607798 472.278709 372.883014 273.458546 174.024861 74.592343 -24.831544 -124.242731 -223.639593 -323.011886 -422.341038 -521.597052 -620.725866 -719.640699 -818.629601 -917.475945 -1016.108406 -1114.393047 -1209.826691 -1301.472962 -1387.210357 -1464.915659 -1532.906704 -1590.273392 -1636.994734 -1673.827666 -1702.046514 -1723.149350 -1738.620278 -1749.782601 -1757.735734 -1763.352269 -1767.319121 -1770.244989 -1772.942319 -1776.941243 -1783.539449 -1785.307256 -1905.364004 -4086.431804 -4181.771326 -4179.724303 -4177.830645 -4177.506779 -4177.472213 -4177.474160 -4177.479061 -4177.477980 -4177.470447 -4177.457885 -4177.431409 -4177.374752 -4177.263309 -4177.129775 -4177.453532 -4177.089857 -3983.501690 -1678.416807 -1742.281853 -1775.654499 -1777.143949 -1776.419353 -1776.159207 -1776.101330 -1776.090974 -1776.089687 -1776.089933 -1776.090368 -1776.090767 -1776.091109 -1776.091401 -1776.091657 -1776.091888 -1776.092102 -1776.092306 -1776.092507 -1776.092712 -1776.092931 -1776.093177 -1776.093468 -1776.093834 -1776.094319 -1776.094999 -1776.095998 -1776.097534 -1776.099994 -1776.104100 -1776.111231 -1776.124101 -1776.148203 -1776.195000 -1776.289501 -1776.489634 -1776.939127 -1778.021404 -1780.847779 -1788.974895 -1815.093439 -9999.0 -9999.0
-9999.0 -9999.0 769.831358 670.800569 571.607547 472.278615 372.882980 273.458533 174.024856 74.592341 -24.831545 -124.242732 -223.639594 -323.011886 -422.341038 -521.597052 -620.725866 -719.640699 -818.629601 -917.475945 -1016.108406 -1114.393047 -1209.826691 -1301.472962 -1387.210357 -1464.915659 -1532.906704 -1590.273392 -1636.994734 -1673.827666 -1702.046514 -1723.149350 -1738.620278 -1749.782601 -1757.735734 -1763.352269 -1767.319121 -1770.244989 -1772.942319 -1776.941243 -1783.539449 -1785.307256 -1905.364004 -4086.431804 -4181.771326 -4179.724303 -4177.830645 -4177.506779 -4177.472213 -4177.474160 -4177.479061 -4177.477980 -4177.470447 -4177.457885 -4177.431409 -4177.374752 -4177.263309 -4177.129775 -4177.453532 -4177.089857 -3983.501690 -1678.416807 -1742.281853 -1775.654499 -1777.143949 -1776.419353 -1776.159207 -1776.101330 -1776.090974 -1776.089687 -1776.089933 -1776.090368 -1776.090767 -1776.091109 -1776.091401 -1776.091657 -1776.091888 -1776.092102 -1776.092306 -1776.092507 -1776.092712 -1776.092931 -1776.093177 -1776.093468 -1776.093834 -1776.094319 -1776.094999 -1776.095998 -1776.097534 -1776.099994 -1776.104100 -1776.111231 -1776.124101 -1776.148203 -1776.195000 -1776.289501 -1776.489634 -1776.939127 -1778.021404 -1780.847779 -1788.974895 -1815.093439 -9999.0 -9999.0
-9999.0 -9999.0 769.827875 670.799368 571.607176 472.278497 372.882941 273.458519 174.024851 74.592339 -24.831546 -124.242732 -223.639594 -323.011887 -422.341038 -521.597052 -620.725866 -719.640698 -818.629601 -917.475945 -1016.108406 -1114.393047 -1209.826690 -1301.472962 -1387.210357 -1464.915659 -1532.906704 -1590.273392 -1636.994734 -1673.827666 -1702.046514 -1723.149350 -1738.620278 -1749.782601 -1757.735734 -1763.352269 -1767.319121 -1770.244989 -1772.942319 -1776.941243 -1783.539449 -1785.307256 -1905.364004 -4086.431804 -4181.771326 -4179.724303 -4177.830645 -4177.506779 -4177.472213 -4177.474160 -4177.479061 -4177.477980 -4177.470447 -4177.457885 -4177.431409 -4177.374752 -4177.263309 -4177.129775 -4177.453532 -4177.089857 -3983.501690 -1678.416807 -1742.281853 -1775.654499 -1777.143949 -1776.419353 -1776.159207 -1776.101330 -1776.090974 -1776.089687 -1776.089933 -1776.090368 -1776.090768 -1776.091109 -1776.091401 -1776.091657 -1776.091888 -1776.092102 -1776.092306 -1776.092507 -1776.092712 -1776.092931 -1776.093177 -1776.093469 -1776.093834 -1776.094319 -1776.094999 -1776.095998 -1776.097534 -1776.099994 -1776.104100 -1776.111231 -1776.124101 -1776.148203 -1776.195000 -1776.289501 -1776.489634 -1776.939127 -1778.021404 -1780.847779 -1788.974895 -1815.093439 -9999.0 -9999.0
-9999.0 -9999.0 -9999.0 -9999.0 -9999.0 -9999.0 -9999.0 -9999.0 -9999.0 -9999.0 -9999.0 -9999.0 -9999.0 -9999.0 -9999.0 -9999.0 -9999.0 -9999.0 -9999.0 -9999.0 -9999.0 -9999.0 -9999.0 -9999.0 -9999.0 -9999.0 -9999.0 -9999.0 -9999.0 -9999.0 -9999.0 -9999.0 -9999.0 -9999.0 -9999.0 -9999.0 -9999.0 -9999.0 -9999.0 -9999.0 -9999.0 -9999.0 -9999.0 -9999.0 -9999.0 -9999.0 -9999.0 -9999.0 -9999.0 -9999.0 -9999.0 -9999.0 -9999.0 -9999.0 -9999.0 -9999.0 -9999.0 -9999.0 -9999.0 -9999.0 -9999.0 -9999.0 -9999.0 -9999.0 -9999.0 -9999.0 -9999.0 -9999.0 -9999.0 -9999.0 -9999.0 -9999.0 -9999.0 -9999.0 -9999.0 -9999.0 -9999.0 -9999.0 -9999.0 -9999.0 -9999.0 -9999.0 -9999.0 -9999.0 -9999.0 -9999.0 -9999.0 -9999.0 -9999.0 -9999.0 -9999.0 -9999.0 -9999.0 -9999.0 -9999.0 -9999.0 -9999.0 -9999.0 -9999.0 -9999.0 -9999.0 -9999.0 -9999.0 -9999.0
-9999.0 -9999.0 -9999.0 -9999.0 -9999.0 -9999.0 -9999.0 -9999.0 -9999.0 -9999.0 -9999.0 -9999.0 -9999.0 -9999.0 -9999.0 -9999.0 -9999.0 -9999.0 -9999.0 -9999.0 -9999.0 -9999.0 -9999.0 -9999.0 -9999.0 -9999.0 -9999.0 -9999.0 -9999.0 -9999.0 -9999.0 -9999.0 -9999.0 -9999.0 -9999.0 -9999.0 -9999.0 -9999.0 -9999.0 -9999.0 -9999.0 -9999.0 -9999.0 -9999.0 -9999.0 -9999.0 -9999.0 -9999.0 -9999.0 -9999.0 -9999.0 -9999.0 -9999.0 -9999.0 -9999.0 -9999.0 -9999.0 -9999.0 -9999.0 -9999.0 -9999.0 -9999.0 -9999.0 -9999.0 -9999.0 -9999.0 -9999.0 -9999.0 -9999.0 -9999.0 -9999.0 -9999.0 -9999.0 -9999.0 -9999.0 -9999.0 -9999.0 -9999.0 -9999.0 -9999.0 -9999.0 -9999.0 -9999.0 -9999.0 -9999.0 -9999.0 -9999.0 -9999.0 -9999.0 -9999.0 -9999.0 -9999.0 -9999.0 -9999.0 -9999.0 -9999.0 -9999.0 -9999.0 -9999.0 -9999.0 -9999.0 -9999.0 -9999.0 -9999.0