inst/processing_geotop_simulation/geotop_simulation/out/maps3D/PwL0015N0264.asc
ncols         104
nrows         10
xllcorner     -2.000000
yllcorner     0.000000
cellsize      1.000000
NODATA_value  -9999.0
-9999.0 -9999.0 -9999.0 -9999.0 -9999.0 -9999.0 -9999.0 -9999.0 -9999.0 -9999.0 -9999.0 -9999.0 -9999.0 -9999.0 -9999.0 -9999.0 -9999.0 -9999.0 -9999.0 -9999.0 -9999.0 -9999.0 -9999.0 -9999.0 -9999.0 -9999.0 -9999.0 -9999.0 -9999.0 -9999.0 -9999.0 -9999.0 -9999.0 -9999.0 -9999.0 -9999.0 -9999.0 -9999.0 -9999.0 -9999.0 -9999.0 -9999.0 -9999.0 -9999.0 -9999.0 -9999.0 -9999.0 -9999.0 -9999.0 -9999.0 -9999.0 -9999.0 -9999.0 -9999.0 -9999.0 -9999.0 -9999.0 -9999.0 -9999.0 -9999.0 -9999.0 -9999.0 -9999.0 -9999.0 -9999.0 -9999.0 -9999.0 -9999.0 -9999.0 -9999.0 -9999.0 -9999.0 -9999.0 -9999.0 -9999.0 -9999.0 -9999.0 -9999.0 -9999.0 -9999.0 -9999.0 -9999.0 -9999.0 -9999.0 -9999.0 -9999.0 -9999.0 -9999.0 -9999.0 -9999.0 -9999.0 -9999.0 -9999.0 -9999.0 -9999.0 -9999.0 -9999.0 -9999.0 -9999.0 -9999.0 -9999.0 -9999.0 -9999.0 -9999.0
-9999.0 -9999.0 -9999.0 -9999.0 -9999.0 -9999.0 -9999.0 -9999.0 -9999.0 -9999.0 -9999.0 -9999.0 -9999.0 -9999.0 -9999.0 -9999.0 -9999.0 -9999.0 -9999.0 -9999.0 -9999.0 -9999.0 -9999.0 -9999.0 -9999.0 -9999.0 -9999.0 -9999.0 -9999.0 -9999.0 -9999.0 -9999.0 -9999.0 -9999.0 -9999.0 -9999.0 -9999.0 -9999.0 -9999.0 -9999.0 -9999.0 -9999.0 -9999.0 -9999.0 -9999.0 -9999.0 -9999.0 -9999.0 -9999.0 -9999.0 -9999.0 -9999.0 -9999.0 -9999.0 -9999.0 -9999.0 -9999.0 -9999.0 -9999.0 -9999.0 -9999.0 -9999.0 -9999.0 -9999.0 -9999.0 -9999.0 -9999.0 -9999.0 -9999.0 -9999.0 -9999.0 -9999.0 -9999.0 -9999.0 -9999.0 -9999.0 -9999.0 -9999.0 -9999.0 -9999.0 -9999.0 -9999.0 -9999.0 -9999.0 -9999.0 -9999.0 -9999.0 -9999.0 -9999.0 -9999.0 -9999.0 -9999.0 -9999.0 -9999.0 -9999.0 -9999.0 -9999.0 -9999.0 -9999.0 -9999.0 -9999.0 -9999.0 -9999.0 -9999.0
-9999.0 -9999.0 724.022593 626.624282 528.727020 430.457433 332.009537 233.484546 134.933816 36.384844 -62.141192 -160.636991 -259.078320 -357.406443 -455.509408 -553.213874 -650.211801 -746.814413 -843.507462 -939.694835 -1035.158984 -1126.814516 -1210.079100 -1284.136370 -1347.172852 -1398.557452 -1438.810958 -1469.266842 -1491.642267 -1507.686683 -1518.967269 -1526.775436 -1532.114790 -1535.732595 -1538.168183 -1539.804173 -1540.918642 -1541.767252 -1542.855733 -1545.995143 -1557.496014 -1599.896378 -2005.089907 -4185.435553 -4232.638874 -4232.596494 -4232.553184 -4232.546059 -4232.545320 -4232.545398 -4232.545591 -4232.545796 -4232.545993 -4232.546174 -4232.546339 -4232.546524 -4232.547073 -4232.550991 -4232.575981 -4232.606278 -4153.211478 -1852.184332 -1562.515462 -1549.739301 -1544.718244 -1543.472108 -1543.240740 -1543.203161 -1543.197790 -1543.197601 -1543.198172 -1543.198749 -1543.199216 -1543.199580 -1543.199862 -1543.200084 -1543.200263 -1543.200410 -1543.200536 -1543.200650 -1543.200762 -1543.200887 -1543.201041 -1543.201252 -1543.201557 -1543.202020 -1543.202743 -1543.203895 -1543.205767 -1543.208873 -1543.214153 -1543.223382 -1543.240013 -1543.270902 -1543.329973 -1543.446320 -1543.683795 -1544.192582 -1545.353365 -1548.205736 -1555.916835 -1580.103395 -9999.0 -9999.0
-9999.0 -9999.0 724.026920 626.625729 528.727460 430.457572 332.009582 233.484562 134.933821 36.384846 -62.141191 -160.636991 -259.078320 -357.406443 -455.509408 -553.213874 -650.211801 -746.814413 -843.507463 -939.694835 -1035.158984 -1126.814516 -1210.079101 -1284.136371 -1347.172852 -1398.557452 -1438.810958 -1469.266842 -1491.642267 -1507.686684 -1518.967269 -1526.775436 -1532.114790 -1535.732595 -1538.168183 -1539.804173 -1540.918642 -1541.767252 -1542.855733 -1545.995143 -1557.496014 -1599.896378 -2005.089907 -4185.435553 -4232.638874 -4232.596494 -4232.553184 -4232.546059 -4232.545320 -4232.545398 -4232.545591 -4232.545796 -4232.545993 -4232.546174 -4232.546339 -4232.546524 -4232.547073 -4232.550991 -4232.575981 -4232.606278 -4153.211478 -1852.184332 -1562.515462 -1549.739301 -1544.718244 -1543.472108 -1543.240740 -1543.203161 -1543.197790 -1543.197601 -1543.198172 -1543.198749 -1543.199216 -1543.199580 -1543.199862 -1543.200084 -1543.200263 -1543.200410 -1543.200536 -1543.200650 -1543.200762 -1543.200887 -1543.201041 -1543.201252 -1543.201557 -1543.202020 -1543.202743 -1543.203895 -1543.205767 -1543.208873 -1543.214153 -1543.223382 -1543.240013 -1543.270902 -1543.329973 -1543.446320 -1543.683795 -1544.192582 -1545.353365 -1548.205736 -1555.916835 -1580.103395 -9999.0 -9999.0
-9999.0 -9999.0 724.028284 626.626444 528.727754 430.457682 332.009622 233.484576 134.933827 36.384848 -62.141190 -160.636991 -259.078320 -357.406443 -455.509409 -553.213874 -650.211802 -746.814413 -843.507463 -939.694835 -1035.158984 -1126.814517 -1210.079101 -1284.136371 -1347.172852 -1398.557452 -1438.810958 -1469.266842 -1491.642267 -1507.686684 -1518.967269 -1526.775436 -1532.114790 -1535.732595 -1538.168183 -1539.804173 -1540.918642 -1541.767252 -1542.855733 -1545.995143 -1557.496014 -1599.896378 -2005.089907 -4185.435553 -4232.638874 -4232.596494 -4232.553184 -4232.546059 -4232.545320 -4232.545398 -4232.545591 -4232.545796 -4232.545993 -4232.546174 -4232.546339 -4232.546524 -4232.547073 -4232.550991 -4232.575981 -4232.606278 -4153.211478 -1852.184332 -1562.515462 -1549.739301 -1544.718244 -1543.472108 -1543.240740 -1543.203161 -1543.197790 -1543.197601 -1543.198172 -1543.198749 -1543.199216 -1543.199580 -1543.199862 -1543.200084 -1543.200263 -1543.200410 -1543.200536 -1543.200650 -1543.200762 -1543.200887 -1543.201041 -1543.201252 -1543.201557 -1543.202020 -1543.202743 -1543.203895 -1543.205767 -1543.208873 -1543.214153 -1543.223382 -1543.240013 -1543.270902 -1543.329973 -1543.446320 -1543.683795 -1544.192582 -1545.353365 -1548.205736 -1555.916835 -1580.103395 -9999.0 -9999.0
-9999.0 -9999.0 724.028284 626.626444 528.727754 430.457682 332.009622 233.484576 134.933827 36.384848 -62.141190 -160.636991 -259.078320 -357.406443 -455.509409 -553.213874 -650.211802 -746.814413 -843.507463 -939.694835 -1035.158984 -1126.814517 -1210.079101 -1284.136371 -1347.172852 -1398.557452 -1438.810958 -1469.266842 -1491.642267 -1507.686684 -1518.967269 -1526.775436 -1532.114790 -1535.732595 -1538.168183 -1539.804173 -1540.918642 -1541.767252 -1542.855733 -1545.995143 -1557.496014 -1599.896378 -2005.089907 -4185.435553 -4232.638874 -4232.596494 -4232.553184 -4232.546059 -4232.545320 -4232.545398 -4232.545591 -4232.545796 -4232.545993 -4232.546174 -4232.546339 -4232.546524 -4232.547073 -4232.550991 -4232.575981 -4232.606278 -4153.211478 -1852.184332 -1562.515462 -1549.739301 -1544.718244 -1543.472108 -1543.240740 -1543.203161 -1543.197790 -1543.197601 -1543.198172 -1543.198749 -1543.199216 -1543.199580 -1543.199862 -1543.200084 -1543.200263 -1543.200410 -1543.200536 -1543.200650 -1543.200762 -1543.200887 -1543.201041 -1543.201252 -1543.201557 -1543.202020 -1543.202743 -1543.203895 -1543.205767 -1543.208873 -1543.214153 -1543.223382 -1543.240013 -1543.270902 -1543.329973 -1543.446320 -1543.683795 -1544.192582 -1545.353365 -1548.205736 -1555.916835 -1580.103395 -9999.0 -9999.0
-9999.0 -9999.0 724.026920 626.625729 528.727460 430.457572 332.009582 233.484562 134.933821 36.384846 -62.141191 -160.636991 -259.078320 -357.406443 -455.509408 -553.213874 -650.211801 -746.814413 -843.507463 -939.694835 -1035.158984 -1126.814516 -1210.079101 -1284.136371 -1347.172852 -1398.557452 -1438.810958 -1469.266842 -1491.642267 -1507.686684 -1518.967269 -1526.775436 -1532.114790 -1535.732595 -1538.168183 -1539.804173 -1540.918642 -1541.767252 -1542.855733 -1545.995143 -1557.496014 -1599.896378 -2005.089907 -4185.435553 -4232.638874 -4232.596494 -4232.553184 -4232.546059 -4232.545320 -4232.545398 -4232.545591 -4232.545796 -4232.545993 -4232.546174 -4232.546339 -4232.546524 -4232.547073 -4232.550991 -4232.575981 -4232.606278 -4153.211478 -1852.184332 -1562.515462 -1549.739301 -1544.718244 -1543.472108 -1543.240740 -1543.203161 -1543.197790 -1543.197601 -1543.198172 -1543.198749 -1543.199216 -1543.199580 -1543.199862 -1543.200084 -1543.200263 -1543.200410 -1543.200536 -1543.200650 -1543.200762 -1543.200887 -1543.201041 -1543.201252 -1543.201557 -1543.202020 -1543.202743 -1543.203895 -1543.205767 -1543.208873 -1543.214153 -1543.223382 -1543.240013 -1543.270902 -1543.329973 -1543.446320 -1543.683795 -1544.192582 -1545.353365 -1548.205736 -1555.916835 -1580.103395 -9999.0 -9999.0
-9999.0 -9999.0 724.022593 626.624282 528.727020 430.457433 332.009537 233.484546 134.933816 36.384844 -62.141192 -160.636991 -259.078320 -357.406443 -455.509408 -553.213874 -650.211801 -746.814413 -843.507462 -939.694835 -1035.158984 -1126.814516 -1210.079100 -1284.136370 -1347.172852 -1398.557452 -1438.810958 -1469.266842 -1491.642267 -1507.686683 -1518.967269 -1526.775436 -1532.114790 -1535.732595 -1538.168183 -1539.804173 -1540.918642 -1541.767252 -1542.855733 -1545.995143 -1557.496014 -1599.896378 -2005.089907 -4185.435553 -4232.638874 -4232.596494 -4232.553184 -4232.546059 -4232.545320 -4232.545398 -4232.545591 -4232.545796 -4232.545993 -4232.546174 -4232.546339 -4232.546524 -4232.547073 -4232.550991 -4232.575981 -4232.606278 -4153.211478 -1852.184332 -1562.515462 -1549.739301 -1544.718244 -1543.472108 -1543.240740 -1543.203161 -1543.197790 -1543.197601 -1543.198172 -1543.198749 -1543.199216 -1543.199580 -1543.199862 -1543.200084 -1543.200263 -1543.200410 -1543.200536 -1543.200650 -1543.200762 -1543.200887 -1543.201041 -1543.201252 -1543.201557 -1543.202020 -1543.202743 -1543.203895 -1543.205767 -1543.208873 -1543.214153 -1543.223382 -1543.240013 -1543.270902 -1543.329973 -1543.446320 -1543.683795 -1544.192582 -1545.353365 -1548.205736 -1555.916835 -1580.103395 -9999.0 -9999.0
-9999.0 -9999.0 -9999.0 -9999.0 -9999.0 -9999.0 -9999.0 -9999.0 -9999.0 -9999.0 -9999.0 -9999.0 -9999.0 -9999.0 -9999.0 -9999.0 -9999.0 -9999.0 -9999.0 -9999.0 -9999.0 -9999.0 -9999.0 -9999.0 -9999.0 -9999.0 -9999.0 -9999.0 -9999.0 -9999.0 -9999.0 -9999.0 -9999.0 -9999.0 -9999.0 -9999.0 -9999.0 -9999.0 -9999.0 -9999.0 -9999.0 -9999.0 -9999.0 -9999.0 -9999.0 -9999.0 -9999.0 -9999.0 -9999.0 -9999.0 -9999.0 -9999.0 -9999.0 -9999.0 -9999.0 -9999.0 -9999.0 -9999.0 -9999.0 -9999.0 -9999.0 -9999.0 -9999.0 -9999.0 -9999.0 -9999.0 -9999.0 -9999.0 -9999.0 -9999.0 -9999.0 -9999.0 -9999.0 -9999.0 -9999.0 -9999.0 -9999.0 -9999.0 -9999.0 -9999.0 -9999.0 -9999.0 -9999.0 -9999.0 -9999.0 -9999.0 -9999.0 -9999.0 -9999.0 -9999.0 -9999.0 -9999.0 -9999.0 -9999.0 -9999.0 -9999.0 -9999.0 -9999.0 -9999.0 -9999.0 -9999.0 -9999.0 -9999.0 -9999.0
-9999.0 -9999.0 -9999.0 -9999.0 -9999.0 -9999.0 -9999.0 -9999.0 -9999.0 -9999.0 -9999.0 -9999.0 -9999.0 -9999.0 -9999.0 -9999.0 -9999.0 -9999.0 -9999.0 -9999.0 -9999.0 -9999.0 -9999.0 -9999.0 -9999.0 -9999.0 -9999.0 -9999.0 -9999.0 -9999.0 -9999.0 -9999.0 -9999.0 -9999.0 -9999.0 -9999.0 -9999.0 -9999.0 -9999.0 -9999.0 -9999.0 -9999.0 -9999.0 -9999.0 -9999.0 -9999.0 -9999.0 -9999.0 -9999.0 -9999.0 -9999.0 -9999.0 -9999.0 -9999.0 -9999.0 -9999.0 -9999.0 -9999.0 -9999.0 -9999.0 -9999.0 -9999.0 -9999.0 -9999.0 -9999.0 -9999.0 -9999.0 -9999.0 -9999.0 -9999.0 -9999.0 -9999.0 -9999.0 -9999.0 -9999.0 -9999.0 -9999.0 -9999.0 -9999.0 -9999.0 -9999.0 -9999.0 -9999.0 -9999.0 -9999.0 -9999.0 -9999.0 -9999.0 -9999.0 -9999.0 -9999.0 -9999.0 -9999.0 -9999.0 -9999.0 -9999.0 -9999.0 -9999.0 -9999.0 -9999.0 -9999.0 -9999.0 -9999.0 -9999.0