inst/processing_geotop_simulation/geotop_simulation/out/maps3D/PwL0007N0172.asc
ncols         104
nrows         10
xllcorner     -2.000000
yllcorner     0.000000
cellsize      1.000000
NODATA_value  -9999.0
-9999.0 -9999.0 -9999.0 -9999.0 -9999.0 -9999.0 -9999.0 -9999.0 -9999.0 -9999.0 -9999.0 -9999.0 -9999.0 -9999.0 -9999.0 -9999.0 -9999.0 -9999.0 -9999.0 -9999.0 -9999.0 -9999.0 -9999.0 -9999.0 -9999.0 -9999.0 -9999.0 -9999.0 -9999.0 -9999.0 -9999.0 -9999.0 -9999.0 -9999.0 -9999.0 -9999.0 -9999.0 -9999.0 -9999.0 -9999.0 -9999.0 -9999.0 -9999.0 -9999.0 -9999.0 -9999.0 -9999.0 -9999.0 -9999.0 -9999.0 -9999.0 -9999.0 -9999.0 -9999.0 -9999.0 -9999.0 -9999.0 -9999.0 -9999.0 -9999.0 -9999.0 -9999.0 -9999.0 -9999.0 -9999.0 -9999.0 -9999.0 -9999.0 -9999.0 -9999.0 -9999.0 -9999.0 -9999.0 -9999.0 -9999.0 -9999.0 -9999.0 -9999.0 -9999.0 -9999.0 -9999.0 -9999.0 -9999.0 -9999.0 -9999.0 -9999.0 -9999.0 -9999.0 -9999.0 -9999.0 -9999.0 -9999.0 -9999.0 -9999.0 -9999.0 -9999.0 -9999.0 -9999.0 -9999.0 -9999.0 -9999.0 -9999.0 -9999.0 -9999.0
-9999.0 -9999.0 -9999.0 -9999.0 -9999.0 -9999.0 -9999.0 -9999.0 -9999.0 -9999.0 -9999.0 -9999.0 -9999.0 -9999.0 -9999.0 -9999.0 -9999.0 -9999.0 -9999.0 -9999.0 -9999.0 -9999.0 -9999.0 -9999.0 -9999.0 -9999.0 -9999.0 -9999.0 -9999.0 -9999.0 -9999.0 -9999.0 -9999.0 -9999.0 -9999.0 -9999.0 -9999.0 -9999.0 -9999.0 -9999.0 -9999.0 -9999.0 -9999.0 -9999.0 -9999.0 -9999.0 -9999.0 -9999.0 -9999.0 -9999.0 -9999.0 -9999.0 -9999.0 -9999.0 -9999.0 -9999.0 -9999.0 -9999.0 -9999.0 -9999.0 -9999.0 -9999.0 -9999.0 -9999.0 -9999.0 -9999.0 -9999.0 -9999.0 -9999.0 -9999.0 -9999.0 -9999.0 -9999.0 -9999.0 -9999.0 -9999.0 -9999.0 -9999.0 -9999.0 -9999.0 -9999.0 -9999.0 -9999.0 -9999.0 -9999.0 -9999.0 -9999.0 -9999.0 -9999.0 -9999.0 -9999.0 -9999.0 -9999.0 -9999.0 -9999.0 -9999.0 -9999.0 -9999.0 -9999.0 -9999.0 -9999.0 -9999.0 -9999.0 -9999.0
-9999.0 -9999.0 331.798840 240.414574 145.660766 49.663000 -46.816432 -143.492679 -240.219410 -336.877758 -433.332729 -529.296304 -624.203552 -718.088937 -812.135610 -906.125844 -1000.049074 -1093.077151 -1183.802352 -1268.541715 -1340.270410 -1396.138459 -1436.786501 -1464.965720 -1483.956421 -1496.607503 -1505.027777 -1510.646650 -1514.398828 -1516.896970 -1518.551082 -1519.639425 -1520.351398 -1520.814982 -1521.115819 -1521.312525 -1521.452079 -1521.596080 -1521.952624 -1523.730106 -1532.519599 -1555.694785 -1130.034738 -1182.311371 -1152.406262 -1134.059724 -1125.591742 -1124.452594 -1124.337045 -1124.351040 -1124.383828 -1124.418883 -1124.452537 -1124.483680 -1124.512454 -1124.544771 -1124.638773 -1125.290031 -1129.678192 -1139.648784 -1155.151364 -1085.228523 -1530.432345 -1527.538576 -1522.824376 -1521.927384 -1521.789638 -1521.768525 -1521.765979 -1521.766612 -1521.767642 -1521.768538 -1521.769236 -1521.769766 -1521.770171 -1521.770484 -1521.770732 -1521.770932 -1521.771099 -1521.771247 -1521.771391 -1521.771550 -1521.771751 -1521.772030 -1521.772442 -1521.773075 -1521.774070 -1521.775663 -1521.778247 -1521.782512 -1521.789702 -1521.802136 -1521.824273 -1521.864882 -1521.941452 -1522.089292 -1522.381294 -1522.975583 -1524.243605 -1527.141308 -1534.442905 -1556.521650 -9999.0 -9999.0
-9999.0 -9999.0 331.807411 240.416657 145.661319 49.663164 -46.816380 -143.492662 -240.219404 -336.877756 -433.332729 -529.296304 -624.203552 -718.088937 -812.135610 -906.125844 -1000.049074 -1093.077152 -1183.802352 -1268.541715 -1340.270410 -1396.138459 -1436.786501 -1464.965720 -1483.956422 -1496.607503 -1505.027777 -1510.646650 -1514.398828 -1516.896970 -1518.551082 -1519.639425 -1520.351398 -1520.814982 -1521.115819 -1521.312525 -1521.452079 -1521.596080 -1521.952624 -1523.730106 -1532.519599 -1555.694785 -1130.034737 -1182.311371 -1152.406262 -1134.059723 -1125.591742 -1124.452594 -1124.337045 -1124.351040 -1124.383828 -1124.418883 -1124.452537 -1124.483680 -1124.512454 -1124.544771 -1124.638773 -1125.290031 -1129.678192 -1139.648784 -1155.151364 -1085.228523 -1530.432345 -1527.538576 -1522.824376 -1521.927384 -1521.789638 -1521.768525 -1521.765979 -1521.766612 -1521.767642 -1521.768538 -1521.769236 -1521.769766 -1521.770171 -1521.770484 -1521.770732 -1521.770932 -1521.771099 -1521.771247 -1521.771391 -1521.771550 -1521.771751 -1521.772030 -1521.772442 -1521.773075 -1521.774070 -1521.775663 -1521.778247 -1521.782512 -1521.789702 -1521.802136 -1521.824273 -1521.864882 -1521.941452 -1522.089292 -1522.381294 -1522.975583 -1524.243605 -1527.141308 -1534.442905 -1556.521650 -9999.0 -9999.0
-9999.0 -9999.0 331.809034 240.417540 145.661672 49.663293 -46.816335 -143.492646 -240.219398 -336.877754 -433.332728 -529.296303 -624.203552 -718.088937 -812.135610 -906.125844 -1000.049075 -1093.077152 -1183.802352 -1268.541715 -1340.270410 -1396.138459 -1436.786501 -1464.965720 -1483.956422 -1496.607503 -1505.027777 -1510.646650 -1514.398828 -1516.896970 -1518.551082 -1519.639425 -1520.351398 -1520.814982 -1521.115819 -1521.312525 -1521.452079 -1521.596080 -1521.952624 -1523.730106 -1532.519599 -1555.694785 -1130.034737 -1182.311371 -1152.406262 -1134.059723 -1125.591742 -1124.452594 -1124.337045 -1124.351040 -1124.383828 -1124.418883 -1124.452537 -1124.483680 -1124.512454 -1124.544771 -1124.638773 -1125.290031 -1129.678192 -1139.648784 -1155.151364 -1085.228523 -1530.432345 -1527.538576 -1522.824376 -1521.927384 -1521.789638 -1521.768525 -1521.765979 -1521.766612 -1521.767642 -1521.768538 -1521.769236 -1521.769766 -1521.770171 -1521.770484 -1521.770732 -1521.770932 -1521.771099 -1521.771247 -1521.771391 -1521.771550 -1521.771751 -1521.772030 -1521.772442 -1521.773075 -1521.774070 -1521.775663 -1521.778247 -1521.782512 -1521.789702 -1521.802136 -1521.824273 -1521.864882 -1521.941452 -1522.089292 -1522.381294 -1522.975583 -1524.243605 -1527.141308 -1534.442905 -1556.521650 -9999.0 -9999.0
-9999.0 -9999.0 331.809034 240.417540 145.661672 49.663293 -46.816335 -143.492646 -240.219398 -336.877754 -433.332728 -529.296303 -624.203552 -718.088937 -812.135610 -906.125844 -1000.049075 -1093.077152 -1183.802352 -1268.541715 -1340.270410 -1396.138459 -1436.786501 -1464.965720 -1483.956422 -1496.607503 -1505.027777 -1510.646650 -1514.398828 -1516.896970 -1518.551082 -1519.639425 -1520.351398 -1520.814982 -1521.115819 -1521.312525 -1521.452079 -1521.596080 -1521.952624 -1523.730106 -1532.519599 -1555.694785 -1130.034737 -1182.311371 -1152.406262 -1134.059723 -1125.591742 -1124.452594 -1124.337045 -1124.351040 -1124.383828 -1124.418883 -1124.452537 -1124.483680 -1124.512454 -1124.544771 -1124.638773 -1125.290031 -1129.678192 -1139.648784 -1155.151364 -1085.228523 -1530.432345 -1527.538576 -1522.824376 -1521.927384 -1521.789638 -1521.768525 -1521.765979 -1521.766612 -1521.767642 -1521.768538 -1521.769236 -1521.769766 -1521.770171 -1521.770484 -1521.770732 -1521.770932 -1521.771099 -1521.771247 -1521.771391 -1521.771550 -1521.771751 -1521.772030 -1521.772442 -1521.773075 -1521.774070 -1521.775663 -1521.778247 -1521.782512 -1521.789702 -1521.802136 -1521.824273 -1521.864882 -1521.941452 -1522.089292 -1522.381294 -1522.975583 -1524.243605 -1527.141308 -1534.442905 -1556.521650 -9999.0 -9999.0
-9999.0 -9999.0 331.807411 240.416657 145.661319 49.663164 -46.816380 -143.492662 -240.219404 -336.877756 -433.332728 -529.296304 -624.203552 -718.088937 -812.135610 -906.125844 -1000.049074 -1093.077152 -1183.802352 -1268.541715 -1340.270410 -1396.138459 -1436.786501 -1464.965720 -1483.956422 -1496.607503 -1505.027777 -1510.646650 -1514.398828 -1516.896970 -1518.551082 -1519.639425 -1520.351398 -1520.814982 -1521.115819 -1521.312525 -1521.452079 -1521.596080 -1521.952624 -1523.730106 -1532.519599 -1555.694785 -1130.034737 -1182.311371 -1152.406262 -1134.059723 -1125.591742 -1124.452594 -1124.337045 -1124.351040 -1124.383828 -1124.418883 -1124.452537 -1124.483680 -1124.512454 -1124.544771 -1124.638773 -1125.290031 -1129.678192 -1139.648784 -1155.151364 -1085.228523 -1530.432345 -1527.538576 -1522.824376 -1521.927384 -1521.789638 -1521.768525 -1521.765979 -1521.766612 -1521.767642 -1521.768538 -1521.769236 -1521.769766 -1521.770171 -1521.770484 -1521.770732 -1521.770932 -1521.771099 -1521.771247 -1521.771391 -1521.771550 -1521.771751 -1521.772030 -1521.772442 -1521.773075 -1521.774070 -1521.775663 -1521.778247 -1521.782512 -1521.789702 -1521.802136 -1521.824273 -1521.864882 -1521.941452 -1522.089292 -1522.381294 -1522.975583 -1524.243605 -1527.141308 -1534.442905 -1556.521650 -9999.0 -9999.0
-9999.0 -9999.0 331.798840 240.414574 145.660766 49.663000 -46.816433 -143.492679 -240.219410 -336.877758 -433.332729 -529.296304 -624.203553 -718.088937 -812.135610 -906.125844 -1000.049074 -1093.077151 -1183.802352 -1268.541715 -1340.270410 -1396.138459 -1436.786501 -1464.965720 -1483.956421 -1496.607503 -1505.027777 -1510.646650 -1514.398828 -1516.896970 -1518.551082 -1519.639425 -1520.351398 -1520.814982 -1521.115819 -1521.312525 -1521.452079 -1521.596080 -1521.952624 -1523.730106 -1532.519599 -1555.694785 -1130.034738 -1182.311371 -1152.406262 -1134.059724 -1125.591742 -1124.452594 -1124.337045 -1124.351040 -1124.383828 -1124.418883 -1124.452537 -1124.483680 -1124.512454 -1124.544771 -1124.638773 -1125.290031 -1129.678192 -1139.648784 -1155.151364 -1085.228523 -1530.432345 -1527.538576 -1522.824376 -1521.927384 -1521.789638 -1521.768525 -1521.765979 -1521.766612 -1521.767642 -1521.768538 -1521.769236 -1521.769766 -1521.770171 -1521.770484 -1521.770732 -1521.770932 -1521.771099 -1521.771247 -1521.771391 -1521.771550 -1521.771751 -1521.772030 -1521.772442 -1521.773075 -1521.774070 -1521.775663 -1521.778247 -1521.782512 -1521.789702 -1521.802136 -1521.824273 -1521.864882 -1521.941452 -1522.089292 -1522.381294 -1522.975583 -1524.243605 -1527.141308 -1534.442905 -1556.521650 -9999.0 -9999.0
-9999.0 -9999.0 -9999.0 -9999.0 -9999.0 -9999.0 -9999.0 -9999.0 -9999.0 -9999.0 -9999.0 -9999.0 -9999.0 -9999.0 -9999.0 -9999.0 -9999.0 -9999.0 -9999.0 -9999.0 -9999.0 -9999.0 -9999.0 -9999.0 -9999.0 -9999.0 -9999.0 -9999.0 -9999.0 -9999.0 -9999.0 -9999.0 -9999.0 -9999.0 -9999.0 -9999.0 -9999.0 -9999.0 -9999.0 -9999.0 -9999.0 -9999.0 -9999.0 -9999.0 -9999.0 -9999.0 -9999.0 -9999.0 -9999.0 -9999.0 -9999.0 -9999.0 -9999.0 -9999.0 -9999.0 -9999.0 -9999.0 -9999.0 -9999.0 -9999.0 -9999.0 -9999.0 -9999.0 -9999.0 -9999.0 -9999.0 -9999.0 -9999.0 -9999.0 -9999.0 -9999.0 -9999.0 -9999.0 -9999.0 -9999.0 -9999.0 -9999.0 -9999.0 -9999.0 -9999.0 -9999.0 -9999.0 -9999.0 -9999.0 -9999.0 -9999.0 -9999.0 -9999.0 -9999.0 -9999.0 -9999.0 -9999.0 -9999.0 -9999.0 -9999.0 -9999.0 -9999.0 -9999.0 -9999.0 -9999.0 -9999.0 -9999.0 -9999.0 -9999.0
-9999.0 -9999.0 -9999.0 -9999.0 -9999.0 -9999.0 -9999.0 -9999.0 -9999.0 -9999.0 -9999.0 -9999.0 -9999.0 -9999.0 -9999.0 -9999.0 -9999.0 -9999.0 -9999.0 -9999.0 -9999.0 -9999.0 -9999.0 -9999.0 -9999.0 -9999.0 -9999.0 -9999.0 -9999.0 -9999.0 -9999.0 -9999.0 -9999.0 -9999.0 -9999.0 -9999.0 -9999.0 -9999.0 -9999.0 -9999.0 -9999.0 -9999.0 -9999.0 -9999.0 -9999.0 -9999.0 -9999.0 -9999.0 -9999.0 -9999.0 -9999.0 -9999.0 -9999.0 -9999.0 -9999.0 -9999.0 -9999.0 -9999.0 -9999.0 -9999.0 -9999.0 -9999.0 -9999.0 -9999.0 -9999.0 -9999.0 -9999.0 -9999.0 -9999.0 -9999.0 -9999.0 -9999.0 -9999.0 -9999.0 -9999.0 -9999.0 -9999.0 -9999.0 -9999.0 -9999.0 -9999.0 -9999.0 -9999.0 -9999.0 -9999.0 -9999.0 -9999.0 -9999.0 -9999.0 -9999.0 -9999.0 -9999.0 -9999.0 -9999.0 -9999.0 -9999.0 -9999.0 -9999.0 -9999.0 -9999.0 -9999.0 -9999.0 -9999.0 -9999.0