inst/processing_geotop_simulation/geotop_simulation/out/maps3D/PwL0005N0053.asc
ncols         104
nrows         10
xllcorner     -2.000000
yllcorner     0.000000
cellsize      1.000000
NODATA_value  -9999.0
-9999.0 -9999.0 -9999.0 -9999.0 -9999.0 -9999.0 -9999.0 -9999.0 -9999.0 -9999.0 -9999.0 -9999.0 -9999.0 -9999.0 -9999.0 -9999.0 -9999.0 -9999.0 -9999.0 -9999.0 -9999.0 -9999.0 -9999.0 -9999.0 -9999.0 -9999.0 -9999.0 -9999.0 -9999.0 -9999.0 -9999.0 -9999.0 -9999.0 -9999.0 -9999.0 -9999.0 -9999.0 -9999.0 -9999.0 -9999.0 -9999.0 -9999.0 -9999.0 -9999.0 -9999.0 -9999.0 -9999.0 -9999.0 -9999.0 -9999.0 -9999.0 -9999.0 -9999.0 -9999.0 -9999.0 -9999.0 -9999.0 -9999.0 -9999.0 -9999.0 -9999.0 -9999.0 -9999.0 -9999.0 -9999.0 -9999.0 -9999.0 -9999.0 -9999.0 -9999.0 -9999.0 -9999.0 -9999.0 -9999.0 -9999.0 -9999.0 -9999.0 -9999.0 -9999.0 -9999.0 -9999.0 -9999.0 -9999.0 -9999.0 -9999.0 -9999.0 -9999.0 -9999.0 -9999.0 -9999.0 -9999.0 -9999.0 -9999.0 -9999.0 -9999.0 -9999.0 -9999.0 -9999.0 -9999.0 -9999.0 -9999.0 -9999.0 -9999.0 -9999.0
-9999.0 -9999.0 -9999.0 -9999.0 -9999.0 -9999.0 -9999.0 -9999.0 -9999.0 -9999.0 -9999.0 -9999.0 -9999.0 -9999.0 -9999.0 -9999.0 -9999.0 -9999.0 -9999.0 -9999.0 -9999.0 -9999.0 -9999.0 -9999.0 -9999.0 -9999.0 -9999.0 -9999.0 -9999.0 -9999.0 -9999.0 -9999.0 -9999.0 -9999.0 -9999.0 -9999.0 -9999.0 -9999.0 -9999.0 -9999.0 -9999.0 -9999.0 -9999.0 -9999.0 -9999.0 -9999.0 -9999.0 -9999.0 -9999.0 -9999.0 -9999.0 -9999.0 -9999.0 -9999.0 -9999.0 -9999.0 -9999.0 -9999.0 -9999.0 -9999.0 -9999.0 -9999.0 -9999.0 -9999.0 -9999.0 -9999.0 -9999.0 -9999.0 -9999.0 -9999.0 -9999.0 -9999.0 -9999.0 -9999.0 -9999.0 -9999.0 -9999.0 -9999.0 -9999.0 -9999.0 -9999.0 -9999.0 -9999.0 -9999.0 -9999.0 -9999.0 -9999.0 -9999.0 -9999.0 -9999.0 -9999.0 -9999.0 -9999.0 -9999.0 -9999.0 -9999.0 -9999.0 -9999.0 -9999.0 -9999.0 -9999.0 -9999.0 -9999.0 -9999.0
-9999.0 -9999.0 -955.666526 -987.421102 -999.217730 -1005.346835 -1009.019713 -1011.201931 -1012.150271 -1007.231145 -967.450603 -918.846112 -905.108383 -921.478689 -943.892732 -976.530604 -993.031574 -976.965243 -957.084398 -942.679651 -935.746198 -935.413044 -940.118503 -948.300494 -958.512410 -969.436415 -979.909517 -989.059997 -996.436649 -1001.995752 -1005.961267 -1008.667569 -1010.449757 -1011.587816 -1012.291474 -1012.707580 -1012.950557 -1013.179872 -1013.516779 -1013.440623 -1015.117109 -1042.024354 -877.293694 -879.372034 -849.270601 -831.431337 -823.203185 -822.174016 -822.075087 -822.097122 -822.138169 -822.181544 -822.223124 -822.261567 -822.296808 -822.333731 -822.422271 -823.012057 -827.297812 -837.190977 -854.481110 -833.157794 -1028.570745 -1016.214609 -1014.176191 -1013.655122 -1013.535036 -1013.515573 -1013.517441 -1013.522747 -1013.527658 -1013.531518 -1013.534419 -1013.536593 -1013.538243 -1013.539517 -1013.540522 -1013.541326 -1013.541987 -1013.542558 -1013.543100 -1013.543682 -1013.544393 -1013.545363 -1013.546779 -1013.548938 -1013.552311 -1013.557662 -1013.566261 -1013.580265 -1013.603459 -1013.642714 -1013.710956 -1013.833236 -1014.059072 -1014.486943 -1015.311499 -1016.913272 -1020.037644 -1026.211204 -1038.858709 -1066.601736 -9999.0 -9999.0
-9999.0 -9999.0 -955.666466 -987.421033 -999.217679 -1005.346811 -1009.019707 -1011.201931 -1012.150273 -1007.231146 -967.450603 -918.846112 -905.108383 -921.478689 -943.892732 -976.530604 -993.031574 -976.965243 -957.084398 -942.679651 -935.746198 -935.413044 -940.118503 -948.300494 -958.512410 -969.436415 -979.909517 -989.059997 -996.436649 -1001.995752 -1005.961267 -1008.667569 -1010.449757 -1011.587816 -1012.291474 -1012.707580 -1012.950557 -1013.179872 -1013.516779 -1013.440623 -1015.117109 -1042.024354 -877.293694 -879.372034 -849.270601 -831.431337 -823.203185 -822.174016 -822.075087 -822.097122 -822.138169 -822.181544 -822.223124 -822.261567 -822.296808 -822.333731 -822.422271 -823.012057 -827.297812 -837.190977 -854.481110 -833.157794 -1028.570745 -1016.214609 -1014.176191 -1013.655122 -1013.535036 -1013.515573 -1013.517441 -1013.522747 -1013.527658 -1013.531518 -1013.534419 -1013.536593 -1013.538243 -1013.539517 -1013.540522 -1013.541326 -1013.541987 -1013.542558 -1013.543100 -1013.543682 -1013.544393 -1013.545363 -1013.546779 -1013.548938 -1013.552311 -1013.557662 -1013.566261 -1013.580265 -1013.603459 -1013.642714 -1013.710956 -1013.833236 -1014.059072 -1014.486943 -1015.311499 -1016.913272 -1020.037644 -1026.211204 -1038.858709 -1066.601736 -9999.0 -9999.0
-9999.0 -9999.0 -955.666437 -987.420993 -999.217645 -1005.346794 -1009.019701 -1011.201931 -1012.150274 -1007.231147 -967.450603 -918.846112 -905.108383 -921.478689 -943.892732 -976.530604 -993.031574 -976.965243 -957.084398 -942.679651 -935.746198 -935.413044 -940.118503 -948.300494 -958.512410 -969.436415 -979.909517 -989.059997 -996.436649 -1001.995752 -1005.961267 -1008.667569 -1010.449757 -1011.587816 -1012.291474 -1012.707580 -1012.950557 -1013.179872 -1013.516779 -1013.440623 -1015.117109 -1042.024354 -877.293694 -879.372034 -849.270601 -831.431337 -823.203185 -822.174016 -822.075087 -822.097122 -822.138169 -822.181544 -822.223124 -822.261567 -822.296808 -822.333731 -822.422271 -823.012057 -827.297812 -837.190977 -854.481110 -833.157794 -1028.570745 -1016.214609 -1014.176191 -1013.655122 -1013.535036 -1013.515573 -1013.517441 -1013.522747 -1013.527658 -1013.531518 -1013.534419 -1013.536593 -1013.538243 -1013.539517 -1013.540522 -1013.541326 -1013.541987 -1013.542558 -1013.543100 -1013.543682 -1013.544393 -1013.545363 -1013.546779 -1013.548938 -1013.552311 -1013.557662 -1013.566261 -1013.580265 -1013.603459 -1013.642714 -1013.710956 -1013.833236 -1014.059072 -1014.486943 -1015.311499 -1016.913272 -1020.037644 -1026.211204 -1038.858709 -1066.601736 -9999.0 -9999.0
-9999.0 -9999.0 -955.666437 -987.420993 -999.217645 -1005.346794 -1009.019701 -1011.201931 -1012.150274 -1007.231147 -967.450603 -918.846112 -905.108383 -921.478689 -943.892732 -976.530604 -993.031574 -976.965243 -957.084398 -942.679651 -935.746198 -935.413044 -940.118503 -948.300494 -958.512410 -969.436415 -979.909517 -989.059997 -996.436649 -1001.995752 -1005.961267 -1008.667569 -1010.449757 -1011.587816 -1012.291474 -1012.707580 -1012.950557 -1013.179872 -1013.516779 -1013.440623 -1015.117109 -1042.024354 -877.293694 -879.372034 -849.270601 -831.431337 -823.203185 -822.174016 -822.075087 -822.097122 -822.138169 -822.181544 -822.223124 -822.261567 -822.296808 -822.333731 -822.422271 -823.012057 -827.297812 -837.190977 -854.481110 -833.157794 -1028.570745 -1016.214609 -1014.176191 -1013.655122 -1013.535036 -1013.515573 -1013.517441 -1013.522747 -1013.527658 -1013.531518 -1013.534419 -1013.536593 -1013.538243 -1013.539517 -1013.540522 -1013.541326 -1013.541987 -1013.542558 -1013.543100 -1013.543682 -1013.544393 -1013.545363 -1013.546779 -1013.548938 -1013.552311 -1013.557662 -1013.566261 -1013.580265 -1013.603459 -1013.642714 -1013.710956 -1013.833236 -1014.059072 -1014.486943 -1015.311499 -1016.913272 -1020.037644 -1026.211204 -1038.858709 -1066.601736 -9999.0 -9999.0
-9999.0 -9999.0 -955.666466 -987.421033 -999.217679 -1005.346811 -1009.019707 -1011.201931 -1012.150273 -1007.231146 -967.450603 -918.846112 -905.108383 -921.478689 -943.892732 -976.530604 -993.031574 -976.965243 -957.084398 -942.679651 -935.746198 -935.413044 -940.118503 -948.300494 -958.512410 -969.436415 -979.909517 -989.059997 -996.436649 -1001.995752 -1005.961267 -1008.667569 -1010.449757 -1011.587816 -1012.291474 -1012.707580 -1012.950557 -1013.179872 -1013.516779 -1013.440623 -1015.117109 -1042.024354 -877.293694 -879.372034 -849.270601 -831.431337 -823.203185 -822.174016 -822.075087 -822.097122 -822.138169 -822.181544 -822.223124 -822.261567 -822.296808 -822.333731 -822.422271 -823.012057 -827.297812 -837.190977 -854.481110 -833.157794 -1028.570745 -1016.214609 -1014.176191 -1013.655122 -1013.535036 -1013.515573 -1013.517441 -1013.522747 -1013.527658 -1013.531518 -1013.534419 -1013.536593 -1013.538243 -1013.539517 -1013.540522 -1013.541326 -1013.541987 -1013.542558 -1013.543100 -1013.543682 -1013.544393 -1013.545363 -1013.546779 -1013.548938 -1013.552311 -1013.557662 -1013.566261 -1013.580265 -1013.603459 -1013.642714 -1013.710956 -1013.833236 -1014.059072 -1014.486943 -1015.311499 -1016.913272 -1020.037644 -1026.211204 -1038.858709 -1066.601736 -9999.0 -9999.0
-9999.0 -9999.0 -955.666526 -987.421102 -999.217730 -1005.346835 -1009.019713 -1011.201931 -1012.150271 -1007.231145 -967.450603 -918.846112 -905.108383 -921.478689 -943.892732 -976.530604 -993.031574 -976.965243 -957.084398 -942.679651 -935.746198 -935.413044 -940.118503 -948.300494 -958.512410 -969.436415 -979.909517 -989.059997 -996.436649 -1001.995752 -1005.961267 -1008.667569 -1010.449757 -1011.587816 -1012.291474 -1012.707580 -1012.950557 -1013.179872 -1013.516779 -1013.440623 -1015.117109 -1042.024354 -877.293694 -879.372034 -849.270601 -831.431337 -823.203185 -822.174016 -822.075087 -822.097122 -822.138169 -822.181544 -822.223124 -822.261567 -822.296808 -822.333731 -822.422271 -823.012057 -827.297812 -837.190977 -854.481110 -833.157794 -1028.570745 -1016.214609 -1014.176191 -1013.655122 -1013.535036 -1013.515573 -1013.517441 -1013.522747 -1013.527658 -1013.531518 -1013.534419 -1013.536593 -1013.538243 -1013.539517 -1013.540522 -1013.541326 -1013.541987 -1013.542558 -1013.543100 -1013.543682 -1013.544393 -1013.545363 -1013.546779 -1013.548938 -1013.552311 -1013.557662 -1013.566261 -1013.580265 -1013.603459 -1013.642714 -1013.710956 -1013.833236 -1014.059072 -1014.486943 -1015.311499 -1016.913272 -1020.037644 -1026.211204 -1038.858709 -1066.601736 -9999.0 -9999.0
-9999.0 -9999.0 -9999.0 -9999.0 -9999.0 -9999.0 -9999.0 -9999.0 -9999.0 -9999.0 -9999.0 -9999.0 -9999.0 -9999.0 -9999.0 -9999.0 -9999.0 -9999.0 -9999.0 -9999.0 -9999.0 -9999.0 -9999.0 -9999.0 -9999.0 -9999.0 -9999.0 -9999.0 -9999.0 -9999.0 -9999.0 -9999.0 -9999.0 -9999.0 -9999.0 -9999.0 -9999.0 -9999.0 -9999.0 -9999.0 -9999.0 -9999.0 -9999.0 -9999.0 -9999.0 -9999.0 -9999.0 -9999.0 -9999.0 -9999.0 -9999.0 -9999.0 -9999.0 -9999.0 -9999.0 -9999.0 -9999.0 -9999.0 -9999.0 -9999.0 -9999.0 -9999.0 -9999.0 -9999.0 -9999.0 -9999.0 -9999.0 -9999.0 -9999.0 -9999.0 -9999.0 -9999.0 -9999.0 -9999.0 -9999.0 -9999.0 -9999.0 -9999.0 -9999.0 -9999.0 -9999.0 -9999.0 -9999.0 -9999.0 -9999.0 -9999.0 -9999.0 -9999.0 -9999.0 -9999.0 -9999.0 -9999.0 -9999.0 -9999.0 -9999.0 -9999.0 -9999.0 -9999.0 -9999.0 -9999.0 -9999.0 -9999.0 -9999.0 -9999.0
-9999.0 -9999.0 -9999.0 -9999.0 -9999.0 -9999.0 -9999.0 -9999.0 -9999.0 -9999.0 -9999.0 -9999.0 -9999.0 -9999.0 -9999.0 -9999.0 -9999.0 -9999.0 -9999.0 -9999.0 -9999.0 -9999.0 -9999.0 -9999.0 -9999.0 -9999.0 -9999.0 -9999.0 -9999.0 -9999.0 -9999.0 -9999.0 -9999.0 -9999.0 -9999.0 -9999.0 -9999.0 -9999.0 -9999.0 -9999.0 -9999.0 -9999.0 -9999.0 -9999.0 -9999.0 -9999.0 -9999.0 -9999.0 -9999.0 -9999.0 -9999.0 -9999.0 -9999.0 -9999.0 -9999.0 -9999.0 -9999.0 -9999.0 -9999.0 -9999.0 -9999.0 -9999.0 -9999.0 -9999.0 -9999.0 -9999.0 -9999.0 -9999.0 -9999.0 -9999.0 -9999.0 -9999.0 -9999.0 -9999.0 -9999.0 -9999.0 -9999.0 -9999.0 -9999.0 -9999.0 -9999.0 -9999.0 -9999.0 -9999.0 -9999.0 -9999.0 -9999.0 -9999.0 -9999.0 -9999.0 -9999.0 -9999.0 -9999.0 -9999.0 -9999.0 -9999.0 -9999.0 -9999.0 -9999.0 -9999.0 -9999.0 -9999.0 -9999.0 -9999.0