inst/processing_geotop_simulation/geotop_simulation/out/maps3D/PwL0003N0296.asc
ncols         104
nrows         10
xllcorner     -2.000000
yllcorner     0.000000
cellsize      1.000000
NODATA_value  -9999.0
-9999.0 -9999.0 -9999.0 -9999.0 -9999.0 -9999.0 -9999.0 -9999.0 -9999.0 -9999.0 -9999.0 -9999.0 -9999.0 -9999.0 -9999.0 -9999.0 -9999.0 -9999.0 -9999.0 -9999.0 -9999.0 -9999.0 -9999.0 -9999.0 -9999.0 -9999.0 -9999.0 -9999.0 -9999.0 -9999.0 -9999.0 -9999.0 -9999.0 -9999.0 -9999.0 -9999.0 -9999.0 -9999.0 -9999.0 -9999.0 -9999.0 -9999.0 -9999.0 -9999.0 -9999.0 -9999.0 -9999.0 -9999.0 -9999.0 -9999.0 -9999.0 -9999.0 -9999.0 -9999.0 -9999.0 -9999.0 -9999.0 -9999.0 -9999.0 -9999.0 -9999.0 -9999.0 -9999.0 -9999.0 -9999.0 -9999.0 -9999.0 -9999.0 -9999.0 -9999.0 -9999.0 -9999.0 -9999.0 -9999.0 -9999.0 -9999.0 -9999.0 -9999.0 -9999.0 -9999.0 -9999.0 -9999.0 -9999.0 -9999.0 -9999.0 -9999.0 -9999.0 -9999.0 -9999.0 -9999.0 -9999.0 -9999.0 -9999.0 -9999.0 -9999.0 -9999.0 -9999.0 -9999.0 -9999.0 -9999.0 -9999.0 -9999.0 -9999.0 -9999.0
-9999.0 -9999.0 -9999.0 -9999.0 -9999.0 -9999.0 -9999.0 -9999.0 -9999.0 -9999.0 -9999.0 -9999.0 -9999.0 -9999.0 -9999.0 -9999.0 -9999.0 -9999.0 -9999.0 -9999.0 -9999.0 -9999.0 -9999.0 -9999.0 -9999.0 -9999.0 -9999.0 -9999.0 -9999.0 -9999.0 -9999.0 -9999.0 -9999.0 -9999.0 -9999.0 -9999.0 -9999.0 -9999.0 -9999.0 -9999.0 -9999.0 -9999.0 -9999.0 -9999.0 -9999.0 -9999.0 -9999.0 -9999.0 -9999.0 -9999.0 -9999.0 -9999.0 -9999.0 -9999.0 -9999.0 -9999.0 -9999.0 -9999.0 -9999.0 -9999.0 -9999.0 -9999.0 -9999.0 -9999.0 -9999.0 -9999.0 -9999.0 -9999.0 -9999.0 -9999.0 -9999.0 -9999.0 -9999.0 -9999.0 -9999.0 -9999.0 -9999.0 -9999.0 -9999.0 -9999.0 -9999.0 -9999.0 -9999.0 -9999.0 -9999.0 -9999.0 -9999.0 -9999.0 -9999.0 -9999.0 -9999.0 -9999.0 -9999.0 -9999.0 -9999.0 -9999.0 -9999.0 -9999.0 -9999.0 -9999.0 -9999.0 -9999.0 -9999.0 -9999.0
-9999.0 -9999.0 126.533021 30.430215 -67.594629 -166.125172 -264.843668 -363.627932 -462.413483 -561.152440 -659.749912 -758.075527 -856.149797 -953.843348 -1051.390605 -1148.924762 -1245.523584 -1340.729636 -1433.798230 -1523.519202 -1607.320599 -1681.470277 -1743.015958 -1791.198768 -1827.237437 -1853.332697 -1871.813267 -1884.697241 -1893.570290 -1899.617367 -1903.700480 -1906.435361 -1908.255006 -1909.459480 -1910.254276 -1910.780700 -1911.144626 -1911.470550 -1912.110151 -1914.340242 -1919.560830 -1885.145656 -1161.556707 -1163.092681 -1151.462346 -1143.918405 -1140.377226 -1139.840262 -1139.782978 -1139.788968 -1139.804184 -1139.820537 -1139.836255 -1139.850811 -1139.864325 -1139.880058 -1139.928715 -1140.251535 -1142.143049 -1146.351098 -1152.282302 -1142.403147 -1861.815542 -1913.667950 -1912.973205 -1912.093167 -1911.902720 -1911.870593 -1911.865978 -1911.865877 -1911.866438 -1911.866993 -1911.867437 -1911.867780 -1911.868042 -1911.868247 -1911.868410 -1911.868542 -1911.868653 -1911.868752 -1911.868850 -1911.868960 -1911.869098 -1911.869290 -1911.869574 -1911.870011 -1911.870698 -1911.871799 -1911.873593 -1911.876575 -1911.881643 -1911.890495 -1911.906419 -1911.935930 -1911.992156 -1912.102179 -1912.324189 -1912.791770 -1913.838356 -1916.382769 -1923.349895 -1946.200465 -9999.0 -9999.0
-9999.0 -9999.0 126.543495 30.432227 -67.594123 -166.125025 -264.843621 -363.627916 -462.413477 -561.152437 -659.749912 -758.075527 -856.149796 -953.843348 -1051.390605 -1148.924762 -1245.523584 -1340.729637 -1433.798230 -1523.519202 -1607.320599 -1681.470278 -1743.015958 -1791.198768 -1827.237437 -1853.332697 -1871.813267 -1884.697241 -1893.570290 -1899.617367 -1903.700481 -1906.435361 -1908.255006 -1909.459480 -1910.254276 -1910.780700 -1911.144626 -1911.470550 -1912.110151 -1914.340242 -1919.560830 -1885.145656 -1161.556707 -1163.092681 -1151.462346 -1143.918405 -1140.377226 -1139.840262 -1139.782978 -1139.788968 -1139.804184 -1139.820537 -1139.836255 -1139.850811 -1139.864325 -1139.880058 -1139.928715 -1140.251535 -1142.143049 -1146.351098 -1152.282302 -1142.403147 -1861.815542 -1913.667950 -1912.973205 -1912.093167 -1911.902720 -1911.870593 -1911.865978 -1911.865877 -1911.866438 -1911.866993 -1911.867437 -1911.867780 -1911.868042 -1911.868247 -1911.868410 -1911.868542 -1911.868653 -1911.868752 -1911.868850 -1911.868960 -1911.869098 -1911.869290 -1911.869574 -1911.870011 -1911.870698 -1911.871799 -1911.873593 -1911.876575 -1911.881643 -1911.890495 -1911.906419 -1911.935930 -1911.992156 -1912.102179 -1912.324189 -1912.791770 -1913.838356 -1916.382769 -1923.349895 -1946.200465 -9999.0 -9999.0
-9999.0 -9999.0 126.544802 30.433038 -67.593803 -166.124909 -264.843580 -363.627902 -462.413472 -561.152435 -659.749911 -758.075527 -856.149796 -953.843348 -1051.390605 -1148.924762 -1245.523584 -1340.729637 -1433.798230 -1523.519202 -1607.320599 -1681.470278 -1743.015958 -1791.198768 -1827.237437 -1853.332697 -1871.813268 -1884.697241 -1893.570290 -1899.617367 -1903.700481 -1906.435361 -1908.255006 -1909.459480 -1910.254276 -1910.780700 -1911.144626 -1911.470550 -1912.110151 -1914.340242 -1919.560830 -1885.145656 -1161.556707 -1163.092681 -1151.462346 -1143.918405 -1140.377226 -1139.840262 -1139.782978 -1139.788968 -1139.804184 -1139.820537 -1139.836255 -1139.850811 -1139.864325 -1139.880058 -1139.928715 -1140.251535 -1142.143049 -1146.351098 -1152.282302 -1142.403147 -1861.815542 -1913.667950 -1912.973205 -1912.093167 -1911.902720 -1911.870593 -1911.865978 -1911.865877 -1911.866438 -1911.866993 -1911.867437 -1911.867780 -1911.868042 -1911.868247 -1911.868410 -1911.868542 -1911.868653 -1911.868752 -1911.868850 -1911.868960 -1911.869098 -1911.869290 -1911.869574 -1911.870011 -1911.870698 -1911.871799 -1911.873593 -1911.876575 -1911.881643 -1911.890495 -1911.906419 -1911.935930 -1911.992156 -1912.102179 -1912.324189 -1912.791770 -1913.838356 -1916.382769 -1923.349895 -1946.200465 -9999.0 -9999.0
-9999.0 -9999.0 126.544802 30.433038 -67.593803 -166.124909 -264.843580 -363.627902 -462.413472 -561.152435 -659.749911 -758.075527 -856.149796 -953.843348 -1051.390605 -1148.924762 -1245.523584 -1340.729637 -1433.798230 -1523.519202 -1607.320599 -1681.470278 -1743.015958 -1791.198768 -1827.237437 -1853.332697 -1871.813268 -1884.697241 -1893.570290 -1899.617367 -1903.700481 -1906.435361 -1908.255006 -1909.459480 -1910.254276 -1910.780700 -1911.144626 -1911.470550 -1912.110151 -1914.340242 -1919.560830 -1885.145656 -1161.556707 -1163.092681 -1151.462346 -1143.918405 -1140.377226 -1139.840262 -1139.782978 -1139.788968 -1139.804184 -1139.820537 -1139.836255 -1139.850811 -1139.864325 -1139.880058 -1139.928715 -1140.251535 -1142.143049 -1146.351098 -1152.282302 -1142.403147 -1861.815542 -1913.667950 -1912.973205 -1912.093167 -1911.902720 -1911.870593 -1911.865978 -1911.865877 -1911.866438 -1911.866993 -1911.867437 -1911.867780 -1911.868042 -1911.868247 -1911.868410 -1911.868542 -1911.868653 -1911.868752 -1911.868850 -1911.868960 -1911.869098 -1911.869290 -1911.869574 -1911.870011 -1911.870698 -1911.871799 -1911.873593 -1911.876575 -1911.881643 -1911.890495 -1911.906419 -1911.935930 -1911.992156 -1912.102179 -1912.324189 -1912.791770 -1913.838356 -1916.382769 -1923.349895 -1946.200465 -9999.0 -9999.0
-9999.0 -9999.0 126.543495 30.432227 -67.594123 -166.125024 -264.843621 -363.627916 -462.413477 -561.152437 -659.749912 -758.075527 -856.149796 -953.843348 -1051.390605 -1148.924762 -1245.523584 -1340.729637 -1433.798230 -1523.519202 -1607.320599 -1681.470278 -1743.015958 -1791.198768 -1827.237437 -1853.332697 -1871.813267 -1884.697241 -1893.570290 -1899.617367 -1903.700481 -1906.435361 -1908.255006 -1909.459480 -1910.254276 -1910.780700 -1911.144626 -1911.470550 -1912.110151 -1914.340242 -1919.560830 -1885.145656 -1161.556707 -1163.092681 -1151.462346 -1143.918405 -1140.377226 -1139.840262 -1139.782978 -1139.788968 -1139.804184 -1139.820537 -1139.836255 -1139.850811 -1139.864325 -1139.880058 -1139.928715 -1140.251535 -1142.143049 -1146.351098 -1152.282302 -1142.403147 -1861.815542 -1913.667950 -1912.973205 -1912.093167 -1911.902720 -1911.870593 -1911.865978 -1911.865877 -1911.866438 -1911.866993 -1911.867437 -1911.867780 -1911.868042 -1911.868247 -1911.868410 -1911.868542 -1911.868653 -1911.868752 -1911.868850 -1911.868960 -1911.869098 -1911.869290 -1911.869574 -1911.870011 -1911.870698 -1911.871799 -1911.873593 -1911.876575 -1911.881643 -1911.890495 -1911.906419 -1911.935930 -1911.992156 -1912.102179 -1912.324189 -1912.791770 -1913.838356 -1916.382769 -1923.349895 -1946.200465 -9999.0 -9999.0
-9999.0 -9999.0 126.533021 30.430215 -67.594628 -166.125172 -264.843668 -363.627932 -462.413483 -561.152440 -659.749912 -758.075527 -856.149797 -953.843348 -1051.390605 -1148.924762 -1245.523584 -1340.729636 -1433.798230 -1523.519202 -1607.320599 -1681.470277 -1743.015958 -1791.198768 -1827.237437 -1853.332697 -1871.813267 -1884.697241 -1893.570290 -1899.617367 -1903.700480 -1906.435361 -1908.255006 -1909.459480 -1910.254276 -1910.780700 -1911.144626 -1911.470550 -1912.110151 -1914.340242 -1919.560830 -1885.145656 -1161.556707 -1163.092681 -1151.462346 -1143.918405 -1140.377226 -1139.840262 -1139.782978 -1139.788968 -1139.804184 -1139.820537 -1139.836255 -1139.850811 -1139.864325 -1139.880058 -1139.928715 -1140.251535 -1142.143049 -1146.351098 -1152.282302 -1142.403147 -1861.815542 -1913.667950 -1912.973205 -1912.093167 -1911.902720 -1911.870593 -1911.865978 -1911.865877 -1911.866438 -1911.866993 -1911.867437 -1911.867780 -1911.868042 -1911.868247 -1911.868410 -1911.868542 -1911.868653 -1911.868752 -1911.868850 -1911.868960 -1911.869098 -1911.869290 -1911.869574 -1911.870011 -1911.870698 -1911.871799 -1911.873593 -1911.876575 -1911.881643 -1911.890495 -1911.906419 -1911.935930 -1911.992156 -1912.102179 -1912.324189 -1912.791770 -1913.838356 -1916.382769 -1923.349895 -1946.200465 -9999.0 -9999.0
-9999.0 -9999.0 -9999.0 -9999.0 -9999.0 -9999.0 -9999.0 -9999.0 -9999.0 -9999.0 -9999.0 -9999.0 -9999.0 -9999.0 -9999.0 -9999.0 -9999.0 -9999.0 -9999.0 -9999.0 -9999.0 -9999.0 -9999.0 -9999.0 -9999.0 -9999.0 -9999.0 -9999.0 -9999.0 -9999.0 -9999.0 -9999.0 -9999.0 -9999.0 -9999.0 -9999.0 -9999.0 -9999.0 -9999.0 -9999.0 -9999.0 -9999.0 -9999.0 -9999.0 -9999.0 -9999.0 -9999.0 -9999.0 -9999.0 -9999.0 -9999.0 -9999.0 -9999.0 -9999.0 -9999.0 -9999.0 -9999.0 -9999.0 -9999.0 -9999.0 -9999.0 -9999.0 -9999.0 -9999.0 -9999.0 -9999.0 -9999.0 -9999.0 -9999.0 -9999.0 -9999.0 -9999.0 -9999.0 -9999.0 -9999.0 -9999.0 -9999.0 -9999.0 -9999.0 -9999.0 -9999.0 -9999.0 -9999.0 -9999.0 -9999.0 -9999.0 -9999.0 -9999.0 -9999.0 -9999.0 -9999.0 -9999.0 -9999.0 -9999.0 -9999.0 -9999.0 -9999.0 -9999.0 -9999.0 -9999.0 -9999.0 -9999.0 -9999.0 -9999.0
-9999.0 -9999.0 -9999.0 -9999.0 -9999.0 -9999.0 -9999.0 -9999.0 -9999.0 -9999.0 -9999.0 -9999.0 -9999.0 -9999.0 -9999.0 -9999.0 -9999.0 -9999.0 -9999.0 -9999.0 -9999.0 -9999.0 -9999.0 -9999.0 -9999.0 -9999.0 -9999.0 -9999.0 -9999.0 -9999.0 -9999.0 -9999.0 -9999.0 -9999.0 -9999.0 -9999.0 -9999.0 -9999.0 -9999.0 -9999.0 -9999.0 -9999.0 -9999.0 -9999.0 -9999.0 -9999.0 -9999.0 -9999.0 -9999.0 -9999.0 -9999.0 -9999.0 -9999.0 -9999.0 -9999.0 -9999.0 -9999.0 -9999.0 -9999.0 -9999.0 -9999.0 -9999.0 -9999.0 -9999.0 -9999.0 -9999.0 -9999.0 -9999.0 -9999.0 -9999.0 -9999.0 -9999.0 -9999.0 -9999.0 -9999.0 -9999.0 -9999.0 -9999.0 -9999.0 -9999.0 -9999.0 -9999.0 -9999.0 -9999.0 -9999.0 -9999.0 -9999.0 -9999.0 -9999.0 -9999.0 -9999.0 -9999.0 -9999.0 -9999.0 -9999.0 -9999.0 -9999.0 -9999.0 -9999.0 -9999.0 -9999.0 -9999.0 -9999.0 -9999.0