inst/processing_geotop_simulation/geotop_simulation/out/maps3D/PwL0007N0306.asc
ncols         104
nrows         10
xllcorner     -2.000000
yllcorner     0.000000
cellsize      1.000000
NODATA_value  -9999.0
-9999.0 -9999.0 -9999.0 -9999.0 -9999.0 -9999.0 -9999.0 -9999.0 -9999.0 -9999.0 -9999.0 -9999.0 -9999.0 -9999.0 -9999.0 -9999.0 -9999.0 -9999.0 -9999.0 -9999.0 -9999.0 -9999.0 -9999.0 -9999.0 -9999.0 -9999.0 -9999.0 -9999.0 -9999.0 -9999.0 -9999.0 -9999.0 -9999.0 -9999.0 -9999.0 -9999.0 -9999.0 -9999.0 -9999.0 -9999.0 -9999.0 -9999.0 -9999.0 -9999.0 -9999.0 -9999.0 -9999.0 -9999.0 -9999.0 -9999.0 -9999.0 -9999.0 -9999.0 -9999.0 -9999.0 -9999.0 -9999.0 -9999.0 -9999.0 -9999.0 -9999.0 -9999.0 -9999.0 -9999.0 -9999.0 -9999.0 -9999.0 -9999.0 -9999.0 -9999.0 -9999.0 -9999.0 -9999.0 -9999.0 -9999.0 -9999.0 -9999.0 -9999.0 -9999.0 -9999.0 -9999.0 -9999.0 -9999.0 -9999.0 -9999.0 -9999.0 -9999.0 -9999.0 -9999.0 -9999.0 -9999.0 -9999.0 -9999.0 -9999.0 -9999.0 -9999.0 -9999.0 -9999.0 -9999.0 -9999.0 -9999.0 -9999.0 -9999.0 -9999.0
-9999.0 -9999.0 -9999.0 -9999.0 -9999.0 -9999.0 -9999.0 -9999.0 -9999.0 -9999.0 -9999.0 -9999.0 -9999.0 -9999.0 -9999.0 -9999.0 -9999.0 -9999.0 -9999.0 -9999.0 -9999.0 -9999.0 -9999.0 -9999.0 -9999.0 -9999.0 -9999.0 -9999.0 -9999.0 -9999.0 -9999.0 -9999.0 -9999.0 -9999.0 -9999.0 -9999.0 -9999.0 -9999.0 -9999.0 -9999.0 -9999.0 -9999.0 -9999.0 -9999.0 -9999.0 -9999.0 -9999.0 -9999.0 -9999.0 -9999.0 -9999.0 -9999.0 -9999.0 -9999.0 -9999.0 -9999.0 -9999.0 -9999.0 -9999.0 -9999.0 -9999.0 -9999.0 -9999.0 -9999.0 -9999.0 -9999.0 -9999.0 -9999.0 -9999.0 -9999.0 -9999.0 -9999.0 -9999.0 -9999.0 -9999.0 -9999.0 -9999.0 -9999.0 -9999.0 -9999.0 -9999.0 -9999.0 -9999.0 -9999.0 -9999.0 -9999.0 -9999.0 -9999.0 -9999.0 -9999.0 -9999.0 -9999.0 -9999.0 -9999.0 -9999.0 -9999.0 -9999.0 -9999.0 -9999.0 -9999.0 -9999.0 -9999.0 -9999.0 -9999.0
-9999.0 -9999.0 325.197929 228.149542 129.939574 31.303926 -67.496524 -166.364522 -265.251123 -364.118939 -462.928742 -561.596356 -659.942171 -757.921298 -855.850082 -953.705135 -1051.393499 -1148.329489 -1243.377927 -1335.915400 -1424.020884 -1504.613454 -1574.570879 -1632.119705 -1677.270284 -1711.366044 -1736.367250 -1754.291325 -1766.915990 -1775.680835 -1781.693885 -1785.778890 -1788.532353 -1790.377140 -1791.608224 -1792.430875 -1792.997079 -1793.469978 -1794.252783 -1796.727463 -1803.011945 -1784.940955 -1187.014408 -1231.515865 -1209.493763 -1195.261506 -1188.647677 -1187.692406 -1187.592147 -1187.601988 -1187.627622 -1187.655174 -1187.681648 -1187.706160 -1187.728907 -1187.755344 -1187.837562 -1188.397665 -1191.872894 -1199.661888 -1210.041041 -1151.673399 -1756.671912 -1796.437577 -1795.315229 -1794.379747 -1794.173800 -1794.138427 -1794.133234 -1794.133009 -1794.133524 -1794.134051 -1794.134478 -1794.134808 -1794.135062 -1794.135261 -1794.135419 -1794.135549 -1794.135658 -1794.135757 -1794.135855 -1794.135963 -1794.136100 -1794.136289 -1794.136566 -1794.136991 -1794.137657 -1794.138724 -1794.140462 -1794.143351 -1794.148267 -1794.156866 -1794.172362 -1794.201138 -1794.256099 -1794.364051 -1794.583212 -1795.048923 -1796.102698 -1798.692227 -1805.833456 -1829.163754 -9999.0 -9999.0
-9999.0 -9999.0 325.205539 228.151383 129.940062 31.304071 -67.496478 -166.364506 -265.251118 -364.118937 -462.928741 -561.596356 -659.942170 -757.921298 -855.850082 -953.705135 -1051.393499 -1148.329489 -1243.377927 -1335.915400 -1424.020884 -1504.613454 -1574.570879 -1632.119705 -1677.270284 -1711.366044 -1736.367250 -1754.291325 -1766.915990 -1775.680835 -1781.693885 -1785.778890 -1788.532353 -1790.377140 -1791.608224 -1792.430875 -1792.997079 -1793.469978 -1794.252783 -1796.727463 -1803.011945 -1784.940955 -1187.014408 -1231.515865 -1209.493763 -1195.261505 -1188.647677 -1187.692406 -1187.592147 -1187.601988 -1187.627622 -1187.655174 -1187.681648 -1187.706160 -1187.728907 -1187.755344 -1187.837562 -1188.397665 -1191.872894 -1199.661888 -1210.041041 -1151.673399 -1756.671912 -1796.437577 -1795.315229 -1794.379747 -1794.173800 -1794.138427 -1794.133234 -1794.133009 -1794.133524 -1794.134051 -1794.134478 -1794.134808 -1794.135062 -1794.135261 -1794.135419 -1794.135549 -1794.135658 -1794.135757 -1794.135855 -1794.135963 -1794.136100 -1794.136289 -1794.136566 -1794.136991 -1794.137657 -1794.138724 -1794.140462 -1794.143351 -1794.148267 -1794.156866 -1794.172362 -1794.201138 -1794.256099 -1794.364051 -1794.583212 -1795.048923 -1796.102698 -1798.692227 -1805.833456 -1829.163754 -9999.0 -9999.0
-9999.0 -9999.0 325.206980 228.152166 129.940374 31.304184 -67.496438 -166.364492 -265.251113 -364.118935 -462.928741 -561.596356 -659.942170 -757.921298 -855.850082 -953.705135 -1051.393499 -1148.329489 -1243.377927 -1335.915400 -1424.020884 -1504.613454 -1574.570879 -1632.119705 -1677.270284 -1711.366044 -1736.367250 -1754.291326 -1766.915990 -1775.680835 -1781.693885 -1785.778890 -1788.532353 -1790.377140 -1791.608224 -1792.430875 -1792.997079 -1793.469978 -1794.252783 -1796.727463 -1803.011945 -1784.940955 -1187.014408 -1231.515865 -1209.493763 -1195.261505 -1188.647677 -1187.692406 -1187.592147 -1187.601988 -1187.627622 -1187.655174 -1187.681648 -1187.706160 -1187.728907 -1187.755344 -1187.837562 -1188.397665 -1191.872894 -1199.661888 -1210.041041 -1151.673399 -1756.671912 -1796.437577 -1795.315229 -1794.379747 -1794.173800 -1794.138427 -1794.133234 -1794.133009 -1794.133524 -1794.134051 -1794.134478 -1794.134808 -1794.135062 -1794.135261 -1794.135419 -1794.135549 -1794.135658 -1794.135757 -1794.135855 -1794.135963 -1794.136100 -1794.136289 -1794.136566 -1794.136991 -1794.137657 -1794.138724 -1794.140462 -1794.143351 -1794.148267 -1794.156866 -1794.172362 -1794.201138 -1794.256099 -1794.364051 -1794.583212 -1795.048923 -1796.102698 -1798.692227 -1805.833456 -1829.163754 -9999.0 -9999.0
-9999.0 -9999.0 325.206980 228.152166 129.940374 31.304184 -67.496438 -166.364492 -265.251113 -364.118935 -462.928741 -561.596356 -659.942170 -757.921298 -855.850082 -953.705135 -1051.393499 -1148.329489 -1243.377927 -1335.915400 -1424.020884 -1504.613454 -1574.570879 -1632.119705 -1677.270284 -1711.366044 -1736.367250 -1754.291326 -1766.915990 -1775.680835 -1781.693885 -1785.778890 -1788.532353 -1790.377140 -1791.608224 -1792.430875 -1792.997079 -1793.469978 -1794.252783 -1796.727463 -1803.011945 -1784.940955 -1187.014408 -1231.515865 -1209.493763 -1195.261505 -1188.647677 -1187.692406 -1187.592147 -1187.601988 -1187.627622 -1187.655174 -1187.681648 -1187.706160 -1187.728907 -1187.755344 -1187.837562 -1188.397665 -1191.872894 -1199.661888 -1210.041041 -1151.673399 -1756.671912 -1796.437577 -1795.315229 -1794.379747 -1794.173800 -1794.138427 -1794.133234 -1794.133009 -1794.133524 -1794.134051 -1794.134478 -1794.134808 -1794.135062 -1794.135261 -1794.135419 -1794.135549 -1794.135658 -1794.135757 -1794.135855 -1794.135963 -1794.136100 -1794.136289 -1794.136566 -1794.136991 -1794.137657 -1794.138724 -1794.140462 -1794.143351 -1794.148267 -1794.156866 -1794.172362 -1794.201138 -1794.256099 -1794.364051 -1794.583212 -1795.048923 -1796.102698 -1798.692227 -1805.833456 -1829.163754 -9999.0 -9999.0
-9999.0 -9999.0 325.205539 228.151383 129.940062 31.304071 -67.496478 -166.364506 -265.251118 -364.118937 -462.928741 -561.596356 -659.942170 -757.921298 -855.850082 -953.705135 -1051.393499 -1148.329489 -1243.377927 -1335.915400 -1424.020884 -1504.613454 -1574.570879 -1632.119705 -1677.270284 -1711.366044 -1736.367250 -1754.291325 -1766.915990 -1775.680835 -1781.693885 -1785.778890 -1788.532353 -1790.377140 -1791.608224 -1792.430875 -1792.997079 -1793.469978 -1794.252783 -1796.727463 -1803.011945 -1784.940955 -1187.014408 -1231.515865 -1209.493763 -1195.261505 -1188.647677 -1187.692406 -1187.592147 -1187.601988 -1187.627622 -1187.655174 -1187.681648 -1187.706160 -1187.728907 -1187.755344 -1187.837562 -1188.397665 -1191.872894 -1199.661888 -1210.041041 -1151.673399 -1756.671912 -1796.437577 -1795.315229 -1794.379747 -1794.173800 -1794.138427 -1794.133234 -1794.133009 -1794.133524 -1794.134051 -1794.134478 -1794.134808 -1794.135062 -1794.135261 -1794.135419 -1794.135549 -1794.135658 -1794.135757 -1794.135855 -1794.135963 -1794.136100 -1794.136289 -1794.136566 -1794.136991 -1794.137657 -1794.138724 -1794.140462 -1794.143351 -1794.148267 -1794.156866 -1794.172362 -1794.201138 -1794.256099 -1794.364051 -1794.583212 -1795.048923 -1796.102698 -1798.692227 -1805.833456 -1829.163754 -9999.0 -9999.0
-9999.0 -9999.0 325.197929 228.149542 129.939574 31.303926 -67.496524 -166.364522 -265.251123 -364.118939 -462.928742 -561.596356 -659.942171 -757.921298 -855.850082 -953.705135 -1051.393499 -1148.329489 -1243.377927 -1335.915400 -1424.020884 -1504.613454 -1574.570879 -1632.119705 -1677.270284 -1711.366044 -1736.367250 -1754.291325 -1766.915990 -1775.680835 -1781.693885 -1785.778890 -1788.532353 -1790.377140 -1791.608224 -1792.430875 -1792.997079 -1793.469978 -1794.252783 -1796.727463 -1803.011945 -1784.940955 -1187.014408 -1231.515865 -1209.493763 -1195.261506 -1188.647677 -1187.692406 -1187.592147 -1187.601988 -1187.627622 -1187.655174 -1187.681648 -1187.706160 -1187.728907 -1187.755344 -1187.837562 -1188.397665 -1191.872894 -1199.661888 -1210.041041 -1151.673399 -1756.671912 -1796.437577 -1795.315229 -1794.379747 -1794.173800 -1794.138427 -1794.133234 -1794.133009 -1794.133524 -1794.134051 -1794.134478 -1794.134808 -1794.135062 -1794.135261 -1794.135419 -1794.135549 -1794.135658 -1794.135757 -1794.135855 -1794.135963 -1794.136100 -1794.136289 -1794.136566 -1794.136991 -1794.137657 -1794.138724 -1794.140462 -1794.143351 -1794.148267 -1794.156866 -1794.172362 -1794.201138 -1794.256099 -1794.364051 -1794.583212 -1795.048923 -1796.102698 -1798.692227 -1805.833456 -1829.163754 -9999.0 -9999.0
-9999.0 -9999.0 -9999.0 -9999.0 -9999.0 -9999.0 -9999.0 -9999.0 -9999.0 -9999.0 -9999.0 -9999.0 -9999.0 -9999.0 -9999.0 -9999.0 -9999.0 -9999.0 -9999.0 -9999.0 -9999.0 -9999.0 -9999.0 -9999.0 -9999.0 -9999.0 -9999.0 -9999.0 -9999.0 -9999.0 -9999.0 -9999.0 -9999.0 -9999.0 -9999.0 -9999.0 -9999.0 -9999.0 -9999.0 -9999.0 -9999.0 -9999.0 -9999.0 -9999.0 -9999.0 -9999.0 -9999.0 -9999.0 -9999.0 -9999.0 -9999.0 -9999.0 -9999.0 -9999.0 -9999.0 -9999.0 -9999.0 -9999.0 -9999.0 -9999.0 -9999.0 -9999.0 -9999.0 -9999.0 -9999.0 -9999.0 -9999.0 -9999.0 -9999.0 -9999.0 -9999.0 -9999.0 -9999.0 -9999.0 -9999.0 -9999.0 -9999.0 -9999.0 -9999.0 -9999.0 -9999.0 -9999.0 -9999.0 -9999.0 -9999.0 -9999.0 -9999.0 -9999.0 -9999.0 -9999.0 -9999.0 -9999.0 -9999.0 -9999.0 -9999.0 -9999.0 -9999.0 -9999.0 -9999.0 -9999.0 -9999.0 -9999.0 -9999.0 -9999.0
-9999.0 -9999.0 -9999.0 -9999.0 -9999.0 -9999.0 -9999.0 -9999.0 -9999.0 -9999.0 -9999.0 -9999.0 -9999.0 -9999.0 -9999.0 -9999.0 -9999.0 -9999.0 -9999.0 -9999.0 -9999.0 -9999.0 -9999.0 -9999.0 -9999.0 -9999.0 -9999.0 -9999.0 -9999.0 -9999.0 -9999.0 -9999.0 -9999.0 -9999.0 -9999.0 -9999.0 -9999.0 -9999.0 -9999.0 -9999.0 -9999.0 -9999.0 -9999.0 -9999.0 -9999.0 -9999.0 -9999.0 -9999.0 -9999.0 -9999.0 -9999.0 -9999.0 -9999.0 -9999.0 -9999.0 -9999.0 -9999.0 -9999.0 -9999.0 -9999.0 -9999.0 -9999.0 -9999.0 -9999.0 -9999.0 -9999.0 -9999.0 -9999.0 -9999.0 -9999.0 -9999.0 -9999.0 -9999.0 -9999.0 -9999.0 -9999.0 -9999.0 -9999.0 -9999.0 -9999.0 -9999.0 -9999.0 -9999.0 -9999.0 -9999.0 -9999.0 -9999.0 -9999.0 -9999.0 -9999.0 -9999.0 -9999.0 -9999.0 -9999.0 -9999.0 -9999.0 -9999.0 -9999.0 -9999.0 -9999.0 -9999.0 -9999.0 -9999.0 -9999.0