inst/processing_geotop_simulation/geotop_simulation/out/maps3D/PwL0005N0390.asc
ncols         104
nrows         10
xllcorner     -2.000000
yllcorner     0.000000
cellsize      1.000000
NODATA_value  -9999.0
-9999.0 -9999.0 -9999.0 -9999.0 -9999.0 -9999.0 -9999.0 -9999.0 -9999.0 -9999.0 -9999.0 -9999.0 -9999.0 -9999.0 -9999.0 -9999.0 -9999.0 -9999.0 -9999.0 -9999.0 -9999.0 -9999.0 -9999.0 -9999.0 -9999.0 -9999.0 -9999.0 -9999.0 -9999.0 -9999.0 -9999.0 -9999.0 -9999.0 -9999.0 -9999.0 -9999.0 -9999.0 -9999.0 -9999.0 -9999.0 -9999.0 -9999.0 -9999.0 -9999.0 -9999.0 -9999.0 -9999.0 -9999.0 -9999.0 -9999.0 -9999.0 -9999.0 -9999.0 -9999.0 -9999.0 -9999.0 -9999.0 -9999.0 -9999.0 -9999.0 -9999.0 -9999.0 -9999.0 -9999.0 -9999.0 -9999.0 -9999.0 -9999.0 -9999.0 -9999.0 -9999.0 -9999.0 -9999.0 -9999.0 -9999.0 -9999.0 -9999.0 -9999.0 -9999.0 -9999.0 -9999.0 -9999.0 -9999.0 -9999.0 -9999.0 -9999.0 -9999.0 -9999.0 -9999.0 -9999.0 -9999.0 -9999.0 -9999.0 -9999.0 -9999.0 -9999.0 -9999.0 -9999.0 -9999.0 -9999.0 -9999.0 -9999.0 -9999.0 -9999.0
-9999.0 -9999.0 -9999.0 -9999.0 -9999.0 -9999.0 -9999.0 -9999.0 -9999.0 -9999.0 -9999.0 -9999.0 -9999.0 -9999.0 -9999.0 -9999.0 -9999.0 -9999.0 -9999.0 -9999.0 -9999.0 -9999.0 -9999.0 -9999.0 -9999.0 -9999.0 -9999.0 -9999.0 -9999.0 -9999.0 -9999.0 -9999.0 -9999.0 -9999.0 -9999.0 -9999.0 -9999.0 -9999.0 -9999.0 -9999.0 -9999.0 -9999.0 -9999.0 -9999.0 -9999.0 -9999.0 -9999.0 -9999.0 -9999.0 -9999.0 -9999.0 -9999.0 -9999.0 -9999.0 -9999.0 -9999.0 -9999.0 -9999.0 -9999.0 -9999.0 -9999.0 -9999.0 -9999.0 -9999.0 -9999.0 -9999.0 -9999.0 -9999.0 -9999.0 -9999.0 -9999.0 -9999.0 -9999.0 -9999.0 -9999.0 -9999.0 -9999.0 -9999.0 -9999.0 -9999.0 -9999.0 -9999.0 -9999.0 -9999.0 -9999.0 -9999.0 -9999.0 -9999.0 -9999.0 -9999.0 -9999.0 -9999.0 -9999.0 -9999.0 -9999.0 -9999.0 -9999.0 -9999.0 -9999.0 -9999.0 -9999.0 -9999.0 -9999.0 -9999.0
-9999.0 -9999.0 224.745969 126.886550 28.075205 -71.028816 -170.246382 -269.508626 -368.779659 -468.035285 -567.245257 -666.340518 -765.284747 -864.120944 -962.868203 -1061.620103 -1160.151445 -1258.051359 -1355.012431 -1450.277806 -1542.411618 -1628.942484 -1706.733982 -1773.191933 -1827.232732 -1869.352504 -1901.084194 -1924.365979 -1941.100245 -1952.934751 -1961.196358 -1966.904112 -1970.814965 -1973.477373 -1975.281673 -1976.504413 -1977.352632 -1978.041789 -1979.026595 -1981.436859 -1983.812652 -1932.079442 -1204.193881 -1217.835868 -1203.882347 -1194.609707 -1190.263452 -1189.595883 -1189.523670 -1189.529870 -1189.547309 -1189.566124 -1189.584216 -1189.600977 -1189.616584 -1189.635195 -1189.695456 -1190.096478 -1192.414847 -1197.541033 -1204.018463 -1180.510460 -1905.457533 -1977.551092 -1980.019777 -1979.338023 -1979.123375 -1979.081204 -1979.074424 -1979.073816 -1979.074174 -1979.074604 -1979.074963 -1979.075244 -1979.075463 -1979.075636 -1979.075776 -1979.075892 -1979.075992 -1979.076083 -1979.076174 -1979.076276 -1979.076401 -1979.076572 -1979.076820 -1979.077194 -1979.077777 -1979.078707 -1979.080220 -1979.082738 -1979.087033 -1979.094577 -1979.108235 -1979.133727 -1979.182723 -1979.279824 -1979.479641 -1979.912397 -1980.915707 -1983.457173 -1990.703197 -2014.767470 -9999.0 -9999.0
-9999.0 -9999.0 224.754284 126.888356 28.075670 -71.028680 -170.246338 -269.508611 -368.779654 -468.035283 -567.245256 -666.340517 -765.284747 -864.120944 -962.868203 -1061.620103 -1160.151445 -1258.051359 -1355.012431 -1450.277806 -1542.411618 -1628.942484 -1706.733982 -1773.191934 -1827.232732 -1869.352504 -1901.084194 -1924.365979 -1941.100245 -1952.934751 -1961.196358 -1966.904112 -1970.814965 -1973.477373 -1975.281673 -1976.504413 -1977.352632 -1978.041789 -1979.026595 -1981.436859 -1983.812651 -1932.079442 -1204.193881 -1217.835868 -1203.882346 -1194.609707 -1190.263452 -1189.595883 -1189.523670 -1189.529870 -1189.547309 -1189.566124 -1189.584216 -1189.600977 -1189.616584 -1189.635195 -1189.695456 -1190.096478 -1192.414847 -1197.541033 -1204.018463 -1180.510460 -1905.457533 -1977.551092 -1980.019777 -1979.338023 -1979.123375 -1979.081204 -1979.074424 -1979.073816 -1979.074174 -1979.074604 -1979.074963 -1979.075244 -1979.075463 -1979.075636 -1979.075776 -1979.075892 -1979.075992 -1979.076083 -1979.076174 -1979.076276 -1979.076401 -1979.076572 -1979.076820 -1979.077194 -1979.077777 -1979.078707 -1979.080220 -1979.082738 -1979.087033 -1979.094577 -1979.108235 -1979.133727 -1979.182723 -1979.279824 -1979.479641 -1979.912397 -1980.915707 -1983.457173 -1990.703197 -2014.767470 -9999.0 -9999.0
-9999.0 -9999.0 224.755590 126.889101 28.075965 -71.028573 -170.246300 -269.508598 -368.779649 -468.035281 -567.245255 -666.340517 -765.284747 -864.120944 -962.868203 -1061.620103 -1160.151445 -1258.051359 -1355.012431 -1450.277806 -1542.411618 -1628.942484 -1706.733982 -1773.191934 -1827.232732 -1869.352504 -1901.084194 -1924.365979 -1941.100245 -1952.934752 -1961.196358 -1966.904112 -1970.814965 -1973.477373 -1975.281673 -1976.504413 -1977.352632 -1978.041789 -1979.026595 -1981.436859 -1983.812651 -1932.079442 -1204.193881 -1217.835868 -1203.882346 -1194.609706 -1190.263452 -1189.595883 -1189.523670 -1189.529870 -1189.547309 -1189.566124 -1189.584216 -1189.600977 -1189.616584 -1189.635195 -1189.695456 -1190.096478 -1192.414847 -1197.541033 -1204.018463 -1180.510460 -1905.457533 -1977.551092 -1980.019777 -1979.338023 -1979.123375 -1979.081204 -1979.074424 -1979.073816 -1979.074174 -1979.074604 -1979.074963 -1979.075244 -1979.075463 -1979.075636 -1979.075776 -1979.075892 -1979.075992 -1979.076083 -1979.076174 -1979.076276 -1979.076401 -1979.076572 -1979.076820 -1979.077194 -1979.077777 -1979.078707 -1979.080220 -1979.082738 -1979.087033 -1979.094577 -1979.108235 -1979.133727 -1979.182723 -1979.279824 -1979.479641 -1979.912397 -1980.915707 -1983.457173 -1990.703197 -2014.767470 -9999.0 -9999.0
-9999.0 -9999.0 224.755590 126.889101 28.075965 -71.028573 -170.246300 -269.508598 -368.779649 -468.035281 -567.245255 -666.340517 -765.284747 -864.120944 -962.868203 -1061.620103 -1160.151445 -1258.051359 -1355.012431 -1450.277806 -1542.411618 -1628.942484 -1706.733982 -1773.191934 -1827.232732 -1869.352504 -1901.084194 -1924.365979 -1941.100245 -1952.934752 -1961.196358 -1966.904112 -1970.814965 -1973.477373 -1975.281673 -1976.504413 -1977.352632 -1978.041789 -1979.026595 -1981.436859 -1983.812651 -1932.079442 -1204.193881 -1217.835868 -1203.882346 -1194.609706 -1190.263452 -1189.595883 -1189.523670 -1189.529870 -1189.547309 -1189.566124 -1189.584216 -1189.600977 -1189.616584 -1189.635195 -1189.695456 -1190.096478 -1192.414847 -1197.541033 -1204.018463 -1180.510460 -1905.457533 -1977.551092 -1980.019777 -1979.338023 -1979.123375 -1979.081204 -1979.074424 -1979.073816 -1979.074174 -1979.074604 -1979.074963 -1979.075244 -1979.075463 -1979.075636 -1979.075776 -1979.075892 -1979.075992 -1979.076083 -1979.076174 -1979.076276 -1979.076401 -1979.076572 -1979.076820 -1979.077194 -1979.077777 -1979.078707 -1979.080220 -1979.082738 -1979.087033 -1979.094577 -1979.108235 -1979.133727 -1979.182723 -1979.279824 -1979.479641 -1979.912397 -1980.915707 -1983.457173 -1990.703197 -2014.767470 -9999.0 -9999.0
-9999.0 -9999.0 224.754284 126.888356 28.075670 -71.028680 -170.246338 -269.508611 -368.779654 -468.035283 -567.245256 -666.340517 -765.284747 -864.120944 -962.868203 -1061.620103 -1160.151445 -1258.051359 -1355.012431 -1450.277806 -1542.411618 -1628.942484 -1706.733982 -1773.191934 -1827.232732 -1869.352504 -1901.084194 -1924.365979 -1941.100245 -1952.934751 -1961.196358 -1966.904112 -1970.814965 -1973.477373 -1975.281673 -1976.504413 -1977.352632 -1978.041789 -1979.026595 -1981.436859 -1983.812651 -1932.079442 -1204.193881 -1217.835868 -1203.882346 -1194.609707 -1190.263452 -1189.595883 -1189.523670 -1189.529870 -1189.547309 -1189.566124 -1189.584216 -1189.600977 -1189.616584 -1189.635195 -1189.695456 -1190.096478 -1192.414847 -1197.541033 -1204.018463 -1180.510460 -1905.457533 -1977.551092 -1980.019777 -1979.338023 -1979.123375 -1979.081204 -1979.074424 -1979.073816 -1979.074174 -1979.074604 -1979.074963 -1979.075244 -1979.075463 -1979.075636 -1979.075776 -1979.075892 -1979.075992 -1979.076083 -1979.076174 -1979.076276 -1979.076401 -1979.076572 -1979.076820 -1979.077194 -1979.077777 -1979.078707 -1979.080220 -1979.082738 -1979.087033 -1979.094577 -1979.108235 -1979.133727 -1979.182723 -1979.279824 -1979.479641 -1979.912397 -1980.915707 -1983.457173 -1990.703197 -2014.767470 -9999.0 -9999.0
-9999.0 -9999.0 224.745969 126.886550 28.075205 -71.028816 -170.246382 -269.508626 -368.779659 -468.035285 -567.245257 -666.340518 -765.284747 -864.120944 -962.868203 -1061.620103 -1160.151445 -1258.051359 -1355.012431 -1450.277806 -1542.411618 -1628.942484 -1706.733982 -1773.191933 -1827.232732 -1869.352504 -1901.084194 -1924.365979 -1941.100245 -1952.934751 -1961.196358 -1966.904112 -1970.814965 -1973.477373 -1975.281673 -1976.504413 -1977.352632 -1978.041789 -1979.026595 -1981.436859 -1983.812652 -1932.079442 -1204.193882 -1217.835868 -1203.882347 -1194.609707 -1190.263452 -1189.595883 -1189.523670 -1189.529870 -1189.547309 -1189.566124 -1189.584216 -1189.600977 -1189.616584 -1189.635195 -1189.695456 -1190.096478 -1192.414847 -1197.541033 -1204.018463 -1180.510460 -1905.457533 -1977.551092 -1980.019777 -1979.338023 -1979.123375 -1979.081204 -1979.074424 -1979.073816 -1979.074174 -1979.074604 -1979.074963 -1979.075244 -1979.075463 -1979.075636 -1979.075776 -1979.075892 -1979.075992 -1979.076083 -1979.076174 -1979.076276 -1979.076401 -1979.076572 -1979.076820 -1979.077194 -1979.077777 -1979.078707 -1979.080220 -1979.082738 -1979.087033 -1979.094577 -1979.108235 -1979.133727 -1979.182723 -1979.279824 -1979.479641 -1979.912397 -1980.915707 -1983.457173 -1990.703197 -2014.767470 -9999.0 -9999.0
-9999.0 -9999.0 -9999.0 -9999.0 -9999.0 -9999.0 -9999.0 -9999.0 -9999.0 -9999.0 -9999.0 -9999.0 -9999.0 -9999.0 -9999.0 -9999.0 -9999.0 -9999.0 -9999.0 -9999.0 -9999.0 -9999.0 -9999.0 -9999.0 -9999.0 -9999.0 -9999.0 -9999.0 -9999.0 -9999.0 -9999.0 -9999.0 -9999.0 -9999.0 -9999.0 -9999.0 -9999.0 -9999.0 -9999.0 -9999.0 -9999.0 -9999.0 -9999.0 -9999.0 -9999.0 -9999.0 -9999.0 -9999.0 -9999.0 -9999.0 -9999.0 -9999.0 -9999.0 -9999.0 -9999.0 -9999.0 -9999.0 -9999.0 -9999.0 -9999.0 -9999.0 -9999.0 -9999.0 -9999.0 -9999.0 -9999.0 -9999.0 -9999.0 -9999.0 -9999.0 -9999.0 -9999.0 -9999.0 -9999.0 -9999.0 -9999.0 -9999.0 -9999.0 -9999.0 -9999.0 -9999.0 -9999.0 -9999.0 -9999.0 -9999.0 -9999.0 -9999.0 -9999.0 -9999.0 -9999.0 -9999.0 -9999.0 -9999.0 -9999.0 -9999.0 -9999.0 -9999.0 -9999.0 -9999.0 -9999.0 -9999.0 -9999.0 -9999.0 -9999.0
-9999.0 -9999.0 -9999.0 -9999.0 -9999.0 -9999.0 -9999.0 -9999.0 -9999.0 -9999.0 -9999.0 -9999.0 -9999.0 -9999.0 -9999.0 -9999.0 -9999.0 -9999.0 -9999.0 -9999.0 -9999.0 -9999.0 -9999.0 -9999.0 -9999.0 -9999.0 -9999.0 -9999.0 -9999.0 -9999.0 -9999.0 -9999.0 -9999.0 -9999.0 -9999.0 -9999.0 -9999.0 -9999.0 -9999.0 -9999.0 -9999.0 -9999.0 -9999.0 -9999.0 -9999.0 -9999.0 -9999.0 -9999.0 -9999.0 -9999.0 -9999.0 -9999.0 -9999.0 -9999.0 -9999.0 -9999.0 -9999.0 -9999.0 -9999.0 -9999.0 -9999.0 -9999.0 -9999.0 -9999.0 -9999.0 -9999.0 -9999.0 -9999.0 -9999.0 -9999.0 -9999.0 -9999.0 -9999.0 -9999.0 -9999.0 -9999.0 -9999.0 -9999.0 -9999.0 -9999.0 -9999.0 -9999.0 -9999.0 -9999.0 -9999.0 -9999.0 -9999.0 -9999.0 -9999.0 -9999.0 -9999.0 -9999.0 -9999.0 -9999.0 -9999.0 -9999.0 -9999.0 -9999.0 -9999.0 -9999.0 -9999.0 -9999.0 -9999.0 -9999.0