inst/processing_geotop_simulation/geotop_simulation/out/maps3D/PwL0017N0295.asc
ncols         104
nrows         10
xllcorner     -2.000000
yllcorner     0.000000
cellsize      1.000000
NODATA_value  -9999.0
-9999.0 -9999.0 -9999.0 -9999.0 -9999.0 -9999.0 -9999.0 -9999.0 -9999.0 -9999.0 -9999.0 -9999.0 -9999.0 -9999.0 -9999.0 -9999.0 -9999.0 -9999.0 -9999.0 -9999.0 -9999.0 -9999.0 -9999.0 -9999.0 -9999.0 -9999.0 -9999.0 -9999.0 -9999.0 -9999.0 -9999.0 -9999.0 -9999.0 -9999.0 -9999.0 -9999.0 -9999.0 -9999.0 -9999.0 -9999.0 -9999.0 -9999.0 -9999.0 -9999.0 -9999.0 -9999.0 -9999.0 -9999.0 -9999.0 -9999.0 -9999.0 -9999.0 -9999.0 -9999.0 -9999.0 -9999.0 -9999.0 -9999.0 -9999.0 -9999.0 -9999.0 -9999.0 -9999.0 -9999.0 -9999.0 -9999.0 -9999.0 -9999.0 -9999.0 -9999.0 -9999.0 -9999.0 -9999.0 -9999.0 -9999.0 -9999.0 -9999.0 -9999.0 -9999.0 -9999.0 -9999.0 -9999.0 -9999.0 -9999.0 -9999.0 -9999.0 -9999.0 -9999.0 -9999.0 -9999.0 -9999.0 -9999.0 -9999.0 -9999.0 -9999.0 -9999.0 -9999.0 -9999.0 -9999.0 -9999.0 -9999.0 -9999.0 -9999.0 -9999.0
-9999.0 -9999.0 -9999.0 -9999.0 -9999.0 -9999.0 -9999.0 -9999.0 -9999.0 -9999.0 -9999.0 -9999.0 -9999.0 -9999.0 -9999.0 -9999.0 -9999.0 -9999.0 -9999.0 -9999.0 -9999.0 -9999.0 -9999.0 -9999.0 -9999.0 -9999.0 -9999.0 -9999.0 -9999.0 -9999.0 -9999.0 -9999.0 -9999.0 -9999.0 -9999.0 -9999.0 -9999.0 -9999.0 -9999.0 -9999.0 -9999.0 -9999.0 -9999.0 -9999.0 -9999.0 -9999.0 -9999.0 -9999.0 -9999.0 -9999.0 -9999.0 -9999.0 -9999.0 -9999.0 -9999.0 -9999.0 -9999.0 -9999.0 -9999.0 -9999.0 -9999.0 -9999.0 -9999.0 -9999.0 -9999.0 -9999.0 -9999.0 -9999.0 -9999.0 -9999.0 -9999.0 -9999.0 -9999.0 -9999.0 -9999.0 -9999.0 -9999.0 -9999.0 -9999.0 -9999.0 -9999.0 -9999.0 -9999.0 -9999.0 -9999.0 -9999.0 -9999.0 -9999.0 -9999.0 -9999.0 -9999.0 -9999.0 -9999.0 -9999.0 -9999.0 -9999.0 -9999.0 -9999.0 -9999.0 -9999.0 -9999.0 -9999.0 -9999.0 -9999.0
-9999.0 -9999.0 822.151749 724.074433 625.722448 527.107671 428.359964 329.554043 230.729176 131.906343 33.097653 -65.684914 -164.438286 -263.142376 -361.751007 -460.181565 -558.280524 -655.790227 -752.957729 -850.147850 -946.787527 -1042.633964 -1134.450788 -1217.680705 -1291.881353 -1355.401135 -1407.601394 -1448.877783 -1480.410522 -1503.798696 -1520.727217 -1532.741696 -1541.137899 -1546.936281 -1550.905723 -1553.609840 -1555.465482 -1556.841530 -1558.361439 -1561.950379 -1573.707913 -1614.824442 -1985.695874 -4081.912201 -4133.657893 -4133.663351 -4133.663327 -4133.663150 -4133.662308 -4133.659564 -4133.652083 -4133.630669 -4133.595538 -4133.550258 -4133.475257 -4133.330102 -4133.013045 -4132.254218 -4130.310495 -4124.994397 -4010.024042 -1786.672304 -1574.488057 -1565.469118 -1560.914774 -1559.636461 -1559.379593 -1559.335772 -1559.329226 -1559.328789 -1559.329271 -1559.329800 -1559.330238 -1559.330583 -1559.330855 -1559.331074 -1559.331253 -1559.331404 -1559.331537 -1559.331658 -1559.331780 -1559.331913 -1559.332075 -1559.332288 -1559.332591 -1559.333039 -1559.333729 -1559.334818 -1559.336577 -1559.339489 -1559.344436 -1559.353095 -1559.368735 -1559.397879 -1559.453868 -1559.564939 -1559.794171 -1560.292633 -1561.448566 -1564.333666 -1572.235625 -1597.065856 -9999.0 -9999.0
-9999.0 -9999.0 822.155389 724.075727 625.722855 527.107802 428.360008 329.554058 230.729181 131.906345 33.097654 -65.684914 -164.438286 -263.142376 -361.751007 -460.181565 -558.280524 -655.790228 -752.957730 -850.147850 -946.787528 -1042.633964 -1134.450788 -1217.680705 -1291.881353 -1355.401135 -1407.601394 -1448.877783 -1480.410522 -1503.798696 -1520.727217 -1532.741696 -1541.137899 -1546.936281 -1550.905723 -1553.609840 -1555.465482 -1556.841530 -1558.361439 -1561.950379 -1573.707913 -1614.824442 -1985.695874 -4081.912201 -4133.657893 -4133.663351 -4133.663327 -4133.663150 -4133.662308 -4133.659564 -4133.652083 -4133.630669 -4133.595538 -4133.550258 -4133.475257 -4133.330102 -4133.013045 -4132.254218 -4130.310495 -4124.994397 -4010.024042 -1786.672304 -1574.488057 -1565.469118 -1560.914774 -1559.636461 -1559.379593 -1559.335772 -1559.329226 -1559.328789 -1559.329271 -1559.329800 -1559.330238 -1559.330583 -1559.330855 -1559.331074 -1559.331253 -1559.331404 -1559.331537 -1559.331658 -1559.331780 -1559.331913 -1559.332075 -1559.332288 -1559.332591 -1559.333039 -1559.333729 -1559.334818 -1559.336577 -1559.339489 -1559.344436 -1559.353095 -1559.368735 -1559.397879 -1559.453868 -1559.564939 -1559.794171 -1560.292633 -1561.448566 -1564.333666 -1572.235625 -1597.065856 -9999.0 -9999.0
-9999.0 -9999.0 822.156646 724.076393 625.723132 527.107906 428.360046 329.554072 230.729186 131.906347 33.097655 -65.684913 -164.438286 -263.142376 -361.751007 -460.181565 -558.280525 -655.790228 -752.957730 -850.147850 -946.787528 -1042.633964 -1134.450788 -1217.680705 -1291.881353 -1355.401135 -1407.601394 -1448.877783 -1480.410522 -1503.798696 -1520.727217 -1532.741696 -1541.137899 -1546.936281 -1550.905723 -1553.609840 -1555.465482 -1556.841530 -1558.361439 -1561.950379 -1573.707913 -1614.824442 -1985.695874 -4081.912201 -4133.657893 -4133.663351 -4133.663327 -4133.663150 -4133.662308 -4133.659564 -4133.652083 -4133.630669 -4133.595538 -4133.550258 -4133.475257 -4133.330102 -4133.013045 -4132.254218 -4130.310495 -4124.994397 -4010.024042 -1786.672304 -1574.488057 -1565.469118 -1560.914774 -1559.636461 -1559.379593 -1559.335772 -1559.329226 -1559.328789 -1559.329271 -1559.329800 -1559.330238 -1559.330583 -1559.330855 -1559.331074 -1559.331253 -1559.331404 -1559.331537 -1559.331658 -1559.331780 -1559.331913 -1559.332075 -1559.332288 -1559.332591 -1559.333039 -1559.333729 -1559.334818 -1559.336577 -1559.339489 -1559.344436 -1559.353095 -1559.368735 -1559.397879 -1559.453868 -1559.564939 -1559.794171 -1560.292633 -1561.448566 -1564.333666 -1572.235625 -1597.065856 -9999.0 -9999.0
-9999.0 -9999.0 822.156646 724.076392 625.723132 527.107906 428.360046 329.554072 230.729186 131.906347 33.097655 -65.684913 -164.438286 -263.142376 -361.751007 -460.181565 -558.280525 -655.790228 -752.957730 -850.147850 -946.787528 -1042.633964 -1134.450788 -1217.680705 -1291.881353 -1355.401135 -1407.601394 -1448.877783 -1480.410522 -1503.798696 -1520.727217 -1532.741696 -1541.137899 -1546.936281 -1550.905723 -1553.609840 -1555.465482 -1556.841530 -1558.361439 -1561.950379 -1573.707913 -1614.824442 -1985.695874 -4081.912201 -4133.657893 -4133.663351 -4133.663327 -4133.663150 -4133.662308 -4133.659564 -4133.652083 -4133.630669 -4133.595538 -4133.550258 -4133.475257 -4133.330102 -4133.013045 -4132.254218 -4130.310495 -4124.994397 -4010.024042 -1786.672304 -1574.488057 -1565.469118 -1560.914774 -1559.636461 -1559.379593 -1559.335772 -1559.329226 -1559.328789 -1559.329271 -1559.329800 -1559.330238 -1559.330583 -1559.330855 -1559.331074 -1559.331253 -1559.331404 -1559.331537 -1559.331658 -1559.331780 -1559.331913 -1559.332075 -1559.332288 -1559.332591 -1559.333039 -1559.333729 -1559.334818 -1559.336577 -1559.339489 -1559.344436 -1559.353095 -1559.368735 -1559.397879 -1559.453868 -1559.564939 -1559.794171 -1560.292633 -1561.448566 -1564.333666 -1572.235625 -1597.065856 -9999.0 -9999.0
-9999.0 -9999.0 822.155389 724.075727 625.722855 527.107802 428.360008 329.554058 230.729181 131.906345 33.097654 -65.684914 -164.438286 -263.142376 -361.751007 -460.181565 -558.280525 -655.790228 -752.957730 -850.147850 -946.787528 -1042.633964 -1134.450788 -1217.680705 -1291.881353 -1355.401135 -1407.601394 -1448.877783 -1480.410522 -1503.798696 -1520.727217 -1532.741696 -1541.137899 -1546.936281 -1550.905723 -1553.609840 -1555.465482 -1556.841530 -1558.361439 -1561.950379 -1573.707913 -1614.824442 -1985.695874 -4081.912201 -4133.657893 -4133.663351 -4133.663327 -4133.663150 -4133.662308 -4133.659564 -4133.652083 -4133.630669 -4133.595538 -4133.550258 -4133.475257 -4133.330102 -4133.013045 -4132.254218 -4130.310495 -4124.994397 -4010.024042 -1786.672304 -1574.488057 -1565.469118 -1560.914774 -1559.636461 -1559.379593 -1559.335772 -1559.329226 -1559.328789 -1559.329271 -1559.329800 -1559.330238 -1559.330583 -1559.330855 -1559.331074 -1559.331253 -1559.331404 -1559.331537 -1559.331658 -1559.331780 -1559.331913 -1559.332075 -1559.332288 -1559.332591 -1559.333039 -1559.333729 -1559.334818 -1559.336577 -1559.339489 -1559.344436 -1559.353095 -1559.368735 -1559.397879 -1559.453868 -1559.564939 -1559.794171 -1560.292633 -1561.448566 -1564.333666 -1572.235625 -1597.065856 -9999.0 -9999.0
-9999.0 -9999.0 822.151749 724.074433 625.722448 527.107671 428.359965 329.554043 230.729176 131.906343 33.097653 -65.684914 -164.438286 -263.142376 -361.751007 -460.181565 -558.280524 -655.790227 -752.957729 -850.147850 -946.787527 -1042.633964 -1134.450788 -1217.680705 -1291.881353 -1355.401135 -1407.601394 -1448.877783 -1480.410522 -1503.798696 -1520.727217 -1532.741696 -1541.137899 -1546.936281 -1550.905723 -1553.609840 -1555.465482 -1556.841530 -1558.361439 -1561.950379 -1573.707913 -1614.824442 -1985.695874 -4081.912201 -4133.657893 -4133.663351 -4133.663327 -4133.663150 -4133.662308 -4133.659564 -4133.652083 -4133.630669 -4133.595538 -4133.550258 -4133.475257 -4133.330102 -4133.013045 -4132.254218 -4130.310495 -4124.994397 -4010.024042 -1786.672304 -1574.488057 -1565.469118 -1560.914774 -1559.636461 -1559.379593 -1559.335772 -1559.329226 -1559.328789 -1559.329271 -1559.329800 -1559.330238 -1559.330583 -1559.330855 -1559.331074 -1559.331253 -1559.331404 -1559.331537 -1559.331658 -1559.331780 -1559.331913 -1559.332075 -1559.332288 -1559.332591 -1559.333039 -1559.333729 -1559.334818 -1559.336577 -1559.339489 -1559.344436 -1559.353095 -1559.368735 -1559.397879 -1559.453868 -1559.564939 -1559.794171 -1560.292633 -1561.448566 -1564.333666 -1572.235625 -1597.065856 -9999.0 -9999.0
-9999.0 -9999.0 -9999.0 -9999.0 -9999.0 -9999.0 -9999.0 -9999.0 -9999.0 -9999.0 -9999.0 -9999.0 -9999.0 -9999.0 -9999.0 -9999.0 -9999.0 -9999.0 -9999.0 -9999.0 -9999.0 -9999.0 -9999.0 -9999.0 -9999.0 -9999.0 -9999.0 -9999.0 -9999.0 -9999.0 -9999.0 -9999.0 -9999.0 -9999.0 -9999.0 -9999.0 -9999.0 -9999.0 -9999.0 -9999.0 -9999.0 -9999.0 -9999.0 -9999.0 -9999.0 -9999.0 -9999.0 -9999.0 -9999.0 -9999.0 -9999.0 -9999.0 -9999.0 -9999.0 -9999.0 -9999.0 -9999.0 -9999.0 -9999.0 -9999.0 -9999.0 -9999.0 -9999.0 -9999.0 -9999.0 -9999.0 -9999.0 -9999.0 -9999.0 -9999.0 -9999.0 -9999.0 -9999.0 -9999.0 -9999.0 -9999.0 -9999.0 -9999.0 -9999.0 -9999.0 -9999.0 -9999.0 -9999.0 -9999.0 -9999.0 -9999.0 -9999.0 -9999.0 -9999.0 -9999.0 -9999.0 -9999.0 -9999.0 -9999.0 -9999.0 -9999.0 -9999.0 -9999.0 -9999.0 -9999.0 -9999.0 -9999.0 -9999.0 -9999.0
-9999.0 -9999.0 -9999.0 -9999.0 -9999.0 -9999.0 -9999.0 -9999.0 -9999.0 -9999.0 -9999.0 -9999.0 -9999.0 -9999.0 -9999.0 -9999.0 -9999.0 -9999.0 -9999.0 -9999.0 -9999.0 -9999.0 -9999.0 -9999.0 -9999.0 -9999.0 -9999.0 -9999.0 -9999.0 -9999.0 -9999.0 -9999.0 -9999.0 -9999.0 -9999.0 -9999.0 -9999.0 -9999.0 -9999.0 -9999.0 -9999.0 -9999.0 -9999.0 -9999.0 -9999.0 -9999.0 -9999.0 -9999.0 -9999.0 -9999.0 -9999.0 -9999.0 -9999.0 -9999.0 -9999.0 -9999.0 -9999.0 -9999.0 -9999.0 -9999.0 -9999.0 -9999.0 -9999.0 -9999.0 -9999.0 -9999.0 -9999.0 -9999.0 -9999.0 -9999.0 -9999.0 -9999.0 -9999.0 -9999.0 -9999.0 -9999.0 -9999.0 -9999.0 -9999.0 -9999.0 -9999.0 -9999.0 -9999.0 -9999.0 -9999.0 -9999.0 -9999.0 -9999.0 -9999.0 -9999.0 -9999.0 -9999.0 -9999.0 -9999.0 -9999.0 -9999.0 -9999.0 -9999.0 -9999.0 -9999.0 -9999.0 -9999.0 -9999.0 -9999.0