inst/processing_geotop_simulation/geotop_simulation/out/maps3D/PwL0021N0322.asc
ncols         104
nrows         10
xllcorner     -2.000000
yllcorner     0.000000
cellsize      1.000000
NODATA_value  -9999.0
-9999.0 -9999.0 -9999.0 -9999.0 -9999.0 -9999.0 -9999.0 -9999.0 -9999.0 -9999.0 -9999.0 -9999.0 -9999.0 -9999.0 -9999.0 -9999.0 -9999.0 -9999.0 -9999.0 -9999.0 -9999.0 -9999.0 -9999.0 -9999.0 -9999.0 -9999.0 -9999.0 -9999.0 -9999.0 -9999.0 -9999.0 -9999.0 -9999.0 -9999.0 -9999.0 -9999.0 -9999.0 -9999.0 -9999.0 -9999.0 -9999.0 -9999.0 -9999.0 -9999.0 -9999.0 -9999.0 -9999.0 -9999.0 -9999.0 -9999.0 -9999.0 -9999.0 -9999.0 -9999.0 -9999.0 -9999.0 -9999.0 -9999.0 -9999.0 -9999.0 -9999.0 -9999.0 -9999.0 -9999.0 -9999.0 -9999.0 -9999.0 -9999.0 -9999.0 -9999.0 -9999.0 -9999.0 -9999.0 -9999.0 -9999.0 -9999.0 -9999.0 -9999.0 -9999.0 -9999.0 -9999.0 -9999.0 -9999.0 -9999.0 -9999.0 -9999.0 -9999.0 -9999.0 -9999.0 -9999.0 -9999.0 -9999.0 -9999.0 -9999.0 -9999.0 -9999.0 -9999.0 -9999.0 -9999.0 -9999.0 -9999.0 -9999.0 -9999.0 -9999.0
-9999.0 -9999.0 -9999.0 -9999.0 -9999.0 -9999.0 -9999.0 -9999.0 -9999.0 -9999.0 -9999.0 -9999.0 -9999.0 -9999.0 -9999.0 -9999.0 -9999.0 -9999.0 -9999.0 -9999.0 -9999.0 -9999.0 -9999.0 -9999.0 -9999.0 -9999.0 -9999.0 -9999.0 -9999.0 -9999.0 -9999.0 -9999.0 -9999.0 -9999.0 -9999.0 -9999.0 -9999.0 -9999.0 -9999.0 -9999.0 -9999.0 -9999.0 -9999.0 -9999.0 -9999.0 -9999.0 -9999.0 -9999.0 -9999.0 -9999.0 -9999.0 -9999.0 -9999.0 -9999.0 -9999.0 -9999.0 -9999.0 -9999.0 -9999.0 -9999.0 -9999.0 -9999.0 -9999.0 -9999.0 -9999.0 -9999.0 -9999.0 -9999.0 -9999.0 -9999.0 -9999.0 -9999.0 -9999.0 -9999.0 -9999.0 -9999.0 -9999.0 -9999.0 -9999.0 -9999.0 -9999.0 -9999.0 -9999.0 -9999.0 -9999.0 -9999.0 -9999.0 -9999.0 -9999.0 -9999.0 -9999.0 -9999.0 -9999.0 -9999.0 -9999.0 -9999.0 -9999.0 -9999.0 -9999.0 -9999.0 -9999.0 -9999.0 -9999.0 -9999.0
-9999.0 -9999.0 1019.827924 921.197028 822.502411 723.647941 624.701449 525.713411 426.712713 327.715414 228.730574 129.763446 30.817733 -68.099672 -166.987491 -265.827901 -364.580155 -463.163841 -561.430356 -659.117290 -756.412365 -853.608588 -950.096720 -1045.610894 -1135.931601 -1216.080140 -1286.766674 -1346.754578 -1395.730073 -1434.280726 -1463.653308 -1485.421842 -1501.193487 -1512.416530 -1520.292792 -1525.766918 -1529.567533 -1532.317667 -1534.874376 -1539.411771 -1552.332069 -1594.064046 -1703.786612 -2965.075659 -3922.707083 -3920.715313 -3706.850443 -3222.919933 -2867.575472 -2640.257774 -2480.341140 -2346.475263 -2264.700873 -2211.724222 -2162.473259 -2110.860523 -2055.097921 -1995.928119 -1935.277339 -1874.339106 -1801.366124 -1465.604275 -1551.008706 -1544.030906 -1539.429461 -1538.063933 -1537.771804 -1537.719407 -1537.711225 -1537.710494 -1537.710920 -1537.711442 -1537.711891 -1537.712259 -1537.712561 -1537.712815 -1537.713034 -1537.713229 -1537.713407 -1537.713578 -1537.713750 -1537.713935 -1537.714149 -1537.714414 -1537.714765 -1537.715255 -1537.715976 -1537.717075 -1537.718811 -1537.721643 -1537.726418 -1537.734747 -1537.749787 -1537.777880 -1537.832145 -1537.940857 -1538.168655 -1538.673672 -1539.867643 -1542.891756 -1551.218057 -1577.053520 -9999.0 -9999.0
-9999.0 -9999.0 1019.830594 921.198087 822.502767 723.648060 624.701489 525.713426 426.712719 327.715416 228.730575 129.763446 30.817733 -68.099672 -166.987491 -265.827901 -364.580155 -463.163841 -561.430356 -659.117291 -756.412365 -853.608589 -950.096720 -1045.610894 -1135.931601 -1216.080140 -1286.766674 -1346.754578 -1395.730073 -1434.280726 -1463.653308 -1485.421842 -1501.193487 -1512.416530 -1520.292792 -1525.766918 -1529.567533 -1532.317667 -1534.874376 -1539.411771 -1552.332069 -1594.064046 -1703.786612 -2965.075658 -3922.707083 -3920.715313 -3706.850443 -3222.919932 -2867.575471 -2640.257773 -2480.341138 -2346.475263 -2264.700872 -2211.724222 -2162.473259 -2110.860523 -2055.097921 -1995.928119 -1935.277338 -1874.339106 -1801.366124 -1465.604275 -1551.008706 -1544.030906 -1539.429461 -1538.063933 -1537.771804 -1537.719407 -1537.711225 -1537.710494 -1537.710920 -1537.711442 -1537.711891 -1537.712259 -1537.712561 -1537.712815 -1537.713034 -1537.713229 -1537.713407 -1537.713578 -1537.713750 -1537.713935 -1537.714149 -1537.714414 -1537.714765 -1537.715255 -1537.715976 -1537.717075 -1537.718811 -1537.721643 -1537.726418 -1537.734747 -1537.749787 -1537.777880 -1537.832145 -1537.940857 -1538.168655 -1538.673672 -1539.867643 -1542.891756 -1551.218057 -1577.053520 -9999.0 -9999.0
-9999.0 -9999.0 1019.831673 921.198672 822.503017 723.648156 624.701525 525.713439 426.712723 327.715418 228.730575 129.763446 30.817734 -68.099672 -166.987491 -265.827901 -364.580155 -463.163841 -561.430356 -659.117291 -756.412365 -853.608589 -950.096720 -1045.610894 -1135.931601 -1216.080140 -1286.766674 -1346.754579 -1395.730073 -1434.280726 -1463.653309 -1485.421842 -1501.193487 -1512.416530 -1520.292792 -1525.766918 -1529.567533 -1532.317667 -1534.874376 -1539.411771 -1552.332069 -1594.064046 -1703.786612 -2965.075658 -3922.707083 -3920.715313 -3706.850443 -3222.919931 -2867.575471 -2640.257772 -2480.341137 -2346.475262 -2264.700872 -2211.724222 -2162.473259 -2110.860523 -2055.097921 -1995.928119 -1935.277339 -1874.339106 -1801.366124 -1465.604275 -1551.008706 -1544.030906 -1539.429461 -1538.063933 -1537.771804 -1537.719407 -1537.711225 -1537.710494 -1537.710920 -1537.711442 -1537.711891 -1537.712259 -1537.712561 -1537.712815 -1537.713034 -1537.713229 -1537.713407 -1537.713578 -1537.713750 -1537.713935 -1537.714149 -1537.714414 -1537.714765 -1537.715255 -1537.715976 -1537.717075 -1537.718811 -1537.721643 -1537.726418 -1537.734747 -1537.749787 -1537.777880 -1537.832145 -1537.940857 -1538.168655 -1538.673672 -1539.867643 -1542.891756 -1551.218057 -1577.053520 -9999.0 -9999.0
-9999.0 -9999.0 1019.831673 921.198672 822.503017 723.648156 624.701525 525.713439 426.712724 327.715418 228.730575 129.763446 30.817734 -68.099672 -166.987491 -265.827901 -364.580155 -463.163841 -561.430356 -659.117291 -756.412365 -853.608589 -950.096720 -1045.610894 -1135.931601 -1216.080140 -1286.766674 -1346.754579 -1395.730073 -1434.280726 -1463.653309 -1485.421842 -1501.193487 -1512.416530 -1520.292792 -1525.766918 -1529.567533 -1532.317667 -1534.874376 -1539.411771 -1552.332069 -1594.064046 -1703.786612 -2965.075658 -3922.707083 -3920.715313 -3706.850443 -3222.919931 -2867.575471 -2640.257772 -2480.341137 -2346.475262 -2264.700872 -2211.724222 -2162.473259 -2110.860523 -2055.097921 -1995.928119 -1935.277338 -1874.339106 -1801.366124 -1465.604275 -1551.008706 -1544.030906 -1539.429461 -1538.063933 -1537.771804 -1537.719407 -1537.711225 -1537.710494 -1537.710920 -1537.711442 -1537.711891 -1537.712259 -1537.712561 -1537.712815 -1537.713034 -1537.713229 -1537.713407 -1537.713578 -1537.713750 -1537.713935 -1537.714149 -1537.714414 -1537.714765 -1537.715255 -1537.715976 -1537.717075 -1537.718811 -1537.721643 -1537.726418 -1537.734747 -1537.749787 -1537.777880 -1537.832145 -1537.940857 -1538.168655 -1538.673672 -1539.867643 -1542.891756 -1551.218057 -1577.053520 -9999.0 -9999.0
-9999.0 -9999.0 1019.830594 921.198087 822.502767 723.648060 624.701489 525.713426 426.712719 327.715416 228.730575 129.763446 30.817733 -68.099672 -166.987491 -265.827901 -364.580155 -463.163841 -561.430356 -659.117291 -756.412365 -853.608589 -950.096720 -1045.610894 -1135.931601 -1216.080140 -1286.766674 -1346.754578 -1395.730073 -1434.280726 -1463.653308 -1485.421842 -1501.193487 -1512.416530 -1520.292792 -1525.766918 -1529.567533 -1532.317667 -1534.874376 -1539.411771 -1552.332069 -1594.064046 -1703.786612 -2965.075658 -3922.707083 -3920.715313 -3706.850443 -3222.919932 -2867.575471 -2640.257773 -2480.341138 -2346.475263 -2264.700872 -2211.724222 -2162.473259 -2110.860523 -2055.097921 -1995.928119 -1935.277339 -1874.339106 -1801.366124 -1465.604275 -1551.008706 -1544.030906 -1539.429461 -1538.063933 -1537.771804 -1537.719407 -1537.711225 -1537.710494 -1537.710920 -1537.711442 -1537.711891 -1537.712259 -1537.712561 -1537.712815 -1537.713034 -1537.713229 -1537.713407 -1537.713578 -1537.713750 -1537.713935 -1537.714149 -1537.714414 -1537.714765 -1537.715255 -1537.715976 -1537.717075 -1537.718811 -1537.721643 -1537.726418 -1537.734747 -1537.749787 -1537.777880 -1537.832145 -1537.940857 -1538.168655 -1538.673672 -1539.867643 -1542.891756 -1551.218057 -1577.053520 -9999.0 -9999.0
-9999.0 -9999.0 1019.827924 921.197028 822.502411 723.647941 624.701449 525.713411 426.712713 327.715414 228.730574 129.763446 30.817733 -68.099672 -166.987491 -265.827901 -364.580155 -463.163841 -561.430356 -659.117290 -756.412365 -853.608588 -950.096720 -1045.610894 -1135.931601 -1216.080140 -1286.766674 -1346.754578 -1395.730073 -1434.280726 -1463.653308 -1485.421842 -1501.193487 -1512.416530 -1520.292792 -1525.766918 -1529.567533 -1532.317667 -1534.874376 -1539.411771 -1552.332069 -1594.064046 -1703.786612 -2965.075660 -3922.707083 -3920.715313 -3706.850443 -3222.919933 -2867.575472 -2640.257775 -2480.341141 -2346.475263 -2264.700873 -2211.724222 -2162.473259 -2110.860523 -2055.097921 -1995.928119 -1935.277339 -1874.339106 -1801.366124 -1465.604275 -1551.008706 -1544.030906 -1539.429461 -1538.063933 -1537.771804 -1537.719407 -1537.711225 -1537.710494 -1537.710920 -1537.711442 -1537.711891 -1537.712259 -1537.712561 -1537.712815 -1537.713034 -1537.713229 -1537.713407 -1537.713578 -1537.713750 -1537.713935 -1537.714149 -1537.714414 -1537.714765 -1537.715255 -1537.715976 -1537.717075 -1537.718811 -1537.721643 -1537.726418 -1537.734747 -1537.749787 -1537.777880 -1537.832145 -1537.940857 -1538.168655 -1538.673672 -1539.867643 -1542.891756 -1551.218057 -1577.053520 -9999.0 -9999.0
-9999.0 -9999.0 -9999.0 -9999.0 -9999.0 -9999.0 -9999.0 -9999.0 -9999.0 -9999.0 -9999.0 -9999.0 -9999.0 -9999.0 -9999.0 -9999.0 -9999.0 -9999.0 -9999.0 -9999.0 -9999.0 -9999.0 -9999.0 -9999.0 -9999.0 -9999.0 -9999.0 -9999.0 -9999.0 -9999.0 -9999.0 -9999.0 -9999.0 -9999.0 -9999.0 -9999.0 -9999.0 -9999.0 -9999.0 -9999.0 -9999.0 -9999.0 -9999.0 -9999.0 -9999.0 -9999.0 -9999.0 -9999.0 -9999.0 -9999.0 -9999.0 -9999.0 -9999.0 -9999.0 -9999.0 -9999.0 -9999.0 -9999.0 -9999.0 -9999.0 -9999.0 -9999.0 -9999.0 -9999.0 -9999.0 -9999.0 -9999.0 -9999.0 -9999.0 -9999.0 -9999.0 -9999.0 -9999.0 -9999.0 -9999.0 -9999.0 -9999.0 -9999.0 -9999.0 -9999.0 -9999.0 -9999.0 -9999.0 -9999.0 -9999.0 -9999.0 -9999.0 -9999.0 -9999.0 -9999.0 -9999.0 -9999.0 -9999.0 -9999.0 -9999.0 -9999.0 -9999.0 -9999.0 -9999.0 -9999.0 -9999.0 -9999.0 -9999.0 -9999.0
-9999.0 -9999.0 -9999.0 -9999.0 -9999.0 -9999.0 -9999.0 -9999.0 -9999.0 -9999.0 -9999.0 -9999.0 -9999.0 -9999.0 -9999.0 -9999.0 -9999.0 -9999.0 -9999.0 -9999.0 -9999.0 -9999.0 -9999.0 -9999.0 -9999.0 -9999.0 -9999.0 -9999.0 -9999.0 -9999.0 -9999.0 -9999.0 -9999.0 -9999.0 -9999.0 -9999.0 -9999.0 -9999.0 -9999.0 -9999.0 -9999.0 -9999.0 -9999.0 -9999.0 -9999.0 -9999.0 -9999.0 -9999.0 -9999.0 -9999.0 -9999.0 -9999.0 -9999.0 -9999.0 -9999.0 -9999.0 -9999.0 -9999.0 -9999.0 -9999.0 -9999.0 -9999.0 -9999.0 -9999.0 -9999.0 -9999.0 -9999.0 -9999.0 -9999.0 -9999.0 -9999.0 -9999.0 -9999.0 -9999.0 -9999.0 -9999.0 -9999.0 -9999.0 -9999.0 -9999.0 -9999.0 -9999.0 -9999.0 -9999.0 -9999.0 -9999.0 -9999.0 -9999.0 -9999.0 -9999.0 -9999.0 -9999.0 -9999.0 -9999.0 -9999.0 -9999.0 -9999.0 -9999.0 -9999.0 -9999.0 -9999.0 -9999.0 -9999.0 -9999.0