inst/processing_geotop_simulation/geotop_simulation/out/maps3D/PwL0008N0283.asc
ncols         104
nrows         10
xllcorner     -2.000000
yllcorner     0.000000
cellsize      1.000000
NODATA_value  -9999.0
-9999.0 -9999.0 -9999.0 -9999.0 -9999.0 -9999.0 -9999.0 -9999.0 -9999.0 -9999.0 -9999.0 -9999.0 -9999.0 -9999.0 -9999.0 -9999.0 -9999.0 -9999.0 -9999.0 -9999.0 -9999.0 -9999.0 -9999.0 -9999.0 -9999.0 -9999.0 -9999.0 -9999.0 -9999.0 -9999.0 -9999.0 -9999.0 -9999.0 -9999.0 -9999.0 -9999.0 -9999.0 -9999.0 -9999.0 -9999.0 -9999.0 -9999.0 -9999.0 -9999.0 -9999.0 -9999.0 -9999.0 -9999.0 -9999.0 -9999.0 -9999.0 -9999.0 -9999.0 -9999.0 -9999.0 -9999.0 -9999.0 -9999.0 -9999.0 -9999.0 -9999.0 -9999.0 -9999.0 -9999.0 -9999.0 -9999.0 -9999.0 -9999.0 -9999.0 -9999.0 -9999.0 -9999.0 -9999.0 -9999.0 -9999.0 -9999.0 -9999.0 -9999.0 -9999.0 -9999.0 -9999.0 -9999.0 -9999.0 -9999.0 -9999.0 -9999.0 -9999.0 -9999.0 -9999.0 -9999.0 -9999.0 -9999.0 -9999.0 -9999.0 -9999.0 -9999.0 -9999.0 -9999.0 -9999.0 -9999.0 -9999.0 -9999.0 -9999.0 -9999.0
-9999.0 -9999.0 -9999.0 -9999.0 -9999.0 -9999.0 -9999.0 -9999.0 -9999.0 -9999.0 -9999.0 -9999.0 -9999.0 -9999.0 -9999.0 -9999.0 -9999.0 -9999.0 -9999.0 -9999.0 -9999.0 -9999.0 -9999.0 -9999.0 -9999.0 -9999.0 -9999.0 -9999.0 -9999.0 -9999.0 -9999.0 -9999.0 -9999.0 -9999.0 -9999.0 -9999.0 -9999.0 -9999.0 -9999.0 -9999.0 -9999.0 -9999.0 -9999.0 -9999.0 -9999.0 -9999.0 -9999.0 -9999.0 -9999.0 -9999.0 -9999.0 -9999.0 -9999.0 -9999.0 -9999.0 -9999.0 -9999.0 -9999.0 -9999.0 -9999.0 -9999.0 -9999.0 -9999.0 -9999.0 -9999.0 -9999.0 -9999.0 -9999.0 -9999.0 -9999.0 -9999.0 -9999.0 -9999.0 -9999.0 -9999.0 -9999.0 -9999.0 -9999.0 -9999.0 -9999.0 -9999.0 -9999.0 -9999.0 -9999.0 -9999.0 -9999.0 -9999.0 -9999.0 -9999.0 -9999.0 -9999.0 -9999.0 -9999.0 -9999.0 -9999.0 -9999.0 -9999.0 -9999.0 -9999.0 -9999.0 -9999.0 -9999.0 -9999.0 -9999.0
-9999.0 -9999.0 375.446633 278.683207 180.728964 82.300661 -16.317363 -115.009501 -213.725498 -312.425621 -411.068597 -509.573886 -607.766771 -705.306990 -802.915318 -900.405548 -997.655963 -1094.695467 -1189.291630 -1281.275006 -1368.602774 -1448.075245 -1516.637845 -1572.707993 -1616.471338 -1649.371698 -1673.400922 -1690.565231 -1702.611755 -1710.944905 -1716.640217 -1720.494141 -1723.081314 -1724.807571 -1725.954845 -1726.718500 -1727.242520 -1727.680800 -1728.423596 -1730.913999 -1738.359158 -1733.338813 -1214.721602 -1290.355122 -1260.403619 -1241.374922 -1232.589839 -1231.357979 -1231.230250 -1231.243208 -1231.276310 -1231.311844 -1231.345978 -1231.377577 -1231.406867 -1231.440616 -1231.544166 -1232.257485 -1236.837885 -1247.172599 -1261.254229 -1169.304488 -1703.912885 -1731.713014 -1729.528202 -1728.534267 -1728.332228 -1728.298628 -1728.293813 -1728.293690 -1728.294256 -1728.294818 -1728.295270 -1728.295618 -1728.295886 -1728.296096 -1728.296262 -1728.296398 -1728.296513 -1728.296616 -1728.296718 -1728.296831 -1728.296973 -1728.297170 -1728.297460 -1728.297904 -1728.298602 -1728.299720 -1728.301540 -1728.304564 -1728.309705 -1728.318685 -1728.334847 -1728.364816 -1728.421969 -1728.533986 -1728.760669 -1729.240137 -1730.318437 -1732.946356 -1740.113003 -1763.316030 -9999.0 -9999.0
-9999.0 -9999.0 375.453822 278.685034 180.729456 82.300807 -16.317316 -115.009486 -213.725492 -312.425619 -411.068596 -509.573886 -607.766770 -705.306990 -802.915318 -900.405548 -997.655963 -1094.695467 -1189.291630 -1281.275007 -1368.602775 -1448.075245 -1516.637845 -1572.707993 -1616.471338 -1649.371699 -1673.400922 -1690.565231 -1702.611755 -1710.944905 -1716.640217 -1720.494141 -1723.081314 -1724.807571 -1725.954845 -1726.718500 -1727.242520 -1727.680800 -1728.423596 -1730.913999 -1738.359158 -1733.338813 -1214.721602 -1290.355122 -1260.403618 -1241.374922 -1232.589839 -1231.357979 -1231.230250 -1231.243208 -1231.276310 -1231.311844 -1231.345978 -1231.377577 -1231.406867 -1231.440616 -1231.544166 -1232.257485 -1236.837885 -1247.172599 -1261.254229 -1169.304488 -1703.912885 -1731.713014 -1729.528202 -1728.534267 -1728.332228 -1728.298628 -1728.293813 -1728.293690 -1728.294256 -1728.294818 -1728.295270 -1728.295618 -1728.295886 -1728.296096 -1728.296262 -1728.296398 -1728.296513 -1728.296616 -1728.296718 -1728.296831 -1728.296973 -1728.297170 -1728.297460 -1728.297904 -1728.298602 -1728.299720 -1728.301540 -1728.304564 -1728.309705 -1728.318685 -1728.334847 -1728.364816 -1728.421969 -1728.533986 -1728.760669 -1729.240137 -1730.318437 -1732.946356 -1740.113003 -1763.316030 -9999.0 -9999.0
-9999.0 -9999.0 375.455298 278.685824 180.729771 82.300923 -16.317275 -115.009471 -213.725487 -312.425617 -411.068596 -509.573885 -607.766770 -705.306990 -802.915318 -900.405548 -997.655964 -1094.695468 -1189.291630 -1281.275007 -1368.602775 -1448.075245 -1516.637846 -1572.707993 -1616.471338 -1649.371699 -1673.400922 -1690.565231 -1702.611755 -1710.944905 -1716.640217 -1720.494141 -1723.081314 -1724.807571 -1725.954845 -1726.718500 -1727.242520 -1727.680800 -1728.423596 -1730.913999 -1738.359158 -1733.338813 -1214.721602 -1290.355122 -1260.403618 -1241.374922 -1232.589839 -1231.357979 -1231.230250 -1231.243208 -1231.276310 -1231.311844 -1231.345978 -1231.377577 -1231.406867 -1231.440616 -1231.544166 -1232.257485 -1236.837885 -1247.172599 -1261.254229 -1169.304488 -1703.912885 -1731.713014 -1729.528202 -1728.534267 -1728.332228 -1728.298628 -1728.293813 -1728.293690 -1728.294256 -1728.294818 -1728.295270 -1728.295618 -1728.295886 -1728.296096 -1728.296262 -1728.296398 -1728.296513 -1728.296616 -1728.296718 -1728.296831 -1728.296973 -1728.297170 -1728.297460 -1728.297904 -1728.298602 -1728.299720 -1728.301540 -1728.304564 -1728.309705 -1728.318685 -1728.334847 -1728.364816 -1728.421969 -1728.533986 -1728.760669 -1729.240137 -1730.318437 -1732.946356 -1740.113003 -1763.316030 -9999.0 -9999.0
-9999.0 -9999.0 375.455298 278.685824 180.729771 82.300923 -16.317275 -115.009471 -213.725486 -312.425617 -411.068596 -509.573885 -607.766770 -705.306990 -802.915318 -900.405548 -997.655964 -1094.695468 -1189.291630 -1281.275007 -1368.602775 -1448.075245 -1516.637846 -1572.707993 -1616.471338 -1649.371699 -1673.400922 -1690.565231 -1702.611755 -1710.944905 -1716.640217 -1720.494141 -1723.081314 -1724.807571 -1725.954845 -1726.718500 -1727.242520 -1727.680800 -1728.423596 -1730.913999 -1738.359158 -1733.338813 -1214.721602 -1290.355122 -1260.403618 -1241.374922 -1232.589839 -1231.357979 -1231.230250 -1231.243208 -1231.276310 -1231.311844 -1231.345978 -1231.377577 -1231.406867 -1231.440616 -1231.544166 -1232.257485 -1236.837885 -1247.172599 -1261.254229 -1169.304488 -1703.912885 -1731.713014 -1729.528202 -1728.534267 -1728.332228 -1728.298628 -1728.293813 -1728.293690 -1728.294256 -1728.294818 -1728.295270 -1728.295618 -1728.295886 -1728.296096 -1728.296262 -1728.296398 -1728.296513 -1728.296616 -1728.296718 -1728.296831 -1728.296973 -1728.297170 -1728.297460 -1728.297904 -1728.298602 -1728.299720 -1728.301540 -1728.304564 -1728.309705 -1728.318685 -1728.334847 -1728.364816 -1728.421969 -1728.533986 -1728.760669 -1729.240137 -1730.318437 -1732.946356 -1740.113003 -1763.316030 -9999.0 -9999.0
-9999.0 -9999.0 375.453822 278.685034 180.729456 82.300808 -16.317316 -115.009486 -213.725492 -312.425619 -411.068597 -509.573886 -607.766770 -705.306990 -802.915318 -900.405548 -997.655963 -1094.695467 -1189.291630 -1281.275007 -1368.602775 -1448.075245 -1516.637845 -1572.707993 -1616.471338 -1649.371699 -1673.400922 -1690.565231 -1702.611755 -1710.944905 -1716.640217 -1720.494141 -1723.081314 -1724.807571 -1725.954845 -1726.718500 -1727.242520 -1727.680800 -1728.423596 -1730.913999 -1738.359158 -1733.338813 -1214.721602 -1290.355122 -1260.403618 -1241.374922 -1232.589839 -1231.357979 -1231.230250 -1231.243208 -1231.276310 -1231.311844 -1231.345978 -1231.377577 -1231.406867 -1231.440616 -1231.544166 -1232.257485 -1236.837885 -1247.172599 -1261.254229 -1169.304488 -1703.912885 -1731.713014 -1729.528202 -1728.534267 -1728.332228 -1728.298628 -1728.293813 -1728.293690 -1728.294256 -1728.294818 -1728.295270 -1728.295618 -1728.295886 -1728.296096 -1728.296262 -1728.296398 -1728.296513 -1728.296616 -1728.296718 -1728.296831 -1728.296973 -1728.297170 -1728.297460 -1728.297904 -1728.298602 -1728.299720 -1728.301540 -1728.304564 -1728.309705 -1728.318685 -1728.334847 -1728.364816 -1728.421969 -1728.533986 -1728.760669 -1729.240137 -1730.318437 -1732.946356 -1740.113003 -1763.316030 -9999.0 -9999.0
-9999.0 -9999.0 375.446633 278.683207 180.728964 82.300661 -16.317363 -115.009502 -213.725497 -312.425621 -411.068597 -509.573886 -607.766771 -705.306990 -802.915318 -900.405548 -997.655963 -1094.695467 -1189.291630 -1281.275006 -1368.602774 -1448.075245 -1516.637845 -1572.707993 -1616.471338 -1649.371698 -1673.400922 -1690.565231 -1702.611755 -1710.944905 -1716.640217 -1720.494141 -1723.081314 -1724.807571 -1725.954845 -1726.718500 -1727.242520 -1727.680800 -1728.423596 -1730.913999 -1738.359158 -1733.338813 -1214.721602 -1290.355122 -1260.403619 -1241.374922 -1232.589839 -1231.357979 -1231.230250 -1231.243208 -1231.276310 -1231.311844 -1231.345978 -1231.377577 -1231.406867 -1231.440616 -1231.544166 -1232.257485 -1236.837885 -1247.172599 -1261.254229 -1169.304488 -1703.912885 -1731.713014 -1729.528202 -1728.534267 -1728.332228 -1728.298628 -1728.293813 -1728.293690 -1728.294256 -1728.294818 -1728.295270 -1728.295618 -1728.295886 -1728.296096 -1728.296262 -1728.296398 -1728.296513 -1728.296616 -1728.296718 -1728.296831 -1728.296973 -1728.297170 -1728.297460 -1728.297904 -1728.298602 -1728.299720 -1728.301540 -1728.304564 -1728.309705 -1728.318685 -1728.334847 -1728.364816 -1728.421969 -1728.533986 -1728.760669 -1729.240137 -1730.318437 -1732.946356 -1740.113003 -1763.316030 -9999.0 -9999.0
-9999.0 -9999.0 -9999.0 -9999.0 -9999.0 -9999.0 -9999.0 -9999.0 -9999.0 -9999.0 -9999.0 -9999.0 -9999.0 -9999.0 -9999.0 -9999.0 -9999.0 -9999.0 -9999.0 -9999.0 -9999.0 -9999.0 -9999.0 -9999.0 -9999.0 -9999.0 -9999.0 -9999.0 -9999.0 -9999.0 -9999.0 -9999.0 -9999.0 -9999.0 -9999.0 -9999.0 -9999.0 -9999.0 -9999.0 -9999.0 -9999.0 -9999.0 -9999.0 -9999.0 -9999.0 -9999.0 -9999.0 -9999.0 -9999.0 -9999.0 -9999.0 -9999.0 -9999.0 -9999.0 -9999.0 -9999.0 -9999.0 -9999.0 -9999.0 -9999.0 -9999.0 -9999.0 -9999.0 -9999.0 -9999.0 -9999.0 -9999.0 -9999.0 -9999.0 -9999.0 -9999.0 -9999.0 -9999.0 -9999.0 -9999.0 -9999.0 -9999.0 -9999.0 -9999.0 -9999.0 -9999.0 -9999.0 -9999.0 -9999.0 -9999.0 -9999.0 -9999.0 -9999.0 -9999.0 -9999.0 -9999.0 -9999.0 -9999.0 -9999.0 -9999.0 -9999.0 -9999.0 -9999.0 -9999.0 -9999.0 -9999.0 -9999.0 -9999.0 -9999.0
-9999.0 -9999.0 -9999.0 -9999.0 -9999.0 -9999.0 -9999.0 -9999.0 -9999.0 -9999.0 -9999.0 -9999.0 -9999.0 -9999.0 -9999.0 -9999.0 -9999.0 -9999.0 -9999.0 -9999.0 -9999.0 -9999.0 -9999.0 -9999.0 -9999.0 -9999.0 -9999.0 -9999.0 -9999.0 -9999.0 -9999.0 -9999.0 -9999.0 -9999.0 -9999.0 -9999.0 -9999.0 -9999.0 -9999.0 -9999.0 -9999.0 -9999.0 -9999.0 -9999.0 -9999.0 -9999.0 -9999.0 -9999.0 -9999.0 -9999.0 -9999.0 -9999.0 -9999.0 -9999.0 -9999.0 -9999.0 -9999.0 -9999.0 -9999.0 -9999.0 -9999.0 -9999.0 -9999.0 -9999.0 -9999.0 -9999.0 -9999.0 -9999.0 -9999.0 -9999.0 -9999.0 -9999.0 -9999.0 -9999.0 -9999.0 -9999.0 -9999.0 -9999.0 -9999.0 -9999.0 -9999.0 -9999.0 -9999.0 -9999.0 -9999.0 -9999.0 -9999.0 -9999.0 -9999.0 -9999.0 -9999.0 -9999.0 -9999.0 -9999.0 -9999.0 -9999.0 -9999.0 -9999.0 -9999.0 -9999.0 -9999.0 -9999.0 -9999.0 -9999.0