inst/processing_geotop_simulation/geotop_simulation/out/maps3D/PwL0009N0259.asc
ncols         104
nrows         10
xllcorner     -2.000000
yllcorner     0.000000
cellsize      1.000000
NODATA_value  -9999.0
-9999.0 -9999.0 -9999.0 -9999.0 -9999.0 -9999.0 -9999.0 -9999.0 -9999.0 -9999.0 -9999.0 -9999.0 -9999.0 -9999.0 -9999.0 -9999.0 -9999.0 -9999.0 -9999.0 -9999.0 -9999.0 -9999.0 -9999.0 -9999.0 -9999.0 -9999.0 -9999.0 -9999.0 -9999.0 -9999.0 -9999.0 -9999.0 -9999.0 -9999.0 -9999.0 -9999.0 -9999.0 -9999.0 -9999.0 -9999.0 -9999.0 -9999.0 -9999.0 -9999.0 -9999.0 -9999.0 -9999.0 -9999.0 -9999.0 -9999.0 -9999.0 -9999.0 -9999.0 -9999.0 -9999.0 -9999.0 -9999.0 -9999.0 -9999.0 -9999.0 -9999.0 -9999.0 -9999.0 -9999.0 -9999.0 -9999.0 -9999.0 -9999.0 -9999.0 -9999.0 -9999.0 -9999.0 -9999.0 -9999.0 -9999.0 -9999.0 -9999.0 -9999.0 -9999.0 -9999.0 -9999.0 -9999.0 -9999.0 -9999.0 -9999.0 -9999.0 -9999.0 -9999.0 -9999.0 -9999.0 -9999.0 -9999.0 -9999.0 -9999.0 -9999.0 -9999.0 -9999.0 -9999.0 -9999.0 -9999.0 -9999.0 -9999.0 -9999.0 -9999.0
-9999.0 -9999.0 -9999.0 -9999.0 -9999.0 -9999.0 -9999.0 -9999.0 -9999.0 -9999.0 -9999.0 -9999.0 -9999.0 -9999.0 -9999.0 -9999.0 -9999.0 -9999.0 -9999.0 -9999.0 -9999.0 -9999.0 -9999.0 -9999.0 -9999.0 -9999.0 -9999.0 -9999.0 -9999.0 -9999.0 -9999.0 -9999.0 -9999.0 -9999.0 -9999.0 -9999.0 -9999.0 -9999.0 -9999.0 -9999.0 -9999.0 -9999.0 -9999.0 -9999.0 -9999.0 -9999.0 -9999.0 -9999.0 -9999.0 -9999.0 -9999.0 -9999.0 -9999.0 -9999.0 -9999.0 -9999.0 -9999.0 -9999.0 -9999.0 -9999.0 -9999.0 -9999.0 -9999.0 -9999.0 -9999.0 -9999.0 -9999.0 -9999.0 -9999.0 -9999.0 -9999.0 -9999.0 -9999.0 -9999.0 -9999.0 -9999.0 -9999.0 -9999.0 -9999.0 -9999.0 -9999.0 -9999.0 -9999.0 -9999.0 -9999.0 -9999.0 -9999.0 -9999.0 -9999.0 -9999.0 -9999.0 -9999.0 -9999.0 -9999.0 -9999.0 -9999.0 -9999.0 -9999.0 -9999.0 -9999.0 -9999.0 -9999.0 -9999.0 -9999.0
-9999.0 -9999.0 425.951490 329.584366 231.973806 133.826091 35.455839 -63.000168 -161.483725 -259.956056 -358.372243 -456.654638 -554.633723 -651.962079 -748.838154 -845.872088 -942.591751 -1039.014413 -1133.945978 -1225.367647 -1311.886497 -1390.165937 -1457.234923 -1511.715536 -1553.977280 -1585.572515 -1608.531549 -1624.853187 -1636.254691 -1644.104047 -1649.442161 -1653.035808 -1655.435518 -1657.028146 -1658.080988 -1658.778256 -1659.254975 -1659.654632 -1660.350543 -1662.834014 -1671.392994 -1680.061787 -1271.716728 -1406.685068 -1361.452520 -1333.444926 -1320.645381 -1318.909735 -1318.731990 -1318.750551 -1318.797147 -1318.847110 -1318.895089 -1318.939497 -1318.980614 -1319.027593 -1319.169769 -1320.160818 -1326.775264 -1341.827084 -1363.029021 -1209.994501 -1649.643684 -1664.746528 -1661.486607 -1660.443540 -1660.247241 -1660.215612 -1660.211196 -1660.211186 -1660.211813 -1660.212417 -1660.212900 -1660.213272 -1660.213557 -1660.213780 -1660.213957 -1660.214100 -1660.214222 -1660.214330 -1660.214437 -1660.214556 -1660.214706 -1660.214913 -1660.215219 -1660.215687 -1660.216424 -1660.217604 -1660.219526 -1660.222715 -1660.228131 -1660.237578 -1660.254554 -1660.285984 -1660.345819 -1660.462830 -1660.698801 -1661.195414 -1662.304951 -1664.984953 -1672.201184 -1695.293164 -9999.0 -9999.0
-9999.0 -9999.0 425.958294 329.586177 231.974302 133.826239 35.455887 -63.000152 -161.483719 -259.956053 -358.372242 -456.654638 -554.633723 -651.962079 -748.838154 -845.872088 -942.591751 -1039.014413 -1133.945978 -1225.367647 -1311.886497 -1390.165937 -1457.234923 -1511.715537 -1553.977280 -1585.572515 -1608.531549 -1624.853187 -1636.254691 -1644.104047 -1649.442161 -1653.035808 -1655.435518 -1657.028146 -1658.080988 -1658.778256 -1659.254975 -1659.654632 -1660.350543 -1662.834014 -1671.392994 -1680.061787 -1271.716728 -1406.685067 -1361.452519 -1333.444925 -1320.645381 -1318.909735 -1318.731990 -1318.750551 -1318.797147 -1318.847110 -1318.895089 -1318.939497 -1318.980614 -1319.027593 -1319.169769 -1320.160818 -1326.775264 -1341.827084 -1363.029021 -1209.994501 -1649.643684 -1664.746528 -1661.486607 -1660.443540 -1660.247241 -1660.215612 -1660.211196 -1660.211186 -1660.211813 -1660.212417 -1660.212900 -1660.213272 -1660.213557 -1660.213780 -1660.213957 -1660.214100 -1660.214222 -1660.214330 -1660.214437 -1660.214556 -1660.214706 -1660.214913 -1660.215219 -1660.215687 -1660.216424 -1660.217604 -1660.219526 -1660.222715 -1660.228131 -1660.237578 -1660.254554 -1660.285984 -1660.345819 -1660.462830 -1660.698801 -1661.195414 -1662.304951 -1664.984953 -1672.201184 -1695.293164 -9999.0 -9999.0
-9999.0 -9999.0 425.959800 329.586975 231.974621 133.826356 35.455929 -63.000137 -161.483714 -259.956051 -358.372242 -456.654638 -554.633723 -651.962079 -748.838154 -845.872088 -942.591751 -1039.014413 -1133.945978 -1225.367647 -1311.886497 -1390.165937 -1457.234923 -1511.715537 -1553.977280 -1585.572515 -1608.531549 -1624.853187 -1636.254691 -1644.104047 -1649.442161 -1653.035808 -1655.435518 -1657.028146 -1658.080988 -1658.778256 -1659.254975 -1659.654632 -1660.350543 -1662.834014 -1671.392994 -1680.061787 -1271.716728 -1406.685067 -1361.452519 -1333.444925 -1320.645381 -1318.909735 -1318.731990 -1318.750551 -1318.797147 -1318.847110 -1318.895089 -1318.939497 -1318.980614 -1319.027593 -1319.169769 -1320.160818 -1326.775264 -1341.827084 -1363.029021 -1209.994501 -1649.643684 -1664.746528 -1661.486607 -1660.443540 -1660.247241 -1660.215612 -1660.211196 -1660.211186 -1660.211813 -1660.212417 -1660.212900 -1660.213272 -1660.213557 -1660.213780 -1660.213957 -1660.214100 -1660.214222 -1660.214330 -1660.214437 -1660.214556 -1660.214706 -1660.214913 -1660.215219 -1660.215687 -1660.216424 -1660.217604 -1660.219526 -1660.222715 -1660.228131 -1660.237578 -1660.254554 -1660.285984 -1660.345819 -1660.462830 -1660.698801 -1661.195414 -1662.304951 -1664.984953 -1672.201184 -1695.293164 -9999.0 -9999.0
-9999.0 -9999.0 425.959800 329.586975 231.974621 133.826356 35.455929 -63.000137 -161.483714 -259.956051 -358.372242 -456.654638 -554.633723 -651.962079 -748.838154 -845.872088 -942.591751 -1039.014413 -1133.945978 -1225.367647 -1311.886497 -1390.165937 -1457.234923 -1511.715537 -1553.977280 -1585.572515 -1608.531549 -1624.853187 -1636.254691 -1644.104047 -1649.442161 -1653.035808 -1655.435518 -1657.028146 -1658.080988 -1658.778256 -1659.254975 -1659.654632 -1660.350543 -1662.834014 -1671.392994 -1680.061787 -1271.716728 -1406.685067 -1361.452519 -1333.444925 -1320.645381 -1318.909735 -1318.731990 -1318.750551 -1318.797147 -1318.847110 -1318.895089 -1318.939497 -1318.980614 -1319.027593 -1319.169769 -1320.160818 -1326.775264 -1341.827084 -1363.029021 -1209.994501 -1649.643684 -1664.746528 -1661.486607 -1660.443540 -1660.247241 -1660.215612 -1660.211196 -1660.211186 -1660.211813 -1660.212417 -1660.212900 -1660.213272 -1660.213557 -1660.213780 -1660.213957 -1660.214100 -1660.214222 -1660.214330 -1660.214437 -1660.214556 -1660.214706 -1660.214913 -1660.215219 -1660.215687 -1660.216424 -1660.217604 -1660.219526 -1660.222715 -1660.228131 -1660.237578 -1660.254554 -1660.285984 -1660.345819 -1660.462830 -1660.698801 -1661.195414 -1662.304951 -1664.984953 -1672.201184 -1695.293164 -9999.0 -9999.0
-9999.0 -9999.0 425.958294 329.586177 231.974302 133.826239 35.455887 -63.000152 -161.483719 -259.956053 -358.372242 -456.654638 -554.633723 -651.962079 -748.838154 -845.872088 -942.591751 -1039.014413 -1133.945978 -1225.367647 -1311.886497 -1390.165937 -1457.234923 -1511.715537 -1553.977280 -1585.572515 -1608.531549 -1624.853187 -1636.254691 -1644.104047 -1649.442161 -1653.035808 -1655.435518 -1657.028146 -1658.080988 -1658.778256 -1659.254975 -1659.654632 -1660.350543 -1662.834014 -1671.392994 -1680.061787 -1271.716728 -1406.685067 -1361.452519 -1333.444925 -1320.645381 -1318.909735 -1318.731990 -1318.750551 -1318.797147 -1318.847110 -1318.895089 -1318.939497 -1318.980614 -1319.027593 -1319.169769 -1320.160818 -1326.775264 -1341.827084 -1363.029021 -1209.994501 -1649.643684 -1664.746528 -1661.486607 -1660.443540 -1660.247241 -1660.215612 -1660.211196 -1660.211186 -1660.211813 -1660.212417 -1660.212900 -1660.213272 -1660.213557 -1660.213780 -1660.213957 -1660.214100 -1660.214222 -1660.214330 -1660.214437 -1660.214556 -1660.214706 -1660.214913 -1660.215219 -1660.215687 -1660.216424 -1660.217604 -1660.219526 -1660.222715 -1660.228131 -1660.237578 -1660.254554 -1660.285984 -1660.345819 -1660.462830 -1660.698801 -1661.195414 -1662.304951 -1664.984953 -1672.201184 -1695.293164 -9999.0 -9999.0
-9999.0 -9999.0 425.951490 329.584366 231.973806 133.826091 35.455839 -63.000168 -161.483725 -259.956056 -358.372243 -456.654638 -554.633723 -651.962079 -748.838154 -845.872088 -942.591751 -1039.014413 -1133.945978 -1225.367647 -1311.886497 -1390.165937 -1457.234923 -1511.715536 -1553.977280 -1585.572515 -1608.531549 -1624.853187 -1636.254691 -1644.104047 -1649.442161 -1653.035808 -1655.435518 -1657.028146 -1658.080988 -1658.778256 -1659.254975 -1659.654632 -1660.350543 -1662.834014 -1671.392994 -1680.061787 -1271.716728 -1406.685068 -1361.452520 -1333.444926 -1320.645381 -1318.909735 -1318.731990 -1318.750551 -1318.797147 -1318.847110 -1318.895089 -1318.939497 -1318.980614 -1319.027593 -1319.169769 -1320.160818 -1326.775264 -1341.827084 -1363.029021 -1209.994501 -1649.643684 -1664.746528 -1661.486607 -1660.443540 -1660.247241 -1660.215612 -1660.211196 -1660.211186 -1660.211813 -1660.212417 -1660.212900 -1660.213272 -1660.213557 -1660.213780 -1660.213957 -1660.214100 -1660.214222 -1660.214330 -1660.214437 -1660.214556 -1660.214706 -1660.214913 -1660.215219 -1660.215687 -1660.216424 -1660.217604 -1660.219526 -1660.222715 -1660.228131 -1660.237578 -1660.254554 -1660.285984 -1660.345819 -1660.462830 -1660.698801 -1661.195414 -1662.304951 -1664.984953 -1672.201184 -1695.293164 -9999.0 -9999.0
-9999.0 -9999.0 -9999.0 -9999.0 -9999.0 -9999.0 -9999.0 -9999.0 -9999.0 -9999.0 -9999.0 -9999.0 -9999.0 -9999.0 -9999.0 -9999.0 -9999.0 -9999.0 -9999.0 -9999.0 -9999.0 -9999.0 -9999.0 -9999.0 -9999.0 -9999.0 -9999.0 -9999.0 -9999.0 -9999.0 -9999.0 -9999.0 -9999.0 -9999.0 -9999.0 -9999.0 -9999.0 -9999.0 -9999.0 -9999.0 -9999.0 -9999.0 -9999.0 -9999.0 -9999.0 -9999.0 -9999.0 -9999.0 -9999.0 -9999.0 -9999.0 -9999.0 -9999.0 -9999.0 -9999.0 -9999.0 -9999.0 -9999.0 -9999.0 -9999.0 -9999.0 -9999.0 -9999.0 -9999.0 -9999.0 -9999.0 -9999.0 -9999.0 -9999.0 -9999.0 -9999.0 -9999.0 -9999.0 -9999.0 -9999.0 -9999.0 -9999.0 -9999.0 -9999.0 -9999.0 -9999.0 -9999.0 -9999.0 -9999.0 -9999.0 -9999.0 -9999.0 -9999.0 -9999.0 -9999.0 -9999.0 -9999.0 -9999.0 -9999.0 -9999.0 -9999.0 -9999.0 -9999.0 -9999.0 -9999.0 -9999.0 -9999.0 -9999.0 -9999.0
-9999.0 -9999.0 -9999.0 -9999.0 -9999.0 -9999.0 -9999.0 -9999.0 -9999.0 -9999.0 -9999.0 -9999.0 -9999.0 -9999.0 -9999.0 -9999.0 -9999.0 -9999.0 -9999.0 -9999.0 -9999.0 -9999.0 -9999.0 -9999.0 -9999.0 -9999.0 -9999.0 -9999.0 -9999.0 -9999.0 -9999.0 -9999.0 -9999.0 -9999.0 -9999.0 -9999.0 -9999.0 -9999.0 -9999.0 -9999.0 -9999.0 -9999.0 -9999.0 -9999.0 -9999.0 -9999.0 -9999.0 -9999.0 -9999.0 -9999.0 -9999.0 -9999.0 -9999.0 -9999.0 -9999.0 -9999.0 -9999.0 -9999.0 -9999.0 -9999.0 -9999.0 -9999.0 -9999.0 -9999.0 -9999.0 -9999.0 -9999.0 -9999.0 -9999.0 -9999.0 -9999.0 -9999.0 -9999.0 -9999.0 -9999.0 -9999.0 -9999.0 -9999.0 -9999.0 -9999.0 -9999.0 -9999.0 -9999.0 -9999.0 -9999.0 -9999.0 -9999.0 -9999.0 -9999.0 -9999.0 -9999.0 -9999.0 -9999.0 -9999.0 -9999.0 -9999.0 -9999.0 -9999.0 -9999.0 -9999.0 -9999.0 -9999.0 -9999.0 -9999.0