inst/processing_geotop_simulation/geotop_simulation/out/maps3D/PwL0011N0383.asc
ncols         104
nrows         10
xllcorner     -2.000000
yllcorner     0.000000
cellsize      1.000000
NODATA_value  -9999.0
-9999.0 -9999.0 -9999.0 -9999.0 -9999.0 -9999.0 -9999.0 -9999.0 -9999.0 -9999.0 -9999.0 -9999.0 -9999.0 -9999.0 -9999.0 -9999.0 -9999.0 -9999.0 -9999.0 -9999.0 -9999.0 -9999.0 -9999.0 -9999.0 -9999.0 -9999.0 -9999.0 -9999.0 -9999.0 -9999.0 -9999.0 -9999.0 -9999.0 -9999.0 -9999.0 -9999.0 -9999.0 -9999.0 -9999.0 -9999.0 -9999.0 -9999.0 -9999.0 -9999.0 -9999.0 -9999.0 -9999.0 -9999.0 -9999.0 -9999.0 -9999.0 -9999.0 -9999.0 -9999.0 -9999.0 -9999.0 -9999.0 -9999.0 -9999.0 -9999.0 -9999.0 -9999.0 -9999.0 -9999.0 -9999.0 -9999.0 -9999.0 -9999.0 -9999.0 -9999.0 -9999.0 -9999.0 -9999.0 -9999.0 -9999.0 -9999.0 -9999.0 -9999.0 -9999.0 -9999.0 -9999.0 -9999.0 -9999.0 -9999.0 -9999.0 -9999.0 -9999.0 -9999.0 -9999.0 -9999.0 -9999.0 -9999.0 -9999.0 -9999.0 -9999.0 -9999.0 -9999.0 -9999.0 -9999.0 -9999.0 -9999.0 -9999.0 -9999.0 -9999.0
-9999.0 -9999.0 -9999.0 -9999.0 -9999.0 -9999.0 -9999.0 -9999.0 -9999.0 -9999.0 -9999.0 -9999.0 -9999.0 -9999.0 -9999.0 -9999.0 -9999.0 -9999.0 -9999.0 -9999.0 -9999.0 -9999.0 -9999.0 -9999.0 -9999.0 -9999.0 -9999.0 -9999.0 -9999.0 -9999.0 -9999.0 -9999.0 -9999.0 -9999.0 -9999.0 -9999.0 -9999.0 -9999.0 -9999.0 -9999.0 -9999.0 -9999.0 -9999.0 -9999.0 -9999.0 -9999.0 -9999.0 -9999.0 -9999.0 -9999.0 -9999.0 -9999.0 -9999.0 -9999.0 -9999.0 -9999.0 -9999.0 -9999.0 -9999.0 -9999.0 -9999.0 -9999.0 -9999.0 -9999.0 -9999.0 -9999.0 -9999.0 -9999.0 -9999.0 -9999.0 -9999.0 -9999.0 -9999.0 -9999.0 -9999.0 -9999.0 -9999.0 -9999.0 -9999.0 -9999.0 -9999.0 -9999.0 -9999.0 -9999.0 -9999.0 -9999.0 -9999.0 -9999.0 -9999.0 -9999.0 -9999.0 -9999.0 -9999.0 -9999.0 -9999.0 -9999.0 -9999.0 -9999.0 -9999.0 -9999.0 -9999.0 -9999.0 -9999.0 -9999.0
-9999.0 -9999.0 522.563644 424.177131 325.317953 226.218399 127.014905 27.768445 -71.488802 -170.743831 -269.986036 -369.197410 -468.346042 -567.365254 -666.161033 -764.846596 -863.545023 -962.095385 -1060.469710 -1158.014305 -1253.425370 -1345.466136 -1431.738049 -1509.598254 -1576.968341 -1632.868693 -1677.491694 -1711.925485 -1737.746832 -1756.658495 -1770.247598 -1779.864453 -1786.588789 -1791.246686 -1794.450655 -1796.647276 -1798.171284 -1799.339041 -1800.711831 -1803.697321 -1809.439323 -1797.287570 -1400.471702 -1689.389730 -1620.028486 -1575.636755 -1555.647678 -1552.908978 -1552.626106 -1552.653113 -1552.724079 -1552.800323 -1552.873561 -1552.941363 -1553.004236 -1553.076938 -1553.302326 -1554.870790 -1565.187598 -1588.765877 -1615.449253 -1320.129144 -1761.416509 -1801.896677 -1802.481102 -1801.643865 -1801.405816 -1801.359163 -1801.351569 -1801.350825 -1801.351165 -1801.351598 -1801.351965 -1801.352258 -1801.352489 -1801.352677 -1801.352832 -1801.352963 -1801.353080 -1801.353188 -1801.353297 -1801.353416 -1801.353561 -1801.353751 -1801.354017 -1801.354411 -1801.355013 -1801.355961 -1801.357491 -1801.360024 -1801.364335 -1801.371900 -1801.385603 -1801.411217 -1801.460584 -1801.558902 -1801.762774 -1802.208696 -1803.252669 -1805.912236 -1813.469692 -1838.165508 -9999.0 -9999.0
-9999.0 -9999.0 522.568928 424.178659 325.318386 226.218531 127.014948 27.768460 -71.488796 -170.743829 -269.986035 -369.197409 -468.346041 -567.365254 -666.161033 -764.846597 -863.545023 -962.095385 -1060.469710 -1158.014305 -1253.425370 -1345.466136 -1431.738049 -1509.598254 -1576.968341 -1632.868693 -1677.491694 -1711.925485 -1737.746832 -1756.658495 -1770.247598 -1779.864453 -1786.588789 -1791.246686 -1794.450655 -1796.647276 -1798.171284 -1799.339041 -1800.711831 -1803.697321 -1809.439323 -1797.287570 -1400.471702 -1689.389729 -1620.028486 -1575.636754 -1555.647678 -1552.908978 -1552.626106 -1552.653113 -1552.724079 -1552.800323 -1552.873561 -1552.941363 -1553.004236 -1553.076938 -1553.302326 -1554.870790 -1565.187598 -1588.765877 -1615.449253 -1320.129144 -1761.416509 -1801.896677 -1802.481102 -1801.643865 -1801.405816 -1801.359163 -1801.351569 -1801.350825 -1801.351165 -1801.351598 -1801.351965 -1801.352258 -1801.352489 -1801.352677 -1801.352832 -1801.352963 -1801.353080 -1801.353188 -1801.353297 -1801.353416 -1801.353561 -1801.353751 -1801.354017 -1801.354411 -1801.355013 -1801.355961 -1801.357491 -1801.360024 -1801.364335 -1801.371900 -1801.385603 -1801.411217 -1801.460584 -1801.558902 -1801.762774 -1802.208696 -1803.252669 -1805.912236 -1813.469692 -1838.165508 -9999.0 -9999.0
-9999.0 -9999.0 522.570265 424.179358 325.318668 226.218635 127.014986 27.768474 -71.488791 -170.743827 -269.986035 -369.197409 -468.346041 -567.365254 -666.161033 -764.846597 -863.545023 -962.095385 -1060.469710 -1158.014305 -1253.425370 -1345.466136 -1431.738050 -1509.598255 -1576.968341 -1632.868693 -1677.491694 -1711.925485 -1737.746832 -1756.658495 -1770.247598 -1779.864453 -1786.588789 -1791.246686 -1794.450655 -1796.647276 -1798.171284 -1799.339041 -1800.711831 -1803.697321 -1809.439323 -1797.287570 -1400.471702 -1689.389729 -1620.028485 -1575.636754 -1555.647678 -1552.908978 -1552.626106 -1552.653113 -1552.724079 -1552.800323 -1552.873561 -1552.941363 -1553.004236 -1553.076938 -1553.302326 -1554.870790 -1565.187598 -1588.765877 -1615.449253 -1320.129144 -1761.416509 -1801.896677 -1802.481102 -1801.643865 -1801.405816 -1801.359163 -1801.351569 -1801.350825 -1801.351165 -1801.351598 -1801.351965 -1801.352258 -1801.352489 -1801.352677 -1801.352832 -1801.352963 -1801.353080 -1801.353188 -1801.353297 -1801.353416 -1801.353561 -1801.353751 -1801.354017 -1801.354411 -1801.355013 -1801.355961 -1801.357491 -1801.360024 -1801.364335 -1801.371900 -1801.385603 -1801.411217 -1801.460584 -1801.558902 -1801.762774 -1802.208696 -1803.252669 -1805.912236 -1813.469692 -1838.165508 -9999.0 -9999.0
-9999.0 -9999.0 522.570265 424.179358 325.318668 226.218635 127.014986 27.768474 -71.488791 -170.743827 -269.986035 -369.197409 -468.346041 -567.365254 -666.161033 -764.846597 -863.545023 -962.095385 -1060.469710 -1158.014305 -1253.425370 -1345.466136 -1431.738050 -1509.598255 -1576.968341 -1632.868693 -1677.491694 -1711.925485 -1737.746832 -1756.658495 -1770.247598 -1779.864453 -1786.588789 -1791.246686 -1794.450655 -1796.647276 -1798.171284 -1799.339041 -1800.711831 -1803.697321 -1809.439323 -1797.287570 -1400.471702 -1689.389729 -1620.028485 -1575.636754 -1555.647678 -1552.908978 -1552.626106 -1552.653113 -1552.724079 -1552.800323 -1552.873561 -1552.941363 -1553.004236 -1553.076938 -1553.302326 -1554.870790 -1565.187598 -1588.765877 -1615.449253 -1320.129144 -1761.416509 -1801.896677 -1802.481102 -1801.643865 -1801.405816 -1801.359163 -1801.351569 -1801.350825 -1801.351165 -1801.351598 -1801.351965 -1801.352258 -1801.352489 -1801.352677 -1801.352832 -1801.352963 -1801.353080 -1801.353188 -1801.353297 -1801.353416 -1801.353561 -1801.353751 -1801.354017 -1801.354411 -1801.355013 -1801.355961 -1801.357491 -1801.360024 -1801.364335 -1801.371900 -1801.385603 -1801.411217 -1801.460584 -1801.558902 -1801.762774 -1802.208696 -1803.252669 -1805.912236 -1813.469692 -1838.165508 -9999.0 -9999.0
-9999.0 -9999.0 522.568928 424.178659 325.318386 226.218531 127.014948 27.768460 -71.488796 -170.743829 -269.986035 -369.197409 -468.346041 -567.365254 -666.161033 -764.846597 -863.545023 -962.095385 -1060.469710 -1158.014305 -1253.425370 -1345.466136 -1431.738050 -1509.598254 -1576.968341 -1632.868693 -1677.491694 -1711.925485 -1737.746832 -1756.658495 -1770.247598 -1779.864453 -1786.588789 -1791.246686 -1794.450655 -1796.647276 -1798.171284 -1799.339041 -1800.711831 -1803.697321 -1809.439323 -1797.287570 -1400.471702 -1689.389729 -1620.028486 -1575.636754 -1555.647678 -1552.908978 -1552.626106 -1552.653113 -1552.724079 -1552.800323 -1552.873561 -1552.941363 -1553.004236 -1553.076938 -1553.302326 -1554.870790 -1565.187598 -1588.765877 -1615.449253 -1320.129144 -1761.416509 -1801.896677 -1802.481102 -1801.643865 -1801.405816 -1801.359163 -1801.351569 -1801.350825 -1801.351165 -1801.351598 -1801.351965 -1801.352258 -1801.352489 -1801.352677 -1801.352832 -1801.352963 -1801.353080 -1801.353188 -1801.353297 -1801.353416 -1801.353561 -1801.353751 -1801.354017 -1801.354411 -1801.355013 -1801.355961 -1801.357491 -1801.360024 -1801.364335 -1801.371900 -1801.385603 -1801.411217 -1801.460584 -1801.558902 -1801.762774 -1802.208696 -1803.252669 -1805.912236 -1813.469692 -1838.165508 -9999.0 -9999.0
-9999.0 -9999.0 522.563644 424.177131 325.317953 226.218399 127.014905 27.768445 -71.488802 -170.743831 -269.986036 -369.197410 -468.346042 -567.365254 -666.161033 -764.846597 -863.545022 -962.095385 -1060.469710 -1158.014305 -1253.425370 -1345.466136 -1431.738049 -1509.598254 -1576.968341 -1632.868693 -1677.491694 -1711.925485 -1737.746832 -1756.658495 -1770.247598 -1779.864453 -1786.588789 -1791.246686 -1794.450655 -1796.647276 -1798.171284 -1799.339041 -1800.711831 -1803.697321 -1809.439323 -1797.287570 -1400.471702 -1689.389730 -1620.028486 -1575.636755 -1555.647678 -1552.908978 -1552.626106 -1552.653113 -1552.724079 -1552.800323 -1552.873561 -1552.941363 -1553.004236 -1553.076938 -1553.302326 -1554.870790 -1565.187598 -1588.765877 -1615.449253 -1320.129144 -1761.416509 -1801.896677 -1802.481102 -1801.643865 -1801.405816 -1801.359163 -1801.351569 -1801.350825 -1801.351165 -1801.351598 -1801.351965 -1801.352258 -1801.352489 -1801.352677 -1801.352832 -1801.352963 -1801.353080 -1801.353188 -1801.353297 -1801.353416 -1801.353561 -1801.353751 -1801.354017 -1801.354411 -1801.355013 -1801.355961 -1801.357491 -1801.360024 -1801.364335 -1801.371900 -1801.385603 -1801.411217 -1801.460584 -1801.558902 -1801.762774 -1802.208696 -1803.252669 -1805.912236 -1813.469692 -1838.165508 -9999.0 -9999.0
-9999.0 -9999.0 -9999.0 -9999.0 -9999.0 -9999.0 -9999.0 -9999.0 -9999.0 -9999.0 -9999.0 -9999.0 -9999.0 -9999.0 -9999.0 -9999.0 -9999.0 -9999.0 -9999.0 -9999.0 -9999.0 -9999.0 -9999.0 -9999.0 -9999.0 -9999.0 -9999.0 -9999.0 -9999.0 -9999.0 -9999.0 -9999.0 -9999.0 -9999.0 -9999.0 -9999.0 -9999.0 -9999.0 -9999.0 -9999.0 -9999.0 -9999.0 -9999.0 -9999.0 -9999.0 -9999.0 -9999.0 -9999.0 -9999.0 -9999.0 -9999.0 -9999.0 -9999.0 -9999.0 -9999.0 -9999.0 -9999.0 -9999.0 -9999.0 -9999.0 -9999.0 -9999.0 -9999.0 -9999.0 -9999.0 -9999.0 -9999.0 -9999.0 -9999.0 -9999.0 -9999.0 -9999.0 -9999.0 -9999.0 -9999.0 -9999.0 -9999.0 -9999.0 -9999.0 -9999.0 -9999.0 -9999.0 -9999.0 -9999.0 -9999.0 -9999.0 -9999.0 -9999.0 -9999.0 -9999.0 -9999.0 -9999.0 -9999.0 -9999.0 -9999.0 -9999.0 -9999.0 -9999.0 -9999.0 -9999.0 -9999.0 -9999.0 -9999.0 -9999.0
-9999.0 -9999.0 -9999.0 -9999.0 -9999.0 -9999.0 -9999.0 -9999.0 -9999.0 -9999.0 -9999.0 -9999.0 -9999.0 -9999.0 -9999.0 -9999.0 -9999.0 -9999.0 -9999.0 -9999.0 -9999.0 -9999.0 -9999.0 -9999.0 -9999.0 -9999.0 -9999.0 -9999.0 -9999.0 -9999.0 -9999.0 -9999.0 -9999.0 -9999.0 -9999.0 -9999.0 -9999.0 -9999.0 -9999.0 -9999.0 -9999.0 -9999.0 -9999.0 -9999.0 -9999.0 -9999.0 -9999.0 -9999.0 -9999.0 -9999.0 -9999.0 -9999.0 -9999.0 -9999.0 -9999.0 -9999.0 -9999.0 -9999.0 -9999.0 -9999.0 -9999.0 -9999.0 -9999.0 -9999.0 -9999.0 -9999.0 -9999.0 -9999.0 -9999.0 -9999.0 -9999.0 -9999.0 -9999.0 -9999.0 -9999.0 -9999.0 -9999.0 -9999.0 -9999.0 -9999.0 -9999.0 -9999.0 -9999.0 -9999.0 -9999.0 -9999.0 -9999.0 -9999.0 -9999.0 -9999.0 -9999.0 -9999.0 -9999.0 -9999.0 -9999.0 -9999.0 -9999.0 -9999.0 -9999.0 -9999.0 -9999.0 -9999.0 -9999.0 -9999.0