inst/processing_geotop_simulation/geotop_simulation/out/maps3D/PwL0008N0237.asc
ncols         104
nrows         10
xllcorner     -2.000000
yllcorner     0.000000
cellsize      1.000000
NODATA_value  -9999.0
-9999.0 -9999.0 -9999.0 -9999.0 -9999.0 -9999.0 -9999.0 -9999.0 -9999.0 -9999.0 -9999.0 -9999.0 -9999.0 -9999.0 -9999.0 -9999.0 -9999.0 -9999.0 -9999.0 -9999.0 -9999.0 -9999.0 -9999.0 -9999.0 -9999.0 -9999.0 -9999.0 -9999.0 -9999.0 -9999.0 -9999.0 -9999.0 -9999.0 -9999.0 -9999.0 -9999.0 -9999.0 -9999.0 -9999.0 -9999.0 -9999.0 -9999.0 -9999.0 -9999.0 -9999.0 -9999.0 -9999.0 -9999.0 -9999.0 -9999.0 -9999.0 -9999.0 -9999.0 -9999.0 -9999.0 -9999.0 -9999.0 -9999.0 -9999.0 -9999.0 -9999.0 -9999.0 -9999.0 -9999.0 -9999.0 -9999.0 -9999.0 -9999.0 -9999.0 -9999.0 -9999.0 -9999.0 -9999.0 -9999.0 -9999.0 -9999.0 -9999.0 -9999.0 -9999.0 -9999.0 -9999.0 -9999.0 -9999.0 -9999.0 -9999.0 -9999.0 -9999.0 -9999.0 -9999.0 -9999.0 -9999.0 -9999.0 -9999.0 -9999.0 -9999.0 -9999.0 -9999.0 -9999.0 -9999.0 -9999.0 -9999.0 -9999.0 -9999.0 -9999.0
-9999.0 -9999.0 -9999.0 -9999.0 -9999.0 -9999.0 -9999.0 -9999.0 -9999.0 -9999.0 -9999.0 -9999.0 -9999.0 -9999.0 -9999.0 -9999.0 -9999.0 -9999.0 -9999.0 -9999.0 -9999.0 -9999.0 -9999.0 -9999.0 -9999.0 -9999.0 -9999.0 -9999.0 -9999.0 -9999.0 -9999.0 -9999.0 -9999.0 -9999.0 -9999.0 -9999.0 -9999.0 -9999.0 -9999.0 -9999.0 -9999.0 -9999.0 -9999.0 -9999.0 -9999.0 -9999.0 -9999.0 -9999.0 -9999.0 -9999.0 -9999.0 -9999.0 -9999.0 -9999.0 -9999.0 -9999.0 -9999.0 -9999.0 -9999.0 -9999.0 -9999.0 -9999.0 -9999.0 -9999.0 -9999.0 -9999.0 -9999.0 -9999.0 -9999.0 -9999.0 -9999.0 -9999.0 -9999.0 -9999.0 -9999.0 -9999.0 -9999.0 -9999.0 -9999.0 -9999.0 -9999.0 -9999.0 -9999.0 -9999.0 -9999.0 -9999.0 -9999.0 -9999.0 -9999.0 -9999.0 -9999.0 -9999.0 -9999.0 -9999.0 -9999.0 -9999.0 -9999.0 -9999.0 -9999.0 -9999.0 -9999.0 -9999.0 -9999.0 -9999.0
-9999.0 -9999.0 377.112011 281.641303 184.507241 86.710103 -11.353595 -109.521063 -207.721556 -305.896812 -403.984014 -501.856054 -599.237648 -695.597511 -792.084003 -888.412601 -984.422632 -1080.229798 -1172.722851 -1262.005222 -1345.053878 -1418.037004 -1478.360534 -1525.568753 -1560.940021 -1586.601927 -1604.793607 -1617.469699 -1626.180272 -1632.093449 -1636.064588 -1638.706894 -1640.451797 -1641.597507 -1642.347152 -1642.839321 -1643.176171 -1643.471814 -1644.053192 -1646.351585 -1654.904424 -1663.794363 -1205.121614 -1287.197011 -1253.397954 -1232.369710 -1222.693500 -1221.368047 -1221.232075 -1221.246722 -1221.282987 -1221.321856 -1221.359183 -1221.393733 -1221.425715 -1221.462190 -1221.571956 -1222.332905 -1227.353589 -1238.737003 -1255.196485 -1155.434287 -1635.318083 -1648.687892 -1645.081688 -1644.065082 -1643.884273 -1643.855847 -1643.851997 -1643.852141 -1643.852847 -1643.853507 -1643.854029 -1643.854429 -1643.854736 -1643.854975 -1643.855164 -1643.855317 -1643.855446 -1643.855561 -1643.855673 -1643.855799 -1643.855957 -1643.856177 -1643.856501 -1643.857000 -1643.857785 -1643.859042 -1643.861088 -1643.864480 -1643.870230 -1643.880239 -1643.898184 -1643.931331 -1643.994269 -1644.116890 -1644.362692 -1644.875275 -1646.007014 -1648.704027 -1655.862643 -1678.589210 -9999.0 -9999.0
-9999.0 -9999.0 377.119501 281.643208 184.507754 86.710256 -11.353546 -109.521047 -207.721550 -305.896810 -403.984013 -501.856054 -599.237648 -695.597511 -792.084003 -888.412601 -984.422632 -1080.229798 -1172.722851 -1262.005222 -1345.053878 -1418.037004 -1478.360535 -1525.568753 -1560.940022 -1586.601927 -1604.793607 -1617.469699 -1626.180273 -1632.093449 -1636.064588 -1638.706894 -1640.451797 -1641.597507 -1642.347152 -1642.839321 -1643.176171 -1643.471814 -1644.053192 -1646.351585 -1654.904424 -1663.794363 -1205.121614 -1287.197011 -1253.397954 -1232.369709 -1222.693500 -1221.368047 -1221.232075 -1221.246722 -1221.282987 -1221.321856 -1221.359183 -1221.393733 -1221.425715 -1221.462190 -1221.571956 -1222.332905 -1227.353589 -1238.737003 -1255.196485 -1155.434287 -1635.318083 -1648.687892 -1645.081688 -1644.065082 -1643.884273 -1643.855847 -1643.851997 -1643.852141 -1643.852847 -1643.853507 -1643.854029 -1643.854429 -1643.854736 -1643.854975 -1643.855164 -1643.855317 -1643.855446 -1643.855561 -1643.855673 -1643.855799 -1643.855957 -1643.856177 -1643.856501 -1643.857000 -1643.857785 -1643.859042 -1643.861088 -1643.864480 -1643.870230 -1643.880239 -1643.898184 -1643.931331 -1643.994269 -1644.116890 -1644.362692 -1644.875275 -1646.007014 -1648.704027 -1655.862643 -1678.589210 -9999.0 -9999.0
-9999.0 -9999.0 377.121039 281.644032 184.508083 86.710376 -11.353503 -109.521032 -207.721545 -305.896808 -403.984012 -501.856053 -599.237647 -695.597511 -792.084003 -888.412601 -984.422632 -1080.229799 -1172.722851 -1262.005223 -1345.053879 -1418.037004 -1478.360535 -1525.568753 -1560.940022 -1586.601927 -1604.793607 -1617.469699 -1626.180273 -1632.093449 -1636.064588 -1638.706894 -1640.451797 -1641.597507 -1642.347152 -1642.839321 -1643.176171 -1643.471814 -1644.053192 -1646.351585 -1654.904424 -1663.794363 -1205.121614 -1287.197011 -1253.397954 -1232.369709 -1222.693500 -1221.368047 -1221.232075 -1221.246722 -1221.282987 -1221.321856 -1221.359183 -1221.393733 -1221.425715 -1221.462190 -1221.571956 -1222.332905 -1227.353589 -1238.737003 -1255.196485 -1155.434287 -1635.318083 -1648.687892 -1645.081688 -1644.065082 -1643.884273 -1643.855847 -1643.851997 -1643.852141 -1643.852847 -1643.853507 -1643.854029 -1643.854429 -1643.854736 -1643.854975 -1643.855164 -1643.855317 -1643.855446 -1643.855561 -1643.855673 -1643.855799 -1643.855957 -1643.856177 -1643.856501 -1643.857000 -1643.857785 -1643.859042 -1643.861088 -1643.864480 -1643.870230 -1643.880239 -1643.898184 -1643.931331 -1643.994269 -1644.116890 -1644.362692 -1644.875275 -1646.007014 -1648.704027 -1655.862643 -1678.589210 -9999.0 -9999.0
-9999.0 -9999.0 377.121039 281.644032 184.508083 86.710376 -11.353503 -109.521032 -207.721545 -305.896808 -403.984012 -501.856053 -599.237647 -695.597511 -792.084003 -888.412601 -984.422632 -1080.229799 -1172.722851 -1262.005223 -1345.053879 -1418.037004 -1478.360535 -1525.568753 -1560.940022 -1586.601927 -1604.793607 -1617.469699 -1626.180273 -1632.093449 -1636.064588 -1638.706894 -1640.451797 -1641.597507 -1642.347152 -1642.839321 -1643.176171 -1643.471814 -1644.053192 -1646.351585 -1654.904424 -1663.794363 -1205.121614 -1287.197011 -1253.397954 -1232.369709 -1222.693500 -1221.368047 -1221.232075 -1221.246722 -1221.282987 -1221.321856 -1221.359183 -1221.393733 -1221.425715 -1221.462190 -1221.571956 -1222.332905 -1227.353589 -1238.737003 -1255.196485 -1155.434287 -1635.318083 -1648.687892 -1645.081688 -1644.065082 -1643.884273 -1643.855847 -1643.851997 -1643.852141 -1643.852847 -1643.853507 -1643.854029 -1643.854429 -1643.854736 -1643.854975 -1643.855164 -1643.855317 -1643.855446 -1643.855561 -1643.855673 -1643.855799 -1643.855957 -1643.856177 -1643.856501 -1643.857000 -1643.857785 -1643.859042 -1643.861088 -1643.864480 -1643.870230 -1643.880239 -1643.898184 -1643.931331 -1643.994269 -1644.116890 -1644.362692 -1644.875275 -1646.007014 -1648.704027 -1655.862643 -1678.589210 -9999.0 -9999.0
-9999.0 -9999.0 377.119501 281.643208 184.507754 86.710256 -11.353546 -109.521047 -207.721550 -305.896810 -403.984013 -501.856054 -599.237648 -695.597511 -792.084003 -888.412601 -984.422632 -1080.229798 -1172.722851 -1262.005222 -1345.053878 -1418.037004 -1478.360535 -1525.568753 -1560.940022 -1586.601927 -1604.793607 -1617.469699 -1626.180273 -1632.093449 -1636.064588 -1638.706894 -1640.451797 -1641.597507 -1642.347152 -1642.839321 -1643.176171 -1643.471814 -1644.053192 -1646.351585 -1654.904424 -1663.794363 -1205.121614 -1287.197011 -1253.397954 -1232.369709 -1222.693500 -1221.368047 -1221.232075 -1221.246722 -1221.282987 -1221.321856 -1221.359183 -1221.393733 -1221.425715 -1221.462190 -1221.571956 -1222.332905 -1227.353589 -1238.737003 -1255.196485 -1155.434287 -1635.318083 -1648.687892 -1645.081688 -1644.065082 -1643.884273 -1643.855847 -1643.851997 -1643.852141 -1643.852847 -1643.853507 -1643.854029 -1643.854429 -1643.854736 -1643.854975 -1643.855164 -1643.855317 -1643.855446 -1643.855561 -1643.855673 -1643.855799 -1643.855957 -1643.856177 -1643.856501 -1643.857000 -1643.857785 -1643.859042 -1643.861088 -1643.864480 -1643.870230 -1643.880239 -1643.898184 -1643.931331 -1643.994269 -1644.116890 -1644.362692 -1644.875275 -1646.007014 -1648.704027 -1655.862643 -1678.589210 -9999.0 -9999.0
-9999.0 -9999.0 377.112011 281.641303 184.507241 86.710103 -11.353595 -109.521063 -207.721556 -305.896812 -403.984014 -501.856054 -599.237648 -695.597511 -792.084003 -888.412601 -984.422632 -1080.229798 -1172.722851 -1262.005222 -1345.053878 -1418.037004 -1478.360534 -1525.568753 -1560.940021 -1586.601927 -1604.793607 -1617.469699 -1626.180272 -1632.093449 -1636.064588 -1638.706894 -1640.451797 -1641.597507 -1642.347152 -1642.839321 -1643.176171 -1643.471814 -1644.053192 -1646.351585 -1654.904424 -1663.794363 -1205.121614 -1287.197011 -1253.397954 -1232.369710 -1222.693500 -1221.368047 -1221.232075 -1221.246722 -1221.282987 -1221.321856 -1221.359183 -1221.393733 -1221.425715 -1221.462190 -1221.571956 -1222.332905 -1227.353589 -1238.737003 -1255.196485 -1155.434287 -1635.318083 -1648.687892 -1645.081688 -1644.065082 -1643.884273 -1643.855847 -1643.851997 -1643.852141 -1643.852847 -1643.853507 -1643.854029 -1643.854429 -1643.854736 -1643.854975 -1643.855164 -1643.855317 -1643.855446 -1643.855561 -1643.855673 -1643.855799 -1643.855957 -1643.856177 -1643.856501 -1643.857000 -1643.857785 -1643.859042 -1643.861088 -1643.864480 -1643.870230 -1643.880239 -1643.898184 -1643.931331 -1643.994269 -1644.116890 -1644.362692 -1644.875275 -1646.007014 -1648.704027 -1655.862643 -1678.589210 -9999.0 -9999.0
-9999.0 -9999.0 -9999.0 -9999.0 -9999.0 -9999.0 -9999.0 -9999.0 -9999.0 -9999.0 -9999.0 -9999.0 -9999.0 -9999.0 -9999.0 -9999.0 -9999.0 -9999.0 -9999.0 -9999.0 -9999.0 -9999.0 -9999.0 -9999.0 -9999.0 -9999.0 -9999.0 -9999.0 -9999.0 -9999.0 -9999.0 -9999.0 -9999.0 -9999.0 -9999.0 -9999.0 -9999.0 -9999.0 -9999.0 -9999.0 -9999.0 -9999.0 -9999.0 -9999.0 -9999.0 -9999.0 -9999.0 -9999.0 -9999.0 -9999.0 -9999.0 -9999.0 -9999.0 -9999.0 -9999.0 -9999.0 -9999.0 -9999.0 -9999.0 -9999.0 -9999.0 -9999.0 -9999.0 -9999.0 -9999.0 -9999.0 -9999.0 -9999.0 -9999.0 -9999.0 -9999.0 -9999.0 -9999.0 -9999.0 -9999.0 -9999.0 -9999.0 -9999.0 -9999.0 -9999.0 -9999.0 -9999.0 -9999.0 -9999.0 -9999.0 -9999.0 -9999.0 -9999.0 -9999.0 -9999.0 -9999.0 -9999.0 -9999.0 -9999.0 -9999.0 -9999.0 -9999.0 -9999.0 -9999.0 -9999.0 -9999.0 -9999.0 -9999.0 -9999.0
-9999.0 -9999.0 -9999.0 -9999.0 -9999.0 -9999.0 -9999.0 -9999.0 -9999.0 -9999.0 -9999.0 -9999.0 -9999.0 -9999.0 -9999.0 -9999.0 -9999.0 -9999.0 -9999.0 -9999.0 -9999.0 -9999.0 -9999.0 -9999.0 -9999.0 -9999.0 -9999.0 -9999.0 -9999.0 -9999.0 -9999.0 -9999.0 -9999.0 -9999.0 -9999.0 -9999.0 -9999.0 -9999.0 -9999.0 -9999.0 -9999.0 -9999.0 -9999.0 -9999.0 -9999.0 -9999.0 -9999.0 -9999.0 -9999.0 -9999.0 -9999.0 -9999.0 -9999.0 -9999.0 -9999.0 -9999.0 -9999.0 -9999.0 -9999.0 -9999.0 -9999.0 -9999.0 -9999.0 -9999.0 -9999.0 -9999.0 -9999.0 -9999.0 -9999.0 -9999.0 -9999.0 -9999.0 -9999.0 -9999.0 -9999.0 -9999.0 -9999.0 -9999.0 -9999.0 -9999.0 -9999.0 -9999.0 -9999.0 -9999.0 -9999.0 -9999.0 -9999.0 -9999.0 -9999.0 -9999.0 -9999.0 -9999.0 -9999.0 -9999.0 -9999.0 -9999.0 -9999.0 -9999.0 -9999.0 -9999.0 -9999.0 -9999.0 -9999.0 -9999.0