inst/processing_geotop_simulation/geotop_simulation/out/maps3D/PwL0022N0159.asc
ncols         104
nrows         10
xllcorner     -2.000000
yllcorner     0.000000
cellsize      1.000000
NODATA_value  -9999.0
-9999.0 -9999.0 -9999.0 -9999.0 -9999.0 -9999.0 -9999.0 -9999.0 -9999.0 -9999.0 -9999.0 -9999.0 -9999.0 -9999.0 -9999.0 -9999.0 -9999.0 -9999.0 -9999.0 -9999.0 -9999.0 -9999.0 -9999.0 -9999.0 -9999.0 -9999.0 -9999.0 -9999.0 -9999.0 -9999.0 -9999.0 -9999.0 -9999.0 -9999.0 -9999.0 -9999.0 -9999.0 -9999.0 -9999.0 -9999.0 -9999.0 -9999.0 -9999.0 -9999.0 -9999.0 -9999.0 -9999.0 -9999.0 -9999.0 -9999.0 -9999.0 -9999.0 -9999.0 -9999.0 -9999.0 -9999.0 -9999.0 -9999.0 -9999.0 -9999.0 -9999.0 -9999.0 -9999.0 -9999.0 -9999.0 -9999.0 -9999.0 -9999.0 -9999.0 -9999.0 -9999.0 -9999.0 -9999.0 -9999.0 -9999.0 -9999.0 -9999.0 -9999.0 -9999.0 -9999.0 -9999.0 -9999.0 -9999.0 -9999.0 -9999.0 -9999.0 -9999.0 -9999.0 -9999.0 -9999.0 -9999.0 -9999.0 -9999.0 -9999.0 -9999.0 -9999.0 -9999.0 -9999.0 -9999.0 -9999.0 -9999.0 -9999.0 -9999.0 -9999.0
-9999.0 -9999.0 -9999.0 -9999.0 -9999.0 -9999.0 -9999.0 -9999.0 -9999.0 -9999.0 -9999.0 -9999.0 -9999.0 -9999.0 -9999.0 -9999.0 -9999.0 -9999.0 -9999.0 -9999.0 -9999.0 -9999.0 -9999.0 -9999.0 -9999.0 -9999.0 -9999.0 -9999.0 -9999.0 -9999.0 -9999.0 -9999.0 -9999.0 -9999.0 -9999.0 -9999.0 -9999.0 -9999.0 -9999.0 -9999.0 -9999.0 -9999.0 -9999.0 -9999.0 -9999.0 -9999.0 -9999.0 -9999.0 -9999.0 -9999.0 -9999.0 -9999.0 -9999.0 -9999.0 -9999.0 -9999.0 -9999.0 -9999.0 -9999.0 -9999.0 -9999.0 -9999.0 -9999.0 -9999.0 -9999.0 -9999.0 -9999.0 -9999.0 -9999.0 -9999.0 -9999.0 -9999.0 -9999.0 -9999.0 -9999.0 -9999.0 -9999.0 -9999.0 -9999.0 -9999.0 -9999.0 -9999.0 -9999.0 -9999.0 -9999.0 -9999.0 -9999.0 -9999.0 -9999.0 -9999.0 -9999.0 -9999.0 -9999.0 -9999.0 -9999.0 -9999.0 -9999.0 -9999.0 -9999.0 -9999.0 -9999.0 -9999.0 -9999.0 -9999.0
-9999.0 -9999.0 1082.940407 987.724578 892.412901 796.580936 700.433961 604.140698 507.800500 411.469178 315.178195 218.945444 122.780996 26.692869 -69.298178 -165.175857 -260.855178 -356.177728 -450.839974 -544.231453 -635.272807 -726.474416 -816.167132 -904.068300 -989.917897 -1051.910415 -1101.553677 -1139.420264 -1167.062591 -1186.492573 -1199.732652 -1208.536906 -1214.284568 -1217.988085 -1220.354695 -1221.863713 -1222.841053 -1223.544906 -1224.415433 -1227.353134 -1241.857520 -1321.847584 -1591.486867 -2675.982606 -3872.014425 -3868.857863 -3547.979797 -2934.745486 -2551.925812 -2324.719104 -2170.161953 -2042.731541 -1965.819068 -1916.382909 -1870.637328 -1822.969715 -1771.793642 -1717.843497 -1662.863413 -1607.876214 -1547.169525 -1312.518834 -1282.667911 -1235.152666 -1226.324898 -1224.965657 -1224.770671 -1224.742336 -1224.738763 -1224.739192 -1224.740159 -1224.741031 -1224.741720 -1224.742249 -1224.742658 -1224.742978 -1224.743234 -1224.743443 -1224.743618 -1224.743775 -1224.743928 -1224.744096 -1224.744304 -1224.744589 -1224.745006 -1224.745644 -1224.746643 -1224.748238 -1224.750830 -1224.755118 -1224.762373 -1224.774981 -1224.797552 -1224.839206 -1224.918340 -1225.073021 -1225.385888 -1226.051056 -1227.565642 -1231.270532 -1240.864094 -1267.699053 -9999.0 -9999.0
-9999.0 -9999.0 1082.943277 987.725747 892.413302 796.581070 700.434006 604.140714 507.800505 411.469180 315.178196 218.945444 122.780996 26.692869 -69.298178 -165.175858 -260.855178 -356.177729 -450.839975 -544.231453 -635.272808 -726.474416 -816.167132 -904.068300 -989.917898 -1051.910416 -1101.553678 -1139.420265 -1167.062591 -1186.492573 -1199.732652 -1208.536906 -1214.284568 -1217.988085 -1220.354695 -1221.863713 -1222.841053 -1223.544906 -1224.415433 -1227.353134 -1241.857520 -1321.847584 -1591.486867 -2675.982605 -3872.014425 -3868.857863 -3547.979796 -2934.745485 -2551.925812 -2324.719102 -2170.161951 -2042.731540 -1965.819067 -1916.382909 -1870.637328 -1822.969715 -1771.793641 -1717.843497 -1662.863413 -1607.876214 -1547.169525 -1312.518834 -1282.667911 -1235.152666 -1226.324898 -1224.965657 -1224.770671 -1224.742336 -1224.738763 -1224.739192 -1224.740159 -1224.741031 -1224.741720 -1224.742249 -1224.742658 -1224.742978 -1224.743234 -1224.743443 -1224.743618 -1224.743775 -1224.743928 -1224.744096 -1224.744304 -1224.744589 -1224.745006 -1224.745644 -1224.746643 -1224.748238 -1224.750830 -1224.755118 -1224.762373 -1224.774981 -1224.797552 -1224.839206 -1224.918340 -1225.073021 -1225.385888 -1226.051056 -1227.565642 -1231.270532 -1240.864094 -1267.699053 -9999.0 -9999.0
-9999.0 -9999.0 1082.944478 987.726404 892.413585 796.581180 700.434047 604.140729 507.800511 411.469182 315.178197 218.945445 122.780996 26.692869 -69.298178 -165.175858 -260.855179 -356.177729 -450.839975 -544.231453 -635.272808 -726.474416 -816.167132 -904.068300 -989.917898 -1051.910416 -1101.553678 -1139.420265 -1167.062591 -1186.492573 -1199.732652 -1208.536906 -1214.284568 -1217.988085 -1220.354695 -1221.863713 -1222.841053 -1223.544906 -1224.415433 -1227.353134 -1241.857520 -1321.847584 -1591.486867 -2675.982604 -3872.014425 -3868.857863 -3547.979796 -2934.745484 -2551.925812 -2324.719101 -2170.161950 -2042.731540 -1965.819067 -1916.382909 -1870.637328 -1822.969715 -1771.793641 -1717.843497 -1662.863413 -1607.876214 -1547.169525 -1312.518834 -1282.667911 -1235.152666 -1226.324898 -1224.965657 -1224.770671 -1224.742336 -1224.738763 -1224.739192 -1224.740159 -1224.741031 -1224.741720 -1224.742249 -1224.742658 -1224.742978 -1224.743234 -1224.743443 -1224.743618 -1224.743775 -1224.743928 -1224.744096 -1224.744304 -1224.744589 -1224.745006 -1224.745644 -1224.746643 -1224.748238 -1224.750830 -1224.755118 -1224.762373 -1224.774981 -1224.797552 -1224.839206 -1224.918340 -1225.073021 -1225.385888 -1226.051056 -1227.565642 -1231.270532 -1240.864094 -1267.699053 -9999.0 -9999.0
-9999.0 -9999.0 1082.944478 987.726404 892.413585 796.581180 700.434047 604.140729 507.800511 411.469182 315.178197 218.945445 122.780996 26.692869 -69.298178 -165.175858 -260.855178 -356.177729 -450.839975 -544.231453 -635.272808 -726.474416 -816.167132 -904.068300 -989.917898 -1051.910416 -1101.553678 -1139.420265 -1167.062591 -1186.492573 -1199.732652 -1208.536906 -1214.284568 -1217.988085 -1220.354695 -1221.863713 -1222.841053 -1223.544906 -1224.415433 -1227.353134 -1241.857520 -1321.847584 -1591.486867 -2675.982604 -3872.014425 -3868.857863 -3547.979796 -2934.745484 -2551.925812 -2324.719102 -2170.161950 -2042.731540 -1965.819067 -1916.382909 -1870.637328 -1822.969715 -1771.793641 -1717.843497 -1662.863413 -1607.876214 -1547.169525 -1312.518834 -1282.667911 -1235.152666 -1226.324898 -1224.965657 -1224.770671 -1224.742336 -1224.738763 -1224.739192 -1224.740159 -1224.741031 -1224.741720 -1224.742249 -1224.742658 -1224.742978 -1224.743234 -1224.743443 -1224.743618 -1224.743775 -1224.743928 -1224.744096 -1224.744304 -1224.744589 -1224.745006 -1224.745644 -1224.746643 -1224.748238 -1224.750830 -1224.755118 -1224.762373 -1224.774981 -1224.797552 -1224.839206 -1224.918340 -1225.073021 -1225.385888 -1226.051056 -1227.565642 -1231.270532 -1240.864094 -1267.699053 -9999.0 -9999.0
-9999.0 -9999.0 1082.943277 987.725747 892.413302 796.581070 700.434006 604.140714 507.800505 411.469180 315.178196 218.945444 122.780996 26.692869 -69.298178 -165.175858 -260.855178 -356.177729 -450.839975 -544.231453 -635.272808 -726.474416 -816.167132 -904.068300 -989.917898 -1051.910416 -1101.553678 -1139.420265 -1167.062591 -1186.492573 -1199.732652 -1208.536906 -1214.284568 -1217.988085 -1220.354695 -1221.863713 -1222.841053 -1223.544906 -1224.415433 -1227.353134 -1241.857520 -1321.847584 -1591.486867 -2675.982605 -3872.014425 -3868.857863 -3547.979796 -2934.745485 -2551.925812 -2324.719102 -2170.161951 -2042.731540 -1965.819067 -1916.382909 -1870.637328 -1822.969715 -1771.793641 -1717.843497 -1662.863413 -1607.876214 -1547.169525 -1312.518834 -1282.667911 -1235.152666 -1226.324898 -1224.965657 -1224.770671 -1224.742336 -1224.738763 -1224.739192 -1224.740159 -1224.741031 -1224.741720 -1224.742249 -1224.742658 -1224.742978 -1224.743234 -1224.743443 -1224.743618 -1224.743775 -1224.743928 -1224.744096 -1224.744304 -1224.744589 -1224.745006 -1224.745644 -1224.746643 -1224.748238 -1224.750830 -1224.755118 -1224.762373 -1224.774981 -1224.797552 -1224.839206 -1224.918340 -1225.073021 -1225.385888 -1226.051056 -1227.565642 -1231.270532 -1240.864094 -1267.699053 -9999.0 -9999.0
-9999.0 -9999.0 1082.940407 987.724578 892.412901 796.580936 700.433961 604.140698 507.800500 411.469178 315.178195 218.945444 122.780996 26.692869 -69.298178 -165.175857 -260.855178 -356.177728 -450.839974 -544.231453 -635.272807 -726.474416 -816.167132 -904.068300 -989.917897 -1051.910415 -1101.553677 -1139.420264 -1167.062591 -1186.492573 -1199.732652 -1208.536906 -1214.284568 -1217.988085 -1220.354695 -1221.863713 -1222.841053 -1223.544906 -1224.415433 -1227.353134 -1241.857520 -1321.847584 -1591.486867 -2675.982606 -3872.014425 -3868.857863 -3547.979797 -2934.745486 -2551.925812 -2324.719104 -2170.161953 -2042.731541 -1965.819068 -1916.382910 -1870.637328 -1822.969716 -1771.793642 -1717.843497 -1662.863413 -1607.876214 -1547.169525 -1312.518834 -1282.667911 -1235.152666 -1226.324898 -1224.965657 -1224.770671 -1224.742336 -1224.738763 -1224.739192 -1224.740159 -1224.741031 -1224.741720 -1224.742249 -1224.742658 -1224.742978 -1224.743234 -1224.743443 -1224.743618 -1224.743775 -1224.743928 -1224.744096 -1224.744304 -1224.744589 -1224.745006 -1224.745644 -1224.746643 -1224.748238 -1224.750830 -1224.755118 -1224.762373 -1224.774981 -1224.797552 -1224.839206 -1224.918340 -1225.073021 -1225.385888 -1226.051056 -1227.565642 -1231.270532 -1240.864094 -1267.699053 -9999.0 -9999.0
-9999.0 -9999.0 -9999.0 -9999.0 -9999.0 -9999.0 -9999.0 -9999.0 -9999.0 -9999.0 -9999.0 -9999.0 -9999.0 -9999.0 -9999.0 -9999.0 -9999.0 -9999.0 -9999.0 -9999.0 -9999.0 -9999.0 -9999.0 -9999.0 -9999.0 -9999.0 -9999.0 -9999.0 -9999.0 -9999.0 -9999.0 -9999.0 -9999.0 -9999.0 -9999.0 -9999.0 -9999.0 -9999.0 -9999.0 -9999.0 -9999.0 -9999.0 -9999.0 -9999.0 -9999.0 -9999.0 -9999.0 -9999.0 -9999.0 -9999.0 -9999.0 -9999.0 -9999.0 -9999.0 -9999.0 -9999.0 -9999.0 -9999.0 -9999.0 -9999.0 -9999.0 -9999.0 -9999.0 -9999.0 -9999.0 -9999.0 -9999.0 -9999.0 -9999.0 -9999.0 -9999.0 -9999.0 -9999.0 -9999.0 -9999.0 -9999.0 -9999.0 -9999.0 -9999.0 -9999.0 -9999.0 -9999.0 -9999.0 -9999.0 -9999.0 -9999.0 -9999.0 -9999.0 -9999.0 -9999.0 -9999.0 -9999.0 -9999.0 -9999.0 -9999.0 -9999.0 -9999.0 -9999.0 -9999.0 -9999.0 -9999.0 -9999.0 -9999.0 -9999.0
-9999.0 -9999.0 -9999.0 -9999.0 -9999.0 -9999.0 -9999.0 -9999.0 -9999.0 -9999.0 -9999.0 -9999.0 -9999.0 -9999.0 -9999.0 -9999.0 -9999.0 -9999.0 -9999.0 -9999.0 -9999.0 -9999.0 -9999.0 -9999.0 -9999.0 -9999.0 -9999.0 -9999.0 -9999.0 -9999.0 -9999.0 -9999.0 -9999.0 -9999.0 -9999.0 -9999.0 -9999.0 -9999.0 -9999.0 -9999.0 -9999.0 -9999.0 -9999.0 -9999.0 -9999.0 -9999.0 -9999.0 -9999.0 -9999.0 -9999.0 -9999.0 -9999.0 -9999.0 -9999.0 -9999.0 -9999.0 -9999.0 -9999.0 -9999.0 -9999.0 -9999.0 -9999.0 -9999.0 -9999.0 -9999.0 -9999.0 -9999.0 -9999.0 -9999.0 -9999.0 -9999.0 -9999.0 -9999.0 -9999.0 -9999.0 -9999.0 -9999.0 -9999.0 -9999.0 -9999.0 -9999.0 -9999.0 -9999.0 -9999.0 -9999.0 -9999.0 -9999.0 -9999.0 -9999.0 -9999.0 -9999.0 -9999.0 -9999.0 -9999.0 -9999.0 -9999.0 -9999.0 -9999.0 -9999.0 -9999.0 -9999.0 -9999.0 -9999.0 -9999.0