inst/processing_geotop_simulation/geotop_simulation/out/maps3D/PwL0020N0193.asc
ncols         104
nrows         10
xllcorner     -2.000000
yllcorner     0.000000
cellsize      1.000000
NODATA_value  -9999.0
-9999.0 -9999.0 -9999.0 -9999.0 -9999.0 -9999.0 -9999.0 -9999.0 -9999.0 -9999.0 -9999.0 -9999.0 -9999.0 -9999.0 -9999.0 -9999.0 -9999.0 -9999.0 -9999.0 -9999.0 -9999.0 -9999.0 -9999.0 -9999.0 -9999.0 -9999.0 -9999.0 -9999.0 -9999.0 -9999.0 -9999.0 -9999.0 -9999.0 -9999.0 -9999.0 -9999.0 -9999.0 -9999.0 -9999.0 -9999.0 -9999.0 -9999.0 -9999.0 -9999.0 -9999.0 -9999.0 -9999.0 -9999.0 -9999.0 -9999.0 -9999.0 -9999.0 -9999.0 -9999.0 -9999.0 -9999.0 -9999.0 -9999.0 -9999.0 -9999.0 -9999.0 -9999.0 -9999.0 -9999.0 -9999.0 -9999.0 -9999.0 -9999.0 -9999.0 -9999.0 -9999.0 -9999.0 -9999.0 -9999.0 -9999.0 -9999.0 -9999.0 -9999.0 -9999.0 -9999.0 -9999.0 -9999.0 -9999.0 -9999.0 -9999.0 -9999.0 -9999.0 -9999.0 -9999.0 -9999.0 -9999.0 -9999.0 -9999.0 -9999.0 -9999.0 -9999.0 -9999.0 -9999.0 -9999.0 -9999.0 -9999.0 -9999.0 -9999.0 -9999.0
-9999.0 -9999.0 -9999.0 -9999.0 -9999.0 -9999.0 -9999.0 -9999.0 -9999.0 -9999.0 -9999.0 -9999.0 -9999.0 -9999.0 -9999.0 -9999.0 -9999.0 -9999.0 -9999.0 -9999.0 -9999.0 -9999.0 -9999.0 -9999.0 -9999.0 -9999.0 -9999.0 -9999.0 -9999.0 -9999.0 -9999.0 -9999.0 -9999.0 -9999.0 -9999.0 -9999.0 -9999.0 -9999.0 -9999.0 -9999.0 -9999.0 -9999.0 -9999.0 -9999.0 -9999.0 -9999.0 -9999.0 -9999.0 -9999.0 -9999.0 -9999.0 -9999.0 -9999.0 -9999.0 -9999.0 -9999.0 -9999.0 -9999.0 -9999.0 -9999.0 -9999.0 -9999.0 -9999.0 -9999.0 -9999.0 -9999.0 -9999.0 -9999.0 -9999.0 -9999.0 -9999.0 -9999.0 -9999.0 -9999.0 -9999.0 -9999.0 -9999.0 -9999.0 -9999.0 -9999.0 -9999.0 -9999.0 -9999.0 -9999.0 -9999.0 -9999.0 -9999.0 -9999.0 -9999.0 -9999.0 -9999.0 -9999.0 -9999.0 -9999.0 -9999.0 -9999.0 -9999.0 -9999.0 -9999.0 -9999.0 -9999.0 -9999.0 -9999.0 -9999.0
-9999.0 -9999.0 978.090022 881.827649 785.309317 688.335028 591.105494 493.759748 396.375694 298.997274 201.648119 104.341670 7.088466 -90.094202 -187.188792 -284.115014 -380.715342 -476.716051 -571.665163 -664.759614 -758.325344 -850.650902 -941.504351 -1030.685322 -1101.145298 -1160.058052 -1207.144189 -1243.233900 -1269.888257 -1288.963457 -1302.266836 -1311.357267 -1317.472833 -1321.540576 -1324.225693 -1325.993210 -1327.170866 -1328.033438 -1329.072149 -1332.255296 -1346.508680 -1419.465503 -1864.819822 -3942.101938 -3985.139040 -3985.140089 -3984.826517 -3981.210058 -3964.059195 -3913.199932 -3806.196300 -3617.081436 -3442.849781 -3307.509324 -3168.829641 -3014.780890 -2844.464253 -2666.746949 -2494.225362 -2334.037178 -2168.799713 -1520.983228 -1379.599506 -1339.254574 -1331.181763 -1329.786228 -1329.570532 -1329.538424 -1329.534187 -1329.534365 -1329.535160 -1329.535902 -1329.536493 -1329.536949 -1329.537302 -1329.537579 -1329.537801 -1329.537982 -1329.538136 -1329.538273 -1329.538408 -1329.538557 -1329.538741 -1329.538992 -1329.539359 -1329.539919 -1329.540795 -1329.542193 -1329.544464 -1329.548227 -1329.554606 -1329.565719 -1329.585665 -1329.622573 -1329.692879 -1329.830748 -1330.110736 -1330.708048 -1332.067499 -1335.381127 -1344.033054 -1369.337127 -9999.0 -9999.0
-9999.0 -9999.0 978.093235 881.828893 785.309729 688.335164 591.105540 493.759763 396.375700 298.997276 201.648120 104.341670 7.088466 -90.094202 -187.188793 -284.115014 -380.715343 -476.716051 -571.665164 -664.759614 -758.325344 -850.650902 -941.504351 -1030.685322 -1101.145298 -1160.058053 -1207.144190 -1243.233900 -1269.888257 -1288.963457 -1302.266836 -1311.357267 -1317.472833 -1321.540576 -1324.225693 -1325.993210 -1327.170866 -1328.033438 -1329.072149 -1332.255296 -1346.508680 -1419.465503 -1864.819822 -3942.101938 -3985.139040 -3985.140089 -3984.826517 -3981.210058 -3964.059195 -3913.199931 -3806.196298 -3617.081435 -3442.849781 -3307.509323 -3168.829640 -3014.780889 -2844.464252 -2666.746949 -2494.225361 -2334.037178 -2168.799713 -1520.983228 -1379.599506 -1339.254574 -1331.181763 -1329.786228 -1329.570532 -1329.538424 -1329.534187 -1329.534365 -1329.535160 -1329.535902 -1329.536493 -1329.536949 -1329.537302 -1329.537579 -1329.537801 -1329.537982 -1329.538136 -1329.538273 -1329.538408 -1329.538557 -1329.538741 -1329.538992 -1329.539359 -1329.539919 -1329.540795 -1329.542193 -1329.544464 -1329.548227 -1329.554606 -1329.565719 -1329.585665 -1329.622573 -1329.692879 -1329.830748 -1330.110736 -1330.708048 -1332.067499 -1335.381127 -1344.033054 -1369.337127 -9999.0 -9999.0
-9999.0 -9999.0 978.094488 881.829568 785.310015 688.335274 591.105580 493.759778 396.375705 298.997278 201.648121 104.341670 7.088466 -90.094202 -187.188792 -284.115014 -380.715342 -476.716051 -571.665164 -664.759614 -758.325344 -850.650903 -941.504352 -1030.685322 -1101.145299 -1160.058053 -1207.144190 -1243.233900 -1269.888257 -1288.963457 -1302.266836 -1311.357267 -1317.472833 -1321.540576 -1324.225693 -1325.993210 -1327.170866 -1328.033438 -1329.072149 -1332.255296 -1346.508680 -1419.465503 -1864.819822 -3942.101938 -3985.139040 -3985.140089 -3984.826517 -3981.210058 -3964.059195 -3913.199931 -3806.196297 -3617.081434 -3442.849780 -3307.509323 -3168.829640 -3014.780889 -2844.464252 -2666.746948 -2494.225361 -2334.037178 -2168.799713 -1520.983228 -1379.599506 -1339.254574 -1331.181763 -1329.786228 -1329.570532 -1329.538424 -1329.534187 -1329.534365 -1329.535160 -1329.535902 -1329.536493 -1329.536949 -1329.537302 -1329.537579 -1329.537801 -1329.537982 -1329.538136 -1329.538273 -1329.538408 -1329.538557 -1329.538741 -1329.538992 -1329.539359 -1329.539919 -1329.540795 -1329.542193 -1329.544464 -1329.548227 -1329.554606 -1329.565719 -1329.585665 -1329.622573 -1329.692879 -1329.830748 -1330.110736 -1330.708048 -1332.067499 -1335.381127 -1344.033054 -1369.337127 -9999.0 -9999.0
-9999.0 -9999.0 978.094488 881.829568 785.310015 688.335274 591.105580 493.759778 396.375705 298.997278 201.648120 104.341670 7.088466 -90.094202 -187.188793 -284.115014 -380.715343 -476.716051 -571.665164 -664.759614 -758.325344 -850.650903 -941.504352 -1030.685322 -1101.145299 -1160.058053 -1207.144190 -1243.233900 -1269.888257 -1288.963457 -1302.266836 -1311.357267 -1317.472833 -1321.540576 -1324.225693 -1325.993210 -1327.170866 -1328.033438 -1329.072149 -1332.255296 -1346.508680 -1419.465503 -1864.819822 -3942.101938 -3985.139040 -3985.140089 -3984.826517 -3981.210058 -3964.059195 -3913.199931 -3806.196297 -3617.081434 -3442.849780 -3307.509323 -3168.829639 -3014.780889 -2844.464252 -2666.746948 -2494.225361 -2334.037178 -2168.799713 -1520.983228 -1379.599506 -1339.254574 -1331.181763 -1329.786228 -1329.570532 -1329.538424 -1329.534187 -1329.534365 -1329.535160 -1329.535902 -1329.536493 -1329.536949 -1329.537302 -1329.537579 -1329.537801 -1329.537982 -1329.538136 -1329.538273 -1329.538408 -1329.538557 -1329.538741 -1329.538992 -1329.539359 -1329.539919 -1329.540795 -1329.542193 -1329.544464 -1329.548227 -1329.554606 -1329.565719 -1329.585665 -1329.622573 -1329.692879 -1329.830748 -1330.110736 -1330.708048 -1332.067499 -1335.381127 -1344.033054 -1369.337127 -9999.0 -9999.0
-9999.0 -9999.0 978.093235 881.828893 785.309729 688.335164 591.105539 493.759763 396.375700 298.997276 201.648120 104.341670 7.088466 -90.094202 -187.188792 -284.115014 -380.715342 -476.716051 -571.665164 -664.759614 -758.325344 -850.650903 -941.504351 -1030.685322 -1101.145298 -1160.058053 -1207.144190 -1243.233900 -1269.888257 -1288.963457 -1302.266836 -1311.357267 -1317.472833 -1321.540576 -1324.225693 -1325.993210 -1327.170866 -1328.033438 -1329.072149 -1332.255296 -1346.508680 -1419.465503 -1864.819822 -3942.101938 -3985.139040 -3985.140089 -3984.826517 -3981.210058 -3964.059195 -3913.199931 -3806.196298 -3617.081435 -3442.849781 -3307.509323 -3168.829640 -3014.780889 -2844.464253 -2666.746948 -2494.225361 -2334.037178 -2168.799714 -1520.983228 -1379.599506 -1339.254574 -1331.181763 -1329.786228 -1329.570532 -1329.538424 -1329.534187 -1329.534365 -1329.535160 -1329.535902 -1329.536493 -1329.536949 -1329.537302 -1329.537579 -1329.537801 -1329.537982 -1329.538136 -1329.538273 -1329.538408 -1329.538557 -1329.538741 -1329.538992 -1329.539359 -1329.539919 -1329.540795 -1329.542193 -1329.544464 -1329.548227 -1329.554606 -1329.565719 -1329.585665 -1329.622573 -1329.692879 -1329.830748 -1330.110736 -1330.708048 -1332.067499 -1335.381127 -1344.033054 -1369.337127 -9999.0 -9999.0
-9999.0 -9999.0 978.090022 881.827649 785.309317 688.335028 591.105494 493.759748 396.375694 298.997274 201.648119 104.341670 7.088466 -90.094202 -187.188793 -284.115014 -380.715342 -476.716051 -571.665164 -664.759614 -758.325344 -850.650902 -941.504351 -1030.685322 -1101.145298 -1160.058052 -1207.144189 -1243.233900 -1269.888257 -1288.963457 -1302.266836 -1311.357267 -1317.472833 -1321.540576 -1324.225693 -1325.993210 -1327.170866 -1328.033438 -1329.072149 -1332.255296 -1346.508680 -1419.465503 -1864.819822 -3942.101938 -3985.139040 -3985.140089 -3984.826517 -3981.210058 -3964.059195 -3913.199932 -3806.196300 -3617.081436 -3442.849781 -3307.509324 -3168.829640 -3014.780890 -2844.464253 -2666.746949 -2494.225361 -2334.037178 -2168.799714 -1520.983228 -1379.599506 -1339.254574 -1331.181763 -1329.786228 -1329.570532 -1329.538424 -1329.534187 -1329.534365 -1329.535160 -1329.535902 -1329.536493 -1329.536949 -1329.537302 -1329.537579 -1329.537801 -1329.537982 -1329.538136 -1329.538273 -1329.538408 -1329.538557 -1329.538741 -1329.538992 -1329.539359 -1329.539919 -1329.540795 -1329.542193 -1329.544464 -1329.548227 -1329.554606 -1329.565719 -1329.585665 -1329.622573 -1329.692879 -1329.830748 -1330.110736 -1330.708048 -1332.067499 -1335.381127 -1344.033054 -1369.337127 -9999.0 -9999.0
-9999.0 -9999.0 -9999.0 -9999.0 -9999.0 -9999.0 -9999.0 -9999.0 -9999.0 -9999.0 -9999.0 -9999.0 -9999.0 -9999.0 -9999.0 -9999.0 -9999.0 -9999.0 -9999.0 -9999.0 -9999.0 -9999.0 -9999.0 -9999.0 -9999.0 -9999.0 -9999.0 -9999.0 -9999.0 -9999.0 -9999.0 -9999.0 -9999.0 -9999.0 -9999.0 -9999.0 -9999.0 -9999.0 -9999.0 -9999.0 -9999.0 -9999.0 -9999.0 -9999.0 -9999.0 -9999.0 -9999.0 -9999.0 -9999.0 -9999.0 -9999.0 -9999.0 -9999.0 -9999.0 -9999.0 -9999.0 -9999.0 -9999.0 -9999.0 -9999.0 -9999.0 -9999.0 -9999.0 -9999.0 -9999.0 -9999.0 -9999.0 -9999.0 -9999.0 -9999.0 -9999.0 -9999.0 -9999.0 -9999.0 -9999.0 -9999.0 -9999.0 -9999.0 -9999.0 -9999.0 -9999.0 -9999.0 -9999.0 -9999.0 -9999.0 -9999.0 -9999.0 -9999.0 -9999.0 -9999.0 -9999.0 -9999.0 -9999.0 -9999.0 -9999.0 -9999.0 -9999.0 -9999.0 -9999.0 -9999.0 -9999.0 -9999.0 -9999.0 -9999.0
-9999.0 -9999.0 -9999.0 -9999.0 -9999.0 -9999.0 -9999.0 -9999.0 -9999.0 -9999.0 -9999.0 -9999.0 -9999.0 -9999.0 -9999.0 -9999.0 -9999.0 -9999.0 -9999.0 -9999.0 -9999.0 -9999.0 -9999.0 -9999.0 -9999.0 -9999.0 -9999.0 -9999.0 -9999.0 -9999.0 -9999.0 -9999.0 -9999.0 -9999.0 -9999.0 -9999.0 -9999.0 -9999.0 -9999.0 -9999.0 -9999.0 -9999.0 -9999.0 -9999.0 -9999.0 -9999.0 -9999.0 -9999.0 -9999.0 -9999.0 -9999.0 -9999.0 -9999.0 -9999.0 -9999.0 -9999.0 -9999.0 -9999.0 -9999.0 -9999.0 -9999.0 -9999.0 -9999.0 -9999.0 -9999.0 -9999.0 -9999.0 -9999.0 -9999.0 -9999.0 -9999.0 -9999.0 -9999.0 -9999.0 -9999.0 -9999.0 -9999.0 -9999.0 -9999.0 -9999.0 -9999.0 -9999.0 -9999.0 -9999.0 -9999.0 -9999.0 -9999.0 -9999.0 -9999.0 -9999.0 -9999.0 -9999.0 -9999.0 -9999.0 -9999.0 -9999.0 -9999.0 -9999.0 -9999.0 -9999.0 -9999.0 -9999.0 -9999.0 -9999.0