inst/processing_geotop_simulation/geotop_simulation/out/maps3D/PwL0011N0166.asc
ncols         104
nrows         10
xllcorner     -2.000000
yllcorner     0.000000
cellsize      1.000000
NODATA_value  -9999.0
-9999.0 -9999.0 -9999.0 -9999.0 -9999.0 -9999.0 -9999.0 -9999.0 -9999.0 -9999.0 -9999.0 -9999.0 -9999.0 -9999.0 -9999.0 -9999.0 -9999.0 -9999.0 -9999.0 -9999.0 -9999.0 -9999.0 -9999.0 -9999.0 -9999.0 -9999.0 -9999.0 -9999.0 -9999.0 -9999.0 -9999.0 -9999.0 -9999.0 -9999.0 -9999.0 -9999.0 -9999.0 -9999.0 -9999.0 -9999.0 -9999.0 -9999.0 -9999.0 -9999.0 -9999.0 -9999.0 -9999.0 -9999.0 -9999.0 -9999.0 -9999.0 -9999.0 -9999.0 -9999.0 -9999.0 -9999.0 -9999.0 -9999.0 -9999.0 -9999.0 -9999.0 -9999.0 -9999.0 -9999.0 -9999.0 -9999.0 -9999.0 -9999.0 -9999.0 -9999.0 -9999.0 -9999.0 -9999.0 -9999.0 -9999.0 -9999.0 -9999.0 -9999.0 -9999.0 -9999.0 -9999.0 -9999.0 -9999.0 -9999.0 -9999.0 -9999.0 -9999.0 -9999.0 -9999.0 -9999.0 -9999.0 -9999.0 -9999.0 -9999.0 -9999.0 -9999.0 -9999.0 -9999.0 -9999.0 -9999.0 -9999.0 -9999.0 -9999.0 -9999.0
-9999.0 -9999.0 -9999.0 -9999.0 -9999.0 -9999.0 -9999.0 -9999.0 -9999.0 -9999.0 -9999.0 -9999.0 -9999.0 -9999.0 -9999.0 -9999.0 -9999.0 -9999.0 -9999.0 -9999.0 -9999.0 -9999.0 -9999.0 -9999.0 -9999.0 -9999.0 -9999.0 -9999.0 -9999.0 -9999.0 -9999.0 -9999.0 -9999.0 -9999.0 -9999.0 -9999.0 -9999.0 -9999.0 -9999.0 -9999.0 -9999.0 -9999.0 -9999.0 -9999.0 -9999.0 -9999.0 -9999.0 -9999.0 -9999.0 -9999.0 -9999.0 -9999.0 -9999.0 -9999.0 -9999.0 -9999.0 -9999.0 -9999.0 -9999.0 -9999.0 -9999.0 -9999.0 -9999.0 -9999.0 -9999.0 -9999.0 -9999.0 -9999.0 -9999.0 -9999.0 -9999.0 -9999.0 -9999.0 -9999.0 -9999.0 -9999.0 -9999.0 -9999.0 -9999.0 -9999.0 -9999.0 -9999.0 -9999.0 -9999.0 -9999.0 -9999.0 -9999.0 -9999.0 -9999.0 -9999.0 -9999.0 -9999.0 -9999.0 -9999.0 -9999.0 -9999.0 -9999.0 -9999.0 -9999.0 -9999.0 -9999.0 -9999.0 -9999.0 -9999.0
-9999.0 -9999.0 532.588458 440.031193 345.316932 249.500092 153.203482 56.702814 -39.856701 -136.406758 -232.887478 -329.191814 -425.120279 -520.313161 -614.378570 -707.967502 -801.883244 -895.483076 -988.569347 -1078.435329 -1159.125770 -1227.588585 -1281.924687 -1322.614718 -1351.735843 -1371.923553 -1385.627326 -1394.795858 -1400.858375 -1404.823323 -1407.390347 -1409.037943 -1410.088433 -1410.755336 -1411.177955 -1411.448008 -1411.632920 -1411.809487 -1412.215604 -1414.213310 -1424.812922 -1475.942043 -1724.798622 -2947.116795 -2580.488035 -2383.725318 -2300.950312 -2290.942055 -2289.947017 -2290.050961 -2290.309557 -2290.586355 -2290.852011 -2291.097818 -2291.324981 -2291.580837 -2292.339438 -2297.817540 -2339.117418 -2437.973494 -2605.334279 -1540.807133 -1446.440538 -1419.344457 -1413.213887 -1412.205975 -1412.057137 -1412.034747 -1412.032027 -1412.032630 -1412.033654 -1412.034550 -1412.035248 -1412.035780 -1412.036186 -1412.036501 -1412.036751 -1412.036952 -1412.037120 -1412.037269 -1412.037414 -1412.037576 -1412.037778 -1412.038059 -1412.038474 -1412.039112 -1412.040115 -1412.041719 -1412.044323 -1412.048624 -1412.055878 -1412.068434 -1412.090809 -1412.131894 -1412.209454 -1412.359476 -1412.656835 -1413.266111 -1414.579919 -1417.617274 -1425.301292 -1448.155203 -9999.0 -9999.0
-9999.0 -9999.0 532.594815 440.033039 345.317456 249.500252 153.203534 56.702831 -39.856695 -136.406755 -232.887477 -329.191813 -425.120279 -520.313161 -614.378570 -707.967502 -801.883244 -895.483076 -988.569347 -1078.435329 -1159.125770 -1227.588585 -1281.924687 -1322.614718 -1351.735843 -1371.923553 -1385.627326 -1394.795858 -1400.858375 -1404.823323 -1407.390347 -1409.037943 -1410.088433 -1410.755336 -1411.177955 -1411.448008 -1411.632920 -1411.809487 -1412.215604 -1414.213310 -1424.812922 -1475.942042 -1724.798621 -2947.116793 -2580.488032 -2383.725312 -2300.950313 -2290.942055 -2289.947017 -2290.050961 -2290.309557 -2290.586355 -2290.852011 -2291.097818 -2291.324981 -2291.580838 -2292.339438 -2297.817540 -2339.117417 -2437.973494 -2605.334279 -1540.807133 -1446.440538 -1419.344457 -1413.213887 -1412.205975 -1412.057137 -1412.034747 -1412.032027 -1412.032630 -1412.033654 -1412.034550 -1412.035248 -1412.035780 -1412.036186 -1412.036501 -1412.036751 -1412.036952 -1412.037120 -1412.037269 -1412.037414 -1412.037576 -1412.037778 -1412.038059 -1412.038474 -1412.039112 -1412.040115 -1412.041719 -1412.044323 -1412.048624 -1412.055878 -1412.068434 -1412.090809 -1412.131894 -1412.209454 -1412.359476 -1412.656835 -1413.266111 -1414.579919 -1417.617274 -1425.301292 -1448.155203 -9999.0 -9999.0
-9999.0 -9999.0 532.596423 440.033882 345.317797 249.500378 153.203579 56.702847 -39.856689 -136.406753 -232.887477 -329.191813 -425.120279 -520.313161 -614.378570 -707.967502 -801.883244 -895.483076 -988.569347 -1078.435329 -1159.125771 -1227.588585 -1281.924687 -1322.614718 -1351.735843 -1371.923553 -1385.627326 -1394.795858 -1400.858375 -1404.823323 -1407.390347 -1409.037943 -1410.088433 -1410.755336 -1411.177955 -1411.448008 -1411.632920 -1411.809487 -1412.215604 -1414.213310 -1424.812922 -1475.942042 -1724.798621 -2947.116793 -2580.488031 -2383.725310 -2300.950313 -2290.942055 -2289.947017 -2290.050961 -2290.309557 -2290.586355 -2290.852011 -2291.097818 -2291.324981 -2291.580838 -2292.339438 -2297.817540 -2339.117417 -2437.973493 -2605.334278 -1540.807133 -1446.440538 -1419.344457 -1413.213887 -1412.205975 -1412.057137 -1412.034747 -1412.032027 -1412.032630 -1412.033654 -1412.034550 -1412.035248 -1412.035780 -1412.036186 -1412.036501 -1412.036751 -1412.036952 -1412.037120 -1412.037269 -1412.037414 -1412.037576 -1412.037778 -1412.038059 -1412.038474 -1412.039112 -1412.040115 -1412.041719 -1412.044323 -1412.048624 -1412.055878 -1412.068434 -1412.090809 -1412.131894 -1412.209454 -1412.359476 -1412.656835 -1413.266111 -1414.579919 -1417.617274 -1425.301291 -1448.155203 -9999.0 -9999.0
-9999.0 -9999.0 532.596423 440.033882 345.317797 249.500378 153.203579 56.702847 -39.856689 -136.406753 -232.887477 -329.191813 -425.120279 -520.313161 -614.378570 -707.967502 -801.883244 -895.483076 -988.569347 -1078.435329 -1159.125771 -1227.588585 -1281.924687 -1322.614718 -1351.735843 -1371.923553 -1385.627326 -1394.795858 -1400.858375 -1404.823323 -1407.390347 -1409.037943 -1410.088433 -1410.755336 -1411.177955 -1411.448008 -1411.632920 -1411.809487 -1412.215604 -1414.213310 -1424.812922 -1475.942042 -1724.798621 -2947.116793 -2580.488031 -2383.725310 -2300.950313 -2290.942055 -2289.947017 -2290.050961 -2290.309557 -2290.586355 -2290.852011 -2291.097818 -2291.324981 -2291.580838 -2292.339438 -2297.817540 -2339.117417 -2437.973493 -2605.334278 -1540.807133 -1446.440538 -1419.344457 -1413.213887 -1412.205975 -1412.057137 -1412.034747 -1412.032027 -1412.032630 -1412.033654 -1412.034550 -1412.035248 -1412.035780 -1412.036186 -1412.036501 -1412.036751 -1412.036952 -1412.037120 -1412.037269 -1412.037414 -1412.037576 -1412.037778 -1412.038059 -1412.038474 -1412.039112 -1412.040115 -1412.041719 -1412.044323 -1412.048624 -1412.055878 -1412.068434 -1412.090809 -1412.131894 -1412.209454 -1412.359476 -1412.656835 -1413.266111 -1414.579919 -1417.617274 -1425.301291 -1448.155203 -9999.0 -9999.0
-9999.0 -9999.0 532.594815 440.033039 345.317456 249.500252 153.203534 56.702831 -39.856695 -136.406755 -232.887477 -329.191813 -425.120279 -520.313161 -614.378570 -707.967502 -801.883244 -895.483076 -988.569347 -1078.435329 -1159.125770 -1227.588585 -1281.924687 -1322.614718 -1351.735843 -1371.923553 -1385.627326 -1394.795858 -1400.858375 -1404.823323 -1407.390347 -1409.037943 -1410.088433 -1410.755336 -1411.177955 -1411.448008 -1411.632920 -1411.809487 -1412.215604 -1414.213310 -1424.812922 -1475.942042 -1724.798621 -2947.116793 -2580.488032 -2383.725312 -2300.950313 -2290.942055 -2289.947017 -2290.050961 -2290.309557 -2290.586355 -2290.852011 -2291.097818 -2291.324981 -2291.580838 -2292.339438 -2297.817540 -2339.117417 -2437.973494 -2605.334279 -1540.807133 -1446.440538 -1419.344457 -1413.213887 -1412.205975 -1412.057137 -1412.034747 -1412.032027 -1412.032630 -1412.033654 -1412.034550 -1412.035248 -1412.035780 -1412.036186 -1412.036501 -1412.036751 -1412.036952 -1412.037120 -1412.037269 -1412.037414 -1412.037576 -1412.037778 -1412.038059 -1412.038474 -1412.039112 -1412.040115 -1412.041719 -1412.044323 -1412.048624 -1412.055878 -1412.068434 -1412.090809 -1412.131894 -1412.209454 -1412.359476 -1412.656835 -1413.266111 -1414.579919 -1417.617274 -1425.301292 -1448.155203 -9999.0 -9999.0
-9999.0 -9999.0 532.588458 440.031193 345.316932 249.500092 153.203482 56.702814 -39.856701 -136.406758 -232.887478 -329.191814 -425.120280 -520.313161 -614.378570 -707.967502 -801.883244 -895.483076 -988.569347 -1078.435329 -1159.125770 -1227.588585 -1281.924687 -1322.614718 -1351.735843 -1371.923553 -1385.627326 -1394.795858 -1400.858375 -1404.823323 -1407.390347 -1409.037943 -1410.088433 -1410.755336 -1411.177955 -1411.448008 -1411.632920 -1411.809487 -1412.215604 -1414.213310 -1424.812922 -1475.942043 -1724.798622 -2947.116795 -2580.488035 -2383.725318 -2300.950312 -2290.942055 -2289.947017 -2290.050961 -2290.309557 -2290.586355 -2290.852011 -2291.097818 -2291.324981 -2291.580837 -2292.339438 -2297.817540 -2339.117418 -2437.973494 -2605.334279 -1540.807133 -1446.440538 -1419.344457 -1413.213887 -1412.205975 -1412.057137 -1412.034747 -1412.032027 -1412.032630 -1412.033654 -1412.034550 -1412.035248 -1412.035780 -1412.036186 -1412.036501 -1412.036751 -1412.036952 -1412.037120 -1412.037269 -1412.037414 -1412.037576 -1412.037778 -1412.038059 -1412.038474 -1412.039112 -1412.040115 -1412.041719 -1412.044323 -1412.048624 -1412.055878 -1412.068434 -1412.090809 -1412.131894 -1412.209454 -1412.359476 -1412.656835 -1413.266111 -1414.579919 -1417.617274 -1425.301292 -1448.155203 -9999.0 -9999.0
-9999.0 -9999.0 -9999.0 -9999.0 -9999.0 -9999.0 -9999.0 -9999.0 -9999.0 -9999.0 -9999.0 -9999.0 -9999.0 -9999.0 -9999.0 -9999.0 -9999.0 -9999.0 -9999.0 -9999.0 -9999.0 -9999.0 -9999.0 -9999.0 -9999.0 -9999.0 -9999.0 -9999.0 -9999.0 -9999.0 -9999.0 -9999.0 -9999.0 -9999.0 -9999.0 -9999.0 -9999.0 -9999.0 -9999.0 -9999.0 -9999.0 -9999.0 -9999.0 -9999.0 -9999.0 -9999.0 -9999.0 -9999.0 -9999.0 -9999.0 -9999.0 -9999.0 -9999.0 -9999.0 -9999.0 -9999.0 -9999.0 -9999.0 -9999.0 -9999.0 -9999.0 -9999.0 -9999.0 -9999.0 -9999.0 -9999.0 -9999.0 -9999.0 -9999.0 -9999.0 -9999.0 -9999.0 -9999.0 -9999.0 -9999.0 -9999.0 -9999.0 -9999.0 -9999.0 -9999.0 -9999.0 -9999.0 -9999.0 -9999.0 -9999.0 -9999.0 -9999.0 -9999.0 -9999.0 -9999.0 -9999.0 -9999.0 -9999.0 -9999.0 -9999.0 -9999.0 -9999.0 -9999.0 -9999.0 -9999.0 -9999.0 -9999.0 -9999.0 -9999.0
-9999.0 -9999.0 -9999.0 -9999.0 -9999.0 -9999.0 -9999.0 -9999.0 -9999.0 -9999.0 -9999.0 -9999.0 -9999.0 -9999.0 -9999.0 -9999.0 -9999.0 -9999.0 -9999.0 -9999.0 -9999.0 -9999.0 -9999.0 -9999.0 -9999.0 -9999.0 -9999.0 -9999.0 -9999.0 -9999.0 -9999.0 -9999.0 -9999.0 -9999.0 -9999.0 -9999.0 -9999.0 -9999.0 -9999.0 -9999.0 -9999.0 -9999.0 -9999.0 -9999.0 -9999.0 -9999.0 -9999.0 -9999.0 -9999.0 -9999.0 -9999.0 -9999.0 -9999.0 -9999.0 -9999.0 -9999.0 -9999.0 -9999.0 -9999.0 -9999.0 -9999.0 -9999.0 -9999.0 -9999.0 -9999.0 -9999.0 -9999.0 -9999.0 -9999.0 -9999.0 -9999.0 -9999.0 -9999.0 -9999.0 -9999.0 -9999.0 -9999.0 -9999.0 -9999.0 -9999.0 -9999.0 -9999.0 -9999.0 -9999.0 -9999.0 -9999.0 -9999.0 -9999.0 -9999.0 -9999.0 -9999.0 -9999.0 -9999.0 -9999.0 -9999.0 -9999.0 -9999.0 -9999.0 -9999.0 -9999.0 -9999.0 -9999.0 -9999.0 -9999.0