inst/processing_geotop_simulation/geotop_simulation/out/maps3D/PwL0014N0185.asc
ncols         104
nrows         10
xllcorner     -2.000000
yllcorner     0.000000
cellsize      1.000000
NODATA_value  -9999.0
-9999.0 -9999.0 -9999.0 -9999.0 -9999.0 -9999.0 -9999.0 -9999.0 -9999.0 -9999.0 -9999.0 -9999.0 -9999.0 -9999.0 -9999.0 -9999.0 -9999.0 -9999.0 -9999.0 -9999.0 -9999.0 -9999.0 -9999.0 -9999.0 -9999.0 -9999.0 -9999.0 -9999.0 -9999.0 -9999.0 -9999.0 -9999.0 -9999.0 -9999.0 -9999.0 -9999.0 -9999.0 -9999.0 -9999.0 -9999.0 -9999.0 -9999.0 -9999.0 -9999.0 -9999.0 -9999.0 -9999.0 -9999.0 -9999.0 -9999.0 -9999.0 -9999.0 -9999.0 -9999.0 -9999.0 -9999.0 -9999.0 -9999.0 -9999.0 -9999.0 -9999.0 -9999.0 -9999.0 -9999.0 -9999.0 -9999.0 -9999.0 -9999.0 -9999.0 -9999.0 -9999.0 -9999.0 -9999.0 -9999.0 -9999.0 -9999.0 -9999.0 -9999.0 -9999.0 -9999.0 -9999.0 -9999.0 -9999.0 -9999.0 -9999.0 -9999.0 -9999.0 -9999.0 -9999.0 -9999.0 -9999.0 -9999.0 -9999.0 -9999.0 -9999.0 -9999.0 -9999.0 -9999.0 -9999.0 -9999.0 -9999.0 -9999.0 -9999.0 -9999.0
-9999.0 -9999.0 -9999.0 -9999.0 -9999.0 -9999.0 -9999.0 -9999.0 -9999.0 -9999.0 -9999.0 -9999.0 -9999.0 -9999.0 -9999.0 -9999.0 -9999.0 -9999.0 -9999.0 -9999.0 -9999.0 -9999.0 -9999.0 -9999.0 -9999.0 -9999.0 -9999.0 -9999.0 -9999.0 -9999.0 -9999.0 -9999.0 -9999.0 -9999.0 -9999.0 -9999.0 -9999.0 -9999.0 -9999.0 -9999.0 -9999.0 -9999.0 -9999.0 -9999.0 -9999.0 -9999.0 -9999.0 -9999.0 -9999.0 -9999.0 -9999.0 -9999.0 -9999.0 -9999.0 -9999.0 -9999.0 -9999.0 -9999.0 -9999.0 -9999.0 -9999.0 -9999.0 -9999.0 -9999.0 -9999.0 -9999.0 -9999.0 -9999.0 -9999.0 -9999.0 -9999.0 -9999.0 -9999.0 -9999.0 -9999.0 -9999.0 -9999.0 -9999.0 -9999.0 -9999.0 -9999.0 -9999.0 -9999.0 -9999.0 -9999.0 -9999.0 -9999.0 -9999.0 -9999.0 -9999.0 -9999.0 -9999.0 -9999.0 -9999.0 -9999.0 -9999.0 -9999.0 -9999.0 -9999.0 -9999.0 -9999.0 -9999.0 -9999.0 -9999.0
-9999.0 -9999.0 680.075812 585.400404 489.580005 392.986763 296.030826 198.918323 101.752711 4.590044 -92.528250 -189.581841 -286.494328 -383.110290 -479.167465 -574.306005 -667.977038 -762.459388 -856.356006 -949.281732 -1040.870887 -1121.368801 -1191.153981 -1248.481137 -1293.286314 -1326.839279 -1351.105497 -1368.170917 -1379.901227 -1387.812205 -1393.063844 -1396.505954 -1398.740062 -1400.180098 -1401.104581 -1401.699717 -1402.096702 -1402.423135 -1403.004075 -1405.445771 -1417.466764 -1479.804643 -2039.216959 -4253.365521 -4282.156551 -4282.126999 -4282.097842 -4282.093150 -4282.092667 -4282.092716 -4282.092840 -4282.092972 -4282.093099 -4282.093217 -4282.093325 -4282.093446 -4282.093808 -4282.096378 -4282.113195 -4282.136283 -4235.149514 -1909.238387 -1446.623477 -1411.091311 -1404.263485 -1403.098312 -1402.921504 -1402.895146 -1402.891775 -1402.892149 -1402.893028 -1402.893820 -1402.894442 -1402.894918 -1402.895283 -1402.895567 -1402.895792 -1402.895975 -1402.896128 -1402.896264 -1402.896397 -1402.896545 -1402.896730 -1402.896987 -1402.897365 -1402.897947 -1402.898861 -1402.900323 -1402.902699 -1402.906632 -1402.913285 -1402.924837 -1402.945497 -1402.983567 -1403.055710 -1403.196001 -1403.476658 -1404.060826 -1405.348480 -1408.396592 -1416.264367 -1439.845526 -9999.0 -9999.0
-9999.0 -9999.0 680.080814 585.402025 489.580489 392.986914 296.030875 198.918340 101.752717 4.590047 -92.528250 -189.581840 -286.494329 -383.110290 -479.167465 -574.306005 -667.977038 -762.459388 -856.356007 -949.281733 -1040.870888 -1121.368801 -1191.153982 -1248.481137 -1293.286314 -1326.839279 -1351.105497 -1368.170917 -1379.901227 -1387.812205 -1393.063844 -1396.505954 -1398.740062 -1400.180098 -1401.104581 -1401.699717 -1402.096702 -1402.423135 -1403.004075 -1405.445771 -1417.466764 -1479.804643 -2039.216958 -4253.365521 -4282.156551 -4282.126999 -4282.097842 -4282.093150 -4282.092667 -4282.092716 -4282.092840 -4282.092972 -4282.093099 -4282.093217 -4282.093325 -4282.093446 -4282.093808 -4282.096378 -4282.113195 -4282.136283 -4235.149514 -1909.238387 -1446.623477 -1411.091311 -1404.263485 -1403.098312 -1402.921504 -1402.895146 -1402.891775 -1402.892149 -1402.893028 -1402.893820 -1402.894442 -1402.894918 -1402.895283 -1402.895567 -1402.895792 -1402.895975 -1402.896128 -1402.896264 -1402.896397 -1402.896545 -1402.896730 -1402.896987 -1402.897365 -1402.897947 -1402.898861 -1402.900323 -1402.902699 -1402.906632 -1402.913285 -1402.924837 -1402.945497 -1402.983567 -1403.055710 -1403.196001 -1403.476658 -1404.060826 -1405.348480 -1408.396592 -1416.264367 -1439.845526 -9999.0 -9999.0
-9999.0 -9999.0 680.082313 585.402810 489.580811 392.987034 296.030919 198.918355 101.752723 4.590048 -92.528249 -189.581840 -286.494328 -383.110290 -479.167465 -574.306005 -667.977038 -762.459388 -856.356007 -949.281733 -1040.870888 -1121.368801 -1191.153982 -1248.481137 -1293.286314 -1326.839279 -1351.105497 -1368.170917 -1379.901227 -1387.812205 -1393.063844 -1396.505954 -1398.740062 -1400.180098 -1401.104581 -1401.699717 -1402.096702 -1402.423135 -1403.004075 -1405.445771 -1417.466764 -1479.804643 -2039.216958 -4253.365521 -4282.156551 -4282.126999 -4282.097842 -4282.093150 -4282.092667 -4282.092716 -4282.092840 -4282.092972 -4282.093099 -4282.093217 -4282.093325 -4282.093446 -4282.093808 -4282.096378 -4282.113195 -4282.136283 -4235.149514 -1909.238387 -1446.623477 -1411.091311 -1404.263485 -1403.098312 -1402.921504 -1402.895146 -1402.891775 -1402.892149 -1402.893028 -1402.893820 -1402.894442 -1402.894918 -1402.895283 -1402.895567 -1402.895792 -1402.895975 -1402.896128 -1402.896264 -1402.896397 -1402.896545 -1402.896730 -1402.896987 -1402.897365 -1402.897947 -1402.898861 -1402.900323 -1402.902699 -1402.906632 -1402.913285 -1402.924837 -1402.945497 -1402.983567 -1403.055710 -1403.196001 -1403.476658 -1404.060826 -1405.348480 -1408.396592 -1416.264367 -1439.845526 -9999.0 -9999.0
-9999.0 -9999.0 680.082313 585.402810 489.580810 392.987034 296.030918 198.918355 101.752723 4.590049 -92.528249 -189.581840 -286.494328 -383.110290 -479.167465 -574.306005 -667.977038 -762.459388 -856.356007 -949.281733 -1040.870888 -1121.368801 -1191.153982 -1248.481137 -1293.286314 -1326.839279 -1351.105497 -1368.170917 -1379.901227 -1387.812205 -1393.063844 -1396.505954 -1398.740062 -1400.180098 -1401.104581 -1401.699717 -1402.096702 -1402.423135 -1403.004075 -1405.445771 -1417.466764 -1479.804643 -2039.216958 -4253.365521 -4282.156551 -4282.126999 -4282.097842 -4282.093150 -4282.092667 -4282.092716 -4282.092840 -4282.092972 -4282.093099 -4282.093217 -4282.093325 -4282.093446 -4282.093808 -4282.096378 -4282.113195 -4282.136283 -4235.149514 -1909.238387 -1446.623477 -1411.091311 -1404.263485 -1403.098312 -1402.921504 -1402.895146 -1402.891775 -1402.892149 -1402.893028 -1402.893820 -1402.894442 -1402.894918 -1402.895283 -1402.895567 -1402.895792 -1402.895975 -1402.896128 -1402.896264 -1402.896397 -1402.896545 -1402.896730 -1402.896987 -1402.897365 -1402.897947 -1402.898861 -1402.900323 -1402.902699 -1402.906632 -1402.913285 -1402.924837 -1402.945497 -1402.983567 -1403.055710 -1403.196001 -1403.476658 -1404.060826 -1405.348480 -1408.396592 -1416.264367 -1439.845526 -9999.0 -9999.0
-9999.0 -9999.0 680.080814 585.402025 489.580489 392.986914 296.030875 198.918340 101.752717 4.590046 -92.528249 -189.581841 -286.494328 -383.110290 -479.167465 -574.306005 -667.977038 -762.459388 -856.356006 -949.281733 -1040.870888 -1121.368801 -1191.153982 -1248.481137 -1293.286314 -1326.839279 -1351.105497 -1368.170917 -1379.901227 -1387.812205 -1393.063844 -1396.505954 -1398.740062 -1400.180098 -1401.104581 -1401.699717 -1402.096702 -1402.423135 -1403.004075 -1405.445771 -1417.466764 -1479.804643 -2039.216958 -4253.365521 -4282.156551 -4282.126999 -4282.097842 -4282.093150 -4282.092667 -4282.092716 -4282.092840 -4282.092972 -4282.093099 -4282.093217 -4282.093325 -4282.093446 -4282.093808 -4282.096378 -4282.113195 -4282.136283 -4235.149514 -1909.238387 -1446.623477 -1411.091311 -1404.263485 -1403.098312 -1402.921504 -1402.895146 -1402.891775 -1402.892149 -1402.893028 -1402.893820 -1402.894442 -1402.894918 -1402.895283 -1402.895567 -1402.895792 -1402.895975 -1402.896128 -1402.896264 -1402.896397 -1402.896545 -1402.896730 -1402.896987 -1402.897365 -1402.897947 -1402.898861 -1402.900323 -1402.902699 -1402.906632 -1402.913285 -1402.924837 -1402.945497 -1402.983567 -1403.055710 -1403.196001 -1403.476658 -1404.060826 -1405.348480 -1408.396592 -1416.264367 -1439.845526 -9999.0 -9999.0
-9999.0 -9999.0 680.075811 585.400404 489.580004 392.986764 296.030826 198.918323 101.752711 4.590044 -92.528251 -189.581841 -286.494329 -383.110290 -479.167465 -574.306005 -667.977038 -762.459387 -856.356006 -949.281732 -1040.870887 -1121.368801 -1191.153981 -1248.481137 -1293.286314 -1326.839279 -1351.105497 -1368.170917 -1379.901227 -1387.812205 -1393.063844 -1396.505954 -1398.740062 -1400.180098 -1401.104581 -1401.699717 -1402.096702 -1402.423135 -1403.004075 -1405.445771 -1417.466764 -1479.804643 -2039.216959 -4253.365521 -4282.156551 -4282.126999 -4282.097842 -4282.093150 -4282.092667 -4282.092716 -4282.092840 -4282.092972 -4282.093099 -4282.093217 -4282.093325 -4282.093446 -4282.093808 -4282.096378 -4282.113195 -4282.136283 -4235.149514 -1909.238387 -1446.623477 -1411.091311 -1404.263485 -1403.098312 -1402.921504 -1402.895146 -1402.891775 -1402.892149 -1402.893028 -1402.893820 -1402.894442 -1402.894918 -1402.895283 -1402.895567 -1402.895792 -1402.895975 -1402.896128 -1402.896264 -1402.896397 -1402.896545 -1402.896730 -1402.896987 -1402.897365 -1402.897947 -1402.898861 -1402.900323 -1402.902699 -1402.906632 -1402.913285 -1402.924837 -1402.945497 -1402.983567 -1403.055710 -1403.196001 -1403.476658 -1404.060826 -1405.348480 -1408.396592 -1416.264367 -1439.845526 -9999.0 -9999.0
-9999.0 -9999.0 -9999.0 -9999.0 -9999.0 -9999.0 -9999.0 -9999.0 -9999.0 -9999.0 -9999.0 -9999.0 -9999.0 -9999.0 -9999.0 -9999.0 -9999.0 -9999.0 -9999.0 -9999.0 -9999.0 -9999.0 -9999.0 -9999.0 -9999.0 -9999.0 -9999.0 -9999.0 -9999.0 -9999.0 -9999.0 -9999.0 -9999.0 -9999.0 -9999.0 -9999.0 -9999.0 -9999.0 -9999.0 -9999.0 -9999.0 -9999.0 -9999.0 -9999.0 -9999.0 -9999.0 -9999.0 -9999.0 -9999.0 -9999.0 -9999.0 -9999.0 -9999.0 -9999.0 -9999.0 -9999.0 -9999.0 -9999.0 -9999.0 -9999.0 -9999.0 -9999.0 -9999.0 -9999.0 -9999.0 -9999.0 -9999.0 -9999.0 -9999.0 -9999.0 -9999.0 -9999.0 -9999.0 -9999.0 -9999.0 -9999.0 -9999.0 -9999.0 -9999.0 -9999.0 -9999.0 -9999.0 -9999.0 -9999.0 -9999.0 -9999.0 -9999.0 -9999.0 -9999.0 -9999.0 -9999.0 -9999.0 -9999.0 -9999.0 -9999.0 -9999.0 -9999.0 -9999.0 -9999.0 -9999.0 -9999.0 -9999.0 -9999.0 -9999.0
-9999.0 -9999.0 -9999.0 -9999.0 -9999.0 -9999.0 -9999.0 -9999.0 -9999.0 -9999.0 -9999.0 -9999.0 -9999.0 -9999.0 -9999.0 -9999.0 -9999.0 -9999.0 -9999.0 -9999.0 -9999.0 -9999.0 -9999.0 -9999.0 -9999.0 -9999.0 -9999.0 -9999.0 -9999.0 -9999.0 -9999.0 -9999.0 -9999.0 -9999.0 -9999.0 -9999.0 -9999.0 -9999.0 -9999.0 -9999.0 -9999.0 -9999.0 -9999.0 -9999.0 -9999.0 -9999.0 -9999.0 -9999.0 -9999.0 -9999.0 -9999.0 -9999.0 -9999.0 -9999.0 -9999.0 -9999.0 -9999.0 -9999.0 -9999.0 -9999.0 -9999.0 -9999.0 -9999.0 -9999.0 -9999.0 -9999.0 -9999.0 -9999.0 -9999.0 -9999.0 -9999.0 -9999.0 -9999.0 -9999.0 -9999.0 -9999.0 -9999.0 -9999.0 -9999.0 -9999.0 -9999.0 -9999.0 -9999.0 -9999.0 -9999.0 -9999.0 -9999.0 -9999.0 -9999.0 -9999.0 -9999.0 -9999.0 -9999.0 -9999.0 -9999.0 -9999.0 -9999.0 -9999.0 -9999.0 -9999.0 -9999.0 -9999.0 -9999.0 -9999.0