inst/processing_geotop_simulation/geotop_simulation/out/maps3D/PwL0016N0323.asc
ncols         104
nrows         10
xllcorner     -2.000000
yllcorner     0.000000
cellsize      1.000000
NODATA_value  -9999.0
-9999.0 -9999.0 -9999.0 -9999.0 -9999.0 -9999.0 -9999.0 -9999.0 -9999.0 -9999.0 -9999.0 -9999.0 -9999.0 -9999.0 -9999.0 -9999.0 -9999.0 -9999.0 -9999.0 -9999.0 -9999.0 -9999.0 -9999.0 -9999.0 -9999.0 -9999.0 -9999.0 -9999.0 -9999.0 -9999.0 -9999.0 -9999.0 -9999.0 -9999.0 -9999.0 -9999.0 -9999.0 -9999.0 -9999.0 -9999.0 -9999.0 -9999.0 -9999.0 -9999.0 -9999.0 -9999.0 -9999.0 -9999.0 -9999.0 -9999.0 -9999.0 -9999.0 -9999.0 -9999.0 -9999.0 -9999.0 -9999.0 -9999.0 -9999.0 -9999.0 -9999.0 -9999.0 -9999.0 -9999.0 -9999.0 -9999.0 -9999.0 -9999.0 -9999.0 -9999.0 -9999.0 -9999.0 -9999.0 -9999.0 -9999.0 -9999.0 -9999.0 -9999.0 -9999.0 -9999.0 -9999.0 -9999.0 -9999.0 -9999.0 -9999.0 -9999.0 -9999.0 -9999.0 -9999.0 -9999.0 -9999.0 -9999.0 -9999.0 -9999.0 -9999.0 -9999.0 -9999.0 -9999.0 -9999.0 -9999.0 -9999.0 -9999.0 -9999.0 -9999.0
-9999.0 -9999.0 -9999.0 -9999.0 -9999.0 -9999.0 -9999.0 -9999.0 -9999.0 -9999.0 -9999.0 -9999.0 -9999.0 -9999.0 -9999.0 -9999.0 -9999.0 -9999.0 -9999.0 -9999.0 -9999.0 -9999.0 -9999.0 -9999.0 -9999.0 -9999.0 -9999.0 -9999.0 -9999.0 -9999.0 -9999.0 -9999.0 -9999.0 -9999.0 -9999.0 -9999.0 -9999.0 -9999.0 -9999.0 -9999.0 -9999.0 -9999.0 -9999.0 -9999.0 -9999.0 -9999.0 -9999.0 -9999.0 -9999.0 -9999.0 -9999.0 -9999.0 -9999.0 -9999.0 -9999.0 -9999.0 -9999.0 -9999.0 -9999.0 -9999.0 -9999.0 -9999.0 -9999.0 -9999.0 -9999.0 -9999.0 -9999.0 -9999.0 -9999.0 -9999.0 -9999.0 -9999.0 -9999.0 -9999.0 -9999.0 -9999.0 -9999.0 -9999.0 -9999.0 -9999.0 -9999.0 -9999.0 -9999.0 -9999.0 -9999.0 -9999.0 -9999.0 -9999.0 -9999.0 -9999.0 -9999.0 -9999.0 -9999.0 -9999.0 -9999.0 -9999.0 -9999.0 -9999.0 -9999.0 -9999.0 -9999.0 -9999.0 -9999.0 -9999.0
-9999.0 -9999.0 771.716443 673.423682 574.844616 476.026022 377.089779 278.102506 179.098588 80.096246 -18.891863 -117.857793 -216.796568 -315.682484 -414.467537 -513.070853 -611.344385 -709.049730 -806.976134 -904.568515 -1001.682889 -1098.088917 -1188.193124 -1271.666983 -1346.198377 -1410.134577 -1462.820389 -1504.621221 -1536.681081 -1560.566159 -1577.937916 -1590.329707 -1599.034762 -1605.077814 -1609.235883 -1612.082358 -1614.044697 -1615.504974 -1617.099502 -1620.664076 -1631.218170 -1661.647498 -1988.455165 -4122.944370 -4183.156292 -4183.155159 -4183.147815 -4183.146590 -4183.146442 -4183.146384 -4183.146213 -4183.145651 -4183.144702 -4183.143464 -4183.141388 -4183.137338 -4183.128499 -4183.107704 -4183.056505 -4182.894450 -4076.388919 -1809.569898 -1621.449484 -1622.939299 -1619.647278 -1618.463965 -1618.205152 -1618.159047 -1618.151943 -1618.151369 -1618.151796 -1618.152290 -1618.152704 -1618.153033 -1618.153294 -1618.153506 -1618.153681 -1618.153830 -1618.153961 -1618.154083 -1618.154206 -1618.154340 -1618.154501 -1618.154712 -1618.155006 -1618.155441 -1618.156104 -1618.157145 -1618.158823 -1618.161596 -1618.166308 -1618.174560 -1618.189479 -1618.217317 -1618.270891 -1618.377438 -1618.598078 -1619.079841 -1620.202639 -1623.026625 -1630.855974 -1655.747956 -9999.0 -9999.0
-9999.0 -9999.0 771.720267 673.425001 574.845024 476.026152 377.089822 278.102521 179.098593 80.096248 -18.891863 -117.857793 -216.796567 -315.682484 -414.467537 -513.070853 -611.344385 -709.049730 -806.976134 -904.568515 -1001.682890 -1098.088917 -1188.193124 -1271.666983 -1346.198377 -1410.134577 -1462.820389 -1504.621221 -1536.681081 -1560.566159 -1577.937916 -1590.329707 -1599.034762 -1605.077814 -1609.235884 -1612.082358 -1614.044697 -1615.504974 -1617.099502 -1620.664076 -1631.218170 -1661.647498 -1988.455165 -4122.944370 -4183.156292 -4183.155159 -4183.147815 -4183.146590 -4183.146442 -4183.146384 -4183.146213 -4183.145651 -4183.144702 -4183.143464 -4183.141388 -4183.137338 -4183.128499 -4183.107704 -4183.056505 -4182.894450 -4076.388919 -1809.569898 -1621.449484 -1622.939299 -1619.647278 -1618.463965 -1618.205152 -1618.159047 -1618.151943 -1618.151369 -1618.151796 -1618.152290 -1618.152704 -1618.153033 -1618.153294 -1618.153506 -1618.153681 -1618.153830 -1618.153961 -1618.154083 -1618.154206 -1618.154340 -1618.154501 -1618.154712 -1618.155006 -1618.155441 -1618.156104 -1618.157145 -1618.158823 -1618.161596 -1618.166308 -1618.174560 -1618.189479 -1618.217317 -1618.270891 -1618.377438 -1618.598078 -1619.079841 -1620.202639 -1623.026625 -1630.855974 -1655.747956 -9999.0 -9999.0
-9999.0 -9999.0 771.721529 673.425666 574.845298 476.026255 377.089859 278.102534 179.098598 80.096250 -18.891862 -117.857793 -216.796567 -315.682484 -414.467537 -513.070853 -611.344385 -709.049730 -806.976134 -904.568515 -1001.682890 -1098.088918 -1188.193124 -1271.666983 -1346.198377 -1410.134577 -1462.820390 -1504.621221 -1536.681081 -1560.566160 -1577.937916 -1590.329707 -1599.034762 -1605.077814 -1609.235884 -1612.082358 -1614.044697 -1615.504974 -1617.099502 -1620.664076 -1631.218170 -1661.647498 -1988.455165 -4122.944370 -4183.156292 -4183.155159 -4183.147815 -4183.146590 -4183.146442 -4183.146384 -4183.146213 -4183.145651 -4183.144702 -4183.143464 -4183.141388 -4183.137338 -4183.128499 -4183.107704 -4183.056505 -4182.894450 -4076.388919 -1809.569898 -1621.449484 -1622.939299 -1619.647278 -1618.463965 -1618.205152 -1618.159047 -1618.151943 -1618.151369 -1618.151796 -1618.152290 -1618.152704 -1618.153033 -1618.153294 -1618.153506 -1618.153681 -1618.153830 -1618.153961 -1618.154083 -1618.154206 -1618.154340 -1618.154501 -1618.154712 -1618.155006 -1618.155441 -1618.156104 -1618.157145 -1618.158823 -1618.161596 -1618.166308 -1618.174560 -1618.189479 -1618.217317 -1618.270891 -1618.377438 -1618.598078 -1619.079841 -1620.202639 -1623.026625 -1630.855974 -1655.747956 -9999.0 -9999.0
-9999.0 -9999.0 771.721529 673.425666 574.845298 476.026255 377.089859 278.102534 179.098598 80.096250 -18.891862 -117.857793 -216.796567 -315.682484 -414.467537 -513.070853 -611.344385 -709.049730 -806.976134 -904.568515 -1001.682890 -1098.088918 -1188.193124 -1271.666983 -1346.198377 -1410.134577 -1462.820390 -1504.621221 -1536.681081 -1560.566160 -1577.937916 -1590.329707 -1599.034762 -1605.077814 -1609.235884 -1612.082358 -1614.044697 -1615.504974 -1617.099502 -1620.664076 -1631.218170 -1661.647498 -1988.455165 -4122.944370 -4183.156292 -4183.155159 -4183.147815 -4183.146590 -4183.146442 -4183.146384 -4183.146213 -4183.145651 -4183.144702 -4183.143464 -4183.141388 -4183.137338 -4183.128499 -4183.107704 -4183.056505 -4182.894450 -4076.388919 -1809.569898 -1621.449484 -1622.939299 -1619.647278 -1618.463965 -1618.205152 -1618.159047 -1618.151943 -1618.151369 -1618.151796 -1618.152290 -1618.152704 -1618.153033 -1618.153294 -1618.153506 -1618.153681 -1618.153830 -1618.153961 -1618.154083 -1618.154206 -1618.154340 -1618.154501 -1618.154712 -1618.155006 -1618.155441 -1618.156104 -1618.157145 -1618.158823 -1618.161596 -1618.166308 -1618.174560 -1618.189479 -1618.217317 -1618.270891 -1618.377438 -1618.598078 -1619.079841 -1620.202639 -1623.026625 -1630.855974 -1655.747956 -9999.0 -9999.0
-9999.0 -9999.0 771.720267 673.425001 574.845024 476.026152 377.089822 278.102521 179.098593 80.096248 -18.891863 -117.857793 -216.796567 -315.682484 -414.467537 -513.070853 -611.344385 -709.049730 -806.976134 -904.568515 -1001.682890 -1098.088917 -1188.193124 -1271.666983 -1346.198377 -1410.134577 -1462.820389 -1504.621221 -1536.681081 -1560.566159 -1577.937916 -1590.329707 -1599.034762 -1605.077814 -1609.235884 -1612.082358 -1614.044697 -1615.504974 -1617.099502 -1620.664076 -1631.218170 -1661.647498 -1988.455165 -4122.944370 -4183.156292 -4183.155159 -4183.147815 -4183.146590 -4183.146442 -4183.146384 -4183.146213 -4183.145651 -4183.144702 -4183.143464 -4183.141388 -4183.137338 -4183.128499 -4183.107704 -4183.056505 -4182.894450 -4076.388919 -1809.569898 -1621.449484 -1622.939299 -1619.647278 -1618.463965 -1618.205152 -1618.159047 -1618.151943 -1618.151369 -1618.151796 -1618.152290 -1618.152704 -1618.153033 -1618.153294 -1618.153506 -1618.153681 -1618.153830 -1618.153961 -1618.154083 -1618.154206 -1618.154340 -1618.154501 -1618.154712 -1618.155006 -1618.155441 -1618.156104 -1618.157145 -1618.158823 -1618.161596 -1618.166308 -1618.174560 -1618.189479 -1618.217317 -1618.270891 -1618.377438 -1618.598078 -1619.079841 -1620.202639 -1623.026625 -1630.855974 -1655.747956 -9999.0 -9999.0
-9999.0 -9999.0 771.716443 673.423682 574.844616 476.026022 377.089779 278.102506 179.098588 80.096246 -18.891863 -117.857793 -216.796568 -315.682484 -414.467537 -513.070853 -611.344385 -709.049730 -806.976134 -904.568515 -1001.682889 -1098.088917 -1188.193124 -1271.666983 -1346.198377 -1410.134577 -1462.820389 -1504.621221 -1536.681080 -1560.566159 -1577.937916 -1590.329707 -1599.034762 -1605.077814 -1609.235883 -1612.082358 -1614.044697 -1615.504974 -1617.099502 -1620.664076 -1631.218170 -1661.647498 -1988.455165 -4122.944370 -4183.156292 -4183.155159 -4183.147815 -4183.146590 -4183.146442 -4183.146384 -4183.146213 -4183.145651 -4183.144702 -4183.143464 -4183.141388 -4183.137338 -4183.128499 -4183.107704 -4183.056505 -4182.894450 -4076.388919 -1809.569898 -1621.449484 -1622.939299 -1619.647278 -1618.463965 -1618.205152 -1618.159047 -1618.151943 -1618.151369 -1618.151796 -1618.152290 -1618.152704 -1618.153033 -1618.153294 -1618.153506 -1618.153681 -1618.153830 -1618.153961 -1618.154083 -1618.154206 -1618.154340 -1618.154501 -1618.154712 -1618.155006 -1618.155441 -1618.156104 -1618.157145 -1618.158823 -1618.161596 -1618.166308 -1618.174560 -1618.189479 -1618.217317 -1618.270891 -1618.377438 -1618.598078 -1619.079841 -1620.202639 -1623.026625 -1630.855974 -1655.747956 -9999.0 -9999.0
-9999.0 -9999.0 -9999.0 -9999.0 -9999.0 -9999.0 -9999.0 -9999.0 -9999.0 -9999.0 -9999.0 -9999.0 -9999.0 -9999.0 -9999.0 -9999.0 -9999.0 -9999.0 -9999.0 -9999.0 -9999.0 -9999.0 -9999.0 -9999.0 -9999.0 -9999.0 -9999.0 -9999.0 -9999.0 -9999.0 -9999.0 -9999.0 -9999.0 -9999.0 -9999.0 -9999.0 -9999.0 -9999.0 -9999.0 -9999.0 -9999.0 -9999.0 -9999.0 -9999.0 -9999.0 -9999.0 -9999.0 -9999.0 -9999.0 -9999.0 -9999.0 -9999.0 -9999.0 -9999.0 -9999.0 -9999.0 -9999.0 -9999.0 -9999.0 -9999.0 -9999.0 -9999.0 -9999.0 -9999.0 -9999.0 -9999.0 -9999.0 -9999.0 -9999.0 -9999.0 -9999.0 -9999.0 -9999.0 -9999.0 -9999.0 -9999.0 -9999.0 -9999.0 -9999.0 -9999.0 -9999.0 -9999.0 -9999.0 -9999.0 -9999.0 -9999.0 -9999.0 -9999.0 -9999.0 -9999.0 -9999.0 -9999.0 -9999.0 -9999.0 -9999.0 -9999.0 -9999.0 -9999.0 -9999.0 -9999.0 -9999.0 -9999.0 -9999.0 -9999.0
-9999.0 -9999.0 -9999.0 -9999.0 -9999.0 -9999.0 -9999.0 -9999.0 -9999.0 -9999.0 -9999.0 -9999.0 -9999.0 -9999.0 -9999.0 -9999.0 -9999.0 -9999.0 -9999.0 -9999.0 -9999.0 -9999.0 -9999.0 -9999.0 -9999.0 -9999.0 -9999.0 -9999.0 -9999.0 -9999.0 -9999.0 -9999.0 -9999.0 -9999.0 -9999.0 -9999.0 -9999.0 -9999.0 -9999.0 -9999.0 -9999.0 -9999.0 -9999.0 -9999.0 -9999.0 -9999.0 -9999.0 -9999.0 -9999.0 -9999.0 -9999.0 -9999.0 -9999.0 -9999.0 -9999.0 -9999.0 -9999.0 -9999.0 -9999.0 -9999.0 -9999.0 -9999.0 -9999.0 -9999.0 -9999.0 -9999.0 -9999.0 -9999.0 -9999.0 -9999.0 -9999.0 -9999.0 -9999.0 -9999.0 -9999.0 -9999.0 -9999.0 -9999.0 -9999.0 -9999.0 -9999.0 -9999.0 -9999.0 -9999.0 -9999.0 -9999.0 -9999.0 -9999.0 -9999.0 -9999.0 -9999.0 -9999.0 -9999.0 -9999.0 -9999.0 -9999.0 -9999.0 -9999.0 -9999.0 -9999.0 -9999.0 -9999.0 -9999.0 -9999.0