inst/processing_geotop_simulation/geotop_simulation/out/maps3D/PwL0001N0302.asc
ncols         104
nrows         10
xllcorner     -2.000000
yllcorner     0.000000
cellsize      1.000000
NODATA_value  -9999.0
-9999.0 -9999.0 -9999.0 -9999.0 -9999.0 -9999.0 -9999.0 -9999.0 -9999.0 -9999.0 -9999.0 -9999.0 -9999.0 -9999.0 -9999.0 -9999.0 -9999.0 -9999.0 -9999.0 -9999.0 -9999.0 -9999.0 -9999.0 -9999.0 -9999.0 -9999.0 -9999.0 -9999.0 -9999.0 -9999.0 -9999.0 -9999.0 -9999.0 -9999.0 -9999.0 -9999.0 -9999.0 -9999.0 -9999.0 -9999.0 -9999.0 -9999.0 -9999.0 -9999.0 -9999.0 -9999.0 -9999.0 -9999.0 -9999.0 -9999.0 -9999.0 -9999.0 -9999.0 -9999.0 -9999.0 -9999.0 -9999.0 -9999.0 -9999.0 -9999.0 -9999.0 -9999.0 -9999.0 -9999.0 -9999.0 -9999.0 -9999.0 -9999.0 -9999.0 -9999.0 -9999.0 -9999.0 -9999.0 -9999.0 -9999.0 -9999.0 -9999.0 -9999.0 -9999.0 -9999.0 -9999.0 -9999.0 -9999.0 -9999.0 -9999.0 -9999.0 -9999.0 -9999.0 -9999.0 -9999.0 -9999.0 -9999.0 -9999.0 -9999.0 -9999.0 -9999.0 -9999.0 -9999.0 -9999.0 -9999.0 -9999.0 -9999.0 -9999.0 -9999.0
-9999.0 -9999.0 -9999.0 -9999.0 -9999.0 -9999.0 -9999.0 -9999.0 -9999.0 -9999.0 -9999.0 -9999.0 -9999.0 -9999.0 -9999.0 -9999.0 -9999.0 -9999.0 -9999.0 -9999.0 -9999.0 -9999.0 -9999.0 -9999.0 -9999.0 -9999.0 -9999.0 -9999.0 -9999.0 -9999.0 -9999.0 -9999.0 -9999.0 -9999.0 -9999.0 -9999.0 -9999.0 -9999.0 -9999.0 -9999.0 -9999.0 -9999.0 -9999.0 -9999.0 -9999.0 -9999.0 -9999.0 -9999.0 -9999.0 -9999.0 -9999.0 -9999.0 -9999.0 -9999.0 -9999.0 -9999.0 -9999.0 -9999.0 -9999.0 -9999.0 -9999.0 -9999.0 -9999.0 -9999.0 -9999.0 -9999.0 -9999.0 -9999.0 -9999.0 -9999.0 -9999.0 -9999.0 -9999.0 -9999.0 -9999.0 -9999.0 -9999.0 -9999.0 -9999.0 -9999.0 -9999.0 -9999.0 -9999.0 -9999.0 -9999.0 -9999.0 -9999.0 -9999.0 -9999.0 -9999.0 -9999.0 -9999.0 -9999.0 -9999.0 -9999.0 -9999.0 -9999.0 -9999.0 -9999.0 -9999.0 -9999.0 -9999.0 -9999.0 -9999.0
-9999.0 -9999.0 26.956242 -68.836565 -166.922511 -265.504698 -364.266872 -463.088294 -561.907679 -660.672387 -759.289017 -857.683507 -955.792509 -1053.520819 -1151.148970 -1248.609173 -1345.201729 -1440.389636 -1533.406162 -1623.015519 -1706.634369 -1780.503959 -1841.653026 -1889.356046 -1924.900230 -1950.546422 -1968.654687 -1981.249118 -1989.906937 -1995.799144 -1999.773448 -2002.433215 -2004.201678 -2005.371605 -2006.143242 -2006.654223 -2007.007945 -2007.327479 -2007.962943 -2010.163627 -2014.934442 -1975.260249 -1219.977581 -1216.603250 -1206.417942 -1199.819597 -1196.717410 -1196.241542 -1196.190567 -1196.195987 -1196.209663 -1196.224361 -1196.238489 -1196.251574 -1196.263722 -1196.277870 -1196.321547 -1196.609375 -1198.273085 -1201.969719 -1207.251828 -1203.321980 -1952.757677 -2009.146923 -2008.793262 -2007.934317 -2007.744276 -2007.711994 -2007.707336 -2007.707220 -2007.707772 -2007.708319 -2007.708759 -2007.709097 -2007.709357 -2007.709559 -2007.709720 -2007.709850 -2007.709960 -2007.710058 -2007.710155 -2007.710263 -2007.710400 -2007.710590 -2007.710871 -2007.711303 -2007.711983 -2007.713074 -2007.714851 -2007.717804 -2007.722825 -2007.731596 -2007.747379 -2007.776633 -2007.832380 -2007.941488 -2008.161718 -2008.625756 -2009.665150 -2012.195472 -2019.140944 -2041.985878 -9999.0 -9999.0
-9999.0 -9999.0 26.968444 -68.834539 -166.922006 -265.504551 -364.266825 -463.088279 -561.907674 -660.672384 -759.289016 -857.683506 -955.792509 -1053.520819 -1151.148970 -1248.609173 -1345.201729 -1440.389636 -1533.406162 -1623.015519 -1706.634369 -1780.503959 -1841.653026 -1889.356046 -1924.900231 -1950.546422 -1968.654687 -1981.249118 -1989.906937 -1995.799144 -1999.773448 -2002.433215 -2004.201678 -2005.371605 -2006.143242 -2006.654223 -2007.007945 -2007.327479 -2007.962943 -2010.163627 -2014.934442 -1975.260249 -1219.977581 -1216.603250 -1206.417942 -1199.819597 -1196.717410 -1196.241542 -1196.190567 -1196.195987 -1196.209663 -1196.224361 -1196.238489 -1196.251574 -1196.263722 -1196.277870 -1196.321547 -1196.609375 -1198.273085 -1201.969719 -1207.251828 -1203.321980 -1952.757677 -2009.146923 -2008.793262 -2007.934317 -2007.744276 -2007.711994 -2007.707336 -2007.707220 -2007.707772 -2007.708319 -2007.708759 -2007.709097 -2007.709357 -2007.709559 -2007.709720 -2007.709850 -2007.709960 -2007.710058 -2007.710155 -2007.710263 -2007.710400 -2007.710590 -2007.710871 -2007.711303 -2007.711983 -2007.713074 -2007.714851 -2007.717804 -2007.722825 -2007.731596 -2007.747379 -2007.776633 -2007.832380 -2007.941488 -2008.161718 -2008.625756 -2009.665150 -2012.195472 -2019.140944 -2041.985878 -9999.0 -9999.0
-9999.0 -9999.0 26.969570 -68.833729 -166.921687 -265.504435 -364.266784 -463.088264 -561.907668 -660.672382 -759.289015 -857.683506 -955.792509 -1053.520819 -1151.148970 -1248.609173 -1345.201729 -1440.389636 -1533.406162 -1623.015519 -1706.634370 -1780.503959 -1841.653026 -1889.356046 -1924.900231 -1950.546422 -1968.654687 -1981.249118 -1989.906937 -1995.799144 -1999.773448 -2002.433215 -2004.201678 -2005.371605 -2006.143242 -2006.654223 -2007.007945 -2007.327479 -2007.962943 -2010.163627 -2014.934442 -1975.260249 -1219.977581 -1216.603250 -1206.417942 -1199.819597 -1196.717410 -1196.241542 -1196.190567 -1196.195987 -1196.209663 -1196.224361 -1196.238489 -1196.251574 -1196.263722 -1196.277870 -1196.321547 -1196.609375 -1198.273085 -1201.969719 -1207.251828 -1203.321980 -1952.757677 -2009.146923 -2008.793262 -2007.934317 -2007.744276 -2007.711994 -2007.707336 -2007.707220 -2007.707772 -2007.708319 -2007.708759 -2007.709097 -2007.709357 -2007.709559 -2007.709720 -2007.709850 -2007.709960 -2007.710058 -2007.710155 -2007.710263 -2007.710400 -2007.710590 -2007.710871 -2007.711303 -2007.711983 -2007.713074 -2007.714851 -2007.717804 -2007.722825 -2007.731596 -2007.747379 -2007.776633 -2007.832380 -2007.941488 -2008.161718 -2008.625756 -2009.665150 -2012.195472 -2019.140944 -2041.985878 -9999.0 -9999.0
-9999.0 -9999.0 26.969570 -68.833729 -166.921687 -265.504435 -364.266784 -463.088264 -561.907668 -660.672382 -759.289015 -857.683506 -955.792509 -1053.520819 -1151.148970 -1248.609173 -1345.201729 -1440.389636 -1533.406162 -1623.015519 -1706.634370 -1780.503959 -1841.653026 -1889.356046 -1924.900231 -1950.546422 -1968.654687 -1981.249118 -1989.906937 -1995.799144 -1999.773448 -2002.433215 -2004.201678 -2005.371605 -2006.143242 -2006.654223 -2007.007945 -2007.327479 -2007.962943 -2010.163627 -2014.934442 -1975.260249 -1219.977581 -1216.603250 -1206.417942 -1199.819597 -1196.717410 -1196.241542 -1196.190567 -1196.195987 -1196.209663 -1196.224361 -1196.238489 -1196.251574 -1196.263722 -1196.277870 -1196.321547 -1196.609375 -1198.273085 -1201.969719 -1207.251828 -1203.321980 -1952.757677 -2009.146923 -2008.793262 -2007.934317 -2007.744276 -2007.711994 -2007.707336 -2007.707220 -2007.707772 -2007.708319 -2007.708759 -2007.709097 -2007.709357 -2007.709559 -2007.709720 -2007.709850 -2007.709960 -2007.710058 -2007.710155 -2007.710263 -2007.710400 -2007.710590 -2007.710871 -2007.711303 -2007.711983 -2007.713074 -2007.714851 -2007.717804 -2007.722825 -2007.731596 -2007.747379 -2007.776633 -2007.832380 -2007.941488 -2008.161718 -2008.625756 -2009.665150 -2012.195472 -2019.140944 -2041.985878 -9999.0 -9999.0
-9999.0 -9999.0 26.968444 -68.834539 -166.922006 -265.504551 -364.266825 -463.088279 -561.907674 -660.672384 -759.289016 -857.683506 -955.792509 -1053.520819 -1151.148970 -1248.609173 -1345.201729 -1440.389636 -1533.406162 -1623.015519 -1706.634369 -1780.503959 -1841.653026 -1889.356046 -1924.900231 -1950.546422 -1968.654687 -1981.249118 -1989.906937 -1995.799144 -1999.773448 -2002.433215 -2004.201678 -2005.371605 -2006.143242 -2006.654223 -2007.007945 -2007.327479 -2007.962943 -2010.163627 -2014.934442 -1975.260249 -1219.977581 -1216.603250 -1206.417942 -1199.819597 -1196.717410 -1196.241542 -1196.190567 -1196.195987 -1196.209663 -1196.224361 -1196.238489 -1196.251574 -1196.263722 -1196.277870 -1196.321547 -1196.609375 -1198.273085 -1201.969719 -1207.251828 -1203.321980 -1952.757677 -2009.146923 -2008.793262 -2007.934317 -2007.744276 -2007.711994 -2007.707336 -2007.707220 -2007.707772 -2007.708319 -2007.708759 -2007.709097 -2007.709357 -2007.709559 -2007.709720 -2007.709850 -2007.709960 -2007.710058 -2007.710155 -2007.710263 -2007.710400 -2007.710590 -2007.710871 -2007.711303 -2007.711983 -2007.713074 -2007.714851 -2007.717804 -2007.722825 -2007.731596 -2007.747379 -2007.776633 -2007.832380 -2007.941488 -2008.161718 -2008.625756 -2009.665150 -2012.195472 -2019.140944 -2041.985878 -9999.0 -9999.0
-9999.0 -9999.0 26.956242 -68.836565 -166.922511 -265.504698 -364.266872 -463.088294 -561.907679 -660.672387 -759.289017 -857.683507 -955.792509 -1053.520819 -1151.148970 -1248.609173 -1345.201729 -1440.389636 -1533.406162 -1623.015519 -1706.634369 -1780.503959 -1841.653026 -1889.356046 -1924.900230 -1950.546422 -1968.654687 -1981.249118 -1989.906937 -1995.799144 -1999.773448 -2002.433215 -2004.201678 -2005.371605 -2006.143242 -2006.654223 -2007.007945 -2007.327479 -2007.962943 -2010.163627 -2014.934442 -1975.260249 -1219.977581 -1216.603250 -1206.417942 -1199.819597 -1196.717410 -1196.241542 -1196.190567 -1196.195987 -1196.209663 -1196.224361 -1196.238489 -1196.251574 -1196.263722 -1196.277870 -1196.321547 -1196.609375 -1198.273085 -1201.969719 -1207.251828 -1203.321980 -1952.757677 -2009.146923 -2008.793262 -2007.934317 -2007.744276 -2007.711994 -2007.707336 -2007.707220 -2007.707772 -2007.708319 -2007.708759 -2007.709097 -2007.709357 -2007.709559 -2007.709720 -2007.709850 -2007.709960 -2007.710058 -2007.710155 -2007.710263 -2007.710400 -2007.710590 -2007.710871 -2007.711303 -2007.711983 -2007.713074 -2007.714851 -2007.717804 -2007.722825 -2007.731596 -2007.747379 -2007.776633 -2007.832380 -2007.941488 -2008.161718 -2008.625756 -2009.665150 -2012.195472 -2019.140944 -2041.985878 -9999.0 -9999.0
-9999.0 -9999.0 -9999.0 -9999.0 -9999.0 -9999.0 -9999.0 -9999.0 -9999.0 -9999.0 -9999.0 -9999.0 -9999.0 -9999.0 -9999.0 -9999.0 -9999.0 -9999.0 -9999.0 -9999.0 -9999.0 -9999.0 -9999.0 -9999.0 -9999.0 -9999.0 -9999.0 -9999.0 -9999.0 -9999.0 -9999.0 -9999.0 -9999.0 -9999.0 -9999.0 -9999.0 -9999.0 -9999.0 -9999.0 -9999.0 -9999.0 -9999.0 -9999.0 -9999.0 -9999.0 -9999.0 -9999.0 -9999.0 -9999.0 -9999.0 -9999.0 -9999.0 -9999.0 -9999.0 -9999.0 -9999.0 -9999.0 -9999.0 -9999.0 -9999.0 -9999.0 -9999.0 -9999.0 -9999.0 -9999.0 -9999.0 -9999.0 -9999.0 -9999.0 -9999.0 -9999.0 -9999.0 -9999.0 -9999.0 -9999.0 -9999.0 -9999.0 -9999.0 -9999.0 -9999.0 -9999.0 -9999.0 -9999.0 -9999.0 -9999.0 -9999.0 -9999.0 -9999.0 -9999.0 -9999.0 -9999.0 -9999.0 -9999.0 -9999.0 -9999.0 -9999.0 -9999.0 -9999.0 -9999.0 -9999.0 -9999.0 -9999.0 -9999.0 -9999.0
-9999.0 -9999.0 -9999.0 -9999.0 -9999.0 -9999.0 -9999.0 -9999.0 -9999.0 -9999.0 -9999.0 -9999.0 -9999.0 -9999.0 -9999.0 -9999.0 -9999.0 -9999.0 -9999.0 -9999.0 -9999.0 -9999.0 -9999.0 -9999.0 -9999.0 -9999.0 -9999.0 -9999.0 -9999.0 -9999.0 -9999.0 -9999.0 -9999.0 -9999.0 -9999.0 -9999.0 -9999.0 -9999.0 -9999.0 -9999.0 -9999.0 -9999.0 -9999.0 -9999.0 -9999.0 -9999.0 -9999.0 -9999.0 -9999.0 -9999.0 -9999.0 -9999.0 -9999.0 -9999.0 -9999.0 -9999.0 -9999.0 -9999.0 -9999.0 -9999.0 -9999.0 -9999.0 -9999.0 -9999.0 -9999.0 -9999.0 -9999.0 -9999.0 -9999.0 -9999.0 -9999.0 -9999.0 -9999.0 -9999.0 -9999.0 -9999.0 -9999.0 -9999.0 -9999.0 -9999.0 -9999.0 -9999.0 -9999.0 -9999.0 -9999.0 -9999.0 -9999.0 -9999.0 -9999.0 -9999.0 -9999.0 -9999.0 -9999.0 -9999.0 -9999.0 -9999.0 -9999.0 -9999.0 -9999.0 -9999.0 -9999.0 -9999.0 -9999.0 -9999.0