inst/processing_geotop_simulation/geotop_simulation/out/maps3D/PwL0007N0028.asc
ncols         104
nrows         10
xllcorner     -2.000000
yllcorner     0.000000
cellsize      1.000000
NODATA_value  -9999.0
-9999.0 -9999.0 -9999.0 -9999.0 -9999.0 -9999.0 -9999.0 -9999.0 -9999.0 -9999.0 -9999.0 -9999.0 -9999.0 -9999.0 -9999.0 -9999.0 -9999.0 -9999.0 -9999.0 -9999.0 -9999.0 -9999.0 -9999.0 -9999.0 -9999.0 -9999.0 -9999.0 -9999.0 -9999.0 -9999.0 -9999.0 -9999.0 -9999.0 -9999.0 -9999.0 -9999.0 -9999.0 -9999.0 -9999.0 -9999.0 -9999.0 -9999.0 -9999.0 -9999.0 -9999.0 -9999.0 -9999.0 -9999.0 -9999.0 -9999.0 -9999.0 -9999.0 -9999.0 -9999.0 -9999.0 -9999.0 -9999.0 -9999.0 -9999.0 -9999.0 -9999.0 -9999.0 -9999.0 -9999.0 -9999.0 -9999.0 -9999.0 -9999.0 -9999.0 -9999.0 -9999.0 -9999.0 -9999.0 -9999.0 -9999.0 -9999.0 -9999.0 -9999.0 -9999.0 -9999.0 -9999.0 -9999.0 -9999.0 -9999.0 -9999.0 -9999.0 -9999.0 -9999.0 -9999.0 -9999.0 -9999.0 -9999.0 -9999.0 -9999.0 -9999.0 -9999.0 -9999.0 -9999.0 -9999.0 -9999.0 -9999.0 -9999.0 -9999.0 -9999.0
-9999.0 -9999.0 -9999.0 -9999.0 -9999.0 -9999.0 -9999.0 -9999.0 -9999.0 -9999.0 -9999.0 -9999.0 -9999.0 -9999.0 -9999.0 -9999.0 -9999.0 -9999.0 -9999.0 -9999.0 -9999.0 -9999.0 -9999.0 -9999.0 -9999.0 -9999.0 -9999.0 -9999.0 -9999.0 -9999.0 -9999.0 -9999.0 -9999.0 -9999.0 -9999.0 -9999.0 -9999.0 -9999.0 -9999.0 -9999.0 -9999.0 -9999.0 -9999.0 -9999.0 -9999.0 -9999.0 -9999.0 -9999.0 -9999.0 -9999.0 -9999.0 -9999.0 -9999.0 -9999.0 -9999.0 -9999.0 -9999.0 -9999.0 -9999.0 -9999.0 -9999.0 -9999.0 -9999.0 -9999.0 -9999.0 -9999.0 -9999.0 -9999.0 -9999.0 -9999.0 -9999.0 -9999.0 -9999.0 -9999.0 -9999.0 -9999.0 -9999.0 -9999.0 -9999.0 -9999.0 -9999.0 -9999.0 -9999.0 -9999.0 -9999.0 -9999.0 -9999.0 -9999.0 -9999.0 -9999.0 -9999.0 -9999.0 -9999.0 -9999.0 -9999.0 -9999.0 -9999.0 -9999.0 -9999.0 -9999.0 -9999.0 -9999.0 -9999.0 -9999.0
-9999.0 -9999.0 181.408799 82.705825 -17.937570 -118.111918 -206.729960 -265.852657 -286.935800 -276.739949 -356.712641 -380.379535 -390.361733 -346.729371 -258.364858 -123.393691 25.113905 193.950685 154.301789 106.708788 51.318150 -11.996909 -81.750654 -154.142237 -221.228104 -274.325583 -309.852808 -330.651204 -341.824552 -347.549373 -350.368437 -351.621113 -351.931122 -351.515254 -350.334927 -348.147061 -344.395224 -337.126327 -325.091850 -333.331046 -290.382717 -168.438105 -2548.358017 -3633.660946 -3133.209864 -2825.236049 -2684.902428 -2669.237019 -2667.590088 -2667.431279 -2667.422671 -2667.428806 -2667.436030 -2667.443423 -2667.455704 -2667.521405 -2668.117630 -2673.272850 -2717.733188 -2818.984513 -3009.942624 -2188.701575 -332.896526 -315.236105 -326.595571 -337.762161 -344.768825 -349.078528 -351.727481 -353.354328 -354.351975 -354.961740 -355.333245 -355.558958 -355.695588 -355.778329 -355.828898 -355.860835 -355.882897 -355.901123 -355.920283 -355.944959 -355.980812 -356.035775 -356.121693 -356.256937 -356.470296 -356.806998 -357.338134 -358.175125 -359.491921 -361.558232 -364.787796 -369.805096 -377.529992 -389.269625 -406.788040 -432.301334 -468.348261 -517.634911 -583.864399 -674.062131 -9999.0 -9999.0
-9999.0 -9999.0 181.555398 82.748988 -17.923880 -118.107410 -206.728450 -265.852193 -286.935652 -276.739899 -356.712633 -380.379533 -390.361732 -346.729371 -258.364858 -123.393691 25.113905 193.950685 154.301789 106.708788 51.318150 -11.996909 -81.750654 -154.142237 -221.228104 -274.325583 -309.852808 -330.651204 -341.824552 -347.549373 -350.368437 -351.621113 -351.931122 -351.515254 -350.334927 -348.147061 -344.395224 -337.126327 -325.091850 -333.331046 -290.382716 -168.438105 -2548.358016 -3633.660942 -3133.209858 -2825.236036 -2684.902428 -2669.237019 -2667.590087 -2667.431279 -2667.422671 -2667.428806 -2667.436030 -2667.443423 -2667.455704 -2667.521405 -2668.117630 -2673.272850 -2717.733188 -2818.984512 -3009.942624 -2188.701575 -332.896526 -315.236105 -326.595571 -337.762161 -344.768825 -349.078528 -351.727481 -353.354328 -354.351975 -354.961740 -355.333245 -355.558958 -355.695588 -355.778329 -355.828898 -355.860835 -355.882897 -355.901123 -355.920283 -355.944959 -355.980812 -356.035775 -356.121693 -356.256937 -356.470296 -356.806998 -357.338134 -358.175125 -359.491921 -361.558232 -364.787796 -369.805096 -377.529992 -389.269624 -406.788040 -432.301334 -468.348261 -517.634911 -583.864399 -674.062131 -9999.0 -9999.0
-9999.0 -9999.0 181.612832 82.774381 -17.913677 -118.103594 -206.727086 -265.851758 -286.935511 -276.739850 -356.712625 -380.379531 -390.361732 -346.729371 -258.364857 -123.393691 25.113905 193.950685 154.301790 106.708788 51.318151 -11.996909 -81.750654 -154.142237 -221.228104 -274.325583 -309.852808 -330.651204 -341.824552 -347.549373 -350.368437 -351.621113 -351.931122 -351.515254 -350.334927 -348.147061 -344.395224 -337.126327 -325.091850 -333.331046 -290.382716 -168.438105 -2548.358016 -3633.660942 -3133.209856 -2825.236030 -2684.902428 -2669.237019 -2667.590087 -2667.431279 -2667.422671 -2667.428806 -2667.436030 -2667.443423 -2667.455704 -2667.521405 -2668.117630 -2673.272850 -2717.733188 -2818.984512 -3009.942624 -2188.701575 -332.896526 -315.236105 -326.595571 -337.762160 -344.768824 -349.078527 -351.727481 -353.354328 -354.351975 -354.961740 -355.333245 -355.558958 -355.695588 -355.778329 -355.828898 -355.860835 -355.882897 -355.901123 -355.920283 -355.944959 -355.980812 -356.035775 -356.121693 -356.256937 -356.470296 -356.806998 -357.338134 -358.175125 -359.491921 -361.558232 -364.787796 -369.805096 -377.529992 -389.269625 -406.788040 -432.301334 -468.348261 -517.634911 -583.864399 -674.062131 -9999.0 -9999.0
-9999.0 -9999.0 181.612832 82.774381 -17.913677 -118.103594 -206.727086 -265.851758 -286.935511 -276.739850 -356.712625 -380.379531 -390.361732 -346.729371 -258.364857 -123.393691 25.113905 193.950685 154.301790 106.708788 51.318151 -11.996909 -81.750654 -154.142237 -221.228104 -274.325583 -309.852808 -330.651204 -341.824552 -347.549373 -350.368437 -351.621113 -351.931122 -351.515254 -350.334927 -348.147061 -344.395224 -337.126327 -325.091850 -333.331046 -290.382716 -168.438105 -2548.358016 -3633.660942 -3133.209856 -2825.236030 -2684.902428 -2669.237019 -2667.590087 -2667.431279 -2667.422671 -2667.428806 -2667.436030 -2667.443423 -2667.455704 -2667.521405 -2668.117630 -2673.272850 -2717.733188 -2818.984512 -3009.942624 -2188.701575 -332.896526 -315.236104 -326.595570 -337.762160 -344.768824 -349.078527 -351.727481 -353.354328 -354.351975 -354.961740 -355.333245 -355.558958 -355.695588 -355.778329 -355.828898 -355.860835 -355.882897 -355.901123 -355.920283 -355.944959 -355.980812 -356.035775 -356.121693 -356.256937 -356.470296 -356.806998 -357.338134 -358.175125 -359.491921 -361.558232 -364.787796 -369.805096 -377.529992 -389.269624 -406.788040 -432.301334 -468.348261 -517.634911 -583.864399 -674.062131 -9999.0 -9999.0
-9999.0 -9999.0 181.555398 82.748987 -17.923880 -118.107410 -206.728450 -265.852193 -286.935652 -276.739899 -356.712633 -380.379533 -390.361732 -346.729371 -258.364858 -123.393691 25.113905 193.950685 154.301789 106.708788 51.318150 -11.996909 -81.750654 -154.142237 -221.228104 -274.325583 -309.852808 -330.651204 -341.824552 -347.549373 -350.368437 -351.621113 -351.931122 -351.515254 -350.334927 -348.147061 -344.395224 -337.126327 -325.091850 -333.331046 -290.382716 -168.438105 -2548.358016 -3633.660942 -3133.209858 -2825.236036 -2684.902428 -2669.237019 -2667.590087 -2667.431279 -2667.422671 -2667.428806 -2667.436030 -2667.443423 -2667.455704 -2667.521405 -2668.117630 -2673.272850 -2717.733188 -2818.984512 -3009.942624 -2188.701575 -332.896526 -315.236105 -326.595571 -337.762160 -344.768825 -349.078528 -351.727481 -353.354328 -354.351975 -354.961740 -355.333245 -355.558958 -355.695588 -355.778329 -355.828898 -355.860835 -355.882897 -355.901123 -355.920283 -355.944959 -355.980812 -356.035775 -356.121693 -356.256937 -356.470296 -356.806998 -357.338134 -358.175125 -359.491921 -361.558232 -364.787796 -369.805096 -377.529992 -389.269625 -406.788040 -432.301334 -468.348261 -517.634911 -583.864399 -674.062131 -9999.0 -9999.0
-9999.0 -9999.0 181.408799 82.705825 -17.937570 -118.111918 -206.729960 -265.852657 -286.935800 -276.739949 -356.712641 -380.379535 -390.361733 -346.729371 -258.364858 -123.393691 25.113905 193.950685 154.301789 106.708788 51.318150 -11.996909 -81.750654 -154.142237 -221.228104 -274.325583 -309.852808 -330.651204 -341.824552 -347.549373 -350.368437 -351.621113 -351.931122 -351.515254 -350.334927 -348.147061 -344.395224 -337.126327 -325.091850 -333.331046 -290.382717 -168.438105 -2548.358017 -3633.660946 -3133.209864 -2825.236049 -2684.902428 -2669.237019 -2667.590088 -2667.431279 -2667.422671 -2667.428806 -2667.436030 -2667.443423 -2667.455704 -2667.521405 -2668.117630 -2673.272850 -2717.733188 -2818.984513 -3009.942624 -2188.701575 -332.896525 -315.236104 -326.595571 -337.762161 -344.768825 -349.078528 -351.727481 -353.354328 -354.351975 -354.961740 -355.333245 -355.558958 -355.695588 -355.778329 -355.828898 -355.860835 -355.882897 -355.901123 -355.920283 -355.944959 -355.980812 -356.035775 -356.121693 -356.256937 -356.470296 -356.806998 -357.338134 -358.175125 -359.491921 -361.558232 -364.787796 -369.805096 -377.529992 -389.269624 -406.788040 -432.301334 -468.348261 -517.634911 -583.864399 -674.062131 -9999.0 -9999.0
-9999.0 -9999.0 -9999.0 -9999.0 -9999.0 -9999.0 -9999.0 -9999.0 -9999.0 -9999.0 -9999.0 -9999.0 -9999.0 -9999.0 -9999.0 -9999.0 -9999.0 -9999.0 -9999.0 -9999.0 -9999.0 -9999.0 -9999.0 -9999.0 -9999.0 -9999.0 -9999.0 -9999.0 -9999.0 -9999.0 -9999.0 -9999.0 -9999.0 -9999.0 -9999.0 -9999.0 -9999.0 -9999.0 -9999.0 -9999.0 -9999.0 -9999.0 -9999.0 -9999.0 -9999.0 -9999.0 -9999.0 -9999.0 -9999.0 -9999.0 -9999.0 -9999.0 -9999.0 -9999.0 -9999.0 -9999.0 -9999.0 -9999.0 -9999.0 -9999.0 -9999.0 -9999.0 -9999.0 -9999.0 -9999.0 -9999.0 -9999.0 -9999.0 -9999.0 -9999.0 -9999.0 -9999.0 -9999.0 -9999.0 -9999.0 -9999.0 -9999.0 -9999.0 -9999.0 -9999.0 -9999.0 -9999.0 -9999.0 -9999.0 -9999.0 -9999.0 -9999.0 -9999.0 -9999.0 -9999.0 -9999.0 -9999.0 -9999.0 -9999.0 -9999.0 -9999.0 -9999.0 -9999.0 -9999.0 -9999.0 -9999.0 -9999.0 -9999.0 -9999.0
-9999.0 -9999.0 -9999.0 -9999.0 -9999.0 -9999.0 -9999.0 -9999.0 -9999.0 -9999.0 -9999.0 -9999.0 -9999.0 -9999.0 -9999.0 -9999.0 -9999.0 -9999.0 -9999.0 -9999.0 -9999.0 -9999.0 -9999.0 -9999.0 -9999.0 -9999.0 -9999.0 -9999.0 -9999.0 -9999.0 -9999.0 -9999.0 -9999.0 -9999.0 -9999.0 -9999.0 -9999.0 -9999.0 -9999.0 -9999.0 -9999.0 -9999.0 -9999.0 -9999.0 -9999.0 -9999.0 -9999.0 -9999.0 -9999.0 -9999.0 -9999.0 -9999.0 -9999.0 -9999.0 -9999.0 -9999.0 -9999.0 -9999.0 -9999.0 -9999.0 -9999.0 -9999.0 -9999.0 -9999.0 -9999.0 -9999.0 -9999.0 -9999.0 -9999.0 -9999.0 -9999.0 -9999.0 -9999.0 -9999.0 -9999.0 -9999.0 -9999.0 -9999.0 -9999.0 -9999.0 -9999.0 -9999.0 -9999.0 -9999.0 -9999.0 -9999.0 -9999.0 -9999.0 -9999.0 -9999.0 -9999.0 -9999.0 -9999.0 -9999.0 -9999.0 -9999.0 -9999.0 -9999.0 -9999.0 -9999.0 -9999.0 -9999.0 -9999.0 -9999.0