inst/processing_geotop_simulation/geotop_simulation/out/maps3D/PwL0008N0285.asc
ncols         104
nrows         10
xllcorner     -2.000000
yllcorner     0.000000
cellsize      1.000000
NODATA_value  -9999.0
-9999.0 -9999.0 -9999.0 -9999.0 -9999.0 -9999.0 -9999.0 -9999.0 -9999.0 -9999.0 -9999.0 -9999.0 -9999.0 -9999.0 -9999.0 -9999.0 -9999.0 -9999.0 -9999.0 -9999.0 -9999.0 -9999.0 -9999.0 -9999.0 -9999.0 -9999.0 -9999.0 -9999.0 -9999.0 -9999.0 -9999.0 -9999.0 -9999.0 -9999.0 -9999.0 -9999.0 -9999.0 -9999.0 -9999.0 -9999.0 -9999.0 -9999.0 -9999.0 -9999.0 -9999.0 -9999.0 -9999.0 -9999.0 -9999.0 -9999.0 -9999.0 -9999.0 -9999.0 -9999.0 -9999.0 -9999.0 -9999.0 -9999.0 -9999.0 -9999.0 -9999.0 -9999.0 -9999.0 -9999.0 -9999.0 -9999.0 -9999.0 -9999.0 -9999.0 -9999.0 -9999.0 -9999.0 -9999.0 -9999.0 -9999.0 -9999.0 -9999.0 -9999.0 -9999.0 -9999.0 -9999.0 -9999.0 -9999.0 -9999.0 -9999.0 -9999.0 -9999.0 -9999.0 -9999.0 -9999.0 -9999.0 -9999.0 -9999.0 -9999.0 -9999.0 -9999.0 -9999.0 -9999.0 -9999.0 -9999.0 -9999.0 -9999.0 -9999.0 -9999.0
-9999.0 -9999.0 -9999.0 -9999.0 -9999.0 -9999.0 -9999.0 -9999.0 -9999.0 -9999.0 -9999.0 -9999.0 -9999.0 -9999.0 -9999.0 -9999.0 -9999.0 -9999.0 -9999.0 -9999.0 -9999.0 -9999.0 -9999.0 -9999.0 -9999.0 -9999.0 -9999.0 -9999.0 -9999.0 -9999.0 -9999.0 -9999.0 -9999.0 -9999.0 -9999.0 -9999.0 -9999.0 -9999.0 -9999.0 -9999.0 -9999.0 -9999.0 -9999.0 -9999.0 -9999.0 -9999.0 -9999.0 -9999.0 -9999.0 -9999.0 -9999.0 -9999.0 -9999.0 -9999.0 -9999.0 -9999.0 -9999.0 -9999.0 -9999.0 -9999.0 -9999.0 -9999.0 -9999.0 -9999.0 -9999.0 -9999.0 -9999.0 -9999.0 -9999.0 -9999.0 -9999.0 -9999.0 -9999.0 -9999.0 -9999.0 -9999.0 -9999.0 -9999.0 -9999.0 -9999.0 -9999.0 -9999.0 -9999.0 -9999.0 -9999.0 -9999.0 -9999.0 -9999.0 -9999.0 -9999.0 -9999.0 -9999.0 -9999.0 -9999.0 -9999.0 -9999.0 -9999.0 -9999.0 -9999.0 -9999.0 -9999.0 -9999.0 -9999.0 -9999.0
-9999.0 -9999.0 375.392159 278.586383 180.605293 82.156339 -16.479830 -115.189142 -213.922016 -312.639328 -411.300507 -509.826572 -608.046182 -705.625727 -803.271758 -900.801391 -998.094792 -1095.178887 -1189.857222 -1281.950015 -1369.441846 -1449.160048 -1518.042561 -1574.468680 -1618.580105 -1651.789074 -1676.072928 -1693.436723 -1705.633838 -1714.077666 -1719.852728 -1723.763257 -1726.390137 -1728.143990 -1729.310307 -1730.087052 -1730.620145 -1731.065290 -1731.815252 -1734.311977 -1741.700550 -1736.093226 -1215.203277 -1290.595560 -1260.780545 -1241.822917 -1233.069871 -1231.841351 -1231.713911 -1231.726806 -1231.759792 -1231.795204 -1231.829221 -1231.860712 -1231.889903 -1231.923554 -1232.026885 -1232.738515 -1237.303068 -1247.600101 -1261.594805 -1169.939740 -1706.631143 -1735.040839 -1732.922997 -1731.931433 -1731.728623 -1731.694802 -1731.689943 -1731.689810 -1731.690370 -1731.690929 -1731.691378 -1731.691724 -1731.691991 -1731.692199 -1731.692365 -1731.692500 -1731.692615 -1731.692717 -1731.692819 -1731.692932 -1731.693074 -1731.693270 -1731.693558 -1731.694001 -1731.694696 -1731.695808 -1731.697621 -1731.700631 -1731.705750 -1731.714692 -1731.730790 -1731.760643 -1731.817586 -1731.929221 -1732.155222 -1732.633530 -1733.710028 -1736.335938 -1743.504638 -1766.729302 -9999.0 -9999.0
-9999.0 -9999.0 375.399336 278.588207 180.605785 82.156485 -16.479783 -115.189126 -213.922010 -312.639326 -411.300506 -509.826572 -608.046182 -705.625727 -803.271758 -900.801391 -998.094792 -1095.178888 -1189.857222 -1281.950015 -1369.441846 -1449.160049 -1518.042561 -1574.468680 -1618.580105 -1651.789074 -1676.072928 -1693.436723 -1705.633838 -1714.077666 -1719.852728 -1723.763257 -1726.390137 -1728.143990 -1729.310307 -1730.087052 -1730.620145 -1731.065290 -1731.815252 -1734.311977 -1741.700550 -1736.093226 -1215.203277 -1290.595560 -1260.780545 -1241.822916 -1233.069871 -1231.841351 -1231.713911 -1231.726806 -1231.759792 -1231.795204 -1231.829221 -1231.860712 -1231.889903 -1231.923554 -1232.026885 -1232.738515 -1237.303068 -1247.600101 -1261.594805 -1169.939740 -1706.631143 -1735.040839 -1732.922997 -1731.931433 -1731.728623 -1731.694802 -1731.689943 -1731.689810 -1731.690370 -1731.690929 -1731.691378 -1731.691724 -1731.691991 -1731.692199 -1731.692365 -1731.692500 -1731.692615 -1731.692717 -1731.692819 -1731.692932 -1731.693074 -1731.693270 -1731.693558 -1731.694001 -1731.694696 -1731.695808 -1731.697621 -1731.700631 -1731.705750 -1731.714692 -1731.730790 -1731.760643 -1731.817586 -1731.929221 -1732.155222 -1732.633530 -1733.710028 -1736.335938 -1743.504638 -1766.729302 -9999.0 -9999.0
-9999.0 -9999.0 375.400810 278.588996 180.606100 82.156601 -16.479742 -115.189111 -213.922005 -312.639324 -411.300506 -509.826571 -608.046182 -705.625727 -803.271758 -900.801391 -998.094792 -1095.178888 -1189.857222 -1281.950015 -1369.441846 -1449.160049 -1518.042562 -1574.468680 -1618.580105 -1651.789074 -1676.072928 -1693.436723 -1705.633838 -1714.077666 -1719.852728 -1723.763257 -1726.390137 -1728.143990 -1729.310307 -1730.087052 -1730.620145 -1731.065290 -1731.815252 -1734.311977 -1741.700550 -1736.093226 -1215.203277 -1290.595560 -1260.780545 -1241.822916 -1233.069871 -1231.841351 -1231.713911 -1231.726806 -1231.759792 -1231.795204 -1231.829221 -1231.860712 -1231.889903 -1231.923554 -1232.026885 -1232.738515 -1237.303068 -1247.600101 -1261.594805 -1169.939740 -1706.631143 -1735.040839 -1732.922997 -1731.931433 -1731.728623 -1731.694802 -1731.689943 -1731.689810 -1731.690370 -1731.690929 -1731.691378 -1731.691724 -1731.691991 -1731.692199 -1731.692365 -1731.692500 -1731.692615 -1731.692717 -1731.692819 -1731.692932 -1731.693074 -1731.693270 -1731.693558 -1731.694001 -1731.694696 -1731.695808 -1731.697621 -1731.700631 -1731.705750 -1731.714692 -1731.730790 -1731.760643 -1731.817586 -1731.929221 -1732.155222 -1732.633530 -1733.710028 -1736.335938 -1743.504638 -1766.729302 -9999.0 -9999.0
-9999.0 -9999.0 375.400810 278.588996 180.606100 82.156601 -16.479742 -115.189111 -213.922005 -312.639324 -411.300506 -509.826571 -608.046182 -705.625727 -803.271758 -900.801391 -998.094792 -1095.178888 -1189.857222 -1281.950015 -1369.441846 -1449.160049 -1518.042562 -1574.468680 -1618.580105 -1651.789074 -1676.072928 -1693.436723 -1705.633838 -1714.077666 -1719.852728 -1723.763257 -1726.390137 -1728.143990 -1729.310307 -1730.087052 -1730.620145 -1731.065290 -1731.815252 -1734.311977 -1741.700550 -1736.093226 -1215.203277 -1290.595560 -1260.780545 -1241.822916 -1233.069871 -1231.841351 -1231.713911 -1231.726806 -1231.759792 -1231.795204 -1231.829221 -1231.860712 -1231.889903 -1231.923554 -1232.026885 -1232.738515 -1237.303068 -1247.600101 -1261.594805 -1169.939740 -1706.631143 -1735.040839 -1732.922997 -1731.931433 -1731.728623 -1731.694802 -1731.689943 -1731.689810 -1731.690370 -1731.690929 -1731.691378 -1731.691724 -1731.691991 -1731.692199 -1731.692365 -1731.692500 -1731.692615 -1731.692717 -1731.692819 -1731.692932 -1731.693074 -1731.693270 -1731.693558 -1731.694001 -1731.694696 -1731.695808 -1731.697621 -1731.700631 -1731.705750 -1731.714692 -1731.730790 -1731.760643 -1731.817586 -1731.929221 -1732.155222 -1732.633530 -1733.710028 -1736.335938 -1743.504638 -1766.729302 -9999.0 -9999.0
-9999.0 -9999.0 375.399336 278.588207 180.605785 82.156485 -16.479783 -115.189126 -213.922011 -312.639326 -411.300506 -509.826572 -608.046182 -705.625727 -803.271758 -900.801391 -998.094792 -1095.178888 -1189.857222 -1281.950015 -1369.441846 -1449.160049 -1518.042561 -1574.468680 -1618.580105 -1651.789074 -1676.072928 -1693.436723 -1705.633838 -1714.077666 -1719.852728 -1723.763257 -1726.390137 -1728.143990 -1729.310307 -1730.087052 -1730.620145 -1731.065290 -1731.815252 -1734.311977 -1741.700550 -1736.093226 -1215.203277 -1290.595560 -1260.780545 -1241.822916 -1233.069871 -1231.841351 -1231.713911 -1231.726806 -1231.759792 -1231.795204 -1231.829221 -1231.860712 -1231.889903 -1231.923554 -1232.026885 -1232.738515 -1237.303068 -1247.600101 -1261.594805 -1169.939740 -1706.631143 -1735.040839 -1732.922997 -1731.931433 -1731.728623 -1731.694802 -1731.689943 -1731.689810 -1731.690370 -1731.690929 -1731.691378 -1731.691724 -1731.691991 -1731.692199 -1731.692365 -1731.692500 -1731.692615 -1731.692717 -1731.692819 -1731.692932 -1731.693074 -1731.693270 -1731.693558 -1731.694001 -1731.694696 -1731.695808 -1731.697621 -1731.700631 -1731.705750 -1731.714692 -1731.730790 -1731.760643 -1731.817586 -1731.929221 -1732.155222 -1732.633530 -1733.710028 -1736.335938 -1743.504638 -1766.729302 -9999.0 -9999.0
-9999.0 -9999.0 375.392160 278.586383 180.605294 82.156339 -16.479830 -115.189142 -213.922016 -312.639328 -411.300507 -509.826572 -608.046182 -705.625727 -803.271758 -900.801391 -998.094792 -1095.178887 -1189.857222 -1281.950015 -1369.441846 -1449.160048 -1518.042561 -1574.468680 -1618.580105 -1651.789074 -1676.072928 -1693.436723 -1705.633838 -1714.077666 -1719.852728 -1723.763257 -1726.390137 -1728.143990 -1729.310307 -1730.087052 -1730.620145 -1731.065290 -1731.815252 -1734.311977 -1741.700550 -1736.093226 -1215.203277 -1290.595560 -1260.780545 -1241.822917 -1233.069871 -1231.841351 -1231.713911 -1231.726806 -1231.759792 -1231.795204 -1231.829221 -1231.860712 -1231.889903 -1231.923554 -1232.026885 -1232.738515 -1237.303068 -1247.600101 -1261.594805 -1169.939740 -1706.631143 -1735.040839 -1732.922997 -1731.931433 -1731.728623 -1731.694802 -1731.689943 -1731.689810 -1731.690370 -1731.690929 -1731.691378 -1731.691724 -1731.691991 -1731.692199 -1731.692365 -1731.692500 -1731.692615 -1731.692717 -1731.692819 -1731.692932 -1731.693074 -1731.693270 -1731.693558 -1731.694001 -1731.694696 -1731.695808 -1731.697621 -1731.700631 -1731.705750 -1731.714692 -1731.730790 -1731.760643 -1731.817586 -1731.929221 -1732.155222 -1732.633530 -1733.710028 -1736.335938 -1743.504638 -1766.729302 -9999.0 -9999.0
-9999.0 -9999.0 -9999.0 -9999.0 -9999.0 -9999.0 -9999.0 -9999.0 -9999.0 -9999.0 -9999.0 -9999.0 -9999.0 -9999.0 -9999.0 -9999.0 -9999.0 -9999.0 -9999.0 -9999.0 -9999.0 -9999.0 -9999.0 -9999.0 -9999.0 -9999.0 -9999.0 -9999.0 -9999.0 -9999.0 -9999.0 -9999.0 -9999.0 -9999.0 -9999.0 -9999.0 -9999.0 -9999.0 -9999.0 -9999.0 -9999.0 -9999.0 -9999.0 -9999.0 -9999.0 -9999.0 -9999.0 -9999.0 -9999.0 -9999.0 -9999.0 -9999.0 -9999.0 -9999.0 -9999.0 -9999.0 -9999.0 -9999.0 -9999.0 -9999.0 -9999.0 -9999.0 -9999.0 -9999.0 -9999.0 -9999.0 -9999.0 -9999.0 -9999.0 -9999.0 -9999.0 -9999.0 -9999.0 -9999.0 -9999.0 -9999.0 -9999.0 -9999.0 -9999.0 -9999.0 -9999.0 -9999.0 -9999.0 -9999.0 -9999.0 -9999.0 -9999.0 -9999.0 -9999.0 -9999.0 -9999.0 -9999.0 -9999.0 -9999.0 -9999.0 -9999.0 -9999.0 -9999.0 -9999.0 -9999.0 -9999.0 -9999.0 -9999.0 -9999.0
-9999.0 -9999.0 -9999.0 -9999.0 -9999.0 -9999.0 -9999.0 -9999.0 -9999.0 -9999.0 -9999.0 -9999.0 -9999.0 -9999.0 -9999.0 -9999.0 -9999.0 -9999.0 -9999.0 -9999.0 -9999.0 -9999.0 -9999.0 -9999.0 -9999.0 -9999.0 -9999.0 -9999.0 -9999.0 -9999.0 -9999.0 -9999.0 -9999.0 -9999.0 -9999.0 -9999.0 -9999.0 -9999.0 -9999.0 -9999.0 -9999.0 -9999.0 -9999.0 -9999.0 -9999.0 -9999.0 -9999.0 -9999.0 -9999.0 -9999.0 -9999.0 -9999.0 -9999.0 -9999.0 -9999.0 -9999.0 -9999.0 -9999.0 -9999.0 -9999.0 -9999.0 -9999.0 -9999.0 -9999.0 -9999.0 -9999.0 -9999.0 -9999.0 -9999.0 -9999.0 -9999.0 -9999.0 -9999.0 -9999.0 -9999.0 -9999.0 -9999.0 -9999.0 -9999.0 -9999.0 -9999.0 -9999.0 -9999.0 -9999.0 -9999.0 -9999.0 -9999.0 -9999.0 -9999.0 -9999.0 -9999.0 -9999.0 -9999.0 -9999.0 -9999.0 -9999.0 -9999.0 -9999.0 -9999.0 -9999.0 -9999.0 -9999.0 -9999.0 -9999.0