inst/processing_geotop_simulation/geotop_simulation/out/maps3D/PwL0017N0323.asc
ncols         104
nrows         10
xllcorner     -2.000000
yllcorner     0.000000
cellsize      1.000000
NODATA_value  -9999.0
-9999.0 -9999.0 -9999.0 -9999.0 -9999.0 -9999.0 -9999.0 -9999.0 -9999.0 -9999.0 -9999.0 -9999.0 -9999.0 -9999.0 -9999.0 -9999.0 -9999.0 -9999.0 -9999.0 -9999.0 -9999.0 -9999.0 -9999.0 -9999.0 -9999.0 -9999.0 -9999.0 -9999.0 -9999.0 -9999.0 -9999.0 -9999.0 -9999.0 -9999.0 -9999.0 -9999.0 -9999.0 -9999.0 -9999.0 -9999.0 -9999.0 -9999.0 -9999.0 -9999.0 -9999.0 -9999.0 -9999.0 -9999.0 -9999.0 -9999.0 -9999.0 -9999.0 -9999.0 -9999.0 -9999.0 -9999.0 -9999.0 -9999.0 -9999.0 -9999.0 -9999.0 -9999.0 -9999.0 -9999.0 -9999.0 -9999.0 -9999.0 -9999.0 -9999.0 -9999.0 -9999.0 -9999.0 -9999.0 -9999.0 -9999.0 -9999.0 -9999.0 -9999.0 -9999.0 -9999.0 -9999.0 -9999.0 -9999.0 -9999.0 -9999.0 -9999.0 -9999.0 -9999.0 -9999.0 -9999.0 -9999.0 -9999.0 -9999.0 -9999.0 -9999.0 -9999.0 -9999.0 -9999.0 -9999.0 -9999.0 -9999.0 -9999.0 -9999.0 -9999.0
-9999.0 -9999.0 -9999.0 -9999.0 -9999.0 -9999.0 -9999.0 -9999.0 -9999.0 -9999.0 -9999.0 -9999.0 -9999.0 -9999.0 -9999.0 -9999.0 -9999.0 -9999.0 -9999.0 -9999.0 -9999.0 -9999.0 -9999.0 -9999.0 -9999.0 -9999.0 -9999.0 -9999.0 -9999.0 -9999.0 -9999.0 -9999.0 -9999.0 -9999.0 -9999.0 -9999.0 -9999.0 -9999.0 -9999.0 -9999.0 -9999.0 -9999.0 -9999.0 -9999.0 -9999.0 -9999.0 -9999.0 -9999.0 -9999.0 -9999.0 -9999.0 -9999.0 -9999.0 -9999.0 -9999.0 -9999.0 -9999.0 -9999.0 -9999.0 -9999.0 -9999.0 -9999.0 -9999.0 -9999.0 -9999.0 -9999.0 -9999.0 -9999.0 -9999.0 -9999.0 -9999.0 -9999.0 -9999.0 -9999.0 -9999.0 -9999.0 -9999.0 -9999.0 -9999.0 -9999.0 -9999.0 -9999.0 -9999.0 -9999.0 -9999.0 -9999.0 -9999.0 -9999.0 -9999.0 -9999.0 -9999.0 -9999.0 -9999.0 -9999.0 -9999.0 -9999.0 -9999.0 -9999.0 -9999.0 -9999.0 -9999.0 -9999.0 -9999.0 -9999.0
-9999.0 -9999.0 821.340898 722.970378 624.366646 525.540085 426.600912 327.612515 228.608212 129.605810 30.615660 -68.352042 -167.295187 -266.198059 -365.024754 -463.711585 -562.139789 -660.106986 -757.796305 -855.484442 -952.718140 -1049.280022 -1142.447385 -1228.179011 -1305.661311 -1373.032663 -1429.317490 -1474.557676 -1509.659381 -1536.070114 -1555.436418 -1569.343171 -1579.165141 -1586.013277 -1590.741921 -1593.987787 -1596.227699 -1597.882612 -1599.625763 -1603.357134 -1614.418064 -1648.394439 -1979.493970 -4075.002803 -4133.656430 -4133.663285 -4133.663202 -4133.662790 -4133.660907 -4133.654900 -4133.638823 -4133.593683 -4133.520717 -4133.427595 -4133.274655 -4132.981502 -4132.349102 -4130.859603 -4127.116720 -4117.138170 -3973.355251 -1771.313952 -1607.273704 -1606.054786 -1602.476394 -1601.257111 -1600.991838 -1600.944514 -1600.937200 -1600.936593 -1600.937017 -1600.937514 -1600.937933 -1600.938266 -1600.938533 -1600.938750 -1600.938931 -1600.939086 -1600.939224 -1600.939353 -1600.939482 -1600.939623 -1600.939792 -1600.940010 -1600.940312 -1600.940754 -1600.941424 -1600.942472 -1600.944156 -1600.946935 -1600.951651 -1600.959907 -1600.974834 -1601.002696 -1601.056359 -1601.163231 -1601.385049 -1601.870821 -1603.006243 -1605.866568 -1613.788600 -1638.862337 -9999.0 -9999.0
-9999.0 -9999.0 821.344453 722.971643 624.367043 525.540212 426.600954 327.612530 228.608218 129.605812 30.615661 -68.352041 -167.295187 -266.198059 -365.024754 -463.711585 -562.139789 -660.106986 -757.796305 -855.484442 -952.718140 -1049.280022 -1142.447385 -1228.179012 -1305.661311 -1373.032663 -1429.317490 -1474.557676 -1509.659381 -1536.070114 -1555.436418 -1569.343172 -1579.165141 -1586.013277 -1590.741921 -1593.987787 -1596.227699 -1597.882612 -1599.625763 -1603.357134 -1614.418064 -1648.394439 -1979.493970 -4075.002803 -4133.656430 -4133.663285 -4133.663202 -4133.662790 -4133.660907 -4133.654900 -4133.638823 -4133.593683 -4133.520717 -4133.427595 -4133.274655 -4132.981502 -4132.349102 -4130.859603 -4127.116720 -4117.138170 -3973.355252 -1771.313952 -1607.273704 -1606.054786 -1602.476394 -1601.257111 -1600.991838 -1600.944514 -1600.937200 -1600.936593 -1600.937017 -1600.937514 -1600.937933 -1600.938266 -1600.938533 -1600.938750 -1600.938931 -1600.939086 -1600.939224 -1600.939353 -1600.939482 -1600.939623 -1600.939792 -1600.940010 -1600.940312 -1600.940754 -1600.941424 -1600.942472 -1600.944156 -1600.946935 -1600.951651 -1600.959907 -1600.974834 -1601.002696 -1601.056359 -1601.163231 -1601.385049 -1601.870821 -1603.006243 -1605.866568 -1613.788600 -1638.862337 -9999.0 -9999.0
-9999.0 -9999.0 821.345681 722.972292 624.367313 525.540315 426.600991 327.612543 228.608223 129.605814 30.615661 -68.352041 -167.295187 -266.198059 -365.024754 -463.711585 -562.139789 -660.106987 -757.796305 -855.484443 -952.718141 -1049.280022 -1142.447385 -1228.179012 -1305.661311 -1373.032664 -1429.317490 -1474.557676 -1509.659381 -1536.070114 -1555.436418 -1569.343172 -1579.165141 -1586.013277 -1590.741921 -1593.987787 -1596.227699 -1597.882612 -1599.625763 -1603.357134 -1614.418064 -1648.394439 -1979.493970 -4075.002803 -4133.656430 -4133.663285 -4133.663202 -4133.662790 -4133.660907 -4133.654900 -4133.638823 -4133.593683 -4133.520717 -4133.427595 -4133.274655 -4132.981502 -4132.349102 -4130.859603 -4127.116720 -4117.138170 -3973.355251 -1771.313952 -1607.273704 -1606.054786 -1602.476394 -1601.257111 -1600.991838 -1600.944514 -1600.937200 -1600.936593 -1600.937017 -1600.937514 -1600.937933 -1600.938266 -1600.938533 -1600.938750 -1600.938931 -1600.939086 -1600.939224 -1600.939353 -1600.939482 -1600.939623 -1600.939792 -1600.940010 -1600.940312 -1600.940754 -1600.941424 -1600.942472 -1600.944156 -1600.946935 -1600.951651 -1600.959907 -1600.974834 -1601.002696 -1601.056359 -1601.163231 -1601.385049 -1601.870821 -1603.006243 -1605.866568 -1613.788600 -1638.862337 -9999.0 -9999.0
-9999.0 -9999.0 821.345681 722.972292 624.367313 525.540315 426.600991 327.612543 228.608223 129.605814 30.615661 -68.352041 -167.295187 -266.198059 -365.024754 -463.711585 -562.139789 -660.106987 -757.796305 -855.484443 -952.718140 -1049.280022 -1142.447385 -1228.179012 -1305.661311 -1373.032664 -1429.317490 -1474.557676 -1509.659381 -1536.070114 -1555.436418 -1569.343172 -1579.165141 -1586.013277 -1590.741921 -1593.987787 -1596.227699 -1597.882612 -1599.625763 -1603.357134 -1614.418064 -1648.394439 -1979.493970 -4075.002803 -4133.656430 -4133.663285 -4133.663202 -4133.662790 -4133.660907 -4133.654900 -4133.638823 -4133.593683 -4133.520717 -4133.427595 -4133.274655 -4132.981502 -4132.349102 -4130.859603 -4127.116720 -4117.138170 -3973.355251 -1771.313952 -1607.273704 -1606.054786 -1602.476394 -1601.257111 -1600.991838 -1600.944514 -1600.937200 -1600.936593 -1600.937017 -1600.937514 -1600.937933 -1600.938266 -1600.938533 -1600.938750 -1600.938931 -1600.939086 -1600.939224 -1600.939353 -1600.939482 -1600.939623 -1600.939792 -1600.940010 -1600.940312 -1600.940754 -1600.941424 -1600.942472 -1600.944156 -1600.946935 -1600.951651 -1600.959907 -1600.974834 -1601.002696 -1601.056359 -1601.163231 -1601.385049 -1601.870821 -1603.006243 -1605.866568 -1613.788600 -1638.862337 -9999.0 -9999.0
-9999.0 -9999.0 821.344453 722.971643 624.367043 525.540212 426.600954 327.612530 228.608218 129.605812 30.615661 -68.352041 -167.295187 -266.198059 -365.024754 -463.711585 -562.139789 -660.106986 -757.796305 -855.484442 -952.718140 -1049.280022 -1142.447385 -1228.179012 -1305.661311 -1373.032663 -1429.317490 -1474.557676 -1509.659381 -1536.070114 -1555.436418 -1569.343172 -1579.165141 -1586.013277 -1590.741921 -1593.987787 -1596.227699 -1597.882612 -1599.625763 -1603.357134 -1614.418064 -1648.394439 -1979.493970 -4075.002803 -4133.656430 -4133.663285 -4133.663202 -4133.662790 -4133.660907 -4133.654900 -4133.638823 -4133.593683 -4133.520717 -4133.427595 -4133.274655 -4132.981502 -4132.349102 -4130.859603 -4127.116720 -4117.138170 -3973.355252 -1771.313952 -1607.273704 -1606.054786 -1602.476394 -1601.257111 -1600.991838 -1600.944514 -1600.937200 -1600.936593 -1600.937017 -1600.937514 -1600.937933 -1600.938266 -1600.938533 -1600.938750 -1600.938931 -1600.939086 -1600.939224 -1600.939353 -1600.939482 -1600.939623 -1600.939792 -1600.940010 -1600.940312 -1600.940754 -1600.941424 -1600.942472 -1600.944156 -1600.946935 -1600.951651 -1600.959907 -1600.974834 -1601.002696 -1601.056359 -1601.163231 -1601.385049 -1601.870821 -1603.006243 -1605.866568 -1613.788600 -1638.862337 -9999.0 -9999.0
-9999.0 -9999.0 821.340898 722.970378 624.366646 525.540085 426.600912 327.612515 228.608212 129.605810 30.615660 -68.352042 -167.295187 -266.198059 -365.024754 -463.711585 -562.139789 -660.106986 -757.796305 -855.484442 -952.718140 -1049.280022 -1142.447385 -1228.179011 -1305.661311 -1373.032663 -1429.317490 -1474.557676 -1509.659381 -1536.070114 -1555.436418 -1569.343171 -1579.165141 -1586.013277 -1590.741921 -1593.987787 -1596.227699 -1597.882612 -1599.625763 -1603.357134 -1614.418064 -1648.394439 -1979.493970 -4075.002803 -4133.656430 -4133.663285 -4133.663202 -4133.662790 -4133.660907 -4133.654900 -4133.638823 -4133.593683 -4133.520717 -4133.427595 -4133.274655 -4132.981502 -4132.349102 -4130.859603 -4127.116720 -4117.138170 -3973.355252 -1771.313952 -1607.273704 -1606.054786 -1602.476394 -1601.257111 -1600.991838 -1600.944514 -1600.937200 -1600.936593 -1600.937017 -1600.937514 -1600.937933 -1600.938266 -1600.938533 -1600.938750 -1600.938931 -1600.939086 -1600.939224 -1600.939353 -1600.939482 -1600.939623 -1600.939792 -1600.940010 -1600.940312 -1600.940754 -1600.941424 -1600.942472 -1600.944156 -1600.946935 -1600.951651 -1600.959907 -1600.974834 -1601.002696 -1601.056359 -1601.163231 -1601.385049 -1601.870821 -1603.006243 -1605.866568 -1613.788600 -1638.862337 -9999.0 -9999.0
-9999.0 -9999.0 -9999.0 -9999.0 -9999.0 -9999.0 -9999.0 -9999.0 -9999.0 -9999.0 -9999.0 -9999.0 -9999.0 -9999.0 -9999.0 -9999.0 -9999.0 -9999.0 -9999.0 -9999.0 -9999.0 -9999.0 -9999.0 -9999.0 -9999.0 -9999.0 -9999.0 -9999.0 -9999.0 -9999.0 -9999.0 -9999.0 -9999.0 -9999.0 -9999.0 -9999.0 -9999.0 -9999.0 -9999.0 -9999.0 -9999.0 -9999.0 -9999.0 -9999.0 -9999.0 -9999.0 -9999.0 -9999.0 -9999.0 -9999.0 -9999.0 -9999.0 -9999.0 -9999.0 -9999.0 -9999.0 -9999.0 -9999.0 -9999.0 -9999.0 -9999.0 -9999.0 -9999.0 -9999.0 -9999.0 -9999.0 -9999.0 -9999.0 -9999.0 -9999.0 -9999.0 -9999.0 -9999.0 -9999.0 -9999.0 -9999.0 -9999.0 -9999.0 -9999.0 -9999.0 -9999.0 -9999.0 -9999.0 -9999.0 -9999.0 -9999.0 -9999.0 -9999.0 -9999.0 -9999.0 -9999.0 -9999.0 -9999.0 -9999.0 -9999.0 -9999.0 -9999.0 -9999.0 -9999.0 -9999.0 -9999.0 -9999.0 -9999.0 -9999.0
-9999.0 -9999.0 -9999.0 -9999.0 -9999.0 -9999.0 -9999.0 -9999.0 -9999.0 -9999.0 -9999.0 -9999.0 -9999.0 -9999.0 -9999.0 -9999.0 -9999.0 -9999.0 -9999.0 -9999.0 -9999.0 -9999.0 -9999.0 -9999.0 -9999.0 -9999.0 -9999.0 -9999.0 -9999.0 -9999.0 -9999.0 -9999.0 -9999.0 -9999.0 -9999.0 -9999.0 -9999.0 -9999.0 -9999.0 -9999.0 -9999.0 -9999.0 -9999.0 -9999.0 -9999.0 -9999.0 -9999.0 -9999.0 -9999.0 -9999.0 -9999.0 -9999.0 -9999.0 -9999.0 -9999.0 -9999.0 -9999.0 -9999.0 -9999.0 -9999.0 -9999.0 -9999.0 -9999.0 -9999.0 -9999.0 -9999.0 -9999.0 -9999.0 -9999.0 -9999.0 -9999.0 -9999.0 -9999.0 -9999.0 -9999.0 -9999.0 -9999.0 -9999.0 -9999.0 -9999.0 -9999.0 -9999.0 -9999.0 -9999.0 -9999.0 -9999.0 -9999.0 -9999.0 -9999.0 -9999.0 -9999.0 -9999.0 -9999.0 -9999.0 -9999.0 -9999.0 -9999.0 -9999.0 -9999.0 -9999.0 -9999.0 -9999.0 -9999.0 -9999.0