inst/processing_geotop_simulation/geotop_simulation/out/maps3D/PwL0017N0220.asc
ncols         104
nrows         10
xllcorner     -2.000000
yllcorner     0.000000
cellsize      1.000000
NODATA_value  -9999.0
-9999.0 -9999.0 -9999.0 -9999.0 -9999.0 -9999.0 -9999.0 -9999.0 -9999.0 -9999.0 -9999.0 -9999.0 -9999.0 -9999.0 -9999.0 -9999.0 -9999.0 -9999.0 -9999.0 -9999.0 -9999.0 -9999.0 -9999.0 -9999.0 -9999.0 -9999.0 -9999.0 -9999.0 -9999.0 -9999.0 -9999.0 -9999.0 -9999.0 -9999.0 -9999.0 -9999.0 -9999.0 -9999.0 -9999.0 -9999.0 -9999.0 -9999.0 -9999.0 -9999.0 -9999.0 -9999.0 -9999.0 -9999.0 -9999.0 -9999.0 -9999.0 -9999.0 -9999.0 -9999.0 -9999.0 -9999.0 -9999.0 -9999.0 -9999.0 -9999.0 -9999.0 -9999.0 -9999.0 -9999.0 -9999.0 -9999.0 -9999.0 -9999.0 -9999.0 -9999.0 -9999.0 -9999.0 -9999.0 -9999.0 -9999.0 -9999.0 -9999.0 -9999.0 -9999.0 -9999.0 -9999.0 -9999.0 -9999.0 -9999.0 -9999.0 -9999.0 -9999.0 -9999.0 -9999.0 -9999.0 -9999.0 -9999.0 -9999.0 -9999.0 -9999.0 -9999.0 -9999.0 -9999.0 -9999.0 -9999.0 -9999.0 -9999.0 -9999.0 -9999.0
-9999.0 -9999.0 -9999.0 -9999.0 -9999.0 -9999.0 -9999.0 -9999.0 -9999.0 -9999.0 -9999.0 -9999.0 -9999.0 -9999.0 -9999.0 -9999.0 -9999.0 -9999.0 -9999.0 -9999.0 -9999.0 -9999.0 -9999.0 -9999.0 -9999.0 -9999.0 -9999.0 -9999.0 -9999.0 -9999.0 -9999.0 -9999.0 -9999.0 -9999.0 -9999.0 -9999.0 -9999.0 -9999.0 -9999.0 -9999.0 -9999.0 -9999.0 -9999.0 -9999.0 -9999.0 -9999.0 -9999.0 -9999.0 -9999.0 -9999.0 -9999.0 -9999.0 -9999.0 -9999.0 -9999.0 -9999.0 -9999.0 -9999.0 -9999.0 -9999.0 -9999.0 -9999.0 -9999.0 -9999.0 -9999.0 -9999.0 -9999.0 -9999.0 -9999.0 -9999.0 -9999.0 -9999.0 -9999.0 -9999.0 -9999.0 -9999.0 -9999.0 -9999.0 -9999.0 -9999.0 -9999.0 -9999.0 -9999.0 -9999.0 -9999.0 -9999.0 -9999.0 -9999.0 -9999.0 -9999.0 -9999.0 -9999.0 -9999.0 -9999.0 -9999.0 -9999.0 -9999.0 -9999.0 -9999.0 -9999.0 -9999.0 -9999.0 -9999.0 -9999.0
-9999.0 -9999.0 826.111402 729.462786 632.339091 534.758317 436.945504 339.030302 241.080849 143.133509 45.208448 -52.674028 -150.505732 -248.248385 -345.810266 -443.027850 -539.612254 -635.119459 -730.077777 -825.123353 -919.199337 -1012.045045 -1098.694036 -1172.986358 -1236.172311 -1287.562114 -1327.655652 -1357.808432 -1379.786994 -1395.396633 -1406.251842 -1413.675929 -1418.688765 -1422.041644 -1424.269966 -1425.748206 -1426.743670 -1427.494214 -1428.471643 -1431.553266 -1444.628403 -1506.687843 -2004.104315 -4099.883862 -4133.660876 -4133.663366 -4133.663365 -4133.663355 -4133.663302 -4133.663113 -4133.662567 -4133.660912 -4133.658066 -4133.654266 -4133.647781 -4133.634841 -4133.605598 -4133.532587 -4133.334979 -4132.754137 -4071.190715 -1837.564019 -1468.830794 -1437.190790 -1430.339165 -1429.014417 -1428.796071 -1428.762599 -1428.758052 -1428.758100 -1428.758801 -1428.759469 -1428.760005 -1428.760417 -1428.760737 -1428.760987 -1428.761187 -1428.761351 -1428.761490 -1428.761615 -1428.761737 -1428.761873 -1428.762041 -1428.762272 -1428.762610 -1428.763125 -1428.763931 -1428.765218 -1428.767312 -1428.770782 -1428.776672 -1428.786943 -1428.805400 -1428.839587 -1428.904759 -1429.032607 -1429.292107 -1429.844309 -1431.094901 -1434.134577 -1442.166453 -1466.545287 -9999.0 -9999.0
-9999.0 -9999.0 826.115293 729.464172 632.339527 534.758457 436.945551 339.030318 241.080855 143.133511 45.208449 -52.674027 -150.505732 -248.248385 -345.810266 -443.027849 -539.612254 -635.119459 -730.077777 -825.123353 -919.199337 -1012.045046 -1098.694036 -1172.986358 -1236.172311 -1287.562114 -1327.655653 -1357.808432 -1379.786994 -1395.396633 -1406.251842 -1413.675929 -1418.688765 -1422.041644 -1424.269966 -1425.748206 -1426.743670 -1427.494214 -1428.471643 -1431.553266 -1444.628403 -1506.687843 -2004.104315 -4099.883862 -4133.660876 -4133.663366 -4133.663365 -4133.663355 -4133.663302 -4133.663113 -4133.662567 -4133.660912 -4133.658066 -4133.654266 -4133.647781 -4133.634841 -4133.605598 -4133.532587 -4133.334979 -4132.754137 -4071.190715 -1837.564019 -1468.830794 -1437.190790 -1430.339165 -1429.014417 -1428.796071 -1428.762599 -1428.758052 -1428.758100 -1428.758801 -1428.759469 -1428.760005 -1428.760417 -1428.760737 -1428.760987 -1428.761187 -1428.761351 -1428.761490 -1428.761615 -1428.761737 -1428.761873 -1428.762041 -1428.762272 -1428.762610 -1428.763125 -1428.763931 -1428.765218 -1428.767312 -1428.770782 -1428.776672 -1428.786943 -1428.805400 -1428.839587 -1428.904759 -1429.032607 -1429.292107 -1429.844309 -1431.094901 -1434.134577 -1442.166453 -1466.545287 -9999.0 -9999.0
-9999.0 -9999.0 826.116637 729.464883 632.339823 534.758569 436.945592 339.030333 241.080861 143.133513 45.208450 -52.674027 -150.505732 -248.248385 -345.810266 -443.027850 -539.612254 -635.119459 -730.077777 -825.123353 -919.199337 -1012.045046 -1098.694037 -1172.986358 -1236.172311 -1287.562114 -1327.655653 -1357.808433 -1379.786994 -1395.396633 -1406.251842 -1413.675929 -1418.688765 -1422.041644 -1424.269966 -1425.748206 -1426.743670 -1427.494214 -1428.471643 -1431.553266 -1444.628403 -1506.687843 -2004.104315 -4099.883862 -4133.660876 -4133.663366 -4133.663365 -4133.663355 -4133.663302 -4133.663113 -4133.662567 -4133.660912 -4133.658066 -4133.654266 -4133.647781 -4133.634841 -4133.605598 -4133.532587 -4133.334979 -4132.754137 -4071.190715 -1837.564019 -1468.830794 -1437.190790 -1430.339165 -1429.014417 -1428.796071 -1428.762599 -1428.758052 -1428.758100 -1428.758801 -1428.759469 -1428.760005 -1428.760417 -1428.760737 -1428.760987 -1428.761187 -1428.761351 -1428.761490 -1428.761615 -1428.761737 -1428.761873 -1428.762041 -1428.762272 -1428.762610 -1428.763125 -1428.763931 -1428.765218 -1428.767312 -1428.770782 -1428.776672 -1428.786943 -1428.805400 -1428.839587 -1428.904759 -1429.032607 -1429.292107 -1429.844309 -1431.094901 -1434.134577 -1442.166453 -1466.545287 -9999.0 -9999.0
-9999.0 -9999.0 826.116637 729.464883 632.339823 534.758569 436.945592 339.030333 241.080861 143.133513 45.208450 -52.674027 -150.505732 -248.248385 -345.810266 -443.027849 -539.612254 -635.119459 -730.077777 -825.123353 -919.199337 -1012.045046 -1098.694037 -1172.986358 -1236.172311 -1287.562114 -1327.655653 -1357.808433 -1379.786994 -1395.396633 -1406.251842 -1413.675929 -1418.688765 -1422.041644 -1424.269966 -1425.748206 -1426.743670 -1427.494214 -1428.471643 -1431.553266 -1444.628403 -1506.687843 -2004.104315 -4099.883862 -4133.660876 -4133.663366 -4133.663365 -4133.663355 -4133.663302 -4133.663113 -4133.662567 -4133.660912 -4133.658066 -4133.654266 -4133.647781 -4133.634841 -4133.605598 -4133.532587 -4133.334979 -4132.754137 -4071.190715 -1837.564019 -1468.830794 -1437.190790 -1430.339165 -1429.014417 -1428.796071 -1428.762599 -1428.758052 -1428.758100 -1428.758801 -1428.759469 -1428.760005 -1428.760417 -1428.760737 -1428.760987 -1428.761187 -1428.761351 -1428.761490 -1428.761615 -1428.761737 -1428.761873 -1428.762041 -1428.762272 -1428.762610 -1428.763125 -1428.763931 -1428.765218 -1428.767312 -1428.770782 -1428.776672 -1428.786943 -1428.805400 -1428.839587 -1428.904759 -1429.032607 -1429.292107 -1429.844309 -1431.094901 -1434.134577 -1442.166453 -1466.545287 -9999.0 -9999.0
-9999.0 -9999.0 826.115293 729.464172 632.339527 534.758457 436.945551 339.030318 241.080855 143.133511 45.208449 -52.674027 -150.505732 -248.248385 -345.810266 -443.027850 -539.612254 -635.119459 -730.077777 -825.123353 -919.199337 -1012.045046 -1098.694036 -1172.986358 -1236.172311 -1287.562114 -1327.655653 -1357.808432 -1379.786994 -1395.396633 -1406.251842 -1413.675929 -1418.688765 -1422.041644 -1424.269966 -1425.748206 -1426.743670 -1427.494214 -1428.471643 -1431.553266 -1444.628403 -1506.687843 -2004.104315 -4099.883862 -4133.660876 -4133.663366 -4133.663365 -4133.663355 -4133.663302 -4133.663113 -4133.662567 -4133.660912 -4133.658066 -4133.654266 -4133.647781 -4133.634841 -4133.605598 -4133.532587 -4133.334979 -4132.754137 -4071.190715 -1837.564019 -1468.830794 -1437.190790 -1430.339165 -1429.014417 -1428.796071 -1428.762599 -1428.758052 -1428.758100 -1428.758801 -1428.759469 -1428.760005 -1428.760417 -1428.760737 -1428.760987 -1428.761187 -1428.761351 -1428.761490 -1428.761615 -1428.761737 -1428.761873 -1428.762041 -1428.762272 -1428.762610 -1428.763125 -1428.763931 -1428.765218 -1428.767312 -1428.770782 -1428.776672 -1428.786943 -1428.805400 -1428.839587 -1428.904759 -1429.032607 -1429.292107 -1429.844309 -1431.094901 -1434.134577 -1442.166453 -1466.545287 -9999.0 -9999.0
-9999.0 -9999.0 826.111402 729.462786 632.339091 534.758317 436.945504 339.030302 241.080849 143.133509 45.208448 -52.674028 -150.505732 -248.248385 -345.810267 -443.027849 -539.612254 -635.119459 -730.077777 -825.123353 -919.199337 -1012.045045 -1098.694036 -1172.986358 -1236.172311 -1287.562114 -1327.655652 -1357.808432 -1379.786994 -1395.396633 -1406.251842 -1413.675929 -1418.688765 -1422.041644 -1424.269966 -1425.748206 -1426.743670 -1427.494214 -1428.471643 -1431.553266 -1444.628403 -1506.687843 -2004.104315 -4099.883862 -4133.660876 -4133.663366 -4133.663365 -4133.663355 -4133.663302 -4133.663113 -4133.662567 -4133.660912 -4133.658066 -4133.654266 -4133.647781 -4133.634841 -4133.605598 -4133.532587 -4133.334979 -4132.754137 -4071.190715 -1837.564019 -1468.830794 -1437.190790 -1430.339165 -1429.014417 -1428.796071 -1428.762599 -1428.758052 -1428.758100 -1428.758801 -1428.759469 -1428.760005 -1428.760417 -1428.760737 -1428.760987 -1428.761187 -1428.761351 -1428.761490 -1428.761615 -1428.761737 -1428.761873 -1428.762041 -1428.762272 -1428.762610 -1428.763125 -1428.763931 -1428.765218 -1428.767312 -1428.770782 -1428.776672 -1428.786943 -1428.805400 -1428.839587 -1428.904759 -1429.032607 -1429.292107 -1429.844309 -1431.094901 -1434.134577 -1442.166453 -1466.545287 -9999.0 -9999.0
-9999.0 -9999.0 -9999.0 -9999.0 -9999.0 -9999.0 -9999.0 -9999.0 -9999.0 -9999.0 -9999.0 -9999.0 -9999.0 -9999.0 -9999.0 -9999.0 -9999.0 -9999.0 -9999.0 -9999.0 -9999.0 -9999.0 -9999.0 -9999.0 -9999.0 -9999.0 -9999.0 -9999.0 -9999.0 -9999.0 -9999.0 -9999.0 -9999.0 -9999.0 -9999.0 -9999.0 -9999.0 -9999.0 -9999.0 -9999.0 -9999.0 -9999.0 -9999.0 -9999.0 -9999.0 -9999.0 -9999.0 -9999.0 -9999.0 -9999.0 -9999.0 -9999.0 -9999.0 -9999.0 -9999.0 -9999.0 -9999.0 -9999.0 -9999.0 -9999.0 -9999.0 -9999.0 -9999.0 -9999.0 -9999.0 -9999.0 -9999.0 -9999.0 -9999.0 -9999.0 -9999.0 -9999.0 -9999.0 -9999.0 -9999.0 -9999.0 -9999.0 -9999.0 -9999.0 -9999.0 -9999.0 -9999.0 -9999.0 -9999.0 -9999.0 -9999.0 -9999.0 -9999.0 -9999.0 -9999.0 -9999.0 -9999.0 -9999.0 -9999.0 -9999.0 -9999.0 -9999.0 -9999.0 -9999.0 -9999.0 -9999.0 -9999.0 -9999.0 -9999.0
-9999.0 -9999.0 -9999.0 -9999.0 -9999.0 -9999.0 -9999.0 -9999.0 -9999.0 -9999.0 -9999.0 -9999.0 -9999.0 -9999.0 -9999.0 -9999.0 -9999.0 -9999.0 -9999.0 -9999.0 -9999.0 -9999.0 -9999.0 -9999.0 -9999.0 -9999.0 -9999.0 -9999.0 -9999.0 -9999.0 -9999.0 -9999.0 -9999.0 -9999.0 -9999.0 -9999.0 -9999.0 -9999.0 -9999.0 -9999.0 -9999.0 -9999.0 -9999.0 -9999.0 -9999.0 -9999.0 -9999.0 -9999.0 -9999.0 -9999.0 -9999.0 -9999.0 -9999.0 -9999.0 -9999.0 -9999.0 -9999.0 -9999.0 -9999.0 -9999.0 -9999.0 -9999.0 -9999.0 -9999.0 -9999.0 -9999.0 -9999.0 -9999.0 -9999.0 -9999.0 -9999.0 -9999.0 -9999.0 -9999.0 -9999.0 -9999.0 -9999.0 -9999.0 -9999.0 -9999.0 -9999.0 -9999.0 -9999.0 -9999.0 -9999.0 -9999.0 -9999.0 -9999.0 -9999.0 -9999.0 -9999.0 -9999.0 -9999.0 -9999.0 -9999.0 -9999.0 -9999.0 -9999.0 -9999.0 -9999.0 -9999.0 -9999.0 -9999.0 -9999.0