inst/processing_geotop_simulation/geotop_simulation/out/maps3D/PwL0012N0012.asc
ncols         104
nrows         10
xllcorner     -2.000000
yllcorner     0.000000
cellsize      1.000000
NODATA_value  -9999.0
-9999.0 -9999.0 -9999.0 -9999.0 -9999.0 -9999.0 -9999.0 -9999.0 -9999.0 -9999.0 -9999.0 -9999.0 -9999.0 -9999.0 -9999.0 -9999.0 -9999.0 -9999.0 -9999.0 -9999.0 -9999.0 -9999.0 -9999.0 -9999.0 -9999.0 -9999.0 -9999.0 -9999.0 -9999.0 -9999.0 -9999.0 -9999.0 -9999.0 -9999.0 -9999.0 -9999.0 -9999.0 -9999.0 -9999.0 -9999.0 -9999.0 -9999.0 -9999.0 -9999.0 -9999.0 -9999.0 -9999.0 -9999.0 -9999.0 -9999.0 -9999.0 -9999.0 -9999.0 -9999.0 -9999.0 -9999.0 -9999.0 -9999.0 -9999.0 -9999.0 -9999.0 -9999.0 -9999.0 -9999.0 -9999.0 -9999.0 -9999.0 -9999.0 -9999.0 -9999.0 -9999.0 -9999.0 -9999.0 -9999.0 -9999.0 -9999.0 -9999.0 -9999.0 -9999.0 -9999.0 -9999.0 -9999.0 -9999.0 -9999.0 -9999.0 -9999.0 -9999.0 -9999.0 -9999.0 -9999.0 -9999.0 -9999.0 -9999.0 -9999.0 -9999.0 -9999.0 -9999.0 -9999.0 -9999.0 -9999.0 -9999.0 -9999.0 -9999.0 -9999.0
-9999.0 -9999.0 -9999.0 -9999.0 -9999.0 -9999.0 -9999.0 -9999.0 -9999.0 -9999.0 -9999.0 -9999.0 -9999.0 -9999.0 -9999.0 -9999.0 -9999.0 -9999.0 -9999.0 -9999.0 -9999.0 -9999.0 -9999.0 -9999.0 -9999.0 -9999.0 -9999.0 -9999.0 -9999.0 -9999.0 -9999.0 -9999.0 -9999.0 -9999.0 -9999.0 -9999.0 -9999.0 -9999.0 -9999.0 -9999.0 -9999.0 -9999.0 -9999.0 -9999.0 -9999.0 -9999.0 -9999.0 -9999.0 -9999.0 -9999.0 -9999.0 -9999.0 -9999.0 -9999.0 -9999.0 -9999.0 -9999.0 -9999.0 -9999.0 -9999.0 -9999.0 -9999.0 -9999.0 -9999.0 -9999.0 -9999.0 -9999.0 -9999.0 -9999.0 -9999.0 -9999.0 -9999.0 -9999.0 -9999.0 -9999.0 -9999.0 -9999.0 -9999.0 -9999.0 -9999.0 -9999.0 -9999.0 -9999.0 -9999.0 -9999.0 -9999.0 -9999.0 -9999.0 -9999.0 -9999.0 -9999.0 -9999.0 -9999.0 -9999.0 -9999.0 -9999.0 -9999.0 -9999.0 -9999.0 -9999.0 -9999.0 -9999.0 -9999.0 -9999.0
-9999.0 -9999.0 573.308574 481.853561 392.261877 301.447540 207.095930 108.343573 4.397222 -104.049238 -220.929870 -311.006653 -361.686612 -383.593809 -386.267062 -371.584223 -221.680360 -71.445091 95.379481 280.141322 352.275958 300.848517 244.945750 187.801968 129.994422 71.963529 14.238961 -35.970452 -78.284736 -113.727168 -142.638973 -167.046262 -187.166766 -204.613692 -220.461255 -234.580963 -247.799370 -260.509759 -271.335080 -278.784096 -275.790049 -256.394104 -3544.455752 -4381.182461 -4381.188119 -4381.188119 -4381.188119 -4381.188119 -4381.188119 -4381.188119 -4381.188119 -4381.188119 -4381.188119 -4381.188119 -4381.188119 -4381.188119 -4381.188119 -4381.188119 -4381.188119 -4381.188119 -4381.178887 -3420.539896 535.265164 451.193970 370.325772 290.165921 210.338068 131.668039 55.487193 -16.562779 -82.304213 -139.691847 -187.004152 -223.838813 -251.524179 -271.824729 -286.753706 -297.724345 -306.438481 -313.374698 -319.001351 -323.887726 -328.584125 -332.654586 -336.275565 -339.667530 -342.938591 -345.860123 -348.623911 -351.298055 -354.059969 -357.312171 -361.368323 -367.041265 -375.386166 -387.926419 -407.058496 -435.555982 -483.826967 -588.692260 -853.361105 -1719.902101 -9999.0 -9999.0
-9999.0 -9999.0 573.371784 481.878448 392.271001 301.451022 207.097307 108.344124 4.397458 -104.049138 -220.929824 -311.006636 -361.686606 -383.593806 -386.267064 -371.584223 -221.680360 -71.445092 95.379481 280.141322 352.275958 300.848517 244.945750 187.801968 129.994422 71.963529 14.238962 -35.970452 -78.284736 -113.727168 -142.638973 -167.046262 -187.166766 -204.613692 -220.461254 -234.580962 -247.799370 -260.509759 -271.335080 -278.784096 -275.790048 -256.394105 -3544.455752 -4381.182461 -4381.188119 -4381.188119 -4381.188119 -4381.188119 -4381.188119 -4381.188119 -4381.188119 -4381.188119 -4381.188119 -4381.188119 -4381.188119 -4381.188119 -4381.188119 -4381.188119 -4381.188119 -4381.188119 -4381.178887 -3420.539896 535.265164 451.193970 370.325772 290.165921 210.338068 131.668039 55.487193 -16.562779 -82.304213 -139.691847 -187.004152 -223.838813 -251.524179 -271.824729 -286.753706 -297.724345 -306.438481 -313.374698 -319.001351 -323.887726 -328.584125 -332.654586 -336.275565 -339.667530 -342.938591 -345.860123 -348.623911 -351.298055 -354.059969 -357.312171 -361.368323 -367.041265 -375.386166 -387.926419 -407.058496 -435.555983 -483.826967 -588.692260 -853.361103 -1719.902102 -9999.0 -9999.0
-9999.0 -9999.0 573.395403 481.892414 392.277642 301.453959 207.098564 108.344648 4.397687 -104.049040 -220.929778 -311.006620 -361.686601 -383.593804 -386.267065 -371.584223 -221.680361 -71.445092 95.379481 280.141322 352.275959 300.848517 244.945750 187.801968 129.994423 71.963529 14.238962 -35.970452 -78.284736 -113.727168 -142.638973 -167.046262 -187.166766 -204.613691 -220.461254 -234.580962 -247.799370 -260.509759 -271.335080 -278.784096 -275.790047 -256.394104 -3544.455752 -4381.182461 -4381.188119 -4381.188119 -4381.188119 -4381.188119 -4381.188119 -4381.188119 -4381.188119 -4381.188119 -4381.188119 -4381.188119 -4381.188119 -4381.188119 -4381.188119 -4381.188119 -4381.188119 -4381.188119 -4381.178887 -3420.539896 535.265164 451.193970 370.325772 290.165921 210.338068 131.668039 55.487193 -16.562779 -82.304213 -139.691847 -187.004152 -223.838813 -251.524179 -271.824729 -286.753706 -297.724345 -306.438481 -313.374698 -319.001351 -323.887726 -328.584125 -332.654586 -336.275565 -339.667530 -342.938591 -345.860123 -348.623911 -351.298055 -354.059969 -357.312171 -361.368323 -367.041265 -375.386166 -387.926419 -407.058496 -435.555982 -483.826967 -588.692260 -853.361103 -1719.902092 -9999.0 -9999.0
-9999.0 -9999.0 573.395403 481.892414 392.277642 301.453959 207.098564 108.344648 4.397687 -104.049040 -220.929778 -311.006620 -361.686601 -383.593804 -386.267065 -371.584223 -221.680361 -71.445092 95.379481 280.141322 352.275959 300.848517 244.945750 187.801968 129.994423 71.963529 14.238962 -35.970452 -78.284736 -113.727168 -142.638973 -167.046262 -187.166766 -204.613691 -220.461254 -234.580962 -247.799370 -260.509759 -271.335080 -278.784096 -275.790047 -256.394104 -3544.455752 -4381.182461 -4381.188119 -4381.188119 -4381.188119 -4381.188119 -4381.188119 -4381.188119 -4381.188119 -4381.188119 -4381.188119 -4381.188119 -4381.188119 -4381.188119 -4381.188119 -4381.188119 -4381.188119 -4381.188119 -4381.178887 -3420.539896 535.265164 451.193970 370.325772 290.165921 210.338068 131.668039 55.487193 -16.562779 -82.304213 -139.691847 -187.004152 -223.838813 -251.524179 -271.824729 -286.753706 -297.724345 -306.438481 -313.374698 -319.001351 -323.887726 -328.584125 -332.654586 -336.275565 -339.667530 -342.938591 -345.860123 -348.623911 -351.298055 -354.059969 -357.312171 -361.368323 -367.041265 -375.386166 -387.926419 -407.058496 -435.555983 -483.826966 -588.692260 -853.361102 -1719.902095 -9999.0 -9999.0
-9999.0 -9999.0 573.371784 481.878448 392.271001 301.451022 207.097307 108.344124 4.397458 -104.049138 -220.929824 -311.006636 -361.686606 -383.593806 -386.267064 -371.584223 -221.680360 -71.445092 95.379481 280.141322 352.275958 300.848517 244.945750 187.801968 129.994422 71.963529 14.238962 -35.970452 -78.284736 -113.727168 -142.638973 -167.046262 -187.166766 -204.613692 -220.461254 -234.580962 -247.799370 -260.509759 -271.335080 -278.784096 -275.790048 -256.394105 -3544.455752 -4381.182461 -4381.188119 -4381.188119 -4381.188119 -4381.188119 -4381.188119 -4381.188119 -4381.188119 -4381.188119 -4381.188119 -4381.188119 -4381.188119 -4381.188119 -4381.188119 -4381.188119 -4381.188119 -4381.188119 -4381.178887 -3420.539896 535.265164 451.193970 370.325772 290.165921 210.338068 131.668039 55.487193 -16.562779 -82.304213 -139.691847 -187.004152 -223.838813 -251.524179 -271.824729 -286.753706 -297.724345 -306.438481 -313.374698 -319.001351 -323.887726 -328.584125 -332.654586 -336.275565 -339.667530 -342.938591 -345.860123 -348.623911 -351.298055 -354.059969 -357.312171 -361.368323 -367.041265 -375.386166 -387.926419 -407.058496 -435.555982 -483.826967 -588.692260 -853.361104 -1719.902099 -9999.0 -9999.0
-9999.0 -9999.0 573.308574 481.853561 392.261877 301.447540 207.095930 108.343573 4.397222 -104.049238 -220.929870 -311.006653 -361.686612 -383.593809 -386.267062 -371.584223 -221.680360 -71.445091 95.379481 280.141322 352.275958 300.848517 244.945750 187.801968 129.994422 71.963529 14.238961 -35.970452 -78.284736 -113.727168 -142.638973 -167.046262 -187.166766 -204.613692 -220.461255 -234.580963 -247.799370 -260.509759 -271.335080 -278.784096 -275.790049 -256.394104 -3544.455752 -4381.182461 -4381.188119 -4381.188119 -4381.188119 -4381.188119 -4381.188119 -4381.188119 -4381.188119 -4381.188119 -4381.188119 -4381.188119 -4381.188119 -4381.188119 -4381.188119 -4381.188119 -4381.188119 -4381.188119 -4381.178887 -3420.539896 535.265164 451.193970 370.325772 290.165921 210.338068 131.668039 55.487193 -16.562779 -82.304213 -139.691847 -187.004152 -223.838813 -251.524179 -271.824729 -286.753706 -297.724345 -306.438481 -313.374698 -319.001351 -323.887726 -328.584125 -332.654586 -336.275565 -339.667530 -342.938591 -345.860123 -348.623911 -351.298055 -354.059969 -357.312171 -361.368323 -367.041265 -375.386166 -387.926419 -407.058496 -435.555983 -483.826967 -588.692261 -853.361104 -1719.902104 -9999.0 -9999.0
-9999.0 -9999.0 -9999.0 -9999.0 -9999.0 -9999.0 -9999.0 -9999.0 -9999.0 -9999.0 -9999.0 -9999.0 -9999.0 -9999.0 -9999.0 -9999.0 -9999.0 -9999.0 -9999.0 -9999.0 -9999.0 -9999.0 -9999.0 -9999.0 -9999.0 -9999.0 -9999.0 -9999.0 -9999.0 -9999.0 -9999.0 -9999.0 -9999.0 -9999.0 -9999.0 -9999.0 -9999.0 -9999.0 -9999.0 -9999.0 -9999.0 -9999.0 -9999.0 -9999.0 -9999.0 -9999.0 -9999.0 -9999.0 -9999.0 -9999.0 -9999.0 -9999.0 -9999.0 -9999.0 -9999.0 -9999.0 -9999.0 -9999.0 -9999.0 -9999.0 -9999.0 -9999.0 -9999.0 -9999.0 -9999.0 -9999.0 -9999.0 -9999.0 -9999.0 -9999.0 -9999.0 -9999.0 -9999.0 -9999.0 -9999.0 -9999.0 -9999.0 -9999.0 -9999.0 -9999.0 -9999.0 -9999.0 -9999.0 -9999.0 -9999.0 -9999.0 -9999.0 -9999.0 -9999.0 -9999.0 -9999.0 -9999.0 -9999.0 -9999.0 -9999.0 -9999.0 -9999.0 -9999.0 -9999.0 -9999.0 -9999.0 -9999.0 -9999.0 -9999.0
-9999.0 -9999.0 -9999.0 -9999.0 -9999.0 -9999.0 -9999.0 -9999.0 -9999.0 -9999.0 -9999.0 -9999.0 -9999.0 -9999.0 -9999.0 -9999.0 -9999.0 -9999.0 -9999.0 -9999.0 -9999.0 -9999.0 -9999.0 -9999.0 -9999.0 -9999.0 -9999.0 -9999.0 -9999.0 -9999.0 -9999.0 -9999.0 -9999.0 -9999.0 -9999.0 -9999.0 -9999.0 -9999.0 -9999.0 -9999.0 -9999.0 -9999.0 -9999.0 -9999.0 -9999.0 -9999.0 -9999.0 -9999.0 -9999.0 -9999.0 -9999.0 -9999.0 -9999.0 -9999.0 -9999.0 -9999.0 -9999.0 -9999.0 -9999.0 -9999.0 -9999.0 -9999.0 -9999.0 -9999.0 -9999.0 -9999.0 -9999.0 -9999.0 -9999.0 -9999.0 -9999.0 -9999.0 -9999.0 -9999.0 -9999.0 -9999.0 -9999.0 -9999.0 -9999.0 -9999.0 -9999.0 -9999.0 -9999.0 -9999.0 -9999.0 -9999.0 -9999.0 -9999.0 -9999.0 -9999.0 -9999.0 -9999.0 -9999.0 -9999.0 -9999.0 -9999.0 -9999.0 -9999.0 -9999.0 -9999.0 -9999.0 -9999.0 -9999.0 -9999.0