inst/processing_geotop_simulation/geotop_simulation/out/maps3D/PwL0001N0221.asc
ncols         104
nrows         10
xllcorner     -2.000000
yllcorner     0.000000
cellsize      1.000000
NODATA_value  -9999.0
-9999.0 -9999.0 -9999.0 -9999.0 -9999.0 -9999.0 -9999.0 -9999.0 -9999.0 -9999.0 -9999.0 -9999.0 -9999.0 -9999.0 -9999.0 -9999.0 -9999.0 -9999.0 -9999.0 -9999.0 -9999.0 -9999.0 -9999.0 -9999.0 -9999.0 -9999.0 -9999.0 -9999.0 -9999.0 -9999.0 -9999.0 -9999.0 -9999.0 -9999.0 -9999.0 -9999.0 -9999.0 -9999.0 -9999.0 -9999.0 -9999.0 -9999.0 -9999.0 -9999.0 -9999.0 -9999.0 -9999.0 -9999.0 -9999.0 -9999.0 -9999.0 -9999.0 -9999.0 -9999.0 -9999.0 -9999.0 -9999.0 -9999.0 -9999.0 -9999.0 -9999.0 -9999.0 -9999.0 -9999.0 -9999.0 -9999.0 -9999.0 -9999.0 -9999.0 -9999.0 -9999.0 -9999.0 -9999.0 -9999.0 -9999.0 -9999.0 -9999.0 -9999.0 -9999.0 -9999.0 -9999.0 -9999.0 -9999.0 -9999.0 -9999.0 -9999.0 -9999.0 -9999.0 -9999.0 -9999.0 -9999.0 -9999.0 -9999.0 -9999.0 -9999.0 -9999.0 -9999.0 -9999.0 -9999.0 -9999.0 -9999.0 -9999.0 -9999.0 -9999.0
-9999.0 -9999.0 -9999.0 -9999.0 -9999.0 -9999.0 -9999.0 -9999.0 -9999.0 -9999.0 -9999.0 -9999.0 -9999.0 -9999.0 -9999.0 -9999.0 -9999.0 -9999.0 -9999.0 -9999.0 -9999.0 -9999.0 -9999.0 -9999.0 -9999.0 -9999.0 -9999.0 -9999.0 -9999.0 -9999.0 -9999.0 -9999.0 -9999.0 -9999.0 -9999.0 -9999.0 -9999.0 -9999.0 -9999.0 -9999.0 -9999.0 -9999.0 -9999.0 -9999.0 -9999.0 -9999.0 -9999.0 -9999.0 -9999.0 -9999.0 -9999.0 -9999.0 -9999.0 -9999.0 -9999.0 -9999.0 -9999.0 -9999.0 -9999.0 -9999.0 -9999.0 -9999.0 -9999.0 -9999.0 -9999.0 -9999.0 -9999.0 -9999.0 -9999.0 -9999.0 -9999.0 -9999.0 -9999.0 -9999.0 -9999.0 -9999.0 -9999.0 -9999.0 -9999.0 -9999.0 -9999.0 -9999.0 -9999.0 -9999.0 -9999.0 -9999.0 -9999.0 -9999.0 -9999.0 -9999.0 -9999.0 -9999.0 -9999.0 -9999.0 -9999.0 -9999.0 -9999.0 -9999.0 -9999.0 -9999.0 -9999.0 -9999.0 -9999.0 -9999.0
-9999.0 -9999.0 28.735225 -63.678019 -160.217037 -257.651058 -355.407131 -453.262308 -551.099951 -648.814971 -746.197740 -843.078826 -939.327499 -1034.757293 -1130.060281 -1225.059270 -1318.397137 -1409.672542 -1498.623327 -1582.776241 -1656.344656 -1715.156876 -1758.786521 -1789.530380 -1810.559171 -1824.748429 -1834.283976 -1840.687170 -1844.979238 -1847.843720 -1849.743682 -1850.995451 -1851.815101 -1852.349098 -1852.695870 -1852.922768 -1853.082871 -1853.247905 -1853.668078 -1855.561346 -1862.346859 -1846.529945 -1146.836142 -1143.424874 -1132.933309 -1126.248651 -1123.110139 -1122.643486 -1122.594630 -1122.601064 -1122.615751 -1122.631464 -1122.646558 -1122.660532 -1122.673459 -1122.688082 -1122.730623 -1123.011167 -1124.688732 -1128.448138 -1134.118336 -1130.116061 -1825.431966 -1857.205658 -1854.478588 -1853.598042 -1853.444433 -1853.420430 -1853.417301 -1853.417642 -1853.418454 -1853.419186 -1853.419761 -1853.420199 -1853.420533 -1853.420793 -1853.420998 -1853.421164 -1853.421303 -1853.421426 -1853.421546 -1853.421681 -1853.421850 -1853.422085 -1853.422434 -1853.422970 -1853.423814 -1853.425166 -1853.427364 -1853.431001 -1853.437150 -1853.447823 -1853.466896 -1853.502007 -1853.568429 -1853.697160 -1853.952905 -1854.478475 -1855.615972 -1858.268340 -1865.182715 -1887.118634 -9999.0 -9999.0
-9999.0 -9999.0 28.748337 -63.675835 -160.216492 -257.650899 -355.407081 -453.262291 -551.099945 -648.814969 -746.197739 -843.078826 -939.327499 -1034.757293 -1130.060281 -1225.059270 -1318.397137 -1409.672542 -1498.623328 -1582.776241 -1656.344656 -1715.156876 -1758.786521 -1789.530380 -1810.559171 -1824.748429 -1834.283976 -1840.687170 -1844.979238 -1847.843720 -1849.743682 -1850.995451 -1851.815101 -1852.349098 -1852.695870 -1852.922768 -1853.082871 -1853.247905 -1853.668078 -1855.561346 -1862.346859 -1846.529945 -1146.836141 -1143.424874 -1132.933309 -1126.248651 -1123.110139 -1122.643486 -1122.594630 -1122.601064 -1122.615751 -1122.631464 -1122.646558 -1122.660532 -1122.673459 -1122.688082 -1122.730623 -1123.011167 -1124.688732 -1128.448138 -1134.118336 -1130.116061 -1825.431966 -1857.205658 -1854.478588 -1853.598042 -1853.444433 -1853.420430 -1853.417301 -1853.417642 -1853.418454 -1853.419186 -1853.419761 -1853.420199 -1853.420533 -1853.420793 -1853.420998 -1853.421164 -1853.421303 -1853.421426 -1853.421546 -1853.421681 -1853.421850 -1853.422085 -1853.422434 -1853.422970 -1853.423814 -1853.425166 -1853.427364 -1853.431001 -1853.437150 -1853.447823 -1853.466896 -1853.502007 -1853.568429 -1853.697160 -1853.952905 -1854.478475 -1855.615972 -1858.268340 -1865.182715 -1887.118634 -9999.0 -9999.0
-9999.0 -9999.0 28.749548 -63.674964 -160.216149 -257.650775 -355.407036 -453.262275 -551.099939 -648.814967 -746.197738 -843.078826 -939.327499 -1034.757292 -1130.060281 -1225.059270 -1318.397137 -1409.672542 -1498.623328 -1582.776241 -1656.344656 -1715.156876 -1758.786521 -1789.530380 -1810.559171 -1824.748429 -1834.283977 -1840.687170 -1844.979238 -1847.843720 -1849.743682 -1850.995451 -1851.815101 -1852.349098 -1852.695870 -1852.922768 -1853.082871 -1853.247905 -1853.668078 -1855.561346 -1862.346859 -1846.529945 -1146.836141 -1143.424874 -1132.933309 -1126.248651 -1123.110139 -1122.643486 -1122.594630 -1122.601064 -1122.615751 -1122.631464 -1122.646558 -1122.660532 -1122.673459 -1122.688082 -1122.730623 -1123.011167 -1124.688732 -1128.448138 -1134.118336 -1130.116061 -1825.431966 -1857.205658 -1854.478588 -1853.598042 -1853.444433 -1853.420430 -1853.417301 -1853.417642 -1853.418454 -1853.419186 -1853.419761 -1853.420199 -1853.420533 -1853.420793 -1853.420998 -1853.421164 -1853.421303 -1853.421426 -1853.421546 -1853.421681 -1853.421850 -1853.422085 -1853.422434 -1853.422970 -1853.423814 -1853.425166 -1853.427364 -1853.431001 -1853.437150 -1853.447823 -1853.466896 -1853.502007 -1853.568429 -1853.697160 -1853.952905 -1854.478475 -1855.615972 -1858.268340 -1865.182715 -1887.118634 -9999.0 -9999.0
-9999.0 -9999.0 28.749548 -63.674964 -160.216149 -257.650775 -355.407036 -453.262275 -551.099939 -648.814967 -746.197738 -843.078826 -939.327499 -1034.757292 -1130.060281 -1225.059270 -1318.397137 -1409.672542 -1498.623328 -1582.776241 -1656.344656 -1715.156876 -1758.786521 -1789.530380 -1810.559171 -1824.748429 -1834.283977 -1840.687170 -1844.979238 -1847.843720 -1849.743682 -1850.995451 -1851.815101 -1852.349098 -1852.695870 -1852.922768 -1853.082871 -1853.247905 -1853.668078 -1855.561346 -1862.346859 -1846.529945 -1146.836141 -1143.424874 -1132.933309 -1126.248651 -1123.110139 -1122.643486 -1122.594630 -1122.601064 -1122.615751 -1122.631464 -1122.646558 -1122.660532 -1122.673459 -1122.688082 -1122.730623 -1123.011167 -1124.688732 -1128.448138 -1134.118336 -1130.116061 -1825.431966 -1857.205658 -1854.478588 -1853.598042 -1853.444433 -1853.420430 -1853.417301 -1853.417642 -1853.418454 -1853.419186 -1853.419761 -1853.420199 -1853.420533 -1853.420793 -1853.420998 -1853.421164 -1853.421303 -1853.421426 -1853.421546 -1853.421681 -1853.421850 -1853.422085 -1853.422434 -1853.422970 -1853.423814 -1853.425166 -1853.427364 -1853.431001 -1853.437150 -1853.447823 -1853.466896 -1853.502007 -1853.568429 -1853.697160 -1853.952905 -1854.478475 -1855.615972 -1858.268340 -1865.182715 -1887.118634 -9999.0 -9999.0
-9999.0 -9999.0 28.748337 -63.675835 -160.216492 -257.650899 -355.407081 -453.262291 -551.099945 -648.814969 -746.197739 -843.078826 -939.327499 -1034.757293 -1130.060281 -1225.059270 -1318.397137 -1409.672542 -1498.623327 -1582.776241 -1656.344656 -1715.156876 -1758.786521 -1789.530380 -1810.559171 -1824.748429 -1834.283976 -1840.687170 -1844.979238 -1847.843720 -1849.743682 -1850.995451 -1851.815101 -1852.349098 -1852.695870 -1852.922768 -1853.082871 -1853.247905 -1853.668078 -1855.561346 -1862.346859 -1846.529945 -1146.836141 -1143.424874 -1132.933309 -1126.248651 -1123.110139 -1122.643486 -1122.594630 -1122.601064 -1122.615751 -1122.631464 -1122.646558 -1122.660532 -1122.673459 -1122.688082 -1122.730623 -1123.011167 -1124.688732 -1128.448138 -1134.118336 -1130.116061 -1825.431966 -1857.205658 -1854.478588 -1853.598042 -1853.444433 -1853.420430 -1853.417301 -1853.417642 -1853.418454 -1853.419186 -1853.419761 -1853.420199 -1853.420533 -1853.420793 -1853.420998 -1853.421164 -1853.421303 -1853.421426 -1853.421546 -1853.421681 -1853.421850 -1853.422085 -1853.422434 -1853.422970 -1853.423814 -1853.425166 -1853.427364 -1853.431001 -1853.437150 -1853.447823 -1853.466896 -1853.502007 -1853.568429 -1853.697160 -1853.952905 -1854.478475 -1855.615972 -1858.268340 -1865.182715 -1887.118634 -9999.0 -9999.0
-9999.0 -9999.0 28.735225 -63.678019 -160.217037 -257.651058 -355.407131 -453.262308 -551.099951 -648.814971 -746.197740 -843.078826 -939.327499 -1034.757293 -1130.060281 -1225.059270 -1318.397137 -1409.672542 -1498.623327 -1582.776241 -1656.344656 -1715.156876 -1758.786521 -1789.530380 -1810.559171 -1824.748429 -1834.283976 -1840.687170 -1844.979238 -1847.843720 -1849.743682 -1850.995451 -1851.815101 -1852.349098 -1852.695870 -1852.922768 -1853.082871 -1853.247905 -1853.668078 -1855.561346 -1862.346859 -1846.529945 -1146.836142 -1143.424874 -1132.933309 -1126.248651 -1123.110139 -1122.643486 -1122.594630 -1122.601064 -1122.615751 -1122.631464 -1122.646558 -1122.660532 -1122.673459 -1122.688082 -1122.730623 -1123.011167 -1124.688732 -1128.448138 -1134.118336 -1130.116061 -1825.431966 -1857.205658 -1854.478588 -1853.598042 -1853.444433 -1853.420430 -1853.417301 -1853.417642 -1853.418454 -1853.419186 -1853.419761 -1853.420199 -1853.420533 -1853.420793 -1853.420998 -1853.421164 -1853.421303 -1853.421426 -1853.421546 -1853.421681 -1853.421850 -1853.422085 -1853.422434 -1853.422970 -1853.423814 -1853.425166 -1853.427364 -1853.431001 -1853.437150 -1853.447823 -1853.466896 -1853.502007 -1853.568429 -1853.697160 -1853.952905 -1854.478475 -1855.615972 -1858.268340 -1865.182715 -1887.118634 -9999.0 -9999.0
-9999.0 -9999.0 -9999.0 -9999.0 -9999.0 -9999.0 -9999.0 -9999.0 -9999.0 -9999.0 -9999.0 -9999.0 -9999.0 -9999.0 -9999.0 -9999.0 -9999.0 -9999.0 -9999.0 -9999.0 -9999.0 -9999.0 -9999.0 -9999.0 -9999.0 -9999.0 -9999.0 -9999.0 -9999.0 -9999.0 -9999.0 -9999.0 -9999.0 -9999.0 -9999.0 -9999.0 -9999.0 -9999.0 -9999.0 -9999.0 -9999.0 -9999.0 -9999.0 -9999.0 -9999.0 -9999.0 -9999.0 -9999.0 -9999.0 -9999.0 -9999.0 -9999.0 -9999.0 -9999.0 -9999.0 -9999.0 -9999.0 -9999.0 -9999.0 -9999.0 -9999.0 -9999.0 -9999.0 -9999.0 -9999.0 -9999.0 -9999.0 -9999.0 -9999.0 -9999.0 -9999.0 -9999.0 -9999.0 -9999.0 -9999.0 -9999.0 -9999.0 -9999.0 -9999.0 -9999.0 -9999.0 -9999.0 -9999.0 -9999.0 -9999.0 -9999.0 -9999.0 -9999.0 -9999.0 -9999.0 -9999.0 -9999.0 -9999.0 -9999.0 -9999.0 -9999.0 -9999.0 -9999.0 -9999.0 -9999.0 -9999.0 -9999.0 -9999.0 -9999.0
-9999.0 -9999.0 -9999.0 -9999.0 -9999.0 -9999.0 -9999.0 -9999.0 -9999.0 -9999.0 -9999.0 -9999.0 -9999.0 -9999.0 -9999.0 -9999.0 -9999.0 -9999.0 -9999.0 -9999.0 -9999.0 -9999.0 -9999.0 -9999.0 -9999.0 -9999.0 -9999.0 -9999.0 -9999.0 -9999.0 -9999.0 -9999.0 -9999.0 -9999.0 -9999.0 -9999.0 -9999.0 -9999.0 -9999.0 -9999.0 -9999.0 -9999.0 -9999.0 -9999.0 -9999.0 -9999.0 -9999.0 -9999.0 -9999.0 -9999.0 -9999.0 -9999.0 -9999.0 -9999.0 -9999.0 -9999.0 -9999.0 -9999.0 -9999.0 -9999.0 -9999.0 -9999.0 -9999.0 -9999.0 -9999.0 -9999.0 -9999.0 -9999.0 -9999.0 -9999.0 -9999.0 -9999.0 -9999.0 -9999.0 -9999.0 -9999.0 -9999.0 -9999.0 -9999.0 -9999.0 -9999.0 -9999.0 -9999.0 -9999.0 -9999.0 -9999.0 -9999.0 -9999.0 -9999.0 -9999.0 -9999.0 -9999.0 -9999.0 -9999.0 -9999.0 -9999.0 -9999.0 -9999.0 -9999.0 -9999.0 -9999.0 -9999.0 -9999.0 -9999.0