inst/processing_geotop_simulation/geotop_simulation/out/maps3D/PwL0007N0291.asc
ncols         104
nrows         10
xllcorner     -2.000000
yllcorner     0.000000
cellsize      1.000000
NODATA_value  -9999.0
-9999.0 -9999.0 -9999.0 -9999.0 -9999.0 -9999.0 -9999.0 -9999.0 -9999.0 -9999.0 -9999.0 -9999.0 -9999.0 -9999.0 -9999.0 -9999.0 -9999.0 -9999.0 -9999.0 -9999.0 -9999.0 -9999.0 -9999.0 -9999.0 -9999.0 -9999.0 -9999.0 -9999.0 -9999.0 -9999.0 -9999.0 -9999.0 -9999.0 -9999.0 -9999.0 -9999.0 -9999.0 -9999.0 -9999.0 -9999.0 -9999.0 -9999.0 -9999.0 -9999.0 -9999.0 -9999.0 -9999.0 -9999.0 -9999.0 -9999.0 -9999.0 -9999.0 -9999.0 -9999.0 -9999.0 -9999.0 -9999.0 -9999.0 -9999.0 -9999.0 -9999.0 -9999.0 -9999.0 -9999.0 -9999.0 -9999.0 -9999.0 -9999.0 -9999.0 -9999.0 -9999.0 -9999.0 -9999.0 -9999.0 -9999.0 -9999.0 -9999.0 -9999.0 -9999.0 -9999.0 -9999.0 -9999.0 -9999.0 -9999.0 -9999.0 -9999.0 -9999.0 -9999.0 -9999.0 -9999.0 -9999.0 -9999.0 -9999.0 -9999.0 -9999.0 -9999.0 -9999.0 -9999.0 -9999.0 -9999.0 -9999.0 -9999.0 -9999.0 -9999.0
-9999.0 -9999.0 -9999.0 -9999.0 -9999.0 -9999.0 -9999.0 -9999.0 -9999.0 -9999.0 -9999.0 -9999.0 -9999.0 -9999.0 -9999.0 -9999.0 -9999.0 -9999.0 -9999.0 -9999.0 -9999.0 -9999.0 -9999.0 -9999.0 -9999.0 -9999.0 -9999.0 -9999.0 -9999.0 -9999.0 -9999.0 -9999.0 -9999.0 -9999.0 -9999.0 -9999.0 -9999.0 -9999.0 -9999.0 -9999.0 -9999.0 -9999.0 -9999.0 -9999.0 -9999.0 -9999.0 -9999.0 -9999.0 -9999.0 -9999.0 -9999.0 -9999.0 -9999.0 -9999.0 -9999.0 -9999.0 -9999.0 -9999.0 -9999.0 -9999.0 -9999.0 -9999.0 -9999.0 -9999.0 -9999.0 -9999.0 -9999.0 -9999.0 -9999.0 -9999.0 -9999.0 -9999.0 -9999.0 -9999.0 -9999.0 -9999.0 -9999.0 -9999.0 -9999.0 -9999.0 -9999.0 -9999.0 -9999.0 -9999.0 -9999.0 -9999.0 -9999.0 -9999.0 -9999.0 -9999.0 -9999.0 -9999.0 -9999.0 -9999.0 -9999.0 -9999.0 -9999.0 -9999.0 -9999.0 -9999.0 -9999.0 -9999.0 -9999.0 -9999.0
-9999.0 -9999.0 325.529826 228.768131 130.732559 32.229970 -66.453528 -165.211135 -263.988718 -362.744660 -461.434299 -559.960370 -658.115072 -755.845686 -853.520332 -951.114039 -1048.521587 -1145.074255 -1239.515407 -1331.232388 -1418.117623 -1496.896538 -1564.498783 -1619.432825 -1662.034618 -1693.878421 -1717.027363 -1733.503962 -1745.037935 -1753.002145 -1758.438697 -1762.114624 -1764.581106 -1766.226378 -1767.319707 -1768.047608 -1768.548050 -1768.971108 -1769.702691 -1772.139705 -1778.885897 -1765.149445 -1180.719531 -1225.935778 -1203.369482 -1188.860928 -1182.121980 -1181.154983 -1181.053843 -1181.064000 -1181.090139 -1181.118219 -1181.145196 -1181.170174 -1181.193342 -1181.220171 -1181.303062 -1181.868762 -1185.405302 -1193.342855 -1204.102009 -1144.737381 -1737.113030 -1772.387968 -1770.747686 -1769.789472 -1769.588612 -1769.554853 -1769.549983 -1769.549839 -1769.550391 -1769.550942 -1769.551386 -1769.551728 -1769.551992 -1769.552197 -1769.552361 -1769.552494 -1769.552607 -1769.552708 -1769.552808 -1769.552919 -1769.553059 -1769.553253 -1769.553538 -1769.553976 -1769.554663 -1769.555764 -1769.557558 -1769.560538 -1769.565606 -1769.574461 -1769.590403 -1769.619971 -1769.676370 -1769.786933 -1770.010725 -1770.484229 -1771.549755 -1774.150755 -1781.270135 -1804.433841 -9999.0 -9999.0
-9999.0 -9999.0 325.537534 228.769996 130.733054 32.230116 -66.453481 -165.211119 -263.988712 -362.744658 -461.434298 -559.960369 -658.115071 -755.845686 -853.520332 -951.114039 -1048.521587 -1145.074255 -1239.515407 -1331.232388 -1418.117623 -1496.896538 -1564.498783 -1619.432825 -1662.034618 -1693.878421 -1717.027363 -1733.503963 -1745.037935 -1753.002145 -1758.438697 -1762.114624 -1764.581106 -1766.226378 -1767.319707 -1768.047608 -1768.548050 -1768.971108 -1769.702691 -1772.139705 -1778.885897 -1765.149445 -1180.719531 -1225.935778 -1203.369482 -1188.860927 -1182.121980 -1181.154983 -1181.053843 -1181.064000 -1181.090139 -1181.118219 -1181.145196 -1181.170174 -1181.193342 -1181.220171 -1181.303062 -1181.868762 -1185.405302 -1193.342855 -1204.102009 -1144.737381 -1737.113030 -1772.387968 -1770.747686 -1769.789472 -1769.588612 -1769.554853 -1769.549983 -1769.549839 -1769.550391 -1769.550942 -1769.551386 -1769.551728 -1769.551992 -1769.552197 -1769.552361 -1769.552494 -1769.552607 -1769.552708 -1769.552808 -1769.552919 -1769.553059 -1769.553253 -1769.553538 -1769.553976 -1769.554663 -1769.555764 -1769.557558 -1769.560538 -1769.565606 -1769.574461 -1769.590403 -1769.619971 -1769.676370 -1769.786933 -1770.010725 -1770.484229 -1771.549755 -1774.150755 -1781.270135 -1804.433841 -9999.0 -9999.0
-9999.0 -9999.0 325.538993 228.770790 130.733369 32.230231 -66.453440 -165.211105 -263.988707 -362.744656 -461.434298 -559.960369 -658.115071 -755.845686 -853.520332 -951.114039 -1048.521587 -1145.074255 -1239.515407 -1331.232388 -1418.117623 -1496.896538 -1564.498783 -1619.432825 -1662.034618 -1693.878421 -1717.027363 -1733.503963 -1745.037935 -1753.002145 -1758.438697 -1762.114624 -1764.581106 -1766.226378 -1767.319707 -1768.047608 -1768.548050 -1768.971108 -1769.702691 -1772.139705 -1778.885897 -1765.149445 -1180.719531 -1225.935778 -1203.369482 -1188.860927 -1182.121980 -1181.154983 -1181.053843 -1181.064000 -1181.090139 -1181.118219 -1181.145196 -1181.170174 -1181.193342 -1181.220171 -1181.303062 -1181.868762 -1185.405302 -1193.342855 -1204.102009 -1144.737381 -1737.113030 -1772.387968 -1770.747686 -1769.789472 -1769.588612 -1769.554853 -1769.549983 -1769.549839 -1769.550391 -1769.550942 -1769.551386 -1769.551728 -1769.551992 -1769.552197 -1769.552361 -1769.552494 -1769.552607 -1769.552708 -1769.552808 -1769.552919 -1769.553059 -1769.553253 -1769.553538 -1769.553976 -1769.554663 -1769.555764 -1769.557558 -1769.560538 -1769.565606 -1769.574461 -1769.590403 -1769.619971 -1769.676370 -1769.786933 -1770.010725 -1770.484229 -1771.549755 -1774.150755 -1781.270135 -1804.433841 -9999.0 -9999.0
-9999.0 -9999.0 325.538993 228.770790 130.733369 32.230231 -66.453440 -165.211105 -263.988707 -362.744656 -461.434298 -559.960369 -658.115071 -755.845686 -853.520332 -951.114039 -1048.521587 -1145.074255 -1239.515407 -1331.232388 -1418.117623 -1496.896538 -1564.498783 -1619.432825 -1662.034618 -1693.878421 -1717.027363 -1733.503963 -1745.037935 -1753.002145 -1758.438697 -1762.114624 -1764.581106 -1766.226378 -1767.319707 -1768.047608 -1768.548050 -1768.971108 -1769.702691 -1772.139705 -1778.885897 -1765.149445 -1180.719531 -1225.935778 -1203.369482 -1188.860927 -1182.121980 -1181.154983 -1181.053843 -1181.064000 -1181.090139 -1181.118219 -1181.145196 -1181.170174 -1181.193342 -1181.220171 -1181.303062 -1181.868762 -1185.405302 -1193.342855 -1204.102009 -1144.737381 -1737.113030 -1772.387968 -1770.747686 -1769.789472 -1769.588612 -1769.554853 -1769.549983 -1769.549839 -1769.550391 -1769.550942 -1769.551386 -1769.551728 -1769.551992 -1769.552197 -1769.552361 -1769.552494 -1769.552607 -1769.552708 -1769.552808 -1769.552919 -1769.553059 -1769.553253 -1769.553538 -1769.553976 -1769.554663 -1769.555764 -1769.557558 -1769.560538 -1769.565606 -1769.574461 -1769.590403 -1769.619971 -1769.676370 -1769.786933 -1770.010725 -1770.484229 -1771.549755 -1774.150755 -1781.270135 -1804.433841 -9999.0 -9999.0
-9999.0 -9999.0 325.537534 228.769996 130.733054 32.230116 -66.453481 -165.211119 -263.988712 -362.744658 -461.434298 -559.960369 -658.115071 -755.845686 -853.520332 -951.114039 -1048.521587 -1145.074255 -1239.515407 -1331.232388 -1418.117623 -1496.896538 -1564.498783 -1619.432825 -1662.034618 -1693.878421 -1717.027363 -1733.503963 -1745.037935 -1753.002145 -1758.438697 -1762.114624 -1764.581106 -1766.226378 -1767.319707 -1768.047608 -1768.548050 -1768.971108 -1769.702691 -1772.139705 -1778.885897 -1765.149445 -1180.719531 -1225.935778 -1203.369482 -1188.860927 -1182.121980 -1181.154983 -1181.053843 -1181.064000 -1181.090139 -1181.118219 -1181.145196 -1181.170174 -1181.193342 -1181.220171 -1181.303062 -1181.868762 -1185.405302 -1193.342855 -1204.102009 -1144.737381 -1737.113030 -1772.387968 -1770.747686 -1769.789472 -1769.588612 -1769.554853 -1769.549983 -1769.549839 -1769.550391 -1769.550942 -1769.551386 -1769.551728 -1769.551992 -1769.552197 -1769.552361 -1769.552494 -1769.552607 -1769.552708 -1769.552808 -1769.552919 -1769.553059 -1769.553253 -1769.553538 -1769.553976 -1769.554663 -1769.555764 -1769.557558 -1769.560538 -1769.565606 -1769.574461 -1769.590403 -1769.619971 -1769.676370 -1769.786933 -1770.010725 -1770.484229 -1771.549755 -1774.150755 -1781.270135 -1804.433841 -9999.0 -9999.0
-9999.0 -9999.0 325.529826 228.768131 130.732559 32.229970 -66.453528 -165.211135 -263.988718 -362.744660 -461.434299 -559.960370 -658.115072 -755.845686 -853.520332 -951.114039 -1048.521587 -1145.074255 -1239.515407 -1331.232388 -1418.117623 -1496.896538 -1564.498783 -1619.432825 -1662.034618 -1693.878421 -1717.027363 -1733.503962 -1745.037935 -1753.002145 -1758.438697 -1762.114624 -1764.581106 -1766.226378 -1767.319707 -1768.047608 -1768.548050 -1768.971108 -1769.702691 -1772.139705 -1778.885897 -1765.149445 -1180.719531 -1225.935778 -1203.369482 -1188.860928 -1182.121980 -1181.154983 -1181.053843 -1181.064000 -1181.090139 -1181.118219 -1181.145196 -1181.170174 -1181.193342 -1181.220171 -1181.303062 -1181.868762 -1185.405302 -1193.342855 -1204.102009 -1144.737381 -1737.113030 -1772.387968 -1770.747686 -1769.789472 -1769.588612 -1769.554853 -1769.549983 -1769.549839 -1769.550391 -1769.550942 -1769.551386 -1769.551728 -1769.551992 -1769.552197 -1769.552361 -1769.552494 -1769.552607 -1769.552708 -1769.552808 -1769.552919 -1769.553059 -1769.553253 -1769.553538 -1769.553976 -1769.554663 -1769.555764 -1769.557558 -1769.560538 -1769.565606 -1769.574461 -1769.590403 -1769.619971 -1769.676370 -1769.786933 -1770.010725 -1770.484229 -1771.549755 -1774.150755 -1781.270135 -1804.433841 -9999.0 -9999.0
-9999.0 -9999.0 -9999.0 -9999.0 -9999.0 -9999.0 -9999.0 -9999.0 -9999.0 -9999.0 -9999.0 -9999.0 -9999.0 -9999.0 -9999.0 -9999.0 -9999.0 -9999.0 -9999.0 -9999.0 -9999.0 -9999.0 -9999.0 -9999.0 -9999.0 -9999.0 -9999.0 -9999.0 -9999.0 -9999.0 -9999.0 -9999.0 -9999.0 -9999.0 -9999.0 -9999.0 -9999.0 -9999.0 -9999.0 -9999.0 -9999.0 -9999.0 -9999.0 -9999.0 -9999.0 -9999.0 -9999.0 -9999.0 -9999.0 -9999.0 -9999.0 -9999.0 -9999.0 -9999.0 -9999.0 -9999.0 -9999.0 -9999.0 -9999.0 -9999.0 -9999.0 -9999.0 -9999.0 -9999.0 -9999.0 -9999.0 -9999.0 -9999.0 -9999.0 -9999.0 -9999.0 -9999.0 -9999.0 -9999.0 -9999.0 -9999.0 -9999.0 -9999.0 -9999.0 -9999.0 -9999.0 -9999.0 -9999.0 -9999.0 -9999.0 -9999.0 -9999.0 -9999.0 -9999.0 -9999.0 -9999.0 -9999.0 -9999.0 -9999.0 -9999.0 -9999.0 -9999.0 -9999.0 -9999.0 -9999.0 -9999.0 -9999.0 -9999.0 -9999.0
-9999.0 -9999.0 -9999.0 -9999.0 -9999.0 -9999.0 -9999.0 -9999.0 -9999.0 -9999.0 -9999.0 -9999.0 -9999.0 -9999.0 -9999.0 -9999.0 -9999.0 -9999.0 -9999.0 -9999.0 -9999.0 -9999.0 -9999.0 -9999.0 -9999.0 -9999.0 -9999.0 -9999.0 -9999.0 -9999.0 -9999.0 -9999.0 -9999.0 -9999.0 -9999.0 -9999.0 -9999.0 -9999.0 -9999.0 -9999.0 -9999.0 -9999.0 -9999.0 -9999.0 -9999.0 -9999.0 -9999.0 -9999.0 -9999.0 -9999.0 -9999.0 -9999.0 -9999.0 -9999.0 -9999.0 -9999.0 -9999.0 -9999.0 -9999.0 -9999.0 -9999.0 -9999.0 -9999.0 -9999.0 -9999.0 -9999.0 -9999.0 -9999.0 -9999.0 -9999.0 -9999.0 -9999.0 -9999.0 -9999.0 -9999.0 -9999.0 -9999.0 -9999.0 -9999.0 -9999.0 -9999.0 -9999.0 -9999.0 -9999.0 -9999.0 -9999.0 -9999.0 -9999.0 -9999.0 -9999.0 -9999.0 -9999.0 -9999.0 -9999.0 -9999.0 -9999.0 -9999.0 -9999.0 -9999.0 -9999.0 -9999.0 -9999.0 -9999.0 -9999.0