inst/processing_geotop_simulation/geotop_simulation/out/maps3D/PwL0014N0421.asc
ncols         104
nrows         10
xllcorner     -2.000000
yllcorner     0.000000
cellsize      1.000000
NODATA_value  -9999.0
-9999.0 -9999.0 -9999.0 -9999.0 -9999.0 -9999.0 -9999.0 -9999.0 -9999.0 -9999.0 -9999.0 -9999.0 -9999.0 -9999.0 -9999.0 -9999.0 -9999.0 -9999.0 -9999.0 -9999.0 -9999.0 -9999.0 -9999.0 -9999.0 -9999.0 -9999.0 -9999.0 -9999.0 -9999.0 -9999.0 -9999.0 -9999.0 -9999.0 -9999.0 -9999.0 -9999.0 -9999.0 -9999.0 -9999.0 -9999.0 -9999.0 -9999.0 -9999.0 -9999.0 -9999.0 -9999.0 -9999.0 -9999.0 -9999.0 -9999.0 -9999.0 -9999.0 -9999.0 -9999.0 -9999.0 -9999.0 -9999.0 -9999.0 -9999.0 -9999.0 -9999.0 -9999.0 -9999.0 -9999.0 -9999.0 -9999.0 -9999.0 -9999.0 -9999.0 -9999.0 -9999.0 -9999.0 -9999.0 -9999.0 -9999.0 -9999.0 -9999.0 -9999.0 -9999.0 -9999.0 -9999.0 -9999.0 -9999.0 -9999.0 -9999.0 -9999.0 -9999.0 -9999.0 -9999.0 -9999.0 -9999.0 -9999.0 -9999.0 -9999.0 -9999.0 -9999.0 -9999.0 -9999.0 -9999.0 -9999.0 -9999.0 -9999.0 -9999.0 -9999.0
-9999.0 -9999.0 -9999.0 -9999.0 -9999.0 -9999.0 -9999.0 -9999.0 -9999.0 -9999.0 -9999.0 -9999.0 -9999.0 -9999.0 -9999.0 -9999.0 -9999.0 -9999.0 -9999.0 -9999.0 -9999.0 -9999.0 -9999.0 -9999.0 -9999.0 -9999.0 -9999.0 -9999.0 -9999.0 -9999.0 -9999.0 -9999.0 -9999.0 -9999.0 -9999.0 -9999.0 -9999.0 -9999.0 -9999.0 -9999.0 -9999.0 -9999.0 -9999.0 -9999.0 -9999.0 -9999.0 -9999.0 -9999.0 -9999.0 -9999.0 -9999.0 -9999.0 -9999.0 -9999.0 -9999.0 -9999.0 -9999.0 -9999.0 -9999.0 -9999.0 -9999.0 -9999.0 -9999.0 -9999.0 -9999.0 -9999.0 -9999.0 -9999.0 -9999.0 -9999.0 -9999.0 -9999.0 -9999.0 -9999.0 -9999.0 -9999.0 -9999.0 -9999.0 -9999.0 -9999.0 -9999.0 -9999.0 -9999.0 -9999.0 -9999.0 -9999.0 -9999.0 -9999.0 -9999.0 -9999.0 -9999.0 -9999.0 -9999.0 -9999.0 -9999.0 -9999.0 -9999.0 -9999.0 -9999.0 -9999.0 -9999.0 -9999.0 -9999.0 -9999.0
-9999.0 -9999.0 670.935134 572.122292 473.050713 373.806120 274.481130 175.121918 75.751540 -23.616099 -122.973525 -222.317701 -321.637503 -420.911157 -520.101362 -619.154336 -717.975683 -816.883542 -915.654955 -1014.240606 -1112.550091 -1208.455305 -1301.043832 -1388.125082 -1467.362660 -1536.836566 -1595.463038 -1643.141187 -1680.627396 -1709.242726 -1730.549609 -1746.094554 -1757.251712 -1765.156665 -1770.701759 -1774.566547 -1777.272197 -1779.287848 -1781.308995 -1784.812420 -1791.058152 -1788.439943 -1711.929769 -3587.789303 -3279.342206 -3017.927227 -2901.864181 -2886.717658 -2885.178280 -2885.332827 -2885.727390 -2886.150623 -2886.557063 -2886.933276 -2887.281631 -2887.679834 -2888.890112 -2897.424708 -2956.506829 -3094.296455 -3169.712130 -1545.272198 -1747.876007 -1783.120247 -1784.198432 -1783.416381 -1783.163462 -1783.110164 -1783.100995 -1783.099937 -1783.100212 -1783.100632 -1783.101004 -1783.101310 -1783.101563 -1783.101777 -1783.101961 -1783.102126 -1783.102278 -1783.102425 -1783.102573 -1783.102734 -1783.102919 -1783.103149 -1783.103454 -1783.103879 -1783.104503 -1783.105456 -1783.106960 -1783.109416 -1783.113566 -1783.120823 -1783.133965 -1783.158580 -1783.206250 -1783.301979 -1783.502976 -1783.949642 -1785.013348 -1787.765364 -1795.649279 -1821.180969 -9999.0 -9999.0
-9999.0 -9999.0 670.939246 572.123620 473.051109 373.806243 274.481170 175.121932 75.751546 -23.616096 -122.973524 -222.317700 -321.637503 -420.911157 -520.101362 -619.154336 -717.975683 -816.883542 -915.654955 -1014.240607 -1112.550091 -1208.455305 -1301.043832 -1388.125082 -1467.362660 -1536.836566 -1595.463038 -1643.141187 -1680.627396 -1709.242726 -1730.549609 -1746.094554 -1757.251712 -1765.156665 -1770.701759 -1774.566547 -1777.272197 -1779.287848 -1781.308995 -1784.812420 -1791.058152 -1788.439943 -1711.929768 -3587.789301 -3279.342202 -3017.927220 -2901.864181 -2886.717658 -2885.178280 -2885.332827 -2885.727390 -2886.150623 -2886.557063 -2886.933276 -2887.281631 -2887.679834 -2888.890112 -2897.424708 -2956.506829 -3094.296455 -3169.712131 -1545.272198 -1747.876006 -1783.120247 -1784.198432 -1783.416381 -1783.163462 -1783.110164 -1783.100995 -1783.099937 -1783.100212 -1783.100632 -1783.101004 -1783.101310 -1783.101563 -1783.101777 -1783.101961 -1783.102126 -1783.102278 -1783.102424 -1783.102573 -1783.102734 -1783.102919 -1783.103149 -1783.103454 -1783.103879 -1783.104503 -1783.105456 -1783.106959 -1783.109416 -1783.113566 -1783.120823 -1783.133965 -1783.158580 -1783.206250 -1783.301978 -1783.502976 -1783.949642 -1785.013348 -1787.765364 -1795.649279 -1821.180969 -9999.0 -9999.0
-9999.0 -9999.0 670.940479 572.124265 473.051373 373.806342 274.481206 175.121945 75.751550 -23.616095 -122.973524 -222.317700 -321.637503 -420.911157 -520.101362 -619.154336 -717.975683 -816.883542 -915.654956 -1014.240607 -1112.550092 -1208.455305 -1301.043832 -1388.125082 -1467.362660 -1536.836566 -1595.463038 -1643.141187 -1680.627396 -1709.242726 -1730.549609 -1746.094554 -1757.251712 -1765.156665 -1770.701759 -1774.566547 -1777.272197 -1779.287848 -1781.308995 -1784.812420 -1791.058152 -1788.439943 -1711.929768 -3587.789301 -3279.342201 -3017.927217 -2901.864181 -2886.717658 -2885.178280 -2885.332827 -2885.727390 -2886.150623 -2886.557063 -2886.933276 -2887.281631 -2887.679834 -2888.890112 -2897.424708 -2956.506829 -3094.296455 -3169.712130 -1545.272198 -1747.876006 -1783.120247 -1784.198432 -1783.416381 -1783.163462 -1783.110164 -1783.100995 -1783.099937 -1783.100212 -1783.100632 -1783.101004 -1783.101310 -1783.101563 -1783.101777 -1783.101961 -1783.102126 -1783.102278 -1783.102424 -1783.102573 -1783.102734 -1783.102919 -1783.103149 -1783.103454 -1783.103879 -1783.104503 -1783.105455 -1783.106959 -1783.109416 -1783.113566 -1783.120823 -1783.133965 -1783.158580 -1783.206250 -1783.301978 -1783.502976 -1783.949642 -1785.013348 -1787.765364 -1795.649279 -1821.180969 -9999.0 -9999.0
-9999.0 -9999.0 670.940479 572.124265 473.051373 373.806342 274.481206 175.121945 75.751550 -23.616094 -122.973524 -222.317700 -321.637502 -420.911157 -520.101362 -619.154336 -717.975683 -816.883542 -915.654955 -1014.240607 -1112.550092 -1208.455305 -1301.043832 -1388.125082 -1467.362660 -1536.836566 -1595.463038 -1643.141187 -1680.627396 -1709.242726 -1730.549609 -1746.094554 -1757.251712 -1765.156665 -1770.701759 -1774.566547 -1777.272197 -1779.287848 -1781.308995 -1784.812420 -1791.058152 -1788.439943 -1711.929768 -3587.789300 -3279.342201 -3017.927217 -2901.864181 -2886.717658 -2885.178280 -2885.332827 -2885.727390 -2886.150623 -2886.557063 -2886.933276 -2887.281631 -2887.679834 -2888.890112 -2897.424708 -2956.506829 -3094.296455 -3169.712130 -1545.272198 -1747.876006 -1783.120247 -1784.198432 -1783.416381 -1783.163462 -1783.110164 -1783.100995 -1783.099937 -1783.100212 -1783.100632 -1783.101004 -1783.101310 -1783.101563 -1783.101777 -1783.101961 -1783.102126 -1783.102278 -1783.102424 -1783.102573 -1783.102734 -1783.102919 -1783.103149 -1783.103454 -1783.103879 -1783.104503 -1783.105455 -1783.106959 -1783.109416 -1783.113566 -1783.120823 -1783.133965 -1783.158580 -1783.206250 -1783.301978 -1783.502976 -1783.949642 -1785.013348 -1787.765364 -1795.649279 -1821.180969 -9999.0 -9999.0
-9999.0 -9999.0 670.939246 572.123620 473.051110 373.806243 274.481170 175.121932 75.751546 -23.616096 -122.973524 -222.317700 -321.637503 -420.911157 -520.101362 -619.154336 -717.975683 -816.883542 -915.654955 -1014.240607 -1112.550091 -1208.455305 -1301.043832 -1388.125082 -1467.362660 -1536.836566 -1595.463038 -1643.141187 -1680.627396 -1709.242726 -1730.549609 -1746.094554 -1757.251712 -1765.156665 -1770.701759 -1774.566547 -1777.272197 -1779.287848 -1781.308995 -1784.812420 -1791.058152 -1788.439943 -1711.929768 -3587.789301 -3279.342202 -3017.927220 -2901.864181 -2886.717658 -2885.178280 -2885.332827 -2885.727390 -2886.150623 -2886.557063 -2886.933276 -2887.281631 -2887.679834 -2888.890112 -2897.424708 -2956.506829 -3094.296455 -3169.712131 -1545.272198 -1747.876006 -1783.120247 -1784.198432 -1783.416381 -1783.163462 -1783.110164 -1783.100995 -1783.099937 -1783.100212 -1783.100632 -1783.101004 -1783.101310 -1783.101563 -1783.101777 -1783.101961 -1783.102126 -1783.102278 -1783.102424 -1783.102573 -1783.102734 -1783.102919 -1783.103149 -1783.103454 -1783.103879 -1783.104503 -1783.105456 -1783.106959 -1783.109416 -1783.113566 -1783.120823 -1783.133965 -1783.158580 -1783.206250 -1783.301978 -1783.502976 -1783.949642 -1785.013348 -1787.765364 -1795.649279 -1821.180969 -9999.0 -9999.0
-9999.0 -9999.0 670.935134 572.122292 473.050713 373.806120 274.481130 175.121918 75.751540 -23.616099 -122.973525 -222.317701 -321.637503 -420.911157 -520.101362 -619.154336 -717.975683 -816.883542 -915.654955 -1014.240606 -1112.550091 -1208.455305 -1301.043832 -1388.125082 -1467.362660 -1536.836566 -1595.463038 -1643.141187 -1680.627396 -1709.242726 -1730.549609 -1746.094554 -1757.251712 -1765.156665 -1770.701759 -1774.566547 -1777.272197 -1779.287848 -1781.308995 -1784.812420 -1791.058152 -1788.439943 -1711.929769 -3587.789303 -3279.342206 -3017.927227 -2901.864181 -2886.717658 -2885.178280 -2885.332827 -2885.727390 -2886.150623 -2886.557063 -2886.933276 -2887.281631 -2887.679834 -2888.890112 -2897.424708 -2956.506829 -3094.296455 -3169.712130 -1545.272198 -1747.876007 -1783.120247 -1784.198432 -1783.416381 -1783.163462 -1783.110164 -1783.100995 -1783.099937 -1783.100212 -1783.100632 -1783.101004 -1783.101310 -1783.101563 -1783.101777 -1783.101961 -1783.102126 -1783.102278 -1783.102425 -1783.102573 -1783.102734 -1783.102919 -1783.103149 -1783.103454 -1783.103879 -1783.104503 -1783.105456 -1783.106960 -1783.109416 -1783.113566 -1783.120823 -1783.133965 -1783.158580 -1783.206250 -1783.301979 -1783.502976 -1783.949642 -1785.013348 -1787.765364 -1795.649279 -1821.180969 -9999.0 -9999.0
-9999.0 -9999.0 -9999.0 -9999.0 -9999.0 -9999.0 -9999.0 -9999.0 -9999.0 -9999.0 -9999.0 -9999.0 -9999.0 -9999.0 -9999.0 -9999.0 -9999.0 -9999.0 -9999.0 -9999.0 -9999.0 -9999.0 -9999.0 -9999.0 -9999.0 -9999.0 -9999.0 -9999.0 -9999.0 -9999.0 -9999.0 -9999.0 -9999.0 -9999.0 -9999.0 -9999.0 -9999.0 -9999.0 -9999.0 -9999.0 -9999.0 -9999.0 -9999.0 -9999.0 -9999.0 -9999.0 -9999.0 -9999.0 -9999.0 -9999.0 -9999.0 -9999.0 -9999.0 -9999.0 -9999.0 -9999.0 -9999.0 -9999.0 -9999.0 -9999.0 -9999.0 -9999.0 -9999.0 -9999.0 -9999.0 -9999.0 -9999.0 -9999.0 -9999.0 -9999.0 -9999.0 -9999.0 -9999.0 -9999.0 -9999.0 -9999.0 -9999.0 -9999.0 -9999.0 -9999.0 -9999.0 -9999.0 -9999.0 -9999.0 -9999.0 -9999.0 -9999.0 -9999.0 -9999.0 -9999.0 -9999.0 -9999.0 -9999.0 -9999.0 -9999.0 -9999.0 -9999.0 -9999.0 -9999.0 -9999.0 -9999.0 -9999.0 -9999.0 -9999.0
-9999.0 -9999.0 -9999.0 -9999.0 -9999.0 -9999.0 -9999.0 -9999.0 -9999.0 -9999.0 -9999.0 -9999.0 -9999.0 -9999.0 -9999.0 -9999.0 -9999.0 -9999.0 -9999.0 -9999.0 -9999.0 -9999.0 -9999.0 -9999.0 -9999.0 -9999.0 -9999.0 -9999.0 -9999.0 -9999.0 -9999.0 -9999.0 -9999.0 -9999.0 -9999.0 -9999.0 -9999.0 -9999.0 -9999.0 -9999.0 -9999.0 -9999.0 -9999.0 -9999.0 -9999.0 -9999.0 -9999.0 -9999.0 -9999.0 -9999.0 -9999.0 -9999.0 -9999.0 -9999.0 -9999.0 -9999.0 -9999.0 -9999.0 -9999.0 -9999.0 -9999.0 -9999.0 -9999.0 -9999.0 -9999.0 -9999.0 -9999.0 -9999.0 -9999.0 -9999.0 -9999.0 -9999.0 -9999.0 -9999.0 -9999.0 -9999.0 -9999.0 -9999.0 -9999.0 -9999.0 -9999.0 -9999.0 -9999.0 -9999.0 -9999.0 -9999.0 -9999.0 -9999.0 -9999.0 -9999.0 -9999.0 -9999.0 -9999.0 -9999.0 -9999.0 -9999.0 -9999.0 -9999.0 -9999.0 -9999.0 -9999.0 -9999.0 -9999.0 -9999.0