inst/processing_geotop_simulation/geotop_simulation/out/maps3D/PwL0020N0285.asc
ncols         104
nrows         10
xllcorner     -2.000000
yllcorner     0.000000
cellsize      1.000000
NODATA_value  -9999.0
-9999.0 -9999.0 -9999.0 -9999.0 -9999.0 -9999.0 -9999.0 -9999.0 -9999.0 -9999.0 -9999.0 -9999.0 -9999.0 -9999.0 -9999.0 -9999.0 -9999.0 -9999.0 -9999.0 -9999.0 -9999.0 -9999.0 -9999.0 -9999.0 -9999.0 -9999.0 -9999.0 -9999.0 -9999.0 -9999.0 -9999.0 -9999.0 -9999.0 -9999.0 -9999.0 -9999.0 -9999.0 -9999.0 -9999.0 -9999.0 -9999.0 -9999.0 -9999.0 -9999.0 -9999.0 -9999.0 -9999.0 -9999.0 -9999.0 -9999.0 -9999.0 -9999.0 -9999.0 -9999.0 -9999.0 -9999.0 -9999.0 -9999.0 -9999.0 -9999.0 -9999.0 -9999.0 -9999.0 -9999.0 -9999.0 -9999.0 -9999.0 -9999.0 -9999.0 -9999.0 -9999.0 -9999.0 -9999.0 -9999.0 -9999.0 -9999.0 -9999.0 -9999.0 -9999.0 -9999.0 -9999.0 -9999.0 -9999.0 -9999.0 -9999.0 -9999.0 -9999.0 -9999.0 -9999.0 -9999.0 -9999.0 -9999.0 -9999.0 -9999.0 -9999.0 -9999.0 -9999.0 -9999.0 -9999.0 -9999.0 -9999.0 -9999.0 -9999.0 -9999.0
-9999.0 -9999.0 -9999.0 -9999.0 -9999.0 -9999.0 -9999.0 -9999.0 -9999.0 -9999.0 -9999.0 -9999.0 -9999.0 -9999.0 -9999.0 -9999.0 -9999.0 -9999.0 -9999.0 -9999.0 -9999.0 -9999.0 -9999.0 -9999.0 -9999.0 -9999.0 -9999.0 -9999.0 -9999.0 -9999.0 -9999.0 -9999.0 -9999.0 -9999.0 -9999.0 -9999.0 -9999.0 -9999.0 -9999.0 -9999.0 -9999.0 -9999.0 -9999.0 -9999.0 -9999.0 -9999.0 -9999.0 -9999.0 -9999.0 -9999.0 -9999.0 -9999.0 -9999.0 -9999.0 -9999.0 -9999.0 -9999.0 -9999.0 -9999.0 -9999.0 -9999.0 -9999.0 -9999.0 -9999.0 -9999.0 -9999.0 -9999.0 -9999.0 -9999.0 -9999.0 -9999.0 -9999.0 -9999.0 -9999.0 -9999.0 -9999.0 -9999.0 -9999.0 -9999.0 -9999.0 -9999.0 -9999.0 -9999.0 -9999.0 -9999.0 -9999.0 -9999.0 -9999.0 -9999.0 -9999.0 -9999.0 -9999.0 -9999.0 -9999.0 -9999.0 -9999.0 -9999.0 -9999.0 -9999.0 -9999.0 -9999.0 -9999.0 -9999.0 -9999.0
-9999.0 -9999.0 971.441016 873.230966 774.895540 676.340867 577.664214 478.932786 380.184149 281.438960 182.708788 84.000287 -14.679560 -113.324328 -211.925108 -310.443572 -408.802974 -506.858298 -604.358158 -700.889277 -797.756553 -893.931852 -989.161556 -1083.157853 -1165.205814 -1238.013191 -1300.096802 -1350.944084 -1391.023518 -1421.547656 -1444.121043 -1460.416140 -1471.955106 -1480.005374 -1485.559539 -1489.364474 -1491.978693 -1493.879817 -1495.791242 -1499.831928 -1513.081357 -1562.117229 -1805.398465 -3823.269679 -3985.007968 -3984.997900 -3980.964132 -3944.638228 -3825.889520 -3621.116239 -3378.733461 -3121.611597 -2952.737525 -2842.680116 -2741.340962 -2637.115314 -2527.232278 -2413.680869 -2300.265110 -2189.625604 -2064.117572 -1523.850305 -1519.915917 -1504.794506 -1499.201102 -1497.798653 -1497.525730 -1497.479656 -1497.472799 -1497.472335 -1497.472833 -1497.473382 -1497.473840 -1497.474205 -1497.474495 -1497.474732 -1497.474928 -1497.475096 -1497.475245 -1497.475384 -1497.475522 -1497.475673 -1497.475853 -1497.476085 -1497.476409 -1497.476881 -1497.477599 -1497.478723 -1497.480530 -1497.483508 -1497.488560 -1497.497394 -1497.513346 -1497.543089 -1497.600312 -1497.714179 -1497.950423 -1498.467926 -1499.676718 -1502.701535 -1510.925871 -1536.297517 -9999.0 -9999.0
-9999.0 -9999.0 971.443974 873.232110 774.895919 676.340991 577.664256 478.932800 380.184155 281.438962 182.708789 84.000287 -14.679560 -113.324328 -211.925108 -310.443572 -408.802974 -506.858298 -604.358158 -700.889277 -797.756553 -893.931852 -989.161556 -1083.157853 -1165.205815 -1238.013192 -1300.096802 -1350.944084 -1391.023518 -1421.547656 -1444.121043 -1460.416140 -1471.955106 -1480.005374 -1485.559539 -1489.364474 -1491.978693 -1493.879817 -1495.791242 -1499.831928 -1513.081357 -1562.117229 -1805.398465 -3823.269678 -3985.007968 -3984.997900 -3980.964131 -3944.638228 -3825.889520 -3621.116237 -3378.733457 -3121.611595 -2952.737525 -2842.680116 -2741.340962 -2637.115314 -2527.232277 -2413.680869 -2300.265109 -2189.625604 -2064.117572 -1523.850305 -1519.915917 -1504.794506 -1499.201102 -1497.798653 -1497.525730 -1497.479656 -1497.472799 -1497.472335 -1497.472833 -1497.473382 -1497.473840 -1497.474205 -1497.474495 -1497.474732 -1497.474928 -1497.475096 -1497.475245 -1497.475384 -1497.475522 -1497.475673 -1497.475853 -1497.476085 -1497.476409 -1497.476881 -1497.477599 -1497.478723 -1497.480530 -1497.483508 -1497.488560 -1497.497394 -1497.513346 -1497.543089 -1497.600312 -1497.714179 -1497.950423 -1498.467926 -1499.676718 -1502.701535 -1510.925871 -1536.297517 -9999.0 -9999.0
-9999.0 -9999.0 971.445127 873.232731 774.896182 676.341092 577.664293 478.932814 380.184160 281.438964 182.708790 84.000287 -14.679560 -113.324328 -211.925108 -310.443572 -408.802974 -506.858298 -604.358158 -700.889277 -797.756553 -893.931852 -989.161556 -1083.157853 -1165.205815 -1238.013192 -1300.096802 -1350.944084 -1391.023518 -1421.547656 -1444.121043 -1460.416141 -1471.955106 -1480.005374 -1485.559539 -1489.364474 -1491.978693 -1493.879817 -1495.791242 -1499.831928 -1513.081357 -1562.117229 -1805.398465 -3823.269678 -3985.007968 -3984.997900 -3980.964131 -3944.638227 -3825.889519 -3621.116235 -3378.733455 -3121.611594 -2952.737525 -2842.680115 -2741.340962 -2637.115314 -2527.232277 -2413.680868 -2300.265109 -2189.625603 -2064.117571 -1523.850305 -1519.915917 -1504.794506 -1499.201102 -1497.798653 -1497.525730 -1497.479656 -1497.472799 -1497.472335 -1497.472833 -1497.473382 -1497.473840 -1497.474205 -1497.474495 -1497.474732 -1497.474928 -1497.475096 -1497.475245 -1497.475384 -1497.475522 -1497.475673 -1497.475853 -1497.476085 -1497.476409 -1497.476881 -1497.477599 -1497.478723 -1497.480530 -1497.483508 -1497.488560 -1497.497394 -1497.513346 -1497.543089 -1497.600312 -1497.714179 -1497.950423 -1498.467926 -1499.676718 -1502.701535 -1510.925871 -1536.297517 -9999.0 -9999.0
-9999.0 -9999.0 971.445127 873.232731 774.896182 676.341092 577.664293 478.932814 380.184160 281.438964 182.708790 84.000287 -14.679560 -113.324328 -211.925108 -310.443572 -408.802974 -506.858298 -604.358158 -700.889277 -797.756553 -893.931852 -989.161556 -1083.157853 -1165.205815 -1238.013192 -1300.096802 -1350.944084 -1391.023518 -1421.547656 -1444.121043 -1460.416141 -1471.955106 -1480.005374 -1485.559539 -1489.364474 -1491.978693 -1493.879817 -1495.791242 -1499.831928 -1513.081357 -1562.117229 -1805.398465 -3823.269678 -3985.007968 -3984.997900 -3980.964131 -3944.638227 -3825.889519 -3621.116236 -3378.733455 -3121.611595 -2952.737525 -2842.680115 -2741.340962 -2637.115314 -2527.232277 -2413.680868 -2300.265109 -2189.625604 -2064.117571 -1523.850305 -1519.915917 -1504.794506 -1499.201102 -1497.798653 -1497.525730 -1497.479656 -1497.472799 -1497.472335 -1497.472833 -1497.473382 -1497.473840 -1497.474205 -1497.474495 -1497.474732 -1497.474928 -1497.475096 -1497.475245 -1497.475384 -1497.475522 -1497.475673 -1497.475853 -1497.476085 -1497.476409 -1497.476881 -1497.477599 -1497.478723 -1497.480530 -1497.483508 -1497.488560 -1497.497394 -1497.513346 -1497.543089 -1497.600312 -1497.714179 -1497.950423 -1498.467926 -1499.676718 -1502.701535 -1510.925871 -1536.297517 -9999.0 -9999.0
-9999.0 -9999.0 971.443974 873.232110 774.895919 676.340991 577.664256 478.932800 380.184155 281.438962 182.708789 84.000287 -14.679560 -113.324328 -211.925108 -310.443572 -408.802974 -506.858298 -604.358158 -700.889277 -797.756553 -893.931852 -989.161556 -1083.157853 -1165.205815 -1238.013192 -1300.096802 -1350.944084 -1391.023518 -1421.547656 -1444.121043 -1460.416140 -1471.955106 -1480.005374 -1485.559539 -1489.364474 -1491.978693 -1493.879817 -1495.791242 -1499.831928 -1513.081357 -1562.117229 -1805.398465 -3823.269678 -3985.007968 -3984.997900 -3980.964131 -3944.638228 -3825.889520 -3621.116236 -3378.733457 -3121.611595 -2952.737525 -2842.680115 -2741.340962 -2637.115314 -2527.232277 -2413.680868 -2300.265109 -2189.625604 -2064.117572 -1523.850305 -1519.915917 -1504.794506 -1499.201102 -1497.798653 -1497.525730 -1497.479656 -1497.472799 -1497.472335 -1497.472833 -1497.473382 -1497.473840 -1497.474205 -1497.474495 -1497.474732 -1497.474928 -1497.475096 -1497.475245 -1497.475384 -1497.475522 -1497.475673 -1497.475853 -1497.476085 -1497.476409 -1497.476881 -1497.477599 -1497.478723 -1497.480530 -1497.483508 -1497.488560 -1497.497394 -1497.513346 -1497.543089 -1497.600312 -1497.714179 -1497.950423 -1498.467926 -1499.676718 -1502.701535 -1510.925871 -1536.297517 -9999.0 -9999.0
-9999.0 -9999.0 971.441016 873.230966 774.895541 676.340866 577.664214 478.932785 380.184150 281.438960 182.708788 84.000286 -14.679560 -113.324328 -211.925108 -310.443572 -408.802974 -506.858298 -604.358158 -700.889277 -797.756553 -893.931852 -989.161556 -1083.157853 -1165.205814 -1238.013191 -1300.096802 -1350.944084 -1391.023518 -1421.547656 -1444.121043 -1460.416140 -1471.955106 -1480.005374 -1485.559539 -1489.364474 -1491.978693 -1493.879817 -1495.791242 -1499.831928 -1513.081357 -1562.117229 -1805.398465 -3823.269679 -3985.007968 -3984.997900 -3980.964132 -3944.638228 -3825.889520 -3621.116239 -3378.733461 -3121.611597 -2952.737525 -2842.680116 -2741.340962 -2637.115315 -2527.232277 -2413.680869 -2300.265110 -2189.625604 -2064.117572 -1523.850305 -1519.915917 -1504.794506 -1499.201102 -1497.798653 -1497.525730 -1497.479656 -1497.472799 -1497.472335 -1497.472833 -1497.473382 -1497.473840 -1497.474205 -1497.474495 -1497.474732 -1497.474928 -1497.475096 -1497.475245 -1497.475384 -1497.475522 -1497.475673 -1497.475853 -1497.476085 -1497.476409 -1497.476881 -1497.477599 -1497.478723 -1497.480530 -1497.483508 -1497.488560 -1497.497394 -1497.513346 -1497.543089 -1497.600312 -1497.714179 -1497.950423 -1498.467926 -1499.676718 -1502.701535 -1510.925871 -1536.297517 -9999.0 -9999.0
-9999.0 -9999.0 -9999.0 -9999.0 -9999.0 -9999.0 -9999.0 -9999.0 -9999.0 -9999.0 -9999.0 -9999.0 -9999.0 -9999.0 -9999.0 -9999.0 -9999.0 -9999.0 -9999.0 -9999.0 -9999.0 -9999.0 -9999.0 -9999.0 -9999.0 -9999.0 -9999.0 -9999.0 -9999.0 -9999.0 -9999.0 -9999.0 -9999.0 -9999.0 -9999.0 -9999.0 -9999.0 -9999.0 -9999.0 -9999.0 -9999.0 -9999.0 -9999.0 -9999.0 -9999.0 -9999.0 -9999.0 -9999.0 -9999.0 -9999.0 -9999.0 -9999.0 -9999.0 -9999.0 -9999.0 -9999.0 -9999.0 -9999.0 -9999.0 -9999.0 -9999.0 -9999.0 -9999.0 -9999.0 -9999.0 -9999.0 -9999.0 -9999.0 -9999.0 -9999.0 -9999.0 -9999.0 -9999.0 -9999.0 -9999.0 -9999.0 -9999.0 -9999.0 -9999.0 -9999.0 -9999.0 -9999.0 -9999.0 -9999.0 -9999.0 -9999.0 -9999.0 -9999.0 -9999.0 -9999.0 -9999.0 -9999.0 -9999.0 -9999.0 -9999.0 -9999.0 -9999.0 -9999.0 -9999.0 -9999.0 -9999.0 -9999.0 -9999.0 -9999.0
-9999.0 -9999.0 -9999.0 -9999.0 -9999.0 -9999.0 -9999.0 -9999.0 -9999.0 -9999.0 -9999.0 -9999.0 -9999.0 -9999.0 -9999.0 -9999.0 -9999.0 -9999.0 -9999.0 -9999.0 -9999.0 -9999.0 -9999.0 -9999.0 -9999.0 -9999.0 -9999.0 -9999.0 -9999.0 -9999.0 -9999.0 -9999.0 -9999.0 -9999.0 -9999.0 -9999.0 -9999.0 -9999.0 -9999.0 -9999.0 -9999.0 -9999.0 -9999.0 -9999.0 -9999.0 -9999.0 -9999.0 -9999.0 -9999.0 -9999.0 -9999.0 -9999.0 -9999.0 -9999.0 -9999.0 -9999.0 -9999.0 -9999.0 -9999.0 -9999.0 -9999.0 -9999.0 -9999.0 -9999.0 -9999.0 -9999.0 -9999.0 -9999.0 -9999.0 -9999.0 -9999.0 -9999.0 -9999.0 -9999.0 -9999.0 -9999.0 -9999.0 -9999.0 -9999.0 -9999.0 -9999.0 -9999.0 -9999.0 -9999.0 -9999.0 -9999.0 -9999.0 -9999.0 -9999.0 -9999.0 -9999.0 -9999.0 -9999.0 -9999.0 -9999.0 -9999.0 -9999.0 -9999.0 -9999.0 -9999.0 -9999.0 -9999.0 -9999.0 -9999.0