inst/processing_geotop_simulation/geotop_simulation/out/maps3D/PwL0006N0061.asc
ncols         104
nrows         10
xllcorner     -2.000000
yllcorner     0.000000
cellsize      1.000000
NODATA_value  -9999.0
-9999.0 -9999.0 -9999.0 -9999.0 -9999.0 -9999.0 -9999.0 -9999.0 -9999.0 -9999.0 -9999.0 -9999.0 -9999.0 -9999.0 -9999.0 -9999.0 -9999.0 -9999.0 -9999.0 -9999.0 -9999.0 -9999.0 -9999.0 -9999.0 -9999.0 -9999.0 -9999.0 -9999.0 -9999.0 -9999.0 -9999.0 -9999.0 -9999.0 -9999.0 -9999.0 -9999.0 -9999.0 -9999.0 -9999.0 -9999.0 -9999.0 -9999.0 -9999.0 -9999.0 -9999.0 -9999.0 -9999.0 -9999.0 -9999.0 -9999.0 -9999.0 -9999.0 -9999.0 -9999.0 -9999.0 -9999.0 -9999.0 -9999.0 -9999.0 -9999.0 -9999.0 -9999.0 -9999.0 -9999.0 -9999.0 -9999.0 -9999.0 -9999.0 -9999.0 -9999.0 -9999.0 -9999.0 -9999.0 -9999.0 -9999.0 -9999.0 -9999.0 -9999.0 -9999.0 -9999.0 -9999.0 -9999.0 -9999.0 -9999.0 -9999.0 -9999.0 -9999.0 -9999.0 -9999.0 -9999.0 -9999.0 -9999.0 -9999.0 -9999.0 -9999.0 -9999.0 -9999.0 -9999.0 -9999.0 -9999.0 -9999.0 -9999.0 -9999.0 -9999.0
-9999.0 -9999.0 -9999.0 -9999.0 -9999.0 -9999.0 -9999.0 -9999.0 -9999.0 -9999.0 -9999.0 -9999.0 -9999.0 -9999.0 -9999.0 -9999.0 -9999.0 -9999.0 -9999.0 -9999.0 -9999.0 -9999.0 -9999.0 -9999.0 -9999.0 -9999.0 -9999.0 -9999.0 -9999.0 -9999.0 -9999.0 -9999.0 -9999.0 -9999.0 -9999.0 -9999.0 -9999.0 -9999.0 -9999.0 -9999.0 -9999.0 -9999.0 -9999.0 -9999.0 -9999.0 -9999.0 -9999.0 -9999.0 -9999.0 -9999.0 -9999.0 -9999.0 -9999.0 -9999.0 -9999.0 -9999.0 -9999.0 -9999.0 -9999.0 -9999.0 -9999.0 -9999.0 -9999.0 -9999.0 -9999.0 -9999.0 -9999.0 -9999.0 -9999.0 -9999.0 -9999.0 -9999.0 -9999.0 -9999.0 -9999.0 -9999.0 -9999.0 -9999.0 -9999.0 -9999.0 -9999.0 -9999.0 -9999.0 -9999.0 -9999.0 -9999.0 -9999.0 -9999.0 -9999.0 -9999.0 -9999.0 -9999.0 -9999.0 -9999.0 -9999.0 -9999.0 -9999.0 -9999.0 -9999.0 -9999.0 -9999.0 -9999.0 -9999.0 -9999.0
-9999.0 -9999.0 -425.975456 -563.008220 -720.811952 -875.175584 -982.074764 -1032.899498 -1051.148573 -1051.514322 -1012.257777 -962.366469 -922.519946 -941.014606 -969.834742 -1009.653041 -1052.975113 -1053.226311 -1040.737977 -1027.014771 -1017.343742 -1012.861309 -1012.979808 -1016.594762 -1022.520930 -1029.636670 -1036.941585 -1043.655242 -1049.310007 -1053.752547 -1057.054466 -1059.402298 -1061.013291 -1062.085713 -1062.778625 -1063.211146 -1063.482809 -1063.722253 -1064.009601 -1064.152861 -1067.351243 -1103.841730 -1006.406545 -1029.097008 -987.374004 -962.986447 -951.831215 -950.455658 -950.321116 -950.342372 -950.386738 -950.433868 -950.479063 -950.520857 -950.559295 -950.600824 -950.710804 -951.476843 -957.187562 -970.332631 -993.406948 -945.816247 -1088.101642 -1067.218061 -1064.686234 -1064.206697 -1064.099981 -1064.081541 -1064.082219 -1064.086168 -1064.089951 -1064.092954 -1064.095221 -1064.096923 -1064.098217 -1064.099217 -1064.100006 -1064.100639 -1064.101160 -1064.101612 -1064.102043 -1064.102508 -1064.103080 -1064.103862 -1064.105005 -1064.106751 -1064.109481 -1064.113816 -1064.120792 -1064.132171 -1064.151062 -1064.183130 -1064.239070 -1064.339669 -1064.526073 -1064.880171 -1065.564170 -1066.897874 -1069.523027 -1074.816359 -1086.043707 -1112.074564 -9999.0 -9999.0
-9999.0 -9999.0 -425.975455 -563.008215 -720.811942 -875.175574 -982.074759 -1032.899497 -1051.148574 -1051.514323 -1012.257777 -962.366469 -922.519946 -941.014606 -969.834742 -1009.653041 -1052.975113 -1053.226311 -1040.737977 -1027.014771 -1017.343742 -1012.861309 -1012.979808 -1016.594762 -1022.520930 -1029.636670 -1036.941585 -1043.655242 -1049.310007 -1053.752547 -1057.054466 -1059.402298 -1061.013291 -1062.085713 -1062.778625 -1063.211146 -1063.482809 -1063.722253 -1064.009601 -1064.152861 -1067.351243 -1103.841730 -1006.406545 -1029.097007 -987.374004 -962.986446 -951.831215 -950.455658 -950.321116 -950.342372 -950.386738 -950.433868 -950.479063 -950.520857 -950.559295 -950.600824 -950.710804 -951.476843 -957.187562 -970.332631 -993.406948 -945.816247 -1088.101642 -1067.218061 -1064.686234 -1064.206697 -1064.099981 -1064.081541 -1064.082219 -1064.086168 -1064.089951 -1064.092954 -1064.095221 -1064.096923 -1064.098217 -1064.099217 -1064.100006 -1064.100639 -1064.101160 -1064.101612 -1064.102043 -1064.102508 -1064.103080 -1064.103862 -1064.105005 -1064.106751 -1064.109481 -1064.113816 -1064.120792 -1064.132171 -1064.151062 -1064.183130 -1064.239070 -1064.339669 -1064.526073 -1064.880171 -1065.564170 -1066.897874 -1069.523027 -1074.816359 -1086.043707 -1112.074564 -9999.0 -9999.0
-9999.0 -9999.0 -425.975454 -563.008213 -720.811936 -875.175566 -982.074756 -1032.899497 -1051.148575 -1051.514323 -1012.257778 -962.366469 -922.519946 -941.014606 -969.834742 -1009.653041 -1052.975113 -1053.226311 -1040.737977 -1027.014771 -1017.343742 -1012.861309 -1012.979808 -1016.594762 -1022.520930 -1029.636670 -1036.941585 -1043.655242 -1049.310007 -1053.752547 -1057.054466 -1059.402298 -1061.013291 -1062.085713 -1062.778625 -1063.211146 -1063.482809 -1063.722253 -1064.009601 -1064.152861 -1067.351243 -1103.841730 -1006.406545 -1029.097007 -987.374004 -962.986446 -951.831215 -950.455658 -950.321116 -950.342372 -950.386738 -950.433868 -950.479063 -950.520857 -950.559295 -950.600824 -950.710804 -951.476843 -957.187562 -970.332631 -993.406948 -945.816247 -1088.101642 -1067.218061 -1064.686234 -1064.206697 -1064.099981 -1064.081541 -1064.082219 -1064.086168 -1064.089951 -1064.092954 -1064.095221 -1064.096923 -1064.098217 -1064.099217 -1064.100006 -1064.100639 -1064.101160 -1064.101612 -1064.102043 -1064.102508 -1064.103080 -1064.103862 -1064.105005 -1064.106751 -1064.109481 -1064.113816 -1064.120792 -1064.132171 -1064.151062 -1064.183130 -1064.239070 -1064.339669 -1064.526073 -1064.880171 -1065.564170 -1066.897874 -1069.523027 -1074.816359 -1086.043707 -1112.074564 -9999.0 -9999.0
-9999.0 -9999.0 -425.975455 -563.008213 -720.811936 -875.175566 -982.074756 -1032.899497 -1051.148575 -1051.514323 -1012.257778 -962.366469 -922.519946 -941.014606 -969.834742 -1009.653041 -1052.975113 -1053.226311 -1040.737977 -1027.014771 -1017.343742 -1012.861309 -1012.979808 -1016.594762 -1022.520930 -1029.636670 -1036.941585 -1043.655242 -1049.310007 -1053.752547 -1057.054466 -1059.402298 -1061.013291 -1062.085713 -1062.778625 -1063.211146 -1063.482809 -1063.722253 -1064.009601 -1064.152861 -1067.351243 -1103.841730 -1006.406545 -1029.097007 -987.374004 -962.986446 -951.831215 -950.455658 -950.321116 -950.342372 -950.386738 -950.433868 -950.479063 -950.520857 -950.559295 -950.600824 -950.710804 -951.476843 -957.187562 -970.332631 -993.406948 -945.816247 -1088.101642 -1067.218061 -1064.686234 -1064.206697 -1064.099981 -1064.081541 -1064.082219 -1064.086168 -1064.089951 -1064.092954 -1064.095221 -1064.096923 -1064.098217 -1064.099217 -1064.100006 -1064.100639 -1064.101160 -1064.101612 -1064.102043 -1064.102508 -1064.103080 -1064.103862 -1064.105005 -1064.106751 -1064.109481 -1064.113816 -1064.120792 -1064.132171 -1064.151062 -1064.183130 -1064.239070 -1064.339669 -1064.526073 -1064.880171 -1065.564170 -1066.897874 -1069.523027 -1074.816359 -1086.043707 -1112.074564 -9999.0 -9999.0
-9999.0 -9999.0 -425.975455 -563.008215 -720.811942 -875.175574 -982.074759 -1032.899497 -1051.148574 -1051.514323 -1012.257777 -962.366469 -922.519946 -941.014606 -969.834742 -1009.653041 -1052.975113 -1053.226311 -1040.737977 -1027.014771 -1017.343742 -1012.861309 -1012.979808 -1016.594762 -1022.520930 -1029.636670 -1036.941585 -1043.655242 -1049.310007 -1053.752547 -1057.054466 -1059.402298 -1061.013291 -1062.085713 -1062.778625 -1063.211146 -1063.482809 -1063.722253 -1064.009601 -1064.152861 -1067.351243 -1103.841730 -1006.406545 -1029.097007 -987.374004 -962.986446 -951.831215 -950.455658 -950.321116 -950.342372 -950.386738 -950.433868 -950.479063 -950.520857 -950.559295 -950.600824 -950.710804 -951.476843 -957.187562 -970.332631 -993.406948 -945.816247 -1088.101642 -1067.218061 -1064.686234 -1064.206697 -1064.099981 -1064.081541 -1064.082219 -1064.086168 -1064.089951 -1064.092954 -1064.095221 -1064.096923 -1064.098217 -1064.099217 -1064.100006 -1064.100639 -1064.101160 -1064.101612 -1064.102043 -1064.102508 -1064.103080 -1064.103862 -1064.105005 -1064.106751 -1064.109481 -1064.113816 -1064.120792 -1064.132171 -1064.151062 -1064.183130 -1064.239070 -1064.339669 -1064.526073 -1064.880171 -1065.564170 -1066.897874 -1069.523027 -1074.816359 -1086.043707 -1112.074564 -9999.0 -9999.0
-9999.0 -9999.0 -425.975456 -563.008220 -720.811952 -875.175584 -982.074764 -1032.899498 -1051.148573 -1051.514322 -1012.257777 -962.366469 -922.519946 -941.014606 -969.834742 -1009.653041 -1052.975113 -1053.226311 -1040.737977 -1027.014771 -1017.343742 -1012.861309 -1012.979808 -1016.594762 -1022.520930 -1029.636670 -1036.941585 -1043.655242 -1049.310007 -1053.752547 -1057.054466 -1059.402298 -1061.013291 -1062.085713 -1062.778625 -1063.211146 -1063.482809 -1063.722253 -1064.009601 -1064.152861 -1067.351243 -1103.841730 -1006.406545 -1029.097008 -987.374004 -962.986447 -951.831215 -950.455658 -950.321116 -950.342372 -950.386738 -950.433868 -950.479063 -950.520857 -950.559295 -950.600824 -950.710804 -951.476843 -957.187562 -970.332631 -993.406948 -945.816247 -1088.101642 -1067.218061 -1064.686234 -1064.206697 -1064.099981 -1064.081541 -1064.082219 -1064.086168 -1064.089951 -1064.092954 -1064.095221 -1064.096923 -1064.098217 -1064.099217 -1064.100006 -1064.100639 -1064.101160 -1064.101612 -1064.102043 -1064.102508 -1064.103080 -1064.103862 -1064.105005 -1064.106751 -1064.109481 -1064.113816 -1064.120792 -1064.132171 -1064.151062 -1064.183130 -1064.239070 -1064.339669 -1064.526073 -1064.880171 -1065.564170 -1066.897874 -1069.523027 -1074.816359 -1086.043707 -1112.074564 -9999.0 -9999.0
-9999.0 -9999.0 -9999.0 -9999.0 -9999.0 -9999.0 -9999.0 -9999.0 -9999.0 -9999.0 -9999.0 -9999.0 -9999.0 -9999.0 -9999.0 -9999.0 -9999.0 -9999.0 -9999.0 -9999.0 -9999.0 -9999.0 -9999.0 -9999.0 -9999.0 -9999.0 -9999.0 -9999.0 -9999.0 -9999.0 -9999.0 -9999.0 -9999.0 -9999.0 -9999.0 -9999.0 -9999.0 -9999.0 -9999.0 -9999.0 -9999.0 -9999.0 -9999.0 -9999.0 -9999.0 -9999.0 -9999.0 -9999.0 -9999.0 -9999.0 -9999.0 -9999.0 -9999.0 -9999.0 -9999.0 -9999.0 -9999.0 -9999.0 -9999.0 -9999.0 -9999.0 -9999.0 -9999.0 -9999.0 -9999.0 -9999.0 -9999.0 -9999.0 -9999.0 -9999.0 -9999.0 -9999.0 -9999.0 -9999.0 -9999.0 -9999.0 -9999.0 -9999.0 -9999.0 -9999.0 -9999.0 -9999.0 -9999.0 -9999.0 -9999.0 -9999.0 -9999.0 -9999.0 -9999.0 -9999.0 -9999.0 -9999.0 -9999.0 -9999.0 -9999.0 -9999.0 -9999.0 -9999.0 -9999.0 -9999.0 -9999.0 -9999.0 -9999.0 -9999.0
-9999.0 -9999.0 -9999.0 -9999.0 -9999.0 -9999.0 -9999.0 -9999.0 -9999.0 -9999.0 -9999.0 -9999.0 -9999.0 -9999.0 -9999.0 -9999.0 -9999.0 -9999.0 -9999.0 -9999.0 -9999.0 -9999.0 -9999.0 -9999.0 -9999.0 -9999.0 -9999.0 -9999.0 -9999.0 -9999.0 -9999.0 -9999.0 -9999.0 -9999.0 -9999.0 -9999.0 -9999.0 -9999.0 -9999.0 -9999.0 -9999.0 -9999.0 -9999.0 -9999.0 -9999.0 -9999.0 -9999.0 -9999.0 -9999.0 -9999.0 -9999.0 -9999.0 -9999.0 -9999.0 -9999.0 -9999.0 -9999.0 -9999.0 -9999.0 -9999.0 -9999.0 -9999.0 -9999.0 -9999.0 -9999.0 -9999.0 -9999.0 -9999.0 -9999.0 -9999.0 -9999.0 -9999.0 -9999.0 -9999.0 -9999.0 -9999.0 -9999.0 -9999.0 -9999.0 -9999.0 -9999.0 -9999.0 -9999.0 -9999.0 -9999.0 -9999.0 -9999.0 -9999.0 -9999.0 -9999.0 -9999.0 -9999.0 -9999.0 -9999.0 -9999.0 -9999.0 -9999.0 -9999.0 -9999.0 -9999.0 -9999.0 -9999.0 -9999.0 -9999.0