inst/processing_geotop_simulation/geotop_simulation/out/maps3D/PwL0016N0174.asc
ncols         104
nrows         10
xllcorner     -2.000000
yllcorner     0.000000
cellsize      1.000000
NODATA_value  -9999.0
-9999.0 -9999.0 -9999.0 -9999.0 -9999.0 -9999.0 -9999.0 -9999.0 -9999.0 -9999.0 -9999.0 -9999.0 -9999.0 -9999.0 -9999.0 -9999.0 -9999.0 -9999.0 -9999.0 -9999.0 -9999.0 -9999.0 -9999.0 -9999.0 -9999.0 -9999.0 -9999.0 -9999.0 -9999.0 -9999.0 -9999.0 -9999.0 -9999.0 -9999.0 -9999.0 -9999.0 -9999.0 -9999.0 -9999.0 -9999.0 -9999.0 -9999.0 -9999.0 -9999.0 -9999.0 -9999.0 -9999.0 -9999.0 -9999.0 -9999.0 -9999.0 -9999.0 -9999.0 -9999.0 -9999.0 -9999.0 -9999.0 -9999.0 -9999.0 -9999.0 -9999.0 -9999.0 -9999.0 -9999.0 -9999.0 -9999.0 -9999.0 -9999.0 -9999.0 -9999.0 -9999.0 -9999.0 -9999.0 -9999.0 -9999.0 -9999.0 -9999.0 -9999.0 -9999.0 -9999.0 -9999.0 -9999.0 -9999.0 -9999.0 -9999.0 -9999.0 -9999.0 -9999.0 -9999.0 -9999.0 -9999.0 -9999.0 -9999.0 -9999.0 -9999.0 -9999.0 -9999.0 -9999.0 -9999.0 -9999.0 -9999.0 -9999.0 -9999.0 -9999.0
-9999.0 -9999.0 -9999.0 -9999.0 -9999.0 -9999.0 -9999.0 -9999.0 -9999.0 -9999.0 -9999.0 -9999.0 -9999.0 -9999.0 -9999.0 -9999.0 -9999.0 -9999.0 -9999.0 -9999.0 -9999.0 -9999.0 -9999.0 -9999.0 -9999.0 -9999.0 -9999.0 -9999.0 -9999.0 -9999.0 -9999.0 -9999.0 -9999.0 -9999.0 -9999.0 -9999.0 -9999.0 -9999.0 -9999.0 -9999.0 -9999.0 -9999.0 -9999.0 -9999.0 -9999.0 -9999.0 -9999.0 -9999.0 -9999.0 -9999.0 -9999.0 -9999.0 -9999.0 -9999.0 -9999.0 -9999.0 -9999.0 -9999.0 -9999.0 -9999.0 -9999.0 -9999.0 -9999.0 -9999.0 -9999.0 -9999.0 -9999.0 -9999.0 -9999.0 -9999.0 -9999.0 -9999.0 -9999.0 -9999.0 -9999.0 -9999.0 -9999.0 -9999.0 -9999.0 -9999.0 -9999.0 -9999.0 -9999.0 -9999.0 -9999.0 -9999.0 -9999.0 -9999.0 -9999.0 -9999.0 -9999.0 -9999.0 -9999.0 -9999.0 -9999.0 -9999.0 -9999.0 -9999.0 -9999.0 -9999.0 -9999.0 -9999.0 -9999.0 -9999.0
-9999.0 -9999.0 781.229426 686.622056 591.123717 494.871499 398.248325 301.462116 204.620128 107.779208 10.973491 -85.765453 -182.419692 -278.903807 -375.061553 -470.640455 -565.245797 -658.343377 -752.121377 -844.831397 -936.098925 -1025.796738 -1100.898586 -1164.225441 -1214.940912 -1253.690316 -1282.124420 -1302.300383 -1316.226014 -1325.620611 -1331.841739 -1335.901167 -1338.520731 -1340.198113 -1341.267450 -1341.950737 -1342.401720 -1342.761909 -1343.366953 -1345.882559 -1358.727698 -1432.259879 -2030.251307 -4158.994418 -4183.167046 -4183.168317 -4183.168317 -4183.168317 -4183.168316 -4183.168316 -4183.168316 -4183.168315 -4183.168313 -4183.168310 -4183.168305 -4183.168295 -4183.168271 -4183.168208 -4183.168030 -4183.164971 -4143.273306 -1905.463507 -1397.598546 -1352.317202 -1344.718528 -1343.507317 -1343.328948 -1343.302629 -1343.299301 -1343.299721 -1343.300642 -1343.301468 -1343.302117 -1343.302613 -1343.302994 -1343.303291 -1343.303527 -1343.303717 -1343.303877 -1343.304020 -1343.304159 -1343.304313 -1343.304506 -1343.304773 -1343.305167 -1343.305771 -1343.306720 -1343.308238 -1343.310705 -1343.314786 -1343.321687 -1343.333667 -1343.355086 -1343.394549 -1343.469333 -1343.614813 -1343.906176 -1344.514172 -1345.860150 -1349.058997 -1357.286354 -1381.462294 -9999.0 -9999.0
-9999.0 -9999.0 781.233787 686.623564 591.124185 494.871647 398.248374 301.462132 204.620134 107.779210 10.973492 -85.765453 -182.419692 -278.903807 -375.061554 -470.640455 -565.245797 -658.343377 -752.121377 -844.831398 -936.098925 -1025.796739 -1100.898587 -1164.225441 -1214.940912 -1253.690316 -1282.124420 -1302.300384 -1316.226014 -1325.620612 -1331.841739 -1335.901167 -1338.520731 -1340.198113 -1341.267450 -1341.950737 -1342.401720 -1342.761909 -1343.366953 -1345.882559 -1358.727698 -1432.259879 -2030.251307 -4158.994418 -4183.167046 -4183.168317 -4183.168317 -4183.168317 -4183.168316 -4183.168316 -4183.168316 -4183.168315 -4183.168313 -4183.168310 -4183.168305 -4183.168295 -4183.168271 -4183.168208 -4183.168030 -4183.164971 -4143.273306 -1905.463507 -1397.598546 -1352.317202 -1344.718528 -1343.507317 -1343.328948 -1343.302629 -1343.299301 -1343.299721 -1343.300642 -1343.301468 -1343.302117 -1343.302613 -1343.302994 -1343.303291 -1343.303527 -1343.303717 -1343.303877 -1343.304020 -1343.304159 -1343.304313 -1343.304506 -1343.304773 -1343.305167 -1343.305771 -1343.306720 -1343.308238 -1343.310705 -1343.314786 -1343.321687 -1343.333667 -1343.355086 -1343.394549 -1343.469333 -1343.614813 -1343.906176 -1344.514172 -1345.860150 -1349.058997 -1357.286354 -1381.462294 -9999.0 -9999.0
-9999.0 -9999.0 781.235227 686.624324 591.124499 494.871766 398.248417 301.462148 204.620139 107.779212 10.973493 -85.765453 -182.419691 -278.903807 -375.061554 -470.640456 -565.245797 -658.343377 -752.121377 -844.831398 -936.098925 -1025.796739 -1100.898587 -1164.225441 -1214.940912 -1253.690316 -1282.124420 -1302.300384 -1316.226014 -1325.620612 -1331.841739 -1335.901167 -1338.520731 -1340.198113 -1341.267450 -1341.950737 -1342.401720 -1342.761909 -1343.366953 -1345.882559 -1358.727698 -1432.259879 -2030.251307 -4158.994418 -4183.167046 -4183.168317 -4183.168317 -4183.168317 -4183.168316 -4183.168316 -4183.168316 -4183.168315 -4183.168313 -4183.168310 -4183.168305 -4183.168295 -4183.168271 -4183.168208 -4183.168030 -4183.164971 -4143.273306 -1905.463507 -1397.598546 -1352.317202 -1344.718528 -1343.507317 -1343.328948 -1343.302629 -1343.299301 -1343.299721 -1343.300642 -1343.301468 -1343.302117 -1343.302613 -1343.302994 -1343.303291 -1343.303527 -1343.303717 -1343.303877 -1343.304020 -1343.304159 -1343.304313 -1343.304506 -1343.304773 -1343.305167 -1343.305771 -1343.306720 -1343.308238 -1343.310705 -1343.314786 -1343.321687 -1343.333667 -1343.355086 -1343.394549 -1343.469333 -1343.614813 -1343.906176 -1344.514172 -1345.860150 -1349.058997 -1357.286354 -1381.462294 -9999.0 -9999.0
-9999.0 -9999.0 781.235227 686.624324 591.124499 494.871766 398.248417 301.462148 204.620139 107.779212 10.973493 -85.765453 -182.419691 -278.903807 -375.061554 -470.640455 -565.245797 -658.343377 -752.121377 -844.831398 -936.098925 -1025.796739 -1100.898587 -1164.225441 -1214.940912 -1253.690316 -1282.124420 -1302.300384 -1316.226014 -1325.620612 -1331.841739 -1335.901167 -1338.520731 -1340.198113 -1341.267450 -1341.950737 -1342.401720 -1342.761909 -1343.366953 -1345.882559 -1358.727698 -1432.259879 -2030.251307 -4158.994418 -4183.167046 -4183.168317 -4183.168317 -4183.168317 -4183.168316 -4183.168316 -4183.168316 -4183.168315 -4183.168313 -4183.168310 -4183.168305 -4183.168295 -4183.168271 -4183.168208 -4183.168030 -4183.164971 -4143.273306 -1905.463507 -1397.598546 -1352.317202 -1344.718528 -1343.507317 -1343.328948 -1343.302629 -1343.299301 -1343.299721 -1343.300642 -1343.301468 -1343.302117 -1343.302613 -1343.302994 -1343.303291 -1343.303527 -1343.303717 -1343.303877 -1343.304020 -1343.304159 -1343.304313 -1343.304506 -1343.304773 -1343.305167 -1343.305771 -1343.306720 -1343.308238 -1343.310705 -1343.314786 -1343.321687 -1343.333667 -1343.355086 -1343.394549 -1343.469333 -1343.614813 -1343.906176 -1344.514172 -1345.860150 -1349.058997 -1357.286354 -1381.462294 -9999.0 -9999.0
-9999.0 -9999.0 781.233787 686.623565 591.124184 494.871647 398.248374 301.462132 204.620134 107.779210 10.973492 -85.765453 -182.419691 -278.903807 -375.061553 -470.640456 -565.245797 -658.343377 -752.121377 -844.831398 -936.098925 -1025.796739 -1100.898587 -1164.225441 -1214.940912 -1253.690316 -1282.124420 -1302.300384 -1316.226014 -1325.620612 -1331.841739 -1335.901167 -1338.520731 -1340.198113 -1341.267450 -1341.950737 -1342.401720 -1342.761909 -1343.366953 -1345.882559 -1358.727698 -1432.259879 -2030.251307 -4158.994418 -4183.167046 -4183.168317 -4183.168317 -4183.168317 -4183.168316 -4183.168316 -4183.168316 -4183.168315 -4183.168313 -4183.168310 -4183.168305 -4183.168295 -4183.168271 -4183.168208 -4183.168030 -4183.164971 -4143.273306 -1905.463507 -1397.598546 -1352.317202 -1344.718528 -1343.507317 -1343.328948 -1343.302629 -1343.299301 -1343.299721 -1343.300642 -1343.301468 -1343.302117 -1343.302613 -1343.302994 -1343.303291 -1343.303527 -1343.303717 -1343.303877 -1343.304020 -1343.304159 -1343.304313 -1343.304506 -1343.304773 -1343.305167 -1343.305771 -1343.306720 -1343.308238 -1343.310705 -1343.314786 -1343.321687 -1343.333667 -1343.355086 -1343.394549 -1343.469333 -1343.614813 -1343.906176 -1344.514172 -1345.860150 -1349.058997 -1357.286354 -1381.462294 -9999.0 -9999.0
-9999.0 -9999.0 781.229426 686.622056 591.123717 494.871499 398.248325 301.462115 204.620128 107.779208 10.973491 -85.765453 -182.419692 -278.903807 -375.061554 -470.640455 -565.245797 -658.343377 -752.121377 -844.831397 -936.098925 -1025.796738 -1100.898586 -1164.225441 -1214.940912 -1253.690316 -1282.124420 -1302.300383 -1316.226014 -1325.620611 -1331.841739 -1335.901167 -1338.520731 -1340.198113 -1341.267450 -1341.950737 -1342.401720 -1342.761909 -1343.366953 -1345.882559 -1358.727698 -1432.259879 -2030.251307 -4158.994418 -4183.167046 -4183.168317 -4183.168317 -4183.168317 -4183.168316 -4183.168316 -4183.168316 -4183.168315 -4183.168313 -4183.168310 -4183.168305 -4183.168295 -4183.168271 -4183.168208 -4183.168030 -4183.164971 -4143.273306 -1905.463507 -1397.598546 -1352.317202 -1344.718528 -1343.507317 -1343.328948 -1343.302629 -1343.299301 -1343.299721 -1343.300642 -1343.301468 -1343.302117 -1343.302613 -1343.302994 -1343.303291 -1343.303527 -1343.303717 -1343.303877 -1343.304020 -1343.304159 -1343.304313 -1343.304506 -1343.304773 -1343.305167 -1343.305771 -1343.306720 -1343.308238 -1343.310705 -1343.314786 -1343.321687 -1343.333667 -1343.355086 -1343.394549 -1343.469333 -1343.614813 -1343.906176 -1344.514172 -1345.860150 -1349.058997 -1357.286354 -1381.462294 -9999.0 -9999.0
-9999.0 -9999.0 -9999.0 -9999.0 -9999.0 -9999.0 -9999.0 -9999.0 -9999.0 -9999.0 -9999.0 -9999.0 -9999.0 -9999.0 -9999.0 -9999.0 -9999.0 -9999.0 -9999.0 -9999.0 -9999.0 -9999.0 -9999.0 -9999.0 -9999.0 -9999.0 -9999.0 -9999.0 -9999.0 -9999.0 -9999.0 -9999.0 -9999.0 -9999.0 -9999.0 -9999.0 -9999.0 -9999.0 -9999.0 -9999.0 -9999.0 -9999.0 -9999.0 -9999.0 -9999.0 -9999.0 -9999.0 -9999.0 -9999.0 -9999.0 -9999.0 -9999.0 -9999.0 -9999.0 -9999.0 -9999.0 -9999.0 -9999.0 -9999.0 -9999.0 -9999.0 -9999.0 -9999.0 -9999.0 -9999.0 -9999.0 -9999.0 -9999.0 -9999.0 -9999.0 -9999.0 -9999.0 -9999.0 -9999.0 -9999.0 -9999.0 -9999.0 -9999.0 -9999.0 -9999.0 -9999.0 -9999.0 -9999.0 -9999.0 -9999.0 -9999.0 -9999.0 -9999.0 -9999.0 -9999.0 -9999.0 -9999.0 -9999.0 -9999.0 -9999.0 -9999.0 -9999.0 -9999.0 -9999.0 -9999.0 -9999.0 -9999.0 -9999.0 -9999.0
-9999.0 -9999.0 -9999.0 -9999.0 -9999.0 -9999.0 -9999.0 -9999.0 -9999.0 -9999.0 -9999.0 -9999.0 -9999.0 -9999.0 -9999.0 -9999.0 -9999.0 -9999.0 -9999.0 -9999.0 -9999.0 -9999.0 -9999.0 -9999.0 -9999.0 -9999.0 -9999.0 -9999.0 -9999.0 -9999.0 -9999.0 -9999.0 -9999.0 -9999.0 -9999.0 -9999.0 -9999.0 -9999.0 -9999.0 -9999.0 -9999.0 -9999.0 -9999.0 -9999.0 -9999.0 -9999.0 -9999.0 -9999.0 -9999.0 -9999.0 -9999.0 -9999.0 -9999.0 -9999.0 -9999.0 -9999.0 -9999.0 -9999.0 -9999.0 -9999.0 -9999.0 -9999.0 -9999.0 -9999.0 -9999.0 -9999.0 -9999.0 -9999.0 -9999.0 -9999.0 -9999.0 -9999.0 -9999.0 -9999.0 -9999.0 -9999.0 -9999.0 -9999.0 -9999.0 -9999.0 -9999.0 -9999.0 -9999.0 -9999.0 -9999.0 -9999.0 -9999.0 -9999.0 -9999.0 -9999.0 -9999.0 -9999.0 -9999.0 -9999.0 -9999.0 -9999.0 -9999.0 -9999.0 -9999.0 -9999.0 -9999.0 -9999.0 -9999.0 -9999.0