inst/processing_geotop_simulation/geotop_simulation/out/maps3D/PwL0016N0322.asc
ncols         104
nrows         10
xllcorner     -2.000000
yllcorner     0.000000
cellsize      1.000000
NODATA_value  -9999.0
-9999.0 -9999.0 -9999.0 -9999.0 -9999.0 -9999.0 -9999.0 -9999.0 -9999.0 -9999.0 -9999.0 -9999.0 -9999.0 -9999.0 -9999.0 -9999.0 -9999.0 -9999.0 -9999.0 -9999.0 -9999.0 -9999.0 -9999.0 -9999.0 -9999.0 -9999.0 -9999.0 -9999.0 -9999.0 -9999.0 -9999.0 -9999.0 -9999.0 -9999.0 -9999.0 -9999.0 -9999.0 -9999.0 -9999.0 -9999.0 -9999.0 -9999.0 -9999.0 -9999.0 -9999.0 -9999.0 -9999.0 -9999.0 -9999.0 -9999.0 -9999.0 -9999.0 -9999.0 -9999.0 -9999.0 -9999.0 -9999.0 -9999.0 -9999.0 -9999.0 -9999.0 -9999.0 -9999.0 -9999.0 -9999.0 -9999.0 -9999.0 -9999.0 -9999.0 -9999.0 -9999.0 -9999.0 -9999.0 -9999.0 -9999.0 -9999.0 -9999.0 -9999.0 -9999.0 -9999.0 -9999.0 -9999.0 -9999.0 -9999.0 -9999.0 -9999.0 -9999.0 -9999.0 -9999.0 -9999.0 -9999.0 -9999.0 -9999.0 -9999.0 -9999.0 -9999.0 -9999.0 -9999.0 -9999.0 -9999.0 -9999.0 -9999.0 -9999.0 -9999.0
-9999.0 -9999.0 -9999.0 -9999.0 -9999.0 -9999.0 -9999.0 -9999.0 -9999.0 -9999.0 -9999.0 -9999.0 -9999.0 -9999.0 -9999.0 -9999.0 -9999.0 -9999.0 -9999.0 -9999.0 -9999.0 -9999.0 -9999.0 -9999.0 -9999.0 -9999.0 -9999.0 -9999.0 -9999.0 -9999.0 -9999.0 -9999.0 -9999.0 -9999.0 -9999.0 -9999.0 -9999.0 -9999.0 -9999.0 -9999.0 -9999.0 -9999.0 -9999.0 -9999.0 -9999.0 -9999.0 -9999.0 -9999.0 -9999.0 -9999.0 -9999.0 -9999.0 -9999.0 -9999.0 -9999.0 -9999.0 -9999.0 -9999.0 -9999.0 -9999.0 -9999.0 -9999.0 -9999.0 -9999.0 -9999.0 -9999.0 -9999.0 -9999.0 -9999.0 -9999.0 -9999.0 -9999.0 -9999.0 -9999.0 -9999.0 -9999.0 -9999.0 -9999.0 -9999.0 -9999.0 -9999.0 -9999.0 -9999.0 -9999.0 -9999.0 -9999.0 -9999.0 -9999.0 -9999.0 -9999.0 -9999.0 -9999.0 -9999.0 -9999.0 -9999.0 -9999.0 -9999.0 -9999.0 -9999.0 -9999.0 -9999.0 -9999.0 -9999.0 -9999.0
-9999.0 -9999.0 771.740984 673.457777 574.886678 476.074716 377.144444 278.162854 179.164522 80.167769 -18.814683 -117.774833 -216.707654 -315.587236 -414.365138 -512.959739 -611.221643 -708.910379 -806.822596 -904.398543 -1001.493349 -1097.875830 -1187.916262 -1271.297941 -1345.710486 -1409.509536 -1462.052140 -1503.715845 -1535.653579 -1559.436102 -1576.725661 -1589.053928 -1597.711260 -1603.719236 -1607.851960 -1610.680352 -1612.629859 -1614.080809 -1615.667895 -1619.228222 -1629.809639 -1660.494384 -1988.806292 -4123.199139 -4183.156619 -4183.155846 -4183.148885 -4183.147724 -4183.147583 -4183.147526 -4183.147359 -4183.146812 -4183.145889 -4183.144685 -4183.142665 -4183.138725 -4183.130120 -4183.109855 -4183.059869 -4182.901503 -4076.929760 -1810.476848 -1620.325500 -1621.534195 -1618.206190 -1617.020454 -1616.761886 -1616.715900 -1616.708823 -1616.708254 -1616.708683 -1616.709179 -1616.709594 -1616.709923 -1616.710184 -1616.710396 -1616.710570 -1616.710719 -1616.710850 -1616.710973 -1616.711095 -1616.711228 -1616.711389 -1616.711600 -1616.711895 -1616.712329 -1616.712993 -1616.714036 -1616.715716 -1616.718494 -1616.723213 -1616.731478 -1616.746420 -1616.774300 -1616.827952 -1616.934636 -1617.155518 -1617.637688 -1618.761112 -1621.585725 -1629.413805 -1654.296448 -9999.0 -9999.0
-9999.0 -9999.0 771.744811 673.459097 574.887087 476.074845 377.144487 278.162869 179.164527 80.167771 -18.814682 -117.774832 -216.707654 -315.587236 -414.365138 -512.959740 -611.221643 -708.910379 -806.822596 -904.398544 -1001.493349 -1097.875830 -1187.916262 -1271.297941 -1345.710486 -1409.509536 -1462.052140 -1503.715845 -1535.653579 -1559.436102 -1576.725661 -1589.053928 -1597.711260 -1603.719236 -1607.851960 -1610.680352 -1612.629859 -1614.080809 -1615.667895 -1619.228222 -1629.809639 -1660.494384 -1988.806292 -4123.199139 -4183.156619 -4183.155846 -4183.148885 -4183.147724 -4183.147583 -4183.147526 -4183.147359 -4183.146812 -4183.145889 -4183.144685 -4183.142665 -4183.138725 -4183.130120 -4183.109855 -4183.059869 -4182.901503 -4076.929760 -1810.476848 -1620.325500 -1621.534195 -1618.206190 -1617.020454 -1616.761886 -1616.715900 -1616.708823 -1616.708254 -1616.708683 -1616.709179 -1616.709594 -1616.709923 -1616.710184 -1616.710396 -1616.710570 -1616.710719 -1616.710850 -1616.710973 -1616.711095 -1616.711228 -1616.711389 -1616.711600 -1616.711895 -1616.712329 -1616.712993 -1616.714036 -1616.715716 -1616.718494 -1616.723213 -1616.731478 -1616.746420 -1616.774300 -1616.827952 -1616.934636 -1617.155518 -1617.637688 -1618.761112 -1621.585725 -1629.413805 -1654.296448 -9999.0 -9999.0
-9999.0 -9999.0 771.746075 673.459763 574.887361 476.074949 377.144525 278.162882 179.164532 80.167773 -18.814681 -117.774832 -216.707654 -315.587236 -414.365138 -512.959740 -611.221643 -708.910379 -806.822596 -904.398544 -1001.493349 -1097.875830 -1187.916262 -1271.297941 -1345.710486 -1409.509536 -1462.052140 -1503.715845 -1535.653579 -1559.436102 -1576.725661 -1589.053928 -1597.711260 -1603.719236 -1607.851960 -1610.680352 -1612.629859 -1614.080809 -1615.667895 -1619.228222 -1629.809639 -1660.494384 -1988.806292 -4123.199139 -4183.156619 -4183.155846 -4183.148885 -4183.147724 -4183.147583 -4183.147526 -4183.147359 -4183.146812 -4183.145889 -4183.144685 -4183.142665 -4183.138725 -4183.130120 -4183.109855 -4183.059869 -4182.901503 -4076.929760 -1810.476848 -1620.325500 -1621.534195 -1618.206190 -1617.020454 -1616.761886 -1616.715900 -1616.708823 -1616.708254 -1616.708683 -1616.709179 -1616.709594 -1616.709923 -1616.710184 -1616.710396 -1616.710570 -1616.710719 -1616.710850 -1616.710973 -1616.711095 -1616.711228 -1616.711389 -1616.711600 -1616.711895 -1616.712329 -1616.712993 -1616.714036 -1616.715716 -1616.718494 -1616.723213 -1616.731478 -1616.746420 -1616.774300 -1616.827952 -1616.934636 -1617.155518 -1617.637688 -1618.761112 -1621.585725 -1629.413805 -1654.296448 -9999.0 -9999.0
-9999.0 -9999.0 771.746075 673.459763 574.887361 476.074949 377.144525 278.162882 179.164532 80.167773 -18.814681 -117.774832 -216.707654 -315.587236 -414.365138 -512.959740 -611.221643 -708.910379 -806.822596 -904.398544 -1001.493349 -1097.875830 -1187.916262 -1271.297941 -1345.710486 -1409.509536 -1462.052140 -1503.715845 -1535.653579 -1559.436102 -1576.725661 -1589.053928 -1597.711260 -1603.719236 -1607.851960 -1610.680352 -1612.629859 -1614.080809 -1615.667895 -1619.228222 -1629.809639 -1660.494384 -1988.806292 -4123.199139 -4183.156619 -4183.155846 -4183.148885 -4183.147724 -4183.147583 -4183.147526 -4183.147359 -4183.146812 -4183.145889 -4183.144685 -4183.142665 -4183.138725 -4183.130120 -4183.109855 -4183.059869 -4182.901503 -4076.929760 -1810.476848 -1620.325500 -1621.534195 -1618.206190 -1617.020454 -1616.761886 -1616.715900 -1616.708823 -1616.708254 -1616.708683 -1616.709179 -1616.709594 -1616.709923 -1616.710184 -1616.710396 -1616.710570 -1616.710719 -1616.710850 -1616.710973 -1616.711095 -1616.711228 -1616.711389 -1616.711600 -1616.711895 -1616.712329 -1616.712993 -1616.714036 -1616.715716 -1616.718494 -1616.723213 -1616.731478 -1616.746420 -1616.774300 -1616.827952 -1616.934636 -1617.155518 -1617.637688 -1618.761112 -1621.585725 -1629.413805 -1654.296448 -9999.0 -9999.0
-9999.0 -9999.0 771.744811 673.459097 574.887086 476.074845 377.144487 278.162869 179.164527 80.167771 -18.814682 -117.774832 -216.707654 -315.587236 -414.365138 -512.959740 -611.221643 -708.910379 -806.822596 -904.398544 -1001.493349 -1097.875830 -1187.916262 -1271.297941 -1345.710486 -1409.509536 -1462.052140 -1503.715845 -1535.653579 -1559.436102 -1576.725661 -1589.053928 -1597.711260 -1603.719236 -1607.851960 -1610.680352 -1612.629859 -1614.080809 -1615.667895 -1619.228222 -1629.809639 -1660.494384 -1988.806292 -4123.199139 -4183.156619 -4183.155846 -4183.148885 -4183.147724 -4183.147583 -4183.147526 -4183.147359 -4183.146812 -4183.145889 -4183.144685 -4183.142665 -4183.138725 -4183.130120 -4183.109855 -4183.059869 -4182.901503 -4076.929760 -1810.476848 -1620.325500 -1621.534195 -1618.206190 -1617.020454 -1616.761886 -1616.715900 -1616.708823 -1616.708254 -1616.708683 -1616.709179 -1616.709594 -1616.709923 -1616.710184 -1616.710396 -1616.710570 -1616.710719 -1616.710850 -1616.710973 -1616.711095 -1616.711228 -1616.711389 -1616.711600 -1616.711895 -1616.712329 -1616.712993 -1616.714036 -1616.715716 -1616.718494 -1616.723213 -1616.731478 -1616.746420 -1616.774300 -1616.827952 -1616.934636 -1617.155518 -1617.637688 -1618.761112 -1621.585725 -1629.413805 -1654.296448 -9999.0 -9999.0
-9999.0 -9999.0 771.740984 673.457777 574.886678 476.074716 377.144444 278.162854 179.164522 80.167769 -18.814683 -117.774833 -216.707654 -315.587236 -414.365138 -512.959739 -611.221643 -708.910379 -806.822596 -904.398543 -1001.493349 -1097.875830 -1187.916262 -1271.297941 -1345.710486 -1409.509536 -1462.052140 -1503.715845 -1535.653579 -1559.436102 -1576.725661 -1589.053928 -1597.711260 -1603.719236 -1607.851960 -1610.680352 -1612.629859 -1614.080809 -1615.667895 -1619.228222 -1629.809639 -1660.494384 -1988.806292 -4123.199139 -4183.156619 -4183.155846 -4183.148885 -4183.147724 -4183.147583 -4183.147526 -4183.147359 -4183.146812 -4183.145889 -4183.144685 -4183.142665 -4183.138725 -4183.130120 -4183.109855 -4183.059869 -4182.901503 -4076.929760 -1810.476848 -1620.325500 -1621.534195 -1618.206190 -1617.020454 -1616.761886 -1616.715900 -1616.708823 -1616.708254 -1616.708683 -1616.709179 -1616.709594 -1616.709923 -1616.710184 -1616.710396 -1616.710570 -1616.710719 -1616.710850 -1616.710973 -1616.711095 -1616.711228 -1616.711389 -1616.711600 -1616.711895 -1616.712329 -1616.712993 -1616.714036 -1616.715716 -1616.718494 -1616.723213 -1616.731478 -1616.746420 -1616.774300 -1616.827952 -1616.934636 -1617.155518 -1617.637688 -1618.761112 -1621.585725 -1629.413805 -1654.296448 -9999.0 -9999.0
-9999.0 -9999.0 -9999.0 -9999.0 -9999.0 -9999.0 -9999.0 -9999.0 -9999.0 -9999.0 -9999.0 -9999.0 -9999.0 -9999.0 -9999.0 -9999.0 -9999.0 -9999.0 -9999.0 -9999.0 -9999.0 -9999.0 -9999.0 -9999.0 -9999.0 -9999.0 -9999.0 -9999.0 -9999.0 -9999.0 -9999.0 -9999.0 -9999.0 -9999.0 -9999.0 -9999.0 -9999.0 -9999.0 -9999.0 -9999.0 -9999.0 -9999.0 -9999.0 -9999.0 -9999.0 -9999.0 -9999.0 -9999.0 -9999.0 -9999.0 -9999.0 -9999.0 -9999.0 -9999.0 -9999.0 -9999.0 -9999.0 -9999.0 -9999.0 -9999.0 -9999.0 -9999.0 -9999.0 -9999.0 -9999.0 -9999.0 -9999.0 -9999.0 -9999.0 -9999.0 -9999.0 -9999.0 -9999.0 -9999.0 -9999.0 -9999.0 -9999.0 -9999.0 -9999.0 -9999.0 -9999.0 -9999.0 -9999.0 -9999.0 -9999.0 -9999.0 -9999.0 -9999.0 -9999.0 -9999.0 -9999.0 -9999.0 -9999.0 -9999.0 -9999.0 -9999.0 -9999.0 -9999.0 -9999.0 -9999.0 -9999.0 -9999.0 -9999.0 -9999.0
-9999.0 -9999.0 -9999.0 -9999.0 -9999.0 -9999.0 -9999.0 -9999.0 -9999.0 -9999.0 -9999.0 -9999.0 -9999.0 -9999.0 -9999.0 -9999.0 -9999.0 -9999.0 -9999.0 -9999.0 -9999.0 -9999.0 -9999.0 -9999.0 -9999.0 -9999.0 -9999.0 -9999.0 -9999.0 -9999.0 -9999.0 -9999.0 -9999.0 -9999.0 -9999.0 -9999.0 -9999.0 -9999.0 -9999.0 -9999.0 -9999.0 -9999.0 -9999.0 -9999.0 -9999.0 -9999.0 -9999.0 -9999.0 -9999.0 -9999.0 -9999.0 -9999.0 -9999.0 -9999.0 -9999.0 -9999.0 -9999.0 -9999.0 -9999.0 -9999.0 -9999.0 -9999.0 -9999.0 -9999.0 -9999.0 -9999.0 -9999.0 -9999.0 -9999.0 -9999.0 -9999.0 -9999.0 -9999.0 -9999.0 -9999.0 -9999.0 -9999.0 -9999.0 -9999.0 -9999.0 -9999.0 -9999.0 -9999.0 -9999.0 -9999.0 -9999.0 -9999.0 -9999.0 -9999.0 -9999.0 -9999.0 -9999.0 -9999.0 -9999.0 -9999.0 -9999.0 -9999.0 -9999.0 -9999.0 -9999.0 -9999.0 -9999.0 -9999.0 -9999.0