inst/processing_geotop_simulation/geotop_simulation/out/maps3D/PwL0004N0301.asc
ncols         104
nrows         10
xllcorner     -2.000000
yllcorner     0.000000
cellsize      1.000000
NODATA_value  -9999.0
-9999.0 -9999.0 -9999.0 -9999.0 -9999.0 -9999.0 -9999.0 -9999.0 -9999.0 -9999.0 -9999.0 -9999.0 -9999.0 -9999.0 -9999.0 -9999.0 -9999.0 -9999.0 -9999.0 -9999.0 -9999.0 -9999.0 -9999.0 -9999.0 -9999.0 -9999.0 -9999.0 -9999.0 -9999.0 -9999.0 -9999.0 -9999.0 -9999.0 -9999.0 -9999.0 -9999.0 -9999.0 -9999.0 -9999.0 -9999.0 -9999.0 -9999.0 -9999.0 -9999.0 -9999.0 -9999.0 -9999.0 -9999.0 -9999.0 -9999.0 -9999.0 -9999.0 -9999.0 -9999.0 -9999.0 -9999.0 -9999.0 -9999.0 -9999.0 -9999.0 -9999.0 -9999.0 -9999.0 -9999.0 -9999.0 -9999.0 -9999.0 -9999.0 -9999.0 -9999.0 -9999.0 -9999.0 -9999.0 -9999.0 -9999.0 -9999.0 -9999.0 -9999.0 -9999.0 -9999.0 -9999.0 -9999.0 -9999.0 -9999.0 -9999.0 -9999.0 -9999.0 -9999.0 -9999.0 -9999.0 -9999.0 -9999.0 -9999.0 -9999.0 -9999.0 -9999.0 -9999.0 -9999.0 -9999.0 -9999.0 -9999.0 -9999.0 -9999.0 -9999.0
-9999.0 -9999.0 -9999.0 -9999.0 -9999.0 -9999.0 -9999.0 -9999.0 -9999.0 -9999.0 -9999.0 -9999.0 -9999.0 -9999.0 -9999.0 -9999.0 -9999.0 -9999.0 -9999.0 -9999.0 -9999.0 -9999.0 -9999.0 -9999.0 -9999.0 -9999.0 -9999.0 -9999.0 -9999.0 -9999.0 -9999.0 -9999.0 -9999.0 -9999.0 -9999.0 -9999.0 -9999.0 -9999.0 -9999.0 -9999.0 -9999.0 -9999.0 -9999.0 -9999.0 -9999.0 -9999.0 -9999.0 -9999.0 -9999.0 -9999.0 -9999.0 -9999.0 -9999.0 -9999.0 -9999.0 -9999.0 -9999.0 -9999.0 -9999.0 -9999.0 -9999.0 -9999.0 -9999.0 -9999.0 -9999.0 -9999.0 -9999.0 -9999.0 -9999.0 -9999.0 -9999.0 -9999.0 -9999.0 -9999.0 -9999.0 -9999.0 -9999.0 -9999.0 -9999.0 -9999.0 -9999.0 -9999.0 -9999.0 -9999.0 -9999.0 -9999.0 -9999.0 -9999.0 -9999.0 -9999.0 -9999.0 -9999.0 -9999.0 -9999.0 -9999.0 -9999.0 -9999.0 -9999.0 -9999.0 -9999.0 -9999.0 -9999.0 -9999.0 -9999.0
-9999.0 -9999.0 176.174978 79.750239 -18.349801 -116.926641 -215.685611 -314.511924 -413.343366 -512.136469 -610.818134 -709.201849 -807.387017 -905.228758 -1002.897796 -1100.686694 -1197.570089 -1293.185975 -1386.820407 -1477.317215 -1562.289621 -1638.166975 -1701.905387 -1752.447592 -1790.707133 -1818.697694 -1838.687879 -1852.718050 -1862.432817 -1869.083542 -1873.592126 -1876.622998 -1878.646503 -1879.990308 -1880.879802 -1881.470421 -1881.878246 -1882.236734 -1882.910242 -1885.191694 -1890.504375 -1858.156747 -1154.875146 -1161.630258 -1148.632880 -1140.185395 -1136.225467 -1135.629388 -1135.565911 -1135.572366 -1135.588972 -1135.606826 -1135.623985 -1135.639876 -1135.654631 -1135.671839 -1135.725335 -1136.082096 -1138.190946 -1142.884964 -1149.392985 -1133.361862 -1833.867058 -1884.468441 -1883.806549 -1882.920720 -1882.726288 -1882.693232 -1882.688446 -1882.688305 -1882.688850 -1882.689393 -1882.689830 -1882.690167 -1882.690426 -1882.690628 -1882.690788 -1882.690919 -1882.691028 -1882.691127 -1882.691224 -1882.691333 -1882.691470 -1882.691660 -1882.691941 -1882.692372 -1882.693050 -1882.694136 -1882.695907 -1882.698849 -1882.703854 -1882.712599 -1882.728340 -1882.757530 -1882.813186 -1882.922210 -1883.142593 -1883.607952 -1884.652988 -1887.202751 -1894.206423 -1917.182839 -9999.0 -9999.0
-9999.0 -9999.0 176.184621 79.752214 -18.349299 -116.926494 -215.685564 -314.511908 -413.343360 -512.136467 -610.818133 -709.201849 -807.387017 -905.228758 -1002.897796 -1100.686694 -1197.570089 -1293.185975 -1386.820407 -1477.317215 -1562.289622 -1638.166975 -1701.905387 -1752.447592 -1790.707133 -1818.697695 -1838.687879 -1852.718050 -1862.432817 -1869.083542 -1873.592126 -1876.622998 -1878.646503 -1879.990308 -1880.879802 -1881.470421 -1881.878246 -1882.236734 -1882.910242 -1885.191694 -1890.504375 -1858.156747 -1154.875146 -1161.630258 -1148.632880 -1140.185394 -1136.225467 -1135.629388 -1135.565911 -1135.572366 -1135.588972 -1135.606826 -1135.623985 -1135.639876 -1135.654631 -1135.671839 -1135.725335 -1136.082096 -1138.190946 -1142.884964 -1149.392985 -1133.361862 -1833.867058 -1884.468441 -1883.806549 -1882.920720 -1882.726288 -1882.693232 -1882.688446 -1882.688305 -1882.688850 -1882.689393 -1882.689830 -1882.690167 -1882.690426 -1882.690628 -1882.690788 -1882.690919 -1882.691028 -1882.691127 -1882.691224 -1882.691333 -1882.691470 -1882.691660 -1882.691941 -1882.692372 -1882.693050 -1882.694136 -1882.695907 -1882.698849 -1882.703854 -1882.712599 -1882.728340 -1882.757530 -1882.813186 -1882.922210 -1883.142593 -1883.607952 -1884.652988 -1887.202751 -1894.206423 -1917.182839 -9999.0 -9999.0
-9999.0 -9999.0 176.185980 79.753019 -18.348981 -116.926379 -215.685523 -314.511893 -413.343355 -512.136465 -610.818132 -709.201848 -807.387017 -905.228758 -1002.897796 -1100.686694 -1197.570089 -1293.185975 -1386.820407 -1477.317215 -1562.289622 -1638.166975 -1701.905387 -1752.447592 -1790.707133 -1818.697695 -1838.687880 -1852.718050 -1862.432817 -1869.083542 -1873.592126 -1876.622998 -1878.646503 -1879.990308 -1880.879802 -1881.470421 -1881.878246 -1882.236734 -1882.910242 -1885.191694 -1890.504375 -1858.156747 -1154.875146 -1161.630258 -1148.632880 -1140.185394 -1136.225467 -1135.629388 -1135.565911 -1135.572366 -1135.588972 -1135.606826 -1135.623985 -1135.639876 -1135.654631 -1135.671839 -1135.725335 -1136.082096 -1138.190946 -1142.884964 -1149.392985 -1133.361862 -1833.867058 -1884.468441 -1883.806549 -1882.920720 -1882.726288 -1882.693232 -1882.688446 -1882.688305 -1882.688850 -1882.689393 -1882.689830 -1882.690167 -1882.690426 -1882.690628 -1882.690788 -1882.690919 -1882.691028 -1882.691127 -1882.691224 -1882.691333 -1882.691470 -1882.691660 -1882.691941 -1882.692372 -1882.693050 -1882.694136 -1882.695907 -1882.698849 -1882.703854 -1882.712599 -1882.728340 -1882.757530 -1882.813186 -1882.922210 -1883.142593 -1883.607952 -1884.652988 -1887.202751 -1894.206423 -1917.182839 -9999.0 -9999.0
-9999.0 -9999.0 176.185980 79.753019 -18.348981 -116.926379 -215.685523 -314.511893 -413.343355 -512.136465 -610.818132 -709.201848 -807.387017 -905.228758 -1002.897796 -1100.686694 -1197.570089 -1293.185975 -1386.820407 -1477.317215 -1562.289622 -1638.166975 -1701.905387 -1752.447592 -1790.707133 -1818.697695 -1838.687880 -1852.718050 -1862.432817 -1869.083542 -1873.592126 -1876.622998 -1878.646503 -1879.990308 -1880.879802 -1881.470421 -1881.878246 -1882.236734 -1882.910242 -1885.191694 -1890.504375 -1858.156747 -1154.875146 -1161.630258 -1148.632880 -1140.185394 -1136.225467 -1135.629388 -1135.565911 -1135.572366 -1135.588972 -1135.606826 -1135.623985 -1135.639876 -1135.654631 -1135.671839 -1135.725335 -1136.082096 -1138.190946 -1142.884964 -1149.392985 -1133.361862 -1833.867058 -1884.468441 -1883.806549 -1882.920720 -1882.726288 -1882.693232 -1882.688446 -1882.688305 -1882.688850 -1882.689393 -1882.689830 -1882.690167 -1882.690426 -1882.690628 -1882.690788 -1882.690919 -1882.691028 -1882.691127 -1882.691224 -1882.691333 -1882.691470 -1882.691660 -1882.691941 -1882.692372 -1882.693050 -1882.694136 -1882.695907 -1882.698849 -1882.703854 -1882.712599 -1882.728340 -1882.757530 -1882.813186 -1882.922210 -1883.142593 -1883.607952 -1884.652988 -1887.202751 -1894.206423 -1917.182839 -9999.0 -9999.0
-9999.0 -9999.0 176.184621 79.752214 -18.349299 -116.926494 -215.685564 -314.511908 -413.343360 -512.136467 -610.818133 -709.201849 -807.387017 -905.228758 -1002.897796 -1100.686694 -1197.570089 -1293.185975 -1386.820407 -1477.317215 -1562.289622 -1638.166975 -1701.905387 -1752.447592 -1790.707133 -1818.697695 -1838.687879 -1852.718050 -1862.432817 -1869.083542 -1873.592126 -1876.622998 -1878.646503 -1879.990308 -1880.879802 -1881.470421 -1881.878246 -1882.236734 -1882.910242 -1885.191694 -1890.504375 -1858.156747 -1154.875146 -1161.630258 -1148.632880 -1140.185394 -1136.225467 -1135.629388 -1135.565911 -1135.572366 -1135.588972 -1135.606826 -1135.623985 -1135.639876 -1135.654631 -1135.671839 -1135.725335 -1136.082096 -1138.190946 -1142.884964 -1149.392985 -1133.361862 -1833.867058 -1884.468441 -1883.806549 -1882.920720 -1882.726288 -1882.693232 -1882.688446 -1882.688305 -1882.688850 -1882.689393 -1882.689830 -1882.690167 -1882.690426 -1882.690628 -1882.690788 -1882.690919 -1882.691028 -1882.691127 -1882.691224 -1882.691333 -1882.691470 -1882.691660 -1882.691941 -1882.692372 -1882.693050 -1882.694136 -1882.695907 -1882.698849 -1882.703854 -1882.712599 -1882.728340 -1882.757530 -1882.813186 -1882.922210 -1883.142593 -1883.607952 -1884.652988 -1887.202751 -1894.206423 -1917.182839 -9999.0 -9999.0
-9999.0 -9999.0 176.174978 79.750239 -18.349801 -116.926641 -215.685611 -314.511924 -413.343366 -512.136469 -610.818134 -709.201849 -807.387017 -905.228758 -1002.897796 -1100.686694 -1197.570089 -1293.185975 -1386.820407 -1477.317215 -1562.289621 -1638.166975 -1701.905387 -1752.447592 -1790.707133 -1818.697694 -1838.687879 -1852.718050 -1862.432817 -1869.083542 -1873.592126 -1876.622998 -1878.646503 -1879.990308 -1880.879802 -1881.470421 -1881.878246 -1882.236734 -1882.910242 -1885.191694 -1890.504375 -1858.156747 -1154.875146 -1161.630258 -1148.632880 -1140.185395 -1136.225467 -1135.629388 -1135.565911 -1135.572366 -1135.588972 -1135.606826 -1135.623985 -1135.639876 -1135.654631 -1135.671839 -1135.725335 -1136.082096 -1138.190946 -1142.884964 -1149.392985 -1133.361862 -1833.867058 -1884.468441 -1883.806549 -1882.920720 -1882.726288 -1882.693232 -1882.688446 -1882.688305 -1882.688850 -1882.689393 -1882.689830 -1882.690167 -1882.690426 -1882.690628 -1882.690788 -1882.690919 -1882.691028 -1882.691127 -1882.691224 -1882.691333 -1882.691470 -1882.691660 -1882.691941 -1882.692372 -1882.693050 -1882.694136 -1882.695907 -1882.698849 -1882.703854 -1882.712599 -1882.728340 -1882.757530 -1882.813186 -1882.922210 -1883.142593 -1883.607952 -1884.652988 -1887.202751 -1894.206423 -1917.182839 -9999.0 -9999.0
-9999.0 -9999.0 -9999.0 -9999.0 -9999.0 -9999.0 -9999.0 -9999.0 -9999.0 -9999.0 -9999.0 -9999.0 -9999.0 -9999.0 -9999.0 -9999.0 -9999.0 -9999.0 -9999.0 -9999.0 -9999.0 -9999.0 -9999.0 -9999.0 -9999.0 -9999.0 -9999.0 -9999.0 -9999.0 -9999.0 -9999.0 -9999.0 -9999.0 -9999.0 -9999.0 -9999.0 -9999.0 -9999.0 -9999.0 -9999.0 -9999.0 -9999.0 -9999.0 -9999.0 -9999.0 -9999.0 -9999.0 -9999.0 -9999.0 -9999.0 -9999.0 -9999.0 -9999.0 -9999.0 -9999.0 -9999.0 -9999.0 -9999.0 -9999.0 -9999.0 -9999.0 -9999.0 -9999.0 -9999.0 -9999.0 -9999.0 -9999.0 -9999.0 -9999.0 -9999.0 -9999.0 -9999.0 -9999.0 -9999.0 -9999.0 -9999.0 -9999.0 -9999.0 -9999.0 -9999.0 -9999.0 -9999.0 -9999.0 -9999.0 -9999.0 -9999.0 -9999.0 -9999.0 -9999.0 -9999.0 -9999.0 -9999.0 -9999.0 -9999.0 -9999.0 -9999.0 -9999.0 -9999.0 -9999.0 -9999.0 -9999.0 -9999.0 -9999.0 -9999.0
-9999.0 -9999.0 -9999.0 -9999.0 -9999.0 -9999.0 -9999.0 -9999.0 -9999.0 -9999.0 -9999.0 -9999.0 -9999.0 -9999.0 -9999.0 -9999.0 -9999.0 -9999.0 -9999.0 -9999.0 -9999.0 -9999.0 -9999.0 -9999.0 -9999.0 -9999.0 -9999.0 -9999.0 -9999.0 -9999.0 -9999.0 -9999.0 -9999.0 -9999.0 -9999.0 -9999.0 -9999.0 -9999.0 -9999.0 -9999.0 -9999.0 -9999.0 -9999.0 -9999.0 -9999.0 -9999.0 -9999.0 -9999.0 -9999.0 -9999.0 -9999.0 -9999.0 -9999.0 -9999.0 -9999.0 -9999.0 -9999.0 -9999.0 -9999.0 -9999.0 -9999.0 -9999.0 -9999.0 -9999.0 -9999.0 -9999.0 -9999.0 -9999.0 -9999.0 -9999.0 -9999.0 -9999.0 -9999.0 -9999.0 -9999.0 -9999.0 -9999.0 -9999.0 -9999.0 -9999.0 -9999.0 -9999.0 -9999.0 -9999.0 -9999.0 -9999.0 -9999.0 -9999.0 -9999.0 -9999.0 -9999.0 -9999.0 -9999.0 -9999.0 -9999.0 -9999.0 -9999.0 -9999.0 -9999.0 -9999.0 -9999.0 -9999.0 -9999.0 -9999.0