inst/processing_geotop_simulation/geotop_simulation/out/maps3D/PwL0020N0136.asc
ncols         104
nrows         10
xllcorner     -2.000000
yllcorner     0.000000
cellsize      1.000000
NODATA_value  -9999.0
-9999.0 -9999.0 -9999.0 -9999.0 -9999.0 -9999.0 -9999.0 -9999.0 -9999.0 -9999.0 -9999.0 -9999.0 -9999.0 -9999.0 -9999.0 -9999.0 -9999.0 -9999.0 -9999.0 -9999.0 -9999.0 -9999.0 -9999.0 -9999.0 -9999.0 -9999.0 -9999.0 -9999.0 -9999.0 -9999.0 -9999.0 -9999.0 -9999.0 -9999.0 -9999.0 -9999.0 -9999.0 -9999.0 -9999.0 -9999.0 -9999.0 -9999.0 -9999.0 -9999.0 -9999.0 -9999.0 -9999.0 -9999.0 -9999.0 -9999.0 -9999.0 -9999.0 -9999.0 -9999.0 -9999.0 -9999.0 -9999.0 -9999.0 -9999.0 -9999.0 -9999.0 -9999.0 -9999.0 -9999.0 -9999.0 -9999.0 -9999.0 -9999.0 -9999.0 -9999.0 -9999.0 -9999.0 -9999.0 -9999.0 -9999.0 -9999.0 -9999.0 -9999.0 -9999.0 -9999.0 -9999.0 -9999.0 -9999.0 -9999.0 -9999.0 -9999.0 -9999.0 -9999.0 -9999.0 -9999.0 -9999.0 -9999.0 -9999.0 -9999.0 -9999.0 -9999.0 -9999.0 -9999.0 -9999.0 -9999.0 -9999.0 -9999.0 -9999.0 -9999.0
-9999.0 -9999.0 -9999.0 -9999.0 -9999.0 -9999.0 -9999.0 -9999.0 -9999.0 -9999.0 -9999.0 -9999.0 -9999.0 -9999.0 -9999.0 -9999.0 -9999.0 -9999.0 -9999.0 -9999.0 -9999.0 -9999.0 -9999.0 -9999.0 -9999.0 -9999.0 -9999.0 -9999.0 -9999.0 -9999.0 -9999.0 -9999.0 -9999.0 -9999.0 -9999.0 -9999.0 -9999.0 -9999.0 -9999.0 -9999.0 -9999.0 -9999.0 -9999.0 -9999.0 -9999.0 -9999.0 -9999.0 -9999.0 -9999.0 -9999.0 -9999.0 -9999.0 -9999.0 -9999.0 -9999.0 -9999.0 -9999.0 -9999.0 -9999.0 -9999.0 -9999.0 -9999.0 -9999.0 -9999.0 -9999.0 -9999.0 -9999.0 -9999.0 -9999.0 -9999.0 -9999.0 -9999.0 -9999.0 -9999.0 -9999.0 -9999.0 -9999.0 -9999.0 -9999.0 -9999.0 -9999.0 -9999.0 -9999.0 -9999.0 -9999.0 -9999.0 -9999.0 -9999.0 -9999.0 -9999.0 -9999.0 -9999.0 -9999.0 -9999.0 -9999.0 -9999.0 -9999.0 -9999.0 -9999.0 -9999.0 -9999.0 -9999.0 -9999.0 -9999.0
-9999.0 -9999.0 987.577124 894.071250 800.141432 705.425562 610.267147 514.906603 419.478812 324.057811 228.684646 133.382206 38.163986 -56.943553 -151.934218 -246.758372 -341.330753 -435.515284 -528.911233 -620.668009 -711.747306 -801.257561 -888.777528 -973.812971 -1035.533579 -1083.408416 -1118.387291 -1142.639120 -1158.731764 -1169.032979 -1175.440833 -1179.339430 -1181.672829 -1183.054555 -1183.868796 -1184.352238 -1184.656147 -1184.907220 -1185.393266 -1187.725094 -1201.265034 -1290.713573 -1955.825898 -3969.450177 -3985.147515 -3985.148092 -3985.126174 -3984.825492 -3983.163770 -3977.172669 -3959.802382 -3911.242550 -3841.612341 -3767.249184 -3669.649089 -3533.421227 -3347.453337 -3115.658098 -2860.673675 -2610.853700 -2367.984158 -1551.869331 -1253.129457 -1195.384347 -1186.670924 -1185.478958 -1185.316524 -1185.292690 -1185.289849 -1185.290559 -1185.291714 -1185.292722 -1185.293510 -1185.294111 -1185.294573 -1185.294933 -1185.295218 -1185.295450 -1185.295643 -1185.295815 -1185.295983 -1185.296168 -1185.296399 -1185.296717 -1185.297186 -1185.297905 -1185.299035 -1185.300840 -1185.303769 -1185.308607 -1185.316769 -1185.330903 -1185.356104 -1185.402423 -1185.490016 -1185.660090 -1186.000119 -1186.709739 -1188.289659 -1192.084506 -1201.795352 -1228.581770 -9999.0 -9999.0
-9999.0 -9999.0 987.580486 894.072557 800.141866 705.425705 610.267195 514.906620 419.478818 324.057813 228.684646 133.382206 38.163986 -56.943553 -151.934218 -246.758372 -341.330754 -435.515284 -528.911233 -620.668009 -711.747306 -801.257562 -888.777528 -973.812972 -1035.533580 -1083.408416 -1118.387291 -1142.639120 -1158.731764 -1169.032979 -1175.440833 -1179.339430 -1181.672829 -1183.054555 -1183.868796 -1184.352238 -1184.656147 -1184.907220 -1185.393266 -1187.725094 -1201.265034 -1290.713573 -1955.825897 -3969.450177 -3985.147515 -3985.148092 -3985.126174 -3984.825492 -3983.163770 -3977.172669 -3959.802381 -3911.242550 -3841.612340 -3767.249184 -3669.649088 -3533.421227 -3347.453335 -3115.658098 -2860.673674 -2610.853700 -2367.984158 -1551.869332 -1253.129457 -1195.384347 -1186.670924 -1185.478958 -1185.316524 -1185.292690 -1185.289849 -1185.290559 -1185.291714 -1185.292722 -1185.293510 -1185.294111 -1185.294573 -1185.294933 -1185.295218 -1185.295450 -1185.295643 -1185.295815 -1185.295983 -1185.296168 -1185.296399 -1185.296717 -1185.297186 -1185.297905 -1185.299035 -1185.300840 -1185.303769 -1185.308607 -1185.316769 -1185.330903 -1185.356104 -1185.402423 -1185.490016 -1185.660090 -1186.000119 -1186.709739 -1188.289659 -1192.084506 -1201.795352 -1228.581770 -9999.0 -9999.0
-9999.0 -9999.0 987.581797 894.073266 800.142167 705.425821 610.267238 514.906636 419.478824 324.057815 228.684647 133.382207 38.163986 -56.943553 -151.934218 -246.758372 -341.330754 -435.515284 -528.911234 -620.668009 -711.747306 -801.257562 -888.777528 -973.812972 -1035.533580 -1083.408416 -1118.387291 -1142.639120 -1158.731765 -1169.032979 -1175.440833 -1179.339430 -1181.672829 -1183.054555 -1183.868796 -1184.352238 -1184.656147 -1184.907220 -1185.393266 -1187.725094 -1201.265034 -1290.713573 -1955.825897 -3969.450177 -3985.147515 -3985.148092 -3985.126174 -3984.825492 -3983.163770 -3977.172669 -3959.802381 -3911.242550 -3841.612340 -3767.249184 -3669.649089 -3533.421226 -3347.453335 -3115.658097 -2860.673674 -2610.853700 -2367.984157 -1551.869331 -1253.129457 -1195.384347 -1186.670924 -1185.478958 -1185.316524 -1185.292690 -1185.289849 -1185.290559 -1185.291714 -1185.292722 -1185.293510 -1185.294111 -1185.294573 -1185.294933 -1185.295218 -1185.295450 -1185.295643 -1185.295815 -1185.295983 -1185.296168 -1185.296399 -1185.296717 -1185.297186 -1185.297905 -1185.299035 -1185.300840 -1185.303769 -1185.308607 -1185.316769 -1185.330903 -1185.356104 -1185.402423 -1185.490016 -1185.660090 -1186.000119 -1186.709739 -1188.289659 -1192.084506 -1201.795352 -1228.581770 -9999.0 -9999.0
-9999.0 -9999.0 987.581797 894.073266 800.142167 705.425821 610.267238 514.906636 419.478824 324.057815 228.684647 133.382207 38.163986 -56.943553 -151.934218 -246.758372 -341.330754 -435.515284 -528.911234 -620.668009 -711.747306 -801.257562 -888.777528 -973.812972 -1035.533580 -1083.408416 -1118.387291 -1142.639120 -1158.731765 -1169.032979 -1175.440833 -1179.339430 -1181.672829 -1183.054555 -1183.868796 -1184.352238 -1184.656147 -1184.907220 -1185.393266 -1187.725094 -1201.265034 -1290.713573 -1955.825897 -3969.450177 -3985.147515 -3985.148092 -3985.126174 -3984.825492 -3983.163770 -3977.172669 -3959.802381 -3911.242550 -3841.612340 -3767.249184 -3669.649088 -3533.421226 -3347.453335 -3115.658097 -2860.673674 -2610.853700 -2367.984158 -1551.869331 -1253.129457 -1195.384347 -1186.670924 -1185.478958 -1185.316524 -1185.292690 -1185.289849 -1185.290559 -1185.291714 -1185.292722 -1185.293510 -1185.294111 -1185.294573 -1185.294933 -1185.295218 -1185.295450 -1185.295643 -1185.295815 -1185.295983 -1185.296168 -1185.296399 -1185.296717 -1185.297186 -1185.297905 -1185.299035 -1185.300840 -1185.303769 -1185.308607 -1185.316769 -1185.330903 -1185.356104 -1185.402423 -1185.490016 -1185.660090 -1186.000119 -1186.709739 -1188.289659 -1192.084506 -1201.795352 -1228.581770 -9999.0 -9999.0
-9999.0 -9999.0 987.580486 894.072557 800.141866 705.425705 610.267195 514.906620 419.478818 324.057813 228.684646 133.382206 38.163986 -56.943553 -151.934218 -246.758372 -341.330754 -435.515284 -528.911233 -620.668009 -711.747306 -801.257562 -888.777528 -973.812972 -1035.533579 -1083.408416 -1118.387291 -1142.639120 -1158.731764 -1169.032979 -1175.440833 -1179.339430 -1181.672829 -1183.054555 -1183.868796 -1184.352238 -1184.656147 -1184.907220 -1185.393266 -1187.725094 -1201.265034 -1290.713573 -1955.825897 -3969.450177 -3985.147515 -3985.148092 -3985.126174 -3984.825492 -3983.163770 -3977.172669 -3959.802381 -3911.242550 -3841.612340 -3767.249184 -3669.649089 -3533.421226 -3347.453336 -3115.658097 -2860.673675 -2610.853700 -2367.984158 -1551.869331 -1253.129457 -1195.384347 -1186.670924 -1185.478958 -1185.316524 -1185.292690 -1185.289849 -1185.290559 -1185.291714 -1185.292722 -1185.293510 -1185.294111 -1185.294573 -1185.294933 -1185.295218 -1185.295450 -1185.295643 -1185.295815 -1185.295983 -1185.296168 -1185.296399 -1185.296717 -1185.297186 -1185.297905 -1185.299035 -1185.300840 -1185.303769 -1185.308607 -1185.316769 -1185.330903 -1185.356104 -1185.402423 -1185.490016 -1185.660090 -1186.000119 -1186.709739 -1188.289659 -1192.084506 -1201.795352 -1228.581770 -9999.0 -9999.0
-9999.0 -9999.0 987.577124 894.071250 800.141432 705.425562 610.267147 514.906603 419.478812 324.057811 228.684646 133.382206 38.163986 -56.943553 -151.934218 -246.758372 -341.330753 -435.515284 -528.911233 -620.668009 -711.747306 -801.257561 -888.777528 -973.812971 -1035.533579 -1083.408416 -1118.387291 -1142.639120 -1158.731764 -1169.032979 -1175.440833 -1179.339430 -1181.672829 -1183.054555 -1183.868796 -1184.352238 -1184.656147 -1184.907220 -1185.393266 -1187.725094 -1201.265034 -1290.713573 -1955.825898 -3969.450177 -3985.147515 -3985.148092 -3985.126174 -3984.825492 -3983.163770 -3977.172669 -3959.802382 -3911.242550 -3841.612341 -3767.249184 -3669.649089 -3533.421228 -3347.453336 -3115.658099 -2860.673675 -2610.853701 -2367.984159 -1551.869331 -1253.129457 -1195.384347 -1186.670924 -1185.478958 -1185.316524 -1185.292690 -1185.289849 -1185.290559 -1185.291714 -1185.292722 -1185.293510 -1185.294111 -1185.294573 -1185.294933 -1185.295218 -1185.295450 -1185.295643 -1185.295815 -1185.295983 -1185.296168 -1185.296399 -1185.296717 -1185.297186 -1185.297905 -1185.299035 -1185.300840 -1185.303769 -1185.308607 -1185.316769 -1185.330903 -1185.356104 -1185.402423 -1185.490016 -1185.660090 -1186.000119 -1186.709739 -1188.289659 -1192.084506 -1201.795352 -1228.581770 -9999.0 -9999.0
-9999.0 -9999.0 -9999.0 -9999.0 -9999.0 -9999.0 -9999.0 -9999.0 -9999.0 -9999.0 -9999.0 -9999.0 -9999.0 -9999.0 -9999.0 -9999.0 -9999.0 -9999.0 -9999.0 -9999.0 -9999.0 -9999.0 -9999.0 -9999.0 -9999.0 -9999.0 -9999.0 -9999.0 -9999.0 -9999.0 -9999.0 -9999.0 -9999.0 -9999.0 -9999.0 -9999.0 -9999.0 -9999.0 -9999.0 -9999.0 -9999.0 -9999.0 -9999.0 -9999.0 -9999.0 -9999.0 -9999.0 -9999.0 -9999.0 -9999.0 -9999.0 -9999.0 -9999.0 -9999.0 -9999.0 -9999.0 -9999.0 -9999.0 -9999.0 -9999.0 -9999.0 -9999.0 -9999.0 -9999.0 -9999.0 -9999.0 -9999.0 -9999.0 -9999.0 -9999.0 -9999.0 -9999.0 -9999.0 -9999.0 -9999.0 -9999.0 -9999.0 -9999.0 -9999.0 -9999.0 -9999.0 -9999.0 -9999.0 -9999.0 -9999.0 -9999.0 -9999.0 -9999.0 -9999.0 -9999.0 -9999.0 -9999.0 -9999.0 -9999.0 -9999.0 -9999.0 -9999.0 -9999.0 -9999.0 -9999.0 -9999.0 -9999.0 -9999.0 -9999.0
-9999.0 -9999.0 -9999.0 -9999.0 -9999.0 -9999.0 -9999.0 -9999.0 -9999.0 -9999.0 -9999.0 -9999.0 -9999.0 -9999.0 -9999.0 -9999.0 -9999.0 -9999.0 -9999.0 -9999.0 -9999.0 -9999.0 -9999.0 -9999.0 -9999.0 -9999.0 -9999.0 -9999.0 -9999.0 -9999.0 -9999.0 -9999.0 -9999.0 -9999.0 -9999.0 -9999.0 -9999.0 -9999.0 -9999.0 -9999.0 -9999.0 -9999.0 -9999.0 -9999.0 -9999.0 -9999.0 -9999.0 -9999.0 -9999.0 -9999.0 -9999.0 -9999.0 -9999.0 -9999.0 -9999.0 -9999.0 -9999.0 -9999.0 -9999.0 -9999.0 -9999.0 -9999.0 -9999.0 -9999.0 -9999.0 -9999.0 -9999.0 -9999.0 -9999.0 -9999.0 -9999.0 -9999.0 -9999.0 -9999.0 -9999.0 -9999.0 -9999.0 -9999.0 -9999.0 -9999.0 -9999.0 -9999.0 -9999.0 -9999.0 -9999.0 -9999.0 -9999.0 -9999.0 -9999.0 -9999.0 -9999.0 -9999.0 -9999.0 -9999.0 -9999.0 -9999.0 -9999.0 -9999.0 -9999.0 -9999.0 -9999.0 -9999.0 -9999.0 -9999.0