inst/processing_geotop_simulation/geotop_simulation/out/maps3D/PwL0019N0192.asc
ncols         104
nrows         10
xllcorner     -2.000000
yllcorner     0.000000
cellsize      1.000000
NODATA_value  -9999.0
-9999.0 -9999.0 -9999.0 -9999.0 -9999.0 -9999.0 -9999.0 -9999.0 -9999.0 -9999.0 -9999.0 -9999.0 -9999.0 -9999.0 -9999.0 -9999.0 -9999.0 -9999.0 -9999.0 -9999.0 -9999.0 -9999.0 -9999.0 -9999.0 -9999.0 -9999.0 -9999.0 -9999.0 -9999.0 -9999.0 -9999.0 -9999.0 -9999.0 -9999.0 -9999.0 -9999.0 -9999.0 -9999.0 -9999.0 -9999.0 -9999.0 -9999.0 -9999.0 -9999.0 -9999.0 -9999.0 -9999.0 -9999.0 -9999.0 -9999.0 -9999.0 -9999.0 -9999.0 -9999.0 -9999.0 -9999.0 -9999.0 -9999.0 -9999.0 -9999.0 -9999.0 -9999.0 -9999.0 -9999.0 -9999.0 -9999.0 -9999.0 -9999.0 -9999.0 -9999.0 -9999.0 -9999.0 -9999.0 -9999.0 -9999.0 -9999.0 -9999.0 -9999.0 -9999.0 -9999.0 -9999.0 -9999.0 -9999.0 -9999.0 -9999.0 -9999.0 -9999.0 -9999.0 -9999.0 -9999.0 -9999.0 -9999.0 -9999.0 -9999.0 -9999.0 -9999.0 -9999.0 -9999.0 -9999.0 -9999.0 -9999.0 -9999.0 -9999.0 -9999.0
-9999.0 -9999.0 -9999.0 -9999.0 -9999.0 -9999.0 -9999.0 -9999.0 -9999.0 -9999.0 -9999.0 -9999.0 -9999.0 -9999.0 -9999.0 -9999.0 -9999.0 -9999.0 -9999.0 -9999.0 -9999.0 -9999.0 -9999.0 -9999.0 -9999.0 -9999.0 -9999.0 -9999.0 -9999.0 -9999.0 -9999.0 -9999.0 -9999.0 -9999.0 -9999.0 -9999.0 -9999.0 -9999.0 -9999.0 -9999.0 -9999.0 -9999.0 -9999.0 -9999.0 -9999.0 -9999.0 -9999.0 -9999.0 -9999.0 -9999.0 -9999.0 -9999.0 -9999.0 -9999.0 -9999.0 -9999.0 -9999.0 -9999.0 -9999.0 -9999.0 -9999.0 -9999.0 -9999.0 -9999.0 -9999.0 -9999.0 -9999.0 -9999.0 -9999.0 -9999.0 -9999.0 -9999.0 -9999.0 -9999.0 -9999.0 -9999.0 -9999.0 -9999.0 -9999.0 -9999.0 -9999.0 -9999.0 -9999.0 -9999.0 -9999.0 -9999.0 -9999.0 -9999.0 -9999.0 -9999.0 -9999.0 -9999.0 -9999.0 -9999.0 -9999.0 -9999.0 -9999.0 -9999.0 -9999.0 -9999.0 -9999.0 -9999.0 -9999.0 -9999.0
-9999.0 -9999.0 928.420757 832.365846 735.946060 639.024080 541.830227 444.513581 347.156217 249.803490 152.479801 55.198979 -42.020195 -139.167857 -236.196377 -332.994602 -429.354133 -524.935201 -619.193890 -712.589263 -805.801908 -897.690752 -988.051223 -1069.962876 -1136.367144 -1190.896998 -1233.730604 -1266.048105 -1289.593415 -1306.251341 -1317.758303 -1325.558643 -1330.771003 -1334.217980 -1336.481947 -1337.966120 -1338.953653 -1339.686088 -1340.621207 -1343.667596 -1357.613860 -1430.811826 -1962.860127 -4008.060083 -4034.651652 -4034.653390 -4034.650298 -4034.612280 -4034.417714 -4033.746226 -4031.845173 -4026.257634 -4016.996029 -4005.177894 -3986.217327 -3952.042448 -3887.460094 -3769.728446 -3579.573262 -3320.805489 -2982.063403 -1649.144238 -1391.750213 -1350.457897 -1342.532288 -1341.172679 -1340.963475 -1340.932361 -1340.928272 -1340.928480 -1340.929285 -1340.930032 -1340.930626 -1340.931083 -1340.931436 -1340.931713 -1340.931934 -1340.932114 -1340.932266 -1340.932402 -1340.932536 -1340.932683 -1340.932866 -1340.933117 -1340.933485 -1340.934046 -1340.934925 -1340.936330 -1340.938614 -1340.942396 -1340.948808 -1340.959971 -1340.979997 -1341.017028 -1341.087504 -1341.225496 -1341.504968 -1342.098578 -1343.442240 -1346.702073 -1355.202509 -1380.189885 -9999.0 -9999.0
-9999.0 -9999.0 928.424211 832.367149 735.946484 639.024218 541.830273 444.513597 347.156223 249.803492 152.479802 55.198979 -42.020195 -139.167857 -236.196377 -332.994602 -429.354133 -524.935201 -619.193890 -712.589263 -805.801908 -897.690752 -988.051223 -1069.962876 -1136.367144 -1190.896998 -1233.730605 -1266.048105 -1289.593415 -1306.251341 -1317.758303 -1325.558643 -1330.771003 -1334.217980 -1336.481947 -1337.966120 -1338.953653 -1339.686088 -1340.621207 -1343.667596 -1357.613860 -1430.811826 -1962.860127 -4008.060083 -4034.651652 -4034.653390 -4034.650298 -4034.612280 -4034.417714 -4033.746226 -4031.845173 -4026.257634 -4016.996029 -4005.177894 -3986.217327 -3952.042448 -3887.460094 -3769.728445 -3579.573261 -3320.805488 -2982.063404 -1649.144238 -1391.750213 -1350.457897 -1342.532288 -1341.172679 -1340.963475 -1340.932361 -1340.928272 -1340.928480 -1340.929285 -1340.930032 -1340.930626 -1340.931083 -1340.931436 -1340.931713 -1340.931934 -1340.932114 -1340.932266 -1340.932402 -1340.932536 -1340.932683 -1340.932866 -1340.933117 -1340.933485 -1340.934046 -1340.934925 -1340.936330 -1340.938614 -1340.942396 -1340.948808 -1340.959971 -1340.979997 -1341.017028 -1341.087504 -1341.225496 -1341.504968 -1342.098578 -1343.442240 -1346.702073 -1355.202509 -1380.189885 -9999.0 -9999.0
-9999.0 -9999.0 928.425507 832.367843 735.946777 639.024330 541.830315 444.513612 347.156228 249.803494 152.479803 55.198980 -42.020195 -139.167857 -236.196377 -332.994602 -429.354133 -524.935201 -619.193890 -712.589263 -805.801908 -897.690753 -988.051224 -1069.962877 -1136.367144 -1190.896998 -1233.730605 -1266.048105 -1289.593416 -1306.251341 -1317.758303 -1325.558643 -1330.771003 -1334.217980 -1336.481947 -1337.966120 -1338.953653 -1339.686088 -1340.621207 -1343.667596 -1357.613860 -1430.811826 -1962.860127 -4008.060083 -4034.651652 -4034.653390 -4034.650298 -4034.612280 -4034.417714 -4033.746226 -4031.845173 -4026.257634 -4016.996029 -4005.177894 -3986.217327 -3952.042448 -3887.460094 -3769.728445 -3579.573261 -3320.805488 -2982.063403 -1649.144238 -1391.750213 -1350.457897 -1342.532288 -1341.172679 -1340.963475 -1340.932361 -1340.928272 -1340.928480 -1340.929285 -1340.930032 -1340.930626 -1340.931083 -1340.931436 -1340.931713 -1340.931934 -1340.932114 -1340.932266 -1340.932402 -1340.932536 -1340.932683 -1340.932866 -1340.933117 -1340.933485 -1340.934046 -1340.934925 -1340.936330 -1340.938614 -1340.942396 -1340.948808 -1340.959971 -1340.979997 -1341.017028 -1341.087504 -1341.225496 -1341.504968 -1342.098578 -1343.442240 -1346.702073 -1355.202509 -1380.189885 -9999.0 -9999.0
-9999.0 -9999.0 928.425507 832.367843 735.946777 639.024330 541.830314 444.513612 347.156228 249.803494 152.479803 55.198980 -42.020195 -139.167857 -236.196377 -332.994602 -429.354133 -524.935201 -619.193890 -712.589263 -805.801908 -897.690753 -988.051224 -1069.962877 -1136.367144 -1190.896998 -1233.730605 -1266.048105 -1289.593416 -1306.251341 -1317.758303 -1325.558643 -1330.771003 -1334.217980 -1336.481947 -1337.966120 -1338.953653 -1339.686088 -1340.621207 -1343.667596 -1357.613860 -1430.811826 -1962.860127 -4008.060083 -4034.651652 -4034.653390 -4034.650298 -4034.612280 -4034.417714 -4033.746226 -4031.845173 -4026.257634 -4016.996029 -4005.177894 -3986.217327 -3952.042448 -3887.460093 -3769.728445 -3579.573261 -3320.805488 -2982.063403 -1649.144238 -1391.750213 -1350.457897 -1342.532288 -1341.172679 -1340.963475 -1340.932361 -1340.928272 -1340.928480 -1340.929285 -1340.930032 -1340.930626 -1340.931083 -1340.931436 -1340.931713 -1340.931934 -1340.932114 -1340.932266 -1340.932402 -1340.932536 -1340.932683 -1340.932866 -1340.933117 -1340.933485 -1340.934046 -1340.934925 -1340.936330 -1340.938614 -1340.942396 -1340.948808 -1340.959971 -1340.979997 -1341.017028 -1341.087504 -1341.225496 -1341.504968 -1342.098578 -1343.442240 -1346.702073 -1355.202509 -1380.189885 -9999.0 -9999.0
-9999.0 -9999.0 928.424211 832.367149 735.946484 639.024218 541.830273 444.513597 347.156223 249.803492 152.479802 55.198979 -42.020195 -139.167857 -236.196377 -332.994602 -429.354133 -524.935201 -619.193890 -712.589263 -805.801908 -897.690752 -988.051223 -1069.962876 -1136.367144 -1190.896998 -1233.730605 -1266.048105 -1289.593415 -1306.251341 -1317.758303 -1325.558643 -1330.771003 -1334.217980 -1336.481947 -1337.966120 -1338.953653 -1339.686088 -1340.621207 -1343.667596 -1357.613860 -1430.811826 -1962.860127 -4008.060083 -4034.651652 -4034.653390 -4034.650298 -4034.612280 -4034.417714 -4033.746226 -4031.845173 -4026.257634 -4016.996029 -4005.177894 -3986.217327 -3952.042448 -3887.460094 -3769.728445 -3579.573262 -3320.805488 -2982.063404 -1649.144238 -1391.750213 -1350.457897 -1342.532288 -1341.172679 -1340.963475 -1340.932361 -1340.928272 -1340.928480 -1340.929285 -1340.930032 -1340.930626 -1340.931083 -1340.931436 -1340.931713 -1340.931934 -1340.932114 -1340.932266 -1340.932402 -1340.932536 -1340.932683 -1340.932866 -1340.933117 -1340.933485 -1340.934046 -1340.934925 -1340.936330 -1340.938614 -1340.942396 -1340.948808 -1340.959971 -1340.979997 -1341.017028 -1341.087504 -1341.225496 -1341.504968 -1342.098578 -1343.442240 -1346.702073 -1355.202509 -1380.189885 -9999.0 -9999.0
-9999.0 -9999.0 928.420757 832.365846 735.946060 639.024080 541.830227 444.513581 347.156217 249.803490 152.479801 55.198979 -42.020195 -139.167857 -236.196377 -332.994602 -429.354133 -524.935201 -619.193890 -712.589263 -805.801908 -897.690752 -988.051223 -1069.962876 -1136.367144 -1190.896998 -1233.730604 -1266.048105 -1289.593415 -1306.251341 -1317.758303 -1325.558643 -1330.771003 -1334.217980 -1336.481947 -1337.966120 -1338.953653 -1339.686088 -1340.621207 -1343.667596 -1357.613860 -1430.811826 -1962.860127 -4008.060083 -4034.651652 -4034.653390 -4034.650298 -4034.612280 -4034.417714 -4033.746226 -4031.845173 -4026.257634 -4016.996029 -4005.177894 -3986.217327 -3952.042448 -3887.460094 -3769.728446 -3579.573262 -3320.805489 -2982.063404 -1649.144238 -1391.750213 -1350.457897 -1342.532288 -1341.172679 -1340.963475 -1340.932361 -1340.928272 -1340.928480 -1340.929285 -1340.930032 -1340.930626 -1340.931083 -1340.931436 -1340.931713 -1340.931934 -1340.932114 -1340.932266 -1340.932402 -1340.932536 -1340.932683 -1340.932866 -1340.933117 -1340.933485 -1340.934046 -1340.934925 -1340.936330 -1340.938614 -1340.942396 -1340.948808 -1340.959971 -1340.979997 -1341.017028 -1341.087504 -1341.225496 -1341.504968 -1342.098578 -1343.442240 -1346.702073 -1355.202509 -1380.189885 -9999.0 -9999.0
-9999.0 -9999.0 -9999.0 -9999.0 -9999.0 -9999.0 -9999.0 -9999.0 -9999.0 -9999.0 -9999.0 -9999.0 -9999.0 -9999.0 -9999.0 -9999.0 -9999.0 -9999.0 -9999.0 -9999.0 -9999.0 -9999.0 -9999.0 -9999.0 -9999.0 -9999.0 -9999.0 -9999.0 -9999.0 -9999.0 -9999.0 -9999.0 -9999.0 -9999.0 -9999.0 -9999.0 -9999.0 -9999.0 -9999.0 -9999.0 -9999.0 -9999.0 -9999.0 -9999.0 -9999.0 -9999.0 -9999.0 -9999.0 -9999.0 -9999.0 -9999.0 -9999.0 -9999.0 -9999.0 -9999.0 -9999.0 -9999.0 -9999.0 -9999.0 -9999.0 -9999.0 -9999.0 -9999.0 -9999.0 -9999.0 -9999.0 -9999.0 -9999.0 -9999.0 -9999.0 -9999.0 -9999.0 -9999.0 -9999.0 -9999.0 -9999.0 -9999.0 -9999.0 -9999.0 -9999.0 -9999.0 -9999.0 -9999.0 -9999.0 -9999.0 -9999.0 -9999.0 -9999.0 -9999.0 -9999.0 -9999.0 -9999.0 -9999.0 -9999.0 -9999.0 -9999.0 -9999.0 -9999.0 -9999.0 -9999.0 -9999.0 -9999.0 -9999.0 -9999.0
-9999.0 -9999.0 -9999.0 -9999.0 -9999.0 -9999.0 -9999.0 -9999.0 -9999.0 -9999.0 -9999.0 -9999.0 -9999.0 -9999.0 -9999.0 -9999.0 -9999.0 -9999.0 -9999.0 -9999.0 -9999.0 -9999.0 -9999.0 -9999.0 -9999.0 -9999.0 -9999.0 -9999.0 -9999.0 -9999.0 -9999.0 -9999.0 -9999.0 -9999.0 -9999.0 -9999.0 -9999.0 -9999.0 -9999.0 -9999.0 -9999.0 -9999.0 -9999.0 -9999.0 -9999.0 -9999.0 -9999.0 -9999.0 -9999.0 -9999.0 -9999.0 -9999.0 -9999.0 -9999.0 -9999.0 -9999.0 -9999.0 -9999.0 -9999.0 -9999.0 -9999.0 -9999.0 -9999.0 -9999.0 -9999.0 -9999.0 -9999.0 -9999.0 -9999.0 -9999.0 -9999.0 -9999.0 -9999.0 -9999.0 -9999.0 -9999.0 -9999.0 -9999.0 -9999.0 -9999.0 -9999.0 -9999.0 -9999.0 -9999.0 -9999.0 -9999.0 -9999.0 -9999.0 -9999.0 -9999.0 -9999.0 -9999.0 -9999.0 -9999.0 -9999.0 -9999.0 -9999.0 -9999.0 -9999.0 -9999.0 -9999.0 -9999.0 -9999.0 -9999.0