inst/processing_geotop_simulation/geotop_simulation/out/maps3D/PwL0016N0472.asc
ncols         104
nrows         10
xllcorner     -2.000000
yllcorner     0.000000
cellsize      1.000000
NODATA_value  -9999.0
-9999.0 -9999.0 -9999.0 -9999.0 -9999.0 -9999.0 -9999.0 -9999.0 -9999.0 -9999.0 -9999.0 -9999.0 -9999.0 -9999.0 -9999.0 -9999.0 -9999.0 -9999.0 -9999.0 -9999.0 -9999.0 -9999.0 -9999.0 -9999.0 -9999.0 -9999.0 -9999.0 -9999.0 -9999.0 -9999.0 -9999.0 -9999.0 -9999.0 -9999.0 -9999.0 -9999.0 -9999.0 -9999.0 -9999.0 -9999.0 -9999.0 -9999.0 -9999.0 -9999.0 -9999.0 -9999.0 -9999.0 -9999.0 -9999.0 -9999.0 -9999.0 -9999.0 -9999.0 -9999.0 -9999.0 -9999.0 -9999.0 -9999.0 -9999.0 -9999.0 -9999.0 -9999.0 -9999.0 -9999.0 -9999.0 -9999.0 -9999.0 -9999.0 -9999.0 -9999.0 -9999.0 -9999.0 -9999.0 -9999.0 -9999.0 -9999.0 -9999.0 -9999.0 -9999.0 -9999.0 -9999.0 -9999.0 -9999.0 -9999.0 -9999.0 -9999.0 -9999.0 -9999.0 -9999.0 -9999.0 -9999.0 -9999.0 -9999.0 -9999.0 -9999.0 -9999.0 -9999.0 -9999.0 -9999.0 -9999.0 -9999.0 -9999.0 -9999.0 -9999.0
-9999.0 -9999.0 -9999.0 -9999.0 -9999.0 -9999.0 -9999.0 -9999.0 -9999.0 -9999.0 -9999.0 -9999.0 -9999.0 -9999.0 -9999.0 -9999.0 -9999.0 -9999.0 -9999.0 -9999.0 -9999.0 -9999.0 -9999.0 -9999.0 -9999.0 -9999.0 -9999.0 -9999.0 -9999.0 -9999.0 -9999.0 -9999.0 -9999.0 -9999.0 -9999.0 -9999.0 -9999.0 -9999.0 -9999.0 -9999.0 -9999.0 -9999.0 -9999.0 -9999.0 -9999.0 -9999.0 -9999.0 -9999.0 -9999.0 -9999.0 -9999.0 -9999.0 -9999.0 -9999.0 -9999.0 -9999.0 -9999.0 -9999.0 -9999.0 -9999.0 -9999.0 -9999.0 -9999.0 -9999.0 -9999.0 -9999.0 -9999.0 -9999.0 -9999.0 -9999.0 -9999.0 -9999.0 -9999.0 -9999.0 -9999.0 -9999.0 -9999.0 -9999.0 -9999.0 -9999.0 -9999.0 -9999.0 -9999.0 -9999.0 -9999.0 -9999.0 -9999.0 -9999.0 -9999.0 -9999.0 -9999.0 -9999.0 -9999.0 -9999.0 -9999.0 -9999.0 -9999.0 -9999.0 -9999.0 -9999.0 -9999.0 -9999.0 -9999.0 -9999.0
-9999.0 -9999.0 769.635946 670.532614 571.278111 471.897612 372.455393 272.986551 173.509199 74.032941 -25.435302 -124.891817 -224.335241 -323.756627 -423.139843 -522.459055 -621.667913 -720.692394 -819.780608 -918.746198 -1017.526818 -1116.002502 -1212.000739 -1304.587900 -1391.723676 -1471.285417 -1541.499217 -1601.291059 -1650.449067 -1689.561662 -1719.788972 -1742.576309 -1759.405271 -1771.628709 -1780.390865 -1786.612721 -1791.026970 -1794.283296 -1797.220439 -1801.289507 -1807.103253 -1804.394105 -1883.485061 -4077.875777 -4180.020690 -4175.398884 -4171.160187 -4170.434097 -4170.356812 -4170.362174 -4170.375878 -4170.381065 -4170.376523 -4170.364322 -4170.331753 -4170.257091 -4170.115406 -4170.066868 -4171.407211 -4172.280525 -3958.253961 -1656.068387 -1761.000791 -1799.455999 -1801.844092 -1801.229662 -1800.975133 -1800.915859 -1800.904961 -1800.903552 -1800.903778 -1800.904216 -1800.904626 -1800.904981 -1800.905291 -1800.905567 -1800.905819 -1800.906056 -1800.906285 -1800.906511 -1800.906743 -1800.906990 -1800.907264 -1800.907584 -1800.907978 -1800.908490 -1800.909194 -1800.910210 -1800.911751 -1800.914197 -1800.918252 -1800.925269 -1800.937910 -1800.961577 -1801.007573 -1801.100676 -1801.298553 -1801.745010 -1802.825726 -1805.664494 -1813.863778 -1840.204150 -9999.0 -9999.0
-9999.0 -9999.0 769.639377 670.533797 571.278477 471.897728 372.455432 272.986565 173.509204 74.032943 -25.435301 -124.891817 -224.335240 -323.756626 -423.139843 -522.459055 -621.667913 -720.692394 -819.780609 -918.746198 -1017.526818 -1116.002502 -1212.000739 -1304.587900 -1391.723677 -1471.285417 -1541.499217 -1601.291059 -1650.449067 -1689.561662 -1719.788972 -1742.576309 -1759.405270 -1771.628709 -1780.390865 -1786.612721 -1791.026970 -1794.283296 -1797.220439 -1801.289507 -1807.103253 -1804.394105 -1883.485061 -4077.875777 -4180.020690 -4175.398884 -4171.160187 -4170.434097 -4170.356812 -4170.362174 -4170.375878 -4170.381065 -4170.376523 -4170.364322 -4170.331753 -4170.257091 -4170.115406 -4170.066868 -4171.407211 -4172.280525 -3958.253961 -1656.068387 -1761.000791 -1799.455999 -1801.844092 -1801.229661 -1800.975133 -1800.915859 -1800.904961 -1800.903552 -1800.903778 -1800.904216 -1800.904626 -1800.904981 -1800.905291 -1800.905567 -1800.905819 -1800.906056 -1800.906285 -1800.906511 -1800.906743 -1800.906990 -1800.907264 -1800.907584 -1800.907978 -1800.908490 -1800.909194 -1800.910210 -1800.911751 -1800.914197 -1800.918252 -1800.925269 -1800.937910 -1800.961576 -1801.007573 -1801.100676 -1801.298553 -1801.745010 -1802.825726 -1805.664494 -1813.863778 -1840.204150 -9999.0 -9999.0
-9999.0 -9999.0 769.640510 670.534394 571.278723 471.897821 372.455465 272.986577 173.509209 74.032945 -25.435300 -124.891816 -224.335240 -323.756626 -423.139843 -522.459055 -621.667913 -720.692394 -819.780609 -918.746198 -1017.526818 -1116.002502 -1212.000739 -1304.587900 -1391.723677 -1471.285417 -1541.499217 -1601.291059 -1650.449067 -1689.561662 -1719.788972 -1742.576309 -1759.405271 -1771.628709 -1780.390865 -1786.612721 -1791.026970 -1794.283296 -1797.220439 -1801.289507 -1807.103253 -1804.394105 -1883.485061 -4077.875777 -4180.020690 -4175.398884 -4171.160187 -4170.434097 -4170.356812 -4170.362174 -4170.375878 -4170.381065 -4170.376523 -4170.364322 -4170.331753 -4170.257091 -4170.115406 -4170.066868 -4171.407211 -4172.280525 -3958.253961 -1656.068387 -1761.000791 -1799.455999 -1801.844092 -1801.229661 -1800.975133 -1800.915859 -1800.904961 -1800.903552 -1800.903778 -1800.904216 -1800.904626 -1800.904981 -1800.905291 -1800.905567 -1800.905819 -1800.906056 -1800.906285 -1800.906511 -1800.906743 -1800.906990 -1800.907264 -1800.907584 -1800.907978 -1800.908490 -1800.909194 -1800.910210 -1800.911751 -1800.914197 -1800.918252 -1800.925269 -1800.937910 -1800.961576 -1801.007573 -1801.100676 -1801.298553 -1801.745010 -1802.825726 -1805.664494 -1813.863778 -1840.204150 -9999.0 -9999.0
-9999.0 -9999.0 769.640510 670.534394 571.278723 471.897821 372.455465 272.986577 173.509209 74.032945 -25.435300 -124.891816 -224.335240 -323.756626 -423.139843 -522.459055 -621.667913 -720.692394 -819.780609 -918.746198 -1017.526818 -1116.002503 -1212.000739 -1304.587900 -1391.723677 -1471.285417 -1541.499217 -1601.291059 -1650.449067 -1689.561662 -1719.788972 -1742.576309 -1759.405271 -1771.628709 -1780.390865 -1786.612721 -1791.026970 -1794.283296 -1797.220439 -1801.289507 -1807.103253 -1804.394105 -1883.485061 -4077.875777 -4180.020690 -4175.398884 -4171.160187 -4170.434097 -4170.356812 -4170.362174 -4170.375878 -4170.381065 -4170.376523 -4170.364322 -4170.331753 -4170.257091 -4170.115406 -4170.066868 -4171.407211 -4172.280525 -3958.253961 -1656.068387 -1761.000791 -1799.455999 -1801.844092 -1801.229661 -1800.975133 -1800.915859 -1800.904961 -1800.903552 -1800.903778 -1800.904216 -1800.904626 -1800.904981 -1800.905291 -1800.905567 -1800.905819 -1800.906056 -1800.906285 -1800.906511 -1800.906743 -1800.906990 -1800.907264 -1800.907584 -1800.907978 -1800.908490 -1800.909194 -1800.910210 -1800.911751 -1800.914197 -1800.918252 -1800.925269 -1800.937910 -1800.961576 -1801.007573 -1801.100676 -1801.298553 -1801.745010 -1802.825726 -1805.664494 -1813.863778 -1840.204150 -9999.0 -9999.0
-9999.0 -9999.0 769.639377 670.533797 571.278477 471.897728 372.455432 272.986565 173.509204 74.032943 -25.435301 -124.891817 -224.335240 -323.756626 -423.139843 -522.459055 -621.667913 -720.692394 -819.780609 -918.746198 -1017.526818 -1116.002502 -1212.000739 -1304.587900 -1391.723677 -1471.285417 -1541.499217 -1601.291059 -1650.449067 -1689.561662 -1719.788972 -1742.576309 -1759.405270 -1771.628709 -1780.390865 -1786.612721 -1791.026970 -1794.283296 -1797.220439 -1801.289507 -1807.103253 -1804.394105 -1883.485061 -4077.875777 -4180.020690 -4175.398884 -4171.160187 -4170.434097 -4170.356812 -4170.362174 -4170.375878 -4170.381065 -4170.376523 -4170.364322 -4170.331753 -4170.257091 -4170.115406 -4170.066868 -4171.407211 -4172.280525 -3958.253961 -1656.068387 -1761.000791 -1799.455999 -1801.844092 -1801.229661 -1800.975133 -1800.915859 -1800.904961 -1800.903552 -1800.903778 -1800.904216 -1800.904626 -1800.904981 -1800.905291 -1800.905567 -1800.905819 -1800.906056 -1800.906285 -1800.906511 -1800.906743 -1800.906990 -1800.907264 -1800.907584 -1800.907978 -1800.908490 -1800.909194 -1800.910210 -1800.911751 -1800.914197 -1800.918252 -1800.925269 -1800.937910 -1800.961576 -1801.007573 -1801.100676 -1801.298553 -1801.745010 -1802.825726 -1805.664494 -1813.863778 -1840.204150 -9999.0 -9999.0
-9999.0 -9999.0 769.635946 670.532614 571.278111 471.897612 372.455393 272.986551 173.509199 74.032941 -25.435302 -124.891817 -224.335241 -323.756627 -423.139843 -522.459055 -621.667913 -720.692394 -819.780608 -918.746198 -1017.526818 -1116.002502 -1212.000739 -1304.587900 -1391.723676 -1471.285417 -1541.499217 -1601.291059 -1650.449067 -1689.561662 -1719.788972 -1742.576309 -1759.405271 -1771.628709 -1780.390865 -1786.612721 -1791.026970 -1794.283296 -1797.220439 -1801.289507 -1807.103253 -1804.394105 -1883.485061 -4077.875777 -4180.020690 -4175.398884 -4171.160187 -4170.434097 -4170.356812 -4170.362174 -4170.375878 -4170.381065 -4170.376523 -4170.364322 -4170.331753 -4170.257091 -4170.115406 -4170.066868 -4171.407211 -4172.280525 -3958.253961 -1656.068387 -1761.000791 -1799.455999 -1801.844092 -1801.229662 -1800.975133 -1800.915859 -1800.904961 -1800.903552 -1800.903778 -1800.904216 -1800.904626 -1800.904981 -1800.905291 -1800.905567 -1800.905819 -1800.906056 -1800.906285 -1800.906511 -1800.906743 -1800.906990 -1800.907264 -1800.907584 -1800.907978 -1800.908490 -1800.909194 -1800.910210 -1800.911751 -1800.914197 -1800.918252 -1800.925269 -1800.937910 -1800.961577 -1801.007573 -1801.100676 -1801.298553 -1801.745010 -1802.825726 -1805.664494 -1813.863778 -1840.204150 -9999.0 -9999.0
-9999.0 -9999.0 -9999.0 -9999.0 -9999.0 -9999.0 -9999.0 -9999.0 -9999.0 -9999.0 -9999.0 -9999.0 -9999.0 -9999.0 -9999.0 -9999.0 -9999.0 -9999.0 -9999.0 -9999.0 -9999.0 -9999.0 -9999.0 -9999.0 -9999.0 -9999.0 -9999.0 -9999.0 -9999.0 -9999.0 -9999.0 -9999.0 -9999.0 -9999.0 -9999.0 -9999.0 -9999.0 -9999.0 -9999.0 -9999.0 -9999.0 -9999.0 -9999.0 -9999.0 -9999.0 -9999.0 -9999.0 -9999.0 -9999.0 -9999.0 -9999.0 -9999.0 -9999.0 -9999.0 -9999.0 -9999.0 -9999.0 -9999.0 -9999.0 -9999.0 -9999.0 -9999.0 -9999.0 -9999.0 -9999.0 -9999.0 -9999.0 -9999.0 -9999.0 -9999.0 -9999.0 -9999.0 -9999.0 -9999.0 -9999.0 -9999.0 -9999.0 -9999.0 -9999.0 -9999.0 -9999.0 -9999.0 -9999.0 -9999.0 -9999.0 -9999.0 -9999.0 -9999.0 -9999.0 -9999.0 -9999.0 -9999.0 -9999.0 -9999.0 -9999.0 -9999.0 -9999.0 -9999.0 -9999.0 -9999.0 -9999.0 -9999.0 -9999.0 -9999.0
-9999.0 -9999.0 -9999.0 -9999.0 -9999.0 -9999.0 -9999.0 -9999.0 -9999.0 -9999.0 -9999.0 -9999.0 -9999.0 -9999.0 -9999.0 -9999.0 -9999.0 -9999.0 -9999.0 -9999.0 -9999.0 -9999.0 -9999.0 -9999.0 -9999.0 -9999.0 -9999.0 -9999.0 -9999.0 -9999.0 -9999.0 -9999.0 -9999.0 -9999.0 -9999.0 -9999.0 -9999.0 -9999.0 -9999.0 -9999.0 -9999.0 -9999.0 -9999.0 -9999.0 -9999.0 -9999.0 -9999.0 -9999.0 -9999.0 -9999.0 -9999.0 -9999.0 -9999.0 -9999.0 -9999.0 -9999.0 -9999.0 -9999.0 -9999.0 -9999.0 -9999.0 -9999.0 -9999.0 -9999.0 -9999.0 -9999.0 -9999.0 -9999.0 -9999.0 -9999.0 -9999.0 -9999.0 -9999.0 -9999.0 -9999.0 -9999.0 -9999.0 -9999.0 -9999.0 -9999.0 -9999.0 -9999.0 -9999.0 -9999.0 -9999.0 -9999.0 -9999.0 -9999.0 -9999.0 -9999.0 -9999.0 -9999.0 -9999.0 -9999.0 -9999.0 -9999.0 -9999.0 -9999.0 -9999.0 -9999.0 -9999.0 -9999.0 -9999.0 -9999.0