inst/processing_geotop_simulation/geotop_simulation/out/maps3D/PwL0015N0115.asc
ncols         104
nrows         10
xllcorner     -2.000000
yllcorner     0.000000
cellsize      1.000000
NODATA_value  -9999.0
-9999.0 -9999.0 -9999.0 -9999.0 -9999.0 -9999.0 -9999.0 -9999.0 -9999.0 -9999.0 -9999.0 -9999.0 -9999.0 -9999.0 -9999.0 -9999.0 -9999.0 -9999.0 -9999.0 -9999.0 -9999.0 -9999.0 -9999.0 -9999.0 -9999.0 -9999.0 -9999.0 -9999.0 -9999.0 -9999.0 -9999.0 -9999.0 -9999.0 -9999.0 -9999.0 -9999.0 -9999.0 -9999.0 -9999.0 -9999.0 -9999.0 -9999.0 -9999.0 -9999.0 -9999.0 -9999.0 -9999.0 -9999.0 -9999.0 -9999.0 -9999.0 -9999.0 -9999.0 -9999.0 -9999.0 -9999.0 -9999.0 -9999.0 -9999.0 -9999.0 -9999.0 -9999.0 -9999.0 -9999.0 -9999.0 -9999.0 -9999.0 -9999.0 -9999.0 -9999.0 -9999.0 -9999.0 -9999.0 -9999.0 -9999.0 -9999.0 -9999.0 -9999.0 -9999.0 -9999.0 -9999.0 -9999.0 -9999.0 -9999.0 -9999.0 -9999.0 -9999.0 -9999.0 -9999.0 -9999.0 -9999.0 -9999.0 -9999.0 -9999.0 -9999.0 -9999.0 -9999.0 -9999.0 -9999.0 -9999.0 -9999.0 -9999.0 -9999.0 -9999.0
-9999.0 -9999.0 -9999.0 -9999.0 -9999.0 -9999.0 -9999.0 -9999.0 -9999.0 -9999.0 -9999.0 -9999.0 -9999.0 -9999.0 -9999.0 -9999.0 -9999.0 -9999.0 -9999.0 -9999.0 -9999.0 -9999.0 -9999.0 -9999.0 -9999.0 -9999.0 -9999.0 -9999.0 -9999.0 -9999.0 -9999.0 -9999.0 -9999.0 -9999.0 -9999.0 -9999.0 -9999.0 -9999.0 -9999.0 -9999.0 -9999.0 -9999.0 -9999.0 -9999.0 -9999.0 -9999.0 -9999.0 -9999.0 -9999.0 -9999.0 -9999.0 -9999.0 -9999.0 -9999.0 -9999.0 -9999.0 -9999.0 -9999.0 -9999.0 -9999.0 -9999.0 -9999.0 -9999.0 -9999.0 -9999.0 -9999.0 -9999.0 -9999.0 -9999.0 -9999.0 -9999.0 -9999.0 -9999.0 -9999.0 -9999.0 -9999.0 -9999.0 -9999.0 -9999.0 -9999.0 -9999.0 -9999.0 -9999.0 -9999.0 -9999.0 -9999.0 -9999.0 -9999.0 -9999.0 -9999.0 -9999.0 -9999.0 -9999.0 -9999.0 -9999.0 -9999.0 -9999.0 -9999.0 -9999.0 -9999.0 -9999.0 -9999.0 -9999.0 -9999.0
-9999.0 -9999.0 740.196807 649.518583 557.093307 463.343103 368.954317 274.287720 179.527073 84.768761 -9.927009 -104.520057 -199.032496 -293.554058 -388.363450 -483.877436 -580.698114 -678.877204 -773.022638 -865.263355 -954.803335 -1033.989395 -1091.125853 -1129.209307 -1152.474542 -1165.890013 -1173.399960 -1177.572345 -1179.908549 -1181.240616 -1182.022427 -1182.499189 -1182.803392 -1183.006610 -1183.147694 -1183.250239 -1183.337652 -1183.452825 -1183.747562 -1185.378682 -1196.622990 -1285.015412 -2078.903936 -4220.672214 -4232.672918 -4232.673267 -4232.673267 -4232.673267 -4232.673267 -4232.673267 -4232.673267 -4232.673267 -4232.673267 -4232.673267 -4232.673267 -4232.673267 -4232.673267 -4232.673267 -4232.673267 -4232.672608 -4213.370486 -1964.151166 -1255.722116 -1192.248012 -1184.714469 -1183.798382 -1183.673424 -1183.653894 -1183.651875 -1183.653011 -1183.654474 -1183.655709 -1183.656662 -1183.657384 -1183.657936 -1183.658364 -1183.658703 -1183.658976 -1183.659203 -1183.659404 -1183.659599 -1183.659814 -1183.660083 -1183.660455 -1183.661004 -1183.661846 -1183.663169 -1183.665281 -1183.668703 -1183.674334 -1183.683795 -1183.700090 -1183.728981 -1183.781778 -1183.881026 -1184.072159 -1184.448600 -1185.212369 -1186.840657 -1190.567694 -1199.768893 -1224.929267 -9999.0 -9999.0
-9999.0 -9999.0 740.201679 649.520223 557.093807 463.343261 368.954368 274.287737 179.527079 84.768763 -9.927008 -104.520057 -199.032496 -293.554058 -388.363450 -483.877436 -580.698114 -678.877204 -773.022638 -865.263355 -954.803335 -1033.989395 -1091.125853 -1129.209307 -1152.474542 -1165.890013 -1173.399960 -1177.572345 -1179.908549 -1181.240616 -1182.022427 -1182.499189 -1182.803392 -1183.006610 -1183.147694 -1183.250239 -1183.337652 -1183.452825 -1183.747562 -1185.378682 -1196.622990 -1285.015412 -2078.903936 -4220.672214 -4232.672918 -4232.673267 -4232.673267 -4232.673267 -4232.673267 -4232.673267 -4232.673267 -4232.673267 -4232.673267 -4232.673267 -4232.673267 -4232.673267 -4232.673267 -4232.673267 -4232.673267 -4232.672608 -4213.370486 -1964.151166 -1255.722116 -1192.248012 -1184.714469 -1183.798382 -1183.673424 -1183.653894 -1183.651875 -1183.653011 -1183.654474 -1183.655709 -1183.656662 -1183.657384 -1183.657936 -1183.658364 -1183.658703 -1183.658976 -1183.659203 -1183.659404 -1183.659599 -1183.659814 -1183.660083 -1183.660455 -1183.661004 -1183.661846 -1183.663169 -1183.665281 -1183.668703 -1183.674334 -1183.683795 -1183.700090 -1183.728981 -1183.781778 -1183.881026 -1184.072159 -1184.448600 -1185.212369 -1186.840657 -1190.567693 -1199.768893 -1224.929267 -9999.0 -9999.0
-9999.0 -9999.0 740.203214 649.521033 557.094141 463.343387 368.954414 274.287754 179.527085 84.768766 -9.927007 -104.520056 -199.032496 -293.554058 -388.363450 -483.877436 -580.698114 -678.877204 -773.022639 -865.263355 -954.803335 -1033.989395 -1091.125853 -1129.209307 -1152.474542 -1165.890013 -1173.399960 -1177.572345 -1179.908549 -1181.240616 -1182.022427 -1182.499189 -1182.803392 -1183.006610 -1183.147694 -1183.250239 -1183.337652 -1183.452825 -1183.747562 -1185.378682 -1196.622990 -1285.015412 -2078.903936 -4220.672214 -4232.672918 -4232.673267 -4232.673267 -4232.673267 -4232.673267 -4232.673267 -4232.673267 -4232.673267 -4232.673267 -4232.673267 -4232.673267 -4232.673267 -4232.673267 -4232.673267 -4232.673267 -4232.672608 -4213.370486 -1964.151166 -1255.722116 -1192.248012 -1184.714469 -1183.798382 -1183.673424 -1183.653894 -1183.651875 -1183.653011 -1183.654474 -1183.655709 -1183.656662 -1183.657384 -1183.657936 -1183.658364 -1183.658703 -1183.658976 -1183.659203 -1183.659404 -1183.659599 -1183.659814 -1183.660083 -1183.660455 -1183.661004 -1183.661846 -1183.663169 -1183.665281 -1183.668703 -1183.674334 -1183.683795 -1183.700090 -1183.728981 -1183.781778 -1183.881026 -1184.072159 -1184.448600 -1185.212369 -1186.840657 -1190.567693 -1199.768893 -1224.929267 -9999.0 -9999.0
-9999.0 -9999.0 740.203214 649.521033 557.094141 463.343386 368.954414 274.287753 179.527085 84.768765 -9.927007 -104.520056 -199.032496 -293.554058 -388.363450 -483.877436 -580.698114 -678.877204 -773.022638 -865.263355 -954.803335 -1033.989395 -1091.125853 -1129.209307 -1152.474542 -1165.890013 -1173.399960 -1177.572345 -1179.908549 -1181.240616 -1182.022427 -1182.499189 -1182.803392 -1183.006610 -1183.147694 -1183.250239 -1183.337652 -1183.452825 -1183.747562 -1185.378682 -1196.622990 -1285.015412 -2078.903936 -4220.672214 -4232.672918 -4232.673267 -4232.673267 -4232.673267 -4232.673267 -4232.673267 -4232.673267 -4232.673267 -4232.673267 -4232.673267 -4232.673267 -4232.673267 -4232.673267 -4232.673267 -4232.673267 -4232.672608 -4213.370486 -1964.151166 -1255.722116 -1192.248012 -1184.714469 -1183.798382 -1183.673424 -1183.653894 -1183.651875 -1183.653011 -1183.654474 -1183.655709 -1183.656662 -1183.657384 -1183.657936 -1183.658364 -1183.658703 -1183.658976 -1183.659203 -1183.659404 -1183.659599 -1183.659814 -1183.660083 -1183.660455 -1183.661004 -1183.661846 -1183.663169 -1183.665281 -1183.668703 -1183.674334 -1183.683795 -1183.700090 -1183.728981 -1183.781778 -1183.881026 -1184.072159 -1184.448600 -1185.212369 -1186.840657 -1190.567693 -1199.768893 -1224.929267 -9999.0 -9999.0
-9999.0 -9999.0 740.201679 649.520224 557.093807 463.343261 368.954368 274.287737 179.527079 84.768763 -9.927008 -104.520056 -199.032496 -293.554058 -388.363450 -483.877436 -580.698114 -678.877204 -773.022638 -865.263355 -954.803335 -1033.989395 -1091.125853 -1129.209307 -1152.474542 -1165.890013 -1173.399960 -1177.572345 -1179.908549 -1181.240616 -1182.022427 -1182.499189 -1182.803392 -1183.006610 -1183.147694 -1183.250239 -1183.337652 -1183.452825 -1183.747562 -1185.378682 -1196.622990 -1285.015412 -2078.903936 -4220.672214 -4232.672918 -4232.673267 -4232.673267 -4232.673267 -4232.673267 -4232.673267 -4232.673267 -4232.673267 -4232.673267 -4232.673267 -4232.673267 -4232.673267 -4232.673267 -4232.673267 -4232.673267 -4232.672608 -4213.370486 -1964.151166 -1255.722116 -1192.248012 -1184.714469 -1183.798382 -1183.673424 -1183.653894 -1183.651875 -1183.653011 -1183.654474 -1183.655709 -1183.656662 -1183.657384 -1183.657936 -1183.658364 -1183.658703 -1183.658976 -1183.659203 -1183.659404 -1183.659599 -1183.659814 -1183.660083 -1183.660455 -1183.661004 -1183.661846 -1183.663169 -1183.665281 -1183.668703 -1183.674334 -1183.683795 -1183.700090 -1183.728981 -1183.781778 -1183.881026 -1184.072159 -1184.448600 -1185.212369 -1186.840657 -1190.567693 -1199.768893 -1224.929267 -9999.0 -9999.0
-9999.0 -9999.0 740.196807 649.518583 557.093307 463.343103 368.954317 274.287720 179.527073 84.768761 -9.927009 -104.520057 -199.032496 -293.554058 -388.363450 -483.877436 -580.698114 -678.877204 -773.022638 -865.263355 -954.803335 -1033.989395 -1091.125853 -1129.209307 -1152.474542 -1165.890013 -1173.399960 -1177.572345 -1179.908549 -1181.240616 -1182.022427 -1182.499189 -1182.803392 -1183.006610 -1183.147694 -1183.250239 -1183.337652 -1183.452825 -1183.747562 -1185.378682 -1196.622990 -1285.015412 -2078.903936 -4220.672214 -4232.672918 -4232.673267 -4232.673267 -4232.673267 -4232.673267 -4232.673267 -4232.673267 -4232.673267 -4232.673267 -4232.673267 -4232.673267 -4232.673267 -4232.673267 -4232.673267 -4232.673267 -4232.672608 -4213.370486 -1964.151166 -1255.722116 -1192.248012 -1184.714469 -1183.798382 -1183.673424 -1183.653894 -1183.651875 -1183.653011 -1183.654474 -1183.655709 -1183.656662 -1183.657384 -1183.657936 -1183.658364 -1183.658703 -1183.658976 -1183.659203 -1183.659404 -1183.659599 -1183.659814 -1183.660083 -1183.660455 -1183.661004 -1183.661846 -1183.663169 -1183.665281 -1183.668703 -1183.674334 -1183.683795 -1183.700090 -1183.728981 -1183.781778 -1183.881026 -1184.072159 -1184.448600 -1185.212369 -1186.840657 -1190.567694 -1199.768893 -1224.929267 -9999.0 -9999.0
-9999.0 -9999.0 -9999.0 -9999.0 -9999.0 -9999.0 -9999.0 -9999.0 -9999.0 -9999.0 -9999.0 -9999.0 -9999.0 -9999.0 -9999.0 -9999.0 -9999.0 -9999.0 -9999.0 -9999.0 -9999.0 -9999.0 -9999.0 -9999.0 -9999.0 -9999.0 -9999.0 -9999.0 -9999.0 -9999.0 -9999.0 -9999.0 -9999.0 -9999.0 -9999.0 -9999.0 -9999.0 -9999.0 -9999.0 -9999.0 -9999.0 -9999.0 -9999.0 -9999.0 -9999.0 -9999.0 -9999.0 -9999.0 -9999.0 -9999.0 -9999.0 -9999.0 -9999.0 -9999.0 -9999.0 -9999.0 -9999.0 -9999.0 -9999.0 -9999.0 -9999.0 -9999.0 -9999.0 -9999.0 -9999.0 -9999.0 -9999.0 -9999.0 -9999.0 -9999.0 -9999.0 -9999.0 -9999.0 -9999.0 -9999.0 -9999.0 -9999.0 -9999.0 -9999.0 -9999.0 -9999.0 -9999.0 -9999.0 -9999.0 -9999.0 -9999.0 -9999.0 -9999.0 -9999.0 -9999.0 -9999.0 -9999.0 -9999.0 -9999.0 -9999.0 -9999.0 -9999.0 -9999.0 -9999.0 -9999.0 -9999.0 -9999.0 -9999.0 -9999.0
-9999.0 -9999.0 -9999.0 -9999.0 -9999.0 -9999.0 -9999.0 -9999.0 -9999.0 -9999.0 -9999.0 -9999.0 -9999.0 -9999.0 -9999.0 -9999.0 -9999.0 -9999.0 -9999.0 -9999.0 -9999.0 -9999.0 -9999.0 -9999.0 -9999.0 -9999.0 -9999.0 -9999.0 -9999.0 -9999.0 -9999.0 -9999.0 -9999.0 -9999.0 -9999.0 -9999.0 -9999.0 -9999.0 -9999.0 -9999.0 -9999.0 -9999.0 -9999.0 -9999.0 -9999.0 -9999.0 -9999.0 -9999.0 -9999.0 -9999.0 -9999.0 -9999.0 -9999.0 -9999.0 -9999.0 -9999.0 -9999.0 -9999.0 -9999.0 -9999.0 -9999.0 -9999.0 -9999.0 -9999.0 -9999.0 -9999.0 -9999.0 -9999.0 -9999.0 -9999.0 -9999.0 -9999.0 -9999.0 -9999.0 -9999.0 -9999.0 -9999.0 -9999.0 -9999.0 -9999.0 -9999.0 -9999.0 -9999.0 -9999.0 -9999.0 -9999.0 -9999.0 -9999.0 -9999.0 -9999.0 -9999.0 -9999.0 -9999.0 -9999.0 -9999.0 -9999.0 -9999.0 -9999.0 -9999.0 -9999.0 -9999.0 -9999.0 -9999.0 -9999.0