inst/processing_geotop_simulation/geotop_simulation/out/maps3D/PwL0017N0262.asc
ncols         104
nrows         10
xllcorner     -2.000000
yllcorner     0.000000
cellsize      1.000000
NODATA_value  -9999.0
-9999.0 -9999.0 -9999.0 -9999.0 -9999.0 -9999.0 -9999.0 -9999.0 -9999.0 -9999.0 -9999.0 -9999.0 -9999.0 -9999.0 -9999.0 -9999.0 -9999.0 -9999.0 -9999.0 -9999.0 -9999.0 -9999.0 -9999.0 -9999.0 -9999.0 -9999.0 -9999.0 -9999.0 -9999.0 -9999.0 -9999.0 -9999.0 -9999.0 -9999.0 -9999.0 -9999.0 -9999.0 -9999.0 -9999.0 -9999.0 -9999.0 -9999.0 -9999.0 -9999.0 -9999.0 -9999.0 -9999.0 -9999.0 -9999.0 -9999.0 -9999.0 -9999.0 -9999.0 -9999.0 -9999.0 -9999.0 -9999.0 -9999.0 -9999.0 -9999.0 -9999.0 -9999.0 -9999.0 -9999.0 -9999.0 -9999.0 -9999.0 -9999.0 -9999.0 -9999.0 -9999.0 -9999.0 -9999.0 -9999.0 -9999.0 -9999.0 -9999.0 -9999.0 -9999.0 -9999.0 -9999.0 -9999.0 -9999.0 -9999.0 -9999.0 -9999.0 -9999.0 -9999.0 -9999.0 -9999.0 -9999.0 -9999.0 -9999.0 -9999.0 -9999.0 -9999.0 -9999.0 -9999.0 -9999.0 -9999.0 -9999.0 -9999.0 -9999.0 -9999.0
-9999.0 -9999.0 -9999.0 -9999.0 -9999.0 -9999.0 -9999.0 -9999.0 -9999.0 -9999.0 -9999.0 -9999.0 -9999.0 -9999.0 -9999.0 -9999.0 -9999.0 -9999.0 -9999.0 -9999.0 -9999.0 -9999.0 -9999.0 -9999.0 -9999.0 -9999.0 -9999.0 -9999.0 -9999.0 -9999.0 -9999.0 -9999.0 -9999.0 -9999.0 -9999.0 -9999.0 -9999.0 -9999.0 -9999.0 -9999.0 -9999.0 -9999.0 -9999.0 -9999.0 -9999.0 -9999.0 -9999.0 -9999.0 -9999.0 -9999.0 -9999.0 -9999.0 -9999.0 -9999.0 -9999.0 -9999.0 -9999.0 -9999.0 -9999.0 -9999.0 -9999.0 -9999.0 -9999.0 -9999.0 -9999.0 -9999.0 -9999.0 -9999.0 -9999.0 -9999.0 -9999.0 -9999.0 -9999.0 -9999.0 -9999.0 -9999.0 -9999.0 -9999.0 -9999.0 -9999.0 -9999.0 -9999.0 -9999.0 -9999.0 -9999.0 -9999.0 -9999.0 -9999.0 -9999.0 -9999.0 -9999.0 -9999.0 -9999.0 -9999.0 -9999.0 -9999.0 -9999.0 -9999.0 -9999.0 -9999.0 -9999.0 -9999.0 -9999.0 -9999.0
-9999.0 -9999.0 823.481473 725.884531 627.945249 529.677765 431.244044 332.737317 234.206584 135.678012 37.166515 -61.313055 -159.755936 -258.135150 -356.388152 -454.402462 -551.971464 -648.758393 -745.116673 -841.536455 -937.257924 -1032.013438 -1121.860743 -1201.573766 -1271.324192 -1329.811747 -1376.864978 -1413.310189 -1440.618672 -1460.517496 -1474.689787 -1484.601503 -1491.436061 -1496.098591 -1499.255098 -1501.384326 -1502.835161 -1503.917285 -1505.191225 -1508.585082 -1521.041074 -1571.048022 -1993.122481 -4089.921161 -4133.659363 -4133.663364 -4133.663359 -4133.663301 -4133.663017 -4133.662063 -4133.659397 -4133.651582 -4133.638504 -4133.621415 -4133.592785 -4133.536727 -4133.412529 -4133.109572 -4132.314610 -4130.077181 -4042.295892 -1806.771588 -1531.724969 -1513.067531 -1507.431476 -1506.110493 -1505.867675 -1505.828277 -1505.822628 -1505.822397 -1505.822963 -1505.823542 -1505.824013 -1505.824380 -1505.824667 -1505.824894 -1505.825078 -1505.825231 -1505.825362 -1505.825481 -1505.825600 -1505.825730 -1505.825890 -1505.826106 -1505.826417 -1505.826885 -1505.827614 -1505.828771 -1505.830650 -1505.833763 -1505.839055 -1505.848308 -1505.864989 -1505.895999 -1505.955378 -1506.072611 -1506.312859 -1506.830606 -1508.019474 -1510.953187 -1518.870564 -1543.451426 -9999.0 -9999.0
-9999.0 -9999.0 823.485220 725.885865 627.945668 529.677899 431.244089 332.737333 234.206589 135.678014 37.166516 -61.313055 -159.755936 -258.135150 -356.388152 -454.402462 -551.971464 -648.758394 -745.116674 -841.536455 -937.257924 -1032.013439 -1121.860743 -1201.573766 -1271.324192 -1329.811747 -1376.864978 -1413.310189 -1440.618672 -1460.517496 -1474.689787 -1484.601503 -1491.436062 -1496.098591 -1499.255098 -1501.384326 -1502.835161 -1503.917285 -1505.191225 -1508.585082 -1521.041074 -1571.048022 -1993.122481 -4089.921161 -4133.659363 -4133.663364 -4133.663359 -4133.663301 -4133.663017 -4133.662063 -4133.659397 -4133.651582 -4133.638504 -4133.621415 -4133.592785 -4133.536727 -4133.412529 -4133.109572 -4132.314610 -4130.077181 -4042.295892 -1806.771589 -1531.724969 -1513.067531 -1507.431476 -1506.110493 -1505.867675 -1505.828277 -1505.822628 -1505.822397 -1505.822963 -1505.823542 -1505.824013 -1505.824380 -1505.824667 -1505.824894 -1505.825078 -1505.825231 -1505.825362 -1505.825481 -1505.825600 -1505.825730 -1505.825890 -1505.826106 -1505.826417 -1505.826885 -1505.827614 -1505.828771 -1505.830650 -1505.833763 -1505.839055 -1505.848308 -1505.864989 -1505.895999 -1505.955378 -1506.072611 -1506.312859 -1506.830606 -1508.019474 -1510.953187 -1518.870564 -1543.451426 -9999.0 -9999.0
-9999.0 -9999.0 823.486513 725.886549 627.945953 529.678007 431.244128 332.737347 234.206594 135.678016 37.166517 -61.313055 -159.755936 -258.135150 -356.388152 -454.402462 -551.971464 -648.758394 -745.116674 -841.536455 -937.257924 -1032.013439 -1121.860743 -1201.573767 -1271.324192 -1329.811747 -1376.864978 -1413.310189 -1440.618672 -1460.517496 -1474.689787 -1484.601503 -1491.436062 -1496.098591 -1499.255098 -1501.384326 -1502.835161 -1503.917285 -1505.191225 -1508.585082 -1521.041074 -1571.048022 -1993.122481 -4089.921161 -4133.659363 -4133.663364 -4133.663359 -4133.663301 -4133.663017 -4133.662063 -4133.659397 -4133.651582 -4133.638504 -4133.621415 -4133.592785 -4133.536727 -4133.412529 -4133.109572 -4132.314610 -4130.077181 -4042.295892 -1806.771588 -1531.724969 -1513.067531 -1507.431476 -1506.110493 -1505.867675 -1505.828277 -1505.822628 -1505.822397 -1505.822963 -1505.823542 -1505.824013 -1505.824380 -1505.824667 -1505.824894 -1505.825078 -1505.825231 -1505.825362 -1505.825481 -1505.825600 -1505.825730 -1505.825890 -1505.826106 -1505.826417 -1505.826885 -1505.827614 -1505.828771 -1505.830650 -1505.833763 -1505.839055 -1505.848308 -1505.864989 -1505.895999 -1505.955378 -1506.072611 -1506.312859 -1506.830606 -1508.019474 -1510.953187 -1518.870564 -1543.451426 -9999.0 -9999.0
-9999.0 -9999.0 823.486513 725.886549 627.945953 529.678007 431.244128 332.737347 234.206594 135.678016 37.166517 -61.313055 -159.755936 -258.135150 -356.388152 -454.402462 -551.971464 -648.758394 -745.116674 -841.536455 -937.257924 -1032.013439 -1121.860743 -1201.573767 -1271.324192 -1329.811747 -1376.864978 -1413.310189 -1440.618672 -1460.517496 -1474.689787 -1484.601503 -1491.436062 -1496.098591 -1499.255098 -1501.384326 -1502.835161 -1503.917285 -1505.191225 -1508.585082 -1521.041074 -1571.048022 -1993.122481 -4089.921161 -4133.659363 -4133.663364 -4133.663359 -4133.663301 -4133.663017 -4133.662063 -4133.659397 -4133.651582 -4133.638504 -4133.621415 -4133.592785 -4133.536727 -4133.412529 -4133.109572 -4132.314610 -4130.077181 -4042.295892 -1806.771588 -1531.724969 -1513.067531 -1507.431476 -1506.110493 -1505.867675 -1505.828277 -1505.822628 -1505.822397 -1505.822963 -1505.823542 -1505.824013 -1505.824380 -1505.824667 -1505.824894 -1505.825078 -1505.825231 -1505.825362 -1505.825481 -1505.825600 -1505.825730 -1505.825890 -1505.826106 -1505.826417 -1505.826885 -1505.827614 -1505.828771 -1505.830650 -1505.833763 -1505.839055 -1505.848308 -1505.864989 -1505.895999 -1505.955378 -1506.072611 -1506.312859 -1506.830606 -1508.019474 -1510.953187 -1518.870564 -1543.451426 -9999.0 -9999.0
-9999.0 -9999.0 823.485220 725.885865 627.945668 529.677899 431.244089 332.737333 234.206589 135.678014 37.166516 -61.313055 -159.755936 -258.135150 -356.388152 -454.402462 -551.971464 -648.758394 -745.116674 -841.536455 -937.257924 -1032.013439 -1121.860743 -1201.573766 -1271.324192 -1329.811747 -1376.864978 -1413.310189 -1440.618672 -1460.517496 -1474.689787 -1484.601503 -1491.436062 -1496.098591 -1499.255098 -1501.384326 -1502.835161 -1503.917285 -1505.191225 -1508.585082 -1521.041074 -1571.048022 -1993.122481 -4089.921161 -4133.659363 -4133.663364 -4133.663359 -4133.663301 -4133.663017 -4133.662063 -4133.659397 -4133.651582 -4133.638504 -4133.621415 -4133.592785 -4133.536727 -4133.412529 -4133.109572 -4132.314610 -4130.077181 -4042.295892 -1806.771588 -1531.724969 -1513.067531 -1507.431476 -1506.110493 -1505.867675 -1505.828277 -1505.822628 -1505.822397 -1505.822963 -1505.823542 -1505.824013 -1505.824380 -1505.824667 -1505.824894 -1505.825078 -1505.825231 -1505.825362 -1505.825481 -1505.825600 -1505.825730 -1505.825890 -1505.826106 -1505.826417 -1505.826885 -1505.827614 -1505.828771 -1505.830650 -1505.833763 -1505.839055 -1505.848308 -1505.864989 -1505.895999 -1505.955378 -1506.072611 -1506.312859 -1506.830606 -1508.019474 -1510.953187 -1518.870564 -1543.451426 -9999.0 -9999.0
-9999.0 -9999.0 823.481473 725.884531 627.945249 529.677765 431.244044 332.737317 234.206584 135.678012 37.166515 -61.313055 -159.755936 -258.135150 -356.388152 -454.402462 -551.971464 -648.758393 -745.116673 -841.536455 -937.257924 -1032.013438 -1121.860743 -1201.573766 -1271.324192 -1329.811747 -1376.864978 -1413.310189 -1440.618672 -1460.517496 -1474.689787 -1484.601503 -1491.436061 -1496.098591 -1499.255098 -1501.384326 -1502.835161 -1503.917285 -1505.191225 -1508.585082 -1521.041074 -1571.048022 -1993.122481 -4089.921161 -4133.659363 -4133.663364 -4133.663359 -4133.663301 -4133.663017 -4133.662063 -4133.659397 -4133.651582 -4133.638504 -4133.621415 -4133.592785 -4133.536727 -4133.412529 -4133.109572 -4132.314610 -4130.077181 -4042.295892 -1806.771589 -1531.724969 -1513.067531 -1507.431476 -1506.110493 -1505.867675 -1505.828277 -1505.822628 -1505.822397 -1505.822963 -1505.823542 -1505.824013 -1505.824380 -1505.824667 -1505.824894 -1505.825078 -1505.825231 -1505.825362 -1505.825481 -1505.825600 -1505.825730 -1505.825890 -1505.826106 -1505.826417 -1505.826885 -1505.827614 -1505.828771 -1505.830650 -1505.833763 -1505.839055 -1505.848308 -1505.864989 -1505.895999 -1505.955378 -1506.072611 -1506.312859 -1506.830606 -1508.019474 -1510.953187 -1518.870564 -1543.451426 -9999.0 -9999.0
-9999.0 -9999.0 -9999.0 -9999.0 -9999.0 -9999.0 -9999.0 -9999.0 -9999.0 -9999.0 -9999.0 -9999.0 -9999.0 -9999.0 -9999.0 -9999.0 -9999.0 -9999.0 -9999.0 -9999.0 -9999.0 -9999.0 -9999.0 -9999.0 -9999.0 -9999.0 -9999.0 -9999.0 -9999.0 -9999.0 -9999.0 -9999.0 -9999.0 -9999.0 -9999.0 -9999.0 -9999.0 -9999.0 -9999.0 -9999.0 -9999.0 -9999.0 -9999.0 -9999.0 -9999.0 -9999.0 -9999.0 -9999.0 -9999.0 -9999.0 -9999.0 -9999.0 -9999.0 -9999.0 -9999.0 -9999.0 -9999.0 -9999.0 -9999.0 -9999.0 -9999.0 -9999.0 -9999.0 -9999.0 -9999.0 -9999.0 -9999.0 -9999.0 -9999.0 -9999.0 -9999.0 -9999.0 -9999.0 -9999.0 -9999.0 -9999.0 -9999.0 -9999.0 -9999.0 -9999.0 -9999.0 -9999.0 -9999.0 -9999.0 -9999.0 -9999.0 -9999.0 -9999.0 -9999.0 -9999.0 -9999.0 -9999.0 -9999.0 -9999.0 -9999.0 -9999.0 -9999.0 -9999.0 -9999.0 -9999.0 -9999.0 -9999.0 -9999.0 -9999.0
-9999.0 -9999.0 -9999.0 -9999.0 -9999.0 -9999.0 -9999.0 -9999.0 -9999.0 -9999.0 -9999.0 -9999.0 -9999.0 -9999.0 -9999.0 -9999.0 -9999.0 -9999.0 -9999.0 -9999.0 -9999.0 -9999.0 -9999.0 -9999.0 -9999.0 -9999.0 -9999.0 -9999.0 -9999.0 -9999.0 -9999.0 -9999.0 -9999.0 -9999.0 -9999.0 -9999.0 -9999.0 -9999.0 -9999.0 -9999.0 -9999.0 -9999.0 -9999.0 -9999.0 -9999.0 -9999.0 -9999.0 -9999.0 -9999.0 -9999.0 -9999.0 -9999.0 -9999.0 -9999.0 -9999.0 -9999.0 -9999.0 -9999.0 -9999.0 -9999.0 -9999.0 -9999.0 -9999.0 -9999.0 -9999.0 -9999.0 -9999.0 -9999.0 -9999.0 -9999.0 -9999.0 -9999.0 -9999.0 -9999.0 -9999.0 -9999.0 -9999.0 -9999.0 -9999.0 -9999.0 -9999.0 -9999.0 -9999.0 -9999.0 -9999.0 -9999.0 -9999.0 -9999.0 -9999.0 -9999.0 -9999.0 -9999.0 -9999.0 -9999.0 -9999.0 -9999.0 -9999.0 -9999.0 -9999.0 -9999.0 -9999.0 -9999.0 -9999.0 -9999.0