inst/processing_geotop_simulation/geotop_simulation/out/maps3D/PwL0002N0450.asc
ncols         104
nrows         10
xllcorner     -2.000000
yllcorner     0.000000
cellsize      1.000000
NODATA_value  -9999.0
-9999.0 -9999.0 -9999.0 -9999.0 -9999.0 -9999.0 -9999.0 -9999.0 -9999.0 -9999.0 -9999.0 -9999.0 -9999.0 -9999.0 -9999.0 -9999.0 -9999.0 -9999.0 -9999.0 -9999.0 -9999.0 -9999.0 -9999.0 -9999.0 -9999.0 -9999.0 -9999.0 -9999.0 -9999.0 -9999.0 -9999.0 -9999.0 -9999.0 -9999.0 -9999.0 -9999.0 -9999.0 -9999.0 -9999.0 -9999.0 -9999.0 -9999.0 -9999.0 -9999.0 -9999.0 -9999.0 -9999.0 -9999.0 -9999.0 -9999.0 -9999.0 -9999.0 -9999.0 -9999.0 -9999.0 -9999.0 -9999.0 -9999.0 -9999.0 -9999.0 -9999.0 -9999.0 -9999.0 -9999.0 -9999.0 -9999.0 -9999.0 -9999.0 -9999.0 -9999.0 -9999.0 -9999.0 -9999.0 -9999.0 -9999.0 -9999.0 -9999.0 -9999.0 -9999.0 -9999.0 -9999.0 -9999.0 -9999.0 -9999.0 -9999.0 -9999.0 -9999.0 -9999.0 -9999.0 -9999.0 -9999.0 -9999.0 -9999.0 -9999.0 -9999.0 -9999.0 -9999.0 -9999.0 -9999.0 -9999.0 -9999.0 -9999.0 -9999.0 -9999.0
-9999.0 -9999.0 -9999.0 -9999.0 -9999.0 -9999.0 -9999.0 -9999.0 -9999.0 -9999.0 -9999.0 -9999.0 -9999.0 -9999.0 -9999.0 -9999.0 -9999.0 -9999.0 -9999.0 -9999.0 -9999.0 -9999.0 -9999.0 -9999.0 -9999.0 -9999.0 -9999.0 -9999.0 -9999.0 -9999.0 -9999.0 -9999.0 -9999.0 -9999.0 -9999.0 -9999.0 -9999.0 -9999.0 -9999.0 -9999.0 -9999.0 -9999.0 -9999.0 -9999.0 -9999.0 -9999.0 -9999.0 -9999.0 -9999.0 -9999.0 -9999.0 -9999.0 -9999.0 -9999.0 -9999.0 -9999.0 -9999.0 -9999.0 -9999.0 -9999.0 -9999.0 -9999.0 -9999.0 -9999.0 -9999.0 -9999.0 -9999.0 -9999.0 -9999.0 -9999.0 -9999.0 -9999.0 -9999.0 -9999.0 -9999.0 -9999.0 -9999.0 -9999.0 -9999.0 -9999.0 -9999.0 -9999.0 -9999.0 -9999.0 -9999.0 -9999.0 -9999.0 -9999.0 -9999.0 -9999.0 -9999.0 -9999.0 -9999.0 -9999.0 -9999.0 -9999.0 -9999.0 -9999.0 -9999.0 -9999.0 -9999.0 -9999.0 -9999.0 -9999.0
-9999.0 -9999.0 75.484799 -22.519091 -121.561553 -220.852266 -320.234056 -419.649355 -519.068753 -618.471456 -717.822243 -817.108530 -916.309941 -1015.403059 -1114.466923 -1213.477511 -1312.249403 -1410.633544 -1508.341873 -1604.777981 -1698.739144 -1788.042079 -1869.623860 -1940.545477 -1999.151811 -2045.453524 -2080.724214 -2106.841950 -2125.766122 -2139.249187 -2148.729558 -2155.326172 -2159.878319 -2162.999286 -2165.129087 -2166.581939 -2167.594641 -2168.410253 -2169.494868 -2171.708358 -2170.755551 -2095.101071 -1279.732949 -1277.075736 -1266.946463 -1260.193104 -1257.012006 -1256.502865 -1256.446597 -1256.451034 -1256.464188 -1256.478415 -1256.492103 -1256.504787 -1256.516628 -1256.530991 -1256.578590 -1256.889589 -1258.605148 -1262.367066 -1267.207567 -1262.509598 -2070.268865 -2165.126168 -2170.357210 -2169.927093 -2169.719272 -2169.673796 -2169.666016 -2169.665166 -2169.665440 -2169.665823 -2169.666150 -2169.666409 -2169.666613 -2169.666776 -2169.666909 -2169.667020 -2169.667118 -2169.667207 -2169.667298 -2169.667398 -2169.667520 -2169.667685 -2169.667920 -2169.668273 -2169.668819 -2169.669685 -2169.671091 -2169.673430 -2169.677426 -2169.684457 -2169.697219 -2169.721109 -2169.767205 -2169.859070 -2170.049688 -2170.467235 -2171.449426 -2173.981882 -2181.327411 -2205.855458 -9999.0 -9999.0
-9999.0 -9999.0 75.494887 -22.517289 -121.561103 -220.852135 -320.234014 -419.649340 -519.068748 -618.471454 -717.822242 -817.108529 -916.309941 -1015.403059 -1114.466923 -1213.477511 -1312.249403 -1410.633544 -1508.341873 -1604.777981 -1698.739144 -1788.042080 -1869.623860 -1940.545477 -1999.151811 -2045.453524 -2080.724214 -2106.841950 -2125.766122 -2139.249187 -2148.729558 -2155.326172 -2159.878319 -2162.999286 -2165.129087 -2166.581939 -2167.594641 -2168.410253 -2169.494868 -2171.708358 -2170.755551 -2095.101071 -1279.732949 -1277.075736 -1266.946463 -1260.193104 -1257.012006 -1256.502865 -1256.446597 -1256.451034 -1256.464188 -1256.478415 -1256.492103 -1256.504787 -1256.516628 -1256.530991 -1256.578590 -1256.889589 -1258.605148 -1262.367066 -1267.207567 -1262.509598 -2070.268865 -2165.126168 -2170.357210 -2169.927093 -2169.719272 -2169.673795 -2169.666016 -2169.665166 -2169.665440 -2169.665823 -2169.666150 -2169.666409 -2169.666613 -2169.666776 -2169.666909 -2169.667020 -2169.667117 -2169.667207 -2169.667298 -2169.667398 -2169.667520 -2169.667685 -2169.667920 -2169.668273 -2169.668819 -2169.669685 -2169.671091 -2169.673430 -2169.677426 -2169.684457 -2169.697219 -2169.721109 -2169.767205 -2169.859070 -2170.049688 -2170.467235 -2171.449426 -2173.981882 -2181.327411 -2205.855458 -9999.0 -9999.0
-9999.0 -9999.0 75.495982 -22.516565 -121.560818 -220.852032 -320.233978 -419.649327 -519.068743 -618.471452 -717.822241 -817.108529 -916.309941 -1015.403058 -1114.466923 -1213.477511 -1312.249403 -1410.633544 -1508.341873 -1604.777981 -1698.739144 -1788.042080 -1869.623860 -1940.545478 -1999.151811 -2045.453524 -2080.724214 -2106.841950 -2125.766122 -2139.249187 -2148.729558 -2155.326172 -2159.878319 -2162.999286 -2165.129087 -2166.581939 -2167.594641 -2168.410253 -2169.494868 -2171.708358 -2170.755551 -2095.101071 -1279.732949 -1277.075736 -1266.946463 -1260.193104 -1257.012006 -1256.502865 -1256.446597 -1256.451034 -1256.464188 -1256.478415 -1256.492103 -1256.504787 -1256.516628 -1256.530991 -1256.578590 -1256.889589 -1258.605148 -1262.367066 -1267.207567 -1262.509598 -2070.268865 -2165.126168 -2170.357210 -2169.927093 -2169.719272 -2169.673795 -2169.666016 -2169.665166 -2169.665440 -2169.665823 -2169.666150 -2169.666409 -2169.666613 -2169.666776 -2169.666909 -2169.667020 -2169.667117 -2169.667207 -2169.667298 -2169.667398 -2169.667520 -2169.667685 -2169.667920 -2169.668273 -2169.668819 -2169.669685 -2169.671091 -2169.673430 -2169.677426 -2169.684457 -2169.697219 -2169.721109 -2169.767205 -2169.859070 -2170.049688 -2170.467235 -2171.449426 -2173.981882 -2181.327411 -2205.855458 -9999.0 -9999.0
-9999.0 -9999.0 75.495982 -22.516565 -121.560818 -220.852032 -320.233978 -419.649327 -519.068743 -618.471452 -717.822241 -817.108529 -916.309941 -1015.403058 -1114.466923 -1213.477511 -1312.249403 -1410.633544 -1508.341873 -1604.777981 -1698.739144 -1788.042080 -1869.623860 -1940.545478 -1999.151811 -2045.453524 -2080.724214 -2106.841950 -2125.766122 -2139.249187 -2148.729558 -2155.326172 -2159.878319 -2162.999286 -2165.129087 -2166.581939 -2167.594641 -2168.410253 -2169.494868 -2171.708358 -2170.755551 -2095.101071 -1279.732949 -1277.075736 -1266.946463 -1260.193104 -1257.012006 -1256.502865 -1256.446597 -1256.451034 -1256.464188 -1256.478415 -1256.492103 -1256.504787 -1256.516628 -1256.530991 -1256.578590 -1256.889589 -1258.605148 -1262.367066 -1267.207567 -1262.509598 -2070.268865 -2165.126168 -2170.357210 -2169.927093 -2169.719272 -2169.673795 -2169.666016 -2169.665166 -2169.665440 -2169.665823 -2169.666150 -2169.666409 -2169.666613 -2169.666776 -2169.666909 -2169.667020 -2169.667117 -2169.667207 -2169.667298 -2169.667398 -2169.667520 -2169.667685 -2169.667920 -2169.668273 -2169.668819 -2169.669685 -2169.671091 -2169.673430 -2169.677426 -2169.684457 -2169.697219 -2169.721109 -2169.767205 -2169.859070 -2170.049688 -2170.467235 -2171.449426 -2173.981882 -2181.327411 -2205.855458 -9999.0 -9999.0
-9999.0 -9999.0 75.494887 -22.517289 -121.561103 -220.852135 -320.234014 -419.649340 -519.068748 -618.471454 -717.822242 -817.108529 -916.309941 -1015.403059 -1114.466923 -1213.477511 -1312.249403 -1410.633544 -1508.341873 -1604.777981 -1698.739144 -1788.042080 -1869.623860 -1940.545477 -1999.151811 -2045.453524 -2080.724214 -2106.841950 -2125.766122 -2139.249187 -2148.729558 -2155.326172 -2159.878319 -2162.999286 -2165.129087 -2166.581939 -2167.594641 -2168.410253 -2169.494868 -2171.708358 -2170.755551 -2095.101071 -1279.732949 -1277.075736 -1266.946463 -1260.193104 -1257.012006 -1256.502865 -1256.446597 -1256.451034 -1256.464188 -1256.478415 -1256.492103 -1256.504787 -1256.516628 -1256.530991 -1256.578590 -1256.889589 -1258.605148 -1262.367066 -1267.207567 -1262.509598 -2070.268865 -2165.126168 -2170.357210 -2169.927093 -2169.719272 -2169.673795 -2169.666016 -2169.665166 -2169.665440 -2169.665823 -2169.666150 -2169.666409 -2169.666613 -2169.666776 -2169.666909 -2169.667020 -2169.667117 -2169.667207 -2169.667298 -2169.667398 -2169.667520 -2169.667685 -2169.667920 -2169.668273 -2169.668819 -2169.669685 -2169.671091 -2169.673430 -2169.677426 -2169.684457 -2169.697219 -2169.721109 -2169.767205 -2169.859070 -2170.049688 -2170.467235 -2171.449426 -2173.981882 -2181.327411 -2205.855458 -9999.0 -9999.0
-9999.0 -9999.0 75.484799 -22.519091 -121.561553 -220.852266 -320.234056 -419.649355 -519.068753 -618.471456 -717.822243 -817.108530 -916.309941 -1015.403059 -1114.466923 -1213.477511 -1312.249403 -1410.633544 -1508.341873 -1604.777981 -1698.739144 -1788.042079 -1869.623860 -1940.545477 -1999.151811 -2045.453524 -2080.724214 -2106.841950 -2125.766122 -2139.249187 -2148.729558 -2155.326172 -2159.878319 -2162.999286 -2165.129087 -2166.581939 -2167.594641 -2168.410253 -2169.494868 -2171.708358 -2170.755551 -2095.101071 -1279.732949 -1277.075736 -1266.946463 -1260.193104 -1257.012006 -1256.502865 -1256.446597 -1256.451034 -1256.464188 -1256.478415 -1256.492103 -1256.504787 -1256.516628 -1256.530991 -1256.578590 -1256.889589 -1258.605148 -1262.367066 -1267.207567 -1262.509598 -2070.268865 -2165.126168 -2170.357210 -2169.927093 -2169.719272 -2169.673796 -2169.666016 -2169.665166 -2169.665440 -2169.665823 -2169.666150 -2169.666409 -2169.666613 -2169.666776 -2169.666909 -2169.667020 -2169.667118 -2169.667207 -2169.667298 -2169.667398 -2169.667520 -2169.667685 -2169.667920 -2169.668273 -2169.668819 -2169.669685 -2169.671091 -2169.673430 -2169.677426 -2169.684457 -2169.697219 -2169.721109 -2169.767205 -2169.859070 -2170.049688 -2170.467235 -2171.449426 -2173.981882 -2181.327411 -2205.855458 -9999.0 -9999.0
-9999.0 -9999.0 -9999.0 -9999.0 -9999.0 -9999.0 -9999.0 -9999.0 -9999.0 -9999.0 -9999.0 -9999.0 -9999.0 -9999.0 -9999.0 -9999.0 -9999.0 -9999.0 -9999.0 -9999.0 -9999.0 -9999.0 -9999.0 -9999.0 -9999.0 -9999.0 -9999.0 -9999.0 -9999.0 -9999.0 -9999.0 -9999.0 -9999.0 -9999.0 -9999.0 -9999.0 -9999.0 -9999.0 -9999.0 -9999.0 -9999.0 -9999.0 -9999.0 -9999.0 -9999.0 -9999.0 -9999.0 -9999.0 -9999.0 -9999.0 -9999.0 -9999.0 -9999.0 -9999.0 -9999.0 -9999.0 -9999.0 -9999.0 -9999.0 -9999.0 -9999.0 -9999.0 -9999.0 -9999.0 -9999.0 -9999.0 -9999.0 -9999.0 -9999.0 -9999.0 -9999.0 -9999.0 -9999.0 -9999.0 -9999.0 -9999.0 -9999.0 -9999.0 -9999.0 -9999.0 -9999.0 -9999.0 -9999.0 -9999.0 -9999.0 -9999.0 -9999.0 -9999.0 -9999.0 -9999.0 -9999.0 -9999.0 -9999.0 -9999.0 -9999.0 -9999.0 -9999.0 -9999.0 -9999.0 -9999.0 -9999.0 -9999.0 -9999.0 -9999.0
-9999.0 -9999.0 -9999.0 -9999.0 -9999.0 -9999.0 -9999.0 -9999.0 -9999.0 -9999.0 -9999.0 -9999.0 -9999.0 -9999.0 -9999.0 -9999.0 -9999.0 -9999.0 -9999.0 -9999.0 -9999.0 -9999.0 -9999.0 -9999.0 -9999.0 -9999.0 -9999.0 -9999.0 -9999.0 -9999.0 -9999.0 -9999.0 -9999.0 -9999.0 -9999.0 -9999.0 -9999.0 -9999.0 -9999.0 -9999.0 -9999.0 -9999.0 -9999.0 -9999.0 -9999.0 -9999.0 -9999.0 -9999.0 -9999.0 -9999.0 -9999.0 -9999.0 -9999.0 -9999.0 -9999.0 -9999.0 -9999.0 -9999.0 -9999.0 -9999.0 -9999.0 -9999.0 -9999.0 -9999.0 -9999.0 -9999.0 -9999.0 -9999.0 -9999.0 -9999.0 -9999.0 -9999.0 -9999.0 -9999.0 -9999.0 -9999.0 -9999.0 -9999.0 -9999.0 -9999.0 -9999.0 -9999.0 -9999.0 -9999.0 -9999.0 -9999.0 -9999.0 -9999.0 -9999.0 -9999.0 -9999.0 -9999.0 -9999.0 -9999.0 -9999.0 -9999.0 -9999.0 -9999.0 -9999.0 -9999.0 -9999.0 -9999.0 -9999.0 -9999.0