inst/processing_geotop_simulation/geotop_simulation/out/maps3D/PwL0010N0225.asc
ncols         104
nrows         10
xllcorner     -2.000000
yllcorner     0.000000
cellsize      1.000000
NODATA_value  -9999.0
-9999.0 -9999.0 -9999.0 -9999.0 -9999.0 -9999.0 -9999.0 -9999.0 -9999.0 -9999.0 -9999.0 -9999.0 -9999.0 -9999.0 -9999.0 -9999.0 -9999.0 -9999.0 -9999.0 -9999.0 -9999.0 -9999.0 -9999.0 -9999.0 -9999.0 -9999.0 -9999.0 -9999.0 -9999.0 -9999.0 -9999.0 -9999.0 -9999.0 -9999.0 -9999.0 -9999.0 -9999.0 -9999.0 -9999.0 -9999.0 -9999.0 -9999.0 -9999.0 -9999.0 -9999.0 -9999.0 -9999.0 -9999.0 -9999.0 -9999.0 -9999.0 -9999.0 -9999.0 -9999.0 -9999.0 -9999.0 -9999.0 -9999.0 -9999.0 -9999.0 -9999.0 -9999.0 -9999.0 -9999.0 -9999.0 -9999.0 -9999.0 -9999.0 -9999.0 -9999.0 -9999.0 -9999.0 -9999.0 -9999.0 -9999.0 -9999.0 -9999.0 -9999.0 -9999.0 -9999.0 -9999.0 -9999.0 -9999.0 -9999.0 -9999.0 -9999.0 -9999.0 -9999.0 -9999.0 -9999.0 -9999.0 -9999.0 -9999.0 -9999.0 -9999.0 -9999.0 -9999.0 -9999.0 -9999.0 -9999.0 -9999.0 -9999.0 -9999.0 -9999.0
-9999.0 -9999.0 -9999.0 -9999.0 -9999.0 -9999.0 -9999.0 -9999.0 -9999.0 -9999.0 -9999.0 -9999.0 -9999.0 -9999.0 -9999.0 -9999.0 -9999.0 -9999.0 -9999.0 -9999.0 -9999.0 -9999.0 -9999.0 -9999.0 -9999.0 -9999.0 -9999.0 -9999.0 -9999.0 -9999.0 -9999.0 -9999.0 -9999.0 -9999.0 -9999.0 -9999.0 -9999.0 -9999.0 -9999.0 -9999.0 -9999.0 -9999.0 -9999.0 -9999.0 -9999.0 -9999.0 -9999.0 -9999.0 -9999.0 -9999.0 -9999.0 -9999.0 -9999.0 -9999.0 -9999.0 -9999.0 -9999.0 -9999.0 -9999.0 -9999.0 -9999.0 -9999.0 -9999.0 -9999.0 -9999.0 -9999.0 -9999.0 -9999.0 -9999.0 -9999.0 -9999.0 -9999.0 -9999.0 -9999.0 -9999.0 -9999.0 -9999.0 -9999.0 -9999.0 -9999.0 -9999.0 -9999.0 -9999.0 -9999.0 -9999.0 -9999.0 -9999.0 -9999.0 -9999.0 -9999.0 -9999.0 -9999.0 -9999.0 -9999.0 -9999.0 -9999.0 -9999.0 -9999.0 -9999.0 -9999.0 -9999.0 -9999.0 -9999.0 -9999.0
-9999.0 -9999.0 477.349125 381.860630 284.944703 187.358554 89.487598 -8.499303 -106.517762 -204.529190 -302.481535 -400.291403 -497.779998 -594.575080 -690.230713 -786.405133 -882.175619 -977.575221 -1072.740599 -1163.094453 -1247.936944 -1323.629695 -1387.394551 -1438.299127 -1477.136413 -1505.731723 -1526.226847 -1540.616036 -1550.550870 -1557.313246 -1561.860259 -1564.886460 -1566.884053 -1568.194611 -1569.051182 -1569.612538 -1569.994254 -1570.319313 -1570.924073 -1573.315768 -1583.048481 -1608.662327 -1387.603750 -1673.996586 -1587.685598 -1536.833895 -1514.052834 -1511.092736 -1510.793718 -1510.825703 -1510.904782 -1510.989472 -1511.070774 -1511.146012 -1511.215594 -1511.294403 -1511.529474 -1513.190829 -1524.826856 -1551.663123 -1591.789065 -1294.011875 -1577.770361 -1576.618306 -1572.050595 -1570.975831 -1570.792601 -1570.764204 -1570.760397 -1570.760574 -1570.761308 -1570.761990 -1570.762530 -1570.762943 -1570.763260 -1570.763507 -1570.763702 -1570.763861 -1570.763994 -1570.764113 -1570.764229 -1570.764359 -1570.764522 -1570.764748 -1570.765083 -1570.765596 -1570.766404 -1570.767696 -1570.769800 -1570.773287 -1570.779196 -1570.789478 -1570.807908 -1570.841940 -1570.906553 -1571.032443 -1571.284878 -1571.811678 -1572.975833 -1575.748259 -1583.063591 -1605.998843 -9999.0 -9999.0
-9999.0 -9999.0 477.355631 381.862439 284.945207 187.358706 89.487646 -8.499287 -106.517756 -204.529188 -302.481534 -400.291403 -497.779997 -594.575080 -690.230713 -786.405133 -882.175619 -977.575221 -1072.740599 -1163.094454 -1247.936944 -1323.629695 -1387.394551 -1438.299127 -1477.136414 -1505.731723 -1526.226847 -1540.616036 -1550.550870 -1557.313246 -1561.860259 -1564.886460 -1566.884053 -1568.194611 -1569.051182 -1569.612538 -1569.994254 -1570.319313 -1570.924073 -1573.315768 -1583.048481 -1608.662327 -1387.603750 -1673.996586 -1587.685598 -1536.833894 -1514.052834 -1511.092736 -1510.793718 -1510.825703 -1510.904782 -1510.989472 -1511.070774 -1511.146012 -1511.215594 -1511.294403 -1511.529474 -1513.190829 -1524.826856 -1551.663123 -1591.789065 -1294.011875 -1577.770361 -1576.618306 -1572.050595 -1570.975831 -1570.792601 -1570.764204 -1570.760397 -1570.760574 -1570.761308 -1570.761990 -1570.762530 -1570.762943 -1570.763260 -1570.763507 -1570.763702 -1570.763861 -1570.763994 -1570.764113 -1570.764229 -1570.764359 -1570.764522 -1570.764748 -1570.765083 -1570.765596 -1570.766404 -1570.767696 -1570.769800 -1570.773287 -1570.779196 -1570.789478 -1570.807908 -1570.841940 -1570.906553 -1571.032443 -1571.284878 -1571.811678 -1572.975833 -1575.748259 -1583.063591 -1605.998843 -9999.0 -9999.0
-9999.0 -9999.0 477.357173 381.863251 284.945533 187.358826 89.487690 -8.499272 -106.517751 -204.529186 -302.481533 -400.291402 -497.779997 -594.575080 -690.230713 -786.405133 -882.175619 -977.575221 -1072.740599 -1163.094454 -1247.936945 -1323.629696 -1387.394551 -1438.299127 -1477.136414 -1505.731723 -1526.226847 -1540.616036 -1550.550870 -1557.313246 -1561.860259 -1564.886460 -1566.884053 -1568.194611 -1569.051182 -1569.612538 -1569.994254 -1570.319313 -1570.924073 -1573.315768 -1583.048481 -1608.662327 -1387.603750 -1673.996586 -1587.685598 -1536.833893 -1514.052834 -1511.092736 -1510.793718 -1510.825703 -1510.904782 -1510.989472 -1511.070774 -1511.146012 -1511.215594 -1511.294403 -1511.529474 -1513.190829 -1524.826856 -1551.663123 -1591.789065 -1294.011875 -1577.770361 -1576.618306 -1572.050595 -1570.975831 -1570.792601 -1570.764204 -1570.760397 -1570.760574 -1570.761308 -1570.761990 -1570.762530 -1570.762943 -1570.763260 -1570.763507 -1570.763702 -1570.763861 -1570.763994 -1570.764113 -1570.764229 -1570.764359 -1570.764522 -1570.764748 -1570.765083 -1570.765596 -1570.766404 -1570.767696 -1570.769800 -1570.773287 -1570.779196 -1570.789478 -1570.807908 -1570.841940 -1570.906553 -1571.032443 -1571.284878 -1571.811678 -1572.975833 -1575.748259 -1583.063591 -1605.998843 -9999.0 -9999.0
-9999.0 -9999.0 477.357173 381.863251 284.945533 187.358827 89.487690 -8.499271 -106.517751 -204.529186 -302.481533 -400.291402 -497.779997 -594.575080 -690.230713 -786.405133 -882.175619 -977.575221 -1072.740599 -1163.094454 -1247.936945 -1323.629696 -1387.394551 -1438.299127 -1477.136414 -1505.731723 -1526.226847 -1540.616036 -1550.550870 -1557.313246 -1561.860259 -1564.886460 -1566.884053 -1568.194611 -1569.051182 -1569.612538 -1569.994254 -1570.319313 -1570.924073 -1573.315768 -1583.048481 -1608.662327 -1387.603750 -1673.996586 -1587.685598 -1536.833893 -1514.052834 -1511.092736 -1510.793718 -1510.825703 -1510.904782 -1510.989472 -1511.070774 -1511.146012 -1511.215594 -1511.294403 -1511.529474 -1513.190829 -1524.826856 -1551.663123 -1591.789065 -1294.011875 -1577.770361 -1576.618306 -1572.050595 -1570.975831 -1570.792601 -1570.764204 -1570.760397 -1570.760574 -1570.761308 -1570.761990 -1570.762530 -1570.762943 -1570.763260 -1570.763507 -1570.763702 -1570.763861 -1570.763994 -1570.764113 -1570.764229 -1570.764359 -1570.764522 -1570.764748 -1570.765083 -1570.765596 -1570.766404 -1570.767696 -1570.769800 -1570.773287 -1570.779196 -1570.789478 -1570.807908 -1570.841940 -1570.906553 -1571.032443 -1571.284878 -1571.811678 -1572.975833 -1575.748259 -1583.063591 -1605.998843 -9999.0 -9999.0
-9999.0 -9999.0 477.355631 381.862439 284.945207 187.358706 89.487647 -8.499287 -106.517756 -204.529188 -302.481534 -400.291403 -497.779997 -594.575080 -690.230713 -786.405133 -882.175619 -977.575221 -1072.740599 -1163.094454 -1247.936944 -1323.629695 -1387.394551 -1438.299127 -1477.136414 -1505.731723 -1526.226847 -1540.616036 -1550.550870 -1557.313246 -1561.860259 -1564.886460 -1566.884053 -1568.194611 -1569.051182 -1569.612538 -1569.994254 -1570.319313 -1570.924073 -1573.315768 -1583.048481 -1608.662327 -1387.603750 -1673.996586 -1587.685598 -1536.833894 -1514.052834 -1511.092736 -1510.793718 -1510.825703 -1510.904782 -1510.989472 -1511.070774 -1511.146012 -1511.215594 -1511.294403 -1511.529474 -1513.190829 -1524.826856 -1551.663123 -1591.789065 -1294.011875 -1577.770361 -1576.618306 -1572.050595 -1570.975831 -1570.792601 -1570.764204 -1570.760397 -1570.760574 -1570.761308 -1570.761990 -1570.762530 -1570.762943 -1570.763260 -1570.763507 -1570.763702 -1570.763861 -1570.763994 -1570.764113 -1570.764229 -1570.764359 -1570.764522 -1570.764748 -1570.765083 -1570.765596 -1570.766404 -1570.767696 -1570.769800 -1570.773287 -1570.779196 -1570.789478 -1570.807908 -1570.841940 -1570.906553 -1571.032443 -1571.284878 -1571.811678 -1572.975833 -1575.748259 -1583.063591 -1605.998843 -9999.0 -9999.0
-9999.0 -9999.0 477.349125 381.860630 284.944703 187.358554 89.487597 -8.499303 -106.517762 -204.529190 -302.481535 -400.291403 -497.779998 -594.575080 -690.230713 -786.405133 -882.175619 -977.575221 -1072.740599 -1163.094453 -1247.936944 -1323.629695 -1387.394551 -1438.299127 -1477.136413 -1505.731723 -1526.226847 -1540.616036 -1550.550870 -1557.313246 -1561.860259 -1564.886460 -1566.884053 -1568.194611 -1569.051182 -1569.612538 -1569.994254 -1570.319313 -1570.924073 -1573.315768 -1583.048481 -1608.662327 -1387.603750 -1673.996586 -1587.685598 -1536.833895 -1514.052834 -1511.092736 -1510.793718 -1510.825703 -1510.904782 -1510.989472 -1511.070774 -1511.146012 -1511.215594 -1511.294403 -1511.529474 -1513.190829 -1524.826856 -1551.663123 -1591.789065 -1294.011875 -1577.770361 -1576.618306 -1572.050595 -1570.975831 -1570.792601 -1570.764204 -1570.760397 -1570.760574 -1570.761308 -1570.761990 -1570.762530 -1570.762943 -1570.763260 -1570.763507 -1570.763702 -1570.763861 -1570.763994 -1570.764113 -1570.764229 -1570.764359 -1570.764522 -1570.764748 -1570.765083 -1570.765596 -1570.766404 -1570.767696 -1570.769800 -1570.773287 -1570.779196 -1570.789478 -1570.807908 -1570.841940 -1570.906553 -1571.032443 -1571.284878 -1571.811678 -1572.975833 -1575.748259 -1583.063591 -1605.998843 -9999.0 -9999.0
-9999.0 -9999.0 -9999.0 -9999.0 -9999.0 -9999.0 -9999.0 -9999.0 -9999.0 -9999.0 -9999.0 -9999.0 -9999.0 -9999.0 -9999.0 -9999.0 -9999.0 -9999.0 -9999.0 -9999.0 -9999.0 -9999.0 -9999.0 -9999.0 -9999.0 -9999.0 -9999.0 -9999.0 -9999.0 -9999.0 -9999.0 -9999.0 -9999.0 -9999.0 -9999.0 -9999.0 -9999.0 -9999.0 -9999.0 -9999.0 -9999.0 -9999.0 -9999.0 -9999.0 -9999.0 -9999.0 -9999.0 -9999.0 -9999.0 -9999.0 -9999.0 -9999.0 -9999.0 -9999.0 -9999.0 -9999.0 -9999.0 -9999.0 -9999.0 -9999.0 -9999.0 -9999.0 -9999.0 -9999.0 -9999.0 -9999.0 -9999.0 -9999.0 -9999.0 -9999.0 -9999.0 -9999.0 -9999.0 -9999.0 -9999.0 -9999.0 -9999.0 -9999.0 -9999.0 -9999.0 -9999.0 -9999.0 -9999.0 -9999.0 -9999.0 -9999.0 -9999.0 -9999.0 -9999.0 -9999.0 -9999.0 -9999.0 -9999.0 -9999.0 -9999.0 -9999.0 -9999.0 -9999.0 -9999.0 -9999.0 -9999.0 -9999.0 -9999.0 -9999.0
-9999.0 -9999.0 -9999.0 -9999.0 -9999.0 -9999.0 -9999.0 -9999.0 -9999.0 -9999.0 -9999.0 -9999.0 -9999.0 -9999.0 -9999.0 -9999.0 -9999.0 -9999.0 -9999.0 -9999.0 -9999.0 -9999.0 -9999.0 -9999.0 -9999.0 -9999.0 -9999.0 -9999.0 -9999.0 -9999.0 -9999.0 -9999.0 -9999.0 -9999.0 -9999.0 -9999.0 -9999.0 -9999.0 -9999.0 -9999.0 -9999.0 -9999.0 -9999.0 -9999.0 -9999.0 -9999.0 -9999.0 -9999.0 -9999.0 -9999.0 -9999.0 -9999.0 -9999.0 -9999.0 -9999.0 -9999.0 -9999.0 -9999.0 -9999.0 -9999.0 -9999.0 -9999.0 -9999.0 -9999.0 -9999.0 -9999.0 -9999.0 -9999.0 -9999.0 -9999.0 -9999.0 -9999.0 -9999.0 -9999.0 -9999.0 -9999.0 -9999.0 -9999.0 -9999.0 -9999.0 -9999.0 -9999.0 -9999.0 -9999.0 -9999.0 -9999.0 -9999.0 -9999.0 -9999.0 -9999.0 -9999.0 -9999.0 -9999.0 -9999.0 -9999.0 -9999.0 -9999.0 -9999.0 -9999.0 -9999.0 -9999.0 -9999.0 -9999.0 -9999.0