inst/processing_geotop_simulation/geotop_simulation/out/maps3D/PwL0001N0092.asc
ncols         104
nrows         10
xllcorner     -2.000000
yllcorner     0.000000
cellsize      1.000000
NODATA_value  -9999.0
-9999.0 -9999.0 -9999.0 -9999.0 -9999.0 -9999.0 -9999.0 -9999.0 -9999.0 -9999.0 -9999.0 -9999.0 -9999.0 -9999.0 -9999.0 -9999.0 -9999.0 -9999.0 -9999.0 -9999.0 -9999.0 -9999.0 -9999.0 -9999.0 -9999.0 -9999.0 -9999.0 -9999.0 -9999.0 -9999.0 -9999.0 -9999.0 -9999.0 -9999.0 -9999.0 -9999.0 -9999.0 -9999.0 -9999.0 -9999.0 -9999.0 -9999.0 -9999.0 -9999.0 -9999.0 -9999.0 -9999.0 -9999.0 -9999.0 -9999.0 -9999.0 -9999.0 -9999.0 -9999.0 -9999.0 -9999.0 -9999.0 -9999.0 -9999.0 -9999.0 -9999.0 -9999.0 -9999.0 -9999.0 -9999.0 -9999.0 -9999.0 -9999.0 -9999.0 -9999.0 -9999.0 -9999.0 -9999.0 -9999.0 -9999.0 -9999.0 -9999.0 -9999.0 -9999.0 -9999.0 -9999.0 -9999.0 -9999.0 -9999.0 -9999.0 -9999.0 -9999.0 -9999.0 -9999.0 -9999.0 -9999.0 -9999.0 -9999.0 -9999.0 -9999.0 -9999.0 -9999.0 -9999.0 -9999.0 -9999.0 -9999.0 -9999.0 -9999.0 -9999.0
-9999.0 -9999.0 -9999.0 -9999.0 -9999.0 -9999.0 -9999.0 -9999.0 -9999.0 -9999.0 -9999.0 -9999.0 -9999.0 -9999.0 -9999.0 -9999.0 -9999.0 -9999.0 -9999.0 -9999.0 -9999.0 -9999.0 -9999.0 -9999.0 -9999.0 -9999.0 -9999.0 -9999.0 -9999.0 -9999.0 -9999.0 -9999.0 -9999.0 -9999.0 -9999.0 -9999.0 -9999.0 -9999.0 -9999.0 -9999.0 -9999.0 -9999.0 -9999.0 -9999.0 -9999.0 -9999.0 -9999.0 -9999.0 -9999.0 -9999.0 -9999.0 -9999.0 -9999.0 -9999.0 -9999.0 -9999.0 -9999.0 -9999.0 -9999.0 -9999.0 -9999.0 -9999.0 -9999.0 -9999.0 -9999.0 -9999.0 -9999.0 -9999.0 -9999.0 -9999.0 -9999.0 -9999.0 -9999.0 -9999.0 -9999.0 -9999.0 -9999.0 -9999.0 -9999.0 -9999.0 -9999.0 -9999.0 -9999.0 -9999.0 -9999.0 -9999.0 -9999.0 -9999.0 -9999.0 -9999.0 -9999.0 -9999.0 -9999.0 -9999.0 -9999.0 -9999.0 -9999.0 -9999.0 -9999.0 -9999.0 -9999.0 -9999.0 -9999.0 -9999.0
-9999.0 -9999.0 31.882599 -54.641027 -148.526072 -244.044039 -340.250931 -436.954766 -534.356509 -633.576093 -752.031523 -936.302915 -1085.240093 -1191.569009 -1270.439140 -1349.645408 -1401.891878 -1426.132788 -1431.767784 -1428.462667 -1422.834477 -1418.160584 -1415.599709 -1415.233228 -1416.655966 -1419.277159 -1422.476890 -1425.720694 -1428.640659 -1431.054765 -1432.927888 -1434.312545 -1435.298321 -1435.978839 -1436.435541 -1436.734356 -1436.935726 -1437.112716 -1437.329505 -1437.935536 -1443.041101 -1463.491476 -934.133273 -928.198353 -916.857230 -909.883148 -906.621752 -906.168831 -906.124523 -906.135982 -906.156601 -906.178387 -906.199286 -906.218615 -906.236336 -906.254857 -906.298323 -906.572434 -908.322371 -912.340506 -919.021187 -917.451217 -1447.049567 -1441.076392 -1437.986836 -1437.493211 -1437.402340 -1437.386034 -1437.385298 -1437.387436 -1437.389679 -1437.391498 -1437.392881 -1437.393923 -1437.394716 -1437.395330 -1437.395814 -1437.396202 -1437.396524 -1437.396805 -1437.397074 -1437.397368 -1437.397733 -1437.398234 -1437.398970 -1437.400097 -1437.401862 -1437.404671 -1437.409204 -1437.416625 -1437.429003 -1437.450142 -1437.487265 -1437.554471 -1437.679707 -1437.918634 -1438.382044 -1439.292562 -1441.116848 -1444.920430 -1453.422619 -1475.546894 -9999.0 -9999.0
-9999.0 -9999.0 31.896383 -54.638720 -148.525496 -244.043872 -340.250878 -436.954749 -534.356503 -633.576092 -752.031523 -936.302916 -1085.240093 -1191.569009 -1270.439140 -1349.645408 -1401.891878 -1426.132788 -1431.767784 -1428.462667 -1422.834477 -1418.160584 -1415.599709 -1415.233228 -1416.655966 -1419.277159 -1422.476890 -1425.720694 -1428.640659 -1431.054765 -1432.927888 -1434.312545 -1435.298321 -1435.978839 -1436.435541 -1436.734356 -1436.935726 -1437.112716 -1437.329505 -1437.935536 -1443.041101 -1463.491476 -934.133273 -928.198353 -916.857230 -909.883148 -906.621752 -906.168831 -906.124523 -906.135982 -906.156601 -906.178387 -906.199286 -906.218615 -906.236336 -906.254857 -906.298323 -906.572434 -908.322371 -912.340506 -919.021187 -917.451217 -1447.049567 -1441.076392 -1437.986836 -1437.493211 -1437.402340 -1437.386034 -1437.385298 -1437.387436 -1437.389679 -1437.391497 -1437.392881 -1437.393923 -1437.394716 -1437.395330 -1437.395814 -1437.396202 -1437.396524 -1437.396805 -1437.397074 -1437.397368 -1437.397733 -1437.398234 -1437.398970 -1437.400097 -1437.401862 -1437.404671 -1437.409204 -1437.416625 -1437.429003 -1437.450142 -1437.487265 -1437.554471 -1437.679707 -1437.918634 -1438.382044 -1439.292562 -1441.116848 -1444.920430 -1453.422619 -1475.546894 -9999.0 -9999.0
-9999.0 -9999.0 31.897656 -54.637805 -148.525134 -244.043741 -340.250832 -436.954733 -534.356498 -633.576090 -752.031522 -936.302916 -1085.240093 -1191.569009 -1270.439140 -1349.645408 -1401.891878 -1426.132788 -1431.767784 -1428.462667 -1422.834477 -1418.160584 -1415.599709 -1415.233228 -1416.655966 -1419.277159 -1422.476890 -1425.720694 -1428.640659 -1431.054765 -1432.927888 -1434.312545 -1435.298321 -1435.978839 -1436.435541 -1436.734356 -1436.935726 -1437.112716 -1437.329505 -1437.935536 -1443.041101 -1463.491476 -934.133273 -928.198353 -916.857230 -909.883148 -906.621752 -906.168831 -906.124523 -906.135982 -906.156601 -906.178387 -906.199286 -906.218615 -906.236336 -906.254857 -906.298323 -906.572434 -908.322371 -912.340506 -919.021187 -917.451217 -1447.049567 -1441.076392 -1437.986836 -1437.493211 -1437.402340 -1437.386034 -1437.385298 -1437.387436 -1437.389679 -1437.391497 -1437.392881 -1437.393923 -1437.394716 -1437.395330 -1437.395814 -1437.396202 -1437.396524 -1437.396805 -1437.397074 -1437.397368 -1437.397733 -1437.398234 -1437.398970 -1437.400097 -1437.401862 -1437.404671 -1437.409204 -1437.416625 -1437.429003 -1437.450142 -1437.487265 -1437.554471 -1437.679707 -1437.918634 -1438.382044 -1439.292562 -1441.116848 -1444.920430 -1453.422619 -1475.546894 -9999.0 -9999.0
-9999.0 -9999.0 31.897656 -54.637805 -148.525134 -244.043741 -340.250832 -436.954733 -534.356498 -633.576090 -752.031522 -936.302916 -1085.240093 -1191.569009 -1270.439140 -1349.645408 -1401.891878 -1426.132788 -1431.767784 -1428.462667 -1422.834477 -1418.160584 -1415.599709 -1415.233228 -1416.655966 -1419.277159 -1422.476890 -1425.720694 -1428.640659 -1431.054765 -1432.927888 -1434.312545 -1435.298321 -1435.978839 -1436.435541 -1436.734356 -1436.935726 -1437.112716 -1437.329505 -1437.935536 -1443.041101 -1463.491476 -934.133273 -928.198353 -916.857230 -909.883148 -906.621752 -906.168831 -906.124523 -906.135982 -906.156601 -906.178387 -906.199286 -906.218615 -906.236336 -906.254857 -906.298323 -906.572434 -908.322371 -912.340506 -919.021187 -917.451217 -1447.049567 -1441.076392 -1437.986836 -1437.493211 -1437.402340 -1437.386034 -1437.385298 -1437.387436 -1437.389679 -1437.391497 -1437.392881 -1437.393923 -1437.394716 -1437.395330 -1437.395814 -1437.396202 -1437.396524 -1437.396805 -1437.397074 -1437.397368 -1437.397733 -1437.398234 -1437.398970 -1437.400097 -1437.401862 -1437.404671 -1437.409204 -1437.416625 -1437.429003 -1437.450142 -1437.487265 -1437.554471 -1437.679707 -1437.918634 -1438.382044 -1439.292562 -1441.116848 -1444.920430 -1453.422619 -1475.546894 -9999.0 -9999.0
-9999.0 -9999.0 31.896383 -54.638720 -148.525496 -244.043872 -340.250878 -436.954749 -534.356503 -633.576092 -752.031523 -936.302916 -1085.240093 -1191.569009 -1270.439140 -1349.645408 -1401.891878 -1426.132788 -1431.767784 -1428.462667 -1422.834477 -1418.160584 -1415.599709 -1415.233228 -1416.655966 -1419.277159 -1422.476890 -1425.720694 -1428.640659 -1431.054765 -1432.927888 -1434.312545 -1435.298321 -1435.978839 -1436.435541 -1436.734356 -1436.935726 -1437.112716 -1437.329505 -1437.935536 -1443.041101 -1463.491476 -934.133273 -928.198353 -916.857230 -909.883148 -906.621752 -906.168831 -906.124523 -906.135982 -906.156601 -906.178387 -906.199286 -906.218615 -906.236336 -906.254857 -906.298323 -906.572434 -908.322371 -912.340506 -919.021187 -917.451217 -1447.049568 -1441.076392 -1437.986836 -1437.493211 -1437.402340 -1437.386034 -1437.385298 -1437.387436 -1437.389679 -1437.391497 -1437.392881 -1437.393923 -1437.394716 -1437.395330 -1437.395814 -1437.396202 -1437.396524 -1437.396805 -1437.397074 -1437.397368 -1437.397733 -1437.398234 -1437.398970 -1437.400097 -1437.401862 -1437.404671 -1437.409204 -1437.416625 -1437.429003 -1437.450142 -1437.487265 -1437.554471 -1437.679707 -1437.918634 -1438.382044 -1439.292562 -1441.116848 -1444.920430 -1453.422619 -1475.546894 -9999.0 -9999.0
-9999.0 -9999.0 31.882599 -54.641027 -148.526072 -244.044039 -340.250931 -436.954766 -534.356509 -633.576093 -752.031523 -936.302915 -1085.240093 -1191.569009 -1270.439140 -1349.645408 -1401.891878 -1426.132788 -1431.767784 -1428.462667 -1422.834477 -1418.160584 -1415.599709 -1415.233228 -1416.655966 -1419.277159 -1422.476890 -1425.720694 -1428.640659 -1431.054765 -1432.927888 -1434.312545 -1435.298321 -1435.978839 -1436.435541 -1436.734356 -1436.935726 -1437.112716 -1437.329505 -1437.935536 -1443.041101 -1463.491476 -934.133273 -928.198353 -916.857230 -909.883148 -906.621752 -906.168831 -906.124523 -906.135982 -906.156601 -906.178387 -906.199286 -906.218615 -906.236336 -906.254857 -906.298323 -906.572434 -908.322371 -912.340506 -919.021187 -917.451217 -1447.049568 -1441.076392 -1437.986836 -1437.493211 -1437.402340 -1437.386034 -1437.385298 -1437.387436 -1437.389679 -1437.391498 -1437.392881 -1437.393923 -1437.394716 -1437.395330 -1437.395814 -1437.396202 -1437.396524 -1437.396805 -1437.397074 -1437.397368 -1437.397733 -1437.398234 -1437.398970 -1437.400097 -1437.401862 -1437.404671 -1437.409204 -1437.416625 -1437.429003 -1437.450142 -1437.487265 -1437.554471 -1437.679707 -1437.918634 -1438.382044 -1439.292562 -1441.116848 -1444.920430 -1453.422619 -1475.546894 -9999.0 -9999.0
-9999.0 -9999.0 -9999.0 -9999.0 -9999.0 -9999.0 -9999.0 -9999.0 -9999.0 -9999.0 -9999.0 -9999.0 -9999.0 -9999.0 -9999.0 -9999.0 -9999.0 -9999.0 -9999.0 -9999.0 -9999.0 -9999.0 -9999.0 -9999.0 -9999.0 -9999.0 -9999.0 -9999.0 -9999.0 -9999.0 -9999.0 -9999.0 -9999.0 -9999.0 -9999.0 -9999.0 -9999.0 -9999.0 -9999.0 -9999.0 -9999.0 -9999.0 -9999.0 -9999.0 -9999.0 -9999.0 -9999.0 -9999.0 -9999.0 -9999.0 -9999.0 -9999.0 -9999.0 -9999.0 -9999.0 -9999.0 -9999.0 -9999.0 -9999.0 -9999.0 -9999.0 -9999.0 -9999.0 -9999.0 -9999.0 -9999.0 -9999.0 -9999.0 -9999.0 -9999.0 -9999.0 -9999.0 -9999.0 -9999.0 -9999.0 -9999.0 -9999.0 -9999.0 -9999.0 -9999.0 -9999.0 -9999.0 -9999.0 -9999.0 -9999.0 -9999.0 -9999.0 -9999.0 -9999.0 -9999.0 -9999.0 -9999.0 -9999.0 -9999.0 -9999.0 -9999.0 -9999.0 -9999.0 -9999.0 -9999.0 -9999.0 -9999.0 -9999.0 -9999.0
-9999.0 -9999.0 -9999.0 -9999.0 -9999.0 -9999.0 -9999.0 -9999.0 -9999.0 -9999.0 -9999.0 -9999.0 -9999.0 -9999.0 -9999.0 -9999.0 -9999.0 -9999.0 -9999.0 -9999.0 -9999.0 -9999.0 -9999.0 -9999.0 -9999.0 -9999.0 -9999.0 -9999.0 -9999.0 -9999.0 -9999.0 -9999.0 -9999.0 -9999.0 -9999.0 -9999.0 -9999.0 -9999.0 -9999.0 -9999.0 -9999.0 -9999.0 -9999.0 -9999.0 -9999.0 -9999.0 -9999.0 -9999.0 -9999.0 -9999.0 -9999.0 -9999.0 -9999.0 -9999.0 -9999.0 -9999.0 -9999.0 -9999.0 -9999.0 -9999.0 -9999.0 -9999.0 -9999.0 -9999.0 -9999.0 -9999.0 -9999.0 -9999.0 -9999.0 -9999.0 -9999.0 -9999.0 -9999.0 -9999.0 -9999.0 -9999.0 -9999.0 -9999.0 -9999.0 -9999.0 -9999.0 -9999.0 -9999.0 -9999.0 -9999.0 -9999.0 -9999.0 -9999.0 -9999.0 -9999.0 -9999.0 -9999.0 -9999.0 -9999.0 -9999.0 -9999.0 -9999.0 -9999.0 -9999.0 -9999.0 -9999.0 -9999.0 -9999.0 -9999.0