inst/processing_geotop_simulation/geotop_simulation/out/maps3D/PwL0017N0276.asc
ncols         104
nrows         10
xllcorner     -2.000000
yllcorner     0.000000
cellsize      1.000000
NODATA_value  -9999.0
-9999.0 -9999.0 -9999.0 -9999.0 -9999.0 -9999.0 -9999.0 -9999.0 -9999.0 -9999.0 -9999.0 -9999.0 -9999.0 -9999.0 -9999.0 -9999.0 -9999.0 -9999.0 -9999.0 -9999.0 -9999.0 -9999.0 -9999.0 -9999.0 -9999.0 -9999.0 -9999.0 -9999.0 -9999.0 -9999.0 -9999.0 -9999.0 -9999.0 -9999.0 -9999.0 -9999.0 -9999.0 -9999.0 -9999.0 -9999.0 -9999.0 -9999.0 -9999.0 -9999.0 -9999.0 -9999.0 -9999.0 -9999.0 -9999.0 -9999.0 -9999.0 -9999.0 -9999.0 -9999.0 -9999.0 -9999.0 -9999.0 -9999.0 -9999.0 -9999.0 -9999.0 -9999.0 -9999.0 -9999.0 -9999.0 -9999.0 -9999.0 -9999.0 -9999.0 -9999.0 -9999.0 -9999.0 -9999.0 -9999.0 -9999.0 -9999.0 -9999.0 -9999.0 -9999.0 -9999.0 -9999.0 -9999.0 -9999.0 -9999.0 -9999.0 -9999.0 -9999.0 -9999.0 -9999.0 -9999.0 -9999.0 -9999.0 -9999.0 -9999.0 -9999.0 -9999.0 -9999.0 -9999.0 -9999.0 -9999.0 -9999.0 -9999.0 -9999.0 -9999.0
-9999.0 -9999.0 -9999.0 -9999.0 -9999.0 -9999.0 -9999.0 -9999.0 -9999.0 -9999.0 -9999.0 -9999.0 -9999.0 -9999.0 -9999.0 -9999.0 -9999.0 -9999.0 -9999.0 -9999.0 -9999.0 -9999.0 -9999.0 -9999.0 -9999.0 -9999.0 -9999.0 -9999.0 -9999.0 -9999.0 -9999.0 -9999.0 -9999.0 -9999.0 -9999.0 -9999.0 -9999.0 -9999.0 -9999.0 -9999.0 -9999.0 -9999.0 -9999.0 -9999.0 -9999.0 -9999.0 -9999.0 -9999.0 -9999.0 -9999.0 -9999.0 -9999.0 -9999.0 -9999.0 -9999.0 -9999.0 -9999.0 -9999.0 -9999.0 -9999.0 -9999.0 -9999.0 -9999.0 -9999.0 -9999.0 -9999.0 -9999.0 -9999.0 -9999.0 -9999.0 -9999.0 -9999.0 -9999.0 -9999.0 -9999.0 -9999.0 -9999.0 -9999.0 -9999.0 -9999.0 -9999.0 -9999.0 -9999.0 -9999.0 -9999.0 -9999.0 -9999.0 -9999.0 -9999.0 -9999.0 -9999.0 -9999.0 -9999.0 -9999.0 -9999.0 -9999.0 -9999.0 -9999.0 -9999.0 -9999.0 -9999.0 -9999.0 -9999.0 -9999.0
-9999.0 -9999.0 822.856776 725.034228 626.901085 528.470449 429.889220 331.241939 232.573038 133.906251 35.255184 -63.366653 -161.955297 -260.486926 -358.906535 -457.115344 -554.930808 -652.051196 -748.780646 -845.554515 -941.698443 -1036.954009 -1127.691575 -1208.976449 -1280.694047 -1341.380429 -1390.657586 -1429.169041 -1458.268203 -1479.635131 -1494.959904 -1505.746381 -1513.227844 -1518.359224 -1521.850277 -1524.215479 -1525.832132 -1527.034721 -1528.411084 -1531.892016 -1544.070426 -1590.247696 -1989.908200 -4086.541316 -4133.658770 -4133.663362 -4133.663351 -4133.663257 -4133.662797 -4133.661273 -4133.657062 -4133.644844 -4133.624575 -4133.598251 -4133.554376 -4133.468901 -4133.280659 -4132.825135 -4131.642257 -4128.354120 -4029.869112 -1797.884749 -1550.470192 -1535.968255 -1530.780410 -1529.473680 -1529.224346 -1529.183039 -1529.177011 -1529.176692 -1529.177220 -1529.177776 -1529.178231 -1529.178588 -1529.178868 -1529.179090 -1529.179271 -1529.179423 -1529.179553 -1529.179673 -1529.179792 -1529.179923 -1529.180083 -1529.180296 -1529.180602 -1529.181061 -1529.181771 -1529.182897 -1529.184720 -1529.187741 -1529.192876 -1529.201859 -1529.218067 -1529.248231 -1529.306072 -1529.420504 -1529.655727 -1530.164625 -1531.338177 -1534.248279 -1542.152927 -1566.832986 -9999.0 -9999.0
-9999.0 -9999.0 822.860476 725.035545 626.901499 528.470581 429.889264 331.241954 232.573044 133.906253 35.255185 -63.366652 -161.955296 -260.486926 -358.906535 -457.115344 -554.930808 -652.051196 -748.780646 -845.554516 -941.698443 -1036.954009 -1127.691575 -1208.976449 -1280.694047 -1341.380429 -1390.657586 -1429.169042 -1458.268203 -1479.635132 -1494.959904 -1505.746381 -1513.227844 -1518.359224 -1521.850277 -1524.215479 -1525.832132 -1527.034721 -1528.411084 -1531.892016 -1544.070426 -1590.247696 -1989.908200 -4086.541316 -4133.658770 -4133.663362 -4133.663351 -4133.663257 -4133.662797 -4133.661273 -4133.657062 -4133.644844 -4133.624575 -4133.598251 -4133.554376 -4133.468901 -4133.280659 -4132.825135 -4131.642257 -4128.354120 -4029.869112 -1797.884750 -1550.470192 -1535.968255 -1530.780410 -1529.473680 -1529.224346 -1529.183039 -1529.177011 -1529.176692 -1529.177220 -1529.177776 -1529.178231 -1529.178588 -1529.178868 -1529.179090 -1529.179271 -1529.179423 -1529.179553 -1529.179673 -1529.179792 -1529.179923 -1529.180083 -1529.180296 -1529.180602 -1529.181061 -1529.181771 -1529.182897 -1529.184720 -1529.187741 -1529.192876 -1529.201859 -1529.218067 -1529.248231 -1529.306072 -1529.420504 -1529.655727 -1530.164625 -1531.338177 -1534.248279 -1542.152927 -1566.832986 -9999.0 -9999.0
-9999.0 -9999.0 822.861754 725.036221 626.901780 528.470688 429.889303 331.241968 232.573049 133.906255 35.255186 -63.366652 -161.955296 -260.486926 -358.906535 -457.115344 -554.930808 -652.051196 -748.780646 -845.554516 -941.698443 -1036.954009 -1127.691575 -1208.976449 -1280.694047 -1341.380429 -1390.657586 -1429.169042 -1458.268203 -1479.635132 -1494.959904 -1505.746381 -1513.227844 -1518.359224 -1521.850277 -1524.215479 -1525.832132 -1527.034721 -1528.411084 -1531.892016 -1544.070426 -1590.247696 -1989.908200 -4086.541316 -4133.658770 -4133.663362 -4133.663351 -4133.663257 -4133.662797 -4133.661273 -4133.657062 -4133.644844 -4133.624575 -4133.598251 -4133.554376 -4133.468901 -4133.280659 -4132.825135 -4131.642257 -4128.354120 -4029.869112 -1797.884749 -1550.470192 -1535.968255 -1530.780410 -1529.473680 -1529.224346 -1529.183039 -1529.177011 -1529.176692 -1529.177220 -1529.177776 -1529.178231 -1529.178588 -1529.178868 -1529.179090 -1529.179271 -1529.179423 -1529.179553 -1529.179673 -1529.179792 -1529.179923 -1529.180083 -1529.180296 -1529.180602 -1529.181061 -1529.181771 -1529.182897 -1529.184720 -1529.187741 -1529.192876 -1529.201859 -1529.218067 -1529.248231 -1529.306072 -1529.420504 -1529.655727 -1530.164625 -1531.338177 -1534.248279 -1542.152927 -1566.832986 -9999.0 -9999.0
-9999.0 -9999.0 822.861754 725.036221 626.901780 528.470688 429.889303 331.241968 232.573049 133.906255 35.255186 -63.366652 -161.955296 -260.486926 -358.906535 -457.115344 -554.930808 -652.051196 -748.780646 -845.554516 -941.698443 -1036.954009 -1127.691575 -1208.976449 -1280.694047 -1341.380429 -1390.657586 -1429.169042 -1458.268203 -1479.635132 -1494.959904 -1505.746381 -1513.227844 -1518.359224 -1521.850277 -1524.215479 -1525.832132 -1527.034721 -1528.411084 -1531.892016 -1544.070426 -1590.247696 -1989.908200 -4086.541316 -4133.658770 -4133.663362 -4133.663351 -4133.663257 -4133.662797 -4133.661273 -4133.657062 -4133.644844 -4133.624575 -4133.598251 -4133.554376 -4133.468901 -4133.280659 -4132.825135 -4131.642257 -4128.354120 -4029.869112 -1797.884749 -1550.470192 -1535.968255 -1530.780410 -1529.473680 -1529.224346 -1529.183039 -1529.177011 -1529.176692 -1529.177220 -1529.177776 -1529.178231 -1529.178588 -1529.178868 -1529.179090 -1529.179271 -1529.179423 -1529.179553 -1529.179673 -1529.179792 -1529.179923 -1529.180083 -1529.180296 -1529.180602 -1529.181061 -1529.181771 -1529.182897 -1529.184720 -1529.187741 -1529.192876 -1529.201859 -1529.218067 -1529.248231 -1529.306072 -1529.420504 -1529.655727 -1530.164625 -1531.338177 -1534.248279 -1542.152927 -1566.832986 -9999.0 -9999.0
-9999.0 -9999.0 822.860476 725.035545 626.901499 528.470581 429.889264 331.241954 232.573044 133.906253 35.255185 -63.366652 -161.955296 -260.486926 -358.906535 -457.115344 -554.930808 -652.051196 -748.780646 -845.554516 -941.698443 -1036.954009 -1127.691575 -1208.976449 -1280.694047 -1341.380429 -1390.657586 -1429.169042 -1458.268203 -1479.635132 -1494.959904 -1505.746381 -1513.227844 -1518.359224 -1521.850277 -1524.215479 -1525.832132 -1527.034721 -1528.411084 -1531.892016 -1544.070426 -1590.247696 -1989.908200 -4086.541316 -4133.658770 -4133.663362 -4133.663351 -4133.663257 -4133.662797 -4133.661273 -4133.657062 -4133.644844 -4133.624575 -4133.598251 -4133.554376 -4133.468901 -4133.280659 -4132.825135 -4131.642257 -4128.354120 -4029.869112 -1797.884750 -1550.470192 -1535.968255 -1530.780410 -1529.473680 -1529.224346 -1529.183039 -1529.177011 -1529.176692 -1529.177220 -1529.177776 -1529.178231 -1529.178588 -1529.178868 -1529.179090 -1529.179271 -1529.179423 -1529.179553 -1529.179673 -1529.179792 -1529.179923 -1529.180083 -1529.180296 -1529.180602 -1529.181061 -1529.181771 -1529.182897 -1529.184720 -1529.187741 -1529.192876 -1529.201859 -1529.218067 -1529.248231 -1529.306072 -1529.420504 -1529.655727 -1530.164625 -1531.338177 -1534.248279 -1542.152927 -1566.832986 -9999.0 -9999.0
-9999.0 -9999.0 822.856776 725.034228 626.901085 528.470448 429.889220 331.241939 232.573038 133.906251 35.255184 -63.366653 -161.955297 -260.486926 -358.906535 -457.115344 -554.930808 -652.051196 -748.780646 -845.554515 -941.698443 -1036.954009 -1127.691575 -1208.976449 -1280.694047 -1341.380429 -1390.657586 -1429.169041 -1458.268203 -1479.635131 -1494.959904 -1505.746381 -1513.227844 -1518.359224 -1521.850277 -1524.215479 -1525.832132 -1527.034721 -1528.411084 -1531.892016 -1544.070426 -1590.247696 -1989.908200 -4086.541316 -4133.658770 -4133.663362 -4133.663351 -4133.663257 -4133.662797 -4133.661273 -4133.657062 -4133.644844 -4133.624575 -4133.598251 -4133.554376 -4133.468901 -4133.280659 -4132.825135 -4131.642257 -4128.354120 -4029.869112 -1797.884750 -1550.470192 -1535.968255 -1530.780410 -1529.473680 -1529.224346 -1529.183039 -1529.177011 -1529.176692 -1529.177220 -1529.177776 -1529.178231 -1529.178588 -1529.178868 -1529.179090 -1529.179271 -1529.179423 -1529.179553 -1529.179673 -1529.179792 -1529.179923 -1529.180083 -1529.180296 -1529.180602 -1529.181061 -1529.181771 -1529.182897 -1529.184720 -1529.187741 -1529.192876 -1529.201859 -1529.218067 -1529.248231 -1529.306072 -1529.420504 -1529.655727 -1530.164625 -1531.338177 -1534.248279 -1542.152927 -1566.832986 -9999.0 -9999.0
-9999.0 -9999.0 -9999.0 -9999.0 -9999.0 -9999.0 -9999.0 -9999.0 -9999.0 -9999.0 -9999.0 -9999.0 -9999.0 -9999.0 -9999.0 -9999.0 -9999.0 -9999.0 -9999.0 -9999.0 -9999.0 -9999.0 -9999.0 -9999.0 -9999.0 -9999.0 -9999.0 -9999.0 -9999.0 -9999.0 -9999.0 -9999.0 -9999.0 -9999.0 -9999.0 -9999.0 -9999.0 -9999.0 -9999.0 -9999.0 -9999.0 -9999.0 -9999.0 -9999.0 -9999.0 -9999.0 -9999.0 -9999.0 -9999.0 -9999.0 -9999.0 -9999.0 -9999.0 -9999.0 -9999.0 -9999.0 -9999.0 -9999.0 -9999.0 -9999.0 -9999.0 -9999.0 -9999.0 -9999.0 -9999.0 -9999.0 -9999.0 -9999.0 -9999.0 -9999.0 -9999.0 -9999.0 -9999.0 -9999.0 -9999.0 -9999.0 -9999.0 -9999.0 -9999.0 -9999.0 -9999.0 -9999.0 -9999.0 -9999.0 -9999.0 -9999.0 -9999.0 -9999.0 -9999.0 -9999.0 -9999.0 -9999.0 -9999.0 -9999.0 -9999.0 -9999.0 -9999.0 -9999.0 -9999.0 -9999.0 -9999.0 -9999.0 -9999.0 -9999.0
-9999.0 -9999.0 -9999.0 -9999.0 -9999.0 -9999.0 -9999.0 -9999.0 -9999.0 -9999.0 -9999.0 -9999.0 -9999.0 -9999.0 -9999.0 -9999.0 -9999.0 -9999.0 -9999.0 -9999.0 -9999.0 -9999.0 -9999.0 -9999.0 -9999.0 -9999.0 -9999.0 -9999.0 -9999.0 -9999.0 -9999.0 -9999.0 -9999.0 -9999.0 -9999.0 -9999.0 -9999.0 -9999.0 -9999.0 -9999.0 -9999.0 -9999.0 -9999.0 -9999.0 -9999.0 -9999.0 -9999.0 -9999.0 -9999.0 -9999.0 -9999.0 -9999.0 -9999.0 -9999.0 -9999.0 -9999.0 -9999.0 -9999.0 -9999.0 -9999.0 -9999.0 -9999.0 -9999.0 -9999.0 -9999.0 -9999.0 -9999.0 -9999.0 -9999.0 -9999.0 -9999.0 -9999.0 -9999.0 -9999.0 -9999.0 -9999.0 -9999.0 -9999.0 -9999.0 -9999.0 -9999.0 -9999.0 -9999.0 -9999.0 -9999.0 -9999.0 -9999.0 -9999.0 -9999.0 -9999.0 -9999.0 -9999.0 -9999.0 -9999.0 -9999.0 -9999.0 -9999.0 -9999.0 -9999.0 -9999.0 -9999.0 -9999.0 -9999.0 -9999.0