inst/processing_geotop_simulation/geotop_simulation/out/maps3D/PwL0015N0079.asc
ncols         104
nrows         10
xllcorner     -2.000000
yllcorner     0.000000
cellsize      1.000000
NODATA_value  -9999.0
-9999.0 -9999.0 -9999.0 -9999.0 -9999.0 -9999.0 -9999.0 -9999.0 -9999.0 -9999.0 -9999.0 -9999.0 -9999.0 -9999.0 -9999.0 -9999.0 -9999.0 -9999.0 -9999.0 -9999.0 -9999.0 -9999.0 -9999.0 -9999.0 -9999.0 -9999.0 -9999.0 -9999.0 -9999.0 -9999.0 -9999.0 -9999.0 -9999.0 -9999.0 -9999.0 -9999.0 -9999.0 -9999.0 -9999.0 -9999.0 -9999.0 -9999.0 -9999.0 -9999.0 -9999.0 -9999.0 -9999.0 -9999.0 -9999.0 -9999.0 -9999.0 -9999.0 -9999.0 -9999.0 -9999.0 -9999.0 -9999.0 -9999.0 -9999.0 -9999.0 -9999.0 -9999.0 -9999.0 -9999.0 -9999.0 -9999.0 -9999.0 -9999.0 -9999.0 -9999.0 -9999.0 -9999.0 -9999.0 -9999.0 -9999.0 -9999.0 -9999.0 -9999.0 -9999.0 -9999.0 -9999.0 -9999.0 -9999.0 -9999.0 -9999.0 -9999.0 -9999.0 -9999.0 -9999.0 -9999.0 -9999.0 -9999.0 -9999.0 -9999.0 -9999.0 -9999.0 -9999.0 -9999.0 -9999.0 -9999.0 -9999.0 -9999.0 -9999.0 -9999.0
-9999.0 -9999.0 -9999.0 -9999.0 -9999.0 -9999.0 -9999.0 -9999.0 -9999.0 -9999.0 -9999.0 -9999.0 -9999.0 -9999.0 -9999.0 -9999.0 -9999.0 -9999.0 -9999.0 -9999.0 -9999.0 -9999.0 -9999.0 -9999.0 -9999.0 -9999.0 -9999.0 -9999.0 -9999.0 -9999.0 -9999.0 -9999.0 -9999.0 -9999.0 -9999.0 -9999.0 -9999.0 -9999.0 -9999.0 -9999.0 -9999.0 -9999.0 -9999.0 -9999.0 -9999.0 -9999.0 -9999.0 -9999.0 -9999.0 -9999.0 -9999.0 -9999.0 -9999.0 -9999.0 -9999.0 -9999.0 -9999.0 -9999.0 -9999.0 -9999.0 -9999.0 -9999.0 -9999.0 -9999.0 -9999.0 -9999.0 -9999.0 -9999.0 -9999.0 -9999.0 -9999.0 -9999.0 -9999.0 -9999.0 -9999.0 -9999.0 -9999.0 -9999.0 -9999.0 -9999.0 -9999.0 -9999.0 -9999.0 -9999.0 -9999.0 -9999.0 -9999.0 -9999.0 -9999.0 -9999.0 -9999.0 -9999.0 -9999.0 -9999.0 -9999.0 -9999.0 -9999.0 -9999.0 -9999.0 -9999.0 -9999.0 -9999.0 -9999.0 -9999.0
-9999.0 -9999.0 589.760287 489.682967 389.722852 290.008828 190.619587 91.596709 -7.008808 -105.237700 -203.680450 -303.551215 -406.268857 -511.905577 -617.273992 -714.979218 -792.146153 -856.072454 -920.679657 -979.676718 -1035.003755 -1055.785009 -1042.338733 -1030.971011 -1023.214234 -1018.824083 -1016.956600 -1016.708315 -1017.344114 -1018.357416 -1019.441934 -1020.436474 -1021.273318 -1021.938431 -1022.444956 -1022.819147 -1023.101193 -1023.356368 -1023.666091 -1024.636726 -1033.356898 -1127.594392 -2142.002772 -4227.456781 -4232.673178 -4232.673267 -4232.673267 -4232.673267 -4232.673267 -4232.673267 -4232.673267 -4232.673267 -4232.673267 -4232.673267 -4232.673267 -4232.673267 -4232.673267 -4232.673267 -4232.673267 -4232.673101 -4224.398067 -2033.469202 -1102.993127 -1030.821898 -1024.644972 -1023.982384 -1023.876825 -1023.858197 -1023.857006 -1023.859082 -1023.861349 -1023.863207 -1023.864628 -1023.865702 -1023.866521 -1023.867157 -1023.867660 -1023.868065 -1023.868400 -1023.868695 -1023.868980 -1023.869291 -1023.869678 -1023.870211 -1023.870996 -1023.872199 -1023.874083 -1023.877085 -1023.881933 -1023.889882 -1023.903166 -1023.925905 -1023.965950 -1024.038668 -1024.174613 -1024.434978 -1024.943323 -1025.956998 -1028.057027 -1032.717513 -1043.951827 -1072.797385 -9999.0 -9999.0
-9999.0 -9999.0 589.760286 489.682966 389.722851 290.008828 190.619587 91.596708 -7.008809 -105.237701 -203.680451 -303.551215 -406.268857 -511.905577 -617.273993 -714.979219 -792.146153 -856.072454 -920.679657 -979.676718 -1035.003755 -1055.785009 -1042.338733 -1030.971011 -1023.214234 -1018.824083 -1016.956600 -1016.708315 -1017.344114 -1018.357416 -1019.441934 -1020.436474 -1021.273318 -1021.938431 -1022.444956 -1022.819147 -1023.101193 -1023.356368 -1023.666091 -1024.636726 -1033.356898 -1127.594392 -2142.002772 -4227.456781 -4232.673178 -4232.673267 -4232.673267 -4232.673267 -4232.673267 -4232.673267 -4232.673267 -4232.673267 -4232.673267 -4232.673267 -4232.673267 -4232.673267 -4232.673267 -4232.673267 -4232.673267 -4232.673101 -4224.398067 -2033.469202 -1102.993127 -1030.821898 -1024.644972 -1023.982384 -1023.876825 -1023.858197 -1023.857006 -1023.859082 -1023.861349 -1023.863207 -1023.864628 -1023.865702 -1023.866521 -1023.867157 -1023.867660 -1023.868065 -1023.868400 -1023.868695 -1023.868980 -1023.869291 -1023.869678 -1023.870211 -1023.870996 -1023.872199 -1023.874083 -1023.877085 -1023.881933 -1023.889882 -1023.903166 -1023.925905 -1023.965950 -1024.038668 -1024.174613 -1024.434978 -1024.943323 -1025.956998 -1028.057027 -1032.717513 -1043.951827 -1072.797385 -9999.0 -9999.0
-9999.0 -9999.0 589.760286 489.682966 389.722851 290.008827 190.619587 91.596708 -7.008809 -105.237701 -203.680451 -303.551215 -406.268857 -511.905577 -617.273993 -714.979219 -792.146153 -856.072454 -920.679657 -979.676718 -1035.003755 -1055.785009 -1042.338733 -1030.971011 -1023.214234 -1018.824083 -1016.956600 -1016.708315 -1017.344114 -1018.357416 -1019.441934 -1020.436474 -1021.273318 -1021.938431 -1022.444956 -1022.819147 -1023.101193 -1023.356368 -1023.666091 -1024.636726 -1033.356898 -1127.594392 -2142.002772 -4227.456781 -4232.673178 -4232.673267 -4232.673267 -4232.673267 -4232.673267 -4232.673267 -4232.673267 -4232.673267 -4232.673267 -4232.673267 -4232.673267 -4232.673267 -4232.673267 -4232.673267 -4232.673267 -4232.673101 -4224.398067 -2033.469202 -1102.993127 -1030.821898 -1024.644972 -1023.982384 -1023.876825 -1023.858197 -1023.857006 -1023.859082 -1023.861349 -1023.863207 -1023.864628 -1023.865702 -1023.866521 -1023.867157 -1023.867660 -1023.868065 -1023.868400 -1023.868695 -1023.868980 -1023.869291 -1023.869678 -1023.870211 -1023.870996 -1023.872199 -1023.874083 -1023.877085 -1023.881933 -1023.889882 -1023.903166 -1023.925905 -1023.965950 -1024.038668 -1024.174613 -1024.434978 -1024.943323 -1025.956998 -1028.057027 -1032.717513 -1043.951827 -1072.797385 -9999.0 -9999.0
-9999.0 -9999.0 589.760286 489.682966 389.722851 290.008827 190.619586 91.596708 -7.008809 -105.237701 -203.680451 -303.551215 -406.268857 -511.905577 -617.273993 -714.979219 -792.146153 -856.072454 -920.679657 -979.676718 -1035.003755 -1055.785009 -1042.338733 -1030.971011 -1023.214234 -1018.824083 -1016.956600 -1016.708315 -1017.344114 -1018.357416 -1019.441934 -1020.436474 -1021.273318 -1021.938431 -1022.444956 -1022.819147 -1023.101193 -1023.356368 -1023.666091 -1024.636726 -1033.356898 -1127.594392 -2142.002772 -4227.456781 -4232.673178 -4232.673267 -4232.673267 -4232.673267 -4232.673267 -4232.673267 -4232.673267 -4232.673267 -4232.673267 -4232.673267 -4232.673267 -4232.673267 -4232.673267 -4232.673267 -4232.673267 -4232.673101 -4224.398067 -2033.469202 -1102.993127 -1030.821898 -1024.644972 -1023.982384 -1023.876825 -1023.858197 -1023.857006 -1023.859082 -1023.861349 -1023.863207 -1023.864628 -1023.865702 -1023.866521 -1023.867157 -1023.867660 -1023.868065 -1023.868400 -1023.868695 -1023.868980 -1023.869291 -1023.869678 -1023.870211 -1023.870996 -1023.872199 -1023.874083 -1023.877085 -1023.881933 -1023.889882 -1023.903166 -1023.925905 -1023.965950 -1024.038668 -1024.174613 -1024.434978 -1024.943323 -1025.956998 -1028.057027 -1032.717513 -1043.951827 -1072.797385 -9999.0 -9999.0
-9999.0 -9999.0 589.760286 489.682966 389.722851 290.008827 190.619587 91.596708 -7.008809 -105.237701 -203.680451 -303.551215 -406.268857 -511.905577 -617.273993 -714.979219 -792.146153 -856.072454 -920.679657 -979.676718 -1035.003755 -1055.785009 -1042.338733 -1030.971011 -1023.214234 -1018.824083 -1016.956600 -1016.708315 -1017.344114 -1018.357416 -1019.441934 -1020.436474 -1021.273318 -1021.938431 -1022.444956 -1022.819147 -1023.101193 -1023.356368 -1023.666091 -1024.636726 -1033.356898 -1127.594392 -2142.002772 -4227.456781 -4232.673178 -4232.673267 -4232.673267 -4232.673267 -4232.673267 -4232.673267 -4232.673267 -4232.673267 -4232.673267 -4232.673267 -4232.673267 -4232.673267 -4232.673267 -4232.673267 -4232.673267 -4232.673101 -4224.398067 -2033.469202 -1102.993127 -1030.821898 -1024.644972 -1023.982384 -1023.876825 -1023.858197 -1023.857006 -1023.859082 -1023.861349 -1023.863207 -1023.864628 -1023.865702 -1023.866521 -1023.867157 -1023.867660 -1023.868065 -1023.868400 -1023.868695 -1023.868980 -1023.869291 -1023.869678 -1023.870211 -1023.870996 -1023.872199 -1023.874083 -1023.877085 -1023.881933 -1023.889882 -1023.903166 -1023.925905 -1023.965950 -1024.038668 -1024.174613 -1024.434978 -1024.943323 -1025.956998 -1028.057027 -1032.717513 -1043.951827 -1072.797385 -9999.0 -9999.0
-9999.0 -9999.0 589.760287 489.682967 389.722852 290.008828 190.619587 91.596709 -7.008809 -105.237700 -203.680450 -303.551215 -406.268857 -511.905577 -617.273993 -714.979218 -792.146153 -856.072454 -920.679657 -979.676718 -1035.003755 -1055.785009 -1042.338733 -1030.971011 -1023.214234 -1018.824083 -1016.956600 -1016.708315 -1017.344114 -1018.357416 -1019.441934 -1020.436474 -1021.273318 -1021.938431 -1022.444956 -1022.819147 -1023.101193 -1023.356368 -1023.666091 -1024.636726 -1033.356898 -1127.594392 -2142.002772 -4227.456781 -4232.673178 -4232.673267 -4232.673267 -4232.673267 -4232.673267 -4232.673267 -4232.673267 -4232.673267 -4232.673267 -4232.673267 -4232.673267 -4232.673267 -4232.673267 -4232.673267 -4232.673267 -4232.673101 -4224.398067 -2033.469202 -1102.993127 -1030.821898 -1024.644972 -1023.982384 -1023.876825 -1023.858197 -1023.857006 -1023.859082 -1023.861349 -1023.863207 -1023.864628 -1023.865702 -1023.866521 -1023.867157 -1023.867660 -1023.868065 -1023.868400 -1023.868695 -1023.868980 -1023.869291 -1023.869678 -1023.870211 -1023.870996 -1023.872199 -1023.874083 -1023.877085 -1023.881933 -1023.889882 -1023.903166 -1023.925905 -1023.965950 -1024.038668 -1024.174613 -1024.434978 -1024.943323 -1025.956998 -1028.057027 -1032.717513 -1043.951827 -1072.797385 -9999.0 -9999.0
-9999.0 -9999.0 -9999.0 -9999.0 -9999.0 -9999.0 -9999.0 -9999.0 -9999.0 -9999.0 -9999.0 -9999.0 -9999.0 -9999.0 -9999.0 -9999.0 -9999.0 -9999.0 -9999.0 -9999.0 -9999.0 -9999.0 -9999.0 -9999.0 -9999.0 -9999.0 -9999.0 -9999.0 -9999.0 -9999.0 -9999.0 -9999.0 -9999.0 -9999.0 -9999.0 -9999.0 -9999.0 -9999.0 -9999.0 -9999.0 -9999.0 -9999.0 -9999.0 -9999.0 -9999.0 -9999.0 -9999.0 -9999.0 -9999.0 -9999.0 -9999.0 -9999.0 -9999.0 -9999.0 -9999.0 -9999.0 -9999.0 -9999.0 -9999.0 -9999.0 -9999.0 -9999.0 -9999.0 -9999.0 -9999.0 -9999.0 -9999.0 -9999.0 -9999.0 -9999.0 -9999.0 -9999.0 -9999.0 -9999.0 -9999.0 -9999.0 -9999.0 -9999.0 -9999.0 -9999.0 -9999.0 -9999.0 -9999.0 -9999.0 -9999.0 -9999.0 -9999.0 -9999.0 -9999.0 -9999.0 -9999.0 -9999.0 -9999.0 -9999.0 -9999.0 -9999.0 -9999.0 -9999.0 -9999.0 -9999.0 -9999.0 -9999.0 -9999.0 -9999.0
-9999.0 -9999.0 -9999.0 -9999.0 -9999.0 -9999.0 -9999.0 -9999.0 -9999.0 -9999.0 -9999.0 -9999.0 -9999.0 -9999.0 -9999.0 -9999.0 -9999.0 -9999.0 -9999.0 -9999.0 -9999.0 -9999.0 -9999.0 -9999.0 -9999.0 -9999.0 -9999.0 -9999.0 -9999.0 -9999.0 -9999.0 -9999.0 -9999.0 -9999.0 -9999.0 -9999.0 -9999.0 -9999.0 -9999.0 -9999.0 -9999.0 -9999.0 -9999.0 -9999.0 -9999.0 -9999.0 -9999.0 -9999.0 -9999.0 -9999.0 -9999.0 -9999.0 -9999.0 -9999.0 -9999.0 -9999.0 -9999.0 -9999.0 -9999.0 -9999.0 -9999.0 -9999.0 -9999.0 -9999.0 -9999.0 -9999.0 -9999.0 -9999.0 -9999.0 -9999.0 -9999.0 -9999.0 -9999.0 -9999.0 -9999.0 -9999.0 -9999.0 -9999.0 -9999.0 -9999.0 -9999.0 -9999.0 -9999.0 -9999.0 -9999.0 -9999.0 -9999.0 -9999.0 -9999.0 -9999.0 -9999.0 -9999.0 -9999.0 -9999.0 -9999.0 -9999.0 -9999.0 -9999.0 -9999.0 -9999.0 -9999.0 -9999.0 -9999.0 -9999.0