inst/processing_geotop_simulation/geotop_simulation/out/maps3D/PwL0013N0049.asc
ncols         104
nrows         10
xllcorner     -2.000000
yllcorner     0.000000
cellsize      1.000000
NODATA_value  -9999.0
-9999.0 -9999.0 -9999.0 -9999.0 -9999.0 -9999.0 -9999.0 -9999.0 -9999.0 -9999.0 -9999.0 -9999.0 -9999.0 -9999.0 -9999.0 -9999.0 -9999.0 -9999.0 -9999.0 -9999.0 -9999.0 -9999.0 -9999.0 -9999.0 -9999.0 -9999.0 -9999.0 -9999.0 -9999.0 -9999.0 -9999.0 -9999.0 -9999.0 -9999.0 -9999.0 -9999.0 -9999.0 -9999.0 -9999.0 -9999.0 -9999.0 -9999.0 -9999.0 -9999.0 -9999.0 -9999.0 -9999.0 -9999.0 -9999.0 -9999.0 -9999.0 -9999.0 -9999.0 -9999.0 -9999.0 -9999.0 -9999.0 -9999.0 -9999.0 -9999.0 -9999.0 -9999.0 -9999.0 -9999.0 -9999.0 -9999.0 -9999.0 -9999.0 -9999.0 -9999.0 -9999.0 -9999.0 -9999.0 -9999.0 -9999.0 -9999.0 -9999.0 -9999.0 -9999.0 -9999.0 -9999.0 -9999.0 -9999.0 -9999.0 -9999.0 -9999.0 -9999.0 -9999.0 -9999.0 -9999.0 -9999.0 -9999.0 -9999.0 -9999.0 -9999.0 -9999.0 -9999.0 -9999.0 -9999.0 -9999.0 -9999.0 -9999.0 -9999.0 -9999.0
-9999.0 -9999.0 -9999.0 -9999.0 -9999.0 -9999.0 -9999.0 -9999.0 -9999.0 -9999.0 -9999.0 -9999.0 -9999.0 -9999.0 -9999.0 -9999.0 -9999.0 -9999.0 -9999.0 -9999.0 -9999.0 -9999.0 -9999.0 -9999.0 -9999.0 -9999.0 -9999.0 -9999.0 -9999.0 -9999.0 -9999.0 -9999.0 -9999.0 -9999.0 -9999.0 -9999.0 -9999.0 -9999.0 -9999.0 -9999.0 -9999.0 -9999.0 -9999.0 -9999.0 -9999.0 -9999.0 -9999.0 -9999.0 -9999.0 -9999.0 -9999.0 -9999.0 -9999.0 -9999.0 -9999.0 -9999.0 -9999.0 -9999.0 -9999.0 -9999.0 -9999.0 -9999.0 -9999.0 -9999.0 -9999.0 -9999.0 -9999.0 -9999.0 -9999.0 -9999.0 -9999.0 -9999.0 -9999.0 -9999.0 -9999.0 -9999.0 -9999.0 -9999.0 -9999.0 -9999.0 -9999.0 -9999.0 -9999.0 -9999.0 -9999.0 -9999.0 -9999.0 -9999.0 -9999.0 -9999.0 -9999.0 -9999.0 -9999.0 -9999.0 -9999.0 -9999.0 -9999.0 -9999.0 -9999.0 -9999.0 -9999.0 -9999.0 -9999.0 -9999.0
-9999.0 -9999.0 -688.344866 -753.473101 -786.497794 -803.622601 -812.750057 -817.627747 -820.075548 -819.245507 -806.395602 -786.999179 -766.336987 -742.648540 -718.719484 -699.763525 -705.534120 -730.475048 -753.488801 -777.509754 -774.428566 -754.504184 -747.219308 -748.185268 -754.259871 -763.228301 -773.443740 -783.657770 -792.987348 -800.916113 -807.250591 -812.045242 -815.509411 -817.913926 -819.523640 -820.563806 -821.227940 -821.745568 -822.275183 -822.346133 -825.141265 -880.539394 -2328.574415 -4330.204570 -4331.683156 -4331.683168 -4331.683168 -4331.683168 -4331.683168 -4331.683168 -4331.683168 -4331.683168 -4331.683168 -4331.683168 -4331.683168 -4331.683168 -4331.683168 -4331.683168 -4331.683168 -4331.683144 -4329.339300 -2229.580769 -863.403744 -826.154891 -823.298013 -822.699749 -822.563022 -822.539274 -822.539824 -822.544623 -822.549307 -822.553057 -822.555905 -822.558056 -822.559700 -822.560978 -822.561992 -822.562810 -822.563485 -822.564074 -822.564636 -822.565243 -822.565990 -822.567009 -822.568500 -822.570773 -822.574327 -822.579968 -822.589042 -822.603841 -822.628405 -822.670097 -822.742838 -822.873736 -823.116636 -823.579222 -824.476232 -826.235517 -829.735509 -836.975109 -853.216038 -891.545287 -9999.0 -9999.0
-9999.0 -9999.0 -688.344830 -753.473044 -786.497747 -803.622578 -812.750050 -817.627746 -820.075549 -819.245508 -806.395602 -786.999179 -766.336987 -742.648540 -718.719484 -699.763525 -705.534120 -730.475048 -753.488801 -777.509754 -774.428566 -754.504184 -747.219308 -748.185268 -754.259871 -763.228301 -773.443740 -783.657770 -792.987348 -800.916113 -807.250591 -812.045242 -815.509411 -817.913926 -819.523640 -820.563806 -821.227940 -821.745568 -822.275183 -822.346133 -825.141265 -880.539394 -2328.574415 -4330.204570 -4331.683156 -4331.683168 -4331.683168 -4331.683168 -4331.683168 -4331.683168 -4331.683168 -4331.683168 -4331.683168 -4331.683168 -4331.683168 -4331.683168 -4331.683168 -4331.683168 -4331.683168 -4331.683144 -4329.339300 -2229.580769 -863.403744 -826.154891 -823.298013 -822.699749 -822.563022 -822.539274 -822.539824 -822.544623 -822.549307 -822.553057 -822.555905 -822.558056 -822.559700 -822.560978 -822.561992 -822.562810 -822.563485 -822.564074 -822.564636 -822.565243 -822.565990 -822.567009 -822.568500 -822.570773 -822.574327 -822.579968 -822.589042 -822.603841 -822.628405 -822.670097 -822.742838 -822.873736 -823.116636 -823.579222 -824.476232 -826.235517 -829.735509 -836.975109 -853.216038 -891.545287 -9999.0 -9999.0
-9999.0 -9999.0 -688.344811 -753.473011 -786.497715 -803.622561 -812.750045 -817.627746 -820.075550 -819.245509 -806.395602 -786.999179 -766.336987 -742.648540 -718.719484 -699.763525 -705.534120 -730.475048 -753.488801 -777.509754 -774.428566 -754.504184 -747.219308 -748.185268 -754.259871 -763.228301 -773.443740 -783.657770 -792.987348 -800.916113 -807.250591 -812.045242 -815.509411 -817.913926 -819.523640 -820.563806 -821.227940 -821.745568 -822.275183 -822.346133 -825.141265 -880.539394 -2328.574415 -4330.204570 -4331.683156 -4331.683168 -4331.683168 -4331.683168 -4331.683168 -4331.683168 -4331.683168 -4331.683168 -4331.683168 -4331.683168 -4331.683168 -4331.683168 -4331.683168 -4331.683168 -4331.683168 -4331.683144 -4329.339300 -2229.580769 -863.403744 -826.154891 -823.298013 -822.699749 -822.563022 -822.539274 -822.539824 -822.544623 -822.549307 -822.553057 -822.555905 -822.558056 -822.559700 -822.560978 -822.561992 -822.562810 -822.563485 -822.564074 -822.564636 -822.565243 -822.565990 -822.567009 -822.568500 -822.570773 -822.574327 -822.579968 -822.589042 -822.603841 -822.628405 -822.670097 -822.742838 -822.873736 -823.116636 -823.579222 -824.476232 -826.235517 -829.735509 -836.975109 -853.216038 -891.545287 -9999.0 -9999.0
-9999.0 -9999.0 -688.344811 -753.473011 -786.497715 -803.622561 -812.750045 -817.627746 -820.075550 -819.245509 -806.395602 -786.999179 -766.336987 -742.648540 -718.719484 -699.763525 -705.534120 -730.475048 -753.488801 -777.509754 -774.428566 -754.504184 -747.219308 -748.185268 -754.259871 -763.228301 -773.443740 -783.657770 -792.987348 -800.916113 -807.250591 -812.045242 -815.509411 -817.913926 -819.523640 -820.563806 -821.227940 -821.745568 -822.275183 -822.346133 -825.141265 -880.539394 -2328.574415 -4330.204570 -4331.683156 -4331.683168 -4331.683168 -4331.683168 -4331.683168 -4331.683168 -4331.683168 -4331.683168 -4331.683168 -4331.683168 -4331.683168 -4331.683168 -4331.683168 -4331.683168 -4331.683168 -4331.683144 -4329.339300 -2229.580769 -863.403744 -826.154891 -823.298013 -822.699749 -822.563022 -822.539274 -822.539824 -822.544623 -822.549307 -822.553057 -822.555905 -822.558056 -822.559700 -822.560978 -822.561992 -822.562810 -822.563485 -822.564074 -822.564636 -822.565243 -822.565990 -822.567009 -822.568500 -822.570773 -822.574327 -822.579968 -822.589042 -822.603841 -822.628405 -822.670097 -822.742838 -822.873736 -823.116636 -823.579222 -824.476232 -826.235517 -829.735509 -836.975109 -853.216038 -891.545287 -9999.0 -9999.0
-9999.0 -9999.0 -688.344830 -753.473044 -786.497747 -803.622578 -812.750050 -817.627746 -820.075549 -819.245508 -806.395602 -786.999179 -766.336987 -742.648540 -718.719484 -699.763525 -705.534120 -730.475048 -753.488801 -777.509754 -774.428566 -754.504184 -747.219308 -748.185268 -754.259871 -763.228301 -773.443740 -783.657770 -792.987348 -800.916113 -807.250591 -812.045242 -815.509411 -817.913926 -819.523640 -820.563806 -821.227940 -821.745568 -822.275183 -822.346133 -825.141265 -880.539394 -2328.574415 -4330.204570 -4331.683156 -4331.683168 -4331.683168 -4331.683168 -4331.683168 -4331.683168 -4331.683168 -4331.683168 -4331.683168 -4331.683168 -4331.683168 -4331.683168 -4331.683168 -4331.683168 -4331.683168 -4331.683144 -4329.339300 -2229.580769 -863.403744 -826.154891 -823.298013 -822.699749 -822.563022 -822.539274 -822.539824 -822.544623 -822.549307 -822.553057 -822.555905 -822.558056 -822.559700 -822.560978 -822.561992 -822.562810 -822.563485 -822.564074 -822.564636 -822.565243 -822.565990 -822.567009 -822.568500 -822.570773 -822.574327 -822.579968 -822.589042 -822.603841 -822.628405 -822.670097 -822.742838 -822.873736 -823.116636 -823.579222 -824.476232 -826.235517 -829.735509 -836.975109 -853.216038 -891.545287 -9999.0 -9999.0
-9999.0 -9999.0 -688.344866 -753.473101 -786.497794 -803.622601 -812.750057 -817.627747 -820.075548 -819.245507 -806.395602 -786.999179 -766.336987 -742.648540 -718.719484 -699.763525 -705.534120 -730.475048 -753.488801 -777.509754 -774.428566 -754.504184 -747.219308 -748.185268 -754.259871 -763.228301 -773.443740 -783.657770 -792.987348 -800.916113 -807.250591 -812.045242 -815.509411 -817.913926 -819.523640 -820.563806 -821.227940 -821.745568 -822.275183 -822.346133 -825.141265 -880.539394 -2328.574415 -4330.204570 -4331.683156 -4331.683168 -4331.683168 -4331.683168 -4331.683168 -4331.683168 -4331.683168 -4331.683168 -4331.683168 -4331.683168 -4331.683168 -4331.683168 -4331.683168 -4331.683168 -4331.683168 -4331.683144 -4329.339300 -2229.580769 -863.403744 -826.154891 -823.298013 -822.699749 -822.563022 -822.539274 -822.539824 -822.544623 -822.549307 -822.553057 -822.555905 -822.558056 -822.559700 -822.560978 -822.561992 -822.562810 -822.563485 -822.564074 -822.564636 -822.565243 -822.565990 -822.567009 -822.568500 -822.570773 -822.574327 -822.579968 -822.589042 -822.603841 -822.628405 -822.670097 -822.742838 -822.873736 -823.116636 -823.579222 -824.476232 -826.235517 -829.735509 -836.975109 -853.216038 -891.545287 -9999.0 -9999.0
-9999.0 -9999.0 -9999.0 -9999.0 -9999.0 -9999.0 -9999.0 -9999.0 -9999.0 -9999.0 -9999.0 -9999.0 -9999.0 -9999.0 -9999.0 -9999.0 -9999.0 -9999.0 -9999.0 -9999.0 -9999.0 -9999.0 -9999.0 -9999.0 -9999.0 -9999.0 -9999.0 -9999.0 -9999.0 -9999.0 -9999.0 -9999.0 -9999.0 -9999.0 -9999.0 -9999.0 -9999.0 -9999.0 -9999.0 -9999.0 -9999.0 -9999.0 -9999.0 -9999.0 -9999.0 -9999.0 -9999.0 -9999.0 -9999.0 -9999.0 -9999.0 -9999.0 -9999.0 -9999.0 -9999.0 -9999.0 -9999.0 -9999.0 -9999.0 -9999.0 -9999.0 -9999.0 -9999.0 -9999.0 -9999.0 -9999.0 -9999.0 -9999.0 -9999.0 -9999.0 -9999.0 -9999.0 -9999.0 -9999.0 -9999.0 -9999.0 -9999.0 -9999.0 -9999.0 -9999.0 -9999.0 -9999.0 -9999.0 -9999.0 -9999.0 -9999.0 -9999.0 -9999.0 -9999.0 -9999.0 -9999.0 -9999.0 -9999.0 -9999.0 -9999.0 -9999.0 -9999.0 -9999.0 -9999.0 -9999.0 -9999.0 -9999.0 -9999.0 -9999.0
-9999.0 -9999.0 -9999.0 -9999.0 -9999.0 -9999.0 -9999.0 -9999.0 -9999.0 -9999.0 -9999.0 -9999.0 -9999.0 -9999.0 -9999.0 -9999.0 -9999.0 -9999.0 -9999.0 -9999.0 -9999.0 -9999.0 -9999.0 -9999.0 -9999.0 -9999.0 -9999.0 -9999.0 -9999.0 -9999.0 -9999.0 -9999.0 -9999.0 -9999.0 -9999.0 -9999.0 -9999.0 -9999.0 -9999.0 -9999.0 -9999.0 -9999.0 -9999.0 -9999.0 -9999.0 -9999.0 -9999.0 -9999.0 -9999.0 -9999.0 -9999.0 -9999.0 -9999.0 -9999.0 -9999.0 -9999.0 -9999.0 -9999.0 -9999.0 -9999.0 -9999.0 -9999.0 -9999.0 -9999.0 -9999.0 -9999.0 -9999.0 -9999.0 -9999.0 -9999.0 -9999.0 -9999.0 -9999.0 -9999.0 -9999.0 -9999.0 -9999.0 -9999.0 -9999.0 -9999.0 -9999.0 -9999.0 -9999.0 -9999.0 -9999.0 -9999.0 -9999.0 -9999.0 -9999.0 -9999.0 -9999.0 -9999.0 -9999.0 -9999.0 -9999.0 -9999.0 -9999.0 -9999.0 -9999.0 -9999.0 -9999.0 -9999.0 -9999.0 -9999.0