inst/processing_geotop_simulation/geotop_simulation/out/maps3D/PwL0007N0178.asc
ncols         104
nrows         10
xllcorner     -2.000000
yllcorner     0.000000
cellsize      1.000000
NODATA_value  -9999.0
-9999.0 -9999.0 -9999.0 -9999.0 -9999.0 -9999.0 -9999.0 -9999.0 -9999.0 -9999.0 -9999.0 -9999.0 -9999.0 -9999.0 -9999.0 -9999.0 -9999.0 -9999.0 -9999.0 -9999.0 -9999.0 -9999.0 -9999.0 -9999.0 -9999.0 -9999.0 -9999.0 -9999.0 -9999.0 -9999.0 -9999.0 -9999.0 -9999.0 -9999.0 -9999.0 -9999.0 -9999.0 -9999.0 -9999.0 -9999.0 -9999.0 -9999.0 -9999.0 -9999.0 -9999.0 -9999.0 -9999.0 -9999.0 -9999.0 -9999.0 -9999.0 -9999.0 -9999.0 -9999.0 -9999.0 -9999.0 -9999.0 -9999.0 -9999.0 -9999.0 -9999.0 -9999.0 -9999.0 -9999.0 -9999.0 -9999.0 -9999.0 -9999.0 -9999.0 -9999.0 -9999.0 -9999.0 -9999.0 -9999.0 -9999.0 -9999.0 -9999.0 -9999.0 -9999.0 -9999.0 -9999.0 -9999.0 -9999.0 -9999.0 -9999.0 -9999.0 -9999.0 -9999.0 -9999.0 -9999.0 -9999.0 -9999.0 -9999.0 -9999.0 -9999.0 -9999.0 -9999.0 -9999.0 -9999.0 -9999.0 -9999.0 -9999.0 -9999.0 -9999.0
-9999.0 -9999.0 -9999.0 -9999.0 -9999.0 -9999.0 -9999.0 -9999.0 -9999.0 -9999.0 -9999.0 -9999.0 -9999.0 -9999.0 -9999.0 -9999.0 -9999.0 -9999.0 -9999.0 -9999.0 -9999.0 -9999.0 -9999.0 -9999.0 -9999.0 -9999.0 -9999.0 -9999.0 -9999.0 -9999.0 -9999.0 -9999.0 -9999.0 -9999.0 -9999.0 -9999.0 -9999.0 -9999.0 -9999.0 -9999.0 -9999.0 -9999.0 -9999.0 -9999.0 -9999.0 -9999.0 -9999.0 -9999.0 -9999.0 -9999.0 -9999.0 -9999.0 -9999.0 -9999.0 -9999.0 -9999.0 -9999.0 -9999.0 -9999.0 -9999.0 -9999.0 -9999.0 -9999.0 -9999.0 -9999.0 -9999.0 -9999.0 -9999.0 -9999.0 -9999.0 -9999.0 -9999.0 -9999.0 -9999.0 -9999.0 -9999.0 -9999.0 -9999.0 -9999.0 -9999.0 -9999.0 -9999.0 -9999.0 -9999.0 -9999.0 -9999.0 -9999.0 -9999.0 -9999.0 -9999.0 -9999.0 -9999.0 -9999.0 -9999.0 -9999.0 -9999.0 -9999.0 -9999.0 -9999.0 -9999.0 -9999.0 -9999.0 -9999.0 -9999.0
-9999.0 -9999.0 331.216662 239.336297 144.279331 48.050328 -48.635338 -145.505292 -242.421904 -339.272950 -435.929505 -532.112278 -627.263411 -721.375410 -815.587059 -909.737881 -1003.782724 -1096.787469 -1187.326600 -1272.435557 -1345.476686 -1403.219562 -1445.863229 -1475.841436 -1496.287266 -1510.031136 -1519.230421 -1525.384353 -1529.494197 -1532.226568 -1534.031585 -1535.215869 -1535.988192 -1536.489441 -1536.813706 -1537.025046 -1537.173936 -1537.325372 -1537.698131 -1539.527763 -1548.314292 -1569.583966 -1132.370385 -1184.191463 -1154.891258 -1136.862240 -1128.535929 -1127.411339 -1127.297073 -1127.310784 -1127.343050 -1127.377556 -1127.410684 -1127.441341 -1127.469673 -1127.501543 -1127.594558 -1128.238442 -1132.556700 -1142.361340 -1157.496771 -1088.294825 -1544.107021 -1543.207767 -1538.580028 -1537.667820 -1537.526195 -1537.504525 -1537.501873 -1537.502454 -1537.503445 -1537.504313 -1537.504989 -1537.505503 -1537.505895 -1537.506200 -1537.506440 -1537.506635 -1537.506796 -1537.506940 -1537.507080 -1537.507235 -1537.507431 -1537.507702 -1537.508103 -1537.508720 -1537.509690 -1537.511241 -1537.513760 -1537.517919 -1537.524934 -1537.537074 -1537.558701 -1537.598401 -1537.673305 -1537.818039 -1538.104263 -1538.688058 -1539.937724 -1542.805264 -1550.070304 -1572.177809 -9999.0 -9999.0
-9999.0 -9999.0 331.225189 239.338369 144.279881 48.050490 -48.635286 -145.505275 -242.421898 -339.272947 -435.929504 -532.112277 -627.263410 -721.375410 -815.587059 -909.737881 -1003.782724 -1096.787469 -1187.326600 -1272.435557 -1345.476686 -1403.219562 -1445.863229 -1475.841436 -1496.287266 -1510.031137 -1519.230421 -1525.384353 -1529.494197 -1532.226568 -1534.031585 -1535.215869 -1535.988192 -1536.489441 -1536.813706 -1537.025046 -1537.173936 -1537.325372 -1537.698131 -1539.527763 -1548.314292 -1569.583966 -1132.370385 -1184.191463 -1154.891258 -1136.862240 -1128.535929 -1127.411339 -1127.297073 -1127.310784 -1127.343050 -1127.377556 -1127.410684 -1127.441341 -1127.469673 -1127.501543 -1127.594558 -1128.238442 -1132.556700 -1142.361340 -1157.496771 -1088.294825 -1544.107021 -1543.207768 -1538.580028 -1537.667820 -1537.526195 -1537.504525 -1537.501873 -1537.502454 -1537.503445 -1537.504313 -1537.504989 -1537.505503 -1537.505895 -1537.506200 -1537.506440 -1537.506635 -1537.506796 -1537.506940 -1537.507080 -1537.507235 -1537.507431 -1537.507702 -1537.508103 -1537.508720 -1537.509690 -1537.511241 -1537.513760 -1537.517919 -1537.524934 -1537.537074 -1537.558701 -1537.598401 -1537.673305 -1537.818039 -1538.104263 -1538.688058 -1539.937724 -1542.805264 -1550.070304 -1572.177809 -9999.0 -9999.0
-9999.0 -9999.0 331.226804 239.339247 144.280232 48.050618 -48.635241 -145.505259 -242.421892 -339.272945 -435.929503 -532.112277 -627.263410 -721.375410 -815.587059 -909.737881 -1003.782724 -1096.787470 -1187.326600 -1272.435558 -1345.476686 -1403.219562 -1445.863229 -1475.841436 -1496.287266 -1510.031137 -1519.230421 -1525.384353 -1529.494197 -1532.226568 -1534.031585 -1535.215869 -1535.988192 -1536.489441 -1536.813706 -1537.025046 -1537.173936 -1537.325372 -1537.698131 -1539.527763 -1548.314292 -1569.583966 -1132.370385 -1184.191463 -1154.891258 -1136.862239 -1128.535929 -1127.411339 -1127.297073 -1127.310784 -1127.343050 -1127.377556 -1127.410684 -1127.441341 -1127.469673 -1127.501543 -1127.594558 -1128.238442 -1132.556700 -1142.361340 -1157.496771 -1088.294825 -1544.107021 -1543.207768 -1538.580028 -1537.667820 -1537.526195 -1537.504525 -1537.501873 -1537.502454 -1537.503445 -1537.504313 -1537.504989 -1537.505503 -1537.505895 -1537.506200 -1537.506440 -1537.506635 -1537.506796 -1537.506940 -1537.507080 -1537.507235 -1537.507431 -1537.507702 -1537.508103 -1537.508720 -1537.509690 -1537.511241 -1537.513760 -1537.517919 -1537.524934 -1537.537074 -1537.558701 -1537.598401 -1537.673305 -1537.818039 -1538.104263 -1538.688058 -1539.937724 -1542.805264 -1550.070304 -1572.177809 -9999.0 -9999.0
-9999.0 -9999.0 331.226804 239.339247 144.280232 48.050618 -48.635241 -145.505259 -242.421892 -339.272945 -435.929504 -532.112277 -627.263410 -721.375410 -815.587060 -909.737881 -1003.782724 -1096.787470 -1187.326600 -1272.435558 -1345.476686 -1403.219562 -1445.863229 -1475.841436 -1496.287266 -1510.031137 -1519.230421 -1525.384353 -1529.494197 -1532.226568 -1534.031585 -1535.215869 -1535.988192 -1536.489441 -1536.813706 -1537.025046 -1537.173936 -1537.325372 -1537.698131 -1539.527763 -1548.314292 -1569.583966 -1132.370385 -1184.191463 -1154.891258 -1136.862239 -1128.535929 -1127.411339 -1127.297073 -1127.310784 -1127.343050 -1127.377556 -1127.410684 -1127.441341 -1127.469673 -1127.501543 -1127.594558 -1128.238442 -1132.556700 -1142.361340 -1157.496771 -1088.294825 -1544.107021 -1543.207768 -1538.580028 -1537.667820 -1537.526195 -1537.504525 -1537.501873 -1537.502454 -1537.503445 -1537.504313 -1537.504989 -1537.505503 -1537.505895 -1537.506200 -1537.506440 -1537.506635 -1537.506796 -1537.506940 -1537.507080 -1537.507235 -1537.507431 -1537.507702 -1537.508103 -1537.508720 -1537.509690 -1537.511241 -1537.513760 -1537.517919 -1537.524934 -1537.537074 -1537.558701 -1537.598401 -1537.673305 -1537.818039 -1538.104263 -1538.688058 -1539.937724 -1542.805264 -1550.070304 -1572.177809 -9999.0 -9999.0
-9999.0 -9999.0 331.225189 239.338369 144.279881 48.050490 -48.635286 -145.505275 -242.421898 -339.272947 -435.929504 -532.112278 -627.263410 -721.375410 -815.587059 -909.737881 -1003.782724 -1096.787469 -1187.326600 -1272.435557 -1345.476686 -1403.219562 -1445.863229 -1475.841436 -1496.287266 -1510.031137 -1519.230421 -1525.384353 -1529.494197 -1532.226568 -1534.031585 -1535.215869 -1535.988192 -1536.489441 -1536.813706 -1537.025046 -1537.173936 -1537.325372 -1537.698131 -1539.527763 -1548.314292 -1569.583966 -1132.370385 -1184.191463 -1154.891258 -1136.862240 -1128.535929 -1127.411339 -1127.297073 -1127.310784 -1127.343050 -1127.377556 -1127.410684 -1127.441341 -1127.469673 -1127.501543 -1127.594558 -1128.238442 -1132.556700 -1142.361340 -1157.496771 -1088.294825 -1544.107021 -1543.207768 -1538.580028 -1537.667820 -1537.526195 -1537.504525 -1537.501873 -1537.502454 -1537.503445 -1537.504313 -1537.504989 -1537.505503 -1537.505895 -1537.506200 -1537.506440 -1537.506635 -1537.506796 -1537.506940 -1537.507080 -1537.507235 -1537.507431 -1537.507702 -1537.508103 -1537.508720 -1537.509690 -1537.511241 -1537.513760 -1537.517919 -1537.524934 -1537.537074 -1537.558701 -1537.598401 -1537.673305 -1537.818039 -1538.104263 -1538.688058 -1539.937724 -1542.805264 -1550.070304 -1572.177809 -9999.0 -9999.0
-9999.0 -9999.0 331.216662 239.336297 144.279331 48.050328 -48.635338 -145.505292 -242.421904 -339.272950 -435.929505 -532.112278 -627.263411 -721.375410 -815.587059 -909.737881 -1003.782724 -1096.787469 -1187.326600 -1272.435557 -1345.476686 -1403.219562 -1445.863229 -1475.841436 -1496.287266 -1510.031136 -1519.230421 -1525.384353 -1529.494197 -1532.226568 -1534.031585 -1535.215869 -1535.988192 -1536.489441 -1536.813706 -1537.025046 -1537.173936 -1537.325372 -1537.698131 -1539.527763 -1548.314292 -1569.583966 -1132.370385 -1184.191463 -1154.891258 -1136.862240 -1128.535929 -1127.411339 -1127.297073 -1127.310784 -1127.343050 -1127.377556 -1127.410684 -1127.441341 -1127.469673 -1127.501543 -1127.594558 -1128.238442 -1132.556700 -1142.361340 -1157.496771 -1088.294825 -1544.107021 -1543.207768 -1538.580028 -1537.667820 -1537.526195 -1537.504525 -1537.501873 -1537.502454 -1537.503445 -1537.504313 -1537.504989 -1537.505503 -1537.505895 -1537.506200 -1537.506440 -1537.506635 -1537.506796 -1537.506940 -1537.507080 -1537.507235 -1537.507431 -1537.507702 -1537.508103 -1537.508720 -1537.509690 -1537.511241 -1537.513760 -1537.517919 -1537.524934 -1537.537074 -1537.558701 -1537.598401 -1537.673305 -1537.818039 -1538.104263 -1538.688058 -1539.937724 -1542.805264 -1550.070304 -1572.177809 -9999.0 -9999.0
-9999.0 -9999.0 -9999.0 -9999.0 -9999.0 -9999.0 -9999.0 -9999.0 -9999.0 -9999.0 -9999.0 -9999.0 -9999.0 -9999.0 -9999.0 -9999.0 -9999.0 -9999.0 -9999.0 -9999.0 -9999.0 -9999.0 -9999.0 -9999.0 -9999.0 -9999.0 -9999.0 -9999.0 -9999.0 -9999.0 -9999.0 -9999.0 -9999.0 -9999.0 -9999.0 -9999.0 -9999.0 -9999.0 -9999.0 -9999.0 -9999.0 -9999.0 -9999.0 -9999.0 -9999.0 -9999.0 -9999.0 -9999.0 -9999.0 -9999.0 -9999.0 -9999.0 -9999.0 -9999.0 -9999.0 -9999.0 -9999.0 -9999.0 -9999.0 -9999.0 -9999.0 -9999.0 -9999.0 -9999.0 -9999.0 -9999.0 -9999.0 -9999.0 -9999.0 -9999.0 -9999.0 -9999.0 -9999.0 -9999.0 -9999.0 -9999.0 -9999.0 -9999.0 -9999.0 -9999.0 -9999.0 -9999.0 -9999.0 -9999.0 -9999.0 -9999.0 -9999.0 -9999.0 -9999.0 -9999.0 -9999.0 -9999.0 -9999.0 -9999.0 -9999.0 -9999.0 -9999.0 -9999.0 -9999.0 -9999.0 -9999.0 -9999.0 -9999.0 -9999.0
-9999.0 -9999.0 -9999.0 -9999.0 -9999.0 -9999.0 -9999.0 -9999.0 -9999.0 -9999.0 -9999.0 -9999.0 -9999.0 -9999.0 -9999.0 -9999.0 -9999.0 -9999.0 -9999.0 -9999.0 -9999.0 -9999.0 -9999.0 -9999.0 -9999.0 -9999.0 -9999.0 -9999.0 -9999.0 -9999.0 -9999.0 -9999.0 -9999.0 -9999.0 -9999.0 -9999.0 -9999.0 -9999.0 -9999.0 -9999.0 -9999.0 -9999.0 -9999.0 -9999.0 -9999.0 -9999.0 -9999.0 -9999.0 -9999.0 -9999.0 -9999.0 -9999.0 -9999.0 -9999.0 -9999.0 -9999.0 -9999.0 -9999.0 -9999.0 -9999.0 -9999.0 -9999.0 -9999.0 -9999.0 -9999.0 -9999.0 -9999.0 -9999.0 -9999.0 -9999.0 -9999.0 -9999.0 -9999.0 -9999.0 -9999.0 -9999.0 -9999.0 -9999.0 -9999.0 -9999.0 -9999.0 -9999.0 -9999.0 -9999.0 -9999.0 -9999.0 -9999.0 -9999.0 -9999.0 -9999.0 -9999.0 -9999.0 -9999.0 -9999.0 -9999.0 -9999.0 -9999.0 -9999.0 -9999.0 -9999.0 -9999.0 -9999.0 -9999.0 -9999.0