inst/processing_geotop_simulation/geotop_simulation/out/maps3D/PwL0018N0226.asc
ncols         104
nrows         10
xllcorner     -2.000000
yllcorner     0.000000
cellsize      1.000000
NODATA_value  -9999.0
-9999.0 -9999.0 -9999.0 -9999.0 -9999.0 -9999.0 -9999.0 -9999.0 -9999.0 -9999.0 -9999.0 -9999.0 -9999.0 -9999.0 -9999.0 -9999.0 -9999.0 -9999.0 -9999.0 -9999.0 -9999.0 -9999.0 -9999.0 -9999.0 -9999.0 -9999.0 -9999.0 -9999.0 -9999.0 -9999.0 -9999.0 -9999.0 -9999.0 -9999.0 -9999.0 -9999.0 -9999.0 -9999.0 -9999.0 -9999.0 -9999.0 -9999.0 -9999.0 -9999.0 -9999.0 -9999.0 -9999.0 -9999.0 -9999.0 -9999.0 -9999.0 -9999.0 -9999.0 -9999.0 -9999.0 -9999.0 -9999.0 -9999.0 -9999.0 -9999.0 -9999.0 -9999.0 -9999.0 -9999.0 -9999.0 -9999.0 -9999.0 -9999.0 -9999.0 -9999.0 -9999.0 -9999.0 -9999.0 -9999.0 -9999.0 -9999.0 -9999.0 -9999.0 -9999.0 -9999.0 -9999.0 -9999.0 -9999.0 -9999.0 -9999.0 -9999.0 -9999.0 -9999.0 -9999.0 -9999.0 -9999.0 -9999.0 -9999.0 -9999.0 -9999.0 -9999.0 -9999.0 -9999.0 -9999.0 -9999.0 -9999.0 -9999.0 -9999.0 -9999.0
-9999.0 -9999.0 -9999.0 -9999.0 -9999.0 -9999.0 -9999.0 -9999.0 -9999.0 -9999.0 -9999.0 -9999.0 -9999.0 -9999.0 -9999.0 -9999.0 -9999.0 -9999.0 -9999.0 -9999.0 -9999.0 -9999.0 -9999.0 -9999.0 -9999.0 -9999.0 -9999.0 -9999.0 -9999.0 -9999.0 -9999.0 -9999.0 -9999.0 -9999.0 -9999.0 -9999.0 -9999.0 -9999.0 -9999.0 -9999.0 -9999.0 -9999.0 -9999.0 -9999.0 -9999.0 -9999.0 -9999.0 -9999.0 -9999.0 -9999.0 -9999.0 -9999.0 -9999.0 -9999.0 -9999.0 -9999.0 -9999.0 -9999.0 -9999.0 -9999.0 -9999.0 -9999.0 -9999.0 -9999.0 -9999.0 -9999.0 -9999.0 -9999.0 -9999.0 -9999.0 -9999.0 -9999.0 -9999.0 -9999.0 -9999.0 -9999.0 -9999.0 -9999.0 -9999.0 -9999.0 -9999.0 -9999.0 -9999.0 -9999.0 -9999.0 -9999.0 -9999.0 -9999.0 -9999.0 -9999.0 -9999.0 -9999.0 -9999.0 -9999.0 -9999.0 -9999.0 -9999.0 -9999.0 -9999.0 -9999.0 -9999.0 -9999.0 -9999.0 -9999.0
-9999.0 -9999.0 875.377218 778.418335 681.102214 583.383881 485.455215 387.433052 289.379995 191.329758 93.300977 -4.692770 -102.637164 -200.518262 -298.273672 -395.785401 -492.831418 -589.054018 -683.920477 -779.383352 -873.967141 -967.399801 -1059.452658 -1137.750862 -1205.683114 -1262.076093 -1306.942636 -1341.285861 -1366.705764 -1384.997616 -1397.861056 -1406.743664 -1412.791888 -1416.867457 -1419.594059 -1421.413012 -1422.640930 -1423.554397 -1424.667873 -1427.927986 -1441.326683 -1503.634285 -1983.511628 -4049.793307 -4084.155699 -4084.158413 -4084.158290 -4084.156827 -4084.149457 -4084.124361 -4084.053725 -4083.845119 -4083.493769 -4083.033019 -4082.260088 -4080.748241 -4077.414951 -4069.392173 -4049.133938 -3998.188148 -3804.966640 -1743.131286 -1464.433476 -1433.697224 -1426.774400 -1425.410036 -1425.181691 -1425.146411 -1425.141567 -1425.141548 -1425.142222 -1425.142874 -1425.143398 -1425.143804 -1425.144118 -1425.144366 -1425.144565 -1425.144728 -1425.144867 -1425.144993 -1425.145116 -1425.145252 -1425.145421 -1425.145650 -1425.145984 -1425.146491 -1425.147284 -1425.148548 -1425.150603 -1425.154008 -1425.159790 -1425.169880 -1425.188030 -1425.221684 -1425.285932 -1425.412254 -1425.669620 -1426.220284 -1427.475278 -1430.542355 -1438.672635 -1463.314622 -9999.0 -9999.0
-9999.0 -9999.0 875.380818 778.419654 681.102636 583.384017 485.455260 387.433068 289.380001 191.329761 93.300978 -4.692769 -102.637164 -200.518262 -298.273672 -395.785401 -492.831418 -589.054018 -683.920477 -779.383352 -873.967141 -967.399801 -1059.452658 -1137.750862 -1205.683114 -1262.076093 -1306.942636 -1341.285861 -1366.705764 -1384.997616 -1397.861056 -1406.743664 -1412.791888 -1416.867457 -1419.594059 -1421.413012 -1422.640930 -1423.554397 -1424.667873 -1427.927986 -1441.326683 -1503.634285 -1983.511627 -4049.793307 -4084.155699 -4084.158413 -4084.158290 -4084.156827 -4084.149457 -4084.124361 -4084.053725 -4083.845119 -4083.493769 -4083.033019 -4082.260088 -4080.748241 -4077.414951 -4069.392173 -4049.133938 -3998.188148 -3804.966640 -1743.131287 -1464.433476 -1433.697224 -1426.774400 -1425.410036 -1425.181691 -1425.146411 -1425.141567 -1425.141548 -1425.142222 -1425.142874 -1425.143398 -1425.143804 -1425.144118 -1425.144366 -1425.144565 -1425.144728 -1425.144867 -1425.144993 -1425.145116 -1425.145252 -1425.145421 -1425.145650 -1425.145984 -1425.146491 -1425.147284 -1425.148548 -1425.150603 -1425.154008 -1425.159790 -1425.169880 -1425.188030 -1425.221684 -1425.285932 -1425.412254 -1425.669620 -1426.220284 -1427.475278 -1430.542355 -1438.672635 -1463.314622 -9999.0 -9999.0
-9999.0 -9999.0 875.382115 778.420344 681.102925 583.384127 485.455301 387.433083 289.380006 191.329763 93.300979 -4.692769 -102.637163 -200.518262 -298.273672 -395.785401 -492.831418 -589.054019 -683.920477 -779.383352 -873.967142 -967.399801 -1059.452658 -1137.750862 -1205.683114 -1262.076093 -1306.942636 -1341.285862 -1366.705764 -1384.997616 -1397.861056 -1406.743664 -1412.791888 -1416.867457 -1419.594059 -1421.413012 -1422.640930 -1423.554397 -1424.667873 -1427.927986 -1441.326683 -1503.634285 -1983.511627 -4049.793307 -4084.155699 -4084.158413 -4084.158290 -4084.156827 -4084.149457 -4084.124361 -4084.053725 -4083.845119 -4083.493769 -4083.033019 -4082.260088 -4080.748241 -4077.414951 -4069.392173 -4049.133938 -3998.188148 -3804.966640 -1743.131286 -1464.433476 -1433.697224 -1426.774400 -1425.410036 -1425.181691 -1425.146411 -1425.141567 -1425.141548 -1425.142222 -1425.142874 -1425.143398 -1425.143804 -1425.144118 -1425.144366 -1425.144565 -1425.144728 -1425.144867 -1425.144993 -1425.145116 -1425.145252 -1425.145421 -1425.145650 -1425.145984 -1425.146491 -1425.147284 -1425.148548 -1425.150603 -1425.154008 -1425.159790 -1425.169880 -1425.188030 -1425.221684 -1425.285932 -1425.412254 -1425.669620 -1426.220284 -1427.475278 -1430.542355 -1438.672635 -1463.314622 -9999.0 -9999.0
-9999.0 -9999.0 875.382115 778.420345 681.102925 583.384127 485.455301 387.433083 289.380006 191.329763 93.300978 -4.692769 -102.637163 -200.518262 -298.273672 -395.785401 -492.831418 -589.054019 -683.920477 -779.383352 -873.967142 -967.399801 -1059.452658 -1137.750862 -1205.683114 -1262.076093 -1306.942636 -1341.285862 -1366.705764 -1384.997616 -1397.861056 -1406.743664 -1412.791888 -1416.867457 -1419.594059 -1421.413012 -1422.640930 -1423.554397 -1424.667873 -1427.927986 -1441.326683 -1503.634285 -1983.511627 -4049.793307 -4084.155699 -4084.158413 -4084.158290 -4084.156827 -4084.149457 -4084.124361 -4084.053725 -4083.845119 -4083.493769 -4083.033019 -4082.260088 -4080.748241 -4077.414951 -4069.392173 -4049.133938 -3998.188148 -3804.966640 -1743.131286 -1464.433476 -1433.697224 -1426.774400 -1425.410036 -1425.181691 -1425.146411 -1425.141567 -1425.141548 -1425.142222 -1425.142874 -1425.143398 -1425.143804 -1425.144118 -1425.144366 -1425.144565 -1425.144728 -1425.144867 -1425.144993 -1425.145116 -1425.145252 -1425.145421 -1425.145650 -1425.145984 -1425.146491 -1425.147284 -1425.148548 -1425.150603 -1425.154008 -1425.159790 -1425.169880 -1425.188030 -1425.221684 -1425.285932 -1425.412254 -1425.669620 -1426.220284 -1427.475278 -1430.542355 -1438.672635 -1463.314622 -9999.0 -9999.0
-9999.0 -9999.0 875.380818 778.419654 681.102636 583.384017 485.455261 387.433068 289.380001 191.329760 93.300978 -4.692770 -102.637163 -200.518262 -298.273672 -395.785401 -492.831418 -589.054018 -683.920477 -779.383352 -873.967141 -967.399801 -1059.452658 -1137.750862 -1205.683114 -1262.076093 -1306.942636 -1341.285861 -1366.705764 -1384.997616 -1397.861056 -1406.743664 -1412.791888 -1416.867457 -1419.594059 -1421.413012 -1422.640930 -1423.554397 -1424.667873 -1427.927986 -1441.326683 -1503.634285 -1983.511627 -4049.793307 -4084.155699 -4084.158413 -4084.158290 -4084.156827 -4084.149457 -4084.124361 -4084.053725 -4083.845119 -4083.493769 -4083.033019 -4082.260088 -4080.748241 -4077.414951 -4069.392173 -4049.133938 -3998.188148 -3804.966641 -1743.131286 -1464.433476 -1433.697224 -1426.774400 -1425.410036 -1425.181691 -1425.146411 -1425.141567 -1425.141548 -1425.142222 -1425.142874 -1425.143398 -1425.143804 -1425.144118 -1425.144366 -1425.144565 -1425.144728 -1425.144867 -1425.144993 -1425.145116 -1425.145252 -1425.145421 -1425.145650 -1425.145984 -1425.146491 -1425.147284 -1425.148548 -1425.150603 -1425.154008 -1425.159790 -1425.169880 -1425.188030 -1425.221684 -1425.285932 -1425.412254 -1425.669620 -1426.220284 -1427.475278 -1430.542355 -1438.672635 -1463.314622 -9999.0 -9999.0
-9999.0 -9999.0 875.377218 778.418335 681.102213 583.383881 485.455215 387.433052 289.379995 191.329758 93.300977 -4.692770 -102.637164 -200.518262 -298.273672 -395.785401 -492.831418 -589.054018 -683.920477 -779.383352 -873.967141 -967.399801 -1059.452658 -1137.750862 -1205.683114 -1262.076093 -1306.942636 -1341.285861 -1366.705764 -1384.997616 -1397.861056 -1406.743664 -1412.791888 -1416.867457 -1419.594059 -1421.413012 -1422.640930 -1423.554397 -1424.667873 -1427.927986 -1441.326683 -1503.634285 -1983.511628 -4049.793307 -4084.155699 -4084.158413 -4084.158290 -4084.156827 -4084.149457 -4084.124361 -4084.053725 -4083.845119 -4083.493769 -4083.033019 -4082.260088 -4080.748241 -4077.414951 -4069.392173 -4049.133938 -3998.188148 -3804.966641 -1743.131287 -1464.433476 -1433.697224 -1426.774400 -1425.410036 -1425.181691 -1425.146411 -1425.141567 -1425.141548 -1425.142222 -1425.142874 -1425.143398 -1425.143804 -1425.144118 -1425.144366 -1425.144565 -1425.144728 -1425.144867 -1425.144993 -1425.145116 -1425.145252 -1425.145421 -1425.145650 -1425.145984 -1425.146491 -1425.147284 -1425.148548 -1425.150603 -1425.154008 -1425.159790 -1425.169880 -1425.188030 -1425.221684 -1425.285932 -1425.412254 -1425.669620 -1426.220284 -1427.475278 -1430.542355 -1438.672635 -1463.314622 -9999.0 -9999.0
-9999.0 -9999.0 -9999.0 -9999.0 -9999.0 -9999.0 -9999.0 -9999.0 -9999.0 -9999.0 -9999.0 -9999.0 -9999.0 -9999.0 -9999.0 -9999.0 -9999.0 -9999.0 -9999.0 -9999.0 -9999.0 -9999.0 -9999.0 -9999.0 -9999.0 -9999.0 -9999.0 -9999.0 -9999.0 -9999.0 -9999.0 -9999.0 -9999.0 -9999.0 -9999.0 -9999.0 -9999.0 -9999.0 -9999.0 -9999.0 -9999.0 -9999.0 -9999.0 -9999.0 -9999.0 -9999.0 -9999.0 -9999.0 -9999.0 -9999.0 -9999.0 -9999.0 -9999.0 -9999.0 -9999.0 -9999.0 -9999.0 -9999.0 -9999.0 -9999.0 -9999.0 -9999.0 -9999.0 -9999.0 -9999.0 -9999.0 -9999.0 -9999.0 -9999.0 -9999.0 -9999.0 -9999.0 -9999.0 -9999.0 -9999.0 -9999.0 -9999.0 -9999.0 -9999.0 -9999.0 -9999.0 -9999.0 -9999.0 -9999.0 -9999.0 -9999.0 -9999.0 -9999.0 -9999.0 -9999.0 -9999.0 -9999.0 -9999.0 -9999.0 -9999.0 -9999.0 -9999.0 -9999.0 -9999.0 -9999.0 -9999.0 -9999.0 -9999.0 -9999.0
-9999.0 -9999.0 -9999.0 -9999.0 -9999.0 -9999.0 -9999.0 -9999.0 -9999.0 -9999.0 -9999.0 -9999.0 -9999.0 -9999.0 -9999.0 -9999.0 -9999.0 -9999.0 -9999.0 -9999.0 -9999.0 -9999.0 -9999.0 -9999.0 -9999.0 -9999.0 -9999.0 -9999.0 -9999.0 -9999.0 -9999.0 -9999.0 -9999.0 -9999.0 -9999.0 -9999.0 -9999.0 -9999.0 -9999.0 -9999.0 -9999.0 -9999.0 -9999.0 -9999.0 -9999.0 -9999.0 -9999.0 -9999.0 -9999.0 -9999.0 -9999.0 -9999.0 -9999.0 -9999.0 -9999.0 -9999.0 -9999.0 -9999.0 -9999.0 -9999.0 -9999.0 -9999.0 -9999.0 -9999.0 -9999.0 -9999.0 -9999.0 -9999.0 -9999.0 -9999.0 -9999.0 -9999.0 -9999.0 -9999.0 -9999.0 -9999.0 -9999.0 -9999.0 -9999.0 -9999.0 -9999.0 -9999.0 -9999.0 -9999.0 -9999.0 -9999.0 -9999.0 -9999.0 -9999.0 -9999.0 -9999.0 -9999.0 -9999.0 -9999.0 -9999.0 -9999.0 -9999.0 -9999.0 -9999.0 -9999.0 -9999.0 -9999.0 -9999.0 -9999.0