inst/processing_geotop_simulation/geotop_simulation/out/maps3D/PwL0017N0480.asc
ncols         104
nrows         10
xllcorner     -2.000000
yllcorner     0.000000
cellsize      1.000000
NODATA_value  -9999.0
-9999.0 -9999.0 -9999.0 -9999.0 -9999.0 -9999.0 -9999.0 -9999.0 -9999.0 -9999.0 -9999.0 -9999.0 -9999.0 -9999.0 -9999.0 -9999.0 -9999.0 -9999.0 -9999.0 -9999.0 -9999.0 -9999.0 -9999.0 -9999.0 -9999.0 -9999.0 -9999.0 -9999.0 -9999.0 -9999.0 -9999.0 -9999.0 -9999.0 -9999.0 -9999.0 -9999.0 -9999.0 -9999.0 -9999.0 -9999.0 -9999.0 -9999.0 -9999.0 -9999.0 -9999.0 -9999.0 -9999.0 -9999.0 -9999.0 -9999.0 -9999.0 -9999.0 -9999.0 -9999.0 -9999.0 -9999.0 -9999.0 -9999.0 -9999.0 -9999.0 -9999.0 -9999.0 -9999.0 -9999.0 -9999.0 -9999.0 -9999.0 -9999.0 -9999.0 -9999.0 -9999.0 -9999.0 -9999.0 -9999.0 -9999.0 -9999.0 -9999.0 -9999.0 -9999.0 -9999.0 -9999.0 -9999.0 -9999.0 -9999.0 -9999.0 -9999.0 -9999.0 -9999.0 -9999.0 -9999.0 -9999.0 -9999.0 -9999.0 -9999.0 -9999.0 -9999.0 -9999.0 -9999.0 -9999.0 -9999.0 -9999.0 -9999.0 -9999.0 -9999.0
-9999.0 -9999.0 -9999.0 -9999.0 -9999.0 -9999.0 -9999.0 -9999.0 -9999.0 -9999.0 -9999.0 -9999.0 -9999.0 -9999.0 -9999.0 -9999.0 -9999.0 -9999.0 -9999.0 -9999.0 -9999.0 -9999.0 -9999.0 -9999.0 -9999.0 -9999.0 -9999.0 -9999.0 -9999.0 -9999.0 -9999.0 -9999.0 -9999.0 -9999.0 -9999.0 -9999.0 -9999.0 -9999.0 -9999.0 -9999.0 -9999.0 -9999.0 -9999.0 -9999.0 -9999.0 -9999.0 -9999.0 -9999.0 -9999.0 -9999.0 -9999.0 -9999.0 -9999.0 -9999.0 -9999.0 -9999.0 -9999.0 -9999.0 -9999.0 -9999.0 -9999.0 -9999.0 -9999.0 -9999.0 -9999.0 -9999.0 -9999.0 -9999.0 -9999.0 -9999.0 -9999.0 -9999.0 -9999.0 -9999.0 -9999.0 -9999.0 -9999.0 -9999.0 -9999.0 -9999.0 -9999.0 -9999.0 -9999.0 -9999.0 -9999.0 -9999.0 -9999.0 -9999.0 -9999.0 -9999.0 -9999.0 -9999.0 -9999.0 -9999.0 -9999.0 -9999.0 -9999.0 -9999.0 -9999.0 -9999.0 -9999.0 -9999.0 -9999.0 -9999.0
-9999.0 -9999.0 819.141430 719.974676 620.687903 521.286990 421.828557 322.345129 222.853797 123.363704 23.880265 -75.591261 -175.050388 -274.492543 -373.905453 -473.269523 -572.549201 -671.684104 -770.729845 -869.760844 -968.625940 -1067.220823 -1164.505087 -1258.474218 -1347.745137 -1430.241538 -1504.070732 -1567.894592 -1621.167523 -1664.167910 -1697.836541 -1723.510942 -1742.659870 -1756.685301 -1766.810571 -1774.042812 -1779.195257 -1782.988237 -1786.321394 -1790.699739 -1796.964658 -1797.358669 -1922.129486 -4033.100221 -4133.605791 -4133.565499 -4133.509856 -4133.488257 -4133.436987 -4133.291825 -4132.935179 -4132.013547 -4130.620148 -4128.929360 -4126.282480 -4121.484162 -4111.860970 -4091.433620 -4047.894333 -3959.423262 -3607.814783 -1676.594441 -1753.142565 -1789.460528 -1791.800727 -1791.191199 -1790.933144 -1790.872097 -1790.860736 -1790.859248 -1790.859477 -1790.859936 -1790.860373 -1790.860757 -1790.861098 -1790.861407 -1790.861693 -1790.861966 -1790.862231 -1790.862497 -1790.862769 -1790.863057 -1790.863375 -1790.863739 -1790.864179 -1790.864738 -1790.865489 -1790.866552 -1790.868139 -1790.870627 -1790.874716 -1790.881752 -1790.894388 -1790.918015 -1790.963951 -1791.057101 -1791.255686 -1791.705415 -1792.797950 -1795.674695 -1803.981773 -1830.554140 -9999.0 -9999.0
-9999.0 -9999.0 819.144604 719.975804 620.688258 521.287103 421.828595 322.345142 222.853802 123.363706 23.880266 -75.591261 -175.050388 -274.492543 -373.905452 -473.269523 -572.549201 -671.684104 -770.729845 -869.760845 -968.625940 -1067.220823 -1164.505087 -1258.474218 -1347.745137 -1430.241538 -1504.070732 -1567.894592 -1621.167523 -1664.167910 -1697.836541 -1723.510942 -1742.659870 -1756.685301 -1766.810571 -1774.042812 -1779.195257 -1782.988237 -1786.321394 -1790.699739 -1796.964658 -1797.358669 -1922.129486 -4033.100221 -4133.605791 -4133.565499 -4133.509856 -4133.488257 -4133.436987 -4133.291825 -4132.935179 -4132.013547 -4130.620148 -4128.929360 -4126.282480 -4121.484162 -4111.860970 -4091.433620 -4047.894333 -3959.423262 -3607.814783 -1676.594441 -1753.142565 -1789.460528 -1791.800727 -1791.191199 -1790.933144 -1790.872097 -1790.860736 -1790.859248 -1790.859477 -1790.859936 -1790.860373 -1790.860757 -1790.861098 -1790.861406 -1790.861693 -1790.861966 -1790.862231 -1790.862497 -1790.862769 -1790.863057 -1790.863374 -1790.863739 -1790.864179 -1790.864738 -1790.865489 -1790.866552 -1790.868139 -1790.870627 -1790.874716 -1790.881752 -1790.894388 -1790.918015 -1790.963951 -1791.057101 -1791.255686 -1791.705415 -1792.797950 -1795.674695 -1803.981773 -1830.554140 -9999.0 -9999.0
-9999.0 -9999.0 819.145700 719.976383 620.688499 521.287195 421.828629 322.345155 222.853807 123.363708 23.880267 -75.591260 -175.050388 -274.492543 -373.905452 -473.269523 -572.549201 -671.684104 -770.729845 -869.760845 -968.625941 -1067.220823 -1164.505087 -1258.474218 -1347.745137 -1430.241539 -1504.070732 -1567.894592 -1621.167523 -1664.167910 -1697.836541 -1723.510942 -1742.659870 -1756.685301 -1766.810571 -1774.042812 -1779.195257 -1782.988237 -1786.321394 -1790.699739 -1796.964658 -1797.358669 -1922.129486 -4033.100221 -4133.605791 -4133.565499 -4133.509856 -4133.488257 -4133.436987 -4133.291825 -4132.935179 -4132.013547 -4130.620148 -4128.929360 -4126.282480 -4121.484162 -4111.860970 -4091.433620 -4047.894333 -3959.423261 -3607.814782 -1676.594441 -1753.142565 -1789.460528 -1791.800727 -1791.191199 -1790.933144 -1790.872097 -1790.860736 -1790.859248 -1790.859477 -1790.859936 -1790.860373 -1790.860757 -1790.861098 -1790.861406 -1790.861693 -1790.861966 -1790.862231 -1790.862497 -1790.862769 -1790.863057 -1790.863374 -1790.863739 -1790.864179 -1790.864738 -1790.865489 -1790.866552 -1790.868139 -1790.870627 -1790.874716 -1790.881752 -1790.894388 -1790.918015 -1790.963951 -1791.057101 -1791.255686 -1791.705415 -1792.797950 -1795.674695 -1803.981773 -1830.554140 -9999.0 -9999.0
-9999.0 -9999.0 819.145700 719.976383 620.688499 521.287195 421.828629 322.345155 222.853807 123.363708 23.880267 -75.591260 -175.050388 -274.492543 -373.905452 -473.269523 -572.549201 -671.684105 -770.729845 -869.760845 -968.625941 -1067.220823 -1164.505087 -1258.474218 -1347.745137 -1430.241539 -1504.070732 -1567.894592 -1621.167523 -1664.167910 -1697.836541 -1723.510942 -1742.659870 -1756.685301 -1766.810571 -1774.042812 -1779.195257 -1782.988237 -1786.321394 -1790.699739 -1796.964658 -1797.358669 -1922.129486 -4033.100221 -4133.605791 -4133.565499 -4133.509856 -4133.488257 -4133.436987 -4133.291825 -4132.935179 -4132.013547 -4130.620148 -4128.929360 -4126.282480 -4121.484162 -4111.860970 -4091.433620 -4047.894333 -3959.423261 -3607.814782 -1676.594441 -1753.142565 -1789.460528 -1791.800727 -1791.191199 -1790.933144 -1790.872097 -1790.860736 -1790.859248 -1790.859477 -1790.859936 -1790.860373 -1790.860757 -1790.861098 -1790.861406 -1790.861693 -1790.861966 -1790.862231 -1790.862497 -1790.862769 -1790.863057 -1790.863374 -1790.863739 -1790.864179 -1790.864738 -1790.865489 -1790.866552 -1790.868139 -1790.870627 -1790.874716 -1790.881752 -1790.894388 -1790.918015 -1790.963951 -1791.057101 -1791.255686 -1791.705415 -1792.797950 -1795.674695 -1803.981773 -1830.554140 -9999.0 -9999.0
-9999.0 -9999.0 819.144604 719.975804 620.688258 521.287103 421.828595 322.345142 222.853802 123.363706 23.880266 -75.591261 -175.050388 -274.492543 -373.905453 -473.269523 -572.549201 -671.684104 -770.729845 -869.760845 -968.625940 -1067.220823 -1164.505087 -1258.474218 -1347.745137 -1430.241538 -1504.070732 -1567.894592 -1621.167523 -1664.167910 -1697.836541 -1723.510942 -1742.659870 -1756.685301 -1766.810571 -1774.042812 -1779.195257 -1782.988237 -1786.321394 -1790.699739 -1796.964658 -1797.358669 -1922.129486 -4033.100221 -4133.605791 -4133.565499 -4133.509856 -4133.488257 -4133.436987 -4133.291825 -4132.935179 -4132.013547 -4130.620148 -4128.929360 -4126.282480 -4121.484162 -4111.860970 -4091.433620 -4047.894333 -3959.423261 -3607.814783 -1676.594441 -1753.142565 -1789.460528 -1791.800727 -1791.191199 -1790.933144 -1790.872097 -1790.860736 -1790.859248 -1790.859477 -1790.859936 -1790.860373 -1790.860757 -1790.861098 -1790.861406 -1790.861693 -1790.861966 -1790.862231 -1790.862497 -1790.862769 -1790.863057 -1790.863374 -1790.863739 -1790.864179 -1790.864738 -1790.865489 -1790.866552 -1790.868139 -1790.870627 -1790.874716 -1790.881752 -1790.894388 -1790.918015 -1790.963951 -1791.057101 -1791.255686 -1791.705415 -1792.797950 -1795.674695 -1803.981773 -1830.554140 -9999.0 -9999.0
-9999.0 -9999.0 819.141430 719.974676 620.687903 521.286990 421.828557 322.345129 222.853797 123.363704 23.880265 -75.591261 -175.050388 -274.492543 -373.905453 -473.269523 -572.549201 -671.684104 -770.729845 -869.760844 -968.625940 -1067.220823 -1164.505087 -1258.474218 -1347.745137 -1430.241538 -1504.070732 -1567.894592 -1621.167523 -1664.167910 -1697.836541 -1723.510942 -1742.659870 -1756.685301 -1766.810571 -1774.042812 -1779.195257 -1782.988237 -1786.321394 -1790.699739 -1796.964658 -1797.358669 -1922.129486 -4033.100221 -4133.605791 -4133.565499 -4133.509856 -4133.488257 -4133.436987 -4133.291825 -4132.935179 -4132.013547 -4130.620148 -4128.929360 -4126.282480 -4121.484162 -4111.860970 -4091.433620 -4047.894333 -3959.423262 -3607.814783 -1676.594441 -1753.142565 -1789.460528 -1791.800727 -1791.191199 -1790.933144 -1790.872097 -1790.860736 -1790.859248 -1790.859477 -1790.859936 -1790.860373 -1790.860757 -1790.861098 -1790.861407 -1790.861693 -1790.861966 -1790.862231 -1790.862497 -1790.862769 -1790.863057 -1790.863375 -1790.863739 -1790.864179 -1790.864738 -1790.865489 -1790.866552 -1790.868139 -1790.870627 -1790.874716 -1790.881752 -1790.894388 -1790.918015 -1790.963951 -1791.057101 -1791.255686 -1791.705415 -1792.797950 -1795.674695 -1803.981773 -1830.554140 -9999.0 -9999.0
-9999.0 -9999.0 -9999.0 -9999.0 -9999.0 -9999.0 -9999.0 -9999.0 -9999.0 -9999.0 -9999.0 -9999.0 -9999.0 -9999.0 -9999.0 -9999.0 -9999.0 -9999.0 -9999.0 -9999.0 -9999.0 -9999.0 -9999.0 -9999.0 -9999.0 -9999.0 -9999.0 -9999.0 -9999.0 -9999.0 -9999.0 -9999.0 -9999.0 -9999.0 -9999.0 -9999.0 -9999.0 -9999.0 -9999.0 -9999.0 -9999.0 -9999.0 -9999.0 -9999.0 -9999.0 -9999.0 -9999.0 -9999.0 -9999.0 -9999.0 -9999.0 -9999.0 -9999.0 -9999.0 -9999.0 -9999.0 -9999.0 -9999.0 -9999.0 -9999.0 -9999.0 -9999.0 -9999.0 -9999.0 -9999.0 -9999.0 -9999.0 -9999.0 -9999.0 -9999.0 -9999.0 -9999.0 -9999.0 -9999.0 -9999.0 -9999.0 -9999.0 -9999.0 -9999.0 -9999.0 -9999.0 -9999.0 -9999.0 -9999.0 -9999.0 -9999.0 -9999.0 -9999.0 -9999.0 -9999.0 -9999.0 -9999.0 -9999.0 -9999.0 -9999.0 -9999.0 -9999.0 -9999.0 -9999.0 -9999.0 -9999.0 -9999.0 -9999.0 -9999.0
-9999.0 -9999.0 -9999.0 -9999.0 -9999.0 -9999.0 -9999.0 -9999.0 -9999.0 -9999.0 -9999.0 -9999.0 -9999.0 -9999.0 -9999.0 -9999.0 -9999.0 -9999.0 -9999.0 -9999.0 -9999.0 -9999.0 -9999.0 -9999.0 -9999.0 -9999.0 -9999.0 -9999.0 -9999.0 -9999.0 -9999.0 -9999.0 -9999.0 -9999.0 -9999.0 -9999.0 -9999.0 -9999.0 -9999.0 -9999.0 -9999.0 -9999.0 -9999.0 -9999.0 -9999.0 -9999.0 -9999.0 -9999.0 -9999.0 -9999.0 -9999.0 -9999.0 -9999.0 -9999.0 -9999.0 -9999.0 -9999.0 -9999.0 -9999.0 -9999.0 -9999.0 -9999.0 -9999.0 -9999.0 -9999.0 -9999.0 -9999.0 -9999.0 -9999.0 -9999.0 -9999.0 -9999.0 -9999.0 -9999.0 -9999.0 -9999.0 -9999.0 -9999.0 -9999.0 -9999.0 -9999.0 -9999.0 -9999.0 -9999.0 -9999.0 -9999.0 -9999.0 -9999.0 -9999.0 -9999.0 -9999.0 -9999.0 -9999.0 -9999.0 -9999.0 -9999.0 -9999.0 -9999.0 -9999.0 -9999.0 -9999.0 -9999.0 -9999.0 -9999.0