inst/processing_geotop_simulation/geotop_simulation/out/maps3D/PwL0011N0135.asc
ncols         104
nrows         10
xllcorner     -2.000000
yllcorner     0.000000
cellsize      1.000000
NODATA_value  -9999.0
-9999.0 -9999.0 -9999.0 -9999.0 -9999.0 -9999.0 -9999.0 -9999.0 -9999.0 -9999.0 -9999.0 -9999.0 -9999.0 -9999.0 -9999.0 -9999.0 -9999.0 -9999.0 -9999.0 -9999.0 -9999.0 -9999.0 -9999.0 -9999.0 -9999.0 -9999.0 -9999.0 -9999.0 -9999.0 -9999.0 -9999.0 -9999.0 -9999.0 -9999.0 -9999.0 -9999.0 -9999.0 -9999.0 -9999.0 -9999.0 -9999.0 -9999.0 -9999.0 -9999.0 -9999.0 -9999.0 -9999.0 -9999.0 -9999.0 -9999.0 -9999.0 -9999.0 -9999.0 -9999.0 -9999.0 -9999.0 -9999.0 -9999.0 -9999.0 -9999.0 -9999.0 -9999.0 -9999.0 -9999.0 -9999.0 -9999.0 -9999.0 -9999.0 -9999.0 -9999.0 -9999.0 -9999.0 -9999.0 -9999.0 -9999.0 -9999.0 -9999.0 -9999.0 -9999.0 -9999.0 -9999.0 -9999.0 -9999.0 -9999.0 -9999.0 -9999.0 -9999.0 -9999.0 -9999.0 -9999.0 -9999.0 -9999.0 -9999.0 -9999.0 -9999.0 -9999.0 -9999.0 -9999.0 -9999.0 -9999.0 -9999.0 -9999.0 -9999.0 -9999.0
-9999.0 -9999.0 -9999.0 -9999.0 -9999.0 -9999.0 -9999.0 -9999.0 -9999.0 -9999.0 -9999.0 -9999.0 -9999.0 -9999.0 -9999.0 -9999.0 -9999.0 -9999.0 -9999.0 -9999.0 -9999.0 -9999.0 -9999.0 -9999.0 -9999.0 -9999.0 -9999.0 -9999.0 -9999.0 -9999.0 -9999.0 -9999.0 -9999.0 -9999.0 -9999.0 -9999.0 -9999.0 -9999.0 -9999.0 -9999.0 -9999.0 -9999.0 -9999.0 -9999.0 -9999.0 -9999.0 -9999.0 -9999.0 -9999.0 -9999.0 -9999.0 -9999.0 -9999.0 -9999.0 -9999.0 -9999.0 -9999.0 -9999.0 -9999.0 -9999.0 -9999.0 -9999.0 -9999.0 -9999.0 -9999.0 -9999.0 -9999.0 -9999.0 -9999.0 -9999.0 -9999.0 -9999.0 -9999.0 -9999.0 -9999.0 -9999.0 -9999.0 -9999.0 -9999.0 -9999.0 -9999.0 -9999.0 -9999.0 -9999.0 -9999.0 -9999.0 -9999.0 -9999.0 -9999.0 -9999.0 -9999.0 -9999.0 -9999.0 -9999.0 -9999.0 -9999.0 -9999.0 -9999.0 -9999.0 -9999.0 -9999.0 -9999.0 -9999.0 -9999.0
-9999.0 -9999.0 537.062406 447.073076 354.209901 259.862285 164.865473 69.592251 -25.765537 -121.110975 -216.384992 -311.483160 -406.294249 -500.898449 -595.579564 -690.118719 -784.600021 -878.441432 -970.545381 -1059.146943 -1136.016239 -1196.383895 -1239.910073 -1269.222264 -1288.108161 -1300.033200 -1307.551834 -1312.331267 -1315.398383 -1317.379341 -1318.663904 -1319.499192 -1320.043953 -1320.400459 -1320.634530 -1320.790481 -1320.905852 -1321.032911 -1321.341187 -1322.986988 -1333.178631 -1394.617642 -1899.033592 -3830.227232 -3382.681294 -3080.989610 -2943.996250 -2927.413279 -2925.765761 -2925.928953 -2926.344680 -2926.789854 -2927.217016 -2927.612199 -2927.977444 -2928.389720 -2929.622302 -2938.605495 -3007.335990 -3166.615697 -3419.810816 -1683.921128 -1367.035228 -1328.593291 -1322.250848 -1321.358892 -1321.232515 -1321.212976 -1321.210839 -1321.211784 -1321.213070 -1321.214164 -1321.215010 -1321.215652 -1321.216141 -1321.216521 -1321.216821 -1321.217063 -1321.217264 -1321.217442 -1321.217615 -1321.217806 -1321.218045 -1321.218377 -1321.218866 -1321.219618 -1321.220799 -1321.222685 -1321.225741 -1321.230777 -1321.239243 -1321.253842 -1321.279753 -1321.327147 -1321.416288 -1321.587975 -1321.925903 -1322.609886 -1324.058605 -1327.337558 -1335.408695 -1358.457550 -9999.0 -9999.0
-9999.0 -9999.0 537.068906 447.074974 354.210441 259.862449 164.865525 69.592269 -25.765531 -121.110973 -216.384992 -311.483160 -406.294249 -500.898449 -595.579564 -690.118720 -784.600021 -878.441433 -970.545381 -1059.146943 -1136.016239 -1196.383895 -1239.910074 -1269.222264 -1288.108161 -1300.033200 -1307.551834 -1312.331267 -1315.398383 -1317.379341 -1318.663904 -1319.499192 -1320.043953 -1320.400459 -1320.634530 -1320.790481 -1320.905852 -1321.032911 -1321.341187 -1322.986988 -1333.178631 -1394.617642 -1899.033591 -3830.227229 -3382.681290 -3080.989601 -2943.996251 -2927.413279 -2925.765761 -2925.928953 -2926.344681 -2926.789854 -2927.217016 -2927.612199 -2927.977444 -2928.389720 -2929.622302 -2938.605494 -3007.335989 -3166.615696 -3419.810816 -1683.921128 -1367.035228 -1328.593291 -1322.250848 -1321.358892 -1321.232515 -1321.212976 -1321.210839 -1321.211784 -1321.213070 -1321.214164 -1321.215010 -1321.215652 -1321.216141 -1321.216521 -1321.216821 -1321.217063 -1321.217264 -1321.217442 -1321.217615 -1321.217806 -1321.218045 -1321.218377 -1321.218866 -1321.219618 -1321.220799 -1321.222685 -1321.225741 -1321.230777 -1321.239243 -1321.253842 -1321.279753 -1321.327147 -1321.416288 -1321.587975 -1321.925903 -1322.609886 -1324.058605 -1327.337558 -1335.408695 -1358.457550 -9999.0 -9999.0
-9999.0 -9999.0 537.070551 447.075840 354.210792 259.862579 164.865572 69.592285 -25.765525 -121.110971 -216.384991 -311.483159 -406.294249 -500.898450 -595.579564 -690.118720 -784.600021 -878.441433 -970.545381 -1059.146943 -1136.016239 -1196.383895 -1239.910074 -1269.222264 -1288.108161 -1300.033200 -1307.551834 -1312.331267 -1315.398383 -1317.379341 -1318.663904 -1319.499192 -1320.043953 -1320.400459 -1320.634530 -1320.790481 -1320.905852 -1321.032911 -1321.341187 -1322.986988 -1333.178631 -1394.617642 -1899.033591 -3830.227229 -3382.681289 -3080.989597 -2943.996251 -2927.413279 -2925.765761 -2925.928953 -2926.344681 -2926.789854 -2927.217016 -2927.612199 -2927.977444 -2928.389720 -2929.622302 -2938.605494 -3007.335990 -3166.615696 -3419.810815 -1683.921128 -1367.035228 -1328.593291 -1322.250848 -1321.358892 -1321.232515 -1321.212976 -1321.210839 -1321.211784 -1321.213070 -1321.214164 -1321.215010 -1321.215652 -1321.216141 -1321.216521 -1321.216821 -1321.217063 -1321.217264 -1321.217442 -1321.217615 -1321.217806 -1321.218045 -1321.218377 -1321.218866 -1321.219618 -1321.220799 -1321.222685 -1321.225741 -1321.230777 -1321.239243 -1321.253842 -1321.279753 -1321.327147 -1321.416288 -1321.587975 -1321.925903 -1322.609886 -1324.058605 -1327.337558 -1335.408695 -1358.457550 -9999.0 -9999.0
-9999.0 -9999.0 537.070551 447.075840 354.210792 259.862579 164.865572 69.592285 -25.765525 -121.110971 -216.384991 -311.483159 -406.294249 -500.898450 -595.579564 -690.118720 -784.600021 -878.441433 -970.545381 -1059.146943 -1136.016239 -1196.383895 -1239.910074 -1269.222264 -1288.108161 -1300.033200 -1307.551834 -1312.331267 -1315.398383 -1317.379341 -1318.663904 -1319.499192 -1320.043953 -1320.400459 -1320.634530 -1320.790481 -1320.905852 -1321.032911 -1321.341187 -1322.986988 -1333.178631 -1394.617642 -1899.033591 -3830.227229 -3382.681289 -3080.989597 -2943.996251 -2927.413279 -2925.765761 -2925.928953 -2926.344681 -2926.789854 -2927.217016 -2927.612199 -2927.977444 -2928.389720 -2929.622302 -2938.605494 -3007.335990 -3166.615696 -3419.810815 -1683.921128 -1367.035228 -1328.593291 -1322.250848 -1321.358892 -1321.232515 -1321.212976 -1321.210839 -1321.211784 -1321.213070 -1321.214164 -1321.215010 -1321.215652 -1321.216141 -1321.216521 -1321.216821 -1321.217063 -1321.217264 -1321.217442 -1321.217615 -1321.217806 -1321.218045 -1321.218377 -1321.218866 -1321.219618 -1321.220799 -1321.222685 -1321.225741 -1321.230777 -1321.239243 -1321.253842 -1321.279753 -1321.327147 -1321.416288 -1321.587975 -1321.925903 -1322.609886 -1324.058605 -1327.337558 -1335.408695 -1358.457550 -9999.0 -9999.0
-9999.0 -9999.0 537.068907 447.074974 354.210441 259.862449 164.865526 69.592268 -25.765531 -121.110973 -216.384991 -311.483160 -406.294249 -500.898450 -595.579564 -690.118720 -784.600021 -878.441433 -970.545381 -1059.146943 -1136.016239 -1196.383895 -1239.910074 -1269.222264 -1288.108161 -1300.033200 -1307.551834 -1312.331267 -1315.398383 -1317.379341 -1318.663904 -1319.499192 -1320.043953 -1320.400459 -1320.634530 -1320.790481 -1320.905852 -1321.032911 -1321.341187 -1322.986988 -1333.178631 -1394.617642 -1899.033591 -3830.227229 -3382.681290 -3080.989601 -2943.996251 -2927.413279 -2925.765761 -2925.928953 -2926.344681 -2926.789854 -2927.217016 -2927.612199 -2927.977444 -2928.389720 -2929.622302 -2938.605494 -3007.335989 -3166.615696 -3419.810816 -1683.921128 -1367.035228 -1328.593291 -1322.250848 -1321.358892 -1321.232515 -1321.212976 -1321.210839 -1321.211784 -1321.213070 -1321.214164 -1321.215010 -1321.215652 -1321.216141 -1321.216521 -1321.216821 -1321.217063 -1321.217264 -1321.217442 -1321.217615 -1321.217806 -1321.218045 -1321.218377 -1321.218866 -1321.219618 -1321.220799 -1321.222685 -1321.225741 -1321.230777 -1321.239243 -1321.253842 -1321.279753 -1321.327147 -1321.416288 -1321.587975 -1321.925903 -1322.609886 -1324.058605 -1327.337558 -1335.408695 -1358.457550 -9999.0 -9999.0
-9999.0 -9999.0 537.062406 447.073076 354.209901 259.862285 164.865472 69.592251 -25.765537 -121.110975 -216.384992 -311.483160 -406.294249 -500.898449 -595.579564 -690.118719 -784.600021 -878.441432 -970.545381 -1059.146943 -1136.016239 -1196.383895 -1239.910073 -1269.222264 -1288.108161 -1300.033200 -1307.551834 -1312.331267 -1315.398383 -1317.379341 -1318.663904 -1319.499192 -1320.043953 -1320.400459 -1320.634530 -1320.790481 -1320.905852 -1321.032911 -1321.341187 -1322.986988 -1333.178631 -1394.617642 -1899.033592 -3830.227232 -3382.681295 -3080.989610 -2943.996250 -2927.413279 -2925.765761 -2925.928953 -2926.344680 -2926.789854 -2927.217016 -2927.612199 -2927.977444 -2928.389720 -2929.622302 -2938.605495 -3007.335990 -3166.615697 -3419.810816 -1683.921128 -1367.035228 -1328.593291 -1322.250848 -1321.358892 -1321.232515 -1321.212976 -1321.210839 -1321.211784 -1321.213070 -1321.214164 -1321.215010 -1321.215652 -1321.216141 -1321.216521 -1321.216821 -1321.217063 -1321.217264 -1321.217442 -1321.217615 -1321.217806 -1321.218045 -1321.218377 -1321.218866 -1321.219618 -1321.220799 -1321.222685 -1321.225741 -1321.230777 -1321.239243 -1321.253842 -1321.279753 -1321.327147 -1321.416288 -1321.587975 -1321.925903 -1322.609886 -1324.058605 -1327.337558 -1335.408695 -1358.457550 -9999.0 -9999.0
-9999.0 -9999.0 -9999.0 -9999.0 -9999.0 -9999.0 -9999.0 -9999.0 -9999.0 -9999.0 -9999.0 -9999.0 -9999.0 -9999.0 -9999.0 -9999.0 -9999.0 -9999.0 -9999.0 -9999.0 -9999.0 -9999.0 -9999.0 -9999.0 -9999.0 -9999.0 -9999.0 -9999.0 -9999.0 -9999.0 -9999.0 -9999.0 -9999.0 -9999.0 -9999.0 -9999.0 -9999.0 -9999.0 -9999.0 -9999.0 -9999.0 -9999.0 -9999.0 -9999.0 -9999.0 -9999.0 -9999.0 -9999.0 -9999.0 -9999.0 -9999.0 -9999.0 -9999.0 -9999.0 -9999.0 -9999.0 -9999.0 -9999.0 -9999.0 -9999.0 -9999.0 -9999.0 -9999.0 -9999.0 -9999.0 -9999.0 -9999.0 -9999.0 -9999.0 -9999.0 -9999.0 -9999.0 -9999.0 -9999.0 -9999.0 -9999.0 -9999.0 -9999.0 -9999.0 -9999.0 -9999.0 -9999.0 -9999.0 -9999.0 -9999.0 -9999.0 -9999.0 -9999.0 -9999.0 -9999.0 -9999.0 -9999.0 -9999.0 -9999.0 -9999.0 -9999.0 -9999.0 -9999.0 -9999.0 -9999.0 -9999.0 -9999.0 -9999.0 -9999.0
-9999.0 -9999.0 -9999.0 -9999.0 -9999.0 -9999.0 -9999.0 -9999.0 -9999.0 -9999.0 -9999.0 -9999.0 -9999.0 -9999.0 -9999.0 -9999.0 -9999.0 -9999.0 -9999.0 -9999.0 -9999.0 -9999.0 -9999.0 -9999.0 -9999.0 -9999.0 -9999.0 -9999.0 -9999.0 -9999.0 -9999.0 -9999.0 -9999.0 -9999.0 -9999.0 -9999.0 -9999.0 -9999.0 -9999.0 -9999.0 -9999.0 -9999.0 -9999.0 -9999.0 -9999.0 -9999.0 -9999.0 -9999.0 -9999.0 -9999.0 -9999.0 -9999.0 -9999.0 -9999.0 -9999.0 -9999.0 -9999.0 -9999.0 -9999.0 -9999.0 -9999.0 -9999.0 -9999.0 -9999.0 -9999.0 -9999.0 -9999.0 -9999.0 -9999.0 -9999.0 -9999.0 -9999.0 -9999.0 -9999.0 -9999.0 -9999.0 -9999.0 -9999.0 -9999.0 -9999.0 -9999.0 -9999.0 -9999.0 -9999.0 -9999.0 -9999.0 -9999.0 -9999.0 -9999.0 -9999.0 -9999.0 -9999.0 -9999.0 -9999.0 -9999.0 -9999.0 -9999.0 -9999.0 -9999.0 -9999.0 -9999.0 -9999.0 -9999.0 -9999.0