inst/processing_geotop_simulation/geotop_simulation/out/maps3D/PwL0012N0018.asc
ncols         104
nrows         10
xllcorner     -2.000000
yllcorner     0.000000
cellsize      1.000000
NODATA_value  -9999.0
-9999.0 -9999.0 -9999.0 -9999.0 -9999.0 -9999.0 -9999.0 -9999.0 -9999.0 -9999.0 -9999.0 -9999.0 -9999.0 -9999.0 -9999.0 -9999.0 -9999.0 -9999.0 -9999.0 -9999.0 -9999.0 -9999.0 -9999.0 -9999.0 -9999.0 -9999.0 -9999.0 -9999.0 -9999.0 -9999.0 -9999.0 -9999.0 -9999.0 -9999.0 -9999.0 -9999.0 -9999.0 -9999.0 -9999.0 -9999.0 -9999.0 -9999.0 -9999.0 -9999.0 -9999.0 -9999.0 -9999.0 -9999.0 -9999.0 -9999.0 -9999.0 -9999.0 -9999.0 -9999.0 -9999.0 -9999.0 -9999.0 -9999.0 -9999.0 -9999.0 -9999.0 -9999.0 -9999.0 -9999.0 -9999.0 -9999.0 -9999.0 -9999.0 -9999.0 -9999.0 -9999.0 -9999.0 -9999.0 -9999.0 -9999.0 -9999.0 -9999.0 -9999.0 -9999.0 -9999.0 -9999.0 -9999.0 -9999.0 -9999.0 -9999.0 -9999.0 -9999.0 -9999.0 -9999.0 -9999.0 -9999.0 -9999.0 -9999.0 -9999.0 -9999.0 -9999.0 -9999.0 -9999.0 -9999.0 -9999.0 -9999.0 -9999.0 -9999.0 -9999.0
-9999.0 -9999.0 -9999.0 -9999.0 -9999.0 -9999.0 -9999.0 -9999.0 -9999.0 -9999.0 -9999.0 -9999.0 -9999.0 -9999.0 -9999.0 -9999.0 -9999.0 -9999.0 -9999.0 -9999.0 -9999.0 -9999.0 -9999.0 -9999.0 -9999.0 -9999.0 -9999.0 -9999.0 -9999.0 -9999.0 -9999.0 -9999.0 -9999.0 -9999.0 -9999.0 -9999.0 -9999.0 -9999.0 -9999.0 -9999.0 -9999.0 -9999.0 -9999.0 -9999.0 -9999.0 -9999.0 -9999.0 -9999.0 -9999.0 -9999.0 -9999.0 -9999.0 -9999.0 -9999.0 -9999.0 -9999.0 -9999.0 -9999.0 -9999.0 -9999.0 -9999.0 -9999.0 -9999.0 -9999.0 -9999.0 -9999.0 -9999.0 -9999.0 -9999.0 -9999.0 -9999.0 -9999.0 -9999.0 -9999.0 -9999.0 -9999.0 -9999.0 -9999.0 -9999.0 -9999.0 -9999.0 -9999.0 -9999.0 -9999.0 -9999.0 -9999.0 -9999.0 -9999.0 -9999.0 -9999.0 -9999.0 -9999.0 -9999.0 -9999.0 -9999.0 -9999.0 -9999.0 -9999.0 -9999.0 -9999.0 -9999.0 -9999.0 -9999.0 -9999.0
-9999.0 -9999.0 569.399741 473.198394 377.456020 279.632760 178.563823 74.717966 -31.247394 -132.957707 -239.242402 -313.806719 -355.005252 -374.752191 -378.948466 -369.192359 -213.667978 -57.834917 115.732919 310.597133 391.361076 339.704369 283.556204 222.861012 157.990462 89.576303 18.655054 -54.178957 -126.661082 -194.863764 -252.439832 -294.838938 -321.924077 -336.636506 -343.469481 -345.606941 -344.522248 -340.314342 -331.660773 -313.154569 -278.843533 -288.150929 -3127.627030 -4381.151895 -4381.188119 -4381.188119 -4381.188119 -4381.188119 -4381.188119 -4381.188119 -4381.188119 -4381.188119 -4381.188119 -4381.188119 -4381.188119 -4381.188119 -4381.188119 -4381.188119 -4381.188119 -4381.188119 -4381.123040 -2966.627562 108.366574 47.243375 -6.962625 -61.993406 -117.495388 -171.964976 -222.661781 -266.134399 -299.367822 -322.114271 -336.308243 -344.664120 -349.451478 -352.165775 -353.715503 -354.616722 -355.131758 -355.419517 -355.613871 -355.767401 -355.848195 -355.956395 -356.072142 -356.230695 -356.463141 -356.813838 -357.361299 -358.218117 -359.566440 -361.677020 -364.971775 -370.082290 -377.935662 -389.843217 -407.572583 -433.404204 -470.729319 -529.371640 -642.261736 -880.680864 -9999.0 -9999.0
-9999.0 -9999.0 569.450848 473.217154 377.462484 279.635109 178.564715 74.718320 -31.247249 -132.957653 -239.242382 -313.806713 -355.005251 -374.752191 -378.948466 -369.192359 -213.667978 -57.834917 115.732919 310.597133 391.361076 339.704369 283.556204 222.861012 157.990462 89.576303 18.655054 -54.178957 -126.661082 -194.863764 -252.439832 -294.838937 -321.924077 -336.636505 -343.469480 -345.606941 -344.522248 -340.314342 -331.660773 -313.154570 -278.843539 -288.150928 -3127.627028 -4381.151895 -4381.188119 -4381.188119 -4381.188119 -4381.188119 -4381.188119 -4381.188119 -4381.188119 -4381.188119 -4381.188119 -4381.188119 -4381.188119 -4381.188119 -4381.188119 -4381.188119 -4381.188119 -4381.188119 -4381.123040 -2966.627562 108.366574 47.243375 -6.962625 -61.993407 -117.495388 -171.964976 -222.661781 -266.134399 -299.367822 -322.114271 -336.308243 -344.664120 -349.451478 -352.165775 -353.715503 -354.616722 -355.131758 -355.419517 -355.613871 -355.767401 -355.848195 -355.956395 -356.072142 -356.230695 -356.463141 -356.813838 -357.361299 -358.218117 -359.566440 -361.677021 -364.971775 -370.082290 -377.935662 -389.843217 -407.572583 -433.404204 -470.729319 -529.371640 -642.261736 -880.680864 -9999.0 -9999.0
-9999.0 -9999.0 569.468635 473.227260 377.467112 279.637082 178.565530 74.718658 -31.247107 -132.957599 -239.242361 -313.806708 -355.005250 -374.752190 -378.948466 -369.192359 -213.667978 -57.834917 115.732919 310.597134 391.361076 339.704369 283.556204 222.861012 157.990462 89.576303 18.655054 -54.178957 -126.661081 -194.863764 -252.439832 -294.838937 -321.924077 -336.636505 -343.469480 -345.606940 -344.522248 -340.314343 -331.660773 -313.154570 -278.843542 -288.150927 -3127.627028 -4381.151895 -4381.188119 -4381.188119 -4381.188119 -4381.188119 -4381.188119 -4381.188119 -4381.188119 -4381.188119 -4381.188119 -4381.188119 -4381.188119 -4381.188119 -4381.188119 -4381.188119 -4381.188119 -4381.188119 -4381.123040 -2966.627562 108.366574 47.243375 -6.962625 -61.993407 -117.495388 -171.964977 -222.661781 -266.134399 -299.367822 -322.114271 -336.308243 -344.664120 -349.451478 -352.165775 -353.715503 -354.616722 -355.131758 -355.419517 -355.613871 -355.767401 -355.848195 -355.956395 -356.072142 -356.230695 -356.463141 -356.813838 -357.361299 -358.218117 -359.566440 -361.677021 -364.971775 -370.082290 -377.935662 -389.843217 -407.572583 -433.404204 -470.729320 -529.371640 -642.261736 -880.680863 -9999.0 -9999.0
-9999.0 -9999.0 569.468635 473.227260 377.467112 279.637082 178.565530 74.718658 -31.247107 -132.957599 -239.242361 -313.806708 -355.005250 -374.752190 -378.948466 -369.192359 -213.667978 -57.834917 115.732919 310.597133 391.361076 339.704369 283.556204 222.861012 157.990462 89.576303 18.655054 -54.178957 -126.661081 -194.863764 -252.439832 -294.838937 -321.924077 -336.636505 -343.469480 -345.606940 -344.522248 -340.314342 -331.660773 -313.154570 -278.843542 -288.150927 -3127.627028 -4381.151895 -4381.188119 -4381.188119 -4381.188119 -4381.188119 -4381.188119 -4381.188119 -4381.188119 -4381.188119 -4381.188119 -4381.188119 -4381.188119 -4381.188119 -4381.188119 -4381.188119 -4381.188119 -4381.188119 -4381.123040 -2966.627562 108.366574 47.243375 -6.962625 -61.993407 -117.495388 -171.964977 -222.661781 -266.134399 -299.367822 -322.114271 -336.308243 -344.664120 -349.451478 -352.165775 -353.715503 -354.616722 -355.131758 -355.419517 -355.613871 -355.767401 -355.848195 -355.956395 -356.072142 -356.230695 -356.463141 -356.813838 -357.361299 -358.218117 -359.566440 -361.677021 -364.971775 -370.082290 -377.935662 -389.843217 -407.572583 -433.404204 -470.729319 -529.371640 -642.261735 -880.680863 -9999.0 -9999.0
-9999.0 -9999.0 569.450848 473.217154 377.462484 279.635109 178.564715 74.718320 -31.247249 -132.957653 -239.242382 -313.806713 -355.005251 -374.752191 -378.948466 -369.192359 -213.667978 -57.834917 115.732919 310.597133 391.361076 339.704369 283.556204 222.861012 157.990462 89.576303 18.655054 -54.178957 -126.661082 -194.863764 -252.439832 -294.838937 -321.924077 -336.636505 -343.469480 -345.606941 -344.522248 -340.314342 -331.660773 -313.154571 -278.843539 -288.150928 -3127.627028 -4381.151895 -4381.188119 -4381.188119 -4381.188119 -4381.188119 -4381.188119 -4381.188119 -4381.188119 -4381.188119 -4381.188119 -4381.188119 -4381.188119 -4381.188119 -4381.188119 -4381.188119 -4381.188119 -4381.188119 -4381.123040 -2966.627562 108.366574 47.243375 -6.962625 -61.993407 -117.495388 -171.964976 -222.661781 -266.134399 -299.367822 -322.114271 -336.308243 -344.664120 -349.451478 -352.165775 -353.715503 -354.616722 -355.131758 -355.419517 -355.613871 -355.767401 -355.848195 -355.956395 -356.072142 -356.230695 -356.463141 -356.813838 -357.361299 -358.218117 -359.566440 -361.677021 -364.971775 -370.082290 -377.935662 -389.843217 -407.572583 -433.404204 -470.729319 -529.371640 -642.261736 -880.680863 -9999.0 -9999.0
-9999.0 -9999.0 569.399741 473.198394 377.456020 279.632760 178.563823 74.717966 -31.247394 -132.957707 -239.242402 -313.806719 -355.005252 -374.752191 -378.948466 -369.192359 -213.667978 -57.834917 115.732919 310.597133 391.361076 339.704369 283.556204 222.861012 157.990462 89.576303 18.655054 -54.178957 -126.661082 -194.863764 -252.439832 -294.838938 -321.924077 -336.636506 -343.469481 -345.606941 -344.522248 -340.314342 -331.660773 -313.154569 -278.843533 -288.150929 -3127.627030 -4381.151895 -4381.188119 -4381.188119 -4381.188119 -4381.188119 -4381.188119 -4381.188119 -4381.188119 -4381.188119 -4381.188119 -4381.188119 -4381.188119 -4381.188119 -4381.188119 -4381.188119 -4381.188119 -4381.188119 -4381.123040 -2966.627562 108.366574 47.243375 -6.962625 -61.993406 -117.495388 -171.964976 -222.661781 -266.134399 -299.367822 -322.114271 -336.308243 -344.664119 -349.451478 -352.165775 -353.715503 -354.616722 -355.131758 -355.419517 -355.613871 -355.767400 -355.848195 -355.956395 -356.072142 -356.230695 -356.463141 -356.813838 -357.361299 -358.218117 -359.566440 -361.677021 -364.971775 -370.082290 -377.935662 -389.843217 -407.572583 -433.404204 -470.729319 -529.371640 -642.261736 -880.680864 -9999.0 -9999.0
-9999.0 -9999.0 -9999.0 -9999.0 -9999.0 -9999.0 -9999.0 -9999.0 -9999.0 -9999.0 -9999.0 -9999.0 -9999.0 -9999.0 -9999.0 -9999.0 -9999.0 -9999.0 -9999.0 -9999.0 -9999.0 -9999.0 -9999.0 -9999.0 -9999.0 -9999.0 -9999.0 -9999.0 -9999.0 -9999.0 -9999.0 -9999.0 -9999.0 -9999.0 -9999.0 -9999.0 -9999.0 -9999.0 -9999.0 -9999.0 -9999.0 -9999.0 -9999.0 -9999.0 -9999.0 -9999.0 -9999.0 -9999.0 -9999.0 -9999.0 -9999.0 -9999.0 -9999.0 -9999.0 -9999.0 -9999.0 -9999.0 -9999.0 -9999.0 -9999.0 -9999.0 -9999.0 -9999.0 -9999.0 -9999.0 -9999.0 -9999.0 -9999.0 -9999.0 -9999.0 -9999.0 -9999.0 -9999.0 -9999.0 -9999.0 -9999.0 -9999.0 -9999.0 -9999.0 -9999.0 -9999.0 -9999.0 -9999.0 -9999.0 -9999.0 -9999.0 -9999.0 -9999.0 -9999.0 -9999.0 -9999.0 -9999.0 -9999.0 -9999.0 -9999.0 -9999.0 -9999.0 -9999.0 -9999.0 -9999.0 -9999.0 -9999.0 -9999.0 -9999.0
-9999.0 -9999.0 -9999.0 -9999.0 -9999.0 -9999.0 -9999.0 -9999.0 -9999.0 -9999.0 -9999.0 -9999.0 -9999.0 -9999.0 -9999.0 -9999.0 -9999.0 -9999.0 -9999.0 -9999.0 -9999.0 -9999.0 -9999.0 -9999.0 -9999.0 -9999.0 -9999.0 -9999.0 -9999.0 -9999.0 -9999.0 -9999.0 -9999.0 -9999.0 -9999.0 -9999.0 -9999.0 -9999.0 -9999.0 -9999.0 -9999.0 -9999.0 -9999.0 -9999.0 -9999.0 -9999.0 -9999.0 -9999.0 -9999.0 -9999.0 -9999.0 -9999.0 -9999.0 -9999.0 -9999.0 -9999.0 -9999.0 -9999.0 -9999.0 -9999.0 -9999.0 -9999.0 -9999.0 -9999.0 -9999.0 -9999.0 -9999.0 -9999.0 -9999.0 -9999.0 -9999.0 -9999.0 -9999.0 -9999.0 -9999.0 -9999.0 -9999.0 -9999.0 -9999.0 -9999.0 -9999.0 -9999.0 -9999.0 -9999.0 -9999.0 -9999.0 -9999.0 -9999.0 -9999.0 -9999.0 -9999.0 -9999.0 -9999.0 -9999.0 -9999.0 -9999.0 -9999.0 -9999.0 -9999.0 -9999.0 -9999.0 -9999.0 -9999.0 -9999.0