inst/processing_geotop_simulation/geotop_simulation/out/maps3D/PwL0020N0451.asc
ncols         104
nrows         10
xllcorner     -2.000000
yllcorner     0.000000
cellsize      1.000000
NODATA_value  -9999.0
-9999.0 -9999.0 -9999.0 -9999.0 -9999.0 -9999.0 -9999.0 -9999.0 -9999.0 -9999.0 -9999.0 -9999.0 -9999.0 -9999.0 -9999.0 -9999.0 -9999.0 -9999.0 -9999.0 -9999.0 -9999.0 -9999.0 -9999.0 -9999.0 -9999.0 -9999.0 -9999.0 -9999.0 -9999.0 -9999.0 -9999.0 -9999.0 -9999.0 -9999.0 -9999.0 -9999.0 -9999.0 -9999.0 -9999.0 -9999.0 -9999.0 -9999.0 -9999.0 -9999.0 -9999.0 -9999.0 -9999.0 -9999.0 -9999.0 -9999.0 -9999.0 -9999.0 -9999.0 -9999.0 -9999.0 -9999.0 -9999.0 -9999.0 -9999.0 -9999.0 -9999.0 -9999.0 -9999.0 -9999.0 -9999.0 -9999.0 -9999.0 -9999.0 -9999.0 -9999.0 -9999.0 -9999.0 -9999.0 -9999.0 -9999.0 -9999.0 -9999.0 -9999.0 -9999.0 -9999.0 -9999.0 -9999.0 -9999.0 -9999.0 -9999.0 -9999.0 -9999.0 -9999.0 -9999.0 -9999.0 -9999.0 -9999.0 -9999.0 -9999.0 -9999.0 -9999.0 -9999.0 -9999.0 -9999.0 -9999.0 -9999.0 -9999.0 -9999.0 -9999.0
-9999.0 -9999.0 -9999.0 -9999.0 -9999.0 -9999.0 -9999.0 -9999.0 -9999.0 -9999.0 -9999.0 -9999.0 -9999.0 -9999.0 -9999.0 -9999.0 -9999.0 -9999.0 -9999.0 -9999.0 -9999.0 -9999.0 -9999.0 -9999.0 -9999.0 -9999.0 -9999.0 -9999.0 -9999.0 -9999.0 -9999.0 -9999.0 -9999.0 -9999.0 -9999.0 -9999.0 -9999.0 -9999.0 -9999.0 -9999.0 -9999.0 -9999.0 -9999.0 -9999.0 -9999.0 -9999.0 -9999.0 -9999.0 -9999.0 -9999.0 -9999.0 -9999.0 -9999.0 -9999.0 -9999.0 -9999.0 -9999.0 -9999.0 -9999.0 -9999.0 -9999.0 -9999.0 -9999.0 -9999.0 -9999.0 -9999.0 -9999.0 -9999.0 -9999.0 -9999.0 -9999.0 -9999.0 -9999.0 -9999.0 -9999.0 -9999.0 -9999.0 -9999.0 -9999.0 -9999.0 -9999.0 -9999.0 -9999.0 -9999.0 -9999.0 -9999.0 -9999.0 -9999.0 -9999.0 -9999.0 -9999.0 -9999.0 -9999.0 -9999.0 -9999.0 -9999.0 -9999.0 -9999.0 -9999.0 -9999.0 -9999.0 -9999.0 -9999.0 -9999.0
-9999.0 -9999.0 968.086704 868.890313 769.636738 670.284458 570.877495 471.446187 372.007490 272.570739 173.141173 73.721835 -25.683559 -125.072892 -224.444764 -323.787911 -423.081842 -522.288584 -621.339315 -720.112866 -818.948073 -917.536146 -1015.730853 -1113.311534 -1205.859990 -1293.041544 -1372.875116 -1443.648261 -1504.246790 -1554.351450 -1594.429140 -1625.544454 -1649.088595 -1666.526547 -1679.220281 -1688.339672 -1694.853413 -1699.618280 -1703.674405 -1708.879155 -1718.094510 -1734.085678 -1786.929306 -3442.088053 -3982.637844 -3982.389636 -3934.905504 -3711.655968 -3400.083550 -3131.027823 -2922.523987 -2745.911481 -2638.609297 -2569.184540 -2504.561140 -2436.655427 -2363.137002 -2285.263977 -2206.072221 -2127.432150 -2027.174283 -1555.225517 -1689.271228 -1710.700353 -1710.921971 -1710.061616 -1709.776469 -1709.712823 -1709.701293 -1709.699849 -1709.700137 -1709.700654 -1709.701146 -1709.701585 -1709.701979 -1709.702341 -1709.702681 -1709.703008 -1709.703329 -1709.703651 -1709.703981 -1709.704330 -1709.704711 -1709.705143 -1709.705654 -1709.706292 -1709.707130 -1709.708294 -1709.710002 -1709.712644 -1709.716943 -1709.724287 -1709.737417 -1709.761901 -1709.809460 -1709.905946 -1710.111957 -1710.579149 -1711.712958 -1714.680999 -1723.159091 -1749.944965 -9999.0 -9999.0
-9999.0 -9999.0 968.089310 868.891320 769.637072 670.284567 570.877532 471.446200 372.007496 272.570741 173.141174 73.721836 -25.683559 -125.072892 -224.444764 -323.787911 -423.081842 -522.288584 -621.339315 -720.112866 -818.948073 -917.536146 -1015.730853 -1113.311534 -1205.859990 -1293.041544 -1372.875116 -1443.648261 -1504.246790 -1554.351450 -1594.429140 -1625.544454 -1649.088595 -1666.526547 -1679.220281 -1688.339672 -1694.853413 -1699.618280 -1703.674405 -1708.879155 -1718.094510 -1734.085678 -1786.929305 -3442.088052 -3982.637844 -3982.389636 -3934.905504 -3711.655967 -3400.083549 -3131.027821 -2922.523984 -2745.911481 -2638.609297 -2569.184540 -2504.561140 -2436.655427 -2363.137002 -2285.263977 -2206.072221 -2127.432150 -2027.174283 -1555.225517 -1689.271228 -1710.700353 -1710.921971 -1710.061615 -1709.776469 -1709.712823 -1709.701293 -1709.699849 -1709.700137 -1709.700654 -1709.701146 -1709.701585 -1709.701979 -1709.702341 -1709.702681 -1709.703008 -1709.703329 -1709.703650 -1709.703981 -1709.704330 -1709.704711 -1709.705143 -1709.705654 -1709.706292 -1709.707130 -1709.708294 -1709.710002 -1709.712644 -1709.716943 -1709.724287 -1709.737417 -1709.761901 -1709.809460 -1709.905946 -1710.111957 -1710.579149 -1711.712958 -1714.680999 -1723.159091 -1749.944965 -9999.0 -9999.0
-9999.0 -9999.0 968.090325 868.891867 769.637303 670.284656 570.877565 471.446213 372.007500 272.570743 173.141175 73.721836 -25.683559 -125.072892 -224.444764 -323.787911 -423.081842 -522.288584 -621.339315 -720.112866 -818.948073 -917.536146 -1015.730853 -1113.311534 -1205.859990 -1293.041544 -1372.875116 -1443.648261 -1504.246790 -1554.351451 -1594.429140 -1625.544454 -1649.088595 -1666.526547 -1679.220281 -1688.339672 -1694.853413 -1699.618280 -1703.674405 -1708.879155 -1718.094510 -1734.085678 -1786.929305 -3442.088052 -3982.637844 -3982.389636 -3934.905504 -3711.655966 -3400.083549 -3131.027819 -2922.523982 -2745.911480 -2638.609297 -2569.184540 -2504.561140 -2436.655426 -2363.137002 -2285.263976 -2206.072221 -2127.432150 -2027.174283 -1555.225517 -1689.271228 -1710.700353 -1710.921971 -1710.061615 -1709.776469 -1709.712823 -1709.701293 -1709.699849 -1709.700137 -1709.700654 -1709.701146 -1709.701585 -1709.701979 -1709.702341 -1709.702681 -1709.703008 -1709.703329 -1709.703650 -1709.703981 -1709.704330 -1709.704711 -1709.705143 -1709.705654 -1709.706292 -1709.707130 -1709.708294 -1709.710002 -1709.712644 -1709.716943 -1709.724287 -1709.737417 -1709.761901 -1709.809460 -1709.905946 -1710.111957 -1710.579149 -1711.712958 -1714.680999 -1723.159091 -1749.944965 -9999.0 -9999.0
-9999.0 -9999.0 968.090325 868.891867 769.637303 670.284656 570.877565 471.446213 372.007500 272.570743 173.141175 73.721836 -25.683559 -125.072892 -224.444764 -323.787911 -423.081842 -522.288584 -621.339315 -720.112866 -818.948073 -917.536146 -1015.730853 -1113.311534 -1205.859990 -1293.041544 -1372.875116 -1443.648261 -1504.246790 -1554.351450 -1594.429140 -1625.544454 -1649.088595 -1666.526547 -1679.220281 -1688.339672 -1694.853413 -1699.618280 -1703.674405 -1708.879155 -1718.094510 -1734.085678 -1786.929305 -3442.088052 -3982.637844 -3982.389636 -3934.905504 -3711.655967 -3400.083549 -3131.027820 -2922.523983 -2745.911480 -2638.609297 -2569.184540 -2504.561140 -2436.655426 -2363.137002 -2285.263976 -2206.072221 -2127.432150 -2027.174283 -1555.225517 -1689.271228 -1710.700353 -1710.921971 -1710.061615 -1709.776469 -1709.712823 -1709.701293 -1709.699849 -1709.700137 -1709.700654 -1709.701146 -1709.701585 -1709.701979 -1709.702341 -1709.702681 -1709.703008 -1709.703329 -1709.703650 -1709.703981 -1709.704330 -1709.704711 -1709.705143 -1709.705654 -1709.706292 -1709.707130 -1709.708294 -1709.710002 -1709.712644 -1709.716943 -1709.724287 -1709.737417 -1709.761901 -1709.809460 -1709.905946 -1710.111957 -1710.579149 -1711.712958 -1714.680999 -1723.159091 -1749.944965 -9999.0 -9999.0
-9999.0 -9999.0 968.089310 868.891320 769.637072 670.284567 570.877532 471.446200 372.007495 272.570741 173.141174 73.721836 -25.683559 -125.072892 -224.444764 -323.787911 -423.081842 -522.288584 -621.339315 -720.112866 -818.948073 -917.536146 -1015.730853 -1113.311534 -1205.859990 -1293.041544 -1372.875116 -1443.648261 -1504.246790 -1554.351450 -1594.429140 -1625.544454 -1649.088595 -1666.526547 -1679.220281 -1688.339672 -1694.853413 -1699.618280 -1703.674405 -1708.879155 -1718.094510 -1734.085678 -1786.929305 -3442.088052 -3982.637844 -3982.389636 -3934.905504 -3711.655967 -3400.083549 -3131.027820 -2922.523984 -2745.911481 -2638.609297 -2569.184540 -2504.561140 -2436.655427 -2363.137002 -2285.263976 -2206.072221 -2127.432150 -2027.174283 -1555.225517 -1689.271228 -1710.700353 -1710.921971 -1710.061615 -1709.776469 -1709.712823 -1709.701293 -1709.699849 -1709.700137 -1709.700654 -1709.701146 -1709.701585 -1709.701979 -1709.702341 -1709.702681 -1709.703008 -1709.703329 -1709.703650 -1709.703981 -1709.704330 -1709.704711 -1709.705143 -1709.705654 -1709.706292 -1709.707130 -1709.708294 -1709.710002 -1709.712644 -1709.716943 -1709.724287 -1709.737417 -1709.761901 -1709.809460 -1709.905946 -1710.111957 -1710.579149 -1711.712958 -1714.680999 -1723.159091 -1749.944965 -9999.0 -9999.0
-9999.0 -9999.0 968.086704 868.890313 769.636738 670.284458 570.877495 471.446187 372.007490 272.570739 173.141173 73.721835 -25.683559 -125.072892 -224.444764 -323.787911 -423.081842 -522.288584 -621.339315 -720.112866 -818.948073 -917.536146 -1015.730853 -1113.311534 -1205.859990 -1293.041544 -1372.875116 -1443.648261 -1504.246790 -1554.351450 -1594.429140 -1625.544454 -1649.088595 -1666.526547 -1679.220281 -1688.339672 -1694.853413 -1699.618280 -1703.674405 -1708.879155 -1718.094510 -1734.085678 -1786.929306 -3442.088053 -3982.637844 -3982.389636 -3934.905504 -3711.655968 -3400.083550 -3131.027823 -2922.523987 -2745.911481 -2638.609297 -2569.184540 -2504.561140 -2436.655427 -2363.137002 -2285.263977 -2206.072221 -2127.432150 -2027.174283 -1555.225517 -1689.271228 -1710.700353 -1710.921971 -1710.061616 -1709.776469 -1709.712823 -1709.701293 -1709.699849 -1709.700137 -1709.700654 -1709.701146 -1709.701585 -1709.701979 -1709.702341 -1709.702681 -1709.703008 -1709.703329 -1709.703651 -1709.703981 -1709.704330 -1709.704711 -1709.705143 -1709.705654 -1709.706292 -1709.707130 -1709.708294 -1709.710002 -1709.712644 -1709.716943 -1709.724287 -1709.737417 -1709.761901 -1709.809460 -1709.905946 -1710.111957 -1710.579149 -1711.712958 -1714.680999 -1723.159091 -1749.944965 -9999.0 -9999.0
-9999.0 -9999.0 -9999.0 -9999.0 -9999.0 -9999.0 -9999.0 -9999.0 -9999.0 -9999.0 -9999.0 -9999.0 -9999.0 -9999.0 -9999.0 -9999.0 -9999.0 -9999.0 -9999.0 -9999.0 -9999.0 -9999.0 -9999.0 -9999.0 -9999.0 -9999.0 -9999.0 -9999.0 -9999.0 -9999.0 -9999.0 -9999.0 -9999.0 -9999.0 -9999.0 -9999.0 -9999.0 -9999.0 -9999.0 -9999.0 -9999.0 -9999.0 -9999.0 -9999.0 -9999.0 -9999.0 -9999.0 -9999.0 -9999.0 -9999.0 -9999.0 -9999.0 -9999.0 -9999.0 -9999.0 -9999.0 -9999.0 -9999.0 -9999.0 -9999.0 -9999.0 -9999.0 -9999.0 -9999.0 -9999.0 -9999.0 -9999.0 -9999.0 -9999.0 -9999.0 -9999.0 -9999.0 -9999.0 -9999.0 -9999.0 -9999.0 -9999.0 -9999.0 -9999.0 -9999.0 -9999.0 -9999.0 -9999.0 -9999.0 -9999.0 -9999.0 -9999.0 -9999.0 -9999.0 -9999.0 -9999.0 -9999.0 -9999.0 -9999.0 -9999.0 -9999.0 -9999.0 -9999.0 -9999.0 -9999.0 -9999.0 -9999.0 -9999.0 -9999.0
-9999.0 -9999.0 -9999.0 -9999.0 -9999.0 -9999.0 -9999.0 -9999.0 -9999.0 -9999.0 -9999.0 -9999.0 -9999.0 -9999.0 -9999.0 -9999.0 -9999.0 -9999.0 -9999.0 -9999.0 -9999.0 -9999.0 -9999.0 -9999.0 -9999.0 -9999.0 -9999.0 -9999.0 -9999.0 -9999.0 -9999.0 -9999.0 -9999.0 -9999.0 -9999.0 -9999.0 -9999.0 -9999.0 -9999.0 -9999.0 -9999.0 -9999.0 -9999.0 -9999.0 -9999.0 -9999.0 -9999.0 -9999.0 -9999.0 -9999.0 -9999.0 -9999.0 -9999.0 -9999.0 -9999.0 -9999.0 -9999.0 -9999.0 -9999.0 -9999.0 -9999.0 -9999.0 -9999.0 -9999.0 -9999.0 -9999.0 -9999.0 -9999.0 -9999.0 -9999.0 -9999.0 -9999.0 -9999.0 -9999.0 -9999.0 -9999.0 -9999.0 -9999.0 -9999.0 -9999.0 -9999.0 -9999.0 -9999.0 -9999.0 -9999.0 -9999.0 -9999.0 -9999.0 -9999.0 -9999.0 -9999.0 -9999.0 -9999.0 -9999.0 -9999.0 -9999.0 -9999.0 -9999.0 -9999.0 -9999.0 -9999.0 -9999.0 -9999.0 -9999.0