inst/processing_geotop_simulation/geotop_simulation/out/maps3D/PwL0009N0171.asc
ncols         104
nrows         10
xllcorner     -2.000000
yllcorner     0.000000
cellsize      1.000000
NODATA_value  -9999.0
-9999.0 -9999.0 -9999.0 -9999.0 -9999.0 -9999.0 -9999.0 -9999.0 -9999.0 -9999.0 -9999.0 -9999.0 -9999.0 -9999.0 -9999.0 -9999.0 -9999.0 -9999.0 -9999.0 -9999.0 -9999.0 -9999.0 -9999.0 -9999.0 -9999.0 -9999.0 -9999.0 -9999.0 -9999.0 -9999.0 -9999.0 -9999.0 -9999.0 -9999.0 -9999.0 -9999.0 -9999.0 -9999.0 -9999.0 -9999.0 -9999.0 -9999.0 -9999.0 -9999.0 -9999.0 -9999.0 -9999.0 -9999.0 -9999.0 -9999.0 -9999.0 -9999.0 -9999.0 -9999.0 -9999.0 -9999.0 -9999.0 -9999.0 -9999.0 -9999.0 -9999.0 -9999.0 -9999.0 -9999.0 -9999.0 -9999.0 -9999.0 -9999.0 -9999.0 -9999.0 -9999.0 -9999.0 -9999.0 -9999.0 -9999.0 -9999.0 -9999.0 -9999.0 -9999.0 -9999.0 -9999.0 -9999.0 -9999.0 -9999.0 -9999.0 -9999.0 -9999.0 -9999.0 -9999.0 -9999.0 -9999.0 -9999.0 -9999.0 -9999.0 -9999.0 -9999.0 -9999.0 -9999.0 -9999.0 -9999.0 -9999.0 -9999.0 -9999.0 -9999.0
-9999.0 -9999.0 -9999.0 -9999.0 -9999.0 -9999.0 -9999.0 -9999.0 -9999.0 -9999.0 -9999.0 -9999.0 -9999.0 -9999.0 -9999.0 -9999.0 -9999.0 -9999.0 -9999.0 -9999.0 -9999.0 -9999.0 -9999.0 -9999.0 -9999.0 -9999.0 -9999.0 -9999.0 -9999.0 -9999.0 -9999.0 -9999.0 -9999.0 -9999.0 -9999.0 -9999.0 -9999.0 -9999.0 -9999.0 -9999.0 -9999.0 -9999.0 -9999.0 -9999.0 -9999.0 -9999.0 -9999.0 -9999.0 -9999.0 -9999.0 -9999.0 -9999.0 -9999.0 -9999.0 -9999.0 -9999.0 -9999.0 -9999.0 -9999.0 -9999.0 -9999.0 -9999.0 -9999.0 -9999.0 -9999.0 -9999.0 -9999.0 -9999.0 -9999.0 -9999.0 -9999.0 -9999.0 -9999.0 -9999.0 -9999.0 -9999.0 -9999.0 -9999.0 -9999.0 -9999.0 -9999.0 -9999.0 -9999.0 -9999.0 -9999.0 -9999.0 -9999.0 -9999.0 -9999.0 -9999.0 -9999.0 -9999.0 -9999.0 -9999.0 -9999.0 -9999.0 -9999.0 -9999.0 -9999.0 -9999.0 -9999.0 -9999.0 -9999.0 -9999.0
-9999.0 -9999.0 431.969819 339.809604 244.980760 148.994017 52.527242 -44.128365 -140.843672 -237.534823 -334.100897 -430.371766 -526.004900 -620.408702 -714.160993 -808.312006 -902.164682 -995.949613 -1088.182723 -1174.964227 -1251.461131 -1313.959277 -1361.662495 -1396.157236 -1420.177119 -1436.526089 -1447.520014 -1454.861661 -1459.734156 -1462.944495 -1465.043170 -1466.404993 -1467.283344 -1467.847423 -1468.208821 -1468.442235 -1468.604644 -1468.765469 -1469.150148 -1471.049295 -1480.724548 -1516.994473 -1312.419205 -1501.475199 -1431.611803 -1390.557500 -1372.019989 -1369.639063 -1369.399910 -1369.426633 -1369.491287 -1369.560454 -1369.626841 -1369.688269 -1369.745031 -1369.808892 -1369.996693 -1371.326864 -1380.786860 -1402.557125 -1437.327948 -1227.922059 -1489.291290 -1475.452268 -1470.083878 -1469.129091 -1468.984817 -1468.962918 -1468.960255 -1468.960856 -1468.961870 -1468.962756 -1468.963446 -1468.963971 -1468.964372 -1468.964684 -1468.964930 -1468.965128 -1468.965294 -1468.965441 -1468.965584 -1468.965743 -1468.965942 -1468.966219 -1468.966629 -1468.967259 -1468.968249 -1468.969832 -1468.972403 -1468.976648 -1468.983807 -1468.996195 -1469.018264 -1469.058776 -1469.135220 -1469.282978 -1469.575406 -1470.172803 -1471.454906 -1474.404061 -1481.861699 -1504.291815 -9999.0 -9999.0
-9999.0 -9999.0 431.977182 339.811570 244.981300 148.994179 52.527294 -44.128348 -140.843666 -237.534821 -334.100896 -430.371766 -526.004900 -620.408702 -714.160993 -808.312006 -902.164682 -995.949614 -1088.182723 -1174.964227 -1251.461131 -1313.959277 -1361.662496 -1396.157237 -1420.177119 -1436.526089 -1447.520014 -1454.861661 -1459.734156 -1462.944495 -1465.043170 -1466.404993 -1467.283344 -1467.847423 -1468.208821 -1468.442235 -1468.604644 -1468.765469 -1469.150148 -1471.049295 -1480.724548 -1516.994473 -1312.419205 -1501.475198 -1431.611803 -1390.557498 -1372.019989 -1369.639063 -1369.399910 -1369.426633 -1369.491287 -1369.560454 -1369.626841 -1369.688269 -1369.745031 -1369.808892 -1369.996693 -1371.326864 -1380.786860 -1402.557124 -1437.327948 -1227.922059 -1489.291290 -1475.452268 -1470.083878 -1469.129091 -1468.984817 -1468.962918 -1468.960255 -1468.960856 -1468.961870 -1468.962756 -1468.963446 -1468.963971 -1468.964372 -1468.964684 -1468.964930 -1468.965128 -1468.965294 -1468.965441 -1468.965584 -1468.965743 -1468.965942 -1468.966219 -1468.966629 -1468.967259 -1468.968249 -1468.969832 -1468.972403 -1468.976648 -1468.983807 -1468.996195 -1469.018264 -1469.058776 -1469.135220 -1469.282978 -1469.575406 -1470.172803 -1471.454906 -1474.404061 -1481.861699 -1504.291815 -9999.0 -9999.0
-9999.0 -9999.0 431.978811 339.812434 244.981646 148.994306 52.527339 -44.128332 -140.843660 -237.534818 -334.100896 -430.371765 -526.004899 -620.408702 -714.160993 -808.312006 -902.164682 -995.949614 -1088.182723 -1174.964227 -1251.461131 -1313.959277 -1361.662496 -1396.157237 -1420.177119 -1436.526089 -1447.520014 -1454.861661 -1459.734156 -1462.944495 -1465.043170 -1466.404993 -1467.283344 -1467.847423 -1468.208821 -1468.442235 -1468.604644 -1468.765469 -1469.150148 -1471.049295 -1480.724548 -1516.994473 -1312.419205 -1501.475198 -1431.611802 -1390.557498 -1372.019989 -1369.639063 -1369.399910 -1369.426633 -1369.491287 -1369.560454 -1369.626841 -1369.688269 -1369.745031 -1369.808892 -1369.996693 -1371.326864 -1380.786860 -1402.557124 -1437.327948 -1227.922059 -1489.291290 -1475.452268 -1470.083878 -1469.129091 -1468.984817 -1468.962918 -1468.960255 -1468.960856 -1468.961870 -1468.962756 -1468.963446 -1468.963971 -1468.964372 -1468.964684 -1468.964930 -1468.965128 -1468.965294 -1468.965441 -1468.965584 -1468.965743 -1468.965942 -1468.966219 -1468.966629 -1468.967259 -1468.968249 -1468.969832 -1468.972403 -1468.976648 -1468.983807 -1468.996195 -1469.018264 -1469.058776 -1469.135220 -1469.282978 -1469.575406 -1470.172803 -1471.454906 -1474.404061 -1481.861699 -1504.291815 -9999.0 -9999.0
-9999.0 -9999.0 431.978811 339.812434 244.981646 148.994306 52.527339 -44.128332 -140.843660 -237.534818 -334.100896 -430.371765 -526.004899 -620.408702 -714.160993 -808.312006 -902.164682 -995.949614 -1088.182723 -1174.964227 -1251.461131 -1313.959277 -1361.662496 -1396.157237 -1420.177119 -1436.526089 -1447.520014 -1454.861661 -1459.734156 -1462.944495 -1465.043170 -1466.404993 -1467.283344 -1467.847423 -1468.208821 -1468.442235 -1468.604644 -1468.765469 -1469.150148 -1471.049295 -1480.724548 -1516.994473 -1312.419205 -1501.475198 -1431.611802 -1390.557498 -1372.019989 -1369.639063 -1369.399910 -1369.426633 -1369.491287 -1369.560454 -1369.626841 -1369.688269 -1369.745031 -1369.808892 -1369.996693 -1371.326864 -1380.786860 -1402.557124 -1437.327948 -1227.922059 -1489.291290 -1475.452268 -1470.083878 -1469.129091 -1468.984817 -1468.962918 -1468.960255 -1468.960856 -1468.961870 -1468.962756 -1468.963446 -1468.963971 -1468.964372 -1468.964684 -1468.964930 -1468.965128 -1468.965294 -1468.965441 -1468.965584 -1468.965743 -1468.965942 -1468.966219 -1468.966629 -1468.967259 -1468.968249 -1468.969832 -1468.972403 -1468.976648 -1468.983807 -1468.996195 -1469.018264 -1469.058776 -1469.135220 -1469.282978 -1469.575406 -1470.172803 -1471.454906 -1474.404061 -1481.861699 -1504.291815 -9999.0 -9999.0
-9999.0 -9999.0 431.977182 339.811570 244.981300 148.994179 52.527294 -44.128348 -140.843666 -237.534821 -334.100896 -430.371766 -526.004900 -620.408702 -714.160993 -808.312006 -902.164682 -995.949614 -1088.182723 -1174.964227 -1251.461131 -1313.959277 -1361.662496 -1396.157237 -1420.177119 -1436.526089 -1447.520014 -1454.861661 -1459.734156 -1462.944495 -1465.043170 -1466.404993 -1467.283344 -1467.847423 -1468.208821 -1468.442235 -1468.604644 -1468.765469 -1469.150148 -1471.049295 -1480.724548 -1516.994473 -1312.419205 -1501.475198 -1431.611803 -1390.557498 -1372.019989 -1369.639063 -1369.399910 -1369.426633 -1369.491287 -1369.560454 -1369.626841 -1369.688269 -1369.745031 -1369.808892 -1369.996693 -1371.326864 -1380.786860 -1402.557124 -1437.327948 -1227.922059 -1489.291290 -1475.452268 -1470.083878 -1469.129091 -1468.984817 -1468.962918 -1468.960255 -1468.960856 -1468.961870 -1468.962756 -1468.963446 -1468.963971 -1468.964372 -1468.964684 -1468.964930 -1468.965128 -1468.965294 -1468.965441 -1468.965584 -1468.965743 -1468.965942 -1468.966219 -1468.966629 -1468.967259 -1468.968249 -1468.969832 -1468.972403 -1468.976648 -1468.983807 -1468.996195 -1469.018264 -1469.058776 -1469.135220 -1469.282978 -1469.575406 -1470.172803 -1471.454906 -1474.404061 -1481.861699 -1504.291815 -9999.0 -9999.0
-9999.0 -9999.0 431.969819 339.809604 244.980760 148.994017 52.527242 -44.128365 -140.843672 -237.534823 -334.100897 -430.371766 -526.004900 -620.408702 -714.160993 -808.312006 -902.164682 -995.949613 -1088.182723 -1174.964227 -1251.461131 -1313.959277 -1361.662495 -1396.157236 -1420.177119 -1436.526089 -1447.520014 -1454.861661 -1459.734156 -1462.944495 -1465.043170 -1466.404993 -1467.283344 -1467.847423 -1468.208821 -1468.442235 -1468.604644 -1468.765469 -1469.150148 -1471.049295 -1480.724548 -1516.994473 -1312.419205 -1501.475199 -1431.611803 -1390.557500 -1372.019989 -1369.639063 -1369.399910 -1369.426633 -1369.491287 -1369.560454 -1369.626841 -1369.688269 -1369.745031 -1369.808892 -1369.996693 -1371.326864 -1380.786860 -1402.557125 -1437.327948 -1227.922059 -1489.291290 -1475.452268 -1470.083878 -1469.129091 -1468.984817 -1468.962918 -1468.960255 -1468.960856 -1468.961870 -1468.962756 -1468.963446 -1468.963971 -1468.964372 -1468.964684 -1468.964930 -1468.965128 -1468.965294 -1468.965441 -1468.965584 -1468.965743 -1468.965942 -1468.966219 -1468.966629 -1468.967259 -1468.968249 -1468.969832 -1468.972403 -1468.976648 -1468.983807 -1468.996195 -1469.018264 -1469.058776 -1469.135220 -1469.282978 -1469.575406 -1470.172803 -1471.454906 -1474.404061 -1481.861699 -1504.291815 -9999.0 -9999.0
-9999.0 -9999.0 -9999.0 -9999.0 -9999.0 -9999.0 -9999.0 -9999.0 -9999.0 -9999.0 -9999.0 -9999.0 -9999.0 -9999.0 -9999.0 -9999.0 -9999.0 -9999.0 -9999.0 -9999.0 -9999.0 -9999.0 -9999.0 -9999.0 -9999.0 -9999.0 -9999.0 -9999.0 -9999.0 -9999.0 -9999.0 -9999.0 -9999.0 -9999.0 -9999.0 -9999.0 -9999.0 -9999.0 -9999.0 -9999.0 -9999.0 -9999.0 -9999.0 -9999.0 -9999.0 -9999.0 -9999.0 -9999.0 -9999.0 -9999.0 -9999.0 -9999.0 -9999.0 -9999.0 -9999.0 -9999.0 -9999.0 -9999.0 -9999.0 -9999.0 -9999.0 -9999.0 -9999.0 -9999.0 -9999.0 -9999.0 -9999.0 -9999.0 -9999.0 -9999.0 -9999.0 -9999.0 -9999.0 -9999.0 -9999.0 -9999.0 -9999.0 -9999.0 -9999.0 -9999.0 -9999.0 -9999.0 -9999.0 -9999.0 -9999.0 -9999.0 -9999.0 -9999.0 -9999.0 -9999.0 -9999.0 -9999.0 -9999.0 -9999.0 -9999.0 -9999.0 -9999.0 -9999.0 -9999.0 -9999.0 -9999.0 -9999.0 -9999.0 -9999.0
-9999.0 -9999.0 -9999.0 -9999.0 -9999.0 -9999.0 -9999.0 -9999.0 -9999.0 -9999.0 -9999.0 -9999.0 -9999.0 -9999.0 -9999.0 -9999.0 -9999.0 -9999.0 -9999.0 -9999.0 -9999.0 -9999.0 -9999.0 -9999.0 -9999.0 -9999.0 -9999.0 -9999.0 -9999.0 -9999.0 -9999.0 -9999.0 -9999.0 -9999.0 -9999.0 -9999.0 -9999.0 -9999.0 -9999.0 -9999.0 -9999.0 -9999.0 -9999.0 -9999.0 -9999.0 -9999.0 -9999.0 -9999.0 -9999.0 -9999.0 -9999.0 -9999.0 -9999.0 -9999.0 -9999.0 -9999.0 -9999.0 -9999.0 -9999.0 -9999.0 -9999.0 -9999.0 -9999.0 -9999.0 -9999.0 -9999.0 -9999.0 -9999.0 -9999.0 -9999.0 -9999.0 -9999.0 -9999.0 -9999.0 -9999.0 -9999.0 -9999.0 -9999.0 -9999.0 -9999.0 -9999.0 -9999.0 -9999.0 -9999.0 -9999.0 -9999.0 -9999.0 -9999.0 -9999.0 -9999.0 -9999.0 -9999.0 -9999.0 -9999.0 -9999.0 -9999.0 -9999.0 -9999.0 -9999.0 -9999.0 -9999.0 -9999.0 -9999.0 -9999.0