inst/processing_geotop_simulation/geotop_simulation/out/maps3D/PwL0017N0104.asc
ncols         104
nrows         10
xllcorner     -2.000000
yllcorner     0.000000
cellsize      1.000000
NODATA_value  -9999.0
-9999.0 -9999.0 -9999.0 -9999.0 -9999.0 -9999.0 -9999.0 -9999.0 -9999.0 -9999.0 -9999.0 -9999.0 -9999.0 -9999.0 -9999.0 -9999.0 -9999.0 -9999.0 -9999.0 -9999.0 -9999.0 -9999.0 -9999.0 -9999.0 -9999.0 -9999.0 -9999.0 -9999.0 -9999.0 -9999.0 -9999.0 -9999.0 -9999.0 -9999.0 -9999.0 -9999.0 -9999.0 -9999.0 -9999.0 -9999.0 -9999.0 -9999.0 -9999.0 -9999.0 -9999.0 -9999.0 -9999.0 -9999.0 -9999.0 -9999.0 -9999.0 -9999.0 -9999.0 -9999.0 -9999.0 -9999.0 -9999.0 -9999.0 -9999.0 -9999.0 -9999.0 -9999.0 -9999.0 -9999.0 -9999.0 -9999.0 -9999.0 -9999.0 -9999.0 -9999.0 -9999.0 -9999.0 -9999.0 -9999.0 -9999.0 -9999.0 -9999.0 -9999.0 -9999.0 -9999.0 -9999.0 -9999.0 -9999.0 -9999.0 -9999.0 -9999.0 -9999.0 -9999.0 -9999.0 -9999.0 -9999.0 -9999.0 -9999.0 -9999.0 -9999.0 -9999.0 -9999.0 -9999.0 -9999.0 -9999.0 -9999.0 -9999.0 -9999.0 -9999.0
-9999.0 -9999.0 -9999.0 -9999.0 -9999.0 -9999.0 -9999.0 -9999.0 -9999.0 -9999.0 -9999.0 -9999.0 -9999.0 -9999.0 -9999.0 -9999.0 -9999.0 -9999.0 -9999.0 -9999.0 -9999.0 -9999.0 -9999.0 -9999.0 -9999.0 -9999.0 -9999.0 -9999.0 -9999.0 -9999.0 -9999.0 -9999.0 -9999.0 -9999.0 -9999.0 -9999.0 -9999.0 -9999.0 -9999.0 -9999.0 -9999.0 -9999.0 -9999.0 -9999.0 -9999.0 -9999.0 -9999.0 -9999.0 -9999.0 -9999.0 -9999.0 -9999.0 -9999.0 -9999.0 -9999.0 -9999.0 -9999.0 -9999.0 -9999.0 -9999.0 -9999.0 -9999.0 -9999.0 -9999.0 -9999.0 -9999.0 -9999.0 -9999.0 -9999.0 -9999.0 -9999.0 -9999.0 -9999.0 -9999.0 -9999.0 -9999.0 -9999.0 -9999.0 -9999.0 -9999.0 -9999.0 -9999.0 -9999.0 -9999.0 -9999.0 -9999.0 -9999.0 -9999.0 -9999.0 -9999.0 -9999.0 -9999.0 -9999.0 -9999.0 -9999.0 -9999.0 -9999.0 -9999.0 -9999.0 -9999.0 -9999.0 -9999.0 -9999.0 -9999.0
-9999.0 -9999.0 839.908311 748.190866 655.326318 561.339681 466.784115 371.981604 277.102520 182.237628 87.434005 -7.281215 -101.878686 -196.399978 -291.049438 -386.378300 -483.291762 -582.884131 -686.106173 -782.599604 -876.567658 -965.723732 -1035.643716 -1074.707520 -1095.704558 -1105.793130 -1110.199563 -1111.945691 -1112.557681 -1112.737225 -1112.783807 -1112.810194 -1112.849490 -1112.903872 -1112.966109 -1113.030396 -1113.102540 -1113.215043 -1113.501243 -1115.071712 -1126.455432 -1223.085916 -2079.491953 -4124.824578 -4133.663126 -4133.663366 -4133.663366 -4133.663366 -4133.663366 -4133.663366 -4133.663366 -4133.663365 -4133.663364 -4133.663362 -4133.663358 -4133.663350 -4133.663329 -4133.663271 -4133.663094 -4133.662036 -4119.289423 -1962.669502 -1192.535827 -1122.302332 -1114.494417 -1113.594596 -1113.472104 -1113.452587 -1113.450650 -1113.451929 -1113.453525 -1113.454866 -1113.455900 -1113.456684 -1113.457283 -1113.457747 -1113.458115 -1113.458412 -1113.458659 -1113.458877 -1113.459088 -1113.459321 -1113.459612 -1113.460015 -1113.460609 -1113.461521 -1113.462952 -1113.465236 -1113.468933 -1113.475017 -1113.485230 -1113.502808 -1113.533948 -1113.590819 -1113.697681 -1113.903447 -1114.308800 -1115.132275 -1116.895604 -1120.970841 -1131.117756 -1158.255888 -9999.0 -9999.0
-9999.0 -9999.0 839.912512 748.192370 655.326793 561.339833 466.784165 371.981621 277.102526 182.237630 87.434006 -7.281215 -101.878686 -196.399978 -291.049438 -386.378300 -483.291762 -582.884131 -686.106173 -782.599604 -876.567658 -965.723732 -1035.643716 -1074.707520 -1095.704558 -1105.793130 -1110.199563 -1111.945691 -1112.557681 -1112.737225 -1112.783807 -1112.810194 -1112.849490 -1112.903872 -1112.966109 -1113.030396 -1113.102540 -1113.215043 -1113.501243 -1115.071712 -1126.455432 -1223.085916 -2079.491953 -4124.824578 -4133.663126 -4133.663366 -4133.663366 -4133.663366 -4133.663366 -4133.663366 -4133.663366 -4133.663365 -4133.663364 -4133.663362 -4133.663358 -4133.663350 -4133.663329 -4133.663271 -4133.663094 -4133.662036 -4119.289423 -1962.669502 -1192.535827 -1122.302332 -1114.494417 -1113.594596 -1113.472104 -1113.452587 -1113.450650 -1113.451929 -1113.453525 -1113.454866 -1113.455900 -1113.456684 -1113.457283 -1113.457747 -1113.458115 -1113.458412 -1113.458659 -1113.458877 -1113.459088 -1113.459321 -1113.459612 -1113.460015 -1113.460609 -1113.461521 -1113.462952 -1113.465236 -1113.468933 -1113.475017 -1113.485230 -1113.502808 -1113.533948 -1113.590819 -1113.697681 -1113.903447 -1114.308800 -1115.132275 -1116.895604 -1120.970841 -1131.117756 -1158.255888 -9999.0 -9999.0
-9999.0 -9999.0 839.913963 748.193142 655.327114 561.339955 466.784209 371.981637 277.102532 182.237632 87.434006 -7.281215 -101.878686 -196.399978 -291.049438 -386.378300 -483.291762 -582.884131 -686.106173 -782.599604 -876.567658 -965.723732 -1035.643716 -1074.707520 -1095.704558 -1105.793130 -1110.199563 -1111.945691 -1112.557681 -1112.737225 -1112.783807 -1112.810194 -1112.849490 -1112.903872 -1112.966109 -1113.030396 -1113.102540 -1113.215043 -1113.501243 -1115.071712 -1126.455432 -1223.085916 -2079.491953 -4124.824578 -4133.663126 -4133.663366 -4133.663366 -4133.663366 -4133.663366 -4133.663366 -4133.663366 -4133.663365 -4133.663364 -4133.663362 -4133.663358 -4133.663350 -4133.663329 -4133.663271 -4133.663094 -4133.662036 -4119.289423 -1962.669502 -1192.535827 -1122.302332 -1114.494417 -1113.594596 -1113.472104 -1113.452587 -1113.450650 -1113.451929 -1113.453525 -1113.454866 -1113.455900 -1113.456684 -1113.457283 -1113.457747 -1113.458115 -1113.458412 -1113.458659 -1113.458877 -1113.459088 -1113.459321 -1113.459612 -1113.460015 -1113.460609 -1113.461521 -1113.462952 -1113.465236 -1113.468933 -1113.475017 -1113.485230 -1113.502808 -1113.533948 -1113.590819 -1113.697681 -1113.903447 -1114.308800 -1115.132275 -1116.895604 -1120.970841 -1131.117756 -1158.255888 -9999.0 -9999.0
-9999.0 -9999.0 839.913963 748.193142 655.327114 561.339955 466.784209 371.981637 277.102532 182.237632 87.434006 -7.281215 -101.878686 -196.399978 -291.049438 -386.378300 -483.291762 -582.884131 -686.106173 -782.599604 -876.567658 -965.723732 -1035.643716 -1074.707520 -1095.704558 -1105.793130 -1110.199563 -1111.945691 -1112.557681 -1112.737225 -1112.783807 -1112.810194 -1112.849490 -1112.903872 -1112.966109 -1113.030396 -1113.102540 -1113.215043 -1113.501243 -1115.071712 -1126.455432 -1223.085916 -2079.491953 -4124.824578 -4133.663126 -4133.663366 -4133.663366 -4133.663366 -4133.663366 -4133.663366 -4133.663366 -4133.663365 -4133.663364 -4133.663362 -4133.663358 -4133.663350 -4133.663329 -4133.663271 -4133.663094 -4133.662036 -4119.289423 -1962.669502 -1192.535827 -1122.302332 -1114.494417 -1113.594596 -1113.472104 -1113.452587 -1113.450650 -1113.451929 -1113.453525 -1113.454866 -1113.455900 -1113.456684 -1113.457283 -1113.457747 -1113.458115 -1113.458412 -1113.458659 -1113.458877 -1113.459088 -1113.459321 -1113.459612 -1113.460015 -1113.460609 -1113.461521 -1113.462952 -1113.465236 -1113.468933 -1113.475017 -1113.485230 -1113.502808 -1113.533948 -1113.590819 -1113.697681 -1113.903447 -1114.308800 -1115.132275 -1116.895604 -1120.970841 -1131.117756 -1158.255888 -9999.0 -9999.0
-9999.0 -9999.0 839.912512 748.192370 655.326793 561.339833 466.784165 371.981621 277.102526 182.237630 87.434006 -7.281215 -101.878686 -196.399978 -291.049438 -386.378300 -483.291762 -582.884131 -686.106173 -782.599604 -876.567658 -965.723732 -1035.643716 -1074.707520 -1095.704558 -1105.793130 -1110.199563 -1111.945691 -1112.557681 -1112.737225 -1112.783807 -1112.810194 -1112.849490 -1112.903872 -1112.966109 -1113.030396 -1113.102540 -1113.215043 -1113.501243 -1115.071712 -1126.455432 -1223.085916 -2079.491953 -4124.824578 -4133.663126 -4133.663366 -4133.663366 -4133.663366 -4133.663366 -4133.663366 -4133.663366 -4133.663365 -4133.663364 -4133.663362 -4133.663358 -4133.663350 -4133.663329 -4133.663271 -4133.663094 -4133.662036 -4119.289423 -1962.669502 -1192.535827 -1122.302332 -1114.494417 -1113.594596 -1113.472104 -1113.452587 -1113.450650 -1113.451929 -1113.453525 -1113.454866 -1113.455900 -1113.456684 -1113.457283 -1113.457747 -1113.458115 -1113.458412 -1113.458659 -1113.458877 -1113.459088 -1113.459321 -1113.459612 -1113.460015 -1113.460609 -1113.461521 -1113.462952 -1113.465236 -1113.468933 -1113.475017 -1113.485230 -1113.502808 -1113.533948 -1113.590819 -1113.697681 -1113.903447 -1114.308800 -1115.132275 -1116.895604 -1120.970841 -1131.117756 -1158.255888 -9999.0 -9999.0
-9999.0 -9999.0 839.908311 748.190866 655.326318 561.339681 466.784115 371.981604 277.102520 182.237628 87.434005 -7.281215 -101.878686 -196.399978 -291.049438 -386.378300 -483.291762 -582.884131 -686.106173 -782.599604 -876.567658 -965.723732 -1035.643716 -1074.707520 -1095.704558 -1105.793130 -1110.199563 -1111.945691 -1112.557681 -1112.737225 -1112.783807 -1112.810194 -1112.849490 -1112.903872 -1112.966109 -1113.030396 -1113.102540 -1113.215043 -1113.501243 -1115.071712 -1126.455432 -1223.085916 -2079.491953 -4124.824578 -4133.663126 -4133.663366 -4133.663366 -4133.663366 -4133.663366 -4133.663366 -4133.663366 -4133.663365 -4133.663364 -4133.663362 -4133.663358 -4133.663350 -4133.663329 -4133.663271 -4133.663094 -4133.662036 -4119.289423 -1962.669502 -1192.535827 -1122.302332 -1114.494417 -1113.594596 -1113.472104 -1113.452587 -1113.450650 -1113.451929 -1113.453525 -1113.454866 -1113.455900 -1113.456684 -1113.457283 -1113.457747 -1113.458115 -1113.458412 -1113.458659 -1113.458877 -1113.459088 -1113.459321 -1113.459612 -1113.460015 -1113.460609 -1113.461521 -1113.462952 -1113.465236 -1113.468933 -1113.475017 -1113.485230 -1113.502808 -1113.533948 -1113.590819 -1113.697681 -1113.903447 -1114.308800 -1115.132275 -1116.895604 -1120.970841 -1131.117756 -1158.255888 -9999.0 -9999.0
-9999.0 -9999.0 -9999.0 -9999.0 -9999.0 -9999.0 -9999.0 -9999.0 -9999.0 -9999.0 -9999.0 -9999.0 -9999.0 -9999.0 -9999.0 -9999.0 -9999.0 -9999.0 -9999.0 -9999.0 -9999.0 -9999.0 -9999.0 -9999.0 -9999.0 -9999.0 -9999.0 -9999.0 -9999.0 -9999.0 -9999.0 -9999.0 -9999.0 -9999.0 -9999.0 -9999.0 -9999.0 -9999.0 -9999.0 -9999.0 -9999.0 -9999.0 -9999.0 -9999.0 -9999.0 -9999.0 -9999.0 -9999.0 -9999.0 -9999.0 -9999.0 -9999.0 -9999.0 -9999.0 -9999.0 -9999.0 -9999.0 -9999.0 -9999.0 -9999.0 -9999.0 -9999.0 -9999.0 -9999.0 -9999.0 -9999.0 -9999.0 -9999.0 -9999.0 -9999.0 -9999.0 -9999.0 -9999.0 -9999.0 -9999.0 -9999.0 -9999.0 -9999.0 -9999.0 -9999.0 -9999.0 -9999.0 -9999.0 -9999.0 -9999.0 -9999.0 -9999.0 -9999.0 -9999.0 -9999.0 -9999.0 -9999.0 -9999.0 -9999.0 -9999.0 -9999.0 -9999.0 -9999.0 -9999.0 -9999.0 -9999.0 -9999.0 -9999.0 -9999.0
-9999.0 -9999.0 -9999.0 -9999.0 -9999.0 -9999.0 -9999.0 -9999.0 -9999.0 -9999.0 -9999.0 -9999.0 -9999.0 -9999.0 -9999.0 -9999.0 -9999.0 -9999.0 -9999.0 -9999.0 -9999.0 -9999.0 -9999.0 -9999.0 -9999.0 -9999.0 -9999.0 -9999.0 -9999.0 -9999.0 -9999.0 -9999.0 -9999.0 -9999.0 -9999.0 -9999.0 -9999.0 -9999.0 -9999.0 -9999.0 -9999.0 -9999.0 -9999.0 -9999.0 -9999.0 -9999.0 -9999.0 -9999.0 -9999.0 -9999.0 -9999.0 -9999.0 -9999.0 -9999.0 -9999.0 -9999.0 -9999.0 -9999.0 -9999.0 -9999.0 -9999.0 -9999.0 -9999.0 -9999.0 -9999.0 -9999.0 -9999.0 -9999.0 -9999.0 -9999.0 -9999.0 -9999.0 -9999.0 -9999.0 -9999.0 -9999.0 -9999.0 -9999.0 -9999.0 -9999.0 -9999.0 -9999.0 -9999.0 -9999.0 -9999.0 -9999.0 -9999.0 -9999.0 -9999.0 -9999.0 -9999.0 -9999.0 -9999.0 -9999.0 -9999.0 -9999.0 -9999.0 -9999.0 -9999.0 -9999.0 -9999.0 -9999.0 -9999.0 -9999.0