inst/processing_geotop_simulation/geotop_simulation/out/maps3D/PwL0019N0130.asc
ncols         104
nrows         10
xllcorner     -2.000000
yllcorner     0.000000
cellsize      1.000000
NODATA_value  -9999.0
-9999.0 -9999.0 -9999.0 -9999.0 -9999.0 -9999.0 -9999.0 -9999.0 -9999.0 -9999.0 -9999.0 -9999.0 -9999.0 -9999.0 -9999.0 -9999.0 -9999.0 -9999.0 -9999.0 -9999.0 -9999.0 -9999.0 -9999.0 -9999.0 -9999.0 -9999.0 -9999.0 -9999.0 -9999.0 -9999.0 -9999.0 -9999.0 -9999.0 -9999.0 -9999.0 -9999.0 -9999.0 -9999.0 -9999.0 -9999.0 -9999.0 -9999.0 -9999.0 -9999.0 -9999.0 -9999.0 -9999.0 -9999.0 -9999.0 -9999.0 -9999.0 -9999.0 -9999.0 -9999.0 -9999.0 -9999.0 -9999.0 -9999.0 -9999.0 -9999.0 -9999.0 -9999.0 -9999.0 -9999.0 -9999.0 -9999.0 -9999.0 -9999.0 -9999.0 -9999.0 -9999.0 -9999.0 -9999.0 -9999.0 -9999.0 -9999.0 -9999.0 -9999.0 -9999.0 -9999.0 -9999.0 -9999.0 -9999.0 -9999.0 -9999.0 -9999.0 -9999.0 -9999.0 -9999.0 -9999.0 -9999.0 -9999.0 -9999.0 -9999.0 -9999.0 -9999.0 -9999.0 -9999.0 -9999.0 -9999.0 -9999.0 -9999.0 -9999.0 -9999.0
-9999.0 -9999.0 -9999.0 -9999.0 -9999.0 -9999.0 -9999.0 -9999.0 -9999.0 -9999.0 -9999.0 -9999.0 -9999.0 -9999.0 -9999.0 -9999.0 -9999.0 -9999.0 -9999.0 -9999.0 -9999.0 -9999.0 -9999.0 -9999.0 -9999.0 -9999.0 -9999.0 -9999.0 -9999.0 -9999.0 -9999.0 -9999.0 -9999.0 -9999.0 -9999.0 -9999.0 -9999.0 -9999.0 -9999.0 -9999.0 -9999.0 -9999.0 -9999.0 -9999.0 -9999.0 -9999.0 -9999.0 -9999.0 -9999.0 -9999.0 -9999.0 -9999.0 -9999.0 -9999.0 -9999.0 -9999.0 -9999.0 -9999.0 -9999.0 -9999.0 -9999.0 -9999.0 -9999.0 -9999.0 -9999.0 -9999.0 -9999.0 -9999.0 -9999.0 -9999.0 -9999.0 -9999.0 -9999.0 -9999.0 -9999.0 -9999.0 -9999.0 -9999.0 -9999.0 -9999.0 -9999.0 -9999.0 -9999.0 -9999.0 -9999.0 -9999.0 -9999.0 -9999.0 -9999.0 -9999.0 -9999.0 -9999.0 -9999.0 -9999.0 -9999.0 -9999.0 -9999.0 -9999.0 -9999.0 -9999.0 -9999.0 -9999.0 -9999.0 -9999.0
-9999.0 -9999.0 938.687536 845.822019 752.319069 657.914392 563.019174 467.902028 372.710369 277.524293 182.387856 87.325344 -7.642804 -102.492887 -197.221679 -291.780298 -386.150125 -480.228848 -573.554588 -665.559293 -756.399993 -845.438409 -932.080033 -1007.318605 -1062.368986 -1103.015180 -1131.240734 -1149.868556 -1161.668442 -1168.898635 -1173.213125 -1175.734946 -1177.186703 -1178.015075 -1178.487152 -1178.761068 -1178.936895 -1179.106099 -1179.512841 -1181.661336 -1194.762147 -1286.402784 -2026.398165 -4021.869061 -4034.652954 -4034.653464 -4034.653373 -4034.652025 -4034.644109 -4034.613932 -4034.519932 -4034.213327 -4033.659368 -4032.897522 -4031.562576 -4028.821172 -4022.434001 -4006.262788 -3964.579828 -3864.264452 -3627.246512 -1746.415651 -1250.433808 -1189.224731 -1180.668315 -1179.539645 -1179.387216 -1179.364614 -1179.361985 -1179.362792 -1179.364015 -1179.365073 -1179.365897 -1179.366525 -1179.367006 -1179.367381 -1179.367677 -1179.367918 -1179.368118 -1179.368296 -1179.368469 -1179.368661 -1179.368900 -1179.369231 -1179.369718 -1179.370466 -1179.371641 -1179.373518 -1179.376563 -1179.381588 -1179.390057 -1179.404704 -1179.430784 -1179.478654 -1179.569043 -1179.744171 -1180.092944 -1180.815804 -1182.409703 -1186.201950 -1195.845034 -1222.379150 -9999.0 -9999.0
-9999.0 -9999.0 938.691160 845.823392 752.319517 657.914538 563.019223 467.902045 372.710375 277.524296 182.387857 87.325345 -7.642804 -102.492887 -197.221679 -291.780298 -386.150125 -480.228848 -573.554589 -665.559294 -756.399994 -845.438409 -932.080034 -1007.318605 -1062.368986 -1103.015181 -1131.240734 -1149.868556 -1161.668442 -1168.898635 -1173.213125 -1175.734946 -1177.186703 -1178.015075 -1178.487152 -1178.761068 -1178.936895 -1179.106099 -1179.512841 -1181.661336 -1194.762147 -1286.402784 -2026.398165 -4021.869061 -4034.652954 -4034.653464 -4034.653373 -4034.652025 -4034.644109 -4034.613932 -4034.519932 -4034.213327 -4033.659368 -4032.897522 -4031.562576 -4028.821172 -4022.434001 -4006.262788 -3964.579828 -3864.264452 -3627.246512 -1746.415651 -1250.433808 -1189.224731 -1180.668315 -1179.539645 -1179.387216 -1179.364614 -1179.361985 -1179.362792 -1179.364015 -1179.365073 -1179.365897 -1179.366525 -1179.367006 -1179.367381 -1179.367677 -1179.367918 -1179.368118 -1179.368296 -1179.368469 -1179.368661 -1179.368900 -1179.369231 -1179.369718 -1179.370466 -1179.371641 -1179.373518 -1179.376563 -1179.381588 -1179.390057 -1179.404704 -1179.430784 -1179.478654 -1179.569043 -1179.744171 -1180.092944 -1180.815804 -1182.409703 -1186.201950 -1195.845034 -1222.379150 -9999.0 -9999.0
-9999.0 -9999.0 938.692520 845.824123 752.319826 657.914656 563.019266 467.902061 372.710381 277.524298 182.387858 87.325345 -7.642804 -102.492887 -197.221679 -291.780298 -386.150125 -480.228848 -573.554589 -665.559294 -756.399994 -845.438409 -932.080034 -1007.318606 -1062.368986 -1103.015181 -1131.240734 -1149.868556 -1161.668442 -1168.898636 -1173.213125 -1175.734946 -1177.186703 -1178.015075 -1178.487152 -1178.761068 -1178.936895 -1179.106099 -1179.512841 -1181.661336 -1194.762147 -1286.402784 -2026.398165 -4021.869061 -4034.652954 -4034.653464 -4034.653373 -4034.652025 -4034.644109 -4034.613932 -4034.519932 -4034.213327 -4033.659368 -4032.897522 -4031.562576 -4028.821172 -4022.434001 -4006.262788 -3964.579828 -3864.264451 -3627.246511 -1746.415651 -1250.433808 -1189.224731 -1180.668315 -1179.539645 -1179.387216 -1179.364614 -1179.361985 -1179.362792 -1179.364015 -1179.365073 -1179.365897 -1179.366525 -1179.367006 -1179.367381 -1179.367677 -1179.367918 -1179.368118 -1179.368296 -1179.368469 -1179.368661 -1179.368900 -1179.369231 -1179.369718 -1179.370466 -1179.371641 -1179.373518 -1179.376563 -1179.381588 -1179.390057 -1179.404704 -1179.430784 -1179.478654 -1179.569043 -1179.744171 -1180.092944 -1180.815804 -1182.409703 -1186.201950 -1195.845034 -1222.379150 -9999.0 -9999.0
-9999.0 -9999.0 938.692520 845.824123 752.319826 657.914656 563.019266 467.902061 372.710381 277.524298 182.387858 87.325345 -7.642804 -102.492887 -197.221679 -291.780298 -386.150125 -480.228848 -573.554589 -665.559294 -756.399994 -845.438409 -932.080034 -1007.318606 -1062.368986 -1103.015181 -1131.240734 -1149.868556 -1161.668442 -1168.898636 -1173.213125 -1175.734946 -1177.186703 -1178.015075 -1178.487152 -1178.761068 -1178.936895 -1179.106099 -1179.512841 -1181.661336 -1194.762147 -1286.402784 -2026.398165 -4021.869061 -4034.652954 -4034.653464 -4034.653373 -4034.652025 -4034.644109 -4034.613932 -4034.519932 -4034.213327 -4033.659368 -4032.897522 -4031.562576 -4028.821172 -4022.434001 -4006.262788 -3964.579828 -3864.264451 -3627.246511 -1746.415651 -1250.433808 -1189.224731 -1180.668315 -1179.539645 -1179.387216 -1179.364614 -1179.361985 -1179.362792 -1179.364015 -1179.365073 -1179.365897 -1179.366525 -1179.367006 -1179.367381 -1179.367677 -1179.367918 -1179.368118 -1179.368296 -1179.368469 -1179.368661 -1179.368900 -1179.369231 -1179.369718 -1179.370466 -1179.371641 -1179.373518 -1179.376563 -1179.381588 -1179.390057 -1179.404704 -1179.430784 -1179.478654 -1179.569043 -1179.744171 -1180.092944 -1180.815804 -1182.409703 -1186.201950 -1195.845034 -1222.379150 -9999.0 -9999.0
-9999.0 -9999.0 938.691161 845.823392 752.319517 657.914538 563.019223 467.902045 372.710375 277.524295 182.387857 87.325345 -7.642804 -102.492887 -197.221679 -291.780298 -386.150125 -480.228848 -573.554589 -665.559294 -756.399994 -845.438409 -932.080034 -1007.318605 -1062.368986 -1103.015181 -1131.240734 -1149.868556 -1161.668442 -1168.898635 -1173.213125 -1175.734946 -1177.186703 -1178.015075 -1178.487152 -1178.761068 -1178.936895 -1179.106099 -1179.512841 -1181.661336 -1194.762147 -1286.402784 -2026.398165 -4021.869061 -4034.652954 -4034.653464 -4034.653373 -4034.652025 -4034.644109 -4034.613932 -4034.519932 -4034.213327 -4033.659368 -4032.897522 -4031.562576 -4028.821172 -4022.434001 -4006.262788 -3964.579828 -3864.264451 -3627.246512 -1746.415651 -1250.433808 -1189.224731 -1180.668315 -1179.539645 -1179.387216 -1179.364614 -1179.361985 -1179.362792 -1179.364015 -1179.365073 -1179.365897 -1179.366525 -1179.367006 -1179.367381 -1179.367677 -1179.367918 -1179.368118 -1179.368296 -1179.368469 -1179.368661 -1179.368900 -1179.369231 -1179.369718 -1179.370466 -1179.371641 -1179.373518 -1179.376563 -1179.381588 -1179.390057 -1179.404704 -1179.430784 -1179.478654 -1179.569043 -1179.744171 -1180.092944 -1180.815804 -1182.409703 -1186.201950 -1195.845034 -1222.379150 -9999.0 -9999.0
-9999.0 -9999.0 938.687536 845.822019 752.319069 657.914392 563.019174 467.902029 372.710369 277.524294 182.387856 87.325344 -7.642804 -102.492887 -197.221679 -291.780298 -386.150125 -480.228847 -573.554588 -665.559293 -756.399993 -845.438409 -932.080033 -1007.318605 -1062.368986 -1103.015180 -1131.240734 -1149.868556 -1161.668442 -1168.898635 -1173.213125 -1175.734946 -1177.186703 -1178.015075 -1178.487152 -1178.761068 -1178.936895 -1179.106099 -1179.512841 -1181.661336 -1194.762147 -1286.402784 -2026.398165 -4021.869061 -4034.652954 -4034.653464 -4034.653373 -4034.652025 -4034.644109 -4034.613932 -4034.519932 -4034.213327 -4033.659368 -4032.897522 -4031.562576 -4028.821172 -4022.434001 -4006.262788 -3964.579828 -3864.264452 -3627.246512 -1746.415651 -1250.433808 -1189.224731 -1180.668315 -1179.539645 -1179.387216 -1179.364614 -1179.361985 -1179.362792 -1179.364015 -1179.365073 -1179.365897 -1179.366525 -1179.367006 -1179.367381 -1179.367677 -1179.367918 -1179.368118 -1179.368296 -1179.368469 -1179.368661 -1179.368900 -1179.369231 -1179.369718 -1179.370466 -1179.371641 -1179.373518 -1179.376563 -1179.381588 -1179.390057 -1179.404704 -1179.430784 -1179.478654 -1179.569043 -1179.744171 -1180.092944 -1180.815804 -1182.409703 -1186.201950 -1195.845034 -1222.379150 -9999.0 -9999.0
-9999.0 -9999.0 -9999.0 -9999.0 -9999.0 -9999.0 -9999.0 -9999.0 -9999.0 -9999.0 -9999.0 -9999.0 -9999.0 -9999.0 -9999.0 -9999.0 -9999.0 -9999.0 -9999.0 -9999.0 -9999.0 -9999.0 -9999.0 -9999.0 -9999.0 -9999.0 -9999.0 -9999.0 -9999.0 -9999.0 -9999.0 -9999.0 -9999.0 -9999.0 -9999.0 -9999.0 -9999.0 -9999.0 -9999.0 -9999.0 -9999.0 -9999.0 -9999.0 -9999.0 -9999.0 -9999.0 -9999.0 -9999.0 -9999.0 -9999.0 -9999.0 -9999.0 -9999.0 -9999.0 -9999.0 -9999.0 -9999.0 -9999.0 -9999.0 -9999.0 -9999.0 -9999.0 -9999.0 -9999.0 -9999.0 -9999.0 -9999.0 -9999.0 -9999.0 -9999.0 -9999.0 -9999.0 -9999.0 -9999.0 -9999.0 -9999.0 -9999.0 -9999.0 -9999.0 -9999.0 -9999.0 -9999.0 -9999.0 -9999.0 -9999.0 -9999.0 -9999.0 -9999.0 -9999.0 -9999.0 -9999.0 -9999.0 -9999.0 -9999.0 -9999.0 -9999.0 -9999.0 -9999.0 -9999.0 -9999.0 -9999.0 -9999.0 -9999.0 -9999.0
-9999.0 -9999.0 -9999.0 -9999.0 -9999.0 -9999.0 -9999.0 -9999.0 -9999.0 -9999.0 -9999.0 -9999.0 -9999.0 -9999.0 -9999.0 -9999.0 -9999.0 -9999.0 -9999.0 -9999.0 -9999.0 -9999.0 -9999.0 -9999.0 -9999.0 -9999.0 -9999.0 -9999.0 -9999.0 -9999.0 -9999.0 -9999.0 -9999.0 -9999.0 -9999.0 -9999.0 -9999.0 -9999.0 -9999.0 -9999.0 -9999.0 -9999.0 -9999.0 -9999.0 -9999.0 -9999.0 -9999.0 -9999.0 -9999.0 -9999.0 -9999.0 -9999.0 -9999.0 -9999.0 -9999.0 -9999.0 -9999.0 -9999.0 -9999.0 -9999.0 -9999.0 -9999.0 -9999.0 -9999.0 -9999.0 -9999.0 -9999.0 -9999.0 -9999.0 -9999.0 -9999.0 -9999.0 -9999.0 -9999.0 -9999.0 -9999.0 -9999.0 -9999.0 -9999.0 -9999.0 -9999.0 -9999.0 -9999.0 -9999.0 -9999.0 -9999.0 -9999.0 -9999.0 -9999.0 -9999.0 -9999.0 -9999.0 -9999.0 -9999.0 -9999.0 -9999.0 -9999.0 -9999.0 -9999.0 -9999.0 -9999.0 -9999.0 -9999.0 -9999.0