inst/processing_geotop_simulation/geotop_simulation/out/maps3D/PwL0003N0324.asc
ncols         104
nrows         10
xllcorner     -2.000000
yllcorner     0.000000
cellsize      1.000000
NODATA_value  -9999.0
-9999.0 -9999.0 -9999.0 -9999.0 -9999.0 -9999.0 -9999.0 -9999.0 -9999.0 -9999.0 -9999.0 -9999.0 -9999.0 -9999.0 -9999.0 -9999.0 -9999.0 -9999.0 -9999.0 -9999.0 -9999.0 -9999.0 -9999.0 -9999.0 -9999.0 -9999.0 -9999.0 -9999.0 -9999.0 -9999.0 -9999.0 -9999.0 -9999.0 -9999.0 -9999.0 -9999.0 -9999.0 -9999.0 -9999.0 -9999.0 -9999.0 -9999.0 -9999.0 -9999.0 -9999.0 -9999.0 -9999.0 -9999.0 -9999.0 -9999.0 -9999.0 -9999.0 -9999.0 -9999.0 -9999.0 -9999.0 -9999.0 -9999.0 -9999.0 -9999.0 -9999.0 -9999.0 -9999.0 -9999.0 -9999.0 -9999.0 -9999.0 -9999.0 -9999.0 -9999.0 -9999.0 -9999.0 -9999.0 -9999.0 -9999.0 -9999.0 -9999.0 -9999.0 -9999.0 -9999.0 -9999.0 -9999.0 -9999.0 -9999.0 -9999.0 -9999.0 -9999.0 -9999.0 -9999.0 -9999.0 -9999.0 -9999.0 -9999.0 -9999.0 -9999.0 -9999.0 -9999.0 -9999.0 -9999.0 -9999.0 -9999.0 -9999.0 -9999.0 -9999.0
-9999.0 -9999.0 -9999.0 -9999.0 -9999.0 -9999.0 -9999.0 -9999.0 -9999.0 -9999.0 -9999.0 -9999.0 -9999.0 -9999.0 -9999.0 -9999.0 -9999.0 -9999.0 -9999.0 -9999.0 -9999.0 -9999.0 -9999.0 -9999.0 -9999.0 -9999.0 -9999.0 -9999.0 -9999.0 -9999.0 -9999.0 -9999.0 -9999.0 -9999.0 -9999.0 -9999.0 -9999.0 -9999.0 -9999.0 -9999.0 -9999.0 -9999.0 -9999.0 -9999.0 -9999.0 -9999.0 -9999.0 -9999.0 -9999.0 -9999.0 -9999.0 -9999.0 -9999.0 -9999.0 -9999.0 -9999.0 -9999.0 -9999.0 -9999.0 -9999.0 -9999.0 -9999.0 -9999.0 -9999.0 -9999.0 -9999.0 -9999.0 -9999.0 -9999.0 -9999.0 -9999.0 -9999.0 -9999.0 -9999.0 -9999.0 -9999.0 -9999.0 -9999.0 -9999.0 -9999.0 -9999.0 -9999.0 -9999.0 -9999.0 -9999.0 -9999.0 -9999.0 -9999.0 -9999.0 -9999.0 -9999.0 -9999.0 -9999.0 -9999.0 -9999.0 -9999.0 -9999.0 -9999.0 -9999.0 -9999.0 -9999.0 -9999.0 -9999.0 -9999.0
-9999.0 -9999.0 126.112420 29.418202 -68.907261 -167.661787 -266.575788 -365.546747 -464.520611 -563.458489 -662.286504 -760.906697 -859.334586 -957.471725 -1055.493232 -1153.498327 -1250.786102 -1346.975821 -1441.379084 -1532.870583 -1619.278606 -1697.225549 -1763.523014 -1816.738118 -1857.447161 -1887.486470 -1909.087789 -1924.333975 -1934.941686 -1942.235901 -1947.201941 -1950.554630 -1952.802616 -1954.301914 -1955.298542 -1955.962844 -1956.422214 -1956.821821 -1957.541992 -1959.824738 -1964.122602 -1921.899280 -1181.512137 -1182.948077 -1171.488052 -1164.009633 -1160.497402 -1159.959426 -1159.901642 -1159.907339 -1159.922253 -1159.938302 -1159.953731 -1159.968021 -1159.981303 -1159.996894 -1160.045862 -1160.370139 -1162.249007 -1166.417711 -1172.173982 -1162.491535 -1898.159559 -1958.133383 -1958.408669 -1957.573899 -1957.374717 -1957.339736 -1957.334548 -1957.334303 -1957.334798 -1957.335309 -1957.335722 -1957.336042 -1957.336288 -1957.336480 -1957.336632 -1957.336757 -1957.336862 -1957.336956 -1957.337050 -1957.337155 -1957.337286 -1957.337469 -1957.337738 -1957.338150 -1957.338798 -1957.339837 -1957.341532 -1957.344349 -1957.349145 -1957.357538 -1957.372668 -1957.400766 -1957.454431 -1957.559805 -1957.773588 -1958.227451 -1959.253940 -1961.781311 -1968.798475 -1991.971756 -9999.0 -9999.0
-9999.0 -9999.0 126.122653 29.420167 -68.906767 -167.661644 -266.575742 -365.546731 -464.520605 -563.458487 -662.286503 -760.906696 -859.334585 -957.471725 -1055.493232 -1153.498327 -1250.786102 -1346.975821 -1441.379084 -1532.870583 -1619.278607 -1697.225549 -1763.523014 -1816.738119 -1857.447161 -1887.486470 -1909.087789 -1924.333975 -1934.941686 -1942.235901 -1947.201941 -1950.554630 -1952.802616 -1954.301914 -1955.298542 -1955.962844 -1956.422214 -1956.821821 -1957.541992 -1959.824738 -1964.122602 -1921.899280 -1181.512137 -1182.948077 -1171.488052 -1164.009633 -1160.497402 -1159.959426 -1159.901642 -1159.907339 -1159.922253 -1159.938302 -1159.953731 -1159.968021 -1159.981303 -1159.996894 -1160.045862 -1160.370139 -1162.249007 -1166.417711 -1172.173982 -1162.491535 -1898.159559 -1958.133383 -1958.408669 -1957.573899 -1957.374717 -1957.339736 -1957.334548 -1957.334303 -1957.334798 -1957.335309 -1957.335722 -1957.336042 -1957.336288 -1957.336480 -1957.336632 -1957.336757 -1957.336862 -1957.336956 -1957.337050 -1957.337155 -1957.337286 -1957.337469 -1957.337738 -1957.338150 -1957.338798 -1957.339837 -1957.341532 -1957.344349 -1957.349145 -1957.357538 -1957.372668 -1957.400766 -1957.454431 -1957.559805 -1957.773588 -1958.227451 -1959.253940 -1961.781311 -1968.798475 -1991.971756 -9999.0 -9999.0
-9999.0 -9999.0 126.123929 29.420960 -68.906455 -167.661530 -266.575702 -365.546717 -464.520600 -563.458485 -662.286503 -760.906696 -859.334585 -957.471725 -1055.493233 -1153.498327 -1250.786102 -1346.975821 -1441.379084 -1532.870583 -1619.278607 -1697.225549 -1763.523014 -1816.738119 -1857.447161 -1887.486470 -1909.087790 -1924.333975 -1934.941686 -1942.235901 -1947.201941 -1950.554630 -1952.802616 -1954.301914 -1955.298542 -1955.962844 -1956.422214 -1956.821821 -1957.541992 -1959.824738 -1964.122602 -1921.899280 -1181.512137 -1182.948077 -1171.488052 -1164.009633 -1160.497402 -1159.959426 -1159.901642 -1159.907339 -1159.922253 -1159.938302 -1159.953731 -1159.968021 -1159.981303 -1159.996894 -1160.045862 -1160.370139 -1162.249007 -1166.417711 -1172.173982 -1162.491535 -1898.159559 -1958.133383 -1958.408669 -1957.573899 -1957.374717 -1957.339736 -1957.334548 -1957.334303 -1957.334798 -1957.335309 -1957.335722 -1957.336042 -1957.336288 -1957.336480 -1957.336632 -1957.336757 -1957.336862 -1957.336956 -1957.337050 -1957.337155 -1957.337286 -1957.337469 -1957.337738 -1957.338150 -1957.338798 -1957.339837 -1957.341532 -1957.344349 -1957.349145 -1957.357538 -1957.372668 -1957.400766 -1957.454431 -1957.559805 -1957.773588 -1958.227451 -1959.253940 -1961.781311 -1968.798475 -1991.971756 -9999.0 -9999.0
-9999.0 -9999.0 126.123929 29.420959 -68.906455 -167.661531 -266.575702 -365.546717 -464.520600 -563.458485 -662.286503 -760.906696 -859.334585 -957.471725 -1055.493232 -1153.498327 -1250.786102 -1346.975821 -1441.379084 -1532.870583 -1619.278607 -1697.225549 -1763.523014 -1816.738119 -1857.447161 -1887.486470 -1909.087790 -1924.333975 -1934.941686 -1942.235901 -1947.201941 -1950.554630 -1952.802616 -1954.301914 -1955.298542 -1955.962844 -1956.422214 -1956.821821 -1957.541992 -1959.824738 -1964.122602 -1921.899280 -1181.512137 -1182.948077 -1171.488052 -1164.009633 -1160.497402 -1159.959426 -1159.901642 -1159.907339 -1159.922253 -1159.938302 -1159.953731 -1159.968021 -1159.981303 -1159.996894 -1160.045862 -1160.370139 -1162.249007 -1166.417711 -1172.173982 -1162.491535 -1898.159559 -1958.133383 -1958.408669 -1957.573899 -1957.374717 -1957.339736 -1957.334548 -1957.334303 -1957.334798 -1957.335309 -1957.335722 -1957.336042 -1957.336288 -1957.336480 -1957.336632 -1957.336757 -1957.336862 -1957.336956 -1957.337050 -1957.337155 -1957.337286 -1957.337469 -1957.337738 -1957.338150 -1957.338798 -1957.339837 -1957.341532 -1957.344349 -1957.349145 -1957.357538 -1957.372668 -1957.400766 -1957.454431 -1957.559805 -1957.773588 -1958.227451 -1959.253940 -1961.781311 -1968.798475 -1991.971756 -9999.0 -9999.0
-9999.0 -9999.0 126.122653 29.420167 -68.906767 -167.661643 -266.575742 -365.546731 -464.520605 -563.458487 -662.286503 -760.906696 -859.334585 -957.471725 -1055.493232 -1153.498327 -1250.786102 -1346.975821 -1441.379084 -1532.870583 -1619.278607 -1697.225549 -1763.523014 -1816.738119 -1857.447161 -1887.486470 -1909.087789 -1924.333975 -1934.941686 -1942.235901 -1947.201941 -1950.554630 -1952.802616 -1954.301914 -1955.298542 -1955.962844 -1956.422214 -1956.821821 -1957.541992 -1959.824738 -1964.122602 -1921.899280 -1181.512137 -1182.948077 -1171.488052 -1164.009633 -1160.497402 -1159.959426 -1159.901642 -1159.907339 -1159.922253 -1159.938302 -1159.953731 -1159.968021 -1159.981303 -1159.996894 -1160.045862 -1160.370139 -1162.249007 -1166.417711 -1172.173982 -1162.491535 -1898.159559 -1958.133383 -1958.408669 -1957.573899 -1957.374717 -1957.339736 -1957.334548 -1957.334303 -1957.334798 -1957.335309 -1957.335722 -1957.336042 -1957.336288 -1957.336480 -1957.336632 -1957.336757 -1957.336862 -1957.336956 -1957.337050 -1957.337155 -1957.337286 -1957.337469 -1957.337738 -1957.338150 -1957.338798 -1957.339837 -1957.341532 -1957.344349 -1957.349145 -1957.357538 -1957.372668 -1957.400766 -1957.454431 -1957.559805 -1957.773588 -1958.227451 -1959.253940 -1961.781311 -1968.798475 -1991.971756 -9999.0 -9999.0
-9999.0 -9999.0 126.112420 29.418202 -68.907260 -167.661787 -266.575788 -365.546747 -464.520611 -563.458489 -662.286504 -760.906697 -859.334585 -957.471725 -1055.493232 -1153.498327 -1250.786102 -1346.975821 -1441.379084 -1532.870583 -1619.278606 -1697.225549 -1763.523014 -1816.738118 -1857.447161 -1887.486470 -1909.087789 -1924.333975 -1934.941686 -1942.235901 -1947.201941 -1950.554630 -1952.802616 -1954.301914 -1955.298542 -1955.962844 -1956.422214 -1956.821821 -1957.541992 -1959.824738 -1964.122602 -1921.899280 -1181.512137 -1182.948077 -1171.488052 -1164.009633 -1160.497402 -1159.959426 -1159.901642 -1159.907339 -1159.922253 -1159.938302 -1159.953731 -1159.968021 -1159.981303 -1159.996894 -1160.045862 -1160.370139 -1162.249007 -1166.417711 -1172.173982 -1162.491535 -1898.159559 -1958.133383 -1958.408669 -1957.573899 -1957.374717 -1957.339736 -1957.334548 -1957.334303 -1957.334798 -1957.335309 -1957.335722 -1957.336042 -1957.336288 -1957.336480 -1957.336632 -1957.336757 -1957.336862 -1957.336956 -1957.337050 -1957.337155 -1957.337286 -1957.337469 -1957.337738 -1957.338150 -1957.338798 -1957.339837 -1957.341532 -1957.344349 -1957.349145 -1957.357538 -1957.372668 -1957.400766 -1957.454431 -1957.559805 -1957.773588 -1958.227451 -1959.253940 -1961.781311 -1968.798475 -1991.971756 -9999.0 -9999.0
-9999.0 -9999.0 -9999.0 -9999.0 -9999.0 -9999.0 -9999.0 -9999.0 -9999.0 -9999.0 -9999.0 -9999.0 -9999.0 -9999.0 -9999.0 -9999.0 -9999.0 -9999.0 -9999.0 -9999.0 -9999.0 -9999.0 -9999.0 -9999.0 -9999.0 -9999.0 -9999.0 -9999.0 -9999.0 -9999.0 -9999.0 -9999.0 -9999.0 -9999.0 -9999.0 -9999.0 -9999.0 -9999.0 -9999.0 -9999.0 -9999.0 -9999.0 -9999.0 -9999.0 -9999.0 -9999.0 -9999.0 -9999.0 -9999.0 -9999.0 -9999.0 -9999.0 -9999.0 -9999.0 -9999.0 -9999.0 -9999.0 -9999.0 -9999.0 -9999.0 -9999.0 -9999.0 -9999.0 -9999.0 -9999.0 -9999.0 -9999.0 -9999.0 -9999.0 -9999.0 -9999.0 -9999.0 -9999.0 -9999.0 -9999.0 -9999.0 -9999.0 -9999.0 -9999.0 -9999.0 -9999.0 -9999.0 -9999.0 -9999.0 -9999.0 -9999.0 -9999.0 -9999.0 -9999.0 -9999.0 -9999.0 -9999.0 -9999.0 -9999.0 -9999.0 -9999.0 -9999.0 -9999.0 -9999.0 -9999.0 -9999.0 -9999.0 -9999.0 -9999.0
-9999.0 -9999.0 -9999.0 -9999.0 -9999.0 -9999.0 -9999.0 -9999.0 -9999.0 -9999.0 -9999.0 -9999.0 -9999.0 -9999.0 -9999.0 -9999.0 -9999.0 -9999.0 -9999.0 -9999.0 -9999.0 -9999.0 -9999.0 -9999.0 -9999.0 -9999.0 -9999.0 -9999.0 -9999.0 -9999.0 -9999.0 -9999.0 -9999.0 -9999.0 -9999.0 -9999.0 -9999.0 -9999.0 -9999.0 -9999.0 -9999.0 -9999.0 -9999.0 -9999.0 -9999.0 -9999.0 -9999.0 -9999.0 -9999.0 -9999.0 -9999.0 -9999.0 -9999.0 -9999.0 -9999.0 -9999.0 -9999.0 -9999.0 -9999.0 -9999.0 -9999.0 -9999.0 -9999.0 -9999.0 -9999.0 -9999.0 -9999.0 -9999.0 -9999.0 -9999.0 -9999.0 -9999.0 -9999.0 -9999.0 -9999.0 -9999.0 -9999.0 -9999.0 -9999.0 -9999.0 -9999.0 -9999.0 -9999.0 -9999.0 -9999.0 -9999.0 -9999.0 -9999.0 -9999.0 -9999.0 -9999.0 -9999.0 -9999.0 -9999.0 -9999.0 -9999.0 -9999.0 -9999.0 -9999.0 -9999.0 -9999.0 -9999.0 -9999.0 -9999.0