inst/processing_geotop_simulation/geotop_simulation/out/maps3D/PwL0014N0112.asc
ncols         104
nrows         10
xllcorner     -2.000000
yllcorner     0.000000
cellsize      1.000000
NODATA_value  -9999.0
-9999.0 -9999.0 -9999.0 -9999.0 -9999.0 -9999.0 -9999.0 -9999.0 -9999.0 -9999.0 -9999.0 -9999.0 -9999.0 -9999.0 -9999.0 -9999.0 -9999.0 -9999.0 -9999.0 -9999.0 -9999.0 -9999.0 -9999.0 -9999.0 -9999.0 -9999.0 -9999.0 -9999.0 -9999.0 -9999.0 -9999.0 -9999.0 -9999.0 -9999.0 -9999.0 -9999.0 -9999.0 -9999.0 -9999.0 -9999.0 -9999.0 -9999.0 -9999.0 -9999.0 -9999.0 -9999.0 -9999.0 -9999.0 -9999.0 -9999.0 -9999.0 -9999.0 -9999.0 -9999.0 -9999.0 -9999.0 -9999.0 -9999.0 -9999.0 -9999.0 -9999.0 -9999.0 -9999.0 -9999.0 -9999.0 -9999.0 -9999.0 -9999.0 -9999.0 -9999.0 -9999.0 -9999.0 -9999.0 -9999.0 -9999.0 -9999.0 -9999.0 -9999.0 -9999.0 -9999.0 -9999.0 -9999.0 -9999.0 -9999.0 -9999.0 -9999.0 -9999.0 -9999.0 -9999.0 -9999.0 -9999.0 -9999.0 -9999.0 -9999.0 -9999.0 -9999.0 -9999.0 -9999.0 -9999.0 -9999.0 -9999.0 -9999.0 -9999.0 -9999.0
-9999.0 -9999.0 -9999.0 -9999.0 -9999.0 -9999.0 -9999.0 -9999.0 -9999.0 -9999.0 -9999.0 -9999.0 -9999.0 -9999.0 -9999.0 -9999.0 -9999.0 -9999.0 -9999.0 -9999.0 -9999.0 -9999.0 -9999.0 -9999.0 -9999.0 -9999.0 -9999.0 -9999.0 -9999.0 -9999.0 -9999.0 -9999.0 -9999.0 -9999.0 -9999.0 -9999.0 -9999.0 -9999.0 -9999.0 -9999.0 -9999.0 -9999.0 -9999.0 -9999.0 -9999.0 -9999.0 -9999.0 -9999.0 -9999.0 -9999.0 -9999.0 -9999.0 -9999.0 -9999.0 -9999.0 -9999.0 -9999.0 -9999.0 -9999.0 -9999.0 -9999.0 -9999.0 -9999.0 -9999.0 -9999.0 -9999.0 -9999.0 -9999.0 -9999.0 -9999.0 -9999.0 -9999.0 -9999.0 -9999.0 -9999.0 -9999.0 -9999.0 -9999.0 -9999.0 -9999.0 -9999.0 -9999.0 -9999.0 -9999.0 -9999.0 -9999.0 -9999.0 -9999.0 -9999.0 -9999.0 -9999.0 -9999.0 -9999.0 -9999.0 -9999.0 -9999.0 -9999.0 -9999.0 -9999.0 -9999.0 -9999.0 -9999.0 -9999.0 -9999.0
-9999.0 -9999.0 690.115152 599.934220 507.668419 413.982798 319.631296 224.993059 130.258216 35.527221 -59.127299 -153.694251 -248.225352 -342.995223 -438.547806 -535.581559 -635.027272 -733.679252 -828.296639 -920.313079 -1008.310297 -1076.797974 -1123.384843 -1151.667558 -1167.515076 -1176.033072 -1180.602385 -1183.136804 -1184.624970 -1185.556308 -1186.174667 -1186.604594 -1186.913154 -1187.138629 -1187.304365 -1187.427680 -1187.530333 -1187.654686 -1187.938975 -1189.458790 -1200.183472 -1285.411182 -2088.974241 -4270.234952 -4282.177892 -4282.178209 -4282.178204 -4282.178203 -4282.178203 -4282.178203 -4282.178203 -4282.178203 -4282.178203 -4282.178203 -4282.178203 -4282.178203 -4282.178203 -4282.178204 -4282.178206 -4282.177607 -4263.128973 -1975.863316 -1257.442136 -1196.066046 -1188.878842 -1188.011952 -1187.892275 -1187.873283 -1187.871394 -1187.872614 -1187.874140 -1187.875422 -1187.876409 -1187.877158 -1187.877729 -1187.878172 -1187.878522 -1187.878804 -1187.879039 -1187.879246 -1187.879446 -1187.879668 -1187.879945 -1187.880327 -1187.880892 -1187.881758 -1187.883119 -1187.885291 -1187.888806 -1187.894590 -1187.904299 -1187.921007 -1187.950600 -1188.004627 -1188.106090 -1188.301256 -1188.684815 -1189.459647 -1191.099109 -1194.815517 -1203.913801 -1228.733281 -9999.0 -9999.0
-9999.0 -9999.0 690.120397 599.935929 507.668932 413.982958 319.631348 224.993077 130.258222 35.527223 -59.127298 -153.694250 -248.225351 -342.995223 -438.547806 -535.581559 -635.027272 -733.679252 -828.296640 -920.313079 -1008.310297 -1076.797974 -1123.384843 -1151.667558 -1167.515076 -1176.033072 -1180.602385 -1183.136804 -1184.624970 -1185.556308 -1186.174667 -1186.604594 -1186.913154 -1187.138629 -1187.304365 -1187.427680 -1187.530333 -1187.654686 -1187.938975 -1189.458790 -1200.183472 -1285.411182 -2088.974240 -4270.234952 -4282.177892 -4282.178209 -4282.178204 -4282.178203 -4282.178203 -4282.178203 -4282.178203 -4282.178203 -4282.178203 -4282.178203 -4282.178203 -4282.178203 -4282.178203 -4282.178204 -4282.178206 -4282.177607 -4263.128973 -1975.863316 -1257.442136 -1196.066046 -1188.878842 -1188.011952 -1187.892275 -1187.873283 -1187.871394 -1187.872614 -1187.874140 -1187.875422 -1187.876409 -1187.877158 -1187.877729 -1187.878172 -1187.878522 -1187.878804 -1187.879039 -1187.879246 -1187.879446 -1187.879668 -1187.879945 -1187.880327 -1187.880892 -1187.881758 -1187.883119 -1187.885291 -1187.888806 -1187.894590 -1187.904299 -1187.921007 -1187.950600 -1188.004627 -1188.106090 -1188.301256 -1188.684815 -1189.459647 -1191.099109 -1194.815517 -1203.913801 -1228.733281 -9999.0 -9999.0
-9999.0 -9999.0 690.121969 599.936756 507.669271 413.983085 319.631394 224.993093 130.258228 35.527226 -59.127297 -153.694250 -248.225351 -342.995223 -438.547806 -535.581559 -635.027272 -733.679252 -828.296640 -920.313079 -1008.310297 -1076.797974 -1123.384843 -1151.667558 -1167.515076 -1176.033072 -1180.602385 -1183.136804 -1184.624970 -1185.556308 -1186.174667 -1186.604594 -1186.913154 -1187.138629 -1187.304365 -1187.427680 -1187.530333 -1187.654686 -1187.938975 -1189.458790 -1200.183472 -1285.411182 -2088.974240 -4270.234952 -4282.177892 -4282.178209 -4282.178204 -4282.178203 -4282.178203 -4282.178203 -4282.178203 -4282.178203 -4282.178203 -4282.178203 -4282.178203 -4282.178203 -4282.178203 -4282.178204 -4282.178206 -4282.177607 -4263.128973 -1975.863316 -1257.442136 -1196.066046 -1188.878842 -1188.011952 -1187.892275 -1187.873283 -1187.871394 -1187.872614 -1187.874140 -1187.875422 -1187.876409 -1187.877158 -1187.877729 -1187.878172 -1187.878522 -1187.878804 -1187.879039 -1187.879246 -1187.879446 -1187.879668 -1187.879945 -1187.880327 -1187.880892 -1187.881758 -1187.883119 -1187.885291 -1187.888806 -1187.894590 -1187.904299 -1187.921007 -1187.950600 -1188.004627 -1188.106090 -1188.301256 -1188.684815 -1189.459647 -1191.099109 -1194.815517 -1203.913801 -1228.733281 -9999.0 -9999.0
-9999.0 -9999.0 690.121969 599.936756 507.669271 413.983085 319.631394 224.993093 130.258228 35.527226 -59.127297 -153.694250 -248.225351 -342.995223 -438.547806 -535.581559 -635.027272 -733.679252 -828.296640 -920.313079 -1008.310297 -1076.797974 -1123.384843 -1151.667558 -1167.515076 -1176.033072 -1180.602385 -1183.136804 -1184.624970 -1185.556308 -1186.174667 -1186.604594 -1186.913154 -1187.138629 -1187.304365 -1187.427680 -1187.530333 -1187.654686 -1187.938975 -1189.458790 -1200.183472 -1285.411182 -2088.974240 -4270.234952 -4282.177892 -4282.178209 -4282.178204 -4282.178203 -4282.178203 -4282.178203 -4282.178203 -4282.178203 -4282.178203 -4282.178203 -4282.178203 -4282.178203 -4282.178203 -4282.178204 -4282.178206 -4282.177607 -4263.128973 -1975.863316 -1257.442136 -1196.066046 -1188.878842 -1188.011952 -1187.892275 -1187.873283 -1187.871394 -1187.872614 -1187.874140 -1187.875422 -1187.876409 -1187.877158 -1187.877729 -1187.878172 -1187.878522 -1187.878804 -1187.879039 -1187.879246 -1187.879446 -1187.879668 -1187.879945 -1187.880327 -1187.880892 -1187.881758 -1187.883119 -1187.885291 -1187.888806 -1187.894590 -1187.904299 -1187.921007 -1187.950600 -1188.004627 -1188.106090 -1188.301256 -1188.684815 -1189.459647 -1191.099109 -1194.815517 -1203.913801 -1228.733281 -9999.0 -9999.0
-9999.0 -9999.0 690.120397 599.935929 507.668932 413.982958 319.631348 224.993077 130.258222 35.527223 -59.127298 -153.694250 -248.225351 -342.995223 -438.547806 -535.581559 -635.027272 -733.679252 -828.296640 -920.313079 -1008.310297 -1076.797974 -1123.384843 -1151.667558 -1167.515076 -1176.033072 -1180.602385 -1183.136804 -1184.624970 -1185.556308 -1186.174667 -1186.604594 -1186.913154 -1187.138629 -1187.304365 -1187.427680 -1187.530333 -1187.654686 -1187.938975 -1189.458790 -1200.183472 -1285.411182 -2088.974240 -4270.234952 -4282.177892 -4282.178209 -4282.178204 -4282.178203 -4282.178203 -4282.178203 -4282.178203 -4282.178203 -4282.178203 -4282.178203 -4282.178203 -4282.178203 -4282.178203 -4282.178204 -4282.178206 -4282.177607 -4263.128973 -1975.863316 -1257.442136 -1196.066046 -1188.878842 -1188.011952 -1187.892275 -1187.873283 -1187.871394 -1187.872614 -1187.874140 -1187.875422 -1187.876409 -1187.877158 -1187.877729 -1187.878172 -1187.878522 -1187.878804 -1187.879039 -1187.879246 -1187.879446 -1187.879668 -1187.879945 -1187.880327 -1187.880892 -1187.881758 -1187.883119 -1187.885291 -1187.888806 -1187.894590 -1187.904299 -1187.921007 -1187.950600 -1188.004627 -1188.106090 -1188.301256 -1188.684815 -1189.459647 -1191.099109 -1194.815517 -1203.913801 -1228.733281 -9999.0 -9999.0
-9999.0 -9999.0 690.115152 599.934220 507.668419 413.982798 319.631296 224.993059 130.258216 35.527221 -59.127299 -153.694251 -248.225352 -342.995223 -438.547806 -535.581559 -635.027272 -733.679252 -828.296639 -920.313079 -1008.310297 -1076.797974 -1123.384843 -1151.667558 -1167.515076 -1176.033072 -1180.602385 -1183.136804 -1184.624970 -1185.556308 -1186.174667 -1186.604594 -1186.913154 -1187.138629 -1187.304365 -1187.427680 -1187.530333 -1187.654686 -1187.938975 -1189.458790 -1200.183472 -1285.411182 -2088.974241 -4270.234952 -4282.177892 -4282.178209 -4282.178204 -4282.178203 -4282.178203 -4282.178203 -4282.178203 -4282.178203 -4282.178203 -4282.178203 -4282.178203 -4282.178203 -4282.178203 -4282.178204 -4282.178206 -4282.177607 -4263.128973 -1975.863316 -1257.442136 -1196.066046 -1188.878842 -1188.011952 -1187.892275 -1187.873283 -1187.871394 -1187.872614 -1187.874140 -1187.875422 -1187.876409 -1187.877158 -1187.877729 -1187.878172 -1187.878522 -1187.878804 -1187.879039 -1187.879246 -1187.879446 -1187.879668 -1187.879945 -1187.880327 -1187.880892 -1187.881758 -1187.883119 -1187.885291 -1187.888806 -1187.894590 -1187.904299 -1187.921007 -1187.950600 -1188.004627 -1188.106090 -1188.301256 -1188.684815 -1189.459647 -1191.099109 -1194.815517 -1203.913801 -1228.733281 -9999.0 -9999.0
-9999.0 -9999.0 -9999.0 -9999.0 -9999.0 -9999.0 -9999.0 -9999.0 -9999.0 -9999.0 -9999.0 -9999.0 -9999.0 -9999.0 -9999.0 -9999.0 -9999.0 -9999.0 -9999.0 -9999.0 -9999.0 -9999.0 -9999.0 -9999.0 -9999.0 -9999.0 -9999.0 -9999.0 -9999.0 -9999.0 -9999.0 -9999.0 -9999.0 -9999.0 -9999.0 -9999.0 -9999.0 -9999.0 -9999.0 -9999.0 -9999.0 -9999.0 -9999.0 -9999.0 -9999.0 -9999.0 -9999.0 -9999.0 -9999.0 -9999.0 -9999.0 -9999.0 -9999.0 -9999.0 -9999.0 -9999.0 -9999.0 -9999.0 -9999.0 -9999.0 -9999.0 -9999.0 -9999.0 -9999.0 -9999.0 -9999.0 -9999.0 -9999.0 -9999.0 -9999.0 -9999.0 -9999.0 -9999.0 -9999.0 -9999.0 -9999.0 -9999.0 -9999.0 -9999.0 -9999.0 -9999.0 -9999.0 -9999.0 -9999.0 -9999.0 -9999.0 -9999.0 -9999.0 -9999.0 -9999.0 -9999.0 -9999.0 -9999.0 -9999.0 -9999.0 -9999.0 -9999.0 -9999.0 -9999.0 -9999.0 -9999.0 -9999.0 -9999.0 -9999.0
-9999.0 -9999.0 -9999.0 -9999.0 -9999.0 -9999.0 -9999.0 -9999.0 -9999.0 -9999.0 -9999.0 -9999.0 -9999.0 -9999.0 -9999.0 -9999.0 -9999.0 -9999.0 -9999.0 -9999.0 -9999.0 -9999.0 -9999.0 -9999.0 -9999.0 -9999.0 -9999.0 -9999.0 -9999.0 -9999.0 -9999.0 -9999.0 -9999.0 -9999.0 -9999.0 -9999.0 -9999.0 -9999.0 -9999.0 -9999.0 -9999.0 -9999.0 -9999.0 -9999.0 -9999.0 -9999.0 -9999.0 -9999.0 -9999.0 -9999.0 -9999.0 -9999.0 -9999.0 -9999.0 -9999.0 -9999.0 -9999.0 -9999.0 -9999.0 -9999.0 -9999.0 -9999.0 -9999.0 -9999.0 -9999.0 -9999.0 -9999.0 -9999.0 -9999.0 -9999.0 -9999.0 -9999.0 -9999.0 -9999.0 -9999.0 -9999.0 -9999.0 -9999.0 -9999.0 -9999.0 -9999.0 -9999.0 -9999.0 -9999.0 -9999.0 -9999.0 -9999.0 -9999.0 -9999.0 -9999.0 -9999.0 -9999.0 -9999.0 -9999.0 -9999.0 -9999.0 -9999.0 -9999.0 -9999.0 -9999.0 -9999.0 -9999.0 -9999.0 -9999.0