inst/processing_geotop_simulation/geotop_simulation/out/maps3D/PwL0012N0034.asc
ncols         104
nrows         10
xllcorner     -2.000000
yllcorner     0.000000
cellsize      1.000000
NODATA_value  -9999.0
-9999.0 -9999.0 -9999.0 -9999.0 -9999.0 -9999.0 -9999.0 -9999.0 -9999.0 -9999.0 -9999.0 -9999.0 -9999.0 -9999.0 -9999.0 -9999.0 -9999.0 -9999.0 -9999.0 -9999.0 -9999.0 -9999.0 -9999.0 -9999.0 -9999.0 -9999.0 -9999.0 -9999.0 -9999.0 -9999.0 -9999.0 -9999.0 -9999.0 -9999.0 -9999.0 -9999.0 -9999.0 -9999.0 -9999.0 -9999.0 -9999.0 -9999.0 -9999.0 -9999.0 -9999.0 -9999.0 -9999.0 -9999.0 -9999.0 -9999.0 -9999.0 -9999.0 -9999.0 -9999.0 -9999.0 -9999.0 -9999.0 -9999.0 -9999.0 -9999.0 -9999.0 -9999.0 -9999.0 -9999.0 -9999.0 -9999.0 -9999.0 -9999.0 -9999.0 -9999.0 -9999.0 -9999.0 -9999.0 -9999.0 -9999.0 -9999.0 -9999.0 -9999.0 -9999.0 -9999.0 -9999.0 -9999.0 -9999.0 -9999.0 -9999.0 -9999.0 -9999.0 -9999.0 -9999.0 -9999.0 -9999.0 -9999.0 -9999.0 -9999.0 -9999.0 -9999.0 -9999.0 -9999.0 -9999.0 -9999.0 -9999.0 -9999.0 -9999.0 -9999.0
-9999.0 -9999.0 -9999.0 -9999.0 -9999.0 -9999.0 -9999.0 -9999.0 -9999.0 -9999.0 -9999.0 -9999.0 -9999.0 -9999.0 -9999.0 -9999.0 -9999.0 -9999.0 -9999.0 -9999.0 -9999.0 -9999.0 -9999.0 -9999.0 -9999.0 -9999.0 -9999.0 -9999.0 -9999.0 -9999.0 -9999.0 -9999.0 -9999.0 -9999.0 -9999.0 -9999.0 -9999.0 -9999.0 -9999.0 -9999.0 -9999.0 -9999.0 -9999.0 -9999.0 -9999.0 -9999.0 -9999.0 -9999.0 -9999.0 -9999.0 -9999.0 -9999.0 -9999.0 -9999.0 -9999.0 -9999.0 -9999.0 -9999.0 -9999.0 -9999.0 -9999.0 -9999.0 -9999.0 -9999.0 -9999.0 -9999.0 -9999.0 -9999.0 -9999.0 -9999.0 -9999.0 -9999.0 -9999.0 -9999.0 -9999.0 -9999.0 -9999.0 -9999.0 -9999.0 -9999.0 -9999.0 -9999.0 -9999.0 -9999.0 -9999.0 -9999.0 -9999.0 -9999.0 -9999.0 -9999.0 -9999.0 -9999.0 -9999.0 -9999.0 -9999.0 -9999.0 -9999.0 -9999.0 -9999.0 -9999.0 -9999.0 -9999.0 -9999.0 -9999.0
-9999.0 -9999.0 -558.738055 -560.268696 -555.601958 -554.581396 -556.565730 -559.345143 -561.932399 -564.449119 -563.829060 -562.382291 -556.561523 -539.746968 -492.554462 -440.796912 -340.603916 -241.742839 -146.943792 -49.861445 -30.727124 -99.889956 -170.942029 -240.759371 -307.652227 -368.804162 -422.379350 -466.430270 -500.301189 -524.415251 -540.370915 -550.298396 -556.172320 -559.513413 -561.338434 -562.261921 -562.647998 -563.204685 -565.368393 -564.147714 -557.866254 -575.599128 -2558.948975 -4380.734766 -4381.188116 -4381.188119 -4381.188119 -4381.188119 -4381.188119 -4381.188119 -4381.188119 -4381.188119 -4381.188119 -4381.188119 -4381.188119 -4381.188119 -4381.188119 -4381.188119 -4381.188119 -4381.188114 -4380.438054 -2450.424348 -580.968185 -572.821566 -566.307431 -564.435228 -564.034985 -563.954513 -563.943189 -563.947939 -563.955617 -563.962728 -563.968584 -563.973291 -563.977105 -563.980232 -563.982837 -563.985025 -563.986897 -563.988573 -563.990207 -563.991976 -563.994135 -563.997050 -564.001263 -564.007629 -564.017528 -564.033194 -564.058338 -564.099280 -564.167141 -564.282203 -564.482945 -564.844914 -565.520133 -566.817813 -569.363974 -574.401895 -584.323405 -603.612160 -641.415108 -716.003841 -9999.0 -9999.0
-9999.0 -9999.0 -558.737856 -560.268438 -555.601786 -554.581328 -556.565715 -559.345145 -561.932405 -564.449123 -563.829060 -562.382291 -556.561523 -539.746968 -492.554462 -440.796912 -340.603916 -241.742839 -146.943792 -49.861445 -30.727124 -99.889956 -170.942029 -240.759371 -307.652227 -368.804162 -422.379350 -466.430270 -500.301189 -524.415251 -540.370915 -550.298396 -556.172320 -559.513413 -561.338434 -562.261921 -562.647998 -563.204685 -565.368393 -564.147714 -557.866254 -575.599128 -2558.948974 -4380.734766 -4381.188116 -4381.188119 -4381.188119 -4381.188119 -4381.188119 -4381.188119 -4381.188119 -4381.188119 -4381.188119 -4381.188119 -4381.188119 -4381.188119 -4381.188119 -4381.188119 -4381.188119 -4381.188114 -4380.438054 -2450.424348 -580.968185 -572.821566 -566.307431 -564.435228 -564.034985 -563.954513 -563.943189 -563.947939 -563.955617 -563.962728 -563.968584 -563.973291 -563.977105 -563.980232 -563.982837 -563.985025 -563.986897 -563.988573 -563.990207 -563.991976 -563.994135 -563.997050 -564.001263 -564.007629 -564.017528 -564.033194 -564.058338 -564.099280 -564.167141 -564.282203 -564.482945 -564.844914 -565.520133 -566.817813 -569.363974 -574.401895 -584.323405 -603.612160 -641.415108 -716.003841 -9999.0 -9999.0
-9999.0 -9999.0 -558.737765 -560.268305 -555.601679 -554.581280 -556.565703 -559.345147 -561.932410 -564.449128 -563.829061 -562.382291 -556.561523 -539.746968 -492.554462 -440.796912 -340.603916 -241.742839 -146.943792 -49.861445 -30.727124 -99.889956 -170.942029 -240.759371 -307.652227 -368.804162 -422.379350 -466.430270 -500.301189 -524.415251 -540.370915 -550.298396 -556.172320 -559.513413 -561.338434 -562.261921 -562.647998 -563.204685 -565.368393 -564.147714 -557.866254 -575.599128 -2558.948974 -4380.734766 -4381.188116 -4381.188119 -4381.188119 -4381.188119 -4381.188119 -4381.188119 -4381.188119 -4381.188119 -4381.188119 -4381.188119 -4381.188119 -4381.188119 -4381.188119 -4381.188119 -4381.188119 -4381.188114 -4380.438054 -2450.424348 -580.968185 -572.821566 -566.307431 -564.435228 -564.034985 -563.954513 -563.943189 -563.947939 -563.955617 -563.962728 -563.968584 -563.973291 -563.977105 -563.980232 -563.982837 -563.985025 -563.986897 -563.988573 -563.990207 -563.991976 -563.994135 -563.997050 -564.001263 -564.007629 -564.017528 -564.033194 -564.058338 -564.099280 -564.167141 -564.282203 -564.482945 -564.844914 -565.520133 -566.817813 -569.363974 -574.401895 -584.323405 -603.612160 -641.415108 -716.003841 -9999.0 -9999.0
-9999.0 -9999.0 -558.737765 -560.268305 -555.601679 -554.581280 -556.565703 -559.345147 -561.932410 -564.449128 -563.829061 -562.382291 -556.561523 -539.746968 -492.554462 -440.796912 -340.603916 -241.742839 -146.943792 -49.861445 -30.727124 -99.889956 -170.942029 -240.759371 -307.652227 -368.804162 -422.379350 -466.430270 -500.301189 -524.415251 -540.370915 -550.298396 -556.172320 -559.513413 -561.338434 -562.261921 -562.647998 -563.204685 -565.368393 -564.147714 -557.866254 -575.599128 -2558.948974 -4380.734766 -4381.188116 -4381.188119 -4381.188119 -4381.188119 -4381.188119 -4381.188119 -4381.188119 -4381.188119 -4381.188119 -4381.188119 -4381.188119 -4381.188119 -4381.188119 -4381.188119 -4381.188119 -4381.188114 -4380.438054 -2450.424348 -580.968185 -572.821566 -566.307431 -564.435228 -564.034985 -563.954513 -563.943189 -563.947939 -563.955617 -563.962728 -563.968584 -563.973291 -563.977105 -563.980232 -563.982837 -563.985025 -563.986897 -563.988573 -563.990207 -563.991976 -563.994135 -563.997050 -564.001263 -564.007629 -564.017528 -564.033194 -564.058338 -564.099280 -564.167141 -564.282203 -564.482945 -564.844914 -565.520133 -566.817813 -569.363974 -574.401895 -584.323405 -603.612160 -641.415108 -716.003841 -9999.0 -9999.0
-9999.0 -9999.0 -558.737856 -560.268438 -555.601786 -554.581328 -556.565715 -559.345145 -561.932405 -564.449123 -563.829060 -562.382291 -556.561523 -539.746968 -492.554462 -440.796912 -340.603916 -241.742839 -146.943792 -49.861445 -30.727124 -99.889956 -170.942029 -240.759371 -307.652227 -368.804162 -422.379350 -466.430270 -500.301189 -524.415251 -540.370915 -550.298396 -556.172320 -559.513413 -561.338434 -562.261921 -562.647998 -563.204685 -565.368393 -564.147714 -557.866254 -575.599128 -2558.948974 -4380.734766 -4381.188116 -4381.188119 -4381.188119 -4381.188119 -4381.188119 -4381.188119 -4381.188119 -4381.188119 -4381.188119 -4381.188119 -4381.188119 -4381.188119 -4381.188119 -4381.188119 -4381.188119 -4381.188114 -4380.438054 -2450.424348 -580.968185 -572.821566 -566.307431 -564.435228 -564.034985 -563.954513 -563.943189 -563.947939 -563.955617 -563.962728 -563.968584 -563.973291 -563.977105 -563.980232 -563.982837 -563.985025 -563.986897 -563.988573 -563.990207 -563.991976 -563.994135 -563.997050 -564.001263 -564.007629 -564.017528 -564.033194 -564.058338 -564.099280 -564.167141 -564.282203 -564.482945 -564.844914 -565.520133 -566.817813 -569.363974 -574.401895 -584.323405 -603.612160 -641.415108 -716.003841 -9999.0 -9999.0
-9999.0 -9999.0 -558.738055 -560.268696 -555.601958 -554.581396 -556.565730 -559.345143 -561.932399 -564.449119 -563.829060 -562.382291 -556.561523 -539.746968 -492.554462 -440.796912 -340.603916 -241.742839 -146.943792 -49.861445 -30.727124 -99.889956 -170.942029 -240.759371 -307.652227 -368.804162 -422.379350 -466.430270 -500.301189 -524.415251 -540.370915 -550.298396 -556.172320 -559.513413 -561.338434 -562.261921 -562.647998 -563.204685 -565.368393 -564.147714 -557.866254 -575.599128 -2558.948975 -4380.734766 -4381.188116 -4381.188119 -4381.188119 -4381.188119 -4381.188119 -4381.188119 -4381.188119 -4381.188119 -4381.188119 -4381.188119 -4381.188119 -4381.188119 -4381.188119 -4381.188119 -4381.188119 -4381.188114 -4380.438054 -2450.424348 -580.968185 -572.821566 -566.307431 -564.435228 -564.034985 -563.954513 -563.943189 -563.947939 -563.955617 -563.962728 -563.968584 -563.973291 -563.977105 -563.980232 -563.982837 -563.985025 -563.986897 -563.988573 -563.990207 -563.991976 -563.994135 -563.997050 -564.001263 -564.007629 -564.017528 -564.033194 -564.058338 -564.099280 -564.167141 -564.282203 -564.482945 -564.844914 -565.520133 -566.817813 -569.363974 -574.401895 -584.323405 -603.612160 -641.415108 -716.003841 -9999.0 -9999.0
-9999.0 -9999.0 -9999.0 -9999.0 -9999.0 -9999.0 -9999.0 -9999.0 -9999.0 -9999.0 -9999.0 -9999.0 -9999.0 -9999.0 -9999.0 -9999.0 -9999.0 -9999.0 -9999.0 -9999.0 -9999.0 -9999.0 -9999.0 -9999.0 -9999.0 -9999.0 -9999.0 -9999.0 -9999.0 -9999.0 -9999.0 -9999.0 -9999.0 -9999.0 -9999.0 -9999.0 -9999.0 -9999.0 -9999.0 -9999.0 -9999.0 -9999.0 -9999.0 -9999.0 -9999.0 -9999.0 -9999.0 -9999.0 -9999.0 -9999.0 -9999.0 -9999.0 -9999.0 -9999.0 -9999.0 -9999.0 -9999.0 -9999.0 -9999.0 -9999.0 -9999.0 -9999.0 -9999.0 -9999.0 -9999.0 -9999.0 -9999.0 -9999.0 -9999.0 -9999.0 -9999.0 -9999.0 -9999.0 -9999.0 -9999.0 -9999.0 -9999.0 -9999.0 -9999.0 -9999.0 -9999.0 -9999.0 -9999.0 -9999.0 -9999.0 -9999.0 -9999.0 -9999.0 -9999.0 -9999.0 -9999.0 -9999.0 -9999.0 -9999.0 -9999.0 -9999.0 -9999.0 -9999.0 -9999.0 -9999.0 -9999.0 -9999.0 -9999.0 -9999.0
-9999.0 -9999.0 -9999.0 -9999.0 -9999.0 -9999.0 -9999.0 -9999.0 -9999.0 -9999.0 -9999.0 -9999.0 -9999.0 -9999.0 -9999.0 -9999.0 -9999.0 -9999.0 -9999.0 -9999.0 -9999.0 -9999.0 -9999.0 -9999.0 -9999.0 -9999.0 -9999.0 -9999.0 -9999.0 -9999.0 -9999.0 -9999.0 -9999.0 -9999.0 -9999.0 -9999.0 -9999.0 -9999.0 -9999.0 -9999.0 -9999.0 -9999.0 -9999.0 -9999.0 -9999.0 -9999.0 -9999.0 -9999.0 -9999.0 -9999.0 -9999.0 -9999.0 -9999.0 -9999.0 -9999.0 -9999.0 -9999.0 -9999.0 -9999.0 -9999.0 -9999.0 -9999.0 -9999.0 -9999.0 -9999.0 -9999.0 -9999.0 -9999.0 -9999.0 -9999.0 -9999.0 -9999.0 -9999.0 -9999.0 -9999.0 -9999.0 -9999.0 -9999.0 -9999.0 -9999.0 -9999.0 -9999.0 -9999.0 -9999.0 -9999.0 -9999.0 -9999.0 -9999.0 -9999.0 -9999.0 -9999.0 -9999.0 -9999.0 -9999.0 -9999.0 -9999.0 -9999.0 -9999.0 -9999.0 -9999.0 -9999.0 -9999.0 -9999.0 -9999.0