inst/processing_geotop_simulation/geotop_simulation/out/maps3D/PwL0012N0182.asc
ncols         104
nrows         10
xllcorner     -2.000000
yllcorner     0.000000
cellsize      1.000000
NODATA_value  -9999.0
-9999.0 -9999.0 -9999.0 -9999.0 -9999.0 -9999.0 -9999.0 -9999.0 -9999.0 -9999.0 -9999.0 -9999.0 -9999.0 -9999.0 -9999.0 -9999.0 -9999.0 -9999.0 -9999.0 -9999.0 -9999.0 -9999.0 -9999.0 -9999.0 -9999.0 -9999.0 -9999.0 -9999.0 -9999.0 -9999.0 -9999.0 -9999.0 -9999.0 -9999.0 -9999.0 -9999.0 -9999.0 -9999.0 -9999.0 -9999.0 -9999.0 -9999.0 -9999.0 -9999.0 -9999.0 -9999.0 -9999.0 -9999.0 -9999.0 -9999.0 -9999.0 -9999.0 -9999.0 -9999.0 -9999.0 -9999.0 -9999.0 -9999.0 -9999.0 -9999.0 -9999.0 -9999.0 -9999.0 -9999.0 -9999.0 -9999.0 -9999.0 -9999.0 -9999.0 -9999.0 -9999.0 -9999.0 -9999.0 -9999.0 -9999.0 -9999.0 -9999.0 -9999.0 -9999.0 -9999.0 -9999.0 -9999.0 -9999.0 -9999.0 -9999.0 -9999.0 -9999.0 -9999.0 -9999.0 -9999.0 -9999.0 -9999.0 -9999.0 -9999.0 -9999.0 -9999.0 -9999.0 -9999.0 -9999.0 -9999.0 -9999.0 -9999.0 -9999.0 -9999.0
-9999.0 -9999.0 -9999.0 -9999.0 -9999.0 -9999.0 -9999.0 -9999.0 -9999.0 -9999.0 -9999.0 -9999.0 -9999.0 -9999.0 -9999.0 -9999.0 -9999.0 -9999.0 -9999.0 -9999.0 -9999.0 -9999.0 -9999.0 -9999.0 -9999.0 -9999.0 -9999.0 -9999.0 -9999.0 -9999.0 -9999.0 -9999.0 -9999.0 -9999.0 -9999.0 -9999.0 -9999.0 -9999.0 -9999.0 -9999.0 -9999.0 -9999.0 -9999.0 -9999.0 -9999.0 -9999.0 -9999.0 -9999.0 -9999.0 -9999.0 -9999.0 -9999.0 -9999.0 -9999.0 -9999.0 -9999.0 -9999.0 -9999.0 -9999.0 -9999.0 -9999.0 -9999.0 -9999.0 -9999.0 -9999.0 -9999.0 -9999.0 -9999.0 -9999.0 -9999.0 -9999.0 -9999.0 -9999.0 -9999.0 -9999.0 -9999.0 -9999.0 -9999.0 -9999.0 -9999.0 -9999.0 -9999.0 -9999.0 -9999.0 -9999.0 -9999.0 -9999.0 -9999.0 -9999.0 -9999.0 -9999.0 -9999.0 -9999.0 -9999.0 -9999.0 -9999.0 -9999.0 -9999.0 -9999.0 -9999.0 -9999.0 -9999.0 -9999.0 -9999.0
-9999.0 -9999.0 580.625671 486.670622 391.113783 294.661964 197.809955 100.789215 3.713129 -93.349030 -190.366452 -287.263833 -383.901521 -479.993034 -575.144925 -668.914390 -763.427553 -857.525216 -951.131628 -1043.850607 -1128.149235 -1202.627348 -1264.587976 -1313.327204 -1349.886729 -1376.305884 -1394.869470 -1407.637105 -1416.266730 -1422.012309 -1425.788281 -1428.243102 -1429.825614 -1430.839741 -1431.487517 -1431.903247 -1432.183141 -1432.428071 -1432.923750 -1435.158144 -1446.258420 -1498.540030 -1897.194472 -4129.358653 -3841.696471 -3562.541905 -3419.547214 -3401.313299 -3399.489715 -3399.678994 -3400.151285 -3400.656726 -3401.141680 -3401.590280 -3402.004772 -3402.471723 -3403.857371 -3413.839097 -3487.250787 -3648.089625 -3836.103536 -1690.750187 -1467.267295 -1440.258311 -1434.031846 -1432.946362 -1432.781512 -1432.756810 -1432.753692 -1432.754134 -1432.755049 -1432.755864 -1432.756503 -1432.756991 -1432.757364 -1432.757654 -1432.757884 -1432.758070 -1432.758225 -1432.758363 -1432.758498 -1432.758648 -1432.758836 -1432.759097 -1432.759483 -1432.760076 -1432.761008 -1432.762499 -1432.764922 -1432.768929 -1432.775701 -1432.787447 -1432.808427 -1432.847037 -1432.920091 -1433.061832 -1433.344226 -1433.927884 -1435.201843 -1438.187662 -1445.852322 -1468.946075 -9999.0 -9999.0
-9999.0 -9999.0 580.631489 486.672377 391.114289 294.662119 197.810005 100.789232 3.713135 -93.349028 -190.366452 -287.263832 -383.901521 -479.993034 -575.144925 -668.914390 -763.427553 -857.525216 -951.131628 -1043.850607 -1128.149235 -1202.627348 -1264.587976 -1313.327205 -1349.886729 -1376.305884 -1394.869470 -1407.637105 -1416.266730 -1422.012309 -1425.788281 -1428.243102 -1429.825614 -1430.839741 -1431.487517 -1431.903247 -1432.183141 -1432.428071 -1432.923750 -1435.158144 -1446.258420 -1498.540030 -1897.194472 -4129.358651 -3841.696467 -3562.541896 -3419.547215 -3401.313299 -3399.489715 -3399.678994 -3400.151285 -3400.656726 -3401.141680 -3401.590280 -3402.004772 -3402.471723 -3403.857371 -3413.839097 -3487.250787 -3648.089624 -3836.103536 -1690.750187 -1467.267295 -1440.258311 -1434.031846 -1432.946362 -1432.781512 -1432.756810 -1432.753692 -1432.754134 -1432.755049 -1432.755864 -1432.756503 -1432.756991 -1432.757364 -1432.757654 -1432.757884 -1432.758070 -1432.758225 -1432.758363 -1432.758498 -1432.758648 -1432.758836 -1432.759097 -1432.759483 -1432.760076 -1432.761008 -1432.762499 -1432.764922 -1432.768929 -1432.775701 -1432.787447 -1432.808427 -1432.847037 -1432.920091 -1433.061832 -1433.344226 -1433.927884 -1435.201843 -1438.187662 -1445.852322 -1468.946075 -9999.0 -9999.0
-9999.0 -9999.0 580.633052 486.673195 391.114621 294.662242 197.810050 100.789247 3.713140 -93.349026 -190.366451 -287.263832 -383.901521 -479.993034 -575.144925 -668.914390 -763.427553 -857.525216 -951.131628 -1043.850607 -1128.149235 -1202.627348 -1264.587976 -1313.327205 -1349.886729 -1376.305884 -1394.869470 -1407.637105 -1416.266730 -1422.012309 -1425.788281 -1428.243102 -1429.825614 -1430.839741 -1431.487517 -1431.903247 -1432.183141 -1432.428071 -1432.923750 -1435.158144 -1446.258420 -1498.540030 -1897.194472 -4129.358651 -3841.696467 -3562.541892 -3419.547214 -3401.313299 -3399.489715 -3399.678994 -3400.151285 -3400.656726 -3401.141680 -3401.590280 -3402.004772 -3402.471723 -3403.857371 -3413.839097 -3487.250787 -3648.089624 -3836.103536 -1690.750187 -1467.267295 -1440.258311 -1434.031846 -1432.946362 -1432.781512 -1432.756810 -1432.753692 -1432.754134 -1432.755049 -1432.755864 -1432.756503 -1432.756991 -1432.757364 -1432.757654 -1432.757884 -1432.758070 -1432.758225 -1432.758363 -1432.758498 -1432.758648 -1432.758836 -1432.759097 -1432.759483 -1432.760076 -1432.761008 -1432.762499 -1432.764922 -1432.768929 -1432.775701 -1432.787447 -1432.808427 -1432.847037 -1432.920091 -1433.061832 -1433.344226 -1433.927884 -1435.201843 -1438.187662 -1445.852322 -1468.946075 -9999.0 -9999.0
-9999.0 -9999.0 580.633052 486.673195 391.114621 294.662242 197.810050 100.789248 3.713140 -93.349026 -190.366451 -287.263832 -383.901521 -479.993034 -575.144925 -668.914390 -763.427553 -857.525216 -951.131628 -1043.850607 -1128.149235 -1202.627348 -1264.587976 -1313.327205 -1349.886729 -1376.305884 -1394.869470 -1407.637105 -1416.266730 -1422.012309 -1425.788281 -1428.243102 -1429.825614 -1430.839741 -1431.487517 -1431.903247 -1432.183141 -1432.428071 -1432.923750 -1435.158144 -1446.258420 -1498.540030 -1897.194472 -4129.358651 -3841.696467 -3562.541892 -3419.547214 -3401.313299 -3399.489715 -3399.678994 -3400.151285 -3400.656726 -3401.141680 -3401.590280 -3402.004772 -3402.471723 -3403.857371 -3413.839097 -3487.250787 -3648.089624 -3836.103536 -1690.750187 -1467.267295 -1440.258311 -1434.031846 -1432.946362 -1432.781512 -1432.756810 -1432.753692 -1432.754134 -1432.755049 -1432.755864 -1432.756503 -1432.756991 -1432.757364 -1432.757654 -1432.757884 -1432.758070 -1432.758225 -1432.758363 -1432.758498 -1432.758648 -1432.758836 -1432.759097 -1432.759483 -1432.760076 -1432.761008 -1432.762499 -1432.764922 -1432.768929 -1432.775701 -1432.787447 -1432.808427 -1432.847037 -1432.920091 -1433.061832 -1433.344226 -1433.927884 -1435.201843 -1438.187662 -1445.852322 -1468.946075 -9999.0 -9999.0
-9999.0 -9999.0 580.631489 486.672377 391.114290 294.662119 197.810006 100.789232 3.713135 -93.349028 -190.366451 -287.263833 -383.901521 -479.993034 -575.144925 -668.914390 -763.427553 -857.525216 -951.131628 -1043.850607 -1128.149235 -1202.627348 -1264.587976 -1313.327205 -1349.886729 -1376.305884 -1394.869470 -1407.637105 -1416.266730 -1422.012309 -1425.788281 -1428.243102 -1429.825614 -1430.839741 -1431.487517 -1431.903247 -1432.183141 -1432.428071 -1432.923750 -1435.158144 -1446.258420 -1498.540030 -1897.194472 -4129.358651 -3841.696467 -3562.541896 -3419.547215 -3401.313299 -3399.489715 -3399.678994 -3400.151285 -3400.656726 -3401.141680 -3401.590280 -3402.004772 -3402.471723 -3403.857371 -3413.839097 -3487.250787 -3648.089624 -3836.103536 -1690.750187 -1467.267295 -1440.258311 -1434.031846 -1432.946362 -1432.781512 -1432.756810 -1432.753692 -1432.754134 -1432.755049 -1432.755864 -1432.756503 -1432.756991 -1432.757364 -1432.757654 -1432.757884 -1432.758070 -1432.758225 -1432.758363 -1432.758498 -1432.758648 -1432.758836 -1432.759097 -1432.759483 -1432.760076 -1432.761008 -1432.762499 -1432.764922 -1432.768929 -1432.775701 -1432.787447 -1432.808427 -1432.847037 -1432.920091 -1433.061832 -1433.344226 -1433.927884 -1435.201843 -1438.187662 -1445.852322 -1468.946075 -9999.0 -9999.0
-9999.0 -9999.0 580.625670 486.670622 391.113783 294.661964 197.809955 100.789215 3.713129 -93.349030 -190.366452 -287.263833 -383.901521 -479.993034 -575.144925 -668.914390 -763.427553 -857.525216 -951.131628 -1043.850607 -1128.149235 -1202.627348 -1264.587976 -1313.327204 -1349.886729 -1376.305884 -1394.869470 -1407.637105 -1416.266730 -1422.012309 -1425.788281 -1428.243102 -1429.825614 -1430.839741 -1431.487517 -1431.903247 -1432.183141 -1432.428071 -1432.923750 -1435.158144 -1446.258420 -1498.540030 -1897.194472 -4129.358653 -3841.696471 -3562.541905 -3419.547214 -3401.313299 -3399.489715 -3399.678994 -3400.151285 -3400.656726 -3401.141680 -3401.590280 -3402.004772 -3402.471723 -3403.857371 -3413.839097 -3487.250787 -3648.089625 -3836.103536 -1690.750187 -1467.267295 -1440.258311 -1434.031846 -1432.946362 -1432.781512 -1432.756810 -1432.753692 -1432.754134 -1432.755049 -1432.755864 -1432.756503 -1432.756991 -1432.757364 -1432.757654 -1432.757884 -1432.758070 -1432.758225 -1432.758363 -1432.758498 -1432.758648 -1432.758836 -1432.759097 -1432.759483 -1432.760076 -1432.761008 -1432.762499 -1432.764922 -1432.768929 -1432.775701 -1432.787447 -1432.808427 -1432.847037 -1432.920091 -1433.061832 -1433.344226 -1433.927884 -1435.201843 -1438.187662 -1445.852322 -1468.946075 -9999.0 -9999.0
-9999.0 -9999.0 -9999.0 -9999.0 -9999.0 -9999.0 -9999.0 -9999.0 -9999.0 -9999.0 -9999.0 -9999.0 -9999.0 -9999.0 -9999.0 -9999.0 -9999.0 -9999.0 -9999.0 -9999.0 -9999.0 -9999.0 -9999.0 -9999.0 -9999.0 -9999.0 -9999.0 -9999.0 -9999.0 -9999.0 -9999.0 -9999.0 -9999.0 -9999.0 -9999.0 -9999.0 -9999.0 -9999.0 -9999.0 -9999.0 -9999.0 -9999.0 -9999.0 -9999.0 -9999.0 -9999.0 -9999.0 -9999.0 -9999.0 -9999.0 -9999.0 -9999.0 -9999.0 -9999.0 -9999.0 -9999.0 -9999.0 -9999.0 -9999.0 -9999.0 -9999.0 -9999.0 -9999.0 -9999.0 -9999.0 -9999.0 -9999.0 -9999.0 -9999.0 -9999.0 -9999.0 -9999.0 -9999.0 -9999.0 -9999.0 -9999.0 -9999.0 -9999.0 -9999.0 -9999.0 -9999.0 -9999.0 -9999.0 -9999.0 -9999.0 -9999.0 -9999.0 -9999.0 -9999.0 -9999.0 -9999.0 -9999.0 -9999.0 -9999.0 -9999.0 -9999.0 -9999.0 -9999.0 -9999.0 -9999.0 -9999.0 -9999.0 -9999.0 -9999.0
-9999.0 -9999.0 -9999.0 -9999.0 -9999.0 -9999.0 -9999.0 -9999.0 -9999.0 -9999.0 -9999.0 -9999.0 -9999.0 -9999.0 -9999.0 -9999.0 -9999.0 -9999.0 -9999.0 -9999.0 -9999.0 -9999.0 -9999.0 -9999.0 -9999.0 -9999.0 -9999.0 -9999.0 -9999.0 -9999.0 -9999.0 -9999.0 -9999.0 -9999.0 -9999.0 -9999.0 -9999.0 -9999.0 -9999.0 -9999.0 -9999.0 -9999.0 -9999.0 -9999.0 -9999.0 -9999.0 -9999.0 -9999.0 -9999.0 -9999.0 -9999.0 -9999.0 -9999.0 -9999.0 -9999.0 -9999.0 -9999.0 -9999.0 -9999.0 -9999.0 -9999.0 -9999.0 -9999.0 -9999.0 -9999.0 -9999.0 -9999.0 -9999.0 -9999.0 -9999.0 -9999.0 -9999.0 -9999.0 -9999.0 -9999.0 -9999.0 -9999.0 -9999.0 -9999.0 -9999.0 -9999.0 -9999.0 -9999.0 -9999.0 -9999.0 -9999.0 -9999.0 -9999.0 -9999.0 -9999.0 -9999.0 -9999.0 -9999.0 -9999.0 -9999.0 -9999.0 -9999.0 -9999.0 -9999.0 -9999.0 -9999.0 -9999.0 -9999.0 -9999.0