inst/processing_geotop_simulation/geotop_simulation/out/maps3D/PwL0000N0231.asc
ncols         104
nrows         10
xllcorner     -2.000000
yllcorner     0.000000
cellsize      1.000000
NODATA_value  -9999.0
-9999.0 -9999.0 -9999.0 -9999.0 -9999.0 -9999.0 -9999.0 -9999.0 -9999.0 -9999.0 -9999.0 -9999.0 -9999.0 -9999.0 -9999.0 -9999.0 -9999.0 -9999.0 -9999.0 -9999.0 -9999.0 -9999.0 -9999.0 -9999.0 -9999.0 -9999.0 -9999.0 -9999.0 -9999.0 -9999.0 -9999.0 -9999.0 -9999.0 -9999.0 -9999.0 -9999.0 -9999.0 -9999.0 -9999.0 -9999.0 -9999.0 -9999.0 -9999.0 -9999.0 -9999.0 -9999.0 -9999.0 -9999.0 -9999.0 -9999.0 -9999.0 -9999.0 -9999.0 -9999.0 -9999.0 -9999.0 -9999.0 -9999.0 -9999.0 -9999.0 -9999.0 -9999.0 -9999.0 -9999.0 -9999.0 -9999.0 -9999.0 -9999.0 -9999.0 -9999.0 -9999.0 -9999.0 -9999.0 -9999.0 -9999.0 -9999.0 -9999.0 -9999.0 -9999.0 -9999.0 -9999.0 -9999.0 -9999.0 -9999.0 -9999.0 -9999.0 -9999.0 -9999.0 -9999.0 -9999.0 -9999.0 -9999.0 -9999.0 -9999.0 -9999.0 -9999.0 -9999.0 -9999.0 -9999.0 -9999.0 -9999.0 -9999.0 -9999.0 -9999.0
-9999.0 -9999.0 -9999.0 -9999.0 -9999.0 -9999.0 -9999.0 -9999.0 -9999.0 -9999.0 -9999.0 -9999.0 -9999.0 -9999.0 -9999.0 -9999.0 -9999.0 -9999.0 -9999.0 -9999.0 -9999.0 -9999.0 -9999.0 -9999.0 -9999.0 -9999.0 -9999.0 -9999.0 -9999.0 -9999.0 -9999.0 -9999.0 -9999.0 -9999.0 -9999.0 -9999.0 -9999.0 -9999.0 -9999.0 -9999.0 -9999.0 -9999.0 -9999.0 -9999.0 -9999.0 -9999.0 -9999.0 -9999.0 -9999.0 -9999.0 -9999.0 -9999.0 -9999.0 -9999.0 -9999.0 -9999.0 -9999.0 -9999.0 -9999.0 -9999.0 -9999.0 -9999.0 -9999.0 -9999.0 -9999.0 -9999.0 -9999.0 -9999.0 -9999.0 -9999.0 -9999.0 -9999.0 -9999.0 -9999.0 -9999.0 -9999.0 -9999.0 -9999.0 -9999.0 -9999.0 -9999.0 -9999.0 -9999.0 -9999.0 -9999.0 -9999.0 -9999.0 -9999.0 -9999.0 -9999.0 -9999.0 -9999.0 -9999.0 -9999.0 -9999.0 -9999.0 -9999.0 -9999.0 -9999.0 -9999.0 -9999.0 -9999.0 -9999.0 -9999.0
-9999.0 -9999.0 0.031266 -89.368063 -186.188372 -283.831246 -381.770358 -479.801194 -577.817106 -675.722401 -773.326642 -870.475876 -967.050209 -1062.872156 -1158.558751 -1253.956284 -1347.778838 -1439.513770 -1528.776057 -1613.531371 -1688.662617 -1749.842731 -1796.077314 -1829.193606 -1852.146979 -1867.787435 -1878.366357 -1885.496218 -1890.283448 -1893.480125 -1895.600362 -1896.996883 -1897.911004 -1898.506369 -1898.892940 -1899.145748 -1899.323144 -1899.502442 -1899.947836 -1901.895063 -1908.505961 -1889.622524 -1181.941281 -1178.567661 -1168.118246 -1161.445929 -1158.312637 -1157.844794 -1157.795657 -1157.801935 -1157.816460 -1157.832009 -1157.846947 -1157.860777 -1157.873577 -1157.888115 -1157.930780 -1158.212233 -1159.887621 -1163.637810 -1169.255457 -1165.227860 -1868.324892 -1903.246493 -1900.763342 -1899.874864 -1899.715885 -1899.690891 -1899.687585 -1899.687862 -1899.688633 -1899.689335 -1899.689888 -1899.690309 -1899.690632 -1899.690882 -1899.691080 -1899.691240 -1899.691373 -1899.691492 -1899.691609 -1899.691739 -1899.691903 -1899.692130 -1899.692468 -1899.692987 -1899.693805 -1899.695114 -1899.697244 -1899.700771 -1899.706740 -1899.717107 -1899.735652 -1899.769822 -1899.834526 -1899.960076 -1900.209995 -1900.725268 -1901.845705 -1904.473974 -1911.377412 -1933.418372 -9999.0 -9999.0
-9999.0 -9999.0 0.104383 -89.365900 -186.187833 -283.831089 -381.770308 -479.801177 -577.817100 -675.722399 -773.326641 -870.475876 -967.050209 -1062.872156 -1158.558751 -1253.956284 -1347.778838 -1439.513770 -1528.776057 -1613.531371 -1688.662617 -1749.842731 -1796.077314 -1829.193607 -1852.146979 -1867.787435 -1878.366357 -1885.496219 -1890.283448 -1893.480125 -1895.600362 -1896.996883 -1897.911004 -1898.506369 -1898.892940 -1899.145748 -1899.323144 -1899.502442 -1899.947836 -1901.895063 -1908.505961 -1889.622524 -1181.941281 -1178.567661 -1168.118246 -1161.445929 -1158.312637 -1157.844794 -1157.795657 -1157.801935 -1157.816460 -1157.832009 -1157.846947 -1157.860777 -1157.873577 -1157.888115 -1157.930780 -1158.212233 -1159.887621 -1163.637810 -1169.255457 -1165.227860 -1868.324892 -1903.246493 -1900.763342 -1899.874864 -1899.715885 -1899.690891 -1899.687585 -1899.687862 -1899.688633 -1899.689335 -1899.689888 -1899.690309 -1899.690632 -1899.690882 -1899.691080 -1899.691240 -1899.691373 -1899.691492 -1899.691609 -1899.691739 -1899.691903 -1899.692130 -1899.692468 -1899.692987 -1899.693805 -1899.695114 -1899.697244 -1899.700771 -1899.706740 -1899.717107 -1899.735652 -1899.769822 -1899.834526 -1899.960076 -1900.209995 -1900.725268 -1901.845705 -1904.473974 -1911.377412 -1933.418372 -9999.0 -9999.0
-9999.0 -9999.0 0.104389 -89.365037 -186.187493 -283.830966 -381.770264 -479.801162 -577.817094 -675.722397 -773.326640 -870.475875 -967.050209 -1062.872155 -1158.558751 -1253.956284 -1347.778838 -1439.513770 -1528.776057 -1613.531371 -1688.662617 -1749.842731 -1796.077314 -1829.193607 -1852.146979 -1867.787435 -1878.366357 -1885.496219 -1890.283448 -1893.480125 -1895.600362 -1896.996883 -1897.911004 -1898.506369 -1898.892940 -1899.145748 -1899.323144 -1899.502442 -1899.947836 -1901.895063 -1908.505961 -1889.622524 -1181.941281 -1178.567661 -1168.118246 -1161.445929 -1158.312637 -1157.844794 -1157.795657 -1157.801935 -1157.816460 -1157.832009 -1157.846947 -1157.860777 -1157.873577 -1157.888115 -1157.930780 -1158.212233 -1159.887621 -1163.637810 -1169.255457 -1165.227860 -1868.324892 -1903.246493 -1900.763342 -1899.874864 -1899.715885 -1899.690891 -1899.687585 -1899.687862 -1899.688633 -1899.689335 -1899.689888 -1899.690309 -1899.690632 -1899.690882 -1899.691080 -1899.691240 -1899.691373 -1899.691492 -1899.691609 -1899.691739 -1899.691903 -1899.692130 -1899.692468 -1899.692987 -1899.693805 -1899.695114 -1899.697244 -1899.700771 -1899.706740 -1899.717107 -1899.735652 -1899.769822 -1899.834526 -1899.960076 -1900.209995 -1900.725268 -1901.845705 -1904.473974 -1911.377412 -1933.418372 -9999.0 -9999.0
-9999.0 -9999.0 0.104389 -89.365037 -186.187493 -283.830966 -381.770264 -479.801162 -577.817094 -675.722397 -773.326640 -870.475875 -967.050209 -1062.872155 -1158.558751 -1253.956284 -1347.778838 -1439.513770 -1528.776057 -1613.531371 -1688.662617 -1749.842731 -1796.077314 -1829.193607 -1852.146979 -1867.787435 -1878.366357 -1885.496219 -1890.283448 -1893.480125 -1895.600362 -1896.996883 -1897.911004 -1898.506369 -1898.892940 -1899.145748 -1899.323144 -1899.502442 -1899.947836 -1901.895063 -1908.505961 -1889.622524 -1181.941281 -1178.567661 -1168.118246 -1161.445929 -1158.312637 -1157.844794 -1157.795657 -1157.801935 -1157.816460 -1157.832009 -1157.846947 -1157.860777 -1157.873577 -1157.888115 -1157.930780 -1158.212233 -1159.887621 -1163.637810 -1169.255457 -1165.227860 -1868.324892 -1903.246493 -1900.763342 -1899.874864 -1899.715885 -1899.690891 -1899.687585 -1899.687862 -1899.688633 -1899.689335 -1899.689888 -1899.690309 -1899.690632 -1899.690882 -1899.691080 -1899.691240 -1899.691373 -1899.691492 -1899.691609 -1899.691739 -1899.691903 -1899.692130 -1899.692468 -1899.692987 -1899.693805 -1899.695114 -1899.697244 -1899.700771 -1899.706740 -1899.717107 -1899.735652 -1899.769822 -1899.834526 -1899.960076 -1900.209995 -1900.725268 -1901.845705 -1904.473974 -1911.377412 -1933.418372 -9999.0 -9999.0
-9999.0 -9999.0 0.104383 -89.365900 -186.187833 -283.831089 -381.770308 -479.801177 -577.817100 -675.722399 -773.326641 -870.475876 -967.050209 -1062.872156 -1158.558751 -1253.956284 -1347.778838 -1439.513770 -1528.776057 -1613.531371 -1688.662617 -1749.842731 -1796.077314 -1829.193607 -1852.146979 -1867.787435 -1878.366357 -1885.496219 -1890.283448 -1893.480125 -1895.600362 -1896.996883 -1897.911004 -1898.506369 -1898.892940 -1899.145748 -1899.323144 -1899.502442 -1899.947836 -1901.895063 -1908.505961 -1889.622524 -1181.941281 -1178.567661 -1168.118246 -1161.445929 -1158.312637 -1157.844794 -1157.795657 -1157.801935 -1157.816460 -1157.832009 -1157.846947 -1157.860777 -1157.873577 -1157.888115 -1157.930780 -1158.212233 -1159.887621 -1163.637810 -1169.255457 -1165.227860 -1868.324892 -1903.246493 -1900.763342 -1899.874864 -1899.715885 -1899.690891 -1899.687585 -1899.687862 -1899.688633 -1899.689335 -1899.689888 -1899.690309 -1899.690632 -1899.690882 -1899.691080 -1899.691240 -1899.691373 -1899.691492 -1899.691609 -1899.691739 -1899.691903 -1899.692130 -1899.692468 -1899.692987 -1899.693805 -1899.695114 -1899.697244 -1899.700771 -1899.706740 -1899.717107 -1899.735652 -1899.769822 -1899.834526 -1899.960076 -1900.209995 -1900.725268 -1901.845705 -1904.473974 -1911.377412 -1933.418372 -9999.0 -9999.0
-9999.0 -9999.0 0.031266 -89.368063 -186.188372 -283.831246 -381.770358 -479.801194 -577.817106 -675.722401 -773.326642 -870.475876 -967.050209 -1062.872156 -1158.558751 -1253.956284 -1347.778838 -1439.513770 -1528.776057 -1613.531371 -1688.662617 -1749.842731 -1796.077314 -1829.193606 -1852.146979 -1867.787435 -1878.366357 -1885.496218 -1890.283448 -1893.480125 -1895.600362 -1896.996883 -1897.911004 -1898.506369 -1898.892940 -1899.145748 -1899.323144 -1899.502442 -1899.947836 -1901.895063 -1908.505961 -1889.622524 -1181.941281 -1178.567661 -1168.118246 -1161.445929 -1158.312637 -1157.844794 -1157.795657 -1157.801935 -1157.816460 -1157.832009 -1157.846947 -1157.860777 -1157.873577 -1157.888115 -1157.930780 -1158.212233 -1159.887621 -1163.637810 -1169.255457 -1165.227860 -1868.324892 -1903.246493 -1900.763342 -1899.874864 -1899.715885 -1899.690891 -1899.687585 -1899.687862 -1899.688633 -1899.689335 -1899.689888 -1899.690309 -1899.690632 -1899.690882 -1899.691080 -1899.691240 -1899.691373 -1899.691492 -1899.691609 -1899.691739 -1899.691903 -1899.692130 -1899.692468 -1899.692987 -1899.693805 -1899.695114 -1899.697244 -1899.700771 -1899.706740 -1899.717107 -1899.735652 -1899.769822 -1899.834526 -1899.960076 -1900.209995 -1900.725268 -1901.845705 -1904.473974 -1911.377412 -1933.418372 -9999.0 -9999.0
-9999.0 -9999.0 -9999.0 -9999.0 -9999.0 -9999.0 -9999.0 -9999.0 -9999.0 -9999.0 -9999.0 -9999.0 -9999.0 -9999.0 -9999.0 -9999.0 -9999.0 -9999.0 -9999.0 -9999.0 -9999.0 -9999.0 -9999.0 -9999.0 -9999.0 -9999.0 -9999.0 -9999.0 -9999.0 -9999.0 -9999.0 -9999.0 -9999.0 -9999.0 -9999.0 -9999.0 -9999.0 -9999.0 -9999.0 -9999.0 -9999.0 -9999.0 -9999.0 -9999.0 -9999.0 -9999.0 -9999.0 -9999.0 -9999.0 -9999.0 -9999.0 -9999.0 -9999.0 -9999.0 -9999.0 -9999.0 -9999.0 -9999.0 -9999.0 -9999.0 -9999.0 -9999.0 -9999.0 -9999.0 -9999.0 -9999.0 -9999.0 -9999.0 -9999.0 -9999.0 -9999.0 -9999.0 -9999.0 -9999.0 -9999.0 -9999.0 -9999.0 -9999.0 -9999.0 -9999.0 -9999.0 -9999.0 -9999.0 -9999.0 -9999.0 -9999.0 -9999.0 -9999.0 -9999.0 -9999.0 -9999.0 -9999.0 -9999.0 -9999.0 -9999.0 -9999.0 -9999.0 -9999.0 -9999.0 -9999.0 -9999.0 -9999.0 -9999.0 -9999.0
-9999.0 -9999.0 -9999.0 -9999.0 -9999.0 -9999.0 -9999.0 -9999.0 -9999.0 -9999.0 -9999.0 -9999.0 -9999.0 -9999.0 -9999.0 -9999.0 -9999.0 -9999.0 -9999.0 -9999.0 -9999.0 -9999.0 -9999.0 -9999.0 -9999.0 -9999.0 -9999.0 -9999.0 -9999.0 -9999.0 -9999.0 -9999.0 -9999.0 -9999.0 -9999.0 -9999.0 -9999.0 -9999.0 -9999.0 -9999.0 -9999.0 -9999.0 -9999.0 -9999.0 -9999.0 -9999.0 -9999.0 -9999.0 -9999.0 -9999.0 -9999.0 -9999.0 -9999.0 -9999.0 -9999.0 -9999.0 -9999.0 -9999.0 -9999.0 -9999.0 -9999.0 -9999.0 -9999.0 -9999.0 -9999.0 -9999.0 -9999.0 -9999.0 -9999.0 -9999.0 -9999.0 -9999.0 -9999.0 -9999.0 -9999.0 -9999.0 -9999.0 -9999.0 -9999.0 -9999.0 -9999.0 -9999.0 -9999.0 -9999.0 -9999.0 -9999.0 -9999.0 -9999.0 -9999.0 -9999.0 -9999.0 -9999.0 -9999.0 -9999.0 -9999.0 -9999.0 -9999.0 -9999.0 -9999.0 -9999.0 -9999.0 -9999.0 -9999.0 -9999.0