inst/processing_geotop_simulation/geotop_simulation/out/maps3D/PwL0003N0453.asc
ncols         104
nrows         10
xllcorner     -2.000000
yllcorner     0.000000
cellsize      1.000000
NODATA_value  -9999.0
-9999.0 -9999.0 -9999.0 -9999.0 -9999.0 -9999.0 -9999.0 -9999.0 -9999.0 -9999.0 -9999.0 -9999.0 -9999.0 -9999.0 -9999.0 -9999.0 -9999.0 -9999.0 -9999.0 -9999.0 -9999.0 -9999.0 -9999.0 -9999.0 -9999.0 -9999.0 -9999.0 -9999.0 -9999.0 -9999.0 -9999.0 -9999.0 -9999.0 -9999.0 -9999.0 -9999.0 -9999.0 -9999.0 -9999.0 -9999.0 -9999.0 -9999.0 -9999.0 -9999.0 -9999.0 -9999.0 -9999.0 -9999.0 -9999.0 -9999.0 -9999.0 -9999.0 -9999.0 -9999.0 -9999.0 -9999.0 -9999.0 -9999.0 -9999.0 -9999.0 -9999.0 -9999.0 -9999.0 -9999.0 -9999.0 -9999.0 -9999.0 -9999.0 -9999.0 -9999.0 -9999.0 -9999.0 -9999.0 -9999.0 -9999.0 -9999.0 -9999.0 -9999.0 -9999.0 -9999.0 -9999.0 -9999.0 -9999.0 -9999.0 -9999.0 -9999.0 -9999.0 -9999.0 -9999.0 -9999.0 -9999.0 -9999.0 -9999.0 -9999.0 -9999.0 -9999.0 -9999.0 -9999.0 -9999.0 -9999.0 -9999.0 -9999.0 -9999.0 -9999.0
-9999.0 -9999.0 -9999.0 -9999.0 -9999.0 -9999.0 -9999.0 -9999.0 -9999.0 -9999.0 -9999.0 -9999.0 -9999.0 -9999.0 -9999.0 -9999.0 -9999.0 -9999.0 -9999.0 -9999.0 -9999.0 -9999.0 -9999.0 -9999.0 -9999.0 -9999.0 -9999.0 -9999.0 -9999.0 -9999.0 -9999.0 -9999.0 -9999.0 -9999.0 -9999.0 -9999.0 -9999.0 -9999.0 -9999.0 -9999.0 -9999.0 -9999.0 -9999.0 -9999.0 -9999.0 -9999.0 -9999.0 -9999.0 -9999.0 -9999.0 -9999.0 -9999.0 -9999.0 -9999.0 -9999.0 -9999.0 -9999.0 -9999.0 -9999.0 -9999.0 -9999.0 -9999.0 -9999.0 -9999.0 -9999.0 -9999.0 -9999.0 -9999.0 -9999.0 -9999.0 -9999.0 -9999.0 -9999.0 -9999.0 -9999.0 -9999.0 -9999.0 -9999.0 -9999.0 -9999.0 -9999.0 -9999.0 -9999.0 -9999.0 -9999.0 -9999.0 -9999.0 -9999.0 -9999.0 -9999.0 -9999.0 -9999.0 -9999.0 -9999.0 -9999.0 -9999.0 -9999.0 -9999.0 -9999.0 -9999.0 -9999.0 -9999.0 -9999.0 -9999.0
-9999.0 -9999.0 125.090669 26.956469 -72.099946 -171.398701 -270.787578 -370.210391 -469.638214 -569.051669 -668.420763 -767.712073 -866.932620 -966.050537 -1065.126212 -1164.189178 -1263.008337 -1361.462267 -1459.281258 -1555.903257 -1650.184716 -1740.028442 -1822.443481 -1894.479695 -1954.373047 -2001.983370 -2038.457405 -2065.600987 -2085.352284 -2099.475669 -2109.437198 -2116.387486 -2121.195327 -2124.498820 -2126.757652 -2128.301087 -2129.377384 -2130.238901 -2131.359780 -2133.600356 -2132.692567 -2058.509053 -1256.979366 -1257.444775 -1246.618274 -1239.370364 -1235.958788 -1235.415011 -1235.354997 -1235.359671 -1235.373614 -1235.388699 -1235.403210 -1235.416658 -1235.429212 -1235.444448 -1235.495034 -1235.826417 -1237.663210 -1241.691614 -1246.765003 -1238.446237 -2033.068472 -2126.995206 -2132.271598 -2131.850054 -2131.641491 -2131.595494 -2131.587581 -2131.586703 -2131.586970 -2131.587351 -2131.587677 -2131.587936 -2131.588140 -2131.588304 -2131.588438 -2131.588551 -2131.588649 -2131.588741 -2131.588833 -2131.588934 -2131.589059 -2131.589225 -2131.589461 -2131.589814 -2131.590360 -2131.591224 -2131.592626 -2131.594956 -2131.598935 -2131.605937 -2131.618648 -2131.642450 -2131.688397 -2131.780035 -2131.970391 -2132.387976 -2133.371874 -2135.912644 -2143.288072 -2167.891809 -9999.0 -9999.0
-9999.0 -9999.0 125.099974 26.958253 -72.099498 -171.398570 -270.787536 -370.210376 -469.638209 -569.051667 -668.420762 -767.712073 -866.932619 -966.050537 -1065.126212 -1164.189178 -1263.008337 -1361.462267 -1459.281259 -1555.903258 -1650.184716 -1740.028443 -1822.443481 -1894.479696 -1954.373047 -2001.983370 -2038.457406 -2065.600987 -2085.352284 -2099.475669 -2109.437198 -2116.387486 -2121.195327 -2124.498820 -2126.757652 -2128.301087 -2129.377384 -2130.238901 -2131.359780 -2133.600356 -2132.692567 -2058.509053 -1256.979366 -1257.444775 -1246.618273 -1239.370364 -1235.958788 -1235.415011 -1235.354997 -1235.359671 -1235.373614 -1235.388699 -1235.403210 -1235.416658 -1235.429212 -1235.444448 -1235.495034 -1235.826417 -1237.663210 -1241.691614 -1246.765003 -1238.446237 -2033.068472 -2126.995206 -2132.271598 -2131.850054 -2131.641491 -2131.595494 -2131.587581 -2131.586703 -2131.586970 -2131.587351 -2131.587677 -2131.587936 -2131.588140 -2131.588304 -2131.588438 -2131.588551 -2131.588649 -2131.588741 -2131.588833 -2131.588934 -2131.589059 -2131.589225 -2131.589461 -2131.589814 -2131.590360 -2131.591224 -2131.592626 -2131.594956 -2131.598935 -2131.605937 -2131.618648 -2131.642450 -2131.688397 -2131.780035 -2131.970391 -2132.387976 -2133.371874 -2135.912644 -2143.288072 -2167.891809 -9999.0 -9999.0
-9999.0 -9999.0 125.101135 26.958974 -72.099214 -171.398467 -270.787500 -370.210363 -469.638204 -569.051665 -668.420761 -767.712072 -866.932619 -966.050537 -1065.126212 -1164.189178 -1263.008338 -1361.462267 -1459.281259 -1555.903258 -1650.184716 -1740.028443 -1822.443481 -1894.479696 -1954.373047 -2001.983370 -2038.457406 -2065.600987 -2085.352284 -2099.475669 -2109.437198 -2116.387486 -2121.195327 -2124.498820 -2126.757652 -2128.301087 -2129.377384 -2130.238901 -2131.359780 -2133.600356 -2132.692567 -2058.509053 -1256.979366 -1257.444775 -1246.618273 -1239.370364 -1235.958787 -1235.415011 -1235.354997 -1235.359671 -1235.373614 -1235.388699 -1235.403210 -1235.416658 -1235.429212 -1235.444448 -1235.495034 -1235.826417 -1237.663210 -1241.691614 -1246.765003 -1238.446237 -2033.068472 -2126.995206 -2132.271598 -2131.850054 -2131.641491 -2131.595494 -2131.587581 -2131.586703 -2131.586970 -2131.587351 -2131.587677 -2131.587936 -2131.588140 -2131.588304 -2131.588438 -2131.588551 -2131.588649 -2131.588741 -2131.588833 -2131.588934 -2131.589059 -2131.589225 -2131.589461 -2131.589814 -2131.590360 -2131.591224 -2131.592626 -2131.594956 -2131.598935 -2131.605937 -2131.618648 -2131.642450 -2131.688397 -2131.780035 -2131.970391 -2132.387976 -2133.371874 -2135.912644 -2143.288072 -2167.891809 -9999.0 -9999.0
-9999.0 -9999.0 125.101135 26.958974 -72.099214 -171.398467 -270.787500 -370.210363 -469.638204 -569.051665 -668.420761 -767.712072 -866.932619 -966.050537 -1065.126212 -1164.189178 -1263.008338 -1361.462267 -1459.281259 -1555.903258 -1650.184716 -1740.028443 -1822.443481 -1894.479696 -1954.373047 -2001.983370 -2038.457406 -2065.600987 -2085.352284 -2099.475669 -2109.437198 -2116.387486 -2121.195327 -2124.498820 -2126.757652 -2128.301087 -2129.377384 -2130.238901 -2131.359780 -2133.600356 -2132.692567 -2058.509053 -1256.979366 -1257.444775 -1246.618273 -1239.370364 -1235.958787 -1235.415011 -1235.354997 -1235.359671 -1235.373614 -1235.388699 -1235.403210 -1235.416658 -1235.429212 -1235.444448 -1235.495034 -1235.826417 -1237.663210 -1241.691614 -1246.765003 -1238.446237 -2033.068472 -2126.995206 -2132.271598 -2131.850054 -2131.641491 -2131.595494 -2131.587581 -2131.586703 -2131.586970 -2131.587351 -2131.587677 -2131.587936 -2131.588140 -2131.588304 -2131.588438 -2131.588551 -2131.588649 -2131.588741 -2131.588833 -2131.588934 -2131.589059 -2131.589225 -2131.589461 -2131.589814 -2131.590360 -2131.591224 -2131.592626 -2131.594956 -2131.598935 -2131.605937 -2131.618648 -2131.642450 -2131.688397 -2131.780035 -2131.970391 -2132.387976 -2133.371874 -2135.912644 -2143.288072 -2167.891809 -9999.0 -9999.0
-9999.0 -9999.0 125.099974 26.958253 -72.099498 -171.398570 -270.787536 -370.210376 -469.638209 -569.051667 -668.420762 -767.712073 -866.932620 -966.050537 -1065.126212 -1164.189178 -1263.008337 -1361.462267 -1459.281259 -1555.903258 -1650.184716 -1740.028443 -1822.443481 -1894.479696 -1954.373047 -2001.983370 -2038.457406 -2065.600987 -2085.352284 -2099.475669 -2109.437198 -2116.387486 -2121.195327 -2124.498820 -2126.757652 -2128.301087 -2129.377384 -2130.238901 -2131.359780 -2133.600356 -2132.692567 -2058.509053 -1256.979366 -1257.444775 -1246.618273 -1239.370364 -1235.958788 -1235.415011 -1235.354997 -1235.359671 -1235.373614 -1235.388699 -1235.403210 -1235.416658 -1235.429212 -1235.444448 -1235.495034 -1235.826417 -1237.663210 -1241.691614 -1246.765003 -1238.446237 -2033.068472 -2126.995206 -2132.271598 -2131.850054 -2131.641491 -2131.595494 -2131.587581 -2131.586703 -2131.586970 -2131.587351 -2131.587677 -2131.587936 -2131.588140 -2131.588304 -2131.588438 -2131.588551 -2131.588649 -2131.588741 -2131.588833 -2131.588934 -2131.589059 -2131.589225 -2131.589461 -2131.589814 -2131.590360 -2131.591224 -2131.592626 -2131.594956 -2131.598935 -2131.605937 -2131.618648 -2131.642450 -2131.688397 -2131.780035 -2131.970391 -2132.387976 -2133.371874 -2135.912644 -2143.288072 -2167.891809 -9999.0 -9999.0
-9999.0 -9999.0 125.090669 26.956469 -72.099946 -171.398701 -270.787578 -370.210391 -469.638214 -569.051670 -668.420763 -767.712073 -866.932620 -966.050537 -1065.126212 -1164.189178 -1263.008337 -1361.462267 -1459.281258 -1555.903257 -1650.184716 -1740.028442 -1822.443481 -1894.479695 -1954.373047 -2001.983370 -2038.457405 -2065.600987 -2085.352284 -2099.475669 -2109.437198 -2116.387486 -2121.195327 -2124.498820 -2126.757652 -2128.301087 -2129.377384 -2130.238901 -2131.359780 -2133.600356 -2132.692567 -2058.509053 -1256.979366 -1257.444775 -1246.618274 -1239.370364 -1235.958788 -1235.415011 -1235.354997 -1235.359671 -1235.373614 -1235.388699 -1235.403210 -1235.416658 -1235.429212 -1235.444448 -1235.495034 -1235.826417 -1237.663210 -1241.691614 -1246.765003 -1238.446237 -2033.068472 -2126.995206 -2132.271598 -2131.850054 -2131.641491 -2131.595494 -2131.587581 -2131.586703 -2131.586970 -2131.587351 -2131.587677 -2131.587936 -2131.588140 -2131.588304 -2131.588438 -2131.588551 -2131.588649 -2131.588741 -2131.588833 -2131.588934 -2131.589059 -2131.589225 -2131.589461 -2131.589814 -2131.590360 -2131.591224 -2131.592626 -2131.594956 -2131.598935 -2131.605937 -2131.618648 -2131.642450 -2131.688397 -2131.780035 -2131.970391 -2132.387976 -2133.371874 -2135.912644 -2143.288072 -2167.891809 -9999.0 -9999.0
-9999.0 -9999.0 -9999.0 -9999.0 -9999.0 -9999.0 -9999.0 -9999.0 -9999.0 -9999.0 -9999.0 -9999.0 -9999.0 -9999.0 -9999.0 -9999.0 -9999.0 -9999.0 -9999.0 -9999.0 -9999.0 -9999.0 -9999.0 -9999.0 -9999.0 -9999.0 -9999.0 -9999.0 -9999.0 -9999.0 -9999.0 -9999.0 -9999.0 -9999.0 -9999.0 -9999.0 -9999.0 -9999.0 -9999.0 -9999.0 -9999.0 -9999.0 -9999.0 -9999.0 -9999.0 -9999.0 -9999.0 -9999.0 -9999.0 -9999.0 -9999.0 -9999.0 -9999.0 -9999.0 -9999.0 -9999.0 -9999.0 -9999.0 -9999.0 -9999.0 -9999.0 -9999.0 -9999.0 -9999.0 -9999.0 -9999.0 -9999.0 -9999.0 -9999.0 -9999.0 -9999.0 -9999.0 -9999.0 -9999.0 -9999.0 -9999.0 -9999.0 -9999.0 -9999.0 -9999.0 -9999.0 -9999.0 -9999.0 -9999.0 -9999.0 -9999.0 -9999.0 -9999.0 -9999.0 -9999.0 -9999.0 -9999.0 -9999.0 -9999.0 -9999.0 -9999.0 -9999.0 -9999.0 -9999.0 -9999.0 -9999.0 -9999.0 -9999.0 -9999.0
-9999.0 -9999.0 -9999.0 -9999.0 -9999.0 -9999.0 -9999.0 -9999.0 -9999.0 -9999.0 -9999.0 -9999.0 -9999.0 -9999.0 -9999.0 -9999.0 -9999.0 -9999.0 -9999.0 -9999.0 -9999.0 -9999.0 -9999.0 -9999.0 -9999.0 -9999.0 -9999.0 -9999.0 -9999.0 -9999.0 -9999.0 -9999.0 -9999.0 -9999.0 -9999.0 -9999.0 -9999.0 -9999.0 -9999.0 -9999.0 -9999.0 -9999.0 -9999.0 -9999.0 -9999.0 -9999.0 -9999.0 -9999.0 -9999.0 -9999.0 -9999.0 -9999.0 -9999.0 -9999.0 -9999.0 -9999.0 -9999.0 -9999.0 -9999.0 -9999.0 -9999.0 -9999.0 -9999.0 -9999.0 -9999.0 -9999.0 -9999.0 -9999.0 -9999.0 -9999.0 -9999.0 -9999.0 -9999.0 -9999.0 -9999.0 -9999.0 -9999.0 -9999.0 -9999.0 -9999.0 -9999.0 -9999.0 -9999.0 -9999.0 -9999.0 -9999.0 -9999.0 -9999.0 -9999.0 -9999.0 -9999.0 -9999.0 -9999.0 -9999.0 -9999.0 -9999.0 -9999.0 -9999.0 -9999.0 -9999.0 -9999.0 -9999.0 -9999.0 -9999.0