inst/processing_geotop_simulation/geotop_simulation/out/maps3D/PwL0005N0467.asc
ncols         104
nrows         10
xllcorner     -2.000000
yllcorner     0.000000
cellsize      1.000000
NODATA_value  -9999.0
-9999.0 -9999.0 -9999.0 -9999.0 -9999.0 -9999.0 -9999.0 -9999.0 -9999.0 -9999.0 -9999.0 -9999.0 -9999.0 -9999.0 -9999.0 -9999.0 -9999.0 -9999.0 -9999.0 -9999.0 -9999.0 -9999.0 -9999.0 -9999.0 -9999.0 -9999.0 -9999.0 -9999.0 -9999.0 -9999.0 -9999.0 -9999.0 -9999.0 -9999.0 -9999.0 -9999.0 -9999.0 -9999.0 -9999.0 -9999.0 -9999.0 -9999.0 -9999.0 -9999.0 -9999.0 -9999.0 -9999.0 -9999.0 -9999.0 -9999.0 -9999.0 -9999.0 -9999.0 -9999.0 -9999.0 -9999.0 -9999.0 -9999.0 -9999.0 -9999.0 -9999.0 -9999.0 -9999.0 -9999.0 -9999.0 -9999.0 -9999.0 -9999.0 -9999.0 -9999.0 -9999.0 -9999.0 -9999.0 -9999.0 -9999.0 -9999.0 -9999.0 -9999.0 -9999.0 -9999.0 -9999.0 -9999.0 -9999.0 -9999.0 -9999.0 -9999.0 -9999.0 -9999.0 -9999.0 -9999.0 -9999.0 -9999.0 -9999.0 -9999.0 -9999.0 -9999.0 -9999.0 -9999.0 -9999.0 -9999.0 -9999.0 -9999.0 -9999.0 -9999.0
-9999.0 -9999.0 -9999.0 -9999.0 -9999.0 -9999.0 -9999.0 -9999.0 -9999.0 -9999.0 -9999.0 -9999.0 -9999.0 -9999.0 -9999.0 -9999.0 -9999.0 -9999.0 -9999.0 -9999.0 -9999.0 -9999.0 -9999.0 -9999.0 -9999.0 -9999.0 -9999.0 -9999.0 -9999.0 -9999.0 -9999.0 -9999.0 -9999.0 -9999.0 -9999.0 -9999.0 -9999.0 -9999.0 -9999.0 -9999.0 -9999.0 -9999.0 -9999.0 -9999.0 -9999.0 -9999.0 -9999.0 -9999.0 -9999.0 -9999.0 -9999.0 -9999.0 -9999.0 -9999.0 -9999.0 -9999.0 -9999.0 -9999.0 -9999.0 -9999.0 -9999.0 -9999.0 -9999.0 -9999.0 -9999.0 -9999.0 -9999.0 -9999.0 -9999.0 -9999.0 -9999.0 -9999.0 -9999.0 -9999.0 -9999.0 -9999.0 -9999.0 -9999.0 -9999.0 -9999.0 -9999.0 -9999.0 -9999.0 -9999.0 -9999.0 -9999.0 -9999.0 -9999.0 -9999.0 -9999.0 -9999.0 -9999.0 -9999.0 -9999.0 -9999.0 -9999.0 -9999.0 -9999.0 -9999.0 -9999.0 -9999.0 -9999.0 -9999.0 -9999.0
-9999.0 -9999.0 224.241702 125.833611 26.716953 -72.617388 -172.036183 -271.488321 -370.948328 -470.398847 -569.820771 -669.173394 -768.437214 -867.639057 -966.789008 -1065.938064 -1164.962430 -1263.642900 -1361.819850 -1459.044662 -1554.373168 -1646.005490 -1731.219669 -1807.070803 -1871.458631 -1923.730139 -1964.569209 -1995.493833 -2018.335327 -2034.878229 -2046.675110 -2054.985222 -2060.782842 -2064.797054 -2067.560909 -2069.460535 -2070.787879 -2071.830801 -2073.092371 -2075.418913 -2074.500984 -2004.604667 -1240.429180 -1252.926640 -1239.671369 -1230.701240 -1226.489878 -1225.827578 -1225.754842 -1225.760371 -1225.777059 -1225.795114 -1225.812482 -1225.828577 -1225.843601 -1225.861834 -1225.922535 -1226.323284 -1228.579336 -1233.533110 -1239.377664 -1217.467283 -1977.064335 -2068.616209 -2074.193116 -2073.817634 -2073.607616 -2073.559725 -2073.551300 -2073.550312 -2073.550553 -2073.550924 -2073.551248 -2073.551507 -2073.551713 -2073.551880 -2073.552018 -2073.552137 -2073.552242 -2073.552340 -2073.552439 -2073.552548 -2073.552680 -2073.552853 -2073.553095 -2073.553451 -2073.553997 -2073.554854 -2073.556239 -2073.558534 -2073.562449 -2073.569337 -2073.581847 -2073.605297 -2073.650644 -2073.741344 -2073.930551 -2074.347909 -2075.337406 -2077.907818 -2085.392998 -2110.280285 -9999.0 -9999.0
-9999.0 -9999.0 224.249586 125.835322 26.717393 -72.617259 -172.036142 -271.488307 -370.948323 -470.398844 -569.820770 -669.173394 -768.437214 -867.639057 -966.789008 -1065.938064 -1164.962430 -1263.642900 -1361.819850 -1459.044663 -1554.373168 -1646.005491 -1731.219670 -1807.070803 -1871.458631 -1923.730139 -1964.569209 -1995.493833 -2018.335327 -2034.878229 -2046.675110 -2054.985222 -2060.782842 -2064.797054 -2067.560909 -2069.460535 -2070.787879 -2071.830801 -2073.092371 -2075.418913 -2074.500984 -2004.604667 -1240.429180 -1252.926640 -1239.671369 -1230.701240 -1226.489878 -1225.827578 -1225.754842 -1225.760371 -1225.777059 -1225.795114 -1225.812482 -1225.828577 -1225.843601 -1225.861834 -1225.922535 -1226.323284 -1228.579336 -1233.533110 -1239.377664 -1217.467283 -1977.064335 -2068.616209 -2074.193116 -2073.817634 -2073.607616 -2073.559725 -2073.551300 -2073.550312 -2073.550553 -2073.550924 -2073.551248 -2073.551507 -2073.551713 -2073.551880 -2073.552018 -2073.552137 -2073.552242 -2073.552340 -2073.552439 -2073.552548 -2073.552680 -2073.552853 -2073.553095 -2073.553451 -2073.553997 -2073.554854 -2073.556239 -2073.558534 -2073.562449 -2073.569337 -2073.581847 -2073.605297 -2073.650644 -2073.741344 -2073.930551 -2074.347909 -2075.337406 -2077.907818 -2085.392998 -2110.280285 -9999.0 -9999.0
-9999.0 -9999.0 224.250825 125.836029 26.717673 -72.617158 -172.036106 -271.488294 -370.948318 -470.398842 -569.820769 -669.173393 -768.437214 -867.639056 -966.789008 -1065.938064 -1164.962430 -1263.642900 -1361.819850 -1459.044663 -1554.373168 -1646.005491 -1731.219670 -1807.070803 -1871.458631 -1923.730139 -1964.569209 -1995.493833 -2018.335327 -2034.878229 -2046.675111 -2054.985222 -2060.782842 -2064.797054 -2067.560909 -2069.460535 -2070.787879 -2071.830801 -2073.092371 -2075.418913 -2074.500984 -2004.604667 -1240.429180 -1252.926640 -1239.671369 -1230.701240 -1226.489878 -1225.827578 -1225.754842 -1225.760371 -1225.777059 -1225.795114 -1225.812482 -1225.828577 -1225.843601 -1225.861834 -1225.922535 -1226.323284 -1228.579336 -1233.533110 -1239.377664 -1217.467283 -1977.064335 -2068.616209 -2074.193116 -2073.817634 -2073.607616 -2073.559725 -2073.551300 -2073.550312 -2073.550553 -2073.550924 -2073.551248 -2073.551507 -2073.551713 -2073.551880 -2073.552018 -2073.552137 -2073.552242 -2073.552340 -2073.552439 -2073.552548 -2073.552680 -2073.552853 -2073.553095 -2073.553451 -2073.553997 -2073.554854 -2073.556239 -2073.558534 -2073.562449 -2073.569337 -2073.581847 -2073.605297 -2073.650644 -2073.741344 -2073.930551 -2074.347909 -2075.337406 -2077.907818 -2085.392998 -2110.280285 -9999.0 -9999.0
-9999.0 -9999.0 224.250825 125.836029 26.717673 -72.617157 -172.036106 -271.488294 -370.948318 -470.398842 -569.820769 -669.173393 -768.437213 -867.639056 -966.789008 -1065.938064 -1164.962430 -1263.642900 -1361.819850 -1459.044663 -1554.373168 -1646.005491 -1731.219670 -1807.070803 -1871.458631 -1923.730139 -1964.569209 -1995.493833 -2018.335327 -2034.878229 -2046.675111 -2054.985222 -2060.782842 -2064.797054 -2067.560909 -2069.460535 -2070.787879 -2071.830801 -2073.092371 -2075.418913 -2074.500984 -2004.604667 -1240.429180 -1252.926640 -1239.671369 -1230.701240 -1226.489878 -1225.827578 -1225.754842 -1225.760371 -1225.777059 -1225.795114 -1225.812482 -1225.828577 -1225.843601 -1225.861834 -1225.922535 -1226.323284 -1228.579336 -1233.533110 -1239.377664 -1217.467283 -1977.064335 -2068.616209 -2074.193116 -2073.817634 -2073.607616 -2073.559725 -2073.551300 -2073.550312 -2073.550553 -2073.550924 -2073.551248 -2073.551507 -2073.551713 -2073.551880 -2073.552018 -2073.552137 -2073.552242 -2073.552340 -2073.552439 -2073.552548 -2073.552680 -2073.552853 -2073.553095 -2073.553451 -2073.553997 -2073.554854 -2073.556239 -2073.558534 -2073.562449 -2073.569337 -2073.581847 -2073.605297 -2073.650644 -2073.741344 -2073.930551 -2074.347909 -2075.337406 -2077.907818 -2085.392998 -2110.280285 -9999.0 -9999.0
-9999.0 -9999.0 224.249586 125.835322 26.717393 -72.617259 -172.036142 -271.488307 -370.948323 -470.398844 -569.820770 -669.173394 -768.437214 -867.639057 -966.789008 -1065.938064 -1164.962430 -1263.642900 -1361.819850 -1459.044663 -1554.373168 -1646.005491 -1731.219670 -1807.070803 -1871.458631 -1923.730139 -1964.569209 -1995.493833 -2018.335327 -2034.878229 -2046.675110 -2054.985222 -2060.782842 -2064.797054 -2067.560909 -2069.460535 -2070.787879 -2071.830801 -2073.092371 -2075.418913 -2074.500984 -2004.604667 -1240.429180 -1252.926640 -1239.671369 -1230.701240 -1226.489878 -1225.827578 -1225.754842 -1225.760371 -1225.777059 -1225.795114 -1225.812482 -1225.828577 -1225.843601 -1225.861834 -1225.922535 -1226.323284 -1228.579336 -1233.533110 -1239.377664 -1217.467283 -1977.064335 -2068.616209 -2074.193116 -2073.817634 -2073.607616 -2073.559725 -2073.551300 -2073.550312 -2073.550553 -2073.550924 -2073.551248 -2073.551507 -2073.551713 -2073.551880 -2073.552018 -2073.552137 -2073.552242 -2073.552340 -2073.552439 -2073.552548 -2073.552680 -2073.552853 -2073.553095 -2073.553451 -2073.553997 -2073.554854 -2073.556239 -2073.558534 -2073.562449 -2073.569337 -2073.581847 -2073.605297 -2073.650644 -2073.741344 -2073.930551 -2074.347909 -2075.337406 -2077.907818 -2085.392998 -2110.280285 -9999.0 -9999.0
-9999.0 -9999.0 224.241702 125.833611 26.716953 -72.617388 -172.036183 -271.488321 -370.948328 -470.398847 -569.820771 -669.173394 -768.437214 -867.639057 -966.789008 -1065.938064 -1164.962430 -1263.642900 -1361.819850 -1459.044662 -1554.373168 -1646.005490 -1731.219669 -1807.070803 -1871.458631 -1923.730139 -1964.569209 -1995.493833 -2018.335327 -2034.878229 -2046.675110 -2054.985222 -2060.782842 -2064.797054 -2067.560909 -2069.460535 -2070.787879 -2071.830801 -2073.092371 -2075.418913 -2074.500984 -2004.604667 -1240.429180 -1252.926640 -1239.671369 -1230.701240 -1226.489878 -1225.827578 -1225.754842 -1225.760371 -1225.777059 -1225.795114 -1225.812482 -1225.828577 -1225.843601 -1225.861834 -1225.922535 -1226.323284 -1228.579336 -1233.533110 -1239.377664 -1217.467283 -1977.064335 -2068.616209 -2074.193116 -2073.817634 -2073.607616 -2073.559725 -2073.551300 -2073.550312 -2073.550553 -2073.550924 -2073.551248 -2073.551507 -2073.551713 -2073.551880 -2073.552018 -2073.552137 -2073.552242 -2073.552340 -2073.552439 -2073.552548 -2073.552680 -2073.552853 -2073.553095 -2073.553451 -2073.553997 -2073.554854 -2073.556239 -2073.558534 -2073.562449 -2073.569337 -2073.581847 -2073.605297 -2073.650644 -2073.741344 -2073.930551 -2074.347909 -2075.337406 -2077.907818 -2085.392998 -2110.280285 -9999.0 -9999.0
-9999.0 -9999.0 -9999.0 -9999.0 -9999.0 -9999.0 -9999.0 -9999.0 -9999.0 -9999.0 -9999.0 -9999.0 -9999.0 -9999.0 -9999.0 -9999.0 -9999.0 -9999.0 -9999.0 -9999.0 -9999.0 -9999.0 -9999.0 -9999.0 -9999.0 -9999.0 -9999.0 -9999.0 -9999.0 -9999.0 -9999.0 -9999.0 -9999.0 -9999.0 -9999.0 -9999.0 -9999.0 -9999.0 -9999.0 -9999.0 -9999.0 -9999.0 -9999.0 -9999.0 -9999.0 -9999.0 -9999.0 -9999.0 -9999.0 -9999.0 -9999.0 -9999.0 -9999.0 -9999.0 -9999.0 -9999.0 -9999.0 -9999.0 -9999.0 -9999.0 -9999.0 -9999.0 -9999.0 -9999.0 -9999.0 -9999.0 -9999.0 -9999.0 -9999.0 -9999.0 -9999.0 -9999.0 -9999.0 -9999.0 -9999.0 -9999.0 -9999.0 -9999.0 -9999.0 -9999.0 -9999.0 -9999.0 -9999.0 -9999.0 -9999.0 -9999.0 -9999.0 -9999.0 -9999.0 -9999.0 -9999.0 -9999.0 -9999.0 -9999.0 -9999.0 -9999.0 -9999.0 -9999.0 -9999.0 -9999.0 -9999.0 -9999.0 -9999.0 -9999.0
-9999.0 -9999.0 -9999.0 -9999.0 -9999.0 -9999.0 -9999.0 -9999.0 -9999.0 -9999.0 -9999.0 -9999.0 -9999.0 -9999.0 -9999.0 -9999.0 -9999.0 -9999.0 -9999.0 -9999.0 -9999.0 -9999.0 -9999.0 -9999.0 -9999.0 -9999.0 -9999.0 -9999.0 -9999.0 -9999.0 -9999.0 -9999.0 -9999.0 -9999.0 -9999.0 -9999.0 -9999.0 -9999.0 -9999.0 -9999.0 -9999.0 -9999.0 -9999.0 -9999.0 -9999.0 -9999.0 -9999.0 -9999.0 -9999.0 -9999.0 -9999.0 -9999.0 -9999.0 -9999.0 -9999.0 -9999.0 -9999.0 -9999.0 -9999.0 -9999.0 -9999.0 -9999.0 -9999.0 -9999.0 -9999.0 -9999.0 -9999.0 -9999.0 -9999.0 -9999.0 -9999.0 -9999.0 -9999.0 -9999.0 -9999.0 -9999.0 -9999.0 -9999.0 -9999.0 -9999.0 -9999.0 -9999.0 -9999.0 -9999.0 -9999.0 -9999.0 -9999.0 -9999.0 -9999.0 -9999.0 -9999.0 -9999.0 -9999.0 -9999.0 -9999.0 -9999.0 -9999.0 -9999.0 -9999.0 -9999.0 -9999.0 -9999.0 -9999.0 -9999.0