inst/processing_geotop_simulation/geotop_simulation/out/maps3D/PwL0017N0219.asc
ncols         104
nrows         10
xllcorner     -2.000000
yllcorner     0.000000
cellsize      1.000000
NODATA_value  -9999.0
-9999.0 -9999.0 -9999.0 -9999.0 -9999.0 -9999.0 -9999.0 -9999.0 -9999.0 -9999.0 -9999.0 -9999.0 -9999.0 -9999.0 -9999.0 -9999.0 -9999.0 -9999.0 -9999.0 -9999.0 -9999.0 -9999.0 -9999.0 -9999.0 -9999.0 -9999.0 -9999.0 -9999.0 -9999.0 -9999.0 -9999.0 -9999.0 -9999.0 -9999.0 -9999.0 -9999.0 -9999.0 -9999.0 -9999.0 -9999.0 -9999.0 -9999.0 -9999.0 -9999.0 -9999.0 -9999.0 -9999.0 -9999.0 -9999.0 -9999.0 -9999.0 -9999.0 -9999.0 -9999.0 -9999.0 -9999.0 -9999.0 -9999.0 -9999.0 -9999.0 -9999.0 -9999.0 -9999.0 -9999.0 -9999.0 -9999.0 -9999.0 -9999.0 -9999.0 -9999.0 -9999.0 -9999.0 -9999.0 -9999.0 -9999.0 -9999.0 -9999.0 -9999.0 -9999.0 -9999.0 -9999.0 -9999.0 -9999.0 -9999.0 -9999.0 -9999.0 -9999.0 -9999.0 -9999.0 -9999.0 -9999.0 -9999.0 -9999.0 -9999.0 -9999.0 -9999.0 -9999.0 -9999.0 -9999.0 -9999.0 -9999.0 -9999.0 -9999.0 -9999.0
-9999.0 -9999.0 -9999.0 -9999.0 -9999.0 -9999.0 -9999.0 -9999.0 -9999.0 -9999.0 -9999.0 -9999.0 -9999.0 -9999.0 -9999.0 -9999.0 -9999.0 -9999.0 -9999.0 -9999.0 -9999.0 -9999.0 -9999.0 -9999.0 -9999.0 -9999.0 -9999.0 -9999.0 -9999.0 -9999.0 -9999.0 -9999.0 -9999.0 -9999.0 -9999.0 -9999.0 -9999.0 -9999.0 -9999.0 -9999.0 -9999.0 -9999.0 -9999.0 -9999.0 -9999.0 -9999.0 -9999.0 -9999.0 -9999.0 -9999.0 -9999.0 -9999.0 -9999.0 -9999.0 -9999.0 -9999.0 -9999.0 -9999.0 -9999.0 -9999.0 -9999.0 -9999.0 -9999.0 -9999.0 -9999.0 -9999.0 -9999.0 -9999.0 -9999.0 -9999.0 -9999.0 -9999.0 -9999.0 -9999.0 -9999.0 -9999.0 -9999.0 -9999.0 -9999.0 -9999.0 -9999.0 -9999.0 -9999.0 -9999.0 -9999.0 -9999.0 -9999.0 -9999.0 -9999.0 -9999.0 -9999.0 -9999.0 -9999.0 -9999.0 -9999.0 -9999.0 -9999.0 -9999.0 -9999.0 -9999.0 -9999.0 -9999.0 -9999.0 -9999.0
-9999.0 -9999.0 826.192224 729.572714 632.474066 534.914391 437.120657 339.223629 241.292032 143.362541 45.455477 -52.408697 -150.221710 -247.945086 -345.485779 -442.679591 -539.235640 -634.707712 -729.627975 -824.634582 -918.663746 -1011.455862 -1098.019027 -1172.169963 -1235.188216 -1286.400604 -1326.323687 -1356.325056 -1378.177227 -1393.686333 -1404.464509 -1411.831248 -1416.802339 -1420.125357 -1422.332607 -1423.796123 -1424.781323 -1425.524386 -1426.494852 -1429.567898 -1442.653041 -1505.008310 -2004.403537 -4100.117391 -4133.660907 -4133.663366 -4133.663365 -4133.663356 -4133.663304 -4133.663124 -4133.662600 -4133.661013 -4133.658281 -4133.654631 -4133.648399 -4133.635959 -4133.607827 -4133.537551 -4133.347211 -4132.787088 -4071.761124 -1838.379303 -1467.190286 -1435.231157 -1428.353501 -1427.029456 -1426.811783 -1426.778453 -1426.773932 -1426.773986 -1426.774691 -1426.775362 -1426.775899 -1426.776314 -1426.776634 -1426.776885 -1426.777086 -1426.777250 -1426.777389 -1426.777514 -1426.777637 -1426.777773 -1426.777942 -1426.778173 -1426.778511 -1426.779028 -1426.779836 -1426.781128 -1426.783227 -1426.786708 -1426.792614 -1426.802915 -1426.821422 -1426.855699 -1426.921037 -1427.049189 -1427.309244 -1427.862449 -1429.114872 -1432.157876 -1440.194284 -1464.570803 -9999.0 -9999.0
-9999.0 -9999.0 826.196119 729.574101 632.474503 534.914530 437.120703 339.223645 241.292038 143.362543 45.455478 -52.408697 -150.221710 -247.945086 -345.485779 -442.679591 -539.235640 -634.707712 -729.627975 -824.634582 -918.663746 -1011.455862 -1098.019027 -1172.169963 -1235.188216 -1286.400604 -1326.323687 -1356.325057 -1378.177227 -1393.686333 -1404.464509 -1411.831248 -1416.802339 -1420.125357 -1422.332607 -1423.796123 -1424.781323 -1425.524386 -1426.494852 -1429.567898 -1442.653041 -1505.008310 -2004.403537 -4100.117391 -4133.660907 -4133.663366 -4133.663365 -4133.663356 -4133.663304 -4133.663124 -4133.662600 -4133.661013 -4133.658281 -4133.654631 -4133.648399 -4133.635959 -4133.607827 -4133.537551 -4133.347211 -4132.787088 -4071.761124 -1838.379303 -1467.190286 -1435.231157 -1428.353501 -1427.029456 -1426.811783 -1426.778453 -1426.773932 -1426.773986 -1426.774691 -1426.775362 -1426.775899 -1426.776314 -1426.776634 -1426.776885 -1426.777086 -1426.777250 -1426.777389 -1426.777514 -1426.777637 -1426.777773 -1426.777942 -1426.778173 -1426.778511 -1426.779028 -1426.779836 -1426.781128 -1426.783227 -1426.786708 -1426.792614 -1426.802915 -1426.821422 -1426.855699 -1426.921037 -1427.049189 -1427.309244 -1427.862449 -1429.114872 -1432.157876 -1440.194284 -1464.570803 -9999.0 -9999.0
-9999.0 -9999.0 826.197464 729.574813 632.474799 534.914643 437.120744 339.223659 241.292043 143.362545 45.455479 -52.408697 -150.221710 -247.945086 -345.485779 -442.679591 -539.235640 -634.707712 -729.627975 -824.634582 -918.663746 -1011.455862 -1098.019027 -1172.169964 -1235.188216 -1286.400605 -1326.323687 -1356.325057 -1378.177227 -1393.686333 -1404.464509 -1411.831248 -1416.802339 -1420.125357 -1422.332607 -1423.796123 -1424.781323 -1425.524386 -1426.494852 -1429.567898 -1442.653041 -1505.008310 -2004.403537 -4100.117391 -4133.660907 -4133.663366 -4133.663365 -4133.663356 -4133.663304 -4133.663124 -4133.662600 -4133.661013 -4133.658281 -4133.654631 -4133.648399 -4133.635959 -4133.607827 -4133.537551 -4133.347211 -4132.787088 -4071.761124 -1838.379303 -1467.190286 -1435.231157 -1428.353501 -1427.029456 -1426.811783 -1426.778453 -1426.773932 -1426.773986 -1426.774691 -1426.775362 -1426.775899 -1426.776314 -1426.776634 -1426.776885 -1426.777086 -1426.777250 -1426.777389 -1426.777514 -1426.777637 -1426.777773 -1426.777942 -1426.778173 -1426.778511 -1426.779028 -1426.779836 -1426.781128 -1426.783227 -1426.786708 -1426.792614 -1426.802915 -1426.821422 -1426.855699 -1426.921037 -1427.049189 -1427.309244 -1427.862449 -1429.114872 -1432.157876 -1440.194284 -1464.570803 -9999.0 -9999.0
-9999.0 -9999.0 826.197464 729.574813 632.474799 534.914643 437.120744 339.223659 241.292043 143.362545 45.455479 -52.408697 -150.221710 -247.945086 -345.485779 -442.679591 -539.235640 -634.707712 -729.627975 -824.634582 -918.663746 -1011.455862 -1098.019027 -1172.169964 -1235.188216 -1286.400605 -1326.323687 -1356.325057 -1378.177227 -1393.686333 -1404.464509 -1411.831248 -1416.802339 -1420.125357 -1422.332607 -1423.796123 -1424.781323 -1425.524386 -1426.494852 -1429.567898 -1442.653041 -1505.008310 -2004.403537 -4100.117391 -4133.660907 -4133.663366 -4133.663365 -4133.663356 -4133.663304 -4133.663124 -4133.662600 -4133.661013 -4133.658281 -4133.654631 -4133.648399 -4133.635959 -4133.607827 -4133.537551 -4133.347211 -4132.787088 -4071.761124 -1838.379303 -1467.190286 -1435.231157 -1428.353501 -1427.029456 -1426.811783 -1426.778453 -1426.773932 -1426.773986 -1426.774691 -1426.775362 -1426.775899 -1426.776314 -1426.776634 -1426.776885 -1426.777086 -1426.777250 -1426.777389 -1426.777514 -1426.777637 -1426.777773 -1426.777942 -1426.778173 -1426.778511 -1426.779028 -1426.779836 -1426.781128 -1426.783227 -1426.786708 -1426.792614 -1426.802915 -1426.821422 -1426.855699 -1426.921037 -1427.049189 -1427.309244 -1427.862449 -1429.114872 -1432.157876 -1440.194284 -1464.570803 -9999.0 -9999.0
-9999.0 -9999.0 826.196119 729.574101 632.474503 534.914530 437.120703 339.223645 241.292038 143.362543 45.455478 -52.408697 -150.221710 -247.945086 -345.485779 -442.679591 -539.235640 -634.707712 -729.627975 -824.634582 -918.663746 -1011.455862 -1098.019027 -1172.169963 -1235.188216 -1286.400604 -1326.323687 -1356.325057 -1378.177227 -1393.686333 -1404.464509 -1411.831248 -1416.802339 -1420.125357 -1422.332607 -1423.796123 -1424.781323 -1425.524386 -1426.494852 -1429.567898 -1442.653041 -1505.008310 -2004.403537 -4100.117391 -4133.660907 -4133.663366 -4133.663365 -4133.663356 -4133.663304 -4133.663124 -4133.662600 -4133.661013 -4133.658281 -4133.654631 -4133.648399 -4133.635959 -4133.607827 -4133.537551 -4133.347211 -4132.787088 -4071.761124 -1838.379303 -1467.190286 -1435.231157 -1428.353501 -1427.029456 -1426.811783 -1426.778453 -1426.773932 -1426.773986 -1426.774691 -1426.775362 -1426.775899 -1426.776314 -1426.776634 -1426.776885 -1426.777086 -1426.777250 -1426.777389 -1426.777514 -1426.777637 -1426.777773 -1426.777942 -1426.778173 -1426.778511 -1426.779028 -1426.779836 -1426.781128 -1426.783227 -1426.786708 -1426.792614 -1426.802915 -1426.821422 -1426.855699 -1426.921037 -1427.049189 -1427.309244 -1427.862449 -1429.114872 -1432.157876 -1440.194284 -1464.570803 -9999.0 -9999.0
-9999.0 -9999.0 826.192224 729.572714 632.474066 534.914391 437.120657 339.223629 241.292032 143.362541 45.455477 -52.408697 -150.221711 -247.945086 -345.485779 -442.679591 -539.235640 -634.707712 -729.627975 -824.634582 -918.663746 -1011.455862 -1098.019027 -1172.169963 -1235.188216 -1286.400604 -1326.323687 -1356.325056 -1378.177227 -1393.686333 -1404.464509 -1411.831248 -1416.802339 -1420.125357 -1422.332607 -1423.796123 -1424.781323 -1425.524386 -1426.494852 -1429.567898 -1442.653041 -1505.008310 -2004.403537 -4100.117391 -4133.660907 -4133.663366 -4133.663365 -4133.663356 -4133.663304 -4133.663124 -4133.662600 -4133.661013 -4133.658281 -4133.654631 -4133.648399 -4133.635959 -4133.607827 -4133.537551 -4133.347211 -4132.787088 -4071.761124 -1838.379303 -1467.190286 -1435.231157 -1428.353501 -1427.029456 -1426.811783 -1426.778453 -1426.773932 -1426.773986 -1426.774691 -1426.775362 -1426.775899 -1426.776314 -1426.776634 -1426.776885 -1426.777086 -1426.777250 -1426.777389 -1426.777514 -1426.777637 -1426.777773 -1426.777942 -1426.778173 -1426.778511 -1426.779028 -1426.779836 -1426.781128 -1426.783227 -1426.786708 -1426.792614 -1426.802915 -1426.821422 -1426.855699 -1426.921037 -1427.049189 -1427.309244 -1427.862449 -1429.114872 -1432.157876 -1440.194284 -1464.570803 -9999.0 -9999.0
-9999.0 -9999.0 -9999.0 -9999.0 -9999.0 -9999.0 -9999.0 -9999.0 -9999.0 -9999.0 -9999.0 -9999.0 -9999.0 -9999.0 -9999.0 -9999.0 -9999.0 -9999.0 -9999.0 -9999.0 -9999.0 -9999.0 -9999.0 -9999.0 -9999.0 -9999.0 -9999.0 -9999.0 -9999.0 -9999.0 -9999.0 -9999.0 -9999.0 -9999.0 -9999.0 -9999.0 -9999.0 -9999.0 -9999.0 -9999.0 -9999.0 -9999.0 -9999.0 -9999.0 -9999.0 -9999.0 -9999.0 -9999.0 -9999.0 -9999.0 -9999.0 -9999.0 -9999.0 -9999.0 -9999.0 -9999.0 -9999.0 -9999.0 -9999.0 -9999.0 -9999.0 -9999.0 -9999.0 -9999.0 -9999.0 -9999.0 -9999.0 -9999.0 -9999.0 -9999.0 -9999.0 -9999.0 -9999.0 -9999.0 -9999.0 -9999.0 -9999.0 -9999.0 -9999.0 -9999.0 -9999.0 -9999.0 -9999.0 -9999.0 -9999.0 -9999.0 -9999.0 -9999.0 -9999.0 -9999.0 -9999.0 -9999.0 -9999.0 -9999.0 -9999.0 -9999.0 -9999.0 -9999.0 -9999.0 -9999.0 -9999.0 -9999.0 -9999.0 -9999.0
-9999.0 -9999.0 -9999.0 -9999.0 -9999.0 -9999.0 -9999.0 -9999.0 -9999.0 -9999.0 -9999.0 -9999.0 -9999.0 -9999.0 -9999.0 -9999.0 -9999.0 -9999.0 -9999.0 -9999.0 -9999.0 -9999.0 -9999.0 -9999.0 -9999.0 -9999.0 -9999.0 -9999.0 -9999.0 -9999.0 -9999.0 -9999.0 -9999.0 -9999.0 -9999.0 -9999.0 -9999.0 -9999.0 -9999.0 -9999.0 -9999.0 -9999.0 -9999.0 -9999.0 -9999.0 -9999.0 -9999.0 -9999.0 -9999.0 -9999.0 -9999.0 -9999.0 -9999.0 -9999.0 -9999.0 -9999.0 -9999.0 -9999.0 -9999.0 -9999.0 -9999.0 -9999.0 -9999.0 -9999.0 -9999.0 -9999.0 -9999.0 -9999.0 -9999.0 -9999.0 -9999.0 -9999.0 -9999.0 -9999.0 -9999.0 -9999.0 -9999.0 -9999.0 -9999.0 -9999.0 -9999.0 -9999.0 -9999.0 -9999.0 -9999.0 -9999.0 -9999.0 -9999.0 -9999.0 -9999.0 -9999.0 -9999.0 -9999.0 -9999.0 -9999.0 -9999.0 -9999.0 -9999.0 -9999.0 -9999.0 -9999.0 -9999.0 -9999.0 -9999.0