inst/processing_geotop_simulation/geotop_simulation/out/maps3D/PwL0003N0262.asc
ncols         104
nrows         10
xllcorner     -2.000000
yllcorner     0.000000
cellsize      1.000000
NODATA_value  -9999.0
-9999.0 -9999.0 -9999.0 -9999.0 -9999.0 -9999.0 -9999.0 -9999.0 -9999.0 -9999.0 -9999.0 -9999.0 -9999.0 -9999.0 -9999.0 -9999.0 -9999.0 -9999.0 -9999.0 -9999.0 -9999.0 -9999.0 -9999.0 -9999.0 -9999.0 -9999.0 -9999.0 -9999.0 -9999.0 -9999.0 -9999.0 -9999.0 -9999.0 -9999.0 -9999.0 -9999.0 -9999.0 -9999.0 -9999.0 -9999.0 -9999.0 -9999.0 -9999.0 -9999.0 -9999.0 -9999.0 -9999.0 -9999.0 -9999.0 -9999.0 -9999.0 -9999.0 -9999.0 -9999.0 -9999.0 -9999.0 -9999.0 -9999.0 -9999.0 -9999.0 -9999.0 -9999.0 -9999.0 -9999.0 -9999.0 -9999.0 -9999.0 -9999.0 -9999.0 -9999.0 -9999.0 -9999.0 -9999.0 -9999.0 -9999.0 -9999.0 -9999.0 -9999.0 -9999.0 -9999.0 -9999.0 -9999.0 -9999.0 -9999.0 -9999.0 -9999.0 -9999.0 -9999.0 -9999.0 -9999.0 -9999.0 -9999.0 -9999.0 -9999.0 -9999.0 -9999.0 -9999.0 -9999.0 -9999.0 -9999.0 -9999.0 -9999.0 -9999.0 -9999.0
-9999.0 -9999.0 -9999.0 -9999.0 -9999.0 -9999.0 -9999.0 -9999.0 -9999.0 -9999.0 -9999.0 -9999.0 -9999.0 -9999.0 -9999.0 -9999.0 -9999.0 -9999.0 -9999.0 -9999.0 -9999.0 -9999.0 -9999.0 -9999.0 -9999.0 -9999.0 -9999.0 -9999.0 -9999.0 -9999.0 -9999.0 -9999.0 -9999.0 -9999.0 -9999.0 -9999.0 -9999.0 -9999.0 -9999.0 -9999.0 -9999.0 -9999.0 -9999.0 -9999.0 -9999.0 -9999.0 -9999.0 -9999.0 -9999.0 -9999.0 -9999.0 -9999.0 -9999.0 -9999.0 -9999.0 -9999.0 -9999.0 -9999.0 -9999.0 -9999.0 -9999.0 -9999.0 -9999.0 -9999.0 -9999.0 -9999.0 -9999.0 -9999.0 -9999.0 -9999.0 -9999.0 -9999.0 -9999.0 -9999.0 -9999.0 -9999.0 -9999.0 -9999.0 -9999.0 -9999.0 -9999.0 -9999.0 -9999.0 -9999.0 -9999.0 -9999.0 -9999.0 -9999.0 -9999.0 -9999.0 -9999.0 -9999.0 -9999.0 -9999.0 -9999.0 -9999.0 -9999.0 -9999.0 -9999.0 -9999.0 -9999.0 -9999.0 -9999.0 -9999.0
-9999.0 -9999.0 127.247797 32.148093 -65.366366 -163.516452 -261.902848 -360.369726 -458.834652 -557.234633 -655.438601 -753.261475 -850.733442 -947.674260 -1044.424919 -1141.174858 -1236.643903 -1330.328771 -1421.550665 -1508.944488 -1589.096137 -1657.845107 -1712.846814 -1754.394202 -1784.516849 -1805.781090 -1820.542867 -1830.675368 -1837.566561 -1842.212578 -1845.318675 -1847.379328 -1848.737510 -1849.628164 -1850.210486 -1850.593184 -1850.858343 -1851.106837 -1851.650779 -1853.777441 -1859.962845 -1835.450885 -1134.821177 -1136.394249 -1124.533229 -1116.897638 -1113.315701 -1112.779682 -1112.723005 -1112.729411 -1112.745069 -1112.761870 -1112.778013 -1112.792962 -1112.806820 -1112.822780 -1112.871107 -1113.192302 -1115.102044 -1119.365106 -1125.527866 -1115.485616 -1812.663680 -1854.281878 -1852.504534 -1851.596431 -1851.419700 -1851.391119 -1851.387175 -1851.387256 -1851.387913 -1851.388533 -1851.389026 -1851.389403 -1851.389692 -1851.389917 -1851.390095 -1851.390239 -1851.390360 -1851.390468 -1851.390574 -1851.390692 -1851.390842 -1851.391050 -1851.391357 -1851.391831 -1851.392576 -1851.393771 -1851.395716 -1851.398943 -1851.404417 -1851.413953 -1851.431061 -1851.462680 -1851.522740 -1851.639775 -1851.874363 -1852.363425 -1853.443298 -1856.024785 -1862.956596 -1885.418827 -9999.0 -9999.0
-9999.0 -9999.0 127.258587 32.150168 -65.365845 -163.516300 -261.902800 -360.369710 -458.834646 -557.234630 -655.438600 -753.261474 -850.733441 -947.674260 -1044.424919 -1141.174858 -1236.643903 -1330.328771 -1421.550666 -1508.944489 -1589.096137 -1657.845107 -1712.846814 -1754.394202 -1784.516849 -1805.781090 -1820.542867 -1830.675368 -1837.566561 -1842.212578 -1845.318675 -1847.379328 -1848.737510 -1849.628164 -1850.210486 -1850.593184 -1850.858343 -1851.106837 -1851.650779 -1853.777441 -1859.962845 -1835.450885 -1134.821177 -1136.394249 -1124.533229 -1116.897638 -1113.315701 -1112.779682 -1112.723005 -1112.729411 -1112.745069 -1112.761870 -1112.778013 -1112.792962 -1112.806820 -1112.822780 -1112.871107 -1113.192302 -1115.102044 -1119.365106 -1125.527866 -1115.485616 -1812.663680 -1854.281878 -1852.504534 -1851.596431 -1851.419700 -1851.391119 -1851.387175 -1851.387256 -1851.387913 -1851.388533 -1851.389026 -1851.389403 -1851.389692 -1851.389917 -1851.390095 -1851.390239 -1851.390360 -1851.390468 -1851.390574 -1851.390692 -1851.390842 -1851.391050 -1851.391357 -1851.391831 -1851.392576 -1851.393771 -1851.395716 -1851.398943 -1851.404417 -1851.413953 -1851.431061 -1851.462680 -1851.522740 -1851.639775 -1851.874363 -1852.363425 -1853.443298 -1856.024785 -1862.956596 -1885.418827 -9999.0 -9999.0
-9999.0 -9999.0 127.259933 32.151004 -65.365515 -163.516181 -261.902757 -360.369695 -458.834640 -557.234628 -655.438599 -753.261474 -850.733441 -947.674260 -1044.424918 -1141.174858 -1236.643903 -1330.328771 -1421.550666 -1508.944489 -1589.096137 -1657.845107 -1712.846814 -1754.394202 -1784.516849 -1805.781090 -1820.542867 -1830.675368 -1837.566561 -1842.212578 -1845.318675 -1847.379328 -1848.737510 -1849.628164 -1850.210486 -1850.593184 -1850.858343 -1851.106837 -1851.650779 -1853.777441 -1859.962845 -1835.450885 -1134.821177 -1136.394249 -1124.533229 -1116.897637 -1113.315701 -1112.779682 -1112.723005 -1112.729411 -1112.745069 -1112.761870 -1112.778013 -1112.792962 -1112.806820 -1112.822780 -1112.871107 -1113.192302 -1115.102044 -1119.365106 -1125.527866 -1115.485616 -1812.663680 -1854.281878 -1852.504534 -1851.596431 -1851.419700 -1851.391119 -1851.387175 -1851.387256 -1851.387913 -1851.388533 -1851.389026 -1851.389403 -1851.389692 -1851.389917 -1851.390095 -1851.390239 -1851.390360 -1851.390468 -1851.390574 -1851.390692 -1851.390842 -1851.391050 -1851.391357 -1851.391831 -1851.392576 -1851.393771 -1851.395716 -1851.398943 -1851.404417 -1851.413953 -1851.431061 -1851.462680 -1851.522740 -1851.639775 -1851.874363 -1852.363425 -1853.443298 -1856.024785 -1862.956596 -1885.418827 -9999.0 -9999.0
-9999.0 -9999.0 127.259933 32.151004 -65.365515 -163.516181 -261.902757 -360.369695 -458.834640 -557.234628 -655.438599 -753.261474 -850.733441 -947.674260 -1044.424918 -1141.174858 -1236.643903 -1330.328771 -1421.550666 -1508.944489 -1589.096137 -1657.845107 -1712.846814 -1754.394202 -1784.516849 -1805.781090 -1820.542867 -1830.675368 -1837.566561 -1842.212578 -1845.318675 -1847.379328 -1848.737510 -1849.628164 -1850.210486 -1850.593184 -1850.858343 -1851.106837 -1851.650779 -1853.777441 -1859.962845 -1835.450885 -1134.821177 -1136.394249 -1124.533229 -1116.897637 -1113.315701 -1112.779682 -1112.723005 -1112.729411 -1112.745069 -1112.761870 -1112.778013 -1112.792962 -1112.806820 -1112.822780 -1112.871107 -1113.192302 -1115.102044 -1119.365106 -1125.527866 -1115.485616 -1812.663680 -1854.281878 -1852.504534 -1851.596431 -1851.419700 -1851.391119 -1851.387175 -1851.387256 -1851.387913 -1851.388533 -1851.389026 -1851.389403 -1851.389692 -1851.389917 -1851.390095 -1851.390239 -1851.390360 -1851.390468 -1851.390574 -1851.390692 -1851.390842 -1851.391050 -1851.391357 -1851.391831 -1851.392576 -1851.393771 -1851.395716 -1851.398943 -1851.404417 -1851.413953 -1851.431061 -1851.462680 -1851.522740 -1851.639775 -1851.874363 -1852.363425 -1853.443298 -1856.024785 -1862.956596 -1885.418827 -9999.0 -9999.0
-9999.0 -9999.0 127.258587 32.150168 -65.365845 -163.516300 -261.902800 -360.369710 -458.834646 -557.234630 -655.438600 -753.261474 -850.733441 -947.674260 -1044.424919 -1141.174858 -1236.643903 -1330.328771 -1421.550666 -1508.944489 -1589.096137 -1657.845107 -1712.846814 -1754.394202 -1784.516849 -1805.781090 -1820.542867 -1830.675368 -1837.566561 -1842.212578 -1845.318675 -1847.379328 -1848.737510 -1849.628164 -1850.210486 -1850.593184 -1850.858343 -1851.106837 -1851.650779 -1853.777441 -1859.962845 -1835.450885 -1134.821177 -1136.394249 -1124.533229 -1116.897638 -1113.315701 -1112.779682 -1112.723005 -1112.729411 -1112.745069 -1112.761870 -1112.778013 -1112.792962 -1112.806820 -1112.822780 -1112.871107 -1113.192302 -1115.102044 -1119.365106 -1125.527866 -1115.485616 -1812.663680 -1854.281878 -1852.504534 -1851.596431 -1851.419700 -1851.391119 -1851.387175 -1851.387256 -1851.387913 -1851.388533 -1851.389026 -1851.389403 -1851.389692 -1851.389917 -1851.390095 -1851.390239 -1851.390360 -1851.390468 -1851.390574 -1851.390692 -1851.390842 -1851.391050 -1851.391357 -1851.391831 -1851.392576 -1851.393771 -1851.395716 -1851.398943 -1851.404417 -1851.413953 -1851.431061 -1851.462680 -1851.522740 -1851.639775 -1851.874363 -1852.363425 -1853.443298 -1856.024785 -1862.956596 -1885.418827 -9999.0 -9999.0
-9999.0 -9999.0 127.247797 32.148093 -65.366366 -163.516452 -261.902848 -360.369726 -458.834652 -557.234633 -655.438601 -753.261475 -850.733442 -947.674260 -1044.424919 -1141.174858 -1236.643903 -1330.328771 -1421.550665 -1508.944488 -1589.096137 -1657.845107 -1712.846814 -1754.394202 -1784.516849 -1805.781090 -1820.542867 -1830.675368 -1837.566561 -1842.212578 -1845.318675 -1847.379328 -1848.737510 -1849.628164 -1850.210486 -1850.593184 -1850.858343 -1851.106837 -1851.650779 -1853.777441 -1859.962845 -1835.450885 -1134.821177 -1136.394249 -1124.533229 -1116.897638 -1113.315701 -1112.779682 -1112.723005 -1112.729411 -1112.745069 -1112.761870 -1112.778013 -1112.792962 -1112.806820 -1112.822780 -1112.871107 -1113.192302 -1115.102044 -1119.365106 -1125.527866 -1115.485616 -1812.663680 -1854.281878 -1852.504534 -1851.596431 -1851.419700 -1851.391119 -1851.387175 -1851.387256 -1851.387913 -1851.388533 -1851.389026 -1851.389403 -1851.389692 -1851.389917 -1851.390095 -1851.390239 -1851.390360 -1851.390468 -1851.390574 -1851.390692 -1851.390842 -1851.391050 -1851.391357 -1851.391831 -1851.392576 -1851.393771 -1851.395716 -1851.398943 -1851.404417 -1851.413953 -1851.431061 -1851.462680 -1851.522740 -1851.639775 -1851.874363 -1852.363425 -1853.443298 -1856.024785 -1862.956596 -1885.418827 -9999.0 -9999.0
-9999.0 -9999.0 -9999.0 -9999.0 -9999.0 -9999.0 -9999.0 -9999.0 -9999.0 -9999.0 -9999.0 -9999.0 -9999.0 -9999.0 -9999.0 -9999.0 -9999.0 -9999.0 -9999.0 -9999.0 -9999.0 -9999.0 -9999.0 -9999.0 -9999.0 -9999.0 -9999.0 -9999.0 -9999.0 -9999.0 -9999.0 -9999.0 -9999.0 -9999.0 -9999.0 -9999.0 -9999.0 -9999.0 -9999.0 -9999.0 -9999.0 -9999.0 -9999.0 -9999.0 -9999.0 -9999.0 -9999.0 -9999.0 -9999.0 -9999.0 -9999.0 -9999.0 -9999.0 -9999.0 -9999.0 -9999.0 -9999.0 -9999.0 -9999.0 -9999.0 -9999.0 -9999.0 -9999.0 -9999.0 -9999.0 -9999.0 -9999.0 -9999.0 -9999.0 -9999.0 -9999.0 -9999.0 -9999.0 -9999.0 -9999.0 -9999.0 -9999.0 -9999.0 -9999.0 -9999.0 -9999.0 -9999.0 -9999.0 -9999.0 -9999.0 -9999.0 -9999.0 -9999.0 -9999.0 -9999.0 -9999.0 -9999.0 -9999.0 -9999.0 -9999.0 -9999.0 -9999.0 -9999.0 -9999.0 -9999.0 -9999.0 -9999.0 -9999.0 -9999.0
-9999.0 -9999.0 -9999.0 -9999.0 -9999.0 -9999.0 -9999.0 -9999.0 -9999.0 -9999.0 -9999.0 -9999.0 -9999.0 -9999.0 -9999.0 -9999.0 -9999.0 -9999.0 -9999.0 -9999.0 -9999.0 -9999.0 -9999.0 -9999.0 -9999.0 -9999.0 -9999.0 -9999.0 -9999.0 -9999.0 -9999.0 -9999.0 -9999.0 -9999.0 -9999.0 -9999.0 -9999.0 -9999.0 -9999.0 -9999.0 -9999.0 -9999.0 -9999.0 -9999.0 -9999.0 -9999.0 -9999.0 -9999.0 -9999.0 -9999.0 -9999.0 -9999.0 -9999.0 -9999.0 -9999.0 -9999.0 -9999.0 -9999.0 -9999.0 -9999.0 -9999.0 -9999.0 -9999.0 -9999.0 -9999.0 -9999.0 -9999.0 -9999.0 -9999.0 -9999.0 -9999.0 -9999.0 -9999.0 -9999.0 -9999.0 -9999.0 -9999.0 -9999.0 -9999.0 -9999.0 -9999.0 -9999.0 -9999.0 -9999.0 -9999.0 -9999.0 -9999.0 -9999.0 -9999.0 -9999.0 -9999.0 -9999.0 -9999.0 -9999.0 -9999.0 -9999.0 -9999.0 -9999.0 -9999.0 -9999.0 -9999.0 -9999.0 -9999.0 -9999.0