inst/processing_geotop_simulation/geotop_simulation/out/maps3D/PwL0003N0126.asc
ncols         104
nrows         10
xllcorner     -2.000000
yllcorner     0.000000
cellsize      1.000000
NODATA_value  -9999.0
-9999.0 -9999.0 -9999.0 -9999.0 -9999.0 -9999.0 -9999.0 -9999.0 -9999.0 -9999.0 -9999.0 -9999.0 -9999.0 -9999.0 -9999.0 -9999.0 -9999.0 -9999.0 -9999.0 -9999.0 -9999.0 -9999.0 -9999.0 -9999.0 -9999.0 -9999.0 -9999.0 -9999.0 -9999.0 -9999.0 -9999.0 -9999.0 -9999.0 -9999.0 -9999.0 -9999.0 -9999.0 -9999.0 -9999.0 -9999.0 -9999.0 -9999.0 -9999.0 -9999.0 -9999.0 -9999.0 -9999.0 -9999.0 -9999.0 -9999.0 -9999.0 -9999.0 -9999.0 -9999.0 -9999.0 -9999.0 -9999.0 -9999.0 -9999.0 -9999.0 -9999.0 -9999.0 -9999.0 -9999.0 -9999.0 -9999.0 -9999.0 -9999.0 -9999.0 -9999.0 -9999.0 -9999.0 -9999.0 -9999.0 -9999.0 -9999.0 -9999.0 -9999.0 -9999.0 -9999.0 -9999.0 -9999.0 -9999.0 -9999.0 -9999.0 -9999.0 -9999.0 -9999.0 -9999.0 -9999.0 -9999.0 -9999.0 -9999.0 -9999.0 -9999.0 -9999.0 -9999.0 -9999.0 -9999.0 -9999.0 -9999.0 -9999.0 -9999.0 -9999.0
-9999.0 -9999.0 -9999.0 -9999.0 -9999.0 -9999.0 -9999.0 -9999.0 -9999.0 -9999.0 -9999.0 -9999.0 -9999.0 -9999.0 -9999.0 -9999.0 -9999.0 -9999.0 -9999.0 -9999.0 -9999.0 -9999.0 -9999.0 -9999.0 -9999.0 -9999.0 -9999.0 -9999.0 -9999.0 -9999.0 -9999.0 -9999.0 -9999.0 -9999.0 -9999.0 -9999.0 -9999.0 -9999.0 -9999.0 -9999.0 -9999.0 -9999.0 -9999.0 -9999.0 -9999.0 -9999.0 -9999.0 -9999.0 -9999.0 -9999.0 -9999.0 -9999.0 -9999.0 -9999.0 -9999.0 -9999.0 -9999.0 -9999.0 -9999.0 -9999.0 -9999.0 -9999.0 -9999.0 -9999.0 -9999.0 -9999.0 -9999.0 -9999.0 -9999.0 -9999.0 -9999.0 -9999.0 -9999.0 -9999.0 -9999.0 -9999.0 -9999.0 -9999.0 -9999.0 -9999.0 -9999.0 -9999.0 -9999.0 -9999.0 -9999.0 -9999.0 -9999.0 -9999.0 -9999.0 -9999.0 -9999.0 -9999.0 -9999.0 -9999.0 -9999.0 -9999.0 -9999.0 -9999.0 -9999.0 -9999.0 -9999.0 -9999.0 -9999.0 -9999.0
-9999.0 -9999.0 135.555903 51.926487 -39.700096 -133.449555 -228.001686 -322.854750 -417.744695 -512.502768 -606.928523 -701.074073 -796.231529 -894.817172 -994.767238 -1091.204196 -1192.005200 -1294.607875 -1381.355657 -1436.767721 -1465.492111 -1479.646533 -1486.277144 -1489.559993 -1491.636797 -1493.425652 -1495.190876 -1496.903948 -1498.458877 -1499.775984 -1500.828411 -1501.631090 -1502.221273 -1502.642468 -1502.935304 -1503.135470 -1503.279732 -1503.418277 -1503.660347 -1504.779658 -1511.673312 -1528.911817 -975.864365 -975.590597 -962.219142 -953.915925 -950.033972 -949.491941 -949.437410 -949.447172 -949.466852 -949.487769 -949.507843 -949.526417 -949.543512 -949.562049 -949.610818 -949.931975 -951.989231 -956.663277 -964.193900 -955.281875 -1509.704828 -1508.333160 -1504.396165 -1503.745351 -1503.643670 -1503.626729 -1503.625159 -1503.626425 -1503.627945 -1503.629211 -1503.630182 -1503.630917 -1503.631477 -1503.631910 -1503.632252 -1503.632527 -1503.632756 -1503.632956 -1503.633151 -1503.633364 -1503.633631 -1503.634000 -1503.634544 -1503.635378 -1503.636687 -1503.638775 -1503.642153 -1503.647704 -1503.657007 -1503.672987 -1503.701228 -1503.752669 -1503.849039 -1504.033765 -1504.394351 -1505.112085 -1506.587801 -1509.795609 -1517.399898 -1538.963603 -9999.0 -9999.0
-9999.0 -9999.0 135.567980 51.928845 -39.699502 -133.449382 -228.001631 -322.854732 -417.744689 -512.502766 -606.928522 -701.074072 -796.231529 -894.817172 -994.767238 -1091.204196 -1192.005200 -1294.607875 -1381.355657 -1436.767721 -1465.492111 -1479.646533 -1486.277144 -1489.559993 -1491.636797 -1493.425652 -1495.190876 -1496.903948 -1498.458877 -1499.775984 -1500.828411 -1501.631090 -1502.221273 -1502.642468 -1502.935304 -1503.135470 -1503.279732 -1503.418277 -1503.660347 -1504.779658 -1511.673312 -1528.911817 -975.864365 -975.590597 -962.219142 -953.915924 -950.033972 -949.491941 -949.437410 -949.447172 -949.466852 -949.487769 -949.507843 -949.526417 -949.543512 -949.562049 -949.610818 -949.931975 -951.989231 -956.663277 -964.193900 -955.281875 -1509.704828 -1508.333160 -1504.396165 -1503.745351 -1503.643670 -1503.626729 -1503.625159 -1503.626425 -1503.627945 -1503.629211 -1503.630182 -1503.630917 -1503.631477 -1503.631910 -1503.632252 -1503.632527 -1503.632756 -1503.632956 -1503.633151 -1503.633364 -1503.633631 -1503.634000 -1503.634544 -1503.635378 -1503.636687 -1503.638775 -1503.642153 -1503.647704 -1503.657007 -1503.672987 -1503.701228 -1503.752669 -1503.849039 -1504.033765 -1504.394351 -1505.112085 -1506.587801 -1509.795609 -1517.399898 -1538.963603 -9999.0 -9999.0
-9999.0 -9999.0 135.569487 51.929788 -39.699127 -133.449247 -228.001583 -322.854715 -417.744683 -512.502764 -606.928521 -701.074072 -796.231529 -894.817172 -994.767238 -1091.204196 -1192.005200 -1294.607875 -1381.355657 -1436.767721 -1465.492111 -1479.646533 -1486.277144 -1489.559993 -1491.636797 -1493.425652 -1495.190876 -1496.903948 -1498.458877 -1499.775984 -1500.828411 -1501.631090 -1502.221273 -1502.642468 -1502.935304 -1503.135470 -1503.279732 -1503.418277 -1503.660347 -1504.779658 -1511.673312 -1528.911817 -975.864365 -975.590597 -962.219142 -953.915924 -950.033972 -949.491941 -949.437410 -949.447172 -949.466852 -949.487769 -949.507843 -949.526417 -949.543512 -949.562049 -949.610818 -949.931975 -951.989231 -956.663277 -964.193900 -955.281875 -1509.704828 -1508.333160 -1504.396165 -1503.745351 -1503.643670 -1503.626729 -1503.625159 -1503.626425 -1503.627945 -1503.629211 -1503.630182 -1503.630917 -1503.631477 -1503.631910 -1503.632252 -1503.632527 -1503.632756 -1503.632956 -1503.633151 -1503.633364 -1503.633631 -1503.634000 -1503.634544 -1503.635378 -1503.636687 -1503.638775 -1503.642153 -1503.647704 -1503.657007 -1503.672987 -1503.701228 -1503.752669 -1503.849039 -1504.033765 -1504.394351 -1505.112085 -1506.587801 -1509.795609 -1517.399898 -1538.963603 -9999.0 -9999.0
-9999.0 -9999.0 135.569487 51.929788 -39.699128 -133.449247 -228.001583 -322.854715 -417.744683 -512.502763 -606.928521 -701.074072 -796.231529 -894.817172 -994.767238 -1091.204196 -1192.005200 -1294.607875 -1381.355657 -1436.767721 -1465.492111 -1479.646533 -1486.277144 -1489.559993 -1491.636797 -1493.425652 -1495.190876 -1496.903948 -1498.458877 -1499.775984 -1500.828411 -1501.631090 -1502.221273 -1502.642468 -1502.935304 -1503.135470 -1503.279732 -1503.418277 -1503.660347 -1504.779658 -1511.673312 -1528.911817 -975.864365 -975.590597 -962.219142 -953.915924 -950.033972 -949.491941 -949.437410 -949.447172 -949.466852 -949.487769 -949.507843 -949.526417 -949.543512 -949.562049 -949.610818 -949.931975 -951.989231 -956.663277 -964.193900 -955.281875 -1509.704828 -1508.333160 -1504.396165 -1503.745351 -1503.643670 -1503.626729 -1503.625159 -1503.626425 -1503.627945 -1503.629211 -1503.630182 -1503.630917 -1503.631477 -1503.631910 -1503.632252 -1503.632527 -1503.632756 -1503.632956 -1503.633151 -1503.633364 -1503.633631 -1503.634000 -1503.634544 -1503.635378 -1503.636687 -1503.638775 -1503.642153 -1503.647704 -1503.657007 -1503.672987 -1503.701228 -1503.752669 -1503.849039 -1504.033765 -1504.394351 -1505.112085 -1506.587801 -1509.795609 -1517.399898 -1538.963603 -9999.0 -9999.0
-9999.0 -9999.0 135.567980 51.928845 -39.699502 -133.449382 -228.001631 -322.854732 -417.744689 -512.502766 -606.928522 -701.074072 -796.231529 -894.817172 -994.767238 -1091.204196 -1192.005200 -1294.607875 -1381.355657 -1436.767721 -1465.492111 -1479.646533 -1486.277144 -1489.559993 -1491.636797 -1493.425652 -1495.190876 -1496.903948 -1498.458877 -1499.775984 -1500.828411 -1501.631090 -1502.221273 -1502.642468 -1502.935304 -1503.135470 -1503.279732 -1503.418277 -1503.660347 -1504.779658 -1511.673312 -1528.911817 -975.864365 -975.590597 -962.219142 -953.915924 -950.033972 -949.491941 -949.437410 -949.447172 -949.466852 -949.487769 -949.507843 -949.526417 -949.543512 -949.562049 -949.610818 -949.931975 -951.989231 -956.663277 -964.193900 -955.281875 -1509.704828 -1508.333160 -1504.396165 -1503.745351 -1503.643670 -1503.626729 -1503.625159 -1503.626425 -1503.627945 -1503.629211 -1503.630182 -1503.630917 -1503.631477 -1503.631910 -1503.632252 -1503.632527 -1503.632756 -1503.632956 -1503.633151 -1503.633364 -1503.633631 -1503.634000 -1503.634544 -1503.635378 -1503.636687 -1503.638775 -1503.642153 -1503.647704 -1503.657007 -1503.672987 -1503.701228 -1503.752669 -1503.849039 -1504.033765 -1504.394351 -1505.112085 -1506.587801 -1509.795609 -1517.399898 -1538.963603 -9999.0 -9999.0
-9999.0 -9999.0 135.555903 51.926487 -39.700097 -133.449555 -228.001686 -322.854750 -417.744696 -512.502768 -606.928523 -701.074073 -796.231529 -894.817172 -994.767238 -1091.204196 -1192.005200 -1294.607875 -1381.355657 -1436.767721 -1465.492111 -1479.646533 -1486.277144 -1489.559993 -1491.636797 -1493.425652 -1495.190876 -1496.903948 -1498.458877 -1499.775984 -1500.828411 -1501.631090 -1502.221273 -1502.642468 -1502.935304 -1503.135470 -1503.279732 -1503.418277 -1503.660347 -1504.779658 -1511.673312 -1528.911817 -975.864365 -975.590597 -962.219142 -953.915925 -950.033972 -949.491941 -949.437410 -949.447172 -949.466852 -949.487769 -949.507843 -949.526417 -949.543512 -949.562049 -949.610818 -949.931975 -951.989231 -956.663277 -964.193900 -955.281875 -1509.704828 -1508.333160 -1504.396165 -1503.745351 -1503.643670 -1503.626729 -1503.625159 -1503.626425 -1503.627945 -1503.629211 -1503.630182 -1503.630917 -1503.631477 -1503.631910 -1503.632252 -1503.632527 -1503.632756 -1503.632956 -1503.633151 -1503.633364 -1503.633631 -1503.634000 -1503.634544 -1503.635378 -1503.636687 -1503.638775 -1503.642153 -1503.647704 -1503.657007 -1503.672987 -1503.701228 -1503.752669 -1503.849039 -1504.033765 -1504.394351 -1505.112085 -1506.587801 -1509.795609 -1517.399898 -1538.963603 -9999.0 -9999.0
-9999.0 -9999.0 -9999.0 -9999.0 -9999.0 -9999.0 -9999.0 -9999.0 -9999.0 -9999.0 -9999.0 -9999.0 -9999.0 -9999.0 -9999.0 -9999.0 -9999.0 -9999.0 -9999.0 -9999.0 -9999.0 -9999.0 -9999.0 -9999.0 -9999.0 -9999.0 -9999.0 -9999.0 -9999.0 -9999.0 -9999.0 -9999.0 -9999.0 -9999.0 -9999.0 -9999.0 -9999.0 -9999.0 -9999.0 -9999.0 -9999.0 -9999.0 -9999.0 -9999.0 -9999.0 -9999.0 -9999.0 -9999.0 -9999.0 -9999.0 -9999.0 -9999.0 -9999.0 -9999.0 -9999.0 -9999.0 -9999.0 -9999.0 -9999.0 -9999.0 -9999.0 -9999.0 -9999.0 -9999.0 -9999.0 -9999.0 -9999.0 -9999.0 -9999.0 -9999.0 -9999.0 -9999.0 -9999.0 -9999.0 -9999.0 -9999.0 -9999.0 -9999.0 -9999.0 -9999.0 -9999.0 -9999.0 -9999.0 -9999.0 -9999.0 -9999.0 -9999.0 -9999.0 -9999.0 -9999.0 -9999.0 -9999.0 -9999.0 -9999.0 -9999.0 -9999.0 -9999.0 -9999.0 -9999.0 -9999.0 -9999.0 -9999.0 -9999.0 -9999.0
-9999.0 -9999.0 -9999.0 -9999.0 -9999.0 -9999.0 -9999.0 -9999.0 -9999.0 -9999.0 -9999.0 -9999.0 -9999.0 -9999.0 -9999.0 -9999.0 -9999.0 -9999.0 -9999.0 -9999.0 -9999.0 -9999.0 -9999.0 -9999.0 -9999.0 -9999.0 -9999.0 -9999.0 -9999.0 -9999.0 -9999.0 -9999.0 -9999.0 -9999.0 -9999.0 -9999.0 -9999.0 -9999.0 -9999.0 -9999.0 -9999.0 -9999.0 -9999.0 -9999.0 -9999.0 -9999.0 -9999.0 -9999.0 -9999.0 -9999.0 -9999.0 -9999.0 -9999.0 -9999.0 -9999.0 -9999.0 -9999.0 -9999.0 -9999.0 -9999.0 -9999.0 -9999.0 -9999.0 -9999.0 -9999.0 -9999.0 -9999.0 -9999.0 -9999.0 -9999.0 -9999.0 -9999.0 -9999.0 -9999.0 -9999.0 -9999.0 -9999.0 -9999.0 -9999.0 -9999.0 -9999.0 -9999.0 -9999.0 -9999.0 -9999.0 -9999.0 -9999.0 -9999.0 -9999.0 -9999.0 -9999.0 -9999.0 -9999.0 -9999.0 -9999.0 -9999.0 -9999.0 -9999.0 -9999.0 -9999.0 -9999.0 -9999.0 -9999.0 -9999.0