inst/processing_geotop_simulation/geotop_simulation/out/maps3D/PwL0002N0422.asc
ncols         104
nrows         10
xllcorner     -2.000000
yllcorner     0.000000
cellsize      1.000000
NODATA_value  -9999.0
-9999.0 -9999.0 -9999.0 -9999.0 -9999.0 -9999.0 -9999.0 -9999.0 -9999.0 -9999.0 -9999.0 -9999.0 -9999.0 -9999.0 -9999.0 -9999.0 -9999.0 -9999.0 -9999.0 -9999.0 -9999.0 -9999.0 -9999.0 -9999.0 -9999.0 -9999.0 -9999.0 -9999.0 -9999.0 -9999.0 -9999.0 -9999.0 -9999.0 -9999.0 -9999.0 -9999.0 -9999.0 -9999.0 -9999.0 -9999.0 -9999.0 -9999.0 -9999.0 -9999.0 -9999.0 -9999.0 -9999.0 -9999.0 -9999.0 -9999.0 -9999.0 -9999.0 -9999.0 -9999.0 -9999.0 -9999.0 -9999.0 -9999.0 -9999.0 -9999.0 -9999.0 -9999.0 -9999.0 -9999.0 -9999.0 -9999.0 -9999.0 -9999.0 -9999.0 -9999.0 -9999.0 -9999.0 -9999.0 -9999.0 -9999.0 -9999.0 -9999.0 -9999.0 -9999.0 -9999.0 -9999.0 -9999.0 -9999.0 -9999.0 -9999.0 -9999.0 -9999.0 -9999.0 -9999.0 -9999.0 -9999.0 -9999.0 -9999.0 -9999.0 -9999.0 -9999.0 -9999.0 -9999.0 -9999.0 -9999.0 -9999.0 -9999.0 -9999.0 -9999.0
-9999.0 -9999.0 -9999.0 -9999.0 -9999.0 -9999.0 -9999.0 -9999.0 -9999.0 -9999.0 -9999.0 -9999.0 -9999.0 -9999.0 -9999.0 -9999.0 -9999.0 -9999.0 -9999.0 -9999.0 -9999.0 -9999.0 -9999.0 -9999.0 -9999.0 -9999.0 -9999.0 -9999.0 -9999.0 -9999.0 -9999.0 -9999.0 -9999.0 -9999.0 -9999.0 -9999.0 -9999.0 -9999.0 -9999.0 -9999.0 -9999.0 -9999.0 -9999.0 -9999.0 -9999.0 -9999.0 -9999.0 -9999.0 -9999.0 -9999.0 -9999.0 -9999.0 -9999.0 -9999.0 -9999.0 -9999.0 -9999.0 -9999.0 -9999.0 -9999.0 -9999.0 -9999.0 -9999.0 -9999.0 -9999.0 -9999.0 -9999.0 -9999.0 -9999.0 -9999.0 -9999.0 -9999.0 -9999.0 -9999.0 -9999.0 -9999.0 -9999.0 -9999.0 -9999.0 -9999.0 -9999.0 -9999.0 -9999.0 -9999.0 -9999.0 -9999.0 -9999.0 -9999.0 -9999.0 -9999.0 -9999.0 -9999.0 -9999.0 -9999.0 -9999.0 -9999.0 -9999.0 -9999.0 -9999.0 -9999.0 -9999.0 -9999.0 -9999.0 -9999.0
-9999.0 -9999.0 75.619676 -22.163833 -121.100230 -220.312274 -319.625405 -418.975305 -518.329060 -617.663085 -716.935400 -816.129815 -915.221819 -1014.181627 -1113.106018 -1211.966852 -1310.532886 -1408.613644 -1505.845626 -1601.508010 -1694.205323 -1781.501279 -1860.197699 -1927.534082 -1982.280906 -2024.889035 -2056.924972 -2080.386029 -2097.225892 -2109.126210 -2117.432768 -2123.173983 -2127.111070 -2129.794413 -2131.615398 -2132.851472 -2133.711198 -2134.413476 -2135.408708 -2137.663086 -2137.933649 -2068.675066 -1264.566939 -1262.144857 -1251.924563 -1245.143979 -1241.951503 -1241.444470 -1241.388740 -1241.393355 -1241.406657 -1241.421029 -1241.434853 -1241.447663 -1241.459610 -1241.474003 -1241.521194 -1241.830257 -1243.549803 -1247.329587 -1252.281986 -1247.292232 -2044.199951 -2132.156251 -2136.256604 -2135.714509 -2135.504846 -2135.461404 -2135.454210 -2135.453496 -2135.453812 -2135.454217 -2135.454558 -2135.454825 -2135.455034 -2135.455200 -2135.455334 -2135.455446 -2135.455543 -2135.455631 -2135.455719 -2135.455818 -2135.455939 -2135.456104 -2135.456343 -2135.456703 -2135.457264 -2135.458157 -2135.459611 -2135.462030 -2135.466163 -2135.473428 -2135.486599 -2135.511216 -2135.558608 -2135.652744 -2135.847111 -2136.270045 -2137.256823 -2139.777861 -2147.034944 -2171.262818 -9999.0 -9999.0
-9999.0 -9999.0 75.629958 -22.161996 -121.099771 -220.312140 -319.625362 -418.975290 -518.329055 -617.663083 -716.935399 -816.129814 -915.221819 -1014.181627 -1113.106018 -1211.966852 -1310.532886 -1408.613644 -1505.845626 -1601.508010 -1694.205323 -1781.501279 -1860.197699 -1927.534083 -1982.280906 -2024.889036 -2056.924972 -2080.386029 -2097.225892 -2109.126210 -2117.432768 -2123.173983 -2127.111070 -2129.794413 -2131.615398 -2132.851472 -2133.711198 -2134.413476 -2135.408708 -2137.663086 -2137.933649 -2068.675066 -1264.566939 -1262.144857 -1251.924563 -1245.143979 -1241.951503 -1241.444470 -1241.388740 -1241.393355 -1241.406657 -1241.421029 -1241.434853 -1241.447663 -1241.459610 -1241.474003 -1241.521194 -1241.830257 -1243.549803 -1247.329587 -1252.281986 -1247.292232 -2044.199951 -2132.156251 -2136.256604 -2135.714509 -2135.504846 -2135.461404 -2135.454210 -2135.453496 -2135.453812 -2135.454217 -2135.454558 -2135.454825 -2135.455034 -2135.455200 -2135.455334 -2135.455446 -2135.455543 -2135.455631 -2135.455719 -2135.455818 -2135.455939 -2135.456104 -2135.456343 -2135.456703 -2135.457264 -2135.458157 -2135.459611 -2135.462030 -2135.466163 -2135.473428 -2135.486599 -2135.511216 -2135.558608 -2135.652744 -2135.847111 -2136.270045 -2137.256823 -2139.777861 -2147.034944 -2171.262818 -9999.0 -9999.0
-9999.0 -9999.0 75.631074 -22.161258 -121.099480 -220.312035 -319.625325 -418.975277 -518.329050 -617.663081 -716.935398 -816.129814 -915.221819 -1014.181627 -1113.106018 -1211.966852 -1310.532887 -1408.613644 -1505.845626 -1601.508010 -1694.205323 -1781.501279 -1860.197699 -1927.534083 -1982.280906 -2024.889036 -2056.924972 -2080.386030 -2097.225892 -2109.126210 -2117.432768 -2123.173983 -2127.111070 -2129.794413 -2131.615398 -2132.851472 -2133.711198 -2134.413476 -2135.408708 -2137.663086 -2137.933649 -2068.675066 -1264.566939 -1262.144857 -1251.924563 -1245.143979 -1241.951503 -1241.444470 -1241.388740 -1241.393355 -1241.406657 -1241.421029 -1241.434853 -1241.447663 -1241.459610 -1241.474003 -1241.521194 -1241.830257 -1243.549803 -1247.329587 -1252.281986 -1247.292232 -2044.199951 -2132.156251 -2136.256604 -2135.714509 -2135.504846 -2135.461404 -2135.454210 -2135.453496 -2135.453812 -2135.454217 -2135.454558 -2135.454825 -2135.455034 -2135.455200 -2135.455334 -2135.455446 -2135.455543 -2135.455631 -2135.455719 -2135.455818 -2135.455939 -2135.456104 -2135.456343 -2135.456703 -2135.457264 -2135.458157 -2135.459611 -2135.462030 -2135.466163 -2135.473428 -2135.486599 -2135.511216 -2135.558608 -2135.652744 -2135.847111 -2136.270045 -2137.256823 -2139.777861 -2147.034944 -2171.262818 -9999.0 -9999.0
-9999.0 -9999.0 75.631074 -22.161258 -121.099480 -220.312035 -319.625325 -418.975277 -518.329050 -617.663081 -716.935398 -816.129814 -915.221819 -1014.181627 -1113.106018 -1211.966852 -1310.532887 -1408.613644 -1505.845626 -1601.508010 -1694.205323 -1781.501279 -1860.197699 -1927.534083 -1982.280906 -2024.889036 -2056.924972 -2080.386030 -2097.225892 -2109.126210 -2117.432768 -2123.173983 -2127.111070 -2129.794413 -2131.615398 -2132.851472 -2133.711198 -2134.413476 -2135.408708 -2137.663086 -2137.933649 -2068.675066 -1264.566939 -1262.144857 -1251.924563 -1245.143979 -1241.951503 -1241.444470 -1241.388740 -1241.393355 -1241.406657 -1241.421029 -1241.434853 -1241.447663 -1241.459610 -1241.474003 -1241.521194 -1241.830257 -1243.549803 -1247.329587 -1252.281986 -1247.292232 -2044.199951 -2132.156251 -2136.256604 -2135.714509 -2135.504846 -2135.461404 -2135.454210 -2135.453496 -2135.453812 -2135.454217 -2135.454558 -2135.454825 -2135.455034 -2135.455200 -2135.455334 -2135.455446 -2135.455543 -2135.455631 -2135.455719 -2135.455818 -2135.455939 -2135.456104 -2135.456343 -2135.456703 -2135.457264 -2135.458157 -2135.459611 -2135.462030 -2135.466163 -2135.473428 -2135.486599 -2135.511216 -2135.558608 -2135.652744 -2135.847111 -2136.270045 -2137.256823 -2139.777861 -2147.034944 -2171.262818 -9999.0 -9999.0
-9999.0 -9999.0 75.629958 -22.161996 -121.099771 -220.312140 -319.625362 -418.975290 -518.329055 -617.663083 -716.935399 -816.129814 -915.221819 -1014.181627 -1113.106018 -1211.966852 -1310.532886 -1408.613644 -1505.845626 -1601.508010 -1694.205323 -1781.501279 -1860.197699 -1927.534083 -1982.280906 -2024.889036 -2056.924972 -2080.386029 -2097.225892 -2109.126210 -2117.432768 -2123.173983 -2127.111070 -2129.794413 -2131.615398 -2132.851472 -2133.711198 -2134.413476 -2135.408708 -2137.663086 -2137.933649 -2068.675066 -1264.566939 -1262.144857 -1251.924563 -1245.143979 -1241.951503 -1241.444470 -1241.388740 -1241.393355 -1241.406657 -1241.421029 -1241.434853 -1241.447663 -1241.459610 -1241.474003 -1241.521194 -1241.830257 -1243.549803 -1247.329587 -1252.281986 -1247.292232 -2044.199951 -2132.156251 -2136.256604 -2135.714509 -2135.504846 -2135.461404 -2135.454210 -2135.453496 -2135.453812 -2135.454217 -2135.454558 -2135.454825 -2135.455034 -2135.455200 -2135.455334 -2135.455446 -2135.455543 -2135.455631 -2135.455719 -2135.455818 -2135.455939 -2135.456104 -2135.456343 -2135.456703 -2135.457264 -2135.458157 -2135.459611 -2135.462030 -2135.466163 -2135.473428 -2135.486599 -2135.511216 -2135.558608 -2135.652744 -2135.847111 -2136.270045 -2137.256823 -2139.777861 -2147.034944 -2171.262818 -9999.0 -9999.0
-9999.0 -9999.0 75.619676 -22.163833 -121.100230 -220.312274 -319.625405 -418.975305 -518.329060 -617.663085 -716.935400 -816.129815 -915.221819 -1014.181627 -1113.106018 -1211.966852 -1310.532886 -1408.613644 -1505.845626 -1601.508010 -1694.205322 -1781.501279 -1860.197699 -1927.534082 -1982.280906 -2024.889035 -2056.924972 -2080.386029 -2097.225892 -2109.126210 -2117.432768 -2123.173983 -2127.111070 -2129.794413 -2131.615398 -2132.851472 -2133.711198 -2134.413476 -2135.408708 -2137.663086 -2137.933649 -2068.675066 -1264.566939 -1262.144857 -1251.924563 -1245.143979 -1241.951503 -1241.444470 -1241.388740 -1241.393355 -1241.406657 -1241.421029 -1241.434853 -1241.447663 -1241.459610 -1241.474003 -1241.521194 -1241.830257 -1243.549803 -1247.329587 -1252.281986 -1247.292232 -2044.199951 -2132.156251 -2136.256604 -2135.714509 -2135.504846 -2135.461404 -2135.454210 -2135.453496 -2135.453812 -2135.454217 -2135.454558 -2135.454825 -2135.455034 -2135.455200 -2135.455334 -2135.455446 -2135.455543 -2135.455631 -2135.455719 -2135.455818 -2135.455939 -2135.456104 -2135.456343 -2135.456703 -2135.457264 -2135.458157 -2135.459611 -2135.462030 -2135.466163 -2135.473428 -2135.486599 -2135.511216 -2135.558608 -2135.652744 -2135.847111 -2136.270045 -2137.256823 -2139.777861 -2147.034944 -2171.262818 -9999.0 -9999.0
-9999.0 -9999.0 -9999.0 -9999.0 -9999.0 -9999.0 -9999.0 -9999.0 -9999.0 -9999.0 -9999.0 -9999.0 -9999.0 -9999.0 -9999.0 -9999.0 -9999.0 -9999.0 -9999.0 -9999.0 -9999.0 -9999.0 -9999.0 -9999.0 -9999.0 -9999.0 -9999.0 -9999.0 -9999.0 -9999.0 -9999.0 -9999.0 -9999.0 -9999.0 -9999.0 -9999.0 -9999.0 -9999.0 -9999.0 -9999.0 -9999.0 -9999.0 -9999.0 -9999.0 -9999.0 -9999.0 -9999.0 -9999.0 -9999.0 -9999.0 -9999.0 -9999.0 -9999.0 -9999.0 -9999.0 -9999.0 -9999.0 -9999.0 -9999.0 -9999.0 -9999.0 -9999.0 -9999.0 -9999.0 -9999.0 -9999.0 -9999.0 -9999.0 -9999.0 -9999.0 -9999.0 -9999.0 -9999.0 -9999.0 -9999.0 -9999.0 -9999.0 -9999.0 -9999.0 -9999.0 -9999.0 -9999.0 -9999.0 -9999.0 -9999.0 -9999.0 -9999.0 -9999.0 -9999.0 -9999.0 -9999.0 -9999.0 -9999.0 -9999.0 -9999.0 -9999.0 -9999.0 -9999.0 -9999.0 -9999.0 -9999.0 -9999.0 -9999.0 -9999.0
-9999.0 -9999.0 -9999.0 -9999.0 -9999.0 -9999.0 -9999.0 -9999.0 -9999.0 -9999.0 -9999.0 -9999.0 -9999.0 -9999.0 -9999.0 -9999.0 -9999.0 -9999.0 -9999.0 -9999.0 -9999.0 -9999.0 -9999.0 -9999.0 -9999.0 -9999.0 -9999.0 -9999.0 -9999.0 -9999.0 -9999.0 -9999.0 -9999.0 -9999.0 -9999.0 -9999.0 -9999.0 -9999.0 -9999.0 -9999.0 -9999.0 -9999.0 -9999.0 -9999.0 -9999.0 -9999.0 -9999.0 -9999.0 -9999.0 -9999.0 -9999.0 -9999.0 -9999.0 -9999.0 -9999.0 -9999.0 -9999.0 -9999.0 -9999.0 -9999.0 -9999.0 -9999.0 -9999.0 -9999.0 -9999.0 -9999.0 -9999.0 -9999.0 -9999.0 -9999.0 -9999.0 -9999.0 -9999.0 -9999.0 -9999.0 -9999.0 -9999.0 -9999.0 -9999.0 -9999.0 -9999.0 -9999.0 -9999.0 -9999.0 -9999.0 -9999.0 -9999.0 -9999.0 -9999.0 -9999.0 -9999.0 -9999.0 -9999.0 -9999.0 -9999.0 -9999.0 -9999.0 -9999.0 -9999.0 -9999.0 -9999.0 -9999.0 -9999.0 -9999.0