inst/processing_geotop_simulation/geotop_simulation/out/maps3D/PwL0020N0197.asc
ncols         104
nrows         10
xllcorner     -2.000000
yllcorner     0.000000
cellsize      1.000000
NODATA_value  -9999.0
-9999.0 -9999.0 -9999.0 -9999.0 -9999.0 -9999.0 -9999.0 -9999.0 -9999.0 -9999.0 -9999.0 -9999.0 -9999.0 -9999.0 -9999.0 -9999.0 -9999.0 -9999.0 -9999.0 -9999.0 -9999.0 -9999.0 -9999.0 -9999.0 -9999.0 -9999.0 -9999.0 -9999.0 -9999.0 -9999.0 -9999.0 -9999.0 -9999.0 -9999.0 -9999.0 -9999.0 -9999.0 -9999.0 -9999.0 -9999.0 -9999.0 -9999.0 -9999.0 -9999.0 -9999.0 -9999.0 -9999.0 -9999.0 -9999.0 -9999.0 -9999.0 -9999.0 -9999.0 -9999.0 -9999.0 -9999.0 -9999.0 -9999.0 -9999.0 -9999.0 -9999.0 -9999.0 -9999.0 -9999.0 -9999.0 -9999.0 -9999.0 -9999.0 -9999.0 -9999.0 -9999.0 -9999.0 -9999.0 -9999.0 -9999.0 -9999.0 -9999.0 -9999.0 -9999.0 -9999.0 -9999.0 -9999.0 -9999.0 -9999.0 -9999.0 -9999.0 -9999.0 -9999.0 -9999.0 -9999.0 -9999.0 -9999.0 -9999.0 -9999.0 -9999.0 -9999.0 -9999.0 -9999.0 -9999.0 -9999.0 -9999.0 -9999.0 -9999.0 -9999.0
-9999.0 -9999.0 -9999.0 -9999.0 -9999.0 -9999.0 -9999.0 -9999.0 -9999.0 -9999.0 -9999.0 -9999.0 -9999.0 -9999.0 -9999.0 -9999.0 -9999.0 -9999.0 -9999.0 -9999.0 -9999.0 -9999.0 -9999.0 -9999.0 -9999.0 -9999.0 -9999.0 -9999.0 -9999.0 -9999.0 -9999.0 -9999.0 -9999.0 -9999.0 -9999.0 -9999.0 -9999.0 -9999.0 -9999.0 -9999.0 -9999.0 -9999.0 -9999.0 -9999.0 -9999.0 -9999.0 -9999.0 -9999.0 -9999.0 -9999.0 -9999.0 -9999.0 -9999.0 -9999.0 -9999.0 -9999.0 -9999.0 -9999.0 -9999.0 -9999.0 -9999.0 -9999.0 -9999.0 -9999.0 -9999.0 -9999.0 -9999.0 -9999.0 -9999.0 -9999.0 -9999.0 -9999.0 -9999.0 -9999.0 -9999.0 -9999.0 -9999.0 -9999.0 -9999.0 -9999.0 -9999.0 -9999.0 -9999.0 -9999.0 -9999.0 -9999.0 -9999.0 -9999.0 -9999.0 -9999.0 -9999.0 -9999.0 -9999.0 -9999.0 -9999.0 -9999.0 -9999.0 -9999.0 -9999.0 -9999.0 -9999.0 -9999.0 -9999.0 -9999.0
-9999.0 -9999.0 977.615910 881.215029 784.567325 687.480462 590.147885 492.703614 395.222394 297.745941 200.297969 102.891338 5.536268 -91.750505 -188.951658 -285.988603 -382.706458 -478.834727 -573.928472 -667.205598 -760.972492 -853.525356 -944.630032 -1034.082592 -1105.129652 -1164.722659 -1212.517810 -1249.282768 -1276.534246 -1296.107066 -1309.806077 -1319.199579 -1325.540631 -1329.772341 -1332.574595 -1334.424687 -1335.660173 -1336.564520 -1337.640549 -1340.871315 -1355.122582 -1426.952400 -1860.487908 -3939.161315 -3985.137586 -3985.138601 -3984.776245 -3980.642454 -3961.257890 -3904.896187 -3789.539753 -3591.949145 -3414.341360 -3278.365072 -3140.378024 -2988.321319 -2821.323776 -2647.880559 -2479.762701 -2323.338685 -2160.957767 -1520.326775 -1386.969758 -1347.798226 -1339.806769 -1338.403838 -1338.184856 -1338.152125 -1338.147781 -1338.147929 -1338.148706 -1338.149435 -1338.150017 -1338.150466 -1338.150814 -1338.151088 -1338.151307 -1338.151486 -1338.151638 -1338.151774 -1338.151908 -1338.152055 -1338.152237 -1338.152486 -1338.152849 -1338.153401 -1338.154265 -1338.155644 -1338.157884 -1338.161596 -1338.167890 -1338.178858 -1338.198553 -1338.235009 -1338.304489 -1338.440829 -1338.717998 -1339.310089 -1340.659399 -1343.951866 -1352.563690 -1377.834458 -9999.0 -9999.0
-9999.0 -9999.0 977.619111 881.216269 784.567736 687.480596 590.147930 492.703630 395.222399 297.745943 200.297970 102.891338 5.536268 -91.750505 -188.951658 -285.988603 -382.706458 -478.834727 -573.928473 -667.205598 -760.972492 -853.525357 -944.630032 -1034.082593 -1105.129652 -1164.722660 -1212.517811 -1249.282768 -1276.534246 -1296.107067 -1309.806077 -1319.199579 -1325.540631 -1329.772341 -1332.574595 -1334.424687 -1335.660173 -1336.564520 -1337.640549 -1340.871315 -1355.122582 -1426.952399 -1860.487908 -3939.161315 -3985.137586 -3985.138601 -3984.776245 -3980.642454 -3961.257890 -3904.896187 -3789.539751 -3591.949144 -3414.341360 -3278.365072 -3140.378023 -2988.321319 -2821.323775 -2647.880558 -2479.762700 -2323.338685 -2160.957767 -1520.326775 -1386.969758 -1347.798226 -1339.806769 -1338.403838 -1338.184856 -1338.152125 -1338.147781 -1338.147929 -1338.148706 -1338.149435 -1338.150017 -1338.150466 -1338.150814 -1338.151088 -1338.151307 -1338.151486 -1338.151638 -1338.151774 -1338.151908 -1338.152055 -1338.152237 -1338.152486 -1338.152849 -1338.153401 -1338.154265 -1338.155644 -1338.157884 -1338.161596 -1338.167890 -1338.178858 -1338.198553 -1338.235009 -1338.304489 -1338.440829 -1338.717998 -1339.310089 -1340.659399 -1343.951866 -1352.563690 -1377.834458 -9999.0 -9999.0
-9999.0 -9999.0 977.620359 881.216941 784.568021 687.480706 590.147970 492.703644 395.222405 297.745945 200.297971 102.891338 5.536269 -91.750505 -188.951658 -285.988603 -382.706458 -478.834728 -573.928473 -667.205598 -760.972492 -853.525357 -944.630033 -1034.082593 -1105.129652 -1164.722660 -1212.517811 -1249.282768 -1276.534247 -1296.107067 -1309.806077 -1319.199579 -1325.540631 -1329.772341 -1332.574595 -1334.424687 -1335.660173 -1336.564520 -1337.640549 -1340.871315 -1355.122582 -1426.952399 -1860.487908 -3939.161315 -3985.137586 -3985.138601 -3984.776245 -3980.642454 -3961.257890 -3904.896186 -3789.539750 -3591.949143 -3414.341359 -3278.365071 -3140.378023 -2988.321318 -2821.323775 -2647.880558 -2479.762700 -2323.338684 -2160.957766 -1520.326774 -1386.969758 -1347.798226 -1339.806769 -1338.403838 -1338.184856 -1338.152125 -1338.147781 -1338.147929 -1338.148706 -1338.149435 -1338.150017 -1338.150466 -1338.150814 -1338.151088 -1338.151307 -1338.151486 -1338.151638 -1338.151774 -1338.151908 -1338.152055 -1338.152237 -1338.152486 -1338.152849 -1338.153401 -1338.154265 -1338.155644 -1338.157884 -1338.161596 -1338.167890 -1338.178858 -1338.198553 -1338.235009 -1338.304489 -1338.440829 -1338.717998 -1339.310089 -1340.659399 -1343.951866 -1352.563690 -1377.834458 -9999.0 -9999.0
-9999.0 -9999.0 977.620359 881.216941 784.568021 687.480706 590.147970 492.703644 395.222405 297.745945 200.297971 102.891338 5.536269 -91.750505 -188.951658 -285.988603 -382.706458 -478.834727 -573.928473 -667.205598 -760.972492 -853.525357 -944.630033 -1034.082593 -1105.129652 -1164.722660 -1212.517811 -1249.282768 -1276.534247 -1296.107067 -1309.806077 -1319.199579 -1325.540631 -1329.772341 -1332.574595 -1334.424687 -1335.660173 -1336.564520 -1337.640549 -1340.871315 -1355.122582 -1426.952399 -1860.487908 -3939.161315 -3985.137586 -3985.138601 -3984.776245 -3980.642454 -3961.257890 -3904.896186 -3789.539750 -3591.949143 -3414.341359 -3278.365071 -3140.378023 -2988.321318 -2821.323775 -2647.880558 -2479.762700 -2323.338684 -2160.957766 -1520.326775 -1386.969758 -1347.798226 -1339.806769 -1338.403838 -1338.184856 -1338.152125 -1338.147781 -1338.147929 -1338.148706 -1338.149435 -1338.150017 -1338.150466 -1338.150814 -1338.151088 -1338.151307 -1338.151486 -1338.151638 -1338.151774 -1338.151908 -1338.152055 -1338.152237 -1338.152486 -1338.152849 -1338.153401 -1338.154265 -1338.155644 -1338.157884 -1338.161596 -1338.167890 -1338.178858 -1338.198553 -1338.235009 -1338.304489 -1338.440829 -1338.717998 -1339.310089 -1340.659399 -1343.951866 -1352.563690 -1377.834458 -9999.0 -9999.0
-9999.0 -9999.0 977.619111 881.216269 784.567736 687.480597 590.147930 492.703630 395.222399 297.745943 200.297970 102.891338 5.536269 -91.750505 -188.951658 -285.988603 -382.706458 -478.834728 -573.928472 -667.205598 -760.972492 -853.525357 -944.630032 -1034.082593 -1105.129652 -1164.722660 -1212.517811 -1249.282768 -1276.534246 -1296.107067 -1309.806077 -1319.199579 -1325.540631 -1329.772341 -1332.574595 -1334.424687 -1335.660173 -1336.564520 -1337.640549 -1340.871315 -1355.122582 -1426.952399 -1860.487908 -3939.161315 -3985.137586 -3985.138601 -3984.776245 -3980.642454 -3961.257890 -3904.896187 -3789.539751 -3591.949144 -3414.341360 -3278.365071 -3140.378023 -2988.321318 -2821.323775 -2647.880558 -2479.762700 -2323.338684 -2160.957767 -1520.326775 -1386.969758 -1347.798226 -1339.806769 -1338.403838 -1338.184856 -1338.152125 -1338.147781 -1338.147929 -1338.148706 -1338.149435 -1338.150017 -1338.150466 -1338.150814 -1338.151088 -1338.151307 -1338.151486 -1338.151638 -1338.151774 -1338.151908 -1338.152055 -1338.152237 -1338.152486 -1338.152849 -1338.153401 -1338.154265 -1338.155644 -1338.157884 -1338.161596 -1338.167890 -1338.178858 -1338.198553 -1338.235009 -1338.304489 -1338.440829 -1338.717998 -1339.310089 -1340.659399 -1343.951866 -1352.563690 -1377.834458 -9999.0 -9999.0
-9999.0 -9999.0 977.615910 881.215029 784.567325 687.480461 590.147885 492.703614 395.222394 297.745941 200.297969 102.891338 5.536268 -91.750505 -188.951658 -285.988603 -382.706458 -478.834727 -573.928472 -667.205598 -760.972492 -853.525356 -944.630032 -1034.082592 -1105.129652 -1164.722659 -1212.517810 -1249.282768 -1276.534246 -1296.107066 -1309.806077 -1319.199579 -1325.540631 -1329.772341 -1332.574595 -1334.424687 -1335.660173 -1336.564520 -1337.640549 -1340.871315 -1355.122582 -1426.952400 -1860.487908 -3939.161315 -3985.137586 -3985.138601 -3984.776245 -3980.642454 -3961.257890 -3904.896188 -3789.539754 -3591.949145 -3414.341360 -3278.365072 -3140.378024 -2988.321319 -2821.323776 -2647.880559 -2479.762700 -2323.338685 -2160.957767 -1520.326775 -1386.969758 -1347.798226 -1339.806769 -1338.403838 -1338.184856 -1338.152125 -1338.147781 -1338.147929 -1338.148706 -1338.149435 -1338.150017 -1338.150466 -1338.150814 -1338.151088 -1338.151307 -1338.151486 -1338.151638 -1338.151774 -1338.151908 -1338.152055 -1338.152237 -1338.152486 -1338.152849 -1338.153401 -1338.154265 -1338.155644 -1338.157884 -1338.161596 -1338.167890 -1338.178858 -1338.198553 -1338.235009 -1338.304489 -1338.440829 -1338.717998 -1339.310089 -1340.659399 -1343.951866 -1352.563690 -1377.834458 -9999.0 -9999.0
-9999.0 -9999.0 -9999.0 -9999.0 -9999.0 -9999.0 -9999.0 -9999.0 -9999.0 -9999.0 -9999.0 -9999.0 -9999.0 -9999.0 -9999.0 -9999.0 -9999.0 -9999.0 -9999.0 -9999.0 -9999.0 -9999.0 -9999.0 -9999.0 -9999.0 -9999.0 -9999.0 -9999.0 -9999.0 -9999.0 -9999.0 -9999.0 -9999.0 -9999.0 -9999.0 -9999.0 -9999.0 -9999.0 -9999.0 -9999.0 -9999.0 -9999.0 -9999.0 -9999.0 -9999.0 -9999.0 -9999.0 -9999.0 -9999.0 -9999.0 -9999.0 -9999.0 -9999.0 -9999.0 -9999.0 -9999.0 -9999.0 -9999.0 -9999.0 -9999.0 -9999.0 -9999.0 -9999.0 -9999.0 -9999.0 -9999.0 -9999.0 -9999.0 -9999.0 -9999.0 -9999.0 -9999.0 -9999.0 -9999.0 -9999.0 -9999.0 -9999.0 -9999.0 -9999.0 -9999.0 -9999.0 -9999.0 -9999.0 -9999.0 -9999.0 -9999.0 -9999.0 -9999.0 -9999.0 -9999.0 -9999.0 -9999.0 -9999.0 -9999.0 -9999.0 -9999.0 -9999.0 -9999.0 -9999.0 -9999.0 -9999.0 -9999.0 -9999.0 -9999.0
-9999.0 -9999.0 -9999.0 -9999.0 -9999.0 -9999.0 -9999.0 -9999.0 -9999.0 -9999.0 -9999.0 -9999.0 -9999.0 -9999.0 -9999.0 -9999.0 -9999.0 -9999.0 -9999.0 -9999.0 -9999.0 -9999.0 -9999.0 -9999.0 -9999.0 -9999.0 -9999.0 -9999.0 -9999.0 -9999.0 -9999.0 -9999.0 -9999.0 -9999.0 -9999.0 -9999.0 -9999.0 -9999.0 -9999.0 -9999.0 -9999.0 -9999.0 -9999.0 -9999.0 -9999.0 -9999.0 -9999.0 -9999.0 -9999.0 -9999.0 -9999.0 -9999.0 -9999.0 -9999.0 -9999.0 -9999.0 -9999.0 -9999.0 -9999.0 -9999.0 -9999.0 -9999.0 -9999.0 -9999.0 -9999.0 -9999.0 -9999.0 -9999.0 -9999.0 -9999.0 -9999.0 -9999.0 -9999.0 -9999.0 -9999.0 -9999.0 -9999.0 -9999.0 -9999.0 -9999.0 -9999.0 -9999.0 -9999.0 -9999.0 -9999.0 -9999.0 -9999.0 -9999.0 -9999.0 -9999.0 -9999.0 -9999.0 -9999.0 -9999.0 -9999.0 -9999.0 -9999.0 -9999.0 -9999.0 -9999.0 -9999.0 -9999.0 -9999.0 -9999.0