inst/processing_geotop_simulation/geotop_simulation/out/maps3D/PwL0020N0029.asc
ncols         104
nrows         10
xllcorner     -2.000000
yllcorner     0.000000
cellsize      1.000000
NODATA_value  -9999.0
-9999.0 -9999.0 -9999.0 -9999.0 -9999.0 -9999.0 -9999.0 -9999.0 -9999.0 -9999.0 -9999.0 -9999.0 -9999.0 -9999.0 -9999.0 -9999.0 -9999.0 -9999.0 -9999.0 -9999.0 -9999.0 -9999.0 -9999.0 -9999.0 -9999.0 -9999.0 -9999.0 -9999.0 -9999.0 -9999.0 -9999.0 -9999.0 -9999.0 -9999.0 -9999.0 -9999.0 -9999.0 -9999.0 -9999.0 -9999.0 -9999.0 -9999.0 -9999.0 -9999.0 -9999.0 -9999.0 -9999.0 -9999.0 -9999.0 -9999.0 -9999.0 -9999.0 -9999.0 -9999.0 -9999.0 -9999.0 -9999.0 -9999.0 -9999.0 -9999.0 -9999.0 -9999.0 -9999.0 -9999.0 -9999.0 -9999.0 -9999.0 -9999.0 -9999.0 -9999.0 -9999.0 -9999.0 -9999.0 -9999.0 -9999.0 -9999.0 -9999.0 -9999.0 -9999.0 -9999.0 -9999.0 -9999.0 -9999.0 -9999.0 -9999.0 -9999.0 -9999.0 -9999.0 -9999.0 -9999.0 -9999.0 -9999.0 -9999.0 -9999.0 -9999.0 -9999.0 -9999.0 -9999.0 -9999.0 -9999.0 -9999.0 -9999.0 -9999.0 -9999.0
-9999.0 -9999.0 -9999.0 -9999.0 -9999.0 -9999.0 -9999.0 -9999.0 -9999.0 -9999.0 -9999.0 -9999.0 -9999.0 -9999.0 -9999.0 -9999.0 -9999.0 -9999.0 -9999.0 -9999.0 -9999.0 -9999.0 -9999.0 -9999.0 -9999.0 -9999.0 -9999.0 -9999.0 -9999.0 -9999.0 -9999.0 -9999.0 -9999.0 -9999.0 -9999.0 -9999.0 -9999.0 -9999.0 -9999.0 -9999.0 -9999.0 -9999.0 -9999.0 -9999.0 -9999.0 -9999.0 -9999.0 -9999.0 -9999.0 -9999.0 -9999.0 -9999.0 -9999.0 -9999.0 -9999.0 -9999.0 -9999.0 -9999.0 -9999.0 -9999.0 -9999.0 -9999.0 -9999.0 -9999.0 -9999.0 -9999.0 -9999.0 -9999.0 -9999.0 -9999.0 -9999.0 -9999.0 -9999.0 -9999.0 -9999.0 -9999.0 -9999.0 -9999.0 -9999.0 -9999.0 -9999.0 -9999.0 -9999.0 -9999.0 -9999.0 -9999.0 -9999.0 -9999.0 -9999.0 -9999.0 -9999.0 -9999.0 -9999.0 -9999.0 -9999.0 -9999.0 -9999.0 -9999.0 -9999.0 -9999.0 -9999.0 -9999.0 -9999.0 -9999.0
-9999.0 -9999.0 769.211434 668.098491 565.251091 460.889024 355.684328 250.466137 145.630221 40.102168 -70.609842 -175.205101 -265.243152 -329.063793 -362.515441 -368.063054 -365.329110 -360.873881 -356.432335 -352.525940 -175.737189 -11.324335 159.851928 336.876082 385.029360 298.764831 210.530053 120.991583 30.603294 -59.976201 -147.811391 -225.869918 -284.532459 -320.358338 -338.317460 -345.255680 -345.321569 -331.853564 -285.765674 -361.636020 -434.776875 -378.372734 -2740.455174 -3985.045177 -3985.148514 -3985.148515 -3985.148515 -3985.148515 -3985.148515 -3985.148515 -3985.148515 -3985.148515 -3985.148514 -3985.148514 -3985.148512 -3985.148505 -3985.148481 -3985.148378 -3985.147898 -3985.145345 -3984.931325 -2604.430296 -340.002068 -367.977921 -322.893784 -333.871497 -342.069338 -347.151549 -350.276389 -352.255340 -353.515710 -354.346633 -354.914067 -355.311055 -355.565531 -355.722631 -355.807743 -355.852888 -355.879283 -355.899027 -355.919750 -355.946305 -355.984113 -356.042343 -356.132995 -356.275482 -356.500051 -356.854039 -357.412083 -358.290704 -359.671266 -361.833703 -365.204564 -370.422013 -378.415665 -390.490031 -408.385333 -434.287716 -471.007994 -526.028666 -644.613017 -1038.678327 -9999.0 -9999.0
-9999.0 -9999.0 769.268933 668.123906 565.260720 460.892582 355.685660 250.466646 145.630419 40.102247 -70.609811 -175.205089 -265.243148 -329.063792 -362.515440 -368.063054 -365.329110 -360.873881 -356.432335 -352.525940 -175.737189 -11.324335 159.851928 336.876082 385.029360 298.764831 210.530053 120.991583 30.603294 -59.976201 -147.811391 -225.869918 -284.532459 -320.358338 -338.317460 -345.255680 -345.321569 -331.853564 -285.765675 -361.636022 -434.776875 -378.372733 -2740.455173 -3985.045177 -3985.148514 -3985.148515 -3985.148515 -3985.148515 -3985.148515 -3985.148515 -3985.148515 -3985.148515 -3985.148514 -3985.148514 -3985.148512 -3985.148505 -3985.148481 -3985.148378 -3985.147898 -3985.145345 -3984.931325 -2604.430296 -340.002066 -367.977920 -322.893784 -333.871497 -342.069338 -347.151549 -350.276389 -352.255340 -353.515710 -354.346633 -354.914067 -355.311055 -355.565531 -355.722631 -355.807743 -355.852888 -355.879283 -355.899027 -355.919750 -355.946305 -355.984113 -356.042343 -356.132995 -356.275482 -356.500051 -356.854039 -357.412083 -358.290704 -359.671266 -361.833703 -365.204564 -370.422013 -378.415665 -390.490031 -408.385333 -434.287716 -471.007994 -526.028666 -644.613017 -1038.678327 -9999.0 -9999.0
-9999.0 -9999.0 769.302549 668.141718 565.268488 460.895726 355.686903 250.467136 145.630613 40.102324 -70.609781 -175.205078 -265.243144 -329.063790 -362.515440 -368.063054 -365.329110 -360.873881 -356.432335 -352.525940 -175.737189 -11.324335 159.851928 336.876082 385.029360 298.764831 210.530053 120.991583 30.603294 -59.976201 -147.811391 -225.869918 -284.532459 -320.358338 -338.317460 -345.255680 -345.321569 -331.853563 -285.765676 -361.636023 -434.776875 -378.372732 -2740.455173 -3985.045177 -3985.148514 -3985.148515 -3985.148515 -3985.148515 -3985.148515 -3985.148515 -3985.148515 -3985.148515 -3985.148514 -3985.148514 -3985.148512 -3985.148505 -3985.148481 -3985.148378 -3985.147898 -3985.145345 -3984.931325 -2604.430296 -340.002067 -367.977920 -322.893784 -333.871497 -342.069338 -347.151549 -350.276389 -352.255340 -353.515710 -354.346633 -354.914067 -355.311055 -355.565531 -355.722631 -355.807743 -355.852888 -355.879283 -355.899027 -355.919750 -355.946305 -355.984113 -356.042343 -356.132995 -356.275482 -356.500051 -356.854039 -357.412083 -358.290704 -359.671266 -361.833703 -365.204564 -370.422013 -378.415665 -390.490031 -408.385333 -434.287716 -471.007994 -526.028666 -644.613017 -1038.678326 -9999.0 -9999.0
-9999.0 -9999.0 769.302549 668.141718 565.268488 460.895726 355.686903 250.467136 145.630613 40.102324 -70.609781 -175.205078 -265.243144 -329.063790 -362.515440 -368.063054 -365.329110 -360.873881 -356.432335 -352.525940 -175.737189 -11.324335 159.851928 336.876082 385.029360 298.764831 210.530053 120.991583 30.603294 -59.976201 -147.811391 -225.869918 -284.532459 -320.358338 -338.317460 -345.255680 -345.321569 -331.853563 -285.765676 -361.636023 -434.776875 -378.372732 -2740.455173 -3985.045177 -3985.148514 -3985.148515 -3985.148515 -3985.148515 -3985.148515 -3985.148515 -3985.148515 -3985.148515 -3985.148514 -3985.148514 -3985.148512 -3985.148505 -3985.148481 -3985.148378 -3985.147898 -3985.145345 -3984.931325 -2604.430296 -340.002066 -367.977919 -322.893784 -333.871497 -342.069338 -347.151549 -350.276389 -352.255340 -353.515710 -354.346633 -354.914067 -355.311055 -355.565531 -355.722631 -355.807743 -355.852888 -355.879283 -355.899027 -355.919750 -355.946305 -355.984113 -356.042343 -356.132995 -356.275482 -356.500051 -356.854039 -357.412083 -358.290704 -359.671266 -361.833703 -365.204564 -370.422013 -378.415665 -390.490031 -408.385333 -434.287716 -471.007994 -526.028666 -644.613017 -1038.678327 -9999.0 -9999.0
-9999.0 -9999.0 769.268933 668.123906 565.260720 460.892582 355.685660 250.466646 145.630419 40.102247 -70.609811 -175.205089 -265.243148 -329.063792 -362.515440 -368.063054 -365.329110 -360.873881 -356.432335 -352.525940 -175.737189 -11.324335 159.851928 336.876082 385.029360 298.764831 210.530053 120.991583 30.603294 -59.976201 -147.811391 -225.869918 -284.532459 -320.358338 -338.317460 -345.255680 -345.321569 -331.853564 -285.765675 -361.636022 -434.776875 -378.372733 -2740.455173 -3985.045177 -3985.148514 -3985.148515 -3985.148515 -3985.148515 -3985.148515 -3985.148515 -3985.148515 -3985.148515 -3985.148514 -3985.148514 -3985.148512 -3985.148505 -3985.148481 -3985.148378 -3985.147898 -3985.145345 -3984.931325 -2604.430296 -340.002062 -367.977918 -322.893784 -333.871497 -342.069338 -347.151549 -350.276389 -352.255340 -353.515710 -354.346633 -354.914067 -355.311055 -355.565531 -355.722631 -355.807743 -355.852888 -355.879283 -355.899027 -355.919750 -355.946305 -355.984113 -356.042343 -356.132995 -356.275482 -356.500051 -356.854039 -357.412083 -358.290704 -359.671266 -361.833703 -365.204564 -370.422013 -378.415665 -390.490031 -408.385333 -434.287716 -471.007994 -526.028666 -644.613017 -1038.678327 -9999.0 -9999.0
-9999.0 -9999.0 769.211434 668.098491 565.251091 460.889024 355.684328 250.466137 145.630221 40.102168 -70.609842 -175.205101 -265.243152 -329.063793 -362.515441 -368.063054 -365.329110 -360.873881 -356.432335 -352.525940 -175.737189 -11.324335 159.851928 336.876082 385.029360 298.764831 210.530053 120.991583 30.603294 -59.976201 -147.811391 -225.869918 -284.532459 -320.358338 -338.317460 -345.255680 -345.321569 -331.853564 -285.765674 -361.636020 -434.776875 -378.372734 -2740.455174 -3985.045177 -3985.148514 -3985.148515 -3985.148515 -3985.148515 -3985.148515 -3985.148515 -3985.148515 -3985.148515 -3985.148514 -3985.148514 -3985.148512 -3985.148505 -3985.148481 -3985.148378 -3985.147898 -3985.145345 -3984.931325 -2604.430296 -340.002060 -367.977917 -322.893784 -333.871497 -342.069338 -347.151549 -350.276389 -352.255340 -353.515710 -354.346633 -354.914067 -355.311055 -355.565531 -355.722631 -355.807743 -355.852888 -355.879283 -355.899027 -355.919750 -355.946305 -355.984113 -356.042343 -356.132995 -356.275482 -356.500051 -356.854039 -357.412083 -358.290704 -359.671266 -361.833703 -365.204564 -370.422013 -378.415665 -390.490031 -408.385333 -434.287716 -471.007994 -526.028666 -644.613017 -1038.678328 -9999.0 -9999.0
-9999.0 -9999.0 -9999.0 -9999.0 -9999.0 -9999.0 -9999.0 -9999.0 -9999.0 -9999.0 -9999.0 -9999.0 -9999.0 -9999.0 -9999.0 -9999.0 -9999.0 -9999.0 -9999.0 -9999.0 -9999.0 -9999.0 -9999.0 -9999.0 -9999.0 -9999.0 -9999.0 -9999.0 -9999.0 -9999.0 -9999.0 -9999.0 -9999.0 -9999.0 -9999.0 -9999.0 -9999.0 -9999.0 -9999.0 -9999.0 -9999.0 -9999.0 -9999.0 -9999.0 -9999.0 -9999.0 -9999.0 -9999.0 -9999.0 -9999.0 -9999.0 -9999.0 -9999.0 -9999.0 -9999.0 -9999.0 -9999.0 -9999.0 -9999.0 -9999.0 -9999.0 -9999.0 -9999.0 -9999.0 -9999.0 -9999.0 -9999.0 -9999.0 -9999.0 -9999.0 -9999.0 -9999.0 -9999.0 -9999.0 -9999.0 -9999.0 -9999.0 -9999.0 -9999.0 -9999.0 -9999.0 -9999.0 -9999.0 -9999.0 -9999.0 -9999.0 -9999.0 -9999.0 -9999.0 -9999.0 -9999.0 -9999.0 -9999.0 -9999.0 -9999.0 -9999.0 -9999.0 -9999.0 -9999.0 -9999.0 -9999.0 -9999.0 -9999.0 -9999.0
-9999.0 -9999.0 -9999.0 -9999.0 -9999.0 -9999.0 -9999.0 -9999.0 -9999.0 -9999.0 -9999.0 -9999.0 -9999.0 -9999.0 -9999.0 -9999.0 -9999.0 -9999.0 -9999.0 -9999.0 -9999.0 -9999.0 -9999.0 -9999.0 -9999.0 -9999.0 -9999.0 -9999.0 -9999.0 -9999.0 -9999.0 -9999.0 -9999.0 -9999.0 -9999.0 -9999.0 -9999.0 -9999.0 -9999.0 -9999.0 -9999.0 -9999.0 -9999.0 -9999.0 -9999.0 -9999.0 -9999.0 -9999.0 -9999.0 -9999.0 -9999.0 -9999.0 -9999.0 -9999.0 -9999.0 -9999.0 -9999.0 -9999.0 -9999.0 -9999.0 -9999.0 -9999.0 -9999.0 -9999.0 -9999.0 -9999.0 -9999.0 -9999.0 -9999.0 -9999.0 -9999.0 -9999.0 -9999.0 -9999.0 -9999.0 -9999.0 -9999.0 -9999.0 -9999.0 -9999.0 -9999.0 -9999.0 -9999.0 -9999.0 -9999.0 -9999.0 -9999.0 -9999.0 -9999.0 -9999.0 -9999.0 -9999.0 -9999.0 -9999.0 -9999.0 -9999.0 -9999.0 -9999.0 -9999.0 -9999.0 -9999.0 -9999.0 -9999.0 -9999.0