inst/processing_geotop_simulation/geotop_simulation/out/maps3D/PwL0009N0409.asc
ncols         104
nrows         10
xllcorner     -2.000000
yllcorner     0.000000
cellsize      1.000000
NODATA_value  -9999.0
-9999.0 -9999.0 -9999.0 -9999.0 -9999.0 -9999.0 -9999.0 -9999.0 -9999.0 -9999.0 -9999.0 -9999.0 -9999.0 -9999.0 -9999.0 -9999.0 -9999.0 -9999.0 -9999.0 -9999.0 -9999.0 -9999.0 -9999.0 -9999.0 -9999.0 -9999.0 -9999.0 -9999.0 -9999.0 -9999.0 -9999.0 -9999.0 -9999.0 -9999.0 -9999.0 -9999.0 -9999.0 -9999.0 -9999.0 -9999.0 -9999.0 -9999.0 -9999.0 -9999.0 -9999.0 -9999.0 -9999.0 -9999.0 -9999.0 -9999.0 -9999.0 -9999.0 -9999.0 -9999.0 -9999.0 -9999.0 -9999.0 -9999.0 -9999.0 -9999.0 -9999.0 -9999.0 -9999.0 -9999.0 -9999.0 -9999.0 -9999.0 -9999.0 -9999.0 -9999.0 -9999.0 -9999.0 -9999.0 -9999.0 -9999.0 -9999.0 -9999.0 -9999.0 -9999.0 -9999.0 -9999.0 -9999.0 -9999.0 -9999.0 -9999.0 -9999.0 -9999.0 -9999.0 -9999.0 -9999.0 -9999.0 -9999.0 -9999.0 -9999.0 -9999.0 -9999.0 -9999.0 -9999.0 -9999.0 -9999.0 -9999.0 -9999.0 -9999.0 -9999.0
-9999.0 -9999.0 -9999.0 -9999.0 -9999.0 -9999.0 -9999.0 -9999.0 -9999.0 -9999.0 -9999.0 -9999.0 -9999.0 -9999.0 -9999.0 -9999.0 -9999.0 -9999.0 -9999.0 -9999.0 -9999.0 -9999.0 -9999.0 -9999.0 -9999.0 -9999.0 -9999.0 -9999.0 -9999.0 -9999.0 -9999.0 -9999.0 -9999.0 -9999.0 -9999.0 -9999.0 -9999.0 -9999.0 -9999.0 -9999.0 -9999.0 -9999.0 -9999.0 -9999.0 -9999.0 -9999.0 -9999.0 -9999.0 -9999.0 -9999.0 -9999.0 -9999.0 -9999.0 -9999.0 -9999.0 -9999.0 -9999.0 -9999.0 -9999.0 -9999.0 -9999.0 -9999.0 -9999.0 -9999.0 -9999.0 -9999.0 -9999.0 -9999.0 -9999.0 -9999.0 -9999.0 -9999.0 -9999.0 -9999.0 -9999.0 -9999.0 -9999.0 -9999.0 -9999.0 -9999.0 -9999.0 -9999.0 -9999.0 -9999.0 -9999.0 -9999.0 -9999.0 -9999.0 -9999.0 -9999.0 -9999.0 -9999.0 -9999.0 -9999.0 -9999.0 -9999.0 -9999.0 -9999.0 -9999.0 -9999.0 -9999.0 -9999.0 -9999.0 -9999.0
-9999.0 -9999.0 423.064288 324.663388 225.712986 126.525874 27.241214 -72.080608 -171.414547 -270.745777 -370.058735 -469.330849 -568.517077 -667.527910 -766.417733 -865.339356 -964.164918 -1062.884084 -1161.139434 -1258.200165 -1353.345814 -1444.850266 -1530.160318 -1606.542897 -1671.984576 -1725.713901 -1768.175732 -1800.659075 -1824.849342 -1842.474424 -1855.092763 -1864.001322 -1870.221749 -1874.527865 -1877.489709 -1879.521512 -1880.934656 -1882.029149 -1883.342075 -1886.096687 -1889.647112 -1857.457026 -1281.590866 -1382.236959 -1351.261269 -1330.741159 -1321.273054 -1319.902096 -1319.757317 -1319.770050 -1319.805152 -1319.842959 -1319.879295 -1319.912943 -1319.944219 -1319.981022 -1320.098380 -1320.900232 -1325.860856 -1336.977394 -1349.557330 -1234.107001 -1824.471447 -1882.607871 -1884.851626 -1884.163098 -1883.934205 -1883.887308 -1883.879493 -1883.878679 -1883.878986 -1883.879398 -1883.879750 -1883.880030 -1883.880252 -1883.880431 -1883.880580 -1883.880706 -1883.880817 -1883.880921 -1883.881026 -1883.881141 -1883.881280 -1883.881463 -1883.881720 -1883.882100 -1883.882681 -1883.883597 -1883.885075 -1883.887525 -1883.891698 -1883.899025 -1883.912310 -1883.937161 -1883.985099 -1884.080665 -1884.279091 -1884.713923 -1885.735213 -1888.352442 -1895.854592 -1920.556822 -9999.0 -9999.0
-9999.0 -9999.0 423.070319 324.664991 225.713425 126.526006 27.241256 -72.080593 -171.414541 -270.745775 -370.058734 -469.330848 -568.517077 -667.527911 -766.417733 -865.339356 -964.164918 -1062.884084 -1161.139434 -1258.200165 -1353.345815 -1444.850267 -1530.160318 -1606.542897 -1671.984576 -1725.713901 -1768.175732 -1800.659075 -1824.849342 -1842.474424 -1855.092763 -1864.001322 -1870.221749 -1874.527865 -1877.489709 -1879.521512 -1880.934656 -1882.029149 -1883.342075 -1886.096687 -1889.647112 -1857.457026 -1281.590866 -1382.236959 -1351.261268 -1330.741159 -1321.273054 -1319.902096 -1319.757317 -1319.770050 -1319.805152 -1319.842959 -1319.879295 -1319.912943 -1319.944219 -1319.981022 -1320.098380 -1320.900232 -1325.860856 -1336.977394 -1349.557330 -1234.107001 -1824.471447 -1882.607871 -1884.851626 -1884.163098 -1883.934205 -1883.887308 -1883.879493 -1883.878679 -1883.878986 -1883.879398 -1883.879750 -1883.880030 -1883.880252 -1883.880431 -1883.880580 -1883.880706 -1883.880817 -1883.880921 -1883.881026 -1883.881141 -1883.881280 -1883.881463 -1883.881720 -1883.882100 -1883.882681 -1883.883597 -1883.885075 -1883.887525 -1883.891698 -1883.899025 -1883.912310 -1883.937161 -1883.985099 -1884.080665 -1884.279091 -1884.713923 -1885.735213 -1888.352442 -1895.854592 -1920.556822 -9999.0 -9999.0
-9999.0 -9999.0 423.071654 324.665698 225.713708 126.526110 27.241293 -72.080580 -171.414537 -270.745773 -370.058734 -469.330848 -568.517077 -667.527910 -766.417733 -865.339357 -964.164918 -1062.884084 -1161.139435 -1258.200166 -1353.345815 -1444.850267 -1530.160318 -1606.542897 -1671.984576 -1725.713901 -1768.175732 -1800.659075 -1824.849342 -1842.474424 -1855.092763 -1864.001322 -1870.221749 -1874.527865 -1877.489709 -1879.521512 -1880.934656 -1882.029149 -1883.342075 -1886.096687 -1889.647112 -1857.457026 -1281.590866 -1382.236959 -1351.261268 -1330.741159 -1321.273054 -1319.902096 -1319.757317 -1319.770050 -1319.805152 -1319.842959 -1319.879295 -1319.912943 -1319.944219 -1319.981022 -1320.098380 -1320.900232 -1325.860856 -1336.977394 -1349.557330 -1234.107001 -1824.471447 -1882.607871 -1884.851626 -1884.163098 -1883.934205 -1883.887308 -1883.879493 -1883.878679 -1883.878986 -1883.879398 -1883.879750 -1883.880030 -1883.880252 -1883.880431 -1883.880580 -1883.880706 -1883.880817 -1883.880921 -1883.881026 -1883.881141 -1883.881280 -1883.881463 -1883.881720 -1883.882100 -1883.882681 -1883.883597 -1883.885075 -1883.887525 -1883.891698 -1883.899025 -1883.912310 -1883.937161 -1883.985099 -1884.080665 -1884.279091 -1884.713923 -1885.735213 -1888.352442 -1895.854592 -1920.556822 -9999.0 -9999.0
-9999.0 -9999.0 423.071654 324.665698 225.713708 126.526110 27.241293 -72.080580 -171.414536 -270.745773 -370.058734 -469.330848 -568.517077 -667.527911 -766.417733 -865.339357 -964.164918 -1062.884084 -1161.139435 -1258.200166 -1353.345815 -1444.850267 -1530.160318 -1606.542897 -1671.984576 -1725.713901 -1768.175732 -1800.659075 -1824.849342 -1842.474424 -1855.092763 -1864.001322 -1870.221749 -1874.527865 -1877.489709 -1879.521512 -1880.934656 -1882.029149 -1883.342075 -1886.096687 -1889.647112 -1857.457026 -1281.590866 -1382.236959 -1351.261268 -1330.741159 -1321.273054 -1319.902096 -1319.757317 -1319.770050 -1319.805152 -1319.842959 -1319.879295 -1319.912943 -1319.944219 -1319.981022 -1320.098380 -1320.900232 -1325.860856 -1336.977394 -1349.557330 -1234.107001 -1824.471447 -1882.607871 -1884.851626 -1884.163098 -1883.934205 -1883.887308 -1883.879493 -1883.878679 -1883.878986 -1883.879398 -1883.879750 -1883.880030 -1883.880252 -1883.880431 -1883.880580 -1883.880706 -1883.880817 -1883.880921 -1883.881026 -1883.881141 -1883.881280 -1883.881463 -1883.881720 -1883.882100 -1883.882681 -1883.883597 -1883.885075 -1883.887525 -1883.891698 -1883.899025 -1883.912310 -1883.937161 -1883.985099 -1884.080665 -1884.279091 -1884.713923 -1885.735213 -1888.352442 -1895.854592 -1920.556822 -9999.0 -9999.0
-9999.0 -9999.0 423.070319 324.664991 225.713425 126.526006 27.241256 -72.080593 -171.414541 -270.745775 -370.058734 -469.330848 -568.517077 -667.527910 -766.417733 -865.339356 -964.164918 -1062.884084 -1161.139434 -1258.200165 -1353.345815 -1444.850267 -1530.160318 -1606.542897 -1671.984576 -1725.713901 -1768.175732 -1800.659075 -1824.849342 -1842.474424 -1855.092763 -1864.001322 -1870.221749 -1874.527865 -1877.489709 -1879.521512 -1880.934656 -1882.029149 -1883.342075 -1886.096687 -1889.647112 -1857.457026 -1281.590866 -1382.236959 -1351.261268 -1330.741159 -1321.273054 -1319.902096 -1319.757317 -1319.770050 -1319.805152 -1319.842959 -1319.879295 -1319.912943 -1319.944219 -1319.981022 -1320.098380 -1320.900232 -1325.860856 -1336.977394 -1349.557330 -1234.107001 -1824.471447 -1882.607871 -1884.851626 -1884.163098 -1883.934205 -1883.887308 -1883.879493 -1883.878679 -1883.878986 -1883.879398 -1883.879750 -1883.880030 -1883.880252 -1883.880431 -1883.880580 -1883.880706 -1883.880817 -1883.880921 -1883.881026 -1883.881141 -1883.881280 -1883.881463 -1883.881720 -1883.882100 -1883.882681 -1883.883597 -1883.885075 -1883.887525 -1883.891698 -1883.899025 -1883.912310 -1883.937161 -1883.985099 -1884.080665 -1884.279091 -1884.713923 -1885.735213 -1888.352442 -1895.854592 -1920.556822 -9999.0 -9999.0
-9999.0 -9999.0 423.064288 324.663388 225.712986 126.525874 27.241214 -72.080608 -171.414547 -270.745777 -370.058735 -469.330849 -568.517077 -667.527911 -766.417733 -865.339356 -964.164918 -1062.884084 -1161.139434 -1258.200165 -1353.345814 -1444.850266 -1530.160318 -1606.542897 -1671.984576 -1725.713901 -1768.175732 -1800.659075 -1824.849342 -1842.474424 -1855.092763 -1864.001322 -1870.221749 -1874.527865 -1877.489709 -1879.521512 -1880.934656 -1882.029149 -1883.342075 -1886.096687 -1889.647112 -1857.457026 -1281.590866 -1382.236959 -1351.261269 -1330.741159 -1321.273054 -1319.902096 -1319.757317 -1319.770050 -1319.805152 -1319.842959 -1319.879295 -1319.912943 -1319.944219 -1319.981022 -1320.098380 -1320.900232 -1325.860856 -1336.977394 -1349.557330 -1234.107001 -1824.471447 -1882.607871 -1884.851626 -1884.163098 -1883.934205 -1883.887308 -1883.879493 -1883.878679 -1883.878986 -1883.879398 -1883.879750 -1883.880030 -1883.880252 -1883.880431 -1883.880580 -1883.880706 -1883.880817 -1883.880921 -1883.881026 -1883.881141 -1883.881280 -1883.881463 -1883.881720 -1883.882100 -1883.882681 -1883.883597 -1883.885075 -1883.887525 -1883.891698 -1883.899025 -1883.912310 -1883.937161 -1883.985099 -1884.080665 -1884.279091 -1884.713923 -1885.735213 -1888.352442 -1895.854592 -1920.556822 -9999.0 -9999.0
-9999.0 -9999.0 -9999.0 -9999.0 -9999.0 -9999.0 -9999.0 -9999.0 -9999.0 -9999.0 -9999.0 -9999.0 -9999.0 -9999.0 -9999.0 -9999.0 -9999.0 -9999.0 -9999.0 -9999.0 -9999.0 -9999.0 -9999.0 -9999.0 -9999.0 -9999.0 -9999.0 -9999.0 -9999.0 -9999.0 -9999.0 -9999.0 -9999.0 -9999.0 -9999.0 -9999.0 -9999.0 -9999.0 -9999.0 -9999.0 -9999.0 -9999.0 -9999.0 -9999.0 -9999.0 -9999.0 -9999.0 -9999.0 -9999.0 -9999.0 -9999.0 -9999.0 -9999.0 -9999.0 -9999.0 -9999.0 -9999.0 -9999.0 -9999.0 -9999.0 -9999.0 -9999.0 -9999.0 -9999.0 -9999.0 -9999.0 -9999.0 -9999.0 -9999.0 -9999.0 -9999.0 -9999.0 -9999.0 -9999.0 -9999.0 -9999.0 -9999.0 -9999.0 -9999.0 -9999.0 -9999.0 -9999.0 -9999.0 -9999.0 -9999.0 -9999.0 -9999.0 -9999.0 -9999.0 -9999.0 -9999.0 -9999.0 -9999.0 -9999.0 -9999.0 -9999.0 -9999.0 -9999.0 -9999.0 -9999.0 -9999.0 -9999.0 -9999.0 -9999.0
-9999.0 -9999.0 -9999.0 -9999.0 -9999.0 -9999.0 -9999.0 -9999.0 -9999.0 -9999.0 -9999.0 -9999.0 -9999.0 -9999.0 -9999.0 -9999.0 -9999.0 -9999.0 -9999.0 -9999.0 -9999.0 -9999.0 -9999.0 -9999.0 -9999.0 -9999.0 -9999.0 -9999.0 -9999.0 -9999.0 -9999.0 -9999.0 -9999.0 -9999.0 -9999.0 -9999.0 -9999.0 -9999.0 -9999.0 -9999.0 -9999.0 -9999.0 -9999.0 -9999.0 -9999.0 -9999.0 -9999.0 -9999.0 -9999.0 -9999.0 -9999.0 -9999.0 -9999.0 -9999.0 -9999.0 -9999.0 -9999.0 -9999.0 -9999.0 -9999.0 -9999.0 -9999.0 -9999.0 -9999.0 -9999.0 -9999.0 -9999.0 -9999.0 -9999.0 -9999.0 -9999.0 -9999.0 -9999.0 -9999.0 -9999.0 -9999.0 -9999.0 -9999.0 -9999.0 -9999.0 -9999.0 -9999.0 -9999.0 -9999.0 -9999.0 -9999.0 -9999.0 -9999.0 -9999.0 -9999.0 -9999.0 -9999.0 -9999.0 -9999.0 -9999.0 -9999.0 -9999.0 -9999.0 -9999.0 -9999.0 -9999.0 -9999.0 -9999.0 -9999.0