inst/processing_geotop_simulation/geotop_simulation/out/maps3D/PwL0000N0405.asc
ncols         104
nrows         10
xllcorner     -2.000000
yllcorner     0.000000
cellsize      1.000000
NODATA_value  -9999.0
-9999.0 -9999.0 -9999.0 -9999.0 -9999.0 -9999.0 -9999.0 -9999.0 -9999.0 -9999.0 -9999.0 -9999.0 -9999.0 -9999.0 -9999.0 -9999.0 -9999.0 -9999.0 -9999.0 -9999.0 -9999.0 -9999.0 -9999.0 -9999.0 -9999.0 -9999.0 -9999.0 -9999.0 -9999.0 -9999.0 -9999.0 -9999.0 -9999.0 -9999.0 -9999.0 -9999.0 -9999.0 -9999.0 -9999.0 -9999.0 -9999.0 -9999.0 -9999.0 -9999.0 -9999.0 -9999.0 -9999.0 -9999.0 -9999.0 -9999.0 -9999.0 -9999.0 -9999.0 -9999.0 -9999.0 -9999.0 -9999.0 -9999.0 -9999.0 -9999.0 -9999.0 -9999.0 -9999.0 -9999.0 -9999.0 -9999.0 -9999.0 -9999.0 -9999.0 -9999.0 -9999.0 -9999.0 -9999.0 -9999.0 -9999.0 -9999.0 -9999.0 -9999.0 -9999.0 -9999.0 -9999.0 -9999.0 -9999.0 -9999.0 -9999.0 -9999.0 -9999.0 -9999.0 -9999.0 -9999.0 -9999.0 -9999.0 -9999.0 -9999.0 -9999.0 -9999.0 -9999.0 -9999.0 -9999.0 -9999.0 -9999.0 -9999.0 -9999.0 -9999.0
-9999.0 -9999.0 -9999.0 -9999.0 -9999.0 -9999.0 -9999.0 -9999.0 -9999.0 -9999.0 -9999.0 -9999.0 -9999.0 -9999.0 -9999.0 -9999.0 -9999.0 -9999.0 -9999.0 -9999.0 -9999.0 -9999.0 -9999.0 -9999.0 -9999.0 -9999.0 -9999.0 -9999.0 -9999.0 -9999.0 -9999.0 -9999.0 -9999.0 -9999.0 -9999.0 -9999.0 -9999.0 -9999.0 -9999.0 -9999.0 -9999.0 -9999.0 -9999.0 -9999.0 -9999.0 -9999.0 -9999.0 -9999.0 -9999.0 -9999.0 -9999.0 -9999.0 -9999.0 -9999.0 -9999.0 -9999.0 -9999.0 -9999.0 -9999.0 -9999.0 -9999.0 -9999.0 -9999.0 -9999.0 -9999.0 -9999.0 -9999.0 -9999.0 -9999.0 -9999.0 -9999.0 -9999.0 -9999.0 -9999.0 -9999.0 -9999.0 -9999.0 -9999.0 -9999.0 -9999.0 -9999.0 -9999.0 -9999.0 -9999.0 -9999.0 -9999.0 -9999.0 -9999.0 -9999.0 -9999.0 -9999.0 -9999.0 -9999.0 -9999.0 -9999.0 -9999.0 -9999.0 -9999.0 -9999.0 -9999.0 -9999.0 -9999.0 -9999.0 -9999.0
-9999.0 -9999.0 0.027649 -96.171506 -195.030872 -294.186574 -393.450388 -492.752445 -592.057568 -691.338142 -790.554152 -889.677112 -988.681651 -1087.533456 -1186.341356 -1285.075107 -1383.464827 -1481.283645 -1578.105314 -1673.112752 -1764.761788 -1850.423031 -1926.816637 -1991.352348 -2043.143317 -2082.970457 -2112.605561 -2134.118609 -2149.446036 -2160.208415 -2167.678075 -2172.814116 -2176.319216 -2178.697305 -2180.304283 -2181.391066 -2182.146063 -2182.770871 -2183.701989 -2185.957718 -2186.861531 -2120.541018 -1314.249050 -1310.347104 -1300.476548 -1293.960832 -1290.892574 -1290.406379 -1290.353078 -1290.357667 -1290.370613 -1290.384591 -1290.398035 -1290.410491 -1290.422101 -1290.436023 -1290.481296 -1290.777707 -1292.430790 -1296.069423 -1300.939718 -1297.694180 -2096.581214 -2181.062679 -2184.526036 -2183.924540 -2183.715562 -2183.673645 -2183.666846 -2183.666222 -2183.666567 -2183.666987 -2183.667338 -2183.667612 -2183.667825 -2183.667994 -2183.668129 -2183.668241 -2183.668338 -2183.668425 -2183.668513 -2183.668611 -2183.668732 -2183.668898 -2183.669139 -2183.669505 -2183.670077 -2183.670990 -2183.672478 -2183.674954 -2183.679182 -2183.686611 -2183.700068 -2183.725189 -2183.773480 -2183.869185 -2184.066125 -2184.492691 -2185.482360 -2187.994938 -2195.189782 -2219.207581 -9999.0 -9999.0
-9999.0 -9999.0 0.083995 -96.169640 -195.030406 -294.186438 -393.450345 -492.752430 -592.057562 -691.338140 -790.554151 -889.677112 -988.681651 -1087.533456 -1186.341356 -1285.075108 -1383.464827 -1481.283645 -1578.105315 -1673.112752 -1764.761789 -1850.423031 -1926.816637 -1991.352348 -2043.143317 -2082.970457 -2112.605561 -2134.118609 -2149.446036 -2160.208415 -2167.678075 -2172.814116 -2176.319216 -2178.697305 -2180.304283 -2181.391066 -2182.146063 -2182.770871 -2183.701989 -2185.957718 -2186.861531 -2120.541018 -1314.249050 -1310.347104 -1300.476548 -1293.960832 -1290.892574 -1290.406379 -1290.353078 -1290.357667 -1290.370613 -1290.384591 -1290.398035 -1290.410491 -1290.422101 -1290.436023 -1290.481296 -1290.777707 -1292.430790 -1296.069423 -1300.939718 -1297.694180 -2096.581214 -2181.062679 -2184.526036 -2183.924540 -2183.715562 -2183.673645 -2183.666846 -2183.666222 -2183.666567 -2183.666987 -2183.667338 -2183.667612 -2183.667825 -2183.667994 -2183.668129 -2183.668241 -2183.668338 -2183.668425 -2183.668513 -2183.668611 -2183.668732 -2183.668898 -2183.669139 -2183.669505 -2183.670077 -2183.670990 -2183.672478 -2183.674954 -2183.679182 -2183.686611 -2183.700068 -2183.725189 -2183.773480 -2183.869185 -2184.066125 -2184.492691 -2185.482360 -2187.994938 -2195.189782 -2219.207581 -9999.0 -9999.0
-9999.0 -9999.0 0.084012 -96.168892 -195.030112 -294.186332 -393.450307 -492.752417 -592.057557 -691.338138 -790.554150 -889.677112 -988.681650 -1087.533456 -1186.341356 -1285.075108 -1383.464827 -1481.283645 -1578.105315 -1673.112752 -1764.761789 -1850.423031 -1926.816638 -1991.352348 -2043.143317 -2082.970457 -2112.605561 -2134.118609 -2149.446036 -2160.208415 -2167.678075 -2172.814116 -2176.319216 -2178.697305 -2180.304283 -2181.391066 -2182.146063 -2182.770871 -2183.701989 -2185.957718 -2186.861531 -2120.541018 -1314.249050 -1310.347104 -1300.476548 -1293.960832 -1290.892574 -1290.406379 -1290.353078 -1290.357667 -1290.370613 -1290.384591 -1290.398035 -1290.410491 -1290.422101 -1290.436023 -1290.481296 -1290.777707 -1292.430790 -1296.069423 -1300.939718 -1297.694180 -2096.581214 -2181.062679 -2184.526036 -2183.924540 -2183.715562 -2183.673645 -2183.666846 -2183.666222 -2183.666567 -2183.666987 -2183.667338 -2183.667612 -2183.667825 -2183.667994 -2183.668129 -2183.668241 -2183.668338 -2183.668425 -2183.668513 -2183.668611 -2183.668732 -2183.668898 -2183.669139 -2183.669505 -2183.670077 -2183.670990 -2183.672478 -2183.674954 -2183.679182 -2183.686611 -2183.700068 -2183.725189 -2183.773480 -2183.869185 -2184.066125 -2184.492691 -2185.482360 -2187.994938 -2195.189782 -2219.207581 -9999.0 -9999.0
-9999.0 -9999.0 0.084012 -96.168892 -195.030112 -294.186332 -393.450307 -492.752417 -592.057557 -691.338138 -790.554150 -889.677112 -988.681650 -1087.533456 -1186.341356 -1285.075108 -1383.464827 -1481.283645 -1578.105315 -1673.112752 -1764.761789 -1850.423031 -1926.816638 -1991.352348 -2043.143317 -2082.970457 -2112.605561 -2134.118609 -2149.446036 -2160.208415 -2167.678075 -2172.814116 -2176.319216 -2178.697305 -2180.304283 -2181.391066 -2182.146063 -2182.770871 -2183.701989 -2185.957718 -2186.861531 -2120.541018 -1314.249050 -1310.347104 -1300.476548 -1293.960832 -1290.892574 -1290.406379 -1290.353078 -1290.357667 -1290.370613 -1290.384591 -1290.398035 -1290.410491 -1290.422101 -1290.436023 -1290.481296 -1290.777707 -1292.430790 -1296.069423 -1300.939718 -1297.694180 -2096.581214 -2181.062679 -2184.526036 -2183.924540 -2183.715562 -2183.673645 -2183.666846 -2183.666222 -2183.666567 -2183.666987 -2183.667338 -2183.667612 -2183.667825 -2183.667994 -2183.668129 -2183.668241 -2183.668338 -2183.668425 -2183.668513 -2183.668611 -2183.668732 -2183.668898 -2183.669139 -2183.669505 -2183.670077 -2183.670990 -2183.672478 -2183.674954 -2183.679182 -2183.686611 -2183.700068 -2183.725189 -2183.773480 -2183.869185 -2184.066125 -2184.492691 -2185.482360 -2187.994938 -2195.189782 -2219.207581 -9999.0 -9999.0
-9999.0 -9999.0 0.083995 -96.169640 -195.030406 -294.186438 -393.450345 -492.752430 -592.057562 -691.338140 -790.554151 -889.677112 -988.681651 -1087.533456 -1186.341356 -1285.075108 -1383.464827 -1481.283645 -1578.105315 -1673.112752 -1764.761789 -1850.423031 -1926.816637 -1991.352348 -2043.143317 -2082.970457 -2112.605561 -2134.118609 -2149.446036 -2160.208415 -2167.678075 -2172.814116 -2176.319216 -2178.697305 -2180.304283 -2181.391066 -2182.146063 -2182.770871 -2183.701989 -2185.957718 -2186.861531 -2120.541018 -1314.249050 -1310.347104 -1300.476548 -1293.960832 -1290.892574 -1290.406379 -1290.353078 -1290.357667 -1290.370613 -1290.384591 -1290.398035 -1290.410491 -1290.422101 -1290.436023 -1290.481296 -1290.777707 -1292.430790 -1296.069423 -1300.939718 -1297.694180 -2096.581214 -2181.062679 -2184.526036 -2183.924540 -2183.715562 -2183.673645 -2183.666846 -2183.666222 -2183.666567 -2183.666987 -2183.667338 -2183.667612 -2183.667825 -2183.667994 -2183.668129 -2183.668241 -2183.668338 -2183.668425 -2183.668513 -2183.668611 -2183.668732 -2183.668898 -2183.669139 -2183.669505 -2183.670077 -2183.670990 -2183.672478 -2183.674954 -2183.679182 -2183.686611 -2183.700068 -2183.725189 -2183.773480 -2183.869185 -2184.066125 -2184.492691 -2185.482360 -2187.994938 -2195.189782 -2219.207581 -9999.0 -9999.0
-9999.0 -9999.0 0.027649 -96.171506 -195.030872 -294.186574 -393.450388 -492.752445 -592.057568 -691.338142 -790.554152 -889.677112 -988.681651 -1087.533456 -1186.341356 -1285.075107 -1383.464826 -1481.283645 -1578.105314 -1673.112752 -1764.761788 -1850.423031 -1926.816637 -1991.352348 -2043.143317 -2082.970457 -2112.605561 -2134.118609 -2149.446036 -2160.208415 -2167.678075 -2172.814116 -2176.319216 -2178.697305 -2180.304283 -2181.391066 -2182.146063 -2182.770871 -2183.701989 -2185.957718 -2186.861531 -2120.541018 -1314.249050 -1310.347104 -1300.476548 -1293.960832 -1290.892574 -1290.406379 -1290.353078 -1290.357667 -1290.370613 -1290.384591 -1290.398035 -1290.410491 -1290.422101 -1290.436023 -1290.481296 -1290.777707 -1292.430790 -1296.069423 -1300.939718 -1297.694180 -2096.581214 -2181.062679 -2184.526036 -2183.924540 -2183.715562 -2183.673645 -2183.666846 -2183.666222 -2183.666567 -2183.666987 -2183.667338 -2183.667612 -2183.667825 -2183.667994 -2183.668129 -2183.668241 -2183.668338 -2183.668425 -2183.668513 -2183.668611 -2183.668732 -2183.668898 -2183.669139 -2183.669505 -2183.670077 -2183.670990 -2183.672478 -2183.674954 -2183.679182 -2183.686611 -2183.700068 -2183.725189 -2183.773480 -2183.869185 -2184.066125 -2184.492691 -2185.482360 -2187.994938 -2195.189782 -2219.207581 -9999.0 -9999.0
-9999.0 -9999.0 -9999.0 -9999.0 -9999.0 -9999.0 -9999.0 -9999.0 -9999.0 -9999.0 -9999.0 -9999.0 -9999.0 -9999.0 -9999.0 -9999.0 -9999.0 -9999.0 -9999.0 -9999.0 -9999.0 -9999.0 -9999.0 -9999.0 -9999.0 -9999.0 -9999.0 -9999.0 -9999.0 -9999.0 -9999.0 -9999.0 -9999.0 -9999.0 -9999.0 -9999.0 -9999.0 -9999.0 -9999.0 -9999.0 -9999.0 -9999.0 -9999.0 -9999.0 -9999.0 -9999.0 -9999.0 -9999.0 -9999.0 -9999.0 -9999.0 -9999.0 -9999.0 -9999.0 -9999.0 -9999.0 -9999.0 -9999.0 -9999.0 -9999.0 -9999.0 -9999.0 -9999.0 -9999.0 -9999.0 -9999.0 -9999.0 -9999.0 -9999.0 -9999.0 -9999.0 -9999.0 -9999.0 -9999.0 -9999.0 -9999.0 -9999.0 -9999.0 -9999.0 -9999.0 -9999.0 -9999.0 -9999.0 -9999.0 -9999.0 -9999.0 -9999.0 -9999.0 -9999.0 -9999.0 -9999.0 -9999.0 -9999.0 -9999.0 -9999.0 -9999.0 -9999.0 -9999.0 -9999.0 -9999.0 -9999.0 -9999.0 -9999.0 -9999.0
-9999.0 -9999.0 -9999.0 -9999.0 -9999.0 -9999.0 -9999.0 -9999.0 -9999.0 -9999.0 -9999.0 -9999.0 -9999.0 -9999.0 -9999.0 -9999.0 -9999.0 -9999.0 -9999.0 -9999.0 -9999.0 -9999.0 -9999.0 -9999.0 -9999.0 -9999.0 -9999.0 -9999.0 -9999.0 -9999.0 -9999.0 -9999.0 -9999.0 -9999.0 -9999.0 -9999.0 -9999.0 -9999.0 -9999.0 -9999.0 -9999.0 -9999.0 -9999.0 -9999.0 -9999.0 -9999.0 -9999.0 -9999.0 -9999.0 -9999.0 -9999.0 -9999.0 -9999.0 -9999.0 -9999.0 -9999.0 -9999.0 -9999.0 -9999.0 -9999.0 -9999.0 -9999.0 -9999.0 -9999.0 -9999.0 -9999.0 -9999.0 -9999.0 -9999.0 -9999.0 -9999.0 -9999.0 -9999.0 -9999.0 -9999.0 -9999.0 -9999.0 -9999.0 -9999.0 -9999.0 -9999.0 -9999.0 -9999.0 -9999.0 -9999.0 -9999.0 -9999.0 -9999.0 -9999.0 -9999.0 -9999.0 -9999.0 -9999.0 -9999.0 -9999.0 -9999.0 -9999.0 -9999.0 -9999.0 -9999.0 -9999.0 -9999.0 -9999.0 -9999.0