inst/processing_geotop_simulation/geotop_simulation/out/maps3D/PwL0019N0370.asc
ncols         104
nrows         10
xllcorner     -2.000000
yllcorner     0.000000
cellsize      1.000000
NODATA_value  -9999.0
-9999.0 -9999.0 -9999.0 -9999.0 -9999.0 -9999.0 -9999.0 -9999.0 -9999.0 -9999.0 -9999.0 -9999.0 -9999.0 -9999.0 -9999.0 -9999.0 -9999.0 -9999.0 -9999.0 -9999.0 -9999.0 -9999.0 -9999.0 -9999.0 -9999.0 -9999.0 -9999.0 -9999.0 -9999.0 -9999.0 -9999.0 -9999.0 -9999.0 -9999.0 -9999.0 -9999.0 -9999.0 -9999.0 -9999.0 -9999.0 -9999.0 -9999.0 -9999.0 -9999.0 -9999.0 -9999.0 -9999.0 -9999.0 -9999.0 -9999.0 -9999.0 -9999.0 -9999.0 -9999.0 -9999.0 -9999.0 -9999.0 -9999.0 -9999.0 -9999.0 -9999.0 -9999.0 -9999.0 -9999.0 -9999.0 -9999.0 -9999.0 -9999.0 -9999.0 -9999.0 -9999.0 -9999.0 -9999.0 -9999.0 -9999.0 -9999.0 -9999.0 -9999.0 -9999.0 -9999.0 -9999.0 -9999.0 -9999.0 -9999.0 -9999.0 -9999.0 -9999.0 -9999.0 -9999.0 -9999.0 -9999.0 -9999.0 -9999.0 -9999.0 -9999.0 -9999.0 -9999.0 -9999.0 -9999.0 -9999.0 -9999.0 -9999.0 -9999.0 -9999.0
-9999.0 -9999.0 -9999.0 -9999.0 -9999.0 -9999.0 -9999.0 -9999.0 -9999.0 -9999.0 -9999.0 -9999.0 -9999.0 -9999.0 -9999.0 -9999.0 -9999.0 -9999.0 -9999.0 -9999.0 -9999.0 -9999.0 -9999.0 -9999.0 -9999.0 -9999.0 -9999.0 -9999.0 -9999.0 -9999.0 -9999.0 -9999.0 -9999.0 -9999.0 -9999.0 -9999.0 -9999.0 -9999.0 -9999.0 -9999.0 -9999.0 -9999.0 -9999.0 -9999.0 -9999.0 -9999.0 -9999.0 -9999.0 -9999.0 -9999.0 -9999.0 -9999.0 -9999.0 -9999.0 -9999.0 -9999.0 -9999.0 -9999.0 -9999.0 -9999.0 -9999.0 -9999.0 -9999.0 -9999.0 -9999.0 -9999.0 -9999.0 -9999.0 -9999.0 -9999.0 -9999.0 -9999.0 -9999.0 -9999.0 -9999.0 -9999.0 -9999.0 -9999.0 -9999.0 -9999.0 -9999.0 -9999.0 -9999.0 -9999.0 -9999.0 -9999.0 -9999.0 -9999.0 -9999.0 -9999.0 -9999.0 -9999.0 -9999.0 -9999.0 -9999.0 -9999.0 -9999.0 -9999.0 -9999.0 -9999.0 -9999.0 -9999.0 -9999.0 -9999.0
-9999.0 -9999.0 919.567542 820.737232 721.796037 622.705140 523.533900 424.327068 325.109119 225.893387 126.687303 27.495653 -71.675267 -170.824906 -269.941790 -369.000781 -467.953473 -566.711103 -665.117463 -763.294022 -861.420037 -959.108596 -1056.140675 -1149.892757 -1236.564818 -1315.470615 -1384.804098 -1443.480987 -1491.323714 -1528.999024 -1557.766867 -1579.165910 -1594.745682 -1605.895775 -1613.769766 -1619.278098 -1623.129136 -1625.938995 -1628.553861 -1632.939115 -1643.762498 -1672.290200 -1870.499674 -3943.495936 -4034.625636 -4034.635502 -4034.199331 -4030.263084 -4014.622901 -3973.492091 -3891.552995 -3746.965326 -3609.287863 -3498.607497 -3381.820938 -3247.950283 -3094.844124 -2929.345528 -2763.082468 -2603.718726 -2413.225631 -1608.126864 -1628.799039 -1635.412084 -1632.975237 -1631.822401 -1631.536687 -1631.481424 -1631.472335 -1631.471380 -1631.471727 -1631.472207 -1631.472631 -1631.472983 -1631.473277 -1631.473529 -1631.473750 -1631.473950 -1631.474136 -1631.474316 -1631.474499 -1631.474696 -1631.474920 -1631.475192 -1631.475545 -1631.476028 -1631.476725 -1631.477774 -1631.479414 -1631.482073 -1631.486539 -1631.494320 -1631.508373 -1631.534653 -1631.585523 -1631.687745 -1631.902771 -1632.381547 -1633.520228 -1636.437200 -1644.621888 -1670.486369 -9999.0 -9999.0
-9999.0 -9999.0 919.570508 820.738349 721.796400 622.705259 523.533940 424.327082 325.109125 225.893389 126.687305 27.495653 -71.675267 -170.824906 -269.941790 -369.000781 -467.953474 -566.711103 -665.117463 -763.294022 -861.420037 -959.108596 -1056.140675 -1149.892758 -1236.564819 -1315.470615 -1384.804098 -1443.480987 -1491.323714 -1528.999024 -1557.766868 -1579.165910 -1594.745682 -1605.895775 -1613.769766 -1619.278098 -1623.129136 -1625.938995 -1628.553861 -1632.939115 -1643.762498 -1672.290200 -1870.499674 -3943.495936 -4034.625636 -4034.635502 -4034.199331 -4030.263084 -4014.622901 -3973.492091 -3891.552994 -3746.965325 -3609.287863 -3498.607497 -3381.820937 -3247.950282 -3094.844123 -2929.345528 -2763.082467 -2603.718726 -2413.225631 -1608.126864 -1628.799039 -1635.412084 -1632.975237 -1631.822401 -1631.536687 -1631.481424 -1631.472335 -1631.471380 -1631.471727 -1631.472207 -1631.472631 -1631.472983 -1631.473277 -1631.473529 -1631.473750 -1631.473950 -1631.474136 -1631.474316 -1631.474499 -1631.474696 -1631.474920 -1631.475192 -1631.475545 -1631.476028 -1631.476725 -1631.477774 -1631.479414 -1631.482073 -1631.486539 -1631.494320 -1631.508373 -1631.534653 -1631.585523 -1631.687745 -1631.902771 -1632.381547 -1633.520228 -1636.437200 -1644.621888 -1670.486369 -9999.0 -9999.0
-9999.0 -9999.0 919.571620 820.738944 721.796651 622.705355 523.533976 424.327095 325.109130 225.893391 126.687305 27.495654 -71.675267 -170.824906 -269.941790 -369.000781 -467.953474 -566.711103 -665.117463 -763.294022 -861.420037 -959.108596 -1056.140675 -1149.892758 -1236.564819 -1315.470615 -1384.804098 -1443.480987 -1491.323714 -1528.999024 -1557.766868 -1579.165910 -1594.745682 -1605.895775 -1613.769766 -1619.278098 -1623.129136 -1625.938995 -1628.553861 -1632.939115 -1643.762498 -1672.290200 -1870.499674 -3943.495936 -4034.625636 -4034.635502 -4034.199331 -4030.263083 -4014.622901 -3973.492090 -3891.552993 -3746.965324 -3609.287863 -3498.607497 -3381.820937 -3247.950282 -3094.844123 -2929.345527 -2763.082467 -2603.718725 -2413.225630 -1608.126864 -1628.799039 -1635.412084 -1632.975237 -1631.822401 -1631.536687 -1631.481424 -1631.472335 -1631.471380 -1631.471727 -1631.472207 -1631.472631 -1631.472983 -1631.473277 -1631.473529 -1631.473750 -1631.473950 -1631.474136 -1631.474316 -1631.474499 -1631.474696 -1631.474920 -1631.475192 -1631.475545 -1631.476028 -1631.476725 -1631.477774 -1631.479414 -1631.482073 -1631.486539 -1631.494320 -1631.508373 -1631.534653 -1631.585523 -1631.687745 -1631.902771 -1632.381547 -1633.520228 -1636.437200 -1644.621888 -1670.486369 -9999.0 -9999.0
-9999.0 -9999.0 919.571620 820.738944 721.796651 622.705355 523.533976 424.327095 325.109130 225.893391 126.687305 27.495654 -71.675266 -170.824906 -269.941790 -369.000781 -467.953474 -566.711103 -665.117463 -763.294022 -861.420037 -959.108597 -1056.140675 -1149.892758 -1236.564819 -1315.470615 -1384.804098 -1443.480987 -1491.323714 -1528.999024 -1557.766868 -1579.165910 -1594.745682 -1605.895775 -1613.769766 -1619.278098 -1623.129136 -1625.938995 -1628.553861 -1632.939115 -1643.762498 -1672.290200 -1870.499674 -3943.495936 -4034.625636 -4034.635502 -4034.199331 -4030.263083 -4014.622901 -3973.492090 -3891.552993 -3746.965324 -3609.287863 -3498.607497 -3381.820937 -3247.950282 -3094.844123 -2929.345527 -2763.082467 -2603.718726 -2413.225630 -1608.126864 -1628.799039 -1635.412084 -1632.975237 -1631.822401 -1631.536687 -1631.481424 -1631.472335 -1631.471380 -1631.471727 -1631.472207 -1631.472631 -1631.472983 -1631.473277 -1631.473529 -1631.473750 -1631.473950 -1631.474136 -1631.474316 -1631.474499 -1631.474696 -1631.474920 -1631.475192 -1631.475545 -1631.476028 -1631.476725 -1631.477774 -1631.479414 -1631.482073 -1631.486539 -1631.494320 -1631.508373 -1631.534653 -1631.585523 -1631.687745 -1631.902771 -1632.381547 -1633.520228 -1636.437200 -1644.621888 -1670.486369 -9999.0 -9999.0
-9999.0 -9999.0 919.570508 820.738349 721.796400 622.705259 523.533940 424.327082 325.109125 225.893389 126.687304 27.495654 -71.675267 -170.824906 -269.941790 -369.000781 -467.953474 -566.711103 -665.117463 -763.294022 -861.420037 -959.108596 -1056.140675 -1149.892758 -1236.564819 -1315.470615 -1384.804098 -1443.480987 -1491.323714 -1528.999024 -1557.766868 -1579.165910 -1594.745682 -1605.895775 -1613.769766 -1619.278098 -1623.129136 -1625.938995 -1628.553861 -1632.939115 -1643.762498 -1672.290200 -1870.499674 -3943.495936 -4034.625636 -4034.635502 -4034.199331 -4030.263084 -4014.622901 -3973.492091 -3891.552994 -3746.965325 -3609.287863 -3498.607497 -3381.820937 -3247.950282 -3094.844124 -2929.345528 -2763.082467 -2603.718726 -2413.225631 -1608.126864 -1628.799039 -1635.412084 -1632.975237 -1631.822401 -1631.536687 -1631.481424 -1631.472335 -1631.471380 -1631.471727 -1631.472207 -1631.472631 -1631.472983 -1631.473277 -1631.473529 -1631.473750 -1631.473950 -1631.474136 -1631.474316 -1631.474499 -1631.474696 -1631.474920 -1631.475192 -1631.475545 -1631.476028 -1631.476725 -1631.477774 -1631.479414 -1631.482073 -1631.486539 -1631.494320 -1631.508373 -1631.534653 -1631.585523 -1631.687745 -1631.902771 -1632.381547 -1633.520228 -1636.437200 -1644.621888 -1670.486369 -9999.0 -9999.0
-9999.0 -9999.0 919.567542 820.737233 721.796037 622.705140 523.533900 424.327068 325.109119 225.893387 126.687303 27.495653 -71.675267 -170.824906 -269.941790 -369.000781 -467.953473 -566.711103 -665.117463 -763.294022 -861.420037 -959.108596 -1056.140675 -1149.892757 -1236.564818 -1315.470615 -1384.804098 -1443.480987 -1491.323714 -1528.999024 -1557.766867 -1579.165910 -1594.745682 -1605.895775 -1613.769766 -1619.278098 -1623.129136 -1625.938995 -1628.553861 -1632.939115 -1643.762498 -1672.290200 -1870.499674 -3943.495936 -4034.625636 -4034.635502 -4034.199331 -4030.263084 -4014.622901 -3973.492091 -3891.552995 -3746.965326 -3609.287863 -3498.607497 -3381.820937 -3247.950283 -3094.844124 -2929.345528 -2763.082468 -2603.718726 -2413.225631 -1608.126864 -1628.799039 -1635.412084 -1632.975237 -1631.822401 -1631.536687 -1631.481424 -1631.472335 -1631.471380 -1631.471727 -1631.472207 -1631.472631 -1631.472983 -1631.473277 -1631.473529 -1631.473750 -1631.473950 -1631.474136 -1631.474316 -1631.474499 -1631.474696 -1631.474920 -1631.475192 -1631.475545 -1631.476028 -1631.476725 -1631.477774 -1631.479414 -1631.482073 -1631.486539 -1631.494320 -1631.508373 -1631.534653 -1631.585523 -1631.687745 -1631.902771 -1632.381547 -1633.520228 -1636.437200 -1644.621888 -1670.486369 -9999.0 -9999.0
-9999.0 -9999.0 -9999.0 -9999.0 -9999.0 -9999.0 -9999.0 -9999.0 -9999.0 -9999.0 -9999.0 -9999.0 -9999.0 -9999.0 -9999.0 -9999.0 -9999.0 -9999.0 -9999.0 -9999.0 -9999.0 -9999.0 -9999.0 -9999.0 -9999.0 -9999.0 -9999.0 -9999.0 -9999.0 -9999.0 -9999.0 -9999.0 -9999.0 -9999.0 -9999.0 -9999.0 -9999.0 -9999.0 -9999.0 -9999.0 -9999.0 -9999.0 -9999.0 -9999.0 -9999.0 -9999.0 -9999.0 -9999.0 -9999.0 -9999.0 -9999.0 -9999.0 -9999.0 -9999.0 -9999.0 -9999.0 -9999.0 -9999.0 -9999.0 -9999.0 -9999.0 -9999.0 -9999.0 -9999.0 -9999.0 -9999.0 -9999.0 -9999.0 -9999.0 -9999.0 -9999.0 -9999.0 -9999.0 -9999.0 -9999.0 -9999.0 -9999.0 -9999.0 -9999.0 -9999.0 -9999.0 -9999.0 -9999.0 -9999.0 -9999.0 -9999.0 -9999.0 -9999.0 -9999.0 -9999.0 -9999.0 -9999.0 -9999.0 -9999.0 -9999.0 -9999.0 -9999.0 -9999.0 -9999.0 -9999.0 -9999.0 -9999.0 -9999.0 -9999.0
-9999.0 -9999.0 -9999.0 -9999.0 -9999.0 -9999.0 -9999.0 -9999.0 -9999.0 -9999.0 -9999.0 -9999.0 -9999.0 -9999.0 -9999.0 -9999.0 -9999.0 -9999.0 -9999.0 -9999.0 -9999.0 -9999.0 -9999.0 -9999.0 -9999.0 -9999.0 -9999.0 -9999.0 -9999.0 -9999.0 -9999.0 -9999.0 -9999.0 -9999.0 -9999.0 -9999.0 -9999.0 -9999.0 -9999.0 -9999.0 -9999.0 -9999.0 -9999.0 -9999.0 -9999.0 -9999.0 -9999.0 -9999.0 -9999.0 -9999.0 -9999.0 -9999.0 -9999.0 -9999.0 -9999.0 -9999.0 -9999.0 -9999.0 -9999.0 -9999.0 -9999.0 -9999.0 -9999.0 -9999.0 -9999.0 -9999.0 -9999.0 -9999.0 -9999.0 -9999.0 -9999.0 -9999.0 -9999.0 -9999.0 -9999.0 -9999.0 -9999.0 -9999.0 -9999.0 -9999.0 -9999.0 -9999.0 -9999.0 -9999.0 -9999.0 -9999.0 -9999.0 -9999.0 -9999.0 -9999.0 -9999.0 -9999.0 -9999.0 -9999.0 -9999.0 -9999.0 -9999.0 -9999.0 -9999.0 -9999.0 -9999.0 -9999.0 -9999.0 -9999.0