inst/processing_geotop_simulation/geotop_simulation/out/maps3D/PwL0005N0071.asc
ncols         104
nrows         10
xllcorner     -2.000000
yllcorner     0.000000
cellsize      1.000000
NODATA_value  -9999.0
-9999.0 -9999.0 -9999.0 -9999.0 -9999.0 -9999.0 -9999.0 -9999.0 -9999.0 -9999.0 -9999.0 -9999.0 -9999.0 -9999.0 -9999.0 -9999.0 -9999.0 -9999.0 -9999.0 -9999.0 -9999.0 -9999.0 -9999.0 -9999.0 -9999.0 -9999.0 -9999.0 -9999.0 -9999.0 -9999.0 -9999.0 -9999.0 -9999.0 -9999.0 -9999.0 -9999.0 -9999.0 -9999.0 -9999.0 -9999.0 -9999.0 -9999.0 -9999.0 -9999.0 -9999.0 -9999.0 -9999.0 -9999.0 -9999.0 -9999.0 -9999.0 -9999.0 -9999.0 -9999.0 -9999.0 -9999.0 -9999.0 -9999.0 -9999.0 -9999.0 -9999.0 -9999.0 -9999.0 -9999.0 -9999.0 -9999.0 -9999.0 -9999.0 -9999.0 -9999.0 -9999.0 -9999.0 -9999.0 -9999.0 -9999.0 -9999.0 -9999.0 -9999.0 -9999.0 -9999.0 -9999.0 -9999.0 -9999.0 -9999.0 -9999.0 -9999.0 -9999.0 -9999.0 -9999.0 -9999.0 -9999.0 -9999.0 -9999.0 -9999.0 -9999.0 -9999.0 -9999.0 -9999.0 -9999.0 -9999.0 -9999.0 -9999.0 -9999.0 -9999.0
-9999.0 -9999.0 -9999.0 -9999.0 -9999.0 -9999.0 -9999.0 -9999.0 -9999.0 -9999.0 -9999.0 -9999.0 -9999.0 -9999.0 -9999.0 -9999.0 -9999.0 -9999.0 -9999.0 -9999.0 -9999.0 -9999.0 -9999.0 -9999.0 -9999.0 -9999.0 -9999.0 -9999.0 -9999.0 -9999.0 -9999.0 -9999.0 -9999.0 -9999.0 -9999.0 -9999.0 -9999.0 -9999.0 -9999.0 -9999.0 -9999.0 -9999.0 -9999.0 -9999.0 -9999.0 -9999.0 -9999.0 -9999.0 -9999.0 -9999.0 -9999.0 -9999.0 -9999.0 -9999.0 -9999.0 -9999.0 -9999.0 -9999.0 -9999.0 -9999.0 -9999.0 -9999.0 -9999.0 -9999.0 -9999.0 -9999.0 -9999.0 -9999.0 -9999.0 -9999.0 -9999.0 -9999.0 -9999.0 -9999.0 -9999.0 -9999.0 -9999.0 -9999.0 -9999.0 -9999.0 -9999.0 -9999.0 -9999.0 -9999.0 -9999.0 -9999.0 -9999.0 -9999.0 -9999.0 -9999.0 -9999.0 -9999.0 -9999.0 -9999.0 -9999.0 -9999.0 -9999.0 -9999.0 -9999.0 -9999.0 -9999.0 -9999.0 -9999.0 -9999.0
-9999.0 -9999.0 -108.125049 -208.935900 -311.814501 -421.053851 -546.673182 -695.032230 -856.563429 -995.332539 -1041.191282 -1018.186392 -1009.883737 -1030.481253 -1064.560783 -1113.279895 -1152.329108 -1161.262800 -1155.823501 -1145.848568 -1137.163922 -1131.915922 -1130.306559 -1131.739452 -1135.350579 -1140.233336 -1145.542034 -1150.594480 -1154.956743 -1158.452204 -1161.095501 -1163.005767 -1164.337603 -1165.238713 -1165.831152 -1166.209097 -1166.454346 -1166.668941 -1166.916006 -1167.240339 -1171.380691 -1205.093280 -917.469861 -925.342383 -900.201850 -885.137839 -878.168042 -877.273292 -877.186008 -877.203174 -877.236479 -877.271764 -877.305602 -877.336896 -877.365629 -877.396165 -877.472649 -877.985767 -881.611406 -889.939236 -904.200307 -879.974506 -1188.491959 -1170.419275 -1167.579517 -1167.112014 -1167.014520 -1166.997156 -1166.997168 -1167.000262 -1167.003319 -1167.005764 -1167.007614 -1167.009006 -1167.010064 -1167.010882 -1167.011527 -1167.012045 -1167.012472 -1167.012844 -1167.013200 -1167.013585 -1167.014060 -1167.014710 -1167.015664 -1167.017121 -1167.019401 -1167.023026 -1167.028863 -1167.038400 -1167.054261 -1167.081247 -1167.128447 -1167.213552 -1167.371605 -1167.672355 -1168.254160 -1169.391613 -1171.645062 -1176.248217 -1186.210357 -1210.339689 -9999.0 -9999.0
-9999.0 -9999.0 -108.125050 -208.935901 -311.814501 -421.053851 -546.673182 -695.032230 -856.563429 -995.332539 -1041.191282 -1018.186392 -1009.883737 -1030.481253 -1064.560783 -1113.279895 -1152.329108 -1161.262800 -1155.823501 -1145.848568 -1137.163922 -1131.915922 -1130.306559 -1131.739452 -1135.350579 -1140.233336 -1145.542034 -1150.594480 -1154.956743 -1158.452204 -1161.095501 -1163.005767 -1164.337603 -1165.238713 -1165.831152 -1166.209097 -1166.454346 -1166.668941 -1166.916006 -1167.240339 -1171.380691 -1205.093280 -917.469861 -925.342382 -900.201850 -885.137839 -878.168042 -877.273292 -877.186008 -877.203174 -877.236479 -877.271764 -877.305602 -877.336896 -877.365629 -877.396165 -877.472649 -877.985767 -881.611406 -889.939236 -904.200307 -879.974507 -1188.491959 -1170.419275 -1167.579517 -1167.112014 -1167.014520 -1166.997156 -1166.997168 -1167.000262 -1167.003319 -1167.005764 -1167.007614 -1167.009006 -1167.010064 -1167.010882 -1167.011527 -1167.012045 -1167.012472 -1167.012844 -1167.013200 -1167.013585 -1167.014060 -1167.014710 -1167.015664 -1167.017121 -1167.019401 -1167.023026 -1167.028863 -1167.038400 -1167.054261 -1167.081247 -1167.128447 -1167.213552 -1167.371605 -1167.672355 -1168.254160 -1169.391613 -1171.645062 -1176.248217 -1186.210357 -1210.339689 -9999.0 -9999.0
-9999.0 -9999.0 -108.125050 -208.935901 -311.814502 -421.053852 -546.673182 -695.032230 -856.563429 -995.332540 -1041.191282 -1018.186392 -1009.883737 -1030.481253 -1064.560783 -1113.279895 -1152.329108 -1161.262800 -1155.823501 -1145.848568 -1137.163922 -1131.915922 -1130.306559 -1131.739452 -1135.350579 -1140.233336 -1145.542034 -1150.594480 -1154.956743 -1158.452204 -1161.095501 -1163.005767 -1164.337603 -1165.238713 -1165.831152 -1166.209097 -1166.454346 -1166.668941 -1166.916006 -1167.240339 -1171.380691 -1205.093280 -917.469861 -925.342382 -900.201850 -885.137839 -878.168042 -877.273292 -877.186008 -877.203174 -877.236479 -877.271764 -877.305602 -877.336896 -877.365629 -877.396165 -877.472649 -877.985767 -881.611406 -889.939236 -904.200307 -879.974507 -1188.491959 -1170.419275 -1167.579517 -1167.112014 -1167.014520 -1166.997156 -1166.997168 -1167.000262 -1167.003319 -1167.005764 -1167.007614 -1167.009006 -1167.010064 -1167.010882 -1167.011527 -1167.012045 -1167.012472 -1167.012844 -1167.013200 -1167.013585 -1167.014060 -1167.014710 -1167.015664 -1167.017121 -1167.019401 -1167.023026 -1167.028863 -1167.038400 -1167.054261 -1167.081247 -1167.128447 -1167.213552 -1167.371605 -1167.672355 -1168.254160 -1169.391613 -1171.645062 -1176.248217 -1186.210357 -1210.339689 -9999.0 -9999.0
-9999.0 -9999.0 -108.125050 -208.935901 -311.814502 -421.053852 -546.673182 -695.032230 -856.563429 -995.332540 -1041.191282 -1018.186392 -1009.883737 -1030.481253 -1064.560783 -1113.279895 -1152.329108 -1161.262800 -1155.823501 -1145.848568 -1137.163922 -1131.915922 -1130.306559 -1131.739452 -1135.350579 -1140.233336 -1145.542034 -1150.594480 -1154.956743 -1158.452204 -1161.095501 -1163.005767 -1164.337603 -1165.238713 -1165.831152 -1166.209097 -1166.454346 -1166.668941 -1166.916006 -1167.240339 -1171.380691 -1205.093280 -917.469861 -925.342382 -900.201850 -885.137839 -878.168042 -877.273292 -877.186008 -877.203174 -877.236479 -877.271764 -877.305602 -877.336896 -877.365629 -877.396165 -877.472649 -877.985767 -881.611406 -889.939236 -904.200307 -879.974507 -1188.491959 -1170.419275 -1167.579517 -1167.112014 -1167.014520 -1166.997156 -1166.997168 -1167.000262 -1167.003319 -1167.005764 -1167.007614 -1167.009006 -1167.010064 -1167.010882 -1167.011527 -1167.012045 -1167.012472 -1167.012844 -1167.013200 -1167.013585 -1167.014060 -1167.014710 -1167.015664 -1167.017121 -1167.019401 -1167.023026 -1167.028863 -1167.038400 -1167.054261 -1167.081247 -1167.128447 -1167.213552 -1167.371605 -1167.672355 -1168.254160 -1169.391613 -1171.645062 -1176.248217 -1186.210357 -1210.339689 -9999.0 -9999.0
-9999.0 -9999.0 -108.125050 -208.935901 -311.814501 -421.053851 -546.673182 -695.032230 -856.563429 -995.332539 -1041.191282 -1018.186392 -1009.883737 -1030.481253 -1064.560783 -1113.279895 -1152.329108 -1161.262800 -1155.823501 -1145.848568 -1137.163922 -1131.915922 -1130.306559 -1131.739452 -1135.350579 -1140.233336 -1145.542034 -1150.594480 -1154.956743 -1158.452204 -1161.095501 -1163.005767 -1164.337603 -1165.238713 -1165.831152 -1166.209097 -1166.454346 -1166.668941 -1166.916006 -1167.240339 -1171.380691 -1205.093280 -917.469861 -925.342382 -900.201850 -885.137839 -878.168042 -877.273292 -877.186008 -877.203174 -877.236479 -877.271764 -877.305602 -877.336896 -877.365629 -877.396165 -877.472649 -877.985767 -881.611406 -889.939236 -904.200307 -879.974507 -1188.491959 -1170.419275 -1167.579517 -1167.112014 -1167.014520 -1166.997156 -1166.997168 -1167.000262 -1167.003319 -1167.005764 -1167.007614 -1167.009006 -1167.010064 -1167.010882 -1167.011527 -1167.012045 -1167.012472 -1167.012844 -1167.013200 -1167.013585 -1167.014060 -1167.014710 -1167.015664 -1167.017121 -1167.019401 -1167.023026 -1167.028863 -1167.038400 -1167.054261 -1167.081247 -1167.128447 -1167.213552 -1167.371605 -1167.672355 -1168.254160 -1169.391613 -1171.645062 -1176.248217 -1186.210357 -1210.339689 -9999.0 -9999.0
-9999.0 -9999.0 -108.125049 -208.935900 -311.814501 -421.053851 -546.673182 -695.032230 -856.563429 -995.332539 -1041.191282 -1018.186392 -1009.883737 -1030.481253 -1064.560783 -1113.279895 -1152.329108 -1161.262800 -1155.823501 -1145.848568 -1137.163922 -1131.915922 -1130.306559 -1131.739452 -1135.350579 -1140.233336 -1145.542034 -1150.594480 -1154.956743 -1158.452204 -1161.095501 -1163.005767 -1164.337603 -1165.238713 -1165.831152 -1166.209097 -1166.454346 -1166.668941 -1166.916006 -1167.240339 -1171.380691 -1205.093280 -917.469861 -925.342382 -900.201850 -885.137839 -878.168042 -877.273292 -877.186008 -877.203174 -877.236479 -877.271764 -877.305602 -877.336896 -877.365629 -877.396165 -877.472649 -877.985767 -881.611406 -889.939236 -904.200307 -879.974506 -1188.491959 -1170.419275 -1167.579517 -1167.112014 -1167.014520 -1166.997156 -1166.997168 -1167.000262 -1167.003319 -1167.005764 -1167.007614 -1167.009006 -1167.010064 -1167.010882 -1167.011527 -1167.012045 -1167.012472 -1167.012844 -1167.013200 -1167.013585 -1167.014060 -1167.014710 -1167.015664 -1167.017121 -1167.019401 -1167.023026 -1167.028863 -1167.038400 -1167.054261 -1167.081247 -1167.128447 -1167.213552 -1167.371605 -1167.672355 -1168.254160 -1169.391613 -1171.645062 -1176.248217 -1186.210357 -1210.339689 -9999.0 -9999.0
-9999.0 -9999.0 -9999.0 -9999.0 -9999.0 -9999.0 -9999.0 -9999.0 -9999.0 -9999.0 -9999.0 -9999.0 -9999.0 -9999.0 -9999.0 -9999.0 -9999.0 -9999.0 -9999.0 -9999.0 -9999.0 -9999.0 -9999.0 -9999.0 -9999.0 -9999.0 -9999.0 -9999.0 -9999.0 -9999.0 -9999.0 -9999.0 -9999.0 -9999.0 -9999.0 -9999.0 -9999.0 -9999.0 -9999.0 -9999.0 -9999.0 -9999.0 -9999.0 -9999.0 -9999.0 -9999.0 -9999.0 -9999.0 -9999.0 -9999.0 -9999.0 -9999.0 -9999.0 -9999.0 -9999.0 -9999.0 -9999.0 -9999.0 -9999.0 -9999.0 -9999.0 -9999.0 -9999.0 -9999.0 -9999.0 -9999.0 -9999.0 -9999.0 -9999.0 -9999.0 -9999.0 -9999.0 -9999.0 -9999.0 -9999.0 -9999.0 -9999.0 -9999.0 -9999.0 -9999.0 -9999.0 -9999.0 -9999.0 -9999.0 -9999.0 -9999.0 -9999.0 -9999.0 -9999.0 -9999.0 -9999.0 -9999.0 -9999.0 -9999.0 -9999.0 -9999.0 -9999.0 -9999.0 -9999.0 -9999.0 -9999.0 -9999.0 -9999.0 -9999.0
-9999.0 -9999.0 -9999.0 -9999.0 -9999.0 -9999.0 -9999.0 -9999.0 -9999.0 -9999.0 -9999.0 -9999.0 -9999.0 -9999.0 -9999.0 -9999.0 -9999.0 -9999.0 -9999.0 -9999.0 -9999.0 -9999.0 -9999.0 -9999.0 -9999.0 -9999.0 -9999.0 -9999.0 -9999.0 -9999.0 -9999.0 -9999.0 -9999.0 -9999.0 -9999.0 -9999.0 -9999.0 -9999.0 -9999.0 -9999.0 -9999.0 -9999.0 -9999.0 -9999.0 -9999.0 -9999.0 -9999.0 -9999.0 -9999.0 -9999.0 -9999.0 -9999.0 -9999.0 -9999.0 -9999.0 -9999.0 -9999.0 -9999.0 -9999.0 -9999.0 -9999.0 -9999.0 -9999.0 -9999.0 -9999.0 -9999.0 -9999.0 -9999.0 -9999.0 -9999.0 -9999.0 -9999.0 -9999.0 -9999.0 -9999.0 -9999.0 -9999.0 -9999.0 -9999.0 -9999.0 -9999.0 -9999.0 -9999.0 -9999.0 -9999.0 -9999.0 -9999.0 -9999.0 -9999.0 -9999.0 -9999.0 -9999.0 -9999.0 -9999.0 -9999.0 -9999.0 -9999.0 -9999.0 -9999.0 -9999.0 -9999.0 -9999.0 -9999.0 -9999.0