inst/processing_geotop_simulation/geotop_simulation/out/maps3D/PwL0006N0420.asc
ncols         104
nrows         10
xllcorner     -2.000000
yllcorner     0.000000
cellsize      1.000000
NODATA_value  -9999.0
-9999.0 -9999.0 -9999.0 -9999.0 -9999.0 -9999.0 -9999.0 -9999.0 -9999.0 -9999.0 -9999.0 -9999.0 -9999.0 -9999.0 -9999.0 -9999.0 -9999.0 -9999.0 -9999.0 -9999.0 -9999.0 -9999.0 -9999.0 -9999.0 -9999.0 -9999.0 -9999.0 -9999.0 -9999.0 -9999.0 -9999.0 -9999.0 -9999.0 -9999.0 -9999.0 -9999.0 -9999.0 -9999.0 -9999.0 -9999.0 -9999.0 -9999.0 -9999.0 -9999.0 -9999.0 -9999.0 -9999.0 -9999.0 -9999.0 -9999.0 -9999.0 -9999.0 -9999.0 -9999.0 -9999.0 -9999.0 -9999.0 -9999.0 -9999.0 -9999.0 -9999.0 -9999.0 -9999.0 -9999.0 -9999.0 -9999.0 -9999.0 -9999.0 -9999.0 -9999.0 -9999.0 -9999.0 -9999.0 -9999.0 -9999.0 -9999.0 -9999.0 -9999.0 -9999.0 -9999.0 -9999.0 -9999.0 -9999.0 -9999.0 -9999.0 -9999.0 -9999.0 -9999.0 -9999.0 -9999.0 -9999.0 -9999.0 -9999.0 -9999.0 -9999.0 -9999.0 -9999.0 -9999.0 -9999.0 -9999.0 -9999.0 -9999.0 -9999.0 -9999.0
-9999.0 -9999.0 -9999.0 -9999.0 -9999.0 -9999.0 -9999.0 -9999.0 -9999.0 -9999.0 -9999.0 -9999.0 -9999.0 -9999.0 -9999.0 -9999.0 -9999.0 -9999.0 -9999.0 -9999.0 -9999.0 -9999.0 -9999.0 -9999.0 -9999.0 -9999.0 -9999.0 -9999.0 -9999.0 -9999.0 -9999.0 -9999.0 -9999.0 -9999.0 -9999.0 -9999.0 -9999.0 -9999.0 -9999.0 -9999.0 -9999.0 -9999.0 -9999.0 -9999.0 -9999.0 -9999.0 -9999.0 -9999.0 -9999.0 -9999.0 -9999.0 -9999.0 -9999.0 -9999.0 -9999.0 -9999.0 -9999.0 -9999.0 -9999.0 -9999.0 -9999.0 -9999.0 -9999.0 -9999.0 -9999.0 -9999.0 -9999.0 -9999.0 -9999.0 -9999.0 -9999.0 -9999.0 -9999.0 -9999.0 -9999.0 -9999.0 -9999.0 -9999.0 -9999.0 -9999.0 -9999.0 -9999.0 -9999.0 -9999.0 -9999.0 -9999.0 -9999.0 -9999.0 -9999.0 -9999.0 -9999.0 -9999.0 -9999.0 -9999.0 -9999.0 -9999.0 -9999.0 -9999.0 -9999.0 -9999.0 -9999.0 -9999.0 -9999.0 -9999.0
-9999.0 -9999.0 274.135430 175.927170 76.966810 -22.245611 -121.555222 -220.904521 -320.264213 -419.613840 -518.932448 -618.176626 -717.262619 -816.293697 -915.250987 -1014.187655 -1113.074213 -1211.441105 -1309.133388 -1405.572895 -1499.612300 -1589.178042 -1671.372313 -1743.385807 -1803.531271 -1851.625132 -1888.699013 -1916.445363 -1936.729168 -1951.284263 -1961.575463 -1968.766980 -1973.745956 -1977.168141 -1979.507894 -1981.105628 -1982.217125 -1983.098904 -1984.240511 -1986.702934 -1988.242488 -1934.320443 -1220.926828 -1244.894942 -1229.032251 -1218.397881 -1213.421850 -1212.659990 -1212.577535 -1212.584313 -1212.603824 -1212.624891 -1212.645148 -1212.663914 -1212.681400 -1212.702334 -1212.770691 -1213.227008 -1215.875450 -1221.728920 -1228.747208 -1193.907728 -1906.004054 -1981.897639 -1985.362976 -1984.775838 -1984.558153 -1984.512869 -1984.505305 -1984.504524 -1984.504829 -1984.505232 -1984.505575 -1984.505846 -1984.506059 -1984.506230 -1984.506370 -1984.506487 -1984.506590 -1984.506685 -1984.506780 -1984.506885 -1984.507014 -1984.507186 -1984.507432 -1984.507798 -1984.508365 -1984.509262 -1984.510718 -1984.513135 -1984.517259 -1984.524509 -1984.537654 -1984.562240 -1984.609632 -1984.703967 -1984.899380 -1985.326373 -1986.326893 -1988.890642 -1996.267573 -2020.749735 -9999.0 -9999.0
-9999.0 -9999.0 274.142961 175.928898 76.967261 -22.245478 -121.555179 -220.904507 -320.264208 -419.613838 -518.932447 -618.176626 -717.262619 -816.293697 -915.250987 -1014.187655 -1113.074213 -1211.441106 -1309.133389 -1405.572895 -1499.612301 -1589.178042 -1671.372313 -1743.385807 -1803.531271 -1851.625132 -1888.699013 -1916.445363 -1936.729168 -1951.284263 -1961.575463 -1968.766980 -1973.745956 -1977.168141 -1979.507894 -1981.105628 -1982.217125 -1983.098904 -1984.240511 -1986.702934 -1988.242488 -1934.320443 -1220.926828 -1244.894942 -1229.032251 -1218.397881 -1213.421850 -1212.659990 -1212.577535 -1212.584313 -1212.603824 -1212.624891 -1212.645148 -1212.663914 -1212.681400 -1212.702334 -1212.770691 -1213.227008 -1215.875450 -1221.728920 -1228.747208 -1193.907728 -1906.004054 -1981.897639 -1985.362976 -1984.775838 -1984.558153 -1984.512868 -1984.505305 -1984.504524 -1984.504829 -1984.505232 -1984.505575 -1984.505846 -1984.506059 -1984.506230 -1984.506370 -1984.506487 -1984.506590 -1984.506685 -1984.506780 -1984.506885 -1984.507014 -1984.507186 -1984.507432 -1984.507798 -1984.508365 -1984.509262 -1984.510718 -1984.513135 -1984.517259 -1984.524509 -1984.537654 -1984.562240 -1984.609632 -1984.703967 -1984.899380 -1985.326373 -1986.326893 -1988.890642 -1996.267573 -2020.749735 -9999.0 -9999.0
-9999.0 -9999.0 274.144266 175.929622 76.967549 -22.245373 -121.555142 -220.904494 -320.264203 -419.613836 -518.932446 -618.176625 -717.262619 -816.293696 -915.250987 -1014.187655 -1113.074214 -1211.441106 -1309.133389 -1405.572896 -1499.612301 -1589.178042 -1671.372313 -1743.385807 -1803.531271 -1851.625132 -1888.699013 -1916.445363 -1936.729168 -1951.284263 -1961.575463 -1968.766980 -1973.745956 -1977.168141 -1979.507894 -1981.105628 -1982.217125 -1983.098904 -1984.240511 -1986.702934 -1988.242488 -1934.320443 -1220.926828 -1244.894942 -1229.032251 -1218.397881 -1213.421850 -1212.659990 -1212.577535 -1212.584313 -1212.603824 -1212.624891 -1212.645148 -1212.663914 -1212.681400 -1212.702334 -1212.770691 -1213.227008 -1215.875450 -1221.728920 -1228.747208 -1193.907728 -1906.004054 -1981.897639 -1985.362976 -1984.775838 -1984.558153 -1984.512868 -1984.505305 -1984.504524 -1984.504829 -1984.505232 -1984.505575 -1984.505846 -1984.506059 -1984.506230 -1984.506370 -1984.506487 -1984.506590 -1984.506685 -1984.506780 -1984.506885 -1984.507014 -1984.507186 -1984.507432 -1984.507798 -1984.508365 -1984.509262 -1984.510718 -1984.513135 -1984.517259 -1984.524509 -1984.537654 -1984.562240 -1984.609632 -1984.703967 -1984.899380 -1985.326373 -1986.326893 -1988.890642 -1996.267573 -2020.749735 -9999.0 -9999.0
-9999.0 -9999.0 274.144266 175.929622 76.967549 -22.245373 -121.555142 -220.904494 -320.264203 -419.613836 -518.932446 -618.176625 -717.262619 -816.293696 -915.250987 -1014.187655 -1113.074214 -1211.441106 -1309.133389 -1405.572896 -1499.612301 -1589.178042 -1671.372313 -1743.385807 -1803.531271 -1851.625132 -1888.699013 -1916.445363 -1936.729168 -1951.284263 -1961.575463 -1968.766980 -1973.745956 -1977.168141 -1979.507894 -1981.105628 -1982.217125 -1983.098904 -1984.240511 -1986.702934 -1988.242488 -1934.320443 -1220.926828 -1244.894942 -1229.032251 -1218.397881 -1213.421850 -1212.659990 -1212.577535 -1212.584313 -1212.603824 -1212.624891 -1212.645148 -1212.663914 -1212.681400 -1212.702334 -1212.770691 -1213.227008 -1215.875450 -1221.728920 -1228.747208 -1193.907728 -1906.004054 -1981.897639 -1985.362976 -1984.775838 -1984.558153 -1984.512868 -1984.505305 -1984.504524 -1984.504829 -1984.505232 -1984.505575 -1984.505846 -1984.506059 -1984.506230 -1984.506370 -1984.506487 -1984.506590 -1984.506685 -1984.506780 -1984.506885 -1984.507014 -1984.507186 -1984.507432 -1984.507798 -1984.508365 -1984.509262 -1984.510718 -1984.513135 -1984.517259 -1984.524509 -1984.537654 -1984.562240 -1984.609632 -1984.703967 -1984.899380 -1985.326373 -1986.326893 -1988.890642 -1996.267573 -2020.749735 -9999.0 -9999.0
-9999.0 -9999.0 274.142961 175.928898 76.967261 -22.245478 -121.555179 -220.904507 -320.264208 -419.613838 -518.932447 -618.176626 -717.262619 -816.293696 -915.250987 -1014.187655 -1113.074213 -1211.441105 -1309.133389 -1405.572895 -1499.612301 -1589.178042 -1671.372313 -1743.385807 -1803.531271 -1851.625132 -1888.699013 -1916.445363 -1936.729168 -1951.284263 -1961.575463 -1968.766980 -1973.745956 -1977.168141 -1979.507894 -1981.105628 -1982.217125 -1983.098904 -1984.240511 -1986.702934 -1988.242488 -1934.320443 -1220.926828 -1244.894942 -1229.032251 -1218.397881 -1213.421850 -1212.659990 -1212.577535 -1212.584313 -1212.603824 -1212.624891 -1212.645148 -1212.663914 -1212.681400 -1212.702334 -1212.770691 -1213.227008 -1215.875450 -1221.728920 -1228.747208 -1193.907728 -1906.004054 -1981.897639 -1985.362976 -1984.775838 -1984.558153 -1984.512868 -1984.505305 -1984.504524 -1984.504829 -1984.505232 -1984.505575 -1984.505846 -1984.506059 -1984.506230 -1984.506370 -1984.506487 -1984.506590 -1984.506685 -1984.506780 -1984.506885 -1984.507014 -1984.507186 -1984.507432 -1984.507798 -1984.508365 -1984.509262 -1984.510718 -1984.513135 -1984.517259 -1984.524509 -1984.537654 -1984.562240 -1984.609632 -1984.703967 -1984.899380 -1985.326373 -1986.326893 -1988.890642 -1996.267573 -2020.749735 -9999.0 -9999.0
-9999.0 -9999.0 274.135429 175.927170 76.966810 -22.245611 -121.555222 -220.904521 -320.264213 -419.613840 -518.932448 -618.176626 -717.262619 -816.293697 -915.250987 -1014.187655 -1113.074213 -1211.441105 -1309.133388 -1405.572895 -1499.612300 -1589.178042 -1671.372313 -1743.385807 -1803.531271 -1851.625132 -1888.699013 -1916.445363 -1936.729168 -1951.284263 -1961.575463 -1968.766980 -1973.745956 -1977.168141 -1979.507894 -1981.105628 -1982.217125 -1983.098904 -1984.240511 -1986.702934 -1988.242488 -1934.320443 -1220.926828 -1244.894942 -1229.032251 -1218.397881 -1213.421850 -1212.659990 -1212.577535 -1212.584313 -1212.603824 -1212.624891 -1212.645148 -1212.663914 -1212.681400 -1212.702334 -1212.770691 -1213.227008 -1215.875450 -1221.728920 -1228.747208 -1193.907728 -1906.004054 -1981.897639 -1985.362976 -1984.775838 -1984.558153 -1984.512869 -1984.505305 -1984.504524 -1984.504829 -1984.505232 -1984.505575 -1984.505846 -1984.506059 -1984.506230 -1984.506370 -1984.506487 -1984.506590 -1984.506685 -1984.506780 -1984.506885 -1984.507014 -1984.507186 -1984.507432 -1984.507798 -1984.508365 -1984.509262 -1984.510718 -1984.513135 -1984.517259 -1984.524509 -1984.537654 -1984.562240 -1984.609632 -1984.703967 -1984.899380 -1985.326373 -1986.326893 -1988.890642 -1996.267573 -2020.749735 -9999.0 -9999.0
-9999.0 -9999.0 -9999.0 -9999.0 -9999.0 -9999.0 -9999.0 -9999.0 -9999.0 -9999.0 -9999.0 -9999.0 -9999.0 -9999.0 -9999.0 -9999.0 -9999.0 -9999.0 -9999.0 -9999.0 -9999.0 -9999.0 -9999.0 -9999.0 -9999.0 -9999.0 -9999.0 -9999.0 -9999.0 -9999.0 -9999.0 -9999.0 -9999.0 -9999.0 -9999.0 -9999.0 -9999.0 -9999.0 -9999.0 -9999.0 -9999.0 -9999.0 -9999.0 -9999.0 -9999.0 -9999.0 -9999.0 -9999.0 -9999.0 -9999.0 -9999.0 -9999.0 -9999.0 -9999.0 -9999.0 -9999.0 -9999.0 -9999.0 -9999.0 -9999.0 -9999.0 -9999.0 -9999.0 -9999.0 -9999.0 -9999.0 -9999.0 -9999.0 -9999.0 -9999.0 -9999.0 -9999.0 -9999.0 -9999.0 -9999.0 -9999.0 -9999.0 -9999.0 -9999.0 -9999.0 -9999.0 -9999.0 -9999.0 -9999.0 -9999.0 -9999.0 -9999.0 -9999.0 -9999.0 -9999.0 -9999.0 -9999.0 -9999.0 -9999.0 -9999.0 -9999.0 -9999.0 -9999.0 -9999.0 -9999.0 -9999.0 -9999.0 -9999.0 -9999.0
-9999.0 -9999.0 -9999.0 -9999.0 -9999.0 -9999.0 -9999.0 -9999.0 -9999.0 -9999.0 -9999.0 -9999.0 -9999.0 -9999.0 -9999.0 -9999.0 -9999.0 -9999.0 -9999.0 -9999.0 -9999.0 -9999.0 -9999.0 -9999.0 -9999.0 -9999.0 -9999.0 -9999.0 -9999.0 -9999.0 -9999.0 -9999.0 -9999.0 -9999.0 -9999.0 -9999.0 -9999.0 -9999.0 -9999.0 -9999.0 -9999.0 -9999.0 -9999.0 -9999.0 -9999.0 -9999.0 -9999.0 -9999.0 -9999.0 -9999.0 -9999.0 -9999.0 -9999.0 -9999.0 -9999.0 -9999.0 -9999.0 -9999.0 -9999.0 -9999.0 -9999.0 -9999.0 -9999.0 -9999.0 -9999.0 -9999.0 -9999.0 -9999.0 -9999.0 -9999.0 -9999.0 -9999.0 -9999.0 -9999.0 -9999.0 -9999.0 -9999.0 -9999.0 -9999.0 -9999.0 -9999.0 -9999.0 -9999.0 -9999.0 -9999.0 -9999.0 -9999.0 -9999.0 -9999.0 -9999.0 -9999.0 -9999.0 -9999.0 -9999.0 -9999.0 -9999.0 -9999.0 -9999.0 -9999.0 -9999.0 -9999.0 -9999.0 -9999.0 -9999.0