inst/processing_geotop_simulation/geotop_simulation/out/maps3D/PwL0007N0278.asc
ncols         104
nrows         10
xllcorner     -2.000000
yllcorner     0.000000
cellsize      1.000000
NODATA_value  -9999.0
-9999.0 -9999.0 -9999.0 -9999.0 -9999.0 -9999.0 -9999.0 -9999.0 -9999.0 -9999.0 -9999.0 -9999.0 -9999.0 -9999.0 -9999.0 -9999.0 -9999.0 -9999.0 -9999.0 -9999.0 -9999.0 -9999.0 -9999.0 -9999.0 -9999.0 -9999.0 -9999.0 -9999.0 -9999.0 -9999.0 -9999.0 -9999.0 -9999.0 -9999.0 -9999.0 -9999.0 -9999.0 -9999.0 -9999.0 -9999.0 -9999.0 -9999.0 -9999.0 -9999.0 -9999.0 -9999.0 -9999.0 -9999.0 -9999.0 -9999.0 -9999.0 -9999.0 -9999.0 -9999.0 -9999.0 -9999.0 -9999.0 -9999.0 -9999.0 -9999.0 -9999.0 -9999.0 -9999.0 -9999.0 -9999.0 -9999.0 -9999.0 -9999.0 -9999.0 -9999.0 -9999.0 -9999.0 -9999.0 -9999.0 -9999.0 -9999.0 -9999.0 -9999.0 -9999.0 -9999.0 -9999.0 -9999.0 -9999.0 -9999.0 -9999.0 -9999.0 -9999.0 -9999.0 -9999.0 -9999.0 -9999.0 -9999.0 -9999.0 -9999.0 -9999.0 -9999.0 -9999.0 -9999.0 -9999.0 -9999.0 -9999.0 -9999.0 -9999.0 -9999.0
-9999.0 -9999.0 -9999.0 -9999.0 -9999.0 -9999.0 -9999.0 -9999.0 -9999.0 -9999.0 -9999.0 -9999.0 -9999.0 -9999.0 -9999.0 -9999.0 -9999.0 -9999.0 -9999.0 -9999.0 -9999.0 -9999.0 -9999.0 -9999.0 -9999.0 -9999.0 -9999.0 -9999.0 -9999.0 -9999.0 -9999.0 -9999.0 -9999.0 -9999.0 -9999.0 -9999.0 -9999.0 -9999.0 -9999.0 -9999.0 -9999.0 -9999.0 -9999.0 -9999.0 -9999.0 -9999.0 -9999.0 -9999.0 -9999.0 -9999.0 -9999.0 -9999.0 -9999.0 -9999.0 -9999.0 -9999.0 -9999.0 -9999.0 -9999.0 -9999.0 -9999.0 -9999.0 -9999.0 -9999.0 -9999.0 -9999.0 -9999.0 -9999.0 -9999.0 -9999.0 -9999.0 -9999.0 -9999.0 -9999.0 -9999.0 -9999.0 -9999.0 -9999.0 -9999.0 -9999.0 -9999.0 -9999.0 -9999.0 -9999.0 -9999.0 -9999.0 -9999.0 -9999.0 -9999.0 -9999.0 -9999.0 -9999.0 -9999.0 -9999.0 -9999.0 -9999.0 -9999.0 -9999.0 -9999.0 -9999.0 -9999.0 -9999.0 -9999.0 -9999.0
-9999.0 -9999.0 325.864446 229.391603 131.531806 33.163342 -65.402273 -164.048614 -262.716323 -361.359504 -459.927966 -558.311186 -656.273155 -753.753624 -851.173174 -948.505487 -1045.634337 -1141.812664 -1235.680276 -1326.642207 -1412.390760 -1489.475121 -1554.906658 -1607.475463 -1647.813006 -1677.687370 -1699.237456 -1714.477970 -1725.088759 -1732.380308 -1737.335578 -1740.671896 -1742.901323 -1744.382538 -1745.363060 -1746.013651 -1746.460583 -1746.842882 -1747.530619 -1749.928197 -1757.047708 -1747.133005 -1175.192462 -1221.049171 -1197.968018 -1183.198039 -1176.341087 -1175.362929 -1175.260935 -1175.271384 -1175.297997 -1175.326571 -1175.354022 -1175.379436 -1175.403000 -1175.430200 -1175.513747 -1176.084811 -1179.679210 -1187.756687 -1198.869400 -1138.603654 -1719.316126 -1750.633664 -1748.560226 -1747.587044 -1747.391177 -1747.358838 -1747.354244 -1747.354171 -1747.354757 -1747.355332 -1747.355792 -1747.356146 -1747.356419 -1747.356631 -1747.356800 -1747.356937 -1747.357053 -1747.357156 -1747.357259 -1747.357373 -1747.357516 -1747.357715 -1747.358008 -1747.358458 -1747.359166 -1747.360300 -1747.362147 -1747.365215 -1747.370427 -1747.379526 -1747.395892 -1747.426213 -1747.483981 -1747.597040 -1747.825288 -1748.306367 -1749.383608 -1751.997452 -1759.102606 -1782.123290 -9999.0 -9999.0
-9999.0 -9999.0 325.872242 229.393490 131.532307 33.163490 -65.402225 -164.048597 -262.716317 -361.359502 -459.927965 -558.311185 -656.273155 -753.753624 -851.173174 -948.505487 -1045.634337 -1141.812665 -1235.680276 -1326.642207 -1412.390760 -1489.475121 -1554.906658 -1607.475463 -1647.813006 -1677.687370 -1699.237456 -1714.477970 -1725.088759 -1732.380308 -1737.335579 -1740.671896 -1742.901323 -1744.382538 -1745.363060 -1746.013651 -1746.460583 -1746.842882 -1747.530619 -1749.928197 -1757.047708 -1747.133005 -1175.192462 -1221.049170 -1197.968018 -1183.198038 -1176.341087 -1175.362929 -1175.260935 -1175.271384 -1175.297997 -1175.326571 -1175.354022 -1175.379436 -1175.403000 -1175.430200 -1175.513747 -1176.084811 -1179.679210 -1187.756687 -1198.869400 -1138.603654 -1719.316126 -1750.633664 -1748.560226 -1747.587044 -1747.391177 -1747.358838 -1747.354244 -1747.354171 -1747.354757 -1747.355332 -1747.355792 -1747.356146 -1747.356419 -1747.356631 -1747.356800 -1747.356937 -1747.357053 -1747.357156 -1747.357259 -1747.357373 -1747.357516 -1747.357715 -1747.358008 -1747.358458 -1747.359166 -1747.360300 -1747.362147 -1747.365215 -1747.370427 -1747.379526 -1747.395892 -1747.426213 -1747.483981 -1747.597040 -1747.825288 -1748.306367 -1749.383608 -1751.997452 -1759.102606 -1782.123290 -9999.0 -9999.0
-9999.0 -9999.0 325.873717 229.394292 131.532626 33.163607 -65.402184 -164.048583 -262.716312 -361.359499 -459.927965 -558.311185 -656.273155 -753.753624 -851.173174 -948.505487 -1045.634337 -1141.812665 -1235.680276 -1326.642207 -1412.390760 -1489.475122 -1554.906658 -1607.475463 -1647.813006 -1677.687370 -1699.237456 -1714.477970 -1725.088759 -1732.380308 -1737.335579 -1740.671896 -1742.901323 -1744.382538 -1745.363060 -1746.013651 -1746.460583 -1746.842882 -1747.530619 -1749.928197 -1757.047708 -1747.133005 -1175.192462 -1221.049170 -1197.968018 -1183.198038 -1176.341087 -1175.362929 -1175.260935 -1175.271384 -1175.297997 -1175.326571 -1175.354022 -1175.379436 -1175.403000 -1175.430200 -1175.513747 -1176.084811 -1179.679210 -1187.756687 -1198.869400 -1138.603654 -1719.316126 -1750.633664 -1748.560226 -1747.587044 -1747.391177 -1747.358838 -1747.354244 -1747.354171 -1747.354757 -1747.355332 -1747.355792 -1747.356146 -1747.356419 -1747.356631 -1747.356800 -1747.356937 -1747.357053 -1747.357156 -1747.357259 -1747.357373 -1747.357516 -1747.357715 -1747.358008 -1747.358458 -1747.359166 -1747.360300 -1747.362147 -1747.365215 -1747.370427 -1747.379526 -1747.395892 -1747.426213 -1747.483981 -1747.597040 -1747.825288 -1748.306367 -1749.383608 -1751.997452 -1759.102606 -1782.123290 -9999.0 -9999.0
-9999.0 -9999.0 325.873717 229.394292 131.532626 33.163607 -65.402184 -164.048583 -262.716312 -361.359499 -459.927965 -558.311185 -656.273155 -753.753624 -851.173174 -948.505487 -1045.634337 -1141.812665 -1235.680276 -1326.642207 -1412.390760 -1489.475122 -1554.906658 -1607.475463 -1647.813006 -1677.687370 -1699.237456 -1714.477970 -1725.088759 -1732.380308 -1737.335579 -1740.671896 -1742.901323 -1744.382538 -1745.363060 -1746.013651 -1746.460583 -1746.842882 -1747.530619 -1749.928197 -1757.047708 -1747.133005 -1175.192462 -1221.049170 -1197.968018 -1183.198038 -1176.341087 -1175.362929 -1175.260935 -1175.271384 -1175.297997 -1175.326571 -1175.354022 -1175.379436 -1175.403000 -1175.430200 -1175.513747 -1176.084811 -1179.679210 -1187.756687 -1198.869400 -1138.603654 -1719.316126 -1750.633664 -1748.560226 -1747.587044 -1747.391177 -1747.358838 -1747.354244 -1747.354171 -1747.354757 -1747.355332 -1747.355792 -1747.356146 -1747.356419 -1747.356631 -1747.356800 -1747.356937 -1747.357053 -1747.357156 -1747.357259 -1747.357373 -1747.357516 -1747.357715 -1747.358008 -1747.358458 -1747.359166 -1747.360300 -1747.362147 -1747.365215 -1747.370427 -1747.379526 -1747.395892 -1747.426213 -1747.483981 -1747.597040 -1747.825288 -1748.306367 -1749.383608 -1751.997452 -1759.102606 -1782.123290 -9999.0 -9999.0
-9999.0 -9999.0 325.872242 229.393490 131.532307 33.163490 -65.402225 -164.048597 -262.716317 -361.359502 -459.927965 -558.311185 -656.273155 -753.753624 -851.173174 -948.505487 -1045.634337 -1141.812665 -1235.680276 -1326.642207 -1412.390760 -1489.475121 -1554.906658 -1607.475463 -1647.813006 -1677.687370 -1699.237456 -1714.477970 -1725.088759 -1732.380308 -1737.335579 -1740.671896 -1742.901323 -1744.382538 -1745.363060 -1746.013651 -1746.460583 -1746.842882 -1747.530619 -1749.928197 -1757.047708 -1747.133005 -1175.192462 -1221.049170 -1197.968018 -1183.198038 -1176.341087 -1175.362929 -1175.260935 -1175.271384 -1175.297997 -1175.326571 -1175.354022 -1175.379436 -1175.403000 -1175.430200 -1175.513747 -1176.084811 -1179.679210 -1187.756687 -1198.869400 -1138.603654 -1719.316126 -1750.633664 -1748.560226 -1747.587044 -1747.391177 -1747.358838 -1747.354244 -1747.354171 -1747.354757 -1747.355332 -1747.355792 -1747.356146 -1747.356419 -1747.356631 -1747.356800 -1747.356937 -1747.357053 -1747.357156 -1747.357259 -1747.357373 -1747.357516 -1747.357715 -1747.358008 -1747.358458 -1747.359166 -1747.360300 -1747.362147 -1747.365215 -1747.370427 -1747.379526 -1747.395892 -1747.426213 -1747.483981 -1747.597040 -1747.825288 -1748.306367 -1749.383608 -1751.997452 -1759.102606 -1782.123290 -9999.0 -9999.0
-9999.0 -9999.0 325.864446 229.391603 131.531806 33.163342 -65.402272 -164.048614 -262.716323 -361.359504 -459.927966 -558.311186 -656.273155 -753.753624 -851.173174 -948.505487 -1045.634337 -1141.812664 -1235.680276 -1326.642207 -1412.390760 -1489.475121 -1554.906658 -1607.475463 -1647.813006 -1677.687370 -1699.237456 -1714.477970 -1725.088759 -1732.380308 -1737.335578 -1740.671896 -1742.901323 -1744.382538 -1745.363060 -1746.013651 -1746.460583 -1746.842882 -1747.530619 -1749.928197 -1757.047708 -1747.133005 -1175.192462 -1221.049171 -1197.968018 -1183.198039 -1176.341087 -1175.362929 -1175.260935 -1175.271384 -1175.297997 -1175.326571 -1175.354022 -1175.379436 -1175.403000 -1175.430200 -1175.513747 -1176.084811 -1179.679210 -1187.756687 -1198.869400 -1138.603654 -1719.316126 -1750.633664 -1748.560226 -1747.587044 -1747.391177 -1747.358838 -1747.354244 -1747.354171 -1747.354757 -1747.355332 -1747.355792 -1747.356146 -1747.356419 -1747.356631 -1747.356800 -1747.356937 -1747.357053 -1747.357156 -1747.357259 -1747.357373 -1747.357516 -1747.357715 -1747.358008 -1747.358458 -1747.359166 -1747.360300 -1747.362147 -1747.365215 -1747.370427 -1747.379526 -1747.395892 -1747.426213 -1747.483981 -1747.597040 -1747.825288 -1748.306367 -1749.383608 -1751.997452 -1759.102606 -1782.123290 -9999.0 -9999.0
-9999.0 -9999.0 -9999.0 -9999.0 -9999.0 -9999.0 -9999.0 -9999.0 -9999.0 -9999.0 -9999.0 -9999.0 -9999.0 -9999.0 -9999.0 -9999.0 -9999.0 -9999.0 -9999.0 -9999.0 -9999.0 -9999.0 -9999.0 -9999.0 -9999.0 -9999.0 -9999.0 -9999.0 -9999.0 -9999.0 -9999.0 -9999.0 -9999.0 -9999.0 -9999.0 -9999.0 -9999.0 -9999.0 -9999.0 -9999.0 -9999.0 -9999.0 -9999.0 -9999.0 -9999.0 -9999.0 -9999.0 -9999.0 -9999.0 -9999.0 -9999.0 -9999.0 -9999.0 -9999.0 -9999.0 -9999.0 -9999.0 -9999.0 -9999.0 -9999.0 -9999.0 -9999.0 -9999.0 -9999.0 -9999.0 -9999.0 -9999.0 -9999.0 -9999.0 -9999.0 -9999.0 -9999.0 -9999.0 -9999.0 -9999.0 -9999.0 -9999.0 -9999.0 -9999.0 -9999.0 -9999.0 -9999.0 -9999.0 -9999.0 -9999.0 -9999.0 -9999.0 -9999.0 -9999.0 -9999.0 -9999.0 -9999.0 -9999.0 -9999.0 -9999.0 -9999.0 -9999.0 -9999.0 -9999.0 -9999.0 -9999.0 -9999.0 -9999.0 -9999.0
-9999.0 -9999.0 -9999.0 -9999.0 -9999.0 -9999.0 -9999.0 -9999.0 -9999.0 -9999.0 -9999.0 -9999.0 -9999.0 -9999.0 -9999.0 -9999.0 -9999.0 -9999.0 -9999.0 -9999.0 -9999.0 -9999.0 -9999.0 -9999.0 -9999.0 -9999.0 -9999.0 -9999.0 -9999.0 -9999.0 -9999.0 -9999.0 -9999.0 -9999.0 -9999.0 -9999.0 -9999.0 -9999.0 -9999.0 -9999.0 -9999.0 -9999.0 -9999.0 -9999.0 -9999.0 -9999.0 -9999.0 -9999.0 -9999.0 -9999.0 -9999.0 -9999.0 -9999.0 -9999.0 -9999.0 -9999.0 -9999.0 -9999.0 -9999.0 -9999.0 -9999.0 -9999.0 -9999.0 -9999.0 -9999.0 -9999.0 -9999.0 -9999.0 -9999.0 -9999.0 -9999.0 -9999.0 -9999.0 -9999.0 -9999.0 -9999.0 -9999.0 -9999.0 -9999.0 -9999.0 -9999.0 -9999.0 -9999.0 -9999.0 -9999.0 -9999.0 -9999.0 -9999.0 -9999.0 -9999.0 -9999.0 -9999.0 -9999.0 -9999.0 -9999.0 -9999.0 -9999.0 -9999.0 -9999.0 -9999.0 -9999.0 -9999.0 -9999.0 -9999.0