inst/processing_geotop_simulation/geotop_simulation/out/maps3D/PwL0005N0078.asc
ncols         104
nrows         10
xllcorner     -2.000000
yllcorner     0.000000
cellsize      1.000000
NODATA_value  -9999.0
-9999.0 -9999.0 -9999.0 -9999.0 -9999.0 -9999.0 -9999.0 -9999.0 -9999.0 -9999.0 -9999.0 -9999.0 -9999.0 -9999.0 -9999.0 -9999.0 -9999.0 -9999.0 -9999.0 -9999.0 -9999.0 -9999.0 -9999.0 -9999.0 -9999.0 -9999.0 -9999.0 -9999.0 -9999.0 -9999.0 -9999.0 -9999.0 -9999.0 -9999.0 -9999.0 -9999.0 -9999.0 -9999.0 -9999.0 -9999.0 -9999.0 -9999.0 -9999.0 -9999.0 -9999.0 -9999.0 -9999.0 -9999.0 -9999.0 -9999.0 -9999.0 -9999.0 -9999.0 -9999.0 -9999.0 -9999.0 -9999.0 -9999.0 -9999.0 -9999.0 -9999.0 -9999.0 -9999.0 -9999.0 -9999.0 -9999.0 -9999.0 -9999.0 -9999.0 -9999.0 -9999.0 -9999.0 -9999.0 -9999.0 -9999.0 -9999.0 -9999.0 -9999.0 -9999.0 -9999.0 -9999.0 -9999.0 -9999.0 -9999.0 -9999.0 -9999.0 -9999.0 -9999.0 -9999.0 -9999.0 -9999.0 -9999.0 -9999.0 -9999.0 -9999.0 -9999.0 -9999.0 -9999.0 -9999.0 -9999.0 -9999.0 -9999.0 -9999.0 -9999.0
-9999.0 -9999.0 -9999.0 -9999.0 -9999.0 -9999.0 -9999.0 -9999.0 -9999.0 -9999.0 -9999.0 -9999.0 -9999.0 -9999.0 -9999.0 -9999.0 -9999.0 -9999.0 -9999.0 -9999.0 -9999.0 -9999.0 -9999.0 -9999.0 -9999.0 -9999.0 -9999.0 -9999.0 -9999.0 -9999.0 -9999.0 -9999.0 -9999.0 -9999.0 -9999.0 -9999.0 -9999.0 -9999.0 -9999.0 -9999.0 -9999.0 -9999.0 -9999.0 -9999.0 -9999.0 -9999.0 -9999.0 -9999.0 -9999.0 -9999.0 -9999.0 -9999.0 -9999.0 -9999.0 -9999.0 -9999.0 -9999.0 -9999.0 -9999.0 -9999.0 -9999.0 -9999.0 -9999.0 -9999.0 -9999.0 -9999.0 -9999.0 -9999.0 -9999.0 -9999.0 -9999.0 -9999.0 -9999.0 -9999.0 -9999.0 -9999.0 -9999.0 -9999.0 -9999.0 -9999.0 -9999.0 -9999.0 -9999.0 -9999.0 -9999.0 -9999.0 -9999.0 -9999.0 -9999.0 -9999.0 -9999.0 -9999.0 -9999.0 -9999.0 -9999.0 -9999.0 -9999.0 -9999.0 -9999.0 -9999.0 -9999.0 -9999.0 -9999.0 -9999.0
-9999.0 -9999.0 71.817683 -28.369080 -128.558991 -229.188318 -331.589005 -439.179232 -560.442672 -701.897099 -846.264542 -952.102364 -1011.971509 -1048.051474 -1091.212889 -1146.138939 -1191.406427 -1207.775616 -1207.689505 -1200.443921 -1192.514332 -1186.846930 -1184.215698 -1184.369539 -1186.645785 -1190.260582 -1194.449600 -1198.579435 -1202.230352 -1205.209544 -1207.497595 -1209.174608 -1210.359597 -1211.171989 -1211.713433 -1212.064507 -1212.297313 -1212.500532 -1212.735546 -1213.195541 -1218.034206 -1252.229507 -931.012740 -940.199993 -916.244109 -901.820332 -895.136865 -894.271560 -894.186747 -894.202758 -894.234265 -894.267672 -894.299713 -894.329347 -894.356572 -894.385647 -894.459526 -894.956268 -898.434622 -906.409052 -919.951320 -895.080100 -1234.780290 -1216.578138 -1213.410313 -1212.928483 -1212.834092 -1212.817143 -1212.816789 -1212.819440 -1212.822123 -1212.824281 -1212.825919 -1212.827151 -1212.828088 -1212.828813 -1212.829385 -1212.829845 -1212.830224 -1212.830554 -1212.830871 -1212.831215 -1212.831641 -1212.832225 -1212.833081 -1212.834391 -1212.836442 -1212.839705 -1212.844962 -1212.853560 -1212.867877 -1212.892277 -1212.935031 -1213.012262 -1213.155916 -1213.429606 -1213.959737 -1214.998712 -1217.068845 -1221.343675 -1230.747984 -1254.189509 -9999.0 -9999.0
-9999.0 -9999.0 71.817683 -28.369081 -128.558991 -229.188318 -331.589006 -439.179232 -560.442672 -701.897099 -846.264543 -952.102364 -1011.971509 -1048.051474 -1091.212889 -1146.138939 -1191.406427 -1207.775616 -1207.689505 -1200.443921 -1192.514332 -1186.846930 -1184.215698 -1184.369539 -1186.645785 -1190.260582 -1194.449600 -1198.579435 -1202.230352 -1205.209544 -1207.497595 -1209.174608 -1210.359597 -1211.171989 -1211.713433 -1212.064507 -1212.297313 -1212.500532 -1212.735546 -1213.195541 -1218.034206 -1252.229507 -931.012740 -940.199993 -916.244109 -901.820331 -895.136865 -894.271560 -894.186747 -894.202758 -894.234265 -894.267672 -894.299713 -894.329347 -894.356572 -894.385647 -894.459526 -894.956268 -898.434622 -906.409052 -919.951320 -895.080100 -1234.780290 -1216.578138 -1213.410313 -1212.928483 -1212.834092 -1212.817143 -1212.816789 -1212.819440 -1212.822123 -1212.824281 -1212.825919 -1212.827151 -1212.828088 -1212.828813 -1212.829385 -1212.829845 -1212.830224 -1212.830554 -1212.830871 -1212.831215 -1212.831641 -1212.832225 -1212.833081 -1212.834391 -1212.836442 -1212.839705 -1212.844962 -1212.853560 -1212.867877 -1212.892277 -1212.935031 -1213.012262 -1213.155916 -1213.429606 -1213.959737 -1214.998712 -1217.068845 -1221.343675 -1230.747984 -1254.189509 -9999.0 -9999.0
-9999.0 -9999.0 71.817682 -28.369081 -128.558992 -229.188319 -331.589006 -439.179233 -560.442672 -701.897100 -846.264543 -952.102364 -1011.971509 -1048.051474 -1091.212889 -1146.138939 -1191.406427 -1207.775616 -1207.689505 -1200.443921 -1192.514332 -1186.846930 -1184.215698 -1184.369539 -1186.645785 -1190.260582 -1194.449600 -1198.579435 -1202.230352 -1205.209544 -1207.497595 -1209.174608 -1210.359597 -1211.171989 -1211.713433 -1212.064507 -1212.297313 -1212.500532 -1212.735546 -1213.195541 -1218.034206 -1252.229507 -931.012740 -940.199993 -916.244108 -901.820331 -895.136865 -894.271560 -894.186747 -894.202758 -894.234265 -894.267672 -894.299713 -894.329347 -894.356572 -894.385647 -894.459526 -894.956268 -898.434622 -906.409052 -919.951320 -895.080100 -1234.780290 -1216.578138 -1213.410313 -1212.928483 -1212.834092 -1212.817143 -1212.816789 -1212.819440 -1212.822123 -1212.824281 -1212.825919 -1212.827151 -1212.828088 -1212.828813 -1212.829385 -1212.829845 -1212.830224 -1212.830554 -1212.830871 -1212.831215 -1212.831641 -1212.832225 -1212.833081 -1212.834391 -1212.836442 -1212.839705 -1212.844962 -1212.853560 -1212.867877 -1212.892277 -1212.935031 -1213.012262 -1213.155916 -1213.429606 -1213.959737 -1214.998712 -1217.068845 -1221.343675 -1230.747984 -1254.189509 -9999.0 -9999.0
-9999.0 -9999.0 71.817682 -28.369081 -128.558992 -229.188319 -331.589006 -439.179233 -560.442673 -701.897100 -846.264543 -952.102364 -1011.971509 -1048.051474 -1091.212889 -1146.138939 -1191.406427 -1207.775616 -1207.689505 -1200.443921 -1192.514332 -1186.846930 -1184.215698 -1184.369539 -1186.645785 -1190.260582 -1194.449600 -1198.579435 -1202.230352 -1205.209544 -1207.497595 -1209.174608 -1210.359597 -1211.171989 -1211.713433 -1212.064507 -1212.297313 -1212.500532 -1212.735546 -1213.195541 -1218.034206 -1252.229507 -931.012740 -940.199993 -916.244108 -901.820331 -895.136865 -894.271560 -894.186747 -894.202758 -894.234265 -894.267672 -894.299713 -894.329347 -894.356572 -894.385647 -894.459526 -894.956268 -898.434622 -906.409052 -919.951320 -895.080100 -1234.780290 -1216.578138 -1213.410313 -1212.928483 -1212.834092 -1212.817143 -1212.816789 -1212.819440 -1212.822123 -1212.824281 -1212.825919 -1212.827151 -1212.828088 -1212.828813 -1212.829385 -1212.829845 -1212.830224 -1212.830554 -1212.830871 -1212.831215 -1212.831641 -1212.832225 -1212.833081 -1212.834391 -1212.836442 -1212.839705 -1212.844962 -1212.853560 -1212.867877 -1212.892277 -1212.935031 -1213.012262 -1213.155916 -1213.429606 -1213.959737 -1214.998712 -1217.068845 -1221.343675 -1230.747984 -1254.189509 -9999.0 -9999.0
-9999.0 -9999.0 71.817683 -28.369081 -128.558992 -229.188318 -331.589006 -439.179232 -560.442672 -701.897100 -846.264543 -952.102364 -1011.971509 -1048.051474 -1091.212889 -1146.138939 -1191.406427 -1207.775616 -1207.689505 -1200.443921 -1192.514332 -1186.846930 -1184.215698 -1184.369539 -1186.645785 -1190.260582 -1194.449600 -1198.579435 -1202.230352 -1205.209544 -1207.497595 -1209.174608 -1210.359597 -1211.171989 -1211.713433 -1212.064507 -1212.297313 -1212.500532 -1212.735546 -1213.195541 -1218.034206 -1252.229507 -931.012740 -940.199993 -916.244109 -901.820331 -895.136865 -894.271560 -894.186747 -894.202758 -894.234265 -894.267672 -894.299713 -894.329347 -894.356572 -894.385647 -894.459526 -894.956268 -898.434622 -906.409052 -919.951320 -895.080100 -1234.780290 -1216.578138 -1213.410313 -1212.928483 -1212.834092 -1212.817143 -1212.816789 -1212.819440 -1212.822123 -1212.824281 -1212.825919 -1212.827151 -1212.828088 -1212.828813 -1212.829385 -1212.829845 -1212.830224 -1212.830554 -1212.830871 -1212.831215 -1212.831641 -1212.832225 -1212.833081 -1212.834391 -1212.836442 -1212.839705 -1212.844962 -1212.853560 -1212.867877 -1212.892277 -1212.935031 -1213.012262 -1213.155916 -1213.429606 -1213.959737 -1214.998712 -1217.068845 -1221.343675 -1230.747984 -1254.189509 -9999.0 -9999.0
-9999.0 -9999.0 71.817684 -28.369080 -128.558991 -229.188318 -331.589006 -439.179232 -560.442672 -701.897099 -846.264542 -952.102364 -1011.971509 -1048.051474 -1091.212889 -1146.138939 -1191.406427 -1207.775616 -1207.689505 -1200.443921 -1192.514332 -1186.846930 -1184.215698 -1184.369539 -1186.645785 -1190.260582 -1194.449600 -1198.579435 -1202.230352 -1205.209544 -1207.497595 -1209.174608 -1210.359597 -1211.171989 -1211.713433 -1212.064507 -1212.297313 -1212.500532 -1212.735546 -1213.195541 -1218.034206 -1252.229507 -931.012740 -940.199993 -916.244109 -901.820332 -895.136865 -894.271560 -894.186747 -894.202758 -894.234265 -894.267672 -894.299713 -894.329347 -894.356572 -894.385647 -894.459526 -894.956268 -898.434622 -906.409052 -919.951320 -895.080100 -1234.780290 -1216.578138 -1213.410313 -1212.928483 -1212.834092 -1212.817143 -1212.816789 -1212.819440 -1212.822123 -1212.824281 -1212.825919 -1212.827151 -1212.828088 -1212.828813 -1212.829385 -1212.829845 -1212.830224 -1212.830554 -1212.830871 -1212.831215 -1212.831641 -1212.832225 -1212.833081 -1212.834391 -1212.836442 -1212.839705 -1212.844962 -1212.853560 -1212.867877 -1212.892277 -1212.935031 -1213.012262 -1213.155916 -1213.429606 -1213.959737 -1214.998712 -1217.068845 -1221.343675 -1230.747984 -1254.189509 -9999.0 -9999.0
-9999.0 -9999.0 -9999.0 -9999.0 -9999.0 -9999.0 -9999.0 -9999.0 -9999.0 -9999.0 -9999.0 -9999.0 -9999.0 -9999.0 -9999.0 -9999.0 -9999.0 -9999.0 -9999.0 -9999.0 -9999.0 -9999.0 -9999.0 -9999.0 -9999.0 -9999.0 -9999.0 -9999.0 -9999.0 -9999.0 -9999.0 -9999.0 -9999.0 -9999.0 -9999.0 -9999.0 -9999.0 -9999.0 -9999.0 -9999.0 -9999.0 -9999.0 -9999.0 -9999.0 -9999.0 -9999.0 -9999.0 -9999.0 -9999.0 -9999.0 -9999.0 -9999.0 -9999.0 -9999.0 -9999.0 -9999.0 -9999.0 -9999.0 -9999.0 -9999.0 -9999.0 -9999.0 -9999.0 -9999.0 -9999.0 -9999.0 -9999.0 -9999.0 -9999.0 -9999.0 -9999.0 -9999.0 -9999.0 -9999.0 -9999.0 -9999.0 -9999.0 -9999.0 -9999.0 -9999.0 -9999.0 -9999.0 -9999.0 -9999.0 -9999.0 -9999.0 -9999.0 -9999.0 -9999.0 -9999.0 -9999.0 -9999.0 -9999.0 -9999.0 -9999.0 -9999.0 -9999.0 -9999.0 -9999.0 -9999.0 -9999.0 -9999.0 -9999.0 -9999.0
-9999.0 -9999.0 -9999.0 -9999.0 -9999.0 -9999.0 -9999.0 -9999.0 -9999.0 -9999.0 -9999.0 -9999.0 -9999.0 -9999.0 -9999.0 -9999.0 -9999.0 -9999.0 -9999.0 -9999.0 -9999.0 -9999.0 -9999.0 -9999.0 -9999.0 -9999.0 -9999.0 -9999.0 -9999.0 -9999.0 -9999.0 -9999.0 -9999.0 -9999.0 -9999.0 -9999.0 -9999.0 -9999.0 -9999.0 -9999.0 -9999.0 -9999.0 -9999.0 -9999.0 -9999.0 -9999.0 -9999.0 -9999.0 -9999.0 -9999.0 -9999.0 -9999.0 -9999.0 -9999.0 -9999.0 -9999.0 -9999.0 -9999.0 -9999.0 -9999.0 -9999.0 -9999.0 -9999.0 -9999.0 -9999.0 -9999.0 -9999.0 -9999.0 -9999.0 -9999.0 -9999.0 -9999.0 -9999.0 -9999.0 -9999.0 -9999.0 -9999.0 -9999.0 -9999.0 -9999.0 -9999.0 -9999.0 -9999.0 -9999.0 -9999.0 -9999.0 -9999.0 -9999.0 -9999.0 -9999.0 -9999.0 -9999.0 -9999.0 -9999.0 -9999.0 -9999.0 -9999.0 -9999.0 -9999.0 -9999.0 -9999.0 -9999.0 -9999.0 -9999.0