inst/processing_geotop_simulation/geotop_simulation/out/maps3D/PwL0014N0269.asc
ncols         104
nrows         10
xllcorner     -2.000000
yllcorner     0.000000
cellsize      1.000000
NODATA_value  -9999.0
-9999.0 -9999.0 -9999.0 -9999.0 -9999.0 -9999.0 -9999.0 -9999.0 -9999.0 -9999.0 -9999.0 -9999.0 -9999.0 -9999.0 -9999.0 -9999.0 -9999.0 -9999.0 -9999.0 -9999.0 -9999.0 -9999.0 -9999.0 -9999.0 -9999.0 -9999.0 -9999.0 -9999.0 -9999.0 -9999.0 -9999.0 -9999.0 -9999.0 -9999.0 -9999.0 -9999.0 -9999.0 -9999.0 -9999.0 -9999.0 -9999.0 -9999.0 -9999.0 -9999.0 -9999.0 -9999.0 -9999.0 -9999.0 -9999.0 -9999.0 -9999.0 -9999.0 -9999.0 -9999.0 -9999.0 -9999.0 -9999.0 -9999.0 -9999.0 -9999.0 -9999.0 -9999.0 -9999.0 -9999.0 -9999.0 -9999.0 -9999.0 -9999.0 -9999.0 -9999.0 -9999.0 -9999.0 -9999.0 -9999.0 -9999.0 -9999.0 -9999.0 -9999.0 -9999.0 -9999.0 -9999.0 -9999.0 -9999.0 -9999.0 -9999.0 -9999.0 -9999.0 -9999.0 -9999.0 -9999.0 -9999.0 -9999.0 -9999.0 -9999.0 -9999.0 -9999.0 -9999.0 -9999.0 -9999.0 -9999.0 -9999.0 -9999.0 -9999.0 -9999.0
-9999.0 -9999.0 -9999.0 -9999.0 -9999.0 -9999.0 -9999.0 -9999.0 -9999.0 -9999.0 -9999.0 -9999.0 -9999.0 -9999.0 -9999.0 -9999.0 -9999.0 -9999.0 -9999.0 -9999.0 -9999.0 -9999.0 -9999.0 -9999.0 -9999.0 -9999.0 -9999.0 -9999.0 -9999.0 -9999.0 -9999.0 -9999.0 -9999.0 -9999.0 -9999.0 -9999.0 -9999.0 -9999.0 -9999.0 -9999.0 -9999.0 -9999.0 -9999.0 -9999.0 -9999.0 -9999.0 -9999.0 -9999.0 -9999.0 -9999.0 -9999.0 -9999.0 -9999.0 -9999.0 -9999.0 -9999.0 -9999.0 -9999.0 -9999.0 -9999.0 -9999.0 -9999.0 -9999.0 -9999.0 -9999.0 -9999.0 -9999.0 -9999.0 -9999.0 -9999.0 -9999.0 -9999.0 -9999.0 -9999.0 -9999.0 -9999.0 -9999.0 -9999.0 -9999.0 -9999.0 -9999.0 -9999.0 -9999.0 -9999.0 -9999.0 -9999.0 -9999.0 -9999.0 -9999.0 -9999.0 -9999.0 -9999.0 -9999.0 -9999.0 -9999.0 -9999.0 -9999.0 -9999.0 -9999.0 -9999.0 -9999.0 -9999.0 -9999.0 -9999.0
-9999.0 -9999.0 674.120894 576.754910 478.818140 380.498177 281.999493 183.424139 84.823070 -13.774019 -112.348767 -210.891070 -309.364028 -407.690686 -505.731834 -603.288730 -700.014399 -797.103071 -893.799377 -990.007225 -1085.523986 -1174.172775 -1255.615129 -1327.302802 -1387.636150 -1436.275287 -1474.000146 -1502.304608 -1522.960479 -1537.695356 -1548.014726 -1555.136671 -1559.996147 -1563.283417 -1565.493784 -1566.977411 -1567.989089 -1568.767428 -1569.800818 -1572.843434 -1583.743796 -1619.928187 -1957.270872 -4228.079270 -4274.171420 -4262.247196 -4251.518355 -4249.779801 -4249.599920 -4249.618900 -4249.666002 -4249.716350 -4249.764597 -4249.809172 -4249.850320 -4249.896714 -4250.034260 -4251.000161 -4257.159402 -4266.948437 -4182.846050 -1767.373036 -1583.300661 -1576.083893 -1571.529131 -1570.323938 -1570.096261 -1570.059039 -1570.053702 -1570.053509 -1570.054072 -1570.054642 -1570.055103 -1570.055462 -1570.055739 -1570.055958 -1570.056133 -1570.056278 -1570.056401 -1570.056513 -1570.056623 -1570.056745 -1570.056897 -1570.057103 -1570.057404 -1570.057862 -1570.058576 -1570.059716 -1570.061569 -1570.064645 -1570.069874 -1570.079016 -1570.095487 -1570.126078 -1570.184563 -1570.299697 -1570.534458 -1571.036639 -1572.180399 -1574.989565 -1582.604242 -1606.639976 -9999.0 -9999.0
-9999.0 -9999.0 674.125532 576.756410 478.818588 380.498317 281.999539 183.424155 84.823075 -13.774017 -112.348766 -210.891070 -309.364028 -407.690686 -505.731834 -603.288731 -700.014400 -797.103071 -893.799378 -990.007225 -1085.523986 -1174.172775 -1255.615129 -1327.302802 -1387.636150 -1436.275287 -1474.000146 -1502.304609 -1522.960479 -1537.695356 -1548.014726 -1555.136671 -1559.996147 -1563.283417 -1565.493784 -1566.977411 -1567.989089 -1568.767428 -1569.800818 -1572.843434 -1583.743796 -1619.928186 -1957.270871 -4228.079270 -4274.171420 -4262.247195 -4251.518355 -4249.779801 -4249.599920 -4249.618900 -4249.666002 -4249.716350 -4249.764597 -4249.809172 -4249.850320 -4249.896714 -4250.034260 -4251.000161 -4257.159402 -4266.948437 -4182.846050 -1767.373036 -1583.300661 -1576.083893 -1571.529131 -1570.323938 -1570.096261 -1570.059039 -1570.053702 -1570.053509 -1570.054072 -1570.054642 -1570.055103 -1570.055462 -1570.055739 -1570.055958 -1570.056133 -1570.056278 -1570.056401 -1570.056513 -1570.056623 -1570.056745 -1570.056897 -1570.057103 -1570.057404 -1570.057862 -1570.058576 -1570.059716 -1570.061569 -1570.064645 -1570.069874 -1570.079016 -1570.095487 -1570.126078 -1570.184563 -1570.299697 -1570.534458 -1571.036639 -1572.180399 -1574.989565 -1582.604242 -1606.639976 -9999.0 -9999.0
-9999.0 -9999.0 674.126921 576.757137 478.818886 380.498428 281.999579 183.424170 84.823081 -13.774015 -112.348765 -210.891069 -309.364028 -407.690686 -505.731834 -603.288731 -700.014400 -797.103071 -893.799378 -990.007226 -1085.523986 -1174.172775 -1255.615129 -1327.302802 -1387.636150 -1436.275287 -1474.000146 -1502.304609 -1522.960479 -1537.695356 -1548.014726 -1555.136671 -1559.996147 -1563.283417 -1565.493784 -1566.977411 -1567.989089 -1568.767428 -1569.800818 -1572.843434 -1583.743796 -1619.928186 -1957.270871 -4228.079270 -4274.171420 -4262.247195 -4251.518355 -4249.779801 -4249.599920 -4249.618900 -4249.666002 -4249.716350 -4249.764597 -4249.809172 -4249.850320 -4249.896714 -4250.034260 -4251.000161 -4257.159402 -4266.948437 -4182.846050 -1767.373036 -1583.300661 -1576.083893 -1571.529131 -1570.323938 -1570.096261 -1570.059039 -1570.053702 -1570.053509 -1570.054072 -1570.054642 -1570.055103 -1570.055462 -1570.055739 -1570.055958 -1570.056133 -1570.056278 -1570.056401 -1570.056513 -1570.056623 -1570.056745 -1570.056897 -1570.057103 -1570.057404 -1570.057862 -1570.058576 -1570.059716 -1570.061569 -1570.064645 -1570.069874 -1570.079016 -1570.095487 -1570.126078 -1570.184563 -1570.299697 -1570.534458 -1571.036639 -1572.180399 -1574.989565 -1582.604242 -1606.639976 -9999.0 -9999.0
-9999.0 -9999.0 674.126921 576.757137 478.818885 380.498428 281.999579 183.424170 84.823081 -13.774015 -112.348765 -210.891070 -309.364028 -407.690686 -505.731834 -603.288731 -700.014400 -797.103071 -893.799378 -990.007226 -1085.523986 -1174.172775 -1255.615129 -1327.302802 -1387.636150 -1436.275287 -1474.000146 -1502.304609 -1522.960479 -1537.695356 -1548.014726 -1555.136671 -1559.996147 -1563.283417 -1565.493784 -1566.977411 -1567.989089 -1568.767428 -1569.800818 -1572.843434 -1583.743796 -1619.928186 -1957.270871 -4228.079270 -4274.171420 -4262.247195 -4251.518355 -4249.779801 -4249.599920 -4249.618900 -4249.666002 -4249.716350 -4249.764597 -4249.809172 -4249.850320 -4249.896714 -4250.034260 -4251.000161 -4257.159402 -4266.948437 -4182.846050 -1767.373036 -1583.300661 -1576.083893 -1571.529131 -1570.323938 -1570.096261 -1570.059039 -1570.053702 -1570.053509 -1570.054072 -1570.054642 -1570.055103 -1570.055462 -1570.055739 -1570.055958 -1570.056133 -1570.056278 -1570.056401 -1570.056513 -1570.056623 -1570.056745 -1570.056897 -1570.057103 -1570.057404 -1570.057862 -1570.058576 -1570.059716 -1570.061569 -1570.064645 -1570.069874 -1570.079016 -1570.095487 -1570.126078 -1570.184563 -1570.299697 -1570.534458 -1571.036639 -1572.180399 -1574.989565 -1582.604242 -1606.639976 -9999.0 -9999.0
-9999.0 -9999.0 674.125532 576.756410 478.818588 380.498316 281.999539 183.424155 84.823075 -13.774017 -112.348766 -210.891070 -309.364028 -407.690686 -505.731834 -603.288731 -700.014400 -797.103071 -893.799378 -990.007225 -1085.523986 -1174.172775 -1255.615129 -1327.302802 -1387.636150 -1436.275287 -1474.000146 -1502.304609 -1522.960479 -1537.695356 -1548.014726 -1555.136671 -1559.996147 -1563.283417 -1565.493784 -1566.977411 -1567.989089 -1568.767428 -1569.800818 -1572.843434 -1583.743796 -1619.928186 -1957.270871 -4228.079270 -4274.171420 -4262.247195 -4251.518355 -4249.779801 -4249.599920 -4249.618900 -4249.666002 -4249.716350 -4249.764597 -4249.809172 -4249.850320 -4249.896714 -4250.034260 -4251.000161 -4257.159402 -4266.948437 -4182.846050 -1767.373036 -1583.300661 -1576.083893 -1571.529131 -1570.323938 -1570.096261 -1570.059039 -1570.053702 -1570.053509 -1570.054072 -1570.054642 -1570.055103 -1570.055462 -1570.055739 -1570.055958 -1570.056133 -1570.056278 -1570.056401 -1570.056513 -1570.056623 -1570.056745 -1570.056897 -1570.057103 -1570.057404 -1570.057862 -1570.058576 -1570.059716 -1570.061569 -1570.064645 -1570.069874 -1570.079016 -1570.095487 -1570.126078 -1570.184563 -1570.299697 -1570.534458 -1571.036639 -1572.180399 -1574.989565 -1582.604242 -1606.639976 -9999.0 -9999.0
-9999.0 -9999.0 674.120894 576.754911 478.818140 380.498177 281.999493 183.424140 84.823070 -13.774019 -112.348767 -210.891070 -309.364028 -407.690686 -505.731834 -603.288730 -700.014399 -797.103071 -893.799377 -990.007225 -1085.523986 -1174.172775 -1255.615129 -1327.302802 -1387.636150 -1436.275287 -1474.000146 -1502.304608 -1522.960479 -1537.695356 -1548.014726 -1555.136671 -1559.996147 -1563.283417 -1565.493784 -1566.977411 -1567.989089 -1568.767428 -1569.800818 -1572.843434 -1583.743796 -1619.928187 -1957.270872 -4228.079270 -4274.171420 -4262.247196 -4251.518355 -4249.779801 -4249.599920 -4249.618900 -4249.666002 -4249.716350 -4249.764597 -4249.809172 -4249.850320 -4249.896714 -4250.034260 -4251.000161 -4257.159402 -4266.948437 -4182.846050 -1767.373036 -1583.300661 -1576.083893 -1571.529131 -1570.323938 -1570.096261 -1570.059039 -1570.053702 -1570.053509 -1570.054072 -1570.054642 -1570.055103 -1570.055462 -1570.055739 -1570.055958 -1570.056133 -1570.056278 -1570.056401 -1570.056513 -1570.056623 -1570.056745 -1570.056897 -1570.057103 -1570.057404 -1570.057862 -1570.058576 -1570.059716 -1570.061569 -1570.064645 -1570.069874 -1570.079016 -1570.095487 -1570.126078 -1570.184563 -1570.299697 -1570.534458 -1571.036639 -1572.180399 -1574.989565 -1582.604242 -1606.639976 -9999.0 -9999.0
-9999.0 -9999.0 -9999.0 -9999.0 -9999.0 -9999.0 -9999.0 -9999.0 -9999.0 -9999.0 -9999.0 -9999.0 -9999.0 -9999.0 -9999.0 -9999.0 -9999.0 -9999.0 -9999.0 -9999.0 -9999.0 -9999.0 -9999.0 -9999.0 -9999.0 -9999.0 -9999.0 -9999.0 -9999.0 -9999.0 -9999.0 -9999.0 -9999.0 -9999.0 -9999.0 -9999.0 -9999.0 -9999.0 -9999.0 -9999.0 -9999.0 -9999.0 -9999.0 -9999.0 -9999.0 -9999.0 -9999.0 -9999.0 -9999.0 -9999.0 -9999.0 -9999.0 -9999.0 -9999.0 -9999.0 -9999.0 -9999.0 -9999.0 -9999.0 -9999.0 -9999.0 -9999.0 -9999.0 -9999.0 -9999.0 -9999.0 -9999.0 -9999.0 -9999.0 -9999.0 -9999.0 -9999.0 -9999.0 -9999.0 -9999.0 -9999.0 -9999.0 -9999.0 -9999.0 -9999.0 -9999.0 -9999.0 -9999.0 -9999.0 -9999.0 -9999.0 -9999.0 -9999.0 -9999.0 -9999.0 -9999.0 -9999.0 -9999.0 -9999.0 -9999.0 -9999.0 -9999.0 -9999.0 -9999.0 -9999.0 -9999.0 -9999.0 -9999.0 -9999.0
-9999.0 -9999.0 -9999.0 -9999.0 -9999.0 -9999.0 -9999.0 -9999.0 -9999.0 -9999.0 -9999.0 -9999.0 -9999.0 -9999.0 -9999.0 -9999.0 -9999.0 -9999.0 -9999.0 -9999.0 -9999.0 -9999.0 -9999.0 -9999.0 -9999.0 -9999.0 -9999.0 -9999.0 -9999.0 -9999.0 -9999.0 -9999.0 -9999.0 -9999.0 -9999.0 -9999.0 -9999.0 -9999.0 -9999.0 -9999.0 -9999.0 -9999.0 -9999.0 -9999.0 -9999.0 -9999.0 -9999.0 -9999.0 -9999.0 -9999.0 -9999.0 -9999.0 -9999.0 -9999.0 -9999.0 -9999.0 -9999.0 -9999.0 -9999.0 -9999.0 -9999.0 -9999.0 -9999.0 -9999.0 -9999.0 -9999.0 -9999.0 -9999.0 -9999.0 -9999.0 -9999.0 -9999.0 -9999.0 -9999.0 -9999.0 -9999.0 -9999.0 -9999.0 -9999.0 -9999.0 -9999.0 -9999.0 -9999.0 -9999.0 -9999.0 -9999.0 -9999.0 -9999.0 -9999.0 -9999.0 -9999.0 -9999.0 -9999.0 -9999.0 -9999.0 -9999.0 -9999.0 -9999.0 -9999.0 -9999.0 -9999.0 -9999.0 -9999.0 -9999.0