inst/processing_geotop_simulation/geotop_simulation/out/maps3D/PwL0014N0367.asc
ncols         104
nrows         10
xllcorner     -2.000000
yllcorner     0.000000
cellsize      1.000000
NODATA_value  -9999.0
-9999.0 -9999.0 -9999.0 -9999.0 -9999.0 -9999.0 -9999.0 -9999.0 -9999.0 -9999.0 -9999.0 -9999.0 -9999.0 -9999.0 -9999.0 -9999.0 -9999.0 -9999.0 -9999.0 -9999.0 -9999.0 -9999.0 -9999.0 -9999.0 -9999.0 -9999.0 -9999.0 -9999.0 -9999.0 -9999.0 -9999.0 -9999.0 -9999.0 -9999.0 -9999.0 -9999.0 -9999.0 -9999.0 -9999.0 -9999.0 -9999.0 -9999.0 -9999.0 -9999.0 -9999.0 -9999.0 -9999.0 -9999.0 -9999.0 -9999.0 -9999.0 -9999.0 -9999.0 -9999.0 -9999.0 -9999.0 -9999.0 -9999.0 -9999.0 -9999.0 -9999.0 -9999.0 -9999.0 -9999.0 -9999.0 -9999.0 -9999.0 -9999.0 -9999.0 -9999.0 -9999.0 -9999.0 -9999.0 -9999.0 -9999.0 -9999.0 -9999.0 -9999.0 -9999.0 -9999.0 -9999.0 -9999.0 -9999.0 -9999.0 -9999.0 -9999.0 -9999.0 -9999.0 -9999.0 -9999.0 -9999.0 -9999.0 -9999.0 -9999.0 -9999.0 -9999.0 -9999.0 -9999.0 -9999.0 -9999.0 -9999.0 -9999.0 -9999.0 -9999.0
-9999.0 -9999.0 -9999.0 -9999.0 -9999.0 -9999.0 -9999.0 -9999.0 -9999.0 -9999.0 -9999.0 -9999.0 -9999.0 -9999.0 -9999.0 -9999.0 -9999.0 -9999.0 -9999.0 -9999.0 -9999.0 -9999.0 -9999.0 -9999.0 -9999.0 -9999.0 -9999.0 -9999.0 -9999.0 -9999.0 -9999.0 -9999.0 -9999.0 -9999.0 -9999.0 -9999.0 -9999.0 -9999.0 -9999.0 -9999.0 -9999.0 -9999.0 -9999.0 -9999.0 -9999.0 -9999.0 -9999.0 -9999.0 -9999.0 -9999.0 -9999.0 -9999.0 -9999.0 -9999.0 -9999.0 -9999.0 -9999.0 -9999.0 -9999.0 -9999.0 -9999.0 -9999.0 -9999.0 -9999.0 -9999.0 -9999.0 -9999.0 -9999.0 -9999.0 -9999.0 -9999.0 -9999.0 -9999.0 -9999.0 -9999.0 -9999.0 -9999.0 -9999.0 -9999.0 -9999.0 -9999.0 -9999.0 -9999.0 -9999.0 -9999.0 -9999.0 -9999.0 -9999.0 -9999.0 -9999.0 -9999.0 -9999.0 -9999.0 -9999.0 -9999.0 -9999.0 -9999.0 -9999.0 -9999.0 -9999.0 -9999.0 -9999.0 -9999.0 -9999.0
-9999.0 -9999.0 671.618258 573.116040 474.287873 375.241522 276.093692 176.902585 77.697261 -21.504873 -120.694162 -219.866213 -319.004916 -418.077776 -517.028149 -615.774104 -714.169922 -812.699350 -911.026643 -1009.086436 -1106.761947 -1200.942955 -1290.720597 -1373.658633 -1447.466221 -1510.575507 -1562.448416 -1603.550121 -1635.077673 -1658.602826 -1675.761309 -1688.048255 -1696.719537 -1702.769926 -1706.955455 -1709.836580 -1711.834859 -1713.333817 -1714.964715 -1718.355083 -1726.464605 -1736.320140 -1787.577700 -4018.387529 -3848.635422 -3599.417153 -3468.102339 -3450.342860 -3448.537815 -3448.723698 -3449.191699 -3449.693161 -3450.174499 -3450.619865 -3451.031868 -3451.500263 -3452.909629 -3462.862680 -3531.294010 -3678.652894 -3715.164897 -1603.309719 -1696.909301 -1718.368251 -1717.340777 -1716.354409 -1716.100850 -1716.052355 -1716.044529 -1716.043769 -1716.044123 -1716.044574 -1716.044958 -1716.045266 -1716.045512 -1716.045714 -1716.045882 -1716.046028 -1716.046157 -1716.046279 -1716.046402 -1716.046536 -1716.046696 -1716.046902 -1716.047187 -1716.047601 -1716.048229 -1716.049210 -1716.050784 -1716.053381 -1716.057792 -1716.065521 -1716.079515 -1716.105672 -1716.156125 -1716.256776 -1716.466074 -1716.925477 -1718.003784 -1720.747624 -1728.488263 -1753.473472 -9999.0 -9999.0
-9999.0 -9999.0 671.622535 573.117422 474.288285 375.241651 276.093734 176.902600 77.697266 -21.504871 -120.694160 -219.866213 -319.004916 -418.077776 -517.028149 -615.774105 -714.169922 -812.699350 -911.026643 -1009.086436 -1106.761947 -1200.942955 -1290.720597 -1373.658633 -1447.466221 -1510.575507 -1562.448416 -1603.550121 -1635.077673 -1658.602826 -1675.761309 -1688.048255 -1696.719537 -1702.769926 -1706.955455 -1709.836580 -1711.834859 -1713.333817 -1714.964715 -1718.355083 -1726.464605 -1736.320140 -1787.577700 -4018.387528 -3848.635419 -3599.417145 -3468.102339 -3450.342860 -3448.537815 -3448.723698 -3449.191699 -3449.693161 -3450.174499 -3450.619865 -3451.031868 -3451.500263 -3452.909629 -3462.862680 -3531.294009 -3678.652894 -3715.164897 -1603.309719 -1696.909301 -1718.368251 -1717.340777 -1716.354409 -1716.100850 -1716.052355 -1716.044529 -1716.043769 -1716.044123 -1716.044574 -1716.044958 -1716.045266 -1716.045512 -1716.045714 -1716.045882 -1716.046028 -1716.046157 -1716.046279 -1716.046402 -1716.046536 -1716.046695 -1716.046902 -1716.047187 -1716.047601 -1716.048229 -1716.049210 -1716.050784 -1716.053381 -1716.057792 -1716.065521 -1716.079515 -1716.105672 -1716.156125 -1716.256776 -1716.466074 -1716.925477 -1718.003784 -1720.747624 -1728.488263 -1753.473472 -9999.0 -9999.0
-9999.0 -9999.0 671.623817 573.118093 474.288559 375.241753 276.093772 176.902613 77.697271 -21.504869 -120.694160 -219.866212 -319.004916 -418.077776 -517.028149 -615.774104 -714.169923 -812.699350 -911.026643 -1009.086436 -1106.761947 -1200.942955 -1290.720598 -1373.658633 -1447.466221 -1510.575507 -1562.448416 -1603.550121 -1635.077673 -1658.602826 -1675.761309 -1688.048255 -1696.719537 -1702.769926 -1706.955455 -1709.836580 -1711.834859 -1713.333817 -1714.964715 -1718.355083 -1726.464605 -1736.320140 -1787.577700 -4018.387528 -3848.635418 -3599.417142 -3468.102339 -3450.342860 -3448.537815 -3448.723698 -3449.191699 -3449.693161 -3450.174499 -3450.619865 -3451.031868 -3451.500263 -3452.909629 -3462.862680 -3531.294010 -3678.652894 -3715.164897 -1603.309719 -1696.909301 -1718.368251 -1717.340777 -1716.354409 -1716.100850 -1716.052355 -1716.044529 -1716.043769 -1716.044123 -1716.044574 -1716.044958 -1716.045266 -1716.045512 -1716.045714 -1716.045882 -1716.046028 -1716.046157 -1716.046279 -1716.046402 -1716.046536 -1716.046695 -1716.046902 -1716.047187 -1716.047601 -1716.048229 -1716.049210 -1716.050784 -1716.053381 -1716.057792 -1716.065521 -1716.079515 -1716.105672 -1716.156125 -1716.256776 -1716.466074 -1716.925477 -1718.003784 -1720.747624 -1728.488263 -1753.473472 -9999.0 -9999.0
-9999.0 -9999.0 671.623817 573.118093 474.288559 375.241753 276.093772 176.902613 77.697271 -21.504869 -120.694160 -219.866213 -319.004915 -418.077776 -517.028149 -615.774105 -714.169923 -812.699350 -911.026643 -1009.086436 -1106.761947 -1200.942955 -1290.720598 -1373.658633 -1447.466221 -1510.575507 -1562.448416 -1603.550121 -1635.077673 -1658.602826 -1675.761309 -1688.048255 -1696.719537 -1702.769926 -1706.955455 -1709.836580 -1711.834859 -1713.333817 -1714.964715 -1718.355083 -1726.464605 -1736.320140 -1787.577700 -4018.387528 -3848.635418 -3599.417142 -3468.102339 -3450.342860 -3448.537815 -3448.723698 -3449.191699 -3449.693161 -3450.174499 -3450.619865 -3451.031868 -3451.500263 -3452.909629 -3462.862680 -3531.294010 -3678.652894 -3715.164897 -1603.309719 -1696.909301 -1718.368251 -1717.340777 -1716.354409 -1716.100850 -1716.052355 -1716.044529 -1716.043769 -1716.044123 -1716.044574 -1716.044958 -1716.045266 -1716.045512 -1716.045714 -1716.045882 -1716.046028 -1716.046157 -1716.046279 -1716.046402 -1716.046536 -1716.046695 -1716.046902 -1716.047187 -1716.047601 -1716.048229 -1716.049210 -1716.050784 -1716.053381 -1716.057792 -1716.065521 -1716.079515 -1716.105672 -1716.156125 -1716.256776 -1716.466074 -1716.925477 -1718.003784 -1720.747624 -1728.488263 -1753.473472 -9999.0 -9999.0
-9999.0 -9999.0 671.622535 573.117422 474.288285 375.241651 276.093735 176.902600 77.697266 -21.504871 -120.694161 -219.866213 -319.004916 -418.077776 -517.028149 -615.774104 -714.169922 -812.699350 -911.026643 -1009.086436 -1106.761947 -1200.942955 -1290.720598 -1373.658633 -1447.466221 -1510.575507 -1562.448416 -1603.550121 -1635.077673 -1658.602826 -1675.761309 -1688.048255 -1696.719537 -1702.769926 -1706.955455 -1709.836580 -1711.834859 -1713.333817 -1714.964715 -1718.355083 -1726.464605 -1736.320140 -1787.577700 -4018.387528 -3848.635419 -3599.417145 -3468.102339 -3450.342860 -3448.537815 -3448.723698 -3449.191699 -3449.693161 -3450.174499 -3450.619865 -3451.031868 -3451.500263 -3452.909629 -3462.862680 -3531.294009 -3678.652894 -3715.164897 -1603.309719 -1696.909301 -1718.368251 -1717.340777 -1716.354409 -1716.100850 -1716.052355 -1716.044529 -1716.043769 -1716.044123 -1716.044574 -1716.044958 -1716.045266 -1716.045512 -1716.045714 -1716.045882 -1716.046028 -1716.046157 -1716.046279 -1716.046402 -1716.046536 -1716.046695 -1716.046902 -1716.047187 -1716.047601 -1716.048229 -1716.049210 -1716.050784 -1716.053381 -1716.057792 -1716.065521 -1716.079515 -1716.105672 -1716.156125 -1716.256776 -1716.466074 -1716.925477 -1718.003784 -1720.747624 -1728.488263 -1753.473472 -9999.0 -9999.0
-9999.0 -9999.0 671.618258 573.116040 474.287873 375.241522 276.093692 176.902585 77.697261 -21.504873 -120.694161 -219.866214 -319.004916 -418.077776 -517.028149 -615.774104 -714.169922 -812.699350 -911.026643 -1009.086436 -1106.761947 -1200.942955 -1290.720597 -1373.658633 -1447.466221 -1510.575507 -1562.448416 -1603.550121 -1635.077673 -1658.602826 -1675.761309 -1688.048255 -1696.719537 -1702.769926 -1706.955455 -1709.836580 -1711.834859 -1713.333817 -1714.964715 -1718.355083 -1726.464605 -1736.320140 -1787.577700 -4018.387529 -3848.635422 -3599.417153 -3468.102339 -3450.342860 -3448.537815 -3448.723698 -3449.191699 -3449.693161 -3450.174499 -3450.619865 -3451.031868 -3451.500263 -3452.909629 -3462.862680 -3531.294010 -3678.652894 -3715.164897 -1603.309719 -1696.909301 -1718.368251 -1717.340777 -1716.354409 -1716.100850 -1716.052355 -1716.044529 -1716.043769 -1716.044123 -1716.044574 -1716.044958 -1716.045266 -1716.045512 -1716.045714 -1716.045882 -1716.046028 -1716.046157 -1716.046279 -1716.046402 -1716.046536 -1716.046696 -1716.046902 -1716.047187 -1716.047601 -1716.048229 -1716.049210 -1716.050784 -1716.053381 -1716.057792 -1716.065521 -1716.079515 -1716.105672 -1716.156125 -1716.256776 -1716.466074 -1716.925477 -1718.003784 -1720.747624 -1728.488263 -1753.473472 -9999.0 -9999.0
-9999.0 -9999.0 -9999.0 -9999.0 -9999.0 -9999.0 -9999.0 -9999.0 -9999.0 -9999.0 -9999.0 -9999.0 -9999.0 -9999.0 -9999.0 -9999.0 -9999.0 -9999.0 -9999.0 -9999.0 -9999.0 -9999.0 -9999.0 -9999.0 -9999.0 -9999.0 -9999.0 -9999.0 -9999.0 -9999.0 -9999.0 -9999.0 -9999.0 -9999.0 -9999.0 -9999.0 -9999.0 -9999.0 -9999.0 -9999.0 -9999.0 -9999.0 -9999.0 -9999.0 -9999.0 -9999.0 -9999.0 -9999.0 -9999.0 -9999.0 -9999.0 -9999.0 -9999.0 -9999.0 -9999.0 -9999.0 -9999.0 -9999.0 -9999.0 -9999.0 -9999.0 -9999.0 -9999.0 -9999.0 -9999.0 -9999.0 -9999.0 -9999.0 -9999.0 -9999.0 -9999.0 -9999.0 -9999.0 -9999.0 -9999.0 -9999.0 -9999.0 -9999.0 -9999.0 -9999.0 -9999.0 -9999.0 -9999.0 -9999.0 -9999.0 -9999.0 -9999.0 -9999.0 -9999.0 -9999.0 -9999.0 -9999.0 -9999.0 -9999.0 -9999.0 -9999.0 -9999.0 -9999.0 -9999.0 -9999.0 -9999.0 -9999.0 -9999.0 -9999.0
-9999.0 -9999.0 -9999.0 -9999.0 -9999.0 -9999.0 -9999.0 -9999.0 -9999.0 -9999.0 -9999.0 -9999.0 -9999.0 -9999.0 -9999.0 -9999.0 -9999.0 -9999.0 -9999.0 -9999.0 -9999.0 -9999.0 -9999.0 -9999.0 -9999.0 -9999.0 -9999.0 -9999.0 -9999.0 -9999.0 -9999.0 -9999.0 -9999.0 -9999.0 -9999.0 -9999.0 -9999.0 -9999.0 -9999.0 -9999.0 -9999.0 -9999.0 -9999.0 -9999.0 -9999.0 -9999.0 -9999.0 -9999.0 -9999.0 -9999.0 -9999.0 -9999.0 -9999.0 -9999.0 -9999.0 -9999.0 -9999.0 -9999.0 -9999.0 -9999.0 -9999.0 -9999.0 -9999.0 -9999.0 -9999.0 -9999.0 -9999.0 -9999.0 -9999.0 -9999.0 -9999.0 -9999.0 -9999.0 -9999.0 -9999.0 -9999.0 -9999.0 -9999.0 -9999.0 -9999.0 -9999.0 -9999.0 -9999.0 -9999.0 -9999.0 -9999.0 -9999.0 -9999.0 -9999.0 -9999.0 -9999.0 -9999.0 -9999.0 -9999.0 -9999.0 -9999.0 -9999.0 -9999.0 -9999.0 -9999.0 -9999.0 -9999.0 -9999.0 -9999.0