inst/processing_geotop_simulation/geotop_simulation/out/maps3D/PwL0009N0085.asc
ncols         104
nrows         10
xllcorner     -2.000000
yllcorner     0.000000
cellsize      1.000000
NODATA_value  -9999.0
-9999.0 -9999.0 -9999.0 -9999.0 -9999.0 -9999.0 -9999.0 -9999.0 -9999.0 -9999.0 -9999.0 -9999.0 -9999.0 -9999.0 -9999.0 -9999.0 -9999.0 -9999.0 -9999.0 -9999.0 -9999.0 -9999.0 -9999.0 -9999.0 -9999.0 -9999.0 -9999.0 -9999.0 -9999.0 -9999.0 -9999.0 -9999.0 -9999.0 -9999.0 -9999.0 -9999.0 -9999.0 -9999.0 -9999.0 -9999.0 -9999.0 -9999.0 -9999.0 -9999.0 -9999.0 -9999.0 -9999.0 -9999.0 -9999.0 -9999.0 -9999.0 -9999.0 -9999.0 -9999.0 -9999.0 -9999.0 -9999.0 -9999.0 -9999.0 -9999.0 -9999.0 -9999.0 -9999.0 -9999.0 -9999.0 -9999.0 -9999.0 -9999.0 -9999.0 -9999.0 -9999.0 -9999.0 -9999.0 -9999.0 -9999.0 -9999.0 -9999.0 -9999.0 -9999.0 -9999.0 -9999.0 -9999.0 -9999.0 -9999.0 -9999.0 -9999.0 -9999.0 -9999.0 -9999.0 -9999.0 -9999.0 -9999.0 -9999.0 -9999.0 -9999.0 -9999.0 -9999.0 -9999.0 -9999.0 -9999.0 -9999.0 -9999.0 -9999.0 -9999.0
-9999.0 -9999.0 -9999.0 -9999.0 -9999.0 -9999.0 -9999.0 -9999.0 -9999.0 -9999.0 -9999.0 -9999.0 -9999.0 -9999.0 -9999.0 -9999.0 -9999.0 -9999.0 -9999.0 -9999.0 -9999.0 -9999.0 -9999.0 -9999.0 -9999.0 -9999.0 -9999.0 -9999.0 -9999.0 -9999.0 -9999.0 -9999.0 -9999.0 -9999.0 -9999.0 -9999.0 -9999.0 -9999.0 -9999.0 -9999.0 -9999.0 -9999.0 -9999.0 -9999.0 -9999.0 -9999.0 -9999.0 -9999.0 -9999.0 -9999.0 -9999.0 -9999.0 -9999.0 -9999.0 -9999.0 -9999.0 -9999.0 -9999.0 -9999.0 -9999.0 -9999.0 -9999.0 -9999.0 -9999.0 -9999.0 -9999.0 -9999.0 -9999.0 -9999.0 -9999.0 -9999.0 -9999.0 -9999.0 -9999.0 -9999.0 -9999.0 -9999.0 -9999.0 -9999.0 -9999.0 -9999.0 -9999.0 -9999.0 -9999.0 -9999.0 -9999.0 -9999.0 -9999.0 -9999.0 -9999.0 -9999.0 -9999.0 -9999.0 -9999.0 -9999.0 -9999.0 -9999.0 -9999.0 -9999.0 -9999.0 -9999.0 -9999.0 -9999.0 -9999.0
-9999.0 -9999.0 413.472102 313.283395 213.043378 112.922041 13.014086 -86.653883 -186.436544 -287.406782 -392.860766 -505.180655 -625.373250 -750.847464 -877.154307 -965.613757 -1043.220503 -1110.453638 -1152.456710 -1159.589260 -1156.181659 -1149.953066 -1144.656719 -1141.563192 -1140.698966 -1141.561771 -1143.487590 -1145.858175 -1148.216829 -1150.299108 -1151.998539 -1153.310350 -1154.281870 -1154.978177 -1155.463121 -1155.792955 -1156.023811 -1156.228093 -1156.479402 -1157.246347 -1164.191382 -1223.898507 -1646.651138 -2177.504336 -1946.316670 -1826.596178 -1775.059947 -1768.978059 -1768.375024 -1768.430122 -1768.575950 -1768.732261 -1768.882236 -1769.020975 -1769.149267 -1769.294801 -1769.736493 -1772.994407 -1798.584683 -1858.879567 -1970.412814 -1456.962123 -1202.788321 -1161.915781 -1157.261983 -1156.687229 -1156.589907 -1156.572680 -1156.571788 -1156.573921 -1156.576188 -1156.578032 -1156.579438 -1156.580498 -1156.581305 -1156.581930 -1156.582423 -1156.582820 -1156.583148 -1156.583436 -1156.583712 -1156.584014 -1156.584389 -1156.584904 -1156.585662 -1156.586822 -1156.588641 -1156.591536 -1156.596208 -1156.603861 -1156.616636 -1156.638470 -1156.676855 -1156.746421 -1156.876204 -1157.124135 -1157.606094 -1158.557791 -1160.486139 -1164.591530 -1173.993443 -1198.199324 -9999.0 -9999.0
-9999.0 -9999.0 413.472102 313.283395 213.043378 112.922040 13.014086 -86.653883 -186.436544 -287.406782 -392.860766 -505.180656 -625.373250 -750.847464 -877.154307 -965.613757 -1043.220503 -1110.453638 -1152.456710 -1159.589260 -1156.181659 -1149.953066 -1144.656719 -1141.563192 -1140.698966 -1141.561771 -1143.487590 -1145.858175 -1148.216829 -1150.299108 -1151.998539 -1153.310350 -1154.281870 -1154.978177 -1155.463121 -1155.792955 -1156.023811 -1156.228093 -1156.479402 -1157.246347 -1164.191382 -1223.898507 -1646.651138 -2177.504334 -1946.316668 -1826.596175 -1775.059947 -1768.978059 -1768.375024 -1768.430122 -1768.575950 -1768.732261 -1768.882236 -1769.020975 -1769.149267 -1769.294801 -1769.736493 -1772.994407 -1798.584683 -1858.879567 -1970.412814 -1456.962123 -1202.788321 -1161.915781 -1157.261983 -1156.687229 -1156.589907 -1156.572680 -1156.571788 -1156.573921 -1156.576188 -1156.578032 -1156.579438 -1156.580498 -1156.581305 -1156.581930 -1156.582423 -1156.582820 -1156.583148 -1156.583436 -1156.583712 -1156.584014 -1156.584389 -1156.584904 -1156.585662 -1156.586822 -1156.588641 -1156.591536 -1156.596208 -1156.603861 -1156.616636 -1156.638470 -1156.676855 -1156.746421 -1156.876204 -1157.124135 -1157.606094 -1158.557791 -1160.486139 -1164.591530 -1173.993443 -1198.199324 -9999.0 -9999.0
-9999.0 -9999.0 413.472102 313.283395 213.043378 112.922040 13.014085 -86.653883 -186.436544 -287.406782 -392.860766 -505.180656 -625.373250 -750.847464 -877.154307 -965.613757 -1043.220504 -1110.453638 -1152.456710 -1159.589260 -1156.181659 -1149.953066 -1144.656719 -1141.563192 -1140.698966 -1141.561771 -1143.487590 -1145.858175 -1148.216829 -1150.299108 -1151.998539 -1153.310350 -1154.281870 -1154.978177 -1155.463121 -1155.792955 -1156.023811 -1156.228093 -1156.479402 -1157.246347 -1164.191382 -1223.898507 -1646.651138 -2177.504334 -1946.316668 -1826.596174 -1775.059947 -1768.978059 -1768.375024 -1768.430122 -1768.575950 -1768.732261 -1768.882236 -1769.020975 -1769.149267 -1769.294801 -1769.736493 -1772.994407 -1798.584683 -1858.879567 -1970.412814 -1456.962124 -1202.788321 -1161.915781 -1157.261983 -1156.687229 -1156.589907 -1156.572680 -1156.571788 -1156.573921 -1156.576188 -1156.578032 -1156.579438 -1156.580498 -1156.581305 -1156.581930 -1156.582423 -1156.582820 -1156.583148 -1156.583436 -1156.583712 -1156.584014 -1156.584389 -1156.584904 -1156.585662 -1156.586822 -1156.588641 -1156.591536 -1156.596208 -1156.603861 -1156.616636 -1156.638470 -1156.676855 -1156.746421 -1156.876204 -1157.124135 -1157.606094 -1158.557791 -1160.486139 -1164.591530 -1173.993443 -1198.199324 -9999.0 -9999.0
-9999.0 -9999.0 413.472102 313.283395 213.043378 112.922040 13.014085 -86.653883 -186.436544 -287.406782 -392.860766 -505.180656 -625.373250 -750.847464 -877.154307 -965.613757 -1043.220504 -1110.453638 -1152.456710 -1159.589260 -1156.181659 -1149.953066 -1144.656719 -1141.563192 -1140.698966 -1141.561771 -1143.487590 -1145.858175 -1148.216829 -1150.299108 -1151.998539 -1153.310350 -1154.281870 -1154.978177 -1155.463121 -1155.792955 -1156.023811 -1156.228093 -1156.479402 -1157.246347 -1164.191382 -1223.898507 -1646.651138 -2177.504334 -1946.316668 -1826.596174 -1775.059947 -1768.978059 -1768.375024 -1768.430122 -1768.575950 -1768.732261 -1768.882236 -1769.020975 -1769.149267 -1769.294801 -1769.736493 -1772.994407 -1798.584683 -1858.879567 -1970.412814 -1456.962124 -1202.788321 -1161.915781 -1157.261983 -1156.687229 -1156.589907 -1156.572680 -1156.571788 -1156.573921 -1156.576188 -1156.578032 -1156.579438 -1156.580498 -1156.581305 -1156.581930 -1156.582423 -1156.582820 -1156.583148 -1156.583436 -1156.583712 -1156.584014 -1156.584389 -1156.584904 -1156.585662 -1156.586822 -1156.588641 -1156.591536 -1156.596208 -1156.603861 -1156.616636 -1156.638470 -1156.676855 -1156.746421 -1156.876204 -1157.124135 -1157.606094 -1158.557791 -1160.486139 -1164.591530 -1173.993443 -1198.199324 -9999.0 -9999.0
-9999.0 -9999.0 413.472102 313.283395 213.043378 112.922040 13.014086 -86.653883 -186.436544 -287.406782 -392.860766 -505.180656 -625.373250 -750.847464 -877.154307 -965.613757 -1043.220503 -1110.453638 -1152.456710 -1159.589260 -1156.181659 -1149.953066 -1144.656719 -1141.563192 -1140.698966 -1141.561771 -1143.487590 -1145.858175 -1148.216829 -1150.299108 -1151.998539 -1153.310350 -1154.281870 -1154.978177 -1155.463121 -1155.792955 -1156.023811 -1156.228093 -1156.479402 -1157.246347 -1164.191382 -1223.898507 -1646.651138 -2177.504334 -1946.316668 -1826.596175 -1775.059947 -1768.978059 -1768.375024 -1768.430122 -1768.575950 -1768.732261 -1768.882236 -1769.020975 -1769.149267 -1769.294801 -1769.736493 -1772.994407 -1798.584683 -1858.879567 -1970.412814 -1456.962123 -1202.788321 -1161.915781 -1157.261983 -1156.687229 -1156.589907 -1156.572680 -1156.571788 -1156.573921 -1156.576188 -1156.578032 -1156.579438 -1156.580498 -1156.581305 -1156.581930 -1156.582423 -1156.582820 -1156.583148 -1156.583436 -1156.583712 -1156.584014 -1156.584389 -1156.584904 -1156.585662 -1156.586822 -1156.588641 -1156.591536 -1156.596208 -1156.603861 -1156.616636 -1156.638470 -1156.676855 -1156.746421 -1156.876204 -1157.124135 -1157.606094 -1158.557791 -1160.486139 -1164.591530 -1173.993443 -1198.199324 -9999.0 -9999.0
-9999.0 -9999.0 413.472102 313.283395 213.043378 112.922041 13.014086 -86.653883 -186.436544 -287.406782 -392.860766 -505.180655 -625.373250 -750.847464 -877.154307 -965.613757 -1043.220503 -1110.453638 -1152.456710 -1159.589260 -1156.181659 -1149.953066 -1144.656719 -1141.563192 -1140.698966 -1141.561771 -1143.487590 -1145.858175 -1148.216829 -1150.299108 -1151.998539 -1153.310350 -1154.281870 -1154.978177 -1155.463121 -1155.792955 -1156.023811 -1156.228093 -1156.479402 -1157.246347 -1164.191382 -1223.898507 -1646.651138 -2177.504336 -1946.316670 -1826.596178 -1775.059947 -1768.978059 -1768.375024 -1768.430122 -1768.575950 -1768.732261 -1768.882236 -1769.020975 -1769.149267 -1769.294801 -1769.736493 -1772.994407 -1798.584683 -1858.879567 -1970.412814 -1456.962123 -1202.788321 -1161.915781 -1157.261983 -1156.687229 -1156.589907 -1156.572680 -1156.571788 -1156.573921 -1156.576188 -1156.578032 -1156.579438 -1156.580498 -1156.581305 -1156.581930 -1156.582423 -1156.582820 -1156.583148 -1156.583436 -1156.583712 -1156.584014 -1156.584389 -1156.584904 -1156.585662 -1156.586822 -1156.588641 -1156.591536 -1156.596208 -1156.603861 -1156.616636 -1156.638470 -1156.676855 -1156.746421 -1156.876204 -1157.124135 -1157.606094 -1158.557791 -1160.486139 -1164.591530 -1173.993443 -1198.199324 -9999.0 -9999.0
-9999.0 -9999.0 -9999.0 -9999.0 -9999.0 -9999.0 -9999.0 -9999.0 -9999.0 -9999.0 -9999.0 -9999.0 -9999.0 -9999.0 -9999.0 -9999.0 -9999.0 -9999.0 -9999.0 -9999.0 -9999.0 -9999.0 -9999.0 -9999.0 -9999.0 -9999.0 -9999.0 -9999.0 -9999.0 -9999.0 -9999.0 -9999.0 -9999.0 -9999.0 -9999.0 -9999.0 -9999.0 -9999.0 -9999.0 -9999.0 -9999.0 -9999.0 -9999.0 -9999.0 -9999.0 -9999.0 -9999.0 -9999.0 -9999.0 -9999.0 -9999.0 -9999.0 -9999.0 -9999.0 -9999.0 -9999.0 -9999.0 -9999.0 -9999.0 -9999.0 -9999.0 -9999.0 -9999.0 -9999.0 -9999.0 -9999.0 -9999.0 -9999.0 -9999.0 -9999.0 -9999.0 -9999.0 -9999.0 -9999.0 -9999.0 -9999.0 -9999.0 -9999.0 -9999.0 -9999.0 -9999.0 -9999.0 -9999.0 -9999.0 -9999.0 -9999.0 -9999.0 -9999.0 -9999.0 -9999.0 -9999.0 -9999.0 -9999.0 -9999.0 -9999.0 -9999.0 -9999.0 -9999.0 -9999.0 -9999.0 -9999.0 -9999.0 -9999.0 -9999.0
-9999.0 -9999.0 -9999.0 -9999.0 -9999.0 -9999.0 -9999.0 -9999.0 -9999.0 -9999.0 -9999.0 -9999.0 -9999.0 -9999.0 -9999.0 -9999.0 -9999.0 -9999.0 -9999.0 -9999.0 -9999.0 -9999.0 -9999.0 -9999.0 -9999.0 -9999.0 -9999.0 -9999.0 -9999.0 -9999.0 -9999.0 -9999.0 -9999.0 -9999.0 -9999.0 -9999.0 -9999.0 -9999.0 -9999.0 -9999.0 -9999.0 -9999.0 -9999.0 -9999.0 -9999.0 -9999.0 -9999.0 -9999.0 -9999.0 -9999.0 -9999.0 -9999.0 -9999.0 -9999.0 -9999.0 -9999.0 -9999.0 -9999.0 -9999.0 -9999.0 -9999.0 -9999.0 -9999.0 -9999.0 -9999.0 -9999.0 -9999.0 -9999.0 -9999.0 -9999.0 -9999.0 -9999.0 -9999.0 -9999.0 -9999.0 -9999.0 -9999.0 -9999.0 -9999.0 -9999.0 -9999.0 -9999.0 -9999.0 -9999.0 -9999.0 -9999.0 -9999.0 -9999.0 -9999.0 -9999.0 -9999.0 -9999.0 -9999.0 -9999.0 -9999.0 -9999.0 -9999.0 -9999.0 -9999.0 -9999.0 -9999.0 -9999.0 -9999.0 -9999.0