inst/processing_geotop_simulation/geotop_simulation/out/maps3D/PwL0005N0334.asc
ncols         104
nrows         10
xllcorner     -2.000000
yllcorner     0.000000
cellsize      1.000000
NODATA_value  -9999.0
-9999.0 -9999.0 -9999.0 -9999.0 -9999.0 -9999.0 -9999.0 -9999.0 -9999.0 -9999.0 -9999.0 -9999.0 -9999.0 -9999.0 -9999.0 -9999.0 -9999.0 -9999.0 -9999.0 -9999.0 -9999.0 -9999.0 -9999.0 -9999.0 -9999.0 -9999.0 -9999.0 -9999.0 -9999.0 -9999.0 -9999.0 -9999.0 -9999.0 -9999.0 -9999.0 -9999.0 -9999.0 -9999.0 -9999.0 -9999.0 -9999.0 -9999.0 -9999.0 -9999.0 -9999.0 -9999.0 -9999.0 -9999.0 -9999.0 -9999.0 -9999.0 -9999.0 -9999.0 -9999.0 -9999.0 -9999.0 -9999.0 -9999.0 -9999.0 -9999.0 -9999.0 -9999.0 -9999.0 -9999.0 -9999.0 -9999.0 -9999.0 -9999.0 -9999.0 -9999.0 -9999.0 -9999.0 -9999.0 -9999.0 -9999.0 -9999.0 -9999.0 -9999.0 -9999.0 -9999.0 -9999.0 -9999.0 -9999.0 -9999.0 -9999.0 -9999.0 -9999.0 -9999.0 -9999.0 -9999.0 -9999.0 -9999.0 -9999.0 -9999.0 -9999.0 -9999.0 -9999.0 -9999.0 -9999.0 -9999.0 -9999.0 -9999.0 -9999.0 -9999.0
-9999.0 -9999.0 -9999.0 -9999.0 -9999.0 -9999.0 -9999.0 -9999.0 -9999.0 -9999.0 -9999.0 -9999.0 -9999.0 -9999.0 -9999.0 -9999.0 -9999.0 -9999.0 -9999.0 -9999.0 -9999.0 -9999.0 -9999.0 -9999.0 -9999.0 -9999.0 -9999.0 -9999.0 -9999.0 -9999.0 -9999.0 -9999.0 -9999.0 -9999.0 -9999.0 -9999.0 -9999.0 -9999.0 -9999.0 -9999.0 -9999.0 -9999.0 -9999.0 -9999.0 -9999.0 -9999.0 -9999.0 -9999.0 -9999.0 -9999.0 -9999.0 -9999.0 -9999.0 -9999.0 -9999.0 -9999.0 -9999.0 -9999.0 -9999.0 -9999.0 -9999.0 -9999.0 -9999.0 -9999.0 -9999.0 -9999.0 -9999.0 -9999.0 -9999.0 -9999.0 -9999.0 -9999.0 -9999.0 -9999.0 -9999.0 -9999.0 -9999.0 -9999.0 -9999.0 -9999.0 -9999.0 -9999.0 -9999.0 -9999.0 -9999.0 -9999.0 -9999.0 -9999.0 -9999.0 -9999.0 -9999.0 -9999.0 -9999.0 -9999.0 -9999.0 -9999.0 -9999.0 -9999.0 -9999.0 -9999.0 -9999.0 -9999.0 -9999.0 -9999.0
-9999.0 -9999.0 225.357142 128.161938 29.720521 -69.104360 -168.077991 -267.109827 -366.150992 -465.168282 -564.116456 -662.886424 -761.416484 -859.771213 -957.984198 -1056.212963 -1154.084154 -1250.919115 -1346.277044 -1439.160976 -1527.686099 -1608.805262 -1679.307403 -1737.294141 -1782.727198 -1816.975897 -1842.050637 -1860.010362 -1872.657385 -1881.442284 -1887.476109 -1891.582142 -1894.355509 -1896.217953 -1897.463917 -1898.298748 -1898.875448 -1899.361027 -1900.162791 -1902.551200 -1907.070009 -1869.972025 -1174.066680 -1188.411824 -1173.833144 -1164.278532 -1159.805505 -1159.131728 -1159.059723 -1159.066522 -1159.084674 -1159.104216 -1159.123001 -1159.140398 -1159.156569 -1159.175584 -1159.235707 -1159.638052 -1162.015816 -1167.300621 -1174.321492 -1149.713567 -1844.086947 -1900.783916 -1901.119060 -1900.279100 -1900.072497 -1900.035550 -1900.029981 -1900.029653 -1900.030118 -1900.030610 -1900.031011 -1900.031322 -1900.031562 -1900.031750 -1900.031900 -1900.032023 -1900.032127 -1900.032221 -1900.032315 -1900.032419 -1900.032549 -1900.032729 -1900.032994 -1900.033398 -1900.034033 -1900.035048 -1900.036703 -1900.039457 -1900.044147 -1900.052361 -1900.067185 -1900.094750 -1900.147479 -1900.251257 -1900.462583 -1900.913606 -1901.940256 -1904.485113 -1911.588139 -1935.025053 -9999.0 -9999.0
-9999.0 -9999.0 225.365823 128.163824 29.721007 -69.104218 -168.077946 -267.109811 -366.150987 -465.168279 -564.116455 -662.886424 -761.416483 -859.771213 -957.984198 -1056.212963 -1154.084154 -1250.919116 -1346.277044 -1439.160976 -1527.686099 -1608.805262 -1679.307403 -1737.294141 -1782.727198 -1816.975898 -1842.050637 -1860.010363 -1872.657385 -1881.442284 -1887.476109 -1891.582142 -1894.355509 -1896.217953 -1897.463917 -1898.298748 -1898.875448 -1899.361027 -1900.162791 -1902.551200 -1907.070009 -1869.972025 -1174.066680 -1188.411824 -1173.833144 -1164.278531 -1159.805505 -1159.131727 -1159.059723 -1159.066522 -1159.084674 -1159.104216 -1159.123001 -1159.140398 -1159.156569 -1159.175584 -1159.235707 -1159.638052 -1162.015816 -1167.300621 -1174.321492 -1149.713567 -1844.086947 -1900.783916 -1901.119060 -1900.279100 -1900.072497 -1900.035550 -1900.029981 -1900.029653 -1900.030118 -1900.030610 -1900.031011 -1900.031322 -1900.031562 -1900.031750 -1900.031900 -1900.032023 -1900.032127 -1900.032221 -1900.032315 -1900.032419 -1900.032549 -1900.032729 -1900.032994 -1900.033398 -1900.034033 -1900.035048 -1900.036703 -1900.039457 -1900.044147 -1900.052361 -1900.067185 -1900.094750 -1900.147479 -1900.251257 -1900.462583 -1900.913606 -1901.940256 -1904.485113 -1911.588139 -1935.025053 -9999.0 -9999.0
-9999.0 -9999.0 225.367187 128.164602 29.721315 -69.104106 -168.077906 -267.109797 -366.150981 -465.168277 -564.116454 -662.886424 -761.416483 -859.771213 -957.984198 -1056.212963 -1154.084154 -1250.919116 -1346.277044 -1439.160976 -1527.686099 -1608.805262 -1679.307403 -1737.294141 -1782.727198 -1816.975898 -1842.050637 -1860.010363 -1872.657385 -1881.442284 -1887.476109 -1891.582142 -1894.355509 -1896.217953 -1897.463917 -1898.298748 -1898.875448 -1899.361027 -1900.162791 -1902.551200 -1907.070009 -1869.972025 -1174.066680 -1188.411824 -1173.833144 -1164.278531 -1159.805505 -1159.131727 -1159.059723 -1159.066522 -1159.084674 -1159.104216 -1159.123001 -1159.140398 -1159.156569 -1159.175584 -1159.235707 -1159.638052 -1162.015816 -1167.300621 -1174.321492 -1149.713567 -1844.086947 -1900.783916 -1901.119060 -1900.279100 -1900.072497 -1900.035550 -1900.029981 -1900.029653 -1900.030118 -1900.030610 -1900.031011 -1900.031322 -1900.031562 -1900.031750 -1900.031900 -1900.032023 -1900.032127 -1900.032221 -1900.032315 -1900.032419 -1900.032549 -1900.032729 -1900.032994 -1900.033398 -1900.034033 -1900.035048 -1900.036703 -1900.039457 -1900.044147 -1900.052361 -1900.067185 -1900.094750 -1900.147479 -1900.251257 -1900.462583 -1900.913606 -1901.940256 -1904.485113 -1911.588139 -1935.025053 -9999.0 -9999.0
-9999.0 -9999.0 225.367187 128.164602 29.721315 -69.104106 -168.077906 -267.109797 -366.150981 -465.168277 -564.116454 -662.886424 -761.416483 -859.771213 -957.984198 -1056.212963 -1154.084154 -1250.919116 -1346.277044 -1439.160976 -1527.686099 -1608.805262 -1679.307403 -1737.294141 -1782.727198 -1816.975898 -1842.050637 -1860.010363 -1872.657385 -1881.442284 -1887.476109 -1891.582142 -1894.355509 -1896.217953 -1897.463917 -1898.298748 -1898.875448 -1899.361027 -1900.162791 -1902.551200 -1907.070009 -1869.972025 -1174.066680 -1188.411824 -1173.833144 -1164.278531 -1159.805505 -1159.131727 -1159.059723 -1159.066522 -1159.084674 -1159.104216 -1159.123001 -1159.140398 -1159.156569 -1159.175584 -1159.235707 -1159.638052 -1162.015816 -1167.300621 -1174.321492 -1149.713567 -1844.086947 -1900.783916 -1901.119060 -1900.279100 -1900.072497 -1900.035550 -1900.029981 -1900.029653 -1900.030118 -1900.030610 -1900.031011 -1900.031322 -1900.031562 -1900.031750 -1900.031900 -1900.032023 -1900.032127 -1900.032221 -1900.032315 -1900.032419 -1900.032549 -1900.032729 -1900.032994 -1900.033398 -1900.034033 -1900.035048 -1900.036703 -1900.039457 -1900.044147 -1900.052361 -1900.067185 -1900.094750 -1900.147479 -1900.251257 -1900.462583 -1900.913606 -1901.940256 -1904.485113 -1911.588139 -1935.025053 -9999.0 -9999.0
-9999.0 -9999.0 225.365823 128.163824 29.721007 -69.104218 -168.077946 -267.109811 -366.150987 -465.168279 -564.116455 -662.886424 -761.416483 -859.771213 -957.984198 -1056.212963 -1154.084154 -1250.919116 -1346.277044 -1439.160976 -1527.686099 -1608.805262 -1679.307403 -1737.294141 -1782.727198 -1816.975898 -1842.050637 -1860.010363 -1872.657385 -1881.442284 -1887.476109 -1891.582142 -1894.355509 -1896.217953 -1897.463917 -1898.298748 -1898.875448 -1899.361027 -1900.162791 -1902.551200 -1907.070009 -1869.972025 -1174.066680 -1188.411824 -1173.833144 -1164.278531 -1159.805505 -1159.131727 -1159.059723 -1159.066522 -1159.084674 -1159.104216 -1159.123001 -1159.140398 -1159.156569 -1159.175584 -1159.235707 -1159.638052 -1162.015816 -1167.300621 -1174.321492 -1149.713567 -1844.086947 -1900.783916 -1901.119060 -1900.279100 -1900.072497 -1900.035550 -1900.029981 -1900.029653 -1900.030118 -1900.030610 -1900.031011 -1900.031322 -1900.031562 -1900.031750 -1900.031900 -1900.032023 -1900.032127 -1900.032221 -1900.032315 -1900.032419 -1900.032549 -1900.032729 -1900.032994 -1900.033398 -1900.034033 -1900.035048 -1900.036703 -1900.039457 -1900.044147 -1900.052361 -1900.067185 -1900.094750 -1900.147479 -1900.251257 -1900.462583 -1900.913606 -1901.940256 -1904.485113 -1911.588139 -1935.025053 -9999.0 -9999.0
-9999.0 -9999.0 225.357142 128.161938 29.720521 -69.104360 -168.077991 -267.109827 -366.150992 -465.168282 -564.116456 -662.886424 -761.416484 -859.771213 -957.984198 -1056.212963 -1154.084154 -1250.919115 -1346.277044 -1439.160976 -1527.686099 -1608.805262 -1679.307403 -1737.294141 -1782.727198 -1816.975897 -1842.050637 -1860.010362 -1872.657385 -1881.442284 -1887.476109 -1891.582142 -1894.355509 -1896.217953 -1897.463917 -1898.298748 -1898.875448 -1899.361027 -1900.162791 -1902.551200 -1907.070009 -1869.972025 -1174.066680 -1188.411824 -1173.833144 -1164.278532 -1159.805505 -1159.131728 -1159.059723 -1159.066522 -1159.084674 -1159.104216 -1159.123001 -1159.140398 -1159.156569 -1159.175584 -1159.235707 -1159.638052 -1162.015816 -1167.300621 -1174.321492 -1149.713567 -1844.086947 -1900.783916 -1901.119060 -1900.279100 -1900.072497 -1900.035550 -1900.029981 -1900.029653 -1900.030118 -1900.030610 -1900.031011 -1900.031322 -1900.031562 -1900.031750 -1900.031900 -1900.032023 -1900.032127 -1900.032221 -1900.032315 -1900.032419 -1900.032549 -1900.032729 -1900.032994 -1900.033398 -1900.034033 -1900.035048 -1900.036703 -1900.039457 -1900.044147 -1900.052361 -1900.067185 -1900.094750 -1900.147479 -1900.251257 -1900.462583 -1900.913606 -1901.940256 -1904.485113 -1911.588139 -1935.025053 -9999.0 -9999.0
-9999.0 -9999.0 -9999.0 -9999.0 -9999.0 -9999.0 -9999.0 -9999.0 -9999.0 -9999.0 -9999.0 -9999.0 -9999.0 -9999.0 -9999.0 -9999.0 -9999.0 -9999.0 -9999.0 -9999.0 -9999.0 -9999.0 -9999.0 -9999.0 -9999.0 -9999.0 -9999.0 -9999.0 -9999.0 -9999.0 -9999.0 -9999.0 -9999.0 -9999.0 -9999.0 -9999.0 -9999.0 -9999.0 -9999.0 -9999.0 -9999.0 -9999.0 -9999.0 -9999.0 -9999.0 -9999.0 -9999.0 -9999.0 -9999.0 -9999.0 -9999.0 -9999.0 -9999.0 -9999.0 -9999.0 -9999.0 -9999.0 -9999.0 -9999.0 -9999.0 -9999.0 -9999.0 -9999.0 -9999.0 -9999.0 -9999.0 -9999.0 -9999.0 -9999.0 -9999.0 -9999.0 -9999.0 -9999.0 -9999.0 -9999.0 -9999.0 -9999.0 -9999.0 -9999.0 -9999.0 -9999.0 -9999.0 -9999.0 -9999.0 -9999.0 -9999.0 -9999.0 -9999.0 -9999.0 -9999.0 -9999.0 -9999.0 -9999.0 -9999.0 -9999.0 -9999.0 -9999.0 -9999.0 -9999.0 -9999.0 -9999.0 -9999.0 -9999.0 -9999.0
-9999.0 -9999.0 -9999.0 -9999.0 -9999.0 -9999.0 -9999.0 -9999.0 -9999.0 -9999.0 -9999.0 -9999.0 -9999.0 -9999.0 -9999.0 -9999.0 -9999.0 -9999.0 -9999.0 -9999.0 -9999.0 -9999.0 -9999.0 -9999.0 -9999.0 -9999.0 -9999.0 -9999.0 -9999.0 -9999.0 -9999.0 -9999.0 -9999.0 -9999.0 -9999.0 -9999.0 -9999.0 -9999.0 -9999.0 -9999.0 -9999.0 -9999.0 -9999.0 -9999.0 -9999.0 -9999.0 -9999.0 -9999.0 -9999.0 -9999.0 -9999.0 -9999.0 -9999.0 -9999.0 -9999.0 -9999.0 -9999.0 -9999.0 -9999.0 -9999.0 -9999.0 -9999.0 -9999.0 -9999.0 -9999.0 -9999.0 -9999.0 -9999.0 -9999.0 -9999.0 -9999.0 -9999.0 -9999.0 -9999.0 -9999.0 -9999.0 -9999.0 -9999.0 -9999.0 -9999.0 -9999.0 -9999.0 -9999.0 -9999.0 -9999.0 -9999.0 -9999.0 -9999.0 -9999.0 -9999.0 -9999.0 -9999.0 -9999.0 -9999.0 -9999.0 -9999.0 -9999.0 -9999.0 -9999.0 -9999.0 -9999.0 -9999.0 -9999.0 -9999.0