inst/processing_geotop_simulation/geotop_simulation/out/maps3D/PwL0010N0054.asc
ncols         104
nrows         10
xllcorner     -2.000000
yllcorner     0.000000
cellsize      1.000000
NODATA_value  -9999.0
-9999.0 -9999.0 -9999.0 -9999.0 -9999.0 -9999.0 -9999.0 -9999.0 -9999.0 -9999.0 -9999.0 -9999.0 -9999.0 -9999.0 -9999.0 -9999.0 -9999.0 -9999.0 -9999.0 -9999.0 -9999.0 -9999.0 -9999.0 -9999.0 -9999.0 -9999.0 -9999.0 -9999.0 -9999.0 -9999.0 -9999.0 -9999.0 -9999.0 -9999.0 -9999.0 -9999.0 -9999.0 -9999.0 -9999.0 -9999.0 -9999.0 -9999.0 -9999.0 -9999.0 -9999.0 -9999.0 -9999.0 -9999.0 -9999.0 -9999.0 -9999.0 -9999.0 -9999.0 -9999.0 -9999.0 -9999.0 -9999.0 -9999.0 -9999.0 -9999.0 -9999.0 -9999.0 -9999.0 -9999.0 -9999.0 -9999.0 -9999.0 -9999.0 -9999.0 -9999.0 -9999.0 -9999.0 -9999.0 -9999.0 -9999.0 -9999.0 -9999.0 -9999.0 -9999.0 -9999.0 -9999.0 -9999.0 -9999.0 -9999.0 -9999.0 -9999.0 -9999.0 -9999.0 -9999.0 -9999.0 -9999.0 -9999.0 -9999.0 -9999.0 -9999.0 -9999.0 -9999.0 -9999.0 -9999.0 -9999.0 -9999.0 -9999.0 -9999.0 -9999.0
-9999.0 -9999.0 -9999.0 -9999.0 -9999.0 -9999.0 -9999.0 -9999.0 -9999.0 -9999.0 -9999.0 -9999.0 -9999.0 -9999.0 -9999.0 -9999.0 -9999.0 -9999.0 -9999.0 -9999.0 -9999.0 -9999.0 -9999.0 -9999.0 -9999.0 -9999.0 -9999.0 -9999.0 -9999.0 -9999.0 -9999.0 -9999.0 -9999.0 -9999.0 -9999.0 -9999.0 -9999.0 -9999.0 -9999.0 -9999.0 -9999.0 -9999.0 -9999.0 -9999.0 -9999.0 -9999.0 -9999.0 -9999.0 -9999.0 -9999.0 -9999.0 -9999.0 -9999.0 -9999.0 -9999.0 -9999.0 -9999.0 -9999.0 -9999.0 -9999.0 -9999.0 -9999.0 -9999.0 -9999.0 -9999.0 -9999.0 -9999.0 -9999.0 -9999.0 -9999.0 -9999.0 -9999.0 -9999.0 -9999.0 -9999.0 -9999.0 -9999.0 -9999.0 -9999.0 -9999.0 -9999.0 -9999.0 -9999.0 -9999.0 -9999.0 -9999.0 -9999.0 -9999.0 -9999.0 -9999.0 -9999.0 -9999.0 -9999.0 -9999.0 -9999.0 -9999.0 -9999.0 -9999.0 -9999.0 -9999.0 -9999.0 -9999.0 -9999.0 -9999.0
-9999.0 -9999.0 -604.913624 -737.448747 -833.093205 -880.343130 -901.361064 -910.883211 -915.058035 -913.403888 -891.828796 -861.818835 -833.765863 -805.843564 -782.674226 -816.240203 -848.126098 -879.780652 -913.832740 -889.130137 -871.062686 -861.484283 -859.045027 -861.775213 -867.851420 -875.740138 -884.176126 -892.191531 -899.169530 -904.839673 -909.195478 -912.389231 -914.641705 -916.178018 -917.193116 -917.841336 -918.253824 -918.596566 -918.979445 -919.086233 -922.317826 -979.619187 -2270.172147 -4477.021035 -4477.309071 -4472.526911 -4467.926859 -4467.232670 -4467.160388 -4467.161860 -4467.172571 -4467.184278 -4467.195510 -4467.205897 -4467.215605 -4467.227744 -4467.273351 -4467.629347 -4470.220135 -4474.219400 -4473.828325 -2169.851293 -962.845306 -922.658833 -919.797673 -919.264256 -919.144385 -919.123782 -919.124574 -919.129030 -919.133305 -919.136705 -919.139274 -919.141208 -919.142680 -919.143820 -919.144722 -919.145446 -919.146043 -919.146562 -919.147056 -919.147590 -919.148246 -919.149141 -919.150451 -919.152450 -919.155575 -919.160537 -919.168518 -919.181535 -919.203139 -919.239799 -919.303734 -919.418700 -919.631779 -920.036847 -920.820336 -922.351333 -925.377392 -931.541807 -944.897590 -975.742676 -9999.0 -9999.0
-9999.0 -9999.0 -604.913613 -737.448719 -833.093171 -880.343111 -901.361058 -910.883210 -915.058036 -913.403888 -891.828797 -861.818835 -833.765863 -805.843564 -782.674226 -816.240203 -848.126098 -879.780652 -913.832740 -889.130137 -871.062686 -861.484283 -859.045027 -861.775213 -867.851420 -875.740138 -884.176126 -892.191531 -899.169530 -904.839673 -909.195478 -912.389231 -914.641705 -916.178018 -917.193116 -917.841336 -918.253824 -918.596566 -918.979445 -919.086233 -922.317826 -979.619187 -2270.172147 -4477.021035 -4477.309071 -4472.526911 -4467.926859 -4467.232670 -4467.160388 -4467.161860 -4467.172571 -4467.184278 -4467.195510 -4467.205897 -4467.215605 -4467.227744 -4467.273351 -4467.629347 -4470.220135 -4474.219400 -4473.828325 -2169.851293 -962.845306 -922.658833 -919.797673 -919.264256 -919.144385 -919.123782 -919.124574 -919.129030 -919.133305 -919.136705 -919.139274 -919.141208 -919.142680 -919.143820 -919.144722 -919.145446 -919.146043 -919.146562 -919.147056 -919.147590 -919.148246 -919.149141 -919.150451 -919.152450 -919.155575 -919.160537 -919.168518 -919.181535 -919.203139 -919.239799 -919.303734 -919.418700 -919.631779 -920.036847 -920.820336 -922.351333 -925.377392 -931.541807 -944.897590 -975.742676 -9999.0 -9999.0
-9999.0 -9999.0 -604.913608 -737.448703 -833.093147 -880.343096 -901.361053 -910.883210 -915.058037 -913.403889 -891.828797 -861.818835 -833.765863 -805.843564 -782.674226 -816.240203 -848.126098 -879.780652 -913.832740 -889.130137 -871.062686 -861.484283 -859.045027 -861.775213 -867.851420 -875.740138 -884.176126 -892.191531 -899.169530 -904.839673 -909.195478 -912.389231 -914.641705 -916.178018 -917.193116 -917.841336 -918.253824 -918.596566 -918.979445 -919.086233 -922.317826 -979.619187 -2270.172147 -4477.021035 -4477.309071 -4472.526911 -4467.926859 -4467.232670 -4467.160388 -4467.161860 -4467.172571 -4467.184278 -4467.195510 -4467.205897 -4467.215605 -4467.227744 -4467.273351 -4467.629347 -4470.220135 -4474.219400 -4473.828325 -2169.851293 -962.845306 -922.658833 -919.797673 -919.264256 -919.144385 -919.123782 -919.124574 -919.129030 -919.133305 -919.136705 -919.139274 -919.141208 -919.142680 -919.143820 -919.144722 -919.145446 -919.146043 -919.146562 -919.147056 -919.147590 -919.148246 -919.149141 -919.150451 -919.152450 -919.155575 -919.160537 -919.168518 -919.181535 -919.203139 -919.239799 -919.303734 -919.418700 -919.631779 -920.036847 -920.820336 -922.351333 -925.377392 -931.541807 -944.897590 -975.742676 -9999.0 -9999.0
-9999.0 -9999.0 -604.913607 -737.448703 -833.093147 -880.343096 -901.361053 -910.883210 -915.058037 -913.403889 -891.828797 -861.818835 -833.765863 -805.843564 -782.674226 -816.240203 -848.126098 -879.780652 -913.832740 -889.130137 -871.062686 -861.484283 -859.045027 -861.775213 -867.851420 -875.740138 -884.176126 -892.191531 -899.169530 -904.839673 -909.195478 -912.389231 -914.641705 -916.178018 -917.193116 -917.841336 -918.253824 -918.596566 -918.979445 -919.086233 -922.317826 -979.619187 -2270.172147 -4477.021035 -4477.309071 -4472.526911 -4467.926859 -4467.232670 -4467.160388 -4467.161860 -4467.172571 -4467.184278 -4467.195510 -4467.205897 -4467.215605 -4467.227744 -4467.273351 -4467.629347 -4470.220135 -4474.219400 -4473.828325 -2169.851293 -962.845306 -922.658833 -919.797673 -919.264256 -919.144385 -919.123782 -919.124574 -919.129030 -919.133305 -919.136705 -919.139274 -919.141208 -919.142680 -919.143820 -919.144722 -919.145446 -919.146043 -919.146562 -919.147056 -919.147590 -919.148246 -919.149141 -919.150451 -919.152450 -919.155575 -919.160537 -919.168518 -919.181535 -919.203139 -919.239799 -919.303734 -919.418700 -919.631779 -920.036847 -920.820336 -922.351333 -925.377392 -931.541807 -944.897590 -975.742676 -9999.0 -9999.0
-9999.0 -9999.0 -604.913613 -737.448719 -833.093171 -880.343111 -901.361058 -910.883210 -915.058036 -913.403888 -891.828797 -861.818835 -833.765863 -805.843564 -782.674226 -816.240203 -848.126098 -879.780652 -913.832740 -889.130137 -871.062686 -861.484283 -859.045027 -861.775213 -867.851420 -875.740138 -884.176126 -892.191531 -899.169530 -904.839673 -909.195478 -912.389231 -914.641705 -916.178018 -917.193116 -917.841336 -918.253824 -918.596566 -918.979445 -919.086233 -922.317826 -979.619187 -2270.172147 -4477.021035 -4477.309071 -4472.526911 -4467.926859 -4467.232670 -4467.160388 -4467.161860 -4467.172571 -4467.184278 -4467.195510 -4467.205897 -4467.215605 -4467.227744 -4467.273351 -4467.629347 -4470.220135 -4474.219400 -4473.828325 -2169.851293 -962.845306 -922.658833 -919.797673 -919.264256 -919.144385 -919.123782 -919.124574 -919.129030 -919.133305 -919.136705 -919.139274 -919.141208 -919.142680 -919.143820 -919.144722 -919.145446 -919.146043 -919.146562 -919.147056 -919.147590 -919.148246 -919.149141 -919.150451 -919.152450 -919.155575 -919.160537 -919.168518 -919.181535 -919.203139 -919.239799 -919.303734 -919.418700 -919.631779 -920.036847 -920.820336 -922.351333 -925.377392 -931.541807 -944.897590 -975.742676 -9999.0 -9999.0
-9999.0 -9999.0 -604.913624 -737.448747 -833.093205 -880.343130 -901.361064 -910.883211 -915.058035 -913.403888 -891.828796 -861.818835 -833.765863 -805.843564 -782.674226 -816.240203 -848.126098 -879.780652 -913.832740 -889.130137 -871.062686 -861.484283 -859.045027 -861.775213 -867.851420 -875.740138 -884.176126 -892.191531 -899.169530 -904.839673 -909.195478 -912.389231 -914.641705 -916.178018 -917.193116 -917.841336 -918.253824 -918.596566 -918.979445 -919.086233 -922.317826 -979.619187 -2270.172147 -4477.021035 -4477.309071 -4472.526911 -4467.926859 -4467.232670 -4467.160388 -4467.161860 -4467.172571 -4467.184278 -4467.195510 -4467.205897 -4467.215605 -4467.227744 -4467.273351 -4467.629347 -4470.220135 -4474.219400 -4473.828325 -2169.851293 -962.845306 -922.658833 -919.797673 -919.264256 -919.144385 -919.123782 -919.124574 -919.129030 -919.133305 -919.136705 -919.139274 -919.141208 -919.142680 -919.143820 -919.144722 -919.145446 -919.146043 -919.146562 -919.147056 -919.147590 -919.148246 -919.149141 -919.150451 -919.152450 -919.155575 -919.160537 -919.168518 -919.181535 -919.203139 -919.239799 -919.303734 -919.418700 -919.631779 -920.036847 -920.820336 -922.351333 -925.377392 -931.541807 -944.897590 -975.742676 -9999.0 -9999.0
-9999.0 -9999.0 -9999.0 -9999.0 -9999.0 -9999.0 -9999.0 -9999.0 -9999.0 -9999.0 -9999.0 -9999.0 -9999.0 -9999.0 -9999.0 -9999.0 -9999.0 -9999.0 -9999.0 -9999.0 -9999.0 -9999.0 -9999.0 -9999.0 -9999.0 -9999.0 -9999.0 -9999.0 -9999.0 -9999.0 -9999.0 -9999.0 -9999.0 -9999.0 -9999.0 -9999.0 -9999.0 -9999.0 -9999.0 -9999.0 -9999.0 -9999.0 -9999.0 -9999.0 -9999.0 -9999.0 -9999.0 -9999.0 -9999.0 -9999.0 -9999.0 -9999.0 -9999.0 -9999.0 -9999.0 -9999.0 -9999.0 -9999.0 -9999.0 -9999.0 -9999.0 -9999.0 -9999.0 -9999.0 -9999.0 -9999.0 -9999.0 -9999.0 -9999.0 -9999.0 -9999.0 -9999.0 -9999.0 -9999.0 -9999.0 -9999.0 -9999.0 -9999.0 -9999.0 -9999.0 -9999.0 -9999.0 -9999.0 -9999.0 -9999.0 -9999.0 -9999.0 -9999.0 -9999.0 -9999.0 -9999.0 -9999.0 -9999.0 -9999.0 -9999.0 -9999.0 -9999.0 -9999.0 -9999.0 -9999.0 -9999.0 -9999.0 -9999.0 -9999.0
-9999.0 -9999.0 -9999.0 -9999.0 -9999.0 -9999.0 -9999.0 -9999.0 -9999.0 -9999.0 -9999.0 -9999.0 -9999.0 -9999.0 -9999.0 -9999.0 -9999.0 -9999.0 -9999.0 -9999.0 -9999.0 -9999.0 -9999.0 -9999.0 -9999.0 -9999.0 -9999.0 -9999.0 -9999.0 -9999.0 -9999.0 -9999.0 -9999.0 -9999.0 -9999.0 -9999.0 -9999.0 -9999.0 -9999.0 -9999.0 -9999.0 -9999.0 -9999.0 -9999.0 -9999.0 -9999.0 -9999.0 -9999.0 -9999.0 -9999.0 -9999.0 -9999.0 -9999.0 -9999.0 -9999.0 -9999.0 -9999.0 -9999.0 -9999.0 -9999.0 -9999.0 -9999.0 -9999.0 -9999.0 -9999.0 -9999.0 -9999.0 -9999.0 -9999.0 -9999.0 -9999.0 -9999.0 -9999.0 -9999.0 -9999.0 -9999.0 -9999.0 -9999.0 -9999.0 -9999.0 -9999.0 -9999.0 -9999.0 -9999.0 -9999.0 -9999.0 -9999.0 -9999.0 -9999.0 -9999.0 -9999.0 -9999.0 -9999.0 -9999.0 -9999.0 -9999.0 -9999.0 -9999.0 -9999.0 -9999.0 -9999.0 -9999.0 -9999.0 -9999.0