inst/processing_geotop_simulation/geotop_simulation/out/maps3D/PwL0004N0247.asc
ncols         104
nrows         10
xllcorner     -2.000000
yllcorner     0.000000
cellsize      1.000000
NODATA_value  -9999.0
-9999.0 -9999.0 -9999.0 -9999.0 -9999.0 -9999.0 -9999.0 -9999.0 -9999.0 -9999.0 -9999.0 -9999.0 -9999.0 -9999.0 -9999.0 -9999.0 -9999.0 -9999.0 -9999.0 -9999.0 -9999.0 -9999.0 -9999.0 -9999.0 -9999.0 -9999.0 -9999.0 -9999.0 -9999.0 -9999.0 -9999.0 -9999.0 -9999.0 -9999.0 -9999.0 -9999.0 -9999.0 -9999.0 -9999.0 -9999.0 -9999.0 -9999.0 -9999.0 -9999.0 -9999.0 -9999.0 -9999.0 -9999.0 -9999.0 -9999.0 -9999.0 -9999.0 -9999.0 -9999.0 -9999.0 -9999.0 -9999.0 -9999.0 -9999.0 -9999.0 -9999.0 -9999.0 -9999.0 -9999.0 -9999.0 -9999.0 -9999.0 -9999.0 -9999.0 -9999.0 -9999.0 -9999.0 -9999.0 -9999.0 -9999.0 -9999.0 -9999.0 -9999.0 -9999.0 -9999.0 -9999.0 -9999.0 -9999.0 -9999.0 -9999.0 -9999.0 -9999.0 -9999.0 -9999.0 -9999.0 -9999.0 -9999.0 -9999.0 -9999.0 -9999.0 -9999.0 -9999.0 -9999.0 -9999.0 -9999.0 -9999.0 -9999.0 -9999.0 -9999.0
-9999.0 -9999.0 -9999.0 -9999.0 -9999.0 -9999.0 -9999.0 -9999.0 -9999.0 -9999.0 -9999.0 -9999.0 -9999.0 -9999.0 -9999.0 -9999.0 -9999.0 -9999.0 -9999.0 -9999.0 -9999.0 -9999.0 -9999.0 -9999.0 -9999.0 -9999.0 -9999.0 -9999.0 -9999.0 -9999.0 -9999.0 -9999.0 -9999.0 -9999.0 -9999.0 -9999.0 -9999.0 -9999.0 -9999.0 -9999.0 -9999.0 -9999.0 -9999.0 -9999.0 -9999.0 -9999.0 -9999.0 -9999.0 -9999.0 -9999.0 -9999.0 -9999.0 -9999.0 -9999.0 -9999.0 -9999.0 -9999.0 -9999.0 -9999.0 -9999.0 -9999.0 -9999.0 -9999.0 -9999.0 -9999.0 -9999.0 -9999.0 -9999.0 -9999.0 -9999.0 -9999.0 -9999.0 -9999.0 -9999.0 -9999.0 -9999.0 -9999.0 -9999.0 -9999.0 -9999.0 -9999.0 -9999.0 -9999.0 -9999.0 -9999.0 -9999.0 -9999.0 -9999.0 -9999.0 -9999.0 -9999.0 -9999.0 -9999.0 -9999.0 -9999.0 -9999.0 -9999.0 -9999.0 -9999.0 -9999.0 -9999.0 -9999.0 -9999.0 -9999.0
-9999.0 -9999.0 177.487584 82.672862 -14.568518 -112.500665 -210.697138 -308.989026 -407.282803 -505.511386 -603.552329 -701.083007 -798.275321 -894.887174 -991.232840 -1087.824631 -1182.921434 -1276.165636 -1366.971960 -1453.875366 -1533.077886 -1600.358417 -1653.656630 -1693.577453 -1722.325582 -1742.514052 -1756.474090 -1766.027613 -1772.509140 -1776.869206 -1779.777657 -1781.702753 -1782.968558 -1783.796588 -1784.336592 -1784.690655 -1784.935951 -1785.167491 -1785.684768 -1787.788873 -1794.581432 -1778.171136 -1114.499940 -1121.353389 -1107.788790 -1099.088932 -1095.015425 -1094.415695 -1094.352723 -1094.359920 -1094.377392 -1094.396127 -1094.414127 -1094.430792 -1094.446233 -1094.463943 -1094.517250 -1094.874032 -1097.035984 -1101.874237 -1108.886474 -1092.423589 -1754.752455 -1788.916551 -1786.556262 -1785.631629 -1785.459683 -1785.432308 -1785.428591 -1785.428745 -1785.429446 -1785.430097 -1785.430613 -1785.431008 -1785.431310 -1785.431545 -1785.431731 -1785.431881 -1785.432007 -1785.432119 -1785.432230 -1785.432353 -1785.432508 -1785.432724 -1785.433043 -1785.433535 -1785.434309 -1785.435549 -1785.437568 -1785.440914 -1785.446586 -1785.456456 -1785.474145 -1785.506802 -1785.568769 -1785.689346 -1785.930490 -1786.431449 -1787.532203 -1790.146523 -1797.104466 -1819.472644 -9999.0 -9999.0
-9999.0 -9999.0 177.497696 82.674936 -14.567990 -112.500511 -210.697089 -308.989009 -407.282797 -505.511384 -603.552328 -701.083006 -798.275321 -894.887174 -991.232840 -1087.824631 -1182.921434 -1276.165636 -1366.971960 -1453.875366 -1533.077887 -1600.358417 -1653.656630 -1693.577454 -1722.325582 -1742.514052 -1756.474090 -1766.027613 -1772.509140 -1776.869206 -1779.777657 -1781.702753 -1782.968558 -1783.796588 -1784.336592 -1784.690655 -1784.935951 -1785.167491 -1785.684768 -1787.788873 -1794.581432 -1778.171136 -1114.499940 -1121.353389 -1107.788790 -1099.088932 -1095.015425 -1094.415695 -1094.352723 -1094.359920 -1094.377392 -1094.396127 -1094.414127 -1094.430792 -1094.446233 -1094.463943 -1094.517250 -1094.874032 -1097.035984 -1101.874237 -1108.886474 -1092.423589 -1754.752455 -1788.916551 -1786.556262 -1785.631629 -1785.459683 -1785.432308 -1785.428591 -1785.428745 -1785.429446 -1785.430097 -1785.430613 -1785.431008 -1785.431310 -1785.431545 -1785.431731 -1785.431881 -1785.432007 -1785.432119 -1785.432230 -1785.432353 -1785.432508 -1785.432724 -1785.433043 -1785.433535 -1785.434309 -1785.435549 -1785.437568 -1785.440914 -1785.446586 -1785.456456 -1785.474145 -1785.506802 -1785.568769 -1785.689346 -1785.930490 -1786.431449 -1787.532203 -1790.146523 -1797.104466 -1819.472644 -9999.0 -9999.0
-9999.0 -9999.0 177.499121 82.675780 -14.567656 -112.500390 -210.697047 -308.988994 -407.282792 -505.511382 -603.552328 -701.083006 -798.275321 -894.887174 -991.232840 -1087.824631 -1182.921434 -1276.165636 -1366.971960 -1453.875366 -1533.077887 -1600.358417 -1653.656631 -1693.577454 -1722.325582 -1742.514052 -1756.474090 -1766.027613 -1772.509140 -1776.869206 -1779.777657 -1781.702753 -1782.968558 -1783.796588 -1784.336592 -1784.690655 -1784.935951 -1785.167491 -1785.684768 -1787.788873 -1794.581432 -1778.171136 -1114.499940 -1121.353389 -1107.788790 -1099.088932 -1095.015425 -1094.415695 -1094.352723 -1094.359920 -1094.377392 -1094.396127 -1094.414127 -1094.430792 -1094.446233 -1094.463943 -1094.517250 -1094.874032 -1097.035984 -1101.874237 -1108.886474 -1092.423589 -1754.752455 -1788.916551 -1786.556262 -1785.631629 -1785.459683 -1785.432308 -1785.428591 -1785.428745 -1785.429446 -1785.430097 -1785.430613 -1785.431008 -1785.431310 -1785.431545 -1785.431731 -1785.431881 -1785.432007 -1785.432119 -1785.432230 -1785.432353 -1785.432508 -1785.432724 -1785.433043 -1785.433535 -1785.434309 -1785.435549 -1785.437568 -1785.440914 -1785.446586 -1785.456456 -1785.474145 -1785.506802 -1785.568769 -1785.689346 -1785.930490 -1786.431449 -1787.532203 -1790.146523 -1797.104466 -1819.472644 -9999.0 -9999.0
-9999.0 -9999.0 177.499121 82.675780 -14.567656 -112.500390 -210.697047 -308.988994 -407.282792 -505.511382 -603.552328 -701.083006 -798.275321 -894.887174 -991.232840 -1087.824631 -1182.921434 -1276.165636 -1366.971960 -1453.875366 -1533.077887 -1600.358417 -1653.656631 -1693.577454 -1722.325582 -1742.514052 -1756.474090 -1766.027613 -1772.509140 -1776.869206 -1779.777657 -1781.702753 -1782.968558 -1783.796588 -1784.336592 -1784.690655 -1784.935951 -1785.167491 -1785.684768 -1787.788873 -1794.581432 -1778.171136 -1114.499940 -1121.353389 -1107.788790 -1099.088932 -1095.015425 -1094.415695 -1094.352723 -1094.359920 -1094.377392 -1094.396127 -1094.414127 -1094.430792 -1094.446233 -1094.463943 -1094.517250 -1094.874032 -1097.035984 -1101.874237 -1108.886474 -1092.423589 -1754.752455 -1788.916551 -1786.556262 -1785.631629 -1785.459683 -1785.432308 -1785.428591 -1785.428745 -1785.429446 -1785.430097 -1785.430613 -1785.431008 -1785.431310 -1785.431545 -1785.431731 -1785.431881 -1785.432007 -1785.432119 -1785.432230 -1785.432353 -1785.432508 -1785.432724 -1785.433043 -1785.433535 -1785.434309 -1785.435549 -1785.437568 -1785.440914 -1785.446586 -1785.456456 -1785.474145 -1785.506802 -1785.568769 -1785.689346 -1785.930490 -1786.431449 -1787.532203 -1790.146523 -1797.104466 -1819.472644 -9999.0 -9999.0
-9999.0 -9999.0 177.497696 82.674936 -14.567990 -112.500511 -210.697089 -308.989009 -407.282797 -505.511384 -603.552328 -701.083006 -798.275321 -894.887174 -991.232840 -1087.824631 -1182.921434 -1276.165636 -1366.971960 -1453.875366 -1533.077887 -1600.358417 -1653.656630 -1693.577454 -1722.325582 -1742.514052 -1756.474090 -1766.027613 -1772.509140 -1776.869206 -1779.777657 -1781.702753 -1782.968558 -1783.796588 -1784.336592 -1784.690655 -1784.935951 -1785.167491 -1785.684768 -1787.788873 -1794.581432 -1778.171136 -1114.499940 -1121.353389 -1107.788790 -1099.088932 -1095.015425 -1094.415695 -1094.352723 -1094.359920 -1094.377392 -1094.396127 -1094.414127 -1094.430792 -1094.446233 -1094.463943 -1094.517250 -1094.874032 -1097.035984 -1101.874237 -1108.886474 -1092.423589 -1754.752455 -1788.916551 -1786.556262 -1785.631629 -1785.459683 -1785.432308 -1785.428591 -1785.428745 -1785.429446 -1785.430097 -1785.430613 -1785.431008 -1785.431310 -1785.431545 -1785.431731 -1785.431881 -1785.432007 -1785.432119 -1785.432230 -1785.432353 -1785.432508 -1785.432724 -1785.433043 -1785.433535 -1785.434309 -1785.435549 -1785.437568 -1785.440914 -1785.446586 -1785.456456 -1785.474145 -1785.506802 -1785.568769 -1785.689346 -1785.930490 -1786.431449 -1787.532203 -1790.146523 -1797.104466 -1819.472644 -9999.0 -9999.0
-9999.0 -9999.0 177.487584 82.672862 -14.568518 -112.500665 -210.697138 -308.989026 -407.282803 -505.511386 -603.552329 -701.083007 -798.275321 -894.887174 -991.232840 -1087.824631 -1182.921434 -1276.165636 -1366.971960 -1453.875366 -1533.077886 -1600.358417 -1653.656630 -1693.577453 -1722.325582 -1742.514052 -1756.474090 -1766.027613 -1772.509140 -1776.869206 -1779.777657 -1781.702753 -1782.968558 -1783.796588 -1784.336592 -1784.690655 -1784.935951 -1785.167491 -1785.684768 -1787.788873 -1794.581432 -1778.171136 -1114.499940 -1121.353389 -1107.788790 -1099.088932 -1095.015425 -1094.415695 -1094.352723 -1094.359920 -1094.377392 -1094.396127 -1094.414127 -1094.430792 -1094.446233 -1094.463943 -1094.517250 -1094.874032 -1097.035984 -1101.874237 -1108.886474 -1092.423589 -1754.752455 -1788.916551 -1786.556262 -1785.631629 -1785.459683 -1785.432308 -1785.428591 -1785.428745 -1785.429446 -1785.430097 -1785.430613 -1785.431008 -1785.431310 -1785.431545 -1785.431731 -1785.431881 -1785.432007 -1785.432119 -1785.432230 -1785.432353 -1785.432508 -1785.432724 -1785.433043 -1785.433535 -1785.434309 -1785.435549 -1785.437568 -1785.440914 -1785.446586 -1785.456456 -1785.474145 -1785.506802 -1785.568769 -1785.689346 -1785.930490 -1786.431449 -1787.532203 -1790.146523 -1797.104466 -1819.472644 -9999.0 -9999.0
-9999.0 -9999.0 -9999.0 -9999.0 -9999.0 -9999.0 -9999.0 -9999.0 -9999.0 -9999.0 -9999.0 -9999.0 -9999.0 -9999.0 -9999.0 -9999.0 -9999.0 -9999.0 -9999.0 -9999.0 -9999.0 -9999.0 -9999.0 -9999.0 -9999.0 -9999.0 -9999.0 -9999.0 -9999.0 -9999.0 -9999.0 -9999.0 -9999.0 -9999.0 -9999.0 -9999.0 -9999.0 -9999.0 -9999.0 -9999.0 -9999.0 -9999.0 -9999.0 -9999.0 -9999.0 -9999.0 -9999.0 -9999.0 -9999.0 -9999.0 -9999.0 -9999.0 -9999.0 -9999.0 -9999.0 -9999.0 -9999.0 -9999.0 -9999.0 -9999.0 -9999.0 -9999.0 -9999.0 -9999.0 -9999.0 -9999.0 -9999.0 -9999.0 -9999.0 -9999.0 -9999.0 -9999.0 -9999.0 -9999.0 -9999.0 -9999.0 -9999.0 -9999.0 -9999.0 -9999.0 -9999.0 -9999.0 -9999.0 -9999.0 -9999.0 -9999.0 -9999.0 -9999.0 -9999.0 -9999.0 -9999.0 -9999.0 -9999.0 -9999.0 -9999.0 -9999.0 -9999.0 -9999.0 -9999.0 -9999.0 -9999.0 -9999.0 -9999.0 -9999.0
-9999.0 -9999.0 -9999.0 -9999.0 -9999.0 -9999.0 -9999.0 -9999.0 -9999.0 -9999.0 -9999.0 -9999.0 -9999.0 -9999.0 -9999.0 -9999.0 -9999.0 -9999.0 -9999.0 -9999.0 -9999.0 -9999.0 -9999.0 -9999.0 -9999.0 -9999.0 -9999.0 -9999.0 -9999.0 -9999.0 -9999.0 -9999.0 -9999.0 -9999.0 -9999.0 -9999.0 -9999.0 -9999.0 -9999.0 -9999.0 -9999.0 -9999.0 -9999.0 -9999.0 -9999.0 -9999.0 -9999.0 -9999.0 -9999.0 -9999.0 -9999.0 -9999.0 -9999.0 -9999.0 -9999.0 -9999.0 -9999.0 -9999.0 -9999.0 -9999.0 -9999.0 -9999.0 -9999.0 -9999.0 -9999.0 -9999.0 -9999.0 -9999.0 -9999.0 -9999.0 -9999.0 -9999.0 -9999.0 -9999.0 -9999.0 -9999.0 -9999.0 -9999.0 -9999.0 -9999.0 -9999.0 -9999.0 -9999.0 -9999.0 -9999.0 -9999.0 -9999.0 -9999.0 -9999.0 -9999.0 -9999.0 -9999.0 -9999.0 -9999.0 -9999.0 -9999.0 -9999.0 -9999.0 -9999.0 -9999.0 -9999.0 -9999.0 -9999.0 -9999.0