inst/processing_geotop_simulation/geotop_simulation/out/maps3D/PwL0010N0224.asc
ncols         104
nrows         10
xllcorner     -2.000000
yllcorner     0.000000
cellsize      1.000000
NODATA_value  -9999.0
-9999.0 -9999.0 -9999.0 -9999.0 -9999.0 -9999.0 -9999.0 -9999.0 -9999.0 -9999.0 -9999.0 -9999.0 -9999.0 -9999.0 -9999.0 -9999.0 -9999.0 -9999.0 -9999.0 -9999.0 -9999.0 -9999.0 -9999.0 -9999.0 -9999.0 -9999.0 -9999.0 -9999.0 -9999.0 -9999.0 -9999.0 -9999.0 -9999.0 -9999.0 -9999.0 -9999.0 -9999.0 -9999.0 -9999.0 -9999.0 -9999.0 -9999.0 -9999.0 -9999.0 -9999.0 -9999.0 -9999.0 -9999.0 -9999.0 -9999.0 -9999.0 -9999.0 -9999.0 -9999.0 -9999.0 -9999.0 -9999.0 -9999.0 -9999.0 -9999.0 -9999.0 -9999.0 -9999.0 -9999.0 -9999.0 -9999.0 -9999.0 -9999.0 -9999.0 -9999.0 -9999.0 -9999.0 -9999.0 -9999.0 -9999.0 -9999.0 -9999.0 -9999.0 -9999.0 -9999.0 -9999.0 -9999.0 -9999.0 -9999.0 -9999.0 -9999.0 -9999.0 -9999.0 -9999.0 -9999.0 -9999.0 -9999.0 -9999.0 -9999.0 -9999.0 -9999.0 -9999.0 -9999.0 -9999.0 -9999.0 -9999.0 -9999.0 -9999.0 -9999.0
-9999.0 -9999.0 -9999.0 -9999.0 -9999.0 -9999.0 -9999.0 -9999.0 -9999.0 -9999.0 -9999.0 -9999.0 -9999.0 -9999.0 -9999.0 -9999.0 -9999.0 -9999.0 -9999.0 -9999.0 -9999.0 -9999.0 -9999.0 -9999.0 -9999.0 -9999.0 -9999.0 -9999.0 -9999.0 -9999.0 -9999.0 -9999.0 -9999.0 -9999.0 -9999.0 -9999.0 -9999.0 -9999.0 -9999.0 -9999.0 -9999.0 -9999.0 -9999.0 -9999.0 -9999.0 -9999.0 -9999.0 -9999.0 -9999.0 -9999.0 -9999.0 -9999.0 -9999.0 -9999.0 -9999.0 -9999.0 -9999.0 -9999.0 -9999.0 -9999.0 -9999.0 -9999.0 -9999.0 -9999.0 -9999.0 -9999.0 -9999.0 -9999.0 -9999.0 -9999.0 -9999.0 -9999.0 -9999.0 -9999.0 -9999.0 -9999.0 -9999.0 -9999.0 -9999.0 -9999.0 -9999.0 -9999.0 -9999.0 -9999.0 -9999.0 -9999.0 -9999.0 -9999.0 -9999.0 -9999.0 -9999.0 -9999.0 -9999.0 -9999.0 -9999.0 -9999.0 -9999.0 -9999.0 -9999.0 -9999.0 -9999.0 -9999.0 -9999.0 -9999.0
-9999.0 -9999.0 477.409493 381.959474 285.069942 187.504484 89.651781 -8.317903 -106.319418 -204.313853 -302.248670 -400.039699 -497.506475 -594.273563 -689.891722 -786.033645 -881.769929 -977.135751 -1072.269494 -1162.567489 -1247.314863 -1322.858487 -1386.432416 -1437.130538 -1475.771159 -1504.195873 -1524.552784 -1538.835357 -1548.690789 -1555.395521 -1559.901479 -1562.898873 -1564.876489 -1566.173323 -1567.020530 -1567.575519 -1567.952875 -1568.274640 -1568.875501 -1571.261001 -1581.009343 -1606.934684 -1388.616286 -1676.555699 -1589.670863 -1538.532924 -1515.630955 -1512.657004 -1512.356646 -1512.388792 -1512.468243 -1512.553330 -1512.635014 -1512.710605 -1512.780511 -1512.859677 -1513.095749 -1514.764482 -1526.460379 -1553.440080 -1593.850649 -1294.642595 -1576.073117 -1574.593579 -1569.999267 -1568.925087 -1568.742438 -1568.714158 -1568.710372 -1568.710555 -1568.711294 -1568.711978 -1568.712519 -1568.712934 -1568.713252 -1568.713500 -1568.713696 -1568.713855 -1568.713989 -1568.714108 -1568.714225 -1568.714355 -1568.714519 -1568.714746 -1568.715081 -1568.715596 -1568.716406 -1568.717703 -1568.719813 -1568.723310 -1568.729236 -1568.739548 -1568.758028 -1568.792150 -1568.856928 -1568.983121 -1569.236110 -1569.763892 -1570.929715 -1573.704682 -1581.021877 -1603.948881 -9999.0 -9999.0
-9999.0 -9999.0 477.416004 381.961285 285.070446 187.504637 89.651830 -8.317887 -106.319412 -204.313851 -302.248669 -400.039699 -497.506475 -594.273563 -689.891722 -786.033645 -881.769929 -977.135751 -1072.269494 -1162.567489 -1247.314863 -1322.858488 -1386.432416 -1437.130538 -1475.771159 -1504.195874 -1524.552784 -1538.835357 -1548.690789 -1555.395521 -1559.901479 -1562.898873 -1564.876489 -1566.173323 -1567.020530 -1567.575519 -1567.952875 -1568.274640 -1568.875501 -1571.261001 -1581.009343 -1606.934684 -1388.616286 -1676.555698 -1589.670863 -1538.532923 -1515.630955 -1512.657004 -1512.356646 -1512.388792 -1512.468243 -1512.553330 -1512.635014 -1512.710605 -1512.780511 -1512.859677 -1513.095749 -1514.764482 -1526.460379 -1553.440080 -1593.850649 -1294.642595 -1576.073117 -1574.593579 -1569.999267 -1568.925087 -1568.742438 -1568.714158 -1568.710372 -1568.710555 -1568.711294 -1568.711978 -1568.712519 -1568.712934 -1568.713252 -1568.713500 -1568.713696 -1568.713855 -1568.713989 -1568.714108 -1568.714225 -1568.714355 -1568.714519 -1568.714746 -1568.715081 -1568.715596 -1568.716406 -1568.717703 -1568.719813 -1568.723310 -1568.729236 -1568.739548 -1568.758028 -1568.792150 -1568.856928 -1568.983121 -1569.236110 -1569.763892 -1570.929715 -1573.704682 -1581.021877 -1603.948881 -9999.0 -9999.0
-9999.0 -9999.0 477.417548 381.962098 285.070773 187.504757 89.651873 -8.317871 -106.319407 -204.313849 -302.248668 -400.039698 -497.506475 -594.273563 -689.891722 -786.033645 -881.769929 -977.135751 -1072.269495 -1162.567489 -1247.314863 -1322.858488 -1386.432417 -1437.130539 -1475.771159 -1504.195874 -1524.552784 -1538.835358 -1548.690789 -1555.395521 -1559.901479 -1562.898873 -1564.876489 -1566.173323 -1567.020530 -1567.575519 -1567.952875 -1568.274640 -1568.875501 -1571.261001 -1581.009343 -1606.934684 -1388.616286 -1676.555698 -1589.670862 -1538.532922 -1515.630955 -1512.657004 -1512.356646 -1512.388792 -1512.468243 -1512.553330 -1512.635014 -1512.710605 -1512.780511 -1512.859677 -1513.095749 -1514.764482 -1526.460379 -1553.440080 -1593.850649 -1294.642595 -1576.073117 -1574.593579 -1569.999267 -1568.925087 -1568.742438 -1568.714158 -1568.710372 -1568.710555 -1568.711294 -1568.711978 -1568.712519 -1568.712934 -1568.713252 -1568.713500 -1568.713696 -1568.713855 -1568.713989 -1568.714108 -1568.714225 -1568.714355 -1568.714519 -1568.714746 -1568.715081 -1568.715596 -1568.716406 -1568.717703 -1568.719813 -1568.723310 -1568.729236 -1568.739548 -1568.758028 -1568.792150 -1568.856928 -1568.983121 -1569.236110 -1569.763892 -1570.929715 -1573.704682 -1581.021877 -1603.948881 -9999.0 -9999.0
-9999.0 -9999.0 477.417548 381.962098 285.070773 187.504757 89.651873 -8.317871 -106.319407 -204.313849 -302.248669 -400.039698 -497.506475 -594.273563 -689.891722 -786.033645 -881.769929 -977.135751 -1072.269495 -1162.567489 -1247.314863 -1322.858488 -1386.432417 -1437.130539 -1475.771159 -1504.195874 -1524.552784 -1538.835358 -1548.690789 -1555.395521 -1559.901479 -1562.898873 -1564.876489 -1566.173323 -1567.020530 -1567.575519 -1567.952875 -1568.274640 -1568.875501 -1571.261001 -1581.009343 -1606.934684 -1388.616286 -1676.555698 -1589.670862 -1538.532922 -1515.630955 -1512.657004 -1512.356646 -1512.388792 -1512.468243 -1512.553330 -1512.635014 -1512.710605 -1512.780511 -1512.859677 -1513.095749 -1514.764482 -1526.460379 -1553.440080 -1593.850649 -1294.642595 -1576.073117 -1574.593579 -1569.999267 -1568.925087 -1568.742438 -1568.714158 -1568.710372 -1568.710555 -1568.711294 -1568.711978 -1568.712519 -1568.712934 -1568.713252 -1568.713500 -1568.713696 -1568.713855 -1568.713989 -1568.714108 -1568.714225 -1568.714355 -1568.714519 -1568.714746 -1568.715081 -1568.715596 -1568.716406 -1568.717703 -1568.719813 -1568.723310 -1568.729236 -1568.739548 -1568.758028 -1568.792150 -1568.856928 -1568.983121 -1569.236110 -1569.763892 -1570.929715 -1573.704682 -1581.021877 -1603.948881 -9999.0 -9999.0
-9999.0 -9999.0 477.416004 381.961285 285.070446 187.504637 89.651830 -8.317887 -106.319412 -204.313851 -302.248669 -400.039699 -497.506475 -594.273563 -689.891722 -786.033645 -881.769929 -977.135751 -1072.269494 -1162.567489 -1247.314863 -1322.858488 -1386.432416 -1437.130538 -1475.771159 -1504.195874 -1524.552784 -1538.835357 -1548.690789 -1555.395521 -1559.901479 -1562.898873 -1564.876489 -1566.173323 -1567.020530 -1567.575519 -1567.952875 -1568.274640 -1568.875501 -1571.261001 -1581.009343 -1606.934684 -1388.616286 -1676.555698 -1589.670863 -1538.532923 -1515.630955 -1512.657004 -1512.356646 -1512.388792 -1512.468243 -1512.553330 -1512.635014 -1512.710605 -1512.780511 -1512.859677 -1513.095749 -1514.764482 -1526.460379 -1553.440080 -1593.850649 -1294.642595 -1576.073117 -1574.593579 -1569.999267 -1568.925087 -1568.742438 -1568.714158 -1568.710372 -1568.710555 -1568.711294 -1568.711978 -1568.712519 -1568.712934 -1568.713252 -1568.713500 -1568.713696 -1568.713855 -1568.713989 -1568.714108 -1568.714225 -1568.714355 -1568.714519 -1568.714746 -1568.715081 -1568.715596 -1568.716406 -1568.717703 -1568.719813 -1568.723310 -1568.729236 -1568.739548 -1568.758028 -1568.792150 -1568.856928 -1568.983121 -1569.236110 -1569.763892 -1570.929715 -1573.704682 -1581.021877 -1603.948881 -9999.0 -9999.0
-9999.0 -9999.0 477.409493 381.959474 285.069942 187.504484 89.651781 -8.317903 -106.319418 -204.313853 -302.248670 -400.039699 -497.506475 -594.273563 -689.891722 -786.033645 -881.769929 -977.135751 -1072.269494 -1162.567489 -1247.314863 -1322.858487 -1386.432416 -1437.130538 -1475.771159 -1504.195873 -1524.552784 -1538.835357 -1548.690789 -1555.395521 -1559.901479 -1562.898873 -1564.876489 -1566.173323 -1567.020530 -1567.575519 -1567.952875 -1568.274640 -1568.875501 -1571.261001 -1581.009343 -1606.934684 -1388.616286 -1676.555699 -1589.670863 -1538.532924 -1515.630955 -1512.657004 -1512.356646 -1512.388792 -1512.468243 -1512.553330 -1512.635014 -1512.710605 -1512.780511 -1512.859677 -1513.095749 -1514.764482 -1526.460379 -1553.440080 -1593.850649 -1294.642595 -1576.073117 -1574.593579 -1569.999267 -1568.925087 -1568.742438 -1568.714158 -1568.710372 -1568.710555 -1568.711294 -1568.711978 -1568.712519 -1568.712934 -1568.713252 -1568.713500 -1568.713696 -1568.713855 -1568.713989 -1568.714108 -1568.714225 -1568.714355 -1568.714519 -1568.714746 -1568.715081 -1568.715596 -1568.716406 -1568.717703 -1568.719813 -1568.723310 -1568.729236 -1568.739548 -1568.758028 -1568.792150 -1568.856928 -1568.983121 -1569.236110 -1569.763892 -1570.929715 -1573.704682 -1581.021877 -1603.948881 -9999.0 -9999.0
-9999.0 -9999.0 -9999.0 -9999.0 -9999.0 -9999.0 -9999.0 -9999.0 -9999.0 -9999.0 -9999.0 -9999.0 -9999.0 -9999.0 -9999.0 -9999.0 -9999.0 -9999.0 -9999.0 -9999.0 -9999.0 -9999.0 -9999.0 -9999.0 -9999.0 -9999.0 -9999.0 -9999.0 -9999.0 -9999.0 -9999.0 -9999.0 -9999.0 -9999.0 -9999.0 -9999.0 -9999.0 -9999.0 -9999.0 -9999.0 -9999.0 -9999.0 -9999.0 -9999.0 -9999.0 -9999.0 -9999.0 -9999.0 -9999.0 -9999.0 -9999.0 -9999.0 -9999.0 -9999.0 -9999.0 -9999.0 -9999.0 -9999.0 -9999.0 -9999.0 -9999.0 -9999.0 -9999.0 -9999.0 -9999.0 -9999.0 -9999.0 -9999.0 -9999.0 -9999.0 -9999.0 -9999.0 -9999.0 -9999.0 -9999.0 -9999.0 -9999.0 -9999.0 -9999.0 -9999.0 -9999.0 -9999.0 -9999.0 -9999.0 -9999.0 -9999.0 -9999.0 -9999.0 -9999.0 -9999.0 -9999.0 -9999.0 -9999.0 -9999.0 -9999.0 -9999.0 -9999.0 -9999.0 -9999.0 -9999.0 -9999.0 -9999.0 -9999.0 -9999.0
-9999.0 -9999.0 -9999.0 -9999.0 -9999.0 -9999.0 -9999.0 -9999.0 -9999.0 -9999.0 -9999.0 -9999.0 -9999.0 -9999.0 -9999.0 -9999.0 -9999.0 -9999.0 -9999.0 -9999.0 -9999.0 -9999.0 -9999.0 -9999.0 -9999.0 -9999.0 -9999.0 -9999.0 -9999.0 -9999.0 -9999.0 -9999.0 -9999.0 -9999.0 -9999.0 -9999.0 -9999.0 -9999.0 -9999.0 -9999.0 -9999.0 -9999.0 -9999.0 -9999.0 -9999.0 -9999.0 -9999.0 -9999.0 -9999.0 -9999.0 -9999.0 -9999.0 -9999.0 -9999.0 -9999.0 -9999.0 -9999.0 -9999.0 -9999.0 -9999.0 -9999.0 -9999.0 -9999.0 -9999.0 -9999.0 -9999.0 -9999.0 -9999.0 -9999.0 -9999.0 -9999.0 -9999.0 -9999.0 -9999.0 -9999.0 -9999.0 -9999.0 -9999.0 -9999.0 -9999.0 -9999.0 -9999.0 -9999.0 -9999.0 -9999.0 -9999.0 -9999.0 -9999.0 -9999.0 -9999.0 -9999.0 -9999.0 -9999.0 -9999.0 -9999.0 -9999.0 -9999.0 -9999.0 -9999.0 -9999.0 -9999.0 -9999.0 -9999.0 -9999.0