inst/processing_geotop_simulation/geotop_simulation/out/maps3D/PwL0014N0356.asc
ncols         104
nrows         10
xllcorner     -2.000000
yllcorner     0.000000
cellsize      1.000000
NODATA_value  -9999.0
-9999.0 -9999.0 -9999.0 -9999.0 -9999.0 -9999.0 -9999.0 -9999.0 -9999.0 -9999.0 -9999.0 -9999.0 -9999.0 -9999.0 -9999.0 -9999.0 -9999.0 -9999.0 -9999.0 -9999.0 -9999.0 -9999.0 -9999.0 -9999.0 -9999.0 -9999.0 -9999.0 -9999.0 -9999.0 -9999.0 -9999.0 -9999.0 -9999.0 -9999.0 -9999.0 -9999.0 -9999.0 -9999.0 -9999.0 -9999.0 -9999.0 -9999.0 -9999.0 -9999.0 -9999.0 -9999.0 -9999.0 -9999.0 -9999.0 -9999.0 -9999.0 -9999.0 -9999.0 -9999.0 -9999.0 -9999.0 -9999.0 -9999.0 -9999.0 -9999.0 -9999.0 -9999.0 -9999.0 -9999.0 -9999.0 -9999.0 -9999.0 -9999.0 -9999.0 -9999.0 -9999.0 -9999.0 -9999.0 -9999.0 -9999.0 -9999.0 -9999.0 -9999.0 -9999.0 -9999.0 -9999.0 -9999.0 -9999.0 -9999.0 -9999.0 -9999.0 -9999.0 -9999.0 -9999.0 -9999.0 -9999.0 -9999.0 -9999.0 -9999.0 -9999.0 -9999.0 -9999.0 -9999.0 -9999.0 -9999.0 -9999.0 -9999.0 -9999.0 -9999.0
-9999.0 -9999.0 -9999.0 -9999.0 -9999.0 -9999.0 -9999.0 -9999.0 -9999.0 -9999.0 -9999.0 -9999.0 -9999.0 -9999.0 -9999.0 -9999.0 -9999.0 -9999.0 -9999.0 -9999.0 -9999.0 -9999.0 -9999.0 -9999.0 -9999.0 -9999.0 -9999.0 -9999.0 -9999.0 -9999.0 -9999.0 -9999.0 -9999.0 -9999.0 -9999.0 -9999.0 -9999.0 -9999.0 -9999.0 -9999.0 -9999.0 -9999.0 -9999.0 -9999.0 -9999.0 -9999.0 -9999.0 -9999.0 -9999.0 -9999.0 -9999.0 -9999.0 -9999.0 -9999.0 -9999.0 -9999.0 -9999.0 -9999.0 -9999.0 -9999.0 -9999.0 -9999.0 -9999.0 -9999.0 -9999.0 -9999.0 -9999.0 -9999.0 -9999.0 -9999.0 -9999.0 -9999.0 -9999.0 -9999.0 -9999.0 -9999.0 -9999.0 -9999.0 -9999.0 -9999.0 -9999.0 -9999.0 -9999.0 -9999.0 -9999.0 -9999.0 -9999.0 -9999.0 -9999.0 -9999.0 -9999.0 -9999.0 -9999.0 -9999.0 -9999.0 -9999.0 -9999.0 -9999.0 -9999.0 -9999.0 -9999.0 -9999.0 -9999.0 -9999.0
-9999.0 -9999.0 671.797650 573.376973 474.612720 375.618430 276.517123 177.370155 78.208162 -20.950540 -120.095707 -219.222580 -318.313655 -417.333390 -516.219726 -614.882687 -713.162155 -811.588990 -909.796684 -1007.716862 -1105.226761 -1198.963272 -1288.038609 -1369.975646 -1442.515345 -1504.187701 -1554.584434 -1594.291361 -1624.589018 -1647.088266 -1663.427666 -1675.082580 -1683.278894 -1688.979604 -1692.911775 -1695.611505 -1697.480485 -1698.885156 -1700.442536 -1703.804973 -1712.273406 -1724.818362 -1805.431211 -4074.784585 -3951.188870 -3726.677881 -3601.296960 -3584.071851 -3582.319128 -3582.500399 -3582.955706 -3583.443442 -3583.911537 -3584.344592 -3584.745118 -3585.199987 -3586.566012 -3596.210139 -3662.138106 -3800.050023 -3816.244170 -1617.677029 -1685.715181 -1704.177667 -1702.730709 -1701.709081 -1701.456647 -1701.409267 -1701.401720 -1701.401023 -1701.401395 -1701.401855 -1701.402244 -1701.402554 -1701.402801 -1701.403002 -1701.403169 -1701.403312 -1701.403439 -1701.403558 -1701.403677 -1701.403807 -1701.403964 -1701.404167 -1701.404451 -1701.404866 -1701.405498 -1701.406489 -1701.408084 -1701.410718 -1701.415196 -1701.423043 -1701.437246 -1701.463778 -1701.514908 -1701.616766 -1701.828137 -1702.290860 -1703.373587 -1706.118696 -1713.834641 -1738.708352 -9999.0 -9999.0
-9999.0 -9999.0 671.801964 573.378367 474.613136 375.618560 276.517166 177.370170 78.208168 -20.950537 -120.095706 -219.222580 -318.313655 -417.333390 -516.219726 -614.882687 -713.162155 -811.588990 -909.796684 -1007.716862 -1105.226761 -1198.963272 -1288.038609 -1369.975646 -1442.515346 -1504.187701 -1554.584434 -1594.291361 -1624.589018 -1647.088266 -1663.427666 -1675.082580 -1683.278894 -1688.979604 -1692.911775 -1695.611505 -1697.480485 -1698.885156 -1700.442536 -1703.804973 -1712.273406 -1724.818362 -1805.431211 -4074.784584 -3951.188867 -3726.677873 -3601.296960 -3584.071851 -3582.319128 -3582.500399 -3582.955706 -3583.443442 -3583.911537 -3584.344592 -3584.745118 -3585.199987 -3586.566012 -3596.210139 -3662.138106 -3800.050023 -3816.244170 -1617.677029 -1685.715181 -1704.177667 -1702.730709 -1701.709081 -1701.456647 -1701.409267 -1701.401720 -1701.401023 -1701.401395 -1701.401855 -1701.402244 -1701.402554 -1701.402801 -1701.403002 -1701.403169 -1701.403312 -1701.403439 -1701.403558 -1701.403677 -1701.403807 -1701.403964 -1701.404167 -1701.404451 -1701.404866 -1701.405498 -1701.406489 -1701.408084 -1701.410718 -1701.415196 -1701.423043 -1701.437246 -1701.463778 -1701.514908 -1701.616766 -1701.828137 -1702.290860 -1703.373587 -1706.118696 -1713.834641 -1738.708352 -9999.0 -9999.0
-9999.0 -9999.0 671.803257 573.379043 474.613413 375.618664 276.517204 177.370184 78.208173 -20.950535 -120.095705 -219.222579 -318.313654 -417.333390 -516.219726 -614.882687 -713.162155 -811.588990 -909.796684 -1007.716863 -1105.226761 -1198.963272 -1288.038610 -1369.975646 -1442.515346 -1504.187701 -1554.584435 -1594.291362 -1624.589018 -1647.088266 -1663.427666 -1675.082580 -1683.278894 -1688.979604 -1692.911775 -1695.611505 -1697.480485 -1698.885156 -1700.442536 -1703.804973 -1712.273406 -1724.818362 -1805.431211 -4074.784584 -3951.188866 -3726.677870 -3601.296960 -3584.071851 -3582.319127 -3582.500399 -3582.955706 -3583.443442 -3583.911537 -3584.344592 -3584.745118 -3585.199987 -3586.566012 -3596.210139 -3662.138106 -3800.050022 -3816.244170 -1617.677029 -1685.715181 -1704.177667 -1702.730709 -1701.709081 -1701.456647 -1701.409267 -1701.401720 -1701.401023 -1701.401395 -1701.401855 -1701.402244 -1701.402554 -1701.402801 -1701.403002 -1701.403169 -1701.403312 -1701.403439 -1701.403558 -1701.403677 -1701.403807 -1701.403964 -1701.404167 -1701.404451 -1701.404866 -1701.405498 -1701.406489 -1701.408084 -1701.410718 -1701.415196 -1701.423043 -1701.437246 -1701.463778 -1701.514908 -1701.616766 -1701.828137 -1702.290860 -1703.373587 -1706.118696 -1713.834641 -1738.708352 -9999.0 -9999.0
-9999.0 -9999.0 671.803257 573.379043 474.613413 375.618664 276.517204 177.370184 78.208173 -20.950535 -120.095705 -219.222579 -318.313654 -417.333390 -516.219726 -614.882687 -713.162155 -811.588990 -909.796684 -1007.716863 -1105.226761 -1198.963272 -1288.038610 -1369.975646 -1442.515346 -1504.187701 -1554.584435 -1594.291362 -1624.589018 -1647.088266 -1663.427666 -1675.082580 -1683.278894 -1688.979604 -1692.911775 -1695.611505 -1697.480485 -1698.885156 -1700.442536 -1703.804973 -1712.273406 -1724.818362 -1805.431211 -4074.784584 -3951.188866 -3726.677870 -3601.296960 -3584.071851 -3582.319127 -3582.500399 -3582.955706 -3583.443442 -3583.911537 -3584.344592 -3584.745118 -3585.199987 -3586.566012 -3596.210139 -3662.138106 -3800.050022 -3816.244170 -1617.677029 -1685.715181 -1704.177667 -1702.730709 -1701.709081 -1701.456647 -1701.409267 -1701.401720 -1701.401023 -1701.401395 -1701.401855 -1701.402244 -1701.402554 -1701.402801 -1701.403002 -1701.403169 -1701.403312 -1701.403439 -1701.403558 -1701.403677 -1701.403807 -1701.403964 -1701.404167 -1701.404451 -1701.404866 -1701.405498 -1701.406489 -1701.408084 -1701.410718 -1701.415196 -1701.423043 -1701.437246 -1701.463778 -1701.514908 -1701.616766 -1701.828137 -1702.290860 -1703.373587 -1706.118696 -1713.834641 -1738.708352 -9999.0 -9999.0
-9999.0 -9999.0 671.801964 573.378367 474.613136 375.618560 276.517166 177.370170 78.208168 -20.950537 -120.095706 -219.222580 -318.313655 -417.333390 -516.219726 -614.882687 -713.162155 -811.588990 -909.796684 -1007.716862 -1105.226761 -1198.963272 -1288.038610 -1369.975646 -1442.515346 -1504.187701 -1554.584434 -1594.291361 -1624.589018 -1647.088266 -1663.427666 -1675.082580 -1683.278894 -1688.979604 -1692.911775 -1695.611505 -1697.480485 -1698.885156 -1700.442536 -1703.804973 -1712.273406 -1724.818362 -1805.431211 -4074.784584 -3951.188867 -3726.677873 -3601.296960 -3584.071851 -3582.319128 -3582.500399 -3582.955706 -3583.443442 -3583.911537 -3584.344592 -3584.745118 -3585.199987 -3586.566012 -3596.210139 -3662.138106 -3800.050023 -3816.244170 -1617.677029 -1685.715181 -1704.177667 -1702.730709 -1701.709081 -1701.456647 -1701.409267 -1701.401720 -1701.401023 -1701.401395 -1701.401855 -1701.402244 -1701.402554 -1701.402801 -1701.403002 -1701.403169 -1701.403312 -1701.403439 -1701.403558 -1701.403677 -1701.403807 -1701.403964 -1701.404167 -1701.404451 -1701.404866 -1701.405498 -1701.406489 -1701.408084 -1701.410718 -1701.415196 -1701.423043 -1701.437246 -1701.463778 -1701.514908 -1701.616766 -1701.828137 -1702.290860 -1703.373587 -1706.118696 -1713.834641 -1738.708352 -9999.0 -9999.0
-9999.0 -9999.0 671.797650 573.376973 474.612720 375.618430 276.517123 177.370155 78.208162 -20.950540 -120.095707 -219.222580 -318.313655 -417.333390 -516.219726 -614.882687 -713.162155 -811.588990 -909.796684 -1007.716862 -1105.226761 -1198.963272 -1288.038609 -1369.975646 -1442.515345 -1504.187701 -1554.584434 -1594.291361 -1624.589018 -1647.088266 -1663.427666 -1675.082580 -1683.278894 -1688.979604 -1692.911775 -1695.611505 -1697.480485 -1698.885156 -1700.442536 -1703.804973 -1712.273406 -1724.818362 -1805.431211 -4074.784585 -3951.188870 -3726.677881 -3601.296960 -3584.071851 -3582.319128 -3582.500399 -3582.955706 -3583.443442 -3583.911537 -3584.344592 -3584.745118 -3585.199987 -3586.566012 -3596.210139 -3662.138106 -3800.050023 -3816.244170 -1617.677029 -1685.715181 -1704.177667 -1702.730709 -1701.709081 -1701.456647 -1701.409267 -1701.401720 -1701.401023 -1701.401395 -1701.401855 -1701.402244 -1701.402554 -1701.402801 -1701.403002 -1701.403169 -1701.403312 -1701.403439 -1701.403558 -1701.403677 -1701.403807 -1701.403964 -1701.404167 -1701.404451 -1701.404866 -1701.405498 -1701.406489 -1701.408084 -1701.410718 -1701.415196 -1701.423043 -1701.437246 -1701.463778 -1701.514908 -1701.616766 -1701.828137 -1702.290860 -1703.373587 -1706.118696 -1713.834641 -1738.708352 -9999.0 -9999.0
-9999.0 -9999.0 -9999.0 -9999.0 -9999.0 -9999.0 -9999.0 -9999.0 -9999.0 -9999.0 -9999.0 -9999.0 -9999.0 -9999.0 -9999.0 -9999.0 -9999.0 -9999.0 -9999.0 -9999.0 -9999.0 -9999.0 -9999.0 -9999.0 -9999.0 -9999.0 -9999.0 -9999.0 -9999.0 -9999.0 -9999.0 -9999.0 -9999.0 -9999.0 -9999.0 -9999.0 -9999.0 -9999.0 -9999.0 -9999.0 -9999.0 -9999.0 -9999.0 -9999.0 -9999.0 -9999.0 -9999.0 -9999.0 -9999.0 -9999.0 -9999.0 -9999.0 -9999.0 -9999.0 -9999.0 -9999.0 -9999.0 -9999.0 -9999.0 -9999.0 -9999.0 -9999.0 -9999.0 -9999.0 -9999.0 -9999.0 -9999.0 -9999.0 -9999.0 -9999.0 -9999.0 -9999.0 -9999.0 -9999.0 -9999.0 -9999.0 -9999.0 -9999.0 -9999.0 -9999.0 -9999.0 -9999.0 -9999.0 -9999.0 -9999.0 -9999.0 -9999.0 -9999.0 -9999.0 -9999.0 -9999.0 -9999.0 -9999.0 -9999.0 -9999.0 -9999.0 -9999.0 -9999.0 -9999.0 -9999.0 -9999.0 -9999.0 -9999.0 -9999.0
-9999.0 -9999.0 -9999.0 -9999.0 -9999.0 -9999.0 -9999.0 -9999.0 -9999.0 -9999.0 -9999.0 -9999.0 -9999.0 -9999.0 -9999.0 -9999.0 -9999.0 -9999.0 -9999.0 -9999.0 -9999.0 -9999.0 -9999.0 -9999.0 -9999.0 -9999.0 -9999.0 -9999.0 -9999.0 -9999.0 -9999.0 -9999.0 -9999.0 -9999.0 -9999.0 -9999.0 -9999.0 -9999.0 -9999.0 -9999.0 -9999.0 -9999.0 -9999.0 -9999.0 -9999.0 -9999.0 -9999.0 -9999.0 -9999.0 -9999.0 -9999.0 -9999.0 -9999.0 -9999.0 -9999.0 -9999.0 -9999.0 -9999.0 -9999.0 -9999.0 -9999.0 -9999.0 -9999.0 -9999.0 -9999.0 -9999.0 -9999.0 -9999.0 -9999.0 -9999.0 -9999.0 -9999.0 -9999.0 -9999.0 -9999.0 -9999.0 -9999.0 -9999.0 -9999.0 -9999.0 -9999.0 -9999.0 -9999.0 -9999.0 -9999.0 -9999.0 -9999.0 -9999.0 -9999.0 -9999.0 -9999.0 -9999.0 -9999.0 -9999.0 -9999.0 -9999.0 -9999.0 -9999.0 -9999.0 -9999.0 -9999.0 -9999.0 -9999.0 -9999.0