inst/processing_geotop_simulation/geotop_simulation/out/maps3D/PwL0019N0061.asc
ncols         104
nrows         10
xllcorner     -2.000000
yllcorner     0.000000
cellsize      1.000000
NODATA_value  -9999.0
-9999.0 -9999.0 -9999.0 -9999.0 -9999.0 -9999.0 -9999.0 -9999.0 -9999.0 -9999.0 -9999.0 -9999.0 -9999.0 -9999.0 -9999.0 -9999.0 -9999.0 -9999.0 -9999.0 -9999.0 -9999.0 -9999.0 -9999.0 -9999.0 -9999.0 -9999.0 -9999.0 -9999.0 -9999.0 -9999.0 -9999.0 -9999.0 -9999.0 -9999.0 -9999.0 -9999.0 -9999.0 -9999.0 -9999.0 -9999.0 -9999.0 -9999.0 -9999.0 -9999.0 -9999.0 -9999.0 -9999.0 -9999.0 -9999.0 -9999.0 -9999.0 -9999.0 -9999.0 -9999.0 -9999.0 -9999.0 -9999.0 -9999.0 -9999.0 -9999.0 -9999.0 -9999.0 -9999.0 -9999.0 -9999.0 -9999.0 -9999.0 -9999.0 -9999.0 -9999.0 -9999.0 -9999.0 -9999.0 -9999.0 -9999.0 -9999.0 -9999.0 -9999.0 -9999.0 -9999.0 -9999.0 -9999.0 -9999.0 -9999.0 -9999.0 -9999.0 -9999.0 -9999.0 -9999.0 -9999.0 -9999.0 -9999.0 -9999.0 -9999.0 -9999.0 -9999.0 -9999.0 -9999.0 -9999.0 -9999.0 -9999.0 -9999.0 -9999.0 -9999.0
-9999.0 -9999.0 -9999.0 -9999.0 -9999.0 -9999.0 -9999.0 -9999.0 -9999.0 -9999.0 -9999.0 -9999.0 -9999.0 -9999.0 -9999.0 -9999.0 -9999.0 -9999.0 -9999.0 -9999.0 -9999.0 -9999.0 -9999.0 -9999.0 -9999.0 -9999.0 -9999.0 -9999.0 -9999.0 -9999.0 -9999.0 -9999.0 -9999.0 -9999.0 -9999.0 -9999.0 -9999.0 -9999.0 -9999.0 -9999.0 -9999.0 -9999.0 -9999.0 -9999.0 -9999.0 -9999.0 -9999.0 -9999.0 -9999.0 -9999.0 -9999.0 -9999.0 -9999.0 -9999.0 -9999.0 -9999.0 -9999.0 -9999.0 -9999.0 -9999.0 -9999.0 -9999.0 -9999.0 -9999.0 -9999.0 -9999.0 -9999.0 -9999.0 -9999.0 -9999.0 -9999.0 -9999.0 -9999.0 -9999.0 -9999.0 -9999.0 -9999.0 -9999.0 -9999.0 -9999.0 -9999.0 -9999.0 -9999.0 -9999.0 -9999.0 -9999.0 -9999.0 -9999.0 -9999.0 -9999.0 -9999.0 -9999.0 -9999.0 -9999.0 -9999.0 -9999.0 -9999.0 -9999.0 -9999.0 -9999.0 -9999.0 -9999.0 -9999.0 -9999.0
-9999.0 -9999.0 246.180249 146.883797 48.347841 -49.401513 -146.980022 -245.972452 -348.964260 -458.130359 -569.649742 -667.239662 -727.859564 -749.191547 -751.570618 -748.681292 -743.380351 -738.058204 -733.969487 -756.069601 -800.677446 -843.326659 -885.387622 -889.517466 -866.594016 -854.325640 -848.808297 -847.345400 -848.133019 -850.007508 -852.249295 -854.442499 -856.376018 -857.969735 -859.220709 -860.167704 -860.879684 -861.466263 -862.009028 -862.767148 -869.715677 -959.143802 -2215.904135 -4032.762567 -4034.653439 -4034.653465 -4034.653465 -4034.653465 -4034.653463 -4034.653453 -4034.653415 -4034.653256 -4034.652913 -4034.652379 -4034.651337 -4034.648944 -4034.642561 -4034.623100 -4034.557001 -4034.316106 -4030.266928 -2106.026837 -931.610728 -868.196290 -863.423222 -862.826421 -862.709474 -862.687617 -862.686431 -862.689156 -862.692085 -862.694486 -862.696326 -862.697722 -862.698792 -862.699625 -862.700288 -862.700823 -862.701267 -862.701658 -862.702035 -862.702447 -862.702959 -862.703662 -862.704695 -862.706276 -862.708753 -862.712694 -862.719053 -862.729466 -862.746843 -862.776538 -862.828752 -862.923465 -863.100499 -863.439864 -864.103579 -865.430701 -868.203609 -874.546830 -890.913120 -933.891728 -9999.0 -9999.0
-9999.0 -9999.0 246.180249 146.883798 48.347841 -49.401512 -146.980022 -245.972451 -348.964259 -458.130359 -569.649741 -667.239662 -727.859564 -749.191547 -751.570618 -748.681292 -743.380351 -738.058204 -733.969487 -756.069601 -800.677446 -843.326659 -885.387622 -889.517466 -866.594016 -854.325640 -848.808297 -847.345400 -848.133019 -850.007508 -852.249295 -854.442499 -856.376018 -857.969735 -859.220709 -860.167704 -860.879684 -861.466263 -862.009028 -862.767148 -869.715677 -959.143802 -2215.904135 -4032.762567 -4034.653439 -4034.653465 -4034.653465 -4034.653465 -4034.653463 -4034.653453 -4034.653415 -4034.653256 -4034.652913 -4034.652379 -4034.651337 -4034.648944 -4034.642561 -4034.623100 -4034.557001 -4034.316106 -4030.266928 -2106.026837 -931.610728 -868.196290 -863.423222 -862.826421 -862.709474 -862.687617 -862.686431 -862.689156 -862.692085 -862.694486 -862.696326 -862.697722 -862.698792 -862.699625 -862.700288 -862.700823 -862.701267 -862.701658 -862.702035 -862.702447 -862.702959 -862.703662 -862.704695 -862.706276 -862.708753 -862.712694 -862.719053 -862.729466 -862.746843 -862.776538 -862.828752 -862.923465 -863.100499 -863.439864 -864.103579 -865.430701 -868.203609 -874.546830 -890.913120 -933.891728 -9999.0 -9999.0
-9999.0 -9999.0 246.180250 146.883798 48.347841 -49.401512 -146.980021 -245.972451 -348.964259 -458.130358 -569.649741 -667.239661 -727.859564 -749.191547 -751.570618 -748.681292 -743.380351 -738.058204 -733.969487 -756.069601 -800.677446 -843.326659 -885.387622 -889.517466 -866.594016 -854.325640 -848.808297 -847.345400 -848.133019 -850.007508 -852.249295 -854.442499 -856.376018 -857.969735 -859.220709 -860.167704 -860.879684 -861.466263 -862.009028 -862.767148 -869.715677 -959.143802 -2215.904135 -4032.762567 -4034.653439 -4034.653465 -4034.653465 -4034.653465 -4034.653463 -4034.653453 -4034.653415 -4034.653256 -4034.652913 -4034.652379 -4034.651337 -4034.648944 -4034.642561 -4034.623100 -4034.557001 -4034.316106 -4030.266928 -2106.026837 -931.610728 -868.196290 -863.423222 -862.826421 -862.709474 -862.687617 -862.686431 -862.689156 -862.692085 -862.694486 -862.696326 -862.697722 -862.698792 -862.699625 -862.700288 -862.700823 -862.701267 -862.701658 -862.702035 -862.702447 -862.702959 -862.703662 -862.704695 -862.706276 -862.708753 -862.712694 -862.719053 -862.729466 -862.746843 -862.776538 -862.828752 -862.923465 -863.100499 -863.439864 -864.103579 -865.430701 -868.203609 -874.546830 -890.913120 -933.891728 -9999.0 -9999.0
-9999.0 -9999.0 246.180249 146.883798 48.347841 -49.401512 -146.980022 -245.972451 -348.964259 -458.130358 -569.649741 -667.239661 -727.859564 -749.191547 -751.570618 -748.681292 -743.380351 -738.058204 -733.969487 -756.069601 -800.677446 -843.326659 -885.387622 -889.517466 -866.594016 -854.325640 -848.808297 -847.345400 -848.133019 -850.007508 -852.249295 -854.442499 -856.376018 -857.969735 -859.220709 -860.167704 -860.879684 -861.466263 -862.009028 -862.767148 -869.715677 -959.143802 -2215.904135 -4032.762567 -4034.653439 -4034.653465 -4034.653465 -4034.653465 -4034.653463 -4034.653453 -4034.653415 -4034.653256 -4034.652913 -4034.652379 -4034.651337 -4034.648944 -4034.642561 -4034.623100 -4034.557001 -4034.316106 -4030.266928 -2106.026837 -931.610728 -868.196290 -863.423222 -862.826421 -862.709474 -862.687617 -862.686431 -862.689156 -862.692085 -862.694486 -862.696326 -862.697722 -862.698792 -862.699625 -862.700288 -862.700823 -862.701267 -862.701658 -862.702035 -862.702447 -862.702959 -862.703662 -862.704695 -862.706276 -862.708753 -862.712694 -862.719053 -862.729466 -862.746843 -862.776538 -862.828752 -862.923465 -863.100499 -863.439864 -864.103579 -865.430701 -868.203609 -874.546830 -890.913120 -933.891728 -9999.0 -9999.0
-9999.0 -9999.0 246.180250 146.883797 48.347841 -49.401512 -146.980022 -245.972452 -348.964259 -458.130359 -569.649741 -667.239662 -727.859564 -749.191547 -751.570618 -748.681292 -743.380351 -738.058204 -733.969487 -756.069601 -800.677446 -843.326659 -885.387622 -889.517466 -866.594016 -854.325640 -848.808297 -847.345400 -848.133019 -850.007508 -852.249295 -854.442499 -856.376018 -857.969735 -859.220709 -860.167704 -860.879684 -861.466263 -862.009028 -862.767148 -869.715677 -959.143802 -2215.904135 -4032.762567 -4034.653439 -4034.653465 -4034.653465 -4034.653465 -4034.653463 -4034.653453 -4034.653415 -4034.653256 -4034.652913 -4034.652379 -4034.651337 -4034.648944 -4034.642561 -4034.623100 -4034.557001 -4034.316106 -4030.266928 -2106.026837 -931.610728 -868.196290 -863.423222 -862.826421 -862.709474 -862.687617 -862.686431 -862.689156 -862.692085 -862.694486 -862.696326 -862.697722 -862.698792 -862.699625 -862.700288 -862.700823 -862.701267 -862.701658 -862.702035 -862.702447 -862.702959 -862.703662 -862.704695 -862.706276 -862.708753 -862.712694 -862.719053 -862.729466 -862.746843 -862.776538 -862.828752 -862.923465 -863.100499 -863.439864 -864.103579 -865.430701 -868.203609 -874.546830 -890.913120 -933.891728 -9999.0 -9999.0
-9999.0 -9999.0 246.180249 146.883797 48.347841 -49.401512 -146.980022 -245.972452 -348.964260 -458.130359 -569.649742 -667.239662 -727.859564 -749.191547 -751.570618 -748.681292 -743.380351 -738.058204 -733.969487 -756.069601 -800.677446 -843.326659 -885.387622 -889.517466 -866.594016 -854.325640 -848.808297 -847.345400 -848.133019 -850.007508 -852.249295 -854.442499 -856.376018 -857.969735 -859.220709 -860.167704 -860.879684 -861.466263 -862.009028 -862.767148 -869.715677 -959.143802 -2215.904135 -4032.762567 -4034.653439 -4034.653465 -4034.653465 -4034.653465 -4034.653463 -4034.653453 -4034.653415 -4034.653256 -4034.652913 -4034.652379 -4034.651337 -4034.648944 -4034.642561 -4034.623100 -4034.557001 -4034.316106 -4030.266928 -2106.026837 -931.610728 -868.196290 -863.423222 -862.826421 -862.709474 -862.687617 -862.686431 -862.689156 -862.692085 -862.694486 -862.696326 -862.697722 -862.698792 -862.699625 -862.700288 -862.700823 -862.701267 -862.701658 -862.702035 -862.702447 -862.702959 -862.703662 -862.704695 -862.706276 -862.708753 -862.712694 -862.719053 -862.729466 -862.746843 -862.776538 -862.828752 -862.923465 -863.100499 -863.439864 -864.103579 -865.430701 -868.203609 -874.546830 -890.913120 -933.891728 -9999.0 -9999.0
-9999.0 -9999.0 -9999.0 -9999.0 -9999.0 -9999.0 -9999.0 -9999.0 -9999.0 -9999.0 -9999.0 -9999.0 -9999.0 -9999.0 -9999.0 -9999.0 -9999.0 -9999.0 -9999.0 -9999.0 -9999.0 -9999.0 -9999.0 -9999.0 -9999.0 -9999.0 -9999.0 -9999.0 -9999.0 -9999.0 -9999.0 -9999.0 -9999.0 -9999.0 -9999.0 -9999.0 -9999.0 -9999.0 -9999.0 -9999.0 -9999.0 -9999.0 -9999.0 -9999.0 -9999.0 -9999.0 -9999.0 -9999.0 -9999.0 -9999.0 -9999.0 -9999.0 -9999.0 -9999.0 -9999.0 -9999.0 -9999.0 -9999.0 -9999.0 -9999.0 -9999.0 -9999.0 -9999.0 -9999.0 -9999.0 -9999.0 -9999.0 -9999.0 -9999.0 -9999.0 -9999.0 -9999.0 -9999.0 -9999.0 -9999.0 -9999.0 -9999.0 -9999.0 -9999.0 -9999.0 -9999.0 -9999.0 -9999.0 -9999.0 -9999.0 -9999.0 -9999.0 -9999.0 -9999.0 -9999.0 -9999.0 -9999.0 -9999.0 -9999.0 -9999.0 -9999.0 -9999.0 -9999.0 -9999.0 -9999.0 -9999.0 -9999.0 -9999.0 -9999.0
-9999.0 -9999.0 -9999.0 -9999.0 -9999.0 -9999.0 -9999.0 -9999.0 -9999.0 -9999.0 -9999.0 -9999.0 -9999.0 -9999.0 -9999.0 -9999.0 -9999.0 -9999.0 -9999.0 -9999.0 -9999.0 -9999.0 -9999.0 -9999.0 -9999.0 -9999.0 -9999.0 -9999.0 -9999.0 -9999.0 -9999.0 -9999.0 -9999.0 -9999.0 -9999.0 -9999.0 -9999.0 -9999.0 -9999.0 -9999.0 -9999.0 -9999.0 -9999.0 -9999.0 -9999.0 -9999.0 -9999.0 -9999.0 -9999.0 -9999.0 -9999.0 -9999.0 -9999.0 -9999.0 -9999.0 -9999.0 -9999.0 -9999.0 -9999.0 -9999.0 -9999.0 -9999.0 -9999.0 -9999.0 -9999.0 -9999.0 -9999.0 -9999.0 -9999.0 -9999.0 -9999.0 -9999.0 -9999.0 -9999.0 -9999.0 -9999.0 -9999.0 -9999.0 -9999.0 -9999.0 -9999.0 -9999.0 -9999.0 -9999.0 -9999.0 -9999.0 -9999.0 -9999.0 -9999.0 -9999.0 -9999.0 -9999.0 -9999.0 -9999.0 -9999.0 -9999.0 -9999.0 -9999.0 -9999.0 -9999.0 -9999.0 -9999.0 -9999.0 -9999.0