inst/processing_geotop_simulation/geotop_simulation/out/maps3D/PwL0005N0028.asc
ncols         104
nrows         10
xllcorner     -2.000000
yllcorner     0.000000
cellsize      1.000000
NODATA_value  -9999.0
-9999.0 -9999.0 -9999.0 -9999.0 -9999.0 -9999.0 -9999.0 -9999.0 -9999.0 -9999.0 -9999.0 -9999.0 -9999.0 -9999.0 -9999.0 -9999.0 -9999.0 -9999.0 -9999.0 -9999.0 -9999.0 -9999.0 -9999.0 -9999.0 -9999.0 -9999.0 -9999.0 -9999.0 -9999.0 -9999.0 -9999.0 -9999.0 -9999.0 -9999.0 -9999.0 -9999.0 -9999.0 -9999.0 -9999.0 -9999.0 -9999.0 -9999.0 -9999.0 -9999.0 -9999.0 -9999.0 -9999.0 -9999.0 -9999.0 -9999.0 -9999.0 -9999.0 -9999.0 -9999.0 -9999.0 -9999.0 -9999.0 -9999.0 -9999.0 -9999.0 -9999.0 -9999.0 -9999.0 -9999.0 -9999.0 -9999.0 -9999.0 -9999.0 -9999.0 -9999.0 -9999.0 -9999.0 -9999.0 -9999.0 -9999.0 -9999.0 -9999.0 -9999.0 -9999.0 -9999.0 -9999.0 -9999.0 -9999.0 -9999.0 -9999.0 -9999.0 -9999.0 -9999.0 -9999.0 -9999.0 -9999.0 -9999.0 -9999.0 -9999.0 -9999.0 -9999.0 -9999.0 -9999.0 -9999.0 -9999.0 -9999.0 -9999.0 -9999.0 -9999.0
-9999.0 -9999.0 -9999.0 -9999.0 -9999.0 -9999.0 -9999.0 -9999.0 -9999.0 -9999.0 -9999.0 -9999.0 -9999.0 -9999.0 -9999.0 -9999.0 -9999.0 -9999.0 -9999.0 -9999.0 -9999.0 -9999.0 -9999.0 -9999.0 -9999.0 -9999.0 -9999.0 -9999.0 -9999.0 -9999.0 -9999.0 -9999.0 -9999.0 -9999.0 -9999.0 -9999.0 -9999.0 -9999.0 -9999.0 -9999.0 -9999.0 -9999.0 -9999.0 -9999.0 -9999.0 -9999.0 -9999.0 -9999.0 -9999.0 -9999.0 -9999.0 -9999.0 -9999.0 -9999.0 -9999.0 -9999.0 -9999.0 -9999.0 -9999.0 -9999.0 -9999.0 -9999.0 -9999.0 -9999.0 -9999.0 -9999.0 -9999.0 -9999.0 -9999.0 -9999.0 -9999.0 -9999.0 -9999.0 -9999.0 -9999.0 -9999.0 -9999.0 -9999.0 -9999.0 -9999.0 -9999.0 -9999.0 -9999.0 -9999.0 -9999.0 -9999.0 -9999.0 -9999.0 -9999.0 -9999.0 -9999.0 -9999.0 -9999.0 -9999.0 -9999.0 -9999.0 -9999.0 -9999.0 -9999.0 -9999.0 -9999.0 -9999.0 -9999.0 -9999.0
-9999.0 -9999.0 83.696912 -14.781925 -112.856016 -200.691552 -262.651618 -292.589213 -295.623820 -278.060321 -359.512510 -382.070842 -338.660476 -266.205399 -189.197010 -41.423003 124.876183 95.034887 55.407858 7.998319 -46.897970 -108.267143 -172.239446 -231.539672 -278.385171 -310.185979 -329.492390 -340.474898 -346.517398 -349.784085 -351.486071 -352.247462 -352.347516 -351.848606 -350.648276 -348.477402 -344.782307 -338.181106 -328.978856 -325.859653 -272.615164 -201.344572 -960.910145 -922.236356 -845.262673 -798.925956 -777.245067 -774.802886 -774.548909 -774.524380 -774.523017 -774.523925 -774.525004 -774.526152 -774.528497 -774.543510 -774.684385 -775.997524 -787.790017 -813.191173 -856.158432 -849.666572 -316.018196 -314.083706 -327.045225 -338.024425 -344.898225 -349.122395 -351.721269 -353.321740 -354.308003 -354.915473 -355.289536 -355.520103 -355.662424 -355.750804 -355.806518 -355.842948 -355.868781 -355.890060 -355.911597 -355.938074 -355.975221 -356.030962 -356.117135 -356.252033 -356.464274 -356.798799 -357.326202 -358.157158 -359.464507 -361.516398 -364.724575 -369.711332 -377.394883 -389.082621 -406.542415 -431.998276 -467.994608 -517.169667 -582.474793 -668.285616 -9999.0 -9999.0
-9999.0 -9999.0 83.866564 -14.736075 -112.841838 -200.687184 -262.650195 -292.588759 -295.623671 -278.060270 -359.512503 -382.070840 -338.660476 -266.205399 -189.197010 -41.423003 124.876184 95.034888 55.407858 7.998320 -46.897970 -108.267143 -172.239446 -231.539672 -278.385171 -310.185979 -329.492390 -340.474898 -346.517398 -349.784085 -351.486071 -352.247462 -352.347516 -351.848606 -350.648276 -348.477402 -344.782307 -338.181106 -328.978856 -325.859653 -272.615164 -201.344572 -960.910145 -922.236355 -845.262673 -798.925954 -777.245067 -774.802886 -774.548909 -774.524380 -774.523017 -774.523925 -774.525004 -774.526152 -774.528497 -774.543510 -774.684385 -775.997524 -787.790017 -813.191173 -856.158432 -849.666572 -316.018197 -314.083706 -327.045225 -338.024425 -344.898225 -349.122395 -351.721269 -353.321740 -354.308003 -354.915473 -355.289536 -355.520103 -355.662424 -355.750804 -355.806518 -355.842948 -355.868781 -355.890060 -355.911597 -355.938074 -355.975221 -356.030962 -356.117135 -356.252033 -356.464274 -356.798799 -357.326202 -358.157158 -359.464507 -361.516398 -364.724575 -369.711332 -377.394883 -389.082621 -406.542415 -431.998276 -467.994608 -517.169667 -582.474793 -668.285616 -9999.0 -9999.0
-9999.0 -9999.0 83.928089 -14.709675 -112.831490 -200.683557 -262.648934 -292.588339 -295.623530 -278.060220 -359.512496 -382.070838 -338.660475 -266.205398 -189.197009 -41.423003 124.876184 95.034888 55.407858 7.998320 -46.897970 -108.267143 -172.239446 -231.539672 -278.385171 -310.185979 -329.492390 -340.474898 -346.517398 -349.784085 -351.486071 -352.247462 -352.347516 -351.848606 -350.648276 -348.477402 -344.782307 -338.181106 -328.978856 -325.859653 -272.615164 -201.344572 -960.910144 -922.236355 -845.262673 -798.925954 -777.245067 -774.802886 -774.548909 -774.524380 -774.523017 -774.523925 -774.525004 -774.526152 -774.528497 -774.543510 -774.684385 -775.997524 -787.790017 -813.191173 -856.158432 -849.666572 -316.018196 -314.083706 -327.045225 -338.024425 -344.898225 -349.122395 -351.721269 -353.321740 -354.308003 -354.915473 -355.289536 -355.520103 -355.662424 -355.750804 -355.806518 -355.842948 -355.868781 -355.890060 -355.911597 -355.938074 -355.975221 -356.030962 -356.117135 -356.252033 -356.464274 -356.798799 -357.326202 -358.157158 -359.464507 -361.516398 -364.724575 -369.711332 -377.394883 -389.082621 -406.542415 -431.998276 -467.994608 -517.169667 -582.474793 -668.285616 -9999.0 -9999.0
-9999.0 -9999.0 83.928089 -14.709675 -112.831490 -200.683557 -262.648934 -292.588339 -295.623530 -278.060220 -359.512496 -382.070838 -338.660475 -266.205398 -189.197009 -41.423003 124.876184 95.034888 55.407858 7.998320 -46.897970 -108.267143 -172.239446 -231.539672 -278.385171 -310.185979 -329.492390 -340.474898 -346.517398 -349.784085 -351.486071 -352.247462 -352.347516 -351.848606 -350.648276 -348.477402 -344.782307 -338.181106 -328.978856 -325.859653 -272.615164 -201.344572 -960.910145 -922.236355 -845.262673 -798.925954 -777.245067 -774.802886 -774.548909 -774.524380 -774.523017 -774.523925 -774.525004 -774.526152 -774.528497 -774.543510 -774.684385 -775.997524 -787.790017 -813.191173 -856.158432 -849.666572 -316.018196 -314.083706 -327.045225 -338.024425 -344.898225 -349.122395 -351.721269 -353.321740 -354.308003 -354.915473 -355.289536 -355.520103 -355.662424 -355.750804 -355.806518 -355.842948 -355.868781 -355.890060 -355.911597 -355.938074 -355.975221 -356.030962 -356.117135 -356.252033 -356.464274 -356.798799 -357.326202 -358.157158 -359.464507 -361.516398 -364.724575 -369.711332 -377.394883 -389.082621 -406.542415 -431.998276 -467.994608 -517.169667 -582.474793 -668.285616 -9999.0 -9999.0
-9999.0 -9999.0 83.866564 -14.736075 -112.841838 -200.687184 -262.650195 -292.588759 -295.623671 -278.060270 -359.512503 -382.070840 -338.660476 -266.205399 -189.197010 -41.423003 124.876184 95.034888 55.407858 7.998320 -46.897970 -108.267143 -172.239446 -231.539672 -278.385171 -310.185979 -329.492390 -340.474898 -346.517398 -349.784085 -351.486071 -352.247462 -352.347516 -351.848606 -350.648276 -348.477402 -344.782307 -338.181106 -328.978856 -325.859653 -272.615164 -201.344572 -960.910145 -922.236355 -845.262673 -798.925954 -777.245067 -774.802886 -774.548909 -774.524380 -774.523017 -774.523925 -774.525004 -774.526152 -774.528497 -774.543510 -774.684385 -775.997524 -787.790017 -813.191173 -856.158432 -849.666572 -316.018197 -314.083706 -327.045225 -338.024425 -344.898225 -349.122395 -351.721269 -353.321740 -354.308003 -354.915473 -355.289536 -355.520103 -355.662424 -355.750804 -355.806518 -355.842948 -355.868781 -355.890060 -355.911597 -355.938074 -355.975221 -356.030962 -356.117135 -356.252033 -356.464274 -356.798799 -357.326202 -358.157158 -359.464507 -361.516398 -364.724575 -369.711332 -377.394883 -389.082621 -406.542415 -431.998276 -467.994608 -517.169667 -582.474793 -668.285616 -9999.0 -9999.0
-9999.0 -9999.0 83.696912 -14.781925 -112.856016 -200.691551 -262.651618 -292.589213 -295.623820 -278.060321 -359.512510 -382.070842 -338.660476 -266.205399 -189.197010 -41.423003 124.876183 95.034888 55.407858 7.998319 -46.897970 -108.267143 -172.239446 -231.539672 -278.385171 -310.185979 -329.492390 -340.474898 -346.517398 -349.784085 -351.486071 -352.247462 -352.347516 -351.848606 -350.648276 -348.477402 -344.782307 -338.181106 -328.978856 -325.859653 -272.615164 -201.344572 -960.910145 -922.236356 -845.262673 -798.925956 -777.245067 -774.802886 -774.548909 -774.524380 -774.523017 -774.523925 -774.525004 -774.526152 -774.528497 -774.543510 -774.684385 -775.997524 -787.790017 -813.191173 -856.158432 -849.666572 -316.018197 -314.083706 -327.045225 -338.024425 -344.898225 -349.122395 -351.721269 -353.321740 -354.308003 -354.915473 -355.289536 -355.520103 -355.662424 -355.750804 -355.806518 -355.842948 -355.868781 -355.890060 -355.911597 -355.938074 -355.975221 -356.030962 -356.117135 -356.252033 -356.464274 -356.798799 -357.326202 -358.157158 -359.464507 -361.516398 -364.724575 -369.711332 -377.394883 -389.082621 -406.542415 -431.998276 -467.994608 -517.169667 -582.474793 -668.285616 -9999.0 -9999.0
-9999.0 -9999.0 -9999.0 -9999.0 -9999.0 -9999.0 -9999.0 -9999.0 -9999.0 -9999.0 -9999.0 -9999.0 -9999.0 -9999.0 -9999.0 -9999.0 -9999.0 -9999.0 -9999.0 -9999.0 -9999.0 -9999.0 -9999.0 -9999.0 -9999.0 -9999.0 -9999.0 -9999.0 -9999.0 -9999.0 -9999.0 -9999.0 -9999.0 -9999.0 -9999.0 -9999.0 -9999.0 -9999.0 -9999.0 -9999.0 -9999.0 -9999.0 -9999.0 -9999.0 -9999.0 -9999.0 -9999.0 -9999.0 -9999.0 -9999.0 -9999.0 -9999.0 -9999.0 -9999.0 -9999.0 -9999.0 -9999.0 -9999.0 -9999.0 -9999.0 -9999.0 -9999.0 -9999.0 -9999.0 -9999.0 -9999.0 -9999.0 -9999.0 -9999.0 -9999.0 -9999.0 -9999.0 -9999.0 -9999.0 -9999.0 -9999.0 -9999.0 -9999.0 -9999.0 -9999.0 -9999.0 -9999.0 -9999.0 -9999.0 -9999.0 -9999.0 -9999.0 -9999.0 -9999.0 -9999.0 -9999.0 -9999.0 -9999.0 -9999.0 -9999.0 -9999.0 -9999.0 -9999.0 -9999.0 -9999.0 -9999.0 -9999.0 -9999.0 -9999.0
-9999.0 -9999.0 -9999.0 -9999.0 -9999.0 -9999.0 -9999.0 -9999.0 -9999.0 -9999.0 -9999.0 -9999.0 -9999.0 -9999.0 -9999.0 -9999.0 -9999.0 -9999.0 -9999.0 -9999.0 -9999.0 -9999.0 -9999.0 -9999.0 -9999.0 -9999.0 -9999.0 -9999.0 -9999.0 -9999.0 -9999.0 -9999.0 -9999.0 -9999.0 -9999.0 -9999.0 -9999.0 -9999.0 -9999.0 -9999.0 -9999.0 -9999.0 -9999.0 -9999.0 -9999.0 -9999.0 -9999.0 -9999.0 -9999.0 -9999.0 -9999.0 -9999.0 -9999.0 -9999.0 -9999.0 -9999.0 -9999.0 -9999.0 -9999.0 -9999.0 -9999.0 -9999.0 -9999.0 -9999.0 -9999.0 -9999.0 -9999.0 -9999.0 -9999.0 -9999.0 -9999.0 -9999.0 -9999.0 -9999.0 -9999.0 -9999.0 -9999.0 -9999.0 -9999.0 -9999.0 -9999.0 -9999.0 -9999.0 -9999.0 -9999.0 -9999.0 -9999.0 -9999.0 -9999.0 -9999.0 -9999.0 -9999.0 -9999.0 -9999.0 -9999.0 -9999.0 -9999.0 -9999.0 -9999.0 -9999.0 -9999.0 -9999.0 -9999.0 -9999.0