inst/processing_geotop_simulation/geotop_simulation/out/maps3D/PwL0003N0243.asc
ncols         104
nrows         10
xllcorner     -2.000000
yllcorner     0.000000
cellsize      1.000000
NODATA_value  -9999.0
-9999.0 -9999.0 -9999.0 -9999.0 -9999.0 -9999.0 -9999.0 -9999.0 -9999.0 -9999.0 -9999.0 -9999.0 -9999.0 -9999.0 -9999.0 -9999.0 -9999.0 -9999.0 -9999.0 -9999.0 -9999.0 -9999.0 -9999.0 -9999.0 -9999.0 -9999.0 -9999.0 -9999.0 -9999.0 -9999.0 -9999.0 -9999.0 -9999.0 -9999.0 -9999.0 -9999.0 -9999.0 -9999.0 -9999.0 -9999.0 -9999.0 -9999.0 -9999.0 -9999.0 -9999.0 -9999.0 -9999.0 -9999.0 -9999.0 -9999.0 -9999.0 -9999.0 -9999.0 -9999.0 -9999.0 -9999.0 -9999.0 -9999.0 -9999.0 -9999.0 -9999.0 -9999.0 -9999.0 -9999.0 -9999.0 -9999.0 -9999.0 -9999.0 -9999.0 -9999.0 -9999.0 -9999.0 -9999.0 -9999.0 -9999.0 -9999.0 -9999.0 -9999.0 -9999.0 -9999.0 -9999.0 -9999.0 -9999.0 -9999.0 -9999.0 -9999.0 -9999.0 -9999.0 -9999.0 -9999.0 -9999.0 -9999.0 -9999.0 -9999.0 -9999.0 -9999.0 -9999.0 -9999.0 -9999.0 -9999.0 -9999.0 -9999.0 -9999.0 -9999.0
-9999.0 -9999.0 -9999.0 -9999.0 -9999.0 -9999.0 -9999.0 -9999.0 -9999.0 -9999.0 -9999.0 -9999.0 -9999.0 -9999.0 -9999.0 -9999.0 -9999.0 -9999.0 -9999.0 -9999.0 -9999.0 -9999.0 -9999.0 -9999.0 -9999.0 -9999.0 -9999.0 -9999.0 -9999.0 -9999.0 -9999.0 -9999.0 -9999.0 -9999.0 -9999.0 -9999.0 -9999.0 -9999.0 -9999.0 -9999.0 -9999.0 -9999.0 -9999.0 -9999.0 -9999.0 -9999.0 -9999.0 -9999.0 -9999.0 -9999.0 -9999.0 -9999.0 -9999.0 -9999.0 -9999.0 -9999.0 -9999.0 -9999.0 -9999.0 -9999.0 -9999.0 -9999.0 -9999.0 -9999.0 -9999.0 -9999.0 -9999.0 -9999.0 -9999.0 -9999.0 -9999.0 -9999.0 -9999.0 -9999.0 -9999.0 -9999.0 -9999.0 -9999.0 -9999.0 -9999.0 -9999.0 -9999.0 -9999.0 -9999.0 -9999.0 -9999.0 -9999.0 -9999.0 -9999.0 -9999.0 -9999.0 -9999.0 -9999.0 -9999.0 -9999.0 -9999.0 -9999.0 -9999.0 -9999.0 -9999.0 -9999.0 -9999.0 -9999.0 -9999.0
-9999.0 -9999.0 127.784953 33.437416 -63.693950 -161.558323 -259.695288 -357.923885 -456.147988 -554.293104 -652.200566 -749.643497 -846.661984 -943.043768 -1039.214049 -1135.398985 -1230.079994 -1322.800491 -1413.019924 -1499.134362 -1576.960082 -1642.188256 -1693.060291 -1730.587951 -1757.255715 -1775.783981 -1788.493113 -1797.140048 -1802.981936 -1806.899292 -1809.505687 -1811.226936 -1812.356318 -1813.093606 -1813.573478 -1813.887702 -1814.106250 -1814.317637 -1814.809460 -1816.857061 -1823.490063 -1804.706258 -1118.420779 -1119.963128 -1107.958862 -1100.264899 -1096.656845 -1096.121166 -1096.064827 -1096.071501 -1096.087455 -1096.104555 -1096.120985 -1096.136196 -1096.150287 -1096.166409 -1096.214584 -1096.534975 -1098.456651 -1102.754846 -1109.058162 -1098.970905 -1782.245558 -1817.978434 -1815.654691 -1814.745146 -1814.577467 -1814.550863 -1814.547277 -1814.547467 -1814.548187 -1814.548852 -1814.549378 -1814.549779 -1814.550087 -1814.550326 -1814.550515 -1814.550667 -1814.550795 -1814.550909 -1814.551021 -1814.551146 -1814.551303 -1814.551522 -1814.551846 -1814.552345 -1814.553130 -1814.554389 -1814.556437 -1814.559830 -1814.565579 -1814.575578 -1814.593488 -1814.626534 -1814.689197 -1814.811020 -1815.054288 -1815.558437 -1816.662577 -1819.275205 -1826.204115 -1848.455508 -9999.0 -9999.0
-9999.0 -9999.0 127.795929 33.439528 -63.693419 -161.558168 -259.695239 -357.923869 -456.147982 -554.293102 -652.200565 -749.643496 -846.661984 -943.043768 -1039.214049 -1135.398985 -1230.079994 -1322.800491 -1413.019924 -1499.134362 -1576.960083 -1642.188257 -1693.060291 -1730.587951 -1757.255716 -1775.783981 -1788.493113 -1797.140048 -1802.981936 -1806.899292 -1809.505687 -1811.226936 -1812.356318 -1813.093606 -1813.573478 -1813.887702 -1814.106250 -1814.317637 -1814.809460 -1816.857061 -1823.490063 -1804.706258 -1118.420779 -1119.963128 -1107.958862 -1100.264899 -1096.656845 -1096.121166 -1096.064827 -1096.071501 -1096.087455 -1096.104555 -1096.120985 -1096.136196 -1096.150287 -1096.166409 -1096.214584 -1096.534975 -1098.456651 -1102.754846 -1109.058162 -1098.970905 -1782.245558 -1817.978434 -1815.654691 -1814.745146 -1814.577467 -1814.550863 -1814.547277 -1814.547467 -1814.548187 -1814.548852 -1814.549378 -1814.549779 -1814.550087 -1814.550326 -1814.550515 -1814.550667 -1814.550795 -1814.550909 -1814.551021 -1814.551146 -1814.551303 -1814.551522 -1814.551846 -1814.552345 -1814.553130 -1814.554389 -1814.556437 -1814.559830 -1814.565579 -1814.575578 -1814.593488 -1814.626534 -1814.689197 -1814.811020 -1815.054288 -1815.558437 -1816.662577 -1819.275205 -1826.204115 -1848.455508 -9999.0 -9999.0
-9999.0 -9999.0 127.797298 33.440379 -63.693083 -161.558047 -259.695196 -357.923853 -456.147977 -554.293100 -652.200564 -749.643496 -846.661984 -943.043768 -1039.214049 -1135.398985 -1230.079994 -1322.800491 -1413.019924 -1499.134362 -1576.960083 -1642.188257 -1693.060291 -1730.587951 -1757.255716 -1775.783981 -1788.493113 -1797.140049 -1802.981937 -1806.899292 -1809.505687 -1811.226936 -1812.356318 -1813.093606 -1813.573478 -1813.887702 -1814.106250 -1814.317637 -1814.809460 -1816.857061 -1823.490063 -1804.706258 -1118.420779 -1119.963128 -1107.958862 -1100.264899 -1096.656845 -1096.121166 -1096.064827 -1096.071501 -1096.087455 -1096.104555 -1096.120985 -1096.136196 -1096.150287 -1096.166409 -1096.214584 -1096.534975 -1098.456651 -1102.754846 -1109.058162 -1098.970905 -1782.245558 -1817.978434 -1815.654691 -1814.745146 -1814.577467 -1814.550863 -1814.547277 -1814.547467 -1814.548187 -1814.548852 -1814.549378 -1814.549779 -1814.550087 -1814.550326 -1814.550515 -1814.550667 -1814.550795 -1814.550909 -1814.551021 -1814.551146 -1814.551303 -1814.551522 -1814.551846 -1814.552345 -1814.553130 -1814.554389 -1814.556437 -1814.559830 -1814.565579 -1814.575578 -1814.593488 -1814.626534 -1814.689197 -1814.811020 -1815.054288 -1815.558437 -1816.662577 -1819.275205 -1826.204115 -1848.455508 -9999.0 -9999.0
-9999.0 -9999.0 127.797298 33.440379 -63.693083 -161.558047 -259.695196 -357.923853 -456.147977 -554.293100 -652.200564 -749.643496 -846.661984 -943.043768 -1039.214049 -1135.398985 -1230.079994 -1322.800491 -1413.019924 -1499.134362 -1576.960083 -1642.188257 -1693.060291 -1730.587951 -1757.255716 -1775.783981 -1788.493113 -1797.140049 -1802.981937 -1806.899292 -1809.505687 -1811.226936 -1812.356318 -1813.093606 -1813.573478 -1813.887702 -1814.106250 -1814.317637 -1814.809460 -1816.857061 -1823.490063 -1804.706258 -1118.420779 -1119.963128 -1107.958862 -1100.264899 -1096.656845 -1096.121166 -1096.064827 -1096.071501 -1096.087455 -1096.104555 -1096.120985 -1096.136196 -1096.150287 -1096.166409 -1096.214584 -1096.534975 -1098.456651 -1102.754846 -1109.058162 -1098.970905 -1782.245558 -1817.978434 -1815.654691 -1814.745146 -1814.577467 -1814.550863 -1814.547277 -1814.547467 -1814.548187 -1814.548852 -1814.549378 -1814.549779 -1814.550087 -1814.550326 -1814.550515 -1814.550667 -1814.550795 -1814.550909 -1814.551021 -1814.551146 -1814.551303 -1814.551522 -1814.551846 -1814.552345 -1814.553130 -1814.554389 -1814.556437 -1814.559830 -1814.565579 -1814.575578 -1814.593488 -1814.626534 -1814.689197 -1814.811020 -1815.054288 -1815.558437 -1816.662577 -1819.275205 -1826.204115 -1848.455508 -9999.0 -9999.0
-9999.0 -9999.0 127.795929 33.439528 -63.693419 -161.558168 -259.695239 -357.923869 -456.147982 -554.293102 -652.200565 -749.643496 -846.661984 -943.043768 -1039.214049 -1135.398985 -1230.079994 -1322.800491 -1413.019924 -1499.134362 -1576.960083 -1642.188257 -1693.060291 -1730.587951 -1757.255716 -1775.783981 -1788.493113 -1797.140048 -1802.981936 -1806.899292 -1809.505687 -1811.226936 -1812.356318 -1813.093606 -1813.573478 -1813.887702 -1814.106250 -1814.317637 -1814.809460 -1816.857061 -1823.490063 -1804.706258 -1118.420779 -1119.963128 -1107.958862 -1100.264899 -1096.656845 -1096.121166 -1096.064827 -1096.071501 -1096.087455 -1096.104555 -1096.120985 -1096.136196 -1096.150287 -1096.166409 -1096.214584 -1096.534975 -1098.456651 -1102.754846 -1109.058162 -1098.970905 -1782.245558 -1817.978434 -1815.654691 -1814.745146 -1814.577467 -1814.550863 -1814.547277 -1814.547467 -1814.548187 -1814.548852 -1814.549378 -1814.549779 -1814.550087 -1814.550326 -1814.550515 -1814.550667 -1814.550795 -1814.550909 -1814.551021 -1814.551146 -1814.551303 -1814.551522 -1814.551846 -1814.552345 -1814.553130 -1814.554389 -1814.556437 -1814.559830 -1814.565579 -1814.575578 -1814.593488 -1814.626534 -1814.689197 -1814.811020 -1815.054288 -1815.558437 -1816.662577 -1819.275205 -1826.204115 -1848.455508 -9999.0 -9999.0
-9999.0 -9999.0 127.784953 33.437416 -63.693950 -161.558323 -259.695288 -357.923885 -456.147988 -554.293104 -652.200566 -749.643497 -846.661984 -943.043768 -1039.214049 -1135.398985 -1230.079994 -1322.800491 -1413.019924 -1499.134362 -1576.960082 -1642.188256 -1693.060291 -1730.587951 -1757.255715 -1775.783981 -1788.493113 -1797.140048 -1802.981936 -1806.899292 -1809.505687 -1811.226936 -1812.356318 -1813.093606 -1813.573478 -1813.887702 -1814.106250 -1814.317637 -1814.809460 -1816.857061 -1823.490063 -1804.706258 -1118.420779 -1119.963128 -1107.958862 -1100.264899 -1096.656845 -1096.121166 -1096.064827 -1096.071501 -1096.087455 -1096.104555 -1096.120985 -1096.136196 -1096.150287 -1096.166409 -1096.214584 -1096.534975 -1098.456651 -1102.754846 -1109.058162 -1098.970905 -1782.245558 -1817.978434 -1815.654691 -1814.745146 -1814.577467 -1814.550863 -1814.547277 -1814.547467 -1814.548187 -1814.548852 -1814.549378 -1814.549779 -1814.550087 -1814.550326 -1814.550515 -1814.550667 -1814.550795 -1814.550909 -1814.551021 -1814.551146 -1814.551303 -1814.551522 -1814.551846 -1814.552345 -1814.553130 -1814.554389 -1814.556437 -1814.559830 -1814.565579 -1814.575578 -1814.593488 -1814.626534 -1814.689197 -1814.811020 -1815.054288 -1815.558437 -1816.662577 -1819.275205 -1826.204115 -1848.455508 -9999.0 -9999.0
-9999.0 -9999.0 -9999.0 -9999.0 -9999.0 -9999.0 -9999.0 -9999.0 -9999.0 -9999.0 -9999.0 -9999.0 -9999.0 -9999.0 -9999.0 -9999.0 -9999.0 -9999.0 -9999.0 -9999.0 -9999.0 -9999.0 -9999.0 -9999.0 -9999.0 -9999.0 -9999.0 -9999.0 -9999.0 -9999.0 -9999.0 -9999.0 -9999.0 -9999.0 -9999.0 -9999.0 -9999.0 -9999.0 -9999.0 -9999.0 -9999.0 -9999.0 -9999.0 -9999.0 -9999.0 -9999.0 -9999.0 -9999.0 -9999.0 -9999.0 -9999.0 -9999.0 -9999.0 -9999.0 -9999.0 -9999.0 -9999.0 -9999.0 -9999.0 -9999.0 -9999.0 -9999.0 -9999.0 -9999.0 -9999.0 -9999.0 -9999.0 -9999.0 -9999.0 -9999.0 -9999.0 -9999.0 -9999.0 -9999.0 -9999.0 -9999.0 -9999.0 -9999.0 -9999.0 -9999.0 -9999.0 -9999.0 -9999.0 -9999.0 -9999.0 -9999.0 -9999.0 -9999.0 -9999.0 -9999.0 -9999.0 -9999.0 -9999.0 -9999.0 -9999.0 -9999.0 -9999.0 -9999.0 -9999.0 -9999.0 -9999.0 -9999.0 -9999.0 -9999.0
-9999.0 -9999.0 -9999.0 -9999.0 -9999.0 -9999.0 -9999.0 -9999.0 -9999.0 -9999.0 -9999.0 -9999.0 -9999.0 -9999.0 -9999.0 -9999.0 -9999.0 -9999.0 -9999.0 -9999.0 -9999.0 -9999.0 -9999.0 -9999.0 -9999.0 -9999.0 -9999.0 -9999.0 -9999.0 -9999.0 -9999.0 -9999.0 -9999.0 -9999.0 -9999.0 -9999.0 -9999.0 -9999.0 -9999.0 -9999.0 -9999.0 -9999.0 -9999.0 -9999.0 -9999.0 -9999.0 -9999.0 -9999.0 -9999.0 -9999.0 -9999.0 -9999.0 -9999.0 -9999.0 -9999.0 -9999.0 -9999.0 -9999.0 -9999.0 -9999.0 -9999.0 -9999.0 -9999.0 -9999.0 -9999.0 -9999.0 -9999.0 -9999.0 -9999.0 -9999.0 -9999.0 -9999.0 -9999.0 -9999.0 -9999.0 -9999.0 -9999.0 -9999.0 -9999.0 -9999.0 -9999.0 -9999.0 -9999.0 -9999.0 -9999.0 -9999.0 -9999.0 -9999.0 -9999.0 -9999.0 -9999.0 -9999.0 -9999.0 -9999.0 -9999.0 -9999.0 -9999.0 -9999.0 -9999.0 -9999.0 -9999.0 -9999.0 -9999.0 -9999.0