inst/processing_geotop_simulation/geotop_simulation/out/maps3D/PwL0007N0439.asc
ncols         104
nrows         10
xllcorner     -2.000000
yllcorner     0.000000
cellsize      1.000000
NODATA_value  -9999.0
-9999.0 -9999.0 -9999.0 -9999.0 -9999.0 -9999.0 -9999.0 -9999.0 -9999.0 -9999.0 -9999.0 -9999.0 -9999.0 -9999.0 -9999.0 -9999.0 -9999.0 -9999.0 -9999.0 -9999.0 -9999.0 -9999.0 -9999.0 -9999.0 -9999.0 -9999.0 -9999.0 -9999.0 -9999.0 -9999.0 -9999.0 -9999.0 -9999.0 -9999.0 -9999.0 -9999.0 -9999.0 -9999.0 -9999.0 -9999.0 -9999.0 -9999.0 -9999.0 -9999.0 -9999.0 -9999.0 -9999.0 -9999.0 -9999.0 -9999.0 -9999.0 -9999.0 -9999.0 -9999.0 -9999.0 -9999.0 -9999.0 -9999.0 -9999.0 -9999.0 -9999.0 -9999.0 -9999.0 -9999.0 -9999.0 -9999.0 -9999.0 -9999.0 -9999.0 -9999.0 -9999.0 -9999.0 -9999.0 -9999.0 -9999.0 -9999.0 -9999.0 -9999.0 -9999.0 -9999.0 -9999.0 -9999.0 -9999.0 -9999.0 -9999.0 -9999.0 -9999.0 -9999.0 -9999.0 -9999.0 -9999.0 -9999.0 -9999.0 -9999.0 -9999.0 -9999.0 -9999.0 -9999.0 -9999.0 -9999.0 -9999.0 -9999.0 -9999.0 -9999.0
-9999.0 -9999.0 -9999.0 -9999.0 -9999.0 -9999.0 -9999.0 -9999.0 -9999.0 -9999.0 -9999.0 -9999.0 -9999.0 -9999.0 -9999.0 -9999.0 -9999.0 -9999.0 -9999.0 -9999.0 -9999.0 -9999.0 -9999.0 -9999.0 -9999.0 -9999.0 -9999.0 -9999.0 -9999.0 -9999.0 -9999.0 -9999.0 -9999.0 -9999.0 -9999.0 -9999.0 -9999.0 -9999.0 -9999.0 -9999.0 -9999.0 -9999.0 -9999.0 -9999.0 -9999.0 -9999.0 -9999.0 -9999.0 -9999.0 -9999.0 -9999.0 -9999.0 -9999.0 -9999.0 -9999.0 -9999.0 -9999.0 -9999.0 -9999.0 -9999.0 -9999.0 -9999.0 -9999.0 -9999.0 -9999.0 -9999.0 -9999.0 -9999.0 -9999.0 -9999.0 -9999.0 -9999.0 -9999.0 -9999.0 -9999.0 -9999.0 -9999.0 -9999.0 -9999.0 -9999.0 -9999.0 -9999.0 -9999.0 -9999.0 -9999.0 -9999.0 -9999.0 -9999.0 -9999.0 -9999.0 -9999.0 -9999.0 -9999.0 -9999.0 -9999.0 -9999.0 -9999.0 -9999.0 -9999.0 -9999.0 -9999.0 -9999.0 -9999.0 -9999.0
-9999.0 -9999.0 323.612835 225.192868 126.149594 26.878398 -72.480784 -171.876136 -271.282434 -370.682294 -470.059179 -569.383191 -668.594315 -767.683619 -866.754953 -965.794337 -1064.773051 -1163.506315 -1261.605446 -1358.717608 -1453.894331 -1545.353067 -1630.439859 -1706.317892 -1770.954790 -1823.672134 -1865.062794 -1896.546844 -1919.887798 -1936.839231 -1948.950086 -1957.490817 -1963.452268 -1967.579999 -1970.421017 -1972.372172 -1973.732779 -1974.795201 -1976.078211 -1978.609062 -1979.819698 -1927.256274 -1238.419573 -1277.321654 -1258.731776 -1246.199532 -1240.351141 -1239.463607 -1239.367832 -1239.375590 -1239.398077 -1239.422357 -1239.445704 -1239.467332 -1239.487483 -1239.511607 -1239.590497 -1240.119613 -1243.222193 -1250.089077 -1257.938680 -1207.007822 -1897.223500 -1973.363393 -1977.368232 -1976.842286 -1976.622938 -1976.575499 -1976.567368 -1976.566464 -1976.566736 -1976.567126 -1976.567462 -1976.567730 -1976.567944 -1976.568116 -1976.568259 -1976.568381 -1976.568489 -1976.568590 -1976.568692 -1976.568803 -1976.568938 -1976.569116 -1976.569365 -1976.569732 -1976.570293 -1976.571177 -1976.572604 -1976.574969 -1976.579001 -1976.586087 -1976.598946 -1976.623027 -1976.669536 -1976.762407 -1976.955686 -1977.380620 -1978.383423 -1980.971678 -1988.455571 -2013.241236 -9999.0 -9999.0
-9999.0 -9999.0 323.619718 225.194531 126.150035 26.878529 -72.480742 -171.876122 -271.282428 -370.682292 -470.059178 -569.383191 -668.594314 -767.683619 -866.754953 -965.794337 -1064.773052 -1163.506315 -1261.605446 -1358.717608 -1453.894331 -1545.353067 -1630.439859 -1706.317892 -1770.954790 -1823.672134 -1865.062794 -1896.546844 -1919.887798 -1936.839231 -1948.950086 -1957.490817 -1963.452268 -1967.579999 -1970.421017 -1972.372172 -1973.732779 -1974.795201 -1976.078211 -1978.609062 -1979.819698 -1927.256274 -1238.419573 -1277.321654 -1258.731776 -1246.199531 -1240.351141 -1239.463607 -1239.367832 -1239.375590 -1239.398077 -1239.422357 -1239.445704 -1239.467332 -1239.487483 -1239.511607 -1239.590497 -1240.119613 -1243.222193 -1250.089077 -1257.938680 -1207.007822 -1897.223500 -1973.363393 -1977.368232 -1976.842286 -1976.622938 -1976.575499 -1976.567368 -1976.566464 -1976.566736 -1976.567126 -1976.567462 -1976.567730 -1976.567944 -1976.568116 -1976.568259 -1976.568381 -1976.568489 -1976.568590 -1976.568692 -1976.568803 -1976.568938 -1976.569116 -1976.569365 -1976.569732 -1976.570293 -1976.571177 -1976.572604 -1976.574969 -1976.579001 -1976.586087 -1976.598946 -1976.623027 -1976.669536 -1976.762407 -1976.955686 -1977.380620 -1978.383423 -1980.971678 -1988.455571 -2013.241236 -9999.0 -9999.0
-9999.0 -9999.0 323.621021 225.195239 126.150317 26.878631 -72.480705 -171.876109 -271.282424 -370.682290 -470.059177 -569.383190 -668.594314 -767.683619 -866.754953 -965.794337 -1064.773052 -1163.506316 -1261.605446 -1358.717609 -1453.894332 -1545.353067 -1630.439859 -1706.317892 -1770.954791 -1823.672134 -1865.062794 -1896.546844 -1919.887798 -1936.839231 -1948.950086 -1957.490817 -1963.452268 -1967.579999 -1970.421017 -1972.372172 -1973.732779 -1974.795201 -1976.078211 -1978.609062 -1979.819698 -1927.256274 -1238.419573 -1277.321654 -1258.731776 -1246.199531 -1240.351141 -1239.463607 -1239.367832 -1239.375590 -1239.398077 -1239.422357 -1239.445704 -1239.467332 -1239.487483 -1239.511607 -1239.590497 -1240.119613 -1243.222193 -1250.089077 -1257.938680 -1207.007822 -1897.223500 -1973.363393 -1977.368232 -1976.842286 -1976.622938 -1976.575499 -1976.567368 -1976.566464 -1976.566736 -1976.567126 -1976.567462 -1976.567730 -1976.567944 -1976.568116 -1976.568259 -1976.568381 -1976.568489 -1976.568590 -1976.568692 -1976.568803 -1976.568938 -1976.569116 -1976.569365 -1976.569732 -1976.570293 -1976.571177 -1976.572604 -1976.574969 -1976.579001 -1976.586087 -1976.598946 -1976.623027 -1976.669536 -1976.762407 -1976.955686 -1977.380620 -1978.383423 -1980.971678 -1988.455571 -2013.241236 -9999.0 -9999.0
-9999.0 -9999.0 323.621021 225.195239 126.150317 26.878631 -72.480705 -171.876109 -271.282424 -370.682290 -470.059177 -569.383190 -668.594314 -767.683619 -866.754953 -965.794337 -1064.773052 -1163.506316 -1261.605446 -1358.717609 -1453.894332 -1545.353067 -1630.439859 -1706.317892 -1770.954791 -1823.672134 -1865.062794 -1896.546844 -1919.887798 -1936.839231 -1948.950086 -1957.490817 -1963.452268 -1967.579999 -1970.421017 -1972.372172 -1973.732779 -1974.795201 -1976.078211 -1978.609062 -1979.819698 -1927.256274 -1238.419573 -1277.321654 -1258.731776 -1246.199531 -1240.351141 -1239.463607 -1239.367832 -1239.375590 -1239.398077 -1239.422357 -1239.445704 -1239.467332 -1239.487483 -1239.511607 -1239.590497 -1240.119613 -1243.222193 -1250.089077 -1257.938680 -1207.007822 -1897.223500 -1973.363393 -1977.368232 -1976.842286 -1976.622938 -1976.575499 -1976.567368 -1976.566464 -1976.566736 -1976.567126 -1976.567462 -1976.567730 -1976.567944 -1976.568116 -1976.568259 -1976.568381 -1976.568489 -1976.568590 -1976.568692 -1976.568803 -1976.568938 -1976.569116 -1976.569365 -1976.569732 -1976.570293 -1976.571177 -1976.572604 -1976.574969 -1976.579001 -1976.586087 -1976.598946 -1976.623027 -1976.669536 -1976.762407 -1976.955686 -1977.380620 -1978.383423 -1980.971678 -1988.455571 -2013.241236 -9999.0 -9999.0
-9999.0 -9999.0 323.619718 225.194531 126.150035 26.878529 -72.480742 -171.876122 -271.282428 -370.682292 -470.059178 -569.383191 -668.594314 -767.683619 -866.754953 -965.794337 -1064.773052 -1163.506315 -1261.605446 -1358.717608 -1453.894331 -1545.353067 -1630.439859 -1706.317892 -1770.954790 -1823.672134 -1865.062794 -1896.546844 -1919.887798 -1936.839231 -1948.950086 -1957.490817 -1963.452268 -1967.579999 -1970.421017 -1972.372172 -1973.732779 -1974.795201 -1976.078211 -1978.609062 -1979.819698 -1927.256274 -1238.419573 -1277.321654 -1258.731776 -1246.199531 -1240.351141 -1239.463607 -1239.367832 -1239.375590 -1239.398077 -1239.422357 -1239.445704 -1239.467332 -1239.487483 -1239.511607 -1239.590497 -1240.119613 -1243.222193 -1250.089077 -1257.938680 -1207.007822 -1897.223500 -1973.363393 -1977.368232 -1976.842286 -1976.622938 -1976.575499 -1976.567368 -1976.566464 -1976.566736 -1976.567126 -1976.567462 -1976.567730 -1976.567944 -1976.568116 -1976.568259 -1976.568381 -1976.568489 -1976.568590 -1976.568692 -1976.568803 -1976.568938 -1976.569116 -1976.569365 -1976.569732 -1976.570293 -1976.571177 -1976.572604 -1976.574969 -1976.579001 -1976.586087 -1976.598946 -1976.623027 -1976.669536 -1976.762407 -1976.955686 -1977.380620 -1978.383423 -1980.971678 -1988.455571 -2013.241236 -9999.0 -9999.0
-9999.0 -9999.0 323.612835 225.192868 126.149594 26.878398 -72.480784 -171.876136 -271.282434 -370.682294 -470.059179 -569.383191 -668.594315 -767.683619 -866.754953 -965.794337 -1064.773051 -1163.506315 -1261.605446 -1358.717608 -1453.894331 -1545.353067 -1630.439859 -1706.317892 -1770.954790 -1823.672134 -1865.062794 -1896.546844 -1919.887798 -1936.839231 -1948.950086 -1957.490817 -1963.452268 -1967.579999 -1970.421017 -1972.372172 -1973.732779 -1974.795201 -1976.078211 -1978.609062 -1979.819698 -1927.256274 -1238.419573 -1277.321654 -1258.731776 -1246.199532 -1240.351141 -1239.463607 -1239.367832 -1239.375590 -1239.398077 -1239.422357 -1239.445704 -1239.467332 -1239.487483 -1239.511607 -1239.590497 -1240.119613 -1243.222193 -1250.089077 -1257.938680 -1207.007822 -1897.223500 -1973.363393 -1977.368232 -1976.842286 -1976.622938 -1976.575499 -1976.567368 -1976.566464 -1976.566736 -1976.567126 -1976.567462 -1976.567730 -1976.567944 -1976.568116 -1976.568259 -1976.568381 -1976.568489 -1976.568590 -1976.568692 -1976.568803 -1976.568938 -1976.569116 -1976.569365 -1976.569732 -1976.570293 -1976.571177 -1976.572604 -1976.574969 -1976.579001 -1976.586087 -1976.598946 -1976.623027 -1976.669536 -1976.762407 -1976.955686 -1977.380620 -1978.383423 -1980.971678 -1988.455571 -2013.241236 -9999.0 -9999.0
-9999.0 -9999.0 -9999.0 -9999.0 -9999.0 -9999.0 -9999.0 -9999.0 -9999.0 -9999.0 -9999.0 -9999.0 -9999.0 -9999.0 -9999.0 -9999.0 -9999.0 -9999.0 -9999.0 -9999.0 -9999.0 -9999.0 -9999.0 -9999.0 -9999.0 -9999.0 -9999.0 -9999.0 -9999.0 -9999.0 -9999.0 -9999.0 -9999.0 -9999.0 -9999.0 -9999.0 -9999.0 -9999.0 -9999.0 -9999.0 -9999.0 -9999.0 -9999.0 -9999.0 -9999.0 -9999.0 -9999.0 -9999.0 -9999.0 -9999.0 -9999.0 -9999.0 -9999.0 -9999.0 -9999.0 -9999.0 -9999.0 -9999.0 -9999.0 -9999.0 -9999.0 -9999.0 -9999.0 -9999.0 -9999.0 -9999.0 -9999.0 -9999.0 -9999.0 -9999.0 -9999.0 -9999.0 -9999.0 -9999.0 -9999.0 -9999.0 -9999.0 -9999.0 -9999.0 -9999.0 -9999.0 -9999.0 -9999.0 -9999.0 -9999.0 -9999.0 -9999.0 -9999.0 -9999.0 -9999.0 -9999.0 -9999.0 -9999.0 -9999.0 -9999.0 -9999.0 -9999.0 -9999.0 -9999.0 -9999.0 -9999.0 -9999.0 -9999.0 -9999.0
-9999.0 -9999.0 -9999.0 -9999.0 -9999.0 -9999.0 -9999.0 -9999.0 -9999.0 -9999.0 -9999.0 -9999.0 -9999.0 -9999.0 -9999.0 -9999.0 -9999.0 -9999.0 -9999.0 -9999.0 -9999.0 -9999.0 -9999.0 -9999.0 -9999.0 -9999.0 -9999.0 -9999.0 -9999.0 -9999.0 -9999.0 -9999.0 -9999.0 -9999.0 -9999.0 -9999.0 -9999.0 -9999.0 -9999.0 -9999.0 -9999.0 -9999.0 -9999.0 -9999.0 -9999.0 -9999.0 -9999.0 -9999.0 -9999.0 -9999.0 -9999.0 -9999.0 -9999.0 -9999.0 -9999.0 -9999.0 -9999.0 -9999.0 -9999.0 -9999.0 -9999.0 -9999.0 -9999.0 -9999.0 -9999.0 -9999.0 -9999.0 -9999.0 -9999.0 -9999.0 -9999.0 -9999.0 -9999.0 -9999.0 -9999.0 -9999.0 -9999.0 -9999.0 -9999.0 -9999.0 -9999.0 -9999.0 -9999.0 -9999.0 -9999.0 -9999.0 -9999.0 -9999.0 -9999.0 -9999.0 -9999.0 -9999.0 -9999.0 -9999.0 -9999.0 -9999.0 -9999.0 -9999.0 -9999.0 -9999.0 -9999.0 -9999.0 -9999.0 -9999.0