inst/processing_geotop_simulation/geotop_simulation/out/maps3D/PwL0003N0140.asc
ncols         104
nrows         10
xllcorner     -2.000000
yllcorner     0.000000
cellsize      1.000000
NODATA_value  -9999.0
-9999.0 -9999.0 -9999.0 -9999.0 -9999.0 -9999.0 -9999.0 -9999.0 -9999.0 -9999.0 -9999.0 -9999.0 -9999.0 -9999.0 -9999.0 -9999.0 -9999.0 -9999.0 -9999.0 -9999.0 -9999.0 -9999.0 -9999.0 -9999.0 -9999.0 -9999.0 -9999.0 -9999.0 -9999.0 -9999.0 -9999.0 -9999.0 -9999.0 -9999.0 -9999.0 -9999.0 -9999.0 -9999.0 -9999.0 -9999.0 -9999.0 -9999.0 -9999.0 -9999.0 -9999.0 -9999.0 -9999.0 -9999.0 -9999.0 -9999.0 -9999.0 -9999.0 -9999.0 -9999.0 -9999.0 -9999.0 -9999.0 -9999.0 -9999.0 -9999.0 -9999.0 -9999.0 -9999.0 -9999.0 -9999.0 -9999.0 -9999.0 -9999.0 -9999.0 -9999.0 -9999.0 -9999.0 -9999.0 -9999.0 -9999.0 -9999.0 -9999.0 -9999.0 -9999.0 -9999.0 -9999.0 -9999.0 -9999.0 -9999.0 -9999.0 -9999.0 -9999.0 -9999.0 -9999.0 -9999.0 -9999.0 -9999.0 -9999.0 -9999.0 -9999.0 -9999.0 -9999.0 -9999.0 -9999.0 -9999.0 -9999.0 -9999.0 -9999.0 -9999.0
-9999.0 -9999.0 -9999.0 -9999.0 -9999.0 -9999.0 -9999.0 -9999.0 -9999.0 -9999.0 -9999.0 -9999.0 -9999.0 -9999.0 -9999.0 -9999.0 -9999.0 -9999.0 -9999.0 -9999.0 -9999.0 -9999.0 -9999.0 -9999.0 -9999.0 -9999.0 -9999.0 -9999.0 -9999.0 -9999.0 -9999.0 -9999.0 -9999.0 -9999.0 -9999.0 -9999.0 -9999.0 -9999.0 -9999.0 -9999.0 -9999.0 -9999.0 -9999.0 -9999.0 -9999.0 -9999.0 -9999.0 -9999.0 -9999.0 -9999.0 -9999.0 -9999.0 -9999.0 -9999.0 -9999.0 -9999.0 -9999.0 -9999.0 -9999.0 -9999.0 -9999.0 -9999.0 -9999.0 -9999.0 -9999.0 -9999.0 -9999.0 -9999.0 -9999.0 -9999.0 -9999.0 -9999.0 -9999.0 -9999.0 -9999.0 -9999.0 -9999.0 -9999.0 -9999.0 -9999.0 -9999.0 -9999.0 -9999.0 -9999.0 -9999.0 -9999.0 -9999.0 -9999.0 -9999.0 -9999.0 -9999.0 -9999.0 -9999.0 -9999.0 -9999.0 -9999.0 -9999.0 -9999.0 -9999.0 -9999.0 -9999.0 -9999.0 -9999.0 -9999.0
-9999.0 -9999.0 134.270728 48.873452 -43.657906 -138.082972 -233.221599 -328.609747 -424.001262 -519.214759 -613.950469 -707.926289 -801.694063 -896.150371 -991.701363 -1086.663688 -1182.336367 -1280.232850 -1372.704144 -1443.157995 -1486.750332 -1512.221168 -1526.415081 -1534.333340 -1539.049428 -1542.216989 -1544.612927 -1546.543883 -1548.111056 -1549.354153 -1550.309367 -1551.020923 -1551.536814 -1551.902176 -1552.155481 -1552.329178 -1552.456397 -1552.584828 -1552.845147 -1554.125971 -1561.332015 -1574.586696 -998.950397 -999.146499 -986.017951 -977.828923 -973.998198 -973.458508 -973.403825 -973.412961 -973.431852 -973.451956 -973.471255 -973.489112 -973.505565 -973.523555 -973.571956 -973.891874 -975.922450 -980.524374 -987.849933 -978.573509 -1554.780149 -1557.593623 -1553.600636 -1552.894006 -1552.785184 -1552.767554 -1552.765736 -1552.766791 -1552.768138 -1552.769273 -1552.770147 -1552.770809 -1552.771313 -1552.771703 -1552.772012 -1552.772260 -1552.772466 -1552.772648 -1552.772824 -1552.773018 -1552.773261 -1552.773598 -1552.774094 -1552.774856 -1552.776054 -1552.777965 -1552.781059 -1552.786151 -1552.794697 -1552.809405 -1552.835451 -1552.882988 -1552.972196 -1553.143487 -1553.478712 -1554.149354 -1555.540777 -1558.605468 -1566.003480 -1587.511964 -9999.0 -9999.0
-9999.0 -9999.0 134.282713 48.875779 -43.657318 -138.082801 -233.221545 -328.609729 -424.001256 -519.214757 -613.950469 -707.926289 -801.694063 -896.150371 -991.701363 -1086.663688 -1182.336367 -1280.232850 -1372.704144 -1443.157996 -1486.750332 -1512.221168 -1526.415081 -1534.333340 -1539.049428 -1542.216989 -1544.612927 -1546.543883 -1548.111056 -1549.354153 -1550.309367 -1551.020923 -1551.536814 -1551.902176 -1552.155481 -1552.329178 -1552.456397 -1552.584828 -1552.845147 -1554.125971 -1561.332015 -1574.586696 -998.950397 -999.146499 -986.017951 -977.828922 -973.998198 -973.458508 -973.403825 -973.412961 -973.431852 -973.451956 -973.471255 -973.489112 -973.505565 -973.523555 -973.571956 -973.891874 -975.922450 -980.524374 -987.849933 -978.573509 -1554.780149 -1557.593623 -1553.600636 -1552.894006 -1552.785184 -1552.767554 -1552.765736 -1552.766791 -1552.768138 -1552.769273 -1552.770147 -1552.770809 -1552.771313 -1552.771703 -1552.772012 -1552.772260 -1552.772466 -1552.772648 -1552.772824 -1552.773018 -1552.773261 -1552.773598 -1552.774094 -1552.774856 -1552.776054 -1552.777965 -1552.781059 -1552.786151 -1552.794697 -1552.809405 -1552.835451 -1552.882988 -1552.972196 -1553.143487 -1553.478712 -1554.149354 -1555.540777 -1558.605468 -1566.003480 -1587.511964 -9999.0 -9999.0
-9999.0 -9999.0 134.284210 48.876709 -43.656949 -138.082667 -233.221498 -328.609712 -424.001250 -519.214754 -613.950468 -707.926288 -801.694063 -896.150371 -991.701363 -1086.663688 -1182.336367 -1280.232851 -1372.704144 -1443.157996 -1486.750332 -1512.221168 -1526.415081 -1534.333340 -1539.049428 -1542.216989 -1544.612927 -1546.543883 -1548.111056 -1549.354153 -1550.309367 -1551.020923 -1551.536814 -1551.902176 -1552.155481 -1552.329178 -1552.456397 -1552.584828 -1552.845147 -1554.125971 -1561.332015 -1574.586696 -998.950397 -999.146499 -986.017951 -977.828922 -973.998198 -973.458508 -973.403825 -973.412961 -973.431852 -973.451956 -973.471255 -973.489112 -973.505565 -973.523555 -973.571956 -973.891874 -975.922450 -980.524374 -987.849933 -978.573509 -1554.780149 -1557.593623 -1553.600636 -1552.894006 -1552.785184 -1552.767554 -1552.765736 -1552.766791 -1552.768138 -1552.769273 -1552.770147 -1552.770809 -1552.771313 -1552.771703 -1552.772012 -1552.772260 -1552.772466 -1552.772648 -1552.772824 -1552.773018 -1552.773261 -1552.773598 -1552.774094 -1552.774856 -1552.776054 -1552.777965 -1552.781059 -1552.786151 -1552.794697 -1552.809405 -1552.835451 -1552.882988 -1552.972196 -1553.143487 -1553.478712 -1554.149354 -1555.540777 -1558.605468 -1566.003480 -1587.511964 -9999.0 -9999.0
-9999.0 -9999.0 134.284210 48.876709 -43.656949 -138.082667 -233.221498 -328.609712 -424.001250 -519.214754 -613.950468 -707.926288 -801.694063 -896.150371 -991.701363 -1086.663688 -1182.336367 -1280.232851 -1372.704144 -1443.157996 -1486.750332 -1512.221168 -1526.415081 -1534.333340 -1539.049428 -1542.216989 -1544.612927 -1546.543883 -1548.111056 -1549.354153 -1550.309367 -1551.020923 -1551.536814 -1551.902176 -1552.155481 -1552.329178 -1552.456397 -1552.584828 -1552.845147 -1554.125971 -1561.332015 -1574.586696 -998.950397 -999.146499 -986.017951 -977.828922 -973.998198 -973.458508 -973.403825 -973.412961 -973.431852 -973.451956 -973.471255 -973.489112 -973.505565 -973.523555 -973.571956 -973.891874 -975.922450 -980.524374 -987.849933 -978.573509 -1554.780149 -1557.593623 -1553.600636 -1552.894006 -1552.785184 -1552.767554 -1552.765736 -1552.766791 -1552.768138 -1552.769273 -1552.770147 -1552.770809 -1552.771313 -1552.771703 -1552.772012 -1552.772260 -1552.772466 -1552.772648 -1552.772824 -1552.773018 -1552.773261 -1552.773598 -1552.774094 -1552.774856 -1552.776054 -1552.777965 -1552.781059 -1552.786151 -1552.794697 -1552.809405 -1552.835451 -1552.882988 -1552.972196 -1553.143487 -1553.478712 -1554.149354 -1555.540777 -1558.605468 -1566.003480 -1587.511964 -9999.0 -9999.0
-9999.0 -9999.0 134.282713 48.875779 -43.657318 -138.082801 -233.221545 -328.609729 -424.001256 -519.214756 -613.950469 -707.926289 -801.694063 -896.150371 -991.701363 -1086.663688 -1182.336367 -1280.232850 -1372.704144 -1443.157996 -1486.750332 -1512.221168 -1526.415081 -1534.333340 -1539.049428 -1542.216989 -1544.612927 -1546.543883 -1548.111056 -1549.354153 -1550.309367 -1551.020923 -1551.536814 -1551.902176 -1552.155481 -1552.329178 -1552.456397 -1552.584828 -1552.845147 -1554.125971 -1561.332015 -1574.586696 -998.950397 -999.146499 -986.017951 -977.828922 -973.998198 -973.458508 -973.403825 -973.412961 -973.431852 -973.451956 -973.471255 -973.489112 -973.505565 -973.523555 -973.571956 -973.891874 -975.922450 -980.524374 -987.849933 -978.573509 -1554.780149 -1557.593623 -1553.600636 -1552.894006 -1552.785184 -1552.767554 -1552.765736 -1552.766791 -1552.768138 -1552.769273 -1552.770147 -1552.770809 -1552.771313 -1552.771703 -1552.772012 -1552.772260 -1552.772466 -1552.772648 -1552.772824 -1552.773018 -1552.773261 -1552.773598 -1552.774094 -1552.774856 -1552.776054 -1552.777965 -1552.781059 -1552.786151 -1552.794697 -1552.809405 -1552.835451 -1552.882988 -1552.972196 -1553.143487 -1553.478712 -1554.149354 -1555.540777 -1558.605468 -1566.003480 -1587.511964 -9999.0 -9999.0
-9999.0 -9999.0 134.270728 48.873452 -43.657906 -138.082972 -233.221599 -328.609747 -424.001262 -519.214759 -613.950469 -707.926289 -801.694063 -896.150371 -991.701363 -1086.663688 -1182.336367 -1280.232850 -1372.704144 -1443.157995 -1486.750332 -1512.221168 -1526.415081 -1534.333340 -1539.049428 -1542.216989 -1544.612927 -1546.543883 -1548.111056 -1549.354153 -1550.309367 -1551.020923 -1551.536814 -1551.902176 -1552.155481 -1552.329178 -1552.456397 -1552.584828 -1552.845147 -1554.125971 -1561.332015 -1574.586696 -998.950397 -999.146499 -986.017951 -977.828923 -973.998198 -973.458508 -973.403825 -973.412961 -973.431852 -973.451956 -973.471255 -973.489112 -973.505565 -973.523555 -973.571956 -973.891874 -975.922450 -980.524374 -987.849933 -978.573509 -1554.780149 -1557.593623 -1553.600636 -1552.894006 -1552.785184 -1552.767554 -1552.765736 -1552.766791 -1552.768138 -1552.769273 -1552.770147 -1552.770809 -1552.771313 -1552.771703 -1552.772012 -1552.772260 -1552.772466 -1552.772648 -1552.772824 -1552.773018 -1552.773261 -1552.773598 -1552.774094 -1552.774856 -1552.776054 -1552.777965 -1552.781059 -1552.786151 -1552.794697 -1552.809405 -1552.835451 -1552.882988 -1552.972196 -1553.143487 -1553.478712 -1554.149354 -1555.540777 -1558.605468 -1566.003480 -1587.511964 -9999.0 -9999.0
-9999.0 -9999.0 -9999.0 -9999.0 -9999.0 -9999.0 -9999.0 -9999.0 -9999.0 -9999.0 -9999.0 -9999.0 -9999.0 -9999.0 -9999.0 -9999.0 -9999.0 -9999.0 -9999.0 -9999.0 -9999.0 -9999.0 -9999.0 -9999.0 -9999.0 -9999.0 -9999.0 -9999.0 -9999.0 -9999.0 -9999.0 -9999.0 -9999.0 -9999.0 -9999.0 -9999.0 -9999.0 -9999.0 -9999.0 -9999.0 -9999.0 -9999.0 -9999.0 -9999.0 -9999.0 -9999.0 -9999.0 -9999.0 -9999.0 -9999.0 -9999.0 -9999.0 -9999.0 -9999.0 -9999.0 -9999.0 -9999.0 -9999.0 -9999.0 -9999.0 -9999.0 -9999.0 -9999.0 -9999.0 -9999.0 -9999.0 -9999.0 -9999.0 -9999.0 -9999.0 -9999.0 -9999.0 -9999.0 -9999.0 -9999.0 -9999.0 -9999.0 -9999.0 -9999.0 -9999.0 -9999.0 -9999.0 -9999.0 -9999.0 -9999.0 -9999.0 -9999.0 -9999.0 -9999.0 -9999.0 -9999.0 -9999.0 -9999.0 -9999.0 -9999.0 -9999.0 -9999.0 -9999.0 -9999.0 -9999.0 -9999.0 -9999.0 -9999.0 -9999.0
-9999.0 -9999.0 -9999.0 -9999.0 -9999.0 -9999.0 -9999.0 -9999.0 -9999.0 -9999.0 -9999.0 -9999.0 -9999.0 -9999.0 -9999.0 -9999.0 -9999.0 -9999.0 -9999.0 -9999.0 -9999.0 -9999.0 -9999.0 -9999.0 -9999.0 -9999.0 -9999.0 -9999.0 -9999.0 -9999.0 -9999.0 -9999.0 -9999.0 -9999.0 -9999.0 -9999.0 -9999.0 -9999.0 -9999.0 -9999.0 -9999.0 -9999.0 -9999.0 -9999.0 -9999.0 -9999.0 -9999.0 -9999.0 -9999.0 -9999.0 -9999.0 -9999.0 -9999.0 -9999.0 -9999.0 -9999.0 -9999.0 -9999.0 -9999.0 -9999.0 -9999.0 -9999.0 -9999.0 -9999.0 -9999.0 -9999.0 -9999.0 -9999.0 -9999.0 -9999.0 -9999.0 -9999.0 -9999.0 -9999.0 -9999.0 -9999.0 -9999.0 -9999.0 -9999.0 -9999.0 -9999.0 -9999.0 -9999.0 -9999.0 -9999.0 -9999.0 -9999.0 -9999.0 -9999.0 -9999.0 -9999.0 -9999.0 -9999.0 -9999.0 -9999.0 -9999.0 -9999.0 -9999.0 -9999.0 -9999.0 -9999.0 -9999.0 -9999.0 -9999.0