inst/processing_geotop_simulation/geotop_simulation/out/maps3D/PwL0008N0469.asc
ncols         104
nrows         10
xllcorner     -2.000000
yllcorner     0.000000
cellsize      1.000000
NODATA_value  -9999.0
-9999.0 -9999.0 -9999.0 -9999.0 -9999.0 -9999.0 -9999.0 -9999.0 -9999.0 -9999.0 -9999.0 -9999.0 -9999.0 -9999.0 -9999.0 -9999.0 -9999.0 -9999.0 -9999.0 -9999.0 -9999.0 -9999.0 -9999.0 -9999.0 -9999.0 -9999.0 -9999.0 -9999.0 -9999.0 -9999.0 -9999.0 -9999.0 -9999.0 -9999.0 -9999.0 -9999.0 -9999.0 -9999.0 -9999.0 -9999.0 -9999.0 -9999.0 -9999.0 -9999.0 -9999.0 -9999.0 -9999.0 -9999.0 -9999.0 -9999.0 -9999.0 -9999.0 -9999.0 -9999.0 -9999.0 -9999.0 -9999.0 -9999.0 -9999.0 -9999.0 -9999.0 -9999.0 -9999.0 -9999.0 -9999.0 -9999.0 -9999.0 -9999.0 -9999.0 -9999.0 -9999.0 -9999.0 -9999.0 -9999.0 -9999.0 -9999.0 -9999.0 -9999.0 -9999.0 -9999.0 -9999.0 -9999.0 -9999.0 -9999.0 -9999.0 -9999.0 -9999.0 -9999.0 -9999.0 -9999.0 -9999.0 -9999.0 -9999.0 -9999.0 -9999.0 -9999.0 -9999.0 -9999.0 -9999.0 -9999.0 -9999.0 -9999.0 -9999.0 -9999.0
-9999.0 -9999.0 -9999.0 -9999.0 -9999.0 -9999.0 -9999.0 -9999.0 -9999.0 -9999.0 -9999.0 -9999.0 -9999.0 -9999.0 -9999.0 -9999.0 -9999.0 -9999.0 -9999.0 -9999.0 -9999.0 -9999.0 -9999.0 -9999.0 -9999.0 -9999.0 -9999.0 -9999.0 -9999.0 -9999.0 -9999.0 -9999.0 -9999.0 -9999.0 -9999.0 -9999.0 -9999.0 -9999.0 -9999.0 -9999.0 -9999.0 -9999.0 -9999.0 -9999.0 -9999.0 -9999.0 -9999.0 -9999.0 -9999.0 -9999.0 -9999.0 -9999.0 -9999.0 -9999.0 -9999.0 -9999.0 -9999.0 -9999.0 -9999.0 -9999.0 -9999.0 -9999.0 -9999.0 -9999.0 -9999.0 -9999.0 -9999.0 -9999.0 -9999.0 -9999.0 -9999.0 -9999.0 -9999.0 -9999.0 -9999.0 -9999.0 -9999.0 -9999.0 -9999.0 -9999.0 -9999.0 -9999.0 -9999.0 -9999.0 -9999.0 -9999.0 -9999.0 -9999.0 -9999.0 -9999.0 -9999.0 -9999.0 -9999.0 -9999.0 -9999.0 -9999.0 -9999.0 -9999.0 -9999.0 -9999.0 -9999.0 -9999.0 -9999.0 -9999.0
-9999.0 -9999.0 373.021782 274.369447 175.219452 75.871872 -23.554218 -123.011118 -222.478181 -321.942097 -421.389691 -520.801458 -620.138520 -719.330019 -818.535850 -917.707682 -1016.820277 -1115.875286 -1214.395161 -1312.208967 -1408.599514 -1502.140267 -1590.529960 -1671.013637 -1741.244243 -1799.967789 -1847.185420 -1883.886737 -1911.618448 -1932.094867 -1946.936506 -1957.536446 -1965.019131 -1970.253067 -1973.888737 -1976.405709 -1978.168389 -1979.522652 -1981.026182 -1983.628346 -1984.095140 -1931.096139 -1265.482386 -1325.103146 -1303.066744 -1288.086533 -1281.118685 -1280.068836 -1279.955768 -1279.964761 -1279.991068 -1280.019479 -1280.046797 -1280.072104 -1280.095683 -1280.123931 -1280.216530 -1280.839920 -1284.525535 -1292.693568 -1301.411635 -1228.802320 -1899.106658 -1977.617812 -1982.591363 -1982.181670 -1981.963729 -1981.913511 -1981.904559 -1981.903473 -1981.903699 -1981.904074 -1981.904405 -1981.904673 -1981.904890 -1981.905069 -1981.905220 -1981.905352 -1981.905472 -1981.905585 -1981.905700 -1981.905825 -1981.905973 -1981.906163 -1981.906422 -1981.906795 -1981.907356 -1981.908227 -1981.909622 -1981.911923 -1981.915834 -1981.922704 -1981.935177 -1981.958571 -1982.003877 -1982.094750 -1982.285123 -1982.707264 -1983.713356 -1986.336216 -1993.970066 -2019.176349 -9999.0 -9999.0
-9999.0 -9999.0 373.028030 274.371032 175.219879 75.872000 -23.554177 -123.011104 -222.478176 -321.942095 -421.389690 -520.801457 -620.138519 -719.330019 -818.535850 -917.707682 -1016.820277 -1115.875286 -1214.395162 -1312.208967 -1408.599514 -1502.140267 -1590.529960 -1671.013637 -1741.244243 -1799.967789 -1847.185420 -1883.886737 -1911.618448 -1932.094867 -1946.936506 -1957.536446 -1965.019131 -1970.253067 -1973.888737 -1976.405709 -1978.168389 -1979.522652 -1981.026182 -1983.628346 -1984.095140 -1931.096139 -1265.482386 -1325.103146 -1303.066744 -1288.086532 -1281.118685 -1280.068836 -1279.955768 -1279.964761 -1279.991068 -1280.019479 -1280.046797 -1280.072104 -1280.095683 -1280.123931 -1280.216530 -1280.839920 -1284.525535 -1292.693568 -1301.411635 -1228.802320 -1899.106658 -1977.617812 -1982.591363 -1982.181670 -1981.963729 -1981.913511 -1981.904559 -1981.903473 -1981.903699 -1981.904074 -1981.904404 -1981.904673 -1981.904890 -1981.905069 -1981.905220 -1981.905352 -1981.905472 -1981.905585 -1981.905700 -1981.905825 -1981.905973 -1981.906163 -1981.906422 -1981.906795 -1981.907356 -1981.908227 -1981.909622 -1981.911923 -1981.915834 -1981.922704 -1981.935177 -1981.958571 -1982.003877 -1982.094750 -1982.285123 -1982.707264 -1983.713356 -1986.336216 -1993.970066 -2019.176349 -9999.0 -9999.0
-9999.0 -9999.0 373.029314 274.371719 175.220153 75.872100 -23.554141 -123.011091 -222.478171 -321.942093 -421.389689 -520.801457 -620.138519 -719.330019 -818.535850 -917.707682 -1016.820277 -1115.875286 -1214.395162 -1312.208967 -1408.599515 -1502.140267 -1590.529960 -1671.013637 -1741.244244 -1799.967789 -1847.185420 -1883.886737 -1911.618448 -1932.094867 -1946.936506 -1957.536446 -1965.019131 -1970.253067 -1973.888737 -1976.405709 -1978.168389 -1979.522652 -1981.026182 -1983.628346 -1984.095140 -1931.096139 -1265.482386 -1325.103146 -1303.066744 -1288.086532 -1281.118685 -1280.068836 -1279.955768 -1279.964761 -1279.991068 -1280.019479 -1280.046797 -1280.072104 -1280.095683 -1280.123931 -1280.216530 -1280.839920 -1284.525535 -1292.693568 -1301.411635 -1228.802320 -1899.106658 -1977.617812 -1982.591363 -1982.181670 -1981.963729 -1981.913511 -1981.904559 -1981.903473 -1981.903699 -1981.904074 -1981.904404 -1981.904673 -1981.904890 -1981.905069 -1981.905220 -1981.905352 -1981.905472 -1981.905585 -1981.905700 -1981.905825 -1981.905973 -1981.906163 -1981.906422 -1981.906795 -1981.907356 -1981.908227 -1981.909622 -1981.911923 -1981.915834 -1981.922704 -1981.935177 -1981.958571 -1982.003877 -1982.094750 -1982.285123 -1982.707264 -1983.713356 -1986.336216 -1993.970066 -2019.176349 -9999.0 -9999.0
-9999.0 -9999.0 373.029314 274.371719 175.220153 75.872100 -23.554141 -123.011091 -222.478171 -321.942093 -421.389689 -520.801457 -620.138519 -719.330019 -818.535850 -917.707682 -1016.820277 -1115.875286 -1214.395162 -1312.208967 -1408.599515 -1502.140267 -1590.529960 -1671.013637 -1741.244244 -1799.967789 -1847.185420 -1883.886737 -1911.618448 -1932.094867 -1946.936506 -1957.536446 -1965.019131 -1970.253067 -1973.888737 -1976.405709 -1978.168389 -1979.522652 -1981.026182 -1983.628346 -1984.095140 -1931.096139 -1265.482386 -1325.103146 -1303.066744 -1288.086532 -1281.118685 -1280.068836 -1279.955768 -1279.964761 -1279.991068 -1280.019479 -1280.046797 -1280.072104 -1280.095683 -1280.123931 -1280.216530 -1280.839920 -1284.525535 -1292.693568 -1301.411635 -1228.802320 -1899.106658 -1977.617812 -1982.591363 -1982.181670 -1981.963729 -1981.913511 -1981.904559 -1981.903473 -1981.903699 -1981.904074 -1981.904404 -1981.904673 -1981.904890 -1981.905069 -1981.905220 -1981.905352 -1981.905472 -1981.905585 -1981.905700 -1981.905825 -1981.905973 -1981.906163 -1981.906422 -1981.906795 -1981.907356 -1981.908227 -1981.909622 -1981.911923 -1981.915834 -1981.922704 -1981.935177 -1981.958571 -1982.003877 -1982.094750 -1982.285123 -1982.707264 -1983.713356 -1986.336216 -1993.970066 -2019.176349 -9999.0 -9999.0
-9999.0 -9999.0 373.028030 274.371032 175.219879 75.871999 -23.554177 -123.011104 -222.478175 -321.942095 -421.389690 -520.801457 -620.138519 -719.330019 -818.535850 -917.707682 -1016.820277 -1115.875286 -1214.395162 -1312.208967 -1408.599514 -1502.140267 -1590.529960 -1671.013637 -1741.244243 -1799.967789 -1847.185420 -1883.886737 -1911.618448 -1932.094867 -1946.936506 -1957.536446 -1965.019131 -1970.253067 -1973.888737 -1976.405709 -1978.168389 -1979.522652 -1981.026182 -1983.628346 -1984.095140 -1931.096139 -1265.482386 -1325.103146 -1303.066744 -1288.086532 -1281.118685 -1280.068836 -1279.955768 -1279.964761 -1279.991068 -1280.019479 -1280.046797 -1280.072104 -1280.095683 -1280.123931 -1280.216530 -1280.839920 -1284.525535 -1292.693568 -1301.411635 -1228.802320 -1899.106658 -1977.617812 -1982.591363 -1982.181670 -1981.963729 -1981.913511 -1981.904559 -1981.903473 -1981.903699 -1981.904074 -1981.904404 -1981.904673 -1981.904890 -1981.905069 -1981.905220 -1981.905352 -1981.905472 -1981.905585 -1981.905700 -1981.905825 -1981.905973 -1981.906163 -1981.906422 -1981.906795 -1981.907356 -1981.908227 -1981.909622 -1981.911923 -1981.915834 -1981.922704 -1981.935177 -1981.958571 -1982.003877 -1982.094750 -1982.285123 -1982.707264 -1983.713356 -1986.336216 -1993.970066 -2019.176349 -9999.0 -9999.0
-9999.0 -9999.0 373.021782 274.369447 175.219452 75.871872 -23.554218 -123.011118 -222.478181 -321.942097 -421.389691 -520.801458 -620.138520 -719.330019 -818.535850 -917.707682 -1016.820277 -1115.875286 -1214.395161 -1312.208967 -1408.599514 -1502.140267 -1590.529960 -1671.013637 -1741.244243 -1799.967789 -1847.185420 -1883.886737 -1911.618448 -1932.094867 -1946.936506 -1957.536446 -1965.019131 -1970.253067 -1973.888737 -1976.405709 -1978.168389 -1979.522652 -1981.026182 -1983.628346 -1984.095140 -1931.096139 -1265.482386 -1325.103146 -1303.066744 -1288.086533 -1281.118685 -1280.068836 -1279.955768 -1279.964761 -1279.991068 -1280.019479 -1280.046797 -1280.072104 -1280.095683 -1280.123931 -1280.216530 -1280.839920 -1284.525535 -1292.693568 -1301.411635 -1228.802320 -1899.106658 -1977.617812 -1982.591363 -1982.181670 -1981.963729 -1981.913511 -1981.904559 -1981.903473 -1981.903699 -1981.904074 -1981.904405 -1981.904673 -1981.904890 -1981.905069 -1981.905220 -1981.905352 -1981.905472 -1981.905585 -1981.905700 -1981.905825 -1981.905973 -1981.906163 -1981.906422 -1981.906795 -1981.907356 -1981.908227 -1981.909622 -1981.911923 -1981.915834 -1981.922704 -1981.935177 -1981.958571 -1982.003877 -1982.094750 -1982.285123 -1982.707264 -1983.713356 -1986.336216 -1993.970066 -2019.176349 -9999.0 -9999.0
-9999.0 -9999.0 -9999.0 -9999.0 -9999.0 -9999.0 -9999.0 -9999.0 -9999.0 -9999.0 -9999.0 -9999.0 -9999.0 -9999.0 -9999.0 -9999.0 -9999.0 -9999.0 -9999.0 -9999.0 -9999.0 -9999.0 -9999.0 -9999.0 -9999.0 -9999.0 -9999.0 -9999.0 -9999.0 -9999.0 -9999.0 -9999.0 -9999.0 -9999.0 -9999.0 -9999.0 -9999.0 -9999.0 -9999.0 -9999.0 -9999.0 -9999.0 -9999.0 -9999.0 -9999.0 -9999.0 -9999.0 -9999.0 -9999.0 -9999.0 -9999.0 -9999.0 -9999.0 -9999.0 -9999.0 -9999.0 -9999.0 -9999.0 -9999.0 -9999.0 -9999.0 -9999.0 -9999.0 -9999.0 -9999.0 -9999.0 -9999.0 -9999.0 -9999.0 -9999.0 -9999.0 -9999.0 -9999.0 -9999.0 -9999.0 -9999.0 -9999.0 -9999.0 -9999.0 -9999.0 -9999.0 -9999.0 -9999.0 -9999.0 -9999.0 -9999.0 -9999.0 -9999.0 -9999.0 -9999.0 -9999.0 -9999.0 -9999.0 -9999.0 -9999.0 -9999.0 -9999.0 -9999.0 -9999.0 -9999.0 -9999.0 -9999.0 -9999.0 -9999.0
-9999.0 -9999.0 -9999.0 -9999.0 -9999.0 -9999.0 -9999.0 -9999.0 -9999.0 -9999.0 -9999.0 -9999.0 -9999.0 -9999.0 -9999.0 -9999.0 -9999.0 -9999.0 -9999.0 -9999.0 -9999.0 -9999.0 -9999.0 -9999.0 -9999.0 -9999.0 -9999.0 -9999.0 -9999.0 -9999.0 -9999.0 -9999.0 -9999.0 -9999.0 -9999.0 -9999.0 -9999.0 -9999.0 -9999.0 -9999.0 -9999.0 -9999.0 -9999.0 -9999.0 -9999.0 -9999.0 -9999.0 -9999.0 -9999.0 -9999.0 -9999.0 -9999.0 -9999.0 -9999.0 -9999.0 -9999.0 -9999.0 -9999.0 -9999.0 -9999.0 -9999.0 -9999.0 -9999.0 -9999.0 -9999.0 -9999.0 -9999.0 -9999.0 -9999.0 -9999.0 -9999.0 -9999.0 -9999.0 -9999.0 -9999.0 -9999.0 -9999.0 -9999.0 -9999.0 -9999.0 -9999.0 -9999.0 -9999.0 -9999.0 -9999.0 -9999.0 -9999.0 -9999.0 -9999.0 -9999.0 -9999.0 -9999.0 -9999.0 -9999.0 -9999.0 -9999.0 -9999.0 -9999.0 -9999.0 -9999.0 -9999.0 -9999.0 -9999.0 -9999.0