inst/processing_geotop_simulation/geotop_simulation/out/maps3D/PwL0020N0172.asc
ncols         104
nrows         10
xllcorner     -2.000000
yllcorner     0.000000
cellsize      1.000000
NODATA_value  -9999.0
-9999.0 -9999.0 -9999.0 -9999.0 -9999.0 -9999.0 -9999.0 -9999.0 -9999.0 -9999.0 -9999.0 -9999.0 -9999.0 -9999.0 -9999.0 -9999.0 -9999.0 -9999.0 -9999.0 -9999.0 -9999.0 -9999.0 -9999.0 -9999.0 -9999.0 -9999.0 -9999.0 -9999.0 -9999.0 -9999.0 -9999.0 -9999.0 -9999.0 -9999.0 -9999.0 -9999.0 -9999.0 -9999.0 -9999.0 -9999.0 -9999.0 -9999.0 -9999.0 -9999.0 -9999.0 -9999.0 -9999.0 -9999.0 -9999.0 -9999.0 -9999.0 -9999.0 -9999.0 -9999.0 -9999.0 -9999.0 -9999.0 -9999.0 -9999.0 -9999.0 -9999.0 -9999.0 -9999.0 -9999.0 -9999.0 -9999.0 -9999.0 -9999.0 -9999.0 -9999.0 -9999.0 -9999.0 -9999.0 -9999.0 -9999.0 -9999.0 -9999.0 -9999.0 -9999.0 -9999.0 -9999.0 -9999.0 -9999.0 -9999.0 -9999.0 -9999.0 -9999.0 -9999.0 -9999.0 -9999.0 -9999.0 -9999.0 -9999.0 -9999.0 -9999.0 -9999.0 -9999.0 -9999.0 -9999.0 -9999.0 -9999.0 -9999.0 -9999.0 -9999.0
-9999.0 -9999.0 -9999.0 -9999.0 -9999.0 -9999.0 -9999.0 -9999.0 -9999.0 -9999.0 -9999.0 -9999.0 -9999.0 -9999.0 -9999.0 -9999.0 -9999.0 -9999.0 -9999.0 -9999.0 -9999.0 -9999.0 -9999.0 -9999.0 -9999.0 -9999.0 -9999.0 -9999.0 -9999.0 -9999.0 -9999.0 -9999.0 -9999.0 -9999.0 -9999.0 -9999.0 -9999.0 -9999.0 -9999.0 -9999.0 -9999.0 -9999.0 -9999.0 -9999.0 -9999.0 -9999.0 -9999.0 -9999.0 -9999.0 -9999.0 -9999.0 -9999.0 -9999.0 -9999.0 -9999.0 -9999.0 -9999.0 -9999.0 -9999.0 -9999.0 -9999.0 -9999.0 -9999.0 -9999.0 -9999.0 -9999.0 -9999.0 -9999.0 -9999.0 -9999.0 -9999.0 -9999.0 -9999.0 -9999.0 -9999.0 -9999.0 -9999.0 -9999.0 -9999.0 -9999.0 -9999.0 -9999.0 -9999.0 -9999.0 -9999.0 -9999.0 -9999.0 -9999.0 -9999.0 -9999.0 -9999.0 -9999.0 -9999.0 -9999.0 -9999.0 -9999.0 -9999.0 -9999.0 -9999.0 -9999.0 -9999.0 -9999.0 -9999.0 -9999.0
-9999.0 -9999.0 980.995835 885.580847 789.854224 693.568982 596.972440 500.234315 403.449597 306.670510 209.926192 113.233127 16.603325 -79.942780 -176.387913 -272.646141 -368.555038 -463.839035 -558.019658 -650.189002 -742.638666 -833.717507 -923.192925 -1010.863874 -1078.191653 -1133.453112 -1176.715575 -1209.148715 -1232.558953 -1248.925376 -1260.074163 -1267.515494 -1272.406507 -1275.586285 -1277.639237 -1278.962939 -1279.831338 -1280.471857 -1281.310473 -1284.219478 -1298.389237 -1377.350017 -1891.549831 -3954.995671 -3985.144209 -3985.145215 -3985.009036 -3983.342134 -3974.991208 -3947.881260 -3882.380964 -3744.835075 -3598.031599 -3472.887575 -3336.060358 -3175.455844 -2989.255047 -2787.691220 -2588.119197 -2403.379017 -2219.191200 -1526.761467 -1338.175641 -1291.551081 -1283.114116 -1281.770900 -1281.573553 -1281.544664 -1281.540969 -1281.541320 -1281.542221 -1281.543040 -1281.543687 -1281.544185 -1281.544568 -1281.544868 -1281.545107 -1281.545302 -1281.545466 -1281.545612 -1281.545756 -1281.545913 -1281.546110 -1281.546379 -1281.546774 -1281.547378 -1281.548326 -1281.549840 -1281.552299 -1281.556371 -1281.563265 -1281.575249 -1281.596714 -1281.636341 -1281.711632 -1281.858744 -1282.155852 -1282.784995 -1284.206601 -1287.652573 -1296.571309 -1322.158871 -9999.0 -9999.0
-9999.0 -9999.0 980.999108 885.582115 789.854645 693.569121 596.972487 500.234331 403.449603 306.670513 209.926193 113.233127 16.603325 -79.942780 -176.387913 -272.646141 -368.555038 -463.839035 -558.019658 -650.189002 -742.638667 -833.717507 -923.192926 -1010.863874 -1078.191654 -1133.453112 -1176.715575 -1209.148715 -1232.558953 -1248.925376 -1260.074163 -1267.515494 -1272.406507 -1275.586285 -1277.639237 -1278.962939 -1279.831338 -1280.471857 -1281.310473 -1284.219478 -1298.389237 -1377.350017 -1891.549830 -3954.995671 -3985.144209 -3985.145215 -3985.009036 -3983.342134 -3974.991208 -3947.881259 -3882.380962 -3744.835074 -3598.031598 -3472.887574 -3336.060357 -3175.455844 -2989.255046 -2787.691219 -2588.119196 -2403.379017 -2219.191200 -1526.761467 -1338.175641 -1291.551081 -1283.114116 -1281.770900 -1281.573553 -1281.544664 -1281.540969 -1281.541320 -1281.542221 -1281.543040 -1281.543687 -1281.544185 -1281.544568 -1281.544868 -1281.545107 -1281.545302 -1281.545466 -1281.545612 -1281.545756 -1281.545913 -1281.546110 -1281.546379 -1281.546774 -1281.547378 -1281.548326 -1281.549840 -1281.552299 -1281.556371 -1281.563265 -1281.575249 -1281.596714 -1281.636341 -1281.711632 -1281.858744 -1282.155852 -1282.784995 -1284.206601 -1287.652573 -1296.571309 -1322.158871 -9999.0 -9999.0
-9999.0 -9999.0 981.000383 885.582802 789.854936 693.569233 596.972528 500.234346 403.449608 306.670515 209.926194 113.233128 16.603326 -79.942780 -176.387913 -272.646141 -368.555038 -463.839036 -558.019658 -650.189002 -742.638667 -833.717507 -923.192926 -1010.863874 -1078.191654 -1133.453112 -1176.715575 -1209.148715 -1232.558953 -1248.925376 -1260.074163 -1267.515494 -1272.406507 -1275.586285 -1277.639237 -1278.962939 -1279.831338 -1280.471857 -1281.310473 -1284.219478 -1298.389237 -1377.350017 -1891.549830 -3954.995671 -3985.144209 -3985.145215 -3985.009036 -3983.342134 -3974.991208 -3947.881259 -3882.380962 -3744.835074 -3598.031598 -3472.887574 -3336.060357 -3175.455843 -2989.255046 -2787.691218 -2588.119196 -2403.379017 -2219.191200 -1526.761467 -1338.175641 -1291.551081 -1283.114116 -1281.770900 -1281.573553 -1281.544664 -1281.540969 -1281.541320 -1281.542221 -1281.543040 -1281.543687 -1281.544185 -1281.544568 -1281.544868 -1281.545107 -1281.545302 -1281.545466 -1281.545612 -1281.545756 -1281.545913 -1281.546110 -1281.546379 -1281.546774 -1281.547378 -1281.548326 -1281.549840 -1281.552299 -1281.556371 -1281.563265 -1281.575249 -1281.596714 -1281.636341 -1281.711632 -1281.858744 -1282.155852 -1282.784995 -1284.206601 -1287.652573 -1296.571309 -1322.158871 -9999.0 -9999.0
-9999.0 -9999.0 981.000383 885.582802 789.854936 693.569233 596.972528 500.234346 403.449608 306.670515 209.926194 113.233128 16.603326 -79.942780 -176.387913 -272.646141 -368.555038 -463.839036 -558.019659 -650.189002 -742.638667 -833.717507 -923.192926 -1010.863875 -1078.191654 -1133.453112 -1176.715575 -1209.148715 -1232.558953 -1248.925376 -1260.074163 -1267.515494 -1272.406507 -1275.586285 -1277.639237 -1278.962939 -1279.831338 -1280.471857 -1281.310473 -1284.219478 -1298.389237 -1377.350017 -1891.549830 -3954.995671 -3985.144209 -3985.145215 -3985.009036 -3983.342134 -3974.991208 -3947.881259 -3882.380962 -3744.835074 -3598.031598 -3472.887574 -3336.060357 -3175.455843 -2989.255045 -2787.691219 -2588.119195 -2403.379017 -2219.191200 -1526.761467 -1338.175641 -1291.551081 -1283.114116 -1281.770900 -1281.573553 -1281.544664 -1281.540969 -1281.541320 -1281.542221 -1281.543040 -1281.543687 -1281.544185 -1281.544568 -1281.544868 -1281.545107 -1281.545302 -1281.545466 -1281.545612 -1281.545756 -1281.545913 -1281.546110 -1281.546379 -1281.546774 -1281.547378 -1281.548326 -1281.549840 -1281.552299 -1281.556371 -1281.563265 -1281.575249 -1281.596714 -1281.636341 -1281.711632 -1281.858744 -1282.155852 -1282.784995 -1284.206601 -1287.652573 -1296.571309 -1322.158871 -9999.0 -9999.0
-9999.0 -9999.0 980.999108 885.582115 789.854645 693.569121 596.972487 500.234331 403.449603 306.670513 209.926193 113.233127 16.603325 -79.942780 -176.387913 -272.646141 -368.555038 -463.839036 -558.019658 -650.189002 -742.638667 -833.717507 -923.192926 -1010.863874 -1078.191654 -1133.453112 -1176.715575 -1209.148715 -1232.558953 -1248.925376 -1260.074163 -1267.515494 -1272.406507 -1275.586285 -1277.639237 -1278.962939 -1279.831338 -1280.471857 -1281.310473 -1284.219478 -1298.389237 -1377.350017 -1891.549830 -3954.995671 -3985.144209 -3985.145215 -3985.009036 -3983.342134 -3974.991208 -3947.881259 -3882.380962 -3744.835074 -3598.031598 -3472.887574 -3336.060357 -3175.455843 -2989.255046 -2787.691219 -2588.119196 -2403.379017 -2219.191200 -1526.761467 -1338.175641 -1291.551081 -1283.114116 -1281.770900 -1281.573553 -1281.544664 -1281.540969 -1281.541320 -1281.542221 -1281.543040 -1281.543687 -1281.544185 -1281.544568 -1281.544868 -1281.545107 -1281.545302 -1281.545466 -1281.545612 -1281.545756 -1281.545913 -1281.546110 -1281.546379 -1281.546774 -1281.547378 -1281.548326 -1281.549840 -1281.552299 -1281.556371 -1281.563265 -1281.575249 -1281.596714 -1281.636341 -1281.711632 -1281.858744 -1282.155852 -1282.784995 -1284.206601 -1287.652573 -1296.571309 -1322.158871 -9999.0 -9999.0
-9999.0 -9999.0 980.995835 885.580847 789.854224 693.568982 596.972440 500.234315 403.449597 306.670510 209.926192 113.233127 16.603325 -79.942780 -176.387913 -272.646141 -368.555038 -463.839035 -558.019658 -650.189002 -742.638667 -833.717507 -923.192925 -1010.863874 -1078.191653 -1133.453112 -1176.715575 -1209.148715 -1232.558953 -1248.925376 -1260.074163 -1267.515494 -1272.406507 -1275.586285 -1277.639237 -1278.962939 -1279.831338 -1280.471857 -1281.310473 -1284.219478 -1298.389237 -1377.350017 -1891.549831 -3954.995671 -3985.144209 -3985.145215 -3985.009036 -3983.342134 -3974.991208 -3947.881260 -3882.380964 -3744.835075 -3598.031599 -3472.887575 -3336.060358 -3175.455845 -2989.255047 -2787.691220 -2588.119196 -2403.379018 -2219.191200 -1526.761467 -1338.175641 -1291.551081 -1283.114116 -1281.770900 -1281.573553 -1281.544664 -1281.540969 -1281.541320 -1281.542221 -1281.543040 -1281.543687 -1281.544185 -1281.544568 -1281.544868 -1281.545107 -1281.545302 -1281.545466 -1281.545612 -1281.545756 -1281.545913 -1281.546110 -1281.546379 -1281.546774 -1281.547378 -1281.548326 -1281.549840 -1281.552299 -1281.556371 -1281.563265 -1281.575249 -1281.596714 -1281.636341 -1281.711632 -1281.858744 -1282.155852 -1282.784995 -1284.206601 -1287.652573 -1296.571309 -1322.158871 -9999.0 -9999.0
-9999.0 -9999.0 -9999.0 -9999.0 -9999.0 -9999.0 -9999.0 -9999.0 -9999.0 -9999.0 -9999.0 -9999.0 -9999.0 -9999.0 -9999.0 -9999.0 -9999.0 -9999.0 -9999.0 -9999.0 -9999.0 -9999.0 -9999.0 -9999.0 -9999.0 -9999.0 -9999.0 -9999.0 -9999.0 -9999.0 -9999.0 -9999.0 -9999.0 -9999.0 -9999.0 -9999.0 -9999.0 -9999.0 -9999.0 -9999.0 -9999.0 -9999.0 -9999.0 -9999.0 -9999.0 -9999.0 -9999.0 -9999.0 -9999.0 -9999.0 -9999.0 -9999.0 -9999.0 -9999.0 -9999.0 -9999.0 -9999.0 -9999.0 -9999.0 -9999.0 -9999.0 -9999.0 -9999.0 -9999.0 -9999.0 -9999.0 -9999.0 -9999.0 -9999.0 -9999.0 -9999.0 -9999.0 -9999.0 -9999.0 -9999.0 -9999.0 -9999.0 -9999.0 -9999.0 -9999.0 -9999.0 -9999.0 -9999.0 -9999.0 -9999.0 -9999.0 -9999.0 -9999.0 -9999.0 -9999.0 -9999.0 -9999.0 -9999.0 -9999.0 -9999.0 -9999.0 -9999.0 -9999.0 -9999.0 -9999.0 -9999.0 -9999.0 -9999.0 -9999.0
-9999.0 -9999.0 -9999.0 -9999.0 -9999.0 -9999.0 -9999.0 -9999.0 -9999.0 -9999.0 -9999.0 -9999.0 -9999.0 -9999.0 -9999.0 -9999.0 -9999.0 -9999.0 -9999.0 -9999.0 -9999.0 -9999.0 -9999.0 -9999.0 -9999.0 -9999.0 -9999.0 -9999.0 -9999.0 -9999.0 -9999.0 -9999.0 -9999.0 -9999.0 -9999.0 -9999.0 -9999.0 -9999.0 -9999.0 -9999.0 -9999.0 -9999.0 -9999.0 -9999.0 -9999.0 -9999.0 -9999.0 -9999.0 -9999.0 -9999.0 -9999.0 -9999.0 -9999.0 -9999.0 -9999.0 -9999.0 -9999.0 -9999.0 -9999.0 -9999.0 -9999.0 -9999.0 -9999.0 -9999.0 -9999.0 -9999.0 -9999.0 -9999.0 -9999.0 -9999.0 -9999.0 -9999.0 -9999.0 -9999.0 -9999.0 -9999.0 -9999.0 -9999.0 -9999.0 -9999.0 -9999.0 -9999.0 -9999.0 -9999.0 -9999.0 -9999.0 -9999.0 -9999.0 -9999.0 -9999.0 -9999.0 -9999.0 -9999.0 -9999.0 -9999.0 -9999.0 -9999.0 -9999.0 -9999.0 -9999.0 -9999.0 -9999.0 -9999.0 -9999.0