inst/processing_geotop_simulation/geotop_simulation/out/maps3D/PwL0003N0420.asc
ncols         104
nrows         10
xllcorner     -2.000000
yllcorner     0.000000
cellsize      1.000000
NODATA_value  -9999.0
-9999.0 -9999.0 -9999.0 -9999.0 -9999.0 -9999.0 -9999.0 -9999.0 -9999.0 -9999.0 -9999.0 -9999.0 -9999.0 -9999.0 -9999.0 -9999.0 -9999.0 -9999.0 -9999.0 -9999.0 -9999.0 -9999.0 -9999.0 -9999.0 -9999.0 -9999.0 -9999.0 -9999.0 -9999.0 -9999.0 -9999.0 -9999.0 -9999.0 -9999.0 -9999.0 -9999.0 -9999.0 -9999.0 -9999.0 -9999.0 -9999.0 -9999.0 -9999.0 -9999.0 -9999.0 -9999.0 -9999.0 -9999.0 -9999.0 -9999.0 -9999.0 -9999.0 -9999.0 -9999.0 -9999.0 -9999.0 -9999.0 -9999.0 -9999.0 -9999.0 -9999.0 -9999.0 -9999.0 -9999.0 -9999.0 -9999.0 -9999.0 -9999.0 -9999.0 -9999.0 -9999.0 -9999.0 -9999.0 -9999.0 -9999.0 -9999.0 -9999.0 -9999.0 -9999.0 -9999.0 -9999.0 -9999.0 -9999.0 -9999.0 -9999.0 -9999.0 -9999.0 -9999.0 -9999.0 -9999.0 -9999.0 -9999.0 -9999.0 -9999.0 -9999.0 -9999.0 -9999.0 -9999.0 -9999.0 -9999.0 -9999.0 -9999.0 -9999.0 -9999.0
-9999.0 -9999.0 -9999.0 -9999.0 -9999.0 -9999.0 -9999.0 -9999.0 -9999.0 -9999.0 -9999.0 -9999.0 -9999.0 -9999.0 -9999.0 -9999.0 -9999.0 -9999.0 -9999.0 -9999.0 -9999.0 -9999.0 -9999.0 -9999.0 -9999.0 -9999.0 -9999.0 -9999.0 -9999.0 -9999.0 -9999.0 -9999.0 -9999.0 -9999.0 -9999.0 -9999.0 -9999.0 -9999.0 -9999.0 -9999.0 -9999.0 -9999.0 -9999.0 -9999.0 -9999.0 -9999.0 -9999.0 -9999.0 -9999.0 -9999.0 -9999.0 -9999.0 -9999.0 -9999.0 -9999.0 -9999.0 -9999.0 -9999.0 -9999.0 -9999.0 -9999.0 -9999.0 -9999.0 -9999.0 -9999.0 -9999.0 -9999.0 -9999.0 -9999.0 -9999.0 -9999.0 -9999.0 -9999.0 -9999.0 -9999.0 -9999.0 -9999.0 -9999.0 -9999.0 -9999.0 -9999.0 -9999.0 -9999.0 -9999.0 -9999.0 -9999.0 -9999.0 -9999.0 -9999.0 -9999.0 -9999.0 -9999.0 -9999.0 -9999.0 -9999.0 -9999.0 -9999.0 -9999.0 -9999.0 -9999.0 -9999.0 -9999.0 -9999.0 -9999.0
-9999.0 -9999.0 125.264175 27.374805 -71.557438 -170.763782 -270.072047 -369.418329 -468.769498 -568.103124 -667.382624 -766.565243 -865.659564 -964.624292 -1063.535924 -1162.433628 -1261.019435 -1359.130216 -1456.411038 -1552.157867 -1645.005308 -1732.561513 -1811.667116 -1879.558691 -1934.951558 -1978.217743 -2010.857194 -2034.829851 -2052.079097 -2064.293545 -2072.833879 -2078.745190 -2082.803973 -2085.573288 -2087.454420 -2088.732278 -2089.620955 -2090.343665 -2091.355789 -2093.643389 -2094.175626 -2027.569964 -1239.716166 -1240.489305 -1229.518628 -1222.220018 -1218.786547 -1218.244355 -1218.184899 -1218.189797 -1218.203942 -1218.219225 -1218.233925 -1218.247545 -1218.260248 -1218.275542 -1218.325698 -1218.655248 -1220.500938 -1224.560555 -1229.793513 -1221.073335 -2002.540221 -2088.301684 -2092.243049 -2091.688394 -2091.477463 -2091.433852 -2091.426632 -2091.425915 -2091.426232 -2091.426637 -2091.426979 -2091.427248 -2091.427458 -2091.427625 -2091.427760 -2091.427872 -2091.427969 -2091.428059 -2091.428148 -2091.428247 -2091.428370 -2091.428536 -2091.428776 -2091.429137 -2091.429700 -2091.430595 -2091.432051 -2091.434475 -2091.438614 -2091.445889 -2091.459079 -2091.483731 -2091.531195 -2091.625488 -2091.820226 -2092.244092 -2093.233275 -2095.760396 -2103.031474 -2127.282348 -9999.0 -9999.0
-9999.0 -9999.0 125.273691 27.376630 -71.556979 -170.763648 -270.072004 -369.418315 -468.769493 -568.103122 -667.382623 -766.565243 -865.659563 -964.624292 -1063.535924 -1162.433628 -1261.019436 -1359.130217 -1456.411038 -1552.157868 -1645.005308 -1732.561513 -1811.667117 -1879.558691 -1934.951558 -1978.217743 -2010.857194 -2034.829851 -2052.079097 -2064.293545 -2072.833879 -2078.745190 -2082.803973 -2085.573288 -2087.454420 -2088.732278 -2089.620955 -2090.343665 -2091.355789 -2093.643389 -2094.175626 -2027.569964 -1239.716166 -1240.489305 -1229.518627 -1222.220018 -1218.786547 -1218.244355 -1218.184899 -1218.189797 -1218.203942 -1218.219225 -1218.233925 -1218.247545 -1218.260248 -1218.275542 -1218.325698 -1218.655248 -1220.500938 -1224.560555 -1229.793513 -1221.073335 -2002.540221 -2088.301684 -2092.243049 -2091.688394 -2091.477463 -2091.433852 -2091.426632 -2091.425915 -2091.426232 -2091.426637 -2091.426979 -2091.427248 -2091.427458 -2091.427625 -2091.427760 -2091.427872 -2091.427969 -2091.428059 -2091.428148 -2091.428247 -2091.428370 -2091.428536 -2091.428776 -2091.429137 -2091.429700 -2091.430595 -2091.432051 -2091.434475 -2091.438614 -2091.445889 -2091.459079 -2091.483731 -2091.531195 -2091.625488 -2091.820226 -2092.244092 -2093.233275 -2095.760396 -2103.031474 -2127.282348 -9999.0 -9999.0
-9999.0 -9999.0 125.274878 27.377367 -71.556689 -170.763543 -270.071967 -369.418301 -468.769488 -568.103120 -667.382622 -766.565242 -865.659563 -964.624292 -1063.535924 -1162.433628 -1261.019436 -1359.130217 -1456.411038 -1552.157868 -1645.005308 -1732.561514 -1811.667117 -1879.558692 -1934.951558 -1978.217743 -2010.857194 -2034.829852 -2052.079097 -2064.293545 -2072.833879 -2078.745190 -2082.803973 -2085.573288 -2087.454420 -2088.732278 -2089.620955 -2090.343665 -2091.355789 -2093.643389 -2094.175626 -2027.569964 -1239.716166 -1240.489305 -1229.518627 -1222.220018 -1218.786547 -1218.244355 -1218.184899 -1218.189797 -1218.203942 -1218.219225 -1218.233925 -1218.247545 -1218.260248 -1218.275542 -1218.325698 -1218.655248 -1220.500938 -1224.560555 -1229.793513 -1221.073335 -2002.540221 -2088.301684 -2092.243049 -2091.688394 -2091.477463 -2091.433852 -2091.426632 -2091.425915 -2091.426232 -2091.426637 -2091.426979 -2091.427248 -2091.427458 -2091.427625 -2091.427760 -2091.427872 -2091.427969 -2091.428059 -2091.428148 -2091.428247 -2091.428370 -2091.428536 -2091.428776 -2091.429137 -2091.429700 -2091.430595 -2091.432051 -2091.434475 -2091.438614 -2091.445889 -2091.459079 -2091.483731 -2091.531195 -2091.625488 -2091.820226 -2092.244092 -2093.233275 -2095.760396 -2103.031474 -2127.282348 -9999.0 -9999.0
-9999.0 -9999.0 125.274878 27.377367 -71.556689 -170.763543 -270.071967 -369.418301 -468.769488 -568.103120 -667.382622 -766.565242 -865.659563 -964.624292 -1063.535924 -1162.433628 -1261.019436 -1359.130217 -1456.411038 -1552.157868 -1645.005308 -1732.561514 -1811.667117 -1879.558692 -1934.951558 -1978.217743 -2010.857194 -2034.829852 -2052.079097 -2064.293545 -2072.833879 -2078.745190 -2082.803973 -2085.573288 -2087.454420 -2088.732278 -2089.620955 -2090.343665 -2091.355789 -2093.643389 -2094.175626 -2027.569964 -1239.716166 -1240.489305 -1229.518627 -1222.220018 -1218.786547 -1218.244355 -1218.184899 -1218.189797 -1218.203942 -1218.219225 -1218.233925 -1218.247545 -1218.260248 -1218.275542 -1218.325698 -1218.655248 -1220.500938 -1224.560555 -1229.793513 -1221.073335 -2002.540221 -2088.301684 -2092.243049 -2091.688394 -2091.477463 -2091.433852 -2091.426632 -2091.425915 -2091.426232 -2091.426637 -2091.426979 -2091.427248 -2091.427458 -2091.427625 -2091.427760 -2091.427872 -2091.427969 -2091.428059 -2091.428148 -2091.428247 -2091.428370 -2091.428536 -2091.428776 -2091.429137 -2091.429700 -2091.430595 -2091.432051 -2091.434475 -2091.438614 -2091.445889 -2091.459079 -2091.483731 -2091.531195 -2091.625488 -2091.820226 -2092.244092 -2093.233275 -2095.760396 -2103.031474 -2127.282348 -9999.0 -9999.0
-9999.0 -9999.0 125.273691 27.376630 -71.556979 -170.763648 -270.072004 -369.418315 -468.769493 -568.103122 -667.382623 -766.565242 -865.659563 -964.624292 -1063.535924 -1162.433628 -1261.019436 -1359.130217 -1456.411038 -1552.157868 -1645.005308 -1732.561513 -1811.667117 -1879.558691 -1934.951558 -1978.217743 -2010.857194 -2034.829851 -2052.079097 -2064.293545 -2072.833879 -2078.745190 -2082.803973 -2085.573288 -2087.454420 -2088.732278 -2089.620955 -2090.343665 -2091.355789 -2093.643389 -2094.175626 -2027.569964 -1239.716166 -1240.489305 -1229.518627 -1222.220018 -1218.786547 -1218.244355 -1218.184899 -1218.189797 -1218.203942 -1218.219225 -1218.233925 -1218.247545 -1218.260248 -1218.275542 -1218.325698 -1218.655248 -1220.500938 -1224.560555 -1229.793513 -1221.073335 -2002.540221 -2088.301684 -2092.243049 -2091.688394 -2091.477463 -2091.433852 -2091.426632 -2091.425915 -2091.426232 -2091.426637 -2091.426979 -2091.427248 -2091.427458 -2091.427625 -2091.427760 -2091.427872 -2091.427969 -2091.428059 -2091.428148 -2091.428247 -2091.428370 -2091.428536 -2091.428776 -2091.429137 -2091.429700 -2091.430595 -2091.432051 -2091.434475 -2091.438614 -2091.445889 -2091.459079 -2091.483731 -2091.531195 -2091.625488 -2091.820226 -2092.244092 -2093.233275 -2095.760396 -2103.031474 -2127.282348 -9999.0 -9999.0
-9999.0 -9999.0 125.264175 27.374805 -71.557438 -170.763782 -270.072047 -369.418329 -468.769498 -568.103124 -667.382624 -766.565243 -865.659564 -964.624292 -1063.535924 -1162.433628 -1261.019435 -1359.130216 -1456.411038 -1552.157867 -1645.005308 -1732.561513 -1811.667116 -1879.558691 -1934.951558 -1978.217743 -2010.857194 -2034.829851 -2052.079097 -2064.293545 -2072.833879 -2078.745190 -2082.803973 -2085.573288 -2087.454420 -2088.732278 -2089.620955 -2090.343665 -2091.355789 -2093.643389 -2094.175626 -2027.569964 -1239.716166 -1240.489305 -1229.518628 -1222.220018 -1218.786547 -1218.244355 -1218.184899 -1218.189797 -1218.203942 -1218.219225 -1218.233925 -1218.247545 -1218.260248 -1218.275542 -1218.325698 -1218.655248 -1220.500938 -1224.560555 -1229.793513 -1221.073335 -2002.540221 -2088.301684 -2092.243049 -2091.688394 -2091.477463 -2091.433852 -2091.426632 -2091.425915 -2091.426232 -2091.426637 -2091.426979 -2091.427248 -2091.427458 -2091.427625 -2091.427760 -2091.427872 -2091.427969 -2091.428059 -2091.428148 -2091.428247 -2091.428370 -2091.428536 -2091.428776 -2091.429137 -2091.429700 -2091.430595 -2091.432051 -2091.434475 -2091.438614 -2091.445889 -2091.459079 -2091.483731 -2091.531195 -2091.625488 -2091.820226 -2092.244092 -2093.233275 -2095.760396 -2103.031474 -2127.282348 -9999.0 -9999.0
-9999.0 -9999.0 -9999.0 -9999.0 -9999.0 -9999.0 -9999.0 -9999.0 -9999.0 -9999.0 -9999.0 -9999.0 -9999.0 -9999.0 -9999.0 -9999.0 -9999.0 -9999.0 -9999.0 -9999.0 -9999.0 -9999.0 -9999.0 -9999.0 -9999.0 -9999.0 -9999.0 -9999.0 -9999.0 -9999.0 -9999.0 -9999.0 -9999.0 -9999.0 -9999.0 -9999.0 -9999.0 -9999.0 -9999.0 -9999.0 -9999.0 -9999.0 -9999.0 -9999.0 -9999.0 -9999.0 -9999.0 -9999.0 -9999.0 -9999.0 -9999.0 -9999.0 -9999.0 -9999.0 -9999.0 -9999.0 -9999.0 -9999.0 -9999.0 -9999.0 -9999.0 -9999.0 -9999.0 -9999.0 -9999.0 -9999.0 -9999.0 -9999.0 -9999.0 -9999.0 -9999.0 -9999.0 -9999.0 -9999.0 -9999.0 -9999.0 -9999.0 -9999.0 -9999.0 -9999.0 -9999.0 -9999.0 -9999.0 -9999.0 -9999.0 -9999.0 -9999.0 -9999.0 -9999.0 -9999.0 -9999.0 -9999.0 -9999.0 -9999.0 -9999.0 -9999.0 -9999.0 -9999.0 -9999.0 -9999.0 -9999.0 -9999.0 -9999.0 -9999.0
-9999.0 -9999.0 -9999.0 -9999.0 -9999.0 -9999.0 -9999.0 -9999.0 -9999.0 -9999.0 -9999.0 -9999.0 -9999.0 -9999.0 -9999.0 -9999.0 -9999.0 -9999.0 -9999.0 -9999.0 -9999.0 -9999.0 -9999.0 -9999.0 -9999.0 -9999.0 -9999.0 -9999.0 -9999.0 -9999.0 -9999.0 -9999.0 -9999.0 -9999.0 -9999.0 -9999.0 -9999.0 -9999.0 -9999.0 -9999.0 -9999.0 -9999.0 -9999.0 -9999.0 -9999.0 -9999.0 -9999.0 -9999.0 -9999.0 -9999.0 -9999.0 -9999.0 -9999.0 -9999.0 -9999.0 -9999.0 -9999.0 -9999.0 -9999.0 -9999.0 -9999.0 -9999.0 -9999.0 -9999.0 -9999.0 -9999.0 -9999.0 -9999.0 -9999.0 -9999.0 -9999.0 -9999.0 -9999.0 -9999.0 -9999.0 -9999.0 -9999.0 -9999.0 -9999.0 -9999.0 -9999.0 -9999.0 -9999.0 -9999.0 -9999.0 -9999.0 -9999.0 -9999.0 -9999.0 -9999.0 -9999.0 -9999.0 -9999.0 -9999.0 -9999.0 -9999.0 -9999.0 -9999.0 -9999.0 -9999.0 -9999.0 -9999.0 -9999.0 -9999.0