inst/processing_geotop_simulation/geotop_simulation/out/maps3D/PwL0000N0045.asc
ncols         104
nrows         10
xllcorner     -2.000000
yllcorner     0.000000
cellsize      1.000000
NODATA_value  -9999.0
-9999.0 -9999.0 -9999.0 -9999.0 -9999.0 -9999.0 -9999.0 -9999.0 -9999.0 -9999.0 -9999.0 -9999.0 -9999.0 -9999.0 -9999.0 -9999.0 -9999.0 -9999.0 -9999.0 -9999.0 -9999.0 -9999.0 -9999.0 -9999.0 -9999.0 -9999.0 -9999.0 -9999.0 -9999.0 -9999.0 -9999.0 -9999.0 -9999.0 -9999.0 -9999.0 -9999.0 -9999.0 -9999.0 -9999.0 -9999.0 -9999.0 -9999.0 -9999.0 -9999.0 -9999.0 -9999.0 -9999.0 -9999.0 -9999.0 -9999.0 -9999.0 -9999.0 -9999.0 -9999.0 -9999.0 -9999.0 -9999.0 -9999.0 -9999.0 -9999.0 -9999.0 -9999.0 -9999.0 -9999.0 -9999.0 -9999.0 -9999.0 -9999.0 -9999.0 -9999.0 -9999.0 -9999.0 -9999.0 -9999.0 -9999.0 -9999.0 -9999.0 -9999.0 -9999.0 -9999.0 -9999.0 -9999.0 -9999.0 -9999.0 -9999.0 -9999.0 -9999.0 -9999.0 -9999.0 -9999.0 -9999.0 -9999.0 -9999.0 -9999.0 -9999.0 -9999.0 -9999.0 -9999.0 -9999.0 -9999.0 -9999.0 -9999.0 -9999.0 -9999.0
-9999.0 -9999.0 -9999.0 -9999.0 -9999.0 -9999.0 -9999.0 -9999.0 -9999.0 -9999.0 -9999.0 -9999.0 -9999.0 -9999.0 -9999.0 -9999.0 -9999.0 -9999.0 -9999.0 -9999.0 -9999.0 -9999.0 -9999.0 -9999.0 -9999.0 -9999.0 -9999.0 -9999.0 -9999.0 -9999.0 -9999.0 -9999.0 -9999.0 -9999.0 -9999.0 -9999.0 -9999.0 -9999.0 -9999.0 -9999.0 -9999.0 -9999.0 -9999.0 -9999.0 -9999.0 -9999.0 -9999.0 -9999.0 -9999.0 -9999.0 -9999.0 -9999.0 -9999.0 -9999.0 -9999.0 -9999.0 -9999.0 -9999.0 -9999.0 -9999.0 -9999.0 -9999.0 -9999.0 -9999.0 -9999.0 -9999.0 -9999.0 -9999.0 -9999.0 -9999.0 -9999.0 -9999.0 -9999.0 -9999.0 -9999.0 -9999.0 -9999.0 -9999.0 -9999.0 -9999.0 -9999.0 -9999.0 -9999.0 -9999.0 -9999.0 -9999.0 -9999.0 -9999.0 -9999.0 -9999.0 -9999.0 -9999.0 -9999.0 -9999.0 -9999.0 -9999.0 -9999.0 -9999.0 -9999.0 -9999.0 -9999.0 -9999.0 -9999.0 -9999.0
-9999.0 -9999.0 -1048.232125 -1057.744597 -1061.118710 -1064.464902 -1067.408401 -1069.497679 -1070.678564 -1065.324355 -1019.302601 -1007.506060 -1017.689862 -1027.204842 -1036.830809 -1029.720765 -997.212069 -964.314341 -943.246445 -934.968409 -937.135340 -947.154122 -962.567406 -980.998472 -1000.220173 -1018.338921 -1033.933384 -1046.250787 -1055.260224 -1061.442584 -1065.476014 -1068.005891 -1069.543571 -1070.451167 -1070.966068 -1071.234086 -1071.356511 -1071.524872 -1071.985252 -1071.652959 -1071.271735 -1083.967123 -730.082633 -718.642984 -705.878558 -698.290118 -694.776641 -694.296001 -694.255044 -694.284236 -694.327651 -694.372978 -694.416406 -694.456549 -694.493063 -694.528371 -694.588472 -694.906844 -696.865096 -701.594640 -709.868571 -713.773320 -1075.114532 -1074.559213 -1072.639993 -1071.987826 -1071.843246 -1071.823184 -1071.828166 -1071.836661 -1071.844143 -1071.849928 -1071.854240 -1071.857455 -1071.859885 -1071.861754 -1071.863224 -1071.864396 -1071.865353 -1071.866175 -1071.866948 -1071.867770 -1071.868769 -1071.870123 -1071.872095 -1071.875097 -1071.879780 -1071.887199 -1071.899099 -1071.918428 -1071.950328 -1072.004070 -1072.096973 -1072.262427 -1072.566189 -1073.138699 -1074.236787 -1076.356910 -1080.440537 -1088.278008 -1103.447789 -1133.790833 -9999.0 -9999.0
-9999.0 -9999.0 -1048.232023 -1057.744480 -1061.118626 -1064.464865 -1067.408391 -1069.497679 -1070.678566 -1065.324356 -1019.302601 -1007.506060 -1017.689862 -1027.204842 -1036.830809 -1029.720765 -997.212069 -964.314341 -943.246445 -934.968409 -937.135340 -947.154122 -962.567406 -980.998472 -1000.220173 -1018.338921 -1033.933384 -1046.250787 -1055.260224 -1061.442584 -1065.476014 -1068.005891 -1069.543571 -1070.451167 -1070.966068 -1071.234086 -1071.356511 -1071.524872 -1071.985252 -1071.652959 -1071.271735 -1083.967123 -730.082633 -718.642984 -705.878558 -698.290118 -694.776641 -694.296001 -694.255044 -694.284236 -694.327651 -694.372978 -694.416406 -694.456549 -694.493063 -694.528371 -694.588472 -694.906844 -696.865096 -701.594640 -709.868571 -713.773320 -1075.114532 -1074.559213 -1072.639993 -1071.987826 -1071.843246 -1071.823184 -1071.828166 -1071.836661 -1071.844143 -1071.849928 -1071.854240 -1071.857455 -1071.859885 -1071.861754 -1071.863224 -1071.864396 -1071.865353 -1071.866175 -1071.866948 -1071.867770 -1071.868769 -1071.870123 -1071.872095 -1071.875097 -1071.879780 -1071.887199 -1071.899099 -1071.918428 -1071.950328 -1072.004070 -1072.096973 -1072.262427 -1072.566189 -1073.138699 -1074.236787 -1076.356910 -1080.440537 -1088.278008 -1103.447789 -1133.790833 -9999.0 -9999.0
-9999.0 -9999.0 -1048.231978 -1057.744418 -1061.118573 -1064.464838 -1067.408384 -1069.497679 -1070.678568 -1065.324358 -1019.302601 -1007.506060 -1017.689862 -1027.204842 -1036.830809 -1029.720765 -997.212069 -964.314341 -943.246445 -934.968409 -937.135340 -947.154122 -962.567406 -980.998472 -1000.220173 -1018.338921 -1033.933384 -1046.250787 -1055.260224 -1061.442584 -1065.476014 -1068.005891 -1069.543571 -1070.451167 -1070.966068 -1071.234086 -1071.356511 -1071.524872 -1071.985252 -1071.652959 -1071.271735 -1083.967123 -730.082633 -718.642984 -705.878558 -698.290118 -694.776641 -694.296001 -694.255044 -694.284236 -694.327651 -694.372978 -694.416406 -694.456549 -694.493063 -694.528371 -694.588472 -694.906844 -696.865096 -701.594640 -709.868571 -713.773320 -1075.114532 -1074.559213 -1072.639993 -1071.987826 -1071.843246 -1071.823184 -1071.828166 -1071.836661 -1071.844143 -1071.849928 -1071.854240 -1071.857455 -1071.859885 -1071.861754 -1071.863224 -1071.864396 -1071.865353 -1071.866175 -1071.866948 -1071.867770 -1071.868769 -1071.870123 -1071.872095 -1071.875097 -1071.879780 -1071.887199 -1071.899099 -1071.918428 -1071.950328 -1072.004070 -1072.096973 -1072.262427 -1072.566189 -1073.138699 -1074.236787 -1076.356910 -1080.440537 -1088.278008 -1103.447789 -1133.790833 -9999.0 -9999.0
-9999.0 -9999.0 -1048.231978 -1057.744418 -1061.118573 -1064.464838 -1067.408384 -1069.497679 -1070.678568 -1065.324358 -1019.302601 -1007.506060 -1017.689862 -1027.204842 -1036.830809 -1029.720765 -997.212069 -964.314341 -943.246445 -934.968409 -937.135340 -947.154122 -962.567406 -980.998472 -1000.220173 -1018.338921 -1033.933384 -1046.250787 -1055.260224 -1061.442584 -1065.476014 -1068.005891 -1069.543571 -1070.451167 -1070.966068 -1071.234086 -1071.356511 -1071.524872 -1071.985252 -1071.652959 -1071.271735 -1083.967123 -730.082633 -718.642984 -705.878558 -698.290118 -694.776641 -694.296001 -694.255044 -694.284236 -694.327651 -694.372978 -694.416406 -694.456549 -694.493063 -694.528371 -694.588472 -694.906844 -696.865096 -701.594640 -709.868571 -713.773320 -1075.114532 -1074.559213 -1072.639993 -1071.987826 -1071.843246 -1071.823184 -1071.828166 -1071.836661 -1071.844143 -1071.849928 -1071.854240 -1071.857455 -1071.859885 -1071.861754 -1071.863224 -1071.864396 -1071.865353 -1071.866175 -1071.866948 -1071.867770 -1071.868769 -1071.870123 -1071.872095 -1071.875097 -1071.879780 -1071.887199 -1071.899099 -1071.918428 -1071.950328 -1072.004070 -1072.096973 -1072.262427 -1072.566189 -1073.138699 -1074.236787 -1076.356910 -1080.440537 -1088.278008 -1103.447789 -1133.790833 -9999.0 -9999.0
-9999.0 -9999.0 -1048.232023 -1057.744480 -1061.118626 -1064.464865 -1067.408391 -1069.497679 -1070.678566 -1065.324356 -1019.302601 -1007.506060 -1017.689862 -1027.204842 -1036.830809 -1029.720765 -997.212069 -964.314341 -943.246445 -934.968409 -937.135340 -947.154122 -962.567406 -980.998472 -1000.220173 -1018.338921 -1033.933384 -1046.250787 -1055.260224 -1061.442584 -1065.476014 -1068.005891 -1069.543571 -1070.451167 -1070.966068 -1071.234086 -1071.356511 -1071.524872 -1071.985252 -1071.652959 -1071.271735 -1083.967123 -730.082633 -718.642984 -705.878558 -698.290118 -694.776641 -694.296001 -694.255044 -694.284236 -694.327651 -694.372978 -694.416406 -694.456549 -694.493063 -694.528371 -694.588472 -694.906844 -696.865096 -701.594640 -709.868571 -713.773320 -1075.114532 -1074.559213 -1072.639993 -1071.987826 -1071.843246 -1071.823184 -1071.828166 -1071.836661 -1071.844143 -1071.849928 -1071.854240 -1071.857455 -1071.859885 -1071.861754 -1071.863224 -1071.864396 -1071.865353 -1071.866175 -1071.866948 -1071.867770 -1071.868769 -1071.870123 -1071.872095 -1071.875097 -1071.879780 -1071.887199 -1071.899099 -1071.918428 -1071.950328 -1072.004070 -1072.096973 -1072.262427 -1072.566189 -1073.138699 -1074.236787 -1076.356910 -1080.440537 -1088.278008 -1103.447789 -1133.790833 -9999.0 -9999.0
-9999.0 -9999.0 -1048.232125 -1057.744597 -1061.118710 -1064.464902 -1067.408401 -1069.497679 -1070.678564 -1065.324355 -1019.302601 -1007.506060 -1017.689862 -1027.204842 -1036.830809 -1029.720765 -997.212069 -964.314341 -943.246445 -934.968409 -937.135340 -947.154122 -962.567406 -980.998472 -1000.220173 -1018.338921 -1033.933384 -1046.250787 -1055.260224 -1061.442584 -1065.476014 -1068.005891 -1069.543571 -1070.451167 -1070.966068 -1071.234086 -1071.356511 -1071.524872 -1071.985252 -1071.652959 -1071.271735 -1083.967123 -730.082633 -718.642984 -705.878558 -698.290118 -694.776641 -694.296001 -694.255044 -694.284236 -694.327651 -694.372978 -694.416406 -694.456549 -694.493063 -694.528371 -694.588472 -694.906844 -696.865096 -701.594640 -709.868571 -713.773320 -1075.114532 -1074.559213 -1072.639993 -1071.987826 -1071.843246 -1071.823184 -1071.828166 -1071.836661 -1071.844143 -1071.849928 -1071.854240 -1071.857455 -1071.859885 -1071.861754 -1071.863224 -1071.864396 -1071.865353 -1071.866175 -1071.866948 -1071.867770 -1071.868769 -1071.870123 -1071.872095 -1071.875097 -1071.879780 -1071.887199 -1071.899099 -1071.918428 -1071.950328 -1072.004070 -1072.096973 -1072.262427 -1072.566189 -1073.138699 -1074.236787 -1076.356910 -1080.440537 -1088.278008 -1103.447789 -1133.790833 -9999.0 -9999.0
-9999.0 -9999.0 -9999.0 -9999.0 -9999.0 -9999.0 -9999.0 -9999.0 -9999.0 -9999.0 -9999.0 -9999.0 -9999.0 -9999.0 -9999.0 -9999.0 -9999.0 -9999.0 -9999.0 -9999.0 -9999.0 -9999.0 -9999.0 -9999.0 -9999.0 -9999.0 -9999.0 -9999.0 -9999.0 -9999.0 -9999.0 -9999.0 -9999.0 -9999.0 -9999.0 -9999.0 -9999.0 -9999.0 -9999.0 -9999.0 -9999.0 -9999.0 -9999.0 -9999.0 -9999.0 -9999.0 -9999.0 -9999.0 -9999.0 -9999.0 -9999.0 -9999.0 -9999.0 -9999.0 -9999.0 -9999.0 -9999.0 -9999.0 -9999.0 -9999.0 -9999.0 -9999.0 -9999.0 -9999.0 -9999.0 -9999.0 -9999.0 -9999.0 -9999.0 -9999.0 -9999.0 -9999.0 -9999.0 -9999.0 -9999.0 -9999.0 -9999.0 -9999.0 -9999.0 -9999.0 -9999.0 -9999.0 -9999.0 -9999.0 -9999.0 -9999.0 -9999.0 -9999.0 -9999.0 -9999.0 -9999.0 -9999.0 -9999.0 -9999.0 -9999.0 -9999.0 -9999.0 -9999.0 -9999.0 -9999.0 -9999.0 -9999.0 -9999.0 -9999.0
-9999.0 -9999.0 -9999.0 -9999.0 -9999.0 -9999.0 -9999.0 -9999.0 -9999.0 -9999.0 -9999.0 -9999.0 -9999.0 -9999.0 -9999.0 -9999.0 -9999.0 -9999.0 -9999.0 -9999.0 -9999.0 -9999.0 -9999.0 -9999.0 -9999.0 -9999.0 -9999.0 -9999.0 -9999.0 -9999.0 -9999.0 -9999.0 -9999.0 -9999.0 -9999.0 -9999.0 -9999.0 -9999.0 -9999.0 -9999.0 -9999.0 -9999.0 -9999.0 -9999.0 -9999.0 -9999.0 -9999.0 -9999.0 -9999.0 -9999.0 -9999.0 -9999.0 -9999.0 -9999.0 -9999.0 -9999.0 -9999.0 -9999.0 -9999.0 -9999.0 -9999.0 -9999.0 -9999.0 -9999.0 -9999.0 -9999.0 -9999.0 -9999.0 -9999.0 -9999.0 -9999.0 -9999.0 -9999.0 -9999.0 -9999.0 -9999.0 -9999.0 -9999.0 -9999.0 -9999.0 -9999.0 -9999.0 -9999.0 -9999.0 -9999.0 -9999.0 -9999.0 -9999.0 -9999.0 -9999.0 -9999.0 -9999.0 -9999.0 -9999.0 -9999.0 -9999.0 -9999.0 -9999.0 -9999.0 -9999.0 -9999.0 -9999.0 -9999.0 -9999.0