inst/processing_geotop_simulation/geotop_simulation/out/maps3D/PwL0000N0038.asc
ncols         104
nrows         10
xllcorner     -2.000000
yllcorner     0.000000
cellsize      1.000000
NODATA_value  -9999.0
-9999.0 -9999.0 -9999.0 -9999.0 -9999.0 -9999.0 -9999.0 -9999.0 -9999.0 -9999.0 -9999.0 -9999.0 -9999.0 -9999.0 -9999.0 -9999.0 -9999.0 -9999.0 -9999.0 -9999.0 -9999.0 -9999.0 -9999.0 -9999.0 -9999.0 -9999.0 -9999.0 -9999.0 -9999.0 -9999.0 -9999.0 -9999.0 -9999.0 -9999.0 -9999.0 -9999.0 -9999.0 -9999.0 -9999.0 -9999.0 -9999.0 -9999.0 -9999.0 -9999.0 -9999.0 -9999.0 -9999.0 -9999.0 -9999.0 -9999.0 -9999.0 -9999.0 -9999.0 -9999.0 -9999.0 -9999.0 -9999.0 -9999.0 -9999.0 -9999.0 -9999.0 -9999.0 -9999.0 -9999.0 -9999.0 -9999.0 -9999.0 -9999.0 -9999.0 -9999.0 -9999.0 -9999.0 -9999.0 -9999.0 -9999.0 -9999.0 -9999.0 -9999.0 -9999.0 -9999.0 -9999.0 -9999.0 -9999.0 -9999.0 -9999.0 -9999.0 -9999.0 -9999.0 -9999.0 -9999.0 -9999.0 -9999.0 -9999.0 -9999.0 -9999.0 -9999.0 -9999.0 -9999.0 -9999.0 -9999.0 -9999.0 -9999.0 -9999.0 -9999.0
-9999.0 -9999.0 -9999.0 -9999.0 -9999.0 -9999.0 -9999.0 -9999.0 -9999.0 -9999.0 -9999.0 -9999.0 -9999.0 -9999.0 -9999.0 -9999.0 -9999.0 -9999.0 -9999.0 -9999.0 -9999.0 -9999.0 -9999.0 -9999.0 -9999.0 -9999.0 -9999.0 -9999.0 -9999.0 -9999.0 -9999.0 -9999.0 -9999.0 -9999.0 -9999.0 -9999.0 -9999.0 -9999.0 -9999.0 -9999.0 -9999.0 -9999.0 -9999.0 -9999.0 -9999.0 -9999.0 -9999.0 -9999.0 -9999.0 -9999.0 -9999.0 -9999.0 -9999.0 -9999.0 -9999.0 -9999.0 -9999.0 -9999.0 -9999.0 -9999.0 -9999.0 -9999.0 -9999.0 -9999.0 -9999.0 -9999.0 -9999.0 -9999.0 -9999.0 -9999.0 -9999.0 -9999.0 -9999.0 -9999.0 -9999.0 -9999.0 -9999.0 -9999.0 -9999.0 -9999.0 -9999.0 -9999.0 -9999.0 -9999.0 -9999.0 -9999.0 -9999.0 -9999.0 -9999.0 -9999.0 -9999.0 -9999.0 -9999.0 -9999.0 -9999.0 -9999.0 -9999.0 -9999.0 -9999.0 -9999.0 -9999.0 -9999.0 -9999.0 -9999.0
-9999.0 -9999.0 -906.805410 -914.988025 -919.965738 -925.679361 -930.719089 -934.207040 -936.400545 -934.855065 -906.591029 -905.766393 -915.892871 -915.495930 -888.022319 -816.474622 -739.606555 -690.158425 -676.174555 -690.237032 -719.445858 -754.792489 -790.783761 -824.458421 -854.300692 -879.378840 -899.063866 -913.365122 -923.023399 -929.159678 -932.877751 -935.050465 -936.282523 -936.957925 -937.304659 -937.445822 -937.449902 -937.551660 -938.327629 -937.820688 -935.268720 -945.563154 -644.211252 -629.472091 -615.667026 -607.610255 -603.907466 -603.387487 -603.348190 -603.395591 -603.462661 -603.532436 -603.599268 -603.661034 -603.717093 -603.769994 -603.848465 -604.216890 -606.306105 -611.567635 -620.900901 -627.792214 -941.418063 -941.915370 -939.103834 -938.173331 -937.987219 -937.968122 -937.980388 -937.995908 -938.008935 -938.018821 -938.026113 -938.031512 -938.035568 -938.038668 -938.041093 -938.043017 -938.044574 -938.045899 -938.047132 -938.048430 -938.049996 -938.052105 -938.055172 -938.059832 -938.067092 -938.078580 -938.096969 -938.126760 -938.175739 -938.257831 -938.398838 -938.648138 -939.102389 -939.952378 -941.571423 -944.672181 -950.566085 -961.580121 -981.819487 -1018.629712 -9999.0 -9999.0
-9999.0 -9999.0 -906.805224 -914.987804 -919.965582 -925.679294 -930.719072 -934.207040 -936.400548 -934.855068 -906.591030 -905.766393 -915.892871 -915.495930 -888.022319 -816.474622 -739.606555 -690.158425 -676.174555 -690.237032 -719.445858 -754.792489 -790.783761 -824.458421 -854.300692 -879.378840 -899.063866 -913.365122 -923.023399 -929.159678 -932.877751 -935.050465 -936.282523 -936.957925 -937.304659 -937.445822 -937.449902 -937.551660 -938.327629 -937.820688 -935.268720 -945.563154 -644.211252 -629.472091 -615.667026 -607.610255 -603.907466 -603.387487 -603.348190 -603.395591 -603.462661 -603.532436 -603.599268 -603.661034 -603.717093 -603.769994 -603.848465 -604.216890 -606.306105 -611.567635 -620.900901 -627.792214 -941.418063 -941.915370 -939.103834 -938.173331 -937.987219 -937.968122 -937.980388 -937.995908 -938.008935 -938.018821 -938.026113 -938.031512 -938.035568 -938.038668 -938.041093 -938.043017 -938.044574 -938.045899 -938.047132 -938.048430 -938.049996 -938.052105 -938.055172 -938.059832 -938.067092 -938.078580 -938.096969 -938.126760 -938.175739 -938.257831 -938.398838 -938.648138 -939.102389 -939.952378 -941.571423 -944.672181 -950.566085 -961.580121 -981.819487 -1018.629712 -9999.0 -9999.0
-9999.0 -9999.0 -906.805154 -914.987698 -919.965487 -925.679247 -930.719060 -934.207041 -936.400552 -934.855071 -906.591030 -905.766393 -915.892871 -915.495930 -888.022319 -816.474622 -739.606555 -690.158425 -676.174555 -690.237032 -719.445858 -754.792489 -790.783761 -824.458421 -854.300692 -879.378840 -899.063866 -913.365122 -923.023399 -929.159678 -932.877751 -935.050465 -936.282523 -936.957925 -937.304659 -937.445822 -937.449902 -937.551660 -938.327629 -937.820688 -935.268720 -945.563154 -644.211252 -629.472091 -615.667026 -607.610254 -603.907466 -603.387487 -603.348190 -603.395591 -603.462661 -603.532436 -603.599268 -603.661034 -603.717093 -603.769994 -603.848465 -604.216890 -606.306105 -611.567635 -620.900901 -627.792214 -941.418063 -941.915370 -939.103834 -938.173331 -937.987219 -937.968122 -937.980388 -937.995908 -938.008935 -938.018821 -938.026113 -938.031512 -938.035568 -938.038668 -938.041093 -938.043017 -938.044574 -938.045899 -938.047132 -938.048430 -938.049996 -938.052105 -938.055172 -938.059832 -938.067092 -938.078580 -938.096969 -938.126760 -938.175739 -938.257831 -938.398838 -938.648138 -939.102389 -939.952378 -941.571423 -944.672181 -950.566085 -961.580121 -981.819487 -1018.629712 -9999.0 -9999.0
-9999.0 -9999.0 -906.805154 -914.987698 -919.965487 -925.679247 -930.719060 -934.207041 -936.400552 -934.855071 -906.591030 -905.766393 -915.892871 -915.495930 -888.022319 -816.474622 -739.606555 -690.158425 -676.174555 -690.237032 -719.445858 -754.792489 -790.783761 -824.458421 -854.300692 -879.378840 -899.063866 -913.365122 -923.023399 -929.159678 -932.877751 -935.050465 -936.282523 -936.957925 -937.304659 -937.445822 -937.449902 -937.551660 -938.327629 -937.820688 -935.268720 -945.563154 -644.211252 -629.472091 -615.667026 -607.610254 -603.907466 -603.387487 -603.348190 -603.395591 -603.462661 -603.532436 -603.599268 -603.661034 -603.717093 -603.769994 -603.848465 -604.216890 -606.306105 -611.567635 -620.900901 -627.792214 -941.418063 -941.915370 -939.103834 -938.173331 -937.987219 -937.968122 -937.980388 -937.995908 -938.008935 -938.018821 -938.026113 -938.031512 -938.035568 -938.038668 -938.041093 -938.043017 -938.044574 -938.045899 -938.047132 -938.048430 -938.049996 -938.052105 -938.055172 -938.059832 -938.067092 -938.078580 -938.096969 -938.126760 -938.175739 -938.257831 -938.398838 -938.648138 -939.102389 -939.952378 -941.571423 -944.672181 -950.566085 -961.580121 -981.819487 -1018.629712 -9999.0 -9999.0
-9999.0 -9999.0 -906.805224 -914.987804 -919.965582 -925.679294 -930.719072 -934.207040 -936.400548 -934.855068 -906.591030 -905.766393 -915.892871 -915.495930 -888.022319 -816.474622 -739.606555 -690.158425 -676.174555 -690.237032 -719.445858 -754.792489 -790.783761 -824.458421 -854.300692 -879.378840 -899.063866 -913.365122 -923.023399 -929.159678 -932.877751 -935.050465 -936.282523 -936.957925 -937.304659 -937.445822 -937.449902 -937.551660 -938.327629 -937.820688 -935.268720 -945.563154 -644.211252 -629.472091 -615.667026 -607.610255 -603.907466 -603.387487 -603.348190 -603.395591 -603.462661 -603.532436 -603.599268 -603.661034 -603.717093 -603.769994 -603.848465 -604.216890 -606.306105 -611.567635 -620.900901 -627.792214 -941.418063 -941.915370 -939.103834 -938.173331 -937.987219 -937.968122 -937.980388 -937.995908 -938.008935 -938.018821 -938.026113 -938.031512 -938.035568 -938.038668 -938.041093 -938.043017 -938.044574 -938.045899 -938.047132 -938.048430 -938.049996 -938.052105 -938.055172 -938.059832 -938.067092 -938.078580 -938.096969 -938.126760 -938.175739 -938.257831 -938.398838 -938.648138 -939.102389 -939.952378 -941.571423 -944.672181 -950.566085 -961.580121 -981.819487 -1018.629712 -9999.0 -9999.0
-9999.0 -9999.0 -906.805410 -914.988025 -919.965738 -925.679361 -930.719089 -934.207040 -936.400545 -934.855065 -906.591029 -905.766393 -915.892871 -915.495930 -888.022319 -816.474622 -739.606555 -690.158425 -676.174555 -690.237032 -719.445858 -754.792489 -790.783761 -824.458421 -854.300692 -879.378840 -899.063866 -913.365122 -923.023399 -929.159678 -932.877751 -935.050465 -936.282523 -936.957925 -937.304659 -937.445822 -937.449902 -937.551660 -938.327629 -937.820688 -935.268720 -945.563154 -644.211252 -629.472091 -615.667026 -607.610255 -603.907466 -603.387487 -603.348190 -603.395591 -603.462661 -603.532436 -603.599268 -603.661034 -603.717093 -603.769994 -603.848465 -604.216890 -606.306105 -611.567635 -620.900901 -627.792214 -941.418063 -941.915370 -939.103834 -938.173331 -937.987219 -937.968122 -937.980388 -937.995908 -938.008935 -938.018821 -938.026113 -938.031512 -938.035568 -938.038668 -938.041093 -938.043017 -938.044574 -938.045899 -938.047132 -938.048430 -938.049996 -938.052105 -938.055172 -938.059832 -938.067092 -938.078580 -938.096969 -938.126760 -938.175739 -938.257831 -938.398838 -938.648138 -939.102389 -939.952378 -941.571423 -944.672181 -950.566085 -961.580121 -981.819487 -1018.629712 -9999.0 -9999.0
-9999.0 -9999.0 -9999.0 -9999.0 -9999.0 -9999.0 -9999.0 -9999.0 -9999.0 -9999.0 -9999.0 -9999.0 -9999.0 -9999.0 -9999.0 -9999.0 -9999.0 -9999.0 -9999.0 -9999.0 -9999.0 -9999.0 -9999.0 -9999.0 -9999.0 -9999.0 -9999.0 -9999.0 -9999.0 -9999.0 -9999.0 -9999.0 -9999.0 -9999.0 -9999.0 -9999.0 -9999.0 -9999.0 -9999.0 -9999.0 -9999.0 -9999.0 -9999.0 -9999.0 -9999.0 -9999.0 -9999.0 -9999.0 -9999.0 -9999.0 -9999.0 -9999.0 -9999.0 -9999.0 -9999.0 -9999.0 -9999.0 -9999.0 -9999.0 -9999.0 -9999.0 -9999.0 -9999.0 -9999.0 -9999.0 -9999.0 -9999.0 -9999.0 -9999.0 -9999.0 -9999.0 -9999.0 -9999.0 -9999.0 -9999.0 -9999.0 -9999.0 -9999.0 -9999.0 -9999.0 -9999.0 -9999.0 -9999.0 -9999.0 -9999.0 -9999.0 -9999.0 -9999.0 -9999.0 -9999.0 -9999.0 -9999.0 -9999.0 -9999.0 -9999.0 -9999.0 -9999.0 -9999.0 -9999.0 -9999.0 -9999.0 -9999.0 -9999.0 -9999.0
-9999.0 -9999.0 -9999.0 -9999.0 -9999.0 -9999.0 -9999.0 -9999.0 -9999.0 -9999.0 -9999.0 -9999.0 -9999.0 -9999.0 -9999.0 -9999.0 -9999.0 -9999.0 -9999.0 -9999.0 -9999.0 -9999.0 -9999.0 -9999.0 -9999.0 -9999.0 -9999.0 -9999.0 -9999.0 -9999.0 -9999.0 -9999.0 -9999.0 -9999.0 -9999.0 -9999.0 -9999.0 -9999.0 -9999.0 -9999.0 -9999.0 -9999.0 -9999.0 -9999.0 -9999.0 -9999.0 -9999.0 -9999.0 -9999.0 -9999.0 -9999.0 -9999.0 -9999.0 -9999.0 -9999.0 -9999.0 -9999.0 -9999.0 -9999.0 -9999.0 -9999.0 -9999.0 -9999.0 -9999.0 -9999.0 -9999.0 -9999.0 -9999.0 -9999.0 -9999.0 -9999.0 -9999.0 -9999.0 -9999.0 -9999.0 -9999.0 -9999.0 -9999.0 -9999.0 -9999.0 -9999.0 -9999.0 -9999.0 -9999.0 -9999.0 -9999.0 -9999.0 -9999.0 -9999.0 -9999.0 -9999.0 -9999.0 -9999.0 -9999.0 -9999.0 -9999.0 -9999.0 -9999.0 -9999.0 -9999.0 -9999.0 -9999.0 -9999.0 -9999.0