inst/processing_geotop_simulation/geotop_simulation/out/maps3D/PwL0006N0446.asc
ncols         104
nrows         10
xllcorner     -2.000000
yllcorner     0.000000
cellsize      1.000000
NODATA_value  -9999.0
-9999.0 -9999.0 -9999.0 -9999.0 -9999.0 -9999.0 -9999.0 -9999.0 -9999.0 -9999.0 -9999.0 -9999.0 -9999.0 -9999.0 -9999.0 -9999.0 -9999.0 -9999.0 -9999.0 -9999.0 -9999.0 -9999.0 -9999.0 -9999.0 -9999.0 -9999.0 -9999.0 -9999.0 -9999.0 -9999.0 -9999.0 -9999.0 -9999.0 -9999.0 -9999.0 -9999.0 -9999.0 -9999.0 -9999.0 -9999.0 -9999.0 -9999.0 -9999.0 -9999.0 -9999.0 -9999.0 -9999.0 -9999.0 -9999.0 -9999.0 -9999.0 -9999.0 -9999.0 -9999.0 -9999.0 -9999.0 -9999.0 -9999.0 -9999.0 -9999.0 -9999.0 -9999.0 -9999.0 -9999.0 -9999.0 -9999.0 -9999.0 -9999.0 -9999.0 -9999.0 -9999.0 -9999.0 -9999.0 -9999.0 -9999.0 -9999.0 -9999.0 -9999.0 -9999.0 -9999.0 -9999.0 -9999.0 -9999.0 -9999.0 -9999.0 -9999.0 -9999.0 -9999.0 -9999.0 -9999.0 -9999.0 -9999.0 -9999.0 -9999.0 -9999.0 -9999.0 -9999.0 -9999.0 -9999.0 -9999.0 -9999.0 -9999.0 -9999.0 -9999.0
-9999.0 -9999.0 -9999.0 -9999.0 -9999.0 -9999.0 -9999.0 -9999.0 -9999.0 -9999.0 -9999.0 -9999.0 -9999.0 -9999.0 -9999.0 -9999.0 -9999.0 -9999.0 -9999.0 -9999.0 -9999.0 -9999.0 -9999.0 -9999.0 -9999.0 -9999.0 -9999.0 -9999.0 -9999.0 -9999.0 -9999.0 -9999.0 -9999.0 -9999.0 -9999.0 -9999.0 -9999.0 -9999.0 -9999.0 -9999.0 -9999.0 -9999.0 -9999.0 -9999.0 -9999.0 -9999.0 -9999.0 -9999.0 -9999.0 -9999.0 -9999.0 -9999.0 -9999.0 -9999.0 -9999.0 -9999.0 -9999.0 -9999.0 -9999.0 -9999.0 -9999.0 -9999.0 -9999.0 -9999.0 -9999.0 -9999.0 -9999.0 -9999.0 -9999.0 -9999.0 -9999.0 -9999.0 -9999.0 -9999.0 -9999.0 -9999.0 -9999.0 -9999.0 -9999.0 -9999.0 -9999.0 -9999.0 -9999.0 -9999.0 -9999.0 -9999.0 -9999.0 -9999.0 -9999.0 -9999.0 -9999.0 -9999.0 -9999.0 -9999.0 -9999.0 -9999.0 -9999.0 -9999.0 -9999.0 -9999.0 -9999.0 -9999.0 -9999.0 -9999.0
-9999.0 -9999.0 273.962294 175.586487 76.528684 -22.757602 -122.131994 -221.542375 -320.962469 -420.374012 -519.758908 -619.080666 -718.269580 -817.413090 -916.494889 -1015.558245 -1114.579488 -1213.175450 -1311.224211 -1408.244248 -1503.244195 -1594.368455 -1678.876406 -1753.886665 -1817.412748 -1868.898534 -1909.076304 -1939.471500 -1961.901365 -1978.129579 -1989.688431 -1997.819962 -2003.484618 -2007.400579 -2010.092357 -2011.939325 -2013.227666 -2014.239655 -2015.481434 -2017.916297 -2018.343699 -1958.298763 -1231.845689 -1255.219233 -1239.697837 -1229.220049 -1224.314275 -1223.556991 -1223.474615 -1223.481130 -1223.500309 -1223.521036 -1223.540970 -1223.559438 -1223.576659 -1223.597395 -1223.665714 -1224.120482 -1226.735551 -1232.501564 -1239.234580 -1205.199802 -1929.682275 -2012.134451 -2016.655116 -2016.174636 -2015.959073 -2015.911894 -2015.903770 -2015.902859 -2015.903125 -2015.903510 -2015.903842 -2015.904107 -2015.904317 -2015.904487 -2015.904627 -2015.904746 -2015.904851 -2015.904950 -2015.905049 -2015.905158 -2015.905290 -2015.905464 -2015.905709 -2015.906071 -2015.906626 -2015.907502 -2015.908916 -2015.911263 -2015.915265 -2015.922302 -2015.935074 -2015.958995 -2016.005199 -2016.097458 -2016.289445 -2016.711525 -2017.707902 -2020.282333 -2027.740962 -2052.498831 -9999.0 -9999.0
-9999.0 -9999.0 273.969693 175.588184 76.529127 -22.757472 -122.131952 -221.542361 -320.962463 -420.374010 -519.758907 -619.080666 -718.269579 -817.413090 -916.494889 -1015.558245 -1114.579488 -1213.175450 -1311.224211 -1408.244249 -1503.244195 -1594.368455 -1678.876406 -1753.886665 -1817.412748 -1868.898534 -1909.076304 -1939.471500 -1961.901365 -1978.129579 -1989.688431 -1997.819962 -2003.484618 -2007.400579 -2010.092357 -2011.939325 -2013.227666 -2014.239655 -2015.481434 -2017.916297 -2018.343699 -1958.298763 -1231.845689 -1255.219233 -1239.697837 -1229.220049 -1224.314275 -1223.556991 -1223.474615 -1223.481130 -1223.500309 -1223.521036 -1223.540970 -1223.559438 -1223.576659 -1223.597395 -1223.665714 -1224.120482 -1226.735551 -1232.501564 -1239.234580 -1205.199802 -1929.682275 -2012.134451 -2016.655116 -2016.174636 -2015.959073 -2015.911894 -2015.903770 -2015.902859 -2015.903125 -2015.903510 -2015.903842 -2015.904107 -2015.904317 -2015.904487 -2015.904627 -2015.904746 -2015.904851 -2015.904950 -2015.905049 -2015.905158 -2015.905290 -2015.905464 -2015.905709 -2015.906071 -2015.906626 -2015.907501 -2015.908916 -2015.911263 -2015.915265 -2015.922302 -2015.935074 -2015.958995 -2016.005199 -2016.097458 -2016.289445 -2016.711525 -2017.707902 -2020.282333 -2027.740962 -2052.498831 -9999.0 -9999.0
-9999.0 -9999.0 273.970975 175.588895 76.529410 -22.757369 -122.131916 -221.542348 -320.962459 -420.374008 -519.758906 -619.080665 -718.269579 -817.413090 -916.494889 -1015.558245 -1114.579488 -1213.175450 -1311.224211 -1408.244249 -1503.244195 -1594.368455 -1678.876406 -1753.886665 -1817.412748 -1868.898534 -1909.076304 -1939.471500 -1961.901365 -1978.129579 -1989.688431 -1997.819962 -2003.484618 -2007.400579 -2010.092357 -2011.939325 -2013.227666 -2014.239655 -2015.481434 -2017.916297 -2018.343699 -1958.298763 -1231.845689 -1255.219233 -1239.697837 -1229.220049 -1224.314275 -1223.556991 -1223.474615 -1223.481130 -1223.500309 -1223.521036 -1223.540970 -1223.559438 -1223.576659 -1223.597395 -1223.665714 -1224.120482 -1226.735551 -1232.501564 -1239.234580 -1205.199802 -1929.682275 -2012.134451 -2016.655116 -2016.174636 -2015.959073 -2015.911894 -2015.903770 -2015.902859 -2015.903125 -2015.903510 -2015.903842 -2015.904107 -2015.904317 -2015.904487 -2015.904627 -2015.904746 -2015.904851 -2015.904950 -2015.905049 -2015.905158 -2015.905290 -2015.905464 -2015.905709 -2015.906071 -2015.906626 -2015.907501 -2015.908916 -2015.911263 -2015.915265 -2015.922302 -2015.935074 -2015.958995 -2016.005199 -2016.097458 -2016.289445 -2016.711525 -2017.707902 -2020.282333 -2027.740962 -2052.498831 -9999.0 -9999.0
-9999.0 -9999.0 273.970975 175.588895 76.529410 -22.757369 -122.131916 -221.542348 -320.962459 -420.374008 -519.758906 -619.080665 -718.269579 -817.413090 -916.494889 -1015.558245 -1114.579488 -1213.175450 -1311.224211 -1408.244249 -1503.244195 -1594.368455 -1678.876406 -1753.886665 -1817.412748 -1868.898534 -1909.076304 -1939.471500 -1961.901365 -1978.129579 -1989.688431 -1997.819962 -2003.484618 -2007.400579 -2010.092357 -2011.939325 -2013.227666 -2014.239655 -2015.481434 -2017.916297 -2018.343699 -1958.298763 -1231.845689 -1255.219233 -1239.697837 -1229.220049 -1224.314275 -1223.556991 -1223.474615 -1223.481130 -1223.500309 -1223.521036 -1223.540970 -1223.559438 -1223.576659 -1223.597395 -1223.665714 -1224.120482 -1226.735551 -1232.501564 -1239.234580 -1205.199802 -1929.682275 -2012.134451 -2016.655116 -2016.174636 -2015.959073 -2015.911894 -2015.903770 -2015.902859 -2015.903125 -2015.903510 -2015.903842 -2015.904107 -2015.904317 -2015.904487 -2015.904627 -2015.904746 -2015.904851 -2015.904950 -2015.905049 -2015.905158 -2015.905290 -2015.905464 -2015.905709 -2015.906071 -2015.906626 -2015.907501 -2015.908916 -2015.911263 -2015.915265 -2015.922302 -2015.935074 -2015.958995 -2016.005199 -2016.097458 -2016.289445 -2016.711525 -2017.707902 -2020.282333 -2027.740962 -2052.498831 -9999.0 -9999.0
-9999.0 -9999.0 273.969693 175.588184 76.529127 -22.757472 -122.131952 -221.542361 -320.962463 -420.374010 -519.758907 -619.080666 -718.269579 -817.413090 -916.494889 -1015.558245 -1114.579488 -1213.175450 -1311.224211 -1408.244249 -1503.244195 -1594.368455 -1678.876406 -1753.886665 -1817.412748 -1868.898534 -1909.076304 -1939.471500 -1961.901365 -1978.129579 -1989.688431 -1997.819962 -2003.484618 -2007.400579 -2010.092357 -2011.939325 -2013.227666 -2014.239655 -2015.481434 -2017.916297 -2018.343699 -1958.298763 -1231.845689 -1255.219233 -1239.697837 -1229.220049 -1224.314275 -1223.556991 -1223.474615 -1223.481130 -1223.500309 -1223.521036 -1223.540970 -1223.559438 -1223.576659 -1223.597395 -1223.665714 -1224.120482 -1226.735551 -1232.501564 -1239.234580 -1205.199802 -1929.682275 -2012.134451 -2016.655116 -2016.174636 -2015.959073 -2015.911894 -2015.903770 -2015.902859 -2015.903125 -2015.903510 -2015.903842 -2015.904107 -2015.904317 -2015.904487 -2015.904627 -2015.904746 -2015.904851 -2015.904950 -2015.905049 -2015.905158 -2015.905290 -2015.905464 -2015.905709 -2015.906071 -2015.906626 -2015.907501 -2015.908916 -2015.911263 -2015.915265 -2015.922302 -2015.935074 -2015.958995 -2016.005199 -2016.097458 -2016.289445 -2016.711525 -2017.707902 -2020.282333 -2027.740962 -2052.498831 -9999.0 -9999.0
-9999.0 -9999.0 273.962294 175.586487 76.528684 -22.757602 -122.131994 -221.542375 -320.962469 -420.374013 -519.758908 -619.080666 -718.269580 -817.413090 -916.494889 -1015.558245 -1114.579488 -1213.175450 -1311.224211 -1408.244248 -1503.244195 -1594.368455 -1678.876406 -1753.886665 -1817.412748 -1868.898534 -1909.076304 -1939.471500 -1961.901365 -1978.129579 -1989.688431 -1997.819962 -2003.484618 -2007.400579 -2010.092357 -2011.939325 -2013.227666 -2014.239655 -2015.481434 -2017.916297 -2018.343699 -1958.298763 -1231.845689 -1255.219233 -1239.697837 -1229.220049 -1224.314275 -1223.556991 -1223.474615 -1223.481130 -1223.500309 -1223.521036 -1223.540970 -1223.559438 -1223.576659 -1223.597395 -1223.665714 -1224.120482 -1226.735551 -1232.501564 -1239.234580 -1205.199802 -1929.682275 -2012.134451 -2016.655116 -2016.174636 -2015.959073 -2015.911894 -2015.903770 -2015.902859 -2015.903125 -2015.903510 -2015.903842 -2015.904107 -2015.904317 -2015.904487 -2015.904627 -2015.904746 -2015.904851 -2015.904950 -2015.905049 -2015.905158 -2015.905290 -2015.905464 -2015.905709 -2015.906071 -2015.906626 -2015.907502 -2015.908916 -2015.911263 -2015.915265 -2015.922302 -2015.935074 -2015.958995 -2016.005199 -2016.097458 -2016.289445 -2016.711525 -2017.707902 -2020.282333 -2027.740962 -2052.498831 -9999.0 -9999.0
-9999.0 -9999.0 -9999.0 -9999.0 -9999.0 -9999.0 -9999.0 -9999.0 -9999.0 -9999.0 -9999.0 -9999.0 -9999.0 -9999.0 -9999.0 -9999.0 -9999.0 -9999.0 -9999.0 -9999.0 -9999.0 -9999.0 -9999.0 -9999.0 -9999.0 -9999.0 -9999.0 -9999.0 -9999.0 -9999.0 -9999.0 -9999.0 -9999.0 -9999.0 -9999.0 -9999.0 -9999.0 -9999.0 -9999.0 -9999.0 -9999.0 -9999.0 -9999.0 -9999.0 -9999.0 -9999.0 -9999.0 -9999.0 -9999.0 -9999.0 -9999.0 -9999.0 -9999.0 -9999.0 -9999.0 -9999.0 -9999.0 -9999.0 -9999.0 -9999.0 -9999.0 -9999.0 -9999.0 -9999.0 -9999.0 -9999.0 -9999.0 -9999.0 -9999.0 -9999.0 -9999.0 -9999.0 -9999.0 -9999.0 -9999.0 -9999.0 -9999.0 -9999.0 -9999.0 -9999.0 -9999.0 -9999.0 -9999.0 -9999.0 -9999.0 -9999.0 -9999.0 -9999.0 -9999.0 -9999.0 -9999.0 -9999.0 -9999.0 -9999.0 -9999.0 -9999.0 -9999.0 -9999.0 -9999.0 -9999.0 -9999.0 -9999.0 -9999.0 -9999.0
-9999.0 -9999.0 -9999.0 -9999.0 -9999.0 -9999.0 -9999.0 -9999.0 -9999.0 -9999.0 -9999.0 -9999.0 -9999.0 -9999.0 -9999.0 -9999.0 -9999.0 -9999.0 -9999.0 -9999.0 -9999.0 -9999.0 -9999.0 -9999.0 -9999.0 -9999.0 -9999.0 -9999.0 -9999.0 -9999.0 -9999.0 -9999.0 -9999.0 -9999.0 -9999.0 -9999.0 -9999.0 -9999.0 -9999.0 -9999.0 -9999.0 -9999.0 -9999.0 -9999.0 -9999.0 -9999.0 -9999.0 -9999.0 -9999.0 -9999.0 -9999.0 -9999.0 -9999.0 -9999.0 -9999.0 -9999.0 -9999.0 -9999.0 -9999.0 -9999.0 -9999.0 -9999.0 -9999.0 -9999.0 -9999.0 -9999.0 -9999.0 -9999.0 -9999.0 -9999.0 -9999.0 -9999.0 -9999.0 -9999.0 -9999.0 -9999.0 -9999.0 -9999.0 -9999.0 -9999.0 -9999.0 -9999.0 -9999.0 -9999.0 -9999.0 -9999.0 -9999.0 -9999.0 -9999.0 -9999.0 -9999.0 -9999.0 -9999.0 -9999.0 -9999.0 -9999.0 -9999.0 -9999.0 -9999.0 -9999.0 -9999.0 -9999.0 -9999.0 -9999.0