inst/processing_geotop_simulation/geotop_simulation/out/maps3D/PwL0000N0117.asc
ncols         104
nrows         10
xllcorner     -2.000000
yllcorner     0.000000
cellsize      1.000000
NODATA_value  -9999.0
-9999.0 -9999.0 -9999.0 -9999.0 -9999.0 -9999.0 -9999.0 -9999.0 -9999.0 -9999.0 -9999.0 -9999.0 -9999.0 -9999.0 -9999.0 -9999.0 -9999.0 -9999.0 -9999.0 -9999.0 -9999.0 -9999.0 -9999.0 -9999.0 -9999.0 -9999.0 -9999.0 -9999.0 -9999.0 -9999.0 -9999.0 -9999.0 -9999.0 -9999.0 -9999.0 -9999.0 -9999.0 -9999.0 -9999.0 -9999.0 -9999.0 -9999.0 -9999.0 -9999.0 -9999.0 -9999.0 -9999.0 -9999.0 -9999.0 -9999.0 -9999.0 -9999.0 -9999.0 -9999.0 -9999.0 -9999.0 -9999.0 -9999.0 -9999.0 -9999.0 -9999.0 -9999.0 -9999.0 -9999.0 -9999.0 -9999.0 -9999.0 -9999.0 -9999.0 -9999.0 -9999.0 -9999.0 -9999.0 -9999.0 -9999.0 -9999.0 -9999.0 -9999.0 -9999.0 -9999.0 -9999.0 -9999.0 -9999.0 -9999.0 -9999.0 -9999.0 -9999.0 -9999.0 -9999.0 -9999.0 -9999.0 -9999.0 -9999.0 -9999.0 -9999.0 -9999.0 -9999.0 -9999.0 -9999.0 -9999.0 -9999.0 -9999.0 -9999.0 -9999.0
-9999.0 -9999.0 -9999.0 -9999.0 -9999.0 -9999.0 -9999.0 -9999.0 -9999.0 -9999.0 -9999.0 -9999.0 -9999.0 -9999.0 -9999.0 -9999.0 -9999.0 -9999.0 -9999.0 -9999.0 -9999.0 -9999.0 -9999.0 -9999.0 -9999.0 -9999.0 -9999.0 -9999.0 -9999.0 -9999.0 -9999.0 -9999.0 -9999.0 -9999.0 -9999.0 -9999.0 -9999.0 -9999.0 -9999.0 -9999.0 -9999.0 -9999.0 -9999.0 -9999.0 -9999.0 -9999.0 -9999.0 -9999.0 -9999.0 -9999.0 -9999.0 -9999.0 -9999.0 -9999.0 -9999.0 -9999.0 -9999.0 -9999.0 -9999.0 -9999.0 -9999.0 -9999.0 -9999.0 -9999.0 -9999.0 -9999.0 -9999.0 -9999.0 -9999.0 -9999.0 -9999.0 -9999.0 -9999.0 -9999.0 -9999.0 -9999.0 -9999.0 -9999.0 -9999.0 -9999.0 -9999.0 -9999.0 -9999.0 -9999.0 -9999.0 -9999.0 -9999.0 -9999.0 -9999.0 -9999.0 -9999.0 -9999.0 -9999.0 -9999.0 -9999.0 -9999.0 -9999.0 -9999.0 -9999.0 -9999.0 -9999.0 -9999.0 -9999.0 -9999.0
-9999.0 -9999.0 0.033800 -70.532978 -161.687818 -255.126891 -349.412337 -444.026633 -538.719668 -633.341500 -727.886184 -822.973737 -922.054258 -1029.736200 -1135.040410 -1236.380718 -1344.683732 -1445.674877 -1513.667500 -1545.370697 -1557.872485 -1561.864995 -1562.723217 -1562.999491 -1563.684537 -1564.972593 -1566.693123 -1568.564102 -1570.339244 -1571.868984 -1573.098006 -1574.035113 -1574.721746 -1575.209068 -1575.545421 -1575.772920 -1575.933704 -1576.082145 -1576.311187 -1577.279574 -1583.611778 -1599.057192 -1019.967163 -1015.040335 -1003.951533 -997.071624 -993.849894 -993.395445 -993.350038 -993.359553 -993.377778 -993.397101 -993.415644 -993.432800 -993.448565 -993.465414 -993.507800 -993.780905 -995.503074 -999.427241 -1005.816069 -1003.239177 -1581.151594 -1580.657064 -1577.018940 -1576.422934 -1576.326545 -1576.310055 -1576.308697 -1576.310154 -1576.311829 -1576.313213 -1576.314273 -1576.315073 -1576.315682 -1576.316154 -1576.316526 -1576.316826 -1576.317074 -1576.317291 -1576.317502 -1576.317733 -1576.318020 -1576.318417 -1576.319002 -1576.319899 -1576.321306 -1576.323548 -1576.327173 -1576.333124 -1576.343084 -1576.360165 -1576.390300 -1576.445101 -1576.547615 -1576.743841 -1577.126072 -1577.883666 -1579.428873 -1582.747042 -1590.488415 -1612.022649 -9999.0 -9999.0
-9999.0 -9999.0 0.120569 -70.530579 -161.687218 -255.126717 -349.412282 -444.026615 -538.719662 -633.341498 -727.886183 -822.973737 -922.054258 -1029.736200 -1135.040410 -1236.380718 -1344.683732 -1445.674877 -1513.667500 -1545.370697 -1557.872485 -1561.864995 -1562.723217 -1562.999491 -1563.684537 -1564.972593 -1566.693123 -1568.564102 -1570.339244 -1571.868984 -1573.098006 -1574.035113 -1574.721746 -1575.209068 -1575.545421 -1575.772920 -1575.933704 -1576.082145 -1576.311187 -1577.279574 -1583.611778 -1599.057192 -1019.967163 -1015.040335 -1003.951533 -997.071623 -993.849894 -993.395445 -993.350038 -993.359553 -993.377778 -993.397101 -993.415644 -993.432800 -993.448565 -993.465414 -993.507800 -993.780905 -995.503074 -999.427241 -1005.816069 -1003.239177 -1581.151594 -1580.657064 -1577.018940 -1576.422934 -1576.326545 -1576.310055 -1576.308697 -1576.310154 -1576.311829 -1576.313213 -1576.314273 -1576.315073 -1576.315682 -1576.316154 -1576.316526 -1576.316826 -1576.317074 -1576.317291 -1576.317502 -1576.317733 -1576.318020 -1576.318417 -1576.319002 -1576.319899 -1576.321306 -1576.323548 -1576.327173 -1576.333124 -1576.343084 -1576.360165 -1576.390300 -1576.445101 -1576.547615 -1576.743841 -1577.126072 -1577.883666 -1579.428873 -1582.747042 -1590.488415 -1612.022649 -9999.0 -9999.0
-9999.0 -9999.0 0.120571 -70.529630 -161.686842 -255.126581 -349.412233 -444.026598 -538.719656 -633.341495 -727.886182 -822.973736 -922.054258 -1029.736200 -1135.040410 -1236.380718 -1344.683732 -1445.674877 -1513.667500 -1545.370697 -1557.872485 -1561.864995 -1562.723217 -1562.999491 -1563.684537 -1564.972593 -1566.693123 -1568.564102 -1570.339244 -1571.868984 -1573.098006 -1574.035113 -1574.721746 -1575.209068 -1575.545421 -1575.772920 -1575.933704 -1576.082145 -1576.311187 -1577.279574 -1583.611778 -1599.057192 -1019.967163 -1015.040335 -1003.951533 -997.071623 -993.849894 -993.395445 -993.350038 -993.359553 -993.377778 -993.397101 -993.415644 -993.432800 -993.448565 -993.465414 -993.507800 -993.780905 -995.503074 -999.427241 -1005.816069 -1003.239177 -1581.151594 -1580.657064 -1577.018940 -1576.422934 -1576.326545 -1576.310055 -1576.308697 -1576.310154 -1576.311829 -1576.313213 -1576.314273 -1576.315073 -1576.315682 -1576.316154 -1576.316526 -1576.316826 -1576.317074 -1576.317291 -1576.317502 -1576.317733 -1576.318020 -1576.318417 -1576.319002 -1576.319899 -1576.321306 -1576.323548 -1576.327173 -1576.333124 -1576.343084 -1576.360165 -1576.390300 -1576.445101 -1576.547615 -1576.743841 -1577.126072 -1577.883666 -1579.428873 -1582.747042 -1590.488415 -1612.022649 -9999.0 -9999.0
-9999.0 -9999.0 0.120571 -70.529630 -161.686842 -255.126581 -349.412233 -444.026598 -538.719656 -633.341495 -727.886182 -822.973736 -922.054258 -1029.736200 -1135.040410 -1236.380718 -1344.683732 -1445.674877 -1513.667500 -1545.370697 -1557.872485 -1561.864995 -1562.723217 -1562.999491 -1563.684537 -1564.972593 -1566.693123 -1568.564102 -1570.339244 -1571.868984 -1573.098006 -1574.035113 -1574.721746 -1575.209068 -1575.545421 -1575.772920 -1575.933704 -1576.082145 -1576.311187 -1577.279574 -1583.611778 -1599.057192 -1019.967163 -1015.040335 -1003.951533 -997.071623 -993.849894 -993.395445 -993.350038 -993.359553 -993.377778 -993.397101 -993.415644 -993.432800 -993.448565 -993.465414 -993.507800 -993.780905 -995.503074 -999.427241 -1005.816069 -1003.239177 -1581.151594 -1580.657064 -1577.018940 -1576.422934 -1576.326545 -1576.310055 -1576.308697 -1576.310154 -1576.311829 -1576.313213 -1576.314273 -1576.315073 -1576.315682 -1576.316154 -1576.316526 -1576.316826 -1576.317074 -1576.317291 -1576.317502 -1576.317733 -1576.318020 -1576.318417 -1576.319002 -1576.319899 -1576.321306 -1576.323548 -1576.327173 -1576.333124 -1576.343084 -1576.360165 -1576.390300 -1576.445101 -1576.547615 -1576.743841 -1577.126072 -1577.883666 -1579.428873 -1582.747042 -1590.488415 -1612.022649 -9999.0 -9999.0
-9999.0 -9999.0 0.120569 -70.530579 -161.687218 -255.126717 -349.412282 -444.026615 -538.719662 -633.341497 -727.886183 -822.973737 -922.054258 -1029.736200 -1135.040410 -1236.380718 -1344.683732 -1445.674877 -1513.667500 -1545.370697 -1557.872485 -1561.864995 -1562.723217 -1562.999491 -1563.684537 -1564.972593 -1566.693123 -1568.564102 -1570.339244 -1571.868984 -1573.098006 -1574.035113 -1574.721746 -1575.209068 -1575.545421 -1575.772920 -1575.933704 -1576.082145 -1576.311187 -1577.279574 -1583.611778 -1599.057192 -1019.967163 -1015.040335 -1003.951533 -997.071623 -993.849894 -993.395445 -993.350038 -993.359553 -993.377778 -993.397101 -993.415644 -993.432800 -993.448565 -993.465414 -993.507800 -993.780905 -995.503074 -999.427241 -1005.816069 -1003.239177 -1581.151594 -1580.657064 -1577.018940 -1576.422934 -1576.326545 -1576.310055 -1576.308697 -1576.310154 -1576.311829 -1576.313213 -1576.314273 -1576.315073 -1576.315682 -1576.316154 -1576.316526 -1576.316826 -1576.317074 -1576.317291 -1576.317502 -1576.317733 -1576.318020 -1576.318417 -1576.319002 -1576.319899 -1576.321306 -1576.323548 -1576.327173 -1576.333124 -1576.343084 -1576.360165 -1576.390300 -1576.445101 -1576.547615 -1576.743841 -1577.126072 -1577.883666 -1579.428873 -1582.747042 -1590.488415 -1612.022649 -9999.0 -9999.0
-9999.0 -9999.0 0.033800 -70.532978 -161.687817 -255.126891 -349.412337 -444.026633 -538.719668 -633.341500 -727.886184 -822.973737 -922.054258 -1029.736200 -1135.040410 -1236.380718 -1344.683732 -1445.674877 -1513.667500 -1545.370697 -1557.872485 -1561.864995 -1562.723217 -1562.999491 -1563.684537 -1564.972593 -1566.693123 -1568.564102 -1570.339244 -1571.868984 -1573.098006 -1574.035113 -1574.721746 -1575.209068 -1575.545421 -1575.772920 -1575.933704 -1576.082145 -1576.311187 -1577.279574 -1583.611778 -1599.057192 -1019.967163 -1015.040335 -1003.951533 -997.071624 -993.849894 -993.395445 -993.350038 -993.359553 -993.377778 -993.397101 -993.415644 -993.432800 -993.448565 -993.465414 -993.507800 -993.780905 -995.503074 -999.427241 -1005.816069 -1003.239177 -1581.151594 -1580.657064 -1577.018940 -1576.422934 -1576.326545 -1576.310055 -1576.308697 -1576.310154 -1576.311829 -1576.313213 -1576.314273 -1576.315073 -1576.315682 -1576.316154 -1576.316526 -1576.316826 -1576.317074 -1576.317291 -1576.317502 -1576.317733 -1576.318020 -1576.318417 -1576.319002 -1576.319899 -1576.321306 -1576.323548 -1576.327173 -1576.333124 -1576.343084 -1576.360165 -1576.390300 -1576.445101 -1576.547615 -1576.743841 -1577.126072 -1577.883666 -1579.428873 -1582.747042 -1590.488415 -1612.022649 -9999.0 -9999.0
-9999.0 -9999.0 -9999.0 -9999.0 -9999.0 -9999.0 -9999.0 -9999.0 -9999.0 -9999.0 -9999.0 -9999.0 -9999.0 -9999.0 -9999.0 -9999.0 -9999.0 -9999.0 -9999.0 -9999.0 -9999.0 -9999.0 -9999.0 -9999.0 -9999.0 -9999.0 -9999.0 -9999.0 -9999.0 -9999.0 -9999.0 -9999.0 -9999.0 -9999.0 -9999.0 -9999.0 -9999.0 -9999.0 -9999.0 -9999.0 -9999.0 -9999.0 -9999.0 -9999.0 -9999.0 -9999.0 -9999.0 -9999.0 -9999.0 -9999.0 -9999.0 -9999.0 -9999.0 -9999.0 -9999.0 -9999.0 -9999.0 -9999.0 -9999.0 -9999.0 -9999.0 -9999.0 -9999.0 -9999.0 -9999.0 -9999.0 -9999.0 -9999.0 -9999.0 -9999.0 -9999.0 -9999.0 -9999.0 -9999.0 -9999.0 -9999.0 -9999.0 -9999.0 -9999.0 -9999.0 -9999.0 -9999.0 -9999.0 -9999.0 -9999.0 -9999.0 -9999.0 -9999.0 -9999.0 -9999.0 -9999.0 -9999.0 -9999.0 -9999.0 -9999.0 -9999.0 -9999.0 -9999.0 -9999.0 -9999.0 -9999.0 -9999.0 -9999.0 -9999.0
-9999.0 -9999.0 -9999.0 -9999.0 -9999.0 -9999.0 -9999.0 -9999.0 -9999.0 -9999.0 -9999.0 -9999.0 -9999.0 -9999.0 -9999.0 -9999.0 -9999.0 -9999.0 -9999.0 -9999.0 -9999.0 -9999.0 -9999.0 -9999.0 -9999.0 -9999.0 -9999.0 -9999.0 -9999.0 -9999.0 -9999.0 -9999.0 -9999.0 -9999.0 -9999.0 -9999.0 -9999.0 -9999.0 -9999.0 -9999.0 -9999.0 -9999.0 -9999.0 -9999.0 -9999.0 -9999.0 -9999.0 -9999.0 -9999.0 -9999.0 -9999.0 -9999.0 -9999.0 -9999.0 -9999.0 -9999.0 -9999.0 -9999.0 -9999.0 -9999.0 -9999.0 -9999.0 -9999.0 -9999.0 -9999.0 -9999.0 -9999.0 -9999.0 -9999.0 -9999.0 -9999.0 -9999.0 -9999.0 -9999.0 -9999.0 -9999.0 -9999.0 -9999.0 -9999.0 -9999.0 -9999.0 -9999.0 -9999.0 -9999.0 -9999.0 -9999.0 -9999.0 -9999.0 -9999.0 -9999.0 -9999.0 -9999.0 -9999.0 -9999.0 -9999.0 -9999.0 -9999.0 -9999.0 -9999.0 -9999.0 -9999.0 -9999.0 -9999.0 -9999.0