inst/processing_geotop_simulation/geotop_simulation/out/maps3D/PwL0020N0372.asc
ncols         104
nrows         10
xllcorner     -2.000000
yllcorner     0.000000
cellsize      1.000000
NODATA_value  -9999.0
-9999.0 -9999.0 -9999.0 -9999.0 -9999.0 -9999.0 -9999.0 -9999.0 -9999.0 -9999.0 -9999.0 -9999.0 -9999.0 -9999.0 -9999.0 -9999.0 -9999.0 -9999.0 -9999.0 -9999.0 -9999.0 -9999.0 -9999.0 -9999.0 -9999.0 -9999.0 -9999.0 -9999.0 -9999.0 -9999.0 -9999.0 -9999.0 -9999.0 -9999.0 -9999.0 -9999.0 -9999.0 -9999.0 -9999.0 -9999.0 -9999.0 -9999.0 -9999.0 -9999.0 -9999.0 -9999.0 -9999.0 -9999.0 -9999.0 -9999.0 -9999.0 -9999.0 -9999.0 -9999.0 -9999.0 -9999.0 -9999.0 -9999.0 -9999.0 -9999.0 -9999.0 -9999.0 -9999.0 -9999.0 -9999.0 -9999.0 -9999.0 -9999.0 -9999.0 -9999.0 -9999.0 -9999.0 -9999.0 -9999.0 -9999.0 -9999.0 -9999.0 -9999.0 -9999.0 -9999.0 -9999.0 -9999.0 -9999.0 -9999.0 -9999.0 -9999.0 -9999.0 -9999.0 -9999.0 -9999.0 -9999.0 -9999.0 -9999.0 -9999.0 -9999.0 -9999.0 -9999.0 -9999.0 -9999.0 -9999.0 -9999.0 -9999.0 -9999.0 -9999.0
-9999.0 -9999.0 -9999.0 -9999.0 -9999.0 -9999.0 -9999.0 -9999.0 -9999.0 -9999.0 -9999.0 -9999.0 -9999.0 -9999.0 -9999.0 -9999.0 -9999.0 -9999.0 -9999.0 -9999.0 -9999.0 -9999.0 -9999.0 -9999.0 -9999.0 -9999.0 -9999.0 -9999.0 -9999.0 -9999.0 -9999.0 -9999.0 -9999.0 -9999.0 -9999.0 -9999.0 -9999.0 -9999.0 -9999.0 -9999.0 -9999.0 -9999.0 -9999.0 -9999.0 -9999.0 -9999.0 -9999.0 -9999.0 -9999.0 -9999.0 -9999.0 -9999.0 -9999.0 -9999.0 -9999.0 -9999.0 -9999.0 -9999.0 -9999.0 -9999.0 -9999.0 -9999.0 -9999.0 -9999.0 -9999.0 -9999.0 -9999.0 -9999.0 -9999.0 -9999.0 -9999.0 -9999.0 -9999.0 -9999.0 -9999.0 -9999.0 -9999.0 -9999.0 -9999.0 -9999.0 -9999.0 -9999.0 -9999.0 -9999.0 -9999.0 -9999.0 -9999.0 -9999.0 -9999.0 -9999.0 -9999.0 -9999.0 -9999.0 -9999.0 -9999.0 -9999.0 -9999.0 -9999.0 -9999.0 -9999.0 -9999.0 -9999.0 -9999.0 -9999.0
-9999.0 -9999.0 969.122101 870.230389 771.260264 672.154146 572.972578 473.757318 374.531710 275.308599 176.095191 76.895656 -22.285124 -121.443883 -220.577208 -319.666036 -418.674356 -517.533481 -616.118961 -714.215840 -812.445047 -910.278935 -1007.519841 -1103.899535 -1192.739173 -1274.564904 -1347.432253 -1409.983476 -1461.708611 -1502.978910 -1534.859936 -1558.810808 -1576.392595 -1589.060517 -1598.055359 -1604.375053 -1608.805277 -1612.027292 -1614.945674 -1619.598153 -1630.892083 -1661.097696 -1789.426199 -3627.634789 -3984.359347 -3984.283755 -3965.983207 -3844.956830 -3597.547925 -3322.943188 -3082.059403 -2868.424529 -2738.784762 -2655.923542 -2579.575060 -2500.072288 -2414.551993 -2324.280445 -2232.776987 -2142.727970 -2034.348559 -1539.994574 -1617.299217 -1622.647448 -1620.011160 -1618.828809 -1618.536127 -1618.479249 -1618.469846 -1618.468845 -1618.469195 -1618.469687 -1618.470125 -1618.470493 -1618.470804 -1618.471074 -1618.471313 -1618.471532 -1618.471739 -1618.471940 -1618.472145 -1618.472364 -1618.472611 -1618.472907 -1618.473284 -1618.473792 -1618.474514 -1618.475588 -1618.477253 -1618.479934 -1618.484421 -1618.492219 -1618.506285 -1618.532584 -1618.583521 -1618.686048 -1618.902293 -1619.385342 -1620.537503 -1623.493250 -1631.777446 -1657.839471 -9999.0 -9999.0
-9999.0 -9999.0 969.124857 870.231454 771.260616 672.154263 572.972618 473.757332 374.531716 275.308602 176.095192 76.895657 -22.285123 -121.443883 -220.577208 -319.666036 -418.674356 -517.533481 -616.118961 -714.215840 -812.445047 -910.278935 -1007.519841 -1103.899535 -1192.739173 -1274.564904 -1347.432253 -1409.983476 -1461.708611 -1502.978910 -1534.859936 -1558.810808 -1576.392595 -1589.060517 -1598.055359 -1604.375053 -1608.805277 -1612.027292 -1614.945674 -1619.598153 -1630.892083 -1661.097696 -1789.426198 -3627.634787 -3984.359347 -3984.283755 -3965.983207 -3844.956830 -3597.547925 -3322.943187 -3082.059400 -2868.424528 -2738.784761 -2655.923542 -2579.575059 -2500.072288 -2414.551993 -2324.280445 -2232.776987 -2142.727970 -2034.348559 -1539.994574 -1617.299217 -1622.647448 -1620.011160 -1618.828809 -1618.536127 -1618.479249 -1618.469846 -1618.468845 -1618.469195 -1618.469686 -1618.470125 -1618.470493 -1618.470804 -1618.471074 -1618.471313 -1618.471532 -1618.471739 -1618.471940 -1618.472145 -1618.472364 -1618.472611 -1618.472907 -1618.473284 -1618.473792 -1618.474514 -1618.475588 -1618.477253 -1618.479934 -1618.484421 -1618.492219 -1618.506285 -1618.532584 -1618.583521 -1618.686048 -1618.902293 -1619.385342 -1620.537503 -1623.493250 -1631.777446 -1657.839471 -9999.0 -9999.0
-9999.0 -9999.0 969.125931 870.232033 771.260861 672.154357 572.972653 473.757345 374.531720 275.308604 176.095193 76.895657 -22.285123 -121.443883 -220.577208 -319.666036 -418.674356 -517.533481 -616.118962 -714.215840 -812.445048 -910.278936 -1007.519842 -1103.899535 -1192.739173 -1274.564904 -1347.432254 -1409.983476 -1461.708612 -1502.978910 -1534.859936 -1558.810808 -1576.392595 -1589.060517 -1598.055359 -1604.375053 -1608.805277 -1612.027292 -1614.945674 -1619.598153 -1630.892083 -1661.097696 -1789.426198 -3627.634787 -3984.359347 -3984.283755 -3965.983207 -3844.956829 -3597.547925 -3322.943185 -3082.059398 -2868.424527 -2738.784761 -2655.923541 -2579.575059 -2500.072288 -2414.551993 -2324.280445 -2232.776987 -2142.727970 -2034.348559 -1539.994573 -1617.299217 -1622.647448 -1620.011160 -1618.828809 -1618.536127 -1618.479249 -1618.469846 -1618.468845 -1618.469195 -1618.469686 -1618.470125 -1618.470493 -1618.470804 -1618.471074 -1618.471313 -1618.471532 -1618.471739 -1618.471940 -1618.472145 -1618.472364 -1618.472611 -1618.472907 -1618.473284 -1618.473792 -1618.474514 -1618.475588 -1618.477253 -1618.479934 -1618.484421 -1618.492219 -1618.506285 -1618.532584 -1618.583521 -1618.686048 -1618.902293 -1619.385342 -1620.537503 -1623.493250 -1631.777446 -1657.839471 -9999.0 -9999.0
-9999.0 -9999.0 969.125931 870.232033 771.260861 672.154357 572.972652 473.757345 374.531720 275.308604 176.095193 76.895657 -22.285123 -121.443883 -220.577208 -319.666036 -418.674356 -517.533481 -616.118961 -714.215840 -812.445048 -910.278936 -1007.519842 -1103.899535 -1192.739173 -1274.564904 -1347.432254 -1409.983476 -1461.708612 -1502.978910 -1534.859936 -1558.810808 -1576.392595 -1589.060517 -1598.055359 -1604.375053 -1608.805277 -1612.027292 -1614.945674 -1619.598153 -1630.892083 -1661.097696 -1789.426198 -3627.634787 -3984.359347 -3984.283755 -3965.983207 -3844.956829 -3597.547925 -3322.943185 -3082.059398 -2868.424527 -2738.784761 -2655.923542 -2579.575059 -2500.072288 -2414.551992 -2324.280445 -2232.776987 -2142.727970 -2034.348559 -1539.994574 -1617.299217 -1622.647448 -1620.011160 -1618.828809 -1618.536127 -1618.479249 -1618.469846 -1618.468845 -1618.469195 -1618.469686 -1618.470125 -1618.470493 -1618.470804 -1618.471074 -1618.471313 -1618.471532 -1618.471739 -1618.471940 -1618.472145 -1618.472364 -1618.472611 -1618.472907 -1618.473284 -1618.473792 -1618.474514 -1618.475588 -1618.477253 -1618.479934 -1618.484421 -1618.492219 -1618.506285 -1618.532584 -1618.583521 -1618.686048 -1618.902293 -1619.385342 -1620.537503 -1623.493250 -1631.777446 -1657.839471 -9999.0 -9999.0
-9999.0 -9999.0 969.124857 870.231454 771.260616 672.154263 572.972618 473.757332 374.531716 275.308602 176.095192 76.895657 -22.285124 -121.443883 -220.577208 -319.666036 -418.674356 -517.533481 -616.118961 -714.215840 -812.445047 -910.278935 -1007.519842 -1103.899535 -1192.739173 -1274.564904 -1347.432253 -1409.983476 -1461.708611 -1502.978910 -1534.859936 -1558.810808 -1576.392595 -1589.060517 -1598.055359 -1604.375053 -1608.805277 -1612.027292 -1614.945674 -1619.598153 -1630.892083 -1661.097696 -1789.426198 -3627.634787 -3984.359347 -3984.283755 -3965.983207 -3844.956830 -3597.547925 -3322.943186 -3082.059400 -2868.424527 -2738.784761 -2655.923542 -2579.575059 -2500.072288 -2414.551993 -2324.280445 -2232.776987 -2142.727970 -2034.348559 -1539.994574 -1617.299217 -1622.647448 -1620.011160 -1618.828809 -1618.536127 -1618.479249 -1618.469846 -1618.468845 -1618.469195 -1618.469686 -1618.470125 -1618.470493 -1618.470804 -1618.471074 -1618.471313 -1618.471532 -1618.471739 -1618.471940 -1618.472145 -1618.472364 -1618.472611 -1618.472907 -1618.473284 -1618.473792 -1618.474514 -1618.475588 -1618.477253 -1618.479934 -1618.484421 -1618.492219 -1618.506285 -1618.532584 -1618.583521 -1618.686048 -1618.902293 -1619.385342 -1620.537503 -1623.493250 -1631.777446 -1657.839471 -9999.0 -9999.0
-9999.0 -9999.0 969.122100 870.230389 771.260263 672.154146 572.972578 473.757318 374.531710 275.308599 176.095191 76.895656 -22.285124 -121.443884 -220.577208 -319.666036 -418.674356 -517.533481 -616.118961 -714.215840 -812.445047 -910.278935 -1007.519841 -1103.899535 -1192.739173 -1274.564904 -1347.432253 -1409.983476 -1461.708611 -1502.978910 -1534.859936 -1558.810808 -1576.392595 -1589.060517 -1598.055359 -1604.375053 -1608.805277 -1612.027292 -1614.945674 -1619.598153 -1630.892083 -1661.097696 -1789.426199 -3627.634789 -3984.359347 -3984.283755 -3965.983207 -3844.956830 -3597.547925 -3322.943189 -3082.059403 -2868.424529 -2738.784762 -2655.923542 -2579.575059 -2500.072288 -2414.551993 -2324.280446 -2232.776987 -2142.727970 -2034.348559 -1539.994574 -1617.299217 -1622.647448 -1620.011160 -1618.828809 -1618.536127 -1618.479249 -1618.469846 -1618.468845 -1618.469195 -1618.469687 -1618.470125 -1618.470493 -1618.470804 -1618.471074 -1618.471313 -1618.471532 -1618.471739 -1618.471940 -1618.472145 -1618.472364 -1618.472611 -1618.472907 -1618.473284 -1618.473792 -1618.474514 -1618.475588 -1618.477253 -1618.479934 -1618.484421 -1618.492219 -1618.506285 -1618.532584 -1618.583521 -1618.686048 -1618.902293 -1619.385342 -1620.537503 -1623.493250 -1631.777446 -1657.839471 -9999.0 -9999.0
-9999.0 -9999.0 -9999.0 -9999.0 -9999.0 -9999.0 -9999.0 -9999.0 -9999.0 -9999.0 -9999.0 -9999.0 -9999.0 -9999.0 -9999.0 -9999.0 -9999.0 -9999.0 -9999.0 -9999.0 -9999.0 -9999.0 -9999.0 -9999.0 -9999.0 -9999.0 -9999.0 -9999.0 -9999.0 -9999.0 -9999.0 -9999.0 -9999.0 -9999.0 -9999.0 -9999.0 -9999.0 -9999.0 -9999.0 -9999.0 -9999.0 -9999.0 -9999.0 -9999.0 -9999.0 -9999.0 -9999.0 -9999.0 -9999.0 -9999.0 -9999.0 -9999.0 -9999.0 -9999.0 -9999.0 -9999.0 -9999.0 -9999.0 -9999.0 -9999.0 -9999.0 -9999.0 -9999.0 -9999.0 -9999.0 -9999.0 -9999.0 -9999.0 -9999.0 -9999.0 -9999.0 -9999.0 -9999.0 -9999.0 -9999.0 -9999.0 -9999.0 -9999.0 -9999.0 -9999.0 -9999.0 -9999.0 -9999.0 -9999.0 -9999.0 -9999.0 -9999.0 -9999.0 -9999.0 -9999.0 -9999.0 -9999.0 -9999.0 -9999.0 -9999.0 -9999.0 -9999.0 -9999.0 -9999.0 -9999.0 -9999.0 -9999.0 -9999.0 -9999.0
-9999.0 -9999.0 -9999.0 -9999.0 -9999.0 -9999.0 -9999.0 -9999.0 -9999.0 -9999.0 -9999.0 -9999.0 -9999.0 -9999.0 -9999.0 -9999.0 -9999.0 -9999.0 -9999.0 -9999.0 -9999.0 -9999.0 -9999.0 -9999.0 -9999.0 -9999.0 -9999.0 -9999.0 -9999.0 -9999.0 -9999.0 -9999.0 -9999.0 -9999.0 -9999.0 -9999.0 -9999.0 -9999.0 -9999.0 -9999.0 -9999.0 -9999.0 -9999.0 -9999.0 -9999.0 -9999.0 -9999.0 -9999.0 -9999.0 -9999.0 -9999.0 -9999.0 -9999.0 -9999.0 -9999.0 -9999.0 -9999.0 -9999.0 -9999.0 -9999.0 -9999.0 -9999.0 -9999.0 -9999.0 -9999.0 -9999.0 -9999.0 -9999.0 -9999.0 -9999.0 -9999.0 -9999.0 -9999.0 -9999.0 -9999.0 -9999.0 -9999.0 -9999.0 -9999.0 -9999.0 -9999.0 -9999.0 -9999.0 -9999.0 -9999.0 -9999.0 -9999.0 -9999.0 -9999.0 -9999.0 -9999.0 -9999.0 -9999.0 -9999.0 -9999.0 -9999.0 -9999.0 -9999.0 -9999.0 -9999.0 -9999.0 -9999.0 -9999.0 -9999.0