inst/processing_geotop_simulation/geotop_simulation/out/maps3D/PwL0003N0398.asc
ncols         104
nrows         10
xllcorner     -2.000000
yllcorner     0.000000
cellsize      1.000000
NODATA_value  -9999.0
-9999.0 -9999.0 -9999.0 -9999.0 -9999.0 -9999.0 -9999.0 -9999.0 -9999.0 -9999.0 -9999.0 -9999.0 -9999.0 -9999.0 -9999.0 -9999.0 -9999.0 -9999.0 -9999.0 -9999.0 -9999.0 -9999.0 -9999.0 -9999.0 -9999.0 -9999.0 -9999.0 -9999.0 -9999.0 -9999.0 -9999.0 -9999.0 -9999.0 -9999.0 -9999.0 -9999.0 -9999.0 -9999.0 -9999.0 -9999.0 -9999.0 -9999.0 -9999.0 -9999.0 -9999.0 -9999.0 -9999.0 -9999.0 -9999.0 -9999.0 -9999.0 -9999.0 -9999.0 -9999.0 -9999.0 -9999.0 -9999.0 -9999.0 -9999.0 -9999.0 -9999.0 -9999.0 -9999.0 -9999.0 -9999.0 -9999.0 -9999.0 -9999.0 -9999.0 -9999.0 -9999.0 -9999.0 -9999.0 -9999.0 -9999.0 -9999.0 -9999.0 -9999.0 -9999.0 -9999.0 -9999.0 -9999.0 -9999.0 -9999.0 -9999.0 -9999.0 -9999.0 -9999.0 -9999.0 -9999.0 -9999.0 -9999.0 -9999.0 -9999.0 -9999.0 -9999.0 -9999.0 -9999.0 -9999.0 -9999.0 -9999.0 -9999.0 -9999.0 -9999.0
-9999.0 -9999.0 -9999.0 -9999.0 -9999.0 -9999.0 -9999.0 -9999.0 -9999.0 -9999.0 -9999.0 -9999.0 -9999.0 -9999.0 -9999.0 -9999.0 -9999.0 -9999.0 -9999.0 -9999.0 -9999.0 -9999.0 -9999.0 -9999.0 -9999.0 -9999.0 -9999.0 -9999.0 -9999.0 -9999.0 -9999.0 -9999.0 -9999.0 -9999.0 -9999.0 -9999.0 -9999.0 -9999.0 -9999.0 -9999.0 -9999.0 -9999.0 -9999.0 -9999.0 -9999.0 -9999.0 -9999.0 -9999.0 -9999.0 -9999.0 -9999.0 -9999.0 -9999.0 -9999.0 -9999.0 -9999.0 -9999.0 -9999.0 -9999.0 -9999.0 -9999.0 -9999.0 -9999.0 -9999.0 -9999.0 -9999.0 -9999.0 -9999.0 -9999.0 -9999.0 -9999.0 -9999.0 -9999.0 -9999.0 -9999.0 -9999.0 -9999.0 -9999.0 -9999.0 -9999.0 -9999.0 -9999.0 -9999.0 -9999.0 -9999.0 -9999.0 -9999.0 -9999.0 -9999.0 -9999.0 -9999.0 -9999.0 -9999.0 -9999.0 -9999.0 -9999.0 -9999.0 -9999.0 -9999.0 -9999.0 -9999.0 -9999.0 -9999.0 -9999.0
-9999.0 -9999.0 125.404567 27.713216 -71.118563 -170.250129 -269.493153 -368.777443 -468.066383 -567.335053 -666.541021 -765.633432 -864.622180 -963.457689 -1062.230727 -1160.988999 -1259.375412 -1357.190657 -1454.010695 -1549.028348 -1640.719831 -1726.488178 -1803.094893 -1867.969090 -1920.195095 -1960.492504 -1990.573792 -2012.471901 -2028.109813 -2039.110637 -2046.757089 -2052.020900 -2055.616624 -2058.058107 -2059.708973 -2060.825887 -2061.601357 -2062.239791 -2063.182213 -2065.489038 -2066.947701 -2005.613814 -1227.524417 -1228.483664 -1217.411006 -1210.075890 -1206.626558 -1206.085395 -1206.026316 -1206.031376 -1206.045670 -1206.061100 -1206.075940 -1206.089690 -1206.102502 -1206.117845 -1206.167719 -1206.496047 -1208.348271 -1212.430207 -1217.774635 -1208.803482 -1980.867274 -2060.992492 -2064.060048 -2063.426179 -2063.215462 -2063.173625 -2063.166873 -2063.166263 -2063.166615 -2063.167040 -2063.167395 -2063.167672 -2063.167887 -2063.168058 -2063.168195 -2063.168308 -2063.168406 -2063.168495 -2063.168584 -2063.168683 -2063.168806 -2063.168973 -2063.169217 -2063.169586 -2063.170163 -2063.171084 -2063.172584 -2063.175079 -2063.179340 -2063.186825 -2063.200378 -2063.225676 -2063.274295 -2063.370628 -2063.568792 -2063.997787 -2064.992264 -2067.513481 -2074.718623 -2098.728723 -9999.0 -9999.0
-9999.0 -9999.0 125.414233 27.715070 -71.118097 -170.249993 -269.493109 -368.777428 -468.066378 -567.335051 -666.541020 -765.633431 -864.622179 -963.457689 -1062.230727 -1160.988999 -1259.375412 -1357.190657 -1454.010695 -1549.028348 -1640.719831 -1726.488179 -1803.094893 -1867.969090 -1920.195095 -1960.492504 -1990.573792 -2012.471901 -2028.109813 -2039.110637 -2046.757089 -2052.020900 -2055.616624 -2058.058107 -2059.708973 -2060.825887 -2061.601357 -2062.239791 -2063.182213 -2065.489038 -2066.947701 -2005.613813 -1227.524417 -1228.483664 -1217.411006 -1210.075890 -1206.626558 -1206.085395 -1206.026316 -1206.031376 -1206.045670 -1206.061100 -1206.075940 -1206.089690 -1206.102502 -1206.117845 -1206.167719 -1206.496047 -1208.348271 -1212.430207 -1217.774635 -1208.803482 -1980.867274 -2060.992492 -2064.060048 -2063.426179 -2063.215462 -2063.173625 -2063.166873 -2063.166263 -2063.166615 -2063.167040 -2063.167395 -2063.167672 -2063.167887 -2063.168058 -2063.168195 -2063.168308 -2063.168406 -2063.168495 -2063.168584 -2063.168683 -2063.168806 -2063.168973 -2063.169217 -2063.169586 -2063.170163 -2063.171084 -2063.172584 -2063.175079 -2063.179340 -2063.186825 -2063.200378 -2063.225676 -2063.274295 -2063.370628 -2063.568792 -2063.997787 -2064.992264 -2067.513481 -2074.718623 -2098.728723 -9999.0 -9999.0
-9999.0 -9999.0 125.415439 27.715819 -71.117802 -170.249886 -269.493071 -368.777414 -468.066373 -567.335049 -666.541019 -765.633431 -864.622179 -963.457688 -1062.230727 -1160.988999 -1259.375412 -1357.190657 -1454.010695 -1549.028348 -1640.719831 -1726.488179 -1803.094893 -1867.969090 -1920.195095 -1960.492504 -1990.573792 -2012.471901 -2028.109813 -2039.110637 -2046.757089 -2052.020900 -2055.616624 -2058.058107 -2059.708973 -2060.825887 -2061.601357 -2062.239791 -2063.182213 -2065.489038 -2066.947701 -2005.613813 -1227.524417 -1228.483664 -1217.411006 -1210.075890 -1206.626558 -1206.085395 -1206.026316 -1206.031376 -1206.045670 -1206.061100 -1206.075940 -1206.089690 -1206.102502 -1206.117845 -1206.167719 -1206.496047 -1208.348271 -1212.430207 -1217.774635 -1208.803482 -1980.867274 -2060.992492 -2064.060048 -2063.426179 -2063.215462 -2063.173625 -2063.166873 -2063.166263 -2063.166615 -2063.167040 -2063.167395 -2063.167672 -2063.167887 -2063.168058 -2063.168195 -2063.168308 -2063.168406 -2063.168495 -2063.168584 -2063.168683 -2063.168806 -2063.168973 -2063.169217 -2063.169586 -2063.170163 -2063.171084 -2063.172584 -2063.175079 -2063.179340 -2063.186825 -2063.200378 -2063.225676 -2063.274295 -2063.370628 -2063.568792 -2063.997787 -2064.992264 -2067.513481 -2074.718623 -2098.728723 -9999.0 -9999.0
-9999.0 -9999.0 125.415439 27.715819 -71.117802 -170.249886 -269.493071 -368.777414 -468.066372 -567.335049 -666.541019 -765.633431 -864.622179 -963.457689 -1062.230727 -1160.988999 -1259.375412 -1357.190657 -1454.010695 -1549.028348 -1640.719831 -1726.488179 -1803.094893 -1867.969090 -1920.195095 -1960.492504 -1990.573792 -2012.471901 -2028.109813 -2039.110637 -2046.757089 -2052.020900 -2055.616624 -2058.058107 -2059.708973 -2060.825887 -2061.601357 -2062.239791 -2063.182213 -2065.489038 -2066.947701 -2005.613813 -1227.524417 -1228.483664 -1217.411006 -1210.075890 -1206.626558 -1206.085395 -1206.026316 -1206.031376 -1206.045670 -1206.061100 -1206.075940 -1206.089690 -1206.102502 -1206.117845 -1206.167719 -1206.496047 -1208.348271 -1212.430207 -1217.774635 -1208.803482 -1980.867274 -2060.992492 -2064.060048 -2063.426179 -2063.215462 -2063.173625 -2063.166873 -2063.166263 -2063.166615 -2063.167040 -2063.167395 -2063.167672 -2063.167887 -2063.168058 -2063.168195 -2063.168308 -2063.168406 -2063.168495 -2063.168584 -2063.168683 -2063.168806 -2063.168973 -2063.169217 -2063.169586 -2063.170163 -2063.171084 -2063.172584 -2063.175079 -2063.179340 -2063.186825 -2063.200378 -2063.225676 -2063.274295 -2063.370628 -2063.568792 -2063.997787 -2064.992264 -2067.513481 -2074.718623 -2098.728723 -9999.0 -9999.0
-9999.0 -9999.0 125.414233 27.715070 -71.118097 -170.249993 -269.493109 -368.777428 -468.066378 -567.335051 -666.541020 -765.633431 -864.622179 -963.457689 -1062.230727 -1160.988999 -1259.375412 -1357.190657 -1454.010695 -1549.028348 -1640.719831 -1726.488179 -1803.094893 -1867.969090 -1920.195095 -1960.492504 -1990.573792 -2012.471901 -2028.109813 -2039.110637 -2046.757089 -2052.020900 -2055.616624 -2058.058107 -2059.708973 -2060.825887 -2061.601357 -2062.239791 -2063.182213 -2065.489038 -2066.947701 -2005.613813 -1227.524417 -1228.483664 -1217.411006 -1210.075890 -1206.626558 -1206.085395 -1206.026316 -1206.031376 -1206.045670 -1206.061100 -1206.075940 -1206.089690 -1206.102502 -1206.117845 -1206.167719 -1206.496047 -1208.348271 -1212.430207 -1217.774635 -1208.803482 -1980.867274 -2060.992492 -2064.060048 -2063.426179 -2063.215462 -2063.173625 -2063.166873 -2063.166263 -2063.166615 -2063.167040 -2063.167395 -2063.167672 -2063.167887 -2063.168058 -2063.168195 -2063.168308 -2063.168406 -2063.168495 -2063.168584 -2063.168683 -2063.168806 -2063.168973 -2063.169217 -2063.169586 -2063.170163 -2063.171084 -2063.172584 -2063.175079 -2063.179340 -2063.186825 -2063.200378 -2063.225676 -2063.274295 -2063.370628 -2063.568792 -2063.997787 -2064.992264 -2067.513481 -2074.718623 -2098.728723 -9999.0 -9999.0
-9999.0 -9999.0 125.404567 27.713216 -71.118563 -170.250129 -269.493153 -368.777443 -468.066383 -567.335053 -666.541021 -765.633432 -864.622179 -963.457689 -1062.230727 -1160.988999 -1259.375412 -1357.190657 -1454.010695 -1549.028348 -1640.719831 -1726.488178 -1803.094893 -1867.969090 -1920.195095 -1960.492504 -1990.573792 -2012.471901 -2028.109813 -2039.110637 -2046.757089 -2052.020900 -2055.616624 -2058.058107 -2059.708973 -2060.825887 -2061.601357 -2062.239791 -2063.182213 -2065.489038 -2066.947701 -2005.613814 -1227.524417 -1228.483664 -1217.411006 -1210.075890 -1206.626558 -1206.085395 -1206.026316 -1206.031376 -1206.045670 -1206.061100 -1206.075940 -1206.089690 -1206.102502 -1206.117845 -1206.167719 -1206.496047 -1208.348271 -1212.430207 -1217.774635 -1208.803482 -1980.867274 -2060.992492 -2064.060048 -2063.426179 -2063.215462 -2063.173625 -2063.166873 -2063.166263 -2063.166615 -2063.167040 -2063.167395 -2063.167672 -2063.167887 -2063.168058 -2063.168195 -2063.168308 -2063.168406 -2063.168495 -2063.168584 -2063.168683 -2063.168806 -2063.168973 -2063.169217 -2063.169586 -2063.170163 -2063.171084 -2063.172584 -2063.175079 -2063.179340 -2063.186825 -2063.200378 -2063.225676 -2063.274295 -2063.370628 -2063.568792 -2063.997787 -2064.992264 -2067.513481 -2074.718623 -2098.728723 -9999.0 -9999.0
-9999.0 -9999.0 -9999.0 -9999.0 -9999.0 -9999.0 -9999.0 -9999.0 -9999.0 -9999.0 -9999.0 -9999.0 -9999.0 -9999.0 -9999.0 -9999.0 -9999.0 -9999.0 -9999.0 -9999.0 -9999.0 -9999.0 -9999.0 -9999.0 -9999.0 -9999.0 -9999.0 -9999.0 -9999.0 -9999.0 -9999.0 -9999.0 -9999.0 -9999.0 -9999.0 -9999.0 -9999.0 -9999.0 -9999.0 -9999.0 -9999.0 -9999.0 -9999.0 -9999.0 -9999.0 -9999.0 -9999.0 -9999.0 -9999.0 -9999.0 -9999.0 -9999.0 -9999.0 -9999.0 -9999.0 -9999.0 -9999.0 -9999.0 -9999.0 -9999.0 -9999.0 -9999.0 -9999.0 -9999.0 -9999.0 -9999.0 -9999.0 -9999.0 -9999.0 -9999.0 -9999.0 -9999.0 -9999.0 -9999.0 -9999.0 -9999.0 -9999.0 -9999.0 -9999.0 -9999.0 -9999.0 -9999.0 -9999.0 -9999.0 -9999.0 -9999.0 -9999.0 -9999.0 -9999.0 -9999.0 -9999.0 -9999.0 -9999.0 -9999.0 -9999.0 -9999.0 -9999.0 -9999.0 -9999.0 -9999.0 -9999.0 -9999.0 -9999.0 -9999.0
-9999.0 -9999.0 -9999.0 -9999.0 -9999.0 -9999.0 -9999.0 -9999.0 -9999.0 -9999.0 -9999.0 -9999.0 -9999.0 -9999.0 -9999.0 -9999.0 -9999.0 -9999.0 -9999.0 -9999.0 -9999.0 -9999.0 -9999.0 -9999.0 -9999.0 -9999.0 -9999.0 -9999.0 -9999.0 -9999.0 -9999.0 -9999.0 -9999.0 -9999.0 -9999.0 -9999.0 -9999.0 -9999.0 -9999.0 -9999.0 -9999.0 -9999.0 -9999.0 -9999.0 -9999.0 -9999.0 -9999.0 -9999.0 -9999.0 -9999.0 -9999.0 -9999.0 -9999.0 -9999.0 -9999.0 -9999.0 -9999.0 -9999.0 -9999.0 -9999.0 -9999.0 -9999.0 -9999.0 -9999.0 -9999.0 -9999.0 -9999.0 -9999.0 -9999.0 -9999.0 -9999.0 -9999.0 -9999.0 -9999.0 -9999.0 -9999.0 -9999.0 -9999.0 -9999.0 -9999.0 -9999.0 -9999.0 -9999.0 -9999.0 -9999.0 -9999.0 -9999.0 -9999.0 -9999.0 -9999.0 -9999.0 -9999.0 -9999.0 -9999.0 -9999.0 -9999.0 -9999.0 -9999.0 -9999.0 -9999.0 -9999.0 -9999.0 -9999.0 -9999.0