inst/processing_geotop_simulation/geotop_simulation/out/maps3D/PwL0014N0125.asc
ncols         104
nrows         10
xllcorner     -2.000000
yllcorner     0.000000
cellsize      1.000000
NODATA_value  -9999.0
-9999.0 -9999.0 -9999.0 -9999.0 -9999.0 -9999.0 -9999.0 -9999.0 -9999.0 -9999.0 -9999.0 -9999.0 -9999.0 -9999.0 -9999.0 -9999.0 -9999.0 -9999.0 -9999.0 -9999.0 -9999.0 -9999.0 -9999.0 -9999.0 -9999.0 -9999.0 -9999.0 -9999.0 -9999.0 -9999.0 -9999.0 -9999.0 -9999.0 -9999.0 -9999.0 -9999.0 -9999.0 -9999.0 -9999.0 -9999.0 -9999.0 -9999.0 -9999.0 -9999.0 -9999.0 -9999.0 -9999.0 -9999.0 -9999.0 -9999.0 -9999.0 -9999.0 -9999.0 -9999.0 -9999.0 -9999.0 -9999.0 -9999.0 -9999.0 -9999.0 -9999.0 -9999.0 -9999.0 -9999.0 -9999.0 -9999.0 -9999.0 -9999.0 -9999.0 -9999.0 -9999.0 -9999.0 -9999.0 -9999.0 -9999.0 -9999.0 -9999.0 -9999.0 -9999.0 -9999.0 -9999.0 -9999.0 -9999.0 -9999.0 -9999.0 -9999.0 -9999.0 -9999.0 -9999.0 -9999.0 -9999.0 -9999.0 -9999.0 -9999.0 -9999.0 -9999.0 -9999.0 -9999.0 -9999.0 -9999.0 -9999.0 -9999.0 -9999.0 -9999.0
-9999.0 -9999.0 -9999.0 -9999.0 -9999.0 -9999.0 -9999.0 -9999.0 -9999.0 -9999.0 -9999.0 -9999.0 -9999.0 -9999.0 -9999.0 -9999.0 -9999.0 -9999.0 -9999.0 -9999.0 -9999.0 -9999.0 -9999.0 -9999.0 -9999.0 -9999.0 -9999.0 -9999.0 -9999.0 -9999.0 -9999.0 -9999.0 -9999.0 -9999.0 -9999.0 -9999.0 -9999.0 -9999.0 -9999.0 -9999.0 -9999.0 -9999.0 -9999.0 -9999.0 -9999.0 -9999.0 -9999.0 -9999.0 -9999.0 -9999.0 -9999.0 -9999.0 -9999.0 -9999.0 -9999.0 -9999.0 -9999.0 -9999.0 -9999.0 -9999.0 -9999.0 -9999.0 -9999.0 -9999.0 -9999.0 -9999.0 -9999.0 -9999.0 -9999.0 -9999.0 -9999.0 -9999.0 -9999.0 -9999.0 -9999.0 -9999.0 -9999.0 -9999.0 -9999.0 -9999.0 -9999.0 -9999.0 -9999.0 -9999.0 -9999.0 -9999.0 -9999.0 -9999.0 -9999.0 -9999.0 -9999.0 -9999.0 -9999.0 -9999.0 -9999.0 -9999.0 -9999.0 -9999.0 -9999.0 -9999.0 -9999.0 -9999.0 -9999.0 -9999.0
-9999.0 -9999.0 689.019043 598.347720 505.698138 411.699674 317.066908 222.158810 127.155149 32.151416 -62.782446 -157.626325 -252.351565 -347.033705 -441.808297 -536.819495 -632.316989 -727.128876 -819.859379 -910.639498 -998.801880 -1072.158680 -1128.305494 -1167.679822 -1193.440370 -1209.530195 -1219.329097 -1225.234316 -1228.784147 -1230.920433 -1232.212191 -1233.000049 -1233.487042 -1233.793457 -1233.990163 -1234.120990 -1234.221377 -1234.341933 -1234.653354 -1236.369355 -1247.596013 -1329.130928 -2076.102571 -4267.435134 -4282.177730 -4282.178154 -4282.178118 -4282.178112 -4282.178112 -4282.178112 -4282.178112 -4282.178112 -4282.178112 -4282.178112 -4282.178112 -4282.178113 -4282.178113 -4282.178116 -4282.178137 -4282.177296 -4258.567971 -1961.350824 -1299.935038 -1242.957497 -1235.619623 -1234.677484 -1234.548118 -1234.528210 -1234.526060 -1234.527066 -1234.528416 -1234.529563 -1234.530450 -1234.531123 -1234.531637 -1234.532035 -1234.532351 -1234.532605 -1234.532817 -1234.533003 -1234.533185 -1234.533386 -1234.533638 -1234.533986 -1234.534499 -1234.535288 -1234.536527 -1234.538506 -1234.541712 -1234.546994 -1234.555875 -1234.571187 -1234.598361 -1234.648069 -1234.741587 -1234.921822 -1235.277162 -1235.999178 -1237.540301 -1241.066564 -1249.786185 -1274.087031 -9999.0 -9999.0
-9999.0 -9999.0 689.024271 598.349424 505.698649 411.699834 317.066959 222.158827 127.155155 32.151418 -62.782445 -157.626325 -252.351565 -347.033705 -441.808297 -536.819495 -632.316989 -727.128876 -819.859379 -910.639498 -998.801880 -1072.158680 -1128.305494 -1167.679822 -1193.440370 -1209.530195 -1219.329097 -1225.234316 -1228.784147 -1230.920433 -1232.212191 -1233.000049 -1233.487042 -1233.793457 -1233.990163 -1234.120990 -1234.221377 -1234.341933 -1234.653354 -1236.369355 -1247.596013 -1329.130928 -2076.102571 -4267.435134 -4282.177730 -4282.178154 -4282.178118 -4282.178112 -4282.178112 -4282.178112 -4282.178112 -4282.178112 -4282.178112 -4282.178112 -4282.178112 -4282.178113 -4282.178113 -4282.178116 -4282.178137 -4282.177296 -4258.567971 -1961.350824 -1299.935038 -1242.957497 -1235.619623 -1234.677484 -1234.548118 -1234.528210 -1234.526060 -1234.527066 -1234.528416 -1234.529563 -1234.530450 -1234.531123 -1234.531637 -1234.532035 -1234.532351 -1234.532605 -1234.532817 -1234.533003 -1234.533185 -1234.533386 -1234.533638 -1234.533986 -1234.534499 -1234.535288 -1234.536527 -1234.538506 -1234.541712 -1234.546994 -1234.555875 -1234.571187 -1234.598361 -1234.648069 -1234.741587 -1234.921822 -1235.277162 -1235.999178 -1237.540301 -1241.066564 -1249.786185 -1274.087031 -9999.0 -9999.0
-9999.0 -9999.0 689.025838 598.350248 505.698987 411.699960 317.067005 222.158844 127.155161 32.151420 -62.782444 -157.626325 -252.351565 -347.033705 -441.808297 -536.819495 -632.316990 -727.128876 -819.859379 -910.639498 -998.801881 -1072.158680 -1128.305495 -1167.679822 -1193.440370 -1209.530195 -1219.329097 -1225.234316 -1228.784147 -1230.920433 -1232.212191 -1233.000049 -1233.487042 -1233.793457 -1233.990163 -1234.120990 -1234.221377 -1234.341933 -1234.653354 -1236.369355 -1247.596013 -1329.130928 -2076.102571 -4267.435134 -4282.177730 -4282.178154 -4282.178118 -4282.178112 -4282.178112 -4282.178112 -4282.178112 -4282.178112 -4282.178112 -4282.178112 -4282.178112 -4282.178113 -4282.178113 -4282.178116 -4282.178137 -4282.177296 -4258.567971 -1961.350824 -1299.935038 -1242.957497 -1235.619623 -1234.677484 -1234.548118 -1234.528210 -1234.526060 -1234.527066 -1234.528416 -1234.529563 -1234.530450 -1234.531123 -1234.531637 -1234.532035 -1234.532351 -1234.532605 -1234.532817 -1234.533003 -1234.533185 -1234.533386 -1234.533638 -1234.533986 -1234.534499 -1234.535288 -1234.536527 -1234.538506 -1234.541712 -1234.546994 -1234.555875 -1234.571187 -1234.598361 -1234.648069 -1234.741587 -1234.921822 -1235.277162 -1235.999178 -1237.540301 -1241.066564 -1249.786185 -1274.087031 -9999.0 -9999.0
-9999.0 -9999.0 689.025838 598.350248 505.698987 411.699960 317.067005 222.158844 127.155161 32.151420 -62.782444 -157.626325 -252.351565 -347.033705 -441.808297 -536.819495 -632.316990 -727.128876 -819.859379 -910.639498 -998.801881 -1072.158680 -1128.305495 -1167.679822 -1193.440370 -1209.530195 -1219.329097 -1225.234316 -1228.784147 -1230.920433 -1232.212191 -1233.000049 -1233.487042 -1233.793457 -1233.990163 -1234.120990 -1234.221377 -1234.341933 -1234.653354 -1236.369355 -1247.596013 -1329.130928 -2076.102571 -4267.435134 -4282.177730 -4282.178154 -4282.178118 -4282.178112 -4282.178112 -4282.178112 -4282.178112 -4282.178112 -4282.178112 -4282.178112 -4282.178112 -4282.178113 -4282.178113 -4282.178116 -4282.178137 -4282.177296 -4258.567971 -1961.350824 -1299.935038 -1242.957497 -1235.619623 -1234.677484 -1234.548118 -1234.528210 -1234.526060 -1234.527066 -1234.528416 -1234.529563 -1234.530450 -1234.531123 -1234.531637 -1234.532035 -1234.532351 -1234.532605 -1234.532817 -1234.533003 -1234.533185 -1234.533386 -1234.533638 -1234.533986 -1234.534499 -1234.535288 -1234.536527 -1234.538506 -1234.541712 -1234.546994 -1234.555875 -1234.571187 -1234.598361 -1234.648069 -1234.741587 -1234.921822 -1235.277162 -1235.999178 -1237.540301 -1241.066564 -1249.786185 -1274.087031 -9999.0 -9999.0
-9999.0 -9999.0 689.024271 598.349424 505.698649 411.699834 317.066959 222.158827 127.155155 32.151418 -62.782445 -157.626325 -252.351565 -347.033705 -441.808297 -536.819495 -632.316989 -727.128876 -819.859379 -910.639498 -998.801880 -1072.158680 -1128.305494 -1167.679822 -1193.440370 -1209.530195 -1219.329097 -1225.234316 -1228.784147 -1230.920433 -1232.212191 -1233.000049 -1233.487042 -1233.793457 -1233.990163 -1234.120990 -1234.221377 -1234.341933 -1234.653354 -1236.369355 -1247.596013 -1329.130928 -2076.102571 -4267.435134 -4282.177730 -4282.178154 -4282.178118 -4282.178112 -4282.178112 -4282.178112 -4282.178112 -4282.178112 -4282.178112 -4282.178112 -4282.178112 -4282.178113 -4282.178113 -4282.178116 -4282.178137 -4282.177296 -4258.567971 -1961.350824 -1299.935038 -1242.957497 -1235.619623 -1234.677484 -1234.548118 -1234.528210 -1234.526060 -1234.527066 -1234.528416 -1234.529563 -1234.530450 -1234.531123 -1234.531637 -1234.532035 -1234.532351 -1234.532605 -1234.532817 -1234.533003 -1234.533185 -1234.533386 -1234.533638 -1234.533986 -1234.534499 -1234.535288 -1234.536527 -1234.538506 -1234.541712 -1234.546994 -1234.555875 -1234.571187 -1234.598361 -1234.648069 -1234.741587 -1234.921822 -1235.277162 -1235.999178 -1237.540301 -1241.066564 -1249.786185 -1274.087031 -9999.0 -9999.0
-9999.0 -9999.0 689.019043 598.347720 505.698138 411.699674 317.066908 222.158810 127.155149 32.151416 -62.782446 -157.626325 -252.351565 -347.033705 -441.808297 -536.819495 -632.316989 -727.128876 -819.859379 -910.639498 -998.801880 -1072.158680 -1128.305494 -1167.679822 -1193.440370 -1209.530195 -1219.329097 -1225.234316 -1228.784147 -1230.920433 -1232.212191 -1233.000049 -1233.487042 -1233.793457 -1233.990163 -1234.120990 -1234.221377 -1234.341933 -1234.653354 -1236.369355 -1247.596013 -1329.130928 -2076.102571 -4267.435134 -4282.177730 -4282.178154 -4282.178118 -4282.178112 -4282.178112 -4282.178112 -4282.178112 -4282.178112 -4282.178112 -4282.178112 -4282.178112 -4282.178113 -4282.178113 -4282.178116 -4282.178137 -4282.177296 -4258.567971 -1961.350824 -1299.935038 -1242.957497 -1235.619623 -1234.677484 -1234.548118 -1234.528210 -1234.526060 -1234.527066 -1234.528416 -1234.529563 -1234.530450 -1234.531123 -1234.531637 -1234.532035 -1234.532351 -1234.532605 -1234.532817 -1234.533003 -1234.533185 -1234.533386 -1234.533638 -1234.533986 -1234.534499 -1234.535288 -1234.536527 -1234.538506 -1234.541712 -1234.546994 -1234.555875 -1234.571187 -1234.598361 -1234.648069 -1234.741587 -1234.921822 -1235.277162 -1235.999178 -1237.540301 -1241.066564 -1249.786185 -1274.087031 -9999.0 -9999.0
-9999.0 -9999.0 -9999.0 -9999.0 -9999.0 -9999.0 -9999.0 -9999.0 -9999.0 -9999.0 -9999.0 -9999.0 -9999.0 -9999.0 -9999.0 -9999.0 -9999.0 -9999.0 -9999.0 -9999.0 -9999.0 -9999.0 -9999.0 -9999.0 -9999.0 -9999.0 -9999.0 -9999.0 -9999.0 -9999.0 -9999.0 -9999.0 -9999.0 -9999.0 -9999.0 -9999.0 -9999.0 -9999.0 -9999.0 -9999.0 -9999.0 -9999.0 -9999.0 -9999.0 -9999.0 -9999.0 -9999.0 -9999.0 -9999.0 -9999.0 -9999.0 -9999.0 -9999.0 -9999.0 -9999.0 -9999.0 -9999.0 -9999.0 -9999.0 -9999.0 -9999.0 -9999.0 -9999.0 -9999.0 -9999.0 -9999.0 -9999.0 -9999.0 -9999.0 -9999.0 -9999.0 -9999.0 -9999.0 -9999.0 -9999.0 -9999.0 -9999.0 -9999.0 -9999.0 -9999.0 -9999.0 -9999.0 -9999.0 -9999.0 -9999.0 -9999.0 -9999.0 -9999.0 -9999.0 -9999.0 -9999.0 -9999.0 -9999.0 -9999.0 -9999.0 -9999.0 -9999.0 -9999.0 -9999.0 -9999.0 -9999.0 -9999.0 -9999.0 -9999.0
-9999.0 -9999.0 -9999.0 -9999.0 -9999.0 -9999.0 -9999.0 -9999.0 -9999.0 -9999.0 -9999.0 -9999.0 -9999.0 -9999.0 -9999.0 -9999.0 -9999.0 -9999.0 -9999.0 -9999.0 -9999.0 -9999.0 -9999.0 -9999.0 -9999.0 -9999.0 -9999.0 -9999.0 -9999.0 -9999.0 -9999.0 -9999.0 -9999.0 -9999.0 -9999.0 -9999.0 -9999.0 -9999.0 -9999.0 -9999.0 -9999.0 -9999.0 -9999.0 -9999.0 -9999.0 -9999.0 -9999.0 -9999.0 -9999.0 -9999.0 -9999.0 -9999.0 -9999.0 -9999.0 -9999.0 -9999.0 -9999.0 -9999.0 -9999.0 -9999.0 -9999.0 -9999.0 -9999.0 -9999.0 -9999.0 -9999.0 -9999.0 -9999.0 -9999.0 -9999.0 -9999.0 -9999.0 -9999.0 -9999.0 -9999.0 -9999.0 -9999.0 -9999.0 -9999.0 -9999.0 -9999.0 -9999.0 -9999.0 -9999.0 -9999.0 -9999.0 -9999.0 -9999.0 -9999.0 -9999.0 -9999.0 -9999.0 -9999.0 -9999.0 -9999.0 -9999.0 -9999.0 -9999.0 -9999.0 -9999.0 -9999.0 -9999.0 -9999.0 -9999.0