inst/processing_geotop_simulation/geotop_simulation/out/maps3D/PwL0015N0085.asc
ncols         104
nrows         10
xllcorner     -2.000000
yllcorner     0.000000
cellsize      1.000000
NODATA_value  -9999.0
-9999.0 -9999.0 -9999.0 -9999.0 -9999.0 -9999.0 -9999.0 -9999.0 -9999.0 -9999.0 -9999.0 -9999.0 -9999.0 -9999.0 -9999.0 -9999.0 -9999.0 -9999.0 -9999.0 -9999.0 -9999.0 -9999.0 -9999.0 -9999.0 -9999.0 -9999.0 -9999.0 -9999.0 -9999.0 -9999.0 -9999.0 -9999.0 -9999.0 -9999.0 -9999.0 -9999.0 -9999.0 -9999.0 -9999.0 -9999.0 -9999.0 -9999.0 -9999.0 -9999.0 -9999.0 -9999.0 -9999.0 -9999.0 -9999.0 -9999.0 -9999.0 -9999.0 -9999.0 -9999.0 -9999.0 -9999.0 -9999.0 -9999.0 -9999.0 -9999.0 -9999.0 -9999.0 -9999.0 -9999.0 -9999.0 -9999.0 -9999.0 -9999.0 -9999.0 -9999.0 -9999.0 -9999.0 -9999.0 -9999.0 -9999.0 -9999.0 -9999.0 -9999.0 -9999.0 -9999.0 -9999.0 -9999.0 -9999.0 -9999.0 -9999.0 -9999.0 -9999.0 -9999.0 -9999.0 -9999.0 -9999.0 -9999.0 -9999.0 -9999.0 -9999.0 -9999.0 -9999.0 -9999.0 -9999.0 -9999.0 -9999.0 -9999.0 -9999.0 -9999.0
-9999.0 -9999.0 -9999.0 -9999.0 -9999.0 -9999.0 -9999.0 -9999.0 -9999.0 -9999.0 -9999.0 -9999.0 -9999.0 -9999.0 -9999.0 -9999.0 -9999.0 -9999.0 -9999.0 -9999.0 -9999.0 -9999.0 -9999.0 -9999.0 -9999.0 -9999.0 -9999.0 -9999.0 -9999.0 -9999.0 -9999.0 -9999.0 -9999.0 -9999.0 -9999.0 -9999.0 -9999.0 -9999.0 -9999.0 -9999.0 -9999.0 -9999.0 -9999.0 -9999.0 -9999.0 -9999.0 -9999.0 -9999.0 -9999.0 -9999.0 -9999.0 -9999.0 -9999.0 -9999.0 -9999.0 -9999.0 -9999.0 -9999.0 -9999.0 -9999.0 -9999.0 -9999.0 -9999.0 -9999.0 -9999.0 -9999.0 -9999.0 -9999.0 -9999.0 -9999.0 -9999.0 -9999.0 -9999.0 -9999.0 -9999.0 -9999.0 -9999.0 -9999.0 -9999.0 -9999.0 -9999.0 -9999.0 -9999.0 -9999.0 -9999.0 -9999.0 -9999.0 -9999.0 -9999.0 -9999.0 -9999.0 -9999.0 -9999.0 -9999.0 -9999.0 -9999.0 -9999.0 -9999.0 -9999.0 -9999.0 -9999.0 -9999.0 -9999.0 -9999.0
-9999.0 -9999.0 710.538982 610.404483 510.243985 410.196334 310.351593 210.770972 111.485234 12.515200 -86.152119 -184.840128 -284.546945 -386.748133 -492.851305 -603.405354 -715.704595 -823.706542 -908.501176 -983.129512 -1048.770294 -1078.883490 -1072.746285 -1064.635143 -1058.022060 -1053.745539 -1051.533849 -1050.779433 -1050.895273 -1051.443025 -1052.141784 -1052.833255 -1053.441505 -1053.939872 -1054.328284 -1054.621123 -1054.848059 -1055.063899 -1055.357966 -1056.455368 -1065.779767 -1159.997090 -2126.600992 -4226.433455 -4232.673149 -4232.673267 -4232.673267 -4232.673267 -4232.673267 -4232.673267 -4232.673267 -4232.673267 -4232.673267 -4232.673267 -4232.673267 -4232.673267 -4232.673267 -4232.673267 -4232.673267 -4232.673046 -4222.751818 -2016.687604 -1134.437543 -1062.880053 -1056.323830 -1055.616921 -1055.509975 -1055.491497 -1055.490143 -1055.491997 -1055.494070 -1055.495778 -1055.497085 -1055.498073 -1055.498827 -1055.499412 -1055.499875 -1055.500247 -1055.500556 -1055.500828 -1055.501090 -1055.501378 -1055.501737 -1055.502231 -1055.502959 -1055.504074 -1055.505823 -1055.508610 -1055.513113 -1055.520503 -1055.532864 -1055.554048 -1055.591402 -1055.659316 -1055.786408 -1056.030039 -1056.506363 -1057.458991 -1059.443320 -1063.875140 -1074.601663 -1102.442283 -9999.0 -9999.0
-9999.0 -9999.0 710.538982 610.404482 510.243985 410.196333 310.351593 210.770972 111.485234 12.515199 -86.152120 -184.840129 -284.546945 -386.748133 -492.851306 -603.405354 -715.704596 -823.706543 -908.501176 -983.129512 -1048.770294 -1078.883490 -1072.746285 -1064.635143 -1058.022060 -1053.745539 -1051.533849 -1050.779433 -1050.895273 -1051.443025 -1052.141784 -1052.833255 -1053.441505 -1053.939872 -1054.328284 -1054.621123 -1054.848059 -1055.063899 -1055.357966 -1056.455368 -1065.779767 -1159.997090 -2126.600992 -4226.433455 -4232.673149 -4232.673267 -4232.673267 -4232.673267 -4232.673267 -4232.673267 -4232.673267 -4232.673267 -4232.673267 -4232.673267 -4232.673267 -4232.673267 -4232.673267 -4232.673267 -4232.673267 -4232.673046 -4222.751818 -2016.687604 -1134.437543 -1062.880053 -1056.323830 -1055.616921 -1055.509975 -1055.491497 -1055.490143 -1055.491997 -1055.494070 -1055.495778 -1055.497085 -1055.498073 -1055.498827 -1055.499412 -1055.499875 -1055.500247 -1055.500556 -1055.500828 -1055.501090 -1055.501378 -1055.501737 -1055.502231 -1055.502959 -1055.504074 -1055.505823 -1055.508610 -1055.513113 -1055.520503 -1055.532864 -1055.554048 -1055.591402 -1055.659316 -1055.786408 -1056.030039 -1056.506363 -1057.458991 -1059.443320 -1063.875140 -1074.601663 -1102.442283 -9999.0 -9999.0
-9999.0 -9999.0 710.538981 610.404482 510.243985 410.196333 310.351593 210.770972 111.485233 12.515199 -86.152120 -184.840129 -284.546945 -386.748133 -492.851306 -603.405354 -715.704596 -823.706543 -908.501176 -983.129512 -1048.770294 -1078.883490 -1072.746285 -1064.635143 -1058.022060 -1053.745539 -1051.533849 -1050.779433 -1050.895273 -1051.443025 -1052.141784 -1052.833255 -1053.441505 -1053.939872 -1054.328284 -1054.621123 -1054.848059 -1055.063899 -1055.357966 -1056.455368 -1065.779767 -1159.997090 -2126.600992 -4226.433455 -4232.673149 -4232.673267 -4232.673267 -4232.673267 -4232.673267 -4232.673267 -4232.673267 -4232.673267 -4232.673267 -4232.673267 -4232.673267 -4232.673267 -4232.673267 -4232.673267 -4232.673267 -4232.673046 -4222.751818 -2016.687604 -1134.437543 -1062.880053 -1056.323830 -1055.616921 -1055.509975 -1055.491497 -1055.490143 -1055.491997 -1055.494070 -1055.495778 -1055.497085 -1055.498073 -1055.498827 -1055.499412 -1055.499875 -1055.500247 -1055.500556 -1055.500828 -1055.501090 -1055.501378 -1055.501737 -1055.502231 -1055.502959 -1055.504074 -1055.505823 -1055.508610 -1055.513113 -1055.520503 -1055.532864 -1055.554048 -1055.591402 -1055.659316 -1055.786408 -1056.030039 -1056.506363 -1057.458991 -1059.443320 -1063.875140 -1074.601663 -1102.442283 -9999.0 -9999.0
-9999.0 -9999.0 710.538982 610.404482 510.243985 410.196333 310.351593 210.770972 111.485233 12.515199 -86.152120 -184.840129 -284.546945 -386.748133 -492.851306 -603.405354 -715.704596 -823.706543 -908.501176 -983.129512 -1048.770294 -1078.883490 -1072.746285 -1064.635143 -1058.022060 -1053.745539 -1051.533849 -1050.779433 -1050.895273 -1051.443025 -1052.141784 -1052.833255 -1053.441505 -1053.939872 -1054.328284 -1054.621123 -1054.848059 -1055.063899 -1055.357966 -1056.455368 -1065.779767 -1159.997090 -2126.600992 -4226.433455 -4232.673149 -4232.673267 -4232.673267 -4232.673267 -4232.673267 -4232.673267 -4232.673267 -4232.673267 -4232.673267 -4232.673267 -4232.673267 -4232.673267 -4232.673267 -4232.673267 -4232.673267 -4232.673046 -4222.751818 -2016.687604 -1134.437543 -1062.880053 -1056.323830 -1055.616921 -1055.509975 -1055.491497 -1055.490143 -1055.491997 -1055.494070 -1055.495778 -1055.497085 -1055.498073 -1055.498827 -1055.499412 -1055.499875 -1055.500247 -1055.500556 -1055.500828 -1055.501090 -1055.501378 -1055.501737 -1055.502231 -1055.502959 -1055.504074 -1055.505823 -1055.508610 -1055.513113 -1055.520503 -1055.532864 -1055.554048 -1055.591402 -1055.659316 -1055.786408 -1056.030039 -1056.506363 -1057.458991 -1059.443320 -1063.875140 -1074.601663 -1102.442283 -9999.0 -9999.0
-9999.0 -9999.0 710.538982 610.404482 510.243985 410.196333 310.351593 210.770972 111.485234 12.515199 -86.152120 -184.840129 -284.546945 -386.748133 -492.851306 -603.405354 -715.704596 -823.706543 -908.501176 -983.129512 -1048.770294 -1078.883490 -1072.746285 -1064.635143 -1058.022060 -1053.745539 -1051.533849 -1050.779433 -1050.895273 -1051.443025 -1052.141784 -1052.833255 -1053.441505 -1053.939872 -1054.328284 -1054.621123 -1054.848059 -1055.063899 -1055.357966 -1056.455368 -1065.779767 -1159.997090 -2126.600992 -4226.433455 -4232.673149 -4232.673267 -4232.673267 -4232.673267 -4232.673267 -4232.673267 -4232.673267 -4232.673267 -4232.673267 -4232.673267 -4232.673267 -4232.673267 -4232.673267 -4232.673267 -4232.673267 -4232.673046 -4222.751818 -2016.687604 -1134.437543 -1062.880053 -1056.323830 -1055.616921 -1055.509975 -1055.491497 -1055.490143 -1055.491997 -1055.494070 -1055.495778 -1055.497085 -1055.498073 -1055.498827 -1055.499412 -1055.499875 -1055.500247 -1055.500556 -1055.500828 -1055.501090 -1055.501378 -1055.501737 -1055.502231 -1055.502959 -1055.504074 -1055.505823 -1055.508610 -1055.513113 -1055.520503 -1055.532864 -1055.554048 -1055.591402 -1055.659316 -1055.786408 -1056.030039 -1056.506363 -1057.458991 -1059.443320 -1063.875140 -1074.601663 -1102.442283 -9999.0 -9999.0
-9999.0 -9999.0 710.538982 610.404483 510.243985 410.196333 310.351593 210.770972 111.485234 12.515200 -86.152119 -184.840128 -284.546945 -386.748133 -492.851305 -603.405354 -715.704595 -823.706542 -908.501176 -983.129512 -1048.770294 -1078.883490 -1072.746285 -1064.635143 -1058.022060 -1053.745539 -1051.533849 -1050.779433 -1050.895273 -1051.443025 -1052.141784 -1052.833255 -1053.441505 -1053.939872 -1054.328284 -1054.621123 -1054.848059 -1055.063899 -1055.357966 -1056.455368 -1065.779767 -1159.997090 -2126.600992 -4226.433455 -4232.673149 -4232.673267 -4232.673267 -4232.673267 -4232.673267 -4232.673267 -4232.673267 -4232.673267 -4232.673267 -4232.673267 -4232.673267 -4232.673267 -4232.673267 -4232.673267 -4232.673267 -4232.673046 -4222.751818 -2016.687604 -1134.437543 -1062.880053 -1056.323830 -1055.616921 -1055.509975 -1055.491497 -1055.490143 -1055.491997 -1055.494070 -1055.495778 -1055.497085 -1055.498073 -1055.498827 -1055.499412 -1055.499875 -1055.500247 -1055.500556 -1055.500828 -1055.501090 -1055.501378 -1055.501737 -1055.502231 -1055.502959 -1055.504074 -1055.505823 -1055.508610 -1055.513113 -1055.520503 -1055.532864 -1055.554048 -1055.591402 -1055.659316 -1055.786408 -1056.030039 -1056.506363 -1057.458991 -1059.443320 -1063.875140 -1074.601663 -1102.442283 -9999.0 -9999.0
-9999.0 -9999.0 -9999.0 -9999.0 -9999.0 -9999.0 -9999.0 -9999.0 -9999.0 -9999.0 -9999.0 -9999.0 -9999.0 -9999.0 -9999.0 -9999.0 -9999.0 -9999.0 -9999.0 -9999.0 -9999.0 -9999.0 -9999.0 -9999.0 -9999.0 -9999.0 -9999.0 -9999.0 -9999.0 -9999.0 -9999.0 -9999.0 -9999.0 -9999.0 -9999.0 -9999.0 -9999.0 -9999.0 -9999.0 -9999.0 -9999.0 -9999.0 -9999.0 -9999.0 -9999.0 -9999.0 -9999.0 -9999.0 -9999.0 -9999.0 -9999.0 -9999.0 -9999.0 -9999.0 -9999.0 -9999.0 -9999.0 -9999.0 -9999.0 -9999.0 -9999.0 -9999.0 -9999.0 -9999.0 -9999.0 -9999.0 -9999.0 -9999.0 -9999.0 -9999.0 -9999.0 -9999.0 -9999.0 -9999.0 -9999.0 -9999.0 -9999.0 -9999.0 -9999.0 -9999.0 -9999.0 -9999.0 -9999.0 -9999.0 -9999.0 -9999.0 -9999.0 -9999.0 -9999.0 -9999.0 -9999.0 -9999.0 -9999.0 -9999.0 -9999.0 -9999.0 -9999.0 -9999.0 -9999.0 -9999.0 -9999.0 -9999.0 -9999.0 -9999.0
-9999.0 -9999.0 -9999.0 -9999.0 -9999.0 -9999.0 -9999.0 -9999.0 -9999.0 -9999.0 -9999.0 -9999.0 -9999.0 -9999.0 -9999.0 -9999.0 -9999.0 -9999.0 -9999.0 -9999.0 -9999.0 -9999.0 -9999.0 -9999.0 -9999.0 -9999.0 -9999.0 -9999.0 -9999.0 -9999.0 -9999.0 -9999.0 -9999.0 -9999.0 -9999.0 -9999.0 -9999.0 -9999.0 -9999.0 -9999.0 -9999.0 -9999.0 -9999.0 -9999.0 -9999.0 -9999.0 -9999.0 -9999.0 -9999.0 -9999.0 -9999.0 -9999.0 -9999.0 -9999.0 -9999.0 -9999.0 -9999.0 -9999.0 -9999.0 -9999.0 -9999.0 -9999.0 -9999.0 -9999.0 -9999.0 -9999.0 -9999.0 -9999.0 -9999.0 -9999.0 -9999.0 -9999.0 -9999.0 -9999.0 -9999.0 -9999.0 -9999.0 -9999.0 -9999.0 -9999.0 -9999.0 -9999.0 -9999.0 -9999.0 -9999.0 -9999.0 -9999.0 -9999.0 -9999.0 -9999.0 -9999.0 -9999.0 -9999.0 -9999.0 -9999.0 -9999.0 -9999.0 -9999.0 -9999.0 -9999.0 -9999.0 -9999.0 -9999.0 -9999.0