inst/processing_geotop_simulation/geotop_simulation/out/maps3D/PwL0002N0072.asc
ncols         104
nrows         10
xllcorner     -2.000000
yllcorner     0.000000
cellsize      1.000000
NODATA_value  -9999.0
-9999.0 -9999.0 -9999.0 -9999.0 -9999.0 -9999.0 -9999.0 -9999.0 -9999.0 -9999.0 -9999.0 -9999.0 -9999.0 -9999.0 -9999.0 -9999.0 -9999.0 -9999.0 -9999.0 -9999.0 -9999.0 -9999.0 -9999.0 -9999.0 -9999.0 -9999.0 -9999.0 -9999.0 -9999.0 -9999.0 -9999.0 -9999.0 -9999.0 -9999.0 -9999.0 -9999.0 -9999.0 -9999.0 -9999.0 -9999.0 -9999.0 -9999.0 -9999.0 -9999.0 -9999.0 -9999.0 -9999.0 -9999.0 -9999.0 -9999.0 -9999.0 -9999.0 -9999.0 -9999.0 -9999.0 -9999.0 -9999.0 -9999.0 -9999.0 -9999.0 -9999.0 -9999.0 -9999.0 -9999.0 -9999.0 -9999.0 -9999.0 -9999.0 -9999.0 -9999.0 -9999.0 -9999.0 -9999.0 -9999.0 -9999.0 -9999.0 -9999.0 -9999.0 -9999.0 -9999.0 -9999.0 -9999.0 -9999.0 -9999.0 -9999.0 -9999.0 -9999.0 -9999.0 -9999.0 -9999.0 -9999.0 -9999.0 -9999.0 -9999.0 -9999.0 -9999.0 -9999.0 -9999.0 -9999.0 -9999.0 -9999.0 -9999.0 -9999.0 -9999.0
-9999.0 -9999.0 -9999.0 -9999.0 -9999.0 -9999.0 -9999.0 -9999.0 -9999.0 -9999.0 -9999.0 -9999.0 -9999.0 -9999.0 -9999.0 -9999.0 -9999.0 -9999.0 -9999.0 -9999.0 -9999.0 -9999.0 -9999.0 -9999.0 -9999.0 -9999.0 -9999.0 -9999.0 -9999.0 -9999.0 -9999.0 -9999.0 -9999.0 -9999.0 -9999.0 -9999.0 -9999.0 -9999.0 -9999.0 -9999.0 -9999.0 -9999.0 -9999.0 -9999.0 -9999.0 -9999.0 -9999.0 -9999.0 -9999.0 -9999.0 -9999.0 -9999.0 -9999.0 -9999.0 -9999.0 -9999.0 -9999.0 -9999.0 -9999.0 -9999.0 -9999.0 -9999.0 -9999.0 -9999.0 -9999.0 -9999.0 -9999.0 -9999.0 -9999.0 -9999.0 -9999.0 -9999.0 -9999.0 -9999.0 -9999.0 -9999.0 -9999.0 -9999.0 -9999.0 -9999.0 -9999.0 -9999.0 -9999.0 -9999.0 -9999.0 -9999.0 -9999.0 -9999.0 -9999.0 -9999.0 -9999.0 -9999.0 -9999.0 -9999.0 -9999.0 -9999.0 -9999.0 -9999.0 -9999.0 -9999.0 -9999.0 -9999.0 -9999.0 -9999.0
-9999.0 -9999.0 -229.260137 -331.572278 -437.592932 -553.600174 -699.114246 -888.706796 -1074.962623 -1182.512446 -1162.484903 -1134.168300 -1139.475431 -1157.378718 -1194.392914 -1237.881082 -1261.025943 -1264.081935 -1256.301377 -1246.426377 -1238.863734 -1234.938295 -1234.515571 -1236.907361 -1241.254314 -1246.680981 -1252.372736 -1257.674331 -1262.178562 -1265.737043 -1268.391741 -1270.284629 -1271.586683 -1272.455683 -1273.018863 -1273.372294 -1273.597837 -1273.797677 -1274.032999 -1274.301233 -1277.865651 -1300.595415 -845.275553 -839.011425 -826.225107 -818.438824 -814.806853 -814.313027 -814.265802 -814.280455 -814.305599 -814.332089 -814.357490 -814.380980 -814.402472 -814.424517 -814.473074 -814.773313 -816.725286 -821.243407 -828.894492 -826.852880 -1285.592899 -1277.068044 -1274.655960 -1274.207685 -1274.111427 -1274.094320 -1274.094446 -1274.097608 -1274.100710 -1274.103187 -1274.105060 -1274.106467 -1274.107536 -1274.108363 -1274.109015 -1274.109538 -1274.109969 -1274.110344 -1274.110703 -1274.111090 -1274.111568 -1274.112222 -1274.113180 -1274.114644 -1274.116935 -1274.120576 -1274.126439 -1274.136013 -1274.151931 -1274.179000 -1274.226318 -1274.311583 -1274.469838 -1274.770796 -1275.352578 -1276.488336 -1278.730747 -1283.278521 -1293.014796 -1316.501640 -9999.0 -9999.0
-9999.0 -9999.0 -229.260138 -331.572279 -437.592932 -553.600174 -699.114247 -888.706796 -1074.962624 -1182.512446 -1162.484903 -1134.168300 -1139.475431 -1157.378718 -1194.392914 -1237.881082 -1261.025943 -1264.081935 -1256.301377 -1246.426377 -1238.863734 -1234.938295 -1234.515571 -1236.907361 -1241.254314 -1246.680981 -1252.372736 -1257.674331 -1262.178562 -1265.737043 -1268.391741 -1270.284629 -1271.586683 -1272.455683 -1273.018863 -1273.372294 -1273.597837 -1273.797677 -1274.032999 -1274.301233 -1277.865651 -1300.595415 -845.275553 -839.011425 -826.225107 -818.438824 -814.806853 -814.313027 -814.265802 -814.280455 -814.305599 -814.332089 -814.357490 -814.380980 -814.402472 -814.424517 -814.473074 -814.773313 -816.725286 -821.243407 -828.894492 -826.852880 -1285.592899 -1277.068044 -1274.655960 -1274.207685 -1274.111427 -1274.094320 -1274.094446 -1274.097608 -1274.100710 -1274.103187 -1274.105060 -1274.106467 -1274.107536 -1274.108363 -1274.109015 -1274.109538 -1274.109969 -1274.110344 -1274.110703 -1274.111090 -1274.111568 -1274.112222 -1274.113180 -1274.114644 -1274.116935 -1274.120576 -1274.126439 -1274.136013 -1274.151931 -1274.179000 -1274.226318 -1274.311583 -1274.469838 -1274.770796 -1275.352578 -1276.488336 -1278.730747 -1283.278521 -1293.014796 -1316.501640 -9999.0 -9999.0
-9999.0 -9999.0 -229.260138 -331.572279 -437.592933 -553.600175 -699.114247 -888.706796 -1074.962624 -1182.512447 -1162.484903 -1134.168300 -1139.475431 -1157.378718 -1194.392914 -1237.881082 -1261.025943 -1264.081935 -1256.301377 -1246.426377 -1238.863734 -1234.938295 -1234.515571 -1236.907361 -1241.254314 -1246.680981 -1252.372736 -1257.674331 -1262.178562 -1265.737043 -1268.391741 -1270.284629 -1271.586683 -1272.455683 -1273.018863 -1273.372294 -1273.597837 -1273.797677 -1274.032999 -1274.301233 -1277.865651 -1300.595415 -845.275553 -839.011425 -826.225107 -818.438824 -814.806853 -814.313027 -814.265802 -814.280455 -814.305599 -814.332089 -814.357490 -814.380980 -814.402472 -814.424517 -814.473074 -814.773313 -816.725286 -821.243407 -828.894492 -826.852880 -1285.592899 -1277.068044 -1274.655960 -1274.207685 -1274.111427 -1274.094320 -1274.094446 -1274.097608 -1274.100710 -1274.103187 -1274.105060 -1274.106467 -1274.107536 -1274.108363 -1274.109015 -1274.109538 -1274.109969 -1274.110344 -1274.110703 -1274.111090 -1274.111568 -1274.112222 -1274.113180 -1274.114644 -1274.116935 -1274.120576 -1274.126439 -1274.136013 -1274.151931 -1274.179000 -1274.226318 -1274.311583 -1274.469838 -1274.770796 -1275.352578 -1276.488336 -1278.730747 -1283.278521 -1293.014796 -1316.501640 -9999.0 -9999.0
-9999.0 -9999.0 -229.260138 -331.572279 -437.592933 -553.600175 -699.114247 -888.706796 -1074.962624 -1182.512447 -1162.484903 -1134.168300 -1139.475431 -1157.378718 -1194.392914 -1237.881082 -1261.025943 -1264.081935 -1256.301377 -1246.426377 -1238.863734 -1234.938295 -1234.515571 -1236.907361 -1241.254314 -1246.680981 -1252.372736 -1257.674331 -1262.178562 -1265.737043 -1268.391741 -1270.284629 -1271.586683 -1272.455683 -1273.018863 -1273.372294 -1273.597837 -1273.797677 -1274.032999 -1274.301233 -1277.865651 -1300.595415 -845.275553 -839.011425 -826.225107 -818.438824 -814.806853 -814.313027 -814.265802 -814.280455 -814.305599 -814.332089 -814.357490 -814.380980 -814.402472 -814.424517 -814.473074 -814.773313 -816.725286 -821.243407 -828.894492 -826.852880 -1285.592899 -1277.068044 -1274.655960 -1274.207685 -1274.111427 -1274.094320 -1274.094446 -1274.097608 -1274.100710 -1274.103187 -1274.105060 -1274.106467 -1274.107536 -1274.108363 -1274.109015 -1274.109538 -1274.109969 -1274.110344 -1274.110703 -1274.111090 -1274.111568 -1274.112222 -1274.113180 -1274.114644 -1274.116935 -1274.120576 -1274.126439 -1274.136013 -1274.151931 -1274.179000 -1274.226318 -1274.311583 -1274.469838 -1274.770796 -1275.352578 -1276.488336 -1278.730747 -1283.278521 -1293.014796 -1316.501640 -9999.0 -9999.0
-9999.0 -9999.0 -229.260138 -331.572279 -437.592932 -553.600174 -699.114247 -888.706796 -1074.962624 -1182.512446 -1162.484903 -1134.168300 -1139.475431 -1157.378718 -1194.392914 -1237.881082 -1261.025943 -1264.081935 -1256.301377 -1246.426377 -1238.863734 -1234.938295 -1234.515571 -1236.907361 -1241.254314 -1246.680981 -1252.372736 -1257.674331 -1262.178562 -1265.737043 -1268.391741 -1270.284629 -1271.586683 -1272.455683 -1273.018863 -1273.372294 -1273.597837 -1273.797677 -1274.032999 -1274.301233 -1277.865651 -1300.595415 -845.275553 -839.011425 -826.225107 -818.438824 -814.806853 -814.313027 -814.265802 -814.280455 -814.305599 -814.332089 -814.357490 -814.380980 -814.402472 -814.424517 -814.473074 -814.773313 -816.725286 -821.243407 -828.894492 -826.852880 -1285.592899 -1277.068044 -1274.655960 -1274.207685 -1274.111427 -1274.094320 -1274.094446 -1274.097608 -1274.100710 -1274.103187 -1274.105060 -1274.106467 -1274.107536 -1274.108363 -1274.109015 -1274.109538 -1274.109969 -1274.110344 -1274.110703 -1274.111090 -1274.111568 -1274.112222 -1274.113180 -1274.114644 -1274.116935 -1274.120576 -1274.126439 -1274.136013 -1274.151931 -1274.179000 -1274.226318 -1274.311583 -1274.469838 -1274.770796 -1275.352578 -1276.488336 -1278.730747 -1283.278521 -1293.014796 -1316.501640 -9999.0 -9999.0
-9999.0 -9999.0 -229.260137 -331.572278 -437.592932 -553.600174 -699.114246 -888.706796 -1074.962623 -1182.512446 -1162.484903 -1134.168300 -1139.475431 -1157.378718 -1194.392914 -1237.881082 -1261.025943 -1264.081935 -1256.301377 -1246.426377 -1238.863734 -1234.938295 -1234.515571 -1236.907361 -1241.254314 -1246.680981 -1252.372736 -1257.674331 -1262.178562 -1265.737043 -1268.391741 -1270.284629 -1271.586683 -1272.455683 -1273.018863 -1273.372294 -1273.597837 -1273.797677 -1274.032999 -1274.301233 -1277.865651 -1300.595415 -845.275553 -839.011425 -826.225107 -818.438824 -814.806853 -814.313027 -814.265802 -814.280455 -814.305599 -814.332089 -814.357490 -814.380980 -814.402472 -814.424517 -814.473074 -814.773313 -816.725286 -821.243407 -828.894492 -826.852880 -1285.592899 -1277.068044 -1274.655960 -1274.207685 -1274.111427 -1274.094320 -1274.094446 -1274.097608 -1274.100710 -1274.103187 -1274.105060 -1274.106467 -1274.107536 -1274.108363 -1274.109015 -1274.109538 -1274.109969 -1274.110344 -1274.110703 -1274.111090 -1274.111568 -1274.112222 -1274.113180 -1274.114644 -1274.116935 -1274.120576 -1274.126439 -1274.136013 -1274.151931 -1274.179000 -1274.226318 -1274.311583 -1274.469838 -1274.770796 -1275.352578 -1276.488336 -1278.730747 -1283.278521 -1293.014796 -1316.501640 -9999.0 -9999.0
-9999.0 -9999.0 -9999.0 -9999.0 -9999.0 -9999.0 -9999.0 -9999.0 -9999.0 -9999.0 -9999.0 -9999.0 -9999.0 -9999.0 -9999.0 -9999.0 -9999.0 -9999.0 -9999.0 -9999.0 -9999.0 -9999.0 -9999.0 -9999.0 -9999.0 -9999.0 -9999.0 -9999.0 -9999.0 -9999.0 -9999.0 -9999.0 -9999.0 -9999.0 -9999.0 -9999.0 -9999.0 -9999.0 -9999.0 -9999.0 -9999.0 -9999.0 -9999.0 -9999.0 -9999.0 -9999.0 -9999.0 -9999.0 -9999.0 -9999.0 -9999.0 -9999.0 -9999.0 -9999.0 -9999.0 -9999.0 -9999.0 -9999.0 -9999.0 -9999.0 -9999.0 -9999.0 -9999.0 -9999.0 -9999.0 -9999.0 -9999.0 -9999.0 -9999.0 -9999.0 -9999.0 -9999.0 -9999.0 -9999.0 -9999.0 -9999.0 -9999.0 -9999.0 -9999.0 -9999.0 -9999.0 -9999.0 -9999.0 -9999.0 -9999.0 -9999.0 -9999.0 -9999.0 -9999.0 -9999.0 -9999.0 -9999.0 -9999.0 -9999.0 -9999.0 -9999.0 -9999.0 -9999.0 -9999.0 -9999.0 -9999.0 -9999.0 -9999.0 -9999.0
-9999.0 -9999.0 -9999.0 -9999.0 -9999.0 -9999.0 -9999.0 -9999.0 -9999.0 -9999.0 -9999.0 -9999.0 -9999.0 -9999.0 -9999.0 -9999.0 -9999.0 -9999.0 -9999.0 -9999.0 -9999.0 -9999.0 -9999.0 -9999.0 -9999.0 -9999.0 -9999.0 -9999.0 -9999.0 -9999.0 -9999.0 -9999.0 -9999.0 -9999.0 -9999.0 -9999.0 -9999.0 -9999.0 -9999.0 -9999.0 -9999.0 -9999.0 -9999.0 -9999.0 -9999.0 -9999.0 -9999.0 -9999.0 -9999.0 -9999.0 -9999.0 -9999.0 -9999.0 -9999.0 -9999.0 -9999.0 -9999.0 -9999.0 -9999.0 -9999.0 -9999.0 -9999.0 -9999.0 -9999.0 -9999.0 -9999.0 -9999.0 -9999.0 -9999.0 -9999.0 -9999.0 -9999.0 -9999.0 -9999.0 -9999.0 -9999.0 -9999.0 -9999.0 -9999.0 -9999.0 -9999.0 -9999.0 -9999.0 -9999.0 -9999.0 -9999.0 -9999.0 -9999.0 -9999.0 -9999.0 -9999.0 -9999.0 -9999.0 -9999.0 -9999.0 -9999.0 -9999.0 -9999.0 -9999.0 -9999.0 -9999.0 -9999.0 -9999.0 -9999.0