inst/processing_geotop_simulation/geotop_simulation/out/maps3D/PwL0015N0406.asc
ncols         104
nrows         10
xllcorner     -2.000000
yllcorner     0.000000
cellsize      1.000000
NODATA_value  -9999.0
-9999.0 -9999.0 -9999.0 -9999.0 -9999.0 -9999.0 -9999.0 -9999.0 -9999.0 -9999.0 -9999.0 -9999.0 -9999.0 -9999.0 -9999.0 -9999.0 -9999.0 -9999.0 -9999.0 -9999.0 -9999.0 -9999.0 -9999.0 -9999.0 -9999.0 -9999.0 -9999.0 -9999.0 -9999.0 -9999.0 -9999.0 -9999.0 -9999.0 -9999.0 -9999.0 -9999.0 -9999.0 -9999.0 -9999.0 -9999.0 -9999.0 -9999.0 -9999.0 -9999.0 -9999.0 -9999.0 -9999.0 -9999.0 -9999.0 -9999.0 -9999.0 -9999.0 -9999.0 -9999.0 -9999.0 -9999.0 -9999.0 -9999.0 -9999.0 -9999.0 -9999.0 -9999.0 -9999.0 -9999.0 -9999.0 -9999.0 -9999.0 -9999.0 -9999.0 -9999.0 -9999.0 -9999.0 -9999.0 -9999.0 -9999.0 -9999.0 -9999.0 -9999.0 -9999.0 -9999.0 -9999.0 -9999.0 -9999.0 -9999.0 -9999.0 -9999.0 -9999.0 -9999.0 -9999.0 -9999.0 -9999.0 -9999.0 -9999.0 -9999.0 -9999.0 -9999.0 -9999.0 -9999.0 -9999.0 -9999.0 -9999.0 -9999.0 -9999.0 -9999.0
-9999.0 -9999.0 -9999.0 -9999.0 -9999.0 -9999.0 -9999.0 -9999.0 -9999.0 -9999.0 -9999.0 -9999.0 -9999.0 -9999.0 -9999.0 -9999.0 -9999.0 -9999.0 -9999.0 -9999.0 -9999.0 -9999.0 -9999.0 -9999.0 -9999.0 -9999.0 -9999.0 -9999.0 -9999.0 -9999.0 -9999.0 -9999.0 -9999.0 -9999.0 -9999.0 -9999.0 -9999.0 -9999.0 -9999.0 -9999.0 -9999.0 -9999.0 -9999.0 -9999.0 -9999.0 -9999.0 -9999.0 -9999.0 -9999.0 -9999.0 -9999.0 -9999.0 -9999.0 -9999.0 -9999.0 -9999.0 -9999.0 -9999.0 -9999.0 -9999.0 -9999.0 -9999.0 -9999.0 -9999.0 -9999.0 -9999.0 -9999.0 -9999.0 -9999.0 -9999.0 -9999.0 -9999.0 -9999.0 -9999.0 -9999.0 -9999.0 -9999.0 -9999.0 -9999.0 -9999.0 -9999.0 -9999.0 -9999.0 -9999.0 -9999.0 -9999.0 -9999.0 -9999.0 -9999.0 -9999.0 -9999.0 -9999.0 -9999.0 -9999.0 -9999.0 -9999.0 -9999.0 -9999.0 -9999.0 -9999.0 -9999.0 -9999.0 -9999.0 -9999.0
-9999.0 -9999.0 720.688294 621.890126 522.860002 423.657553 324.372886 225.052950 125.721569 26.391704 -72.926767 -172.231456 -271.515318 -370.759753 -469.932347 -568.983122 -667.821480 -766.532269 -865.239150 -963.746317 -1061.959813 -1158.706452 -1251.760468 -1339.596316 -1419.903862 -1490.707499 -1550.799536 -1599.932686 -1638.741581 -1668.475389 -1690.674714 -1706.899924 -1718.557556 -1726.820837 -1732.617229 -1736.655448 -1739.479104 -1741.574074 -1743.657044 -1747.318844 -1754.727867 -1760.691571 -1862.440982 -4131.149138 -4201.693901 -4160.051156 -4126.008449 -4120.553225 -4119.985621 -4120.043795 -4120.190670 -4120.347869 -4120.498560 -4120.637812 -4120.766442 -4120.912565 -4121.352705 -4124.421742 -4143.671372 -4176.059396 -4024.934813 -1657.269384 -1719.413528 -1746.605445 -1746.756429 -1745.879475 -1745.619532 -1745.566207 -1745.557165 -1745.556152 -1745.556445 -1745.556878 -1745.557259 -1745.557573 -1745.557832 -1745.558050 -1745.558239 -1745.558407 -1745.558562 -1745.558712 -1745.558863 -1745.559027 -1745.559216 -1745.559451 -1745.559761 -1745.560195 -1745.560831 -1745.561801 -1745.563334 -1745.565836 -1745.570063 -1745.577451 -1745.590824 -1745.615862 -1745.664329 -1745.761612 -1745.965753 -1746.419018 -1747.496634 -1750.275269 -1758.195745 -1783.733195 -9999.0 -9999.0
-9999.0 -9999.0 720.692155 621.891416 522.860394 423.657677 324.372926 225.052964 125.721574 26.391707 -72.926766 -172.231456 -271.515318 -370.759753 -469.932348 -568.983123 -667.821480 -766.532270 -865.239150 -963.746318 -1061.959813 -1158.706452 -1251.760468 -1339.596316 -1419.903862 -1490.707499 -1550.799536 -1599.932686 -1638.741581 -1668.475389 -1690.674714 -1706.899924 -1718.557556 -1726.820837 -1732.617229 -1736.655448 -1739.479104 -1741.574074 -1743.657044 -1747.318844 -1754.727867 -1760.691571 -1862.440982 -4131.149138 -4201.693901 -4160.051154 -4126.008449 -4120.553225 -4119.985621 -4120.043795 -4120.190670 -4120.347869 -4120.498560 -4120.637812 -4120.766442 -4120.912565 -4121.352705 -4124.421742 -4143.671372 -4176.059396 -4024.934813 -1657.269384 -1719.413528 -1746.605445 -1746.756429 -1745.879475 -1745.619532 -1745.566207 -1745.557165 -1745.556152 -1745.556445 -1745.556878 -1745.557259 -1745.557573 -1745.557832 -1745.558050 -1745.558239 -1745.558407 -1745.558562 -1745.558712 -1745.558863 -1745.559027 -1745.559216 -1745.559451 -1745.559761 -1745.560195 -1745.560831 -1745.561801 -1745.563334 -1745.565836 -1745.570063 -1745.577451 -1745.590824 -1745.615862 -1745.664329 -1745.761612 -1745.965753 -1746.419018 -1747.496633 -1750.275269 -1758.195745 -1783.733195 -9999.0 -9999.0
-9999.0 -9999.0 720.693371 621.892054 522.860656 423.657775 324.372962 225.052977 125.721579 26.391708 -72.926766 -172.231455 -271.515318 -370.759753 -469.932348 -568.983123 -667.821480 -766.532270 -865.239151 -963.746318 -1061.959813 -1158.706452 -1251.760468 -1339.596316 -1419.903862 -1490.707499 -1550.799536 -1599.932686 -1638.741581 -1668.475389 -1690.674714 -1706.899924 -1718.557556 -1726.820837 -1732.617229 -1736.655448 -1739.479104 -1741.574074 -1743.657044 -1747.318844 -1754.727867 -1760.691571 -1862.440982 -4131.149138 -4201.693900 -4160.051153 -4126.008449 -4120.553225 -4119.985621 -4120.043795 -4120.190670 -4120.347869 -4120.498560 -4120.637812 -4120.766442 -4120.912565 -4121.352705 -4124.421742 -4143.671372 -4176.059396 -4024.934813 -1657.269384 -1719.413528 -1746.605445 -1746.756429 -1745.879475 -1745.619532 -1745.566207 -1745.557165 -1745.556152 -1745.556445 -1745.556878 -1745.557259 -1745.557573 -1745.557832 -1745.558050 -1745.558239 -1745.558407 -1745.558562 -1745.558712 -1745.558863 -1745.559027 -1745.559216 -1745.559451 -1745.559761 -1745.560195 -1745.560831 -1745.561801 -1745.563334 -1745.565836 -1745.570063 -1745.577451 -1745.590824 -1745.615862 -1745.664329 -1745.761612 -1745.965753 -1746.419018 -1747.496633 -1750.275269 -1758.195745 -1783.733195 -9999.0 -9999.0
-9999.0 -9999.0 720.693371 621.892054 522.860656 423.657775 324.372962 225.052977 125.721579 26.391708 -72.926766 -172.231455 -271.515318 -370.759753 -469.932348 -568.983123 -667.821480 -766.532270 -865.239150 -963.746318 -1061.959813 -1158.706452 -1251.760468 -1339.596316 -1419.903862 -1490.707499 -1550.799536 -1599.932686 -1638.741581 -1668.475389 -1690.674714 -1706.899924 -1718.557556 -1726.820837 -1732.617229 -1736.655448 -1739.479104 -1741.574074 -1743.657044 -1747.318844 -1754.727867 -1760.691571 -1862.440982 -4131.149138 -4201.693900 -4160.051153 -4126.008449 -4120.553225 -4119.985621 -4120.043795 -4120.190670 -4120.347869 -4120.498560 -4120.637812 -4120.766442 -4120.912565 -4121.352705 -4124.421742 -4143.671372 -4176.059396 -4024.934813 -1657.269384 -1719.413528 -1746.605445 -1746.756429 -1745.879475 -1745.619532 -1745.566207 -1745.557165 -1745.556152 -1745.556445 -1745.556878 -1745.557259 -1745.557573 -1745.557832 -1745.558050 -1745.558239 -1745.558407 -1745.558562 -1745.558712 -1745.558863 -1745.559027 -1745.559216 -1745.559451 -1745.559761 -1745.560195 -1745.560831 -1745.561801 -1745.563334 -1745.565836 -1745.570063 -1745.577451 -1745.590824 -1745.615862 -1745.664329 -1745.761612 -1745.965753 -1746.419018 -1747.496633 -1750.275269 -1758.195745 -1783.733195 -9999.0 -9999.0
-9999.0 -9999.0 720.692155 621.891416 522.860394 423.657677 324.372926 225.052964 125.721574 26.391707 -72.926766 -172.231455 -271.515318 -370.759753 -469.932348 -568.983123 -667.821480 -766.532270 -865.239150 -963.746318 -1061.959813 -1158.706452 -1251.760468 -1339.596316 -1419.903862 -1490.707499 -1550.799536 -1599.932686 -1638.741581 -1668.475389 -1690.674714 -1706.899924 -1718.557556 -1726.820837 -1732.617229 -1736.655448 -1739.479104 -1741.574074 -1743.657044 -1747.318844 -1754.727867 -1760.691571 -1862.440982 -4131.149138 -4201.693901 -4160.051154 -4126.008449 -4120.553225 -4119.985621 -4120.043795 -4120.190670 -4120.347869 -4120.498560 -4120.637812 -4120.766442 -4120.912565 -4121.352705 -4124.421742 -4143.671372 -4176.059396 -4024.934813 -1657.269384 -1719.413528 -1746.605445 -1746.756429 -1745.879475 -1745.619532 -1745.566207 -1745.557165 -1745.556152 -1745.556445 -1745.556878 -1745.557259 -1745.557573 -1745.557832 -1745.558050 -1745.558239 -1745.558407 -1745.558562 -1745.558712 -1745.558863 -1745.559027 -1745.559216 -1745.559451 -1745.559761 -1745.560195 -1745.560831 -1745.561801 -1745.563334 -1745.565836 -1745.570063 -1745.577451 -1745.590824 -1745.615862 -1745.664329 -1745.761612 -1745.965753 -1746.419018 -1747.496633 -1750.275269 -1758.195745 -1783.733195 -9999.0 -9999.0
-9999.0 -9999.0 720.688294 621.890126 522.860002 423.657554 324.372886 225.052950 125.721569 26.391704 -72.926767 -172.231456 -271.515318 -370.759753 -469.932347 -568.983122 -667.821480 -766.532269 -865.239150 -963.746317 -1061.959813 -1158.706452 -1251.760468 -1339.596316 -1419.903862 -1490.707499 -1550.799536 -1599.932686 -1638.741581 -1668.475389 -1690.674714 -1706.899924 -1718.557556 -1726.820837 -1732.617229 -1736.655448 -1739.479104 -1741.574074 -1743.657044 -1747.318844 -1754.727867 -1760.691571 -1862.440982 -4131.149138 -4201.693901 -4160.051156 -4126.008449 -4120.553225 -4119.985621 -4120.043795 -4120.190670 -4120.347869 -4120.498560 -4120.637812 -4120.766442 -4120.912565 -4121.352705 -4124.421742 -4143.671372 -4176.059396 -4024.934813 -1657.269384 -1719.413528 -1746.605445 -1746.756429 -1745.879475 -1745.619532 -1745.566207 -1745.557165 -1745.556152 -1745.556445 -1745.556878 -1745.557259 -1745.557573 -1745.557832 -1745.558050 -1745.558239 -1745.558407 -1745.558562 -1745.558712 -1745.558863 -1745.559027 -1745.559216 -1745.559451 -1745.559761 -1745.560195 -1745.560831 -1745.561801 -1745.563334 -1745.565836 -1745.570063 -1745.577451 -1745.590824 -1745.615862 -1745.664329 -1745.761612 -1745.965753 -1746.419018 -1747.496634 -1750.275269 -1758.195745 -1783.733195 -9999.0 -9999.0
-9999.0 -9999.0 -9999.0 -9999.0 -9999.0 -9999.0 -9999.0 -9999.0 -9999.0 -9999.0 -9999.0 -9999.0 -9999.0 -9999.0 -9999.0 -9999.0 -9999.0 -9999.0 -9999.0 -9999.0 -9999.0 -9999.0 -9999.0 -9999.0 -9999.0 -9999.0 -9999.0 -9999.0 -9999.0 -9999.0 -9999.0 -9999.0 -9999.0 -9999.0 -9999.0 -9999.0 -9999.0 -9999.0 -9999.0 -9999.0 -9999.0 -9999.0 -9999.0 -9999.0 -9999.0 -9999.0 -9999.0 -9999.0 -9999.0 -9999.0 -9999.0 -9999.0 -9999.0 -9999.0 -9999.0 -9999.0 -9999.0 -9999.0 -9999.0 -9999.0 -9999.0 -9999.0 -9999.0 -9999.0 -9999.0 -9999.0 -9999.0 -9999.0 -9999.0 -9999.0 -9999.0 -9999.0 -9999.0 -9999.0 -9999.0 -9999.0 -9999.0 -9999.0 -9999.0 -9999.0 -9999.0 -9999.0 -9999.0 -9999.0 -9999.0 -9999.0 -9999.0 -9999.0 -9999.0 -9999.0 -9999.0 -9999.0 -9999.0 -9999.0 -9999.0 -9999.0 -9999.0 -9999.0 -9999.0 -9999.0 -9999.0 -9999.0 -9999.0 -9999.0
-9999.0 -9999.0 -9999.0 -9999.0 -9999.0 -9999.0 -9999.0 -9999.0 -9999.0 -9999.0 -9999.0 -9999.0 -9999.0 -9999.0 -9999.0 -9999.0 -9999.0 -9999.0 -9999.0 -9999.0 -9999.0 -9999.0 -9999.0 -9999.0 -9999.0 -9999.0 -9999.0 -9999.0 -9999.0 -9999.0 -9999.0 -9999.0 -9999.0 -9999.0 -9999.0 -9999.0 -9999.0 -9999.0 -9999.0 -9999.0 -9999.0 -9999.0 -9999.0 -9999.0 -9999.0 -9999.0 -9999.0 -9999.0 -9999.0 -9999.0 -9999.0 -9999.0 -9999.0 -9999.0 -9999.0 -9999.0 -9999.0 -9999.0 -9999.0 -9999.0 -9999.0 -9999.0 -9999.0 -9999.0 -9999.0 -9999.0 -9999.0 -9999.0 -9999.0 -9999.0 -9999.0 -9999.0 -9999.0 -9999.0 -9999.0 -9999.0 -9999.0 -9999.0 -9999.0 -9999.0 -9999.0 -9999.0 -9999.0 -9999.0 -9999.0 -9999.0 -9999.0 -9999.0 -9999.0 -9999.0 -9999.0 -9999.0 -9999.0 -9999.0 -9999.0 -9999.0 -9999.0 -9999.0 -9999.0 -9999.0 -9999.0 -9999.0 -9999.0 -9999.0