inst/processing_geotop_simulation/geotop_simulation/out/maps3D/PwL0001N0338.asc
ncols         104
nrows         10
xllcorner     -2.000000
yllcorner     0.000000
cellsize      1.000000
NODATA_value  -9999.0
-9999.0 -9999.0 -9999.0 -9999.0 -9999.0 -9999.0 -9999.0 -9999.0 -9999.0 -9999.0 -9999.0 -9999.0 -9999.0 -9999.0 -9999.0 -9999.0 -9999.0 -9999.0 -9999.0 -9999.0 -9999.0 -9999.0 -9999.0 -9999.0 -9999.0 -9999.0 -9999.0 -9999.0 -9999.0 -9999.0 -9999.0 -9999.0 -9999.0 -9999.0 -9999.0 -9999.0 -9999.0 -9999.0 -9999.0 -9999.0 -9999.0 -9999.0 -9999.0 -9999.0 -9999.0 -9999.0 -9999.0 -9999.0 -9999.0 -9999.0 -9999.0 -9999.0 -9999.0 -9999.0 -9999.0 -9999.0 -9999.0 -9999.0 -9999.0 -9999.0 -9999.0 -9999.0 -9999.0 -9999.0 -9999.0 -9999.0 -9999.0 -9999.0 -9999.0 -9999.0 -9999.0 -9999.0 -9999.0 -9999.0 -9999.0 -9999.0 -9999.0 -9999.0 -9999.0 -9999.0 -9999.0 -9999.0 -9999.0 -9999.0 -9999.0 -9999.0 -9999.0 -9999.0 -9999.0 -9999.0 -9999.0 -9999.0 -9999.0 -9999.0 -9999.0 -9999.0 -9999.0 -9999.0 -9999.0 -9999.0 -9999.0 -9999.0 -9999.0 -9999.0
-9999.0 -9999.0 -9999.0 -9999.0 -9999.0 -9999.0 -9999.0 -9999.0 -9999.0 -9999.0 -9999.0 -9999.0 -9999.0 -9999.0 -9999.0 -9999.0 -9999.0 -9999.0 -9999.0 -9999.0 -9999.0 -9999.0 -9999.0 -9999.0 -9999.0 -9999.0 -9999.0 -9999.0 -9999.0 -9999.0 -9999.0 -9999.0 -9999.0 -9999.0 -9999.0 -9999.0 -9999.0 -9999.0 -9999.0 -9999.0 -9999.0 -9999.0 -9999.0 -9999.0 -9999.0 -9999.0 -9999.0 -9999.0 -9999.0 -9999.0 -9999.0 -9999.0 -9999.0 -9999.0 -9999.0 -9999.0 -9999.0 -9999.0 -9999.0 -9999.0 -9999.0 -9999.0 -9999.0 -9999.0 -9999.0 -9999.0 -9999.0 -9999.0 -9999.0 -9999.0 -9999.0 -9999.0 -9999.0 -9999.0 -9999.0 -9999.0 -9999.0 -9999.0 -9999.0 -9999.0 -9999.0 -9999.0 -9999.0 -9999.0 -9999.0 -9999.0 -9999.0 -9999.0 -9999.0 -9999.0 -9999.0 -9999.0 -9999.0 -9999.0 -9999.0 -9999.0 -9999.0 -9999.0 -9999.0 -9999.0 -9999.0 -9999.0 -9999.0 -9999.0
-9999.0 -9999.0 26.550805 -70.016177 -168.455512 -267.299803 -366.291392 -465.332812 -564.374869 -663.376843 -762.271052 -861.006491 -959.538629 -1057.801277 -1155.988921 -1254.052466 -1351.497582 -1447.912539 -1542.620667 -1634.499748 -1721.440130 -1800.124638 -1867.299401 -1921.387611 -1962.855001 -1993.496977 -2015.552375 -2031.130602 -2041.977313 -2049.442153 -2054.529394 -2057.967809 -2060.276158 -2061.817755 -2062.843907 -2063.528822 -2064.003041 -2064.415674 -2065.151712 -2067.407247 -2070.947300 -2021.481927 -1246.519662 -1243.014408 -1232.946238 -1226.379265 -1223.290075 -1222.810432 -1222.758607 -1222.763698 -1222.777074 -1222.791474 -1222.805319 -1222.818143 -1222.830067 -1222.844105 -1222.888335 -1223.179264 -1224.838677 -1228.513218 -1233.643429 -1229.897840 -1998.448433 -2065.067479 -2065.979324 -2065.185224 -2064.984912 -2064.949033 -2064.943641 -2064.943344 -2064.943814 -2064.944307 -2064.944709 -2064.945019 -2064.945258 -2064.945445 -2064.945594 -2064.945715 -2064.945818 -2064.945910 -2064.946002 -2064.946104 -2064.946233 -2064.946411 -2064.946674 -2064.947077 -2064.947710 -2064.948725 -2064.950379 -2064.953132 -2064.957822 -2064.966033 -2064.980847 -2065.008378 -2065.061006 -2065.164462 -2065.374728 -2065.822279 -2066.838019 -2069.350638 -2076.367202 -2099.628738 -9999.0 -9999.0
-9999.0 -9999.0 26.562651 -70.014211 -168.455022 -267.299661 -366.291346 -465.332797 -564.374863 -663.376841 -762.271051 -861.006490 -959.538629 -1057.801277 -1155.988921 -1254.052466 -1351.497582 -1447.912539 -1542.620667 -1634.499748 -1721.440130 -1800.124638 -1867.299402 -1921.387611 -1962.855002 -1993.496977 -2015.552375 -2031.130602 -2041.977313 -2049.442153 -2054.529394 -2057.967809 -2060.276158 -2061.817755 -2062.843907 -2063.528822 -2064.003041 -2064.415674 -2065.151712 -2067.407247 -2070.947300 -2021.481927 -1246.519662 -1243.014408 -1232.946238 -1226.379265 -1223.290075 -1222.810432 -1222.758607 -1222.763698 -1222.777074 -1222.791474 -1222.805319 -1222.818143 -1222.830067 -1222.844105 -1222.888335 -1223.179264 -1224.838677 -1228.513218 -1233.643429 -1229.897840 -1998.448433 -2065.067479 -2065.979324 -2065.185224 -2064.984912 -2064.949033 -2064.943641 -2064.943344 -2064.943814 -2064.944307 -2064.944709 -2064.945019 -2064.945258 -2064.945445 -2064.945594 -2064.945715 -2064.945818 -2064.945910 -2064.946002 -2064.946104 -2064.946233 -2064.946411 -2064.946674 -2064.947077 -2064.947710 -2064.948725 -2064.950379 -2064.953132 -2064.957822 -2064.966033 -2064.980847 -2065.008378 -2065.061006 -2065.164462 -2065.374728 -2065.822279 -2066.838019 -2069.350638 -2076.367202 -2099.628738 -9999.0 -9999.0
-9999.0 -9999.0 26.563745 -70.013425 -168.454712 -267.299548 -366.291307 -465.332782 -564.374858 -663.376839 -762.271050 -861.006490 -959.538629 -1057.801277 -1155.988921 -1254.052466 -1351.497582 -1447.912539 -1542.620668 -1634.499748 -1721.440130 -1800.124638 -1867.299402 -1921.387611 -1962.855002 -1993.496977 -2015.552375 -2031.130602 -2041.977313 -2049.442153 -2054.529394 -2057.967809 -2060.276158 -2061.817755 -2062.843907 -2063.528822 -2064.003041 -2064.415674 -2065.151712 -2067.407247 -2070.947300 -2021.481927 -1246.519662 -1243.014408 -1232.946238 -1226.379265 -1223.290075 -1222.810432 -1222.758607 -1222.763698 -1222.777074 -1222.791474 -1222.805319 -1222.818143 -1222.830067 -1222.844105 -1222.888335 -1223.179264 -1224.838677 -1228.513218 -1233.643429 -1229.897840 -1998.448433 -2065.067479 -2065.979324 -2065.185224 -2064.984912 -2064.949033 -2064.943641 -2064.943344 -2064.943814 -2064.944307 -2064.944709 -2064.945019 -2064.945258 -2064.945445 -2064.945594 -2064.945715 -2064.945818 -2064.945910 -2064.946002 -2064.946104 -2064.946233 -2064.946411 -2064.946674 -2064.947077 -2064.947710 -2064.948725 -2064.950379 -2064.953132 -2064.957822 -2064.966033 -2064.980847 -2065.008378 -2065.061006 -2065.164462 -2065.374728 -2065.822279 -2066.838019 -2069.350638 -2076.367202 -2099.628738 -9999.0 -9999.0
-9999.0 -9999.0 26.563745 -70.013425 -168.454712 -267.299549 -366.291306 -465.332782 -564.374858 -663.376839 -762.271050 -861.006490 -959.538629 -1057.801277 -1155.988921 -1254.052466 -1351.497582 -1447.912539 -1542.620668 -1634.499748 -1721.440130 -1800.124638 -1867.299402 -1921.387611 -1962.855002 -1993.496977 -2015.552375 -2031.130602 -2041.977313 -2049.442153 -2054.529394 -2057.967809 -2060.276158 -2061.817755 -2062.843907 -2063.528822 -2064.003041 -2064.415674 -2065.151712 -2067.407247 -2070.947300 -2021.481927 -1246.519662 -1243.014408 -1232.946238 -1226.379265 -1223.290075 -1222.810432 -1222.758607 -1222.763698 -1222.777074 -1222.791474 -1222.805319 -1222.818143 -1222.830067 -1222.844105 -1222.888335 -1223.179264 -1224.838677 -1228.513218 -1233.643429 -1229.897840 -1998.448433 -2065.067479 -2065.979324 -2065.185224 -2064.984912 -2064.949033 -2064.943641 -2064.943344 -2064.943814 -2064.944307 -2064.944709 -2064.945019 -2064.945258 -2064.945445 -2064.945594 -2064.945715 -2064.945818 -2064.945910 -2064.946002 -2064.946104 -2064.946233 -2064.946411 -2064.946674 -2064.947077 -2064.947710 -2064.948725 -2064.950379 -2064.953132 -2064.957822 -2064.966033 -2064.980847 -2065.008378 -2065.061006 -2065.164462 -2065.374728 -2065.822279 -2066.838019 -2069.350638 -2076.367202 -2099.628738 -9999.0 -9999.0
-9999.0 -9999.0 26.562651 -70.014211 -168.455022 -267.299661 -366.291346 -465.332797 -564.374863 -663.376841 -762.271051 -861.006490 -959.538629 -1057.801277 -1155.988921 -1254.052466 -1351.497582 -1447.912539 -1542.620668 -1634.499748 -1721.440130 -1800.124638 -1867.299402 -1921.387611 -1962.855002 -1993.496977 -2015.552375 -2031.130602 -2041.977313 -2049.442153 -2054.529394 -2057.967809 -2060.276158 -2061.817755 -2062.843907 -2063.528822 -2064.003041 -2064.415674 -2065.151712 -2067.407247 -2070.947300 -2021.481927 -1246.519662 -1243.014408 -1232.946238 -1226.379265 -1223.290075 -1222.810432 -1222.758607 -1222.763698 -1222.777074 -1222.791474 -1222.805319 -1222.818143 -1222.830067 -1222.844105 -1222.888335 -1223.179264 -1224.838677 -1228.513218 -1233.643429 -1229.897840 -1998.448433 -2065.067479 -2065.979324 -2065.185224 -2064.984912 -2064.949033 -2064.943641 -2064.943344 -2064.943814 -2064.944307 -2064.944709 -2064.945019 -2064.945258 -2064.945445 -2064.945594 -2064.945715 -2064.945818 -2064.945910 -2064.946002 -2064.946104 -2064.946233 -2064.946411 -2064.946674 -2064.947077 -2064.947710 -2064.948725 -2064.950379 -2064.953132 -2064.957822 -2064.966033 -2064.980847 -2065.008378 -2065.061006 -2065.164462 -2065.374728 -2065.822279 -2066.838019 -2069.350638 -2076.367202 -2099.628738 -9999.0 -9999.0
-9999.0 -9999.0 26.550805 -70.016177 -168.455512 -267.299803 -366.291392 -465.332812 -564.374869 -663.376843 -762.271052 -861.006491 -959.538629 -1057.801277 -1155.988921 -1254.052466 -1351.497582 -1447.912539 -1542.620667 -1634.499748 -1721.440130 -1800.124638 -1867.299401 -1921.387611 -1962.855001 -1993.496977 -2015.552375 -2031.130602 -2041.977313 -2049.442153 -2054.529394 -2057.967809 -2060.276158 -2061.817755 -2062.843907 -2063.528822 -2064.003041 -2064.415674 -2065.151712 -2067.407247 -2070.947300 -2021.481927 -1246.519662 -1243.014408 -1232.946238 -1226.379265 -1223.290075 -1222.810432 -1222.758607 -1222.763698 -1222.777074 -1222.791474 -1222.805319 -1222.818143 -1222.830067 -1222.844105 -1222.888335 -1223.179264 -1224.838677 -1228.513218 -1233.643429 -1229.897840 -1998.448433 -2065.067479 -2065.979324 -2065.185224 -2064.984912 -2064.949033 -2064.943641 -2064.943344 -2064.943814 -2064.944307 -2064.944709 -2064.945019 -2064.945258 -2064.945445 -2064.945594 -2064.945715 -2064.945818 -2064.945910 -2064.946002 -2064.946104 -2064.946233 -2064.946411 -2064.946674 -2064.947077 -2064.947710 -2064.948725 -2064.950379 -2064.953132 -2064.957822 -2064.966033 -2064.980847 -2065.008378 -2065.061006 -2065.164462 -2065.374728 -2065.822279 -2066.838019 -2069.350638 -2076.367202 -2099.628738 -9999.0 -9999.0
-9999.0 -9999.0 -9999.0 -9999.0 -9999.0 -9999.0 -9999.0 -9999.0 -9999.0 -9999.0 -9999.0 -9999.0 -9999.0 -9999.0 -9999.0 -9999.0 -9999.0 -9999.0 -9999.0 -9999.0 -9999.0 -9999.0 -9999.0 -9999.0 -9999.0 -9999.0 -9999.0 -9999.0 -9999.0 -9999.0 -9999.0 -9999.0 -9999.0 -9999.0 -9999.0 -9999.0 -9999.0 -9999.0 -9999.0 -9999.0 -9999.0 -9999.0 -9999.0 -9999.0 -9999.0 -9999.0 -9999.0 -9999.0 -9999.0 -9999.0 -9999.0 -9999.0 -9999.0 -9999.0 -9999.0 -9999.0 -9999.0 -9999.0 -9999.0 -9999.0 -9999.0 -9999.0 -9999.0 -9999.0 -9999.0 -9999.0 -9999.0 -9999.0 -9999.0 -9999.0 -9999.0 -9999.0 -9999.0 -9999.0 -9999.0 -9999.0 -9999.0 -9999.0 -9999.0 -9999.0 -9999.0 -9999.0 -9999.0 -9999.0 -9999.0 -9999.0 -9999.0 -9999.0 -9999.0 -9999.0 -9999.0 -9999.0 -9999.0 -9999.0 -9999.0 -9999.0 -9999.0 -9999.0 -9999.0 -9999.0 -9999.0 -9999.0 -9999.0 -9999.0
-9999.0 -9999.0 -9999.0 -9999.0 -9999.0 -9999.0 -9999.0 -9999.0 -9999.0 -9999.0 -9999.0 -9999.0 -9999.0 -9999.0 -9999.0 -9999.0 -9999.0 -9999.0 -9999.0 -9999.0 -9999.0 -9999.0 -9999.0 -9999.0 -9999.0 -9999.0 -9999.0 -9999.0 -9999.0 -9999.0 -9999.0 -9999.0 -9999.0 -9999.0 -9999.0 -9999.0 -9999.0 -9999.0 -9999.0 -9999.0 -9999.0 -9999.0 -9999.0 -9999.0 -9999.0 -9999.0 -9999.0 -9999.0 -9999.0 -9999.0 -9999.0 -9999.0 -9999.0 -9999.0 -9999.0 -9999.0 -9999.0 -9999.0 -9999.0 -9999.0 -9999.0 -9999.0 -9999.0 -9999.0 -9999.0 -9999.0 -9999.0 -9999.0 -9999.0 -9999.0 -9999.0 -9999.0 -9999.0 -9999.0 -9999.0 -9999.0 -9999.0 -9999.0 -9999.0 -9999.0 -9999.0 -9999.0 -9999.0 -9999.0 -9999.0 -9999.0 -9999.0 -9999.0 -9999.0 -9999.0 -9999.0 -9999.0 -9999.0 -9999.0 -9999.0 -9999.0 -9999.0 -9999.0 -9999.0 -9999.0 -9999.0 -9999.0 -9999.0 -9999.0