inst/processing_geotop_simulation/geotop_simulation/out/maps3D/PwL0002N0342.asc
ncols         104
nrows         10
xllcorner     -2.000000
yllcorner     0.000000
cellsize      1.000000
NODATA_value  -9999.0
-9999.0 -9999.0 -9999.0 -9999.0 -9999.0 -9999.0 -9999.0 -9999.0 -9999.0 -9999.0 -9999.0 -9999.0 -9999.0 -9999.0 -9999.0 -9999.0 -9999.0 -9999.0 -9999.0 -9999.0 -9999.0 -9999.0 -9999.0 -9999.0 -9999.0 -9999.0 -9999.0 -9999.0 -9999.0 -9999.0 -9999.0 -9999.0 -9999.0 -9999.0 -9999.0 -9999.0 -9999.0 -9999.0 -9999.0 -9999.0 -9999.0 -9999.0 -9999.0 -9999.0 -9999.0 -9999.0 -9999.0 -9999.0 -9999.0 -9999.0 -9999.0 -9999.0 -9999.0 -9999.0 -9999.0 -9999.0 -9999.0 -9999.0 -9999.0 -9999.0 -9999.0 -9999.0 -9999.0 -9999.0 -9999.0 -9999.0 -9999.0 -9999.0 -9999.0 -9999.0 -9999.0 -9999.0 -9999.0 -9999.0 -9999.0 -9999.0 -9999.0 -9999.0 -9999.0 -9999.0 -9999.0 -9999.0 -9999.0 -9999.0 -9999.0 -9999.0 -9999.0 -9999.0 -9999.0 -9999.0 -9999.0 -9999.0 -9999.0 -9999.0 -9999.0 -9999.0 -9999.0 -9999.0 -9999.0 -9999.0 -9999.0 -9999.0 -9999.0 -9999.0
-9999.0 -9999.0 -9999.0 -9999.0 -9999.0 -9999.0 -9999.0 -9999.0 -9999.0 -9999.0 -9999.0 -9999.0 -9999.0 -9999.0 -9999.0 -9999.0 -9999.0 -9999.0 -9999.0 -9999.0 -9999.0 -9999.0 -9999.0 -9999.0 -9999.0 -9999.0 -9999.0 -9999.0 -9999.0 -9999.0 -9999.0 -9999.0 -9999.0 -9999.0 -9999.0 -9999.0 -9999.0 -9999.0 -9999.0 -9999.0 -9999.0 -9999.0 -9999.0 -9999.0 -9999.0 -9999.0 -9999.0 -9999.0 -9999.0 -9999.0 -9999.0 -9999.0 -9999.0 -9999.0 -9999.0 -9999.0 -9999.0 -9999.0 -9999.0 -9999.0 -9999.0 -9999.0 -9999.0 -9999.0 -9999.0 -9999.0 -9999.0 -9999.0 -9999.0 -9999.0 -9999.0 -9999.0 -9999.0 -9999.0 -9999.0 -9999.0 -9999.0 -9999.0 -9999.0 -9999.0 -9999.0 -9999.0 -9999.0 -9999.0 -9999.0 -9999.0 -9999.0 -9999.0 -9999.0 -9999.0 -9999.0 -9999.0 -9999.0 -9999.0 -9999.0 -9999.0 -9999.0 -9999.0 -9999.0 -9999.0 -9999.0 -9999.0 -9999.0 -9999.0
-9999.0 -9999.0 76.207773 -20.616056 -119.090103 -217.959101 -316.972709 -416.036444 -515.101925 -614.132342 -713.051789 -811.825720 -910.408013 -1008.735150 -1106.996459 -1205.143021 -1302.705796 -1399.295396 -1494.261169 -1586.512448 -1674.010551 -1753.519739 -1821.772211 -1877.064016 -1919.704051 -1951.376204 -1974.271988 -1990.501159 -2001.834188 -2009.653193 -2014.993617 -2018.610528 -2021.043378 -2022.671095 -2023.756443 -2024.481911 -2024.984141 -2025.417622 -2026.173841 -2028.447991 -2031.930177 -1982.552446 -1215.519896 -1213.626133 -1203.117257 -1196.247558 -1193.017279 -1192.516533 -1192.462421 -1192.467638 -1192.481471 -1192.496367 -1192.510689 -1192.523956 -1192.536294 -1192.550846 -1192.596875 -1192.900176 -1194.633624 -1198.471269 -1203.771273 -1198.086652 -1959.158330 -2026.000264 -2027.014985 -2026.226193 -2026.024171 -2025.987732 -2025.982225 -2025.981902 -2025.982362 -2025.982849 -2025.983247 -2025.983554 -2025.983791 -2025.983976 -2025.984124 -2025.984244 -2025.984346 -2025.984438 -2025.984530 -2025.984632 -2025.984760 -2025.984937 -2025.985198 -2025.985598 -2025.986226 -2025.987232 -2025.988873 -2025.991604 -2025.996256 -2026.004405 -2026.019111 -2026.046452 -2026.098740 -2026.201599 -2026.410879 -2026.857017 -2027.871501 -2030.386411 -2037.422917 -2060.755740 -9999.0 -9999.0
-9999.0 -9999.0 76.218686 -20.614105 -119.089615 -217.958959 -316.972664 -416.036429 -515.101920 -614.132340 -713.051788 -811.825720 -910.408012 -1008.735150 -1106.996459 -1205.143021 -1302.705796 -1399.295396 -1494.261169 -1586.512448 -1674.010551 -1753.519739 -1821.772211 -1877.064017 -1919.704051 -1951.376204 -1974.271988 -1990.501159 -2001.834188 -2009.653193 -2014.993617 -2018.610528 -2021.043378 -2022.671095 -2023.756443 -2024.481911 -2024.984141 -2025.417622 -2026.173841 -2028.447991 -2031.930177 -1982.552446 -1215.519896 -1213.626133 -1203.117257 -1196.247558 -1193.017279 -1192.516533 -1192.462421 -1192.467638 -1192.481471 -1192.496367 -1192.510689 -1192.523956 -1192.536294 -1192.550846 -1192.596875 -1192.900176 -1194.633624 -1198.471269 -1203.771273 -1198.086652 -1959.158330 -2026.000264 -2027.014985 -2026.226193 -2026.024171 -2025.987732 -2025.982225 -2025.981902 -2025.982362 -2025.982849 -2025.983247 -2025.983554 -2025.983791 -2025.983976 -2025.984124 -2025.984244 -2025.984346 -2025.984438 -2025.984530 -2025.984632 -2025.984760 -2025.984937 -2025.985198 -2025.985598 -2025.986226 -2025.987232 -2025.988873 -2025.991604 -2025.996256 -2026.004405 -2026.019111 -2026.046452 -2026.098740 -2026.201599 -2026.410879 -2026.857017 -2027.871501 -2030.386411 -2037.422917 -2060.755740 -9999.0 -9999.0
-9999.0 -9999.0 76.219870 -20.613321 -119.089307 -217.958847 -316.972624 -416.036415 -515.101915 -614.132338 -713.051787 -811.825719 -910.408012 -1008.735150 -1106.996459 -1205.143021 -1302.705796 -1399.295396 -1494.261169 -1586.512448 -1674.010551 -1753.519739 -1821.772212 -1877.064017 -1919.704051 -1951.376204 -1974.271988 -1990.501159 -2001.834188 -2009.653193 -2014.993617 -2018.610528 -2021.043378 -2022.671095 -2023.756443 -2024.481911 -2024.984141 -2025.417622 -2026.173841 -2028.447991 -2031.930177 -1982.552446 -1215.519896 -1213.626133 -1203.117257 -1196.247558 -1193.017279 -1192.516533 -1192.462421 -1192.467638 -1192.481471 -1192.496367 -1192.510689 -1192.523956 -1192.536294 -1192.550846 -1192.596875 -1192.900176 -1194.633624 -1198.471269 -1203.771273 -1198.086652 -1959.158330 -2026.000264 -2027.014985 -2026.226193 -2026.024171 -2025.987732 -2025.982225 -2025.981902 -2025.982362 -2025.982849 -2025.983247 -2025.983554 -2025.983791 -2025.983976 -2025.984124 -2025.984244 -2025.984346 -2025.984438 -2025.984530 -2025.984632 -2025.984760 -2025.984937 -2025.985198 -2025.985598 -2025.986226 -2025.987232 -2025.988873 -2025.991604 -2025.996256 -2026.004405 -2026.019111 -2026.046452 -2026.098740 -2026.201599 -2026.410879 -2026.857017 -2027.871501 -2030.386411 -2037.422917 -2060.755740 -9999.0 -9999.0
-9999.0 -9999.0 76.219870 -20.613321 -119.089307 -217.958847 -316.972624 -416.036415 -515.101915 -614.132338 -713.051787 -811.825719 -910.408012 -1008.735150 -1106.996459 -1205.143021 -1302.705796 -1399.295396 -1494.261169 -1586.512448 -1674.010551 -1753.519739 -1821.772212 -1877.064017 -1919.704051 -1951.376204 -1974.271988 -1990.501159 -2001.834188 -2009.653193 -2014.993617 -2018.610528 -2021.043378 -2022.671095 -2023.756443 -2024.481911 -2024.984141 -2025.417622 -2026.173841 -2028.447991 -2031.930177 -1982.552446 -1215.519896 -1213.626133 -1203.117257 -1196.247558 -1193.017279 -1192.516533 -1192.462421 -1192.467638 -1192.481471 -1192.496367 -1192.510689 -1192.523956 -1192.536294 -1192.550846 -1192.596875 -1192.900176 -1194.633624 -1198.471269 -1203.771273 -1198.086652 -1959.158330 -2026.000264 -2027.014985 -2026.226193 -2026.024171 -2025.987732 -2025.982225 -2025.981902 -2025.982362 -2025.982849 -2025.983247 -2025.983554 -2025.983791 -2025.983976 -2025.984124 -2025.984244 -2025.984346 -2025.984438 -2025.984530 -2025.984632 -2025.984760 -2025.984937 -2025.985198 -2025.985598 -2025.986226 -2025.987232 -2025.988873 -2025.991604 -2025.996256 -2026.004405 -2026.019111 -2026.046452 -2026.098740 -2026.201599 -2026.410879 -2026.857017 -2027.871501 -2030.386411 -2037.422917 -2060.755740 -9999.0 -9999.0
-9999.0 -9999.0 76.218686 -20.614105 -119.089615 -217.958959 -316.972664 -416.036429 -515.101920 -614.132340 -713.051788 -811.825720 -910.408012 -1008.735150 -1106.996459 -1205.143021 -1302.705796 -1399.295396 -1494.261169 -1586.512448 -1674.010551 -1753.519739 -1821.772211 -1877.064017 -1919.704051 -1951.376204 -1974.271988 -1990.501159 -2001.834188 -2009.653193 -2014.993617 -2018.610528 -2021.043378 -2022.671095 -2023.756443 -2024.481911 -2024.984141 -2025.417622 -2026.173841 -2028.447991 -2031.930177 -1982.552446 -1215.519896 -1213.626133 -1203.117257 -1196.247558 -1193.017279 -1192.516533 -1192.462421 -1192.467638 -1192.481471 -1192.496367 -1192.510689 -1192.523956 -1192.536294 -1192.550846 -1192.596875 -1192.900176 -1194.633624 -1198.471269 -1203.771273 -1198.086652 -1959.158330 -2026.000264 -2027.014985 -2026.226193 -2026.024171 -2025.987732 -2025.982225 -2025.981902 -2025.982362 -2025.982849 -2025.983247 -2025.983554 -2025.983791 -2025.983976 -2025.984124 -2025.984244 -2025.984346 -2025.984438 -2025.984530 -2025.984632 -2025.984760 -2025.984937 -2025.985198 -2025.985598 -2025.986226 -2025.987232 -2025.988873 -2025.991604 -2025.996256 -2026.004405 -2026.019111 -2026.046452 -2026.098740 -2026.201599 -2026.410879 -2026.857017 -2027.871501 -2030.386411 -2037.422917 -2060.755740 -9999.0 -9999.0
-9999.0 -9999.0 76.207773 -20.616056 -119.090103 -217.959101 -316.972709 -416.036444 -515.101925 -614.132342 -713.051789 -811.825720 -910.408013 -1008.735150 -1106.996459 -1205.143021 -1302.705796 -1399.295396 -1494.261169 -1586.512448 -1674.010551 -1753.519739 -1821.772211 -1877.064016 -1919.704051 -1951.376204 -1974.271988 -1990.501159 -2001.834188 -2009.653193 -2014.993617 -2018.610528 -2021.043378 -2022.671095 -2023.756443 -2024.481911 -2024.984141 -2025.417622 -2026.173841 -2028.447991 -2031.930177 -1982.552446 -1215.519896 -1213.626133 -1203.117257 -1196.247558 -1193.017279 -1192.516533 -1192.462421 -1192.467638 -1192.481471 -1192.496367 -1192.510689 -1192.523956 -1192.536294 -1192.550846 -1192.596875 -1192.900176 -1194.633624 -1198.471269 -1203.771273 -1198.086652 -1959.158330 -2026.000264 -2027.014985 -2026.226193 -2026.024171 -2025.987732 -2025.982225 -2025.981902 -2025.982362 -2025.982849 -2025.983247 -2025.983554 -2025.983791 -2025.983976 -2025.984124 -2025.984244 -2025.984346 -2025.984438 -2025.984530 -2025.984632 -2025.984760 -2025.984937 -2025.985198 -2025.985598 -2025.986226 -2025.987232 -2025.988873 -2025.991604 -2025.996256 -2026.004405 -2026.019111 -2026.046452 -2026.098740 -2026.201599 -2026.410879 -2026.857017 -2027.871501 -2030.386411 -2037.422917 -2060.755740 -9999.0 -9999.0
-9999.0 -9999.0 -9999.0 -9999.0 -9999.0 -9999.0 -9999.0 -9999.0 -9999.0 -9999.0 -9999.0 -9999.0 -9999.0 -9999.0 -9999.0 -9999.0 -9999.0 -9999.0 -9999.0 -9999.0 -9999.0 -9999.0 -9999.0 -9999.0 -9999.0 -9999.0 -9999.0 -9999.0 -9999.0 -9999.0 -9999.0 -9999.0 -9999.0 -9999.0 -9999.0 -9999.0 -9999.0 -9999.0 -9999.0 -9999.0 -9999.0 -9999.0 -9999.0 -9999.0 -9999.0 -9999.0 -9999.0 -9999.0 -9999.0 -9999.0 -9999.0 -9999.0 -9999.0 -9999.0 -9999.0 -9999.0 -9999.0 -9999.0 -9999.0 -9999.0 -9999.0 -9999.0 -9999.0 -9999.0 -9999.0 -9999.0 -9999.0 -9999.0 -9999.0 -9999.0 -9999.0 -9999.0 -9999.0 -9999.0 -9999.0 -9999.0 -9999.0 -9999.0 -9999.0 -9999.0 -9999.0 -9999.0 -9999.0 -9999.0 -9999.0 -9999.0 -9999.0 -9999.0 -9999.0 -9999.0 -9999.0 -9999.0 -9999.0 -9999.0 -9999.0 -9999.0 -9999.0 -9999.0 -9999.0 -9999.0 -9999.0 -9999.0 -9999.0 -9999.0
-9999.0 -9999.0 -9999.0 -9999.0 -9999.0 -9999.0 -9999.0 -9999.0 -9999.0 -9999.0 -9999.0 -9999.0 -9999.0 -9999.0 -9999.0 -9999.0 -9999.0 -9999.0 -9999.0 -9999.0 -9999.0 -9999.0 -9999.0 -9999.0 -9999.0 -9999.0 -9999.0 -9999.0 -9999.0 -9999.0 -9999.0 -9999.0 -9999.0 -9999.0 -9999.0 -9999.0 -9999.0 -9999.0 -9999.0 -9999.0 -9999.0 -9999.0 -9999.0 -9999.0 -9999.0 -9999.0 -9999.0 -9999.0 -9999.0 -9999.0 -9999.0 -9999.0 -9999.0 -9999.0 -9999.0 -9999.0 -9999.0 -9999.0 -9999.0 -9999.0 -9999.0 -9999.0 -9999.0 -9999.0 -9999.0 -9999.0 -9999.0 -9999.0 -9999.0 -9999.0 -9999.0 -9999.0 -9999.0 -9999.0 -9999.0 -9999.0 -9999.0 -9999.0 -9999.0 -9999.0 -9999.0 -9999.0 -9999.0 -9999.0 -9999.0 -9999.0 -9999.0 -9999.0 -9999.0 -9999.0 -9999.0 -9999.0 -9999.0 -9999.0 -9999.0 -9999.0 -9999.0 -9999.0 -9999.0 -9999.0 -9999.0 -9999.0 -9999.0 -9999.0