inst/processing_geotop_simulation/geotop_simulation/out/maps3D/PwL0022N0339.asc
ncols         104
nrows         10
xllcorner     -2.000000
yllcorner     0.000000
cellsize      1.000000
NODATA_value  -9999.0
-9999.0 -9999.0 -9999.0 -9999.0 -9999.0 -9999.0 -9999.0 -9999.0 -9999.0 -9999.0 -9999.0 -9999.0 -9999.0 -9999.0 -9999.0 -9999.0 -9999.0 -9999.0 -9999.0 -9999.0 -9999.0 -9999.0 -9999.0 -9999.0 -9999.0 -9999.0 -9999.0 -9999.0 -9999.0 -9999.0 -9999.0 -9999.0 -9999.0 -9999.0 -9999.0 -9999.0 -9999.0 -9999.0 -9999.0 -9999.0 -9999.0 -9999.0 -9999.0 -9999.0 -9999.0 -9999.0 -9999.0 -9999.0 -9999.0 -9999.0 -9999.0 -9999.0 -9999.0 -9999.0 -9999.0 -9999.0 -9999.0 -9999.0 -9999.0 -9999.0 -9999.0 -9999.0 -9999.0 -9999.0 -9999.0 -9999.0 -9999.0 -9999.0 -9999.0 -9999.0 -9999.0 -9999.0 -9999.0 -9999.0 -9999.0 -9999.0 -9999.0 -9999.0 -9999.0 -9999.0 -9999.0 -9999.0 -9999.0 -9999.0 -9999.0 -9999.0 -9999.0 -9999.0 -9999.0 -9999.0 -9999.0 -9999.0 -9999.0 -9999.0 -9999.0 -9999.0 -9999.0 -9999.0 -9999.0 -9999.0 -9999.0 -9999.0 -9999.0 -9999.0
-9999.0 -9999.0 -9999.0 -9999.0 -9999.0 -9999.0 -9999.0 -9999.0 -9999.0 -9999.0 -9999.0 -9999.0 -9999.0 -9999.0 -9999.0 -9999.0 -9999.0 -9999.0 -9999.0 -9999.0 -9999.0 -9999.0 -9999.0 -9999.0 -9999.0 -9999.0 -9999.0 -9999.0 -9999.0 -9999.0 -9999.0 -9999.0 -9999.0 -9999.0 -9999.0 -9999.0 -9999.0 -9999.0 -9999.0 -9999.0 -9999.0 -9999.0 -9999.0 -9999.0 -9999.0 -9999.0 -9999.0 -9999.0 -9999.0 -9999.0 -9999.0 -9999.0 -9999.0 -9999.0 -9999.0 -9999.0 -9999.0 -9999.0 -9999.0 -9999.0 -9999.0 -9999.0 -9999.0 -9999.0 -9999.0 -9999.0 -9999.0 -9999.0 -9999.0 -9999.0 -9999.0 -9999.0 -9999.0 -9999.0 -9999.0 -9999.0 -9999.0 -9999.0 -9999.0 -9999.0 -9999.0 -9999.0 -9999.0 -9999.0 -9999.0 -9999.0 -9999.0 -9999.0 -9999.0 -9999.0 -9999.0 -9999.0 -9999.0 -9999.0 -9999.0 -9999.0 -9999.0 -9999.0 -9999.0 -9999.0 -9999.0 -9999.0 -9999.0 -9999.0
-9999.0 -9999.0 1068.987434 970.183038 871.351100 772.387137 673.344248 574.265467 475.176040 376.090166 277.015912 177.957984 78.919231 -20.095802 -119.083500 -218.038223 -316.933582 -415.717413 -514.288607 -612.461339 -709.904156 -807.523386 -904.559594 -1000.776640 -1095.869423 -1180.263687 -1256.240468 -1322.185939 -1377.279637 -1421.617565 -1456.091402 -1482.101325 -1501.237841 -1515.033948 -1524.822735 -1531.688161 -1536.486059 -1539.949880 -1543.034660 -1547.975606 -1560.982584 -1600.472918 -1628.749076 -2360.813916 -3580.212142 -3547.629857 -2870.518153 -2493.801984 -2298.814029 -2174.321269 -2084.083035 -2006.985140 -1958.897988 -1927.206707 -1897.336945 -1865.531172 -1830.536687 -1792.664570 -1753.048078 -1712.291690 -1661.609296 -1426.118919 -1557.263792 -1552.888998 -1548.630362 -1547.273230 -1546.970335 -1546.914388 -1546.905447 -1546.904580 -1546.904985 -1546.905511 -1546.905974 -1546.906361 -1546.906687 -1546.906967 -1546.907214 -1546.907440 -1546.907651 -1546.907856 -1546.908064 -1546.908286 -1546.908538 -1546.908840 -1546.909228 -1546.909753 -1546.910503 -1546.911622 -1546.913363 -1546.916171 -1546.920875 -1546.929049 -1546.943786 -1546.971319 -1547.024599 -1547.131734 -1547.357499 -1547.861404 -1549.060595 -1552.115252 -1560.558938 -1586.721869 -9999.0 -9999.0
-9999.0 -9999.0 1068.989888 970.184035 871.351442 772.387252 673.344287 574.265481 475.176045 376.090168 277.015913 177.957985 78.919231 -20.095802 -119.083500 -218.038223 -316.933582 -415.717414 -514.288608 -612.461339 -709.904156 -807.523386 -904.559594 -1000.776640 -1095.869423 -1180.263687 -1256.240468 -1322.185939 -1377.279637 -1421.617565 -1456.091402 -1482.101325 -1501.237841 -1515.033949 -1524.822735 -1531.688161 -1536.486059 -1539.949880 -1543.034660 -1547.975606 -1560.982584 -1600.472918 -1628.749076 -2360.813915 -3580.212142 -3547.629857 -2870.518152 -2493.801983 -2298.814029 -2174.321268 -2084.083034 -2006.985139 -1958.897988 -1927.206706 -1897.336945 -1865.531172 -1830.536687 -1792.664570 -1753.048078 -1712.291690 -1661.609296 -1426.118919 -1557.263792 -1552.888998 -1548.630362 -1547.273230 -1546.970335 -1546.914388 -1546.905447 -1546.904580 -1546.904985 -1546.905511 -1546.905974 -1546.906361 -1546.906687 -1546.906967 -1546.907214 -1546.907440 -1546.907651 -1546.907856 -1546.908064 -1546.908286 -1546.908538 -1546.908840 -1546.909228 -1546.909753 -1546.910503 -1546.911622 -1546.913363 -1546.916171 -1546.920875 -1546.929049 -1546.943786 -1546.971319 -1547.024599 -1547.131734 -1547.357499 -1547.861404 -1549.060595 -1552.115252 -1560.558938 -1586.721869 -9999.0 -9999.0
-9999.0 -9999.0 1068.990915 970.184596 871.351682 772.387345 673.344322 574.265494 475.176050 376.090170 277.015914 177.957985 78.919231 -20.095802 -119.083500 -218.038223 -316.933583 -415.717414 -514.288608 -612.461339 -709.904156 -807.523386 -904.559594 -1000.776640 -1095.869423 -1180.263687 -1256.240468 -1322.185939 -1377.279637 -1421.617565 -1456.091402 -1482.101325 -1501.237841 -1515.033949 -1524.822735 -1531.688161 -1536.486059 -1539.949880 -1543.034660 -1547.975606 -1560.982584 -1600.472918 -1628.749076 -2360.813915 -3580.212142 -3547.629857 -2870.518152 -2493.801983 -2298.814028 -2174.321267 -2084.083033 -2006.985139 -1958.897988 -1927.206706 -1897.336945 -1865.531172 -1830.536687 -1792.664570 -1753.048078 -1712.291690 -1661.609296 -1426.118919 -1557.263792 -1552.888998 -1548.630362 -1547.273230 -1546.970335 -1546.914388 -1546.905447 -1546.904580 -1546.904985 -1546.905511 -1546.905974 -1546.906361 -1546.906687 -1546.906967 -1546.907214 -1546.907440 -1546.907651 -1546.907856 -1546.908064 -1546.908286 -1546.908538 -1546.908840 -1546.909228 -1546.909753 -1546.910503 -1546.911622 -1546.913363 -1546.916171 -1546.920875 -1546.929049 -1546.943786 -1546.971319 -1547.024599 -1547.131734 -1547.357499 -1547.861404 -1549.060595 -1552.115252 -1560.558938 -1586.721869 -9999.0 -9999.0
-9999.0 -9999.0 1068.990915 970.184596 871.351682 772.387345 673.344322 574.265494 475.176050 376.090170 277.015914 177.957985 78.919232 -20.095802 -119.083500 -218.038223 -316.933582 -415.717414 -514.288608 -612.461339 -709.904156 -807.523386 -904.559594 -1000.776640 -1095.869423 -1180.263687 -1256.240468 -1322.185939 -1377.279637 -1421.617565 -1456.091402 -1482.101325 -1501.237841 -1515.033949 -1524.822735 -1531.688161 -1536.486059 -1539.949880 -1543.034660 -1547.975606 -1560.982584 -1600.472918 -1628.749076 -2360.813915 -3580.212142 -3547.629857 -2870.518152 -2493.801983 -2298.814028 -2174.321268 -2084.083033 -2006.985139 -1958.897988 -1927.206706 -1897.336945 -1865.531172 -1830.536687 -1792.664570 -1753.048078 -1712.291690 -1661.609296 -1426.118919 -1557.263792 -1552.888998 -1548.630362 -1547.273230 -1546.970335 -1546.914388 -1546.905447 -1546.904580 -1546.904985 -1546.905511 -1546.905974 -1546.906361 -1546.906687 -1546.906967 -1546.907214 -1546.907440 -1546.907651 -1546.907856 -1546.908064 -1546.908286 -1546.908538 -1546.908840 -1546.909228 -1546.909753 -1546.910503 -1546.911622 -1546.913363 -1546.916171 -1546.920875 -1546.929049 -1546.943786 -1546.971319 -1547.024599 -1547.131734 -1547.357499 -1547.861404 -1549.060595 -1552.115252 -1560.558938 -1586.721869 -9999.0 -9999.0
-9999.0 -9999.0 1068.989888 970.184035 871.351442 772.387252 673.344287 574.265481 475.176045 376.090168 277.015913 177.957985 78.919231 -20.095802 -119.083500 -218.038223 -316.933582 -415.717414 -514.288608 -612.461339 -709.904156 -807.523386 -904.559594 -1000.776640 -1095.869423 -1180.263687 -1256.240468 -1322.185939 -1377.279637 -1421.617565 -1456.091402 -1482.101325 -1501.237841 -1515.033949 -1524.822735 -1531.688161 -1536.486059 -1539.949880 -1543.034660 -1547.975606 -1560.982584 -1600.472918 -1628.749076 -2360.813915 -3580.212142 -3547.629857 -2870.518152 -2493.801983 -2298.814029 -2174.321268 -2084.083033 -2006.985139 -1958.897988 -1927.206706 -1897.336945 -1865.531172 -1830.536687 -1792.664570 -1753.048078 -1712.291690 -1661.609296 -1426.118919 -1557.263792 -1552.888998 -1548.630362 -1547.273230 -1546.970335 -1546.914388 -1546.905447 -1546.904580 -1546.904985 -1546.905511 -1546.905974 -1546.906361 -1546.906687 -1546.906967 -1546.907214 -1546.907440 -1546.907651 -1546.907856 -1546.908064 -1546.908286 -1546.908538 -1546.908840 -1546.909228 -1546.909753 -1546.910503 -1546.911622 -1546.913363 -1546.916171 -1546.920875 -1546.929049 -1546.943786 -1546.971319 -1547.024599 -1547.131734 -1547.357499 -1547.861404 -1549.060595 -1552.115252 -1560.558938 -1586.721869 -9999.0 -9999.0
-9999.0 -9999.0 1068.987434 970.183038 871.351100 772.387137 673.344248 574.265467 475.176040 376.090166 277.015912 177.957984 78.919231 -20.095802 -119.083500 -218.038223 -316.933582 -415.717414 -514.288607 -612.461339 -709.904156 -807.523386 -904.559594 -1000.776640 -1095.869423 -1180.263687 -1256.240468 -1322.185939 -1377.279637 -1421.617565 -1456.091402 -1482.101325 -1501.237841 -1515.033948 -1524.822735 -1531.688161 -1536.486059 -1539.949880 -1543.034660 -1547.975606 -1560.982584 -1600.472918 -1628.749076 -2360.813916 -3580.212142 -3547.629857 -2870.518153 -2493.801984 -2298.814029 -2174.321269 -2084.083035 -2006.985140 -1958.897988 -1927.206707 -1897.336945 -1865.531172 -1830.536687 -1792.664570 -1753.048078 -1712.291690 -1661.609296 -1426.118919 -1557.263792 -1552.888998 -1548.630362 -1547.273230 -1546.970335 -1546.914388 -1546.905447 -1546.904580 -1546.904985 -1546.905511 -1546.905974 -1546.906361 -1546.906687 -1546.906967 -1546.907214 -1546.907440 -1546.907651 -1546.907856 -1546.908064 -1546.908286 -1546.908538 -1546.908840 -1546.909228 -1546.909753 -1546.910503 -1546.911622 -1546.913363 -1546.916171 -1546.920875 -1546.929049 -1546.943786 -1546.971319 -1547.024599 -1547.131734 -1547.357499 -1547.861404 -1549.060595 -1552.115252 -1560.558938 -1586.721869 -9999.0 -9999.0
-9999.0 -9999.0 -9999.0 -9999.0 -9999.0 -9999.0 -9999.0 -9999.0 -9999.0 -9999.0 -9999.0 -9999.0 -9999.0 -9999.0 -9999.0 -9999.0 -9999.0 -9999.0 -9999.0 -9999.0 -9999.0 -9999.0 -9999.0 -9999.0 -9999.0 -9999.0 -9999.0 -9999.0 -9999.0 -9999.0 -9999.0 -9999.0 -9999.0 -9999.0 -9999.0 -9999.0 -9999.0 -9999.0 -9999.0 -9999.0 -9999.0 -9999.0 -9999.0 -9999.0 -9999.0 -9999.0 -9999.0 -9999.0 -9999.0 -9999.0 -9999.0 -9999.0 -9999.0 -9999.0 -9999.0 -9999.0 -9999.0 -9999.0 -9999.0 -9999.0 -9999.0 -9999.0 -9999.0 -9999.0 -9999.0 -9999.0 -9999.0 -9999.0 -9999.0 -9999.0 -9999.0 -9999.0 -9999.0 -9999.0 -9999.0 -9999.0 -9999.0 -9999.0 -9999.0 -9999.0 -9999.0 -9999.0 -9999.0 -9999.0 -9999.0 -9999.0 -9999.0 -9999.0 -9999.0 -9999.0 -9999.0 -9999.0 -9999.0 -9999.0 -9999.0 -9999.0 -9999.0 -9999.0 -9999.0 -9999.0 -9999.0 -9999.0 -9999.0 -9999.0
-9999.0 -9999.0 -9999.0 -9999.0 -9999.0 -9999.0 -9999.0 -9999.0 -9999.0 -9999.0 -9999.0 -9999.0 -9999.0 -9999.0 -9999.0 -9999.0 -9999.0 -9999.0 -9999.0 -9999.0 -9999.0 -9999.0 -9999.0 -9999.0 -9999.0 -9999.0 -9999.0 -9999.0 -9999.0 -9999.0 -9999.0 -9999.0 -9999.0 -9999.0 -9999.0 -9999.0 -9999.0 -9999.0 -9999.0 -9999.0 -9999.0 -9999.0 -9999.0 -9999.0 -9999.0 -9999.0 -9999.0 -9999.0 -9999.0 -9999.0 -9999.0 -9999.0 -9999.0 -9999.0 -9999.0 -9999.0 -9999.0 -9999.0 -9999.0 -9999.0 -9999.0 -9999.0 -9999.0 -9999.0 -9999.0 -9999.0 -9999.0 -9999.0 -9999.0 -9999.0 -9999.0 -9999.0 -9999.0 -9999.0 -9999.0 -9999.0 -9999.0 -9999.0 -9999.0 -9999.0 -9999.0 -9999.0 -9999.0 -9999.0 -9999.0 -9999.0 -9999.0 -9999.0 -9999.0 -9999.0 -9999.0 -9999.0 -9999.0 -9999.0 -9999.0 -9999.0 -9999.0 -9999.0 -9999.0 -9999.0 -9999.0 -9999.0 -9999.0 -9999.0