inst/processing_geotop_simulation/geotop_simulation/out/maps3D/PwL0018N0455.asc
ncols         104
nrows         10
xllcorner     -2.000000
yllcorner     0.000000
cellsize      1.000000
NODATA_value  -9999.0
-9999.0 -9999.0 -9999.0 -9999.0 -9999.0 -9999.0 -9999.0 -9999.0 -9999.0 -9999.0 -9999.0 -9999.0 -9999.0 -9999.0 -9999.0 -9999.0 -9999.0 -9999.0 -9999.0 -9999.0 -9999.0 -9999.0 -9999.0 -9999.0 -9999.0 -9999.0 -9999.0 -9999.0 -9999.0 -9999.0 -9999.0 -9999.0 -9999.0 -9999.0 -9999.0 -9999.0 -9999.0 -9999.0 -9999.0 -9999.0 -9999.0 -9999.0 -9999.0 -9999.0 -9999.0 -9999.0 -9999.0 -9999.0 -9999.0 -9999.0 -9999.0 -9999.0 -9999.0 -9999.0 -9999.0 -9999.0 -9999.0 -9999.0 -9999.0 -9999.0 -9999.0 -9999.0 -9999.0 -9999.0 -9999.0 -9999.0 -9999.0 -9999.0 -9999.0 -9999.0 -9999.0 -9999.0 -9999.0 -9999.0 -9999.0 -9999.0 -9999.0 -9999.0 -9999.0 -9999.0 -9999.0 -9999.0 -9999.0 -9999.0 -9999.0 -9999.0 -9999.0 -9999.0 -9999.0 -9999.0 -9999.0 -9999.0 -9999.0 -9999.0 -9999.0 -9999.0 -9999.0 -9999.0 -9999.0 -9999.0 -9999.0 -9999.0 -9999.0 -9999.0
-9999.0 -9999.0 -9999.0 -9999.0 -9999.0 -9999.0 -9999.0 -9999.0 -9999.0 -9999.0 -9999.0 -9999.0 -9999.0 -9999.0 -9999.0 -9999.0 -9999.0 -9999.0 -9999.0 -9999.0 -9999.0 -9999.0 -9999.0 -9999.0 -9999.0 -9999.0 -9999.0 -9999.0 -9999.0 -9999.0 -9999.0 -9999.0 -9999.0 -9999.0 -9999.0 -9999.0 -9999.0 -9999.0 -9999.0 -9999.0 -9999.0 -9999.0 -9999.0 -9999.0 -9999.0 -9999.0 -9999.0 -9999.0 -9999.0 -9999.0 -9999.0 -9999.0 -9999.0 -9999.0 -9999.0 -9999.0 -9999.0 -9999.0 -9999.0 -9999.0 -9999.0 -9999.0 -9999.0 -9999.0 -9999.0 -9999.0 -9999.0 -9999.0 -9999.0 -9999.0 -9999.0 -9999.0 -9999.0 -9999.0 -9999.0 -9999.0 -9999.0 -9999.0 -9999.0 -9999.0 -9999.0 -9999.0 -9999.0 -9999.0 -9999.0 -9999.0 -9999.0 -9999.0 -9999.0 -9999.0 -9999.0 -9999.0 -9999.0 -9999.0 -9999.0 -9999.0 -9999.0 -9999.0 -9999.0 -9999.0 -9999.0 -9999.0 -9999.0 -9999.0
-9999.0 -9999.0 868.915861 769.782639 670.545838 571.193909 471.782189 372.344271 272.898149 173.453538 74.015824 -25.410109 -124.821566 -224.217213 -323.586594 -422.911664 -522.159160 -621.270913 -720.149605 -819.097327 -917.864213 -1016.342486 -1114.349684 -1208.582816 -1298.273675 -1381.359214 -1455.918165 -1520.544598 -1574.609270 -1618.318607 -1652.570408 -1678.690423 -1698.158613 -1712.399941 -1722.663403 -1729.979020 -1735.177674 -1738.992554 -1742.347678 -1746.915017 -1754.674973 -1763.590034 -1913.282531 -3987.427111 -4084.139456 -4084.156230 -4084.114155 -4083.748798 -4082.291176 -4078.192598 -4068.500483 -4045.141696 -4013.266072 -3978.807876 -3931.762804 -3861.292852 -3754.403384 -3601.913480 -3407.736305 -3188.780135 -2876.790826 -1662.699021 -1719.183674 -1746.950899 -1747.984833 -1747.217431 -1746.946320 -1746.885315 -1746.874262 -1746.872866 -1746.873123 -1746.873593 -1746.874034 -1746.874421 -1746.874761 -1746.875067 -1746.875350 -1746.875618 -1746.875878 -1746.876136 -1746.876402 -1746.876683 -1746.876994 -1746.877352 -1746.877787 -1746.878343 -1746.879096 -1746.880170 -1746.881780 -1746.884314 -1746.888490 -1746.895684 -1746.908612 -1746.932779 -1746.979733 -1747.074827 -1747.277194 -1747.734357 -1748.840806 -1751.737939 -1760.051316 -1786.546366 -9999.0 -9999.0
-9999.0 -9999.0 868.918861 769.783737 670.546189 571.194022 471.782228 372.344284 272.898155 173.453540 74.015825 -25.410108 -124.821565 -224.217213 -323.586594 -422.911664 -522.159161 -621.270913 -720.149605 -819.097327 -917.864213 -1016.342486 -1114.349684 -1208.582816 -1298.273675 -1381.359214 -1455.918165 -1520.544598 -1574.609270 -1618.318607 -1652.570408 -1678.690423 -1698.158613 -1712.399941 -1722.663403 -1729.979020 -1735.177674 -1738.992554 -1742.347678 -1746.915017 -1754.674973 -1763.590034 -1913.282530 -3987.427111 -4084.139456 -4084.156230 -4084.114155 -4083.748798 -4082.291176 -4078.192598 -4068.500483 -4045.141696 -4013.266072 -3978.807876 -3931.762803 -3861.292852 -3754.403383 -3601.913479 -3407.736304 -3188.780135 -2876.790827 -1662.699021 -1719.183674 -1746.950899 -1747.984833 -1747.217431 -1746.946320 -1746.885315 -1746.874262 -1746.872866 -1746.873123 -1746.873593 -1746.874034 -1746.874421 -1746.874761 -1746.875067 -1746.875350 -1746.875618 -1746.875878 -1746.876136 -1746.876402 -1746.876683 -1746.876993 -1746.877352 -1746.877787 -1746.878343 -1746.879096 -1746.880170 -1746.881780 -1746.884314 -1746.888490 -1746.895684 -1746.908612 -1746.932779 -1746.979733 -1747.074827 -1747.277194 -1747.734357 -1748.840806 -1751.737939 -1760.051316 -1786.546366 -9999.0 -9999.0
-9999.0 -9999.0 868.919943 769.784312 670.546429 571.194114 471.782261 372.344297 272.898159 173.453542 74.015826 -25.410108 -124.821565 -224.217213 -323.586594 -422.911664 -522.159161 -621.270913 -720.149606 -819.097327 -917.864213 -1016.342486 -1114.349684 -1208.582816 -1298.273675 -1381.359214 -1455.918165 -1520.544598 -1574.609270 -1618.318607 -1652.570408 -1678.690423 -1698.158613 -1712.399941 -1722.663403 -1729.979020 -1735.177674 -1738.992554 -1742.347678 -1746.915017 -1754.674973 -1763.590034 -1913.282530 -3987.427111 -4084.139456 -4084.156230 -4084.114155 -4083.748798 -4082.291176 -4078.192598 -4068.500483 -4045.141695 -4013.266072 -3978.807876 -3931.762803 -3861.292851 -3754.403383 -3601.913479 -3407.736304 -3188.780134 -2876.790826 -1662.699021 -1719.183674 -1746.950899 -1747.984833 -1747.217431 -1746.946320 -1746.885315 -1746.874262 -1746.872866 -1746.873123 -1746.873593 -1746.874034 -1746.874421 -1746.874760 -1746.875067 -1746.875350 -1746.875618 -1746.875878 -1746.876136 -1746.876402 -1746.876683 -1746.876993 -1746.877352 -1746.877787 -1746.878343 -1746.879096 -1746.880170 -1746.881780 -1746.884314 -1746.888490 -1746.895684 -1746.908612 -1746.932779 -1746.979733 -1747.074827 -1747.277194 -1747.734357 -1748.840806 -1751.737939 -1760.051316 -1786.546366 -9999.0 -9999.0
-9999.0 -9999.0 868.919943 769.784312 670.546429 571.194114 471.782261 372.344297 272.898159 173.453542 74.015826 -25.410108 -124.821565 -224.217213 -323.586594 -422.911664 -522.159161 -621.270914 -720.149606 -819.097327 -917.864213 -1016.342486 -1114.349684 -1208.582816 -1298.273675 -1381.359214 -1455.918165 -1520.544598 -1574.609270 -1618.318607 -1652.570408 -1678.690423 -1698.158613 -1712.399941 -1722.663403 -1729.979020 -1735.177674 -1738.992554 -1742.347678 -1746.915017 -1754.674973 -1763.590034 -1913.282530 -3987.427111 -4084.139456 -4084.156230 -4084.114155 -4083.748798 -4082.291176 -4078.192598 -4068.500483 -4045.141695 -4013.266072 -3978.807876 -3931.762803 -3861.292851 -3754.403383 -3601.913479 -3407.736304 -3188.780134 -2876.790826 -1662.699021 -1719.183674 -1746.950899 -1747.984833 -1747.217431 -1746.946320 -1746.885315 -1746.874262 -1746.872866 -1746.873123 -1746.873593 -1746.874034 -1746.874421 -1746.874760 -1746.875067 -1746.875350 -1746.875618 -1746.875878 -1746.876136 -1746.876402 -1746.876683 -1746.876993 -1746.877352 -1746.877787 -1746.878343 -1746.879096 -1746.880170 -1746.881780 -1746.884314 -1746.888490 -1746.895684 -1746.908612 -1746.932779 -1746.979733 -1747.074827 -1747.277194 -1747.734357 -1748.840806 -1751.737939 -1760.051316 -1786.546366 -9999.0 -9999.0
-9999.0 -9999.0 868.918861 769.783737 670.546189 571.194022 471.782228 372.344284 272.898154 173.453540 74.015825 -25.410108 -124.821565 -224.217213 -323.586594 -422.911664 -522.159161 -621.270913 -720.149605 -819.097327 -917.864213 -1016.342486 -1114.349684 -1208.582816 -1298.273675 -1381.359214 -1455.918165 -1520.544598 -1574.609270 -1618.318607 -1652.570408 -1678.690423 -1698.158613 -1712.399941 -1722.663403 -1729.979020 -1735.177674 -1738.992554 -1742.347678 -1746.915017 -1754.674973 -1763.590034 -1913.282530 -3987.427111 -4084.139456 -4084.156230 -4084.114155 -4083.748798 -4082.291176 -4078.192598 -4068.500483 -4045.141696 -4013.266072 -3978.807876 -3931.762803 -3861.292851 -3754.403383 -3601.913479 -3407.736304 -3188.780134 -2876.790827 -1662.699021 -1719.183674 -1746.950899 -1747.984833 -1747.217431 -1746.946320 -1746.885315 -1746.874262 -1746.872866 -1746.873123 -1746.873593 -1746.874034 -1746.874421 -1746.874761 -1746.875067 -1746.875350 -1746.875618 -1746.875878 -1746.876136 -1746.876402 -1746.876683 -1746.876993 -1746.877352 -1746.877787 -1746.878343 -1746.879096 -1746.880170 -1746.881780 -1746.884314 -1746.888490 -1746.895684 -1746.908612 -1746.932779 -1746.979733 -1747.074827 -1747.277194 -1747.734357 -1748.840806 -1751.737939 -1760.051316 -1786.546366 -9999.0 -9999.0
-9999.0 -9999.0 868.915861 769.782639 670.545838 571.193909 471.782190 372.344271 272.898149 173.453538 74.015824 -25.410109 -124.821565 -224.217214 -323.586594 -422.911664 -522.159160 -621.270913 -720.149605 -819.097327 -917.864213 -1016.342486 -1114.349684 -1208.582816 -1298.273675 -1381.359214 -1455.918165 -1520.544598 -1574.609270 -1618.318607 -1652.570408 -1678.690423 -1698.158613 -1712.399941 -1722.663403 -1729.979020 -1735.177674 -1738.992554 -1742.347678 -1746.915017 -1754.674973 -1763.590034 -1913.282531 -3987.427111 -4084.139456 -4084.156230 -4084.114155 -4083.748798 -4082.291176 -4078.192598 -4068.500483 -4045.141696 -4013.266072 -3978.807876 -3931.762803 -3861.292852 -3754.403383 -3601.913480 -3407.736305 -3188.780135 -2876.790827 -1662.699021 -1719.183674 -1746.950899 -1747.984833 -1747.217431 -1746.946320 -1746.885315 -1746.874262 -1746.872866 -1746.873123 -1746.873593 -1746.874034 -1746.874421 -1746.874761 -1746.875067 -1746.875350 -1746.875618 -1746.875878 -1746.876136 -1746.876402 -1746.876683 -1746.876994 -1746.877352 -1746.877787 -1746.878343 -1746.879096 -1746.880170 -1746.881780 -1746.884314 -1746.888490 -1746.895684 -1746.908612 -1746.932779 -1746.979733 -1747.074827 -1747.277194 -1747.734357 -1748.840806 -1751.737939 -1760.051316 -1786.546366 -9999.0 -9999.0
-9999.0 -9999.0 -9999.0 -9999.0 -9999.0 -9999.0 -9999.0 -9999.0 -9999.0 -9999.0 -9999.0 -9999.0 -9999.0 -9999.0 -9999.0 -9999.0 -9999.0 -9999.0 -9999.0 -9999.0 -9999.0 -9999.0 -9999.0 -9999.0 -9999.0 -9999.0 -9999.0 -9999.0 -9999.0 -9999.0 -9999.0 -9999.0 -9999.0 -9999.0 -9999.0 -9999.0 -9999.0 -9999.0 -9999.0 -9999.0 -9999.0 -9999.0 -9999.0 -9999.0 -9999.0 -9999.0 -9999.0 -9999.0 -9999.0 -9999.0 -9999.0 -9999.0 -9999.0 -9999.0 -9999.0 -9999.0 -9999.0 -9999.0 -9999.0 -9999.0 -9999.0 -9999.0 -9999.0 -9999.0 -9999.0 -9999.0 -9999.0 -9999.0 -9999.0 -9999.0 -9999.0 -9999.0 -9999.0 -9999.0 -9999.0 -9999.0 -9999.0 -9999.0 -9999.0 -9999.0 -9999.0 -9999.0 -9999.0 -9999.0 -9999.0 -9999.0 -9999.0 -9999.0 -9999.0 -9999.0 -9999.0 -9999.0 -9999.0 -9999.0 -9999.0 -9999.0 -9999.0 -9999.0 -9999.0 -9999.0 -9999.0 -9999.0 -9999.0 -9999.0
-9999.0 -9999.0 -9999.0 -9999.0 -9999.0 -9999.0 -9999.0 -9999.0 -9999.0 -9999.0 -9999.0 -9999.0 -9999.0 -9999.0 -9999.0 -9999.0 -9999.0 -9999.0 -9999.0 -9999.0 -9999.0 -9999.0 -9999.0 -9999.0 -9999.0 -9999.0 -9999.0 -9999.0 -9999.0 -9999.0 -9999.0 -9999.0 -9999.0 -9999.0 -9999.0 -9999.0 -9999.0 -9999.0 -9999.0 -9999.0 -9999.0 -9999.0 -9999.0 -9999.0 -9999.0 -9999.0 -9999.0 -9999.0 -9999.0 -9999.0 -9999.0 -9999.0 -9999.0 -9999.0 -9999.0 -9999.0 -9999.0 -9999.0 -9999.0 -9999.0 -9999.0 -9999.0 -9999.0 -9999.0 -9999.0 -9999.0 -9999.0 -9999.0 -9999.0 -9999.0 -9999.0 -9999.0 -9999.0 -9999.0 -9999.0 -9999.0 -9999.0 -9999.0 -9999.0 -9999.0 -9999.0 -9999.0 -9999.0 -9999.0 -9999.0 -9999.0 -9999.0 -9999.0 -9999.0 -9999.0 -9999.0 -9999.0 -9999.0 -9999.0 -9999.0 -9999.0 -9999.0 -9999.0 -9999.0 -9999.0 -9999.0 -9999.0 -9999.0 -9999.0