inst/processing_geotop_simulation/geotop_simulation/out/maps3D/PwL0021N0477.asc
ncols         104
nrows         10
xllcorner     -2.000000
yllcorner     0.000000
cellsize      1.000000
NODATA_value  -9999.0
-9999.0 -9999.0 -9999.0 -9999.0 -9999.0 -9999.0 -9999.0 -9999.0 -9999.0 -9999.0 -9999.0 -9999.0 -9999.0 -9999.0 -9999.0 -9999.0 -9999.0 -9999.0 -9999.0 -9999.0 -9999.0 -9999.0 -9999.0 -9999.0 -9999.0 -9999.0 -9999.0 -9999.0 -9999.0 -9999.0 -9999.0 -9999.0 -9999.0 -9999.0 -9999.0 -9999.0 -9999.0 -9999.0 -9999.0 -9999.0 -9999.0 -9999.0 -9999.0 -9999.0 -9999.0 -9999.0 -9999.0 -9999.0 -9999.0 -9999.0 -9999.0 -9999.0 -9999.0 -9999.0 -9999.0 -9999.0 -9999.0 -9999.0 -9999.0 -9999.0 -9999.0 -9999.0 -9999.0 -9999.0 -9999.0 -9999.0 -9999.0 -9999.0 -9999.0 -9999.0 -9999.0 -9999.0 -9999.0 -9999.0 -9999.0 -9999.0 -9999.0 -9999.0 -9999.0 -9999.0 -9999.0 -9999.0 -9999.0 -9999.0 -9999.0 -9999.0 -9999.0 -9999.0 -9999.0 -9999.0 -9999.0 -9999.0 -9999.0 -9999.0 -9999.0 -9999.0 -9999.0 -9999.0 -9999.0 -9999.0 -9999.0 -9999.0 -9999.0 -9999.0
-9999.0 -9999.0 -9999.0 -9999.0 -9999.0 -9999.0 -9999.0 -9999.0 -9999.0 -9999.0 -9999.0 -9999.0 -9999.0 -9999.0 -9999.0 -9999.0 -9999.0 -9999.0 -9999.0 -9999.0 -9999.0 -9999.0 -9999.0 -9999.0 -9999.0 -9999.0 -9999.0 -9999.0 -9999.0 -9999.0 -9999.0 -9999.0 -9999.0 -9999.0 -9999.0 -9999.0 -9999.0 -9999.0 -9999.0 -9999.0 -9999.0 -9999.0 -9999.0 -9999.0 -9999.0 -9999.0 -9999.0 -9999.0 -9999.0 -9999.0 -9999.0 -9999.0 -9999.0 -9999.0 -9999.0 -9999.0 -9999.0 -9999.0 -9999.0 -9999.0 -9999.0 -9999.0 -9999.0 -9999.0 -9999.0 -9999.0 -9999.0 -9999.0 -9999.0 -9999.0 -9999.0 -9999.0 -9999.0 -9999.0 -9999.0 -9999.0 -9999.0 -9999.0 -9999.0 -9999.0 -9999.0 -9999.0 -9999.0 -9999.0 -9999.0 -9999.0 -9999.0 -9999.0 -9999.0 -9999.0 -9999.0 -9999.0 -9999.0 -9999.0 -9999.0 -9999.0 -9999.0 -9999.0 -9999.0 -9999.0 -9999.0 -9999.0 -9999.0 -9999.0
-9999.0 -9999.0 1017.411272 918.114325 818.784052 719.371500 619.911742 520.430814 420.943610 321.458419 221.979925 122.510864 23.053322 -76.389051 -175.816594 -275.223713 -374.596754 -473.910721 -573.119533 -672.138082 -771.015732 -869.824063 -968.322356 -1066.332252 -1161.945695 -1252.234120 -1336.310333 -1412.336009 -1478.868537 -1535.135574 -1581.147780 -1617.616316 -1645.731290 -1666.900916 -1682.534082 -1693.904873 -1702.107401 -1708.123609 -1713.100614 -1718.915294 -1728.145648 -1742.961195 -1722.051432 -2727.544510 -3857.236550 -3847.655547 -3381.382896 -2922.298459 -2668.616682 -2506.183972 -2387.612724 -2286.591330 -2224.157711 -2183.316423 -2145.032654 -2104.446501 -2059.963034 -2012.023107 -1962.167520 -1911.243105 -1844.245818 -1517.208831 -1698.087184 -1721.573346 -1722.405524 -1721.631340 -1721.346665 -1721.279981 -1721.267517 -1721.265911 -1721.266220 -1721.266798 -1721.267364 -1721.267884 -1721.268364 -1721.268817 -1721.269252 -1721.269678 -1721.270103 -1721.270532 -1721.270974 -1721.271439 -1721.271941 -1721.272497 -1721.273137 -1721.273905 -1721.274877 -1721.276173 -1721.278007 -1721.280761 -1721.285143 -1721.292516 -1721.305576 -1721.329821 -1721.376885 -1721.472629 -1721.678131 -1722.147270 -1723.293690 -1726.312924 -1734.959338 -1762.148671 -9999.0 -9999.0
-9999.0 -9999.0 1017.413658 918.115271 818.784370 719.371605 619.911778 520.430826 420.943615 321.458421 221.979926 122.510865 23.053323 -76.389051 -175.816594 -275.223713 -374.596754 -473.910721 -573.119533 -672.138082 -771.015732 -869.824063 -968.322357 -1066.332253 -1161.945695 -1252.234120 -1336.310333 -1412.336009 -1478.868537 -1535.135574 -1581.147780 -1617.616316 -1645.731290 -1666.900916 -1682.534082 -1693.904873 -1702.107401 -1708.123609 -1713.100614 -1718.915294 -1728.145648 -1742.961195 -1722.051432 -2727.544508 -3857.236550 -3847.655547 -3381.382895 -2922.298458 -2668.616681 -2506.183972 -2387.612722 -2286.591329 -2224.157710 -2183.316423 -2145.032654 -2104.446501 -2059.963034 -2012.023107 -1962.167520 -1911.243105 -1844.245818 -1517.208831 -1698.087184 -1721.573346 -1722.405523 -1721.631340 -1721.346665 -1721.279981 -1721.267517 -1721.265911 -1721.266220 -1721.266798 -1721.267364 -1721.267884 -1721.268364 -1721.268817 -1721.269252 -1721.269678 -1721.270103 -1721.270532 -1721.270974 -1721.271439 -1721.271941 -1721.272497 -1721.273137 -1721.273905 -1721.274877 -1721.276173 -1721.278007 -1721.280761 -1721.285143 -1721.292516 -1721.305576 -1721.329821 -1721.376885 -1721.472629 -1721.678131 -1722.147270 -1723.293690 -1726.312924 -1734.959338 -1762.148671 -9999.0 -9999.0
-9999.0 -9999.0 1017.414622 918.115794 818.784593 719.371691 619.911810 520.430838 420.943619 321.458423 221.979927 122.510865 23.053323 -76.389051 -175.816594 -275.223713 -374.596754 -473.910721 -573.119533 -672.138082 -771.015732 -869.824063 -968.322357 -1066.332253 -1161.945695 -1252.234120 -1336.310333 -1412.336009 -1478.868537 -1535.135574 -1581.147780 -1617.616316 -1645.731290 -1666.900916 -1682.534082 -1693.904873 -1702.107401 -1708.123609 -1713.100614 -1718.915294 -1728.145648 -1742.961195 -1722.051432 -2727.544508 -3857.236550 -3847.655547 -3381.382895 -2922.298457 -2668.616681 -2506.183971 -2387.612722 -2286.591329 -2224.157710 -2183.316423 -2145.032654 -2104.446500 -2059.963034 -2012.023107 -1962.167520 -1911.243105 -1844.245818 -1517.208831 -1698.087184 -1721.573346 -1722.405523 -1721.631340 -1721.346665 -1721.279981 -1721.267517 -1721.265911 -1721.266220 -1721.266798 -1721.267364 -1721.267884 -1721.268364 -1721.268817 -1721.269252 -1721.269678 -1721.270103 -1721.270532 -1721.270974 -1721.271439 -1721.271941 -1721.272497 -1721.273137 -1721.273905 -1721.274877 -1721.276173 -1721.278007 -1721.280761 -1721.285143 -1721.292516 -1721.305576 -1721.329821 -1721.376885 -1721.472629 -1721.678131 -1722.147270 -1723.293690 -1726.312924 -1734.959338 -1762.148671 -9999.0 -9999.0
-9999.0 -9999.0 1017.414622 918.115794 818.784593 719.371691 619.911810 520.430838 420.943619 321.458423 221.979927 122.510865 23.053323 -76.389051 -175.816594 -275.223713 -374.596754 -473.910721 -573.119533 -672.138082 -771.015732 -869.824063 -968.322357 -1066.332253 -1161.945695 -1252.234120 -1336.310333 -1412.336009 -1478.868537 -1535.135574 -1581.147780 -1617.616316 -1645.731290 -1666.900916 -1682.534082 -1693.904873 -1702.107401 -1708.123609 -1713.100614 -1718.915294 -1728.145648 -1742.961195 -1722.051432 -2727.544508 -3857.236550 -3847.655547 -3381.382895 -2922.298457 -2668.616681 -2506.183971 -2387.612722 -2286.591329 -2224.157710 -2183.316423 -2145.032654 -2104.446500 -2059.963034 -2012.023107 -1962.167520 -1911.243105 -1844.245818 -1517.208831 -1698.087184 -1721.573346 -1722.405523 -1721.631340 -1721.346665 -1721.279981 -1721.267517 -1721.265911 -1721.266220 -1721.266798 -1721.267364 -1721.267884 -1721.268364 -1721.268817 -1721.269252 -1721.269678 -1721.270103 -1721.270532 -1721.270974 -1721.271439 -1721.271941 -1721.272497 -1721.273137 -1721.273905 -1721.274877 -1721.276173 -1721.278007 -1721.280761 -1721.285143 -1721.292516 -1721.305576 -1721.329821 -1721.376885 -1721.472629 -1721.678131 -1722.147270 -1723.293690 -1726.312924 -1734.959338 -1762.148671 -9999.0 -9999.0
-9999.0 -9999.0 1017.413658 918.115271 818.784370 719.371605 619.911778 520.430826 420.943615 321.458421 221.979926 122.510865 23.053323 -76.389051 -175.816594 -275.223713 -374.596754 -473.910721 -573.119533 -672.138082 -771.015732 -869.824063 -968.322357 -1066.332253 -1161.945695 -1252.234120 -1336.310333 -1412.336009 -1478.868537 -1535.135574 -1581.147780 -1617.616316 -1645.731290 -1666.900916 -1682.534082 -1693.904873 -1702.107401 -1708.123609 -1713.100614 -1718.915294 -1728.145648 -1742.961195 -1722.051432 -2727.544508 -3857.236550 -3847.655547 -3381.382895 -2922.298458 -2668.616681 -2506.183971 -2387.612722 -2286.591329 -2224.157710 -2183.316423 -2145.032654 -2104.446500 -2059.963034 -2012.023107 -1962.167520 -1911.243105 -1844.245818 -1517.208831 -1698.087184 -1721.573346 -1722.405523 -1721.631340 -1721.346665 -1721.279981 -1721.267517 -1721.265911 -1721.266220 -1721.266798 -1721.267364 -1721.267884 -1721.268364 -1721.268817 -1721.269252 -1721.269678 -1721.270103 -1721.270532 -1721.270974 -1721.271439 -1721.271941 -1721.272497 -1721.273137 -1721.273905 -1721.274877 -1721.276173 -1721.278007 -1721.280761 -1721.285143 -1721.292516 -1721.305576 -1721.329821 -1721.376885 -1721.472629 -1721.678131 -1722.147270 -1723.293690 -1726.312924 -1734.959338 -1762.148671 -9999.0 -9999.0
-9999.0 -9999.0 1017.411272 918.114325 818.784052 719.371500 619.911742 520.430814 420.943610 321.458419 221.979925 122.510864 23.053322 -76.389051 -175.816594 -275.223713 -374.596754 -473.910721 -573.119533 -672.138082 -771.015732 -869.824063 -968.322356 -1066.332252 -1161.945695 -1252.234120 -1336.310333 -1412.336009 -1478.868537 -1535.135574 -1581.147780 -1617.616316 -1645.731290 -1666.900916 -1682.534082 -1693.904873 -1702.107401 -1708.123609 -1713.100614 -1718.915294 -1728.145648 -1742.961195 -1722.051432 -2727.544510 -3857.236550 -3847.655547 -3381.382896 -2922.298459 -2668.616682 -2506.183973 -2387.612724 -2286.591330 -2224.157711 -2183.316423 -2145.032654 -2104.446501 -2059.963034 -2012.023107 -1962.167520 -1911.243105 -1844.245818 -1517.208831 -1698.087184 -1721.573346 -1722.405524 -1721.631340 -1721.346665 -1721.279981 -1721.267517 -1721.265911 -1721.266220 -1721.266798 -1721.267364 -1721.267884 -1721.268364 -1721.268817 -1721.269252 -1721.269678 -1721.270103 -1721.270532 -1721.270974 -1721.271439 -1721.271941 -1721.272497 -1721.273137 -1721.273905 -1721.274877 -1721.276173 -1721.278007 -1721.280761 -1721.285143 -1721.292516 -1721.305576 -1721.329821 -1721.376885 -1721.472629 -1721.678131 -1722.147270 -1723.293690 -1726.312924 -1734.959338 -1762.148671 -9999.0 -9999.0
-9999.0 -9999.0 -9999.0 -9999.0 -9999.0 -9999.0 -9999.0 -9999.0 -9999.0 -9999.0 -9999.0 -9999.0 -9999.0 -9999.0 -9999.0 -9999.0 -9999.0 -9999.0 -9999.0 -9999.0 -9999.0 -9999.0 -9999.0 -9999.0 -9999.0 -9999.0 -9999.0 -9999.0 -9999.0 -9999.0 -9999.0 -9999.0 -9999.0 -9999.0 -9999.0 -9999.0 -9999.0 -9999.0 -9999.0 -9999.0 -9999.0 -9999.0 -9999.0 -9999.0 -9999.0 -9999.0 -9999.0 -9999.0 -9999.0 -9999.0 -9999.0 -9999.0 -9999.0 -9999.0 -9999.0 -9999.0 -9999.0 -9999.0 -9999.0 -9999.0 -9999.0 -9999.0 -9999.0 -9999.0 -9999.0 -9999.0 -9999.0 -9999.0 -9999.0 -9999.0 -9999.0 -9999.0 -9999.0 -9999.0 -9999.0 -9999.0 -9999.0 -9999.0 -9999.0 -9999.0 -9999.0 -9999.0 -9999.0 -9999.0 -9999.0 -9999.0 -9999.0 -9999.0 -9999.0 -9999.0 -9999.0 -9999.0 -9999.0 -9999.0 -9999.0 -9999.0 -9999.0 -9999.0 -9999.0 -9999.0 -9999.0 -9999.0 -9999.0 -9999.0
-9999.0 -9999.0 -9999.0 -9999.0 -9999.0 -9999.0 -9999.0 -9999.0 -9999.0 -9999.0 -9999.0 -9999.0 -9999.0 -9999.0 -9999.0 -9999.0 -9999.0 -9999.0 -9999.0 -9999.0 -9999.0 -9999.0 -9999.0 -9999.0 -9999.0 -9999.0 -9999.0 -9999.0 -9999.0 -9999.0 -9999.0 -9999.0 -9999.0 -9999.0 -9999.0 -9999.0 -9999.0 -9999.0 -9999.0 -9999.0 -9999.0 -9999.0 -9999.0 -9999.0 -9999.0 -9999.0 -9999.0 -9999.0 -9999.0 -9999.0 -9999.0 -9999.0 -9999.0 -9999.0 -9999.0 -9999.0 -9999.0 -9999.0 -9999.0 -9999.0 -9999.0 -9999.0 -9999.0 -9999.0 -9999.0 -9999.0 -9999.0 -9999.0 -9999.0 -9999.0 -9999.0 -9999.0 -9999.0 -9999.0 -9999.0 -9999.0 -9999.0 -9999.0 -9999.0 -9999.0 -9999.0 -9999.0 -9999.0 -9999.0 -9999.0 -9999.0 -9999.0 -9999.0 -9999.0 -9999.0 -9999.0 -9999.0 -9999.0 -9999.0 -9999.0 -9999.0 -9999.0 -9999.0 -9999.0 -9999.0 -9999.0 -9999.0 -9999.0 -9999.0