inst/processing_geotop_simulation/geotop_simulation/out/maps3D/PwL0017N0420.asc
ncols         104
nrows         10
xllcorner     -2.000000
yllcorner     0.000000
cellsize      1.000000
NODATA_value  -9999.0
-9999.0 -9999.0 -9999.0 -9999.0 -9999.0 -9999.0 -9999.0 -9999.0 -9999.0 -9999.0 -9999.0 -9999.0 -9999.0 -9999.0 -9999.0 -9999.0 -9999.0 -9999.0 -9999.0 -9999.0 -9999.0 -9999.0 -9999.0 -9999.0 -9999.0 -9999.0 -9999.0 -9999.0 -9999.0 -9999.0 -9999.0 -9999.0 -9999.0 -9999.0 -9999.0 -9999.0 -9999.0 -9999.0 -9999.0 -9999.0 -9999.0 -9999.0 -9999.0 -9999.0 -9999.0 -9999.0 -9999.0 -9999.0 -9999.0 -9999.0 -9999.0 -9999.0 -9999.0 -9999.0 -9999.0 -9999.0 -9999.0 -9999.0 -9999.0 -9999.0 -9999.0 -9999.0 -9999.0 -9999.0 -9999.0 -9999.0 -9999.0 -9999.0 -9999.0 -9999.0 -9999.0 -9999.0 -9999.0 -9999.0 -9999.0 -9999.0 -9999.0 -9999.0 -9999.0 -9999.0 -9999.0 -9999.0 -9999.0 -9999.0 -9999.0 -9999.0 -9999.0 -9999.0 -9999.0 -9999.0 -9999.0 -9999.0 -9999.0 -9999.0 -9999.0 -9999.0 -9999.0 -9999.0 -9999.0 -9999.0 -9999.0 -9999.0 -9999.0 -9999.0
-9999.0 -9999.0 -9999.0 -9999.0 -9999.0 -9999.0 -9999.0 -9999.0 -9999.0 -9999.0 -9999.0 -9999.0 -9999.0 -9999.0 -9999.0 -9999.0 -9999.0 -9999.0 -9999.0 -9999.0 -9999.0 -9999.0 -9999.0 -9999.0 -9999.0 -9999.0 -9999.0 -9999.0 -9999.0 -9999.0 -9999.0 -9999.0 -9999.0 -9999.0 -9999.0 -9999.0 -9999.0 -9999.0 -9999.0 -9999.0 -9999.0 -9999.0 -9999.0 -9999.0 -9999.0 -9999.0 -9999.0 -9999.0 -9999.0 -9999.0 -9999.0 -9999.0 -9999.0 -9999.0 -9999.0 -9999.0 -9999.0 -9999.0 -9999.0 -9999.0 -9999.0 -9999.0 -9999.0 -9999.0 -9999.0 -9999.0 -9999.0 -9999.0 -9999.0 -9999.0 -9999.0 -9999.0 -9999.0 -9999.0 -9999.0 -9999.0 -9999.0 -9999.0 -9999.0 -9999.0 -9999.0 -9999.0 -9999.0 -9999.0 -9999.0 -9999.0 -9999.0 -9999.0 -9999.0 -9999.0 -9999.0 -9999.0 -9999.0 -9999.0 -9999.0 -9999.0 -9999.0 -9999.0 -9999.0 -9999.0 -9999.0 -9999.0 -9999.0 -9999.0
-9999.0 -9999.0 819.695972 720.730078 621.615522 522.359384 423.031841 323.673219 224.304710 124.937650 25.578721 -73.765561 -173.094415 -272.400855 -371.667330 -470.864719 -569.939563 -668.799998 -767.526332 -866.232888 -964.697372 -1062.780160 -1158.989741 -1250.699461 -1336.546914 -1414.405529 -1482.567617 -1540.086322 -1586.909856 -1623.781414 -1651.979261 -1673.016635 -1688.396235 -1699.457851 -1707.312785 -1712.840542 -1716.730360 -1719.589761 -1722.242398 -1726.384423 -1734.587971 -1746.537785 -1951.073305 -4050.012954 -4133.646342 -4133.654032 -4133.648419 -4133.643481 -4133.626062 -4133.574241 -4133.443115 -4133.094523 -4132.554430 -4131.886481 -4130.821742 -4128.849020 -4124.769823 -4115.681837 -4094.665141 -4046.090025 -3771.152505 -1716.575711 -1703.284608 -1726.457751 -1726.489230 -1725.600675 -1725.329674 -1725.272567 -1725.262661 -1725.261494 -1725.261774 -1725.262222 -1725.262628 -1725.262970 -1725.263261 -1725.263514 -1725.263739 -1725.263946 -1725.264142 -1725.264333 -1725.264529 -1725.264738 -1725.264974 -1725.265256 -1725.265614 -1725.266096 -1725.266778 -1725.267790 -1725.269356 -1725.271877 -1725.276097 -1725.283436 -1725.296688 -1725.321495 -1725.369605 -1725.466577 -1725.671397 -1726.129810 -1727.228209 -1730.076670 -1738.202321 -1764.199809 -9999.0 -9999.0
-9999.0 -9999.0 819.699276 720.731252 621.615891 522.359502 423.031881 323.673232 224.304716 124.937652 25.578722 -73.765560 -173.094415 -272.400855 -371.667330 -470.864719 -569.939563 -668.799998 -767.526333 -866.232888 -964.697372 -1062.780160 -1158.989742 -1250.699461 -1336.546914 -1414.405530 -1482.567618 -1540.086322 -1586.909856 -1623.781414 -1651.979261 -1673.016635 -1688.396235 -1699.457851 -1707.312785 -1712.840542 -1716.730360 -1719.589761 -1722.242398 -1726.384423 -1734.587971 -1746.537785 -1951.073305 -4050.012954 -4133.646342 -4133.654032 -4133.648419 -4133.643481 -4133.626062 -4133.574241 -4133.443115 -4133.094523 -4132.554430 -4131.886481 -4130.821742 -4128.849020 -4124.769823 -4115.681837 -4094.665141 -4046.090025 -3771.152505 -1716.575711 -1703.284608 -1726.457751 -1726.489230 -1725.600675 -1725.329674 -1725.272567 -1725.262661 -1725.261494 -1725.261774 -1725.262222 -1725.262628 -1725.262970 -1725.263261 -1725.263514 -1725.263739 -1725.263946 -1725.264142 -1725.264333 -1725.264529 -1725.264738 -1725.264974 -1725.265256 -1725.265614 -1725.266096 -1725.266778 -1725.267790 -1725.269356 -1725.271877 -1725.276097 -1725.283436 -1725.296688 -1725.321495 -1725.369605 -1725.466577 -1725.671397 -1726.129810 -1727.228209 -1730.076670 -1738.202321 -1764.199809 -9999.0 -9999.0
-9999.0 -9999.0 819.700417 720.731856 621.616142 522.359597 423.031915 323.673245 224.304720 124.937654 25.578723 -73.765560 -173.094415 -272.400854 -371.667330 -470.864719 -569.939564 -668.799998 -767.526333 -866.232888 -964.697372 -1062.780161 -1158.989742 -1250.699461 -1336.546914 -1414.405530 -1482.567618 -1540.086323 -1586.909856 -1623.781414 -1651.979261 -1673.016635 -1688.396235 -1699.457851 -1707.312785 -1712.840542 -1716.730360 -1719.589761 -1722.242398 -1726.384423 -1734.587971 -1746.537785 -1951.073305 -4050.012954 -4133.646342 -4133.654032 -4133.648419 -4133.643481 -4133.626062 -4133.574241 -4133.443115 -4133.094523 -4132.554430 -4131.886481 -4130.821742 -4128.849020 -4124.769823 -4115.681837 -4094.665141 -4046.090025 -3771.152505 -1716.575711 -1703.284608 -1726.457751 -1726.489230 -1725.600675 -1725.329674 -1725.272567 -1725.262661 -1725.261494 -1725.261774 -1725.262222 -1725.262628 -1725.262970 -1725.263261 -1725.263514 -1725.263739 -1725.263946 -1725.264142 -1725.264333 -1725.264529 -1725.264738 -1725.264974 -1725.265256 -1725.265614 -1725.266096 -1725.266778 -1725.267790 -1725.269356 -1725.271877 -1725.276097 -1725.283436 -1725.296688 -1725.321495 -1725.369605 -1725.466577 -1725.671397 -1726.129810 -1727.228209 -1730.076670 -1738.202321 -1764.199809 -9999.0 -9999.0
-9999.0 -9999.0 819.700417 720.731856 621.616142 522.359597 423.031915 323.673245 224.304720 124.937654 25.578723 -73.765560 -173.094415 -272.400854 -371.667330 -470.864719 -569.939564 -668.799998 -767.526333 -866.232888 -964.697372 -1062.780161 -1158.989742 -1250.699461 -1336.546914 -1414.405530 -1482.567618 -1540.086323 -1586.909856 -1623.781414 -1651.979261 -1673.016635 -1688.396235 -1699.457851 -1707.312785 -1712.840542 -1716.730360 -1719.589761 -1722.242398 -1726.384423 -1734.587971 -1746.537785 -1951.073305 -4050.012954 -4133.646342 -4133.654032 -4133.648419 -4133.643481 -4133.626062 -4133.574241 -4133.443115 -4133.094523 -4132.554430 -4131.886481 -4130.821742 -4128.849020 -4124.769823 -4115.681837 -4094.665141 -4046.090025 -3771.152505 -1716.575711 -1703.284608 -1726.457751 -1726.489230 -1725.600675 -1725.329674 -1725.272567 -1725.262661 -1725.261494 -1725.261774 -1725.262222 -1725.262628 -1725.262970 -1725.263261 -1725.263514 -1725.263739 -1725.263946 -1725.264142 -1725.264333 -1725.264529 -1725.264738 -1725.264974 -1725.265256 -1725.265614 -1725.266096 -1725.266778 -1725.267790 -1725.269356 -1725.271877 -1725.276097 -1725.283436 -1725.296688 -1725.321495 -1725.369605 -1725.466577 -1725.671397 -1726.129810 -1727.228209 -1730.076670 -1738.202321 -1764.199809 -9999.0 -9999.0
-9999.0 -9999.0 819.699276 720.731252 621.615891 522.359502 423.031881 323.673232 224.304716 124.937652 25.578722 -73.765560 -173.094415 -272.400854 -371.667330 -470.864719 -569.939563 -668.799998 -767.526333 -866.232888 -964.697372 -1062.780160 -1158.989742 -1250.699461 -1336.546914 -1414.405530 -1482.567618 -1540.086322 -1586.909856 -1623.781414 -1651.979261 -1673.016635 -1688.396235 -1699.457851 -1707.312785 -1712.840542 -1716.730360 -1719.589761 -1722.242398 -1726.384423 -1734.587971 -1746.537785 -1951.073305 -4050.012954 -4133.646342 -4133.654032 -4133.648419 -4133.643481 -4133.626062 -4133.574241 -4133.443115 -4133.094523 -4132.554430 -4131.886481 -4130.821742 -4128.849020 -4124.769823 -4115.681837 -4094.665141 -4046.090025 -3771.152505 -1716.575711 -1703.284608 -1726.457751 -1726.489230 -1725.600675 -1725.329674 -1725.272567 -1725.262661 -1725.261494 -1725.261774 -1725.262222 -1725.262628 -1725.262970 -1725.263261 -1725.263514 -1725.263739 -1725.263946 -1725.264142 -1725.264333 -1725.264529 -1725.264738 -1725.264974 -1725.265256 -1725.265614 -1725.266096 -1725.266778 -1725.267790 -1725.269356 -1725.271877 -1725.276097 -1725.283436 -1725.296688 -1725.321495 -1725.369605 -1725.466577 -1725.671397 -1726.129810 -1727.228209 -1730.076670 -1738.202321 -1764.199809 -9999.0 -9999.0
-9999.0 -9999.0 819.695972 720.730078 621.615521 522.359384 423.031841 323.673219 224.304710 124.937650 25.578721 -73.765561 -173.094415 -272.400855 -371.667330 -470.864719 -569.939563 -668.799998 -767.526332 -866.232888 -964.697372 -1062.780160 -1158.989741 -1250.699461 -1336.546914 -1414.405529 -1482.567617 -1540.086322 -1586.909856 -1623.781414 -1651.979261 -1673.016635 -1688.396235 -1699.457851 -1707.312785 -1712.840542 -1716.730360 -1719.589761 -1722.242398 -1726.384423 -1734.587971 -1746.537785 -1951.073305 -4050.012954 -4133.646342 -4133.654032 -4133.648419 -4133.643481 -4133.626062 -4133.574241 -4133.443115 -4133.094523 -4132.554430 -4131.886481 -4130.821742 -4128.849020 -4124.769823 -4115.681837 -4094.665141 -4046.090025 -3771.152505 -1716.575711 -1703.284608 -1726.457751 -1726.489230 -1725.600675 -1725.329674 -1725.272567 -1725.262661 -1725.261494 -1725.261774 -1725.262222 -1725.262628 -1725.262970 -1725.263261 -1725.263514 -1725.263739 -1725.263946 -1725.264142 -1725.264333 -1725.264529 -1725.264738 -1725.264974 -1725.265256 -1725.265614 -1725.266096 -1725.266778 -1725.267790 -1725.269356 -1725.271877 -1725.276097 -1725.283436 -1725.296688 -1725.321495 -1725.369605 -1725.466577 -1725.671397 -1726.129810 -1727.228209 -1730.076670 -1738.202321 -1764.199809 -9999.0 -9999.0
-9999.0 -9999.0 -9999.0 -9999.0 -9999.0 -9999.0 -9999.0 -9999.0 -9999.0 -9999.0 -9999.0 -9999.0 -9999.0 -9999.0 -9999.0 -9999.0 -9999.0 -9999.0 -9999.0 -9999.0 -9999.0 -9999.0 -9999.0 -9999.0 -9999.0 -9999.0 -9999.0 -9999.0 -9999.0 -9999.0 -9999.0 -9999.0 -9999.0 -9999.0 -9999.0 -9999.0 -9999.0 -9999.0 -9999.0 -9999.0 -9999.0 -9999.0 -9999.0 -9999.0 -9999.0 -9999.0 -9999.0 -9999.0 -9999.0 -9999.0 -9999.0 -9999.0 -9999.0 -9999.0 -9999.0 -9999.0 -9999.0 -9999.0 -9999.0 -9999.0 -9999.0 -9999.0 -9999.0 -9999.0 -9999.0 -9999.0 -9999.0 -9999.0 -9999.0 -9999.0 -9999.0 -9999.0 -9999.0 -9999.0 -9999.0 -9999.0 -9999.0 -9999.0 -9999.0 -9999.0 -9999.0 -9999.0 -9999.0 -9999.0 -9999.0 -9999.0 -9999.0 -9999.0 -9999.0 -9999.0 -9999.0 -9999.0 -9999.0 -9999.0 -9999.0 -9999.0 -9999.0 -9999.0 -9999.0 -9999.0 -9999.0 -9999.0 -9999.0 -9999.0
-9999.0 -9999.0 -9999.0 -9999.0 -9999.0 -9999.0 -9999.0 -9999.0 -9999.0 -9999.0 -9999.0 -9999.0 -9999.0 -9999.0 -9999.0 -9999.0 -9999.0 -9999.0 -9999.0 -9999.0 -9999.0 -9999.0 -9999.0 -9999.0 -9999.0 -9999.0 -9999.0 -9999.0 -9999.0 -9999.0 -9999.0 -9999.0 -9999.0 -9999.0 -9999.0 -9999.0 -9999.0 -9999.0 -9999.0 -9999.0 -9999.0 -9999.0 -9999.0 -9999.0 -9999.0 -9999.0 -9999.0 -9999.0 -9999.0 -9999.0 -9999.0 -9999.0 -9999.0 -9999.0 -9999.0 -9999.0 -9999.0 -9999.0 -9999.0 -9999.0 -9999.0 -9999.0 -9999.0 -9999.0 -9999.0 -9999.0 -9999.0 -9999.0 -9999.0 -9999.0 -9999.0 -9999.0 -9999.0 -9999.0 -9999.0 -9999.0 -9999.0 -9999.0 -9999.0 -9999.0 -9999.0 -9999.0 -9999.0 -9999.0 -9999.0 -9999.0 -9999.0 -9999.0 -9999.0 -9999.0 -9999.0 -9999.0 -9999.0 -9999.0 -9999.0 -9999.0 -9999.0 -9999.0 -9999.0 -9999.0 -9999.0 -9999.0 -9999.0 -9999.0