inst/processing_geotop_simulation/geotop_simulation/out/maps3D/PwL0012N0303.asc
ncols         104
nrows         10
xllcorner     -2.000000
yllcorner     0.000000
cellsize      1.000000
NODATA_value  -9999.0
-9999.0 -9999.0 -9999.0 -9999.0 -9999.0 -9999.0 -9999.0 -9999.0 -9999.0 -9999.0 -9999.0 -9999.0 -9999.0 -9999.0 -9999.0 -9999.0 -9999.0 -9999.0 -9999.0 -9999.0 -9999.0 -9999.0 -9999.0 -9999.0 -9999.0 -9999.0 -9999.0 -9999.0 -9999.0 -9999.0 -9999.0 -9999.0 -9999.0 -9999.0 -9999.0 -9999.0 -9999.0 -9999.0 -9999.0 -9999.0 -9999.0 -9999.0 -9999.0 -9999.0 -9999.0 -9999.0 -9999.0 -9999.0 -9999.0 -9999.0 -9999.0 -9999.0 -9999.0 -9999.0 -9999.0 -9999.0 -9999.0 -9999.0 -9999.0 -9999.0 -9999.0 -9999.0 -9999.0 -9999.0 -9999.0 -9999.0 -9999.0 -9999.0 -9999.0 -9999.0 -9999.0 -9999.0 -9999.0 -9999.0 -9999.0 -9999.0 -9999.0 -9999.0 -9999.0 -9999.0 -9999.0 -9999.0 -9999.0 -9999.0 -9999.0 -9999.0 -9999.0 -9999.0 -9999.0 -9999.0 -9999.0 -9999.0 -9999.0 -9999.0 -9999.0 -9999.0 -9999.0 -9999.0 -9999.0 -9999.0 -9999.0 -9999.0 -9999.0 -9999.0
-9999.0 -9999.0 -9999.0 -9999.0 -9999.0 -9999.0 -9999.0 -9999.0 -9999.0 -9999.0 -9999.0 -9999.0 -9999.0 -9999.0 -9999.0 -9999.0 -9999.0 -9999.0 -9999.0 -9999.0 -9999.0 -9999.0 -9999.0 -9999.0 -9999.0 -9999.0 -9999.0 -9999.0 -9999.0 -9999.0 -9999.0 -9999.0 -9999.0 -9999.0 -9999.0 -9999.0 -9999.0 -9999.0 -9999.0 -9999.0 -9999.0 -9999.0 -9999.0 -9999.0 -9999.0 -9999.0 -9999.0 -9999.0 -9999.0 -9999.0 -9999.0 -9999.0 -9999.0 -9999.0 -9999.0 -9999.0 -9999.0 -9999.0 -9999.0 -9999.0 -9999.0 -9999.0 -9999.0 -9999.0 -9999.0 -9999.0 -9999.0 -9999.0 -9999.0 -9999.0 -9999.0 -9999.0 -9999.0 -9999.0 -9999.0 -9999.0 -9999.0 -9999.0 -9999.0 -9999.0 -9999.0 -9999.0 -9999.0 -9999.0 -9999.0 -9999.0 -9999.0 -9999.0 -9999.0 -9999.0 -9999.0 -9999.0 -9999.0 -9999.0 -9999.0 -9999.0 -9999.0 -9999.0 -9999.0 -9999.0 -9999.0 -9999.0 -9999.0 -9999.0
-9999.0 -9999.0 573.650093 475.976021 377.680604 279.040022 180.246405 81.388214 -17.488858 -116.360317 -215.214716 -314.026976 -412.749544 -511.280174 -609.460497 -707.103579 -804.971730 -902.562557 -999.835008 -1096.740752 -1189.652104 -1277.813046 -1358.449716 -1429.043722 -1488.117679 -1535.500584 -1572.114526 -1599.529576 -1619.530076 -1633.815309 -1643.845396 -1650.792416 -1655.552843 -1658.788317 -1660.974605 -1662.449525 -1663.461313 -1664.248836 -1665.303579 -1668.249022 -1677.221242 -1692.294902 -1575.527842 -2383.908910 -2187.738782 -2072.255874 -2021.915621 -2015.416469 -2014.759201 -2014.827164 -2014.997969 -2015.181027 -2015.356788 -2015.519455 -2015.669971 -2015.841116 -2016.356102 -2020.000910 -2045.583904 -2105.386554 -2181.534381 -1442.644421 -1656.787130 -1669.641755 -1666.891285 -1665.804627 -1665.575455 -1665.536093 -1665.530245 -1665.529909 -1665.530399 -1665.530918 -1665.531343 -1665.531674 -1665.531931 -1665.532134 -1665.532297 -1665.532432 -1665.532548 -1665.532653 -1665.532758 -1665.532874 -1665.533017 -1665.533212 -1665.533495 -1665.533924 -1665.534592 -1665.535657 -1665.537388 -1665.540262 -1665.545154 -1665.553717 -1665.569172 -1665.597924 -1665.652993 -1665.761654 -1665.983920 -1666.461303 -1667.554342 -1670.263452 -1677.728984 -1701.738600 -9999.0 -9999.0
-9999.0 -9999.0 573.655317 475.977593 377.681057 279.040160 180.246451 81.388229 -17.488853 -116.360315 -215.214715 -314.026975 -412.749544 -511.280174 -609.460497 -707.103579 -804.971730 -902.562557 -999.835008 -1096.740752 -1189.652105 -1277.813046 -1358.449716 -1429.043723 -1488.117679 -1535.500584 -1572.114526 -1599.529577 -1619.530076 -1633.815309 -1643.845396 -1650.792416 -1655.552843 -1658.788317 -1660.974605 -1662.449525 -1663.461313 -1664.248836 -1665.303579 -1668.249022 -1677.221242 -1692.294902 -1575.527842 -2383.908908 -2187.738780 -2072.255871 -2021.915621 -2015.416469 -2014.759201 -2014.827164 -2014.997969 -2015.181027 -2015.356788 -2015.519455 -2015.669971 -2015.841116 -2016.356102 -2020.000910 -2045.583904 -2105.386554 -2181.534381 -1442.644421 -1656.787130 -1669.641755 -1666.891285 -1665.804627 -1665.575455 -1665.536093 -1665.530245 -1665.529909 -1665.530399 -1665.530918 -1665.531343 -1665.531674 -1665.531931 -1665.532134 -1665.532297 -1665.532432 -1665.532548 -1665.532653 -1665.532758 -1665.532874 -1665.533017 -1665.533212 -1665.533495 -1665.533924 -1665.534592 -1665.535657 -1665.537388 -1665.540262 -1665.545154 -1665.553717 -1665.569172 -1665.597924 -1665.652993 -1665.761654 -1665.983920 -1666.461303 -1667.554342 -1670.263452 -1677.728984 -1701.738600 -9999.0 -9999.0
-9999.0 -9999.0 573.656720 475.978326 377.681354 279.040271 180.246490 81.388244 -17.488848 -116.360313 -215.214714 -314.026975 -412.749544 -511.280174 -609.460497 -707.103579 -804.971731 -902.562558 -999.835008 -1096.740752 -1189.652105 -1277.813046 -1358.449716 -1429.043723 -1488.117679 -1535.500585 -1572.114526 -1599.529577 -1619.530076 -1633.815309 -1643.845396 -1650.792416 -1655.552843 -1658.788317 -1660.974605 -1662.449525 -1663.461313 -1664.248836 -1665.303579 -1668.249022 -1677.221242 -1692.294902 -1575.527842 -2383.908908 -2187.738780 -2072.255870 -2021.915621 -2015.416469 -2014.759201 -2014.827164 -2014.997969 -2015.181027 -2015.356788 -2015.519455 -2015.669971 -2015.841116 -2016.356102 -2020.000910 -2045.583904 -2105.386554 -2181.534381 -1442.644421 -1656.787130 -1669.641755 -1666.891285 -1665.804627 -1665.575455 -1665.536093 -1665.530245 -1665.529909 -1665.530399 -1665.530918 -1665.531343 -1665.531674 -1665.531931 -1665.532134 -1665.532297 -1665.532432 -1665.532548 -1665.532653 -1665.532758 -1665.532874 -1665.533017 -1665.533212 -1665.533495 -1665.533924 -1665.534592 -1665.535657 -1665.537388 -1665.540262 -1665.545154 -1665.553717 -1665.569172 -1665.597924 -1665.652993 -1665.761654 -1665.983920 -1666.461303 -1667.554342 -1670.263452 -1677.728984 -1701.738600 -9999.0 -9999.0
-9999.0 -9999.0 573.656720 475.978326 377.681354 279.040270 180.246490 81.388243 -17.488847 -116.360314 -215.214714 -314.026975 -412.749544 -511.280174 -609.460497 -707.103579 -804.971731 -902.562558 -999.835008 -1096.740752 -1189.652105 -1277.813046 -1358.449716 -1429.043723 -1488.117679 -1535.500585 -1572.114526 -1599.529577 -1619.530076 -1633.815309 -1643.845396 -1650.792416 -1655.552843 -1658.788317 -1660.974605 -1662.449525 -1663.461313 -1664.248836 -1665.303579 -1668.249022 -1677.221242 -1692.294902 -1575.527842 -2383.908908 -2187.738780 -2072.255870 -2021.915621 -2015.416469 -2014.759201 -2014.827164 -2014.997969 -2015.181027 -2015.356788 -2015.519455 -2015.669971 -2015.841116 -2016.356102 -2020.000910 -2045.583904 -2105.386554 -2181.534381 -1442.644421 -1656.787130 -1669.641755 -1666.891285 -1665.804627 -1665.575455 -1665.536093 -1665.530245 -1665.529909 -1665.530399 -1665.530918 -1665.531343 -1665.531674 -1665.531931 -1665.532134 -1665.532297 -1665.532432 -1665.532548 -1665.532653 -1665.532758 -1665.532874 -1665.533017 -1665.533212 -1665.533495 -1665.533924 -1665.534592 -1665.535657 -1665.537388 -1665.540262 -1665.545154 -1665.553717 -1665.569172 -1665.597924 -1665.652993 -1665.761654 -1665.983920 -1666.461303 -1667.554342 -1670.263452 -1677.728984 -1701.738600 -9999.0 -9999.0
-9999.0 -9999.0 573.655317 475.977593 377.681057 279.040161 180.246450 81.388229 -17.488853 -116.360315 -215.214715 -314.026975 -412.749544 -511.280174 -609.460497 -707.103579 -804.971730 -902.562557 -999.835008 -1096.740752 -1189.652105 -1277.813046 -1358.449716 -1429.043723 -1488.117679 -1535.500584 -1572.114526 -1599.529577 -1619.530076 -1633.815309 -1643.845396 -1650.792416 -1655.552843 -1658.788317 -1660.974605 -1662.449525 -1663.461313 -1664.248836 -1665.303579 -1668.249022 -1677.221242 -1692.294902 -1575.527842 -2383.908908 -2187.738780 -2072.255871 -2021.915621 -2015.416469 -2014.759201 -2014.827164 -2014.997969 -2015.181027 -2015.356788 -2015.519455 -2015.669971 -2015.841116 -2016.356102 -2020.000910 -2045.583904 -2105.386554 -2181.534381 -1442.644421 -1656.787130 -1669.641755 -1666.891285 -1665.804627 -1665.575455 -1665.536093 -1665.530245 -1665.529909 -1665.530399 -1665.530918 -1665.531343 -1665.531674 -1665.531931 -1665.532134 -1665.532297 -1665.532432 -1665.532548 -1665.532653 -1665.532758 -1665.532874 -1665.533017 -1665.533212 -1665.533495 -1665.533924 -1665.534592 -1665.535657 -1665.537388 -1665.540262 -1665.545154 -1665.553717 -1665.569172 -1665.597924 -1665.652993 -1665.761654 -1665.983920 -1666.461303 -1667.554342 -1670.263452 -1677.728984 -1701.738600 -9999.0 -9999.0
-9999.0 -9999.0 573.650093 475.976021 377.680605 279.040022 180.246406 81.388214 -17.488858 -116.360318 -215.214716 -314.026976 -412.749544 -511.280174 -609.460497 -707.103579 -804.971730 -902.562557 -999.835008 -1096.740752 -1189.652104 -1277.813046 -1358.449716 -1429.043722 -1488.117679 -1535.500584 -1572.114526 -1599.529576 -1619.530076 -1633.815309 -1643.845396 -1650.792416 -1655.552843 -1658.788317 -1660.974605 -1662.449525 -1663.461313 -1664.248836 -1665.303579 -1668.249022 -1677.221242 -1692.294902 -1575.527842 -2383.908910 -2187.738782 -2072.255874 -2021.915621 -2015.416469 -2014.759201 -2014.827164 -2014.997969 -2015.181027 -2015.356788 -2015.519455 -2015.669971 -2015.841116 -2016.356102 -2020.000910 -2045.583904 -2105.386554 -2181.534381 -1442.644421 -1656.787130 -1669.641755 -1666.891285 -1665.804627 -1665.575455 -1665.536093 -1665.530245 -1665.529909 -1665.530399 -1665.530918 -1665.531343 -1665.531674 -1665.531931 -1665.532134 -1665.532297 -1665.532432 -1665.532548 -1665.532653 -1665.532758 -1665.532874 -1665.533017 -1665.533212 -1665.533495 -1665.533924 -1665.534592 -1665.535657 -1665.537388 -1665.540262 -1665.545154 -1665.553717 -1665.569172 -1665.597924 -1665.652993 -1665.761654 -1665.983920 -1666.461303 -1667.554342 -1670.263452 -1677.728984 -1701.738600 -9999.0 -9999.0
-9999.0 -9999.0 -9999.0 -9999.0 -9999.0 -9999.0 -9999.0 -9999.0 -9999.0 -9999.0 -9999.0 -9999.0 -9999.0 -9999.0 -9999.0 -9999.0 -9999.0 -9999.0 -9999.0 -9999.0 -9999.0 -9999.0 -9999.0 -9999.0 -9999.0 -9999.0 -9999.0 -9999.0 -9999.0 -9999.0 -9999.0 -9999.0 -9999.0 -9999.0 -9999.0 -9999.0 -9999.0 -9999.0 -9999.0 -9999.0 -9999.0 -9999.0 -9999.0 -9999.0 -9999.0 -9999.0 -9999.0 -9999.0 -9999.0 -9999.0 -9999.0 -9999.0 -9999.0 -9999.0 -9999.0 -9999.0 -9999.0 -9999.0 -9999.0 -9999.0 -9999.0 -9999.0 -9999.0 -9999.0 -9999.0 -9999.0 -9999.0 -9999.0 -9999.0 -9999.0 -9999.0 -9999.0 -9999.0 -9999.0 -9999.0 -9999.0 -9999.0 -9999.0 -9999.0 -9999.0 -9999.0 -9999.0 -9999.0 -9999.0 -9999.0 -9999.0 -9999.0 -9999.0 -9999.0 -9999.0 -9999.0 -9999.0 -9999.0 -9999.0 -9999.0 -9999.0 -9999.0 -9999.0 -9999.0 -9999.0 -9999.0 -9999.0 -9999.0 -9999.0
-9999.0 -9999.0 -9999.0 -9999.0 -9999.0 -9999.0 -9999.0 -9999.0 -9999.0 -9999.0 -9999.0 -9999.0 -9999.0 -9999.0 -9999.0 -9999.0 -9999.0 -9999.0 -9999.0 -9999.0 -9999.0 -9999.0 -9999.0 -9999.0 -9999.0 -9999.0 -9999.0 -9999.0 -9999.0 -9999.0 -9999.0 -9999.0 -9999.0 -9999.0 -9999.0 -9999.0 -9999.0 -9999.0 -9999.0 -9999.0 -9999.0 -9999.0 -9999.0 -9999.0 -9999.0 -9999.0 -9999.0 -9999.0 -9999.0 -9999.0 -9999.0 -9999.0 -9999.0 -9999.0 -9999.0 -9999.0 -9999.0 -9999.0 -9999.0 -9999.0 -9999.0 -9999.0 -9999.0 -9999.0 -9999.0 -9999.0 -9999.0 -9999.0 -9999.0 -9999.0 -9999.0 -9999.0 -9999.0 -9999.0 -9999.0 -9999.0 -9999.0 -9999.0 -9999.0 -9999.0 -9999.0 -9999.0 -9999.0 -9999.0 -9999.0 -9999.0 -9999.0 -9999.0 -9999.0 -9999.0 -9999.0 -9999.0 -9999.0 -9999.0 -9999.0 -9999.0 -9999.0 -9999.0 -9999.0 -9999.0 -9999.0 -9999.0 -9999.0 -9999.0