inst/processing_geotop_simulation/geotop_simulation/out/maps3D/PwL0016N0275.asc
ncols         104
nrows         10
xllcorner     -2.000000
yllcorner     0.000000
cellsize      1.000000
NODATA_value  -9999.0
-9999.0 -9999.0 -9999.0 -9999.0 -9999.0 -9999.0 -9999.0 -9999.0 -9999.0 -9999.0 -9999.0 -9999.0 -9999.0 -9999.0 -9999.0 -9999.0 -9999.0 -9999.0 -9999.0 -9999.0 -9999.0 -9999.0 -9999.0 -9999.0 -9999.0 -9999.0 -9999.0 -9999.0 -9999.0 -9999.0 -9999.0 -9999.0 -9999.0 -9999.0 -9999.0 -9999.0 -9999.0 -9999.0 -9999.0 -9999.0 -9999.0 -9999.0 -9999.0 -9999.0 -9999.0 -9999.0 -9999.0 -9999.0 -9999.0 -9999.0 -9999.0 -9999.0 -9999.0 -9999.0 -9999.0 -9999.0 -9999.0 -9999.0 -9999.0 -9999.0 -9999.0 -9999.0 -9999.0 -9999.0 -9999.0 -9999.0 -9999.0 -9999.0 -9999.0 -9999.0 -9999.0 -9999.0 -9999.0 -9999.0 -9999.0 -9999.0 -9999.0 -9999.0 -9999.0 -9999.0 -9999.0 -9999.0 -9999.0 -9999.0 -9999.0 -9999.0 -9999.0 -9999.0 -9999.0 -9999.0 -9999.0 -9999.0 -9999.0 -9999.0 -9999.0 -9999.0 -9999.0 -9999.0 -9999.0 -9999.0 -9999.0 -9999.0 -9999.0 -9999.0
-9999.0 -9999.0 -9999.0 -9999.0 -9999.0 -9999.0 -9999.0 -9999.0 -9999.0 -9999.0 -9999.0 -9999.0 -9999.0 -9999.0 -9999.0 -9999.0 -9999.0 -9999.0 -9999.0 -9999.0 -9999.0 -9999.0 -9999.0 -9999.0 -9999.0 -9999.0 -9999.0 -9999.0 -9999.0 -9999.0 -9999.0 -9999.0 -9999.0 -9999.0 -9999.0 -9999.0 -9999.0 -9999.0 -9999.0 -9999.0 -9999.0 -9999.0 -9999.0 -9999.0 -9999.0 -9999.0 -9999.0 -9999.0 -9999.0 -9999.0 -9999.0 -9999.0 -9999.0 -9999.0 -9999.0 -9999.0 -9999.0 -9999.0 -9999.0 -9999.0 -9999.0 -9999.0 -9999.0 -9999.0 -9999.0 -9999.0 -9999.0 -9999.0 -9999.0 -9999.0 -9999.0 -9999.0 -9999.0 -9999.0 -9999.0 -9999.0 -9999.0 -9999.0 -9999.0 -9999.0 -9999.0 -9999.0 -9999.0 -9999.0 -9999.0 -9999.0 -9999.0 -9999.0 -9999.0 -9999.0 -9999.0 -9999.0 -9999.0 -9999.0 -9999.0 -9999.0 -9999.0 -9999.0 -9999.0 -9999.0 -9999.0 -9999.0 -9999.0 -9999.0
-9999.0 -9999.0 773.232411 675.529390 577.442308 479.033232 380.465746 281.829312 183.170104 84.512576 -14.126776 -112.736467 -211.308143 -309.802890 -408.145446 -506.209003 -603.764454 -700.455380 -797.528025 -894.141647 -990.095023 -1085.122338 -1171.633471 -1250.050826 -1318.247966 -1375.083400 -1420.557019 -1455.623375 -1481.815521 -1500.863784 -1514.418361 -1523.897837 -1530.438357 -1534.904991 -1537.932910 -1539.978592 -1541.375763 -1542.425061 -1543.680587 -1547.012997 -1558.754991 -1602.008157 -2001.911292 -4134.935296 -4183.163508 -4183.167533 -4183.167092 -4183.167019 -4183.167007 -4183.166993 -4183.166951 -4183.166824 -4183.166610 -4183.166326 -4183.165847 -4183.164903 -4183.162798 -4183.157648 -4183.144131 -4183.095795 -4100.446165 -1847.471303 -1563.274211 -1550.765317 -1545.814100 -1544.542636 -1544.300083 -1544.260007 -1544.254184 -1544.253899 -1544.254435 -1544.254992 -1544.255447 -1544.255803 -1544.256080 -1544.256300 -1544.256478 -1544.256626 -1544.256753 -1544.256870 -1544.256985 -1544.257112 -1544.257268 -1544.257478 -1544.257781 -1544.258237 -1544.258946 -1544.260072 -1544.261898 -1544.264926 -1544.270075 -1544.279082 -1544.295327 -1544.325544 -1544.383433 -1544.497787 -1544.732263 -1545.237782 -1546.399201 -1549.271734 -1557.075460 -1581.546924 -9999.0 -9999.0
-9999.0 -9999.0 773.236394 675.530765 577.442733 479.033367 380.465790 281.829328 183.170110 84.512579 -14.126775 -112.736467 -211.308142 -309.802890 -408.145446 -506.209003 -603.764454 -700.455381 -797.528025 -894.141647 -990.095023 -1085.122338 -1171.633471 -1250.050826 -1318.247967 -1375.083400 -1420.557019 -1455.623375 -1481.815521 -1500.863784 -1514.418361 -1523.897837 -1530.438357 -1534.904991 -1537.932910 -1539.978592 -1541.375763 -1542.425061 -1543.680587 -1547.012997 -1558.754991 -1602.008157 -2001.911291 -4134.935295 -4183.163508 -4183.167533 -4183.167092 -4183.167019 -4183.167007 -4183.166993 -4183.166951 -4183.166824 -4183.166610 -4183.166326 -4183.165847 -4183.164903 -4183.162798 -4183.157648 -4183.144131 -4183.095795 -4100.446165 -1847.471303 -1563.274211 -1550.765317 -1545.814100 -1544.542636 -1544.300083 -1544.260007 -1544.254184 -1544.253899 -1544.254435 -1544.254992 -1544.255447 -1544.255803 -1544.256080 -1544.256300 -1544.256478 -1544.256626 -1544.256753 -1544.256870 -1544.256985 -1544.257112 -1544.257268 -1544.257478 -1544.257781 -1544.258237 -1544.258946 -1544.260072 -1544.261898 -1544.264926 -1544.270075 -1544.279082 -1544.295327 -1544.325544 -1544.383433 -1544.497787 -1544.732263 -1545.237782 -1546.399201 -1549.271734 -1557.075460 -1581.546924 -9999.0 -9999.0
-9999.0 -9999.0 773.237709 675.531458 577.443019 479.033474 380.465830 281.829342 183.170115 84.512581 -14.126775 -112.736467 -211.308142 -309.802890 -408.145446 -506.209003 -603.764454 -700.455381 -797.528025 -894.141647 -990.095023 -1085.122338 -1171.633471 -1250.050826 -1318.247967 -1375.083400 -1420.557019 -1455.623375 -1481.815521 -1500.863784 -1514.418361 -1523.897837 -1530.438358 -1534.904991 -1537.932910 -1539.978592 -1541.375763 -1542.425061 -1543.680587 -1547.012997 -1558.754991 -1602.008157 -2001.911291 -4134.935295 -4183.163508 -4183.167533 -4183.167092 -4183.167019 -4183.167007 -4183.166993 -4183.166951 -4183.166824 -4183.166610 -4183.166326 -4183.165847 -4183.164903 -4183.162798 -4183.157648 -4183.144131 -4183.095795 -4100.446165 -1847.471303 -1563.274211 -1550.765317 -1545.814100 -1544.542636 -1544.300083 -1544.260007 -1544.254184 -1544.253899 -1544.254435 -1544.254992 -1544.255447 -1544.255803 -1544.256080 -1544.256300 -1544.256478 -1544.256626 -1544.256753 -1544.256870 -1544.256985 -1544.257112 -1544.257268 -1544.257478 -1544.257781 -1544.258237 -1544.258946 -1544.260072 -1544.261898 -1544.264926 -1544.270075 -1544.279082 -1544.295327 -1544.325544 -1544.383433 -1544.497787 -1544.732263 -1545.237782 -1546.399201 -1549.271734 -1557.075460 -1581.546924 -9999.0 -9999.0
-9999.0 -9999.0 773.237709 675.531458 577.443019 479.033474 380.465830 281.829342 183.170115 84.512581 -14.126775 -112.736467 -211.308142 -309.802890 -408.145446 -506.209003 -603.764454 -700.455381 -797.528025 -894.141647 -990.095023 -1085.122338 -1171.633471 -1250.050826 -1318.247967 -1375.083400 -1420.557019 -1455.623375 -1481.815521 -1500.863784 -1514.418361 -1523.897837 -1530.438358 -1534.904991 -1537.932910 -1539.978592 -1541.375763 -1542.425061 -1543.680587 -1547.012997 -1558.754991 -1602.008157 -2001.911291 -4134.935295 -4183.163508 -4183.167533 -4183.167092 -4183.167019 -4183.167007 -4183.166993 -4183.166951 -4183.166824 -4183.166610 -4183.166326 -4183.165847 -4183.164903 -4183.162798 -4183.157648 -4183.144131 -4183.095795 -4100.446165 -1847.471303 -1563.274211 -1550.765317 -1545.814100 -1544.542636 -1544.300083 -1544.260007 -1544.254184 -1544.253899 -1544.254435 -1544.254992 -1544.255447 -1544.255803 -1544.256080 -1544.256300 -1544.256478 -1544.256626 -1544.256753 -1544.256870 -1544.256985 -1544.257112 -1544.257268 -1544.257478 -1544.257781 -1544.258237 -1544.258946 -1544.260072 -1544.261898 -1544.264926 -1544.270075 -1544.279082 -1544.295327 -1544.325544 -1544.383433 -1544.497787 -1544.732263 -1545.237782 -1546.399201 -1549.271734 -1557.075460 -1581.546924 -9999.0 -9999.0
-9999.0 -9999.0 773.236394 675.530765 577.442733 479.033367 380.465790 281.829328 183.170110 84.512579 -14.126775 -112.736467 -211.308143 -309.802890 -408.145446 -506.209003 -603.764454 -700.455381 -797.528025 -894.141647 -990.095023 -1085.122338 -1171.633471 -1250.050826 -1318.247967 -1375.083400 -1420.557019 -1455.623375 -1481.815521 -1500.863784 -1514.418361 -1523.897837 -1530.438357 -1534.904991 -1537.932910 -1539.978592 -1541.375763 -1542.425061 -1543.680587 -1547.012997 -1558.754991 -1602.008157 -2001.911291 -4134.935295 -4183.163508 -4183.167533 -4183.167092 -4183.167019 -4183.167007 -4183.166993 -4183.166951 -4183.166824 -4183.166610 -4183.166326 -4183.165847 -4183.164903 -4183.162798 -4183.157648 -4183.144131 -4183.095795 -4100.446165 -1847.471303 -1563.274211 -1550.765317 -1545.814100 -1544.542636 -1544.300083 -1544.260007 -1544.254184 -1544.253899 -1544.254435 -1544.254992 -1544.255447 -1544.255803 -1544.256080 -1544.256300 -1544.256478 -1544.256626 -1544.256753 -1544.256870 -1544.256985 -1544.257112 -1544.257268 -1544.257478 -1544.257781 -1544.258237 -1544.258946 -1544.260072 -1544.261898 -1544.264926 -1544.270075 -1544.279082 -1544.295327 -1544.325544 -1544.383433 -1544.497787 -1544.732263 -1545.237782 -1546.399201 -1549.271734 -1557.075460 -1581.546924 -9999.0 -9999.0
-9999.0 -9999.0 773.232411 675.529390 577.442308 479.033232 380.465746 281.829312 183.170104 84.512576 -14.126776 -112.736468 -211.308143 -309.802890 -408.145446 -506.209003 -603.764454 -700.455380 -797.528025 -894.141647 -990.095023 -1085.122338 -1171.633471 -1250.050826 -1318.247966 -1375.083400 -1420.557019 -1455.623375 -1481.815521 -1500.863784 -1514.418361 -1523.897837 -1530.438357 -1534.904991 -1537.932910 -1539.978592 -1541.375763 -1542.425061 -1543.680587 -1547.012997 -1558.754991 -1602.008157 -2001.911292 -4134.935296 -4183.163508 -4183.167533 -4183.167092 -4183.167019 -4183.167007 -4183.166993 -4183.166951 -4183.166824 -4183.166610 -4183.166326 -4183.165847 -4183.164903 -4183.162798 -4183.157648 -4183.144131 -4183.095795 -4100.446165 -1847.471303 -1563.274211 -1550.765317 -1545.814100 -1544.542636 -1544.300083 -1544.260007 -1544.254184 -1544.253899 -1544.254435 -1544.254992 -1544.255447 -1544.255803 -1544.256080 -1544.256300 -1544.256478 -1544.256626 -1544.256753 -1544.256870 -1544.256985 -1544.257112 -1544.257268 -1544.257478 -1544.257781 -1544.258237 -1544.258946 -1544.260072 -1544.261898 -1544.264926 -1544.270075 -1544.279082 -1544.295327 -1544.325544 -1544.383433 -1544.497787 -1544.732263 -1545.237782 -1546.399201 -1549.271734 -1557.075460 -1581.546924 -9999.0 -9999.0
-9999.0 -9999.0 -9999.0 -9999.0 -9999.0 -9999.0 -9999.0 -9999.0 -9999.0 -9999.0 -9999.0 -9999.0 -9999.0 -9999.0 -9999.0 -9999.0 -9999.0 -9999.0 -9999.0 -9999.0 -9999.0 -9999.0 -9999.0 -9999.0 -9999.0 -9999.0 -9999.0 -9999.0 -9999.0 -9999.0 -9999.0 -9999.0 -9999.0 -9999.0 -9999.0 -9999.0 -9999.0 -9999.0 -9999.0 -9999.0 -9999.0 -9999.0 -9999.0 -9999.0 -9999.0 -9999.0 -9999.0 -9999.0 -9999.0 -9999.0 -9999.0 -9999.0 -9999.0 -9999.0 -9999.0 -9999.0 -9999.0 -9999.0 -9999.0 -9999.0 -9999.0 -9999.0 -9999.0 -9999.0 -9999.0 -9999.0 -9999.0 -9999.0 -9999.0 -9999.0 -9999.0 -9999.0 -9999.0 -9999.0 -9999.0 -9999.0 -9999.0 -9999.0 -9999.0 -9999.0 -9999.0 -9999.0 -9999.0 -9999.0 -9999.0 -9999.0 -9999.0 -9999.0 -9999.0 -9999.0 -9999.0 -9999.0 -9999.0 -9999.0 -9999.0 -9999.0 -9999.0 -9999.0 -9999.0 -9999.0 -9999.0 -9999.0 -9999.0 -9999.0
-9999.0 -9999.0 -9999.0 -9999.0 -9999.0 -9999.0 -9999.0 -9999.0 -9999.0 -9999.0 -9999.0 -9999.0 -9999.0 -9999.0 -9999.0 -9999.0 -9999.0 -9999.0 -9999.0 -9999.0 -9999.0 -9999.0 -9999.0 -9999.0 -9999.0 -9999.0 -9999.0 -9999.0 -9999.0 -9999.0 -9999.0 -9999.0 -9999.0 -9999.0 -9999.0 -9999.0 -9999.0 -9999.0 -9999.0 -9999.0 -9999.0 -9999.0 -9999.0 -9999.0 -9999.0 -9999.0 -9999.0 -9999.0 -9999.0 -9999.0 -9999.0 -9999.0 -9999.0 -9999.0 -9999.0 -9999.0 -9999.0 -9999.0 -9999.0 -9999.0 -9999.0 -9999.0 -9999.0 -9999.0 -9999.0 -9999.0 -9999.0 -9999.0 -9999.0 -9999.0 -9999.0 -9999.0 -9999.0 -9999.0 -9999.0 -9999.0 -9999.0 -9999.0 -9999.0 -9999.0 -9999.0 -9999.0 -9999.0 -9999.0 -9999.0 -9999.0 -9999.0 -9999.0 -9999.0 -9999.0 -9999.0 -9999.0 -9999.0 -9999.0 -9999.0 -9999.0 -9999.0 -9999.0 -9999.0 -9999.0 -9999.0 -9999.0 -9999.0 -9999.0