inst/processing_geotop_simulation/geotop_simulation/out/maps3D/PwL0010N0187.asc
ncols         104
nrows         10
xllcorner     -2.000000
yllcorner     0.000000
cellsize      1.000000
NODATA_value  -9999.0
-9999.0 -9999.0 -9999.0 -9999.0 -9999.0 -9999.0 -9999.0 -9999.0 -9999.0 -9999.0 -9999.0 -9999.0 -9999.0 -9999.0 -9999.0 -9999.0 -9999.0 -9999.0 -9999.0 -9999.0 -9999.0 -9999.0 -9999.0 -9999.0 -9999.0 -9999.0 -9999.0 -9999.0 -9999.0 -9999.0 -9999.0 -9999.0 -9999.0 -9999.0 -9999.0 -9999.0 -9999.0 -9999.0 -9999.0 -9999.0 -9999.0 -9999.0 -9999.0 -9999.0 -9999.0 -9999.0 -9999.0 -9999.0 -9999.0 -9999.0 -9999.0 -9999.0 -9999.0 -9999.0 -9999.0 -9999.0 -9999.0 -9999.0 -9999.0 -9999.0 -9999.0 -9999.0 -9999.0 -9999.0 -9999.0 -9999.0 -9999.0 -9999.0 -9999.0 -9999.0 -9999.0 -9999.0 -9999.0 -9999.0 -9999.0 -9999.0 -9999.0 -9999.0 -9999.0 -9999.0 -9999.0 -9999.0 -9999.0 -9999.0 -9999.0 -9999.0 -9999.0 -9999.0 -9999.0 -9999.0 -9999.0 -9999.0 -9999.0 -9999.0 -9999.0 -9999.0 -9999.0 -9999.0 -9999.0 -9999.0 -9999.0 -9999.0 -9999.0 -9999.0
-9999.0 -9999.0 -9999.0 -9999.0 -9999.0 -9999.0 -9999.0 -9999.0 -9999.0 -9999.0 -9999.0 -9999.0 -9999.0 -9999.0 -9999.0 -9999.0 -9999.0 -9999.0 -9999.0 -9999.0 -9999.0 -9999.0 -9999.0 -9999.0 -9999.0 -9999.0 -9999.0 -9999.0 -9999.0 -9999.0 -9999.0 -9999.0 -9999.0 -9999.0 -9999.0 -9999.0 -9999.0 -9999.0 -9999.0 -9999.0 -9999.0 -9999.0 -9999.0 -9999.0 -9999.0 -9999.0 -9999.0 -9999.0 -9999.0 -9999.0 -9999.0 -9999.0 -9999.0 -9999.0 -9999.0 -9999.0 -9999.0 -9999.0 -9999.0 -9999.0 -9999.0 -9999.0 -9999.0 -9999.0 -9999.0 -9999.0 -9999.0 -9999.0 -9999.0 -9999.0 -9999.0 -9999.0 -9999.0 -9999.0 -9999.0 -9999.0 -9999.0 -9999.0 -9999.0 -9999.0 -9999.0 -9999.0 -9999.0 -9999.0 -9999.0 -9999.0 -9999.0 -9999.0 -9999.0 -9999.0 -9999.0 -9999.0 -9999.0 -9999.0 -9999.0 -9999.0 -9999.0 -9999.0 -9999.0 -9999.0 -9999.0 -9999.0 -9999.0 -9999.0
-9999.0 -9999.0 480.268310 386.636060 290.994843 194.408368 97.418795 0.262052 -96.937488 -194.127444 -291.233996 -388.139474 -484.599751 -580.138011 -674.236943 -769.054043 -863.456854 -957.575164 -1051.511061 -1139.918995 -1220.792387 -1290.090803 -1345.798674 -1388.183131 -1419.075541 -1440.909174 -1456.016992 -1466.311569 -1473.237562 -1477.842761 -1480.871914 -1482.845706 -1484.122138 -1484.943084 -1485.469451 -1485.808823 -1486.040121 -1486.251819 -1486.712043 -1488.827343 -1498.953754 -1536.605361 -1440.164817 -1806.640068 -1690.715623 -1624.580902 -1595.363951 -1591.667553 -1591.296977 -1591.337099 -1591.435519 -1591.540852 -1591.641955 -1591.735507 -1591.821972 -1591.919436 -1592.207766 -1594.261578 -1609.076088 -1643.560303 -1698.620945 -1328.171022 -1507.121974 -1493.174774 -1487.730067 -1486.704052 -1486.544788 -1486.520712 -1486.517670 -1486.518116 -1486.519023 -1486.519831 -1486.520464 -1486.520946 -1486.521315 -1486.521601 -1486.521828 -1486.522011 -1486.522164 -1486.522300 -1486.522433 -1486.522581 -1486.522767 -1486.523025 -1486.523406 -1486.523992 -1486.524913 -1486.526388 -1486.528784 -1486.532746 -1486.539440 -1486.551047 -1486.571772 -1486.609899 -1486.682001 -1486.821764 -1487.099701 -1487.672169 -1488.915305 -1491.814526 -1499.258352 -1521.941439 -9999.0 -9999.0
-9999.0 -9999.0 480.275042 386.637935 290.995366 194.408526 97.418846 0.262069 -96.937482 -194.127442 -291.233996 -388.139473 -484.599751 -580.138011 -674.236943 -769.054043 -863.456855 -957.575164 -1051.511061 -1139.918996 -1220.792387 -1290.090804 -1345.798675 -1388.183132 -1419.075542 -1440.909174 -1456.016993 -1466.311569 -1473.237562 -1477.842761 -1480.871914 -1482.845706 -1484.122138 -1484.943084 -1485.469451 -1485.808823 -1486.040121 -1486.251819 -1486.712043 -1488.827343 -1498.953754 -1536.605361 -1440.164817 -1806.640068 -1690.715622 -1624.580900 -1595.363951 -1591.667553 -1591.296977 -1591.337099 -1591.435519 -1591.540852 -1591.641955 -1591.735507 -1591.821972 -1591.919436 -1592.207766 -1594.261578 -1609.076088 -1643.560303 -1698.620945 -1328.171022 -1507.121974 -1493.174774 -1487.730067 -1486.704052 -1486.544788 -1486.520712 -1486.517670 -1486.518116 -1486.519023 -1486.519831 -1486.520464 -1486.520946 -1486.521315 -1486.521601 -1486.521828 -1486.522011 -1486.522164 -1486.522300 -1486.522433 -1486.522581 -1486.522767 -1486.523025 -1486.523406 -1486.523992 -1486.524913 -1486.526388 -1486.528784 -1486.532746 -1486.539440 -1486.551047 -1486.571772 -1486.609899 -1486.682001 -1486.821764 -1487.099701 -1487.672169 -1488.915305 -1491.814526 -1499.258352 -1521.941439 -9999.0 -9999.0
-9999.0 -9999.0 480.276639 386.638775 290.995704 194.408650 97.418890 0.262085 -96.937477 -194.127440 -291.233995 -388.139473 -484.599751 -580.138011 -674.236943 -769.054043 -863.456855 -957.575164 -1051.511061 -1139.918996 -1220.792387 -1290.090804 -1345.798675 -1388.183132 -1419.075542 -1440.909174 -1456.016993 -1466.311569 -1473.237562 -1477.842761 -1480.871914 -1482.845706 -1484.122138 -1484.943084 -1485.469451 -1485.808823 -1486.040121 -1486.251819 -1486.712043 -1488.827343 -1498.953754 -1536.605361 -1440.164817 -1806.640068 -1690.715622 -1624.580900 -1595.363951 -1591.667553 -1591.296977 -1591.337099 -1591.435519 -1591.540852 -1591.641955 -1591.735507 -1591.821972 -1591.919436 -1592.207766 -1594.261578 -1609.076088 -1643.560303 -1698.620945 -1328.171022 -1507.121974 -1493.174774 -1487.730067 -1486.704052 -1486.544788 -1486.520712 -1486.517670 -1486.518116 -1486.519023 -1486.519831 -1486.520464 -1486.520946 -1486.521315 -1486.521601 -1486.521828 -1486.522011 -1486.522164 -1486.522300 -1486.522433 -1486.522581 -1486.522767 -1486.523025 -1486.523406 -1486.523992 -1486.524913 -1486.526388 -1486.528784 -1486.532746 -1486.539440 -1486.551047 -1486.571772 -1486.609899 -1486.682001 -1486.821764 -1487.099701 -1487.672169 -1488.915305 -1491.814526 -1499.258352 -1521.941439 -9999.0 -9999.0
-9999.0 -9999.0 480.276639 386.638775 290.995704 194.408650 97.418890 0.262085 -96.937477 -194.127440 -291.233995 -388.139473 -484.599751 -580.138011 -674.236943 -769.054043 -863.456855 -957.575164 -1051.511061 -1139.918996 -1220.792387 -1290.090804 -1345.798675 -1388.183132 -1419.075542 -1440.909174 -1456.016993 -1466.311569 -1473.237562 -1477.842761 -1480.871914 -1482.845706 -1484.122138 -1484.943084 -1485.469451 -1485.808823 -1486.040121 -1486.251819 -1486.712043 -1488.827343 -1498.953754 -1536.605361 -1440.164817 -1806.640068 -1690.715622 -1624.580900 -1595.363951 -1591.667553 -1591.296977 -1591.337099 -1591.435519 -1591.540852 -1591.641955 -1591.735507 -1591.821972 -1591.919436 -1592.207766 -1594.261578 -1609.076088 -1643.560303 -1698.620945 -1328.171022 -1507.121974 -1493.174774 -1487.730067 -1486.704052 -1486.544788 -1486.520712 -1486.517670 -1486.518116 -1486.519023 -1486.519831 -1486.520464 -1486.520946 -1486.521315 -1486.521601 -1486.521828 -1486.522011 -1486.522164 -1486.522300 -1486.522433 -1486.522581 -1486.522767 -1486.523025 -1486.523406 -1486.523992 -1486.524913 -1486.526388 -1486.528784 -1486.532746 -1486.539440 -1486.551047 -1486.571772 -1486.609899 -1486.682001 -1486.821764 -1487.099701 -1487.672169 -1488.915305 -1491.814526 -1499.258352 -1521.941439 -9999.0 -9999.0
-9999.0 -9999.0 480.275042 386.637935 290.995366 194.408526 97.418846 0.262069 -96.937482 -194.127442 -291.233996 -388.139473 -484.599751 -580.138011 -674.236943 -769.054043 -863.456855 -957.575164 -1051.511061 -1139.918996 -1220.792387 -1290.090804 -1345.798675 -1388.183132 -1419.075542 -1440.909174 -1456.016993 -1466.311569 -1473.237562 -1477.842761 -1480.871914 -1482.845706 -1484.122138 -1484.943084 -1485.469451 -1485.808823 -1486.040121 -1486.251819 -1486.712043 -1488.827343 -1498.953754 -1536.605361 -1440.164817 -1806.640068 -1690.715622 -1624.580900 -1595.363951 -1591.667553 -1591.296977 -1591.337099 -1591.435519 -1591.540852 -1591.641955 -1591.735507 -1591.821972 -1591.919436 -1592.207766 -1594.261578 -1609.076088 -1643.560303 -1698.620945 -1328.171022 -1507.121974 -1493.174774 -1487.730067 -1486.704052 -1486.544788 -1486.520712 -1486.517670 -1486.518116 -1486.519023 -1486.519831 -1486.520464 -1486.520946 -1486.521315 -1486.521601 -1486.521828 -1486.522011 -1486.522164 -1486.522300 -1486.522433 -1486.522581 -1486.522767 -1486.523025 -1486.523406 -1486.523992 -1486.524913 -1486.526388 -1486.528784 -1486.532746 -1486.539440 -1486.551047 -1486.571772 -1486.609899 -1486.682001 -1486.821764 -1487.099701 -1487.672169 -1488.915305 -1491.814526 -1499.258352 -1521.941439 -9999.0 -9999.0
-9999.0 -9999.0 480.268310 386.636060 290.994843 194.408368 97.418795 0.262052 -96.937488 -194.127444 -291.233996 -388.139474 -484.599751 -580.138011 -674.236943 -769.054043 -863.456854 -957.575164 -1051.511061 -1139.918995 -1220.792387 -1290.090803 -1345.798674 -1388.183131 -1419.075541 -1440.909174 -1456.016992 -1466.311569 -1473.237562 -1477.842761 -1480.871914 -1482.845706 -1484.122138 -1484.943084 -1485.469451 -1485.808823 -1486.040121 -1486.251819 -1486.712043 -1488.827343 -1498.953754 -1536.605361 -1440.164817 -1806.640068 -1690.715623 -1624.580902 -1595.363951 -1591.667553 -1591.296977 -1591.337099 -1591.435519 -1591.540852 -1591.641955 -1591.735507 -1591.821972 -1591.919436 -1592.207766 -1594.261578 -1609.076088 -1643.560303 -1698.620945 -1328.171022 -1507.121974 -1493.174774 -1487.730067 -1486.704052 -1486.544788 -1486.520712 -1486.517670 -1486.518116 -1486.519023 -1486.519831 -1486.520464 -1486.520946 -1486.521315 -1486.521601 -1486.521828 -1486.522011 -1486.522164 -1486.522300 -1486.522433 -1486.522581 -1486.522767 -1486.523025 -1486.523406 -1486.523992 -1486.524913 -1486.526388 -1486.528784 -1486.532746 -1486.539440 -1486.551047 -1486.571772 -1486.609899 -1486.682001 -1486.821764 -1487.099701 -1487.672169 -1488.915305 -1491.814526 -1499.258352 -1521.941439 -9999.0 -9999.0
-9999.0 -9999.0 -9999.0 -9999.0 -9999.0 -9999.0 -9999.0 -9999.0 -9999.0 -9999.0 -9999.0 -9999.0 -9999.0 -9999.0 -9999.0 -9999.0 -9999.0 -9999.0 -9999.0 -9999.0 -9999.0 -9999.0 -9999.0 -9999.0 -9999.0 -9999.0 -9999.0 -9999.0 -9999.0 -9999.0 -9999.0 -9999.0 -9999.0 -9999.0 -9999.0 -9999.0 -9999.0 -9999.0 -9999.0 -9999.0 -9999.0 -9999.0 -9999.0 -9999.0 -9999.0 -9999.0 -9999.0 -9999.0 -9999.0 -9999.0 -9999.0 -9999.0 -9999.0 -9999.0 -9999.0 -9999.0 -9999.0 -9999.0 -9999.0 -9999.0 -9999.0 -9999.0 -9999.0 -9999.0 -9999.0 -9999.0 -9999.0 -9999.0 -9999.0 -9999.0 -9999.0 -9999.0 -9999.0 -9999.0 -9999.0 -9999.0 -9999.0 -9999.0 -9999.0 -9999.0 -9999.0 -9999.0 -9999.0 -9999.0 -9999.0 -9999.0 -9999.0 -9999.0 -9999.0 -9999.0 -9999.0 -9999.0 -9999.0 -9999.0 -9999.0 -9999.0 -9999.0 -9999.0 -9999.0 -9999.0 -9999.0 -9999.0 -9999.0 -9999.0
-9999.0 -9999.0 -9999.0 -9999.0 -9999.0 -9999.0 -9999.0 -9999.0 -9999.0 -9999.0 -9999.0 -9999.0 -9999.0 -9999.0 -9999.0 -9999.0 -9999.0 -9999.0 -9999.0 -9999.0 -9999.0 -9999.0 -9999.0 -9999.0 -9999.0 -9999.0 -9999.0 -9999.0 -9999.0 -9999.0 -9999.0 -9999.0 -9999.0 -9999.0 -9999.0 -9999.0 -9999.0 -9999.0 -9999.0 -9999.0 -9999.0 -9999.0 -9999.0 -9999.0 -9999.0 -9999.0 -9999.0 -9999.0 -9999.0 -9999.0 -9999.0 -9999.0 -9999.0 -9999.0 -9999.0 -9999.0 -9999.0 -9999.0 -9999.0 -9999.0 -9999.0 -9999.0 -9999.0 -9999.0 -9999.0 -9999.0 -9999.0 -9999.0 -9999.0 -9999.0 -9999.0 -9999.0 -9999.0 -9999.0 -9999.0 -9999.0 -9999.0 -9999.0 -9999.0 -9999.0 -9999.0 -9999.0 -9999.0 -9999.0 -9999.0 -9999.0 -9999.0 -9999.0 -9999.0 -9999.0 -9999.0 -9999.0 -9999.0 -9999.0 -9999.0 -9999.0 -9999.0 -9999.0 -9999.0 -9999.0 -9999.0 -9999.0 -9999.0 -9999.0