inst/processing_geotop_simulation/geotop_simulation/out/maps3D/PwL0006N0393.asc
ncols         104
nrows         10
xllcorner     -2.000000
yllcorner     0.000000
cellsize      1.000000
NODATA_value  -9999.0
-9999.0 -9999.0 -9999.0 -9999.0 -9999.0 -9999.0 -9999.0 -9999.0 -9999.0 -9999.0 -9999.0 -9999.0 -9999.0 -9999.0 -9999.0 -9999.0 -9999.0 -9999.0 -9999.0 -9999.0 -9999.0 -9999.0 -9999.0 -9999.0 -9999.0 -9999.0 -9999.0 -9999.0 -9999.0 -9999.0 -9999.0 -9999.0 -9999.0 -9999.0 -9999.0 -9999.0 -9999.0 -9999.0 -9999.0 -9999.0 -9999.0 -9999.0 -9999.0 -9999.0 -9999.0 -9999.0 -9999.0 -9999.0 -9999.0 -9999.0 -9999.0 -9999.0 -9999.0 -9999.0 -9999.0 -9999.0 -9999.0 -9999.0 -9999.0 -9999.0 -9999.0 -9999.0 -9999.0 -9999.0 -9999.0 -9999.0 -9999.0 -9999.0 -9999.0 -9999.0 -9999.0 -9999.0 -9999.0 -9999.0 -9999.0 -9999.0 -9999.0 -9999.0 -9999.0 -9999.0 -9999.0 -9999.0 -9999.0 -9999.0 -9999.0 -9999.0 -9999.0 -9999.0 -9999.0 -9999.0 -9999.0 -9999.0 -9999.0 -9999.0 -9999.0 -9999.0 -9999.0 -9999.0 -9999.0 -9999.0 -9999.0 -9999.0 -9999.0 -9999.0
-9999.0 -9999.0 -9999.0 -9999.0 -9999.0 -9999.0 -9999.0 -9999.0 -9999.0 -9999.0 -9999.0 -9999.0 -9999.0 -9999.0 -9999.0 -9999.0 -9999.0 -9999.0 -9999.0 -9999.0 -9999.0 -9999.0 -9999.0 -9999.0 -9999.0 -9999.0 -9999.0 -9999.0 -9999.0 -9999.0 -9999.0 -9999.0 -9999.0 -9999.0 -9999.0 -9999.0 -9999.0 -9999.0 -9999.0 -9999.0 -9999.0 -9999.0 -9999.0 -9999.0 -9999.0 -9999.0 -9999.0 -9999.0 -9999.0 -9999.0 -9999.0 -9999.0 -9999.0 -9999.0 -9999.0 -9999.0 -9999.0 -9999.0 -9999.0 -9999.0 -9999.0 -9999.0 -9999.0 -9999.0 -9999.0 -9999.0 -9999.0 -9999.0 -9999.0 -9999.0 -9999.0 -9999.0 -9999.0 -9999.0 -9999.0 -9999.0 -9999.0 -9999.0 -9999.0 -9999.0 -9999.0 -9999.0 -9999.0 -9999.0 -9999.0 -9999.0 -9999.0 -9999.0 -9999.0 -9999.0 -9999.0 -9999.0 -9999.0 -9999.0 -9999.0 -9999.0 -9999.0 -9999.0 -9999.0 -9999.0 -9999.0 -9999.0 -9999.0 -9999.0
-9999.0 -9999.0 274.352946 176.355114 77.517170 -21.602449 -120.830669 -220.103222 -319.386944 -418.658563 -517.893218 -617.038334 -715.990880 -814.875632 -913.670339 -1012.441751 -1111.152469 -1209.215300 -1306.435588 -1402.123692 -1494.956450 -1582.619881 -1662.079114 -1730.668274 -1787.072617 -1831.517224 -1865.330621 -1890.349223 -1908.458942 -1921.341851 -1930.380367 -1936.651891 -1940.965423 -1943.911990 -1945.914966 -1947.275725 -1948.219871 -1948.977933 -1950.020058 -1952.497623 -1955.152922 -1907.852664 -1209.081009 -1233.661010 -1217.410687 -1206.596376 -1201.539647 -1200.772325 -1200.689729 -1200.696803 -1200.716694 -1200.738151 -1200.758780 -1200.777889 -1200.795679 -1200.816849 -1200.885295 -1201.343568 -1204.030451 -1209.983729 -1217.320213 -1181.632466 -1879.864657 -1948.713778 -1951.101321 -1950.414721 -1950.197008 -1950.153921 -1950.146948 -1950.146301 -1950.146650 -1950.147076 -1950.147432 -1950.147713 -1950.147932 -1950.148105 -1950.148246 -1950.148364 -1950.148465 -1950.148558 -1950.148652 -1950.148755 -1950.148882 -1950.149055 -1950.149303 -1950.149678 -1950.150260 -1950.151186 -1950.152692 -1950.155196 -1950.159467 -1950.166968 -1950.180555 -1950.205926 -1950.254723 -1950.351538 -1950.551111 -1950.984333 -1951.991295 -1954.547870 -1961.844577 -1986.034386 -9999.0 -9999.0
-9999.0 -9999.0 274.360624 176.356877 77.517631 -21.602314 -120.830626 -220.103208 -319.386939 -418.658560 -517.893217 -617.038333 -715.990880 -814.875632 -913.670339 -1012.441751 -1111.152469 -1209.215300 -1306.435588 -1402.123692 -1494.956450 -1582.619881 -1662.079114 -1730.668274 -1787.072617 -1831.517224 -1865.330621 -1890.349223 -1908.458942 -1921.341851 -1930.380367 -1936.651891 -1940.965423 -1943.911990 -1945.914966 -1947.275725 -1948.219871 -1948.977933 -1950.020058 -1952.497623 -1955.152922 -1907.852664 -1209.081009 -1233.661010 -1217.410687 -1206.596375 -1201.539647 -1200.772325 -1200.689729 -1200.696803 -1200.716694 -1200.738151 -1200.758780 -1200.777889 -1200.795679 -1200.816849 -1200.885295 -1201.343568 -1204.030451 -1209.983729 -1217.320213 -1181.632466 -1879.864657 -1948.713778 -1951.101321 -1950.414721 -1950.197008 -1950.153921 -1950.146948 -1950.146301 -1950.146650 -1950.147076 -1950.147432 -1950.147713 -1950.147932 -1950.148105 -1950.148246 -1950.148364 -1950.148465 -1950.148558 -1950.148652 -1950.148755 -1950.148882 -1950.149055 -1950.149303 -1950.149678 -1950.150260 -1950.151186 -1950.152692 -1950.155196 -1950.159467 -1950.166968 -1950.180555 -1950.205926 -1950.254723 -1950.351538 -1950.551111 -1950.984333 -1951.991295 -1954.547870 -1961.844577 -1986.034386 -9999.0 -9999.0
-9999.0 -9999.0 274.361954 176.357615 77.517924 -21.602207 -120.830588 -220.103194 -319.386934 -418.658558 -517.893216 -617.038333 -715.990880 -814.875632 -913.670339 -1012.441751 -1111.152469 -1209.215300 -1306.435588 -1402.123692 -1494.956450 -1582.619882 -1662.079114 -1730.668274 -1787.072617 -1831.517224 -1865.330621 -1890.349223 -1908.458942 -1921.341851 -1930.380367 -1936.651891 -1940.965423 -1943.911990 -1945.914966 -1947.275725 -1948.219871 -1948.977933 -1950.020058 -1952.497623 -1955.152922 -1907.852664 -1209.081009 -1233.661010 -1217.410687 -1206.596375 -1201.539647 -1200.772325 -1200.689729 -1200.696803 -1200.716694 -1200.738151 -1200.758780 -1200.777889 -1200.795679 -1200.816849 -1200.885295 -1201.343568 -1204.030451 -1209.983729 -1217.320213 -1181.632466 -1879.864657 -1948.713778 -1951.101321 -1950.414721 -1950.197008 -1950.153921 -1950.146948 -1950.146301 -1950.146650 -1950.147076 -1950.147432 -1950.147713 -1950.147932 -1950.148105 -1950.148246 -1950.148364 -1950.148465 -1950.148558 -1950.148652 -1950.148755 -1950.148882 -1950.149055 -1950.149303 -1950.149678 -1950.150260 -1950.151186 -1950.152692 -1950.155196 -1950.159467 -1950.166968 -1950.180555 -1950.205926 -1950.254723 -1950.351538 -1950.551111 -1950.984333 -1951.991295 -1954.547870 -1961.844577 -1986.034386 -9999.0 -9999.0
-9999.0 -9999.0 274.361954 176.357615 77.517924 -21.602207 -120.830588 -220.103194 -319.386934 -418.658558 -517.893216 -617.038333 -715.990880 -814.875632 -913.670339 -1012.441751 -1111.152469 -1209.215300 -1306.435588 -1402.123692 -1494.956450 -1582.619882 -1662.079114 -1730.668274 -1787.072617 -1831.517224 -1865.330621 -1890.349223 -1908.458942 -1921.341851 -1930.380367 -1936.651891 -1940.965423 -1943.911990 -1945.914966 -1947.275725 -1948.219871 -1948.977933 -1950.020058 -1952.497623 -1955.152922 -1907.852664 -1209.081009 -1233.661010 -1217.410687 -1206.596375 -1201.539647 -1200.772325 -1200.689729 -1200.696803 -1200.716694 -1200.738151 -1200.758780 -1200.777889 -1200.795679 -1200.816849 -1200.885295 -1201.343568 -1204.030451 -1209.983729 -1217.320213 -1181.632466 -1879.864657 -1948.713778 -1951.101321 -1950.414721 -1950.197008 -1950.153921 -1950.146948 -1950.146301 -1950.146650 -1950.147076 -1950.147432 -1950.147713 -1950.147932 -1950.148105 -1950.148246 -1950.148364 -1950.148465 -1950.148558 -1950.148652 -1950.148755 -1950.148882 -1950.149055 -1950.149303 -1950.149678 -1950.150260 -1950.151186 -1950.152692 -1950.155196 -1950.159467 -1950.166968 -1950.180555 -1950.205926 -1950.254723 -1950.351538 -1950.551111 -1950.984333 -1951.991295 -1954.547870 -1961.844577 -1986.034386 -9999.0 -9999.0
-9999.0 -9999.0 274.360624 176.356877 77.517631 -21.602314 -120.830626 -220.103208 -319.386939 -418.658560 -517.893217 -617.038333 -715.990880 -814.875632 -913.670339 -1012.441751 -1111.152469 -1209.215300 -1306.435588 -1402.123692 -1494.956450 -1582.619881 -1662.079114 -1730.668274 -1787.072617 -1831.517224 -1865.330621 -1890.349223 -1908.458942 -1921.341851 -1930.380367 -1936.651891 -1940.965423 -1943.911990 -1945.914966 -1947.275725 -1948.219871 -1948.977933 -1950.020058 -1952.497623 -1955.152922 -1907.852664 -1209.081009 -1233.661010 -1217.410687 -1206.596375 -1201.539647 -1200.772325 -1200.689729 -1200.696803 -1200.716694 -1200.738151 -1200.758780 -1200.777889 -1200.795679 -1200.816849 -1200.885295 -1201.343568 -1204.030451 -1209.983729 -1217.320213 -1181.632466 -1879.864657 -1948.713778 -1951.101321 -1950.414721 -1950.197008 -1950.153921 -1950.146948 -1950.146301 -1950.146650 -1950.147076 -1950.147432 -1950.147713 -1950.147932 -1950.148105 -1950.148246 -1950.148364 -1950.148465 -1950.148558 -1950.148652 -1950.148755 -1950.148882 -1950.149055 -1950.149303 -1950.149678 -1950.150260 -1950.151186 -1950.152692 -1950.155196 -1950.159467 -1950.166968 -1950.180555 -1950.205926 -1950.254723 -1950.351538 -1950.551111 -1950.984333 -1951.991295 -1954.547870 -1961.844577 -1986.034386 -9999.0 -9999.0
-9999.0 -9999.0 274.352946 176.355114 77.517170 -21.602449 -120.830669 -220.103222 -319.386944 -418.658563 -517.893218 -617.038334 -715.990880 -814.875632 -913.670339 -1012.441751 -1111.152469 -1209.215300 -1306.435588 -1402.123692 -1494.956450 -1582.619881 -1662.079114 -1730.668274 -1787.072617 -1831.517224 -1865.330621 -1890.349223 -1908.458942 -1921.341851 -1930.380367 -1936.651891 -1940.965423 -1943.911990 -1945.914966 -1947.275725 -1948.219871 -1948.977933 -1950.020058 -1952.497623 -1955.152922 -1907.852664 -1209.081009 -1233.661010 -1217.410687 -1206.596376 -1201.539647 -1200.772325 -1200.689729 -1200.696803 -1200.716694 -1200.738151 -1200.758780 -1200.777889 -1200.795679 -1200.816849 -1200.885295 -1201.343568 -1204.030451 -1209.983729 -1217.320213 -1181.632466 -1879.864657 -1948.713778 -1951.101321 -1950.414721 -1950.197008 -1950.153921 -1950.146948 -1950.146301 -1950.146650 -1950.147076 -1950.147432 -1950.147713 -1950.147932 -1950.148105 -1950.148246 -1950.148364 -1950.148465 -1950.148558 -1950.148652 -1950.148755 -1950.148882 -1950.149055 -1950.149303 -1950.149678 -1950.150260 -1950.151186 -1950.152692 -1950.155196 -1950.159467 -1950.166968 -1950.180555 -1950.205926 -1950.254723 -1950.351538 -1950.551111 -1950.984333 -1951.991295 -1954.547870 -1961.844577 -1986.034386 -9999.0 -9999.0
-9999.0 -9999.0 -9999.0 -9999.0 -9999.0 -9999.0 -9999.0 -9999.0 -9999.0 -9999.0 -9999.0 -9999.0 -9999.0 -9999.0 -9999.0 -9999.0 -9999.0 -9999.0 -9999.0 -9999.0 -9999.0 -9999.0 -9999.0 -9999.0 -9999.0 -9999.0 -9999.0 -9999.0 -9999.0 -9999.0 -9999.0 -9999.0 -9999.0 -9999.0 -9999.0 -9999.0 -9999.0 -9999.0 -9999.0 -9999.0 -9999.0 -9999.0 -9999.0 -9999.0 -9999.0 -9999.0 -9999.0 -9999.0 -9999.0 -9999.0 -9999.0 -9999.0 -9999.0 -9999.0 -9999.0 -9999.0 -9999.0 -9999.0 -9999.0 -9999.0 -9999.0 -9999.0 -9999.0 -9999.0 -9999.0 -9999.0 -9999.0 -9999.0 -9999.0 -9999.0 -9999.0 -9999.0 -9999.0 -9999.0 -9999.0 -9999.0 -9999.0 -9999.0 -9999.0 -9999.0 -9999.0 -9999.0 -9999.0 -9999.0 -9999.0 -9999.0 -9999.0 -9999.0 -9999.0 -9999.0 -9999.0 -9999.0 -9999.0 -9999.0 -9999.0 -9999.0 -9999.0 -9999.0 -9999.0 -9999.0 -9999.0 -9999.0 -9999.0 -9999.0
-9999.0 -9999.0 -9999.0 -9999.0 -9999.0 -9999.0 -9999.0 -9999.0 -9999.0 -9999.0 -9999.0 -9999.0 -9999.0 -9999.0 -9999.0 -9999.0 -9999.0 -9999.0 -9999.0 -9999.0 -9999.0 -9999.0 -9999.0 -9999.0 -9999.0 -9999.0 -9999.0 -9999.0 -9999.0 -9999.0 -9999.0 -9999.0 -9999.0 -9999.0 -9999.0 -9999.0 -9999.0 -9999.0 -9999.0 -9999.0 -9999.0 -9999.0 -9999.0 -9999.0 -9999.0 -9999.0 -9999.0 -9999.0 -9999.0 -9999.0 -9999.0 -9999.0 -9999.0 -9999.0 -9999.0 -9999.0 -9999.0 -9999.0 -9999.0 -9999.0 -9999.0 -9999.0 -9999.0 -9999.0 -9999.0 -9999.0 -9999.0 -9999.0 -9999.0 -9999.0 -9999.0 -9999.0 -9999.0 -9999.0 -9999.0 -9999.0 -9999.0 -9999.0 -9999.0 -9999.0 -9999.0 -9999.0 -9999.0 -9999.0 -9999.0 -9999.0 -9999.0 -9999.0 -9999.0 -9999.0 -9999.0 -9999.0 -9999.0 -9999.0 -9999.0 -9999.0 -9999.0 -9999.0 -9999.0 -9999.0 -9999.0 -9999.0 -9999.0 -9999.0