inst/processing_geotop_simulation/geotop_simulation/out/maps3D/PwL0009N0152.asc
ncols         104
nrows         10
xllcorner     -2.000000
yllcorner     0.000000
cellsize      1.000000
NODATA_value  -9999.0
-9999.0 -9999.0 -9999.0 -9999.0 -9999.0 -9999.0 -9999.0 -9999.0 -9999.0 -9999.0 -9999.0 -9999.0 -9999.0 -9999.0 -9999.0 -9999.0 -9999.0 -9999.0 -9999.0 -9999.0 -9999.0 -9999.0 -9999.0 -9999.0 -9999.0 -9999.0 -9999.0 -9999.0 -9999.0 -9999.0 -9999.0 -9999.0 -9999.0 -9999.0 -9999.0 -9999.0 -9999.0 -9999.0 -9999.0 -9999.0 -9999.0 -9999.0 -9999.0 -9999.0 -9999.0 -9999.0 -9999.0 -9999.0 -9999.0 -9999.0 -9999.0 -9999.0 -9999.0 -9999.0 -9999.0 -9999.0 -9999.0 -9999.0 -9999.0 -9999.0 -9999.0 -9999.0 -9999.0 -9999.0 -9999.0 -9999.0 -9999.0 -9999.0 -9999.0 -9999.0 -9999.0 -9999.0 -9999.0 -9999.0 -9999.0 -9999.0 -9999.0 -9999.0 -9999.0 -9999.0 -9999.0 -9999.0 -9999.0 -9999.0 -9999.0 -9999.0 -9999.0 -9999.0 -9999.0 -9999.0 -9999.0 -9999.0 -9999.0 -9999.0 -9999.0 -9999.0 -9999.0 -9999.0 -9999.0 -9999.0 -9999.0 -9999.0 -9999.0 -9999.0
-9999.0 -9999.0 -9999.0 -9999.0 -9999.0 -9999.0 -9999.0 -9999.0 -9999.0 -9999.0 -9999.0 -9999.0 -9999.0 -9999.0 -9999.0 -9999.0 -9999.0 -9999.0 -9999.0 -9999.0 -9999.0 -9999.0 -9999.0 -9999.0 -9999.0 -9999.0 -9999.0 -9999.0 -9999.0 -9999.0 -9999.0 -9999.0 -9999.0 -9999.0 -9999.0 -9999.0 -9999.0 -9999.0 -9999.0 -9999.0 -9999.0 -9999.0 -9999.0 -9999.0 -9999.0 -9999.0 -9999.0 -9999.0 -9999.0 -9999.0 -9999.0 -9999.0 -9999.0 -9999.0 -9999.0 -9999.0 -9999.0 -9999.0 -9999.0 -9999.0 -9999.0 -9999.0 -9999.0 -9999.0 -9999.0 -9999.0 -9999.0 -9999.0 -9999.0 -9999.0 -9999.0 -9999.0 -9999.0 -9999.0 -9999.0 -9999.0 -9999.0 -9999.0 -9999.0 -9999.0 -9999.0 -9999.0 -9999.0 -9999.0 -9999.0 -9999.0 -9999.0 -9999.0 -9999.0 -9999.0 -9999.0 -9999.0 -9999.0 -9999.0 -9999.0 -9999.0 -9999.0 -9999.0 -9999.0 -9999.0 -9999.0 -9999.0 -9999.0 -9999.0
-9999.0 -9999.0 434.316794 343.781516 250.035114 154.896303 59.174416 -36.778794 -132.804687 -228.807576 -324.672590 -420.223367 -515.147529 -609.069936 -702.720991 -796.671763 -890.438334 -984.114091 -1076.446251 -1162.447117 -1235.339007 -1292.168147 -1333.354650 -1361.611857 -1380.359422 -1392.623461 -1400.641379 -1405.908233 -1409.380170 -1411.668178 -1413.171540 -1414.155488 -1414.797299 -1415.214930 -1415.486265 -1415.664264 -1415.792091 -1415.926819 -1416.256382 -1417.965526 -1427.521267 -1469.780924 -1337.564358 -1550.493008 -1469.272478 -1422.492368 -1401.485415 -1398.825743 -1398.559643 -1398.589413 -1398.661306 -1398.738195 -1398.811987 -1398.880260 -1398.943329 -1399.014129 -1399.221604 -1400.698215 -1411.378722 -1436.036586 -1476.589122 -1243.497531 -1443.075031 -1422.718083 -1417.147225 -1416.252082 -1416.120813 -1416.100661 -1416.098342 -1416.099131 -1416.100286 -1416.101279 -1416.102048 -1416.102632 -1416.103078 -1416.103424 -1416.103697 -1416.103917 -1416.104101 -1416.104263 -1416.104421 -1416.104595 -1416.104815 -1416.105119 -1416.105568 -1416.106258 -1416.107343 -1416.109077 -1416.111889 -1416.116525 -1416.124330 -1416.137805 -1416.161756 -1416.205624 -1416.288225 -1416.447482 -1416.761378 -1417.398057 -1418.749987 -1421.818984 -1429.445876 -1451.870074 -9999.0 -9999.0
-9999.0 -9999.0 434.324269 343.783516 250.035664 154.896468 59.174468 -36.778776 -132.804682 -228.807574 -324.672590 -420.223367 -515.147529 -609.069936 -702.720991 -796.671764 -890.438334 -984.114092 -1076.446251 -1162.447118 -1235.339007 -1292.168147 -1333.354650 -1361.611857 -1380.359422 -1392.623461 -1400.641379 -1405.908233 -1409.380170 -1411.668178 -1413.171540 -1414.155488 -1414.797299 -1415.214930 -1415.486265 -1415.664264 -1415.792091 -1415.926819 -1416.256382 -1417.965526 -1427.521267 -1469.780924 -1337.564358 -1550.493007 -1469.272477 -1422.492367 -1401.485415 -1398.825743 -1398.559643 -1398.589413 -1398.661306 -1398.738195 -1398.811987 -1398.880260 -1398.943329 -1399.014129 -1399.221604 -1400.698215 -1411.378722 -1436.036586 -1476.589122 -1243.497531 -1443.075031 -1422.718083 -1417.147225 -1416.252082 -1416.120813 -1416.100661 -1416.098342 -1416.099131 -1416.100286 -1416.101279 -1416.102048 -1416.102632 -1416.103078 -1416.103424 -1416.103697 -1416.103917 -1416.104101 -1416.104263 -1416.104421 -1416.104595 -1416.104815 -1416.105119 -1416.105568 -1416.106258 -1416.107343 -1416.109077 -1416.111889 -1416.116525 -1416.124330 -1416.137805 -1416.161756 -1416.205624 -1416.288225 -1416.447482 -1416.761378 -1417.398057 -1418.749987 -1421.818984 -1429.445876 -1451.870074 -9999.0 -9999.0
-9999.0 -9999.0 434.325924 343.784393 250.036017 154.896597 59.174515 -36.778760 -132.804676 -228.807572 -324.672589 -420.223367 -515.147529 -609.069936 -702.720991 -796.671764 -890.438334 -984.114092 -1076.446251 -1162.447118 -1235.339007 -1292.168147 -1333.354650 -1361.611857 -1380.359422 -1392.623461 -1400.641379 -1405.908233 -1409.380170 -1411.668178 -1413.171540 -1414.155488 -1414.797299 -1415.214930 -1415.486265 -1415.664264 -1415.792091 -1415.926819 -1416.256382 -1417.965526 -1427.521267 -1469.780924 -1337.564358 -1550.493007 -1469.272477 -1422.492366 -1401.485415 -1398.825743 -1398.559643 -1398.589413 -1398.661306 -1398.738195 -1398.811987 -1398.880260 -1398.943329 -1399.014129 -1399.221604 -1400.698215 -1411.378722 -1436.036586 -1476.589122 -1243.497531 -1443.075031 -1422.718083 -1417.147225 -1416.252082 -1416.120813 -1416.100661 -1416.098342 -1416.099131 -1416.100286 -1416.101279 -1416.102048 -1416.102632 -1416.103078 -1416.103424 -1416.103697 -1416.103917 -1416.104101 -1416.104263 -1416.104421 -1416.104595 -1416.104815 -1416.105119 -1416.105568 -1416.106258 -1416.107343 -1416.109077 -1416.111889 -1416.116525 -1416.124330 -1416.137805 -1416.161756 -1416.205624 -1416.288225 -1416.447482 -1416.761378 -1417.398057 -1418.749987 -1421.818984 -1429.445876 -1451.870074 -9999.0 -9999.0
-9999.0 -9999.0 434.325924 343.784393 250.036017 154.896598 59.174515 -36.778760 -132.804676 -228.807572 -324.672589 -420.223367 -515.147529 -609.069936 -702.720991 -796.671764 -890.438334 -984.114092 -1076.446251 -1162.447118 -1235.339007 -1292.168147 -1333.354650 -1361.611857 -1380.359422 -1392.623461 -1400.641379 -1405.908233 -1409.380170 -1411.668178 -1413.171540 -1414.155488 -1414.797299 -1415.214930 -1415.486265 -1415.664264 -1415.792091 -1415.926819 -1416.256382 -1417.965526 -1427.521267 -1469.780924 -1337.564358 -1550.493007 -1469.272477 -1422.492366 -1401.485415 -1398.825743 -1398.559643 -1398.589413 -1398.661306 -1398.738195 -1398.811987 -1398.880260 -1398.943329 -1399.014129 -1399.221604 -1400.698215 -1411.378722 -1436.036586 -1476.589122 -1243.497531 -1443.075031 -1422.718083 -1417.147225 -1416.252082 -1416.120813 -1416.100661 -1416.098342 -1416.099131 -1416.100286 -1416.101279 -1416.102048 -1416.102632 -1416.103078 -1416.103424 -1416.103697 -1416.103917 -1416.104101 -1416.104263 -1416.104421 -1416.104595 -1416.104815 -1416.105119 -1416.105568 -1416.106258 -1416.107343 -1416.109077 -1416.111889 -1416.116525 -1416.124330 -1416.137805 -1416.161756 -1416.205624 -1416.288225 -1416.447482 -1416.761378 -1417.398057 -1418.749987 -1421.818984 -1429.445876 -1451.870074 -9999.0 -9999.0
-9999.0 -9999.0 434.324269 343.783516 250.035664 154.896468 59.174468 -36.778776 -132.804682 -228.807574 -324.672590 -420.223367 -515.147529 -609.069936 -702.720991 -796.671764 -890.438334 -984.114092 -1076.446251 -1162.447118 -1235.339007 -1292.168147 -1333.354650 -1361.611857 -1380.359422 -1392.623461 -1400.641379 -1405.908233 -1409.380170 -1411.668178 -1413.171540 -1414.155488 -1414.797299 -1415.214930 -1415.486265 -1415.664264 -1415.792091 -1415.926819 -1416.256382 -1417.965526 -1427.521267 -1469.780924 -1337.564358 -1550.493007 -1469.272477 -1422.492367 -1401.485415 -1398.825743 -1398.559643 -1398.589413 -1398.661306 -1398.738195 -1398.811987 -1398.880260 -1398.943329 -1399.014129 -1399.221604 -1400.698215 -1411.378722 -1436.036586 -1476.589122 -1243.497531 -1443.075031 -1422.718083 -1417.147225 -1416.252082 -1416.120813 -1416.100661 -1416.098342 -1416.099131 -1416.100286 -1416.101279 -1416.102048 -1416.102632 -1416.103078 -1416.103424 -1416.103697 -1416.103917 -1416.104101 -1416.104263 -1416.104421 -1416.104595 -1416.104815 -1416.105119 -1416.105568 -1416.106258 -1416.107343 -1416.109077 -1416.111889 -1416.116525 -1416.124330 -1416.137805 -1416.161756 -1416.205624 -1416.288225 -1416.447482 -1416.761378 -1417.398057 -1418.749987 -1421.818984 -1429.445876 -1451.870074 -9999.0 -9999.0
-9999.0 -9999.0 434.316794 343.781517 250.035114 154.896303 59.174416 -36.778794 -132.804688 -228.807576 -324.672590 -420.223367 -515.147529 -609.069935 -702.720991 -796.671763 -890.438334 -984.114091 -1076.446251 -1162.447117 -1235.339007 -1292.168147 -1333.354650 -1361.611857 -1380.359422 -1392.623461 -1400.641379 -1405.908233 -1409.380170 -1411.668178 -1413.171540 -1414.155488 -1414.797299 -1415.214930 -1415.486265 -1415.664264 -1415.792091 -1415.926819 -1416.256382 -1417.965526 -1427.521267 -1469.780924 -1337.564358 -1550.493008 -1469.272478 -1422.492368 -1401.485415 -1398.825743 -1398.559643 -1398.589413 -1398.661306 -1398.738195 -1398.811987 -1398.880260 -1398.943329 -1399.014129 -1399.221604 -1400.698215 -1411.378722 -1436.036586 -1476.589122 -1243.497531 -1443.075031 -1422.718083 -1417.147225 -1416.252082 -1416.120813 -1416.100661 -1416.098342 -1416.099131 -1416.100286 -1416.101279 -1416.102048 -1416.102632 -1416.103078 -1416.103424 -1416.103697 -1416.103917 -1416.104101 -1416.104263 -1416.104421 -1416.104595 -1416.104815 -1416.105119 -1416.105568 -1416.106258 -1416.107343 -1416.109077 -1416.111889 -1416.116525 -1416.124330 -1416.137805 -1416.161756 -1416.205624 -1416.288225 -1416.447482 -1416.761378 -1417.398057 -1418.749987 -1421.818984 -1429.445876 -1451.870074 -9999.0 -9999.0
-9999.0 -9999.0 -9999.0 -9999.0 -9999.0 -9999.0 -9999.0 -9999.0 -9999.0 -9999.0 -9999.0 -9999.0 -9999.0 -9999.0 -9999.0 -9999.0 -9999.0 -9999.0 -9999.0 -9999.0 -9999.0 -9999.0 -9999.0 -9999.0 -9999.0 -9999.0 -9999.0 -9999.0 -9999.0 -9999.0 -9999.0 -9999.0 -9999.0 -9999.0 -9999.0 -9999.0 -9999.0 -9999.0 -9999.0 -9999.0 -9999.0 -9999.0 -9999.0 -9999.0 -9999.0 -9999.0 -9999.0 -9999.0 -9999.0 -9999.0 -9999.0 -9999.0 -9999.0 -9999.0 -9999.0 -9999.0 -9999.0 -9999.0 -9999.0 -9999.0 -9999.0 -9999.0 -9999.0 -9999.0 -9999.0 -9999.0 -9999.0 -9999.0 -9999.0 -9999.0 -9999.0 -9999.0 -9999.0 -9999.0 -9999.0 -9999.0 -9999.0 -9999.0 -9999.0 -9999.0 -9999.0 -9999.0 -9999.0 -9999.0 -9999.0 -9999.0 -9999.0 -9999.0 -9999.0 -9999.0 -9999.0 -9999.0 -9999.0 -9999.0 -9999.0 -9999.0 -9999.0 -9999.0 -9999.0 -9999.0 -9999.0 -9999.0 -9999.0 -9999.0
-9999.0 -9999.0 -9999.0 -9999.0 -9999.0 -9999.0 -9999.0 -9999.0 -9999.0 -9999.0 -9999.0 -9999.0 -9999.0 -9999.0 -9999.0 -9999.0 -9999.0 -9999.0 -9999.0 -9999.0 -9999.0 -9999.0 -9999.0 -9999.0 -9999.0 -9999.0 -9999.0 -9999.0 -9999.0 -9999.0 -9999.0 -9999.0 -9999.0 -9999.0 -9999.0 -9999.0 -9999.0 -9999.0 -9999.0 -9999.0 -9999.0 -9999.0 -9999.0 -9999.0 -9999.0 -9999.0 -9999.0 -9999.0 -9999.0 -9999.0 -9999.0 -9999.0 -9999.0 -9999.0 -9999.0 -9999.0 -9999.0 -9999.0 -9999.0 -9999.0 -9999.0 -9999.0 -9999.0 -9999.0 -9999.0 -9999.0 -9999.0 -9999.0 -9999.0 -9999.0 -9999.0 -9999.0 -9999.0 -9999.0 -9999.0 -9999.0 -9999.0 -9999.0 -9999.0 -9999.0 -9999.0 -9999.0 -9999.0 -9999.0 -9999.0 -9999.0 -9999.0 -9999.0 -9999.0 -9999.0 -9999.0 -9999.0 -9999.0 -9999.0 -9999.0 -9999.0 -9999.0 -9999.0 -9999.0 -9999.0 -9999.0 -9999.0 -9999.0 -9999.0