inst/processing_geotop_simulation/geotop_simulation/out/maps3D/PwL0016N0226.asc
ncols         104
nrows         10
xllcorner     -2.000000
yllcorner     0.000000
cellsize      1.000000
NODATA_value  -9999.0
-9999.0 -9999.0 -9999.0 -9999.0 -9999.0 -9999.0 -9999.0 -9999.0 -9999.0 -9999.0 -9999.0 -9999.0 -9999.0 -9999.0 -9999.0 -9999.0 -9999.0 -9999.0 -9999.0 -9999.0 -9999.0 -9999.0 -9999.0 -9999.0 -9999.0 -9999.0 -9999.0 -9999.0 -9999.0 -9999.0 -9999.0 -9999.0 -9999.0 -9999.0 -9999.0 -9999.0 -9999.0 -9999.0 -9999.0 -9999.0 -9999.0 -9999.0 -9999.0 -9999.0 -9999.0 -9999.0 -9999.0 -9999.0 -9999.0 -9999.0 -9999.0 -9999.0 -9999.0 -9999.0 -9999.0 -9999.0 -9999.0 -9999.0 -9999.0 -9999.0 -9999.0 -9999.0 -9999.0 -9999.0 -9999.0 -9999.0 -9999.0 -9999.0 -9999.0 -9999.0 -9999.0 -9999.0 -9999.0 -9999.0 -9999.0 -9999.0 -9999.0 -9999.0 -9999.0 -9999.0 -9999.0 -9999.0 -9999.0 -9999.0 -9999.0 -9999.0 -9999.0 -9999.0 -9999.0 -9999.0 -9999.0 -9999.0 -9999.0 -9999.0 -9999.0 -9999.0 -9999.0 -9999.0 -9999.0 -9999.0 -9999.0 -9999.0 -9999.0 -9999.0
-9999.0 -9999.0 -9999.0 -9999.0 -9999.0 -9999.0 -9999.0 -9999.0 -9999.0 -9999.0 -9999.0 -9999.0 -9999.0 -9999.0 -9999.0 -9999.0 -9999.0 -9999.0 -9999.0 -9999.0 -9999.0 -9999.0 -9999.0 -9999.0 -9999.0 -9999.0 -9999.0 -9999.0 -9999.0 -9999.0 -9999.0 -9999.0 -9999.0 -9999.0 -9999.0 -9999.0 -9999.0 -9999.0 -9999.0 -9999.0 -9999.0 -9999.0 -9999.0 -9999.0 -9999.0 -9999.0 -9999.0 -9999.0 -9999.0 -9999.0 -9999.0 -9999.0 -9999.0 -9999.0 -9999.0 -9999.0 -9999.0 -9999.0 -9999.0 -9999.0 -9999.0 -9999.0 -9999.0 -9999.0 -9999.0 -9999.0 -9999.0 -9999.0 -9999.0 -9999.0 -9999.0 -9999.0 -9999.0 -9999.0 -9999.0 -9999.0 -9999.0 -9999.0 -9999.0 -9999.0 -9999.0 -9999.0 -9999.0 -9999.0 -9999.0 -9999.0 -9999.0 -9999.0 -9999.0 -9999.0 -9999.0 -9999.0 -9999.0 -9999.0 -9999.0 -9999.0 -9999.0 -9999.0 -9999.0 -9999.0 -9999.0 -9999.0 -9999.0 -9999.0
-9999.0 -9999.0 775.908084 679.243830 582.024368 484.337937 386.421224 288.403774 190.352448 92.302630 -5.723163 -103.706299 -201.633597 -299.444763 -397.021805 -494.167642 -590.538394 -685.638105 -781.379032 -876.467395 -970.601734 -1063.526903 -1145.099443 -1216.911519 -1277.300872 -1325.881077 -1363.417892 -1391.426028 -1411.718788 -1426.068821 -1436.018761 -1442.811033 -1447.392361 -1450.455081 -1452.490359 -1453.840987 -1454.752265 -1455.446880 -1456.383287 -1459.393485 -1471.988162 -1529.428363 -2013.178243 -4146.816624 -4183.165644 -4183.168293 -4183.168280 -4183.168278 -4183.168278 -4183.168276 -4183.168270 -4183.168252 -4183.168221 -4183.168178 -4183.168106 -4183.167961 -4183.167629 -4183.166792 -4183.164507 -4183.152314 -4122.189117 -1876.571321 -1492.444491 -1464.578184 -1458.141661 -1456.850203 -1456.633871 -1456.600468 -1456.595907 -1456.595937 -1456.596622 -1456.597278 -1456.597803 -1456.598208 -1456.598521 -1456.598766 -1456.598962 -1456.599122 -1456.599257 -1456.599379 -1456.599499 -1456.599632 -1456.599797 -1456.600023 -1456.600355 -1456.600861 -1456.601655 -1456.602922 -1456.604983 -1456.608400 -1456.614200 -1456.624317 -1456.642499 -1456.676176 -1456.740370 -1456.866257 -1457.121569 -1457.664030 -1458.890069 -1461.866963 -1469.756455 -1493.915691 -9999.0 -9999.0
-9999.0 -9999.0 775.912246 679.245267 582.024813 484.338078 386.421270 288.403790 190.352454 92.302633 -5.723162 -103.706299 -201.633597 -299.444762 -397.021805 -494.167642 -590.538394 -685.638105 -781.379032 -876.467396 -970.601734 -1063.526904 -1145.099444 -1216.911519 -1277.300873 -1325.881078 -1363.417892 -1391.426028 -1411.718788 -1426.068821 -1436.018761 -1442.811033 -1447.392361 -1450.455081 -1452.490359 -1453.840987 -1454.752265 -1455.446880 -1456.383287 -1459.393485 -1471.988162 -1529.428363 -2013.178243 -4146.816624 -4183.165644 -4183.168293 -4183.168280 -4183.168278 -4183.168278 -4183.168276 -4183.168270 -4183.168252 -4183.168221 -4183.168178 -4183.168106 -4183.167961 -4183.167629 -4183.166792 -4183.164507 -4183.152314 -4122.189117 -1876.571321 -1492.444491 -1464.578184 -1458.141661 -1456.850203 -1456.633871 -1456.600468 -1456.595907 -1456.595937 -1456.596622 -1456.597278 -1456.597803 -1456.598208 -1456.598521 -1456.598766 -1456.598962 -1456.599122 -1456.599257 -1456.599379 -1456.599499 -1456.599632 -1456.599797 -1456.600023 -1456.600355 -1456.600861 -1456.601655 -1456.602922 -1456.604983 -1456.608400 -1456.614200 -1456.624317 -1456.642499 -1456.676176 -1456.740370 -1456.866257 -1457.121569 -1457.664030 -1458.890069 -1461.866963 -1469.756455 -1493.915691 -9999.0 -9999.0
-9999.0 -9999.0 775.913621 679.245992 582.025112 484.338191 386.421312 288.403805 190.352459 92.302635 -5.723161 -103.706298 -201.633597 -299.444762 -397.021805 -494.167642 -590.538394 -685.638105 -781.379032 -876.467396 -970.601734 -1063.526904 -1145.099444 -1216.911519 -1277.300873 -1325.881078 -1363.417892 -1391.426028 -1411.718788 -1426.068821 -1436.018761 -1442.811033 -1447.392361 -1450.455081 -1452.490359 -1453.840987 -1454.752265 -1455.446880 -1456.383287 -1459.393485 -1471.988162 -1529.428363 -2013.178243 -4146.816624 -4183.165644 -4183.168293 -4183.168280 -4183.168278 -4183.168278 -4183.168276 -4183.168270 -4183.168252 -4183.168221 -4183.168178 -4183.168106 -4183.167961 -4183.167629 -4183.166792 -4183.164507 -4183.152314 -4122.189117 -1876.571321 -1492.444491 -1464.578184 -1458.141661 -1456.850203 -1456.633871 -1456.600468 -1456.595907 -1456.595937 -1456.596622 -1456.597278 -1456.597803 -1456.598208 -1456.598521 -1456.598766 -1456.598962 -1456.599122 -1456.599257 -1456.599379 -1456.599499 -1456.599632 -1456.599797 -1456.600023 -1456.600355 -1456.600861 -1456.601655 -1456.602922 -1456.604983 -1456.608400 -1456.614200 -1456.624317 -1456.642499 -1456.676176 -1456.740370 -1456.866257 -1457.121569 -1457.664030 -1458.890069 -1461.866963 -1469.756455 -1493.915691 -9999.0 -9999.0
-9999.0 -9999.0 775.913621 679.245992 582.025112 484.338191 386.421311 288.403805 190.352459 92.302635 -5.723161 -103.706298 -201.633597 -299.444762 -397.021805 -494.167642 -590.538394 -685.638105 -781.379032 -876.467396 -970.601734 -1063.526904 -1145.099444 -1216.911519 -1277.300873 -1325.881078 -1363.417892 -1391.426028 -1411.718788 -1426.068821 -1436.018761 -1442.811033 -1447.392361 -1450.455081 -1452.490359 -1453.840987 -1454.752265 -1455.446880 -1456.383287 -1459.393485 -1471.988162 -1529.428363 -2013.178243 -4146.816624 -4183.165644 -4183.168293 -4183.168280 -4183.168278 -4183.168278 -4183.168276 -4183.168270 -4183.168252 -4183.168221 -4183.168178 -4183.168106 -4183.167961 -4183.167629 -4183.166792 -4183.164507 -4183.152314 -4122.189117 -1876.571321 -1492.444491 -1464.578184 -1458.141661 -1456.850203 -1456.633871 -1456.600468 -1456.595907 -1456.595937 -1456.596622 -1456.597278 -1456.597803 -1456.598208 -1456.598521 -1456.598766 -1456.598962 -1456.599122 -1456.599257 -1456.599379 -1456.599499 -1456.599632 -1456.599797 -1456.600023 -1456.600355 -1456.600861 -1456.601655 -1456.602922 -1456.604983 -1456.608400 -1456.614200 -1456.624317 -1456.642499 -1456.676176 -1456.740370 -1456.866257 -1457.121569 -1457.664030 -1458.890069 -1461.866963 -1469.756455 -1493.915691 -9999.0 -9999.0
-9999.0 -9999.0 775.912246 679.245267 582.024813 484.338078 386.421270 288.403790 190.352454 92.302632 -5.723162 -103.706299 -201.633597 -299.444762 -397.021805 -494.167642 -590.538394 -685.638105 -781.379032 -876.467396 -970.601734 -1063.526904 -1145.099444 -1216.911519 -1277.300873 -1325.881078 -1363.417892 -1391.426028 -1411.718788 -1426.068821 -1436.018761 -1442.811033 -1447.392361 -1450.455081 -1452.490359 -1453.840987 -1454.752265 -1455.446880 -1456.383287 -1459.393485 -1471.988162 -1529.428363 -2013.178243 -4146.816624 -4183.165644 -4183.168293 -4183.168280 -4183.168278 -4183.168278 -4183.168276 -4183.168270 -4183.168252 -4183.168221 -4183.168178 -4183.168106 -4183.167961 -4183.167629 -4183.166792 -4183.164507 -4183.152314 -4122.189117 -1876.571321 -1492.444491 -1464.578184 -1458.141661 -1456.850203 -1456.633871 -1456.600468 -1456.595907 -1456.595937 -1456.596622 -1456.597278 -1456.597803 -1456.598208 -1456.598521 -1456.598766 -1456.598962 -1456.599122 -1456.599257 -1456.599379 -1456.599499 -1456.599632 -1456.599797 -1456.600023 -1456.600355 -1456.600861 -1456.601655 -1456.602922 -1456.604983 -1456.608400 -1456.614200 -1456.624317 -1456.642499 -1456.676176 -1456.740370 -1456.866257 -1457.121569 -1457.664030 -1458.890069 -1461.866963 -1469.756455 -1493.915691 -9999.0 -9999.0
-9999.0 -9999.0 775.908084 679.243830 582.024368 484.337937 386.421224 288.403774 190.352448 92.302630 -5.723163 -103.706299 -201.633597 -299.444762 -397.021805 -494.167642 -590.538394 -685.638105 -781.379032 -876.467395 -970.601734 -1063.526903 -1145.099443 -1216.911519 -1277.300872 -1325.881077 -1363.417892 -1391.426028 -1411.718788 -1426.068821 -1436.018761 -1442.811033 -1447.392361 -1450.455081 -1452.490359 -1453.840987 -1454.752265 -1455.446880 -1456.383287 -1459.393485 -1471.988162 -1529.428363 -2013.178243 -4146.816624 -4183.165644 -4183.168293 -4183.168280 -4183.168278 -4183.168278 -4183.168276 -4183.168270 -4183.168252 -4183.168221 -4183.168178 -4183.168106 -4183.167961 -4183.167629 -4183.166792 -4183.164507 -4183.152314 -4122.189117 -1876.571321 -1492.444491 -1464.578184 -1458.141661 -1456.850203 -1456.633871 -1456.600468 -1456.595907 -1456.595937 -1456.596622 -1456.597278 -1456.597803 -1456.598208 -1456.598521 -1456.598766 -1456.598962 -1456.599122 -1456.599257 -1456.599379 -1456.599499 -1456.599632 -1456.599797 -1456.600023 -1456.600355 -1456.600861 -1456.601655 -1456.602922 -1456.604983 -1456.608400 -1456.614200 -1456.624317 -1456.642499 -1456.676176 -1456.740370 -1456.866257 -1457.121569 -1457.664030 -1458.890069 -1461.866963 -1469.756455 -1493.915691 -9999.0 -9999.0
-9999.0 -9999.0 -9999.0 -9999.0 -9999.0 -9999.0 -9999.0 -9999.0 -9999.0 -9999.0 -9999.0 -9999.0 -9999.0 -9999.0 -9999.0 -9999.0 -9999.0 -9999.0 -9999.0 -9999.0 -9999.0 -9999.0 -9999.0 -9999.0 -9999.0 -9999.0 -9999.0 -9999.0 -9999.0 -9999.0 -9999.0 -9999.0 -9999.0 -9999.0 -9999.0 -9999.0 -9999.0 -9999.0 -9999.0 -9999.0 -9999.0 -9999.0 -9999.0 -9999.0 -9999.0 -9999.0 -9999.0 -9999.0 -9999.0 -9999.0 -9999.0 -9999.0 -9999.0 -9999.0 -9999.0 -9999.0 -9999.0 -9999.0 -9999.0 -9999.0 -9999.0 -9999.0 -9999.0 -9999.0 -9999.0 -9999.0 -9999.0 -9999.0 -9999.0 -9999.0 -9999.0 -9999.0 -9999.0 -9999.0 -9999.0 -9999.0 -9999.0 -9999.0 -9999.0 -9999.0 -9999.0 -9999.0 -9999.0 -9999.0 -9999.0 -9999.0 -9999.0 -9999.0 -9999.0 -9999.0 -9999.0 -9999.0 -9999.0 -9999.0 -9999.0 -9999.0 -9999.0 -9999.0 -9999.0 -9999.0 -9999.0 -9999.0 -9999.0 -9999.0
-9999.0 -9999.0 -9999.0 -9999.0 -9999.0 -9999.0 -9999.0 -9999.0 -9999.0 -9999.0 -9999.0 -9999.0 -9999.0 -9999.0 -9999.0 -9999.0 -9999.0 -9999.0 -9999.0 -9999.0 -9999.0 -9999.0 -9999.0 -9999.0 -9999.0 -9999.0 -9999.0 -9999.0 -9999.0 -9999.0 -9999.0 -9999.0 -9999.0 -9999.0 -9999.0 -9999.0 -9999.0 -9999.0 -9999.0 -9999.0 -9999.0 -9999.0 -9999.0 -9999.0 -9999.0 -9999.0 -9999.0 -9999.0 -9999.0 -9999.0 -9999.0 -9999.0 -9999.0 -9999.0 -9999.0 -9999.0 -9999.0 -9999.0 -9999.0 -9999.0 -9999.0 -9999.0 -9999.0 -9999.0 -9999.0 -9999.0 -9999.0 -9999.0 -9999.0 -9999.0 -9999.0 -9999.0 -9999.0 -9999.0 -9999.0 -9999.0 -9999.0 -9999.0 -9999.0 -9999.0 -9999.0 -9999.0 -9999.0 -9999.0 -9999.0 -9999.0 -9999.0 -9999.0 -9999.0 -9999.0 -9999.0 -9999.0 -9999.0 -9999.0 -9999.0 -9999.0 -9999.0 -9999.0 -9999.0 -9999.0 -9999.0 -9999.0 -9999.0 -9999.0