inst/processing_geotop_simulation/geotop_simulation/out/maps3D/PwL0001N0004.asc
ncols         104
nrows         10
xllcorner     -2.000000
yllcorner     0.000000
cellsize      1.000000
NODATA_value  -9999.0
-9999.0 -9999.0 -9999.0 -9999.0 -9999.0 -9999.0 -9999.0 -9999.0 -9999.0 -9999.0 -9999.0 -9999.0 -9999.0 -9999.0 -9999.0 -9999.0 -9999.0 -9999.0 -9999.0 -9999.0 -9999.0 -9999.0 -9999.0 -9999.0 -9999.0 -9999.0 -9999.0 -9999.0 -9999.0 -9999.0 -9999.0 -9999.0 -9999.0 -9999.0 -9999.0 -9999.0 -9999.0 -9999.0 -9999.0 -9999.0 -9999.0 -9999.0 -9999.0 -9999.0 -9999.0 -9999.0 -9999.0 -9999.0 -9999.0 -9999.0 -9999.0 -9999.0 -9999.0 -9999.0 -9999.0 -9999.0 -9999.0 -9999.0 -9999.0 -9999.0 -9999.0 -9999.0 -9999.0 -9999.0 -9999.0 -9999.0 -9999.0 -9999.0 -9999.0 -9999.0 -9999.0 -9999.0 -9999.0 -9999.0 -9999.0 -9999.0 -9999.0 -9999.0 -9999.0 -9999.0 -9999.0 -9999.0 -9999.0 -9999.0 -9999.0 -9999.0 -9999.0 -9999.0 -9999.0 -9999.0 -9999.0 -9999.0 -9999.0 -9999.0 -9999.0 -9999.0 -9999.0 -9999.0 -9999.0 -9999.0 -9999.0 -9999.0 -9999.0 -9999.0
-9999.0 -9999.0 -9999.0 -9999.0 -9999.0 -9999.0 -9999.0 -9999.0 -9999.0 -9999.0 -9999.0 -9999.0 -9999.0 -9999.0 -9999.0 -9999.0 -9999.0 -9999.0 -9999.0 -9999.0 -9999.0 -9999.0 -9999.0 -9999.0 -9999.0 -9999.0 -9999.0 -9999.0 -9999.0 -9999.0 -9999.0 -9999.0 -9999.0 -9999.0 -9999.0 -9999.0 -9999.0 -9999.0 -9999.0 -9999.0 -9999.0 -9999.0 -9999.0 -9999.0 -9999.0 -9999.0 -9999.0 -9999.0 -9999.0 -9999.0 -9999.0 -9999.0 -9999.0 -9999.0 -9999.0 -9999.0 -9999.0 -9999.0 -9999.0 -9999.0 -9999.0 -9999.0 -9999.0 -9999.0 -9999.0 -9999.0 -9999.0 -9999.0 -9999.0 -9999.0 -9999.0 -9999.0 -9999.0 -9999.0 -9999.0 -9999.0 -9999.0 -9999.0 -9999.0 -9999.0 -9999.0 -9999.0 -9999.0 -9999.0 -9999.0 -9999.0 -9999.0 -9999.0 -9999.0 -9999.0 -9999.0 -9999.0 -9999.0 -9999.0 -9999.0 -9999.0 -9999.0 -9999.0 -9999.0 -9999.0 -9999.0 -9999.0 -9999.0 -9999.0
-9999.0 -9999.0 31.970411 -37.483539 -99.406248 -151.428772 -192.917186 -224.148715 -245.310326 -254.119982 -279.972083 -260.858814 -254.264214 -268.687712 -234.761418 -248.768545 -262.737012 -275.069740 -287.663863 -296.446703 -302.130958 -305.686193 -307.800642 -308.907988 -309.260851 -308.984436 -308.109832 -306.593727 -304.331572 -301.172966 -296.953350 -291.564694 -285.086600 -277.927099 -270.664396 -262.973679 -255.072126 -247.450335 -239.759366 -231.631991 -222.037657 -203.682883 -338.587131 -293.142358 -258.591901 -236.678203 -227.554637 -226.560862 -226.451411 -226.441160 -226.440898 -226.441600 -226.442357 -226.443088 -226.443943 -226.446518 -226.466424 -226.561472 -226.862372 -228.659884 -241.498969 -265.496374 -68.843871 -132.169603 -184.159958 -223.984526 -252.964084 -273.461718 -287.460819 -296.946372 -303.377771 -307.765194 -310.789408 -312.905694 -314.419275 -315.536495 -316.398757 -317.104927 -317.726184 -318.315957 -318.916706 -319.564675 -320.293433 -321.136772 -322.131456 -323.320324 -324.756326 -326.508351 -328.670051 -331.373476 -334.810128 -339.262812 -345.151938 -353.098397 -363.999826 -379.106383 -400.068037 -428.915918 -467.946805 -519.531962 -585.804960 -668.362729 -9999.0 -9999.0
-9999.0 -9999.0 32.114535 -37.439337 -99.391694 -151.423810 -192.915478 -224.148115 -245.310118 -254.119913 -279.972052 -260.858803 -254.264211 -268.687711 -234.761418 -248.768545 -262.737012 -275.069740 -287.663863 -296.446702 -302.130958 -305.686193 -307.800641 -308.907987 -309.260850 -308.984435 -308.109831 -306.593727 -304.331572 -301.172966 -296.953351 -291.564695 -285.086601 -277.927100 -270.664398 -262.973679 -255.072128 -247.450337 -239.759367 -231.631993 -222.037657 -203.682883 -338.587131 -293.142358 -258.591902 -236.678203 -227.554637 -226.560862 -226.451411 -226.441160 -226.440898 -226.441600 -226.442357 -226.443088 -226.443943 -226.446518 -226.466424 -226.561472 -226.862372 -228.659884 -241.498969 -265.496374 -68.843871 -132.169603 -184.159958 -223.984526 -252.964084 -273.461718 -287.460819 -296.946372 -303.377771 -307.765194 -310.789408 -312.905694 -314.419275 -315.536495 -316.398757 -317.104927 -317.726184 -318.315957 -318.916706 -319.564675 -320.293433 -321.136772 -322.131456 -323.320324 -324.756325 -326.508351 -328.670051 -331.373476 -334.810128 -339.262812 -345.151938 -353.098397 -363.999825 -379.106382 -400.068036 -428.915917 -467.946804 -519.531960 -585.804958 -668.362728 -9999.0 -9999.0
-9999.0 -9999.0 32.140313 -37.419002 -99.382008 -151.419831 -192.913966 -224.147555 -245.309918 -254.119846 -279.972022 -260.858791 -254.264208 -268.687710 -234.761418 -248.768545 -262.737012 -275.069740 -287.663863 -296.446702 -302.130958 -305.686193 -307.800641 -308.907987 -309.260850 -308.984435 -308.109831 -306.593727 -304.331572 -301.172966 -296.953351 -291.564696 -285.086602 -277.927101 -270.664398 -262.973681 -255.072128 -247.450337 -239.759368 -231.631993 -222.037658 -203.682884 -338.587131 -293.142358 -258.591902 -236.678203 -227.554637 -226.560862 -226.451411 -226.441160 -226.440898 -226.441600 -226.442357 -226.443088 -226.443943 -226.446518 -226.466424 -226.561472 -226.862372 -228.659884 -241.498969 -265.496374 -68.843871 -132.169603 -184.159958 -223.984526 -252.964084 -273.461718 -287.460819 -296.946372 -303.377771 -307.765194 -310.789408 -312.905694 -314.419275 -315.536495 -316.398757 -317.104927 -317.726184 -318.315957 -318.916706 -319.564675 -320.293433 -321.136772 -322.131456 -323.320324 -324.756325 -326.508351 -328.670051 -331.373476 -334.810128 -339.262812 -345.151938 -353.098397 -363.999825 -379.106382 -400.068036 -428.915916 -467.946804 -519.531960 -585.804958 -668.362727 -9999.0 -9999.0
-9999.0 -9999.0 32.140313 -37.419002 -99.382008 -151.419831 -192.913966 -224.147555 -245.309918 -254.119846 -279.972022 -260.858791 -254.264208 -268.687710 -234.761418 -248.768545 -262.737012 -275.069740 -287.663863 -296.446702 -302.130958 -305.686193 -307.800641 -308.907987 -309.260850 -308.984435 -308.109831 -306.593727 -304.331572 -301.172966 -296.953351 -291.564696 -285.086602 -277.927101 -270.664398 -262.973681 -255.072128 -247.450337 -239.759368 -231.631993 -222.037658 -203.682884 -338.587131 -293.142358 -258.591902 -236.678203 -227.554637 -226.560862 -226.451411 -226.441160 -226.440898 -226.441600 -226.442357 -226.443088 -226.443943 -226.446518 -226.466424 -226.561472 -226.862372 -228.659884 -241.498969 -265.496374 -68.843871 -132.169603 -184.159958 -223.984526 -252.964084 -273.461718 -287.460819 -296.946372 -303.377771 -307.765194 -310.789408 -312.905694 -314.419275 -315.536495 -316.398757 -317.104927 -317.726184 -318.315957 -318.916706 -319.564675 -320.293433 -321.136772 -322.131456 -323.320324 -324.756325 -326.508351 -328.670051 -331.373476 -334.810128 -339.262812 -345.151938 -353.098397 -363.999825 -379.106382 -400.068036 -428.915916 -467.946804 -519.531960 -585.804958 -668.362727 -9999.0 -9999.0
-9999.0 -9999.0 32.114535 -37.439337 -99.391694 -151.423810 -192.915478 -224.148115 -245.310118 -254.119913 -279.972053 -260.858803 -254.264211 -268.687711 -234.761418 -248.768545 -262.737012 -275.069740 -287.663863 -296.446702 -302.130958 -305.686193 -307.800641 -308.907987 -309.260850 -308.984435 -308.109831 -306.593727 -304.331572 -301.172966 -296.953351 -291.564695 -285.086601 -277.927100 -270.664398 -262.973679 -255.072128 -247.450337 -239.759367 -231.631993 -222.037657 -203.682883 -338.587131 -293.142358 -258.591902 -236.678203 -227.554637 -226.560862 -226.451411 -226.441160 -226.440898 -226.441600 -226.442357 -226.443088 -226.443943 -226.446518 -226.466424 -226.561472 -226.862372 -228.659884 -241.498969 -265.496374 -68.843871 -132.169603 -184.159958 -223.984526 -252.964084 -273.461718 -287.460819 -296.946372 -303.377771 -307.765194 -310.789408 -312.905694 -314.419275 -315.536495 -316.398757 -317.104927 -317.726184 -318.315957 -318.916706 -319.564675 -320.293433 -321.136772 -322.131456 -323.320324 -324.756325 -326.508351 -328.670051 -331.373476 -334.810128 -339.262812 -345.151938 -353.098397 -363.999825 -379.106382 -400.068036 -428.915917 -467.946804 -519.531961 -585.804958 -668.362728 -9999.0 -9999.0
-9999.0 -9999.0 31.970411 -37.483539 -99.406248 -151.428772 -192.917186 -224.148715 -245.310326 -254.119982 -279.972083 -260.858814 -254.264215 -268.687712 -234.761418 -248.768545 -262.737012 -275.069740 -287.663863 -296.446703 -302.130958 -305.686193 -307.800642 -308.907988 -309.260851 -308.984436 -308.109832 -306.593727 -304.331572 -301.172966 -296.953350 -291.564694 -285.086600 -277.927099 -270.664396 -262.973679 -255.072126 -247.450335 -239.759366 -231.631991 -222.037657 -203.682883 -338.587131 -293.142358 -258.591901 -236.678203 -227.554637 -226.560862 -226.451411 -226.441160 -226.440898 -226.441600 -226.442357 -226.443088 -226.443943 -226.446518 -226.466424 -226.561472 -226.862372 -228.659884 -241.498969 -265.496374 -68.843871 -132.169603 -184.159958 -223.984526 -252.964084 -273.461718 -287.460819 -296.946372 -303.377771 -307.765194 -310.789408 -312.905694 -314.419275 -315.536495 -316.398757 -317.104927 -317.726184 -318.315957 -318.916706 -319.564675 -320.293433 -321.136772 -322.131456 -323.320324 -324.756326 -326.508351 -328.670051 -331.373476 -334.810128 -339.262812 -345.151938 -353.098397 -363.999826 -379.106382 -400.068037 -428.915918 -467.946806 -519.531962 -585.804960 -668.362729 -9999.0 -9999.0
-9999.0 -9999.0 -9999.0 -9999.0 -9999.0 -9999.0 -9999.0 -9999.0 -9999.0 -9999.0 -9999.0 -9999.0 -9999.0 -9999.0 -9999.0 -9999.0 -9999.0 -9999.0 -9999.0 -9999.0 -9999.0 -9999.0 -9999.0 -9999.0 -9999.0 -9999.0 -9999.0 -9999.0 -9999.0 -9999.0 -9999.0 -9999.0 -9999.0 -9999.0 -9999.0 -9999.0 -9999.0 -9999.0 -9999.0 -9999.0 -9999.0 -9999.0 -9999.0 -9999.0 -9999.0 -9999.0 -9999.0 -9999.0 -9999.0 -9999.0 -9999.0 -9999.0 -9999.0 -9999.0 -9999.0 -9999.0 -9999.0 -9999.0 -9999.0 -9999.0 -9999.0 -9999.0 -9999.0 -9999.0 -9999.0 -9999.0 -9999.0 -9999.0 -9999.0 -9999.0 -9999.0 -9999.0 -9999.0 -9999.0 -9999.0 -9999.0 -9999.0 -9999.0 -9999.0 -9999.0 -9999.0 -9999.0 -9999.0 -9999.0 -9999.0 -9999.0 -9999.0 -9999.0 -9999.0 -9999.0 -9999.0 -9999.0 -9999.0 -9999.0 -9999.0 -9999.0 -9999.0 -9999.0 -9999.0 -9999.0 -9999.0 -9999.0 -9999.0 -9999.0
-9999.0 -9999.0 -9999.0 -9999.0 -9999.0 -9999.0 -9999.0 -9999.0 -9999.0 -9999.0 -9999.0 -9999.0 -9999.0 -9999.0 -9999.0 -9999.0 -9999.0 -9999.0 -9999.0 -9999.0 -9999.0 -9999.0 -9999.0 -9999.0 -9999.0 -9999.0 -9999.0 -9999.0 -9999.0 -9999.0 -9999.0 -9999.0 -9999.0 -9999.0 -9999.0 -9999.0 -9999.0 -9999.0 -9999.0 -9999.0 -9999.0 -9999.0 -9999.0 -9999.0 -9999.0 -9999.0 -9999.0 -9999.0 -9999.0 -9999.0 -9999.0 -9999.0 -9999.0 -9999.0 -9999.0 -9999.0 -9999.0 -9999.0 -9999.0 -9999.0 -9999.0 -9999.0 -9999.0 -9999.0 -9999.0 -9999.0 -9999.0 -9999.0 -9999.0 -9999.0 -9999.0 -9999.0 -9999.0 -9999.0 -9999.0 -9999.0 -9999.0 -9999.0 -9999.0 -9999.0 -9999.0 -9999.0 -9999.0 -9999.0 -9999.0 -9999.0 -9999.0 -9999.0 -9999.0 -9999.0 -9999.0 -9999.0 -9999.0 -9999.0 -9999.0 -9999.0 -9999.0 -9999.0 -9999.0 -9999.0 -9999.0 -9999.0 -9999.0 -9999.0