inst/processing_geotop_simulation/geotop_simulation/out/maps3D/PwL0022N0426.asc
ncols         104
nrows         10
xllcorner     -2.000000
yllcorner     0.000000
cellsize      1.000000
NODATA_value  -9999.0
-9999.0 -9999.0 -9999.0 -9999.0 -9999.0 -9999.0 -9999.0 -9999.0 -9999.0 -9999.0 -9999.0 -9999.0 -9999.0 -9999.0 -9999.0 -9999.0 -9999.0 -9999.0 -9999.0 -9999.0 -9999.0 -9999.0 -9999.0 -9999.0 -9999.0 -9999.0 -9999.0 -9999.0 -9999.0 -9999.0 -9999.0 -9999.0 -9999.0 -9999.0 -9999.0 -9999.0 -9999.0 -9999.0 -9999.0 -9999.0 -9999.0 -9999.0 -9999.0 -9999.0 -9999.0 -9999.0 -9999.0 -9999.0 -9999.0 -9999.0 -9999.0 -9999.0 -9999.0 -9999.0 -9999.0 -9999.0 -9999.0 -9999.0 -9999.0 -9999.0 -9999.0 -9999.0 -9999.0 -9999.0 -9999.0 -9999.0 -9999.0 -9999.0 -9999.0 -9999.0 -9999.0 -9999.0 -9999.0 -9999.0 -9999.0 -9999.0 -9999.0 -9999.0 -9999.0 -9999.0 -9999.0 -9999.0 -9999.0 -9999.0 -9999.0 -9999.0 -9999.0 -9999.0 -9999.0 -9999.0 -9999.0 -9999.0 -9999.0 -9999.0 -9999.0 -9999.0 -9999.0 -9999.0 -9999.0 -9999.0 -9999.0 -9999.0 -9999.0 -9999.0
-9999.0 -9999.0 -9999.0 -9999.0 -9999.0 -9999.0 -9999.0 -9999.0 -9999.0 -9999.0 -9999.0 -9999.0 -9999.0 -9999.0 -9999.0 -9999.0 -9999.0 -9999.0 -9999.0 -9999.0 -9999.0 -9999.0 -9999.0 -9999.0 -9999.0 -9999.0 -9999.0 -9999.0 -9999.0 -9999.0 -9999.0 -9999.0 -9999.0 -9999.0 -9999.0 -9999.0 -9999.0 -9999.0 -9999.0 -9999.0 -9999.0 -9999.0 -9999.0 -9999.0 -9999.0 -9999.0 -9999.0 -9999.0 -9999.0 -9999.0 -9999.0 -9999.0 -9999.0 -9999.0 -9999.0 -9999.0 -9999.0 -9999.0 -9999.0 -9999.0 -9999.0 -9999.0 -9999.0 -9999.0 -9999.0 -9999.0 -9999.0 -9999.0 -9999.0 -9999.0 -9999.0 -9999.0 -9999.0 -9999.0 -9999.0 -9999.0 -9999.0 -9999.0 -9999.0 -9999.0 -9999.0 -9999.0 -9999.0 -9999.0 -9999.0 -9999.0 -9999.0 -9999.0 -9999.0 -9999.0 -9999.0 -9999.0 -9999.0 -9999.0 -9999.0 -9999.0 -9999.0 -9999.0 -9999.0 -9999.0 -9999.0 -9999.0 -9999.0 -9999.0
-9999.0 -9999.0 1067.489911 968.298151 869.087369 769.787203 670.433718 571.056090 471.671430 372.289372 272.915392 173.552702 74.203276 -25.129503 -124.443571 -223.736798 -322.994862 -422.191227 -521.274484 -620.147629 -718.631225 -817.176396 -915.359556 -1012.996525 -1109.827118 -1199.597812 -1282.873048 -1357.785044 -1422.913321 -1477.561625 -1521.854888 -1556.626656 -1583.168949 -1602.955801 -1617.424575 -1627.848093 -1635.299158 -1640.727678 -1645.269986 -1651.026251 -1662.142053 -1687.016638 -1653.881831 -2332.491829 -3407.748167 -3373.056561 -2767.179176 -2450.603036 -2282.322660 -2174.021370 -2094.359882 -2025.333740 -1981.857521 -1953.076561 -1925.897557 -1896.873546 -1864.805235 -1829.898126 -1793.131139 -1754.945730 -1705.054459 -1467.047551 -1642.852711 -1655.016352 -1653.727667 -1652.680204 -1652.376354 -1652.311495 -1652.300033 -1652.298661 -1652.298998 -1652.299555 -1652.300085 -1652.300558 -1652.300985 -1652.301380 -1652.301752 -1652.302111 -1652.302463 -1652.302818 -1652.303181 -1652.303565 -1652.303982 -1652.304453 -1652.305006 -1652.305691 -1652.306584 -1652.307814 -1652.309606 -1652.312362 -1652.316826 -1652.324425 -1652.337979 -1652.363217 -1652.412200 -1652.511570 -1652.723839 -1653.205364 -1654.372125 -1657.409836 -1666.006253 -1692.904902 -9999.0 -9999.0
-9999.0 -9999.0 1067.492211 968.299085 869.087689 769.787310 670.433755 571.056103 471.671435 372.289374 272.915393 173.552702 74.203276 -25.129503 -124.443571 -223.736799 -322.994862 -422.191227 -521.274484 -620.147630 -718.631225 -817.176396 -915.359556 -1012.996525 -1109.827118 -1199.597812 -1282.873048 -1357.785044 -1422.913321 -1477.561625 -1521.854888 -1556.626656 -1583.168949 -1602.955801 -1617.424575 -1627.848093 -1635.299158 -1640.727678 -1645.269986 -1651.026251 -1662.142053 -1687.016638 -1653.881830 -2332.491828 -3407.748167 -3373.056561 -2767.179176 -2450.603035 -2282.322660 -2174.021369 -2094.359881 -2025.333740 -1981.857521 -1953.076561 -1925.897557 -1896.873546 -1864.805234 -1829.898126 -1793.131139 -1754.945730 -1705.054459 -1467.047551 -1642.852711 -1655.016352 -1653.727667 -1652.680204 -1652.376354 -1652.311495 -1652.300033 -1652.298660 -1652.298998 -1652.299555 -1652.300085 -1652.300558 -1652.300985 -1652.301380 -1652.301752 -1652.302111 -1652.302463 -1652.302818 -1652.303181 -1652.303565 -1652.303982 -1652.304452 -1652.305006 -1652.305691 -1652.306584 -1652.307814 -1652.309606 -1652.312362 -1652.316826 -1652.324425 -1652.337979 -1652.363217 -1652.412199 -1652.511570 -1652.723839 -1653.205364 -1654.372125 -1657.409836 -1666.006253 -1692.904902 -9999.0 -9999.0
-9999.0 -9999.0 1067.493173 968.299611 869.087914 769.787398 670.433788 571.056115 471.671440 372.289376 272.915394 173.552702 74.203276 -25.129503 -124.443571 -223.736799 -322.994862 -422.191227 -521.274484 -620.147630 -718.631225 -817.176396 -915.359556 -1012.996525 -1109.827118 -1199.597812 -1282.873048 -1357.785044 -1422.913321 -1477.561625 -1521.854888 -1556.626656 -1583.168949 -1602.955801 -1617.424575 -1627.848093 -1635.299158 -1640.727678 -1645.269986 -1651.026251 -1662.142053 -1687.016638 -1653.881830 -2332.491828 -3407.748167 -3373.056561 -2767.179175 -2450.603035 -2282.322660 -2174.021369 -2094.359881 -2025.333739 -1981.857521 -1953.076561 -1925.897557 -1896.873546 -1864.805234 -1829.898126 -1793.131139 -1754.945730 -1705.054459 -1467.047551 -1642.852711 -1655.016352 -1653.727667 -1652.680204 -1652.376354 -1652.311495 -1652.300033 -1652.298660 -1652.298998 -1652.299555 -1652.300085 -1652.300558 -1652.300985 -1652.301380 -1652.301752 -1652.302111 -1652.302463 -1652.302818 -1652.303181 -1652.303565 -1652.303982 -1652.304452 -1652.305006 -1652.305691 -1652.306584 -1652.307814 -1652.309606 -1652.312362 -1652.316826 -1652.324425 -1652.337979 -1652.363217 -1652.412199 -1652.511570 -1652.723839 -1653.205364 -1654.372125 -1657.409836 -1666.006253 -1692.904902 -9999.0 -9999.0
-9999.0 -9999.0 1067.493173 968.299611 869.087914 769.787398 670.433788 571.056115 471.671440 372.289376 272.915394 173.552702 74.203276 -25.129503 -124.443571 -223.736799 -322.994862 -422.191227 -521.274484 -620.147630 -718.631225 -817.176396 -915.359556 -1012.996525 -1109.827118 -1199.597812 -1282.873048 -1357.785044 -1422.913321 -1477.561625 -1521.854888 -1556.626656 -1583.168949 -1602.955801 -1617.424575 -1627.848093 -1635.299158 -1640.727678 -1645.269986 -1651.026251 -1662.142053 -1687.016638 -1653.881830 -2332.491828 -3407.748167 -3373.056561 -2767.179175 -2450.603035 -2282.322660 -2174.021369 -2094.359881 -2025.333739 -1981.857521 -1953.076561 -1925.897557 -1896.873546 -1864.805234 -1829.898126 -1793.131139 -1754.945730 -1705.054459 -1467.047551 -1642.852711 -1655.016352 -1653.727667 -1652.680204 -1652.376354 -1652.311495 -1652.300033 -1652.298660 -1652.298998 -1652.299555 -1652.300085 -1652.300558 -1652.300985 -1652.301380 -1652.301752 -1652.302111 -1652.302463 -1652.302818 -1652.303181 -1652.303565 -1652.303982 -1652.304452 -1652.305006 -1652.305691 -1652.306584 -1652.307814 -1652.309606 -1652.312362 -1652.316826 -1652.324425 -1652.337979 -1652.363217 -1652.412199 -1652.511570 -1652.723839 -1653.205364 -1654.372125 -1657.409836 -1666.006253 -1692.904902 -9999.0 -9999.0
-9999.0 -9999.0 1067.492211 968.299085 869.087689 769.787310 670.433755 571.056103 471.671435 372.289374 272.915393 173.552702 74.203276 -25.129503 -124.443571 -223.736798 -322.994862 -422.191227 -521.274484 -620.147630 -718.631225 -817.176396 -915.359556 -1012.996525 -1109.827118 -1199.597812 -1282.873048 -1357.785044 -1422.913321 -1477.561625 -1521.854888 -1556.626656 -1583.168949 -1602.955801 -1617.424575 -1627.848093 -1635.299158 -1640.727678 -1645.269986 -1651.026251 -1662.142053 -1687.016638 -1653.881830 -2332.491828 -3407.748167 -3373.056561 -2767.179176 -2450.603035 -2282.322660 -2174.021369 -2094.359881 -2025.333740 -1981.857521 -1953.076561 -1925.897557 -1896.873546 -1864.805234 -1829.898126 -1793.131139 -1754.945730 -1705.054459 -1467.047551 -1642.852711 -1655.016352 -1653.727667 -1652.680204 -1652.376354 -1652.311495 -1652.300033 -1652.298660 -1652.298998 -1652.299555 -1652.300085 -1652.300558 -1652.300985 -1652.301380 -1652.301752 -1652.302111 -1652.302463 -1652.302818 -1652.303181 -1652.303565 -1652.303982 -1652.304452 -1652.305006 -1652.305691 -1652.306584 -1652.307814 -1652.309606 -1652.312362 -1652.316826 -1652.324425 -1652.337979 -1652.363217 -1652.412199 -1652.511570 -1652.723839 -1653.205364 -1654.372125 -1657.409836 -1666.006253 -1692.904902 -9999.0 -9999.0
-9999.0 -9999.0 1067.489911 968.298151 869.087369 769.787203 670.433718 571.056090 471.671430 372.289372 272.915392 173.552702 74.203276 -25.129503 -124.443571 -223.736798 -322.994862 -422.191227 -521.274484 -620.147629 -718.631225 -817.176396 -915.359556 -1012.996525 -1109.827118 -1199.597812 -1282.873048 -1357.785044 -1422.913321 -1477.561625 -1521.854888 -1556.626656 -1583.168949 -1602.955801 -1617.424575 -1627.848093 -1635.299158 -1640.727678 -1645.269986 -1651.026251 -1662.142053 -1687.016638 -1653.881831 -2332.491829 -3407.748167 -3373.056561 -2767.179176 -2450.603036 -2282.322660 -2174.021370 -2094.359882 -2025.333740 -1981.857521 -1953.076561 -1925.897557 -1896.873546 -1864.805234 -1829.898126 -1793.131139 -1754.945730 -1705.054459 -1467.047551 -1642.852711 -1655.016352 -1653.727667 -1652.680204 -1652.376354 -1652.311495 -1652.300033 -1652.298661 -1652.298998 -1652.299555 -1652.300085 -1652.300558 -1652.300985 -1652.301380 -1652.301752 -1652.302111 -1652.302463 -1652.302818 -1652.303181 -1652.303565 -1652.303982 -1652.304453 -1652.305006 -1652.305691 -1652.306584 -1652.307814 -1652.309606 -1652.312362 -1652.316826 -1652.324425 -1652.337979 -1652.363217 -1652.412200 -1652.511570 -1652.723839 -1653.205364 -1654.372125 -1657.409836 -1666.006253 -1692.904902 -9999.0 -9999.0
-9999.0 -9999.0 -9999.0 -9999.0 -9999.0 -9999.0 -9999.0 -9999.0 -9999.0 -9999.0 -9999.0 -9999.0 -9999.0 -9999.0 -9999.0 -9999.0 -9999.0 -9999.0 -9999.0 -9999.0 -9999.0 -9999.0 -9999.0 -9999.0 -9999.0 -9999.0 -9999.0 -9999.0 -9999.0 -9999.0 -9999.0 -9999.0 -9999.0 -9999.0 -9999.0 -9999.0 -9999.0 -9999.0 -9999.0 -9999.0 -9999.0 -9999.0 -9999.0 -9999.0 -9999.0 -9999.0 -9999.0 -9999.0 -9999.0 -9999.0 -9999.0 -9999.0 -9999.0 -9999.0 -9999.0 -9999.0 -9999.0 -9999.0 -9999.0 -9999.0 -9999.0 -9999.0 -9999.0 -9999.0 -9999.0 -9999.0 -9999.0 -9999.0 -9999.0 -9999.0 -9999.0 -9999.0 -9999.0 -9999.0 -9999.0 -9999.0 -9999.0 -9999.0 -9999.0 -9999.0 -9999.0 -9999.0 -9999.0 -9999.0 -9999.0 -9999.0 -9999.0 -9999.0 -9999.0 -9999.0 -9999.0 -9999.0 -9999.0 -9999.0 -9999.0 -9999.0 -9999.0 -9999.0 -9999.0 -9999.0 -9999.0 -9999.0 -9999.0 -9999.0
-9999.0 -9999.0 -9999.0 -9999.0 -9999.0 -9999.0 -9999.0 -9999.0 -9999.0 -9999.0 -9999.0 -9999.0 -9999.0 -9999.0 -9999.0 -9999.0 -9999.0 -9999.0 -9999.0 -9999.0 -9999.0 -9999.0 -9999.0 -9999.0 -9999.0 -9999.0 -9999.0 -9999.0 -9999.0 -9999.0 -9999.0 -9999.0 -9999.0 -9999.0 -9999.0 -9999.0 -9999.0 -9999.0 -9999.0 -9999.0 -9999.0 -9999.0 -9999.0 -9999.0 -9999.0 -9999.0 -9999.0 -9999.0 -9999.0 -9999.0 -9999.0 -9999.0 -9999.0 -9999.0 -9999.0 -9999.0 -9999.0 -9999.0 -9999.0 -9999.0 -9999.0 -9999.0 -9999.0 -9999.0 -9999.0 -9999.0 -9999.0 -9999.0 -9999.0 -9999.0 -9999.0 -9999.0 -9999.0 -9999.0 -9999.0 -9999.0 -9999.0 -9999.0 -9999.0 -9999.0 -9999.0 -9999.0 -9999.0 -9999.0 -9999.0 -9999.0 -9999.0 -9999.0 -9999.0 -9999.0 -9999.0 -9999.0 -9999.0 -9999.0 -9999.0 -9999.0 -9999.0 -9999.0 -9999.0 -9999.0 -9999.0 -9999.0 -9999.0 -9999.0