inst/processing_geotop_simulation/geotop_simulation/out/maps3D/PwL0018N0063.asc
ncols         104
nrows         10
xllcorner     -2.000000
yllcorner     0.000000
cellsize      1.000000
NODATA_value  -9999.0
-9999.0 -9999.0 -9999.0 -9999.0 -9999.0 -9999.0 -9999.0 -9999.0 -9999.0 -9999.0 -9999.0 -9999.0 -9999.0 -9999.0 -9999.0 -9999.0 -9999.0 -9999.0 -9999.0 -9999.0 -9999.0 -9999.0 -9999.0 -9999.0 -9999.0 -9999.0 -9999.0 -9999.0 -9999.0 -9999.0 -9999.0 -9999.0 -9999.0 -9999.0 -9999.0 -9999.0 -9999.0 -9999.0 -9999.0 -9999.0 -9999.0 -9999.0 -9999.0 -9999.0 -9999.0 -9999.0 -9999.0 -9999.0 -9999.0 -9999.0 -9999.0 -9999.0 -9999.0 -9999.0 -9999.0 -9999.0 -9999.0 -9999.0 -9999.0 -9999.0 -9999.0 -9999.0 -9999.0 -9999.0 -9999.0 -9999.0 -9999.0 -9999.0 -9999.0 -9999.0 -9999.0 -9999.0 -9999.0 -9999.0 -9999.0 -9999.0 -9999.0 -9999.0 -9999.0 -9999.0 -9999.0 -9999.0 -9999.0 -9999.0 -9999.0 -9999.0 -9999.0 -9999.0 -9999.0 -9999.0 -9999.0 -9999.0 -9999.0 -9999.0 -9999.0 -9999.0 -9999.0 -9999.0 -9999.0 -9999.0 -9999.0 -9999.0 -9999.0 -9999.0
-9999.0 -9999.0 -9999.0 -9999.0 -9999.0 -9999.0 -9999.0 -9999.0 -9999.0 -9999.0 -9999.0 -9999.0 -9999.0 -9999.0 -9999.0 -9999.0 -9999.0 -9999.0 -9999.0 -9999.0 -9999.0 -9999.0 -9999.0 -9999.0 -9999.0 -9999.0 -9999.0 -9999.0 -9999.0 -9999.0 -9999.0 -9999.0 -9999.0 -9999.0 -9999.0 -9999.0 -9999.0 -9999.0 -9999.0 -9999.0 -9999.0 -9999.0 -9999.0 -9999.0 -9999.0 -9999.0 -9999.0 -9999.0 -9999.0 -9999.0 -9999.0 -9999.0 -9999.0 -9999.0 -9999.0 -9999.0 -9999.0 -9999.0 -9999.0 -9999.0 -9999.0 -9999.0 -9999.0 -9999.0 -9999.0 -9999.0 -9999.0 -9999.0 -9999.0 -9999.0 -9999.0 -9999.0 -9999.0 -9999.0 -9999.0 -9999.0 -9999.0 -9999.0 -9999.0 -9999.0 -9999.0 -9999.0 -9999.0 -9999.0 -9999.0 -9999.0 -9999.0 -9999.0 -9999.0 -9999.0 -9999.0 -9999.0 -9999.0 -9999.0 -9999.0 -9999.0 -9999.0 -9999.0 -9999.0 -9999.0 -9999.0 -9999.0 -9999.0 -9999.0
-9999.0 -9999.0 274.405624 174.938010 76.170341 -21.808353 -119.356939 -217.683934 -319.033973 -425.987195 -537.497024 -642.383896 -719.427311 -753.310820 -762.759091 -763.887214 -760.805368 -756.737593 -753.574009 -800.616389 -845.388399 -888.954244 -932.770281 -903.792760 -886.579275 -877.537509 -873.798580 -873.248388 -874.424266 -876.374412 -878.517660 -880.529662 -882.257478 -883.654723 -884.734973 -885.542336 -886.144343 -886.644481 -887.121869 -887.872409 -895.047427 -987.706180 -2202.047927 -4081.900004 -4084.158384 -4084.158416 -4084.158416 -4084.158416 -4084.158416 -4084.158416 -4084.158416 -4084.158415 -4084.158414 -4084.158413 -4084.158409 -4084.158402 -4084.158381 -4084.158319 -4084.158106 -4084.157251 -4080.510897 -2098.378350 -961.825732 -893.413868 -888.398756 -887.801387 -887.687598 -887.666525 -887.665452 -887.668141 -887.671010 -887.673355 -887.675149 -887.676509 -887.677549 -887.678359 -887.679002 -887.679520 -887.679951 -887.680329 -887.680693 -887.681091 -887.681585 -887.682264 -887.683263 -887.684790 -887.687182 -887.690989 -887.697131 -887.707189 -887.723972 -887.752647 -887.803054 -887.894456 -888.065214 -888.392306 -889.031285 -890.306117 -892.955648 -898.940385 -914.024683 -953.009184 -9999.0 -9999.0
-9999.0 -9999.0 274.405627 174.938012 76.170344 -21.808351 -119.356937 -217.683933 -319.033971 -425.987194 -537.497023 -642.383895 -719.427311 -753.310820 -762.759091 -763.887213 -760.805368 -756.737593 -753.574009 -800.616389 -845.388399 -888.954244 -932.770281 -903.792759 -886.579275 -877.537509 -873.798580 -873.248388 -874.424266 -876.374412 -878.517660 -880.529662 -882.257478 -883.654723 -884.734973 -885.542336 -886.144343 -886.644481 -887.121869 -887.872409 -895.047427 -987.706180 -2202.047927 -4081.900004 -4084.158384 -4084.158416 -4084.158416 -4084.158416 -4084.158416 -4084.158416 -4084.158416 -4084.158415 -4084.158414 -4084.158413 -4084.158409 -4084.158402 -4084.158381 -4084.158319 -4084.158106 -4084.157251 -4080.510897 -2098.378350 -961.825732 -893.413868 -888.398756 -887.801387 -887.687598 -887.666525 -887.665452 -887.668141 -887.671010 -887.673355 -887.675149 -887.676509 -887.677549 -887.678359 -887.679002 -887.679520 -887.679951 -887.680329 -887.680693 -887.681091 -887.681585 -887.682264 -887.683263 -887.684790 -887.687182 -887.690989 -887.697131 -887.707189 -887.723972 -887.752647 -887.803054 -887.894456 -888.065214 -888.392306 -889.031285 -890.306117 -892.955648 -898.940385 -914.024683 -953.009184 -9999.0 -9999.0
-9999.0 -9999.0 274.405629 174.938014 76.170345 -21.808350 -119.356936 -217.683932 -319.033971 -425.987194 -537.497022 -642.383895 -719.427311 -753.310820 -762.759091 -763.887213 -760.805368 -756.737593 -753.574009 -800.616389 -845.388399 -888.954244 -932.770281 -903.792759 -886.579275 -877.537509 -873.798580 -873.248388 -874.424266 -876.374412 -878.517660 -880.529662 -882.257478 -883.654723 -884.734973 -885.542336 -886.144343 -886.644481 -887.121869 -887.872409 -895.047427 -987.706180 -2202.047927 -4081.900004 -4084.158384 -4084.158416 -4084.158416 -4084.158416 -4084.158416 -4084.158416 -4084.158416 -4084.158415 -4084.158414 -4084.158413 -4084.158409 -4084.158402 -4084.158381 -4084.158319 -4084.158106 -4084.157251 -4080.510897 -2098.378350 -961.825732 -893.413868 -888.398756 -887.801387 -887.687598 -887.666525 -887.665452 -887.668141 -887.671010 -887.673355 -887.675149 -887.676509 -887.677549 -887.678359 -887.679002 -887.679520 -887.679951 -887.680329 -887.680693 -887.681091 -887.681585 -887.682264 -887.683263 -887.684790 -887.687182 -887.690989 -887.697131 -887.707189 -887.723972 -887.752647 -887.803054 -887.894456 -888.065214 -888.392306 -889.031285 -890.306117 -892.955648 -898.940385 -914.024683 -953.009184 -9999.0 -9999.0
-9999.0 -9999.0 274.405629 174.938014 76.170345 -21.808350 -119.356936 -217.683932 -319.033971 -425.987194 -537.497022 -642.383895 -719.427311 -753.310820 -762.759091 -763.887213 -760.805368 -756.737593 -753.574009 -800.616389 -845.388399 -888.954244 -932.770281 -903.792759 -886.579275 -877.537509 -873.798580 -873.248388 -874.424266 -876.374412 -878.517660 -880.529662 -882.257478 -883.654723 -884.734973 -885.542336 -886.144343 -886.644481 -887.121869 -887.872409 -895.047427 -987.706180 -2202.047927 -4081.900004 -4084.158384 -4084.158416 -4084.158416 -4084.158416 -4084.158416 -4084.158416 -4084.158416 -4084.158415 -4084.158414 -4084.158413 -4084.158409 -4084.158402 -4084.158381 -4084.158319 -4084.158106 -4084.157251 -4080.510897 -2098.378350 -961.825732 -893.413868 -888.398756 -887.801387 -887.687598 -887.666525 -887.665452 -887.668141 -887.671010 -887.673355 -887.675149 -887.676509 -887.677549 -887.678359 -887.679002 -887.679520 -887.679951 -887.680329 -887.680693 -887.681091 -887.681585 -887.682264 -887.683263 -887.684790 -887.687182 -887.690989 -887.697131 -887.707189 -887.723972 -887.752647 -887.803054 -887.894456 -888.065214 -888.392306 -889.031285 -890.306117 -892.955648 -898.940385 -914.024683 -953.009184 -9999.0 -9999.0
-9999.0 -9999.0 274.405627 174.938012 76.170344 -21.808351 -119.356937 -217.683933 -319.033971 -425.987194 -537.497023 -642.383895 -719.427311 -753.310820 -762.759091 -763.887213 -760.805368 -756.737593 -753.574009 -800.616389 -845.388399 -888.954244 -932.770281 -903.792759 -886.579275 -877.537509 -873.798580 -873.248388 -874.424266 -876.374412 -878.517660 -880.529662 -882.257478 -883.654723 -884.734973 -885.542336 -886.144343 -886.644481 -887.121869 -887.872409 -895.047427 -987.706180 -2202.047927 -4081.900004 -4084.158384 -4084.158416 -4084.158416 -4084.158416 -4084.158416 -4084.158416 -4084.158416 -4084.158415 -4084.158414 -4084.158413 -4084.158409 -4084.158402 -4084.158381 -4084.158319 -4084.158106 -4084.157251 -4080.510897 -2098.378350 -961.825732 -893.413868 -888.398756 -887.801387 -887.687598 -887.666525 -887.665452 -887.668141 -887.671010 -887.673355 -887.675149 -887.676509 -887.677549 -887.678359 -887.679002 -887.679520 -887.679951 -887.680329 -887.680693 -887.681091 -887.681585 -887.682264 -887.683263 -887.684790 -887.687182 -887.690989 -887.697131 -887.707189 -887.723972 -887.752647 -887.803054 -887.894456 -888.065214 -888.392306 -889.031285 -890.306117 -892.955648 -898.940385 -914.024683 -953.009184 -9999.0 -9999.0
-9999.0 -9999.0 274.405624 174.938010 76.170341 -21.808353 -119.356939 -217.683934 -319.033972 -425.987195 -537.497024 -642.383896 -719.427311 -753.310820 -762.759091 -763.887214 -760.805368 -756.737593 -753.574009 -800.616389 -845.388399 -888.954244 -932.770281 -903.792760 -886.579275 -877.537509 -873.798580 -873.248388 -874.424266 -876.374412 -878.517660 -880.529662 -882.257478 -883.654723 -884.734973 -885.542336 -886.144343 -886.644481 -887.121869 -887.872409 -895.047427 -987.706180 -2202.047927 -4081.900004 -4084.158384 -4084.158416 -4084.158416 -4084.158416 -4084.158416 -4084.158416 -4084.158416 -4084.158415 -4084.158414 -4084.158413 -4084.158409 -4084.158402 -4084.158381 -4084.158319 -4084.158106 -4084.157251 -4080.510897 -2098.378350 -961.825732 -893.413868 -888.398756 -887.801387 -887.687598 -887.666525 -887.665452 -887.668141 -887.671010 -887.673355 -887.675149 -887.676509 -887.677549 -887.678359 -887.679002 -887.679520 -887.679951 -887.680329 -887.680693 -887.681091 -887.681585 -887.682264 -887.683263 -887.684790 -887.687182 -887.690989 -887.697131 -887.707189 -887.723972 -887.752647 -887.803054 -887.894456 -888.065214 -888.392306 -889.031285 -890.306117 -892.955648 -898.940385 -914.024683 -953.009184 -9999.0 -9999.0
-9999.0 -9999.0 -9999.0 -9999.0 -9999.0 -9999.0 -9999.0 -9999.0 -9999.0 -9999.0 -9999.0 -9999.0 -9999.0 -9999.0 -9999.0 -9999.0 -9999.0 -9999.0 -9999.0 -9999.0 -9999.0 -9999.0 -9999.0 -9999.0 -9999.0 -9999.0 -9999.0 -9999.0 -9999.0 -9999.0 -9999.0 -9999.0 -9999.0 -9999.0 -9999.0 -9999.0 -9999.0 -9999.0 -9999.0 -9999.0 -9999.0 -9999.0 -9999.0 -9999.0 -9999.0 -9999.0 -9999.0 -9999.0 -9999.0 -9999.0 -9999.0 -9999.0 -9999.0 -9999.0 -9999.0 -9999.0 -9999.0 -9999.0 -9999.0 -9999.0 -9999.0 -9999.0 -9999.0 -9999.0 -9999.0 -9999.0 -9999.0 -9999.0 -9999.0 -9999.0 -9999.0 -9999.0 -9999.0 -9999.0 -9999.0 -9999.0 -9999.0 -9999.0 -9999.0 -9999.0 -9999.0 -9999.0 -9999.0 -9999.0 -9999.0 -9999.0 -9999.0 -9999.0 -9999.0 -9999.0 -9999.0 -9999.0 -9999.0 -9999.0 -9999.0 -9999.0 -9999.0 -9999.0 -9999.0 -9999.0 -9999.0 -9999.0 -9999.0 -9999.0
-9999.0 -9999.0 -9999.0 -9999.0 -9999.0 -9999.0 -9999.0 -9999.0 -9999.0 -9999.0 -9999.0 -9999.0 -9999.0 -9999.0 -9999.0 -9999.0 -9999.0 -9999.0 -9999.0 -9999.0 -9999.0 -9999.0 -9999.0 -9999.0 -9999.0 -9999.0 -9999.0 -9999.0 -9999.0 -9999.0 -9999.0 -9999.0 -9999.0 -9999.0 -9999.0 -9999.0 -9999.0 -9999.0 -9999.0 -9999.0 -9999.0 -9999.0 -9999.0 -9999.0 -9999.0 -9999.0 -9999.0 -9999.0 -9999.0 -9999.0 -9999.0 -9999.0 -9999.0 -9999.0 -9999.0 -9999.0 -9999.0 -9999.0 -9999.0 -9999.0 -9999.0 -9999.0 -9999.0 -9999.0 -9999.0 -9999.0 -9999.0 -9999.0 -9999.0 -9999.0 -9999.0 -9999.0 -9999.0 -9999.0 -9999.0 -9999.0 -9999.0 -9999.0 -9999.0 -9999.0 -9999.0 -9999.0 -9999.0 -9999.0 -9999.0 -9999.0 -9999.0 -9999.0 -9999.0 -9999.0 -9999.0 -9999.0 -9999.0 -9999.0 -9999.0 -9999.0 -9999.0 -9999.0 -9999.0 -9999.0 -9999.0 -9999.0 -9999.0 -9999.0