inst/processing_geotop_simulation/geotop_simulation/out/maps3D/PwL0008N0308.asc
ncols         104
nrows         10
xllcorner     -2.000000
yllcorner     0.000000
cellsize      1.000000
NODATA_value  -9999.0
-9999.0 -9999.0 -9999.0 -9999.0 -9999.0 -9999.0 -9999.0 -9999.0 -9999.0 -9999.0 -9999.0 -9999.0 -9999.0 -9999.0 -9999.0 -9999.0 -9999.0 -9999.0 -9999.0 -9999.0 -9999.0 -9999.0 -9999.0 -9999.0 -9999.0 -9999.0 -9999.0 -9999.0 -9999.0 -9999.0 -9999.0 -9999.0 -9999.0 -9999.0 -9999.0 -9999.0 -9999.0 -9999.0 -9999.0 -9999.0 -9999.0 -9999.0 -9999.0 -9999.0 -9999.0 -9999.0 -9999.0 -9999.0 -9999.0 -9999.0 -9999.0 -9999.0 -9999.0 -9999.0 -9999.0 -9999.0 -9999.0 -9999.0 -9999.0 -9999.0 -9999.0 -9999.0 -9999.0 -9999.0 -9999.0 -9999.0 -9999.0 -9999.0 -9999.0 -9999.0 -9999.0 -9999.0 -9999.0 -9999.0 -9999.0 -9999.0 -9999.0 -9999.0 -9999.0 -9999.0 -9999.0 -9999.0 -9999.0 -9999.0 -9999.0 -9999.0 -9999.0 -9999.0 -9999.0 -9999.0 -9999.0 -9999.0 -9999.0 -9999.0 -9999.0 -9999.0 -9999.0 -9999.0 -9999.0 -9999.0 -9999.0 -9999.0 -9999.0 -9999.0
-9999.0 -9999.0 -9999.0 -9999.0 -9999.0 -9999.0 -9999.0 -9999.0 -9999.0 -9999.0 -9999.0 -9999.0 -9999.0 -9999.0 -9999.0 -9999.0 -9999.0 -9999.0 -9999.0 -9999.0 -9999.0 -9999.0 -9999.0 -9999.0 -9999.0 -9999.0 -9999.0 -9999.0 -9999.0 -9999.0 -9999.0 -9999.0 -9999.0 -9999.0 -9999.0 -9999.0 -9999.0 -9999.0 -9999.0 -9999.0 -9999.0 -9999.0 -9999.0 -9999.0 -9999.0 -9999.0 -9999.0 -9999.0 -9999.0 -9999.0 -9999.0 -9999.0 -9999.0 -9999.0 -9999.0 -9999.0 -9999.0 -9999.0 -9999.0 -9999.0 -9999.0 -9999.0 -9999.0 -9999.0 -9999.0 -9999.0 -9999.0 -9999.0 -9999.0 -9999.0 -9999.0 -9999.0 -9999.0 -9999.0 -9999.0 -9999.0 -9999.0 -9999.0 -9999.0 -9999.0 -9999.0 -9999.0 -9999.0 -9999.0 -9999.0 -9999.0 -9999.0 -9999.0 -9999.0 -9999.0 -9999.0 -9999.0 -9999.0 -9999.0 -9999.0 -9999.0 -9999.0 -9999.0 -9999.0 -9999.0 -9999.0 -9999.0 -9999.0 -9999.0
-9999.0 -9999.0 374.843404 277.610771 179.359186 80.702187 -18.116785 -116.999105 -215.902033 -314.792530 -413.637083 -512.372302 -610.861067 -708.837260 -806.864320 -904.793202 -1002.524831 -1100.069905 -1195.617279 -1288.894427 -1378.151011 -1460.508984 -1532.868794 -1593.227565 -1641.246450 -1677.969066 -1705.186777 -1724.871795 -1738.835470 -1748.586423 -1755.308731 -1759.894937 -1762.997880 -1765.083906 -1766.480271 -1767.415635 -1768.058940 -1768.587138 -1769.420504 -1771.979297 -1778.675113 -1766.417189 -1220.980892 -1293.764170 -1265.389251 -1247.184614 -1238.771392 -1237.578123 -1237.453704 -1237.465916 -1237.497662 -1237.531771 -1237.564540 -1237.594879 -1237.623021 -1237.655626 -1237.756679 -1238.450522 -1242.847086 -1252.743728 -1265.807093 -1177.339733 -1736.569658 -1771.887777 -1770.564389 -1769.607583 -1769.396854 -1769.360515 -1769.355152 -1769.354894 -1769.355398 -1769.355919 -1769.356342 -1769.356669 -1769.356922 -1769.357120 -1769.357278 -1769.357408 -1769.357518 -1769.357617 -1769.357715 -1769.357825 -1769.357962 -1769.358150 -1769.358427 -1769.358849 -1769.359512 -1769.360572 -1769.362299 -1769.365169 -1769.370054 -1769.378601 -1769.394011 -1769.422641 -1769.477365 -1769.584970 -1769.803819 -1770.270067 -1771.328241 -1773.935657 -1781.135564 -1804.611609 -9999.0 -9999.0
-9999.0 -9999.0 374.850441 277.612558 179.359667 80.702330 -18.116739 -116.999090 -215.902027 -314.792528 -413.637082 -512.372302 -610.861067 -708.837260 -806.864320 -904.793202 -1002.524831 -1100.069905 -1195.617280 -1288.894427 -1378.151012 -1460.508984 -1532.868794 -1593.227566 -1641.246450 -1677.969067 -1705.186777 -1724.871795 -1738.835470 -1748.586423 -1755.308731 -1759.894937 -1762.997880 -1765.083906 -1766.480271 -1767.415635 -1768.058940 -1768.587138 -1769.420504 -1771.979297 -1778.675113 -1766.417189 -1220.980892 -1293.764170 -1265.389251 -1247.184613 -1238.771392 -1237.578123 -1237.453704 -1237.465916 -1237.497662 -1237.531771 -1237.564540 -1237.594879 -1237.623021 -1237.655626 -1237.756679 -1238.450522 -1242.847086 -1252.743728 -1265.807093 -1177.339733 -1736.569658 -1771.887777 -1770.564389 -1769.607583 -1769.396854 -1769.360515 -1769.355152 -1769.354894 -1769.355398 -1769.355919 -1769.356342 -1769.356669 -1769.356922 -1769.357120 -1769.357278 -1769.357408 -1769.357518 -1769.357617 -1769.357715 -1769.357825 -1769.357962 -1769.358150 -1769.358427 -1769.358849 -1769.359512 -1769.360572 -1769.362299 -1769.365169 -1769.370054 -1769.378601 -1769.394011 -1769.422641 -1769.477365 -1769.584970 -1769.803819 -1770.270067 -1771.328241 -1773.935657 -1781.135564 -1804.611609 -9999.0 -9999.0
-9999.0 -9999.0 374.851886 277.613332 179.359976 80.702444 -18.116699 -116.999075 -215.902022 -314.792526 -413.637081 -512.372302 -610.861067 -708.837260 -806.864320 -904.793202 -1002.524831 -1100.069906 -1195.617280 -1288.894427 -1378.151012 -1460.508984 -1532.868794 -1593.227566 -1641.246450 -1677.969067 -1705.186777 -1724.871795 -1738.835470 -1748.586423 -1755.308731 -1759.894937 -1762.997880 -1765.083906 -1766.480271 -1767.415635 -1768.058940 -1768.587138 -1769.420504 -1771.979297 -1778.675113 -1766.417189 -1220.980892 -1293.764170 -1265.389251 -1247.184613 -1238.771392 -1237.578123 -1237.453704 -1237.465916 -1237.497662 -1237.531771 -1237.564540 -1237.594879 -1237.623021 -1237.655626 -1237.756679 -1238.450522 -1242.847086 -1252.743728 -1265.807093 -1177.339733 -1736.569658 -1771.887777 -1770.564389 -1769.607583 -1769.396854 -1769.360515 -1769.355152 -1769.354894 -1769.355398 -1769.355919 -1769.356342 -1769.356669 -1769.356922 -1769.357120 -1769.357278 -1769.357408 -1769.357518 -1769.357617 -1769.357715 -1769.357825 -1769.357962 -1769.358150 -1769.358427 -1769.358849 -1769.359512 -1769.360572 -1769.362299 -1769.365169 -1769.370054 -1769.378601 -1769.394011 -1769.422641 -1769.477365 -1769.584970 -1769.803819 -1770.270067 -1771.328241 -1773.935657 -1781.135564 -1804.611609 -9999.0 -9999.0
-9999.0 -9999.0 374.851886 277.613331 179.359976 80.702443 -18.116699 -116.999075 -215.902022 -314.792526 -413.637081 -512.372302 -610.861066 -708.837260 -806.864320 -904.793202 -1002.524831 -1100.069906 -1195.617280 -1288.894427 -1378.151012 -1460.508984 -1532.868794 -1593.227566 -1641.246450 -1677.969067 -1705.186777 -1724.871795 -1738.835470 -1748.586423 -1755.308731 -1759.894937 -1762.997880 -1765.083906 -1766.480271 -1767.415635 -1768.058940 -1768.587138 -1769.420504 -1771.979297 -1778.675113 -1766.417189 -1220.980892 -1293.764170 -1265.389251 -1247.184613 -1238.771392 -1237.578123 -1237.453704 -1237.465916 -1237.497662 -1237.531771 -1237.564540 -1237.594879 -1237.623021 -1237.655626 -1237.756679 -1238.450522 -1242.847086 -1252.743728 -1265.807093 -1177.339733 -1736.569658 -1771.887777 -1770.564389 -1769.607583 -1769.396854 -1769.360515 -1769.355152 -1769.354894 -1769.355398 -1769.355919 -1769.356342 -1769.356669 -1769.356922 -1769.357120 -1769.357278 -1769.357408 -1769.357518 -1769.357617 -1769.357715 -1769.357825 -1769.357962 -1769.358150 -1769.358427 -1769.358849 -1769.359512 -1769.360572 -1769.362299 -1769.365169 -1769.370054 -1769.378601 -1769.394011 -1769.422641 -1769.477365 -1769.584970 -1769.803819 -1770.270067 -1771.328241 -1773.935657 -1781.135564 -1804.611609 -9999.0 -9999.0
-9999.0 -9999.0 374.850441 277.612558 179.359667 80.702331 -18.116739 -116.999089 -215.902027 -314.792528 -413.637082 -512.372302 -610.861067 -708.837260 -806.864320 -904.793202 -1002.524831 -1100.069905 -1195.617280 -1288.894427 -1378.151012 -1460.508984 -1532.868794 -1593.227566 -1641.246450 -1677.969067 -1705.186777 -1724.871795 -1738.835470 -1748.586423 -1755.308731 -1759.894937 -1762.997880 -1765.083906 -1766.480271 -1767.415635 -1768.058940 -1768.587138 -1769.420504 -1771.979297 -1778.675113 -1766.417189 -1220.980892 -1293.764170 -1265.389251 -1247.184613 -1238.771392 -1237.578123 -1237.453704 -1237.465916 -1237.497662 -1237.531771 -1237.564540 -1237.594879 -1237.623021 -1237.655626 -1237.756679 -1238.450522 -1242.847086 -1252.743728 -1265.807093 -1177.339733 -1736.569658 -1771.887777 -1770.564389 -1769.607583 -1769.396854 -1769.360515 -1769.355152 -1769.354894 -1769.355398 -1769.355919 -1769.356342 -1769.356669 -1769.356922 -1769.357120 -1769.357278 -1769.357408 -1769.357518 -1769.357617 -1769.357715 -1769.357825 -1769.357962 -1769.358150 -1769.358427 -1769.358849 -1769.359512 -1769.360572 -1769.362299 -1769.365169 -1769.370054 -1769.378601 -1769.394011 -1769.422641 -1769.477365 -1769.584970 -1769.803819 -1770.270067 -1771.328241 -1773.935657 -1781.135564 -1804.611609 -9999.0 -9999.0
-9999.0 -9999.0 374.843404 277.610770 179.359186 80.702187 -18.116785 -116.999105 -215.902032 -314.792530 -413.637083 -512.372302 -610.861067 -708.837260 -806.864320 -904.793202 -1002.524831 -1100.069905 -1195.617279 -1288.894427 -1378.151011 -1460.508984 -1532.868794 -1593.227565 -1641.246450 -1677.969066 -1705.186777 -1724.871795 -1738.835470 -1748.586423 -1755.308731 -1759.894937 -1762.997880 -1765.083906 -1766.480271 -1767.415635 -1768.058940 -1768.587138 -1769.420504 -1771.979297 -1778.675113 -1766.417189 -1220.980892 -1293.764170 -1265.389251 -1247.184614 -1238.771392 -1237.578123 -1237.453704 -1237.465916 -1237.497662 -1237.531771 -1237.564540 -1237.594879 -1237.623021 -1237.655626 -1237.756679 -1238.450522 -1242.847086 -1252.743728 -1265.807093 -1177.339733 -1736.569658 -1771.887777 -1770.564389 -1769.607583 -1769.396854 -1769.360515 -1769.355152 -1769.354894 -1769.355398 -1769.355919 -1769.356342 -1769.356669 -1769.356922 -1769.357120 -1769.357278 -1769.357408 -1769.357518 -1769.357617 -1769.357715 -1769.357825 -1769.357962 -1769.358150 -1769.358427 -1769.358849 -1769.359512 -1769.360572 -1769.362299 -1769.365169 -1769.370054 -1769.378601 -1769.394011 -1769.422641 -1769.477365 -1769.584970 -1769.803819 -1770.270067 -1771.328241 -1773.935657 -1781.135564 -1804.611609 -9999.0 -9999.0
-9999.0 -9999.0 -9999.0 -9999.0 -9999.0 -9999.0 -9999.0 -9999.0 -9999.0 -9999.0 -9999.0 -9999.0 -9999.0 -9999.0 -9999.0 -9999.0 -9999.0 -9999.0 -9999.0 -9999.0 -9999.0 -9999.0 -9999.0 -9999.0 -9999.0 -9999.0 -9999.0 -9999.0 -9999.0 -9999.0 -9999.0 -9999.0 -9999.0 -9999.0 -9999.0 -9999.0 -9999.0 -9999.0 -9999.0 -9999.0 -9999.0 -9999.0 -9999.0 -9999.0 -9999.0 -9999.0 -9999.0 -9999.0 -9999.0 -9999.0 -9999.0 -9999.0 -9999.0 -9999.0 -9999.0 -9999.0 -9999.0 -9999.0 -9999.0 -9999.0 -9999.0 -9999.0 -9999.0 -9999.0 -9999.0 -9999.0 -9999.0 -9999.0 -9999.0 -9999.0 -9999.0 -9999.0 -9999.0 -9999.0 -9999.0 -9999.0 -9999.0 -9999.0 -9999.0 -9999.0 -9999.0 -9999.0 -9999.0 -9999.0 -9999.0 -9999.0 -9999.0 -9999.0 -9999.0 -9999.0 -9999.0 -9999.0 -9999.0 -9999.0 -9999.0 -9999.0 -9999.0 -9999.0 -9999.0 -9999.0 -9999.0 -9999.0 -9999.0 -9999.0
-9999.0 -9999.0 -9999.0 -9999.0 -9999.0 -9999.0 -9999.0 -9999.0 -9999.0 -9999.0 -9999.0 -9999.0 -9999.0 -9999.0 -9999.0 -9999.0 -9999.0 -9999.0 -9999.0 -9999.0 -9999.0 -9999.0 -9999.0 -9999.0 -9999.0 -9999.0 -9999.0 -9999.0 -9999.0 -9999.0 -9999.0 -9999.0 -9999.0 -9999.0 -9999.0 -9999.0 -9999.0 -9999.0 -9999.0 -9999.0 -9999.0 -9999.0 -9999.0 -9999.0 -9999.0 -9999.0 -9999.0 -9999.0 -9999.0 -9999.0 -9999.0 -9999.0 -9999.0 -9999.0 -9999.0 -9999.0 -9999.0 -9999.0 -9999.0 -9999.0 -9999.0 -9999.0 -9999.0 -9999.0 -9999.0 -9999.0 -9999.0 -9999.0 -9999.0 -9999.0 -9999.0 -9999.0 -9999.0 -9999.0 -9999.0 -9999.0 -9999.0 -9999.0 -9999.0 -9999.0 -9999.0 -9999.0 -9999.0 -9999.0 -9999.0 -9999.0 -9999.0 -9999.0 -9999.0 -9999.0 -9999.0 -9999.0 -9999.0 -9999.0 -9999.0 -9999.0 -9999.0 -9999.0 -9999.0 -9999.0 -9999.0 -9999.0 -9999.0 -9999.0