inst/processing_geotop_simulation/geotop_simulation/out/maps3D/PwL0014N0236.asc
ncols         104
nrows         10
xllcorner     -2.000000
yllcorner     0.000000
cellsize      1.000000
NODATA_value  -9999.0
-9999.0 -9999.0 -9999.0 -9999.0 -9999.0 -9999.0 -9999.0 -9999.0 -9999.0 -9999.0 -9999.0 -9999.0 -9999.0 -9999.0 -9999.0 -9999.0 -9999.0 -9999.0 -9999.0 -9999.0 -9999.0 -9999.0 -9999.0 -9999.0 -9999.0 -9999.0 -9999.0 -9999.0 -9999.0 -9999.0 -9999.0 -9999.0 -9999.0 -9999.0 -9999.0 -9999.0 -9999.0 -9999.0 -9999.0 -9999.0 -9999.0 -9999.0 -9999.0 -9999.0 -9999.0 -9999.0 -9999.0 -9999.0 -9999.0 -9999.0 -9999.0 -9999.0 -9999.0 -9999.0 -9999.0 -9999.0 -9999.0 -9999.0 -9999.0 -9999.0 -9999.0 -9999.0 -9999.0 -9999.0 -9999.0 -9999.0 -9999.0 -9999.0 -9999.0 -9999.0 -9999.0 -9999.0 -9999.0 -9999.0 -9999.0 -9999.0 -9999.0 -9999.0 -9999.0 -9999.0 -9999.0 -9999.0 -9999.0 -9999.0 -9999.0 -9999.0 -9999.0 -9999.0 -9999.0 -9999.0 -9999.0 -9999.0 -9999.0 -9999.0 -9999.0 -9999.0 -9999.0 -9999.0 -9999.0 -9999.0 -9999.0 -9999.0 -9999.0 -9999.0
-9999.0 -9999.0 -9999.0 -9999.0 -9999.0 -9999.0 -9999.0 -9999.0 -9999.0 -9999.0 -9999.0 -9999.0 -9999.0 -9999.0 -9999.0 -9999.0 -9999.0 -9999.0 -9999.0 -9999.0 -9999.0 -9999.0 -9999.0 -9999.0 -9999.0 -9999.0 -9999.0 -9999.0 -9999.0 -9999.0 -9999.0 -9999.0 -9999.0 -9999.0 -9999.0 -9999.0 -9999.0 -9999.0 -9999.0 -9999.0 -9999.0 -9999.0 -9999.0 -9999.0 -9999.0 -9999.0 -9999.0 -9999.0 -9999.0 -9999.0 -9999.0 -9999.0 -9999.0 -9999.0 -9999.0 -9999.0 -9999.0 -9999.0 -9999.0 -9999.0 -9999.0 -9999.0 -9999.0 -9999.0 -9999.0 -9999.0 -9999.0 -9999.0 -9999.0 -9999.0 -9999.0 -9999.0 -9999.0 -9999.0 -9999.0 -9999.0 -9999.0 -9999.0 -9999.0 -9999.0 -9999.0 -9999.0 -9999.0 -9999.0 -9999.0 -9999.0 -9999.0 -9999.0 -9999.0 -9999.0 -9999.0 -9999.0 -9999.0 -9999.0 -9999.0 -9999.0 -9999.0 -9999.0 -9999.0 -9999.0 -9999.0 -9999.0 -9999.0 -9999.0
-9999.0 -9999.0 675.762579 579.140268 481.787731 383.944183 285.871289 187.699696 89.494636 -8.706602 -106.879372 -205.009966 -303.048561 -400.889735 -498.344132 -595.144831 -690.839807 -787.061609 -882.821097 -977.978307 -1072.266677 -1158.082350 -1235.468550 -1302.054058 -1356.728067 -1399.731636 -1432.318309 -1456.253185 -1473.387040 -1485.396387 -1493.670949 -1499.294809 -1503.076775 -1505.600114 -1507.274871 -1508.385893 -1509.138082 -1509.725493 -1510.578428 -1513.431184 -1524.973084 -1571.084118 -2000.937581 -4239.804561 -4281.135231 -4279.569497 -4278.117131 -4277.879915 -4277.855378 -4277.857957 -4277.864363 -4277.871208 -4277.877766 -4277.883824 -4277.889415 -4277.895708 -4277.914331 -4278.045498 -4278.884578 -4280.184320 -4209.833266 -1833.239001 -1535.671126 -1517.699856 -1512.125662 -1510.905373 -1510.694643 -1510.661695 -1510.657162 -1510.657175 -1510.657839 -1510.658476 -1510.658986 -1510.659379 -1510.659682 -1510.659919 -1510.660108 -1510.660262 -1510.660393 -1510.660510 -1510.660625 -1510.660753 -1510.660913 -1510.661132 -1510.661455 -1510.661948 -1510.662722 -1510.663959 -1510.665971 -1510.669310 -1510.674977 -1510.684862 -1510.702627 -1510.735529 -1510.798223 -1510.921056 -1511.169709 -1511.696306 -1512.881638 -1515.753577 -1523.403091 -1547.181436 -9999.0 -9999.0
-9999.0 -9999.0 675.767356 579.141814 481.788193 383.944327 285.871336 187.699712 89.494642 -8.706600 -106.879372 -205.009965 -303.048561 -400.889735 -498.344132 -595.144831 -690.839807 -787.061609 -882.821097 -977.978307 -1072.266677 -1158.082350 -1235.468550 -1302.054058 -1356.728067 -1399.731637 -1432.318309 -1456.253186 -1473.387040 -1485.396387 -1493.670949 -1499.294809 -1503.076775 -1505.600114 -1507.274871 -1508.385893 -1509.138082 -1509.725493 -1510.578428 -1513.431184 -1524.973084 -1571.084118 -2000.937581 -4239.804561 -4281.135231 -4279.569497 -4278.117131 -4277.879915 -4277.855378 -4277.857957 -4277.864363 -4277.871208 -4277.877766 -4277.883824 -4277.889415 -4277.895708 -4277.914331 -4278.045498 -4278.884578 -4280.184320 -4209.833266 -1833.239001 -1535.671126 -1517.699856 -1512.125662 -1510.905373 -1510.694643 -1510.661695 -1510.657162 -1510.657175 -1510.657839 -1510.658476 -1510.658986 -1510.659379 -1510.659682 -1510.659919 -1510.660108 -1510.660262 -1510.660393 -1510.660510 -1510.660625 -1510.660753 -1510.660913 -1510.661132 -1510.661455 -1510.661948 -1510.662722 -1510.663959 -1510.665971 -1510.669310 -1510.674977 -1510.684862 -1510.702627 -1510.735529 -1510.798223 -1510.921056 -1511.169709 -1511.696306 -1512.881638 -1515.753577 -1523.403091 -1547.181436 -9999.0 -9999.0
-9999.0 -9999.0 675.768788 579.142563 481.788499 383.944441 285.871377 187.699727 89.494647 -8.706598 -106.879371 -205.009965 -303.048561 -400.889735 -498.344132 -595.144831 -690.839807 -787.061609 -882.821097 -977.978307 -1072.266677 -1158.082350 -1235.468551 -1302.054058 -1356.728068 -1399.731637 -1432.318310 -1456.253186 -1473.387040 -1485.396387 -1493.670949 -1499.294809 -1503.076775 -1505.600114 -1507.274871 -1508.385893 -1509.138082 -1509.725493 -1510.578428 -1513.431184 -1524.973084 -1571.084118 -2000.937581 -4239.804561 -4281.135231 -4279.569497 -4278.117131 -4277.879915 -4277.855378 -4277.857957 -4277.864363 -4277.871208 -4277.877766 -4277.883824 -4277.889415 -4277.895708 -4277.914331 -4278.045498 -4278.884578 -4280.184320 -4209.833266 -1833.239001 -1535.671126 -1517.699856 -1512.125662 -1510.905373 -1510.694643 -1510.661695 -1510.657162 -1510.657175 -1510.657839 -1510.658476 -1510.658986 -1510.659379 -1510.659682 -1510.659919 -1510.660108 -1510.660262 -1510.660393 -1510.660510 -1510.660625 -1510.660753 -1510.660913 -1510.661132 -1510.661455 -1510.661948 -1510.662722 -1510.663959 -1510.665971 -1510.669310 -1510.674977 -1510.684862 -1510.702627 -1510.735529 -1510.798223 -1510.921056 -1511.169709 -1511.696306 -1512.881638 -1515.753577 -1523.403091 -1547.181436 -9999.0 -9999.0
-9999.0 -9999.0 675.768788 579.142563 481.788499 383.944441 285.871377 187.699727 89.494647 -8.706598 -106.879371 -205.009965 -303.048561 -400.889735 -498.344132 -595.144831 -690.839807 -787.061609 -882.821097 -977.978307 -1072.266677 -1158.082350 -1235.468551 -1302.054058 -1356.728068 -1399.731637 -1432.318310 -1456.253186 -1473.387040 -1485.396387 -1493.670949 -1499.294809 -1503.076775 -1505.600114 -1507.274871 -1508.385893 -1509.138082 -1509.725493 -1510.578428 -1513.431184 -1524.973084 -1571.084118 -2000.937581 -4239.804561 -4281.135231 -4279.569497 -4278.117131 -4277.879915 -4277.855378 -4277.857957 -4277.864363 -4277.871208 -4277.877766 -4277.883824 -4277.889415 -4277.895708 -4277.914331 -4278.045498 -4278.884578 -4280.184320 -4209.833266 -1833.239001 -1535.671126 -1517.699856 -1512.125662 -1510.905373 -1510.694643 -1510.661695 -1510.657162 -1510.657175 -1510.657839 -1510.658476 -1510.658986 -1510.659379 -1510.659682 -1510.659919 -1510.660108 -1510.660262 -1510.660393 -1510.660510 -1510.660625 -1510.660753 -1510.660913 -1510.661132 -1510.661455 -1510.661948 -1510.662722 -1510.663959 -1510.665971 -1510.669310 -1510.674977 -1510.684862 -1510.702627 -1510.735529 -1510.798223 -1510.921056 -1511.169709 -1511.696306 -1512.881638 -1515.753577 -1523.403091 -1547.181436 -9999.0 -9999.0
-9999.0 -9999.0 675.767356 579.141814 481.788193 383.944327 285.871336 187.699712 89.494642 -8.706600 -106.879372 -205.009965 -303.048561 -400.889735 -498.344132 -595.144831 -690.839807 -787.061609 -882.821097 -977.978307 -1072.266677 -1158.082350 -1235.468550 -1302.054058 -1356.728067 -1399.731637 -1432.318309 -1456.253186 -1473.387040 -1485.396387 -1493.670949 -1499.294809 -1503.076775 -1505.600114 -1507.274871 -1508.385893 -1509.138082 -1509.725493 -1510.578428 -1513.431184 -1524.973084 -1571.084118 -2000.937581 -4239.804561 -4281.135231 -4279.569497 -4278.117131 -4277.879915 -4277.855378 -4277.857957 -4277.864363 -4277.871208 -4277.877766 -4277.883824 -4277.889415 -4277.895708 -4277.914331 -4278.045498 -4278.884578 -4280.184320 -4209.833266 -1833.239001 -1535.671126 -1517.699856 -1512.125662 -1510.905373 -1510.694643 -1510.661695 -1510.657162 -1510.657175 -1510.657839 -1510.658476 -1510.658986 -1510.659379 -1510.659682 -1510.659919 -1510.660108 -1510.660262 -1510.660393 -1510.660510 -1510.660625 -1510.660753 -1510.660913 -1510.661132 -1510.661455 -1510.661948 -1510.662722 -1510.663959 -1510.665971 -1510.669310 -1510.674977 -1510.684862 -1510.702627 -1510.735529 -1510.798223 -1510.921056 -1511.169709 -1511.696306 -1512.881638 -1515.753577 -1523.403091 -1547.181436 -9999.0 -9999.0
-9999.0 -9999.0 675.762579 579.140268 481.787731 383.944183 285.871289 187.699696 89.494636 -8.706602 -106.879372 -205.009966 -303.048561 -400.889735 -498.344132 -595.144831 -690.839807 -787.061609 -882.821097 -977.978307 -1072.266677 -1158.082350 -1235.468550 -1302.054058 -1356.728067 -1399.731636 -1432.318309 -1456.253185 -1473.387040 -1485.396387 -1493.670949 -1499.294809 -1503.076775 -1505.600114 -1507.274871 -1508.385893 -1509.138082 -1509.725493 -1510.578428 -1513.431184 -1524.973084 -1571.084118 -2000.937581 -4239.804561 -4281.135231 -4279.569497 -4278.117131 -4277.879915 -4277.855378 -4277.857957 -4277.864363 -4277.871208 -4277.877766 -4277.883824 -4277.889415 -4277.895708 -4277.914331 -4278.045498 -4278.884578 -4280.184320 -4209.833266 -1833.239001 -1535.671126 -1517.699856 -1512.125662 -1510.905373 -1510.694643 -1510.661695 -1510.657162 -1510.657175 -1510.657839 -1510.658476 -1510.658986 -1510.659379 -1510.659682 -1510.659919 -1510.660108 -1510.660262 -1510.660393 -1510.660510 -1510.660625 -1510.660753 -1510.660913 -1510.661132 -1510.661455 -1510.661948 -1510.662722 -1510.663959 -1510.665971 -1510.669310 -1510.674977 -1510.684862 -1510.702627 -1510.735529 -1510.798223 -1510.921056 -1511.169709 -1511.696306 -1512.881638 -1515.753577 -1523.403091 -1547.181436 -9999.0 -9999.0
-9999.0 -9999.0 -9999.0 -9999.0 -9999.0 -9999.0 -9999.0 -9999.0 -9999.0 -9999.0 -9999.0 -9999.0 -9999.0 -9999.0 -9999.0 -9999.0 -9999.0 -9999.0 -9999.0 -9999.0 -9999.0 -9999.0 -9999.0 -9999.0 -9999.0 -9999.0 -9999.0 -9999.0 -9999.0 -9999.0 -9999.0 -9999.0 -9999.0 -9999.0 -9999.0 -9999.0 -9999.0 -9999.0 -9999.0 -9999.0 -9999.0 -9999.0 -9999.0 -9999.0 -9999.0 -9999.0 -9999.0 -9999.0 -9999.0 -9999.0 -9999.0 -9999.0 -9999.0 -9999.0 -9999.0 -9999.0 -9999.0 -9999.0 -9999.0 -9999.0 -9999.0 -9999.0 -9999.0 -9999.0 -9999.0 -9999.0 -9999.0 -9999.0 -9999.0 -9999.0 -9999.0 -9999.0 -9999.0 -9999.0 -9999.0 -9999.0 -9999.0 -9999.0 -9999.0 -9999.0 -9999.0 -9999.0 -9999.0 -9999.0 -9999.0 -9999.0 -9999.0 -9999.0 -9999.0 -9999.0 -9999.0 -9999.0 -9999.0 -9999.0 -9999.0 -9999.0 -9999.0 -9999.0 -9999.0 -9999.0 -9999.0 -9999.0 -9999.0 -9999.0
-9999.0 -9999.0 -9999.0 -9999.0 -9999.0 -9999.0 -9999.0 -9999.0 -9999.0 -9999.0 -9999.0 -9999.0 -9999.0 -9999.0 -9999.0 -9999.0 -9999.0 -9999.0 -9999.0 -9999.0 -9999.0 -9999.0 -9999.0 -9999.0 -9999.0 -9999.0 -9999.0 -9999.0 -9999.0 -9999.0 -9999.0 -9999.0 -9999.0 -9999.0 -9999.0 -9999.0 -9999.0 -9999.0 -9999.0 -9999.0 -9999.0 -9999.0 -9999.0 -9999.0 -9999.0 -9999.0 -9999.0 -9999.0 -9999.0 -9999.0 -9999.0 -9999.0 -9999.0 -9999.0 -9999.0 -9999.0 -9999.0 -9999.0 -9999.0 -9999.0 -9999.0 -9999.0 -9999.0 -9999.0 -9999.0 -9999.0 -9999.0 -9999.0 -9999.0 -9999.0 -9999.0 -9999.0 -9999.0 -9999.0 -9999.0 -9999.0 -9999.0 -9999.0 -9999.0 -9999.0 -9999.0 -9999.0 -9999.0 -9999.0 -9999.0 -9999.0 -9999.0 -9999.0 -9999.0 -9999.0 -9999.0 -9999.0 -9999.0 -9999.0 -9999.0 -9999.0 -9999.0 -9999.0 -9999.0 -9999.0 -9999.0 -9999.0 -9999.0 -9999.0