inst/processing_geotop_simulation/geotop_simulation/out/maps3D/PwL0015N0202.asc
ncols         104
nrows         10
xllcorner     -2.000000
yllcorner     0.000000
cellsize      1.000000
NODATA_value  -9999.0
-9999.0 -9999.0 -9999.0 -9999.0 -9999.0 -9999.0 -9999.0 -9999.0 -9999.0 -9999.0 -9999.0 -9999.0 -9999.0 -9999.0 -9999.0 -9999.0 -9999.0 -9999.0 -9999.0 -9999.0 -9999.0 -9999.0 -9999.0 -9999.0 -9999.0 -9999.0 -9999.0 -9999.0 -9999.0 -9999.0 -9999.0 -9999.0 -9999.0 -9999.0 -9999.0 -9999.0 -9999.0 -9999.0 -9999.0 -9999.0 -9999.0 -9999.0 -9999.0 -9999.0 -9999.0 -9999.0 -9999.0 -9999.0 -9999.0 -9999.0 -9999.0 -9999.0 -9999.0 -9999.0 -9999.0 -9999.0 -9999.0 -9999.0 -9999.0 -9999.0 -9999.0 -9999.0 -9999.0 -9999.0 -9999.0 -9999.0 -9999.0 -9999.0 -9999.0 -9999.0 -9999.0 -9999.0 -9999.0 -9999.0 -9999.0 -9999.0 -9999.0 -9999.0 -9999.0 -9999.0 -9999.0 -9999.0 -9999.0 -9999.0 -9999.0 -9999.0 -9999.0 -9999.0 -9999.0 -9999.0 -9999.0 -9999.0 -9999.0 -9999.0 -9999.0 -9999.0 -9999.0 -9999.0 -9999.0 -9999.0 -9999.0 -9999.0 -9999.0 -9999.0
-9999.0 -9999.0 -9999.0 -9999.0 -9999.0 -9999.0 -9999.0 -9999.0 -9999.0 -9999.0 -9999.0 -9999.0 -9999.0 -9999.0 -9999.0 -9999.0 -9999.0 -9999.0 -9999.0 -9999.0 -9999.0 -9999.0 -9999.0 -9999.0 -9999.0 -9999.0 -9999.0 -9999.0 -9999.0 -9999.0 -9999.0 -9999.0 -9999.0 -9999.0 -9999.0 -9999.0 -9999.0 -9999.0 -9999.0 -9999.0 -9999.0 -9999.0 -9999.0 -9999.0 -9999.0 -9999.0 -9999.0 -9999.0 -9999.0 -9999.0 -9999.0 -9999.0 -9999.0 -9999.0 -9999.0 -9999.0 -9999.0 -9999.0 -9999.0 -9999.0 -9999.0 -9999.0 -9999.0 -9999.0 -9999.0 -9999.0 -9999.0 -9999.0 -9999.0 -9999.0 -9999.0 -9999.0 -9999.0 -9999.0 -9999.0 -9999.0 -9999.0 -9999.0 -9999.0 -9999.0 -9999.0 -9999.0 -9999.0 -9999.0 -9999.0 -9999.0 -9999.0 -9999.0 -9999.0 -9999.0 -9999.0 -9999.0 -9999.0 -9999.0 -9999.0 -9999.0 -9999.0 -9999.0 -9999.0 -9999.0 -9999.0 -9999.0 -9999.0 -9999.0
-9999.0 -9999.0 728.134366 632.455653 535.953170 438.833452 341.417111 243.871551 146.281627 48.691443 -48.863425 -146.367328 -243.779535 -340.998339 -437.834137 -534.000826 -629.028855 -723.506566 -818.223582 -912.124990 -1004.859312 -1092.118923 -1167.784749 -1232.145561 -1284.299460 -1324.736643 -1354.922341 -1376.755061 -1392.140151 -1402.751249 -1409.942533 -1414.748452 -1417.925875 -1420.010301 -1421.371007 -1422.259787 -1422.854808 -1423.322564 -1424.046170 -1426.745385 -1439.138653 -1500.343071 -2028.067985 -4200.886176 -4232.671007 -4232.672460 -4232.672002 -4232.671928 -4232.671921 -4232.671922 -4232.671924 -4232.671926 -4232.671928 -4232.671929 -4232.671931 -4232.671932 -4232.671937 -4232.671976 -4232.672235 -4232.668766 -4180.446793 -1901.981745 -1465.417971 -1432.270893 -1425.504591 -1424.272153 -1424.077675 -1424.048389 -1424.044531 -1424.044753 -1424.045541 -1424.046268 -1424.046844 -1424.047285 -1424.047625 -1424.047890 -1424.048101 -1424.048272 -1424.048416 -1424.048544 -1424.048670 -1424.048810 -1424.048985 -1424.049226 -1424.049582 -1424.050127 -1424.050983 -1424.052353 -1424.054580 -1424.058270 -1424.064522 -1424.075401 -1424.094900 -1424.130914 -1424.199334 -1424.332864 -1424.601591 -1425.166136 -1426.425137 -1429.441195 -1437.320522 -1461.166498 -9999.0 -9999.0
-9999.0 -9999.0 728.138944 632.457185 535.953636 438.833598 341.417159 243.871567 146.281633 48.691445 -48.863424 -146.367328 -243.779535 -340.998339 -437.834137 -534.000826 -629.028855 -723.506566 -818.223583 -912.124990 -1004.859312 -1092.118923 -1167.784749 -1232.145561 -1284.299460 -1324.736643 -1354.922341 -1376.755061 -1392.140151 -1402.751249 -1409.942533 -1414.748452 -1417.925875 -1420.010301 -1421.371007 -1422.259787 -1422.854808 -1423.322564 -1424.046170 -1426.745385 -1439.138653 -1500.343071 -2028.067985 -4200.886176 -4232.671007 -4232.672460 -4232.672002 -4232.671928 -4232.671921 -4232.671922 -4232.671924 -4232.671926 -4232.671928 -4232.671929 -4232.671931 -4232.671932 -4232.671937 -4232.671976 -4232.672235 -4232.668766 -4180.446793 -1901.981745 -1465.417971 -1432.270893 -1425.504591 -1424.272153 -1424.077675 -1424.048389 -1424.044531 -1424.044753 -1424.045541 -1424.046268 -1424.046844 -1424.047285 -1424.047625 -1424.047890 -1424.048101 -1424.048272 -1424.048416 -1424.048544 -1424.048670 -1424.048810 -1424.048985 -1424.049226 -1424.049582 -1424.050127 -1424.050983 -1424.052353 -1424.054580 -1424.058270 -1424.064522 -1424.075401 -1424.094900 -1424.130914 -1424.199334 -1424.332864 -1424.601591 -1425.166136 -1426.425137 -1429.441195 -1437.320522 -1461.166498 -9999.0 -9999.0
-9999.0 -9999.0 728.140386 632.457943 535.953947 438.833715 341.417202 243.871582 146.281639 48.691447 -48.863424 -146.367328 -243.779535 -340.998339 -437.834137 -534.000826 -629.028855 -723.506566 -818.223583 -912.124990 -1004.859312 -1092.118923 -1167.784749 -1232.145562 -1284.299460 -1324.736644 -1354.922341 -1376.755061 -1392.140151 -1402.751249 -1409.942533 -1414.748452 -1417.925875 -1420.010301 -1421.371007 -1422.259787 -1422.854808 -1423.322564 -1424.046170 -1426.745385 -1439.138653 -1500.343071 -2028.067985 -4200.886176 -4232.671007 -4232.672460 -4232.672002 -4232.671928 -4232.671921 -4232.671922 -4232.671924 -4232.671926 -4232.671928 -4232.671929 -4232.671931 -4232.671932 -4232.671937 -4232.671976 -4232.672235 -4232.668766 -4180.446793 -1901.981745 -1465.417971 -1432.270893 -1425.504591 -1424.272153 -1424.077675 -1424.048389 -1424.044531 -1424.044753 -1424.045541 -1424.046268 -1424.046844 -1424.047285 -1424.047625 -1424.047890 -1424.048101 -1424.048272 -1424.048416 -1424.048544 -1424.048670 -1424.048810 -1424.048985 -1424.049226 -1424.049582 -1424.050127 -1424.050983 -1424.052353 -1424.054580 -1424.058270 -1424.064522 -1424.075401 -1424.094900 -1424.130914 -1424.199334 -1424.332864 -1424.601591 -1425.166136 -1426.425137 -1429.441195 -1437.320522 -1461.166498 -9999.0 -9999.0
-9999.0 -9999.0 728.140386 632.457943 535.953947 438.833715 341.417202 243.871582 146.281639 48.691447 -48.863424 -146.367328 -243.779535 -340.998339 -437.834137 -534.000826 -629.028855 -723.506566 -818.223583 -912.124990 -1004.859312 -1092.118923 -1167.784749 -1232.145562 -1284.299460 -1324.736644 -1354.922341 -1376.755061 -1392.140151 -1402.751249 -1409.942533 -1414.748452 -1417.925875 -1420.010301 -1421.371007 -1422.259787 -1422.854808 -1423.322564 -1424.046170 -1426.745385 -1439.138653 -1500.343071 -2028.067985 -4200.886176 -4232.671007 -4232.672460 -4232.672002 -4232.671928 -4232.671921 -4232.671922 -4232.671924 -4232.671926 -4232.671928 -4232.671929 -4232.671931 -4232.671932 -4232.671937 -4232.671976 -4232.672235 -4232.668766 -4180.446793 -1901.981745 -1465.417971 -1432.270893 -1425.504591 -1424.272153 -1424.077675 -1424.048389 -1424.044531 -1424.044753 -1424.045541 -1424.046268 -1424.046844 -1424.047285 -1424.047625 -1424.047890 -1424.048101 -1424.048272 -1424.048416 -1424.048544 -1424.048670 -1424.048810 -1424.048985 -1424.049226 -1424.049582 -1424.050127 -1424.050983 -1424.052353 -1424.054580 -1424.058270 -1424.064522 -1424.075401 -1424.094900 -1424.130914 -1424.199334 -1424.332864 -1424.601591 -1425.166136 -1426.425137 -1429.441195 -1437.320522 -1461.166498 -9999.0 -9999.0
-9999.0 -9999.0 728.138944 632.457185 535.953636 438.833598 341.417159 243.871567 146.281633 48.691445 -48.863424 -146.367328 -243.779535 -340.998339 -437.834137 -534.000826 -629.028855 -723.506566 -818.223583 -912.124990 -1004.859312 -1092.118923 -1167.784749 -1232.145561 -1284.299460 -1324.736643 -1354.922341 -1376.755061 -1392.140151 -1402.751249 -1409.942533 -1414.748452 -1417.925875 -1420.010301 -1421.371007 -1422.259787 -1422.854808 -1423.322564 -1424.046170 -1426.745385 -1439.138653 -1500.343071 -2028.067985 -4200.886176 -4232.671007 -4232.672460 -4232.672002 -4232.671928 -4232.671921 -4232.671922 -4232.671924 -4232.671926 -4232.671928 -4232.671929 -4232.671931 -4232.671932 -4232.671937 -4232.671976 -4232.672235 -4232.668766 -4180.446793 -1901.981745 -1465.417971 -1432.270893 -1425.504591 -1424.272153 -1424.077675 -1424.048389 -1424.044531 -1424.044753 -1424.045541 -1424.046268 -1424.046844 -1424.047285 -1424.047625 -1424.047890 -1424.048101 -1424.048272 -1424.048416 -1424.048544 -1424.048670 -1424.048810 -1424.048985 -1424.049226 -1424.049582 -1424.050127 -1424.050983 -1424.052353 -1424.054580 -1424.058270 -1424.064522 -1424.075401 -1424.094900 -1424.130914 -1424.199334 -1424.332864 -1424.601591 -1425.166136 -1426.425137 -1429.441195 -1437.320522 -1461.166498 -9999.0 -9999.0
-9999.0 -9999.0 728.134366 632.455653 535.953170 438.833452 341.417111 243.871551 146.281627 48.691443 -48.863425 -146.367328 -243.779535 -340.998339 -437.834137 -534.000826 -629.028855 -723.506565 -818.223582 -912.124990 -1004.859312 -1092.118923 -1167.784749 -1232.145561 -1284.299460 -1324.736643 -1354.922341 -1376.755061 -1392.140151 -1402.751249 -1409.942533 -1414.748452 -1417.925875 -1420.010301 -1421.371007 -1422.259787 -1422.854808 -1423.322564 -1424.046170 -1426.745385 -1439.138653 -1500.343071 -2028.067985 -4200.886176 -4232.671007 -4232.672460 -4232.672002 -4232.671928 -4232.671921 -4232.671922 -4232.671924 -4232.671926 -4232.671928 -4232.671929 -4232.671931 -4232.671932 -4232.671937 -4232.671976 -4232.672235 -4232.668766 -4180.446793 -1901.981745 -1465.417971 -1432.270893 -1425.504591 -1424.272153 -1424.077675 -1424.048389 -1424.044531 -1424.044753 -1424.045541 -1424.046268 -1424.046844 -1424.047285 -1424.047625 -1424.047890 -1424.048101 -1424.048272 -1424.048416 -1424.048544 -1424.048670 -1424.048810 -1424.048985 -1424.049226 -1424.049582 -1424.050127 -1424.050983 -1424.052353 -1424.054580 -1424.058270 -1424.064522 -1424.075401 -1424.094900 -1424.130914 -1424.199334 -1424.332864 -1424.601591 -1425.166136 -1426.425137 -1429.441195 -1437.320522 -1461.166498 -9999.0 -9999.0
-9999.0 -9999.0 -9999.0 -9999.0 -9999.0 -9999.0 -9999.0 -9999.0 -9999.0 -9999.0 -9999.0 -9999.0 -9999.0 -9999.0 -9999.0 -9999.0 -9999.0 -9999.0 -9999.0 -9999.0 -9999.0 -9999.0 -9999.0 -9999.0 -9999.0 -9999.0 -9999.0 -9999.0 -9999.0 -9999.0 -9999.0 -9999.0 -9999.0 -9999.0 -9999.0 -9999.0 -9999.0 -9999.0 -9999.0 -9999.0 -9999.0 -9999.0 -9999.0 -9999.0 -9999.0 -9999.0 -9999.0 -9999.0 -9999.0 -9999.0 -9999.0 -9999.0 -9999.0 -9999.0 -9999.0 -9999.0 -9999.0 -9999.0 -9999.0 -9999.0 -9999.0 -9999.0 -9999.0 -9999.0 -9999.0 -9999.0 -9999.0 -9999.0 -9999.0 -9999.0 -9999.0 -9999.0 -9999.0 -9999.0 -9999.0 -9999.0 -9999.0 -9999.0 -9999.0 -9999.0 -9999.0 -9999.0 -9999.0 -9999.0 -9999.0 -9999.0 -9999.0 -9999.0 -9999.0 -9999.0 -9999.0 -9999.0 -9999.0 -9999.0 -9999.0 -9999.0 -9999.0 -9999.0 -9999.0 -9999.0 -9999.0 -9999.0 -9999.0 -9999.0
-9999.0 -9999.0 -9999.0 -9999.0 -9999.0 -9999.0 -9999.0 -9999.0 -9999.0 -9999.0 -9999.0 -9999.0 -9999.0 -9999.0 -9999.0 -9999.0 -9999.0 -9999.0 -9999.0 -9999.0 -9999.0 -9999.0 -9999.0 -9999.0 -9999.0 -9999.0 -9999.0 -9999.0 -9999.0 -9999.0 -9999.0 -9999.0 -9999.0 -9999.0 -9999.0 -9999.0 -9999.0 -9999.0 -9999.0 -9999.0 -9999.0 -9999.0 -9999.0 -9999.0 -9999.0 -9999.0 -9999.0 -9999.0 -9999.0 -9999.0 -9999.0 -9999.0 -9999.0 -9999.0 -9999.0 -9999.0 -9999.0 -9999.0 -9999.0 -9999.0 -9999.0 -9999.0 -9999.0 -9999.0 -9999.0 -9999.0 -9999.0 -9999.0 -9999.0 -9999.0 -9999.0 -9999.0 -9999.0 -9999.0 -9999.0 -9999.0 -9999.0 -9999.0 -9999.0 -9999.0 -9999.0 -9999.0 -9999.0 -9999.0 -9999.0 -9999.0 -9999.0 -9999.0 -9999.0 -9999.0 -9999.0 -9999.0 -9999.0 -9999.0 -9999.0 -9999.0 -9999.0 -9999.0 -9999.0 -9999.0 -9999.0 -9999.0 -9999.0 -9999.0