inst/processing_geotop_simulation/geotop_simulation/out/maps3D/PwL0004N0122.asc
ncols         104
nrows         10
xllcorner     -2.000000
yllcorner     0.000000
cellsize      1.000000
NODATA_value  -9999.0
-9999.0 -9999.0 -9999.0 -9999.0 -9999.0 -9999.0 -9999.0 -9999.0 -9999.0 -9999.0 -9999.0 -9999.0 -9999.0 -9999.0 -9999.0 -9999.0 -9999.0 -9999.0 -9999.0 -9999.0 -9999.0 -9999.0 -9999.0 -9999.0 -9999.0 -9999.0 -9999.0 -9999.0 -9999.0 -9999.0 -9999.0 -9999.0 -9999.0 -9999.0 -9999.0 -9999.0 -9999.0 -9999.0 -9999.0 -9999.0 -9999.0 -9999.0 -9999.0 -9999.0 -9999.0 -9999.0 -9999.0 -9999.0 -9999.0 -9999.0 -9999.0 -9999.0 -9999.0 -9999.0 -9999.0 -9999.0 -9999.0 -9999.0 -9999.0 -9999.0 -9999.0 -9999.0 -9999.0 -9999.0 -9999.0 -9999.0 -9999.0 -9999.0 -9999.0 -9999.0 -9999.0 -9999.0 -9999.0 -9999.0 -9999.0 -9999.0 -9999.0 -9999.0 -9999.0 -9999.0 -9999.0 -9999.0 -9999.0 -9999.0 -9999.0 -9999.0 -9999.0 -9999.0 -9999.0 -9999.0 -9999.0 -9999.0 -9999.0 -9999.0 -9999.0 -9999.0 -9999.0 -9999.0 -9999.0 -9999.0 -9999.0 -9999.0 -9999.0 -9999.0
-9999.0 -9999.0 -9999.0 -9999.0 -9999.0 -9999.0 -9999.0 -9999.0 -9999.0 -9999.0 -9999.0 -9999.0 -9999.0 -9999.0 -9999.0 -9999.0 -9999.0 -9999.0 -9999.0 -9999.0 -9999.0 -9999.0 -9999.0 -9999.0 -9999.0 -9999.0 -9999.0 -9999.0 -9999.0 -9999.0 -9999.0 -9999.0 -9999.0 -9999.0 -9999.0 -9999.0 -9999.0 -9999.0 -9999.0 -9999.0 -9999.0 -9999.0 -9999.0 -9999.0 -9999.0 -9999.0 -9999.0 -9999.0 -9999.0 -9999.0 -9999.0 -9999.0 -9999.0 -9999.0 -9999.0 -9999.0 -9999.0 -9999.0 -9999.0 -9999.0 -9999.0 -9999.0 -9999.0 -9999.0 -9999.0 -9999.0 -9999.0 -9999.0 -9999.0 -9999.0 -9999.0 -9999.0 -9999.0 -9999.0 -9999.0 -9999.0 -9999.0 -9999.0 -9999.0 -9999.0 -9999.0 -9999.0 -9999.0 -9999.0 -9999.0 -9999.0 -9999.0 -9999.0 -9999.0 -9999.0 -9999.0 -9999.0 -9999.0 -9999.0 -9999.0 -9999.0 -9999.0 -9999.0 -9999.0 -9999.0 -9999.0 -9999.0 -9999.0 -9999.0
-9999.0 -9999.0 186.346522 102.233318 10.744731 -82.857440 -177.278122 -272.022719 -366.835094 -461.558829 -556.064652 -650.423816 -746.398924 -846.895774 -948.547786 -1046.198823 -1145.552472 -1247.913722 -1333.402439 -1388.004621 -1416.307843 -1430.096906 -1436.421089 -1439.482391 -1441.423683 -1443.146758 -1444.893934 -1446.616385 -1448.192987 -1449.534656 -1450.609670 -1451.431037 -1452.035712 -1452.467647 -1452.768146 -1452.973576 -1453.121449 -1453.262763 -1453.503853 -1454.606080 -1461.631741 -1483.750116 -975.172114 -979.826360 -963.859557 -953.990733 -949.387131 -948.755031 -948.691583 -948.702333 -948.724400 -948.747866 -948.770387 -948.791223 -948.810407 -948.831277 -948.886847 -949.257325 -951.681116 -957.191500 -966.101009 -950.526733 -1463.939033 -1458.331370 -1454.245274 -1453.596220 -1453.495060 -1453.478142 -1453.476615 -1453.477933 -1453.479496 -1453.480796 -1453.481793 -1453.482547 -1453.483121 -1453.483566 -1453.483916 -1453.484199 -1453.484433 -1453.484639 -1453.484838 -1453.485057 -1453.485330 -1453.485707 -1453.486264 -1453.487117 -1453.488457 -1453.490593 -1453.494048 -1453.499725 -1453.509236 -1453.525567 -1453.554418 -1453.606952 -1453.705339 -1453.893889 -1454.261830 -1454.993809 -1456.497400 -1459.761144 -1467.474828 -1489.179249 -9999.0 -9999.0
-9999.0 -9999.0 186.357707 102.235643 10.745325 -82.857267 -177.278067 -272.022701 -366.835088 -461.558827 -556.064651 -650.423816 -746.398924 -846.895775 -948.547786 -1046.198823 -1145.552472 -1247.913722 -1333.402439 -1388.004621 -1416.307843 -1430.096906 -1436.421089 -1439.482391 -1441.423683 -1443.146758 -1444.893934 -1446.616385 -1448.192987 -1449.534656 -1450.609670 -1451.431037 -1452.035712 -1452.467647 -1452.768146 -1452.973576 -1453.121449 -1453.262763 -1453.503853 -1454.606080 -1461.631741 -1483.750116 -975.172114 -979.826360 -963.859557 -953.990733 -949.387131 -948.755031 -948.691583 -948.702333 -948.724400 -948.747866 -948.770387 -948.791223 -948.810407 -948.831277 -948.886847 -949.257325 -951.681116 -957.191500 -966.101009 -950.526733 -1463.939033 -1458.331370 -1454.245274 -1453.596220 -1453.495060 -1453.478142 -1453.476615 -1453.477933 -1453.479496 -1453.480796 -1453.481793 -1453.482547 -1453.483121 -1453.483566 -1453.483916 -1453.484199 -1453.484433 -1453.484639 -1453.484838 -1453.485057 -1453.485330 -1453.485707 -1453.486264 -1453.487117 -1453.488457 -1453.490593 -1453.494048 -1453.499725 -1453.509236 -1453.525567 -1453.554418 -1453.606952 -1453.705339 -1453.893889 -1454.261830 -1454.993809 -1456.497400 -1459.761144 -1467.474828 -1489.179249 -9999.0 -9999.0
-9999.0 -9999.0 186.359284 102.236583 10.745699 -82.857132 -177.278019 -272.022684 -366.835082 -461.558825 -556.064650 -650.423816 -746.398923 -846.895774 -948.547786 -1046.198823 -1145.552472 -1247.913722 -1333.402439 -1388.004621 -1416.307843 -1430.096906 -1436.421089 -1439.482391 -1441.423683 -1443.146758 -1444.893934 -1446.616385 -1448.192987 -1449.534656 -1450.609670 -1451.431037 -1452.035712 -1452.467647 -1452.768146 -1452.973576 -1453.121449 -1453.262763 -1453.503853 -1454.606080 -1461.631741 -1483.750116 -975.172114 -979.826360 -963.859557 -953.990733 -949.387131 -948.755031 -948.691583 -948.702333 -948.724400 -948.747866 -948.770387 -948.791223 -948.810407 -948.831277 -948.886847 -949.257325 -951.681116 -957.191500 -966.101009 -950.526733 -1463.939033 -1458.331370 -1454.245274 -1453.596220 -1453.495060 -1453.478142 -1453.476615 -1453.477933 -1453.479496 -1453.480796 -1453.481793 -1453.482547 -1453.483121 -1453.483566 -1453.483916 -1453.484199 -1453.484433 -1453.484639 -1453.484838 -1453.485057 -1453.485330 -1453.485707 -1453.486264 -1453.487117 -1453.488457 -1453.490593 -1453.494048 -1453.499725 -1453.509236 -1453.525567 -1453.554418 -1453.606952 -1453.705339 -1453.893889 -1454.261830 -1454.993809 -1456.497400 -1459.761144 -1467.474828 -1489.179249 -9999.0 -9999.0
-9999.0 -9999.0 186.359284 102.236583 10.745699 -82.857132 -177.278019 -272.022684 -366.835082 -461.558825 -556.064650 -650.423816 -746.398923 -846.895775 -948.547786 -1046.198823 -1145.552472 -1247.913722 -1333.402439 -1388.004621 -1416.307843 -1430.096906 -1436.421089 -1439.482391 -1441.423683 -1443.146758 -1444.893934 -1446.616385 -1448.192987 -1449.534656 -1450.609670 -1451.431037 -1452.035712 -1452.467647 -1452.768146 -1452.973576 -1453.121449 -1453.262763 -1453.503853 -1454.606080 -1461.631741 -1483.750116 -975.172114 -979.826360 -963.859557 -953.990733 -949.387131 -948.755031 -948.691583 -948.702333 -948.724400 -948.747866 -948.770387 -948.791223 -948.810407 -948.831277 -948.886847 -949.257325 -951.681116 -957.191500 -966.101009 -950.526733 -1463.939033 -1458.331370 -1454.245274 -1453.596220 -1453.495060 -1453.478142 -1453.476615 -1453.477933 -1453.479496 -1453.480796 -1453.481793 -1453.482547 -1453.483121 -1453.483566 -1453.483916 -1453.484199 -1453.484433 -1453.484639 -1453.484838 -1453.485057 -1453.485330 -1453.485707 -1453.486264 -1453.487117 -1453.488457 -1453.490593 -1453.494048 -1453.499725 -1453.509236 -1453.525567 -1453.554418 -1453.606952 -1453.705339 -1453.893889 -1454.261830 -1454.993809 -1456.497400 -1459.761144 -1467.474828 -1489.179249 -9999.0 -9999.0
-9999.0 -9999.0 186.357707 102.235644 10.745325 -82.857267 -177.278067 -272.022701 -366.835088 -461.558827 -556.064651 -650.423816 -746.398924 -846.895775 -948.547786 -1046.198823 -1145.552472 -1247.913722 -1333.402439 -1388.004621 -1416.307843 -1430.096906 -1436.421089 -1439.482391 -1441.423683 -1443.146758 -1444.893934 -1446.616385 -1448.192987 -1449.534656 -1450.609670 -1451.431037 -1452.035712 -1452.467647 -1452.768146 -1452.973576 -1453.121449 -1453.262763 -1453.503853 -1454.606080 -1461.631741 -1483.750116 -975.172114 -979.826360 -963.859557 -953.990733 -949.387131 -948.755031 -948.691583 -948.702333 -948.724400 -948.747866 -948.770387 -948.791223 -948.810407 -948.831277 -948.886847 -949.257325 -951.681116 -957.191500 -966.101009 -950.526733 -1463.939033 -1458.331370 -1454.245274 -1453.596220 -1453.495060 -1453.478142 -1453.476615 -1453.477933 -1453.479496 -1453.480796 -1453.481793 -1453.482547 -1453.483121 -1453.483566 -1453.483916 -1453.484199 -1453.484433 -1453.484639 -1453.484838 -1453.485057 -1453.485330 -1453.485707 -1453.486264 -1453.487117 -1453.488457 -1453.490593 -1453.494048 -1453.499725 -1453.509236 -1453.525567 -1453.554418 -1453.606952 -1453.705339 -1453.893889 -1454.261830 -1454.993809 -1456.497400 -1459.761144 -1467.474828 -1489.179249 -9999.0 -9999.0
-9999.0 -9999.0 186.346522 102.233318 10.744731 -82.857440 -177.278122 -272.022719 -366.835094 -461.558829 -556.064652 -650.423816 -746.398924 -846.895775 -948.547786 -1046.198823 -1145.552472 -1247.913722 -1333.402439 -1388.004621 -1416.307843 -1430.096906 -1436.421089 -1439.482391 -1441.423683 -1443.146758 -1444.893934 -1446.616385 -1448.192987 -1449.534656 -1450.609670 -1451.431037 -1452.035712 -1452.467647 -1452.768146 -1452.973576 -1453.121449 -1453.262763 -1453.503853 -1454.606080 -1461.631741 -1483.750116 -975.172114 -979.826360 -963.859557 -953.990733 -949.387131 -948.755031 -948.691583 -948.702333 -948.724400 -948.747866 -948.770387 -948.791223 -948.810407 -948.831277 -948.886847 -949.257325 -951.681116 -957.191500 -966.101009 -950.526733 -1463.939033 -1458.331370 -1454.245274 -1453.596220 -1453.495060 -1453.478142 -1453.476615 -1453.477933 -1453.479496 -1453.480796 -1453.481793 -1453.482547 -1453.483121 -1453.483566 -1453.483916 -1453.484199 -1453.484433 -1453.484639 -1453.484838 -1453.485057 -1453.485330 -1453.485707 -1453.486264 -1453.487117 -1453.488457 -1453.490593 -1453.494048 -1453.499725 -1453.509236 -1453.525567 -1453.554418 -1453.606952 -1453.705339 -1453.893889 -1454.261830 -1454.993809 -1456.497400 -1459.761144 -1467.474828 -1489.179249 -9999.0 -9999.0
-9999.0 -9999.0 -9999.0 -9999.0 -9999.0 -9999.0 -9999.0 -9999.0 -9999.0 -9999.0 -9999.0 -9999.0 -9999.0 -9999.0 -9999.0 -9999.0 -9999.0 -9999.0 -9999.0 -9999.0 -9999.0 -9999.0 -9999.0 -9999.0 -9999.0 -9999.0 -9999.0 -9999.0 -9999.0 -9999.0 -9999.0 -9999.0 -9999.0 -9999.0 -9999.0 -9999.0 -9999.0 -9999.0 -9999.0 -9999.0 -9999.0 -9999.0 -9999.0 -9999.0 -9999.0 -9999.0 -9999.0 -9999.0 -9999.0 -9999.0 -9999.0 -9999.0 -9999.0 -9999.0 -9999.0 -9999.0 -9999.0 -9999.0 -9999.0 -9999.0 -9999.0 -9999.0 -9999.0 -9999.0 -9999.0 -9999.0 -9999.0 -9999.0 -9999.0 -9999.0 -9999.0 -9999.0 -9999.0 -9999.0 -9999.0 -9999.0 -9999.0 -9999.0 -9999.0 -9999.0 -9999.0 -9999.0 -9999.0 -9999.0 -9999.0 -9999.0 -9999.0 -9999.0 -9999.0 -9999.0 -9999.0 -9999.0 -9999.0 -9999.0 -9999.0 -9999.0 -9999.0 -9999.0 -9999.0 -9999.0 -9999.0 -9999.0 -9999.0 -9999.0
-9999.0 -9999.0 -9999.0 -9999.0 -9999.0 -9999.0 -9999.0 -9999.0 -9999.0 -9999.0 -9999.0 -9999.0 -9999.0 -9999.0 -9999.0 -9999.0 -9999.0 -9999.0 -9999.0 -9999.0 -9999.0 -9999.0 -9999.0 -9999.0 -9999.0 -9999.0 -9999.0 -9999.0 -9999.0 -9999.0 -9999.0 -9999.0 -9999.0 -9999.0 -9999.0 -9999.0 -9999.0 -9999.0 -9999.0 -9999.0 -9999.0 -9999.0 -9999.0 -9999.0 -9999.0 -9999.0 -9999.0 -9999.0 -9999.0 -9999.0 -9999.0 -9999.0 -9999.0 -9999.0 -9999.0 -9999.0 -9999.0 -9999.0 -9999.0 -9999.0 -9999.0 -9999.0 -9999.0 -9999.0 -9999.0 -9999.0 -9999.0 -9999.0 -9999.0 -9999.0 -9999.0 -9999.0 -9999.0 -9999.0 -9999.0 -9999.0 -9999.0 -9999.0 -9999.0 -9999.0 -9999.0 -9999.0 -9999.0 -9999.0 -9999.0 -9999.0 -9999.0 -9999.0 -9999.0 -9999.0 -9999.0 -9999.0 -9999.0 -9999.0 -9999.0 -9999.0 -9999.0 -9999.0 -9999.0 -9999.0 -9999.0 -9999.0 -9999.0 -9999.0