inst/processing_geotop_simulation/geotop_simulation/out/maps3D/PwL0014N0159.asc
ncols         104
nrows         10
xllcorner     -2.000000
yllcorner     0.000000
cellsize      1.000000
NODATA_value  -9999.0
-9999.0 -9999.0 -9999.0 -9999.0 -9999.0 -9999.0 -9999.0 -9999.0 -9999.0 -9999.0 -9999.0 -9999.0 -9999.0 -9999.0 -9999.0 -9999.0 -9999.0 -9999.0 -9999.0 -9999.0 -9999.0 -9999.0 -9999.0 -9999.0 -9999.0 -9999.0 -9999.0 -9999.0 -9999.0 -9999.0 -9999.0 -9999.0 -9999.0 -9999.0 -9999.0 -9999.0 -9999.0 -9999.0 -9999.0 -9999.0 -9999.0 -9999.0 -9999.0 -9999.0 -9999.0 -9999.0 -9999.0 -9999.0 -9999.0 -9999.0 -9999.0 -9999.0 -9999.0 -9999.0 -9999.0 -9999.0 -9999.0 -9999.0 -9999.0 -9999.0 -9999.0 -9999.0 -9999.0 -9999.0 -9999.0 -9999.0 -9999.0 -9999.0 -9999.0 -9999.0 -9999.0 -9999.0 -9999.0 -9999.0 -9999.0 -9999.0 -9999.0 -9999.0 -9999.0 -9999.0 -9999.0 -9999.0 -9999.0 -9999.0 -9999.0 -9999.0 -9999.0 -9999.0 -9999.0 -9999.0 -9999.0 -9999.0 -9999.0 -9999.0 -9999.0 -9999.0 -9999.0 -9999.0 -9999.0 -9999.0 -9999.0 -9999.0 -9999.0 -9999.0
-9999.0 -9999.0 -9999.0 -9999.0 -9999.0 -9999.0 -9999.0 -9999.0 -9999.0 -9999.0 -9999.0 -9999.0 -9999.0 -9999.0 -9999.0 -9999.0 -9999.0 -9999.0 -9999.0 -9999.0 -9999.0 -9999.0 -9999.0 -9999.0 -9999.0 -9999.0 -9999.0 -9999.0 -9999.0 -9999.0 -9999.0 -9999.0 -9999.0 -9999.0 -9999.0 -9999.0 -9999.0 -9999.0 -9999.0 -9999.0 -9999.0 -9999.0 -9999.0 -9999.0 -9999.0 -9999.0 -9999.0 -9999.0 -9999.0 -9999.0 -9999.0 -9999.0 -9999.0 -9999.0 -9999.0 -9999.0 -9999.0 -9999.0 -9999.0 -9999.0 -9999.0 -9999.0 -9999.0 -9999.0 -9999.0 -9999.0 -9999.0 -9999.0 -9999.0 -9999.0 -9999.0 -9999.0 -9999.0 -9999.0 -9999.0 -9999.0 -9999.0 -9999.0 -9999.0 -9999.0 -9999.0 -9999.0 -9999.0 -9999.0 -9999.0 -9999.0 -9999.0 -9999.0 -9999.0 -9999.0 -9999.0 -9999.0 -9999.0 -9999.0 -9999.0 -9999.0 -9999.0 -9999.0 -9999.0 -9999.0 -9999.0 -9999.0 -9999.0 -9999.0
-9999.0 -9999.0 683.551882 590.436589 495.845825 400.261580 304.210283 207.956054 111.631164 15.307666 -80.961375 -177.152414 -273.180140 -368.891362 -464.064036 -558.377766 -651.394425 -745.091862 -838.000206 -929.546976 -1019.378035 -1096.991671 -1162.274359 -1213.980905 -1252.787551 -1280.655849 -1299.999925 -1313.081988 -1321.747086 -1327.387184 -1331.005274 -1333.299391 -1334.741660 -1335.643599 -1336.206544 -1336.560632 -1336.796920 -1337.008359 -1337.456519 -1339.618590 -1351.534591 -1422.335528 -2052.966557 -4259.654824 -4282.175623 -4282.174112 -4282.171803 -4282.171436 -4282.171398 -4282.171402 -4282.171411 -4282.171422 -4282.171431 -4282.171440 -4282.171448 -4282.171458 -4282.171486 -4282.171685 -4282.173012 -4282.173206 -4245.762539 -1932.528726 -1390.636405 -1345.798084 -1338.568676 -1337.476295 -1337.319673 -1337.296417 -1337.293591 -1337.294193 -1337.295231 -1337.296141 -1337.296851 -1337.297392 -1337.297806 -1337.298128 -1337.298383 -1337.298589 -1337.298761 -1337.298913 -1337.299062 -1337.299227 -1337.299434 -1337.299721 -1337.300145 -1337.300795 -1337.301818 -1337.303453 -1337.306109 -1337.310495 -1337.317897 -1337.330715 -1337.353568 -1337.395557 -1337.474888 -1337.628562 -1337.934068 -1338.563702 -1339.934186 -1343.135074 -1351.250646 -1374.932896 -9999.0 -9999.0
-9999.0 -9999.0 683.556995 590.438248 495.846321 400.261735 304.210334 207.956071 111.631170 15.307668 -80.961374 -177.152414 -273.180140 -368.891362 -464.064036 -558.377766 -651.394426 -745.091862 -838.000206 -929.546977 -1019.378035 -1096.991672 -1162.274359 -1213.980905 -1252.787552 -1280.655849 -1299.999926 -1313.081988 -1321.747087 -1327.387184 -1331.005274 -1333.299391 -1334.741660 -1335.643599 -1336.206544 -1336.560632 -1336.796920 -1337.008359 -1337.456519 -1339.618590 -1351.534591 -1422.335528 -2052.966557 -4259.654824 -4282.175623 -4282.174112 -4282.171803 -4282.171436 -4282.171398 -4282.171402 -4282.171411 -4282.171422 -4282.171431 -4282.171440 -4282.171448 -4282.171458 -4282.171486 -4282.171685 -4282.173012 -4282.173206 -4245.762539 -1932.528726 -1390.636405 -1345.798084 -1338.568676 -1337.476295 -1337.319673 -1337.296417 -1337.293591 -1337.294193 -1337.295231 -1337.296141 -1337.296851 -1337.297392 -1337.297806 -1337.298128 -1337.298383 -1337.298589 -1337.298761 -1337.298913 -1337.299062 -1337.299227 -1337.299434 -1337.299721 -1337.300145 -1337.300795 -1337.301818 -1337.303453 -1337.306109 -1337.310495 -1337.317897 -1337.330715 -1337.353568 -1337.395557 -1337.474888 -1337.628562 -1337.934068 -1338.563702 -1339.934186 -1343.135074 -1351.250646 -1374.932896 -9999.0 -9999.0
-9999.0 -9999.0 683.558528 590.439050 495.846651 400.261858 304.210378 207.956087 111.631176 15.307670 -80.961373 -177.152414 -273.180140 -368.891362 -464.064036 -558.377767 -651.394426 -745.091862 -838.000206 -929.546977 -1019.378035 -1096.991672 -1162.274360 -1213.980905 -1252.787552 -1280.655849 -1299.999926 -1313.081988 -1321.747087 -1327.387185 -1331.005274 -1333.299391 -1334.741660 -1335.643599 -1336.206544 -1336.560632 -1336.796920 -1337.008359 -1337.456519 -1339.618590 -1351.534591 -1422.335528 -2052.966557 -4259.654824 -4282.175623 -4282.174112 -4282.171803 -4282.171436 -4282.171398 -4282.171402 -4282.171411 -4282.171422 -4282.171431 -4282.171440 -4282.171448 -4282.171458 -4282.171486 -4282.171685 -4282.173012 -4282.173206 -4245.762539 -1932.528726 -1390.636405 -1345.798084 -1338.568676 -1337.476295 -1337.319673 -1337.296417 -1337.293591 -1337.294193 -1337.295231 -1337.296141 -1337.296851 -1337.297392 -1337.297806 -1337.298128 -1337.298383 -1337.298589 -1337.298761 -1337.298913 -1337.299062 -1337.299227 -1337.299434 -1337.299721 -1337.300145 -1337.300795 -1337.301818 -1337.303453 -1337.306109 -1337.310495 -1337.317897 -1337.330715 -1337.353568 -1337.395557 -1337.474888 -1337.628562 -1337.934068 -1338.563702 -1339.934186 -1343.135074 -1351.250646 -1374.932896 -9999.0 -9999.0
-9999.0 -9999.0 683.558528 590.439050 495.846651 400.261858 304.210378 207.956087 111.631176 15.307670 -80.961373 -177.152414 -273.180140 -368.891362 -464.064036 -558.377767 -651.394426 -745.091862 -838.000206 -929.546977 -1019.378035 -1096.991672 -1162.274360 -1213.980905 -1252.787552 -1280.655849 -1299.999926 -1313.081988 -1321.747087 -1327.387185 -1331.005274 -1333.299391 -1334.741660 -1335.643599 -1336.206544 -1336.560632 -1336.796920 -1337.008359 -1337.456519 -1339.618590 -1351.534591 -1422.335528 -2052.966557 -4259.654824 -4282.175623 -4282.174112 -4282.171803 -4282.171436 -4282.171398 -4282.171402 -4282.171411 -4282.171422 -4282.171431 -4282.171440 -4282.171448 -4282.171458 -4282.171486 -4282.171685 -4282.173012 -4282.173206 -4245.762539 -1932.528726 -1390.636405 -1345.798084 -1338.568676 -1337.476295 -1337.319673 -1337.296417 -1337.293591 -1337.294193 -1337.295231 -1337.296141 -1337.296851 -1337.297392 -1337.297806 -1337.298128 -1337.298383 -1337.298589 -1337.298761 -1337.298913 -1337.299062 -1337.299227 -1337.299434 -1337.299721 -1337.300145 -1337.300795 -1337.301818 -1337.303453 -1337.306109 -1337.310495 -1337.317897 -1337.330715 -1337.353568 -1337.395557 -1337.474888 -1337.628562 -1337.934068 -1338.563702 -1339.934186 -1343.135074 -1351.250646 -1374.932896 -9999.0 -9999.0
-9999.0 -9999.0 683.556995 590.438248 495.846321 400.261735 304.210334 207.956071 111.631170 15.307668 -80.961374 -177.152414 -273.180140 -368.891362 -464.064036 -558.377766 -651.394426 -745.091862 -838.000206 -929.546977 -1019.378035 -1096.991672 -1162.274359 -1213.980905 -1252.787552 -1280.655849 -1299.999926 -1313.081988 -1321.747087 -1327.387184 -1331.005274 -1333.299391 -1334.741660 -1335.643599 -1336.206544 -1336.560632 -1336.796920 -1337.008359 -1337.456519 -1339.618590 -1351.534591 -1422.335528 -2052.966557 -4259.654824 -4282.175623 -4282.174112 -4282.171803 -4282.171436 -4282.171398 -4282.171402 -4282.171411 -4282.171422 -4282.171431 -4282.171440 -4282.171448 -4282.171458 -4282.171486 -4282.171685 -4282.173012 -4282.173206 -4245.762539 -1932.528726 -1390.636405 -1345.798084 -1338.568676 -1337.476295 -1337.319673 -1337.296417 -1337.293591 -1337.294193 -1337.295231 -1337.296141 -1337.296851 -1337.297392 -1337.297806 -1337.298128 -1337.298383 -1337.298589 -1337.298761 -1337.298913 -1337.299062 -1337.299227 -1337.299434 -1337.299721 -1337.300145 -1337.300795 -1337.301818 -1337.303453 -1337.306109 -1337.310495 -1337.317897 -1337.330715 -1337.353568 -1337.395557 -1337.474888 -1337.628562 -1337.934068 -1338.563702 -1339.934186 -1343.135074 -1351.250646 -1374.932896 -9999.0 -9999.0
-9999.0 -9999.0 683.551882 590.436589 495.845825 400.261580 304.210283 207.956054 111.631164 15.307666 -80.961375 -177.152414 -273.180140 -368.891362 -464.064036 -558.377766 -651.394425 -745.091862 -838.000206 -929.546976 -1019.378035 -1096.991671 -1162.274359 -1213.980905 -1252.787551 -1280.655849 -1299.999925 -1313.081988 -1321.747086 -1327.387184 -1331.005274 -1333.299391 -1334.741660 -1335.643599 -1336.206544 -1336.560632 -1336.796920 -1337.008359 -1337.456519 -1339.618590 -1351.534591 -1422.335528 -2052.966557 -4259.654824 -4282.175623 -4282.174112 -4282.171803 -4282.171436 -4282.171398 -4282.171402 -4282.171411 -4282.171422 -4282.171431 -4282.171440 -4282.171448 -4282.171458 -4282.171486 -4282.171685 -4282.173012 -4282.173206 -4245.762539 -1932.528726 -1390.636405 -1345.798084 -1338.568676 -1337.476295 -1337.319673 -1337.296417 -1337.293591 -1337.294193 -1337.295231 -1337.296141 -1337.296851 -1337.297392 -1337.297806 -1337.298128 -1337.298383 -1337.298589 -1337.298761 -1337.298913 -1337.299062 -1337.299227 -1337.299434 -1337.299721 -1337.300145 -1337.300795 -1337.301818 -1337.303453 -1337.306109 -1337.310495 -1337.317897 -1337.330715 -1337.353568 -1337.395557 -1337.474888 -1337.628562 -1337.934068 -1338.563702 -1339.934186 -1343.135074 -1351.250646 -1374.932896 -9999.0 -9999.0
-9999.0 -9999.0 -9999.0 -9999.0 -9999.0 -9999.0 -9999.0 -9999.0 -9999.0 -9999.0 -9999.0 -9999.0 -9999.0 -9999.0 -9999.0 -9999.0 -9999.0 -9999.0 -9999.0 -9999.0 -9999.0 -9999.0 -9999.0 -9999.0 -9999.0 -9999.0 -9999.0 -9999.0 -9999.0 -9999.0 -9999.0 -9999.0 -9999.0 -9999.0 -9999.0 -9999.0 -9999.0 -9999.0 -9999.0 -9999.0 -9999.0 -9999.0 -9999.0 -9999.0 -9999.0 -9999.0 -9999.0 -9999.0 -9999.0 -9999.0 -9999.0 -9999.0 -9999.0 -9999.0 -9999.0 -9999.0 -9999.0 -9999.0 -9999.0 -9999.0 -9999.0 -9999.0 -9999.0 -9999.0 -9999.0 -9999.0 -9999.0 -9999.0 -9999.0 -9999.0 -9999.0 -9999.0 -9999.0 -9999.0 -9999.0 -9999.0 -9999.0 -9999.0 -9999.0 -9999.0 -9999.0 -9999.0 -9999.0 -9999.0 -9999.0 -9999.0 -9999.0 -9999.0 -9999.0 -9999.0 -9999.0 -9999.0 -9999.0 -9999.0 -9999.0 -9999.0 -9999.0 -9999.0 -9999.0 -9999.0 -9999.0 -9999.0 -9999.0 -9999.0
-9999.0 -9999.0 -9999.0 -9999.0 -9999.0 -9999.0 -9999.0 -9999.0 -9999.0 -9999.0 -9999.0 -9999.0 -9999.0 -9999.0 -9999.0 -9999.0 -9999.0 -9999.0 -9999.0 -9999.0 -9999.0 -9999.0 -9999.0 -9999.0 -9999.0 -9999.0 -9999.0 -9999.0 -9999.0 -9999.0 -9999.0 -9999.0 -9999.0 -9999.0 -9999.0 -9999.0 -9999.0 -9999.0 -9999.0 -9999.0 -9999.0 -9999.0 -9999.0 -9999.0 -9999.0 -9999.0 -9999.0 -9999.0 -9999.0 -9999.0 -9999.0 -9999.0 -9999.0 -9999.0 -9999.0 -9999.0 -9999.0 -9999.0 -9999.0 -9999.0 -9999.0 -9999.0 -9999.0 -9999.0 -9999.0 -9999.0 -9999.0 -9999.0 -9999.0 -9999.0 -9999.0 -9999.0 -9999.0 -9999.0 -9999.0 -9999.0 -9999.0 -9999.0 -9999.0 -9999.0 -9999.0 -9999.0 -9999.0 -9999.0 -9999.0 -9999.0 -9999.0 -9999.0 -9999.0 -9999.0 -9999.0 -9999.0 -9999.0 -9999.0 -9999.0 -9999.0 -9999.0 -9999.0 -9999.0 -9999.0 -9999.0 -9999.0 -9999.0 -9999.0