inst/processing_geotop_simulation/geotop_simulation/out/maps3D/PwL0004N0411.asc
ncols         104
nrows         10
xllcorner     -2.000000
yllcorner     0.000000
cellsize      1.000000
NODATA_value  -9999.0
-9999.0 -9999.0 -9999.0 -9999.0 -9999.0 -9999.0 -9999.0 -9999.0 -9999.0 -9999.0 -9999.0 -9999.0 -9999.0 -9999.0 -9999.0 -9999.0 -9999.0 -9999.0 -9999.0 -9999.0 -9999.0 -9999.0 -9999.0 -9999.0 -9999.0 -9999.0 -9999.0 -9999.0 -9999.0 -9999.0 -9999.0 -9999.0 -9999.0 -9999.0 -9999.0 -9999.0 -9999.0 -9999.0 -9999.0 -9999.0 -9999.0 -9999.0 -9999.0 -9999.0 -9999.0 -9999.0 -9999.0 -9999.0 -9999.0 -9999.0 -9999.0 -9999.0 -9999.0 -9999.0 -9999.0 -9999.0 -9999.0 -9999.0 -9999.0 -9999.0 -9999.0 -9999.0 -9999.0 -9999.0 -9999.0 -9999.0 -9999.0 -9999.0 -9999.0 -9999.0 -9999.0 -9999.0 -9999.0 -9999.0 -9999.0 -9999.0 -9999.0 -9999.0 -9999.0 -9999.0 -9999.0 -9999.0 -9999.0 -9999.0 -9999.0 -9999.0 -9999.0 -9999.0 -9999.0 -9999.0 -9999.0 -9999.0 -9999.0 -9999.0 -9999.0 -9999.0 -9999.0 -9999.0 -9999.0 -9999.0 -9999.0 -9999.0 -9999.0 -9999.0
-9999.0 -9999.0 -9999.0 -9999.0 -9999.0 -9999.0 -9999.0 -9999.0 -9999.0 -9999.0 -9999.0 -9999.0 -9999.0 -9999.0 -9999.0 -9999.0 -9999.0 -9999.0 -9999.0 -9999.0 -9999.0 -9999.0 -9999.0 -9999.0 -9999.0 -9999.0 -9999.0 -9999.0 -9999.0 -9999.0 -9999.0 -9999.0 -9999.0 -9999.0 -9999.0 -9999.0 -9999.0 -9999.0 -9999.0 -9999.0 -9999.0 -9999.0 -9999.0 -9999.0 -9999.0 -9999.0 -9999.0 -9999.0 -9999.0 -9999.0 -9999.0 -9999.0 -9999.0 -9999.0 -9999.0 -9999.0 -9999.0 -9999.0 -9999.0 -9999.0 -9999.0 -9999.0 -9999.0 -9999.0 -9999.0 -9999.0 -9999.0 -9999.0 -9999.0 -9999.0 -9999.0 -9999.0 -9999.0 -9999.0 -9999.0 -9999.0 -9999.0 -9999.0 -9999.0 -9999.0 -9999.0 -9999.0 -9999.0 -9999.0 -9999.0 -9999.0 -9999.0 -9999.0 -9999.0 -9999.0 -9999.0 -9999.0 -9999.0 -9999.0 -9999.0 -9999.0 -9999.0 -9999.0 -9999.0 -9999.0 -9999.0 -9999.0 -9999.0 -9999.0
-9999.0 -9999.0 174.951972 77.021778 -21.879824 -121.057765 -220.341148 -319.664846 -418.995020 -518.309226 -617.575689 -716.721673 -815.790076 -914.726560 -1013.593915 -1112.496409 -1211.058167 -1309.134950 -1406.365698 -1502.041780 -1594.796572 -1682.243516 -1761.250873 -1829.096937 -1884.518082 -1927.873730 -1960.633793 -1984.730242 -2002.089164 -2014.392201 -2022.999765 -2028.959922 -2033.053112 -2035.846123 -2037.743305 -2039.031852 -2039.927335 -2040.653567 -2041.668991 -2044.010106 -2045.183450 -1983.996837 -1220.485860 -1226.377488 -1214.232593 -1206.141461 -1202.340538 -1201.746595 -1201.681787 -1201.687174 -1201.702632 -1201.719327 -1201.735383 -1201.750259 -1201.764125 -1201.780771 -1201.835177 -1202.194501 -1204.231325 -1208.719222 -1214.418374 -1199.786767 -1958.222768 -2039.146632 -2042.608180 -2042.011930 -2041.799098 -2041.755744 -2041.748624 -2041.747933 -2041.748261 -2041.748673 -2041.749019 -2041.749292 -2041.749505 -2041.749673 -2041.749810 -2041.749924 -2041.750022 -2041.750113 -2041.750203 -2041.750303 -2041.750427 -2041.750595 -2041.750837 -2041.751203 -2041.751772 -2041.752677 -2041.754149 -2041.756598 -2041.760780 -2041.768129 -2041.781447 -2041.806330 -2041.854219 -2041.949306 -2042.145527 -2042.572146 -2043.566194 -2046.100161 -2053.372192 -2077.587877 -9999.0 -9999.0
-9999.0 -9999.0 174.960826 77.023589 -21.879364 -121.057631 -220.341105 -319.664831 -418.995015 -518.309224 -617.575688 -716.721673 -815.790076 -914.726560 -1013.593915 -1112.496409 -1211.058167 -1309.134950 -1406.365698 -1502.041780 -1594.796572 -1682.243516 -1761.250873 -1829.096937 -1884.518082 -1927.873730 -1960.633793 -1984.730242 -2002.089165 -2014.392201 -2022.999765 -2028.959922 -2033.053112 -2035.846123 -2037.743305 -2039.031852 -2039.927335 -2040.653567 -2041.668991 -2044.010106 -2045.183450 -1983.996837 -1220.485860 -1226.377487 -1214.232592 -1206.141460 -1202.340538 -1201.746595 -1201.681787 -1201.687174 -1201.702632 -1201.719327 -1201.735383 -1201.750259 -1201.764125 -1201.780771 -1201.835177 -1202.194501 -1204.231325 -1208.719222 -1214.418374 -1199.786767 -1958.222768 -2039.146632 -2042.608180 -2042.011930 -2041.799098 -2041.755744 -2041.748624 -2041.747933 -2041.748261 -2041.748673 -2041.749019 -2041.749292 -2041.749505 -2041.749673 -2041.749810 -2041.749924 -2041.750022 -2041.750113 -2041.750203 -2041.750303 -2041.750427 -2041.750595 -2041.750837 -2041.751203 -2041.751772 -2041.752677 -2041.754149 -2041.756598 -2041.760780 -2041.768129 -2041.781447 -2041.806330 -2041.854219 -2041.949306 -2042.145527 -2042.572146 -2043.566194 -2046.100161 -2053.372192 -2077.587877 -9999.0 -9999.0
-9999.0 -9999.0 174.962075 77.024328 -21.879072 -121.057525 -220.341067 -319.664817 -418.995010 -518.309221 -617.575688 -716.721672 -815.790076 -914.726560 -1013.593915 -1112.496409 -1211.058167 -1309.134950 -1406.365698 -1502.041780 -1594.796573 -1682.243516 -1761.250873 -1829.096937 -1884.518082 -1927.873730 -1960.633793 -1984.730242 -2002.089165 -2014.392201 -2022.999765 -2028.959922 -2033.053112 -2035.846123 -2037.743305 -2039.031852 -2039.927335 -2040.653567 -2041.668991 -2044.010106 -2045.183450 -1983.996837 -1220.485860 -1226.377487 -1214.232592 -1206.141460 -1202.340538 -1201.746595 -1201.681787 -1201.687174 -1201.702632 -1201.719327 -1201.735383 -1201.750259 -1201.764125 -1201.780771 -1201.835177 -1202.194501 -1204.231325 -1208.719222 -1214.418374 -1199.786767 -1958.222768 -2039.146632 -2042.608180 -2042.011930 -2041.799098 -2041.755744 -2041.748624 -2041.747933 -2041.748261 -2041.748673 -2041.749019 -2041.749292 -2041.749505 -2041.749673 -2041.749810 -2041.749924 -2041.750022 -2041.750113 -2041.750203 -2041.750303 -2041.750427 -2041.750595 -2041.750837 -2041.751203 -2041.751772 -2041.752677 -2041.754149 -2041.756598 -2041.760780 -2041.768129 -2041.781447 -2041.806330 -2041.854219 -2041.949306 -2042.145527 -2042.572146 -2043.566194 -2046.100161 -2053.372192 -2077.587877 -9999.0 -9999.0
-9999.0 -9999.0 174.962074 77.024328 -21.879072 -121.057525 -220.341067 -319.664817 -418.995010 -518.309222 -617.575688 -716.721672 -815.790076 -914.726560 -1013.593915 -1112.496409 -1211.058167 -1309.134950 -1406.365698 -1502.041780 -1594.796572 -1682.243516 -1761.250873 -1829.096937 -1884.518082 -1927.873730 -1960.633793 -1984.730242 -2002.089165 -2014.392201 -2022.999765 -2028.959922 -2033.053112 -2035.846123 -2037.743305 -2039.031852 -2039.927335 -2040.653567 -2041.668991 -2044.010106 -2045.183450 -1983.996837 -1220.485860 -1226.377487 -1214.232592 -1206.141460 -1202.340538 -1201.746595 -1201.681787 -1201.687174 -1201.702632 -1201.719327 -1201.735383 -1201.750259 -1201.764125 -1201.780771 -1201.835177 -1202.194501 -1204.231325 -1208.719222 -1214.418374 -1199.786767 -1958.222768 -2039.146632 -2042.608180 -2042.011930 -2041.799098 -2041.755744 -2041.748624 -2041.747933 -2041.748261 -2041.748673 -2041.749019 -2041.749292 -2041.749505 -2041.749673 -2041.749810 -2041.749924 -2041.750022 -2041.750113 -2041.750203 -2041.750303 -2041.750427 -2041.750595 -2041.750837 -2041.751203 -2041.751772 -2041.752677 -2041.754149 -2041.756598 -2041.760780 -2041.768129 -2041.781447 -2041.806330 -2041.854219 -2041.949306 -2042.145527 -2042.572146 -2043.566194 -2046.100161 -2053.372192 -2077.587877 -9999.0 -9999.0
-9999.0 -9999.0 174.960826 77.023589 -21.879364 -121.057631 -220.341105 -319.664831 -418.995015 -518.309223 -617.575688 -716.721673 -815.790076 -914.726560 -1013.593915 -1112.496409 -1211.058167 -1309.134950 -1406.365698 -1502.041780 -1594.796572 -1682.243516 -1761.250873 -1829.096937 -1884.518082 -1927.873730 -1960.633793 -1984.730242 -2002.089165 -2014.392201 -2022.999765 -2028.959922 -2033.053112 -2035.846123 -2037.743305 -2039.031852 -2039.927335 -2040.653567 -2041.668991 -2044.010106 -2045.183450 -1983.996837 -1220.485860 -1226.377488 -1214.232592 -1206.141460 -1202.340538 -1201.746595 -1201.681787 -1201.687174 -1201.702632 -1201.719327 -1201.735383 -1201.750259 -1201.764125 -1201.780771 -1201.835177 -1202.194501 -1204.231325 -1208.719222 -1214.418374 -1199.786767 -1958.222768 -2039.146632 -2042.608180 -2042.011930 -2041.799098 -2041.755744 -2041.748624 -2041.747933 -2041.748261 -2041.748673 -2041.749019 -2041.749292 -2041.749505 -2041.749673 -2041.749810 -2041.749924 -2041.750022 -2041.750113 -2041.750203 -2041.750303 -2041.750427 -2041.750595 -2041.750837 -2041.751203 -2041.751772 -2041.752677 -2041.754149 -2041.756598 -2041.760780 -2041.768129 -2041.781447 -2041.806330 -2041.854219 -2041.949306 -2042.145527 -2042.572146 -2043.566194 -2046.100161 -2053.372192 -2077.587877 -9999.0 -9999.0
-9999.0 -9999.0 174.951972 77.021778 -21.879824 -121.057765 -220.341148 -319.664846 -418.995020 -518.309226 -617.575689 -716.721673 -815.790076 -914.726560 -1013.593915 -1112.496409 -1211.058167 -1309.134950 -1406.365698 -1502.041780 -1594.796572 -1682.243516 -1761.250873 -1829.096937 -1884.518082 -1927.873730 -1960.633793 -1984.730242 -2002.089164 -2014.392201 -2022.999765 -2028.959922 -2033.053112 -2035.846123 -2037.743305 -2039.031852 -2039.927335 -2040.653567 -2041.668991 -2044.010106 -2045.183450 -1983.996837 -1220.485860 -1226.377488 -1214.232593 -1206.141461 -1202.340538 -1201.746595 -1201.681787 -1201.687174 -1201.702632 -1201.719327 -1201.735383 -1201.750259 -1201.764125 -1201.780771 -1201.835177 -1202.194501 -1204.231325 -1208.719222 -1214.418374 -1199.786767 -1958.222768 -2039.146632 -2042.608180 -2042.011930 -2041.799098 -2041.755744 -2041.748624 -2041.747933 -2041.748261 -2041.748673 -2041.749019 -2041.749292 -2041.749505 -2041.749673 -2041.749810 -2041.749924 -2041.750022 -2041.750113 -2041.750203 -2041.750303 -2041.750427 -2041.750595 -2041.750837 -2041.751203 -2041.751772 -2041.752677 -2041.754149 -2041.756598 -2041.760780 -2041.768129 -2041.781447 -2041.806330 -2041.854219 -2041.949306 -2042.145527 -2042.572146 -2043.566194 -2046.100161 -2053.372192 -2077.587877 -9999.0 -9999.0
-9999.0 -9999.0 -9999.0 -9999.0 -9999.0 -9999.0 -9999.0 -9999.0 -9999.0 -9999.0 -9999.0 -9999.0 -9999.0 -9999.0 -9999.0 -9999.0 -9999.0 -9999.0 -9999.0 -9999.0 -9999.0 -9999.0 -9999.0 -9999.0 -9999.0 -9999.0 -9999.0 -9999.0 -9999.0 -9999.0 -9999.0 -9999.0 -9999.0 -9999.0 -9999.0 -9999.0 -9999.0 -9999.0 -9999.0 -9999.0 -9999.0 -9999.0 -9999.0 -9999.0 -9999.0 -9999.0 -9999.0 -9999.0 -9999.0 -9999.0 -9999.0 -9999.0 -9999.0 -9999.0 -9999.0 -9999.0 -9999.0 -9999.0 -9999.0 -9999.0 -9999.0 -9999.0 -9999.0 -9999.0 -9999.0 -9999.0 -9999.0 -9999.0 -9999.0 -9999.0 -9999.0 -9999.0 -9999.0 -9999.0 -9999.0 -9999.0 -9999.0 -9999.0 -9999.0 -9999.0 -9999.0 -9999.0 -9999.0 -9999.0 -9999.0 -9999.0 -9999.0 -9999.0 -9999.0 -9999.0 -9999.0 -9999.0 -9999.0 -9999.0 -9999.0 -9999.0 -9999.0 -9999.0 -9999.0 -9999.0 -9999.0 -9999.0 -9999.0 -9999.0
-9999.0 -9999.0 -9999.0 -9999.0 -9999.0 -9999.0 -9999.0 -9999.0 -9999.0 -9999.0 -9999.0 -9999.0 -9999.0 -9999.0 -9999.0 -9999.0 -9999.0 -9999.0 -9999.0 -9999.0 -9999.0 -9999.0 -9999.0 -9999.0 -9999.0 -9999.0 -9999.0 -9999.0 -9999.0 -9999.0 -9999.0 -9999.0 -9999.0 -9999.0 -9999.0 -9999.0 -9999.0 -9999.0 -9999.0 -9999.0 -9999.0 -9999.0 -9999.0 -9999.0 -9999.0 -9999.0 -9999.0 -9999.0 -9999.0 -9999.0 -9999.0 -9999.0 -9999.0 -9999.0 -9999.0 -9999.0 -9999.0 -9999.0 -9999.0 -9999.0 -9999.0 -9999.0 -9999.0 -9999.0 -9999.0 -9999.0 -9999.0 -9999.0 -9999.0 -9999.0 -9999.0 -9999.0 -9999.0 -9999.0 -9999.0 -9999.0 -9999.0 -9999.0 -9999.0 -9999.0 -9999.0 -9999.0 -9999.0 -9999.0 -9999.0 -9999.0 -9999.0 -9999.0 -9999.0 -9999.0 -9999.0 -9999.0 -9999.0 -9999.0 -9999.0 -9999.0 -9999.0 -9999.0 -9999.0 -9999.0 -9999.0 -9999.0 -9999.0 -9999.0