inst/processing_geotop_simulation/geotop_simulation/out/maps3D/PwL0008N0415.asc
ncols         104
nrows         10
xllcorner     -2.000000
yllcorner     0.000000
cellsize      1.000000
NODATA_value  -9999.0
-9999.0 -9999.0 -9999.0 -9999.0 -9999.0 -9999.0 -9999.0 -9999.0 -9999.0 -9999.0 -9999.0 -9999.0 -9999.0 -9999.0 -9999.0 -9999.0 -9999.0 -9999.0 -9999.0 -9999.0 -9999.0 -9999.0 -9999.0 -9999.0 -9999.0 -9999.0 -9999.0 -9999.0 -9999.0 -9999.0 -9999.0 -9999.0 -9999.0 -9999.0 -9999.0 -9999.0 -9999.0 -9999.0 -9999.0 -9999.0 -9999.0 -9999.0 -9999.0 -9999.0 -9999.0 -9999.0 -9999.0 -9999.0 -9999.0 -9999.0 -9999.0 -9999.0 -9999.0 -9999.0 -9999.0 -9999.0 -9999.0 -9999.0 -9999.0 -9999.0 -9999.0 -9999.0 -9999.0 -9999.0 -9999.0 -9999.0 -9999.0 -9999.0 -9999.0 -9999.0 -9999.0 -9999.0 -9999.0 -9999.0 -9999.0 -9999.0 -9999.0 -9999.0 -9999.0 -9999.0 -9999.0 -9999.0 -9999.0 -9999.0 -9999.0 -9999.0 -9999.0 -9999.0 -9999.0 -9999.0 -9999.0 -9999.0 -9999.0 -9999.0 -9999.0 -9999.0 -9999.0 -9999.0 -9999.0 -9999.0 -9999.0 -9999.0 -9999.0 -9999.0
-9999.0 -9999.0 -9999.0 -9999.0 -9999.0 -9999.0 -9999.0 -9999.0 -9999.0 -9999.0 -9999.0 -9999.0 -9999.0 -9999.0 -9999.0 -9999.0 -9999.0 -9999.0 -9999.0 -9999.0 -9999.0 -9999.0 -9999.0 -9999.0 -9999.0 -9999.0 -9999.0 -9999.0 -9999.0 -9999.0 -9999.0 -9999.0 -9999.0 -9999.0 -9999.0 -9999.0 -9999.0 -9999.0 -9999.0 -9999.0 -9999.0 -9999.0 -9999.0 -9999.0 -9999.0 -9999.0 -9999.0 -9999.0 -9999.0 -9999.0 -9999.0 -9999.0 -9999.0 -9999.0 -9999.0 -9999.0 -9999.0 -9999.0 -9999.0 -9999.0 -9999.0 -9999.0 -9999.0 -9999.0 -9999.0 -9999.0 -9999.0 -9999.0 -9999.0 -9999.0 -9999.0 -9999.0 -9999.0 -9999.0 -9999.0 -9999.0 -9999.0 -9999.0 -9999.0 -9999.0 -9999.0 -9999.0 -9999.0 -9999.0 -9999.0 -9999.0 -9999.0 -9999.0 -9999.0 -9999.0 -9999.0 -9999.0 -9999.0 -9999.0 -9999.0 -9999.0 -9999.0 -9999.0 -9999.0 -9999.0 -9999.0 -9999.0 -9999.0 -9999.0
-9999.0 -9999.0 373.401712 275.045794 176.083208 76.879628 -22.419828 -121.756885 -221.106293 -320.451024 -419.773949 -519.047723 -618.216700 -717.176421 -816.156830 -915.090924 -1013.940092 -1112.704318 -1210.658312 -1307.547535 -1402.380990 -1493.326333 -1577.717715 -1652.782566 -1716.591935 -1768.550799 -1809.292854 -1840.245389 -1863.161754 -1879.779499 -1891.631320 -1899.973190 -1905.783641 -1909.797958 -1912.554664 -1914.443573 -1915.757718 -1916.782940 -1918.040119 -1920.685822 -1923.429135 -1883.010943 -1250.429691 -1313.772292 -1290.115990 -1274.325370 -1266.993259 -1265.908375 -1265.792724 -1265.802586 -1265.830294 -1265.860168 -1265.888884 -1265.915481 -1265.940227 -1265.969552 -1266.064043 -1266.704263 -1270.568628 -1279.176491 -1289.055378 -1212.005669 -1851.634892 -1916.637473 -1919.408982 -1918.766088 -1918.541423 -1918.494949 -1918.487177 -1918.486364 -1918.486667 -1918.487074 -1918.487421 -1918.487697 -1918.487916 -1918.488092 -1918.488237 -1918.488360 -1918.488469 -1918.488569 -1918.488671 -1918.488782 -1918.488918 -1918.489097 -1918.489349 -1918.489724 -1918.490299 -1918.491206 -1918.492672 -1918.495103 -1918.499246 -1918.506526 -1918.519726 -1918.544418 -1918.592047 -1918.686969 -1918.883963 -1919.315418 -1920.328535 -1922.926600 -1930.388978 -1955.033089 -9999.0 -9999.0
-9999.0 -9999.0 373.408193 275.047439 176.083651 76.879760 -22.419786 -121.756870 -221.106287 -320.451022 -419.773948 -519.047723 -618.216699 -717.176421 -816.156830 -915.090924 -1013.940092 -1112.704318 -1210.658312 -1307.547535 -1402.380991 -1493.326333 -1577.717716 -1652.782566 -1716.591936 -1768.550799 -1809.292854 -1840.245389 -1863.161754 -1879.779499 -1891.631320 -1899.973190 -1905.783641 -1909.797958 -1912.554664 -1914.443573 -1915.757718 -1916.782940 -1918.040119 -1920.685822 -1923.429135 -1883.010943 -1250.429691 -1313.772292 -1290.115990 -1274.325370 -1266.993259 -1265.908375 -1265.792724 -1265.802586 -1265.830294 -1265.860168 -1265.888884 -1265.915481 -1265.940227 -1265.969552 -1266.064043 -1266.704263 -1270.568628 -1279.176491 -1289.055378 -1212.005669 -1851.634892 -1916.637473 -1919.408982 -1918.766088 -1918.541423 -1918.494949 -1918.487177 -1918.486364 -1918.486667 -1918.487074 -1918.487421 -1918.487697 -1918.487916 -1918.488092 -1918.488237 -1918.488360 -1918.488469 -1918.488569 -1918.488671 -1918.488782 -1918.488918 -1918.489097 -1918.489349 -1918.489724 -1918.490299 -1918.491206 -1918.492672 -1918.495103 -1918.499246 -1918.506526 -1918.519726 -1918.544418 -1918.592047 -1918.686969 -1918.883963 -1919.315418 -1920.328535 -1922.926600 -1930.388978 -1955.033089 -9999.0 -9999.0
-9999.0 -9999.0 373.409524 275.048151 176.083936 76.879864 -22.419749 -121.756857 -221.106282 -320.451020 -419.773948 -519.047722 -618.216699 -717.176421 -816.156830 -915.090924 -1013.940092 -1112.704318 -1210.658312 -1307.547535 -1402.380991 -1493.326334 -1577.717716 -1652.782566 -1716.591936 -1768.550799 -1809.292854 -1840.245389 -1863.161754 -1879.779499 -1891.631320 -1899.973190 -1905.783641 -1909.797958 -1912.554664 -1914.443573 -1915.757718 -1916.782940 -1918.040119 -1920.685822 -1923.429135 -1883.010943 -1250.429691 -1313.772292 -1290.115990 -1274.325370 -1266.993259 -1265.908375 -1265.792724 -1265.802586 -1265.830294 -1265.860168 -1265.888884 -1265.915481 -1265.940227 -1265.969552 -1266.064043 -1266.704263 -1270.568628 -1279.176491 -1289.055378 -1212.005669 -1851.634892 -1916.637473 -1919.408982 -1918.766088 -1918.541423 -1918.494949 -1918.487177 -1918.486364 -1918.486667 -1918.487074 -1918.487421 -1918.487697 -1918.487916 -1918.488092 -1918.488237 -1918.488360 -1918.488469 -1918.488569 -1918.488671 -1918.488782 -1918.488918 -1918.489097 -1918.489349 -1918.489724 -1918.490299 -1918.491206 -1918.492672 -1918.495103 -1918.499246 -1918.506526 -1918.519726 -1918.544418 -1918.592047 -1918.686969 -1918.883963 -1919.315418 -1920.328535 -1922.926600 -1930.388978 -1955.033089 -9999.0 -9999.0
-9999.0 -9999.0 373.409524 275.048151 176.083935 76.879864 -22.419749 -121.756857 -221.106282 -320.451020 -419.773948 -519.047723 -618.216699 -717.176421 -816.156830 -915.090924 -1013.940092 -1112.704318 -1210.658312 -1307.547535 -1402.380991 -1493.326334 -1577.717716 -1652.782566 -1716.591936 -1768.550799 -1809.292854 -1840.245389 -1863.161754 -1879.779499 -1891.631320 -1899.973190 -1905.783641 -1909.797958 -1912.554664 -1914.443573 -1915.757718 -1916.782940 -1918.040119 -1920.685822 -1923.429135 -1883.010943 -1250.429691 -1313.772292 -1290.115990 -1274.325370 -1266.993259 -1265.908375 -1265.792724 -1265.802586 -1265.830294 -1265.860168 -1265.888884 -1265.915481 -1265.940227 -1265.969552 -1266.064043 -1266.704263 -1270.568628 -1279.176491 -1289.055378 -1212.005669 -1851.634892 -1916.637473 -1919.408982 -1918.766088 -1918.541423 -1918.494949 -1918.487177 -1918.486364 -1918.486667 -1918.487074 -1918.487421 -1918.487697 -1918.487916 -1918.488092 -1918.488237 -1918.488360 -1918.488469 -1918.488569 -1918.488671 -1918.488782 -1918.488918 -1918.489097 -1918.489349 -1918.489724 -1918.490299 -1918.491206 -1918.492672 -1918.495103 -1918.499246 -1918.506526 -1918.519726 -1918.544418 -1918.592047 -1918.686969 -1918.883963 -1919.315418 -1920.328535 -1922.926600 -1930.388978 -1955.033089 -9999.0 -9999.0
-9999.0 -9999.0 373.408193 275.047439 176.083651 76.879760 -22.419786 -121.756870 -221.106287 -320.451022 -419.773948 -519.047723 -618.216699 -717.176421 -816.156830 -915.090924 -1013.940092 -1112.704318 -1210.658312 -1307.547535 -1402.380991 -1493.326333 -1577.717716 -1652.782566 -1716.591936 -1768.550799 -1809.292854 -1840.245389 -1863.161754 -1879.779499 -1891.631320 -1899.973190 -1905.783641 -1909.797958 -1912.554664 -1914.443573 -1915.757718 -1916.782940 -1918.040119 -1920.685822 -1923.429135 -1883.010943 -1250.429691 -1313.772292 -1290.115990 -1274.325370 -1266.993259 -1265.908375 -1265.792724 -1265.802586 -1265.830294 -1265.860168 -1265.888884 -1265.915481 -1265.940227 -1265.969552 -1266.064043 -1266.704263 -1270.568628 -1279.176491 -1289.055378 -1212.005669 -1851.634892 -1916.637473 -1919.408982 -1918.766088 -1918.541423 -1918.494949 -1918.487177 -1918.486364 -1918.486667 -1918.487074 -1918.487421 -1918.487697 -1918.487916 -1918.488092 -1918.488237 -1918.488360 -1918.488469 -1918.488569 -1918.488671 -1918.488782 -1918.488918 -1918.489097 -1918.489349 -1918.489724 -1918.490299 -1918.491206 -1918.492672 -1918.495103 -1918.499246 -1918.506526 -1918.519726 -1918.544418 -1918.592047 -1918.686969 -1918.883963 -1919.315418 -1920.328535 -1922.926600 -1930.388978 -1955.033089 -9999.0 -9999.0
-9999.0 -9999.0 373.401712 275.045794 176.083208 76.879628 -22.419828 -121.756885 -221.106293 -320.451024 -419.773949 -519.047723 -618.216700 -717.176421 -816.156830 -915.090924 -1013.940092 -1112.704318 -1210.658312 -1307.547535 -1402.380990 -1493.326333 -1577.717715 -1652.782566 -1716.591935 -1768.550799 -1809.292854 -1840.245389 -1863.161754 -1879.779499 -1891.631320 -1899.973190 -1905.783641 -1909.797958 -1912.554664 -1914.443573 -1915.757718 -1916.782940 -1918.040119 -1920.685822 -1923.429135 -1883.010943 -1250.429691 -1313.772292 -1290.115990 -1274.325370 -1266.993259 -1265.908375 -1265.792724 -1265.802586 -1265.830294 -1265.860168 -1265.888884 -1265.915481 -1265.940227 -1265.969552 -1266.064043 -1266.704263 -1270.568628 -1279.176491 -1289.055378 -1212.005669 -1851.634892 -1916.637473 -1919.408982 -1918.766088 -1918.541423 -1918.494949 -1918.487177 -1918.486364 -1918.486667 -1918.487074 -1918.487421 -1918.487697 -1918.487916 -1918.488092 -1918.488237 -1918.488360 -1918.488469 -1918.488569 -1918.488671 -1918.488782 -1918.488918 -1918.489097 -1918.489349 -1918.489724 -1918.490299 -1918.491206 -1918.492672 -1918.495103 -1918.499246 -1918.506526 -1918.519726 -1918.544418 -1918.592047 -1918.686969 -1918.883963 -1919.315418 -1920.328535 -1922.926600 -1930.388978 -1955.033089 -9999.0 -9999.0
-9999.0 -9999.0 -9999.0 -9999.0 -9999.0 -9999.0 -9999.0 -9999.0 -9999.0 -9999.0 -9999.0 -9999.0 -9999.0 -9999.0 -9999.0 -9999.0 -9999.0 -9999.0 -9999.0 -9999.0 -9999.0 -9999.0 -9999.0 -9999.0 -9999.0 -9999.0 -9999.0 -9999.0 -9999.0 -9999.0 -9999.0 -9999.0 -9999.0 -9999.0 -9999.0 -9999.0 -9999.0 -9999.0 -9999.0 -9999.0 -9999.0 -9999.0 -9999.0 -9999.0 -9999.0 -9999.0 -9999.0 -9999.0 -9999.0 -9999.0 -9999.0 -9999.0 -9999.0 -9999.0 -9999.0 -9999.0 -9999.0 -9999.0 -9999.0 -9999.0 -9999.0 -9999.0 -9999.0 -9999.0 -9999.0 -9999.0 -9999.0 -9999.0 -9999.0 -9999.0 -9999.0 -9999.0 -9999.0 -9999.0 -9999.0 -9999.0 -9999.0 -9999.0 -9999.0 -9999.0 -9999.0 -9999.0 -9999.0 -9999.0 -9999.0 -9999.0 -9999.0 -9999.0 -9999.0 -9999.0 -9999.0 -9999.0 -9999.0 -9999.0 -9999.0 -9999.0 -9999.0 -9999.0 -9999.0 -9999.0 -9999.0 -9999.0 -9999.0 -9999.0
-9999.0 -9999.0 -9999.0 -9999.0 -9999.0 -9999.0 -9999.0 -9999.0 -9999.0 -9999.0 -9999.0 -9999.0 -9999.0 -9999.0 -9999.0 -9999.0 -9999.0 -9999.0 -9999.0 -9999.0 -9999.0 -9999.0 -9999.0 -9999.0 -9999.0 -9999.0 -9999.0 -9999.0 -9999.0 -9999.0 -9999.0 -9999.0 -9999.0 -9999.0 -9999.0 -9999.0 -9999.0 -9999.0 -9999.0 -9999.0 -9999.0 -9999.0 -9999.0 -9999.0 -9999.0 -9999.0 -9999.0 -9999.0 -9999.0 -9999.0 -9999.0 -9999.0 -9999.0 -9999.0 -9999.0 -9999.0 -9999.0 -9999.0 -9999.0 -9999.0 -9999.0 -9999.0 -9999.0 -9999.0 -9999.0 -9999.0 -9999.0 -9999.0 -9999.0 -9999.0 -9999.0 -9999.0 -9999.0 -9999.0 -9999.0 -9999.0 -9999.0 -9999.0 -9999.0 -9999.0 -9999.0 -9999.0 -9999.0 -9999.0 -9999.0 -9999.0 -9999.0 -9999.0 -9999.0 -9999.0 -9999.0 -9999.0 -9999.0 -9999.0 -9999.0 -9999.0 -9999.0 -9999.0 -9999.0 -9999.0 -9999.0 -9999.0 -9999.0 -9999.0