inst/processing_geotop_simulation/geotop_simulation/out/maps3D/PwL0021N0268.asc
ncols         104
nrows         10
xllcorner     -2.000000
yllcorner     0.000000
cellsize      1.000000
NODATA_value  -9999.0
-9999.0 -9999.0 -9999.0 -9999.0 -9999.0 -9999.0 -9999.0 -9999.0 -9999.0 -9999.0 -9999.0 -9999.0 -9999.0 -9999.0 -9999.0 -9999.0 -9999.0 -9999.0 -9999.0 -9999.0 -9999.0 -9999.0 -9999.0 -9999.0 -9999.0 -9999.0 -9999.0 -9999.0 -9999.0 -9999.0 -9999.0 -9999.0 -9999.0 -9999.0 -9999.0 -9999.0 -9999.0 -9999.0 -9999.0 -9999.0 -9999.0 -9999.0 -9999.0 -9999.0 -9999.0 -9999.0 -9999.0 -9999.0 -9999.0 -9999.0 -9999.0 -9999.0 -9999.0 -9999.0 -9999.0 -9999.0 -9999.0 -9999.0 -9999.0 -9999.0 -9999.0 -9999.0 -9999.0 -9999.0 -9999.0 -9999.0 -9999.0 -9999.0 -9999.0 -9999.0 -9999.0 -9999.0 -9999.0 -9999.0 -9999.0 -9999.0 -9999.0 -9999.0 -9999.0 -9999.0 -9999.0 -9999.0 -9999.0 -9999.0 -9999.0 -9999.0 -9999.0 -9999.0 -9999.0 -9999.0 -9999.0 -9999.0 -9999.0 -9999.0 -9999.0 -9999.0 -9999.0 -9999.0 -9999.0 -9999.0 -9999.0 -9999.0 -9999.0 -9999.0
-9999.0 -9999.0 -9999.0 -9999.0 -9999.0 -9999.0 -9999.0 -9999.0 -9999.0 -9999.0 -9999.0 -9999.0 -9999.0 -9999.0 -9999.0 -9999.0 -9999.0 -9999.0 -9999.0 -9999.0 -9999.0 -9999.0 -9999.0 -9999.0 -9999.0 -9999.0 -9999.0 -9999.0 -9999.0 -9999.0 -9999.0 -9999.0 -9999.0 -9999.0 -9999.0 -9999.0 -9999.0 -9999.0 -9999.0 -9999.0 -9999.0 -9999.0 -9999.0 -9999.0 -9999.0 -9999.0 -9999.0 -9999.0 -9999.0 -9999.0 -9999.0 -9999.0 -9999.0 -9999.0 -9999.0 -9999.0 -9999.0 -9999.0 -9999.0 -9999.0 -9999.0 -9999.0 -9999.0 -9999.0 -9999.0 -9999.0 -9999.0 -9999.0 -9999.0 -9999.0 -9999.0 -9999.0 -9999.0 -9999.0 -9999.0 -9999.0 -9999.0 -9999.0 -9999.0 -9999.0 -9999.0 -9999.0 -9999.0 -9999.0 -9999.0 -9999.0 -9999.0 -9999.0 -9999.0 -9999.0 -9999.0 -9999.0 -9999.0 -9999.0 -9999.0 -9999.0 -9999.0 -9999.0 -9999.0 -9999.0 -9999.0 -9999.0 -9999.0 -9999.0
-9999.0 -9999.0 1021.842319 923.765845 825.600888 727.211680 628.693079 530.115787 431.520259 332.928973 234.354592 135.804414 37.283235 -61.199546 -159.640544 -258.011149 -356.245538 -454.214505 -551.687451 -648.268042 -744.267149 -840.170764 -935.115938 -1028.828848 -1115.693046 -1189.807699 -1253.285715 -1305.475350 -1346.732020 -1378.207988 -1401.500013 -1418.308050 -1430.196984 -1438.477688 -1444.179465 -1448.076948 -1450.747713 -1452.680040 -1454.603009 -1458.694795 -1472.603526 -1526.130785 -1703.596970 -3135.845983 -3930.892833 -3930.121697 -3817.242316 -3412.851843 -3021.042546 -2748.821804 -2557.782476 -2401.394682 -2307.311101 -2246.687340 -2190.417639 -2131.555414 -2068.183001 -2001.407933 -1933.686147 -1866.475222 -1788.960253 -1444.896044 -1484.142253 -1464.443270 -1458.131561 -1456.673306 -1456.401378 -1456.356567 -1456.350020 -1456.349640 -1456.350178 -1456.350754 -1456.351231 -1456.351610 -1456.351911 -1456.352155 -1456.352357 -1456.352529 -1456.352680 -1456.352821 -1456.352961 -1456.353114 -1456.353296 -1456.353533 -1456.353864 -1456.354349 -1456.355089 -1456.356250 -1456.358118 -1456.361200 -1456.366428 -1456.375566 -1456.392060 -1456.422790 -1456.481865 -1456.599306 -1456.842727 -1457.375578 -1458.619379 -1461.723122 -1470.093398 -1495.600234 -9999.0 -9999.0
-9999.0 -9999.0 1021.845115 923.766954 825.601261 727.211804 628.693121 530.115802 431.520264 332.928975 234.354593 135.804415 37.283235 -61.199546 -159.640544 -258.011150 -356.245538 -454.214505 -551.687451 -648.268043 -744.267150 -840.170764 -935.115939 -1028.828848 -1115.693046 -1189.807699 -1253.285716 -1305.475351 -1346.732020 -1378.207988 -1401.500013 -1418.308050 -1430.196984 -1438.477688 -1444.179465 -1448.076948 -1450.747713 -1452.680040 -1454.603009 -1458.694795 -1472.603526 -1526.130785 -1703.596970 -3135.845981 -3930.892833 -3930.121697 -3817.242316 -3412.851842 -3021.042546 -2748.821803 -2557.782474 -2401.394682 -2307.311101 -2246.687340 -2190.417639 -2131.555414 -2068.183000 -2001.407933 -1933.686146 -1866.475222 -1788.960253 -1444.896044 -1484.142253 -1464.443270 -1458.131561 -1456.673306 -1456.401378 -1456.356567 -1456.350020 -1456.349640 -1456.350178 -1456.350754 -1456.351231 -1456.351610 -1456.351911 -1456.352155 -1456.352357 -1456.352529 -1456.352680 -1456.352821 -1456.352961 -1456.353114 -1456.353296 -1456.353533 -1456.353864 -1456.354349 -1456.355089 -1456.356250 -1456.358118 -1456.361200 -1456.366428 -1456.375566 -1456.392060 -1456.422790 -1456.481865 -1456.599306 -1456.842727 -1457.375578 -1458.619379 -1461.723122 -1470.093398 -1495.600234 -9999.0 -9999.0
-9999.0 -9999.0 1021.846245 923.767567 825.601523 727.211905 628.693159 530.115815 431.520269 332.928977 234.354593 135.804415 37.283235 -61.199545 -159.640544 -258.011149 -356.245538 -454.214505 -551.687451 -648.268043 -744.267150 -840.170765 -935.115939 -1028.828848 -1115.693046 -1189.807699 -1253.285716 -1305.475351 -1346.732020 -1378.207988 -1401.500013 -1418.308050 -1430.196984 -1438.477688 -1444.179465 -1448.076948 -1450.747713 -1452.680040 -1454.603009 -1458.694795 -1472.603526 -1526.130785 -1703.596970 -3135.845981 -3930.892833 -3930.121697 -3817.242315 -3412.851841 -3021.042545 -2748.821801 -2557.782473 -2401.394681 -2307.311101 -2246.687339 -2190.417639 -2131.555414 -2068.183001 -2001.407932 -1933.686146 -1866.475222 -1788.960253 -1444.896044 -1484.142253 -1464.443270 -1458.131561 -1456.673306 -1456.401378 -1456.356567 -1456.350020 -1456.349640 -1456.350178 -1456.350754 -1456.351231 -1456.351610 -1456.351911 -1456.352155 -1456.352357 -1456.352529 -1456.352680 -1456.352821 -1456.352961 -1456.353114 -1456.353296 -1456.353533 -1456.353864 -1456.354349 -1456.355089 -1456.356250 -1456.358118 -1456.361200 -1456.366428 -1456.375566 -1456.392060 -1456.422790 -1456.481865 -1456.599306 -1456.842727 -1457.375578 -1458.619379 -1461.723122 -1470.093398 -1495.600234 -9999.0 -9999.0
-9999.0 -9999.0 1021.846245 923.767567 825.601522 727.211905 628.693159 530.115815 431.520269 332.928977 234.354593 135.804415 37.283235 -61.199546 -159.640544 -258.011150 -356.245538 -454.214505 -551.687451 -648.268043 -744.267150 -840.170765 -935.115939 -1028.828848 -1115.693046 -1189.807699 -1253.285716 -1305.475351 -1346.732020 -1378.207988 -1401.500013 -1418.308050 -1430.196984 -1438.477688 -1444.179465 -1448.076948 -1450.747713 -1452.680040 -1454.603009 -1458.694795 -1472.603526 -1526.130785 -1703.596970 -3135.845981 -3930.892833 -3930.121697 -3817.242316 -3412.851841 -3021.042545 -2748.821802 -2557.782473 -2401.394681 -2307.311101 -2246.687340 -2190.417639 -2131.555414 -2068.183000 -2001.407933 -1933.686146 -1866.475222 -1788.960253 -1444.896044 -1484.142253 -1464.443270 -1458.131561 -1456.673306 -1456.401378 -1456.356567 -1456.350020 -1456.349640 -1456.350178 -1456.350754 -1456.351231 -1456.351610 -1456.351911 -1456.352155 -1456.352357 -1456.352529 -1456.352680 -1456.352821 -1456.352961 -1456.353114 -1456.353296 -1456.353533 -1456.353864 -1456.354349 -1456.355089 -1456.356250 -1456.358118 -1456.361200 -1456.366428 -1456.375566 -1456.392060 -1456.422790 -1456.481865 -1456.599306 -1456.842727 -1457.375578 -1458.619379 -1461.723122 -1470.093398 -1495.600234 -9999.0 -9999.0
-9999.0 -9999.0 1021.845115 923.766954 825.601261 727.211804 628.693121 530.115801 431.520264 332.928975 234.354593 135.804415 37.283235 -61.199546 -159.640544 -258.011149 -356.245538 -454.214505 -551.687451 -648.268043 -744.267150 -840.170764 -935.115939 -1028.828848 -1115.693046 -1189.807699 -1253.285716 -1305.475351 -1346.732020 -1378.207988 -1401.500013 -1418.308050 -1430.196984 -1438.477688 -1444.179465 -1448.076948 -1450.747713 -1452.680040 -1454.603009 -1458.694795 -1472.603526 -1526.130785 -1703.596970 -3135.845981 -3930.892833 -3930.121697 -3817.242316 -3412.851842 -3021.042546 -2748.821802 -2557.782474 -2401.394682 -2307.311101 -2246.687340 -2190.417639 -2131.555414 -2068.183001 -2001.407933 -1933.686146 -1866.475222 -1788.960253 -1444.896044 -1484.142253 -1464.443270 -1458.131561 -1456.673306 -1456.401378 -1456.356567 -1456.350020 -1456.349640 -1456.350178 -1456.350754 -1456.351231 -1456.351610 -1456.351911 -1456.352155 -1456.352357 -1456.352529 -1456.352680 -1456.352821 -1456.352961 -1456.353114 -1456.353296 -1456.353533 -1456.353864 -1456.354349 -1456.355089 -1456.356250 -1456.358118 -1456.361200 -1456.366428 -1456.375566 -1456.392060 -1456.422790 -1456.481865 -1456.599306 -1456.842727 -1457.375578 -1458.619379 -1461.723122 -1470.093398 -1495.600234 -9999.0 -9999.0
-9999.0 -9999.0 1021.842319 923.765845 825.600888 727.211680 628.693079 530.115787 431.520259 332.928973 234.354592 135.804414 37.283235 -61.199546 -159.640544 -258.011149 -356.245538 -454.214505 -551.687451 -648.268042 -744.267149 -840.170764 -935.115938 -1028.828848 -1115.693046 -1189.807699 -1253.285715 -1305.475350 -1346.732020 -1378.207988 -1401.500013 -1418.308050 -1430.196984 -1438.477688 -1444.179465 -1448.076948 -1450.747713 -1452.680040 -1454.603009 -1458.694795 -1472.603526 -1526.130785 -1703.596970 -3135.845983 -3930.892833 -3930.121697 -3817.242316 -3412.851843 -3021.042546 -2748.821805 -2557.782477 -2401.394683 -2307.311101 -2246.687340 -2190.417639 -2131.555414 -2068.183001 -2001.407933 -1933.686147 -1866.475222 -1788.960253 -1444.896044 -1484.142253 -1464.443270 -1458.131561 -1456.673306 -1456.401378 -1456.356567 -1456.350020 -1456.349640 -1456.350178 -1456.350754 -1456.351231 -1456.351610 -1456.351911 -1456.352155 -1456.352357 -1456.352529 -1456.352680 -1456.352821 -1456.352961 -1456.353114 -1456.353296 -1456.353533 -1456.353864 -1456.354349 -1456.355089 -1456.356250 -1456.358118 -1456.361200 -1456.366428 -1456.375566 -1456.392060 -1456.422790 -1456.481865 -1456.599306 -1456.842727 -1457.375578 -1458.619379 -1461.723122 -1470.093398 -1495.600234 -9999.0 -9999.0
-9999.0 -9999.0 -9999.0 -9999.0 -9999.0 -9999.0 -9999.0 -9999.0 -9999.0 -9999.0 -9999.0 -9999.0 -9999.0 -9999.0 -9999.0 -9999.0 -9999.0 -9999.0 -9999.0 -9999.0 -9999.0 -9999.0 -9999.0 -9999.0 -9999.0 -9999.0 -9999.0 -9999.0 -9999.0 -9999.0 -9999.0 -9999.0 -9999.0 -9999.0 -9999.0 -9999.0 -9999.0 -9999.0 -9999.0 -9999.0 -9999.0 -9999.0 -9999.0 -9999.0 -9999.0 -9999.0 -9999.0 -9999.0 -9999.0 -9999.0 -9999.0 -9999.0 -9999.0 -9999.0 -9999.0 -9999.0 -9999.0 -9999.0 -9999.0 -9999.0 -9999.0 -9999.0 -9999.0 -9999.0 -9999.0 -9999.0 -9999.0 -9999.0 -9999.0 -9999.0 -9999.0 -9999.0 -9999.0 -9999.0 -9999.0 -9999.0 -9999.0 -9999.0 -9999.0 -9999.0 -9999.0 -9999.0 -9999.0 -9999.0 -9999.0 -9999.0 -9999.0 -9999.0 -9999.0 -9999.0 -9999.0 -9999.0 -9999.0 -9999.0 -9999.0 -9999.0 -9999.0 -9999.0 -9999.0 -9999.0 -9999.0 -9999.0 -9999.0 -9999.0
-9999.0 -9999.0 -9999.0 -9999.0 -9999.0 -9999.0 -9999.0 -9999.0 -9999.0 -9999.0 -9999.0 -9999.0 -9999.0 -9999.0 -9999.0 -9999.0 -9999.0 -9999.0 -9999.0 -9999.0 -9999.0 -9999.0 -9999.0 -9999.0 -9999.0 -9999.0 -9999.0 -9999.0 -9999.0 -9999.0 -9999.0 -9999.0 -9999.0 -9999.0 -9999.0 -9999.0 -9999.0 -9999.0 -9999.0 -9999.0 -9999.0 -9999.0 -9999.0 -9999.0 -9999.0 -9999.0 -9999.0 -9999.0 -9999.0 -9999.0 -9999.0 -9999.0 -9999.0 -9999.0 -9999.0 -9999.0 -9999.0 -9999.0 -9999.0 -9999.0 -9999.0 -9999.0 -9999.0 -9999.0 -9999.0 -9999.0 -9999.0 -9999.0 -9999.0 -9999.0 -9999.0 -9999.0 -9999.0 -9999.0 -9999.0 -9999.0 -9999.0 -9999.0 -9999.0 -9999.0 -9999.0 -9999.0 -9999.0 -9999.0 -9999.0 -9999.0 -9999.0 -9999.0 -9999.0 -9999.0 -9999.0 -9999.0 -9999.0 -9999.0 -9999.0 -9999.0 -9999.0 -9999.0 -9999.0 -9999.0 -9999.0 -9999.0 -9999.0 -9999.0