inst/processing_geotop_simulation/geotop_simulation/out/maps3D/PwL0018N0430.asc
ncols         104
nrows         10
xllcorner     -2.000000
yllcorner     0.000000
cellsize      1.000000
NODATA_value  -9999.0
-9999.0 -9999.0 -9999.0 -9999.0 -9999.0 -9999.0 -9999.0 -9999.0 -9999.0 -9999.0 -9999.0 -9999.0 -9999.0 -9999.0 -9999.0 -9999.0 -9999.0 -9999.0 -9999.0 -9999.0 -9999.0 -9999.0 -9999.0 -9999.0 -9999.0 -9999.0 -9999.0 -9999.0 -9999.0 -9999.0 -9999.0 -9999.0 -9999.0 -9999.0 -9999.0 -9999.0 -9999.0 -9999.0 -9999.0 -9999.0 -9999.0 -9999.0 -9999.0 -9999.0 -9999.0 -9999.0 -9999.0 -9999.0 -9999.0 -9999.0 -9999.0 -9999.0 -9999.0 -9999.0 -9999.0 -9999.0 -9999.0 -9999.0 -9999.0 -9999.0 -9999.0 -9999.0 -9999.0 -9999.0 -9999.0 -9999.0 -9999.0 -9999.0 -9999.0 -9999.0 -9999.0 -9999.0 -9999.0 -9999.0 -9999.0 -9999.0 -9999.0 -9999.0 -9999.0 -9999.0 -9999.0 -9999.0 -9999.0 -9999.0 -9999.0 -9999.0 -9999.0 -9999.0 -9999.0 -9999.0 -9999.0 -9999.0 -9999.0 -9999.0 -9999.0 -9999.0 -9999.0 -9999.0 -9999.0 -9999.0 -9999.0 -9999.0 -9999.0 -9999.0
-9999.0 -9999.0 -9999.0 -9999.0 -9999.0 -9999.0 -9999.0 -9999.0 -9999.0 -9999.0 -9999.0 -9999.0 -9999.0 -9999.0 -9999.0 -9999.0 -9999.0 -9999.0 -9999.0 -9999.0 -9999.0 -9999.0 -9999.0 -9999.0 -9999.0 -9999.0 -9999.0 -9999.0 -9999.0 -9999.0 -9999.0 -9999.0 -9999.0 -9999.0 -9999.0 -9999.0 -9999.0 -9999.0 -9999.0 -9999.0 -9999.0 -9999.0 -9999.0 -9999.0 -9999.0 -9999.0 -9999.0 -9999.0 -9999.0 -9999.0 -9999.0 -9999.0 -9999.0 -9999.0 -9999.0 -9999.0 -9999.0 -9999.0 -9999.0 -9999.0 -9999.0 -9999.0 -9999.0 -9999.0 -9999.0 -9999.0 -9999.0 -9999.0 -9999.0 -9999.0 -9999.0 -9999.0 -9999.0 -9999.0 -9999.0 -9999.0 -9999.0 -9999.0 -9999.0 -9999.0 -9999.0 -9999.0 -9999.0 -9999.0 -9999.0 -9999.0 -9999.0 -9999.0 -9999.0 -9999.0 -9999.0 -9999.0 -9999.0 -9999.0 -9999.0 -9999.0 -9999.0 -9999.0 -9999.0 -9999.0 -9999.0 -9999.0 -9999.0 -9999.0
-9999.0 -9999.0 869.162966 770.113090 670.949786 571.660314 472.305294 372.921533 273.528748 174.137582 74.753937 -24.616875 -123.971834 -223.309256 -322.616888 -421.873445 -521.039568 -620.045750 -718.775325 -817.587992 -916.189025 -1014.456460 -1112.190663 -1205.588705 -1293.980392 -1375.258671 -1447.551164 -1509.592967 -1560.953729 -1602.042618 -1633.916569 -1657.994182 -1675.784759 -1688.696386 -1697.935107 -1704.477950 -1709.102405 -1712.492122 -1715.536465 -1719.981664 -1728.505672 -1742.112921 -1919.350793 -3995.016778 -4084.142466 -4084.157144 -4084.129810 -4083.885414 -4082.890415 -4080.040276 -4073.167972 -4056.136024 -4032.084753 -4005.220861 -3967.303508 -3908.219373 -3814.213430 -3672.682521 -3482.639659 -3258.673839 -2933.350536 -1668.704885 -1698.075853 -1720.506546 -1720.593633 -1719.712359 -1719.436325 -1719.377057 -1719.366628 -1719.365367 -1719.365643 -1719.366106 -1719.366532 -1719.366898 -1719.367215 -1719.367495 -1719.367749 -1719.367987 -1719.368214 -1719.368439 -1719.368669 -1719.368913 -1719.369186 -1719.369506 -1719.369902 -1719.370422 -1719.371142 -1719.372190 -1719.373787 -1719.376331 -1719.380558 -1719.387876 -1719.401061 -1719.425725 -1719.473600 -1719.570322 -1719.775367 -1720.236344 -1721.345752 -1724.232350 -1732.472428 -1758.730054 -9999.0 -9999.0
-9999.0 -9999.0 869.166017 770.114207 670.950143 571.660429 472.305333 372.921547 273.528753 174.137584 74.753938 -24.616874 -123.971833 -223.309256 -322.616888 -421.873445 -521.039568 -620.045751 -718.775326 -817.587993 -916.189026 -1014.456460 -1112.190664 -1205.588705 -1293.980392 -1375.258671 -1447.551164 -1509.592968 -1560.953729 -1602.042618 -1633.916569 -1657.994182 -1675.784759 -1688.696386 -1697.935107 -1704.477950 -1709.102405 -1712.492122 -1715.536465 -1719.981664 -1728.505672 -1742.112921 -1919.350792 -3995.016778 -4084.142466 -4084.157144 -4084.129810 -4083.885414 -4082.890415 -4080.040276 -4073.167972 -4056.136024 -4032.084753 -4005.220861 -3967.303508 -3908.219373 -3814.213429 -3672.682521 -3482.639658 -3258.673839 -2933.350536 -1668.704885 -1698.075853 -1720.506546 -1720.593633 -1719.712359 -1719.436325 -1719.377057 -1719.366628 -1719.365367 -1719.365643 -1719.366106 -1719.366532 -1719.366898 -1719.367215 -1719.367495 -1719.367749 -1719.367987 -1719.368214 -1719.368439 -1719.368668 -1719.368913 -1719.369186 -1719.369506 -1719.369902 -1719.370422 -1719.371142 -1719.372190 -1719.373787 -1719.376331 -1719.380558 -1719.387876 -1719.401061 -1719.425725 -1719.473600 -1719.570322 -1719.775367 -1720.236344 -1721.345752 -1724.232350 -1732.472428 -1758.730054 -9999.0 -9999.0
-9999.0 -9999.0 869.167117 770.114792 670.950388 571.660522 472.305368 372.921559 273.528758 174.137586 74.753939 -24.616874 -123.971833 -223.309256 -322.616888 -421.873445 -521.039569 -620.045751 -718.775326 -817.587993 -916.189026 -1014.456461 -1112.190664 -1205.588705 -1293.980392 -1375.258671 -1447.551164 -1509.592968 -1560.953729 -1602.042618 -1633.916569 -1657.994182 -1675.784759 -1688.696386 -1697.935107 -1704.477950 -1709.102405 -1712.492122 -1715.536465 -1719.981664 -1728.505672 -1742.112921 -1919.350792 -3995.016778 -4084.142466 -4084.157144 -4084.129810 -4083.885414 -4082.890415 -4080.040276 -4073.167972 -4056.136024 -4032.084753 -4005.220861 -3967.303508 -3908.219373 -3814.213429 -3672.682520 -3482.639658 -3258.673838 -2933.350536 -1668.704885 -1698.075853 -1720.506546 -1720.593633 -1719.712359 -1719.436325 -1719.377057 -1719.366627 -1719.365367 -1719.365643 -1719.366106 -1719.366532 -1719.366898 -1719.367215 -1719.367495 -1719.367749 -1719.367987 -1719.368214 -1719.368439 -1719.368668 -1719.368913 -1719.369186 -1719.369506 -1719.369902 -1719.370422 -1719.371142 -1719.372190 -1719.373787 -1719.376331 -1719.380558 -1719.387876 -1719.401061 -1719.425725 -1719.473600 -1719.570322 -1719.775367 -1720.236344 -1721.345752 -1724.232350 -1732.472428 -1758.730054 -9999.0 -9999.0
-9999.0 -9999.0 869.167117 770.114792 670.950388 571.660522 472.305368 372.921559 273.528758 174.137586 74.753939 -24.616874 -123.971833 -223.309256 -322.616888 -421.873445 -521.039568 -620.045751 -718.775326 -817.587993 -916.189026 -1014.456461 -1112.190664 -1205.588705 -1293.980392 -1375.258671 -1447.551164 -1509.592968 -1560.953729 -1602.042618 -1633.916569 -1657.994182 -1675.784759 -1688.696386 -1697.935107 -1704.477950 -1709.102405 -1712.492122 -1715.536465 -1719.981664 -1728.505672 -1742.112921 -1919.350792 -3995.016778 -4084.142466 -4084.157144 -4084.129810 -4083.885414 -4082.890415 -4080.040276 -4073.167972 -4056.136024 -4032.084753 -4005.220861 -3967.303508 -3908.219373 -3814.213429 -3672.682520 -3482.639658 -3258.673839 -2933.350536 -1668.704885 -1698.075853 -1720.506546 -1720.593633 -1719.712359 -1719.436325 -1719.377057 -1719.366627 -1719.365367 -1719.365643 -1719.366106 -1719.366532 -1719.366898 -1719.367215 -1719.367495 -1719.367749 -1719.367987 -1719.368214 -1719.368439 -1719.368668 -1719.368913 -1719.369186 -1719.369506 -1719.369902 -1719.370422 -1719.371142 -1719.372190 -1719.373787 -1719.376331 -1719.380558 -1719.387876 -1719.401061 -1719.425725 -1719.473600 -1719.570322 -1719.775367 -1720.236344 -1721.345752 -1724.232350 -1732.472428 -1758.730054 -9999.0 -9999.0
-9999.0 -9999.0 869.166017 770.114207 670.950143 571.660429 472.305333 372.921547 273.528753 174.137584 74.753938 -24.616874 -123.971833 -223.309256 -322.616888 -421.873445 -521.039568 -620.045751 -718.775326 -817.587993 -916.189026 -1014.456460 -1112.190664 -1205.588705 -1293.980392 -1375.258671 -1447.551164 -1509.592968 -1560.953729 -1602.042618 -1633.916569 -1657.994182 -1675.784759 -1688.696386 -1697.935107 -1704.477950 -1709.102405 -1712.492122 -1715.536465 -1719.981664 -1728.505672 -1742.112921 -1919.350792 -3995.016778 -4084.142466 -4084.157144 -4084.129810 -4083.885414 -4082.890415 -4080.040276 -4073.167972 -4056.136024 -4032.084753 -4005.220861 -3967.303508 -3908.219373 -3814.213429 -3672.682520 -3482.639659 -3258.673839 -2933.350537 -1668.704885 -1698.075853 -1720.506546 -1720.593633 -1719.712359 -1719.436325 -1719.377057 -1719.366628 -1719.365367 -1719.365643 -1719.366106 -1719.366532 -1719.366898 -1719.367215 -1719.367495 -1719.367749 -1719.367987 -1719.368214 -1719.368439 -1719.368668 -1719.368913 -1719.369186 -1719.369506 -1719.369902 -1719.370422 -1719.371142 -1719.372190 -1719.373787 -1719.376331 -1719.380558 -1719.387876 -1719.401061 -1719.425725 -1719.473600 -1719.570322 -1719.775367 -1720.236344 -1721.345752 -1724.232350 -1732.472428 -1758.730054 -9999.0 -9999.0
-9999.0 -9999.0 869.162966 770.113090 670.949786 571.660314 472.305294 372.921533 273.528748 174.137582 74.753937 -24.616875 -123.971834 -223.309256 -322.616888 -421.873445 -521.039568 -620.045750 -718.775325 -817.587992 -916.189025 -1014.456460 -1112.190663 -1205.588705 -1293.980392 -1375.258671 -1447.551164 -1509.592967 -1560.953729 -1602.042618 -1633.916569 -1657.994182 -1675.784759 -1688.696386 -1697.935107 -1704.477950 -1709.102405 -1712.492122 -1715.536465 -1719.981664 -1728.505672 -1742.112921 -1919.350793 -3995.016778 -4084.142466 -4084.157144 -4084.129810 -4083.885414 -4082.890415 -4080.040276 -4073.167972 -4056.136024 -4032.084753 -4005.220861 -3967.303508 -3908.219373 -3814.213430 -3672.682521 -3482.639659 -3258.673840 -2933.350537 -1668.704885 -1698.075853 -1720.506546 -1720.593633 -1719.712359 -1719.436325 -1719.377057 -1719.366628 -1719.365367 -1719.365643 -1719.366106 -1719.366532 -1719.366898 -1719.367215 -1719.367495 -1719.367749 -1719.367987 -1719.368214 -1719.368439 -1719.368669 -1719.368913 -1719.369186 -1719.369506 -1719.369902 -1719.370422 -1719.371142 -1719.372190 -1719.373787 -1719.376331 -1719.380558 -1719.387876 -1719.401061 -1719.425725 -1719.473600 -1719.570322 -1719.775367 -1720.236344 -1721.345752 -1724.232350 -1732.472428 -1758.730054 -9999.0 -9999.0
-9999.0 -9999.0 -9999.0 -9999.0 -9999.0 -9999.0 -9999.0 -9999.0 -9999.0 -9999.0 -9999.0 -9999.0 -9999.0 -9999.0 -9999.0 -9999.0 -9999.0 -9999.0 -9999.0 -9999.0 -9999.0 -9999.0 -9999.0 -9999.0 -9999.0 -9999.0 -9999.0 -9999.0 -9999.0 -9999.0 -9999.0 -9999.0 -9999.0 -9999.0 -9999.0 -9999.0 -9999.0 -9999.0 -9999.0 -9999.0 -9999.0 -9999.0 -9999.0 -9999.0 -9999.0 -9999.0 -9999.0 -9999.0 -9999.0 -9999.0 -9999.0 -9999.0 -9999.0 -9999.0 -9999.0 -9999.0 -9999.0 -9999.0 -9999.0 -9999.0 -9999.0 -9999.0 -9999.0 -9999.0 -9999.0 -9999.0 -9999.0 -9999.0 -9999.0 -9999.0 -9999.0 -9999.0 -9999.0 -9999.0 -9999.0 -9999.0 -9999.0 -9999.0 -9999.0 -9999.0 -9999.0 -9999.0 -9999.0 -9999.0 -9999.0 -9999.0 -9999.0 -9999.0 -9999.0 -9999.0 -9999.0 -9999.0 -9999.0 -9999.0 -9999.0 -9999.0 -9999.0 -9999.0 -9999.0 -9999.0 -9999.0 -9999.0 -9999.0 -9999.0
-9999.0 -9999.0 -9999.0 -9999.0 -9999.0 -9999.0 -9999.0 -9999.0 -9999.0 -9999.0 -9999.0 -9999.0 -9999.0 -9999.0 -9999.0 -9999.0 -9999.0 -9999.0 -9999.0 -9999.0 -9999.0 -9999.0 -9999.0 -9999.0 -9999.0 -9999.0 -9999.0 -9999.0 -9999.0 -9999.0 -9999.0 -9999.0 -9999.0 -9999.0 -9999.0 -9999.0 -9999.0 -9999.0 -9999.0 -9999.0 -9999.0 -9999.0 -9999.0 -9999.0 -9999.0 -9999.0 -9999.0 -9999.0 -9999.0 -9999.0 -9999.0 -9999.0 -9999.0 -9999.0 -9999.0 -9999.0 -9999.0 -9999.0 -9999.0 -9999.0 -9999.0 -9999.0 -9999.0 -9999.0 -9999.0 -9999.0 -9999.0 -9999.0 -9999.0 -9999.0 -9999.0 -9999.0 -9999.0 -9999.0 -9999.0 -9999.0 -9999.0 -9999.0 -9999.0 -9999.0 -9999.0 -9999.0 -9999.0 -9999.0 -9999.0 -9999.0 -9999.0 -9999.0 -9999.0 -9999.0 -9999.0 -9999.0 -9999.0 -9999.0 -9999.0 -9999.0 -9999.0 -9999.0 -9999.0 -9999.0 -9999.0 -9999.0 -9999.0 -9999.0