inst/processing_geotop_simulation/geotop_simulation/out/maps3D/PwL0021N0118.asc
ncols         104
nrows         10
xllcorner     -2.000000
yllcorner     0.000000
cellsize      1.000000
NODATA_value  -9999.0
-9999.0 -9999.0 -9999.0 -9999.0 -9999.0 -9999.0 -9999.0 -9999.0 -9999.0 -9999.0 -9999.0 -9999.0 -9999.0 -9999.0 -9999.0 -9999.0 -9999.0 -9999.0 -9999.0 -9999.0 -9999.0 -9999.0 -9999.0 -9999.0 -9999.0 -9999.0 -9999.0 -9999.0 -9999.0 -9999.0 -9999.0 -9999.0 -9999.0 -9999.0 -9999.0 -9999.0 -9999.0 -9999.0 -9999.0 -9999.0 -9999.0 -9999.0 -9999.0 -9999.0 -9999.0 -9999.0 -9999.0 -9999.0 -9999.0 -9999.0 -9999.0 -9999.0 -9999.0 -9999.0 -9999.0 -9999.0 -9999.0 -9999.0 -9999.0 -9999.0 -9999.0 -9999.0 -9999.0 -9999.0 -9999.0 -9999.0 -9999.0 -9999.0 -9999.0 -9999.0 -9999.0 -9999.0 -9999.0 -9999.0 -9999.0 -9999.0 -9999.0 -9999.0 -9999.0 -9999.0 -9999.0 -9999.0 -9999.0 -9999.0 -9999.0 -9999.0 -9999.0 -9999.0 -9999.0 -9999.0 -9999.0 -9999.0 -9999.0 -9999.0 -9999.0 -9999.0 -9999.0 -9999.0 -9999.0 -9999.0 -9999.0 -9999.0 -9999.0 -9999.0
-9999.0 -9999.0 -9999.0 -9999.0 -9999.0 -9999.0 -9999.0 -9999.0 -9999.0 -9999.0 -9999.0 -9999.0 -9999.0 -9999.0 -9999.0 -9999.0 -9999.0 -9999.0 -9999.0 -9999.0 -9999.0 -9999.0 -9999.0 -9999.0 -9999.0 -9999.0 -9999.0 -9999.0 -9999.0 -9999.0 -9999.0 -9999.0 -9999.0 -9999.0 -9999.0 -9999.0 -9999.0 -9999.0 -9999.0 -9999.0 -9999.0 -9999.0 -9999.0 -9999.0 -9999.0 -9999.0 -9999.0 -9999.0 -9999.0 -9999.0 -9999.0 -9999.0 -9999.0 -9999.0 -9999.0 -9999.0 -9999.0 -9999.0 -9999.0 -9999.0 -9999.0 -9999.0 -9999.0 -9999.0 -9999.0 -9999.0 -9999.0 -9999.0 -9999.0 -9999.0 -9999.0 -9999.0 -9999.0 -9999.0 -9999.0 -9999.0 -9999.0 -9999.0 -9999.0 -9999.0 -9999.0 -9999.0 -9999.0 -9999.0 -9999.0 -9999.0 -9999.0 -9999.0 -9999.0 -9999.0 -9999.0 -9999.0 -9999.0 -9999.0 -9999.0 -9999.0 -9999.0 -9999.0 -9999.0 -9999.0 -9999.0 -9999.0 -9999.0 -9999.0
-9999.0 -9999.0 1040.544046 947.573625 854.310152 760.237993 665.694846 570.936014 476.108241 381.292931 286.535087 191.858933 97.274146 2.806269 -91.495585 -185.652726 -279.703179 -373.708673 -467.682845 -561.434254 -654.390364 -745.489381 -834.436274 -920.099945 -990.770714 -1037.451535 -1069.229059 -1089.380714 -1101.434264 -1108.297200 -1112.041137 -1114.003918 -1114.994020 -1115.475688 -1115.703354 -1115.813193 -1115.883604 -1115.986933 -1116.340576 -1118.404534 -1131.514679 -1224.364561 -1832.192075 -3871.573045 -3935.626625 -3935.624476 -3934.599311 -3920.736187 -3853.261189 -3687.834326 -3436.689627 -3127.341999 -2910.568992 -2766.352052 -2632.802835 -2496.495222 -2356.023754 -2216.312153 -2082.958799 -1958.112345 -1833.048550 -1404.147538 -1187.161049 -1126.146933 -1117.455077 -1116.348003 -1116.200150 -1116.177944 -1116.175417 -1116.176338 -1116.177667 -1116.178810 -1116.179699 -1116.180377 -1116.180897 -1116.181301 -1116.181622 -1116.181882 -1116.182099 -1116.182292 -1116.182479 -1116.182686 -1116.182944 -1116.183300 -1116.183824 -1116.184629 -1116.185892 -1116.187909 -1116.191180 -1116.196576 -1116.205665 -1116.221372 -1116.249322 -1116.300593 -1116.397378 -1116.584903 -1116.958666 -1117.735630 -1119.462513 -1123.629385 -1134.344416 -1163.178213 -9999.0 -9999.0
-9999.0 -9999.0 1040.547204 947.574884 854.310578 760.238135 665.694894 570.936031 476.108247 381.292933 286.535088 191.858933 97.274147 2.806269 -91.495585 -185.652726 -279.703179 -373.708673 -467.682845 -561.434254 -654.390364 -745.489381 -834.436274 -920.099945 -990.770714 -1037.451535 -1069.229059 -1089.380714 -1101.434264 -1108.297200 -1112.041137 -1114.003918 -1114.994020 -1115.475688 -1115.703354 -1115.813193 -1115.883604 -1115.986933 -1116.340576 -1118.404534 -1131.514679 -1224.364561 -1832.192075 -3871.573045 -3935.626625 -3935.624476 -3934.599311 -3920.736187 -3853.261188 -3687.834324 -3436.689623 -3127.341997 -2910.568991 -2766.352052 -2632.802834 -2496.495221 -2356.023753 -2216.312152 -2082.958798 -1958.112345 -1833.048551 -1404.147538 -1187.161049 -1126.146933 -1117.455077 -1116.348003 -1116.200150 -1116.177944 -1116.175417 -1116.176338 -1116.177667 -1116.178810 -1116.179699 -1116.180377 -1116.180897 -1116.181301 -1116.181622 -1116.181882 -1116.182099 -1116.182292 -1116.182479 -1116.182686 -1116.182944 -1116.183300 -1116.183824 -1116.184629 -1116.185892 -1116.187909 -1116.191180 -1116.196576 -1116.205665 -1116.221372 -1116.249322 -1116.300593 -1116.397378 -1116.584903 -1116.958666 -1117.735630 -1119.462513 -1123.629385 -1134.344416 -1163.178213 -9999.0 -9999.0
-9999.0 -9999.0 1040.548480 947.575579 854.310875 760.238250 665.694937 570.936046 476.108252 381.292935 286.535088 191.858933 97.274147 2.806269 -91.495585 -185.652726 -279.703179 -373.708673 -467.682845 -561.434254 -654.390364 -745.489381 -834.436274 -920.099945 -990.770714 -1037.451535 -1069.229059 -1089.380714 -1101.434264 -1108.297200 -1112.041137 -1114.003918 -1114.994020 -1115.475688 -1115.703354 -1115.813193 -1115.883604 -1115.986933 -1116.340576 -1118.404534 -1131.514679 -1224.364561 -1832.192075 -3871.573044 -3935.626625 -3935.624476 -3934.599311 -3920.736187 -3853.261188 -3687.834322 -3436.689620 -3127.341996 -2910.568991 -2766.352051 -2632.802835 -2496.495221 -2356.023753 -2216.312152 -2082.958798 -1958.112344 -1833.048550 -1404.147537 -1187.161049 -1126.146933 -1117.455077 -1116.348003 -1116.200150 -1116.177944 -1116.175417 -1116.176338 -1116.177667 -1116.178810 -1116.179699 -1116.180377 -1116.180897 -1116.181301 -1116.181622 -1116.181882 -1116.182099 -1116.182292 -1116.182479 -1116.182686 -1116.182944 -1116.183300 -1116.183824 -1116.184629 -1116.185892 -1116.187909 -1116.191180 -1116.196576 -1116.205665 -1116.221372 -1116.249322 -1116.300593 -1116.397378 -1116.584903 -1116.958666 -1117.735630 -1119.462513 -1123.629385 -1134.344416 -1163.178213 -9999.0 -9999.0
-9999.0 -9999.0 1040.548480 947.575579 854.310876 760.238250 665.694937 570.936046 476.108253 381.292935 286.535088 191.858933 97.274147 2.806269 -91.495585 -185.652726 -279.703179 -373.708673 -467.682845 -561.434254 -654.390364 -745.489381 -834.436274 -920.099945 -990.770714 -1037.451535 -1069.229059 -1089.380714 -1101.434264 -1108.297200 -1112.041137 -1114.003918 -1114.994020 -1115.475688 -1115.703354 -1115.813193 -1115.883604 -1115.986933 -1116.340576 -1118.404534 -1131.514679 -1224.364561 -1832.192075 -3871.573045 -3935.626625 -3935.624476 -3934.599311 -3920.736187 -3853.261188 -3687.834323 -3436.689621 -3127.341996 -2910.568991 -2766.352051 -2632.802834 -2496.495221 -2356.023753 -2216.312152 -2082.958798 -1958.112344 -1833.048550 -1404.147538 -1187.161049 -1126.146933 -1117.455077 -1116.348003 -1116.200150 -1116.177944 -1116.175417 -1116.176338 -1116.177667 -1116.178810 -1116.179699 -1116.180377 -1116.180897 -1116.181301 -1116.181622 -1116.181882 -1116.182099 -1116.182292 -1116.182479 -1116.182686 -1116.182944 -1116.183300 -1116.183824 -1116.184629 -1116.185892 -1116.187909 -1116.191180 -1116.196576 -1116.205665 -1116.221372 -1116.249322 -1116.300593 -1116.397378 -1116.584903 -1116.958666 -1117.735630 -1119.462513 -1123.629385 -1134.344416 -1163.178213 -9999.0 -9999.0
-9999.0 -9999.0 1040.547204 947.574884 854.310578 760.238135 665.694894 570.936031 476.108247 381.292933 286.535088 191.858933 97.274147 2.806269 -91.495585 -185.652726 -279.703179 -373.708673 -467.682845 -561.434254 -654.390364 -745.489381 -834.436274 -920.099945 -990.770714 -1037.451535 -1069.229059 -1089.380714 -1101.434264 -1108.297200 -1112.041137 -1114.003918 -1114.994020 -1115.475688 -1115.703354 -1115.813193 -1115.883604 -1115.986933 -1116.340576 -1118.404534 -1131.514679 -1224.364561 -1832.192075 -3871.573045 -3935.626625 -3935.624476 -3934.599311 -3920.736187 -3853.261188 -3687.834323 -3436.689622 -3127.341997 -2910.568991 -2766.352051 -2632.802835 -2496.495221 -2356.023753 -2216.312152 -2082.958798 -1958.112344 -1833.048551 -1404.147538 -1187.161049 -1126.146933 -1117.455077 -1116.348003 -1116.200150 -1116.177944 -1116.175417 -1116.176338 -1116.177667 -1116.178810 -1116.179699 -1116.180377 -1116.180897 -1116.181301 -1116.181622 -1116.181882 -1116.182099 -1116.182292 -1116.182479 -1116.182686 -1116.182944 -1116.183300 -1116.183824 -1116.184629 -1116.185892 -1116.187909 -1116.191180 -1116.196576 -1116.205665 -1116.221372 -1116.249322 -1116.300593 -1116.397378 -1116.584903 -1116.958666 -1117.735630 -1119.462513 -1123.629385 -1134.344416 -1163.178213 -9999.0 -9999.0
-9999.0 -9999.0 1040.544046 947.573624 854.310153 760.237993 665.694846 570.936014 476.108241 381.292931 286.535087 191.858932 97.274146 2.806269 -91.495585 -185.652726 -279.703179 -373.708673 -467.682845 -561.434254 -654.390364 -745.489381 -834.436274 -920.099945 -990.770714 -1037.451535 -1069.229059 -1089.380714 -1101.434264 -1108.297200 -1112.041137 -1114.003918 -1114.994020 -1115.475688 -1115.703354 -1115.813193 -1115.883604 -1115.986933 -1116.340576 -1118.404534 -1131.514679 -1224.364561 -1832.192075 -3871.573045 -3935.626625 -3935.624476 -3934.599311 -3920.736187 -3853.261189 -3687.834326 -3436.689627 -3127.341999 -2910.568992 -2766.352052 -2632.802835 -2496.495222 -2356.023754 -2216.312153 -2082.958798 -1958.112345 -1833.048551 -1404.147538 -1187.161049 -1126.146933 -1117.455077 -1116.348003 -1116.200150 -1116.177944 -1116.175417 -1116.176338 -1116.177667 -1116.178810 -1116.179699 -1116.180377 -1116.180897 -1116.181301 -1116.181622 -1116.181882 -1116.182099 -1116.182292 -1116.182479 -1116.182686 -1116.182944 -1116.183300 -1116.183824 -1116.184629 -1116.185892 -1116.187909 -1116.191180 -1116.196576 -1116.205665 -1116.221372 -1116.249322 -1116.300593 -1116.397378 -1116.584903 -1116.958666 -1117.735630 -1119.462513 -1123.629385 -1134.344416 -1163.178213 -9999.0 -9999.0
-9999.0 -9999.0 -9999.0 -9999.0 -9999.0 -9999.0 -9999.0 -9999.0 -9999.0 -9999.0 -9999.0 -9999.0 -9999.0 -9999.0 -9999.0 -9999.0 -9999.0 -9999.0 -9999.0 -9999.0 -9999.0 -9999.0 -9999.0 -9999.0 -9999.0 -9999.0 -9999.0 -9999.0 -9999.0 -9999.0 -9999.0 -9999.0 -9999.0 -9999.0 -9999.0 -9999.0 -9999.0 -9999.0 -9999.0 -9999.0 -9999.0 -9999.0 -9999.0 -9999.0 -9999.0 -9999.0 -9999.0 -9999.0 -9999.0 -9999.0 -9999.0 -9999.0 -9999.0 -9999.0 -9999.0 -9999.0 -9999.0 -9999.0 -9999.0 -9999.0 -9999.0 -9999.0 -9999.0 -9999.0 -9999.0 -9999.0 -9999.0 -9999.0 -9999.0 -9999.0 -9999.0 -9999.0 -9999.0 -9999.0 -9999.0 -9999.0 -9999.0 -9999.0 -9999.0 -9999.0 -9999.0 -9999.0 -9999.0 -9999.0 -9999.0 -9999.0 -9999.0 -9999.0 -9999.0 -9999.0 -9999.0 -9999.0 -9999.0 -9999.0 -9999.0 -9999.0 -9999.0 -9999.0 -9999.0 -9999.0 -9999.0 -9999.0 -9999.0 -9999.0
-9999.0 -9999.0 -9999.0 -9999.0 -9999.0 -9999.0 -9999.0 -9999.0 -9999.0 -9999.0 -9999.0 -9999.0 -9999.0 -9999.0 -9999.0 -9999.0 -9999.0 -9999.0 -9999.0 -9999.0 -9999.0 -9999.0 -9999.0 -9999.0 -9999.0 -9999.0 -9999.0 -9999.0 -9999.0 -9999.0 -9999.0 -9999.0 -9999.0 -9999.0 -9999.0 -9999.0 -9999.0 -9999.0 -9999.0 -9999.0 -9999.0 -9999.0 -9999.0 -9999.0 -9999.0 -9999.0 -9999.0 -9999.0 -9999.0 -9999.0 -9999.0 -9999.0 -9999.0 -9999.0 -9999.0 -9999.0 -9999.0 -9999.0 -9999.0 -9999.0 -9999.0 -9999.0 -9999.0 -9999.0 -9999.0 -9999.0 -9999.0 -9999.0 -9999.0 -9999.0 -9999.0 -9999.0 -9999.0 -9999.0 -9999.0 -9999.0 -9999.0 -9999.0 -9999.0 -9999.0 -9999.0 -9999.0 -9999.0 -9999.0 -9999.0 -9999.0 -9999.0 -9999.0 -9999.0 -9999.0 -9999.0 -9999.0 -9999.0 -9999.0 -9999.0 -9999.0 -9999.0 -9999.0 -9999.0 -9999.0 -9999.0 -9999.0 -9999.0 -9999.0