inst/processing_geotop_simulation/geotop_simulation/out/maps3D/PwL0000N0034.asc
ncols         104
nrows         10
xllcorner     -2.000000
yllcorner     0.000000
cellsize      1.000000
NODATA_value  -9999.0
-9999.0 -9999.0 -9999.0 -9999.0 -9999.0 -9999.0 -9999.0 -9999.0 -9999.0 -9999.0 -9999.0 -9999.0 -9999.0 -9999.0 -9999.0 -9999.0 -9999.0 -9999.0 -9999.0 -9999.0 -9999.0 -9999.0 -9999.0 -9999.0 -9999.0 -9999.0 -9999.0 -9999.0 -9999.0 -9999.0 -9999.0 -9999.0 -9999.0 -9999.0 -9999.0 -9999.0 -9999.0 -9999.0 -9999.0 -9999.0 -9999.0 -9999.0 -9999.0 -9999.0 -9999.0 -9999.0 -9999.0 -9999.0 -9999.0 -9999.0 -9999.0 -9999.0 -9999.0 -9999.0 -9999.0 -9999.0 -9999.0 -9999.0 -9999.0 -9999.0 -9999.0 -9999.0 -9999.0 -9999.0 -9999.0 -9999.0 -9999.0 -9999.0 -9999.0 -9999.0 -9999.0 -9999.0 -9999.0 -9999.0 -9999.0 -9999.0 -9999.0 -9999.0 -9999.0 -9999.0 -9999.0 -9999.0 -9999.0 -9999.0 -9999.0 -9999.0 -9999.0 -9999.0 -9999.0 -9999.0 -9999.0 -9999.0 -9999.0 -9999.0 -9999.0 -9999.0 -9999.0 -9999.0 -9999.0 -9999.0 -9999.0 -9999.0 -9999.0 -9999.0
-9999.0 -9999.0 -9999.0 -9999.0 -9999.0 -9999.0 -9999.0 -9999.0 -9999.0 -9999.0 -9999.0 -9999.0 -9999.0 -9999.0 -9999.0 -9999.0 -9999.0 -9999.0 -9999.0 -9999.0 -9999.0 -9999.0 -9999.0 -9999.0 -9999.0 -9999.0 -9999.0 -9999.0 -9999.0 -9999.0 -9999.0 -9999.0 -9999.0 -9999.0 -9999.0 -9999.0 -9999.0 -9999.0 -9999.0 -9999.0 -9999.0 -9999.0 -9999.0 -9999.0 -9999.0 -9999.0 -9999.0 -9999.0 -9999.0 -9999.0 -9999.0 -9999.0 -9999.0 -9999.0 -9999.0 -9999.0 -9999.0 -9999.0 -9999.0 -9999.0 -9999.0 -9999.0 -9999.0 -9999.0 -9999.0 -9999.0 -9999.0 -9999.0 -9999.0 -9999.0 -9999.0 -9999.0 -9999.0 -9999.0 -9999.0 -9999.0 -9999.0 -9999.0 -9999.0 -9999.0 -9999.0 -9999.0 -9999.0 -9999.0 -9999.0 -9999.0 -9999.0 -9999.0 -9999.0 -9999.0 -9999.0 -9999.0 -9999.0 -9999.0 -9999.0 -9999.0 -9999.0 -9999.0 -9999.0 -9999.0 -9999.0 -9999.0 -9999.0 -9999.0
-9999.0 -9999.0 -755.812441 -766.899264 -778.638548 -791.160495 -801.182053 -807.502966 -811.282878 -813.074523 -800.779427 -807.305916 -812.683785 -796.752518 -688.480406 -486.206930 -409.832209 -419.559386 -458.894009 -507.827664 -558.827060 -608.232331 -653.879419 -694.807270 -730.105922 -758.541991 -779.467758 -793.508193 -802.227739 -807.331202 -810.194975 -811.752330 -812.574646 -812.986999 -813.162418 -813.177477 -813.040161 -812.991693 -814.243887 -813.791356 -808.145325 -818.732824 -562.095570 -542.663581 -527.176160 -518.359599 -514.351790 -513.751933 -513.715747 -513.800069 -513.915120 -514.034485 -514.148790 -514.254421 -514.350122 -514.438649 -514.553555 -515.013739 -517.217017 -523.216382 -534.021411 -544.671228 -820.094523 -819.660173 -815.293532 -813.969934 -813.740585 -813.733548 -813.764068 -813.795229 -813.820059 -813.838465 -813.851841 -813.861634 -813.868913 -813.874415 -813.878677 -813.882019 -813.884689 -813.886931 -813.888985 -813.891124 -813.893682 -813.897116 -813.902104 -813.909679 -813.921475 -813.940116 -813.969898 -814.017997 -814.096729 -814.227890 -814.451410 -814.842825 -815.548393 -816.853601 -819.309285 -823.943311 -832.568231 -848.143547 -875.177218 -920.154609 -9999.0 -9999.0
-9999.0 -9999.0 -755.812063 -766.898785 -778.638216 -791.160360 -801.182022 -807.502967 -811.282884 -813.074528 -800.779428 -807.305916 -812.683785 -796.752518 -688.480406 -486.206930 -409.832209 -419.559386 -458.894009 -507.827664 -558.827060 -608.232331 -653.879419 -694.807270 -730.105922 -758.541991 -779.467758 -793.508193 -802.227739 -807.331202 -810.194975 -811.752330 -812.574646 -812.986999 -813.162418 -813.177477 -813.040161 -812.991693 -814.243887 -813.791356 -808.145325 -818.732824 -562.095570 -542.663581 -527.176160 -518.359599 -514.351790 -513.751933 -513.715747 -513.800069 -513.915120 -514.034485 -514.148790 -514.254421 -514.350122 -514.438649 -514.553555 -515.013739 -517.217017 -523.216382 -534.021411 -544.671228 -820.094523 -819.660173 -815.293532 -813.969934 -813.740585 -813.733548 -813.764068 -813.795229 -813.820059 -813.838465 -813.851841 -813.861634 -813.868913 -813.874415 -813.878677 -813.882019 -813.884689 -813.886931 -813.888985 -813.891124 -813.893682 -813.897116 -813.902104 -813.909679 -813.921475 -813.940116 -813.969898 -814.017997 -814.096729 -814.227890 -814.451410 -814.842825 -815.548393 -816.853601 -819.309285 -823.943311 -832.568231 -848.143547 -875.177218 -920.154609 -9999.0 -9999.0
-9999.0 -9999.0 -755.811951 -766.898579 -778.638022 -791.160266 -801.181999 -807.502969 -811.282891 -813.074534 -800.779429 -807.305916 -812.683785 -796.752518 -688.480406 -486.206930 -409.832209 -419.559386 -458.894009 -507.827664 -558.827060 -608.232331 -653.879419 -694.807270 -730.105922 -758.541991 -779.467758 -793.508193 -802.227739 -807.331202 -810.194975 -811.752330 -812.574646 -812.986999 -813.162418 -813.177477 -813.040161 -812.991693 -814.243887 -813.791356 -808.145325 -818.732824 -562.095570 -542.663581 -527.176160 -518.359599 -514.351790 -513.751933 -513.715747 -513.800069 -513.915120 -514.034485 -514.148790 -514.254421 -514.350122 -514.438649 -514.553555 -515.013739 -517.217017 -523.216382 -534.021411 -544.671228 -820.094523 -819.660173 -815.293532 -813.969934 -813.740585 -813.733548 -813.764068 -813.795229 -813.820059 -813.838465 -813.851841 -813.861634 -813.868913 -813.874415 -813.878677 -813.882019 -813.884689 -813.886931 -813.888985 -813.891124 -813.893682 -813.897116 -813.902104 -813.909679 -813.921475 -813.940116 -813.969898 -814.017997 -814.096729 -814.227890 -814.451410 -814.842825 -815.548393 -816.853601 -819.309285 -823.943311 -832.568231 -848.143547 -875.177218 -920.154609 -9999.0 -9999.0
-9999.0 -9999.0 -755.811951 -766.898579 -778.638022 -791.160266 -801.181999 -807.502969 -811.282891 -813.074534 -800.779429 -807.305916 -812.683785 -796.752518 -688.480406 -486.206930 -409.832209 -419.559386 -458.894009 -507.827664 -558.827060 -608.232331 -653.879419 -694.807270 -730.105922 -758.541991 -779.467758 -793.508193 -802.227739 -807.331202 -810.194975 -811.752330 -812.574646 -812.986999 -813.162418 -813.177477 -813.040161 -812.991693 -814.243887 -813.791356 -808.145325 -818.732824 -562.095570 -542.663581 -527.176160 -518.359599 -514.351790 -513.751933 -513.715747 -513.800069 -513.915120 -514.034485 -514.148790 -514.254421 -514.350122 -514.438649 -514.553555 -515.013739 -517.217017 -523.216382 -534.021411 -544.671228 -820.094523 -819.660173 -815.293532 -813.969934 -813.740585 -813.733548 -813.764068 -813.795229 -813.820059 -813.838465 -813.851841 -813.861634 -813.868913 -813.874415 -813.878677 -813.882019 -813.884689 -813.886931 -813.888985 -813.891124 -813.893682 -813.897116 -813.902104 -813.909679 -813.921475 -813.940116 -813.969898 -814.017997 -814.096729 -814.227890 -814.451410 -814.842825 -815.548393 -816.853601 -819.309285 -823.943311 -832.568231 -848.143547 -875.177218 -920.154609 -9999.0 -9999.0
-9999.0 -9999.0 -755.812063 -766.898785 -778.638216 -791.160360 -801.182022 -807.502967 -811.282884 -813.074528 -800.779428 -807.305916 -812.683785 -796.752518 -688.480406 -486.206930 -409.832209 -419.559386 -458.894009 -507.827664 -558.827060 -608.232331 -653.879419 -694.807270 -730.105922 -758.541991 -779.467758 -793.508193 -802.227739 -807.331202 -810.194975 -811.752330 -812.574646 -812.986999 -813.162418 -813.177477 -813.040161 -812.991693 -814.243887 -813.791356 -808.145325 -818.732824 -562.095570 -542.663581 -527.176160 -518.359599 -514.351790 -513.751933 -513.715747 -513.800069 -513.915120 -514.034485 -514.148790 -514.254421 -514.350122 -514.438649 -514.553555 -515.013739 -517.217017 -523.216382 -534.021411 -544.671228 -820.094523 -819.660173 -815.293532 -813.969934 -813.740585 -813.733548 -813.764068 -813.795229 -813.820059 -813.838465 -813.851841 -813.861634 -813.868913 -813.874415 -813.878677 -813.882019 -813.884689 -813.886931 -813.888985 -813.891124 -813.893682 -813.897116 -813.902104 -813.909679 -813.921475 -813.940116 -813.969898 -814.017997 -814.096729 -814.227890 -814.451410 -814.842825 -815.548393 -816.853601 -819.309285 -823.943311 -832.568231 -848.143547 -875.177218 -920.154609 -9999.0 -9999.0
-9999.0 -9999.0 -755.812441 -766.899264 -778.638548 -791.160495 -801.182053 -807.502966 -811.282878 -813.074523 -800.779427 -807.305916 -812.683785 -796.752518 -688.480406 -486.206930 -409.832209 -419.559386 -458.894009 -507.827664 -558.827060 -608.232331 -653.879419 -694.807270 -730.105922 -758.541991 -779.467758 -793.508193 -802.227739 -807.331202 -810.194975 -811.752330 -812.574646 -812.986999 -813.162418 -813.177477 -813.040161 -812.991693 -814.243887 -813.791356 -808.145325 -818.732824 -562.095570 -542.663581 -527.176160 -518.359599 -514.351790 -513.751933 -513.715747 -513.800069 -513.915120 -514.034485 -514.148790 -514.254421 -514.350122 -514.438649 -514.553555 -515.013739 -517.217017 -523.216382 -534.021411 -544.671228 -820.094523 -819.660173 -815.293532 -813.969934 -813.740585 -813.733548 -813.764068 -813.795229 -813.820059 -813.838465 -813.851841 -813.861634 -813.868913 -813.874415 -813.878677 -813.882019 -813.884689 -813.886931 -813.888985 -813.891124 -813.893682 -813.897116 -813.902104 -813.909679 -813.921475 -813.940116 -813.969898 -814.017997 -814.096729 -814.227890 -814.451410 -814.842825 -815.548393 -816.853601 -819.309285 -823.943311 -832.568231 -848.143547 -875.177218 -920.154609 -9999.0 -9999.0
-9999.0 -9999.0 -9999.0 -9999.0 -9999.0 -9999.0 -9999.0 -9999.0 -9999.0 -9999.0 -9999.0 -9999.0 -9999.0 -9999.0 -9999.0 -9999.0 -9999.0 -9999.0 -9999.0 -9999.0 -9999.0 -9999.0 -9999.0 -9999.0 -9999.0 -9999.0 -9999.0 -9999.0 -9999.0 -9999.0 -9999.0 -9999.0 -9999.0 -9999.0 -9999.0 -9999.0 -9999.0 -9999.0 -9999.0 -9999.0 -9999.0 -9999.0 -9999.0 -9999.0 -9999.0 -9999.0 -9999.0 -9999.0 -9999.0 -9999.0 -9999.0 -9999.0 -9999.0 -9999.0 -9999.0 -9999.0 -9999.0 -9999.0 -9999.0 -9999.0 -9999.0 -9999.0 -9999.0 -9999.0 -9999.0 -9999.0 -9999.0 -9999.0 -9999.0 -9999.0 -9999.0 -9999.0 -9999.0 -9999.0 -9999.0 -9999.0 -9999.0 -9999.0 -9999.0 -9999.0 -9999.0 -9999.0 -9999.0 -9999.0 -9999.0 -9999.0 -9999.0 -9999.0 -9999.0 -9999.0 -9999.0 -9999.0 -9999.0 -9999.0 -9999.0 -9999.0 -9999.0 -9999.0 -9999.0 -9999.0 -9999.0 -9999.0 -9999.0 -9999.0
-9999.0 -9999.0 -9999.0 -9999.0 -9999.0 -9999.0 -9999.0 -9999.0 -9999.0 -9999.0 -9999.0 -9999.0 -9999.0 -9999.0 -9999.0 -9999.0 -9999.0 -9999.0 -9999.0 -9999.0 -9999.0 -9999.0 -9999.0 -9999.0 -9999.0 -9999.0 -9999.0 -9999.0 -9999.0 -9999.0 -9999.0 -9999.0 -9999.0 -9999.0 -9999.0 -9999.0 -9999.0 -9999.0 -9999.0 -9999.0 -9999.0 -9999.0 -9999.0 -9999.0 -9999.0 -9999.0 -9999.0 -9999.0 -9999.0 -9999.0 -9999.0 -9999.0 -9999.0 -9999.0 -9999.0 -9999.0 -9999.0 -9999.0 -9999.0 -9999.0 -9999.0 -9999.0 -9999.0 -9999.0 -9999.0 -9999.0 -9999.0 -9999.0 -9999.0 -9999.0 -9999.0 -9999.0 -9999.0 -9999.0 -9999.0 -9999.0 -9999.0 -9999.0 -9999.0 -9999.0 -9999.0 -9999.0 -9999.0 -9999.0 -9999.0 -9999.0 -9999.0 -9999.0 -9999.0 -9999.0 -9999.0 -9999.0 -9999.0 -9999.0 -9999.0 -9999.0 -9999.0 -9999.0 -9999.0 -9999.0 -9999.0 -9999.0 -9999.0 -9999.0