inst/processing_geotop_simulation/geotop_simulation/out/maps3D/PwL0012N0054.asc
ncols         104
nrows         10
xllcorner     -2.000000
yllcorner     0.000000
cellsize      1.000000
NODATA_value  -9999.0
-9999.0 -9999.0 -9999.0 -9999.0 -9999.0 -9999.0 -9999.0 -9999.0 -9999.0 -9999.0 -9999.0 -9999.0 -9999.0 -9999.0 -9999.0 -9999.0 -9999.0 -9999.0 -9999.0 -9999.0 -9999.0 -9999.0 -9999.0 -9999.0 -9999.0 -9999.0 -9999.0 -9999.0 -9999.0 -9999.0 -9999.0 -9999.0 -9999.0 -9999.0 -9999.0 -9999.0 -9999.0 -9999.0 -9999.0 -9999.0 -9999.0 -9999.0 -9999.0 -9999.0 -9999.0 -9999.0 -9999.0 -9999.0 -9999.0 -9999.0 -9999.0 -9999.0 -9999.0 -9999.0 -9999.0 -9999.0 -9999.0 -9999.0 -9999.0 -9999.0 -9999.0 -9999.0 -9999.0 -9999.0 -9999.0 -9999.0 -9999.0 -9999.0 -9999.0 -9999.0 -9999.0 -9999.0 -9999.0 -9999.0 -9999.0 -9999.0 -9999.0 -9999.0 -9999.0 -9999.0 -9999.0 -9999.0 -9999.0 -9999.0 -9999.0 -9999.0 -9999.0 -9999.0 -9999.0 -9999.0 -9999.0 -9999.0 -9999.0 -9999.0 -9999.0 -9999.0 -9999.0 -9999.0 -9999.0 -9999.0 -9999.0 -9999.0 -9999.0 -9999.0
-9999.0 -9999.0 -9999.0 -9999.0 -9999.0 -9999.0 -9999.0 -9999.0 -9999.0 -9999.0 -9999.0 -9999.0 -9999.0 -9999.0 -9999.0 -9999.0 -9999.0 -9999.0 -9999.0 -9999.0 -9999.0 -9999.0 -9999.0 -9999.0 -9999.0 -9999.0 -9999.0 -9999.0 -9999.0 -9999.0 -9999.0 -9999.0 -9999.0 -9999.0 -9999.0 -9999.0 -9999.0 -9999.0 -9999.0 -9999.0 -9999.0 -9999.0 -9999.0 -9999.0 -9999.0 -9999.0 -9999.0 -9999.0 -9999.0 -9999.0 -9999.0 -9999.0 -9999.0 -9999.0 -9999.0 -9999.0 -9999.0 -9999.0 -9999.0 -9999.0 -9999.0 -9999.0 -9999.0 -9999.0 -9999.0 -9999.0 -9999.0 -9999.0 -9999.0 -9999.0 -9999.0 -9999.0 -9999.0 -9999.0 -9999.0 -9999.0 -9999.0 -9999.0 -9999.0 -9999.0 -9999.0 -9999.0 -9999.0 -9999.0 -9999.0 -9999.0 -9999.0 -9999.0 -9999.0 -9999.0 -9999.0 -9999.0 -9999.0 -9999.0 -9999.0 -9999.0 -9999.0 -9999.0 -9999.0 -9999.0 -9999.0 -9999.0 -9999.0 -9999.0
-9999.0 -9999.0 -465.447635 -597.811345 -722.166704 -809.293086 -852.201211 -871.651468 -880.253885 -881.093448 -864.586241 -839.840433 -815.335403 -789.905688 -767.617277 -752.196202 -786.768638 -819.363426 -851.830956 -886.546509 -859.601101 -843.035612 -835.596267 -834.848394 -838.524144 -844.788043 -852.191276 -859.643690 -866.420169 -872.139780 -876.690536 -880.138521 -882.645945 -884.406039 -885.601918 -886.388530 -886.903733 -887.318854 -887.744741 -887.934667 -891.718635 -957.491930 -2272.964745 -4379.009125 -4381.188097 -4381.188114 -4381.188112 -4381.188111 -4381.188111 -4381.188111 -4381.188111 -4381.188111 -4381.188111 -4381.188111 -4381.188111 -4381.188111 -4381.188111 -4381.188111 -4381.188113 -4381.188078 -4377.798500 -2175.901713 -939.205534 -891.840249 -888.669994 -888.124087 -888.002693 -887.981393 -887.981778 -887.985960 -887.990045 -887.993310 -887.995785 -887.997651 -887.999075 -888.000179 -888.001053 -888.001756 -888.002337 -888.002843 -888.003326 -888.003848 -888.004492 -888.005370 -888.006658 -888.008622 -888.011694 -888.016573 -888.024424 -888.037238 -888.058520 -888.094676 -888.157814 -888.271517 -888.482575 -888.884418 -889.663097 -891.189538 -894.228642 -900.523614 -914.573715 -947.796054 -9999.0 -9999.0
-9999.0 -9999.0 -465.447631 -597.811334 -722.166683 -809.293070 -852.201206 -871.651467 -880.253886 -881.093449 -864.586241 -839.840433 -815.335403 -789.905688 -767.617277 -752.196202 -786.768638 -819.363426 -851.830956 -886.546509 -859.601101 -843.035612 -835.596267 -834.848394 -838.524144 -844.788043 -852.191276 -859.643690 -866.420169 -872.139780 -876.690536 -880.138521 -882.645945 -884.406039 -885.601918 -886.388530 -886.903733 -887.318854 -887.744741 -887.934667 -891.718635 -957.491930 -2272.964744 -4379.009125 -4381.188097 -4381.188114 -4381.188112 -4381.188111 -4381.188111 -4381.188111 -4381.188111 -4381.188111 -4381.188111 -4381.188111 -4381.188111 -4381.188111 -4381.188111 -4381.188111 -4381.188113 -4381.188078 -4377.798500 -2175.901713 -939.205534 -891.840249 -888.669994 -888.124087 -888.002693 -887.981393 -887.981778 -887.985960 -887.990045 -887.993310 -887.995785 -887.997651 -887.999075 -888.000179 -888.001053 -888.001756 -888.002337 -888.002843 -888.003326 -888.003848 -888.004492 -888.005370 -888.006658 -888.008622 -888.011694 -888.016573 -888.024424 -888.037238 -888.058520 -888.094676 -888.157814 -888.271517 -888.482575 -888.884418 -889.663097 -891.189538 -894.228642 -900.523614 -914.573715 -947.796054 -9999.0 -9999.0
-9999.0 -9999.0 -465.447629 -597.811327 -722.166670 -809.293058 -852.201201 -871.651467 -880.253887 -881.093450 -864.586242 -839.840433 -815.335403 -789.905688 -767.617277 -752.196202 -786.768638 -819.363426 -851.830956 -886.546509 -859.601101 -843.035612 -835.596267 -834.848394 -838.524144 -844.788043 -852.191276 -859.643690 -866.420169 -872.139780 -876.690536 -880.138521 -882.645945 -884.406039 -885.601918 -886.388530 -886.903733 -887.318854 -887.744741 -887.934667 -891.718635 -957.491930 -2272.964744 -4379.009125 -4381.188097 -4381.188114 -4381.188112 -4381.188111 -4381.188111 -4381.188111 -4381.188111 -4381.188111 -4381.188111 -4381.188111 -4381.188111 -4381.188111 -4381.188111 -4381.188111 -4381.188113 -4381.188078 -4377.798500 -2175.901713 -939.205534 -891.840249 -888.669994 -888.124087 -888.002693 -887.981393 -887.981778 -887.985960 -887.990045 -887.993310 -887.995785 -887.997651 -887.999075 -888.000179 -888.001053 -888.001756 -888.002337 -888.002843 -888.003326 -888.003848 -888.004492 -888.005370 -888.006658 -888.008622 -888.011694 -888.016573 -888.024424 -888.037238 -888.058520 -888.094676 -888.157814 -888.271517 -888.482575 -888.884418 -889.663097 -891.189538 -894.228642 -900.523614 -914.573715 -947.796054 -9999.0 -9999.0
-9999.0 -9999.0 -465.447629 -597.811327 -722.166669 -809.293058 -852.201201 -871.651467 -880.253887 -881.093450 -864.586242 -839.840433 -815.335403 -789.905688 -767.617277 -752.196202 -786.768638 -819.363426 -851.830956 -886.546509 -859.601101 -843.035612 -835.596267 -834.848394 -838.524144 -844.788043 -852.191276 -859.643690 -866.420169 -872.139780 -876.690536 -880.138521 -882.645945 -884.406039 -885.601918 -886.388530 -886.903733 -887.318854 -887.744741 -887.934667 -891.718635 -957.491930 -2272.964744 -4379.009125 -4381.188097 -4381.188114 -4381.188112 -4381.188111 -4381.188111 -4381.188111 -4381.188111 -4381.188111 -4381.188111 -4381.188111 -4381.188111 -4381.188111 -4381.188111 -4381.188111 -4381.188113 -4381.188078 -4377.798500 -2175.901713 -939.205534 -891.840249 -888.669994 -888.124087 -888.002693 -887.981393 -887.981778 -887.985960 -887.990045 -887.993310 -887.995785 -887.997651 -887.999075 -888.000179 -888.001053 -888.001756 -888.002337 -888.002843 -888.003326 -888.003848 -888.004492 -888.005370 -888.006658 -888.008622 -888.011694 -888.016573 -888.024424 -888.037238 -888.058520 -888.094676 -888.157814 -888.271517 -888.482575 -888.884418 -889.663097 -891.189538 -894.228642 -900.523614 -914.573715 -947.796054 -9999.0 -9999.0
-9999.0 -9999.0 -465.447631 -597.811334 -722.166683 -809.293070 -852.201206 -871.651467 -880.253886 -881.093449 -864.586241 -839.840433 -815.335403 -789.905688 -767.617277 -752.196202 -786.768638 -819.363426 -851.830956 -886.546509 -859.601101 -843.035612 -835.596267 -834.848394 -838.524144 -844.788043 -852.191276 -859.643690 -866.420169 -872.139780 -876.690536 -880.138521 -882.645945 -884.406039 -885.601918 -886.388530 -886.903733 -887.318854 -887.744741 -887.934667 -891.718635 -957.491930 -2272.964744 -4379.009125 -4381.188097 -4381.188114 -4381.188112 -4381.188111 -4381.188111 -4381.188111 -4381.188111 -4381.188111 -4381.188111 -4381.188111 -4381.188111 -4381.188111 -4381.188111 -4381.188111 -4381.188113 -4381.188078 -4377.798500 -2175.901713 -939.205534 -891.840249 -888.669994 -888.124087 -888.002693 -887.981393 -887.981778 -887.985960 -887.990045 -887.993310 -887.995785 -887.997651 -887.999075 -888.000179 -888.001053 -888.001756 -888.002337 -888.002843 -888.003326 -888.003848 -888.004492 -888.005370 -888.006658 -888.008622 -888.011694 -888.016573 -888.024424 -888.037238 -888.058520 -888.094676 -888.157814 -888.271517 -888.482575 -888.884418 -889.663097 -891.189538 -894.228642 -900.523614 -914.573715 -947.796054 -9999.0 -9999.0
-9999.0 -9999.0 -465.447634 -597.811346 -722.166703 -809.293086 -852.201211 -871.651468 -880.253885 -881.093448 -864.586241 -839.840433 -815.335403 -789.905688 -767.617277 -752.196202 -786.768638 -819.363426 -851.830956 -886.546509 -859.601101 -843.035612 -835.596267 -834.848394 -838.524144 -844.788043 -852.191276 -859.643690 -866.420169 -872.139780 -876.690536 -880.138521 -882.645945 -884.406039 -885.601918 -886.388530 -886.903733 -887.318854 -887.744741 -887.934667 -891.718635 -957.491930 -2272.964745 -4379.009125 -4381.188097 -4381.188114 -4381.188112 -4381.188111 -4381.188111 -4381.188111 -4381.188111 -4381.188111 -4381.188111 -4381.188111 -4381.188111 -4381.188111 -4381.188111 -4381.188111 -4381.188113 -4381.188078 -4377.798500 -2175.901713 -939.205534 -891.840249 -888.669994 -888.124087 -888.002693 -887.981393 -887.981778 -887.985960 -887.990045 -887.993310 -887.995785 -887.997651 -887.999075 -888.000179 -888.001053 -888.001756 -888.002337 -888.002843 -888.003326 -888.003848 -888.004492 -888.005370 -888.006658 -888.008622 -888.011694 -888.016573 -888.024424 -888.037238 -888.058520 -888.094676 -888.157814 -888.271517 -888.482575 -888.884418 -889.663097 -891.189538 -894.228642 -900.523614 -914.573715 -947.796054 -9999.0 -9999.0
-9999.0 -9999.0 -9999.0 -9999.0 -9999.0 -9999.0 -9999.0 -9999.0 -9999.0 -9999.0 -9999.0 -9999.0 -9999.0 -9999.0 -9999.0 -9999.0 -9999.0 -9999.0 -9999.0 -9999.0 -9999.0 -9999.0 -9999.0 -9999.0 -9999.0 -9999.0 -9999.0 -9999.0 -9999.0 -9999.0 -9999.0 -9999.0 -9999.0 -9999.0 -9999.0 -9999.0 -9999.0 -9999.0 -9999.0 -9999.0 -9999.0 -9999.0 -9999.0 -9999.0 -9999.0 -9999.0 -9999.0 -9999.0 -9999.0 -9999.0 -9999.0 -9999.0 -9999.0 -9999.0 -9999.0 -9999.0 -9999.0 -9999.0 -9999.0 -9999.0 -9999.0 -9999.0 -9999.0 -9999.0 -9999.0 -9999.0 -9999.0 -9999.0 -9999.0 -9999.0 -9999.0 -9999.0 -9999.0 -9999.0 -9999.0 -9999.0 -9999.0 -9999.0 -9999.0 -9999.0 -9999.0 -9999.0 -9999.0 -9999.0 -9999.0 -9999.0 -9999.0 -9999.0 -9999.0 -9999.0 -9999.0 -9999.0 -9999.0 -9999.0 -9999.0 -9999.0 -9999.0 -9999.0 -9999.0 -9999.0 -9999.0 -9999.0 -9999.0 -9999.0
-9999.0 -9999.0 -9999.0 -9999.0 -9999.0 -9999.0 -9999.0 -9999.0 -9999.0 -9999.0 -9999.0 -9999.0 -9999.0 -9999.0 -9999.0 -9999.0 -9999.0 -9999.0 -9999.0 -9999.0 -9999.0 -9999.0 -9999.0 -9999.0 -9999.0 -9999.0 -9999.0 -9999.0 -9999.0 -9999.0 -9999.0 -9999.0 -9999.0 -9999.0 -9999.0 -9999.0 -9999.0 -9999.0 -9999.0 -9999.0 -9999.0 -9999.0 -9999.0 -9999.0 -9999.0 -9999.0 -9999.0 -9999.0 -9999.0 -9999.0 -9999.0 -9999.0 -9999.0 -9999.0 -9999.0 -9999.0 -9999.0 -9999.0 -9999.0 -9999.0 -9999.0 -9999.0 -9999.0 -9999.0 -9999.0 -9999.0 -9999.0 -9999.0 -9999.0 -9999.0 -9999.0 -9999.0 -9999.0 -9999.0 -9999.0 -9999.0 -9999.0 -9999.0 -9999.0 -9999.0 -9999.0 -9999.0 -9999.0 -9999.0 -9999.0 -9999.0 -9999.0 -9999.0 -9999.0 -9999.0 -9999.0 -9999.0 -9999.0 -9999.0 -9999.0 -9999.0 -9999.0 -9999.0 -9999.0 -9999.0 -9999.0 -9999.0 -9999.0 -9999.0