inst/processing_geotop_simulation/geotop_simulation/out/maps3D/PwL0008N0163.asc
ncols         104
nrows         10
xllcorner     -2.000000
yllcorner     0.000000
cellsize      1.000000
NODATA_value  -9999.0
-9999.0 -9999.0 -9999.0 -9999.0 -9999.0 -9999.0 -9999.0 -9999.0 -9999.0 -9999.0 -9999.0 -9999.0 -9999.0 -9999.0 -9999.0 -9999.0 -9999.0 -9999.0 -9999.0 -9999.0 -9999.0 -9999.0 -9999.0 -9999.0 -9999.0 -9999.0 -9999.0 -9999.0 -9999.0 -9999.0 -9999.0 -9999.0 -9999.0 -9999.0 -9999.0 -9999.0 -9999.0 -9999.0 -9999.0 -9999.0 -9999.0 -9999.0 -9999.0 -9999.0 -9999.0 -9999.0 -9999.0 -9999.0 -9999.0 -9999.0 -9999.0 -9999.0 -9999.0 -9999.0 -9999.0 -9999.0 -9999.0 -9999.0 -9999.0 -9999.0 -9999.0 -9999.0 -9999.0 -9999.0 -9999.0 -9999.0 -9999.0 -9999.0 -9999.0 -9999.0 -9999.0 -9999.0 -9999.0 -9999.0 -9999.0 -9999.0 -9999.0 -9999.0 -9999.0 -9999.0 -9999.0 -9999.0 -9999.0 -9999.0 -9999.0 -9999.0 -9999.0 -9999.0 -9999.0 -9999.0 -9999.0 -9999.0 -9999.0 -9999.0 -9999.0 -9999.0 -9999.0 -9999.0 -9999.0 -9999.0 -9999.0 -9999.0 -9999.0 -9999.0
-9999.0 -9999.0 -9999.0 -9999.0 -9999.0 -9999.0 -9999.0 -9999.0 -9999.0 -9999.0 -9999.0 -9999.0 -9999.0 -9999.0 -9999.0 -9999.0 -9999.0 -9999.0 -9999.0 -9999.0 -9999.0 -9999.0 -9999.0 -9999.0 -9999.0 -9999.0 -9999.0 -9999.0 -9999.0 -9999.0 -9999.0 -9999.0 -9999.0 -9999.0 -9999.0 -9999.0 -9999.0 -9999.0 -9999.0 -9999.0 -9999.0 -9999.0 -9999.0 -9999.0 -9999.0 -9999.0 -9999.0 -9999.0 -9999.0 -9999.0 -9999.0 -9999.0 -9999.0 -9999.0 -9999.0 -9999.0 -9999.0 -9999.0 -9999.0 -9999.0 -9999.0 -9999.0 -9999.0 -9999.0 -9999.0 -9999.0 -9999.0 -9999.0 -9999.0 -9999.0 -9999.0 -9999.0 -9999.0 -9999.0 -9999.0 -9999.0 -9999.0 -9999.0 -9999.0 -9999.0 -9999.0 -9999.0 -9999.0 -9999.0 -9999.0 -9999.0 -9999.0 -9999.0 -9999.0 -9999.0 -9999.0 -9999.0 -9999.0 -9999.0 -9999.0 -9999.0 -9999.0 -9999.0 -9999.0 -9999.0 -9999.0 -9999.0 -9999.0 -9999.0
-9999.0 -9999.0 382.837582 291.778309 197.449816 101.819114 5.658827 -90.706624 -187.139709 -283.525604 -379.741758 -475.559967 -570.541559 -664.042188 -758.095721 -851.988503 -945.729783 -1039.632614 -1130.863852 -1216.147628 -1288.458608 -1344.948377 -1386.120076 -1414.640217 -1433.798720 -1446.499329 -1454.905496 -1460.483916 -1464.189970 -1466.646018 -1468.265730 -1469.327863 -1470.020863 -1470.471247 -1470.763161 -1470.953943 -1471.089631 -1471.230305 -1471.576338 -1473.332479 -1482.526812 -1514.835539 -1204.556978 -1303.655112 -1258.530933 -1231.494098 -1219.138701 -1217.523082 -1217.360341 -1217.379378 -1217.424556 -1217.472861 -1217.519228 -1217.562131 -1217.601765 -1217.646252 -1217.776009 -1218.686765 -1225.033566 -1239.543398 -1262.614750 -1142.304205 -1488.701796 -1477.596622 -1472.460475 -1471.560012 -1471.424792 -1471.404084 -1471.401633 -1471.402330 -1471.403412 -1471.404348 -1471.405075 -1471.405627 -1471.406049 -1471.406376 -1471.406634 -1471.406842 -1471.407016 -1471.407169 -1471.407319 -1471.407485 -1471.407694 -1471.407983 -1471.408410 -1471.409067 -1471.410099 -1471.411750 -1471.414428 -1471.418847 -1471.426291 -1471.439156 -1471.462044 -1471.504004 -1471.583076 -1471.735658 -1472.036772 -1472.648779 -1473.952110 -1476.922293 -1484.361245 -1506.583999 -9999.0 -9999.0
-9999.0 -9999.0 382.845580 291.780350 197.450367 101.819278 5.658880 -90.706606 -187.139703 -283.525602 -379.741757 -475.559967 -570.541559 -664.042189 -758.095721 -851.988503 -945.729783 -1039.632614 -1130.863853 -1216.147628 -1288.458608 -1344.948378 -1386.120076 -1414.640217 -1433.798720 -1446.499329 -1454.905496 -1460.483916 -1464.189970 -1466.646018 -1468.265730 -1469.327863 -1470.020863 -1470.471247 -1470.763161 -1470.953943 -1471.089631 -1471.230305 -1471.576338 -1473.332479 -1482.526812 -1514.835539 -1204.556978 -1303.655112 -1258.530933 -1231.494098 -1219.138701 -1217.523082 -1217.360341 -1217.379378 -1217.424556 -1217.472861 -1217.519228 -1217.562131 -1217.601765 -1217.646252 -1217.776009 -1218.686765 -1225.033566 -1239.543398 -1262.614750 -1142.304205 -1488.701796 -1477.596622 -1472.460475 -1471.560012 -1471.424792 -1471.404084 -1471.401633 -1471.402330 -1471.403412 -1471.404348 -1471.405075 -1471.405627 -1471.406049 -1471.406376 -1471.406634 -1471.406842 -1471.407016 -1471.407169 -1471.407319 -1471.407485 -1471.407694 -1471.407983 -1471.408410 -1471.409067 -1471.410099 -1471.411750 -1471.414428 -1471.418847 -1471.426291 -1471.439156 -1471.462044 -1471.504004 -1471.583076 -1471.735658 -1472.036772 -1472.648779 -1473.952110 -1476.922293 -1484.361245 -1506.583999 -9999.0 -9999.0
-9999.0 -9999.0 382.847223 291.781231 197.450720 101.819407 5.658926 -90.706590 -187.139697 -283.525600 -379.741756 -475.559967 -570.541559 -664.042189 -758.095721 -851.988504 -945.729783 -1039.632614 -1130.863853 -1216.147629 -1288.458608 -1344.948378 -1386.120076 -1414.640218 -1433.798720 -1446.499329 -1454.905496 -1460.483916 -1464.189970 -1466.646018 -1468.265730 -1469.327863 -1470.020863 -1470.471247 -1470.763161 -1470.953943 -1471.089631 -1471.230305 -1471.576338 -1473.332479 -1482.526812 -1514.835539 -1204.556978 -1303.655112 -1258.530933 -1231.494097 -1219.138701 -1217.523082 -1217.360341 -1217.379378 -1217.424556 -1217.472861 -1217.519228 -1217.562131 -1217.601765 -1217.646252 -1217.776009 -1218.686765 -1225.033566 -1239.543398 -1262.614750 -1142.304205 -1488.701796 -1477.596622 -1472.460475 -1471.560012 -1471.424792 -1471.404084 -1471.401633 -1471.402330 -1471.403412 -1471.404348 -1471.405075 -1471.405627 -1471.406049 -1471.406376 -1471.406634 -1471.406842 -1471.407016 -1471.407169 -1471.407319 -1471.407485 -1471.407694 -1471.407983 -1471.408410 -1471.409067 -1471.410099 -1471.411750 -1471.414428 -1471.418847 -1471.426291 -1471.439156 -1471.462044 -1471.504004 -1471.583076 -1471.735658 -1472.036772 -1472.648779 -1473.952110 -1476.922293 -1484.361245 -1506.583999 -9999.0 -9999.0
-9999.0 -9999.0 382.847223 291.781231 197.450720 101.819407 5.658926 -90.706590 -187.139697 -283.525600 -379.741756 -475.559967 -570.541559 -664.042189 -758.095721 -851.988504 -945.729783 -1039.632614 -1130.863853 -1216.147629 -1288.458608 -1344.948378 -1386.120076 -1414.640218 -1433.798720 -1446.499329 -1454.905496 -1460.483916 -1464.189970 -1466.646018 -1468.265730 -1469.327863 -1470.020863 -1470.471247 -1470.763161 -1470.953943 -1471.089631 -1471.230305 -1471.576338 -1473.332479 -1482.526812 -1514.835539 -1204.556978 -1303.655112 -1258.530933 -1231.494097 -1219.138701 -1217.523082 -1217.360341 -1217.379378 -1217.424556 -1217.472861 -1217.519228 -1217.562131 -1217.601765 -1217.646252 -1217.776009 -1218.686765 -1225.033566 -1239.543398 -1262.614750 -1142.304205 -1488.701796 -1477.596622 -1472.460475 -1471.560012 -1471.424792 -1471.404084 -1471.401633 -1471.402330 -1471.403412 -1471.404348 -1471.405075 -1471.405627 -1471.406049 -1471.406376 -1471.406634 -1471.406842 -1471.407016 -1471.407169 -1471.407319 -1471.407485 -1471.407694 -1471.407983 -1471.408410 -1471.409067 -1471.410099 -1471.411750 -1471.414428 -1471.418847 -1471.426291 -1471.439156 -1471.462044 -1471.504004 -1471.583076 -1471.735658 -1472.036772 -1472.648779 -1473.952110 -1476.922293 -1484.361245 -1506.583999 -9999.0 -9999.0
-9999.0 -9999.0 382.845580 291.780350 197.450367 101.819278 5.658880 -90.706606 -187.139703 -283.525602 -379.741757 -475.559967 -570.541559 -664.042189 -758.095721 -851.988503 -945.729783 -1039.632614 -1130.863853 -1216.147628 -1288.458608 -1344.948378 -1386.120076 -1414.640217 -1433.798720 -1446.499329 -1454.905496 -1460.483916 -1464.189970 -1466.646018 -1468.265730 -1469.327863 -1470.020863 -1470.471247 -1470.763161 -1470.953943 -1471.089631 -1471.230305 -1471.576338 -1473.332479 -1482.526812 -1514.835539 -1204.556978 -1303.655112 -1258.530933 -1231.494098 -1219.138701 -1217.523082 -1217.360341 -1217.379378 -1217.424556 -1217.472861 -1217.519228 -1217.562131 -1217.601765 -1217.646252 -1217.776009 -1218.686765 -1225.033566 -1239.543398 -1262.614750 -1142.304205 -1488.701796 -1477.596622 -1472.460475 -1471.560012 -1471.424792 -1471.404084 -1471.401633 -1471.402330 -1471.403412 -1471.404348 -1471.405075 -1471.405627 -1471.406049 -1471.406376 -1471.406634 -1471.406842 -1471.407016 -1471.407169 -1471.407319 -1471.407485 -1471.407694 -1471.407983 -1471.408410 -1471.409067 -1471.410099 -1471.411750 -1471.414428 -1471.418847 -1471.426291 -1471.439156 -1471.462044 -1471.504004 -1471.583076 -1471.735658 -1472.036772 -1472.648779 -1473.952110 -1476.922293 -1484.361245 -1506.583999 -9999.0 -9999.0
-9999.0 -9999.0 382.837582 291.778308 197.449816 101.819114 5.658827 -90.706624 -187.139709 -283.525604 -379.741758 -475.559967 -570.541559 -664.042189 -758.095721 -851.988503 -945.729783 -1039.632614 -1130.863852 -1216.147628 -1288.458608 -1344.948377 -1386.120076 -1414.640217 -1433.798720 -1446.499329 -1454.905496 -1460.483916 -1464.189970 -1466.646018 -1468.265730 -1469.327863 -1470.020863 -1470.471247 -1470.763161 -1470.953943 -1471.089631 -1471.230305 -1471.576338 -1473.332479 -1482.526812 -1514.835539 -1204.556978 -1303.655112 -1258.530933 -1231.494098 -1219.138701 -1217.523082 -1217.360341 -1217.379378 -1217.424556 -1217.472861 -1217.519228 -1217.562131 -1217.601765 -1217.646252 -1217.776009 -1218.686765 -1225.033566 -1239.543398 -1262.614750 -1142.304205 -1488.701796 -1477.596622 -1472.460475 -1471.560012 -1471.424792 -1471.404084 -1471.401633 -1471.402330 -1471.403412 -1471.404348 -1471.405075 -1471.405627 -1471.406049 -1471.406376 -1471.406634 -1471.406842 -1471.407016 -1471.407169 -1471.407319 -1471.407485 -1471.407694 -1471.407983 -1471.408410 -1471.409067 -1471.410099 -1471.411750 -1471.414428 -1471.418847 -1471.426291 -1471.439156 -1471.462044 -1471.504004 -1471.583076 -1471.735658 -1472.036772 -1472.648779 -1473.952110 -1476.922293 -1484.361245 -1506.583999 -9999.0 -9999.0
-9999.0 -9999.0 -9999.0 -9999.0 -9999.0 -9999.0 -9999.0 -9999.0 -9999.0 -9999.0 -9999.0 -9999.0 -9999.0 -9999.0 -9999.0 -9999.0 -9999.0 -9999.0 -9999.0 -9999.0 -9999.0 -9999.0 -9999.0 -9999.0 -9999.0 -9999.0 -9999.0 -9999.0 -9999.0 -9999.0 -9999.0 -9999.0 -9999.0 -9999.0 -9999.0 -9999.0 -9999.0 -9999.0 -9999.0 -9999.0 -9999.0 -9999.0 -9999.0 -9999.0 -9999.0 -9999.0 -9999.0 -9999.0 -9999.0 -9999.0 -9999.0 -9999.0 -9999.0 -9999.0 -9999.0 -9999.0 -9999.0 -9999.0 -9999.0 -9999.0 -9999.0 -9999.0 -9999.0 -9999.0 -9999.0 -9999.0 -9999.0 -9999.0 -9999.0 -9999.0 -9999.0 -9999.0 -9999.0 -9999.0 -9999.0 -9999.0 -9999.0 -9999.0 -9999.0 -9999.0 -9999.0 -9999.0 -9999.0 -9999.0 -9999.0 -9999.0 -9999.0 -9999.0 -9999.0 -9999.0 -9999.0 -9999.0 -9999.0 -9999.0 -9999.0 -9999.0 -9999.0 -9999.0 -9999.0 -9999.0 -9999.0 -9999.0 -9999.0 -9999.0
-9999.0 -9999.0 -9999.0 -9999.0 -9999.0 -9999.0 -9999.0 -9999.0 -9999.0 -9999.0 -9999.0 -9999.0 -9999.0 -9999.0 -9999.0 -9999.0 -9999.0 -9999.0 -9999.0 -9999.0 -9999.0 -9999.0 -9999.0 -9999.0 -9999.0 -9999.0 -9999.0 -9999.0 -9999.0 -9999.0 -9999.0 -9999.0 -9999.0 -9999.0 -9999.0 -9999.0 -9999.0 -9999.0 -9999.0 -9999.0 -9999.0 -9999.0 -9999.0 -9999.0 -9999.0 -9999.0 -9999.0 -9999.0 -9999.0 -9999.0 -9999.0 -9999.0 -9999.0 -9999.0 -9999.0 -9999.0 -9999.0 -9999.0 -9999.0 -9999.0 -9999.0 -9999.0 -9999.0 -9999.0 -9999.0 -9999.0 -9999.0 -9999.0 -9999.0 -9999.0 -9999.0 -9999.0 -9999.0 -9999.0 -9999.0 -9999.0 -9999.0 -9999.0 -9999.0 -9999.0 -9999.0 -9999.0 -9999.0 -9999.0 -9999.0 -9999.0 -9999.0 -9999.0 -9999.0 -9999.0 -9999.0 -9999.0 -9999.0 -9999.0 -9999.0 -9999.0 -9999.0 -9999.0 -9999.0 -9999.0 -9999.0 -9999.0 -9999.0 -9999.0