inst/processing_geotop_simulation/geotop_simulation/out/maps3D/PwL0019N0041.asc
ncols         104
nrows         10
xllcorner     -2.000000
yllcorner     0.000000
cellsize      1.000000
NODATA_value  -9999.0
-9999.0 -9999.0 -9999.0 -9999.0 -9999.0 -9999.0 -9999.0 -9999.0 -9999.0 -9999.0 -9999.0 -9999.0 -9999.0 -9999.0 -9999.0 -9999.0 -9999.0 -9999.0 -9999.0 -9999.0 -9999.0 -9999.0 -9999.0 -9999.0 -9999.0 -9999.0 -9999.0 -9999.0 -9999.0 -9999.0 -9999.0 -9999.0 -9999.0 -9999.0 -9999.0 -9999.0 -9999.0 -9999.0 -9999.0 -9999.0 -9999.0 -9999.0 -9999.0 -9999.0 -9999.0 -9999.0 -9999.0 -9999.0 -9999.0 -9999.0 -9999.0 -9999.0 -9999.0 -9999.0 -9999.0 -9999.0 -9999.0 -9999.0 -9999.0 -9999.0 -9999.0 -9999.0 -9999.0 -9999.0 -9999.0 -9999.0 -9999.0 -9999.0 -9999.0 -9999.0 -9999.0 -9999.0 -9999.0 -9999.0 -9999.0 -9999.0 -9999.0 -9999.0 -9999.0 -9999.0 -9999.0 -9999.0 -9999.0 -9999.0 -9999.0 -9999.0 -9999.0 -9999.0 -9999.0 -9999.0 -9999.0 -9999.0 -9999.0 -9999.0 -9999.0 -9999.0 -9999.0 -9999.0 -9999.0 -9999.0 -9999.0 -9999.0 -9999.0 -9999.0
-9999.0 -9999.0 -9999.0 -9999.0 -9999.0 -9999.0 -9999.0 -9999.0 -9999.0 -9999.0 -9999.0 -9999.0 -9999.0 -9999.0 -9999.0 -9999.0 -9999.0 -9999.0 -9999.0 -9999.0 -9999.0 -9999.0 -9999.0 -9999.0 -9999.0 -9999.0 -9999.0 -9999.0 -9999.0 -9999.0 -9999.0 -9999.0 -9999.0 -9999.0 -9999.0 -9999.0 -9999.0 -9999.0 -9999.0 -9999.0 -9999.0 -9999.0 -9999.0 -9999.0 -9999.0 -9999.0 -9999.0 -9999.0 -9999.0 -9999.0 -9999.0 -9999.0 -9999.0 -9999.0 -9999.0 -9999.0 -9999.0 -9999.0 -9999.0 -9999.0 -9999.0 -9999.0 -9999.0 -9999.0 -9999.0 -9999.0 -9999.0 -9999.0 -9999.0 -9999.0 -9999.0 -9999.0 -9999.0 -9999.0 -9999.0 -9999.0 -9999.0 -9999.0 -9999.0 -9999.0 -9999.0 -9999.0 -9999.0 -9999.0 -9999.0 -9999.0 -9999.0 -9999.0 -9999.0 -9999.0 -9999.0 -9999.0 -9999.0 -9999.0 -9999.0 -9999.0 -9999.0 -9999.0 -9999.0 -9999.0 -9999.0 -9999.0 -9999.0 -9999.0
-9999.0 -9999.0 -572.216762 -609.812990 -629.410960 -640.803306 -647.613557 -651.611094 -653.932375 -654.838222 -651.635759 -645.393441 -635.451605 -617.848626 -590.124568 -562.222641 -538.361189 -518.797798 -503.329613 -484.464850 -452.075580 -415.334752 -376.263995 -343.651719 -381.902971 -423.684621 -465.859283 -506.064241 -542.307282 -573.108619 -597.760405 -616.393208 -629.783332 -639.002923 -645.121083 -649.051137 -651.526152 -653.236115 -654.675872 -654.782960 -655.828833 -690.044385 -2458.279351 -4034.179151 -4034.653461 -4034.653465 -4034.653465 -4034.653465 -4034.653465 -4034.653465 -4034.653465 -4034.653465 -4034.653464 -4034.653463 -4034.653459 -4034.653451 -4034.653424 -4034.653331 -4034.652972 -4034.651472 -4033.825535 -2348.758660 -677.627250 -660.103357 -656.887187 -655.963271 -655.747662 -655.705515 -655.701082 -655.704472 -655.708875 -655.712719 -655.715778 -655.718171 -655.720060 -655.721574 -655.722809 -655.723829 -655.724690 -655.725458 -655.726204 -655.727021 -655.728034 -655.729418 -655.731441 -655.734525 -655.739342 -655.746991 -655.759306 -655.779429 -655.812926 -655.870025 -655.970239 -656.151997 -656.492656 -657.149497 -658.442884 -661.030727 -666.339586 -678.051900 -708.850668 -795.390867 -9999.0 -9999.0
-9999.0 -9999.0 -572.216699 -609.812905 -629.410894 -640.803276 -647.613548 -651.611094 -653.932377 -654.838224 -651.635759 -645.393441 -635.451605 -617.848626 -590.124568 -562.222641 -538.361189 -518.797798 -503.329613 -484.464850 -452.075580 -415.334752 -376.263995 -343.651719 -381.902971 -423.684621 -465.859283 -506.064241 -542.307282 -573.108619 -597.760405 -616.393208 -629.783332 -639.002923 -645.121083 -649.051137 -651.526152 -653.236115 -654.675872 -654.782960 -655.828833 -690.044385 -2458.279351 -4034.179151 -4034.653461 -4034.653465 -4034.653465 -4034.653465 -4034.653465 -4034.653465 -4034.653465 -4034.653465 -4034.653464 -4034.653463 -4034.653459 -4034.653451 -4034.653424 -4034.653331 -4034.652972 -4034.651472 -4033.825535 -2348.758661 -677.627250 -660.103357 -656.887187 -655.963271 -655.747662 -655.705515 -655.701082 -655.704472 -655.708875 -655.712719 -655.715778 -655.718171 -655.720060 -655.721574 -655.722809 -655.723829 -655.724690 -655.725458 -655.726204 -655.727021 -655.728034 -655.729418 -655.731441 -655.734525 -655.739342 -655.746991 -655.759306 -655.779429 -655.812926 -655.870025 -655.970239 -656.151997 -656.492656 -657.149497 -658.442884 -661.030727 -666.339586 -678.051900 -708.850668 -795.390867 -9999.0 -9999.0
-9999.0 -9999.0 -572.216670 -609.812858 -629.410851 -640.803253 -647.613542 -651.611094 -653.932379 -654.838225 -651.635759 -645.393441 -635.451605 -617.848626 -590.124568 -562.222641 -538.361189 -518.797798 -503.329613 -484.464850 -452.075580 -415.334752 -376.263995 -343.651719 -381.902971 -423.684621 -465.859283 -506.064241 -542.307282 -573.108619 -597.760405 -616.393208 -629.783332 -639.002923 -645.121083 -649.051137 -651.526152 -653.236115 -654.675872 -654.782960 -655.828833 -690.044385 -2458.279351 -4034.179151 -4034.653461 -4034.653465 -4034.653465 -4034.653465 -4034.653465 -4034.653465 -4034.653465 -4034.653465 -4034.653464 -4034.653463 -4034.653459 -4034.653451 -4034.653424 -4034.653331 -4034.652972 -4034.651472 -4033.825535 -2348.758660 -677.627250 -660.103357 -656.887187 -655.963271 -655.747662 -655.705515 -655.701082 -655.704472 -655.708875 -655.712719 -655.715778 -655.718171 -655.720060 -655.721574 -655.722809 -655.723829 -655.724690 -655.725458 -655.726204 -655.727021 -655.728034 -655.729418 -655.731441 -655.734525 -655.739342 -655.746991 -655.759306 -655.779429 -655.812926 -655.870025 -655.970239 -656.151997 -656.492656 -657.149497 -658.442884 -661.030727 -666.339586 -678.051900 -708.850668 -795.390867 -9999.0 -9999.0
-9999.0 -9999.0 -572.216670 -609.812858 -629.410851 -640.803253 -647.613542 -651.611094 -653.932379 -654.838225 -651.635759 -645.393441 -635.451605 -617.848626 -590.124568 -562.222641 -538.361189 -518.797798 -503.329613 -484.464850 -452.075580 -415.334752 -376.263995 -343.651719 -381.902971 -423.684621 -465.859283 -506.064241 -542.307282 -573.108619 -597.760405 -616.393208 -629.783332 -639.002923 -645.121083 -649.051137 -651.526152 -653.236115 -654.675872 -654.782960 -655.828833 -690.044385 -2458.279351 -4034.179151 -4034.653461 -4034.653465 -4034.653465 -4034.653465 -4034.653465 -4034.653465 -4034.653465 -4034.653465 -4034.653464 -4034.653463 -4034.653459 -4034.653451 -4034.653424 -4034.653331 -4034.652972 -4034.651472 -4033.825535 -2348.758660 -677.627250 -660.103357 -656.887187 -655.963271 -655.747662 -655.705515 -655.701082 -655.704472 -655.708875 -655.712719 -655.715778 -655.718171 -655.720060 -655.721574 -655.722809 -655.723829 -655.724690 -655.725458 -655.726204 -655.727021 -655.728034 -655.729418 -655.731441 -655.734525 -655.739342 -655.746991 -655.759306 -655.779429 -655.812926 -655.870025 -655.970239 -656.151997 -656.492656 -657.149497 -658.442884 -661.030727 -666.339586 -678.051900 -708.850668 -795.390867 -9999.0 -9999.0
-9999.0 -9999.0 -572.216699 -609.812905 -629.410894 -640.803276 -647.613548 -651.611094 -653.932377 -654.838224 -651.635759 -645.393441 -635.451605 -617.848626 -590.124568 -562.222641 -538.361189 -518.797798 -503.329613 -484.464850 -452.075580 -415.334752 -376.263995 -343.651719 -381.902971 -423.684621 -465.859283 -506.064241 -542.307282 -573.108619 -597.760405 -616.393208 -629.783332 -639.002923 -645.121083 -649.051137 -651.526152 -653.236115 -654.675872 -654.782960 -655.828833 -690.044385 -2458.279351 -4034.179151 -4034.653461 -4034.653465 -4034.653465 -4034.653465 -4034.653465 -4034.653465 -4034.653465 -4034.653465 -4034.653464 -4034.653463 -4034.653459 -4034.653451 -4034.653424 -4034.653331 -4034.652972 -4034.651472 -4033.825535 -2348.758661 -677.627250 -660.103357 -656.887187 -655.963271 -655.747662 -655.705515 -655.701082 -655.704472 -655.708875 -655.712719 -655.715778 -655.718171 -655.720060 -655.721574 -655.722809 -655.723829 -655.724690 -655.725458 -655.726204 -655.727021 -655.728034 -655.729418 -655.731441 -655.734525 -655.739342 -655.746991 -655.759306 -655.779429 -655.812926 -655.870025 -655.970239 -656.151997 -656.492656 -657.149497 -658.442884 -661.030727 -666.339586 -678.051900 -708.850668 -795.390867 -9999.0 -9999.0
-9999.0 -9999.0 -572.216762 -609.812990 -629.410960 -640.803306 -647.613557 -651.611094 -653.932375 -654.838222 -651.635759 -645.393441 -635.451605 -617.848626 -590.124568 -562.222641 -538.361189 -518.797798 -503.329613 -484.464850 -452.075580 -415.334752 -376.263995 -343.651719 -381.902971 -423.684621 -465.859283 -506.064241 -542.307282 -573.108619 -597.760405 -616.393208 -629.783332 -639.002923 -645.121083 -649.051137 -651.526152 -653.236115 -654.675872 -654.782960 -655.828833 -690.044385 -2458.279351 -4034.179151 -4034.653461 -4034.653465 -4034.653465 -4034.653465 -4034.653465 -4034.653465 -4034.653465 -4034.653465 -4034.653464 -4034.653463 -4034.653459 -4034.653451 -4034.653424 -4034.653331 -4034.652972 -4034.651472 -4033.825535 -2348.758661 -677.627250 -660.103357 -656.887187 -655.963271 -655.747662 -655.705515 -655.701082 -655.704472 -655.708875 -655.712719 -655.715778 -655.718171 -655.720060 -655.721574 -655.722809 -655.723829 -655.724690 -655.725458 -655.726204 -655.727021 -655.728034 -655.729418 -655.731441 -655.734525 -655.739342 -655.746991 -655.759306 -655.779429 -655.812926 -655.870025 -655.970239 -656.151997 -656.492656 -657.149497 -658.442884 -661.030727 -666.339586 -678.051900 -708.850668 -795.390867 -9999.0 -9999.0
-9999.0 -9999.0 -9999.0 -9999.0 -9999.0 -9999.0 -9999.0 -9999.0 -9999.0 -9999.0 -9999.0 -9999.0 -9999.0 -9999.0 -9999.0 -9999.0 -9999.0 -9999.0 -9999.0 -9999.0 -9999.0 -9999.0 -9999.0 -9999.0 -9999.0 -9999.0 -9999.0 -9999.0 -9999.0 -9999.0 -9999.0 -9999.0 -9999.0 -9999.0 -9999.0 -9999.0 -9999.0 -9999.0 -9999.0 -9999.0 -9999.0 -9999.0 -9999.0 -9999.0 -9999.0 -9999.0 -9999.0 -9999.0 -9999.0 -9999.0 -9999.0 -9999.0 -9999.0 -9999.0 -9999.0 -9999.0 -9999.0 -9999.0 -9999.0 -9999.0 -9999.0 -9999.0 -9999.0 -9999.0 -9999.0 -9999.0 -9999.0 -9999.0 -9999.0 -9999.0 -9999.0 -9999.0 -9999.0 -9999.0 -9999.0 -9999.0 -9999.0 -9999.0 -9999.0 -9999.0 -9999.0 -9999.0 -9999.0 -9999.0 -9999.0 -9999.0 -9999.0 -9999.0 -9999.0 -9999.0 -9999.0 -9999.0 -9999.0 -9999.0 -9999.0 -9999.0 -9999.0 -9999.0 -9999.0 -9999.0 -9999.0 -9999.0 -9999.0 -9999.0
-9999.0 -9999.0 -9999.0 -9999.0 -9999.0 -9999.0 -9999.0 -9999.0 -9999.0 -9999.0 -9999.0 -9999.0 -9999.0 -9999.0 -9999.0 -9999.0 -9999.0 -9999.0 -9999.0 -9999.0 -9999.0 -9999.0 -9999.0 -9999.0 -9999.0 -9999.0 -9999.0 -9999.0 -9999.0 -9999.0 -9999.0 -9999.0 -9999.0 -9999.0 -9999.0 -9999.0 -9999.0 -9999.0 -9999.0 -9999.0 -9999.0 -9999.0 -9999.0 -9999.0 -9999.0 -9999.0 -9999.0 -9999.0 -9999.0 -9999.0 -9999.0 -9999.0 -9999.0 -9999.0 -9999.0 -9999.0 -9999.0 -9999.0 -9999.0 -9999.0 -9999.0 -9999.0 -9999.0 -9999.0 -9999.0 -9999.0 -9999.0 -9999.0 -9999.0 -9999.0 -9999.0 -9999.0 -9999.0 -9999.0 -9999.0 -9999.0 -9999.0 -9999.0 -9999.0 -9999.0 -9999.0 -9999.0 -9999.0 -9999.0 -9999.0 -9999.0 -9999.0 -9999.0 -9999.0 -9999.0 -9999.0 -9999.0 -9999.0 -9999.0 -9999.0 -9999.0 -9999.0 -9999.0 -9999.0 -9999.0 -9999.0 -9999.0 -9999.0 -9999.0