inst/processing_geotop_simulation/geotop_simulation/out/maps3D/PwL0000N0094.asc
ncols         104
nrows         10
xllcorner     -2.000000
yllcorner     0.000000
cellsize      1.000000
NODATA_value  -9999.0
-9999.0 -9999.0 -9999.0 -9999.0 -9999.0 -9999.0 -9999.0 -9999.0 -9999.0 -9999.0 -9999.0 -9999.0 -9999.0 -9999.0 -9999.0 -9999.0 -9999.0 -9999.0 -9999.0 -9999.0 -9999.0 -9999.0 -9999.0 -9999.0 -9999.0 -9999.0 -9999.0 -9999.0 -9999.0 -9999.0 -9999.0 -9999.0 -9999.0 -9999.0 -9999.0 -9999.0 -9999.0 -9999.0 -9999.0 -9999.0 -9999.0 -9999.0 -9999.0 -9999.0 -9999.0 -9999.0 -9999.0 -9999.0 -9999.0 -9999.0 -9999.0 -9999.0 -9999.0 -9999.0 -9999.0 -9999.0 -9999.0 -9999.0 -9999.0 -9999.0 -9999.0 -9999.0 -9999.0 -9999.0 -9999.0 -9999.0 -9999.0 -9999.0 -9999.0 -9999.0 -9999.0 -9999.0 -9999.0 -9999.0 -9999.0 -9999.0 -9999.0 -9999.0 -9999.0 -9999.0 -9999.0 -9999.0 -9999.0 -9999.0 -9999.0 -9999.0 -9999.0 -9999.0 -9999.0 -9999.0 -9999.0 -9999.0 -9999.0 -9999.0 -9999.0 -9999.0 -9999.0 -9999.0 -9999.0 -9999.0 -9999.0 -9999.0 -9999.0 -9999.0
-9999.0 -9999.0 -9999.0 -9999.0 -9999.0 -9999.0 -9999.0 -9999.0 -9999.0 -9999.0 -9999.0 -9999.0 -9999.0 -9999.0 -9999.0 -9999.0 -9999.0 -9999.0 -9999.0 -9999.0 -9999.0 -9999.0 -9999.0 -9999.0 -9999.0 -9999.0 -9999.0 -9999.0 -9999.0 -9999.0 -9999.0 -9999.0 -9999.0 -9999.0 -9999.0 -9999.0 -9999.0 -9999.0 -9999.0 -9999.0 -9999.0 -9999.0 -9999.0 -9999.0 -9999.0 -9999.0 -9999.0 -9999.0 -9999.0 -9999.0 -9999.0 -9999.0 -9999.0 -9999.0 -9999.0 -9999.0 -9999.0 -9999.0 -9999.0 -9999.0 -9999.0 -9999.0 -9999.0 -9999.0 -9999.0 -9999.0 -9999.0 -9999.0 -9999.0 -9999.0 -9999.0 -9999.0 -9999.0 -9999.0 -9999.0 -9999.0 -9999.0 -9999.0 -9999.0 -9999.0 -9999.0 -9999.0 -9999.0 -9999.0 -9999.0 -9999.0 -9999.0 -9999.0 -9999.0 -9999.0 -9999.0 -9999.0 -9999.0 -9999.0 -9999.0 -9999.0 -9999.0 -9999.0 -9999.0 -9999.0 -9999.0 -9999.0 -9999.0 -9999.0
-9999.0 -9999.0 0.033285 -76.889339 -170.003060 -264.932745 -360.596051 -456.706916 -553.328716 -651.049205 -759.006625 -920.758757 -1074.998772 -1193.973852 -1281.310881 -1368.133027 -1429.705376 -1458.289716 -1466.300745 -1464.205424 -1459.100488 -1454.568393 -1451.949188 -1451.427533 -1452.656581 -1455.079375 -1458.096595 -1461.185744 -1463.983635 -1466.307130 -1468.116444 -1469.458142 -1470.416103 -1471.079256 -1471.525553 -1471.818519 -1472.016807 -1472.191412 -1472.408219 -1473.046055 -1478.278378 -1498.444491 -964.506593 -958.671979 -947.355142 -940.390443 -937.132956 -936.679998 -936.635594 -936.646849 -936.667213 -936.688736 -936.709384 -936.728482 -936.745994 -936.764333 -936.807664 -937.081558 -938.828603 -942.837047 -949.489894 -947.819030 -1481.868429 -1476.219761 -1473.069881 -1472.568847 -1472.477908 -1472.461630 -1472.460831 -1472.462897 -1472.465080 -1472.466853 -1472.468202 -1472.469219 -1472.469992 -1472.470591 -1472.471063 -1472.471442 -1472.471756 -1472.472030 -1472.472294 -1472.472581 -1472.472938 -1472.473428 -1472.474148 -1472.475251 -1472.476978 -1472.479729 -1472.484167 -1472.491434 -1472.503561 -1472.524277 -1472.560673 -1472.626590 -1472.749466 -1472.983957 -1473.438920 -1474.333451 -1476.128359 -1479.880415 -1488.299927 -1510.347952 -9999.0 -9999.0
-9999.0 -9999.0 0.117144 -76.887004 -170.002476 -264.932576 -360.595998 -456.706899 -553.328711 -651.049203 -759.006625 -920.758758 -1074.998772 -1193.973852 -1281.310881 -1368.133027 -1429.705376 -1458.289716 -1466.300745 -1464.205424 -1459.100488 -1454.568393 -1451.949188 -1451.427533 -1452.656581 -1455.079375 -1458.096595 -1461.185744 -1463.983635 -1466.307130 -1468.116444 -1469.458142 -1470.416103 -1471.079256 -1471.525553 -1471.818519 -1472.016807 -1472.191412 -1472.408219 -1473.046055 -1478.278378 -1498.444491 -964.506593 -958.671979 -947.355142 -940.390442 -937.132956 -936.679998 -936.635594 -936.646849 -936.667213 -936.688736 -936.709384 -936.728482 -936.745994 -936.764333 -936.807664 -937.081558 -938.828603 -942.837047 -949.489894 -947.819030 -1481.868429 -1476.219761 -1473.069881 -1472.568847 -1472.477908 -1472.461630 -1472.460831 -1472.462897 -1472.465080 -1472.466853 -1472.468202 -1472.469219 -1472.469992 -1472.470591 -1472.471063 -1472.471442 -1472.471756 -1472.472030 -1472.472294 -1472.472581 -1472.472938 -1472.473428 -1472.474148 -1472.475251 -1472.476978 -1472.479729 -1472.484167 -1472.491434 -1472.503561 -1472.524277 -1472.560673 -1472.626590 -1472.749466 -1472.983957 -1473.438920 -1474.333451 -1476.128359 -1479.880415 -1488.299927 -1510.347952 -9999.0 -9999.0
-9999.0 -9999.0 0.117146 -76.886079 -170.002110 -264.932443 -360.595951 -456.706882 -553.328705 -651.049201 -759.006624 -920.758758 -1074.998772 -1193.973852 -1281.310881 -1368.133027 -1429.705376 -1458.289716 -1466.300745 -1464.205424 -1459.100488 -1454.568393 -1451.949188 -1451.427533 -1452.656581 -1455.079375 -1458.096595 -1461.185744 -1463.983635 -1466.307130 -1468.116444 -1469.458142 -1470.416103 -1471.079256 -1471.525553 -1471.818519 -1472.016807 -1472.191412 -1472.408219 -1473.046055 -1478.278378 -1498.444491 -964.506593 -958.671979 -947.355142 -940.390442 -937.132956 -936.679998 -936.635594 -936.646849 -936.667213 -936.688736 -936.709384 -936.728482 -936.745994 -936.764333 -936.807664 -937.081558 -938.828603 -942.837047 -949.489894 -947.819030 -1481.868429 -1476.219761 -1473.069881 -1472.568847 -1472.477908 -1472.461630 -1472.460831 -1472.462897 -1472.465080 -1472.466853 -1472.468202 -1472.469219 -1472.469992 -1472.470591 -1472.471063 -1472.471442 -1472.471756 -1472.472030 -1472.472294 -1472.472581 -1472.472938 -1472.473428 -1472.474148 -1472.475251 -1472.476978 -1472.479729 -1472.484167 -1472.491434 -1472.503561 -1472.524277 -1472.560673 -1472.626590 -1472.749466 -1472.983957 -1473.438920 -1474.333451 -1476.128359 -1479.880415 -1488.299927 -1510.347952 -9999.0 -9999.0
-9999.0 -9999.0 0.117146 -76.886079 -170.002110 -264.932443 -360.595951 -456.706883 -553.328705 -651.049201 -759.006624 -920.758758 -1074.998772 -1193.973852 -1281.310881 -1368.133027 -1429.705376 -1458.289716 -1466.300745 -1464.205424 -1459.100488 -1454.568393 -1451.949188 -1451.427533 -1452.656581 -1455.079375 -1458.096595 -1461.185744 -1463.983635 -1466.307130 -1468.116444 -1469.458142 -1470.416103 -1471.079256 -1471.525553 -1471.818519 -1472.016807 -1472.191412 -1472.408219 -1473.046055 -1478.278378 -1498.444491 -964.506593 -958.671979 -947.355142 -940.390442 -937.132956 -936.679998 -936.635594 -936.646849 -936.667213 -936.688736 -936.709384 -936.728482 -936.745994 -936.764333 -936.807664 -937.081558 -938.828603 -942.837047 -949.489894 -947.819030 -1481.868429 -1476.219761 -1473.069881 -1472.568847 -1472.477908 -1472.461630 -1472.460831 -1472.462897 -1472.465080 -1472.466853 -1472.468202 -1472.469219 -1472.469992 -1472.470591 -1472.471063 -1472.471442 -1472.471756 -1472.472030 -1472.472294 -1472.472581 -1472.472938 -1472.473428 -1472.474148 -1472.475251 -1472.476978 -1472.479729 -1472.484167 -1472.491434 -1472.503561 -1472.524277 -1472.560673 -1472.626590 -1472.749466 -1472.983957 -1473.438920 -1474.333451 -1476.128359 -1479.880415 -1488.299927 -1510.347952 -9999.0 -9999.0
-9999.0 -9999.0 0.117144 -76.887004 -170.002477 -264.932576 -360.595998 -456.706899 -553.328711 -651.049203 -759.006625 -920.758758 -1074.998772 -1193.973852 -1281.310881 -1368.133027 -1429.705376 -1458.289716 -1466.300745 -1464.205424 -1459.100488 -1454.568393 -1451.949188 -1451.427533 -1452.656581 -1455.079375 -1458.096595 -1461.185744 -1463.983635 -1466.307130 -1468.116444 -1469.458142 -1470.416103 -1471.079256 -1471.525553 -1471.818519 -1472.016807 -1472.191412 -1472.408219 -1473.046055 -1478.278378 -1498.444491 -964.506593 -958.671979 -947.355142 -940.390442 -937.132956 -936.679998 -936.635594 -936.646849 -936.667213 -936.688736 -936.709384 -936.728482 -936.745994 -936.764333 -936.807664 -937.081558 -938.828603 -942.837047 -949.489894 -947.819030 -1481.868429 -1476.219761 -1473.069881 -1472.568847 -1472.477908 -1472.461630 -1472.460831 -1472.462897 -1472.465080 -1472.466853 -1472.468202 -1472.469219 -1472.469992 -1472.470591 -1472.471063 -1472.471442 -1472.471756 -1472.472030 -1472.472294 -1472.472581 -1472.472938 -1472.473428 -1472.474148 -1472.475251 -1472.476978 -1472.479729 -1472.484167 -1472.491434 -1472.503561 -1472.524277 -1472.560673 -1472.626590 -1472.749466 -1472.983957 -1473.438920 -1474.333451 -1476.128359 -1479.880415 -1488.299927 -1510.347952 -9999.0 -9999.0
-9999.0 -9999.0 0.033285 -76.889339 -170.003060 -264.932745 -360.596051 -456.706916 -553.328716 -651.049205 -759.006625 -920.758757 -1074.998772 -1193.973852 -1281.310881 -1368.133027 -1429.705376 -1458.289716 -1466.300745 -1464.205424 -1459.100488 -1454.568393 -1451.949188 -1451.427533 -1452.656581 -1455.079375 -1458.096595 -1461.185744 -1463.983635 -1466.307130 -1468.116444 -1469.458142 -1470.416103 -1471.079256 -1471.525553 -1471.818519 -1472.016807 -1472.191412 -1472.408219 -1473.046055 -1478.278378 -1498.444491 -964.506593 -958.671979 -947.355142 -940.390443 -937.132956 -936.679998 -936.635594 -936.646849 -936.667213 -936.688736 -936.709384 -936.728482 -936.745994 -936.764333 -936.807664 -937.081558 -938.828603 -942.837047 -949.489894 -947.819030 -1481.868429 -1476.219761 -1473.069881 -1472.568847 -1472.477908 -1472.461630 -1472.460831 -1472.462897 -1472.465080 -1472.466853 -1472.468202 -1472.469219 -1472.469992 -1472.470591 -1472.471063 -1472.471442 -1472.471756 -1472.472030 -1472.472294 -1472.472581 -1472.472938 -1472.473428 -1472.474148 -1472.475251 -1472.476978 -1472.479729 -1472.484167 -1472.491434 -1472.503561 -1472.524277 -1472.560673 -1472.626590 -1472.749466 -1472.983957 -1473.438920 -1474.333451 -1476.128359 -1479.880415 -1488.299927 -1510.347952 -9999.0 -9999.0
-9999.0 -9999.0 -9999.0 -9999.0 -9999.0 -9999.0 -9999.0 -9999.0 -9999.0 -9999.0 -9999.0 -9999.0 -9999.0 -9999.0 -9999.0 -9999.0 -9999.0 -9999.0 -9999.0 -9999.0 -9999.0 -9999.0 -9999.0 -9999.0 -9999.0 -9999.0 -9999.0 -9999.0 -9999.0 -9999.0 -9999.0 -9999.0 -9999.0 -9999.0 -9999.0 -9999.0 -9999.0 -9999.0 -9999.0 -9999.0 -9999.0 -9999.0 -9999.0 -9999.0 -9999.0 -9999.0 -9999.0 -9999.0 -9999.0 -9999.0 -9999.0 -9999.0 -9999.0 -9999.0 -9999.0 -9999.0 -9999.0 -9999.0 -9999.0 -9999.0 -9999.0 -9999.0 -9999.0 -9999.0 -9999.0 -9999.0 -9999.0 -9999.0 -9999.0 -9999.0 -9999.0 -9999.0 -9999.0 -9999.0 -9999.0 -9999.0 -9999.0 -9999.0 -9999.0 -9999.0 -9999.0 -9999.0 -9999.0 -9999.0 -9999.0 -9999.0 -9999.0 -9999.0 -9999.0 -9999.0 -9999.0 -9999.0 -9999.0 -9999.0 -9999.0 -9999.0 -9999.0 -9999.0 -9999.0 -9999.0 -9999.0 -9999.0 -9999.0 -9999.0
-9999.0 -9999.0 -9999.0 -9999.0 -9999.0 -9999.0 -9999.0 -9999.0 -9999.0 -9999.0 -9999.0 -9999.0 -9999.0 -9999.0 -9999.0 -9999.0 -9999.0 -9999.0 -9999.0 -9999.0 -9999.0 -9999.0 -9999.0 -9999.0 -9999.0 -9999.0 -9999.0 -9999.0 -9999.0 -9999.0 -9999.0 -9999.0 -9999.0 -9999.0 -9999.0 -9999.0 -9999.0 -9999.0 -9999.0 -9999.0 -9999.0 -9999.0 -9999.0 -9999.0 -9999.0 -9999.0 -9999.0 -9999.0 -9999.0 -9999.0 -9999.0 -9999.0 -9999.0 -9999.0 -9999.0 -9999.0 -9999.0 -9999.0 -9999.0 -9999.0 -9999.0 -9999.0 -9999.0 -9999.0 -9999.0 -9999.0 -9999.0 -9999.0 -9999.0 -9999.0 -9999.0 -9999.0 -9999.0 -9999.0 -9999.0 -9999.0 -9999.0 -9999.0 -9999.0 -9999.0 -9999.0 -9999.0 -9999.0 -9999.0 -9999.0 -9999.0 -9999.0 -9999.0 -9999.0 -9999.0 -9999.0 -9999.0 -9999.0 -9999.0 -9999.0 -9999.0 -9999.0 -9999.0 -9999.0 -9999.0 -9999.0 -9999.0 -9999.0 -9999.0