inst/processing_geotop_simulation/geotop_simulation/out/maps3D/PwL0020N0354.asc
ncols         104
nrows         10
xllcorner     -2.000000
yllcorner     0.000000
cellsize      1.000000
NODATA_value  -9999.0
-9999.0 -9999.0 -9999.0 -9999.0 -9999.0 -9999.0 -9999.0 -9999.0 -9999.0 -9999.0 -9999.0 -9999.0 -9999.0 -9999.0 -9999.0 -9999.0 -9999.0 -9999.0 -9999.0 -9999.0 -9999.0 -9999.0 -9999.0 -9999.0 -9999.0 -9999.0 -9999.0 -9999.0 -9999.0 -9999.0 -9999.0 -9999.0 -9999.0 -9999.0 -9999.0 -9999.0 -9999.0 -9999.0 -9999.0 -9999.0 -9999.0 -9999.0 -9999.0 -9999.0 -9999.0 -9999.0 -9999.0 -9999.0 -9999.0 -9999.0 -9999.0 -9999.0 -9999.0 -9999.0 -9999.0 -9999.0 -9999.0 -9999.0 -9999.0 -9999.0 -9999.0 -9999.0 -9999.0 -9999.0 -9999.0 -9999.0 -9999.0 -9999.0 -9999.0 -9999.0 -9999.0 -9999.0 -9999.0 -9999.0 -9999.0 -9999.0 -9999.0 -9999.0 -9999.0 -9999.0 -9999.0 -9999.0 -9999.0 -9999.0 -9999.0 -9999.0 -9999.0 -9999.0 -9999.0 -9999.0 -9999.0 -9999.0 -9999.0 -9999.0 -9999.0 -9999.0 -9999.0 -9999.0 -9999.0 -9999.0 -9999.0 -9999.0 -9999.0 -9999.0
-9999.0 -9999.0 -9999.0 -9999.0 -9999.0 -9999.0 -9999.0 -9999.0 -9999.0 -9999.0 -9999.0 -9999.0 -9999.0 -9999.0 -9999.0 -9999.0 -9999.0 -9999.0 -9999.0 -9999.0 -9999.0 -9999.0 -9999.0 -9999.0 -9999.0 -9999.0 -9999.0 -9999.0 -9999.0 -9999.0 -9999.0 -9999.0 -9999.0 -9999.0 -9999.0 -9999.0 -9999.0 -9999.0 -9999.0 -9999.0 -9999.0 -9999.0 -9999.0 -9999.0 -9999.0 -9999.0 -9999.0 -9999.0 -9999.0 -9999.0 -9999.0 -9999.0 -9999.0 -9999.0 -9999.0 -9999.0 -9999.0 -9999.0 -9999.0 -9999.0 -9999.0 -9999.0 -9999.0 -9999.0 -9999.0 -9999.0 -9999.0 -9999.0 -9999.0 -9999.0 -9999.0 -9999.0 -9999.0 -9999.0 -9999.0 -9999.0 -9999.0 -9999.0 -9999.0 -9999.0 -9999.0 -9999.0 -9999.0 -9999.0 -9999.0 -9999.0 -9999.0 -9999.0 -9999.0 -9999.0 -9999.0 -9999.0 -9999.0 -9999.0 -9999.0 -9999.0 -9999.0 -9999.0 -9999.0 -9999.0 -9999.0 -9999.0 -9999.0 -9999.0
-9999.0 -9999.0 969.461863 870.670093 771.792979 672.767653 573.660059 474.515697 375.360001 276.206967 177.064442 77.936964 -21.170233 -120.253471 -219.308570 -318.313775 -417.227380 -515.969703 -614.397005 -712.263335 -810.290446 -907.875527 -1004.808024 -1100.810748 -1188.525627 -1268.795036 -1339.723456 -1400.084405 -1449.546675 -1488.656669 -1518.609960 -1540.934133 -1557.203727 -1568.850240 -1577.071888 -1582.818680 -1586.830372 -1589.746162 -1592.435701 -1596.965371 -1608.705214 -1642.519933 -1791.150448 -3671.205171 -3984.570159 -3984.516000 -3970.490709 -3870.856959 -3646.551620 -3377.801820 -3131.297522 -2907.662399 -2771.083859 -2683.883621 -2603.748303 -2520.585218 -2431.423138 -2337.521588 -2242.433448 -2148.970869 -2037.931907 -1536.388526 -1599.003786 -1600.373160 -1597.101421 -1595.860159 -1595.569011 -1595.514101 -1595.505215 -1595.504320 -1595.504693 -1595.505189 -1595.505625 -1595.505986 -1595.506287 -1595.506544 -1595.506769 -1595.506972 -1595.507161 -1595.507344 -1595.507529 -1595.507728 -1595.507955 -1595.508231 -1595.508589 -1595.509082 -1595.509792 -1595.510863 -1595.512540 -1595.515259 -1595.519827 -1595.527785 -1595.542153 -1595.569011 -1595.620975 -1595.725345 -1595.944786 -1596.433138 -1597.593115 -1600.554128 -1608.808077 -1634.711487 -9999.0 -9999.0
-9999.0 -9999.0 969.464658 870.671173 771.793337 672.767770 573.660099 474.515711 375.360007 276.206969 177.064443 77.936964 -21.170233 -120.253471 -219.308570 -318.313775 -417.227380 -515.969703 -614.397006 -712.263336 -810.290447 -907.875528 -1004.808024 -1100.810748 -1188.525627 -1268.795036 -1339.723456 -1400.084405 -1449.546675 -1488.656670 -1518.609960 -1540.934133 -1557.203727 -1568.850240 -1577.071888 -1582.818680 -1586.830372 -1589.746162 -1592.435701 -1596.965371 -1608.705214 -1642.519933 -1791.150448 -3671.205170 -3984.570159 -3984.516000 -3970.490709 -3870.856959 -3646.551620 -3377.801819 -3131.297518 -2907.662398 -2771.083859 -2683.883621 -2603.748303 -2520.585217 -2431.423137 -2337.521588 -2242.433447 -2148.970869 -2037.931907 -1536.388526 -1599.003786 -1600.373160 -1597.101421 -1595.860159 -1595.569011 -1595.514101 -1595.505214 -1595.504320 -1595.504693 -1595.505189 -1595.505625 -1595.505986 -1595.506287 -1595.506544 -1595.506769 -1595.506972 -1595.507161 -1595.507344 -1595.507529 -1595.507728 -1595.507955 -1595.508231 -1595.508589 -1595.509082 -1595.509792 -1595.510863 -1595.512540 -1595.515259 -1595.519827 -1595.527785 -1595.542153 -1595.569011 -1595.620975 -1595.725345 -1595.944786 -1596.433138 -1597.593115 -1600.554128 -1608.808077 -1634.711487 -9999.0 -9999.0
-9999.0 -9999.0 969.465747 870.671760 771.793585 672.767866 573.660134 474.515724 375.360012 276.206971 177.064443 77.936965 -21.170233 -120.253471 -219.308570 -318.313775 -417.227381 -515.969703 -614.397006 -712.263336 -810.290447 -907.875528 -1004.808024 -1100.810749 -1188.525627 -1268.795036 -1339.723456 -1400.084405 -1449.546676 -1488.656670 -1518.609960 -1540.934133 -1557.203727 -1568.850240 -1577.071888 -1582.818680 -1586.830372 -1589.746162 -1592.435701 -1596.965371 -1608.705214 -1642.519933 -1791.150448 -3671.205169 -3984.570159 -3984.516000 -3970.490709 -3870.856959 -3646.551620 -3377.801817 -3131.297516 -2907.662398 -2771.083859 -2683.883620 -2603.748303 -2520.585217 -2431.423137 -2337.521587 -2242.433447 -2148.970869 -2037.931907 -1536.388526 -1599.003786 -1600.373160 -1597.101421 -1595.860159 -1595.569011 -1595.514101 -1595.505214 -1595.504320 -1595.504693 -1595.505189 -1595.505625 -1595.505986 -1595.506287 -1595.506544 -1595.506769 -1595.506972 -1595.507161 -1595.507344 -1595.507529 -1595.507728 -1595.507955 -1595.508231 -1595.508589 -1595.509082 -1595.509792 -1595.510863 -1595.512540 -1595.515259 -1595.519827 -1595.527785 -1595.542153 -1595.569011 -1595.620975 -1595.725345 -1595.944786 -1596.433138 -1597.593115 -1600.554128 -1608.808077 -1634.711487 -9999.0 -9999.0
-9999.0 -9999.0 969.465747 870.671760 771.793585 672.767866 573.660134 474.515724 375.360012 276.206971 177.064444 77.936965 -21.170232 -120.253471 -219.308570 -318.313775 -417.227381 -515.969703 -614.397006 -712.263336 -810.290447 -907.875528 -1004.808024 -1100.810749 -1188.525627 -1268.795036 -1339.723456 -1400.084405 -1449.546676 -1488.656670 -1518.609960 -1540.934133 -1557.203727 -1568.850240 -1577.071888 -1582.818680 -1586.830372 -1589.746162 -1592.435701 -1596.965371 -1608.705214 -1642.519933 -1791.150448 -3671.205169 -3984.570159 -3984.516000 -3970.490709 -3870.856959 -3646.551620 -3377.801817 -3131.297517 -2907.662398 -2771.083859 -2683.883620 -2603.748303 -2520.585217 -2431.423137 -2337.521587 -2242.433447 -2148.970869 -2037.931907 -1536.388526 -1599.003786 -1600.373160 -1597.101421 -1595.860159 -1595.569011 -1595.514101 -1595.505214 -1595.504320 -1595.504693 -1595.505189 -1595.505625 -1595.505986 -1595.506287 -1595.506544 -1595.506769 -1595.506972 -1595.507161 -1595.507344 -1595.507529 -1595.507728 -1595.507955 -1595.508231 -1595.508589 -1595.509082 -1595.509792 -1595.510863 -1595.512540 -1595.515259 -1595.519827 -1595.527785 -1595.542153 -1595.569011 -1595.620975 -1595.725345 -1595.944786 -1596.433138 -1597.593115 -1600.554128 -1608.808077 -1634.711487 -9999.0 -9999.0
-9999.0 -9999.0 969.464658 870.671173 771.793336 672.767771 573.660099 474.515711 375.360007 276.206969 177.064443 77.936965 -21.170233 -120.253471 -219.308570 -318.313775 -417.227381 -515.969703 -614.397006 -712.263336 -810.290447 -907.875528 -1004.808024 -1100.810748 -1188.525627 -1268.795036 -1339.723456 -1400.084405 -1449.546675 -1488.656670 -1518.609960 -1540.934133 -1557.203727 -1568.850240 -1577.071888 -1582.818680 -1586.830372 -1589.746162 -1592.435701 -1596.965371 -1608.705214 -1642.519933 -1791.150448 -3671.205170 -3984.570159 -3984.516000 -3970.490709 -3870.856959 -3646.551620 -3377.801818 -3131.297518 -2907.662398 -2771.083859 -2683.883620 -2603.748303 -2520.585217 -2431.423138 -2337.521587 -2242.433448 -2148.970869 -2037.931907 -1536.388526 -1599.003786 -1600.373160 -1597.101421 -1595.860159 -1595.569011 -1595.514101 -1595.505214 -1595.504320 -1595.504693 -1595.505189 -1595.505625 -1595.505986 -1595.506287 -1595.506544 -1595.506769 -1595.506972 -1595.507161 -1595.507344 -1595.507529 -1595.507728 -1595.507955 -1595.508231 -1595.508589 -1595.509082 -1595.509792 -1595.510863 -1595.512540 -1595.515259 -1595.519827 -1595.527785 -1595.542153 -1595.569011 -1595.620975 -1595.725345 -1595.944786 -1596.433138 -1597.593115 -1600.554128 -1608.808077 -1634.711487 -9999.0 -9999.0
-9999.0 -9999.0 969.461863 870.670093 771.792979 672.767653 573.660059 474.515697 375.360002 276.206967 177.064442 77.936964 -21.170233 -120.253471 -219.308570 -318.313775 -417.227380 -515.969703 -614.397005 -712.263336 -810.290446 -907.875527 -1004.808024 -1100.810748 -1188.525627 -1268.795036 -1339.723456 -1400.084405 -1449.546675 -1488.656669 -1518.609960 -1540.934133 -1557.203727 -1568.850240 -1577.071888 -1582.818680 -1586.830372 -1589.746162 -1592.435701 -1596.965371 -1608.705214 -1642.519933 -1791.150448 -3671.205171 -3984.570159 -3984.516000 -3970.490709 -3870.856959 -3646.551620 -3377.801821 -3131.297522 -2907.662399 -2771.083859 -2683.883621 -2603.748303 -2520.585218 -2431.423138 -2337.521588 -2242.433448 -2148.970870 -2037.931907 -1536.388526 -1599.003786 -1600.373160 -1597.101421 -1595.860159 -1595.569011 -1595.514101 -1595.505215 -1595.504320 -1595.504693 -1595.505189 -1595.505625 -1595.505986 -1595.506287 -1595.506544 -1595.506769 -1595.506972 -1595.507161 -1595.507344 -1595.507529 -1595.507728 -1595.507955 -1595.508231 -1595.508589 -1595.509082 -1595.509792 -1595.510863 -1595.512540 -1595.515259 -1595.519827 -1595.527785 -1595.542153 -1595.569011 -1595.620975 -1595.725345 -1595.944786 -1596.433138 -1597.593115 -1600.554128 -1608.808077 -1634.711487 -9999.0 -9999.0
-9999.0 -9999.0 -9999.0 -9999.0 -9999.0 -9999.0 -9999.0 -9999.0 -9999.0 -9999.0 -9999.0 -9999.0 -9999.0 -9999.0 -9999.0 -9999.0 -9999.0 -9999.0 -9999.0 -9999.0 -9999.0 -9999.0 -9999.0 -9999.0 -9999.0 -9999.0 -9999.0 -9999.0 -9999.0 -9999.0 -9999.0 -9999.0 -9999.0 -9999.0 -9999.0 -9999.0 -9999.0 -9999.0 -9999.0 -9999.0 -9999.0 -9999.0 -9999.0 -9999.0 -9999.0 -9999.0 -9999.0 -9999.0 -9999.0 -9999.0 -9999.0 -9999.0 -9999.0 -9999.0 -9999.0 -9999.0 -9999.0 -9999.0 -9999.0 -9999.0 -9999.0 -9999.0 -9999.0 -9999.0 -9999.0 -9999.0 -9999.0 -9999.0 -9999.0 -9999.0 -9999.0 -9999.0 -9999.0 -9999.0 -9999.0 -9999.0 -9999.0 -9999.0 -9999.0 -9999.0 -9999.0 -9999.0 -9999.0 -9999.0 -9999.0 -9999.0 -9999.0 -9999.0 -9999.0 -9999.0 -9999.0 -9999.0 -9999.0 -9999.0 -9999.0 -9999.0 -9999.0 -9999.0 -9999.0 -9999.0 -9999.0 -9999.0 -9999.0 -9999.0
-9999.0 -9999.0 -9999.0 -9999.0 -9999.0 -9999.0 -9999.0 -9999.0 -9999.0 -9999.0 -9999.0 -9999.0 -9999.0 -9999.0 -9999.0 -9999.0 -9999.0 -9999.0 -9999.0 -9999.0 -9999.0 -9999.0 -9999.0 -9999.0 -9999.0 -9999.0 -9999.0 -9999.0 -9999.0 -9999.0 -9999.0 -9999.0 -9999.0 -9999.0 -9999.0 -9999.0 -9999.0 -9999.0 -9999.0 -9999.0 -9999.0 -9999.0 -9999.0 -9999.0 -9999.0 -9999.0 -9999.0 -9999.0 -9999.0 -9999.0 -9999.0 -9999.0 -9999.0 -9999.0 -9999.0 -9999.0 -9999.0 -9999.0 -9999.0 -9999.0 -9999.0 -9999.0 -9999.0 -9999.0 -9999.0 -9999.0 -9999.0 -9999.0 -9999.0 -9999.0 -9999.0 -9999.0 -9999.0 -9999.0 -9999.0 -9999.0 -9999.0 -9999.0 -9999.0 -9999.0 -9999.0 -9999.0 -9999.0 -9999.0 -9999.0 -9999.0 -9999.0 -9999.0 -9999.0 -9999.0 -9999.0 -9999.0 -9999.0 -9999.0 -9999.0 -9999.0 -9999.0 -9999.0 -9999.0 -9999.0 -9999.0 -9999.0 -9999.0 -9999.0