inst/processing_geotop_simulation/geotop_simulation/out/maps3D/PwL0006N0069.asc
ncols         104
nrows         10
xllcorner     -2.000000
yllcorner     0.000000
cellsize      1.000000
NODATA_value  -9999.0
-9999.0 -9999.0 -9999.0 -9999.0 -9999.0 -9999.0 -9999.0 -9999.0 -9999.0 -9999.0 -9999.0 -9999.0 -9999.0 -9999.0 -9999.0 -9999.0 -9999.0 -9999.0 -9999.0 -9999.0 -9999.0 -9999.0 -9999.0 -9999.0 -9999.0 -9999.0 -9999.0 -9999.0 -9999.0 -9999.0 -9999.0 -9999.0 -9999.0 -9999.0 -9999.0 -9999.0 -9999.0 -9999.0 -9999.0 -9999.0 -9999.0 -9999.0 -9999.0 -9999.0 -9999.0 -9999.0 -9999.0 -9999.0 -9999.0 -9999.0 -9999.0 -9999.0 -9999.0 -9999.0 -9999.0 -9999.0 -9999.0 -9999.0 -9999.0 -9999.0 -9999.0 -9999.0 -9999.0 -9999.0 -9999.0 -9999.0 -9999.0 -9999.0 -9999.0 -9999.0 -9999.0 -9999.0 -9999.0 -9999.0 -9999.0 -9999.0 -9999.0 -9999.0 -9999.0 -9999.0 -9999.0 -9999.0 -9999.0 -9999.0 -9999.0 -9999.0 -9999.0 -9999.0 -9999.0 -9999.0 -9999.0 -9999.0 -9999.0 -9999.0 -9999.0 -9999.0 -9999.0 -9999.0 -9999.0 -9999.0 -9999.0 -9999.0 -9999.0 -9999.0
-9999.0 -9999.0 -9999.0 -9999.0 -9999.0 -9999.0 -9999.0 -9999.0 -9999.0 -9999.0 -9999.0 -9999.0 -9999.0 -9999.0 -9999.0 -9999.0 -9999.0 -9999.0 -9999.0 -9999.0 -9999.0 -9999.0 -9999.0 -9999.0 -9999.0 -9999.0 -9999.0 -9999.0 -9999.0 -9999.0 -9999.0 -9999.0 -9999.0 -9999.0 -9999.0 -9999.0 -9999.0 -9999.0 -9999.0 -9999.0 -9999.0 -9999.0 -9999.0 -9999.0 -9999.0 -9999.0 -9999.0 -9999.0 -9999.0 -9999.0 -9999.0 -9999.0 -9999.0 -9999.0 -9999.0 -9999.0 -9999.0 -9999.0 -9999.0 -9999.0 -9999.0 -9999.0 -9999.0 -9999.0 -9999.0 -9999.0 -9999.0 -9999.0 -9999.0 -9999.0 -9999.0 -9999.0 -9999.0 -9999.0 -9999.0 -9999.0 -9999.0 -9999.0 -9999.0 -9999.0 -9999.0 -9999.0 -9999.0 -9999.0 -9999.0 -9999.0 -9999.0 -9999.0 -9999.0 -9999.0 -9999.0 -9999.0 -9999.0 -9999.0 -9999.0 -9999.0 -9999.0 -9999.0 -9999.0 -9999.0 -9999.0 -9999.0 -9999.0 -9999.0
-9999.0 -9999.0 -117.748319 -218.826268 -322.918789 -436.035012 -565.920283 -714.007142 -868.370899 -990.427321 -1021.689165 -994.551414 -963.146128 -983.722829 -1016.916015 -1062.460767 -1111.835697 -1122.210312 -1116.789692 -1106.123680 -1096.671715 -1090.841532 -1088.878215 -1090.147677 -1093.730726 -1098.670814 -1104.082848 -1109.256215 -1113.738407 -1117.342061 -1120.076633 -1122.059904 -1123.447604 -1124.389887 -1125.011674 -1125.409863 -1125.668841 -1125.894372 -1126.151844 -1126.469915 -1130.700546 -1169.520363 -1006.436471 -1030.900033 -993.389292 -971.301013 -961.161113 -959.894410 -959.770160 -959.789845 -959.830933 -959.874592 -959.916463 -959.955186 -959.990807 -960.029335 -960.131559 -960.840497 -966.043985 -977.997292 -998.748100 -951.487877 -1152.530603 -1129.797572 -1126.834313 -1126.359417 -1126.260252 -1126.242628 -1126.242683 -1126.245866 -1126.249005 -1126.251514 -1126.253413 -1126.254840 -1126.255926 -1126.256766 -1126.257429 -1126.257961 -1126.258399 -1126.258781 -1126.259146 -1126.259541 -1126.260029 -1126.260696 -1126.261674 -1126.263169 -1126.265508 -1126.269226 -1126.275213 -1126.284993 -1126.301257 -1126.328924 -1126.377306 -1126.464531 -1126.626505 -1126.934711 -1127.530987 -1128.696943 -1131.007807 -1135.733319 -1145.976640 -1170.663223 -9999.0 -9999.0
-9999.0 -9999.0 -117.748319 -218.826268 -322.918789 -436.035012 -565.920284 -714.007143 -868.370900 -990.427322 -1021.689166 -994.551414 -963.146128 -983.722829 -1016.916015 -1062.460767 -1111.835697 -1122.210312 -1116.789692 -1106.123680 -1096.671715 -1090.841532 -1088.878215 -1090.147677 -1093.730726 -1098.670814 -1104.082848 -1109.256215 -1113.738407 -1117.342061 -1120.076633 -1122.059904 -1123.447604 -1124.389887 -1125.011674 -1125.409863 -1125.668841 -1125.894372 -1126.151844 -1126.469915 -1130.700546 -1169.520363 -1006.436471 -1030.900033 -993.389292 -971.301012 -961.161113 -959.894410 -959.770160 -959.789845 -959.830933 -959.874592 -959.916463 -959.955186 -959.990807 -960.029335 -960.131559 -960.840497 -966.043985 -977.997292 -998.748100 -951.487877 -1152.530603 -1129.797572 -1126.834313 -1126.359417 -1126.260252 -1126.242628 -1126.242683 -1126.245866 -1126.249005 -1126.251514 -1126.253413 -1126.254840 -1126.255926 -1126.256766 -1126.257429 -1126.257961 -1126.258399 -1126.258781 -1126.259146 -1126.259541 -1126.260029 -1126.260696 -1126.261674 -1126.263169 -1126.265508 -1126.269226 -1126.275213 -1126.284993 -1126.301257 -1126.328924 -1126.377306 -1126.464531 -1126.626505 -1126.934711 -1127.530987 -1128.696943 -1131.007807 -1135.733319 -1145.976640 -1170.663223 -9999.0 -9999.0
-9999.0 -9999.0 -117.748319 -218.826268 -322.918788 -436.035012 -565.920283 -714.007142 -868.370900 -990.427322 -1021.689166 -994.551414 -963.146128 -983.722829 -1016.916015 -1062.460767 -1111.835697 -1122.210312 -1116.789692 -1106.123680 -1096.671715 -1090.841532 -1088.878215 -1090.147677 -1093.730726 -1098.670814 -1104.082848 -1109.256215 -1113.738407 -1117.342061 -1120.076633 -1122.059904 -1123.447604 -1124.389887 -1125.011674 -1125.409863 -1125.668841 -1125.894372 -1126.151844 -1126.469915 -1130.700546 -1169.520363 -1006.436471 -1030.900033 -993.389292 -971.301012 -961.161113 -959.894410 -959.770160 -959.789845 -959.830933 -959.874592 -959.916463 -959.955186 -959.990807 -960.029335 -960.131559 -960.840497 -966.043985 -977.997292 -998.748100 -951.487877 -1152.530603 -1129.797572 -1126.834313 -1126.359417 -1126.260252 -1126.242628 -1126.242683 -1126.245866 -1126.249005 -1126.251514 -1126.253413 -1126.254840 -1126.255926 -1126.256766 -1126.257429 -1126.257961 -1126.258399 -1126.258781 -1126.259146 -1126.259541 -1126.260029 -1126.260696 -1126.261674 -1126.263169 -1126.265508 -1126.269226 -1126.275213 -1126.284993 -1126.301257 -1126.328924 -1126.377306 -1126.464531 -1126.626505 -1126.934711 -1127.530987 -1128.696943 -1131.007807 -1135.733319 -1145.976640 -1170.663223 -9999.0 -9999.0
-9999.0 -9999.0 -117.748319 -218.826268 -322.918788 -436.035012 -565.920283 -714.007142 -868.370900 -990.427322 -1021.689166 -994.551414 -963.146128 -983.722829 -1016.916015 -1062.460767 -1111.835697 -1122.210312 -1116.789692 -1106.123680 -1096.671715 -1090.841532 -1088.878215 -1090.147677 -1093.730726 -1098.670814 -1104.082848 -1109.256215 -1113.738407 -1117.342061 -1120.076633 -1122.059904 -1123.447604 -1124.389887 -1125.011674 -1125.409863 -1125.668841 -1125.894372 -1126.151844 -1126.469915 -1130.700546 -1169.520363 -1006.436471 -1030.900033 -993.389292 -971.301012 -961.161113 -959.894410 -959.770160 -959.789845 -959.830933 -959.874592 -959.916463 -959.955186 -959.990807 -960.029335 -960.131559 -960.840497 -966.043985 -977.997292 -998.748100 -951.487877 -1152.530603 -1129.797572 -1126.834313 -1126.359417 -1126.260252 -1126.242628 -1126.242683 -1126.245866 -1126.249005 -1126.251514 -1126.253413 -1126.254840 -1126.255926 -1126.256766 -1126.257429 -1126.257961 -1126.258399 -1126.258781 -1126.259146 -1126.259541 -1126.260029 -1126.260696 -1126.261674 -1126.263169 -1126.265508 -1126.269226 -1126.275213 -1126.284993 -1126.301257 -1126.328924 -1126.377306 -1126.464531 -1126.626505 -1126.934711 -1127.530987 -1128.696943 -1131.007807 -1135.733319 -1145.976640 -1170.663223 -9999.0 -9999.0
-9999.0 -9999.0 -117.748319 -218.826268 -322.918788 -436.035012 -565.920283 -714.007143 -868.370900 -990.427322 -1021.689166 -994.551414 -963.146128 -983.722829 -1016.916015 -1062.460767 -1111.835697 -1122.210312 -1116.789692 -1106.123680 -1096.671715 -1090.841532 -1088.878215 -1090.147677 -1093.730726 -1098.670814 -1104.082848 -1109.256215 -1113.738407 -1117.342061 -1120.076633 -1122.059904 -1123.447604 -1124.389887 -1125.011674 -1125.409863 -1125.668841 -1125.894372 -1126.151844 -1126.469915 -1130.700546 -1169.520363 -1006.436471 -1030.900033 -993.389292 -971.301012 -961.161113 -959.894410 -959.770160 -959.789845 -959.830933 -959.874592 -959.916463 -959.955186 -959.990807 -960.029335 -960.131559 -960.840497 -966.043985 -977.997292 -998.748100 -951.487877 -1152.530603 -1129.797572 -1126.834313 -1126.359417 -1126.260252 -1126.242628 -1126.242683 -1126.245866 -1126.249005 -1126.251514 -1126.253413 -1126.254840 -1126.255926 -1126.256766 -1126.257429 -1126.257961 -1126.258399 -1126.258781 -1126.259146 -1126.259541 -1126.260029 -1126.260696 -1126.261674 -1126.263169 -1126.265508 -1126.269226 -1126.275213 -1126.284993 -1126.301257 -1126.328924 -1126.377306 -1126.464531 -1126.626505 -1126.934711 -1127.530987 -1128.696943 -1131.007807 -1135.733319 -1145.976640 -1170.663223 -9999.0 -9999.0
-9999.0 -9999.0 -117.748319 -218.826268 -322.918789 -436.035012 -565.920283 -714.007142 -868.370899 -990.427321 -1021.689165 -994.551414 -963.146128 -983.722829 -1016.916015 -1062.460767 -1111.835697 -1122.210312 -1116.789692 -1106.123680 -1096.671715 -1090.841532 -1088.878215 -1090.147677 -1093.730726 -1098.670814 -1104.082848 -1109.256215 -1113.738407 -1117.342061 -1120.076633 -1122.059904 -1123.447604 -1124.389887 -1125.011674 -1125.409863 -1125.668841 -1125.894372 -1126.151844 -1126.469915 -1130.700546 -1169.520363 -1006.436471 -1030.900033 -993.389292 -971.301013 -961.161113 -959.894410 -959.770160 -959.789845 -959.830933 -959.874592 -959.916463 -959.955186 -959.990807 -960.029335 -960.131559 -960.840497 -966.043985 -977.997292 -998.748100 -951.487877 -1152.530603 -1129.797572 -1126.834313 -1126.359417 -1126.260252 -1126.242628 -1126.242683 -1126.245866 -1126.249005 -1126.251514 -1126.253413 -1126.254840 -1126.255926 -1126.256766 -1126.257429 -1126.257961 -1126.258399 -1126.258781 -1126.259146 -1126.259541 -1126.260029 -1126.260696 -1126.261674 -1126.263169 -1126.265508 -1126.269226 -1126.275213 -1126.284993 -1126.301257 -1126.328924 -1126.377306 -1126.464531 -1126.626505 -1126.934711 -1127.530987 -1128.696943 -1131.007807 -1135.733319 -1145.976640 -1170.663223 -9999.0 -9999.0
-9999.0 -9999.0 -9999.0 -9999.0 -9999.0 -9999.0 -9999.0 -9999.0 -9999.0 -9999.0 -9999.0 -9999.0 -9999.0 -9999.0 -9999.0 -9999.0 -9999.0 -9999.0 -9999.0 -9999.0 -9999.0 -9999.0 -9999.0 -9999.0 -9999.0 -9999.0 -9999.0 -9999.0 -9999.0 -9999.0 -9999.0 -9999.0 -9999.0 -9999.0 -9999.0 -9999.0 -9999.0 -9999.0 -9999.0 -9999.0 -9999.0 -9999.0 -9999.0 -9999.0 -9999.0 -9999.0 -9999.0 -9999.0 -9999.0 -9999.0 -9999.0 -9999.0 -9999.0 -9999.0 -9999.0 -9999.0 -9999.0 -9999.0 -9999.0 -9999.0 -9999.0 -9999.0 -9999.0 -9999.0 -9999.0 -9999.0 -9999.0 -9999.0 -9999.0 -9999.0 -9999.0 -9999.0 -9999.0 -9999.0 -9999.0 -9999.0 -9999.0 -9999.0 -9999.0 -9999.0 -9999.0 -9999.0 -9999.0 -9999.0 -9999.0 -9999.0 -9999.0 -9999.0 -9999.0 -9999.0 -9999.0 -9999.0 -9999.0 -9999.0 -9999.0 -9999.0 -9999.0 -9999.0 -9999.0 -9999.0 -9999.0 -9999.0 -9999.0 -9999.0
-9999.0 -9999.0 -9999.0 -9999.0 -9999.0 -9999.0 -9999.0 -9999.0 -9999.0 -9999.0 -9999.0 -9999.0 -9999.0 -9999.0 -9999.0 -9999.0 -9999.0 -9999.0 -9999.0 -9999.0 -9999.0 -9999.0 -9999.0 -9999.0 -9999.0 -9999.0 -9999.0 -9999.0 -9999.0 -9999.0 -9999.0 -9999.0 -9999.0 -9999.0 -9999.0 -9999.0 -9999.0 -9999.0 -9999.0 -9999.0 -9999.0 -9999.0 -9999.0 -9999.0 -9999.0 -9999.0 -9999.0 -9999.0 -9999.0 -9999.0 -9999.0 -9999.0 -9999.0 -9999.0 -9999.0 -9999.0 -9999.0 -9999.0 -9999.0 -9999.0 -9999.0 -9999.0 -9999.0 -9999.0 -9999.0 -9999.0 -9999.0 -9999.0 -9999.0 -9999.0 -9999.0 -9999.0 -9999.0 -9999.0 -9999.0 -9999.0 -9999.0 -9999.0 -9999.0 -9999.0 -9999.0 -9999.0 -9999.0 -9999.0 -9999.0 -9999.0 -9999.0 -9999.0 -9999.0 -9999.0 -9999.0 -9999.0 -9999.0 -9999.0 -9999.0 -9999.0 -9999.0 -9999.0 -9999.0 -9999.0 -9999.0 -9999.0 -9999.0 -9999.0