inst/processing_geotop_simulation/geotop_simulation/out/maps3D/PwL0014N0449.asc
ncols         104
nrows         10
xllcorner     -2.000000
yllcorner     0.000000
cellsize      1.000000
NODATA_value  -9999.0
-9999.0 -9999.0 -9999.0 -9999.0 -9999.0 -9999.0 -9999.0 -9999.0 -9999.0 -9999.0 -9999.0 -9999.0 -9999.0 -9999.0 -9999.0 -9999.0 -9999.0 -9999.0 -9999.0 -9999.0 -9999.0 -9999.0 -9999.0 -9999.0 -9999.0 -9999.0 -9999.0 -9999.0 -9999.0 -9999.0 -9999.0 -9999.0 -9999.0 -9999.0 -9999.0 -9999.0 -9999.0 -9999.0 -9999.0 -9999.0 -9999.0 -9999.0 -9999.0 -9999.0 -9999.0 -9999.0 -9999.0 -9999.0 -9999.0 -9999.0 -9999.0 -9999.0 -9999.0 -9999.0 -9999.0 -9999.0 -9999.0 -9999.0 -9999.0 -9999.0 -9999.0 -9999.0 -9999.0 -9999.0 -9999.0 -9999.0 -9999.0 -9999.0 -9999.0 -9999.0 -9999.0 -9999.0 -9999.0 -9999.0 -9999.0 -9999.0 -9999.0 -9999.0 -9999.0 -9999.0 -9999.0 -9999.0 -9999.0 -9999.0 -9999.0 -9999.0 -9999.0 -9999.0 -9999.0 -9999.0 -9999.0 -9999.0 -9999.0 -9999.0 -9999.0 -9999.0 -9999.0 -9999.0 -9999.0 -9999.0 -9999.0 -9999.0 -9999.0 -9999.0
-9999.0 -9999.0 -9999.0 -9999.0 -9999.0 -9999.0 -9999.0 -9999.0 -9999.0 -9999.0 -9999.0 -9999.0 -9999.0 -9999.0 -9999.0 -9999.0 -9999.0 -9999.0 -9999.0 -9999.0 -9999.0 -9999.0 -9999.0 -9999.0 -9999.0 -9999.0 -9999.0 -9999.0 -9999.0 -9999.0 -9999.0 -9999.0 -9999.0 -9999.0 -9999.0 -9999.0 -9999.0 -9999.0 -9999.0 -9999.0 -9999.0 -9999.0 -9999.0 -9999.0 -9999.0 -9999.0 -9999.0 -9999.0 -9999.0 -9999.0 -9999.0 -9999.0 -9999.0 -9999.0 -9999.0 -9999.0 -9999.0 -9999.0 -9999.0 -9999.0 -9999.0 -9999.0 -9999.0 -9999.0 -9999.0 -9999.0 -9999.0 -9999.0 -9999.0 -9999.0 -9999.0 -9999.0 -9999.0 -9999.0 -9999.0 -9999.0 -9999.0 -9999.0 -9999.0 -9999.0 -9999.0 -9999.0 -9999.0 -9999.0 -9999.0 -9999.0 -9999.0 -9999.0 -9999.0 -9999.0 -9999.0 -9999.0 -9999.0 -9999.0 -9999.0 -9999.0 -9999.0 -9999.0 -9999.0 -9999.0 -9999.0 -9999.0 -9999.0 -9999.0
-9999.0 -9999.0 670.674626 571.743283 472.578881 373.258702 273.866164 174.442848 75.009517 -24.421277 -123.842870 -223.252692 -322.641358 -421.990722 -521.270143 -620.435466 -719.409713 -818.454813 -917.387677 -1016.167064 -1114.714991 -1211.275937 -1304.979541 -1393.778418 -1475.366759 -1547.713506 -1609.511939 -1660.395138 -1700.883928 -1732.140764 -1755.655929 -1772.973531 -1785.508966 -1794.459168 -1800.781695 -1805.216277 -1808.336201 -1810.655554 -1812.899544 -1816.450676 -1821.681339 -1813.093659 -1680.367147 -3326.209073 -3020.365064 -2790.346728 -2691.794330 -2678.936740 -2677.626727 -2677.756164 -2678.089514 -2678.447266 -2678.790870 -2679.108950 -2679.403601 -2679.741451 -2680.774140 -2688.041348 -2738.055416 -2856.323958 -2924.330571 -1522.081400 -1772.015120 -1813.926929 -1816.116750 -1815.458570 -1815.209835 -1815.154519 -1815.144682 -1815.143474 -1815.143714 -1815.144127 -1815.144500 -1815.144813 -1815.145075 -1815.145301 -1815.145500 -1815.145680 -1815.145850 -1815.146015 -1815.146183 -1815.146364 -1815.146570 -1815.146820 -1815.147142 -1815.147583 -1815.148217 -1815.149168 -1815.150655 -1815.153064 -1815.157116 -1815.164186 -1815.176979 -1815.200955 -1815.247470 -1815.341176 -1815.538858 -1815.980799 -1817.040702 -1819.804459 -1827.773195 -1853.584148 -9999.0 -9999.0
-9999.0 -9999.0 670.678660 571.744586 472.579270 373.258823 273.866204 174.442862 75.009522 -24.421275 -123.842869 -223.252692 -322.641358 -421.990722 -521.270142 -620.435466 -719.409713 -818.454813 -917.387677 -1016.167065 -1114.714991 -1211.275937 -1304.979541 -1393.778419 -1475.366759 -1547.713506 -1609.511939 -1660.395138 -1700.883928 -1732.140764 -1755.655929 -1772.973531 -1785.508966 -1794.459168 -1800.781695 -1805.216277 -1808.336201 -1810.655554 -1812.899544 -1816.450676 -1821.681339 -1813.093659 -1680.367146 -3326.209070 -3020.365061 -2790.346722 -2691.794330 -2678.936740 -2677.626727 -2677.756164 -2678.089514 -2678.447266 -2678.790870 -2679.108950 -2679.403601 -2679.741451 -2680.774140 -2688.041348 -2738.055416 -2856.323958 -2924.330571 -1522.081400 -1772.015120 -1813.926929 -1816.116750 -1815.458570 -1815.209835 -1815.154519 -1815.144682 -1815.143474 -1815.143714 -1815.144127 -1815.144500 -1815.144813 -1815.145075 -1815.145301 -1815.145499 -1815.145680 -1815.145850 -1815.146015 -1815.146183 -1815.146364 -1815.146570 -1815.146820 -1815.147142 -1815.147583 -1815.148217 -1815.149168 -1815.150654 -1815.153064 -1815.157116 -1815.164185 -1815.176979 -1815.200955 -1815.247470 -1815.341176 -1815.538858 -1815.980799 -1817.040702 -1819.804459 -1827.773195 -1853.584148 -9999.0 -9999.0
-9999.0 -9999.0 670.679869 571.745219 472.579528 373.258920 273.866239 174.442875 75.009527 -24.421273 -123.842868 -223.252691 -322.641358 -421.990721 -521.270142 -620.435466 -719.409713 -818.454813 -917.387677 -1016.167065 -1114.714991 -1211.275937 -1304.979541 -1393.778419 -1475.366759 -1547.713506 -1609.511939 -1660.395138 -1700.883928 -1732.140764 -1755.655929 -1772.973531 -1785.508966 -1794.459168 -1800.781695 -1805.216277 -1808.336201 -1810.655554 -1812.899544 -1816.450676 -1821.681339 -1813.093659 -1680.367146 -3326.209070 -3020.365060 -2790.346719 -2691.794330 -2678.936740 -2677.626727 -2677.756164 -2678.089514 -2678.447266 -2678.790870 -2679.108950 -2679.403601 -2679.741451 -2680.774140 -2688.041348 -2738.055416 -2856.323958 -2924.330571 -1522.081400 -1772.015120 -1813.926929 -1816.116750 -1815.458570 -1815.209835 -1815.154519 -1815.144682 -1815.143474 -1815.143714 -1815.144127 -1815.144500 -1815.144813 -1815.145075 -1815.145301 -1815.145499 -1815.145680 -1815.145850 -1815.146015 -1815.146183 -1815.146364 -1815.146570 -1815.146820 -1815.147142 -1815.147583 -1815.148217 -1815.149168 -1815.150654 -1815.153064 -1815.157116 -1815.164185 -1815.176979 -1815.200955 -1815.247470 -1815.341176 -1815.538858 -1815.980799 -1817.040702 -1819.804459 -1827.773195 -1853.584148 -9999.0 -9999.0
-9999.0 -9999.0 670.679869 571.745219 472.579528 373.258920 273.866239 174.442875 75.009527 -24.421273 -123.842868 -223.252691 -322.641358 -421.990722 -521.270142 -620.435466 -719.409713 -818.454813 -917.387677 -1016.167065 -1114.714991 -1211.275937 -1304.979541 -1393.778419 -1475.366759 -1547.713506 -1609.511939 -1660.395138 -1700.883928 -1732.140764 -1755.655929 -1772.973531 -1785.508966 -1794.459168 -1800.781695 -1805.216277 -1808.336201 -1810.655554 -1812.899544 -1816.450676 -1821.681339 -1813.093659 -1680.367146 -3326.209070 -3020.365060 -2790.346719 -2691.794330 -2678.936740 -2677.626727 -2677.756164 -2678.089514 -2678.447266 -2678.790870 -2679.108950 -2679.403601 -2679.741451 -2680.774140 -2688.041348 -2738.055416 -2856.323958 -2924.330571 -1522.081400 -1772.015120 -1813.926929 -1816.116750 -1815.458570 -1815.209835 -1815.154519 -1815.144682 -1815.143474 -1815.143714 -1815.144127 -1815.144500 -1815.144813 -1815.145075 -1815.145301 -1815.145499 -1815.145680 -1815.145850 -1815.146015 -1815.146183 -1815.146364 -1815.146570 -1815.146820 -1815.147142 -1815.147583 -1815.148217 -1815.149168 -1815.150654 -1815.153064 -1815.157116 -1815.164185 -1815.176979 -1815.200955 -1815.247470 -1815.341176 -1815.538858 -1815.980799 -1817.040702 -1819.804459 -1827.773195 -1853.584148 -9999.0 -9999.0
-9999.0 -9999.0 670.678660 571.744586 472.579270 373.258823 273.866204 174.442862 75.009522 -24.421275 -123.842869 -223.252692 -322.641358 -421.990722 -521.270142 -620.435466 -719.409713 -818.454813 -917.387677 -1016.167065 -1114.714991 -1211.275937 -1304.979541 -1393.778419 -1475.366759 -1547.713506 -1609.511939 -1660.395138 -1700.883928 -1732.140764 -1755.655929 -1772.973531 -1785.508966 -1794.459168 -1800.781695 -1805.216277 -1808.336201 -1810.655554 -1812.899544 -1816.450676 -1821.681339 -1813.093659 -1680.367146 -3326.209070 -3020.365061 -2790.346722 -2691.794330 -2678.936740 -2677.626727 -2677.756164 -2678.089514 -2678.447266 -2678.790870 -2679.108950 -2679.403601 -2679.741451 -2680.774140 -2688.041348 -2738.055416 -2856.323958 -2924.330571 -1522.081400 -1772.015120 -1813.926929 -1816.116750 -1815.458570 -1815.209835 -1815.154519 -1815.144682 -1815.143474 -1815.143714 -1815.144127 -1815.144500 -1815.144813 -1815.145075 -1815.145301 -1815.145499 -1815.145680 -1815.145850 -1815.146015 -1815.146183 -1815.146364 -1815.146570 -1815.146820 -1815.147142 -1815.147583 -1815.148217 -1815.149168 -1815.150654 -1815.153064 -1815.157116 -1815.164185 -1815.176979 -1815.200955 -1815.247470 -1815.341176 -1815.538858 -1815.980799 -1817.040702 -1819.804459 -1827.773195 -1853.584148 -9999.0 -9999.0
-9999.0 -9999.0 670.674626 571.743283 472.578881 373.258702 273.866164 174.442848 75.009517 -24.421277 -123.842870 -223.252693 -322.641358 -421.990722 -521.270142 -620.435467 -719.409713 -818.454813 -917.387677 -1016.167064 -1114.714990 -1211.275937 -1304.979541 -1393.778418 -1475.366759 -1547.713506 -1609.511939 -1660.395138 -1700.883928 -1732.140764 -1755.655929 -1772.973531 -1785.508966 -1794.459168 -1800.781695 -1805.216277 -1808.336201 -1810.655554 -1812.899544 -1816.450676 -1821.681339 -1813.093659 -1680.367147 -3326.209073 -3020.365064 -2790.346728 -2691.794330 -2678.936740 -2677.626727 -2677.756164 -2678.089514 -2678.447266 -2678.790870 -2679.108950 -2679.403601 -2679.741451 -2680.774140 -2688.041348 -2738.055416 -2856.323958 -2924.330571 -1522.081400 -1772.015120 -1813.926929 -1816.116750 -1815.458570 -1815.209835 -1815.154519 -1815.144682 -1815.143474 -1815.143714 -1815.144127 -1815.144500 -1815.144813 -1815.145075 -1815.145301 -1815.145500 -1815.145680 -1815.145850 -1815.146015 -1815.146183 -1815.146364 -1815.146570 -1815.146820 -1815.147142 -1815.147583 -1815.148217 -1815.149168 -1815.150655 -1815.153064 -1815.157116 -1815.164186 -1815.176979 -1815.200955 -1815.247470 -1815.341176 -1815.538858 -1815.980799 -1817.040702 -1819.804459 -1827.773195 -1853.584148 -9999.0 -9999.0
-9999.0 -9999.0 -9999.0 -9999.0 -9999.0 -9999.0 -9999.0 -9999.0 -9999.0 -9999.0 -9999.0 -9999.0 -9999.0 -9999.0 -9999.0 -9999.0 -9999.0 -9999.0 -9999.0 -9999.0 -9999.0 -9999.0 -9999.0 -9999.0 -9999.0 -9999.0 -9999.0 -9999.0 -9999.0 -9999.0 -9999.0 -9999.0 -9999.0 -9999.0 -9999.0 -9999.0 -9999.0 -9999.0 -9999.0 -9999.0 -9999.0 -9999.0 -9999.0 -9999.0 -9999.0 -9999.0 -9999.0 -9999.0 -9999.0 -9999.0 -9999.0 -9999.0 -9999.0 -9999.0 -9999.0 -9999.0 -9999.0 -9999.0 -9999.0 -9999.0 -9999.0 -9999.0 -9999.0 -9999.0 -9999.0 -9999.0 -9999.0 -9999.0 -9999.0 -9999.0 -9999.0 -9999.0 -9999.0 -9999.0 -9999.0 -9999.0 -9999.0 -9999.0 -9999.0 -9999.0 -9999.0 -9999.0 -9999.0 -9999.0 -9999.0 -9999.0 -9999.0 -9999.0 -9999.0 -9999.0 -9999.0 -9999.0 -9999.0 -9999.0 -9999.0 -9999.0 -9999.0 -9999.0 -9999.0 -9999.0 -9999.0 -9999.0 -9999.0 -9999.0
-9999.0 -9999.0 -9999.0 -9999.0 -9999.0 -9999.0 -9999.0 -9999.0 -9999.0 -9999.0 -9999.0 -9999.0 -9999.0 -9999.0 -9999.0 -9999.0 -9999.0 -9999.0 -9999.0 -9999.0 -9999.0 -9999.0 -9999.0 -9999.0 -9999.0 -9999.0 -9999.0 -9999.0 -9999.0 -9999.0 -9999.0 -9999.0 -9999.0 -9999.0 -9999.0 -9999.0 -9999.0 -9999.0 -9999.0 -9999.0 -9999.0 -9999.0 -9999.0 -9999.0 -9999.0 -9999.0 -9999.0 -9999.0 -9999.0 -9999.0 -9999.0 -9999.0 -9999.0 -9999.0 -9999.0 -9999.0 -9999.0 -9999.0 -9999.0 -9999.0 -9999.0 -9999.0 -9999.0 -9999.0 -9999.0 -9999.0 -9999.0 -9999.0 -9999.0 -9999.0 -9999.0 -9999.0 -9999.0 -9999.0 -9999.0 -9999.0 -9999.0 -9999.0 -9999.0 -9999.0 -9999.0 -9999.0 -9999.0 -9999.0 -9999.0 -9999.0 -9999.0 -9999.0 -9999.0 -9999.0 -9999.0 -9999.0 -9999.0 -9999.0 -9999.0 -9999.0 -9999.0 -9999.0 -9999.0 -9999.0 -9999.0 -9999.0 -9999.0 -9999.0