inst/processing_geotop_simulation/geotop_simulation/out/maps3D/PwL0020N0278.asc
ncols         104
nrows         10
xllcorner     -2.000000
yllcorner     0.000000
cellsize      1.000000
NODATA_value  -9999.0
-9999.0 -9999.0 -9999.0 -9999.0 -9999.0 -9999.0 -9999.0 -9999.0 -9999.0 -9999.0 -9999.0 -9999.0 -9999.0 -9999.0 -9999.0 -9999.0 -9999.0 -9999.0 -9999.0 -9999.0 -9999.0 -9999.0 -9999.0 -9999.0 -9999.0 -9999.0 -9999.0 -9999.0 -9999.0 -9999.0 -9999.0 -9999.0 -9999.0 -9999.0 -9999.0 -9999.0 -9999.0 -9999.0 -9999.0 -9999.0 -9999.0 -9999.0 -9999.0 -9999.0 -9999.0 -9999.0 -9999.0 -9999.0 -9999.0 -9999.0 -9999.0 -9999.0 -9999.0 -9999.0 -9999.0 -9999.0 -9999.0 -9999.0 -9999.0 -9999.0 -9999.0 -9999.0 -9999.0 -9999.0 -9999.0 -9999.0 -9999.0 -9999.0 -9999.0 -9999.0 -9999.0 -9999.0 -9999.0 -9999.0 -9999.0 -9999.0 -9999.0 -9999.0 -9999.0 -9999.0 -9999.0 -9999.0 -9999.0 -9999.0 -9999.0 -9999.0 -9999.0 -9999.0 -9999.0 -9999.0 -9999.0 -9999.0 -9999.0 -9999.0 -9999.0 -9999.0 -9999.0 -9999.0 -9999.0 -9999.0 -9999.0 -9999.0 -9999.0 -9999.0
-9999.0 -9999.0 -9999.0 -9999.0 -9999.0 -9999.0 -9999.0 -9999.0 -9999.0 -9999.0 -9999.0 -9999.0 -9999.0 -9999.0 -9999.0 -9999.0 -9999.0 -9999.0 -9999.0 -9999.0 -9999.0 -9999.0 -9999.0 -9999.0 -9999.0 -9999.0 -9999.0 -9999.0 -9999.0 -9999.0 -9999.0 -9999.0 -9999.0 -9999.0 -9999.0 -9999.0 -9999.0 -9999.0 -9999.0 -9999.0 -9999.0 -9999.0 -9999.0 -9999.0 -9999.0 -9999.0 -9999.0 -9999.0 -9999.0 -9999.0 -9999.0 -9999.0 -9999.0 -9999.0 -9999.0 -9999.0 -9999.0 -9999.0 -9999.0 -9999.0 -9999.0 -9999.0 -9999.0 -9999.0 -9999.0 -9999.0 -9999.0 -9999.0 -9999.0 -9999.0 -9999.0 -9999.0 -9999.0 -9999.0 -9999.0 -9999.0 -9999.0 -9999.0 -9999.0 -9999.0 -9999.0 -9999.0 -9999.0 -9999.0 -9999.0 -9999.0 -9999.0 -9999.0 -9999.0 -9999.0 -9999.0 -9999.0 -9999.0 -9999.0 -9999.0 -9999.0 -9999.0 -9999.0 -9999.0 -9999.0 -9999.0 -9999.0 -9999.0 -9999.0
-9999.0 -9999.0 971.732024 873.607437 775.351636 676.866163 578.252873 479.582148 380.893335 282.208062 183.538444 84.891442 -13.725746 -112.306244 -210.840479 -309.287695 -407.566077 -505.521530 -602.888527 -699.231699 -795.934258 -891.911699 -986.907740 -1080.636881 -1161.970481 -1233.875691 -1294.934905 -1344.726243 -1383.805413 -1413.447144 -1435.286064 -1450.997512 -1462.089206 -1469.806239 -1475.117473 -1478.748199 -1481.238620 -1483.050283 -1484.890652 -1488.877854 -1502.255224 -1552.957541 -1807.810855 -3836.240504 -3985.029652 -3985.021680 -3981.553328 -3949.669732 -3841.656908 -3647.368204 -3409.242660 -3150.453839 -2978.212714 -2865.334471 -2761.143370 -2653.919938 -2541.008813 -2424.628029 -2308.706718 -2195.826647 -2068.376846 -1522.834038 -1510.915421 -1494.007153 -1488.193001 -1486.780913 -1486.510987 -1486.465911 -1486.459261 -1486.458843 -1486.459357 -1486.459915 -1486.460379 -1486.460746 -1486.461038 -1486.461275 -1486.461471 -1486.461637 -1486.461784 -1486.461921 -1486.462057 -1486.462205 -1486.462382 -1486.462613 -1486.462936 -1486.463411 -1486.464134 -1486.465270 -1486.467098 -1486.470115 -1486.475234 -1486.484186 -1486.500347 -1486.530467 -1486.588377 -1486.703492 -1486.941974 -1487.463463 -1488.679388 -1491.715814 -1499.948029 -1525.277689 -9999.0 -9999.0
-9999.0 -9999.0 971.735000 873.608589 775.352017 676.866289 578.252915 479.582163 380.893340 282.208064 183.538445 84.891442 -13.725746 -112.306244 -210.840479 -309.287695 -407.566077 -505.521530 -602.888527 -699.231699 -795.934258 -891.911699 -986.907740 -1080.636882 -1161.970481 -1233.875691 -1294.934905 -1344.726243 -1383.805413 -1413.447144 -1435.286064 -1450.997512 -1462.089207 -1469.806239 -1475.117473 -1478.748199 -1481.238620 -1483.050283 -1484.890652 -1488.877854 -1502.255224 -1552.957541 -1807.810854 -3836.240504 -3985.029652 -3985.021680 -3981.553328 -3949.669731 -3841.656908 -3647.368202 -3409.242656 -3150.453837 -2978.212713 -2865.334471 -2761.143370 -2653.919937 -2541.008813 -2424.628029 -2308.706718 -2195.826647 -2068.376846 -1522.834038 -1510.915421 -1494.007153 -1488.193001 -1486.780913 -1486.510987 -1486.465911 -1486.459261 -1486.458843 -1486.459357 -1486.459915 -1486.460379 -1486.460746 -1486.461038 -1486.461275 -1486.461471 -1486.461637 -1486.461784 -1486.461921 -1486.462057 -1486.462205 -1486.462382 -1486.462613 -1486.462936 -1486.463411 -1486.464134 -1486.465270 -1486.467098 -1486.470115 -1486.475234 -1486.484186 -1486.500347 -1486.530467 -1486.588377 -1486.703492 -1486.941974 -1487.463463 -1488.679388 -1491.715814 -1499.948029 -1525.277689 -9999.0 -9999.0
-9999.0 -9999.0 971.736160 873.609213 775.352282 676.866390 578.252953 479.582177 380.893345 282.208066 183.538446 84.891443 -13.725745 -112.306244 -210.840479 -309.287695 -407.566077 -505.521530 -602.888527 -699.231699 -795.934258 -891.911699 -986.907740 -1080.636882 -1161.970481 -1233.875691 -1294.934906 -1344.726243 -1383.805414 -1413.447144 -1435.286064 -1450.997512 -1462.089207 -1469.806239 -1475.117473 -1478.748199 -1481.238620 -1483.050283 -1484.890652 -1488.877854 -1502.255224 -1552.957541 -1807.810854 -3836.240503 -3985.029652 -3985.021680 -3981.553328 -3949.669731 -3841.656908 -3647.368201 -3409.242654 -3150.453836 -2978.212713 -2865.334471 -2761.143370 -2653.919937 -2541.008813 -2424.628029 -2308.706718 -2195.826647 -2068.376845 -1522.834038 -1510.915421 -1494.007153 -1488.193001 -1486.780913 -1486.510987 -1486.465911 -1486.459261 -1486.458843 -1486.459357 -1486.459915 -1486.460379 -1486.460746 -1486.461038 -1486.461275 -1486.461471 -1486.461637 -1486.461784 -1486.461921 -1486.462057 -1486.462205 -1486.462382 -1486.462613 -1486.462936 -1486.463411 -1486.464134 -1486.465270 -1486.467098 -1486.470115 -1486.475234 -1486.484186 -1486.500347 -1486.530467 -1486.588377 -1486.703492 -1486.941974 -1487.463463 -1488.679388 -1491.715814 -1499.948029 -1525.277689 -9999.0 -9999.0
-9999.0 -9999.0 971.736160 873.609213 775.352282 676.866390 578.252953 479.582177 380.893345 282.208066 183.538446 84.891443 -13.725745 -112.306244 -210.840479 -309.287695 -407.566077 -505.521530 -602.888527 -699.231699 -795.934258 -891.911699 -986.907740 -1080.636882 -1161.970481 -1233.875691 -1294.934906 -1344.726243 -1383.805414 -1413.447144 -1435.286064 -1450.997512 -1462.089207 -1469.806239 -1475.117473 -1478.748199 -1481.238620 -1483.050283 -1484.890652 -1488.877854 -1502.255224 -1552.957541 -1807.810854 -3836.240503 -3985.029652 -3985.021680 -3981.553328 -3949.669731 -3841.656908 -3647.368201 -3409.242655 -3150.453836 -2978.212713 -2865.334471 -2761.143370 -2653.919937 -2541.008812 -2424.628029 -2308.706717 -2195.826647 -2068.376846 -1522.834038 -1510.915421 -1494.007153 -1488.193001 -1486.780913 -1486.510987 -1486.465911 -1486.459261 -1486.458843 -1486.459357 -1486.459915 -1486.460379 -1486.460746 -1486.461038 -1486.461275 -1486.461471 -1486.461637 -1486.461784 -1486.461921 -1486.462057 -1486.462205 -1486.462382 -1486.462613 -1486.462936 -1486.463411 -1486.464134 -1486.465270 -1486.467098 -1486.470115 -1486.475234 -1486.484186 -1486.500347 -1486.530467 -1486.588377 -1486.703492 -1486.941974 -1487.463463 -1488.679388 -1491.715814 -1499.948029 -1525.277689 -9999.0 -9999.0
-9999.0 -9999.0 971.735000 873.608589 775.352017 676.866289 578.252915 479.582163 380.893340 282.208064 183.538445 84.891442 -13.725746 -112.306244 -210.840479 -309.287695 -407.566077 -505.521530 -602.888527 -699.231699 -795.934258 -891.911699 -986.907740 -1080.636882 -1161.970481 -1233.875691 -1294.934905 -1344.726243 -1383.805413 -1413.447144 -1435.286064 -1450.997512 -1462.089207 -1469.806239 -1475.117473 -1478.748199 -1481.238620 -1483.050283 -1484.890652 -1488.877854 -1502.255224 -1552.957541 -1807.810854 -3836.240503 -3985.029652 -3985.021680 -3981.553328 -3949.669731 -3841.656908 -3647.368202 -3409.242656 -3150.453837 -2978.212713 -2865.334471 -2761.143370 -2653.919937 -2541.008813 -2424.628029 -2308.706718 -2195.826647 -2068.376846 -1522.834038 -1510.915421 -1494.007153 -1488.193001 -1486.780913 -1486.510987 -1486.465911 -1486.459261 -1486.458843 -1486.459357 -1486.459915 -1486.460379 -1486.460746 -1486.461038 -1486.461275 -1486.461471 -1486.461637 -1486.461784 -1486.461921 -1486.462057 -1486.462205 -1486.462382 -1486.462613 -1486.462936 -1486.463411 -1486.464134 -1486.465270 -1486.467098 -1486.470115 -1486.475234 -1486.484186 -1486.500347 -1486.530467 -1486.588377 -1486.703492 -1486.941974 -1487.463463 -1488.679388 -1491.715814 -1499.948029 -1525.277689 -9999.0 -9999.0
-9999.0 -9999.0 971.732024 873.607437 775.351636 676.866163 578.252873 479.582148 380.893335 282.208062 183.538444 84.891442 -13.725746 -112.306244 -210.840479 -309.287695 -407.566077 -505.521530 -602.888527 -699.231699 -795.934258 -891.911699 -986.907740 -1080.636881 -1161.970481 -1233.875691 -1294.934905 -1344.726243 -1383.805413 -1413.447144 -1435.286064 -1450.997512 -1462.089206 -1469.806239 -1475.117473 -1478.748199 -1481.238620 -1483.050283 -1484.890652 -1488.877854 -1502.255224 -1552.957541 -1807.810855 -3836.240504 -3985.029652 -3985.021680 -3981.553328 -3949.669732 -3841.656908 -3647.368204 -3409.242660 -3150.453839 -2978.212714 -2865.334472 -2761.143370 -2653.919938 -2541.008813 -2424.628029 -2308.706718 -2195.826647 -2068.376846 -1522.834038 -1510.915421 -1494.007153 -1488.193001 -1486.780913 -1486.510987 -1486.465911 -1486.459261 -1486.458843 -1486.459357 -1486.459915 -1486.460379 -1486.460746 -1486.461038 -1486.461275 -1486.461471 -1486.461637 -1486.461784 -1486.461921 -1486.462057 -1486.462205 -1486.462382 -1486.462613 -1486.462936 -1486.463411 -1486.464134 -1486.465270 -1486.467098 -1486.470115 -1486.475234 -1486.484186 -1486.500347 -1486.530467 -1486.588377 -1486.703492 -1486.941974 -1487.463463 -1488.679388 -1491.715814 -1499.948029 -1525.277689 -9999.0 -9999.0
-9999.0 -9999.0 -9999.0 -9999.0 -9999.0 -9999.0 -9999.0 -9999.0 -9999.0 -9999.0 -9999.0 -9999.0 -9999.0 -9999.0 -9999.0 -9999.0 -9999.0 -9999.0 -9999.0 -9999.0 -9999.0 -9999.0 -9999.0 -9999.0 -9999.0 -9999.0 -9999.0 -9999.0 -9999.0 -9999.0 -9999.0 -9999.0 -9999.0 -9999.0 -9999.0 -9999.0 -9999.0 -9999.0 -9999.0 -9999.0 -9999.0 -9999.0 -9999.0 -9999.0 -9999.0 -9999.0 -9999.0 -9999.0 -9999.0 -9999.0 -9999.0 -9999.0 -9999.0 -9999.0 -9999.0 -9999.0 -9999.0 -9999.0 -9999.0 -9999.0 -9999.0 -9999.0 -9999.0 -9999.0 -9999.0 -9999.0 -9999.0 -9999.0 -9999.0 -9999.0 -9999.0 -9999.0 -9999.0 -9999.0 -9999.0 -9999.0 -9999.0 -9999.0 -9999.0 -9999.0 -9999.0 -9999.0 -9999.0 -9999.0 -9999.0 -9999.0 -9999.0 -9999.0 -9999.0 -9999.0 -9999.0 -9999.0 -9999.0 -9999.0 -9999.0 -9999.0 -9999.0 -9999.0 -9999.0 -9999.0 -9999.0 -9999.0 -9999.0 -9999.0
-9999.0 -9999.0 -9999.0 -9999.0 -9999.0 -9999.0 -9999.0 -9999.0 -9999.0 -9999.0 -9999.0 -9999.0 -9999.0 -9999.0 -9999.0 -9999.0 -9999.0 -9999.0 -9999.0 -9999.0 -9999.0 -9999.0 -9999.0 -9999.0 -9999.0 -9999.0 -9999.0 -9999.0 -9999.0 -9999.0 -9999.0 -9999.0 -9999.0 -9999.0 -9999.0 -9999.0 -9999.0 -9999.0 -9999.0 -9999.0 -9999.0 -9999.0 -9999.0 -9999.0 -9999.0 -9999.0 -9999.0 -9999.0 -9999.0 -9999.0 -9999.0 -9999.0 -9999.0 -9999.0 -9999.0 -9999.0 -9999.0 -9999.0 -9999.0 -9999.0 -9999.0 -9999.0 -9999.0 -9999.0 -9999.0 -9999.0 -9999.0 -9999.0 -9999.0 -9999.0 -9999.0 -9999.0 -9999.0 -9999.0 -9999.0 -9999.0 -9999.0 -9999.0 -9999.0 -9999.0 -9999.0 -9999.0 -9999.0 -9999.0 -9999.0 -9999.0 -9999.0 -9999.0 -9999.0 -9999.0 -9999.0 -9999.0 -9999.0 -9999.0 -9999.0 -9999.0 -9999.0 -9999.0 -9999.0 -9999.0 -9999.0 -9999.0 -9999.0 -9999.0