inst/processing_geotop_simulation/geotop_simulation/out/maps3D/PwL0021N0085.asc
ncols         104
nrows         10
xllcorner     -2.000000
yllcorner     0.000000
cellsize      1.000000
NODATA_value  -9999.0
-9999.0 -9999.0 -9999.0 -9999.0 -9999.0 -9999.0 -9999.0 -9999.0 -9999.0 -9999.0 -9999.0 -9999.0 -9999.0 -9999.0 -9999.0 -9999.0 -9999.0 -9999.0 -9999.0 -9999.0 -9999.0 -9999.0 -9999.0 -9999.0 -9999.0 -9999.0 -9999.0 -9999.0 -9999.0 -9999.0 -9999.0 -9999.0 -9999.0 -9999.0 -9999.0 -9999.0 -9999.0 -9999.0 -9999.0 -9999.0 -9999.0 -9999.0 -9999.0 -9999.0 -9999.0 -9999.0 -9999.0 -9999.0 -9999.0 -9999.0 -9999.0 -9999.0 -9999.0 -9999.0 -9999.0 -9999.0 -9999.0 -9999.0 -9999.0 -9999.0 -9999.0 -9999.0 -9999.0 -9999.0 -9999.0 -9999.0 -9999.0 -9999.0 -9999.0 -9999.0 -9999.0 -9999.0 -9999.0 -9999.0 -9999.0 -9999.0 -9999.0 -9999.0 -9999.0 -9999.0 -9999.0 -9999.0 -9999.0 -9999.0 -9999.0 -9999.0 -9999.0 -9999.0 -9999.0 -9999.0 -9999.0 -9999.0 -9999.0 -9999.0 -9999.0 -9999.0 -9999.0 -9999.0 -9999.0 -9999.0 -9999.0 -9999.0 -9999.0 -9999.0
-9999.0 -9999.0 -9999.0 -9999.0 -9999.0 -9999.0 -9999.0 -9999.0 -9999.0 -9999.0 -9999.0 -9999.0 -9999.0 -9999.0 -9999.0 -9999.0 -9999.0 -9999.0 -9999.0 -9999.0 -9999.0 -9999.0 -9999.0 -9999.0 -9999.0 -9999.0 -9999.0 -9999.0 -9999.0 -9999.0 -9999.0 -9999.0 -9999.0 -9999.0 -9999.0 -9999.0 -9999.0 -9999.0 -9999.0 -9999.0 -9999.0 -9999.0 -9999.0 -9999.0 -9999.0 -9999.0 -9999.0 -9999.0 -9999.0 -9999.0 -9999.0 -9999.0 -9999.0 -9999.0 -9999.0 -9999.0 -9999.0 -9999.0 -9999.0 -9999.0 -9999.0 -9999.0 -9999.0 -9999.0 -9999.0 -9999.0 -9999.0 -9999.0 -9999.0 -9999.0 -9999.0 -9999.0 -9999.0 -9999.0 -9999.0 -9999.0 -9999.0 -9999.0 -9999.0 -9999.0 -9999.0 -9999.0 -9999.0 -9999.0 -9999.0 -9999.0 -9999.0 -9999.0 -9999.0 -9999.0 -9999.0 -9999.0 -9999.0 -9999.0 -9999.0 -9999.0 -9999.0 -9999.0 -9999.0 -9999.0 -9999.0 -9999.0 -9999.0 -9999.0
-9999.0 -9999.0 1007.617875 907.527913 807.434574 707.452635 607.666111 508.134250 408.892119 309.965525 211.391735 113.267466 15.596090 -81.664623 -178.887718 -276.826736 -376.560631 -478.841800 -582.973439 -685.654218 -781.558793 -864.908715 -938.813786 -1003.734632 -1027.100532 -1014.396132 -1003.662496 -995.807117 -990.500636 -987.123747 -985.095415 -983.958539 -983.382245 -983.139833 -983.083154 -983.122122 -983.215147 -983.369710 -983.675597 -985.081012 -995.961559 -1094.617395 -1983.879562 -3924.571658 -3935.642602 -3935.642661 -3935.570492 -3934.353056 -3926.731372 -3897.175461 -3817.398691 -3641.272830 -3454.195929 -3298.420295 -3132.428421 -2943.530384 -2732.011758 -2511.183584 -2300.071551 -2111.503651 -1939.259608 -1433.342073 -1060.572313 -992.269232 -984.789460 -983.965275 -983.846849 -983.826749 -983.824888 -983.826474 -983.828373 -983.829959 -983.831182 -983.832111 -983.832821 -983.833374 -983.833812 -983.834166 -983.834460 -983.834720 -983.834972 -983.835249 -983.835596 -983.836075 -983.836780 -983.837862 -983.839559 -983.842267 -983.846647 -983.853848 -983.865923 -983.886680 -983.923409 -983.990432 -984.116333 -984.358871 -984.837461 -985.814852 -987.941166 -993.034556 -1006.342848 -1041.367407 -9999.0 -9999.0
-9999.0 -9999.0 1007.617875 907.527913 807.434574 707.452635 607.666111 508.134250 408.892119 309.965525 211.391735 113.267465 15.596090 -81.664624 -178.887719 -276.826736 -376.560631 -478.841800 -582.973439 -685.654218 -781.558794 -864.908715 -938.813786 -1003.734632 -1027.100532 -1014.396132 -1003.662496 -995.807117 -990.500636 -987.123747 -985.095415 -983.958539 -983.382245 -983.139833 -983.083154 -983.122122 -983.215147 -983.369710 -983.675597 -985.081012 -995.961559 -1094.617395 -1983.879561 -3924.571658 -3935.642602 -3935.642661 -3935.570492 -3934.353056 -3926.731372 -3897.175461 -3817.398689 -3641.272829 -3454.195928 -3298.420295 -3132.428420 -2943.530384 -2732.011757 -2511.183584 -2300.071550 -2111.503651 -1939.259608 -1433.342074 -1060.572313 -992.269232 -984.789460 -983.965275 -983.846849 -983.826749 -983.824888 -983.826474 -983.828373 -983.829959 -983.831182 -983.832111 -983.832821 -983.833374 -983.833812 -983.834166 -983.834460 -983.834720 -983.834972 -983.835249 -983.835596 -983.836075 -983.836780 -983.837862 -983.839559 -983.842267 -983.846647 -983.853848 -983.865923 -983.886680 -983.923409 -983.990432 -984.116333 -984.358871 -984.837461 -985.814852 -987.941166 -993.034556 -1006.342848 -1041.367407 -9999.0 -9999.0
-9999.0 -9999.0 1007.617875 907.527913 807.434573 707.452635 607.666111 508.134250 408.892118 309.965525 211.391735 113.267465 15.596090 -81.664624 -178.887719 -276.826736 -376.560631 -478.841800 -582.973439 -685.654218 -781.558793 -864.908715 -938.813786 -1003.734632 -1027.100532 -1014.396132 -1003.662496 -995.807117 -990.500636 -987.123747 -985.095415 -983.958539 -983.382245 -983.139833 -983.083154 -983.122122 -983.215147 -983.369710 -983.675597 -985.081012 -995.961559 -1094.617395 -1983.879561 -3924.571658 -3935.642602 -3935.642661 -3935.570492 -3934.353056 -3926.731372 -3897.175461 -3817.398688 -3641.272828 -3454.195928 -3298.420295 -3132.428420 -2943.530383 -2732.011757 -2511.183583 -2300.071550 -2111.503650 -1939.259608 -1433.342073 -1060.572313 -992.269232 -984.789460 -983.965275 -983.846849 -983.826749 -983.824888 -983.826474 -983.828373 -983.829959 -983.831182 -983.832111 -983.832821 -983.833374 -983.833812 -983.834166 -983.834460 -983.834720 -983.834972 -983.835249 -983.835596 -983.836075 -983.836780 -983.837862 -983.839559 -983.842267 -983.846647 -983.853848 -983.865923 -983.886680 -983.923409 -983.990432 -984.116333 -984.358871 -984.837461 -985.814852 -987.941166 -993.034556 -1006.342848 -1041.367407 -9999.0 -9999.0
-9999.0 -9999.0 1007.617875 907.527913 807.434573 707.452635 607.666111 508.134250 408.892118 309.965525 211.391735 113.267465 15.596090 -81.664624 -178.887719 -276.826736 -376.560631 -478.841800 -582.973439 -685.654218 -781.558794 -864.908715 -938.813786 -1003.734632 -1027.100532 -1014.396132 -1003.662496 -995.807117 -990.500636 -987.123747 -985.095415 -983.958539 -983.382245 -983.139833 -983.083154 -983.122122 -983.215147 -983.369710 -983.675597 -985.081012 -995.961559 -1094.617395 -1983.879561 -3924.571658 -3935.642602 -3935.642661 -3935.570492 -3934.353056 -3926.731372 -3897.175461 -3817.398689 -3641.272829 -3454.195928 -3298.420295 -3132.428420 -2943.530384 -2732.011756 -2511.183583 -2300.071550 -2111.503651 -1939.259608 -1433.342073 -1060.572313 -992.269232 -984.789460 -983.965275 -983.846849 -983.826749 -983.824888 -983.826474 -983.828373 -983.829959 -983.831182 -983.832111 -983.832821 -983.833374 -983.833812 -983.834166 -983.834460 -983.834720 -983.834972 -983.835249 -983.835596 -983.836075 -983.836780 -983.837862 -983.839559 -983.842267 -983.846647 -983.853848 -983.865923 -983.886680 -983.923409 -983.990432 -984.116333 -984.358871 -984.837461 -985.814852 -987.941166 -993.034556 -1006.342848 -1041.367407 -9999.0 -9999.0
-9999.0 -9999.0 1007.617875 907.527913 807.434574 707.452635 607.666111 508.134250 408.892119 309.965525 211.391735 113.267465 15.596090 -81.664624 -178.887719 -276.826736 -376.560631 -478.841800 -582.973439 -685.654218 -781.558794 -864.908715 -938.813786 -1003.734632 -1027.100532 -1014.396132 -1003.662496 -995.807117 -990.500636 -987.123747 -985.095415 -983.958539 -983.382245 -983.139833 -983.083154 -983.122122 -983.215147 -983.369710 -983.675597 -985.081012 -995.961559 -1094.617395 -1983.879561 -3924.571658 -3935.642602 -3935.642661 -3935.570492 -3934.353056 -3926.731372 -3897.175461 -3817.398689 -3641.272829 -3454.195928 -3298.420295 -3132.428421 -2943.530384 -2732.011757 -2511.183583 -2300.071551 -2111.503651 -1939.259609 -1433.342073 -1060.572313 -992.269232 -984.789460 -983.965275 -983.846849 -983.826749 -983.824888 -983.826474 -983.828373 -983.829959 -983.831182 -983.832111 -983.832821 -983.833374 -983.833812 -983.834166 -983.834460 -983.834720 -983.834972 -983.835249 -983.835596 -983.836075 -983.836780 -983.837862 -983.839559 -983.842267 -983.846647 -983.853848 -983.865923 -983.886680 -983.923409 -983.990432 -984.116333 -984.358871 -984.837461 -985.814852 -987.941166 -993.034556 -1006.342848 -1041.367407 -9999.0 -9999.0
-9999.0 -9999.0 1007.617875 907.527913 807.434574 707.452635 607.666111 508.134250 408.892119 309.965525 211.391735 113.267466 15.596090 -81.664623 -178.887718 -276.826736 -376.560631 -478.841800 -582.973439 -685.654218 -781.558793 -864.908715 -938.813786 -1003.734632 -1027.100532 -1014.396132 -1003.662496 -995.807117 -990.500636 -987.123747 -985.095415 -983.958539 -983.382245 -983.139833 -983.083154 -983.122122 -983.215147 -983.369710 -983.675597 -985.081012 -995.961559 -1094.617395 -1983.879562 -3924.571658 -3935.642602 -3935.642661 -3935.570492 -3934.353056 -3926.731372 -3897.175462 -3817.398691 -3641.272830 -3454.195929 -3298.420296 -3132.428421 -2943.530385 -2732.011758 -2511.183585 -2300.071551 -2111.503651 -1939.259609 -1433.342074 -1060.572313 -992.269232 -984.789460 -983.965275 -983.846849 -983.826749 -983.824888 -983.826474 -983.828373 -983.829959 -983.831182 -983.832111 -983.832821 -983.833374 -983.833812 -983.834166 -983.834460 -983.834720 -983.834972 -983.835249 -983.835596 -983.836075 -983.836780 -983.837862 -983.839559 -983.842267 -983.846647 -983.853848 -983.865923 -983.886680 -983.923409 -983.990432 -984.116333 -984.358871 -984.837461 -985.814852 -987.941166 -993.034556 -1006.342848 -1041.367407 -9999.0 -9999.0
-9999.0 -9999.0 -9999.0 -9999.0 -9999.0 -9999.0 -9999.0 -9999.0 -9999.0 -9999.0 -9999.0 -9999.0 -9999.0 -9999.0 -9999.0 -9999.0 -9999.0 -9999.0 -9999.0 -9999.0 -9999.0 -9999.0 -9999.0 -9999.0 -9999.0 -9999.0 -9999.0 -9999.0 -9999.0 -9999.0 -9999.0 -9999.0 -9999.0 -9999.0 -9999.0 -9999.0 -9999.0 -9999.0 -9999.0 -9999.0 -9999.0 -9999.0 -9999.0 -9999.0 -9999.0 -9999.0 -9999.0 -9999.0 -9999.0 -9999.0 -9999.0 -9999.0 -9999.0 -9999.0 -9999.0 -9999.0 -9999.0 -9999.0 -9999.0 -9999.0 -9999.0 -9999.0 -9999.0 -9999.0 -9999.0 -9999.0 -9999.0 -9999.0 -9999.0 -9999.0 -9999.0 -9999.0 -9999.0 -9999.0 -9999.0 -9999.0 -9999.0 -9999.0 -9999.0 -9999.0 -9999.0 -9999.0 -9999.0 -9999.0 -9999.0 -9999.0 -9999.0 -9999.0 -9999.0 -9999.0 -9999.0 -9999.0 -9999.0 -9999.0 -9999.0 -9999.0 -9999.0 -9999.0 -9999.0 -9999.0 -9999.0 -9999.0 -9999.0 -9999.0
-9999.0 -9999.0 -9999.0 -9999.0 -9999.0 -9999.0 -9999.0 -9999.0 -9999.0 -9999.0 -9999.0 -9999.0 -9999.0 -9999.0 -9999.0 -9999.0 -9999.0 -9999.0 -9999.0 -9999.0 -9999.0 -9999.0 -9999.0 -9999.0 -9999.0 -9999.0 -9999.0 -9999.0 -9999.0 -9999.0 -9999.0 -9999.0 -9999.0 -9999.0 -9999.0 -9999.0 -9999.0 -9999.0 -9999.0 -9999.0 -9999.0 -9999.0 -9999.0 -9999.0 -9999.0 -9999.0 -9999.0 -9999.0 -9999.0 -9999.0 -9999.0 -9999.0 -9999.0 -9999.0 -9999.0 -9999.0 -9999.0 -9999.0 -9999.0 -9999.0 -9999.0 -9999.0 -9999.0 -9999.0 -9999.0 -9999.0 -9999.0 -9999.0 -9999.0 -9999.0 -9999.0 -9999.0 -9999.0 -9999.0 -9999.0 -9999.0 -9999.0 -9999.0 -9999.0 -9999.0 -9999.0 -9999.0 -9999.0 -9999.0 -9999.0 -9999.0 -9999.0 -9999.0 -9999.0 -9999.0 -9999.0 -9999.0 -9999.0 -9999.0 -9999.0 -9999.0 -9999.0 -9999.0 -9999.0 -9999.0 -9999.0 -9999.0 -9999.0 -9999.0