inst/processing_geotop_simulation/geotop_simulation/out/maps3D/PwL0006N0038.asc
ncols         104
nrows         10
xllcorner     -2.000000
yllcorner     0.000000
cellsize      1.000000
NODATA_value  -9999.0
-9999.0 -9999.0 -9999.0 -9999.0 -9999.0 -9999.0 -9999.0 -9999.0 -9999.0 -9999.0 -9999.0 -9999.0 -9999.0 -9999.0 -9999.0 -9999.0 -9999.0 -9999.0 -9999.0 -9999.0 -9999.0 -9999.0 -9999.0 -9999.0 -9999.0 -9999.0 -9999.0 -9999.0 -9999.0 -9999.0 -9999.0 -9999.0 -9999.0 -9999.0 -9999.0 -9999.0 -9999.0 -9999.0 -9999.0 -9999.0 -9999.0 -9999.0 -9999.0 -9999.0 -9999.0 -9999.0 -9999.0 -9999.0 -9999.0 -9999.0 -9999.0 -9999.0 -9999.0 -9999.0 -9999.0 -9999.0 -9999.0 -9999.0 -9999.0 -9999.0 -9999.0 -9999.0 -9999.0 -9999.0 -9999.0 -9999.0 -9999.0 -9999.0 -9999.0 -9999.0 -9999.0 -9999.0 -9999.0 -9999.0 -9999.0 -9999.0 -9999.0 -9999.0 -9999.0 -9999.0 -9999.0 -9999.0 -9999.0 -9999.0 -9999.0 -9999.0 -9999.0 -9999.0 -9999.0 -9999.0 -9999.0 -9999.0 -9999.0 -9999.0 -9999.0 -9999.0 -9999.0 -9999.0 -9999.0 -9999.0 -9999.0 -9999.0 -9999.0 -9999.0
-9999.0 -9999.0 -9999.0 -9999.0 -9999.0 -9999.0 -9999.0 -9999.0 -9999.0 -9999.0 -9999.0 -9999.0 -9999.0 -9999.0 -9999.0 -9999.0 -9999.0 -9999.0 -9999.0 -9999.0 -9999.0 -9999.0 -9999.0 -9999.0 -9999.0 -9999.0 -9999.0 -9999.0 -9999.0 -9999.0 -9999.0 -9999.0 -9999.0 -9999.0 -9999.0 -9999.0 -9999.0 -9999.0 -9999.0 -9999.0 -9999.0 -9999.0 -9999.0 -9999.0 -9999.0 -9999.0 -9999.0 -9999.0 -9999.0 -9999.0 -9999.0 -9999.0 -9999.0 -9999.0 -9999.0 -9999.0 -9999.0 -9999.0 -9999.0 -9999.0 -9999.0 -9999.0 -9999.0 -9999.0 -9999.0 -9999.0 -9999.0 -9999.0 -9999.0 -9999.0 -9999.0 -9999.0 -9999.0 -9999.0 -9999.0 -9999.0 -9999.0 -9999.0 -9999.0 -9999.0 -9999.0 -9999.0 -9999.0 -9999.0 -9999.0 -9999.0 -9999.0 -9999.0 -9999.0 -9999.0 -9999.0 -9999.0 -9999.0 -9999.0 -9999.0 -9999.0 -9999.0 -9999.0 -9999.0 -9999.0 -9999.0 -9999.0 -9999.0 -9999.0
-9999.0 -9999.0 -735.255849 -743.757842 -748.085300 -752.973449 -757.359191 -760.470259 -762.494256 -762.769355 -749.003249 -728.248926 -705.456323 -713.165551 -693.552388 -649.733100 -583.223472 -508.012874 -474.204708 -480.394925 -507.712164 -544.594559 -584.189346 -622.429027 -657.003204 -686.630919 -710.588535 -728.742192 -741.627084 -750.250438 -755.744397 -759.108509 -761.102348 -762.247485 -762.876339 -763.184896 -763.295654 -763.483517 -764.270996 -763.738546 -761.673803 -778.167472 -1095.844893 -1100.648796 -1021.508403 -976.783736 -956.655587 -954.314967 -954.083890 -954.104625 -954.159787 -954.218837 -954.275432 -954.327747 -954.376104 -954.431102 -954.599901 -955.867362 -966.163345 -989.798915 -1032.510710 -983.964989 -772.662383 -767.985013 -765.073665 -764.133210 -763.938172 -763.913466 -763.921916 -763.934764 -763.945938 -763.954547 -763.960957 -763.965738 -763.969355 -763.972139 -763.974332 -763.976081 -763.977508 -763.978731 -763.979878 -763.981092 -763.982562 -763.984546 -763.987430 -763.991813 -763.998644 -764.009456 -764.026779 -764.054880 -764.101171 -764.178969 -764.313076 -764.551202 -764.987222 -765.807419 -767.378709 -770.408658 -776.224150 -787.277505 -808.281342 -848.305710 -9999.0 -9999.0
-9999.0 -9999.0 -735.255678 -743.757641 -748.085161 -752.973389 -757.359176 -760.470259 -762.494260 -762.769357 -749.003250 -728.248926 -705.456323 -713.165551 -693.552388 -649.733100 -583.223472 -508.012874 -474.204708 -480.394925 -507.712164 -544.594559 -584.189346 -622.429027 -657.003204 -686.630919 -710.588535 -728.742192 -741.627084 -750.250438 -755.744397 -759.108509 -761.102348 -762.247485 -762.876339 -763.184896 -763.295654 -763.483517 -764.270996 -763.738546 -761.673803 -778.167472 -1095.844893 -1100.648796 -1021.508402 -976.783735 -956.655587 -954.314967 -954.083890 -954.104625 -954.159787 -954.218837 -954.275432 -954.327747 -954.376104 -954.431102 -954.599901 -955.867362 -966.163345 -989.798915 -1032.510710 -983.964989 -772.662383 -767.985013 -765.073665 -764.133210 -763.938172 -763.913466 -763.921916 -763.934764 -763.945938 -763.954547 -763.960957 -763.965738 -763.969355 -763.972139 -763.974332 -763.976081 -763.977508 -763.978731 -763.979878 -763.981092 -763.982562 -763.984546 -763.987430 -763.991813 -763.998644 -764.009456 -764.026779 -764.054880 -764.101171 -764.178969 -764.313076 -764.551202 -764.987222 -765.807419 -767.378709 -770.408658 -776.224150 -787.277505 -808.281342 -848.305710 -9999.0 -9999.0
-9999.0 -9999.0 -735.255610 -743.757543 -748.085075 -752.973347 -757.359165 -760.470260 -762.494263 -762.769360 -749.003250 -728.248926 -705.456323 -713.165551 -693.552388 -649.733100 -583.223472 -508.012874 -474.204708 -480.394925 -507.712164 -544.594559 -584.189346 -622.429027 -657.003204 -686.630919 -710.588535 -728.742192 -741.627084 -750.250438 -755.744397 -759.108509 -761.102348 -762.247485 -762.876339 -763.184896 -763.295654 -763.483517 -764.270996 -763.738546 -761.673803 -778.167472 -1095.844893 -1100.648796 -1021.508402 -976.783734 -956.655587 -954.314967 -954.083890 -954.104625 -954.159787 -954.218837 -954.275432 -954.327747 -954.376104 -954.431102 -954.599901 -955.867362 -966.163345 -989.798915 -1032.510710 -983.964989 -772.662383 -767.985013 -765.073665 -764.133210 -763.938172 -763.913466 -763.921916 -763.934764 -763.945938 -763.954547 -763.960957 -763.965738 -763.969355 -763.972139 -763.974332 -763.976081 -763.977508 -763.978731 -763.979878 -763.981092 -763.982562 -763.984546 -763.987430 -763.991813 -763.998644 -764.009456 -764.026779 -764.054880 -764.101171 -764.178969 -764.313076 -764.551202 -764.987222 -765.807419 -767.378709 -770.408658 -776.224150 -787.277505 -808.281342 -848.305710 -9999.0 -9999.0
-9999.0 -9999.0 -735.255610 -743.757543 -748.085075 -752.973347 -757.359165 -760.470260 -762.494263 -762.769360 -749.003250 -728.248926 -705.456323 -713.165551 -693.552388 -649.733100 -583.223472 -508.012874 -474.204708 -480.394925 -507.712164 -544.594559 -584.189346 -622.429027 -657.003204 -686.630919 -710.588535 -728.742192 -741.627084 -750.250438 -755.744397 -759.108509 -761.102348 -762.247485 -762.876339 -763.184896 -763.295654 -763.483517 -764.270996 -763.738546 -761.673803 -778.167472 -1095.844893 -1100.648796 -1021.508402 -976.783734 -956.655587 -954.314967 -954.083890 -954.104625 -954.159787 -954.218837 -954.275432 -954.327747 -954.376104 -954.431102 -954.599901 -955.867362 -966.163345 -989.798915 -1032.510710 -983.964989 -772.662383 -767.985013 -765.073665 -764.133210 -763.938172 -763.913466 -763.921916 -763.934764 -763.945938 -763.954547 -763.960957 -763.965738 -763.969355 -763.972139 -763.974332 -763.976081 -763.977508 -763.978731 -763.979878 -763.981092 -763.982562 -763.984546 -763.987430 -763.991813 -763.998644 -764.009456 -764.026779 -764.054880 -764.101171 -764.178969 -764.313076 -764.551202 -764.987222 -765.807419 -767.378709 -770.408658 -776.224150 -787.277505 -808.281342 -848.305710 -9999.0 -9999.0
-9999.0 -9999.0 -735.255678 -743.757641 -748.085161 -752.973389 -757.359176 -760.470259 -762.494260 -762.769357 -749.003250 -728.248926 -705.456323 -713.165551 -693.552388 -649.733100 -583.223472 -508.012874 -474.204708 -480.394925 -507.712164 -544.594559 -584.189346 -622.429027 -657.003204 -686.630919 -710.588535 -728.742192 -741.627084 -750.250438 -755.744397 -759.108509 -761.102348 -762.247485 -762.876339 -763.184896 -763.295654 -763.483517 -764.270996 -763.738546 -761.673803 -778.167472 -1095.844893 -1100.648796 -1021.508402 -976.783735 -956.655587 -954.314967 -954.083890 -954.104625 -954.159787 -954.218837 -954.275432 -954.327747 -954.376104 -954.431102 -954.599901 -955.867362 -966.163345 -989.798915 -1032.510710 -983.964989 -772.662383 -767.985013 -765.073665 -764.133210 -763.938172 -763.913466 -763.921916 -763.934764 -763.945938 -763.954547 -763.960957 -763.965738 -763.969355 -763.972139 -763.974332 -763.976081 -763.977508 -763.978731 -763.979878 -763.981092 -763.982562 -763.984546 -763.987430 -763.991813 -763.998644 -764.009456 -764.026779 -764.054880 -764.101171 -764.178969 -764.313076 -764.551202 -764.987222 -765.807419 -767.378709 -770.408658 -776.224150 -787.277505 -808.281342 -848.305710 -9999.0 -9999.0
-9999.0 -9999.0 -735.255849 -743.757842 -748.085300 -752.973449 -757.359191 -760.470259 -762.494256 -762.769355 -749.003249 -728.248926 -705.456323 -713.165551 -693.552388 -649.733100 -583.223472 -508.012874 -474.204708 -480.394925 -507.712164 -544.594559 -584.189346 -622.429027 -657.003204 -686.630919 -710.588535 -728.742192 -741.627084 -750.250438 -755.744397 -759.108509 -761.102348 -762.247485 -762.876339 -763.184896 -763.295654 -763.483517 -764.270996 -763.738546 -761.673803 -778.167472 -1095.844893 -1100.648796 -1021.508403 -976.783736 -956.655587 -954.314967 -954.083890 -954.104625 -954.159787 -954.218837 -954.275432 -954.327747 -954.376104 -954.431102 -954.599901 -955.867362 -966.163345 -989.798915 -1032.510710 -983.964989 -772.662383 -767.985013 -765.073665 -764.133210 -763.938172 -763.913466 -763.921916 -763.934764 -763.945938 -763.954547 -763.960957 -763.965738 -763.969355 -763.972139 -763.974332 -763.976081 -763.977508 -763.978731 -763.979878 -763.981092 -763.982562 -763.984546 -763.987430 -763.991813 -763.998644 -764.009456 -764.026779 -764.054880 -764.101171 -764.178969 -764.313076 -764.551202 -764.987222 -765.807419 -767.378709 -770.408658 -776.224150 -787.277505 -808.281342 -848.305710 -9999.0 -9999.0
-9999.0 -9999.0 -9999.0 -9999.0 -9999.0 -9999.0 -9999.0 -9999.0 -9999.0 -9999.0 -9999.0 -9999.0 -9999.0 -9999.0 -9999.0 -9999.0 -9999.0 -9999.0 -9999.0 -9999.0 -9999.0 -9999.0 -9999.0 -9999.0 -9999.0 -9999.0 -9999.0 -9999.0 -9999.0 -9999.0 -9999.0 -9999.0 -9999.0 -9999.0 -9999.0 -9999.0 -9999.0 -9999.0 -9999.0 -9999.0 -9999.0 -9999.0 -9999.0 -9999.0 -9999.0 -9999.0 -9999.0 -9999.0 -9999.0 -9999.0 -9999.0 -9999.0 -9999.0 -9999.0 -9999.0 -9999.0 -9999.0 -9999.0 -9999.0 -9999.0 -9999.0 -9999.0 -9999.0 -9999.0 -9999.0 -9999.0 -9999.0 -9999.0 -9999.0 -9999.0 -9999.0 -9999.0 -9999.0 -9999.0 -9999.0 -9999.0 -9999.0 -9999.0 -9999.0 -9999.0 -9999.0 -9999.0 -9999.0 -9999.0 -9999.0 -9999.0 -9999.0 -9999.0 -9999.0 -9999.0 -9999.0 -9999.0 -9999.0 -9999.0 -9999.0 -9999.0 -9999.0 -9999.0 -9999.0 -9999.0 -9999.0 -9999.0 -9999.0 -9999.0
-9999.0 -9999.0 -9999.0 -9999.0 -9999.0 -9999.0 -9999.0 -9999.0 -9999.0 -9999.0 -9999.0 -9999.0 -9999.0 -9999.0 -9999.0 -9999.0 -9999.0 -9999.0 -9999.0 -9999.0 -9999.0 -9999.0 -9999.0 -9999.0 -9999.0 -9999.0 -9999.0 -9999.0 -9999.0 -9999.0 -9999.0 -9999.0 -9999.0 -9999.0 -9999.0 -9999.0 -9999.0 -9999.0 -9999.0 -9999.0 -9999.0 -9999.0 -9999.0 -9999.0 -9999.0 -9999.0 -9999.0 -9999.0 -9999.0 -9999.0 -9999.0 -9999.0 -9999.0 -9999.0 -9999.0 -9999.0 -9999.0 -9999.0 -9999.0 -9999.0 -9999.0 -9999.0 -9999.0 -9999.0 -9999.0 -9999.0 -9999.0 -9999.0 -9999.0 -9999.0 -9999.0 -9999.0 -9999.0 -9999.0 -9999.0 -9999.0 -9999.0 -9999.0 -9999.0 -9999.0 -9999.0 -9999.0 -9999.0 -9999.0 -9999.0 -9999.0 -9999.0 -9999.0 -9999.0 -9999.0 -9999.0 -9999.0 -9999.0 -9999.0 -9999.0 -9999.0 -9999.0 -9999.0 -9999.0 -9999.0 -9999.0 -9999.0 -9999.0 -9999.0