inst/processing_geotop_simulation/geotop_simulation/out/maps3D/PwL0009N0371.asc
ncols         104
nrows         10
xllcorner     -2.000000
yllcorner     0.000000
cellsize      1.000000
NODATA_value  -9999.0
-9999.0 -9999.0 -9999.0 -9999.0 -9999.0 -9999.0 -9999.0 -9999.0 -9999.0 -9999.0 -9999.0 -9999.0 -9999.0 -9999.0 -9999.0 -9999.0 -9999.0 -9999.0 -9999.0 -9999.0 -9999.0 -9999.0 -9999.0 -9999.0 -9999.0 -9999.0 -9999.0 -9999.0 -9999.0 -9999.0 -9999.0 -9999.0 -9999.0 -9999.0 -9999.0 -9999.0 -9999.0 -9999.0 -9999.0 -9999.0 -9999.0 -9999.0 -9999.0 -9999.0 -9999.0 -9999.0 -9999.0 -9999.0 -9999.0 -9999.0 -9999.0 -9999.0 -9999.0 -9999.0 -9999.0 -9999.0 -9999.0 -9999.0 -9999.0 -9999.0 -9999.0 -9999.0 -9999.0 -9999.0 -9999.0 -9999.0 -9999.0 -9999.0 -9999.0 -9999.0 -9999.0 -9999.0 -9999.0 -9999.0 -9999.0 -9999.0 -9999.0 -9999.0 -9999.0 -9999.0 -9999.0 -9999.0 -9999.0 -9999.0 -9999.0 -9999.0 -9999.0 -9999.0 -9999.0 -9999.0 -9999.0 -9999.0 -9999.0 -9999.0 -9999.0 -9999.0 -9999.0 -9999.0 -9999.0 -9999.0 -9999.0 -9999.0 -9999.0 -9999.0
-9999.0 -9999.0 -9999.0 -9999.0 -9999.0 -9999.0 -9999.0 -9999.0 -9999.0 -9999.0 -9999.0 -9999.0 -9999.0 -9999.0 -9999.0 -9999.0 -9999.0 -9999.0 -9999.0 -9999.0 -9999.0 -9999.0 -9999.0 -9999.0 -9999.0 -9999.0 -9999.0 -9999.0 -9999.0 -9999.0 -9999.0 -9999.0 -9999.0 -9999.0 -9999.0 -9999.0 -9999.0 -9999.0 -9999.0 -9999.0 -9999.0 -9999.0 -9999.0 -9999.0 -9999.0 -9999.0 -9999.0 -9999.0 -9999.0 -9999.0 -9999.0 -9999.0 -9999.0 -9999.0 -9999.0 -9999.0 -9999.0 -9999.0 -9999.0 -9999.0 -9999.0 -9999.0 -9999.0 -9999.0 -9999.0 -9999.0 -9999.0 -9999.0 -9999.0 -9999.0 -9999.0 -9999.0 -9999.0 -9999.0 -9999.0 -9999.0 -9999.0 -9999.0 -9999.0 -9999.0 -9999.0 -9999.0 -9999.0 -9999.0 -9999.0 -9999.0 -9999.0 -9999.0 -9999.0 -9999.0 -9999.0 -9999.0 -9999.0 -9999.0 -9999.0 -9999.0 -9999.0 -9999.0 -9999.0 -9999.0 -9999.0 -9999.0 -9999.0 -9999.0
-9999.0 -9999.0 423.472431 325.359561 226.598663 127.558476 28.403096 -70.796245 -170.009877 -269.219876 -368.406493 -467.540716 -566.562076 -665.348977 -763.972856 -862.642175 -961.183402 -1059.581967 -1157.348153 -1253.510543 -1347.208950 -1436.399111 -1518.292195 -1590.234149 -1650.607539 -1699.165752 -1736.809714 -1765.112972 -1785.869661 -1800.789138 -1811.341537 -1818.709913 -1823.803076 -1827.295916 -1829.677572 -1831.298753 -1832.421038 -1833.301696 -1834.444340 -1837.186940 -1842.210658 -1819.546527 -1276.013268 -1382.833509 -1349.443743 -1327.677303 -1317.651962 -1316.221174 -1316.071189 -1316.084985 -1316.122077 -1316.161983 -1316.200327 -1316.235831 -1316.268799 -1316.307308 -1316.428579 -1317.261107 -1322.498235 -1334.277052 -1348.384541 -1226.088329 -1787.094914 -1835.090481 -1835.831542 -1835.008436 -1834.780707 -1834.737131 -1834.730186 -1834.729569 -1834.729940 -1834.730383 -1834.730754 -1834.731046 -1834.731275 -1834.731457 -1834.731606 -1834.731730 -1834.731838 -1834.731937 -1834.732036 -1834.732146 -1834.732281 -1834.732462 -1834.732721 -1834.733110 -1834.733712 -1834.734668 -1834.736218 -1834.738793 -1834.743181 -1834.750882 -1834.764822 -1834.790842 -1834.840881 -1834.940165 -1835.144879 -1835.589336 -1836.621535 -1839.232636 -1846.628681 -1870.923713 -9999.0 -9999.0
-9999.0 -9999.0 423.478633 325.361209 226.599115 127.558612 28.403140 -70.796230 -170.009872 -269.219873 -368.406492 -467.540716 -566.562076 -665.348977 -763.972856 -862.642175 -961.183402 -1059.581967 -1157.348154 -1253.510543 -1347.208950 -1436.399112 -1518.292195 -1590.234149 -1650.607539 -1699.165752 -1736.809714 -1765.112972 -1785.869661 -1800.789138 -1811.341537 -1818.709913 -1823.803076 -1827.295916 -1829.677572 -1831.298753 -1832.421038 -1833.301696 -1834.444340 -1837.186940 -1842.210658 -1819.546527 -1276.013268 -1382.833509 -1349.443743 -1327.677303 -1317.651962 -1316.221174 -1316.071189 -1316.084985 -1316.122077 -1316.161983 -1316.200327 -1316.235831 -1316.268799 -1316.307308 -1316.428579 -1317.261107 -1322.498235 -1334.277052 -1348.384541 -1226.088329 -1787.094914 -1835.090481 -1835.831542 -1835.008436 -1834.780707 -1834.737131 -1834.730186 -1834.729569 -1834.729940 -1834.730383 -1834.730754 -1834.731046 -1834.731275 -1834.731457 -1834.731606 -1834.731730 -1834.731838 -1834.731937 -1834.732036 -1834.732146 -1834.732281 -1834.732462 -1834.732721 -1834.733110 -1834.733712 -1834.734668 -1834.736218 -1834.738793 -1834.743181 -1834.750882 -1834.764822 -1834.790842 -1834.840881 -1834.940165 -1835.144879 -1835.589336 -1836.621535 -1839.232636 -1846.628681 -1870.923713 -9999.0 -9999.0
-9999.0 -9999.0 423.480005 325.361936 226.599406 127.558719 28.403178 -70.796216 -170.009867 -269.219871 -368.406491 -467.540715 -566.562076 -665.348977 -763.972856 -862.642175 -961.183402 -1059.581967 -1157.348154 -1253.510543 -1347.208950 -1436.399112 -1518.292195 -1590.234149 -1650.607539 -1699.165752 -1736.809714 -1765.112972 -1785.869661 -1800.789138 -1811.341537 -1818.709913 -1823.803076 -1827.295916 -1829.677572 -1831.298753 -1832.421038 -1833.301696 -1834.444340 -1837.186940 -1842.210658 -1819.546527 -1276.013268 -1382.833509 -1349.443743 -1327.677302 -1317.651962 -1316.221174 -1316.071189 -1316.084985 -1316.122077 -1316.161983 -1316.200327 -1316.235831 -1316.268799 -1316.307308 -1316.428579 -1317.261107 -1322.498235 -1334.277052 -1348.384541 -1226.088329 -1787.094914 -1835.090481 -1835.831542 -1835.008436 -1834.780707 -1834.737131 -1834.730186 -1834.729569 -1834.729940 -1834.730383 -1834.730754 -1834.731046 -1834.731275 -1834.731457 -1834.731606 -1834.731730 -1834.731838 -1834.731937 -1834.732036 -1834.732146 -1834.732281 -1834.732462 -1834.732721 -1834.733110 -1834.733712 -1834.734668 -1834.736218 -1834.738793 -1834.743181 -1834.750882 -1834.764822 -1834.790842 -1834.840881 -1834.940165 -1835.144879 -1835.589336 -1836.621535 -1839.232636 -1846.628681 -1870.923713 -9999.0 -9999.0
-9999.0 -9999.0 423.480005 325.361936 226.599406 127.558719 28.403178 -70.796216 -170.009867 -269.219871 -368.406491 -467.540715 -566.562076 -665.348977 -763.972856 -862.642175 -961.183402 -1059.581967 -1157.348154 -1253.510543 -1347.208950 -1436.399112 -1518.292195 -1590.234149 -1650.607539 -1699.165752 -1736.809714 -1765.112972 -1785.869661 -1800.789138 -1811.341537 -1818.709913 -1823.803076 -1827.295916 -1829.677572 -1831.298753 -1832.421038 -1833.301696 -1834.444340 -1837.186940 -1842.210658 -1819.546527 -1276.013268 -1382.833509 -1349.443743 -1327.677302 -1317.651962 -1316.221174 -1316.071189 -1316.084985 -1316.122077 -1316.161983 -1316.200327 -1316.235831 -1316.268799 -1316.307308 -1316.428579 -1317.261107 -1322.498235 -1334.277052 -1348.384541 -1226.088329 -1787.094914 -1835.090481 -1835.831542 -1835.008436 -1834.780707 -1834.737131 -1834.730186 -1834.729569 -1834.729940 -1834.730383 -1834.730754 -1834.731046 -1834.731275 -1834.731457 -1834.731606 -1834.731730 -1834.731838 -1834.731937 -1834.732036 -1834.732146 -1834.732281 -1834.732462 -1834.732721 -1834.733110 -1834.733712 -1834.734668 -1834.736218 -1834.738793 -1834.743181 -1834.750882 -1834.764822 -1834.790842 -1834.840881 -1834.940165 -1835.144879 -1835.589336 -1836.621535 -1839.232636 -1846.628681 -1870.923713 -9999.0 -9999.0
-9999.0 -9999.0 423.478633 325.361209 226.599115 127.558612 28.403140 -70.796230 -170.009872 -269.219873 -368.406492 -467.540716 -566.562076 -665.348977 -763.972856 -862.642175 -961.183402 -1059.581967 -1157.348154 -1253.510543 -1347.208950 -1436.399112 -1518.292195 -1590.234149 -1650.607539 -1699.165752 -1736.809714 -1765.112972 -1785.869661 -1800.789138 -1811.341537 -1818.709913 -1823.803076 -1827.295916 -1829.677572 -1831.298753 -1832.421038 -1833.301696 -1834.444340 -1837.186940 -1842.210658 -1819.546527 -1276.013268 -1382.833509 -1349.443743 -1327.677303 -1317.651962 -1316.221174 -1316.071189 -1316.084985 -1316.122077 -1316.161983 -1316.200327 -1316.235831 -1316.268799 -1316.307308 -1316.428579 -1317.261107 -1322.498235 -1334.277052 -1348.384541 -1226.088329 -1787.094914 -1835.090481 -1835.831542 -1835.008436 -1834.780707 -1834.737131 -1834.730186 -1834.729569 -1834.729940 -1834.730383 -1834.730754 -1834.731046 -1834.731275 -1834.731457 -1834.731606 -1834.731730 -1834.731838 -1834.731937 -1834.732036 -1834.732146 -1834.732281 -1834.732462 -1834.732721 -1834.733110 -1834.733712 -1834.734668 -1834.736218 -1834.738793 -1834.743181 -1834.750882 -1834.764822 -1834.790842 -1834.840881 -1834.940165 -1835.144879 -1835.589336 -1836.621535 -1839.232636 -1846.628681 -1870.923713 -9999.0 -9999.0
-9999.0 -9999.0 423.472431 325.359561 226.598663 127.558477 28.403096 -70.796245 -170.009877 -269.219876 -368.406493 -467.540716 -566.562076 -665.348978 -763.972855 -862.642175 -961.183402 -1059.581967 -1157.348153 -1253.510543 -1347.208949 -1436.399111 -1518.292195 -1590.234149 -1650.607539 -1699.165752 -1736.809714 -1765.112972 -1785.869661 -1800.789138 -1811.341537 -1818.709913 -1823.803076 -1827.295916 -1829.677572 -1831.298753 -1832.421038 -1833.301696 -1834.444340 -1837.186940 -1842.210658 -1819.546527 -1276.013268 -1382.833509 -1349.443743 -1327.677303 -1317.651962 -1316.221174 -1316.071189 -1316.084985 -1316.122077 -1316.161983 -1316.200327 -1316.235831 -1316.268799 -1316.307308 -1316.428579 -1317.261107 -1322.498235 -1334.277052 -1348.384541 -1226.088329 -1787.094914 -1835.090481 -1835.831542 -1835.008436 -1834.780707 -1834.737131 -1834.730186 -1834.729569 -1834.729940 -1834.730383 -1834.730754 -1834.731046 -1834.731275 -1834.731457 -1834.731606 -1834.731730 -1834.731838 -1834.731937 -1834.732036 -1834.732146 -1834.732281 -1834.732462 -1834.732721 -1834.733110 -1834.733712 -1834.734668 -1834.736218 -1834.738793 -1834.743181 -1834.750882 -1834.764822 -1834.790842 -1834.840881 -1834.940165 -1835.144879 -1835.589336 -1836.621535 -1839.232636 -1846.628681 -1870.923713 -9999.0 -9999.0
-9999.0 -9999.0 -9999.0 -9999.0 -9999.0 -9999.0 -9999.0 -9999.0 -9999.0 -9999.0 -9999.0 -9999.0 -9999.0 -9999.0 -9999.0 -9999.0 -9999.0 -9999.0 -9999.0 -9999.0 -9999.0 -9999.0 -9999.0 -9999.0 -9999.0 -9999.0 -9999.0 -9999.0 -9999.0 -9999.0 -9999.0 -9999.0 -9999.0 -9999.0 -9999.0 -9999.0 -9999.0 -9999.0 -9999.0 -9999.0 -9999.0 -9999.0 -9999.0 -9999.0 -9999.0 -9999.0 -9999.0 -9999.0 -9999.0 -9999.0 -9999.0 -9999.0 -9999.0 -9999.0 -9999.0 -9999.0 -9999.0 -9999.0 -9999.0 -9999.0 -9999.0 -9999.0 -9999.0 -9999.0 -9999.0 -9999.0 -9999.0 -9999.0 -9999.0 -9999.0 -9999.0 -9999.0 -9999.0 -9999.0 -9999.0 -9999.0 -9999.0 -9999.0 -9999.0 -9999.0 -9999.0 -9999.0 -9999.0 -9999.0 -9999.0 -9999.0 -9999.0 -9999.0 -9999.0 -9999.0 -9999.0 -9999.0 -9999.0 -9999.0 -9999.0 -9999.0 -9999.0 -9999.0 -9999.0 -9999.0 -9999.0 -9999.0 -9999.0 -9999.0
-9999.0 -9999.0 -9999.0 -9999.0 -9999.0 -9999.0 -9999.0 -9999.0 -9999.0 -9999.0 -9999.0 -9999.0 -9999.0 -9999.0 -9999.0 -9999.0 -9999.0 -9999.0 -9999.0 -9999.0 -9999.0 -9999.0 -9999.0 -9999.0 -9999.0 -9999.0 -9999.0 -9999.0 -9999.0 -9999.0 -9999.0 -9999.0 -9999.0 -9999.0 -9999.0 -9999.0 -9999.0 -9999.0 -9999.0 -9999.0 -9999.0 -9999.0 -9999.0 -9999.0 -9999.0 -9999.0 -9999.0 -9999.0 -9999.0 -9999.0 -9999.0 -9999.0 -9999.0 -9999.0 -9999.0 -9999.0 -9999.0 -9999.0 -9999.0 -9999.0 -9999.0 -9999.0 -9999.0 -9999.0 -9999.0 -9999.0 -9999.0 -9999.0 -9999.0 -9999.0 -9999.0 -9999.0 -9999.0 -9999.0 -9999.0 -9999.0 -9999.0 -9999.0 -9999.0 -9999.0 -9999.0 -9999.0 -9999.0 -9999.0 -9999.0 -9999.0 -9999.0 -9999.0 -9999.0 -9999.0 -9999.0 -9999.0 -9999.0 -9999.0 -9999.0 -9999.0 -9999.0 -9999.0 -9999.0 -9999.0 -9999.0 -9999.0 -9999.0 -9999.0