inst/processing_geotop_simulation/geotop_simulation/out/maps3D/PwL0004N0233.asc
ncols         104
nrows         10
xllcorner     -2.000000
yllcorner     0.000000
cellsize      1.000000
NODATA_value  -9999.0
-9999.0 -9999.0 -9999.0 -9999.0 -9999.0 -9999.0 -9999.0 -9999.0 -9999.0 -9999.0 -9999.0 -9999.0 -9999.0 -9999.0 -9999.0 -9999.0 -9999.0 -9999.0 -9999.0 -9999.0 -9999.0 -9999.0 -9999.0 -9999.0 -9999.0 -9999.0 -9999.0 -9999.0 -9999.0 -9999.0 -9999.0 -9999.0 -9999.0 -9999.0 -9999.0 -9999.0 -9999.0 -9999.0 -9999.0 -9999.0 -9999.0 -9999.0 -9999.0 -9999.0 -9999.0 -9999.0 -9999.0 -9999.0 -9999.0 -9999.0 -9999.0 -9999.0 -9999.0 -9999.0 -9999.0 -9999.0 -9999.0 -9999.0 -9999.0 -9999.0 -9999.0 -9999.0 -9999.0 -9999.0 -9999.0 -9999.0 -9999.0 -9999.0 -9999.0 -9999.0 -9999.0 -9999.0 -9999.0 -9999.0 -9999.0 -9999.0 -9999.0 -9999.0 -9999.0 -9999.0 -9999.0 -9999.0 -9999.0 -9999.0 -9999.0 -9999.0 -9999.0 -9999.0 -9999.0 -9999.0 -9999.0 -9999.0 -9999.0 -9999.0 -9999.0 -9999.0 -9999.0 -9999.0 -9999.0 -9999.0 -9999.0 -9999.0 -9999.0 -9999.0
-9999.0 -9999.0 -9999.0 -9999.0 -9999.0 -9999.0 -9999.0 -9999.0 -9999.0 -9999.0 -9999.0 -9999.0 -9999.0 -9999.0 -9999.0 -9999.0 -9999.0 -9999.0 -9999.0 -9999.0 -9999.0 -9999.0 -9999.0 -9999.0 -9999.0 -9999.0 -9999.0 -9999.0 -9999.0 -9999.0 -9999.0 -9999.0 -9999.0 -9999.0 -9999.0 -9999.0 -9999.0 -9999.0 -9999.0 -9999.0 -9999.0 -9999.0 -9999.0 -9999.0 -9999.0 -9999.0 -9999.0 -9999.0 -9999.0 -9999.0 -9999.0 -9999.0 -9999.0 -9999.0 -9999.0 -9999.0 -9999.0 -9999.0 -9999.0 -9999.0 -9999.0 -9999.0 -9999.0 -9999.0 -9999.0 -9999.0 -9999.0 -9999.0 -9999.0 -9999.0 -9999.0 -9999.0 -9999.0 -9999.0 -9999.0 -9999.0 -9999.0 -9999.0 -9999.0 -9999.0 -9999.0 -9999.0 -9999.0 -9999.0 -9999.0 -9999.0 -9999.0 -9999.0 -9999.0 -9999.0 -9999.0 -9999.0 -9999.0 -9999.0 -9999.0 -9999.0 -9999.0 -9999.0 -9999.0 -9999.0 -9999.0 -9999.0 -9999.0 -9999.0
-9999.0 -9999.0 177.985691 83.780296 -13.135760 -110.823446 -208.806629 -306.895720 -404.985370 -502.999146 -600.795882 -698.003369 -794.824812 -890.987030 -986.860822 -1083.032515 -1177.529509 -1270.078142 -1360.218808 -1446.222933 -1523.633239 -1588.175439 -1638.290020 -1675.139110 -1701.264281 -1719.385795 -1731.801551 -1740.241772 -1745.939983 -1749.758248 -1752.296658 -1753.971467 -1755.069265 -1755.785154 -1756.250551 -1756.554941 -1756.766554 -1756.971282 -1757.449480 -1759.486840 -1766.571640 -1754.467953 -1102.741501 -1109.561492 -1095.824482 -1087.045699 -1082.936427 -1082.335233 -1082.272359 -1082.279790 -1082.297542 -1082.316564 -1082.334838 -1082.351756 -1082.367422 -1082.385306 -1082.438618 -1082.795678 -1084.974622 -1089.858006 -1097.018700 -1080.489855 -1731.305932 -1761.053302 -1758.311416 -1757.390591 -1757.225777 -1757.199862 -1757.196408 -1757.196645 -1757.197396 -1757.198084 -1757.198627 -1757.199041 -1757.199358 -1757.199604 -1757.199799 -1757.199956 -1757.200088 -1757.200205 -1757.200320 -1757.200449 -1757.200610 -1757.200835 -1757.201168 -1757.201680 -1757.202487 -1757.203779 -1757.205880 -1757.209361 -1757.215255 -1757.225500 -1757.243837 -1757.277648 -1757.341721 -1757.466182 -1757.714397 -1758.227744 -1759.348750 -1761.990530 -1768.954236 -1791.172668 -9999.0 -9999.0
-9999.0 -9999.0 177.995932 83.782397 -13.135226 -110.823290 -208.806579 -306.895704 -404.985364 -502.999144 -600.795881 -698.003368 -794.824812 -890.987030 -986.860822 -1083.032515 -1177.529509 -1270.078142 -1360.218808 -1446.222933 -1523.633239 -1588.175439 -1638.290020 -1675.139110 -1701.264281 -1719.385795 -1731.801551 -1740.241772 -1745.939983 -1749.758248 -1752.296658 -1753.971467 -1755.069265 -1755.785154 -1756.250551 -1756.554941 -1756.766554 -1756.971282 -1757.449480 -1759.486840 -1766.571640 -1754.467953 -1102.741501 -1109.561491 -1095.824481 -1087.045699 -1082.936427 -1082.335233 -1082.272359 -1082.279790 -1082.297542 -1082.316564 -1082.334838 -1082.351756 -1082.367422 -1082.385306 -1082.438618 -1082.795678 -1084.974622 -1089.858006 -1097.018700 -1080.489855 -1731.305932 -1761.053302 -1758.311416 -1757.390591 -1757.225777 -1757.199862 -1757.196408 -1757.196645 -1757.197396 -1757.198084 -1757.198627 -1757.199041 -1757.199358 -1757.199604 -1757.199799 -1757.199956 -1757.200088 -1757.200205 -1757.200320 -1757.200449 -1757.200610 -1757.200835 -1757.201168 -1757.201680 -1757.202487 -1757.203779 -1757.205880 -1757.209361 -1757.215255 -1757.225500 -1757.243837 -1757.277648 -1757.341721 -1757.466182 -1757.714397 -1758.227744 -1759.348750 -1761.990530 -1768.954236 -1791.172668 -9999.0 -9999.0
-9999.0 -9999.0 177.997375 83.783252 -13.134887 -110.823168 -208.806536 -306.895688 -404.985358 -502.999142 -600.795881 -698.003368 -794.824812 -890.987030 -986.860822 -1083.032515 -1177.529509 -1270.078142 -1360.218808 -1446.222933 -1523.633239 -1588.175440 -1638.290021 -1675.139110 -1701.264281 -1719.385796 -1731.801551 -1740.241772 -1745.939983 -1749.758248 -1752.296658 -1753.971467 -1755.069265 -1755.785154 -1756.250551 -1756.554941 -1756.766554 -1756.971282 -1757.449480 -1759.486840 -1766.571640 -1754.467953 -1102.741501 -1109.561491 -1095.824481 -1087.045699 -1082.936427 -1082.335233 -1082.272359 -1082.279790 -1082.297542 -1082.316564 -1082.334838 -1082.351756 -1082.367422 -1082.385306 -1082.438618 -1082.795678 -1084.974622 -1089.858006 -1097.018700 -1080.489855 -1731.305932 -1761.053302 -1758.311416 -1757.390591 -1757.225777 -1757.199862 -1757.196408 -1757.196645 -1757.197396 -1757.198084 -1757.198627 -1757.199041 -1757.199358 -1757.199604 -1757.199799 -1757.199956 -1757.200088 -1757.200205 -1757.200320 -1757.200449 -1757.200610 -1757.200835 -1757.201168 -1757.201680 -1757.202487 -1757.203779 -1757.205880 -1757.209361 -1757.215255 -1757.225500 -1757.243837 -1757.277648 -1757.341721 -1757.466182 -1757.714397 -1758.227744 -1759.348750 -1761.990530 -1768.954236 -1791.172668 -9999.0 -9999.0
-9999.0 -9999.0 177.997375 83.783252 -13.134887 -110.823168 -208.806536 -306.895688 -404.985358 -502.999142 -600.795881 -698.003368 -794.824812 -890.987030 -986.860822 -1083.032515 -1177.529509 -1270.078142 -1360.218808 -1446.222933 -1523.633239 -1588.175440 -1638.290021 -1675.139110 -1701.264281 -1719.385796 -1731.801551 -1740.241772 -1745.939983 -1749.758248 -1752.296658 -1753.971467 -1755.069265 -1755.785154 -1756.250551 -1756.554941 -1756.766554 -1756.971282 -1757.449480 -1759.486840 -1766.571640 -1754.467953 -1102.741501 -1109.561491 -1095.824481 -1087.045699 -1082.936427 -1082.335233 -1082.272359 -1082.279790 -1082.297542 -1082.316564 -1082.334838 -1082.351756 -1082.367422 -1082.385306 -1082.438618 -1082.795678 -1084.974622 -1089.858006 -1097.018700 -1080.489855 -1731.305932 -1761.053302 -1758.311416 -1757.390591 -1757.225777 -1757.199862 -1757.196408 -1757.196645 -1757.197396 -1757.198084 -1757.198627 -1757.199041 -1757.199358 -1757.199604 -1757.199799 -1757.199956 -1757.200088 -1757.200205 -1757.200320 -1757.200449 -1757.200610 -1757.200835 -1757.201168 -1757.201680 -1757.202487 -1757.203779 -1757.205880 -1757.209361 -1757.215255 -1757.225500 -1757.243837 -1757.277648 -1757.341721 -1757.466182 -1757.714397 -1758.227744 -1759.348750 -1761.990530 -1768.954236 -1791.172668 -9999.0 -9999.0
-9999.0 -9999.0 177.995932 83.782397 -13.135225 -110.823290 -208.806579 -306.895704 -404.985364 -502.999144 -600.795881 -698.003368 -794.824812 -890.987030 -986.860822 -1083.032515 -1177.529509 -1270.078142 -1360.218808 -1446.222933 -1523.633239 -1588.175439 -1638.290020 -1675.139110 -1701.264281 -1719.385795 -1731.801551 -1740.241772 -1745.939983 -1749.758248 -1752.296658 -1753.971467 -1755.069265 -1755.785154 -1756.250551 -1756.554941 -1756.766554 -1756.971282 -1757.449480 -1759.486840 -1766.571640 -1754.467953 -1102.741501 -1109.561491 -1095.824481 -1087.045699 -1082.936427 -1082.335233 -1082.272359 -1082.279790 -1082.297542 -1082.316564 -1082.334838 -1082.351756 -1082.367422 -1082.385306 -1082.438618 -1082.795678 -1084.974622 -1089.858006 -1097.018700 -1080.489855 -1731.305932 -1761.053302 -1758.311416 -1757.390591 -1757.225777 -1757.199862 -1757.196408 -1757.196645 -1757.197396 -1757.198084 -1757.198627 -1757.199041 -1757.199358 -1757.199604 -1757.199799 -1757.199956 -1757.200088 -1757.200205 -1757.200320 -1757.200449 -1757.200610 -1757.200835 -1757.201168 -1757.201680 -1757.202487 -1757.203779 -1757.205880 -1757.209361 -1757.215255 -1757.225500 -1757.243837 -1757.277648 -1757.341721 -1757.466182 -1757.714397 -1758.227744 -1759.348750 -1761.990530 -1768.954236 -1791.172668 -9999.0 -9999.0
-9999.0 -9999.0 177.985691 83.780296 -13.135760 -110.823446 -208.806629 -306.895720 -404.985370 -502.999146 -600.795882 -698.003369 -794.824812 -890.987030 -986.860822 -1083.032514 -1177.529509 -1270.078142 -1360.218808 -1446.222933 -1523.633239 -1588.175439 -1638.290020 -1675.139110 -1701.264281 -1719.385795 -1731.801551 -1740.241772 -1745.939983 -1749.758248 -1752.296658 -1753.971467 -1755.069265 -1755.785154 -1756.250551 -1756.554941 -1756.766554 -1756.971282 -1757.449480 -1759.486840 -1766.571640 -1754.467953 -1102.741501 -1109.561492 -1095.824482 -1087.045699 -1082.936427 -1082.335233 -1082.272359 -1082.279790 -1082.297542 -1082.316564 -1082.334838 -1082.351756 -1082.367422 -1082.385306 -1082.438618 -1082.795678 -1084.974622 -1089.858006 -1097.018700 -1080.489855 -1731.305932 -1761.053302 -1758.311416 -1757.390591 -1757.225777 -1757.199862 -1757.196408 -1757.196645 -1757.197396 -1757.198084 -1757.198627 -1757.199041 -1757.199358 -1757.199604 -1757.199799 -1757.199956 -1757.200088 -1757.200205 -1757.200320 -1757.200449 -1757.200610 -1757.200835 -1757.201168 -1757.201680 -1757.202487 -1757.203779 -1757.205880 -1757.209361 -1757.215255 -1757.225500 -1757.243837 -1757.277648 -1757.341721 -1757.466182 -1757.714397 -1758.227744 -1759.348750 -1761.990530 -1768.954236 -1791.172668 -9999.0 -9999.0
-9999.0 -9999.0 -9999.0 -9999.0 -9999.0 -9999.0 -9999.0 -9999.0 -9999.0 -9999.0 -9999.0 -9999.0 -9999.0 -9999.0 -9999.0 -9999.0 -9999.0 -9999.0 -9999.0 -9999.0 -9999.0 -9999.0 -9999.0 -9999.0 -9999.0 -9999.0 -9999.0 -9999.0 -9999.0 -9999.0 -9999.0 -9999.0 -9999.0 -9999.0 -9999.0 -9999.0 -9999.0 -9999.0 -9999.0 -9999.0 -9999.0 -9999.0 -9999.0 -9999.0 -9999.0 -9999.0 -9999.0 -9999.0 -9999.0 -9999.0 -9999.0 -9999.0 -9999.0 -9999.0 -9999.0 -9999.0 -9999.0 -9999.0 -9999.0 -9999.0 -9999.0 -9999.0 -9999.0 -9999.0 -9999.0 -9999.0 -9999.0 -9999.0 -9999.0 -9999.0 -9999.0 -9999.0 -9999.0 -9999.0 -9999.0 -9999.0 -9999.0 -9999.0 -9999.0 -9999.0 -9999.0 -9999.0 -9999.0 -9999.0 -9999.0 -9999.0 -9999.0 -9999.0 -9999.0 -9999.0 -9999.0 -9999.0 -9999.0 -9999.0 -9999.0 -9999.0 -9999.0 -9999.0 -9999.0 -9999.0 -9999.0 -9999.0 -9999.0 -9999.0
-9999.0 -9999.0 -9999.0 -9999.0 -9999.0 -9999.0 -9999.0 -9999.0 -9999.0 -9999.0 -9999.0 -9999.0 -9999.0 -9999.0 -9999.0 -9999.0 -9999.0 -9999.0 -9999.0 -9999.0 -9999.0 -9999.0 -9999.0 -9999.0 -9999.0 -9999.0 -9999.0 -9999.0 -9999.0 -9999.0 -9999.0 -9999.0 -9999.0 -9999.0 -9999.0 -9999.0 -9999.0 -9999.0 -9999.0 -9999.0 -9999.0 -9999.0 -9999.0 -9999.0 -9999.0 -9999.0 -9999.0 -9999.0 -9999.0 -9999.0 -9999.0 -9999.0 -9999.0 -9999.0 -9999.0 -9999.0 -9999.0 -9999.0 -9999.0 -9999.0 -9999.0 -9999.0 -9999.0 -9999.0 -9999.0 -9999.0 -9999.0 -9999.0 -9999.0 -9999.0 -9999.0 -9999.0 -9999.0 -9999.0 -9999.0 -9999.0 -9999.0 -9999.0 -9999.0 -9999.0 -9999.0 -9999.0 -9999.0 -9999.0 -9999.0 -9999.0 -9999.0 -9999.0 -9999.0 -9999.0 -9999.0 -9999.0 -9999.0 -9999.0 -9999.0 -9999.0 -9999.0 -9999.0 -9999.0 -9999.0 -9999.0 -9999.0 -9999.0 -9999.0