inst/processing_geotop_simulation/geotop_simulation/out/maps3D/PwL0020N0184.asc
ncols         104
nrows         10
xllcorner     -2.000000
yllcorner     0.000000
cellsize      1.000000
NODATA_value  -9999.0
-9999.0 -9999.0 -9999.0 -9999.0 -9999.0 -9999.0 -9999.0 -9999.0 -9999.0 -9999.0 -9999.0 -9999.0 -9999.0 -9999.0 -9999.0 -9999.0 -9999.0 -9999.0 -9999.0 -9999.0 -9999.0 -9999.0 -9999.0 -9999.0 -9999.0 -9999.0 -9999.0 -9999.0 -9999.0 -9999.0 -9999.0 -9999.0 -9999.0 -9999.0 -9999.0 -9999.0 -9999.0 -9999.0 -9999.0 -9999.0 -9999.0 -9999.0 -9999.0 -9999.0 -9999.0 -9999.0 -9999.0 -9999.0 -9999.0 -9999.0 -9999.0 -9999.0 -9999.0 -9999.0 -9999.0 -9999.0 -9999.0 -9999.0 -9999.0 -9999.0 -9999.0 -9999.0 -9999.0 -9999.0 -9999.0 -9999.0 -9999.0 -9999.0 -9999.0 -9999.0 -9999.0 -9999.0 -9999.0 -9999.0 -9999.0 -9999.0 -9999.0 -9999.0 -9999.0 -9999.0 -9999.0 -9999.0 -9999.0 -9999.0 -9999.0 -9999.0 -9999.0 -9999.0 -9999.0 -9999.0 -9999.0 -9999.0 -9999.0 -9999.0 -9999.0 -9999.0 -9999.0 -9999.0 -9999.0 -9999.0 -9999.0 -9999.0 -9999.0 -9999.0
-9999.0 -9999.0 -9999.0 -9999.0 -9999.0 -9999.0 -9999.0 -9999.0 -9999.0 -9999.0 -9999.0 -9999.0 -9999.0 -9999.0 -9999.0 -9999.0 -9999.0 -9999.0 -9999.0 -9999.0 -9999.0 -9999.0 -9999.0 -9999.0 -9999.0 -9999.0 -9999.0 -9999.0 -9999.0 -9999.0 -9999.0 -9999.0 -9999.0 -9999.0 -9999.0 -9999.0 -9999.0 -9999.0 -9999.0 -9999.0 -9999.0 -9999.0 -9999.0 -9999.0 -9999.0 -9999.0 -9999.0 -9999.0 -9999.0 -9999.0 -9999.0 -9999.0 -9999.0 -9999.0 -9999.0 -9999.0 -9999.0 -9999.0 -9999.0 -9999.0 -9999.0 -9999.0 -9999.0 -9999.0 -9999.0 -9999.0 -9999.0 -9999.0 -9999.0 -9999.0 -9999.0 -9999.0 -9999.0 -9999.0 -9999.0 -9999.0 -9999.0 -9999.0 -9999.0 -9999.0 -9999.0 -9999.0 -9999.0 -9999.0 -9999.0 -9999.0 -9999.0 -9999.0 -9999.0 -9999.0 -9999.0 -9999.0 -9999.0 -9999.0 -9999.0 -9999.0 -9999.0 -9999.0 -9999.0 -9999.0 -9999.0 -9999.0 -9999.0 -9999.0
-9999.0 -9999.0 979.244746 883.319438 787.115994 690.415655 593.436731 496.331818 399.186125 302.045987 204.937280 107.874693 10.869415 -86.059972 -182.895713 -279.554242 -375.873623 -471.575517 -566.193707 -658.877737 -751.973372 -843.771103 -934.042429 -1022.592128 -1091.716419 -1149.080448 -1194.552324 -1229.104196 -1254.397619 -1272.337951 -1284.738877 -1293.138167 -1298.739874 -1302.434345 -1304.853148 -1306.433223 -1307.479866 -1308.248017 -1309.201923 -1312.272767 -1326.510820 -1402.022762 -1875.417383 -3948.124881 -3985.141705 -3985.142773 -3984.919842 -3982.283637 -3969.475394 -3929.881451 -3841.345591 -3673.087604 -3508.566178 -3376.052404 -3236.873964 -3079.042103 -2901.455736 -2713.722425 -2530.414845 -2360.763045 -2188.314098 -1522.933586 -1362.436891 -1319.424923 -1311.182233 -1309.806258 -1309.598206 -1309.567490 -1309.563489 -1309.563739 -1309.564577 -1309.565349 -1309.565963 -1309.566435 -1309.566800 -1309.567087 -1309.567315 -1309.567502 -1309.567659 -1309.567800 -1309.567938 -1309.568090 -1309.568279 -1309.568537 -1309.568915 -1309.569492 -1309.570396 -1309.571840 -1309.574187 -1309.578073 -1309.584658 -1309.596119 -1309.616673 -1309.654670 -1309.726969 -1309.868530 -1310.155342 -1310.765319 -1312.149438 -1315.515099 -1324.268883 -1349.669911 -9999.0 -9999.0
-9999.0 -9999.0 979.247985 883.320693 787.116409 690.415792 593.436777 496.331834 399.186131 302.045990 204.937281 107.874694 10.869415 -86.059972 -182.895713 -279.554242 -375.873623 -471.575517 -566.193707 -658.877737 -751.973372 -843.771103 -934.042430 -1022.592129 -1091.716419 -1149.080449 -1194.552324 -1229.104196 -1254.397619 -1272.337951 -1284.738877 -1293.138167 -1298.739874 -1302.434345 -1304.853148 -1306.433223 -1307.479866 -1308.248017 -1309.201923 -1312.272767 -1326.510820 -1402.022762 -1875.417382 -3948.124881 -3985.141705 -3985.142773 -3984.919842 -3982.283637 -3969.475394 -3929.881451 -3841.345589 -3673.087603 -3508.566177 -3376.052404 -3236.873963 -3079.042103 -2901.455734 -2713.722424 -2530.414844 -2360.763045 -2188.314098 -1522.933586 -1362.436891 -1319.424923 -1311.182233 -1309.806258 -1309.598206 -1309.567490 -1309.563489 -1309.563739 -1309.564577 -1309.565349 -1309.565963 -1309.566435 -1309.566800 -1309.567087 -1309.567315 -1309.567502 -1309.567659 -1309.567800 -1309.567938 -1309.568090 -1309.568279 -1309.568537 -1309.568915 -1309.569492 -1309.570396 -1309.571840 -1309.574187 -1309.578073 -1309.584658 -1309.596119 -1309.616673 -1309.654670 -1309.726969 -1309.868530 -1310.155342 -1310.765319 -1312.149438 -1315.515099 -1324.268883 -1349.669911 -9999.0 -9999.0
-9999.0 -9999.0 979.249247 883.321373 787.116698 690.415903 593.436818 496.331849 399.186136 302.045992 204.937282 107.874694 10.869415 -86.059972 -182.895713 -279.554242 -375.873623 -471.575517 -566.193707 -658.877737 -751.973372 -843.771103 -934.042430 -1022.592129 -1091.716420 -1149.080449 -1194.552324 -1229.104197 -1254.397620 -1272.337951 -1284.738877 -1293.138167 -1298.739874 -1302.434345 -1304.853148 -1306.433223 -1307.479866 -1308.248017 -1309.201923 -1312.272767 -1326.510820 -1402.022762 -1875.417382 -3948.124881 -3985.141705 -3985.142773 -3984.919842 -3982.283637 -3969.475394 -3929.881450 -3841.345588 -3673.087602 -3508.566177 -3376.052404 -3236.873963 -3079.042102 -2901.455734 -2713.722424 -2530.414844 -2360.763044 -2188.314098 -1522.933586 -1362.436891 -1319.424923 -1311.182233 -1309.806258 -1309.598206 -1309.567490 -1309.563489 -1309.563739 -1309.564577 -1309.565349 -1309.565963 -1309.566435 -1309.566800 -1309.567087 -1309.567315 -1309.567502 -1309.567659 -1309.567800 -1309.567938 -1309.568090 -1309.568279 -1309.568537 -1309.568915 -1309.569492 -1309.570396 -1309.571840 -1309.574187 -1309.578073 -1309.584658 -1309.596119 -1309.616673 -1309.654670 -1309.726969 -1309.868530 -1310.155342 -1310.765319 -1312.149438 -1315.515099 -1324.268883 -1349.669911 -9999.0 -9999.0
-9999.0 -9999.0 979.249247 883.321373 787.116698 690.415903 593.436818 496.331849 399.186136 302.045992 204.937282 107.874694 10.869415 -86.059972 -182.895713 -279.554242 -375.873623 -471.575517 -566.193708 -658.877737 -751.973372 -843.771103 -934.042430 -1022.592129 -1091.716420 -1149.080449 -1194.552324 -1229.104197 -1254.397620 -1272.337951 -1284.738877 -1293.138167 -1298.739874 -1302.434345 -1304.853148 -1306.433223 -1307.479866 -1308.248017 -1309.201923 -1312.272767 -1326.510820 -1402.022762 -1875.417382 -3948.124881 -3985.141705 -3985.142773 -3984.919842 -3982.283637 -3969.475394 -3929.881451 -3841.345589 -3673.087602 -3508.566177 -3376.052404 -3236.873963 -3079.042102 -2901.455734 -2713.722424 -2530.414844 -2360.763044 -2188.314098 -1522.933586 -1362.436891 -1319.424923 -1311.182233 -1309.806258 -1309.598206 -1309.567490 -1309.563489 -1309.563739 -1309.564577 -1309.565349 -1309.565963 -1309.566435 -1309.566800 -1309.567087 -1309.567315 -1309.567502 -1309.567659 -1309.567800 -1309.567938 -1309.568090 -1309.568279 -1309.568537 -1309.568915 -1309.569492 -1309.570396 -1309.571840 -1309.574187 -1309.578073 -1309.584658 -1309.596119 -1309.616673 -1309.654670 -1309.726969 -1309.868530 -1310.155342 -1310.765319 -1312.149438 -1315.515099 -1324.268883 -1349.669911 -9999.0 -9999.0
-9999.0 -9999.0 979.247985 883.320693 787.116409 690.415792 593.436777 496.331834 399.186131 302.045990 204.937281 107.874694 10.869415 -86.059972 -182.895713 -279.554242 -375.873623 -471.575517 -566.193707 -658.877737 -751.973372 -843.771103 -934.042430 -1022.592129 -1091.716419 -1149.080449 -1194.552324 -1229.104196 -1254.397619 -1272.337951 -1284.738877 -1293.138167 -1298.739874 -1302.434345 -1304.853148 -1306.433223 -1307.479866 -1308.248017 -1309.201923 -1312.272767 -1326.510820 -1402.022762 -1875.417382 -3948.124881 -3985.141705 -3985.142773 -3984.919842 -3982.283637 -3969.475394 -3929.881451 -3841.345589 -3673.087603 -3508.566177 -3376.052404 -3236.873963 -3079.042102 -2901.455735 -2713.722424 -2530.414845 -2360.763044 -2188.314098 -1522.933586 -1362.436891 -1319.424923 -1311.182233 -1309.806258 -1309.598206 -1309.567490 -1309.563489 -1309.563739 -1309.564577 -1309.565349 -1309.565963 -1309.566435 -1309.566800 -1309.567087 -1309.567315 -1309.567502 -1309.567659 -1309.567800 -1309.567938 -1309.568090 -1309.568279 -1309.568537 -1309.568915 -1309.569492 -1309.570396 -1309.571840 -1309.574187 -1309.578073 -1309.584658 -1309.596119 -1309.616673 -1309.654670 -1309.726969 -1309.868530 -1310.155342 -1310.765319 -1312.149438 -1315.515099 -1324.268883 -1349.669911 -9999.0 -9999.0
-9999.0 -9999.0 979.244746 883.319438 787.115994 690.415655 593.436731 496.331818 399.186125 302.045988 204.937280 107.874693 10.869415 -86.059972 -182.895713 -279.554241 -375.873623 -471.575517 -566.193707 -658.877737 -751.973372 -843.771103 -934.042429 -1022.592128 -1091.716419 -1149.080448 -1194.552324 -1229.104196 -1254.397619 -1272.337951 -1284.738877 -1293.138167 -1298.739874 -1302.434345 -1304.853148 -1306.433223 -1307.479866 -1308.248017 -1309.201923 -1312.272767 -1326.510820 -1402.022762 -1875.417383 -3948.124881 -3985.141705 -3985.142773 -3984.919842 -3982.283637 -3969.475394 -3929.881452 -3841.345591 -3673.087604 -3508.566178 -3376.052405 -3236.873964 -3079.042103 -2901.455735 -2713.722425 -2530.414845 -2360.763045 -2188.314099 -1522.933586 -1362.436891 -1319.424923 -1311.182233 -1309.806258 -1309.598206 -1309.567490 -1309.563489 -1309.563739 -1309.564577 -1309.565349 -1309.565963 -1309.566435 -1309.566800 -1309.567087 -1309.567315 -1309.567502 -1309.567659 -1309.567800 -1309.567938 -1309.568090 -1309.568279 -1309.568537 -1309.568915 -1309.569492 -1309.570396 -1309.571840 -1309.574187 -1309.578073 -1309.584658 -1309.596119 -1309.616673 -1309.654670 -1309.726969 -1309.868530 -1310.155342 -1310.765319 -1312.149438 -1315.515099 -1324.268883 -1349.669911 -9999.0 -9999.0
-9999.0 -9999.0 -9999.0 -9999.0 -9999.0 -9999.0 -9999.0 -9999.0 -9999.0 -9999.0 -9999.0 -9999.0 -9999.0 -9999.0 -9999.0 -9999.0 -9999.0 -9999.0 -9999.0 -9999.0 -9999.0 -9999.0 -9999.0 -9999.0 -9999.0 -9999.0 -9999.0 -9999.0 -9999.0 -9999.0 -9999.0 -9999.0 -9999.0 -9999.0 -9999.0 -9999.0 -9999.0 -9999.0 -9999.0 -9999.0 -9999.0 -9999.0 -9999.0 -9999.0 -9999.0 -9999.0 -9999.0 -9999.0 -9999.0 -9999.0 -9999.0 -9999.0 -9999.0 -9999.0 -9999.0 -9999.0 -9999.0 -9999.0 -9999.0 -9999.0 -9999.0 -9999.0 -9999.0 -9999.0 -9999.0 -9999.0 -9999.0 -9999.0 -9999.0 -9999.0 -9999.0 -9999.0 -9999.0 -9999.0 -9999.0 -9999.0 -9999.0 -9999.0 -9999.0 -9999.0 -9999.0 -9999.0 -9999.0 -9999.0 -9999.0 -9999.0 -9999.0 -9999.0 -9999.0 -9999.0 -9999.0 -9999.0 -9999.0 -9999.0 -9999.0 -9999.0 -9999.0 -9999.0 -9999.0 -9999.0 -9999.0 -9999.0 -9999.0 -9999.0
-9999.0 -9999.0 -9999.0 -9999.0 -9999.0 -9999.0 -9999.0 -9999.0 -9999.0 -9999.0 -9999.0 -9999.0 -9999.0 -9999.0 -9999.0 -9999.0 -9999.0 -9999.0 -9999.0 -9999.0 -9999.0 -9999.0 -9999.0 -9999.0 -9999.0 -9999.0 -9999.0 -9999.0 -9999.0 -9999.0 -9999.0 -9999.0 -9999.0 -9999.0 -9999.0 -9999.0 -9999.0 -9999.0 -9999.0 -9999.0 -9999.0 -9999.0 -9999.0 -9999.0 -9999.0 -9999.0 -9999.0 -9999.0 -9999.0 -9999.0 -9999.0 -9999.0 -9999.0 -9999.0 -9999.0 -9999.0 -9999.0 -9999.0 -9999.0 -9999.0 -9999.0 -9999.0 -9999.0 -9999.0 -9999.0 -9999.0 -9999.0 -9999.0 -9999.0 -9999.0 -9999.0 -9999.0 -9999.0 -9999.0 -9999.0 -9999.0 -9999.0 -9999.0 -9999.0 -9999.0 -9999.0 -9999.0 -9999.0 -9999.0 -9999.0 -9999.0 -9999.0 -9999.0 -9999.0 -9999.0 -9999.0 -9999.0 -9999.0 -9999.0 -9999.0 -9999.0 -9999.0 -9999.0 -9999.0 -9999.0 -9999.0 -9999.0 -9999.0 -9999.0