inst/processing_geotop_simulation/geotop_simulation/out/maps3D/PwL0002N0387.asc
ncols         104
nrows         10
xllcorner     -2.000000
yllcorner     0.000000
cellsize      1.000000
NODATA_value  -9999.0
-9999.0 -9999.0 -9999.0 -9999.0 -9999.0 -9999.0 -9999.0 -9999.0 -9999.0 -9999.0 -9999.0 -9999.0 -9999.0 -9999.0 -9999.0 -9999.0 -9999.0 -9999.0 -9999.0 -9999.0 -9999.0 -9999.0 -9999.0 -9999.0 -9999.0 -9999.0 -9999.0 -9999.0 -9999.0 -9999.0 -9999.0 -9999.0 -9999.0 -9999.0 -9999.0 -9999.0 -9999.0 -9999.0 -9999.0 -9999.0 -9999.0 -9999.0 -9999.0 -9999.0 -9999.0 -9999.0 -9999.0 -9999.0 -9999.0 -9999.0 -9999.0 -9999.0 -9999.0 -9999.0 -9999.0 -9999.0 -9999.0 -9999.0 -9999.0 -9999.0 -9999.0 -9999.0 -9999.0 -9999.0 -9999.0 -9999.0 -9999.0 -9999.0 -9999.0 -9999.0 -9999.0 -9999.0 -9999.0 -9999.0 -9999.0 -9999.0 -9999.0 -9999.0 -9999.0 -9999.0 -9999.0 -9999.0 -9999.0 -9999.0 -9999.0 -9999.0 -9999.0 -9999.0 -9999.0 -9999.0 -9999.0 -9999.0 -9999.0 -9999.0 -9999.0 -9999.0 -9999.0 -9999.0 -9999.0 -9999.0 -9999.0 -9999.0 -9999.0 -9999.0
-9999.0 -9999.0 -9999.0 -9999.0 -9999.0 -9999.0 -9999.0 -9999.0 -9999.0 -9999.0 -9999.0 -9999.0 -9999.0 -9999.0 -9999.0 -9999.0 -9999.0 -9999.0 -9999.0 -9999.0 -9999.0 -9999.0 -9999.0 -9999.0 -9999.0 -9999.0 -9999.0 -9999.0 -9999.0 -9999.0 -9999.0 -9999.0 -9999.0 -9999.0 -9999.0 -9999.0 -9999.0 -9999.0 -9999.0 -9999.0 -9999.0 -9999.0 -9999.0 -9999.0 -9999.0 -9999.0 -9999.0 -9999.0 -9999.0 -9999.0 -9999.0 -9999.0 -9999.0 -9999.0 -9999.0 -9999.0 -9999.0 -9999.0 -9999.0 -9999.0 -9999.0 -9999.0 -9999.0 -9999.0 -9999.0 -9999.0 -9999.0 -9999.0 -9999.0 -9999.0 -9999.0 -9999.0 -9999.0 -9999.0 -9999.0 -9999.0 -9999.0 -9999.0 -9999.0 -9999.0 -9999.0 -9999.0 -9999.0 -9999.0 -9999.0 -9999.0 -9999.0 -9999.0 -9999.0 -9999.0 -9999.0 -9999.0 -9999.0 -9999.0 -9999.0 -9999.0 -9999.0 -9999.0 -9999.0 -9999.0 -9999.0 -9999.0 -9999.0 -9999.0
-9999.0 -9999.0 75.831357 -21.606483 -120.376431 -219.464998 -318.670337 -417.917407 -517.167688 -616.393106 -715.539945 -814.585983 -913.499512 -1012.239653 -1110.934078 -1209.547478 -1307.769022 -1405.337814 -1501.773517 -1596.186893 -1686.923004 -1771.214187 -1845.761044 -1908.156365 -1957.789887 -1995.666230 -2023.670318 -2043.892214 -2058.235380 -2068.266938 -2075.204118 -2079.957630 -2083.190927 -2085.377584 -2086.850670 -2087.844165 -2088.533521 -2089.108585 -2089.996717 -2092.279307 -2094.015227 -2033.152539 -1244.264697 -1242.103342 -1231.762609 -1224.945363 -1221.737425 -1221.233095 -1221.178056 -1221.182915 -1221.196426 -1221.211004 -1221.225024 -1221.238013 -1221.250112 -1221.264560 -1221.311239 -1221.617823 -1223.342930 -1227.146609 -1232.245503 -1226.922955 -2009.139119 -2088.119057 -2090.837505 -2090.173101 -2089.964398 -2089.923822 -2089.917368 -2089.916824 -2089.917199 -2089.917635 -2089.917997 -2089.918279 -2089.918498 -2089.918670 -2089.918809 -2089.918922 -2089.919020 -2089.919108 -2089.919197 -2089.919295 -2089.919418 -2089.919586 -2089.919832 -2089.920206 -2089.920791 -2089.921727 -2089.923252 -2089.925791 -2089.930124 -2089.937731 -2089.951497 -2089.977170 -2090.026453 -2090.123934 -2090.323940 -2090.755381 -2091.751213 -2094.263973 -2101.417385 -2125.259948 -9999.0 -9999.0
-9999.0 -9999.0 75.841900 -21.604598 -120.375960 -219.464861 -318.670294 -417.917392 -517.167683 -616.393103 -715.539944 -814.585983 -913.499512 -1012.239653 -1110.934078 -1209.547478 -1307.769022 -1405.337814 -1501.773517 -1596.186893 -1686.923004 -1771.214187 -1845.761044 -1908.156365 -1957.789887 -1995.666230 -2023.670318 -2043.892214 -2058.235380 -2068.266938 -2075.204118 -2079.957630 -2083.190927 -2085.377584 -2086.850670 -2087.844165 -2088.533521 -2089.108585 -2089.996717 -2092.279307 -2094.015227 -2033.152539 -1244.264697 -1242.103342 -1231.762609 -1224.945362 -1221.737425 -1221.233095 -1221.178056 -1221.182915 -1221.196426 -1221.211004 -1221.225024 -1221.238013 -1221.250112 -1221.264560 -1221.311239 -1221.617823 -1223.342930 -1227.146609 -1232.245503 -1226.922955 -2009.139119 -2088.119057 -2090.837505 -2090.173101 -2089.964398 -2089.923822 -2089.917368 -2089.916824 -2089.917199 -2089.917635 -2089.917997 -2089.918279 -2089.918498 -2089.918670 -2089.918809 -2089.918922 -2089.919020 -2089.919108 -2089.919197 -2089.919295 -2089.919418 -2089.919586 -2089.919832 -2089.920206 -2089.920791 -2089.921727 -2089.923252 -2089.925791 -2089.930124 -2089.937731 -2089.951497 -2089.977170 -2090.026453 -2090.123934 -2090.323940 -2090.755381 -2091.751213 -2094.263973 -2101.417385 -2125.259948 -9999.0 -9999.0
-9999.0 -9999.0 75.843044 -21.603842 -120.375662 -219.464753 -318.670255 -417.917378 -517.167678 -616.393101 -715.539944 -814.585982 -913.499511 -1012.239653 -1110.934078 -1209.547478 -1307.769022 -1405.337814 -1501.773517 -1596.186893 -1686.923004 -1771.214187 -1845.761044 -1908.156365 -1957.789887 -1995.666230 -2023.670318 -2043.892214 -2058.235380 -2068.266938 -2075.204118 -2079.957630 -2083.190927 -2085.377584 -2086.850670 -2087.844165 -2088.533521 -2089.108585 -2089.996717 -2092.279307 -2094.015227 -2033.152539 -1244.264697 -1242.103342 -1231.762609 -1224.945362 -1221.737425 -1221.233095 -1221.178056 -1221.182915 -1221.196426 -1221.211004 -1221.225024 -1221.238013 -1221.250112 -1221.264560 -1221.311239 -1221.617823 -1223.342930 -1227.146609 -1232.245503 -1226.922955 -2009.139119 -2088.119057 -2090.837505 -2090.173101 -2089.964398 -2089.923822 -2089.917368 -2089.916824 -2089.917199 -2089.917635 -2089.917997 -2089.918279 -2089.918498 -2089.918670 -2089.918809 -2089.918922 -2089.919020 -2089.919108 -2089.919197 -2089.919295 -2089.919418 -2089.919586 -2089.919832 -2089.920206 -2089.920791 -2089.921727 -2089.923252 -2089.925791 -2089.930124 -2089.937731 -2089.951497 -2089.977170 -2090.026453 -2090.123934 -2090.323940 -2090.755381 -2091.751213 -2094.263973 -2101.417385 -2125.259948 -9999.0 -9999.0
-9999.0 -9999.0 75.843044 -21.603842 -120.375663 -219.464753 -318.670255 -417.917379 -517.167678 -616.393101 -715.539943 -814.585982 -913.499511 -1012.239653 -1110.934078 -1209.547478 -1307.769022 -1405.337815 -1501.773517 -1596.186893 -1686.923004 -1771.214187 -1845.761044 -1908.156365 -1957.789887 -1995.666230 -2023.670318 -2043.892214 -2058.235380 -2068.266938 -2075.204118 -2079.957630 -2083.190927 -2085.377584 -2086.850670 -2087.844165 -2088.533521 -2089.108585 -2089.996717 -2092.279307 -2094.015227 -2033.152539 -1244.264697 -1242.103342 -1231.762609 -1224.945362 -1221.737425 -1221.233095 -1221.178056 -1221.182915 -1221.196426 -1221.211004 -1221.225024 -1221.238013 -1221.250112 -1221.264560 -1221.311239 -1221.617823 -1223.342930 -1227.146609 -1232.245503 -1226.922955 -2009.139119 -2088.119057 -2090.837505 -2090.173101 -2089.964398 -2089.923822 -2089.917368 -2089.916824 -2089.917199 -2089.917635 -2089.917997 -2089.918279 -2089.918498 -2089.918670 -2089.918809 -2089.918922 -2089.919020 -2089.919108 -2089.919197 -2089.919295 -2089.919418 -2089.919586 -2089.919832 -2089.920206 -2089.920791 -2089.921727 -2089.923252 -2089.925791 -2089.930124 -2089.937731 -2089.951497 -2089.977170 -2090.026453 -2090.123934 -2090.323940 -2090.755381 -2091.751213 -2094.263973 -2101.417385 -2125.259948 -9999.0 -9999.0
-9999.0 -9999.0 75.841900 -21.604598 -120.375960 -219.464861 -318.670294 -417.917392 -517.167683 -616.393103 -715.539944 -814.585983 -913.499512 -1012.239653 -1110.934078 -1209.547478 -1307.769022 -1405.337814 -1501.773517 -1596.186893 -1686.923004 -1771.214187 -1845.761044 -1908.156365 -1957.789887 -1995.666230 -2023.670318 -2043.892214 -2058.235380 -2068.266938 -2075.204118 -2079.957630 -2083.190927 -2085.377584 -2086.850670 -2087.844165 -2088.533521 -2089.108585 -2089.996717 -2092.279307 -2094.015227 -2033.152539 -1244.264697 -1242.103342 -1231.762609 -1224.945362 -1221.737425 -1221.233095 -1221.178056 -1221.182915 -1221.196426 -1221.211004 -1221.225024 -1221.238013 -1221.250112 -1221.264560 -1221.311239 -1221.617823 -1223.342930 -1227.146609 -1232.245503 -1226.922955 -2009.139119 -2088.119057 -2090.837505 -2090.173101 -2089.964398 -2089.923822 -2089.917368 -2089.916824 -2089.917199 -2089.917635 -2089.917997 -2089.918279 -2089.918498 -2089.918670 -2089.918809 -2089.918922 -2089.919020 -2089.919108 -2089.919197 -2089.919295 -2089.919418 -2089.919586 -2089.919832 -2089.920206 -2089.920791 -2089.921727 -2089.923252 -2089.925791 -2089.930124 -2089.937731 -2089.951497 -2089.977170 -2090.026453 -2090.123934 -2090.323940 -2090.755381 -2091.751213 -2094.263973 -2101.417385 -2125.259948 -9999.0 -9999.0
-9999.0 -9999.0 75.831357 -21.606483 -120.376431 -219.464998 -318.670337 -417.917407 -517.167688 -616.393106 -715.539945 -814.585983 -913.499512 -1012.239653 -1110.934078 -1209.547478 -1307.769022 -1405.337814 -1501.773517 -1596.186893 -1686.923004 -1771.214187 -1845.761044 -1908.156365 -1957.789887 -1995.666230 -2023.670318 -2043.892214 -2058.235380 -2068.266938 -2075.204118 -2079.957630 -2083.190927 -2085.377584 -2086.850670 -2087.844165 -2088.533521 -2089.108585 -2089.996717 -2092.279307 -2094.015227 -2033.152539 -1244.264697 -1242.103342 -1231.762609 -1224.945363 -1221.737425 -1221.233095 -1221.178056 -1221.182915 -1221.196426 -1221.211004 -1221.225024 -1221.238013 -1221.250112 -1221.264560 -1221.311239 -1221.617823 -1223.342930 -1227.146609 -1232.245503 -1226.922955 -2009.139119 -2088.119057 -2090.837505 -2090.173101 -2089.964398 -2089.923822 -2089.917368 -2089.916824 -2089.917199 -2089.917635 -2089.917997 -2089.918279 -2089.918498 -2089.918670 -2089.918809 -2089.918922 -2089.919020 -2089.919108 -2089.919197 -2089.919295 -2089.919418 -2089.919586 -2089.919832 -2089.920206 -2089.920791 -2089.921727 -2089.923252 -2089.925791 -2089.930124 -2089.937731 -2089.951497 -2089.977170 -2090.026453 -2090.123934 -2090.323940 -2090.755381 -2091.751213 -2094.263973 -2101.417385 -2125.259948 -9999.0 -9999.0
-9999.0 -9999.0 -9999.0 -9999.0 -9999.0 -9999.0 -9999.0 -9999.0 -9999.0 -9999.0 -9999.0 -9999.0 -9999.0 -9999.0 -9999.0 -9999.0 -9999.0 -9999.0 -9999.0 -9999.0 -9999.0 -9999.0 -9999.0 -9999.0 -9999.0 -9999.0 -9999.0 -9999.0 -9999.0 -9999.0 -9999.0 -9999.0 -9999.0 -9999.0 -9999.0 -9999.0 -9999.0 -9999.0 -9999.0 -9999.0 -9999.0 -9999.0 -9999.0 -9999.0 -9999.0 -9999.0 -9999.0 -9999.0 -9999.0 -9999.0 -9999.0 -9999.0 -9999.0 -9999.0 -9999.0 -9999.0 -9999.0 -9999.0 -9999.0 -9999.0 -9999.0 -9999.0 -9999.0 -9999.0 -9999.0 -9999.0 -9999.0 -9999.0 -9999.0 -9999.0 -9999.0 -9999.0 -9999.0 -9999.0 -9999.0 -9999.0 -9999.0 -9999.0 -9999.0 -9999.0 -9999.0 -9999.0 -9999.0 -9999.0 -9999.0 -9999.0 -9999.0 -9999.0 -9999.0 -9999.0 -9999.0 -9999.0 -9999.0 -9999.0 -9999.0 -9999.0 -9999.0 -9999.0 -9999.0 -9999.0 -9999.0 -9999.0 -9999.0 -9999.0
-9999.0 -9999.0 -9999.0 -9999.0 -9999.0 -9999.0 -9999.0 -9999.0 -9999.0 -9999.0 -9999.0 -9999.0 -9999.0 -9999.0 -9999.0 -9999.0 -9999.0 -9999.0 -9999.0 -9999.0 -9999.0 -9999.0 -9999.0 -9999.0 -9999.0 -9999.0 -9999.0 -9999.0 -9999.0 -9999.0 -9999.0 -9999.0 -9999.0 -9999.0 -9999.0 -9999.0 -9999.0 -9999.0 -9999.0 -9999.0 -9999.0 -9999.0 -9999.0 -9999.0 -9999.0 -9999.0 -9999.0 -9999.0 -9999.0 -9999.0 -9999.0 -9999.0 -9999.0 -9999.0 -9999.0 -9999.0 -9999.0 -9999.0 -9999.0 -9999.0 -9999.0 -9999.0 -9999.0 -9999.0 -9999.0 -9999.0 -9999.0 -9999.0 -9999.0 -9999.0 -9999.0 -9999.0 -9999.0 -9999.0 -9999.0 -9999.0 -9999.0 -9999.0 -9999.0 -9999.0 -9999.0 -9999.0 -9999.0 -9999.0 -9999.0 -9999.0 -9999.0 -9999.0 -9999.0 -9999.0 -9999.0 -9999.0 -9999.0 -9999.0 -9999.0 -9999.0 -9999.0 -9999.0 -9999.0 -9999.0 -9999.0 -9999.0 -9999.0 -9999.0