inst/processing_geotop_simulation/geotop_simulation/out/maps3D/PwL0005N0130.asc
ncols         104
nrows         10
xllcorner     -2.000000
yllcorner     0.000000
cellsize      1.000000
NODATA_value  -9999.0
-9999.0 -9999.0 -9999.0 -9999.0 -9999.0 -9999.0 -9999.0 -9999.0 -9999.0 -9999.0 -9999.0 -9999.0 -9999.0 -9999.0 -9999.0 -9999.0 -9999.0 -9999.0 -9999.0 -9999.0 -9999.0 -9999.0 -9999.0 -9999.0 -9999.0 -9999.0 -9999.0 -9999.0 -9999.0 -9999.0 -9999.0 -9999.0 -9999.0 -9999.0 -9999.0 -9999.0 -9999.0 -9999.0 -9999.0 -9999.0 -9999.0 -9999.0 -9999.0 -9999.0 -9999.0 -9999.0 -9999.0 -9999.0 -9999.0 -9999.0 -9999.0 -9999.0 -9999.0 -9999.0 -9999.0 -9999.0 -9999.0 -9999.0 -9999.0 -9999.0 -9999.0 -9999.0 -9999.0 -9999.0 -9999.0 -9999.0 -9999.0 -9999.0 -9999.0 -9999.0 -9999.0 -9999.0 -9999.0 -9999.0 -9999.0 -9999.0 -9999.0 -9999.0 -9999.0 -9999.0 -9999.0 -9999.0 -9999.0 -9999.0 -9999.0 -9999.0 -9999.0 -9999.0 -9999.0 -9999.0 -9999.0 -9999.0 -9999.0 -9999.0 -9999.0 -9999.0 -9999.0 -9999.0 -9999.0 -9999.0 -9999.0 -9999.0 -9999.0 -9999.0
-9999.0 -9999.0 -9999.0 -9999.0 -9999.0 -9999.0 -9999.0 -9999.0 -9999.0 -9999.0 -9999.0 -9999.0 -9999.0 -9999.0 -9999.0 -9999.0 -9999.0 -9999.0 -9999.0 -9999.0 -9999.0 -9999.0 -9999.0 -9999.0 -9999.0 -9999.0 -9999.0 -9999.0 -9999.0 -9999.0 -9999.0 -9999.0 -9999.0 -9999.0 -9999.0 -9999.0 -9999.0 -9999.0 -9999.0 -9999.0 -9999.0 -9999.0 -9999.0 -9999.0 -9999.0 -9999.0 -9999.0 -9999.0 -9999.0 -9999.0 -9999.0 -9999.0 -9999.0 -9999.0 -9999.0 -9999.0 -9999.0 -9999.0 -9999.0 -9999.0 -9999.0 -9999.0 -9999.0 -9999.0 -9999.0 -9999.0 -9999.0 -9999.0 -9999.0 -9999.0 -9999.0 -9999.0 -9999.0 -9999.0 -9999.0 -9999.0 -9999.0 -9999.0 -9999.0 -9999.0 -9999.0 -9999.0 -9999.0 -9999.0 -9999.0 -9999.0 -9999.0 -9999.0 -9999.0 -9999.0 -9999.0 -9999.0 -9999.0 -9999.0 -9999.0 -9999.0 -9999.0 -9999.0 -9999.0 -9999.0 -9999.0 -9999.0 -9999.0 -9999.0
-9999.0 -9999.0 236.054615 150.308780 58.304115 -35.655749 -130.372386 -225.395725 -320.477098 -415.452320 -510.146815 -604.321976 -698.604874 -794.951960 -892.456200 -988.484511 -1084.073923 -1183.216939 -1275.148960 -1344.587365 -1387.377612 -1412.135441 -1425.666894 -1433.039500 -1437.365585 -1440.292312 -1442.563946 -1444.448096 -1446.012645 -1447.274033 -1448.254480 -1448.990913 -1449.528177 -1449.910511 -1450.176547 -1450.359323 -1450.492965 -1450.626070 -1450.881203 -1452.121767 -1459.674724 -1484.306395 -1009.031343 -1022.652978 -1003.200367 -991.209053 -985.629718 -984.872108 -984.795860 -984.807394 -984.832067 -984.858349 -984.883575 -984.906914 -984.928427 -984.952066 -985.016920 -985.456119 -988.374210 -995.003984 -1005.663881 -978.942487 -1463.135703 -1456.024167 -1451.649472 -1450.947466 -1450.840631 -1450.823182 -1450.821468 -1450.822631 -1450.824070 -1450.825276 -1450.826203 -1450.826904 -1450.827439 -1450.827853 -1450.828180 -1450.828443 -1450.828661 -1450.828853 -1450.829040 -1450.829245 -1450.829501 -1450.829856 -1450.830380 -1450.831183 -1450.832444 -1450.834457 -1450.837714 -1450.843070 -1450.852055 -1450.867503 -1450.894837 -1450.944682 -1451.038153 -1451.217518 -1451.568254 -1452.268874 -1453.718849 -1456.900597 -1464.523018 -1486.297879 -9999.0 -9999.0
-9999.0 -9999.0 236.064924 150.311052 58.304703 -35.655577 -130.372332 -225.395707 -320.477092 -415.452317 -510.146815 -604.321976 -698.604874 -794.951960 -892.456200 -988.484511 -1084.073923 -1183.216939 -1275.148960 -1344.587365 -1387.377612 -1412.135441 -1425.666894 -1433.039500 -1437.365585 -1440.292312 -1442.563946 -1444.448096 -1446.012645 -1447.274033 -1448.254480 -1448.990913 -1449.528177 -1449.910511 -1450.176547 -1450.359323 -1450.492965 -1450.626070 -1450.881203 -1452.121767 -1459.674724 -1484.306395 -1009.031343 -1022.652978 -1003.200367 -991.209053 -985.629718 -984.872108 -984.795860 -984.807394 -984.832067 -984.858349 -984.883575 -984.906914 -984.928427 -984.952066 -985.016920 -985.456119 -988.374210 -995.003984 -1005.663881 -978.942487 -1463.135703 -1456.024167 -1451.649472 -1450.947466 -1450.840631 -1450.823182 -1450.821468 -1450.822631 -1450.824070 -1450.825276 -1450.826203 -1450.826904 -1450.827439 -1450.827853 -1450.828180 -1450.828443 -1450.828661 -1450.828853 -1450.829040 -1450.829245 -1450.829501 -1450.829856 -1450.830380 -1450.831183 -1450.832444 -1450.834457 -1450.837714 -1450.843070 -1450.852055 -1450.867503 -1450.894837 -1450.944682 -1451.038153 -1451.217518 -1451.568254 -1452.268874 -1453.718849 -1456.900597 -1464.523018 -1486.297879 -9999.0 -9999.0
-9999.0 -9999.0 236.066544 150.311982 58.305074 -35.655442 -130.372284 -225.395690 -320.477086 -415.452315 -510.146814 -604.321976 -698.604873 -794.951960 -892.456200 -988.484511 -1084.073923 -1183.216940 -1275.148960 -1344.587365 -1387.377612 -1412.135441 -1425.666894 -1433.039500 -1437.365585 -1440.292312 -1442.563946 -1444.448096 -1446.012645 -1447.274033 -1448.254480 -1448.990913 -1449.528177 -1449.910511 -1450.176547 -1450.359323 -1450.492965 -1450.626070 -1450.881203 -1452.121767 -1459.674724 -1484.306395 -1009.031343 -1022.652978 -1003.200367 -991.209052 -985.629718 -984.872108 -984.795860 -984.807394 -984.832067 -984.858349 -984.883575 -984.906914 -984.928427 -984.952066 -985.016920 -985.456119 -988.374210 -995.003984 -1005.663881 -978.942487 -1463.135703 -1456.024167 -1451.649472 -1450.947466 -1450.840631 -1450.823182 -1450.821468 -1450.822631 -1450.824070 -1450.825276 -1450.826203 -1450.826904 -1450.827439 -1450.827853 -1450.828180 -1450.828443 -1450.828661 -1450.828853 -1450.829040 -1450.829245 -1450.829501 -1450.829856 -1450.830380 -1450.831183 -1450.832444 -1450.834457 -1450.837714 -1450.843070 -1450.852055 -1450.867503 -1450.894837 -1450.944682 -1451.038153 -1451.217518 -1451.568254 -1452.268874 -1453.718849 -1456.900597 -1464.523018 -1486.297879 -9999.0 -9999.0
-9999.0 -9999.0 236.066544 150.311982 58.305074 -35.655442 -130.372284 -225.395690 -320.477086 -415.452315 -510.146814 -604.321976 -698.604873 -794.951960 -892.456200 -988.484511 -1084.073923 -1183.216940 -1275.148960 -1344.587365 -1387.377612 -1412.135441 -1425.666894 -1433.039500 -1437.365585 -1440.292312 -1442.563946 -1444.448096 -1446.012645 -1447.274033 -1448.254480 -1448.990913 -1449.528177 -1449.910511 -1450.176547 -1450.359323 -1450.492965 -1450.626070 -1450.881203 -1452.121767 -1459.674724 -1484.306395 -1009.031343 -1022.652978 -1003.200367 -991.209052 -985.629718 -984.872108 -984.795860 -984.807394 -984.832067 -984.858349 -984.883575 -984.906914 -984.928427 -984.952066 -985.016920 -985.456119 -988.374210 -995.003984 -1005.663881 -978.942487 -1463.135703 -1456.024167 -1451.649472 -1450.947466 -1450.840631 -1450.823182 -1450.821468 -1450.822631 -1450.824070 -1450.825276 -1450.826203 -1450.826904 -1450.827439 -1450.827853 -1450.828180 -1450.828443 -1450.828661 -1450.828853 -1450.829040 -1450.829245 -1450.829501 -1450.829856 -1450.830380 -1450.831183 -1450.832444 -1450.834457 -1450.837714 -1450.843070 -1450.852055 -1450.867503 -1450.894837 -1450.944682 -1451.038153 -1451.217518 -1451.568254 -1452.268874 -1453.718849 -1456.900597 -1464.523018 -1486.297879 -9999.0 -9999.0
-9999.0 -9999.0 236.064924 150.311052 58.304703 -35.655577 -130.372332 -225.395707 -320.477091 -415.452317 -510.146815 -604.321976 -698.604873 -794.951960 -892.456200 -988.484511 -1084.073923 -1183.216939 -1275.148960 -1344.587365 -1387.377612 -1412.135441 -1425.666894 -1433.039500 -1437.365585 -1440.292312 -1442.563946 -1444.448096 -1446.012645 -1447.274033 -1448.254480 -1448.990913 -1449.528177 -1449.910511 -1450.176547 -1450.359323 -1450.492965 -1450.626070 -1450.881203 -1452.121767 -1459.674724 -1484.306395 -1009.031343 -1022.652978 -1003.200367 -991.209053 -985.629718 -984.872108 -984.795860 -984.807394 -984.832067 -984.858349 -984.883575 -984.906914 -984.928427 -984.952066 -985.016920 -985.456119 -988.374210 -995.003984 -1005.663881 -978.942487 -1463.135703 -1456.024167 -1451.649472 -1450.947466 -1450.840631 -1450.823182 -1450.821468 -1450.822631 -1450.824070 -1450.825276 -1450.826203 -1450.826904 -1450.827439 -1450.827853 -1450.828180 -1450.828443 -1450.828661 -1450.828853 -1450.829040 -1450.829245 -1450.829501 -1450.829856 -1450.830380 -1450.831183 -1450.832444 -1450.834457 -1450.837714 -1450.843070 -1450.852055 -1450.867503 -1450.894837 -1450.944682 -1451.038153 -1451.217518 -1451.568254 -1452.268874 -1453.718849 -1456.900597 -1464.523018 -1486.297879 -9999.0 -9999.0
-9999.0 -9999.0 236.054615 150.308780 58.304115 -35.655748 -130.372386 -225.395725 -320.477098 -415.452320 -510.146816 -604.321976 -698.604874 -794.951960 -892.456200 -988.484511 -1084.073923 -1183.216939 -1275.148960 -1344.587365 -1387.377612 -1412.135441 -1425.666894 -1433.039500 -1437.365585 -1440.292312 -1442.563946 -1444.448096 -1446.012645 -1447.274033 -1448.254480 -1448.990913 -1449.528177 -1449.910511 -1450.176547 -1450.359323 -1450.492965 -1450.626070 -1450.881203 -1452.121767 -1459.674724 -1484.306395 -1009.031343 -1022.652978 -1003.200367 -991.209053 -985.629718 -984.872108 -984.795860 -984.807394 -984.832067 -984.858349 -984.883575 -984.906914 -984.928427 -984.952066 -985.016920 -985.456119 -988.374210 -995.003984 -1005.663881 -978.942487 -1463.135703 -1456.024167 -1451.649472 -1450.947466 -1450.840631 -1450.823182 -1450.821468 -1450.822631 -1450.824070 -1450.825276 -1450.826203 -1450.826904 -1450.827439 -1450.827853 -1450.828180 -1450.828443 -1450.828661 -1450.828853 -1450.829040 -1450.829245 -1450.829501 -1450.829856 -1450.830380 -1450.831183 -1450.832444 -1450.834457 -1450.837714 -1450.843070 -1450.852055 -1450.867503 -1450.894837 -1450.944682 -1451.038153 -1451.217518 -1451.568254 -1452.268874 -1453.718849 -1456.900597 -1464.523018 -1486.297879 -9999.0 -9999.0
-9999.0 -9999.0 -9999.0 -9999.0 -9999.0 -9999.0 -9999.0 -9999.0 -9999.0 -9999.0 -9999.0 -9999.0 -9999.0 -9999.0 -9999.0 -9999.0 -9999.0 -9999.0 -9999.0 -9999.0 -9999.0 -9999.0 -9999.0 -9999.0 -9999.0 -9999.0 -9999.0 -9999.0 -9999.0 -9999.0 -9999.0 -9999.0 -9999.0 -9999.0 -9999.0 -9999.0 -9999.0 -9999.0 -9999.0 -9999.0 -9999.0 -9999.0 -9999.0 -9999.0 -9999.0 -9999.0 -9999.0 -9999.0 -9999.0 -9999.0 -9999.0 -9999.0 -9999.0 -9999.0 -9999.0 -9999.0 -9999.0 -9999.0 -9999.0 -9999.0 -9999.0 -9999.0 -9999.0 -9999.0 -9999.0 -9999.0 -9999.0 -9999.0 -9999.0 -9999.0 -9999.0 -9999.0 -9999.0 -9999.0 -9999.0 -9999.0 -9999.0 -9999.0 -9999.0 -9999.0 -9999.0 -9999.0 -9999.0 -9999.0 -9999.0 -9999.0 -9999.0 -9999.0 -9999.0 -9999.0 -9999.0 -9999.0 -9999.0 -9999.0 -9999.0 -9999.0 -9999.0 -9999.0 -9999.0 -9999.0 -9999.0 -9999.0 -9999.0 -9999.0
-9999.0 -9999.0 -9999.0 -9999.0 -9999.0 -9999.0 -9999.0 -9999.0 -9999.0 -9999.0 -9999.0 -9999.0 -9999.0 -9999.0 -9999.0 -9999.0 -9999.0 -9999.0 -9999.0 -9999.0 -9999.0 -9999.0 -9999.0 -9999.0 -9999.0 -9999.0 -9999.0 -9999.0 -9999.0 -9999.0 -9999.0 -9999.0 -9999.0 -9999.0 -9999.0 -9999.0 -9999.0 -9999.0 -9999.0 -9999.0 -9999.0 -9999.0 -9999.0 -9999.0 -9999.0 -9999.0 -9999.0 -9999.0 -9999.0 -9999.0 -9999.0 -9999.0 -9999.0 -9999.0 -9999.0 -9999.0 -9999.0 -9999.0 -9999.0 -9999.0 -9999.0 -9999.0 -9999.0 -9999.0 -9999.0 -9999.0 -9999.0 -9999.0 -9999.0 -9999.0 -9999.0 -9999.0 -9999.0 -9999.0 -9999.0 -9999.0 -9999.0 -9999.0 -9999.0 -9999.0 -9999.0 -9999.0 -9999.0 -9999.0 -9999.0 -9999.0 -9999.0 -9999.0 -9999.0 -9999.0 -9999.0 -9999.0 -9999.0 -9999.0 -9999.0 -9999.0 -9999.0 -9999.0 -9999.0 -9999.0 -9999.0 -9999.0 -9999.0 -9999.0