inst/processing_geotop_simulation/geotop_simulation/out/maps3D/PwL0020N0019.asc
ncols         104
nrows         10
xllcorner     -2.000000
yllcorner     0.000000
cellsize      1.000000
NODATA_value  -9999.0
-9999.0 -9999.0 -9999.0 -9999.0 -9999.0 -9999.0 -9999.0 -9999.0 -9999.0 -9999.0 -9999.0 -9999.0 -9999.0 -9999.0 -9999.0 -9999.0 -9999.0 -9999.0 -9999.0 -9999.0 -9999.0 -9999.0 -9999.0 -9999.0 -9999.0 -9999.0 -9999.0 -9999.0 -9999.0 -9999.0 -9999.0 -9999.0 -9999.0 -9999.0 -9999.0 -9999.0 -9999.0 -9999.0 -9999.0 -9999.0 -9999.0 -9999.0 -9999.0 -9999.0 -9999.0 -9999.0 -9999.0 -9999.0 -9999.0 -9999.0 -9999.0 -9999.0 -9999.0 -9999.0 -9999.0 -9999.0 -9999.0 -9999.0 -9999.0 -9999.0 -9999.0 -9999.0 -9999.0 -9999.0 -9999.0 -9999.0 -9999.0 -9999.0 -9999.0 -9999.0 -9999.0 -9999.0 -9999.0 -9999.0 -9999.0 -9999.0 -9999.0 -9999.0 -9999.0 -9999.0 -9999.0 -9999.0 -9999.0 -9999.0 -9999.0 -9999.0 -9999.0 -9999.0 -9999.0 -9999.0 -9999.0 -9999.0 -9999.0 -9999.0 -9999.0 -9999.0 -9999.0 -9999.0 -9999.0 -9999.0 -9999.0 -9999.0 -9999.0 -9999.0
-9999.0 -9999.0 -9999.0 -9999.0 -9999.0 -9999.0 -9999.0 -9999.0 -9999.0 -9999.0 -9999.0 -9999.0 -9999.0 -9999.0 -9999.0 -9999.0 -9999.0 -9999.0 -9999.0 -9999.0 -9999.0 -9999.0 -9999.0 -9999.0 -9999.0 -9999.0 -9999.0 -9999.0 -9999.0 -9999.0 -9999.0 -9999.0 -9999.0 -9999.0 -9999.0 -9999.0 -9999.0 -9999.0 -9999.0 -9999.0 -9999.0 -9999.0 -9999.0 -9999.0 -9999.0 -9999.0 -9999.0 -9999.0 -9999.0 -9999.0 -9999.0 -9999.0 -9999.0 -9999.0 -9999.0 -9999.0 -9999.0 -9999.0 -9999.0 -9999.0 -9999.0 -9999.0 -9999.0 -9999.0 -9999.0 -9999.0 -9999.0 -9999.0 -9999.0 -9999.0 -9999.0 -9999.0 -9999.0 -9999.0 -9999.0 -9999.0 -9999.0 -9999.0 -9999.0 -9999.0 -9999.0 -9999.0 -9999.0 -9999.0 -9999.0 -9999.0 -9999.0 -9999.0 -9999.0 -9999.0 -9999.0 -9999.0 -9999.0 -9999.0 -9999.0 -9999.0 -9999.0 -9999.0 -9999.0 -9999.0 -9999.0 -9999.0 -9999.0 -9999.0
-9999.0 -9999.0 962.604064 865.251113 768.293943 669.632451 568.231983 464.185892 357.475980 246.782771 127.856335 9.784615 -104.596360 -208.778742 -287.889853 -328.543934 -343.821083 -347.714429 -347.026039 -344.588299 -150.485909 38.876730 242.974253 459.752722 537.704616 467.484656 394.738983 320.095132 243.832992 166.197663 87.541985 8.286602 -71.092742 -148.075225 -215.145838 -266.771455 -300.407780 -317.097827 -318.728489 -303.869192 -308.676722 -426.758536 -3166.347357 -3985.135191 -3985.148515 -3985.148515 -3985.148515 -3985.148515 -3985.148515 -3985.148515 -3985.148515 -3985.148515 -3985.148515 -3985.148515 -3985.148515 -3985.148515 -3985.148515 -3985.148515 -3985.148515 -3985.148515 -3985.121345 -2992.979190 330.491890 285.671308 242.583014 196.918347 148.879901 99.030596 47.860838 -4.241699 -56.628686 -108.316878 -158.125180 -204.316686 -244.832959 -277.968564 -303.120406 -320.985300 -333.083151 -341.086230 -346.353038 -349.626653 -351.795448 -353.285018 -354.256679 -355.022832 -355.642570 -356.268462 -357.014052 -358.011551 -359.477422 -361.694798 -365.104490 -370.350476 -378.373104 -390.496505 -408.549188 -435.318393 -480.926557 -612.009384 -1402.240041 -3962.839658 -9999.0 -9999.0
-9999.0 -9999.0 962.634553 865.264973 768.299338 669.634513 568.232792 464.186213 357.476111 246.782825 127.856358 9.784624 -104.596356 -208.778741 -287.889852 -328.543934 -343.821083 -347.714429 -347.026039 -344.588299 -150.485909 38.876730 242.974253 459.752722 537.704616 467.484656 394.738983 320.095132 243.832992 166.197663 87.541985 8.286602 -71.092742 -148.075225 -215.145838 -266.771455 -300.407780 -317.097827 -318.728490 -303.869195 -308.676726 -426.758525 -3166.347356 -3985.135191 -3985.148515 -3985.148515 -3985.148515 -3985.148515 -3985.148515 -3985.148515 -3985.148515 -3985.148515 -3985.148515 -3985.148515 -3985.148515 -3985.148515 -3985.148515 -3985.148515 -3985.148515 -3985.148515 -3985.121345 -2992.979190 330.491890 285.671308 242.583014 196.918346 148.879900 99.030596 47.860837 -4.241699 -56.628687 -108.316878 -158.125180 -204.316686 -244.832959 -277.968564 -303.120406 -320.985300 -333.083151 -341.086230 -346.353038 -349.626653 -351.795448 -353.285018 -354.256679 -355.022832 -355.642570 -356.268462 -357.014052 -358.011551 -359.477422 -361.694798 -365.104490 -370.350477 -378.373104 -390.496505 -408.549188 -435.318393 -480.926557 -612.009384 -1402.240036 -3962.839658 -9999.0 -9999.0
-9999.0 -9999.0 962.649099 865.273567 768.303419 669.636280 568.233535 464.186520 357.476239 246.782878 127.856380 9.784634 -104.596352 -208.778739 -287.889852 -328.543934 -343.821083 -347.714429 -347.026039 -344.588299 -150.485909 38.876730 242.974253 459.752722 537.704616 467.484656 394.738983 320.095131 243.832992 166.197663 87.541985 8.286601 -71.092742 -148.075225 -215.145838 -266.771455 -300.407780 -317.097828 -318.728491 -303.869196 -308.676728 -426.758519 -3166.347356 -3985.135191 -3985.148515 -3985.148515 -3985.148515 -3985.148515 -3985.148515 -3985.148515 -3985.148515 -3985.148515 -3985.148515 -3985.148515 -3985.148515 -3985.148515 -3985.148515 -3985.148515 -3985.148515 -3985.148515 -3985.121345 -2992.979190 330.491889 285.671308 242.583013 196.918346 148.879900 99.030595 47.860837 -4.241700 -56.628687 -108.316878 -158.125180 -204.316686 -244.832959 -277.968564 -303.120406 -320.985300 -333.083151 -341.086230 -346.353038 -349.626653 -351.795448 -353.285018 -354.256679 -355.022832 -355.642570 -356.268462 -357.014052 -358.011551 -359.477422 -361.694798 -365.104490 -370.350476 -378.373104 -390.496505 -408.549188 -435.318393 -480.926557 -612.009383 -1402.240034 -3962.839657 -9999.0 -9999.0
-9999.0 -9999.0 962.649099 865.273567 768.303419 669.636280 568.233535 464.186520 357.476239 246.782878 127.856380 9.784634 -104.596352 -208.778739 -287.889852 -328.543934 -343.821083 -347.714429 -347.026039 -344.588299 -150.485909 38.876730 242.974253 459.752722 537.704616 467.484656 394.738983 320.095131 243.832992 166.197663 87.541985 8.286601 -71.092742 -148.075225 -215.145838 -266.771455 -300.407780 -317.097828 -318.728491 -303.869196 -308.676728 -426.758519 -3166.347356 -3985.135191 -3985.148515 -3985.148515 -3985.148515 -3985.148515 -3985.148515 -3985.148515 -3985.148515 -3985.148515 -3985.148515 -3985.148515 -3985.148515 -3985.148515 -3985.148515 -3985.148515 -3985.148515 -3985.148515 -3985.121345 -2992.979190 330.491890 285.671307 242.583014 196.918346 148.879900 99.030595 47.860837 -4.241700 -56.628687 -108.316878 -158.125180 -204.316686 -244.832959 -277.968564 -303.120406 -320.985300 -333.083151 -341.086230 -346.353038 -349.626653 -351.795448 -353.285018 -354.256679 -355.022832 -355.642570 -356.268462 -357.014052 -358.011551 -359.477422 -361.694798 -365.104490 -370.350477 -378.373104 -390.496505 -408.549188 -435.318393 -480.926557 -612.009383 -1402.240032 -3962.839657 -9999.0 -9999.0
-9999.0 -9999.0 962.634553 865.264973 768.299338 669.634513 568.232792 464.186213 357.476111 246.782825 127.856358 9.784624 -104.596356 -208.778741 -287.889852 -328.543934 -343.821083 -347.714429 -347.026039 -344.588299 -150.485909 38.876730 242.974253 459.752722 537.704616 467.484656 394.738983 320.095132 243.832992 166.197663 87.541985 8.286601 -71.092742 -148.075225 -215.145838 -266.771455 -300.407780 -317.097827 -318.728490 -303.869195 -308.676726 -426.758525 -3166.347356 -3985.135191 -3985.148515 -3985.148515 -3985.148515 -3985.148515 -3985.148515 -3985.148515 -3985.148515 -3985.148515 -3985.148515 -3985.148515 -3985.148515 -3985.148515 -3985.148515 -3985.148515 -3985.148515 -3985.148515 -3985.121345 -2992.979190 330.491889 285.671308 242.583013 196.918347 148.879900 99.030596 47.860837 -4.241699 -56.628687 -108.316878 -158.125180 -204.316686 -244.832959 -277.968564 -303.120406 -320.985300 -333.083151 -341.086230 -346.353038 -349.626653 -351.795448 -353.285018 -354.256679 -355.022832 -355.642570 -356.268462 -357.014052 -358.011551 -359.477422 -361.694798 -365.104490 -370.350476 -378.373104 -390.496505 -408.549188 -435.318393 -480.926557 -612.009384 -1402.240038 -3962.839658 -9999.0 -9999.0
-9999.0 -9999.0 962.604064 865.251113 768.293943 669.632451 568.231983 464.185892 357.475980 246.782771 127.856335 9.784615 -104.596360 -208.778742 -287.889853 -328.543934 -343.821083 -347.714429 -347.026039 -344.588299 -150.485909 38.876730 242.974253 459.752722 537.704616 467.484656 394.738983 320.095132 243.832992 166.197663 87.541985 8.286602 -71.092742 -148.075225 -215.145838 -266.771455 -300.407780 -317.097827 -318.728489 -303.869192 -308.676722 -426.758536 -3166.347357 -3985.135191 -3985.148515 -3985.148515 -3985.148515 -3985.148515 -3985.148515 -3985.148515 -3985.148515 -3985.148515 -3985.148515 -3985.148515 -3985.148515 -3985.148515 -3985.148515 -3985.148515 -3985.148515 -3985.148515 -3985.121345 -2992.979190 330.491891 285.671308 242.583014 196.918347 148.879901 99.030596 47.860838 -4.241699 -56.628686 -108.316878 -158.125180 -204.316686 -244.832959 -277.968564 -303.120406 -320.985300 -333.083151 -341.086230 -346.353038 -349.626653 -351.795448 -353.285018 -354.256679 -355.022832 -355.642570 -356.268462 -357.014052 -358.011551 -359.477422 -361.694798 -365.104490 -370.350477 -378.373104 -390.496505 -408.549188 -435.318393 -480.926557 -612.009384 -1402.240039 -3962.839658 -9999.0 -9999.0
-9999.0 -9999.0 -9999.0 -9999.0 -9999.0 -9999.0 -9999.0 -9999.0 -9999.0 -9999.0 -9999.0 -9999.0 -9999.0 -9999.0 -9999.0 -9999.0 -9999.0 -9999.0 -9999.0 -9999.0 -9999.0 -9999.0 -9999.0 -9999.0 -9999.0 -9999.0 -9999.0 -9999.0 -9999.0 -9999.0 -9999.0 -9999.0 -9999.0 -9999.0 -9999.0 -9999.0 -9999.0 -9999.0 -9999.0 -9999.0 -9999.0 -9999.0 -9999.0 -9999.0 -9999.0 -9999.0 -9999.0 -9999.0 -9999.0 -9999.0 -9999.0 -9999.0 -9999.0 -9999.0 -9999.0 -9999.0 -9999.0 -9999.0 -9999.0 -9999.0 -9999.0 -9999.0 -9999.0 -9999.0 -9999.0 -9999.0 -9999.0 -9999.0 -9999.0 -9999.0 -9999.0 -9999.0 -9999.0 -9999.0 -9999.0 -9999.0 -9999.0 -9999.0 -9999.0 -9999.0 -9999.0 -9999.0 -9999.0 -9999.0 -9999.0 -9999.0 -9999.0 -9999.0 -9999.0 -9999.0 -9999.0 -9999.0 -9999.0 -9999.0 -9999.0 -9999.0 -9999.0 -9999.0 -9999.0 -9999.0 -9999.0 -9999.0 -9999.0 -9999.0
-9999.0 -9999.0 -9999.0 -9999.0 -9999.0 -9999.0 -9999.0 -9999.0 -9999.0 -9999.0 -9999.0 -9999.0 -9999.0 -9999.0 -9999.0 -9999.0 -9999.0 -9999.0 -9999.0 -9999.0 -9999.0 -9999.0 -9999.0 -9999.0 -9999.0 -9999.0 -9999.0 -9999.0 -9999.0 -9999.0 -9999.0 -9999.0 -9999.0 -9999.0 -9999.0 -9999.0 -9999.0 -9999.0 -9999.0 -9999.0 -9999.0 -9999.0 -9999.0 -9999.0 -9999.0 -9999.0 -9999.0 -9999.0 -9999.0 -9999.0 -9999.0 -9999.0 -9999.0 -9999.0 -9999.0 -9999.0 -9999.0 -9999.0 -9999.0 -9999.0 -9999.0 -9999.0 -9999.0 -9999.0 -9999.0 -9999.0 -9999.0 -9999.0 -9999.0 -9999.0 -9999.0 -9999.0 -9999.0 -9999.0 -9999.0 -9999.0 -9999.0 -9999.0 -9999.0 -9999.0 -9999.0 -9999.0 -9999.0 -9999.0 -9999.0 -9999.0 -9999.0 -9999.0 -9999.0 -9999.0 -9999.0 -9999.0 -9999.0 -9999.0 -9999.0 -9999.0 -9999.0 -9999.0 -9999.0 -9999.0 -9999.0 -9999.0 -9999.0 -9999.0