inst/processing_geotop_simulation/geotop_simulation/out/maps3D/PwL0022N0071.asc
ncols         104
nrows         10
xllcorner     -2.000000
yllcorner     0.000000
cellsize      1.000000
NODATA_value  -9999.0
-9999.0 -9999.0 -9999.0 -9999.0 -9999.0 -9999.0 -9999.0 -9999.0 -9999.0 -9999.0 -9999.0 -9999.0 -9999.0 -9999.0 -9999.0 -9999.0 -9999.0 -9999.0 -9999.0 -9999.0 -9999.0 -9999.0 -9999.0 -9999.0 -9999.0 -9999.0 -9999.0 -9999.0 -9999.0 -9999.0 -9999.0 -9999.0 -9999.0 -9999.0 -9999.0 -9999.0 -9999.0 -9999.0 -9999.0 -9999.0 -9999.0 -9999.0 -9999.0 -9999.0 -9999.0 -9999.0 -9999.0 -9999.0 -9999.0 -9999.0 -9999.0 -9999.0 -9999.0 -9999.0 -9999.0 -9999.0 -9999.0 -9999.0 -9999.0 -9999.0 -9999.0 -9999.0 -9999.0 -9999.0 -9999.0 -9999.0 -9999.0 -9999.0 -9999.0 -9999.0 -9999.0 -9999.0 -9999.0 -9999.0 -9999.0 -9999.0 -9999.0 -9999.0 -9999.0 -9999.0 -9999.0 -9999.0 -9999.0 -9999.0 -9999.0 -9999.0 -9999.0 -9999.0 -9999.0 -9999.0 -9999.0 -9999.0 -9999.0 -9999.0 -9999.0 -9999.0 -9999.0 -9999.0 -9999.0 -9999.0 -9999.0 -9999.0 -9999.0 -9999.0
-9999.0 -9999.0 -9999.0 -9999.0 -9999.0 -9999.0 -9999.0 -9999.0 -9999.0 -9999.0 -9999.0 -9999.0 -9999.0 -9999.0 -9999.0 -9999.0 -9999.0 -9999.0 -9999.0 -9999.0 -9999.0 -9999.0 -9999.0 -9999.0 -9999.0 -9999.0 -9999.0 -9999.0 -9999.0 -9999.0 -9999.0 -9999.0 -9999.0 -9999.0 -9999.0 -9999.0 -9999.0 -9999.0 -9999.0 -9999.0 -9999.0 -9999.0 -9999.0 -9999.0 -9999.0 -9999.0 -9999.0 -9999.0 -9999.0 -9999.0 -9999.0 -9999.0 -9999.0 -9999.0 -9999.0 -9999.0 -9999.0 -9999.0 -9999.0 -9999.0 -9999.0 -9999.0 -9999.0 -9999.0 -9999.0 -9999.0 -9999.0 -9999.0 -9999.0 -9999.0 -9999.0 -9999.0 -9999.0 -9999.0 -9999.0 -9999.0 -9999.0 -9999.0 -9999.0 -9999.0 -9999.0 -9999.0 -9999.0 -9999.0 -9999.0 -9999.0 -9999.0 -9999.0 -9999.0 -9999.0 -9999.0 -9999.0 -9999.0 -9999.0 -9999.0 -9999.0 -9999.0 -9999.0 -9999.0 -9999.0 -9999.0 -9999.0 -9999.0 -9999.0
-9999.0 -9999.0 734.852889 635.076954 535.633545 436.620907 338.139136 240.285328 143.090658 46.564629 -49.278783 -144.816031 -240.890475 -338.535614 -437.787927 -535.652776 -623.298219 -687.083522 -727.177131 -751.002903 -765.764704 -821.716666 -873.839146 -923.049041 -970.529382 -939.849964 -920.597078 -908.995426 -902.363451 -898.858705 -897.250400 -896.733742 -896.797313 -897.128799 -897.548194 -897.962505 -898.342761 -898.717227 -899.150883 -900.294139 -909.535510 -1002.115840 -1771.462253 -3660.370024 -3886.102769 -3886.098727 -3882.499846 -3824.127072 -3594.452890 -3231.064860 -2868.662219 -2538.901925 -2344.939893 -2226.127433 -2121.063993 -2017.066902 -1911.341593 -1805.639202 -1703.025529 -1605.666376 -1509.830295 -1248.915512 -969.367410 -906.720074 -900.527302 -899.830847 -899.715555 -899.694504 -899.692780 -899.694779 -899.697077 -899.698985 -899.700455 -899.701571 -899.702427 -899.703094 -899.703623 -899.704052 -899.704408 -899.704722 -899.705027 -899.705362 -899.705779 -899.706355 -899.707203 -899.708503 -899.710541 -899.713789 -899.719038 -899.727655 -899.742080 -899.766826 -899.810520 -899.890107 -900.039419 -900.326750 -900.892632 -902.043691 -904.540099 -910.585616 -927.000858 -971.080137 -9999.0 -9999.0
-9999.0 -9999.0 734.852889 635.076954 535.633545 436.620907 338.139135 240.285328 143.090658 46.564628 -49.278784 -144.816031 -240.890476 -338.535614 -437.787927 -535.652775 -623.298219 -687.083522 -727.177131 -751.002903 -765.764704 -821.716666 -873.839146 -923.049041 -970.529382 -939.849964 -920.597078 -908.995426 -902.363451 -898.858705 -897.250400 -896.733742 -896.797313 -897.128799 -897.548194 -897.962505 -898.342761 -898.717227 -899.150883 -900.294139 -909.535510 -1002.115840 -1771.462252 -3660.370023 -3886.102769 -3886.098727 -3882.499846 -3824.127071 -3594.452889 -3231.064858 -2868.662214 -2538.901923 -2344.939893 -2226.127433 -2121.063992 -2017.066901 -1911.341592 -1805.639202 -1703.025528 -1605.666376 -1509.830295 -1248.915512 -969.367410 -906.720074 -900.527302 -899.830847 -899.715555 -899.694504 -899.692780 -899.694779 -899.697077 -899.698985 -899.700455 -899.701571 -899.702427 -899.703094 -899.703623 -899.704052 -899.704408 -899.704722 -899.705027 -899.705362 -899.705779 -899.706355 -899.707203 -899.708503 -899.710541 -899.713789 -899.719038 -899.727655 -899.742080 -899.766826 -899.810520 -899.890107 -900.039419 -900.326750 -900.892632 -902.043691 -904.540099 -910.585616 -927.000858 -971.080137 -9999.0 -9999.0
-9999.0 -9999.0 734.852888 635.076953 535.633544 436.620906 338.139135 240.285327 143.090657 46.564628 -49.278784 -144.816031 -240.890476 -338.535614 -437.787927 -535.652775 -623.298219 -687.083522 -727.177131 -751.002903 -765.764704 -821.716666 -873.839146 -923.049041 -970.529382 -939.849964 -920.597078 -908.995426 -902.363451 -898.858705 -897.250400 -896.733742 -896.797313 -897.128799 -897.548194 -897.962505 -898.342761 -898.717227 -899.150883 -900.294139 -909.535510 -1002.115840 -1771.462252 -3660.370023 -3886.102769 -3886.098727 -3882.499846 -3824.127071 -3594.452889 -3231.064855 -2868.662211 -2538.901922 -2344.939892 -2226.127433 -2121.063993 -2017.066901 -1911.341592 -1805.639202 -1703.025528 -1605.666376 -1509.830295 -1248.915512 -969.367409 -906.720074 -900.527302 -899.830847 -899.715555 -899.694504 -899.692780 -899.694779 -899.697077 -899.698985 -899.700455 -899.701571 -899.702427 -899.703094 -899.703623 -899.704052 -899.704408 -899.704722 -899.705027 -899.705362 -899.705779 -899.706355 -899.707203 -899.708503 -899.710541 -899.713789 -899.719038 -899.727655 -899.742080 -899.766826 -899.810520 -899.890107 -900.039419 -900.326750 -900.892632 -902.043691 -904.540099 -910.585616 -927.000858 -971.080136 -9999.0 -9999.0
-9999.0 -9999.0 734.852888 635.076953 535.633544 436.620906 338.139135 240.285327 143.090657 46.564628 -49.278784 -144.816031 -240.890476 -338.535614 -437.787927 -535.652775 -623.298219 -687.083521 -727.177131 -751.002903 -765.764704 -821.716666 -873.839146 -923.049041 -970.529382 -939.849964 -920.597078 -908.995426 -902.363451 -898.858705 -897.250400 -896.733742 -896.797313 -897.128799 -897.548194 -897.962505 -898.342761 -898.717227 -899.150883 -900.294139 -909.535510 -1002.115840 -1771.462252 -3660.370023 -3886.102769 -3886.098727 -3882.499846 -3824.127071 -3594.452889 -3231.064856 -2868.662212 -2538.901922 -2344.939892 -2226.127433 -2121.063992 -2017.066901 -1911.341592 -1805.639202 -1703.025528 -1605.666376 -1509.830295 -1248.915512 -969.367410 -906.720074 -900.527302 -899.830847 -899.715555 -899.694504 -899.692780 -899.694779 -899.697077 -899.698985 -899.700455 -899.701571 -899.702427 -899.703094 -899.703623 -899.704052 -899.704408 -899.704722 -899.705027 -899.705362 -899.705779 -899.706355 -899.707203 -899.708503 -899.710541 -899.713789 -899.719038 -899.727655 -899.742080 -899.766826 -899.810520 -899.890107 -900.039419 -900.326750 -900.892632 -902.043691 -904.540099 -910.585616 -927.000858 -971.080136 -9999.0 -9999.0
-9999.0 -9999.0 734.852889 635.076954 535.633545 436.620907 338.139135 240.285327 143.090658 46.564628 -49.278784 -144.816031 -240.890476 -338.535614 -437.787927 -535.652775 -623.298219 -687.083522 -727.177131 -751.002903 -765.764704 -821.716666 -873.839146 -923.049041 -970.529382 -939.849964 -920.597078 -908.995426 -902.363451 -898.858705 -897.250400 -896.733742 -896.797313 -897.128799 -897.548194 -897.962505 -898.342761 -898.717227 -899.150883 -900.294139 -909.535510 -1002.115840 -1771.462252 -3660.370023 -3886.102769 -3886.098727 -3882.499846 -3824.127071 -3594.452889 -3231.064856 -2868.662214 -2538.901923 -2344.939893 -2226.127433 -2121.063993 -2017.066901 -1911.341592 -1805.639202 -1703.025528 -1605.666376 -1509.830295 -1248.915512 -969.367410 -906.720074 -900.527302 -899.830847 -899.715555 -899.694504 -899.692780 -899.694779 -899.697077 -899.698985 -899.700455 -899.701571 -899.702427 -899.703094 -899.703623 -899.704052 -899.704408 -899.704722 -899.705027 -899.705362 -899.705779 -899.706355 -899.707203 -899.708503 -899.710541 -899.713789 -899.719038 -899.727655 -899.742080 -899.766826 -899.810520 -899.890107 -900.039419 -900.326750 -900.892632 -902.043691 -904.540099 -910.585616 -927.000858 -971.080137 -9999.0 -9999.0
-9999.0 -9999.0 734.852889 635.076954 535.633545 436.620907 338.139136 240.285328 143.090658 46.564629 -49.278784 -144.816030 -240.890475 -338.535614 -437.787927 -535.652775 -623.298219 -687.083522 -727.177131 -751.002903 -765.764704 -821.716666 -873.839146 -923.049041 -970.529382 -939.849964 -920.597078 -908.995426 -902.363451 -898.858705 -897.250400 -896.733742 -896.797313 -897.128799 -897.548194 -897.962505 -898.342761 -898.717227 -899.150883 -900.294139 -909.535510 -1002.115840 -1771.462253 -3660.370024 -3886.102769 -3886.098727 -3882.499846 -3824.127072 -3594.452890 -3231.064861 -2868.662219 -2538.901925 -2344.939893 -2226.127434 -2121.063993 -2017.066902 -1911.341593 -1805.639202 -1703.025529 -1605.666376 -1509.830295 -1248.915512 -969.367410 -906.720074 -900.527302 -899.830847 -899.715555 -899.694504 -899.692780 -899.694779 -899.697077 -899.698985 -899.700455 -899.701571 -899.702427 -899.703094 -899.703623 -899.704052 -899.704408 -899.704722 -899.705027 -899.705362 -899.705779 -899.706355 -899.707203 -899.708503 -899.710541 -899.713789 -899.719038 -899.727655 -899.742080 -899.766826 -899.810520 -899.890107 -900.039419 -900.326750 -900.892632 -902.043691 -904.540099 -910.585616 -927.000858 -971.080137 -9999.0 -9999.0
-9999.0 -9999.0 -9999.0 -9999.0 -9999.0 -9999.0 -9999.0 -9999.0 -9999.0 -9999.0 -9999.0 -9999.0 -9999.0 -9999.0 -9999.0 -9999.0 -9999.0 -9999.0 -9999.0 -9999.0 -9999.0 -9999.0 -9999.0 -9999.0 -9999.0 -9999.0 -9999.0 -9999.0 -9999.0 -9999.0 -9999.0 -9999.0 -9999.0 -9999.0 -9999.0 -9999.0 -9999.0 -9999.0 -9999.0 -9999.0 -9999.0 -9999.0 -9999.0 -9999.0 -9999.0 -9999.0 -9999.0 -9999.0 -9999.0 -9999.0 -9999.0 -9999.0 -9999.0 -9999.0 -9999.0 -9999.0 -9999.0 -9999.0 -9999.0 -9999.0 -9999.0 -9999.0 -9999.0 -9999.0 -9999.0 -9999.0 -9999.0 -9999.0 -9999.0 -9999.0 -9999.0 -9999.0 -9999.0 -9999.0 -9999.0 -9999.0 -9999.0 -9999.0 -9999.0 -9999.0 -9999.0 -9999.0 -9999.0 -9999.0 -9999.0 -9999.0 -9999.0 -9999.0 -9999.0 -9999.0 -9999.0 -9999.0 -9999.0 -9999.0 -9999.0 -9999.0 -9999.0 -9999.0 -9999.0 -9999.0 -9999.0 -9999.0 -9999.0 -9999.0
-9999.0 -9999.0 -9999.0 -9999.0 -9999.0 -9999.0 -9999.0 -9999.0 -9999.0 -9999.0 -9999.0 -9999.0 -9999.0 -9999.0 -9999.0 -9999.0 -9999.0 -9999.0 -9999.0 -9999.0 -9999.0 -9999.0 -9999.0 -9999.0 -9999.0 -9999.0 -9999.0 -9999.0 -9999.0 -9999.0 -9999.0 -9999.0 -9999.0 -9999.0 -9999.0 -9999.0 -9999.0 -9999.0 -9999.0 -9999.0 -9999.0 -9999.0 -9999.0 -9999.0 -9999.0 -9999.0 -9999.0 -9999.0 -9999.0 -9999.0 -9999.0 -9999.0 -9999.0 -9999.0 -9999.0 -9999.0 -9999.0 -9999.0 -9999.0 -9999.0 -9999.0 -9999.0 -9999.0 -9999.0 -9999.0 -9999.0 -9999.0 -9999.0 -9999.0 -9999.0 -9999.0 -9999.0 -9999.0 -9999.0 -9999.0 -9999.0 -9999.0 -9999.0 -9999.0 -9999.0 -9999.0 -9999.0 -9999.0 -9999.0 -9999.0 -9999.0 -9999.0 -9999.0 -9999.0 -9999.0 -9999.0 -9999.0 -9999.0 -9999.0 -9999.0 -9999.0 -9999.0 -9999.0 -9999.0 -9999.0 -9999.0 -9999.0 -9999.0 -9999.0