inst/processing_geotop_simulation/geotop_simulation/out/maps3D/PwL0020N0397.asc
ncols         104
nrows         10
xllcorner     -2.000000
yllcorner     0.000000
cellsize      1.000000
NODATA_value  -9999.0
-9999.0 -9999.0 -9999.0 -9999.0 -9999.0 -9999.0 -9999.0 -9999.0 -9999.0 -9999.0 -9999.0 -9999.0 -9999.0 -9999.0 -9999.0 -9999.0 -9999.0 -9999.0 -9999.0 -9999.0 -9999.0 -9999.0 -9999.0 -9999.0 -9999.0 -9999.0 -9999.0 -9999.0 -9999.0 -9999.0 -9999.0 -9999.0 -9999.0 -9999.0 -9999.0 -9999.0 -9999.0 -9999.0 -9999.0 -9999.0 -9999.0 -9999.0 -9999.0 -9999.0 -9999.0 -9999.0 -9999.0 -9999.0 -9999.0 -9999.0 -9999.0 -9999.0 -9999.0 -9999.0 -9999.0 -9999.0 -9999.0 -9999.0 -9999.0 -9999.0 -9999.0 -9999.0 -9999.0 -9999.0 -9999.0 -9999.0 -9999.0 -9999.0 -9999.0 -9999.0 -9999.0 -9999.0 -9999.0 -9999.0 -9999.0 -9999.0 -9999.0 -9999.0 -9999.0 -9999.0 -9999.0 -9999.0 -9999.0 -9999.0 -9999.0 -9999.0 -9999.0 -9999.0 -9999.0 -9999.0 -9999.0 -9999.0 -9999.0 -9999.0 -9999.0 -9999.0 -9999.0 -9999.0 -9999.0 -9999.0 -9999.0 -9999.0 -9999.0 -9999.0
-9999.0 -9999.0 -9999.0 -9999.0 -9999.0 -9999.0 -9999.0 -9999.0 -9999.0 -9999.0 -9999.0 -9999.0 -9999.0 -9999.0 -9999.0 -9999.0 -9999.0 -9999.0 -9999.0 -9999.0 -9999.0 -9999.0 -9999.0 -9999.0 -9999.0 -9999.0 -9999.0 -9999.0 -9999.0 -9999.0 -9999.0 -9999.0 -9999.0 -9999.0 -9999.0 -9999.0 -9999.0 -9999.0 -9999.0 -9999.0 -9999.0 -9999.0 -9999.0 -9999.0 -9999.0 -9999.0 -9999.0 -9999.0 -9999.0 -9999.0 -9999.0 -9999.0 -9999.0 -9999.0 -9999.0 -9999.0 -9999.0 -9999.0 -9999.0 -9999.0 -9999.0 -9999.0 -9999.0 -9999.0 -9999.0 -9999.0 -9999.0 -9999.0 -9999.0 -9999.0 -9999.0 -9999.0 -9999.0 -9999.0 -9999.0 -9999.0 -9999.0 -9999.0 -9999.0 -9999.0 -9999.0 -9999.0 -9999.0 -9999.0 -9999.0 -9999.0 -9999.0 -9999.0 -9999.0 -9999.0 -9999.0 -9999.0 -9999.0 -9999.0 -9999.0 -9999.0 -9999.0 -9999.0 -9999.0 -9999.0 -9999.0 -9999.0 -9999.0 -9999.0
-9999.0 -9999.0 968.725960 869.717698 770.639124 671.438816 572.171005 472.873084 373.565956 274.261126 174.965049 75.681466 -23.585173 -122.832057 -222.056636 -321.242878 -420.361125 -519.355018 -618.122158 -716.483880 -814.947534 -913.071531 -1010.675625 -1107.505928 -1197.715056 -1281.475745 -1356.804944 -1422.196624 -1476.917894 -1521.105238 -1555.636399 -1581.859566 -1601.300144 -1615.432673 -1625.548051 -1632.705807 -1637.753234 -1641.429087 -1644.684064 -1649.507789 -1660.160741 -1685.575948 -1787.918333 -3567.039256 -3983.971410 -3983.856505 -3958.224488 -3805.506440 -3531.140717 -3253.816853 -3022.545266 -2822.043204 -2700.798147 -2623.043659 -2551.125279 -2475.936409 -2394.791255 -2308.978478 -2221.917665 -2136.053877 -2030.792896 -1545.017467 -1641.414586 -1652.103667 -1650.362409 -1649.271505 -1648.978761 -1648.919405 -1648.909302 -1648.908155 -1648.908478 -1648.908971 -1648.909419 -1648.909802 -1648.910133 -1648.910425 -1648.910689 -1648.910936 -1648.911171 -1648.911404 -1648.911641 -1648.911893 -1648.912174 -1648.912504 -1648.912915 -1648.913454 -1648.914201 -1648.915290 -1648.916951 -1648.919599 -1648.923998 -1648.931611 -1648.945317 -1648.970938 -1649.020625 -1649.120916 -1649.333319 -1649.810169 -1650.953981 -1653.908057 -1662.244403 -1688.532587 -9999.0 -9999.0
-9999.0 -9999.0 968.728666 869.718744 770.639470 671.438930 572.171043 472.873098 373.565961 274.261128 174.965050 75.681466 -23.585172 -122.832058 -222.056636 -321.242878 -420.361125 -519.355019 -618.122158 -716.483880 -814.947534 -913.071531 -1010.675626 -1107.505928 -1197.715056 -1281.475745 -1356.804944 -1422.196624 -1476.917894 -1521.105238 -1555.636399 -1581.859566 -1601.300144 -1615.432673 -1625.548051 -1632.705807 -1637.753234 -1641.429087 -1644.684064 -1649.507789 -1660.160741 -1685.575948 -1787.918333 -3567.039254 -3983.971410 -3983.856505 -3958.224488 -3805.506440 -3531.140716 -3253.816851 -3022.545263 -2822.043203 -2700.798147 -2623.043659 -2551.125278 -2475.936409 -2394.791254 -2308.978478 -2221.917664 -2136.053877 -2030.792896 -1545.017468 -1641.414586 -1652.103667 -1650.362409 -1649.271505 -1648.978760 -1648.919405 -1648.909302 -1648.908155 -1648.908478 -1648.908970 -1648.909419 -1648.909802 -1648.910133 -1648.910425 -1648.910689 -1648.910936 -1648.911171 -1648.911404 -1648.911641 -1648.911893 -1648.912174 -1648.912504 -1648.912915 -1648.913454 -1648.914201 -1648.915290 -1648.916951 -1648.919599 -1648.923998 -1648.931611 -1648.945317 -1648.970938 -1649.020625 -1649.120916 -1649.333319 -1649.810169 -1650.953981 -1653.908057 -1662.244402 -1688.532587 -9999.0 -9999.0
-9999.0 -9999.0 968.729720 869.719311 770.639711 671.439023 572.171078 472.873110 373.565966 274.261130 174.965051 75.681466 -23.585172 -122.832057 -222.056636 -321.242878 -420.361125 -519.355019 -618.122158 -716.483880 -814.947535 -913.071531 -1010.675626 -1107.505929 -1197.715057 -1281.475745 -1356.804945 -1422.196624 -1476.917894 -1521.105238 -1555.636399 -1581.859566 -1601.300144 -1615.432673 -1625.548051 -1632.705807 -1637.753234 -1641.429087 -1644.684064 -1649.507789 -1660.160741 -1685.575948 -1787.918333 -3567.039254 -3983.971410 -3983.856505 -3958.224488 -3805.506439 -3531.140716 -3253.816849 -3022.545261 -2822.043203 -2700.798147 -2623.043659 -2551.125278 -2475.936408 -2394.791254 -2308.978478 -2221.917664 -2136.053877 -2030.792896 -1545.017467 -1641.414586 -1652.103667 -1650.362409 -1649.271505 -1648.978760 -1648.919405 -1648.909302 -1648.908155 -1648.908478 -1648.908970 -1648.909419 -1648.909802 -1648.910133 -1648.910425 -1648.910689 -1648.910936 -1648.911171 -1648.911404 -1648.911641 -1648.911893 -1648.912174 -1648.912504 -1648.912915 -1648.913454 -1648.914201 -1648.915290 -1648.916951 -1648.919599 -1648.923998 -1648.931611 -1648.945317 -1648.970938 -1649.020625 -1649.120916 -1649.333319 -1649.810169 -1650.953981 -1653.908057 -1662.244402 -1688.532587 -9999.0 -9999.0
-9999.0 -9999.0 968.729720 869.719311 770.639711 671.439023 572.171078 472.873110 373.565966 274.261130 174.965051 75.681466 -23.585172 -122.832058 -222.056636 -321.242878 -420.361125 -519.355019 -618.122158 -716.483880 -814.947535 -913.071531 -1010.675626 -1107.505929 -1197.715057 -1281.475745 -1356.804945 -1422.196624 -1476.917894 -1521.105238 -1555.636399 -1581.859566 -1601.300144 -1615.432673 -1625.548051 -1632.705807 -1637.753234 -1641.429087 -1644.684064 -1649.507789 -1660.160741 -1685.575948 -1787.918333 -3567.039254 -3983.971410 -3983.856505 -3958.224488 -3805.506439 -3531.140716 -3253.816850 -3022.545261 -2822.043203 -2700.798147 -2623.043659 -2551.125278 -2475.936409 -2394.791254 -2308.978478 -2221.917664 -2136.053877 -2030.792896 -1545.017467 -1641.414586 -1652.103667 -1650.362409 -1649.271505 -1648.978760 -1648.919405 -1648.909302 -1648.908155 -1648.908478 -1648.908970 -1648.909419 -1648.909802 -1648.910133 -1648.910425 -1648.910689 -1648.910936 -1648.911171 -1648.911404 -1648.911641 -1648.911893 -1648.912174 -1648.912504 -1648.912915 -1648.913454 -1648.914201 -1648.915290 -1648.916951 -1648.919599 -1648.923998 -1648.931611 -1648.945317 -1648.970938 -1649.020625 -1649.120916 -1649.333319 -1649.810169 -1650.953981 -1653.908057 -1662.244402 -1688.532587 -9999.0 -9999.0
-9999.0 -9999.0 968.728666 869.718744 770.639470 671.438930 572.171043 472.873098 373.565961 274.261128 174.965050 75.681466 -23.585172 -122.832057 -222.056636 -321.242878 -420.361125 -519.355018 -618.122158 -716.483880 -814.947534 -913.071531 -1010.675626 -1107.505928 -1197.715056 -1281.475745 -1356.804944 -1422.196624 -1476.917894 -1521.105238 -1555.636399 -1581.859566 -1601.300144 -1615.432673 -1625.548051 -1632.705807 -1637.753234 -1641.429087 -1644.684064 -1649.507789 -1660.160741 -1685.575948 -1787.918333 -3567.039254 -3983.971410 -3983.856505 -3958.224488 -3805.506440 -3531.140716 -3253.816850 -3022.545263 -2822.043203 -2700.798147 -2623.043659 -2551.125279 -2475.936409 -2394.791254 -2308.978478 -2221.917664 -2136.053877 -2030.792896 -1545.017467 -1641.414586 -1652.103667 -1650.362409 -1649.271505 -1648.978760 -1648.919405 -1648.909302 -1648.908155 -1648.908478 -1648.908970 -1648.909419 -1648.909802 -1648.910133 -1648.910425 -1648.910689 -1648.910936 -1648.911171 -1648.911404 -1648.911641 -1648.911893 -1648.912174 -1648.912504 -1648.912915 -1648.913454 -1648.914201 -1648.915290 -1648.916951 -1648.919599 -1648.923998 -1648.931611 -1648.945317 -1648.970938 -1649.020625 -1649.120916 -1649.333319 -1649.810169 -1650.953981 -1653.908057 -1662.244402 -1688.532587 -9999.0 -9999.0
-9999.0 -9999.0 968.725960 869.717698 770.639124 671.438816 572.171005 472.873084 373.565956 274.261126 174.965049 75.681466 -23.585172 -122.832057 -222.056635 -321.242878 -420.361125 -519.355018 -618.122157 -716.483880 -814.947534 -913.071531 -1010.675625 -1107.505928 -1197.715056 -1281.475745 -1356.804944 -1422.196624 -1476.917894 -1521.105238 -1555.636399 -1581.859566 -1601.300144 -1615.432673 -1625.548051 -1632.705807 -1637.753234 -1641.429087 -1644.684064 -1649.507789 -1660.160741 -1685.575948 -1787.918333 -3567.039256 -3983.971410 -3983.856505 -3958.224488 -3805.506440 -3531.140717 -3253.816854 -3022.545266 -2822.043204 -2700.798147 -2623.043659 -2551.125279 -2475.936409 -2394.791254 -2308.978479 -2221.917665 -2136.053878 -2030.792896 -1545.017468 -1641.414586 -1652.103667 -1650.362409 -1649.271505 -1648.978761 -1648.919405 -1648.909302 -1648.908155 -1648.908478 -1648.908971 -1648.909419 -1648.909802 -1648.910133 -1648.910425 -1648.910689 -1648.910936 -1648.911171 -1648.911404 -1648.911641 -1648.911893 -1648.912174 -1648.912504 -1648.912915 -1648.913454 -1648.914201 -1648.915290 -1648.916951 -1648.919599 -1648.923998 -1648.931611 -1648.945317 -1648.970938 -1649.020625 -1649.120916 -1649.333319 -1649.810169 -1650.953981 -1653.908057 -1662.244403 -1688.532587 -9999.0 -9999.0
-9999.0 -9999.0 -9999.0 -9999.0 -9999.0 -9999.0 -9999.0 -9999.0 -9999.0 -9999.0 -9999.0 -9999.0 -9999.0 -9999.0 -9999.0 -9999.0 -9999.0 -9999.0 -9999.0 -9999.0 -9999.0 -9999.0 -9999.0 -9999.0 -9999.0 -9999.0 -9999.0 -9999.0 -9999.0 -9999.0 -9999.0 -9999.0 -9999.0 -9999.0 -9999.0 -9999.0 -9999.0 -9999.0 -9999.0 -9999.0 -9999.0 -9999.0 -9999.0 -9999.0 -9999.0 -9999.0 -9999.0 -9999.0 -9999.0 -9999.0 -9999.0 -9999.0 -9999.0 -9999.0 -9999.0 -9999.0 -9999.0 -9999.0 -9999.0 -9999.0 -9999.0 -9999.0 -9999.0 -9999.0 -9999.0 -9999.0 -9999.0 -9999.0 -9999.0 -9999.0 -9999.0 -9999.0 -9999.0 -9999.0 -9999.0 -9999.0 -9999.0 -9999.0 -9999.0 -9999.0 -9999.0 -9999.0 -9999.0 -9999.0 -9999.0 -9999.0 -9999.0 -9999.0 -9999.0 -9999.0 -9999.0 -9999.0 -9999.0 -9999.0 -9999.0 -9999.0 -9999.0 -9999.0 -9999.0 -9999.0 -9999.0 -9999.0 -9999.0 -9999.0
-9999.0 -9999.0 -9999.0 -9999.0 -9999.0 -9999.0 -9999.0 -9999.0 -9999.0 -9999.0 -9999.0 -9999.0 -9999.0 -9999.0 -9999.0 -9999.0 -9999.0 -9999.0 -9999.0 -9999.0 -9999.0 -9999.0 -9999.0 -9999.0 -9999.0 -9999.0 -9999.0 -9999.0 -9999.0 -9999.0 -9999.0 -9999.0 -9999.0 -9999.0 -9999.0 -9999.0 -9999.0 -9999.0 -9999.0 -9999.0 -9999.0 -9999.0 -9999.0 -9999.0 -9999.0 -9999.0 -9999.0 -9999.0 -9999.0 -9999.0 -9999.0 -9999.0 -9999.0 -9999.0 -9999.0 -9999.0 -9999.0 -9999.0 -9999.0 -9999.0 -9999.0 -9999.0 -9999.0 -9999.0 -9999.0 -9999.0 -9999.0 -9999.0 -9999.0 -9999.0 -9999.0 -9999.0 -9999.0 -9999.0 -9999.0 -9999.0 -9999.0 -9999.0 -9999.0 -9999.0 -9999.0 -9999.0 -9999.0 -9999.0 -9999.0 -9999.0 -9999.0 -9999.0 -9999.0 -9999.0 -9999.0 -9999.0 -9999.0 -9999.0 -9999.0 -9999.0 -9999.0 -9999.0 -9999.0 -9999.0 -9999.0 -9999.0 -9999.0 -9999.0