inst/processing_geotop_simulation/geotop_simulation/out/maps3D/PwL0017N0403.asc
ncols         104
nrows         10
xllcorner     -2.000000
yllcorner     0.000000
cellsize      1.000000
NODATA_value  -9999.0
-9999.0 -9999.0 -9999.0 -9999.0 -9999.0 -9999.0 -9999.0 -9999.0 -9999.0 -9999.0 -9999.0 -9999.0 -9999.0 -9999.0 -9999.0 -9999.0 -9999.0 -9999.0 -9999.0 -9999.0 -9999.0 -9999.0 -9999.0 -9999.0 -9999.0 -9999.0 -9999.0 -9999.0 -9999.0 -9999.0 -9999.0 -9999.0 -9999.0 -9999.0 -9999.0 -9999.0 -9999.0 -9999.0 -9999.0 -9999.0 -9999.0 -9999.0 -9999.0 -9999.0 -9999.0 -9999.0 -9999.0 -9999.0 -9999.0 -9999.0 -9999.0 -9999.0 -9999.0 -9999.0 -9999.0 -9999.0 -9999.0 -9999.0 -9999.0 -9999.0 -9999.0 -9999.0 -9999.0 -9999.0 -9999.0 -9999.0 -9999.0 -9999.0 -9999.0 -9999.0 -9999.0 -9999.0 -9999.0 -9999.0 -9999.0 -9999.0 -9999.0 -9999.0 -9999.0 -9999.0 -9999.0 -9999.0 -9999.0 -9999.0 -9999.0 -9999.0 -9999.0 -9999.0 -9999.0 -9999.0 -9999.0 -9999.0 -9999.0 -9999.0 -9999.0 -9999.0 -9999.0 -9999.0 -9999.0 -9999.0 -9999.0 -9999.0 -9999.0 -9999.0
-9999.0 -9999.0 -9999.0 -9999.0 -9999.0 -9999.0 -9999.0 -9999.0 -9999.0 -9999.0 -9999.0 -9999.0 -9999.0 -9999.0 -9999.0 -9999.0 -9999.0 -9999.0 -9999.0 -9999.0 -9999.0 -9999.0 -9999.0 -9999.0 -9999.0 -9999.0 -9999.0 -9999.0 -9999.0 -9999.0 -9999.0 -9999.0 -9999.0 -9999.0 -9999.0 -9999.0 -9999.0 -9999.0 -9999.0 -9999.0 -9999.0 -9999.0 -9999.0 -9999.0 -9999.0 -9999.0 -9999.0 -9999.0 -9999.0 -9999.0 -9999.0 -9999.0 -9999.0 -9999.0 -9999.0 -9999.0 -9999.0 -9999.0 -9999.0 -9999.0 -9999.0 -9999.0 -9999.0 -9999.0 -9999.0 -9999.0 -9999.0 -9999.0 -9999.0 -9999.0 -9999.0 -9999.0 -9999.0 -9999.0 -9999.0 -9999.0 -9999.0 -9999.0 -9999.0 -9999.0 -9999.0 -9999.0 -9999.0 -9999.0 -9999.0 -9999.0 -9999.0 -9999.0 -9999.0 -9999.0 -9999.0 -9999.0 -9999.0 -9999.0 -9999.0 -9999.0 -9999.0 -9999.0 -9999.0 -9999.0 -9999.0 -9999.0 -9999.0 -9999.0
-9999.0 -9999.0 819.899295 721.007029 621.955617 522.752568 423.473021 324.160157 224.836674 125.514708 26.201402 -73.096269 -172.377401 -271.634017 -370.846389 -469.981662 -568.978987 -667.733721 -766.336654 -864.919367 -963.232237 -1061.124054 -1156.939471 -1247.843429 -1332.511444 -1408.824755 -1475.159853 -1530.710975 -1575.584069 -1610.655646 -1637.288910 -1657.031081 -1671.379434 -1681.644777 -1688.899438 -1693.982901 -1697.547640 -1700.168428 -1702.644974 -1706.719774 -1715.457570 -1730.978763 -1957.421088 -4054.551548 -4133.649568 -4133.658901 -4133.656121 -4133.652846 -4133.640449 -4133.603112 -4133.507773 -4133.252169 -4132.853423 -4132.357590 -4131.562860 -4130.081730 -4126.996140 -4120.046349 -4103.673910 -4064.604368 -3814.002824 -1727.036154 -1688.036859 -1707.214662 -1706.597793 -1705.639318 -1705.366838 -1705.311152 -1705.301685 -1705.300612 -1705.300912 -1705.301362 -1705.301764 -1705.302100 -1705.302382 -1705.302623 -1705.302836 -1705.303030 -1705.303211 -1705.303387 -1705.303566 -1705.303758 -1705.303976 -1705.304241 -1705.304583 -1705.305051 -1705.305722 -1705.306729 -1705.308302 -1705.310849 -1705.315128 -1705.322585 -1705.336062 -1705.361285 -1705.410156 -1705.508474 -1705.715547 -1706.177361 -1707.279371 -1710.123791 -1718.203653 -1744.036525 -9999.0 -9999.0
-9999.0 -9999.0 819.902639 721.008218 621.955991 522.752688 423.473061 324.160171 224.836680 125.514710 26.201403 -73.096268 -172.377401 -271.634017 -370.846389 -469.981663 -568.978987 -667.733721 -766.336654 -864.919368 -963.232237 -1061.124054 -1156.939471 -1247.843429 -1332.511444 -1408.824755 -1475.159853 -1530.710975 -1575.584069 -1610.655646 -1637.288910 -1657.031081 -1671.379434 -1681.644777 -1688.899438 -1693.982901 -1697.547640 -1700.168428 -1702.644974 -1706.719774 -1715.457570 -1730.978763 -1957.421088 -4054.551548 -4133.649568 -4133.658901 -4133.656121 -4133.652846 -4133.640449 -4133.603112 -4133.507773 -4133.252169 -4132.853423 -4132.357590 -4131.562860 -4130.081730 -4126.996140 -4120.046349 -4103.673910 -4064.604368 -3814.002825 -1727.036154 -1688.036859 -1707.214661 -1706.597793 -1705.639318 -1705.366837 -1705.311152 -1705.301685 -1705.300612 -1705.300912 -1705.301362 -1705.301764 -1705.302100 -1705.302382 -1705.302623 -1705.302836 -1705.303030 -1705.303211 -1705.303387 -1705.303565 -1705.303757 -1705.303976 -1705.304241 -1705.304583 -1705.305050 -1705.305722 -1705.306729 -1705.308302 -1705.310849 -1705.315128 -1705.322585 -1705.336061 -1705.361285 -1705.410156 -1705.508474 -1705.715547 -1706.177361 -1707.279371 -1710.123791 -1718.203653 -1744.036525 -9999.0 -9999.0
-9999.0 -9999.0 819.903793 721.008829 621.956245 522.752784 423.473096 324.160184 224.836684 125.514712 26.201404 -73.096268 -172.377401 -271.634017 -370.846390 -469.981663 -568.978987 -667.733722 -766.336654 -864.919368 -963.232237 -1061.124054 -1156.939471 -1247.843429 -1332.511444 -1408.824755 -1475.159853 -1530.710975 -1575.584069 -1610.655647 -1637.288910 -1657.031081 -1671.379434 -1681.644777 -1688.899438 -1693.982901 -1697.547640 -1700.168428 -1702.644974 -1706.719774 -1715.457570 -1730.978763 -1957.421088 -4054.551548 -4133.649568 -4133.658901 -4133.656121 -4133.652846 -4133.640449 -4133.603112 -4133.507773 -4133.252169 -4132.853423 -4132.357590 -4131.562860 -4130.081730 -4126.996140 -4120.046349 -4103.673910 -4064.604367 -3814.002824 -1727.036154 -1688.036859 -1707.214661 -1706.597793 -1705.639318 -1705.366837 -1705.311152 -1705.301685 -1705.300612 -1705.300912 -1705.301362 -1705.301764 -1705.302100 -1705.302382 -1705.302623 -1705.302836 -1705.303030 -1705.303211 -1705.303387 -1705.303565 -1705.303757 -1705.303976 -1705.304241 -1705.304583 -1705.305050 -1705.305722 -1705.306729 -1705.308302 -1705.310849 -1705.315128 -1705.322585 -1705.336061 -1705.361285 -1705.410156 -1705.508474 -1705.715547 -1706.177361 -1707.279371 -1710.123791 -1718.203653 -1744.036525 -9999.0 -9999.0
-9999.0 -9999.0 819.903793 721.008829 621.956245 522.752784 423.473096 324.160184 224.836684 125.514712 26.201404 -73.096268 -172.377401 -271.634017 -370.846390 -469.981663 -568.978987 -667.733722 -766.336654 -864.919368 -963.232237 -1061.124054 -1156.939471 -1247.843429 -1332.511444 -1408.824755 -1475.159853 -1530.710975 -1575.584069 -1610.655647 -1637.288910 -1657.031081 -1671.379434 -1681.644777 -1688.899438 -1693.982901 -1697.547640 -1700.168428 -1702.644974 -1706.719774 -1715.457570 -1730.978763 -1957.421088 -4054.551548 -4133.649568 -4133.658901 -4133.656121 -4133.652846 -4133.640449 -4133.603112 -4133.507773 -4133.252169 -4132.853423 -4132.357590 -4131.562860 -4130.081730 -4126.996140 -4120.046349 -4103.673910 -4064.604368 -3814.002824 -1727.036154 -1688.036859 -1707.214661 -1706.597793 -1705.639318 -1705.366837 -1705.311152 -1705.301685 -1705.300612 -1705.300912 -1705.301362 -1705.301764 -1705.302100 -1705.302382 -1705.302623 -1705.302836 -1705.303030 -1705.303211 -1705.303387 -1705.303565 -1705.303757 -1705.303976 -1705.304241 -1705.304583 -1705.305050 -1705.305722 -1705.306729 -1705.308302 -1705.310849 -1705.315128 -1705.322585 -1705.336061 -1705.361285 -1705.410156 -1705.508474 -1705.715547 -1706.177361 -1707.279371 -1710.123791 -1718.203653 -1744.036525 -9999.0 -9999.0
-9999.0 -9999.0 819.902639 721.008218 621.955991 522.752688 423.473061 324.160171 224.836680 125.514710 26.201403 -73.096268 -172.377401 -271.634017 -370.846390 -469.981663 -568.978987 -667.733721 -766.336654 -864.919368 -963.232237 -1061.124054 -1156.939471 -1247.843429 -1332.511444 -1408.824755 -1475.159853 -1530.710975 -1575.584069 -1610.655646 -1637.288910 -1657.031081 -1671.379434 -1681.644777 -1688.899438 -1693.982901 -1697.547640 -1700.168428 -1702.644974 -1706.719774 -1715.457570 -1730.978763 -1957.421088 -4054.551548 -4133.649568 -4133.658901 -4133.656121 -4133.652846 -4133.640449 -4133.603112 -4133.507773 -4133.252169 -4132.853423 -4132.357590 -4131.562860 -4130.081730 -4126.996140 -4120.046349 -4103.673910 -4064.604368 -3814.002825 -1727.036154 -1688.036859 -1707.214661 -1706.597793 -1705.639318 -1705.366837 -1705.311152 -1705.301685 -1705.300612 -1705.300912 -1705.301362 -1705.301764 -1705.302100 -1705.302382 -1705.302623 -1705.302836 -1705.303030 -1705.303211 -1705.303387 -1705.303565 -1705.303757 -1705.303976 -1705.304241 -1705.304583 -1705.305050 -1705.305722 -1705.306729 -1705.308302 -1705.310849 -1705.315128 -1705.322585 -1705.336061 -1705.361285 -1705.410156 -1705.508474 -1705.715547 -1706.177361 -1707.279371 -1710.123791 -1718.203653 -1744.036525 -9999.0 -9999.0
-9999.0 -9999.0 819.899295 721.007030 621.955617 522.752568 423.473021 324.160157 224.836674 125.514708 26.201402 -73.096269 -172.377401 -271.634017 -370.846389 -469.981662 -568.978987 -667.733721 -766.336654 -864.919368 -963.232237 -1061.124054 -1156.939471 -1247.843429 -1332.511444 -1408.824755 -1475.159853 -1530.710975 -1575.584069 -1610.655646 -1637.288910 -1657.031081 -1671.379434 -1681.644777 -1688.899438 -1693.982901 -1697.547640 -1700.168428 -1702.644974 -1706.719774 -1715.457570 -1730.978763 -1957.421088 -4054.551548 -4133.649568 -4133.658901 -4133.656121 -4133.652846 -4133.640449 -4133.603112 -4133.507773 -4133.252169 -4132.853423 -4132.357590 -4131.562860 -4130.081731 -4126.996140 -4120.046349 -4103.673910 -4064.604368 -3814.002825 -1727.036154 -1688.036859 -1707.214662 -1706.597793 -1705.639318 -1705.366838 -1705.311152 -1705.301685 -1705.300612 -1705.300912 -1705.301362 -1705.301764 -1705.302100 -1705.302382 -1705.302623 -1705.302836 -1705.303030 -1705.303211 -1705.303387 -1705.303566 -1705.303758 -1705.303976 -1705.304241 -1705.304583 -1705.305051 -1705.305722 -1705.306729 -1705.308302 -1705.310849 -1705.315128 -1705.322585 -1705.336062 -1705.361285 -1705.410156 -1705.508474 -1705.715547 -1706.177361 -1707.279371 -1710.123791 -1718.203653 -1744.036525 -9999.0 -9999.0
-9999.0 -9999.0 -9999.0 -9999.0 -9999.0 -9999.0 -9999.0 -9999.0 -9999.0 -9999.0 -9999.0 -9999.0 -9999.0 -9999.0 -9999.0 -9999.0 -9999.0 -9999.0 -9999.0 -9999.0 -9999.0 -9999.0 -9999.0 -9999.0 -9999.0 -9999.0 -9999.0 -9999.0 -9999.0 -9999.0 -9999.0 -9999.0 -9999.0 -9999.0 -9999.0 -9999.0 -9999.0 -9999.0 -9999.0 -9999.0 -9999.0 -9999.0 -9999.0 -9999.0 -9999.0 -9999.0 -9999.0 -9999.0 -9999.0 -9999.0 -9999.0 -9999.0 -9999.0 -9999.0 -9999.0 -9999.0 -9999.0 -9999.0 -9999.0 -9999.0 -9999.0 -9999.0 -9999.0 -9999.0 -9999.0 -9999.0 -9999.0 -9999.0 -9999.0 -9999.0 -9999.0 -9999.0 -9999.0 -9999.0 -9999.0 -9999.0 -9999.0 -9999.0 -9999.0 -9999.0 -9999.0 -9999.0 -9999.0 -9999.0 -9999.0 -9999.0 -9999.0 -9999.0 -9999.0 -9999.0 -9999.0 -9999.0 -9999.0 -9999.0 -9999.0 -9999.0 -9999.0 -9999.0 -9999.0 -9999.0 -9999.0 -9999.0 -9999.0 -9999.0
-9999.0 -9999.0 -9999.0 -9999.0 -9999.0 -9999.0 -9999.0 -9999.0 -9999.0 -9999.0 -9999.0 -9999.0 -9999.0 -9999.0 -9999.0 -9999.0 -9999.0 -9999.0 -9999.0 -9999.0 -9999.0 -9999.0 -9999.0 -9999.0 -9999.0 -9999.0 -9999.0 -9999.0 -9999.0 -9999.0 -9999.0 -9999.0 -9999.0 -9999.0 -9999.0 -9999.0 -9999.0 -9999.0 -9999.0 -9999.0 -9999.0 -9999.0 -9999.0 -9999.0 -9999.0 -9999.0 -9999.0 -9999.0 -9999.0 -9999.0 -9999.0 -9999.0 -9999.0 -9999.0 -9999.0 -9999.0 -9999.0 -9999.0 -9999.0 -9999.0 -9999.0 -9999.0 -9999.0 -9999.0 -9999.0 -9999.0 -9999.0 -9999.0 -9999.0 -9999.0 -9999.0 -9999.0 -9999.0 -9999.0 -9999.0 -9999.0 -9999.0 -9999.0 -9999.0 -9999.0 -9999.0 -9999.0 -9999.0 -9999.0 -9999.0 -9999.0 -9999.0 -9999.0 -9999.0 -9999.0 -9999.0 -9999.0 -9999.0 -9999.0 -9999.0 -9999.0 -9999.0 -9999.0 -9999.0 -9999.0 -9999.0 -9999.0 -9999.0 -9999.0