inst/processing_geotop_simulation/geotop_simulation/out/maps3D/PwL0019N0237.asc
ncols         104
nrows         10
xllcorner     -2.000000
yllcorner     0.000000
cellsize      1.000000
NODATA_value  -9999.0
-9999.0 -9999.0 -9999.0 -9999.0 -9999.0 -9999.0 -9999.0 -9999.0 -9999.0 -9999.0 -9999.0 -9999.0 -9999.0 -9999.0 -9999.0 -9999.0 -9999.0 -9999.0 -9999.0 -9999.0 -9999.0 -9999.0 -9999.0 -9999.0 -9999.0 -9999.0 -9999.0 -9999.0 -9999.0 -9999.0 -9999.0 -9999.0 -9999.0 -9999.0 -9999.0 -9999.0 -9999.0 -9999.0 -9999.0 -9999.0 -9999.0 -9999.0 -9999.0 -9999.0 -9999.0 -9999.0 -9999.0 -9999.0 -9999.0 -9999.0 -9999.0 -9999.0 -9999.0 -9999.0 -9999.0 -9999.0 -9999.0 -9999.0 -9999.0 -9999.0 -9999.0 -9999.0 -9999.0 -9999.0 -9999.0 -9999.0 -9999.0 -9999.0 -9999.0 -9999.0 -9999.0 -9999.0 -9999.0 -9999.0 -9999.0 -9999.0 -9999.0 -9999.0 -9999.0 -9999.0 -9999.0 -9999.0 -9999.0 -9999.0 -9999.0 -9999.0 -9999.0 -9999.0 -9999.0 -9999.0 -9999.0 -9999.0 -9999.0 -9999.0 -9999.0 -9999.0 -9999.0 -9999.0 -9999.0 -9999.0 -9999.0 -9999.0 -9999.0 -9999.0
-9999.0 -9999.0 -9999.0 -9999.0 -9999.0 -9999.0 -9999.0 -9999.0 -9999.0 -9999.0 -9999.0 -9999.0 -9999.0 -9999.0 -9999.0 -9999.0 -9999.0 -9999.0 -9999.0 -9999.0 -9999.0 -9999.0 -9999.0 -9999.0 -9999.0 -9999.0 -9999.0 -9999.0 -9999.0 -9999.0 -9999.0 -9999.0 -9999.0 -9999.0 -9999.0 -9999.0 -9999.0 -9999.0 -9999.0 -9999.0 -9999.0 -9999.0 -9999.0 -9999.0 -9999.0 -9999.0 -9999.0 -9999.0 -9999.0 -9999.0 -9999.0 -9999.0 -9999.0 -9999.0 -9999.0 -9999.0 -9999.0 -9999.0 -9999.0 -9999.0 -9999.0 -9999.0 -9999.0 -9999.0 -9999.0 -9999.0 -9999.0 -9999.0 -9999.0 -9999.0 -9999.0 -9999.0 -9999.0 -9999.0 -9999.0 -9999.0 -9999.0 -9999.0 -9999.0 -9999.0 -9999.0 -9999.0 -9999.0 -9999.0 -9999.0 -9999.0 -9999.0 -9999.0 -9999.0 -9999.0 -9999.0 -9999.0 -9999.0 -9999.0 -9999.0 -9999.0 -9999.0 -9999.0 -9999.0 -9999.0 -9999.0 -9999.0 -9999.0 -9999.0
-9999.0 -9999.0 924.295424 826.949871 729.356293 631.424056 533.309158 435.112506 336.889291 238.669528 140.469908 42.300255 -55.825826 -153.902714 -251.895020 -349.722894 -447.229975 -544.145308 -640.036382 -735.333663 -830.592733 -924.831249 -1017.796197 -1103.942010 -1177.101850 -1239.271827 -1289.899013 -1329.503476 -1359.393427 -1381.270382 -1396.882901 -1407.802280 -1415.320824 -1420.437363 -1423.890481 -1426.211413 -1427.784827 -1428.941794 -1430.255224 -1433.748662 -1447.387206 -1507.852096 -1927.173766 -3995.784542 -4034.649774 -4034.652970 -4034.635920 -4034.445747 -4033.536679 -4030.594158 -4022.740028 -4001.373036 -3969.436981 -3932.888893 -3880.840397 -3800.135622 -3674.553990 -3493.327720 -3263.778812 -3010.511378 -2720.230897 -1623.418538 -1467.371466 -1439.537097 -1432.705576 -1431.302741 -1431.061169 -1431.023257 -1431.017962 -1431.017844 -1431.018475 -1431.019102 -1431.019609 -1431.020004 -1431.020312 -1431.020556 -1431.020753 -1431.020916 -1431.021056 -1431.021182 -1431.021307 -1431.021445 -1431.021614 -1431.021842 -1431.022171 -1431.022667 -1431.023440 -1431.024668 -1431.026661 -1431.029964 -1431.035574 -1431.045372 -1431.063018 -1431.095788 -1431.158475 -1431.282115 -1431.535285 -1432.080769 -1433.333506 -1436.415638 -1444.627884 -1469.545773 -9999.0 -9999.0
-9999.0 -9999.0 924.298741 826.951120 729.356700 631.424189 533.309202 435.112521 336.889296 238.669530 140.469908 42.300256 -55.825826 -153.902714 -251.895021 -349.722894 -447.229975 -544.145308 -640.036383 -735.333664 -830.592733 -924.831250 -1017.796198 -1103.942010 -1177.101850 -1239.271827 -1289.899013 -1329.503476 -1359.393427 -1381.270382 -1396.882901 -1407.802280 -1415.320824 -1420.437363 -1423.890481 -1426.211413 -1427.784827 -1428.941794 -1430.255224 -1433.748662 -1447.387206 -1507.852096 -1927.173765 -3995.784542 -4034.649774 -4034.652970 -4034.635920 -4034.445747 -4033.536679 -4030.594158 -4022.740027 -4001.373035 -3969.436981 -3932.888893 -3880.840397 -3800.135622 -3674.553989 -3493.327720 -3263.778810 -3010.511378 -2720.230897 -1623.418538 -1467.371466 -1439.537097 -1432.705576 -1431.302741 -1431.061169 -1431.023257 -1431.017962 -1431.017844 -1431.018475 -1431.019102 -1431.019609 -1431.020004 -1431.020312 -1431.020556 -1431.020753 -1431.020916 -1431.021056 -1431.021182 -1431.021307 -1431.021445 -1431.021614 -1431.021842 -1431.022171 -1431.022667 -1431.023440 -1431.024668 -1431.026661 -1431.029964 -1431.035574 -1431.045372 -1431.063018 -1431.095788 -1431.158475 -1431.282115 -1431.535285 -1432.080769 -1433.333506 -1436.415638 -1444.627884 -1469.545773 -9999.0 -9999.0
-9999.0 -9999.0 924.299985 826.951786 729.356980 631.424296 533.309242 435.112536 336.889302 238.669532 140.469909 42.300256 -55.825826 -153.902714 -251.895021 -349.722894 -447.229975 -544.145308 -640.036383 -735.333664 -830.592734 -924.831250 -1017.796198 -1103.942011 -1177.101850 -1239.271827 -1289.899013 -1329.503477 -1359.393427 -1381.270382 -1396.882902 -1407.802280 -1415.320824 -1420.437363 -1423.890481 -1426.211413 -1427.784827 -1428.941794 -1430.255224 -1433.748662 -1447.387206 -1507.852096 -1927.173765 -3995.784542 -4034.649774 -4034.652970 -4034.635920 -4034.445747 -4033.536679 -4030.594158 -4022.740027 -4001.373035 -3969.436981 -3932.888893 -3880.840397 -3800.135621 -3674.553989 -3493.327719 -3263.778811 -3010.511377 -2720.230896 -1623.418538 -1467.371466 -1439.537097 -1432.705576 -1431.302741 -1431.061169 -1431.023257 -1431.017962 -1431.017844 -1431.018475 -1431.019102 -1431.019609 -1431.020004 -1431.020312 -1431.020556 -1431.020753 -1431.020916 -1431.021056 -1431.021182 -1431.021307 -1431.021445 -1431.021614 -1431.021842 -1431.022171 -1431.022667 -1431.023440 -1431.024668 -1431.026661 -1431.029964 -1431.035574 -1431.045372 -1431.063018 -1431.095788 -1431.158475 -1431.282115 -1431.535285 -1432.080769 -1433.333506 -1436.415638 -1444.627884 -1469.545773 -9999.0 -9999.0
-9999.0 -9999.0 924.299985 826.951786 729.356980 631.424296 533.309242 435.112536 336.889302 238.669532 140.469909 42.300256 -55.825826 -153.902714 -251.895021 -349.722894 -447.229975 -544.145308 -640.036383 -735.333664 -830.592734 -924.831250 -1017.796198 -1103.942011 -1177.101850 -1239.271827 -1289.899013 -1329.503477 -1359.393427 -1381.270382 -1396.882902 -1407.802280 -1415.320824 -1420.437363 -1423.890481 -1426.211413 -1427.784827 -1428.941794 -1430.255224 -1433.748662 -1447.387206 -1507.852096 -1927.173765 -3995.784542 -4034.649774 -4034.652970 -4034.635920 -4034.445747 -4033.536679 -4030.594158 -4022.740027 -4001.373035 -3969.436981 -3932.888893 -3880.840396 -3800.135621 -3674.553989 -3493.327720 -3263.778810 -3010.511378 -2720.230896 -1623.418538 -1467.371466 -1439.537097 -1432.705576 -1431.302741 -1431.061169 -1431.023257 -1431.017962 -1431.017844 -1431.018475 -1431.019102 -1431.019609 -1431.020004 -1431.020312 -1431.020556 -1431.020753 -1431.020916 -1431.021056 -1431.021182 -1431.021307 -1431.021445 -1431.021614 -1431.021842 -1431.022171 -1431.022667 -1431.023440 -1431.024668 -1431.026661 -1431.029964 -1431.035574 -1431.045372 -1431.063018 -1431.095788 -1431.158475 -1431.282115 -1431.535285 -1432.080769 -1433.333506 -1436.415638 -1444.627884 -1469.545773 -9999.0 -9999.0
-9999.0 -9999.0 924.298741 826.951120 729.356700 631.424189 533.309202 435.112522 336.889296 238.669530 140.469908 42.300256 -55.825826 -153.902714 -251.895021 -349.722894 -447.229975 -544.145308 -640.036383 -735.333664 -830.592733 -924.831250 -1017.796197 -1103.942010 -1177.101850 -1239.271827 -1289.899013 -1329.503476 -1359.393427 -1381.270382 -1396.882901 -1407.802280 -1415.320824 -1420.437363 -1423.890481 -1426.211413 -1427.784827 -1428.941794 -1430.255224 -1433.748662 -1447.387206 -1507.852096 -1927.173765 -3995.784542 -4034.649774 -4034.652970 -4034.635920 -4034.445747 -4033.536679 -4030.594158 -4022.740027 -4001.373035 -3969.436981 -3932.888893 -3880.840397 -3800.135621 -3674.553989 -3493.327720 -3263.778811 -3010.511378 -2720.230897 -1623.418538 -1467.371466 -1439.537097 -1432.705576 -1431.302741 -1431.061169 -1431.023257 -1431.017962 -1431.017844 -1431.018475 -1431.019102 -1431.019609 -1431.020004 -1431.020312 -1431.020556 -1431.020753 -1431.020916 -1431.021056 -1431.021182 -1431.021307 -1431.021445 -1431.021614 -1431.021842 -1431.022171 -1431.022667 -1431.023440 -1431.024668 -1431.026661 -1431.029964 -1431.035574 -1431.045372 -1431.063018 -1431.095788 -1431.158475 -1431.282115 -1431.535285 -1432.080769 -1433.333506 -1436.415638 -1444.627884 -1469.545773 -9999.0 -9999.0
-9999.0 -9999.0 924.295424 826.949871 729.356293 631.424056 533.309158 435.112506 336.889291 238.669528 140.469908 42.300255 -55.825826 -153.902714 -251.895020 -349.722894 -447.229975 -544.145308 -640.036382 -735.333663 -830.592733 -924.831249 -1017.796197 -1103.942010 -1177.101850 -1239.271827 -1289.899013 -1329.503476 -1359.393427 -1381.270382 -1396.882901 -1407.802280 -1415.320824 -1420.437363 -1423.890481 -1426.211413 -1427.784827 -1428.941794 -1430.255224 -1433.748662 -1447.387206 -1507.852096 -1927.173766 -3995.784542 -4034.649774 -4034.652970 -4034.635920 -4034.445747 -4033.536679 -4030.594158 -4022.740028 -4001.373036 -3969.436981 -3932.888893 -3880.840397 -3800.135622 -3674.553990 -3493.327721 -3263.778811 -3010.511378 -2720.230897 -1623.418538 -1467.371466 -1439.537097 -1432.705576 -1431.302741 -1431.061169 -1431.023257 -1431.017962 -1431.017844 -1431.018475 -1431.019102 -1431.019609 -1431.020004 -1431.020312 -1431.020556 -1431.020753 -1431.020916 -1431.021056 -1431.021182 -1431.021307 -1431.021445 -1431.021614 -1431.021842 -1431.022171 -1431.022667 -1431.023440 -1431.024668 -1431.026661 -1431.029964 -1431.035574 -1431.045372 -1431.063018 -1431.095788 -1431.158475 -1431.282115 -1431.535285 -1432.080769 -1433.333506 -1436.415638 -1444.627884 -1469.545773 -9999.0 -9999.0
-9999.0 -9999.0 -9999.0 -9999.0 -9999.0 -9999.0 -9999.0 -9999.0 -9999.0 -9999.0 -9999.0 -9999.0 -9999.0 -9999.0 -9999.0 -9999.0 -9999.0 -9999.0 -9999.0 -9999.0 -9999.0 -9999.0 -9999.0 -9999.0 -9999.0 -9999.0 -9999.0 -9999.0 -9999.0 -9999.0 -9999.0 -9999.0 -9999.0 -9999.0 -9999.0 -9999.0 -9999.0 -9999.0 -9999.0 -9999.0 -9999.0 -9999.0 -9999.0 -9999.0 -9999.0 -9999.0 -9999.0 -9999.0 -9999.0 -9999.0 -9999.0 -9999.0 -9999.0 -9999.0 -9999.0 -9999.0 -9999.0 -9999.0 -9999.0 -9999.0 -9999.0 -9999.0 -9999.0 -9999.0 -9999.0 -9999.0 -9999.0 -9999.0 -9999.0 -9999.0 -9999.0 -9999.0 -9999.0 -9999.0 -9999.0 -9999.0 -9999.0 -9999.0 -9999.0 -9999.0 -9999.0 -9999.0 -9999.0 -9999.0 -9999.0 -9999.0 -9999.0 -9999.0 -9999.0 -9999.0 -9999.0 -9999.0 -9999.0 -9999.0 -9999.0 -9999.0 -9999.0 -9999.0 -9999.0 -9999.0 -9999.0 -9999.0 -9999.0 -9999.0
-9999.0 -9999.0 -9999.0 -9999.0 -9999.0 -9999.0 -9999.0 -9999.0 -9999.0 -9999.0 -9999.0 -9999.0 -9999.0 -9999.0 -9999.0 -9999.0 -9999.0 -9999.0 -9999.0 -9999.0 -9999.0 -9999.0 -9999.0 -9999.0 -9999.0 -9999.0 -9999.0 -9999.0 -9999.0 -9999.0 -9999.0 -9999.0 -9999.0 -9999.0 -9999.0 -9999.0 -9999.0 -9999.0 -9999.0 -9999.0 -9999.0 -9999.0 -9999.0 -9999.0 -9999.0 -9999.0 -9999.0 -9999.0 -9999.0 -9999.0 -9999.0 -9999.0 -9999.0 -9999.0 -9999.0 -9999.0 -9999.0 -9999.0 -9999.0 -9999.0 -9999.0 -9999.0 -9999.0 -9999.0 -9999.0 -9999.0 -9999.0 -9999.0 -9999.0 -9999.0 -9999.0 -9999.0 -9999.0 -9999.0 -9999.0 -9999.0 -9999.0 -9999.0 -9999.0 -9999.0 -9999.0 -9999.0 -9999.0 -9999.0 -9999.0 -9999.0 -9999.0 -9999.0 -9999.0 -9999.0 -9999.0 -9999.0 -9999.0 -9999.0 -9999.0 -9999.0 -9999.0 -9999.0 -9999.0 -9999.0 -9999.0 -9999.0 -9999.0 -9999.0