inst/processing_geotop_simulation/geotop_simulation/out/maps3D/PwL0000N0473.asc
ncols         104
nrows         10
xllcorner     -2.000000
yllcorner     0.000000
cellsize      1.000000
NODATA_value  -9999.0
-9999.0 -9999.0 -9999.0 -9999.0 -9999.0 -9999.0 -9999.0 -9999.0 -9999.0 -9999.0 -9999.0 -9999.0 -9999.0 -9999.0 -9999.0 -9999.0 -9999.0 -9999.0 -9999.0 -9999.0 -9999.0 -9999.0 -9999.0 -9999.0 -9999.0 -9999.0 -9999.0 -9999.0 -9999.0 -9999.0 -9999.0 -9999.0 -9999.0 -9999.0 -9999.0 -9999.0 -9999.0 -9999.0 -9999.0 -9999.0 -9999.0 -9999.0 -9999.0 -9999.0 -9999.0 -9999.0 -9999.0 -9999.0 -9999.0 -9999.0 -9999.0 -9999.0 -9999.0 -9999.0 -9999.0 -9999.0 -9999.0 -9999.0 -9999.0 -9999.0 -9999.0 -9999.0 -9999.0 -9999.0 -9999.0 -9999.0 -9999.0 -9999.0 -9999.0 -9999.0 -9999.0 -9999.0 -9999.0 -9999.0 -9999.0 -9999.0 -9999.0 -9999.0 -9999.0 -9999.0 -9999.0 -9999.0 -9999.0 -9999.0 -9999.0 -9999.0 -9999.0 -9999.0 -9999.0 -9999.0 -9999.0 -9999.0 -9999.0 -9999.0 -9999.0 -9999.0 -9999.0 -9999.0 -9999.0 -9999.0 -9999.0 -9999.0 -9999.0 -9999.0
-9999.0 -9999.0 -9999.0 -9999.0 -9999.0 -9999.0 -9999.0 -9999.0 -9999.0 -9999.0 -9999.0 -9999.0 -9999.0 -9999.0 -9999.0 -9999.0 -9999.0 -9999.0 -9999.0 -9999.0 -9999.0 -9999.0 -9999.0 -9999.0 -9999.0 -9999.0 -9999.0 -9999.0 -9999.0 -9999.0 -9999.0 -9999.0 -9999.0 -9999.0 -9999.0 -9999.0 -9999.0 -9999.0 -9999.0 -9999.0 -9999.0 -9999.0 -9999.0 -9999.0 -9999.0 -9999.0 -9999.0 -9999.0 -9999.0 -9999.0 -9999.0 -9999.0 -9999.0 -9999.0 -9999.0 -9999.0 -9999.0 -9999.0 -9999.0 -9999.0 -9999.0 -9999.0 -9999.0 -9999.0 -9999.0 -9999.0 -9999.0 -9999.0 -9999.0 -9999.0 -9999.0 -9999.0 -9999.0 -9999.0 -9999.0 -9999.0 -9999.0 -9999.0 -9999.0 -9999.0 -9999.0 -9999.0 -9999.0 -9999.0 -9999.0 -9999.0 -9999.0 -9999.0 -9999.0 -9999.0 -9999.0 -9999.0 -9999.0 -9999.0 -9999.0 -9999.0 -9999.0 -9999.0 -9999.0 -9999.0 -9999.0 -9999.0 -9999.0 -9999.0
-9999.0 -9999.0 0.026578 -97.025375 -196.140231 -295.485269 -394.914397 -494.374262 -593.837911 -693.285084 -792.690049 -892.035813 -991.306286 -1090.482440 -1189.630772 -1288.730994 -1387.624598 -1486.186247 -1584.173182 -1681.069168 -1775.798792 -1866.347939 -1949.759974 -2023.003011 -2084.152226 -2132.921167 -2170.376044 -2198.303507 -2218.658370 -2233.235449 -2243.532578 -2250.728255 -2255.713893 -2259.145224 -2261.495381 -2263.103848 -2264.227030 -2265.124652 -2266.270506 -2268.422749 -2266.347889 -2184.616648 -1351.596976 -1347.148535 -1337.458225 -1330.988063 -1327.938048 -1327.445760 -1327.391075 -1327.395249 -1327.407867 -1327.421527 -1327.434670 -1327.446851 -1327.458231 -1327.472105 -1327.518425 -1327.820017 -1329.468056 -1333.074568 -1337.704166 -1335.112615 -2159.779555 -2260.916555 -2267.125608 -2266.797464 -2266.593344 -2266.546553 -2266.538339 -2266.537386 -2266.537628 -2266.537996 -2266.538314 -2266.538568 -2266.538768 -2266.538929 -2266.539061 -2266.539173 -2266.539271 -2266.539363 -2266.539455 -2266.539556 -2266.539680 -2266.539845 -2266.540079 -2266.540427 -2266.540962 -2266.541810 -2266.543183 -2266.545465 -2266.549364 -2266.556227 -2266.568695 -2266.592063 -2266.637226 -2266.727454 -2266.915357 -2267.328971 -2268.307766 -2270.848539 -2278.258574 -2303.004142 -9999.0 -9999.0
-9999.0 -9999.0 0.078514 -97.023594 -196.139787 -295.485140 -394.914355 -494.374248 -593.837906 -693.285082 -792.690047 -892.035813 -991.306286 -1090.482440 -1189.630771 -1288.730994 -1387.624598 -1486.186247 -1584.173182 -1681.069168 -1775.798792 -1866.347939 -1949.759974 -2023.003011 -2084.152226 -2132.921167 -2170.376044 -2198.303507 -2218.658370 -2233.235449 -2243.532578 -2250.728255 -2255.713893 -2259.145224 -2261.495381 -2263.103848 -2264.227030 -2265.124652 -2266.270506 -2268.422749 -2266.347889 -2184.616648 -1351.596976 -1347.148535 -1337.458224 -1330.988063 -1327.938047 -1327.445760 -1327.391075 -1327.395249 -1327.407867 -1327.421527 -1327.434670 -1327.446851 -1327.458231 -1327.472105 -1327.518425 -1327.820017 -1329.468056 -1333.074568 -1337.704166 -1335.112615 -2159.779555 -2260.916555 -2267.125608 -2266.797464 -2266.593344 -2266.546553 -2266.538339 -2266.537386 -2266.537628 -2266.537996 -2266.538314 -2266.538568 -2266.538768 -2266.538929 -2266.539061 -2266.539173 -2266.539271 -2266.539363 -2266.539455 -2266.539556 -2266.539680 -2266.539845 -2266.540079 -2266.540427 -2266.540962 -2266.541810 -2266.543183 -2266.545465 -2266.549364 -2266.556227 -2266.568695 -2266.592063 -2266.637226 -2266.727454 -2266.915357 -2267.328971 -2268.307766 -2270.848539 -2278.258574 -2303.004142 -9999.0 -9999.0
-9999.0 -9999.0 0.078535 -97.022880 -196.139506 -295.485038 -394.914319 -494.374235 -593.837901 -693.285080 -792.690047 -892.035812 -991.306286 -1090.482439 -1189.630771 -1288.730994 -1387.624598 -1486.186247 -1584.173182 -1681.069168 -1775.798793 -1866.347939 -1949.759974 -2023.003012 -2084.152226 -2132.921167 -2170.376044 -2198.303507 -2218.658370 -2233.235449 -2243.532578 -2250.728255 -2255.713893 -2259.145224 -2261.495381 -2263.103848 -2264.227030 -2265.124652 -2266.270506 -2268.422749 -2266.347889 -2184.616648 -1351.596976 -1347.148535 -1337.458224 -1330.988063 -1327.938047 -1327.445760 -1327.391075 -1327.395249 -1327.407867 -1327.421527 -1327.434670 -1327.446851 -1327.458231 -1327.472105 -1327.518425 -1327.820017 -1329.468056 -1333.074568 -1337.704166 -1335.112615 -2159.779555 -2260.916555 -2267.125608 -2266.797464 -2266.593344 -2266.546553 -2266.538339 -2266.537386 -2266.537628 -2266.537996 -2266.538314 -2266.538568 -2266.538768 -2266.538929 -2266.539061 -2266.539173 -2266.539271 -2266.539363 -2266.539455 -2266.539556 -2266.539680 -2266.539845 -2266.540079 -2266.540427 -2266.540962 -2266.541810 -2266.543183 -2266.545465 -2266.549364 -2266.556227 -2266.568695 -2266.592063 -2266.637226 -2266.727454 -2266.915357 -2267.328971 -2268.307766 -2270.848539 -2278.258574 -2303.004142 -9999.0 -9999.0
-9999.0 -9999.0 0.078535 -97.022880 -196.139506 -295.485039 -394.914319 -494.374235 -593.837901 -693.285080 -792.690047 -892.035812 -991.306286 -1090.482439 -1189.630771 -1288.730994 -1387.624598 -1486.186247 -1584.173182 -1681.069168 -1775.798793 -1866.347939 -1949.759974 -2023.003012 -2084.152226 -2132.921167 -2170.376044 -2198.303507 -2218.658370 -2233.235449 -2243.532578 -2250.728255 -2255.713893 -2259.145224 -2261.495381 -2263.103848 -2264.227030 -2265.124652 -2266.270506 -2268.422749 -2266.347889 -2184.616648 -1351.596976 -1347.148535 -1337.458224 -1330.988063 -1327.938047 -1327.445760 -1327.391075 -1327.395249 -1327.407867 -1327.421527 -1327.434670 -1327.446851 -1327.458231 -1327.472105 -1327.518425 -1327.820017 -1329.468056 -1333.074568 -1337.704166 -1335.112615 -2159.779555 -2260.916555 -2267.125608 -2266.797464 -2266.593344 -2266.546553 -2266.538339 -2266.537386 -2266.537628 -2266.537996 -2266.538314 -2266.538568 -2266.538768 -2266.538929 -2266.539061 -2266.539173 -2266.539271 -2266.539363 -2266.539455 -2266.539556 -2266.539680 -2266.539845 -2266.540079 -2266.540427 -2266.540962 -2266.541810 -2266.543183 -2266.545465 -2266.549364 -2266.556227 -2266.568695 -2266.592063 -2266.637226 -2266.727454 -2266.915357 -2267.328971 -2268.307766 -2270.848539 -2278.258574 -2303.004142 -9999.0 -9999.0
-9999.0 -9999.0 0.078514 -97.023594 -196.139787 -295.485140 -394.914356 -494.374248 -593.837906 -693.285082 -792.690047 -892.035813 -991.306286 -1090.482440 -1189.630772 -1288.730994 -1387.624598 -1486.186247 -1584.173182 -1681.069168 -1775.798792 -1866.347939 -1949.759974 -2023.003011 -2084.152226 -2132.921167 -2170.376044 -2198.303507 -2218.658370 -2233.235449 -2243.532578 -2250.728255 -2255.713893 -2259.145224 -2261.495381 -2263.103848 -2264.227030 -2265.124652 -2266.270506 -2268.422749 -2266.347889 -2184.616648 -1351.596976 -1347.148535 -1337.458224 -1330.988063 -1327.938047 -1327.445760 -1327.391075 -1327.395249 -1327.407867 -1327.421527 -1327.434670 -1327.446851 -1327.458231 -1327.472105 -1327.518425 -1327.820017 -1329.468056 -1333.074568 -1337.704166 -1335.112615 -2159.779555 -2260.916555 -2267.125608 -2266.797464 -2266.593344 -2266.546553 -2266.538339 -2266.537386 -2266.537628 -2266.537996 -2266.538314 -2266.538568 -2266.538768 -2266.538929 -2266.539061 -2266.539173 -2266.539271 -2266.539363 -2266.539455 -2266.539556 -2266.539680 -2266.539845 -2266.540079 -2266.540427 -2266.540962 -2266.541810 -2266.543183 -2266.545465 -2266.549364 -2266.556227 -2266.568695 -2266.592063 -2266.637226 -2266.727454 -2266.915357 -2267.328971 -2268.307766 -2270.848539 -2278.258574 -2303.004142 -9999.0 -9999.0
-9999.0 -9999.0 0.026578 -97.025375 -196.140231 -295.485269 -394.914397 -494.374262 -593.837911 -693.285084 -792.690048 -892.035813 -991.306286 -1090.482440 -1189.630772 -1288.730994 -1387.624598 -1486.186247 -1584.173182 -1681.069168 -1775.798792 -1866.347939 -1949.759974 -2023.003011 -2084.152226 -2132.921167 -2170.376044 -2198.303507 -2218.658370 -2233.235449 -2243.532578 -2250.728255 -2255.713893 -2259.145224 -2261.495381 -2263.103848 -2264.227030 -2265.124652 -2266.270506 -2268.422749 -2266.347889 -2184.616648 -1351.596976 -1347.148535 -1337.458225 -1330.988063 -1327.938048 -1327.445760 -1327.391075 -1327.395249 -1327.407867 -1327.421527 -1327.434670 -1327.446851 -1327.458231 -1327.472105 -1327.518425 -1327.820017 -1329.468056 -1333.074568 -1337.704166 -1335.112615 -2159.779555 -2260.916555 -2267.125608 -2266.797464 -2266.593344 -2266.546553 -2266.538339 -2266.537386 -2266.537628 -2266.537996 -2266.538314 -2266.538568 -2266.538768 -2266.538929 -2266.539061 -2266.539173 -2266.539271 -2266.539363 -2266.539455 -2266.539556 -2266.539680 -2266.539845 -2266.540079 -2266.540427 -2266.540962 -2266.541810 -2266.543183 -2266.545465 -2266.549364 -2266.556227 -2266.568695 -2266.592063 -2266.637226 -2266.727454 -2266.915357 -2267.328971 -2268.307766 -2270.848539 -2278.258574 -2303.004142 -9999.0 -9999.0
-9999.0 -9999.0 -9999.0 -9999.0 -9999.0 -9999.0 -9999.0 -9999.0 -9999.0 -9999.0 -9999.0 -9999.0 -9999.0 -9999.0 -9999.0 -9999.0 -9999.0 -9999.0 -9999.0 -9999.0 -9999.0 -9999.0 -9999.0 -9999.0 -9999.0 -9999.0 -9999.0 -9999.0 -9999.0 -9999.0 -9999.0 -9999.0 -9999.0 -9999.0 -9999.0 -9999.0 -9999.0 -9999.0 -9999.0 -9999.0 -9999.0 -9999.0 -9999.0 -9999.0 -9999.0 -9999.0 -9999.0 -9999.0 -9999.0 -9999.0 -9999.0 -9999.0 -9999.0 -9999.0 -9999.0 -9999.0 -9999.0 -9999.0 -9999.0 -9999.0 -9999.0 -9999.0 -9999.0 -9999.0 -9999.0 -9999.0 -9999.0 -9999.0 -9999.0 -9999.0 -9999.0 -9999.0 -9999.0 -9999.0 -9999.0 -9999.0 -9999.0 -9999.0 -9999.0 -9999.0 -9999.0 -9999.0 -9999.0 -9999.0 -9999.0 -9999.0 -9999.0 -9999.0 -9999.0 -9999.0 -9999.0 -9999.0 -9999.0 -9999.0 -9999.0 -9999.0 -9999.0 -9999.0 -9999.0 -9999.0 -9999.0 -9999.0 -9999.0 -9999.0
-9999.0 -9999.0 -9999.0 -9999.0 -9999.0 -9999.0 -9999.0 -9999.0 -9999.0 -9999.0 -9999.0 -9999.0 -9999.0 -9999.0 -9999.0 -9999.0 -9999.0 -9999.0 -9999.0 -9999.0 -9999.0 -9999.0 -9999.0 -9999.0 -9999.0 -9999.0 -9999.0 -9999.0 -9999.0 -9999.0 -9999.0 -9999.0 -9999.0 -9999.0 -9999.0 -9999.0 -9999.0 -9999.0 -9999.0 -9999.0 -9999.0 -9999.0 -9999.0 -9999.0 -9999.0 -9999.0 -9999.0 -9999.0 -9999.0 -9999.0 -9999.0 -9999.0 -9999.0 -9999.0 -9999.0 -9999.0 -9999.0 -9999.0 -9999.0 -9999.0 -9999.0 -9999.0 -9999.0 -9999.0 -9999.0 -9999.0 -9999.0 -9999.0 -9999.0 -9999.0 -9999.0 -9999.0 -9999.0 -9999.0 -9999.0 -9999.0 -9999.0 -9999.0 -9999.0 -9999.0 -9999.0 -9999.0 -9999.0 -9999.0 -9999.0 -9999.0 -9999.0 -9999.0 -9999.0 -9999.0 -9999.0 -9999.0 -9999.0 -9999.0 -9999.0 -9999.0 -9999.0 -9999.0 -9999.0 -9999.0 -9999.0 -9999.0 -9999.0 -9999.0