inst/processing_geotop_simulation/geotop_simulation/out/maps3D/PwL0011N0378.asc
ncols         104
nrows         10
xllcorner     -2.000000
yllcorner     0.000000
cellsize      1.000000
NODATA_value  -9999.0
-9999.0 -9999.0 -9999.0 -9999.0 -9999.0 -9999.0 -9999.0 -9999.0 -9999.0 -9999.0 -9999.0 -9999.0 -9999.0 -9999.0 -9999.0 -9999.0 -9999.0 -9999.0 -9999.0 -9999.0 -9999.0 -9999.0 -9999.0 -9999.0 -9999.0 -9999.0 -9999.0 -9999.0 -9999.0 -9999.0 -9999.0 -9999.0 -9999.0 -9999.0 -9999.0 -9999.0 -9999.0 -9999.0 -9999.0 -9999.0 -9999.0 -9999.0 -9999.0 -9999.0 -9999.0 -9999.0 -9999.0 -9999.0 -9999.0 -9999.0 -9999.0 -9999.0 -9999.0 -9999.0 -9999.0 -9999.0 -9999.0 -9999.0 -9999.0 -9999.0 -9999.0 -9999.0 -9999.0 -9999.0 -9999.0 -9999.0 -9999.0 -9999.0 -9999.0 -9999.0 -9999.0 -9999.0 -9999.0 -9999.0 -9999.0 -9999.0 -9999.0 -9999.0 -9999.0 -9999.0 -9999.0 -9999.0 -9999.0 -9999.0 -9999.0 -9999.0 -9999.0 -9999.0 -9999.0 -9999.0 -9999.0 -9999.0 -9999.0 -9999.0 -9999.0 -9999.0 -9999.0 -9999.0 -9999.0 -9999.0 -9999.0 -9999.0 -9999.0 -9999.0
-9999.0 -9999.0 -9999.0 -9999.0 -9999.0 -9999.0 -9999.0 -9999.0 -9999.0 -9999.0 -9999.0 -9999.0 -9999.0 -9999.0 -9999.0 -9999.0 -9999.0 -9999.0 -9999.0 -9999.0 -9999.0 -9999.0 -9999.0 -9999.0 -9999.0 -9999.0 -9999.0 -9999.0 -9999.0 -9999.0 -9999.0 -9999.0 -9999.0 -9999.0 -9999.0 -9999.0 -9999.0 -9999.0 -9999.0 -9999.0 -9999.0 -9999.0 -9999.0 -9999.0 -9999.0 -9999.0 -9999.0 -9999.0 -9999.0 -9999.0 -9999.0 -9999.0 -9999.0 -9999.0 -9999.0 -9999.0 -9999.0 -9999.0 -9999.0 -9999.0 -9999.0 -9999.0 -9999.0 -9999.0 -9999.0 -9999.0 -9999.0 -9999.0 -9999.0 -9999.0 -9999.0 -9999.0 -9999.0 -9999.0 -9999.0 -9999.0 -9999.0 -9999.0 -9999.0 -9999.0 -9999.0 -9999.0 -9999.0 -9999.0 -9999.0 -9999.0 -9999.0 -9999.0 -9999.0 -9999.0 -9999.0 -9999.0 -9999.0 -9999.0 -9999.0 -9999.0 -9999.0 -9999.0 -9999.0 -9999.0 -9999.0 -9999.0 -9999.0 -9999.0
-9999.0 -9999.0 522.626403 424.276641 325.443501 226.364518 127.179223 27.949968 -71.290336 -170.528371 -269.753191 -368.946200 -468.074248 -567.067888 -665.829211 -764.475968 -863.136325 -961.642777 -1059.966653 -1157.428075 -1252.678181 -1344.457536 -1430.332995 -1507.659222 -1574.394828 -1629.621132 -1673.592269 -1707.441929 -1732.770483 -1751.285444 -1764.566507 -1773.950697 -1780.503007 -1785.035807 -1788.149976 -1790.282739 -1791.761395 -1792.895936 -1794.242562 -1797.222858 -1803.148348 -1792.236016 -1402.095827 -1695.388835 -1624.764405 -1579.683975 -1559.392103 -1556.617606 -1556.331291 -1556.358752 -1556.430728 -1556.508048 -1556.582318 -1556.651075 -1556.714826 -1556.788483 -1557.016503 -1558.604278 -1569.072748 -1593.009991 -1620.351472 -1320.922245 -1756.455006 -1795.599216 -1795.987647 -1795.133099 -1794.895298 -1794.849104 -1794.841629 -1794.840912 -1794.841260 -1794.841697 -1794.842067 -1794.842360 -1794.842593 -1794.842780 -1794.842935 -1794.843066 -1794.843182 -1794.843289 -1794.843397 -1794.843516 -1794.843659 -1794.843848 -1794.844115 -1794.844509 -1794.845114 -1794.846067 -1794.847606 -1794.850155 -1794.854495 -1794.862111 -1794.875902 -1794.901674 -1794.951326 -1795.050149 -1795.254879 -1795.702132 -1796.747696 -1799.406831 -1806.951060 -1831.594101 -9999.0 -9999.0
-9999.0 -9999.0 522.631707 424.278175 325.443935 226.364651 127.179266 27.949983 -71.290331 -170.528369 -269.753190 -368.946200 -468.074248 -567.067888 -665.829211 -764.475969 -863.136325 -961.642777 -1059.966654 -1157.428075 -1252.678181 -1344.457536 -1430.332995 -1507.659222 -1574.394828 -1629.621132 -1673.592269 -1707.441929 -1732.770483 -1751.285444 -1764.566507 -1773.950697 -1780.503007 -1785.035807 -1788.149976 -1790.282739 -1791.761395 -1792.895936 -1794.242562 -1797.222858 -1803.148348 -1792.236016 -1402.095827 -1695.388835 -1624.764405 -1579.683974 -1559.392103 -1556.617606 -1556.331291 -1556.358752 -1556.430728 -1556.508048 -1556.582318 -1556.651075 -1556.714826 -1556.788483 -1557.016503 -1558.604278 -1569.072748 -1593.009991 -1620.351472 -1320.922245 -1756.455006 -1795.599216 -1795.987647 -1795.133099 -1794.895298 -1794.849104 -1794.841629 -1794.840912 -1794.841260 -1794.841697 -1794.842067 -1794.842360 -1794.842593 -1794.842780 -1794.842935 -1794.843066 -1794.843182 -1794.843289 -1794.843397 -1794.843516 -1794.843659 -1794.843848 -1794.844115 -1794.844509 -1794.845114 -1794.846067 -1794.847606 -1794.850155 -1794.854495 -1794.862111 -1794.875902 -1794.901674 -1794.951326 -1795.050149 -1795.254879 -1795.702132 -1796.747696 -1799.406831 -1806.951060 -1831.594101 -9999.0 -9999.0
-9999.0 -9999.0 522.633049 424.278877 325.444219 226.364755 127.179303 27.949996 -71.290326 -170.528367 -269.753189 -368.946199 -468.074248 -567.067888 -665.829211 -764.475969 -863.136325 -961.642777 -1059.966654 -1157.428075 -1252.678182 -1344.457536 -1430.332995 -1507.659222 -1574.394828 -1629.621132 -1673.592269 -1707.441929 -1732.770483 -1751.285444 -1764.566507 -1773.950697 -1780.503007 -1785.035807 -1788.149976 -1790.282739 -1791.761395 -1792.895936 -1794.242562 -1797.222858 -1803.148348 -1792.236016 -1402.095827 -1695.388835 -1624.764405 -1579.683973 -1559.392103 -1556.617606 -1556.331291 -1556.358752 -1556.430728 -1556.508048 -1556.582318 -1556.651075 -1556.714826 -1556.788483 -1557.016503 -1558.604278 -1569.072748 -1593.009991 -1620.351472 -1320.922246 -1756.455006 -1795.599216 -1795.987647 -1795.133099 -1794.895298 -1794.849104 -1794.841629 -1794.840912 -1794.841260 -1794.841697 -1794.842067 -1794.842360 -1794.842593 -1794.842780 -1794.842935 -1794.843066 -1794.843182 -1794.843289 -1794.843397 -1794.843516 -1794.843659 -1794.843848 -1794.844115 -1794.844509 -1794.845114 -1794.846067 -1794.847606 -1794.850155 -1794.854495 -1794.862111 -1794.875902 -1794.901674 -1794.951326 -1795.050149 -1795.254879 -1795.702132 -1796.747696 -1799.406831 -1806.951060 -1831.594101 -9999.0 -9999.0
-9999.0 -9999.0 522.633048 424.278877 325.444218 226.364755 127.179303 27.949996 -71.290326 -170.528367 -269.753189 -368.946199 -468.074247 -567.067888 -665.829211 -764.475969 -863.136325 -961.642777 -1059.966654 -1157.428075 -1252.678182 -1344.457536 -1430.332995 -1507.659222 -1574.394828 -1629.621132 -1673.592269 -1707.441929 -1732.770483 -1751.285444 -1764.566507 -1773.950697 -1780.503007 -1785.035807 -1788.149976 -1790.282739 -1791.761395 -1792.895936 -1794.242562 -1797.222858 -1803.148348 -1792.236016 -1402.095827 -1695.388835 -1624.764405 -1579.683973 -1559.392103 -1556.617606 -1556.331291 -1556.358752 -1556.430728 -1556.508048 -1556.582318 -1556.651075 -1556.714826 -1556.788483 -1557.016503 -1558.604278 -1569.072748 -1593.009991 -1620.351472 -1320.922246 -1756.455006 -1795.599216 -1795.987647 -1795.133099 -1794.895298 -1794.849104 -1794.841629 -1794.840912 -1794.841260 -1794.841697 -1794.842067 -1794.842360 -1794.842593 -1794.842780 -1794.842935 -1794.843066 -1794.843182 -1794.843289 -1794.843397 -1794.843516 -1794.843659 -1794.843848 -1794.844115 -1794.844509 -1794.845114 -1794.846067 -1794.847606 -1794.850155 -1794.854495 -1794.862111 -1794.875902 -1794.901674 -1794.951326 -1795.050149 -1795.254879 -1795.702132 -1796.747696 -1799.406831 -1806.951060 -1831.594101 -9999.0 -9999.0
-9999.0 -9999.0 522.631707 424.278175 325.443935 226.364650 127.179266 27.949983 -71.290331 -170.528369 -269.753190 -368.946200 -468.074248 -567.067888 -665.829211 -764.475969 -863.136325 -961.642777 -1059.966654 -1157.428075 -1252.678182 -1344.457536 -1430.332995 -1507.659222 -1574.394828 -1629.621132 -1673.592269 -1707.441929 -1732.770483 -1751.285444 -1764.566507 -1773.950697 -1780.503007 -1785.035807 -1788.149976 -1790.282739 -1791.761395 -1792.895936 -1794.242562 -1797.222858 -1803.148348 -1792.236016 -1402.095827 -1695.388835 -1624.764405 -1579.683974 -1559.392103 -1556.617606 -1556.331291 -1556.358752 -1556.430728 -1556.508048 -1556.582318 -1556.651075 -1556.714826 -1556.788483 -1557.016503 -1558.604278 -1569.072748 -1593.009991 -1620.351472 -1320.922245 -1756.455006 -1795.599216 -1795.987647 -1795.133099 -1794.895298 -1794.849104 -1794.841629 -1794.840912 -1794.841260 -1794.841697 -1794.842067 -1794.842360 -1794.842593 -1794.842780 -1794.842935 -1794.843066 -1794.843182 -1794.843289 -1794.843397 -1794.843516 -1794.843659 -1794.843848 -1794.844115 -1794.844509 -1794.845114 -1794.846067 -1794.847606 -1794.850155 -1794.854495 -1794.862111 -1794.875902 -1794.901674 -1794.951326 -1795.050149 -1795.254879 -1795.702132 -1796.747696 -1799.406831 -1806.951060 -1831.594101 -9999.0 -9999.0
-9999.0 -9999.0 522.626403 424.276641 325.443501 226.364518 127.179222 27.949968 -71.290336 -170.528371 -269.753191 -368.946200 -468.074248 -567.067888 -665.829211 -764.475969 -863.136325 -961.642777 -1059.966653 -1157.428075 -1252.678181 -1344.457536 -1430.332995 -1507.659222 -1574.394828 -1629.621132 -1673.592269 -1707.441929 -1732.770483 -1751.285444 -1764.566507 -1773.950697 -1780.503007 -1785.035807 -1788.149976 -1790.282739 -1791.761395 -1792.895936 -1794.242562 -1797.222858 -1803.148348 -1792.236016 -1402.095827 -1695.388835 -1624.764405 -1579.683975 -1559.392103 -1556.617606 -1556.331291 -1556.358752 -1556.430728 -1556.508048 -1556.582318 -1556.651075 -1556.714826 -1556.788483 -1557.016503 -1558.604278 -1569.072748 -1593.009991 -1620.351472 -1320.922245 -1756.455006 -1795.599216 -1795.987647 -1795.133099 -1794.895298 -1794.849104 -1794.841629 -1794.840912 -1794.841260 -1794.841697 -1794.842067 -1794.842360 -1794.842593 -1794.842780 -1794.842935 -1794.843066 -1794.843182 -1794.843289 -1794.843397 -1794.843516 -1794.843659 -1794.843848 -1794.844115 -1794.844509 -1794.845114 -1794.846067 -1794.847606 -1794.850155 -1794.854495 -1794.862111 -1794.875902 -1794.901674 -1794.951326 -1795.050149 -1795.254879 -1795.702132 -1796.747696 -1799.406831 -1806.951060 -1831.594101 -9999.0 -9999.0
-9999.0 -9999.0 -9999.0 -9999.0 -9999.0 -9999.0 -9999.0 -9999.0 -9999.0 -9999.0 -9999.0 -9999.0 -9999.0 -9999.0 -9999.0 -9999.0 -9999.0 -9999.0 -9999.0 -9999.0 -9999.0 -9999.0 -9999.0 -9999.0 -9999.0 -9999.0 -9999.0 -9999.0 -9999.0 -9999.0 -9999.0 -9999.0 -9999.0 -9999.0 -9999.0 -9999.0 -9999.0 -9999.0 -9999.0 -9999.0 -9999.0 -9999.0 -9999.0 -9999.0 -9999.0 -9999.0 -9999.0 -9999.0 -9999.0 -9999.0 -9999.0 -9999.0 -9999.0 -9999.0 -9999.0 -9999.0 -9999.0 -9999.0 -9999.0 -9999.0 -9999.0 -9999.0 -9999.0 -9999.0 -9999.0 -9999.0 -9999.0 -9999.0 -9999.0 -9999.0 -9999.0 -9999.0 -9999.0 -9999.0 -9999.0 -9999.0 -9999.0 -9999.0 -9999.0 -9999.0 -9999.0 -9999.0 -9999.0 -9999.0 -9999.0 -9999.0 -9999.0 -9999.0 -9999.0 -9999.0 -9999.0 -9999.0 -9999.0 -9999.0 -9999.0 -9999.0 -9999.0 -9999.0 -9999.0 -9999.0 -9999.0 -9999.0 -9999.0 -9999.0
-9999.0 -9999.0 -9999.0 -9999.0 -9999.0 -9999.0 -9999.0 -9999.0 -9999.0 -9999.0 -9999.0 -9999.0 -9999.0 -9999.0 -9999.0 -9999.0 -9999.0 -9999.0 -9999.0 -9999.0 -9999.0 -9999.0 -9999.0 -9999.0 -9999.0 -9999.0 -9999.0 -9999.0 -9999.0 -9999.0 -9999.0 -9999.0 -9999.0 -9999.0 -9999.0 -9999.0 -9999.0 -9999.0 -9999.0 -9999.0 -9999.0 -9999.0 -9999.0 -9999.0 -9999.0 -9999.0 -9999.0 -9999.0 -9999.0 -9999.0 -9999.0 -9999.0 -9999.0 -9999.0 -9999.0 -9999.0 -9999.0 -9999.0 -9999.0 -9999.0 -9999.0 -9999.0 -9999.0 -9999.0 -9999.0 -9999.0 -9999.0 -9999.0 -9999.0 -9999.0 -9999.0 -9999.0 -9999.0 -9999.0 -9999.0 -9999.0 -9999.0 -9999.0 -9999.0 -9999.0 -9999.0 -9999.0 -9999.0 -9999.0 -9999.0 -9999.0 -9999.0 -9999.0 -9999.0 -9999.0 -9999.0 -9999.0 -9999.0 -9999.0 -9999.0 -9999.0 -9999.0 -9999.0 -9999.0 -9999.0 -9999.0 -9999.0 -9999.0 -9999.0