inst/processing_geotop_simulation/geotop_simulation/out/maps3D/PwL0010N0391.asc
ncols         104
nrows         10
xllcorner     -2.000000
yllcorner     0.000000
cellsize      1.000000
NODATA_value  -9999.0
-9999.0 -9999.0 -9999.0 -9999.0 -9999.0 -9999.0 -9999.0 -9999.0 -9999.0 -9999.0 -9999.0 -9999.0 -9999.0 -9999.0 -9999.0 -9999.0 -9999.0 -9999.0 -9999.0 -9999.0 -9999.0 -9999.0 -9999.0 -9999.0 -9999.0 -9999.0 -9999.0 -9999.0 -9999.0 -9999.0 -9999.0 -9999.0 -9999.0 -9999.0 -9999.0 -9999.0 -9999.0 -9999.0 -9999.0 -9999.0 -9999.0 -9999.0 -9999.0 -9999.0 -9999.0 -9999.0 -9999.0 -9999.0 -9999.0 -9999.0 -9999.0 -9999.0 -9999.0 -9999.0 -9999.0 -9999.0 -9999.0 -9999.0 -9999.0 -9999.0 -9999.0 -9999.0 -9999.0 -9999.0 -9999.0 -9999.0 -9999.0 -9999.0 -9999.0 -9999.0 -9999.0 -9999.0 -9999.0 -9999.0 -9999.0 -9999.0 -9999.0 -9999.0 -9999.0 -9999.0 -9999.0 -9999.0 -9999.0 -9999.0 -9999.0 -9999.0 -9999.0 -9999.0 -9999.0 -9999.0 -9999.0 -9999.0 -9999.0 -9999.0 -9999.0 -9999.0 -9999.0 -9999.0 -9999.0 -9999.0 -9999.0 -9999.0 -9999.0 -9999.0
-9999.0 -9999.0 -9999.0 -9999.0 -9999.0 -9999.0 -9999.0 -9999.0 -9999.0 -9999.0 -9999.0 -9999.0 -9999.0 -9999.0 -9999.0 -9999.0 -9999.0 -9999.0 -9999.0 -9999.0 -9999.0 -9999.0 -9999.0 -9999.0 -9999.0 -9999.0 -9999.0 -9999.0 -9999.0 -9999.0 -9999.0 -9999.0 -9999.0 -9999.0 -9999.0 -9999.0 -9999.0 -9999.0 -9999.0 -9999.0 -9999.0 -9999.0 -9999.0 -9999.0 -9999.0 -9999.0 -9999.0 -9999.0 -9999.0 -9999.0 -9999.0 -9999.0 -9999.0 -9999.0 -9999.0 -9999.0 -9999.0 -9999.0 -9999.0 -9999.0 -9999.0 -9999.0 -9999.0 -9999.0 -9999.0 -9999.0 -9999.0 -9999.0 -9999.0 -9999.0 -9999.0 -9999.0 -9999.0 -9999.0 -9999.0 -9999.0 -9999.0 -9999.0 -9999.0 -9999.0 -9999.0 -9999.0 -9999.0 -9999.0 -9999.0 -9999.0 -9999.0 -9999.0 -9999.0 -9999.0 -9999.0 -9999.0 -9999.0 -9999.0 -9999.0 -9999.0 -9999.0 -9999.0 -9999.0 -9999.0 -9999.0 -9999.0 -9999.0 -9999.0
-9999.0 -9999.0 472.857395 374.495973 275.613103 176.486382 77.256551 -22.014058 -121.295963 -220.576070 -319.840173 -419.067674 -518.219058 -617.213477 -715.950112 -814.790216 -913.517349 -1012.110147 -1110.551434 -1207.560752 -1302.655629 -1394.129986 -1479.471659 -1555.994430 -1621.697729 -1675.775045 -1718.611910 -1751.444316 -1775.926433 -1793.776546 -1806.557838 -1815.578637 -1821.873254 -1826.226711 -1829.217800 -1831.267007 -1832.689598 -1833.787214 -1835.104120 -1837.970974 -1842.813026 -1821.926155 -1328.976363 -1496.110617 -1451.566495 -1422.542377 -1409.281434 -1407.415064 -1407.220327 -1407.238273 -1407.286409 -1407.338182 -1407.387924 -1407.433981 -1407.476733 -1407.526554 -1407.682997 -1408.762550 -1415.658549 -1431.250706 -1449.037330 -1267.675343 -1787.516427 -1835.499325 -1836.719470 -1835.938495 -1835.705061 -1835.658716 -1835.651127 -1835.650374 -1835.650705 -1835.651131 -1835.651493 -1835.651780 -1835.652008 -1835.652191 -1835.652342 -1835.652471 -1835.652584 -1835.652689 -1835.652795 -1835.652911 -1835.653052 -1835.653237 -1835.653499 -1835.653886 -1835.654480 -1835.655416 -1835.656928 -1835.659434 -1835.663701 -1835.671191 -1835.684762 -1835.710130 -1835.759027 -1835.856394 -1836.058235 -1836.499578 -1837.532940 -1840.168902 -1847.681562 -1872.323338 -9999.0 -9999.0
-9999.0 -9999.0 472.863059 374.497545 275.613541 176.486514 77.256593 -22.014043 -121.295958 -220.576068 -319.840171 -419.067674 -518.219058 -617.213477 -715.950112 -814.790216 -913.517349 -1012.110147 -1110.551434 -1207.560752 -1302.655630 -1394.129986 -1479.471659 -1555.994431 -1621.697729 -1675.775045 -1718.611910 -1751.444316 -1775.926433 -1793.776546 -1806.557838 -1815.578637 -1821.873254 -1826.226711 -1829.217800 -1831.267007 -1832.689598 -1833.787214 -1835.104120 -1837.970974 -1842.813026 -1821.926155 -1328.976363 -1496.110617 -1451.566495 -1422.542377 -1409.281434 -1407.415064 -1407.220327 -1407.238273 -1407.286409 -1407.338182 -1407.387924 -1407.433981 -1407.476733 -1407.526554 -1407.682997 -1408.762550 -1415.658549 -1431.250706 -1449.037330 -1267.675343 -1787.516427 -1835.499325 -1836.719470 -1835.938495 -1835.705061 -1835.658716 -1835.651127 -1835.650374 -1835.650705 -1835.651131 -1835.651493 -1835.651780 -1835.652008 -1835.652191 -1835.652342 -1835.652471 -1835.652584 -1835.652689 -1835.652795 -1835.652911 -1835.653052 -1835.653237 -1835.653499 -1835.653886 -1835.654480 -1835.655416 -1835.656928 -1835.659434 -1835.663701 -1835.671191 -1835.684761 -1835.710130 -1835.759027 -1835.856394 -1836.058235 -1836.499578 -1837.532940 -1840.168902 -1847.681562 -1872.323338 -9999.0 -9999.0
-9999.0 -9999.0 472.864402 374.498251 275.613824 176.486619 77.256631 -22.014029 -121.295953 -220.576066 -319.840171 -419.067673 -518.219058 -617.213477 -715.950112 -814.790216 -913.517349 -1012.110147 -1110.551434 -1207.560752 -1302.655630 -1394.129987 -1479.471659 -1555.994431 -1621.697729 -1675.775045 -1718.611910 -1751.444316 -1775.926433 -1793.776546 -1806.557838 -1815.578637 -1821.873254 -1826.226711 -1829.217800 -1831.267007 -1832.689598 -1833.787214 -1835.104120 -1837.970974 -1842.813026 -1821.926155 -1328.976363 -1496.110617 -1451.566494 -1422.542376 -1409.281434 -1407.415064 -1407.220327 -1407.238273 -1407.286409 -1407.338182 -1407.387924 -1407.433981 -1407.476733 -1407.526554 -1407.682997 -1408.762550 -1415.658549 -1431.250706 -1449.037330 -1267.675343 -1787.516427 -1835.499325 -1836.719470 -1835.938495 -1835.705061 -1835.658716 -1835.651127 -1835.650374 -1835.650705 -1835.651131 -1835.651493 -1835.651780 -1835.652008 -1835.652191 -1835.652342 -1835.652471 -1835.652584 -1835.652689 -1835.652795 -1835.652911 -1835.653052 -1835.653237 -1835.653499 -1835.653886 -1835.654480 -1835.655416 -1835.656928 -1835.659434 -1835.663701 -1835.671191 -1835.684761 -1835.710130 -1835.759027 -1835.856394 -1836.058235 -1836.499578 -1837.532940 -1840.168902 -1847.681562 -1872.323338 -9999.0 -9999.0
-9999.0 -9999.0 472.864402 374.498251 275.613824 176.486619 77.256631 -22.014029 -121.295953 -220.576066 -319.840171 -419.067673 -518.219058 -617.213477 -715.950112 -814.790216 -913.517349 -1012.110147 -1110.551434 -1207.560753 -1302.655630 -1394.129987 -1479.471659 -1555.994431 -1621.697729 -1675.775045 -1718.611910 -1751.444316 -1775.926433 -1793.776546 -1806.557838 -1815.578637 -1821.873254 -1826.226711 -1829.217800 -1831.267007 -1832.689598 -1833.787214 -1835.104120 -1837.970974 -1842.813026 -1821.926155 -1328.976363 -1496.110617 -1451.566494 -1422.542376 -1409.281434 -1407.415064 -1407.220327 -1407.238273 -1407.286409 -1407.338182 -1407.387924 -1407.433981 -1407.476733 -1407.526554 -1407.682997 -1408.762550 -1415.658549 -1431.250706 -1449.037330 -1267.675343 -1787.516427 -1835.499325 -1836.719470 -1835.938495 -1835.705061 -1835.658716 -1835.651127 -1835.650374 -1835.650705 -1835.651131 -1835.651493 -1835.651780 -1835.652008 -1835.652191 -1835.652342 -1835.652471 -1835.652584 -1835.652689 -1835.652795 -1835.652911 -1835.653052 -1835.653237 -1835.653499 -1835.653886 -1835.654480 -1835.655416 -1835.656928 -1835.659434 -1835.663701 -1835.671191 -1835.684761 -1835.710130 -1835.759027 -1835.856394 -1836.058235 -1836.499578 -1837.532940 -1840.168902 -1847.681562 -1872.323338 -9999.0 -9999.0
-9999.0 -9999.0 472.863059 374.497545 275.613541 176.486514 77.256593 -22.014043 -121.295958 -220.576067 -319.840172 -419.067674 -518.219058 -617.213477 -715.950112 -814.790216 -913.517349 -1012.110147 -1110.551434 -1207.560752 -1302.655630 -1394.129986 -1479.471659 -1555.994431 -1621.697729 -1675.775045 -1718.611910 -1751.444316 -1775.926433 -1793.776546 -1806.557838 -1815.578637 -1821.873254 -1826.226711 -1829.217800 -1831.267007 -1832.689598 -1833.787214 -1835.104120 -1837.970974 -1842.813026 -1821.926155 -1328.976363 -1496.110617 -1451.566495 -1422.542377 -1409.281434 -1407.415064 -1407.220327 -1407.238273 -1407.286409 -1407.338182 -1407.387924 -1407.433981 -1407.476733 -1407.526554 -1407.682997 -1408.762550 -1415.658549 -1431.250706 -1449.037330 -1267.675343 -1787.516427 -1835.499325 -1836.719470 -1835.938495 -1835.705061 -1835.658716 -1835.651127 -1835.650374 -1835.650705 -1835.651131 -1835.651493 -1835.651780 -1835.652008 -1835.652191 -1835.652342 -1835.652471 -1835.652584 -1835.652689 -1835.652795 -1835.652911 -1835.653052 -1835.653237 -1835.653499 -1835.653886 -1835.654480 -1835.655416 -1835.656928 -1835.659434 -1835.663701 -1835.671191 -1835.684761 -1835.710130 -1835.759027 -1835.856394 -1836.058235 -1836.499578 -1837.532940 -1840.168902 -1847.681562 -1872.323338 -9999.0 -9999.0
-9999.0 -9999.0 472.857395 374.495973 275.613103 176.486382 77.256551 -22.014058 -121.295963 -220.576070 -319.840173 -419.067674 -518.219058 -617.213478 -715.950112 -814.790216 -913.517349 -1012.110147 -1110.551434 -1207.560752 -1302.655629 -1394.129986 -1479.471659 -1555.994430 -1621.697729 -1675.775045 -1718.611910 -1751.444316 -1775.926433 -1793.776546 -1806.557838 -1815.578637 -1821.873254 -1826.226711 -1829.217800 -1831.267007 -1832.689598 -1833.787214 -1835.104120 -1837.970974 -1842.813026 -1821.926155 -1328.976363 -1496.110617 -1451.566495 -1422.542377 -1409.281434 -1407.415064 -1407.220327 -1407.238273 -1407.286409 -1407.338182 -1407.387924 -1407.433981 -1407.476733 -1407.526554 -1407.682997 -1408.762550 -1415.658549 -1431.250706 -1449.037330 -1267.675343 -1787.516427 -1835.499325 -1836.719470 -1835.938495 -1835.705061 -1835.658716 -1835.651127 -1835.650374 -1835.650705 -1835.651131 -1835.651493 -1835.651780 -1835.652008 -1835.652191 -1835.652342 -1835.652471 -1835.652584 -1835.652689 -1835.652795 -1835.652911 -1835.653052 -1835.653237 -1835.653499 -1835.653886 -1835.654480 -1835.655416 -1835.656928 -1835.659434 -1835.663701 -1835.671191 -1835.684762 -1835.710130 -1835.759027 -1835.856394 -1836.058235 -1836.499578 -1837.532940 -1840.168902 -1847.681562 -1872.323338 -9999.0 -9999.0
-9999.0 -9999.0 -9999.0 -9999.0 -9999.0 -9999.0 -9999.0 -9999.0 -9999.0 -9999.0 -9999.0 -9999.0 -9999.0 -9999.0 -9999.0 -9999.0 -9999.0 -9999.0 -9999.0 -9999.0 -9999.0 -9999.0 -9999.0 -9999.0 -9999.0 -9999.0 -9999.0 -9999.0 -9999.0 -9999.0 -9999.0 -9999.0 -9999.0 -9999.0 -9999.0 -9999.0 -9999.0 -9999.0 -9999.0 -9999.0 -9999.0 -9999.0 -9999.0 -9999.0 -9999.0 -9999.0 -9999.0 -9999.0 -9999.0 -9999.0 -9999.0 -9999.0 -9999.0 -9999.0 -9999.0 -9999.0 -9999.0 -9999.0 -9999.0 -9999.0 -9999.0 -9999.0 -9999.0 -9999.0 -9999.0 -9999.0 -9999.0 -9999.0 -9999.0 -9999.0 -9999.0 -9999.0 -9999.0 -9999.0 -9999.0 -9999.0 -9999.0 -9999.0 -9999.0 -9999.0 -9999.0 -9999.0 -9999.0 -9999.0 -9999.0 -9999.0 -9999.0 -9999.0 -9999.0 -9999.0 -9999.0 -9999.0 -9999.0 -9999.0 -9999.0 -9999.0 -9999.0 -9999.0 -9999.0 -9999.0 -9999.0 -9999.0 -9999.0 -9999.0
-9999.0 -9999.0 -9999.0 -9999.0 -9999.0 -9999.0 -9999.0 -9999.0 -9999.0 -9999.0 -9999.0 -9999.0 -9999.0 -9999.0 -9999.0 -9999.0 -9999.0 -9999.0 -9999.0 -9999.0 -9999.0 -9999.0 -9999.0 -9999.0 -9999.0 -9999.0 -9999.0 -9999.0 -9999.0 -9999.0 -9999.0 -9999.0 -9999.0 -9999.0 -9999.0 -9999.0 -9999.0 -9999.0 -9999.0 -9999.0 -9999.0 -9999.0 -9999.0 -9999.0 -9999.0 -9999.0 -9999.0 -9999.0 -9999.0 -9999.0 -9999.0 -9999.0 -9999.0 -9999.0 -9999.0 -9999.0 -9999.0 -9999.0 -9999.0 -9999.0 -9999.0 -9999.0 -9999.0 -9999.0 -9999.0 -9999.0 -9999.0 -9999.0 -9999.0 -9999.0 -9999.0 -9999.0 -9999.0 -9999.0 -9999.0 -9999.0 -9999.0 -9999.0 -9999.0 -9999.0 -9999.0 -9999.0 -9999.0 -9999.0 -9999.0 -9999.0 -9999.0 -9999.0 -9999.0 -9999.0 -9999.0 -9999.0 -9999.0 -9999.0 -9999.0 -9999.0 -9999.0 -9999.0 -9999.0 -9999.0 -9999.0 -9999.0 -9999.0 -9999.0