inst/processing_geotop_simulation/geotop_simulation/out/maps3D/PwL0017N0141.asc
ncols         104
nrows         10
xllcorner     -2.000000
yllcorner     0.000000
cellsize      1.000000
NODATA_value  -9999.0
-9999.0 -9999.0 -9999.0 -9999.0 -9999.0 -9999.0 -9999.0 -9999.0 -9999.0 -9999.0 -9999.0 -9999.0 -9999.0 -9999.0 -9999.0 -9999.0 -9999.0 -9999.0 -9999.0 -9999.0 -9999.0 -9999.0 -9999.0 -9999.0 -9999.0 -9999.0 -9999.0 -9999.0 -9999.0 -9999.0 -9999.0 -9999.0 -9999.0 -9999.0 -9999.0 -9999.0 -9999.0 -9999.0 -9999.0 -9999.0 -9999.0 -9999.0 -9999.0 -9999.0 -9999.0 -9999.0 -9999.0 -9999.0 -9999.0 -9999.0 -9999.0 -9999.0 -9999.0 -9999.0 -9999.0 -9999.0 -9999.0 -9999.0 -9999.0 -9999.0 -9999.0 -9999.0 -9999.0 -9999.0 -9999.0 -9999.0 -9999.0 -9999.0 -9999.0 -9999.0 -9999.0 -9999.0 -9999.0 -9999.0 -9999.0 -9999.0 -9999.0 -9999.0 -9999.0 -9999.0 -9999.0 -9999.0 -9999.0 -9999.0 -9999.0 -9999.0 -9999.0 -9999.0 -9999.0 -9999.0 -9999.0 -9999.0 -9999.0 -9999.0 -9999.0 -9999.0 -9999.0 -9999.0 -9999.0 -9999.0 -9999.0 -9999.0 -9999.0 -9999.0
-9999.0 -9999.0 -9999.0 -9999.0 -9999.0 -9999.0 -9999.0 -9999.0 -9999.0 -9999.0 -9999.0 -9999.0 -9999.0 -9999.0 -9999.0 -9999.0 -9999.0 -9999.0 -9999.0 -9999.0 -9999.0 -9999.0 -9999.0 -9999.0 -9999.0 -9999.0 -9999.0 -9999.0 -9999.0 -9999.0 -9999.0 -9999.0 -9999.0 -9999.0 -9999.0 -9999.0 -9999.0 -9999.0 -9999.0 -9999.0 -9999.0 -9999.0 -9999.0 -9999.0 -9999.0 -9999.0 -9999.0 -9999.0 -9999.0 -9999.0 -9999.0 -9999.0 -9999.0 -9999.0 -9999.0 -9999.0 -9999.0 -9999.0 -9999.0 -9999.0 -9999.0 -9999.0 -9999.0 -9999.0 -9999.0 -9999.0 -9999.0 -9999.0 -9999.0 -9999.0 -9999.0 -9999.0 -9999.0 -9999.0 -9999.0 -9999.0 -9999.0 -9999.0 -9999.0 -9999.0 -9999.0 -9999.0 -9999.0 -9999.0 -9999.0 -9999.0 -9999.0 -9999.0 -9999.0 -9999.0 -9999.0 -9999.0 -9999.0 -9999.0 -9999.0 -9999.0 -9999.0 -9999.0 -9999.0 -9999.0 -9999.0 -9999.0 -9999.0 -9999.0
-9999.0 -9999.0 836.617440 743.727931 649.855563 555.020043 459.692110 364.144923 268.522475 172.901596 77.324253 -18.175937 -113.575556 -208.845078 -303.908782 -398.653970 -492.931153 -586.420958 -678.902382 -770.464724 -860.404908 -948.391738 -1027.478203 -1089.194891 -1136.883168 -1171.666037 -1195.841095 -1212.006763 -1222.488895 -1229.117949 -1233.227631 -1235.736823 -1237.252530 -1238.162761 -1238.708986 -1239.040790 -1239.257637 -1239.454240 -1239.884773 -1242.054877 -1254.843855 -1341.167196 -2040.531847 -4117.523394 -4133.662698 -4133.663366 -4133.663366 -4133.663366 -4133.663366 -4133.663364 -4133.663357 -4133.663336 -4133.663297 -4133.663241 -4133.663142 -4133.662935 -4133.662440 -4133.661113 -4133.657241 -4133.643759 -4106.833005 -1912.726256 -1307.253590 -1249.216385 -1241.038048 -1239.914734 -1239.760215 -1239.737373 -1239.734672 -1239.735394 -1239.736538 -1239.737533 -1239.738308 -1239.738899 -1239.739351 -1239.739703 -1239.739982 -1239.740207 -1239.740395 -1239.740562 -1239.740725 -1239.740905 -1239.741130 -1239.741442 -1239.741902 -1239.742608 -1239.743717 -1239.745490 -1239.748367 -1239.753117 -1239.761126 -1239.774983 -1239.799670 -1239.844997 -1239.930600 -1240.096422 -1240.426346 -1241.108173 -1242.601684 -1246.119647 -1255.024612 -1280.105234 -9999.0 -9999.0
-9999.0 -9999.0 836.621600 743.729417 649.856032 555.020193 459.692160 364.144940 268.522481 172.901598 77.324253 -18.175937 -113.575556 -208.845078 -303.908782 -398.653971 -492.931154 -586.420958 -678.902383 -770.464724 -860.404909 -948.391738 -1027.478204 -1089.194891 -1136.883168 -1171.666038 -1195.841095 -1212.006763 -1222.488895 -1229.117949 -1233.227631 -1235.736823 -1237.252530 -1238.162761 -1238.708986 -1239.040790 -1239.257637 -1239.454240 -1239.884773 -1242.054877 -1254.843855 -1341.167196 -2040.531847 -4117.523394 -4133.662698 -4133.663366 -4133.663366 -4133.663366 -4133.663366 -4133.663364 -4133.663357 -4133.663336 -4133.663297 -4133.663241 -4133.663142 -4133.662935 -4133.662440 -4133.661113 -4133.657241 -4133.643759 -4106.833005 -1912.726256 -1307.253590 -1249.216385 -1241.038048 -1239.914734 -1239.760215 -1239.737373 -1239.734672 -1239.735394 -1239.736538 -1239.737533 -1239.738308 -1239.738899 -1239.739351 -1239.739703 -1239.739982 -1239.740207 -1239.740395 -1239.740562 -1239.740725 -1239.740905 -1239.741130 -1239.741442 -1239.741902 -1239.742608 -1239.743717 -1239.745490 -1239.748367 -1239.753117 -1239.761126 -1239.774983 -1239.799670 -1239.844997 -1239.930600 -1240.096422 -1240.426346 -1241.108173 -1242.601684 -1246.119647 -1255.024612 -1280.105234 -9999.0 -9999.0
-9999.0 -9999.0 836.623037 743.730179 649.856349 555.020314 459.692204 364.144956 268.522487 172.901600 77.324254 -18.175937 -113.575556 -208.845078 -303.908782 -398.653971 -492.931154 -586.420958 -678.902383 -770.464724 -860.404909 -948.391738 -1027.478204 -1089.194891 -1136.883168 -1171.666038 -1195.841095 -1212.006763 -1222.488895 -1229.117949 -1233.227631 -1235.736823 -1237.252530 -1238.162761 -1238.708986 -1239.040790 -1239.257637 -1239.454240 -1239.884773 -1242.054877 -1254.843855 -1341.167196 -2040.531847 -4117.523394 -4133.662698 -4133.663366 -4133.663366 -4133.663366 -4133.663366 -4133.663364 -4133.663357 -4133.663336 -4133.663297 -4133.663241 -4133.663142 -4133.662935 -4133.662440 -4133.661113 -4133.657241 -4133.643759 -4106.833005 -1912.726256 -1307.253590 -1249.216385 -1241.038048 -1239.914734 -1239.760215 -1239.737373 -1239.734672 -1239.735394 -1239.736538 -1239.737533 -1239.738308 -1239.738899 -1239.739351 -1239.739703 -1239.739982 -1239.740207 -1239.740395 -1239.740562 -1239.740725 -1239.740905 -1239.741130 -1239.741442 -1239.741902 -1239.742608 -1239.743717 -1239.745490 -1239.748367 -1239.753117 -1239.761126 -1239.774983 -1239.799670 -1239.844997 -1239.930600 -1240.096422 -1240.426346 -1241.108173 -1242.601684 -1246.119647 -1255.024612 -1280.105234 -9999.0 -9999.0
-9999.0 -9999.0 836.623037 743.730178 649.856349 555.020314 459.692204 364.144956 268.522487 172.901600 77.324254 -18.175937 -113.575556 -208.845078 -303.908782 -398.653971 -492.931154 -586.420958 -678.902383 -770.464724 -860.404909 -948.391738 -1027.478204 -1089.194891 -1136.883168 -1171.666038 -1195.841095 -1212.006763 -1222.488895 -1229.117949 -1233.227631 -1235.736823 -1237.252530 -1238.162761 -1238.708986 -1239.040790 -1239.257637 -1239.454240 -1239.884773 -1242.054877 -1254.843855 -1341.167196 -2040.531847 -4117.523394 -4133.662698 -4133.663366 -4133.663366 -4133.663366 -4133.663366 -4133.663364 -4133.663357 -4133.663336 -4133.663297 -4133.663241 -4133.663142 -4133.662935 -4133.662440 -4133.661113 -4133.657241 -4133.643759 -4106.833005 -1912.726256 -1307.253590 -1249.216385 -1241.038048 -1239.914734 -1239.760215 -1239.737373 -1239.734672 -1239.735394 -1239.736538 -1239.737533 -1239.738308 -1239.738899 -1239.739351 -1239.739703 -1239.739982 -1239.740207 -1239.740395 -1239.740562 -1239.740725 -1239.740905 -1239.741130 -1239.741442 -1239.741902 -1239.742608 -1239.743717 -1239.745490 -1239.748367 -1239.753117 -1239.761126 -1239.774983 -1239.799670 -1239.844997 -1239.930600 -1240.096422 -1240.426346 -1241.108173 -1242.601684 -1246.119647 -1255.024612 -1280.105234 -9999.0 -9999.0
-9999.0 -9999.0 836.621600 743.729417 649.856032 555.020193 459.692160 364.144940 268.522481 172.901598 77.324253 -18.175937 -113.575556 -208.845078 -303.908782 -398.653971 -492.931154 -586.420958 -678.902383 -770.464724 -860.404909 -948.391738 -1027.478204 -1089.194891 -1136.883168 -1171.666038 -1195.841095 -1212.006763 -1222.488895 -1229.117949 -1233.227631 -1235.736823 -1237.252530 -1238.162761 -1238.708986 -1239.040790 -1239.257637 -1239.454240 -1239.884773 -1242.054877 -1254.843855 -1341.167196 -2040.531847 -4117.523394 -4133.662698 -4133.663366 -4133.663366 -4133.663366 -4133.663366 -4133.663364 -4133.663357 -4133.663336 -4133.663297 -4133.663241 -4133.663142 -4133.662935 -4133.662440 -4133.661113 -4133.657241 -4133.643759 -4106.833005 -1912.726256 -1307.253590 -1249.216385 -1241.038048 -1239.914734 -1239.760215 -1239.737373 -1239.734672 -1239.735394 -1239.736538 -1239.737533 -1239.738308 -1239.738899 -1239.739351 -1239.739703 -1239.739982 -1239.740207 -1239.740395 -1239.740562 -1239.740725 -1239.740905 -1239.741130 -1239.741442 -1239.741902 -1239.742608 -1239.743717 -1239.745490 -1239.748367 -1239.753117 -1239.761126 -1239.774983 -1239.799670 -1239.844997 -1239.930600 -1240.096422 -1240.426346 -1241.108173 -1242.601684 -1246.119647 -1255.024612 -1280.105234 -9999.0 -9999.0
-9999.0 -9999.0 836.617440 743.727931 649.855563 555.020043 459.692110 364.144923 268.522475 172.901596 77.324253 -18.175937 -113.575556 -208.845078 -303.908782 -398.653970 -492.931153 -586.420958 -678.902382 -770.464724 -860.404908 -948.391738 -1027.478203 -1089.194891 -1136.883168 -1171.666037 -1195.841095 -1212.006763 -1222.488895 -1229.117949 -1233.227631 -1235.736823 -1237.252530 -1238.162761 -1238.708986 -1239.040790 -1239.257637 -1239.454240 -1239.884773 -1242.054877 -1254.843855 -1341.167196 -2040.531847 -4117.523394 -4133.662698 -4133.663366 -4133.663366 -4133.663366 -4133.663366 -4133.663364 -4133.663357 -4133.663336 -4133.663297 -4133.663241 -4133.663142 -4133.662935 -4133.662440 -4133.661113 -4133.657241 -4133.643759 -4106.833005 -1912.726256 -1307.253590 -1249.216385 -1241.038048 -1239.914734 -1239.760215 -1239.737373 -1239.734672 -1239.735394 -1239.736538 -1239.737533 -1239.738308 -1239.738899 -1239.739351 -1239.739703 -1239.739982 -1239.740207 -1239.740395 -1239.740562 -1239.740725 -1239.740905 -1239.741130 -1239.741442 -1239.741902 -1239.742608 -1239.743717 -1239.745490 -1239.748367 -1239.753117 -1239.761126 -1239.774983 -1239.799670 -1239.844997 -1239.930600 -1240.096422 -1240.426346 -1241.108173 -1242.601684 -1246.119647 -1255.024612 -1280.105234 -9999.0 -9999.0
-9999.0 -9999.0 -9999.0 -9999.0 -9999.0 -9999.0 -9999.0 -9999.0 -9999.0 -9999.0 -9999.0 -9999.0 -9999.0 -9999.0 -9999.0 -9999.0 -9999.0 -9999.0 -9999.0 -9999.0 -9999.0 -9999.0 -9999.0 -9999.0 -9999.0 -9999.0 -9999.0 -9999.0 -9999.0 -9999.0 -9999.0 -9999.0 -9999.0 -9999.0 -9999.0 -9999.0 -9999.0 -9999.0 -9999.0 -9999.0 -9999.0 -9999.0 -9999.0 -9999.0 -9999.0 -9999.0 -9999.0 -9999.0 -9999.0 -9999.0 -9999.0 -9999.0 -9999.0 -9999.0 -9999.0 -9999.0 -9999.0 -9999.0 -9999.0 -9999.0 -9999.0 -9999.0 -9999.0 -9999.0 -9999.0 -9999.0 -9999.0 -9999.0 -9999.0 -9999.0 -9999.0 -9999.0 -9999.0 -9999.0 -9999.0 -9999.0 -9999.0 -9999.0 -9999.0 -9999.0 -9999.0 -9999.0 -9999.0 -9999.0 -9999.0 -9999.0 -9999.0 -9999.0 -9999.0 -9999.0 -9999.0 -9999.0 -9999.0 -9999.0 -9999.0 -9999.0 -9999.0 -9999.0 -9999.0 -9999.0 -9999.0 -9999.0 -9999.0 -9999.0
-9999.0 -9999.0 -9999.0 -9999.0 -9999.0 -9999.0 -9999.0 -9999.0 -9999.0 -9999.0 -9999.0 -9999.0 -9999.0 -9999.0 -9999.0 -9999.0 -9999.0 -9999.0 -9999.0 -9999.0 -9999.0 -9999.0 -9999.0 -9999.0 -9999.0 -9999.0 -9999.0 -9999.0 -9999.0 -9999.0 -9999.0 -9999.0 -9999.0 -9999.0 -9999.0 -9999.0 -9999.0 -9999.0 -9999.0 -9999.0 -9999.0 -9999.0 -9999.0 -9999.0 -9999.0 -9999.0 -9999.0 -9999.0 -9999.0 -9999.0 -9999.0 -9999.0 -9999.0 -9999.0 -9999.0 -9999.0 -9999.0 -9999.0 -9999.0 -9999.0 -9999.0 -9999.0 -9999.0 -9999.0 -9999.0 -9999.0 -9999.0 -9999.0 -9999.0 -9999.0 -9999.0 -9999.0 -9999.0 -9999.0 -9999.0 -9999.0 -9999.0 -9999.0 -9999.0 -9999.0 -9999.0 -9999.0 -9999.0 -9999.0 -9999.0 -9999.0 -9999.0 -9999.0 -9999.0 -9999.0 -9999.0 -9999.0 -9999.0 -9999.0 -9999.0 -9999.0 -9999.0 -9999.0 -9999.0 -9999.0 -9999.0 -9999.0 -9999.0 -9999.0