inst/processing_geotop_simulation/geotop_simulation/out/maps3D/PwL0022N0432.asc
ncols         104
nrows         10
xllcorner     -2.000000
yllcorner     0.000000
cellsize      1.000000
NODATA_value  -9999.0
-9999.0 -9999.0 -9999.0 -9999.0 -9999.0 -9999.0 -9999.0 -9999.0 -9999.0 -9999.0 -9999.0 -9999.0 -9999.0 -9999.0 -9999.0 -9999.0 -9999.0 -9999.0 -9999.0 -9999.0 -9999.0 -9999.0 -9999.0 -9999.0 -9999.0 -9999.0 -9999.0 -9999.0 -9999.0 -9999.0 -9999.0 -9999.0 -9999.0 -9999.0 -9999.0 -9999.0 -9999.0 -9999.0 -9999.0 -9999.0 -9999.0 -9999.0 -9999.0 -9999.0 -9999.0 -9999.0 -9999.0 -9999.0 -9999.0 -9999.0 -9999.0 -9999.0 -9999.0 -9999.0 -9999.0 -9999.0 -9999.0 -9999.0 -9999.0 -9999.0 -9999.0 -9999.0 -9999.0 -9999.0 -9999.0 -9999.0 -9999.0 -9999.0 -9999.0 -9999.0 -9999.0 -9999.0 -9999.0 -9999.0 -9999.0 -9999.0 -9999.0 -9999.0 -9999.0 -9999.0 -9999.0 -9999.0 -9999.0 -9999.0 -9999.0 -9999.0 -9999.0 -9999.0 -9999.0 -9999.0 -9999.0 -9999.0 -9999.0 -9999.0 -9999.0 -9999.0 -9999.0 -9999.0 -9999.0 -9999.0 -9999.0 -9999.0 -9999.0 -9999.0
-9999.0 -9999.0 -9999.0 -9999.0 -9999.0 -9999.0 -9999.0 -9999.0 -9999.0 -9999.0 -9999.0 -9999.0 -9999.0 -9999.0 -9999.0 -9999.0 -9999.0 -9999.0 -9999.0 -9999.0 -9999.0 -9999.0 -9999.0 -9999.0 -9999.0 -9999.0 -9999.0 -9999.0 -9999.0 -9999.0 -9999.0 -9999.0 -9999.0 -9999.0 -9999.0 -9999.0 -9999.0 -9999.0 -9999.0 -9999.0 -9999.0 -9999.0 -9999.0 -9999.0 -9999.0 -9999.0 -9999.0 -9999.0 -9999.0 -9999.0 -9999.0 -9999.0 -9999.0 -9999.0 -9999.0 -9999.0 -9999.0 -9999.0 -9999.0 -9999.0 -9999.0 -9999.0 -9999.0 -9999.0 -9999.0 -9999.0 -9999.0 -9999.0 -9999.0 -9999.0 -9999.0 -9999.0 -9999.0 -9999.0 -9999.0 -9999.0 -9999.0 -9999.0 -9999.0 -9999.0 -9999.0 -9999.0 -9999.0 -9999.0 -9999.0 -9999.0 -9999.0 -9999.0 -9999.0 -9999.0 -9999.0 -9999.0 -9999.0 -9999.0 -9999.0 -9999.0 -9999.0 -9999.0 -9999.0 -9999.0 -9999.0 -9999.0 -9999.0 -9999.0
-9999.0 -9999.0 1067.419045 968.208946 868.980236 769.664162 670.295980 570.904209 471.505574 372.109491 272.721314 173.344183 73.980030 -25.367826 -124.697385 -224.006664 -323.281859 -422.497523 -521.604415 -620.509584 -719.040757 -817.629252 -915.866977 -1013.573171 -1110.491213 -1200.542947 -1284.216766 -1359.640423 -1425.367080 -1480.657177 -1525.586866 -1560.947791 -1588.004596 -1608.219724 -1623.031505 -1633.721530 -1641.375085 -1646.955583 -1651.610160 -1657.425794 -1668.405408 -1692.373958 -1655.556560 -2331.380951 -3397.283746 -3362.692999 -2762.218275 -2448.715654 -2281.898717 -2174.458597 -2095.346608 -2026.753240 -1983.533235 -1954.914809 -1927.885148 -1899.013776 -1867.104253 -1832.357703 -1795.746919 -1757.694804 -1707.832707 -1469.615925 -1648.166162 -1661.384868 -1660.305373 -1659.283707 -1658.980840 -1658.915513 -1658.903889 -1658.902485 -1658.902821 -1658.903384 -1658.903922 -1658.904405 -1658.904843 -1658.905248 -1658.905633 -1658.906004 -1658.906370 -1658.906739 -1658.907117 -1658.907516 -1658.907949 -1658.908435 -1658.909005 -1658.909706 -1658.910615 -1658.911860 -1658.913664 -1658.916426 -1658.920887 -1658.928466 -1658.941967 -1658.967093 -1659.015860 -1659.114838 -1659.326443 -1659.806952 -1660.972645 -1664.011852 -1672.623549 -1699.575680 -9999.0 -9999.0
-9999.0 -9999.0 1067.421335 968.209877 868.980554 769.664268 670.296017 570.904222 471.505579 372.109493 272.721315 173.344184 73.980030 -25.367826 -124.697385 -224.006664 -323.281859 -422.497523 -521.604415 -620.509584 -719.040758 -817.629253 -915.866977 -1013.573171 -1110.491214 -1200.542947 -1284.216766 -1359.640423 -1425.367080 -1480.657177 -1525.586866 -1560.947791 -1588.004596 -1608.219724 -1623.031505 -1633.721530 -1641.375085 -1646.955583 -1651.610160 -1657.425794 -1668.405408 -1692.373958 -1655.556560 -2331.380950 -3397.283746 -3362.692999 -2762.218274 -2448.715653 -2281.898716 -2174.458596 -2095.346607 -2026.753239 -1983.533235 -1954.914809 -1927.885148 -1899.013776 -1867.104252 -1832.357703 -1795.746919 -1757.694804 -1707.832707 -1469.615925 -1648.166162 -1661.384868 -1660.305373 -1659.283707 -1658.980840 -1658.915513 -1658.903889 -1658.902485 -1658.902821 -1658.903384 -1658.903922 -1658.904405 -1658.904843 -1658.905248 -1658.905633 -1658.906004 -1658.906370 -1658.906739 -1658.907117 -1658.907516 -1658.907949 -1658.908435 -1658.909005 -1658.909706 -1658.910615 -1658.911860 -1658.913664 -1658.916426 -1658.920887 -1658.928466 -1658.941967 -1658.967093 -1659.015860 -1659.114838 -1659.326443 -1659.806952 -1660.972645 -1664.011852 -1672.623549 -1699.575680 -9999.0 -9999.0
-9999.0 -9999.0 1067.422294 968.210400 868.980779 769.664356 670.296050 570.904234 471.505584 372.109495 272.721316 173.344184 73.980030 -25.367826 -124.697385 -224.006664 -323.281859 -422.497523 -521.604415 -620.509584 -719.040758 -817.629253 -915.866977 -1013.573171 -1110.491214 -1200.542947 -1284.216766 -1359.640423 -1425.367080 -1480.657177 -1525.586866 -1560.947791 -1588.004596 -1608.219724 -1623.031505 -1633.721530 -1641.375085 -1646.955583 -1651.610160 -1657.425794 -1668.405408 -1692.373958 -1655.556560 -2331.380950 -3397.283745 -3362.692999 -2762.218274 -2448.715653 -2281.898716 -2174.458596 -2095.346606 -2026.753239 -1983.533235 -1954.914809 -1927.885148 -1899.013776 -1867.104252 -1832.357703 -1795.746919 -1757.694803 -1707.832707 -1469.615925 -1648.166162 -1661.384868 -1660.305373 -1659.283707 -1658.980840 -1658.915513 -1658.903889 -1658.902485 -1658.902821 -1658.903384 -1658.903922 -1658.904405 -1658.904843 -1658.905248 -1658.905633 -1658.906004 -1658.906370 -1658.906739 -1658.907117 -1658.907516 -1658.907949 -1658.908435 -1658.909005 -1658.909706 -1658.910615 -1658.911860 -1658.913664 -1658.916426 -1658.920887 -1658.928466 -1658.941967 -1658.967093 -1659.015860 -1659.114838 -1659.326443 -1659.806952 -1660.972645 -1664.011852 -1672.623549 -1699.575680 -9999.0 -9999.0
-9999.0 -9999.0 1067.422294 968.210400 868.980779 769.664356 670.296050 570.904234 471.505584 372.109495 272.721316 173.344184 73.980030 -25.367826 -124.697385 -224.006664 -323.281859 -422.497523 -521.604415 -620.509584 -719.040758 -817.629253 -915.866977 -1013.573171 -1110.491214 -1200.542947 -1284.216766 -1359.640423 -1425.367080 -1480.657177 -1525.586866 -1560.947791 -1588.004596 -1608.219724 -1623.031505 -1633.721530 -1641.375085 -1646.955583 -1651.610160 -1657.425794 -1668.405408 -1692.373958 -1655.556560 -2331.380950 -3397.283745 -3362.692999 -2762.218274 -2448.715653 -2281.898716 -2174.458596 -2095.346606 -2026.753239 -1983.533235 -1954.914809 -1927.885148 -1899.013776 -1867.104252 -1832.357703 -1795.746919 -1757.694803 -1707.832707 -1469.615925 -1648.166162 -1661.384868 -1660.305373 -1659.283707 -1658.980840 -1658.915513 -1658.903889 -1658.902485 -1658.902821 -1658.903384 -1658.903922 -1658.904405 -1658.904843 -1658.905248 -1658.905633 -1658.906004 -1658.906370 -1658.906739 -1658.907117 -1658.907516 -1658.907949 -1658.908435 -1658.909005 -1658.909706 -1658.910615 -1658.911860 -1658.913664 -1658.916426 -1658.920887 -1658.928466 -1658.941967 -1658.967093 -1659.015860 -1659.114838 -1659.326443 -1659.806952 -1660.972645 -1664.011852 -1672.623549 -1699.575680 -9999.0 -9999.0
-9999.0 -9999.0 1067.421335 968.209877 868.980554 769.664268 670.296017 570.904222 471.505579 372.109493 272.721315 173.344184 73.980030 -25.367826 -124.697385 -224.006664 -323.281859 -422.497523 -521.604415 -620.509584 -719.040758 -817.629253 -915.866977 -1013.573171 -1110.491214 -1200.542947 -1284.216766 -1359.640423 -1425.367080 -1480.657177 -1525.586866 -1560.947791 -1588.004596 -1608.219724 -1623.031505 -1633.721530 -1641.375085 -1646.955583 -1651.610160 -1657.425794 -1668.405408 -1692.373958 -1655.556560 -2331.380950 -3397.283745 -3362.692999 -2762.218274 -2448.715653 -2281.898716 -2174.458596 -2095.346607 -2026.753239 -1983.533235 -1954.914809 -1927.885148 -1899.013776 -1867.104253 -1832.357703 -1795.746919 -1757.694804 -1707.832707 -1469.615925 -1648.166162 -1661.384868 -1660.305373 -1659.283707 -1658.980840 -1658.915513 -1658.903889 -1658.902485 -1658.902821 -1658.903384 -1658.903922 -1658.904405 -1658.904843 -1658.905248 -1658.905633 -1658.906004 -1658.906370 -1658.906739 -1658.907117 -1658.907516 -1658.907949 -1658.908435 -1658.909005 -1658.909706 -1658.910615 -1658.911860 -1658.913664 -1658.916426 -1658.920887 -1658.928466 -1658.941967 -1658.967093 -1659.015860 -1659.114838 -1659.326443 -1659.806952 -1660.972645 -1664.011852 -1672.623549 -1699.575680 -9999.0 -9999.0
-9999.0 -9999.0 1067.419045 968.208946 868.980236 769.664162 670.295980 570.904209 471.505574 372.109491 272.721314 173.344183 73.980030 -25.367826 -124.697385 -224.006664 -323.281859 -422.497523 -521.604415 -620.509584 -719.040757 -817.629252 -915.866977 -1013.573171 -1110.491213 -1200.542947 -1284.216766 -1359.640423 -1425.367080 -1480.657177 -1525.586866 -1560.947791 -1588.004596 -1608.219724 -1623.031505 -1633.721530 -1641.375085 -1646.955583 -1651.610160 -1657.425794 -1668.405408 -1692.373958 -1655.556560 -2331.380951 -3397.283746 -3362.692999 -2762.218275 -2448.715654 -2281.898717 -2174.458597 -2095.346608 -2026.753240 -1983.533235 -1954.914809 -1927.885148 -1899.013776 -1867.104253 -1832.357703 -1795.746919 -1757.694804 -1707.832707 -1469.615925 -1648.166162 -1661.384868 -1660.305373 -1659.283707 -1658.980840 -1658.915513 -1658.903889 -1658.902485 -1658.902821 -1658.903384 -1658.903922 -1658.904405 -1658.904843 -1658.905248 -1658.905633 -1658.906004 -1658.906370 -1658.906739 -1658.907117 -1658.907516 -1658.907949 -1658.908435 -1658.909005 -1658.909706 -1658.910615 -1658.911860 -1658.913664 -1658.916426 -1658.920887 -1658.928466 -1658.941967 -1658.967093 -1659.015860 -1659.114838 -1659.326443 -1659.806952 -1660.972645 -1664.011852 -1672.623549 -1699.575680 -9999.0 -9999.0
-9999.0 -9999.0 -9999.0 -9999.0 -9999.0 -9999.0 -9999.0 -9999.0 -9999.0 -9999.0 -9999.0 -9999.0 -9999.0 -9999.0 -9999.0 -9999.0 -9999.0 -9999.0 -9999.0 -9999.0 -9999.0 -9999.0 -9999.0 -9999.0 -9999.0 -9999.0 -9999.0 -9999.0 -9999.0 -9999.0 -9999.0 -9999.0 -9999.0 -9999.0 -9999.0 -9999.0 -9999.0 -9999.0 -9999.0 -9999.0 -9999.0 -9999.0 -9999.0 -9999.0 -9999.0 -9999.0 -9999.0 -9999.0 -9999.0 -9999.0 -9999.0 -9999.0 -9999.0 -9999.0 -9999.0 -9999.0 -9999.0 -9999.0 -9999.0 -9999.0 -9999.0 -9999.0 -9999.0 -9999.0 -9999.0 -9999.0 -9999.0 -9999.0 -9999.0 -9999.0 -9999.0 -9999.0 -9999.0 -9999.0 -9999.0 -9999.0 -9999.0 -9999.0 -9999.0 -9999.0 -9999.0 -9999.0 -9999.0 -9999.0 -9999.0 -9999.0 -9999.0 -9999.0 -9999.0 -9999.0 -9999.0 -9999.0 -9999.0 -9999.0 -9999.0 -9999.0 -9999.0 -9999.0 -9999.0 -9999.0 -9999.0 -9999.0 -9999.0 -9999.0
-9999.0 -9999.0 -9999.0 -9999.0 -9999.0 -9999.0 -9999.0 -9999.0 -9999.0 -9999.0 -9999.0 -9999.0 -9999.0 -9999.0 -9999.0 -9999.0 -9999.0 -9999.0 -9999.0 -9999.0 -9999.0 -9999.0 -9999.0 -9999.0 -9999.0 -9999.0 -9999.0 -9999.0 -9999.0 -9999.0 -9999.0 -9999.0 -9999.0 -9999.0 -9999.0 -9999.0 -9999.0 -9999.0 -9999.0 -9999.0 -9999.0 -9999.0 -9999.0 -9999.0 -9999.0 -9999.0 -9999.0 -9999.0 -9999.0 -9999.0 -9999.0 -9999.0 -9999.0 -9999.0 -9999.0 -9999.0 -9999.0 -9999.0 -9999.0 -9999.0 -9999.0 -9999.0 -9999.0 -9999.0 -9999.0 -9999.0 -9999.0 -9999.0 -9999.0 -9999.0 -9999.0 -9999.0 -9999.0 -9999.0 -9999.0 -9999.0 -9999.0 -9999.0 -9999.0 -9999.0 -9999.0 -9999.0 -9999.0 -9999.0 -9999.0 -9999.0 -9999.0 -9999.0 -9999.0 -9999.0 -9999.0 -9999.0 -9999.0 -9999.0 -9999.0 -9999.0 -9999.0 -9999.0 -9999.0 -9999.0 -9999.0 -9999.0 -9999.0 -9999.0