inst/processing_geotop_simulation/geotop_simulation/out/maps3D/PwL0019N0290.asc
ncols         104
nrows         10
xllcorner     -2.000000
yllcorner     0.000000
cellsize      1.000000
NODATA_value  -9999.0
-9999.0 -9999.0 -9999.0 -9999.0 -9999.0 -9999.0 -9999.0 -9999.0 -9999.0 -9999.0 -9999.0 -9999.0 -9999.0 -9999.0 -9999.0 -9999.0 -9999.0 -9999.0 -9999.0 -9999.0 -9999.0 -9999.0 -9999.0 -9999.0 -9999.0 -9999.0 -9999.0 -9999.0 -9999.0 -9999.0 -9999.0 -9999.0 -9999.0 -9999.0 -9999.0 -9999.0 -9999.0 -9999.0 -9999.0 -9999.0 -9999.0 -9999.0 -9999.0 -9999.0 -9999.0 -9999.0 -9999.0 -9999.0 -9999.0 -9999.0 -9999.0 -9999.0 -9999.0 -9999.0 -9999.0 -9999.0 -9999.0 -9999.0 -9999.0 -9999.0 -9999.0 -9999.0 -9999.0 -9999.0 -9999.0 -9999.0 -9999.0 -9999.0 -9999.0 -9999.0 -9999.0 -9999.0 -9999.0 -9999.0 -9999.0 -9999.0 -9999.0 -9999.0 -9999.0 -9999.0 -9999.0 -9999.0 -9999.0 -9999.0 -9999.0 -9999.0 -9999.0 -9999.0 -9999.0 -9999.0 -9999.0 -9999.0 -9999.0 -9999.0 -9999.0 -9999.0 -9999.0 -9999.0 -9999.0 -9999.0 -9999.0 -9999.0 -9999.0 -9999.0
-9999.0 -9999.0 -9999.0 -9999.0 -9999.0 -9999.0 -9999.0 -9999.0 -9999.0 -9999.0 -9999.0 -9999.0 -9999.0 -9999.0 -9999.0 -9999.0 -9999.0 -9999.0 -9999.0 -9999.0 -9999.0 -9999.0 -9999.0 -9999.0 -9999.0 -9999.0 -9999.0 -9999.0 -9999.0 -9999.0 -9999.0 -9999.0 -9999.0 -9999.0 -9999.0 -9999.0 -9999.0 -9999.0 -9999.0 -9999.0 -9999.0 -9999.0 -9999.0 -9999.0 -9999.0 -9999.0 -9999.0 -9999.0 -9999.0 -9999.0 -9999.0 -9999.0 -9999.0 -9999.0 -9999.0 -9999.0 -9999.0 -9999.0 -9999.0 -9999.0 -9999.0 -9999.0 -9999.0 -9999.0 -9999.0 -9999.0 -9999.0 -9999.0 -9999.0 -9999.0 -9999.0 -9999.0 -9999.0 -9999.0 -9999.0 -9999.0 -9999.0 -9999.0 -9999.0 -9999.0 -9999.0 -9999.0 -9999.0 -9999.0 -9999.0 -9999.0 -9999.0 -9999.0 -9999.0 -9999.0 -9999.0 -9999.0 -9999.0 -9999.0 -9999.0 -9999.0 -9999.0 -9999.0 -9999.0 -9999.0 -9999.0 -9999.0 -9999.0 -9999.0
-9999.0 -9999.0 921.609905 823.421658 725.062837 626.472484 527.757572 428.987208 330.199189 231.414086 132.643358 33.894114 -64.824086 -163.508670 -262.137317 -360.660575 -458.980812 -556.921589 -654.187047 -751.047686 -847.875270 -943.979020 -1039.094357 -1129.079910 -1208.794218 -1278.760532 -1337.743412 -1385.519740 -1422.805305 -1450.962764 -1471.644165 -1486.494188 -1496.967414 -1504.252151 -1509.267037 -1512.697374 -1515.053756 -1516.777292 -1518.558778 -1522.451994 -1535.200742 -1581.921561 -1896.999746 -3978.340972 -4034.645255 -4034.650784 -4034.572205 -4033.773182 -4030.228094 -4019.530810 -3993.348921 -3931.872434 -3854.875824 -3779.515034 -3686.771606 -3564.047634 -3403.363929 -3208.205555 -2995.374414 -2784.633963 -2548.755607 -1611.227978 -1540.055935 -1526.887850 -1521.673002 -1520.313959 -1520.045759 -1520.000214 -1519.993413 -1519.992947 -1519.993435 -1519.993974 -1519.994423 -1519.994780 -1519.995063 -1519.995293 -1519.995483 -1519.995645 -1519.995788 -1519.995921 -1519.996054 -1519.996198 -1519.996371 -1519.996597 -1519.996913 -1519.997376 -1519.998082 -1519.999191 -1520.000975 -1520.003921 -1520.008920 -1520.017666 -1520.033461 -1520.062908 -1520.119544 -1520.232149 -1520.465428 -1520.975341 -1522.163935 -1525.137064 -1533.246924 -1558.440393 -9999.0 -9999.0
-9999.0 -9999.0 921.613069 823.422849 725.063225 626.472611 527.757615 428.987223 330.199194 231.414088 132.643359 33.894115 -64.824086 -163.508670 -262.137317 -360.660575 -458.980812 -556.921589 -654.187047 -751.047686 -847.875270 -943.979021 -1039.094358 -1129.079911 -1208.794218 -1278.760533 -1337.743412 -1385.519740 -1422.805305 -1450.962764 -1471.644165 -1486.494188 -1496.967414 -1504.252151 -1509.267037 -1512.697374 -1515.053756 -1516.777292 -1518.558778 -1522.451994 -1535.200742 -1581.921561 -1896.999746 -3978.340972 -4034.645255 -4034.650784 -4034.572205 -4033.773182 -4030.228094 -4019.530810 -3993.348921 -3931.872433 -3854.875823 -3779.515034 -3686.771605 -3564.047633 -3403.363928 -3208.205554 -2995.374413 -2784.633963 -2548.755607 -1611.227978 -1540.055935 -1526.887850 -1521.673002 -1520.313959 -1520.045759 -1520.000214 -1519.993413 -1519.992947 -1519.993435 -1519.993974 -1519.994423 -1519.994780 -1519.995063 -1519.995293 -1519.995483 -1519.995645 -1519.995788 -1519.995921 -1519.996054 -1519.996198 -1519.996371 -1519.996597 -1519.996913 -1519.997376 -1519.998082 -1519.999191 -1520.000975 -1520.003921 -1520.008920 -1520.017666 -1520.033461 -1520.062908 -1520.119544 -1520.232149 -1520.465428 -1520.975341 -1522.163935 -1525.137064 -1533.246924 -1558.440393 -9999.0 -9999.0
-9999.0 -9999.0 921.614255 823.423484 725.063492 626.472713 527.757653 428.987237 330.199199 231.414090 132.643360 33.894115 -64.824086 -163.508670 -262.137317 -360.660575 -458.980812 -556.921589 -654.187047 -751.047687 -847.875270 -943.979021 -1039.094358 -1129.079911 -1208.794218 -1278.760533 -1337.743412 -1385.519740 -1422.805306 -1450.962764 -1471.644165 -1486.494188 -1496.967414 -1504.252151 -1509.267037 -1512.697374 -1515.053756 -1516.777292 -1518.558778 -1522.451994 -1535.200742 -1581.921561 -1896.999746 -3978.340972 -4034.645255 -4034.650784 -4034.572205 -4033.773182 -4030.228094 -4019.530810 -3993.348921 -3931.872433 -3854.875823 -3779.515033 -3686.771605 -3564.047633 -3403.363928 -3208.205554 -2995.374413 -2784.633962 -2548.755607 -1611.227978 -1540.055935 -1526.887850 -1521.673002 -1520.313959 -1520.045759 -1520.000214 -1519.993413 -1519.992947 -1519.993435 -1519.993974 -1519.994423 -1519.994780 -1519.995063 -1519.995293 -1519.995483 -1519.995645 -1519.995788 -1519.995921 -1519.996054 -1519.996198 -1519.996371 -1519.996597 -1519.996913 -1519.997376 -1519.998082 -1519.999191 -1520.000975 -1520.003921 -1520.008920 -1520.017666 -1520.033461 -1520.062908 -1520.119544 -1520.232149 -1520.465428 -1520.975341 -1522.163935 -1525.137064 -1533.246924 -1558.440393 -9999.0 -9999.0
-9999.0 -9999.0 921.614255 823.423484 725.063492 626.472713 527.757653 428.987237 330.199199 231.414090 132.643360 33.894115 -64.824086 -163.508670 -262.137317 -360.660575 -458.980812 -556.921589 -654.187047 -751.047687 -847.875270 -943.979021 -1039.094358 -1129.079911 -1208.794218 -1278.760533 -1337.743412 -1385.519740 -1422.805306 -1450.962764 -1471.644165 -1486.494188 -1496.967414 -1504.252151 -1509.267037 -1512.697374 -1515.053756 -1516.777292 -1518.558778 -1522.451994 -1535.200742 -1581.921561 -1896.999746 -3978.340972 -4034.645255 -4034.650784 -4034.572205 -4033.773182 -4030.228094 -4019.530810 -3993.348921 -3931.872433 -3854.875823 -3779.515034 -3686.771605 -3564.047633 -3403.363927 -3208.205554 -2995.374413 -2784.633963 -2548.755607 -1611.227978 -1540.055935 -1526.887850 -1521.673002 -1520.313959 -1520.045759 -1520.000214 -1519.993413 -1519.992947 -1519.993435 -1519.993974 -1519.994423 -1519.994780 -1519.995063 -1519.995293 -1519.995483 -1519.995645 -1519.995788 -1519.995921 -1519.996054 -1519.996198 -1519.996371 -1519.996597 -1519.996913 -1519.997376 -1519.998082 -1519.999191 -1520.000975 -1520.003921 -1520.008920 -1520.017666 -1520.033461 -1520.062908 -1520.119544 -1520.232149 -1520.465428 -1520.975341 -1522.163935 -1525.137064 -1533.246924 -1558.440393 -9999.0 -9999.0
-9999.0 -9999.0 921.613069 823.422849 725.063225 626.472611 527.757615 428.987223 330.199194 231.414088 132.643359 33.894115 -64.824086 -163.508670 -262.137317 -360.660575 -458.980812 -556.921589 -654.187047 -751.047686 -847.875270 -943.979021 -1039.094358 -1129.079911 -1208.794218 -1278.760533 -1337.743412 -1385.519740 -1422.805305 -1450.962764 -1471.644165 -1486.494188 -1496.967414 -1504.252151 -1509.267037 -1512.697374 -1515.053756 -1516.777292 -1518.558778 -1522.451994 -1535.200742 -1581.921561 -1896.999746 -3978.340972 -4034.645255 -4034.650784 -4034.572205 -4033.773182 -4030.228094 -4019.530810 -3993.348921 -3931.872433 -3854.875823 -3779.515034 -3686.771605 -3564.047633 -3403.363928 -3208.205554 -2995.374413 -2784.633963 -2548.755607 -1611.227978 -1540.055935 -1526.887850 -1521.673002 -1520.313959 -1520.045759 -1520.000214 -1519.993413 -1519.992947 -1519.993435 -1519.993974 -1519.994423 -1519.994780 -1519.995063 -1519.995293 -1519.995483 -1519.995645 -1519.995788 -1519.995921 -1519.996054 -1519.996198 -1519.996371 -1519.996597 -1519.996913 -1519.997376 -1519.998082 -1519.999191 -1520.000975 -1520.003921 -1520.008920 -1520.017666 -1520.033461 -1520.062908 -1520.119544 -1520.232149 -1520.465428 -1520.975341 -1522.163935 -1525.137064 -1533.246924 -1558.440393 -9999.0 -9999.0
-9999.0 -9999.0 921.609905 823.421658 725.062837 626.472484 527.757572 428.987208 330.199189 231.414086 132.643358 33.894114 -64.824086 -163.508670 -262.137317 -360.660575 -458.980812 -556.921589 -654.187047 -751.047686 -847.875270 -943.979020 -1039.094357 -1129.079910 -1208.794218 -1278.760532 -1337.743412 -1385.519740 -1422.805305 -1450.962764 -1471.644165 -1486.494188 -1496.967414 -1504.252151 -1509.267037 -1512.697374 -1515.053756 -1516.777292 -1518.558778 -1522.451994 -1535.200742 -1581.921561 -1896.999746 -3978.340972 -4034.645255 -4034.650784 -4034.572205 -4033.773182 -4030.228094 -4019.530810 -3993.348921 -3931.872434 -3854.875824 -3779.515034 -3686.771606 -3564.047634 -3403.363928 -3208.205555 -2995.374414 -2784.633963 -2548.755608 -1611.227978 -1540.055935 -1526.887850 -1521.673002 -1520.313959 -1520.045759 -1520.000214 -1519.993413 -1519.992947 -1519.993435 -1519.993974 -1519.994423 -1519.994780 -1519.995063 -1519.995293 -1519.995483 -1519.995645 -1519.995788 -1519.995921 -1519.996054 -1519.996198 -1519.996371 -1519.996597 -1519.996913 -1519.997376 -1519.998082 -1519.999191 -1520.000975 -1520.003921 -1520.008920 -1520.017666 -1520.033461 -1520.062908 -1520.119544 -1520.232149 -1520.465428 -1520.975341 -1522.163935 -1525.137064 -1533.246924 -1558.440393 -9999.0 -9999.0
-9999.0 -9999.0 -9999.0 -9999.0 -9999.0 -9999.0 -9999.0 -9999.0 -9999.0 -9999.0 -9999.0 -9999.0 -9999.0 -9999.0 -9999.0 -9999.0 -9999.0 -9999.0 -9999.0 -9999.0 -9999.0 -9999.0 -9999.0 -9999.0 -9999.0 -9999.0 -9999.0 -9999.0 -9999.0 -9999.0 -9999.0 -9999.0 -9999.0 -9999.0 -9999.0 -9999.0 -9999.0 -9999.0 -9999.0 -9999.0 -9999.0 -9999.0 -9999.0 -9999.0 -9999.0 -9999.0 -9999.0 -9999.0 -9999.0 -9999.0 -9999.0 -9999.0 -9999.0 -9999.0 -9999.0 -9999.0 -9999.0 -9999.0 -9999.0 -9999.0 -9999.0 -9999.0 -9999.0 -9999.0 -9999.0 -9999.0 -9999.0 -9999.0 -9999.0 -9999.0 -9999.0 -9999.0 -9999.0 -9999.0 -9999.0 -9999.0 -9999.0 -9999.0 -9999.0 -9999.0 -9999.0 -9999.0 -9999.0 -9999.0 -9999.0 -9999.0 -9999.0 -9999.0 -9999.0 -9999.0 -9999.0 -9999.0 -9999.0 -9999.0 -9999.0 -9999.0 -9999.0 -9999.0 -9999.0 -9999.0 -9999.0 -9999.0 -9999.0 -9999.0
-9999.0 -9999.0 -9999.0 -9999.0 -9999.0 -9999.0 -9999.0 -9999.0 -9999.0 -9999.0 -9999.0 -9999.0 -9999.0 -9999.0 -9999.0 -9999.0 -9999.0 -9999.0 -9999.0 -9999.0 -9999.0 -9999.0 -9999.0 -9999.0 -9999.0 -9999.0 -9999.0 -9999.0 -9999.0 -9999.0 -9999.0 -9999.0 -9999.0 -9999.0 -9999.0 -9999.0 -9999.0 -9999.0 -9999.0 -9999.0 -9999.0 -9999.0 -9999.0 -9999.0 -9999.0 -9999.0 -9999.0 -9999.0 -9999.0 -9999.0 -9999.0 -9999.0 -9999.0 -9999.0 -9999.0 -9999.0 -9999.0 -9999.0 -9999.0 -9999.0 -9999.0 -9999.0 -9999.0 -9999.0 -9999.0 -9999.0 -9999.0 -9999.0 -9999.0 -9999.0 -9999.0 -9999.0 -9999.0 -9999.0 -9999.0 -9999.0 -9999.0 -9999.0 -9999.0 -9999.0 -9999.0 -9999.0 -9999.0 -9999.0 -9999.0 -9999.0 -9999.0 -9999.0 -9999.0 -9999.0 -9999.0 -9999.0 -9999.0 -9999.0 -9999.0 -9999.0 -9999.0 -9999.0 -9999.0 -9999.0 -9999.0 -9999.0 -9999.0 -9999.0