inst/processing_geotop_simulation/geotop_simulation/out/maps3D/PwL0020N0314.asc
ncols         104
nrows         10
xllcorner     -2.000000
yllcorner     0.000000
cellsize      1.000000
NODATA_value  -9999.0
-9999.0 -9999.0 -9999.0 -9999.0 -9999.0 -9999.0 -9999.0 -9999.0 -9999.0 -9999.0 -9999.0 -9999.0 -9999.0 -9999.0 -9999.0 -9999.0 -9999.0 -9999.0 -9999.0 -9999.0 -9999.0 -9999.0 -9999.0 -9999.0 -9999.0 -9999.0 -9999.0 -9999.0 -9999.0 -9999.0 -9999.0 -9999.0 -9999.0 -9999.0 -9999.0 -9999.0 -9999.0 -9999.0 -9999.0 -9999.0 -9999.0 -9999.0 -9999.0 -9999.0 -9999.0 -9999.0 -9999.0 -9999.0 -9999.0 -9999.0 -9999.0 -9999.0 -9999.0 -9999.0 -9999.0 -9999.0 -9999.0 -9999.0 -9999.0 -9999.0 -9999.0 -9999.0 -9999.0 -9999.0 -9999.0 -9999.0 -9999.0 -9999.0 -9999.0 -9999.0 -9999.0 -9999.0 -9999.0 -9999.0 -9999.0 -9999.0 -9999.0 -9999.0 -9999.0 -9999.0 -9999.0 -9999.0 -9999.0 -9999.0 -9999.0 -9999.0 -9999.0 -9999.0 -9999.0 -9999.0 -9999.0 -9999.0 -9999.0 -9999.0 -9999.0 -9999.0 -9999.0 -9999.0 -9999.0 -9999.0 -9999.0 -9999.0 -9999.0 -9999.0
-9999.0 -9999.0 -9999.0 -9999.0 -9999.0 -9999.0 -9999.0 -9999.0 -9999.0 -9999.0 -9999.0 -9999.0 -9999.0 -9999.0 -9999.0 -9999.0 -9999.0 -9999.0 -9999.0 -9999.0 -9999.0 -9999.0 -9999.0 -9999.0 -9999.0 -9999.0 -9999.0 -9999.0 -9999.0 -9999.0 -9999.0 -9999.0 -9999.0 -9999.0 -9999.0 -9999.0 -9999.0 -9999.0 -9999.0 -9999.0 -9999.0 -9999.0 -9999.0 -9999.0 -9999.0 -9999.0 -9999.0 -9999.0 -9999.0 -9999.0 -9999.0 -9999.0 -9999.0 -9999.0 -9999.0 -9999.0 -9999.0 -9999.0 -9999.0 -9999.0 -9999.0 -9999.0 -9999.0 -9999.0 -9999.0 -9999.0 -9999.0 -9999.0 -9999.0 -9999.0 -9999.0 -9999.0 -9999.0 -9999.0 -9999.0 -9999.0 -9999.0 -9999.0 -9999.0 -9999.0 -9999.0 -9999.0 -9999.0 -9999.0 -9999.0 -9999.0 -9999.0 -9999.0 -9999.0 -9999.0 -9999.0 -9999.0 -9999.0 -9999.0 -9999.0 -9999.0 -9999.0 -9999.0 -9999.0 -9999.0 -9999.0 -9999.0 -9999.0 -9999.0
-9999.0 -9999.0 970.444260 871.941339 773.333133 674.541425 575.647741 476.708372 377.754786 278.804289 179.866584 80.947265 -17.947500 -116.812743 -215.641984 -314.405372 -413.044025 -511.445651 -609.411364 -706.608950 -804.054889 -900.929767 -996.995340 -1091.961773 -1176.680854 -1252.932661 -1319.011911 -1374.065184 -1418.207508 -1452.378834 -1478.033956 -1496.809439 -1510.269758 -1519.764585 -1526.380022 -1530.951091 -1534.112751 -1536.410113 -1538.630397 -1542.882859 -1555.545663 -1597.914275 -1797.586070 -3763.807172 -3984.881151 -3984.858504 -3977.704803 -3918.943092 -3754.323636 -3513.851308 -3262.805928 -3017.393114 -2862.821491 -2763.594129 -2672.648430 -2578.954441 -2479.481573 -2375.664170 -2271.089690 -2168.600880 -2050.116435 -1528.701752 -1555.119379 -1547.165798 -1542.520262 -1541.171825 -1540.888780 -1540.838758 -1540.831043 -1540.830395 -1540.830833 -1540.831352 -1540.831794 -1540.832151 -1540.832441 -1540.832680 -1540.832884 -1540.833062 -1540.833223 -1540.833375 -1540.833528 -1540.833694 -1540.833888 -1540.834133 -1540.834464 -1540.834936 -1540.835641 -1540.836730 -1540.838465 -1540.841309 -1540.846121 -1540.854530 -1540.869721 -1540.898086 -1540.952800 -1541.062123 -1541.290272 -1541.793524 -1542.977548 -1545.965601 -1554.181882 -1579.756342 -9999.0 -9999.0
-9999.0 -9999.0 970.447146 871.942455 773.333503 674.541546 575.647782 476.708386 377.754791 278.804291 179.866585 80.947265 -17.947499 -116.812743 -215.641983 -314.405372 -413.044024 -511.445651 -609.411364 -706.608950 -804.054889 -900.929767 -996.995340 -1091.961773 -1176.680854 -1252.932661 -1319.011911 -1374.065184 -1418.207508 -1452.378834 -1478.033956 -1496.809439 -1510.269758 -1519.764585 -1526.380022 -1530.951091 -1534.112751 -1536.410113 -1538.630397 -1542.882859 -1555.545663 -1597.914275 -1797.586070 -3763.807172 -3984.881151 -3984.858504 -3977.704803 -3918.943092 -3754.323636 -3513.851307 -3262.805924 -3017.393113 -2862.821490 -2763.594129 -2672.648429 -2578.954441 -2479.481572 -2375.664170 -2271.089689 -2168.600879 -2050.116435 -1528.701752 -1555.119379 -1547.165798 -1542.520262 -1541.171825 -1540.888780 -1540.838758 -1540.831043 -1540.830395 -1540.830833 -1540.831352 -1540.831794 -1540.832151 -1540.832441 -1540.832680 -1540.832884 -1540.833062 -1540.833223 -1540.833375 -1540.833528 -1540.833694 -1540.833888 -1540.834133 -1540.834464 -1540.834936 -1540.835641 -1540.836730 -1540.838465 -1540.841309 -1540.846121 -1540.854530 -1540.869721 -1540.898086 -1540.952800 -1541.062123 -1541.290272 -1541.793524 -1542.977548 -1545.965601 -1554.181882 -1579.756342 -9999.0 -9999.0
-9999.0 -9999.0 970.448270 871.943060 773.333759 674.541645 575.647818 476.708400 377.754796 278.804293 179.866586 80.947266 -17.947500 -116.812742 -215.641984 -314.405372 -413.044025 -511.445651 -609.411364 -706.608950 -804.054889 -900.929767 -996.995340 -1091.961773 -1176.680854 -1252.932661 -1319.011911 -1374.065184 -1418.207508 -1452.378834 -1478.033957 -1496.809439 -1510.269758 -1519.764585 -1526.380022 -1530.951091 -1534.112751 -1536.410113 -1538.630397 -1542.882859 -1555.545663 -1597.914275 -1797.586070 -3763.807171 -3984.881151 -3984.858504 -3977.704803 -3918.943092 -3754.323636 -3513.851305 -3262.805922 -3017.393112 -2862.821490 -2763.594128 -2672.648429 -2578.954441 -2479.481572 -2375.664169 -2271.089689 -2168.600879 -2050.116435 -1528.701751 -1555.119379 -1547.165798 -1542.520262 -1541.171825 -1540.888780 -1540.838758 -1540.831043 -1540.830395 -1540.830833 -1540.831352 -1540.831794 -1540.832151 -1540.832441 -1540.832680 -1540.832884 -1540.833062 -1540.833223 -1540.833375 -1540.833528 -1540.833694 -1540.833888 -1540.834133 -1540.834464 -1540.834936 -1540.835641 -1540.836730 -1540.838465 -1540.841309 -1540.846121 -1540.854530 -1540.869721 -1540.898086 -1540.952800 -1541.062123 -1541.290272 -1541.793524 -1542.977548 -1545.965601 -1554.181882 -1579.756342 -9999.0 -9999.0
-9999.0 -9999.0 970.448270 871.943060 773.333759 674.541645 575.647818 476.708399 377.754796 278.804293 179.866586 80.947266 -17.947499 -116.812743 -215.641983 -314.405372 -413.044024 -511.445651 -609.411364 -706.608950 -804.054889 -900.929767 -996.995340 -1091.961773 -1176.680854 -1252.932661 -1319.011911 -1374.065184 -1418.207508 -1452.378834 -1478.033957 -1496.809439 -1510.269758 -1519.764585 -1526.380022 -1530.951091 -1534.112751 -1536.410113 -1538.630397 -1542.882859 -1555.545663 -1597.914275 -1797.586070 -3763.807172 -3984.881151 -3984.858504 -3977.704803 -3918.943092 -3754.323636 -3513.851305 -3262.805923 -3017.393112 -2862.821490 -2763.594129 -2672.648429 -2578.954441 -2479.481572 -2375.664170 -2271.089689 -2168.600879 -2050.116435 -1528.701752 -1555.119379 -1547.165798 -1542.520262 -1541.171825 -1540.888780 -1540.838758 -1540.831043 -1540.830395 -1540.830833 -1540.831352 -1540.831794 -1540.832151 -1540.832441 -1540.832680 -1540.832884 -1540.833062 -1540.833223 -1540.833375 -1540.833528 -1540.833694 -1540.833888 -1540.834133 -1540.834464 -1540.834936 -1540.835641 -1540.836730 -1540.838465 -1540.841309 -1540.846121 -1540.854530 -1540.869721 -1540.898086 -1540.952800 -1541.062123 -1541.290272 -1541.793524 -1542.977548 -1545.965601 -1554.181882 -1579.756342 -9999.0 -9999.0
-9999.0 -9999.0 970.447146 871.942455 773.333503 674.541547 575.647782 476.708386 377.754791 278.804292 179.866585 80.947266 -17.947500 -116.812742 -215.641984 -314.405372 -413.044025 -511.445651 -609.411364 -706.608950 -804.054889 -900.929767 -996.995340 -1091.961773 -1176.680854 -1252.932661 -1319.011911 -1374.065184 -1418.207508 -1452.378834 -1478.033956 -1496.809439 -1510.269758 -1519.764585 -1526.380022 -1530.951091 -1534.112751 -1536.410113 -1538.630397 -1542.882859 -1555.545663 -1597.914275 -1797.586070 -3763.807172 -3984.881151 -3984.858504 -3977.704803 -3918.943092 -3754.323636 -3513.851306 -3262.805924 -3017.393113 -2862.821490 -2763.594129 -2672.648429 -2578.954441 -2479.481572 -2375.664170 -2271.089689 -2168.600879 -2050.116435 -1528.701752 -1555.119379 -1547.165798 -1542.520262 -1541.171825 -1540.888780 -1540.838758 -1540.831043 -1540.830395 -1540.830833 -1540.831352 -1540.831794 -1540.832151 -1540.832441 -1540.832680 -1540.832884 -1540.833062 -1540.833223 -1540.833375 -1540.833528 -1540.833694 -1540.833888 -1540.834133 -1540.834464 -1540.834936 -1540.835641 -1540.836730 -1540.838465 -1540.841309 -1540.846121 -1540.854530 -1540.869721 -1540.898086 -1540.952800 -1541.062123 -1541.290272 -1541.793524 -1542.977548 -1545.965601 -1554.181882 -1579.756342 -9999.0 -9999.0
-9999.0 -9999.0 970.444260 871.941339 773.333134 674.541425 575.647741 476.708372 377.754786 278.804289 179.866584 80.947265 -17.947500 -116.812743 -215.641983 -314.405372 -413.044024 -511.445651 -609.411364 -706.608950 -804.054889 -900.929767 -996.995340 -1091.961773 -1176.680854 -1252.932661 -1319.011911 -1374.065184 -1418.207508 -1452.378834 -1478.033956 -1496.809439 -1510.269758 -1519.764585 -1526.380022 -1530.951091 -1534.112751 -1536.410113 -1538.630397 -1542.882859 -1555.545663 -1597.914275 -1797.586070 -3763.807173 -3984.881151 -3984.858504 -3977.704803 -3918.943092 -3754.323636 -3513.851309 -3262.805928 -3017.393114 -2862.821491 -2763.594129 -2672.648430 -2578.954441 -2479.481572 -2375.664170 -2271.089690 -2168.600880 -2050.116435 -1528.701752 -1555.119379 -1547.165798 -1542.520262 -1541.171825 -1540.888780 -1540.838758 -1540.831043 -1540.830395 -1540.830833 -1540.831352 -1540.831794 -1540.832151 -1540.832441 -1540.832680 -1540.832884 -1540.833062 -1540.833223 -1540.833375 -1540.833528 -1540.833694 -1540.833888 -1540.834133 -1540.834464 -1540.834936 -1540.835641 -1540.836730 -1540.838465 -1540.841309 -1540.846121 -1540.854530 -1540.869721 -1540.898086 -1540.952800 -1541.062123 -1541.290272 -1541.793524 -1542.977548 -1545.965601 -1554.181882 -1579.756342 -9999.0 -9999.0
-9999.0 -9999.0 -9999.0 -9999.0 -9999.0 -9999.0 -9999.0 -9999.0 -9999.0 -9999.0 -9999.0 -9999.0 -9999.0 -9999.0 -9999.0 -9999.0 -9999.0 -9999.0 -9999.0 -9999.0 -9999.0 -9999.0 -9999.0 -9999.0 -9999.0 -9999.0 -9999.0 -9999.0 -9999.0 -9999.0 -9999.0 -9999.0 -9999.0 -9999.0 -9999.0 -9999.0 -9999.0 -9999.0 -9999.0 -9999.0 -9999.0 -9999.0 -9999.0 -9999.0 -9999.0 -9999.0 -9999.0 -9999.0 -9999.0 -9999.0 -9999.0 -9999.0 -9999.0 -9999.0 -9999.0 -9999.0 -9999.0 -9999.0 -9999.0 -9999.0 -9999.0 -9999.0 -9999.0 -9999.0 -9999.0 -9999.0 -9999.0 -9999.0 -9999.0 -9999.0 -9999.0 -9999.0 -9999.0 -9999.0 -9999.0 -9999.0 -9999.0 -9999.0 -9999.0 -9999.0 -9999.0 -9999.0 -9999.0 -9999.0 -9999.0 -9999.0 -9999.0 -9999.0 -9999.0 -9999.0 -9999.0 -9999.0 -9999.0 -9999.0 -9999.0 -9999.0 -9999.0 -9999.0 -9999.0 -9999.0 -9999.0 -9999.0 -9999.0 -9999.0
-9999.0 -9999.0 -9999.0 -9999.0 -9999.0 -9999.0 -9999.0 -9999.0 -9999.0 -9999.0 -9999.0 -9999.0 -9999.0 -9999.0 -9999.0 -9999.0 -9999.0 -9999.0 -9999.0 -9999.0 -9999.0 -9999.0 -9999.0 -9999.0 -9999.0 -9999.0 -9999.0 -9999.0 -9999.0 -9999.0 -9999.0 -9999.0 -9999.0 -9999.0 -9999.0 -9999.0 -9999.0 -9999.0 -9999.0 -9999.0 -9999.0 -9999.0 -9999.0 -9999.0 -9999.0 -9999.0 -9999.0 -9999.0 -9999.0 -9999.0 -9999.0 -9999.0 -9999.0 -9999.0 -9999.0 -9999.0 -9999.0 -9999.0 -9999.0 -9999.0 -9999.0 -9999.0 -9999.0 -9999.0 -9999.0 -9999.0 -9999.0 -9999.0 -9999.0 -9999.0 -9999.0 -9999.0 -9999.0 -9999.0 -9999.0 -9999.0 -9999.0 -9999.0 -9999.0 -9999.0 -9999.0 -9999.0 -9999.0 -9999.0 -9999.0 -9999.0 -9999.0 -9999.0 -9999.0 -9999.0 -9999.0 -9999.0 -9999.0 -9999.0 -9999.0 -9999.0 -9999.0 -9999.0 -9999.0 -9999.0 -9999.0 -9999.0 -9999.0 -9999.0