inst/processing_geotop_simulation/geotop_simulation/out/maps3D/PwL0018N0225.asc
ncols         104
nrows         10
xllcorner     -2.000000
yllcorner     0.000000
cellsize      1.000000
NODATA_value  -9999.0
-9999.0 -9999.0 -9999.0 -9999.0 -9999.0 -9999.0 -9999.0 -9999.0 -9999.0 -9999.0 -9999.0 -9999.0 -9999.0 -9999.0 -9999.0 -9999.0 -9999.0 -9999.0 -9999.0 -9999.0 -9999.0 -9999.0 -9999.0 -9999.0 -9999.0 -9999.0 -9999.0 -9999.0 -9999.0 -9999.0 -9999.0 -9999.0 -9999.0 -9999.0 -9999.0 -9999.0 -9999.0 -9999.0 -9999.0 -9999.0 -9999.0 -9999.0 -9999.0 -9999.0 -9999.0 -9999.0 -9999.0 -9999.0 -9999.0 -9999.0 -9999.0 -9999.0 -9999.0 -9999.0 -9999.0 -9999.0 -9999.0 -9999.0 -9999.0 -9999.0 -9999.0 -9999.0 -9999.0 -9999.0 -9999.0 -9999.0 -9999.0 -9999.0 -9999.0 -9999.0 -9999.0 -9999.0 -9999.0 -9999.0 -9999.0 -9999.0 -9999.0 -9999.0 -9999.0 -9999.0 -9999.0 -9999.0 -9999.0 -9999.0 -9999.0 -9999.0 -9999.0 -9999.0 -9999.0 -9999.0 -9999.0 -9999.0 -9999.0 -9999.0 -9999.0 -9999.0 -9999.0 -9999.0 -9999.0 -9999.0 -9999.0 -9999.0 -9999.0 -9999.0
-9999.0 -9999.0 -9999.0 -9999.0 -9999.0 -9999.0 -9999.0 -9999.0 -9999.0 -9999.0 -9999.0 -9999.0 -9999.0 -9999.0 -9999.0 -9999.0 -9999.0 -9999.0 -9999.0 -9999.0 -9999.0 -9999.0 -9999.0 -9999.0 -9999.0 -9999.0 -9999.0 -9999.0 -9999.0 -9999.0 -9999.0 -9999.0 -9999.0 -9999.0 -9999.0 -9999.0 -9999.0 -9999.0 -9999.0 -9999.0 -9999.0 -9999.0 -9999.0 -9999.0 -9999.0 -9999.0 -9999.0 -9999.0 -9999.0 -9999.0 -9999.0 -9999.0 -9999.0 -9999.0 -9999.0 -9999.0 -9999.0 -9999.0 -9999.0 -9999.0 -9999.0 -9999.0 -9999.0 -9999.0 -9999.0 -9999.0 -9999.0 -9999.0 -9999.0 -9999.0 -9999.0 -9999.0 -9999.0 -9999.0 -9999.0 -9999.0 -9999.0 -9999.0 -9999.0 -9999.0 -9999.0 -9999.0 -9999.0 -9999.0 -9999.0 -9999.0 -9999.0 -9999.0 -9999.0 -9999.0 -9999.0 -9999.0 -9999.0 -9999.0 -9999.0 -9999.0 -9999.0 -9999.0 -9999.0 -9999.0 -9999.0 -9999.0 -9999.0 -9999.0
-9999.0 -9999.0 875.454247 778.521211 681.227961 583.529097 485.618109 387.612815 289.576344 191.542694 93.530654 -4.446126 -102.373157 -200.236424 -297.973111 -395.463696 -492.485101 -588.677448 -683.505129 -778.932096 -873.472900 -966.855797 -1058.853706 -1137.026105 -1204.802857 -1261.024669 -1305.720807 -1339.908026 -1365.194458 -1383.378063 -1396.157294 -1404.976474 -1410.978103 -1415.020098 -1417.722869 -1419.525090 -1420.741303 -1421.646263 -1422.752098 -1426.003533 -1439.412885 -1502.006472 -1983.943296 -4050.030958 -4084.155732 -4084.158413 -4084.158295 -4084.156888 -4084.149789 -4084.125589 -4084.057408 -4083.855884 -4083.516199 -4083.070464 -4082.322298 -4080.858028 -4077.627327 -4069.842626 -4050.142816 -4000.406617 -3809.792002 -1743.961876 -1462.840284 -1431.797839 -1424.848387 -1423.484499 -1423.256813 -1423.221680 -1423.216862 -1423.216851 -1423.217527 -1423.218182 -1423.218708 -1423.219115 -1423.219431 -1423.219679 -1423.219878 -1423.220042 -1423.220181 -1423.220307 -1423.220430 -1423.220566 -1423.220735 -1423.220965 -1423.221300 -1423.221809 -1423.222603 -1423.223871 -1423.225931 -1423.229346 -1423.235144 -1423.245262 -1423.263459 -1423.297198 -1423.361602 -1423.488210 -1423.746097 -1424.297706 -1425.554440 -1428.624725 -1436.759432 -1461.399349 -9999.0 -9999.0
-9999.0 -9999.0 875.457850 778.522532 681.228384 583.529234 485.618155 387.612831 289.576349 191.542696 93.530655 -4.446126 -102.373157 -200.236424 -297.973111 -395.463696 -492.485101 -588.677448 -683.505129 -778.932096 -873.472900 -966.855797 -1058.853707 -1137.026105 -1204.802857 -1261.024669 -1305.720807 -1339.908026 -1365.194458 -1383.378063 -1396.157294 -1404.976474 -1410.978103 -1415.020098 -1417.722869 -1419.525090 -1420.741303 -1421.646263 -1422.752098 -1426.003533 -1439.412885 -1502.006472 -1983.943296 -4050.030958 -4084.155732 -4084.158413 -4084.158295 -4084.156888 -4084.149789 -4084.125589 -4084.057408 -4083.855884 -4083.516199 -4083.070464 -4082.322298 -4080.858028 -4077.627327 -4069.842626 -4050.142816 -4000.406617 -3809.792002 -1743.961876 -1462.840284 -1431.797839 -1424.848387 -1423.484499 -1423.256813 -1423.221680 -1423.216862 -1423.216851 -1423.217527 -1423.218182 -1423.218708 -1423.219115 -1423.219431 -1423.219679 -1423.219878 -1423.220042 -1423.220181 -1423.220307 -1423.220430 -1423.220566 -1423.220735 -1423.220965 -1423.221300 -1423.221809 -1423.222603 -1423.223871 -1423.225931 -1423.229346 -1423.235144 -1423.245262 -1423.263459 -1423.297198 -1423.361602 -1423.488210 -1423.746097 -1424.297706 -1425.554440 -1428.624725 -1436.759432 -1461.399349 -9999.0 -9999.0
-9999.0 -9999.0 875.459148 778.523223 681.228673 583.529344 485.618195 387.612845 289.576355 191.542698 93.530656 -4.446125 -102.373157 -200.236424 -297.973111 -395.463696 -492.485101 -588.677449 -683.505129 -778.932096 -873.472900 -966.855797 -1058.853707 -1137.026105 -1204.802857 -1261.024670 -1305.720807 -1339.908026 -1365.194458 -1383.378063 -1396.157294 -1404.976474 -1410.978103 -1415.020098 -1417.722869 -1419.525090 -1420.741303 -1421.646263 -1422.752098 -1426.003533 -1439.412885 -1502.006472 -1983.943296 -4050.030958 -4084.155732 -4084.158413 -4084.158295 -4084.156888 -4084.149789 -4084.125589 -4084.057408 -4083.855884 -4083.516199 -4083.070464 -4082.322298 -4080.858028 -4077.627327 -4069.842626 -4050.142816 -4000.406616 -3809.792002 -1743.961876 -1462.840284 -1431.797839 -1424.848387 -1423.484499 -1423.256813 -1423.221680 -1423.216862 -1423.216851 -1423.217527 -1423.218182 -1423.218708 -1423.219115 -1423.219431 -1423.219679 -1423.219878 -1423.220042 -1423.220181 -1423.220307 -1423.220430 -1423.220566 -1423.220735 -1423.220965 -1423.221300 -1423.221809 -1423.222603 -1423.223871 -1423.225931 -1423.229346 -1423.235144 -1423.245262 -1423.263459 -1423.297198 -1423.361602 -1423.488210 -1423.746097 -1424.297706 -1425.554440 -1428.624725 -1436.759432 -1461.399349 -9999.0 -9999.0
-9999.0 -9999.0 875.459148 778.523223 681.228673 583.529344 485.618195 387.612845 289.576355 191.542698 93.530656 -4.446125 -102.373157 -200.236424 -297.973111 -395.463696 -492.485101 -588.677449 -683.505129 -778.932096 -873.472900 -966.855797 -1058.853707 -1137.026105 -1204.802857 -1261.024670 -1305.720807 -1339.908026 -1365.194458 -1383.378063 -1396.157294 -1404.976474 -1410.978103 -1415.020098 -1417.722869 -1419.525090 -1420.741303 -1421.646263 -1422.752098 -1426.003533 -1439.412885 -1502.006472 -1983.943296 -4050.030958 -4084.155732 -4084.158413 -4084.158295 -4084.156888 -4084.149789 -4084.125589 -4084.057408 -4083.855884 -4083.516199 -4083.070464 -4082.322298 -4080.858028 -4077.627327 -4069.842626 -4050.142816 -4000.406617 -3809.792002 -1743.961876 -1462.840284 -1431.797839 -1424.848387 -1423.484499 -1423.256813 -1423.221680 -1423.216862 -1423.216851 -1423.217527 -1423.218182 -1423.218708 -1423.219115 -1423.219431 -1423.219679 -1423.219878 -1423.220042 -1423.220181 -1423.220307 -1423.220430 -1423.220566 -1423.220735 -1423.220965 -1423.221300 -1423.221809 -1423.222603 -1423.223871 -1423.225931 -1423.229346 -1423.235144 -1423.245262 -1423.263459 -1423.297198 -1423.361602 -1423.488210 -1423.746097 -1424.297706 -1425.554440 -1428.624725 -1436.759432 -1461.399349 -9999.0 -9999.0
-9999.0 -9999.0 875.457850 778.522532 681.228384 583.529234 485.618155 387.612830 289.576350 191.542696 93.530655 -4.446126 -102.373157 -200.236424 -297.973111 -395.463696 -492.485101 -588.677448 -683.505129 -778.932096 -873.472900 -966.855797 -1058.853707 -1137.026105 -1204.802857 -1261.024669 -1305.720807 -1339.908026 -1365.194458 -1383.378063 -1396.157294 -1404.976474 -1410.978103 -1415.020098 -1417.722869 -1419.525090 -1420.741303 -1421.646263 -1422.752098 -1426.003533 -1439.412885 -1502.006472 -1983.943296 -4050.030958 -4084.155732 -4084.158413 -4084.158295 -4084.156888 -4084.149789 -4084.125589 -4084.057408 -4083.855884 -4083.516199 -4083.070464 -4082.322298 -4080.858028 -4077.627327 -4069.842626 -4050.142816 -4000.406617 -3809.792002 -1743.961876 -1462.840284 -1431.797839 -1424.848387 -1423.484499 -1423.256813 -1423.221680 -1423.216862 -1423.216851 -1423.217527 -1423.218182 -1423.218708 -1423.219115 -1423.219431 -1423.219679 -1423.219878 -1423.220042 -1423.220181 -1423.220307 -1423.220430 -1423.220566 -1423.220735 -1423.220965 -1423.221300 -1423.221809 -1423.222603 -1423.223871 -1423.225931 -1423.229346 -1423.235144 -1423.245262 -1423.263459 -1423.297198 -1423.361602 -1423.488210 -1423.746097 -1424.297706 -1425.554440 -1428.624725 -1436.759432 -1461.399349 -9999.0 -9999.0
-9999.0 -9999.0 875.454246 778.521212 681.227961 583.529098 485.618109 387.612815 289.576344 191.542694 93.530654 -4.446126 -102.373158 -200.236424 -297.973111 -395.463696 -492.485101 -588.677448 -683.505129 -778.932095 -873.472900 -966.855797 -1058.853706 -1137.026105 -1204.802857 -1261.024669 -1305.720807 -1339.908026 -1365.194458 -1383.378063 -1396.157294 -1404.976474 -1410.978103 -1415.020098 -1417.722869 -1419.525090 -1420.741303 -1421.646263 -1422.752098 -1426.003533 -1439.412885 -1502.006472 -1983.943296 -4050.030958 -4084.155732 -4084.158413 -4084.158295 -4084.156888 -4084.149789 -4084.125589 -4084.057408 -4083.855884 -4083.516199 -4083.070464 -4082.322298 -4080.858028 -4077.627327 -4069.842626 -4050.142816 -4000.406617 -3809.792003 -1743.961876 -1462.840284 -1431.797839 -1424.848387 -1423.484499 -1423.256813 -1423.221680 -1423.216862 -1423.216851 -1423.217527 -1423.218182 -1423.218708 -1423.219115 -1423.219431 -1423.219679 -1423.219878 -1423.220042 -1423.220181 -1423.220307 -1423.220430 -1423.220566 -1423.220735 -1423.220965 -1423.221300 -1423.221809 -1423.222603 -1423.223871 -1423.225931 -1423.229346 -1423.235144 -1423.245262 -1423.263459 -1423.297198 -1423.361602 -1423.488210 -1423.746097 -1424.297706 -1425.554440 -1428.624725 -1436.759432 -1461.399349 -9999.0 -9999.0
-9999.0 -9999.0 -9999.0 -9999.0 -9999.0 -9999.0 -9999.0 -9999.0 -9999.0 -9999.0 -9999.0 -9999.0 -9999.0 -9999.0 -9999.0 -9999.0 -9999.0 -9999.0 -9999.0 -9999.0 -9999.0 -9999.0 -9999.0 -9999.0 -9999.0 -9999.0 -9999.0 -9999.0 -9999.0 -9999.0 -9999.0 -9999.0 -9999.0 -9999.0 -9999.0 -9999.0 -9999.0 -9999.0 -9999.0 -9999.0 -9999.0 -9999.0 -9999.0 -9999.0 -9999.0 -9999.0 -9999.0 -9999.0 -9999.0 -9999.0 -9999.0 -9999.0 -9999.0 -9999.0 -9999.0 -9999.0 -9999.0 -9999.0 -9999.0 -9999.0 -9999.0 -9999.0 -9999.0 -9999.0 -9999.0 -9999.0 -9999.0 -9999.0 -9999.0 -9999.0 -9999.0 -9999.0 -9999.0 -9999.0 -9999.0 -9999.0 -9999.0 -9999.0 -9999.0 -9999.0 -9999.0 -9999.0 -9999.0 -9999.0 -9999.0 -9999.0 -9999.0 -9999.0 -9999.0 -9999.0 -9999.0 -9999.0 -9999.0 -9999.0 -9999.0 -9999.0 -9999.0 -9999.0 -9999.0 -9999.0 -9999.0 -9999.0 -9999.0 -9999.0
-9999.0 -9999.0 -9999.0 -9999.0 -9999.0 -9999.0 -9999.0 -9999.0 -9999.0 -9999.0 -9999.0 -9999.0 -9999.0 -9999.0 -9999.0 -9999.0 -9999.0 -9999.0 -9999.0 -9999.0 -9999.0 -9999.0 -9999.0 -9999.0 -9999.0 -9999.0 -9999.0 -9999.0 -9999.0 -9999.0 -9999.0 -9999.0 -9999.0 -9999.0 -9999.0 -9999.0 -9999.0 -9999.0 -9999.0 -9999.0 -9999.0 -9999.0 -9999.0 -9999.0 -9999.0 -9999.0 -9999.0 -9999.0 -9999.0 -9999.0 -9999.0 -9999.0 -9999.0 -9999.0 -9999.0 -9999.0 -9999.0 -9999.0 -9999.0 -9999.0 -9999.0 -9999.0 -9999.0 -9999.0 -9999.0 -9999.0 -9999.0 -9999.0 -9999.0 -9999.0 -9999.0 -9999.0 -9999.0 -9999.0 -9999.0 -9999.0 -9999.0 -9999.0 -9999.0 -9999.0 -9999.0 -9999.0 -9999.0 -9999.0 -9999.0 -9999.0 -9999.0 -9999.0 -9999.0 -9999.0 -9999.0 -9999.0 -9999.0 -9999.0 -9999.0 -9999.0 -9999.0 -9999.0 -9999.0 -9999.0 -9999.0 -9999.0 -9999.0 -9999.0