inst/processing_geotop_simulation/geotop_simulation/out/maps3D/PwL0008N0314.asc
ncols         104
nrows         10
xllcorner     -2.000000
yllcorner     0.000000
cellsize      1.000000
NODATA_value  -9999.0
-9999.0 -9999.0 -9999.0 -9999.0 -9999.0 -9999.0 -9999.0 -9999.0 -9999.0 -9999.0 -9999.0 -9999.0 -9999.0 -9999.0 -9999.0 -9999.0 -9999.0 -9999.0 -9999.0 -9999.0 -9999.0 -9999.0 -9999.0 -9999.0 -9999.0 -9999.0 -9999.0 -9999.0 -9999.0 -9999.0 -9999.0 -9999.0 -9999.0 -9999.0 -9999.0 -9999.0 -9999.0 -9999.0 -9999.0 -9999.0 -9999.0 -9999.0 -9999.0 -9999.0 -9999.0 -9999.0 -9999.0 -9999.0 -9999.0 -9999.0 -9999.0 -9999.0 -9999.0 -9999.0 -9999.0 -9999.0 -9999.0 -9999.0 -9999.0 -9999.0 -9999.0 -9999.0 -9999.0 -9999.0 -9999.0 -9999.0 -9999.0 -9999.0 -9999.0 -9999.0 -9999.0 -9999.0 -9999.0 -9999.0 -9999.0 -9999.0 -9999.0 -9999.0 -9999.0 -9999.0 -9999.0 -9999.0 -9999.0 -9999.0 -9999.0 -9999.0 -9999.0 -9999.0 -9999.0 -9999.0 -9999.0 -9999.0 -9999.0 -9999.0 -9999.0 -9999.0 -9999.0 -9999.0 -9999.0 -9999.0 -9999.0 -9999.0 -9999.0 -9999.0
-9999.0 -9999.0 -9999.0 -9999.0 -9999.0 -9999.0 -9999.0 -9999.0 -9999.0 -9999.0 -9999.0 -9999.0 -9999.0 -9999.0 -9999.0 -9999.0 -9999.0 -9999.0 -9999.0 -9999.0 -9999.0 -9999.0 -9999.0 -9999.0 -9999.0 -9999.0 -9999.0 -9999.0 -9999.0 -9999.0 -9999.0 -9999.0 -9999.0 -9999.0 -9999.0 -9999.0 -9999.0 -9999.0 -9999.0 -9999.0 -9999.0 -9999.0 -9999.0 -9999.0 -9999.0 -9999.0 -9999.0 -9999.0 -9999.0 -9999.0 -9999.0 -9999.0 -9999.0 -9999.0 -9999.0 -9999.0 -9999.0 -9999.0 -9999.0 -9999.0 -9999.0 -9999.0 -9999.0 -9999.0 -9999.0 -9999.0 -9999.0 -9999.0 -9999.0 -9999.0 -9999.0 -9999.0 -9999.0 -9999.0 -9999.0 -9999.0 -9999.0 -9999.0 -9999.0 -9999.0 -9999.0 -9999.0 -9999.0 -9999.0 -9999.0 -9999.0 -9999.0 -9999.0 -9999.0 -9999.0 -9999.0 -9999.0 -9999.0 -9999.0 -9999.0 -9999.0 -9999.0 -9999.0 -9999.0 -9999.0 -9999.0 -9999.0 -9999.0 -9999.0
-9999.0 -9999.0 374.720808 277.392758 179.080731 80.377252 -18.482566 -117.403544 -216.344449 -315.273643 -414.159116 -512.940926 -611.489662 -709.554278 -807.666484 -905.684842 -1003.515299 -1101.165836 -1196.916594 -1290.478756 -1380.159664 -1463.153011 -1536.361660 -1597.698833 -1646.708143 -1684.336144 -1712.320401 -1732.618875 -1747.053813 -1757.156171 -1764.134795 -1768.904859 -1772.137982 -1774.315242 -1775.775041 -1776.754295 -1777.428176 -1777.979313 -1778.834771 -1781.406719 -1787.910140 -1773.953340 -1222.546814 -1294.693585 -1266.660762 -1248.635261 -1240.302735 -1239.117772 -1238.994056 -1239.006103 -1239.037554 -1239.071352 -1239.103823 -1239.133887 -1239.161778 -1239.194136 -1239.294659 -1239.984327 -1244.341046 -1254.142309 -1266.981029 -1179.289968 -1744.006098 -1781.097687 -1779.988250 -1779.042683 -1778.830176 -1778.793195 -1778.787698 -1778.787408 -1778.787898 -1778.788411 -1778.788828 -1778.789150 -1778.789400 -1778.789596 -1778.789752 -1778.789881 -1778.789990 -1778.790088 -1778.790186 -1778.790295 -1778.790431 -1778.790618 -1778.790892 -1778.791310 -1778.791965 -1778.793013 -1778.794719 -1778.797556 -1778.802385 -1778.810838 -1778.826086 -1778.854426 -1778.908623 -1779.015277 -1779.232448 -1779.695900 -1780.749952 -1783.353803 -1790.563887 -1814.106014 -9999.0 -9999.0
-9999.0 -9999.0 374.727810 277.394536 179.081210 80.377395 -18.482521 -117.403529 -216.344443 -315.273641 -414.159115 -512.940925 -611.489662 -709.554277 -807.666484 -905.684842 -1003.515300 -1101.165836 -1196.916594 -1290.478756 -1380.159664 -1463.153012 -1536.361661 -1597.698834 -1646.708143 -1684.336144 -1712.320401 -1732.618875 -1747.053813 -1757.156171 -1764.134795 -1768.904859 -1772.137982 -1774.315242 -1775.775041 -1776.754295 -1777.428176 -1777.979313 -1778.834771 -1781.406719 -1787.910140 -1773.953340 -1222.546814 -1294.693585 -1266.660761 -1248.635260 -1240.302735 -1239.117772 -1238.994056 -1239.006103 -1239.037554 -1239.071352 -1239.103823 -1239.133887 -1239.161778 -1239.194136 -1239.294659 -1239.984327 -1244.341046 -1254.142309 -1266.981029 -1179.289968 -1744.006098 -1781.097687 -1779.988250 -1779.042683 -1778.830176 -1778.793195 -1778.787698 -1778.787408 -1778.787898 -1778.788411 -1778.788828 -1778.789150 -1778.789400 -1778.789596 -1778.789752 -1778.789881 -1778.789990 -1778.790088 -1778.790186 -1778.790295 -1778.790431 -1778.790618 -1778.790892 -1778.791310 -1778.791965 -1778.793013 -1778.794719 -1778.797556 -1778.802385 -1778.810838 -1778.826086 -1778.854426 -1778.908623 -1779.015277 -1779.232448 -1779.695900 -1780.749952 -1783.353803 -1790.563887 -1814.106014 -9999.0 -9999.0
-9999.0 -9999.0 374.729248 277.395306 179.081517 80.377507 -18.482481 -117.403514 -216.344438 -315.273639 -414.159115 -512.940925 -611.489662 -709.554277 -807.666484 -905.684842 -1003.515300 -1101.165836 -1196.916594 -1290.478756 -1380.159664 -1463.153012 -1536.361661 -1597.698834 -1646.708143 -1684.336144 -1712.320401 -1732.618875 -1747.053813 -1757.156171 -1764.134796 -1768.904859 -1772.137982 -1774.315242 -1775.775041 -1776.754295 -1777.428176 -1777.979313 -1778.834771 -1781.406719 -1787.910140 -1773.953340 -1222.546814 -1294.693585 -1266.660761 -1248.635260 -1240.302735 -1239.117772 -1238.994056 -1239.006103 -1239.037554 -1239.071352 -1239.103823 -1239.133887 -1239.161778 -1239.194136 -1239.294659 -1239.984327 -1244.341046 -1254.142309 -1266.981029 -1179.289968 -1744.006098 -1781.097687 -1779.988250 -1779.042683 -1778.830176 -1778.793195 -1778.787698 -1778.787408 -1778.787898 -1778.788411 -1778.788828 -1778.789150 -1778.789400 -1778.789596 -1778.789752 -1778.789881 -1778.789990 -1778.790088 -1778.790186 -1778.790295 -1778.790431 -1778.790618 -1778.790892 -1778.791310 -1778.791965 -1778.793013 -1778.794719 -1778.797556 -1778.802385 -1778.810838 -1778.826086 -1778.854426 -1778.908623 -1779.015277 -1779.232448 -1779.695900 -1780.749952 -1783.353803 -1790.563887 -1814.106014 -9999.0 -9999.0
-9999.0 -9999.0 374.729248 277.395305 179.081517 80.377507 -18.482481 -117.403514 -216.344438 -315.273639 -414.159114 -512.940925 -611.489662 -709.554277 -807.666484 -905.684842 -1003.515300 -1101.165836 -1196.916594 -1290.478756 -1380.159664 -1463.153012 -1536.361661 -1597.698834 -1646.708143 -1684.336144 -1712.320401 -1732.618875 -1747.053813 -1757.156171 -1764.134796 -1768.904859 -1772.137982 -1774.315242 -1775.775041 -1776.754295 -1777.428176 -1777.979313 -1778.834771 -1781.406719 -1787.910140 -1773.953340 -1222.546814 -1294.693585 -1266.660761 -1248.635260 -1240.302735 -1239.117772 -1238.994056 -1239.006103 -1239.037554 -1239.071352 -1239.103823 -1239.133887 -1239.161778 -1239.194136 -1239.294659 -1239.984327 -1244.341046 -1254.142309 -1266.981029 -1179.289968 -1744.006098 -1781.097687 -1779.988250 -1779.042683 -1778.830176 -1778.793195 -1778.787698 -1778.787408 -1778.787898 -1778.788411 -1778.788828 -1778.789150 -1778.789400 -1778.789596 -1778.789752 -1778.789881 -1778.789990 -1778.790088 -1778.790186 -1778.790295 -1778.790431 -1778.790618 -1778.790892 -1778.791310 -1778.791965 -1778.793013 -1778.794719 -1778.797556 -1778.802385 -1778.810838 -1778.826086 -1778.854426 -1778.908623 -1779.015277 -1779.232448 -1779.695900 -1780.749952 -1783.353803 -1790.563887 -1814.106014 -9999.0 -9999.0
-9999.0 -9999.0 374.727810 277.394536 179.081210 80.377395 -18.482521 -117.403528 -216.344443 -315.273641 -414.159115 -512.940925 -611.489662 -709.554277 -807.666484 -905.684842 -1003.515300 -1101.165836 -1196.916594 -1290.478756 -1380.159664 -1463.153012 -1536.361661 -1597.698834 -1646.708143 -1684.336144 -1712.320401 -1732.618875 -1747.053813 -1757.156171 -1764.134795 -1768.904859 -1772.137982 -1774.315242 -1775.775041 -1776.754295 -1777.428176 -1777.979313 -1778.834771 -1781.406719 -1787.910140 -1773.953340 -1222.546814 -1294.693585 -1266.660761 -1248.635260 -1240.302735 -1239.117772 -1238.994056 -1239.006103 -1239.037554 -1239.071352 -1239.103823 -1239.133887 -1239.161778 -1239.194136 -1239.294659 -1239.984327 -1244.341046 -1254.142309 -1266.981029 -1179.289968 -1744.006098 -1781.097687 -1779.988250 -1779.042683 -1778.830176 -1778.793195 -1778.787698 -1778.787408 -1778.787898 -1778.788411 -1778.788828 -1778.789150 -1778.789400 -1778.789596 -1778.789752 -1778.789881 -1778.789990 -1778.790088 -1778.790186 -1778.790295 -1778.790431 -1778.790618 -1778.790892 -1778.791310 -1778.791965 -1778.793013 -1778.794719 -1778.797556 -1778.802385 -1778.810838 -1778.826086 -1778.854426 -1778.908623 -1779.015277 -1779.232448 -1779.695900 -1780.749952 -1783.353803 -1790.563887 -1814.106014 -9999.0 -9999.0
-9999.0 -9999.0 374.720808 277.392757 179.080731 80.377252 -18.482566 -117.403544 -216.344448 -315.273644 -414.159116 -512.940926 -611.489662 -709.554278 -807.666484 -905.684842 -1003.515299 -1101.165836 -1196.916594 -1290.478756 -1380.159664 -1463.153011 -1536.361660 -1597.698833 -1646.708143 -1684.336144 -1712.320401 -1732.618875 -1747.053813 -1757.156171 -1764.134795 -1768.904859 -1772.137982 -1774.315242 -1775.775041 -1776.754295 -1777.428176 -1777.979313 -1778.834771 -1781.406719 -1787.910140 -1773.953340 -1222.546814 -1294.693585 -1266.660762 -1248.635261 -1240.302735 -1239.117772 -1238.994056 -1239.006103 -1239.037554 -1239.071352 -1239.103823 -1239.133887 -1239.161778 -1239.194136 -1239.294659 -1239.984327 -1244.341046 -1254.142309 -1266.981029 -1179.289968 -1744.006098 -1781.097687 -1779.988250 -1779.042683 -1778.830176 -1778.793195 -1778.787698 -1778.787408 -1778.787898 -1778.788411 -1778.788828 -1778.789150 -1778.789400 -1778.789596 -1778.789752 -1778.789881 -1778.789990 -1778.790088 -1778.790186 -1778.790295 -1778.790431 -1778.790618 -1778.790892 -1778.791310 -1778.791965 -1778.793013 -1778.794719 -1778.797556 -1778.802385 -1778.810838 -1778.826086 -1778.854426 -1778.908623 -1779.015277 -1779.232448 -1779.695900 -1780.749952 -1783.353803 -1790.563887 -1814.106014 -9999.0 -9999.0
-9999.0 -9999.0 -9999.0 -9999.0 -9999.0 -9999.0 -9999.0 -9999.0 -9999.0 -9999.0 -9999.0 -9999.0 -9999.0 -9999.0 -9999.0 -9999.0 -9999.0 -9999.0 -9999.0 -9999.0 -9999.0 -9999.0 -9999.0 -9999.0 -9999.0 -9999.0 -9999.0 -9999.0 -9999.0 -9999.0 -9999.0 -9999.0 -9999.0 -9999.0 -9999.0 -9999.0 -9999.0 -9999.0 -9999.0 -9999.0 -9999.0 -9999.0 -9999.0 -9999.0 -9999.0 -9999.0 -9999.0 -9999.0 -9999.0 -9999.0 -9999.0 -9999.0 -9999.0 -9999.0 -9999.0 -9999.0 -9999.0 -9999.0 -9999.0 -9999.0 -9999.0 -9999.0 -9999.0 -9999.0 -9999.0 -9999.0 -9999.0 -9999.0 -9999.0 -9999.0 -9999.0 -9999.0 -9999.0 -9999.0 -9999.0 -9999.0 -9999.0 -9999.0 -9999.0 -9999.0 -9999.0 -9999.0 -9999.0 -9999.0 -9999.0 -9999.0 -9999.0 -9999.0 -9999.0 -9999.0 -9999.0 -9999.0 -9999.0 -9999.0 -9999.0 -9999.0 -9999.0 -9999.0 -9999.0 -9999.0 -9999.0 -9999.0 -9999.0 -9999.0
-9999.0 -9999.0 -9999.0 -9999.0 -9999.0 -9999.0 -9999.0 -9999.0 -9999.0 -9999.0 -9999.0 -9999.0 -9999.0 -9999.0 -9999.0 -9999.0 -9999.0 -9999.0 -9999.0 -9999.0 -9999.0 -9999.0 -9999.0 -9999.0 -9999.0 -9999.0 -9999.0 -9999.0 -9999.0 -9999.0 -9999.0 -9999.0 -9999.0 -9999.0 -9999.0 -9999.0 -9999.0 -9999.0 -9999.0 -9999.0 -9999.0 -9999.0 -9999.0 -9999.0 -9999.0 -9999.0 -9999.0 -9999.0 -9999.0 -9999.0 -9999.0 -9999.0 -9999.0 -9999.0 -9999.0 -9999.0 -9999.0 -9999.0 -9999.0 -9999.0 -9999.0 -9999.0 -9999.0 -9999.0 -9999.0 -9999.0 -9999.0 -9999.0 -9999.0 -9999.0 -9999.0 -9999.0 -9999.0 -9999.0 -9999.0 -9999.0 -9999.0 -9999.0 -9999.0 -9999.0 -9999.0 -9999.0 -9999.0 -9999.0 -9999.0 -9999.0 -9999.0 -9999.0 -9999.0 -9999.0 -9999.0 -9999.0 -9999.0 -9999.0 -9999.0 -9999.0 -9999.0 -9999.0 -9999.0 -9999.0 -9999.0 -9999.0 -9999.0 -9999.0