inst/processing_geotop_simulation/geotop_simulation/out/maps3D/PwL0009N0195.asc
ncols         104
nrows         10
xllcorner     -2.000000
yllcorner     0.000000
cellsize      1.000000
NODATA_value  -9999.0
-9999.0 -9999.0 -9999.0 -9999.0 -9999.0 -9999.0 -9999.0 -9999.0 -9999.0 -9999.0 -9999.0 -9999.0 -9999.0 -9999.0 -9999.0 -9999.0 -9999.0 -9999.0 -9999.0 -9999.0 -9999.0 -9999.0 -9999.0 -9999.0 -9999.0 -9999.0 -9999.0 -9999.0 -9999.0 -9999.0 -9999.0 -9999.0 -9999.0 -9999.0 -9999.0 -9999.0 -9999.0 -9999.0 -9999.0 -9999.0 -9999.0 -9999.0 -9999.0 -9999.0 -9999.0 -9999.0 -9999.0 -9999.0 -9999.0 -9999.0 -9999.0 -9999.0 -9999.0 -9999.0 -9999.0 -9999.0 -9999.0 -9999.0 -9999.0 -9999.0 -9999.0 -9999.0 -9999.0 -9999.0 -9999.0 -9999.0 -9999.0 -9999.0 -9999.0 -9999.0 -9999.0 -9999.0 -9999.0 -9999.0 -9999.0 -9999.0 -9999.0 -9999.0 -9999.0 -9999.0 -9999.0 -9999.0 -9999.0 -9999.0 -9999.0 -9999.0 -9999.0 -9999.0 -9999.0 -9999.0 -9999.0 -9999.0 -9999.0 -9999.0 -9999.0 -9999.0 -9999.0 -9999.0 -9999.0 -9999.0 -9999.0 -9999.0 -9999.0 -9999.0
-9999.0 -9999.0 -9999.0 -9999.0 -9999.0 -9999.0 -9999.0 -9999.0 -9999.0 -9999.0 -9999.0 -9999.0 -9999.0 -9999.0 -9999.0 -9999.0 -9999.0 -9999.0 -9999.0 -9999.0 -9999.0 -9999.0 -9999.0 -9999.0 -9999.0 -9999.0 -9999.0 -9999.0 -9999.0 -9999.0 -9999.0 -9999.0 -9999.0 -9999.0 -9999.0 -9999.0 -9999.0 -9999.0 -9999.0 -9999.0 -9999.0 -9999.0 -9999.0 -9999.0 -9999.0 -9999.0 -9999.0 -9999.0 -9999.0 -9999.0 -9999.0 -9999.0 -9999.0 -9999.0 -9999.0 -9999.0 -9999.0 -9999.0 -9999.0 -9999.0 -9999.0 -9999.0 -9999.0 -9999.0 -9999.0 -9999.0 -9999.0 -9999.0 -9999.0 -9999.0 -9999.0 -9999.0 -9999.0 -9999.0 -9999.0 -9999.0 -9999.0 -9999.0 -9999.0 -9999.0 -9999.0 -9999.0 -9999.0 -9999.0 -9999.0 -9999.0 -9999.0 -9999.0 -9999.0 -9999.0 -9999.0 -9999.0 -9999.0 -9999.0 -9999.0 -9999.0 -9999.0 -9999.0 -9999.0 -9999.0 -9999.0 -9999.0 -9999.0 -9999.0
-9999.0 -9999.0 429.630621 335.840962 239.933659 143.109101 45.902317 -51.453909 -148.858644 -246.241220 -343.520383 -440.552954 -537.033767 -632.375234 -727.000400 -821.964753 -916.546965 -1010.935817 -1103.569949 -1191.408586 -1271.302645 -1339.231528 -1393.373510 -1434.253244 -1463.881930 -1484.754702 -1499.183185 -1509.023096 -1515.657905 -1520.083602 -1523.005859 -1524.918026 -1526.160033 -1526.962339 -1527.478945 -1527.813390 -1528.042304 -1528.253514 -1528.717477 -1530.820961 -1540.424048 -1569.001486 -1292.525626 -1460.636143 -1400.343341 -1364.383902 -1348.107515 -1345.983240 -1345.768760 -1345.792457 -1345.850177 -1345.911958 -1345.971266 -1346.026147 -1346.076884 -1346.134176 -1346.303772 -1347.498861 -1355.835804 -1374.975413 -1404.568002 -1216.784957 -1540.401592 -1534.660285 -1529.709177 -1528.701292 -1528.541034 -1528.516657 -1528.513545 -1528.513950 -1528.514826 -1528.515609 -1528.516223 -1528.516691 -1528.517050 -1528.517328 -1528.517548 -1528.517726 -1528.517874 -1528.518006 -1528.518136 -1528.518279 -1528.518460 -1528.518711 -1528.519082 -1528.519653 -1528.520551 -1528.521987 -1528.524322 -1528.528184 -1528.534712 -1528.546035 -1528.566262 -1528.603488 -1528.673911 -1528.810463 -1529.082119 -1529.641911 -1530.858138 -1533.698022 -1541.022555 -1563.562271 -9999.0 -9999.0
-9999.0 -9999.0 429.637832 335.842885 239.934186 143.109259 45.902368 -51.453892 -148.858638 -246.241218 -343.520382 -440.552953 -537.033767 -632.375234 -727.000400 -821.964753 -916.546965 -1010.935817 -1103.569949 -1191.408586 -1271.302645 -1339.231528 -1393.373510 -1434.253244 -1463.881930 -1484.754702 -1499.183185 -1509.023096 -1515.657905 -1520.083602 -1523.005859 -1524.918026 -1526.160033 -1526.962339 -1527.478945 -1527.813390 -1528.042304 -1528.253514 -1528.717477 -1530.820961 -1540.424048 -1569.001486 -1292.525626 -1460.636142 -1400.343341 -1364.383901 -1348.107515 -1345.983240 -1345.768760 -1345.792457 -1345.850177 -1345.911958 -1345.971266 -1346.026147 -1346.076884 -1346.134176 -1346.303772 -1347.498861 -1355.835804 -1374.975413 -1404.568002 -1216.784957 -1540.401592 -1534.660285 -1529.709177 -1528.701292 -1528.541034 -1528.516657 -1528.513545 -1528.513950 -1528.514826 -1528.515609 -1528.516223 -1528.516691 -1528.517050 -1528.517328 -1528.517548 -1528.517726 -1528.517874 -1528.518006 -1528.518136 -1528.518279 -1528.518460 -1528.518711 -1528.519082 -1528.519653 -1528.520551 -1528.521987 -1528.524322 -1528.528184 -1528.534712 -1528.546035 -1528.566262 -1528.603488 -1528.673911 -1528.810463 -1529.082119 -1529.641911 -1530.858138 -1533.698022 -1541.022555 -1563.562271 -9999.0 -9999.0
-9999.0 -9999.0 429.639427 335.843731 239.934525 143.109383 45.902413 -51.453877 -148.858632 -246.241216 -343.520381 -440.552953 -537.033767 -632.375234 -727.000400 -821.964753 -916.546965 -1010.935818 -1103.569949 -1191.408586 -1271.302645 -1339.231528 -1393.373510 -1434.253244 -1463.881930 -1484.754702 -1499.183185 -1509.023096 -1515.657905 -1520.083602 -1523.005859 -1524.918026 -1526.160033 -1526.962339 -1527.478945 -1527.813390 -1528.042304 -1528.253514 -1528.717477 -1530.820961 -1540.424048 -1569.001486 -1292.525626 -1460.636142 -1400.343341 -1364.383900 -1348.107515 -1345.983240 -1345.768760 -1345.792457 -1345.850177 -1345.911958 -1345.971266 -1346.026147 -1346.076884 -1346.134176 -1346.303772 -1347.498861 -1355.835804 -1374.975413 -1404.568002 -1216.784957 -1540.401592 -1534.660285 -1529.709177 -1528.701292 -1528.541034 -1528.516657 -1528.513545 -1528.513950 -1528.514826 -1528.515609 -1528.516223 -1528.516691 -1528.517050 -1528.517328 -1528.517548 -1528.517726 -1528.517874 -1528.518006 -1528.518136 -1528.518279 -1528.518460 -1528.518711 -1528.519082 -1528.519653 -1528.520551 -1528.521987 -1528.524322 -1528.528184 -1528.534712 -1528.546035 -1528.566262 -1528.603488 -1528.673911 -1528.810463 -1529.082119 -1529.641911 -1530.858138 -1533.698022 -1541.022555 -1563.562271 -9999.0 -9999.0
-9999.0 -9999.0 429.639427 335.843731 239.934525 143.109383 45.902412 -51.453876 -148.858632 -246.241215 -343.520381 -440.552953 -537.033767 -632.375234 -727.000400 -821.964753 -916.546965 -1010.935818 -1103.569949 -1191.408586 -1271.302645 -1339.231528 -1393.373510 -1434.253244 -1463.881930 -1484.754702 -1499.183185 -1509.023096 -1515.657905 -1520.083602 -1523.005859 -1524.918026 -1526.160033 -1526.962339 -1527.478945 -1527.813390 -1528.042304 -1528.253514 -1528.717477 -1530.820961 -1540.424048 -1569.001486 -1292.525626 -1460.636142 -1400.343341 -1364.383900 -1348.107515 -1345.983240 -1345.768760 -1345.792457 -1345.850177 -1345.911958 -1345.971266 -1346.026147 -1346.076884 -1346.134176 -1346.303772 -1347.498861 -1355.835804 -1374.975413 -1404.568002 -1216.784957 -1540.401592 -1534.660285 -1529.709177 -1528.701292 -1528.541034 -1528.516657 -1528.513545 -1528.513950 -1528.514826 -1528.515609 -1528.516223 -1528.516691 -1528.517050 -1528.517328 -1528.517548 -1528.517726 -1528.517874 -1528.518006 -1528.518136 -1528.518279 -1528.518460 -1528.518711 -1528.519082 -1528.519653 -1528.520551 -1528.521987 -1528.524322 -1528.528184 -1528.534712 -1528.546035 -1528.566262 -1528.603488 -1528.673911 -1528.810463 -1529.082119 -1529.641911 -1530.858138 -1533.698022 -1541.022555 -1563.562271 -9999.0 -9999.0
-9999.0 -9999.0 429.637832 335.842885 239.934186 143.109259 45.902368 -51.453892 -148.858638 -246.241218 -343.520382 -440.552953 -537.033767 -632.375234 -727.000400 -821.964753 -916.546965 -1010.935817 -1103.569949 -1191.408586 -1271.302645 -1339.231528 -1393.373510 -1434.253244 -1463.881930 -1484.754702 -1499.183185 -1509.023096 -1515.657905 -1520.083602 -1523.005859 -1524.918026 -1526.160033 -1526.962339 -1527.478945 -1527.813390 -1528.042304 -1528.253514 -1528.717477 -1530.820961 -1540.424048 -1569.001486 -1292.525626 -1460.636142 -1400.343341 -1364.383901 -1348.107515 -1345.983240 -1345.768760 -1345.792457 -1345.850177 -1345.911958 -1345.971266 -1346.026147 -1346.076884 -1346.134176 -1346.303772 -1347.498861 -1355.835804 -1374.975413 -1404.568002 -1216.784957 -1540.401592 -1534.660285 -1529.709177 -1528.701292 -1528.541034 -1528.516657 -1528.513545 -1528.513950 -1528.514826 -1528.515609 -1528.516223 -1528.516691 -1528.517050 -1528.517328 -1528.517548 -1528.517726 -1528.517874 -1528.518006 -1528.518136 -1528.518279 -1528.518460 -1528.518711 -1528.519082 -1528.519653 -1528.520551 -1528.521987 -1528.524322 -1528.528184 -1528.534712 -1528.546035 -1528.566262 -1528.603488 -1528.673911 -1528.810463 -1529.082119 -1529.641911 -1530.858138 -1533.698022 -1541.022555 -1563.562271 -9999.0 -9999.0
-9999.0 -9999.0 429.630621 335.840962 239.933659 143.109101 45.902317 -51.453909 -148.858644 -246.241220 -343.520383 -440.552953 -537.033767 -632.375234 -727.000400 -821.964753 -916.546965 -1010.935817 -1103.569949 -1191.408586 -1271.302645 -1339.231528 -1393.373510 -1434.253244 -1463.881930 -1484.754702 -1499.183185 -1509.023096 -1515.657905 -1520.083602 -1523.005859 -1524.918026 -1526.160033 -1526.962339 -1527.478945 -1527.813390 -1528.042304 -1528.253514 -1528.717477 -1530.820961 -1540.424048 -1569.001486 -1292.525626 -1460.636143 -1400.343341 -1364.383902 -1348.107515 -1345.983240 -1345.768760 -1345.792457 -1345.850177 -1345.911958 -1345.971266 -1346.026147 -1346.076884 -1346.134176 -1346.303772 -1347.498861 -1355.835804 -1374.975413 -1404.568002 -1216.784957 -1540.401592 -1534.660285 -1529.709177 -1528.701292 -1528.541034 -1528.516657 -1528.513545 -1528.513950 -1528.514826 -1528.515609 -1528.516223 -1528.516691 -1528.517050 -1528.517328 -1528.517548 -1528.517726 -1528.517874 -1528.518006 -1528.518136 -1528.518279 -1528.518460 -1528.518711 -1528.519082 -1528.519653 -1528.520551 -1528.521987 -1528.524322 -1528.528184 -1528.534712 -1528.546035 -1528.566262 -1528.603488 -1528.673911 -1528.810463 -1529.082119 -1529.641911 -1530.858138 -1533.698022 -1541.022555 -1563.562271 -9999.0 -9999.0
-9999.0 -9999.0 -9999.0 -9999.0 -9999.0 -9999.0 -9999.0 -9999.0 -9999.0 -9999.0 -9999.0 -9999.0 -9999.0 -9999.0 -9999.0 -9999.0 -9999.0 -9999.0 -9999.0 -9999.0 -9999.0 -9999.0 -9999.0 -9999.0 -9999.0 -9999.0 -9999.0 -9999.0 -9999.0 -9999.0 -9999.0 -9999.0 -9999.0 -9999.0 -9999.0 -9999.0 -9999.0 -9999.0 -9999.0 -9999.0 -9999.0 -9999.0 -9999.0 -9999.0 -9999.0 -9999.0 -9999.0 -9999.0 -9999.0 -9999.0 -9999.0 -9999.0 -9999.0 -9999.0 -9999.0 -9999.0 -9999.0 -9999.0 -9999.0 -9999.0 -9999.0 -9999.0 -9999.0 -9999.0 -9999.0 -9999.0 -9999.0 -9999.0 -9999.0 -9999.0 -9999.0 -9999.0 -9999.0 -9999.0 -9999.0 -9999.0 -9999.0 -9999.0 -9999.0 -9999.0 -9999.0 -9999.0 -9999.0 -9999.0 -9999.0 -9999.0 -9999.0 -9999.0 -9999.0 -9999.0 -9999.0 -9999.0 -9999.0 -9999.0 -9999.0 -9999.0 -9999.0 -9999.0 -9999.0 -9999.0 -9999.0 -9999.0 -9999.0 -9999.0
-9999.0 -9999.0 -9999.0 -9999.0 -9999.0 -9999.0 -9999.0 -9999.0 -9999.0 -9999.0 -9999.0 -9999.0 -9999.0 -9999.0 -9999.0 -9999.0 -9999.0 -9999.0 -9999.0 -9999.0 -9999.0 -9999.0 -9999.0 -9999.0 -9999.0 -9999.0 -9999.0 -9999.0 -9999.0 -9999.0 -9999.0 -9999.0 -9999.0 -9999.0 -9999.0 -9999.0 -9999.0 -9999.0 -9999.0 -9999.0 -9999.0 -9999.0 -9999.0 -9999.0 -9999.0 -9999.0 -9999.0 -9999.0 -9999.0 -9999.0 -9999.0 -9999.0 -9999.0 -9999.0 -9999.0 -9999.0 -9999.0 -9999.0 -9999.0 -9999.0 -9999.0 -9999.0 -9999.0 -9999.0 -9999.0 -9999.0 -9999.0 -9999.0 -9999.0 -9999.0 -9999.0 -9999.0 -9999.0 -9999.0 -9999.0 -9999.0 -9999.0 -9999.0 -9999.0 -9999.0 -9999.0 -9999.0 -9999.0 -9999.0 -9999.0 -9999.0 -9999.0 -9999.0 -9999.0 -9999.0 -9999.0 -9999.0 -9999.0 -9999.0 -9999.0 -9999.0 -9999.0 -9999.0 -9999.0 -9999.0 -9999.0 -9999.0 -9999.0 -9999.0