inst/processing_geotop_simulation/geotop_simulation/out/maps3D/PwL0001N0265.asc
ncols         104
nrows         10
xllcorner     -2.000000
yllcorner     0.000000
cellsize      1.000000
NODATA_value  -9999.0
-9999.0 -9999.0 -9999.0 -9999.0 -9999.0 -9999.0 -9999.0 -9999.0 -9999.0 -9999.0 -9999.0 -9999.0 -9999.0 -9999.0 -9999.0 -9999.0 -9999.0 -9999.0 -9999.0 -9999.0 -9999.0 -9999.0 -9999.0 -9999.0 -9999.0 -9999.0 -9999.0 -9999.0 -9999.0 -9999.0 -9999.0 -9999.0 -9999.0 -9999.0 -9999.0 -9999.0 -9999.0 -9999.0 -9999.0 -9999.0 -9999.0 -9999.0 -9999.0 -9999.0 -9999.0 -9999.0 -9999.0 -9999.0 -9999.0 -9999.0 -9999.0 -9999.0 -9999.0 -9999.0 -9999.0 -9999.0 -9999.0 -9999.0 -9999.0 -9999.0 -9999.0 -9999.0 -9999.0 -9999.0 -9999.0 -9999.0 -9999.0 -9999.0 -9999.0 -9999.0 -9999.0 -9999.0 -9999.0 -9999.0 -9999.0 -9999.0 -9999.0 -9999.0 -9999.0 -9999.0 -9999.0 -9999.0 -9999.0 -9999.0 -9999.0 -9999.0 -9999.0 -9999.0 -9999.0 -9999.0 -9999.0 -9999.0 -9999.0 -9999.0 -9999.0 -9999.0 -9999.0 -9999.0 -9999.0 -9999.0 -9999.0 -9999.0 -9999.0 -9999.0
-9999.0 -9999.0 -9999.0 -9999.0 -9999.0 -9999.0 -9999.0 -9999.0 -9999.0 -9999.0 -9999.0 -9999.0 -9999.0 -9999.0 -9999.0 -9999.0 -9999.0 -9999.0 -9999.0 -9999.0 -9999.0 -9999.0 -9999.0 -9999.0 -9999.0 -9999.0 -9999.0 -9999.0 -9999.0 -9999.0 -9999.0 -9999.0 -9999.0 -9999.0 -9999.0 -9999.0 -9999.0 -9999.0 -9999.0 -9999.0 -9999.0 -9999.0 -9999.0 -9999.0 -9999.0 -9999.0 -9999.0 -9999.0 -9999.0 -9999.0 -9999.0 -9999.0 -9999.0 -9999.0 -9999.0 -9999.0 -9999.0 -9999.0 -9999.0 -9999.0 -9999.0 -9999.0 -9999.0 -9999.0 -9999.0 -9999.0 -9999.0 -9999.0 -9999.0 -9999.0 -9999.0 -9999.0 -9999.0 -9999.0 -9999.0 -9999.0 -9999.0 -9999.0 -9999.0 -9999.0 -9999.0 -9999.0 -9999.0 -9999.0 -9999.0 -9999.0 -9999.0 -9999.0 -9999.0 -9999.0 -9999.0 -9999.0 -9999.0 -9999.0 -9999.0 -9999.0 -9999.0 -9999.0 -9999.0 -9999.0 -9999.0 -9999.0 -9999.0 -9999.0
-9999.0 -9999.0 27.567666 -67.060345 -164.613877 -262.801013 -361.217128 -459.706108 -558.187789 -656.591612 -754.783225 -852.654277 -950.114990 -1047.028381 -1143.813435 -1240.370853 -1335.712190 -1429.211616 -1520.170978 -1607.193592 -1686.785765 -1754.726573 -1808.729732 -1849.234485 -1878.405752 -1898.881992 -1913.033235 -1922.713859 -1929.281129 -1933.700244 -1936.650106 -1938.604569 -1939.891278 -1940.734169 -1941.284728 -1941.646350 -1941.897463 -1942.136195 -1942.670837 -1944.766078 -1950.612094 -1921.539017 -1189.317381 -1185.994709 -1175.678454 -1169.044040 -1165.926733 -1165.454947 -1165.404899 -1165.410721 -1165.424785 -1165.439871 -1165.454367 -1165.467790 -1165.480234 -1165.494547 -1165.537677 -1165.822215 -1167.491341 -1171.213772 -1176.663620 -1172.629744 -1899.630026 -1945.036245 -1943.497765 -1942.605629 -1942.430101 -1942.401633 -1942.397699 -1942.397779 -1942.398433 -1942.399050 -1942.399541 -1942.399916 -1942.400204 -1942.400428 -1942.400605 -1942.400748 -1942.400869 -1942.400976 -1942.401081 -1942.401199 -1942.401348 -1942.401555 -1942.401861 -1942.402332 -1942.403075 -1942.404265 -1942.406202 -1942.409417 -1942.414870 -1942.424369 -1942.441411 -1942.472907 -1942.532731 -1942.649290 -1942.882868 -1943.369638 -1944.443991 -1947.012048 -1953.914238 -1976.332487 -9999.0 -9999.0
-9999.0 -9999.0 27.580267 -67.058251 -164.613355 -262.800861 -361.217080 -459.706092 -558.187783 -656.591610 -754.783224 -852.654276 -950.114990 -1047.028381 -1143.813435 -1240.370853 -1335.712190 -1429.211616 -1520.170978 -1607.193593 -1686.785765 -1754.726573 -1808.729732 -1849.234486 -1878.405752 -1898.881992 -1913.033235 -1922.713859 -1929.281129 -1933.700244 -1936.650106 -1938.604569 -1939.891278 -1940.734169 -1941.284728 -1941.646350 -1941.897463 -1942.136195 -1942.670837 -1944.766078 -1950.612094 -1921.539017 -1189.317381 -1185.994709 -1175.678454 -1169.044039 -1165.926733 -1165.454947 -1165.404899 -1165.410721 -1165.424785 -1165.439871 -1165.454367 -1165.467790 -1165.480234 -1165.494547 -1165.537677 -1165.822215 -1167.491341 -1171.213772 -1176.663620 -1172.629744 -1899.630026 -1945.036245 -1943.497765 -1942.605629 -1942.430101 -1942.401633 -1942.397699 -1942.397779 -1942.398433 -1942.399050 -1942.399541 -1942.399916 -1942.400204 -1942.400428 -1942.400605 -1942.400748 -1942.400869 -1942.400976 -1942.401081 -1942.401199 -1942.401348 -1942.401555 -1942.401861 -1942.402332 -1942.403075 -1942.404265 -1942.406202 -1942.409417 -1942.414870 -1942.424369 -1942.441411 -1942.472907 -1942.532731 -1942.649290 -1942.882868 -1943.369638 -1944.443991 -1947.012048 -1953.914238 -1976.332487 -9999.0 -9999.0
-9999.0 -9999.0 27.581430 -67.057415 -164.613025 -262.800742 -361.217038 -459.706077 -558.187778 -656.591608 -754.783223 -852.654276 -950.114990 -1047.028381 -1143.813435 -1240.370853 -1335.712190 -1429.211616 -1520.170978 -1607.193593 -1686.785765 -1754.726573 -1808.729733 -1849.234486 -1878.405752 -1898.881993 -1913.033235 -1922.713860 -1929.281129 -1933.700244 -1936.650106 -1938.604569 -1939.891278 -1940.734169 -1941.284728 -1941.646350 -1941.897463 -1942.136195 -1942.670837 -1944.766078 -1950.612094 -1921.539017 -1189.317381 -1185.994709 -1175.678454 -1169.044039 -1165.926733 -1165.454947 -1165.404899 -1165.410721 -1165.424785 -1165.439871 -1165.454367 -1165.467790 -1165.480234 -1165.494547 -1165.537677 -1165.822215 -1167.491341 -1171.213772 -1176.663620 -1172.629744 -1899.630026 -1945.036245 -1943.497765 -1942.605629 -1942.430101 -1942.401633 -1942.397699 -1942.397779 -1942.398433 -1942.399050 -1942.399541 -1942.399916 -1942.400204 -1942.400428 -1942.400605 -1942.400748 -1942.400869 -1942.400976 -1942.401081 -1942.401199 -1942.401348 -1942.401555 -1942.401861 -1942.402332 -1942.403075 -1942.404265 -1942.406202 -1942.409417 -1942.414870 -1942.424369 -1942.441411 -1942.472907 -1942.532731 -1942.649290 -1942.882868 -1943.369638 -1944.443991 -1947.012048 -1953.914238 -1976.332487 -9999.0 -9999.0
-9999.0 -9999.0 27.581430 -67.057415 -164.613025 -262.800742 -361.217038 -459.706077 -558.187778 -656.591608 -754.783223 -852.654276 -950.114990 -1047.028381 -1143.813435 -1240.370853 -1335.712190 -1429.211616 -1520.170978 -1607.193593 -1686.785765 -1754.726573 -1808.729733 -1849.234486 -1878.405752 -1898.881993 -1913.033235 -1922.713860 -1929.281129 -1933.700244 -1936.650106 -1938.604569 -1939.891278 -1940.734169 -1941.284728 -1941.646350 -1941.897463 -1942.136195 -1942.670837 -1944.766078 -1950.612094 -1921.539017 -1189.317381 -1185.994709 -1175.678454 -1169.044039 -1165.926733 -1165.454947 -1165.404899 -1165.410721 -1165.424785 -1165.439871 -1165.454367 -1165.467790 -1165.480234 -1165.494547 -1165.537677 -1165.822215 -1167.491341 -1171.213772 -1176.663620 -1172.629744 -1899.630026 -1945.036245 -1943.497765 -1942.605629 -1942.430101 -1942.401633 -1942.397699 -1942.397779 -1942.398433 -1942.399050 -1942.399541 -1942.399916 -1942.400204 -1942.400428 -1942.400605 -1942.400748 -1942.400869 -1942.400976 -1942.401081 -1942.401199 -1942.401348 -1942.401555 -1942.401861 -1942.402332 -1942.403075 -1942.404265 -1942.406202 -1942.409417 -1942.414870 -1942.424369 -1942.441411 -1942.472907 -1942.532731 -1942.649290 -1942.882868 -1943.369638 -1944.443991 -1947.012048 -1953.914238 -1976.332487 -9999.0 -9999.0
-9999.0 -9999.0 27.580267 -67.058251 -164.613355 -262.800861 -361.217080 -459.706092 -558.187783 -656.591610 -754.783224 -852.654276 -950.114990 -1047.028381 -1143.813435 -1240.370853 -1335.712190 -1429.211616 -1520.170978 -1607.193593 -1686.785765 -1754.726573 -1808.729732 -1849.234486 -1878.405752 -1898.881992 -1913.033235 -1922.713859 -1929.281129 -1933.700244 -1936.650106 -1938.604569 -1939.891278 -1940.734169 -1941.284728 -1941.646350 -1941.897463 -1942.136195 -1942.670837 -1944.766078 -1950.612094 -1921.539017 -1189.317381 -1185.994709 -1175.678454 -1169.044039 -1165.926733 -1165.454947 -1165.404899 -1165.410721 -1165.424785 -1165.439871 -1165.454367 -1165.467790 -1165.480234 -1165.494547 -1165.537677 -1165.822215 -1167.491341 -1171.213772 -1176.663620 -1172.629744 -1899.630026 -1945.036245 -1943.497765 -1942.605629 -1942.430101 -1942.401633 -1942.397699 -1942.397779 -1942.398433 -1942.399050 -1942.399541 -1942.399916 -1942.400204 -1942.400428 -1942.400605 -1942.400748 -1942.400869 -1942.400976 -1942.401081 -1942.401199 -1942.401348 -1942.401555 -1942.401861 -1942.402332 -1942.403075 -1942.404265 -1942.406202 -1942.409417 -1942.414870 -1942.424369 -1942.441411 -1942.472907 -1942.532731 -1942.649290 -1942.882868 -1943.369638 -1944.443991 -1947.012048 -1953.914238 -1976.332487 -9999.0 -9999.0
-9999.0 -9999.0 27.567666 -67.060345 -164.613877 -262.801013 -361.217128 -459.706108 -558.187789 -656.591612 -754.783225 -852.654277 -950.114990 -1047.028381 -1143.813435 -1240.370853 -1335.712190 -1429.211616 -1520.170978 -1607.193592 -1686.785765 -1754.726573 -1808.729732 -1849.234485 -1878.405752 -1898.881992 -1913.033235 -1922.713859 -1929.281129 -1933.700244 -1936.650106 -1938.604569 -1939.891278 -1940.734169 -1941.284728 -1941.646350 -1941.897463 -1942.136195 -1942.670837 -1944.766078 -1950.612094 -1921.539017 -1189.317381 -1185.994709 -1175.678454 -1169.044040 -1165.926733 -1165.454947 -1165.404899 -1165.410721 -1165.424785 -1165.439871 -1165.454367 -1165.467790 -1165.480234 -1165.494547 -1165.537677 -1165.822215 -1167.491341 -1171.213772 -1176.663620 -1172.629744 -1899.630026 -1945.036245 -1943.497765 -1942.605629 -1942.430101 -1942.401633 -1942.397699 -1942.397779 -1942.398433 -1942.399050 -1942.399541 -1942.399916 -1942.400204 -1942.400428 -1942.400605 -1942.400748 -1942.400869 -1942.400976 -1942.401081 -1942.401199 -1942.401348 -1942.401555 -1942.401861 -1942.402332 -1942.403075 -1942.404265 -1942.406202 -1942.409417 -1942.414870 -1942.424369 -1942.441411 -1942.472907 -1942.532731 -1942.649290 -1942.882868 -1943.369638 -1944.443991 -1947.012048 -1953.914238 -1976.332487 -9999.0 -9999.0
-9999.0 -9999.0 -9999.0 -9999.0 -9999.0 -9999.0 -9999.0 -9999.0 -9999.0 -9999.0 -9999.0 -9999.0 -9999.0 -9999.0 -9999.0 -9999.0 -9999.0 -9999.0 -9999.0 -9999.0 -9999.0 -9999.0 -9999.0 -9999.0 -9999.0 -9999.0 -9999.0 -9999.0 -9999.0 -9999.0 -9999.0 -9999.0 -9999.0 -9999.0 -9999.0 -9999.0 -9999.0 -9999.0 -9999.0 -9999.0 -9999.0 -9999.0 -9999.0 -9999.0 -9999.0 -9999.0 -9999.0 -9999.0 -9999.0 -9999.0 -9999.0 -9999.0 -9999.0 -9999.0 -9999.0 -9999.0 -9999.0 -9999.0 -9999.0 -9999.0 -9999.0 -9999.0 -9999.0 -9999.0 -9999.0 -9999.0 -9999.0 -9999.0 -9999.0 -9999.0 -9999.0 -9999.0 -9999.0 -9999.0 -9999.0 -9999.0 -9999.0 -9999.0 -9999.0 -9999.0 -9999.0 -9999.0 -9999.0 -9999.0 -9999.0 -9999.0 -9999.0 -9999.0 -9999.0 -9999.0 -9999.0 -9999.0 -9999.0 -9999.0 -9999.0 -9999.0 -9999.0 -9999.0 -9999.0 -9999.0 -9999.0 -9999.0 -9999.0 -9999.0
-9999.0 -9999.0 -9999.0 -9999.0 -9999.0 -9999.0 -9999.0 -9999.0 -9999.0 -9999.0 -9999.0 -9999.0 -9999.0 -9999.0 -9999.0 -9999.0 -9999.0 -9999.0 -9999.0 -9999.0 -9999.0 -9999.0 -9999.0 -9999.0 -9999.0 -9999.0 -9999.0 -9999.0 -9999.0 -9999.0 -9999.0 -9999.0 -9999.0 -9999.0 -9999.0 -9999.0 -9999.0 -9999.0 -9999.0 -9999.0 -9999.0 -9999.0 -9999.0 -9999.0 -9999.0 -9999.0 -9999.0 -9999.0 -9999.0 -9999.0 -9999.0 -9999.0 -9999.0 -9999.0 -9999.0 -9999.0 -9999.0 -9999.0 -9999.0 -9999.0 -9999.0 -9999.0 -9999.0 -9999.0 -9999.0 -9999.0 -9999.0 -9999.0 -9999.0 -9999.0 -9999.0 -9999.0 -9999.0 -9999.0 -9999.0 -9999.0 -9999.0 -9999.0 -9999.0 -9999.0 -9999.0 -9999.0 -9999.0 -9999.0 -9999.0 -9999.0 -9999.0 -9999.0 -9999.0 -9999.0 -9999.0 -9999.0 -9999.0 -9999.0 -9999.0 -9999.0 -9999.0 -9999.0 -9999.0 -9999.0 -9999.0 -9999.0 -9999.0 -9999.0