inst/processing_geotop_simulation/geotop_simulation/out/maps3D/PwL0016N0439.asc
ncols         104
nrows         10
xllcorner     -2.000000
yllcorner     0.000000
cellsize      1.000000
NODATA_value  -9999.0
-9999.0 -9999.0 -9999.0 -9999.0 -9999.0 -9999.0 -9999.0 -9999.0 -9999.0 -9999.0 -9999.0 -9999.0 -9999.0 -9999.0 -9999.0 -9999.0 -9999.0 -9999.0 -9999.0 -9999.0 -9999.0 -9999.0 -9999.0 -9999.0 -9999.0 -9999.0 -9999.0 -9999.0 -9999.0 -9999.0 -9999.0 -9999.0 -9999.0 -9999.0 -9999.0 -9999.0 -9999.0 -9999.0 -9999.0 -9999.0 -9999.0 -9999.0 -9999.0 -9999.0 -9999.0 -9999.0 -9999.0 -9999.0 -9999.0 -9999.0 -9999.0 -9999.0 -9999.0 -9999.0 -9999.0 -9999.0 -9999.0 -9999.0 -9999.0 -9999.0 -9999.0 -9999.0 -9999.0 -9999.0 -9999.0 -9999.0 -9999.0 -9999.0 -9999.0 -9999.0 -9999.0 -9999.0 -9999.0 -9999.0 -9999.0 -9999.0 -9999.0 -9999.0 -9999.0 -9999.0 -9999.0 -9999.0 -9999.0 -9999.0 -9999.0 -9999.0 -9999.0 -9999.0 -9999.0 -9999.0 -9999.0 -9999.0 -9999.0 -9999.0 -9999.0 -9999.0 -9999.0 -9999.0 -9999.0 -9999.0 -9999.0 -9999.0 -9999.0 -9999.0
-9999.0 -9999.0 -9999.0 -9999.0 -9999.0 -9999.0 -9999.0 -9999.0 -9999.0 -9999.0 -9999.0 -9999.0 -9999.0 -9999.0 -9999.0 -9999.0 -9999.0 -9999.0 -9999.0 -9999.0 -9999.0 -9999.0 -9999.0 -9999.0 -9999.0 -9999.0 -9999.0 -9999.0 -9999.0 -9999.0 -9999.0 -9999.0 -9999.0 -9999.0 -9999.0 -9999.0 -9999.0 -9999.0 -9999.0 -9999.0 -9999.0 -9999.0 -9999.0 -9999.0 -9999.0 -9999.0 -9999.0 -9999.0 -9999.0 -9999.0 -9999.0 -9999.0 -9999.0 -9999.0 -9999.0 -9999.0 -9999.0 -9999.0 -9999.0 -9999.0 -9999.0 -9999.0 -9999.0 -9999.0 -9999.0 -9999.0 -9999.0 -9999.0 -9999.0 -9999.0 -9999.0 -9999.0 -9999.0 -9999.0 -9999.0 -9999.0 -9999.0 -9999.0 -9999.0 -9999.0 -9999.0 -9999.0 -9999.0 -9999.0 -9999.0 -9999.0 -9999.0 -9999.0 -9999.0 -9999.0 -9999.0 -9999.0 -9999.0 -9999.0 -9999.0 -9999.0 -9999.0 -9999.0 -9999.0 -9999.0 -9999.0 -9999.0 -9999.0 -9999.0
-9999.0 -9999.0 769.920640 670.928296 571.766221 472.462591 373.089589 273.686639 174.274086 74.862717 -24.539730 -123.929009 -223.303363 -322.651898 -421.954809 -521.179971 -620.269475 -719.129996 -818.069881 -916.857380 -1015.416985 -1113.608355 -1208.767507 -1299.963519 -1385.041821 -1461.884739 -1528.857667 -1585.128613 -1630.763227 -1666.591585 -1693.934875 -1714.310345 -1729.199742 -1739.910980 -1747.522395 -1752.884710 -1756.664591 -1759.452752 -1762.049635 -1766.017917 -1772.953946 -1776.736538 -1914.512469 -4089.867640 -4182.201289 -4180.788984 -4179.477796 -4179.253965 -4179.230036 -4179.231195 -4179.234074 -4179.231899 -4179.224351 -4179.212609 -4179.189110 -4179.140280 -4179.042852 -4178.902911 -4179.009220 -4178.432984 -3993.374293 -1688.566711 -1733.879425 -1764.980987 -1766.080616 -1765.310259 -1765.048199 -1764.991007 -1764.980892 -1764.979660 -1764.979916 -1764.980350 -1764.980747 -1764.981083 -1764.981369 -1764.981618 -1764.981841 -1764.982046 -1764.982241 -1764.982431 -1764.982626 -1764.982834 -1764.983069 -1764.983349 -1764.983704 -1764.984180 -1764.984851 -1764.985845 -1764.987381 -1764.989852 -1764.993984 -1765.001172 -1765.014153 -1765.038463 -1765.085640 -1765.180808 -1765.382030 -1765.833053 -1766.916438 -1769.738273 -1777.835100 -1803.856410 -9999.0 -9999.0
-9999.0 -9999.0 769.924147 670.929505 571.766595 472.462709 373.089629 273.686653 174.274091 74.862720 -24.539728 -123.929008 -223.303363 -322.651897 -421.954809 -521.179971 -620.269475 -719.129996 -818.069882 -916.857381 -1015.416985 -1113.608355 -1208.767507 -1299.963519 -1385.041821 -1461.884739 -1528.857667 -1585.128613 -1630.763227 -1666.591585 -1693.934875 -1714.310345 -1729.199742 -1739.910980 -1747.522395 -1752.884710 -1756.664591 -1759.452752 -1762.049635 -1766.017917 -1772.953946 -1776.736538 -1914.512469 -4089.867640 -4182.201289 -4180.788984 -4179.477796 -4179.253965 -4179.230036 -4179.231195 -4179.234074 -4179.231899 -4179.224351 -4179.212609 -4179.189110 -4179.140280 -4179.042852 -4178.902911 -4179.009220 -4178.432984 -3993.374293 -1688.566711 -1733.879425 -1764.980987 -1766.080616 -1765.310259 -1765.048199 -1764.991007 -1764.980892 -1764.979660 -1764.979916 -1764.980350 -1764.980747 -1764.981083 -1764.981369 -1764.981618 -1764.981841 -1764.982046 -1764.982241 -1764.982431 -1764.982626 -1764.982834 -1764.983069 -1764.983349 -1764.983704 -1764.984180 -1764.984851 -1764.985845 -1764.987381 -1764.989852 -1764.993984 -1765.001172 -1765.014153 -1765.038463 -1765.085640 -1765.180808 -1765.382030 -1765.833053 -1766.916438 -1769.738273 -1777.835100 -1803.856410 -9999.0 -9999.0
-9999.0 -9999.0 769.925305 670.930115 571.766847 472.462804 373.089663 273.686666 174.274096 74.862722 -24.539728 -123.929008 -223.303363 -322.651897 -421.954809 -521.179971 -620.269475 -719.129996 -818.069882 -916.857381 -1015.416985 -1113.608355 -1208.767507 -1299.963519 -1385.041821 -1461.884739 -1528.857667 -1585.128613 -1630.763227 -1666.591585 -1693.934875 -1714.310345 -1729.199742 -1739.910980 -1747.522395 -1752.884710 -1756.664591 -1759.452752 -1762.049635 -1766.017917 -1772.953946 -1776.736538 -1914.512469 -4089.867640 -4182.201289 -4180.788984 -4179.477796 -4179.253965 -4179.230036 -4179.231195 -4179.234074 -4179.231899 -4179.224351 -4179.212609 -4179.189110 -4179.140280 -4179.042852 -4178.902911 -4179.009220 -4178.432984 -3993.374293 -1688.566711 -1733.879425 -1764.980987 -1766.080616 -1765.310259 -1765.048199 -1764.991007 -1764.980892 -1764.979660 -1764.979916 -1764.980350 -1764.980747 -1764.981083 -1764.981369 -1764.981618 -1764.981841 -1764.982046 -1764.982241 -1764.982431 -1764.982626 -1764.982834 -1764.983069 -1764.983349 -1764.983704 -1764.984180 -1764.984851 -1764.985845 -1764.987381 -1764.989852 -1764.993984 -1765.001172 -1765.014153 -1765.038463 -1765.085640 -1765.180808 -1765.382030 -1765.833053 -1766.916438 -1769.738273 -1777.835100 -1803.856410 -9999.0 -9999.0
-9999.0 -9999.0 769.925305 670.930115 571.766847 472.462804 373.089663 273.686666 174.274096 74.862722 -24.539728 -123.929008 -223.303363 -322.651897 -421.954809 -521.179971 -620.269475 -719.129996 -818.069882 -916.857381 -1015.416985 -1113.608355 -1208.767507 -1299.963519 -1385.041821 -1461.884739 -1528.857667 -1585.128613 -1630.763227 -1666.591585 -1693.934875 -1714.310345 -1729.199742 -1739.910980 -1747.522395 -1752.884710 -1756.664591 -1759.452752 -1762.049635 -1766.017917 -1772.953946 -1776.736538 -1914.512469 -4089.867640 -4182.201289 -4180.788984 -4179.477796 -4179.253965 -4179.230036 -4179.231195 -4179.234074 -4179.231899 -4179.224351 -4179.212609 -4179.189110 -4179.140280 -4179.042852 -4178.902911 -4179.009220 -4178.432984 -3993.374293 -1688.566711 -1733.879425 -1764.980987 -1766.080616 -1765.310259 -1765.048199 -1764.991007 -1764.980892 -1764.979660 -1764.979916 -1764.980350 -1764.980747 -1764.981083 -1764.981369 -1764.981618 -1764.981841 -1764.982046 -1764.982241 -1764.982431 -1764.982626 -1764.982834 -1764.983069 -1764.983349 -1764.983704 -1764.984180 -1764.984851 -1764.985845 -1764.987381 -1764.989852 -1764.993984 -1765.001172 -1765.014153 -1765.038463 -1765.085640 -1765.180808 -1765.382030 -1765.833053 -1766.916438 -1769.738273 -1777.835100 -1803.856410 -9999.0 -9999.0
-9999.0 -9999.0 769.924147 670.929505 571.766595 472.462709 373.089629 273.686653 174.274091 74.862720 -24.539728 -123.929008 -223.303363 -322.651897 -421.954809 -521.179971 -620.269475 -719.129996 -818.069882 -916.857381 -1015.416985 -1113.608355 -1208.767507 -1299.963519 -1385.041821 -1461.884739 -1528.857667 -1585.128613 -1630.763227 -1666.591585 -1693.934875 -1714.310345 -1729.199742 -1739.910980 -1747.522395 -1752.884710 -1756.664591 -1759.452752 -1762.049635 -1766.017917 -1772.953946 -1776.736538 -1914.512469 -4089.867640 -4182.201289 -4180.788984 -4179.477796 -4179.253965 -4179.230036 -4179.231195 -4179.234074 -4179.231899 -4179.224351 -4179.212609 -4179.189110 -4179.140280 -4179.042852 -4178.902911 -4179.009220 -4178.432984 -3993.374293 -1688.566711 -1733.879425 -1764.980987 -1766.080616 -1765.310259 -1765.048199 -1764.991007 -1764.980892 -1764.979660 -1764.979916 -1764.980350 -1764.980747 -1764.981083 -1764.981369 -1764.981618 -1764.981841 -1764.982046 -1764.982241 -1764.982431 -1764.982626 -1764.982834 -1764.983069 -1764.983349 -1764.983704 -1764.984180 -1764.984851 -1764.985845 -1764.987381 -1764.989852 -1764.993984 -1765.001172 -1765.014153 -1765.038463 -1765.085640 -1765.180808 -1765.382030 -1765.833053 -1766.916438 -1769.738273 -1777.835100 -1803.856410 -9999.0 -9999.0
-9999.0 -9999.0 769.920640 670.928296 571.766221 472.462591 373.089589 273.686639 174.274086 74.862717 -24.539730 -123.929009 -223.303363 -322.651898 -421.954809 -521.179971 -620.269475 -719.129996 -818.069881 -916.857380 -1015.416985 -1113.608355 -1208.767507 -1299.963519 -1385.041821 -1461.884739 -1528.857667 -1585.128613 -1630.763227 -1666.591585 -1693.934875 -1714.310345 -1729.199742 -1739.910980 -1747.522395 -1752.884710 -1756.664591 -1759.452752 -1762.049635 -1766.017917 -1772.953946 -1776.736538 -1914.512469 -4089.867640 -4182.201289 -4180.788984 -4179.477796 -4179.253965 -4179.230036 -4179.231195 -4179.234074 -4179.231899 -4179.224351 -4179.212609 -4179.189110 -4179.140280 -4179.042852 -4178.902911 -4179.009220 -4178.432984 -3993.374293 -1688.566711 -1733.879425 -1764.980987 -1766.080616 -1765.310259 -1765.048199 -1764.991007 -1764.980892 -1764.979660 -1764.979916 -1764.980350 -1764.980747 -1764.981083 -1764.981369 -1764.981618 -1764.981841 -1764.982046 -1764.982241 -1764.982431 -1764.982626 -1764.982834 -1764.983069 -1764.983349 -1764.983704 -1764.984180 -1764.984851 -1764.985845 -1764.987381 -1764.989852 -1764.993984 -1765.001172 -1765.014153 -1765.038463 -1765.085640 -1765.180808 -1765.382030 -1765.833053 -1766.916438 -1769.738273 -1777.835100 -1803.856410 -9999.0 -9999.0
-9999.0 -9999.0 -9999.0 -9999.0 -9999.0 -9999.0 -9999.0 -9999.0 -9999.0 -9999.0 -9999.0 -9999.0 -9999.0 -9999.0 -9999.0 -9999.0 -9999.0 -9999.0 -9999.0 -9999.0 -9999.0 -9999.0 -9999.0 -9999.0 -9999.0 -9999.0 -9999.0 -9999.0 -9999.0 -9999.0 -9999.0 -9999.0 -9999.0 -9999.0 -9999.0 -9999.0 -9999.0 -9999.0 -9999.0 -9999.0 -9999.0 -9999.0 -9999.0 -9999.0 -9999.0 -9999.0 -9999.0 -9999.0 -9999.0 -9999.0 -9999.0 -9999.0 -9999.0 -9999.0 -9999.0 -9999.0 -9999.0 -9999.0 -9999.0 -9999.0 -9999.0 -9999.0 -9999.0 -9999.0 -9999.0 -9999.0 -9999.0 -9999.0 -9999.0 -9999.0 -9999.0 -9999.0 -9999.0 -9999.0 -9999.0 -9999.0 -9999.0 -9999.0 -9999.0 -9999.0 -9999.0 -9999.0 -9999.0 -9999.0 -9999.0 -9999.0 -9999.0 -9999.0 -9999.0 -9999.0 -9999.0 -9999.0 -9999.0 -9999.0 -9999.0 -9999.0 -9999.0 -9999.0 -9999.0 -9999.0 -9999.0 -9999.0 -9999.0 -9999.0
-9999.0 -9999.0 -9999.0 -9999.0 -9999.0 -9999.0 -9999.0 -9999.0 -9999.0 -9999.0 -9999.0 -9999.0 -9999.0 -9999.0 -9999.0 -9999.0 -9999.0 -9999.0 -9999.0 -9999.0 -9999.0 -9999.0 -9999.0 -9999.0 -9999.0 -9999.0 -9999.0 -9999.0 -9999.0 -9999.0 -9999.0 -9999.0 -9999.0 -9999.0 -9999.0 -9999.0 -9999.0 -9999.0 -9999.0 -9999.0 -9999.0 -9999.0 -9999.0 -9999.0 -9999.0 -9999.0 -9999.0 -9999.0 -9999.0 -9999.0 -9999.0 -9999.0 -9999.0 -9999.0 -9999.0 -9999.0 -9999.0 -9999.0 -9999.0 -9999.0 -9999.0 -9999.0 -9999.0 -9999.0 -9999.0 -9999.0 -9999.0 -9999.0 -9999.0 -9999.0 -9999.0 -9999.0 -9999.0 -9999.0 -9999.0 -9999.0 -9999.0 -9999.0 -9999.0 -9999.0 -9999.0 -9999.0 -9999.0 -9999.0 -9999.0 -9999.0 -9999.0 -9999.0 -9999.0 -9999.0 -9999.0 -9999.0 -9999.0 -9999.0 -9999.0 -9999.0 -9999.0 -9999.0 -9999.0 -9999.0 -9999.0 -9999.0 -9999.0 -9999.0