inst/processing_geotop_simulation/geotop_simulation/out/maps3D/PwL0022N0227.asc
ncols         104
nrows         10
xllcorner     -2.000000
yllcorner     0.000000
cellsize      1.000000
NODATA_value  -9999.0
-9999.0 -9999.0 -9999.0 -9999.0 -9999.0 -9999.0 -9999.0 -9999.0 -9999.0 -9999.0 -9999.0 -9999.0 -9999.0 -9999.0 -9999.0 -9999.0 -9999.0 -9999.0 -9999.0 -9999.0 -9999.0 -9999.0 -9999.0 -9999.0 -9999.0 -9999.0 -9999.0 -9999.0 -9999.0 -9999.0 -9999.0 -9999.0 -9999.0 -9999.0 -9999.0 -9999.0 -9999.0 -9999.0 -9999.0 -9999.0 -9999.0 -9999.0 -9999.0 -9999.0 -9999.0 -9999.0 -9999.0 -9999.0 -9999.0 -9999.0 -9999.0 -9999.0 -9999.0 -9999.0 -9999.0 -9999.0 -9999.0 -9999.0 -9999.0 -9999.0 -9999.0 -9999.0 -9999.0 -9999.0 -9999.0 -9999.0 -9999.0 -9999.0 -9999.0 -9999.0 -9999.0 -9999.0 -9999.0 -9999.0 -9999.0 -9999.0 -9999.0 -9999.0 -9999.0 -9999.0 -9999.0 -9999.0 -9999.0 -9999.0 -9999.0 -9999.0 -9999.0 -9999.0 -9999.0 -9999.0 -9999.0 -9999.0 -9999.0 -9999.0 -9999.0 -9999.0 -9999.0 -9999.0 -9999.0 -9999.0 -9999.0 -9999.0 -9999.0 -9999.0
-9999.0 -9999.0 -9999.0 -9999.0 -9999.0 -9999.0 -9999.0 -9999.0 -9999.0 -9999.0 -9999.0 -9999.0 -9999.0 -9999.0 -9999.0 -9999.0 -9999.0 -9999.0 -9999.0 -9999.0 -9999.0 -9999.0 -9999.0 -9999.0 -9999.0 -9999.0 -9999.0 -9999.0 -9999.0 -9999.0 -9999.0 -9999.0 -9999.0 -9999.0 -9999.0 -9999.0 -9999.0 -9999.0 -9999.0 -9999.0 -9999.0 -9999.0 -9999.0 -9999.0 -9999.0 -9999.0 -9999.0 -9999.0 -9999.0 -9999.0 -9999.0 -9999.0 -9999.0 -9999.0 -9999.0 -9999.0 -9999.0 -9999.0 -9999.0 -9999.0 -9999.0 -9999.0 -9999.0 -9999.0 -9999.0 -9999.0 -9999.0 -9999.0 -9999.0 -9999.0 -9999.0 -9999.0 -9999.0 -9999.0 -9999.0 -9999.0 -9999.0 -9999.0 -9999.0 -9999.0 -9999.0 -9999.0 -9999.0 -9999.0 -9999.0 -9999.0 -9999.0 -9999.0 -9999.0 -9999.0 -9999.0 -9999.0 -9999.0 -9999.0 -9999.0 -9999.0 -9999.0 -9999.0 -9999.0 -9999.0 -9999.0 -9999.0 -9999.0 -9999.0
-9999.0 -9999.0 1074.144954 976.671838 879.143728 781.337692 683.364574 585.314619 487.240782 389.172795 291.127484 193.114529 95.139554 -2.791226 -100.666498 -198.470430 -296.134431 -393.523634 -490.392072 -586.301531 -680.483986 -775.172220 -868.752348 -960.961292 -1051.528919 -1123.755234 -1184.950518 -1234.636133 -1273.380859 -1302.520968 -1323.773513 -1338.890096 -1349.433198 -1356.678089 -1361.603531 -1364.931073 -1367.188157 -1368.811790 -1370.467222 -1374.338793 -1389.034202 -1451.992696 -1597.787710 -2469.437610 -3803.612941 -3788.814480 -3179.795628 -2648.245039 -2381.699775 -2218.081696 -2100.975877 -2002.393264 -1942.353654 -1903.483028 -1867.245690 -1829.037709 -1787.335420 -1742.524127 -1696.072639 -1649.008582 -1594.560474 -1361.697611 -1411.023335 -1381.258639 -1373.663039 -1372.160440 -1371.906544 -1371.867062 -1371.861577 -1371.861457 -1371.862112 -1371.862764 -1371.863294 -1371.863709 -1371.864035 -1371.864295 -1371.864507 -1371.864684 -1371.864837 -1371.864976 -1371.865113 -1371.865263 -1371.865446 -1371.865688 -1371.866034 -1371.866551 -1371.867350 -1371.868616 -1371.870664 -1371.874053 -1371.879804 -1371.889849 -1371.907943 -1371.941568 -1372.005986 -1372.133419 -1372.395825 -1372.966233 -1374.289876 -1377.567699 -1386.251086 -1411.978029 -9999.0 -9999.0
-9999.0 -9999.0 1074.147657 976.672938 879.144105 781.337818 683.364617 585.314634 487.240787 389.172797 291.127485 193.114529 95.139554 -2.791226 -100.666498 -198.470430 -296.134431 -393.523634 -490.392073 -586.301531 -680.483987 -775.172221 -868.752348 -960.961293 -1051.528919 -1123.755234 -1184.950519 -1234.636133 -1273.380860 -1302.520968 -1323.773513 -1338.890097 -1349.433198 -1356.678090 -1361.603531 -1364.931073 -1367.188157 -1368.811790 -1370.467222 -1374.338793 -1389.034202 -1451.992696 -1597.787710 -2469.437609 -3803.612941 -3788.814480 -3179.795627 -2648.245038 -2381.699775 -2218.081696 -2100.975875 -2002.393263 -1942.353654 -1903.483028 -1867.245690 -1829.037709 -1787.335420 -1742.524127 -1696.072639 -1649.008582 -1594.560474 -1361.697611 -1411.023335 -1381.258639 -1373.663039 -1372.160440 -1371.906544 -1371.867062 -1371.861577 -1371.861457 -1371.862112 -1371.862764 -1371.863294 -1371.863709 -1371.864035 -1371.864295 -1371.864507 -1371.864684 -1371.864837 -1371.864976 -1371.865113 -1371.865263 -1371.865446 -1371.865688 -1371.866034 -1371.866551 -1371.867350 -1371.868616 -1371.870664 -1371.874053 -1371.879804 -1371.889849 -1371.907943 -1371.941568 -1372.005986 -1372.133419 -1372.395825 -1372.966233 -1374.289876 -1377.567699 -1386.251086 -1411.978029 -9999.0 -9999.0
-9999.0 -9999.0 1074.148788 976.673556 879.144370 781.337921 683.364655 585.314648 487.240792 389.172799 291.127486 193.114530 95.139554 -2.791226 -100.666498 -198.470430 -296.134431 -393.523634 -490.392073 -586.301531 -680.483987 -775.172221 -868.752348 -960.961293 -1051.528919 -1123.755235 -1184.950519 -1234.636133 -1273.380860 -1302.520968 -1323.773513 -1338.890097 -1349.433198 -1356.678090 -1361.603531 -1364.931074 -1367.188157 -1368.811790 -1370.467222 -1374.338793 -1389.034202 -1451.992696 -1597.787710 -2469.437609 -3803.612941 -3788.814480 -3179.795627 -2648.245038 -2381.699775 -2218.081695 -2100.975874 -2002.393263 -1942.353654 -1903.483028 -1867.245690 -1829.037709 -1787.335420 -1742.524127 -1696.072639 -1649.008582 -1594.560474 -1361.697611 -1411.023335 -1381.258639 -1373.663039 -1372.160440 -1371.906544 -1371.867062 -1371.861577 -1371.861457 -1371.862112 -1371.862764 -1371.863294 -1371.863709 -1371.864035 -1371.864295 -1371.864507 -1371.864684 -1371.864837 -1371.864976 -1371.865113 -1371.865263 -1371.865446 -1371.865688 -1371.866034 -1371.866551 -1371.867350 -1371.868616 -1371.870664 -1371.874053 -1371.879804 -1371.889849 -1371.907943 -1371.941568 -1372.005986 -1372.133419 -1372.395825 -1372.966233 -1374.289876 -1377.567699 -1386.251086 -1411.978029 -9999.0 -9999.0
-9999.0 -9999.0 1074.148788 976.673556 879.144370 781.337921 683.364655 585.314648 487.240792 389.172799 291.127486 193.114530 95.139554 -2.791226 -100.666498 -198.470430 -296.134431 -393.523634 -490.392073 -586.301531 -680.483987 -775.172221 -868.752348 -960.961293 -1051.528919 -1123.755235 -1184.950519 -1234.636133 -1273.380860 -1302.520968 -1323.773513 -1338.890097 -1349.433198 -1356.678090 -1361.603531 -1364.931074 -1367.188157 -1368.811790 -1370.467222 -1374.338793 -1389.034202 -1451.992696 -1597.787710 -2469.437609 -3803.612941 -3788.814480 -3179.795627 -2648.245038 -2381.699775 -2218.081695 -2100.975874 -2002.393263 -1942.353654 -1903.483028 -1867.245690 -1829.037709 -1787.335420 -1742.524127 -1696.072638 -1649.008582 -1594.560474 -1361.697611 -1411.023335 -1381.258639 -1373.663039 -1372.160440 -1371.906544 -1371.867062 -1371.861577 -1371.861457 -1371.862112 -1371.862764 -1371.863294 -1371.863709 -1371.864035 -1371.864295 -1371.864507 -1371.864684 -1371.864837 -1371.864976 -1371.865113 -1371.865263 -1371.865446 -1371.865688 -1371.866034 -1371.866551 -1371.867350 -1371.868616 -1371.870664 -1371.874053 -1371.879804 -1371.889849 -1371.907943 -1371.941568 -1372.005986 -1372.133419 -1372.395825 -1372.966233 -1374.289876 -1377.567699 -1386.251086 -1411.978029 -9999.0 -9999.0
-9999.0 -9999.0 1074.147657 976.672938 879.144105 781.337818 683.364617 585.314634 487.240787 389.172797 291.127485 193.114529 95.139554 -2.791226 -100.666498 -198.470430 -296.134431 -393.523634 -490.392073 -586.301531 -680.483987 -775.172221 -868.752348 -960.961293 -1051.528919 -1123.755234 -1184.950519 -1234.636133 -1273.380860 -1302.520968 -1323.773513 -1338.890097 -1349.433198 -1356.678090 -1361.603531 -1364.931073 -1367.188157 -1368.811790 -1370.467222 -1374.338793 -1389.034202 -1451.992696 -1597.787710 -2469.437609 -3803.612941 -3788.814480 -3179.795627 -2648.245038 -2381.699775 -2218.081695 -2100.975875 -2002.393263 -1942.353654 -1903.483028 -1867.245690 -1829.037709 -1787.335420 -1742.524127 -1696.072639 -1649.008582 -1594.560475 -1361.697611 -1411.023335 -1381.258639 -1373.663039 -1372.160440 -1371.906544 -1371.867062 -1371.861577 -1371.861457 -1371.862112 -1371.862764 -1371.863294 -1371.863709 -1371.864035 -1371.864295 -1371.864507 -1371.864684 -1371.864837 -1371.864976 -1371.865113 -1371.865263 -1371.865446 -1371.865688 -1371.866034 -1371.866551 -1371.867350 -1371.868616 -1371.870664 -1371.874053 -1371.879804 -1371.889849 -1371.907943 -1371.941568 -1372.005986 -1372.133419 -1372.395825 -1372.966233 -1374.289876 -1377.567699 -1386.251086 -1411.978029 -9999.0 -9999.0
-9999.0 -9999.0 1074.144954 976.671838 879.143728 781.337692 683.364574 585.314619 487.240782 389.172795 291.127484 193.114529 95.139554 -2.791226 -100.666498 -198.470430 -296.134431 -393.523634 -490.392072 -586.301531 -680.483986 -775.172220 -868.752348 -960.961292 -1051.528919 -1123.755234 -1184.950518 -1234.636133 -1273.380859 -1302.520968 -1323.773513 -1338.890096 -1349.433198 -1356.678089 -1361.603531 -1364.931073 -1367.188157 -1368.811790 -1370.467222 -1374.338793 -1389.034202 -1451.992696 -1597.787710 -2469.437610 -3803.612941 -3788.814480 -3179.795628 -2648.245039 -2381.699775 -2218.081697 -2100.975877 -2002.393264 -1942.353654 -1903.483028 -1867.245690 -1829.037709 -1787.335420 -1742.524127 -1696.072639 -1649.008582 -1594.560475 -1361.697611 -1411.023335 -1381.258639 -1373.663039 -1372.160440 -1371.906544 -1371.867062 -1371.861577 -1371.861457 -1371.862112 -1371.862764 -1371.863294 -1371.863709 -1371.864035 -1371.864295 -1371.864507 -1371.864684 -1371.864837 -1371.864976 -1371.865113 -1371.865263 -1371.865446 -1371.865688 -1371.866034 -1371.866551 -1371.867350 -1371.868616 -1371.870664 -1371.874053 -1371.879804 -1371.889849 -1371.907943 -1371.941568 -1372.005986 -1372.133419 -1372.395825 -1372.966233 -1374.289876 -1377.567699 -1386.251086 -1411.978029 -9999.0 -9999.0
-9999.0 -9999.0 -9999.0 -9999.0 -9999.0 -9999.0 -9999.0 -9999.0 -9999.0 -9999.0 -9999.0 -9999.0 -9999.0 -9999.0 -9999.0 -9999.0 -9999.0 -9999.0 -9999.0 -9999.0 -9999.0 -9999.0 -9999.0 -9999.0 -9999.0 -9999.0 -9999.0 -9999.0 -9999.0 -9999.0 -9999.0 -9999.0 -9999.0 -9999.0 -9999.0 -9999.0 -9999.0 -9999.0 -9999.0 -9999.0 -9999.0 -9999.0 -9999.0 -9999.0 -9999.0 -9999.0 -9999.0 -9999.0 -9999.0 -9999.0 -9999.0 -9999.0 -9999.0 -9999.0 -9999.0 -9999.0 -9999.0 -9999.0 -9999.0 -9999.0 -9999.0 -9999.0 -9999.0 -9999.0 -9999.0 -9999.0 -9999.0 -9999.0 -9999.0 -9999.0 -9999.0 -9999.0 -9999.0 -9999.0 -9999.0 -9999.0 -9999.0 -9999.0 -9999.0 -9999.0 -9999.0 -9999.0 -9999.0 -9999.0 -9999.0 -9999.0 -9999.0 -9999.0 -9999.0 -9999.0 -9999.0 -9999.0 -9999.0 -9999.0 -9999.0 -9999.0 -9999.0 -9999.0 -9999.0 -9999.0 -9999.0 -9999.0 -9999.0 -9999.0
-9999.0 -9999.0 -9999.0 -9999.0 -9999.0 -9999.0 -9999.0 -9999.0 -9999.0 -9999.0 -9999.0 -9999.0 -9999.0 -9999.0 -9999.0 -9999.0 -9999.0 -9999.0 -9999.0 -9999.0 -9999.0 -9999.0 -9999.0 -9999.0 -9999.0 -9999.0 -9999.0 -9999.0 -9999.0 -9999.0 -9999.0 -9999.0 -9999.0 -9999.0 -9999.0 -9999.0 -9999.0 -9999.0 -9999.0 -9999.0 -9999.0 -9999.0 -9999.0 -9999.0 -9999.0 -9999.0 -9999.0 -9999.0 -9999.0 -9999.0 -9999.0 -9999.0 -9999.0 -9999.0 -9999.0 -9999.0 -9999.0 -9999.0 -9999.0 -9999.0 -9999.0 -9999.0 -9999.0 -9999.0 -9999.0 -9999.0 -9999.0 -9999.0 -9999.0 -9999.0 -9999.0 -9999.0 -9999.0 -9999.0 -9999.0 -9999.0 -9999.0 -9999.0 -9999.0 -9999.0 -9999.0 -9999.0 -9999.0 -9999.0 -9999.0 -9999.0 -9999.0 -9999.0 -9999.0 -9999.0 -9999.0 -9999.0 -9999.0 -9999.0 -9999.0 -9999.0 -9999.0 -9999.0 -9999.0 -9999.0 -9999.0 -9999.0 -9999.0 -9999.0