inst/processing_geotop_simulation/geotop_simulation/out/maps3D/PwL0022N0389.asc
ncols         104
nrows         10
xllcorner     -2.000000
yllcorner     0.000000
cellsize      1.000000
NODATA_value  -9999.0
-9999.0 -9999.0 -9999.0 -9999.0 -9999.0 -9999.0 -9999.0 -9999.0 -9999.0 -9999.0 -9999.0 -9999.0 -9999.0 -9999.0 -9999.0 -9999.0 -9999.0 -9999.0 -9999.0 -9999.0 -9999.0 -9999.0 -9999.0 -9999.0 -9999.0 -9999.0 -9999.0 -9999.0 -9999.0 -9999.0 -9999.0 -9999.0 -9999.0 -9999.0 -9999.0 -9999.0 -9999.0 -9999.0 -9999.0 -9999.0 -9999.0 -9999.0 -9999.0 -9999.0 -9999.0 -9999.0 -9999.0 -9999.0 -9999.0 -9999.0 -9999.0 -9999.0 -9999.0 -9999.0 -9999.0 -9999.0 -9999.0 -9999.0 -9999.0 -9999.0 -9999.0 -9999.0 -9999.0 -9999.0 -9999.0 -9999.0 -9999.0 -9999.0 -9999.0 -9999.0 -9999.0 -9999.0 -9999.0 -9999.0 -9999.0 -9999.0 -9999.0 -9999.0 -9999.0 -9999.0 -9999.0 -9999.0 -9999.0 -9999.0 -9999.0 -9999.0 -9999.0 -9999.0 -9999.0 -9999.0 -9999.0 -9999.0 -9999.0 -9999.0 -9999.0 -9999.0 -9999.0 -9999.0 -9999.0 -9999.0 -9999.0 -9999.0 -9999.0 -9999.0
-9999.0 -9999.0 -9999.0 -9999.0 -9999.0 -9999.0 -9999.0 -9999.0 -9999.0 -9999.0 -9999.0 -9999.0 -9999.0 -9999.0 -9999.0 -9999.0 -9999.0 -9999.0 -9999.0 -9999.0 -9999.0 -9999.0 -9999.0 -9999.0 -9999.0 -9999.0 -9999.0 -9999.0 -9999.0 -9999.0 -9999.0 -9999.0 -9999.0 -9999.0 -9999.0 -9999.0 -9999.0 -9999.0 -9999.0 -9999.0 -9999.0 -9999.0 -9999.0 -9999.0 -9999.0 -9999.0 -9999.0 -9999.0 -9999.0 -9999.0 -9999.0 -9999.0 -9999.0 -9999.0 -9999.0 -9999.0 -9999.0 -9999.0 -9999.0 -9999.0 -9999.0 -9999.0 -9999.0 -9999.0 -9999.0 -9999.0 -9999.0 -9999.0 -9999.0 -9999.0 -9999.0 -9999.0 -9999.0 -9999.0 -9999.0 -9999.0 -9999.0 -9999.0 -9999.0 -9999.0 -9999.0 -9999.0 -9999.0 -9999.0 -9999.0 -9999.0 -9999.0 -9999.0 -9999.0 -9999.0 -9999.0 -9999.0 -9999.0 -9999.0 -9999.0 -9999.0 -9999.0 -9999.0 -9999.0 -9999.0 -9999.0 -9999.0 -9999.0 -9999.0
-9999.0 -9999.0 1068.002438 968.943285 869.862166 770.677054 671.429861 572.154513 472.870912 373.590257 274.318912 175.060605 75.817613 -23.406249 -122.608426 -221.785661 -320.919698 -419.975673 -518.885740 -617.522745 -715.654851 -813.883669 -911.671136 -1008.811176 -1105.022316 -1192.831220 -1273.374931 -1344.844771 -1406.022394 -1456.511562 -1496.753296 -1527.835765 -1551.203644 -1568.382597 -1580.786646 -1589.622074 -1595.877084 -1600.413712 -1604.296606 -1609.696995 -1621.642213 -1652.402057 -1643.397789 -2341.387656 -3476.729169 -3441.985414 -2802.960917 -2464.892343 -2286.650321 -2172.390630 -2088.901671 -2016.919766 -1971.713522 -1941.833613 -1913.640450 -1883.574508 -1850.418577 -1814.413577 -1776.585941 -1737.462661 -1687.339812 -1450.516756 -1608.560649 -1613.976371 -1611.406630 -1610.211755 -1609.904733 -1609.843188 -1609.832760 -1609.831594 -1609.831949 -1609.832480 -1609.832969 -1609.833394 -1609.833767 -1609.834101 -1609.834409 -1609.834700 -1609.834981 -1609.835260 -1609.835545 -1609.835847 -1609.836180 -1609.836564 -1609.837032 -1609.837631 -1609.838444 -1609.839604 -1609.841347 -1609.844091 -1609.848610 -1609.856387 -1609.870342 -1609.896388 -1609.946908 -1610.049058 -1610.266098 -1610.755224 -1611.931529 -1614.966624 -1623.479978 -1650.053438 -9999.0 -9999.0
-9999.0 -9999.0 1068.004799 968.944245 869.862494 770.677164 671.429899 572.154527 472.870918 373.590259 274.318914 175.060606 75.817614 -23.406249 -122.608425 -221.785661 -320.919698 -419.975673 -518.885741 -617.522746 -715.654851 -813.883670 -911.671136 -1008.811176 -1105.022316 -1192.831220 -1273.374931 -1344.844771 -1406.022394 -1456.511562 -1496.753296 -1527.835765 -1551.203644 -1568.382597 -1580.786646 -1589.622074 -1595.877084 -1600.413712 -1604.296606 -1609.696995 -1621.642213 -1652.402057 -1643.397789 -2341.387656 -3476.729169 -3441.985414 -2802.960917 -2464.892342 -2286.650321 -2172.390629 -2088.901670 -2016.919766 -1971.713522 -1941.833613 -1913.640450 -1883.574508 -1850.418576 -1814.413577 -1776.585940 -1737.462661 -1687.339812 -1450.516756 -1608.560649 -1613.976371 -1611.406630 -1610.211755 -1609.904733 -1609.843188 -1609.832760 -1609.831594 -1609.831949 -1609.832480 -1609.832969 -1609.833394 -1609.833767 -1609.834101 -1609.834409 -1609.834700 -1609.834981 -1609.835260 -1609.835545 -1609.835847 -1609.836180 -1609.836564 -1609.837032 -1609.837631 -1609.838444 -1609.839604 -1609.841347 -1609.844091 -1609.848609 -1609.856387 -1609.870342 -1609.896388 -1609.946908 -1610.049058 -1610.266098 -1610.755224 -1611.931529 -1614.966624 -1623.479978 -1650.053438 -9999.0 -9999.0
-9999.0 -9999.0 1068.005787 968.944785 869.862726 770.677254 671.429932 572.154539 472.870922 373.590261 274.318914 175.060606 75.817614 -23.406249 -122.608426 -221.785661 -320.919698 -419.975673 -518.885741 -617.522746 -715.654852 -813.883670 -911.671136 -1008.811176 -1105.022316 -1192.831220 -1273.374931 -1344.844771 -1406.022394 -1456.511562 -1496.753296 -1527.835765 -1551.203644 -1568.382597 -1580.786646 -1589.622074 -1595.877084 -1600.413712 -1604.296606 -1609.696995 -1621.642213 -1652.402057 -1643.397789 -2341.387656 -3476.729169 -3441.985413 -2802.960916 -2464.892342 -2286.650321 -2172.390629 -2088.901670 -2016.919765 -1971.713522 -1941.833613 -1913.640450 -1883.574508 -1850.418576 -1814.413577 -1776.585940 -1737.462661 -1687.339812 -1450.516756 -1608.560649 -1613.976371 -1611.406630 -1610.211755 -1609.904733 -1609.843188 -1609.832760 -1609.831594 -1609.831949 -1609.832480 -1609.832969 -1609.833394 -1609.833767 -1609.834101 -1609.834409 -1609.834700 -1609.834981 -1609.835260 -1609.835545 -1609.835847 -1609.836180 -1609.836564 -1609.837032 -1609.837631 -1609.838444 -1609.839604 -1609.841347 -1609.844091 -1609.848609 -1609.856387 -1609.870342 -1609.896388 -1609.946908 -1610.049058 -1610.266098 -1610.755224 -1611.931529 -1614.966624 -1623.479978 -1650.053438 -9999.0 -9999.0
-9999.0 -9999.0 1068.005787 968.944785 869.862725 770.677254 671.429932 572.154539 472.870922 373.590261 274.318914 175.060606 75.817614 -23.406249 -122.608425 -221.785661 -320.919698 -419.975673 -518.885741 -617.522746 -715.654852 -813.883670 -911.671136 -1008.811176 -1105.022316 -1192.831220 -1273.374931 -1344.844771 -1406.022394 -1456.511562 -1496.753296 -1527.835765 -1551.203644 -1568.382597 -1580.786646 -1589.622074 -1595.877084 -1600.413712 -1604.296606 -1609.696995 -1621.642213 -1652.402057 -1643.397789 -2341.387656 -3476.729169 -3441.985413 -2802.960917 -2464.892342 -2286.650321 -2172.390629 -2088.901670 -2016.919765 -1971.713522 -1941.833613 -1913.640450 -1883.574508 -1850.418576 -1814.413577 -1776.585940 -1737.462661 -1687.339812 -1450.516756 -1608.560649 -1613.976371 -1611.406630 -1610.211755 -1609.904733 -1609.843188 -1609.832760 -1609.831594 -1609.831949 -1609.832480 -1609.832969 -1609.833394 -1609.833767 -1609.834101 -1609.834409 -1609.834700 -1609.834981 -1609.835260 -1609.835545 -1609.835847 -1609.836180 -1609.836564 -1609.837032 -1609.837631 -1609.838444 -1609.839604 -1609.841347 -1609.844091 -1609.848609 -1609.856387 -1609.870342 -1609.896388 -1609.946908 -1610.049058 -1610.266098 -1610.755224 -1611.931529 -1614.966624 -1623.479978 -1650.053438 -9999.0 -9999.0
-9999.0 -9999.0 1068.004799 968.944245 869.862494 770.677164 671.429899 572.154527 472.870918 373.590259 274.318913 175.060606 75.817613 -23.406249 -122.608426 -221.785661 -320.919698 -419.975673 -518.885741 -617.522746 -715.654851 -813.883669 -911.671136 -1008.811176 -1105.022316 -1192.831220 -1273.374931 -1344.844771 -1406.022394 -1456.511562 -1496.753296 -1527.835765 -1551.203644 -1568.382597 -1580.786646 -1589.622074 -1595.877084 -1600.413712 -1604.296606 -1609.696995 -1621.642213 -1652.402057 -1643.397789 -2341.387656 -3476.729169 -3441.985414 -2802.960917 -2464.892342 -2286.650321 -2172.390629 -2088.901670 -2016.919766 -1971.713522 -1941.833613 -1913.640450 -1883.574508 -1850.418576 -1814.413577 -1776.585940 -1737.462661 -1687.339812 -1450.516756 -1608.560649 -1613.976371 -1611.406630 -1610.211755 -1609.904733 -1609.843188 -1609.832760 -1609.831594 -1609.831949 -1609.832480 -1609.832969 -1609.833394 -1609.833767 -1609.834101 -1609.834409 -1609.834700 -1609.834981 -1609.835260 -1609.835545 -1609.835847 -1609.836180 -1609.836564 -1609.837032 -1609.837631 -1609.838444 -1609.839604 -1609.841347 -1609.844091 -1609.848609 -1609.856387 -1609.870342 -1609.896388 -1609.946908 -1610.049058 -1610.266098 -1610.755224 -1611.931529 -1614.966624 -1623.479978 -1650.053438 -9999.0 -9999.0
-9999.0 -9999.0 1068.002438 968.943285 869.862166 770.677054 671.429861 572.154513 472.870912 373.590257 274.318912 175.060605 75.817613 -23.406249 -122.608425 -221.785661 -320.919698 -419.975673 -518.885740 -617.522745 -715.654851 -813.883669 -911.671136 -1008.811176 -1105.022316 -1192.831220 -1273.374931 -1344.844771 -1406.022394 -1456.511562 -1496.753296 -1527.835765 -1551.203644 -1568.382597 -1580.786646 -1589.622074 -1595.877084 -1600.413712 -1604.296606 -1609.696995 -1621.642213 -1652.402057 -1643.397789 -2341.387657 -3476.729169 -3441.985414 -2802.960917 -2464.892343 -2286.650321 -2172.390630 -2088.901671 -2016.919766 -1971.713522 -1941.833614 -1913.640450 -1883.574508 -1850.418577 -1814.413577 -1776.585941 -1737.462661 -1687.339812 -1450.516756 -1608.560650 -1613.976371 -1611.406630 -1610.211755 -1609.904733 -1609.843188 -1609.832760 -1609.831594 -1609.831949 -1609.832480 -1609.832969 -1609.833394 -1609.833767 -1609.834101 -1609.834409 -1609.834700 -1609.834981 -1609.835260 -1609.835545 -1609.835847 -1609.836180 -1609.836564 -1609.837032 -1609.837631 -1609.838444 -1609.839604 -1609.841347 -1609.844091 -1609.848610 -1609.856387 -1609.870342 -1609.896388 -1609.946908 -1610.049058 -1610.266098 -1610.755224 -1611.931529 -1614.966624 -1623.479978 -1650.053438 -9999.0 -9999.0
-9999.0 -9999.0 -9999.0 -9999.0 -9999.0 -9999.0 -9999.0 -9999.0 -9999.0 -9999.0 -9999.0 -9999.0 -9999.0 -9999.0 -9999.0 -9999.0 -9999.0 -9999.0 -9999.0 -9999.0 -9999.0 -9999.0 -9999.0 -9999.0 -9999.0 -9999.0 -9999.0 -9999.0 -9999.0 -9999.0 -9999.0 -9999.0 -9999.0 -9999.0 -9999.0 -9999.0 -9999.0 -9999.0 -9999.0 -9999.0 -9999.0 -9999.0 -9999.0 -9999.0 -9999.0 -9999.0 -9999.0 -9999.0 -9999.0 -9999.0 -9999.0 -9999.0 -9999.0 -9999.0 -9999.0 -9999.0 -9999.0 -9999.0 -9999.0 -9999.0 -9999.0 -9999.0 -9999.0 -9999.0 -9999.0 -9999.0 -9999.0 -9999.0 -9999.0 -9999.0 -9999.0 -9999.0 -9999.0 -9999.0 -9999.0 -9999.0 -9999.0 -9999.0 -9999.0 -9999.0 -9999.0 -9999.0 -9999.0 -9999.0 -9999.0 -9999.0 -9999.0 -9999.0 -9999.0 -9999.0 -9999.0 -9999.0 -9999.0 -9999.0 -9999.0 -9999.0 -9999.0 -9999.0 -9999.0 -9999.0 -9999.0 -9999.0 -9999.0 -9999.0
-9999.0 -9999.0 -9999.0 -9999.0 -9999.0 -9999.0 -9999.0 -9999.0 -9999.0 -9999.0 -9999.0 -9999.0 -9999.0 -9999.0 -9999.0 -9999.0 -9999.0 -9999.0 -9999.0 -9999.0 -9999.0 -9999.0 -9999.0 -9999.0 -9999.0 -9999.0 -9999.0 -9999.0 -9999.0 -9999.0 -9999.0 -9999.0 -9999.0 -9999.0 -9999.0 -9999.0 -9999.0 -9999.0 -9999.0 -9999.0 -9999.0 -9999.0 -9999.0 -9999.0 -9999.0 -9999.0 -9999.0 -9999.0 -9999.0 -9999.0 -9999.0 -9999.0 -9999.0 -9999.0 -9999.0 -9999.0 -9999.0 -9999.0 -9999.0 -9999.0 -9999.0 -9999.0 -9999.0 -9999.0 -9999.0 -9999.0 -9999.0 -9999.0 -9999.0 -9999.0 -9999.0 -9999.0 -9999.0 -9999.0 -9999.0 -9999.0 -9999.0 -9999.0 -9999.0 -9999.0 -9999.0 -9999.0 -9999.0 -9999.0 -9999.0 -9999.0 -9999.0 -9999.0 -9999.0 -9999.0 -9999.0 -9999.0 -9999.0 -9999.0 -9999.0 -9999.0 -9999.0 -9999.0 -9999.0 -9999.0 -9999.0 -9999.0 -9999.0 -9999.0