inst/processing_geotop_simulation/geotop_simulation/out/maps3D/PwL0011N0146.asc
ncols         104
nrows         10
xllcorner     -2.000000
yllcorner     0.000000
cellsize      1.000000
NODATA_value  -9999.0
-9999.0 -9999.0 -9999.0 -9999.0 -9999.0 -9999.0 -9999.0 -9999.0 -9999.0 -9999.0 -9999.0 -9999.0 -9999.0 -9999.0 -9999.0 -9999.0 -9999.0 -9999.0 -9999.0 -9999.0 -9999.0 -9999.0 -9999.0 -9999.0 -9999.0 -9999.0 -9999.0 -9999.0 -9999.0 -9999.0 -9999.0 -9999.0 -9999.0 -9999.0 -9999.0 -9999.0 -9999.0 -9999.0 -9999.0 -9999.0 -9999.0 -9999.0 -9999.0 -9999.0 -9999.0 -9999.0 -9999.0 -9999.0 -9999.0 -9999.0 -9999.0 -9999.0 -9999.0 -9999.0 -9999.0 -9999.0 -9999.0 -9999.0 -9999.0 -9999.0 -9999.0 -9999.0 -9999.0 -9999.0 -9999.0 -9999.0 -9999.0 -9999.0 -9999.0 -9999.0 -9999.0 -9999.0 -9999.0 -9999.0 -9999.0 -9999.0 -9999.0 -9999.0 -9999.0 -9999.0 -9999.0 -9999.0 -9999.0 -9999.0 -9999.0 -9999.0 -9999.0 -9999.0 -9999.0 -9999.0 -9999.0 -9999.0 -9999.0 -9999.0 -9999.0 -9999.0 -9999.0 -9999.0 -9999.0 -9999.0 -9999.0 -9999.0 -9999.0 -9999.0
-9999.0 -9999.0 -9999.0 -9999.0 -9999.0 -9999.0 -9999.0 -9999.0 -9999.0 -9999.0 -9999.0 -9999.0 -9999.0 -9999.0 -9999.0 -9999.0 -9999.0 -9999.0 -9999.0 -9999.0 -9999.0 -9999.0 -9999.0 -9999.0 -9999.0 -9999.0 -9999.0 -9999.0 -9999.0 -9999.0 -9999.0 -9999.0 -9999.0 -9999.0 -9999.0 -9999.0 -9999.0 -9999.0 -9999.0 -9999.0 -9999.0 -9999.0 -9999.0 -9999.0 -9999.0 -9999.0 -9999.0 -9999.0 -9999.0 -9999.0 -9999.0 -9999.0 -9999.0 -9999.0 -9999.0 -9999.0 -9999.0 -9999.0 -9999.0 -9999.0 -9999.0 -9999.0 -9999.0 -9999.0 -9999.0 -9999.0 -9999.0 -9999.0 -9999.0 -9999.0 -9999.0 -9999.0 -9999.0 -9999.0 -9999.0 -9999.0 -9999.0 -9999.0 -9999.0 -9999.0 -9999.0 -9999.0 -9999.0 -9999.0 -9999.0 -9999.0 -9999.0 -9999.0 -9999.0 -9999.0 -9999.0 -9999.0 -9999.0 -9999.0 -9999.0 -9999.0 -9999.0 -9999.0 -9999.0 -9999.0 -9999.0 -9999.0 -9999.0 -9999.0
-9999.0 -9999.0 535.402361 444.461459 350.911144 256.019363 160.540900 64.812607 -30.990625 -126.782789 -222.501036 -318.033079 -413.205265 -507.827894 -601.819674 -695.493746 -789.389233 -882.916159 -975.336241 -1064.386113 -1142.820064 -1206.708923 -1254.937550 -1289.104101 -1312.234751 -1327.478414 -1337.398934 -1343.823908 -1347.973032 -1350.642420 -1352.352774 -1353.444831 -1354.140823 -1354.584442 -1354.867718 -1355.051131 -1355.181825 -1355.319522 -1355.658144 -1357.437445 -1367.838324 -1425.636323 -1830.900717 -3491.173733 -3038.529797 -2769.986606 -2653.522961 -2639.518617 -2638.128241 -2638.269321 -2638.624787 -2639.005355 -2639.370563 -2639.708459 -2640.020738 -2640.372788 -2641.420959 -2649.035652 -2707.169764 -2844.731196 -3073.596770 -1623.919142 -1397.334122 -1362.911285 -1356.595428 -1355.656926 -1355.522650 -1355.502189 -1355.499846 -1355.500656 -1355.501835 -1355.502848 -1355.503634 -1355.504231 -1355.504686 -1355.505039 -1355.505319 -1355.505544 -1355.505731 -1355.505897 -1355.506059 -1355.506238 -1355.506462 -1355.506773 -1355.507232 -1355.507937 -1355.509046 -1355.510817 -1355.513690 -1355.518427 -1355.526401 -1355.540170 -1355.564645 -1355.609477 -1355.693914 -1355.856788 -1356.178165 -1356.831542 -1358.224725 -1361.403274 -1369.307211 -1392.240906 -9999.0 -9999.0
-9999.0 -9999.0 535.408816 444.463337 350.911678 256.019526 160.540952 64.812625 -30.990619 -126.782787 -222.501035 -318.033079 -413.205265 -507.827894 -601.819674 -695.493746 -789.389233 -882.916159 -975.336241 -1064.386114 -1142.820064 -1206.708923 -1254.937550 -1289.104101 -1312.234751 -1327.478414 -1337.398934 -1343.823908 -1347.973032 -1350.642420 -1352.352774 -1353.444831 -1354.140823 -1354.584442 -1354.867718 -1355.051131 -1355.181825 -1355.319522 -1355.658144 -1357.437445 -1367.838324 -1425.636323 -1830.900717 -3491.173730 -3038.529793 -2769.986598 -2653.522961 -2639.518617 -2638.128241 -2638.269321 -2638.624787 -2639.005355 -2639.370563 -2639.708459 -2640.020738 -2640.372788 -2641.420959 -2649.035652 -2707.169764 -2844.731196 -3073.596770 -1623.919142 -1397.334122 -1362.911285 -1356.595428 -1355.656926 -1355.522650 -1355.502189 -1355.499846 -1355.500656 -1355.501835 -1355.502848 -1355.503634 -1355.504231 -1355.504686 -1355.505039 -1355.505319 -1355.505544 -1355.505731 -1355.505897 -1355.506059 -1355.506238 -1355.506462 -1355.506773 -1355.507232 -1355.507937 -1355.509046 -1355.510817 -1355.513690 -1355.518427 -1355.526401 -1355.540170 -1355.564645 -1355.609477 -1355.693914 -1355.856788 -1356.178165 -1356.831542 -1358.224725 -1361.403274 -1369.307211 -1392.240906 -9999.0 -9999.0
-9999.0 -9999.0 535.410450 444.464194 350.912026 256.019654 160.540998 64.812641 -30.990613 -126.782785 -222.501035 -318.033079 -413.205265 -507.827894 -601.819674 -695.493746 -789.389233 -882.916159 -975.336241 -1064.386114 -1142.820064 -1206.708923 -1254.937550 -1289.104101 -1312.234751 -1327.478414 -1337.398934 -1343.823908 -1347.973032 -1350.642420 -1352.352774 -1353.444831 -1354.140823 -1354.584442 -1354.867718 -1355.051131 -1355.181825 -1355.319522 -1355.658144 -1357.437445 -1367.838324 -1425.636323 -1830.900717 -3491.173730 -3038.529792 -2769.986595 -2653.522961 -2639.518617 -2638.128241 -2638.269321 -2638.624787 -2639.005355 -2639.370563 -2639.708459 -2640.020738 -2640.372788 -2641.420959 -2649.035652 -2707.169764 -2844.731196 -3073.596770 -1623.919142 -1397.334122 -1362.911285 -1356.595428 -1355.656926 -1355.522650 -1355.502189 -1355.499846 -1355.500656 -1355.501835 -1355.502848 -1355.503634 -1355.504231 -1355.504686 -1355.505039 -1355.505319 -1355.505544 -1355.505731 -1355.505897 -1355.506059 -1355.506238 -1355.506462 -1355.506773 -1355.507232 -1355.507937 -1355.509046 -1355.510817 -1355.513690 -1355.518427 -1355.526401 -1355.540170 -1355.564645 -1355.609477 -1355.693914 -1355.856788 -1356.178165 -1356.831542 -1358.224725 -1361.403274 -1369.307211 -1392.240906 -9999.0 -9999.0
-9999.0 -9999.0 535.410450 444.464194 350.912025 256.019654 160.540998 64.812641 -30.990614 -126.782784 -222.501035 -318.033079 -413.205265 -507.827894 -601.819674 -695.493746 -789.389233 -882.916159 -975.336241 -1064.386114 -1142.820064 -1206.708923 -1254.937550 -1289.104101 -1312.234751 -1327.478414 -1337.398934 -1343.823908 -1347.973032 -1350.642420 -1352.352774 -1353.444831 -1354.140823 -1354.584442 -1354.867718 -1355.051131 -1355.181825 -1355.319522 -1355.658144 -1357.437445 -1367.838324 -1425.636323 -1830.900717 -3491.173730 -3038.529792 -2769.986595 -2653.522961 -2639.518617 -2638.128241 -2638.269321 -2638.624787 -2639.005355 -2639.370563 -2639.708459 -2640.020738 -2640.372788 -2641.420959 -2649.035652 -2707.169764 -2844.731196 -3073.596770 -1623.919142 -1397.334122 -1362.911285 -1356.595428 -1355.656926 -1355.522650 -1355.502189 -1355.499846 -1355.500656 -1355.501835 -1355.502848 -1355.503634 -1355.504231 -1355.504686 -1355.505039 -1355.505319 -1355.505544 -1355.505731 -1355.505897 -1355.506059 -1355.506238 -1355.506462 -1355.506773 -1355.507232 -1355.507937 -1355.509046 -1355.510817 -1355.513690 -1355.518427 -1355.526401 -1355.540170 -1355.564645 -1355.609477 -1355.693914 -1355.856788 -1356.178165 -1356.831542 -1358.224725 -1361.403274 -1369.307211 -1392.240906 -9999.0 -9999.0
-9999.0 -9999.0 535.408816 444.463337 350.911679 256.019526 160.540952 64.812625 -30.990619 -126.782787 -222.501035 -318.033079 -413.205265 -507.827894 -601.819674 -695.493746 -789.389233 -882.916159 -975.336241 -1064.386114 -1142.820064 -1206.708923 -1254.937550 -1289.104101 -1312.234751 -1327.478414 -1337.398934 -1343.823908 -1347.973032 -1350.642420 -1352.352774 -1353.444831 -1354.140823 -1354.584442 -1354.867718 -1355.051131 -1355.181825 -1355.319522 -1355.658144 -1357.437445 -1367.838324 -1425.636323 -1830.900717 -3491.173730 -3038.529793 -2769.986598 -2653.522961 -2639.518617 -2638.128241 -2638.269321 -2638.624787 -2639.005355 -2639.370563 -2639.708459 -2640.020738 -2640.372788 -2641.420959 -2649.035652 -2707.169764 -2844.731196 -3073.596770 -1623.919142 -1397.334122 -1362.911285 -1356.595428 -1355.656926 -1355.522650 -1355.502189 -1355.499846 -1355.500656 -1355.501835 -1355.502848 -1355.503634 -1355.504231 -1355.504686 -1355.505039 -1355.505319 -1355.505544 -1355.505731 -1355.505897 -1355.506059 -1355.506238 -1355.506462 -1355.506773 -1355.507232 -1355.507937 -1355.509046 -1355.510817 -1355.513690 -1355.518427 -1355.526401 -1355.540170 -1355.564645 -1355.609477 -1355.693914 -1355.856788 -1356.178165 -1356.831542 -1358.224725 -1361.403274 -1369.307211 -1392.240906 -9999.0 -9999.0
-9999.0 -9999.0 535.402361 444.461459 350.911144 256.019363 160.540899 64.812607 -30.990626 -126.782789 -222.501036 -318.033079 -413.205265 -507.827894 -601.819674 -695.493745 -789.389233 -882.916159 -975.336241 -1064.386113 -1142.820064 -1206.708923 -1254.937550 -1289.104101 -1312.234751 -1327.478414 -1337.398934 -1343.823908 -1347.973032 -1350.642420 -1352.352774 -1353.444831 -1354.140823 -1354.584442 -1354.867718 -1355.051131 -1355.181825 -1355.319522 -1355.658144 -1357.437445 -1367.838324 -1425.636323 -1830.900717 -3491.173733 -3038.529797 -2769.986606 -2653.522961 -2639.518617 -2638.128241 -2638.269321 -2638.624787 -2639.005355 -2639.370563 -2639.708459 -2640.020738 -2640.372788 -2641.420959 -2649.035652 -2707.169764 -2844.731196 -3073.596770 -1623.919142 -1397.334122 -1362.911285 -1356.595428 -1355.656926 -1355.522650 -1355.502189 -1355.499846 -1355.500656 -1355.501835 -1355.502848 -1355.503634 -1355.504231 -1355.504686 -1355.505039 -1355.505319 -1355.505544 -1355.505731 -1355.505897 -1355.506059 -1355.506238 -1355.506462 -1355.506773 -1355.507232 -1355.507937 -1355.509046 -1355.510817 -1355.513690 -1355.518427 -1355.526401 -1355.540170 -1355.564645 -1355.609477 -1355.693914 -1355.856788 -1356.178165 -1356.831542 -1358.224725 -1361.403274 -1369.307211 -1392.240906 -9999.0 -9999.0
-9999.0 -9999.0 -9999.0 -9999.0 -9999.0 -9999.0 -9999.0 -9999.0 -9999.0 -9999.0 -9999.0 -9999.0 -9999.0 -9999.0 -9999.0 -9999.0 -9999.0 -9999.0 -9999.0 -9999.0 -9999.0 -9999.0 -9999.0 -9999.0 -9999.0 -9999.0 -9999.0 -9999.0 -9999.0 -9999.0 -9999.0 -9999.0 -9999.0 -9999.0 -9999.0 -9999.0 -9999.0 -9999.0 -9999.0 -9999.0 -9999.0 -9999.0 -9999.0 -9999.0 -9999.0 -9999.0 -9999.0 -9999.0 -9999.0 -9999.0 -9999.0 -9999.0 -9999.0 -9999.0 -9999.0 -9999.0 -9999.0 -9999.0 -9999.0 -9999.0 -9999.0 -9999.0 -9999.0 -9999.0 -9999.0 -9999.0 -9999.0 -9999.0 -9999.0 -9999.0 -9999.0 -9999.0 -9999.0 -9999.0 -9999.0 -9999.0 -9999.0 -9999.0 -9999.0 -9999.0 -9999.0 -9999.0 -9999.0 -9999.0 -9999.0 -9999.0 -9999.0 -9999.0 -9999.0 -9999.0 -9999.0 -9999.0 -9999.0 -9999.0 -9999.0 -9999.0 -9999.0 -9999.0 -9999.0 -9999.0 -9999.0 -9999.0 -9999.0 -9999.0
-9999.0 -9999.0 -9999.0 -9999.0 -9999.0 -9999.0 -9999.0 -9999.0 -9999.0 -9999.0 -9999.0 -9999.0 -9999.0 -9999.0 -9999.0 -9999.0 -9999.0 -9999.0 -9999.0 -9999.0 -9999.0 -9999.0 -9999.0 -9999.0 -9999.0 -9999.0 -9999.0 -9999.0 -9999.0 -9999.0 -9999.0 -9999.0 -9999.0 -9999.0 -9999.0 -9999.0 -9999.0 -9999.0 -9999.0 -9999.0 -9999.0 -9999.0 -9999.0 -9999.0 -9999.0 -9999.0 -9999.0 -9999.0 -9999.0 -9999.0 -9999.0 -9999.0 -9999.0 -9999.0 -9999.0 -9999.0 -9999.0 -9999.0 -9999.0 -9999.0 -9999.0 -9999.0 -9999.0 -9999.0 -9999.0 -9999.0 -9999.0 -9999.0 -9999.0 -9999.0 -9999.0 -9999.0 -9999.0 -9999.0 -9999.0 -9999.0 -9999.0 -9999.0 -9999.0 -9999.0 -9999.0 -9999.0 -9999.0 -9999.0 -9999.0 -9999.0 -9999.0 -9999.0 -9999.0 -9999.0 -9999.0 -9999.0 -9999.0 -9999.0 -9999.0 -9999.0 -9999.0 -9999.0 -9999.0 -9999.0 -9999.0 -9999.0 -9999.0 -9999.0