inst/processing_geotop_simulation/geotop_simulation/out/maps3D/PwL0007N0083.asc
ncols         104
nrows         10
xllcorner     -2.000000
yllcorner     0.000000
cellsize      1.000000
NODATA_value  -9999.0
-9999.0 -9999.0 -9999.0 -9999.0 -9999.0 -9999.0 -9999.0 -9999.0 -9999.0 -9999.0 -9999.0 -9999.0 -9999.0 -9999.0 -9999.0 -9999.0 -9999.0 -9999.0 -9999.0 -9999.0 -9999.0 -9999.0 -9999.0 -9999.0 -9999.0 -9999.0 -9999.0 -9999.0 -9999.0 -9999.0 -9999.0 -9999.0 -9999.0 -9999.0 -9999.0 -9999.0 -9999.0 -9999.0 -9999.0 -9999.0 -9999.0 -9999.0 -9999.0 -9999.0 -9999.0 -9999.0 -9999.0 -9999.0 -9999.0 -9999.0 -9999.0 -9999.0 -9999.0 -9999.0 -9999.0 -9999.0 -9999.0 -9999.0 -9999.0 -9999.0 -9999.0 -9999.0 -9999.0 -9999.0 -9999.0 -9999.0 -9999.0 -9999.0 -9999.0 -9999.0 -9999.0 -9999.0 -9999.0 -9999.0 -9999.0 -9999.0 -9999.0 -9999.0 -9999.0 -9999.0 -9999.0 -9999.0 -9999.0 -9999.0 -9999.0 -9999.0 -9999.0 -9999.0 -9999.0 -9999.0 -9999.0 -9999.0 -9999.0 -9999.0 -9999.0 -9999.0 -9999.0 -9999.0 -9999.0 -9999.0 -9999.0 -9999.0 -9999.0 -9999.0
-9999.0 -9999.0 -9999.0 -9999.0 -9999.0 -9999.0 -9999.0 -9999.0 -9999.0 -9999.0 -9999.0 -9999.0 -9999.0 -9999.0 -9999.0 -9999.0 -9999.0 -9999.0 -9999.0 -9999.0 -9999.0 -9999.0 -9999.0 -9999.0 -9999.0 -9999.0 -9999.0 -9999.0 -9999.0 -9999.0 -9999.0 -9999.0 -9999.0 -9999.0 -9999.0 -9999.0 -9999.0 -9999.0 -9999.0 -9999.0 -9999.0 -9999.0 -9999.0 -9999.0 -9999.0 -9999.0 -9999.0 -9999.0 -9999.0 -9999.0 -9999.0 -9999.0 -9999.0 -9999.0 -9999.0 -9999.0 -9999.0 -9999.0 -9999.0 -9999.0 -9999.0 -9999.0 -9999.0 -9999.0 -9999.0 -9999.0 -9999.0 -9999.0 -9999.0 -9999.0 -9999.0 -9999.0 -9999.0 -9999.0 -9999.0 -9999.0 -9999.0 -9999.0 -9999.0 -9999.0 -9999.0 -9999.0 -9999.0 -9999.0 -9999.0 -9999.0 -9999.0 -9999.0 -9999.0 -9999.0 -9999.0 -9999.0 -9999.0 -9999.0 -9999.0 -9999.0 -9999.0 -9999.0 -9999.0 -9999.0 -9999.0 -9999.0 -9999.0 -9999.0
-9999.0 -9999.0 277.021885 176.781058 76.543020 -23.522498 -123.446302 -223.715678 -325.677616 -432.742280 -552.295270 -680.481734 -810.726578 -928.067045 -999.600724 -1069.674505 -1133.181783 -1177.555344 -1189.320167 -1187.597812 -1181.080952 -1174.733219 -1170.563021 -1168.952614 -1169.533663 -1171.650655 -1174.593298 -1177.743752 -1180.669104 -1183.141360 -1185.094788 -1186.562873 -1187.624684 -1188.369170 -1188.876728 -1189.214260 -1189.444754 -1189.646648 -1189.886974 -1190.520430 -1196.495093 -1242.156262 -1133.983137 -1198.030691 -1146.262789 -1116.094948 -1102.362339 -1100.658296 -1100.489790 -1100.511584 -1100.560862 -1100.613401 -1100.663801 -1100.710419 -1100.753393 -1100.800775 -1100.933653 -1101.875298 -1108.862006 -1124.933567 -1152.812936 -1062.083863 -1222.685358 -1194.537105 -1190.614159 -1190.086138 -1189.991120 -1189.974142 -1189.973456 -1189.975765 -1189.978170 -1189.980117 -1189.981599 -1189.982715 -1189.983564 -1189.984222 -1189.984741 -1189.985158 -1189.985502 -1189.985804 -1189.986093 -1189.986408 -1189.986799 -1189.987336 -1189.988125 -1189.989332 -1189.991223 -1189.994232 -1189.999086 -1190.007032 -1190.020282 -1190.042903 -1190.082618 -1190.154500 -1190.288438 -1190.544007 -1191.039983 -1192.015849 -1193.977571 -1198.095396 -1207.360076 -1230.979075 -9999.0 -9999.0
-9999.0 -9999.0 277.021885 176.781058 76.543020 -23.522499 -123.446303 -223.715678 -325.677616 -432.742280 -552.295270 -680.481735 -810.726578 -928.067045 -999.600724 -1069.674505 -1133.181783 -1177.555344 -1189.320167 -1187.597812 -1181.080952 -1174.733219 -1170.563021 -1168.952614 -1169.533663 -1171.650655 -1174.593298 -1177.743752 -1180.669104 -1183.141360 -1185.094788 -1186.562873 -1187.624684 -1188.369170 -1188.876728 -1189.214260 -1189.444754 -1189.646648 -1189.886974 -1190.520430 -1196.495093 -1242.156262 -1133.983137 -1198.030691 -1146.262789 -1116.094948 -1102.362339 -1100.658296 -1100.489790 -1100.511584 -1100.560862 -1100.613401 -1100.663801 -1100.710419 -1100.753393 -1100.800775 -1100.933653 -1101.875298 -1108.862006 -1124.933567 -1152.812936 -1062.083863 -1222.685358 -1194.537105 -1190.614159 -1190.086138 -1189.991120 -1189.974142 -1189.973456 -1189.975765 -1189.978170 -1189.980117 -1189.981599 -1189.982715 -1189.983564 -1189.984222 -1189.984741 -1189.985158 -1189.985502 -1189.985804 -1189.986093 -1189.986408 -1189.986799 -1189.987336 -1189.988125 -1189.989332 -1189.991223 -1189.994232 -1189.999086 -1190.007032 -1190.020282 -1190.042903 -1190.082618 -1190.154500 -1190.288438 -1190.544007 -1191.039983 -1192.015849 -1193.977571 -1198.095396 -1207.360076 -1230.979075 -9999.0 -9999.0
-9999.0 -9999.0 277.021885 176.781058 76.543019 -23.522499 -123.446302 -223.715679 -325.677616 -432.742280 -552.295270 -680.481735 -810.726578 -928.067045 -999.600724 -1069.674505 -1133.181783 -1177.555344 -1189.320167 -1187.597812 -1181.080952 -1174.733219 -1170.563021 -1168.952614 -1169.533663 -1171.650655 -1174.593298 -1177.743752 -1180.669104 -1183.141360 -1185.094788 -1186.562873 -1187.624684 -1188.369170 -1188.876728 -1189.214260 -1189.444754 -1189.646648 -1189.886974 -1190.520430 -1196.495093 -1242.156262 -1133.983137 -1198.030691 -1146.262789 -1116.094947 -1102.362339 -1100.658296 -1100.489790 -1100.511584 -1100.560862 -1100.613401 -1100.663801 -1100.710419 -1100.753393 -1100.800775 -1100.933653 -1101.875298 -1108.862006 -1124.933567 -1152.812936 -1062.083863 -1222.685358 -1194.537105 -1190.614159 -1190.086138 -1189.991120 -1189.974142 -1189.973456 -1189.975765 -1189.978170 -1189.980117 -1189.981599 -1189.982715 -1189.983564 -1189.984222 -1189.984741 -1189.985158 -1189.985502 -1189.985804 -1189.986093 -1189.986408 -1189.986799 -1189.987336 -1189.988125 -1189.989332 -1189.991223 -1189.994232 -1189.999086 -1190.007032 -1190.020282 -1190.042903 -1190.082618 -1190.154500 -1190.288438 -1190.544007 -1191.039983 -1192.015849 -1193.977571 -1198.095396 -1207.360076 -1230.979075 -9999.0 -9999.0
-9999.0 -9999.0 277.021885 176.781058 76.543019 -23.522499 -123.446302 -223.715679 -325.677616 -432.742280 -552.295270 -680.481735 -810.726578 -928.067045 -999.600724 -1069.674505 -1133.181783 -1177.555344 -1189.320167 -1187.597812 -1181.080952 -1174.733219 -1170.563021 -1168.952614 -1169.533663 -1171.650655 -1174.593298 -1177.743752 -1180.669104 -1183.141360 -1185.094788 -1186.562873 -1187.624684 -1188.369170 -1188.876728 -1189.214260 -1189.444754 -1189.646648 -1189.886974 -1190.520430 -1196.495093 -1242.156262 -1133.983137 -1198.030691 -1146.262789 -1116.094947 -1102.362339 -1100.658296 -1100.489790 -1100.511584 -1100.560862 -1100.613401 -1100.663801 -1100.710419 -1100.753393 -1100.800775 -1100.933653 -1101.875298 -1108.862006 -1124.933567 -1152.812936 -1062.083863 -1222.685358 -1194.537105 -1190.614159 -1190.086138 -1189.991120 -1189.974142 -1189.973456 -1189.975765 -1189.978170 -1189.980117 -1189.981599 -1189.982715 -1189.983564 -1189.984222 -1189.984741 -1189.985158 -1189.985502 -1189.985804 -1189.986093 -1189.986408 -1189.986799 -1189.987336 -1189.988125 -1189.989332 -1189.991223 -1189.994232 -1189.999086 -1190.007032 -1190.020282 -1190.042903 -1190.082618 -1190.154500 -1190.288438 -1190.544007 -1191.039983 -1192.015849 -1193.977571 -1198.095396 -1207.360076 -1230.979075 -9999.0 -9999.0
-9999.0 -9999.0 277.021885 176.781058 76.543019 -23.522499 -123.446303 -223.715678 -325.677616 -432.742280 -552.295270 -680.481735 -810.726578 -928.067045 -999.600724 -1069.674505 -1133.181783 -1177.555344 -1189.320167 -1187.597812 -1181.080952 -1174.733219 -1170.563021 -1168.952614 -1169.533663 -1171.650655 -1174.593298 -1177.743752 -1180.669104 -1183.141360 -1185.094788 -1186.562873 -1187.624684 -1188.369170 -1188.876728 -1189.214260 -1189.444754 -1189.646648 -1189.886974 -1190.520430 -1196.495093 -1242.156262 -1133.983137 -1198.030691 -1146.262789 -1116.094948 -1102.362339 -1100.658296 -1100.489790 -1100.511584 -1100.560862 -1100.613401 -1100.663801 -1100.710419 -1100.753393 -1100.800775 -1100.933653 -1101.875298 -1108.862006 -1124.933567 -1152.812936 -1062.083863 -1222.685358 -1194.537105 -1190.614159 -1190.086138 -1189.991120 -1189.974142 -1189.973456 -1189.975765 -1189.978170 -1189.980117 -1189.981599 -1189.982715 -1189.983564 -1189.984222 -1189.984741 -1189.985158 -1189.985502 -1189.985804 -1189.986093 -1189.986408 -1189.986799 -1189.987336 -1189.988125 -1189.989332 -1189.991223 -1189.994232 -1189.999086 -1190.007032 -1190.020282 -1190.042903 -1190.082618 -1190.154500 -1190.288438 -1190.544007 -1191.039983 -1192.015849 -1193.977571 -1198.095396 -1207.360076 -1230.979075 -9999.0 -9999.0
-9999.0 -9999.0 277.021885 176.781058 76.543020 -23.522498 -123.446302 -223.715678 -325.677616 -432.742280 -552.295270 -680.481734 -810.726578 -928.067045 -999.600724 -1069.674505 -1133.181783 -1177.555344 -1189.320167 -1187.597812 -1181.080952 -1174.733219 -1170.563021 -1168.952614 -1169.533663 -1171.650655 -1174.593298 -1177.743752 -1180.669104 -1183.141360 -1185.094788 -1186.562873 -1187.624684 -1188.369170 -1188.876728 -1189.214260 -1189.444754 -1189.646648 -1189.886974 -1190.520430 -1196.495093 -1242.156262 -1133.983137 -1198.030691 -1146.262789 -1116.094948 -1102.362339 -1100.658296 -1100.489790 -1100.511584 -1100.560862 -1100.613401 -1100.663801 -1100.710419 -1100.753393 -1100.800775 -1100.933653 -1101.875298 -1108.862006 -1124.933567 -1152.812936 -1062.083863 -1222.685358 -1194.537105 -1190.614159 -1190.086138 -1189.991120 -1189.974142 -1189.973456 -1189.975765 -1189.978170 -1189.980117 -1189.981599 -1189.982715 -1189.983564 -1189.984222 -1189.984741 -1189.985158 -1189.985502 -1189.985804 -1189.986093 -1189.986408 -1189.986799 -1189.987336 -1189.988125 -1189.989332 -1189.991223 -1189.994232 -1189.999086 -1190.007032 -1190.020282 -1190.042903 -1190.082618 -1190.154500 -1190.288438 -1190.544007 -1191.039983 -1192.015849 -1193.977571 -1198.095396 -1207.360076 -1230.979075 -9999.0 -9999.0
-9999.0 -9999.0 -9999.0 -9999.0 -9999.0 -9999.0 -9999.0 -9999.0 -9999.0 -9999.0 -9999.0 -9999.0 -9999.0 -9999.0 -9999.0 -9999.0 -9999.0 -9999.0 -9999.0 -9999.0 -9999.0 -9999.0 -9999.0 -9999.0 -9999.0 -9999.0 -9999.0 -9999.0 -9999.0 -9999.0 -9999.0 -9999.0 -9999.0 -9999.0 -9999.0 -9999.0 -9999.0 -9999.0 -9999.0 -9999.0 -9999.0 -9999.0 -9999.0 -9999.0 -9999.0 -9999.0 -9999.0 -9999.0 -9999.0 -9999.0 -9999.0 -9999.0 -9999.0 -9999.0 -9999.0 -9999.0 -9999.0 -9999.0 -9999.0 -9999.0 -9999.0 -9999.0 -9999.0 -9999.0 -9999.0 -9999.0 -9999.0 -9999.0 -9999.0 -9999.0 -9999.0 -9999.0 -9999.0 -9999.0 -9999.0 -9999.0 -9999.0 -9999.0 -9999.0 -9999.0 -9999.0 -9999.0 -9999.0 -9999.0 -9999.0 -9999.0 -9999.0 -9999.0 -9999.0 -9999.0 -9999.0 -9999.0 -9999.0 -9999.0 -9999.0 -9999.0 -9999.0 -9999.0 -9999.0 -9999.0 -9999.0 -9999.0 -9999.0 -9999.0
-9999.0 -9999.0 -9999.0 -9999.0 -9999.0 -9999.0 -9999.0 -9999.0 -9999.0 -9999.0 -9999.0 -9999.0 -9999.0 -9999.0 -9999.0 -9999.0 -9999.0 -9999.0 -9999.0 -9999.0 -9999.0 -9999.0 -9999.0 -9999.0 -9999.0 -9999.0 -9999.0 -9999.0 -9999.0 -9999.0 -9999.0 -9999.0 -9999.0 -9999.0 -9999.0 -9999.0 -9999.0 -9999.0 -9999.0 -9999.0 -9999.0 -9999.0 -9999.0 -9999.0 -9999.0 -9999.0 -9999.0 -9999.0 -9999.0 -9999.0 -9999.0 -9999.0 -9999.0 -9999.0 -9999.0 -9999.0 -9999.0 -9999.0 -9999.0 -9999.0 -9999.0 -9999.0 -9999.0 -9999.0 -9999.0 -9999.0 -9999.0 -9999.0 -9999.0 -9999.0 -9999.0 -9999.0 -9999.0 -9999.0 -9999.0 -9999.0 -9999.0 -9999.0 -9999.0 -9999.0 -9999.0 -9999.0 -9999.0 -9999.0 -9999.0 -9999.0 -9999.0 -9999.0 -9999.0 -9999.0 -9999.0 -9999.0 -9999.0 -9999.0 -9999.0 -9999.0 -9999.0 -9999.0 -9999.0 -9999.0 -9999.0 -9999.0 -9999.0 -9999.0