inst/processing_geotop_simulation/geotop_simulation/out/maps3D/PwL0001N0039.asc
ncols         104
nrows         10
xllcorner     -2.000000
yllcorner     0.000000
cellsize      1.000000
NODATA_value  -9999.0
-9999.0 -9999.0 -9999.0 -9999.0 -9999.0 -9999.0 -9999.0 -9999.0 -9999.0 -9999.0 -9999.0 -9999.0 -9999.0 -9999.0 -9999.0 -9999.0 -9999.0 -9999.0 -9999.0 -9999.0 -9999.0 -9999.0 -9999.0 -9999.0 -9999.0 -9999.0 -9999.0 -9999.0 -9999.0 -9999.0 -9999.0 -9999.0 -9999.0 -9999.0 -9999.0 -9999.0 -9999.0 -9999.0 -9999.0 -9999.0 -9999.0 -9999.0 -9999.0 -9999.0 -9999.0 -9999.0 -9999.0 -9999.0 -9999.0 -9999.0 -9999.0 -9999.0 -9999.0 -9999.0 -9999.0 -9999.0 -9999.0 -9999.0 -9999.0 -9999.0 -9999.0 -9999.0 -9999.0 -9999.0 -9999.0 -9999.0 -9999.0 -9999.0 -9999.0 -9999.0 -9999.0 -9999.0 -9999.0 -9999.0 -9999.0 -9999.0 -9999.0 -9999.0 -9999.0 -9999.0 -9999.0 -9999.0 -9999.0 -9999.0 -9999.0 -9999.0 -9999.0 -9999.0 -9999.0 -9999.0 -9999.0 -9999.0 -9999.0 -9999.0 -9999.0 -9999.0 -9999.0 -9999.0 -9999.0 -9999.0 -9999.0 -9999.0 -9999.0 -9999.0
-9999.0 -9999.0 -9999.0 -9999.0 -9999.0 -9999.0 -9999.0 -9999.0 -9999.0 -9999.0 -9999.0 -9999.0 -9999.0 -9999.0 -9999.0 -9999.0 -9999.0 -9999.0 -9999.0 -9999.0 -9999.0 -9999.0 -9999.0 -9999.0 -9999.0 -9999.0 -9999.0 -9999.0 -9999.0 -9999.0 -9999.0 -9999.0 -9999.0 -9999.0 -9999.0 -9999.0 -9999.0 -9999.0 -9999.0 -9999.0 -9999.0 -9999.0 -9999.0 -9999.0 -9999.0 -9999.0 -9999.0 -9999.0 -9999.0 -9999.0 -9999.0 -9999.0 -9999.0 -9999.0 -9999.0 -9999.0 -9999.0 -9999.0 -9999.0 -9999.0 -9999.0 -9999.0 -9999.0 -9999.0 -9999.0 -9999.0 -9999.0 -9999.0 -9999.0 -9999.0 -9999.0 -9999.0 -9999.0 -9999.0 -9999.0 -9999.0 -9999.0 -9999.0 -9999.0 -9999.0 -9999.0 -9999.0 -9999.0 -9999.0 -9999.0 -9999.0 -9999.0 -9999.0 -9999.0 -9999.0 -9999.0 -9999.0 -9999.0 -9999.0 -9999.0 -9999.0 -9999.0 -9999.0 -9999.0 -9999.0 -9999.0 -9999.0 -9999.0 -9999.0
-9999.0 -9999.0 -907.715675 -915.987461 -920.477187 -925.574177 -930.095810 -933.251577 -935.227947 -933.037390 -901.649621 -899.059274 -909.491720 -911.281617 -892.733039 -836.281159 -768.648620 -722.276768 -703.286566 -709.086458 -731.168296 -761.426052 -794.117738 -825.683185 -854.133448 -878.309552 -897.496330 -911.611355 -921.273905 -927.498680 -931.322032 -933.585785 -934.886223 -935.609392 -935.988775 -936.153821 -936.181184 -936.299021 -937.004964 -936.518913 -934.403167 -944.924308 -634.747706 -620.685613 -607.105817 -599.150149 -595.487903 -594.977144 -594.937481 -594.980647 -595.042213 -595.106298 -595.167684 -595.224418 -595.275928 -595.324736 -595.398954 -595.756048 -597.820824 -602.972171 -612.086938 -618.389025 -939.868161 -940.351592 -937.751789 -936.879905 -936.701855 -936.682162 -936.692613 -936.706452 -936.718170 -936.727096 -936.733693 -936.738585 -936.742266 -936.745083 -936.747290 -936.749042 -936.750463 -936.751675 -936.752804 -936.753996 -936.755436 -936.757377 -936.760200 -936.764491 -936.771178 -936.781761 -936.798707 -936.826174 -936.871363 -936.947177 -937.077562 -937.308409 -937.729685 -938.519177 -940.025308 -942.915053 -948.423103 -958.769106 -977.964421 -1013.465768 -9999.0 -9999.0
-9999.0 -9999.0 -907.715508 -915.987265 -920.477049 -925.574117 -930.095794 -933.251577 -935.227950 -933.037393 -901.649622 -899.059274 -909.491720 -911.281617 -892.733039 -836.281159 -768.648620 -722.276768 -703.286566 -709.086458 -731.168296 -761.426052 -794.117738 -825.683185 -854.133448 -878.309552 -897.496330 -911.611355 -921.273905 -927.498680 -931.322032 -933.585785 -934.886223 -935.609392 -935.988775 -936.153821 -936.181184 -936.299021 -937.004964 -936.518913 -934.403167 -944.924308 -634.747706 -620.685613 -607.105817 -599.150149 -595.487903 -594.977144 -594.937481 -594.980647 -595.042213 -595.106298 -595.167684 -595.224418 -595.275928 -595.324736 -595.398954 -595.756048 -597.820824 -602.972171 -612.086938 -618.389025 -939.868161 -940.351592 -937.751789 -936.879905 -936.701855 -936.682162 -936.692613 -936.706452 -936.718170 -936.727096 -936.733693 -936.738585 -936.742266 -936.745083 -936.747290 -936.749042 -936.750463 -936.751675 -936.752804 -936.753996 -936.755436 -936.757377 -936.760200 -936.764491 -936.771178 -936.781761 -936.798707 -936.826174 -936.871363 -936.947177 -937.077562 -937.308409 -937.729685 -938.519177 -940.025308 -942.915053 -948.423103 -958.769106 -977.964421 -1013.465768 -9999.0 -9999.0
-9999.0 -9999.0 -907.715444 -915.987169 -920.476964 -925.574075 -930.095783 -933.251577 -935.227953 -933.037395 -901.649622 -899.059274 -909.491720 -911.281617 -892.733039 -836.281159 -768.648620 -722.276768 -703.286566 -709.086458 -731.168296 -761.426052 -794.117738 -825.683185 -854.133448 -878.309552 -897.496330 -911.611355 -921.273905 -927.498680 -931.322032 -933.585785 -934.886223 -935.609392 -935.988775 -936.153821 -936.181184 -936.299021 -937.004964 -936.518913 -934.403167 -944.924308 -634.747706 -620.685613 -607.105817 -599.150148 -595.487903 -594.977144 -594.937481 -594.980647 -595.042213 -595.106298 -595.167684 -595.224418 -595.275928 -595.324736 -595.398954 -595.756048 -597.820824 -602.972171 -612.086938 -618.389025 -939.868161 -940.351592 -937.751789 -936.879905 -936.701855 -936.682162 -936.692613 -936.706452 -936.718170 -936.727096 -936.733693 -936.738585 -936.742266 -936.745083 -936.747290 -936.749042 -936.750463 -936.751675 -936.752804 -936.753996 -936.755436 -936.757377 -936.760200 -936.764491 -936.771178 -936.781761 -936.798707 -936.826174 -936.871363 -936.947177 -937.077562 -937.308409 -937.729685 -938.519177 -940.025308 -942.915053 -948.423103 -958.769106 -977.964421 -1013.465768 -9999.0 -9999.0
-9999.0 -9999.0 -907.715444 -915.987169 -920.476964 -925.574075 -930.095783 -933.251577 -935.227953 -933.037395 -901.649622 -899.059274 -909.491720 -911.281617 -892.733039 -836.281159 -768.648620 -722.276768 -703.286566 -709.086458 -731.168296 -761.426052 -794.117738 -825.683185 -854.133448 -878.309552 -897.496330 -911.611355 -921.273905 -927.498680 -931.322032 -933.585785 -934.886223 -935.609392 -935.988775 -936.153821 -936.181184 -936.299021 -937.004964 -936.518913 -934.403167 -944.924308 -634.747706 -620.685613 -607.105817 -599.150148 -595.487903 -594.977144 -594.937481 -594.980647 -595.042213 -595.106298 -595.167684 -595.224418 -595.275928 -595.324736 -595.398954 -595.756048 -597.820824 -602.972171 -612.086938 -618.389025 -939.868161 -940.351592 -937.751789 -936.879905 -936.701855 -936.682162 -936.692613 -936.706452 -936.718170 -936.727096 -936.733693 -936.738585 -936.742266 -936.745083 -936.747290 -936.749042 -936.750463 -936.751675 -936.752804 -936.753996 -936.755436 -936.757377 -936.760200 -936.764491 -936.771178 -936.781761 -936.798707 -936.826174 -936.871363 -936.947177 -937.077562 -937.308409 -937.729685 -938.519177 -940.025308 -942.915053 -948.423103 -958.769106 -977.964421 -1013.465768 -9999.0 -9999.0
-9999.0 -9999.0 -907.715508 -915.987265 -920.477049 -925.574117 -930.095794 -933.251577 -935.227950 -933.037393 -901.649622 -899.059274 -909.491720 -911.281617 -892.733039 -836.281159 -768.648620 -722.276768 -703.286566 -709.086458 -731.168296 -761.426052 -794.117738 -825.683185 -854.133448 -878.309552 -897.496330 -911.611355 -921.273905 -927.498680 -931.322032 -933.585785 -934.886223 -935.609392 -935.988775 -936.153821 -936.181184 -936.299021 -937.004964 -936.518913 -934.403167 -944.924308 -634.747706 -620.685613 -607.105817 -599.150149 -595.487903 -594.977144 -594.937481 -594.980647 -595.042213 -595.106298 -595.167684 -595.224418 -595.275928 -595.324736 -595.398954 -595.756048 -597.820824 -602.972171 -612.086938 -618.389025 -939.868161 -940.351592 -937.751789 -936.879905 -936.701855 -936.682162 -936.692613 -936.706452 -936.718170 -936.727096 -936.733693 -936.738585 -936.742266 -936.745083 -936.747290 -936.749042 -936.750463 -936.751675 -936.752804 -936.753996 -936.755436 -936.757377 -936.760200 -936.764491 -936.771178 -936.781761 -936.798707 -936.826174 -936.871363 -936.947177 -937.077562 -937.308409 -937.729685 -938.519177 -940.025308 -942.915053 -948.423103 -958.769106 -977.964421 -1013.465768 -9999.0 -9999.0
-9999.0 -9999.0 -907.715675 -915.987461 -920.477187 -925.574177 -930.095810 -933.251577 -935.227947 -933.037390 -901.649621 -899.059274 -909.491720 -911.281617 -892.733039 -836.281159 -768.648620 -722.276768 -703.286566 -709.086458 -731.168296 -761.426052 -794.117738 -825.683185 -854.133448 -878.309552 -897.496330 -911.611355 -921.273905 -927.498680 -931.322032 -933.585785 -934.886223 -935.609392 -935.988775 -936.153821 -936.181184 -936.299021 -937.004964 -936.518913 -934.403167 -944.924308 -634.747706 -620.685613 -607.105817 -599.150149 -595.487903 -594.977144 -594.937481 -594.980647 -595.042213 -595.106298 -595.167684 -595.224418 -595.275928 -595.324736 -595.398954 -595.756048 -597.820824 -602.972171 -612.086938 -618.389025 -939.868161 -940.351592 -937.751789 -936.879905 -936.701855 -936.682162 -936.692613 -936.706452 -936.718170 -936.727096 -936.733693 -936.738585 -936.742266 -936.745083 -936.747290 -936.749042 -936.750463 -936.751675 -936.752804 -936.753996 -936.755436 -936.757377 -936.760200 -936.764491 -936.771178 -936.781761 -936.798707 -936.826174 -936.871363 -936.947177 -937.077562 -937.308409 -937.729685 -938.519177 -940.025308 -942.915053 -948.423103 -958.769106 -977.964421 -1013.465768 -9999.0 -9999.0
-9999.0 -9999.0 -9999.0 -9999.0 -9999.0 -9999.0 -9999.0 -9999.0 -9999.0 -9999.0 -9999.0 -9999.0 -9999.0 -9999.0 -9999.0 -9999.0 -9999.0 -9999.0 -9999.0 -9999.0 -9999.0 -9999.0 -9999.0 -9999.0 -9999.0 -9999.0 -9999.0 -9999.0 -9999.0 -9999.0 -9999.0 -9999.0 -9999.0 -9999.0 -9999.0 -9999.0 -9999.0 -9999.0 -9999.0 -9999.0 -9999.0 -9999.0 -9999.0 -9999.0 -9999.0 -9999.0 -9999.0 -9999.0 -9999.0 -9999.0 -9999.0 -9999.0 -9999.0 -9999.0 -9999.0 -9999.0 -9999.0 -9999.0 -9999.0 -9999.0 -9999.0 -9999.0 -9999.0 -9999.0 -9999.0 -9999.0 -9999.0 -9999.0 -9999.0 -9999.0 -9999.0 -9999.0 -9999.0 -9999.0 -9999.0 -9999.0 -9999.0 -9999.0 -9999.0 -9999.0 -9999.0 -9999.0 -9999.0 -9999.0 -9999.0 -9999.0 -9999.0 -9999.0 -9999.0 -9999.0 -9999.0 -9999.0 -9999.0 -9999.0 -9999.0 -9999.0 -9999.0 -9999.0 -9999.0 -9999.0 -9999.0 -9999.0 -9999.0 -9999.0
-9999.0 -9999.0 -9999.0 -9999.0 -9999.0 -9999.0 -9999.0 -9999.0 -9999.0 -9999.0 -9999.0 -9999.0 -9999.0 -9999.0 -9999.0 -9999.0 -9999.0 -9999.0 -9999.0 -9999.0 -9999.0 -9999.0 -9999.0 -9999.0 -9999.0 -9999.0 -9999.0 -9999.0 -9999.0 -9999.0 -9999.0 -9999.0 -9999.0 -9999.0 -9999.0 -9999.0 -9999.0 -9999.0 -9999.0 -9999.0 -9999.0 -9999.0 -9999.0 -9999.0 -9999.0 -9999.0 -9999.0 -9999.0 -9999.0 -9999.0 -9999.0 -9999.0 -9999.0 -9999.0 -9999.0 -9999.0 -9999.0 -9999.0 -9999.0 -9999.0 -9999.0 -9999.0 -9999.0 -9999.0 -9999.0 -9999.0 -9999.0 -9999.0 -9999.0 -9999.0 -9999.0 -9999.0 -9999.0 -9999.0 -9999.0 -9999.0 -9999.0 -9999.0 -9999.0 -9999.0 -9999.0 -9999.0 -9999.0 -9999.0 -9999.0 -9999.0 -9999.0 -9999.0 -9999.0 -9999.0 -9999.0 -9999.0 -9999.0 -9999.0 -9999.0 -9999.0 -9999.0 -9999.0 -9999.0 -9999.0 -9999.0 -9999.0 -9999.0 -9999.0