inst/processing_geotop_simulation/geotop_simulation/out/maps3D/PwL0001N0403.asc
ncols         104
nrows         10
xllcorner     -2.000000
yllcorner     0.000000
cellsize      1.000000
NODATA_value  -9999.0
-9999.0 -9999.0 -9999.0 -9999.0 -9999.0 -9999.0 -9999.0 -9999.0 -9999.0 -9999.0 -9999.0 -9999.0 -9999.0 -9999.0 -9999.0 -9999.0 -9999.0 -9999.0 -9999.0 -9999.0 -9999.0 -9999.0 -9999.0 -9999.0 -9999.0 -9999.0 -9999.0 -9999.0 -9999.0 -9999.0 -9999.0 -9999.0 -9999.0 -9999.0 -9999.0 -9999.0 -9999.0 -9999.0 -9999.0 -9999.0 -9999.0 -9999.0 -9999.0 -9999.0 -9999.0 -9999.0 -9999.0 -9999.0 -9999.0 -9999.0 -9999.0 -9999.0 -9999.0 -9999.0 -9999.0 -9999.0 -9999.0 -9999.0 -9999.0 -9999.0 -9999.0 -9999.0 -9999.0 -9999.0 -9999.0 -9999.0 -9999.0 -9999.0 -9999.0 -9999.0 -9999.0 -9999.0 -9999.0 -9999.0 -9999.0 -9999.0 -9999.0 -9999.0 -9999.0 -9999.0 -9999.0 -9999.0 -9999.0 -9999.0 -9999.0 -9999.0 -9999.0 -9999.0 -9999.0 -9999.0 -9999.0 -9999.0 -9999.0 -9999.0 -9999.0 -9999.0 -9999.0 -9999.0 -9999.0 -9999.0 -9999.0 -9999.0 -9999.0 -9999.0
-9999.0 -9999.0 -9999.0 -9999.0 -9999.0 -9999.0 -9999.0 -9999.0 -9999.0 -9999.0 -9999.0 -9999.0 -9999.0 -9999.0 -9999.0 -9999.0 -9999.0 -9999.0 -9999.0 -9999.0 -9999.0 -9999.0 -9999.0 -9999.0 -9999.0 -9999.0 -9999.0 -9999.0 -9999.0 -9999.0 -9999.0 -9999.0 -9999.0 -9999.0 -9999.0 -9999.0 -9999.0 -9999.0 -9999.0 -9999.0 -9999.0 -9999.0 -9999.0 -9999.0 -9999.0 -9999.0 -9999.0 -9999.0 -9999.0 -9999.0 -9999.0 -9999.0 -9999.0 -9999.0 -9999.0 -9999.0 -9999.0 -9999.0 -9999.0 -9999.0 -9999.0 -9999.0 -9999.0 -9999.0 -9999.0 -9999.0 -9999.0 -9999.0 -9999.0 -9999.0 -9999.0 -9999.0 -9999.0 -9999.0 -9999.0 -9999.0 -9999.0 -9999.0 -9999.0 -9999.0 -9999.0 -9999.0 -9999.0 -9999.0 -9999.0 -9999.0 -9999.0 -9999.0 -9999.0 -9999.0 -9999.0 -9999.0 -9999.0 -9999.0 -9999.0 -9999.0 -9999.0 -9999.0 -9999.0 -9999.0 -9999.0 -9999.0 -9999.0 -9999.0
-9999.0 -9999.0 26.080160 -71.387212 -170.237053 -269.385697 -368.643347 -467.939509 -567.238695 -666.513011 -765.721849 -864.836259 -963.830482 -1062.669573 -1161.464115 -1260.183455 -1358.553101 -1456.342061 -1553.117247 -1648.051780 -1739.586521 -1825.073085 -1901.226283 -1965.476962 -2016.974377 -2056.531155 -2085.936887 -2107.266347 -2122.452708 -2133.109771 -2140.502422 -2145.583017 -2149.048668 -2151.398952 -2152.986477 -2154.059710 -2154.805196 -2155.422894 -2156.347992 -2158.605351 -2159.592915 -2093.750700 -1288.313009 -1284.425218 -1274.549084 -1268.031943 -1264.963108 -1264.477100 -1264.423841 -1264.428444 -1264.441401 -1264.455389 -1264.468843 -1264.481309 -1264.492927 -1264.506851 -1264.552092 -1264.848346 -1266.501595 -1270.141228 -1275.018922 -1271.756090 -2069.817636 -2153.787354 -2157.171847 -2156.563407 -2156.354491 -2156.312738 -2156.305982 -2156.305367 -2156.305716 -2156.306137 -2156.306489 -2156.306764 -2156.306978 -2156.307147 -2156.307283 -2156.307395 -2156.307491 -2156.307579 -2156.307667 -2156.307764 -2156.307886 -2156.308052 -2156.308294 -2156.308661 -2156.309234 -2156.310149 -2156.311641 -2156.314124 -2156.318364 -2156.325813 -2156.339303 -2156.364485 -2156.412884 -2156.508781 -2156.706045 -2157.133100 -2158.123290 -2160.635401 -2167.824323 -2191.820065 -9999.0 -9999.0
-9999.0 -9999.0 26.091435 -71.385342 -170.236588 -269.385561 -368.643304 -467.939494 -567.238689 -666.513009 -765.721848 -864.836259 -963.830482 -1062.669573 -1161.464115 -1260.183455 -1358.553101 -1456.342061 -1553.117247 -1648.051780 -1739.586521 -1825.073086 -1901.226283 -1965.476962 -2016.974377 -2056.531155 -2085.936887 -2107.266347 -2122.452708 -2133.109771 -2140.502422 -2145.583017 -2149.048668 -2151.398952 -2152.986477 -2154.059710 -2154.805196 -2155.422894 -2156.347992 -2158.605351 -2159.592915 -2093.750700 -1288.313009 -1284.425218 -1274.549084 -1268.031943 -1264.963108 -1264.477100 -1264.423841 -1264.428444 -1264.441401 -1264.455389 -1264.468843 -1264.481309 -1264.492927 -1264.506851 -1264.552092 -1264.848346 -1266.501595 -1270.141228 -1275.018922 -1271.756090 -2069.817636 -2153.787354 -2157.171847 -2156.563407 -2156.354491 -2156.312738 -2156.305982 -2156.305367 -2156.305716 -2156.306137 -2156.306489 -2156.306764 -2156.306978 -2156.307147 -2156.307283 -2156.307395 -2156.307491 -2156.307579 -2156.307667 -2156.307764 -2156.307886 -2156.308052 -2156.308294 -2156.308661 -2156.309234 -2156.310149 -2156.311641 -2156.314124 -2156.318364 -2156.325813 -2156.339303 -2156.364485 -2156.412884 -2156.508781 -2156.706045 -2157.133100 -2158.123290 -2160.635401 -2167.824323 -2191.820065 -9999.0 -9999.0
-9999.0 -9999.0 26.092477 -71.384594 -170.236293 -269.385455 -368.643266 -467.939480 -567.238684 -666.513007 -765.721847 -864.836259 -963.830482 -1062.669573 -1161.464115 -1260.183455 -1358.553101 -1456.342061 -1553.117247 -1648.051781 -1739.586522 -1825.073086 -1901.226283 -1965.476962 -2016.974377 -2056.531155 -2085.936887 -2107.266347 -2122.452708 -2133.109771 -2140.502422 -2145.583017 -2149.048668 -2151.398952 -2152.986477 -2154.059710 -2154.805196 -2155.422894 -2156.347992 -2158.605351 -2159.592915 -2093.750700 -1288.313009 -1284.425218 -1274.549084 -1268.031943 -1264.963108 -1264.477100 -1264.423841 -1264.428444 -1264.441401 -1264.455389 -1264.468843 -1264.481309 -1264.492927 -1264.506851 -1264.552092 -1264.848346 -1266.501595 -1270.141228 -1275.018922 -1271.756090 -2069.817636 -2153.787354 -2157.171847 -2156.563407 -2156.354491 -2156.312738 -2156.305982 -2156.305367 -2156.305716 -2156.306137 -2156.306489 -2156.306764 -2156.306978 -2156.307147 -2156.307283 -2156.307395 -2156.307491 -2156.307579 -2156.307667 -2156.307764 -2156.307886 -2156.308052 -2156.308294 -2156.308661 -2156.309234 -2156.310149 -2156.311641 -2156.314124 -2156.318364 -2156.325813 -2156.339303 -2156.364485 -2156.412884 -2156.508781 -2156.706045 -2157.133100 -2158.123290 -2160.635401 -2167.824323 -2191.820065 -9999.0 -9999.0
-9999.0 -9999.0 26.092477 -71.384594 -170.236293 -269.385455 -368.643266 -467.939481 -567.238684 -666.513007 -765.721847 -864.836259 -963.830482 -1062.669573 -1161.464115 -1260.183455 -1358.553101 -1456.342061 -1553.117247 -1648.051781 -1739.586522 -1825.073086 -1901.226283 -1965.476962 -2016.974377 -2056.531155 -2085.936887 -2107.266347 -2122.452708 -2133.109771 -2140.502422 -2145.583017 -2149.048668 -2151.398952 -2152.986477 -2154.059710 -2154.805196 -2155.422894 -2156.347992 -2158.605351 -2159.592915 -2093.750700 -1288.313009 -1284.425218 -1274.549084 -1268.031943 -1264.963108 -1264.477100 -1264.423841 -1264.428444 -1264.441401 -1264.455389 -1264.468843 -1264.481309 -1264.492927 -1264.506851 -1264.552092 -1264.848346 -1266.501595 -1270.141228 -1275.018922 -1271.756090 -2069.817636 -2153.787354 -2157.171847 -2156.563407 -2156.354491 -2156.312738 -2156.305982 -2156.305367 -2156.305716 -2156.306137 -2156.306489 -2156.306764 -2156.306978 -2156.307147 -2156.307283 -2156.307395 -2156.307491 -2156.307579 -2156.307667 -2156.307764 -2156.307886 -2156.308052 -2156.308294 -2156.308661 -2156.309234 -2156.310149 -2156.311641 -2156.314124 -2156.318364 -2156.325813 -2156.339303 -2156.364485 -2156.412884 -2156.508781 -2156.706045 -2157.133100 -2158.123290 -2160.635401 -2167.824323 -2191.820065 -9999.0 -9999.0
-9999.0 -9999.0 26.091435 -71.385342 -170.236588 -269.385561 -368.643304 -467.939494 -567.238689 -666.513009 -765.721848 -864.836259 -963.830482 -1062.669573 -1161.464115 -1260.183455 -1358.553101 -1456.342061 -1553.117247 -1648.051780 -1739.586521 -1825.073086 -1901.226283 -1965.476962 -2016.974377 -2056.531155 -2085.936887 -2107.266347 -2122.452708 -2133.109771 -2140.502422 -2145.583017 -2149.048668 -2151.398952 -2152.986477 -2154.059710 -2154.805196 -2155.422894 -2156.347992 -2158.605351 -2159.592915 -2093.750700 -1288.313009 -1284.425218 -1274.549084 -1268.031943 -1264.963108 -1264.477100 -1264.423841 -1264.428444 -1264.441401 -1264.455389 -1264.468843 -1264.481309 -1264.492927 -1264.506851 -1264.552092 -1264.848346 -1266.501595 -1270.141228 -1275.018922 -1271.756090 -2069.817636 -2153.787354 -2157.171847 -2156.563407 -2156.354491 -2156.312738 -2156.305982 -2156.305367 -2156.305716 -2156.306137 -2156.306489 -2156.306764 -2156.306978 -2156.307147 -2156.307283 -2156.307395 -2156.307491 -2156.307579 -2156.307667 -2156.307764 -2156.307886 -2156.308052 -2156.308294 -2156.308661 -2156.309234 -2156.310149 -2156.311641 -2156.314124 -2156.318364 -2156.325813 -2156.339303 -2156.364485 -2156.412884 -2156.508781 -2156.706045 -2157.133100 -2158.123290 -2160.635401 -2167.824323 -2191.820065 -9999.0 -9999.0
-9999.0 -9999.0 26.080160 -71.387212 -170.237053 -269.385697 -368.643347 -467.939509 -567.238695 -666.513011 -765.721849 -864.836259 -963.830482 -1062.669573 -1161.464115 -1260.183455 -1358.553101 -1456.342061 -1553.117247 -1648.051780 -1739.586521 -1825.073085 -1901.226283 -1965.476962 -2016.974377 -2056.531155 -2085.936887 -2107.266347 -2122.452708 -2133.109771 -2140.502422 -2145.583017 -2149.048668 -2151.398952 -2152.986477 -2154.059710 -2154.805196 -2155.422894 -2156.347992 -2158.605351 -2159.592915 -2093.750700 -1288.313009 -1284.425218 -1274.549084 -1268.031943 -1264.963108 -1264.477100 -1264.423841 -1264.428444 -1264.441401 -1264.455389 -1264.468843 -1264.481309 -1264.492927 -1264.506851 -1264.552092 -1264.848346 -1266.501595 -1270.141228 -1275.018922 -1271.756090 -2069.817636 -2153.787354 -2157.171847 -2156.563407 -2156.354491 -2156.312738 -2156.305982 -2156.305367 -2156.305716 -2156.306137 -2156.306489 -2156.306764 -2156.306978 -2156.307147 -2156.307283 -2156.307395 -2156.307491 -2156.307579 -2156.307667 -2156.307764 -2156.307886 -2156.308052 -2156.308294 -2156.308661 -2156.309234 -2156.310149 -2156.311641 -2156.314124 -2156.318364 -2156.325813 -2156.339303 -2156.364485 -2156.412884 -2156.508781 -2156.706045 -2157.133100 -2158.123290 -2160.635401 -2167.824323 -2191.820065 -9999.0 -9999.0
-9999.0 -9999.0 -9999.0 -9999.0 -9999.0 -9999.0 -9999.0 -9999.0 -9999.0 -9999.0 -9999.0 -9999.0 -9999.0 -9999.0 -9999.0 -9999.0 -9999.0 -9999.0 -9999.0 -9999.0 -9999.0 -9999.0 -9999.0 -9999.0 -9999.0 -9999.0 -9999.0 -9999.0 -9999.0 -9999.0 -9999.0 -9999.0 -9999.0 -9999.0 -9999.0 -9999.0 -9999.0 -9999.0 -9999.0 -9999.0 -9999.0 -9999.0 -9999.0 -9999.0 -9999.0 -9999.0 -9999.0 -9999.0 -9999.0 -9999.0 -9999.0 -9999.0 -9999.0 -9999.0 -9999.0 -9999.0 -9999.0 -9999.0 -9999.0 -9999.0 -9999.0 -9999.0 -9999.0 -9999.0 -9999.0 -9999.0 -9999.0 -9999.0 -9999.0 -9999.0 -9999.0 -9999.0 -9999.0 -9999.0 -9999.0 -9999.0 -9999.0 -9999.0 -9999.0 -9999.0 -9999.0 -9999.0 -9999.0 -9999.0 -9999.0 -9999.0 -9999.0 -9999.0 -9999.0 -9999.0 -9999.0 -9999.0 -9999.0 -9999.0 -9999.0 -9999.0 -9999.0 -9999.0 -9999.0 -9999.0 -9999.0 -9999.0 -9999.0 -9999.0
-9999.0 -9999.0 -9999.0 -9999.0 -9999.0 -9999.0 -9999.0 -9999.0 -9999.0 -9999.0 -9999.0 -9999.0 -9999.0 -9999.0 -9999.0 -9999.0 -9999.0 -9999.0 -9999.0 -9999.0 -9999.0 -9999.0 -9999.0 -9999.0 -9999.0 -9999.0 -9999.0 -9999.0 -9999.0 -9999.0 -9999.0 -9999.0 -9999.0 -9999.0 -9999.0 -9999.0 -9999.0 -9999.0 -9999.0 -9999.0 -9999.0 -9999.0 -9999.0 -9999.0 -9999.0 -9999.0 -9999.0 -9999.0 -9999.0 -9999.0 -9999.0 -9999.0 -9999.0 -9999.0 -9999.0 -9999.0 -9999.0 -9999.0 -9999.0 -9999.0 -9999.0 -9999.0 -9999.0 -9999.0 -9999.0 -9999.0 -9999.0 -9999.0 -9999.0 -9999.0 -9999.0 -9999.0 -9999.0 -9999.0 -9999.0 -9999.0 -9999.0 -9999.0 -9999.0 -9999.0 -9999.0 -9999.0 -9999.0 -9999.0 -9999.0 -9999.0 -9999.0 -9999.0 -9999.0 -9999.0 -9999.0 -9999.0 -9999.0 -9999.0 -9999.0 -9999.0 -9999.0 -9999.0 -9999.0 -9999.0 -9999.0 -9999.0 -9999.0 -9999.0