inst/processing_geotop_simulation/geotop_simulation/out/maps3D/PwL0009N0291.asc
ncols         104
nrows         10
xllcorner     -2.000000
yllcorner     0.000000
cellsize      1.000000
NODATA_value  -9999.0
-9999.0 -9999.0 -9999.0 -9999.0 -9999.0 -9999.0 -9999.0 -9999.0 -9999.0 -9999.0 -9999.0 -9999.0 -9999.0 -9999.0 -9999.0 -9999.0 -9999.0 -9999.0 -9999.0 -9999.0 -9999.0 -9999.0 -9999.0 -9999.0 -9999.0 -9999.0 -9999.0 -9999.0 -9999.0 -9999.0 -9999.0 -9999.0 -9999.0 -9999.0 -9999.0 -9999.0 -9999.0 -9999.0 -9999.0 -9999.0 -9999.0 -9999.0 -9999.0 -9999.0 -9999.0 -9999.0 -9999.0 -9999.0 -9999.0 -9999.0 -9999.0 -9999.0 -9999.0 -9999.0 -9999.0 -9999.0 -9999.0 -9999.0 -9999.0 -9999.0 -9999.0 -9999.0 -9999.0 -9999.0 -9999.0 -9999.0 -9999.0 -9999.0 -9999.0 -9999.0 -9999.0 -9999.0 -9999.0 -9999.0 -9999.0 -9999.0 -9999.0 -9999.0 -9999.0 -9999.0 -9999.0 -9999.0 -9999.0 -9999.0 -9999.0 -9999.0 -9999.0 -9999.0 -9999.0 -9999.0 -9999.0 -9999.0 -9999.0 -9999.0 -9999.0 -9999.0 -9999.0 -9999.0 -9999.0 -9999.0 -9999.0 -9999.0 -9999.0 -9999.0
-9999.0 -9999.0 -9999.0 -9999.0 -9999.0 -9999.0 -9999.0 -9999.0 -9999.0 -9999.0 -9999.0 -9999.0 -9999.0 -9999.0 -9999.0 -9999.0 -9999.0 -9999.0 -9999.0 -9999.0 -9999.0 -9999.0 -9999.0 -9999.0 -9999.0 -9999.0 -9999.0 -9999.0 -9999.0 -9999.0 -9999.0 -9999.0 -9999.0 -9999.0 -9999.0 -9999.0 -9999.0 -9999.0 -9999.0 -9999.0 -9999.0 -9999.0 -9999.0 -9999.0 -9999.0 -9999.0 -9999.0 -9999.0 -9999.0 -9999.0 -9999.0 -9999.0 -9999.0 -9999.0 -9999.0 -9999.0 -9999.0 -9999.0 -9999.0 -9999.0 -9999.0 -9999.0 -9999.0 -9999.0 -9999.0 -9999.0 -9999.0 -9999.0 -9999.0 -9999.0 -9999.0 -9999.0 -9999.0 -9999.0 -9999.0 -9999.0 -9999.0 -9999.0 -9999.0 -9999.0 -9999.0 -9999.0 -9999.0 -9999.0 -9999.0 -9999.0 -9999.0 -9999.0 -9999.0 -9999.0 -9999.0 -9999.0 -9999.0 -9999.0 -9999.0 -9999.0 -9999.0 -9999.0 -9999.0 -9999.0 -9999.0 -9999.0 -9999.0 -9999.0
-9999.0 -9999.0 424.933910 327.851033 229.768490 131.254474 32.562011 -66.198952 -164.982004 -263.757041 -362.489683 -461.122894 -559.532495 -657.464610 -755.061872 -852.766647 -950.224723 -1047.426826 -1143.424954 -1236.544403 -1325.623618 -1407.766668 -1479.909323 -1540.096867 -1588.004736 -1624.661634 -1651.837311 -1671.488503 -1685.419261 -1695.136623 -1701.825838 -1706.381273 -1709.457174 -1711.520563 -1712.898701 -1713.819760 -1714.451581 -1714.968115 -1715.785506 -1718.386151 -1726.101145 -1725.332560 -1269.959477 -1394.667515 -1353.859802 -1328.190032 -1316.435156 -1314.815705 -1314.648717 -1314.665563 -1314.708636 -1314.754865 -1314.799267 -1314.840370 -1314.878456 -1314.922248 -1315.056333 -1315.986675 -1322.081521 -1335.908322 -1354.528028 -1212.626796 -1694.225764 -1719.197642 -1716.986855 -1715.975050 -1715.765459 -1715.730186 -1715.725068 -1715.724878 -1715.725416 -1715.725961 -1715.726401 -1715.726742 -1715.727004 -1715.727210 -1715.727374 -1715.727508 -1715.727621 -1715.727723 -1715.727824 -1715.727937 -1715.728078 -1715.728273 -1715.728558 -1715.728994 -1715.729679 -1715.730774 -1715.732558 -1715.735522 -1715.740563 -1715.749376 -1715.765253 -1715.794722 -1715.850996 -1715.961507 -1716.185839 -1716.662491 -1717.740390 -1720.382246 -1727.619520 -1751.045917 -9999.0 -9999.0
-9999.0 -9999.0 424.940526 327.852793 229.768972 131.254619 32.562058 -66.198936 -164.981998 -263.757038 -362.489682 -461.122893 -559.532495 -657.464610 -755.061872 -852.766647 -950.224723 -1047.426827 -1143.424954 -1236.544403 -1325.623618 -1407.766668 -1479.909324 -1540.096867 -1588.004736 -1624.661634 -1651.837311 -1671.488503 -1685.419261 -1695.136623 -1701.825838 -1706.381273 -1709.457174 -1711.520563 -1712.898701 -1713.819760 -1714.451581 -1714.968115 -1715.785506 -1718.386151 -1726.101145 -1725.332560 -1269.959477 -1394.667515 -1353.859802 -1328.190031 -1316.435157 -1314.815705 -1314.648717 -1314.665563 -1314.708636 -1314.754865 -1314.799267 -1314.840370 -1314.878456 -1314.922248 -1315.056333 -1315.986675 -1322.081521 -1335.908322 -1354.528028 -1212.626796 -1694.225764 -1719.197642 -1716.986855 -1715.975050 -1715.765459 -1715.730186 -1715.725068 -1715.724878 -1715.725416 -1715.725961 -1715.726401 -1715.726742 -1715.727004 -1715.727210 -1715.727374 -1715.727508 -1715.727621 -1715.727723 -1715.727824 -1715.727937 -1715.728078 -1715.728273 -1715.728558 -1715.728994 -1715.729679 -1715.730774 -1715.732558 -1715.735522 -1715.740563 -1715.749376 -1715.765253 -1715.794722 -1715.850996 -1715.961507 -1716.185839 -1716.662491 -1717.740390 -1720.382246 -1727.619520 -1751.045917 -9999.0 -9999.0
-9999.0 -9999.0 424.941989 327.853568 229.769283 131.254733 32.562098 -66.198922 -164.981993 -263.757036 -362.489681 -461.122893 -559.532495 -657.464610 -755.061872 -852.766647 -950.224723 -1047.426827 -1143.424954 -1236.544403 -1325.623618 -1407.766668 -1479.909324 -1540.096867 -1588.004736 -1624.661635 -1651.837312 -1671.488503 -1685.419261 -1695.136623 -1701.825838 -1706.381273 -1709.457174 -1711.520563 -1712.898701 -1713.819760 -1714.451581 -1714.968115 -1715.785506 -1718.386151 -1726.101145 -1725.332560 -1269.959477 -1394.667515 -1353.859802 -1328.190031 -1316.435156 -1314.815705 -1314.648717 -1314.665563 -1314.708636 -1314.754865 -1314.799267 -1314.840370 -1314.878456 -1314.922248 -1315.056333 -1315.986675 -1322.081521 -1335.908322 -1354.528028 -1212.626796 -1694.225764 -1719.197642 -1716.986855 -1715.975050 -1715.765459 -1715.730186 -1715.725068 -1715.724878 -1715.725416 -1715.725961 -1715.726401 -1715.726742 -1715.727004 -1715.727210 -1715.727374 -1715.727508 -1715.727621 -1715.727723 -1715.727824 -1715.727937 -1715.728078 -1715.728273 -1715.728558 -1715.728994 -1715.729679 -1715.730774 -1715.732558 -1715.735522 -1715.740563 -1715.749376 -1715.765253 -1715.794722 -1715.850996 -1715.961507 -1716.185839 -1716.662491 -1717.740390 -1720.382246 -1727.619520 -1751.045917 -9999.0 -9999.0
-9999.0 -9999.0 424.941989 327.853568 229.769283 131.254733 32.562098 -66.198922 -164.981993 -263.757036 -362.489681 -461.122893 -559.532495 -657.464610 -755.061872 -852.766648 -950.224723 -1047.426827 -1143.424954 -1236.544403 -1325.623618 -1407.766668 -1479.909324 -1540.096867 -1588.004736 -1624.661635 -1651.837312 -1671.488503 -1685.419261 -1695.136623 -1701.825838 -1706.381273 -1709.457174 -1711.520563 -1712.898701 -1713.819760 -1714.451581 -1714.968115 -1715.785506 -1718.386151 -1726.101145 -1725.332560 -1269.959477 -1394.667515 -1353.859802 -1328.190031 -1316.435156 -1314.815705 -1314.648717 -1314.665563 -1314.708636 -1314.754865 -1314.799267 -1314.840370 -1314.878456 -1314.922248 -1315.056333 -1315.986675 -1322.081521 -1335.908322 -1354.528028 -1212.626796 -1694.225764 -1719.197642 -1716.986855 -1715.975050 -1715.765459 -1715.730186 -1715.725068 -1715.724878 -1715.725416 -1715.725961 -1715.726401 -1715.726742 -1715.727004 -1715.727210 -1715.727374 -1715.727508 -1715.727621 -1715.727723 -1715.727824 -1715.727937 -1715.728078 -1715.728273 -1715.728558 -1715.728994 -1715.729679 -1715.730774 -1715.732558 -1715.735522 -1715.740563 -1715.749376 -1715.765253 -1715.794722 -1715.850996 -1715.961507 -1716.185839 -1716.662491 -1717.740390 -1720.382246 -1727.619520 -1751.045917 -9999.0 -9999.0
-9999.0 -9999.0 424.940526 327.852793 229.768972 131.254619 32.562058 -66.198936 -164.981998 -263.757038 -362.489682 -461.122893 -559.532495 -657.464610 -755.061872 -852.766647 -950.224723 -1047.426827 -1143.424954 -1236.544403 -1325.623618 -1407.766668 -1479.909324 -1540.096867 -1588.004736 -1624.661634 -1651.837311 -1671.488503 -1685.419261 -1695.136623 -1701.825838 -1706.381273 -1709.457174 -1711.520563 -1712.898701 -1713.819760 -1714.451581 -1714.968115 -1715.785506 -1718.386151 -1726.101145 -1725.332560 -1269.959477 -1394.667515 -1353.859802 -1328.190031 -1316.435157 -1314.815705 -1314.648717 -1314.665563 -1314.708636 -1314.754865 -1314.799267 -1314.840370 -1314.878456 -1314.922248 -1315.056333 -1315.986675 -1322.081521 -1335.908322 -1354.528028 -1212.626796 -1694.225764 -1719.197642 -1716.986855 -1715.975050 -1715.765459 -1715.730186 -1715.725068 -1715.724878 -1715.725416 -1715.725961 -1715.726401 -1715.726742 -1715.727004 -1715.727210 -1715.727374 -1715.727508 -1715.727621 -1715.727723 -1715.727824 -1715.727937 -1715.728078 -1715.728273 -1715.728558 -1715.728994 -1715.729679 -1715.730774 -1715.732558 -1715.735522 -1715.740563 -1715.749376 -1715.765253 -1715.794722 -1715.850996 -1715.961507 -1716.185839 -1716.662491 -1717.740390 -1720.382246 -1727.619520 -1751.045917 -9999.0 -9999.0
-9999.0 -9999.0 424.933910 327.851033 229.768490 131.254474 32.562011 -66.198952 -164.982004 -263.757041 -362.489683 -461.122894 -559.532495 -657.464610 -755.061872 -852.766647 -950.224723 -1047.426826 -1143.424954 -1236.544403 -1325.623618 -1407.766668 -1479.909323 -1540.096867 -1588.004736 -1624.661634 -1651.837311 -1671.488503 -1685.419261 -1695.136623 -1701.825838 -1706.381273 -1709.457174 -1711.520563 -1712.898701 -1713.819760 -1714.451581 -1714.968115 -1715.785506 -1718.386151 -1726.101145 -1725.332560 -1269.959477 -1394.667515 -1353.859802 -1328.190032 -1316.435156 -1314.815705 -1314.648717 -1314.665563 -1314.708636 -1314.754865 -1314.799267 -1314.840370 -1314.878456 -1314.922248 -1315.056333 -1315.986675 -1322.081521 -1335.908322 -1354.528028 -1212.626796 -1694.225764 -1719.197642 -1716.986855 -1715.975050 -1715.765459 -1715.730186 -1715.725068 -1715.724878 -1715.725416 -1715.725961 -1715.726401 -1715.726742 -1715.727004 -1715.727210 -1715.727374 -1715.727508 -1715.727621 -1715.727723 -1715.727824 -1715.727937 -1715.728078 -1715.728273 -1715.728558 -1715.728994 -1715.729679 -1715.730774 -1715.732558 -1715.735522 -1715.740563 -1715.749376 -1715.765253 -1715.794722 -1715.850996 -1715.961507 -1716.185839 -1716.662491 -1717.740390 -1720.382246 -1727.619520 -1751.045917 -9999.0 -9999.0
-9999.0 -9999.0 -9999.0 -9999.0 -9999.0 -9999.0 -9999.0 -9999.0 -9999.0 -9999.0 -9999.0 -9999.0 -9999.0 -9999.0 -9999.0 -9999.0 -9999.0 -9999.0 -9999.0 -9999.0 -9999.0 -9999.0 -9999.0 -9999.0 -9999.0 -9999.0 -9999.0 -9999.0 -9999.0 -9999.0 -9999.0 -9999.0 -9999.0 -9999.0 -9999.0 -9999.0 -9999.0 -9999.0 -9999.0 -9999.0 -9999.0 -9999.0 -9999.0 -9999.0 -9999.0 -9999.0 -9999.0 -9999.0 -9999.0 -9999.0 -9999.0 -9999.0 -9999.0 -9999.0 -9999.0 -9999.0 -9999.0 -9999.0 -9999.0 -9999.0 -9999.0 -9999.0 -9999.0 -9999.0 -9999.0 -9999.0 -9999.0 -9999.0 -9999.0 -9999.0 -9999.0 -9999.0 -9999.0 -9999.0 -9999.0 -9999.0 -9999.0 -9999.0 -9999.0 -9999.0 -9999.0 -9999.0 -9999.0 -9999.0 -9999.0 -9999.0 -9999.0 -9999.0 -9999.0 -9999.0 -9999.0 -9999.0 -9999.0 -9999.0 -9999.0 -9999.0 -9999.0 -9999.0 -9999.0 -9999.0 -9999.0 -9999.0 -9999.0 -9999.0
-9999.0 -9999.0 -9999.0 -9999.0 -9999.0 -9999.0 -9999.0 -9999.0 -9999.0 -9999.0 -9999.0 -9999.0 -9999.0 -9999.0 -9999.0 -9999.0 -9999.0 -9999.0 -9999.0 -9999.0 -9999.0 -9999.0 -9999.0 -9999.0 -9999.0 -9999.0 -9999.0 -9999.0 -9999.0 -9999.0 -9999.0 -9999.0 -9999.0 -9999.0 -9999.0 -9999.0 -9999.0 -9999.0 -9999.0 -9999.0 -9999.0 -9999.0 -9999.0 -9999.0 -9999.0 -9999.0 -9999.0 -9999.0 -9999.0 -9999.0 -9999.0 -9999.0 -9999.0 -9999.0 -9999.0 -9999.0 -9999.0 -9999.0 -9999.0 -9999.0 -9999.0 -9999.0 -9999.0 -9999.0 -9999.0 -9999.0 -9999.0 -9999.0 -9999.0 -9999.0 -9999.0 -9999.0 -9999.0 -9999.0 -9999.0 -9999.0 -9999.0 -9999.0 -9999.0 -9999.0 -9999.0 -9999.0 -9999.0 -9999.0 -9999.0 -9999.0 -9999.0 -9999.0 -9999.0 -9999.0 -9999.0 -9999.0 -9999.0 -9999.0 -9999.0 -9999.0 -9999.0 -9999.0 -9999.0 -9999.0 -9999.0 -9999.0 -9999.0 -9999.0