inst/processing_geotop_simulation/geotop_simulation/out/maps3D/PwL0007N0009.asc
ncols         104
nrows         10
xllcorner     -2.000000
yllcorner     0.000000
cellsize      1.000000
NODATA_value  -9999.0
-9999.0 -9999.0 -9999.0 -9999.0 -9999.0 -9999.0 -9999.0 -9999.0 -9999.0 -9999.0 -9999.0 -9999.0 -9999.0 -9999.0 -9999.0 -9999.0 -9999.0 -9999.0 -9999.0 -9999.0 -9999.0 -9999.0 -9999.0 -9999.0 -9999.0 -9999.0 -9999.0 -9999.0 -9999.0 -9999.0 -9999.0 -9999.0 -9999.0 -9999.0 -9999.0 -9999.0 -9999.0 -9999.0 -9999.0 -9999.0 -9999.0 -9999.0 -9999.0 -9999.0 -9999.0 -9999.0 -9999.0 -9999.0 -9999.0 -9999.0 -9999.0 -9999.0 -9999.0 -9999.0 -9999.0 -9999.0 -9999.0 -9999.0 -9999.0 -9999.0 -9999.0 -9999.0 -9999.0 -9999.0 -9999.0 -9999.0 -9999.0 -9999.0 -9999.0 -9999.0 -9999.0 -9999.0 -9999.0 -9999.0 -9999.0 -9999.0 -9999.0 -9999.0 -9999.0 -9999.0 -9999.0 -9999.0 -9999.0 -9999.0 -9999.0 -9999.0 -9999.0 -9999.0 -9999.0 -9999.0 -9999.0 -9999.0 -9999.0 -9999.0 -9999.0 -9999.0 -9999.0 -9999.0 -9999.0 -9999.0 -9999.0 -9999.0 -9999.0 -9999.0
-9999.0 -9999.0 -9999.0 -9999.0 -9999.0 -9999.0 -9999.0 -9999.0 -9999.0 -9999.0 -9999.0 -9999.0 -9999.0 -9999.0 -9999.0 -9999.0 -9999.0 -9999.0 -9999.0 -9999.0 -9999.0 -9999.0 -9999.0 -9999.0 -9999.0 -9999.0 -9999.0 -9999.0 -9999.0 -9999.0 -9999.0 -9999.0 -9999.0 -9999.0 -9999.0 -9999.0 -9999.0 -9999.0 -9999.0 -9999.0 -9999.0 -9999.0 -9999.0 -9999.0 -9999.0 -9999.0 -9999.0 -9999.0 -9999.0 -9999.0 -9999.0 -9999.0 -9999.0 -9999.0 -9999.0 -9999.0 -9999.0 -9999.0 -9999.0 -9999.0 -9999.0 -9999.0 -9999.0 -9999.0 -9999.0 -9999.0 -9999.0 -9999.0 -9999.0 -9999.0 -9999.0 -9999.0 -9999.0 -9999.0 -9999.0 -9999.0 -9999.0 -9999.0 -9999.0 -9999.0 -9999.0 -9999.0 -9999.0 -9999.0 -9999.0 -9999.0 -9999.0 -9999.0 -9999.0 -9999.0 -9999.0 -9999.0 -9999.0 -9999.0 -9999.0 -9999.0 -9999.0 -9999.0 -9999.0 -9999.0 -9999.0 -9999.0 -9999.0 -9999.0
-9999.0 -9999.0 329.222162 244.930795 163.783358 83.392482 1.115306 -83.423606 -166.018841 -230.675931 -322.855290 -371.746952 -395.476487 -365.566814 -295.575599 -173.707241 -35.558432 115.339598 76.518168 28.980985 -20.011156 -68.625386 -115.529311 -159.608170 -190.518465 -210.746979 -223.635544 -231.582071 -236.253111 -238.865514 -240.346271 -241.350935 -242.368209 -243.771404 -245.852141 -248.856421 -253.024573 -258.443147 -264.294132 -269.463772 -269.391323 -251.564710 -3700.040082 -4628.707886 -4628.712865 -4628.712863 -4628.712862 -4628.712862 -4628.712862 -4628.712862 -4628.712862 -4628.712862 -4628.712862 -4628.712862 -4628.712862 -4628.712862 -4628.712862 -4628.712862 -4628.712862 -4628.712862 -4628.705633 -3610.791910 269.756816 189.454876 112.200908 36.362433 -37.609159 -106.763466 -166.957117 -214.998430 -250.210137 -274.686867 -290.872475 -301.931588 -309.131499 -314.079173 -317.609465 -320.381387 -322.759710 -325.065165 -327.266766 -329.341484 -331.398352 -333.513439 -335.745820 -338.168431 -340.861355 -343.314362 -345.776523 -348.504291 -351.534446 -354.888683 -359.174378 -365.131177 -373.794110 -386.717273 -406.378302 -435.047199 -478.306249 -550.472048 -671.171616 -868.055863 -9999.0 -9999.0
-9999.0 -9999.0 329.311883 244.962168 163.794429 83.396666 1.116980 -83.422940 -166.018593 -230.675859 -322.855258 -371.746941 -395.476483 -365.566812 -295.575598 -173.707241 -35.558432 115.339598 76.518168 28.980986 -20.011156 -68.625386 -115.529311 -159.608169 -190.518464 -210.746978 -223.635543 -231.582070 -236.253110 -238.865513 -240.346271 -241.350935 -242.368209 -243.771403 -245.852140 -248.856421 -253.024573 -258.443147 -264.294132 -269.463772 -269.391323 -251.564710 -3700.040082 -4628.707886 -4628.712865 -4628.712863 -4628.712862 -4628.712862 -4628.712862 -4628.712862 -4628.712862 -4628.712862 -4628.712862 -4628.712862 -4628.712862 -4628.712862 -4628.712862 -4628.712862 -4628.712862 -4628.712862 -4628.705633 -3610.791910 269.756816 189.454877 112.200908 36.362433 -37.609159 -106.763466 -166.957117 -214.998430 -250.210137 -274.686867 -290.872475 -301.931588 -309.131499 -314.079173 -317.609465 -320.381387 -322.759710 -325.065165 -327.266766 -329.341484 -331.398352 -333.513439 -335.745820 -338.168431 -340.861355 -343.314362 -345.776523 -348.504291 -351.534446 -354.888683 -359.174378 -365.131177 -373.794110 -386.717273 -406.378302 -435.047199 -478.306249 -550.472048 -671.171615 -868.055864 -9999.0 -9999.0
-9999.0 -9999.0 329.338123 244.978482 163.802264 83.400148 1.118499 -83.422307 -166.018351 -230.675787 -322.855227 -371.746931 -395.476478 -365.566809 -295.575598 -173.707241 -35.558432 115.339598 76.518168 28.980986 -20.011155 -68.625386 -115.529311 -159.608169 -190.518464 -210.746978 -223.635543 -231.582070 -236.253110 -238.865513 -240.346271 -241.350935 -242.368209 -243.771403 -245.852140 -248.856421 -253.024573 -258.443147 -264.294132 -269.463772 -269.391323 -251.564710 -3700.040082 -4628.707886 -4628.712865 -4628.712863 -4628.712862 -4628.712862 -4628.712862 -4628.712862 -4628.712862 -4628.712862 -4628.712862 -4628.712862 -4628.712862 -4628.712862 -4628.712862 -4628.712862 -4628.712862 -4628.712862 -4628.705633 -3610.791910 269.756816 189.454876 112.200908 36.362433 -37.609159 -106.763466 -166.957117 -214.998430 -250.210137 -274.686867 -290.872475 -301.931588 -309.131499 -314.079173 -317.609465 -320.381387 -322.759710 -325.065165 -327.266766 -329.341484 -331.398352 -333.513439 -335.745820 -338.168431 -340.861355 -343.314362 -345.776523 -348.504291 -351.534446 -354.888683 -359.174378 -365.131177 -373.794110 -386.717273 -406.378302 -435.047199 -478.306249 -550.472048 -671.171616 -868.055862 -9999.0 -9999.0
-9999.0 -9999.0 329.338123 244.978482 163.802264 83.400148 1.118499 -83.422307 -166.018351 -230.675787 -322.855227 -371.746931 -395.476478 -365.566809 -295.575598 -173.707241 -35.558432 115.339598 76.518168 28.980986 -20.011155 -68.625386 -115.529311 -159.608169 -190.518464 -210.746978 -223.635543 -231.582070 -236.253110 -238.865513 -240.346271 -241.350935 -242.368209 -243.771403 -245.852140 -248.856421 -253.024573 -258.443147 -264.294132 -269.463772 -269.391323 -251.564710 -3700.040082 -4628.707886 -4628.712865 -4628.712863 -4628.712862 -4628.712862 -4628.712862 -4628.712862 -4628.712862 -4628.712862 -4628.712862 -4628.712862 -4628.712862 -4628.712862 -4628.712862 -4628.712862 -4628.712862 -4628.712862 -4628.705633 -3610.791910 269.756816 189.454877 112.200908 36.362433 -37.609159 -106.763466 -166.957117 -214.998430 -250.210137 -274.686867 -290.872475 -301.931588 -309.131499 -314.079173 -317.609465 -320.381387 -322.759710 -325.065165 -327.266766 -329.341484 -331.398352 -333.513439 -335.745820 -338.168431 -340.861355 -343.314362 -345.776523 -348.504291 -351.534446 -354.888683 -359.174378 -365.131177 -373.794110 -386.717273 -406.378302 -435.047199 -478.306249 -550.472048 -671.171615 -868.055863 -9999.0 -9999.0
-9999.0 -9999.0 329.311883 244.962168 163.794429 83.396666 1.116980 -83.422940 -166.018593 -230.675859 -322.855258 -371.746941 -395.476483 -365.566812 -295.575598 -173.707241 -35.558432 115.339598 76.518168 28.980986 -20.011156 -68.625386 -115.529311 -159.608169 -190.518464 -210.746978 -223.635543 -231.582070 -236.253110 -238.865513 -240.346271 -241.350935 -242.368209 -243.771403 -245.852140 -248.856421 -253.024573 -258.443147 -264.294132 -269.463772 -269.391323 -251.564710 -3700.040082 -4628.707886 -4628.712865 -4628.712863 -4628.712862 -4628.712862 -4628.712862 -4628.712862 -4628.712862 -4628.712862 -4628.712862 -4628.712862 -4628.712862 -4628.712862 -4628.712862 -4628.712862 -4628.712862 -4628.712862 -4628.705633 -3610.791910 269.756816 189.454876 112.200908 36.362433 -37.609159 -106.763466 -166.957117 -214.998430 -250.210137 -274.686867 -290.872475 -301.931588 -309.131499 -314.079173 -317.609465 -320.381387 -322.759710 -325.065165 -327.266766 -329.341484 -331.398352 -333.513439 -335.745820 -338.168431 -340.861355 -343.314362 -345.776523 -348.504291 -351.534446 -354.888683 -359.174378 -365.131177 -373.794110 -386.717273 -406.378302 -435.047199 -478.306249 -550.472048 -671.171616 -868.055863 -9999.0 -9999.0
-9999.0 -9999.0 329.222162 244.930795 163.783358 83.392482 1.115306 -83.423606 -166.018841 -230.675931 -322.855290 -371.746952 -395.476487 -365.566814 -295.575599 -173.707241 -35.558432 115.339598 76.518168 28.980985 -20.011156 -68.625386 -115.529311 -159.608170 -190.518465 -210.746979 -223.635544 -231.582071 -236.253111 -238.865514 -240.346271 -241.350935 -242.368209 -243.771404 -245.852141 -248.856421 -253.024573 -258.443147 -264.294132 -269.463772 -269.391323 -251.564710 -3700.040082 -4628.707886 -4628.712865 -4628.712863 -4628.712862 -4628.712862 -4628.712862 -4628.712862 -4628.712862 -4628.712862 -4628.712862 -4628.712862 -4628.712862 -4628.712862 -4628.712862 -4628.712862 -4628.712862 -4628.712862 -4628.705633 -3610.791910 269.756816 189.454877 112.200908 36.362433 -37.609159 -106.763466 -166.957117 -214.998430 -250.210137 -274.686867 -290.872475 -301.931588 -309.131499 -314.079173 -317.609465 -320.381387 -322.759710 -325.065165 -327.266766 -329.341484 -331.398352 -333.513439 -335.745820 -338.168431 -340.861355 -343.314362 -345.776523 -348.504291 -351.534446 -354.888683 -359.174378 -365.131177 -373.794110 -386.717273 -406.378302 -435.047199 -478.306249 -550.472048 -671.171615 -868.055864 -9999.0 -9999.0
-9999.0 -9999.0 -9999.0 -9999.0 -9999.0 -9999.0 -9999.0 -9999.0 -9999.0 -9999.0 -9999.0 -9999.0 -9999.0 -9999.0 -9999.0 -9999.0 -9999.0 -9999.0 -9999.0 -9999.0 -9999.0 -9999.0 -9999.0 -9999.0 -9999.0 -9999.0 -9999.0 -9999.0 -9999.0 -9999.0 -9999.0 -9999.0 -9999.0 -9999.0 -9999.0 -9999.0 -9999.0 -9999.0 -9999.0 -9999.0 -9999.0 -9999.0 -9999.0 -9999.0 -9999.0 -9999.0 -9999.0 -9999.0 -9999.0 -9999.0 -9999.0 -9999.0 -9999.0 -9999.0 -9999.0 -9999.0 -9999.0 -9999.0 -9999.0 -9999.0 -9999.0 -9999.0 -9999.0 -9999.0 -9999.0 -9999.0 -9999.0 -9999.0 -9999.0 -9999.0 -9999.0 -9999.0 -9999.0 -9999.0 -9999.0 -9999.0 -9999.0 -9999.0 -9999.0 -9999.0 -9999.0 -9999.0 -9999.0 -9999.0 -9999.0 -9999.0 -9999.0 -9999.0 -9999.0 -9999.0 -9999.0 -9999.0 -9999.0 -9999.0 -9999.0 -9999.0 -9999.0 -9999.0 -9999.0 -9999.0 -9999.0 -9999.0 -9999.0 -9999.0
-9999.0 -9999.0 -9999.0 -9999.0 -9999.0 -9999.0 -9999.0 -9999.0 -9999.0 -9999.0 -9999.0 -9999.0 -9999.0 -9999.0 -9999.0 -9999.0 -9999.0 -9999.0 -9999.0 -9999.0 -9999.0 -9999.0 -9999.0 -9999.0 -9999.0 -9999.0 -9999.0 -9999.0 -9999.0 -9999.0 -9999.0 -9999.0 -9999.0 -9999.0 -9999.0 -9999.0 -9999.0 -9999.0 -9999.0 -9999.0 -9999.0 -9999.0 -9999.0 -9999.0 -9999.0 -9999.0 -9999.0 -9999.0 -9999.0 -9999.0 -9999.0 -9999.0 -9999.0 -9999.0 -9999.0 -9999.0 -9999.0 -9999.0 -9999.0 -9999.0 -9999.0 -9999.0 -9999.0 -9999.0 -9999.0 -9999.0 -9999.0 -9999.0 -9999.0 -9999.0 -9999.0 -9999.0 -9999.0 -9999.0 -9999.0 -9999.0 -9999.0 -9999.0 -9999.0 -9999.0 -9999.0 -9999.0 -9999.0 -9999.0 -9999.0 -9999.0 -9999.0 -9999.0 -9999.0 -9999.0 -9999.0 -9999.0 -9999.0 -9999.0 -9999.0 -9999.0 -9999.0 -9999.0 -9999.0 -9999.0 -9999.0 -9999.0 -9999.0 -9999.0