inst/processing_geotop_simulation/geotop_simulation/out/maps3D/PwL0016N0420.asc
ncols         104
nrows         10
xllcorner     -2.000000
yllcorner     0.000000
cellsize      1.000000
NODATA_value  -9999.0
-9999.0 -9999.0 -9999.0 -9999.0 -9999.0 -9999.0 -9999.0 -9999.0 -9999.0 -9999.0 -9999.0 -9999.0 -9999.0 -9999.0 -9999.0 -9999.0 -9999.0 -9999.0 -9999.0 -9999.0 -9999.0 -9999.0 -9999.0 -9999.0 -9999.0 -9999.0 -9999.0 -9999.0 -9999.0 -9999.0 -9999.0 -9999.0 -9999.0 -9999.0 -9999.0 -9999.0 -9999.0 -9999.0 -9999.0 -9999.0 -9999.0 -9999.0 -9999.0 -9999.0 -9999.0 -9999.0 -9999.0 -9999.0 -9999.0 -9999.0 -9999.0 -9999.0 -9999.0 -9999.0 -9999.0 -9999.0 -9999.0 -9999.0 -9999.0 -9999.0 -9999.0 -9999.0 -9999.0 -9999.0 -9999.0 -9999.0 -9999.0 -9999.0 -9999.0 -9999.0 -9999.0 -9999.0 -9999.0 -9999.0 -9999.0 -9999.0 -9999.0 -9999.0 -9999.0 -9999.0 -9999.0 -9999.0 -9999.0 -9999.0 -9999.0 -9999.0 -9999.0 -9999.0 -9999.0 -9999.0 -9999.0 -9999.0 -9999.0 -9999.0 -9999.0 -9999.0 -9999.0 -9999.0 -9999.0 -9999.0 -9999.0 -9999.0 -9999.0 -9999.0
-9999.0 -9999.0 -9999.0 -9999.0 -9999.0 -9999.0 -9999.0 -9999.0 -9999.0 -9999.0 -9999.0 -9999.0 -9999.0 -9999.0 -9999.0 -9999.0 -9999.0 -9999.0 -9999.0 -9999.0 -9999.0 -9999.0 -9999.0 -9999.0 -9999.0 -9999.0 -9999.0 -9999.0 -9999.0 -9999.0 -9999.0 -9999.0 -9999.0 -9999.0 -9999.0 -9999.0 -9999.0 -9999.0 -9999.0 -9999.0 -9999.0 -9999.0 -9999.0 -9999.0 -9999.0 -9999.0 -9999.0 -9999.0 -9999.0 -9999.0 -9999.0 -9999.0 -9999.0 -9999.0 -9999.0 -9999.0 -9999.0 -9999.0 -9999.0 -9999.0 -9999.0 -9999.0 -9999.0 -9999.0 -9999.0 -9999.0 -9999.0 -9999.0 -9999.0 -9999.0 -9999.0 -9999.0 -9999.0 -9999.0 -9999.0 -9999.0 -9999.0 -9999.0 -9999.0 -9999.0 -9999.0 -9999.0 -9999.0 -9999.0 -9999.0 -9999.0 -9999.0 -9999.0 -9999.0 -9999.0 -9999.0 -9999.0 -9999.0 -9999.0 -9999.0 -9999.0 -9999.0 -9999.0 -9999.0 -9999.0 -9999.0 -9999.0 -9999.0 -9999.0
-9999.0 -9999.0 770.115172 671.198655 572.099739 472.848639 373.522941 274.165019 174.796745 75.429712 -23.927790 -123.271141 -222.598293 -321.896922 -421.144494 -520.304300 -619.309907 -718.053698 -816.888749 -915.550606 -1013.955327 -1111.949839 -1206.532612 -1296.796723 -1380.529738 -1455.635793 -1520.584697 -1574.704516 -1618.230845 -1652.131333 -1677.810525 -1696.815230 -1710.616762 -1720.489571 -1727.469425 -1732.364248 -1735.801799 -1738.338420 -1740.750808 -1744.660176 -1752.231212 -1759.947783 -1931.013718 -4096.025843 -4182.699163 -4182.023967 -4181.390054 -4181.282266 -4181.270690 -4181.271017 -4181.271775 -4181.268944 -4181.262347 -4181.252766 -4181.234966 -4181.199465 -4181.126830 -4180.999113 -4180.900273 -4180.202888 -4010.598728 -1708.444297 -1717.468914 -1744.116936 -1744.478233 -1743.624766 -1743.359980 -1743.304213 -1743.294568 -1743.293439 -1743.293716 -1743.294153 -1743.294545 -1743.294874 -1743.295149 -1743.295386 -1743.295596 -1743.295786 -1743.295965 -1743.296139 -1743.296315 -1743.296505 -1743.296721 -1743.296983 -1743.297320 -1743.297779 -1743.298439 -1743.299427 -1743.300969 -1743.303465 -1743.307657 -1743.314966 -1743.328178 -1743.352917 -1743.400876 -1743.497420 -1743.700913 -1744.155229 -1745.241513 -1748.056315 -1756.097764 -1781.933294 -9999.0 -9999.0
-9999.0 -9999.0 770.118725 671.199880 572.100117 472.848760 373.522981 274.165033 174.796750 75.429714 -23.927789 -123.271141 -222.598292 -321.896922 -421.144494 -520.304300 -619.309907 -718.053698 -816.888750 -915.550607 -1013.955327 -1111.949839 -1206.532612 -1296.796723 -1380.529738 -1455.635793 -1520.584697 -1574.704516 -1618.230845 -1652.131333 -1677.810525 -1696.815230 -1710.616762 -1720.489571 -1727.469425 -1732.364248 -1735.801799 -1738.338420 -1740.750808 -1744.660176 -1752.231212 -1759.947783 -1931.013718 -4096.025843 -4182.699163 -4182.023967 -4181.390054 -4181.282266 -4181.270690 -4181.271017 -4181.271775 -4181.268944 -4181.262347 -4181.252766 -4181.234966 -4181.199465 -4181.126830 -4180.999113 -4180.900273 -4180.202888 -4010.598728 -1708.444297 -1717.468914 -1744.116936 -1744.478233 -1743.624766 -1743.359980 -1743.304213 -1743.294568 -1743.293439 -1743.293716 -1743.294153 -1743.294545 -1743.294874 -1743.295149 -1743.295386 -1743.295596 -1743.295786 -1743.295965 -1743.296139 -1743.296315 -1743.296505 -1743.296721 -1743.296983 -1743.297320 -1743.297779 -1743.298439 -1743.299427 -1743.300968 -1743.303465 -1743.307657 -1743.314966 -1743.328178 -1743.352917 -1743.400876 -1743.497420 -1743.700913 -1744.155229 -1745.241513 -1748.056315 -1756.097764 -1781.933294 -9999.0 -9999.0
-9999.0 -9999.0 770.119898 671.200498 572.100372 472.848856 373.523016 274.165046 174.796755 75.429716 -23.927788 -123.271140 -222.598292 -321.896922 -421.144494 -520.304300 -619.309907 -718.053698 -816.888750 -915.550607 -1013.955327 -1111.949839 -1206.532612 -1296.796723 -1380.529738 -1455.635793 -1520.584697 -1574.704516 -1618.230845 -1652.131333 -1677.810525 -1696.815230 -1710.616762 -1720.489571 -1727.469425 -1732.364248 -1735.801799 -1738.338420 -1740.750808 -1744.660176 -1752.231212 -1759.947783 -1931.013718 -4096.025843 -4182.699163 -4182.023967 -4181.390054 -4181.282266 -4181.270690 -4181.271017 -4181.271775 -4181.268944 -4181.262347 -4181.252766 -4181.234966 -4181.199465 -4181.126830 -4180.999113 -4180.900273 -4180.202888 -4010.598728 -1708.444297 -1717.468914 -1744.116936 -1744.478233 -1743.624766 -1743.359980 -1743.304213 -1743.294568 -1743.293439 -1743.293716 -1743.294153 -1743.294545 -1743.294874 -1743.295149 -1743.295386 -1743.295596 -1743.295786 -1743.295965 -1743.296139 -1743.296315 -1743.296505 -1743.296721 -1743.296983 -1743.297320 -1743.297779 -1743.298439 -1743.299427 -1743.300968 -1743.303465 -1743.307657 -1743.314966 -1743.328178 -1743.352917 -1743.400876 -1743.497420 -1743.700913 -1744.155229 -1745.241513 -1748.056315 -1756.097764 -1781.933294 -9999.0 -9999.0
-9999.0 -9999.0 770.119898 671.200498 572.100372 472.848856 373.523016 274.165046 174.796755 75.429716 -23.927788 -123.271140 -222.598292 -321.896922 -421.144494 -520.304300 -619.309907 -718.053698 -816.888750 -915.550607 -1013.955327 -1111.949839 -1206.532612 -1296.796723 -1380.529738 -1455.635793 -1520.584697 -1574.704516 -1618.230845 -1652.131333 -1677.810525 -1696.815230 -1710.616762 -1720.489571 -1727.469425 -1732.364248 -1735.801799 -1738.338420 -1740.750808 -1744.660176 -1752.231212 -1759.947783 -1931.013718 -4096.025843 -4182.699163 -4182.023967 -4181.390054 -4181.282266 -4181.270690 -4181.271017 -4181.271775 -4181.268944 -4181.262347 -4181.252766 -4181.234966 -4181.199465 -4181.126830 -4180.999113 -4180.900273 -4180.202888 -4010.598728 -1708.444297 -1717.468914 -1744.116936 -1744.478233 -1743.624766 -1743.359980 -1743.304213 -1743.294568 -1743.293439 -1743.293716 -1743.294153 -1743.294545 -1743.294874 -1743.295149 -1743.295386 -1743.295596 -1743.295786 -1743.295965 -1743.296139 -1743.296315 -1743.296505 -1743.296721 -1743.296983 -1743.297320 -1743.297779 -1743.298439 -1743.299427 -1743.300968 -1743.303465 -1743.307657 -1743.314966 -1743.328178 -1743.352917 -1743.400876 -1743.497420 -1743.700913 -1744.155229 -1745.241513 -1748.056315 -1756.097764 -1781.933294 -9999.0 -9999.0
-9999.0 -9999.0 770.118725 671.199880 572.100117 472.848760 373.522981 274.165033 174.796750 75.429714 -23.927789 -123.271141 -222.598293 -321.896922 -421.144494 -520.304300 -619.309907 -718.053698 -816.888750 -915.550607 -1013.955327 -1111.949839 -1206.532612 -1296.796723 -1380.529738 -1455.635793 -1520.584697 -1574.704516 -1618.230845 -1652.131333 -1677.810525 -1696.815230 -1710.616762 -1720.489571 -1727.469425 -1732.364248 -1735.801799 -1738.338420 -1740.750808 -1744.660176 -1752.231212 -1759.947783 -1931.013718 -4096.025843 -4182.699163 -4182.023967 -4181.390054 -4181.282266 -4181.270690 -4181.271017 -4181.271775 -4181.268944 -4181.262347 -4181.252766 -4181.234966 -4181.199465 -4181.126830 -4180.999113 -4180.900273 -4180.202888 -4010.598728 -1708.444297 -1717.468914 -1744.116936 -1744.478233 -1743.624766 -1743.359980 -1743.304213 -1743.294568 -1743.293439 -1743.293716 -1743.294153 -1743.294545 -1743.294874 -1743.295149 -1743.295386 -1743.295596 -1743.295786 -1743.295965 -1743.296139 -1743.296315 -1743.296505 -1743.296721 -1743.296983 -1743.297320 -1743.297779 -1743.298439 -1743.299427 -1743.300968 -1743.303465 -1743.307657 -1743.314966 -1743.328178 -1743.352917 -1743.400876 -1743.497420 -1743.700913 -1744.155229 -1745.241513 -1748.056315 -1756.097764 -1781.933294 -9999.0 -9999.0
-9999.0 -9999.0 770.115172 671.198655 572.099738 472.848640 373.522941 274.165019 174.796745 75.429712 -23.927790 -123.271141 -222.598293 -321.896922 -421.144494 -520.304300 -619.309906 -718.053698 -816.888749 -915.550606 -1013.955327 -1111.949839 -1206.532612 -1296.796723 -1380.529738 -1455.635793 -1520.584697 -1574.704516 -1618.230845 -1652.131333 -1677.810525 -1696.815230 -1710.616762 -1720.489571 -1727.469425 -1732.364248 -1735.801799 -1738.338420 -1740.750808 -1744.660176 -1752.231212 -1759.947783 -1931.013718 -4096.025843 -4182.699163 -4182.023967 -4181.390054 -4181.282266 -4181.270690 -4181.271017 -4181.271775 -4181.268944 -4181.262347 -4181.252766 -4181.234966 -4181.199465 -4181.126830 -4180.999113 -4180.900273 -4180.202888 -4010.598728 -1708.444297 -1717.468914 -1744.116936 -1744.478233 -1743.624766 -1743.359980 -1743.304213 -1743.294568 -1743.293439 -1743.293716 -1743.294153 -1743.294545 -1743.294874 -1743.295149 -1743.295386 -1743.295596 -1743.295786 -1743.295965 -1743.296139 -1743.296315 -1743.296505 -1743.296721 -1743.296983 -1743.297320 -1743.297779 -1743.298439 -1743.299427 -1743.300969 -1743.303465 -1743.307657 -1743.314966 -1743.328178 -1743.352917 -1743.400876 -1743.497420 -1743.700913 -1744.155229 -1745.241513 -1748.056315 -1756.097764 -1781.933294 -9999.0 -9999.0
-9999.0 -9999.0 -9999.0 -9999.0 -9999.0 -9999.0 -9999.0 -9999.0 -9999.0 -9999.0 -9999.0 -9999.0 -9999.0 -9999.0 -9999.0 -9999.0 -9999.0 -9999.0 -9999.0 -9999.0 -9999.0 -9999.0 -9999.0 -9999.0 -9999.0 -9999.0 -9999.0 -9999.0 -9999.0 -9999.0 -9999.0 -9999.0 -9999.0 -9999.0 -9999.0 -9999.0 -9999.0 -9999.0 -9999.0 -9999.0 -9999.0 -9999.0 -9999.0 -9999.0 -9999.0 -9999.0 -9999.0 -9999.0 -9999.0 -9999.0 -9999.0 -9999.0 -9999.0 -9999.0 -9999.0 -9999.0 -9999.0 -9999.0 -9999.0 -9999.0 -9999.0 -9999.0 -9999.0 -9999.0 -9999.0 -9999.0 -9999.0 -9999.0 -9999.0 -9999.0 -9999.0 -9999.0 -9999.0 -9999.0 -9999.0 -9999.0 -9999.0 -9999.0 -9999.0 -9999.0 -9999.0 -9999.0 -9999.0 -9999.0 -9999.0 -9999.0 -9999.0 -9999.0 -9999.0 -9999.0 -9999.0 -9999.0 -9999.0 -9999.0 -9999.0 -9999.0 -9999.0 -9999.0 -9999.0 -9999.0 -9999.0 -9999.0 -9999.0 -9999.0
-9999.0 -9999.0 -9999.0 -9999.0 -9999.0 -9999.0 -9999.0 -9999.0 -9999.0 -9999.0 -9999.0 -9999.0 -9999.0 -9999.0 -9999.0 -9999.0 -9999.0 -9999.0 -9999.0 -9999.0 -9999.0 -9999.0 -9999.0 -9999.0 -9999.0 -9999.0 -9999.0 -9999.0 -9999.0 -9999.0 -9999.0 -9999.0 -9999.0 -9999.0 -9999.0 -9999.0 -9999.0 -9999.0 -9999.0 -9999.0 -9999.0 -9999.0 -9999.0 -9999.0 -9999.0 -9999.0 -9999.0 -9999.0 -9999.0 -9999.0 -9999.0 -9999.0 -9999.0 -9999.0 -9999.0 -9999.0 -9999.0 -9999.0 -9999.0 -9999.0 -9999.0 -9999.0 -9999.0 -9999.0 -9999.0 -9999.0 -9999.0 -9999.0 -9999.0 -9999.0 -9999.0 -9999.0 -9999.0 -9999.0 -9999.0 -9999.0 -9999.0 -9999.0 -9999.0 -9999.0 -9999.0 -9999.0 -9999.0 -9999.0 -9999.0 -9999.0 -9999.0 -9999.0 -9999.0 -9999.0 -9999.0 -9999.0 -9999.0 -9999.0 -9999.0 -9999.0 -9999.0 -9999.0 -9999.0 -9999.0 -9999.0 -9999.0 -9999.0 -9999.0