inst/processing_geotop_simulation/geotop_simulation/out/maps3D/PwL0002N0400.asc
ncols         104
nrows         10
xllcorner     -2.000000
yllcorner     0.000000
cellsize      1.000000
NODATA_value  -9999.0
-9999.0 -9999.0 -9999.0 -9999.0 -9999.0 -9999.0 -9999.0 -9999.0 -9999.0 -9999.0 -9999.0 -9999.0 -9999.0 -9999.0 -9999.0 -9999.0 -9999.0 -9999.0 -9999.0 -9999.0 -9999.0 -9999.0 -9999.0 -9999.0 -9999.0 -9999.0 -9999.0 -9999.0 -9999.0 -9999.0 -9999.0 -9999.0 -9999.0 -9999.0 -9999.0 -9999.0 -9999.0 -9999.0 -9999.0 -9999.0 -9999.0 -9999.0 -9999.0 -9999.0 -9999.0 -9999.0 -9999.0 -9999.0 -9999.0 -9999.0 -9999.0 -9999.0 -9999.0 -9999.0 -9999.0 -9999.0 -9999.0 -9999.0 -9999.0 -9999.0 -9999.0 -9999.0 -9999.0 -9999.0 -9999.0 -9999.0 -9999.0 -9999.0 -9999.0 -9999.0 -9999.0 -9999.0 -9999.0 -9999.0 -9999.0 -9999.0 -9999.0 -9999.0 -9999.0 -9999.0 -9999.0 -9999.0 -9999.0 -9999.0 -9999.0 -9999.0 -9999.0 -9999.0 -9999.0 -9999.0 -9999.0 -9999.0 -9999.0 -9999.0 -9999.0 -9999.0 -9999.0 -9999.0 -9999.0 -9999.0 -9999.0 -9999.0 -9999.0 -9999.0
-9999.0 -9999.0 -9999.0 -9999.0 -9999.0 -9999.0 -9999.0 -9999.0 -9999.0 -9999.0 -9999.0 -9999.0 -9999.0 -9999.0 -9999.0 -9999.0 -9999.0 -9999.0 -9999.0 -9999.0 -9999.0 -9999.0 -9999.0 -9999.0 -9999.0 -9999.0 -9999.0 -9999.0 -9999.0 -9999.0 -9999.0 -9999.0 -9999.0 -9999.0 -9999.0 -9999.0 -9999.0 -9999.0 -9999.0 -9999.0 -9999.0 -9999.0 -9999.0 -9999.0 -9999.0 -9999.0 -9999.0 -9999.0 -9999.0 -9999.0 -9999.0 -9999.0 -9999.0 -9999.0 -9999.0 -9999.0 -9999.0 -9999.0 -9999.0 -9999.0 -9999.0 -9999.0 -9999.0 -9999.0 -9999.0 -9999.0 -9999.0 -9999.0 -9999.0 -9999.0 -9999.0 -9999.0 -9999.0 -9999.0 -9999.0 -9999.0 -9999.0 -9999.0 -9999.0 -9999.0 -9999.0 -9999.0 -9999.0 -9999.0 -9999.0 -9999.0 -9999.0 -9999.0 -9999.0 -9999.0 -9999.0 -9999.0 -9999.0 -9999.0 -9999.0 -9999.0 -9999.0 -9999.0 -9999.0 -9999.0 -9999.0 -9999.0 -9999.0 -9999.0
-9999.0 -9999.0 75.746098 -21.830937 -120.667923 -219.806226 -319.054987 -418.343503 -517.635524 -616.904806 -716.102481 -815.208795 -914.194998 -1013.024869 -1111.813264 -1210.527844 -1308.890808 -1406.670223 -1503.431885 -1598.349734 -1689.867659 -1775.343367 -1851.504692 -1915.795048 -1967.363426 -2007.009678 -2036.507606 -2057.920468 -2073.175934 -2083.886876 -2091.319771 -2096.429519 -2099.915825 -2102.280513 -2103.877963 -2104.957964 -2105.707971 -2106.328472 -2107.255849 -2109.531186 -2110.732224 -2046.697401 -1251.994507 -1249.741055 -1239.445995 -1232.642738 -1229.440717 -1228.935375 -1228.880076 -1228.884842 -1228.898272 -1228.912770 -1228.926713 -1228.939632 -1228.951673 -1228.966097 -1229.012966 -1229.320479 -1231.043437 -1234.838017 -1239.881579 -1234.678052 -2022.510850 -2104.871234 -2108.098165 -2107.476759 -2107.267271 -2107.225591 -2107.218862 -2107.218254 -2107.218607 -2107.219030 -2107.219384 -2107.219660 -2107.219875 -2107.220045 -2107.220181 -2107.220294 -2107.220391 -2107.220479 -2107.220567 -2107.220665 -2107.220787 -2107.220954 -2107.221196 -2107.221565 -2107.222140 -2107.223059 -2107.224556 -2107.227048 -2107.231302 -2107.238775 -2107.252308 -2107.277567 -2107.326109 -2107.422274 -2107.620047 -2108.048071 -2109.040059 -2111.555022 -2118.745886 -2142.732820 -9999.0 -9999.0
-9999.0 -9999.0 75.756541 -21.829070 -120.667457 -219.806090 -319.054944 -418.343488 -517.635519 -616.904804 -716.102480 -815.208795 -914.194997 -1013.024869 -1111.813264 -1210.527844 -1308.890808 -1406.670223 -1503.431886 -1598.349734 -1689.867659 -1775.343367 -1851.504692 -1915.795048 -1967.363426 -2007.009678 -2036.507606 -2057.920468 -2073.175934 -2083.886876 -2091.319771 -2096.429519 -2099.915825 -2102.280513 -2103.877963 -2104.957964 -2105.707971 -2106.328472 -2107.255849 -2109.531186 -2110.732224 -2046.697401 -1251.994507 -1249.741055 -1239.445995 -1232.642738 -1229.440717 -1228.935375 -1228.880076 -1228.884842 -1228.898272 -1228.912770 -1228.926713 -1228.939632 -1228.951673 -1228.966097 -1229.012966 -1229.320479 -1231.043437 -1234.838017 -1239.881579 -1234.678052 -2022.510850 -2104.871234 -2108.098165 -2107.476759 -2107.267271 -2107.225591 -2107.218862 -2107.218254 -2107.218607 -2107.219030 -2107.219384 -2107.219660 -2107.219875 -2107.220045 -2107.220181 -2107.220294 -2107.220391 -2107.220479 -2107.220567 -2107.220665 -2107.220787 -2107.220954 -2107.221196 -2107.221565 -2107.222140 -2107.223059 -2107.224556 -2107.227047 -2107.231302 -2107.238775 -2107.252308 -2107.277567 -2107.326109 -2107.422274 -2107.620047 -2108.048071 -2109.040059 -2111.555022 -2118.745886 -2142.732820 -9999.0 -9999.0
-9999.0 -9999.0 75.757675 -21.828321 -120.667162 -219.805983 -319.054906 -418.343474 -517.635514 -616.904802 -716.102479 -815.208794 -914.194997 -1013.024868 -1111.813264 -1210.527844 -1308.890808 -1406.670223 -1503.431886 -1598.349735 -1689.867659 -1775.343367 -1851.504692 -1915.795048 -1967.363426 -2007.009678 -2036.507606 -2057.920468 -2073.175934 -2083.886876 -2091.319771 -2096.429519 -2099.915825 -2102.280513 -2103.877963 -2104.957964 -2105.707971 -2106.328472 -2107.255849 -2109.531186 -2110.732224 -2046.697401 -1251.994507 -1249.741055 -1239.445995 -1232.642738 -1229.440717 -1228.935375 -1228.880076 -1228.884842 -1228.898272 -1228.912770 -1228.926713 -1228.939632 -1228.951673 -1228.966097 -1229.012966 -1229.320479 -1231.043437 -1234.838017 -1239.881579 -1234.678052 -2022.510850 -2104.871234 -2108.098165 -2107.476759 -2107.267271 -2107.225591 -2107.218862 -2107.218254 -2107.218607 -2107.219030 -2107.219384 -2107.219660 -2107.219875 -2107.220044 -2107.220181 -2107.220294 -2107.220391 -2107.220479 -2107.220567 -2107.220665 -2107.220787 -2107.220954 -2107.221196 -2107.221565 -2107.222140 -2107.223059 -2107.224556 -2107.227047 -2107.231302 -2107.238775 -2107.252308 -2107.277567 -2107.326109 -2107.422274 -2107.620047 -2108.048071 -2109.040059 -2111.555022 -2118.745886 -2142.732820 -9999.0 -9999.0
-9999.0 -9999.0 75.757675 -21.828321 -120.667162 -219.805983 -319.054906 -418.343474 -517.635514 -616.904802 -716.102479 -815.208794 -914.194997 -1013.024868 -1111.813264 -1210.527844 -1308.890808 -1406.670223 -1503.431886 -1598.349735 -1689.867659 -1775.343367 -1851.504692 -1915.795048 -1967.363426 -2007.009678 -2036.507606 -2057.920468 -2073.175934 -2083.886876 -2091.319771 -2096.429519 -2099.915825 -2102.280513 -2103.877963 -2104.957964 -2105.707971 -2106.328472 -2107.255849 -2109.531186 -2110.732224 -2046.697401 -1251.994507 -1249.741055 -1239.445995 -1232.642738 -1229.440717 -1228.935375 -1228.880076 -1228.884842 -1228.898272 -1228.912770 -1228.926713 -1228.939632 -1228.951673 -1228.966097 -1229.012966 -1229.320479 -1231.043437 -1234.838017 -1239.881579 -1234.678052 -2022.510850 -2104.871234 -2108.098165 -2107.476759 -2107.267271 -2107.225591 -2107.218862 -2107.218254 -2107.218607 -2107.219030 -2107.219384 -2107.219660 -2107.219875 -2107.220044 -2107.220181 -2107.220294 -2107.220391 -2107.220479 -2107.220567 -2107.220665 -2107.220787 -2107.220954 -2107.221196 -2107.221565 -2107.222140 -2107.223059 -2107.224556 -2107.227047 -2107.231302 -2107.238775 -2107.252308 -2107.277567 -2107.326109 -2107.422274 -2107.620047 -2108.048071 -2109.040059 -2111.555022 -2118.745886 -2142.732820 -9999.0 -9999.0
-9999.0 -9999.0 75.756541 -21.829070 -120.667457 -219.806090 -319.054944 -418.343488 -517.635519 -616.904804 -716.102480 -815.208795 -914.194997 -1013.024868 -1111.813264 -1210.527844 -1308.890808 -1406.670223 -1503.431886 -1598.349734 -1689.867659 -1775.343367 -1851.504692 -1915.795048 -1967.363426 -2007.009678 -2036.507606 -2057.920468 -2073.175934 -2083.886876 -2091.319771 -2096.429519 -2099.915825 -2102.280513 -2103.877963 -2104.957964 -2105.707971 -2106.328472 -2107.255849 -2109.531186 -2110.732224 -2046.697401 -1251.994507 -1249.741055 -1239.445995 -1232.642738 -1229.440717 -1228.935375 -1228.880076 -1228.884842 -1228.898272 -1228.912770 -1228.926713 -1228.939632 -1228.951673 -1228.966097 -1229.012966 -1229.320479 -1231.043437 -1234.838017 -1239.881579 -1234.678052 -2022.510850 -2104.871234 -2108.098165 -2107.476759 -2107.267271 -2107.225591 -2107.218862 -2107.218254 -2107.218607 -2107.219030 -2107.219384 -2107.219660 -2107.219875 -2107.220045 -2107.220181 -2107.220294 -2107.220391 -2107.220479 -2107.220567 -2107.220665 -2107.220787 -2107.220954 -2107.221196 -2107.221565 -2107.222140 -2107.223059 -2107.224556 -2107.227047 -2107.231302 -2107.238775 -2107.252308 -2107.277567 -2107.326109 -2107.422274 -2107.620047 -2108.048071 -2109.040059 -2111.555022 -2118.745886 -2142.732820 -9999.0 -9999.0
-9999.0 -9999.0 75.746098 -21.830937 -120.667923 -219.806226 -319.054987 -418.343503 -517.635524 -616.904806 -716.102481 -815.208795 -914.194997 -1013.024869 -1111.813264 -1210.527844 -1308.890808 -1406.670223 -1503.431885 -1598.349734 -1689.867659 -1775.343367 -1851.504692 -1915.795048 -1967.363426 -2007.009678 -2036.507606 -2057.920468 -2073.175934 -2083.886876 -2091.319771 -2096.429519 -2099.915825 -2102.280513 -2103.877963 -2104.957964 -2105.707971 -2106.328472 -2107.255849 -2109.531186 -2110.732224 -2046.697401 -1251.994507 -1249.741055 -1239.445995 -1232.642738 -1229.440717 -1228.935375 -1228.880076 -1228.884842 -1228.898272 -1228.912770 -1228.926713 -1228.939632 -1228.951673 -1228.966097 -1229.012966 -1229.320479 -1231.043437 -1234.838017 -1239.881579 -1234.678052 -2022.510850 -2104.871234 -2108.098165 -2107.476759 -2107.267271 -2107.225591 -2107.218862 -2107.218254 -2107.218607 -2107.219030 -2107.219384 -2107.219660 -2107.219875 -2107.220045 -2107.220181 -2107.220294 -2107.220391 -2107.220479 -2107.220567 -2107.220665 -2107.220787 -2107.220954 -2107.221196 -2107.221565 -2107.222140 -2107.223059 -2107.224556 -2107.227048 -2107.231302 -2107.238775 -2107.252308 -2107.277567 -2107.326109 -2107.422274 -2107.620047 -2108.048071 -2109.040059 -2111.555022 -2118.745886 -2142.732820 -9999.0 -9999.0
-9999.0 -9999.0 -9999.0 -9999.0 -9999.0 -9999.0 -9999.0 -9999.0 -9999.0 -9999.0 -9999.0 -9999.0 -9999.0 -9999.0 -9999.0 -9999.0 -9999.0 -9999.0 -9999.0 -9999.0 -9999.0 -9999.0 -9999.0 -9999.0 -9999.0 -9999.0 -9999.0 -9999.0 -9999.0 -9999.0 -9999.0 -9999.0 -9999.0 -9999.0 -9999.0 -9999.0 -9999.0 -9999.0 -9999.0 -9999.0 -9999.0 -9999.0 -9999.0 -9999.0 -9999.0 -9999.0 -9999.0 -9999.0 -9999.0 -9999.0 -9999.0 -9999.0 -9999.0 -9999.0 -9999.0 -9999.0 -9999.0 -9999.0 -9999.0 -9999.0 -9999.0 -9999.0 -9999.0 -9999.0 -9999.0 -9999.0 -9999.0 -9999.0 -9999.0 -9999.0 -9999.0 -9999.0 -9999.0 -9999.0 -9999.0 -9999.0 -9999.0 -9999.0 -9999.0 -9999.0 -9999.0 -9999.0 -9999.0 -9999.0 -9999.0 -9999.0 -9999.0 -9999.0 -9999.0 -9999.0 -9999.0 -9999.0 -9999.0 -9999.0 -9999.0 -9999.0 -9999.0 -9999.0 -9999.0 -9999.0 -9999.0 -9999.0 -9999.0 -9999.0
-9999.0 -9999.0 -9999.0 -9999.0 -9999.0 -9999.0 -9999.0 -9999.0 -9999.0 -9999.0 -9999.0 -9999.0 -9999.0 -9999.0 -9999.0 -9999.0 -9999.0 -9999.0 -9999.0 -9999.0 -9999.0 -9999.0 -9999.0 -9999.0 -9999.0 -9999.0 -9999.0 -9999.0 -9999.0 -9999.0 -9999.0 -9999.0 -9999.0 -9999.0 -9999.0 -9999.0 -9999.0 -9999.0 -9999.0 -9999.0 -9999.0 -9999.0 -9999.0 -9999.0 -9999.0 -9999.0 -9999.0 -9999.0 -9999.0 -9999.0 -9999.0 -9999.0 -9999.0 -9999.0 -9999.0 -9999.0 -9999.0 -9999.0 -9999.0 -9999.0 -9999.0 -9999.0 -9999.0 -9999.0 -9999.0 -9999.0 -9999.0 -9999.0 -9999.0 -9999.0 -9999.0 -9999.0 -9999.0 -9999.0 -9999.0 -9999.0 -9999.0 -9999.0 -9999.0 -9999.0 -9999.0 -9999.0 -9999.0 -9999.0 -9999.0 -9999.0 -9999.0 -9999.0 -9999.0 -9999.0 -9999.0 -9999.0 -9999.0 -9999.0 -9999.0 -9999.0 -9999.0 -9999.0 -9999.0 -9999.0 -9999.0 -9999.0 -9999.0 -9999.0