inst/processing_geotop_simulation/geotop_simulation/out/maps3D/PwL0021N0299.asc
ncols         104
nrows         10
xllcorner     -2.000000
yllcorner     0.000000
cellsize      1.000000
NODATA_value  -9999.0
-9999.0 -9999.0 -9999.0 -9999.0 -9999.0 -9999.0 -9999.0 -9999.0 -9999.0 -9999.0 -9999.0 -9999.0 -9999.0 -9999.0 -9999.0 -9999.0 -9999.0 -9999.0 -9999.0 -9999.0 -9999.0 -9999.0 -9999.0 -9999.0 -9999.0 -9999.0 -9999.0 -9999.0 -9999.0 -9999.0 -9999.0 -9999.0 -9999.0 -9999.0 -9999.0 -9999.0 -9999.0 -9999.0 -9999.0 -9999.0 -9999.0 -9999.0 -9999.0 -9999.0 -9999.0 -9999.0 -9999.0 -9999.0 -9999.0 -9999.0 -9999.0 -9999.0 -9999.0 -9999.0 -9999.0 -9999.0 -9999.0 -9999.0 -9999.0 -9999.0 -9999.0 -9999.0 -9999.0 -9999.0 -9999.0 -9999.0 -9999.0 -9999.0 -9999.0 -9999.0 -9999.0 -9999.0 -9999.0 -9999.0 -9999.0 -9999.0 -9999.0 -9999.0 -9999.0 -9999.0 -9999.0 -9999.0 -9999.0 -9999.0 -9999.0 -9999.0 -9999.0 -9999.0 -9999.0 -9999.0 -9999.0 -9999.0 -9999.0 -9999.0 -9999.0 -9999.0 -9999.0 -9999.0 -9999.0 -9999.0 -9999.0 -9999.0 -9999.0 -9999.0
-9999.0 -9999.0 -9999.0 -9999.0 -9999.0 -9999.0 -9999.0 -9999.0 -9999.0 -9999.0 -9999.0 -9999.0 -9999.0 -9999.0 -9999.0 -9999.0 -9999.0 -9999.0 -9999.0 -9999.0 -9999.0 -9999.0 -9999.0 -9999.0 -9999.0 -9999.0 -9999.0 -9999.0 -9999.0 -9999.0 -9999.0 -9999.0 -9999.0 -9999.0 -9999.0 -9999.0 -9999.0 -9999.0 -9999.0 -9999.0 -9999.0 -9999.0 -9999.0 -9999.0 -9999.0 -9999.0 -9999.0 -9999.0 -9999.0 -9999.0 -9999.0 -9999.0 -9999.0 -9999.0 -9999.0 -9999.0 -9999.0 -9999.0 -9999.0 -9999.0 -9999.0 -9999.0 -9999.0 -9999.0 -9999.0 -9999.0 -9999.0 -9999.0 -9999.0 -9999.0 -9999.0 -9999.0 -9999.0 -9999.0 -9999.0 -9999.0 -9999.0 -9999.0 -9999.0 -9999.0 -9999.0 -9999.0 -9999.0 -9999.0 -9999.0 -9999.0 -9999.0 -9999.0 -9999.0 -9999.0 -9999.0 -9999.0 -9999.0 -9999.0 -9999.0 -9999.0 -9999.0 -9999.0 -9999.0 -9999.0 -9999.0 -9999.0 -9999.0 -9999.0
-9999.0 -9999.0 1020.546657 922.113666 823.608061 724.919597 626.125774 527.284302 428.428202 329.575828 230.737530 131.919299 33.125248 -65.636813 -164.364874 -263.037153 -361.603743 -459.966055 -557.944157 -655.224654 -752.043181 -848.764720 -944.680362 -1039.517448 -1128.507074 -1206.284815 -1274.083073 -1330.886034 -1376.652173 -1412.213872 -1438.981722 -1458.600303 -1472.672526 -1482.597086 -1489.507014 -1494.276299 -1497.569305 -1499.951276 -1502.226288 -1506.578779 -1519.955287 -1566.554574 -1702.919472 -3029.298331 -3926.914377 -3925.538466 -3756.650824 -3297.323341 -2924.117786 -2679.458295 -2508.244834 -2366.173241 -2279.787975 -2223.902926 -2171.969548 -2117.593343 -2058.956282 -1996.945140 -1933.661544 -1870.361975 -1795.693685 -1456.880868 -1523.907804 -1511.666109 -1506.314782 -1504.900325 -1504.615206 -1504.565903 -1504.558417 -1504.557834 -1504.558302 -1504.558841 -1504.559298 -1504.559666 -1504.559964 -1504.560210 -1504.560418 -1504.560600 -1504.560764 -1504.560919 -1504.561074 -1504.561242 -1504.561439 -1504.561688 -1504.562025 -1504.562508 -1504.563230 -1504.564346 -1504.566126 -1504.569047 -1504.573988 -1504.582620 -1504.598208 -1504.627302 -1504.683393 -1504.795410 -1505.029089 -1505.544461 -1506.756432 -1509.806664 -1518.134474 -1543.808980 -9999.0 -9999.0
-9999.0 -9999.0 1020.549379 922.114746 823.608424 724.919718 626.125816 527.284316 428.428207 329.575830 230.737531 131.919299 33.125248 -65.636813 -164.364874 -263.037154 -361.603743 -459.966055 -557.944157 -655.224655 -752.043181 -848.764720 -944.680362 -1039.517448 -1128.507074 -1206.284816 -1274.083073 -1330.886034 -1376.652173 -1412.213872 -1438.981722 -1458.600303 -1472.672526 -1482.597086 -1489.507014 -1494.276299 -1497.569305 -1499.951276 -1502.226288 -1506.578779 -1519.955287 -1566.554574 -1702.919472 -3029.298330 -3926.914377 -3925.538466 -3756.650823 -3297.323340 -2924.117785 -2679.458293 -2508.244832 -2366.173241 -2279.787975 -2223.902926 -2171.969548 -2117.593343 -2058.956282 -1996.945139 -1933.661543 -1870.361975 -1795.693686 -1456.880868 -1523.907804 -1511.666109 -1506.314782 -1504.900325 -1504.615206 -1504.565903 -1504.558417 -1504.557834 -1504.558302 -1504.558841 -1504.559298 -1504.559666 -1504.559964 -1504.560210 -1504.560418 -1504.560600 -1504.560764 -1504.560919 -1504.561074 -1504.561242 -1504.561439 -1504.561688 -1504.562025 -1504.562508 -1504.563230 -1504.564346 -1504.566126 -1504.569047 -1504.573988 -1504.582620 -1504.598208 -1504.627302 -1504.683393 -1504.795410 -1505.029089 -1505.544461 -1506.756432 -1509.806664 -1518.134474 -1543.808980 -9999.0 -9999.0
-9999.0 -9999.0 1020.550478 922.115343 823.608679 724.919816 626.125852 527.284330 428.428212 329.575831 230.737532 131.919299 33.125248 -65.636813 -164.364874 -263.037154 -361.603744 -459.966055 -557.944157 -655.224655 -752.043181 -848.764720 -944.680362 -1039.517448 -1128.507075 -1206.284816 -1274.083073 -1330.886034 -1376.652173 -1412.213872 -1438.981722 -1458.600303 -1472.672527 -1482.597086 -1489.507014 -1494.276299 -1497.569305 -1499.951276 -1502.226288 -1506.578779 -1519.955287 -1566.554574 -1702.919472 -3029.298329 -3926.914377 -3925.538466 -3756.650823 -3297.323339 -2924.117785 -2679.458292 -2508.244831 -2366.173240 -2279.787975 -2223.902926 -2171.969548 -2117.593343 -2058.956282 -1996.945139 -1933.661543 -1870.361975 -1795.693685 -1456.880868 -1523.907804 -1511.666109 -1506.314782 -1504.900325 -1504.615206 -1504.565903 -1504.558417 -1504.557834 -1504.558302 -1504.558841 -1504.559298 -1504.559666 -1504.559964 -1504.560210 -1504.560418 -1504.560600 -1504.560764 -1504.560919 -1504.561074 -1504.561242 -1504.561439 -1504.561688 -1504.562025 -1504.562508 -1504.563230 -1504.564346 -1504.566126 -1504.569047 -1504.573988 -1504.582620 -1504.598208 -1504.627302 -1504.683393 -1504.795410 -1505.029089 -1505.544461 -1506.756432 -1509.806664 -1518.134474 -1543.808980 -9999.0 -9999.0
-9999.0 -9999.0 1020.550478 922.115342 823.608679 724.919816 626.125852 527.284330 428.428212 329.575831 230.737532 131.919299 33.125248 -65.636813 -164.364874 -263.037154 -361.603744 -459.966055 -557.944157 -655.224655 -752.043181 -848.764720 -944.680362 -1039.517448 -1128.507074 -1206.284816 -1274.083073 -1330.886034 -1376.652173 -1412.213872 -1438.981722 -1458.600303 -1472.672527 -1482.597086 -1489.507014 -1494.276299 -1497.569305 -1499.951276 -1502.226288 -1506.578779 -1519.955287 -1566.554574 -1702.919472 -3029.298329 -3926.914377 -3925.538466 -3756.650823 -3297.323339 -2924.117785 -2679.458292 -2508.244831 -2366.173240 -2279.787975 -2223.902926 -2171.969548 -2117.593343 -2058.956282 -1996.945139 -1933.661543 -1870.361975 -1795.693685 -1456.880868 -1523.907804 -1511.666109 -1506.314782 -1504.900325 -1504.615206 -1504.565903 -1504.558417 -1504.557834 -1504.558302 -1504.558841 -1504.559298 -1504.559666 -1504.559964 -1504.560210 -1504.560418 -1504.560600 -1504.560764 -1504.560919 -1504.561074 -1504.561242 -1504.561439 -1504.561688 -1504.562025 -1504.562508 -1504.563230 -1504.564346 -1504.566126 -1504.569047 -1504.573988 -1504.582620 -1504.598208 -1504.627302 -1504.683393 -1504.795410 -1505.029089 -1505.544461 -1506.756432 -1509.806664 -1518.134474 -1543.808980 -9999.0 -9999.0
-9999.0 -9999.0 1020.549379 922.114746 823.608424 724.919718 626.125816 527.284317 428.428207 329.575830 230.737531 131.919299 33.125248 -65.636813 -164.364874 -263.037154 -361.603743 -459.966055 -557.944157 -655.224655 -752.043181 -848.764720 -944.680362 -1039.517448 -1128.507074 -1206.284816 -1274.083073 -1330.886034 -1376.652173 -1412.213872 -1438.981722 -1458.600303 -1472.672526 -1482.597086 -1489.507014 -1494.276299 -1497.569305 -1499.951276 -1502.226288 -1506.578779 -1519.955287 -1566.554574 -1702.919472 -3029.298330 -3926.914377 -3925.538466 -3756.650823 -3297.323340 -2924.117785 -2679.458293 -2508.244832 -2366.173241 -2279.787975 -2223.902926 -2171.969548 -2117.593343 -2058.956282 -1996.945139 -1933.661543 -1870.361975 -1795.693686 -1456.880868 -1523.907804 -1511.666109 -1506.314782 -1504.900325 -1504.615206 -1504.565903 -1504.558417 -1504.557834 -1504.558302 -1504.558841 -1504.559298 -1504.559666 -1504.559964 -1504.560210 -1504.560418 -1504.560600 -1504.560764 -1504.560919 -1504.561074 -1504.561242 -1504.561439 -1504.561688 -1504.562025 -1504.562508 -1504.563230 -1504.564346 -1504.566126 -1504.569047 -1504.573988 -1504.582620 -1504.598208 -1504.627302 -1504.683393 -1504.795410 -1505.029089 -1505.544461 -1506.756432 -1509.806664 -1518.134474 -1543.808980 -9999.0 -9999.0
-9999.0 -9999.0 1020.546657 922.113666 823.608061 724.919597 626.125774 527.284302 428.428202 329.575827 230.737530 131.919298 33.125248 -65.636813 -164.364874 -263.037153 -361.603743 -459.966055 -557.944156 -655.224654 -752.043181 -848.764720 -944.680362 -1039.517448 -1128.507074 -1206.284815 -1274.083073 -1330.886034 -1376.652173 -1412.213872 -1438.981722 -1458.600303 -1472.672526 -1482.597086 -1489.507014 -1494.276299 -1497.569305 -1499.951276 -1502.226288 -1506.578779 -1519.955287 -1566.554574 -1702.919472 -3029.298331 -3926.914377 -3925.538466 -3756.650824 -3297.323341 -2924.117786 -2679.458295 -2508.244834 -2366.173241 -2279.787975 -2223.902926 -2171.969548 -2117.593344 -2058.956282 -1996.945140 -1933.661543 -1870.361975 -1795.693686 -1456.880868 -1523.907804 -1511.666109 -1506.314782 -1504.900325 -1504.615206 -1504.565903 -1504.558417 -1504.557834 -1504.558302 -1504.558841 -1504.559298 -1504.559666 -1504.559964 -1504.560210 -1504.560418 -1504.560600 -1504.560764 -1504.560919 -1504.561074 -1504.561242 -1504.561439 -1504.561688 -1504.562025 -1504.562508 -1504.563230 -1504.564346 -1504.566126 -1504.569047 -1504.573988 -1504.582620 -1504.598208 -1504.627302 -1504.683393 -1504.795410 -1505.029089 -1505.544461 -1506.756432 -1509.806664 -1518.134474 -1543.808980 -9999.0 -9999.0
-9999.0 -9999.0 -9999.0 -9999.0 -9999.0 -9999.0 -9999.0 -9999.0 -9999.0 -9999.0 -9999.0 -9999.0 -9999.0 -9999.0 -9999.0 -9999.0 -9999.0 -9999.0 -9999.0 -9999.0 -9999.0 -9999.0 -9999.0 -9999.0 -9999.0 -9999.0 -9999.0 -9999.0 -9999.0 -9999.0 -9999.0 -9999.0 -9999.0 -9999.0 -9999.0 -9999.0 -9999.0 -9999.0 -9999.0 -9999.0 -9999.0 -9999.0 -9999.0 -9999.0 -9999.0 -9999.0 -9999.0 -9999.0 -9999.0 -9999.0 -9999.0 -9999.0 -9999.0 -9999.0 -9999.0 -9999.0 -9999.0 -9999.0 -9999.0 -9999.0 -9999.0 -9999.0 -9999.0 -9999.0 -9999.0 -9999.0 -9999.0 -9999.0 -9999.0 -9999.0 -9999.0 -9999.0 -9999.0 -9999.0 -9999.0 -9999.0 -9999.0 -9999.0 -9999.0 -9999.0 -9999.0 -9999.0 -9999.0 -9999.0 -9999.0 -9999.0 -9999.0 -9999.0 -9999.0 -9999.0 -9999.0 -9999.0 -9999.0 -9999.0 -9999.0 -9999.0 -9999.0 -9999.0 -9999.0 -9999.0 -9999.0 -9999.0 -9999.0 -9999.0
-9999.0 -9999.0 -9999.0 -9999.0 -9999.0 -9999.0 -9999.0 -9999.0 -9999.0 -9999.0 -9999.0 -9999.0 -9999.0 -9999.0 -9999.0 -9999.0 -9999.0 -9999.0 -9999.0 -9999.0 -9999.0 -9999.0 -9999.0 -9999.0 -9999.0 -9999.0 -9999.0 -9999.0 -9999.0 -9999.0 -9999.0 -9999.0 -9999.0 -9999.0 -9999.0 -9999.0 -9999.0 -9999.0 -9999.0 -9999.0 -9999.0 -9999.0 -9999.0 -9999.0 -9999.0 -9999.0 -9999.0 -9999.0 -9999.0 -9999.0 -9999.0 -9999.0 -9999.0 -9999.0 -9999.0 -9999.0 -9999.0 -9999.0 -9999.0 -9999.0 -9999.0 -9999.0 -9999.0 -9999.0 -9999.0 -9999.0 -9999.0 -9999.0 -9999.0 -9999.0 -9999.0 -9999.0 -9999.0 -9999.0 -9999.0 -9999.0 -9999.0 -9999.0 -9999.0 -9999.0 -9999.0 -9999.0 -9999.0 -9999.0 -9999.0 -9999.0 -9999.0 -9999.0 -9999.0 -9999.0 -9999.0 -9999.0 -9999.0 -9999.0 -9999.0 -9999.0 -9999.0 -9999.0 -9999.0 -9999.0 -9999.0 -9999.0 -9999.0 -9999.0