inst/processing_geotop_simulation/geotop_simulation/out/maps3D/PwL0015N0134.asc
ncols         104
nrows         10
xllcorner     -2.000000
yllcorner     0.000000
cellsize      1.000000
NODATA_value  -9999.0
-9999.0 -9999.0 -9999.0 -9999.0 -9999.0 -9999.0 -9999.0 -9999.0 -9999.0 -9999.0 -9999.0 -9999.0 -9999.0 -9999.0 -9999.0 -9999.0 -9999.0 -9999.0 -9999.0 -9999.0 -9999.0 -9999.0 -9999.0 -9999.0 -9999.0 -9999.0 -9999.0 -9999.0 -9999.0 -9999.0 -9999.0 -9999.0 -9999.0 -9999.0 -9999.0 -9999.0 -9999.0 -9999.0 -9999.0 -9999.0 -9999.0 -9999.0 -9999.0 -9999.0 -9999.0 -9999.0 -9999.0 -9999.0 -9999.0 -9999.0 -9999.0 -9999.0 -9999.0 -9999.0 -9999.0 -9999.0 -9999.0 -9999.0 -9999.0 -9999.0 -9999.0 -9999.0 -9999.0 -9999.0 -9999.0 -9999.0 -9999.0 -9999.0 -9999.0 -9999.0 -9999.0 -9999.0 -9999.0 -9999.0 -9999.0 -9999.0 -9999.0 -9999.0 -9999.0 -9999.0 -9999.0 -9999.0 -9999.0 -9999.0 -9999.0 -9999.0 -9999.0 -9999.0 -9999.0 -9999.0 -9999.0 -9999.0 -9999.0 -9999.0 -9999.0 -9999.0 -9999.0 -9999.0 -9999.0 -9999.0 -9999.0 -9999.0 -9999.0 -9999.0
-9999.0 -9999.0 -9999.0 -9999.0 -9999.0 -9999.0 -9999.0 -9999.0 -9999.0 -9999.0 -9999.0 -9999.0 -9999.0 -9999.0 -9999.0 -9999.0 -9999.0 -9999.0 -9999.0 -9999.0 -9999.0 -9999.0 -9999.0 -9999.0 -9999.0 -9999.0 -9999.0 -9999.0 -9999.0 -9999.0 -9999.0 -9999.0 -9999.0 -9999.0 -9999.0 -9999.0 -9999.0 -9999.0 -9999.0 -9999.0 -9999.0 -9999.0 -9999.0 -9999.0 -9999.0 -9999.0 -9999.0 -9999.0 -9999.0 -9999.0 -9999.0 -9999.0 -9999.0 -9999.0 -9999.0 -9999.0 -9999.0 -9999.0 -9999.0 -9999.0 -9999.0 -9999.0 -9999.0 -9999.0 -9999.0 -9999.0 -9999.0 -9999.0 -9999.0 -9999.0 -9999.0 -9999.0 -9999.0 -9999.0 -9999.0 -9999.0 -9999.0 -9999.0 -9999.0 -9999.0 -9999.0 -9999.0 -9999.0 -9999.0 -9999.0 -9999.0 -9999.0 -9999.0 -9999.0 -9999.0 -9999.0 -9999.0 -9999.0 -9999.0 -9999.0 -9999.0 -9999.0 -9999.0 -9999.0 -9999.0 -9999.0 -9999.0 -9999.0 -9999.0
-9999.0 -9999.0 737.747470 646.053382 552.805133 458.375925 363.376086 268.126251 172.789563 77.451629 -17.830595 -113.021146 -208.093910 -302.994404 -397.723208 -492.214750 -586.448597 -680.149761 -772.698120 -863.637152 -952.554086 -1033.924035 -1098.743133 -1148.143991 -1183.347978 -1207.140265 -1222.619641 -1232.427116 -1238.522293 -1242.253188 -1244.511101 -1245.867464 -1246.680013 -1247.168100 -1247.463748 -1247.647503 -1247.776138 -1247.914836 -1248.269108 -1250.184817 -1262.072791 -1344.919968 -2061.487186 -4216.637028 -4232.672693 -4232.673267 -4232.673267 -4232.673266 -4232.673266 -4232.673266 -4232.673266 -4232.673266 -4232.673266 -4232.673266 -4232.673266 -4232.673266 -4232.673266 -4232.673266 -4232.673267 -4232.672169 -4206.729645 -1944.585257 -1313.939422 -1256.968653 -1249.297335 -1248.275113 -1248.134814 -1248.113687 -1248.111286 -1248.112141 -1248.113378 -1248.114439 -1248.115263 -1248.115889 -1248.116367 -1248.116739 -1248.117033 -1248.117270 -1248.117468 -1248.117643 -1248.117813 -1248.118002 -1248.118238 -1248.118565 -1248.119048 -1248.119789 -1248.120954 -1248.122815 -1248.125833 -1248.130810 -1248.139190 -1248.153662 -1248.179393 -1248.226544 -1248.315403 -1248.487031 -1248.826684 -1249.521692 -1251.021296 -1254.494948 -1263.179967 -1287.622317 -9999.0 -9999.0
-9999.0 -9999.0 737.752304 646.055009 552.805629 458.376081 363.376137 268.126268 172.789569 77.451631 -17.830594 -113.021145 -208.093910 -302.994404 -397.723208 -492.214750 -586.448597 -680.149762 -772.698120 -863.637152 -952.554086 -1033.924036 -1098.743133 -1148.143992 -1183.347978 -1207.140265 -1222.619641 -1232.427116 -1238.522293 -1242.253188 -1244.511101 -1245.867464 -1246.680013 -1247.168100 -1247.463748 -1247.647503 -1247.776138 -1247.914836 -1248.269108 -1250.184817 -1262.072791 -1344.919968 -2061.487186 -4216.637028 -4232.672693 -4232.673267 -4232.673267 -4232.673266 -4232.673266 -4232.673266 -4232.673266 -4232.673266 -4232.673266 -4232.673266 -4232.673266 -4232.673266 -4232.673266 -4232.673266 -4232.673267 -4232.672169 -4206.729645 -1944.585257 -1313.939422 -1256.968653 -1249.297335 -1248.275113 -1248.134814 -1248.113687 -1248.111286 -1248.112141 -1248.113378 -1248.114439 -1248.115263 -1248.115889 -1248.116367 -1248.116739 -1248.117033 -1248.117270 -1248.117468 -1248.117643 -1248.117813 -1248.118002 -1248.118238 -1248.118565 -1248.119048 -1248.119789 -1248.120954 -1248.122815 -1248.125833 -1248.130810 -1248.139190 -1248.153662 -1248.179393 -1248.226544 -1248.315403 -1248.487031 -1248.826684 -1249.521692 -1251.021296 -1254.494948 -1263.179967 -1287.622317 -9999.0 -9999.0
-9999.0 -9999.0 737.753827 646.055812 552.805960 458.376206 363.376182 268.126285 172.789575 77.451633 -17.830594 -113.021145 -208.093910 -302.994404 -397.723208 -492.214750 -586.448598 -680.149762 -772.698120 -863.637152 -952.554086 -1033.924036 -1098.743133 -1148.143992 -1183.347978 -1207.140265 -1222.619641 -1232.427116 -1238.522293 -1242.253188 -1244.511101 -1245.867464 -1246.680013 -1247.168100 -1247.463748 -1247.647503 -1247.776138 -1247.914836 -1248.269108 -1250.184817 -1262.072791 -1344.919968 -2061.487186 -4216.637028 -4232.672693 -4232.673267 -4232.673267 -4232.673266 -4232.673266 -4232.673266 -4232.673266 -4232.673266 -4232.673266 -4232.673266 -4232.673266 -4232.673266 -4232.673266 -4232.673266 -4232.673267 -4232.672169 -4206.729645 -1944.585257 -1313.939422 -1256.968653 -1249.297335 -1248.275113 -1248.134814 -1248.113687 -1248.111286 -1248.112141 -1248.113378 -1248.114439 -1248.115263 -1248.115889 -1248.116367 -1248.116739 -1248.117033 -1248.117270 -1248.117468 -1248.117643 -1248.117813 -1248.118002 -1248.118238 -1248.118565 -1248.119048 -1248.119789 -1248.120954 -1248.122815 -1248.125833 -1248.130810 -1248.139190 -1248.153662 -1248.179393 -1248.226544 -1248.315403 -1248.487031 -1248.826684 -1249.521692 -1251.021296 -1254.494948 -1263.179967 -1287.622317 -9999.0 -9999.0
-9999.0 -9999.0 737.753827 646.055812 552.805960 458.376206 363.376182 268.126285 172.789575 77.451633 -17.830594 -113.021145 -208.093910 -302.994404 -397.723208 -492.214750 -586.448598 -680.149762 -772.698120 -863.637152 -952.554086 -1033.924036 -1098.743133 -1148.143992 -1183.347978 -1207.140265 -1222.619641 -1232.427116 -1238.522293 -1242.253188 -1244.511101 -1245.867464 -1246.680013 -1247.168100 -1247.463748 -1247.647503 -1247.776138 -1247.914836 -1248.269108 -1250.184817 -1262.072791 -1344.919968 -2061.487186 -4216.637028 -4232.672693 -4232.673267 -4232.673267 -4232.673266 -4232.673266 -4232.673266 -4232.673266 -4232.673266 -4232.673266 -4232.673266 -4232.673266 -4232.673266 -4232.673266 -4232.673266 -4232.673267 -4232.672169 -4206.729645 -1944.585257 -1313.939422 -1256.968653 -1249.297335 -1248.275113 -1248.134814 -1248.113687 -1248.111286 -1248.112141 -1248.113378 -1248.114439 -1248.115263 -1248.115889 -1248.116367 -1248.116739 -1248.117033 -1248.117270 -1248.117468 -1248.117643 -1248.117813 -1248.118002 -1248.118238 -1248.118565 -1248.119048 -1248.119789 -1248.120954 -1248.122815 -1248.125833 -1248.130810 -1248.139190 -1248.153662 -1248.179393 -1248.226544 -1248.315403 -1248.487031 -1248.826684 -1249.521692 -1251.021296 -1254.494948 -1263.179967 -1287.622317 -9999.0 -9999.0
-9999.0 -9999.0 737.752304 646.055009 552.805629 458.376081 363.376137 268.126268 172.789569 77.451631 -17.830594 -113.021146 -208.093910 -302.994404 -397.723208 -492.214750 -586.448597 -680.149762 -772.698120 -863.637152 -952.554086 -1033.924036 -1098.743133 -1148.143992 -1183.347978 -1207.140265 -1222.619641 -1232.427116 -1238.522293 -1242.253188 -1244.511101 -1245.867464 -1246.680013 -1247.168100 -1247.463748 -1247.647503 -1247.776138 -1247.914836 -1248.269108 -1250.184817 -1262.072791 -1344.919968 -2061.487186 -4216.637028 -4232.672693 -4232.673267 -4232.673267 -4232.673266 -4232.673266 -4232.673266 -4232.673266 -4232.673266 -4232.673266 -4232.673266 -4232.673266 -4232.673266 -4232.673266 -4232.673266 -4232.673267 -4232.672169 -4206.729645 -1944.585257 -1313.939422 -1256.968653 -1249.297335 -1248.275113 -1248.134814 -1248.113687 -1248.111286 -1248.112141 -1248.113378 -1248.114439 -1248.115263 -1248.115889 -1248.116367 -1248.116739 -1248.117033 -1248.117270 -1248.117468 -1248.117643 -1248.117813 -1248.118002 -1248.118238 -1248.118565 -1248.119048 -1248.119789 -1248.120954 -1248.122815 -1248.125833 -1248.130810 -1248.139190 -1248.153662 -1248.179393 -1248.226544 -1248.315403 -1248.487031 -1248.826684 -1249.521692 -1251.021296 -1254.494948 -1263.179967 -1287.622317 -9999.0 -9999.0
-9999.0 -9999.0 737.747470 646.053382 552.805133 458.375925 363.376086 268.126251 172.789563 77.451629 -17.830595 -113.021146 -208.093910 -302.994404 -397.723208 -492.214750 -586.448597 -680.149761 -772.698120 -863.637152 -952.554086 -1033.924035 -1098.743133 -1148.143991 -1183.347978 -1207.140265 -1222.619641 -1232.427116 -1238.522293 -1242.253188 -1244.511101 -1245.867464 -1246.680013 -1247.168100 -1247.463748 -1247.647503 -1247.776138 -1247.914836 -1248.269108 -1250.184817 -1262.072791 -1344.919968 -2061.487186 -4216.637028 -4232.672693 -4232.673267 -4232.673267 -4232.673266 -4232.673266 -4232.673266 -4232.673266 -4232.673266 -4232.673266 -4232.673266 -4232.673266 -4232.673266 -4232.673266 -4232.673266 -4232.673267 -4232.672169 -4206.729645 -1944.585257 -1313.939422 -1256.968653 -1249.297335 -1248.275113 -1248.134814 -1248.113687 -1248.111286 -1248.112141 -1248.113378 -1248.114439 -1248.115263 -1248.115889 -1248.116367 -1248.116739 -1248.117033 -1248.117270 -1248.117468 -1248.117643 -1248.117813 -1248.118002 -1248.118238 -1248.118565 -1248.119048 -1248.119789 -1248.120954 -1248.122815 -1248.125833 -1248.130810 -1248.139190 -1248.153662 -1248.179393 -1248.226544 -1248.315403 -1248.487031 -1248.826684 -1249.521692 -1251.021296 -1254.494948 -1263.179967 -1287.622317 -9999.0 -9999.0
-9999.0 -9999.0 -9999.0 -9999.0 -9999.0 -9999.0 -9999.0 -9999.0 -9999.0 -9999.0 -9999.0 -9999.0 -9999.0 -9999.0 -9999.0 -9999.0 -9999.0 -9999.0 -9999.0 -9999.0 -9999.0 -9999.0 -9999.0 -9999.0 -9999.0 -9999.0 -9999.0 -9999.0 -9999.0 -9999.0 -9999.0 -9999.0 -9999.0 -9999.0 -9999.0 -9999.0 -9999.0 -9999.0 -9999.0 -9999.0 -9999.0 -9999.0 -9999.0 -9999.0 -9999.0 -9999.0 -9999.0 -9999.0 -9999.0 -9999.0 -9999.0 -9999.0 -9999.0 -9999.0 -9999.0 -9999.0 -9999.0 -9999.0 -9999.0 -9999.0 -9999.0 -9999.0 -9999.0 -9999.0 -9999.0 -9999.0 -9999.0 -9999.0 -9999.0 -9999.0 -9999.0 -9999.0 -9999.0 -9999.0 -9999.0 -9999.0 -9999.0 -9999.0 -9999.0 -9999.0 -9999.0 -9999.0 -9999.0 -9999.0 -9999.0 -9999.0 -9999.0 -9999.0 -9999.0 -9999.0 -9999.0 -9999.0 -9999.0 -9999.0 -9999.0 -9999.0 -9999.0 -9999.0 -9999.0 -9999.0 -9999.0 -9999.0 -9999.0 -9999.0
-9999.0 -9999.0 -9999.0 -9999.0 -9999.0 -9999.0 -9999.0 -9999.0 -9999.0 -9999.0 -9999.0 -9999.0 -9999.0 -9999.0 -9999.0 -9999.0 -9999.0 -9999.0 -9999.0 -9999.0 -9999.0 -9999.0 -9999.0 -9999.0 -9999.0 -9999.0 -9999.0 -9999.0 -9999.0 -9999.0 -9999.0 -9999.0 -9999.0 -9999.0 -9999.0 -9999.0 -9999.0 -9999.0 -9999.0 -9999.0 -9999.0 -9999.0 -9999.0 -9999.0 -9999.0 -9999.0 -9999.0 -9999.0 -9999.0 -9999.0 -9999.0 -9999.0 -9999.0 -9999.0 -9999.0 -9999.0 -9999.0 -9999.0 -9999.0 -9999.0 -9999.0 -9999.0 -9999.0 -9999.0 -9999.0 -9999.0 -9999.0 -9999.0 -9999.0 -9999.0 -9999.0 -9999.0 -9999.0 -9999.0 -9999.0 -9999.0 -9999.0 -9999.0 -9999.0 -9999.0 -9999.0 -9999.0 -9999.0 -9999.0 -9999.0 -9999.0 -9999.0 -9999.0 -9999.0 -9999.0 -9999.0 -9999.0 -9999.0 -9999.0 -9999.0 -9999.0 -9999.0 -9999.0 -9999.0 -9999.0 -9999.0 -9999.0 -9999.0 -9999.0