inst/processing_geotop_simulation/geotop_simulation/out/maps3D/PwL0006N0031.asc
ncols         104
nrows         10
xllcorner     -2.000000
yllcorner     0.000000
cellsize      1.000000
NODATA_value  -9999.0
-9999.0 -9999.0 -9999.0 -9999.0 -9999.0 -9999.0 -9999.0 -9999.0 -9999.0 -9999.0 -9999.0 -9999.0 -9999.0 -9999.0 -9999.0 -9999.0 -9999.0 -9999.0 -9999.0 -9999.0 -9999.0 -9999.0 -9999.0 -9999.0 -9999.0 -9999.0 -9999.0 -9999.0 -9999.0 -9999.0 -9999.0 -9999.0 -9999.0 -9999.0 -9999.0 -9999.0 -9999.0 -9999.0 -9999.0 -9999.0 -9999.0 -9999.0 -9999.0 -9999.0 -9999.0 -9999.0 -9999.0 -9999.0 -9999.0 -9999.0 -9999.0 -9999.0 -9999.0 -9999.0 -9999.0 -9999.0 -9999.0 -9999.0 -9999.0 -9999.0 -9999.0 -9999.0 -9999.0 -9999.0 -9999.0 -9999.0 -9999.0 -9999.0 -9999.0 -9999.0 -9999.0 -9999.0 -9999.0 -9999.0 -9999.0 -9999.0 -9999.0 -9999.0 -9999.0 -9999.0 -9999.0 -9999.0 -9999.0 -9999.0 -9999.0 -9999.0 -9999.0 -9999.0 -9999.0 -9999.0 -9999.0 -9999.0 -9999.0 -9999.0 -9999.0 -9999.0 -9999.0 -9999.0 -9999.0 -9999.0 -9999.0 -9999.0 -9999.0 -9999.0
-9999.0 -9999.0 -9999.0 -9999.0 -9999.0 -9999.0 -9999.0 -9999.0 -9999.0 -9999.0 -9999.0 -9999.0 -9999.0 -9999.0 -9999.0 -9999.0 -9999.0 -9999.0 -9999.0 -9999.0 -9999.0 -9999.0 -9999.0 -9999.0 -9999.0 -9999.0 -9999.0 -9999.0 -9999.0 -9999.0 -9999.0 -9999.0 -9999.0 -9999.0 -9999.0 -9999.0 -9999.0 -9999.0 -9999.0 -9999.0 -9999.0 -9999.0 -9999.0 -9999.0 -9999.0 -9999.0 -9999.0 -9999.0 -9999.0 -9999.0 -9999.0 -9999.0 -9999.0 -9999.0 -9999.0 -9999.0 -9999.0 -9999.0 -9999.0 -9999.0 -9999.0 -9999.0 -9999.0 -9999.0 -9999.0 -9999.0 -9999.0 -9999.0 -9999.0 -9999.0 -9999.0 -9999.0 -9999.0 -9999.0 -9999.0 -9999.0 -9999.0 -9999.0 -9999.0 -9999.0 -9999.0 -9999.0 -9999.0 -9999.0 -9999.0 -9999.0 -9999.0 -9999.0 -9999.0 -9999.0 -9999.0 -9999.0 -9999.0 -9999.0 -9999.0 -9999.0 -9999.0 -9999.0 -9999.0 -9999.0 -9999.0 -9999.0 -9999.0 -9999.0
-9999.0 -9999.0 -167.987094 -260.588296 -340.493628 -400.333630 -437.243091 -455.913204 -465.158168 -474.654082 -476.958726 -487.878527 -491.760816 -453.999020 -297.108462 -135.809630 -4.548308 42.642060 -6.766110 -60.688546 -118.438855 -179.311202 -241.852289 -302.367807 -356.654109 -399.700176 -429.728246 -448.407387 -459.054100 -464.743813 -467.660825 -469.107211 -469.785210 -470.040798 -470.022531 -469.760418 -469.063032 -467.693213 -471.079568 -474.942442 -444.729685 -469.034405 -1322.145643 -1317.627115 -1187.956882 -1113.729191 -1079.922599 -1076.137532 -1075.744091 -1075.708995 -1075.710662 -1075.715956 -1075.721328 -1075.726494 -1075.733045 -1075.757608 -1075.964295 -1077.851982 -1094.632391 -1131.582023 -1196.422336 -1130.524970 -496.555174 -489.491917 -475.098968 -471.355026 -470.911585 -470.987867 -471.129227 -471.250881 -471.341732 -471.406655 -471.452258 -471.484617 -471.507935 -471.525076 -471.538061 -471.548204 -471.556263 -471.563225 -471.569605 -471.576334 -471.584376 -471.595411 -471.611975 -471.637647 -471.677818 -471.741103 -471.841684 -472.002998 -472.264416 -472.693716 -473.410946 -474.634509 -476.768880 -480.562624 -487.361604 -499.429226 -520.164843 -553.931798 -605.735175 -681.649154 -9999.0 -9999.0
-9999.0 -9999.0 -167.961696 -260.580988 -340.491650 -400.333135 -437.243007 -455.913219 -465.158196 -474.654105 -476.958726 -487.878527 -491.760816 -453.999020 -297.108462 -135.809630 -4.548308 42.642060 -6.766110 -60.688546 -118.438855 -179.311202 -241.852289 -302.367807 -356.654109 -399.700176 -429.728246 -448.407387 -459.054100 -464.743813 -467.660825 -469.107211 -469.785210 -470.040798 -470.022531 -469.760418 -469.063032 -467.693213 -471.079568 -474.942442 -444.729685 -469.034405 -1322.145643 -1317.627114 -1187.956881 -1113.729188 -1079.922599 -1076.137532 -1075.744091 -1075.708995 -1075.710662 -1075.715956 -1075.721328 -1075.726494 -1075.733045 -1075.757608 -1075.964295 -1077.851982 -1094.632391 -1131.582023 -1196.422336 -1130.524971 -496.555174 -489.491917 -475.098968 -471.355026 -470.911585 -470.987867 -471.129227 -471.250881 -471.341732 -471.406655 -471.452258 -471.484617 -471.507935 -471.525076 -471.538061 -471.548204 -471.556263 -471.563225 -471.569605 -471.576334 -471.584376 -471.595411 -471.611975 -471.637647 -471.677818 -471.741103 -471.841684 -472.002998 -472.264416 -472.693716 -473.410946 -474.634509 -476.768880 -480.562624 -487.361604 -499.429226 -520.164843 -553.931798 -605.735175 -681.649154 -9999.0 -9999.0
-9999.0 -9999.0 -167.950781 -260.576646 -340.490258 -400.332763 -437.242944 -455.913236 -465.158223 -474.654127 -476.958727 -487.878527 -491.760816 -453.999020 -297.108462 -135.809630 -4.548308 42.642060 -6.766110 -60.688546 -118.438855 -179.311202 -241.852289 -302.367807 -356.654109 -399.700176 -429.728246 -448.407387 -459.054100 -464.743813 -467.660825 -469.107211 -469.785210 -470.040798 -470.022531 -469.760418 -469.063032 -467.693213 -471.079568 -474.942442 -444.729685 -469.034405 -1322.145643 -1317.627114 -1187.956881 -1113.729187 -1079.922599 -1076.137532 -1075.744091 -1075.708995 -1075.710662 -1075.715956 -1075.721328 -1075.726494 -1075.733045 -1075.757608 -1075.964295 -1077.851982 -1094.632391 -1131.582023 -1196.422336 -1130.524971 -496.555174 -489.491917 -475.098968 -471.355026 -470.911585 -470.987867 -471.129227 -471.250881 -471.341732 -471.406655 -471.452258 -471.484617 -471.507935 -471.525076 -471.538061 -471.548204 -471.556263 -471.563225 -471.569605 -471.576334 -471.584376 -471.595411 -471.611975 -471.637647 -471.677818 -471.741103 -471.841684 -472.002998 -472.264416 -472.693716 -473.410946 -474.634509 -476.768880 -480.562624 -487.361604 -499.429226 -520.164843 -553.931798 -605.735175 -681.649154 -9999.0 -9999.0
-9999.0 -9999.0 -167.950781 -260.576646 -340.490258 -400.332763 -437.242944 -455.913236 -465.158223 -474.654127 -476.958727 -487.878527 -491.760816 -453.999020 -297.108462 -135.809630 -4.548308 42.642060 -6.766110 -60.688546 -118.438855 -179.311202 -241.852289 -302.367807 -356.654109 -399.700176 -429.728246 -448.407387 -459.054100 -464.743813 -467.660825 -469.107211 -469.785210 -470.040798 -470.022531 -469.760418 -469.063032 -467.693213 -471.079568 -474.942442 -444.729685 -469.034405 -1322.145643 -1317.627114 -1187.956881 -1113.729187 -1079.922599 -1076.137532 -1075.744091 -1075.708995 -1075.710662 -1075.715956 -1075.721328 -1075.726494 -1075.733045 -1075.757608 -1075.964295 -1077.851982 -1094.632391 -1131.582023 -1196.422336 -1130.524971 -496.555174 -489.491917 -475.098968 -471.355026 -470.911585 -470.987867 -471.129227 -471.250881 -471.341732 -471.406655 -471.452258 -471.484617 -471.507935 -471.525076 -471.538061 -471.548204 -471.556263 -471.563225 -471.569605 -471.576334 -471.584376 -471.595411 -471.611975 -471.637647 -471.677818 -471.741103 -471.841684 -472.002998 -472.264416 -472.693716 -473.410946 -474.634509 -476.768880 -480.562624 -487.361604 -499.429226 -520.164843 -553.931798 -605.735175 -681.649154 -9999.0 -9999.0
-9999.0 -9999.0 -167.961696 -260.580988 -340.491649 -400.333135 -437.243007 -455.913219 -465.158196 -474.654105 -476.958726 -487.878527 -491.760816 -453.999020 -297.108462 -135.809630 -4.548308 42.642060 -6.766110 -60.688546 -118.438855 -179.311202 -241.852289 -302.367807 -356.654109 -399.700176 -429.728246 -448.407387 -459.054100 -464.743813 -467.660825 -469.107211 -469.785210 -470.040798 -470.022531 -469.760418 -469.063032 -467.693213 -471.079568 -474.942442 -444.729685 -469.034405 -1322.145643 -1317.627114 -1187.956881 -1113.729188 -1079.922599 -1076.137532 -1075.744091 -1075.708995 -1075.710662 -1075.715956 -1075.721328 -1075.726494 -1075.733045 -1075.757608 -1075.964295 -1077.851982 -1094.632391 -1131.582023 -1196.422336 -1130.524971 -496.555174 -489.491917 -475.098968 -471.355026 -470.911585 -470.987867 -471.129227 -471.250881 -471.341732 -471.406655 -471.452258 -471.484617 -471.507935 -471.525076 -471.538061 -471.548204 -471.556263 -471.563225 -471.569605 -471.576334 -471.584376 -471.595411 -471.611975 -471.637647 -471.677818 -471.741103 -471.841684 -472.002998 -472.264416 -472.693716 -473.410946 -474.634509 -476.768880 -480.562624 -487.361604 -499.429226 -520.164843 -553.931798 -605.735175 -681.649154 -9999.0 -9999.0
-9999.0 -9999.0 -167.987094 -260.588296 -340.493628 -400.333630 -437.243091 -455.913204 -465.158168 -474.654082 -476.958725 -487.878527 -491.760816 -453.999020 -297.108462 -135.809630 -4.548308 42.642060 -6.766110 -60.688546 -118.438855 -179.311202 -241.852289 -302.367807 -356.654109 -399.700176 -429.728246 -448.407387 -459.054100 -464.743813 -467.660825 -469.107211 -469.785210 -470.040798 -470.022531 -469.760418 -469.063032 -467.693213 -471.079568 -474.942442 -444.729685 -469.034405 -1322.145643 -1317.627115 -1187.956882 -1113.729191 -1079.922599 -1076.137532 -1075.744091 -1075.708995 -1075.710662 -1075.715956 -1075.721328 -1075.726494 -1075.733045 -1075.757608 -1075.964295 -1077.851982 -1094.632391 -1131.582023 -1196.422336 -1130.524970 -496.555174 -489.491917 -475.098968 -471.355026 -470.911585 -470.987867 -471.129227 -471.250881 -471.341732 -471.406655 -471.452258 -471.484617 -471.507935 -471.525076 -471.538061 -471.548204 -471.556263 -471.563225 -471.569605 -471.576334 -471.584376 -471.595411 -471.611975 -471.637647 -471.677818 -471.741103 -471.841684 -472.002998 -472.264416 -472.693716 -473.410946 -474.634509 -476.768880 -480.562624 -487.361604 -499.429226 -520.164843 -553.931798 -605.735175 -681.649154 -9999.0 -9999.0
-9999.0 -9999.0 -9999.0 -9999.0 -9999.0 -9999.0 -9999.0 -9999.0 -9999.0 -9999.0 -9999.0 -9999.0 -9999.0 -9999.0 -9999.0 -9999.0 -9999.0 -9999.0 -9999.0 -9999.0 -9999.0 -9999.0 -9999.0 -9999.0 -9999.0 -9999.0 -9999.0 -9999.0 -9999.0 -9999.0 -9999.0 -9999.0 -9999.0 -9999.0 -9999.0 -9999.0 -9999.0 -9999.0 -9999.0 -9999.0 -9999.0 -9999.0 -9999.0 -9999.0 -9999.0 -9999.0 -9999.0 -9999.0 -9999.0 -9999.0 -9999.0 -9999.0 -9999.0 -9999.0 -9999.0 -9999.0 -9999.0 -9999.0 -9999.0 -9999.0 -9999.0 -9999.0 -9999.0 -9999.0 -9999.0 -9999.0 -9999.0 -9999.0 -9999.0 -9999.0 -9999.0 -9999.0 -9999.0 -9999.0 -9999.0 -9999.0 -9999.0 -9999.0 -9999.0 -9999.0 -9999.0 -9999.0 -9999.0 -9999.0 -9999.0 -9999.0 -9999.0 -9999.0 -9999.0 -9999.0 -9999.0 -9999.0 -9999.0 -9999.0 -9999.0 -9999.0 -9999.0 -9999.0 -9999.0 -9999.0 -9999.0 -9999.0 -9999.0 -9999.0
-9999.0 -9999.0 -9999.0 -9999.0 -9999.0 -9999.0 -9999.0 -9999.0 -9999.0 -9999.0 -9999.0 -9999.0 -9999.0 -9999.0 -9999.0 -9999.0 -9999.0 -9999.0 -9999.0 -9999.0 -9999.0 -9999.0 -9999.0 -9999.0 -9999.0 -9999.0 -9999.0 -9999.0 -9999.0 -9999.0 -9999.0 -9999.0 -9999.0 -9999.0 -9999.0 -9999.0 -9999.0 -9999.0 -9999.0 -9999.0 -9999.0 -9999.0 -9999.0 -9999.0 -9999.0 -9999.0 -9999.0 -9999.0 -9999.0 -9999.0 -9999.0 -9999.0 -9999.0 -9999.0 -9999.0 -9999.0 -9999.0 -9999.0 -9999.0 -9999.0 -9999.0 -9999.0 -9999.0 -9999.0 -9999.0 -9999.0 -9999.0 -9999.0 -9999.0 -9999.0 -9999.0 -9999.0 -9999.0 -9999.0 -9999.0 -9999.0 -9999.0 -9999.0 -9999.0 -9999.0 -9999.0 -9999.0 -9999.0 -9999.0 -9999.0 -9999.0 -9999.0 -9999.0 -9999.0 -9999.0 -9999.0 -9999.0 -9999.0 -9999.0 -9999.0 -9999.0 -9999.0 -9999.0 -9999.0 -9999.0 -9999.0 -9999.0 -9999.0 -9999.0