inst/processing_geotop_simulation/geotop_simulation/out/maps3D/PwL0021N0066.asc
ncols         104
nrows         10
xllcorner     -2.000000
yllcorner     0.000000
cellsize      1.000000
NODATA_value  -9999.0
-9999.0 -9999.0 -9999.0 -9999.0 -9999.0 -9999.0 -9999.0 -9999.0 -9999.0 -9999.0 -9999.0 -9999.0 -9999.0 -9999.0 -9999.0 -9999.0 -9999.0 -9999.0 -9999.0 -9999.0 -9999.0 -9999.0 -9999.0 -9999.0 -9999.0 -9999.0 -9999.0 -9999.0 -9999.0 -9999.0 -9999.0 -9999.0 -9999.0 -9999.0 -9999.0 -9999.0 -9999.0 -9999.0 -9999.0 -9999.0 -9999.0 -9999.0 -9999.0 -9999.0 -9999.0 -9999.0 -9999.0 -9999.0 -9999.0 -9999.0 -9999.0 -9999.0 -9999.0 -9999.0 -9999.0 -9999.0 -9999.0 -9999.0 -9999.0 -9999.0 -9999.0 -9999.0 -9999.0 -9999.0 -9999.0 -9999.0 -9999.0 -9999.0 -9999.0 -9999.0 -9999.0 -9999.0 -9999.0 -9999.0 -9999.0 -9999.0 -9999.0 -9999.0 -9999.0 -9999.0 -9999.0 -9999.0 -9999.0 -9999.0 -9999.0 -9999.0 -9999.0 -9999.0 -9999.0 -9999.0 -9999.0 -9999.0 -9999.0 -9999.0 -9999.0 -9999.0 -9999.0 -9999.0 -9999.0 -9999.0 -9999.0 -9999.0 -9999.0 -9999.0
-9999.0 -9999.0 -9999.0 -9999.0 -9999.0 -9999.0 -9999.0 -9999.0 -9999.0 -9999.0 -9999.0 -9999.0 -9999.0 -9999.0 -9999.0 -9999.0 -9999.0 -9999.0 -9999.0 -9999.0 -9999.0 -9999.0 -9999.0 -9999.0 -9999.0 -9999.0 -9999.0 -9999.0 -9999.0 -9999.0 -9999.0 -9999.0 -9999.0 -9999.0 -9999.0 -9999.0 -9999.0 -9999.0 -9999.0 -9999.0 -9999.0 -9999.0 -9999.0 -9999.0 -9999.0 -9999.0 -9999.0 -9999.0 -9999.0 -9999.0 -9999.0 -9999.0 -9999.0 -9999.0 -9999.0 -9999.0 -9999.0 -9999.0 -9999.0 -9999.0 -9999.0 -9999.0 -9999.0 -9999.0 -9999.0 -9999.0 -9999.0 -9999.0 -9999.0 -9999.0 -9999.0 -9999.0 -9999.0 -9999.0 -9999.0 -9999.0 -9999.0 -9999.0 -9999.0 -9999.0 -9999.0 -9999.0 -9999.0 -9999.0 -9999.0 -9999.0 -9999.0 -9999.0 -9999.0 -9999.0 -9999.0 -9999.0 -9999.0 -9999.0 -9999.0 -9999.0 -9999.0 -9999.0 -9999.0 -9999.0 -9999.0 -9999.0 -9999.0 -9999.0
-9999.0 -9999.0 530.144736 430.521387 331.418367 232.995995 135.313242 38.381141 -57.810017 -153.787898 -250.718197 -350.142451 -452.268705 -552.223625 -637.899086 -694.295123 -724.506623 -738.898285 -745.482865 -748.884988 -776.174699 -825.375233 -872.012848 -917.243168 -922.101192 -897.823036 -883.764050 -876.217783 -872.675621 -871.487109 -871.588369 -872.312097 -873.259019 -874.207389 -875.048998 -875.746290 -876.312941 -876.812552 -877.314618 -878.298788 -886.558485 -979.037669 -2135.089827 -3932.615404 -3935.643470 -3935.643515 -3935.637707 -3935.518749 -3934.660705 -3930.854427 -3917.446084 -3872.545518 -3799.841707 -3716.691930 -3602.762556 -3439.594429 -3215.261635 -2939.113732 -2642.912194 -2362.221169 -2111.736045 -1499.940779 -947.476001 -884.305523 -878.766314 -878.122848 -878.007553 -877.986096 -877.984555 -877.986838 -877.989389 -877.991496 -877.993117 -877.994347 -877.995291 -877.996026 -877.996610 -877.997082 -877.997475 -877.997821 -877.998156 -877.998523 -877.998981 -877.999611 -878.000538 -878.001958 -878.004183 -878.007728 -878.013453 -878.022841 -878.038536 -878.065417 -878.112802 -878.198969 -878.360396 -878.670564 -879.279632 -880.509663 -883.138576 -889.382588 -906.132693 -951.010781 -9999.0 -9999.0
-9999.0 -9999.0 530.144737 430.521388 331.418368 232.995996 135.313243 38.381141 -57.810016 -153.787897 -250.718197 -350.142451 -452.268705 -552.223625 -637.899086 -694.295123 -724.506623 -738.898285 -745.482865 -748.884988 -776.174699 -825.375233 -872.012848 -917.243168 -922.101192 -897.823036 -883.764050 -876.217783 -872.675621 -871.487109 -871.588369 -872.312097 -873.259019 -874.207389 -875.048998 -875.746290 -876.312941 -876.812552 -877.314618 -878.298788 -886.558485 -979.037669 -2135.089826 -3932.615404 -3935.643470 -3935.643515 -3935.637707 -3935.518749 -3934.660705 -3930.854427 -3917.446084 -3872.545518 -3799.841707 -3716.691930 -3602.762555 -3439.594429 -3215.261633 -2939.113732 -2642.912193 -2362.221169 -2111.736045 -1499.940780 -947.476001 -884.305523 -878.766314 -878.122848 -878.007553 -877.986096 -877.984555 -877.986838 -877.989389 -877.991496 -877.993117 -877.994347 -877.995291 -877.996026 -877.996610 -877.997082 -877.997475 -877.997821 -877.998156 -877.998523 -877.998981 -877.999611 -878.000538 -878.001958 -878.004183 -878.007728 -878.013453 -878.022841 -878.038536 -878.065417 -878.112802 -878.198969 -878.360396 -878.670564 -879.279632 -880.509663 -883.138576 -889.382588 -906.132693 -951.010781 -9999.0 -9999.0
-9999.0 -9999.0 530.144737 430.521388 331.418368 232.995996 135.313243 38.381142 -57.810016 -153.787897 -250.718197 -350.142450 -452.268705 -552.223625 -637.899086 -694.295123 -724.506623 -738.898285 -745.482865 -748.884988 -776.174699 -825.375233 -872.012848 -917.243168 -922.101192 -897.823036 -883.764050 -876.217783 -872.675621 -871.487109 -871.588369 -872.312097 -873.259019 -874.207389 -875.048998 -875.746290 -876.312941 -876.812552 -877.314618 -878.298788 -886.558485 -979.037669 -2135.089826 -3932.615404 -3935.643470 -3935.643515 -3935.637707 -3935.518749 -3934.660705 -3930.854427 -3917.446084 -3872.545517 -3799.841707 -3716.691930 -3602.762555 -3439.594428 -3215.261633 -2939.113730 -2642.912193 -2362.221168 -2111.736044 -1499.940779 -947.476001 -884.305523 -878.766314 -878.122848 -878.007553 -877.986096 -877.984555 -877.986838 -877.989389 -877.991496 -877.993117 -877.994347 -877.995291 -877.996026 -877.996610 -877.997082 -877.997475 -877.997821 -877.998156 -877.998523 -877.998981 -877.999611 -878.000538 -878.001958 -878.004183 -878.007728 -878.013453 -878.022841 -878.038536 -878.065417 -878.112802 -878.198969 -878.360396 -878.670564 -879.279632 -880.509663 -883.138576 -889.382588 -906.132693 -951.010781 -9999.0 -9999.0
-9999.0 -9999.0 530.144737 430.521388 331.418368 232.995996 135.313243 38.381142 -57.810016 -153.787897 -250.718197 -350.142450 -452.268705 -552.223625 -637.899086 -694.295123 -724.506623 -738.898285 -745.482865 -748.884988 -776.174699 -825.375233 -872.012848 -917.243168 -922.101192 -897.823036 -883.764050 -876.217783 -872.675621 -871.487109 -871.588369 -872.312097 -873.259019 -874.207389 -875.048998 -875.746290 -876.312941 -876.812552 -877.314618 -878.298788 -886.558485 -979.037669 -2135.089826 -3932.615404 -3935.643470 -3935.643515 -3935.637707 -3935.518749 -3934.660705 -3930.854427 -3917.446084 -3872.545517 -3799.841707 -3716.691930 -3602.762555 -3439.594428 -3215.261633 -2939.113731 -2642.912192 -2362.221169 -2111.736044 -1499.940779 -947.476001 -884.305523 -878.766314 -878.122848 -878.007553 -877.986096 -877.984555 -877.986838 -877.989389 -877.991496 -877.993117 -877.994347 -877.995291 -877.996026 -877.996610 -877.997082 -877.997475 -877.997821 -877.998156 -877.998523 -877.998981 -877.999611 -878.000538 -878.001958 -878.004183 -878.007728 -878.013453 -878.022841 -878.038536 -878.065417 -878.112802 -878.198969 -878.360396 -878.670564 -879.279632 -880.509663 -883.138576 -889.382588 -906.132693 -951.010781 -9999.0 -9999.0
-9999.0 -9999.0 530.144737 430.521388 331.418368 232.995996 135.313243 38.381141 -57.810016 -153.787897 -250.718197 -350.142450 -452.268705 -552.223625 -637.899086 -694.295123 -724.506623 -738.898285 -745.482865 -748.884988 -776.174699 -825.375233 -872.012848 -917.243168 -922.101192 -897.823036 -883.764050 -876.217783 -872.675621 -871.487109 -871.588369 -872.312097 -873.259019 -874.207389 -875.048998 -875.746290 -876.312941 -876.812552 -877.314618 -878.298788 -886.558485 -979.037669 -2135.089826 -3932.615404 -3935.643470 -3935.643515 -3935.637707 -3935.518749 -3934.660705 -3930.854427 -3917.446084 -3872.545518 -3799.841707 -3716.691930 -3602.762555 -3439.594428 -3215.261634 -2939.113731 -2642.912193 -2362.221169 -2111.736045 -1499.940779 -947.476001 -884.305523 -878.766314 -878.122848 -878.007553 -877.986096 -877.984555 -877.986838 -877.989389 -877.991496 -877.993117 -877.994347 -877.995291 -877.996026 -877.996610 -877.997082 -877.997475 -877.997821 -877.998156 -877.998523 -877.998981 -877.999611 -878.000538 -878.001958 -878.004183 -878.007728 -878.013453 -878.022841 -878.038536 -878.065417 -878.112802 -878.198969 -878.360396 -878.670564 -879.279632 -880.509663 -883.138576 -889.382588 -906.132693 -951.010781 -9999.0 -9999.0
-9999.0 -9999.0 530.144736 430.521387 331.418367 232.995995 135.313242 38.381141 -57.810017 -153.787898 -250.718197 -350.142451 -452.268705 -552.223625 -637.899086 -694.295123 -724.506623 -738.898285 -745.482865 -748.884988 -776.174699 -825.375233 -872.012848 -917.243168 -922.101192 -897.823036 -883.764050 -876.217783 -872.675621 -871.487109 -871.588369 -872.312097 -873.259019 -874.207389 -875.048998 -875.746290 -876.312941 -876.812552 -877.314618 -878.298788 -886.558485 -979.037669 -2135.089827 -3932.615404 -3935.643470 -3935.643515 -3935.637707 -3935.518749 -3934.660705 -3930.854427 -3917.446084 -3872.545518 -3799.841707 -3716.691930 -3602.762556 -3439.594429 -3215.261634 -2939.113733 -2642.912194 -2362.221169 -2111.736045 -1499.940780 -947.476001 -884.305523 -878.766314 -878.122848 -878.007553 -877.986096 -877.984555 -877.986838 -877.989389 -877.991496 -877.993117 -877.994347 -877.995291 -877.996026 -877.996610 -877.997082 -877.997475 -877.997821 -877.998156 -877.998523 -877.998981 -877.999611 -878.000538 -878.001958 -878.004183 -878.007728 -878.013453 -878.022841 -878.038536 -878.065417 -878.112802 -878.198969 -878.360396 -878.670564 -879.279632 -880.509663 -883.138576 -889.382588 -906.132693 -951.010781 -9999.0 -9999.0
-9999.0 -9999.0 -9999.0 -9999.0 -9999.0 -9999.0 -9999.0 -9999.0 -9999.0 -9999.0 -9999.0 -9999.0 -9999.0 -9999.0 -9999.0 -9999.0 -9999.0 -9999.0 -9999.0 -9999.0 -9999.0 -9999.0 -9999.0 -9999.0 -9999.0 -9999.0 -9999.0 -9999.0 -9999.0 -9999.0 -9999.0 -9999.0 -9999.0 -9999.0 -9999.0 -9999.0 -9999.0 -9999.0 -9999.0 -9999.0 -9999.0 -9999.0 -9999.0 -9999.0 -9999.0 -9999.0 -9999.0 -9999.0 -9999.0 -9999.0 -9999.0 -9999.0 -9999.0 -9999.0 -9999.0 -9999.0 -9999.0 -9999.0 -9999.0 -9999.0 -9999.0 -9999.0 -9999.0 -9999.0 -9999.0 -9999.0 -9999.0 -9999.0 -9999.0 -9999.0 -9999.0 -9999.0 -9999.0 -9999.0 -9999.0 -9999.0 -9999.0 -9999.0 -9999.0 -9999.0 -9999.0 -9999.0 -9999.0 -9999.0 -9999.0 -9999.0 -9999.0 -9999.0 -9999.0 -9999.0 -9999.0 -9999.0 -9999.0 -9999.0 -9999.0 -9999.0 -9999.0 -9999.0 -9999.0 -9999.0 -9999.0 -9999.0 -9999.0 -9999.0
-9999.0 -9999.0 -9999.0 -9999.0 -9999.0 -9999.0 -9999.0 -9999.0 -9999.0 -9999.0 -9999.0 -9999.0 -9999.0 -9999.0 -9999.0 -9999.0 -9999.0 -9999.0 -9999.0 -9999.0 -9999.0 -9999.0 -9999.0 -9999.0 -9999.0 -9999.0 -9999.0 -9999.0 -9999.0 -9999.0 -9999.0 -9999.0 -9999.0 -9999.0 -9999.0 -9999.0 -9999.0 -9999.0 -9999.0 -9999.0 -9999.0 -9999.0 -9999.0 -9999.0 -9999.0 -9999.0 -9999.0 -9999.0 -9999.0 -9999.0 -9999.0 -9999.0 -9999.0 -9999.0 -9999.0 -9999.0 -9999.0 -9999.0 -9999.0 -9999.0 -9999.0 -9999.0 -9999.0 -9999.0 -9999.0 -9999.0 -9999.0 -9999.0 -9999.0 -9999.0 -9999.0 -9999.0 -9999.0 -9999.0 -9999.0 -9999.0 -9999.0 -9999.0 -9999.0 -9999.0 -9999.0 -9999.0 -9999.0 -9999.0 -9999.0 -9999.0 -9999.0 -9999.0 -9999.0 -9999.0 -9999.0 -9999.0 -9999.0 -9999.0 -9999.0 -9999.0 -9999.0 -9999.0 -9999.0 -9999.0 -9999.0 -9999.0 -9999.0 -9999.0