inst/processing_geotop_simulation/geotop_simulation/out/maps3D/PwL0004N0012.asc
ncols         104
nrows         10
xllcorner     -2.000000
yllcorner     0.000000
cellsize      1.000000
NODATA_value  -9999.0
-9999.0 -9999.0 -9999.0 -9999.0 -9999.0 -9999.0 -9999.0 -9999.0 -9999.0 -9999.0 -9999.0 -9999.0 -9999.0 -9999.0 -9999.0 -9999.0 -9999.0 -9999.0 -9999.0 -9999.0 -9999.0 -9999.0 -9999.0 -9999.0 -9999.0 -9999.0 -9999.0 -9999.0 -9999.0 -9999.0 -9999.0 -9999.0 -9999.0 -9999.0 -9999.0 -9999.0 -9999.0 -9999.0 -9999.0 -9999.0 -9999.0 -9999.0 -9999.0 -9999.0 -9999.0 -9999.0 -9999.0 -9999.0 -9999.0 -9999.0 -9999.0 -9999.0 -9999.0 -9999.0 -9999.0 -9999.0 -9999.0 -9999.0 -9999.0 -9999.0 -9999.0 -9999.0 -9999.0 -9999.0 -9999.0 -9999.0 -9999.0 -9999.0 -9999.0 -9999.0 -9999.0 -9999.0 -9999.0 -9999.0 -9999.0 -9999.0 -9999.0 -9999.0 -9999.0 -9999.0 -9999.0 -9999.0 -9999.0 -9999.0 -9999.0 -9999.0 -9999.0 -9999.0 -9999.0 -9999.0 -9999.0 -9999.0 -9999.0 -9999.0 -9999.0 -9999.0 -9999.0 -9999.0 -9999.0 -9999.0 -9999.0 -9999.0 -9999.0 -9999.0
-9999.0 -9999.0 -9999.0 -9999.0 -9999.0 -9999.0 -9999.0 -9999.0 -9999.0 -9999.0 -9999.0 -9999.0 -9999.0 -9999.0 -9999.0 -9999.0 -9999.0 -9999.0 -9999.0 -9999.0 -9999.0 -9999.0 -9999.0 -9999.0 -9999.0 -9999.0 -9999.0 -9999.0 -9999.0 -9999.0 -9999.0 -9999.0 -9999.0 -9999.0 -9999.0 -9999.0 -9999.0 -9999.0 -9999.0 -9999.0 -9999.0 -9999.0 -9999.0 -9999.0 -9999.0 -9999.0 -9999.0 -9999.0 -9999.0 -9999.0 -9999.0 -9999.0 -9999.0 -9999.0 -9999.0 -9999.0 -9999.0 -9999.0 -9999.0 -9999.0 -9999.0 -9999.0 -9999.0 -9999.0 -9999.0 -9999.0 -9999.0 -9999.0 -9999.0 -9999.0 -9999.0 -9999.0 -9999.0 -9999.0 -9999.0 -9999.0 -9999.0 -9999.0 -9999.0 -9999.0 -9999.0 -9999.0 -9999.0 -9999.0 -9999.0 -9999.0 -9999.0 -9999.0 -9999.0 -9999.0 -9999.0 -9999.0 -9999.0 -9999.0 -9999.0 -9999.0 -9999.0 -9999.0 -9999.0 -9999.0 -9999.0 -9999.0 -9999.0 -9999.0
-9999.0 -9999.0 178.255183 88.714383 0.099662 -88.019245 -170.695194 -234.220049 -266.117772 -263.974241 -350.261178 -375.603397 -281.990298 -217.185794 -139.272265 25.981982 107.670365 81.137565 45.560656 3.798585 -42.541925 -92.242135 -143.590148 -191.633127 -233.486949 -267.522474 -294.006280 -312.265799 -324.636482 -333.098940 -338.773916 -342.713823 -345.180100 -346.544576 -347.000911 -346.271319 -344.014240 -339.643526 -331.812348 -318.179948 -294.385544 -255.062212 -1415.275989 -1342.778015 -1249.772421 -1193.984339 -1168.359240 -1165.278179 -1164.938275 -1164.905552 -1164.903825 -1164.905140 -1164.906677 -1164.908191 -1164.910121 -1164.917157 -1164.974780 -1165.238543 -1165.909879 -1168.959602 -1184.486319 -1163.722402 138.181327 57.575606 -22.271762 -100.002536 -171.410064 -230.524223 -274.181333 -303.696606 -322.674691 -334.630550 -342.121055 -346.811606 -349.819858 -351.757494 -353.048301 -353.845615 -354.433829 -354.858796 -355.143512 -355.325297 -355.512017 -355.688648 -355.873989 -356.041612 -356.310026 -356.696537 -357.238325 -358.096187 -359.432836 -361.507907 -364.742813 -369.766704 -377.506444 -389.283456 -406.892927 -432.616543 -469.348750 -521.297313 -594.510107 -694.730100 -9999.0 -9999.0
-9999.0 -9999.0 178.356845 88.743888 0.109407 -88.015738 -170.693976 -234.219676 -266.117666 -263.974213 -350.261172 -375.603396 -281.990297 -217.185793 -139.272265 25.981982 107.670365 81.137565 45.560656 3.798585 -42.541925 -92.242135 -143.590148 -191.633127 -233.486948 -267.522474 -294.006279 -312.265799 -324.636482 -333.098939 -338.773916 -342.713822 -345.180099 -346.544576 -347.000911 -346.271317 -344.014240 -339.643526 -331.812348 -318.179947 -294.385544 -255.062212 -1415.275989 -1342.778014 -1249.772421 -1193.984337 -1168.359240 -1165.278179 -1164.938275 -1164.905552 -1164.903825 -1164.905140 -1164.906677 -1164.908191 -1164.910121 -1164.917157 -1164.974780 -1165.238543 -1165.909879 -1168.959602 -1184.486319 -1163.722402 138.181327 57.575606 -22.271762 -100.002536 -171.410064 -230.524223 -274.181333 -303.696606 -322.674691 -334.630550 -342.121055 -346.811606 -349.819858 -351.757494 -353.048301 -353.845615 -354.433829 -354.858796 -355.143512 -355.325297 -355.512017 -355.688648 -355.873989 -356.041612 -356.310026 -356.696537 -357.238325 -358.096187 -359.432836 -361.507907 -364.742813 -369.766705 -377.506443 -389.283456 -406.892926 -432.616543 -469.348749 -521.297313 -594.510106 -694.730101 -9999.0 -9999.0
-9999.0 -9999.0 178.379945 88.758349 0.116259 -88.012815 -170.692873 -234.219324 -266.117565 -263.974185 -350.261166 -375.603394 -281.990296 -217.185793 -139.272265 25.981982 107.670365 81.137565 45.560656 3.798585 -42.541925 -92.242135 -143.590148 -191.633126 -233.486948 -267.522473 -294.006279 -312.265799 -324.636482 -333.098939 -338.773916 -342.713822 -345.180099 -346.544576 -347.000911 -346.271317 -344.014240 -339.643526 -331.812347 -318.179948 -294.385543 -255.062212 -1415.275989 -1342.778014 -1249.772420 -1193.984335 -1168.359240 -1165.278179 -1164.938275 -1164.905552 -1164.903825 -1164.905140 -1164.906677 -1164.908191 -1164.910121 -1164.917157 -1164.974780 -1165.238543 -1165.909879 -1168.959602 -1184.486319 -1163.722402 138.181327 57.575606 -22.271762 -100.002536 -171.410064 -230.524223 -274.181333 -303.696606 -322.674691 -334.630550 -342.121055 -346.811606 -349.819858 -351.757494 -353.048301 -353.845615 -354.433829 -354.858796 -355.143512 -355.325297 -355.512017 -355.688648 -355.873989 -356.041612 -356.310026 -356.696537 -357.238325 -358.096187 -359.432836 -361.507907 -364.742813 -369.766704 -377.506444 -389.283456 -406.892927 -432.616543 -469.348750 -521.297313 -594.510107 -694.730100 -9999.0 -9999.0
-9999.0 -9999.0 178.379945 88.758349 0.116259 -88.012815 -170.692873 -234.219324 -266.117565 -263.974185 -350.261166 -375.603394 -281.990296 -217.185793 -139.272265 25.981982 107.670365 81.137565 45.560656 3.798585 -42.541925 -92.242135 -143.590148 -191.633126 -233.486948 -267.522473 -294.006279 -312.265799 -324.636482 -333.098939 -338.773916 -342.713822 -345.180099 -346.544576 -347.000911 -346.271317 -344.014240 -339.643526 -331.812347 -318.179948 -294.385543 -255.062212 -1415.275989 -1342.778014 -1249.772420 -1193.984335 -1168.359240 -1165.278179 -1164.938275 -1164.905552 -1164.903825 -1164.905140 -1164.906677 -1164.908191 -1164.910121 -1164.917157 -1164.974780 -1165.238543 -1165.909879 -1168.959602 -1184.486319 -1163.722402 138.181327 57.575606 -22.271762 -100.002536 -171.410064 -230.524223 -274.181333 -303.696606 -322.674691 -334.630550 -342.121055 -346.811606 -349.819858 -351.757494 -353.048301 -353.845615 -354.433829 -354.858796 -355.143512 -355.325297 -355.512017 -355.688648 -355.873989 -356.041612 -356.310026 -356.696537 -357.238325 -358.096187 -359.432836 -361.507907 -364.742813 -369.766705 -377.506443 -389.283456 -406.892926 -432.616543 -469.348749 -521.297313 -594.510106 -694.730101 -9999.0 -9999.0
-9999.0 -9999.0 178.356845 88.743888 0.109407 -88.015738 -170.693976 -234.219676 -266.117666 -263.974213 -350.261172 -375.603396 -281.990297 -217.185793 -139.272265 25.981982 107.670365 81.137565 45.560656 3.798585 -42.541925 -92.242135 -143.590148 -191.633127 -233.486948 -267.522474 -294.006279 -312.265799 -324.636482 -333.098939 -338.773916 -342.713822 -345.180099 -346.544576 -347.000911 -346.271317 -344.014240 -339.643526 -331.812348 -318.179947 -294.385544 -255.062212 -1415.275989 -1342.778014 -1249.772421 -1193.984337 -1168.359240 -1165.278179 -1164.938275 -1164.905552 -1164.903825 -1164.905140 -1164.906677 -1164.908191 -1164.910121 -1164.917157 -1164.974780 -1165.238543 -1165.909879 -1168.959602 -1184.486319 -1163.722402 138.181327 57.575606 -22.271762 -100.002536 -171.410064 -230.524223 -274.181333 -303.696606 -322.674691 -334.630550 -342.121055 -346.811606 -349.819858 -351.757494 -353.048301 -353.845615 -354.433829 -354.858796 -355.143512 -355.325297 -355.512017 -355.688648 -355.873989 -356.041612 -356.310026 -356.696537 -357.238325 -358.096187 -359.432836 -361.507907 -364.742813 -369.766704 -377.506444 -389.283456 -406.892927 -432.616543 -469.348750 -521.297313 -594.510107 -694.730100 -9999.0 -9999.0
-9999.0 -9999.0 178.255183 88.714383 0.099662 -88.019245 -170.695194 -234.220049 -266.117772 -263.974241 -350.261178 -375.603397 -281.990298 -217.185794 -139.272265 25.981982 107.670365 81.137565 45.560656 3.798585 -42.541925 -92.242135 -143.590148 -191.633127 -233.486949 -267.522474 -294.006280 -312.265799 -324.636482 -333.098940 -338.773916 -342.713823 -345.180100 -346.544576 -347.000911 -346.271319 -344.014240 -339.643526 -331.812348 -318.179948 -294.385544 -255.062212 -1415.275989 -1342.778015 -1249.772421 -1193.984339 -1168.359240 -1165.278179 -1164.938275 -1164.905552 -1164.903825 -1164.905140 -1164.906677 -1164.908191 -1164.910121 -1164.917157 -1164.974780 -1165.238543 -1165.909879 -1168.959602 -1184.486319 -1163.722402 138.181327 57.575606 -22.271762 -100.002536 -171.410064 -230.524223 -274.181333 -303.696606 -322.674691 -334.630550 -342.121055 -346.811606 -349.819858 -351.757494 -353.048301 -353.845615 -354.433829 -354.858796 -355.143512 -355.325297 -355.512017 -355.688648 -355.873989 -356.041612 -356.310026 -356.696537 -357.238325 -358.096187 -359.432836 -361.507907 -364.742813 -369.766705 -377.506443 -389.283456 -406.892926 -432.616543 -469.348749 -521.297313 -594.510106 -694.730101 -9999.0 -9999.0
-9999.0 -9999.0 -9999.0 -9999.0 -9999.0 -9999.0 -9999.0 -9999.0 -9999.0 -9999.0 -9999.0 -9999.0 -9999.0 -9999.0 -9999.0 -9999.0 -9999.0 -9999.0 -9999.0 -9999.0 -9999.0 -9999.0 -9999.0 -9999.0 -9999.0 -9999.0 -9999.0 -9999.0 -9999.0 -9999.0 -9999.0 -9999.0 -9999.0 -9999.0 -9999.0 -9999.0 -9999.0 -9999.0 -9999.0 -9999.0 -9999.0 -9999.0 -9999.0 -9999.0 -9999.0 -9999.0 -9999.0 -9999.0 -9999.0 -9999.0 -9999.0 -9999.0 -9999.0 -9999.0 -9999.0 -9999.0 -9999.0 -9999.0 -9999.0 -9999.0 -9999.0 -9999.0 -9999.0 -9999.0 -9999.0 -9999.0 -9999.0 -9999.0 -9999.0 -9999.0 -9999.0 -9999.0 -9999.0 -9999.0 -9999.0 -9999.0 -9999.0 -9999.0 -9999.0 -9999.0 -9999.0 -9999.0 -9999.0 -9999.0 -9999.0 -9999.0 -9999.0 -9999.0 -9999.0 -9999.0 -9999.0 -9999.0 -9999.0 -9999.0 -9999.0 -9999.0 -9999.0 -9999.0 -9999.0 -9999.0 -9999.0 -9999.0 -9999.0 -9999.0
-9999.0 -9999.0 -9999.0 -9999.0 -9999.0 -9999.0 -9999.0 -9999.0 -9999.0 -9999.0 -9999.0 -9999.0 -9999.0 -9999.0 -9999.0 -9999.0 -9999.0 -9999.0 -9999.0 -9999.0 -9999.0 -9999.0 -9999.0 -9999.0 -9999.0 -9999.0 -9999.0 -9999.0 -9999.0 -9999.0 -9999.0 -9999.0 -9999.0 -9999.0 -9999.0 -9999.0 -9999.0 -9999.0 -9999.0 -9999.0 -9999.0 -9999.0 -9999.0 -9999.0 -9999.0 -9999.0 -9999.0 -9999.0 -9999.0 -9999.0 -9999.0 -9999.0 -9999.0 -9999.0 -9999.0 -9999.0 -9999.0 -9999.0 -9999.0 -9999.0 -9999.0 -9999.0 -9999.0 -9999.0 -9999.0 -9999.0 -9999.0 -9999.0 -9999.0 -9999.0 -9999.0 -9999.0 -9999.0 -9999.0 -9999.0 -9999.0 -9999.0 -9999.0 -9999.0 -9999.0 -9999.0 -9999.0 -9999.0 -9999.0 -9999.0 -9999.0 -9999.0 -9999.0 -9999.0 -9999.0 -9999.0 -9999.0 -9999.0 -9999.0 -9999.0 -9999.0 -9999.0 -9999.0 -9999.0 -9999.0 -9999.0 -9999.0 -9999.0 -9999.0