inst/processing_geotop_simulation/geotop_simulation/out/maps3D/PwL0008N0233.asc
ncols         104
nrows         10
xllcorner     -2.000000
yllcorner     0.000000
cellsize      1.000000
NODATA_value  -9999.0
-9999.0 -9999.0 -9999.0 -9999.0 -9999.0 -9999.0 -9999.0 -9999.0 -9999.0 -9999.0 -9999.0 -9999.0 -9999.0 -9999.0 -9999.0 -9999.0 -9999.0 -9999.0 -9999.0 -9999.0 -9999.0 -9999.0 -9999.0 -9999.0 -9999.0 -9999.0 -9999.0 -9999.0 -9999.0 -9999.0 -9999.0 -9999.0 -9999.0 -9999.0 -9999.0 -9999.0 -9999.0 -9999.0 -9999.0 -9999.0 -9999.0 -9999.0 -9999.0 -9999.0 -9999.0 -9999.0 -9999.0 -9999.0 -9999.0 -9999.0 -9999.0 -9999.0 -9999.0 -9999.0 -9999.0 -9999.0 -9999.0 -9999.0 -9999.0 -9999.0 -9999.0 -9999.0 -9999.0 -9999.0 -9999.0 -9999.0 -9999.0 -9999.0 -9999.0 -9999.0 -9999.0 -9999.0 -9999.0 -9999.0 -9999.0 -9999.0 -9999.0 -9999.0 -9999.0 -9999.0 -9999.0 -9999.0 -9999.0 -9999.0 -9999.0 -9999.0 -9999.0 -9999.0 -9999.0 -9999.0 -9999.0 -9999.0 -9999.0 -9999.0 -9999.0 -9999.0 -9999.0 -9999.0 -9999.0 -9999.0 -9999.0 -9999.0 -9999.0 -9999.0
-9999.0 -9999.0 -9999.0 -9999.0 -9999.0 -9999.0 -9999.0 -9999.0 -9999.0 -9999.0 -9999.0 -9999.0 -9999.0 -9999.0 -9999.0 -9999.0 -9999.0 -9999.0 -9999.0 -9999.0 -9999.0 -9999.0 -9999.0 -9999.0 -9999.0 -9999.0 -9999.0 -9999.0 -9999.0 -9999.0 -9999.0 -9999.0 -9999.0 -9999.0 -9999.0 -9999.0 -9999.0 -9999.0 -9999.0 -9999.0 -9999.0 -9999.0 -9999.0 -9999.0 -9999.0 -9999.0 -9999.0 -9999.0 -9999.0 -9999.0 -9999.0 -9999.0 -9999.0 -9999.0 -9999.0 -9999.0 -9999.0 -9999.0 -9999.0 -9999.0 -9999.0 -9999.0 -9999.0 -9999.0 -9999.0 -9999.0 -9999.0 -9999.0 -9999.0 -9999.0 -9999.0 -9999.0 -9999.0 -9999.0 -9999.0 -9999.0 -9999.0 -9999.0 -9999.0 -9999.0 -9999.0 -9999.0 -9999.0 -9999.0 -9999.0 -9999.0 -9999.0 -9999.0 -9999.0 -9999.0 -9999.0 -9999.0 -9999.0 -9999.0 -9999.0 -9999.0 -9999.0 -9999.0 -9999.0 -9999.0 -9999.0 -9999.0 -9999.0 -9999.0
-9999.0 -9999.0 377.304939 281.983730 184.944610 87.220565 -10.778964 -108.885694 -207.026529 -305.141052 -403.163935 -500.962994 -598.252145 -694.480617 -790.843744 -887.045955 -982.924628 -1078.608102 -1170.913514 -1259.956575 -1342.583036 -1414.913665 -1474.429885 -1520.799240 -1555.401606 -1580.418783 -1598.102764 -1610.396263 -1618.827282 -1624.540655 -1628.371317 -1630.916102 -1632.593981 -1633.693986 -1634.412637 -1634.883836 -1635.206341 -1635.490976 -1636.058633 -1638.335690 -1646.964458 -1657.099462 -1204.474030 -1287.212455 -1253.000140 -1231.753993 -1221.981291 -1220.645610 -1220.508720 -1220.523541 -1220.560140 -1220.599363 -1220.637029 -1220.671891 -1220.704159 -1220.740928 -1220.851385 -1221.617574 -1226.685898 -1238.182869 -1254.893519 -1154.331507 -1628.712884 -1640.796912 -1637.079965 -1636.064495 -1635.885835 -1635.857857 -1635.854088 -1635.854256 -1635.854978 -1635.855647 -1635.856177 -1635.856583 -1635.856894 -1635.857136 -1635.857328 -1635.857483 -1635.857613 -1635.857729 -1635.857843 -1635.857970 -1635.858130 -1635.858352 -1635.858681 -1635.859185 -1635.859979 -1635.861251 -1635.863321 -1635.866752 -1635.872566 -1635.882683 -1635.900816 -1635.934296 -1635.997844 -1636.121589 -1636.369435 -1636.885612 -1638.023327 -1640.728882 -1647.891241 -1670.579373 -9999.0 -9999.0
-9999.0 -9999.0 377.312457 281.985643 184.945125 87.220719 -10.778915 -108.885678 -207.026523 -305.141049 -403.163934 -500.962993 -598.252145 -694.480617 -790.843744 -887.045955 -982.924629 -1078.608102 -1170.913514 -1259.956575 -1342.583036 -1414.913665 -1474.429885 -1520.799240 -1555.401606 -1580.418783 -1598.102764 -1610.396263 -1618.827282 -1624.540655 -1628.371317 -1630.916102 -1632.593981 -1633.693986 -1634.412637 -1634.883836 -1635.206341 -1635.490976 -1636.058633 -1638.335690 -1646.964458 -1657.099462 -1204.474030 -1287.212455 -1253.000140 -1231.753992 -1221.981291 -1220.645610 -1220.508720 -1220.523541 -1220.560140 -1220.599363 -1220.637029 -1220.671891 -1220.704159 -1220.740928 -1220.851385 -1221.617574 -1226.685898 -1238.182869 -1254.893519 -1154.331507 -1628.712884 -1640.796912 -1637.079965 -1636.064495 -1635.885835 -1635.857857 -1635.854088 -1635.854256 -1635.854978 -1635.855647 -1635.856177 -1635.856583 -1635.856894 -1635.857136 -1635.857328 -1635.857483 -1635.857613 -1635.857729 -1635.857843 -1635.857970 -1635.858130 -1635.858352 -1635.858681 -1635.859185 -1635.859979 -1635.861251 -1635.863321 -1635.866752 -1635.872566 -1635.882683 -1635.900816 -1635.934296 -1635.997844 -1636.121589 -1636.369435 -1636.885612 -1638.023327 -1640.728882 -1647.891241 -1670.579373 -9999.0 -9999.0
-9999.0 -9999.0 377.314000 281.986469 184.945455 87.220840 -10.778872 -108.885662 -207.026517 -305.141047 -403.163933 -500.962993 -598.252144 -694.480617 -790.843744 -887.045955 -982.924629 -1078.608102 -1170.913514 -1259.956575 -1342.583037 -1414.913665 -1474.429885 -1520.799240 -1555.401606 -1580.418784 -1598.102764 -1610.396263 -1618.827283 -1624.540655 -1628.371317 -1630.916102 -1632.593981 -1633.693986 -1634.412637 -1634.883836 -1635.206341 -1635.490976 -1636.058633 -1638.335690 -1646.964458 -1657.099462 -1204.474030 -1287.212455 -1253.000140 -1231.753992 -1221.981291 -1220.645610 -1220.508720 -1220.523541 -1220.560140 -1220.599363 -1220.637029 -1220.671891 -1220.704159 -1220.740928 -1220.851385 -1221.617574 -1226.685898 -1238.182869 -1254.893519 -1154.331507 -1628.712884 -1640.796912 -1637.079965 -1636.064495 -1635.885835 -1635.857857 -1635.854088 -1635.854256 -1635.854978 -1635.855647 -1635.856177 -1635.856583 -1635.856894 -1635.857136 -1635.857328 -1635.857483 -1635.857613 -1635.857729 -1635.857843 -1635.857970 -1635.858130 -1635.858352 -1635.858681 -1635.859185 -1635.859979 -1635.861251 -1635.863321 -1635.866752 -1635.872566 -1635.882683 -1635.900816 -1635.934296 -1635.997844 -1636.121589 -1636.369435 -1636.885612 -1638.023327 -1640.728882 -1647.891241 -1670.579373 -9999.0 -9999.0
-9999.0 -9999.0 377.314000 281.986469 184.945455 87.220840 -10.778872 -108.885662 -207.026517 -305.141047 -403.163933 -500.962993 -598.252144 -694.480617 -790.843744 -887.045955 -982.924629 -1078.608102 -1170.913514 -1259.956575 -1342.583037 -1414.913665 -1474.429885 -1520.799240 -1555.401606 -1580.418784 -1598.102764 -1610.396263 -1618.827283 -1624.540655 -1628.371317 -1630.916102 -1632.593981 -1633.693986 -1634.412637 -1634.883836 -1635.206341 -1635.490976 -1636.058633 -1638.335690 -1646.964458 -1657.099462 -1204.474030 -1287.212455 -1253.000140 -1231.753992 -1221.981291 -1220.645610 -1220.508720 -1220.523541 -1220.560140 -1220.599363 -1220.637029 -1220.671891 -1220.704159 -1220.740928 -1220.851385 -1221.617574 -1226.685898 -1238.182869 -1254.893519 -1154.331507 -1628.712884 -1640.796912 -1637.079965 -1636.064495 -1635.885835 -1635.857857 -1635.854088 -1635.854256 -1635.854978 -1635.855647 -1635.856177 -1635.856583 -1635.856894 -1635.857136 -1635.857328 -1635.857483 -1635.857613 -1635.857729 -1635.857843 -1635.857970 -1635.858130 -1635.858352 -1635.858681 -1635.859185 -1635.859979 -1635.861251 -1635.863321 -1635.866752 -1635.872566 -1635.882683 -1635.900816 -1635.934296 -1635.997844 -1636.121589 -1636.369435 -1636.885612 -1638.023327 -1640.728882 -1647.891241 -1670.579373 -9999.0 -9999.0
-9999.0 -9999.0 377.312457 281.985642 184.945125 87.220719 -10.778915 -108.885678 -207.026523 -305.141049 -403.163934 -500.962993 -598.252145 -694.480617 -790.843744 -887.045955 -982.924629 -1078.608102 -1170.913514 -1259.956575 -1342.583036 -1414.913665 -1474.429885 -1520.799240 -1555.401606 -1580.418783 -1598.102764 -1610.396263 -1618.827282 -1624.540655 -1628.371317 -1630.916102 -1632.593981 -1633.693986 -1634.412637 -1634.883836 -1635.206341 -1635.490976 -1636.058633 -1638.335690 -1646.964458 -1657.099462 -1204.474030 -1287.212455 -1253.000140 -1231.753992 -1221.981291 -1220.645610 -1220.508720 -1220.523541 -1220.560140 -1220.599363 -1220.637029 -1220.671891 -1220.704159 -1220.740928 -1220.851385 -1221.617574 -1226.685898 -1238.182869 -1254.893519 -1154.331507 -1628.712884 -1640.796912 -1637.079965 -1636.064495 -1635.885835 -1635.857857 -1635.854088 -1635.854256 -1635.854978 -1635.855647 -1635.856177 -1635.856583 -1635.856894 -1635.857136 -1635.857328 -1635.857483 -1635.857613 -1635.857729 -1635.857843 -1635.857970 -1635.858130 -1635.858352 -1635.858681 -1635.859185 -1635.859979 -1635.861251 -1635.863321 -1635.866752 -1635.872566 -1635.882683 -1635.900816 -1635.934296 -1635.997844 -1636.121589 -1636.369435 -1636.885612 -1638.023327 -1640.728882 -1647.891241 -1670.579373 -9999.0 -9999.0
-9999.0 -9999.0 377.304939 281.983730 184.944610 87.220565 -10.778964 -108.885694 -207.026529 -305.141051 -403.163935 -500.962994 -598.252145 -694.480617 -790.843744 -887.045955 -982.924628 -1078.608102 -1170.913514 -1259.956575 -1342.583036 -1414.913665 -1474.429885 -1520.799240 -1555.401606 -1580.418783 -1598.102764 -1610.396263 -1618.827282 -1624.540655 -1628.371317 -1630.916102 -1632.593981 -1633.693986 -1634.412637 -1634.883836 -1635.206341 -1635.490976 -1636.058633 -1638.335690 -1646.964458 -1657.099462 -1204.474030 -1287.212455 -1253.000140 -1231.753993 -1221.981291 -1220.645610 -1220.508720 -1220.523541 -1220.560140 -1220.599363 -1220.637029 -1220.671891 -1220.704159 -1220.740928 -1220.851385 -1221.617574 -1226.685898 -1238.182869 -1254.893519 -1154.331507 -1628.712884 -1640.796912 -1637.079965 -1636.064495 -1635.885835 -1635.857857 -1635.854088 -1635.854256 -1635.854978 -1635.855647 -1635.856177 -1635.856583 -1635.856894 -1635.857136 -1635.857328 -1635.857483 -1635.857613 -1635.857729 -1635.857843 -1635.857970 -1635.858130 -1635.858352 -1635.858681 -1635.859185 -1635.859979 -1635.861251 -1635.863321 -1635.866752 -1635.872566 -1635.882683 -1635.900816 -1635.934296 -1635.997844 -1636.121589 -1636.369435 -1636.885612 -1638.023327 -1640.728882 -1647.891241 -1670.579373 -9999.0 -9999.0
-9999.0 -9999.0 -9999.0 -9999.0 -9999.0 -9999.0 -9999.0 -9999.0 -9999.0 -9999.0 -9999.0 -9999.0 -9999.0 -9999.0 -9999.0 -9999.0 -9999.0 -9999.0 -9999.0 -9999.0 -9999.0 -9999.0 -9999.0 -9999.0 -9999.0 -9999.0 -9999.0 -9999.0 -9999.0 -9999.0 -9999.0 -9999.0 -9999.0 -9999.0 -9999.0 -9999.0 -9999.0 -9999.0 -9999.0 -9999.0 -9999.0 -9999.0 -9999.0 -9999.0 -9999.0 -9999.0 -9999.0 -9999.0 -9999.0 -9999.0 -9999.0 -9999.0 -9999.0 -9999.0 -9999.0 -9999.0 -9999.0 -9999.0 -9999.0 -9999.0 -9999.0 -9999.0 -9999.0 -9999.0 -9999.0 -9999.0 -9999.0 -9999.0 -9999.0 -9999.0 -9999.0 -9999.0 -9999.0 -9999.0 -9999.0 -9999.0 -9999.0 -9999.0 -9999.0 -9999.0 -9999.0 -9999.0 -9999.0 -9999.0 -9999.0 -9999.0 -9999.0 -9999.0 -9999.0 -9999.0 -9999.0 -9999.0 -9999.0 -9999.0 -9999.0 -9999.0 -9999.0 -9999.0 -9999.0 -9999.0 -9999.0 -9999.0 -9999.0 -9999.0
-9999.0 -9999.0 -9999.0 -9999.0 -9999.0 -9999.0 -9999.0 -9999.0 -9999.0 -9999.0 -9999.0 -9999.0 -9999.0 -9999.0 -9999.0 -9999.0 -9999.0 -9999.0 -9999.0 -9999.0 -9999.0 -9999.0 -9999.0 -9999.0 -9999.0 -9999.0 -9999.0 -9999.0 -9999.0 -9999.0 -9999.0 -9999.0 -9999.0 -9999.0 -9999.0 -9999.0 -9999.0 -9999.0 -9999.0 -9999.0 -9999.0 -9999.0 -9999.0 -9999.0 -9999.0 -9999.0 -9999.0 -9999.0 -9999.0 -9999.0 -9999.0 -9999.0 -9999.0 -9999.0 -9999.0 -9999.0 -9999.0 -9999.0 -9999.0 -9999.0 -9999.0 -9999.0 -9999.0 -9999.0 -9999.0 -9999.0 -9999.0 -9999.0 -9999.0 -9999.0 -9999.0 -9999.0 -9999.0 -9999.0 -9999.0 -9999.0 -9999.0 -9999.0 -9999.0 -9999.0 -9999.0 -9999.0 -9999.0 -9999.0 -9999.0 -9999.0 -9999.0 -9999.0 -9999.0 -9999.0 -9999.0 -9999.0 -9999.0 -9999.0 -9999.0 -9999.0 -9999.0 -9999.0 -9999.0 -9999.0 -9999.0 -9999.0 -9999.0 -9999.0