inst/processing_geotop_simulation/geotop_simulation/out/maps3D/PwL0018N0390.asc
ncols         104
nrows         10
xllcorner     -2.000000
yllcorner     0.000000
cellsize      1.000000
NODATA_value  -9999.0
-9999.0 -9999.0 -9999.0 -9999.0 -9999.0 -9999.0 -9999.0 -9999.0 -9999.0 -9999.0 -9999.0 -9999.0 -9999.0 -9999.0 -9999.0 -9999.0 -9999.0 -9999.0 -9999.0 -9999.0 -9999.0 -9999.0 -9999.0 -9999.0 -9999.0 -9999.0 -9999.0 -9999.0 -9999.0 -9999.0 -9999.0 -9999.0 -9999.0 -9999.0 -9999.0 -9999.0 -9999.0 -9999.0 -9999.0 -9999.0 -9999.0 -9999.0 -9999.0 -9999.0 -9999.0 -9999.0 -9999.0 -9999.0 -9999.0 -9999.0 -9999.0 -9999.0 -9999.0 -9999.0 -9999.0 -9999.0 -9999.0 -9999.0 -9999.0 -9999.0 -9999.0 -9999.0 -9999.0 -9999.0 -9999.0 -9999.0 -9999.0 -9999.0 -9999.0 -9999.0 -9999.0 -9999.0 -9999.0 -9999.0 -9999.0 -9999.0 -9999.0 -9999.0 -9999.0 -9999.0 -9999.0 -9999.0 -9999.0 -9999.0 -9999.0 -9999.0 -9999.0 -9999.0 -9999.0 -9999.0 -9999.0 -9999.0 -9999.0 -9999.0 -9999.0 -9999.0 -9999.0 -9999.0 -9999.0 -9999.0 -9999.0 -9999.0 -9999.0 -9999.0
-9999.0 -9999.0 -9999.0 -9999.0 -9999.0 -9999.0 -9999.0 -9999.0 -9999.0 -9999.0 -9999.0 -9999.0 -9999.0 -9999.0 -9999.0 -9999.0 -9999.0 -9999.0 -9999.0 -9999.0 -9999.0 -9999.0 -9999.0 -9999.0 -9999.0 -9999.0 -9999.0 -9999.0 -9999.0 -9999.0 -9999.0 -9999.0 -9999.0 -9999.0 -9999.0 -9999.0 -9999.0 -9999.0 -9999.0 -9999.0 -9999.0 -9999.0 -9999.0 -9999.0 -9999.0 -9999.0 -9999.0 -9999.0 -9999.0 -9999.0 -9999.0 -9999.0 -9999.0 -9999.0 -9999.0 -9999.0 -9999.0 -9999.0 -9999.0 -9999.0 -9999.0 -9999.0 -9999.0 -9999.0 -9999.0 -9999.0 -9999.0 -9999.0 -9999.0 -9999.0 -9999.0 -9999.0 -9999.0 -9999.0 -9999.0 -9999.0 -9999.0 -9999.0 -9999.0 -9999.0 -9999.0 -9999.0 -9999.0 -9999.0 -9999.0 -9999.0 -9999.0 -9999.0 -9999.0 -9999.0 -9999.0 -9999.0 -9999.0 -9999.0 -9999.0 -9999.0 -9999.0 -9999.0 -9999.0 -9999.0 -9999.0 -9999.0 -9999.0 -9999.0
-9999.0 -9999.0 869.661314 770.779494 671.764421 572.600929 473.360277 374.085742 274.800514 175.517103 76.242448 -23.017295 -122.258420 -221.478417 -320.660980 -419.778105 -518.776522 -617.561868 -715.975842 -814.507171 -912.765083 -1010.601311 -1107.787827 -1199.539255 -1285.446866 -1363.369663 -1431.574338 -1489.086356 -1535.838126 -1572.575096 -1600.592377 -1621.426270 -1636.601071 -1647.472434 -1655.160801 -1660.548953 -1664.324634 -1667.090060 -1669.673976 -1673.925393 -1683.641430 -1705.328122 -1929.063416 -4006.716959 -4084.146371 -4084.157894 -4084.145108 -4084.025244 -4083.520510 -4082.031235 -4078.332173 -4068.804667 -4054.707157 -4038.208050 -4013.722298 -3973.095411 -3903.010668 -3786.644046 -3613.302379 -3389.167387 -3044.158779 -1677.777871 -1661.960708 -1675.339283 -1673.924761 -1672.880045 -1672.600598 -1672.544729 -1672.535348 -1672.534312 -1672.534631 -1672.535095 -1672.535508 -1672.535853 -1672.536142 -1672.536391 -1672.536610 -1672.536810 -1672.536996 -1672.537178 -1672.537362 -1672.537560 -1672.537785 -1672.538057 -1672.538408 -1672.538886 -1672.539572 -1672.540600 -1672.542203 -1672.544798 -1672.549153 -1672.556738 -1672.570440 -1672.596075 -1672.645730 -1672.745609 -1672.955961 -1673.425027 -1674.543337 -1677.421765 -1685.557513 -1711.434145 -9999.0 -9999.0
-9999.0 -9999.0 869.664454 770.780643 671.764789 572.601048 473.360317 374.085756 274.800519 175.517105 76.242449 -23.017295 -122.258419 -221.478417 -320.660980 -419.778105 -518.776522 -617.561868 -715.975842 -814.507171 -912.765083 -1010.601312 -1107.787827 -1199.539256 -1285.446866 -1363.369664 -1431.574338 -1489.086356 -1535.838126 -1572.575096 -1600.592377 -1621.426270 -1636.601071 -1647.472434 -1655.160801 -1660.548953 -1664.324634 -1667.090060 -1669.673976 -1673.925393 -1683.641430 -1705.328122 -1929.063415 -4006.716959 -4084.146371 -4084.157894 -4084.145108 -4084.025244 -4083.520510 -4082.031235 -4078.332172 -4068.804667 -4054.707157 -4038.208050 -4013.722298 -3973.095411 -3903.010668 -3786.644046 -3613.302378 -3389.167386 -3044.158779 -1677.777871 -1661.960708 -1675.339283 -1673.924761 -1672.880045 -1672.600598 -1672.544729 -1672.535348 -1672.534312 -1672.534631 -1672.535095 -1672.535508 -1672.535853 -1672.536142 -1672.536391 -1672.536610 -1672.536810 -1672.536996 -1672.537178 -1672.537362 -1672.537560 -1672.537785 -1672.538057 -1672.538408 -1672.538886 -1672.539572 -1672.540600 -1672.542203 -1672.544798 -1672.549153 -1672.556738 -1672.570440 -1672.596075 -1672.645730 -1672.745609 -1672.955961 -1673.425027 -1674.543337 -1677.421765 -1685.557513 -1711.434145 -9999.0 -9999.0
-9999.0 -9999.0 869.665585 770.781245 671.765040 572.601144 473.360352 374.085769 274.800524 175.517107 76.242450 -23.017294 -122.258419 -221.478417 -320.660980 -419.778105 -518.776522 -617.561868 -715.975843 -814.507171 -912.765083 -1010.601312 -1107.787827 -1199.539256 -1285.446866 -1363.369664 -1431.574338 -1489.086356 -1535.838126 -1572.575096 -1600.592377 -1621.426270 -1636.601071 -1647.472434 -1655.160801 -1660.548953 -1664.324634 -1667.090060 -1669.673976 -1673.925393 -1683.641430 -1705.328122 -1929.063415 -4006.716959 -4084.146371 -4084.157894 -4084.145108 -4084.025244 -4083.520510 -4082.031235 -4078.332172 -4068.804667 -4054.707157 -4038.208050 -4013.722298 -3973.095411 -3903.010668 -3786.644045 -3613.302378 -3389.167386 -3044.158779 -1677.777871 -1661.960708 -1675.339283 -1673.924761 -1672.880045 -1672.600598 -1672.544729 -1672.535348 -1672.534312 -1672.534631 -1672.535095 -1672.535508 -1672.535853 -1672.536142 -1672.536391 -1672.536610 -1672.536810 -1672.536996 -1672.537178 -1672.537362 -1672.537560 -1672.537785 -1672.538057 -1672.538408 -1672.538886 -1672.539572 -1672.540600 -1672.542203 -1672.544798 -1672.549153 -1672.556738 -1672.570440 -1672.596075 -1672.645730 -1672.745609 -1672.955961 -1673.425027 -1674.543337 -1677.421765 -1685.557513 -1711.434145 -9999.0 -9999.0
-9999.0 -9999.0 869.665585 770.781245 671.765040 572.601144 473.360352 374.085769 274.800524 175.517107 76.242450 -23.017294 -122.258419 -221.478417 -320.660980 -419.778106 -518.776522 -617.561868 -715.975842 -814.507171 -912.765083 -1010.601312 -1107.787827 -1199.539256 -1285.446866 -1363.369664 -1431.574338 -1489.086356 -1535.838126 -1572.575096 -1600.592377 -1621.426270 -1636.601071 -1647.472434 -1655.160801 -1660.548953 -1664.324634 -1667.090060 -1669.673976 -1673.925393 -1683.641430 -1705.328122 -1929.063415 -4006.716959 -4084.146371 -4084.157894 -4084.145108 -4084.025244 -4083.520510 -4082.031235 -4078.332172 -4068.804667 -4054.707157 -4038.208050 -4013.722298 -3973.095411 -3903.010668 -3786.644045 -3613.302378 -3389.167386 -3044.158779 -1677.777871 -1661.960708 -1675.339283 -1673.924761 -1672.880045 -1672.600598 -1672.544729 -1672.535348 -1672.534312 -1672.534631 -1672.535095 -1672.535508 -1672.535853 -1672.536142 -1672.536391 -1672.536610 -1672.536810 -1672.536996 -1672.537178 -1672.537362 -1672.537560 -1672.537785 -1672.538057 -1672.538408 -1672.538886 -1672.539572 -1672.540600 -1672.542203 -1672.544798 -1672.549153 -1672.556738 -1672.570440 -1672.596075 -1672.645730 -1672.745609 -1672.955961 -1673.425027 -1674.543337 -1677.421765 -1685.557513 -1711.434145 -9999.0 -9999.0
-9999.0 -9999.0 869.664454 770.780643 671.764789 572.601048 473.360317 374.085756 274.800519 175.517105 76.242449 -23.017294 -122.258419 -221.478417 -320.660980 -419.778105 -518.776522 -617.561868 -715.975842 -814.507171 -912.765083 -1010.601312 -1107.787827 -1199.539256 -1285.446866 -1363.369664 -1431.574338 -1489.086356 -1535.838126 -1572.575096 -1600.592377 -1621.426270 -1636.601071 -1647.472434 -1655.160801 -1660.548953 -1664.324634 -1667.090060 -1669.673976 -1673.925393 -1683.641430 -1705.328122 -1929.063415 -4006.716959 -4084.146371 -4084.157894 -4084.145108 -4084.025244 -4083.520510 -4082.031235 -4078.332172 -4068.804667 -4054.707157 -4038.208050 -4013.722298 -3973.095411 -3903.010668 -3786.644045 -3613.302378 -3389.167386 -3044.158780 -1677.777871 -1661.960708 -1675.339283 -1673.924761 -1672.880045 -1672.600598 -1672.544729 -1672.535348 -1672.534312 -1672.534631 -1672.535095 -1672.535508 -1672.535853 -1672.536142 -1672.536391 -1672.536610 -1672.536810 -1672.536996 -1672.537178 -1672.537362 -1672.537560 -1672.537785 -1672.538057 -1672.538408 -1672.538886 -1672.539572 -1672.540600 -1672.542203 -1672.544798 -1672.549153 -1672.556738 -1672.570440 -1672.596075 -1672.645730 -1672.745609 -1672.955961 -1673.425027 -1674.543337 -1677.421765 -1685.557513 -1711.434145 -9999.0 -9999.0
-9999.0 -9999.0 869.661314 770.779494 671.764421 572.600929 473.360277 374.085742 274.800514 175.517103 76.242448 -23.017295 -122.258419 -221.478417 -320.660979 -419.778105 -518.776522 -617.561868 -715.975842 -814.507171 -912.765083 -1010.601311 -1107.787827 -1199.539255 -1285.446866 -1363.369663 -1431.574338 -1489.086356 -1535.838125 -1572.575096 -1600.592377 -1621.426270 -1636.601071 -1647.472434 -1655.160801 -1660.548953 -1664.324634 -1667.090060 -1669.673976 -1673.925393 -1683.641430 -1705.328122 -1929.063416 -4006.716959 -4084.146371 -4084.157894 -4084.145108 -4084.025244 -4083.520510 -4082.031235 -4078.332173 -4068.804667 -4054.707157 -4038.208050 -4013.722298 -3973.095412 -3903.010668 -3786.644046 -3613.302379 -3389.167387 -3044.158780 -1677.777871 -1661.960708 -1675.339283 -1673.924761 -1672.880045 -1672.600598 -1672.544729 -1672.535348 -1672.534312 -1672.534631 -1672.535095 -1672.535508 -1672.535853 -1672.536142 -1672.536391 -1672.536610 -1672.536810 -1672.536996 -1672.537178 -1672.537362 -1672.537560 -1672.537785 -1672.538057 -1672.538408 -1672.538886 -1672.539572 -1672.540600 -1672.542203 -1672.544798 -1672.549153 -1672.556738 -1672.570440 -1672.596075 -1672.645730 -1672.745609 -1672.955961 -1673.425027 -1674.543337 -1677.421765 -1685.557513 -1711.434145 -9999.0 -9999.0
-9999.0 -9999.0 -9999.0 -9999.0 -9999.0 -9999.0 -9999.0 -9999.0 -9999.0 -9999.0 -9999.0 -9999.0 -9999.0 -9999.0 -9999.0 -9999.0 -9999.0 -9999.0 -9999.0 -9999.0 -9999.0 -9999.0 -9999.0 -9999.0 -9999.0 -9999.0 -9999.0 -9999.0 -9999.0 -9999.0 -9999.0 -9999.0 -9999.0 -9999.0 -9999.0 -9999.0 -9999.0 -9999.0 -9999.0 -9999.0 -9999.0 -9999.0 -9999.0 -9999.0 -9999.0 -9999.0 -9999.0 -9999.0 -9999.0 -9999.0 -9999.0 -9999.0 -9999.0 -9999.0 -9999.0 -9999.0 -9999.0 -9999.0 -9999.0 -9999.0 -9999.0 -9999.0 -9999.0 -9999.0 -9999.0 -9999.0 -9999.0 -9999.0 -9999.0 -9999.0 -9999.0 -9999.0 -9999.0 -9999.0 -9999.0 -9999.0 -9999.0 -9999.0 -9999.0 -9999.0 -9999.0 -9999.0 -9999.0 -9999.0 -9999.0 -9999.0 -9999.0 -9999.0 -9999.0 -9999.0 -9999.0 -9999.0 -9999.0 -9999.0 -9999.0 -9999.0 -9999.0 -9999.0 -9999.0 -9999.0 -9999.0 -9999.0 -9999.0 -9999.0
-9999.0 -9999.0 -9999.0 -9999.0 -9999.0 -9999.0 -9999.0 -9999.0 -9999.0 -9999.0 -9999.0 -9999.0 -9999.0 -9999.0 -9999.0 -9999.0 -9999.0 -9999.0 -9999.0 -9999.0 -9999.0 -9999.0 -9999.0 -9999.0 -9999.0 -9999.0 -9999.0 -9999.0 -9999.0 -9999.0 -9999.0 -9999.0 -9999.0 -9999.0 -9999.0 -9999.0 -9999.0 -9999.0 -9999.0 -9999.0 -9999.0 -9999.0 -9999.0 -9999.0 -9999.0 -9999.0 -9999.0 -9999.0 -9999.0 -9999.0 -9999.0 -9999.0 -9999.0 -9999.0 -9999.0 -9999.0 -9999.0 -9999.0 -9999.0 -9999.0 -9999.0 -9999.0 -9999.0 -9999.0 -9999.0 -9999.0 -9999.0 -9999.0 -9999.0 -9999.0 -9999.0 -9999.0 -9999.0 -9999.0 -9999.0 -9999.0 -9999.0 -9999.0 -9999.0 -9999.0 -9999.0 -9999.0 -9999.0 -9999.0 -9999.0 -9999.0 -9999.0 -9999.0 -9999.0 -9999.0 -9999.0 -9999.0 -9999.0 -9999.0 -9999.0 -9999.0 -9999.0 -9999.0 -9999.0 -9999.0 -9999.0 -9999.0 -9999.0 -9999.0