inst/processing_geotop_simulation/geotop_simulation/out/maps3D/PwL0020N0305.asc
ncols         104
nrows         10
xllcorner     -2.000000
yllcorner     0.000000
cellsize      1.000000
NODATA_value  -9999.0
-9999.0 -9999.0 -9999.0 -9999.0 -9999.0 -9999.0 -9999.0 -9999.0 -9999.0 -9999.0 -9999.0 -9999.0 -9999.0 -9999.0 -9999.0 -9999.0 -9999.0 -9999.0 -9999.0 -9999.0 -9999.0 -9999.0 -9999.0 -9999.0 -9999.0 -9999.0 -9999.0 -9999.0 -9999.0 -9999.0 -9999.0 -9999.0 -9999.0 -9999.0 -9999.0 -9999.0 -9999.0 -9999.0 -9999.0 -9999.0 -9999.0 -9999.0 -9999.0 -9999.0 -9999.0 -9999.0 -9999.0 -9999.0 -9999.0 -9999.0 -9999.0 -9999.0 -9999.0 -9999.0 -9999.0 -9999.0 -9999.0 -9999.0 -9999.0 -9999.0 -9999.0 -9999.0 -9999.0 -9999.0 -9999.0 -9999.0 -9999.0 -9999.0 -9999.0 -9999.0 -9999.0 -9999.0 -9999.0 -9999.0 -9999.0 -9999.0 -9999.0 -9999.0 -9999.0 -9999.0 -9999.0 -9999.0 -9999.0 -9999.0 -9999.0 -9999.0 -9999.0 -9999.0 -9999.0 -9999.0 -9999.0 -9999.0 -9999.0 -9999.0 -9999.0 -9999.0 -9999.0 -9999.0 -9999.0 -9999.0 -9999.0 -9999.0 -9999.0 -9999.0
-9999.0 -9999.0 -9999.0 -9999.0 -9999.0 -9999.0 -9999.0 -9999.0 -9999.0 -9999.0 -9999.0 -9999.0 -9999.0 -9999.0 -9999.0 -9999.0 -9999.0 -9999.0 -9999.0 -9999.0 -9999.0 -9999.0 -9999.0 -9999.0 -9999.0 -9999.0 -9999.0 -9999.0 -9999.0 -9999.0 -9999.0 -9999.0 -9999.0 -9999.0 -9999.0 -9999.0 -9999.0 -9999.0 -9999.0 -9999.0 -9999.0 -9999.0 -9999.0 -9999.0 -9999.0 -9999.0 -9999.0 -9999.0 -9999.0 -9999.0 -9999.0 -9999.0 -9999.0 -9999.0 -9999.0 -9999.0 -9999.0 -9999.0 -9999.0 -9999.0 -9999.0 -9999.0 -9999.0 -9999.0 -9999.0 -9999.0 -9999.0 -9999.0 -9999.0 -9999.0 -9999.0 -9999.0 -9999.0 -9999.0 -9999.0 -9999.0 -9999.0 -9999.0 -9999.0 -9999.0 -9999.0 -9999.0 -9999.0 -9999.0 -9999.0 -9999.0 -9999.0 -9999.0 -9999.0 -9999.0 -9999.0 -9999.0 -9999.0 -9999.0 -9999.0 -9999.0 -9999.0 -9999.0 -9999.0 -9999.0 -9999.0 -9999.0 -9999.0 -9999.0
-9999.0 -9999.0 970.721606 872.300197 773.767898 675.042142 576.208845 477.327336 378.430783 279.537424 180.657484 81.796853 -17.038062 -115.841901 -214.607496 -313.302620 -411.863363 -510.168099 -608.002707 -705.011504 -802.294145 -898.970881 -994.798113 -1089.485468 -1173.423547 -1248.656096 -1313.538516 -1367.316948 -1410.214165 -1443.256741 -1467.949990 -1485.945716 -1498.798366 -1507.833987 -1514.110591 -1518.436139 -1521.421813 -1523.591655 -1525.713447 -1529.901585 -1542.755314 -1587.152352 -1799.672976 -3783.152338 -3984.927692 -3984.909703 -3978.870218 -3927.762941 -3777.436718 -3546.647812 -3296.917861 -3047.244379 -2888.258722 -2785.845229 -2691.921093 -2595.263291 -2492.886917 -2386.342428 -2279.248832 -2174.401642 -2053.901042 -1527.102720 -1544.531444 -1534.392652 -1529.447795 -1528.080283 -1527.799988 -1527.751157 -1527.743709 -1527.743117 -1527.743573 -1527.744100 -1527.744546 -1527.744904 -1527.745193 -1527.745431 -1527.745632 -1527.745806 -1527.745962 -1527.746110 -1527.746258 -1527.746418 -1527.746606 -1527.746846 -1527.747174 -1527.747645 -1527.748353 -1527.749451 -1527.751204 -1527.754087 -1527.758967 -1527.767497 -1527.782908 -1527.811671 -1527.867111 -1527.977745 -1528.208221 -1528.715539 -1529.906492 -1532.904170 -1541.119151 -1566.626451 -9999.0 -9999.0
-9999.0 -9999.0 970.724514 872.301321 773.768270 675.042265 576.208886 477.327350 378.430788 279.537427 180.657485 81.796853 -17.038062 -115.841901 -214.607496 -313.302621 -411.863363 -510.168100 -608.002707 -705.011504 -802.294146 -898.970882 -994.798113 -1089.485468 -1173.423547 -1248.656096 -1313.538516 -1367.316948 -1410.214165 -1443.256742 -1467.949990 -1485.945716 -1498.798366 -1507.833987 -1514.110591 -1518.436139 -1521.421813 -1523.591655 -1525.713447 -1529.901585 -1542.755314 -1587.152352 -1799.672976 -3783.152337 -3984.927692 -3984.909703 -3978.870218 -3927.762941 -3777.436718 -3546.647810 -3296.917858 -3047.244378 -2888.258721 -2785.845229 -2691.921092 -2595.263291 -2492.886917 -2386.342428 -2279.248832 -2174.401642 -2053.901042 -1527.102720 -1544.531444 -1534.392652 -1529.447795 -1528.080283 -1527.799988 -1527.751157 -1527.743709 -1527.743117 -1527.743573 -1527.744100 -1527.744546 -1527.744904 -1527.745193 -1527.745431 -1527.745632 -1527.745806 -1527.745962 -1527.746110 -1527.746258 -1527.746418 -1527.746606 -1527.746846 -1527.747174 -1527.747645 -1527.748353 -1527.749451 -1527.751204 -1527.754087 -1527.758967 -1527.767497 -1527.782908 -1527.811671 -1527.867111 -1527.977745 -1528.208221 -1528.715539 -1529.906492 -1532.904170 -1541.119151 -1566.626451 -9999.0 -9999.0
-9999.0 -9999.0 970.725647 872.301932 773.768528 675.042364 576.208923 477.327364 378.430793 279.537428 180.657486 81.796854 -17.038061 -115.841901 -214.607496 -313.302621 -411.863363 -510.168100 -608.002707 -705.011504 -802.294146 -898.970882 -994.798113 -1089.485468 -1173.423547 -1248.656096 -1313.538516 -1367.316948 -1410.214165 -1443.256742 -1467.949990 -1485.945716 -1498.798366 -1507.833987 -1514.110591 -1518.436139 -1521.421813 -1523.591655 -1525.713447 -1529.901585 -1542.755314 -1587.152352 -1799.672976 -3783.152337 -3984.927692 -3984.909703 -3978.870218 -3927.762941 -3777.436717 -3546.647808 -3296.917856 -3047.244377 -2888.258721 -2785.845229 -2691.921092 -2595.263290 -2492.886917 -2386.342428 -2279.248832 -2174.401642 -2053.901042 -1527.102720 -1544.531444 -1534.392652 -1529.447795 -1528.080283 -1527.799988 -1527.751157 -1527.743709 -1527.743117 -1527.743573 -1527.744100 -1527.744546 -1527.744904 -1527.745193 -1527.745431 -1527.745632 -1527.745806 -1527.745962 -1527.746110 -1527.746258 -1527.746418 -1527.746606 -1527.746846 -1527.747174 -1527.747645 -1527.748353 -1527.749451 -1527.751204 -1527.754087 -1527.758967 -1527.767497 -1527.782908 -1527.811671 -1527.867111 -1527.977745 -1528.208221 -1528.715539 -1529.906492 -1532.904170 -1541.119151 -1566.626451 -9999.0 -9999.0
-9999.0 -9999.0 970.725647 872.301932 773.768528 675.042364 576.208923 477.327364 378.430793 279.537428 180.657486 81.796854 -17.038061 -115.841901 -214.607496 -313.302621 -411.863363 -510.168100 -608.002707 -705.011504 -802.294146 -898.970882 -994.798113 -1089.485468 -1173.423547 -1248.656096 -1313.538516 -1367.316948 -1410.214165 -1443.256742 -1467.949990 -1485.945716 -1498.798366 -1507.833987 -1514.110591 -1518.436139 -1521.421813 -1523.591655 -1525.713447 -1529.901585 -1542.755314 -1587.152352 -1799.672976 -3783.152337 -3984.927692 -3984.909703 -3978.870218 -3927.762941 -3777.436717 -3546.647809 -3296.917856 -3047.244378 -2888.258721 -2785.845229 -2691.921092 -2595.263291 -2492.886917 -2386.342428 -2279.248831 -2174.401642 -2053.901042 -1527.102720 -1544.531444 -1534.392652 -1529.447795 -1528.080283 -1527.799988 -1527.751157 -1527.743709 -1527.743117 -1527.743573 -1527.744100 -1527.744546 -1527.744904 -1527.745193 -1527.745431 -1527.745632 -1527.745806 -1527.745962 -1527.746110 -1527.746258 -1527.746418 -1527.746606 -1527.746846 -1527.747174 -1527.747645 -1527.748353 -1527.749451 -1527.751204 -1527.754087 -1527.758967 -1527.767497 -1527.782908 -1527.811671 -1527.867111 -1527.977745 -1528.208221 -1528.715539 -1529.906492 -1532.904170 -1541.119151 -1566.626451 -9999.0 -9999.0
-9999.0 -9999.0 970.724514 872.301321 773.768270 675.042265 576.208886 477.327350 378.430788 279.537427 180.657485 81.796853 -17.038062 -115.841901 -214.607496 -313.302620 -411.863363 -510.168100 -608.002707 -705.011504 -802.294146 -898.970882 -994.798113 -1089.485468 -1173.423547 -1248.656096 -1313.538516 -1367.316948 -1410.214165 -1443.256742 -1467.949990 -1485.945716 -1498.798366 -1507.833987 -1514.110591 -1518.436139 -1521.421813 -1523.591655 -1525.713447 -1529.901585 -1542.755314 -1587.152352 -1799.672976 -3783.152337 -3984.927692 -3984.909703 -3978.870218 -3927.762941 -3777.436718 -3546.647810 -3296.917857 -3047.244378 -2888.258721 -2785.845229 -2691.921092 -2595.263291 -2492.886917 -2386.342428 -2279.248832 -2174.401642 -2053.901042 -1527.102720 -1544.531444 -1534.392652 -1529.447795 -1528.080283 -1527.799988 -1527.751157 -1527.743709 -1527.743117 -1527.743573 -1527.744100 -1527.744546 -1527.744904 -1527.745193 -1527.745431 -1527.745632 -1527.745806 -1527.745962 -1527.746110 -1527.746258 -1527.746418 -1527.746606 -1527.746846 -1527.747174 -1527.747645 -1527.748353 -1527.749451 -1527.751204 -1527.754087 -1527.758967 -1527.767497 -1527.782908 -1527.811671 -1527.867111 -1527.977745 -1528.208221 -1528.715539 -1529.906492 -1532.904170 -1541.119151 -1566.626451 -9999.0 -9999.0
-9999.0 -9999.0 970.721606 872.300197 773.767898 675.042142 576.208845 477.327336 378.430783 279.537424 180.657484 81.796853 -17.038062 -115.841901 -214.607496 -313.302620 -411.863363 -510.168099 -608.002707 -705.011504 -802.294145 -898.970882 -994.798113 -1089.485468 -1173.423547 -1248.656096 -1313.538516 -1367.316948 -1410.214165 -1443.256741 -1467.949990 -1485.945716 -1498.798366 -1507.833987 -1514.110591 -1518.436139 -1521.421813 -1523.591655 -1525.713447 -1529.901585 -1542.755314 -1587.152352 -1799.672977 -3783.152338 -3984.927692 -3984.909703 -3978.870218 -3927.762941 -3777.436718 -3546.647813 -3296.917861 -3047.244380 -2888.258722 -2785.845229 -2691.921092 -2595.263291 -2492.886917 -2386.342429 -2279.248832 -2174.401642 -2053.901043 -1527.102720 -1544.531444 -1534.392652 -1529.447795 -1528.080283 -1527.799988 -1527.751157 -1527.743709 -1527.743117 -1527.743573 -1527.744100 -1527.744546 -1527.744904 -1527.745193 -1527.745431 -1527.745632 -1527.745806 -1527.745962 -1527.746110 -1527.746258 -1527.746418 -1527.746606 -1527.746846 -1527.747174 -1527.747645 -1527.748353 -1527.749451 -1527.751204 -1527.754087 -1527.758967 -1527.767497 -1527.782908 -1527.811671 -1527.867111 -1527.977745 -1528.208221 -1528.715539 -1529.906492 -1532.904170 -1541.119151 -1566.626451 -9999.0 -9999.0
-9999.0 -9999.0 -9999.0 -9999.0 -9999.0 -9999.0 -9999.0 -9999.0 -9999.0 -9999.0 -9999.0 -9999.0 -9999.0 -9999.0 -9999.0 -9999.0 -9999.0 -9999.0 -9999.0 -9999.0 -9999.0 -9999.0 -9999.0 -9999.0 -9999.0 -9999.0 -9999.0 -9999.0 -9999.0 -9999.0 -9999.0 -9999.0 -9999.0 -9999.0 -9999.0 -9999.0 -9999.0 -9999.0 -9999.0 -9999.0 -9999.0 -9999.0 -9999.0 -9999.0 -9999.0 -9999.0 -9999.0 -9999.0 -9999.0 -9999.0 -9999.0 -9999.0 -9999.0 -9999.0 -9999.0 -9999.0 -9999.0 -9999.0 -9999.0 -9999.0 -9999.0 -9999.0 -9999.0 -9999.0 -9999.0 -9999.0 -9999.0 -9999.0 -9999.0 -9999.0 -9999.0 -9999.0 -9999.0 -9999.0 -9999.0 -9999.0 -9999.0 -9999.0 -9999.0 -9999.0 -9999.0 -9999.0 -9999.0 -9999.0 -9999.0 -9999.0 -9999.0 -9999.0 -9999.0 -9999.0 -9999.0 -9999.0 -9999.0 -9999.0 -9999.0 -9999.0 -9999.0 -9999.0 -9999.0 -9999.0 -9999.0 -9999.0 -9999.0 -9999.0
-9999.0 -9999.0 -9999.0 -9999.0 -9999.0 -9999.0 -9999.0 -9999.0 -9999.0 -9999.0 -9999.0 -9999.0 -9999.0 -9999.0 -9999.0 -9999.0 -9999.0 -9999.0 -9999.0 -9999.0 -9999.0 -9999.0 -9999.0 -9999.0 -9999.0 -9999.0 -9999.0 -9999.0 -9999.0 -9999.0 -9999.0 -9999.0 -9999.0 -9999.0 -9999.0 -9999.0 -9999.0 -9999.0 -9999.0 -9999.0 -9999.0 -9999.0 -9999.0 -9999.0 -9999.0 -9999.0 -9999.0 -9999.0 -9999.0 -9999.0 -9999.0 -9999.0 -9999.0 -9999.0 -9999.0 -9999.0 -9999.0 -9999.0 -9999.0 -9999.0 -9999.0 -9999.0 -9999.0 -9999.0 -9999.0 -9999.0 -9999.0 -9999.0 -9999.0 -9999.0 -9999.0 -9999.0 -9999.0 -9999.0 -9999.0 -9999.0 -9999.0 -9999.0 -9999.0 -9999.0 -9999.0 -9999.0 -9999.0 -9999.0 -9999.0 -9999.0 -9999.0 -9999.0 -9999.0 -9999.0 -9999.0 -9999.0 -9999.0 -9999.0 -9999.0 -9999.0 -9999.0 -9999.0 -9999.0 -9999.0 -9999.0 -9999.0 -9999.0 -9999.0