inst/processing_geotop_simulation/geotop_simulation/out/maps3D/PwL0000N0383.asc
ncols         104
nrows         10
xllcorner     -2.000000
yllcorner     0.000000
cellsize      1.000000
NODATA_value  -9999.0
-9999.0 -9999.0 -9999.0 -9999.0 -9999.0 -9999.0 -9999.0 -9999.0 -9999.0 -9999.0 -9999.0 -9999.0 -9999.0 -9999.0 -9999.0 -9999.0 -9999.0 -9999.0 -9999.0 -9999.0 -9999.0 -9999.0 -9999.0 -9999.0 -9999.0 -9999.0 -9999.0 -9999.0 -9999.0 -9999.0 -9999.0 -9999.0 -9999.0 -9999.0 -9999.0 -9999.0 -9999.0 -9999.0 -9999.0 -9999.0 -9999.0 -9999.0 -9999.0 -9999.0 -9999.0 -9999.0 -9999.0 -9999.0 -9999.0 -9999.0 -9999.0 -9999.0 -9999.0 -9999.0 -9999.0 -9999.0 -9999.0 -9999.0 -9999.0 -9999.0 -9999.0 -9999.0 -9999.0 -9999.0 -9999.0 -9999.0 -9999.0 -9999.0 -9999.0 -9999.0 -9999.0 -9999.0 -9999.0 -9999.0 -9999.0 -9999.0 -9999.0 -9999.0 -9999.0 -9999.0 -9999.0 -9999.0 -9999.0 -9999.0 -9999.0 -9999.0 -9999.0 -9999.0 -9999.0 -9999.0 -9999.0 -9999.0 -9999.0 -9999.0 -9999.0 -9999.0 -9999.0 -9999.0 -9999.0 -9999.0 -9999.0 -9999.0 -9999.0 -9999.0
-9999.0 -9999.0 -9999.0 -9999.0 -9999.0 -9999.0 -9999.0 -9999.0 -9999.0 -9999.0 -9999.0 -9999.0 -9999.0 -9999.0 -9999.0 -9999.0 -9999.0 -9999.0 -9999.0 -9999.0 -9999.0 -9999.0 -9999.0 -9999.0 -9999.0 -9999.0 -9999.0 -9999.0 -9999.0 -9999.0 -9999.0 -9999.0 -9999.0 -9999.0 -9999.0 -9999.0 -9999.0 -9999.0 -9999.0 -9999.0 -9999.0 -9999.0 -9999.0 -9999.0 -9999.0 -9999.0 -9999.0 -9999.0 -9999.0 -9999.0 -9999.0 -9999.0 -9999.0 -9999.0 -9999.0 -9999.0 -9999.0 -9999.0 -9999.0 -9999.0 -9999.0 -9999.0 -9999.0 -9999.0 -9999.0 -9999.0 -9999.0 -9999.0 -9999.0 -9999.0 -9999.0 -9999.0 -9999.0 -9999.0 -9999.0 -9999.0 -9999.0 -9999.0 -9999.0 -9999.0 -9999.0 -9999.0 -9999.0 -9999.0 -9999.0 -9999.0 -9999.0 -9999.0 -9999.0 -9999.0 -9999.0 -9999.0 -9999.0 -9999.0 -9999.0 -9999.0 -9999.0 -9999.0 -9999.0 -9999.0 -9999.0 -9999.0 -9999.0 -9999.0
-9999.0 -9999.0 0.028032 -95.792955 -194.539007 -293.610713 -392.801125 -492.033013 -591.267376 -690.473276 -789.603443 -888.623825 -987.504334 -1086.202749 -1184.849384 -1283.409034 -1381.555273 -1479.011281 -1575.271681 -1669.411630 -1759.718313 -1843.349666 -1916.984483 -1978.293681 -2026.803271 -2063.640227 -2090.760205 -2110.273920 -2124.073518 -2133.700363 -2140.342801 -2144.885158 -2147.969068 -2150.051061 -2151.451366 -2152.394488 -2153.048796 -2153.598098 -2154.463750 -2156.732273 -2158.542137 -2097.565748 -1300.920743 -1297.167380 -1287.234467 -1280.702754 -1277.628003 -1277.143894 -1277.091064 -1277.095805 -1277.108878 -1277.122979 -1277.136541 -1277.149105 -1277.160806 -1277.174757 -1277.219687 -1277.514341 -1279.169319 -1282.819165 -1287.771978 -1284.343470 -2073.902233 -2152.683374 -2155.287118 -2154.613056 -2154.405425 -2154.365375 -2154.359040 -2154.358522 -2154.358905 -2154.359346 -2154.359711 -2154.359995 -2154.360216 -2154.360389 -2154.360528 -2154.360642 -2154.360739 -2154.360828 -2154.360916 -2154.361014 -2154.361137 -2154.361305 -2154.361552 -2154.361928 -2154.362517 -2154.363459 -2154.364994 -2154.367550 -2154.371912 -2154.379568 -2154.393419 -2154.419241 -2154.468788 -2154.566722 -2154.767444 -2155.199799 -2156.195978 -2158.704825 -2165.836243 -2189.609508 -9999.0 -9999.0
-9999.0 -9999.0 0.086010 -95.791057 -194.538534 -293.610576 -392.801081 -492.032998 -591.267370 -690.473273 -789.603442 -888.623825 -987.504333 -1086.202749 -1184.849384 -1283.409034 -1381.555273 -1479.011281 -1575.271681 -1669.411630 -1759.718313 -1843.349666 -1916.984483 -1978.293681 -2026.803271 -2063.640227 -2090.760205 -2110.273920 -2124.073518 -2133.700363 -2140.342801 -2144.885158 -2147.969068 -2150.051061 -2151.451366 -2152.394488 -2153.048796 -2153.598098 -2154.463750 -2156.732273 -2158.542137 -2097.565748 -1300.920743 -1297.167380 -1287.234467 -1280.702754 -1277.628003 -1277.143894 -1277.091064 -1277.095805 -1277.108878 -1277.122979 -1277.136541 -1277.149105 -1277.160806 -1277.174757 -1277.219687 -1277.514341 -1279.169319 -1282.819165 -1287.771978 -1284.343470 -2073.902233 -2152.683374 -2155.287118 -2154.613056 -2154.405425 -2154.365375 -2154.359040 -2154.358522 -2154.358905 -2154.359346 -2154.359711 -2154.359995 -2154.360216 -2154.360389 -2154.360528 -2154.360642 -2154.360739 -2154.360828 -2154.360916 -2154.361014 -2154.361137 -2154.361305 -2154.361552 -2154.361928 -2154.362517 -2154.363459 -2154.364994 -2154.367550 -2154.371912 -2154.379568 -2154.393419 -2154.419241 -2154.468788 -2154.566722 -2154.767444 -2155.199799 -2156.195978 -2158.704825 -2165.836243 -2189.609508 -9999.0 -9999.0
-9999.0 -9999.0 0.086026 -95.790298 -194.538235 -293.610467 -392.801043 -492.032984 -591.267365 -690.473271 -789.603442 -888.623824 -987.504333 -1086.202749 -1184.849384 -1283.409034 -1381.555273 -1479.011281 -1575.271681 -1669.411630 -1759.718313 -1843.349666 -1916.984484 -1978.293681 -2026.803271 -2063.640227 -2090.760205 -2110.273920 -2124.073518 -2133.700364 -2140.342801 -2144.885158 -2147.969068 -2150.051061 -2151.451366 -2152.394488 -2153.048796 -2153.598098 -2154.463750 -2156.732273 -2158.542137 -2097.565748 -1300.920743 -1297.167380 -1287.234467 -1280.702754 -1277.628003 -1277.143894 -1277.091064 -1277.095805 -1277.108878 -1277.122979 -1277.136541 -1277.149105 -1277.160806 -1277.174757 -1277.219687 -1277.514341 -1279.169319 -1282.819165 -1287.771978 -1284.343470 -2073.902233 -2152.683374 -2155.287118 -2154.613056 -2154.405425 -2154.365375 -2154.359040 -2154.358522 -2154.358905 -2154.359346 -2154.359711 -2154.359995 -2154.360216 -2154.360389 -2154.360528 -2154.360642 -2154.360739 -2154.360828 -2154.360916 -2154.361014 -2154.361137 -2154.361305 -2154.361552 -2154.361928 -2154.362517 -2154.363459 -2154.364994 -2154.367550 -2154.371912 -2154.379568 -2154.393419 -2154.419241 -2154.468788 -2154.566722 -2154.767444 -2155.199799 -2156.195978 -2158.704825 -2165.836243 -2189.609508 -9999.0 -9999.0
-9999.0 -9999.0 0.086026 -95.790298 -194.538235 -293.610467 -392.801043 -492.032984 -591.267365 -690.473271 -789.603442 -888.623824 -987.504333 -1086.202749 -1184.849384 -1283.409034 -1381.555273 -1479.011281 -1575.271681 -1669.411630 -1759.718313 -1843.349666 -1916.984484 -1978.293681 -2026.803271 -2063.640227 -2090.760205 -2110.273920 -2124.073518 -2133.700364 -2140.342801 -2144.885158 -2147.969068 -2150.051061 -2151.451366 -2152.394488 -2153.048796 -2153.598098 -2154.463750 -2156.732273 -2158.542137 -2097.565748 -1300.920743 -1297.167380 -1287.234467 -1280.702754 -1277.628003 -1277.143894 -1277.091064 -1277.095805 -1277.108878 -1277.122979 -1277.136541 -1277.149105 -1277.160806 -1277.174757 -1277.219687 -1277.514341 -1279.169319 -1282.819165 -1287.771978 -1284.343470 -2073.902233 -2152.683374 -2155.287118 -2154.613056 -2154.405425 -2154.365375 -2154.359040 -2154.358522 -2154.358905 -2154.359346 -2154.359711 -2154.359995 -2154.360216 -2154.360389 -2154.360528 -2154.360642 -2154.360739 -2154.360828 -2154.360916 -2154.361014 -2154.361137 -2154.361305 -2154.361552 -2154.361928 -2154.362517 -2154.363459 -2154.364994 -2154.367550 -2154.371912 -2154.379568 -2154.393419 -2154.419241 -2154.468788 -2154.566722 -2154.767444 -2155.199799 -2156.195978 -2158.704825 -2165.836243 -2189.609508 -9999.0 -9999.0
-9999.0 -9999.0 0.086010 -95.791057 -194.538534 -293.610576 -392.801081 -492.032998 -591.267370 -690.473273 -789.603442 -888.623825 -987.504333 -1086.202749 -1184.849384 -1283.409034 -1381.555273 -1479.011281 -1575.271681 -1669.411630 -1759.718313 -1843.349666 -1916.984483 -1978.293681 -2026.803271 -2063.640227 -2090.760205 -2110.273920 -2124.073518 -2133.700363 -2140.342801 -2144.885158 -2147.969068 -2150.051061 -2151.451366 -2152.394488 -2153.048796 -2153.598098 -2154.463750 -2156.732273 -2158.542137 -2097.565748 -1300.920743 -1297.167380 -1287.234467 -1280.702754 -1277.628003 -1277.143894 -1277.091064 -1277.095805 -1277.108878 -1277.122979 -1277.136541 -1277.149105 -1277.160806 -1277.174757 -1277.219687 -1277.514341 -1279.169319 -1282.819165 -1287.771978 -1284.343470 -2073.902233 -2152.683374 -2155.287118 -2154.613056 -2154.405425 -2154.365375 -2154.359040 -2154.358522 -2154.358905 -2154.359346 -2154.359711 -2154.359995 -2154.360216 -2154.360389 -2154.360528 -2154.360642 -2154.360739 -2154.360828 -2154.360916 -2154.361014 -2154.361137 -2154.361305 -2154.361552 -2154.361928 -2154.362517 -2154.363459 -2154.364994 -2154.367550 -2154.371912 -2154.379568 -2154.393419 -2154.419241 -2154.468788 -2154.566722 -2154.767444 -2155.199799 -2156.195978 -2158.704825 -2165.836243 -2189.609508 -9999.0 -9999.0
-9999.0 -9999.0 0.028032 -95.792955 -194.539007 -293.610713 -392.801125 -492.033013 -591.267376 -690.473276 -789.603443 -888.623825 -987.504333 -1086.202749 -1184.849384 -1283.409034 -1381.555272 -1479.011281 -1575.271681 -1669.411630 -1759.718313 -1843.349666 -1916.984483 -1978.293681 -2026.803271 -2063.640227 -2090.760205 -2110.273920 -2124.073518 -2133.700363 -2140.342801 -2144.885158 -2147.969068 -2150.051061 -2151.451366 -2152.394488 -2153.048796 -2153.598098 -2154.463750 -2156.732273 -2158.542137 -2097.565748 -1300.920743 -1297.167380 -1287.234467 -1280.702754 -1277.628003 -1277.143894 -1277.091064 -1277.095805 -1277.108878 -1277.122979 -1277.136541 -1277.149105 -1277.160806 -1277.174757 -1277.219687 -1277.514341 -1279.169319 -1282.819165 -1287.771978 -1284.343470 -2073.902233 -2152.683374 -2155.287118 -2154.613056 -2154.405425 -2154.365375 -2154.359040 -2154.358522 -2154.358905 -2154.359346 -2154.359711 -2154.359995 -2154.360216 -2154.360389 -2154.360528 -2154.360642 -2154.360739 -2154.360828 -2154.360916 -2154.361014 -2154.361137 -2154.361305 -2154.361552 -2154.361928 -2154.362517 -2154.363459 -2154.364994 -2154.367550 -2154.371912 -2154.379568 -2154.393419 -2154.419241 -2154.468788 -2154.566722 -2154.767444 -2155.199799 -2156.195978 -2158.704825 -2165.836243 -2189.609508 -9999.0 -9999.0
-9999.0 -9999.0 -9999.0 -9999.0 -9999.0 -9999.0 -9999.0 -9999.0 -9999.0 -9999.0 -9999.0 -9999.0 -9999.0 -9999.0 -9999.0 -9999.0 -9999.0 -9999.0 -9999.0 -9999.0 -9999.0 -9999.0 -9999.0 -9999.0 -9999.0 -9999.0 -9999.0 -9999.0 -9999.0 -9999.0 -9999.0 -9999.0 -9999.0 -9999.0 -9999.0 -9999.0 -9999.0 -9999.0 -9999.0 -9999.0 -9999.0 -9999.0 -9999.0 -9999.0 -9999.0 -9999.0 -9999.0 -9999.0 -9999.0 -9999.0 -9999.0 -9999.0 -9999.0 -9999.0 -9999.0 -9999.0 -9999.0 -9999.0 -9999.0 -9999.0 -9999.0 -9999.0 -9999.0 -9999.0 -9999.0 -9999.0 -9999.0 -9999.0 -9999.0 -9999.0 -9999.0 -9999.0 -9999.0 -9999.0 -9999.0 -9999.0 -9999.0 -9999.0 -9999.0 -9999.0 -9999.0 -9999.0 -9999.0 -9999.0 -9999.0 -9999.0 -9999.0 -9999.0 -9999.0 -9999.0 -9999.0 -9999.0 -9999.0 -9999.0 -9999.0 -9999.0 -9999.0 -9999.0 -9999.0 -9999.0 -9999.0 -9999.0 -9999.0 -9999.0
-9999.0 -9999.0 -9999.0 -9999.0 -9999.0 -9999.0 -9999.0 -9999.0 -9999.0 -9999.0 -9999.0 -9999.0 -9999.0 -9999.0 -9999.0 -9999.0 -9999.0 -9999.0 -9999.0 -9999.0 -9999.0 -9999.0 -9999.0 -9999.0 -9999.0 -9999.0 -9999.0 -9999.0 -9999.0 -9999.0 -9999.0 -9999.0 -9999.0 -9999.0 -9999.0 -9999.0 -9999.0 -9999.0 -9999.0 -9999.0 -9999.0 -9999.0 -9999.0 -9999.0 -9999.0 -9999.0 -9999.0 -9999.0 -9999.0 -9999.0 -9999.0 -9999.0 -9999.0 -9999.0 -9999.0 -9999.0 -9999.0 -9999.0 -9999.0 -9999.0 -9999.0 -9999.0 -9999.0 -9999.0 -9999.0 -9999.0 -9999.0 -9999.0 -9999.0 -9999.0 -9999.0 -9999.0 -9999.0 -9999.0 -9999.0 -9999.0 -9999.0 -9999.0 -9999.0 -9999.0 -9999.0 -9999.0 -9999.0 -9999.0 -9999.0 -9999.0 -9999.0 -9999.0 -9999.0 -9999.0 -9999.0 -9999.0 -9999.0 -9999.0 -9999.0 -9999.0 -9999.0 -9999.0 -9999.0 -9999.0 -9999.0 -9999.0 -9999.0 -9999.0