inst/processing_geotop_simulation/geotop_simulation/out/maps3D/PwL0013N0081.asc
ncols         104
nrows         10
xllcorner     -2.000000
yllcorner     0.000000
cellsize      1.000000
NODATA_value  -9999.0
-9999.0 -9999.0 -9999.0 -9999.0 -9999.0 -9999.0 -9999.0 -9999.0 -9999.0 -9999.0 -9999.0 -9999.0 -9999.0 -9999.0 -9999.0 -9999.0 -9999.0 -9999.0 -9999.0 -9999.0 -9999.0 -9999.0 -9999.0 -9999.0 -9999.0 -9999.0 -9999.0 -9999.0 -9999.0 -9999.0 -9999.0 -9999.0 -9999.0 -9999.0 -9999.0 -9999.0 -9999.0 -9999.0 -9999.0 -9999.0 -9999.0 -9999.0 -9999.0 -9999.0 -9999.0 -9999.0 -9999.0 -9999.0 -9999.0 -9999.0 -9999.0 -9999.0 -9999.0 -9999.0 -9999.0 -9999.0 -9999.0 -9999.0 -9999.0 -9999.0 -9999.0 -9999.0 -9999.0 -9999.0 -9999.0 -9999.0 -9999.0 -9999.0 -9999.0 -9999.0 -9999.0 -9999.0 -9999.0 -9999.0 -9999.0 -9999.0 -9999.0 -9999.0 -9999.0 -9999.0 -9999.0 -9999.0 -9999.0 -9999.0 -9999.0 -9999.0 -9999.0 -9999.0 -9999.0 -9999.0 -9999.0 -9999.0 -9999.0 -9999.0 -9999.0 -9999.0 -9999.0 -9999.0 -9999.0 -9999.0 -9999.0 -9999.0 -9999.0 -9999.0
-9999.0 -9999.0 -9999.0 -9999.0 -9999.0 -9999.0 -9999.0 -9999.0 -9999.0 -9999.0 -9999.0 -9999.0 -9999.0 -9999.0 -9999.0 -9999.0 -9999.0 -9999.0 -9999.0 -9999.0 -9999.0 -9999.0 -9999.0 -9999.0 -9999.0 -9999.0 -9999.0 -9999.0 -9999.0 -9999.0 -9999.0 -9999.0 -9999.0 -9999.0 -9999.0 -9999.0 -9999.0 -9999.0 -9999.0 -9999.0 -9999.0 -9999.0 -9999.0 -9999.0 -9999.0 -9999.0 -9999.0 -9999.0 -9999.0 -9999.0 -9999.0 -9999.0 -9999.0 -9999.0 -9999.0 -9999.0 -9999.0 -9999.0 -9999.0 -9999.0 -9999.0 -9999.0 -9999.0 -9999.0 -9999.0 -9999.0 -9999.0 -9999.0 -9999.0 -9999.0 -9999.0 -9999.0 -9999.0 -9999.0 -9999.0 -9999.0 -9999.0 -9999.0 -9999.0 -9999.0 -9999.0 -9999.0 -9999.0 -9999.0 -9999.0 -9999.0 -9999.0 -9999.0 -9999.0 -9999.0 -9999.0 -9999.0 -9999.0 -9999.0 -9999.0 -9999.0 -9999.0 -9999.0 -9999.0 -9999.0 -9999.0 -9999.0 -9999.0 -9999.0
-9999.0 -9999.0 533.799364 433.653541 333.573758 233.698068 134.114239 34.867370 -64.030453 -162.907706 -262.749767 -365.088701 -471.381855 -580.824909 -688.615855 -786.759851 -868.249496 -938.838115 -1001.732042 -1059.716820 -1086.139258 -1077.747257 -1068.100558 -1060.611631 -1056.069055 -1054.112225 -1053.992985 -1054.949442 -1056.380003 -1057.890929 -1059.267002 -1060.417360 -1061.325767 -1062.013678 -1062.517200 -1062.876405 -1063.139073 -1063.374138 -1063.661308 -1064.564411 -1072.776283 -1158.726561 -2145.885672 -4325.447346 -4331.683060 -4331.683154 -4331.683146 -4331.683144 -4331.683144 -4331.683144 -4331.683144 -4331.683144 -4331.683144 -4331.683144 -4331.683144 -4331.683144 -4331.683145 -4331.683145 -4331.683150 -4331.682968 -4321.919108 -2038.897206 -1135.618233 -1070.329329 -1064.566545 -1063.930583 -1063.827866 -1063.809761 -1063.808684 -1063.810783 -1063.813050 -1063.814903 -1063.816318 -1063.817387 -1063.818201 -1063.818833 -1063.819332 -1063.819734 -1063.820067 -1063.820358 -1063.820640 -1063.820947 -1063.821330 -1063.821856 -1063.822631 -1063.823817 -1063.825676 -1063.828637 -1063.833417 -1063.841252 -1063.854341 -1063.876732 -1063.916140 -1063.987649 -1064.121226 -1064.376802 -1064.874931 -1065.864357 -1067.896015 -1072.330300 -1082.798170 -1109.651432 -9999.0 -9999.0
-9999.0 -9999.0 533.799365 433.653540 333.573757 233.698068 134.114239 34.867369 -64.030454 -162.907706 -262.749768 -365.088701 -471.381855 -580.824909 -688.615855 -786.759851 -868.249496 -938.838115 -1001.732042 -1059.716820 -1086.139258 -1077.747257 -1068.100558 -1060.611631 -1056.069055 -1054.112225 -1053.992985 -1054.949442 -1056.380003 -1057.890929 -1059.267002 -1060.417360 -1061.325767 -1062.013678 -1062.517200 -1062.876405 -1063.139073 -1063.374138 -1063.661308 -1064.564411 -1072.776283 -1158.726561 -2145.885671 -4325.447346 -4331.683060 -4331.683154 -4331.683146 -4331.683144 -4331.683144 -4331.683144 -4331.683144 -4331.683144 -4331.683144 -4331.683144 -4331.683144 -4331.683144 -4331.683145 -4331.683145 -4331.683150 -4331.682968 -4321.919108 -2038.897206 -1135.618233 -1070.329329 -1064.566545 -1063.930583 -1063.827866 -1063.809761 -1063.808684 -1063.810783 -1063.813050 -1063.814903 -1063.816318 -1063.817387 -1063.818201 -1063.818833 -1063.819332 -1063.819734 -1063.820067 -1063.820358 -1063.820640 -1063.820947 -1063.821330 -1063.821856 -1063.822631 -1063.823817 -1063.825676 -1063.828637 -1063.833417 -1063.841252 -1063.854341 -1063.876732 -1063.916140 -1063.987649 -1064.121226 -1064.376802 -1064.874931 -1065.864357 -1067.896015 -1072.330300 -1082.798170 -1109.651432 -9999.0 -9999.0
-9999.0 -9999.0 533.799364 433.653540 333.573758 233.698067 134.114239 34.867369 -64.030454 -162.907706 -262.749768 -365.088701 -471.381855 -580.824909 -688.615855 -786.759851 -868.249496 -938.838115 -1001.732042 -1059.716820 -1086.139258 -1077.747257 -1068.100558 -1060.611631 -1056.069055 -1054.112225 -1053.992985 -1054.949442 -1056.380003 -1057.890929 -1059.267002 -1060.417360 -1061.325767 -1062.013678 -1062.517200 -1062.876405 -1063.139073 -1063.374138 -1063.661308 -1064.564411 -1072.776283 -1158.726561 -2145.885671 -4325.447346 -4331.683060 -4331.683154 -4331.683146 -4331.683144 -4331.683144 -4331.683144 -4331.683144 -4331.683144 -4331.683144 -4331.683144 -4331.683144 -4331.683144 -4331.683145 -4331.683145 -4331.683150 -4331.682968 -4321.919108 -2038.897206 -1135.618233 -1070.329329 -1064.566545 -1063.930583 -1063.827866 -1063.809761 -1063.808684 -1063.810783 -1063.813050 -1063.814903 -1063.816318 -1063.817387 -1063.818201 -1063.818833 -1063.819332 -1063.819734 -1063.820067 -1063.820358 -1063.820640 -1063.820947 -1063.821330 -1063.821856 -1063.822631 -1063.823817 -1063.825676 -1063.828637 -1063.833417 -1063.841252 -1063.854341 -1063.876732 -1063.916140 -1063.987649 -1064.121226 -1064.376802 -1064.874931 -1065.864357 -1067.896015 -1072.330300 -1082.798170 -1109.651432 -9999.0 -9999.0
-9999.0 -9999.0 533.799364 433.653540 333.573758 233.698067 134.114238 34.867369 -64.030454 -162.907706 -262.749768 -365.088701 -471.381855 -580.824909 -688.615855 -786.759851 -868.249496 -938.838115 -1001.732042 -1059.716820 -1086.139258 -1077.747257 -1068.100558 -1060.611631 -1056.069055 -1054.112225 -1053.992985 -1054.949442 -1056.380003 -1057.890929 -1059.267002 -1060.417360 -1061.325767 -1062.013678 -1062.517200 -1062.876405 -1063.139073 -1063.374138 -1063.661308 -1064.564411 -1072.776283 -1158.726561 -2145.885671 -4325.447346 -4331.683060 -4331.683154 -4331.683146 -4331.683144 -4331.683144 -4331.683144 -4331.683144 -4331.683144 -4331.683144 -4331.683144 -4331.683144 -4331.683144 -4331.683145 -4331.683145 -4331.683150 -4331.682968 -4321.919108 -2038.897206 -1135.618233 -1070.329329 -1064.566545 -1063.930583 -1063.827866 -1063.809761 -1063.808684 -1063.810783 -1063.813050 -1063.814903 -1063.816318 -1063.817387 -1063.818201 -1063.818833 -1063.819332 -1063.819734 -1063.820067 -1063.820358 -1063.820640 -1063.820947 -1063.821330 -1063.821856 -1063.822631 -1063.823817 -1063.825676 -1063.828637 -1063.833417 -1063.841252 -1063.854341 -1063.876732 -1063.916140 -1063.987649 -1064.121226 -1064.376802 -1064.874931 -1065.864357 -1067.896015 -1072.330300 -1082.798170 -1109.651432 -9999.0 -9999.0
-9999.0 -9999.0 533.799365 433.653540 333.573757 233.698068 134.114239 34.867369 -64.030454 -162.907706 -262.749768 -365.088701 -471.381855 -580.824909 -688.615855 -786.759851 -868.249496 -938.838115 -1001.732042 -1059.716820 -1086.139258 -1077.747257 -1068.100558 -1060.611631 -1056.069055 -1054.112225 -1053.992985 -1054.949442 -1056.380003 -1057.890929 -1059.267002 -1060.417360 -1061.325767 -1062.013678 -1062.517200 -1062.876405 -1063.139073 -1063.374138 -1063.661308 -1064.564411 -1072.776283 -1158.726561 -2145.885671 -4325.447346 -4331.683060 -4331.683154 -4331.683146 -4331.683144 -4331.683144 -4331.683144 -4331.683144 -4331.683144 -4331.683144 -4331.683144 -4331.683144 -4331.683144 -4331.683145 -4331.683145 -4331.683150 -4331.682968 -4321.919108 -2038.897206 -1135.618233 -1070.329329 -1064.566545 -1063.930583 -1063.827866 -1063.809761 -1063.808684 -1063.810783 -1063.813050 -1063.814903 -1063.816318 -1063.817387 -1063.818201 -1063.818833 -1063.819332 -1063.819734 -1063.820067 -1063.820358 -1063.820640 -1063.820947 -1063.821330 -1063.821856 -1063.822631 -1063.823817 -1063.825676 -1063.828637 -1063.833417 -1063.841252 -1063.854341 -1063.876732 -1063.916140 -1063.987649 -1064.121226 -1064.376802 -1064.874931 -1065.864357 -1067.896015 -1072.330300 -1082.798170 -1109.651432 -9999.0 -9999.0
-9999.0 -9999.0 533.799364 433.653541 333.573758 233.698068 134.114239 34.867370 -64.030453 -162.907706 -262.749768 -365.088701 -471.381855 -580.824909 -688.615855 -786.759851 -868.249496 -938.838115 -1001.732042 -1059.716820 -1086.139258 -1077.747257 -1068.100558 -1060.611631 -1056.069055 -1054.112225 -1053.992985 -1054.949442 -1056.380003 -1057.890929 -1059.267002 -1060.417360 -1061.325767 -1062.013678 -1062.517200 -1062.876405 -1063.139073 -1063.374138 -1063.661308 -1064.564411 -1072.776283 -1158.726561 -2145.885672 -4325.447346 -4331.683060 -4331.683154 -4331.683146 -4331.683144 -4331.683144 -4331.683144 -4331.683144 -4331.683144 -4331.683144 -4331.683144 -4331.683144 -4331.683144 -4331.683145 -4331.683145 -4331.683150 -4331.682968 -4321.919108 -2038.897206 -1135.618233 -1070.329329 -1064.566545 -1063.930583 -1063.827866 -1063.809761 -1063.808684 -1063.810783 -1063.813050 -1063.814903 -1063.816318 -1063.817387 -1063.818201 -1063.818833 -1063.819332 -1063.819734 -1063.820067 -1063.820358 -1063.820640 -1063.820947 -1063.821330 -1063.821856 -1063.822631 -1063.823817 -1063.825676 -1063.828637 -1063.833417 -1063.841252 -1063.854341 -1063.876732 -1063.916140 -1063.987649 -1064.121226 -1064.376802 -1064.874931 -1065.864357 -1067.896015 -1072.330300 -1082.798170 -1109.651432 -9999.0 -9999.0
-9999.0 -9999.0 -9999.0 -9999.0 -9999.0 -9999.0 -9999.0 -9999.0 -9999.0 -9999.0 -9999.0 -9999.0 -9999.0 -9999.0 -9999.0 -9999.0 -9999.0 -9999.0 -9999.0 -9999.0 -9999.0 -9999.0 -9999.0 -9999.0 -9999.0 -9999.0 -9999.0 -9999.0 -9999.0 -9999.0 -9999.0 -9999.0 -9999.0 -9999.0 -9999.0 -9999.0 -9999.0 -9999.0 -9999.0 -9999.0 -9999.0 -9999.0 -9999.0 -9999.0 -9999.0 -9999.0 -9999.0 -9999.0 -9999.0 -9999.0 -9999.0 -9999.0 -9999.0 -9999.0 -9999.0 -9999.0 -9999.0 -9999.0 -9999.0 -9999.0 -9999.0 -9999.0 -9999.0 -9999.0 -9999.0 -9999.0 -9999.0 -9999.0 -9999.0 -9999.0 -9999.0 -9999.0 -9999.0 -9999.0 -9999.0 -9999.0 -9999.0 -9999.0 -9999.0 -9999.0 -9999.0 -9999.0 -9999.0 -9999.0 -9999.0 -9999.0 -9999.0 -9999.0 -9999.0 -9999.0 -9999.0 -9999.0 -9999.0 -9999.0 -9999.0 -9999.0 -9999.0 -9999.0 -9999.0 -9999.0 -9999.0 -9999.0 -9999.0 -9999.0
-9999.0 -9999.0 -9999.0 -9999.0 -9999.0 -9999.0 -9999.0 -9999.0 -9999.0 -9999.0 -9999.0 -9999.0 -9999.0 -9999.0 -9999.0 -9999.0 -9999.0 -9999.0 -9999.0 -9999.0 -9999.0 -9999.0 -9999.0 -9999.0 -9999.0 -9999.0 -9999.0 -9999.0 -9999.0 -9999.0 -9999.0 -9999.0 -9999.0 -9999.0 -9999.0 -9999.0 -9999.0 -9999.0 -9999.0 -9999.0 -9999.0 -9999.0 -9999.0 -9999.0 -9999.0 -9999.0 -9999.0 -9999.0 -9999.0 -9999.0 -9999.0 -9999.0 -9999.0 -9999.0 -9999.0 -9999.0 -9999.0 -9999.0 -9999.0 -9999.0 -9999.0 -9999.0 -9999.0 -9999.0 -9999.0 -9999.0 -9999.0 -9999.0 -9999.0 -9999.0 -9999.0 -9999.0 -9999.0 -9999.0 -9999.0 -9999.0 -9999.0 -9999.0 -9999.0 -9999.0 -9999.0 -9999.0 -9999.0 -9999.0 -9999.0 -9999.0 -9999.0 -9999.0 -9999.0 -9999.0 -9999.0 -9999.0 -9999.0 -9999.0 -9999.0 -9999.0 -9999.0 -9999.0 -9999.0 -9999.0 -9999.0 -9999.0 -9999.0 -9999.0