inst/processing_geotop_simulation/geotop_simulation/out/maps3D/PwL0007N0098.asc
ncols         104
nrows         10
xllcorner     -2.000000
yllcorner     0.000000
cellsize      1.000000
NODATA_value  -9999.0
-9999.0 -9999.0 -9999.0 -9999.0 -9999.0 -9999.0 -9999.0 -9999.0 -9999.0 -9999.0 -9999.0 -9999.0 -9999.0 -9999.0 -9999.0 -9999.0 -9999.0 -9999.0 -9999.0 -9999.0 -9999.0 -9999.0 -9999.0 -9999.0 -9999.0 -9999.0 -9999.0 -9999.0 -9999.0 -9999.0 -9999.0 -9999.0 -9999.0 -9999.0 -9999.0 -9999.0 -9999.0 -9999.0 -9999.0 -9999.0 -9999.0 -9999.0 -9999.0 -9999.0 -9999.0 -9999.0 -9999.0 -9999.0 -9999.0 -9999.0 -9999.0 -9999.0 -9999.0 -9999.0 -9999.0 -9999.0 -9999.0 -9999.0 -9999.0 -9999.0 -9999.0 -9999.0 -9999.0 -9999.0 -9999.0 -9999.0 -9999.0 -9999.0 -9999.0 -9999.0 -9999.0 -9999.0 -9999.0 -9999.0 -9999.0 -9999.0 -9999.0 -9999.0 -9999.0 -9999.0 -9999.0 -9999.0 -9999.0 -9999.0 -9999.0 -9999.0 -9999.0 -9999.0 -9999.0 -9999.0 -9999.0 -9999.0 -9999.0 -9999.0 -9999.0 -9999.0 -9999.0 -9999.0 -9999.0 -9999.0 -9999.0 -9999.0 -9999.0 -9999.0
-9999.0 -9999.0 -9999.0 -9999.0 -9999.0 -9999.0 -9999.0 -9999.0 -9999.0 -9999.0 -9999.0 -9999.0 -9999.0 -9999.0 -9999.0 -9999.0 -9999.0 -9999.0 -9999.0 -9999.0 -9999.0 -9999.0 -9999.0 -9999.0 -9999.0 -9999.0 -9999.0 -9999.0 -9999.0 -9999.0 -9999.0 -9999.0 -9999.0 -9999.0 -9999.0 -9999.0 -9999.0 -9999.0 -9999.0 -9999.0 -9999.0 -9999.0 -9999.0 -9999.0 -9999.0 -9999.0 -9999.0 -9999.0 -9999.0 -9999.0 -9999.0 -9999.0 -9999.0 -9999.0 -9999.0 -9999.0 -9999.0 -9999.0 -9999.0 -9999.0 -9999.0 -9999.0 -9999.0 -9999.0 -9999.0 -9999.0 -9999.0 -9999.0 -9999.0 -9999.0 -9999.0 -9999.0 -9999.0 -9999.0 -9999.0 -9999.0 -9999.0 -9999.0 -9999.0 -9999.0 -9999.0 -9999.0 -9999.0 -9999.0 -9999.0 -9999.0 -9999.0 -9999.0 -9999.0 -9999.0 -9999.0 -9999.0 -9999.0 -9999.0 -9999.0 -9999.0 -9999.0 -9999.0 -9999.0 -9999.0 -9999.0 -9999.0 -9999.0 -9999.0
-9999.0 -9999.0 336.286942 248.690839 156.261942 62.039139 -32.880940 -128.080209 -223.405469 -318.850162 -414.825770 -515.908865 -630.546310 -762.941611 -871.973425 -978.816790 -1078.136023 -1162.335983 -1221.659484 -1247.785605 -1255.918579 -1256.330891 -1254.637607 -1253.308336 -1253.119528 -1254.039978 -1255.705813 -1257.687955 -1259.641146 -1261.358117 -1262.755083 -1263.830311 -1264.624384 -1265.191977 -1265.586299 -1265.854277 -1266.043321 -1266.215008 -1266.451983 -1267.343379 -1274.369085 -1318.168346 -1120.887724 -1181.511208 -1137.007627 -1110.839948 -1098.887526 -1097.377412 -1097.227519 -1097.247219 -1097.291533 -1097.338784 -1097.384118 -1097.426054 -1097.464716 -1097.507381 -1097.627020 -1098.468792 -1104.578078 -1118.598654 -1142.468155 -1058.027763 -1297.121161 -1271.660712 -1267.205574 -1266.608180 -1266.511420 -1266.494606 -1266.493467 -1266.495243 -1266.497199 -1266.498801 -1266.500025 -1266.500948 -1266.501651 -1266.502196 -1266.502626 -1266.502971 -1266.503257 -1266.503508 -1266.503750 -1266.504015 -1266.504344 -1266.504797 -1266.505465 -1266.506488 -1266.508091 -1266.510646 -1266.514773 -1266.521539 -1266.532850 -1266.552214 -1266.586316 -1266.648226 -1266.763885 -1266.985061 -1267.415490 -1268.267254 -1269.999889 -1273.707071 -1282.265949 -1305.066444 -9999.0 -9999.0
-9999.0 -9999.0 336.295746 248.692994 156.262516 62.039308 -32.880887 -128.080191 -223.405464 -318.850161 -414.825770 -515.908865 -630.546311 -762.941611 -871.973426 -978.816790 -1078.136023 -1162.335983 -1221.659484 -1247.785605 -1255.918579 -1256.330891 -1254.637607 -1253.308336 -1253.119528 -1254.039978 -1255.705813 -1257.687955 -1259.641146 -1261.358117 -1262.755083 -1263.830311 -1264.624384 -1265.191977 -1265.586299 -1265.854277 -1266.043321 -1266.215008 -1266.451983 -1267.343379 -1274.369085 -1318.168346 -1120.887724 -1181.511207 -1137.007626 -1110.839947 -1098.887526 -1097.377412 -1097.227519 -1097.247219 -1097.291533 -1097.338784 -1097.384118 -1097.426054 -1097.464716 -1097.507381 -1097.627020 -1098.468792 -1104.578077 -1118.598654 -1142.468155 -1058.027763 -1297.121161 -1271.660712 -1267.205574 -1266.608180 -1266.511420 -1266.494606 -1266.493467 -1266.495243 -1266.497199 -1266.498801 -1266.500025 -1266.500948 -1266.501651 -1266.502196 -1266.502626 -1266.502971 -1266.503257 -1266.503508 -1266.503750 -1266.504015 -1266.504344 -1266.504797 -1266.505465 -1266.506488 -1266.508091 -1266.510646 -1266.514773 -1266.521539 -1266.532850 -1266.552214 -1266.586316 -1266.648226 -1266.763885 -1266.985061 -1267.415490 -1268.267254 -1269.999889 -1273.707071 -1282.265949 -1305.066444 -9999.0 -9999.0
-9999.0 -9999.0 336.297413 248.693906 156.262880 62.039441 -32.880839 -128.080175 -223.405458 -318.850159 -414.825769 -515.908865 -630.546311 -762.941611 -871.973426 -978.816790 -1078.136023 -1162.335983 -1221.659484 -1247.785605 -1255.918579 -1256.330891 -1254.637607 -1253.308336 -1253.119528 -1254.039978 -1255.705813 -1257.687955 -1259.641146 -1261.358117 -1262.755083 -1263.830311 -1264.624384 -1265.191977 -1265.586299 -1265.854277 -1266.043321 -1266.215008 -1266.451983 -1267.343379 -1274.369085 -1318.168346 -1120.887724 -1181.511208 -1137.007626 -1110.839947 -1098.887526 -1097.377412 -1097.227519 -1097.247219 -1097.291533 -1097.338784 -1097.384118 -1097.426054 -1097.464716 -1097.507381 -1097.627020 -1098.468792 -1104.578078 -1118.598654 -1142.468154 -1058.027763 -1297.121161 -1271.660712 -1267.205574 -1266.608180 -1266.511420 -1266.494606 -1266.493467 -1266.495243 -1266.497199 -1266.498801 -1266.500025 -1266.500948 -1266.501651 -1266.502196 -1266.502626 -1266.502971 -1266.503257 -1266.503508 -1266.503750 -1266.504015 -1266.504344 -1266.504797 -1266.505465 -1266.506488 -1266.508091 -1266.510646 -1266.514773 -1266.521539 -1266.532850 -1266.552214 -1266.586316 -1266.648226 -1266.763885 -1266.985061 -1267.415490 -1268.267254 -1269.999889 -1273.707071 -1282.265949 -1305.066444 -9999.0 -9999.0
-9999.0 -9999.0 336.297413 248.693906 156.262880 62.039441 -32.880839 -128.080175 -223.405458 -318.850159 -414.825769 -515.908865 -630.546311 -762.941611 -871.973426 -978.816790 -1078.136023 -1162.335983 -1221.659484 -1247.785605 -1255.918579 -1256.330891 -1254.637607 -1253.308336 -1253.119528 -1254.039978 -1255.705813 -1257.687955 -1259.641146 -1261.358117 -1262.755083 -1263.830311 -1264.624384 -1265.191977 -1265.586299 -1265.854277 -1266.043321 -1266.215008 -1266.451983 -1267.343379 -1274.369085 -1318.168346 -1120.887724 -1181.511208 -1137.007626 -1110.839947 -1098.887526 -1097.377412 -1097.227519 -1097.247219 -1097.291533 -1097.338784 -1097.384118 -1097.426054 -1097.464716 -1097.507381 -1097.627020 -1098.468792 -1104.578078 -1118.598654 -1142.468154 -1058.027763 -1297.121161 -1271.660712 -1267.205574 -1266.608180 -1266.511420 -1266.494606 -1266.493467 -1266.495243 -1266.497199 -1266.498801 -1266.500025 -1266.500948 -1266.501651 -1266.502196 -1266.502626 -1266.502971 -1266.503257 -1266.503508 -1266.503750 -1266.504015 -1266.504344 -1266.504797 -1266.505465 -1266.506488 -1266.508091 -1266.510646 -1266.514773 -1266.521539 -1266.532850 -1266.552214 -1266.586316 -1266.648226 -1266.763885 -1266.985061 -1267.415490 -1268.267254 -1269.999889 -1273.707071 -1282.265949 -1305.066444 -9999.0 -9999.0
-9999.0 -9999.0 336.295746 248.692994 156.262516 62.039308 -32.880887 -128.080191 -223.405464 -318.850161 -414.825770 -515.908865 -630.546311 -762.941611 -871.973426 -978.816790 -1078.136023 -1162.335983 -1221.659484 -1247.785605 -1255.918579 -1256.330891 -1254.637607 -1253.308336 -1253.119528 -1254.039978 -1255.705813 -1257.687955 -1259.641146 -1261.358117 -1262.755083 -1263.830311 -1264.624384 -1265.191977 -1265.586299 -1265.854277 -1266.043321 -1266.215008 -1266.451983 -1267.343379 -1274.369085 -1318.168346 -1120.887724 -1181.511208 -1137.007626 -1110.839947 -1098.887526 -1097.377412 -1097.227519 -1097.247219 -1097.291533 -1097.338784 -1097.384118 -1097.426054 -1097.464716 -1097.507381 -1097.627020 -1098.468792 -1104.578077 -1118.598654 -1142.468155 -1058.027763 -1297.121161 -1271.660712 -1267.205574 -1266.608180 -1266.511420 -1266.494606 -1266.493467 -1266.495243 -1266.497199 -1266.498801 -1266.500025 -1266.500948 -1266.501651 -1266.502196 -1266.502626 -1266.502971 -1266.503257 -1266.503508 -1266.503750 -1266.504015 -1266.504344 -1266.504797 -1266.505465 -1266.506488 -1266.508091 -1266.510646 -1266.514773 -1266.521539 -1266.532850 -1266.552214 -1266.586316 -1266.648226 -1266.763885 -1266.985061 -1267.415490 -1268.267254 -1269.999889 -1273.707071 -1282.265949 -1305.066444 -9999.0 -9999.0
-9999.0 -9999.0 336.286942 248.690839 156.261942 62.039139 -32.880940 -128.080209 -223.405469 -318.850162 -414.825770 -515.908865 -630.546310 -762.941611 -871.973425 -978.816790 -1078.136023 -1162.335983 -1221.659484 -1247.785605 -1255.918579 -1256.330891 -1254.637607 -1253.308336 -1253.119528 -1254.039978 -1255.705813 -1257.687955 -1259.641146 -1261.358117 -1262.755083 -1263.830311 -1264.624384 -1265.191977 -1265.586299 -1265.854277 -1266.043321 -1266.215008 -1266.451983 -1267.343379 -1274.369085 -1318.168346 -1120.887724 -1181.511208 -1137.007627 -1110.839948 -1098.887526 -1097.377412 -1097.227519 -1097.247219 -1097.291533 -1097.338784 -1097.384118 -1097.426054 -1097.464716 -1097.507381 -1097.627020 -1098.468792 -1104.578078 -1118.598654 -1142.468155 -1058.027763 -1297.121161 -1271.660712 -1267.205574 -1266.608180 -1266.511420 -1266.494606 -1266.493467 -1266.495243 -1266.497199 -1266.498801 -1266.500025 -1266.500948 -1266.501651 -1266.502196 -1266.502626 -1266.502971 -1266.503257 -1266.503508 -1266.503750 -1266.504015 -1266.504344 -1266.504797 -1266.505465 -1266.506488 -1266.508091 -1266.510646 -1266.514773 -1266.521539 -1266.532850 -1266.552214 -1266.586316 -1266.648226 -1266.763885 -1266.985061 -1267.415490 -1268.267254 -1269.999889 -1273.707071 -1282.265949 -1305.066444 -9999.0 -9999.0
-9999.0 -9999.0 -9999.0 -9999.0 -9999.0 -9999.0 -9999.0 -9999.0 -9999.0 -9999.0 -9999.0 -9999.0 -9999.0 -9999.0 -9999.0 -9999.0 -9999.0 -9999.0 -9999.0 -9999.0 -9999.0 -9999.0 -9999.0 -9999.0 -9999.0 -9999.0 -9999.0 -9999.0 -9999.0 -9999.0 -9999.0 -9999.0 -9999.0 -9999.0 -9999.0 -9999.0 -9999.0 -9999.0 -9999.0 -9999.0 -9999.0 -9999.0 -9999.0 -9999.0 -9999.0 -9999.0 -9999.0 -9999.0 -9999.0 -9999.0 -9999.0 -9999.0 -9999.0 -9999.0 -9999.0 -9999.0 -9999.0 -9999.0 -9999.0 -9999.0 -9999.0 -9999.0 -9999.0 -9999.0 -9999.0 -9999.0 -9999.0 -9999.0 -9999.0 -9999.0 -9999.0 -9999.0 -9999.0 -9999.0 -9999.0 -9999.0 -9999.0 -9999.0 -9999.0 -9999.0 -9999.0 -9999.0 -9999.0 -9999.0 -9999.0 -9999.0 -9999.0 -9999.0 -9999.0 -9999.0 -9999.0 -9999.0 -9999.0 -9999.0 -9999.0 -9999.0 -9999.0 -9999.0 -9999.0 -9999.0 -9999.0 -9999.0 -9999.0 -9999.0
-9999.0 -9999.0 -9999.0 -9999.0 -9999.0 -9999.0 -9999.0 -9999.0 -9999.0 -9999.0 -9999.0 -9999.0 -9999.0 -9999.0 -9999.0 -9999.0 -9999.0 -9999.0 -9999.0 -9999.0 -9999.0 -9999.0 -9999.0 -9999.0 -9999.0 -9999.0 -9999.0 -9999.0 -9999.0 -9999.0 -9999.0 -9999.0 -9999.0 -9999.0 -9999.0 -9999.0 -9999.0 -9999.0 -9999.0 -9999.0 -9999.0 -9999.0 -9999.0 -9999.0 -9999.0 -9999.0 -9999.0 -9999.0 -9999.0 -9999.0 -9999.0 -9999.0 -9999.0 -9999.0 -9999.0 -9999.0 -9999.0 -9999.0 -9999.0 -9999.0 -9999.0 -9999.0 -9999.0 -9999.0 -9999.0 -9999.0 -9999.0 -9999.0 -9999.0 -9999.0 -9999.0 -9999.0 -9999.0 -9999.0 -9999.0 -9999.0 -9999.0 -9999.0 -9999.0 -9999.0 -9999.0 -9999.0 -9999.0 -9999.0 -9999.0 -9999.0 -9999.0 -9999.0 -9999.0 -9999.0 -9999.0 -9999.0 -9999.0 -9999.0 -9999.0 -9999.0 -9999.0 -9999.0 -9999.0 -9999.0 -9999.0 -9999.0 -9999.0 -9999.0