inst/processing_geotop_simulation/geotop_simulation/out/maps3D/PwL0021N0071.asc
ncols         104
nrows         10
xllcorner     -2.000000
yllcorner     0.000000
cellsize      1.000000
NODATA_value  -9999.0
-9999.0 -9999.0 -9999.0 -9999.0 -9999.0 -9999.0 -9999.0 -9999.0 -9999.0 -9999.0 -9999.0 -9999.0 -9999.0 -9999.0 -9999.0 -9999.0 -9999.0 -9999.0 -9999.0 -9999.0 -9999.0 -9999.0 -9999.0 -9999.0 -9999.0 -9999.0 -9999.0 -9999.0 -9999.0 -9999.0 -9999.0 -9999.0 -9999.0 -9999.0 -9999.0 -9999.0 -9999.0 -9999.0 -9999.0 -9999.0 -9999.0 -9999.0 -9999.0 -9999.0 -9999.0 -9999.0 -9999.0 -9999.0 -9999.0 -9999.0 -9999.0 -9999.0 -9999.0 -9999.0 -9999.0 -9999.0 -9999.0 -9999.0 -9999.0 -9999.0 -9999.0 -9999.0 -9999.0 -9999.0 -9999.0 -9999.0 -9999.0 -9999.0 -9999.0 -9999.0 -9999.0 -9999.0 -9999.0 -9999.0 -9999.0 -9999.0 -9999.0 -9999.0 -9999.0 -9999.0 -9999.0 -9999.0 -9999.0 -9999.0 -9999.0 -9999.0 -9999.0 -9999.0 -9999.0 -9999.0 -9999.0 -9999.0 -9999.0 -9999.0 -9999.0 -9999.0 -9999.0 -9999.0 -9999.0 -9999.0 -9999.0 -9999.0 -9999.0 -9999.0
-9999.0 -9999.0 -9999.0 -9999.0 -9999.0 -9999.0 -9999.0 -9999.0 -9999.0 -9999.0 -9999.0 -9999.0 -9999.0 -9999.0 -9999.0 -9999.0 -9999.0 -9999.0 -9999.0 -9999.0 -9999.0 -9999.0 -9999.0 -9999.0 -9999.0 -9999.0 -9999.0 -9999.0 -9999.0 -9999.0 -9999.0 -9999.0 -9999.0 -9999.0 -9999.0 -9999.0 -9999.0 -9999.0 -9999.0 -9999.0 -9999.0 -9999.0 -9999.0 -9999.0 -9999.0 -9999.0 -9999.0 -9999.0 -9999.0 -9999.0 -9999.0 -9999.0 -9999.0 -9999.0 -9999.0 -9999.0 -9999.0 -9999.0 -9999.0 -9999.0 -9999.0 -9999.0 -9999.0 -9999.0 -9999.0 -9999.0 -9999.0 -9999.0 -9999.0 -9999.0 -9999.0 -9999.0 -9999.0 -9999.0 -9999.0 -9999.0 -9999.0 -9999.0 -9999.0 -9999.0 -9999.0 -9999.0 -9999.0 -9999.0 -9999.0 -9999.0 -9999.0 -9999.0 -9999.0 -9999.0 -9999.0 -9999.0 -9999.0 -9999.0 -9999.0 -9999.0 -9999.0 -9999.0 -9999.0 -9999.0 -9999.0 -9999.0 -9999.0 -9999.0
-9999.0 -9999.0 685.276273 585.492670 486.038968 387.015019 288.522620 190.661654 93.462193 -3.059843 -99.022400 -195.094648 -292.381258 -391.739228 -491.979437 -587.611097 -665.934547 -717.467580 -747.922545 -765.607226 -800.165991 -853.807829 -904.257353 -952.599079 -960.016387 -936.382083 -921.743807 -913.195437 -908.574107 -906.379373 -905.609174 -905.614897 -905.992942 -906.505150 -907.021656 -907.482487 -907.879877 -908.255779 -908.680084 -909.777081 -918.893330 -1014.954607 -2089.091073 -3931.311265 -3935.643382 -3935.643442 -3935.630747 -3935.384789 -3933.697900 -3926.409486 -3902.093343 -3828.638058 -3722.684100 -3612.710312 -3474.304007 -3292.078975 -3060.799481 -2794.451900 -2522.066865 -2271.317657 -2048.607778 -1474.473772 -982.817196 -916.194554 -910.000930 -909.314454 -909.200535 -909.179780 -909.178170 -909.180233 -909.182571 -909.184507 -909.185995 -909.187125 -909.187991 -909.188665 -909.189200 -909.189632 -909.189992 -909.190308 -909.190615 -909.190952 -909.191372 -909.191950 -909.192803 -909.194108 -909.196156 -909.199418 -909.204690 -909.213341 -909.227816 -909.252632 -909.296422 -909.376126 -909.525542 -909.812790 -910.377469 -911.521173 -913.978240 -919.831014 -935.394359 -976.717272 -9999.0 -9999.0
-9999.0 -9999.0 685.276273 585.492670 486.038967 387.015019 288.522619 190.661654 93.462192 -3.059843 -99.022400 -195.094648 -292.381258 -391.739228 -491.979438 -587.611096 -665.934547 -717.467580 -747.922545 -765.607226 -800.165991 -853.807829 -904.257353 -952.599079 -960.016387 -936.382083 -921.743807 -913.195437 -908.574107 -906.379373 -905.609174 -905.614897 -905.992942 -906.505150 -907.021656 -907.482487 -907.879877 -908.255779 -908.680084 -909.777081 -918.893330 -1014.954607 -2089.091073 -3931.311265 -3935.643382 -3935.643442 -3935.630747 -3935.384789 -3933.697900 -3926.409486 -3902.093343 -3828.638057 -3722.684100 -3612.710312 -3474.304006 -3292.078975 -3060.799479 -2794.451899 -2522.066864 -2271.317657 -2048.607778 -1474.473772 -982.817196 -916.194554 -910.000930 -909.314454 -909.200535 -909.179780 -909.178170 -909.180233 -909.182571 -909.184507 -909.185995 -909.187125 -909.187991 -909.188665 -909.189200 -909.189632 -909.189992 -909.190308 -909.190615 -909.190952 -909.191372 -909.191950 -909.192803 -909.194108 -909.196156 -909.199418 -909.204690 -909.213341 -909.227816 -909.252632 -909.296422 -909.376126 -909.525542 -909.812790 -910.377469 -911.521173 -913.978240 -919.831014 -935.394359 -976.717272 -9999.0 -9999.0
-9999.0 -9999.0 685.276272 585.492669 486.038966 387.015018 288.522619 190.661653 93.462192 -3.059843 -99.022400 -195.094648 -292.381258 -391.739228 -491.979438 -587.611096 -665.934547 -717.467580 -747.922545 -765.607226 -800.165991 -853.807829 -904.257353 -952.599079 -960.016387 -936.382083 -921.743807 -913.195437 -908.574107 -906.379373 -905.609174 -905.614897 -905.992942 -906.505150 -907.021656 -907.482487 -907.879877 -908.255779 -908.680084 -909.777081 -918.893330 -1014.954607 -2089.091073 -3931.311265 -3935.643382 -3935.643442 -3935.630747 -3935.384789 -3933.697900 -3926.409486 -3902.093342 -3828.638057 -3722.684100 -3612.710311 -3474.304006 -3292.078974 -3060.799479 -2794.451898 -2522.066864 -2271.317657 -2048.607777 -1474.473771 -982.817196 -916.194554 -910.000930 -909.314454 -909.200535 -909.179780 -909.178170 -909.180233 -909.182571 -909.184507 -909.185995 -909.187125 -909.187991 -909.188665 -909.189200 -909.189632 -909.189992 -909.190308 -909.190615 -909.190952 -909.191372 -909.191950 -909.192803 -909.194108 -909.196156 -909.199418 -909.204690 -909.213341 -909.227816 -909.252632 -909.296422 -909.376126 -909.525542 -909.812790 -910.377469 -911.521173 -913.978240 -919.831014 -935.394359 -976.717272 -9999.0 -9999.0
-9999.0 -9999.0 685.276272 585.492669 486.038966 387.015018 288.522619 190.661653 93.462192 -3.059843 -99.022401 -195.094648 -292.381258 -391.739228 -491.979438 -587.611096 -665.934547 -717.467580 -747.922545 -765.607226 -800.165991 -853.807829 -904.257353 -952.599079 -960.016387 -936.382083 -921.743807 -913.195437 -908.574107 -906.379373 -905.609174 -905.614897 -905.992942 -906.505150 -907.021656 -907.482487 -907.879877 -908.255779 -908.680084 -909.777081 -918.893330 -1014.954607 -2089.091073 -3931.311265 -3935.643382 -3935.643442 -3935.630747 -3935.384789 -3933.697900 -3926.409486 -3902.093342 -3828.638057 -3722.684100 -3612.710311 -3474.304006 -3292.078974 -3060.799478 -2794.451899 -2522.066864 -2271.317657 -2048.607777 -1474.473772 -982.817196 -916.194554 -910.000930 -909.314454 -909.200535 -909.179780 -909.178170 -909.180233 -909.182571 -909.184507 -909.185995 -909.187125 -909.187991 -909.188665 -909.189200 -909.189632 -909.189992 -909.190308 -909.190615 -909.190952 -909.191372 -909.191950 -909.192803 -909.194108 -909.196156 -909.199418 -909.204690 -909.213341 -909.227816 -909.252632 -909.296422 -909.376126 -909.525542 -909.812790 -910.377469 -911.521173 -913.978240 -919.831014 -935.394359 -976.717272 -9999.0 -9999.0
-9999.0 -9999.0 685.276273 585.492670 486.038967 387.015019 288.522619 190.661654 93.462193 -3.059843 -99.022400 -195.094648 -292.381258 -391.739228 -491.979437 -587.611096 -665.934547 -717.467580 -747.922545 -765.607226 -800.165991 -853.807829 -904.257353 -952.599079 -960.016387 -936.382083 -921.743807 -913.195437 -908.574107 -906.379373 -905.609174 -905.614897 -905.992942 -906.505150 -907.021656 -907.482487 -907.879877 -908.255779 -908.680084 -909.777081 -918.893330 -1014.954607 -2089.091073 -3931.311265 -3935.643382 -3935.643442 -3935.630747 -3935.384789 -3933.697900 -3926.409486 -3902.093343 -3828.638057 -3722.684100 -3612.710311 -3474.304006 -3292.078974 -3060.799479 -2794.451899 -2522.066864 -2271.317657 -2048.607778 -1474.473772 -982.817196 -916.194554 -910.000930 -909.314454 -909.200535 -909.179780 -909.178170 -909.180233 -909.182571 -909.184507 -909.185995 -909.187125 -909.187991 -909.188665 -909.189200 -909.189632 -909.189992 -909.190308 -909.190615 -909.190952 -909.191372 -909.191950 -909.192803 -909.194108 -909.196156 -909.199418 -909.204690 -909.213341 -909.227816 -909.252632 -909.296422 -909.376126 -909.525542 -909.812790 -910.377469 -911.521173 -913.978240 -919.831014 -935.394359 -976.717272 -9999.0 -9999.0
-9999.0 -9999.0 685.276273 585.492670 486.038967 387.015019 288.522620 190.661654 93.462193 -3.059842 -99.022400 -195.094648 -292.381258 -391.739228 -491.979438 -587.611096 -665.934547 -717.467580 -747.922545 -765.607226 -800.165991 -853.807829 -904.257353 -952.599079 -960.016387 -936.382083 -921.743807 -913.195437 -908.574107 -906.379373 -905.609174 -905.614897 -905.992942 -906.505150 -907.021656 -907.482487 -907.879877 -908.255779 -908.680084 -909.777081 -918.893330 -1014.954607 -2089.091073 -3931.311265 -3935.643382 -3935.643442 -3935.630747 -3935.384789 -3933.697900 -3926.409486 -3902.093343 -3828.638058 -3722.684100 -3612.710312 -3474.304007 -3292.078976 -3060.799480 -2794.451900 -2522.066865 -2271.317658 -2048.607778 -1474.473772 -982.817196 -916.194554 -910.000930 -909.314454 -909.200535 -909.179780 -909.178170 -909.180233 -909.182571 -909.184507 -909.185995 -909.187125 -909.187991 -909.188665 -909.189200 -909.189632 -909.189992 -909.190308 -909.190615 -909.190952 -909.191372 -909.191950 -909.192803 -909.194108 -909.196156 -909.199418 -909.204690 -909.213341 -909.227816 -909.252632 -909.296422 -909.376126 -909.525542 -909.812790 -910.377469 -911.521173 -913.978240 -919.831014 -935.394359 -976.717272 -9999.0 -9999.0
-9999.0 -9999.0 -9999.0 -9999.0 -9999.0 -9999.0 -9999.0 -9999.0 -9999.0 -9999.0 -9999.0 -9999.0 -9999.0 -9999.0 -9999.0 -9999.0 -9999.0 -9999.0 -9999.0 -9999.0 -9999.0 -9999.0 -9999.0 -9999.0 -9999.0 -9999.0 -9999.0 -9999.0 -9999.0 -9999.0 -9999.0 -9999.0 -9999.0 -9999.0 -9999.0 -9999.0 -9999.0 -9999.0 -9999.0 -9999.0 -9999.0 -9999.0 -9999.0 -9999.0 -9999.0 -9999.0 -9999.0 -9999.0 -9999.0 -9999.0 -9999.0 -9999.0 -9999.0 -9999.0 -9999.0 -9999.0 -9999.0 -9999.0 -9999.0 -9999.0 -9999.0 -9999.0 -9999.0 -9999.0 -9999.0 -9999.0 -9999.0 -9999.0 -9999.0 -9999.0 -9999.0 -9999.0 -9999.0 -9999.0 -9999.0 -9999.0 -9999.0 -9999.0 -9999.0 -9999.0 -9999.0 -9999.0 -9999.0 -9999.0 -9999.0 -9999.0 -9999.0 -9999.0 -9999.0 -9999.0 -9999.0 -9999.0 -9999.0 -9999.0 -9999.0 -9999.0 -9999.0 -9999.0 -9999.0 -9999.0 -9999.0 -9999.0 -9999.0 -9999.0
-9999.0 -9999.0 -9999.0 -9999.0 -9999.0 -9999.0 -9999.0 -9999.0 -9999.0 -9999.0 -9999.0 -9999.0 -9999.0 -9999.0 -9999.0 -9999.0 -9999.0 -9999.0 -9999.0 -9999.0 -9999.0 -9999.0 -9999.0 -9999.0 -9999.0 -9999.0 -9999.0 -9999.0 -9999.0 -9999.0 -9999.0 -9999.0 -9999.0 -9999.0 -9999.0 -9999.0 -9999.0 -9999.0 -9999.0 -9999.0 -9999.0 -9999.0 -9999.0 -9999.0 -9999.0 -9999.0 -9999.0 -9999.0 -9999.0 -9999.0 -9999.0 -9999.0 -9999.0 -9999.0 -9999.0 -9999.0 -9999.0 -9999.0 -9999.0 -9999.0 -9999.0 -9999.0 -9999.0 -9999.0 -9999.0 -9999.0 -9999.0 -9999.0 -9999.0 -9999.0 -9999.0 -9999.0 -9999.0 -9999.0 -9999.0 -9999.0 -9999.0 -9999.0 -9999.0 -9999.0 -9999.0 -9999.0 -9999.0 -9999.0 -9999.0 -9999.0 -9999.0 -9999.0 -9999.0 -9999.0 -9999.0 -9999.0 -9999.0 -9999.0 -9999.0 -9999.0 -9999.0 -9999.0 -9999.0 -9999.0 -9999.0 -9999.0 -9999.0 -9999.0