inst/processing_geotop_simulation/geotop_simulation/out/maps3D/PwL0022N0110.asc
ncols         104
nrows         10
xllcorner     -2.000000
yllcorner     0.000000
cellsize      1.000000
NODATA_value  -9999.0
-9999.0 -9999.0 -9999.0 -9999.0 -9999.0 -9999.0 -9999.0 -9999.0 -9999.0 -9999.0 -9999.0 -9999.0 -9999.0 -9999.0 -9999.0 -9999.0 -9999.0 -9999.0 -9999.0 -9999.0 -9999.0 -9999.0 -9999.0 -9999.0 -9999.0 -9999.0 -9999.0 -9999.0 -9999.0 -9999.0 -9999.0 -9999.0 -9999.0 -9999.0 -9999.0 -9999.0 -9999.0 -9999.0 -9999.0 -9999.0 -9999.0 -9999.0 -9999.0 -9999.0 -9999.0 -9999.0 -9999.0 -9999.0 -9999.0 -9999.0 -9999.0 -9999.0 -9999.0 -9999.0 -9999.0 -9999.0 -9999.0 -9999.0 -9999.0 -9999.0 -9999.0 -9999.0 -9999.0 -9999.0 -9999.0 -9999.0 -9999.0 -9999.0 -9999.0 -9999.0 -9999.0 -9999.0 -9999.0 -9999.0 -9999.0 -9999.0 -9999.0 -9999.0 -9999.0 -9999.0 -9999.0 -9999.0 -9999.0 -9999.0 -9999.0 -9999.0 -9999.0 -9999.0 -9999.0 -9999.0 -9999.0 -9999.0 -9999.0 -9999.0 -9999.0 -9999.0 -9999.0 -9999.0 -9999.0 -9999.0 -9999.0 -9999.0 -9999.0 -9999.0
-9999.0 -9999.0 -9999.0 -9999.0 -9999.0 -9999.0 -9999.0 -9999.0 -9999.0 -9999.0 -9999.0 -9999.0 -9999.0 -9999.0 -9999.0 -9999.0 -9999.0 -9999.0 -9999.0 -9999.0 -9999.0 -9999.0 -9999.0 -9999.0 -9999.0 -9999.0 -9999.0 -9999.0 -9999.0 -9999.0 -9999.0 -9999.0 -9999.0 -9999.0 -9999.0 -9999.0 -9999.0 -9999.0 -9999.0 -9999.0 -9999.0 -9999.0 -9999.0 -9999.0 -9999.0 -9999.0 -9999.0 -9999.0 -9999.0 -9999.0 -9999.0 -9999.0 -9999.0 -9999.0 -9999.0 -9999.0 -9999.0 -9999.0 -9999.0 -9999.0 -9999.0 -9999.0 -9999.0 -9999.0 -9999.0 -9999.0 -9999.0 -9999.0 -9999.0 -9999.0 -9999.0 -9999.0 -9999.0 -9999.0 -9999.0 -9999.0 -9999.0 -9999.0 -9999.0 -9999.0 -9999.0 -9999.0 -9999.0 -9999.0 -9999.0 -9999.0 -9999.0 -9999.0 -9999.0 -9999.0 -9999.0 -9999.0 -9999.0 -9999.0 -9999.0 -9999.0 -9999.0 -9999.0 -9999.0 -9999.0 -9999.0 -9999.0 -9999.0 -9999.0
-9999.0 -9999.0 1090.915039 997.734887 904.430355 810.385497 715.893758 621.197600 526.440144 431.701692 337.026414 242.436932 147.943707 53.584145 -40.585621 -134.573722 -228.448120 -322.341688 -416.467426 -511.029655 -606.013329 -699.776820 -790.893235 -878.944339 -961.518495 -1009.538570 -1040.532465 -1058.759857 -1068.651567 -1073.616446 -1075.894117 -1076.809692 -1077.090901 -1077.111589 -1077.049225 -1076.981935 -1076.947419 -1076.989596 -1077.293682 -1079.252764 -1092.144767 -1184.388810 -1622.112913 -3075.010844 -3884.797957 -3884.489276 -3810.935397 -3400.838565 -2921.188109 -2576.778121 -2340.900117 -2156.763362 -2050.981918 -1984.497571 -1923.566850 -1860.486676 -1793.181708 -1722.976208 -1652.836110 -1584.794785 -1513.869762 -1272.181175 -1147.546125 -1086.973264 -1078.361101 -1077.290560 -1077.147699 -1077.125885 -1077.123450 -1077.124469 -1077.125886 -1077.127099 -1077.128042 -1077.128760 -1077.129311 -1077.129740 -1077.130081 -1077.130357 -1077.130587 -1077.130791 -1077.130989 -1077.131208 -1077.131481 -1077.131858 -1077.132413 -1077.133263 -1077.134599 -1077.136732 -1077.140190 -1077.145890 -1077.155487 -1077.172060 -1077.201530 -1077.255560 -1077.357505 -1077.554962 -1077.948444 -1078.766952 -1080.593006 -1085.039263 -1096.591545 -1127.359750 -9999.0 -9999.0
-9999.0 -9999.0 1090.917983 997.736091 904.430768 810.385636 715.893806 621.197617 526.440150 431.701694 337.026415 242.436932 147.943707 53.584145 -40.585621 -134.573722 -228.448120 -322.341688 -416.467426 -511.029655 -606.013329 -699.776820 -790.893235 -878.944339 -961.518495 -1009.538570 -1040.532465 -1058.759857 -1068.651567 -1073.616446 -1075.894117 -1076.809692 -1077.090901 -1077.111589 -1077.049225 -1076.981935 -1076.947419 -1076.989596 -1077.293682 -1079.252764 -1092.144767 -1184.388810 -1622.112913 -3075.010841 -3884.797957 -3884.489276 -3810.935397 -3400.838564 -2921.188108 -2576.778119 -2340.900115 -2156.763361 -2050.981917 -1984.497571 -1923.566850 -1860.486676 -1793.181708 -1722.976208 -1652.836109 -1584.794785 -1513.869762 -1272.181175 -1147.546125 -1086.973264 -1078.361101 -1077.290560 -1077.147699 -1077.125885 -1077.123450 -1077.124469 -1077.125886 -1077.127099 -1077.128042 -1077.128760 -1077.129311 -1077.129740 -1077.130081 -1077.130357 -1077.130587 -1077.130791 -1077.130989 -1077.131208 -1077.131481 -1077.131858 -1077.132413 -1077.133263 -1077.134599 -1077.136732 -1077.140190 -1077.145890 -1077.155487 -1077.172060 -1077.201530 -1077.255560 -1077.357505 -1077.554962 -1077.948444 -1078.766952 -1080.593006 -1085.039263 -1096.591545 -1127.359749 -9999.0 -9999.0
-9999.0 -9999.0 1090.919215 997.736766 904.431059 810.385749 715.893848 621.197632 526.440155 431.701696 337.026416 242.436932 147.943707 53.584145 -40.585621 -134.573722 -228.448120 -322.341688 -416.467426 -511.029655 -606.013329 -699.776820 -790.893235 -878.944339 -961.518495 -1009.538570 -1040.532465 -1058.759857 -1068.651567 -1073.616446 -1075.894117 -1076.809692 -1077.090901 -1077.111589 -1077.049225 -1076.981935 -1076.947419 -1076.989596 -1077.293682 -1079.252764 -1092.144767 -1184.388810 -1622.112913 -3075.010841 -3884.797957 -3884.489276 -3810.935397 -3400.838563 -2921.188108 -2576.778117 -2340.900113 -2156.763360 -2050.981917 -1984.497570 -1923.566850 -1860.486675 -1793.181708 -1722.976208 -1652.836109 -1584.794784 -1513.869762 -1272.181175 -1147.546125 -1086.973264 -1078.361101 -1077.290560 -1077.147699 -1077.125885 -1077.123450 -1077.124469 -1077.125886 -1077.127099 -1077.128042 -1077.128760 -1077.129311 -1077.129740 -1077.130081 -1077.130357 -1077.130587 -1077.130791 -1077.130989 -1077.131208 -1077.131481 -1077.131858 -1077.132413 -1077.133263 -1077.134599 -1077.136732 -1077.140190 -1077.145890 -1077.155487 -1077.172060 -1077.201530 -1077.255560 -1077.357505 -1077.554962 -1077.948444 -1078.766952 -1080.593006 -1085.039263 -1096.591545 -1127.359749 -9999.0 -9999.0
-9999.0 -9999.0 1090.919215 997.736766 904.431059 810.385749 715.893848 621.197632 526.440156 431.701696 337.026416 242.436932 147.943707 53.584145 -40.585621 -134.573722 -228.448120 -322.341688 -416.467426 -511.029655 -606.013329 -699.776820 -790.893235 -878.944339 -961.518495 -1009.538570 -1040.532465 -1058.759857 -1068.651567 -1073.616446 -1075.894117 -1076.809692 -1077.090901 -1077.111589 -1077.049225 -1076.981935 -1076.947419 -1076.989596 -1077.293682 -1079.252764 -1092.144767 -1184.388810 -1622.112913 -3075.010841 -3884.797957 -3884.489276 -3810.935397 -3400.838563 -2921.188108 -2576.778118 -2340.900113 -2156.763360 -2050.981917 -1984.497571 -1923.566850 -1860.486676 -1793.181708 -1722.976208 -1652.836109 -1584.794784 -1513.869762 -1272.181175 -1147.546125 -1086.973264 -1078.361101 -1077.290560 -1077.147699 -1077.125885 -1077.123450 -1077.124469 -1077.125886 -1077.127099 -1077.128042 -1077.128760 -1077.129311 -1077.129740 -1077.130081 -1077.130357 -1077.130587 -1077.130791 -1077.130989 -1077.131208 -1077.131481 -1077.131858 -1077.132413 -1077.133263 -1077.134599 -1077.136732 -1077.140190 -1077.145890 -1077.155487 -1077.172060 -1077.201530 -1077.255560 -1077.357505 -1077.554962 -1077.948444 -1078.766952 -1080.593006 -1085.039263 -1096.591545 -1127.359749 -9999.0 -9999.0
-9999.0 -9999.0 1090.917983 997.736091 904.430768 810.385636 715.893805 621.197617 526.440150 431.701694 337.026415 242.436932 147.943707 53.584145 -40.585621 -134.573722 -228.448120 -322.341688 -416.467426 -511.029655 -606.013329 -699.776820 -790.893235 -878.944339 -961.518495 -1009.538570 -1040.532465 -1058.759857 -1068.651567 -1073.616446 -1075.894117 -1076.809692 -1077.090901 -1077.111589 -1077.049225 -1076.981935 -1076.947419 -1076.989596 -1077.293682 -1079.252764 -1092.144767 -1184.388810 -1622.112913 -3075.010841 -3884.797957 -3884.489276 -3810.935397 -3400.838563 -2921.188108 -2576.778118 -2340.900114 -2156.763361 -2050.981917 -1984.497571 -1923.566850 -1860.486676 -1793.181708 -1722.976208 -1652.836109 -1584.794784 -1513.869762 -1272.181175 -1147.546125 -1086.973264 -1078.361101 -1077.290560 -1077.147699 -1077.125885 -1077.123450 -1077.124469 -1077.125886 -1077.127099 -1077.128042 -1077.128760 -1077.129311 -1077.129740 -1077.130081 -1077.130357 -1077.130587 -1077.130791 -1077.130989 -1077.131208 -1077.131481 -1077.131858 -1077.132413 -1077.133263 -1077.134599 -1077.136732 -1077.140190 -1077.145890 -1077.155487 -1077.172060 -1077.201530 -1077.255560 -1077.357505 -1077.554962 -1077.948444 -1078.766952 -1080.593006 -1085.039263 -1096.591545 -1127.359749 -9999.0 -9999.0
-9999.0 -9999.0 1090.915039 997.734887 904.430355 810.385497 715.893758 621.197600 526.440144 431.701692 337.026414 242.436932 147.943707 53.584145 -40.585621 -134.573722 -228.448120 -322.341688 -416.467426 -511.029655 -606.013329 -699.776820 -790.893235 -878.944339 -961.518495 -1009.538570 -1040.532465 -1058.759857 -1068.651567 -1073.616446 -1075.894117 -1076.809692 -1077.090901 -1077.111589 -1077.049225 -1076.981935 -1076.947419 -1076.989596 -1077.293682 -1079.252764 -1092.144767 -1184.388810 -1622.112913 -3075.010844 -3884.797957 -3884.489276 -3810.935397 -3400.838565 -2921.188109 -2576.778122 -2340.900118 -2156.763362 -2050.981918 -1984.497571 -1923.566850 -1860.486676 -1793.181708 -1722.976208 -1652.836110 -1584.794785 -1513.869762 -1272.181175 -1147.546125 -1086.973264 -1078.361101 -1077.290560 -1077.147699 -1077.125885 -1077.123450 -1077.124469 -1077.125886 -1077.127099 -1077.128042 -1077.128760 -1077.129311 -1077.129740 -1077.130081 -1077.130357 -1077.130587 -1077.130791 -1077.130989 -1077.131208 -1077.131481 -1077.131858 -1077.132413 -1077.133263 -1077.134599 -1077.136732 -1077.140190 -1077.145890 -1077.155487 -1077.172060 -1077.201530 -1077.255560 -1077.357505 -1077.554962 -1077.948444 -1078.766952 -1080.593006 -1085.039263 -1096.591545 -1127.359750 -9999.0 -9999.0
-9999.0 -9999.0 -9999.0 -9999.0 -9999.0 -9999.0 -9999.0 -9999.0 -9999.0 -9999.0 -9999.0 -9999.0 -9999.0 -9999.0 -9999.0 -9999.0 -9999.0 -9999.0 -9999.0 -9999.0 -9999.0 -9999.0 -9999.0 -9999.0 -9999.0 -9999.0 -9999.0 -9999.0 -9999.0 -9999.0 -9999.0 -9999.0 -9999.0 -9999.0 -9999.0 -9999.0 -9999.0 -9999.0 -9999.0 -9999.0 -9999.0 -9999.0 -9999.0 -9999.0 -9999.0 -9999.0 -9999.0 -9999.0 -9999.0 -9999.0 -9999.0 -9999.0 -9999.0 -9999.0 -9999.0 -9999.0 -9999.0 -9999.0 -9999.0 -9999.0 -9999.0 -9999.0 -9999.0 -9999.0 -9999.0 -9999.0 -9999.0 -9999.0 -9999.0 -9999.0 -9999.0 -9999.0 -9999.0 -9999.0 -9999.0 -9999.0 -9999.0 -9999.0 -9999.0 -9999.0 -9999.0 -9999.0 -9999.0 -9999.0 -9999.0 -9999.0 -9999.0 -9999.0 -9999.0 -9999.0 -9999.0 -9999.0 -9999.0 -9999.0 -9999.0 -9999.0 -9999.0 -9999.0 -9999.0 -9999.0 -9999.0 -9999.0 -9999.0 -9999.0
-9999.0 -9999.0 -9999.0 -9999.0 -9999.0 -9999.0 -9999.0 -9999.0 -9999.0 -9999.0 -9999.0 -9999.0 -9999.0 -9999.0 -9999.0 -9999.0 -9999.0 -9999.0 -9999.0 -9999.0 -9999.0 -9999.0 -9999.0 -9999.0 -9999.0 -9999.0 -9999.0 -9999.0 -9999.0 -9999.0 -9999.0 -9999.0 -9999.0 -9999.0 -9999.0 -9999.0 -9999.0 -9999.0 -9999.0 -9999.0 -9999.0 -9999.0 -9999.0 -9999.0 -9999.0 -9999.0 -9999.0 -9999.0 -9999.0 -9999.0 -9999.0 -9999.0 -9999.0 -9999.0 -9999.0 -9999.0 -9999.0 -9999.0 -9999.0 -9999.0 -9999.0 -9999.0 -9999.0 -9999.0 -9999.0 -9999.0 -9999.0 -9999.0 -9999.0 -9999.0 -9999.0 -9999.0 -9999.0 -9999.0 -9999.0 -9999.0 -9999.0 -9999.0 -9999.0 -9999.0 -9999.0 -9999.0 -9999.0 -9999.0 -9999.0 -9999.0 -9999.0 -9999.0 -9999.0 -9999.0 -9999.0 -9999.0 -9999.0 -9999.0 -9999.0 -9999.0 -9999.0 -9999.0 -9999.0 -9999.0 -9999.0 -9999.0 -9999.0 -9999.0