inst/processing_geotop_simulation/geotop_simulation/out/maps3D/PwL0012N0408.asc
ncols         104
nrows         10
xllcorner     -2.000000
yllcorner     0.000000
cellsize      1.000000
NODATA_value  -9999.0
-9999.0 -9999.0 -9999.0 -9999.0 -9999.0 -9999.0 -9999.0 -9999.0 -9999.0 -9999.0 -9999.0 -9999.0 -9999.0 -9999.0 -9999.0 -9999.0 -9999.0 -9999.0 -9999.0 -9999.0 -9999.0 -9999.0 -9999.0 -9999.0 -9999.0 -9999.0 -9999.0 -9999.0 -9999.0 -9999.0 -9999.0 -9999.0 -9999.0 -9999.0 -9999.0 -9999.0 -9999.0 -9999.0 -9999.0 -9999.0 -9999.0 -9999.0 -9999.0 -9999.0 -9999.0 -9999.0 -9999.0 -9999.0 -9999.0 -9999.0 -9999.0 -9999.0 -9999.0 -9999.0 -9999.0 -9999.0 -9999.0 -9999.0 -9999.0 -9999.0 -9999.0 -9999.0 -9999.0 -9999.0 -9999.0 -9999.0 -9999.0 -9999.0 -9999.0 -9999.0 -9999.0 -9999.0 -9999.0 -9999.0 -9999.0 -9999.0 -9999.0 -9999.0 -9999.0 -9999.0 -9999.0 -9999.0 -9999.0 -9999.0 -9999.0 -9999.0 -9999.0 -9999.0 -9999.0 -9999.0 -9999.0 -9999.0 -9999.0 -9999.0 -9999.0 -9999.0 -9999.0 -9999.0 -9999.0 -9999.0 -9999.0 -9999.0 -9999.0 -9999.0
-9999.0 -9999.0 -9999.0 -9999.0 -9999.0 -9999.0 -9999.0 -9999.0 -9999.0 -9999.0 -9999.0 -9999.0 -9999.0 -9999.0 -9999.0 -9999.0 -9999.0 -9999.0 -9999.0 -9999.0 -9999.0 -9999.0 -9999.0 -9999.0 -9999.0 -9999.0 -9999.0 -9999.0 -9999.0 -9999.0 -9999.0 -9999.0 -9999.0 -9999.0 -9999.0 -9999.0 -9999.0 -9999.0 -9999.0 -9999.0 -9999.0 -9999.0 -9999.0 -9999.0 -9999.0 -9999.0 -9999.0 -9999.0 -9999.0 -9999.0 -9999.0 -9999.0 -9999.0 -9999.0 -9999.0 -9999.0 -9999.0 -9999.0 -9999.0 -9999.0 -9999.0 -9999.0 -9999.0 -9999.0 -9999.0 -9999.0 -9999.0 -9999.0 -9999.0 -9999.0 -9999.0 -9999.0 -9999.0 -9999.0 -9999.0 -9999.0 -9999.0 -9999.0 -9999.0 -9999.0 -9999.0 -9999.0 -9999.0 -9999.0 -9999.0 -9999.0 -9999.0 -9999.0 -9999.0 -9999.0 -9999.0 -9999.0 -9999.0 -9999.0 -9999.0 -9999.0 -9999.0 -9999.0 -9999.0 -9999.0 -9999.0 -9999.0 -9999.0 -9999.0
-9999.0 -9999.0 571.884606 473.263938 374.273702 275.078584 175.792827 76.469002 -22.865483 -122.196556 -221.518244 -320.818809 -420.077622 -519.252825 -618.280550 -717.084700 -815.976969 -914.746667 -1013.363421 -1111.780858 -1208.377729 -1302.430524 -1391.894842 -1474.260240 -1547.225011 -1609.303093 -1660.094135 -1700.195029 -1730.887068 -1753.771084 -1770.471018 -1782.449292 -1790.923898 -1796.855524 -1800.973446 -1803.819093 -1805.802216 -1807.301115 -1808.930056 -1812.079296 -1817.511803 -1805.870792 -1480.732261 -1962.295855 -1855.746040 -1787.975491 -1757.973939 -1753.921831 -1753.505025 -1753.545110 -1753.649949 -1753.762550 -1753.870707 -1753.970833 -1754.063651 -1754.170720 -1754.501388 -1756.811198 -1772.218598 -1807.762878 -1844.429827 -1380.644916 -1768.094916 -1809.834183 -1811.076719 -1810.303667 -1810.060591 -1810.010684 -1810.002287 -1810.001374 -1810.001671 -1810.002088 -1810.002450 -1810.002742 -1810.002977 -1810.003171 -1810.003335 -1810.003477 -1810.003605 -1810.003726 -1810.003849 -1810.003982 -1810.004140 -1810.004343 -1810.004620 -1810.005019 -1810.005620 -1810.006555 -1810.008050 -1810.010515 -1810.014700 -1810.022038 -1810.035337 -1810.060232 -1810.108339 -1810.204559 -1810.405355 -1810.848176 -1811.894548 -1814.585281 -1822.282390 -1847.382941 -9999.0 -9999.0
-9999.0 -9999.0 571.889420 473.265385 374.274119 275.078712 175.792869 76.469016 -22.865478 -122.196554 -221.518243 -320.818808 -420.077622 -519.252825 -618.280551 -717.084700 -815.976969 -914.746667 -1013.363421 -1111.780859 -1208.377729 -1302.430524 -1391.894842 -1474.260241 -1547.225011 -1609.303093 -1660.094135 -1700.195029 -1730.887068 -1753.771084 -1770.471018 -1782.449292 -1790.923898 -1796.855524 -1800.973446 -1803.819093 -1805.802216 -1807.301115 -1808.930056 -1812.079296 -1817.511803 -1805.870792 -1480.732261 -1962.295854 -1855.746039 -1787.975489 -1757.973939 -1753.921831 -1753.505025 -1753.545110 -1753.649949 -1753.762550 -1753.870707 -1753.970833 -1754.063651 -1754.170720 -1754.501388 -1756.811198 -1772.218598 -1807.762878 -1844.429827 -1380.644916 -1768.094916 -1809.834183 -1811.076719 -1810.303667 -1810.060591 -1810.010684 -1810.002287 -1810.001374 -1810.001671 -1810.002088 -1810.002450 -1810.002742 -1810.002977 -1810.003171 -1810.003335 -1810.003477 -1810.003605 -1810.003726 -1810.003849 -1810.003982 -1810.004140 -1810.004343 -1810.004620 -1810.005019 -1810.005620 -1810.006555 -1810.008050 -1810.010515 -1810.014700 -1810.022038 -1810.035337 -1810.060232 -1810.108339 -1810.204559 -1810.405355 -1810.848176 -1811.894548 -1814.585281 -1822.282390 -1847.382941 -9999.0 -9999.0
-9999.0 -9999.0 571.890714 473.266061 374.274393 275.078813 175.792906 76.469029 -22.865473 -122.196552 -221.518243 -320.818808 -420.077622 -519.252825 -618.280551 -717.084700 -815.976969 -914.746667 -1013.363421 -1111.780859 -1208.377730 -1302.430525 -1391.894843 -1474.260241 -1547.225011 -1609.303093 -1660.094135 -1700.195029 -1730.887068 -1753.771084 -1770.471018 -1782.449292 -1790.923898 -1796.855524 -1800.973446 -1803.819093 -1805.802216 -1807.301115 -1808.930056 -1812.079296 -1817.511803 -1805.870792 -1480.732261 -1962.295854 -1855.746039 -1787.975489 -1757.973939 -1753.921831 -1753.505025 -1753.545110 -1753.649949 -1753.762550 -1753.870707 -1753.970833 -1754.063651 -1754.170720 -1754.501388 -1756.811198 -1772.218598 -1807.762878 -1844.429827 -1380.644916 -1768.094916 -1809.834183 -1811.076719 -1810.303667 -1810.060591 -1810.010684 -1810.002287 -1810.001374 -1810.001671 -1810.002088 -1810.002450 -1810.002742 -1810.002977 -1810.003171 -1810.003335 -1810.003477 -1810.003605 -1810.003726 -1810.003849 -1810.003982 -1810.004140 -1810.004343 -1810.004620 -1810.005019 -1810.005620 -1810.006555 -1810.008050 -1810.010515 -1810.014700 -1810.022038 -1810.035337 -1810.060232 -1810.108339 -1810.204559 -1810.405355 -1810.848176 -1811.894548 -1814.585281 -1822.282390 -1847.382941 -9999.0 -9999.0
-9999.0 -9999.0 571.890714 473.266061 374.274393 275.078813 175.792906 76.469029 -22.865473 -122.196552 -221.518243 -320.818808 -420.077621 -519.252825 -618.280551 -717.084700 -815.976969 -914.746667 -1013.363421 -1111.780859 -1208.377730 -1302.430525 -1391.894842 -1474.260241 -1547.225011 -1609.303093 -1660.094135 -1700.195029 -1730.887068 -1753.771084 -1770.471018 -1782.449292 -1790.923898 -1796.855524 -1800.973446 -1803.819093 -1805.802216 -1807.301115 -1808.930056 -1812.079296 -1817.511803 -1805.870792 -1480.732261 -1962.295854 -1855.746039 -1787.975489 -1757.973939 -1753.921831 -1753.505025 -1753.545110 -1753.649949 -1753.762550 -1753.870707 -1753.970833 -1754.063651 -1754.170720 -1754.501388 -1756.811198 -1772.218598 -1807.762878 -1844.429827 -1380.644916 -1768.094916 -1809.834183 -1811.076719 -1810.303667 -1810.060591 -1810.010684 -1810.002287 -1810.001374 -1810.001671 -1810.002088 -1810.002450 -1810.002742 -1810.002977 -1810.003171 -1810.003335 -1810.003477 -1810.003605 -1810.003726 -1810.003849 -1810.003982 -1810.004140 -1810.004343 -1810.004620 -1810.005019 -1810.005620 -1810.006555 -1810.008050 -1810.010515 -1810.014700 -1810.022038 -1810.035337 -1810.060232 -1810.108339 -1810.204559 -1810.405355 -1810.848176 -1811.894548 -1814.585281 -1822.282390 -1847.382941 -9999.0 -9999.0
-9999.0 -9999.0 571.889421 473.265385 374.274119 275.078711 175.792869 76.469016 -22.865478 -122.196554 -221.518243 -320.818808 -420.077622 -519.252825 -618.280551 -717.084700 -815.976969 -914.746667 -1013.363421 -1111.780859 -1208.377729 -1302.430524 -1391.894842 -1474.260241 -1547.225011 -1609.303093 -1660.094135 -1700.195029 -1730.887068 -1753.771084 -1770.471018 -1782.449292 -1790.923898 -1796.855524 -1800.973446 -1803.819093 -1805.802216 -1807.301115 -1808.930056 -1812.079296 -1817.511803 -1805.870792 -1480.732261 -1962.295854 -1855.746039 -1787.975489 -1757.973939 -1753.921831 -1753.505025 -1753.545110 -1753.649949 -1753.762550 -1753.870707 -1753.970833 -1754.063651 -1754.170720 -1754.501388 -1756.811198 -1772.218598 -1807.762878 -1844.429827 -1380.644916 -1768.094916 -1809.834183 -1811.076719 -1810.303667 -1810.060591 -1810.010684 -1810.002287 -1810.001374 -1810.001671 -1810.002088 -1810.002450 -1810.002742 -1810.002977 -1810.003171 -1810.003335 -1810.003477 -1810.003605 -1810.003726 -1810.003849 -1810.003982 -1810.004140 -1810.004343 -1810.004620 -1810.005019 -1810.005620 -1810.006555 -1810.008050 -1810.010515 -1810.014700 -1810.022038 -1810.035337 -1810.060232 -1810.108339 -1810.204559 -1810.405355 -1810.848176 -1811.894548 -1814.585281 -1822.282390 -1847.382941 -9999.0 -9999.0
-9999.0 -9999.0 571.884606 473.263938 374.273702 275.078584 175.792827 76.469002 -22.865483 -122.196556 -221.518244 -320.818809 -420.077622 -519.252825 -618.280550 -717.084700 -815.976969 -914.746667 -1013.363421 -1111.780858 -1208.377729 -1302.430524 -1391.894842 -1474.260240 -1547.225011 -1609.303093 -1660.094135 -1700.195029 -1730.887068 -1753.771084 -1770.471018 -1782.449292 -1790.923898 -1796.855524 -1800.973446 -1803.819093 -1805.802216 -1807.301115 -1808.930056 -1812.079296 -1817.511803 -1805.870792 -1480.732261 -1962.295855 -1855.746040 -1787.975491 -1757.973939 -1753.921831 -1753.505025 -1753.545110 -1753.649949 -1753.762550 -1753.870707 -1753.970833 -1754.063651 -1754.170720 -1754.501388 -1756.811198 -1772.218598 -1807.762878 -1844.429827 -1380.644916 -1768.094916 -1809.834183 -1811.076719 -1810.303667 -1810.060591 -1810.010684 -1810.002287 -1810.001374 -1810.001671 -1810.002088 -1810.002450 -1810.002742 -1810.002977 -1810.003171 -1810.003335 -1810.003477 -1810.003605 -1810.003726 -1810.003849 -1810.003982 -1810.004140 -1810.004343 -1810.004620 -1810.005019 -1810.005620 -1810.006555 -1810.008050 -1810.010515 -1810.014700 -1810.022038 -1810.035337 -1810.060232 -1810.108339 -1810.204559 -1810.405355 -1810.848176 -1811.894548 -1814.585281 -1822.282390 -1847.382941 -9999.0 -9999.0
-9999.0 -9999.0 -9999.0 -9999.0 -9999.0 -9999.0 -9999.0 -9999.0 -9999.0 -9999.0 -9999.0 -9999.0 -9999.0 -9999.0 -9999.0 -9999.0 -9999.0 -9999.0 -9999.0 -9999.0 -9999.0 -9999.0 -9999.0 -9999.0 -9999.0 -9999.0 -9999.0 -9999.0 -9999.0 -9999.0 -9999.0 -9999.0 -9999.0 -9999.0 -9999.0 -9999.0 -9999.0 -9999.0 -9999.0 -9999.0 -9999.0 -9999.0 -9999.0 -9999.0 -9999.0 -9999.0 -9999.0 -9999.0 -9999.0 -9999.0 -9999.0 -9999.0 -9999.0 -9999.0 -9999.0 -9999.0 -9999.0 -9999.0 -9999.0 -9999.0 -9999.0 -9999.0 -9999.0 -9999.0 -9999.0 -9999.0 -9999.0 -9999.0 -9999.0 -9999.0 -9999.0 -9999.0 -9999.0 -9999.0 -9999.0 -9999.0 -9999.0 -9999.0 -9999.0 -9999.0 -9999.0 -9999.0 -9999.0 -9999.0 -9999.0 -9999.0 -9999.0 -9999.0 -9999.0 -9999.0 -9999.0 -9999.0 -9999.0 -9999.0 -9999.0 -9999.0 -9999.0 -9999.0 -9999.0 -9999.0 -9999.0 -9999.0 -9999.0 -9999.0
-9999.0 -9999.0 -9999.0 -9999.0 -9999.0 -9999.0 -9999.0 -9999.0 -9999.0 -9999.0 -9999.0 -9999.0 -9999.0 -9999.0 -9999.0 -9999.0 -9999.0 -9999.0 -9999.0 -9999.0 -9999.0 -9999.0 -9999.0 -9999.0 -9999.0 -9999.0 -9999.0 -9999.0 -9999.0 -9999.0 -9999.0 -9999.0 -9999.0 -9999.0 -9999.0 -9999.0 -9999.0 -9999.0 -9999.0 -9999.0 -9999.0 -9999.0 -9999.0 -9999.0 -9999.0 -9999.0 -9999.0 -9999.0 -9999.0 -9999.0 -9999.0 -9999.0 -9999.0 -9999.0 -9999.0 -9999.0 -9999.0 -9999.0 -9999.0 -9999.0 -9999.0 -9999.0 -9999.0 -9999.0 -9999.0 -9999.0 -9999.0 -9999.0 -9999.0 -9999.0 -9999.0 -9999.0 -9999.0 -9999.0 -9999.0 -9999.0 -9999.0 -9999.0 -9999.0 -9999.0 -9999.0 -9999.0 -9999.0 -9999.0 -9999.0 -9999.0 -9999.0 -9999.0 -9999.0 -9999.0 -9999.0 -9999.0 -9999.0 -9999.0 -9999.0 -9999.0 -9999.0 -9999.0 -9999.0 -9999.0 -9999.0 -9999.0 -9999.0 -9999.0