inst/processing_geotop_simulation/geotop_simulation/out/maps3D/PwL0007N0232.asc
ncols         104
nrows         10
xllcorner     -2.000000
yllcorner     0.000000
cellsize      1.000000
NODATA_value  -9999.0
-9999.0 -9999.0 -9999.0 -9999.0 -9999.0 -9999.0 -9999.0 -9999.0 -9999.0 -9999.0 -9999.0 -9999.0 -9999.0 -9999.0 -9999.0 -9999.0 -9999.0 -9999.0 -9999.0 -9999.0 -9999.0 -9999.0 -9999.0 -9999.0 -9999.0 -9999.0 -9999.0 -9999.0 -9999.0 -9999.0 -9999.0 -9999.0 -9999.0 -9999.0 -9999.0 -9999.0 -9999.0 -9999.0 -9999.0 -9999.0 -9999.0 -9999.0 -9999.0 -9999.0 -9999.0 -9999.0 -9999.0 -9999.0 -9999.0 -9999.0 -9999.0 -9999.0 -9999.0 -9999.0 -9999.0 -9999.0 -9999.0 -9999.0 -9999.0 -9999.0 -9999.0 -9999.0 -9999.0 -9999.0 -9999.0 -9999.0 -9999.0 -9999.0 -9999.0 -9999.0 -9999.0 -9999.0 -9999.0 -9999.0 -9999.0 -9999.0 -9999.0 -9999.0 -9999.0 -9999.0 -9999.0 -9999.0 -9999.0 -9999.0 -9999.0 -9999.0 -9999.0 -9999.0 -9999.0 -9999.0 -9999.0 -9999.0 -9999.0 -9999.0 -9999.0 -9999.0 -9999.0 -9999.0 -9999.0 -9999.0 -9999.0 -9999.0 -9999.0 -9999.0
-9999.0 -9999.0 -9999.0 -9999.0 -9999.0 -9999.0 -9999.0 -9999.0 -9999.0 -9999.0 -9999.0 -9999.0 -9999.0 -9999.0 -9999.0 -9999.0 -9999.0 -9999.0 -9999.0 -9999.0 -9999.0 -9999.0 -9999.0 -9999.0 -9999.0 -9999.0 -9999.0 -9999.0 -9999.0 -9999.0 -9999.0 -9999.0 -9999.0 -9999.0 -9999.0 -9999.0 -9999.0 -9999.0 -9999.0 -9999.0 -9999.0 -9999.0 -9999.0 -9999.0 -9999.0 -9999.0 -9999.0 -9999.0 -9999.0 -9999.0 -9999.0 -9999.0 -9999.0 -9999.0 -9999.0 -9999.0 -9999.0 -9999.0 -9999.0 -9999.0 -9999.0 -9999.0 -9999.0 -9999.0 -9999.0 -9999.0 -9999.0 -9999.0 -9999.0 -9999.0 -9999.0 -9999.0 -9999.0 -9999.0 -9999.0 -9999.0 -9999.0 -9999.0 -9999.0 -9999.0 -9999.0 -9999.0 -9999.0 -9999.0 -9999.0 -9999.0 -9999.0 -9999.0 -9999.0 -9999.0 -9999.0 -9999.0 -9999.0 -9999.0 -9999.0 -9999.0 -9999.0 -9999.0 -9999.0 -9999.0 -9999.0 -9999.0 -9999.0 -9999.0
-9999.0 -9999.0 327.541302 232.513019 135.533296 37.836604 -60.138690 -158.227855 -256.345527 -354.424272 -452.386307 -550.056666 -647.063409 -743.319670 -839.508717 -935.595622 -1031.434297 -1125.989953 -1217.645481 -1305.777010 -1386.844786 -1456.820556 -1513.435775 -1556.800379 -1588.669972 -1611.423567 -1627.352339 -1638.346540 -1645.846976 -1650.909669 -1654.293451 -1656.535456 -1658.010270 -1658.975090 -1659.604172 -1660.016115 -1660.299089 -1660.555250 -1661.091759 -1663.292072 -1671.489718 -1675.606759 -1155.259693 -1203.594003 -1178.267783 -1162.338120 -1154.960673 -1153.932121 -1153.826085 -1153.837759 -1153.866421 -1153.897140 -1153.926643 -1153.953951 -1153.979234 -1154.008082 -1154.094747 -1154.690462 -1158.540386 -1167.233668 -1179.845865 -1116.016300 -1648.677746 -1665.515967 -1662.060738 -1661.073741 -1660.899691 -1660.872428 -1660.868771 -1660.868965 -1660.869698 -1660.870375 -1660.870910 -1660.871319 -1660.871633 -1660.871877 -1660.872070 -1660.872226 -1660.872357 -1660.872474 -1660.872588 -1660.872716 -1660.872877 -1660.873100 -1660.873430 -1660.873938 -1660.874738 -1660.876019 -1660.878103 -1660.881556 -1660.887407 -1660.897583 -1660.915815 -1660.949460 -1661.013285 -1661.137464 -1661.385812 -1661.901806 -1663.035548 -1665.723297 -1672.826166 -1695.365020 -9999.0 -9999.0
-9999.0 -9999.0 327.549426 232.514988 135.533819 37.836759 -60.138640 -158.227838 -256.345521 -354.424269 -452.386306 -550.056666 -647.063409 -743.319670 -839.508717 -935.595622 -1031.434297 -1125.989953 -1217.645481 -1305.777010 -1386.844786 -1456.820556 -1513.435776 -1556.800379 -1588.669972 -1611.423567 -1627.352339 -1638.346540 -1645.846976 -1650.909669 -1654.293451 -1656.535456 -1658.010270 -1658.975090 -1659.604172 -1660.016115 -1660.299089 -1660.555250 -1661.091759 -1663.292072 -1671.489718 -1675.606759 -1155.259693 -1203.594003 -1178.267783 -1162.338119 -1154.960673 -1153.932121 -1153.826085 -1153.837759 -1153.866421 -1153.897140 -1153.926643 -1153.953951 -1153.979234 -1154.008082 -1154.094747 -1154.690462 -1158.540386 -1167.233668 -1179.845865 -1116.016300 -1648.677746 -1665.515967 -1662.060738 -1661.073741 -1660.899691 -1660.872428 -1660.868771 -1660.868965 -1660.869698 -1660.870375 -1660.870910 -1660.871319 -1660.871633 -1660.871877 -1660.872070 -1660.872226 -1660.872357 -1660.872474 -1660.872588 -1660.872716 -1660.872877 -1660.873100 -1660.873430 -1660.873938 -1660.874738 -1660.876019 -1660.878103 -1660.881556 -1660.887407 -1660.897583 -1660.915815 -1660.949460 -1661.013285 -1661.137464 -1661.385812 -1661.901806 -1663.035548 -1665.723297 -1672.826166 -1695.365020 -9999.0 -9999.0
-9999.0 -9999.0 327.550964 232.515824 135.534152 37.836881 -60.138597 -158.227823 -256.345515 -354.424267 -452.386305 -550.056665 -647.063409 -743.319669 -839.508717 -935.595622 -1031.434297 -1125.989954 -1217.645481 -1305.777010 -1386.844786 -1456.820556 -1513.435776 -1556.800379 -1588.669972 -1611.423567 -1627.352339 -1638.346540 -1645.846976 -1650.909669 -1654.293451 -1656.535456 -1658.010270 -1658.975090 -1659.604172 -1660.016115 -1660.299089 -1660.555250 -1661.091759 -1663.292072 -1671.489718 -1675.606759 -1155.259693 -1203.594003 -1178.267783 -1162.338119 -1154.960673 -1153.932121 -1153.826085 -1153.837759 -1153.866421 -1153.897140 -1153.926643 -1153.953951 -1153.979234 -1154.008082 -1154.094747 -1154.690462 -1158.540386 -1167.233668 -1179.845865 -1116.016300 -1648.677746 -1665.515967 -1662.060738 -1661.073741 -1660.899691 -1660.872428 -1660.868771 -1660.868965 -1660.869698 -1660.870375 -1660.870910 -1660.871319 -1660.871633 -1660.871877 -1660.872070 -1660.872226 -1660.872357 -1660.872474 -1660.872588 -1660.872716 -1660.872877 -1660.873100 -1660.873430 -1660.873938 -1660.874738 -1660.876019 -1660.878103 -1660.881556 -1660.887407 -1660.897583 -1660.915815 -1660.949460 -1661.013285 -1661.137464 -1661.385812 -1661.901806 -1663.035548 -1665.723297 -1672.826166 -1695.365020 -9999.0 -9999.0
-9999.0 -9999.0 327.550964 232.515824 135.534152 37.836881 -60.138597 -158.227823 -256.345515 -354.424267 -452.386305 -550.056665 -647.063409 -743.319669 -839.508717 -935.595622 -1031.434297 -1125.989954 -1217.645481 -1305.777010 -1386.844786 -1456.820556 -1513.435776 -1556.800379 -1588.669972 -1611.423567 -1627.352339 -1638.346540 -1645.846976 -1650.909669 -1654.293451 -1656.535456 -1658.010270 -1658.975090 -1659.604172 -1660.016115 -1660.299089 -1660.555250 -1661.091759 -1663.292072 -1671.489718 -1675.606759 -1155.259693 -1203.594003 -1178.267783 -1162.338119 -1154.960673 -1153.932121 -1153.826085 -1153.837759 -1153.866421 -1153.897140 -1153.926643 -1153.953951 -1153.979234 -1154.008082 -1154.094747 -1154.690462 -1158.540386 -1167.233668 -1179.845865 -1116.016300 -1648.677746 -1665.515967 -1662.060738 -1661.073741 -1660.899691 -1660.872428 -1660.868771 -1660.868965 -1660.869698 -1660.870375 -1660.870910 -1660.871319 -1660.871633 -1660.871877 -1660.872070 -1660.872226 -1660.872357 -1660.872474 -1660.872588 -1660.872716 -1660.872877 -1660.873100 -1660.873430 -1660.873938 -1660.874738 -1660.876019 -1660.878103 -1660.881556 -1660.887407 -1660.897583 -1660.915815 -1660.949460 -1661.013285 -1661.137464 -1661.385812 -1661.901806 -1663.035548 -1665.723297 -1672.826166 -1695.365020 -9999.0 -9999.0
-9999.0 -9999.0 327.549426 232.514988 135.533819 37.836759 -60.138640 -158.227838 -256.345521 -354.424269 -452.386306 -550.056666 -647.063409 -743.319670 -839.508717 -935.595622 -1031.434297 -1125.989953 -1217.645481 -1305.777010 -1386.844786 -1456.820556 -1513.435776 -1556.800379 -1588.669972 -1611.423567 -1627.352339 -1638.346540 -1645.846976 -1650.909669 -1654.293451 -1656.535456 -1658.010270 -1658.975090 -1659.604172 -1660.016115 -1660.299089 -1660.555250 -1661.091759 -1663.292072 -1671.489718 -1675.606759 -1155.259693 -1203.594003 -1178.267783 -1162.338119 -1154.960673 -1153.932121 -1153.826085 -1153.837759 -1153.866421 -1153.897140 -1153.926643 -1153.953951 -1153.979234 -1154.008082 -1154.094747 -1154.690462 -1158.540386 -1167.233668 -1179.845865 -1116.016300 -1648.677746 -1665.515967 -1662.060738 -1661.073741 -1660.899691 -1660.872428 -1660.868771 -1660.868965 -1660.869698 -1660.870375 -1660.870910 -1660.871319 -1660.871633 -1660.871877 -1660.872070 -1660.872226 -1660.872357 -1660.872474 -1660.872588 -1660.872716 -1660.872877 -1660.873100 -1660.873430 -1660.873938 -1660.874738 -1660.876019 -1660.878103 -1660.881556 -1660.887407 -1660.897583 -1660.915815 -1660.949460 -1661.013285 -1661.137464 -1661.385812 -1661.901806 -1663.035548 -1665.723297 -1672.826166 -1695.365020 -9999.0 -9999.0
-9999.0 -9999.0 327.541302 232.513019 135.533296 37.836604 -60.138689 -158.227855 -256.345527 -354.424272 -452.386307 -550.056666 -647.063409 -743.319670 -839.508717 -935.595622 -1031.434297 -1125.989953 -1217.645481 -1305.777010 -1386.844786 -1456.820556 -1513.435775 -1556.800379 -1588.669972 -1611.423567 -1627.352339 -1638.346540 -1645.846976 -1650.909669 -1654.293451 -1656.535456 -1658.010270 -1658.975090 -1659.604172 -1660.016115 -1660.299089 -1660.555250 -1661.091759 -1663.292072 -1671.489718 -1675.606759 -1155.259693 -1203.594003 -1178.267783 -1162.338120 -1154.960673 -1153.932121 -1153.826085 -1153.837759 -1153.866421 -1153.897140 -1153.926643 -1153.953951 -1153.979234 -1154.008082 -1154.094747 -1154.690462 -1158.540386 -1167.233668 -1179.845865 -1116.016300 -1648.677746 -1665.515967 -1662.060738 -1661.073741 -1660.899691 -1660.872428 -1660.868771 -1660.868965 -1660.869698 -1660.870375 -1660.870910 -1660.871319 -1660.871633 -1660.871877 -1660.872070 -1660.872226 -1660.872357 -1660.872474 -1660.872588 -1660.872716 -1660.872877 -1660.873100 -1660.873430 -1660.873938 -1660.874738 -1660.876019 -1660.878103 -1660.881556 -1660.887407 -1660.897583 -1660.915815 -1660.949460 -1661.013285 -1661.137464 -1661.385812 -1661.901806 -1663.035548 -1665.723297 -1672.826166 -1695.365020 -9999.0 -9999.0
-9999.0 -9999.0 -9999.0 -9999.0 -9999.0 -9999.0 -9999.0 -9999.0 -9999.0 -9999.0 -9999.0 -9999.0 -9999.0 -9999.0 -9999.0 -9999.0 -9999.0 -9999.0 -9999.0 -9999.0 -9999.0 -9999.0 -9999.0 -9999.0 -9999.0 -9999.0 -9999.0 -9999.0 -9999.0 -9999.0 -9999.0 -9999.0 -9999.0 -9999.0 -9999.0 -9999.0 -9999.0 -9999.0 -9999.0 -9999.0 -9999.0 -9999.0 -9999.0 -9999.0 -9999.0 -9999.0 -9999.0 -9999.0 -9999.0 -9999.0 -9999.0 -9999.0 -9999.0 -9999.0 -9999.0 -9999.0 -9999.0 -9999.0 -9999.0 -9999.0 -9999.0 -9999.0 -9999.0 -9999.0 -9999.0 -9999.0 -9999.0 -9999.0 -9999.0 -9999.0 -9999.0 -9999.0 -9999.0 -9999.0 -9999.0 -9999.0 -9999.0 -9999.0 -9999.0 -9999.0 -9999.0 -9999.0 -9999.0 -9999.0 -9999.0 -9999.0 -9999.0 -9999.0 -9999.0 -9999.0 -9999.0 -9999.0 -9999.0 -9999.0 -9999.0 -9999.0 -9999.0 -9999.0 -9999.0 -9999.0 -9999.0 -9999.0 -9999.0 -9999.0
-9999.0 -9999.0 -9999.0 -9999.0 -9999.0 -9999.0 -9999.0 -9999.0 -9999.0 -9999.0 -9999.0 -9999.0 -9999.0 -9999.0 -9999.0 -9999.0 -9999.0 -9999.0 -9999.0 -9999.0 -9999.0 -9999.0 -9999.0 -9999.0 -9999.0 -9999.0 -9999.0 -9999.0 -9999.0 -9999.0 -9999.0 -9999.0 -9999.0 -9999.0 -9999.0 -9999.0 -9999.0 -9999.0 -9999.0 -9999.0 -9999.0 -9999.0 -9999.0 -9999.0 -9999.0 -9999.0 -9999.0 -9999.0 -9999.0 -9999.0 -9999.0 -9999.0 -9999.0 -9999.0 -9999.0 -9999.0 -9999.0 -9999.0 -9999.0 -9999.0 -9999.0 -9999.0 -9999.0 -9999.0 -9999.0 -9999.0 -9999.0 -9999.0 -9999.0 -9999.0 -9999.0 -9999.0 -9999.0 -9999.0 -9999.0 -9999.0 -9999.0 -9999.0 -9999.0 -9999.0 -9999.0 -9999.0 -9999.0 -9999.0 -9999.0 -9999.0 -9999.0 -9999.0 -9999.0 -9999.0 -9999.0 -9999.0 -9999.0 -9999.0 -9999.0 -9999.0 -9999.0 -9999.0 -9999.0 -9999.0 -9999.0 -9999.0 -9999.0 -9999.0