inst/processing_geotop_simulation/geotop_simulation/out/maps3D/PwL0001N0462.asc
ncols         104
nrows         10
xllcorner     -2.000000
yllcorner     0.000000
cellsize      1.000000
NODATA_value  -9999.0
-9999.0 -9999.0 -9999.0 -9999.0 -9999.0 -9999.0 -9999.0 -9999.0 -9999.0 -9999.0 -9999.0 -9999.0 -9999.0 -9999.0 -9999.0 -9999.0 -9999.0 -9999.0 -9999.0 -9999.0 -9999.0 -9999.0 -9999.0 -9999.0 -9999.0 -9999.0 -9999.0 -9999.0 -9999.0 -9999.0 -9999.0 -9999.0 -9999.0 -9999.0 -9999.0 -9999.0 -9999.0 -9999.0 -9999.0 -9999.0 -9999.0 -9999.0 -9999.0 -9999.0 -9999.0 -9999.0 -9999.0 -9999.0 -9999.0 -9999.0 -9999.0 -9999.0 -9999.0 -9999.0 -9999.0 -9999.0 -9999.0 -9999.0 -9999.0 -9999.0 -9999.0 -9999.0 -9999.0 -9999.0 -9999.0 -9999.0 -9999.0 -9999.0 -9999.0 -9999.0 -9999.0 -9999.0 -9999.0 -9999.0 -9999.0 -9999.0 -9999.0 -9999.0 -9999.0 -9999.0 -9999.0 -9999.0 -9999.0 -9999.0 -9999.0 -9999.0 -9999.0 -9999.0 -9999.0 -9999.0 -9999.0 -9999.0 -9999.0 -9999.0 -9999.0 -9999.0 -9999.0 -9999.0 -9999.0 -9999.0 -9999.0 -9999.0 -9999.0 -9999.0
-9999.0 -9999.0 -9999.0 -9999.0 -9999.0 -9999.0 -9999.0 -9999.0 -9999.0 -9999.0 -9999.0 -9999.0 -9999.0 -9999.0 -9999.0 -9999.0 -9999.0 -9999.0 -9999.0 -9999.0 -9999.0 -9999.0 -9999.0 -9999.0 -9999.0 -9999.0 -9999.0 -9999.0 -9999.0 -9999.0 -9999.0 -9999.0 -9999.0 -9999.0 -9999.0 -9999.0 -9999.0 -9999.0 -9999.0 -9999.0 -9999.0 -9999.0 -9999.0 -9999.0 -9999.0 -9999.0 -9999.0 -9999.0 -9999.0 -9999.0 -9999.0 -9999.0 -9999.0 -9999.0 -9999.0 -9999.0 -9999.0 -9999.0 -9999.0 -9999.0 -9999.0 -9999.0 -9999.0 -9999.0 -9999.0 -9999.0 -9999.0 -9999.0 -9999.0 -9999.0 -9999.0 -9999.0 -9999.0 -9999.0 -9999.0 -9999.0 -9999.0 -9999.0 -9999.0 -9999.0 -9999.0 -9999.0 -9999.0 -9999.0 -9999.0 -9999.0 -9999.0 -9999.0 -9999.0 -9999.0 -9999.0 -9999.0 -9999.0 -9999.0 -9999.0 -9999.0 -9999.0 -9999.0 -9999.0 -9999.0 -9999.0 -9999.0 -9999.0 -9999.0
-9999.0 -9999.0 25.815328 -72.159421 -171.240330 -270.560214 -369.967383 -469.406326 -568.848993 -668.274168 -767.654407 -866.971314 -966.207745 -1065.342878 -1164.448253 -1263.502336 -1362.333431 -1460.804008 -1558.647827 -1655.305848 -1749.632724 -1839.518797 -1921.940106 -1993.903038 -2053.624621 -2100.986328 -2137.179192 -2164.050525 -2183.564335 -2197.494997 -2207.307898 -2214.147661 -2218.875440 -2222.122039 -2224.341011 -2225.856858 -2226.914398 -2227.763648 -2228.873272 -2231.047974 -2229.469687 -2150.122802 -1321.150435 -1316.798104 -1307.079775 -1300.602594 -1297.549794 -1297.058458 -1297.003991 -1297.008227 -1297.020893 -1297.034599 -1297.047785 -1297.060006 -1297.071418 -1297.085297 -1297.131449 -1297.432227 -1299.081011 -1302.692500 -1307.359702 -1304.654607 -2125.423402 -2223.961580 -2229.719352 -2229.342415 -2229.136605 -2229.090503 -2229.082514 -2229.081614 -2229.081872 -2229.082247 -2229.082569 -2229.082825 -2229.083027 -2229.083188 -2229.083320 -2229.083432 -2229.083529 -2229.083619 -2229.083710 -2229.083810 -2229.083933 -2229.084097 -2229.084331 -2229.084681 -2229.085221 -2229.086077 -2229.087466 -2229.089775 -2229.093719 -2229.100662 -2229.113270 -2229.136886 -2229.182490 -2229.273483 -2229.462620 -2229.877906 -2230.857662 -2233.392453 -2240.766195 -2265.397031 -9999.0 -9999.0
-9999.0 -9999.0 25.826157 -72.157627 -171.239883 -270.560084 -369.967341 -469.406311 -568.848988 -668.274166 -767.654406 -866.971314 -966.207744 -1065.342878 -1164.448253 -1263.502336 -1362.333431 -1460.804008 -1558.647827 -1655.305848 -1749.632724 -1839.518797 -1921.940107 -1993.903038 -2053.624621 -2100.986328 -2137.179192 -2164.050525 -2183.564335 -2197.494997 -2207.307898 -2214.147661 -2218.875440 -2222.122039 -2224.341011 -2225.856858 -2226.914398 -2227.763648 -2228.873272 -2231.047974 -2229.469687 -2150.122802 -1321.150435 -1316.798104 -1307.079775 -1300.602594 -1297.549794 -1297.058458 -1297.003991 -1297.008227 -1297.020893 -1297.034599 -1297.047785 -1297.060006 -1297.071418 -1297.085297 -1297.131449 -1297.432227 -1299.081011 -1302.692500 -1307.359702 -1304.654607 -2125.423402 -2223.961580 -2229.719352 -2229.342415 -2229.136605 -2229.090503 -2229.082514 -2229.081614 -2229.081872 -2229.082247 -2229.082569 -2229.082825 -2229.083027 -2229.083188 -2229.083320 -2229.083432 -2229.083529 -2229.083619 -2229.083710 -2229.083810 -2229.083933 -2229.084097 -2229.084331 -2229.084681 -2229.085221 -2229.086077 -2229.087466 -2229.089775 -2229.093719 -2229.100662 -2229.113270 -2229.136886 -2229.182490 -2229.273483 -2229.462620 -2229.877906 -2230.857662 -2233.392453 -2240.766195 -2265.397031 -9999.0 -9999.0
-9999.0 -9999.0 25.827157 -72.156908 -171.239600 -270.559982 -369.967305 -469.406298 -568.848983 -668.274164 -767.654406 -866.971313 -966.207744 -1065.342877 -1164.448253 -1263.502336 -1362.333431 -1460.804008 -1558.647827 -1655.305848 -1749.632724 -1839.518798 -1921.940107 -1993.903038 -2053.624621 -2100.986328 -2137.179192 -2164.050525 -2183.564335 -2197.494997 -2207.307898 -2214.147661 -2218.875440 -2222.122039 -2224.341011 -2225.856858 -2226.914398 -2227.763648 -2228.873272 -2231.047974 -2229.469687 -2150.122802 -1321.150435 -1316.798104 -1307.079775 -1300.602594 -1297.549794 -1297.058458 -1297.003991 -1297.008227 -1297.020893 -1297.034599 -1297.047785 -1297.060006 -1297.071418 -1297.085297 -1297.131449 -1297.432227 -1299.081011 -1302.692500 -1307.359702 -1304.654607 -2125.423402 -2223.961580 -2229.719352 -2229.342415 -2229.136605 -2229.090503 -2229.082514 -2229.081614 -2229.081872 -2229.082247 -2229.082569 -2229.082825 -2229.083027 -2229.083188 -2229.083320 -2229.083432 -2229.083529 -2229.083619 -2229.083710 -2229.083810 -2229.083933 -2229.084097 -2229.084331 -2229.084681 -2229.085221 -2229.086077 -2229.087466 -2229.089775 -2229.093719 -2229.100662 -2229.113270 -2229.136886 -2229.182490 -2229.273483 -2229.462620 -2229.877906 -2230.857662 -2233.392453 -2240.766195 -2265.397031 -9999.0 -9999.0
-9999.0 -9999.0 25.827157 -72.156908 -171.239600 -270.559982 -369.967305 -469.406298 -568.848983 -668.274164 -767.654406 -866.971313 -966.207744 -1065.342877 -1164.448253 -1263.502336 -1362.333431 -1460.804008 -1558.647827 -1655.305848 -1749.632724 -1839.518798 -1921.940107 -1993.903038 -2053.624621 -2100.986328 -2137.179192 -2164.050525 -2183.564335 -2197.494997 -2207.307898 -2214.147661 -2218.875440 -2222.122039 -2224.341011 -2225.856858 -2226.914398 -2227.763648 -2228.873272 -2231.047974 -2229.469687 -2150.122802 -1321.150435 -1316.798104 -1307.079775 -1300.602594 -1297.549794 -1297.058458 -1297.003991 -1297.008227 -1297.020893 -1297.034599 -1297.047785 -1297.060006 -1297.071418 -1297.085297 -1297.131449 -1297.432227 -1299.081011 -1302.692500 -1307.359702 -1304.654607 -2125.423402 -2223.961580 -2229.719352 -2229.342415 -2229.136605 -2229.090503 -2229.082514 -2229.081614 -2229.081872 -2229.082247 -2229.082569 -2229.082825 -2229.083027 -2229.083188 -2229.083320 -2229.083432 -2229.083529 -2229.083619 -2229.083710 -2229.083810 -2229.083933 -2229.084097 -2229.084331 -2229.084681 -2229.085221 -2229.086077 -2229.087466 -2229.089775 -2229.093719 -2229.100662 -2229.113270 -2229.136886 -2229.182490 -2229.273483 -2229.462620 -2229.877906 -2230.857662 -2233.392453 -2240.766195 -2265.397031 -9999.0 -9999.0
-9999.0 -9999.0 25.826157 -72.157627 -171.239883 -270.560084 -369.967341 -469.406311 -568.848988 -668.274166 -767.654406 -866.971314 -966.207744 -1065.342878 -1164.448253 -1263.502336 -1362.333431 -1460.804008 -1558.647827 -1655.305848 -1749.632724 -1839.518797 -1921.940107 -1993.903038 -2053.624621 -2100.986328 -2137.179192 -2164.050525 -2183.564335 -2197.494997 -2207.307898 -2214.147661 -2218.875440 -2222.122039 -2224.341011 -2225.856858 -2226.914398 -2227.763648 -2228.873272 -2231.047974 -2229.469687 -2150.122802 -1321.150435 -1316.798104 -1307.079775 -1300.602594 -1297.549794 -1297.058458 -1297.003991 -1297.008227 -1297.020893 -1297.034599 -1297.047785 -1297.060006 -1297.071418 -1297.085297 -1297.131449 -1297.432227 -1299.081011 -1302.692500 -1307.359702 -1304.654607 -2125.423402 -2223.961580 -2229.719352 -2229.342415 -2229.136605 -2229.090503 -2229.082514 -2229.081614 -2229.081872 -2229.082247 -2229.082569 -2229.082825 -2229.083027 -2229.083188 -2229.083320 -2229.083432 -2229.083529 -2229.083619 -2229.083710 -2229.083810 -2229.083933 -2229.084097 -2229.084331 -2229.084681 -2229.085221 -2229.086077 -2229.087466 -2229.089775 -2229.093719 -2229.100662 -2229.113270 -2229.136886 -2229.182490 -2229.273483 -2229.462620 -2229.877906 -2230.857662 -2233.392453 -2240.766195 -2265.397031 -9999.0 -9999.0
-9999.0 -9999.0 25.815328 -72.159421 -171.240330 -270.560214 -369.967383 -469.406326 -568.848993 -668.274168 -767.654407 -866.971314 -966.207745 -1065.342878 -1164.448253 -1263.502336 -1362.333431 -1460.804008 -1558.647827 -1655.305848 -1749.632724 -1839.518797 -1921.940106 -1993.903038 -2053.624621 -2100.986328 -2137.179192 -2164.050525 -2183.564335 -2197.494997 -2207.307898 -2214.147661 -2218.875440 -2222.122039 -2224.341011 -2225.856858 -2226.914398 -2227.763648 -2228.873272 -2231.047974 -2229.469687 -2150.122802 -1321.150435 -1316.798104 -1307.079775 -1300.602594 -1297.549794 -1297.058458 -1297.003991 -1297.008227 -1297.020893 -1297.034599 -1297.047785 -1297.060006 -1297.071418 -1297.085297 -1297.131449 -1297.432227 -1299.081011 -1302.692500 -1307.359702 -1304.654607 -2125.423402 -2223.961580 -2229.719352 -2229.342415 -2229.136605 -2229.090503 -2229.082514 -2229.081614 -2229.081872 -2229.082247 -2229.082569 -2229.082825 -2229.083027 -2229.083188 -2229.083320 -2229.083432 -2229.083529 -2229.083619 -2229.083710 -2229.083810 -2229.083933 -2229.084097 -2229.084331 -2229.084681 -2229.085221 -2229.086077 -2229.087466 -2229.089775 -2229.093719 -2229.100662 -2229.113270 -2229.136886 -2229.182490 -2229.273483 -2229.462620 -2229.877906 -2230.857662 -2233.392453 -2240.766195 -2265.397031 -9999.0 -9999.0
-9999.0 -9999.0 -9999.0 -9999.0 -9999.0 -9999.0 -9999.0 -9999.0 -9999.0 -9999.0 -9999.0 -9999.0 -9999.0 -9999.0 -9999.0 -9999.0 -9999.0 -9999.0 -9999.0 -9999.0 -9999.0 -9999.0 -9999.0 -9999.0 -9999.0 -9999.0 -9999.0 -9999.0 -9999.0 -9999.0 -9999.0 -9999.0 -9999.0 -9999.0 -9999.0 -9999.0 -9999.0 -9999.0 -9999.0 -9999.0 -9999.0 -9999.0 -9999.0 -9999.0 -9999.0 -9999.0 -9999.0 -9999.0 -9999.0 -9999.0 -9999.0 -9999.0 -9999.0 -9999.0 -9999.0 -9999.0 -9999.0 -9999.0 -9999.0 -9999.0 -9999.0 -9999.0 -9999.0 -9999.0 -9999.0 -9999.0 -9999.0 -9999.0 -9999.0 -9999.0 -9999.0 -9999.0 -9999.0 -9999.0 -9999.0 -9999.0 -9999.0 -9999.0 -9999.0 -9999.0 -9999.0 -9999.0 -9999.0 -9999.0 -9999.0 -9999.0 -9999.0 -9999.0 -9999.0 -9999.0 -9999.0 -9999.0 -9999.0 -9999.0 -9999.0 -9999.0 -9999.0 -9999.0 -9999.0 -9999.0 -9999.0 -9999.0 -9999.0 -9999.0
-9999.0 -9999.0 -9999.0 -9999.0 -9999.0 -9999.0 -9999.0 -9999.0 -9999.0 -9999.0 -9999.0 -9999.0 -9999.0 -9999.0 -9999.0 -9999.0 -9999.0 -9999.0 -9999.0 -9999.0 -9999.0 -9999.0 -9999.0 -9999.0 -9999.0 -9999.0 -9999.0 -9999.0 -9999.0 -9999.0 -9999.0 -9999.0 -9999.0 -9999.0 -9999.0 -9999.0 -9999.0 -9999.0 -9999.0 -9999.0 -9999.0 -9999.0 -9999.0 -9999.0 -9999.0 -9999.0 -9999.0 -9999.0 -9999.0 -9999.0 -9999.0 -9999.0 -9999.0 -9999.0 -9999.0 -9999.0 -9999.0 -9999.0 -9999.0 -9999.0 -9999.0 -9999.0 -9999.0 -9999.0 -9999.0 -9999.0 -9999.0 -9999.0 -9999.0 -9999.0 -9999.0 -9999.0 -9999.0 -9999.0 -9999.0 -9999.0 -9999.0 -9999.0 -9999.0 -9999.0 -9999.0 -9999.0 -9999.0 -9999.0 -9999.0 -9999.0 -9999.0 -9999.0 -9999.0 -9999.0 -9999.0 -9999.0 -9999.0 -9999.0 -9999.0 -9999.0 -9999.0 -9999.0 -9999.0 -9999.0 -9999.0 -9999.0 -9999.0 -9999.0