inst/processing_geotop_simulation/geotop_simulation/out/maps3D/PwL0003N0218.asc
ncols         104
nrows         10
xllcorner     -2.000000
yllcorner     0.000000
cellsize      1.000000
NODATA_value  -9999.0
-9999.0 -9999.0 -9999.0 -9999.0 -9999.0 -9999.0 -9999.0 -9999.0 -9999.0 -9999.0 -9999.0 -9999.0 -9999.0 -9999.0 -9999.0 -9999.0 -9999.0 -9999.0 -9999.0 -9999.0 -9999.0 -9999.0 -9999.0 -9999.0 -9999.0 -9999.0 -9999.0 -9999.0 -9999.0 -9999.0 -9999.0 -9999.0 -9999.0 -9999.0 -9999.0 -9999.0 -9999.0 -9999.0 -9999.0 -9999.0 -9999.0 -9999.0 -9999.0 -9999.0 -9999.0 -9999.0 -9999.0 -9999.0 -9999.0 -9999.0 -9999.0 -9999.0 -9999.0 -9999.0 -9999.0 -9999.0 -9999.0 -9999.0 -9999.0 -9999.0 -9999.0 -9999.0 -9999.0 -9999.0 -9999.0 -9999.0 -9999.0 -9999.0 -9999.0 -9999.0 -9999.0 -9999.0 -9999.0 -9999.0 -9999.0 -9999.0 -9999.0 -9999.0 -9999.0 -9999.0 -9999.0 -9999.0 -9999.0 -9999.0 -9999.0 -9999.0 -9999.0 -9999.0 -9999.0 -9999.0 -9999.0 -9999.0 -9999.0 -9999.0 -9999.0 -9999.0 -9999.0 -9999.0 -9999.0 -9999.0 -9999.0 -9999.0 -9999.0 -9999.0
-9999.0 -9999.0 -9999.0 -9999.0 -9999.0 -9999.0 -9999.0 -9999.0 -9999.0 -9999.0 -9999.0 -9999.0 -9999.0 -9999.0 -9999.0 -9999.0 -9999.0 -9999.0 -9999.0 -9999.0 -9999.0 -9999.0 -9999.0 -9999.0 -9999.0 -9999.0 -9999.0 -9999.0 -9999.0 -9999.0 -9999.0 -9999.0 -9999.0 -9999.0 -9999.0 -9999.0 -9999.0 -9999.0 -9999.0 -9999.0 -9999.0 -9999.0 -9999.0 -9999.0 -9999.0 -9999.0 -9999.0 -9999.0 -9999.0 -9999.0 -9999.0 -9999.0 -9999.0 -9999.0 -9999.0 -9999.0 -9999.0 -9999.0 -9999.0 -9999.0 -9999.0 -9999.0 -9999.0 -9999.0 -9999.0 -9999.0 -9999.0 -9999.0 -9999.0 -9999.0 -9999.0 -9999.0 -9999.0 -9999.0 -9999.0 -9999.0 -9999.0 -9999.0 -9999.0 -9999.0 -9999.0 -9999.0 -9999.0 -9999.0 -9999.0 -9999.0 -9999.0 -9999.0 -9999.0 -9999.0 -9999.0 -9999.0 -9999.0 -9999.0 -9999.0 -9999.0 -9999.0 -9999.0 -9999.0 -9999.0 -9999.0 -9999.0 -9999.0 -9999.0
-9999.0 -9999.0 128.714505 35.665138 -60.804290 -158.174699 -255.880285 -353.697007 -451.505209 -549.210428 -646.609893 -743.413278 -839.679210 -935.154534 -1030.409203 -1125.714366 -1219.242838 -1310.769659 -1400.030378 -1484.600026 -1558.829884 -1618.580710 -1663.283724 -1695.052106 -1716.942376 -1731.797624 -1741.820418 -1748.567149 -1753.095201 -1756.118660 -1758.124122 -1759.445090 -1760.309731 -1760.872802 -1761.238298 -1761.477252 -1761.645192 -1761.815612 -1762.241209 -1764.158794 -1771.257254 -1760.185463 -1094.864966 -1096.294741 -1084.081019 -1076.299988 -1072.652931 -1072.117422 -1072.061524 -1072.068606 -1072.085022 -1072.102591 -1072.119467 -1072.135091 -1072.149547 -1072.165934 -1072.213959 -1072.533462 -1074.473300 -1078.824015 -1085.327910 -1075.246604 -1738.210587 -1766.031741 -1763.071191 -1762.176877 -1762.022431 -1761.998364 -1761.995233 -1761.995578 -1761.996396 -1761.997132 -1761.997710 -1761.998150 -1761.998487 -1761.998748 -1761.998955 -1761.999122 -1761.999261 -1761.999385 -1761.999506 -1761.999641 -1761.999812 -1762.000048 -1762.000399 -1762.000938 -1762.001787 -1762.003146 -1762.005356 -1762.009012 -1762.015194 -1762.025923 -1762.045096 -1762.080391 -1762.147162 -1762.276578 -1762.533728 -1763.062344 -1764.206880 -1766.875992 -1773.826913 -1795.815540 -9999.0 -9999.0
-9999.0 -9999.0 128.725734 35.667301 -60.803746 -158.174541 -255.880235 -353.696990 -451.505203 -549.210426 -646.609892 -743.413278 -839.679210 -935.154534 -1030.409203 -1125.714366 -1219.242838 -1310.769659 -1400.030379 -1484.600026 -1558.829885 -1618.580710 -1663.283724 -1695.052106 -1716.942376 -1731.797624 -1741.820419 -1748.567149 -1753.095201 -1756.118660 -1758.124122 -1759.445090 -1760.309731 -1760.872802 -1761.238298 -1761.477252 -1761.645192 -1761.815612 -1762.241209 -1764.158794 -1771.257254 -1760.185463 -1094.864966 -1096.294741 -1084.081018 -1076.299988 -1072.652931 -1072.117422 -1072.061524 -1072.068606 -1072.085022 -1072.102591 -1072.119467 -1072.135091 -1072.149547 -1072.165934 -1072.213959 -1072.533462 -1074.473300 -1078.824015 -1085.327910 -1075.246604 -1738.210587 -1766.031741 -1763.071191 -1762.176877 -1762.022431 -1761.998364 -1761.995233 -1761.995578 -1761.996396 -1761.997132 -1761.997710 -1761.998150 -1761.998487 -1761.998748 -1761.998955 -1761.999122 -1761.999261 -1761.999385 -1761.999506 -1761.999641 -1761.999812 -1762.000048 -1762.000399 -1762.000938 -1762.001787 -1762.003146 -1762.005356 -1762.009012 -1762.015194 -1762.025923 -1762.045096 -1762.080391 -1762.147162 -1762.276578 -1762.533728 -1763.062344 -1764.206880 -1766.875992 -1773.826913 -1795.815540 -9999.0 -9999.0
-9999.0 -9999.0 128.727134 35.668171 -60.803402 -158.174417 -255.880191 -353.696975 -451.505197 -549.210424 -646.609891 -743.413277 -839.679210 -935.154534 -1030.409203 -1125.714366 -1219.242838 -1310.769659 -1400.030379 -1484.600026 -1558.829885 -1618.580711 -1663.283724 -1695.052106 -1716.942376 -1731.797624 -1741.820419 -1748.567149 -1753.095201 -1756.118660 -1758.124122 -1759.445090 -1760.309731 -1760.872802 -1761.238298 -1761.477252 -1761.645192 -1761.815612 -1762.241209 -1764.158794 -1771.257254 -1760.185463 -1094.864966 -1096.294741 -1084.081018 -1076.299988 -1072.652931 -1072.117422 -1072.061524 -1072.068606 -1072.085022 -1072.102591 -1072.119467 -1072.135091 -1072.149547 -1072.165934 -1072.213959 -1072.533462 -1074.473300 -1078.824015 -1085.327910 -1075.246604 -1738.210587 -1766.031741 -1763.071191 -1762.176877 -1762.022431 -1761.998364 -1761.995233 -1761.995578 -1761.996396 -1761.997132 -1761.997710 -1761.998150 -1761.998487 -1761.998748 -1761.998955 -1761.999122 -1761.999261 -1761.999385 -1761.999506 -1761.999641 -1761.999812 -1762.000048 -1762.000399 -1762.000938 -1762.001787 -1762.003146 -1762.005356 -1762.009012 -1762.015194 -1762.025923 -1762.045096 -1762.080391 -1762.147162 -1762.276578 -1762.533728 -1763.062344 -1764.206880 -1766.875992 -1773.826913 -1795.815540 -9999.0 -9999.0
-9999.0 -9999.0 128.727134 35.668171 -60.803403 -158.174416 -255.880191 -353.696975 -451.505197 -549.210424 -646.609891 -743.413277 -839.679210 -935.154534 -1030.409203 -1125.714366 -1219.242838 -1310.769659 -1400.030379 -1484.600026 -1558.829885 -1618.580711 -1663.283724 -1695.052106 -1716.942376 -1731.797624 -1741.820419 -1748.567149 -1753.095201 -1756.118660 -1758.124122 -1759.445090 -1760.309731 -1760.872802 -1761.238298 -1761.477252 -1761.645192 -1761.815612 -1762.241209 -1764.158794 -1771.257254 -1760.185463 -1094.864966 -1096.294741 -1084.081018 -1076.299988 -1072.652931 -1072.117422 -1072.061524 -1072.068606 -1072.085022 -1072.102591 -1072.119467 -1072.135091 -1072.149547 -1072.165934 -1072.213959 -1072.533462 -1074.473300 -1078.824015 -1085.327910 -1075.246604 -1738.210587 -1766.031741 -1763.071191 -1762.176877 -1762.022431 -1761.998364 -1761.995233 -1761.995578 -1761.996396 -1761.997132 -1761.997710 -1761.998150 -1761.998487 -1761.998748 -1761.998955 -1761.999122 -1761.999261 -1761.999385 -1761.999506 -1761.999641 -1761.999812 -1762.000048 -1762.000399 -1762.000938 -1762.001787 -1762.003146 -1762.005356 -1762.009012 -1762.015194 -1762.025923 -1762.045096 -1762.080391 -1762.147162 -1762.276578 -1762.533728 -1763.062344 -1764.206880 -1766.875992 -1773.826913 -1795.815540 -9999.0 -9999.0
-9999.0 -9999.0 128.725734 35.667301 -60.803746 -158.174541 -255.880235 -353.696990 -451.505203 -549.210426 -646.609892 -743.413278 -839.679210 -935.154534 -1030.409203 -1125.714366 -1219.242838 -1310.769659 -1400.030379 -1484.600026 -1558.829885 -1618.580710 -1663.283724 -1695.052106 -1716.942376 -1731.797624 -1741.820419 -1748.567149 -1753.095201 -1756.118660 -1758.124122 -1759.445090 -1760.309731 -1760.872802 -1761.238298 -1761.477252 -1761.645192 -1761.815612 -1762.241209 -1764.158794 -1771.257254 -1760.185463 -1094.864966 -1096.294741 -1084.081018 -1076.299988 -1072.652931 -1072.117422 -1072.061524 -1072.068606 -1072.085022 -1072.102591 -1072.119467 -1072.135091 -1072.149547 -1072.165934 -1072.213959 -1072.533462 -1074.473300 -1078.824015 -1085.327910 -1075.246604 -1738.210587 -1766.031741 -1763.071191 -1762.176877 -1762.022431 -1761.998364 -1761.995233 -1761.995578 -1761.996396 -1761.997132 -1761.997710 -1761.998150 -1761.998487 -1761.998748 -1761.998955 -1761.999122 -1761.999261 -1761.999385 -1761.999506 -1761.999641 -1761.999812 -1762.000048 -1762.000399 -1762.000938 -1762.001787 -1762.003146 -1762.005356 -1762.009012 -1762.015194 -1762.025923 -1762.045096 -1762.080391 -1762.147162 -1762.276578 -1762.533728 -1763.062344 -1764.206880 -1766.875992 -1773.826913 -1795.815540 -9999.0 -9999.0
-9999.0 -9999.0 128.714505 35.665138 -60.804290 -158.174699 -255.880286 -353.697007 -451.505209 -549.210428 -646.609893 -743.413278 -839.679210 -935.154534 -1030.409203 -1125.714366 -1219.242838 -1310.769659 -1400.030378 -1484.600026 -1558.829884 -1618.580710 -1663.283724 -1695.052106 -1716.942376 -1731.797624 -1741.820418 -1748.567149 -1753.095201 -1756.118660 -1758.124122 -1759.445090 -1760.309731 -1760.872802 -1761.238298 -1761.477252 -1761.645192 -1761.815612 -1762.241209 -1764.158794 -1771.257254 -1760.185463 -1094.864966 -1096.294741 -1084.081019 -1076.299988 -1072.652931 -1072.117422 -1072.061524 -1072.068606 -1072.085022 -1072.102591 -1072.119467 -1072.135091 -1072.149547 -1072.165934 -1072.213959 -1072.533462 -1074.473300 -1078.824015 -1085.327910 -1075.246604 -1738.210587 -1766.031741 -1763.071191 -1762.176877 -1762.022431 -1761.998364 -1761.995233 -1761.995578 -1761.996396 -1761.997132 -1761.997710 -1761.998150 -1761.998487 -1761.998748 -1761.998955 -1761.999122 -1761.999261 -1761.999385 -1761.999506 -1761.999641 -1761.999812 -1762.000048 -1762.000399 -1762.000938 -1762.001787 -1762.003146 -1762.005356 -1762.009012 -1762.015194 -1762.025923 -1762.045096 -1762.080391 -1762.147162 -1762.276578 -1762.533728 -1763.062344 -1764.206880 -1766.875992 -1773.826913 -1795.815540 -9999.0 -9999.0
-9999.0 -9999.0 -9999.0 -9999.0 -9999.0 -9999.0 -9999.0 -9999.0 -9999.0 -9999.0 -9999.0 -9999.0 -9999.0 -9999.0 -9999.0 -9999.0 -9999.0 -9999.0 -9999.0 -9999.0 -9999.0 -9999.0 -9999.0 -9999.0 -9999.0 -9999.0 -9999.0 -9999.0 -9999.0 -9999.0 -9999.0 -9999.0 -9999.0 -9999.0 -9999.0 -9999.0 -9999.0 -9999.0 -9999.0 -9999.0 -9999.0 -9999.0 -9999.0 -9999.0 -9999.0 -9999.0 -9999.0 -9999.0 -9999.0 -9999.0 -9999.0 -9999.0 -9999.0 -9999.0 -9999.0 -9999.0 -9999.0 -9999.0 -9999.0 -9999.0 -9999.0 -9999.0 -9999.0 -9999.0 -9999.0 -9999.0 -9999.0 -9999.0 -9999.0 -9999.0 -9999.0 -9999.0 -9999.0 -9999.0 -9999.0 -9999.0 -9999.0 -9999.0 -9999.0 -9999.0 -9999.0 -9999.0 -9999.0 -9999.0 -9999.0 -9999.0 -9999.0 -9999.0 -9999.0 -9999.0 -9999.0 -9999.0 -9999.0 -9999.0 -9999.0 -9999.0 -9999.0 -9999.0 -9999.0 -9999.0 -9999.0 -9999.0 -9999.0 -9999.0
-9999.0 -9999.0 -9999.0 -9999.0 -9999.0 -9999.0 -9999.0 -9999.0 -9999.0 -9999.0 -9999.0 -9999.0 -9999.0 -9999.0 -9999.0 -9999.0 -9999.0 -9999.0 -9999.0 -9999.0 -9999.0 -9999.0 -9999.0 -9999.0 -9999.0 -9999.0 -9999.0 -9999.0 -9999.0 -9999.0 -9999.0 -9999.0 -9999.0 -9999.0 -9999.0 -9999.0 -9999.0 -9999.0 -9999.0 -9999.0 -9999.0 -9999.0 -9999.0 -9999.0 -9999.0 -9999.0 -9999.0 -9999.0 -9999.0 -9999.0 -9999.0 -9999.0 -9999.0 -9999.0 -9999.0 -9999.0 -9999.0 -9999.0 -9999.0 -9999.0 -9999.0 -9999.0 -9999.0 -9999.0 -9999.0 -9999.0 -9999.0 -9999.0 -9999.0 -9999.0 -9999.0 -9999.0 -9999.0 -9999.0 -9999.0 -9999.0 -9999.0 -9999.0 -9999.0 -9999.0 -9999.0 -9999.0 -9999.0 -9999.0 -9999.0 -9999.0 -9999.0 -9999.0 -9999.0 -9999.0 -9999.0 -9999.0 -9999.0 -9999.0 -9999.0 -9999.0 -9999.0 -9999.0 -9999.0 -9999.0 -9999.0 -9999.0 -9999.0 -9999.0