inst/processing_geotop_simulation/geotop_simulation/out/maps3D/PwL0002N0263.asc
ncols         104
nrows         10
xllcorner     -2.000000
yllcorner     0.000000
cellsize      1.000000
NODATA_value  -9999.0
-9999.0 -9999.0 -9999.0 -9999.0 -9999.0 -9999.0 -9999.0 -9999.0 -9999.0 -9999.0 -9999.0 -9999.0 -9999.0 -9999.0 -9999.0 -9999.0 -9999.0 -9999.0 -9999.0 -9999.0 -9999.0 -9999.0 -9999.0 -9999.0 -9999.0 -9999.0 -9999.0 -9999.0 -9999.0 -9999.0 -9999.0 -9999.0 -9999.0 -9999.0 -9999.0 -9999.0 -9999.0 -9999.0 -9999.0 -9999.0 -9999.0 -9999.0 -9999.0 -9999.0 -9999.0 -9999.0 -9999.0 -9999.0 -9999.0 -9999.0 -9999.0 -9999.0 -9999.0 -9999.0 -9999.0 -9999.0 -9999.0 -9999.0 -9999.0 -9999.0 -9999.0 -9999.0 -9999.0 -9999.0 -9999.0 -9999.0 -9999.0 -9999.0 -9999.0 -9999.0 -9999.0 -9999.0 -9999.0 -9999.0 -9999.0 -9999.0 -9999.0 -9999.0 -9999.0 -9999.0 -9999.0 -9999.0 -9999.0 -9999.0 -9999.0 -9999.0 -9999.0 -9999.0 -9999.0 -9999.0 -9999.0 -9999.0 -9999.0 -9999.0 -9999.0 -9999.0 -9999.0 -9999.0 -9999.0 -9999.0 -9999.0 -9999.0 -9999.0 -9999.0
-9999.0 -9999.0 -9999.0 -9999.0 -9999.0 -9999.0 -9999.0 -9999.0 -9999.0 -9999.0 -9999.0 -9999.0 -9999.0 -9999.0 -9999.0 -9999.0 -9999.0 -9999.0 -9999.0 -9999.0 -9999.0 -9999.0 -9999.0 -9999.0 -9999.0 -9999.0 -9999.0 -9999.0 -9999.0 -9999.0 -9999.0 -9999.0 -9999.0 -9999.0 -9999.0 -9999.0 -9999.0 -9999.0 -9999.0 -9999.0 -9999.0 -9999.0 -9999.0 -9999.0 -9999.0 -9999.0 -9999.0 -9999.0 -9999.0 -9999.0 -9999.0 -9999.0 -9999.0 -9999.0 -9999.0 -9999.0 -9999.0 -9999.0 -9999.0 -9999.0 -9999.0 -9999.0 -9999.0 -9999.0 -9999.0 -9999.0 -9999.0 -9999.0 -9999.0 -9999.0 -9999.0 -9999.0 -9999.0 -9999.0 -9999.0 -9999.0 -9999.0 -9999.0 -9999.0 -9999.0 -9999.0 -9999.0 -9999.0 -9999.0 -9999.0 -9999.0 -9999.0 -9999.0 -9999.0 -9999.0 -9999.0 -9999.0 -9999.0 -9999.0 -9999.0 -9999.0 -9999.0 -9999.0 -9999.0 -9999.0 -9999.0 -9999.0 -9999.0 -9999.0
-9999.0 -9999.0 77.420674 -17.431027 -114.952751 -213.114698 -311.510115 -409.981431 -508.447212 -606.840576 -705.005442 -802.859790 -900.305708 -997.204155 -1093.987519 -1190.550456 -1285.899761 -1379.417145 -1470.416417 -1557.504125 -1637.181829 -1705.239822 -1759.396134 -1800.072503 -1829.409043 -1850.027288 -1864.291243 -1874.056590 -1880.685147 -1885.147377 -1888.126946 -1890.101561 -1891.401784 -1892.253662 -1892.810162 -1893.175694 -1893.429360 -1893.669637 -1894.205015 -1896.307779 -1902.295077 -1875.043024 -1155.154655 -1153.463741 -1142.608974 -1135.625351 -1132.345840 -1131.851576 -1131.799209 -1131.805241 -1131.819870 -1131.835563 -1131.850644 -1131.864607 -1131.877552 -1131.892447 -1131.937403 -1132.234793 -1133.988021 -1137.899386 -1143.599898 -1137.541042 -1852.853540 -1896.689699 -1895.040964 -1894.142972 -1893.967441 -1893.939029 -1893.935109 -1893.935194 -1893.935852 -1893.936472 -1893.936965 -1893.937342 -1893.937631 -1893.937856 -1893.938034 -1893.938178 -1893.938299 -1893.938406 -1893.938512 -1893.938631 -1893.938780 -1893.938988 -1893.939295 -1893.939768 -1893.940514 -1893.941708 -1893.943653 -1893.946879 -1893.952351 -1893.961884 -1893.978985 -1894.010586 -1894.070607 -1894.187542 -1894.421851 -1894.910071 -1895.987370 -1898.561310 -1905.473121 -1927.895815 -9999.0 -9999.0
-9999.0 -9999.0 77.432339 -17.428937 -114.952228 -213.114546 -311.510067 -409.981415 -508.447206 -606.840574 -705.005442 -802.859789 -900.305708 -997.204155 -1093.987519 -1190.550456 -1285.899761 -1379.417145 -1470.416417 -1557.504125 -1637.181829 -1705.239822 -1759.396134 -1800.072503 -1829.409043 -1850.027288 -1864.291244 -1874.056590 -1880.685148 -1885.147377 -1888.126946 -1890.101561 -1891.401784 -1892.253662 -1892.810162 -1893.175694 -1893.429360 -1893.669637 -1894.205015 -1896.307779 -1902.295077 -1875.043024 -1155.154655 -1153.463740 -1142.608974 -1135.625351 -1132.345840 -1131.851576 -1131.799209 -1131.805241 -1131.819870 -1131.835563 -1131.850644 -1131.864607 -1131.877552 -1131.892447 -1131.937403 -1132.234793 -1133.988021 -1137.899386 -1143.599898 -1137.541042 -1852.853540 -1896.689699 -1895.040964 -1894.142972 -1893.967441 -1893.939029 -1893.935109 -1893.935194 -1893.935852 -1893.936472 -1893.936965 -1893.937342 -1893.937631 -1893.937856 -1893.938034 -1893.938178 -1893.938299 -1893.938406 -1893.938512 -1893.938631 -1893.938780 -1893.938988 -1893.939295 -1893.939768 -1893.940514 -1893.941708 -1893.943653 -1893.946879 -1893.952351 -1893.961884 -1893.978985 -1894.010586 -1894.070607 -1894.187542 -1894.421851 -1894.910071 -1895.987370 -1898.561310 -1905.473121 -1927.895815 -9999.0 -9999.0
-9999.0 -9999.0 77.433605 -17.428099 -114.951898 -213.114427 -311.510024 -409.981400 -508.447200 -606.840572 -705.005441 -802.859789 -900.305708 -997.204155 -1093.987519 -1190.550456 -1285.899761 -1379.417145 -1470.416417 -1557.504125 -1637.181830 -1705.239822 -1759.396134 -1800.072503 -1829.409043 -1850.027288 -1864.291244 -1874.056590 -1880.685148 -1885.147377 -1888.126946 -1890.101561 -1891.401784 -1892.253662 -1892.810162 -1893.175694 -1893.429360 -1893.669637 -1894.205015 -1896.307779 -1902.295077 -1875.043024 -1155.154655 -1153.463740 -1142.608974 -1135.625351 -1132.345840 -1131.851576 -1131.799209 -1131.805241 -1131.819870 -1131.835563 -1131.850644 -1131.864607 -1131.877552 -1131.892447 -1131.937403 -1132.234793 -1133.988021 -1137.899386 -1143.599898 -1137.541042 -1852.853540 -1896.689699 -1895.040964 -1894.142972 -1893.967441 -1893.939029 -1893.935109 -1893.935194 -1893.935852 -1893.936472 -1893.936965 -1893.937342 -1893.937631 -1893.937856 -1893.938034 -1893.938178 -1893.938299 -1893.938406 -1893.938512 -1893.938631 -1893.938780 -1893.938988 -1893.939295 -1893.939768 -1893.940514 -1893.941708 -1893.943653 -1893.946879 -1893.952351 -1893.961884 -1893.978985 -1894.010586 -1894.070607 -1894.187542 -1894.421851 -1894.910071 -1895.987370 -1898.561310 -1905.473121 -1927.895815 -9999.0 -9999.0
-9999.0 -9999.0 77.433605 -17.428099 -114.951898 -213.114427 -311.510024 -409.981400 -508.447200 -606.840572 -705.005441 -802.859789 -900.305708 -997.204155 -1093.987519 -1190.550456 -1285.899761 -1379.417145 -1470.416417 -1557.504125 -1637.181830 -1705.239822 -1759.396134 -1800.072503 -1829.409043 -1850.027288 -1864.291244 -1874.056590 -1880.685148 -1885.147377 -1888.126946 -1890.101561 -1891.401784 -1892.253662 -1892.810162 -1893.175694 -1893.429360 -1893.669637 -1894.205015 -1896.307779 -1902.295077 -1875.043024 -1155.154655 -1153.463740 -1142.608974 -1135.625351 -1132.345840 -1131.851576 -1131.799209 -1131.805241 -1131.819870 -1131.835563 -1131.850644 -1131.864607 -1131.877552 -1131.892447 -1131.937403 -1132.234793 -1133.988021 -1137.899386 -1143.599898 -1137.541042 -1852.853540 -1896.689699 -1895.040964 -1894.142972 -1893.967441 -1893.939029 -1893.935109 -1893.935194 -1893.935852 -1893.936472 -1893.936965 -1893.937342 -1893.937631 -1893.937856 -1893.938034 -1893.938178 -1893.938299 -1893.938406 -1893.938512 -1893.938631 -1893.938780 -1893.938988 -1893.939295 -1893.939768 -1893.940514 -1893.941708 -1893.943653 -1893.946879 -1893.952351 -1893.961884 -1893.978985 -1894.010586 -1894.070607 -1894.187542 -1894.421851 -1894.910071 -1895.987370 -1898.561310 -1905.473121 -1927.895815 -9999.0 -9999.0
-9999.0 -9999.0 77.432339 -17.428937 -114.952228 -213.114546 -311.510067 -409.981415 -508.447206 -606.840574 -705.005442 -802.859789 -900.305708 -997.204155 -1093.987519 -1190.550456 -1285.899761 -1379.417145 -1470.416417 -1557.504125 -1637.181829 -1705.239822 -1759.396134 -1800.072503 -1829.409043 -1850.027288 -1864.291244 -1874.056590 -1880.685148 -1885.147377 -1888.126946 -1890.101561 -1891.401784 -1892.253662 -1892.810162 -1893.175694 -1893.429360 -1893.669637 -1894.205015 -1896.307779 -1902.295077 -1875.043024 -1155.154655 -1153.463740 -1142.608974 -1135.625351 -1132.345840 -1131.851576 -1131.799209 -1131.805241 -1131.819870 -1131.835563 -1131.850644 -1131.864607 -1131.877552 -1131.892447 -1131.937403 -1132.234793 -1133.988021 -1137.899386 -1143.599898 -1137.541042 -1852.853540 -1896.689699 -1895.040964 -1894.142972 -1893.967441 -1893.939029 -1893.935109 -1893.935194 -1893.935852 -1893.936472 -1893.936965 -1893.937342 -1893.937631 -1893.937856 -1893.938034 -1893.938178 -1893.938299 -1893.938406 -1893.938512 -1893.938631 -1893.938780 -1893.938988 -1893.939295 -1893.939768 -1893.940514 -1893.941708 -1893.943653 -1893.946879 -1893.952351 -1893.961884 -1893.978985 -1894.010586 -1894.070607 -1894.187542 -1894.421851 -1894.910071 -1895.987370 -1898.561310 -1905.473121 -1927.895815 -9999.0 -9999.0
-9999.0 -9999.0 77.420674 -17.431027 -114.952751 -213.114698 -311.510115 -409.981431 -508.447212 -606.840576 -705.005442 -802.859790 -900.305708 -997.204155 -1093.987519 -1190.550456 -1285.899761 -1379.417145 -1470.416417 -1557.504125 -1637.181829 -1705.239822 -1759.396134 -1800.072503 -1829.409043 -1850.027288 -1864.291243 -1874.056590 -1880.685147 -1885.147377 -1888.126946 -1890.101561 -1891.401784 -1892.253662 -1892.810162 -1893.175694 -1893.429360 -1893.669637 -1894.205015 -1896.307779 -1902.295077 -1875.043024 -1155.154655 -1153.463741 -1142.608974 -1135.625351 -1132.345840 -1131.851576 -1131.799209 -1131.805241 -1131.819870 -1131.835563 -1131.850644 -1131.864607 -1131.877552 -1131.892447 -1131.937403 -1132.234793 -1133.988021 -1137.899386 -1143.599898 -1137.541042 -1852.853540 -1896.689699 -1895.040964 -1894.142972 -1893.967441 -1893.939029 -1893.935109 -1893.935194 -1893.935852 -1893.936472 -1893.936965 -1893.937342 -1893.937631 -1893.937856 -1893.938034 -1893.938178 -1893.938299 -1893.938406 -1893.938512 -1893.938631 -1893.938780 -1893.938988 -1893.939295 -1893.939768 -1893.940514 -1893.941708 -1893.943653 -1893.946879 -1893.952351 -1893.961884 -1893.978985 -1894.010586 -1894.070607 -1894.187542 -1894.421851 -1894.910071 -1895.987370 -1898.561310 -1905.473121 -1927.895815 -9999.0 -9999.0
-9999.0 -9999.0 -9999.0 -9999.0 -9999.0 -9999.0 -9999.0 -9999.0 -9999.0 -9999.0 -9999.0 -9999.0 -9999.0 -9999.0 -9999.0 -9999.0 -9999.0 -9999.0 -9999.0 -9999.0 -9999.0 -9999.0 -9999.0 -9999.0 -9999.0 -9999.0 -9999.0 -9999.0 -9999.0 -9999.0 -9999.0 -9999.0 -9999.0 -9999.0 -9999.0 -9999.0 -9999.0 -9999.0 -9999.0 -9999.0 -9999.0 -9999.0 -9999.0 -9999.0 -9999.0 -9999.0 -9999.0 -9999.0 -9999.0 -9999.0 -9999.0 -9999.0 -9999.0 -9999.0 -9999.0 -9999.0 -9999.0 -9999.0 -9999.0 -9999.0 -9999.0 -9999.0 -9999.0 -9999.0 -9999.0 -9999.0 -9999.0 -9999.0 -9999.0 -9999.0 -9999.0 -9999.0 -9999.0 -9999.0 -9999.0 -9999.0 -9999.0 -9999.0 -9999.0 -9999.0 -9999.0 -9999.0 -9999.0 -9999.0 -9999.0 -9999.0 -9999.0 -9999.0 -9999.0 -9999.0 -9999.0 -9999.0 -9999.0 -9999.0 -9999.0 -9999.0 -9999.0 -9999.0 -9999.0 -9999.0 -9999.0 -9999.0 -9999.0 -9999.0
-9999.0 -9999.0 -9999.0 -9999.0 -9999.0 -9999.0 -9999.0 -9999.0 -9999.0 -9999.0 -9999.0 -9999.0 -9999.0 -9999.0 -9999.0 -9999.0 -9999.0 -9999.0 -9999.0 -9999.0 -9999.0 -9999.0 -9999.0 -9999.0 -9999.0 -9999.0 -9999.0 -9999.0 -9999.0 -9999.0 -9999.0 -9999.0 -9999.0 -9999.0 -9999.0 -9999.0 -9999.0 -9999.0 -9999.0 -9999.0 -9999.0 -9999.0 -9999.0 -9999.0 -9999.0 -9999.0 -9999.0 -9999.0 -9999.0 -9999.0 -9999.0 -9999.0 -9999.0 -9999.0 -9999.0 -9999.0 -9999.0 -9999.0 -9999.0 -9999.0 -9999.0 -9999.0 -9999.0 -9999.0 -9999.0 -9999.0 -9999.0 -9999.0 -9999.0 -9999.0 -9999.0 -9999.0 -9999.0 -9999.0 -9999.0 -9999.0 -9999.0 -9999.0 -9999.0 -9999.0 -9999.0 -9999.0 -9999.0 -9999.0 -9999.0 -9999.0 -9999.0 -9999.0 -9999.0 -9999.0 -9999.0 -9999.0 -9999.0 -9999.0 -9999.0 -9999.0 -9999.0 -9999.0 -9999.0 -9999.0 -9999.0 -9999.0 -9999.0 -9999.0