inst/processing_geotop_simulation/geotop_simulation/out/maps3D/PwL0004N0408.asc
ncols         104
nrows         10
xllcorner     -2.000000
yllcorner     0.000000
cellsize      1.000000
NODATA_value  -9999.0
-9999.0 -9999.0 -9999.0 -9999.0 -9999.0 -9999.0 -9999.0 -9999.0 -9999.0 -9999.0 -9999.0 -9999.0 -9999.0 -9999.0 -9999.0 -9999.0 -9999.0 -9999.0 -9999.0 -9999.0 -9999.0 -9999.0 -9999.0 -9999.0 -9999.0 -9999.0 -9999.0 -9999.0 -9999.0 -9999.0 -9999.0 -9999.0 -9999.0 -9999.0 -9999.0 -9999.0 -9999.0 -9999.0 -9999.0 -9999.0 -9999.0 -9999.0 -9999.0 -9999.0 -9999.0 -9999.0 -9999.0 -9999.0 -9999.0 -9999.0 -9999.0 -9999.0 -9999.0 -9999.0 -9999.0 -9999.0 -9999.0 -9999.0 -9999.0 -9999.0 -9999.0 -9999.0 -9999.0 -9999.0 -9999.0 -9999.0 -9999.0 -9999.0 -9999.0 -9999.0 -9999.0 -9999.0 -9999.0 -9999.0 -9999.0 -9999.0 -9999.0 -9999.0 -9999.0 -9999.0 -9999.0 -9999.0 -9999.0 -9999.0 -9999.0 -9999.0 -9999.0 -9999.0 -9999.0 -9999.0 -9999.0 -9999.0 -9999.0 -9999.0 -9999.0 -9999.0 -9999.0 -9999.0 -9999.0 -9999.0 -9999.0 -9999.0 -9999.0 -9999.0
-9999.0 -9999.0 -9999.0 -9999.0 -9999.0 -9999.0 -9999.0 -9999.0 -9999.0 -9999.0 -9999.0 -9999.0 -9999.0 -9999.0 -9999.0 -9999.0 -9999.0 -9999.0 -9999.0 -9999.0 -9999.0 -9999.0 -9999.0 -9999.0 -9999.0 -9999.0 -9999.0 -9999.0 -9999.0 -9999.0 -9999.0 -9999.0 -9999.0 -9999.0 -9999.0 -9999.0 -9999.0 -9999.0 -9999.0 -9999.0 -9999.0 -9999.0 -9999.0 -9999.0 -9999.0 -9999.0 -9999.0 -9999.0 -9999.0 -9999.0 -9999.0 -9999.0 -9999.0 -9999.0 -9999.0 -9999.0 -9999.0 -9999.0 -9999.0 -9999.0 -9999.0 -9999.0 -9999.0 -9999.0 -9999.0 -9999.0 -9999.0 -9999.0 -9999.0 -9999.0 -9999.0 -9999.0 -9999.0 -9999.0 -9999.0 -9999.0 -9999.0 -9999.0 -9999.0 -9999.0 -9999.0 -9999.0 -9999.0 -9999.0 -9999.0 -9999.0 -9999.0 -9999.0 -9999.0 -9999.0 -9999.0 -9999.0 -9999.0 -9999.0 -9999.0 -9999.0 -9999.0 -9999.0 -9999.0 -9999.0 -9999.0 -9999.0 -9999.0 -9999.0
-9999.0 -9999.0 174.972577 77.067786 -21.820302 -120.988114 -220.262661 -319.577992 -418.899790 -518.205297 -617.462103 -716.595843 -815.650284 -914.569781 -1013.418600 -1112.303623 -1210.839722 -1308.878579 -1406.050202 -1501.632357 -1594.237432 -1681.451256 -1760.129729 -1827.574064 -1882.568325 -1925.518969 -1957.926272 -1981.734017 -1998.866995 -2010.998803 -2019.479619 -2025.347586 -2029.374620 -2032.120660 -2033.984766 -2035.250146 -2036.129313 -2036.843429 -2037.848940 -2040.192539 -2041.491960 -1981.028696 -1218.910566 -1224.833293 -1212.668688 -1204.569616 -1200.765183 -1200.171236 -1200.106466 -1200.111878 -1200.127361 -1200.144080 -1200.160159 -1200.175057 -1200.188942 -1200.205598 -1200.259974 -1200.619205 -1202.657586 -1207.150127 -1212.868697 -1198.193130 -1955.292300 -2035.443941 -2038.785985 -2038.178794 -2037.965970 -2037.922858 -2037.915802 -2037.915126 -2037.915458 -2037.915873 -2037.916221 -2037.916494 -2037.916708 -2037.916877 -2037.917014 -2037.917128 -2037.917227 -2037.917317 -2037.917407 -2037.917507 -2037.917631 -2037.917799 -2037.918042 -2037.918408 -2037.918979 -2037.919888 -2037.921366 -2037.923825 -2037.928023 -2037.935399 -2037.948767 -2037.973737 -2038.021782 -2038.117144 -2038.313828 -2038.741136 -2039.735891 -2042.269028 -2049.532054 -2073.715026 -9999.0 -9999.0
-9999.0 -9999.0 174.981450 77.069601 -21.819841 -120.987980 -220.262618 -319.577977 -418.899785 -518.205295 -617.462102 -716.595843 -815.650284 -914.569781 -1013.418600 -1112.303623 -1210.839722 -1308.878579 -1406.050202 -1501.632357 -1594.237432 -1681.451256 -1760.129729 -1827.574064 -1882.568325 -1925.518969 -1957.926272 -1981.734017 -1998.866995 -2010.998803 -2019.479619 -2025.347586 -2029.374620 -2032.120660 -2033.984766 -2035.250146 -2036.129313 -2036.843429 -2037.848940 -2040.192539 -2041.491960 -1981.028696 -1218.910566 -1224.833293 -1212.668688 -1204.569616 -1200.765183 -1200.171236 -1200.106466 -1200.111878 -1200.127361 -1200.144080 -1200.160159 -1200.175057 -1200.188942 -1200.205598 -1200.259974 -1200.619205 -1202.657586 -1207.150127 -1212.868697 -1198.193130 -1955.292300 -2035.443941 -2038.785985 -2038.178794 -2037.965970 -2037.922858 -2037.915801 -2037.915126 -2037.915458 -2037.915873 -2037.916221 -2037.916494 -2037.916708 -2037.916877 -2037.917014 -2037.917128 -2037.917227 -2037.917317 -2037.917407 -2037.917507 -2037.917631 -2037.917799 -2037.918042 -2037.918408 -2037.918979 -2037.919888 -2037.921366 -2037.923825 -2037.928023 -2037.935399 -2037.948767 -2037.973737 -2038.021782 -2038.117144 -2038.313828 -2038.741136 -2039.735891 -2042.269028 -2049.532054 -2073.715026 -9999.0 -9999.0
-9999.0 -9999.0 174.982701 77.070341 -21.819549 -120.987874 -220.262581 -319.577964 -418.899780 -518.205293 -617.462101 -716.595843 -815.650284 -914.569781 -1013.418600 -1112.303623 -1210.839722 -1308.878579 -1406.050202 -1501.632358 -1594.237432 -1681.451256 -1760.129729 -1827.574064 -1882.568325 -1925.518969 -1957.926272 -1981.734017 -1998.866995 -2010.998803 -2019.479619 -2025.347586 -2029.374620 -2032.120660 -2033.984766 -2035.250146 -2036.129313 -2036.843429 -2037.848940 -2040.192539 -2041.491960 -1981.028696 -1218.910566 -1224.833293 -1212.668688 -1204.569615 -1200.765183 -1200.171236 -1200.106466 -1200.111878 -1200.127361 -1200.144080 -1200.160159 -1200.175057 -1200.188942 -1200.205598 -1200.259974 -1200.619205 -1202.657586 -1207.150127 -1212.868697 -1198.193130 -1955.292300 -2035.443941 -2038.785985 -2038.178794 -2037.965970 -2037.922858 -2037.915801 -2037.915126 -2037.915458 -2037.915873 -2037.916221 -2037.916494 -2037.916708 -2037.916877 -2037.917014 -2037.917128 -2037.917227 -2037.917317 -2037.917407 -2037.917507 -2037.917631 -2037.917799 -2037.918042 -2037.918408 -2037.918979 -2037.919888 -2037.921366 -2037.923825 -2037.928023 -2037.935399 -2037.948767 -2037.973737 -2038.021782 -2038.117144 -2038.313828 -2038.741136 -2039.735891 -2042.269028 -2049.532054 -2073.715026 -9999.0 -9999.0
-9999.0 -9999.0 174.982701 77.070341 -21.819549 -120.987874 -220.262581 -319.577964 -418.899780 -518.205293 -617.462101 -716.595843 -815.650284 -914.569781 -1013.418600 -1112.303623 -1210.839722 -1308.878579 -1406.050202 -1501.632358 -1594.237432 -1681.451256 -1760.129729 -1827.574064 -1882.568325 -1925.518969 -1957.926272 -1981.734017 -1998.866995 -2010.998803 -2019.479619 -2025.347586 -2029.374620 -2032.120660 -2033.984766 -2035.250146 -2036.129313 -2036.843429 -2037.848940 -2040.192539 -2041.491960 -1981.028696 -1218.910566 -1224.833293 -1212.668688 -1204.569615 -1200.765183 -1200.171236 -1200.106466 -1200.111878 -1200.127361 -1200.144080 -1200.160159 -1200.175057 -1200.188942 -1200.205598 -1200.259974 -1200.619205 -1202.657586 -1207.150127 -1212.868697 -1198.193130 -1955.292300 -2035.443941 -2038.785985 -2038.178794 -2037.965970 -2037.922858 -2037.915801 -2037.915126 -2037.915458 -2037.915873 -2037.916221 -2037.916494 -2037.916708 -2037.916877 -2037.917014 -2037.917128 -2037.917227 -2037.917317 -2037.917407 -2037.917507 -2037.917631 -2037.917799 -2037.918042 -2037.918408 -2037.918979 -2037.919888 -2037.921366 -2037.923825 -2037.928023 -2037.935399 -2037.948767 -2037.973737 -2038.021782 -2038.117144 -2038.313828 -2038.741136 -2039.735891 -2042.269028 -2049.532054 -2073.715026 -9999.0 -9999.0
-9999.0 -9999.0 174.981450 77.069601 -21.819841 -120.987980 -220.262618 -319.577977 -418.899785 -518.205295 -617.462102 -716.595843 -815.650284 -914.569781 -1013.418600 -1112.303623 -1210.839722 -1308.878579 -1406.050202 -1501.632357 -1594.237432 -1681.451256 -1760.129729 -1827.574064 -1882.568325 -1925.518969 -1957.926272 -1981.734017 -1998.866995 -2010.998803 -2019.479619 -2025.347586 -2029.374620 -2032.120660 -2033.984766 -2035.250146 -2036.129313 -2036.843429 -2037.848940 -2040.192539 -2041.491960 -1981.028696 -1218.910566 -1224.833293 -1212.668688 -1204.569616 -1200.765183 -1200.171236 -1200.106466 -1200.111878 -1200.127361 -1200.144080 -1200.160159 -1200.175057 -1200.188942 -1200.205598 -1200.259974 -1200.619205 -1202.657586 -1207.150127 -1212.868697 -1198.193130 -1955.292300 -2035.443941 -2038.785985 -2038.178794 -2037.965970 -2037.922858 -2037.915801 -2037.915126 -2037.915458 -2037.915873 -2037.916221 -2037.916494 -2037.916708 -2037.916877 -2037.917014 -2037.917128 -2037.917227 -2037.917317 -2037.917407 -2037.917507 -2037.917631 -2037.917799 -2037.918042 -2037.918408 -2037.918979 -2037.919888 -2037.921366 -2037.923825 -2037.928023 -2037.935399 -2037.948767 -2037.973737 -2038.021782 -2038.117144 -2038.313828 -2038.741136 -2039.735891 -2042.269028 -2049.532054 -2073.715026 -9999.0 -9999.0
-9999.0 -9999.0 174.972577 77.067786 -21.820302 -120.988114 -220.262661 -319.577992 -418.899790 -518.205297 -617.462103 -716.595843 -815.650284 -914.569781 -1013.418600 -1112.303623 -1210.839722 -1308.878579 -1406.050202 -1501.632357 -1594.237432 -1681.451256 -1760.129729 -1827.574064 -1882.568325 -1925.518969 -1957.926272 -1981.734017 -1998.866995 -2010.998803 -2019.479619 -2025.347586 -2029.374620 -2032.120660 -2033.984766 -2035.250146 -2036.129313 -2036.843429 -2037.848940 -2040.192539 -2041.491960 -1981.028696 -1218.910566 -1224.833293 -1212.668688 -1204.569616 -1200.765183 -1200.171236 -1200.106466 -1200.111878 -1200.127361 -1200.144080 -1200.160159 -1200.175057 -1200.188942 -1200.205598 -1200.259974 -1200.619205 -1202.657586 -1207.150127 -1212.868697 -1198.193130 -1955.292300 -2035.443941 -2038.785985 -2038.178794 -2037.965970 -2037.922858 -2037.915802 -2037.915126 -2037.915458 -2037.915873 -2037.916221 -2037.916494 -2037.916708 -2037.916877 -2037.917014 -2037.917128 -2037.917227 -2037.917317 -2037.917407 -2037.917507 -2037.917631 -2037.917799 -2037.918042 -2037.918408 -2037.918979 -2037.919888 -2037.921366 -2037.923825 -2037.928023 -2037.935399 -2037.948767 -2037.973737 -2038.021782 -2038.117144 -2038.313828 -2038.741136 -2039.735891 -2042.269028 -2049.532054 -2073.715026 -9999.0 -9999.0
-9999.0 -9999.0 -9999.0 -9999.0 -9999.0 -9999.0 -9999.0 -9999.0 -9999.0 -9999.0 -9999.0 -9999.0 -9999.0 -9999.0 -9999.0 -9999.0 -9999.0 -9999.0 -9999.0 -9999.0 -9999.0 -9999.0 -9999.0 -9999.0 -9999.0 -9999.0 -9999.0 -9999.0 -9999.0 -9999.0 -9999.0 -9999.0 -9999.0 -9999.0 -9999.0 -9999.0 -9999.0 -9999.0 -9999.0 -9999.0 -9999.0 -9999.0 -9999.0 -9999.0 -9999.0 -9999.0 -9999.0 -9999.0 -9999.0 -9999.0 -9999.0 -9999.0 -9999.0 -9999.0 -9999.0 -9999.0 -9999.0 -9999.0 -9999.0 -9999.0 -9999.0 -9999.0 -9999.0 -9999.0 -9999.0 -9999.0 -9999.0 -9999.0 -9999.0 -9999.0 -9999.0 -9999.0 -9999.0 -9999.0 -9999.0 -9999.0 -9999.0 -9999.0 -9999.0 -9999.0 -9999.0 -9999.0 -9999.0 -9999.0 -9999.0 -9999.0 -9999.0 -9999.0 -9999.0 -9999.0 -9999.0 -9999.0 -9999.0 -9999.0 -9999.0 -9999.0 -9999.0 -9999.0 -9999.0 -9999.0 -9999.0 -9999.0 -9999.0 -9999.0
-9999.0 -9999.0 -9999.0 -9999.0 -9999.0 -9999.0 -9999.0 -9999.0 -9999.0 -9999.0 -9999.0 -9999.0 -9999.0 -9999.0 -9999.0 -9999.0 -9999.0 -9999.0 -9999.0 -9999.0 -9999.0 -9999.0 -9999.0 -9999.0 -9999.0 -9999.0 -9999.0 -9999.0 -9999.0 -9999.0 -9999.0 -9999.0 -9999.0 -9999.0 -9999.0 -9999.0 -9999.0 -9999.0 -9999.0 -9999.0 -9999.0 -9999.0 -9999.0 -9999.0 -9999.0 -9999.0 -9999.0 -9999.0 -9999.0 -9999.0 -9999.0 -9999.0 -9999.0 -9999.0 -9999.0 -9999.0 -9999.0 -9999.0 -9999.0 -9999.0 -9999.0 -9999.0 -9999.0 -9999.0 -9999.0 -9999.0 -9999.0 -9999.0 -9999.0 -9999.0 -9999.0 -9999.0 -9999.0 -9999.0 -9999.0 -9999.0 -9999.0 -9999.0 -9999.0 -9999.0 -9999.0 -9999.0 -9999.0 -9999.0 -9999.0 -9999.0 -9999.0 -9999.0 -9999.0 -9999.0 -9999.0 -9999.0 -9999.0 -9999.0 -9999.0 -9999.0 -9999.0 -9999.0 -9999.0 -9999.0 -9999.0 -9999.0 -9999.0 -9999.0