inst/processing_geotop_simulation/geotop_simulation/out/maps3D/PwL0015N0195.asc
ncols         104
nrows         10
xllcorner     -2.000000
yllcorner     0.000000
cellsize      1.000000
NODATA_value  -9999.0
-9999.0 -9999.0 -9999.0 -9999.0 -9999.0 -9999.0 -9999.0 -9999.0 -9999.0 -9999.0 -9999.0 -9999.0 -9999.0 -9999.0 -9999.0 -9999.0 -9999.0 -9999.0 -9999.0 -9999.0 -9999.0 -9999.0 -9999.0 -9999.0 -9999.0 -9999.0 -9999.0 -9999.0 -9999.0 -9999.0 -9999.0 -9999.0 -9999.0 -9999.0 -9999.0 -9999.0 -9999.0 -9999.0 -9999.0 -9999.0 -9999.0 -9999.0 -9999.0 -9999.0 -9999.0 -9999.0 -9999.0 -9999.0 -9999.0 -9999.0 -9999.0 -9999.0 -9999.0 -9999.0 -9999.0 -9999.0 -9999.0 -9999.0 -9999.0 -9999.0 -9999.0 -9999.0 -9999.0 -9999.0 -9999.0 -9999.0 -9999.0 -9999.0 -9999.0 -9999.0 -9999.0 -9999.0 -9999.0 -9999.0 -9999.0 -9999.0 -9999.0 -9999.0 -9999.0 -9999.0 -9999.0 -9999.0 -9999.0 -9999.0 -9999.0 -9999.0 -9999.0 -9999.0 -9999.0 -9999.0 -9999.0 -9999.0 -9999.0 -9999.0 -9999.0 -9999.0 -9999.0 -9999.0 -9999.0 -9999.0 -9999.0 -9999.0 -9999.0 -9999.0
-9999.0 -9999.0 -9999.0 -9999.0 -9999.0 -9999.0 -9999.0 -9999.0 -9999.0 -9999.0 -9999.0 -9999.0 -9999.0 -9999.0 -9999.0 -9999.0 -9999.0 -9999.0 -9999.0 -9999.0 -9999.0 -9999.0 -9999.0 -9999.0 -9999.0 -9999.0 -9999.0 -9999.0 -9999.0 -9999.0 -9999.0 -9999.0 -9999.0 -9999.0 -9999.0 -9999.0 -9999.0 -9999.0 -9999.0 -9999.0 -9999.0 -9999.0 -9999.0 -9999.0 -9999.0 -9999.0 -9999.0 -9999.0 -9999.0 -9999.0 -9999.0 -9999.0 -9999.0 -9999.0 -9999.0 -9999.0 -9999.0 -9999.0 -9999.0 -9999.0 -9999.0 -9999.0 -9999.0 -9999.0 -9999.0 -9999.0 -9999.0 -9999.0 -9999.0 -9999.0 -9999.0 -9999.0 -9999.0 -9999.0 -9999.0 -9999.0 -9999.0 -9999.0 -9999.0 -9999.0 -9999.0 -9999.0 -9999.0 -9999.0 -9999.0 -9999.0 -9999.0 -9999.0 -9999.0 -9999.0 -9999.0 -9999.0 -9999.0 -9999.0 -9999.0 -9999.0 -9999.0 -9999.0 -9999.0 -9999.0 -9999.0 -9999.0 -9999.0 -9999.0
-9999.0 -9999.0 728.834000 633.447081 537.181577 440.257336 343.016315 245.637001 148.209407 50.783004 -46.605540 -143.940426 -241.178486 -338.212903 -434.846707 -530.784058 -625.546842 -719.752293 -814.199052 -907.770744 -1000.104544 -1086.772328 -1161.452412 -1224.575080 -1275.373576 -1314.482659 -1343.476410 -1364.309492 -1378.898265 -1388.899293 -1395.637073 -1400.113760 -1403.056615 -1404.976397 -1406.222868 -1407.033034 -1407.573969 -1408.002237 -1408.685135 -1411.320212 -1423.751500 -1487.176119 -2030.481926 -4202.571584 -4232.671336 -4232.672832 -4232.672584 -4232.672544 -4232.672540 -4232.672540 -4232.672542 -4232.672543 -4232.672544 -4232.672545 -4232.672545 -4232.672546 -4232.672549 -4232.672569 -4232.672708 -4232.669435 -4183.295462 -1905.909362 -1452.565071 -1417.019697 -1410.096468 -1408.875002 -1408.685577 -1408.657219 -1408.653521 -1408.653795 -1408.654615 -1408.655365 -1408.655958 -1408.656412 -1408.656761 -1408.657033 -1408.657249 -1408.657425 -1408.657572 -1408.657703 -1408.657832 -1408.657975 -1408.658154 -1408.658401 -1408.658765 -1408.659324 -1408.660201 -1408.661605 -1408.663887 -1408.667667 -1408.674068 -1408.685199 -1408.705135 -1408.741930 -1408.811780 -1408.947956 -1409.221551 -1409.794915 -1411.069881 -1414.114747 -1422.035402 -1445.873083 -9999.0 -9999.0
-9999.0 -9999.0 728.838607 633.448624 537.182046 440.257483 343.016364 245.637017 148.209413 50.783006 -46.605539 -143.940426 -241.178486 -338.212903 -434.846707 -530.784058 -625.546842 -719.752294 -814.199052 -907.770744 -1000.104544 -1086.772329 -1161.452413 -1224.575080 -1275.373576 -1314.482660 -1343.476410 -1364.309492 -1378.898265 -1388.899293 -1395.637073 -1400.113760 -1403.056615 -1404.976397 -1406.222868 -1407.033034 -1407.573969 -1408.002237 -1408.685135 -1411.320212 -1423.751500 -1487.176119 -2030.481925 -4202.571584 -4232.671336 -4232.672832 -4232.672584 -4232.672544 -4232.672540 -4232.672540 -4232.672542 -4232.672543 -4232.672544 -4232.672545 -4232.672545 -4232.672546 -4232.672549 -4232.672569 -4232.672708 -4232.669435 -4183.295462 -1905.909362 -1452.565071 -1417.019697 -1410.096468 -1408.875002 -1408.685577 -1408.657219 -1408.653521 -1408.653795 -1408.654615 -1408.655365 -1408.655958 -1408.656412 -1408.656761 -1408.657033 -1408.657249 -1408.657425 -1408.657572 -1408.657703 -1408.657832 -1408.657975 -1408.658154 -1408.658401 -1408.658765 -1408.659324 -1408.660201 -1408.661605 -1408.663887 -1408.667667 -1408.674068 -1408.685199 -1408.705135 -1408.741930 -1408.811780 -1408.947956 -1409.221551 -1409.794915 -1411.069881 -1414.114747 -1422.035402 -1445.873083 -9999.0 -9999.0
-9999.0 -9999.0 728.840058 633.449386 537.182360 440.257601 343.016406 245.637032 148.209418 50.783008 -46.605538 -143.940426 -241.178485 -338.212903 -434.846707 -530.784058 -625.546842 -719.752294 -814.199052 -907.770744 -1000.104544 -1086.772329 -1161.452413 -1224.575081 -1275.373576 -1314.482660 -1343.476410 -1364.309492 -1378.898265 -1388.899293 -1395.637073 -1400.113760 -1403.056615 -1404.976397 -1406.222868 -1407.033034 -1407.573969 -1408.002237 -1408.685135 -1411.320212 -1423.751500 -1487.176119 -2030.481925 -4202.571584 -4232.671336 -4232.672832 -4232.672584 -4232.672544 -4232.672540 -4232.672540 -4232.672542 -4232.672543 -4232.672544 -4232.672545 -4232.672545 -4232.672546 -4232.672549 -4232.672569 -4232.672708 -4232.669435 -4183.295462 -1905.909362 -1452.565071 -1417.019697 -1410.096468 -1408.875002 -1408.685577 -1408.657219 -1408.653521 -1408.653795 -1408.654615 -1408.655365 -1408.655958 -1408.656412 -1408.656761 -1408.657033 -1408.657249 -1408.657425 -1408.657572 -1408.657703 -1408.657832 -1408.657975 -1408.658154 -1408.658401 -1408.658765 -1408.659324 -1408.660201 -1408.661605 -1408.663887 -1408.667667 -1408.674068 -1408.685199 -1408.705135 -1408.741930 -1408.811780 -1408.947956 -1409.221551 -1409.794915 -1411.069881 -1414.114747 -1422.035402 -1445.873083 -9999.0 -9999.0
-9999.0 -9999.0 728.840058 633.449386 537.182360 440.257601 343.016406 245.637033 148.209418 50.783008 -46.605538 -143.940425 -241.178485 -338.212903 -434.846707 -530.784058 -625.546842 -719.752294 -814.199052 -907.770744 -1000.104544 -1086.772329 -1161.452413 -1224.575081 -1275.373576 -1314.482660 -1343.476410 -1364.309492 -1378.898265 -1388.899293 -1395.637073 -1400.113760 -1403.056615 -1404.976397 -1406.222868 -1407.033034 -1407.573969 -1408.002237 -1408.685135 -1411.320212 -1423.751500 -1487.176119 -2030.481925 -4202.571584 -4232.671336 -4232.672832 -4232.672584 -4232.672544 -4232.672540 -4232.672540 -4232.672542 -4232.672543 -4232.672544 -4232.672545 -4232.672545 -4232.672546 -4232.672549 -4232.672569 -4232.672708 -4232.669435 -4183.295462 -1905.909362 -1452.565071 -1417.019697 -1410.096468 -1408.875002 -1408.685577 -1408.657219 -1408.653521 -1408.653795 -1408.654615 -1408.655365 -1408.655958 -1408.656412 -1408.656761 -1408.657033 -1408.657249 -1408.657425 -1408.657572 -1408.657703 -1408.657832 -1408.657975 -1408.658154 -1408.658401 -1408.658765 -1408.659324 -1408.660201 -1408.661605 -1408.663887 -1408.667667 -1408.674068 -1408.685199 -1408.705135 -1408.741930 -1408.811780 -1408.947956 -1409.221551 -1409.794915 -1411.069881 -1414.114747 -1422.035402 -1445.873083 -9999.0 -9999.0
-9999.0 -9999.0 728.838607 633.448624 537.182046 440.257483 343.016364 245.637017 148.209413 50.783006 -46.605539 -143.940426 -241.178485 -338.212903 -434.846707 -530.784058 -625.546842 -719.752294 -814.199052 -907.770744 -1000.104544 -1086.772329 -1161.452413 -1224.575080 -1275.373576 -1314.482660 -1343.476410 -1364.309492 -1378.898265 -1388.899293 -1395.637073 -1400.113760 -1403.056615 -1404.976397 -1406.222868 -1407.033034 -1407.573969 -1408.002237 -1408.685135 -1411.320212 -1423.751500 -1487.176119 -2030.481925 -4202.571584 -4232.671336 -4232.672832 -4232.672584 -4232.672544 -4232.672540 -4232.672540 -4232.672542 -4232.672543 -4232.672544 -4232.672545 -4232.672545 -4232.672546 -4232.672549 -4232.672569 -4232.672708 -4232.669435 -4183.295462 -1905.909362 -1452.565071 -1417.019697 -1410.096468 -1408.875002 -1408.685577 -1408.657219 -1408.653521 -1408.653795 -1408.654615 -1408.655365 -1408.655958 -1408.656412 -1408.656761 -1408.657033 -1408.657249 -1408.657425 -1408.657572 -1408.657703 -1408.657832 -1408.657975 -1408.658154 -1408.658401 -1408.658765 -1408.659324 -1408.660201 -1408.661605 -1408.663887 -1408.667667 -1408.674068 -1408.685199 -1408.705135 -1408.741930 -1408.811780 -1408.947956 -1409.221551 -1409.794915 -1411.069881 -1414.114747 -1422.035402 -1445.873083 -9999.0 -9999.0
-9999.0 -9999.0 728.834000 633.447081 537.181577 440.257336 343.016315 245.637001 148.209407 50.783004 -46.605540 -143.940426 -241.178486 -338.212903 -434.846707 -530.784058 -625.546842 -719.752293 -814.199052 -907.770744 -1000.104544 -1086.772328 -1161.452412 -1224.575080 -1275.373576 -1314.482659 -1343.476410 -1364.309492 -1378.898265 -1388.899293 -1395.637073 -1400.113760 -1403.056615 -1404.976397 -1406.222868 -1407.033034 -1407.573969 -1408.002237 -1408.685135 -1411.320212 -1423.751500 -1487.176119 -2030.481926 -4202.571584 -4232.671336 -4232.672832 -4232.672584 -4232.672544 -4232.672540 -4232.672540 -4232.672542 -4232.672543 -4232.672544 -4232.672545 -4232.672545 -4232.672546 -4232.672549 -4232.672569 -4232.672708 -4232.669435 -4183.295462 -1905.909362 -1452.565071 -1417.019697 -1410.096468 -1408.875002 -1408.685577 -1408.657219 -1408.653521 -1408.653795 -1408.654615 -1408.655365 -1408.655958 -1408.656412 -1408.656761 -1408.657033 -1408.657249 -1408.657425 -1408.657572 -1408.657703 -1408.657832 -1408.657975 -1408.658154 -1408.658401 -1408.658765 -1408.659324 -1408.660201 -1408.661605 -1408.663887 -1408.667667 -1408.674068 -1408.685199 -1408.705135 -1408.741930 -1408.811780 -1408.947956 -1409.221551 -1409.794915 -1411.069881 -1414.114747 -1422.035402 -1445.873083 -9999.0 -9999.0
-9999.0 -9999.0 -9999.0 -9999.0 -9999.0 -9999.0 -9999.0 -9999.0 -9999.0 -9999.0 -9999.0 -9999.0 -9999.0 -9999.0 -9999.0 -9999.0 -9999.0 -9999.0 -9999.0 -9999.0 -9999.0 -9999.0 -9999.0 -9999.0 -9999.0 -9999.0 -9999.0 -9999.0 -9999.0 -9999.0 -9999.0 -9999.0 -9999.0 -9999.0 -9999.0 -9999.0 -9999.0 -9999.0 -9999.0 -9999.0 -9999.0 -9999.0 -9999.0 -9999.0 -9999.0 -9999.0 -9999.0 -9999.0 -9999.0 -9999.0 -9999.0 -9999.0 -9999.0 -9999.0 -9999.0 -9999.0 -9999.0 -9999.0 -9999.0 -9999.0 -9999.0 -9999.0 -9999.0 -9999.0 -9999.0 -9999.0 -9999.0 -9999.0 -9999.0 -9999.0 -9999.0 -9999.0 -9999.0 -9999.0 -9999.0 -9999.0 -9999.0 -9999.0 -9999.0 -9999.0 -9999.0 -9999.0 -9999.0 -9999.0 -9999.0 -9999.0 -9999.0 -9999.0 -9999.0 -9999.0 -9999.0 -9999.0 -9999.0 -9999.0 -9999.0 -9999.0 -9999.0 -9999.0 -9999.0 -9999.0 -9999.0 -9999.0 -9999.0 -9999.0
-9999.0 -9999.0 -9999.0 -9999.0 -9999.0 -9999.0 -9999.0 -9999.0 -9999.0 -9999.0 -9999.0 -9999.0 -9999.0 -9999.0 -9999.0 -9999.0 -9999.0 -9999.0 -9999.0 -9999.0 -9999.0 -9999.0 -9999.0 -9999.0 -9999.0 -9999.0 -9999.0 -9999.0 -9999.0 -9999.0 -9999.0 -9999.0 -9999.0 -9999.0 -9999.0 -9999.0 -9999.0 -9999.0 -9999.0 -9999.0 -9999.0 -9999.0 -9999.0 -9999.0 -9999.0 -9999.0 -9999.0 -9999.0 -9999.0 -9999.0 -9999.0 -9999.0 -9999.0 -9999.0 -9999.0 -9999.0 -9999.0 -9999.0 -9999.0 -9999.0 -9999.0 -9999.0 -9999.0 -9999.0 -9999.0 -9999.0 -9999.0 -9999.0 -9999.0 -9999.0 -9999.0 -9999.0 -9999.0 -9999.0 -9999.0 -9999.0 -9999.0 -9999.0 -9999.0 -9999.0 -9999.0 -9999.0 -9999.0 -9999.0 -9999.0 -9999.0 -9999.0 -9999.0 -9999.0 -9999.0 -9999.0 -9999.0 -9999.0 -9999.0 -9999.0 -9999.0 -9999.0 -9999.0 -9999.0 -9999.0 -9999.0 -9999.0 -9999.0 -9999.0