inst/processing_geotop_simulation/geotop_simulation/out/maps3D/PwL0009N0091.asc
ncols         104
nrows         10
xllcorner     -2.000000
yllcorner     0.000000
cellsize      1.000000
NODATA_value  -9999.0
-9999.0 -9999.0 -9999.0 -9999.0 -9999.0 -9999.0 -9999.0 -9999.0 -9999.0 -9999.0 -9999.0 -9999.0 -9999.0 -9999.0 -9999.0 -9999.0 -9999.0 -9999.0 -9999.0 -9999.0 -9999.0 -9999.0 -9999.0 -9999.0 -9999.0 -9999.0 -9999.0 -9999.0 -9999.0 -9999.0 -9999.0 -9999.0 -9999.0 -9999.0 -9999.0 -9999.0 -9999.0 -9999.0 -9999.0 -9999.0 -9999.0 -9999.0 -9999.0 -9999.0 -9999.0 -9999.0 -9999.0 -9999.0 -9999.0 -9999.0 -9999.0 -9999.0 -9999.0 -9999.0 -9999.0 -9999.0 -9999.0 -9999.0 -9999.0 -9999.0 -9999.0 -9999.0 -9999.0 -9999.0 -9999.0 -9999.0 -9999.0 -9999.0 -9999.0 -9999.0 -9999.0 -9999.0 -9999.0 -9999.0 -9999.0 -9999.0 -9999.0 -9999.0 -9999.0 -9999.0 -9999.0 -9999.0 -9999.0 -9999.0 -9999.0 -9999.0 -9999.0 -9999.0 -9999.0 -9999.0 -9999.0 -9999.0 -9999.0 -9999.0 -9999.0 -9999.0 -9999.0 -9999.0 -9999.0 -9999.0 -9999.0 -9999.0 -9999.0 -9999.0
-9999.0 -9999.0 -9999.0 -9999.0 -9999.0 -9999.0 -9999.0 -9999.0 -9999.0 -9999.0 -9999.0 -9999.0 -9999.0 -9999.0 -9999.0 -9999.0 -9999.0 -9999.0 -9999.0 -9999.0 -9999.0 -9999.0 -9999.0 -9999.0 -9999.0 -9999.0 -9999.0 -9999.0 -9999.0 -9999.0 -9999.0 -9999.0 -9999.0 -9999.0 -9999.0 -9999.0 -9999.0 -9999.0 -9999.0 -9999.0 -9999.0 -9999.0 -9999.0 -9999.0 -9999.0 -9999.0 -9999.0 -9999.0 -9999.0 -9999.0 -9999.0 -9999.0 -9999.0 -9999.0 -9999.0 -9999.0 -9999.0 -9999.0 -9999.0 -9999.0 -9999.0 -9999.0 -9999.0 -9999.0 -9999.0 -9999.0 -9999.0 -9999.0 -9999.0 -9999.0 -9999.0 -9999.0 -9999.0 -9999.0 -9999.0 -9999.0 -9999.0 -9999.0 -9999.0 -9999.0 -9999.0 -9999.0 -9999.0 -9999.0 -9999.0 -9999.0 -9999.0 -9999.0 -9999.0 -9999.0 -9999.0 -9999.0 -9999.0 -9999.0 -9999.0 -9999.0 -9999.0 -9999.0 -9999.0 -9999.0 -9999.0 -9999.0 -9999.0 -9999.0
-9999.0 -9999.0 432.318111 340.380000 245.664764 149.751259 53.361143 -43.188746 -139.792811 -236.543299 -334.381275 -437.058076 -547.033260 -667.783565 -805.963909 -912.846086 -1011.879502 -1098.479336 -1158.198538 -1180.123014 -1184.632958 -1182.192028 -1178.423923 -1175.690714 -1174.617515 -1175.026419 -1176.430629 -1178.307206 -1180.244796 -1181.992793 -1183.440523 -1184.570586 -1185.415303 -1186.025742 -1186.454216 -1186.748204 -1186.956827 -1187.145085 -1187.393269 -1188.269140 -1195.672211 -1254.518843 -1584.984448 -2040.925046 -1846.357509 -1743.194575 -1698.236783 -1692.878314 -1692.346899 -1692.397994 -1692.529914 -1692.671212 -1692.806780 -1692.932192 -1693.048111 -1693.179103 -1693.572491 -1696.457010 -1718.878285 -1771.417030 -1866.831594 -1413.524130 -1232.678873 -1193.081289 -1188.184139 -1187.578248 -1187.480085 -1187.462938 -1187.461865 -1187.463781 -1187.465864 -1187.467566 -1187.468866 -1187.469846 -1187.470593 -1187.471172 -1187.471628 -1187.471996 -1187.472300 -1187.472566 -1187.472823 -1187.473104 -1187.473453 -1187.473934 -1187.474641 -1187.475725 -1187.477424 -1187.480129 -1187.484498 -1187.491660 -1187.503626 -1187.524102 -1187.560143 -1187.625542 -1187.747678 -1187.981210 -1188.435708 -1189.335361 -1191.167252 -1195.096932 -1204.182049 -1227.968905 -9999.0 -9999.0
-9999.0 -9999.0 432.325459 340.381961 245.665301 149.751420 53.361193 -43.188729 -139.792806 -236.543297 -334.381275 -437.058076 -547.033261 -667.783565 -805.963909 -912.846086 -1011.879502 -1098.479336 -1158.198538 -1180.123014 -1184.632958 -1182.192028 -1178.423923 -1175.690714 -1174.617515 -1175.026419 -1176.430629 -1178.307206 -1180.244796 -1181.992793 -1183.440523 -1184.570586 -1185.415303 -1186.025742 -1186.454216 -1186.748204 -1186.956827 -1187.145085 -1187.393269 -1188.269140 -1195.672211 -1254.518843 -1584.984447 -2040.925045 -1846.357507 -1743.194572 -1698.236783 -1692.878314 -1692.346899 -1692.397994 -1692.529914 -1692.671212 -1692.806780 -1692.932192 -1693.048111 -1693.179103 -1693.572491 -1696.457010 -1718.878285 -1771.417030 -1866.831594 -1413.524130 -1232.678873 -1193.081289 -1188.184139 -1187.578248 -1187.480085 -1187.462938 -1187.461865 -1187.463781 -1187.465864 -1187.467566 -1187.468866 -1187.469846 -1187.470593 -1187.471172 -1187.471628 -1187.471996 -1187.472300 -1187.472566 -1187.472823 -1187.473104 -1187.473453 -1187.473934 -1187.474641 -1187.475725 -1187.477424 -1187.480129 -1187.484498 -1187.491660 -1187.503626 -1187.524102 -1187.560143 -1187.625542 -1187.747678 -1187.981210 -1188.435708 -1189.335361 -1191.167252 -1195.096932 -1204.182049 -1227.968905 -9999.0 -9999.0
-9999.0 -9999.0 432.327085 340.382823 245.665647 149.751546 53.361238 -43.188714 -139.792801 -236.543296 -334.381275 -437.058076 -547.033261 -667.783565 -805.963909 -912.846086 -1011.879502 -1098.479336 -1158.198538 -1180.123014 -1184.632958 -1182.192028 -1178.423923 -1175.690714 -1174.617515 -1175.026419 -1176.430629 -1178.307206 -1180.244796 -1181.992793 -1183.440523 -1184.570586 -1185.415303 -1186.025742 -1186.454216 -1186.748204 -1186.956827 -1187.145085 -1187.393269 -1188.269140 -1195.672211 -1254.518843 -1584.984447 -2040.925045 -1846.357507 -1743.194571 -1698.236783 -1692.878314 -1692.346899 -1692.397994 -1692.529914 -1692.671212 -1692.806780 -1692.932192 -1693.048111 -1693.179103 -1693.572491 -1696.457010 -1718.878285 -1771.417030 -1866.831594 -1413.524130 -1232.678873 -1193.081289 -1188.184139 -1187.578248 -1187.480085 -1187.462938 -1187.461865 -1187.463781 -1187.465864 -1187.467566 -1187.468866 -1187.469846 -1187.470593 -1187.471172 -1187.471628 -1187.471996 -1187.472300 -1187.472566 -1187.472823 -1187.473104 -1187.473453 -1187.473934 -1187.474641 -1187.475725 -1187.477424 -1187.480129 -1187.484498 -1187.491660 -1187.503626 -1187.524102 -1187.560143 -1187.625542 -1187.747678 -1187.981210 -1188.435708 -1189.335361 -1191.167252 -1195.096932 -1204.182049 -1227.968905 -9999.0 -9999.0
-9999.0 -9999.0 432.327085 340.382823 245.665647 149.751546 53.361238 -43.188714 -139.792801 -236.543296 -334.381275 -437.058076 -547.033261 -667.783565 -805.963909 -912.846086 -1011.879502 -1098.479336 -1158.198538 -1180.123014 -1184.632958 -1182.192028 -1178.423923 -1175.690714 -1174.617515 -1175.026419 -1176.430629 -1178.307206 -1180.244796 -1181.992793 -1183.440523 -1184.570586 -1185.415303 -1186.025742 -1186.454216 -1186.748204 -1186.956827 -1187.145085 -1187.393269 -1188.269140 -1195.672211 -1254.518843 -1584.984447 -2040.925045 -1846.357507 -1743.194571 -1698.236783 -1692.878314 -1692.346899 -1692.397994 -1692.529914 -1692.671212 -1692.806780 -1692.932192 -1693.048111 -1693.179103 -1693.572491 -1696.457010 -1718.878285 -1771.417030 -1866.831594 -1413.524130 -1232.678873 -1193.081289 -1188.184139 -1187.578248 -1187.480085 -1187.462938 -1187.461865 -1187.463781 -1187.465864 -1187.467566 -1187.468866 -1187.469846 -1187.470593 -1187.471172 -1187.471628 -1187.471996 -1187.472300 -1187.472566 -1187.472823 -1187.473104 -1187.473453 -1187.473934 -1187.474641 -1187.475725 -1187.477424 -1187.480129 -1187.484498 -1187.491660 -1187.503626 -1187.524102 -1187.560143 -1187.625542 -1187.747678 -1187.981210 -1188.435708 -1189.335361 -1191.167252 -1195.096932 -1204.182049 -1227.968905 -9999.0 -9999.0
-9999.0 -9999.0 432.325459 340.381961 245.665301 149.751420 53.361193 -43.188729 -139.792806 -236.543297 -334.381275 -437.058076 -547.033261 -667.783565 -805.963909 -912.846086 -1011.879502 -1098.479336 -1158.198538 -1180.123014 -1184.632958 -1182.192028 -1178.423923 -1175.690714 -1174.617515 -1175.026419 -1176.430629 -1178.307206 -1180.244796 -1181.992793 -1183.440523 -1184.570586 -1185.415303 -1186.025742 -1186.454216 -1186.748204 -1186.956827 -1187.145085 -1187.393269 -1188.269140 -1195.672211 -1254.518843 -1584.984447 -2040.925045 -1846.357507 -1743.194572 -1698.236783 -1692.878314 -1692.346899 -1692.397994 -1692.529914 -1692.671212 -1692.806780 -1692.932192 -1693.048111 -1693.179103 -1693.572491 -1696.457010 -1718.878285 -1771.417030 -1866.831594 -1413.524130 -1232.678874 -1193.081289 -1188.184139 -1187.578248 -1187.480085 -1187.462938 -1187.461865 -1187.463781 -1187.465864 -1187.467566 -1187.468866 -1187.469846 -1187.470593 -1187.471172 -1187.471628 -1187.471996 -1187.472300 -1187.472566 -1187.472823 -1187.473104 -1187.473453 -1187.473934 -1187.474641 -1187.475725 -1187.477424 -1187.480129 -1187.484498 -1187.491660 -1187.503626 -1187.524102 -1187.560143 -1187.625542 -1187.747678 -1187.981210 -1188.435708 -1189.335361 -1191.167252 -1195.096932 -1204.182049 -1227.968905 -9999.0 -9999.0
-9999.0 -9999.0 432.318111 340.380000 245.664764 149.751259 53.361143 -43.188746 -139.792811 -236.543299 -334.381275 -437.058076 -547.033260 -667.783565 -805.963909 -912.846086 -1011.879502 -1098.479336 -1158.198538 -1180.123014 -1184.632958 -1182.192028 -1178.423923 -1175.690714 -1174.617515 -1175.026419 -1176.430629 -1178.307206 -1180.244796 -1181.992793 -1183.440523 -1184.570586 -1185.415303 -1186.025742 -1186.454216 -1186.748204 -1186.956827 -1187.145085 -1187.393269 -1188.269140 -1195.672211 -1254.518843 -1584.984448 -2040.925046 -1846.357509 -1743.194575 -1698.236783 -1692.878314 -1692.346899 -1692.397994 -1692.529914 -1692.671212 -1692.806780 -1692.932192 -1693.048111 -1693.179103 -1693.572491 -1696.457010 -1718.878285 -1771.417030 -1866.831594 -1413.524130 -1232.678874 -1193.081289 -1188.184139 -1187.578248 -1187.480085 -1187.462938 -1187.461865 -1187.463781 -1187.465864 -1187.467566 -1187.468866 -1187.469846 -1187.470593 -1187.471172 -1187.471628 -1187.471996 -1187.472300 -1187.472566 -1187.472823 -1187.473104 -1187.473453 -1187.473934 -1187.474641 -1187.475725 -1187.477424 -1187.480129 -1187.484498 -1187.491660 -1187.503626 -1187.524102 -1187.560143 -1187.625542 -1187.747678 -1187.981210 -1188.435708 -1189.335361 -1191.167252 -1195.096932 -1204.182049 -1227.968905 -9999.0 -9999.0
-9999.0 -9999.0 -9999.0 -9999.0 -9999.0 -9999.0 -9999.0 -9999.0 -9999.0 -9999.0 -9999.0 -9999.0 -9999.0 -9999.0 -9999.0 -9999.0 -9999.0 -9999.0 -9999.0 -9999.0 -9999.0 -9999.0 -9999.0 -9999.0 -9999.0 -9999.0 -9999.0 -9999.0 -9999.0 -9999.0 -9999.0 -9999.0 -9999.0 -9999.0 -9999.0 -9999.0 -9999.0 -9999.0 -9999.0 -9999.0 -9999.0 -9999.0 -9999.0 -9999.0 -9999.0 -9999.0 -9999.0 -9999.0 -9999.0 -9999.0 -9999.0 -9999.0 -9999.0 -9999.0 -9999.0 -9999.0 -9999.0 -9999.0 -9999.0 -9999.0 -9999.0 -9999.0 -9999.0 -9999.0 -9999.0 -9999.0 -9999.0 -9999.0 -9999.0 -9999.0 -9999.0 -9999.0 -9999.0 -9999.0 -9999.0 -9999.0 -9999.0 -9999.0 -9999.0 -9999.0 -9999.0 -9999.0 -9999.0 -9999.0 -9999.0 -9999.0 -9999.0 -9999.0 -9999.0 -9999.0 -9999.0 -9999.0 -9999.0 -9999.0 -9999.0 -9999.0 -9999.0 -9999.0 -9999.0 -9999.0 -9999.0 -9999.0 -9999.0 -9999.0
-9999.0 -9999.0 -9999.0 -9999.0 -9999.0 -9999.0 -9999.0 -9999.0 -9999.0 -9999.0 -9999.0 -9999.0 -9999.0 -9999.0 -9999.0 -9999.0 -9999.0 -9999.0 -9999.0 -9999.0 -9999.0 -9999.0 -9999.0 -9999.0 -9999.0 -9999.0 -9999.0 -9999.0 -9999.0 -9999.0 -9999.0 -9999.0 -9999.0 -9999.0 -9999.0 -9999.0 -9999.0 -9999.0 -9999.0 -9999.0 -9999.0 -9999.0 -9999.0 -9999.0 -9999.0 -9999.0 -9999.0 -9999.0 -9999.0 -9999.0 -9999.0 -9999.0 -9999.0 -9999.0 -9999.0 -9999.0 -9999.0 -9999.0 -9999.0 -9999.0 -9999.0 -9999.0 -9999.0 -9999.0 -9999.0 -9999.0 -9999.0 -9999.0 -9999.0 -9999.0 -9999.0 -9999.0 -9999.0 -9999.0 -9999.0 -9999.0 -9999.0 -9999.0 -9999.0 -9999.0 -9999.0 -9999.0 -9999.0 -9999.0 -9999.0 -9999.0 -9999.0 -9999.0 -9999.0 -9999.0 -9999.0 -9999.0 -9999.0 -9999.0 -9999.0 -9999.0 -9999.0 -9999.0 -9999.0 -9999.0 -9999.0 -9999.0 -9999.0 -9999.0