inst/processing_geotop_simulation/geotop_simulation/out/maps3D/PwL0002N0178.asc
ncols         104
nrows         10
xllcorner     -2.000000
yllcorner     0.000000
cellsize      1.000000
NODATA_value  -9999.0
-9999.0 -9999.0 -9999.0 -9999.0 -9999.0 -9999.0 -9999.0 -9999.0 -9999.0 -9999.0 -9999.0 -9999.0 -9999.0 -9999.0 -9999.0 -9999.0 -9999.0 -9999.0 -9999.0 -9999.0 -9999.0 -9999.0 -9999.0 -9999.0 -9999.0 -9999.0 -9999.0 -9999.0 -9999.0 -9999.0 -9999.0 -9999.0 -9999.0 -9999.0 -9999.0 -9999.0 -9999.0 -9999.0 -9999.0 -9999.0 -9999.0 -9999.0 -9999.0 -9999.0 -9999.0 -9999.0 -9999.0 -9999.0 -9999.0 -9999.0 -9999.0 -9999.0 -9999.0 -9999.0 -9999.0 -9999.0 -9999.0 -9999.0 -9999.0 -9999.0 -9999.0 -9999.0 -9999.0 -9999.0 -9999.0 -9999.0 -9999.0 -9999.0 -9999.0 -9999.0 -9999.0 -9999.0 -9999.0 -9999.0 -9999.0 -9999.0 -9999.0 -9999.0 -9999.0 -9999.0 -9999.0 -9999.0 -9999.0 -9999.0 -9999.0 -9999.0 -9999.0 -9999.0 -9999.0 -9999.0 -9999.0 -9999.0 -9999.0 -9999.0 -9999.0 -9999.0 -9999.0 -9999.0 -9999.0 -9999.0 -9999.0 -9999.0 -9999.0 -9999.0
-9999.0 -9999.0 -9999.0 -9999.0 -9999.0 -9999.0 -9999.0 -9999.0 -9999.0 -9999.0 -9999.0 -9999.0 -9999.0 -9999.0 -9999.0 -9999.0 -9999.0 -9999.0 -9999.0 -9999.0 -9999.0 -9999.0 -9999.0 -9999.0 -9999.0 -9999.0 -9999.0 -9999.0 -9999.0 -9999.0 -9999.0 -9999.0 -9999.0 -9999.0 -9999.0 -9999.0 -9999.0 -9999.0 -9999.0 -9999.0 -9999.0 -9999.0 -9999.0 -9999.0 -9999.0 -9999.0 -9999.0 -9999.0 -9999.0 -9999.0 -9999.0 -9999.0 -9999.0 -9999.0 -9999.0 -9999.0 -9999.0 -9999.0 -9999.0 -9999.0 -9999.0 -9999.0 -9999.0 -9999.0 -9999.0 -9999.0 -9999.0 -9999.0 -9999.0 -9999.0 -9999.0 -9999.0 -9999.0 -9999.0 -9999.0 -9999.0 -9999.0 -9999.0 -9999.0 -9999.0 -9999.0 -9999.0 -9999.0 -9999.0 -9999.0 -9999.0 -9999.0 -9999.0 -9999.0 -9999.0 -9999.0 -9999.0 -9999.0 -9999.0 -9999.0 -9999.0 -9999.0 -9999.0 -9999.0 -9999.0 -9999.0 -9999.0 -9999.0 -9999.0
-9999.0 -9999.0 80.848434 -8.487286 -103.331947 -199.505355 -296.161571 -392.967008 -489.747131 -586.353155 -682.436283 -777.833906 -872.398767 -966.030662 -1059.819692 -1153.314343 -1245.400707 -1336.786779 -1426.824833 -1508.175559 -1572.106622 -1617.713365 -1648.160957 -1667.781369 -1680.318603 -1688.427026 -1693.792749 -1697.423050 -1699.912180 -1701.624197 -1702.797299 -1703.595455 -1704.134272 -1704.495248 -1704.735376 -1704.895860 -1705.012997 -1705.139891 -1705.464281 -1707.078340 -1714.369558 -1713.294518 -1066.112750 -1063.946946 -1052.588587 -1045.422480 -1042.062847 -1041.575147 -1041.524881 -1041.532379 -1041.548607 -1041.565921 -1041.582548 -1041.597936 -1041.612142 -1041.627935 -1041.672122 -1041.963674 -1043.753510 -1047.786587 -1054.035962 -1048.254230 -1692.874754 -1709.850599 -1706.250847 -1705.436926 -1705.307321 -1705.287141 -1705.284721 -1705.285377 -1705.286413 -1705.287311 -1705.288008 -1705.288538 -1705.288942 -1705.289256 -1705.289503 -1705.289703 -1705.289869 -1705.290016 -1705.290159 -1705.290318 -1705.290518 -1705.290795 -1705.291205 -1705.291835 -1705.292826 -1705.294411 -1705.296982 -1705.301225 -1705.308374 -1705.320730 -1705.342712 -1705.383007 -1705.458927 -1705.605332 -1705.893828 -1706.478392 -1707.716993 -1710.525647 -1717.583238 -1739.164572 -9999.0 -9999.0
-9999.0 -9999.0 80.861024 -8.485017 -103.331380 -199.505190 -296.161519 -392.966990 -489.747125 -586.353153 -682.436282 -777.833906 -872.398767 -966.030662 -1059.819692 -1153.314344 -1245.400707 -1336.786779 -1426.824834 -1508.175559 -1572.106622 -1617.713365 -1648.160957 -1667.781369 -1680.318603 -1688.427026 -1693.792749 -1697.423050 -1699.912180 -1701.624197 -1702.797299 -1703.595455 -1704.134272 -1704.495248 -1704.735376 -1704.895860 -1705.012997 -1705.139891 -1705.464281 -1707.078340 -1714.369558 -1713.294518 -1066.112749 -1063.946946 -1052.588587 -1045.422480 -1042.062847 -1041.575147 -1041.524881 -1041.532379 -1041.548607 -1041.565921 -1041.582548 -1041.597936 -1041.612142 -1041.627935 -1041.672122 -1041.963674 -1043.753510 -1047.786587 -1054.035962 -1048.254230 -1692.874754 -1709.850599 -1706.250847 -1705.436926 -1705.307321 -1705.287141 -1705.284721 -1705.285377 -1705.286413 -1705.287311 -1705.288008 -1705.288538 -1705.288942 -1705.289256 -1705.289503 -1705.289703 -1705.289869 -1705.290016 -1705.290159 -1705.290318 -1705.290518 -1705.290795 -1705.291205 -1705.291835 -1705.292826 -1705.294411 -1705.296982 -1705.301225 -1705.308374 -1705.320730 -1705.342712 -1705.383007 -1705.458927 -1705.605332 -1705.893828 -1706.478392 -1707.716993 -1710.525647 -1717.583238 -1739.164572 -9999.0 -9999.0
-9999.0 -9999.0 80.862392 -8.484113 -103.331023 -199.505060 -296.161473 -392.966974 -489.747119 -586.353151 -682.436281 -777.833906 -872.398767 -966.030662 -1059.819692 -1153.314344 -1245.400707 -1336.786779 -1426.824834 -1508.175559 -1572.106622 -1617.713365 -1648.160957 -1667.781369 -1680.318604 -1688.427026 -1693.792749 -1697.423050 -1699.912180 -1701.624197 -1702.797299 -1703.595455 -1704.134272 -1704.495248 -1704.735376 -1704.895860 -1705.012997 -1705.139891 -1705.464281 -1707.078340 -1714.369558 -1713.294518 -1066.112749 -1063.946946 -1052.588587 -1045.422480 -1042.062847 -1041.575147 -1041.524881 -1041.532379 -1041.548607 -1041.565921 -1041.582548 -1041.597936 -1041.612142 -1041.627935 -1041.672122 -1041.963674 -1043.753510 -1047.786587 -1054.035962 -1048.254230 -1692.874754 -1709.850599 -1706.250847 -1705.436926 -1705.307321 -1705.287141 -1705.284721 -1705.285377 -1705.286413 -1705.287311 -1705.288008 -1705.288538 -1705.288942 -1705.289256 -1705.289503 -1705.289703 -1705.289869 -1705.290016 -1705.290159 -1705.290318 -1705.290518 -1705.290795 -1705.291205 -1705.291835 -1705.292826 -1705.294411 -1705.296982 -1705.301225 -1705.308374 -1705.320730 -1705.342712 -1705.383007 -1705.458927 -1705.605332 -1705.893828 -1706.478392 -1707.716993 -1710.525647 -1717.583238 -1739.164572 -9999.0 -9999.0
-9999.0 -9999.0 80.862392 -8.484113 -103.331023 -199.505060 -296.161473 -392.966974 -489.747119 -586.353151 -682.436281 -777.833905 -872.398767 -966.030662 -1059.819692 -1153.314344 -1245.400707 -1336.786779 -1426.824834 -1508.175559 -1572.106622 -1617.713365 -1648.160957 -1667.781369 -1680.318604 -1688.427026 -1693.792749 -1697.423050 -1699.912180 -1701.624197 -1702.797299 -1703.595455 -1704.134272 -1704.495248 -1704.735376 -1704.895860 -1705.012997 -1705.139891 -1705.464281 -1707.078340 -1714.369558 -1713.294518 -1066.112749 -1063.946946 -1052.588587 -1045.422480 -1042.062847 -1041.575147 -1041.524881 -1041.532379 -1041.548607 -1041.565921 -1041.582548 -1041.597936 -1041.612142 -1041.627935 -1041.672122 -1041.963674 -1043.753510 -1047.786587 -1054.035962 -1048.254230 -1692.874754 -1709.850599 -1706.250847 -1705.436926 -1705.307321 -1705.287141 -1705.284721 -1705.285377 -1705.286413 -1705.287311 -1705.288008 -1705.288538 -1705.288942 -1705.289256 -1705.289503 -1705.289703 -1705.289869 -1705.290016 -1705.290159 -1705.290318 -1705.290518 -1705.290795 -1705.291205 -1705.291835 -1705.292826 -1705.294411 -1705.296982 -1705.301225 -1705.308374 -1705.320730 -1705.342712 -1705.383007 -1705.458927 -1705.605332 -1705.893828 -1706.478392 -1707.716993 -1710.525647 -1717.583238 -1739.164572 -9999.0 -9999.0
-9999.0 -9999.0 80.861024 -8.485017 -103.331380 -199.505190 -296.161519 -392.966990 -489.747125 -586.353153 -682.436282 -777.833906 -872.398767 -966.030662 -1059.819692 -1153.314344 -1245.400707 -1336.786779 -1426.824834 -1508.175559 -1572.106622 -1617.713365 -1648.160957 -1667.781369 -1680.318603 -1688.427026 -1693.792749 -1697.423050 -1699.912180 -1701.624197 -1702.797299 -1703.595455 -1704.134272 -1704.495248 -1704.735376 -1704.895860 -1705.012997 -1705.139891 -1705.464281 -1707.078340 -1714.369558 -1713.294518 -1066.112749 -1063.946946 -1052.588587 -1045.422480 -1042.062847 -1041.575147 -1041.524881 -1041.532379 -1041.548607 -1041.565921 -1041.582548 -1041.597936 -1041.612142 -1041.627935 -1041.672122 -1041.963674 -1043.753510 -1047.786587 -1054.035962 -1048.254230 -1692.874754 -1709.850599 -1706.250847 -1705.436926 -1705.307321 -1705.287141 -1705.284721 -1705.285377 -1705.286413 -1705.287311 -1705.288008 -1705.288538 -1705.288942 -1705.289256 -1705.289503 -1705.289703 -1705.289869 -1705.290016 -1705.290159 -1705.290318 -1705.290518 -1705.290795 -1705.291205 -1705.291835 -1705.292826 -1705.294411 -1705.296982 -1705.301225 -1705.308374 -1705.320730 -1705.342712 -1705.383007 -1705.458927 -1705.605332 -1705.893828 -1706.478392 -1707.716993 -1710.525647 -1717.583238 -1739.164572 -9999.0 -9999.0
-9999.0 -9999.0 80.848434 -8.487286 -103.331947 -199.505355 -296.161571 -392.967008 -489.747131 -586.353155 -682.436283 -777.833906 -872.398767 -966.030662 -1059.819692 -1153.314343 -1245.400707 -1336.786779 -1426.824833 -1508.175559 -1572.106622 -1617.713365 -1648.160957 -1667.781369 -1680.318603 -1688.427026 -1693.792749 -1697.423050 -1699.912180 -1701.624197 -1702.797299 -1703.595455 -1704.134272 -1704.495248 -1704.735376 -1704.895860 -1705.012997 -1705.139891 -1705.464281 -1707.078340 -1714.369558 -1713.294518 -1066.112750 -1063.946946 -1052.588587 -1045.422480 -1042.062847 -1041.575147 -1041.524881 -1041.532379 -1041.548607 -1041.565921 -1041.582548 -1041.597936 -1041.612142 -1041.627935 -1041.672122 -1041.963674 -1043.753510 -1047.786587 -1054.035962 -1048.254230 -1692.874754 -1709.850599 -1706.250847 -1705.436926 -1705.307321 -1705.287141 -1705.284721 -1705.285377 -1705.286413 -1705.287311 -1705.288008 -1705.288538 -1705.288942 -1705.289256 -1705.289503 -1705.289703 -1705.289869 -1705.290016 -1705.290159 -1705.290318 -1705.290518 -1705.290795 -1705.291205 -1705.291835 -1705.292826 -1705.294411 -1705.296982 -1705.301225 -1705.308374 -1705.320730 -1705.342712 -1705.383007 -1705.458927 -1705.605332 -1705.893828 -1706.478392 -1707.716993 -1710.525647 -1717.583238 -1739.164572 -9999.0 -9999.0
-9999.0 -9999.0 -9999.0 -9999.0 -9999.0 -9999.0 -9999.0 -9999.0 -9999.0 -9999.0 -9999.0 -9999.0 -9999.0 -9999.0 -9999.0 -9999.0 -9999.0 -9999.0 -9999.0 -9999.0 -9999.0 -9999.0 -9999.0 -9999.0 -9999.0 -9999.0 -9999.0 -9999.0 -9999.0 -9999.0 -9999.0 -9999.0 -9999.0 -9999.0 -9999.0 -9999.0 -9999.0 -9999.0 -9999.0 -9999.0 -9999.0 -9999.0 -9999.0 -9999.0 -9999.0 -9999.0 -9999.0 -9999.0 -9999.0 -9999.0 -9999.0 -9999.0 -9999.0 -9999.0 -9999.0 -9999.0 -9999.0 -9999.0 -9999.0 -9999.0 -9999.0 -9999.0 -9999.0 -9999.0 -9999.0 -9999.0 -9999.0 -9999.0 -9999.0 -9999.0 -9999.0 -9999.0 -9999.0 -9999.0 -9999.0 -9999.0 -9999.0 -9999.0 -9999.0 -9999.0 -9999.0 -9999.0 -9999.0 -9999.0 -9999.0 -9999.0 -9999.0 -9999.0 -9999.0 -9999.0 -9999.0 -9999.0 -9999.0 -9999.0 -9999.0 -9999.0 -9999.0 -9999.0 -9999.0 -9999.0 -9999.0 -9999.0 -9999.0 -9999.0
-9999.0 -9999.0 -9999.0 -9999.0 -9999.0 -9999.0 -9999.0 -9999.0 -9999.0 -9999.0 -9999.0 -9999.0 -9999.0 -9999.0 -9999.0 -9999.0 -9999.0 -9999.0 -9999.0 -9999.0 -9999.0 -9999.0 -9999.0 -9999.0 -9999.0 -9999.0 -9999.0 -9999.0 -9999.0 -9999.0 -9999.0 -9999.0 -9999.0 -9999.0 -9999.0 -9999.0 -9999.0 -9999.0 -9999.0 -9999.0 -9999.0 -9999.0 -9999.0 -9999.0 -9999.0 -9999.0 -9999.0 -9999.0 -9999.0 -9999.0 -9999.0 -9999.0 -9999.0 -9999.0 -9999.0 -9999.0 -9999.0 -9999.0 -9999.0 -9999.0 -9999.0 -9999.0 -9999.0 -9999.0 -9999.0 -9999.0 -9999.0 -9999.0 -9999.0 -9999.0 -9999.0 -9999.0 -9999.0 -9999.0 -9999.0 -9999.0 -9999.0 -9999.0 -9999.0 -9999.0 -9999.0 -9999.0 -9999.0 -9999.0 -9999.0 -9999.0 -9999.0 -9999.0 -9999.0 -9999.0 -9999.0 -9999.0 -9999.0 -9999.0 -9999.0 -9999.0 -9999.0 -9999.0 -9999.0 -9999.0 -9999.0 -9999.0 -9999.0 -9999.0