inst/processing_geotop_simulation/geotop_simulation/out/maps3D/PwL0005N0089.asc
ncols         104
nrows         10
xllcorner     -2.000000
yllcorner     0.000000
cellsize      1.000000
NODATA_value  -9999.0
-9999.0 -9999.0 -9999.0 -9999.0 -9999.0 -9999.0 -9999.0 -9999.0 -9999.0 -9999.0 -9999.0 -9999.0 -9999.0 -9999.0 -9999.0 -9999.0 -9999.0 -9999.0 -9999.0 -9999.0 -9999.0 -9999.0 -9999.0 -9999.0 -9999.0 -9999.0 -9999.0 -9999.0 -9999.0 -9999.0 -9999.0 -9999.0 -9999.0 -9999.0 -9999.0 -9999.0 -9999.0 -9999.0 -9999.0 -9999.0 -9999.0 -9999.0 -9999.0 -9999.0 -9999.0 -9999.0 -9999.0 -9999.0 -9999.0 -9999.0 -9999.0 -9999.0 -9999.0 -9999.0 -9999.0 -9999.0 -9999.0 -9999.0 -9999.0 -9999.0 -9999.0 -9999.0 -9999.0 -9999.0 -9999.0 -9999.0 -9999.0 -9999.0 -9999.0 -9999.0 -9999.0 -9999.0 -9999.0 -9999.0 -9999.0 -9999.0 -9999.0 -9999.0 -9999.0 -9999.0 -9999.0 -9999.0 -9999.0 -9999.0 -9999.0 -9999.0 -9999.0 -9999.0 -9999.0 -9999.0 -9999.0 -9999.0 -9999.0 -9999.0 -9999.0 -9999.0 -9999.0 -9999.0 -9999.0 -9999.0 -9999.0 -9999.0 -9999.0 -9999.0
-9999.0 -9999.0 -9999.0 -9999.0 -9999.0 -9999.0 -9999.0 -9999.0 -9999.0 -9999.0 -9999.0 -9999.0 -9999.0 -9999.0 -9999.0 -9999.0 -9999.0 -9999.0 -9999.0 -9999.0 -9999.0 -9999.0 -9999.0 -9999.0 -9999.0 -9999.0 -9999.0 -9999.0 -9999.0 -9999.0 -9999.0 -9999.0 -9999.0 -9999.0 -9999.0 -9999.0 -9999.0 -9999.0 -9999.0 -9999.0 -9999.0 -9999.0 -9999.0 -9999.0 -9999.0 -9999.0 -9999.0 -9999.0 -9999.0 -9999.0 -9999.0 -9999.0 -9999.0 -9999.0 -9999.0 -9999.0 -9999.0 -9999.0 -9999.0 -9999.0 -9999.0 -9999.0 -9999.0 -9999.0 -9999.0 -9999.0 -9999.0 -9999.0 -9999.0 -9999.0 -9999.0 -9999.0 -9999.0 -9999.0 -9999.0 -9999.0 -9999.0 -9999.0 -9999.0 -9999.0 -9999.0 -9999.0 -9999.0 -9999.0 -9999.0 -9999.0 -9999.0 -9999.0 -9999.0 -9999.0 -9999.0 -9999.0 -9999.0 -9999.0 -9999.0 -9999.0 -9999.0 -9999.0 -9999.0 -9999.0 -9999.0 -9999.0 -9999.0 -9999.0
-9999.0 -9999.0 230.024169 137.835581 42.130126 -54.654682 -151.866014 -249.385622 -347.511221 -447.607197 -560.377972 -704.691063 -878.241884 -980.488551 -1070.536700 -1155.064751 -1221.957430 -1257.637970 -1269.951445 -1269.467126 -1264.441464 -1259.389920 -1256.146838 -1255.098299 -1255.950381 -1258.135646 -1261.022837 -1264.055566 -1266.842755 -1269.181084 -1271.017167 -1272.388987 -1273.375525 -1274.063337 -1274.529598 -1274.837979 -1275.048050 -1275.233084 -1275.460428 -1276.116452 -1281.842136 -1315.415156 -950.460179 -961.193615 -938.641104 -924.975966 -918.636646 -917.806173 -917.724230 -917.738840 -917.768182 -917.799329 -917.829208 -917.856846 -917.882257 -917.909586 -917.980436 -918.458095 -921.760146 -929.313599 -941.987340 -916.397452 -1296.932527 -1279.762152 -1276.156273 -1275.636009 -1275.543007 -1275.526409 -1275.525635 -1275.527782 -1275.530040 -1275.531873 -1275.533269 -1275.534320 -1275.535120 -1275.535739 -1275.536227 -1275.536620 -1275.536944 -1275.537228 -1275.537501 -1275.537798 -1275.538167 -1275.538674 -1275.539419 -1275.540559 -1275.542346 -1275.545190 -1275.549778 -1275.557292 -1275.569827 -1275.591238 -1275.628849 -1275.696960 -1275.823919 -1276.066221 -1276.536474 -1277.461723 -1279.321344 -1283.221120 -1291.994834 -1314.718552 -9999.0 -9999.0
-9999.0 -9999.0 230.033904 137.837703 42.130672 -54.654523 -151.865965 -249.385606 -347.511216 -447.607196 -560.377972 -704.691064 -878.241884 -980.488551 -1070.536700 -1155.064751 -1221.957430 -1257.637970 -1269.951445 -1269.467126 -1264.441464 -1259.389920 -1256.146838 -1255.098299 -1255.950381 -1258.135646 -1261.022837 -1264.055566 -1266.842755 -1269.181084 -1271.017167 -1272.388987 -1273.375525 -1274.063337 -1274.529598 -1274.837979 -1275.048050 -1275.233084 -1275.460428 -1276.116452 -1281.842136 -1315.415156 -950.460179 -961.193615 -938.641104 -924.975965 -918.636646 -917.806173 -917.724230 -917.738840 -917.768182 -917.799329 -917.829208 -917.856846 -917.882257 -917.909586 -917.980436 -918.458095 -921.760146 -929.313599 -941.987340 -916.397452 -1296.932527 -1279.762152 -1276.156273 -1275.636009 -1275.543007 -1275.526409 -1275.525635 -1275.527782 -1275.530040 -1275.531873 -1275.533269 -1275.534320 -1275.535120 -1275.535739 -1275.536227 -1275.536620 -1275.536944 -1275.537228 -1275.537501 -1275.537798 -1275.538167 -1275.538674 -1275.539419 -1275.540559 -1275.542346 -1275.545190 -1275.549778 -1275.557292 -1275.569827 -1275.591238 -1275.628849 -1275.696960 -1275.823919 -1276.066221 -1276.536474 -1277.461723 -1279.321344 -1283.221120 -1291.994834 -1314.718552 -9999.0 -9999.0
-9999.0 -9999.0 230.035434 137.838576 42.131018 -54.654398 -151.865921 -249.385591 -347.511211 -447.607194 -560.377971 -704.691063 -878.241885 -980.488551 -1070.536700 -1155.064751 -1221.957431 -1257.637970 -1269.951445 -1269.467126 -1264.441464 -1259.389920 -1256.146838 -1255.098299 -1255.950381 -1258.135646 -1261.022837 -1264.055566 -1266.842755 -1269.181084 -1271.017167 -1272.388987 -1273.375525 -1274.063337 -1274.529598 -1274.837979 -1275.048050 -1275.233084 -1275.460428 -1276.116452 -1281.842136 -1315.415156 -950.460179 -961.193615 -938.641104 -924.975965 -918.636646 -917.806173 -917.724230 -917.738840 -917.768182 -917.799329 -917.829208 -917.856846 -917.882257 -917.909586 -917.980436 -918.458095 -921.760146 -929.313599 -941.987340 -916.397452 -1296.932527 -1279.762152 -1276.156273 -1275.636009 -1275.543007 -1275.526409 -1275.525635 -1275.527782 -1275.530040 -1275.531873 -1275.533269 -1275.534320 -1275.535120 -1275.535739 -1275.536227 -1275.536620 -1275.536944 -1275.537228 -1275.537501 -1275.537798 -1275.538167 -1275.538674 -1275.539419 -1275.540559 -1275.542346 -1275.545190 -1275.549778 -1275.557292 -1275.569827 -1275.591238 -1275.628849 -1275.696960 -1275.823919 -1276.066221 -1276.536474 -1277.461723 -1279.321344 -1283.221120 -1291.994834 -1314.718552 -9999.0 -9999.0
-9999.0 -9999.0 230.035434 137.838576 42.131018 -54.654398 -151.865921 -249.385591 -347.511211 -447.607194 -560.377971 -704.691063 -878.241885 -980.488551 -1070.536700 -1155.064751 -1221.957431 -1257.637970 -1269.951445 -1269.467126 -1264.441464 -1259.389920 -1256.146838 -1255.098299 -1255.950381 -1258.135646 -1261.022837 -1264.055566 -1266.842755 -1269.181084 -1271.017167 -1272.388987 -1273.375525 -1274.063337 -1274.529598 -1274.837979 -1275.048050 -1275.233084 -1275.460428 -1276.116452 -1281.842136 -1315.415156 -950.460179 -961.193615 -938.641104 -924.975965 -918.636646 -917.806173 -917.724230 -917.738840 -917.768182 -917.799329 -917.829208 -917.856846 -917.882257 -917.909586 -917.980436 -918.458095 -921.760146 -929.313599 -941.987340 -916.397452 -1296.932527 -1279.762152 -1276.156273 -1275.636009 -1275.543007 -1275.526409 -1275.525635 -1275.527782 -1275.530040 -1275.531873 -1275.533269 -1275.534320 -1275.535120 -1275.535739 -1275.536227 -1275.536620 -1275.536944 -1275.537228 -1275.537501 -1275.537798 -1275.538167 -1275.538674 -1275.539419 -1275.540559 -1275.542346 -1275.545190 -1275.549778 -1275.557292 -1275.569827 -1275.591238 -1275.628849 -1275.696960 -1275.823919 -1276.066221 -1276.536474 -1277.461723 -1279.321344 -1283.221120 -1291.994834 -1314.718552 -9999.0 -9999.0
-9999.0 -9999.0 230.033904 137.837703 42.130672 -54.654523 -151.865965 -249.385606 -347.511216 -447.607196 -560.377972 -704.691063 -878.241884 -980.488551 -1070.536700 -1155.064751 -1221.957430 -1257.637970 -1269.951445 -1269.467126 -1264.441464 -1259.389920 -1256.146838 -1255.098299 -1255.950381 -1258.135646 -1261.022837 -1264.055566 -1266.842755 -1269.181084 -1271.017167 -1272.388987 -1273.375525 -1274.063337 -1274.529598 -1274.837979 -1275.048050 -1275.233084 -1275.460428 -1276.116452 -1281.842136 -1315.415156 -950.460179 -961.193615 -938.641104 -924.975965 -918.636646 -917.806173 -917.724230 -917.738840 -917.768182 -917.799329 -917.829208 -917.856846 -917.882257 -917.909586 -917.980436 -918.458095 -921.760146 -929.313599 -941.987340 -916.397452 -1296.932527 -1279.762152 -1276.156273 -1275.636009 -1275.543007 -1275.526409 -1275.525635 -1275.527782 -1275.530040 -1275.531873 -1275.533269 -1275.534320 -1275.535120 -1275.535739 -1275.536227 -1275.536620 -1275.536944 -1275.537228 -1275.537501 -1275.537798 -1275.538167 -1275.538674 -1275.539419 -1275.540559 -1275.542346 -1275.545190 -1275.549778 -1275.557292 -1275.569827 -1275.591238 -1275.628849 -1275.696960 -1275.823919 -1276.066221 -1276.536474 -1277.461723 -1279.321344 -1283.221120 -1291.994834 -1314.718552 -9999.0 -9999.0
-9999.0 -9999.0 230.024169 137.835581 42.130126 -54.654682 -151.866014 -249.385622 -347.511221 -447.607197 -560.377972 -704.691063 -878.241884 -980.488551 -1070.536700 -1155.064751 -1221.957430 -1257.637970 -1269.951445 -1269.467126 -1264.441464 -1259.389920 -1256.146838 -1255.098299 -1255.950381 -1258.135646 -1261.022837 -1264.055566 -1266.842755 -1269.181084 -1271.017167 -1272.388987 -1273.375525 -1274.063337 -1274.529598 -1274.837979 -1275.048050 -1275.233084 -1275.460428 -1276.116452 -1281.842136 -1315.415156 -950.460179 -961.193615 -938.641104 -924.975966 -918.636646 -917.806173 -917.724230 -917.738840 -917.768182 -917.799329 -917.829208 -917.856846 -917.882257 -917.909586 -917.980436 -918.458095 -921.760146 -929.313599 -941.987340 -916.397452 -1296.932527 -1279.762152 -1276.156273 -1275.636009 -1275.543007 -1275.526409 -1275.525635 -1275.527782 -1275.530040 -1275.531873 -1275.533269 -1275.534320 -1275.535120 -1275.535739 -1275.536227 -1275.536620 -1275.536944 -1275.537228 -1275.537501 -1275.537798 -1275.538167 -1275.538674 -1275.539419 -1275.540559 -1275.542346 -1275.545190 -1275.549778 -1275.557292 -1275.569827 -1275.591238 -1275.628849 -1275.696960 -1275.823919 -1276.066221 -1276.536474 -1277.461723 -1279.321344 -1283.221120 -1291.994834 -1314.718552 -9999.0 -9999.0
-9999.0 -9999.0 -9999.0 -9999.0 -9999.0 -9999.0 -9999.0 -9999.0 -9999.0 -9999.0 -9999.0 -9999.0 -9999.0 -9999.0 -9999.0 -9999.0 -9999.0 -9999.0 -9999.0 -9999.0 -9999.0 -9999.0 -9999.0 -9999.0 -9999.0 -9999.0 -9999.0 -9999.0 -9999.0 -9999.0 -9999.0 -9999.0 -9999.0 -9999.0 -9999.0 -9999.0 -9999.0 -9999.0 -9999.0 -9999.0 -9999.0 -9999.0 -9999.0 -9999.0 -9999.0 -9999.0 -9999.0 -9999.0 -9999.0 -9999.0 -9999.0 -9999.0 -9999.0 -9999.0 -9999.0 -9999.0 -9999.0 -9999.0 -9999.0 -9999.0 -9999.0 -9999.0 -9999.0 -9999.0 -9999.0 -9999.0 -9999.0 -9999.0 -9999.0 -9999.0 -9999.0 -9999.0 -9999.0 -9999.0 -9999.0 -9999.0 -9999.0 -9999.0 -9999.0 -9999.0 -9999.0 -9999.0 -9999.0 -9999.0 -9999.0 -9999.0 -9999.0 -9999.0 -9999.0 -9999.0 -9999.0 -9999.0 -9999.0 -9999.0 -9999.0 -9999.0 -9999.0 -9999.0 -9999.0 -9999.0 -9999.0 -9999.0 -9999.0 -9999.0
-9999.0 -9999.0 -9999.0 -9999.0 -9999.0 -9999.0 -9999.0 -9999.0 -9999.0 -9999.0 -9999.0 -9999.0 -9999.0 -9999.0 -9999.0 -9999.0 -9999.0 -9999.0 -9999.0 -9999.0 -9999.0 -9999.0 -9999.0 -9999.0 -9999.0 -9999.0 -9999.0 -9999.0 -9999.0 -9999.0 -9999.0 -9999.0 -9999.0 -9999.0 -9999.0 -9999.0 -9999.0 -9999.0 -9999.0 -9999.0 -9999.0 -9999.0 -9999.0 -9999.0 -9999.0 -9999.0 -9999.0 -9999.0 -9999.0 -9999.0 -9999.0 -9999.0 -9999.0 -9999.0 -9999.0 -9999.0 -9999.0 -9999.0 -9999.0 -9999.0 -9999.0 -9999.0 -9999.0 -9999.0 -9999.0 -9999.0 -9999.0 -9999.0 -9999.0 -9999.0 -9999.0 -9999.0 -9999.0 -9999.0 -9999.0 -9999.0 -9999.0 -9999.0 -9999.0 -9999.0 -9999.0 -9999.0 -9999.0 -9999.0 -9999.0 -9999.0 -9999.0 -9999.0 -9999.0 -9999.0 -9999.0 -9999.0 -9999.0 -9999.0 -9999.0 -9999.0 -9999.0 -9999.0 -9999.0 -9999.0 -9999.0 -9999.0 -9999.0 -9999.0