inst/processing_geotop_simulation/geotop_simulation/out/maps3D/PwL0004N0337.asc
ncols         104
nrows         10
xllcorner     -2.000000
yllcorner     0.000000
cellsize      1.000000
NODATA_value  -9999.0
-9999.0 -9999.0 -9999.0 -9999.0 -9999.0 -9999.0 -9999.0 -9999.0 -9999.0 -9999.0 -9999.0 -9999.0 -9999.0 -9999.0 -9999.0 -9999.0 -9999.0 -9999.0 -9999.0 -9999.0 -9999.0 -9999.0 -9999.0 -9999.0 -9999.0 -9999.0 -9999.0 -9999.0 -9999.0 -9999.0 -9999.0 -9999.0 -9999.0 -9999.0 -9999.0 -9999.0 -9999.0 -9999.0 -9999.0 -9999.0 -9999.0 -9999.0 -9999.0 -9999.0 -9999.0 -9999.0 -9999.0 -9999.0 -9999.0 -9999.0 -9999.0 -9999.0 -9999.0 -9999.0 -9999.0 -9999.0 -9999.0 -9999.0 -9999.0 -9999.0 -9999.0 -9999.0 -9999.0 -9999.0 -9999.0 -9999.0 -9999.0 -9999.0 -9999.0 -9999.0 -9999.0 -9999.0 -9999.0 -9999.0 -9999.0 -9999.0 -9999.0 -9999.0 -9999.0 -9999.0 -9999.0 -9999.0 -9999.0 -9999.0 -9999.0 -9999.0 -9999.0 -9999.0 -9999.0 -9999.0 -9999.0 -9999.0 -9999.0 -9999.0 -9999.0 -9999.0 -9999.0 -9999.0 -9999.0 -9999.0 -9999.0 -9999.0 -9999.0 -9999.0
-9999.0 -9999.0 -9999.0 -9999.0 -9999.0 -9999.0 -9999.0 -9999.0 -9999.0 -9999.0 -9999.0 -9999.0 -9999.0 -9999.0 -9999.0 -9999.0 -9999.0 -9999.0 -9999.0 -9999.0 -9999.0 -9999.0 -9999.0 -9999.0 -9999.0 -9999.0 -9999.0 -9999.0 -9999.0 -9999.0 -9999.0 -9999.0 -9999.0 -9999.0 -9999.0 -9999.0 -9999.0 -9999.0 -9999.0 -9999.0 -9999.0 -9999.0 -9999.0 -9999.0 -9999.0 -9999.0 -9999.0 -9999.0 -9999.0 -9999.0 -9999.0 -9999.0 -9999.0 -9999.0 -9999.0 -9999.0 -9999.0 -9999.0 -9999.0 -9999.0 -9999.0 -9999.0 -9999.0 -9999.0 -9999.0 -9999.0 -9999.0 -9999.0 -9999.0 -9999.0 -9999.0 -9999.0 -9999.0 -9999.0 -9999.0 -9999.0 -9999.0 -9999.0 -9999.0 -9999.0 -9999.0 -9999.0 -9999.0 -9999.0 -9999.0 -9999.0 -9999.0 -9999.0 -9999.0 -9999.0 -9999.0 -9999.0 -9999.0 -9999.0 -9999.0 -9999.0 -9999.0 -9999.0 -9999.0 -9999.0 -9999.0 -9999.0 -9999.0 -9999.0
-9999.0 -9999.0 175.637988 78.552845 -19.898989 -118.739732 -217.728951 -316.773859 -415.824674 -514.847664 -613.788767 -712.515527 -811.101439 -909.443420 -1007.659530 -1105.952489 -1203.602113 -1300.326150 -1395.507910 -1488.110088 -1576.179698 -1656.585758 -1726.092653 -1782.887772 -1827.085179 -1860.192604 -1884.300785 -1901.491814 -1913.554508 -1921.909495 -1927.634487 -1931.522565 -1934.144146 -1935.901935 -1937.076277 -1937.862333 -1938.405809 -1938.868100 -1939.649472 -1941.988763 -1946.076904 -1903.753929 -1178.362954 -1184.909966 -1172.226387 -1163.912902 -1160.012986 -1159.418143 -1159.354257 -1159.360314 -1159.376477 -1159.393882 -1159.410614 -1159.426112 -1159.440521 -1159.457496 -1159.511238 -1159.868593 -1161.949930 -1166.566950 -1172.784975 -1157.153705 -1878.950963 -1939.940912 -1940.556072 -1939.737435 -1939.532858 -1939.496154 -1939.490616 -1939.490292 -1939.490755 -1939.491246 -1939.491645 -1939.491955 -1939.492194 -1939.492381 -1939.492530 -1939.492652 -1939.492755 -1939.492848 -1939.492941 -1939.493044 -1939.493173 -1939.493352 -1939.493615 -1939.494018 -1939.494650 -1939.495662 -1939.497312 -1939.500057 -1939.504733 -1939.512922 -1939.527701 -1939.555180 -1939.607739 -1939.711157 -1939.921662 -1940.370678 -1941.392211 -1943.924201 -1950.997909 -1974.386527 -9999.0 -9999.0
-9999.0 -9999.0 175.647351 78.554762 -19.898502 -118.739590 -217.728905 -316.773844 -415.824669 -514.847662 -613.788766 -712.515527 -811.101438 -909.443420 -1007.659529 -1105.952489 -1203.602113 -1300.326150 -1395.507911 -1488.110088 -1576.179698 -1656.585759 -1726.092654 -1782.887772 -1827.085180 -1860.192604 -1884.300785 -1901.491814 -1913.554508 -1921.909495 -1927.634487 -1931.522565 -1934.144146 -1935.901935 -1937.076277 -1937.862333 -1938.405809 -1938.868100 -1939.649472 -1941.988763 -1946.076904 -1903.753929 -1178.362954 -1184.909966 -1172.226387 -1163.912902 -1160.012986 -1159.418143 -1159.354257 -1159.360314 -1159.376477 -1159.393882 -1159.410614 -1159.426112 -1159.440521 -1159.457496 -1159.511238 -1159.868593 -1161.949930 -1166.566950 -1172.784975 -1157.153705 -1878.950963 -1939.940912 -1940.556072 -1939.737435 -1939.532858 -1939.496154 -1939.490616 -1939.490292 -1939.490755 -1939.491246 -1939.491645 -1939.491955 -1939.492194 -1939.492381 -1939.492530 -1939.492652 -1939.492755 -1939.492848 -1939.492941 -1939.493044 -1939.493173 -1939.493352 -1939.493615 -1939.494018 -1939.494650 -1939.495662 -1939.497312 -1939.500057 -1939.504733 -1939.512922 -1939.527701 -1939.555180 -1939.607739 -1939.711157 -1939.921662 -1940.370678 -1941.392211 -1943.924201 -1950.997909 -1974.386527 -9999.0 -9999.0
-9999.0 -9999.0 175.648670 78.555543 -19.898193 -118.739478 -217.728866 -316.773829 -415.824663 -514.847660 -613.788765 -712.515526 -811.101438 -909.443420 -1007.659530 -1105.952489 -1203.602113 -1300.326150 -1395.507911 -1488.110088 -1576.179699 -1656.585759 -1726.092654 -1782.887772 -1827.085180 -1860.192604 -1884.300785 -1901.491814 -1913.554508 -1921.909495 -1927.634487 -1931.522565 -1934.144146 -1935.901935 -1937.076277 -1937.862333 -1938.405809 -1938.868100 -1939.649472 -1941.988763 -1946.076904 -1903.753929 -1178.362954 -1184.909966 -1172.226387 -1163.912902 -1160.012986 -1159.418143 -1159.354257 -1159.360314 -1159.376477 -1159.393882 -1159.410614 -1159.426112 -1159.440521 -1159.457496 -1159.511238 -1159.868593 -1161.949930 -1166.566950 -1172.784975 -1157.153705 -1878.950963 -1939.940912 -1940.556072 -1939.737435 -1939.532858 -1939.496154 -1939.490616 -1939.490292 -1939.490755 -1939.491246 -1939.491645 -1939.491955 -1939.492194 -1939.492381 -1939.492530 -1939.492652 -1939.492755 -1939.492848 -1939.492941 -1939.493044 -1939.493173 -1939.493352 -1939.493615 -1939.494018 -1939.494650 -1939.495662 -1939.497312 -1939.500057 -1939.504733 -1939.512922 -1939.527701 -1939.555180 -1939.607739 -1939.711157 -1939.921662 -1940.370678 -1941.392211 -1943.924201 -1950.997909 -1974.386527 -9999.0 -9999.0
-9999.0 -9999.0 175.648670 78.555543 -19.898193 -118.739478 -217.728866 -316.773829 -415.824663 -514.847660 -613.788765 -712.515526 -811.101438 -909.443420 -1007.659529 -1105.952489 -1203.602113 -1300.326150 -1395.507911 -1488.110088 -1576.179699 -1656.585759 -1726.092654 -1782.887772 -1827.085180 -1860.192604 -1884.300785 -1901.491814 -1913.554508 -1921.909495 -1927.634487 -1931.522565 -1934.144146 -1935.901935 -1937.076277 -1937.862333 -1938.405809 -1938.868100 -1939.649472 -1941.988763 -1946.076904 -1903.753929 -1178.362954 -1184.909966 -1172.226387 -1163.912902 -1160.012986 -1159.418143 -1159.354257 -1159.360314 -1159.376477 -1159.393882 -1159.410614 -1159.426112 -1159.440521 -1159.457496 -1159.511238 -1159.868593 -1161.949930 -1166.566950 -1172.784975 -1157.153705 -1878.950963 -1939.940912 -1940.556072 -1939.737435 -1939.532858 -1939.496154 -1939.490616 -1939.490292 -1939.490755 -1939.491246 -1939.491645 -1939.491955 -1939.492194 -1939.492381 -1939.492530 -1939.492652 -1939.492755 -1939.492848 -1939.492941 -1939.493044 -1939.493173 -1939.493352 -1939.493615 -1939.494018 -1939.494650 -1939.495662 -1939.497312 -1939.500057 -1939.504733 -1939.512922 -1939.527701 -1939.555180 -1939.607739 -1939.711157 -1939.921662 -1940.370678 -1941.392211 -1943.924201 -1950.997909 -1974.386527 -9999.0 -9999.0
-9999.0 -9999.0 175.647351 78.554762 -19.898502 -118.739590 -217.728905 -316.773844 -415.824669 -514.847662 -613.788766 -712.515527 -811.101438 -909.443420 -1007.659530 -1105.952489 -1203.602113 -1300.326150 -1395.507911 -1488.110088 -1576.179698 -1656.585759 -1726.092654 -1782.887772 -1827.085180 -1860.192604 -1884.300785 -1901.491814 -1913.554508 -1921.909495 -1927.634487 -1931.522565 -1934.144146 -1935.901935 -1937.076277 -1937.862333 -1938.405809 -1938.868100 -1939.649472 -1941.988763 -1946.076904 -1903.753929 -1178.362954 -1184.909966 -1172.226387 -1163.912902 -1160.012986 -1159.418143 -1159.354257 -1159.360314 -1159.376477 -1159.393882 -1159.410614 -1159.426112 -1159.440521 -1159.457496 -1159.511238 -1159.868593 -1161.949930 -1166.566950 -1172.784975 -1157.153705 -1878.950963 -1939.940912 -1940.556072 -1939.737435 -1939.532858 -1939.496154 -1939.490616 -1939.490292 -1939.490755 -1939.491246 -1939.491645 -1939.491955 -1939.492194 -1939.492381 -1939.492530 -1939.492652 -1939.492755 -1939.492848 -1939.492941 -1939.493044 -1939.493173 -1939.493352 -1939.493615 -1939.494018 -1939.494650 -1939.495662 -1939.497312 -1939.500057 -1939.504733 -1939.512922 -1939.527701 -1939.555180 -1939.607739 -1939.711157 -1939.921662 -1940.370678 -1941.392211 -1943.924201 -1950.997909 -1974.386527 -9999.0 -9999.0
-9999.0 -9999.0 175.637988 78.552845 -19.898989 -118.739732 -217.728951 -316.773859 -415.824674 -514.847664 -613.788767 -712.515527 -811.101439 -909.443420 -1007.659529 -1105.952489 -1203.602112 -1300.326150 -1395.507910 -1488.110088 -1576.179698 -1656.585758 -1726.092653 -1782.887772 -1827.085179 -1860.192604 -1884.300785 -1901.491814 -1913.554508 -1921.909495 -1927.634487 -1931.522565 -1934.144146 -1935.901935 -1937.076277 -1937.862333 -1938.405809 -1938.868100 -1939.649472 -1941.988763 -1946.076904 -1903.753929 -1178.362954 -1184.909966 -1172.226387 -1163.912902 -1160.012986 -1159.418143 -1159.354257 -1159.360314 -1159.376477 -1159.393882 -1159.410614 -1159.426112 -1159.440521 -1159.457496 -1159.511238 -1159.868593 -1161.949930 -1166.566950 -1172.784975 -1157.153705 -1878.950963 -1939.940912 -1940.556072 -1939.737435 -1939.532858 -1939.496154 -1939.490616 -1939.490292 -1939.490755 -1939.491246 -1939.491645 -1939.491955 -1939.492194 -1939.492381 -1939.492530 -1939.492652 -1939.492755 -1939.492848 -1939.492941 -1939.493044 -1939.493173 -1939.493352 -1939.493615 -1939.494018 -1939.494650 -1939.495662 -1939.497312 -1939.500057 -1939.504733 -1939.512922 -1939.527701 -1939.555180 -1939.607739 -1939.711157 -1939.921662 -1940.370678 -1941.392211 -1943.924201 -1950.997909 -1974.386527 -9999.0 -9999.0
-9999.0 -9999.0 -9999.0 -9999.0 -9999.0 -9999.0 -9999.0 -9999.0 -9999.0 -9999.0 -9999.0 -9999.0 -9999.0 -9999.0 -9999.0 -9999.0 -9999.0 -9999.0 -9999.0 -9999.0 -9999.0 -9999.0 -9999.0 -9999.0 -9999.0 -9999.0 -9999.0 -9999.0 -9999.0 -9999.0 -9999.0 -9999.0 -9999.0 -9999.0 -9999.0 -9999.0 -9999.0 -9999.0 -9999.0 -9999.0 -9999.0 -9999.0 -9999.0 -9999.0 -9999.0 -9999.0 -9999.0 -9999.0 -9999.0 -9999.0 -9999.0 -9999.0 -9999.0 -9999.0 -9999.0 -9999.0 -9999.0 -9999.0 -9999.0 -9999.0 -9999.0 -9999.0 -9999.0 -9999.0 -9999.0 -9999.0 -9999.0 -9999.0 -9999.0 -9999.0 -9999.0 -9999.0 -9999.0 -9999.0 -9999.0 -9999.0 -9999.0 -9999.0 -9999.0 -9999.0 -9999.0 -9999.0 -9999.0 -9999.0 -9999.0 -9999.0 -9999.0 -9999.0 -9999.0 -9999.0 -9999.0 -9999.0 -9999.0 -9999.0 -9999.0 -9999.0 -9999.0 -9999.0 -9999.0 -9999.0 -9999.0 -9999.0 -9999.0 -9999.0
-9999.0 -9999.0 -9999.0 -9999.0 -9999.0 -9999.0 -9999.0 -9999.0 -9999.0 -9999.0 -9999.0 -9999.0 -9999.0 -9999.0 -9999.0 -9999.0 -9999.0 -9999.0 -9999.0 -9999.0 -9999.0 -9999.0 -9999.0 -9999.0 -9999.0 -9999.0 -9999.0 -9999.0 -9999.0 -9999.0 -9999.0 -9999.0 -9999.0 -9999.0 -9999.0 -9999.0 -9999.0 -9999.0 -9999.0 -9999.0 -9999.0 -9999.0 -9999.0 -9999.0 -9999.0 -9999.0 -9999.0 -9999.0 -9999.0 -9999.0 -9999.0 -9999.0 -9999.0 -9999.0 -9999.0 -9999.0 -9999.0 -9999.0 -9999.0 -9999.0 -9999.0 -9999.0 -9999.0 -9999.0 -9999.0 -9999.0 -9999.0 -9999.0 -9999.0 -9999.0 -9999.0 -9999.0 -9999.0 -9999.0 -9999.0 -9999.0 -9999.0 -9999.0 -9999.0 -9999.0 -9999.0 -9999.0 -9999.0 -9999.0 -9999.0 -9999.0 -9999.0 -9999.0 -9999.0 -9999.0 -9999.0 -9999.0 -9999.0 -9999.0 -9999.0 -9999.0 -9999.0 -9999.0 -9999.0 -9999.0 -9999.0 -9999.0 -9999.0 -9999.0