inst/processing_geotop_simulation/geotop_simulation/out/maps3D/PwL0011N0049.asc
ncols         104
nrows         10
xllcorner     -2.000000
yllcorner     0.000000
cellsize      1.000000
NODATA_value  -9999.0
-9999.0 -9999.0 -9999.0 -9999.0 -9999.0 -9999.0 -9999.0 -9999.0 -9999.0 -9999.0 -9999.0 -9999.0 -9999.0 -9999.0 -9999.0 -9999.0 -9999.0 -9999.0 -9999.0 -9999.0 -9999.0 -9999.0 -9999.0 -9999.0 -9999.0 -9999.0 -9999.0 -9999.0 -9999.0 -9999.0 -9999.0 -9999.0 -9999.0 -9999.0 -9999.0 -9999.0 -9999.0 -9999.0 -9999.0 -9999.0 -9999.0 -9999.0 -9999.0 -9999.0 -9999.0 -9999.0 -9999.0 -9999.0 -9999.0 -9999.0 -9999.0 -9999.0 -9999.0 -9999.0 -9999.0 -9999.0 -9999.0 -9999.0 -9999.0 -9999.0 -9999.0 -9999.0 -9999.0 -9999.0 -9999.0 -9999.0 -9999.0 -9999.0 -9999.0 -9999.0 -9999.0 -9999.0 -9999.0 -9999.0 -9999.0 -9999.0 -9999.0 -9999.0 -9999.0 -9999.0 -9999.0 -9999.0 -9999.0 -9999.0 -9999.0 -9999.0 -9999.0 -9999.0 -9999.0 -9999.0 -9999.0 -9999.0 -9999.0 -9999.0 -9999.0 -9999.0 -9999.0 -9999.0 -9999.0 -9999.0 -9999.0 -9999.0 -9999.0 -9999.0
-9999.0 -9999.0 -9999.0 -9999.0 -9999.0 -9999.0 -9999.0 -9999.0 -9999.0 -9999.0 -9999.0 -9999.0 -9999.0 -9999.0 -9999.0 -9999.0 -9999.0 -9999.0 -9999.0 -9999.0 -9999.0 -9999.0 -9999.0 -9999.0 -9999.0 -9999.0 -9999.0 -9999.0 -9999.0 -9999.0 -9999.0 -9999.0 -9999.0 -9999.0 -9999.0 -9999.0 -9999.0 -9999.0 -9999.0 -9999.0 -9999.0 -9999.0 -9999.0 -9999.0 -9999.0 -9999.0 -9999.0 -9999.0 -9999.0 -9999.0 -9999.0 -9999.0 -9999.0 -9999.0 -9999.0 -9999.0 -9999.0 -9999.0 -9999.0 -9999.0 -9999.0 -9999.0 -9999.0 -9999.0 -9999.0 -9999.0 -9999.0 -9999.0 -9999.0 -9999.0 -9999.0 -9999.0 -9999.0 -9999.0 -9999.0 -9999.0 -9999.0 -9999.0 -9999.0 -9999.0 -9999.0 -9999.0 -9999.0 -9999.0 -9999.0 -9999.0 -9999.0 -9999.0 -9999.0 -9999.0 -9999.0 -9999.0 -9999.0 -9999.0 -9999.0 -9999.0 -9999.0 -9999.0 -9999.0 -9999.0 -9999.0 -9999.0 -9999.0 -9999.0
-9999.0 -9999.0 -768.340692 -809.472349 -828.177613 -838.131346 -843.810897 -847.035705 -848.672345 -847.075801 -830.888146 -807.516852 -783.925245 -758.055908 -733.071665 -736.966946 -761.389494 -783.615546 -806.636295 -802.816066 -780.197827 -770.081656 -769.042651 -774.043142 -782.758944 -793.415201 -804.587685 -815.161593 -824.384808 -831.895044 -837.658575 -841.861841 -844.798050 -846.774962 -848.061240 -848.868082 -849.368365 -849.774838 -850.241443 -850.229597 -852.581741 -903.785021 -2323.546043 -4428.962701 -4430.692750 -4430.692283 -4430.691822 -4430.691753 -4430.691746 -4430.691746 -4430.691746 -4430.691747 -4430.691748 -4430.691749 -4430.691749 -4430.691750 -4430.691755 -4430.691789 -4430.692046 -4430.692416 -4428.007702 -2227.411919 -887.811596 -853.785847 -851.126599 -850.538912 -850.404556 -850.381880 -850.383028 -850.388220 -850.393173 -850.397110 -850.400087 -850.402330 -850.404040 -850.405366 -850.406416 -850.407261 -850.407957 -850.408562 -850.409138 -850.409759 -850.410521 -850.411559 -850.413077 -850.415392 -850.419008 -850.424748 -850.433976 -850.449016 -850.473954 -850.516229 -850.589871 -850.722153 -850.967155 -851.432827 -852.333753 -854.094264 -857.568960 -864.624025 -879.894658 -914.759066 -9999.0 -9999.0
-9999.0 -9999.0 -768.340639 -809.472281 -828.177561 -838.131321 -843.810890 -847.035705 -848.672347 -847.075802 -830.888146 -807.516852 -783.925245 -758.055908 -733.071665 -736.966946 -761.389494 -783.615546 -806.636295 -802.816066 -780.197827 -770.081656 -769.042651 -774.043142 -782.758944 -793.415201 -804.587685 -815.161593 -824.384808 -831.895044 -837.658575 -841.861841 -844.798050 -846.774962 -848.061240 -848.868082 -849.368365 -849.774838 -850.241443 -850.229597 -852.581741 -903.785021 -2323.546042 -4428.962701 -4430.692750 -4430.692283 -4430.691822 -4430.691753 -4430.691746 -4430.691746 -4430.691746 -4430.691747 -4430.691748 -4430.691749 -4430.691749 -4430.691750 -4430.691755 -4430.691789 -4430.692046 -4430.692416 -4428.007702 -2227.411919 -887.811596 -853.785847 -851.126599 -850.538912 -850.404556 -850.381880 -850.383028 -850.388220 -850.393173 -850.397110 -850.400087 -850.402330 -850.404040 -850.405366 -850.406416 -850.407261 -850.407957 -850.408562 -850.409138 -850.409759 -850.410521 -850.411559 -850.413077 -850.415392 -850.419008 -850.424748 -850.433976 -850.449016 -850.473954 -850.516229 -850.589871 -850.722153 -850.967155 -851.432827 -852.333753 -854.094264 -857.568960 -864.624025 -879.894658 -914.759066 -9999.0 -9999.0
-9999.0 -9999.0 -768.340612 -809.472241 -828.177526 -838.131303 -843.810885 -847.035705 -848.672348 -847.075804 -830.888146 -807.516852 -783.925245 -758.055908 -733.071665 -736.966946 -761.389494 -783.615546 -806.636295 -802.816066 -780.197827 -770.081656 -769.042651 -774.043142 -782.758944 -793.415201 -804.587685 -815.161593 -824.384808 -831.895044 -837.658575 -841.861841 -844.798050 -846.774962 -848.061240 -848.868082 -849.368365 -849.774838 -850.241443 -850.229597 -852.581741 -903.785021 -2323.546042 -4428.962701 -4430.692750 -4430.692283 -4430.691822 -4430.691753 -4430.691746 -4430.691746 -4430.691746 -4430.691747 -4430.691748 -4430.691749 -4430.691749 -4430.691750 -4430.691755 -4430.691789 -4430.692046 -4430.692416 -4428.007702 -2227.411919 -887.811596 -853.785847 -851.126599 -850.538912 -850.404556 -850.381880 -850.383028 -850.388220 -850.393173 -850.397110 -850.400087 -850.402330 -850.404040 -850.405366 -850.406416 -850.407261 -850.407957 -850.408562 -850.409138 -850.409759 -850.410521 -850.411559 -850.413077 -850.415392 -850.419008 -850.424748 -850.433976 -850.449016 -850.473954 -850.516229 -850.589871 -850.722153 -850.967155 -851.432827 -852.333753 -854.094264 -857.568960 -864.624025 -879.894658 -914.759066 -9999.0 -9999.0
-9999.0 -9999.0 -768.340612 -809.472242 -828.177526 -838.131303 -843.810885 -847.035705 -848.672348 -847.075804 -830.888146 -807.516852 -783.925245 -758.055908 -733.071665 -736.966946 -761.389494 -783.615546 -806.636295 -802.816066 -780.197827 -770.081656 -769.042651 -774.043142 -782.758944 -793.415201 -804.587685 -815.161593 -824.384808 -831.895044 -837.658575 -841.861841 -844.798050 -846.774962 -848.061240 -848.868082 -849.368365 -849.774838 -850.241443 -850.229597 -852.581741 -903.785021 -2323.546042 -4428.962701 -4430.692750 -4430.692283 -4430.691822 -4430.691753 -4430.691746 -4430.691746 -4430.691746 -4430.691747 -4430.691748 -4430.691749 -4430.691749 -4430.691750 -4430.691755 -4430.691789 -4430.692046 -4430.692416 -4428.007702 -2227.411919 -887.811596 -853.785847 -851.126599 -850.538912 -850.404556 -850.381880 -850.383028 -850.388220 -850.393173 -850.397110 -850.400087 -850.402330 -850.404040 -850.405366 -850.406416 -850.407261 -850.407957 -850.408562 -850.409138 -850.409759 -850.410521 -850.411559 -850.413077 -850.415392 -850.419008 -850.424748 -850.433976 -850.449016 -850.473954 -850.516229 -850.589871 -850.722153 -850.967155 -851.432827 -852.333753 -854.094264 -857.568960 -864.624025 -879.894658 -914.759066 -9999.0 -9999.0
-9999.0 -9999.0 -768.340639 -809.472280 -828.177561 -838.131321 -843.810890 -847.035705 -848.672347 -847.075802 -830.888146 -807.516852 -783.925245 -758.055908 -733.071665 -736.966946 -761.389494 -783.615546 -806.636295 -802.816066 -780.197827 -770.081656 -769.042651 -774.043142 -782.758944 -793.415201 -804.587685 -815.161593 -824.384808 -831.895044 -837.658575 -841.861841 -844.798050 -846.774962 -848.061240 -848.868082 -849.368365 -849.774838 -850.241443 -850.229597 -852.581741 -903.785021 -2323.546042 -4428.962701 -4430.692750 -4430.692283 -4430.691822 -4430.691753 -4430.691746 -4430.691746 -4430.691746 -4430.691747 -4430.691748 -4430.691749 -4430.691749 -4430.691750 -4430.691755 -4430.691789 -4430.692046 -4430.692416 -4428.007702 -2227.411919 -887.811596 -853.785847 -851.126599 -850.538912 -850.404556 -850.381880 -850.383028 -850.388220 -850.393173 -850.397110 -850.400087 -850.402330 -850.404040 -850.405366 -850.406416 -850.407261 -850.407957 -850.408562 -850.409138 -850.409759 -850.410521 -850.411559 -850.413077 -850.415392 -850.419008 -850.424748 -850.433976 -850.449016 -850.473954 -850.516229 -850.589871 -850.722153 -850.967155 -851.432827 -852.333753 -854.094264 -857.568960 -864.624025 -879.894658 -914.759066 -9999.0 -9999.0
-9999.0 -9999.0 -768.340692 -809.472349 -828.177613 -838.131346 -843.810897 -847.035705 -848.672345 -847.075801 -830.888146 -807.516852 -783.925245 -758.055908 -733.071665 -736.966946 -761.389494 -783.615546 -806.636295 -802.816066 -780.197827 -770.081656 -769.042651 -774.043142 -782.758944 -793.415201 -804.587685 -815.161593 -824.384808 -831.895044 -837.658575 -841.861841 -844.798050 -846.774962 -848.061240 -848.868082 -849.368365 -849.774838 -850.241443 -850.229597 -852.581741 -903.785021 -2323.546043 -4428.962701 -4430.692750 -4430.692283 -4430.691822 -4430.691753 -4430.691746 -4430.691746 -4430.691746 -4430.691747 -4430.691748 -4430.691749 -4430.691749 -4430.691750 -4430.691755 -4430.691789 -4430.692046 -4430.692416 -4428.007702 -2227.411919 -887.811596 -853.785847 -851.126599 -850.538912 -850.404556 -850.381880 -850.383028 -850.388220 -850.393173 -850.397110 -850.400087 -850.402330 -850.404040 -850.405366 -850.406416 -850.407261 -850.407957 -850.408562 -850.409138 -850.409759 -850.410521 -850.411559 -850.413077 -850.415392 -850.419008 -850.424748 -850.433976 -850.449016 -850.473954 -850.516229 -850.589871 -850.722153 -850.967155 -851.432827 -852.333753 -854.094264 -857.568960 -864.624025 -879.894658 -914.759066 -9999.0 -9999.0
-9999.0 -9999.0 -9999.0 -9999.0 -9999.0 -9999.0 -9999.0 -9999.0 -9999.0 -9999.0 -9999.0 -9999.0 -9999.0 -9999.0 -9999.0 -9999.0 -9999.0 -9999.0 -9999.0 -9999.0 -9999.0 -9999.0 -9999.0 -9999.0 -9999.0 -9999.0 -9999.0 -9999.0 -9999.0 -9999.0 -9999.0 -9999.0 -9999.0 -9999.0 -9999.0 -9999.0 -9999.0 -9999.0 -9999.0 -9999.0 -9999.0 -9999.0 -9999.0 -9999.0 -9999.0 -9999.0 -9999.0 -9999.0 -9999.0 -9999.0 -9999.0 -9999.0 -9999.0 -9999.0 -9999.0 -9999.0 -9999.0 -9999.0 -9999.0 -9999.0 -9999.0 -9999.0 -9999.0 -9999.0 -9999.0 -9999.0 -9999.0 -9999.0 -9999.0 -9999.0 -9999.0 -9999.0 -9999.0 -9999.0 -9999.0 -9999.0 -9999.0 -9999.0 -9999.0 -9999.0 -9999.0 -9999.0 -9999.0 -9999.0 -9999.0 -9999.0 -9999.0 -9999.0 -9999.0 -9999.0 -9999.0 -9999.0 -9999.0 -9999.0 -9999.0 -9999.0 -9999.0 -9999.0 -9999.0 -9999.0 -9999.0 -9999.0 -9999.0 -9999.0
-9999.0 -9999.0 -9999.0 -9999.0 -9999.0 -9999.0 -9999.0 -9999.0 -9999.0 -9999.0 -9999.0 -9999.0 -9999.0 -9999.0 -9999.0 -9999.0 -9999.0 -9999.0 -9999.0 -9999.0 -9999.0 -9999.0 -9999.0 -9999.0 -9999.0 -9999.0 -9999.0 -9999.0 -9999.0 -9999.0 -9999.0 -9999.0 -9999.0 -9999.0 -9999.0 -9999.0 -9999.0 -9999.0 -9999.0 -9999.0 -9999.0 -9999.0 -9999.0 -9999.0 -9999.0 -9999.0 -9999.0 -9999.0 -9999.0 -9999.0 -9999.0 -9999.0 -9999.0 -9999.0 -9999.0 -9999.0 -9999.0 -9999.0 -9999.0 -9999.0 -9999.0 -9999.0 -9999.0 -9999.0 -9999.0 -9999.0 -9999.0 -9999.0 -9999.0 -9999.0 -9999.0 -9999.0 -9999.0 -9999.0 -9999.0 -9999.0 -9999.0 -9999.0 -9999.0 -9999.0 -9999.0 -9999.0 -9999.0 -9999.0 -9999.0 -9999.0 -9999.0 -9999.0 -9999.0 -9999.0 -9999.0 -9999.0 -9999.0 -9999.0 -9999.0 -9999.0 -9999.0 -9999.0 -9999.0 -9999.0 -9999.0 -9999.0 -9999.0 -9999.0