inst/processing_geotop_simulation/geotop_simulation/out/maps3D/PwL0021N0305.asc
ncols         104
nrows         10
xllcorner     -2.000000
yllcorner     0.000000
cellsize      1.000000
NODATA_value  -9999.0
-9999.0 -9999.0 -9999.0 -9999.0 -9999.0 -9999.0 -9999.0 -9999.0 -9999.0 -9999.0 -9999.0 -9999.0 -9999.0 -9999.0 -9999.0 -9999.0 -9999.0 -9999.0 -9999.0 -9999.0 -9999.0 -9999.0 -9999.0 -9999.0 -9999.0 -9999.0 -9999.0 -9999.0 -9999.0 -9999.0 -9999.0 -9999.0 -9999.0 -9999.0 -9999.0 -9999.0 -9999.0 -9999.0 -9999.0 -9999.0 -9999.0 -9999.0 -9999.0 -9999.0 -9999.0 -9999.0 -9999.0 -9999.0 -9999.0 -9999.0 -9999.0 -9999.0 -9999.0 -9999.0 -9999.0 -9999.0 -9999.0 -9999.0 -9999.0 -9999.0 -9999.0 -9999.0 -9999.0 -9999.0 -9999.0 -9999.0 -9999.0 -9999.0 -9999.0 -9999.0 -9999.0 -9999.0 -9999.0 -9999.0 -9999.0 -9999.0 -9999.0 -9999.0 -9999.0 -9999.0 -9999.0 -9999.0 -9999.0 -9999.0 -9999.0 -9999.0 -9999.0 -9999.0 -9999.0 -9999.0 -9999.0 -9999.0 -9999.0 -9999.0 -9999.0 -9999.0 -9999.0 -9999.0 -9999.0 -9999.0 -9999.0 -9999.0 -9999.0 -9999.0
-9999.0 -9999.0 -9999.0 -9999.0 -9999.0 -9999.0 -9999.0 -9999.0 -9999.0 -9999.0 -9999.0 -9999.0 -9999.0 -9999.0 -9999.0 -9999.0 -9999.0 -9999.0 -9999.0 -9999.0 -9999.0 -9999.0 -9999.0 -9999.0 -9999.0 -9999.0 -9999.0 -9999.0 -9999.0 -9999.0 -9999.0 -9999.0 -9999.0 -9999.0 -9999.0 -9999.0 -9999.0 -9999.0 -9999.0 -9999.0 -9999.0 -9999.0 -9999.0 -9999.0 -9999.0 -9999.0 -9999.0 -9999.0 -9999.0 -9999.0 -9999.0 -9999.0 -9999.0 -9999.0 -9999.0 -9999.0 -9999.0 -9999.0 -9999.0 -9999.0 -9999.0 -9999.0 -9999.0 -9999.0 -9999.0 -9999.0 -9999.0 -9999.0 -9999.0 -9999.0 -9999.0 -9999.0 -9999.0 -9999.0 -9999.0 -9999.0 -9999.0 -9999.0 -9999.0 -9999.0 -9999.0 -9999.0 -9999.0 -9999.0 -9999.0 -9999.0 -9999.0 -9999.0 -9999.0 -9999.0 -9999.0 -9999.0 -9999.0 -9999.0 -9999.0 -9999.0 -9999.0 -9999.0 -9999.0 -9999.0 -9999.0 -9999.0 -9999.0 -9999.0
-9999.0 -9999.0 1020.342471 921.853267 823.293968 724.558344 625.721150 526.838043 427.940870 329.047335 230.167421 131.306910 32.469804 -66.336349 -165.109753 -263.829752 -362.449040 -460.874144 -558.933839 -656.328863 -753.281509 -850.136561 -946.212463 -1041.237911 -1130.593696 -1209.017400 -1277.595057 -1335.249195 -1381.865076 -1418.211371 -1445.657731 -1465.832637 -1480.342110 -1490.599142 -1497.755467 -1502.703825 -1506.125400 -1508.600484 -1510.947192 -1515.348395 -1528.610254 -1573.917921 -1703.051770 -3011.430665 -3925.928998 -3924.406852 -3743.956930 -3276.976776 -2908.251035 -2668.381607 -2500.356484 -2360.585065 -2275.475843 -2220.391520 -2169.196381 -2115.582844 -2057.742952 -1996.523108 -1933.972312 -1871.325593 -1797.128872 -1459.177115 -1531.160111 -1520.311073 -1515.152730 -1513.749776 -1513.462605 -1513.412474 -1513.404806 -1513.404184 -1513.404640 -1513.405174 -1513.405628 -1513.405996 -1513.406294 -1513.406542 -1513.406753 -1513.406937 -1513.407104 -1513.407263 -1513.407422 -1513.407594 -1513.407795 -1513.408047 -1513.408387 -1513.408871 -1513.409592 -1513.410703 -1513.412470 -1513.415365 -1513.420259 -1513.428806 -1513.444243 -1513.473060 -1513.528647 -1513.639749 -1513.871796 -1514.384277 -1515.591143 -1518.633577 -1526.958884 -1552.673001 -9999.0 -9999.0
-9999.0 -9999.0 1020.345179 921.854341 823.294330 724.558464 625.721191 526.838057 427.940875 329.047337 230.167422 131.306911 32.469804 -66.336349 -165.109753 -263.829752 -362.449041 -460.874145 -558.933840 -656.328863 -753.281509 -850.136561 -946.212463 -1041.237911 -1130.593696 -1209.017400 -1277.595057 -1335.249196 -1381.865076 -1418.211371 -1445.657731 -1465.832637 -1480.342110 -1490.599142 -1497.755467 -1502.703825 -1506.125400 -1508.600484 -1510.947192 -1515.348395 -1528.610254 -1573.917921 -1703.051770 -3011.430663 -3925.928998 -3924.406852 -3743.956929 -3276.976775 -2908.251034 -2668.381605 -2500.356482 -2360.585064 -2275.475843 -2220.391520 -2169.196381 -2115.582844 -2057.742952 -1996.523108 -1933.972312 -1871.325593 -1797.128872 -1459.177115 -1531.160111 -1520.311073 -1515.152730 -1513.749776 -1513.462605 -1513.412474 -1513.404806 -1513.404184 -1513.404640 -1513.405174 -1513.405628 -1513.405996 -1513.406294 -1513.406542 -1513.406753 -1513.406937 -1513.407104 -1513.407263 -1513.407422 -1513.407594 -1513.407795 -1513.408047 -1513.408387 -1513.408871 -1513.409592 -1513.410703 -1513.412470 -1513.415365 -1513.420259 -1513.428806 -1513.444243 -1513.473060 -1513.528647 -1513.639749 -1513.871796 -1514.384277 -1515.591143 -1518.633577 -1526.958884 -1552.673001 -9999.0 -9999.0
-9999.0 -9999.0 1020.346274 921.854935 823.294583 724.558561 625.721227 526.838070 427.940880 329.047339 230.167423 131.306911 32.469804 -66.336349 -165.109753 -263.829752 -362.449041 -460.874145 -558.933840 -656.328863 -753.281509 -850.136561 -946.212463 -1041.237911 -1130.593696 -1209.017401 -1277.595057 -1335.249196 -1381.865076 -1418.211371 -1445.657731 -1465.832637 -1480.342110 -1490.599142 -1497.755467 -1502.703825 -1506.125400 -1508.600484 -1510.947192 -1515.348395 -1528.610254 -1573.917921 -1703.051770 -3011.430663 -3925.928998 -3924.406852 -3743.956929 -3276.976774 -2908.251034 -2668.381604 -2500.356481 -2360.585064 -2275.475843 -2220.391520 -2169.196381 -2115.582844 -2057.742952 -1996.523108 -1933.972312 -1871.325593 -1797.128872 -1459.177115 -1531.160111 -1520.311073 -1515.152730 -1513.749776 -1513.462605 -1513.412474 -1513.404806 -1513.404184 -1513.404640 -1513.405174 -1513.405628 -1513.405996 -1513.406294 -1513.406542 -1513.406753 -1513.406937 -1513.407104 -1513.407263 -1513.407422 -1513.407594 -1513.407795 -1513.408047 -1513.408387 -1513.408871 -1513.409592 -1513.410703 -1513.412470 -1513.415365 -1513.420259 -1513.428806 -1513.444243 -1513.473060 -1513.528647 -1513.639749 -1513.871796 -1514.384277 -1515.591143 -1518.633577 -1526.958884 -1552.673001 -9999.0 -9999.0
-9999.0 -9999.0 1020.346274 921.854935 823.294583 724.558561 625.721227 526.838070 427.940880 329.047339 230.167423 131.306911 32.469804 -66.336349 -165.109753 -263.829752 -362.449041 -460.874145 -558.933840 -656.328863 -753.281509 -850.136561 -946.212463 -1041.237911 -1130.593696 -1209.017401 -1277.595057 -1335.249196 -1381.865076 -1418.211371 -1445.657731 -1465.832637 -1480.342110 -1490.599142 -1497.755467 -1502.703825 -1506.125400 -1508.600484 -1510.947192 -1515.348395 -1528.610254 -1573.917921 -1703.051770 -3011.430663 -3925.928998 -3924.406852 -3743.956929 -3276.976774 -2908.251034 -2668.381605 -2500.356481 -2360.585064 -2275.475843 -2220.391520 -2169.196380 -2115.582844 -2057.742952 -1996.523108 -1933.972312 -1871.325593 -1797.128872 -1459.177115 -1531.160111 -1520.311073 -1515.152730 -1513.749776 -1513.462605 -1513.412474 -1513.404806 -1513.404184 -1513.404640 -1513.405174 -1513.405628 -1513.405996 -1513.406294 -1513.406542 -1513.406753 -1513.406937 -1513.407104 -1513.407263 -1513.407422 -1513.407594 -1513.407795 -1513.408047 -1513.408387 -1513.408871 -1513.409592 -1513.410703 -1513.412470 -1513.415365 -1513.420259 -1513.428806 -1513.444243 -1513.473060 -1513.528647 -1513.639749 -1513.871796 -1514.384277 -1515.591143 -1518.633577 -1526.958884 -1552.673001 -9999.0 -9999.0
-9999.0 -9999.0 1020.345179 921.854341 823.294330 724.558464 625.721191 526.838057 427.940875 329.047337 230.167422 131.306911 32.469804 -66.336349 -165.109753 -263.829752 -362.449041 -460.874145 -558.933840 -656.328863 -753.281509 -850.136561 -946.212463 -1041.237911 -1130.593696 -1209.017400 -1277.595057 -1335.249196 -1381.865076 -1418.211371 -1445.657731 -1465.832637 -1480.342110 -1490.599142 -1497.755467 -1502.703825 -1506.125400 -1508.600484 -1510.947192 -1515.348395 -1528.610254 -1573.917921 -1703.051770 -3011.430663 -3925.928998 -3924.406852 -3743.956929 -3276.976775 -2908.251034 -2668.381605 -2500.356482 -2360.585064 -2275.475843 -2220.391520 -2169.196381 -2115.582844 -2057.742952 -1996.523108 -1933.972312 -1871.325593 -1797.128872 -1459.177115 -1531.160111 -1520.311073 -1515.152730 -1513.749776 -1513.462605 -1513.412474 -1513.404806 -1513.404184 -1513.404640 -1513.405174 -1513.405628 -1513.405996 -1513.406294 -1513.406542 -1513.406753 -1513.406937 -1513.407104 -1513.407263 -1513.407422 -1513.407594 -1513.407795 -1513.408047 -1513.408387 -1513.408871 -1513.409592 -1513.410703 -1513.412470 -1513.415365 -1513.420259 -1513.428806 -1513.444243 -1513.473060 -1513.528647 -1513.639749 -1513.871796 -1514.384277 -1515.591143 -1518.633577 -1526.958884 -1552.673001 -9999.0 -9999.0
-9999.0 -9999.0 1020.342471 921.853267 823.293968 724.558344 625.721150 526.838043 427.940870 329.047335 230.167421 131.306910 32.469804 -66.336349 -165.109753 -263.829752 -362.449040 -460.874144 -558.933839 -656.328863 -753.281509 -850.136561 -946.212463 -1041.237911 -1130.593696 -1209.017400 -1277.595057 -1335.249195 -1381.865076 -1418.211371 -1445.657731 -1465.832637 -1480.342110 -1490.599142 -1497.755467 -1502.703825 -1506.125400 -1508.600484 -1510.947192 -1515.348395 -1528.610254 -1573.917921 -1703.051770 -3011.430665 -3925.928998 -3924.406852 -3743.956930 -3276.976776 -2908.251035 -2668.381607 -2500.356484 -2360.585065 -2275.475843 -2220.391520 -2169.196381 -2115.582845 -2057.742952 -1996.523108 -1933.972312 -1871.325594 -1797.128872 -1459.177115 -1531.160111 -1520.311073 -1515.152730 -1513.749776 -1513.462605 -1513.412474 -1513.404806 -1513.404184 -1513.404640 -1513.405174 -1513.405628 -1513.405996 -1513.406294 -1513.406542 -1513.406753 -1513.406937 -1513.407104 -1513.407263 -1513.407422 -1513.407594 -1513.407795 -1513.408047 -1513.408387 -1513.408871 -1513.409592 -1513.410703 -1513.412470 -1513.415365 -1513.420259 -1513.428806 -1513.444243 -1513.473060 -1513.528647 -1513.639749 -1513.871796 -1514.384277 -1515.591143 -1518.633577 -1526.958884 -1552.673001 -9999.0 -9999.0
-9999.0 -9999.0 -9999.0 -9999.0 -9999.0 -9999.0 -9999.0 -9999.0 -9999.0 -9999.0 -9999.0 -9999.0 -9999.0 -9999.0 -9999.0 -9999.0 -9999.0 -9999.0 -9999.0 -9999.0 -9999.0 -9999.0 -9999.0 -9999.0 -9999.0 -9999.0 -9999.0 -9999.0 -9999.0 -9999.0 -9999.0 -9999.0 -9999.0 -9999.0 -9999.0 -9999.0 -9999.0 -9999.0 -9999.0 -9999.0 -9999.0 -9999.0 -9999.0 -9999.0 -9999.0 -9999.0 -9999.0 -9999.0 -9999.0 -9999.0 -9999.0 -9999.0 -9999.0 -9999.0 -9999.0 -9999.0 -9999.0 -9999.0 -9999.0 -9999.0 -9999.0 -9999.0 -9999.0 -9999.0 -9999.0 -9999.0 -9999.0 -9999.0 -9999.0 -9999.0 -9999.0 -9999.0 -9999.0 -9999.0 -9999.0 -9999.0 -9999.0 -9999.0 -9999.0 -9999.0 -9999.0 -9999.0 -9999.0 -9999.0 -9999.0 -9999.0 -9999.0 -9999.0 -9999.0 -9999.0 -9999.0 -9999.0 -9999.0 -9999.0 -9999.0 -9999.0 -9999.0 -9999.0 -9999.0 -9999.0 -9999.0 -9999.0 -9999.0 -9999.0
-9999.0 -9999.0 -9999.0 -9999.0 -9999.0 -9999.0 -9999.0 -9999.0 -9999.0 -9999.0 -9999.0 -9999.0 -9999.0 -9999.0 -9999.0 -9999.0 -9999.0 -9999.0 -9999.0 -9999.0 -9999.0 -9999.0 -9999.0 -9999.0 -9999.0 -9999.0 -9999.0 -9999.0 -9999.0 -9999.0 -9999.0 -9999.0 -9999.0 -9999.0 -9999.0 -9999.0 -9999.0 -9999.0 -9999.0 -9999.0 -9999.0 -9999.0 -9999.0 -9999.0 -9999.0 -9999.0 -9999.0 -9999.0 -9999.0 -9999.0 -9999.0 -9999.0 -9999.0 -9999.0 -9999.0 -9999.0 -9999.0 -9999.0 -9999.0 -9999.0 -9999.0 -9999.0 -9999.0 -9999.0 -9999.0 -9999.0 -9999.0 -9999.0 -9999.0 -9999.0 -9999.0 -9999.0 -9999.0 -9999.0 -9999.0 -9999.0 -9999.0 -9999.0 -9999.0 -9999.0 -9999.0 -9999.0 -9999.0 -9999.0 -9999.0 -9999.0 -9999.0 -9999.0 -9999.0 -9999.0 -9999.0 -9999.0 -9999.0 -9999.0 -9999.0 -9999.0 -9999.0 -9999.0 -9999.0 -9999.0 -9999.0 -9999.0 -9999.0 -9999.0