inst/processing_geotop_simulation/geotop_simulation/out/maps3D/PwL0007N0416.asc
ncols         104
nrows         10
xllcorner     -2.000000
yllcorner     0.000000
cellsize      1.000000
NODATA_value  -9999.0
-9999.0 -9999.0 -9999.0 -9999.0 -9999.0 -9999.0 -9999.0 -9999.0 -9999.0 -9999.0 -9999.0 -9999.0 -9999.0 -9999.0 -9999.0 -9999.0 -9999.0 -9999.0 -9999.0 -9999.0 -9999.0 -9999.0 -9999.0 -9999.0 -9999.0 -9999.0 -9999.0 -9999.0 -9999.0 -9999.0 -9999.0 -9999.0 -9999.0 -9999.0 -9999.0 -9999.0 -9999.0 -9999.0 -9999.0 -9999.0 -9999.0 -9999.0 -9999.0 -9999.0 -9999.0 -9999.0 -9999.0 -9999.0 -9999.0 -9999.0 -9999.0 -9999.0 -9999.0 -9999.0 -9999.0 -9999.0 -9999.0 -9999.0 -9999.0 -9999.0 -9999.0 -9999.0 -9999.0 -9999.0 -9999.0 -9999.0 -9999.0 -9999.0 -9999.0 -9999.0 -9999.0 -9999.0 -9999.0 -9999.0 -9999.0 -9999.0 -9999.0 -9999.0 -9999.0 -9999.0 -9999.0 -9999.0 -9999.0 -9999.0 -9999.0 -9999.0 -9999.0 -9999.0 -9999.0 -9999.0 -9999.0 -9999.0 -9999.0 -9999.0 -9999.0 -9999.0 -9999.0 -9999.0 -9999.0 -9999.0 -9999.0 -9999.0 -9999.0 -9999.0
-9999.0 -9999.0 -9999.0 -9999.0 -9999.0 -9999.0 -9999.0 -9999.0 -9999.0 -9999.0 -9999.0 -9999.0 -9999.0 -9999.0 -9999.0 -9999.0 -9999.0 -9999.0 -9999.0 -9999.0 -9999.0 -9999.0 -9999.0 -9999.0 -9999.0 -9999.0 -9999.0 -9999.0 -9999.0 -9999.0 -9999.0 -9999.0 -9999.0 -9999.0 -9999.0 -9999.0 -9999.0 -9999.0 -9999.0 -9999.0 -9999.0 -9999.0 -9999.0 -9999.0 -9999.0 -9999.0 -9999.0 -9999.0 -9999.0 -9999.0 -9999.0 -9999.0 -9999.0 -9999.0 -9999.0 -9999.0 -9999.0 -9999.0 -9999.0 -9999.0 -9999.0 -9999.0 -9999.0 -9999.0 -9999.0 -9999.0 -9999.0 -9999.0 -9999.0 -9999.0 -9999.0 -9999.0 -9999.0 -9999.0 -9999.0 -9999.0 -9999.0 -9999.0 -9999.0 -9999.0 -9999.0 -9999.0 -9999.0 -9999.0 -9999.0 -9999.0 -9999.0 -9999.0 -9999.0 -9999.0 -9999.0 -9999.0 -9999.0 -9999.0 -9999.0 -9999.0 -9999.0 -9999.0 -9999.0 -9999.0 -9999.0 -9999.0 -9999.0 -9999.0
-9999.0 -9999.0 323.781280 225.507240 126.552541 27.348880 -71.950920 -171.290229 -270.641352 -369.984954 -469.302274 -568.558507 -667.683060 -766.664036 -865.624001 -964.547642 -1063.400123 -1161.959315 -1259.756472 -1356.378170 -1450.743539 -1540.881694 -1623.994735 -1697.290372 -1758.977790 -1808.696481 -1847.308232 -1876.394053 -1897.773607 -1913.184140 -1924.120379 -1931.785869 -1937.106441 -1940.771242 -1943.281410 -1944.997867 -1946.191759 -1947.131576 -1948.320327 -1950.869528 -1953.047957 -1905.965209 -1230.096051 -1269.891039 -1250.836223 -1238.079894 -1232.130634 -1231.234634 -1231.138377 -1231.146429 -1231.169337 -1231.194054 -1231.217818 -1231.239831 -1231.260326 -1231.284743 -1231.363974 -1231.896788 -1235.048248 -1242.038130 -1250.245121 -1198.165904 -1876.197938 -1946.479744 -1949.552850 -1948.933419 -1948.712396 -1948.666673 -1948.659046 -1948.658257 -1948.658564 -1948.658970 -1948.659315 -1948.659589 -1948.659805 -1948.659978 -1948.660120 -1948.660240 -1948.660345 -1948.660443 -1948.660541 -1948.660649 -1948.660780 -1948.660955 -1948.661204 -1948.661575 -1948.662146 -1948.663049 -1948.664512 -1948.666940 -1948.671081 -1948.678358 -1948.691553 -1948.716231 -1948.763809 -1948.858552 -1949.054926 -1949.484336 -1950.491074 -1953.070430 -1960.482892 -1985.024866 -9999.0 -9999.0
-9999.0 -9999.0 323.788272 225.508930 126.552989 27.349013 -71.950878 -171.290215 -270.641346 -369.984952 -469.302273 -568.558507 -667.683060 -766.664036 -865.624001 -964.547642 -1063.400123 -1161.959316 -1259.756472 -1356.378170 -1450.743540 -1540.881695 -1623.994735 -1697.290372 -1758.977790 -1808.696481 -1847.308232 -1876.394053 -1897.773607 -1913.184140 -1924.120379 -1931.785869 -1937.106441 -1940.771242 -1943.281410 -1944.997867 -1946.191759 -1947.131576 -1948.320327 -1950.869528 -1953.047957 -1905.965209 -1230.096051 -1269.891038 -1250.836223 -1238.079894 -1232.130634 -1231.234634 -1231.138377 -1231.146429 -1231.169337 -1231.194054 -1231.217818 -1231.239831 -1231.260326 -1231.284743 -1231.363974 -1231.896788 -1235.048248 -1242.038130 -1250.245121 -1198.165904 -1876.197938 -1946.479744 -1949.552850 -1948.933419 -1948.712396 -1948.666673 -1948.659046 -1948.658257 -1948.658564 -1948.658970 -1948.659315 -1948.659589 -1948.659805 -1948.659978 -1948.660120 -1948.660240 -1948.660345 -1948.660443 -1948.660541 -1948.660649 -1948.660780 -1948.660955 -1948.661204 -1948.661575 -1948.662146 -1948.663049 -1948.664512 -1948.666940 -1948.671081 -1948.678358 -1948.691553 -1948.716231 -1948.763809 -1948.858552 -1949.054926 -1949.484336 -1950.491074 -1953.070430 -1960.482892 -1985.024866 -9999.0 -9999.0
-9999.0 -9999.0 323.789596 225.509649 126.553276 27.349118 -71.950841 -171.290202 -270.641341 -369.984950 -469.302272 -568.558507 -667.683059 -766.664036 -865.624001 -964.547642 -1063.400124 -1161.959316 -1259.756472 -1356.378170 -1450.743540 -1540.881695 -1623.994736 -1697.290373 -1758.977790 -1808.696481 -1847.308232 -1876.394053 -1897.773607 -1913.184140 -1924.120379 -1931.785869 -1937.106441 -1940.771242 -1943.281410 -1944.997867 -1946.191759 -1947.131576 -1948.320327 -1950.869528 -1953.047957 -1905.965209 -1230.096051 -1269.891038 -1250.836223 -1238.079894 -1232.130634 -1231.234634 -1231.138377 -1231.146429 -1231.169337 -1231.194054 -1231.217818 -1231.239831 -1231.260326 -1231.284743 -1231.363974 -1231.896788 -1235.048248 -1242.038130 -1250.245121 -1198.165904 -1876.197938 -1946.479744 -1949.552850 -1948.933419 -1948.712396 -1948.666673 -1948.659046 -1948.658257 -1948.658564 -1948.658970 -1948.659315 -1948.659589 -1948.659805 -1948.659978 -1948.660120 -1948.660240 -1948.660345 -1948.660443 -1948.660541 -1948.660649 -1948.660780 -1948.660955 -1948.661204 -1948.661575 -1948.662146 -1948.663049 -1948.664512 -1948.666940 -1948.671081 -1948.678358 -1948.691553 -1948.716231 -1948.763809 -1948.858552 -1949.054926 -1949.484336 -1950.491074 -1953.070430 -1960.482892 -1985.024866 -9999.0 -9999.0
-9999.0 -9999.0 323.789596 225.509650 126.553276 27.349118 -71.950841 -171.290202 -270.641341 -369.984950 -469.302272 -568.558507 -667.683059 -766.664036 -865.624001 -964.547642 -1063.400124 -1161.959316 -1259.756472 -1356.378170 -1450.743540 -1540.881695 -1623.994736 -1697.290373 -1758.977790 -1808.696481 -1847.308232 -1876.394053 -1897.773607 -1913.184140 -1924.120379 -1931.785869 -1937.106441 -1940.771242 -1943.281410 -1944.997867 -1946.191759 -1947.131576 -1948.320327 -1950.869528 -1953.047957 -1905.965209 -1230.096051 -1269.891038 -1250.836223 -1238.079894 -1232.130634 -1231.234634 -1231.138377 -1231.146429 -1231.169337 -1231.194054 -1231.217818 -1231.239831 -1231.260326 -1231.284743 -1231.363974 -1231.896788 -1235.048248 -1242.038130 -1250.245121 -1198.165904 -1876.197938 -1946.479744 -1949.552850 -1948.933419 -1948.712396 -1948.666673 -1948.659046 -1948.658257 -1948.658564 -1948.658970 -1948.659315 -1948.659589 -1948.659805 -1948.659978 -1948.660120 -1948.660240 -1948.660345 -1948.660443 -1948.660541 -1948.660649 -1948.660780 -1948.660955 -1948.661204 -1948.661575 -1948.662146 -1948.663049 -1948.664512 -1948.666940 -1948.671081 -1948.678358 -1948.691553 -1948.716231 -1948.763809 -1948.858552 -1949.054926 -1949.484336 -1950.491074 -1953.070430 -1960.482892 -1985.024866 -9999.0 -9999.0
-9999.0 -9999.0 323.788272 225.508930 126.552989 27.349013 -71.950878 -171.290215 -270.641346 -369.984952 -469.302273 -568.558507 -667.683060 -766.664036 -865.624001 -964.547642 -1063.400124 -1161.959316 -1259.756472 -1356.378170 -1450.743540 -1540.881695 -1623.994735 -1697.290372 -1758.977790 -1808.696481 -1847.308232 -1876.394053 -1897.773607 -1913.184140 -1924.120379 -1931.785869 -1937.106441 -1940.771242 -1943.281410 -1944.997867 -1946.191759 -1947.131576 -1948.320327 -1950.869528 -1953.047957 -1905.965209 -1230.096051 -1269.891038 -1250.836223 -1238.079894 -1232.130634 -1231.234634 -1231.138377 -1231.146429 -1231.169337 -1231.194054 -1231.217818 -1231.239831 -1231.260326 -1231.284743 -1231.363974 -1231.896788 -1235.048248 -1242.038130 -1250.245121 -1198.165904 -1876.197938 -1946.479744 -1949.552850 -1948.933419 -1948.712396 -1948.666673 -1948.659046 -1948.658257 -1948.658564 -1948.658970 -1948.659315 -1948.659589 -1948.659805 -1948.659978 -1948.660120 -1948.660240 -1948.660345 -1948.660443 -1948.660541 -1948.660649 -1948.660780 -1948.660955 -1948.661204 -1948.661575 -1948.662146 -1948.663049 -1948.664512 -1948.666940 -1948.671081 -1948.678358 -1948.691553 -1948.716231 -1948.763809 -1948.858552 -1949.054926 -1949.484336 -1950.491074 -1953.070430 -1960.482892 -1985.024866 -9999.0 -9999.0
-9999.0 -9999.0 323.781279 225.507240 126.552541 27.348881 -71.950920 -171.290229 -270.641352 -369.984954 -469.302274 -568.558508 -667.683060 -766.664036 -865.624001 -964.547642 -1063.400123 -1161.959315 -1259.756472 -1356.378170 -1450.743539 -1540.881694 -1623.994735 -1697.290372 -1758.977790 -1808.696481 -1847.308232 -1876.394053 -1897.773607 -1913.184140 -1924.120379 -1931.785869 -1937.106441 -1940.771242 -1943.281410 -1944.997867 -1946.191759 -1947.131576 -1948.320327 -1950.869528 -1953.047957 -1905.965209 -1230.096051 -1269.891039 -1250.836223 -1238.079894 -1232.130634 -1231.234634 -1231.138377 -1231.146429 -1231.169337 -1231.194054 -1231.217818 -1231.239831 -1231.260326 -1231.284743 -1231.363974 -1231.896788 -1235.048248 -1242.038130 -1250.245121 -1198.165904 -1876.197938 -1946.479744 -1949.552850 -1948.933419 -1948.712396 -1948.666673 -1948.659046 -1948.658257 -1948.658564 -1948.658970 -1948.659315 -1948.659589 -1948.659805 -1948.659978 -1948.660120 -1948.660240 -1948.660345 -1948.660443 -1948.660541 -1948.660649 -1948.660780 -1948.660955 -1948.661204 -1948.661575 -1948.662146 -1948.663049 -1948.664512 -1948.666940 -1948.671081 -1948.678358 -1948.691553 -1948.716231 -1948.763809 -1948.858552 -1949.054926 -1949.484336 -1950.491074 -1953.070430 -1960.482892 -1985.024866 -9999.0 -9999.0
-9999.0 -9999.0 -9999.0 -9999.0 -9999.0 -9999.0 -9999.0 -9999.0 -9999.0 -9999.0 -9999.0 -9999.0 -9999.0 -9999.0 -9999.0 -9999.0 -9999.0 -9999.0 -9999.0 -9999.0 -9999.0 -9999.0 -9999.0 -9999.0 -9999.0 -9999.0 -9999.0 -9999.0 -9999.0 -9999.0 -9999.0 -9999.0 -9999.0 -9999.0 -9999.0 -9999.0 -9999.0 -9999.0 -9999.0 -9999.0 -9999.0 -9999.0 -9999.0 -9999.0 -9999.0 -9999.0 -9999.0 -9999.0 -9999.0 -9999.0 -9999.0 -9999.0 -9999.0 -9999.0 -9999.0 -9999.0 -9999.0 -9999.0 -9999.0 -9999.0 -9999.0 -9999.0 -9999.0 -9999.0 -9999.0 -9999.0 -9999.0 -9999.0 -9999.0 -9999.0 -9999.0 -9999.0 -9999.0 -9999.0 -9999.0 -9999.0 -9999.0 -9999.0 -9999.0 -9999.0 -9999.0 -9999.0 -9999.0 -9999.0 -9999.0 -9999.0 -9999.0 -9999.0 -9999.0 -9999.0 -9999.0 -9999.0 -9999.0 -9999.0 -9999.0 -9999.0 -9999.0 -9999.0 -9999.0 -9999.0 -9999.0 -9999.0 -9999.0 -9999.0
-9999.0 -9999.0 -9999.0 -9999.0 -9999.0 -9999.0 -9999.0 -9999.0 -9999.0 -9999.0 -9999.0 -9999.0 -9999.0 -9999.0 -9999.0 -9999.0 -9999.0 -9999.0 -9999.0 -9999.0 -9999.0 -9999.0 -9999.0 -9999.0 -9999.0 -9999.0 -9999.0 -9999.0 -9999.0 -9999.0 -9999.0 -9999.0 -9999.0 -9999.0 -9999.0 -9999.0 -9999.0 -9999.0 -9999.0 -9999.0 -9999.0 -9999.0 -9999.0 -9999.0 -9999.0 -9999.0 -9999.0 -9999.0 -9999.0 -9999.0 -9999.0 -9999.0 -9999.0 -9999.0 -9999.0 -9999.0 -9999.0 -9999.0 -9999.0 -9999.0 -9999.0 -9999.0 -9999.0 -9999.0 -9999.0 -9999.0 -9999.0 -9999.0 -9999.0 -9999.0 -9999.0 -9999.0 -9999.0 -9999.0 -9999.0 -9999.0 -9999.0 -9999.0 -9999.0 -9999.0 -9999.0 -9999.0 -9999.0 -9999.0 -9999.0 -9999.0 -9999.0 -9999.0 -9999.0 -9999.0 -9999.0 -9999.0 -9999.0 -9999.0 -9999.0 -9999.0 -9999.0 -9999.0 -9999.0 -9999.0 -9999.0 -9999.0 -9999.0 -9999.0