inst/processing_geotop_simulation/geotop_simulation/out/maps3D/PwL0019N0259.asc
ncols         104
nrows         10
xllcorner     -2.000000
yllcorner     0.000000
cellsize      1.000000
NODATA_value  -9999.0
-9999.0 -9999.0 -9999.0 -9999.0 -9999.0 -9999.0 -9999.0 -9999.0 -9999.0 -9999.0 -9999.0 -9999.0 -9999.0 -9999.0 -9999.0 -9999.0 -9999.0 -9999.0 -9999.0 -9999.0 -9999.0 -9999.0 -9999.0 -9999.0 -9999.0 -9999.0 -9999.0 -9999.0 -9999.0 -9999.0 -9999.0 -9999.0 -9999.0 -9999.0 -9999.0 -9999.0 -9999.0 -9999.0 -9999.0 -9999.0 -9999.0 -9999.0 -9999.0 -9999.0 -9999.0 -9999.0 -9999.0 -9999.0 -9999.0 -9999.0 -9999.0 -9999.0 -9999.0 -9999.0 -9999.0 -9999.0 -9999.0 -9999.0 -9999.0 -9999.0 -9999.0 -9999.0 -9999.0 -9999.0 -9999.0 -9999.0 -9999.0 -9999.0 -9999.0 -9999.0 -9999.0 -9999.0 -9999.0 -9999.0 -9999.0 -9999.0 -9999.0 -9999.0 -9999.0 -9999.0 -9999.0 -9999.0 -9999.0 -9999.0 -9999.0 -9999.0 -9999.0 -9999.0 -9999.0 -9999.0 -9999.0 -9999.0 -9999.0 -9999.0 -9999.0 -9999.0 -9999.0 -9999.0 -9999.0 -9999.0 -9999.0 -9999.0 -9999.0 -9999.0
-9999.0 -9999.0 -9999.0 -9999.0 -9999.0 -9999.0 -9999.0 -9999.0 -9999.0 -9999.0 -9999.0 -9999.0 -9999.0 -9999.0 -9999.0 -9999.0 -9999.0 -9999.0 -9999.0 -9999.0 -9999.0 -9999.0 -9999.0 -9999.0 -9999.0 -9999.0 -9999.0 -9999.0 -9999.0 -9999.0 -9999.0 -9999.0 -9999.0 -9999.0 -9999.0 -9999.0 -9999.0 -9999.0 -9999.0 -9999.0 -9999.0 -9999.0 -9999.0 -9999.0 -9999.0 -9999.0 -9999.0 -9999.0 -9999.0 -9999.0 -9999.0 -9999.0 -9999.0 -9999.0 -9999.0 -9999.0 -9999.0 -9999.0 -9999.0 -9999.0 -9999.0 -9999.0 -9999.0 -9999.0 -9999.0 -9999.0 -9999.0 -9999.0 -9999.0 -9999.0 -9999.0 -9999.0 -9999.0 -9999.0 -9999.0 -9999.0 -9999.0 -9999.0 -9999.0 -9999.0 -9999.0 -9999.0 -9999.0 -9999.0 -9999.0 -9999.0 -9999.0 -9999.0 -9999.0 -9999.0 -9999.0 -9999.0 -9999.0 -9999.0 -9999.0 -9999.0 -9999.0 -9999.0 -9999.0 -9999.0 -9999.0 -9999.0 -9999.0 -9999.0
-9999.0 -9999.0 922.980914 825.223111 727.255052 629.000701 530.592121 432.114683 333.615081 235.118719 136.639736 38.186674 -60.228801 -158.602584 -256.905356 -355.071592 -452.972097 -550.378132 -646.917625 -742.953439 -838.961402 -934.083681 -1028.054739 -1115.949009 -1192.032379 -1257.616789 -1311.837969 -1354.898699 -1387.870192 -1412.330850 -1430.006579 -1442.511936 -1451.214128 -1457.194100 -1461.266085 -1464.024822 -1465.906215 -1467.286164 -1468.788238 -1472.459637 -1485.782228 -1540.366725 -1913.139903 -3988.978174 -4034.648322 -4034.652410 -4034.618600 -4034.256492 -4032.579052 -4027.305086 -4013.663434 -3978.497607 -3929.427424 -3876.761805 -3806.331482 -3704.645327 -3558.762403 -3365.304722 -3138.192812 -2901.637417 -2636.406595 -1616.748487 -1499.288129 -1477.696302 -1471.503475 -1470.107965 -1469.853828 -1469.812664 -1469.806751 -1469.806485 -1469.807051 -1469.807636 -1469.808114 -1469.808490 -1469.808784 -1469.809019 -1469.809210 -1469.809370 -1469.809509 -1469.809636 -1469.809762 -1469.809900 -1469.810068 -1469.810292 -1469.810612 -1469.811090 -1469.811828 -1469.812997 -1469.814890 -1469.818024 -1469.823346 -1469.832653 -1469.849437 -1469.880662 -1469.940533 -1470.059022 -1470.302863 -1470.831533 -1472.053432 -1475.080490 -1483.228096 -1508.231126 -9999.0 -9999.0
-9999.0 -9999.0 922.984165 825.224336 727.255451 629.000831 530.592164 432.114698 333.615087 235.118721 136.639736 38.186674 -60.228801 -158.602584 -256.905356 -355.071592 -452.972098 -550.378132 -646.917625 -742.953439 -838.961402 -934.083681 -1028.054739 -1115.949009 -1192.032380 -1257.616789 -1311.837969 -1354.898699 -1387.870192 -1412.330850 -1430.006579 -1442.511936 -1451.214128 -1457.194100 -1461.266085 -1464.024822 -1465.906215 -1467.286164 -1468.788238 -1472.459637 -1485.782228 -1540.366725 -1913.139903 -3988.978174 -4034.648322 -4034.652410 -4034.618600 -4034.256492 -4032.579052 -4027.305086 -4013.663433 -3978.497607 -3929.427424 -3876.761805 -3806.331482 -3704.645326 -3558.762402 -3365.304722 -3138.192811 -2901.637417 -2636.406595 -1616.748487 -1499.288129 -1477.696302 -1471.503475 -1470.107965 -1469.853828 -1469.812664 -1469.806751 -1469.806485 -1469.807051 -1469.807636 -1469.808114 -1469.808490 -1469.808784 -1469.809019 -1469.809210 -1469.809370 -1469.809509 -1469.809636 -1469.809762 -1469.809900 -1469.810068 -1469.810292 -1469.810612 -1469.811090 -1469.811828 -1469.812997 -1469.814890 -1469.818024 -1469.823346 -1469.832653 -1469.849437 -1469.880662 -1469.940533 -1470.059022 -1470.302863 -1470.831533 -1472.053432 -1475.080490 -1483.228096 -1508.231126 -9999.0 -9999.0
-9999.0 -9999.0 922.985384 825.224989 727.255725 629.000936 530.592203 432.114712 333.615092 235.118723 136.639737 38.186674 -60.228801 -158.602584 -256.905356 -355.071592 -452.972098 -550.378132 -646.917625 -742.953439 -838.961402 -934.083682 -1028.054739 -1115.949009 -1192.032380 -1257.616789 -1311.837969 -1354.898699 -1387.870192 -1412.330850 -1430.006579 -1442.511936 -1451.214128 -1457.194100 -1461.266086 -1464.024822 -1465.906215 -1467.286164 -1468.788238 -1472.459637 -1485.782228 -1540.366725 -1913.139903 -3988.978174 -4034.648322 -4034.652410 -4034.618600 -4034.256492 -4032.579052 -4027.305086 -4013.663433 -3978.497607 -3929.427424 -3876.761804 -3806.331482 -3704.645326 -3558.762402 -3365.304721 -3138.192811 -2901.637416 -2636.406594 -1616.748487 -1499.288129 -1477.696302 -1471.503475 -1470.107965 -1469.853828 -1469.812664 -1469.806751 -1469.806485 -1469.807051 -1469.807636 -1469.808114 -1469.808490 -1469.808784 -1469.809019 -1469.809210 -1469.809370 -1469.809509 -1469.809636 -1469.809762 -1469.809900 -1469.810068 -1469.810292 -1469.810612 -1469.811090 -1469.811828 -1469.812997 -1469.814890 -1469.818024 -1469.823346 -1469.832653 -1469.849437 -1469.880662 -1469.940533 -1470.059022 -1470.302863 -1470.831533 -1472.053432 -1475.080490 -1483.228096 -1508.231126 -9999.0 -9999.0
-9999.0 -9999.0 922.985384 825.224989 727.255725 629.000936 530.592203 432.114712 333.615092 235.118723 136.639737 38.186674 -60.228801 -158.602584 -256.905356 -355.071592 -452.972098 -550.378132 -646.917625 -742.953439 -838.961402 -934.083682 -1028.054740 -1115.949009 -1192.032380 -1257.616789 -1311.837969 -1354.898699 -1387.870192 -1412.330850 -1430.006579 -1442.511936 -1451.214128 -1457.194100 -1461.266086 -1464.024822 -1465.906215 -1467.286164 -1468.788238 -1472.459637 -1485.782228 -1540.366725 -1913.139903 -3988.978174 -4034.648322 -4034.652410 -4034.618600 -4034.256492 -4032.579052 -4027.305086 -4013.663433 -3978.497607 -3929.427424 -3876.761804 -3806.331482 -3704.645326 -3558.762401 -3365.304721 -3138.192811 -2901.637416 -2636.406594 -1616.748487 -1499.288129 -1477.696302 -1471.503475 -1470.107965 -1469.853828 -1469.812664 -1469.806751 -1469.806485 -1469.807051 -1469.807636 -1469.808114 -1469.808490 -1469.808784 -1469.809019 -1469.809210 -1469.809370 -1469.809509 -1469.809636 -1469.809762 -1469.809900 -1469.810068 -1469.810292 -1469.810612 -1469.811090 -1469.811828 -1469.812997 -1469.814890 -1469.818024 -1469.823346 -1469.832653 -1469.849437 -1469.880662 -1469.940533 -1470.059022 -1470.302863 -1470.831533 -1472.053432 -1475.080490 -1483.228096 -1508.231126 -9999.0 -9999.0
-9999.0 -9999.0 922.984165 825.224336 727.255451 629.000831 530.592164 432.114698 333.615087 235.118721 136.639736 38.186674 -60.228801 -158.602584 -256.905356 -355.071592 -452.972098 -550.378132 -646.917625 -742.953439 -838.961402 -934.083681 -1028.054739 -1115.949009 -1192.032379 -1257.616789 -1311.837969 -1354.898699 -1387.870192 -1412.330850 -1430.006579 -1442.511936 -1451.214128 -1457.194100 -1461.266085 -1464.024822 -1465.906215 -1467.286164 -1468.788238 -1472.459637 -1485.782228 -1540.366725 -1913.139903 -3988.978174 -4034.648322 -4034.652410 -4034.618600 -4034.256492 -4032.579052 -4027.305086 -4013.663433 -3978.497607 -3929.427424 -3876.761804 -3806.331482 -3704.645326 -3558.762402 -3365.304721 -3138.192811 -2901.637416 -2636.406595 -1616.748487 -1499.288129 -1477.696302 -1471.503475 -1470.107965 -1469.853828 -1469.812664 -1469.806751 -1469.806485 -1469.807051 -1469.807636 -1469.808114 -1469.808490 -1469.808784 -1469.809019 -1469.809210 -1469.809370 -1469.809509 -1469.809636 -1469.809762 -1469.809900 -1469.810068 -1469.810292 -1469.810612 -1469.811090 -1469.811828 -1469.812997 -1469.814890 -1469.818024 -1469.823346 -1469.832653 -1469.849437 -1469.880662 -1469.940533 -1470.059022 -1470.302863 -1470.831533 -1472.053432 -1475.080490 -1483.228096 -1508.231126 -9999.0 -9999.0
-9999.0 -9999.0 922.980914 825.223111 727.255052 629.000701 530.592121 432.114683 333.615081 235.118719 136.639736 38.186674 -60.228801 -158.602584 -256.905356 -355.071592 -452.972097 -550.378132 -646.917625 -742.953439 -838.961402 -934.083681 -1028.054739 -1115.949009 -1192.032379 -1257.616789 -1311.837969 -1354.898699 -1387.870192 -1412.330850 -1430.006579 -1442.511936 -1451.214128 -1457.194100 -1461.266085 -1464.024822 -1465.906215 -1467.286164 -1468.788238 -1472.459637 -1485.782228 -1540.366725 -1913.139903 -3988.978174 -4034.648322 -4034.652410 -4034.618600 -4034.256492 -4032.579052 -4027.305086 -4013.663434 -3978.497607 -3929.427424 -3876.761805 -3806.331482 -3704.645327 -3558.762402 -3365.304722 -3138.192812 -2901.637417 -2636.406595 -1616.748487 -1499.288129 -1477.696302 -1471.503475 -1470.107965 -1469.853828 -1469.812664 -1469.806751 -1469.806485 -1469.807051 -1469.807636 -1469.808114 -1469.808490 -1469.808784 -1469.809019 -1469.809210 -1469.809370 -1469.809509 -1469.809636 -1469.809762 -1469.809900 -1469.810068 -1469.810292 -1469.810612 -1469.811090 -1469.811828 -1469.812997 -1469.814890 -1469.818024 -1469.823346 -1469.832653 -1469.849437 -1469.880662 -1469.940533 -1470.059022 -1470.302863 -1470.831533 -1472.053432 -1475.080490 -1483.228096 -1508.231126 -9999.0 -9999.0
-9999.0 -9999.0 -9999.0 -9999.0 -9999.0 -9999.0 -9999.0 -9999.0 -9999.0 -9999.0 -9999.0 -9999.0 -9999.0 -9999.0 -9999.0 -9999.0 -9999.0 -9999.0 -9999.0 -9999.0 -9999.0 -9999.0 -9999.0 -9999.0 -9999.0 -9999.0 -9999.0 -9999.0 -9999.0 -9999.0 -9999.0 -9999.0 -9999.0 -9999.0 -9999.0 -9999.0 -9999.0 -9999.0 -9999.0 -9999.0 -9999.0 -9999.0 -9999.0 -9999.0 -9999.0 -9999.0 -9999.0 -9999.0 -9999.0 -9999.0 -9999.0 -9999.0 -9999.0 -9999.0 -9999.0 -9999.0 -9999.0 -9999.0 -9999.0 -9999.0 -9999.0 -9999.0 -9999.0 -9999.0 -9999.0 -9999.0 -9999.0 -9999.0 -9999.0 -9999.0 -9999.0 -9999.0 -9999.0 -9999.0 -9999.0 -9999.0 -9999.0 -9999.0 -9999.0 -9999.0 -9999.0 -9999.0 -9999.0 -9999.0 -9999.0 -9999.0 -9999.0 -9999.0 -9999.0 -9999.0 -9999.0 -9999.0 -9999.0 -9999.0 -9999.0 -9999.0 -9999.0 -9999.0 -9999.0 -9999.0 -9999.0 -9999.0 -9999.0 -9999.0
-9999.0 -9999.0 -9999.0 -9999.0 -9999.0 -9999.0 -9999.0 -9999.0 -9999.0 -9999.0 -9999.0 -9999.0 -9999.0 -9999.0 -9999.0 -9999.0 -9999.0 -9999.0 -9999.0 -9999.0 -9999.0 -9999.0 -9999.0 -9999.0 -9999.0 -9999.0 -9999.0 -9999.0 -9999.0 -9999.0 -9999.0 -9999.0 -9999.0 -9999.0 -9999.0 -9999.0 -9999.0 -9999.0 -9999.0 -9999.0 -9999.0 -9999.0 -9999.0 -9999.0 -9999.0 -9999.0 -9999.0 -9999.0 -9999.0 -9999.0 -9999.0 -9999.0 -9999.0 -9999.0 -9999.0 -9999.0 -9999.0 -9999.0 -9999.0 -9999.0 -9999.0 -9999.0 -9999.0 -9999.0 -9999.0 -9999.0 -9999.0 -9999.0 -9999.0 -9999.0 -9999.0 -9999.0 -9999.0 -9999.0 -9999.0 -9999.0 -9999.0 -9999.0 -9999.0 -9999.0 -9999.0 -9999.0 -9999.0 -9999.0 -9999.0 -9999.0 -9999.0 -9999.0 -9999.0 -9999.0 -9999.0 -9999.0 -9999.0 -9999.0 -9999.0 -9999.0 -9999.0 -9999.0 -9999.0 -9999.0 -9999.0 -9999.0 -9999.0 -9999.0