inst/processing_geotop_simulation/geotop_simulation/out/maps3D/PwL0006N0463.asc
ncols         104
nrows         10
xllcorner     -2.000000
yllcorner     0.000000
cellsize      1.000000
NODATA_value  -9999.0
-9999.0 -9999.0 -9999.0 -9999.0 -9999.0 -9999.0 -9999.0 -9999.0 -9999.0 -9999.0 -9999.0 -9999.0 -9999.0 -9999.0 -9999.0 -9999.0 -9999.0 -9999.0 -9999.0 -9999.0 -9999.0 -9999.0 -9999.0 -9999.0 -9999.0 -9999.0 -9999.0 -9999.0 -9999.0 -9999.0 -9999.0 -9999.0 -9999.0 -9999.0 -9999.0 -9999.0 -9999.0 -9999.0 -9999.0 -9999.0 -9999.0 -9999.0 -9999.0 -9999.0 -9999.0 -9999.0 -9999.0 -9999.0 -9999.0 -9999.0 -9999.0 -9999.0 -9999.0 -9999.0 -9999.0 -9999.0 -9999.0 -9999.0 -9999.0 -9999.0 -9999.0 -9999.0 -9999.0 -9999.0 -9999.0 -9999.0 -9999.0 -9999.0 -9999.0 -9999.0 -9999.0 -9999.0 -9999.0 -9999.0 -9999.0 -9999.0 -9999.0 -9999.0 -9999.0 -9999.0 -9999.0 -9999.0 -9999.0 -9999.0 -9999.0 -9999.0 -9999.0 -9999.0 -9999.0 -9999.0 -9999.0 -9999.0 -9999.0 -9999.0 -9999.0 -9999.0 -9999.0 -9999.0 -9999.0 -9999.0 -9999.0 -9999.0 -9999.0 -9999.0
-9999.0 -9999.0 -9999.0 -9999.0 -9999.0 -9999.0 -9999.0 -9999.0 -9999.0 -9999.0 -9999.0 -9999.0 -9999.0 -9999.0 -9999.0 -9999.0 -9999.0 -9999.0 -9999.0 -9999.0 -9999.0 -9999.0 -9999.0 -9999.0 -9999.0 -9999.0 -9999.0 -9999.0 -9999.0 -9999.0 -9999.0 -9999.0 -9999.0 -9999.0 -9999.0 -9999.0 -9999.0 -9999.0 -9999.0 -9999.0 -9999.0 -9999.0 -9999.0 -9999.0 -9999.0 -9999.0 -9999.0 -9999.0 -9999.0 -9999.0 -9999.0 -9999.0 -9999.0 -9999.0 -9999.0 -9999.0 -9999.0 -9999.0 -9999.0 -9999.0 -9999.0 -9999.0 -9999.0 -9999.0 -9999.0 -9999.0 -9999.0 -9999.0 -9999.0 -9999.0 -9999.0 -9999.0 -9999.0 -9999.0 -9999.0 -9999.0 -9999.0 -9999.0 -9999.0 -9999.0 -9999.0 -9999.0 -9999.0 -9999.0 -9999.0 -9999.0 -9999.0 -9999.0 -9999.0 -9999.0 -9999.0 -9999.0 -9999.0 -9999.0 -9999.0 -9999.0 -9999.0 -9999.0 -9999.0 -9999.0 -9999.0 -9999.0 -9999.0 -9999.0
-9999.0 -9999.0 273.864226 175.393495 76.280501 -23.047621 -122.458700 -221.903671 -321.357905 -420.804485 -520.226723 -619.591867 -718.837578 -818.042871 -917.192844 -1016.325649 -1115.420629 -1214.139998 -1312.380382 -1409.716611 -1505.251758 -1597.265825 -1683.130389 -1759.947014 -1825.564346 -1879.196717 -1921.377135 -1953.509122 -1977.364942 -1994.717153 -2007.135468 -2015.909329 -2022.045720 -2026.303454 -2029.240230 -2031.261524 -2032.674039 -2033.777245 -2035.087093 -2037.497946 -2037.181877 -1973.265917 -1238.747065 -1261.729641 -1246.416819 -1236.034021 -1231.170852 -1230.416258 -1230.333909 -1230.340262 -1230.359240 -1230.379761 -1230.399498 -1230.417786 -1230.434848 -1230.455466 -1230.523782 -1230.977682 -1233.572560 -1239.285228 -1245.841373 -1212.326375 -1944.459025 -2031.083799 -2036.301586 -2035.896139 -2035.683050 -2035.634756 -2035.626272 -2035.625278 -2035.625519 -2035.625894 -2035.626220 -2035.626482 -2035.626691 -2035.626861 -2035.627003 -2035.627124 -2035.627232 -2035.627333 -2035.627435 -2035.627548 -2035.627683 -2035.627859 -2035.628105 -2035.628466 -2035.629017 -2035.629880 -2035.631272 -2035.633578 -2035.637509 -2035.644421 -2035.656973 -2035.680501 -2035.726005 -2035.817046 -2036.007058 -2036.426421 -2037.421029 -2040.004150 -2047.518042 -2072.452919 -9999.0 -9999.0
-9999.0 -9999.0 273.871542 175.395173 76.280939 -23.047492 -122.458659 -221.903657 -321.357900 -420.804483 -520.226722 -619.591867 -718.837577 -818.042871 -917.192844 -1016.325649 -1115.420629 -1214.139998 -1312.380382 -1409.716612 -1505.251758 -1597.265825 -1683.130389 -1759.947015 -1825.564346 -1879.196717 -1921.377135 -1953.509122 -1977.364942 -1994.717153 -2007.135468 -2015.909329 -2022.045720 -2026.303454 -2029.240230 -2031.261524 -2032.674039 -2033.777245 -2035.087093 -2037.497946 -2037.181877 -1973.265917 -1238.747065 -1261.729641 -1246.416819 -1236.034021 -1231.170852 -1230.416258 -1230.333909 -1230.340262 -1230.359240 -1230.379761 -1230.399498 -1230.417786 -1230.434848 -1230.455466 -1230.523782 -1230.977682 -1233.572560 -1239.285228 -1245.841373 -1212.326375 -1944.459025 -2031.083798 -2036.301586 -2035.896139 -2035.683050 -2035.634756 -2035.626272 -2035.625278 -2035.625519 -2035.625894 -2035.626220 -2035.626482 -2035.626691 -2035.626861 -2035.627003 -2035.627124 -2035.627232 -2035.627333 -2035.627435 -2035.627548 -2035.627683 -2035.627859 -2035.628105 -2035.628466 -2035.629016 -2035.629880 -2035.631272 -2035.633578 -2035.637509 -2035.644421 -2035.656973 -2035.680501 -2035.726005 -2035.817046 -2036.007058 -2036.426421 -2037.421029 -2040.004150 -2047.518042 -2072.452919 -9999.0 -9999.0
-9999.0 -9999.0 273.872809 175.395876 76.281218 -23.047391 -122.458623 -221.903644 -321.357895 -420.804481 -520.226721 -619.591866 -718.837577 -818.042871 -917.192844 -1016.325649 -1115.420629 -1214.139998 -1312.380382 -1409.716612 -1505.251758 -1597.265825 -1683.130389 -1759.947015 -1825.564346 -1879.196717 -1921.377135 -1953.509122 -1977.364942 -1994.717153 -2007.135468 -2015.909329 -2022.045720 -2026.303454 -2029.240230 -2031.261524 -2032.674039 -2033.777245 -2035.087093 -2037.497946 -2037.181877 -1973.265917 -1238.747065 -1261.729641 -1246.416819 -1236.034021 -1231.170852 -1230.416258 -1230.333909 -1230.340262 -1230.359240 -1230.379761 -1230.399498 -1230.417786 -1230.434848 -1230.455466 -1230.523782 -1230.977682 -1233.572560 -1239.285228 -1245.841373 -1212.326375 -1944.459025 -2031.083798 -2036.301586 -2035.896139 -2035.683050 -2035.634756 -2035.626272 -2035.625278 -2035.625519 -2035.625894 -2035.626220 -2035.626482 -2035.626691 -2035.626861 -2035.627003 -2035.627124 -2035.627232 -2035.627333 -2035.627435 -2035.627548 -2035.627683 -2035.627859 -2035.628105 -2035.628466 -2035.629016 -2035.629880 -2035.631272 -2035.633578 -2035.637509 -2035.644421 -2035.656973 -2035.680501 -2035.726005 -2035.817046 -2036.007058 -2036.426421 -2037.421029 -2040.004150 -2047.518042 -2072.452919 -9999.0 -9999.0
-9999.0 -9999.0 273.872809 175.395876 76.281218 -23.047391 -122.458623 -221.903644 -321.357895 -420.804481 -520.226721 -619.591866 -718.837577 -818.042871 -917.192844 -1016.325649 -1115.420629 -1214.139998 -1312.380382 -1409.716612 -1505.251758 -1597.265825 -1683.130389 -1759.947015 -1825.564346 -1879.196717 -1921.377135 -1953.509122 -1977.364942 -1994.717153 -2007.135468 -2015.909329 -2022.045720 -2026.303454 -2029.240230 -2031.261524 -2032.674039 -2033.777245 -2035.087093 -2037.497946 -2037.181877 -1973.265917 -1238.747065 -1261.729641 -1246.416819 -1236.034021 -1231.170852 -1230.416258 -1230.333909 -1230.340262 -1230.359240 -1230.379761 -1230.399498 -1230.417786 -1230.434848 -1230.455466 -1230.523782 -1230.977682 -1233.572560 -1239.285228 -1245.841373 -1212.326375 -1944.459025 -2031.083798 -2036.301586 -2035.896139 -2035.683050 -2035.634756 -2035.626272 -2035.625278 -2035.625519 -2035.625894 -2035.626220 -2035.626482 -2035.626691 -2035.626861 -2035.627003 -2035.627124 -2035.627232 -2035.627333 -2035.627435 -2035.627548 -2035.627683 -2035.627859 -2035.628105 -2035.628466 -2035.629016 -2035.629880 -2035.631272 -2035.633578 -2035.637509 -2035.644421 -2035.656973 -2035.680501 -2035.726005 -2035.817046 -2036.007058 -2036.426421 -2037.421029 -2040.004150 -2047.518042 -2072.452919 -9999.0 -9999.0
-9999.0 -9999.0 273.871542 175.395173 76.280939 -23.047492 -122.458659 -221.903657 -321.357900 -420.804483 -520.226722 -619.591867 -718.837577 -818.042871 -917.192844 -1016.325649 -1115.420629 -1214.139998 -1312.380382 -1409.716612 -1505.251758 -1597.265825 -1683.130389 -1759.947015 -1825.564346 -1879.196717 -1921.377135 -1953.509122 -1977.364942 -1994.717153 -2007.135468 -2015.909329 -2022.045720 -2026.303454 -2029.240230 -2031.261524 -2032.674039 -2033.777245 -2035.087093 -2037.497946 -2037.181877 -1973.265917 -1238.747065 -1261.729641 -1246.416819 -1236.034021 -1231.170852 -1230.416258 -1230.333909 -1230.340262 -1230.359240 -1230.379761 -1230.399498 -1230.417786 -1230.434848 -1230.455466 -1230.523782 -1230.977682 -1233.572560 -1239.285228 -1245.841373 -1212.326375 -1944.459025 -2031.083798 -2036.301586 -2035.896139 -2035.683050 -2035.634756 -2035.626272 -2035.625278 -2035.625519 -2035.625894 -2035.626220 -2035.626482 -2035.626691 -2035.626861 -2035.627003 -2035.627124 -2035.627232 -2035.627333 -2035.627435 -2035.627548 -2035.627683 -2035.627859 -2035.628105 -2035.628466 -2035.629016 -2035.629880 -2035.631272 -2035.633578 -2035.637509 -2035.644421 -2035.656973 -2035.680501 -2035.726005 -2035.817046 -2036.007058 -2036.426421 -2037.421029 -2040.004150 -2047.518042 -2072.452919 -9999.0 -9999.0
-9999.0 -9999.0 273.864226 175.393495 76.280501 -23.047621 -122.458700 -221.903671 -321.357905 -420.804485 -520.226723 -619.591867 -718.837577 -818.042871 -917.192844 -1016.325649 -1115.420629 -1214.139998 -1312.380382 -1409.716611 -1505.251758 -1597.265825 -1683.130389 -1759.947015 -1825.564346 -1879.196717 -1921.377135 -1953.509122 -1977.364942 -1994.717153 -2007.135468 -2015.909329 -2022.045720 -2026.303454 -2029.240230 -2031.261524 -2032.674039 -2033.777245 -2035.087093 -2037.497946 -2037.181877 -1973.265917 -1238.747065 -1261.729641 -1246.416819 -1236.034021 -1231.170852 -1230.416258 -1230.333909 -1230.340262 -1230.359240 -1230.379761 -1230.399498 -1230.417786 -1230.434848 -1230.455466 -1230.523782 -1230.977682 -1233.572560 -1239.285228 -1245.841373 -1212.326375 -1944.459025 -2031.083799 -2036.301586 -2035.896139 -2035.683050 -2035.634756 -2035.626272 -2035.625278 -2035.625519 -2035.625894 -2035.626220 -2035.626482 -2035.626691 -2035.626861 -2035.627003 -2035.627124 -2035.627232 -2035.627333 -2035.627435 -2035.627548 -2035.627683 -2035.627859 -2035.628105 -2035.628466 -2035.629017 -2035.629880 -2035.631272 -2035.633578 -2035.637509 -2035.644421 -2035.656973 -2035.680501 -2035.726005 -2035.817046 -2036.007058 -2036.426421 -2037.421029 -2040.004150 -2047.518042 -2072.452919 -9999.0 -9999.0
-9999.0 -9999.0 -9999.0 -9999.0 -9999.0 -9999.0 -9999.0 -9999.0 -9999.0 -9999.0 -9999.0 -9999.0 -9999.0 -9999.0 -9999.0 -9999.0 -9999.0 -9999.0 -9999.0 -9999.0 -9999.0 -9999.0 -9999.0 -9999.0 -9999.0 -9999.0 -9999.0 -9999.0 -9999.0 -9999.0 -9999.0 -9999.0 -9999.0 -9999.0 -9999.0 -9999.0 -9999.0 -9999.0 -9999.0 -9999.0 -9999.0 -9999.0 -9999.0 -9999.0 -9999.0 -9999.0 -9999.0 -9999.0 -9999.0 -9999.0 -9999.0 -9999.0 -9999.0 -9999.0 -9999.0 -9999.0 -9999.0 -9999.0 -9999.0 -9999.0 -9999.0 -9999.0 -9999.0 -9999.0 -9999.0 -9999.0 -9999.0 -9999.0 -9999.0 -9999.0 -9999.0 -9999.0 -9999.0 -9999.0 -9999.0 -9999.0 -9999.0 -9999.0 -9999.0 -9999.0 -9999.0 -9999.0 -9999.0 -9999.0 -9999.0 -9999.0 -9999.0 -9999.0 -9999.0 -9999.0 -9999.0 -9999.0 -9999.0 -9999.0 -9999.0 -9999.0 -9999.0 -9999.0 -9999.0 -9999.0 -9999.0 -9999.0 -9999.0 -9999.0
-9999.0 -9999.0 -9999.0 -9999.0 -9999.0 -9999.0 -9999.0 -9999.0 -9999.0 -9999.0 -9999.0 -9999.0 -9999.0 -9999.0 -9999.0 -9999.0 -9999.0 -9999.0 -9999.0 -9999.0 -9999.0 -9999.0 -9999.0 -9999.0 -9999.0 -9999.0 -9999.0 -9999.0 -9999.0 -9999.0 -9999.0 -9999.0 -9999.0 -9999.0 -9999.0 -9999.0 -9999.0 -9999.0 -9999.0 -9999.0 -9999.0 -9999.0 -9999.0 -9999.0 -9999.0 -9999.0 -9999.0 -9999.0 -9999.0 -9999.0 -9999.0 -9999.0 -9999.0 -9999.0 -9999.0 -9999.0 -9999.0 -9999.0 -9999.0 -9999.0 -9999.0 -9999.0 -9999.0 -9999.0 -9999.0 -9999.0 -9999.0 -9999.0 -9999.0 -9999.0 -9999.0 -9999.0 -9999.0 -9999.0 -9999.0 -9999.0 -9999.0 -9999.0 -9999.0 -9999.0 -9999.0 -9999.0 -9999.0 -9999.0 -9999.0 -9999.0 -9999.0 -9999.0 -9999.0 -9999.0 -9999.0 -9999.0 -9999.0 -9999.0 -9999.0 -9999.0 -9999.0 -9999.0 -9999.0 -9999.0 -9999.0 -9999.0 -9999.0 -9999.0