inst/processing_geotop_simulation/geotop_simulation/out/maps3D/PwL0008N0076.asc
ncols         104
nrows         10
xllcorner     -2.000000
yllcorner     0.000000
cellsize      1.000000
NODATA_value  -9999.0
-9999.0 -9999.0 -9999.0 -9999.0 -9999.0 -9999.0 -9999.0 -9999.0 -9999.0 -9999.0 -9999.0 -9999.0 -9999.0 -9999.0 -9999.0 -9999.0 -9999.0 -9999.0 -9999.0 -9999.0 -9999.0 -9999.0 -9999.0 -9999.0 -9999.0 -9999.0 -9999.0 -9999.0 -9999.0 -9999.0 -9999.0 -9999.0 -9999.0 -9999.0 -9999.0 -9999.0 -9999.0 -9999.0 -9999.0 -9999.0 -9999.0 -9999.0 -9999.0 -9999.0 -9999.0 -9999.0 -9999.0 -9999.0 -9999.0 -9999.0 -9999.0 -9999.0 -9999.0 -9999.0 -9999.0 -9999.0 -9999.0 -9999.0 -9999.0 -9999.0 -9999.0 -9999.0 -9999.0 -9999.0 -9999.0 -9999.0 -9999.0 -9999.0 -9999.0 -9999.0 -9999.0 -9999.0 -9999.0 -9999.0 -9999.0 -9999.0 -9999.0 -9999.0 -9999.0 -9999.0 -9999.0 -9999.0 -9999.0 -9999.0 -9999.0 -9999.0 -9999.0 -9999.0 -9999.0 -9999.0 -9999.0 -9999.0 -9999.0 -9999.0 -9999.0 -9999.0 -9999.0 -9999.0 -9999.0 -9999.0 -9999.0 -9999.0 -9999.0 -9999.0
-9999.0 -9999.0 -9999.0 -9999.0 -9999.0 -9999.0 -9999.0 -9999.0 -9999.0 -9999.0 -9999.0 -9999.0 -9999.0 -9999.0 -9999.0 -9999.0 -9999.0 -9999.0 -9999.0 -9999.0 -9999.0 -9999.0 -9999.0 -9999.0 -9999.0 -9999.0 -9999.0 -9999.0 -9999.0 -9999.0 -9999.0 -9999.0 -9999.0 -9999.0 -9999.0 -9999.0 -9999.0 -9999.0 -9999.0 -9999.0 -9999.0 -9999.0 -9999.0 -9999.0 -9999.0 -9999.0 -9999.0 -9999.0 -9999.0 -9999.0 -9999.0 -9999.0 -9999.0 -9999.0 -9999.0 -9999.0 -9999.0 -9999.0 -9999.0 -9999.0 -9999.0 -9999.0 -9999.0 -9999.0 -9999.0 -9999.0 -9999.0 -9999.0 -9999.0 -9999.0 -9999.0 -9999.0 -9999.0 -9999.0 -9999.0 -9999.0 -9999.0 -9999.0 -9999.0 -9999.0 -9999.0 -9999.0 -9999.0 -9999.0 -9999.0 -9999.0 -9999.0 -9999.0 -9999.0 -9999.0 -9999.0 -9999.0 -9999.0 -9999.0 -9999.0 -9999.0 -9999.0 -9999.0 -9999.0 -9999.0 -9999.0 -9999.0 -9999.0 -9999.0
-9999.0 -9999.0 172.986104 72.912136 -26.976267 -126.736034 -227.104817 -330.248680 -440.444341 -561.263304 -688.371993 -803.279840 -883.219572 -917.247774 -965.106521 -1018.402699 -1070.616672 -1123.356225 -1130.023997 -1124.346078 -1115.227345 -1107.474199 -1102.770470 -1101.190508 -1102.129598 -1104.764519 -1108.268844 -1111.949021 -1115.330562 -1118.170701 -1120.406217 -1122.082022 -1123.291766 -1124.138600 -1124.715003 -1125.097311 -1125.356402 -1125.580880 -1125.836367 -1126.380062 -1132.096760 -1184.801829 -1377.486471 -1566.966820 -1454.857270 -1392.560086 -1364.900557 -1361.591070 -1361.263275 -1361.296361 -1361.379778 -1361.469042 -1361.554677 -1361.633889 -1361.707064 -1361.789361 -1362.033587 -1363.818152 -1377.664104 -1409.849552 -1467.778796 -1248.017548 -1165.529860 -1130.467042 -1126.579219 -1126.062083 -1125.964960 -1125.947549 -1125.947069 -1125.949673 -1125.952333 -1125.954479 -1125.956109 -1125.957337 -1125.958271 -1125.958994 -1125.959565 -1125.960024 -1125.960403 -1125.960733 -1125.961051 -1125.961396 -1125.961823 -1125.962409 -1125.963270 -1125.964586 -1125.966648 -1125.969927 -1125.975214 -1125.983863 -1125.998273 -1126.022845 -1126.065933 -1126.143827 -1126.288829 -1126.565315 -1127.101509 -1128.155042 -1130.266643 -1134.679024 -1144.543569 -1169.161453 -9999.0 -9999.0
-9999.0 -9999.0 172.986104 72.912136 -26.976267 -126.736034 -227.104817 -330.248680 -440.444341 -561.263304 -688.371994 -803.279841 -883.219572 -917.247775 -965.106522 -1018.402699 -1070.616672 -1123.356225 -1130.023997 -1124.346078 -1115.227345 -1107.474199 -1102.770470 -1101.190508 -1102.129598 -1104.764519 -1108.268844 -1111.949021 -1115.330562 -1118.170701 -1120.406217 -1122.082022 -1123.291766 -1124.138600 -1124.715003 -1125.097311 -1125.356402 -1125.580880 -1125.836367 -1126.380062 -1132.096760 -1184.801829 -1377.486471 -1566.966819 -1454.857269 -1392.560084 -1364.900557 -1361.591070 -1361.263275 -1361.296361 -1361.379778 -1361.469042 -1361.554677 -1361.633889 -1361.707064 -1361.789361 -1362.033587 -1363.818152 -1377.664104 -1409.849552 -1467.778796 -1248.017548 -1165.529860 -1130.467042 -1126.579219 -1126.062083 -1125.964960 -1125.947549 -1125.947069 -1125.949673 -1125.952333 -1125.954479 -1125.956109 -1125.957337 -1125.958271 -1125.958994 -1125.959565 -1125.960024 -1125.960403 -1125.960733 -1125.961051 -1125.961396 -1125.961823 -1125.962409 -1125.963270 -1125.964586 -1125.966648 -1125.969927 -1125.975214 -1125.983863 -1125.998273 -1126.022845 -1126.065933 -1126.143827 -1126.288829 -1126.565315 -1127.101509 -1128.155042 -1130.266643 -1134.679024 -1144.543569 -1169.161453 -9999.0 -9999.0
-9999.0 -9999.0 172.986103 72.912135 -26.976268 -126.736035 -227.104818 -330.248681 -440.444342 -561.263305 -688.371994 -803.279841 -883.219572 -917.247775 -965.106522 -1018.402699 -1070.616672 -1123.356225 -1130.023997 -1124.346078 -1115.227345 -1107.474199 -1102.770470 -1101.190508 -1102.129598 -1104.764519 -1108.268844 -1111.949021 -1115.330562 -1118.170701 -1120.406217 -1122.082022 -1123.291766 -1124.138600 -1124.715003 -1125.097311 -1125.356402 -1125.580880 -1125.836367 -1126.380062 -1132.096760 -1184.801829 -1377.486471 -1566.966819 -1454.857269 -1392.560083 -1364.900557 -1361.591070 -1361.263275 -1361.296361 -1361.379778 -1361.469042 -1361.554677 -1361.633889 -1361.707064 -1361.789361 -1362.033587 -1363.818152 -1377.664104 -1409.849552 -1467.778796 -1248.017548 -1165.529860 -1130.467042 -1126.579219 -1126.062083 -1125.964960 -1125.947549 -1125.947069 -1125.949673 -1125.952333 -1125.954479 -1125.956109 -1125.957337 -1125.958271 -1125.958994 -1125.959565 -1125.960024 -1125.960403 -1125.960733 -1125.961051 -1125.961396 -1125.961823 -1125.962409 -1125.963270 -1125.964586 -1125.966648 -1125.969927 -1125.975214 -1125.983863 -1125.998273 -1126.022845 -1126.065933 -1126.143827 -1126.288829 -1126.565315 -1127.101509 -1128.155042 -1130.266643 -1134.679024 -1144.543569 -1169.161453 -9999.0 -9999.0
-9999.0 -9999.0 172.986103 72.912135 -26.976268 -126.736035 -227.104818 -330.248681 -440.444342 -561.263305 -688.371994 -803.279841 -883.219572 -917.247775 -965.106522 -1018.402699 -1070.616672 -1123.356225 -1130.023997 -1124.346078 -1115.227345 -1107.474199 -1102.770470 -1101.190508 -1102.129598 -1104.764519 -1108.268844 -1111.949021 -1115.330562 -1118.170701 -1120.406217 -1122.082022 -1123.291766 -1124.138600 -1124.715003 -1125.097311 -1125.356402 -1125.580880 -1125.836367 -1126.380062 -1132.096760 -1184.801829 -1377.486471 -1566.966819 -1454.857269 -1392.560083 -1364.900557 -1361.591070 -1361.263275 -1361.296361 -1361.379778 -1361.469042 -1361.554677 -1361.633889 -1361.707064 -1361.789361 -1362.033587 -1363.818152 -1377.664104 -1409.849552 -1467.778796 -1248.017548 -1165.529860 -1130.467042 -1126.579219 -1126.062083 -1125.964960 -1125.947549 -1125.947069 -1125.949673 -1125.952333 -1125.954479 -1125.956109 -1125.957337 -1125.958271 -1125.958994 -1125.959565 -1125.960024 -1125.960403 -1125.960733 -1125.961051 -1125.961396 -1125.961823 -1125.962409 -1125.963270 -1125.964586 -1125.966648 -1125.969927 -1125.975214 -1125.983863 -1125.998273 -1126.022845 -1126.065933 -1126.143827 -1126.288829 -1126.565315 -1127.101509 -1128.155042 -1130.266643 -1134.679024 -1144.543569 -1169.161453 -9999.0 -9999.0
-9999.0 -9999.0 172.986104 72.912136 -26.976268 -126.736034 -227.104817 -330.248680 -440.444341 -561.263304 -688.371994 -803.279841 -883.219572 -917.247775 -965.106522 -1018.402699 -1070.616672 -1123.356225 -1130.023997 -1124.346078 -1115.227345 -1107.474199 -1102.770470 -1101.190508 -1102.129598 -1104.764519 -1108.268844 -1111.949021 -1115.330562 -1118.170701 -1120.406217 -1122.082022 -1123.291766 -1124.138600 -1124.715003 -1125.097311 -1125.356402 -1125.580880 -1125.836367 -1126.380062 -1132.096760 -1184.801829 -1377.486471 -1566.966819 -1454.857269 -1392.560084 -1364.900557 -1361.591070 -1361.263275 -1361.296361 -1361.379778 -1361.469042 -1361.554677 -1361.633889 -1361.707064 -1361.789361 -1362.033587 -1363.818152 -1377.664104 -1409.849552 -1467.778796 -1248.017548 -1165.529860 -1130.467042 -1126.579219 -1126.062083 -1125.964960 -1125.947549 -1125.947069 -1125.949673 -1125.952333 -1125.954479 -1125.956109 -1125.957337 -1125.958271 -1125.958994 -1125.959565 -1125.960024 -1125.960403 -1125.960733 -1125.961051 -1125.961396 -1125.961823 -1125.962409 -1125.963270 -1125.964586 -1125.966648 -1125.969927 -1125.975214 -1125.983863 -1125.998273 -1126.022845 -1126.065933 -1126.143827 -1126.288829 -1126.565315 -1127.101509 -1128.155042 -1130.266643 -1134.679024 -1144.543569 -1169.161453 -9999.0 -9999.0
-9999.0 -9999.0 172.986104 72.912136 -26.976267 -126.736034 -227.104817 -330.248680 -440.444341 -561.263304 -688.371993 -803.279840 -883.219572 -917.247774 -965.106521 -1018.402699 -1070.616672 -1123.356225 -1130.023997 -1124.346078 -1115.227345 -1107.474199 -1102.770470 -1101.190508 -1102.129598 -1104.764519 -1108.268844 -1111.949021 -1115.330562 -1118.170701 -1120.406217 -1122.082022 -1123.291766 -1124.138600 -1124.715003 -1125.097311 -1125.356402 -1125.580880 -1125.836367 -1126.380062 -1132.096760 -1184.801829 -1377.486471 -1566.966820 -1454.857270 -1392.560086 -1364.900557 -1361.591070 -1361.263275 -1361.296361 -1361.379778 -1361.469042 -1361.554677 -1361.633889 -1361.707064 -1361.789361 -1362.033587 -1363.818152 -1377.664104 -1409.849552 -1467.778796 -1248.017548 -1165.529860 -1130.467042 -1126.579219 -1126.062083 -1125.964960 -1125.947549 -1125.947069 -1125.949673 -1125.952333 -1125.954479 -1125.956109 -1125.957337 -1125.958271 -1125.958994 -1125.959565 -1125.960024 -1125.960403 -1125.960733 -1125.961051 -1125.961396 -1125.961823 -1125.962409 -1125.963270 -1125.964586 -1125.966648 -1125.969927 -1125.975214 -1125.983863 -1125.998273 -1126.022845 -1126.065933 -1126.143827 -1126.288829 -1126.565315 -1127.101509 -1128.155042 -1130.266643 -1134.679024 -1144.543569 -1169.161453 -9999.0 -9999.0
-9999.0 -9999.0 -9999.0 -9999.0 -9999.0 -9999.0 -9999.0 -9999.0 -9999.0 -9999.0 -9999.0 -9999.0 -9999.0 -9999.0 -9999.0 -9999.0 -9999.0 -9999.0 -9999.0 -9999.0 -9999.0 -9999.0 -9999.0 -9999.0 -9999.0 -9999.0 -9999.0 -9999.0 -9999.0 -9999.0 -9999.0 -9999.0 -9999.0 -9999.0 -9999.0 -9999.0 -9999.0 -9999.0 -9999.0 -9999.0 -9999.0 -9999.0 -9999.0 -9999.0 -9999.0 -9999.0 -9999.0 -9999.0 -9999.0 -9999.0 -9999.0 -9999.0 -9999.0 -9999.0 -9999.0 -9999.0 -9999.0 -9999.0 -9999.0 -9999.0 -9999.0 -9999.0 -9999.0 -9999.0 -9999.0 -9999.0 -9999.0 -9999.0 -9999.0 -9999.0 -9999.0 -9999.0 -9999.0 -9999.0 -9999.0 -9999.0 -9999.0 -9999.0 -9999.0 -9999.0 -9999.0 -9999.0 -9999.0 -9999.0 -9999.0 -9999.0 -9999.0 -9999.0 -9999.0 -9999.0 -9999.0 -9999.0 -9999.0 -9999.0 -9999.0 -9999.0 -9999.0 -9999.0 -9999.0 -9999.0 -9999.0 -9999.0 -9999.0 -9999.0
-9999.0 -9999.0 -9999.0 -9999.0 -9999.0 -9999.0 -9999.0 -9999.0 -9999.0 -9999.0 -9999.0 -9999.0 -9999.0 -9999.0 -9999.0 -9999.0 -9999.0 -9999.0 -9999.0 -9999.0 -9999.0 -9999.0 -9999.0 -9999.0 -9999.0 -9999.0 -9999.0 -9999.0 -9999.0 -9999.0 -9999.0 -9999.0 -9999.0 -9999.0 -9999.0 -9999.0 -9999.0 -9999.0 -9999.0 -9999.0 -9999.0 -9999.0 -9999.0 -9999.0 -9999.0 -9999.0 -9999.0 -9999.0 -9999.0 -9999.0 -9999.0 -9999.0 -9999.0 -9999.0 -9999.0 -9999.0 -9999.0 -9999.0 -9999.0 -9999.0 -9999.0 -9999.0 -9999.0 -9999.0 -9999.0 -9999.0 -9999.0 -9999.0 -9999.0 -9999.0 -9999.0 -9999.0 -9999.0 -9999.0 -9999.0 -9999.0 -9999.0 -9999.0 -9999.0 -9999.0 -9999.0 -9999.0 -9999.0 -9999.0 -9999.0 -9999.0 -9999.0 -9999.0 -9999.0 -9999.0 -9999.0 -9999.0 -9999.0 -9999.0 -9999.0 -9999.0 -9999.0 -9999.0 -9999.0 -9999.0 -9999.0 -9999.0 -9999.0 -9999.0