inst/processing_geotop_simulation/geotop_simulation/out/maps3D/PwL0011N0381.asc
ncols         104
nrows         10
xllcorner     -2.000000
yllcorner     0.000000
cellsize      1.000000
NODATA_value  -9999.0
-9999.0 -9999.0 -9999.0 -9999.0 -9999.0 -9999.0 -9999.0 -9999.0 -9999.0 -9999.0 -9999.0 -9999.0 -9999.0 -9999.0 -9999.0 -9999.0 -9999.0 -9999.0 -9999.0 -9999.0 -9999.0 -9999.0 -9999.0 -9999.0 -9999.0 -9999.0 -9999.0 -9999.0 -9999.0 -9999.0 -9999.0 -9999.0 -9999.0 -9999.0 -9999.0 -9999.0 -9999.0 -9999.0 -9999.0 -9999.0 -9999.0 -9999.0 -9999.0 -9999.0 -9999.0 -9999.0 -9999.0 -9999.0 -9999.0 -9999.0 -9999.0 -9999.0 -9999.0 -9999.0 -9999.0 -9999.0 -9999.0 -9999.0 -9999.0 -9999.0 -9999.0 -9999.0 -9999.0 -9999.0 -9999.0 -9999.0 -9999.0 -9999.0 -9999.0 -9999.0 -9999.0 -9999.0 -9999.0 -9999.0 -9999.0 -9999.0 -9999.0 -9999.0 -9999.0 -9999.0 -9999.0 -9999.0 -9999.0 -9999.0 -9999.0 -9999.0 -9999.0 -9999.0 -9999.0 -9999.0 -9999.0 -9999.0 -9999.0 -9999.0 -9999.0 -9999.0 -9999.0 -9999.0 -9999.0 -9999.0 -9999.0 -9999.0 -9999.0 -9999.0
-9999.0 -9999.0 -9999.0 -9999.0 -9999.0 -9999.0 -9999.0 -9999.0 -9999.0 -9999.0 -9999.0 -9999.0 -9999.0 -9999.0 -9999.0 -9999.0 -9999.0 -9999.0 -9999.0 -9999.0 -9999.0 -9999.0 -9999.0 -9999.0 -9999.0 -9999.0 -9999.0 -9999.0 -9999.0 -9999.0 -9999.0 -9999.0 -9999.0 -9999.0 -9999.0 -9999.0 -9999.0 -9999.0 -9999.0 -9999.0 -9999.0 -9999.0 -9999.0 -9999.0 -9999.0 -9999.0 -9999.0 -9999.0 -9999.0 -9999.0 -9999.0 -9999.0 -9999.0 -9999.0 -9999.0 -9999.0 -9999.0 -9999.0 -9999.0 -9999.0 -9999.0 -9999.0 -9999.0 -9999.0 -9999.0 -9999.0 -9999.0 -9999.0 -9999.0 -9999.0 -9999.0 -9999.0 -9999.0 -9999.0 -9999.0 -9999.0 -9999.0 -9999.0 -9999.0 -9999.0 -9999.0 -9999.0 -9999.0 -9999.0 -9999.0 -9999.0 -9999.0 -9999.0 -9999.0 -9999.0 -9999.0 -9999.0 -9999.0 -9999.0 -9999.0 -9999.0 -9999.0 -9999.0 -9999.0 -9999.0 -9999.0 -9999.0 -9999.0 -9999.0
-9999.0 -9999.0 522.588437 424.216443 325.367552 226.276126 127.079823 27.840162 -71.410389 -170.658702 -269.894036 -369.098153 -468.238653 -567.247769 -666.029950 -764.700203 -863.383607 -961.916644 -1060.271054 -1157.782798 -1253.130224 -1345.067486 -1431.182172 -1508.830235 -1575.947810 -1631.579463 -1675.942221 -1710.142503 -1735.766631 -1754.519380 -1767.984985 -1777.508499 -1784.163779 -1788.771434 -1791.939319 -1794.110271 -1795.616043 -1796.770444 -1798.132735 -1801.116203 -1806.931798 -1795.274684 -1401.110219 -1691.759010 -1621.898270 -1577.233880 -1557.124974 -1554.372113 -1554.087879 -1554.115066 -1554.186432 -1554.263101 -1554.336748 -1554.404928 -1554.468148 -1554.541229 -1554.767658 -1556.343761 -1566.720580 -1590.440966 -1617.384983 -1320.438577 -1759.439214 -1799.386311 -1799.892246 -1799.048031 -1798.810071 -1798.763601 -1798.756054 -1798.755321 -1798.755664 -1798.756098 -1798.756467 -1798.756759 -1798.756992 -1798.757179 -1798.757334 -1798.757465 -1798.757581 -1798.757689 -1798.757798 -1798.757917 -1798.758061 -1798.758250 -1798.758517 -1798.758911 -1798.759514 -1798.760464 -1798.761998 -1798.764537 -1798.768860 -1798.776445 -1798.790183 -1798.815859 -1798.865339 -1798.963858 -1799.168070 -1799.614518 -1800.659115 -1803.318487 -1810.870619 -1835.545336 -9999.0 -9999.0
-9999.0 -9999.0 522.593729 424.217974 325.367986 226.276258 127.079866 27.840177 -71.410383 -170.658699 -269.894035 -369.098152 -468.238653 -567.247769 -666.029950 -764.700203 -863.383608 -961.916644 -1060.271054 -1157.782798 -1253.130225 -1345.067486 -1431.182172 -1508.830235 -1575.947810 -1631.579463 -1675.942221 -1710.142503 -1735.766631 -1754.519380 -1767.984985 -1777.508499 -1784.163779 -1788.771434 -1791.939319 -1794.110271 -1795.616043 -1796.770444 -1798.132735 -1801.116203 -1806.931798 -1795.274684 -1401.110219 -1691.759009 -1621.898270 -1577.233879 -1557.124974 -1554.372113 -1554.087879 -1554.115066 -1554.186432 -1554.263101 -1554.336748 -1554.404928 -1554.468148 -1554.541229 -1554.767658 -1556.343761 -1566.720580 -1590.440966 -1617.384983 -1320.438577 -1759.439214 -1799.386311 -1799.892246 -1799.048031 -1798.810071 -1798.763601 -1798.756054 -1798.755321 -1798.755664 -1798.756098 -1798.756467 -1798.756759 -1798.756992 -1798.757179 -1798.757334 -1798.757465 -1798.757581 -1798.757689 -1798.757798 -1798.757917 -1798.758061 -1798.758250 -1798.758517 -1798.758911 -1798.759514 -1798.760464 -1798.761997 -1798.764537 -1798.768860 -1798.776445 -1798.790183 -1798.815859 -1798.865339 -1798.963858 -1799.168070 -1799.614518 -1800.659115 -1803.318487 -1810.870619 -1835.545336 -9999.0 -9999.0
-9999.0 -9999.0 522.595068 424.218674 325.368268 226.276363 127.079904 27.840191 -71.410378 -170.658697 -269.894034 -369.098152 -468.238653 -567.247768 -666.029950 -764.700203 -863.383608 -961.916644 -1060.271054 -1157.782799 -1253.130225 -1345.067486 -1431.182172 -1508.830235 -1575.947810 -1631.579463 -1675.942221 -1710.142503 -1735.766631 -1754.519380 -1767.984985 -1777.508499 -1784.163779 -1788.771434 -1791.939319 -1794.110271 -1795.616043 -1796.770444 -1798.132735 -1801.116203 -1806.931798 -1795.274684 -1401.110219 -1691.759009 -1621.898269 -1577.233878 -1557.124974 -1554.372113 -1554.087879 -1554.115066 -1554.186432 -1554.263101 -1554.336748 -1554.404928 -1554.468148 -1554.541229 -1554.767658 -1556.343761 -1566.720580 -1590.440966 -1617.384983 -1320.438577 -1759.439214 -1799.386311 -1799.892246 -1799.048031 -1798.810071 -1798.763601 -1798.756054 -1798.755321 -1798.755664 -1798.756098 -1798.756467 -1798.756759 -1798.756992 -1798.757179 -1798.757334 -1798.757465 -1798.757581 -1798.757689 -1798.757798 -1798.757917 -1798.758061 -1798.758250 -1798.758517 -1798.758911 -1798.759514 -1798.760464 -1798.761997 -1798.764537 -1798.768860 -1798.776445 -1798.790183 -1798.815859 -1798.865339 -1798.963858 -1799.168070 -1799.614518 -1800.659115 -1803.318487 -1810.870619 -1835.545336 -9999.0 -9999.0
-9999.0 -9999.0 522.595068 424.218674 325.368268 226.276363 127.079904 27.840191 -71.410378 -170.658697 -269.894034 -369.098152 -468.238653 -567.247769 -666.029950 -764.700203 -863.383608 -961.916644 -1060.271054 -1157.782799 -1253.130225 -1345.067486 -1431.182172 -1508.830235 -1575.947810 -1631.579463 -1675.942221 -1710.142503 -1735.766631 -1754.519380 -1767.984985 -1777.508499 -1784.163779 -1788.771434 -1791.939319 -1794.110271 -1795.616043 -1796.770444 -1798.132735 -1801.116203 -1806.931798 -1795.274684 -1401.110219 -1691.759009 -1621.898269 -1577.233878 -1557.124974 -1554.372113 -1554.087879 -1554.115066 -1554.186432 -1554.263101 -1554.336748 -1554.404928 -1554.468148 -1554.541229 -1554.767658 -1556.343761 -1566.720580 -1590.440966 -1617.384983 -1320.438577 -1759.439214 -1799.386311 -1799.892246 -1799.048031 -1798.810071 -1798.763601 -1798.756054 -1798.755321 -1798.755664 -1798.756098 -1798.756467 -1798.756759 -1798.756992 -1798.757179 -1798.757334 -1798.757465 -1798.757581 -1798.757689 -1798.757798 -1798.757917 -1798.758061 -1798.758250 -1798.758517 -1798.758911 -1798.759514 -1798.760464 -1798.761997 -1798.764537 -1798.768860 -1798.776445 -1798.790183 -1798.815859 -1798.865339 -1798.963858 -1799.168070 -1799.614518 -1800.659115 -1803.318487 -1810.870619 -1835.545336 -9999.0 -9999.0
-9999.0 -9999.0 522.593729 424.217973 325.367986 226.276258 127.079866 27.840177 -71.410383 -170.658699 -269.894035 -369.098152 -468.238653 -567.247768 -666.029950 -764.700203 -863.383608 -961.916644 -1060.271054 -1157.782798 -1253.130225 -1345.067486 -1431.182172 -1508.830235 -1575.947810 -1631.579463 -1675.942221 -1710.142503 -1735.766631 -1754.519380 -1767.984985 -1777.508499 -1784.163779 -1788.771434 -1791.939319 -1794.110271 -1795.616043 -1796.770444 -1798.132735 -1801.116203 -1806.931798 -1795.274684 -1401.110219 -1691.759009 -1621.898270 -1577.233879 -1557.124974 -1554.372113 -1554.087879 -1554.115066 -1554.186432 -1554.263101 -1554.336748 -1554.404928 -1554.468148 -1554.541229 -1554.767658 -1556.343761 -1566.720580 -1590.440966 -1617.384983 -1320.438577 -1759.439214 -1799.386311 -1799.892246 -1799.048031 -1798.810071 -1798.763601 -1798.756054 -1798.755321 -1798.755664 -1798.756098 -1798.756467 -1798.756759 -1798.756992 -1798.757179 -1798.757334 -1798.757465 -1798.757581 -1798.757689 -1798.757798 -1798.757917 -1798.758061 -1798.758250 -1798.758517 -1798.758911 -1798.759514 -1798.760464 -1798.761997 -1798.764537 -1798.768860 -1798.776445 -1798.790183 -1798.815859 -1798.865339 -1798.963858 -1799.168070 -1799.614518 -1800.659115 -1803.318487 -1810.870619 -1835.545336 -9999.0 -9999.0
-9999.0 -9999.0 522.588437 424.216443 325.367552 226.276126 127.079823 27.840162 -71.410389 -170.658702 -269.894036 -369.098153 -468.238653 -567.247769 -666.029950 -764.700203 -863.383607 -961.916644 -1060.271054 -1157.782798 -1253.130224 -1345.067486 -1431.182172 -1508.830235 -1575.947810 -1631.579463 -1675.942221 -1710.142503 -1735.766631 -1754.519380 -1767.984985 -1777.508499 -1784.163779 -1788.771434 -1791.939319 -1794.110271 -1795.616043 -1796.770444 -1798.132735 -1801.116203 -1806.931798 -1795.274684 -1401.110219 -1691.759010 -1621.898270 -1577.233880 -1557.124974 -1554.372113 -1554.087879 -1554.115066 -1554.186432 -1554.263101 -1554.336748 -1554.404928 -1554.468148 -1554.541229 -1554.767658 -1556.343761 -1566.720580 -1590.440966 -1617.384983 -1320.438577 -1759.439214 -1799.386311 -1799.892246 -1799.048031 -1798.810071 -1798.763601 -1798.756054 -1798.755321 -1798.755664 -1798.756098 -1798.756467 -1798.756759 -1798.756992 -1798.757179 -1798.757334 -1798.757465 -1798.757581 -1798.757689 -1798.757798 -1798.757917 -1798.758061 -1798.758250 -1798.758517 -1798.758911 -1798.759514 -1798.760464 -1798.761998 -1798.764537 -1798.768860 -1798.776445 -1798.790183 -1798.815859 -1798.865339 -1798.963858 -1799.168070 -1799.614518 -1800.659115 -1803.318487 -1810.870619 -1835.545336 -9999.0 -9999.0
-9999.0 -9999.0 -9999.0 -9999.0 -9999.0 -9999.0 -9999.0 -9999.0 -9999.0 -9999.0 -9999.0 -9999.0 -9999.0 -9999.0 -9999.0 -9999.0 -9999.0 -9999.0 -9999.0 -9999.0 -9999.0 -9999.0 -9999.0 -9999.0 -9999.0 -9999.0 -9999.0 -9999.0 -9999.0 -9999.0 -9999.0 -9999.0 -9999.0 -9999.0 -9999.0 -9999.0 -9999.0 -9999.0 -9999.0 -9999.0 -9999.0 -9999.0 -9999.0 -9999.0 -9999.0 -9999.0 -9999.0 -9999.0 -9999.0 -9999.0 -9999.0 -9999.0 -9999.0 -9999.0 -9999.0 -9999.0 -9999.0 -9999.0 -9999.0 -9999.0 -9999.0 -9999.0 -9999.0 -9999.0 -9999.0 -9999.0 -9999.0 -9999.0 -9999.0 -9999.0 -9999.0 -9999.0 -9999.0 -9999.0 -9999.0 -9999.0 -9999.0 -9999.0 -9999.0 -9999.0 -9999.0 -9999.0 -9999.0 -9999.0 -9999.0 -9999.0 -9999.0 -9999.0 -9999.0 -9999.0 -9999.0 -9999.0 -9999.0 -9999.0 -9999.0 -9999.0 -9999.0 -9999.0 -9999.0 -9999.0 -9999.0 -9999.0 -9999.0 -9999.0
-9999.0 -9999.0 -9999.0 -9999.0 -9999.0 -9999.0 -9999.0 -9999.0 -9999.0 -9999.0 -9999.0 -9999.0 -9999.0 -9999.0 -9999.0 -9999.0 -9999.0 -9999.0 -9999.0 -9999.0 -9999.0 -9999.0 -9999.0 -9999.0 -9999.0 -9999.0 -9999.0 -9999.0 -9999.0 -9999.0 -9999.0 -9999.0 -9999.0 -9999.0 -9999.0 -9999.0 -9999.0 -9999.0 -9999.0 -9999.0 -9999.0 -9999.0 -9999.0 -9999.0 -9999.0 -9999.0 -9999.0 -9999.0 -9999.0 -9999.0 -9999.0 -9999.0 -9999.0 -9999.0 -9999.0 -9999.0 -9999.0 -9999.0 -9999.0 -9999.0 -9999.0 -9999.0 -9999.0 -9999.0 -9999.0 -9999.0 -9999.0 -9999.0 -9999.0 -9999.0 -9999.0 -9999.0 -9999.0 -9999.0 -9999.0 -9999.0 -9999.0 -9999.0 -9999.0 -9999.0 -9999.0 -9999.0 -9999.0 -9999.0 -9999.0 -9999.0 -9999.0 -9999.0 -9999.0 -9999.0 -9999.0 -9999.0 -9999.0 -9999.0 -9999.0 -9999.0 -9999.0 -9999.0 -9999.0 -9999.0 -9999.0 -9999.0 -9999.0 -9999.0