inst/processing_geotop_simulation/geotop_simulation/out/maps3D/PwL0002N0260.asc
ncols         104
nrows         10
xllcorner     -2.000000
yllcorner     0.000000
cellsize      1.000000
NODATA_value  -9999.0
-9999.0 -9999.0 -9999.0 -9999.0 -9999.0 -9999.0 -9999.0 -9999.0 -9999.0 -9999.0 -9999.0 -9999.0 -9999.0 -9999.0 -9999.0 -9999.0 -9999.0 -9999.0 -9999.0 -9999.0 -9999.0 -9999.0 -9999.0 -9999.0 -9999.0 -9999.0 -9999.0 -9999.0 -9999.0 -9999.0 -9999.0 -9999.0 -9999.0 -9999.0 -9999.0 -9999.0 -9999.0 -9999.0 -9999.0 -9999.0 -9999.0 -9999.0 -9999.0 -9999.0 -9999.0 -9999.0 -9999.0 -9999.0 -9999.0 -9999.0 -9999.0 -9999.0 -9999.0 -9999.0 -9999.0 -9999.0 -9999.0 -9999.0 -9999.0 -9999.0 -9999.0 -9999.0 -9999.0 -9999.0 -9999.0 -9999.0 -9999.0 -9999.0 -9999.0 -9999.0 -9999.0 -9999.0 -9999.0 -9999.0 -9999.0 -9999.0 -9999.0 -9999.0 -9999.0 -9999.0 -9999.0 -9999.0 -9999.0 -9999.0 -9999.0 -9999.0 -9999.0 -9999.0 -9999.0 -9999.0 -9999.0 -9999.0 -9999.0 -9999.0 -9999.0 -9999.0 -9999.0 -9999.0 -9999.0 -9999.0 -9999.0 -9999.0 -9999.0 -9999.0
-9999.0 -9999.0 -9999.0 -9999.0 -9999.0 -9999.0 -9999.0 -9999.0 -9999.0 -9999.0 -9999.0 -9999.0 -9999.0 -9999.0 -9999.0 -9999.0 -9999.0 -9999.0 -9999.0 -9999.0 -9999.0 -9999.0 -9999.0 -9999.0 -9999.0 -9999.0 -9999.0 -9999.0 -9999.0 -9999.0 -9999.0 -9999.0 -9999.0 -9999.0 -9999.0 -9999.0 -9999.0 -9999.0 -9999.0 -9999.0 -9999.0 -9999.0 -9999.0 -9999.0 -9999.0 -9999.0 -9999.0 -9999.0 -9999.0 -9999.0 -9999.0 -9999.0 -9999.0 -9999.0 -9999.0 -9999.0 -9999.0 -9999.0 -9999.0 -9999.0 -9999.0 -9999.0 -9999.0 -9999.0 -9999.0 -9999.0 -9999.0 -9999.0 -9999.0 -9999.0 -9999.0 -9999.0 -9999.0 -9999.0 -9999.0 -9999.0 -9999.0 -9999.0 -9999.0 -9999.0 -9999.0 -9999.0 -9999.0 -9999.0 -9999.0 -9999.0 -9999.0 -9999.0 -9999.0 -9999.0 -9999.0 -9999.0 -9999.0 -9999.0 -9999.0 -9999.0 -9999.0 -9999.0 -9999.0 -9999.0 -9999.0 -9999.0 -9999.0 -9999.0
-9999.0 -9999.0 77.490503 -17.247969 -114.714934 -212.836214 -311.196075 -409.633322 -508.064600 -606.421320 -704.542798 -802.344074 -899.724208 -996.540453 -1093.240248 -1189.714338 -1284.943005 -1378.307590 -1469.139669 -1556.019045 -1635.339755 -1702.861906 -1756.385961 -1796.442980 -1825.244703 -1845.437964 -1859.382188 -1868.915541 -1875.379822 -1879.727682 -1882.628612 -1884.549672 -1885.813695 -1886.641242 -1887.181448 -1887.536064 -1887.782281 -1888.016630 -1888.543886 -1890.635404 -1896.698684 -1870.335713 -1152.533587 -1150.841169 -1139.971565 -1132.982862 -1129.701133 -1129.207116 -1129.154819 -1129.160889 -1129.175557 -1129.191290 -1129.206407 -1129.220405 -1129.233380 -1129.248294 -1129.293213 -1129.590379 -1131.344546 -1135.259224 -1140.976506 -1134.912456 -1848.196431 -1891.116917 -1889.378977 -1888.480047 -1888.305874 -1888.277773 -1888.273910 -1888.274012 -1888.274679 -1888.275306 -1888.275804 -1888.276185 -1888.276477 -1888.276704 -1888.276883 -1888.277028 -1888.277150 -1888.277259 -1888.277365 -1888.277485 -1888.277635 -1888.277845 -1888.278154 -1888.278631 -1888.279383 -1888.280586 -1888.282546 -1888.285797 -1888.291310 -1888.300911 -1888.318131 -1888.349943 -1888.410349 -1888.527991 -1888.763577 -1889.254004 -1890.334807 -1892.913043 -1899.823331 -1922.212069 -9999.0 -9999.0
-9999.0 -9999.0 77.502200 -17.245873 -114.714410 -212.836062 -311.196027 -409.633306 -508.064594 -606.421318 -704.542797 -802.344074 -899.724207 -996.540453 -1093.240248 -1189.714338 -1284.943005 -1378.307590 -1469.139669 -1556.019045 -1635.339755 -1702.861906 -1756.385961 -1796.442980 -1825.244703 -1845.437964 -1859.382188 -1868.915541 -1875.379822 -1879.727682 -1882.628612 -1884.549672 -1885.813695 -1886.641242 -1887.181448 -1887.536065 -1887.782281 -1888.016630 -1888.543886 -1890.635404 -1896.698684 -1870.335713 -1152.533587 -1150.841169 -1139.971565 -1132.982862 -1129.701133 -1129.207116 -1129.154819 -1129.160889 -1129.175557 -1129.191290 -1129.206407 -1129.220405 -1129.233380 -1129.248294 -1129.293213 -1129.590379 -1131.344546 -1135.259224 -1140.976506 -1134.912456 -1848.196431 -1891.116917 -1889.378977 -1888.480047 -1888.305874 -1888.277773 -1888.273910 -1888.274012 -1888.274679 -1888.275306 -1888.275804 -1888.276185 -1888.276477 -1888.276704 -1888.276883 -1888.277028 -1888.277150 -1888.277259 -1888.277365 -1888.277485 -1888.277635 -1888.277845 -1888.278154 -1888.278631 -1888.279383 -1888.280586 -1888.282546 -1888.285797 -1888.291310 -1888.300911 -1888.318131 -1888.349943 -1888.410349 -1888.527991 -1888.763577 -1889.254004 -1890.334807 -1892.913043 -1899.823331 -1922.212069 -9999.0 -9999.0
-9999.0 -9999.0 77.503469 -17.245033 -114.714079 -212.835942 -311.195984 -409.633291 -508.064589 -606.421316 -704.542797 -802.344073 -899.724207 -996.540453 -1093.240248 -1189.714338 -1284.943005 -1378.307591 -1469.139670 -1556.019045 -1635.339755 -1702.861906 -1756.385961 -1796.442980 -1825.244703 -1845.437964 -1859.382188 -1868.915541 -1875.379822 -1879.727682 -1882.628612 -1884.549672 -1885.813695 -1886.641242 -1887.181448 -1887.536065 -1887.782281 -1888.016630 -1888.543886 -1890.635404 -1896.698684 -1870.335713 -1152.533587 -1150.841169 -1139.971565 -1132.982862 -1129.701133 -1129.207116 -1129.154819 -1129.160889 -1129.175557 -1129.191290 -1129.206407 -1129.220405 -1129.233380 -1129.248294 -1129.293213 -1129.590379 -1131.344546 -1135.259224 -1140.976506 -1134.912456 -1848.196431 -1891.116917 -1889.378977 -1888.480047 -1888.305874 -1888.277773 -1888.273910 -1888.274012 -1888.274679 -1888.275306 -1888.275804 -1888.276185 -1888.276477 -1888.276704 -1888.276883 -1888.277028 -1888.277150 -1888.277259 -1888.277365 -1888.277485 -1888.277635 -1888.277845 -1888.278154 -1888.278631 -1888.279383 -1888.280586 -1888.282546 -1888.285797 -1888.291310 -1888.300911 -1888.318131 -1888.349943 -1888.410349 -1888.527991 -1888.763577 -1889.254004 -1890.334807 -1892.913043 -1899.823331 -1922.212069 -9999.0 -9999.0
-9999.0 -9999.0 77.503469 -17.245033 -114.714079 -212.835942 -311.195984 -409.633291 -508.064589 -606.421316 -704.542797 -802.344073 -899.724207 -996.540453 -1093.240248 -1189.714338 -1284.943005 -1378.307591 -1469.139670 -1556.019045 -1635.339755 -1702.861906 -1756.385961 -1796.442980 -1825.244703 -1845.437964 -1859.382188 -1868.915541 -1875.379822 -1879.727682 -1882.628612 -1884.549672 -1885.813695 -1886.641242 -1887.181448 -1887.536065 -1887.782281 -1888.016630 -1888.543886 -1890.635404 -1896.698684 -1870.335713 -1152.533587 -1150.841169 -1139.971565 -1132.982862 -1129.701133 -1129.207116 -1129.154819 -1129.160889 -1129.175557 -1129.191290 -1129.206407 -1129.220405 -1129.233380 -1129.248294 -1129.293213 -1129.590379 -1131.344546 -1135.259224 -1140.976506 -1134.912456 -1848.196431 -1891.116917 -1889.378977 -1888.480047 -1888.305874 -1888.277773 -1888.273910 -1888.274012 -1888.274679 -1888.275306 -1888.275804 -1888.276185 -1888.276477 -1888.276704 -1888.276883 -1888.277028 -1888.277150 -1888.277259 -1888.277365 -1888.277485 -1888.277635 -1888.277845 -1888.278154 -1888.278631 -1888.279383 -1888.280586 -1888.282546 -1888.285797 -1888.291310 -1888.300911 -1888.318131 -1888.349943 -1888.410349 -1888.527991 -1888.763577 -1889.254004 -1890.334807 -1892.913043 -1899.823331 -1922.212069 -9999.0 -9999.0
-9999.0 -9999.0 77.502200 -17.245873 -114.714410 -212.836062 -311.196027 -409.633306 -508.064594 -606.421318 -704.542797 -802.344074 -899.724207 -996.540453 -1093.240248 -1189.714338 -1284.943005 -1378.307591 -1469.139669 -1556.019045 -1635.339755 -1702.861906 -1756.385961 -1796.442980 -1825.244703 -1845.437964 -1859.382188 -1868.915541 -1875.379822 -1879.727682 -1882.628612 -1884.549672 -1885.813695 -1886.641242 -1887.181448 -1887.536065 -1887.782281 -1888.016630 -1888.543886 -1890.635404 -1896.698684 -1870.335713 -1152.533587 -1150.841169 -1139.971565 -1132.982862 -1129.701133 -1129.207116 -1129.154819 -1129.160889 -1129.175557 -1129.191290 -1129.206407 -1129.220405 -1129.233380 -1129.248294 -1129.293213 -1129.590379 -1131.344546 -1135.259224 -1140.976506 -1134.912456 -1848.196431 -1891.116917 -1889.378977 -1888.480047 -1888.305874 -1888.277773 -1888.273910 -1888.274012 -1888.274679 -1888.275306 -1888.275804 -1888.276185 -1888.276477 -1888.276704 -1888.276883 -1888.277028 -1888.277150 -1888.277259 -1888.277365 -1888.277485 -1888.277635 -1888.277845 -1888.278154 -1888.278631 -1888.279383 -1888.280586 -1888.282546 -1888.285797 -1888.291310 -1888.300911 -1888.318131 -1888.349943 -1888.410349 -1888.527991 -1888.763577 -1889.254004 -1890.334807 -1892.913043 -1899.823331 -1922.212069 -9999.0 -9999.0
-9999.0 -9999.0 77.490503 -17.247969 -114.714934 -212.836214 -311.196075 -409.633322 -508.064600 -606.421320 -704.542798 -802.344074 -899.724208 -996.540453 -1093.240248 -1189.714338 -1284.943005 -1378.307590 -1469.139669 -1556.019045 -1635.339755 -1702.861906 -1756.385961 -1796.442980 -1825.244703 -1845.437964 -1859.382188 -1868.915541 -1875.379822 -1879.727682 -1882.628612 -1884.549672 -1885.813695 -1886.641242 -1887.181448 -1887.536064 -1887.782281 -1888.016630 -1888.543886 -1890.635404 -1896.698684 -1870.335713 -1152.533587 -1150.841169 -1139.971565 -1132.982862 -1129.701133 -1129.207116 -1129.154819 -1129.160889 -1129.175557 -1129.191290 -1129.206407 -1129.220405 -1129.233380 -1129.248294 -1129.293213 -1129.590379 -1131.344546 -1135.259224 -1140.976506 -1134.912456 -1848.196431 -1891.116917 -1889.378977 -1888.480047 -1888.305874 -1888.277773 -1888.273910 -1888.274012 -1888.274679 -1888.275306 -1888.275804 -1888.276185 -1888.276477 -1888.276704 -1888.276883 -1888.277028 -1888.277150 -1888.277259 -1888.277365 -1888.277485 -1888.277635 -1888.277845 -1888.278154 -1888.278631 -1888.279383 -1888.280586 -1888.282546 -1888.285797 -1888.291310 -1888.300911 -1888.318131 -1888.349943 -1888.410349 -1888.527991 -1888.763577 -1889.254004 -1890.334807 -1892.913043 -1899.823331 -1922.212069 -9999.0 -9999.0
-9999.0 -9999.0 -9999.0 -9999.0 -9999.0 -9999.0 -9999.0 -9999.0 -9999.0 -9999.0 -9999.0 -9999.0 -9999.0 -9999.0 -9999.0 -9999.0 -9999.0 -9999.0 -9999.0 -9999.0 -9999.0 -9999.0 -9999.0 -9999.0 -9999.0 -9999.0 -9999.0 -9999.0 -9999.0 -9999.0 -9999.0 -9999.0 -9999.0 -9999.0 -9999.0 -9999.0 -9999.0 -9999.0 -9999.0 -9999.0 -9999.0 -9999.0 -9999.0 -9999.0 -9999.0 -9999.0 -9999.0 -9999.0 -9999.0 -9999.0 -9999.0 -9999.0 -9999.0 -9999.0 -9999.0 -9999.0 -9999.0 -9999.0 -9999.0 -9999.0 -9999.0 -9999.0 -9999.0 -9999.0 -9999.0 -9999.0 -9999.0 -9999.0 -9999.0 -9999.0 -9999.0 -9999.0 -9999.0 -9999.0 -9999.0 -9999.0 -9999.0 -9999.0 -9999.0 -9999.0 -9999.0 -9999.0 -9999.0 -9999.0 -9999.0 -9999.0 -9999.0 -9999.0 -9999.0 -9999.0 -9999.0 -9999.0 -9999.0 -9999.0 -9999.0 -9999.0 -9999.0 -9999.0 -9999.0 -9999.0 -9999.0 -9999.0 -9999.0 -9999.0
-9999.0 -9999.0 -9999.0 -9999.0 -9999.0 -9999.0 -9999.0 -9999.0 -9999.0 -9999.0 -9999.0 -9999.0 -9999.0 -9999.0 -9999.0 -9999.0 -9999.0 -9999.0 -9999.0 -9999.0 -9999.0 -9999.0 -9999.0 -9999.0 -9999.0 -9999.0 -9999.0 -9999.0 -9999.0 -9999.0 -9999.0 -9999.0 -9999.0 -9999.0 -9999.0 -9999.0 -9999.0 -9999.0 -9999.0 -9999.0 -9999.0 -9999.0 -9999.0 -9999.0 -9999.0 -9999.0 -9999.0 -9999.0 -9999.0 -9999.0 -9999.0 -9999.0 -9999.0 -9999.0 -9999.0 -9999.0 -9999.0 -9999.0 -9999.0 -9999.0 -9999.0 -9999.0 -9999.0 -9999.0 -9999.0 -9999.0 -9999.0 -9999.0 -9999.0 -9999.0 -9999.0 -9999.0 -9999.0 -9999.0 -9999.0 -9999.0 -9999.0 -9999.0 -9999.0 -9999.0 -9999.0 -9999.0 -9999.0 -9999.0 -9999.0 -9999.0 -9999.0 -9999.0 -9999.0 -9999.0 -9999.0 -9999.0 -9999.0 -9999.0 -9999.0 -9999.0 -9999.0 -9999.0 -9999.0 -9999.0 -9999.0 -9999.0 -9999.0 -9999.0