inst/processing_geotop_simulation/geotop_simulation/out/maps3D/PwL0014N0460.asc
ncols         104
nrows         10
xllcorner     -2.000000
yllcorner     0.000000
cellsize      1.000000
NODATA_value  -9999.0
-9999.0 -9999.0 -9999.0 -9999.0 -9999.0 -9999.0 -9999.0 -9999.0 -9999.0 -9999.0 -9999.0 -9999.0 -9999.0 -9999.0 -9999.0 -9999.0 -9999.0 -9999.0 -9999.0 -9999.0 -9999.0 -9999.0 -9999.0 -9999.0 -9999.0 -9999.0 -9999.0 -9999.0 -9999.0 -9999.0 -9999.0 -9999.0 -9999.0 -9999.0 -9999.0 -9999.0 -9999.0 -9999.0 -9999.0 -9999.0 -9999.0 -9999.0 -9999.0 -9999.0 -9999.0 -9999.0 -9999.0 -9999.0 -9999.0 -9999.0 -9999.0 -9999.0 -9999.0 -9999.0 -9999.0 -9999.0 -9999.0 -9999.0 -9999.0 -9999.0 -9999.0 -9999.0 -9999.0 -9999.0 -9999.0 -9999.0 -9999.0 -9999.0 -9999.0 -9999.0 -9999.0 -9999.0 -9999.0 -9999.0 -9999.0 -9999.0 -9999.0 -9999.0 -9999.0 -9999.0 -9999.0 -9999.0 -9999.0 -9999.0 -9999.0 -9999.0 -9999.0 -9999.0 -9999.0 -9999.0 -9999.0 -9999.0 -9999.0 -9999.0 -9999.0 -9999.0 -9999.0 -9999.0 -9999.0 -9999.0 -9999.0 -9999.0 -9999.0 -9999.0
-9999.0 -9999.0 -9999.0 -9999.0 -9999.0 -9999.0 -9999.0 -9999.0 -9999.0 -9999.0 -9999.0 -9999.0 -9999.0 -9999.0 -9999.0 -9999.0 -9999.0 -9999.0 -9999.0 -9999.0 -9999.0 -9999.0 -9999.0 -9999.0 -9999.0 -9999.0 -9999.0 -9999.0 -9999.0 -9999.0 -9999.0 -9999.0 -9999.0 -9999.0 -9999.0 -9999.0 -9999.0 -9999.0 -9999.0 -9999.0 -9999.0 -9999.0 -9999.0 -9999.0 -9999.0 -9999.0 -9999.0 -9999.0 -9999.0 -9999.0 -9999.0 -9999.0 -9999.0 -9999.0 -9999.0 -9999.0 -9999.0 -9999.0 -9999.0 -9999.0 -9999.0 -9999.0 -9999.0 -9999.0 -9999.0 -9999.0 -9999.0 -9999.0 -9999.0 -9999.0 -9999.0 -9999.0 -9999.0 -9999.0 -9999.0 -9999.0 -9999.0 -9999.0 -9999.0 -9999.0 -9999.0 -9999.0 -9999.0 -9999.0 -9999.0 -9999.0 -9999.0 -9999.0 -9999.0 -9999.0 -9999.0 -9999.0 -9999.0 -9999.0 -9999.0 -9999.0 -9999.0 -9999.0 -9999.0 -9999.0 -9999.0 -9999.0 -9999.0 -9999.0
-9999.0 -9999.0 670.584806 571.612602 472.416195 373.069958 273.654133 174.208717 74.753681 -24.698890 -124.142608 -223.575061 -322.987432 -422.362757 -521.672543 -620.875770 -719.901106 -818.992241 -917.979161 -1016.823604 -1115.452254 -1212.235702 -1306.325171 -1395.730675 -1478.165748 -1551.566808 -1614.550191 -1666.650810 -1708.297631 -1740.587188 -1764.976033 -1783.002229 -1796.093548 -1805.468608 -1812.109313 -1816.778528 -1820.069944 -1822.515304 -1824.850831 -1828.419425 -1833.245164 -1822.384378 -1669.236226 -3228.215554 -2931.872432 -2715.425402 -2623.321035 -2611.276090 -2610.047242 -2610.167846 -2610.479593 -2610.814224 -2611.135631 -2611.433172 -2611.708836 -2612.025310 -2612.994884 -2619.811219 -2666.554717 -2777.275605 -2840.490616 -1514.029773 -1781.137699 -1825.581060 -1828.209562 -1827.602987 -1827.356582 -1827.300566 -1827.290473 -1827.289207 -1827.289435 -1827.289846 -1827.290221 -1827.290538 -1827.290805 -1827.291037 -1827.291242 -1827.291430 -1827.291608 -1827.291782 -1827.291959 -1827.292149 -1827.292364 -1827.292623 -1827.292955 -1827.293403 -1827.294043 -1827.294997 -1827.296479 -1827.298874 -1827.302894 -1827.309899 -1827.322571 -1827.346320 -1827.392425 -1827.485419 -1827.681948 -1828.122320 -1829.181304 -1831.950794 -1839.954266 -1865.873731 -9999.0 -9999.0
-9999.0 -9999.0 670.588811 571.613895 472.416581 373.070078 273.654172 174.208731 74.753686 -24.698888 -124.142607 -223.575061 -322.987431 -422.362757 -521.672542 -620.875770 -719.901106 -818.992241 -917.979161 -1016.823604 -1115.452254 -1212.235703 -1306.325171 -1395.730675 -1478.165748 -1551.566808 -1614.550191 -1666.650810 -1708.297631 -1740.587188 -1764.976033 -1783.002229 -1796.093548 -1805.468608 -1812.109313 -1816.778528 -1820.069944 -1822.515304 -1824.850831 -1828.419425 -1833.245164 -1822.384378 -1669.236225 -3228.215552 -2931.872429 -2715.425396 -2623.321035 -2611.276090 -2610.047242 -2610.167846 -2610.479593 -2610.814224 -2611.135631 -2611.433172 -2611.708836 -2612.025310 -2612.994884 -2619.811219 -2666.554717 -2777.275605 -2840.490616 -1514.029773 -1781.137699 -1825.581060 -1828.209562 -1827.602987 -1827.356582 -1827.300566 -1827.290473 -1827.289207 -1827.289435 -1827.289846 -1827.290221 -1827.290538 -1827.290805 -1827.291037 -1827.291242 -1827.291430 -1827.291608 -1827.291782 -1827.291959 -1827.292149 -1827.292364 -1827.292623 -1827.292955 -1827.293403 -1827.294043 -1827.294997 -1827.296479 -1827.298874 -1827.302894 -1827.309899 -1827.322570 -1827.346320 -1827.392425 -1827.485419 -1827.681948 -1828.122320 -1829.181304 -1831.950794 -1839.954266 -1865.873731 -9999.0 -9999.0
-9999.0 -9999.0 670.590011 571.614523 472.416838 373.070174 273.654207 174.208744 74.753691 -24.698886 -124.142606 -223.575060 -322.987431 -422.362756 -521.672542 -620.875770 -719.901106 -818.992241 -917.979161 -1016.823604 -1115.452254 -1212.235703 -1306.325171 -1395.730675 -1478.165748 -1551.566808 -1614.550191 -1666.650810 -1708.297631 -1740.587188 -1764.976033 -1783.002229 -1796.093548 -1805.468608 -1812.109313 -1816.778528 -1820.069944 -1822.515304 -1824.850831 -1828.419425 -1833.245164 -1822.384378 -1669.236225 -3228.215552 -2931.872428 -2715.425394 -2623.321035 -2611.276090 -2610.047241 -2610.167846 -2610.479593 -2610.814224 -2611.135631 -2611.433172 -2611.708836 -2612.025310 -2612.994884 -2619.811219 -2666.554717 -2777.275605 -2840.490616 -1514.029773 -1781.137699 -1825.581060 -1828.209562 -1827.602987 -1827.356582 -1827.300566 -1827.290473 -1827.289207 -1827.289435 -1827.289846 -1827.290221 -1827.290538 -1827.290805 -1827.291037 -1827.291242 -1827.291430 -1827.291608 -1827.291782 -1827.291959 -1827.292148 -1827.292364 -1827.292623 -1827.292955 -1827.293403 -1827.294043 -1827.294997 -1827.296479 -1827.298874 -1827.302894 -1827.309899 -1827.322570 -1827.346320 -1827.392425 -1827.485419 -1827.681948 -1828.122320 -1829.181304 -1831.950794 -1839.954266 -1865.873731 -9999.0 -9999.0
-9999.0 -9999.0 670.590011 571.614523 472.416838 373.070174 273.654207 174.208744 74.753691 -24.698886 -124.142606 -223.575060 -322.987431 -422.362756 -521.672542 -620.875770 -719.901106 -818.992241 -917.979161 -1016.823604 -1115.452254 -1212.235703 -1306.325171 -1395.730675 -1478.165748 -1551.566808 -1614.550191 -1666.650810 -1708.297631 -1740.587188 -1764.976033 -1783.002229 -1796.093548 -1805.468608 -1812.109313 -1816.778528 -1820.069944 -1822.515304 -1824.850831 -1828.419425 -1833.245164 -1822.384378 -1669.236225 -3228.215552 -2931.872428 -2715.425394 -2623.321035 -2611.276090 -2610.047241 -2610.167846 -2610.479593 -2610.814224 -2611.135631 -2611.433172 -2611.708836 -2612.025310 -2612.994884 -2619.811219 -2666.554717 -2777.275605 -2840.490616 -1514.029773 -1781.137699 -1825.581060 -1828.209562 -1827.602987 -1827.356582 -1827.300566 -1827.290473 -1827.289207 -1827.289435 -1827.289846 -1827.290221 -1827.290538 -1827.290805 -1827.291037 -1827.291242 -1827.291430 -1827.291608 -1827.291782 -1827.291959 -1827.292148 -1827.292364 -1827.292623 -1827.292955 -1827.293403 -1827.294043 -1827.294997 -1827.296479 -1827.298874 -1827.302894 -1827.309899 -1827.322570 -1827.346320 -1827.392425 -1827.485419 -1827.681948 -1828.122320 -1829.181304 -1831.950794 -1839.954266 -1865.873731 -9999.0 -9999.0
-9999.0 -9999.0 670.588811 571.613895 472.416581 373.070078 273.654172 174.208731 74.753686 -24.698888 -124.142607 -223.575061 -322.987432 -422.362757 -521.672543 -620.875770 -719.901106 -818.992241 -917.979161 -1016.823604 -1115.452254 -1212.235703 -1306.325171 -1395.730675 -1478.165748 -1551.566808 -1614.550191 -1666.650810 -1708.297631 -1740.587188 -1764.976033 -1783.002229 -1796.093548 -1805.468608 -1812.109313 -1816.778528 -1820.069944 -1822.515304 -1824.850831 -1828.419425 -1833.245164 -1822.384378 -1669.236225 -3228.215552 -2931.872429 -2715.425396 -2623.321035 -2611.276090 -2610.047242 -2610.167846 -2610.479593 -2610.814224 -2611.135631 -2611.433172 -2611.708836 -2612.025310 -2612.994884 -2619.811219 -2666.554717 -2777.275605 -2840.490616 -1514.029773 -1781.137699 -1825.581060 -1828.209562 -1827.602987 -1827.356582 -1827.300566 -1827.290473 -1827.289207 -1827.289435 -1827.289846 -1827.290221 -1827.290538 -1827.290805 -1827.291037 -1827.291242 -1827.291430 -1827.291608 -1827.291782 -1827.291959 -1827.292149 -1827.292364 -1827.292623 -1827.292955 -1827.293403 -1827.294043 -1827.294997 -1827.296479 -1827.298874 -1827.302894 -1827.309899 -1827.322570 -1827.346320 -1827.392425 -1827.485419 -1827.681948 -1828.122320 -1829.181304 -1831.950794 -1839.954266 -1865.873731 -9999.0 -9999.0
-9999.0 -9999.0 670.584806 571.612602 472.416195 373.069958 273.654133 174.208717 74.753681 -24.698890 -124.142608 -223.575061 -322.987432 -422.362757 -521.672543 -620.875770 -719.901106 -818.992241 -917.979160 -1016.823604 -1115.452254 -1212.235702 -1306.325171 -1395.730675 -1478.165748 -1551.566808 -1614.550191 -1666.650810 -1708.297631 -1740.587188 -1764.976033 -1783.002229 -1796.093548 -1805.468608 -1812.109313 -1816.778528 -1820.069944 -1822.515304 -1824.850831 -1828.419425 -1833.245164 -1822.384378 -1669.236226 -3228.215554 -2931.872432 -2715.425402 -2623.321035 -2611.276090 -2610.047242 -2610.167846 -2610.479593 -2610.814224 -2611.135631 -2611.433172 -2611.708836 -2612.025310 -2612.994884 -2619.811219 -2666.554717 -2777.275605 -2840.490616 -1514.029773 -1781.137699 -1825.581060 -1828.209562 -1827.602987 -1827.356582 -1827.300566 -1827.290473 -1827.289207 -1827.289435 -1827.289846 -1827.290221 -1827.290538 -1827.290805 -1827.291037 -1827.291242 -1827.291430 -1827.291608 -1827.291782 -1827.291959 -1827.292149 -1827.292364 -1827.292623 -1827.292955 -1827.293403 -1827.294043 -1827.294997 -1827.296479 -1827.298874 -1827.302894 -1827.309899 -1827.322571 -1827.346320 -1827.392425 -1827.485419 -1827.681948 -1828.122320 -1829.181304 -1831.950794 -1839.954266 -1865.873731 -9999.0 -9999.0
-9999.0 -9999.0 -9999.0 -9999.0 -9999.0 -9999.0 -9999.0 -9999.0 -9999.0 -9999.0 -9999.0 -9999.0 -9999.0 -9999.0 -9999.0 -9999.0 -9999.0 -9999.0 -9999.0 -9999.0 -9999.0 -9999.0 -9999.0 -9999.0 -9999.0 -9999.0 -9999.0 -9999.0 -9999.0 -9999.0 -9999.0 -9999.0 -9999.0 -9999.0 -9999.0 -9999.0 -9999.0 -9999.0 -9999.0 -9999.0 -9999.0 -9999.0 -9999.0 -9999.0 -9999.0 -9999.0 -9999.0 -9999.0 -9999.0 -9999.0 -9999.0 -9999.0 -9999.0 -9999.0 -9999.0 -9999.0 -9999.0 -9999.0 -9999.0 -9999.0 -9999.0 -9999.0 -9999.0 -9999.0 -9999.0 -9999.0 -9999.0 -9999.0 -9999.0 -9999.0 -9999.0 -9999.0 -9999.0 -9999.0 -9999.0 -9999.0 -9999.0 -9999.0 -9999.0 -9999.0 -9999.0 -9999.0 -9999.0 -9999.0 -9999.0 -9999.0 -9999.0 -9999.0 -9999.0 -9999.0 -9999.0 -9999.0 -9999.0 -9999.0 -9999.0 -9999.0 -9999.0 -9999.0 -9999.0 -9999.0 -9999.0 -9999.0 -9999.0 -9999.0
-9999.0 -9999.0 -9999.0 -9999.0 -9999.0 -9999.0 -9999.0 -9999.0 -9999.0 -9999.0 -9999.0 -9999.0 -9999.0 -9999.0 -9999.0 -9999.0 -9999.0 -9999.0 -9999.0 -9999.0 -9999.0 -9999.0 -9999.0 -9999.0 -9999.0 -9999.0 -9999.0 -9999.0 -9999.0 -9999.0 -9999.0 -9999.0 -9999.0 -9999.0 -9999.0 -9999.0 -9999.0 -9999.0 -9999.0 -9999.0 -9999.0 -9999.0 -9999.0 -9999.0 -9999.0 -9999.0 -9999.0 -9999.0 -9999.0 -9999.0 -9999.0 -9999.0 -9999.0 -9999.0 -9999.0 -9999.0 -9999.0 -9999.0 -9999.0 -9999.0 -9999.0 -9999.0 -9999.0 -9999.0 -9999.0 -9999.0 -9999.0 -9999.0 -9999.0 -9999.0 -9999.0 -9999.0 -9999.0 -9999.0 -9999.0 -9999.0 -9999.0 -9999.0 -9999.0 -9999.0 -9999.0 -9999.0 -9999.0 -9999.0 -9999.0 -9999.0 -9999.0 -9999.0 -9999.0 -9999.0 -9999.0 -9999.0 -9999.0 -9999.0 -9999.0 -9999.0 -9999.0 -9999.0 -9999.0 -9999.0 -9999.0 -9999.0 -9999.0 -9999.0