inst/processing_geotop_simulation/geotop_simulation/out/maps3D/PwL0004N0333.asc
ncols         104
nrows         10
xllcorner     -2.000000
yllcorner     0.000000
cellsize      1.000000
NODATA_value  -9999.0
-9999.0 -9999.0 -9999.0 -9999.0 -9999.0 -9999.0 -9999.0 -9999.0 -9999.0 -9999.0 -9999.0 -9999.0 -9999.0 -9999.0 -9999.0 -9999.0 -9999.0 -9999.0 -9999.0 -9999.0 -9999.0 -9999.0 -9999.0 -9999.0 -9999.0 -9999.0 -9999.0 -9999.0 -9999.0 -9999.0 -9999.0 -9999.0 -9999.0 -9999.0 -9999.0 -9999.0 -9999.0 -9999.0 -9999.0 -9999.0 -9999.0 -9999.0 -9999.0 -9999.0 -9999.0 -9999.0 -9999.0 -9999.0 -9999.0 -9999.0 -9999.0 -9999.0 -9999.0 -9999.0 -9999.0 -9999.0 -9999.0 -9999.0 -9999.0 -9999.0 -9999.0 -9999.0 -9999.0 -9999.0 -9999.0 -9999.0 -9999.0 -9999.0 -9999.0 -9999.0 -9999.0 -9999.0 -9999.0 -9999.0 -9999.0 -9999.0 -9999.0 -9999.0 -9999.0 -9999.0 -9999.0 -9999.0 -9999.0 -9999.0 -9999.0 -9999.0 -9999.0 -9999.0 -9999.0 -9999.0 -9999.0 -9999.0 -9999.0 -9999.0 -9999.0 -9999.0 -9999.0 -9999.0 -9999.0 -9999.0 -9999.0 -9999.0 -9999.0 -9999.0
-9999.0 -9999.0 -9999.0 -9999.0 -9999.0 -9999.0 -9999.0 -9999.0 -9999.0 -9999.0 -9999.0 -9999.0 -9999.0 -9999.0 -9999.0 -9999.0 -9999.0 -9999.0 -9999.0 -9999.0 -9999.0 -9999.0 -9999.0 -9999.0 -9999.0 -9999.0 -9999.0 -9999.0 -9999.0 -9999.0 -9999.0 -9999.0 -9999.0 -9999.0 -9999.0 -9999.0 -9999.0 -9999.0 -9999.0 -9999.0 -9999.0 -9999.0 -9999.0 -9999.0 -9999.0 -9999.0 -9999.0 -9999.0 -9999.0 -9999.0 -9999.0 -9999.0 -9999.0 -9999.0 -9999.0 -9999.0 -9999.0 -9999.0 -9999.0 -9999.0 -9999.0 -9999.0 -9999.0 -9999.0 -9999.0 -9999.0 -9999.0 -9999.0 -9999.0 -9999.0 -9999.0 -9999.0 -9999.0 -9999.0 -9999.0 -9999.0 -9999.0 -9999.0 -9999.0 -9999.0 -9999.0 -9999.0 -9999.0 -9999.0 -9999.0 -9999.0 -9999.0 -9999.0 -9999.0 -9999.0 -9999.0 -9999.0 -9999.0 -9999.0 -9999.0 -9999.0 -9999.0 -9999.0 -9999.0 -9999.0 -9999.0 -9999.0 -9999.0 -9999.0
-9999.0 -9999.0 175.689084 78.666823 -19.751524 -118.567151 -217.534457 -316.558572 -415.588557 -514.589774 -613.506509 -712.201561 -810.750463 -909.046212 -1007.211541 -1105.457374 -1203.035382 -1299.654032 -1394.683089 -1487.070290 -1574.823205 -1654.765131 -1723.670937 -1779.800314 -1823.352604 -1855.894527 -1879.541218 -1896.374005 -1908.168126 -1916.326658 -1921.910500 -1925.698526 -1928.249931 -1929.958912 -1931.099524 -1931.862348 -1932.389655 -1932.839653 -1933.608885 -1935.943829 -1940.175527 -1898.934307 -1175.864733 -1182.439176 -1169.722759 -1161.395407 -1157.489283 -1156.894334 -1156.830495 -1156.836593 -1156.852802 -1156.870253 -1156.887028 -1156.902566 -1156.917011 -1156.934008 -1156.987720 -1157.344994 -1159.429160 -1164.054177 -1170.302982 -1154.623866 -1874.187349 -1934.045469 -1934.514386 -1933.686825 -1933.483177 -1933.446868 -1933.441415 -1933.441111 -1933.441582 -1933.442078 -1933.442482 -1933.442794 -1933.443035 -1933.443223 -1933.443373 -1933.443496 -1933.443600 -1933.443694 -1933.443786 -1933.443890 -1933.444020 -1933.444200 -1933.444465 -1933.444870 -1933.445507 -1933.446526 -1933.448188 -1933.450953 -1933.455662 -1933.463907 -1933.478784 -1933.506435 -1933.559305 -1933.663284 -1933.874770 -1934.325386 -1935.349129 -1937.882350 -1944.947174 -1968.290135 -9999.0 -9999.0
-9999.0 -9999.0 175.698477 78.668746 -19.751036 -118.567009 -217.534412 -316.558557 -415.588551 -514.589772 -613.506508 -712.201561 -810.750463 -909.046212 -1007.211541 -1105.457374 -1203.035382 -1299.654032 -1394.683089 -1487.070290 -1574.823205 -1654.765131 -1723.670938 -1779.800314 -1823.352604 -1855.894527 -1879.541218 -1896.374005 -1908.168126 -1916.326658 -1921.910500 -1925.698526 -1928.249931 -1929.958912 -1931.099524 -1931.862348 -1932.389655 -1932.839653 -1933.608885 -1935.943829 -1940.175527 -1898.934307 -1175.864733 -1182.439176 -1169.722759 -1161.395407 -1157.489283 -1156.894334 -1156.830495 -1156.836593 -1156.852802 -1156.870253 -1156.887028 -1156.902566 -1156.917011 -1156.934008 -1156.987720 -1157.344994 -1159.429160 -1164.054177 -1170.302982 -1154.623866 -1874.187349 -1934.045469 -1934.514386 -1933.686825 -1933.483177 -1933.446868 -1933.441415 -1933.441111 -1933.441582 -1933.442078 -1933.442482 -1933.442794 -1933.443035 -1933.443223 -1933.443373 -1933.443496 -1933.443600 -1933.443694 -1933.443786 -1933.443890 -1933.444020 -1933.444200 -1933.444465 -1933.444870 -1933.445507 -1933.446526 -1933.448188 -1933.450953 -1933.455662 -1933.463907 -1933.478784 -1933.506435 -1933.559305 -1933.663284 -1933.874770 -1934.325386 -1935.349129 -1937.882350 -1944.947174 -1968.290135 -9999.0 -9999.0
-9999.0 -9999.0 175.699801 78.669530 -19.750726 -118.566897 -217.534372 -316.558543 -415.588546 -514.589770 -613.506507 -712.201560 -810.750463 -909.046212 -1007.211541 -1105.457374 -1203.035382 -1299.654032 -1394.683089 -1487.070290 -1574.823205 -1654.765131 -1723.670938 -1779.800314 -1823.352604 -1855.894527 -1879.541218 -1896.374005 -1908.168126 -1916.326658 -1921.910500 -1925.698526 -1928.249931 -1929.958912 -1931.099524 -1931.862348 -1932.389655 -1932.839653 -1933.608885 -1935.943829 -1940.175527 -1898.934307 -1175.864733 -1182.439176 -1169.722759 -1161.395407 -1157.489283 -1156.894334 -1156.830495 -1156.836593 -1156.852802 -1156.870253 -1156.887028 -1156.902566 -1156.917011 -1156.934008 -1156.987720 -1157.344994 -1159.429160 -1164.054177 -1170.302982 -1154.623866 -1874.187349 -1934.045469 -1934.514386 -1933.686825 -1933.483177 -1933.446868 -1933.441415 -1933.441111 -1933.441582 -1933.442078 -1933.442482 -1933.442794 -1933.443035 -1933.443223 -1933.443373 -1933.443496 -1933.443600 -1933.443694 -1933.443786 -1933.443890 -1933.444020 -1933.444200 -1933.444465 -1933.444870 -1933.445507 -1933.446526 -1933.448188 -1933.450953 -1933.455662 -1933.463907 -1933.478784 -1933.506435 -1933.559305 -1933.663284 -1933.874770 -1934.325386 -1935.349129 -1937.882350 -1944.947174 -1968.290135 -9999.0 -9999.0
-9999.0 -9999.0 175.699801 78.669530 -19.750726 -118.566897 -217.534372 -316.558543 -415.588546 -514.589770 -613.506507 -712.201560 -810.750463 -909.046212 -1007.211541 -1105.457374 -1203.035382 -1299.654032 -1394.683089 -1487.070290 -1574.823205 -1654.765131 -1723.670938 -1779.800314 -1823.352604 -1855.894527 -1879.541218 -1896.374005 -1908.168126 -1916.326658 -1921.910500 -1925.698526 -1928.249931 -1929.958912 -1931.099524 -1931.862348 -1932.389655 -1932.839653 -1933.608885 -1935.943829 -1940.175527 -1898.934307 -1175.864733 -1182.439176 -1169.722759 -1161.395407 -1157.489283 -1156.894334 -1156.830495 -1156.836593 -1156.852802 -1156.870253 -1156.887028 -1156.902566 -1156.917011 -1156.934008 -1156.987720 -1157.344994 -1159.429160 -1164.054177 -1170.302982 -1154.623866 -1874.187349 -1934.045469 -1934.514386 -1933.686825 -1933.483177 -1933.446868 -1933.441415 -1933.441111 -1933.441582 -1933.442078 -1933.442482 -1933.442794 -1933.443035 -1933.443223 -1933.443373 -1933.443496 -1933.443600 -1933.443694 -1933.443786 -1933.443890 -1933.444020 -1933.444200 -1933.444465 -1933.444870 -1933.445507 -1933.446526 -1933.448188 -1933.450953 -1933.455662 -1933.463907 -1933.478784 -1933.506435 -1933.559305 -1933.663284 -1933.874770 -1934.325386 -1935.349129 -1937.882350 -1944.947174 -1968.290135 -9999.0 -9999.0
-9999.0 -9999.0 175.698477 78.668746 -19.751036 -118.567009 -217.534412 -316.558557 -415.588551 -514.589772 -613.506508 -712.201561 -810.750463 -909.046212 -1007.211541 -1105.457374 -1203.035382 -1299.654032 -1394.683089 -1487.070290 -1574.823205 -1654.765131 -1723.670938 -1779.800314 -1823.352604 -1855.894527 -1879.541218 -1896.374005 -1908.168126 -1916.326658 -1921.910500 -1925.698526 -1928.249931 -1929.958912 -1931.099524 -1931.862348 -1932.389655 -1932.839653 -1933.608885 -1935.943829 -1940.175527 -1898.934307 -1175.864733 -1182.439176 -1169.722759 -1161.395407 -1157.489283 -1156.894334 -1156.830495 -1156.836593 -1156.852802 -1156.870253 -1156.887028 -1156.902566 -1156.917011 -1156.934008 -1156.987720 -1157.344994 -1159.429160 -1164.054177 -1170.302982 -1154.623866 -1874.187349 -1934.045469 -1934.514386 -1933.686825 -1933.483177 -1933.446868 -1933.441415 -1933.441111 -1933.441582 -1933.442078 -1933.442482 -1933.442794 -1933.443035 -1933.443223 -1933.443373 -1933.443496 -1933.443600 -1933.443694 -1933.443786 -1933.443890 -1933.444020 -1933.444200 -1933.444465 -1933.444870 -1933.445507 -1933.446526 -1933.448188 -1933.450953 -1933.455662 -1933.463907 -1933.478784 -1933.506435 -1933.559305 -1933.663284 -1933.874770 -1934.325386 -1935.349129 -1937.882350 -1944.947174 -1968.290135 -9999.0 -9999.0
-9999.0 -9999.0 175.689084 78.666823 -19.751524 -118.567151 -217.534457 -316.558572 -415.588557 -514.589774 -613.506509 -712.201561 -810.750463 -909.046212 -1007.211541 -1105.457374 -1203.035382 -1299.654032 -1394.683089 -1487.070290 -1574.823205 -1654.765131 -1723.670937 -1779.800314 -1823.352604 -1855.894527 -1879.541218 -1896.374005 -1908.168126 -1916.326658 -1921.910500 -1925.698526 -1928.249931 -1929.958912 -1931.099524 -1931.862348 -1932.389655 -1932.839653 -1933.608885 -1935.943829 -1940.175527 -1898.934307 -1175.864733 -1182.439176 -1169.722759 -1161.395407 -1157.489283 -1156.894334 -1156.830495 -1156.836593 -1156.852802 -1156.870253 -1156.887028 -1156.902566 -1156.917011 -1156.934008 -1156.987720 -1157.344994 -1159.429160 -1164.054177 -1170.302982 -1154.623866 -1874.187349 -1934.045469 -1934.514386 -1933.686825 -1933.483177 -1933.446868 -1933.441415 -1933.441111 -1933.441582 -1933.442078 -1933.442482 -1933.442794 -1933.443035 -1933.443223 -1933.443373 -1933.443496 -1933.443600 -1933.443694 -1933.443786 -1933.443890 -1933.444020 -1933.444200 -1933.444465 -1933.444870 -1933.445507 -1933.446526 -1933.448188 -1933.450953 -1933.455662 -1933.463907 -1933.478784 -1933.506435 -1933.559305 -1933.663284 -1933.874770 -1934.325386 -1935.349129 -1937.882350 -1944.947174 -1968.290135 -9999.0 -9999.0
-9999.0 -9999.0 -9999.0 -9999.0 -9999.0 -9999.0 -9999.0 -9999.0 -9999.0 -9999.0 -9999.0 -9999.0 -9999.0 -9999.0 -9999.0 -9999.0 -9999.0 -9999.0 -9999.0 -9999.0 -9999.0 -9999.0 -9999.0 -9999.0 -9999.0 -9999.0 -9999.0 -9999.0 -9999.0 -9999.0 -9999.0 -9999.0 -9999.0 -9999.0 -9999.0 -9999.0 -9999.0 -9999.0 -9999.0 -9999.0 -9999.0 -9999.0 -9999.0 -9999.0 -9999.0 -9999.0 -9999.0 -9999.0 -9999.0 -9999.0 -9999.0 -9999.0 -9999.0 -9999.0 -9999.0 -9999.0 -9999.0 -9999.0 -9999.0 -9999.0 -9999.0 -9999.0 -9999.0 -9999.0 -9999.0 -9999.0 -9999.0 -9999.0 -9999.0 -9999.0 -9999.0 -9999.0 -9999.0 -9999.0 -9999.0 -9999.0 -9999.0 -9999.0 -9999.0 -9999.0 -9999.0 -9999.0 -9999.0 -9999.0 -9999.0 -9999.0 -9999.0 -9999.0 -9999.0 -9999.0 -9999.0 -9999.0 -9999.0 -9999.0 -9999.0 -9999.0 -9999.0 -9999.0 -9999.0 -9999.0 -9999.0 -9999.0 -9999.0 -9999.0
-9999.0 -9999.0 -9999.0 -9999.0 -9999.0 -9999.0 -9999.0 -9999.0 -9999.0 -9999.0 -9999.0 -9999.0 -9999.0 -9999.0 -9999.0 -9999.0 -9999.0 -9999.0 -9999.0 -9999.0 -9999.0 -9999.0 -9999.0 -9999.0 -9999.0 -9999.0 -9999.0 -9999.0 -9999.0 -9999.0 -9999.0 -9999.0 -9999.0 -9999.0 -9999.0 -9999.0 -9999.0 -9999.0 -9999.0 -9999.0 -9999.0 -9999.0 -9999.0 -9999.0 -9999.0 -9999.0 -9999.0 -9999.0 -9999.0 -9999.0 -9999.0 -9999.0 -9999.0 -9999.0 -9999.0 -9999.0 -9999.0 -9999.0 -9999.0 -9999.0 -9999.0 -9999.0 -9999.0 -9999.0 -9999.0 -9999.0 -9999.0 -9999.0 -9999.0 -9999.0 -9999.0 -9999.0 -9999.0 -9999.0 -9999.0 -9999.0 -9999.0 -9999.0 -9999.0 -9999.0 -9999.0 -9999.0 -9999.0 -9999.0 -9999.0 -9999.0 -9999.0 -9999.0 -9999.0 -9999.0 -9999.0 -9999.0 -9999.0 -9999.0 -9999.0 -9999.0 -9999.0 -9999.0 -9999.0 -9999.0 -9999.0 -9999.0 -9999.0 -9999.0