inst/processing_geotop_simulation/geotop_simulation/out/maps3D/PwL0007N0331.asc
ncols         104
nrows         10
xllcorner     -2.000000
yllcorner     0.000000
cellsize      1.000000
NODATA_value  -9999.0
-9999.0 -9999.0 -9999.0 -9999.0 -9999.0 -9999.0 -9999.0 -9999.0 -9999.0 -9999.0 -9999.0 -9999.0 -9999.0 -9999.0 -9999.0 -9999.0 -9999.0 -9999.0 -9999.0 -9999.0 -9999.0 -9999.0 -9999.0 -9999.0 -9999.0 -9999.0 -9999.0 -9999.0 -9999.0 -9999.0 -9999.0 -9999.0 -9999.0 -9999.0 -9999.0 -9999.0 -9999.0 -9999.0 -9999.0 -9999.0 -9999.0 -9999.0 -9999.0 -9999.0 -9999.0 -9999.0 -9999.0 -9999.0 -9999.0 -9999.0 -9999.0 -9999.0 -9999.0 -9999.0 -9999.0 -9999.0 -9999.0 -9999.0 -9999.0 -9999.0 -9999.0 -9999.0 -9999.0 -9999.0 -9999.0 -9999.0 -9999.0 -9999.0 -9999.0 -9999.0 -9999.0 -9999.0 -9999.0 -9999.0 -9999.0 -9999.0 -9999.0 -9999.0 -9999.0 -9999.0 -9999.0 -9999.0 -9999.0 -9999.0 -9999.0 -9999.0 -9999.0 -9999.0 -9999.0 -9999.0 -9999.0 -9999.0 -9999.0 -9999.0 -9999.0 -9999.0 -9999.0 -9999.0 -9999.0 -9999.0 -9999.0 -9999.0 -9999.0 -9999.0
-9999.0 -9999.0 -9999.0 -9999.0 -9999.0 -9999.0 -9999.0 -9999.0 -9999.0 -9999.0 -9999.0 -9999.0 -9999.0 -9999.0 -9999.0 -9999.0 -9999.0 -9999.0 -9999.0 -9999.0 -9999.0 -9999.0 -9999.0 -9999.0 -9999.0 -9999.0 -9999.0 -9999.0 -9999.0 -9999.0 -9999.0 -9999.0 -9999.0 -9999.0 -9999.0 -9999.0 -9999.0 -9999.0 -9999.0 -9999.0 -9999.0 -9999.0 -9999.0 -9999.0 -9999.0 -9999.0 -9999.0 -9999.0 -9999.0 -9999.0 -9999.0 -9999.0 -9999.0 -9999.0 -9999.0 -9999.0 -9999.0 -9999.0 -9999.0 -9999.0 -9999.0 -9999.0 -9999.0 -9999.0 -9999.0 -9999.0 -9999.0 -9999.0 -9999.0 -9999.0 -9999.0 -9999.0 -9999.0 -9999.0 -9999.0 -9999.0 -9999.0 -9999.0 -9999.0 -9999.0 -9999.0 -9999.0 -9999.0 -9999.0 -9999.0 -9999.0 -9999.0 -9999.0 -9999.0 -9999.0 -9999.0 -9999.0 -9999.0 -9999.0 -9999.0 -9999.0 -9999.0 -9999.0 -9999.0 -9999.0 -9999.0 -9999.0 -9999.0 -9999.0
-9999.0 -9999.0 324.746194 227.307315 128.859930 30.043168 -68.916488 -167.934754 -266.969546 -365.989422 -464.961963 -563.820331 -662.422997 -760.736343 -859.008463 -957.218054 -1055.290569 -1152.759231 -1248.682504 -1342.447495 -1432.377527 -1515.686988 -1589.241373 -1650.888267 -1700.135581 -1737.932088 -1766.034414 -1786.419396 -1800.921952 -1811.079820 -1818.104877 -1822.913561 -1826.178201 -1828.380571 -1829.859924 -1830.854181 -1831.539923 -1832.102805 -1832.972705 -1835.493175 -1840.944152 -1815.858025 -1197.290284 -1240.646764 -1219.436551 -1205.615975 -1199.188512 -1198.250445 -1198.151438 -1198.160799 -1198.185677 -1198.212440 -1198.238159 -1198.261976 -1198.284094 -1198.309951 -1198.391219 -1198.943196 -1202.327268 -1209.894129 -1219.694393 -1162.900402 -1787.207047 -1834.287161 -1834.064906 -1833.179408 -1832.966604 -1832.928621 -1832.922881 -1832.922526 -1832.922985 -1832.923477 -1832.923879 -1832.924190 -1832.924432 -1832.924621 -1832.924773 -1832.924897 -1832.925003 -1832.925099 -1832.925194 -1832.925300 -1832.925433 -1832.925615 -1832.925881 -1832.926288 -1832.926924 -1832.927941 -1832.929598 -1832.932353 -1832.937047 -1832.945268 -1832.960110 -1832.987720 -1833.040572 -1833.144712 -1833.357171 -1833.811791 -1834.849531 -1837.426663 -1844.614886 -1868.224235 -9999.0 -9999.0
-9999.0 -9999.0 324.753650 227.309118 128.860408 30.043310 -68.916443 -167.934739 -266.969540 -365.989420 -464.961962 -563.820331 -662.422997 -760.736343 -859.008463 -957.218054 -1055.290569 -1152.759231 -1248.682504 -1342.447496 -1432.377527 -1515.686988 -1589.241373 -1650.888267 -1700.135582 -1737.932088 -1766.034414 -1786.419396 -1800.921952 -1811.079820 -1818.104877 -1822.913561 -1826.178201 -1828.380571 -1829.859924 -1830.854181 -1831.539923 -1832.102805 -1832.972705 -1835.493175 -1840.944152 -1815.858025 -1197.290284 -1240.646764 -1219.436551 -1205.615974 -1199.188512 -1198.250445 -1198.151438 -1198.160799 -1198.185677 -1198.212440 -1198.238159 -1198.261976 -1198.284094 -1198.309951 -1198.391219 -1198.943196 -1202.327268 -1209.894129 -1219.694393 -1162.900402 -1787.207047 -1834.287161 -1834.064906 -1833.179408 -1832.966604 -1832.928621 -1832.922881 -1832.922526 -1832.922985 -1832.923477 -1832.923879 -1832.924190 -1832.924432 -1832.924621 -1832.924773 -1832.924897 -1832.925003 -1832.925099 -1832.925194 -1832.925300 -1832.925433 -1832.925615 -1832.925881 -1832.926288 -1832.926924 -1832.927941 -1832.929598 -1832.932353 -1832.937047 -1832.945268 -1832.960110 -1832.987720 -1833.040572 -1833.144712 -1833.357171 -1833.811791 -1834.849531 -1837.426663 -1844.614886 -1868.224235 -9999.0 -9999.0
-9999.0 -9999.0 324.755061 227.309885 128.860713 30.043421 -68.916403 -167.934725 -266.969535 -365.989418 -464.961961 -563.820331 -662.422997 -760.736343 -859.008463 -957.218054 -1055.290569 -1152.759231 -1248.682505 -1342.447496 -1432.377527 -1515.686988 -1589.241373 -1650.888267 -1700.135582 -1737.932088 -1766.034414 -1786.419396 -1800.921952 -1811.079820 -1818.104877 -1822.913561 -1826.178201 -1828.380571 -1829.859924 -1830.854181 -1831.539923 -1832.102805 -1832.972705 -1835.493175 -1840.944152 -1815.858025 -1197.290284 -1240.646764 -1219.436551 -1205.615974 -1199.188512 -1198.250445 -1198.151438 -1198.160799 -1198.185677 -1198.212440 -1198.238159 -1198.261976 -1198.284094 -1198.309951 -1198.391219 -1198.943196 -1202.327268 -1209.894129 -1219.694393 -1162.900402 -1787.207047 -1834.287161 -1834.064906 -1833.179408 -1832.966604 -1832.928621 -1832.922881 -1832.922526 -1832.922985 -1832.923477 -1832.923879 -1832.924190 -1832.924432 -1832.924621 -1832.924773 -1832.924897 -1832.925003 -1832.925099 -1832.925194 -1832.925300 -1832.925433 -1832.925615 -1832.925881 -1832.926288 -1832.926924 -1832.927941 -1832.929598 -1832.932353 -1832.937047 -1832.945268 -1832.960110 -1832.987720 -1833.040572 -1833.144712 -1833.357171 -1833.811791 -1834.849531 -1837.426663 -1844.614886 -1868.224235 -9999.0 -9999.0
-9999.0 -9999.0 324.755061 227.309885 128.860713 30.043421 -68.916403 -167.934725 -266.969535 -365.989418 -464.961961 -563.820331 -662.422997 -760.736343 -859.008463 -957.218054 -1055.290569 -1152.759231 -1248.682505 -1342.447496 -1432.377527 -1515.686988 -1589.241373 -1650.888267 -1700.135582 -1737.932088 -1766.034414 -1786.419396 -1800.921952 -1811.079820 -1818.104877 -1822.913561 -1826.178201 -1828.380571 -1829.859924 -1830.854181 -1831.539923 -1832.102805 -1832.972705 -1835.493175 -1840.944152 -1815.858025 -1197.290284 -1240.646764 -1219.436551 -1205.615974 -1199.188512 -1198.250445 -1198.151438 -1198.160799 -1198.185677 -1198.212440 -1198.238159 -1198.261976 -1198.284094 -1198.309951 -1198.391219 -1198.943196 -1202.327268 -1209.894129 -1219.694393 -1162.900402 -1787.207047 -1834.287161 -1834.064906 -1833.179408 -1832.966604 -1832.928621 -1832.922881 -1832.922526 -1832.922985 -1832.923477 -1832.923879 -1832.924190 -1832.924432 -1832.924621 -1832.924773 -1832.924897 -1832.925003 -1832.925099 -1832.925194 -1832.925300 -1832.925433 -1832.925615 -1832.925881 -1832.926288 -1832.926924 -1832.927941 -1832.929598 -1832.932353 -1832.937047 -1832.945268 -1832.960110 -1832.987720 -1833.040572 -1833.144712 -1833.357171 -1833.811791 -1834.849531 -1837.426663 -1844.614886 -1868.224235 -9999.0 -9999.0
-9999.0 -9999.0 324.753650 227.309118 128.860408 30.043310 -68.916443 -167.934739 -266.969540 -365.989420 -464.961962 -563.820331 -662.422997 -760.736343 -859.008463 -957.218054 -1055.290569 -1152.759231 -1248.682504 -1342.447496 -1432.377527 -1515.686988 -1589.241373 -1650.888267 -1700.135582 -1737.932088 -1766.034414 -1786.419396 -1800.921952 -1811.079820 -1818.104877 -1822.913561 -1826.178201 -1828.380571 -1829.859924 -1830.854181 -1831.539923 -1832.102805 -1832.972705 -1835.493175 -1840.944152 -1815.858025 -1197.290284 -1240.646764 -1219.436551 -1205.615974 -1199.188512 -1198.250445 -1198.151438 -1198.160799 -1198.185677 -1198.212440 -1198.238159 -1198.261976 -1198.284094 -1198.309951 -1198.391219 -1198.943196 -1202.327268 -1209.894129 -1219.694393 -1162.900402 -1787.207047 -1834.287161 -1834.064906 -1833.179408 -1832.966604 -1832.928621 -1832.922881 -1832.922526 -1832.922985 -1832.923477 -1832.923879 -1832.924190 -1832.924432 -1832.924621 -1832.924773 -1832.924897 -1832.925003 -1832.925099 -1832.925194 -1832.925300 -1832.925433 -1832.925615 -1832.925881 -1832.926288 -1832.926924 -1832.927941 -1832.929598 -1832.932353 -1832.937047 -1832.945268 -1832.960110 -1832.987720 -1833.040572 -1833.144712 -1833.357171 -1833.811791 -1834.849531 -1837.426663 -1844.614886 -1868.224235 -9999.0 -9999.0
-9999.0 -9999.0 324.746194 227.307315 128.859930 30.043168 -68.916488 -167.934754 -266.969546 -365.989422 -464.961963 -563.820331 -662.422997 -760.736343 -859.008463 -957.218054 -1055.290569 -1152.759231 -1248.682504 -1342.447495 -1432.377527 -1515.686988 -1589.241373 -1650.888267 -1700.135581 -1737.932088 -1766.034414 -1786.419396 -1800.921952 -1811.079820 -1818.104877 -1822.913561 -1826.178201 -1828.380571 -1829.859924 -1830.854181 -1831.539923 -1832.102805 -1832.972705 -1835.493175 -1840.944152 -1815.858025 -1197.290284 -1240.646764 -1219.436551 -1205.615975 -1199.188512 -1198.250445 -1198.151438 -1198.160799 -1198.185677 -1198.212440 -1198.238159 -1198.261976 -1198.284094 -1198.309951 -1198.391219 -1198.943196 -1202.327268 -1209.894129 -1219.694393 -1162.900402 -1787.207047 -1834.287161 -1834.064906 -1833.179408 -1832.966604 -1832.928621 -1832.922881 -1832.922526 -1832.922985 -1832.923477 -1832.923879 -1832.924190 -1832.924432 -1832.924621 -1832.924773 -1832.924897 -1832.925003 -1832.925099 -1832.925194 -1832.925300 -1832.925433 -1832.925615 -1832.925881 -1832.926288 -1832.926924 -1832.927941 -1832.929598 -1832.932353 -1832.937047 -1832.945268 -1832.960110 -1832.987720 -1833.040572 -1833.144712 -1833.357171 -1833.811791 -1834.849531 -1837.426663 -1844.614886 -1868.224235 -9999.0 -9999.0
-9999.0 -9999.0 -9999.0 -9999.0 -9999.0 -9999.0 -9999.0 -9999.0 -9999.0 -9999.0 -9999.0 -9999.0 -9999.0 -9999.0 -9999.0 -9999.0 -9999.0 -9999.0 -9999.0 -9999.0 -9999.0 -9999.0 -9999.0 -9999.0 -9999.0 -9999.0 -9999.0 -9999.0 -9999.0 -9999.0 -9999.0 -9999.0 -9999.0 -9999.0 -9999.0 -9999.0 -9999.0 -9999.0 -9999.0 -9999.0 -9999.0 -9999.0 -9999.0 -9999.0 -9999.0 -9999.0 -9999.0 -9999.0 -9999.0 -9999.0 -9999.0 -9999.0 -9999.0 -9999.0 -9999.0 -9999.0 -9999.0 -9999.0 -9999.0 -9999.0 -9999.0 -9999.0 -9999.0 -9999.0 -9999.0 -9999.0 -9999.0 -9999.0 -9999.0 -9999.0 -9999.0 -9999.0 -9999.0 -9999.0 -9999.0 -9999.0 -9999.0 -9999.0 -9999.0 -9999.0 -9999.0 -9999.0 -9999.0 -9999.0 -9999.0 -9999.0 -9999.0 -9999.0 -9999.0 -9999.0 -9999.0 -9999.0 -9999.0 -9999.0 -9999.0 -9999.0 -9999.0 -9999.0 -9999.0 -9999.0 -9999.0 -9999.0 -9999.0 -9999.0
-9999.0 -9999.0 -9999.0 -9999.0 -9999.0 -9999.0 -9999.0 -9999.0 -9999.0 -9999.0 -9999.0 -9999.0 -9999.0 -9999.0 -9999.0 -9999.0 -9999.0 -9999.0 -9999.0 -9999.0 -9999.0 -9999.0 -9999.0 -9999.0 -9999.0 -9999.0 -9999.0 -9999.0 -9999.0 -9999.0 -9999.0 -9999.0 -9999.0 -9999.0 -9999.0 -9999.0 -9999.0 -9999.0 -9999.0 -9999.0 -9999.0 -9999.0 -9999.0 -9999.0 -9999.0 -9999.0 -9999.0 -9999.0 -9999.0 -9999.0 -9999.0 -9999.0 -9999.0 -9999.0 -9999.0 -9999.0 -9999.0 -9999.0 -9999.0 -9999.0 -9999.0 -9999.0 -9999.0 -9999.0 -9999.0 -9999.0 -9999.0 -9999.0 -9999.0 -9999.0 -9999.0 -9999.0 -9999.0 -9999.0 -9999.0 -9999.0 -9999.0 -9999.0 -9999.0 -9999.0 -9999.0 -9999.0 -9999.0 -9999.0 -9999.0 -9999.0 -9999.0 -9999.0 -9999.0 -9999.0 -9999.0 -9999.0 -9999.0 -9999.0 -9999.0 -9999.0 -9999.0 -9999.0 -9999.0 -9999.0 -9999.0 -9999.0 -9999.0 -9999.0