inst/processing_geotop_simulation/geotop_simulation/out/maps3D/PwL0020N0455.asc
ncols         104
nrows         10
xllcorner     -2.000000
yllcorner     0.000000
cellsize      1.000000
NODATA_value  -9999.0
-9999.0 -9999.0 -9999.0 -9999.0 -9999.0 -9999.0 -9999.0 -9999.0 -9999.0 -9999.0 -9999.0 -9999.0 -9999.0 -9999.0 -9999.0 -9999.0 -9999.0 -9999.0 -9999.0 -9999.0 -9999.0 -9999.0 -9999.0 -9999.0 -9999.0 -9999.0 -9999.0 -9999.0 -9999.0 -9999.0 -9999.0 -9999.0 -9999.0 -9999.0 -9999.0 -9999.0 -9999.0 -9999.0 -9999.0 -9999.0 -9999.0 -9999.0 -9999.0 -9999.0 -9999.0 -9999.0 -9999.0 -9999.0 -9999.0 -9999.0 -9999.0 -9999.0 -9999.0 -9999.0 -9999.0 -9999.0 -9999.0 -9999.0 -9999.0 -9999.0 -9999.0 -9999.0 -9999.0 -9999.0 -9999.0 -9999.0 -9999.0 -9999.0 -9999.0 -9999.0 -9999.0 -9999.0 -9999.0 -9999.0 -9999.0 -9999.0 -9999.0 -9999.0 -9999.0 -9999.0 -9999.0 -9999.0 -9999.0 -9999.0 -9999.0 -9999.0 -9999.0 -9999.0 -9999.0 -9999.0 -9999.0 -9999.0 -9999.0 -9999.0 -9999.0 -9999.0 -9999.0 -9999.0 -9999.0 -9999.0 -9999.0 -9999.0 -9999.0 -9999.0
-9999.0 -9999.0 -9999.0 -9999.0 -9999.0 -9999.0 -9999.0 -9999.0 -9999.0 -9999.0 -9999.0 -9999.0 -9999.0 -9999.0 -9999.0 -9999.0 -9999.0 -9999.0 -9999.0 -9999.0 -9999.0 -9999.0 -9999.0 -9999.0 -9999.0 -9999.0 -9999.0 -9999.0 -9999.0 -9999.0 -9999.0 -9999.0 -9999.0 -9999.0 -9999.0 -9999.0 -9999.0 -9999.0 -9999.0 -9999.0 -9999.0 -9999.0 -9999.0 -9999.0 -9999.0 -9999.0 -9999.0 -9999.0 -9999.0 -9999.0 -9999.0 -9999.0 -9999.0 -9999.0 -9999.0 -9999.0 -9999.0 -9999.0 -9999.0 -9999.0 -9999.0 -9999.0 -9999.0 -9999.0 -9999.0 -9999.0 -9999.0 -9999.0 -9999.0 -9999.0 -9999.0 -9999.0 -9999.0 -9999.0 -9999.0 -9999.0 -9999.0 -9999.0 -9999.0 -9999.0 -9999.0 -9999.0 -9999.0 -9999.0 -9999.0 -9999.0 -9999.0 -9999.0 -9999.0 -9999.0 -9999.0 -9999.0 -9999.0 -9999.0 -9999.0 -9999.0 -9999.0 -9999.0 -9999.0 -9999.0 -9999.0 -9999.0 -9999.0 -9999.0
-9999.0 -9999.0 968.048089 868.840332 769.576186 670.214726 570.799358 471.359991 371.913345 272.468621 173.030986 73.603442 -25.810343 -125.208290 -224.589053 -323.941645 -423.246089 -522.465415 -621.532692 -720.330072 -819.187135 -917.802697 -1016.032833 -1113.659360 -1206.353065 -1293.752570 -1373.880358 -1445.013869 -1506.015819 -1556.536468 -1597.012875 -1628.487046 -1652.337649 -1670.026369 -1682.918423 -1692.190534 -1698.819635 -1703.670810 -1707.790232 -1713.024110 -1722.131466 -1737.468740 -1786.943542 -3433.356800 -3982.506187 -3982.244969 -3932.806656 -3704.471735 -3391.199641 -3123.240540 -2916.381785 -2741.283731 -2634.829759 -2565.913097 -2501.741872 -2434.297158 -2361.270106 -2283.910613 -2205.221368 -2127.033852 -2027.074040 -1555.916458 -1692.614796 -1714.800048 -1715.167936 -1714.326244 -1714.042059 -1713.978154 -1713.966525 -1713.965059 -1713.965347 -1713.965866 -1713.966363 -1713.966807 -1713.967207 -1713.967575 -1713.967922 -1713.968257 -1713.968585 -1713.968915 -1713.969254 -1713.969611 -1713.970001 -1713.970442 -1713.970963 -1713.971609 -1713.972456 -1713.973629 -1713.975343 -1713.977988 -1713.982284 -1713.989614 -1714.002711 -1714.027127 -1714.074554 -1714.170806 -1714.376430 -1714.843077 -1715.976511 -1718.946365 -1727.436147 -1754.258933 -9999.0 -9999.0
-9999.0 -9999.0 968.050688 868.841337 769.576519 670.214835 570.799395 471.360004 371.913350 272.468623 173.030988 73.603442 -25.810343 -125.208290 -224.589052 -323.941645 -423.246089 -522.465415 -621.532692 -720.330072 -819.187135 -917.802697 -1016.032833 -1113.659360 -1206.353065 -1293.752571 -1373.880359 -1445.013869 -1506.015819 -1556.536468 -1597.012875 -1628.487046 -1652.337649 -1670.026369 -1682.918423 -1692.190534 -1698.819635 -1703.670810 -1707.790232 -1713.024110 -1722.131466 -1737.468740 -1786.943541 -3433.356799 -3982.506187 -3982.244969 -3932.806655 -3704.471735 -3391.199640 -3123.240538 -2916.381782 -2741.283731 -2634.829759 -2565.913097 -2501.741872 -2434.297158 -2361.270105 -2283.910613 -2205.221368 -2127.033852 -2027.074040 -1555.916458 -1692.614796 -1714.800048 -1715.167936 -1714.326244 -1714.042059 -1713.978154 -1713.966525 -1713.965059 -1713.965347 -1713.965866 -1713.966363 -1713.966807 -1713.967207 -1713.967575 -1713.967922 -1713.968257 -1713.968585 -1713.968915 -1713.969254 -1713.969611 -1713.970001 -1713.970442 -1713.970963 -1713.971609 -1713.972456 -1713.973629 -1713.975343 -1713.977988 -1713.982284 -1713.989614 -1714.002711 -1714.027127 -1714.074554 -1714.170806 -1714.376430 -1714.843077 -1715.976511 -1718.946365 -1727.436147 -1754.258933 -9999.0 -9999.0
-9999.0 -9999.0 968.051701 868.841883 769.576750 670.214924 570.799428 471.360017 371.913354 272.468625 173.030988 73.603443 -25.810343 -125.208290 -224.589053 -323.941645 -423.246089 -522.465415 -621.532692 -720.330072 -819.187135 -917.802697 -1016.032833 -1113.659360 -1206.353066 -1293.752571 -1373.880359 -1445.013869 -1506.015819 -1556.536468 -1597.012875 -1628.487047 -1652.337649 -1670.026369 -1682.918423 -1692.190534 -1698.819635 -1703.670810 -1707.790232 -1713.024110 -1722.131466 -1737.468740 -1786.943541 -3433.356799 -3982.506187 -3982.244969 -3932.806655 -3704.471734 -3391.199640 -3123.240536 -2916.381781 -2741.283730 -2634.829759 -2565.913097 -2501.741872 -2434.297158 -2361.270105 -2283.910612 -2205.221368 -2127.033851 -2027.074040 -1555.916458 -1692.614796 -1714.800048 -1715.167936 -1714.326244 -1714.042059 -1713.978154 -1713.966525 -1713.965059 -1713.965347 -1713.965866 -1713.966363 -1713.966807 -1713.967207 -1713.967575 -1713.967922 -1713.968257 -1713.968585 -1713.968915 -1713.969254 -1713.969611 -1713.970001 -1713.970442 -1713.970963 -1713.971609 -1713.972456 -1713.973629 -1713.975343 -1713.977988 -1713.982284 -1713.989614 -1714.002711 -1714.027127 -1714.074554 -1714.170806 -1714.376430 -1714.843077 -1715.976511 -1718.946365 -1727.436147 -1754.258933 -9999.0 -9999.0
-9999.0 -9999.0 968.051701 868.841883 769.576750 670.214924 570.799428 471.360017 371.913354 272.468625 173.030988 73.603443 -25.810343 -125.208290 -224.589052 -323.941645 -423.246089 -522.465415 -621.532692 -720.330072 -819.187135 -917.802697 -1016.032833 -1113.659360 -1206.353066 -1293.752571 -1373.880359 -1445.013869 -1506.015819 -1556.536468 -1597.012875 -1628.487046 -1652.337649 -1670.026369 -1682.918423 -1692.190534 -1698.819635 -1703.670810 -1707.790232 -1713.024110 -1722.131466 -1737.468740 -1786.943541 -3433.356799 -3982.506187 -3982.244969 -3932.806655 -3704.471734 -3391.199640 -3123.240537 -2916.381781 -2741.283730 -2634.829759 -2565.913097 -2501.741872 -2434.297158 -2361.270105 -2283.910613 -2205.221368 -2127.033851 -2027.074040 -1555.916458 -1692.614796 -1714.800048 -1715.167936 -1714.326244 -1714.042059 -1713.978154 -1713.966525 -1713.965059 -1713.965347 -1713.965866 -1713.966363 -1713.966807 -1713.967207 -1713.967575 -1713.967922 -1713.968257 -1713.968585 -1713.968915 -1713.969254 -1713.969611 -1713.970001 -1713.970442 -1713.970963 -1713.971609 -1713.972456 -1713.973629 -1713.975343 -1713.977988 -1713.982284 -1713.989614 -1714.002711 -1714.027127 -1714.074554 -1714.170806 -1714.376430 -1714.843077 -1715.976511 -1718.946365 -1727.436147 -1754.258933 -9999.0 -9999.0
-9999.0 -9999.0 968.050688 868.841337 769.576519 670.214835 570.799395 471.360004 371.913350 272.468623 173.030987 73.603442 -25.810343 -125.208290 -224.589053 -323.941645 -423.246089 -522.465415 -621.532692 -720.330072 -819.187135 -917.802697 -1016.032833 -1113.659360 -1206.353065 -1293.752571 -1373.880359 -1445.013869 -1506.015819 -1556.536468 -1597.012875 -1628.487046 -1652.337649 -1670.026369 -1682.918423 -1692.190534 -1698.819635 -1703.670810 -1707.790232 -1713.024110 -1722.131466 -1737.468740 -1786.943541 -3433.356799 -3982.506187 -3982.244969 -3932.806655 -3704.471735 -3391.199640 -3123.240537 -2916.381782 -2741.283730 -2634.829759 -2565.913097 -2501.741872 -2434.297158 -2361.270106 -2283.910613 -2205.221368 -2127.033851 -2027.074040 -1555.916458 -1692.614796 -1714.800048 -1715.167936 -1714.326244 -1714.042059 -1713.978154 -1713.966525 -1713.965059 -1713.965347 -1713.965866 -1713.966363 -1713.966807 -1713.967207 -1713.967575 -1713.967922 -1713.968257 -1713.968585 -1713.968915 -1713.969254 -1713.969611 -1713.970001 -1713.970442 -1713.970963 -1713.971609 -1713.972456 -1713.973629 -1713.975343 -1713.977988 -1713.982284 -1713.989614 -1714.002711 -1714.027127 -1714.074554 -1714.170806 -1714.376430 -1714.843077 -1715.976511 -1718.946365 -1727.436147 -1754.258933 -9999.0 -9999.0
-9999.0 -9999.0 968.048089 868.840333 769.576186 670.214726 570.799358 471.359991 371.913345 272.468621 173.030987 73.603442 -25.810343 -125.208290 -224.589052 -323.941645 -423.246089 -522.465415 -621.532692 -720.330072 -819.187135 -917.802697 -1016.032833 -1113.659360 -1206.353065 -1293.752570 -1373.880358 -1445.013869 -1506.015819 -1556.536468 -1597.012875 -1628.487046 -1652.337649 -1670.026369 -1682.918423 -1692.190534 -1698.819635 -1703.670810 -1707.790232 -1713.024110 -1722.131466 -1737.468740 -1786.943542 -3433.356800 -3982.506187 -3982.244969 -3932.806656 -3704.471735 -3391.199641 -3123.240540 -2916.381785 -2741.283731 -2634.829759 -2565.913097 -2501.741872 -2434.297158 -2361.270106 -2283.910613 -2205.221368 -2127.033852 -2027.074041 -1555.916458 -1692.614796 -1714.800048 -1715.167936 -1714.326244 -1714.042059 -1713.978154 -1713.966525 -1713.965059 -1713.965347 -1713.965866 -1713.966363 -1713.966807 -1713.967207 -1713.967575 -1713.967922 -1713.968257 -1713.968585 -1713.968915 -1713.969254 -1713.969611 -1713.970001 -1713.970442 -1713.970963 -1713.971609 -1713.972456 -1713.973629 -1713.975343 -1713.977988 -1713.982284 -1713.989614 -1714.002711 -1714.027127 -1714.074554 -1714.170806 -1714.376430 -1714.843077 -1715.976511 -1718.946365 -1727.436147 -1754.258933 -9999.0 -9999.0
-9999.0 -9999.0 -9999.0 -9999.0 -9999.0 -9999.0 -9999.0 -9999.0 -9999.0 -9999.0 -9999.0 -9999.0 -9999.0 -9999.0 -9999.0 -9999.0 -9999.0 -9999.0 -9999.0 -9999.0 -9999.0 -9999.0 -9999.0 -9999.0 -9999.0 -9999.0 -9999.0 -9999.0 -9999.0 -9999.0 -9999.0 -9999.0 -9999.0 -9999.0 -9999.0 -9999.0 -9999.0 -9999.0 -9999.0 -9999.0 -9999.0 -9999.0 -9999.0 -9999.0 -9999.0 -9999.0 -9999.0 -9999.0 -9999.0 -9999.0 -9999.0 -9999.0 -9999.0 -9999.0 -9999.0 -9999.0 -9999.0 -9999.0 -9999.0 -9999.0 -9999.0 -9999.0 -9999.0 -9999.0 -9999.0 -9999.0 -9999.0 -9999.0 -9999.0 -9999.0 -9999.0 -9999.0 -9999.0 -9999.0 -9999.0 -9999.0 -9999.0 -9999.0 -9999.0 -9999.0 -9999.0 -9999.0 -9999.0 -9999.0 -9999.0 -9999.0 -9999.0 -9999.0 -9999.0 -9999.0 -9999.0 -9999.0 -9999.0 -9999.0 -9999.0 -9999.0 -9999.0 -9999.0 -9999.0 -9999.0 -9999.0 -9999.0 -9999.0 -9999.0
-9999.0 -9999.0 -9999.0 -9999.0 -9999.0 -9999.0 -9999.0 -9999.0 -9999.0 -9999.0 -9999.0 -9999.0 -9999.0 -9999.0 -9999.0 -9999.0 -9999.0 -9999.0 -9999.0 -9999.0 -9999.0 -9999.0 -9999.0 -9999.0 -9999.0 -9999.0 -9999.0 -9999.0 -9999.0 -9999.0 -9999.0 -9999.0 -9999.0 -9999.0 -9999.0 -9999.0 -9999.0 -9999.0 -9999.0 -9999.0 -9999.0 -9999.0 -9999.0 -9999.0 -9999.0 -9999.0 -9999.0 -9999.0 -9999.0 -9999.0 -9999.0 -9999.0 -9999.0 -9999.0 -9999.0 -9999.0 -9999.0 -9999.0 -9999.0 -9999.0 -9999.0 -9999.0 -9999.0 -9999.0 -9999.0 -9999.0 -9999.0 -9999.0 -9999.0 -9999.0 -9999.0 -9999.0 -9999.0 -9999.0 -9999.0 -9999.0 -9999.0 -9999.0 -9999.0 -9999.0 -9999.0 -9999.0 -9999.0 -9999.0 -9999.0 -9999.0 -9999.0 -9999.0 -9999.0 -9999.0 -9999.0 -9999.0 -9999.0 -9999.0 -9999.0 -9999.0 -9999.0 -9999.0 -9999.0 -9999.0 -9999.0 -9999.0 -9999.0 -9999.0