inst/processing_geotop_simulation/geotop_simulation/out/maps3D/PwL0012N0440.asc
ncols         104
nrows         10
xllcorner     -2.000000
yllcorner     0.000000
cellsize      1.000000
NODATA_value  -9999.0
-9999.0 -9999.0 -9999.0 -9999.0 -9999.0 -9999.0 -9999.0 -9999.0 -9999.0 -9999.0 -9999.0 -9999.0 -9999.0 -9999.0 -9999.0 -9999.0 -9999.0 -9999.0 -9999.0 -9999.0 -9999.0 -9999.0 -9999.0 -9999.0 -9999.0 -9999.0 -9999.0 -9999.0 -9999.0 -9999.0 -9999.0 -9999.0 -9999.0 -9999.0 -9999.0 -9999.0 -9999.0 -9999.0 -9999.0 -9999.0 -9999.0 -9999.0 -9999.0 -9999.0 -9999.0 -9999.0 -9999.0 -9999.0 -9999.0 -9999.0 -9999.0 -9999.0 -9999.0 -9999.0 -9999.0 -9999.0 -9999.0 -9999.0 -9999.0 -9999.0 -9999.0 -9999.0 -9999.0 -9999.0 -9999.0 -9999.0 -9999.0 -9999.0 -9999.0 -9999.0 -9999.0 -9999.0 -9999.0 -9999.0 -9999.0 -9999.0 -9999.0 -9999.0 -9999.0 -9999.0 -9999.0 -9999.0 -9999.0 -9999.0 -9999.0 -9999.0 -9999.0 -9999.0 -9999.0 -9999.0 -9999.0 -9999.0 -9999.0 -9999.0 -9999.0 -9999.0 -9999.0 -9999.0 -9999.0 -9999.0 -9999.0 -9999.0 -9999.0 -9999.0
-9999.0 -9999.0 -9999.0 -9999.0 -9999.0 -9999.0 -9999.0 -9999.0 -9999.0 -9999.0 -9999.0 -9999.0 -9999.0 -9999.0 -9999.0 -9999.0 -9999.0 -9999.0 -9999.0 -9999.0 -9999.0 -9999.0 -9999.0 -9999.0 -9999.0 -9999.0 -9999.0 -9999.0 -9999.0 -9999.0 -9999.0 -9999.0 -9999.0 -9999.0 -9999.0 -9999.0 -9999.0 -9999.0 -9999.0 -9999.0 -9999.0 -9999.0 -9999.0 -9999.0 -9999.0 -9999.0 -9999.0 -9999.0 -9999.0 -9999.0 -9999.0 -9999.0 -9999.0 -9999.0 -9999.0 -9999.0 -9999.0 -9999.0 -9999.0 -9999.0 -9999.0 -9999.0 -9999.0 -9999.0 -9999.0 -9999.0 -9999.0 -9999.0 -9999.0 -9999.0 -9999.0 -9999.0 -9999.0 -9999.0 -9999.0 -9999.0 -9999.0 -9999.0 -9999.0 -9999.0 -9999.0 -9999.0 -9999.0 -9999.0 -9999.0 -9999.0 -9999.0 -9999.0 -9999.0 -9999.0 -9999.0 -9999.0 -9999.0 -9999.0 -9999.0 -9999.0 -9999.0 -9999.0 -9999.0 -9999.0 -9999.0 -9999.0 -9999.0 -9999.0
-9999.0 -9999.0 571.584094 472.802129 373.693605 274.404120 175.034614 75.631530 -23.780884 -123.190274 -222.591494 -321.974917 -421.323641 -520.604421 -619.766857 -718.750779 -817.803978 -916.759613 -1015.593914 -1114.268018 -1211.503836 -1306.650070 -1397.882820 -1482.809929 -1559.055042 -1624.880330 -1679.548032 -1723.338661 -1757.310233 -1782.953401 -1801.876280 -1815.586020 -1825.374374 -1832.282683 -1837.115261 -1840.477679 -1842.832710 -1844.603732 -1846.435318 -1849.609143 -1853.821966 -1834.880966 -1465.433231 -1895.957082 -1803.430367 -1743.107315 -1716.205063 -1712.522726 -1712.141941 -1712.177612 -1712.272270 -1712.374008 -1712.471743 -1712.562228 -1712.646160 -1712.743435 -1713.046360 -1715.154460 -1729.016306 -1760.816536 -1791.180398 -1371.446349 -1796.592059 -1846.302343 -1848.826999 -1848.188716 -1847.948842 -1847.896497 -1847.887349 -1847.886267 -1847.886519 -1847.886921 -1847.887276 -1847.887568 -1847.887808 -1847.888008 -1847.888181 -1847.888334 -1847.888474 -1847.888609 -1847.888745 -1847.888893 -1847.889066 -1847.889281 -1847.889569 -1847.889975 -1847.890575 -1847.891496 -1847.892956 -1847.895348 -1847.899398 -1847.906491 -1847.919349 -1847.943445 -1847.990117 -1848.083820 -1848.280459 -1848.717245 -1849.758201 -1852.460701 -1860.253972 -1885.681921 -9999.0 -9999.0
-9999.0 -9999.0 571.588803 472.803544 373.694013 274.404245 175.034655 75.631544 -23.780879 -123.190272 -222.591493 -321.974917 -421.323641 -520.604421 -619.766857 -718.750779 -817.803978 -916.759613 -1015.593914 -1114.268019 -1211.503836 -1306.650070 -1397.882820 -1482.809930 -1559.055042 -1624.880330 -1679.548033 -1723.338661 -1757.310233 -1782.953401 -1801.876280 -1815.586020 -1825.374374 -1832.282683 -1837.115261 -1840.477679 -1842.832710 -1844.603732 -1846.435318 -1849.609143 -1853.821966 -1834.880966 -1465.433231 -1895.957082 -1803.430366 -1743.107314 -1716.205063 -1712.522726 -1712.141941 -1712.177612 -1712.272270 -1712.374008 -1712.471743 -1712.562228 -1712.646160 -1712.743435 -1713.046360 -1715.154460 -1729.016306 -1760.816536 -1791.180398 -1371.446349 -1796.592059 -1846.302343 -1848.826999 -1848.188716 -1847.948842 -1847.896497 -1847.887349 -1847.886267 -1847.886519 -1847.886921 -1847.887276 -1847.887568 -1847.887808 -1847.888008 -1847.888181 -1847.888334 -1847.888474 -1847.888609 -1847.888745 -1847.888893 -1847.889066 -1847.889281 -1847.889569 -1847.889975 -1847.890575 -1847.891496 -1847.892956 -1847.895348 -1847.899398 -1847.906491 -1847.919349 -1847.943444 -1847.990117 -1848.083820 -1848.280459 -1848.717245 -1849.758201 -1852.460701 -1860.253972 -1885.681921 -9999.0 -9999.0
-9999.0 -9999.0 571.590068 472.804205 373.694280 274.404344 175.034691 75.631557 -23.780874 -123.190270 -222.591492 -321.974916 -421.323640 -520.604421 -619.766857 -718.750779 -817.803978 -916.759613 -1015.593915 -1114.268019 -1211.503836 -1306.650070 -1397.882821 -1482.809930 -1559.055042 -1624.880330 -1679.548033 -1723.338661 -1757.310233 -1782.953401 -1801.876280 -1815.586020 -1825.374374 -1832.282683 -1837.115261 -1840.477679 -1842.832710 -1844.603732 -1846.435318 -1849.609143 -1853.821966 -1834.880966 -1465.433231 -1895.957082 -1803.430366 -1743.107313 -1716.205062 -1712.522726 -1712.141940 -1712.177612 -1712.272270 -1712.374008 -1712.471743 -1712.562228 -1712.646160 -1712.743435 -1713.046360 -1715.154460 -1729.016306 -1760.816536 -1791.180398 -1371.446349 -1796.592059 -1846.302343 -1848.826999 -1848.188716 -1847.948842 -1847.896497 -1847.887349 -1847.886267 -1847.886519 -1847.886921 -1847.887276 -1847.887568 -1847.887808 -1847.888008 -1847.888181 -1847.888334 -1847.888474 -1847.888609 -1847.888745 -1847.888893 -1847.889066 -1847.889281 -1847.889569 -1847.889975 -1847.890575 -1847.891496 -1847.892956 -1847.895348 -1847.899398 -1847.906491 -1847.919349 -1847.943444 -1847.990117 -1848.083820 -1848.280459 -1848.717245 -1849.758201 -1852.460701 -1860.253972 -1885.681921 -9999.0 -9999.0
-9999.0 -9999.0 571.590068 472.804205 373.694280 274.404344 175.034691 75.631557 -23.780874 -123.190270 -222.591492 -321.974916 -421.323640 -520.604421 -619.766857 -718.750779 -817.803978 -916.759613 -1015.593914 -1114.268019 -1211.503836 -1306.650070 -1397.882820 -1482.809930 -1559.055042 -1624.880330 -1679.548033 -1723.338661 -1757.310233 -1782.953401 -1801.876280 -1815.586020 -1825.374374 -1832.282683 -1837.115261 -1840.477679 -1842.832710 -1844.603732 -1846.435318 -1849.609143 -1853.821966 -1834.880966 -1465.433231 -1895.957082 -1803.430366 -1743.107313 -1716.205062 -1712.522726 -1712.141940 -1712.177612 -1712.272270 -1712.374008 -1712.471743 -1712.562228 -1712.646160 -1712.743435 -1713.046360 -1715.154460 -1729.016306 -1760.816536 -1791.180398 -1371.446349 -1796.592059 -1846.302343 -1848.826999 -1848.188716 -1847.948842 -1847.896497 -1847.887349 -1847.886267 -1847.886519 -1847.886921 -1847.887276 -1847.887568 -1847.887808 -1847.888008 -1847.888181 -1847.888334 -1847.888474 -1847.888609 -1847.888745 -1847.888893 -1847.889066 -1847.889281 -1847.889569 -1847.889975 -1847.890575 -1847.891496 -1847.892956 -1847.895348 -1847.899398 -1847.906491 -1847.919349 -1847.943444 -1847.990117 -1848.083820 -1848.280459 -1848.717245 -1849.758201 -1852.460701 -1860.253972 -1885.681921 -9999.0 -9999.0
-9999.0 -9999.0 571.588803 472.803544 373.694013 274.404245 175.034655 75.631544 -23.780879 -123.190272 -222.591493 -321.974917 -421.323641 -520.604421 -619.766857 -718.750779 -817.803978 -916.759613 -1015.593914 -1114.268019 -1211.503836 -1306.650070 -1397.882820 -1482.809930 -1559.055042 -1624.880330 -1679.548033 -1723.338661 -1757.310233 -1782.953401 -1801.876280 -1815.586020 -1825.374374 -1832.282683 -1837.115261 -1840.477679 -1842.832710 -1844.603732 -1846.435318 -1849.609143 -1853.821966 -1834.880966 -1465.433231 -1895.957082 -1803.430366 -1743.107314 -1716.205063 -1712.522726 -1712.141941 -1712.177612 -1712.272270 -1712.374008 -1712.471743 -1712.562228 -1712.646160 -1712.743435 -1713.046360 -1715.154460 -1729.016306 -1760.816536 -1791.180398 -1371.446349 -1796.592059 -1846.302343 -1848.826999 -1848.188716 -1847.948842 -1847.896497 -1847.887349 -1847.886267 -1847.886519 -1847.886921 -1847.887276 -1847.887568 -1847.887808 -1847.888008 -1847.888181 -1847.888334 -1847.888474 -1847.888609 -1847.888745 -1847.888893 -1847.889066 -1847.889281 -1847.889569 -1847.889975 -1847.890575 -1847.891496 -1847.892956 -1847.895348 -1847.899398 -1847.906491 -1847.919349 -1847.943444 -1847.990117 -1848.083820 -1848.280459 -1848.717245 -1849.758201 -1852.460701 -1860.253972 -1885.681921 -9999.0 -9999.0
-9999.0 -9999.0 571.584094 472.802129 373.693605 274.404120 175.034614 75.631530 -23.780884 -123.190274 -222.591494 -321.974917 -421.323641 -520.604421 -619.766857 -718.750779 -817.803978 -916.759613 -1015.593914 -1114.268018 -1211.503836 -1306.650070 -1397.882820 -1482.809929 -1559.055042 -1624.880330 -1679.548032 -1723.338661 -1757.310233 -1782.953401 -1801.876280 -1815.586020 -1825.374374 -1832.282683 -1837.115261 -1840.477679 -1842.832710 -1844.603732 -1846.435318 -1849.609143 -1853.821966 -1834.880966 -1465.433231 -1895.957082 -1803.430367 -1743.107315 -1716.205063 -1712.522726 -1712.141941 -1712.177612 -1712.272270 -1712.374008 -1712.471743 -1712.562228 -1712.646160 -1712.743435 -1713.046360 -1715.154460 -1729.016306 -1760.816536 -1791.180398 -1371.446349 -1796.592059 -1846.302343 -1848.826999 -1848.188716 -1847.948842 -1847.896497 -1847.887349 -1847.886267 -1847.886519 -1847.886921 -1847.887276 -1847.887568 -1847.887808 -1847.888008 -1847.888181 -1847.888334 -1847.888474 -1847.888609 -1847.888745 -1847.888893 -1847.889066 -1847.889281 -1847.889569 -1847.889975 -1847.890575 -1847.891496 -1847.892956 -1847.895348 -1847.899398 -1847.906491 -1847.919349 -1847.943445 -1847.990117 -1848.083820 -1848.280459 -1848.717245 -1849.758201 -1852.460701 -1860.253972 -1885.681921 -9999.0 -9999.0
-9999.0 -9999.0 -9999.0 -9999.0 -9999.0 -9999.0 -9999.0 -9999.0 -9999.0 -9999.0 -9999.0 -9999.0 -9999.0 -9999.0 -9999.0 -9999.0 -9999.0 -9999.0 -9999.0 -9999.0 -9999.0 -9999.0 -9999.0 -9999.0 -9999.0 -9999.0 -9999.0 -9999.0 -9999.0 -9999.0 -9999.0 -9999.0 -9999.0 -9999.0 -9999.0 -9999.0 -9999.0 -9999.0 -9999.0 -9999.0 -9999.0 -9999.0 -9999.0 -9999.0 -9999.0 -9999.0 -9999.0 -9999.0 -9999.0 -9999.0 -9999.0 -9999.0 -9999.0 -9999.0 -9999.0 -9999.0 -9999.0 -9999.0 -9999.0 -9999.0 -9999.0 -9999.0 -9999.0 -9999.0 -9999.0 -9999.0 -9999.0 -9999.0 -9999.0 -9999.0 -9999.0 -9999.0 -9999.0 -9999.0 -9999.0 -9999.0 -9999.0 -9999.0 -9999.0 -9999.0 -9999.0 -9999.0 -9999.0 -9999.0 -9999.0 -9999.0 -9999.0 -9999.0 -9999.0 -9999.0 -9999.0 -9999.0 -9999.0 -9999.0 -9999.0 -9999.0 -9999.0 -9999.0 -9999.0 -9999.0 -9999.0 -9999.0 -9999.0 -9999.0
-9999.0 -9999.0 -9999.0 -9999.0 -9999.0 -9999.0 -9999.0 -9999.0 -9999.0 -9999.0 -9999.0 -9999.0 -9999.0 -9999.0 -9999.0 -9999.0 -9999.0 -9999.0 -9999.0 -9999.0 -9999.0 -9999.0 -9999.0 -9999.0 -9999.0 -9999.0 -9999.0 -9999.0 -9999.0 -9999.0 -9999.0 -9999.0 -9999.0 -9999.0 -9999.0 -9999.0 -9999.0 -9999.0 -9999.0 -9999.0 -9999.0 -9999.0 -9999.0 -9999.0 -9999.0 -9999.0 -9999.0 -9999.0 -9999.0 -9999.0 -9999.0 -9999.0 -9999.0 -9999.0 -9999.0 -9999.0 -9999.0 -9999.0 -9999.0 -9999.0 -9999.0 -9999.0 -9999.0 -9999.0 -9999.0 -9999.0 -9999.0 -9999.0 -9999.0 -9999.0 -9999.0 -9999.0 -9999.0 -9999.0 -9999.0 -9999.0 -9999.0 -9999.0 -9999.0 -9999.0 -9999.0 -9999.0 -9999.0 -9999.0 -9999.0 -9999.0 -9999.0 -9999.0 -9999.0 -9999.0 -9999.0 -9999.0 -9999.0 -9999.0 -9999.0 -9999.0 -9999.0 -9999.0 -9999.0 -9999.0 -9999.0 -9999.0 -9999.0 -9999.0