inst/processing_geotop_simulation/geotop_simulation/out/maps3D/PwL0003N0226.asc
ncols         104
nrows         10
xllcorner     -2.000000
yllcorner     0.000000
cellsize      1.000000
NODATA_value  -9999.0
-9999.0 -9999.0 -9999.0 -9999.0 -9999.0 -9999.0 -9999.0 -9999.0 -9999.0 -9999.0 -9999.0 -9999.0 -9999.0 -9999.0 -9999.0 -9999.0 -9999.0 -9999.0 -9999.0 -9999.0 -9999.0 -9999.0 -9999.0 -9999.0 -9999.0 -9999.0 -9999.0 -9999.0 -9999.0 -9999.0 -9999.0 -9999.0 -9999.0 -9999.0 -9999.0 -9999.0 -9999.0 -9999.0 -9999.0 -9999.0 -9999.0 -9999.0 -9999.0 -9999.0 -9999.0 -9999.0 -9999.0 -9999.0 -9999.0 -9999.0 -9999.0 -9999.0 -9999.0 -9999.0 -9999.0 -9999.0 -9999.0 -9999.0 -9999.0 -9999.0 -9999.0 -9999.0 -9999.0 -9999.0 -9999.0 -9999.0 -9999.0 -9999.0 -9999.0 -9999.0 -9999.0 -9999.0 -9999.0 -9999.0 -9999.0 -9999.0 -9999.0 -9999.0 -9999.0 -9999.0 -9999.0 -9999.0 -9999.0 -9999.0 -9999.0 -9999.0 -9999.0 -9999.0 -9999.0 -9999.0 -9999.0 -9999.0 -9999.0 -9999.0 -9999.0 -9999.0 -9999.0 -9999.0 -9999.0 -9999.0 -9999.0 -9999.0 -9999.0 -9999.0
-9999.0 -9999.0 -9999.0 -9999.0 -9999.0 -9999.0 -9999.0 -9999.0 -9999.0 -9999.0 -9999.0 -9999.0 -9999.0 -9999.0 -9999.0 -9999.0 -9999.0 -9999.0 -9999.0 -9999.0 -9999.0 -9999.0 -9999.0 -9999.0 -9999.0 -9999.0 -9999.0 -9999.0 -9999.0 -9999.0 -9999.0 -9999.0 -9999.0 -9999.0 -9999.0 -9999.0 -9999.0 -9999.0 -9999.0 -9999.0 -9999.0 -9999.0 -9999.0 -9999.0 -9999.0 -9999.0 -9999.0 -9999.0 -9999.0 -9999.0 -9999.0 -9999.0 -9999.0 -9999.0 -9999.0 -9999.0 -9999.0 -9999.0 -9999.0 -9999.0 -9999.0 -9999.0 -9999.0 -9999.0 -9999.0 -9999.0 -9999.0 -9999.0 -9999.0 -9999.0 -9999.0 -9999.0 -9999.0 -9999.0 -9999.0 -9999.0 -9999.0 -9999.0 -9999.0 -9999.0 -9999.0 -9999.0 -9999.0 -9999.0 -9999.0 -9999.0 -9999.0 -9999.0 -9999.0 -9999.0 -9999.0 -9999.0 -9999.0 -9999.0 -9999.0 -9999.0 -9999.0 -9999.0 -9999.0 -9999.0 -9999.0 -9999.0 -9999.0 -9999.0
-9999.0 -9999.0 128.384690 34.875230 -61.828897 -159.374480 -257.233005 -355.195607 -453.150871 -551.011240 -648.588787 -745.615182 -842.143272 -937.931088 -1033.496578 -1129.098313 -1223.002274 -1314.880472 -1404.375520 -1489.419723 -1564.891580 -1626.526747 -1673.313587 -1706.993881 -1730.447074 -1746.489083 -1757.370339 -1764.718130 -1769.657683 -1772.958398 -1775.148439 -1776.591159 -1777.535544 -1778.150592 -1778.549900 -1778.810925 -1778.993607 -1779.176065 -1779.622484 -1781.585057 -1788.551399 -1774.991763 -1102.674321 -1104.150162 -1092.006459 -1084.254773 -1080.620856 -1080.085334 -1080.029296 -1080.036240 -1080.052497 -1080.069905 -1080.086629 -1080.102111 -1080.116441 -1080.132736 -1080.180802 -1080.500563 -1082.434238 -1086.767239 -1093.204734 -1083.112432 -1752.854140 -1783.226068 -1780.457840 -1779.556442 -1779.397614 -1779.372747 -1779.369472 -1779.369766 -1779.370550 -1779.371262 -1779.371822 -1779.372249 -1779.372576 -1779.372829 -1779.373029 -1779.373191 -1779.373327 -1779.373447 -1779.373565 -1779.373697 -1779.373863 -1779.374093 -1779.374434 -1779.374960 -1779.375787 -1779.377111 -1779.379265 -1779.382831 -1779.388864 -1779.399342 -1779.418081 -1779.452603 -1779.517962 -1779.644762 -1779.897116 -1780.417237 -1781.547627 -1784.196434 -1791.136555 -1813.206823 -9999.0 -9999.0
-9999.0 -9999.0 128.395837 34.877376 -61.828357 -159.374323 -257.232955 -355.195590 -453.150865 -551.011238 -648.588786 -745.615181 -842.143272 -937.931088 -1033.496578 -1129.098313 -1223.002275 -1314.880472 -1404.375521 -1489.419723 -1564.891580 -1626.526747 -1673.313587 -1706.993881 -1730.447074 -1746.489083 -1757.370339 -1764.718130 -1769.657683 -1772.958398 -1775.148439 -1776.591159 -1777.535544 -1778.150592 -1778.549900 -1778.810925 -1778.993607 -1779.176065 -1779.622484 -1781.585057 -1788.551399 -1774.991763 -1102.674321 -1104.150162 -1092.006459 -1084.254773 -1080.620856 -1080.085334 -1080.029296 -1080.036240 -1080.052497 -1080.069905 -1080.086629 -1080.102111 -1080.116441 -1080.132736 -1080.180802 -1080.500563 -1082.434238 -1086.767239 -1093.204734 -1083.112432 -1752.854140 -1783.226068 -1780.457840 -1779.556442 -1779.397614 -1779.372747 -1779.369472 -1779.369766 -1779.370550 -1779.371262 -1779.371822 -1779.372249 -1779.372576 -1779.372829 -1779.373029 -1779.373191 -1779.373327 -1779.373447 -1779.373565 -1779.373697 -1779.373863 -1779.374093 -1779.374434 -1779.374960 -1779.375787 -1779.377111 -1779.379265 -1779.382831 -1779.388864 -1779.399342 -1779.418081 -1779.452603 -1779.517962 -1779.644762 -1779.897116 -1780.417237 -1781.547627 -1784.196434 -1791.136555 -1813.206823 -9999.0 -9999.0
-9999.0 -9999.0 128.397227 34.878240 -61.828016 -159.374200 -257.232911 -355.195575 -453.150859 -551.011236 -648.588785 -745.615181 -842.143272 -937.931088 -1033.496578 -1129.098313 -1223.002275 -1314.880472 -1404.375521 -1489.419723 -1564.891580 -1626.526748 -1673.313587 -1706.993881 -1730.447074 -1746.489083 -1757.370339 -1764.718130 -1769.657683 -1772.958398 -1775.148439 -1776.591159 -1777.535544 -1778.150592 -1778.549900 -1778.810925 -1778.993607 -1779.176065 -1779.622484 -1781.585057 -1788.551399 -1774.991763 -1102.674321 -1104.150162 -1092.006459 -1084.254773 -1080.620856 -1080.085334 -1080.029296 -1080.036240 -1080.052497 -1080.069905 -1080.086629 -1080.102111 -1080.116441 -1080.132736 -1080.180802 -1080.500563 -1082.434238 -1086.767239 -1093.204734 -1083.112432 -1752.854140 -1783.226068 -1780.457840 -1779.556442 -1779.397614 -1779.372747 -1779.369472 -1779.369766 -1779.370550 -1779.371262 -1779.371822 -1779.372249 -1779.372576 -1779.372829 -1779.373029 -1779.373191 -1779.373327 -1779.373447 -1779.373565 -1779.373697 -1779.373863 -1779.374093 -1779.374434 -1779.374960 -1779.375787 -1779.377111 -1779.379265 -1779.382831 -1779.388864 -1779.399342 -1779.418081 -1779.452603 -1779.517962 -1779.644762 -1779.897116 -1780.417237 -1781.547627 -1784.196434 -1791.136555 -1813.206823 -9999.0 -9999.0
-9999.0 -9999.0 128.397227 34.878240 -61.828016 -159.374200 -257.232911 -355.195574 -453.150859 -551.011236 -648.588785 -745.615181 -842.143272 -937.931088 -1033.496578 -1129.098313 -1223.002275 -1314.880472 -1404.375521 -1489.419723 -1564.891580 -1626.526748 -1673.313587 -1706.993881 -1730.447074 -1746.489083 -1757.370339 -1764.718130 -1769.657683 -1772.958398 -1775.148439 -1776.591159 -1777.535544 -1778.150592 -1778.549900 -1778.810925 -1778.993607 -1779.176065 -1779.622484 -1781.585057 -1788.551399 -1774.991763 -1102.674321 -1104.150162 -1092.006459 -1084.254773 -1080.620856 -1080.085334 -1080.029296 -1080.036240 -1080.052497 -1080.069905 -1080.086629 -1080.102111 -1080.116441 -1080.132736 -1080.180802 -1080.500563 -1082.434238 -1086.767239 -1093.204734 -1083.112432 -1752.854140 -1783.226068 -1780.457840 -1779.556442 -1779.397614 -1779.372747 -1779.369472 -1779.369766 -1779.370550 -1779.371262 -1779.371822 -1779.372249 -1779.372576 -1779.372829 -1779.373029 -1779.373191 -1779.373327 -1779.373447 -1779.373565 -1779.373697 -1779.373863 -1779.374093 -1779.374434 -1779.374960 -1779.375787 -1779.377111 -1779.379265 -1779.382831 -1779.388864 -1779.399342 -1779.418081 -1779.452603 -1779.517962 -1779.644762 -1779.897116 -1780.417237 -1781.547627 -1784.196434 -1791.136555 -1813.206823 -9999.0 -9999.0
-9999.0 -9999.0 128.395837 34.877376 -61.828357 -159.374323 -257.232955 -355.195590 -453.150865 -551.011238 -648.588786 -745.615181 -842.143272 -937.931088 -1033.496578 -1129.098313 -1223.002275 -1314.880472 -1404.375521 -1489.419723 -1564.891580 -1626.526748 -1673.313587 -1706.993881 -1730.447074 -1746.489083 -1757.370339 -1764.718130 -1769.657683 -1772.958398 -1775.148439 -1776.591159 -1777.535544 -1778.150592 -1778.549900 -1778.810925 -1778.993607 -1779.176065 -1779.622484 -1781.585057 -1788.551399 -1774.991763 -1102.674321 -1104.150162 -1092.006459 -1084.254773 -1080.620856 -1080.085334 -1080.029296 -1080.036240 -1080.052497 -1080.069905 -1080.086629 -1080.102111 -1080.116441 -1080.132736 -1080.180802 -1080.500563 -1082.434238 -1086.767239 -1093.204734 -1083.112432 -1752.854140 -1783.226068 -1780.457840 -1779.556442 -1779.397614 -1779.372747 -1779.369472 -1779.369766 -1779.370550 -1779.371262 -1779.371822 -1779.372249 -1779.372576 -1779.372829 -1779.373029 -1779.373191 -1779.373327 -1779.373447 -1779.373565 -1779.373697 -1779.373863 -1779.374093 -1779.374434 -1779.374960 -1779.375787 -1779.377111 -1779.379265 -1779.382831 -1779.388864 -1779.399342 -1779.418081 -1779.452603 -1779.517962 -1779.644762 -1779.897116 -1780.417237 -1781.547627 -1784.196434 -1791.136555 -1813.206823 -9999.0 -9999.0
-9999.0 -9999.0 128.384690 34.875230 -61.828897 -159.374480 -257.233005 -355.195607 -453.150871 -551.011240 -648.588787 -745.615182 -842.143272 -937.931088 -1033.496578 -1129.098313 -1223.002274 -1314.880472 -1404.375520 -1489.419723 -1564.891580 -1626.526747 -1673.313587 -1706.993881 -1730.447074 -1746.489083 -1757.370339 -1764.718130 -1769.657683 -1772.958398 -1775.148439 -1776.591159 -1777.535544 -1778.150592 -1778.549900 -1778.810925 -1778.993607 -1779.176065 -1779.622484 -1781.585057 -1788.551399 -1774.991763 -1102.674321 -1104.150162 -1092.006459 -1084.254773 -1080.620856 -1080.085334 -1080.029296 -1080.036240 -1080.052497 -1080.069905 -1080.086629 -1080.102111 -1080.116441 -1080.132736 -1080.180802 -1080.500563 -1082.434238 -1086.767239 -1093.204734 -1083.112432 -1752.854140 -1783.226068 -1780.457840 -1779.556442 -1779.397614 -1779.372747 -1779.369472 -1779.369766 -1779.370550 -1779.371262 -1779.371822 -1779.372249 -1779.372576 -1779.372829 -1779.373029 -1779.373191 -1779.373327 -1779.373447 -1779.373565 -1779.373697 -1779.373863 -1779.374093 -1779.374434 -1779.374960 -1779.375787 -1779.377111 -1779.379265 -1779.382831 -1779.388864 -1779.399342 -1779.418081 -1779.452603 -1779.517962 -1779.644762 -1779.897116 -1780.417237 -1781.547627 -1784.196434 -1791.136555 -1813.206823 -9999.0 -9999.0
-9999.0 -9999.0 -9999.0 -9999.0 -9999.0 -9999.0 -9999.0 -9999.0 -9999.0 -9999.0 -9999.0 -9999.0 -9999.0 -9999.0 -9999.0 -9999.0 -9999.0 -9999.0 -9999.0 -9999.0 -9999.0 -9999.0 -9999.0 -9999.0 -9999.0 -9999.0 -9999.0 -9999.0 -9999.0 -9999.0 -9999.0 -9999.0 -9999.0 -9999.0 -9999.0 -9999.0 -9999.0 -9999.0 -9999.0 -9999.0 -9999.0 -9999.0 -9999.0 -9999.0 -9999.0 -9999.0 -9999.0 -9999.0 -9999.0 -9999.0 -9999.0 -9999.0 -9999.0 -9999.0 -9999.0 -9999.0 -9999.0 -9999.0 -9999.0 -9999.0 -9999.0 -9999.0 -9999.0 -9999.0 -9999.0 -9999.0 -9999.0 -9999.0 -9999.0 -9999.0 -9999.0 -9999.0 -9999.0 -9999.0 -9999.0 -9999.0 -9999.0 -9999.0 -9999.0 -9999.0 -9999.0 -9999.0 -9999.0 -9999.0 -9999.0 -9999.0 -9999.0 -9999.0 -9999.0 -9999.0 -9999.0 -9999.0 -9999.0 -9999.0 -9999.0 -9999.0 -9999.0 -9999.0 -9999.0 -9999.0 -9999.0 -9999.0 -9999.0 -9999.0
-9999.0 -9999.0 -9999.0 -9999.0 -9999.0 -9999.0 -9999.0 -9999.0 -9999.0 -9999.0 -9999.0 -9999.0 -9999.0 -9999.0 -9999.0 -9999.0 -9999.0 -9999.0 -9999.0 -9999.0 -9999.0 -9999.0 -9999.0 -9999.0 -9999.0 -9999.0 -9999.0 -9999.0 -9999.0 -9999.0 -9999.0 -9999.0 -9999.0 -9999.0 -9999.0 -9999.0 -9999.0 -9999.0 -9999.0 -9999.0 -9999.0 -9999.0 -9999.0 -9999.0 -9999.0 -9999.0 -9999.0 -9999.0 -9999.0 -9999.0 -9999.0 -9999.0 -9999.0 -9999.0 -9999.0 -9999.0 -9999.0 -9999.0 -9999.0 -9999.0 -9999.0 -9999.0 -9999.0 -9999.0 -9999.0 -9999.0 -9999.0 -9999.0 -9999.0 -9999.0 -9999.0 -9999.0 -9999.0 -9999.0 -9999.0 -9999.0 -9999.0 -9999.0 -9999.0 -9999.0 -9999.0 -9999.0 -9999.0 -9999.0 -9999.0 -9999.0 -9999.0 -9999.0 -9999.0 -9999.0 -9999.0 -9999.0 -9999.0 -9999.0 -9999.0 -9999.0 -9999.0 -9999.0 -9999.0 -9999.0 -9999.0 -9999.0 -9999.0 -9999.0