inst/processing_geotop_simulation/geotop_simulation/out/maps3D/PwL0009N0407.asc
ncols         104
nrows         10
xllcorner     -2.000000
yllcorner     0.000000
cellsize      1.000000
NODATA_value  -9999.0
-9999.0 -9999.0 -9999.0 -9999.0 -9999.0 -9999.0 -9999.0 -9999.0 -9999.0 -9999.0 -9999.0 -9999.0 -9999.0 -9999.0 -9999.0 -9999.0 -9999.0 -9999.0 -9999.0 -9999.0 -9999.0 -9999.0 -9999.0 -9999.0 -9999.0 -9999.0 -9999.0 -9999.0 -9999.0 -9999.0 -9999.0 -9999.0 -9999.0 -9999.0 -9999.0 -9999.0 -9999.0 -9999.0 -9999.0 -9999.0 -9999.0 -9999.0 -9999.0 -9999.0 -9999.0 -9999.0 -9999.0 -9999.0 -9999.0 -9999.0 -9999.0 -9999.0 -9999.0 -9999.0 -9999.0 -9999.0 -9999.0 -9999.0 -9999.0 -9999.0 -9999.0 -9999.0 -9999.0 -9999.0 -9999.0 -9999.0 -9999.0 -9999.0 -9999.0 -9999.0 -9999.0 -9999.0 -9999.0 -9999.0 -9999.0 -9999.0 -9999.0 -9999.0 -9999.0 -9999.0 -9999.0 -9999.0 -9999.0 -9999.0 -9999.0 -9999.0 -9999.0 -9999.0 -9999.0 -9999.0 -9999.0 -9999.0 -9999.0 -9999.0 -9999.0 -9999.0 -9999.0 -9999.0 -9999.0 -9999.0 -9999.0 -9999.0 -9999.0 -9999.0
-9999.0 -9999.0 -9999.0 -9999.0 -9999.0 -9999.0 -9999.0 -9999.0 -9999.0 -9999.0 -9999.0 -9999.0 -9999.0 -9999.0 -9999.0 -9999.0 -9999.0 -9999.0 -9999.0 -9999.0 -9999.0 -9999.0 -9999.0 -9999.0 -9999.0 -9999.0 -9999.0 -9999.0 -9999.0 -9999.0 -9999.0 -9999.0 -9999.0 -9999.0 -9999.0 -9999.0 -9999.0 -9999.0 -9999.0 -9999.0 -9999.0 -9999.0 -9999.0 -9999.0 -9999.0 -9999.0 -9999.0 -9999.0 -9999.0 -9999.0 -9999.0 -9999.0 -9999.0 -9999.0 -9999.0 -9999.0 -9999.0 -9999.0 -9999.0 -9999.0 -9999.0 -9999.0 -9999.0 -9999.0 -9999.0 -9999.0 -9999.0 -9999.0 -9999.0 -9999.0 -9999.0 -9999.0 -9999.0 -9999.0 -9999.0 -9999.0 -9999.0 -9999.0 -9999.0 -9999.0 -9999.0 -9999.0 -9999.0 -9999.0 -9999.0 -9999.0 -9999.0 -9999.0 -9999.0 -9999.0 -9999.0 -9999.0 -9999.0 -9999.0 -9999.0 -9999.0 -9999.0 -9999.0 -9999.0 -9999.0 -9999.0 -9999.0 -9999.0 -9999.0
-9999.0 -9999.0 423.082890 324.695122 225.753357 126.572943 27.294176 -72.022061 -171.350514 -270.676216 -369.983421 -469.249269 -568.428049 -667.428861 -766.306830 -865.217192 -964.030086 -1062.734962 -1160.968523 -1257.988802 -1353.067988 -1444.464181 -1529.611030 -1605.776698 -1670.965382 -1724.431448 -1766.643733 -1798.907347 -1822.914872 -1840.394455 -1852.900726 -1861.725120 -1867.883553 -1872.144691 -1875.074285 -1877.083161 -1878.480007 -1879.562537 -1880.866189 -1883.620853 -1887.251057 -1855.549348 -1281.271860 -1382.217988 -1351.127492 -1330.547822 -1321.052994 -1319.679179 -1319.534154 -1319.546938 -1319.582137 -1319.620045 -1319.656477 -1319.690216 -1319.721572 -1319.758457 -1319.876000 -1320.679313 -1325.653197 -1336.801548 -1349.455454 -1233.671679 -1822.589364 -1880.204856 -1882.368486 -1881.672259 -1881.443312 -1881.396578 -1881.388808 -1881.388005 -1881.388315 -1881.388728 -1881.389081 -1881.389361 -1881.389584 -1881.389763 -1881.389911 -1881.390037 -1881.390149 -1881.390252 -1881.390356 -1881.390471 -1881.390610 -1881.390792 -1881.391049 -1881.391429 -1881.392012 -1881.392929 -1881.394411 -1881.396866 -1881.401049 -1881.408395 -1881.421711 -1881.446617 -1881.494656 -1881.590399 -1881.789121 -1882.224393 -1883.246130 -1885.862797 -1893.359044 -1918.040066 -9999.0 -9999.0
-9999.0 -9999.0 423.088930 324.696727 225.753797 126.573075 27.294218 -72.022046 -171.350508 -270.676214 -369.983420 -469.249269 -568.428049 -667.428861 -766.306830 -865.217192 -964.030086 -1062.734962 -1160.968523 -1257.988802 -1353.067988 -1444.464182 -1529.611030 -1605.776698 -1670.965382 -1724.431448 -1766.643733 -1798.907347 -1822.914872 -1840.394455 -1852.900726 -1861.725120 -1867.883553 -1872.144691 -1875.074285 -1877.083161 -1878.480007 -1879.562537 -1880.866189 -1883.620853 -1887.251057 -1855.549348 -1281.271860 -1382.217988 -1351.127491 -1330.547821 -1321.052994 -1319.679179 -1319.534154 -1319.546938 -1319.582137 -1319.620045 -1319.656477 -1319.690216 -1319.721572 -1319.758457 -1319.876000 -1320.679313 -1325.653197 -1336.801548 -1349.455454 -1233.671679 -1822.589364 -1880.204856 -1882.368486 -1881.672259 -1881.443312 -1881.396578 -1881.388808 -1881.388005 -1881.388315 -1881.388728 -1881.389081 -1881.389361 -1881.389584 -1881.389763 -1881.389911 -1881.390037 -1881.390149 -1881.390252 -1881.390356 -1881.390471 -1881.390610 -1881.390792 -1881.391049 -1881.391429 -1881.392012 -1881.392929 -1881.394411 -1881.396866 -1881.401049 -1881.408395 -1881.421711 -1881.446617 -1881.494656 -1881.590399 -1881.789121 -1882.224393 -1883.246130 -1885.862797 -1893.359044 -1918.040066 -9999.0 -9999.0
-9999.0 -9999.0 423.090266 324.697434 225.754080 126.573178 27.294256 -72.022033 -171.350504 -270.676212 -369.983419 -469.249269 -568.428049 -667.428861 -766.306830 -865.217192 -964.030086 -1062.734962 -1160.968523 -1257.988802 -1353.067988 -1444.464182 -1529.611030 -1605.776698 -1670.965382 -1724.431448 -1766.643733 -1798.907347 -1822.914872 -1840.394455 -1852.900726 -1861.725120 -1867.883553 -1872.144691 -1875.074285 -1877.083161 -1878.480007 -1879.562537 -1880.866189 -1883.620853 -1887.251057 -1855.549348 -1281.271860 -1382.217988 -1351.127491 -1330.547821 -1321.052994 -1319.679179 -1319.534154 -1319.546938 -1319.582137 -1319.620045 -1319.656477 -1319.690216 -1319.721572 -1319.758457 -1319.876000 -1320.679313 -1325.653197 -1336.801548 -1349.455454 -1233.671679 -1822.589364 -1880.204856 -1882.368486 -1881.672259 -1881.443312 -1881.396578 -1881.388808 -1881.388005 -1881.388315 -1881.388728 -1881.389081 -1881.389361 -1881.389584 -1881.389763 -1881.389911 -1881.390037 -1881.390149 -1881.390252 -1881.390356 -1881.390471 -1881.390610 -1881.390792 -1881.391049 -1881.391429 -1881.392012 -1881.392929 -1881.394411 -1881.396866 -1881.401049 -1881.408395 -1881.421711 -1881.446617 -1881.494656 -1881.590399 -1881.789121 -1882.224393 -1883.246130 -1885.862797 -1893.359044 -1918.040066 -9999.0 -9999.0
-9999.0 -9999.0 423.090266 324.697434 225.754080 126.573179 27.294255 -72.022033 -171.350504 -270.676212 -369.983419 -469.249269 -568.428049 -667.428861 -766.306830 -865.217193 -964.030086 -1062.734963 -1160.968523 -1257.988802 -1353.067988 -1444.464182 -1529.611030 -1605.776698 -1670.965382 -1724.431448 -1766.643733 -1798.907347 -1822.914872 -1840.394455 -1852.900726 -1861.725120 -1867.883553 -1872.144691 -1875.074285 -1877.083161 -1878.480007 -1879.562537 -1880.866189 -1883.620853 -1887.251057 -1855.549348 -1281.271860 -1382.217988 -1351.127491 -1330.547821 -1321.052994 -1319.679179 -1319.534154 -1319.546938 -1319.582137 -1319.620045 -1319.656477 -1319.690216 -1319.721572 -1319.758457 -1319.876000 -1320.679313 -1325.653197 -1336.801548 -1349.455454 -1233.671679 -1822.589364 -1880.204856 -1882.368486 -1881.672259 -1881.443312 -1881.396578 -1881.388808 -1881.388005 -1881.388315 -1881.388728 -1881.389081 -1881.389361 -1881.389584 -1881.389763 -1881.389911 -1881.390037 -1881.390149 -1881.390252 -1881.390356 -1881.390471 -1881.390610 -1881.390792 -1881.391049 -1881.391429 -1881.392012 -1881.392929 -1881.394411 -1881.396866 -1881.401049 -1881.408395 -1881.421711 -1881.446617 -1881.494656 -1881.590399 -1881.789121 -1882.224393 -1883.246130 -1885.862797 -1893.359044 -1918.040066 -9999.0 -9999.0
-9999.0 -9999.0 423.088930 324.696727 225.753797 126.573075 27.294218 -72.022046 -171.350508 -270.676214 -369.983420 -469.249269 -568.428049 -667.428861 -766.306830 -865.217192 -964.030086 -1062.734962 -1160.968523 -1257.988802 -1353.067988 -1444.464182 -1529.611030 -1605.776698 -1670.965382 -1724.431448 -1766.643733 -1798.907347 -1822.914872 -1840.394455 -1852.900726 -1861.725120 -1867.883553 -1872.144691 -1875.074285 -1877.083161 -1878.480007 -1879.562537 -1880.866189 -1883.620853 -1887.251057 -1855.549348 -1281.271860 -1382.217988 -1351.127491 -1330.547821 -1321.052994 -1319.679179 -1319.534154 -1319.546938 -1319.582137 -1319.620045 -1319.656477 -1319.690216 -1319.721572 -1319.758457 -1319.876000 -1320.679313 -1325.653197 -1336.801548 -1349.455454 -1233.671679 -1822.589364 -1880.204856 -1882.368486 -1881.672259 -1881.443312 -1881.396578 -1881.388808 -1881.388005 -1881.388315 -1881.388728 -1881.389081 -1881.389361 -1881.389584 -1881.389763 -1881.389911 -1881.390037 -1881.390149 -1881.390252 -1881.390356 -1881.390471 -1881.390610 -1881.390792 -1881.391049 -1881.391429 -1881.392012 -1881.392929 -1881.394411 -1881.396866 -1881.401049 -1881.408395 -1881.421711 -1881.446617 -1881.494656 -1881.590399 -1881.789121 -1882.224393 -1883.246130 -1885.862797 -1893.359044 -1918.040066 -9999.0 -9999.0
-9999.0 -9999.0 423.082890 324.695122 225.753357 126.572943 27.294176 -72.022061 -171.350514 -270.676216 -369.983421 -469.249269 -568.428049 -667.428861 -766.306830 -865.217192 -964.030086 -1062.734962 -1160.968522 -1257.988802 -1353.067988 -1444.464181 -1529.611030 -1605.776698 -1670.965382 -1724.431448 -1766.643733 -1798.907347 -1822.914872 -1840.394455 -1852.900726 -1861.725120 -1867.883553 -1872.144691 -1875.074285 -1877.083161 -1878.480007 -1879.562537 -1880.866189 -1883.620853 -1887.251057 -1855.549348 -1281.271860 -1382.217988 -1351.127492 -1330.547822 -1321.052994 -1319.679179 -1319.534154 -1319.546938 -1319.582137 -1319.620045 -1319.656477 -1319.690216 -1319.721572 -1319.758457 -1319.876000 -1320.679313 -1325.653197 -1336.801548 -1349.455454 -1233.671679 -1822.589364 -1880.204856 -1882.368486 -1881.672259 -1881.443312 -1881.396578 -1881.388808 -1881.388005 -1881.388315 -1881.388728 -1881.389081 -1881.389361 -1881.389584 -1881.389763 -1881.389911 -1881.390037 -1881.390149 -1881.390252 -1881.390356 -1881.390471 -1881.390610 -1881.390792 -1881.391049 -1881.391429 -1881.392012 -1881.392929 -1881.394411 -1881.396866 -1881.401049 -1881.408395 -1881.421711 -1881.446617 -1881.494656 -1881.590399 -1881.789121 -1882.224393 -1883.246130 -1885.862797 -1893.359044 -1918.040066 -9999.0 -9999.0
-9999.0 -9999.0 -9999.0 -9999.0 -9999.0 -9999.0 -9999.0 -9999.0 -9999.0 -9999.0 -9999.0 -9999.0 -9999.0 -9999.0 -9999.0 -9999.0 -9999.0 -9999.0 -9999.0 -9999.0 -9999.0 -9999.0 -9999.0 -9999.0 -9999.0 -9999.0 -9999.0 -9999.0 -9999.0 -9999.0 -9999.0 -9999.0 -9999.0 -9999.0 -9999.0 -9999.0 -9999.0 -9999.0 -9999.0 -9999.0 -9999.0 -9999.0 -9999.0 -9999.0 -9999.0 -9999.0 -9999.0 -9999.0 -9999.0 -9999.0 -9999.0 -9999.0 -9999.0 -9999.0 -9999.0 -9999.0 -9999.0 -9999.0 -9999.0 -9999.0 -9999.0 -9999.0 -9999.0 -9999.0 -9999.0 -9999.0 -9999.0 -9999.0 -9999.0 -9999.0 -9999.0 -9999.0 -9999.0 -9999.0 -9999.0 -9999.0 -9999.0 -9999.0 -9999.0 -9999.0 -9999.0 -9999.0 -9999.0 -9999.0 -9999.0 -9999.0 -9999.0 -9999.0 -9999.0 -9999.0 -9999.0 -9999.0 -9999.0 -9999.0 -9999.0 -9999.0 -9999.0 -9999.0 -9999.0 -9999.0 -9999.0 -9999.0 -9999.0 -9999.0
-9999.0 -9999.0 -9999.0 -9999.0 -9999.0 -9999.0 -9999.0 -9999.0 -9999.0 -9999.0 -9999.0 -9999.0 -9999.0 -9999.0 -9999.0 -9999.0 -9999.0 -9999.0 -9999.0 -9999.0 -9999.0 -9999.0 -9999.0 -9999.0 -9999.0 -9999.0 -9999.0 -9999.0 -9999.0 -9999.0 -9999.0 -9999.0 -9999.0 -9999.0 -9999.0 -9999.0 -9999.0 -9999.0 -9999.0 -9999.0 -9999.0 -9999.0 -9999.0 -9999.0 -9999.0 -9999.0 -9999.0 -9999.0 -9999.0 -9999.0 -9999.0 -9999.0 -9999.0 -9999.0 -9999.0 -9999.0 -9999.0 -9999.0 -9999.0 -9999.0 -9999.0 -9999.0 -9999.0 -9999.0 -9999.0 -9999.0 -9999.0 -9999.0 -9999.0 -9999.0 -9999.0 -9999.0 -9999.0 -9999.0 -9999.0 -9999.0 -9999.0 -9999.0 -9999.0 -9999.0 -9999.0 -9999.0 -9999.0 -9999.0 -9999.0 -9999.0 -9999.0 -9999.0 -9999.0 -9999.0 -9999.0 -9999.0 -9999.0 -9999.0 -9999.0 -9999.0 -9999.0 -9999.0 -9999.0 -9999.0 -9999.0 -9999.0 -9999.0 -9999.0