inst/processing_geotop_simulation/geotop_simulation/out/maps3D/PwL0014N0389.asc
ncols         104
nrows         10
xllcorner     -2.000000
yllcorner     0.000000
cellsize      1.000000
NODATA_value  -9999.0
-9999.0 -9999.0 -9999.0 -9999.0 -9999.0 -9999.0 -9999.0 -9999.0 -9999.0 -9999.0 -9999.0 -9999.0 -9999.0 -9999.0 -9999.0 -9999.0 -9999.0 -9999.0 -9999.0 -9999.0 -9999.0 -9999.0 -9999.0 -9999.0 -9999.0 -9999.0 -9999.0 -9999.0 -9999.0 -9999.0 -9999.0 -9999.0 -9999.0 -9999.0 -9999.0 -9999.0 -9999.0 -9999.0 -9999.0 -9999.0 -9999.0 -9999.0 -9999.0 -9999.0 -9999.0 -9999.0 -9999.0 -9999.0 -9999.0 -9999.0 -9999.0 -9999.0 -9999.0 -9999.0 -9999.0 -9999.0 -9999.0 -9999.0 -9999.0 -9999.0 -9999.0 -9999.0 -9999.0 -9999.0 -9999.0 -9999.0 -9999.0 -9999.0 -9999.0 -9999.0 -9999.0 -9999.0 -9999.0 -9999.0 -9999.0 -9999.0 -9999.0 -9999.0 -9999.0 -9999.0 -9999.0 -9999.0 -9999.0 -9999.0 -9999.0 -9999.0 -9999.0 -9999.0 -9999.0 -9999.0 -9999.0 -9999.0 -9999.0 -9999.0 -9999.0 -9999.0 -9999.0 -9999.0 -9999.0 -9999.0 -9999.0 -9999.0 -9999.0 -9999.0
-9999.0 -9999.0 -9999.0 -9999.0 -9999.0 -9999.0 -9999.0 -9999.0 -9999.0 -9999.0 -9999.0 -9999.0 -9999.0 -9999.0 -9999.0 -9999.0 -9999.0 -9999.0 -9999.0 -9999.0 -9999.0 -9999.0 -9999.0 -9999.0 -9999.0 -9999.0 -9999.0 -9999.0 -9999.0 -9999.0 -9999.0 -9999.0 -9999.0 -9999.0 -9999.0 -9999.0 -9999.0 -9999.0 -9999.0 -9999.0 -9999.0 -9999.0 -9999.0 -9999.0 -9999.0 -9999.0 -9999.0 -9999.0 -9999.0 -9999.0 -9999.0 -9999.0 -9999.0 -9999.0 -9999.0 -9999.0 -9999.0 -9999.0 -9999.0 -9999.0 -9999.0 -9999.0 -9999.0 -9999.0 -9999.0 -9999.0 -9999.0 -9999.0 -9999.0 -9999.0 -9999.0 -9999.0 -9999.0 -9999.0 -9999.0 -9999.0 -9999.0 -9999.0 -9999.0 -9999.0 -9999.0 -9999.0 -9999.0 -9999.0 -9999.0 -9999.0 -9999.0 -9999.0 -9999.0 -9999.0 -9999.0 -9999.0 -9999.0 -9999.0 -9999.0 -9999.0 -9999.0 -9999.0 -9999.0 -9999.0 -9999.0 -9999.0 -9999.0 -9999.0
-9999.0 -9999.0 671.304659 572.659865 473.719957 374.582593 275.353429 176.085147 76.804054 -22.474043 -121.740502 -220.991564 -320.213465 -419.378820 -518.440031 -617.328621 -715.923104 -814.628704 -913.162306 -1011.464986 -1109.431228 -1204.399100 -1295.440906 -1380.213182 -1456.386480 -1522.225046 -1576.949867 -1620.788866 -1654.764183 -1680.356145 -1699.182077 -1712.767179 -1722.421491 -1729.200417 -1733.916898 -1737.180154 -1739.452005 -1741.150569 -1742.934401 -1746.375074 -1753.743816 -1758.387240 -1754.296295 -3868.849388 -3618.589083 -3345.310826 -3213.788665 -3196.380892 -3194.613304 -3194.793612 -3195.249951 -3195.739145 -3196.208818 -3196.643478 -3197.045739 -3197.504045 -3198.888534 -3208.664929 -3276.313399 -3428.432275 -3492.810099 -1577.308303 -1718.446133 -1745.679692 -1745.502230 -1744.593133 -1744.338619 -1744.288028 -1744.279648 -1744.278766 -1744.279085 -1744.279520 -1744.279897 -1744.280202 -1744.280450 -1744.280654 -1744.280827 -1744.280979 -1744.281116 -1744.281246 -1744.281378 -1744.281521 -1744.281689 -1744.281903 -1744.282193 -1744.282609 -1744.283232 -1744.284196 -1744.285736 -1744.288267 -1744.292559 -1744.300077 -1744.313692 -1744.339165 -1744.388384 -1744.486843 -1744.692414 -1745.145971 -1746.217014 -1748.961535 -1756.756617 -1781.965118 -9999.0 -9999.0
-9999.0 -9999.0 671.308866 572.661225 473.720362 374.582720 275.353470 176.085162 76.804060 -22.474041 -121.740501 -220.991564 -320.213465 -419.378820 -518.440031 -617.328621 -715.923104 -814.628704 -913.162307 -1011.464986 -1109.431228 -1204.399100 -1295.440906 -1380.213182 -1456.386480 -1522.225046 -1576.949868 -1620.788866 -1654.764183 -1680.356145 -1699.182077 -1712.767179 -1722.421491 -1729.200417 -1733.916898 -1737.180154 -1739.452005 -1741.150569 -1742.934401 -1746.375074 -1753.743816 -1758.387240 -1754.296295 -3868.849387 -3618.589079 -3345.310818 -3213.788665 -3196.380892 -3194.613304 -3194.793612 -3195.249951 -3195.739145 -3196.208818 -3196.643478 -3197.045739 -3197.504045 -3198.888534 -3208.664929 -3276.313398 -3428.432275 -3492.810099 -1577.308303 -1718.446133 -1745.679692 -1745.502230 -1744.593133 -1744.338619 -1744.288028 -1744.279648 -1744.278766 -1744.279085 -1744.279520 -1744.279897 -1744.280202 -1744.280450 -1744.280654 -1744.280827 -1744.280979 -1744.281116 -1744.281246 -1744.281378 -1744.281521 -1744.281689 -1744.281903 -1744.282193 -1744.282609 -1744.283232 -1744.284196 -1744.285736 -1744.288267 -1744.292559 -1744.300077 -1744.313692 -1744.339165 -1744.388384 -1744.486843 -1744.692414 -1745.145971 -1746.217014 -1748.961535 -1756.756617 -1781.965118 -9999.0 -9999.0
-9999.0 -9999.0 671.310127 572.661884 473.720632 374.582820 275.353507 176.085175 76.804064 -22.474039 -121.740500 -220.991563 -320.213465 -419.378820 -518.440031 -617.328621 -715.923104 -814.628705 -913.162307 -1011.464986 -1109.431228 -1204.399100 -1295.440906 -1380.213182 -1456.386480 -1522.225046 -1576.949868 -1620.788866 -1654.764183 -1680.356145 -1699.182077 -1712.767179 -1722.421491 -1729.200417 -1733.916898 -1737.180154 -1739.452005 -1741.150569 -1742.934401 -1746.375074 -1753.743816 -1758.387240 -1754.296295 -3868.849387 -3618.589078 -3345.310815 -3213.788665 -3196.380892 -3194.613304 -3194.793612 -3195.249951 -3195.739145 -3196.208818 -3196.643478 -3197.045739 -3197.504045 -3198.888534 -3208.664929 -3276.313398 -3428.432275 -3492.810099 -1577.308303 -1718.446133 -1745.679692 -1745.502230 -1744.593133 -1744.338619 -1744.288028 -1744.279648 -1744.278766 -1744.279085 -1744.279520 -1744.279897 -1744.280202 -1744.280450 -1744.280654 -1744.280827 -1744.280979 -1744.281116 -1744.281246 -1744.281378 -1744.281521 -1744.281689 -1744.281903 -1744.282193 -1744.282609 -1744.283232 -1744.284196 -1744.285736 -1744.288267 -1744.292559 -1744.300077 -1744.313692 -1744.339165 -1744.388384 -1744.486843 -1744.692414 -1745.145971 -1746.217014 -1748.961535 -1756.756617 -1781.965118 -9999.0 -9999.0
-9999.0 -9999.0 671.310127 572.661884 473.720632 374.582820 275.353507 176.085175 76.804064 -22.474039 -121.740500 -220.991563 -320.213464 -419.378820 -518.440031 -617.328621 -715.923104 -814.628705 -913.162307 -1011.464987 -1109.431228 -1204.399100 -1295.440906 -1380.213182 -1456.386480 -1522.225046 -1576.949868 -1620.788866 -1654.764183 -1680.356145 -1699.182077 -1712.767179 -1722.421491 -1729.200417 -1733.916898 -1737.180154 -1739.452005 -1741.150569 -1742.934401 -1746.375074 -1753.743816 -1758.387240 -1754.296295 -3868.849387 -3618.589079 -3345.310815 -3213.788665 -3196.380892 -3194.613304 -3194.793612 -3195.249951 -3195.739145 -3196.208818 -3196.643478 -3197.045739 -3197.504045 -3198.888534 -3208.664929 -3276.313398 -3428.432275 -3492.810099 -1577.308303 -1718.446133 -1745.679692 -1745.502230 -1744.593133 -1744.338619 -1744.288028 -1744.279648 -1744.278766 -1744.279085 -1744.279520 -1744.279897 -1744.280202 -1744.280450 -1744.280654 -1744.280827 -1744.280979 -1744.281116 -1744.281246 -1744.281378 -1744.281521 -1744.281689 -1744.281903 -1744.282193 -1744.282609 -1744.283232 -1744.284196 -1744.285736 -1744.288267 -1744.292559 -1744.300077 -1744.313692 -1744.339165 -1744.388384 -1744.486843 -1744.692414 -1745.145971 -1746.217014 -1748.961535 -1756.756617 -1781.965118 -9999.0 -9999.0
-9999.0 -9999.0 671.308866 572.661225 473.720362 374.582720 275.353470 176.085162 76.804059 -22.474041 -121.740501 -220.991564 -320.213465 -419.378820 -518.440031 -617.328621 -715.923104 -814.628704 -913.162307 -1011.464986 -1109.431228 -1204.399100 -1295.440906 -1380.213182 -1456.386480 -1522.225046 -1576.949868 -1620.788866 -1654.764183 -1680.356145 -1699.182077 -1712.767179 -1722.421491 -1729.200417 -1733.916898 -1737.180154 -1739.452005 -1741.150569 -1742.934401 -1746.375074 -1753.743816 -1758.387240 -1754.296295 -3868.849387 -3618.589079 -3345.310818 -3213.788665 -3196.380892 -3194.613304 -3194.793612 -3195.249951 -3195.739145 -3196.208818 -3196.643478 -3197.045739 -3197.504045 -3198.888534 -3208.664929 -3276.313398 -3428.432275 -3492.810099 -1577.308303 -1718.446133 -1745.679692 -1745.502230 -1744.593133 -1744.338619 -1744.288028 -1744.279648 -1744.278766 -1744.279085 -1744.279520 -1744.279897 -1744.280202 -1744.280450 -1744.280654 -1744.280827 -1744.280979 -1744.281116 -1744.281246 -1744.281378 -1744.281521 -1744.281689 -1744.281903 -1744.282193 -1744.282609 -1744.283232 -1744.284196 -1744.285736 -1744.288267 -1744.292559 -1744.300077 -1744.313692 -1744.339165 -1744.388384 -1744.486843 -1744.692414 -1745.145971 -1746.217014 -1748.961535 -1756.756617 -1781.965118 -9999.0 -9999.0
-9999.0 -9999.0 671.304658 572.659865 473.719956 374.582593 275.353428 176.085147 76.804054 -22.474043 -121.740502 -220.991564 -320.213465 -419.378820 -518.440031 -617.328621 -715.923104 -814.628704 -913.162306 -1011.464986 -1109.431228 -1204.399100 -1295.440906 -1380.213182 -1456.386480 -1522.225046 -1576.949867 -1620.788866 -1654.764183 -1680.356145 -1699.182077 -1712.767179 -1722.421491 -1729.200417 -1733.916898 -1737.180154 -1739.452005 -1741.150569 -1742.934401 -1746.375074 -1753.743816 -1758.387240 -1754.296295 -3868.849388 -3618.589083 -3345.310826 -3213.788665 -3196.380892 -3194.613304 -3194.793612 -3195.249951 -3195.739145 -3196.208818 -3196.643478 -3197.045739 -3197.504045 -3198.888534 -3208.664929 -3276.313399 -3428.432275 -3492.810099 -1577.308303 -1718.446133 -1745.679692 -1745.502230 -1744.593133 -1744.338619 -1744.288028 -1744.279648 -1744.278766 -1744.279085 -1744.279520 -1744.279897 -1744.280202 -1744.280450 -1744.280654 -1744.280827 -1744.280979 -1744.281116 -1744.281246 -1744.281378 -1744.281521 -1744.281689 -1744.281903 -1744.282193 -1744.282609 -1744.283232 -1744.284196 -1744.285736 -1744.288267 -1744.292559 -1744.300077 -1744.313692 -1744.339165 -1744.388384 -1744.486843 -1744.692414 -1745.145971 -1746.217014 -1748.961535 -1756.756617 -1781.965118 -9999.0 -9999.0
-9999.0 -9999.0 -9999.0 -9999.0 -9999.0 -9999.0 -9999.0 -9999.0 -9999.0 -9999.0 -9999.0 -9999.0 -9999.0 -9999.0 -9999.0 -9999.0 -9999.0 -9999.0 -9999.0 -9999.0 -9999.0 -9999.0 -9999.0 -9999.0 -9999.0 -9999.0 -9999.0 -9999.0 -9999.0 -9999.0 -9999.0 -9999.0 -9999.0 -9999.0 -9999.0 -9999.0 -9999.0 -9999.0 -9999.0 -9999.0 -9999.0 -9999.0 -9999.0 -9999.0 -9999.0 -9999.0 -9999.0 -9999.0 -9999.0 -9999.0 -9999.0 -9999.0 -9999.0 -9999.0 -9999.0 -9999.0 -9999.0 -9999.0 -9999.0 -9999.0 -9999.0 -9999.0 -9999.0 -9999.0 -9999.0 -9999.0 -9999.0 -9999.0 -9999.0 -9999.0 -9999.0 -9999.0 -9999.0 -9999.0 -9999.0 -9999.0 -9999.0 -9999.0 -9999.0 -9999.0 -9999.0 -9999.0 -9999.0 -9999.0 -9999.0 -9999.0 -9999.0 -9999.0 -9999.0 -9999.0 -9999.0 -9999.0 -9999.0 -9999.0 -9999.0 -9999.0 -9999.0 -9999.0 -9999.0 -9999.0 -9999.0 -9999.0 -9999.0 -9999.0
-9999.0 -9999.0 -9999.0 -9999.0 -9999.0 -9999.0 -9999.0 -9999.0 -9999.0 -9999.0 -9999.0 -9999.0 -9999.0 -9999.0 -9999.0 -9999.0 -9999.0 -9999.0 -9999.0 -9999.0 -9999.0 -9999.0 -9999.0 -9999.0 -9999.0 -9999.0 -9999.0 -9999.0 -9999.0 -9999.0 -9999.0 -9999.0 -9999.0 -9999.0 -9999.0 -9999.0 -9999.0 -9999.0 -9999.0 -9999.0 -9999.0 -9999.0 -9999.0 -9999.0 -9999.0 -9999.0 -9999.0 -9999.0 -9999.0 -9999.0 -9999.0 -9999.0 -9999.0 -9999.0 -9999.0 -9999.0 -9999.0 -9999.0 -9999.0 -9999.0 -9999.0 -9999.0 -9999.0 -9999.0 -9999.0 -9999.0 -9999.0 -9999.0 -9999.0 -9999.0 -9999.0 -9999.0 -9999.0 -9999.0 -9999.0 -9999.0 -9999.0 -9999.0 -9999.0 -9999.0 -9999.0 -9999.0 -9999.0 -9999.0 -9999.0 -9999.0 -9999.0 -9999.0 -9999.0 -9999.0 -9999.0 -9999.0 -9999.0 -9999.0 -9999.0 -9999.0 -9999.0 -9999.0 -9999.0 -9999.0 -9999.0 -9999.0 -9999.0 -9999.0