inst/processing_geotop_simulation/geotop_simulation/out/maps3D/PwL0008N0361.asc
ncols         104
nrows         10
xllcorner     -2.000000
yllcorner     0.000000
cellsize      1.000000
NODATA_value  -9999.0
-9999.0 -9999.0 -9999.0 -9999.0 -9999.0 -9999.0 -9999.0 -9999.0 -9999.0 -9999.0 -9999.0 -9999.0 -9999.0 -9999.0 -9999.0 -9999.0 -9999.0 -9999.0 -9999.0 -9999.0 -9999.0 -9999.0 -9999.0 -9999.0 -9999.0 -9999.0 -9999.0 -9999.0 -9999.0 -9999.0 -9999.0 -9999.0 -9999.0 -9999.0 -9999.0 -9999.0 -9999.0 -9999.0 -9999.0 -9999.0 -9999.0 -9999.0 -9999.0 -9999.0 -9999.0 -9999.0 -9999.0 -9999.0 -9999.0 -9999.0 -9999.0 -9999.0 -9999.0 -9999.0 -9999.0 -9999.0 -9999.0 -9999.0 -9999.0 -9999.0 -9999.0 -9999.0 -9999.0 -9999.0 -9999.0 -9999.0 -9999.0 -9999.0 -9999.0 -9999.0 -9999.0 -9999.0 -9999.0 -9999.0 -9999.0 -9999.0 -9999.0 -9999.0 -9999.0 -9999.0 -9999.0 -9999.0 -9999.0 -9999.0 -9999.0 -9999.0 -9999.0 -9999.0 -9999.0 -9999.0 -9999.0 -9999.0 -9999.0 -9999.0 -9999.0 -9999.0 -9999.0 -9999.0 -9999.0 -9999.0 -9999.0 -9999.0 -9999.0 -9999.0
-9999.0 -9999.0 -9999.0 -9999.0 -9999.0 -9999.0 -9999.0 -9999.0 -9999.0 -9999.0 -9999.0 -9999.0 -9999.0 -9999.0 -9999.0 -9999.0 -9999.0 -9999.0 -9999.0 -9999.0 -9999.0 -9999.0 -9999.0 -9999.0 -9999.0 -9999.0 -9999.0 -9999.0 -9999.0 -9999.0 -9999.0 -9999.0 -9999.0 -9999.0 -9999.0 -9999.0 -9999.0 -9999.0 -9999.0 -9999.0 -9999.0 -9999.0 -9999.0 -9999.0 -9999.0 -9999.0 -9999.0 -9999.0 -9999.0 -9999.0 -9999.0 -9999.0 -9999.0 -9999.0 -9999.0 -9999.0 -9999.0 -9999.0 -9999.0 -9999.0 -9999.0 -9999.0 -9999.0 -9999.0 -9999.0 -9999.0 -9999.0 -9999.0 -9999.0 -9999.0 -9999.0 -9999.0 -9999.0 -9999.0 -9999.0 -9999.0 -9999.0 -9999.0 -9999.0 -9999.0 -9999.0 -9999.0 -9999.0 -9999.0 -9999.0 -9999.0 -9999.0 -9999.0 -9999.0 -9999.0 -9999.0 -9999.0 -9999.0 -9999.0 -9999.0 -9999.0 -9999.0 -9999.0 -9999.0 -9999.0 -9999.0 -9999.0 -9999.0 -9999.0
-9999.0 -9999.0 373.966241 276.050475 177.366345 78.376780 -20.734508 -119.893481 -219.068047 -318.235237 -417.371452 -516.436527 -615.345411 -713.935236 -812.556639 -911.111624 -1009.538519 -1107.836823 -1204.864426 -1300.298939 -1392.815049 -1480.104765 -1559.203537 -1627.555562 -1683.900345 -1728.433188 -1762.412463 -1787.610902 -1805.876350 -1818.876657 -1827.994924 -1834.315860 -1838.657163 -1841.617428 -1843.625648 -1844.986834 -1845.928075 -1846.678325 -1847.712812 -1850.350223 -1855.210254 -1828.447375 -1235.311573 -1302.971245 -1277.258333 -1260.431974 -1252.635954 -1251.505320 -1251.386090 -1251.397000 -1251.426465 -1251.458177 -1251.488652 -1251.516873 -1251.543089 -1251.573813 -1251.670965 -1252.333563 -1256.426018 -1265.589294 -1276.881624 -1194.630828 -1797.782810 -1848.307764 -1848.949722 -1848.120216 -1847.897913 -1847.856165 -1847.849610 -1847.849074 -1847.849469 -1847.849923 -1847.850300 -1847.850596 -1847.850826 -1847.851008 -1847.851156 -1847.851278 -1847.851383 -1847.851480 -1847.851576 -1847.851683 -1847.851815 -1847.851993 -1847.852252 -1847.852643 -1847.853251 -1847.854219 -1847.855793 -1847.858409 -1847.862869 -1847.870693 -1847.884846 -1847.911238 -1847.961917 -1848.062246 -1848.268404 -1848.713935 -1849.743186 -1852.333426 -1859.645315 -1883.705507 -9999.0 -9999.0
-9999.0 -9999.0 373.972985 276.052187 177.366807 78.376917 -20.734463 -119.893466 -219.068041 -318.235235 -417.371451 -516.436527 -615.345411 -713.935236 -812.556639 -911.111624 -1009.538519 -1107.836823 -1204.864426 -1300.298939 -1392.815049 -1480.104765 -1559.203537 -1627.555562 -1683.900345 -1728.433188 -1762.412463 -1787.610902 -1805.876350 -1818.876657 -1827.994924 -1834.315860 -1838.657163 -1841.617428 -1843.625648 -1844.986834 -1845.928075 -1846.678325 -1847.712812 -1850.350223 -1855.210254 -1828.447375 -1235.311573 -1302.971245 -1277.258333 -1260.431973 -1252.635954 -1251.505320 -1251.386090 -1251.397000 -1251.426465 -1251.458177 -1251.488652 -1251.516873 -1251.543089 -1251.573813 -1251.670965 -1252.333563 -1256.426018 -1265.589294 -1276.881624 -1194.630828 -1797.782810 -1848.307764 -1848.949722 -1848.120216 -1847.897913 -1847.856165 -1847.849610 -1847.849074 -1847.849468 -1847.849923 -1847.850300 -1847.850596 -1847.850826 -1847.851008 -1847.851156 -1847.851278 -1847.851383 -1847.851480 -1847.851576 -1847.851683 -1847.851815 -1847.851993 -1847.852252 -1847.852643 -1847.853251 -1847.854219 -1847.855793 -1847.858409 -1847.862869 -1847.870693 -1847.884846 -1847.911238 -1847.961917 -1848.062246 -1848.268404 -1848.713935 -1849.743186 -1852.333426 -1859.645315 -1883.705507 -9999.0 -9999.0
-9999.0 -9999.0 373.974370 276.052928 177.367102 78.377026 -20.734425 -119.893452 -219.068036 -318.235232 -417.371450 -516.436526 -615.345411 -713.935236 -812.556639 -911.111624 -1009.538519 -1107.836823 -1204.864426 -1300.298939 -1392.815050 -1480.104765 -1559.203537 -1627.555562 -1683.900345 -1728.433188 -1762.412463 -1787.610902 -1805.876350 -1818.876657 -1827.994924 -1834.315860 -1838.657163 -1841.617428 -1843.625648 -1844.986834 -1845.928075 -1846.678325 -1847.712812 -1850.350223 -1855.210254 -1828.447375 -1235.311573 -1302.971245 -1277.258333 -1260.431973 -1252.635954 -1251.505320 -1251.386090 -1251.397000 -1251.426465 -1251.458177 -1251.488652 -1251.516873 -1251.543089 -1251.573813 -1251.670965 -1252.333563 -1256.426018 -1265.589294 -1276.881624 -1194.630828 -1797.782810 -1848.307764 -1848.949722 -1848.120216 -1847.897913 -1847.856165 -1847.849610 -1847.849074 -1847.849468 -1847.849923 -1847.850300 -1847.850596 -1847.850826 -1847.851008 -1847.851156 -1847.851278 -1847.851383 -1847.851480 -1847.851576 -1847.851683 -1847.851815 -1847.851993 -1847.852252 -1847.852643 -1847.853251 -1847.854219 -1847.855793 -1847.858409 -1847.862869 -1847.870693 -1847.884846 -1847.911238 -1847.961917 -1848.062246 -1848.268404 -1848.713935 -1849.743186 -1852.333426 -1859.645315 -1883.705507 -9999.0 -9999.0
-9999.0 -9999.0 373.974370 276.052928 177.367103 78.377026 -20.734425 -119.893453 -219.068036 -318.235233 -417.371450 -516.436527 -615.345411 -713.935236 -812.556639 -911.111624 -1009.538519 -1107.836824 -1204.864426 -1300.298939 -1392.815050 -1480.104765 -1559.203537 -1627.555562 -1683.900345 -1728.433188 -1762.412463 -1787.610902 -1805.876350 -1818.876657 -1827.994924 -1834.315860 -1838.657163 -1841.617428 -1843.625648 -1844.986834 -1845.928075 -1846.678325 -1847.712812 -1850.350223 -1855.210254 -1828.447375 -1235.311573 -1302.971245 -1277.258333 -1260.431973 -1252.635954 -1251.505320 -1251.386090 -1251.397000 -1251.426465 -1251.458177 -1251.488652 -1251.516873 -1251.543089 -1251.573813 -1251.670965 -1252.333563 -1256.426018 -1265.589294 -1276.881624 -1194.630828 -1797.782810 -1848.307764 -1848.949722 -1848.120216 -1847.897913 -1847.856165 -1847.849610 -1847.849074 -1847.849468 -1847.849923 -1847.850300 -1847.850596 -1847.850826 -1847.851008 -1847.851156 -1847.851278 -1847.851383 -1847.851480 -1847.851576 -1847.851683 -1847.851815 -1847.851993 -1847.852252 -1847.852643 -1847.853251 -1847.854219 -1847.855793 -1847.858409 -1847.862869 -1847.870693 -1847.884846 -1847.911238 -1847.961917 -1848.062246 -1848.268404 -1848.713935 -1849.743186 -1852.333426 -1859.645315 -1883.705507 -9999.0 -9999.0
-9999.0 -9999.0 373.972985 276.052187 177.366807 78.376918 -20.734464 -119.893466 -219.068042 -318.235234 -417.371451 -516.436527 -615.345411 -713.935236 -812.556639 -911.111624 -1009.538519 -1107.836823 -1204.864426 -1300.298939 -1392.815049 -1480.104765 -1559.203537 -1627.555562 -1683.900345 -1728.433188 -1762.412463 -1787.610902 -1805.876350 -1818.876657 -1827.994924 -1834.315860 -1838.657163 -1841.617428 -1843.625648 -1844.986834 -1845.928075 -1846.678325 -1847.712812 -1850.350223 -1855.210254 -1828.447375 -1235.311573 -1302.971245 -1277.258333 -1260.431973 -1252.635954 -1251.505320 -1251.386090 -1251.397000 -1251.426465 -1251.458177 -1251.488652 -1251.516873 -1251.543089 -1251.573813 -1251.670965 -1252.333563 -1256.426018 -1265.589294 -1276.881624 -1194.630828 -1797.782810 -1848.307764 -1848.949722 -1848.120216 -1847.897913 -1847.856165 -1847.849610 -1847.849074 -1847.849468 -1847.849923 -1847.850300 -1847.850596 -1847.850826 -1847.851008 -1847.851156 -1847.851278 -1847.851383 -1847.851480 -1847.851576 -1847.851683 -1847.851815 -1847.851993 -1847.852252 -1847.852643 -1847.853251 -1847.854219 -1847.855793 -1847.858409 -1847.862869 -1847.870693 -1847.884846 -1847.911238 -1847.961917 -1848.062246 -1848.268404 -1848.713935 -1849.743186 -1852.333426 -1859.645315 -1883.705507 -9999.0 -9999.0
-9999.0 -9999.0 373.966241 276.050474 177.366345 78.376780 -20.734508 -119.893482 -219.068047 -318.235237 -417.371452 -516.436528 -615.345411 -713.935237 -812.556639 -911.111624 -1009.538519 -1107.836823 -1204.864426 -1300.298939 -1392.815049 -1480.104765 -1559.203537 -1627.555562 -1683.900345 -1728.433188 -1762.412463 -1787.610902 -1805.876350 -1818.876657 -1827.994924 -1834.315860 -1838.657163 -1841.617428 -1843.625648 -1844.986834 -1845.928075 -1846.678325 -1847.712812 -1850.350223 -1855.210254 -1828.447375 -1235.311573 -1302.971245 -1277.258333 -1260.431974 -1252.635954 -1251.505320 -1251.386090 -1251.397000 -1251.426465 -1251.458177 -1251.488652 -1251.516873 -1251.543089 -1251.573813 -1251.670965 -1252.333563 -1256.426018 -1265.589294 -1276.881624 -1194.630828 -1797.782810 -1848.307764 -1848.949722 -1848.120216 -1847.897913 -1847.856165 -1847.849610 -1847.849074 -1847.849469 -1847.849923 -1847.850300 -1847.850596 -1847.850826 -1847.851008 -1847.851156 -1847.851278 -1847.851383 -1847.851480 -1847.851576 -1847.851683 -1847.851815 -1847.851993 -1847.852252 -1847.852643 -1847.853251 -1847.854219 -1847.855793 -1847.858409 -1847.862869 -1847.870693 -1847.884846 -1847.911238 -1847.961917 -1848.062246 -1848.268404 -1848.713935 -1849.743186 -1852.333426 -1859.645315 -1883.705507 -9999.0 -9999.0
-9999.0 -9999.0 -9999.0 -9999.0 -9999.0 -9999.0 -9999.0 -9999.0 -9999.0 -9999.0 -9999.0 -9999.0 -9999.0 -9999.0 -9999.0 -9999.0 -9999.0 -9999.0 -9999.0 -9999.0 -9999.0 -9999.0 -9999.0 -9999.0 -9999.0 -9999.0 -9999.0 -9999.0 -9999.0 -9999.0 -9999.0 -9999.0 -9999.0 -9999.0 -9999.0 -9999.0 -9999.0 -9999.0 -9999.0 -9999.0 -9999.0 -9999.0 -9999.0 -9999.0 -9999.0 -9999.0 -9999.0 -9999.0 -9999.0 -9999.0 -9999.0 -9999.0 -9999.0 -9999.0 -9999.0 -9999.0 -9999.0 -9999.0 -9999.0 -9999.0 -9999.0 -9999.0 -9999.0 -9999.0 -9999.0 -9999.0 -9999.0 -9999.0 -9999.0 -9999.0 -9999.0 -9999.0 -9999.0 -9999.0 -9999.0 -9999.0 -9999.0 -9999.0 -9999.0 -9999.0 -9999.0 -9999.0 -9999.0 -9999.0 -9999.0 -9999.0 -9999.0 -9999.0 -9999.0 -9999.0 -9999.0 -9999.0 -9999.0 -9999.0 -9999.0 -9999.0 -9999.0 -9999.0 -9999.0 -9999.0 -9999.0 -9999.0 -9999.0 -9999.0
-9999.0 -9999.0 -9999.0 -9999.0 -9999.0 -9999.0 -9999.0 -9999.0 -9999.0 -9999.0 -9999.0 -9999.0 -9999.0 -9999.0 -9999.0 -9999.0 -9999.0 -9999.0 -9999.0 -9999.0 -9999.0 -9999.0 -9999.0 -9999.0 -9999.0 -9999.0 -9999.0 -9999.0 -9999.0 -9999.0 -9999.0 -9999.0 -9999.0 -9999.0 -9999.0 -9999.0 -9999.0 -9999.0 -9999.0 -9999.0 -9999.0 -9999.0 -9999.0 -9999.0 -9999.0 -9999.0 -9999.0 -9999.0 -9999.0 -9999.0 -9999.0 -9999.0 -9999.0 -9999.0 -9999.0 -9999.0 -9999.0 -9999.0 -9999.0 -9999.0 -9999.0 -9999.0 -9999.0 -9999.0 -9999.0 -9999.0 -9999.0 -9999.0 -9999.0 -9999.0 -9999.0 -9999.0 -9999.0 -9999.0 -9999.0 -9999.0 -9999.0 -9999.0 -9999.0 -9999.0 -9999.0 -9999.0 -9999.0 -9999.0 -9999.0 -9999.0 -9999.0 -9999.0 -9999.0 -9999.0 -9999.0 -9999.0 -9999.0 -9999.0 -9999.0 -9999.0 -9999.0 -9999.0 -9999.0 -9999.0 -9999.0 -9999.0 -9999.0 -9999.0