inst/processing_geotop_simulation/geotop_simulation/out/maps3D/PwL0015N0412.asc
ncols         104
nrows         10
xllcorner     -2.000000
yllcorner     0.000000
cellsize      1.000000
NODATA_value  -9999.0
-9999.0 -9999.0 -9999.0 -9999.0 -9999.0 -9999.0 -9999.0 -9999.0 -9999.0 -9999.0 -9999.0 -9999.0 -9999.0 -9999.0 -9999.0 -9999.0 -9999.0 -9999.0 -9999.0 -9999.0 -9999.0 -9999.0 -9999.0 -9999.0 -9999.0 -9999.0 -9999.0 -9999.0 -9999.0 -9999.0 -9999.0 -9999.0 -9999.0 -9999.0 -9999.0 -9999.0 -9999.0 -9999.0 -9999.0 -9999.0 -9999.0 -9999.0 -9999.0 -9999.0 -9999.0 -9999.0 -9999.0 -9999.0 -9999.0 -9999.0 -9999.0 -9999.0 -9999.0 -9999.0 -9999.0 -9999.0 -9999.0 -9999.0 -9999.0 -9999.0 -9999.0 -9999.0 -9999.0 -9999.0 -9999.0 -9999.0 -9999.0 -9999.0 -9999.0 -9999.0 -9999.0 -9999.0 -9999.0 -9999.0 -9999.0 -9999.0 -9999.0 -9999.0 -9999.0 -9999.0 -9999.0 -9999.0 -9999.0 -9999.0 -9999.0 -9999.0 -9999.0 -9999.0 -9999.0 -9999.0 -9999.0 -9999.0 -9999.0 -9999.0 -9999.0 -9999.0 -9999.0 -9999.0 -9999.0 -9999.0 -9999.0 -9999.0 -9999.0 -9999.0
-9999.0 -9999.0 -9999.0 -9999.0 -9999.0 -9999.0 -9999.0 -9999.0 -9999.0 -9999.0 -9999.0 -9999.0 -9999.0 -9999.0 -9999.0 -9999.0 -9999.0 -9999.0 -9999.0 -9999.0 -9999.0 -9999.0 -9999.0 -9999.0 -9999.0 -9999.0 -9999.0 -9999.0 -9999.0 -9999.0 -9999.0 -9999.0 -9999.0 -9999.0 -9999.0 -9999.0 -9999.0 -9999.0 -9999.0 -9999.0 -9999.0 -9999.0 -9999.0 -9999.0 -9999.0 -9999.0 -9999.0 -9999.0 -9999.0 -9999.0 -9999.0 -9999.0 -9999.0 -9999.0 -9999.0 -9999.0 -9999.0 -9999.0 -9999.0 -9999.0 -9999.0 -9999.0 -9999.0 -9999.0 -9999.0 -9999.0 -9999.0 -9999.0 -9999.0 -9999.0 -9999.0 -9999.0 -9999.0 -9999.0 -9999.0 -9999.0 -9999.0 -9999.0 -9999.0 -9999.0 -9999.0 -9999.0 -9999.0 -9999.0 -9999.0 -9999.0 -9999.0 -9999.0 -9999.0 -9999.0 -9999.0 -9999.0 -9999.0 -9999.0 -9999.0 -9999.0 -9999.0 -9999.0 -9999.0 -9999.0 -9999.0 -9999.0 -9999.0 -9999.0
-9999.0 -9999.0 720.619216 621.792003 522.738401 423.516630 324.214630 224.878224 125.530659 26.184590 -73.150345 -172.471835 -271.773150 -371.036413 -470.230648 -569.308034 -668.182073 -766.934102 -865.682084 -964.238357 -1062.511843 -1159.376236 -1252.674898 -1340.887701 -1421.712828 -1493.152044 -1553.949330 -1603.798073 -1643.279330 -1673.605593 -1696.300388 -1712.923058 -1724.889257 -1733.386045 -1739.355655 -1743.520446 -1746.435827 -1748.597905 -1750.730731 -1754.407587 -1761.612066 -1766.241423 -1854.669226 -4126.372791 -4194.155745 -4143.827459 -4103.623506 -4097.236730 -4096.572765 -4096.640655 -4096.812278 -4096.995995 -4097.172121 -4097.334893 -4097.485268 -4097.656193 -4098.171555 -4101.766202 -4124.396981 -4163.018868 -4011.919942 -1650.083645 -1724.841300 -1753.518560 -1753.903504 -1753.050885 -1752.791356 -1752.737529 -1752.728337 -1752.727291 -1752.727576 -1752.728006 -1752.728388 -1752.728702 -1752.728963 -1752.729183 -1752.729375 -1752.729547 -1752.729706 -1752.729859 -1752.730014 -1752.730182 -1752.730375 -1752.730614 -1752.730928 -1752.731364 -1752.732002 -1752.732971 -1752.734499 -1752.736989 -1752.741191 -1752.748533 -1752.761821 -1752.786704 -1752.834891 -1752.931680 -1753.134996 -1753.587021 -1754.663341 -1757.443486 -1765.380607 -1790.977842 -9999.0 -9999.0
-9999.0 -9999.0 720.623061 621.793287 522.738791 423.516753 324.214671 224.878238 125.530664 26.184592 -73.150344 -172.471835 -271.773149 -371.036413 -470.230647 -569.308034 -668.182074 -766.934102 -865.682084 -964.238357 -1062.511844 -1159.376236 -1252.674898 -1340.887701 -1421.712828 -1493.152044 -1553.949330 -1603.798073 -1643.279330 -1673.605593 -1696.300388 -1712.923058 -1724.889257 -1733.386045 -1739.355655 -1743.520446 -1746.435827 -1748.597904 -1750.730731 -1754.407587 -1761.612066 -1766.241423 -1854.669226 -4126.372791 -4194.155745 -4143.827457 -4103.623507 -4097.236730 -4096.572765 -4096.640655 -4096.812278 -4096.995995 -4097.172121 -4097.334893 -4097.485268 -4097.656193 -4098.171555 -4101.766202 -4124.396981 -4163.018868 -4011.919942 -1650.083645 -1724.841300 -1753.518560 -1753.903504 -1753.050885 -1752.791356 -1752.737529 -1752.728337 -1752.727291 -1752.727576 -1752.728006 -1752.728388 -1752.728702 -1752.728963 -1752.729183 -1752.729375 -1752.729547 -1752.729706 -1752.729859 -1752.730014 -1752.730182 -1752.730375 -1752.730614 -1752.730928 -1752.731364 -1752.732002 -1752.732971 -1752.734499 -1752.736989 -1752.741191 -1752.748533 -1752.761821 -1752.786704 -1752.834891 -1752.931680 -1753.134996 -1753.587021 -1754.663341 -1757.443486 -1765.380607 -1790.977842 -9999.0 -9999.0
-9999.0 -9999.0 720.624272 621.793922 522.739052 423.516851 324.214707 224.878251 125.530669 26.184594 -73.150343 -172.471834 -271.773149 -371.036413 -470.230648 -569.308034 -668.182074 -766.934102 -865.682085 -964.238357 -1062.511844 -1159.376236 -1252.674899 -1340.887701 -1421.712828 -1493.152044 -1553.949330 -1603.798073 -1643.279330 -1673.605593 -1696.300388 -1712.923058 -1724.889257 -1733.386045 -1739.355655 -1743.520446 -1746.435827 -1748.597904 -1750.730731 -1754.407587 -1761.612066 -1766.241423 -1854.669226 -4126.372791 -4194.155745 -4143.827456 -4103.623506 -4097.236730 -4096.572765 -4096.640655 -4096.812278 -4096.995995 -4097.172121 -4097.334893 -4097.485268 -4097.656193 -4098.171555 -4101.766202 -4124.396981 -4163.018868 -4011.919942 -1650.083645 -1724.841300 -1753.518560 -1753.903504 -1753.050885 -1752.791356 -1752.737529 -1752.728337 -1752.727291 -1752.727576 -1752.728006 -1752.728388 -1752.728702 -1752.728963 -1752.729183 -1752.729375 -1752.729547 -1752.729706 -1752.729859 -1752.730014 -1752.730182 -1752.730375 -1752.730614 -1752.730928 -1752.731364 -1752.732002 -1752.732971 -1752.734499 -1752.736989 -1752.741191 -1752.748533 -1752.761821 -1752.786704 -1752.834891 -1752.931680 -1753.134996 -1753.587021 -1754.663341 -1757.443486 -1765.380607 -1790.977842 -9999.0 -9999.0
-9999.0 -9999.0 720.624272 621.793923 522.739052 423.516851 324.214707 224.878251 125.530669 26.184594 -73.150343 -172.471835 -271.773149 -371.036413 -470.230647 -569.308034 -668.182074 -766.934102 -865.682085 -964.238357 -1062.511844 -1159.376236 -1252.674899 -1340.887701 -1421.712828 -1493.152044 -1553.949330 -1603.798073 -1643.279330 -1673.605593 -1696.300388 -1712.923058 -1724.889257 -1733.386045 -1739.355655 -1743.520446 -1746.435827 -1748.597904 -1750.730731 -1754.407587 -1761.612066 -1766.241423 -1854.669226 -4126.372791 -4194.155745 -4143.827456 -4103.623506 -4097.236730 -4096.572765 -4096.640655 -4096.812278 -4096.995995 -4097.172121 -4097.334893 -4097.485268 -4097.656193 -4098.171555 -4101.766202 -4124.396981 -4163.018868 -4011.919942 -1650.083645 -1724.841300 -1753.518560 -1753.903504 -1753.050885 -1752.791356 -1752.737529 -1752.728337 -1752.727291 -1752.727576 -1752.728006 -1752.728388 -1752.728702 -1752.728963 -1752.729183 -1752.729375 -1752.729547 -1752.729706 -1752.729859 -1752.730014 -1752.730182 -1752.730375 -1752.730614 -1752.730928 -1752.731364 -1752.732002 -1752.732971 -1752.734499 -1752.736989 -1752.741191 -1752.748533 -1752.761821 -1752.786704 -1752.834891 -1752.931680 -1753.134996 -1753.587021 -1754.663341 -1757.443486 -1765.380607 -1790.977842 -9999.0 -9999.0
-9999.0 -9999.0 720.623061 621.793287 522.738791 423.516753 324.214671 224.878238 125.530664 26.184592 -73.150344 -172.471835 -271.773149 -371.036413 -470.230648 -569.308034 -668.182074 -766.934102 -865.682085 -964.238357 -1062.511844 -1159.376236 -1252.674898 -1340.887701 -1421.712828 -1493.152044 -1553.949330 -1603.798073 -1643.279330 -1673.605593 -1696.300388 -1712.923058 -1724.889257 -1733.386045 -1739.355655 -1743.520446 -1746.435827 -1748.597904 -1750.730731 -1754.407587 -1761.612066 -1766.241423 -1854.669226 -4126.372791 -4194.155745 -4143.827457 -4103.623507 -4097.236730 -4096.572765 -4096.640655 -4096.812278 -4096.995995 -4097.172121 -4097.334893 -4097.485268 -4097.656193 -4098.171555 -4101.766202 -4124.396981 -4163.018868 -4011.919942 -1650.083645 -1724.841300 -1753.518560 -1753.903504 -1753.050885 -1752.791356 -1752.737529 -1752.728337 -1752.727291 -1752.727576 -1752.728006 -1752.728388 -1752.728702 -1752.728963 -1752.729183 -1752.729375 -1752.729547 -1752.729706 -1752.729859 -1752.730014 -1752.730182 -1752.730375 -1752.730614 -1752.730928 -1752.731364 -1752.732002 -1752.732971 -1752.734499 -1752.736989 -1752.741191 -1752.748533 -1752.761821 -1752.786704 -1752.834891 -1752.931680 -1753.134996 -1753.587021 -1754.663341 -1757.443486 -1765.380607 -1790.977842 -9999.0 -9999.0
-9999.0 -9999.0 720.619216 621.792003 522.738401 423.516630 324.214630 224.878224 125.530659 26.184590 -73.150345 -172.471836 -271.773149 -371.036413 -470.230647 -569.308034 -668.182073 -766.934102 -865.682084 -964.238357 -1062.511843 -1159.376236 -1252.674898 -1340.887701 -1421.712828 -1493.152044 -1553.949330 -1603.798073 -1643.279330 -1673.605593 -1696.300388 -1712.923058 -1724.889257 -1733.386045 -1739.355655 -1743.520446 -1746.435827 -1748.597905 -1750.730731 -1754.407587 -1761.612066 -1766.241423 -1854.669226 -4126.372791 -4194.155745 -4143.827459 -4103.623506 -4097.236730 -4096.572765 -4096.640655 -4096.812278 -4096.995995 -4097.172121 -4097.334893 -4097.485268 -4097.656193 -4098.171555 -4101.766202 -4124.396981 -4163.018868 -4011.919942 -1650.083645 -1724.841300 -1753.518560 -1753.903504 -1753.050885 -1752.791356 -1752.737529 -1752.728337 -1752.727291 -1752.727576 -1752.728006 -1752.728388 -1752.728702 -1752.728963 -1752.729183 -1752.729375 -1752.729547 -1752.729706 -1752.729859 -1752.730014 -1752.730182 -1752.730375 -1752.730614 -1752.730928 -1752.731364 -1752.732002 -1752.732971 -1752.734499 -1752.736989 -1752.741191 -1752.748533 -1752.761821 -1752.786704 -1752.834891 -1752.931680 -1753.134996 -1753.587021 -1754.663341 -1757.443486 -1765.380607 -1790.977842 -9999.0 -9999.0
-9999.0 -9999.0 -9999.0 -9999.0 -9999.0 -9999.0 -9999.0 -9999.0 -9999.0 -9999.0 -9999.0 -9999.0 -9999.0 -9999.0 -9999.0 -9999.0 -9999.0 -9999.0 -9999.0 -9999.0 -9999.0 -9999.0 -9999.0 -9999.0 -9999.0 -9999.0 -9999.0 -9999.0 -9999.0 -9999.0 -9999.0 -9999.0 -9999.0 -9999.0 -9999.0 -9999.0 -9999.0 -9999.0 -9999.0 -9999.0 -9999.0 -9999.0 -9999.0 -9999.0 -9999.0 -9999.0 -9999.0 -9999.0 -9999.0 -9999.0 -9999.0 -9999.0 -9999.0 -9999.0 -9999.0 -9999.0 -9999.0 -9999.0 -9999.0 -9999.0 -9999.0 -9999.0 -9999.0 -9999.0 -9999.0 -9999.0 -9999.0 -9999.0 -9999.0 -9999.0 -9999.0 -9999.0 -9999.0 -9999.0 -9999.0 -9999.0 -9999.0 -9999.0 -9999.0 -9999.0 -9999.0 -9999.0 -9999.0 -9999.0 -9999.0 -9999.0 -9999.0 -9999.0 -9999.0 -9999.0 -9999.0 -9999.0 -9999.0 -9999.0 -9999.0 -9999.0 -9999.0 -9999.0 -9999.0 -9999.0 -9999.0 -9999.0 -9999.0 -9999.0
-9999.0 -9999.0 -9999.0 -9999.0 -9999.0 -9999.0 -9999.0 -9999.0 -9999.0 -9999.0 -9999.0 -9999.0 -9999.0 -9999.0 -9999.0 -9999.0 -9999.0 -9999.0 -9999.0 -9999.0 -9999.0 -9999.0 -9999.0 -9999.0 -9999.0 -9999.0 -9999.0 -9999.0 -9999.0 -9999.0 -9999.0 -9999.0 -9999.0 -9999.0 -9999.0 -9999.0 -9999.0 -9999.0 -9999.0 -9999.0 -9999.0 -9999.0 -9999.0 -9999.0 -9999.0 -9999.0 -9999.0 -9999.0 -9999.0 -9999.0 -9999.0 -9999.0 -9999.0 -9999.0 -9999.0 -9999.0 -9999.0 -9999.0 -9999.0 -9999.0 -9999.0 -9999.0 -9999.0 -9999.0 -9999.0 -9999.0 -9999.0 -9999.0 -9999.0 -9999.0 -9999.0 -9999.0 -9999.0 -9999.0 -9999.0 -9999.0 -9999.0 -9999.0 -9999.0 -9999.0 -9999.0 -9999.0 -9999.0 -9999.0 -9999.0 -9999.0 -9999.0 -9999.0 -9999.0 -9999.0 -9999.0 -9999.0 -9999.0 -9999.0 -9999.0 -9999.0 -9999.0 -9999.0 -9999.0 -9999.0 -9999.0 -9999.0 -9999.0 -9999.0