inst/processing_geotop_simulation/geotop_simulation/out/maps3D/PwL0004N0112.asc
ncols         104
nrows         10
xllcorner     -2.000000
yllcorner     0.000000
cellsize      1.000000
NODATA_value  -9999.0
-9999.0 -9999.0 -9999.0 -9999.0 -9999.0 -9999.0 -9999.0 -9999.0 -9999.0 -9999.0 -9999.0 -9999.0 -9999.0 -9999.0 -9999.0 -9999.0 -9999.0 -9999.0 -9999.0 -9999.0 -9999.0 -9999.0 -9999.0 -9999.0 -9999.0 -9999.0 -9999.0 -9999.0 -9999.0 -9999.0 -9999.0 -9999.0 -9999.0 -9999.0 -9999.0 -9999.0 -9999.0 -9999.0 -9999.0 -9999.0 -9999.0 -9999.0 -9999.0 -9999.0 -9999.0 -9999.0 -9999.0 -9999.0 -9999.0 -9999.0 -9999.0 -9999.0 -9999.0 -9999.0 -9999.0 -9999.0 -9999.0 -9999.0 -9999.0 -9999.0 -9999.0 -9999.0 -9999.0 -9999.0 -9999.0 -9999.0 -9999.0 -9999.0 -9999.0 -9999.0 -9999.0 -9999.0 -9999.0 -9999.0 -9999.0 -9999.0 -9999.0 -9999.0 -9999.0 -9999.0 -9999.0 -9999.0 -9999.0 -9999.0 -9999.0 -9999.0 -9999.0 -9999.0 -9999.0 -9999.0 -9999.0 -9999.0 -9999.0 -9999.0 -9999.0 -9999.0 -9999.0 -9999.0 -9999.0 -9999.0 -9999.0 -9999.0 -9999.0 -9999.0
-9999.0 -9999.0 -9999.0 -9999.0 -9999.0 -9999.0 -9999.0 -9999.0 -9999.0 -9999.0 -9999.0 -9999.0 -9999.0 -9999.0 -9999.0 -9999.0 -9999.0 -9999.0 -9999.0 -9999.0 -9999.0 -9999.0 -9999.0 -9999.0 -9999.0 -9999.0 -9999.0 -9999.0 -9999.0 -9999.0 -9999.0 -9999.0 -9999.0 -9999.0 -9999.0 -9999.0 -9999.0 -9999.0 -9999.0 -9999.0 -9999.0 -9999.0 -9999.0 -9999.0 -9999.0 -9999.0 -9999.0 -9999.0 -9999.0 -9999.0 -9999.0 -9999.0 -9999.0 -9999.0 -9999.0 -9999.0 -9999.0 -9999.0 -9999.0 -9999.0 -9999.0 -9999.0 -9999.0 -9999.0 -9999.0 -9999.0 -9999.0 -9999.0 -9999.0 -9999.0 -9999.0 -9999.0 -9999.0 -9999.0 -9999.0 -9999.0 -9999.0 -9999.0 -9999.0 -9999.0 -9999.0 -9999.0 -9999.0 -9999.0 -9999.0 -9999.0 -9999.0 -9999.0 -9999.0 -9999.0 -9999.0 -9999.0 -9999.0 -9999.0 -9999.0 -9999.0 -9999.0 -9999.0 -9999.0 -9999.0 -9999.0 -9999.0 -9999.0 -9999.0
-9999.0 -9999.0 186.789689 103.209823 12.002540 -81.389978 -175.629671 -270.213851 -364.916384 -459.628630 -554.362381 -650.140867 -752.648812 -863.842138 -972.191862 -1072.224256 -1173.561632 -1272.884931 -1342.868403 -1378.462208 -1393.427124 -1398.630202 -1399.975497 -1400.403114 -1401.112172 -1402.390906 -1404.103374 -1405.975393 -1407.758955 -1409.300932 -1410.543164 -1411.492706 -1412.190138 -1412.686333 -1413.029656 -1413.262415 -1413.427233 -1413.579523 -1413.811180 -1414.781400 -1421.452502 -1446.105189 -958.387825 -962.503492 -946.172364 -936.115045 -931.426231 -930.787304 -930.723509 -930.734861 -930.757747 -930.782062 -930.805394 -930.826980 -930.846840 -930.868316 -930.924575 -931.298734 -933.766247 -939.386436 -948.560754 -933.334192 -1426.814744 -1418.491128 -1414.535691 -1413.930558 -1413.833572 -1413.816970 -1413.815644 -1413.817159 -1413.818886 -1413.820311 -1413.821402 -1413.822225 -1413.822852 -1413.823338 -1413.823721 -1413.824029 -1413.824284 -1413.824508 -1413.824725 -1413.824962 -1413.825258 -1413.825666 -1413.826267 -1413.827188 -1413.828633 -1413.830936 -1413.834659 -1413.840769 -1413.850994 -1413.868524 -1413.899442 -1413.955652 -1414.060781 -1414.261994 -1414.653932 -1415.430807 -1417.015659 -1420.420052 -1428.350482 -1450.188419 -9999.0 -9999.0
-9999.0 -9999.0 186.800898 103.212154 12.003136 -81.389804 -175.629616 -270.213832 -364.916378 -459.628627 -554.362381 -650.140867 -752.648812 -863.842138 -972.191862 -1072.224256 -1173.561632 -1272.884931 -1342.868403 -1378.462208 -1393.427124 -1398.630202 -1399.975497 -1400.403114 -1401.112172 -1402.390906 -1404.103374 -1405.975393 -1407.758955 -1409.300932 -1410.543164 -1411.492706 -1412.190138 -1412.686333 -1413.029656 -1413.262415 -1413.427233 -1413.579523 -1413.811180 -1414.781400 -1421.452502 -1446.105189 -958.387825 -962.503491 -946.172363 -936.115044 -931.426231 -930.787304 -930.723509 -930.734861 -930.757747 -930.782062 -930.805394 -930.826980 -930.846840 -930.868316 -930.924575 -931.298734 -933.766247 -939.386436 -948.560754 -933.334192 -1426.814744 -1418.491128 -1414.535691 -1413.930558 -1413.833572 -1413.816970 -1413.815644 -1413.817159 -1413.818886 -1413.820311 -1413.821402 -1413.822225 -1413.822852 -1413.823338 -1413.823721 -1413.824029 -1413.824284 -1413.824508 -1413.824725 -1413.824962 -1413.825258 -1413.825666 -1413.826267 -1413.827188 -1413.828633 -1413.830936 -1413.834659 -1413.840769 -1413.850994 -1413.868524 -1413.899442 -1413.955652 -1414.060781 -1414.261994 -1414.653932 -1415.430807 -1417.015659 -1420.420052 -1428.350482 -1450.188419 -9999.0 -9999.0
-9999.0 -9999.0 186.802478 103.213096 12.003511 -81.389668 -175.629568 -270.213815 -364.916372 -459.628625 -554.362380 -650.140866 -752.648812 -863.842138 -972.191862 -1072.224256 -1173.561632 -1272.884931 -1342.868403 -1378.462208 -1393.427124 -1398.630202 -1399.975497 -1400.403114 -1401.112172 -1402.390906 -1404.103374 -1405.975393 -1407.758955 -1409.300932 -1410.543164 -1411.492706 -1412.190138 -1412.686333 -1413.029656 -1413.262415 -1413.427233 -1413.579523 -1413.811180 -1414.781400 -1421.452502 -1446.105189 -958.387825 -962.503491 -946.172363 -936.115044 -931.426231 -930.787304 -930.723509 -930.734861 -930.757747 -930.782062 -930.805394 -930.826980 -930.846840 -930.868316 -930.924575 -931.298734 -933.766247 -939.386436 -948.560754 -933.334192 -1426.814744 -1418.491128 -1414.535691 -1413.930558 -1413.833572 -1413.816970 -1413.815644 -1413.817159 -1413.818886 -1413.820311 -1413.821402 -1413.822225 -1413.822852 -1413.823338 -1413.823721 -1413.824029 -1413.824284 -1413.824508 -1413.824725 -1413.824962 -1413.825258 -1413.825666 -1413.826267 -1413.827188 -1413.828633 -1413.830936 -1413.834659 -1413.840769 -1413.850994 -1413.868524 -1413.899442 -1413.955652 -1414.060781 -1414.261994 -1414.653932 -1415.430807 -1417.015659 -1420.420052 -1428.350482 -1450.188419 -9999.0 -9999.0
-9999.0 -9999.0 186.802478 103.213096 12.003511 -81.389668 -175.629568 -270.213815 -364.916372 -459.628625 -554.362380 -650.140867 -752.648812 -863.842138 -972.191862 -1072.224256 -1173.561632 -1272.884931 -1342.868403 -1378.462208 -1393.427124 -1398.630202 -1399.975497 -1400.403114 -1401.112172 -1402.390906 -1404.103374 -1405.975393 -1407.758955 -1409.300932 -1410.543164 -1411.492706 -1412.190138 -1412.686333 -1413.029656 -1413.262415 -1413.427233 -1413.579523 -1413.811180 -1414.781400 -1421.452502 -1446.105189 -958.387825 -962.503491 -946.172363 -936.115044 -931.426231 -930.787304 -930.723509 -930.734861 -930.757747 -930.782062 -930.805394 -930.826980 -930.846840 -930.868316 -930.924575 -931.298734 -933.766247 -939.386436 -948.560754 -933.334192 -1426.814744 -1418.491128 -1414.535691 -1413.930558 -1413.833572 -1413.816970 -1413.815644 -1413.817159 -1413.818886 -1413.820311 -1413.821402 -1413.822225 -1413.822852 -1413.823338 -1413.823721 -1413.824029 -1413.824284 -1413.824508 -1413.824725 -1413.824962 -1413.825258 -1413.825666 -1413.826267 -1413.827188 -1413.828633 -1413.830936 -1413.834659 -1413.840769 -1413.850994 -1413.868524 -1413.899442 -1413.955652 -1414.060781 -1414.261994 -1414.653932 -1415.430807 -1417.015659 -1420.420052 -1428.350482 -1450.188419 -9999.0 -9999.0
-9999.0 -9999.0 186.800898 103.212154 12.003136 -81.389804 -175.629616 -270.213832 -364.916378 -459.628627 -554.362381 -650.140867 -752.648812 -863.842138 -972.191862 -1072.224256 -1173.561632 -1272.884931 -1342.868403 -1378.462208 -1393.427124 -1398.630202 -1399.975497 -1400.403114 -1401.112172 -1402.390906 -1404.103374 -1405.975393 -1407.758955 -1409.300932 -1410.543164 -1411.492706 -1412.190138 -1412.686333 -1413.029656 -1413.262415 -1413.427233 -1413.579523 -1413.811180 -1414.781400 -1421.452502 -1446.105189 -958.387825 -962.503491 -946.172363 -936.115044 -931.426231 -930.787304 -930.723509 -930.734861 -930.757747 -930.782062 -930.805394 -930.826980 -930.846840 -930.868316 -930.924575 -931.298734 -933.766247 -939.386436 -948.560754 -933.334192 -1426.814744 -1418.491128 -1414.535691 -1413.930558 -1413.833572 -1413.816970 -1413.815644 -1413.817159 -1413.818886 -1413.820311 -1413.821402 -1413.822225 -1413.822852 -1413.823338 -1413.823721 -1413.824029 -1413.824284 -1413.824508 -1413.824725 -1413.824962 -1413.825258 -1413.825666 -1413.826267 -1413.827188 -1413.828633 -1413.830936 -1413.834659 -1413.840769 -1413.850994 -1413.868524 -1413.899442 -1413.955652 -1414.060781 -1414.261994 -1414.653932 -1415.430807 -1417.015659 -1420.420052 -1428.350482 -1450.188419 -9999.0 -9999.0
-9999.0 -9999.0 186.789689 103.209823 12.002540 -81.389978 -175.629671 -270.213851 -364.916384 -459.628630 -554.362381 -650.140867 -752.648812 -863.842138 -972.191862 -1072.224256 -1173.561632 -1272.884931 -1342.868403 -1378.462208 -1393.427124 -1398.630202 -1399.975497 -1400.403114 -1401.112172 -1402.390906 -1404.103374 -1405.975393 -1407.758955 -1409.300932 -1410.543164 -1411.492706 -1412.190138 -1412.686333 -1413.029656 -1413.262415 -1413.427233 -1413.579523 -1413.811180 -1414.781400 -1421.452502 -1446.105189 -958.387825 -962.503492 -946.172364 -936.115045 -931.426231 -930.787304 -930.723509 -930.734861 -930.757747 -930.782062 -930.805394 -930.826980 -930.846840 -930.868316 -930.924575 -931.298734 -933.766247 -939.386436 -948.560754 -933.334192 -1426.814744 -1418.491128 -1414.535691 -1413.930558 -1413.833572 -1413.816970 -1413.815644 -1413.817159 -1413.818886 -1413.820311 -1413.821402 -1413.822225 -1413.822852 -1413.823338 -1413.823721 -1413.824029 -1413.824284 -1413.824508 -1413.824725 -1413.824962 -1413.825258 -1413.825666 -1413.826267 -1413.827188 -1413.828633 -1413.830936 -1413.834659 -1413.840769 -1413.850994 -1413.868524 -1413.899442 -1413.955652 -1414.060781 -1414.261994 -1414.653932 -1415.430807 -1417.015659 -1420.420052 -1428.350482 -1450.188419 -9999.0 -9999.0
-9999.0 -9999.0 -9999.0 -9999.0 -9999.0 -9999.0 -9999.0 -9999.0 -9999.0 -9999.0 -9999.0 -9999.0 -9999.0 -9999.0 -9999.0 -9999.0 -9999.0 -9999.0 -9999.0 -9999.0 -9999.0 -9999.0 -9999.0 -9999.0 -9999.0 -9999.0 -9999.0 -9999.0 -9999.0 -9999.0 -9999.0 -9999.0 -9999.0 -9999.0 -9999.0 -9999.0 -9999.0 -9999.0 -9999.0 -9999.0 -9999.0 -9999.0 -9999.0 -9999.0 -9999.0 -9999.0 -9999.0 -9999.0 -9999.0 -9999.0 -9999.0 -9999.0 -9999.0 -9999.0 -9999.0 -9999.0 -9999.0 -9999.0 -9999.0 -9999.0 -9999.0 -9999.0 -9999.0 -9999.0 -9999.0 -9999.0 -9999.0 -9999.0 -9999.0 -9999.0 -9999.0 -9999.0 -9999.0 -9999.0 -9999.0 -9999.0 -9999.0 -9999.0 -9999.0 -9999.0 -9999.0 -9999.0 -9999.0 -9999.0 -9999.0 -9999.0 -9999.0 -9999.0 -9999.0 -9999.0 -9999.0 -9999.0 -9999.0 -9999.0 -9999.0 -9999.0 -9999.0 -9999.0 -9999.0 -9999.0 -9999.0 -9999.0 -9999.0 -9999.0
-9999.0 -9999.0 -9999.0 -9999.0 -9999.0 -9999.0 -9999.0 -9999.0 -9999.0 -9999.0 -9999.0 -9999.0 -9999.0 -9999.0 -9999.0 -9999.0 -9999.0 -9999.0 -9999.0 -9999.0 -9999.0 -9999.0 -9999.0 -9999.0 -9999.0 -9999.0 -9999.0 -9999.0 -9999.0 -9999.0 -9999.0 -9999.0 -9999.0 -9999.0 -9999.0 -9999.0 -9999.0 -9999.0 -9999.0 -9999.0 -9999.0 -9999.0 -9999.0 -9999.0 -9999.0 -9999.0 -9999.0 -9999.0 -9999.0 -9999.0 -9999.0 -9999.0 -9999.0 -9999.0 -9999.0 -9999.0 -9999.0 -9999.0 -9999.0 -9999.0 -9999.0 -9999.0 -9999.0 -9999.0 -9999.0 -9999.0 -9999.0 -9999.0 -9999.0 -9999.0 -9999.0 -9999.0 -9999.0 -9999.0 -9999.0 -9999.0 -9999.0 -9999.0 -9999.0 -9999.0 -9999.0 -9999.0 -9999.0 -9999.0 -9999.0 -9999.0 -9999.0 -9999.0 -9999.0 -9999.0 -9999.0 -9999.0 -9999.0 -9999.0 -9999.0 -9999.0 -9999.0 -9999.0 -9999.0 -9999.0 -9999.0 -9999.0 -9999.0 -9999.0