inst/processing_geotop_simulation/geotop_simulation/out/maps3D/PwL0003N0227.asc
ncols         104
nrows         10
xllcorner     -2.000000
yllcorner     0.000000
cellsize      1.000000
NODATA_value  -9999.0
-9999.0 -9999.0 -9999.0 -9999.0 -9999.0 -9999.0 -9999.0 -9999.0 -9999.0 -9999.0 -9999.0 -9999.0 -9999.0 -9999.0 -9999.0 -9999.0 -9999.0 -9999.0 -9999.0 -9999.0 -9999.0 -9999.0 -9999.0 -9999.0 -9999.0 -9999.0 -9999.0 -9999.0 -9999.0 -9999.0 -9999.0 -9999.0 -9999.0 -9999.0 -9999.0 -9999.0 -9999.0 -9999.0 -9999.0 -9999.0 -9999.0 -9999.0 -9999.0 -9999.0 -9999.0 -9999.0 -9999.0 -9999.0 -9999.0 -9999.0 -9999.0 -9999.0 -9999.0 -9999.0 -9999.0 -9999.0 -9999.0 -9999.0 -9999.0 -9999.0 -9999.0 -9999.0 -9999.0 -9999.0 -9999.0 -9999.0 -9999.0 -9999.0 -9999.0 -9999.0 -9999.0 -9999.0 -9999.0 -9999.0 -9999.0 -9999.0 -9999.0 -9999.0 -9999.0 -9999.0 -9999.0 -9999.0 -9999.0 -9999.0 -9999.0 -9999.0 -9999.0 -9999.0 -9999.0 -9999.0 -9999.0 -9999.0 -9999.0 -9999.0 -9999.0 -9999.0 -9999.0 -9999.0 -9999.0 -9999.0 -9999.0 -9999.0 -9999.0 -9999.0
-9999.0 -9999.0 -9999.0 -9999.0 -9999.0 -9999.0 -9999.0 -9999.0 -9999.0 -9999.0 -9999.0 -9999.0 -9999.0 -9999.0 -9999.0 -9999.0 -9999.0 -9999.0 -9999.0 -9999.0 -9999.0 -9999.0 -9999.0 -9999.0 -9999.0 -9999.0 -9999.0 -9999.0 -9999.0 -9999.0 -9999.0 -9999.0 -9999.0 -9999.0 -9999.0 -9999.0 -9999.0 -9999.0 -9999.0 -9999.0 -9999.0 -9999.0 -9999.0 -9999.0 -9999.0 -9999.0 -9999.0 -9999.0 -9999.0 -9999.0 -9999.0 -9999.0 -9999.0 -9999.0 -9999.0 -9999.0 -9999.0 -9999.0 -9999.0 -9999.0 -9999.0 -9999.0 -9999.0 -9999.0 -9999.0 -9999.0 -9999.0 -9999.0 -9999.0 -9999.0 -9999.0 -9999.0 -9999.0 -9999.0 -9999.0 -9999.0 -9999.0 -9999.0 -9999.0 -9999.0 -9999.0 -9999.0 -9999.0 -9999.0 -9999.0 -9999.0 -9999.0 -9999.0 -9999.0 -9999.0 -9999.0 -9999.0 -9999.0 -9999.0 -9999.0 -9999.0 -9999.0 -9999.0 -9999.0 -9999.0 -9999.0 -9999.0 -9999.0 -9999.0
-9999.0 -9999.0 128.345706 34.781826 -61.950053 -159.516348 -257.392958 -355.372824 -453.345511 -551.224287 -648.823003 -745.875914 -842.435201 -938.260516 -1033.863756 -1129.501672 -1223.452486 -1315.377516 -1404.907658 -1490.012432 -1565.632465 -1627.493448 -1674.532822 -1708.447162 -1732.093279 -1748.282808 -1759.271440 -1766.694848 -1771.686462 -1775.022449 -1777.236104 -1778.694486 -1779.649187 -1780.270995 -1780.674725 -1780.938648 -1781.123274 -1781.307311 -1781.756361 -1783.724328 -1790.672990 -1776.803648 -1103.631625 -1105.112523 -1092.977362 -1085.229238 -1081.596916 -1081.061390 -1081.005334 -1081.012261 -1081.028499 -1081.045888 -1081.062593 -1081.078058 -1081.092374 -1081.108658 -1081.156729 -1081.476524 -1083.409454 -1087.740305 -1094.169656 -1084.076615 -1754.646127 -1785.335742 -1782.592356 -1781.690222 -1781.530855 -1781.505887 -1781.502594 -1781.502882 -1781.503662 -1781.504371 -1781.504928 -1781.505354 -1781.505679 -1781.505932 -1781.506132 -1781.506293 -1781.506428 -1781.506548 -1781.506666 -1781.506797 -1781.506962 -1781.507192 -1781.507532 -1781.508056 -1781.508880 -1781.510200 -1781.512348 -1781.515903 -1781.521918 -1781.532366 -1781.551053 -1781.585482 -1781.650671 -1781.777157 -1782.028936 -1782.548043 -1783.676751 -1786.323179 -1793.262218 -1815.342875 -9999.0 -9999.0
-9999.0 -9999.0 128.356842 34.783971 -61.949514 -159.516191 -257.392908 -355.372807 -453.345505 -551.224284 -648.823002 -745.875913 -842.435201 -938.260515 -1033.863756 -1129.501672 -1223.452486 -1315.377516 -1404.907659 -1490.012432 -1565.632465 -1627.493448 -1674.532822 -1708.447162 -1732.093279 -1748.282809 -1759.271440 -1766.694848 -1771.686462 -1775.022449 -1777.236104 -1778.694486 -1779.649187 -1780.270995 -1780.674725 -1780.938648 -1781.123274 -1781.307311 -1781.756361 -1783.724328 -1790.672990 -1776.803648 -1103.631625 -1105.112523 -1092.977362 -1085.229238 -1081.596916 -1081.061390 -1081.005334 -1081.012261 -1081.028499 -1081.045888 -1081.062593 -1081.078058 -1081.092374 -1081.108658 -1081.156729 -1081.476524 -1083.409454 -1087.740305 -1094.169656 -1084.076615 -1754.646127 -1785.335742 -1782.592356 -1781.690222 -1781.530855 -1781.505887 -1781.502594 -1781.502882 -1781.503662 -1781.504371 -1781.504928 -1781.505354 -1781.505679 -1781.505932 -1781.506132 -1781.506293 -1781.506428 -1781.506548 -1781.506666 -1781.506797 -1781.506962 -1781.507192 -1781.507532 -1781.508056 -1781.508880 -1781.510200 -1781.512348 -1781.515903 -1781.521918 -1781.532366 -1781.551053 -1781.585482 -1781.650671 -1781.777157 -1782.028936 -1782.548043 -1783.676751 -1786.323179 -1793.262218 -1815.342875 -9999.0 -9999.0
-9999.0 -9999.0 128.358232 34.784834 -61.949173 -159.516068 -257.392864 -355.372792 -453.345499 -551.224282 -648.823001 -745.875913 -842.435201 -938.260515 -1033.863756 -1129.501672 -1223.452486 -1315.377516 -1404.907659 -1490.012432 -1565.632465 -1627.493448 -1674.532822 -1708.447163 -1732.093279 -1748.282809 -1759.271440 -1766.694848 -1771.686462 -1775.022449 -1777.236104 -1778.694486 -1779.649187 -1780.270995 -1780.674725 -1780.938648 -1781.123274 -1781.307311 -1781.756361 -1783.724328 -1790.672990 -1776.803648 -1103.631625 -1105.112523 -1092.977362 -1085.229238 -1081.596916 -1081.061390 -1081.005334 -1081.012261 -1081.028499 -1081.045888 -1081.062593 -1081.078058 -1081.092374 -1081.108658 -1081.156729 -1081.476524 -1083.409454 -1087.740305 -1094.169656 -1084.076615 -1754.646127 -1785.335742 -1782.592356 -1781.690222 -1781.530855 -1781.505887 -1781.502594 -1781.502882 -1781.503662 -1781.504371 -1781.504928 -1781.505354 -1781.505679 -1781.505932 -1781.506132 -1781.506293 -1781.506428 -1781.506548 -1781.506666 -1781.506797 -1781.506962 -1781.507192 -1781.507532 -1781.508056 -1781.508880 -1781.510200 -1781.512348 -1781.515903 -1781.521918 -1781.532366 -1781.551053 -1781.585482 -1781.650671 -1781.777157 -1782.028936 -1782.548043 -1783.676751 -1786.323179 -1793.262218 -1815.342875 -9999.0 -9999.0
-9999.0 -9999.0 128.358232 34.784834 -61.949173 -159.516068 -257.392864 -355.372792 -453.345499 -551.224282 -648.823001 -745.875913 -842.435201 -938.260515 -1033.863756 -1129.501672 -1223.452486 -1315.377516 -1404.907659 -1490.012432 -1565.632465 -1627.493448 -1674.532822 -1708.447163 -1732.093279 -1748.282809 -1759.271440 -1766.694848 -1771.686462 -1775.022449 -1777.236104 -1778.694486 -1779.649187 -1780.270995 -1780.674725 -1780.938648 -1781.123274 -1781.307311 -1781.756361 -1783.724328 -1790.672990 -1776.803648 -1103.631625 -1105.112523 -1092.977362 -1085.229238 -1081.596916 -1081.061390 -1081.005334 -1081.012261 -1081.028499 -1081.045888 -1081.062593 -1081.078058 -1081.092374 -1081.108658 -1081.156729 -1081.476524 -1083.409454 -1087.740305 -1094.169656 -1084.076615 -1754.646127 -1785.335742 -1782.592356 -1781.690222 -1781.530855 -1781.505887 -1781.502594 -1781.502882 -1781.503662 -1781.504371 -1781.504928 -1781.505354 -1781.505679 -1781.505932 -1781.506132 -1781.506293 -1781.506428 -1781.506548 -1781.506666 -1781.506797 -1781.506962 -1781.507192 -1781.507532 -1781.508056 -1781.508880 -1781.510200 -1781.512348 -1781.515903 -1781.521918 -1781.532366 -1781.551053 -1781.585482 -1781.650671 -1781.777157 -1782.028936 -1782.548043 -1783.676751 -1786.323179 -1793.262218 -1815.342875 -9999.0 -9999.0
-9999.0 -9999.0 128.356842 34.783971 -61.949514 -159.516191 -257.392908 -355.372807 -453.345505 -551.224284 -648.823002 -745.875913 -842.435201 -938.260515 -1033.863756 -1129.501672 -1223.452486 -1315.377516 -1404.907659 -1490.012432 -1565.632465 -1627.493448 -1674.532822 -1708.447162 -1732.093279 -1748.282809 -1759.271440 -1766.694848 -1771.686462 -1775.022449 -1777.236104 -1778.694486 -1779.649187 -1780.270995 -1780.674725 -1780.938648 -1781.123274 -1781.307311 -1781.756361 -1783.724328 -1790.672990 -1776.803648 -1103.631625 -1105.112523 -1092.977362 -1085.229238 -1081.596916 -1081.061390 -1081.005334 -1081.012261 -1081.028499 -1081.045888 -1081.062593 -1081.078058 -1081.092374 -1081.108658 -1081.156729 -1081.476524 -1083.409454 -1087.740305 -1094.169656 -1084.076615 -1754.646127 -1785.335742 -1782.592356 -1781.690222 -1781.530855 -1781.505887 -1781.502594 -1781.502882 -1781.503662 -1781.504371 -1781.504928 -1781.505354 -1781.505679 -1781.505932 -1781.506132 -1781.506293 -1781.506428 -1781.506548 -1781.506666 -1781.506797 -1781.506962 -1781.507192 -1781.507532 -1781.508056 -1781.508880 -1781.510200 -1781.512348 -1781.515903 -1781.521918 -1781.532366 -1781.551053 -1781.585482 -1781.650671 -1781.777157 -1782.028936 -1782.548043 -1783.676751 -1786.323179 -1793.262218 -1815.342875 -9999.0 -9999.0
-9999.0 -9999.0 128.345706 34.781826 -61.950053 -159.516348 -257.392958 -355.372824 -453.345511 -551.224287 -648.823003 -745.875914 -842.435201 -938.260515 -1033.863756 -1129.501672 -1223.452486 -1315.377516 -1404.907658 -1490.012432 -1565.632465 -1627.493448 -1674.532822 -1708.447162 -1732.093279 -1748.282808 -1759.271440 -1766.694848 -1771.686462 -1775.022449 -1777.236104 -1778.694486 -1779.649187 -1780.270995 -1780.674725 -1780.938648 -1781.123274 -1781.307311 -1781.756361 -1783.724328 -1790.672990 -1776.803648 -1103.631625 -1105.112523 -1092.977362 -1085.229238 -1081.596916 -1081.061390 -1081.005334 -1081.012261 -1081.028499 -1081.045888 -1081.062593 -1081.078058 -1081.092374 -1081.108658 -1081.156729 -1081.476524 -1083.409454 -1087.740305 -1094.169656 -1084.076615 -1754.646127 -1785.335742 -1782.592356 -1781.690222 -1781.530855 -1781.505887 -1781.502594 -1781.502882 -1781.503662 -1781.504371 -1781.504928 -1781.505354 -1781.505679 -1781.505932 -1781.506132 -1781.506293 -1781.506428 -1781.506548 -1781.506666 -1781.506797 -1781.506962 -1781.507192 -1781.507532 -1781.508056 -1781.508880 -1781.510200 -1781.512348 -1781.515903 -1781.521918 -1781.532366 -1781.551053 -1781.585482 -1781.650671 -1781.777157 -1782.028936 -1782.548043 -1783.676751 -1786.323179 -1793.262218 -1815.342875 -9999.0 -9999.0
-9999.0 -9999.0 -9999.0 -9999.0 -9999.0 -9999.0 -9999.0 -9999.0 -9999.0 -9999.0 -9999.0 -9999.0 -9999.0 -9999.0 -9999.0 -9999.0 -9999.0 -9999.0 -9999.0 -9999.0 -9999.0 -9999.0 -9999.0 -9999.0 -9999.0 -9999.0 -9999.0 -9999.0 -9999.0 -9999.0 -9999.0 -9999.0 -9999.0 -9999.0 -9999.0 -9999.0 -9999.0 -9999.0 -9999.0 -9999.0 -9999.0 -9999.0 -9999.0 -9999.0 -9999.0 -9999.0 -9999.0 -9999.0 -9999.0 -9999.0 -9999.0 -9999.0 -9999.0 -9999.0 -9999.0 -9999.0 -9999.0 -9999.0 -9999.0 -9999.0 -9999.0 -9999.0 -9999.0 -9999.0 -9999.0 -9999.0 -9999.0 -9999.0 -9999.0 -9999.0 -9999.0 -9999.0 -9999.0 -9999.0 -9999.0 -9999.0 -9999.0 -9999.0 -9999.0 -9999.0 -9999.0 -9999.0 -9999.0 -9999.0 -9999.0 -9999.0 -9999.0 -9999.0 -9999.0 -9999.0 -9999.0 -9999.0 -9999.0 -9999.0 -9999.0 -9999.0 -9999.0 -9999.0 -9999.0 -9999.0 -9999.0 -9999.0 -9999.0 -9999.0
-9999.0 -9999.0 -9999.0 -9999.0 -9999.0 -9999.0 -9999.0 -9999.0 -9999.0 -9999.0 -9999.0 -9999.0 -9999.0 -9999.0 -9999.0 -9999.0 -9999.0 -9999.0 -9999.0 -9999.0 -9999.0 -9999.0 -9999.0 -9999.0 -9999.0 -9999.0 -9999.0 -9999.0 -9999.0 -9999.0 -9999.0 -9999.0 -9999.0 -9999.0 -9999.0 -9999.0 -9999.0 -9999.0 -9999.0 -9999.0 -9999.0 -9999.0 -9999.0 -9999.0 -9999.0 -9999.0 -9999.0 -9999.0 -9999.0 -9999.0 -9999.0 -9999.0 -9999.0 -9999.0 -9999.0 -9999.0 -9999.0 -9999.0 -9999.0 -9999.0 -9999.0 -9999.0 -9999.0 -9999.0 -9999.0 -9999.0 -9999.0 -9999.0 -9999.0 -9999.0 -9999.0 -9999.0 -9999.0 -9999.0 -9999.0 -9999.0 -9999.0 -9999.0 -9999.0 -9999.0 -9999.0 -9999.0 -9999.0 -9999.0 -9999.0 -9999.0 -9999.0 -9999.0 -9999.0 -9999.0 -9999.0 -9999.0 -9999.0 -9999.0 -9999.0 -9999.0 -9999.0 -9999.0 -9999.0 -9999.0 -9999.0 -9999.0 -9999.0 -9999.0