inst/processing_geotop_simulation/geotop_simulation/out/maps3D/PwL0018N0361.asc
ncols         104
nrows         10
xllcorner     -2.000000
yllcorner     0.000000
cellsize      1.000000
NODATA_value  -9999.0
-9999.0 -9999.0 -9999.0 -9999.0 -9999.0 -9999.0 -9999.0 -9999.0 -9999.0 -9999.0 -9999.0 -9999.0 -9999.0 -9999.0 -9999.0 -9999.0 -9999.0 -9999.0 -9999.0 -9999.0 -9999.0 -9999.0 -9999.0 -9999.0 -9999.0 -9999.0 -9999.0 -9999.0 -9999.0 -9999.0 -9999.0 -9999.0 -9999.0 -9999.0 -9999.0 -9999.0 -9999.0 -9999.0 -9999.0 -9999.0 -9999.0 -9999.0 -9999.0 -9999.0 -9999.0 -9999.0 -9999.0 -9999.0 -9999.0 -9999.0 -9999.0 -9999.0 -9999.0 -9999.0 -9999.0 -9999.0 -9999.0 -9999.0 -9999.0 -9999.0 -9999.0 -9999.0 -9999.0 -9999.0 -9999.0 -9999.0 -9999.0 -9999.0 -9999.0 -9999.0 -9999.0 -9999.0 -9999.0 -9999.0 -9999.0 -9999.0 -9999.0 -9999.0 -9999.0 -9999.0 -9999.0 -9999.0 -9999.0 -9999.0 -9999.0 -9999.0 -9999.0 -9999.0 -9999.0 -9999.0 -9999.0 -9999.0 -9999.0 -9999.0 -9999.0 -9999.0 -9999.0 -9999.0 -9999.0 -9999.0 -9999.0 -9999.0 -9999.0 -9999.0
-9999.0 -9999.0 -9999.0 -9999.0 -9999.0 -9999.0 -9999.0 -9999.0 -9999.0 -9999.0 -9999.0 -9999.0 -9999.0 -9999.0 -9999.0 -9999.0 -9999.0 -9999.0 -9999.0 -9999.0 -9999.0 -9999.0 -9999.0 -9999.0 -9999.0 -9999.0 -9999.0 -9999.0 -9999.0 -9999.0 -9999.0 -9999.0 -9999.0 -9999.0 -9999.0 -9999.0 -9999.0 -9999.0 -9999.0 -9999.0 -9999.0 -9999.0 -9999.0 -9999.0 -9999.0 -9999.0 -9999.0 -9999.0 -9999.0 -9999.0 -9999.0 -9999.0 -9999.0 -9999.0 -9999.0 -9999.0 -9999.0 -9999.0 -9999.0 -9999.0 -9999.0 -9999.0 -9999.0 -9999.0 -9999.0 -9999.0 -9999.0 -9999.0 -9999.0 -9999.0 -9999.0 -9999.0 -9999.0 -9999.0 -9999.0 -9999.0 -9999.0 -9999.0 -9999.0 -9999.0 -9999.0 -9999.0 -9999.0 -9999.0 -9999.0 -9999.0 -9999.0 -9999.0 -9999.0 -9999.0 -9999.0 -9999.0 -9999.0 -9999.0 -9999.0 -9999.0 -9999.0 -9999.0 -9999.0 -9999.0 -9999.0 -9999.0 -9999.0 -9999.0
-9999.0 -9999.0 870.133455 771.410804 672.536162 573.492037 474.359747 375.188694 276.005347 176.823988 77.652532 -21.502090 -120.635486 -219.744176 -318.808138 -417.792170 -516.628898 -615.198885 -713.303218 -811.563223 -909.492893 -1006.921450 -1103.600627 -1193.861889 -1277.594931 -1352.675053 -1417.528575 -1471.445943 -1514.652609 -1548.137659 -1573.347088 -1591.872864 -1605.223139 -1614.695905 -1621.337558 -1625.956552 -1629.173381 -1631.530420 -1633.808639 -1637.917171 -1648.458760 -1676.415309 -1936.587563 -4014.898513 -4084.148687 -4084.158154 -4084.151246 -4084.084123 -4083.793996 -4082.919252 -4080.699881 -4074.841211 -4065.930214 -4055.202368 -4038.762522 -4010.298846 -3958.223440 -3864.814305 -3712.612143 -3497.813926 -3143.555763 -1684.372873 -1633.629255 -1640.046512 -1637.561635 -1636.414994 -1636.136701 -1636.083755 -1636.075165 -1636.074297 -1636.074655 -1636.075129 -1636.075542 -1636.075880 -1636.076158 -1636.076392 -1636.076594 -1636.076773 -1636.076938 -1636.077097 -1636.077257 -1636.077429 -1636.077629 -1636.077876 -1636.078204 -1636.078664 -1636.079339 -1636.080370 -1636.081999 -1636.084659 -1636.089148 -1636.096987 -1636.111159 -1636.137659 -1636.188891 -1636.291582 -1636.506752 -1636.983562 -1638.112259 -1640.993190 -1649.067045 -1674.670696 -9999.0 -9999.0
-9999.0 -9999.0 870.136664 771.411978 672.536538 573.492159 474.359788 375.188708 276.005353 176.823990 77.652534 -21.502089 -120.635486 -219.744177 -318.808138 -417.792170 -516.628898 -615.198885 -713.303218 -811.563223 -909.492893 -1006.921451 -1103.600627 -1193.861889 -1277.594931 -1352.675053 -1417.528575 -1471.445943 -1514.652610 -1548.137659 -1573.347088 -1591.872864 -1605.223139 -1614.695905 -1621.337558 -1625.956552 -1629.173381 -1631.530420 -1633.808639 -1637.917171 -1648.458760 -1676.415309 -1936.587562 -4014.898513 -4084.148687 -4084.158154 -4084.151246 -4084.084123 -4083.793996 -4082.919252 -4080.699881 -4074.841211 -4065.930214 -4055.202368 -4038.762521 -4010.298845 -3958.223439 -3864.814305 -3712.612142 -3497.813926 -3143.555763 -1684.372873 -1633.629255 -1640.046512 -1637.561635 -1636.414994 -1636.136701 -1636.083755 -1636.075165 -1636.074297 -1636.074655 -1636.075129 -1636.075542 -1636.075880 -1636.076158 -1636.076392 -1636.076594 -1636.076773 -1636.076938 -1636.077097 -1636.077257 -1636.077429 -1636.077629 -1636.077876 -1636.078204 -1636.078664 -1636.079339 -1636.080370 -1636.081999 -1636.084659 -1636.089148 -1636.096987 -1636.111159 -1636.137659 -1636.188891 -1636.291582 -1636.506752 -1636.983562 -1638.112259 -1640.993190 -1649.067045 -1674.670696 -9999.0 -9999.0
-9999.0 -9999.0 870.137820 771.412593 672.536795 573.492257 474.359824 375.188721 276.005357 176.823993 77.652534 -21.502089 -120.635486 -219.744176 -318.808138 -417.792170 -516.628898 -615.198885 -713.303218 -811.563223 -909.492894 -1006.921451 -1103.600627 -1193.861890 -1277.594931 -1352.675053 -1417.528575 -1471.445943 -1514.652610 -1548.137659 -1573.347088 -1591.872864 -1605.223140 -1614.695905 -1621.337558 -1625.956552 -1629.173381 -1631.530420 -1633.808639 -1637.917171 -1648.458760 -1676.415309 -1936.587562 -4014.898513 -4084.148687 -4084.158154 -4084.151246 -4084.084123 -4083.793996 -4082.919252 -4080.699881 -4074.841211 -4065.930214 -4055.202368 -4038.762521 -4010.298845 -3958.223439 -3864.814305 -3712.612142 -3497.813926 -3143.555762 -1684.372873 -1633.629255 -1640.046512 -1637.561635 -1636.414994 -1636.136701 -1636.083755 -1636.075165 -1636.074297 -1636.074655 -1636.075129 -1636.075542 -1636.075880 -1636.076158 -1636.076392 -1636.076594 -1636.076773 -1636.076938 -1636.077097 -1636.077257 -1636.077429 -1636.077629 -1636.077876 -1636.078204 -1636.078664 -1636.079339 -1636.080370 -1636.081999 -1636.084659 -1636.089148 -1636.096987 -1636.111159 -1636.137659 -1636.188891 -1636.291582 -1636.506752 -1636.983562 -1638.112259 -1640.993190 -1649.067045 -1674.670696 -9999.0 -9999.0
-9999.0 -9999.0 870.137820 771.412593 672.536795 573.492257 474.359824 375.188721 276.005358 176.823992 77.652535 -21.502089 -120.635485 -219.744176 -318.808138 -417.792170 -516.628898 -615.198885 -713.303218 -811.563223 -909.492894 -1006.921451 -1103.600627 -1193.861890 -1277.594931 -1352.675053 -1417.528575 -1471.445943 -1514.652610 -1548.137659 -1573.347088 -1591.872864 -1605.223140 -1614.695905 -1621.337558 -1625.956552 -1629.173381 -1631.530420 -1633.808639 -1637.917171 -1648.458760 -1676.415309 -1936.587562 -4014.898513 -4084.148687 -4084.158154 -4084.151246 -4084.084123 -4083.793996 -4082.919252 -4080.699881 -4074.841211 -4065.930214 -4055.202368 -4038.762521 -4010.298845 -3958.223439 -3864.814305 -3712.612142 -3497.813926 -3143.555762 -1684.372873 -1633.629255 -1640.046512 -1637.561635 -1636.414994 -1636.136701 -1636.083755 -1636.075165 -1636.074297 -1636.074655 -1636.075129 -1636.075542 -1636.075880 -1636.076158 -1636.076392 -1636.076594 -1636.076773 -1636.076938 -1636.077097 -1636.077257 -1636.077429 -1636.077629 -1636.077876 -1636.078204 -1636.078664 -1636.079339 -1636.080370 -1636.081999 -1636.084659 -1636.089148 -1636.096987 -1636.111159 -1636.137659 -1636.188891 -1636.291582 -1636.506752 -1636.983562 -1638.112259 -1640.993190 -1649.067045 -1674.670696 -9999.0 -9999.0
-9999.0 -9999.0 870.136664 771.411979 672.536538 573.492159 474.359788 375.188708 276.005352 176.823991 77.652534 -21.502089 -120.635486 -219.744176 -318.808138 -417.792170 -516.628898 -615.198885 -713.303218 -811.563223 -909.492893 -1006.921451 -1103.600627 -1193.861889 -1277.594931 -1352.675053 -1417.528575 -1471.445943 -1514.652610 -1548.137659 -1573.347088 -1591.872864 -1605.223139 -1614.695905 -1621.337558 -1625.956552 -1629.173381 -1631.530420 -1633.808639 -1637.917171 -1648.458760 -1676.415309 -1936.587562 -4014.898513 -4084.148687 -4084.158154 -4084.151246 -4084.084123 -4083.793996 -4082.919252 -4080.699881 -4074.841211 -4065.930214 -4055.202368 -4038.762521 -4010.298845 -3958.223440 -3864.814305 -3712.612142 -3497.813926 -3143.555763 -1684.372873 -1633.629255 -1640.046512 -1637.561635 -1636.414994 -1636.136701 -1636.083755 -1636.075165 -1636.074297 -1636.074655 -1636.075129 -1636.075542 -1636.075880 -1636.076158 -1636.076392 -1636.076594 -1636.076773 -1636.076938 -1636.077097 -1636.077257 -1636.077429 -1636.077629 -1636.077876 -1636.078204 -1636.078664 -1636.079339 -1636.080370 -1636.081999 -1636.084659 -1636.089148 -1636.096987 -1636.111159 -1636.137659 -1636.188891 -1636.291582 -1636.506752 -1636.983562 -1638.112259 -1640.993190 -1649.067045 -1674.670696 -9999.0 -9999.0
-9999.0 -9999.0 870.133455 771.410804 672.536162 573.492037 474.359747 375.188693 276.005347 176.823988 77.652533 -21.502090 -120.635486 -219.744177 -318.808138 -417.792170 -516.628898 -615.198885 -713.303218 -811.563223 -909.492893 -1006.921450 -1103.600627 -1193.861889 -1277.594931 -1352.675053 -1417.528575 -1471.445943 -1514.652609 -1548.137659 -1573.347088 -1591.872864 -1605.223139 -1614.695905 -1621.337558 -1625.956552 -1629.173381 -1631.530420 -1633.808639 -1637.917171 -1648.458760 -1676.415309 -1936.587563 -4014.898513 -4084.148687 -4084.158154 -4084.151246 -4084.084123 -4083.793996 -4082.919252 -4080.699882 -4074.841211 -4065.930214 -4055.202368 -4038.762522 -4010.298846 -3958.223440 -3864.814305 -3712.612142 -3497.813927 -3143.555763 -1684.372873 -1633.629255 -1640.046512 -1637.561635 -1636.414994 -1636.136701 -1636.083755 -1636.075165 -1636.074297 -1636.074655 -1636.075129 -1636.075542 -1636.075880 -1636.076158 -1636.076392 -1636.076594 -1636.076773 -1636.076938 -1636.077097 -1636.077257 -1636.077429 -1636.077629 -1636.077876 -1636.078204 -1636.078664 -1636.079339 -1636.080370 -1636.081999 -1636.084659 -1636.089148 -1636.096987 -1636.111159 -1636.137659 -1636.188891 -1636.291582 -1636.506752 -1636.983562 -1638.112259 -1640.993190 -1649.067045 -1674.670696 -9999.0 -9999.0
-9999.0 -9999.0 -9999.0 -9999.0 -9999.0 -9999.0 -9999.0 -9999.0 -9999.0 -9999.0 -9999.0 -9999.0 -9999.0 -9999.0 -9999.0 -9999.0 -9999.0 -9999.0 -9999.0 -9999.0 -9999.0 -9999.0 -9999.0 -9999.0 -9999.0 -9999.0 -9999.0 -9999.0 -9999.0 -9999.0 -9999.0 -9999.0 -9999.0 -9999.0 -9999.0 -9999.0 -9999.0 -9999.0 -9999.0 -9999.0 -9999.0 -9999.0 -9999.0 -9999.0 -9999.0 -9999.0 -9999.0 -9999.0 -9999.0 -9999.0 -9999.0 -9999.0 -9999.0 -9999.0 -9999.0 -9999.0 -9999.0 -9999.0 -9999.0 -9999.0 -9999.0 -9999.0 -9999.0 -9999.0 -9999.0 -9999.0 -9999.0 -9999.0 -9999.0 -9999.0 -9999.0 -9999.0 -9999.0 -9999.0 -9999.0 -9999.0 -9999.0 -9999.0 -9999.0 -9999.0 -9999.0 -9999.0 -9999.0 -9999.0 -9999.0 -9999.0 -9999.0 -9999.0 -9999.0 -9999.0 -9999.0 -9999.0 -9999.0 -9999.0 -9999.0 -9999.0 -9999.0 -9999.0 -9999.0 -9999.0 -9999.0 -9999.0 -9999.0 -9999.0
-9999.0 -9999.0 -9999.0 -9999.0 -9999.0 -9999.0 -9999.0 -9999.0 -9999.0 -9999.0 -9999.0 -9999.0 -9999.0 -9999.0 -9999.0 -9999.0 -9999.0 -9999.0 -9999.0 -9999.0 -9999.0 -9999.0 -9999.0 -9999.0 -9999.0 -9999.0 -9999.0 -9999.0 -9999.0 -9999.0 -9999.0 -9999.0 -9999.0 -9999.0 -9999.0 -9999.0 -9999.0 -9999.0 -9999.0 -9999.0 -9999.0 -9999.0 -9999.0 -9999.0 -9999.0 -9999.0 -9999.0 -9999.0 -9999.0 -9999.0 -9999.0 -9999.0 -9999.0 -9999.0 -9999.0 -9999.0 -9999.0 -9999.0 -9999.0 -9999.0 -9999.0 -9999.0 -9999.0 -9999.0 -9999.0 -9999.0 -9999.0 -9999.0 -9999.0 -9999.0 -9999.0 -9999.0 -9999.0 -9999.0 -9999.0 -9999.0 -9999.0 -9999.0 -9999.0 -9999.0 -9999.0 -9999.0 -9999.0 -9999.0 -9999.0 -9999.0 -9999.0 -9999.0 -9999.0 -9999.0 -9999.0 -9999.0 -9999.0 -9999.0 -9999.0 -9999.0 -9999.0 -9999.0 -9999.0 -9999.0 -9999.0 -9999.0 -9999.0 -9999.0