inst/processing_geotop_simulation/geotop_simulation/out/maps3D/PwL0004N0254.asc
ncols         104
nrows         10
xllcorner     -2.000000
yllcorner     0.000000
cellsize      1.000000
NODATA_value  -9999.0
-9999.0 -9999.0 -9999.0 -9999.0 -9999.0 -9999.0 -9999.0 -9999.0 -9999.0 -9999.0 -9999.0 -9999.0 -9999.0 -9999.0 -9999.0 -9999.0 -9999.0 -9999.0 -9999.0 -9999.0 -9999.0 -9999.0 -9999.0 -9999.0 -9999.0 -9999.0 -9999.0 -9999.0 -9999.0 -9999.0 -9999.0 -9999.0 -9999.0 -9999.0 -9999.0 -9999.0 -9999.0 -9999.0 -9999.0 -9999.0 -9999.0 -9999.0 -9999.0 -9999.0 -9999.0 -9999.0 -9999.0 -9999.0 -9999.0 -9999.0 -9999.0 -9999.0 -9999.0 -9999.0 -9999.0 -9999.0 -9999.0 -9999.0 -9999.0 -9999.0 -9999.0 -9999.0 -9999.0 -9999.0 -9999.0 -9999.0 -9999.0 -9999.0 -9999.0 -9999.0 -9999.0 -9999.0 -9999.0 -9999.0 -9999.0 -9999.0 -9999.0 -9999.0 -9999.0 -9999.0 -9999.0 -9999.0 -9999.0 -9999.0 -9999.0 -9999.0 -9999.0 -9999.0 -9999.0 -9999.0 -9999.0 -9999.0 -9999.0 -9999.0 -9999.0 -9999.0 -9999.0 -9999.0 -9999.0 -9999.0 -9999.0 -9999.0 -9999.0 -9999.0
-9999.0 -9999.0 -9999.0 -9999.0 -9999.0 -9999.0 -9999.0 -9999.0 -9999.0 -9999.0 -9999.0 -9999.0 -9999.0 -9999.0 -9999.0 -9999.0 -9999.0 -9999.0 -9999.0 -9999.0 -9999.0 -9999.0 -9999.0 -9999.0 -9999.0 -9999.0 -9999.0 -9999.0 -9999.0 -9999.0 -9999.0 -9999.0 -9999.0 -9999.0 -9999.0 -9999.0 -9999.0 -9999.0 -9999.0 -9999.0 -9999.0 -9999.0 -9999.0 -9999.0 -9999.0 -9999.0 -9999.0 -9999.0 -9999.0 -9999.0 -9999.0 -9999.0 -9999.0 -9999.0 -9999.0 -9999.0 -9999.0 -9999.0 -9999.0 -9999.0 -9999.0 -9999.0 -9999.0 -9999.0 -9999.0 -9999.0 -9999.0 -9999.0 -9999.0 -9999.0 -9999.0 -9999.0 -9999.0 -9999.0 -9999.0 -9999.0 -9999.0 -9999.0 -9999.0 -9999.0 -9999.0 -9999.0 -9999.0 -9999.0 -9999.0 -9999.0 -9999.0 -9999.0 -9999.0 -9999.0 -9999.0 -9999.0 -9999.0 -9999.0 -9999.0 -9999.0 -9999.0 -9999.0 -9999.0 -9999.0 -9999.0 -9999.0 -9999.0 -9999.0
-9999.0 -9999.0 177.269035 82.186678 -15.197530 -113.236968 -211.527051 -309.907875 -408.291164 -506.613848 -604.761919 -702.435758 -799.793884 -896.608804 -993.169815 -1089.954238 -1185.332335 -1278.923308 -1370.094287 -1457.462515 -1537.503152 -1606.055545 -1660.857550 -1702.256405 -1732.286972 -1753.499603 -1768.233545 -1778.350585 -1785.232227 -1789.871414 -1792.972065 -1795.028190 -1796.382626 -1797.270251 -1797.850177 -1798.230987 -1798.494510 -1798.740470 -1799.277562 -1801.411606 -1808.042080 -1789.501861 -1120.155127 -1127.014668 -1113.531693 -1104.868924 -1100.812194 -1100.213104 -1100.150077 -1100.157166 -1100.174507 -1100.193109 -1100.210981 -1100.227530 -1100.242867 -1100.260499 -1100.313812 -1100.670504 -1102.824527 -1107.641577 -1114.582696 -1098.161129 -1765.962890 -1802.312351 -1800.153302 -1799.229035 -1799.053712 -1799.025600 -1799.021750 -1799.021863 -1799.022540 -1799.023175 -1799.023679 -1799.024064 -1799.024360 -1799.024589 -1799.024771 -1799.024918 -1799.025042 -1799.025152 -1799.025260 -1799.025381 -1799.025533 -1799.025745 -1799.026058 -1799.026540 -1799.027300 -1799.028516 -1799.030497 -1799.033781 -1799.039351 -1799.049049 -1799.066440 -1799.098567 -1799.159567 -1799.278364 -1799.516283 -1800.011628 -1801.103321 -1803.705876 -1810.664218 -1833.109095 -9999.0 -9999.0
-9999.0 -9999.0 177.279084 82.188739 -15.197006 -113.236815 -211.527002 -309.907859 -408.291158 -506.613845 -604.761918 -702.435757 -799.793883 -896.608804 -993.169815 -1089.954238 -1185.332335 -1278.923308 -1370.094287 -1457.462515 -1537.503152 -1606.055545 -1660.857551 -1702.256405 -1732.286972 -1753.499603 -1768.233545 -1778.350585 -1785.232227 -1789.871414 -1792.972065 -1795.028190 -1796.382626 -1797.270251 -1797.850177 -1798.230987 -1798.494510 -1798.740470 -1799.277562 -1801.411606 -1808.042080 -1789.501861 -1120.155127 -1127.014668 -1113.531693 -1104.868923 -1100.812194 -1100.213104 -1100.150077 -1100.157166 -1100.174507 -1100.193109 -1100.210981 -1100.227530 -1100.242867 -1100.260499 -1100.313812 -1100.670504 -1102.824527 -1107.641577 -1114.582696 -1098.161129 -1765.962890 -1802.312351 -1800.153302 -1799.229035 -1799.053712 -1799.025600 -1799.021750 -1799.021863 -1799.022540 -1799.023175 -1799.023679 -1799.024064 -1799.024360 -1799.024589 -1799.024771 -1799.024918 -1799.025042 -1799.025152 -1799.025260 -1799.025381 -1799.025533 -1799.025745 -1799.026058 -1799.026540 -1799.027300 -1799.028516 -1799.030497 -1799.033781 -1799.039351 -1799.049049 -1799.066440 -1799.098567 -1799.159567 -1799.278364 -1799.516283 -1800.011628 -1801.103321 -1803.705876 -1810.664218 -1833.109095 -9999.0 -9999.0
-9999.0 -9999.0 177.280500 82.189578 -15.196675 -113.236695 -211.526960 -309.907844 -408.291152 -506.613843 -604.761917 -702.435757 -799.793883 -896.608804 -993.169815 -1089.954238 -1185.332335 -1278.923308 -1370.094287 -1457.462515 -1537.503152 -1606.055545 -1660.857551 -1702.256405 -1732.286972 -1753.499603 -1768.233545 -1778.350585 -1785.232227 -1789.871414 -1792.972065 -1795.028190 -1796.382626 -1797.270251 -1797.850177 -1798.230987 -1798.494510 -1798.740470 -1799.277562 -1801.411606 -1808.042080 -1789.501861 -1120.155127 -1127.014668 -1113.531693 -1104.868923 -1100.812194 -1100.213104 -1100.150077 -1100.157166 -1100.174507 -1100.193109 -1100.210981 -1100.227530 -1100.242867 -1100.260499 -1100.313812 -1100.670504 -1102.824527 -1107.641577 -1114.582696 -1098.161129 -1765.962890 -1802.312351 -1800.153302 -1799.229035 -1799.053712 -1799.025600 -1799.021750 -1799.021863 -1799.022540 -1799.023175 -1799.023679 -1799.024064 -1799.024360 -1799.024589 -1799.024771 -1799.024918 -1799.025042 -1799.025152 -1799.025260 -1799.025381 -1799.025533 -1799.025745 -1799.026058 -1799.026540 -1799.027300 -1799.028516 -1799.030497 -1799.033781 -1799.039351 -1799.049049 -1799.066440 -1799.098567 -1799.159567 -1799.278364 -1799.516283 -1800.011628 -1801.103321 -1803.705876 -1810.664218 -1833.109095 -9999.0 -9999.0
-9999.0 -9999.0 177.280500 82.189577 -15.196675 -113.236695 -211.526960 -309.907844 -408.291152 -506.613843 -604.761917 -702.435757 -799.793883 -896.608804 -993.169815 -1089.954238 -1185.332335 -1278.923308 -1370.094287 -1457.462515 -1537.503152 -1606.055545 -1660.857551 -1702.256405 -1732.286972 -1753.499603 -1768.233545 -1778.350585 -1785.232227 -1789.871414 -1792.972065 -1795.028190 -1796.382626 -1797.270251 -1797.850177 -1798.230987 -1798.494510 -1798.740470 -1799.277562 -1801.411606 -1808.042080 -1789.501861 -1120.155127 -1127.014668 -1113.531693 -1104.868923 -1100.812194 -1100.213104 -1100.150077 -1100.157166 -1100.174507 -1100.193109 -1100.210981 -1100.227530 -1100.242867 -1100.260499 -1100.313812 -1100.670504 -1102.824527 -1107.641577 -1114.582696 -1098.161129 -1765.962890 -1802.312351 -1800.153302 -1799.229035 -1799.053712 -1799.025600 -1799.021750 -1799.021863 -1799.022540 -1799.023175 -1799.023679 -1799.024064 -1799.024360 -1799.024589 -1799.024771 -1799.024918 -1799.025042 -1799.025152 -1799.025260 -1799.025381 -1799.025533 -1799.025745 -1799.026058 -1799.026540 -1799.027300 -1799.028516 -1799.030497 -1799.033781 -1799.039351 -1799.049049 -1799.066440 -1799.098567 -1799.159567 -1799.278364 -1799.516283 -1800.011628 -1801.103321 -1803.705876 -1810.664218 -1833.109095 -9999.0 -9999.0
-9999.0 -9999.0 177.279084 82.188739 -15.197006 -113.236815 -211.527002 -309.907859 -408.291158 -506.613845 -604.761918 -702.435757 -799.793883 -896.608804 -993.169815 -1089.954238 -1185.332335 -1278.923308 -1370.094287 -1457.462515 -1537.503152 -1606.055545 -1660.857551 -1702.256405 -1732.286972 -1753.499603 -1768.233545 -1778.350585 -1785.232227 -1789.871414 -1792.972065 -1795.028190 -1796.382626 -1797.270251 -1797.850177 -1798.230987 -1798.494510 -1798.740470 -1799.277562 -1801.411606 -1808.042080 -1789.501861 -1120.155127 -1127.014668 -1113.531693 -1104.868923 -1100.812194 -1100.213104 -1100.150077 -1100.157166 -1100.174507 -1100.193109 -1100.210981 -1100.227530 -1100.242867 -1100.260499 -1100.313812 -1100.670504 -1102.824527 -1107.641577 -1114.582696 -1098.161129 -1765.962890 -1802.312351 -1800.153302 -1799.229035 -1799.053712 -1799.025600 -1799.021750 -1799.021863 -1799.022540 -1799.023175 -1799.023679 -1799.024064 -1799.024360 -1799.024589 -1799.024771 -1799.024918 -1799.025042 -1799.025152 -1799.025260 -1799.025381 -1799.025533 -1799.025745 -1799.026058 -1799.026540 -1799.027300 -1799.028516 -1799.030497 -1799.033781 -1799.039351 -1799.049049 -1799.066440 -1799.098567 -1799.159567 -1799.278364 -1799.516283 -1800.011628 -1801.103321 -1803.705876 -1810.664218 -1833.109095 -9999.0 -9999.0
-9999.0 -9999.0 177.269035 82.186678 -15.197530 -113.236968 -211.527051 -309.907875 -408.291164 -506.613848 -604.761919 -702.435757 -799.793884 -896.608804 -993.169815 -1089.954238 -1185.332335 -1278.923308 -1370.094287 -1457.462515 -1537.503152 -1606.055545 -1660.857550 -1702.256405 -1732.286972 -1753.499603 -1768.233545 -1778.350585 -1785.232227 -1789.871414 -1792.972065 -1795.028190 -1796.382626 -1797.270251 -1797.850177 -1798.230987 -1798.494510 -1798.740470 -1799.277562 -1801.411606 -1808.042080 -1789.501861 -1120.155127 -1127.014668 -1113.531693 -1104.868924 -1100.812194 -1100.213104 -1100.150077 -1100.157166 -1100.174507 -1100.193109 -1100.210981 -1100.227530 -1100.242867 -1100.260499 -1100.313812 -1100.670504 -1102.824527 -1107.641577 -1114.582696 -1098.161129 -1765.962890 -1802.312351 -1800.153302 -1799.229035 -1799.053712 -1799.025600 -1799.021750 -1799.021863 -1799.022540 -1799.023175 -1799.023679 -1799.024064 -1799.024360 -1799.024589 -1799.024771 -1799.024918 -1799.025042 -1799.025152 -1799.025260 -1799.025381 -1799.025533 -1799.025745 -1799.026058 -1799.026540 -1799.027300 -1799.028516 -1799.030497 -1799.033781 -1799.039351 -1799.049049 -1799.066440 -1799.098567 -1799.159567 -1799.278364 -1799.516283 -1800.011628 -1801.103321 -1803.705876 -1810.664218 -1833.109095 -9999.0 -9999.0
-9999.0 -9999.0 -9999.0 -9999.0 -9999.0 -9999.0 -9999.0 -9999.0 -9999.0 -9999.0 -9999.0 -9999.0 -9999.0 -9999.0 -9999.0 -9999.0 -9999.0 -9999.0 -9999.0 -9999.0 -9999.0 -9999.0 -9999.0 -9999.0 -9999.0 -9999.0 -9999.0 -9999.0 -9999.0 -9999.0 -9999.0 -9999.0 -9999.0 -9999.0 -9999.0 -9999.0 -9999.0 -9999.0 -9999.0 -9999.0 -9999.0 -9999.0 -9999.0 -9999.0 -9999.0 -9999.0 -9999.0 -9999.0 -9999.0 -9999.0 -9999.0 -9999.0 -9999.0 -9999.0 -9999.0 -9999.0 -9999.0 -9999.0 -9999.0 -9999.0 -9999.0 -9999.0 -9999.0 -9999.0 -9999.0 -9999.0 -9999.0 -9999.0 -9999.0 -9999.0 -9999.0 -9999.0 -9999.0 -9999.0 -9999.0 -9999.0 -9999.0 -9999.0 -9999.0 -9999.0 -9999.0 -9999.0 -9999.0 -9999.0 -9999.0 -9999.0 -9999.0 -9999.0 -9999.0 -9999.0 -9999.0 -9999.0 -9999.0 -9999.0 -9999.0 -9999.0 -9999.0 -9999.0 -9999.0 -9999.0 -9999.0 -9999.0 -9999.0 -9999.0
-9999.0 -9999.0 -9999.0 -9999.0 -9999.0 -9999.0 -9999.0 -9999.0 -9999.0 -9999.0 -9999.0 -9999.0 -9999.0 -9999.0 -9999.0 -9999.0 -9999.0 -9999.0 -9999.0 -9999.0 -9999.0 -9999.0 -9999.0 -9999.0 -9999.0 -9999.0 -9999.0 -9999.0 -9999.0 -9999.0 -9999.0 -9999.0 -9999.0 -9999.0 -9999.0 -9999.0 -9999.0 -9999.0 -9999.0 -9999.0 -9999.0 -9999.0 -9999.0 -9999.0 -9999.0 -9999.0 -9999.0 -9999.0 -9999.0 -9999.0 -9999.0 -9999.0 -9999.0 -9999.0 -9999.0 -9999.0 -9999.0 -9999.0 -9999.0 -9999.0 -9999.0 -9999.0 -9999.0 -9999.0 -9999.0 -9999.0 -9999.0 -9999.0 -9999.0 -9999.0 -9999.0 -9999.0 -9999.0 -9999.0 -9999.0 -9999.0 -9999.0 -9999.0 -9999.0 -9999.0 -9999.0 -9999.0 -9999.0 -9999.0 -9999.0 -9999.0 -9999.0 -9999.0 -9999.0 -9999.0 -9999.0 -9999.0 -9999.0 -9999.0 -9999.0 -9999.0 -9999.0 -9999.0 -9999.0 -9999.0 -9999.0 -9999.0 -9999.0 -9999.0