inst/processing_geotop_simulation/geotop_simulation/out/maps3D/PwL0011N0285.asc
ncols         104
nrows         10
xllcorner     -2.000000
yllcorner     0.000000
cellsize      1.000000
NODATA_value  -9999.0
-9999.0 -9999.0 -9999.0 -9999.0 -9999.0 -9999.0 -9999.0 -9999.0 -9999.0 -9999.0 -9999.0 -9999.0 -9999.0 -9999.0 -9999.0 -9999.0 -9999.0 -9999.0 -9999.0 -9999.0 -9999.0 -9999.0 -9999.0 -9999.0 -9999.0 -9999.0 -9999.0 -9999.0 -9999.0 -9999.0 -9999.0 -9999.0 -9999.0 -9999.0 -9999.0 -9999.0 -9999.0 -9999.0 -9999.0 -9999.0 -9999.0 -9999.0 -9999.0 -9999.0 -9999.0 -9999.0 -9999.0 -9999.0 -9999.0 -9999.0 -9999.0 -9999.0 -9999.0 -9999.0 -9999.0 -9999.0 -9999.0 -9999.0 -9999.0 -9999.0 -9999.0 -9999.0 -9999.0 -9999.0 -9999.0 -9999.0 -9999.0 -9999.0 -9999.0 -9999.0 -9999.0 -9999.0 -9999.0 -9999.0 -9999.0 -9999.0 -9999.0 -9999.0 -9999.0 -9999.0 -9999.0 -9999.0 -9999.0 -9999.0 -9999.0 -9999.0 -9999.0 -9999.0 -9999.0 -9999.0 -9999.0 -9999.0 -9999.0 -9999.0 -9999.0 -9999.0 -9999.0 -9999.0 -9999.0 -9999.0 -9999.0 -9999.0 -9999.0 -9999.0
-9999.0 -9999.0 -9999.0 -9999.0 -9999.0 -9999.0 -9999.0 -9999.0 -9999.0 -9999.0 -9999.0 -9999.0 -9999.0 -9999.0 -9999.0 -9999.0 -9999.0 -9999.0 -9999.0 -9999.0 -9999.0 -9999.0 -9999.0 -9999.0 -9999.0 -9999.0 -9999.0 -9999.0 -9999.0 -9999.0 -9999.0 -9999.0 -9999.0 -9999.0 -9999.0 -9999.0 -9999.0 -9999.0 -9999.0 -9999.0 -9999.0 -9999.0 -9999.0 -9999.0 -9999.0 -9999.0 -9999.0 -9999.0 -9999.0 -9999.0 -9999.0 -9999.0 -9999.0 -9999.0 -9999.0 -9999.0 -9999.0 -9999.0 -9999.0 -9999.0 -9999.0 -9999.0 -9999.0 -9999.0 -9999.0 -9999.0 -9999.0 -9999.0 -9999.0 -9999.0 -9999.0 -9999.0 -9999.0 -9999.0 -9999.0 -9999.0 -9999.0 -9999.0 -9999.0 -9999.0 -9999.0 -9999.0 -9999.0 -9999.0 -9999.0 -9999.0 -9999.0 -9999.0 -9999.0 -9999.0 -9999.0 -9999.0 -9999.0 -9999.0 -9999.0 -9999.0 -9999.0 -9999.0 -9999.0 -9999.0 -9999.0 -9999.0 -9999.0 -9999.0
-9999.0 -9999.0 524.487795 427.226794 329.165732 230.696983 132.051535 33.332475 -65.405703 -164.140107 -262.848973 -361.494565 -460.002062 -558.210242 -655.891258 -753.317479 -850.793117 -947.954249 -1044.791706 -1139.900458 -1230.777863 -1315.754747 -1391.863124 -1456.835038 -1509.778233 -1551.171713 -1582.429446 -1605.372943 -1621.830821 -1633.417824 -1641.452793 -1646.957204 -1650.692101 -1653.207938 -1654.894171 -1656.023921 -1656.797140 -1657.412302 -1658.314535 -1661.088975 -1670.023032 -1684.023071 -1456.932947 -1880.134666 -1769.708866 -1704.006984 -1674.946256 -1671.142532 -1670.756530 -1670.796413 -1670.896776 -1671.004357 -1671.107654 -1671.203257 -1671.291735 -1671.392500 -1671.696413 -1673.839378 -1688.676588 -1723.075335 -1769.898478 -1353.174018 -1650.193873 -1662.756021 -1659.706032 -1658.623785 -1658.406383 -1658.370069 -1658.364806 -1658.364599 -1658.365139 -1658.365688 -1658.366133 -1658.366477 -1658.366743 -1658.366952 -1658.367119 -1658.367256 -1658.367373 -1658.367478 -1658.367582 -1658.367697 -1658.367842 -1658.368039 -1658.368329 -1658.368770 -1658.369462 -1658.370567 -1658.372366 -1658.375352 -1658.380433 -1658.389317 -1658.405324 -1658.435050 -1658.491851 -1658.603532 -1658.830718 -1659.314930 -1660.413616 -1663.111083 -1670.481855 -1694.147471 -9999.0 -9999.0
-9999.0 -9999.0 524.493512 427.228448 329.166202 230.697125 132.051581 33.332490 -65.405697 -164.140105 -262.848971 -361.494564 -460.002062 -558.210242 -655.891258 -753.317480 -850.793117 -947.954249 -1044.791706 -1139.900458 -1230.777863 -1315.754747 -1391.863124 -1456.835038 -1509.778233 -1551.171713 -1582.429446 -1605.372943 -1621.830821 -1633.417824 -1641.452793 -1646.957204 -1650.692101 -1653.207938 -1654.894171 -1656.023921 -1656.797140 -1657.412302 -1658.314535 -1661.088975 -1670.023032 -1684.023071 -1456.932947 -1880.134665 -1769.708865 -1704.006982 -1674.946256 -1671.142532 -1670.756530 -1670.796413 -1670.896776 -1671.004357 -1671.107654 -1671.203257 -1671.291735 -1671.392500 -1671.696413 -1673.839378 -1688.676588 -1723.075335 -1769.898478 -1353.174018 -1650.193873 -1662.756021 -1659.706032 -1658.623785 -1658.406383 -1658.370069 -1658.364806 -1658.364599 -1658.365139 -1658.365688 -1658.366133 -1658.366477 -1658.366743 -1658.366952 -1658.367119 -1658.367256 -1658.367373 -1658.367478 -1658.367582 -1658.367697 -1658.367842 -1658.368039 -1658.368329 -1658.368770 -1658.369462 -1658.370567 -1658.372366 -1658.375352 -1658.380433 -1658.389317 -1658.405324 -1658.435050 -1658.491851 -1658.603532 -1658.830718 -1659.314930 -1660.413616 -1663.111083 -1670.481855 -1694.147471 -9999.0 -9999.0
-9999.0 -9999.0 524.494958 427.229206 329.166507 230.697238 132.051621 33.332505 -65.405692 -164.140103 -262.848971 -361.494564 -460.002062 -558.210242 -655.891258 -753.317480 -850.793117 -947.954249 -1044.791706 -1139.900458 -1230.777863 -1315.754747 -1391.863124 -1456.835038 -1509.778233 -1551.171713 -1582.429446 -1605.372944 -1621.830821 -1633.417824 -1641.452793 -1646.957204 -1650.692101 -1653.207938 -1654.894171 -1656.023921 -1656.797140 -1657.412302 -1658.314535 -1661.088975 -1670.023032 -1684.023071 -1456.932947 -1880.134665 -1769.708864 -1704.006982 -1674.946256 -1671.142531 -1670.756530 -1670.796413 -1670.896776 -1671.004357 -1671.107654 -1671.203257 -1671.291735 -1671.392500 -1671.696413 -1673.839378 -1688.676588 -1723.075335 -1769.898478 -1353.174018 -1650.193873 -1662.756021 -1659.706032 -1658.623785 -1658.406383 -1658.370069 -1658.364806 -1658.364599 -1658.365139 -1658.365688 -1658.366133 -1658.366477 -1658.366743 -1658.366952 -1658.367119 -1658.367256 -1658.367373 -1658.367478 -1658.367582 -1658.367697 -1658.367842 -1658.368039 -1658.368329 -1658.368770 -1658.369462 -1658.370567 -1658.372366 -1658.375352 -1658.380433 -1658.389317 -1658.405324 -1658.435050 -1658.491851 -1658.603532 -1658.830718 -1659.314930 -1660.413616 -1663.111083 -1670.481855 -1694.147471 -9999.0 -9999.0
-9999.0 -9999.0 524.494958 427.229205 329.166507 230.697238 132.051621 33.332505 -65.405692 -164.140103 -262.848971 -361.494564 -460.002061 -558.210242 -655.891258 -753.317480 -850.793117 -947.954249 -1044.791706 -1139.900458 -1230.777863 -1315.754747 -1391.863124 -1456.835038 -1509.778233 -1551.171713 -1582.429446 -1605.372944 -1621.830821 -1633.417824 -1641.452793 -1646.957204 -1650.692101 -1653.207938 -1654.894171 -1656.023921 -1656.797140 -1657.412302 -1658.314535 -1661.088975 -1670.023032 -1684.023071 -1456.932947 -1880.134665 -1769.708864 -1704.006982 -1674.946256 -1671.142531 -1670.756530 -1670.796413 -1670.896776 -1671.004357 -1671.107654 -1671.203257 -1671.291735 -1671.392500 -1671.696413 -1673.839378 -1688.676588 -1723.075335 -1769.898478 -1353.174018 -1650.193873 -1662.756021 -1659.706032 -1658.623785 -1658.406383 -1658.370069 -1658.364806 -1658.364599 -1658.365139 -1658.365688 -1658.366133 -1658.366477 -1658.366743 -1658.366952 -1658.367119 -1658.367256 -1658.367373 -1658.367478 -1658.367582 -1658.367697 -1658.367842 -1658.368039 -1658.368329 -1658.368770 -1658.369462 -1658.370567 -1658.372366 -1658.375352 -1658.380433 -1658.389317 -1658.405324 -1658.435050 -1658.491851 -1658.603532 -1658.830718 -1659.314930 -1660.413616 -1663.111083 -1670.481855 -1694.147471 -9999.0 -9999.0
-9999.0 -9999.0 524.493512 427.228448 329.166201 230.697126 132.051581 33.332490 -65.405698 -164.140105 -262.848972 -361.494564 -460.002062 -558.210242 -655.891258 -753.317480 -850.793117 -947.954249 -1044.791706 -1139.900458 -1230.777863 -1315.754747 -1391.863124 -1456.835038 -1509.778233 -1551.171713 -1582.429446 -1605.372943 -1621.830821 -1633.417824 -1641.452793 -1646.957204 -1650.692101 -1653.207938 -1654.894171 -1656.023921 -1656.797140 -1657.412302 -1658.314535 -1661.088975 -1670.023032 -1684.023071 -1456.932947 -1880.134665 -1769.708865 -1704.006982 -1674.946256 -1671.142532 -1670.756530 -1670.796413 -1670.896776 -1671.004357 -1671.107654 -1671.203257 -1671.291735 -1671.392500 -1671.696413 -1673.839378 -1688.676588 -1723.075335 -1769.898478 -1353.174018 -1650.193873 -1662.756021 -1659.706032 -1658.623785 -1658.406383 -1658.370069 -1658.364806 -1658.364599 -1658.365139 -1658.365688 -1658.366133 -1658.366477 -1658.366743 -1658.366952 -1658.367119 -1658.367256 -1658.367373 -1658.367478 -1658.367582 -1658.367697 -1658.367842 -1658.368039 -1658.368329 -1658.368770 -1658.369462 -1658.370567 -1658.372366 -1658.375352 -1658.380433 -1658.389317 -1658.405324 -1658.435050 -1658.491851 -1658.603532 -1658.830718 -1659.314930 -1660.413616 -1663.111083 -1670.481855 -1694.147471 -9999.0 -9999.0
-9999.0 -9999.0 524.487795 427.226793 329.165733 230.696983 132.051535 33.332474 -65.405703 -164.140107 -262.848972 -361.494565 -460.002062 -558.210242 -655.891258 -753.317479 -850.793117 -947.954249 -1044.791706 -1139.900458 -1230.777863 -1315.754747 -1391.863124 -1456.835038 -1509.778233 -1551.171713 -1582.429446 -1605.372943 -1621.830821 -1633.417824 -1641.452793 -1646.957204 -1650.692101 -1653.207938 -1654.894171 -1656.023921 -1656.797140 -1657.412302 -1658.314535 -1661.088975 -1670.023032 -1684.023071 -1456.932947 -1880.134666 -1769.708866 -1704.006984 -1674.946256 -1671.142532 -1670.756530 -1670.796413 -1670.896776 -1671.004357 -1671.107654 -1671.203257 -1671.291735 -1671.392500 -1671.696413 -1673.839378 -1688.676588 -1723.075335 -1769.898478 -1353.174018 -1650.193873 -1662.756021 -1659.706032 -1658.623785 -1658.406383 -1658.370069 -1658.364806 -1658.364599 -1658.365139 -1658.365688 -1658.366133 -1658.366477 -1658.366743 -1658.366952 -1658.367119 -1658.367256 -1658.367373 -1658.367478 -1658.367582 -1658.367697 -1658.367842 -1658.368039 -1658.368329 -1658.368770 -1658.369462 -1658.370567 -1658.372366 -1658.375352 -1658.380433 -1658.389317 -1658.405324 -1658.435050 -1658.491851 -1658.603532 -1658.830718 -1659.314930 -1660.413616 -1663.111083 -1670.481855 -1694.147471 -9999.0 -9999.0
-9999.0 -9999.0 -9999.0 -9999.0 -9999.0 -9999.0 -9999.0 -9999.0 -9999.0 -9999.0 -9999.0 -9999.0 -9999.0 -9999.0 -9999.0 -9999.0 -9999.0 -9999.0 -9999.0 -9999.0 -9999.0 -9999.0 -9999.0 -9999.0 -9999.0 -9999.0 -9999.0 -9999.0 -9999.0 -9999.0 -9999.0 -9999.0 -9999.0 -9999.0 -9999.0 -9999.0 -9999.0 -9999.0 -9999.0 -9999.0 -9999.0 -9999.0 -9999.0 -9999.0 -9999.0 -9999.0 -9999.0 -9999.0 -9999.0 -9999.0 -9999.0 -9999.0 -9999.0 -9999.0 -9999.0 -9999.0 -9999.0 -9999.0 -9999.0 -9999.0 -9999.0 -9999.0 -9999.0 -9999.0 -9999.0 -9999.0 -9999.0 -9999.0 -9999.0 -9999.0 -9999.0 -9999.0 -9999.0 -9999.0 -9999.0 -9999.0 -9999.0 -9999.0 -9999.0 -9999.0 -9999.0 -9999.0 -9999.0 -9999.0 -9999.0 -9999.0 -9999.0 -9999.0 -9999.0 -9999.0 -9999.0 -9999.0 -9999.0 -9999.0 -9999.0 -9999.0 -9999.0 -9999.0 -9999.0 -9999.0 -9999.0 -9999.0 -9999.0 -9999.0
-9999.0 -9999.0 -9999.0 -9999.0 -9999.0 -9999.0 -9999.0 -9999.0 -9999.0 -9999.0 -9999.0 -9999.0 -9999.0 -9999.0 -9999.0 -9999.0 -9999.0 -9999.0 -9999.0 -9999.0 -9999.0 -9999.0 -9999.0 -9999.0 -9999.0 -9999.0 -9999.0 -9999.0 -9999.0 -9999.0 -9999.0 -9999.0 -9999.0 -9999.0 -9999.0 -9999.0 -9999.0 -9999.0 -9999.0 -9999.0 -9999.0 -9999.0 -9999.0 -9999.0 -9999.0 -9999.0 -9999.0 -9999.0 -9999.0 -9999.0 -9999.0 -9999.0 -9999.0 -9999.0 -9999.0 -9999.0 -9999.0 -9999.0 -9999.0 -9999.0 -9999.0 -9999.0 -9999.0 -9999.0 -9999.0 -9999.0 -9999.0 -9999.0 -9999.0 -9999.0 -9999.0 -9999.0 -9999.0 -9999.0 -9999.0 -9999.0 -9999.0 -9999.0 -9999.0 -9999.0 -9999.0 -9999.0 -9999.0 -9999.0 -9999.0 -9999.0 -9999.0 -9999.0 -9999.0 -9999.0 -9999.0 -9999.0 -9999.0 -9999.0 -9999.0 -9999.0 -9999.0 -9999.0 -9999.0 -9999.0 -9999.0 -9999.0 -9999.0 -9999.0