inst/processing_geotop_simulation/geotop_simulation/out/maps3D/PwL0021N0106.asc
ncols         104
nrows         10
xllcorner     -2.000000
yllcorner     0.000000
cellsize      1.000000
NODATA_value  -9999.0
-9999.0 -9999.0 -9999.0 -9999.0 -9999.0 -9999.0 -9999.0 -9999.0 -9999.0 -9999.0 -9999.0 -9999.0 -9999.0 -9999.0 -9999.0 -9999.0 -9999.0 -9999.0 -9999.0 -9999.0 -9999.0 -9999.0 -9999.0 -9999.0 -9999.0 -9999.0 -9999.0 -9999.0 -9999.0 -9999.0 -9999.0 -9999.0 -9999.0 -9999.0 -9999.0 -9999.0 -9999.0 -9999.0 -9999.0 -9999.0 -9999.0 -9999.0 -9999.0 -9999.0 -9999.0 -9999.0 -9999.0 -9999.0 -9999.0 -9999.0 -9999.0 -9999.0 -9999.0 -9999.0 -9999.0 -9999.0 -9999.0 -9999.0 -9999.0 -9999.0 -9999.0 -9999.0 -9999.0 -9999.0 -9999.0 -9999.0 -9999.0 -9999.0 -9999.0 -9999.0 -9999.0 -9999.0 -9999.0 -9999.0 -9999.0 -9999.0 -9999.0 -9999.0 -9999.0 -9999.0 -9999.0 -9999.0 -9999.0 -9999.0 -9999.0 -9999.0 -9999.0 -9999.0 -9999.0 -9999.0 -9999.0 -9999.0 -9999.0 -9999.0 -9999.0 -9999.0 -9999.0 -9999.0 -9999.0 -9999.0 -9999.0 -9999.0 -9999.0 -9999.0
-9999.0 -9999.0 -9999.0 -9999.0 -9999.0 -9999.0 -9999.0 -9999.0 -9999.0 -9999.0 -9999.0 -9999.0 -9999.0 -9999.0 -9999.0 -9999.0 -9999.0 -9999.0 -9999.0 -9999.0 -9999.0 -9999.0 -9999.0 -9999.0 -9999.0 -9999.0 -9999.0 -9999.0 -9999.0 -9999.0 -9999.0 -9999.0 -9999.0 -9999.0 -9999.0 -9999.0 -9999.0 -9999.0 -9999.0 -9999.0 -9999.0 -9999.0 -9999.0 -9999.0 -9999.0 -9999.0 -9999.0 -9999.0 -9999.0 -9999.0 -9999.0 -9999.0 -9999.0 -9999.0 -9999.0 -9999.0 -9999.0 -9999.0 -9999.0 -9999.0 -9999.0 -9999.0 -9999.0 -9999.0 -9999.0 -9999.0 -9999.0 -9999.0 -9999.0 -9999.0 -9999.0 -9999.0 -9999.0 -9999.0 -9999.0 -9999.0 -9999.0 -9999.0 -9999.0 -9999.0 -9999.0 -9999.0 -9999.0 -9999.0 -9999.0 -9999.0 -9999.0 -9999.0 -9999.0 -9999.0 -9999.0 -9999.0 -9999.0 -9999.0 -9999.0 -9999.0 -9999.0 -9999.0 -9999.0 -9999.0 -9999.0 -9999.0 -9999.0 -9999.0
-9999.0 -9999.0 1040.532567 947.556776 854.286391 760.208036 665.661844 570.905184 476.086342 381.287557 286.553233 191.904816 97.357415 2.964467 -91.214593 -185.251506 -279.299766 -373.673321 -468.836644 -565.270451 -663.124542 -756.821709 -847.999793 -934.590102 -1000.240824 -1035.904027 -1056.113063 -1066.448303 -1071.200693 -1073.078776 -1073.613049 -1073.595913 -1073.405922 -1073.205062 -1073.049263 -1072.949799 -1072.909472 -1072.953432 -1073.239532 -1075.066402 -1087.561425 -1183.260290 -1874.529206 -3898.983210 -3935.636654 -3935.636019 -3935.178375 -3928.550027 -3892.401288 -3785.763760 -3588.091475 -3299.565332 -3075.373848 -2918.631814 -2769.148235 -2613.267349 -2450.461607 -2288.348292 -2135.612365 -1995.629006 -1859.008027 -1409.046829 -1146.976262 -1082.720195 -1074.280377 -1073.264941 -1073.129141 -1073.108071 -1073.105794 -1073.106910 -1073.108399 -1073.109666 -1073.110648 -1073.111395 -1073.111967 -1073.112412 -1073.112765 -1073.113050 -1073.113288 -1073.113499 -1073.113704 -1073.113930 -1073.114212 -1073.114602 -1073.115176 -1073.116058 -1073.117442 -1073.119652 -1073.123232 -1073.129131 -1073.139053 -1073.156169 -1073.186568 -1073.242232 -1073.347125 -1073.549922 -1073.952641 -1074.784722 -1076.621646 -1081.044186 -1092.449123 -1122.786191 -9999.0 -9999.0
-9999.0 -9999.0 1040.535723 947.558035 854.286816 760.208178 665.661892 570.905200 476.086347 381.287559 286.553234 191.904816 97.357415 2.964467 -91.214593 -185.251506 -279.299767 -373.673321 -468.836644 -565.270451 -663.124543 -756.821709 -847.999793 -934.590103 -1000.240824 -1035.904027 -1056.113063 -1066.448303 -1071.200693 -1073.078776 -1073.613049 -1073.595913 -1073.405922 -1073.205062 -1073.049263 -1072.949799 -1072.909472 -1072.953432 -1073.239532 -1075.066402 -1087.561425 -1183.260290 -1874.529205 -3898.983210 -3935.636654 -3935.636019 -3935.178375 -3928.550027 -3892.401288 -3785.763759 -3588.091472 -3299.565331 -3075.373848 -2918.631814 -2769.148234 -2613.267349 -2450.461606 -2288.348292 -2135.612364 -1995.629006 -1859.008027 -1409.046829 -1146.976262 -1082.720195 -1074.280377 -1073.264941 -1073.129141 -1073.108071 -1073.105794 -1073.106910 -1073.108399 -1073.109666 -1073.110648 -1073.111395 -1073.111967 -1073.112412 -1073.112765 -1073.113050 -1073.113288 -1073.113499 -1073.113704 -1073.113930 -1073.114212 -1073.114602 -1073.115176 -1073.116058 -1073.117442 -1073.119652 -1073.123232 -1073.129131 -1073.139053 -1073.156169 -1073.186568 -1073.242232 -1073.347125 -1073.549922 -1073.952641 -1074.784722 -1076.621646 -1081.044186 -1092.449123 -1122.786191 -9999.0 -9999.0
-9999.0 -9999.0 1040.536999 947.558730 854.287113 760.208293 665.661934 570.905216 476.086353 381.287561 286.553234 191.904817 97.357415 2.964467 -91.214593 -185.251506 -279.299767 -373.673321 -468.836644 -565.270451 -663.124543 -756.821709 -847.999793 -934.590103 -1000.240824 -1035.904027 -1056.113063 -1066.448303 -1071.200693 -1073.078776 -1073.613049 -1073.595913 -1073.405922 -1073.205062 -1073.049263 -1072.949799 -1072.909472 -1072.953432 -1073.239532 -1075.066402 -1087.561425 -1183.260290 -1874.529205 -3898.983210 -3935.636654 -3935.636019 -3935.178375 -3928.550027 -3892.401288 -3785.763758 -3588.091470 -3299.565330 -3075.373847 -2918.631813 -2769.148234 -2613.267348 -2450.461606 -2288.348291 -2135.612364 -1995.629005 -1859.008026 -1409.046829 -1146.976262 -1082.720195 -1074.280377 -1073.264941 -1073.129141 -1073.108071 -1073.105794 -1073.106910 -1073.108399 -1073.109666 -1073.110648 -1073.111395 -1073.111967 -1073.112412 -1073.112765 -1073.113050 -1073.113288 -1073.113499 -1073.113704 -1073.113930 -1073.114212 -1073.114602 -1073.115176 -1073.116058 -1073.117442 -1073.119652 -1073.123232 -1073.129131 -1073.139053 -1073.156169 -1073.186568 -1073.242232 -1073.347125 -1073.549922 -1073.952641 -1074.784722 -1076.621646 -1081.044186 -1092.449123 -1122.786191 -9999.0 -9999.0
-9999.0 -9999.0 1040.536999 947.558730 854.287113 760.208293 665.661934 570.905216 476.086353 381.287561 286.553234 191.904817 97.357415 2.964467 -91.214593 -185.251506 -279.299767 -373.673321 -468.836644 -565.270451 -663.124543 -756.821709 -847.999793 -934.590103 -1000.240824 -1035.904027 -1056.113063 -1066.448303 -1071.200693 -1073.078776 -1073.613049 -1073.595913 -1073.405922 -1073.205062 -1073.049263 -1072.949799 -1072.909472 -1072.953432 -1073.239532 -1075.066402 -1087.561425 -1183.260290 -1874.529205 -3898.983210 -3935.636654 -3935.636019 -3935.178375 -3928.550027 -3892.401288 -3785.763758 -3588.091470 -3299.565330 -3075.373847 -2918.631814 -2769.148234 -2613.267349 -2450.461605 -2288.348291 -2135.612364 -1995.629005 -1859.008026 -1409.046829 -1146.976262 -1082.720195 -1074.280377 -1073.264941 -1073.129141 -1073.108071 -1073.105794 -1073.106910 -1073.108399 -1073.109666 -1073.110648 -1073.111395 -1073.111967 -1073.112412 -1073.112765 -1073.113050 -1073.113288 -1073.113499 -1073.113704 -1073.113930 -1073.114212 -1073.114602 -1073.115176 -1073.116058 -1073.117442 -1073.119652 -1073.123232 -1073.129131 -1073.139053 -1073.156169 -1073.186568 -1073.242232 -1073.347125 -1073.549922 -1073.952641 -1074.784722 -1076.621646 -1081.044186 -1092.449123 -1122.786191 -9999.0 -9999.0
-9999.0 -9999.0 1040.535723 947.558035 854.286816 760.208178 665.661892 570.905200 476.086347 381.287559 286.553234 191.904816 97.357415 2.964467 -91.214593 -185.251506 -279.299767 -373.673321 -468.836644 -565.270451 -663.124542 -756.821709 -847.999793 -934.590103 -1000.240824 -1035.904027 -1056.113063 -1066.448303 -1071.200693 -1073.078776 -1073.613049 -1073.595913 -1073.405922 -1073.205062 -1073.049263 -1072.949799 -1072.909472 -1072.953432 -1073.239532 -1075.066402 -1087.561425 -1183.260290 -1874.529205 -3898.983210 -3935.636654 -3935.636019 -3935.178375 -3928.550027 -3892.401288 -3785.763758 -3588.091471 -3299.565330 -3075.373848 -2918.631814 -2769.148234 -2613.267349 -2450.461606 -2288.348291 -2135.612364 -1995.629006 -1859.008027 -1409.046829 -1146.976262 -1082.720195 -1074.280377 -1073.264941 -1073.129141 -1073.108071 -1073.105794 -1073.106910 -1073.108399 -1073.109666 -1073.110648 -1073.111395 -1073.111967 -1073.112412 -1073.112765 -1073.113050 -1073.113288 -1073.113499 -1073.113704 -1073.113930 -1073.114212 -1073.114602 -1073.115176 -1073.116058 -1073.117442 -1073.119652 -1073.123232 -1073.129131 -1073.139053 -1073.156169 -1073.186568 -1073.242232 -1073.347125 -1073.549922 -1073.952641 -1074.784722 -1076.621646 -1081.044186 -1092.449123 -1122.786191 -9999.0 -9999.0
-9999.0 -9999.0 1040.532567 947.556776 854.286390 760.208036 665.661844 570.905184 476.086342 381.287557 286.553233 191.904816 97.357415 2.964467 -91.214593 -185.251506 -279.299766 -373.673321 -468.836644 -565.270451 -663.124542 -756.821709 -847.999793 -934.590102 -1000.240824 -1035.904027 -1056.113063 -1066.448303 -1071.200693 -1073.078776 -1073.613049 -1073.595913 -1073.405922 -1073.205062 -1073.049263 -1072.949799 -1072.909472 -1072.953432 -1073.239532 -1075.066402 -1087.561425 -1183.260290 -1874.529206 -3898.983210 -3935.636654 -3935.636019 -3935.178375 -3928.550027 -3892.401288 -3785.763760 -3588.091475 -3299.565332 -3075.373848 -2918.631814 -2769.148235 -2613.267350 -2450.461607 -2288.348292 -2135.612365 -1995.629006 -1859.008027 -1409.046829 -1146.976262 -1082.720195 -1074.280377 -1073.264941 -1073.129141 -1073.108071 -1073.105794 -1073.106910 -1073.108399 -1073.109666 -1073.110648 -1073.111395 -1073.111967 -1073.112412 -1073.112765 -1073.113050 -1073.113288 -1073.113499 -1073.113704 -1073.113930 -1073.114212 -1073.114602 -1073.115176 -1073.116058 -1073.117442 -1073.119652 -1073.123232 -1073.129131 -1073.139053 -1073.156169 -1073.186568 -1073.242232 -1073.347125 -1073.549922 -1073.952641 -1074.784722 -1076.621646 -1081.044186 -1092.449123 -1122.786191 -9999.0 -9999.0
-9999.0 -9999.0 -9999.0 -9999.0 -9999.0 -9999.0 -9999.0 -9999.0 -9999.0 -9999.0 -9999.0 -9999.0 -9999.0 -9999.0 -9999.0 -9999.0 -9999.0 -9999.0 -9999.0 -9999.0 -9999.0 -9999.0 -9999.0 -9999.0 -9999.0 -9999.0 -9999.0 -9999.0 -9999.0 -9999.0 -9999.0 -9999.0 -9999.0 -9999.0 -9999.0 -9999.0 -9999.0 -9999.0 -9999.0 -9999.0 -9999.0 -9999.0 -9999.0 -9999.0 -9999.0 -9999.0 -9999.0 -9999.0 -9999.0 -9999.0 -9999.0 -9999.0 -9999.0 -9999.0 -9999.0 -9999.0 -9999.0 -9999.0 -9999.0 -9999.0 -9999.0 -9999.0 -9999.0 -9999.0 -9999.0 -9999.0 -9999.0 -9999.0 -9999.0 -9999.0 -9999.0 -9999.0 -9999.0 -9999.0 -9999.0 -9999.0 -9999.0 -9999.0 -9999.0 -9999.0 -9999.0 -9999.0 -9999.0 -9999.0 -9999.0 -9999.0 -9999.0 -9999.0 -9999.0 -9999.0 -9999.0 -9999.0 -9999.0 -9999.0 -9999.0 -9999.0 -9999.0 -9999.0 -9999.0 -9999.0 -9999.0 -9999.0 -9999.0 -9999.0
-9999.0 -9999.0 -9999.0 -9999.0 -9999.0 -9999.0 -9999.0 -9999.0 -9999.0 -9999.0 -9999.0 -9999.0 -9999.0 -9999.0 -9999.0 -9999.0 -9999.0 -9999.0 -9999.0 -9999.0 -9999.0 -9999.0 -9999.0 -9999.0 -9999.0 -9999.0 -9999.0 -9999.0 -9999.0 -9999.0 -9999.0 -9999.0 -9999.0 -9999.0 -9999.0 -9999.0 -9999.0 -9999.0 -9999.0 -9999.0 -9999.0 -9999.0 -9999.0 -9999.0 -9999.0 -9999.0 -9999.0 -9999.0 -9999.0 -9999.0 -9999.0 -9999.0 -9999.0 -9999.0 -9999.0 -9999.0 -9999.0 -9999.0 -9999.0 -9999.0 -9999.0 -9999.0 -9999.0 -9999.0 -9999.0 -9999.0 -9999.0 -9999.0 -9999.0 -9999.0 -9999.0 -9999.0 -9999.0 -9999.0 -9999.0 -9999.0 -9999.0 -9999.0 -9999.0 -9999.0 -9999.0 -9999.0 -9999.0 -9999.0 -9999.0 -9999.0 -9999.0 -9999.0 -9999.0 -9999.0 -9999.0 -9999.0 -9999.0 -9999.0 -9999.0 -9999.0 -9999.0 -9999.0 -9999.0 -9999.0 -9999.0 -9999.0 -9999.0 -9999.0