inst/processing_geotop_simulation/geotop_simulation/out/maps3D/PwL0017N0210.asc
ncols         104
nrows         10
xllcorner     -2.000000
yllcorner     0.000000
cellsize      1.000000
NODATA_value  -9999.0
-9999.0 -9999.0 -9999.0 -9999.0 -9999.0 -9999.0 -9999.0 -9999.0 -9999.0 -9999.0 -9999.0 -9999.0 -9999.0 -9999.0 -9999.0 -9999.0 -9999.0 -9999.0 -9999.0 -9999.0 -9999.0 -9999.0 -9999.0 -9999.0 -9999.0 -9999.0 -9999.0 -9999.0 -9999.0 -9999.0 -9999.0 -9999.0 -9999.0 -9999.0 -9999.0 -9999.0 -9999.0 -9999.0 -9999.0 -9999.0 -9999.0 -9999.0 -9999.0 -9999.0 -9999.0 -9999.0 -9999.0 -9999.0 -9999.0 -9999.0 -9999.0 -9999.0 -9999.0 -9999.0 -9999.0 -9999.0 -9999.0 -9999.0 -9999.0 -9999.0 -9999.0 -9999.0 -9999.0 -9999.0 -9999.0 -9999.0 -9999.0 -9999.0 -9999.0 -9999.0 -9999.0 -9999.0 -9999.0 -9999.0 -9999.0 -9999.0 -9999.0 -9999.0 -9999.0 -9999.0 -9999.0 -9999.0 -9999.0 -9999.0 -9999.0 -9999.0 -9999.0 -9999.0 -9999.0 -9999.0 -9999.0 -9999.0 -9999.0 -9999.0 -9999.0 -9999.0 -9999.0 -9999.0 -9999.0 -9999.0 -9999.0 -9999.0 -9999.0 -9999.0
-9999.0 -9999.0 -9999.0 -9999.0 -9999.0 -9999.0 -9999.0 -9999.0 -9999.0 -9999.0 -9999.0 -9999.0 -9999.0 -9999.0 -9999.0 -9999.0 -9999.0 -9999.0 -9999.0 -9999.0 -9999.0 -9999.0 -9999.0 -9999.0 -9999.0 -9999.0 -9999.0 -9999.0 -9999.0 -9999.0 -9999.0 -9999.0 -9999.0 -9999.0 -9999.0 -9999.0 -9999.0 -9999.0 -9999.0 -9999.0 -9999.0 -9999.0 -9999.0 -9999.0 -9999.0 -9999.0 -9999.0 -9999.0 -9999.0 -9999.0 -9999.0 -9999.0 -9999.0 -9999.0 -9999.0 -9999.0 -9999.0 -9999.0 -9999.0 -9999.0 -9999.0 -9999.0 -9999.0 -9999.0 -9999.0 -9999.0 -9999.0 -9999.0 -9999.0 -9999.0 -9999.0 -9999.0 -9999.0 -9999.0 -9999.0 -9999.0 -9999.0 -9999.0 -9999.0 -9999.0 -9999.0 -9999.0 -9999.0 -9999.0 -9999.0 -9999.0 -9999.0 -9999.0 -9999.0 -9999.0 -9999.0 -9999.0 -9999.0 -9999.0 -9999.0 -9999.0 -9999.0 -9999.0 -9999.0 -9999.0 -9999.0 -9999.0 -9999.0 -9999.0
-9999.0 -9999.0 826.965702 730.624610 633.765622 536.407833 438.796656 341.073513 243.312722 145.553907 47.818762 -49.871171 -147.504746 -245.040625 -342.380726 -439.349555 -535.639507 -630.786207 -725.353924 -819.994162 -913.583385 -1005.874389 -1091.645692 -1164.501589 -1225.989448 -1275.588943 -1313.967765 -1342.601462 -1363.314688 -1377.919585 -1388.005935 -1394.858265 -1399.455292 -1402.511005 -1404.529808 -1405.861781 -1406.755372 -1407.431686 -1408.339478 -1411.332498 -1424.495953 -1489.534079 -2007.206966 -4102.210241 -4133.661179 -4133.663366 -4133.663366 -4133.663359 -4133.663325 -4133.663205 -4133.662852 -4133.661772 -4133.659902 -4133.657393 -4133.653088 -4133.644451 -4133.624816 -4133.575499 -4133.441087 -4133.041323 -4076.707185 -1845.887935 -1452.074936 -1417.222239 -1410.117842 -1408.801956 -1408.590509 -1408.558465 -1408.554170 -1408.554288 -1408.555028 -1408.555724 -1408.556279 -1408.556706 -1408.557036 -1408.557294 -1408.557500 -1408.557669 -1408.557811 -1408.557938 -1408.558063 -1408.558202 -1408.558374 -1408.558611 -1408.558958 -1408.559488 -1408.560318 -1408.561646 -1408.563804 -1408.567382 -1408.573450 -1408.584024 -1408.603008 -1408.638137 -1408.705030 -1408.836051 -1409.101355 -1409.664068 -1410.933923 -1414.008979 -1422.090994 -1446.453887 -9999.0 -9999.0
-9999.0 -9999.0 826.969629 730.626009 633.766063 536.407974 438.796703 341.073529 243.312728 145.553910 47.818763 -49.871170 -147.504746 -245.040625 -342.380726 -439.349555 -535.639507 -630.786207 -725.353924 -819.994163 -913.583385 -1005.874389 -1091.645693 -1164.501590 -1225.989448 -1275.588944 -1313.967765 -1342.601462 -1363.314688 -1377.919585 -1388.005935 -1394.858265 -1399.455292 -1402.511005 -1404.529808 -1405.861781 -1406.755372 -1407.431686 -1408.339478 -1411.332498 -1424.495953 -1489.534079 -2007.206966 -4102.210241 -4133.661179 -4133.663366 -4133.663366 -4133.663359 -4133.663325 -4133.663205 -4133.662852 -4133.661772 -4133.659902 -4133.657393 -4133.653088 -4133.644451 -4133.624816 -4133.575499 -4133.441087 -4133.041323 -4076.707185 -1845.887935 -1452.074936 -1417.222239 -1410.117842 -1408.801956 -1408.590509 -1408.558465 -1408.554170 -1408.554288 -1408.555028 -1408.555724 -1408.556279 -1408.556706 -1408.557036 -1408.557294 -1408.557500 -1408.557669 -1408.557811 -1408.557938 -1408.558063 -1408.558202 -1408.558374 -1408.558611 -1408.558958 -1408.559488 -1408.560318 -1408.561646 -1408.563804 -1408.567382 -1408.573450 -1408.584024 -1408.603008 -1408.638137 -1408.705030 -1408.836051 -1409.101355 -1409.664068 -1410.933923 -1414.008979 -1422.090994 -1446.453887 -9999.0 -9999.0
-9999.0 -9999.0 826.970986 730.626727 633.766361 536.408087 438.796744 341.073544 243.312733 145.553912 47.818764 -49.871170 -147.504746 -245.040625 -342.380726 -439.349555 -535.639507 -630.786207 -725.353924 -819.994163 -913.583385 -1005.874390 -1091.645693 -1164.501590 -1225.989449 -1275.588944 -1313.967765 -1342.601462 -1363.314688 -1377.919586 -1388.005935 -1394.858265 -1399.455292 -1402.511005 -1404.529808 -1405.861781 -1406.755372 -1407.431686 -1408.339478 -1411.332498 -1424.495953 -1489.534079 -2007.206966 -4102.210241 -4133.661179 -4133.663366 -4133.663366 -4133.663359 -4133.663325 -4133.663205 -4133.662852 -4133.661772 -4133.659902 -4133.657393 -4133.653088 -4133.644451 -4133.624816 -4133.575499 -4133.441087 -4133.041323 -4076.707185 -1845.887935 -1452.074936 -1417.222239 -1410.117842 -1408.801956 -1408.590509 -1408.558465 -1408.554170 -1408.554288 -1408.555028 -1408.555724 -1408.556279 -1408.556706 -1408.557036 -1408.557294 -1408.557500 -1408.557669 -1408.557811 -1408.557938 -1408.558063 -1408.558202 -1408.558374 -1408.558611 -1408.558958 -1408.559488 -1408.560318 -1408.561646 -1408.563804 -1408.567382 -1408.573450 -1408.584024 -1408.603008 -1408.638137 -1408.705030 -1408.836051 -1409.101355 -1409.664068 -1410.933923 -1414.008979 -1422.090994 -1446.453887 -9999.0 -9999.0
-9999.0 -9999.0 826.970986 730.626727 633.766361 536.408087 438.796744 341.073544 243.312733 145.553912 47.818764 -49.871170 -147.504746 -245.040625 -342.380726 -439.349555 -535.639507 -630.786207 -725.353924 -819.994163 -913.583385 -1005.874390 -1091.645693 -1164.501590 -1225.989449 -1275.588944 -1313.967765 -1342.601462 -1363.314688 -1377.919586 -1388.005935 -1394.858265 -1399.455292 -1402.511005 -1404.529808 -1405.861781 -1406.755372 -1407.431686 -1408.339478 -1411.332498 -1424.495953 -1489.534079 -2007.206966 -4102.210241 -4133.661179 -4133.663366 -4133.663366 -4133.663359 -4133.663325 -4133.663205 -4133.662852 -4133.661772 -4133.659902 -4133.657393 -4133.653088 -4133.644451 -4133.624816 -4133.575499 -4133.441087 -4133.041323 -4076.707185 -1845.887935 -1452.074936 -1417.222239 -1410.117842 -1408.801956 -1408.590509 -1408.558465 -1408.554170 -1408.554288 -1408.555028 -1408.555724 -1408.556279 -1408.556706 -1408.557036 -1408.557294 -1408.557500 -1408.557669 -1408.557811 -1408.557938 -1408.558063 -1408.558202 -1408.558374 -1408.558611 -1408.558958 -1408.559488 -1408.560318 -1408.561646 -1408.563804 -1408.567382 -1408.573450 -1408.584024 -1408.603008 -1408.638137 -1408.705030 -1408.836051 -1409.101355 -1409.664068 -1410.933923 -1414.008979 -1422.090994 -1446.453887 -9999.0 -9999.0
-9999.0 -9999.0 826.969629 730.626009 633.766063 536.407974 438.796703 341.073529 243.312728 145.553910 47.818763 -49.871170 -147.504746 -245.040625 -342.380726 -439.349555 -535.639507 -630.786207 -725.353924 -819.994163 -913.583385 -1005.874389 -1091.645693 -1164.501590 -1225.989448 -1275.588944 -1313.967765 -1342.601462 -1363.314688 -1377.919585 -1388.005935 -1394.858265 -1399.455292 -1402.511005 -1404.529808 -1405.861781 -1406.755372 -1407.431686 -1408.339478 -1411.332498 -1424.495953 -1489.534079 -2007.206966 -4102.210241 -4133.661179 -4133.663366 -4133.663366 -4133.663359 -4133.663325 -4133.663205 -4133.662852 -4133.661772 -4133.659902 -4133.657393 -4133.653088 -4133.644451 -4133.624816 -4133.575499 -4133.441087 -4133.041323 -4076.707185 -1845.887935 -1452.074936 -1417.222239 -1410.117842 -1408.801956 -1408.590509 -1408.558465 -1408.554170 -1408.554288 -1408.555028 -1408.555724 -1408.556279 -1408.556706 -1408.557036 -1408.557294 -1408.557500 -1408.557669 -1408.557811 -1408.557938 -1408.558063 -1408.558202 -1408.558374 -1408.558611 -1408.558958 -1408.559488 -1408.560318 -1408.561646 -1408.563804 -1408.567382 -1408.573450 -1408.584024 -1408.603008 -1408.638137 -1408.705030 -1408.836051 -1409.101355 -1409.664068 -1410.933923 -1414.008979 -1422.090994 -1446.453887 -9999.0 -9999.0
-9999.0 -9999.0 826.965702 730.624610 633.765622 536.407833 438.796656 341.073513 243.312722 145.553907 47.818762 -49.871171 -147.504746 -245.040625 -342.380726 -439.349555 -535.639507 -630.786207 -725.353924 -819.994162 -913.583385 -1005.874389 -1091.645692 -1164.501589 -1225.989448 -1275.588943 -1313.967765 -1342.601462 -1363.314688 -1377.919585 -1388.005935 -1394.858265 -1399.455292 -1402.511005 -1404.529808 -1405.861781 -1406.755372 -1407.431686 -1408.339478 -1411.332498 -1424.495953 -1489.534079 -2007.206966 -4102.210241 -4133.661179 -4133.663366 -4133.663366 -4133.663359 -4133.663325 -4133.663205 -4133.662852 -4133.661772 -4133.659902 -4133.657393 -4133.653088 -4133.644451 -4133.624816 -4133.575499 -4133.441087 -4133.041323 -4076.707185 -1845.887935 -1452.074936 -1417.222239 -1410.117842 -1408.801956 -1408.590509 -1408.558465 -1408.554170 -1408.554288 -1408.555028 -1408.555724 -1408.556279 -1408.556706 -1408.557036 -1408.557294 -1408.557500 -1408.557669 -1408.557811 -1408.557938 -1408.558063 -1408.558202 -1408.558374 -1408.558611 -1408.558958 -1408.559488 -1408.560318 -1408.561646 -1408.563804 -1408.567382 -1408.573450 -1408.584024 -1408.603008 -1408.638137 -1408.705030 -1408.836051 -1409.101355 -1409.664068 -1410.933923 -1414.008979 -1422.090994 -1446.453887 -9999.0 -9999.0
-9999.0 -9999.0 -9999.0 -9999.0 -9999.0 -9999.0 -9999.0 -9999.0 -9999.0 -9999.0 -9999.0 -9999.0 -9999.0 -9999.0 -9999.0 -9999.0 -9999.0 -9999.0 -9999.0 -9999.0 -9999.0 -9999.0 -9999.0 -9999.0 -9999.0 -9999.0 -9999.0 -9999.0 -9999.0 -9999.0 -9999.0 -9999.0 -9999.0 -9999.0 -9999.0 -9999.0 -9999.0 -9999.0 -9999.0 -9999.0 -9999.0 -9999.0 -9999.0 -9999.0 -9999.0 -9999.0 -9999.0 -9999.0 -9999.0 -9999.0 -9999.0 -9999.0 -9999.0 -9999.0 -9999.0 -9999.0 -9999.0 -9999.0 -9999.0 -9999.0 -9999.0 -9999.0 -9999.0 -9999.0 -9999.0 -9999.0 -9999.0 -9999.0 -9999.0 -9999.0 -9999.0 -9999.0 -9999.0 -9999.0 -9999.0 -9999.0 -9999.0 -9999.0 -9999.0 -9999.0 -9999.0 -9999.0 -9999.0 -9999.0 -9999.0 -9999.0 -9999.0 -9999.0 -9999.0 -9999.0 -9999.0 -9999.0 -9999.0 -9999.0 -9999.0 -9999.0 -9999.0 -9999.0 -9999.0 -9999.0 -9999.0 -9999.0 -9999.0 -9999.0
-9999.0 -9999.0 -9999.0 -9999.0 -9999.0 -9999.0 -9999.0 -9999.0 -9999.0 -9999.0 -9999.0 -9999.0 -9999.0 -9999.0 -9999.0 -9999.0 -9999.0 -9999.0 -9999.0 -9999.0 -9999.0 -9999.0 -9999.0 -9999.0 -9999.0 -9999.0 -9999.0 -9999.0 -9999.0 -9999.0 -9999.0 -9999.0 -9999.0 -9999.0 -9999.0 -9999.0 -9999.0 -9999.0 -9999.0 -9999.0 -9999.0 -9999.0 -9999.0 -9999.0 -9999.0 -9999.0 -9999.0 -9999.0 -9999.0 -9999.0 -9999.0 -9999.0 -9999.0 -9999.0 -9999.0 -9999.0 -9999.0 -9999.0 -9999.0 -9999.0 -9999.0 -9999.0 -9999.0 -9999.0 -9999.0 -9999.0 -9999.0 -9999.0 -9999.0 -9999.0 -9999.0 -9999.0 -9999.0 -9999.0 -9999.0 -9999.0 -9999.0 -9999.0 -9999.0 -9999.0 -9999.0 -9999.0 -9999.0 -9999.0 -9999.0 -9999.0 -9999.0 -9999.0 -9999.0 -9999.0 -9999.0 -9999.0 -9999.0 -9999.0 -9999.0 -9999.0 -9999.0 -9999.0 -9999.0 -9999.0 -9999.0 -9999.0 -9999.0 -9999.0