inst/processing_geotop_simulation/geotop_simulation/out/maps3D/PwL0021N0158.asc
ncols         104
nrows         10
xllcorner     -2.000000
yllcorner     0.000000
cellsize      1.000000
NODATA_value  -9999.0
-9999.0 -9999.0 -9999.0 -9999.0 -9999.0 -9999.0 -9999.0 -9999.0 -9999.0 -9999.0 -9999.0 -9999.0 -9999.0 -9999.0 -9999.0 -9999.0 -9999.0 -9999.0 -9999.0 -9999.0 -9999.0 -9999.0 -9999.0 -9999.0 -9999.0 -9999.0 -9999.0 -9999.0 -9999.0 -9999.0 -9999.0 -9999.0 -9999.0 -9999.0 -9999.0 -9999.0 -9999.0 -9999.0 -9999.0 -9999.0 -9999.0 -9999.0 -9999.0 -9999.0 -9999.0 -9999.0 -9999.0 -9999.0 -9999.0 -9999.0 -9999.0 -9999.0 -9999.0 -9999.0 -9999.0 -9999.0 -9999.0 -9999.0 -9999.0 -9999.0 -9999.0 -9999.0 -9999.0 -9999.0 -9999.0 -9999.0 -9999.0 -9999.0 -9999.0 -9999.0 -9999.0 -9999.0 -9999.0 -9999.0 -9999.0 -9999.0 -9999.0 -9999.0 -9999.0 -9999.0 -9999.0 -9999.0 -9999.0 -9999.0 -9999.0 -9999.0 -9999.0 -9999.0 -9999.0 -9999.0 -9999.0 -9999.0 -9999.0 -9999.0 -9999.0 -9999.0 -9999.0 -9999.0 -9999.0 -9999.0 -9999.0 -9999.0 -9999.0 -9999.0
-9999.0 -9999.0 -9999.0 -9999.0 -9999.0 -9999.0 -9999.0 -9999.0 -9999.0 -9999.0 -9999.0 -9999.0 -9999.0 -9999.0 -9999.0 -9999.0 -9999.0 -9999.0 -9999.0 -9999.0 -9999.0 -9999.0 -9999.0 -9999.0 -9999.0 -9999.0 -9999.0 -9999.0 -9999.0 -9999.0 -9999.0 -9999.0 -9999.0 -9999.0 -9999.0 -9999.0 -9999.0 -9999.0 -9999.0 -9999.0 -9999.0 -9999.0 -9999.0 -9999.0 -9999.0 -9999.0 -9999.0 -9999.0 -9999.0 -9999.0 -9999.0 -9999.0 -9999.0 -9999.0 -9999.0 -9999.0 -9999.0 -9999.0 -9999.0 -9999.0 -9999.0 -9999.0 -9999.0 -9999.0 -9999.0 -9999.0 -9999.0 -9999.0 -9999.0 -9999.0 -9999.0 -9999.0 -9999.0 -9999.0 -9999.0 -9999.0 -9999.0 -9999.0 -9999.0 -9999.0 -9999.0 -9999.0 -9999.0 -9999.0 -9999.0 -9999.0 -9999.0 -9999.0 -9999.0 -9999.0 -9999.0 -9999.0 -9999.0 -9999.0 -9999.0 -9999.0 -9999.0 -9999.0 -9999.0 -9999.0 -9999.0 -9999.0 -9999.0 -9999.0
-9999.0 -9999.0 1033.247638 938.292576 843.117793 747.362035 651.267907 555.018033 458.717276 362.423876 266.170453 169.975467 73.849242 -22.191809 -118.133251 -213.929518 -309.465362 -404.538252 -498.765433 -591.374284 -682.571670 -773.288845 -862.390048 -949.611661 -1025.717103 -1083.018472 -1127.934062 -1161.514634 -1185.591558 -1202.253686 -1213.457304 -1220.822730 -1225.583766 -1228.625108 -1230.553817 -1231.775895 -1232.565743 -1233.144690 -1233.917624 -1236.724961 -1250.986301 -1332.905920 -1753.155241 -3704.081322 -3935.484961 -3935.458300 -3928.157794 -3852.264658 -3627.436657 -3316.756761 -3017.155917 -2742.979246 -2578.459737 -2475.751574 -2383.281463 -2289.587056 -2191.647908 -2090.852069 -1990.543681 -1893.411894 -1791.829932 -1406.008306 -1293.775674 -1244.379617 -1235.646056 -1234.320613 -1234.131537 -1234.104041 -1234.100593 -1234.101051 -1234.102030 -1234.102909 -1234.103601 -1234.104133 -1234.104542 -1234.104863 -1234.105118 -1234.105326 -1234.105501 -1234.105656 -1234.105808 -1234.105975 -1234.106183 -1234.106469 -1234.106888 -1234.107529 -1234.108534 -1234.110140 -1234.112749 -1234.117065 -1234.124366 -1234.137045 -1234.159729 -1234.201563 -1234.280964 -1234.435930 -1234.748468 -1235.409638 -1236.904971 -1240.539163 -1249.921939 -1276.299368 -9999.0 -9999.0
-9999.0 -9999.0 1033.250721 938.293801 843.118206 747.362172 651.267953 555.018049 458.717281 362.423878 266.170453 169.975467 73.849242 -22.191809 -118.133252 -213.929518 -309.465362 -404.538252 -498.765433 -591.374285 -682.571671 -773.288846 -862.390048 -949.611661 -1025.717103 -1083.018472 -1127.934062 -1161.514634 -1185.591558 -1202.253686 -1213.457305 -1220.822730 -1225.583766 -1228.625108 -1230.553817 -1231.775895 -1232.565743 -1233.144690 -1233.917624 -1236.724961 -1250.986301 -1332.905920 -1753.155240 -3704.081321 -3935.484961 -3935.458300 -3928.157794 -3852.264657 -3627.436656 -3316.756759 -3017.155913 -2742.979245 -2578.459737 -2475.751574 -2383.281462 -2289.587056 -2191.647907 -2090.852069 -1990.543681 -1893.411894 -1791.829932 -1406.008306 -1293.775674 -1244.379617 -1235.646056 -1234.320613 -1234.131537 -1234.104041 -1234.100593 -1234.101051 -1234.102030 -1234.102909 -1234.103601 -1234.104133 -1234.104542 -1234.104863 -1234.105118 -1234.105326 -1234.105501 -1234.105656 -1234.105808 -1234.105975 -1234.106183 -1234.106469 -1234.106888 -1234.107529 -1234.108534 -1234.110140 -1234.112749 -1234.117065 -1234.124366 -1234.137045 -1234.159729 -1234.201563 -1234.280964 -1234.435930 -1234.748468 -1235.409638 -1236.904971 -1240.539163 -1249.921939 -1276.299368 -9999.0 -9999.0
-9999.0 -9999.0 1033.251967 938.294478 843.118495 747.362284 651.267995 555.018064 458.717287 362.423880 266.170454 169.975468 73.849242 -22.191809 -118.133252 -213.929518 -309.465363 -404.538252 -498.765433 -591.374285 -682.571671 -773.288846 -862.390048 -949.611661 -1025.717104 -1083.018473 -1127.934062 -1161.514635 -1185.591558 -1202.253686 -1213.457305 -1220.822730 -1225.583766 -1228.625108 -1230.553817 -1231.775895 -1232.565743 -1233.144690 -1233.917624 -1236.724961 -1250.986301 -1332.905920 -1753.155240 -3704.081321 -3935.484961 -3935.458300 -3928.157794 -3852.264657 -3627.436656 -3316.756756 -3017.155911 -2742.979244 -2578.459737 -2475.751574 -2383.281463 -2289.587056 -2191.647907 -2090.852069 -1990.543681 -1893.411893 -1791.829932 -1406.008306 -1293.775674 -1244.379617 -1235.646056 -1234.320613 -1234.131537 -1234.104041 -1234.100593 -1234.101051 -1234.102030 -1234.102909 -1234.103601 -1234.104133 -1234.104542 -1234.104863 -1234.105118 -1234.105326 -1234.105501 -1234.105656 -1234.105808 -1234.105975 -1234.106183 -1234.106469 -1234.106888 -1234.107529 -1234.108534 -1234.110140 -1234.112749 -1234.117065 -1234.124366 -1234.137045 -1234.159729 -1234.201563 -1234.280964 -1234.435930 -1234.748468 -1235.409638 -1236.904971 -1240.539163 -1249.921939 -1276.299368 -9999.0 -9999.0
-9999.0 -9999.0 1033.251967 938.294478 843.118495 747.362284 651.267995 555.018064 458.717287 362.423880 266.170454 169.975468 73.849242 -22.191809 -118.133252 -213.929519 -309.465363 -404.538252 -498.765433 -591.374285 -682.571671 -773.288846 -862.390048 -949.611661 -1025.717104 -1083.018473 -1127.934062 -1161.514635 -1185.591558 -1202.253686 -1213.457305 -1220.822730 -1225.583766 -1228.625108 -1230.553817 -1231.775895 -1232.565743 -1233.144690 -1233.917624 -1236.724961 -1250.986301 -1332.905920 -1753.155240 -3704.081321 -3935.484961 -3935.458300 -3928.157794 -3852.264657 -3627.436656 -3316.756757 -3017.155911 -2742.979244 -2578.459737 -2475.751574 -2383.281462 -2289.587056 -2191.647907 -2090.852069 -1990.543681 -1893.411893 -1791.829932 -1406.008306 -1293.775674 -1244.379617 -1235.646056 -1234.320613 -1234.131537 -1234.104041 -1234.100593 -1234.101051 -1234.102030 -1234.102909 -1234.103601 -1234.104133 -1234.104542 -1234.104863 -1234.105118 -1234.105326 -1234.105501 -1234.105656 -1234.105808 -1234.105975 -1234.106183 -1234.106469 -1234.106888 -1234.107529 -1234.108534 -1234.110140 -1234.112749 -1234.117065 -1234.124366 -1234.137045 -1234.159729 -1234.201563 -1234.280964 -1234.435930 -1234.748468 -1235.409638 -1236.904971 -1240.539163 -1249.921939 -1276.299368 -9999.0 -9999.0
-9999.0 -9999.0 1033.250721 938.293801 843.118206 747.362172 651.267953 555.018049 458.717281 362.423878 266.170453 169.975467 73.849242 -22.191809 -118.133252 -213.929518 -309.465363 -404.538252 -498.765433 -591.374285 -682.571671 -773.288846 -862.390048 -949.611661 -1025.717103 -1083.018472 -1127.934062 -1161.514634 -1185.591558 -1202.253686 -1213.457305 -1220.822730 -1225.583766 -1228.625108 -1230.553817 -1231.775895 -1232.565743 -1233.144690 -1233.917624 -1236.724961 -1250.986301 -1332.905920 -1753.155240 -3704.081321 -3935.484961 -3935.458300 -3928.157794 -3852.264657 -3627.436656 -3316.756758 -3017.155913 -2742.979245 -2578.459737 -2475.751574 -2383.281463 -2289.587056 -2191.647907 -2090.852069 -1990.543681 -1893.411894 -1791.829932 -1406.008306 -1293.775674 -1244.379617 -1235.646056 -1234.320613 -1234.131537 -1234.104041 -1234.100593 -1234.101051 -1234.102030 -1234.102909 -1234.103601 -1234.104133 -1234.104542 -1234.104863 -1234.105118 -1234.105326 -1234.105501 -1234.105656 -1234.105808 -1234.105975 -1234.106183 -1234.106469 -1234.106888 -1234.107529 -1234.108534 -1234.110140 -1234.112749 -1234.117065 -1234.124366 -1234.137045 -1234.159729 -1234.201563 -1234.280964 -1234.435930 -1234.748468 -1235.409638 -1236.904971 -1240.539163 -1249.921939 -1276.299368 -9999.0 -9999.0
-9999.0 -9999.0 1033.247638 938.292576 843.117793 747.362035 651.267907 555.018033 458.717276 362.423876 266.170453 169.975467 73.849242 -22.191809 -118.133251 -213.929518 -309.465362 -404.538252 -498.765433 -591.374284 -682.571670 -773.288845 -862.390048 -949.611661 -1025.717103 -1083.018472 -1127.934062 -1161.514634 -1185.591558 -1202.253686 -1213.457304 -1220.822730 -1225.583766 -1228.625108 -1230.553817 -1231.775895 -1232.565743 -1233.144690 -1233.917624 -1236.724961 -1250.986301 -1332.905920 -1753.155241 -3704.081322 -3935.484961 -3935.458300 -3928.157794 -3852.264658 -3627.436657 -3316.756762 -3017.155917 -2742.979246 -2578.459737 -2475.751574 -2383.281463 -2289.587056 -2191.647907 -2090.852070 -1990.543681 -1893.411894 -1791.829933 -1406.008306 -1293.775674 -1244.379617 -1235.646056 -1234.320613 -1234.131537 -1234.104041 -1234.100593 -1234.101051 -1234.102030 -1234.102909 -1234.103601 -1234.104133 -1234.104542 -1234.104863 -1234.105118 -1234.105326 -1234.105501 -1234.105656 -1234.105808 -1234.105975 -1234.106183 -1234.106469 -1234.106888 -1234.107529 -1234.108534 -1234.110140 -1234.112749 -1234.117065 -1234.124366 -1234.137045 -1234.159729 -1234.201563 -1234.280964 -1234.435930 -1234.748468 -1235.409638 -1236.904971 -1240.539163 -1249.921939 -1276.299368 -9999.0 -9999.0
-9999.0 -9999.0 -9999.0 -9999.0 -9999.0 -9999.0 -9999.0 -9999.0 -9999.0 -9999.0 -9999.0 -9999.0 -9999.0 -9999.0 -9999.0 -9999.0 -9999.0 -9999.0 -9999.0 -9999.0 -9999.0 -9999.0 -9999.0 -9999.0 -9999.0 -9999.0 -9999.0 -9999.0 -9999.0 -9999.0 -9999.0 -9999.0 -9999.0 -9999.0 -9999.0 -9999.0 -9999.0 -9999.0 -9999.0 -9999.0 -9999.0 -9999.0 -9999.0 -9999.0 -9999.0 -9999.0 -9999.0 -9999.0 -9999.0 -9999.0 -9999.0 -9999.0 -9999.0 -9999.0 -9999.0 -9999.0 -9999.0 -9999.0 -9999.0 -9999.0 -9999.0 -9999.0 -9999.0 -9999.0 -9999.0 -9999.0 -9999.0 -9999.0 -9999.0 -9999.0 -9999.0 -9999.0 -9999.0 -9999.0 -9999.0 -9999.0 -9999.0 -9999.0 -9999.0 -9999.0 -9999.0 -9999.0 -9999.0 -9999.0 -9999.0 -9999.0 -9999.0 -9999.0 -9999.0 -9999.0 -9999.0 -9999.0 -9999.0 -9999.0 -9999.0 -9999.0 -9999.0 -9999.0 -9999.0 -9999.0 -9999.0 -9999.0 -9999.0 -9999.0
-9999.0 -9999.0 -9999.0 -9999.0 -9999.0 -9999.0 -9999.0 -9999.0 -9999.0 -9999.0 -9999.0 -9999.0 -9999.0 -9999.0 -9999.0 -9999.0 -9999.0 -9999.0 -9999.0 -9999.0 -9999.0 -9999.0 -9999.0 -9999.0 -9999.0 -9999.0 -9999.0 -9999.0 -9999.0 -9999.0 -9999.0 -9999.0 -9999.0 -9999.0 -9999.0 -9999.0 -9999.0 -9999.0 -9999.0 -9999.0 -9999.0 -9999.0 -9999.0 -9999.0 -9999.0 -9999.0 -9999.0 -9999.0 -9999.0 -9999.0 -9999.0 -9999.0 -9999.0 -9999.0 -9999.0 -9999.0 -9999.0 -9999.0 -9999.0 -9999.0 -9999.0 -9999.0 -9999.0 -9999.0 -9999.0 -9999.0 -9999.0 -9999.0 -9999.0 -9999.0 -9999.0 -9999.0 -9999.0 -9999.0 -9999.0 -9999.0 -9999.0 -9999.0 -9999.0 -9999.0 -9999.0 -9999.0 -9999.0 -9999.0 -9999.0 -9999.0 -9999.0 -9999.0 -9999.0 -9999.0 -9999.0 -9999.0 -9999.0 -9999.0 -9999.0 -9999.0 -9999.0 -9999.0 -9999.0 -9999.0 -9999.0 -9999.0 -9999.0 -9999.0