inst/processing_geotop_simulation/geotop_simulation/out/maps3D/PwL0007N0151.asc
ncols         104
nrows         10
xllcorner     -2.000000
yllcorner     0.000000
cellsize      1.000000
NODATA_value  -9999.0
-9999.0 -9999.0 -9999.0 -9999.0 -9999.0 -9999.0 -9999.0 -9999.0 -9999.0 -9999.0 -9999.0 -9999.0 -9999.0 -9999.0 -9999.0 -9999.0 -9999.0 -9999.0 -9999.0 -9999.0 -9999.0 -9999.0 -9999.0 -9999.0 -9999.0 -9999.0 -9999.0 -9999.0 -9999.0 -9999.0 -9999.0 -9999.0 -9999.0 -9999.0 -9999.0 -9999.0 -9999.0 -9999.0 -9999.0 -9999.0 -9999.0 -9999.0 -9999.0 -9999.0 -9999.0 -9999.0 -9999.0 -9999.0 -9999.0 -9999.0 -9999.0 -9999.0 -9999.0 -9999.0 -9999.0 -9999.0 -9999.0 -9999.0 -9999.0 -9999.0 -9999.0 -9999.0 -9999.0 -9999.0 -9999.0 -9999.0 -9999.0 -9999.0 -9999.0 -9999.0 -9999.0 -9999.0 -9999.0 -9999.0 -9999.0 -9999.0 -9999.0 -9999.0 -9999.0 -9999.0 -9999.0 -9999.0 -9999.0 -9999.0 -9999.0 -9999.0 -9999.0 -9999.0 -9999.0 -9999.0 -9999.0 -9999.0 -9999.0 -9999.0 -9999.0 -9999.0 -9999.0 -9999.0 -9999.0 -9999.0 -9999.0 -9999.0 -9999.0 -9999.0
-9999.0 -9999.0 -9999.0 -9999.0 -9999.0 -9999.0 -9999.0 -9999.0 -9999.0 -9999.0 -9999.0 -9999.0 -9999.0 -9999.0 -9999.0 -9999.0 -9999.0 -9999.0 -9999.0 -9999.0 -9999.0 -9999.0 -9999.0 -9999.0 -9999.0 -9999.0 -9999.0 -9999.0 -9999.0 -9999.0 -9999.0 -9999.0 -9999.0 -9999.0 -9999.0 -9999.0 -9999.0 -9999.0 -9999.0 -9999.0 -9999.0 -9999.0 -9999.0 -9999.0 -9999.0 -9999.0 -9999.0 -9999.0 -9999.0 -9999.0 -9999.0 -9999.0 -9999.0 -9999.0 -9999.0 -9999.0 -9999.0 -9999.0 -9999.0 -9999.0 -9999.0 -9999.0 -9999.0 -9999.0 -9999.0 -9999.0 -9999.0 -9999.0 -9999.0 -9999.0 -9999.0 -9999.0 -9999.0 -9999.0 -9999.0 -9999.0 -9999.0 -9999.0 -9999.0 -9999.0 -9999.0 -9999.0 -9999.0 -9999.0 -9999.0 -9999.0 -9999.0 -9999.0 -9999.0 -9999.0 -9999.0 -9999.0 -9999.0 -9999.0 -9999.0 -9999.0 -9999.0 -9999.0 -9999.0 -9999.0 -9999.0 -9999.0 -9999.0 -9999.0
-9999.0 -9999.0 334.147801 244.755112 151.227009 56.173728 -39.479114 -135.375556 -231.339973 -327.230134 -422.895523 -518.045132 -612.194561 -705.724761 -799.812826 -893.750466 -987.728145 -1081.564759 -1173.583918 -1256.333450 -1321.869469 -1369.513504 -1401.836597 -1422.825291 -1436.224466 -1444.831974 -1450.476285 -1454.261375 -1456.837486 -1458.599221 -1459.801583 -1460.617734 -1461.168282 -1461.537364 -1461.783269 -1461.947849 -1462.068055 -1462.195893 -1462.501403 -1464.076598 -1472.746420 -1502.509775 -1122.680653 -1176.734645 -1144.306022 -1124.611084 -1115.542606 -1114.341070 -1114.219934 -1114.235078 -1114.270021 -1114.307350 -1114.343180 -1114.376333 -1114.406945 -1114.441133 -1114.539409 -1115.222464 -1119.906913 -1130.580507 -1147.602701 -1074.816061 -1478.103820 -1468.259472 -1463.338614 -1462.506500 -1462.382339 -1462.363004 -1462.360824 -1462.361668 -1462.362858 -1462.363876 -1462.364663 -1462.365261 -1462.365716 -1462.366069 -1462.366348 -1462.366573 -1462.366760 -1462.366925 -1462.367086 -1462.367264 -1462.367487 -1462.367796 -1462.368253 -1462.368954 -1462.370057 -1462.371818 -1462.374674 -1462.379380 -1462.387296 -1462.400953 -1462.425203 -1462.469579 -1462.553059 -1462.713812 -1463.029945 -1463.668381 -1465.014373 -1468.043000 -1475.519247 -1497.552952 -9999.0 -9999.0
-9999.0 -9999.0 334.156516 244.757234 151.227574 56.173895 -39.479061 -135.375539 -231.339967 -327.230132 -422.895522 -518.045132 -612.194561 -705.724761 -799.812826 -893.750466 -987.728145 -1081.564759 -1173.583918 -1256.333450 -1321.869469 -1369.513504 -1401.836597 -1422.825291 -1436.224466 -1444.831974 -1450.476285 -1454.261375 -1456.837486 -1458.599221 -1459.801583 -1460.617734 -1461.168282 -1461.537364 -1461.783269 -1461.947849 -1462.068055 -1462.195893 -1462.501403 -1464.076598 -1472.746420 -1502.509775 -1122.680653 -1176.734645 -1144.306021 -1124.611083 -1115.542606 -1114.341070 -1114.219934 -1114.235078 -1114.270021 -1114.307350 -1114.343180 -1114.376333 -1114.406945 -1114.441133 -1114.539409 -1115.222464 -1119.906913 -1130.580507 -1147.602701 -1074.816061 -1478.103820 -1468.259472 -1463.338614 -1462.506500 -1462.382339 -1462.363004 -1462.360824 -1462.361668 -1462.362858 -1462.363876 -1462.364663 -1462.365261 -1462.365716 -1462.366069 -1462.366348 -1462.366573 -1462.366760 -1462.366925 -1462.367086 -1462.367264 -1462.367487 -1462.367796 -1462.368253 -1462.368954 -1462.370057 -1462.371818 -1462.374674 -1462.379380 -1462.387296 -1462.400953 -1462.425203 -1462.469579 -1462.553059 -1462.713812 -1463.029945 -1463.668381 -1465.014373 -1468.043000 -1475.519247 -1497.552952 -9999.0 -9999.0
-9999.0 -9999.0 334.158167 244.758132 151.227934 56.174027 -39.479014 -135.375522 -231.339961 -327.230129 -422.895522 -518.045132 -612.194561 -705.724761 -799.812826 -893.750466 -987.728145 -1081.564759 -1173.583919 -1256.333451 -1321.869469 -1369.513504 -1401.836597 -1422.825291 -1436.224466 -1444.831974 -1450.476285 -1454.261375 -1456.837486 -1458.599221 -1459.801583 -1460.617734 -1461.168282 -1461.537364 -1461.783269 -1461.947849 -1462.068055 -1462.195893 -1462.501403 -1464.076598 -1472.746420 -1502.509775 -1122.680653 -1176.734645 -1144.306021 -1124.611083 -1115.542606 -1114.341070 -1114.219934 -1114.235078 -1114.270021 -1114.307350 -1114.343180 -1114.376333 -1114.406945 -1114.441133 -1114.539409 -1115.222464 -1119.906913 -1130.580507 -1147.602701 -1074.816061 -1478.103820 -1468.259472 -1463.338614 -1462.506500 -1462.382339 -1462.363004 -1462.360824 -1462.361668 -1462.362858 -1462.363876 -1462.364663 -1462.365261 -1462.365716 -1462.366069 -1462.366348 -1462.366573 -1462.366760 -1462.366925 -1462.367086 -1462.367264 -1462.367487 -1462.367796 -1462.368253 -1462.368954 -1462.370057 -1462.371818 -1462.374674 -1462.379380 -1462.387296 -1462.400953 -1462.425203 -1462.469579 -1462.553059 -1462.713812 -1463.029945 -1463.668381 -1465.014373 -1468.043000 -1475.519247 -1497.552952 -9999.0 -9999.0
-9999.0 -9999.0 334.158167 244.758132 151.227934 56.174027 -39.479014 -135.375522 -231.339961 -327.230129 -422.895522 -518.045132 -612.194561 -705.724761 -799.812826 -893.750466 -987.728145 -1081.564759 -1173.583919 -1256.333451 -1321.869469 -1369.513504 -1401.836597 -1422.825291 -1436.224466 -1444.831974 -1450.476285 -1454.261375 -1456.837486 -1458.599221 -1459.801583 -1460.617734 -1461.168282 -1461.537364 -1461.783269 -1461.947849 -1462.068055 -1462.195893 -1462.501403 -1464.076598 -1472.746420 -1502.509775 -1122.680653 -1176.734645 -1144.306021 -1124.611083 -1115.542606 -1114.341070 -1114.219934 -1114.235078 -1114.270021 -1114.307350 -1114.343180 -1114.376333 -1114.406945 -1114.441133 -1114.539409 -1115.222464 -1119.906913 -1130.580507 -1147.602701 -1074.816061 -1478.103820 -1468.259472 -1463.338614 -1462.506500 -1462.382339 -1462.363004 -1462.360824 -1462.361668 -1462.362858 -1462.363876 -1462.364663 -1462.365261 -1462.365716 -1462.366069 -1462.366348 -1462.366573 -1462.366760 -1462.366925 -1462.367086 -1462.367264 -1462.367487 -1462.367796 -1462.368253 -1462.368954 -1462.370057 -1462.371818 -1462.374674 -1462.379380 -1462.387296 -1462.400953 -1462.425203 -1462.469579 -1462.553059 -1462.713812 -1463.029945 -1463.668381 -1465.014373 -1468.043000 -1475.519247 -1497.552952 -9999.0 -9999.0
-9999.0 -9999.0 334.156516 244.757234 151.227574 56.173895 -39.479061 -135.375539 -231.339967 -327.230132 -422.895522 -518.045132 -612.194561 -705.724761 -799.812826 -893.750466 -987.728145 -1081.564759 -1173.583918 -1256.333450 -1321.869469 -1369.513504 -1401.836597 -1422.825291 -1436.224466 -1444.831974 -1450.476285 -1454.261375 -1456.837486 -1458.599221 -1459.801583 -1460.617734 -1461.168282 -1461.537364 -1461.783269 -1461.947849 -1462.068055 -1462.195893 -1462.501403 -1464.076598 -1472.746420 -1502.509775 -1122.680653 -1176.734645 -1144.306021 -1124.611083 -1115.542606 -1114.341070 -1114.219934 -1114.235078 -1114.270021 -1114.307350 -1114.343180 -1114.376333 -1114.406945 -1114.441133 -1114.539409 -1115.222464 -1119.906913 -1130.580507 -1147.602701 -1074.816061 -1478.103820 -1468.259472 -1463.338614 -1462.506500 -1462.382339 -1462.363004 -1462.360824 -1462.361668 -1462.362858 -1462.363876 -1462.364663 -1462.365261 -1462.365716 -1462.366069 -1462.366348 -1462.366573 -1462.366760 -1462.366925 -1462.367086 -1462.367264 -1462.367487 -1462.367796 -1462.368253 -1462.368954 -1462.370057 -1462.371818 -1462.374674 -1462.379380 -1462.387296 -1462.400953 -1462.425203 -1462.469579 -1462.553059 -1462.713812 -1463.029945 -1463.668381 -1465.014373 -1468.043000 -1475.519247 -1497.552952 -9999.0 -9999.0
-9999.0 -9999.0 334.147801 244.755112 151.227009 56.173728 -39.479114 -135.375556 -231.339973 -327.230134 -422.895523 -518.045132 -612.194561 -705.724761 -799.812826 -893.750466 -987.728145 -1081.564759 -1173.583918 -1256.333450 -1321.869469 -1369.513504 -1401.836597 -1422.825291 -1436.224466 -1444.831974 -1450.476285 -1454.261375 -1456.837486 -1458.599221 -1459.801583 -1460.617734 -1461.168282 -1461.537364 -1461.783269 -1461.947849 -1462.068055 -1462.195893 -1462.501403 -1464.076598 -1472.746420 -1502.509775 -1122.680653 -1176.734645 -1144.306022 -1124.611084 -1115.542606 -1114.341070 -1114.219934 -1114.235078 -1114.270021 -1114.307350 -1114.343180 -1114.376333 -1114.406945 -1114.441133 -1114.539409 -1115.222464 -1119.906913 -1130.580507 -1147.602701 -1074.816061 -1478.103820 -1468.259472 -1463.338614 -1462.506500 -1462.382339 -1462.363004 -1462.360824 -1462.361668 -1462.362858 -1462.363876 -1462.364663 -1462.365261 -1462.365716 -1462.366069 -1462.366348 -1462.366573 -1462.366760 -1462.366925 -1462.367086 -1462.367264 -1462.367487 -1462.367796 -1462.368253 -1462.368954 -1462.370057 -1462.371818 -1462.374674 -1462.379380 -1462.387296 -1462.400953 -1462.425203 -1462.469579 -1462.553059 -1462.713812 -1463.029945 -1463.668381 -1465.014373 -1468.043000 -1475.519247 -1497.552952 -9999.0 -9999.0
-9999.0 -9999.0 -9999.0 -9999.0 -9999.0 -9999.0 -9999.0 -9999.0 -9999.0 -9999.0 -9999.0 -9999.0 -9999.0 -9999.0 -9999.0 -9999.0 -9999.0 -9999.0 -9999.0 -9999.0 -9999.0 -9999.0 -9999.0 -9999.0 -9999.0 -9999.0 -9999.0 -9999.0 -9999.0 -9999.0 -9999.0 -9999.0 -9999.0 -9999.0 -9999.0 -9999.0 -9999.0 -9999.0 -9999.0 -9999.0 -9999.0 -9999.0 -9999.0 -9999.0 -9999.0 -9999.0 -9999.0 -9999.0 -9999.0 -9999.0 -9999.0 -9999.0 -9999.0 -9999.0 -9999.0 -9999.0 -9999.0 -9999.0 -9999.0 -9999.0 -9999.0 -9999.0 -9999.0 -9999.0 -9999.0 -9999.0 -9999.0 -9999.0 -9999.0 -9999.0 -9999.0 -9999.0 -9999.0 -9999.0 -9999.0 -9999.0 -9999.0 -9999.0 -9999.0 -9999.0 -9999.0 -9999.0 -9999.0 -9999.0 -9999.0 -9999.0 -9999.0 -9999.0 -9999.0 -9999.0 -9999.0 -9999.0 -9999.0 -9999.0 -9999.0 -9999.0 -9999.0 -9999.0 -9999.0 -9999.0 -9999.0 -9999.0 -9999.0 -9999.0
-9999.0 -9999.0 -9999.0 -9999.0 -9999.0 -9999.0 -9999.0 -9999.0 -9999.0 -9999.0 -9999.0 -9999.0 -9999.0 -9999.0 -9999.0 -9999.0 -9999.0 -9999.0 -9999.0 -9999.0 -9999.0 -9999.0 -9999.0 -9999.0 -9999.0 -9999.0 -9999.0 -9999.0 -9999.0 -9999.0 -9999.0 -9999.0 -9999.0 -9999.0 -9999.0 -9999.0 -9999.0 -9999.0 -9999.0 -9999.0 -9999.0 -9999.0 -9999.0 -9999.0 -9999.0 -9999.0 -9999.0 -9999.0 -9999.0 -9999.0 -9999.0 -9999.0 -9999.0 -9999.0 -9999.0 -9999.0 -9999.0 -9999.0 -9999.0 -9999.0 -9999.0 -9999.0 -9999.0 -9999.0 -9999.0 -9999.0 -9999.0 -9999.0 -9999.0 -9999.0 -9999.0 -9999.0 -9999.0 -9999.0 -9999.0 -9999.0 -9999.0 -9999.0 -9999.0 -9999.0 -9999.0 -9999.0 -9999.0 -9999.0 -9999.0 -9999.0 -9999.0 -9999.0 -9999.0 -9999.0 -9999.0 -9999.0 -9999.0 -9999.0 -9999.0 -9999.0 -9999.0 -9999.0 -9999.0 -9999.0 -9999.0 -9999.0 -9999.0 -9999.0