inst/processing_geotop_simulation/geotop_simulation/out/maps3D/PwL0021N0282.asc
ncols         104
nrows         10
xllcorner     -2.000000
yllcorner     0.000000
cellsize      1.000000
NODATA_value  -9999.0
-9999.0 -9999.0 -9999.0 -9999.0 -9999.0 -9999.0 -9999.0 -9999.0 -9999.0 -9999.0 -9999.0 -9999.0 -9999.0 -9999.0 -9999.0 -9999.0 -9999.0 -9999.0 -9999.0 -9999.0 -9999.0 -9999.0 -9999.0 -9999.0 -9999.0 -9999.0 -9999.0 -9999.0 -9999.0 -9999.0 -9999.0 -9999.0 -9999.0 -9999.0 -9999.0 -9999.0 -9999.0 -9999.0 -9999.0 -9999.0 -9999.0 -9999.0 -9999.0 -9999.0 -9999.0 -9999.0 -9999.0 -9999.0 -9999.0 -9999.0 -9999.0 -9999.0 -9999.0 -9999.0 -9999.0 -9999.0 -9999.0 -9999.0 -9999.0 -9999.0 -9999.0 -9999.0 -9999.0 -9999.0 -9999.0 -9999.0 -9999.0 -9999.0 -9999.0 -9999.0 -9999.0 -9999.0 -9999.0 -9999.0 -9999.0 -9999.0 -9999.0 -9999.0 -9999.0 -9999.0 -9999.0 -9999.0 -9999.0 -9999.0 -9999.0 -9999.0 -9999.0 -9999.0 -9999.0 -9999.0 -9999.0 -9999.0 -9999.0 -9999.0 -9999.0 -9999.0 -9999.0 -9999.0 -9999.0 -9999.0 -9999.0 -9999.0 -9999.0 -9999.0
-9999.0 -9999.0 -9999.0 -9999.0 -9999.0 -9999.0 -9999.0 -9999.0 -9999.0 -9999.0 -9999.0 -9999.0 -9999.0 -9999.0 -9999.0 -9999.0 -9999.0 -9999.0 -9999.0 -9999.0 -9999.0 -9999.0 -9999.0 -9999.0 -9999.0 -9999.0 -9999.0 -9999.0 -9999.0 -9999.0 -9999.0 -9999.0 -9999.0 -9999.0 -9999.0 -9999.0 -9999.0 -9999.0 -9999.0 -9999.0 -9999.0 -9999.0 -9999.0 -9999.0 -9999.0 -9999.0 -9999.0 -9999.0 -9999.0 -9999.0 -9999.0 -9999.0 -9999.0 -9999.0 -9999.0 -9999.0 -9999.0 -9999.0 -9999.0 -9999.0 -9999.0 -9999.0 -9999.0 -9999.0 -9999.0 -9999.0 -9999.0 -9999.0 -9999.0 -9999.0 -9999.0 -9999.0 -9999.0 -9999.0 -9999.0 -9999.0 -9999.0 -9999.0 -9999.0 -9999.0 -9999.0 -9999.0 -9999.0 -9999.0 -9999.0 -9999.0 -9999.0 -9999.0 -9999.0 -9999.0 -9999.0 -9999.0 -9999.0 -9999.0 -9999.0 -9999.0 -9999.0 -9999.0 -9999.0 -9999.0 -9999.0 -9999.0 -9999.0 -9999.0
-9999.0 -9999.0 1021.202006 922.949384 824.616095 726.078998 627.424386 528.716545 429.992260 331.271975 232.567211 133.884622 35.228676 -63.392003 -161.974716 -260.494162 -358.892240 -457.054435 -554.774150 -651.694599 -748.091660 -844.393136 -939.807993 -1034.061660 -1121.935986 -1197.773687 -1263.263407 -1317.579662 -1360.895422 -1394.221116 -1419.075078 -1437.138109 -1449.996751 -1459.004295 -1465.238234 -1469.518482 -1472.461712 -1474.590760 -1476.669092 -1480.880856 -1494.562724 -1544.903318 -1702.976000 -3084.628135 -3929.313408 -3928.299195 -3791.058666 -3358.566592 -2973.945383 -2714.717127 -2533.384990 -2384.033981 -2293.687942 -2235.343725 -2181.150771 -2124.435725 -2063.337943 -1998.865074 -1933.296219 -1867.976390 -1791.841159 -1450.327247 -1502.607459 -1486.328362 -1480.442000 -1479.000141 -1478.721713 -1478.674831 -1478.667861 -1478.667388 -1478.667893 -1478.668450 -1478.668917 -1478.669289 -1478.669587 -1478.669831 -1478.670035 -1478.670210 -1478.670367 -1478.670513 -1478.670659 -1478.670817 -1478.671004 -1478.671245 -1478.671578 -1478.672060 -1478.672790 -1478.673927 -1478.675751 -1478.678754 -1478.683842 -1478.692736 -1478.708795 -1478.738739 -1478.796383 -1478.911218 -1479.149945 -1479.674334 -1480.902543 -1483.979157 -1492.323537 -1517.897346 -9999.0 -9999.0
-9999.0 -9999.0 1021.204768 922.950479 824.616463 726.079121 627.424428 528.716560 429.992266 331.271977 232.567212 133.884622 35.228676 -63.392003 -161.974716 -260.494162 -358.892240 -457.054435 -554.774151 -651.694600 -748.091661 -844.393137 -939.807993 -1034.061660 -1121.935986 -1197.773687 -1263.263407 -1317.579663 -1360.895422 -1394.221116 -1419.075078 -1437.138109 -1449.996751 -1459.004295 -1465.238234 -1469.518482 -1472.461712 -1474.590760 -1476.669092 -1480.880856 -1494.562724 -1544.903318 -1702.976000 -3084.628133 -3929.313408 -3928.299195 -3791.058666 -3358.566591 -2973.945383 -2714.717125 -2533.384988 -2384.033981 -2293.687942 -2235.343725 -2181.150770 -2124.435725 -2063.337943 -1998.865074 -1933.296219 -1867.976390 -1791.841159 -1450.327247 -1502.607459 -1486.328362 -1480.442000 -1479.000141 -1478.721713 -1478.674831 -1478.667861 -1478.667388 -1478.667893 -1478.668450 -1478.668917 -1478.669289 -1478.669587 -1478.669831 -1478.670035 -1478.670210 -1478.670367 -1478.670513 -1478.670659 -1478.670817 -1478.671004 -1478.671245 -1478.671578 -1478.672060 -1478.672790 -1478.673927 -1478.675751 -1478.678754 -1478.683842 -1478.692736 -1478.708795 -1478.738739 -1478.796383 -1478.911218 -1479.149945 -1479.674334 -1480.902543 -1483.979157 -1492.323537 -1517.897346 -9999.0 -9999.0
-9999.0 -9999.0 1021.205884 922.951085 824.616722 726.079220 627.424465 528.716573 429.992271 331.271979 232.567213 133.884622 35.228677 -63.392003 -161.974716 -260.494162 -358.892240 -457.054435 -554.774151 -651.694600 -748.091661 -844.393137 -939.807993 -1034.061660 -1121.935986 -1197.773687 -1263.263407 -1317.579663 -1360.895422 -1394.221117 -1419.075078 -1437.138109 -1449.996751 -1459.004295 -1465.238234 -1469.518482 -1472.461712 -1474.590760 -1476.669092 -1480.880856 -1494.562724 -1544.903318 -1702.976000 -3084.628133 -3929.313408 -3928.299195 -3791.058666 -3358.566591 -2973.945382 -2714.717124 -2533.384986 -2384.033980 -2293.687941 -2235.343725 -2181.150770 -2124.435724 -2063.337943 -1998.865074 -1933.296219 -1867.976390 -1791.841159 -1450.327247 -1502.607459 -1486.328362 -1480.442000 -1479.000141 -1478.721713 -1478.674831 -1478.667861 -1478.667388 -1478.667893 -1478.668450 -1478.668917 -1478.669289 -1478.669587 -1478.669831 -1478.670035 -1478.670210 -1478.670367 -1478.670513 -1478.670659 -1478.670817 -1478.671004 -1478.671245 -1478.671578 -1478.672060 -1478.672790 -1478.673927 -1478.675751 -1478.678754 -1478.683842 -1478.692736 -1478.708795 -1478.738739 -1478.796383 -1478.911218 -1479.149945 -1479.674334 -1480.902543 -1483.979157 -1492.323537 -1517.897346 -9999.0 -9999.0
-9999.0 -9999.0 1021.205884 922.951085 824.616722 726.079220 627.424465 528.716573 429.992271 331.271979 232.567213 133.884622 35.228677 -63.392003 -161.974716 -260.494162 -358.892240 -457.054435 -554.774151 -651.694600 -748.091661 -844.393137 -939.807993 -1034.061660 -1121.935986 -1197.773687 -1263.263407 -1317.579663 -1360.895422 -1394.221117 -1419.075078 -1437.138109 -1449.996751 -1459.004295 -1465.238234 -1469.518482 -1472.461712 -1474.590760 -1476.669092 -1480.880856 -1494.562724 -1544.903318 -1702.976000 -3084.628133 -3929.313408 -3928.299195 -3791.058666 -3358.566591 -2973.945382 -2714.717124 -2533.384986 -2384.033980 -2293.687941 -2235.343725 -2181.150770 -2124.435724 -2063.337943 -1998.865074 -1933.296219 -1867.976390 -1791.841159 -1450.327247 -1502.607459 -1486.328362 -1480.442000 -1479.000141 -1478.721713 -1478.674831 -1478.667861 -1478.667388 -1478.667893 -1478.668450 -1478.668917 -1478.669289 -1478.669587 -1478.669831 -1478.670035 -1478.670210 -1478.670367 -1478.670513 -1478.670659 -1478.670817 -1478.671004 -1478.671245 -1478.671578 -1478.672060 -1478.672790 -1478.673927 -1478.675751 -1478.678754 -1478.683842 -1478.692736 -1478.708795 -1478.738739 -1478.796383 -1478.911218 -1479.149945 -1479.674334 -1480.902543 -1483.979157 -1492.323537 -1517.897346 -9999.0 -9999.0
-9999.0 -9999.0 1021.204768 922.950479 824.616463 726.079121 627.424428 528.716560 429.992266 331.271977 232.567212 133.884622 35.228676 -63.392003 -161.974716 -260.494162 -358.892240 -457.054435 -554.774151 -651.694600 -748.091661 -844.393137 -939.807993 -1034.061660 -1121.935986 -1197.773687 -1263.263407 -1317.579663 -1360.895422 -1394.221116 -1419.075078 -1437.138109 -1449.996751 -1459.004295 -1465.238234 -1469.518482 -1472.461712 -1474.590760 -1476.669092 -1480.880856 -1494.562724 -1544.903318 -1702.976000 -3084.628133 -3929.313408 -3928.299195 -3791.058666 -3358.566591 -2973.945383 -2714.717124 -2533.384987 -2384.033981 -2293.687942 -2235.343725 -2181.150771 -2124.435724 -2063.337943 -1998.865074 -1933.296219 -1867.976390 -1791.841159 -1450.327247 -1502.607459 -1486.328362 -1480.442000 -1479.000141 -1478.721713 -1478.674831 -1478.667861 -1478.667388 -1478.667893 -1478.668450 -1478.668917 -1478.669289 -1478.669587 -1478.669831 -1478.670035 -1478.670210 -1478.670367 -1478.670513 -1478.670659 -1478.670817 -1478.671004 -1478.671245 -1478.671578 -1478.672060 -1478.672790 -1478.673927 -1478.675751 -1478.678754 -1478.683842 -1478.692736 -1478.708795 -1478.738739 -1478.796383 -1478.911218 -1479.149945 -1479.674334 -1480.902543 -1483.979157 -1492.323537 -1517.897346 -9999.0 -9999.0
-9999.0 -9999.0 1021.202006 922.949384 824.616095 726.078998 627.424386 528.716545 429.992260 331.271975 232.567211 133.884622 35.228676 -63.392003 -161.974716 -260.494162 -358.892240 -457.054435 -554.774150 -651.694599 -748.091660 -844.393136 -939.807993 -1034.061660 -1121.935986 -1197.773687 -1263.263407 -1317.579662 -1360.895422 -1394.221116 -1419.075078 -1437.138109 -1449.996751 -1459.004295 -1465.238234 -1469.518482 -1472.461712 -1474.590760 -1476.669092 -1480.880856 -1494.562724 -1544.903318 -1702.976000 -3084.628135 -3929.313408 -3928.299195 -3791.058666 -3358.566593 -2973.945383 -2714.717127 -2533.384990 -2384.033981 -2293.687942 -2235.343725 -2181.150771 -2124.435725 -2063.337943 -1998.865075 -1933.296219 -1867.976390 -1791.841159 -1450.327247 -1502.607459 -1486.328362 -1480.442000 -1479.000141 -1478.721713 -1478.674831 -1478.667861 -1478.667388 -1478.667893 -1478.668450 -1478.668917 -1478.669289 -1478.669587 -1478.669831 -1478.670035 -1478.670210 -1478.670367 -1478.670513 -1478.670659 -1478.670817 -1478.671004 -1478.671245 -1478.671578 -1478.672060 -1478.672790 -1478.673927 -1478.675751 -1478.678754 -1478.683842 -1478.692736 -1478.708795 -1478.738739 -1478.796383 -1478.911218 -1479.149945 -1479.674334 -1480.902543 -1483.979157 -1492.323537 -1517.897346 -9999.0 -9999.0
-9999.0 -9999.0 -9999.0 -9999.0 -9999.0 -9999.0 -9999.0 -9999.0 -9999.0 -9999.0 -9999.0 -9999.0 -9999.0 -9999.0 -9999.0 -9999.0 -9999.0 -9999.0 -9999.0 -9999.0 -9999.0 -9999.0 -9999.0 -9999.0 -9999.0 -9999.0 -9999.0 -9999.0 -9999.0 -9999.0 -9999.0 -9999.0 -9999.0 -9999.0 -9999.0 -9999.0 -9999.0 -9999.0 -9999.0 -9999.0 -9999.0 -9999.0 -9999.0 -9999.0 -9999.0 -9999.0 -9999.0 -9999.0 -9999.0 -9999.0 -9999.0 -9999.0 -9999.0 -9999.0 -9999.0 -9999.0 -9999.0 -9999.0 -9999.0 -9999.0 -9999.0 -9999.0 -9999.0 -9999.0 -9999.0 -9999.0 -9999.0 -9999.0 -9999.0 -9999.0 -9999.0 -9999.0 -9999.0 -9999.0 -9999.0 -9999.0 -9999.0 -9999.0 -9999.0 -9999.0 -9999.0 -9999.0 -9999.0 -9999.0 -9999.0 -9999.0 -9999.0 -9999.0 -9999.0 -9999.0 -9999.0 -9999.0 -9999.0 -9999.0 -9999.0 -9999.0 -9999.0 -9999.0 -9999.0 -9999.0 -9999.0 -9999.0 -9999.0 -9999.0
-9999.0 -9999.0 -9999.0 -9999.0 -9999.0 -9999.0 -9999.0 -9999.0 -9999.0 -9999.0 -9999.0 -9999.0 -9999.0 -9999.0 -9999.0 -9999.0 -9999.0 -9999.0 -9999.0 -9999.0 -9999.0 -9999.0 -9999.0 -9999.0 -9999.0 -9999.0 -9999.0 -9999.0 -9999.0 -9999.0 -9999.0 -9999.0 -9999.0 -9999.0 -9999.0 -9999.0 -9999.0 -9999.0 -9999.0 -9999.0 -9999.0 -9999.0 -9999.0 -9999.0 -9999.0 -9999.0 -9999.0 -9999.0 -9999.0 -9999.0 -9999.0 -9999.0 -9999.0 -9999.0 -9999.0 -9999.0 -9999.0 -9999.0 -9999.0 -9999.0 -9999.0 -9999.0 -9999.0 -9999.0 -9999.0 -9999.0 -9999.0 -9999.0 -9999.0 -9999.0 -9999.0 -9999.0 -9999.0 -9999.0 -9999.0 -9999.0 -9999.0 -9999.0 -9999.0 -9999.0 -9999.0 -9999.0 -9999.0 -9999.0 -9999.0 -9999.0 -9999.0 -9999.0 -9999.0 -9999.0 -9999.0 -9999.0 -9999.0 -9999.0 -9999.0 -9999.0 -9999.0 -9999.0 -9999.0 -9999.0 -9999.0 -9999.0 -9999.0 -9999.0