inst/processing_geotop_simulation/geotop_simulation/out/maps3D/PwL0015N0111.asc
ncols         104
nrows         10
xllcorner     -2.000000
yllcorner     0.000000
cellsize      1.000000
NODATA_value  -9999.0
-9999.0 -9999.0 -9999.0 -9999.0 -9999.0 -9999.0 -9999.0 -9999.0 -9999.0 -9999.0 -9999.0 -9999.0 -9999.0 -9999.0 -9999.0 -9999.0 -9999.0 -9999.0 -9999.0 -9999.0 -9999.0 -9999.0 -9999.0 -9999.0 -9999.0 -9999.0 -9999.0 -9999.0 -9999.0 -9999.0 -9999.0 -9999.0 -9999.0 -9999.0 -9999.0 -9999.0 -9999.0 -9999.0 -9999.0 -9999.0 -9999.0 -9999.0 -9999.0 -9999.0 -9999.0 -9999.0 -9999.0 -9999.0 -9999.0 -9999.0 -9999.0 -9999.0 -9999.0 -9999.0 -9999.0 -9999.0 -9999.0 -9999.0 -9999.0 -9999.0 -9999.0 -9999.0 -9999.0 -9999.0 -9999.0 -9999.0 -9999.0 -9999.0 -9999.0 -9999.0 -9999.0 -9999.0 -9999.0 -9999.0 -9999.0 -9999.0 -9999.0 -9999.0 -9999.0 -9999.0 -9999.0 -9999.0 -9999.0 -9999.0 -9999.0 -9999.0 -9999.0 -9999.0 -9999.0 -9999.0 -9999.0 -9999.0 -9999.0 -9999.0 -9999.0 -9999.0 -9999.0 -9999.0 -9999.0 -9999.0 -9999.0 -9999.0 -9999.0 -9999.0
-9999.0 -9999.0 -9999.0 -9999.0 -9999.0 -9999.0 -9999.0 -9999.0 -9999.0 -9999.0 -9999.0 -9999.0 -9999.0 -9999.0 -9999.0 -9999.0 -9999.0 -9999.0 -9999.0 -9999.0 -9999.0 -9999.0 -9999.0 -9999.0 -9999.0 -9999.0 -9999.0 -9999.0 -9999.0 -9999.0 -9999.0 -9999.0 -9999.0 -9999.0 -9999.0 -9999.0 -9999.0 -9999.0 -9999.0 -9999.0 -9999.0 -9999.0 -9999.0 -9999.0 -9999.0 -9999.0 -9999.0 -9999.0 -9999.0 -9999.0 -9999.0 -9999.0 -9999.0 -9999.0 -9999.0 -9999.0 -9999.0 -9999.0 -9999.0 -9999.0 -9999.0 -9999.0 -9999.0 -9999.0 -9999.0 -9999.0 -9999.0 -9999.0 -9999.0 -9999.0 -9999.0 -9999.0 -9999.0 -9999.0 -9999.0 -9999.0 -9999.0 -9999.0 -9999.0 -9999.0 -9999.0 -9999.0 -9999.0 -9999.0 -9999.0 -9999.0 -9999.0 -9999.0 -9999.0 -9999.0 -9999.0 -9999.0 -9999.0 -9999.0 -9999.0 -9999.0 -9999.0 -9999.0 -9999.0 -9999.0 -9999.0 -9999.0 -9999.0 -9999.0
-9999.0 -9999.0 740.291141 649.651293 557.256253 463.530692 369.164693 274.521211 179.785248 85.053848 -9.612952 -104.177230 -198.677062 -293.252567 -388.278680 -484.360819 -582.350618 -682.614032 -777.735449 -870.819828 -960.637593 -1038.637062 -1092.259931 -1126.017482 -1145.365782 -1155.815526 -1161.316554 -1164.226043 -1165.811945 -1166.720083 -1167.274684 -1167.637356 -1167.889515 -1168.072848 -1168.209456 -1168.313953 -1168.405376 -1168.524239 -1168.812070 -1170.379244 -1181.443468 -1270.902336 -2083.471879 -4221.489752 -4232.672958 -4232.673267 -4232.673267 -4232.673267 -4232.673267 -4232.673267 -4232.673267 -4232.673267 -4232.673267 -4232.673267 -4232.673267 -4232.673267 -4232.673267 -4232.673267 -4232.673267 -4232.672683 -4214.710278 -1969.234522 -1242.015024 -1177.239977 -1169.772606 -1168.881744 -1168.759801 -1168.740536 -1168.738598 -1168.739805 -1168.741327 -1168.742607 -1168.743594 -1168.744342 -1168.744914 -1168.745357 -1168.745707 -1168.745990 -1168.746225 -1168.746432 -1168.746633 -1168.746855 -1168.747133 -1168.747516 -1168.748082 -1168.748951 -1168.750316 -1168.752493 -1168.756019 -1168.761821 -1168.771563 -1168.788332 -1168.818043 -1168.872305 -1168.974252 -1169.170460 -1169.556511 -1170.338324 -1172.000484 -1175.794492 -1185.136215 -1210.514131 -9999.0 -9999.0
-9999.0 -9999.0 740.296014 649.652934 557.256754 463.530849 369.164745 274.521229 179.785255 85.053851 -9.612951 -104.177230 -198.677062 -293.252567 -388.278680 -484.360819 -582.350618 -682.614033 -777.735450 -870.819829 -960.637593 -1038.637062 -1092.259931 -1126.017482 -1145.365782 -1155.815526 -1161.316554 -1164.226043 -1165.811945 -1166.720083 -1167.274684 -1167.637356 -1167.889515 -1168.072848 -1168.209456 -1168.313953 -1168.405376 -1168.524239 -1168.812070 -1170.379244 -1181.443468 -1270.902336 -2083.471879 -4221.489752 -4232.672958 -4232.673267 -4232.673267 -4232.673267 -4232.673267 -4232.673267 -4232.673267 -4232.673267 -4232.673267 -4232.673267 -4232.673267 -4232.673267 -4232.673267 -4232.673267 -4232.673267 -4232.672683 -4214.710278 -1969.234522 -1242.015024 -1177.239977 -1169.772606 -1168.881744 -1168.759801 -1168.740536 -1168.738598 -1168.739805 -1168.741327 -1168.742607 -1168.743594 -1168.744342 -1168.744914 -1168.745357 -1168.745707 -1168.745990 -1168.746225 -1168.746432 -1168.746633 -1168.746855 -1168.747133 -1168.747516 -1168.748082 -1168.748951 -1168.750316 -1168.752493 -1168.756019 -1168.761821 -1168.771563 -1168.788332 -1168.818043 -1168.872305 -1168.974252 -1169.170460 -1169.556511 -1170.338324 -1172.000484 -1175.794492 -1185.136215 -1210.514131 -9999.0 -9999.0
-9999.0 -9999.0 740.297550 649.653743 557.257088 463.530975 369.164790 274.521245 179.785260 85.053853 -9.612950 -104.177229 -198.677062 -293.252566 -388.278680 -484.360819 -582.350618 -682.614033 -777.735450 -870.819829 -960.637594 -1038.637062 -1092.259931 -1126.017482 -1145.365782 -1155.815526 -1161.316554 -1164.226043 -1165.811945 -1166.720083 -1167.274684 -1167.637356 -1167.889515 -1168.072848 -1168.209456 -1168.313953 -1168.405376 -1168.524239 -1168.812070 -1170.379244 -1181.443468 -1270.902336 -2083.471879 -4221.489752 -4232.672958 -4232.673267 -4232.673267 -4232.673267 -4232.673267 -4232.673267 -4232.673267 -4232.673267 -4232.673267 -4232.673267 -4232.673267 -4232.673267 -4232.673267 -4232.673267 -4232.673267 -4232.672683 -4214.710278 -1969.234522 -1242.015024 -1177.239977 -1169.772606 -1168.881744 -1168.759801 -1168.740536 -1168.738598 -1168.739805 -1168.741327 -1168.742607 -1168.743594 -1168.744342 -1168.744914 -1168.745357 -1168.745707 -1168.745990 -1168.746225 -1168.746432 -1168.746633 -1168.746855 -1168.747133 -1168.747516 -1168.748082 -1168.748951 -1168.750316 -1168.752493 -1168.756019 -1168.761821 -1168.771563 -1168.788332 -1168.818043 -1168.872305 -1168.974252 -1169.170460 -1169.556511 -1170.338324 -1172.000484 -1175.794492 -1185.136215 -1210.514131 -9999.0 -9999.0
-9999.0 -9999.0 740.297550 649.653743 557.257088 463.530975 369.164790 274.521245 179.785261 85.053853 -9.612950 -104.177229 -198.677062 -293.252567 -388.278680 -484.360819 -582.350618 -682.614033 -777.735450 -870.819829 -960.637594 -1038.637062 -1092.259931 -1126.017482 -1145.365782 -1155.815526 -1161.316554 -1164.226043 -1165.811945 -1166.720083 -1167.274684 -1167.637356 -1167.889515 -1168.072848 -1168.209456 -1168.313953 -1168.405376 -1168.524239 -1168.812070 -1170.379244 -1181.443468 -1270.902336 -2083.471879 -4221.489752 -4232.672958 -4232.673267 -4232.673267 -4232.673267 -4232.673267 -4232.673267 -4232.673267 -4232.673267 -4232.673267 -4232.673267 -4232.673267 -4232.673267 -4232.673267 -4232.673267 -4232.673267 -4232.672683 -4214.710278 -1969.234522 -1242.015024 -1177.239977 -1169.772606 -1168.881744 -1168.759801 -1168.740536 -1168.738598 -1168.739805 -1168.741327 -1168.742607 -1168.743594 -1168.744342 -1168.744914 -1168.745357 -1168.745707 -1168.745990 -1168.746225 -1168.746432 -1168.746633 -1168.746855 -1168.747133 -1168.747516 -1168.748082 -1168.748951 -1168.750316 -1168.752493 -1168.756019 -1168.761821 -1168.771563 -1168.788332 -1168.818043 -1168.872305 -1168.974252 -1169.170460 -1169.556511 -1170.338324 -1172.000484 -1175.794492 -1185.136215 -1210.514131 -9999.0 -9999.0
-9999.0 -9999.0 740.296014 649.652934 557.256754 463.530849 369.164745 274.521229 179.785255 85.053851 -9.612951 -104.177230 -198.677062 -293.252567 -388.278680 -484.360819 -582.350618 -682.614033 -777.735450 -870.819829 -960.637593 -1038.637062 -1092.259931 -1126.017482 -1145.365782 -1155.815526 -1161.316554 -1164.226043 -1165.811945 -1166.720083 -1167.274684 -1167.637356 -1167.889515 -1168.072848 -1168.209456 -1168.313953 -1168.405376 -1168.524239 -1168.812070 -1170.379244 -1181.443468 -1270.902336 -2083.471879 -4221.489752 -4232.672958 -4232.673267 -4232.673267 -4232.673267 -4232.673267 -4232.673267 -4232.673267 -4232.673267 -4232.673267 -4232.673267 -4232.673267 -4232.673267 -4232.673267 -4232.673267 -4232.673267 -4232.672683 -4214.710278 -1969.234522 -1242.015024 -1177.239977 -1169.772606 -1168.881744 -1168.759801 -1168.740536 -1168.738598 -1168.739805 -1168.741327 -1168.742607 -1168.743594 -1168.744342 -1168.744914 -1168.745357 -1168.745707 -1168.745990 -1168.746225 -1168.746432 -1168.746633 -1168.746855 -1168.747133 -1168.747516 -1168.748082 -1168.748951 -1168.750316 -1168.752493 -1168.756019 -1168.761821 -1168.771563 -1168.788332 -1168.818043 -1168.872305 -1168.974252 -1169.170460 -1169.556511 -1170.338324 -1172.000484 -1175.794492 -1185.136215 -1210.514131 -9999.0 -9999.0
-9999.0 -9999.0 740.291141 649.651293 557.256253 463.530692 369.164693 274.521211 179.785248 85.053848 -9.612952 -104.177230 -198.677062 -293.252567 -388.278680 -484.360819 -582.350618 -682.614032 -777.735449 -870.819828 -960.637593 -1038.637062 -1092.259931 -1126.017482 -1145.365782 -1155.815526 -1161.316554 -1164.226043 -1165.811945 -1166.720083 -1167.274684 -1167.637356 -1167.889515 -1168.072848 -1168.209456 -1168.313953 -1168.405376 -1168.524239 -1168.812070 -1170.379244 -1181.443468 -1270.902336 -2083.471879 -4221.489752 -4232.672958 -4232.673267 -4232.673267 -4232.673267 -4232.673267 -4232.673267 -4232.673267 -4232.673267 -4232.673267 -4232.673267 -4232.673267 -4232.673267 -4232.673267 -4232.673267 -4232.673267 -4232.672683 -4214.710278 -1969.234522 -1242.015024 -1177.239977 -1169.772606 -1168.881744 -1168.759801 -1168.740536 -1168.738598 -1168.739805 -1168.741327 -1168.742607 -1168.743594 -1168.744342 -1168.744914 -1168.745357 -1168.745707 -1168.745990 -1168.746225 -1168.746432 -1168.746633 -1168.746855 -1168.747133 -1168.747516 -1168.748082 -1168.748951 -1168.750316 -1168.752493 -1168.756019 -1168.761821 -1168.771563 -1168.788332 -1168.818043 -1168.872305 -1168.974252 -1169.170460 -1169.556511 -1170.338324 -1172.000484 -1175.794492 -1185.136215 -1210.514131 -9999.0 -9999.0
-9999.0 -9999.0 -9999.0 -9999.0 -9999.0 -9999.0 -9999.0 -9999.0 -9999.0 -9999.0 -9999.0 -9999.0 -9999.0 -9999.0 -9999.0 -9999.0 -9999.0 -9999.0 -9999.0 -9999.0 -9999.0 -9999.0 -9999.0 -9999.0 -9999.0 -9999.0 -9999.0 -9999.0 -9999.0 -9999.0 -9999.0 -9999.0 -9999.0 -9999.0 -9999.0 -9999.0 -9999.0 -9999.0 -9999.0 -9999.0 -9999.0 -9999.0 -9999.0 -9999.0 -9999.0 -9999.0 -9999.0 -9999.0 -9999.0 -9999.0 -9999.0 -9999.0 -9999.0 -9999.0 -9999.0 -9999.0 -9999.0 -9999.0 -9999.0 -9999.0 -9999.0 -9999.0 -9999.0 -9999.0 -9999.0 -9999.0 -9999.0 -9999.0 -9999.0 -9999.0 -9999.0 -9999.0 -9999.0 -9999.0 -9999.0 -9999.0 -9999.0 -9999.0 -9999.0 -9999.0 -9999.0 -9999.0 -9999.0 -9999.0 -9999.0 -9999.0 -9999.0 -9999.0 -9999.0 -9999.0 -9999.0 -9999.0 -9999.0 -9999.0 -9999.0 -9999.0 -9999.0 -9999.0 -9999.0 -9999.0 -9999.0 -9999.0 -9999.0 -9999.0
-9999.0 -9999.0 -9999.0 -9999.0 -9999.0 -9999.0 -9999.0 -9999.0 -9999.0 -9999.0 -9999.0 -9999.0 -9999.0 -9999.0 -9999.0 -9999.0 -9999.0 -9999.0 -9999.0 -9999.0 -9999.0 -9999.0 -9999.0 -9999.0 -9999.0 -9999.0 -9999.0 -9999.0 -9999.0 -9999.0 -9999.0 -9999.0 -9999.0 -9999.0 -9999.0 -9999.0 -9999.0 -9999.0 -9999.0 -9999.0 -9999.0 -9999.0 -9999.0 -9999.0 -9999.0 -9999.0 -9999.0 -9999.0 -9999.0 -9999.0 -9999.0 -9999.0 -9999.0 -9999.0 -9999.0 -9999.0 -9999.0 -9999.0 -9999.0 -9999.0 -9999.0 -9999.0 -9999.0 -9999.0 -9999.0 -9999.0 -9999.0 -9999.0 -9999.0 -9999.0 -9999.0 -9999.0 -9999.0 -9999.0 -9999.0 -9999.0 -9999.0 -9999.0 -9999.0 -9999.0 -9999.0 -9999.0 -9999.0 -9999.0 -9999.0 -9999.0 -9999.0 -9999.0 -9999.0 -9999.0 -9999.0 -9999.0 -9999.0 -9999.0 -9999.0 -9999.0 -9999.0 -9999.0 -9999.0 -9999.0 -9999.0 -9999.0 -9999.0 -9999.0