inst/processing_geotop_simulation/geotop_simulation/out/maps3D/PwL0002N0411.asc
ncols         104
nrows         10
xllcorner     -2.000000
yllcorner     0.000000
cellsize      1.000000
NODATA_value  -9999.0
-9999.0 -9999.0 -9999.0 -9999.0 -9999.0 -9999.0 -9999.0 -9999.0 -9999.0 -9999.0 -9999.0 -9999.0 -9999.0 -9999.0 -9999.0 -9999.0 -9999.0 -9999.0 -9999.0 -9999.0 -9999.0 -9999.0 -9999.0 -9999.0 -9999.0 -9999.0 -9999.0 -9999.0 -9999.0 -9999.0 -9999.0 -9999.0 -9999.0 -9999.0 -9999.0 -9999.0 -9999.0 -9999.0 -9999.0 -9999.0 -9999.0 -9999.0 -9999.0 -9999.0 -9999.0 -9999.0 -9999.0 -9999.0 -9999.0 -9999.0 -9999.0 -9999.0 -9999.0 -9999.0 -9999.0 -9999.0 -9999.0 -9999.0 -9999.0 -9999.0 -9999.0 -9999.0 -9999.0 -9999.0 -9999.0 -9999.0 -9999.0 -9999.0 -9999.0 -9999.0 -9999.0 -9999.0 -9999.0 -9999.0 -9999.0 -9999.0 -9999.0 -9999.0 -9999.0 -9999.0 -9999.0 -9999.0 -9999.0 -9999.0 -9999.0 -9999.0 -9999.0 -9999.0 -9999.0 -9999.0 -9999.0 -9999.0 -9999.0 -9999.0 -9999.0 -9999.0 -9999.0 -9999.0 -9999.0 -9999.0 -9999.0 -9999.0 -9999.0 -9999.0
-9999.0 -9999.0 -9999.0 -9999.0 -9999.0 -9999.0 -9999.0 -9999.0 -9999.0 -9999.0 -9999.0 -9999.0 -9999.0 -9999.0 -9999.0 -9999.0 -9999.0 -9999.0 -9999.0 -9999.0 -9999.0 -9999.0 -9999.0 -9999.0 -9999.0 -9999.0 -9999.0 -9999.0 -9999.0 -9999.0 -9999.0 -9999.0 -9999.0 -9999.0 -9999.0 -9999.0 -9999.0 -9999.0 -9999.0 -9999.0 -9999.0 -9999.0 -9999.0 -9999.0 -9999.0 -9999.0 -9999.0 -9999.0 -9999.0 -9999.0 -9999.0 -9999.0 -9999.0 -9999.0 -9999.0 -9999.0 -9999.0 -9999.0 -9999.0 -9999.0 -9999.0 -9999.0 -9999.0 -9999.0 -9999.0 -9999.0 -9999.0 -9999.0 -9999.0 -9999.0 -9999.0 -9999.0 -9999.0 -9999.0 -9999.0 -9999.0 -9999.0 -9999.0 -9999.0 -9999.0 -9999.0 -9999.0 -9999.0 -9999.0 -9999.0 -9999.0 -9999.0 -9999.0 -9999.0 -9999.0 -9999.0 -9999.0 -9999.0 -9999.0 -9999.0 -9999.0 -9999.0 -9999.0 -9999.0 -9999.0 -9999.0 -9999.0 -9999.0 -9999.0
-9999.0 -9999.0 75.680321 -22.004130 -120.892839 -220.069510 -319.351765 -418.672235 -517.996410 -617.299437 -716.536078 -815.688452 -914.730041 -1013.628038 -1112.487740 -1211.279038 -1309.748734 -1407.686734 -1504.695429 -1600.001904 -1692.131343 -1778.545321 -1856.004621 -1921.843281 -1975.016355 -2016.149302 -2046.915106 -2069.347227 -2085.388705 -2096.688195 -2104.552495 -2109.973485 -2113.681617 -2116.202884 -2117.910028 -2119.066525 -2119.870263 -2120.530873 -2121.491939 -2123.758106 -2124.497639 -2057.828560 -1258.357501 -1256.021645 -1245.764348 -1238.972578 -1235.775400 -1235.269209 -1235.213694 -1235.218383 -1235.231747 -1235.246181 -1235.260063 -1235.272926 -1235.284919 -1235.299327 -1235.346356 -1235.654648 -1237.375866 -1241.162958 -1246.160564 -1241.062079 -2033.496909 -2118.674741 -2122.336510 -2121.753761 -2121.544005 -2121.501427 -2121.494465 -2121.493804 -2121.494138 -2121.494552 -2121.494899 -2121.495171 -2121.495383 -2121.495550 -2121.495686 -2121.495798 -2121.495894 -2121.495982 -2121.496070 -2121.496168 -2121.496290 -2121.496456 -2121.496696 -2121.497060 -2121.497628 -2121.498534 -2121.500008 -2121.502463 -2121.506654 -2121.514021 -2121.527368 -2121.552297 -2121.600249 -2121.695370 -2121.891385 -2122.316761 -2123.305952 -2125.823604 -2133.047168 -2157.155117 -9999.0 -9999.0
-9999.0 -9999.0 75.690683 -22.002279 -120.892376 -220.069375 -319.351722 -418.672220 -517.996405 -617.299434 -716.536077 -815.688452 -914.730041 -1013.628038 -1112.487741 -1211.279038 -1309.748734 -1407.686734 -1504.695430 -1600.001904 -1692.131344 -1778.545321 -1856.004621 -1921.843281 -1975.016355 -2016.149302 -2046.915106 -2069.347227 -2085.388705 -2096.688195 -2104.552495 -2109.973485 -2113.681617 -2116.202884 -2117.910028 -2119.066525 -2119.870263 -2120.530873 -2121.491939 -2123.758106 -2124.497639 -2057.828560 -1258.357501 -1256.021645 -1245.764348 -1238.972578 -1235.775400 -1235.269209 -1235.213694 -1235.218383 -1235.231747 -1235.246181 -1235.260063 -1235.272926 -1235.284919 -1235.299327 -1235.346356 -1235.654648 -1237.375866 -1241.162958 -1246.160564 -1241.062079 -2033.496909 -2118.674741 -2122.336510 -2121.753761 -2121.544005 -2121.501427 -2121.494465 -2121.493804 -2121.494138 -2121.494552 -2121.494899 -2121.495171 -2121.495383 -2121.495550 -2121.495686 -2121.495798 -2121.495894 -2121.495982 -2121.496070 -2121.496168 -2121.496290 -2121.496456 -2121.496696 -2121.497060 -2121.497628 -2121.498534 -2121.500008 -2121.502463 -2121.506654 -2121.514021 -2121.527368 -2121.552297 -2121.600249 -2121.695370 -2121.891385 -2122.316761 -2123.305952 -2125.823604 -2133.047168 -2157.155117 -9999.0 -9999.0
-9999.0 -9999.0 75.691808 -22.001535 -120.892084 -220.069269 -319.351685 -418.672206 -517.996400 -617.299432 -716.536077 -815.688451 -914.730041 -1013.628038 -1112.487741 -1211.279038 -1309.748734 -1407.686734 -1504.695430 -1600.001904 -1692.131344 -1778.545321 -1856.004621 -1921.843281 -1975.016355 -2016.149302 -2046.915106 -2069.347227 -2085.388705 -2096.688195 -2104.552495 -2109.973485 -2113.681617 -2116.202884 -2117.910028 -2119.066525 -2119.870263 -2120.530873 -2121.491939 -2123.758106 -2124.497639 -2057.828560 -1258.357501 -1256.021645 -1245.764348 -1238.972578 -1235.775400 -1235.269209 -1235.213694 -1235.218383 -1235.231747 -1235.246181 -1235.260063 -1235.272926 -1235.284919 -1235.299327 -1235.346356 -1235.654648 -1237.375866 -1241.162958 -1246.160564 -1241.062079 -2033.496909 -2118.674741 -2122.336510 -2121.753761 -2121.544005 -2121.501427 -2121.494465 -2121.493804 -2121.494138 -2121.494552 -2121.494899 -2121.495171 -2121.495383 -2121.495550 -2121.495686 -2121.495798 -2121.495894 -2121.495982 -2121.496070 -2121.496168 -2121.496290 -2121.496456 -2121.496696 -2121.497060 -2121.497628 -2121.498534 -2121.500008 -2121.502463 -2121.506654 -2121.514021 -2121.527368 -2121.552297 -2121.600249 -2121.695370 -2121.891385 -2122.316761 -2123.305952 -2125.823604 -2133.047168 -2157.155117 -9999.0 -9999.0
-9999.0 -9999.0 75.691807 -22.001535 -120.892084 -220.069269 -319.351685 -418.672206 -517.996400 -617.299432 -716.536076 -815.688451 -914.730041 -1013.628038 -1112.487741 -1211.279038 -1309.748734 -1407.686734 -1504.695430 -1600.001904 -1692.131344 -1778.545321 -1856.004621 -1921.843281 -1975.016355 -2016.149302 -2046.915106 -2069.347227 -2085.388705 -2096.688195 -2104.552495 -2109.973485 -2113.681617 -2116.202884 -2117.910028 -2119.066525 -2119.870263 -2120.530873 -2121.491939 -2123.758106 -2124.497639 -2057.828560 -1258.357501 -1256.021645 -1245.764348 -1238.972578 -1235.775400 -1235.269209 -1235.213694 -1235.218383 -1235.231747 -1235.246181 -1235.260063 -1235.272926 -1235.284919 -1235.299327 -1235.346356 -1235.654648 -1237.375866 -1241.162958 -1246.160564 -1241.062079 -2033.496909 -2118.674741 -2122.336510 -2121.753761 -2121.544005 -2121.501427 -2121.494465 -2121.493804 -2121.494138 -2121.494552 -2121.494899 -2121.495171 -2121.495383 -2121.495550 -2121.495686 -2121.495798 -2121.495894 -2121.495982 -2121.496070 -2121.496168 -2121.496290 -2121.496456 -2121.496696 -2121.497060 -2121.497628 -2121.498534 -2121.500008 -2121.502463 -2121.506654 -2121.514021 -2121.527368 -2121.552297 -2121.600249 -2121.695370 -2121.891385 -2122.316761 -2123.305952 -2125.823604 -2133.047168 -2157.155117 -9999.0 -9999.0
-9999.0 -9999.0 75.690683 -22.002279 -120.892376 -220.069375 -319.351722 -418.672220 -517.996405 -617.299434 -716.536077 -815.688452 -914.730041 -1013.628038 -1112.487741 -1211.279038 -1309.748734 -1407.686734 -1504.695430 -1600.001904 -1692.131344 -1778.545321 -1856.004621 -1921.843281 -1975.016355 -2016.149302 -2046.915106 -2069.347227 -2085.388705 -2096.688195 -2104.552495 -2109.973485 -2113.681617 -2116.202884 -2117.910028 -2119.066525 -2119.870263 -2120.530873 -2121.491939 -2123.758106 -2124.497639 -2057.828560 -1258.357501 -1256.021645 -1245.764348 -1238.972578 -1235.775400 -1235.269209 -1235.213694 -1235.218383 -1235.231747 -1235.246181 -1235.260063 -1235.272926 -1235.284919 -1235.299327 -1235.346356 -1235.654648 -1237.375866 -1241.162958 -1246.160564 -1241.062079 -2033.496909 -2118.674741 -2122.336510 -2121.753761 -2121.544005 -2121.501427 -2121.494465 -2121.493804 -2121.494138 -2121.494552 -2121.494899 -2121.495171 -2121.495383 -2121.495550 -2121.495686 -2121.495798 -2121.495894 -2121.495982 -2121.496070 -2121.496168 -2121.496290 -2121.496456 -2121.496696 -2121.497060 -2121.497628 -2121.498534 -2121.500008 -2121.502463 -2121.506654 -2121.514021 -2121.527368 -2121.552297 -2121.600249 -2121.695370 -2121.891385 -2122.316761 -2123.305952 -2125.823604 -2133.047168 -2157.155117 -9999.0 -9999.0
-9999.0 -9999.0 75.680321 -22.004130 -120.892839 -220.069510 -319.351765 -418.672235 -517.996410 -617.299437 -716.536078 -815.688452 -914.730041 -1013.628038 -1112.487740 -1211.279038 -1309.748734 -1407.686734 -1504.695429 -1600.001904 -1692.131343 -1778.545321 -1856.004621 -1921.843281 -1975.016355 -2016.149302 -2046.915106 -2069.347227 -2085.388705 -2096.688195 -2104.552495 -2109.973485 -2113.681617 -2116.202884 -2117.910028 -2119.066525 -2119.870263 -2120.530873 -2121.491939 -2123.758106 -2124.497639 -2057.828560 -1258.357501 -1256.021645 -1245.764348 -1238.972578 -1235.775400 -1235.269209 -1235.213694 -1235.218383 -1235.231747 -1235.246181 -1235.260063 -1235.272926 -1235.284919 -1235.299327 -1235.346356 -1235.654648 -1237.375866 -1241.162958 -1246.160564 -1241.062079 -2033.496909 -2118.674741 -2122.336510 -2121.753761 -2121.544005 -2121.501427 -2121.494465 -2121.493804 -2121.494138 -2121.494552 -2121.494899 -2121.495171 -2121.495383 -2121.495550 -2121.495686 -2121.495798 -2121.495894 -2121.495982 -2121.496070 -2121.496168 -2121.496290 -2121.496456 -2121.496696 -2121.497060 -2121.497628 -2121.498534 -2121.500008 -2121.502463 -2121.506654 -2121.514021 -2121.527368 -2121.552297 -2121.600249 -2121.695370 -2121.891385 -2122.316761 -2123.305952 -2125.823604 -2133.047168 -2157.155117 -9999.0 -9999.0
-9999.0 -9999.0 -9999.0 -9999.0 -9999.0 -9999.0 -9999.0 -9999.0 -9999.0 -9999.0 -9999.0 -9999.0 -9999.0 -9999.0 -9999.0 -9999.0 -9999.0 -9999.0 -9999.0 -9999.0 -9999.0 -9999.0 -9999.0 -9999.0 -9999.0 -9999.0 -9999.0 -9999.0 -9999.0 -9999.0 -9999.0 -9999.0 -9999.0 -9999.0 -9999.0 -9999.0 -9999.0 -9999.0 -9999.0 -9999.0 -9999.0 -9999.0 -9999.0 -9999.0 -9999.0 -9999.0 -9999.0 -9999.0 -9999.0 -9999.0 -9999.0 -9999.0 -9999.0 -9999.0 -9999.0 -9999.0 -9999.0 -9999.0 -9999.0 -9999.0 -9999.0 -9999.0 -9999.0 -9999.0 -9999.0 -9999.0 -9999.0 -9999.0 -9999.0 -9999.0 -9999.0 -9999.0 -9999.0 -9999.0 -9999.0 -9999.0 -9999.0 -9999.0 -9999.0 -9999.0 -9999.0 -9999.0 -9999.0 -9999.0 -9999.0 -9999.0 -9999.0 -9999.0 -9999.0 -9999.0 -9999.0 -9999.0 -9999.0 -9999.0 -9999.0 -9999.0 -9999.0 -9999.0 -9999.0 -9999.0 -9999.0 -9999.0 -9999.0 -9999.0
-9999.0 -9999.0 -9999.0 -9999.0 -9999.0 -9999.0 -9999.0 -9999.0 -9999.0 -9999.0 -9999.0 -9999.0 -9999.0 -9999.0 -9999.0 -9999.0 -9999.0 -9999.0 -9999.0 -9999.0 -9999.0 -9999.0 -9999.0 -9999.0 -9999.0 -9999.0 -9999.0 -9999.0 -9999.0 -9999.0 -9999.0 -9999.0 -9999.0 -9999.0 -9999.0 -9999.0 -9999.0 -9999.0 -9999.0 -9999.0 -9999.0 -9999.0 -9999.0 -9999.0 -9999.0 -9999.0 -9999.0 -9999.0 -9999.0 -9999.0 -9999.0 -9999.0 -9999.0 -9999.0 -9999.0 -9999.0 -9999.0 -9999.0 -9999.0 -9999.0 -9999.0 -9999.0 -9999.0 -9999.0 -9999.0 -9999.0 -9999.0 -9999.0 -9999.0 -9999.0 -9999.0 -9999.0 -9999.0 -9999.0 -9999.0 -9999.0 -9999.0 -9999.0 -9999.0 -9999.0 -9999.0 -9999.0 -9999.0 -9999.0 -9999.0 -9999.0 -9999.0 -9999.0 -9999.0 -9999.0 -9999.0 -9999.0 -9999.0 -9999.0 -9999.0 -9999.0 -9999.0 -9999.0 -9999.0 -9999.0 -9999.0 -9999.0 -9999.0 -9999.0