inst/processing_geotop_simulation/geotop_simulation/out/maps3D/PwL0004N0363.asc
ncols         104
nrows         10
xllcorner     -2.000000
yllcorner     0.000000
cellsize      1.000000
NODATA_value  -9999.0
-9999.0 -9999.0 -9999.0 -9999.0 -9999.0 -9999.0 -9999.0 -9999.0 -9999.0 -9999.0 -9999.0 -9999.0 -9999.0 -9999.0 -9999.0 -9999.0 -9999.0 -9999.0 -9999.0 -9999.0 -9999.0 -9999.0 -9999.0 -9999.0 -9999.0 -9999.0 -9999.0 -9999.0 -9999.0 -9999.0 -9999.0 -9999.0 -9999.0 -9999.0 -9999.0 -9999.0 -9999.0 -9999.0 -9999.0 -9999.0 -9999.0 -9999.0 -9999.0 -9999.0 -9999.0 -9999.0 -9999.0 -9999.0 -9999.0 -9999.0 -9999.0 -9999.0 -9999.0 -9999.0 -9999.0 -9999.0 -9999.0 -9999.0 -9999.0 -9999.0 -9999.0 -9999.0 -9999.0 -9999.0 -9999.0 -9999.0 -9999.0 -9999.0 -9999.0 -9999.0 -9999.0 -9999.0 -9999.0 -9999.0 -9999.0 -9999.0 -9999.0 -9999.0 -9999.0 -9999.0 -9999.0 -9999.0 -9999.0 -9999.0 -9999.0 -9999.0 -9999.0 -9999.0 -9999.0 -9999.0 -9999.0 -9999.0 -9999.0 -9999.0 -9999.0 -9999.0 -9999.0 -9999.0 -9999.0 -9999.0 -9999.0 -9999.0 -9999.0 -9999.0
-9999.0 -9999.0 -9999.0 -9999.0 -9999.0 -9999.0 -9999.0 -9999.0 -9999.0 -9999.0 -9999.0 -9999.0 -9999.0 -9999.0 -9999.0 -9999.0 -9999.0 -9999.0 -9999.0 -9999.0 -9999.0 -9999.0 -9999.0 -9999.0 -9999.0 -9999.0 -9999.0 -9999.0 -9999.0 -9999.0 -9999.0 -9999.0 -9999.0 -9999.0 -9999.0 -9999.0 -9999.0 -9999.0 -9999.0 -9999.0 -9999.0 -9999.0 -9999.0 -9999.0 -9999.0 -9999.0 -9999.0 -9999.0 -9999.0 -9999.0 -9999.0 -9999.0 -9999.0 -9999.0 -9999.0 -9999.0 -9999.0 -9999.0 -9999.0 -9999.0 -9999.0 -9999.0 -9999.0 -9999.0 -9999.0 -9999.0 -9999.0 -9999.0 -9999.0 -9999.0 -9999.0 -9999.0 -9999.0 -9999.0 -9999.0 -9999.0 -9999.0 -9999.0 -9999.0 -9999.0 -9999.0 -9999.0 -9999.0 -9999.0 -9999.0 -9999.0 -9999.0 -9999.0 -9999.0 -9999.0 -9999.0 -9999.0 -9999.0 -9999.0 -9999.0 -9999.0 -9999.0 -9999.0 -9999.0 -9999.0 -9999.0 -9999.0 -9999.0 -9999.0
-9999.0 -9999.0 175.347491 77.904685 -20.737567 -119.721099 -218.834891 -317.997985 -417.167251 -516.314109 -615.394057 -714.301245 -813.095595 -911.695951 -1010.195659 -1108.752922 -1206.801485 -1304.116535 -1400.175494 -1494.049114 -1584.012771 -1667.215756 -1740.402423 -1801.352838 -1849.651709 -1886.411732 -1913.539781 -1933.100045 -1946.954417 -1956.629450 -1963.308716 -1967.876854 -1970.977716 -1973.070317 -1974.476956 -1975.423576 -1976.079077 -1976.626052 -1977.487443 -1979.843531 -1982.959457 -1933.763058 -1194.000215 -1200.346566 -1187.866005 -1179.637520 -1175.775601 -1175.181284 -1175.117084 -1175.122886 -1175.138775 -1175.155903 -1175.172372 -1175.187627 -1175.201824 -1175.218664 -1175.272620 -1175.630574 -1177.694688 -1182.262546 -1188.288008 -1172.985262 -1908.606799 -1976.814395 -1978.401979 -1977.649554 -1977.440150 -1977.400957 -1977.394865 -1977.394411 -1977.394823 -1977.395282 -1977.395660 -1977.395954 -1977.396181 -1977.396360 -1977.396503 -1977.396621 -1977.396721 -1977.396812 -1977.396903 -1977.397004 -1977.397130 -1977.397303 -1977.397557 -1977.397943 -1977.398549 -1977.399517 -1977.401095 -1977.403722 -1977.408201 -1977.416056 -1977.430256 -1977.456704 -1977.507405 -1977.607487 -1977.812205 -1978.251922 -1979.261127 -1981.788892 -1988.925699 -2012.609189 -9999.0 -9999.0
-9999.0 -9999.0 175.356664 77.906563 -20.737090 -119.720960 -218.834846 -317.997970 -417.167245 -516.314107 -615.394055 -714.301244 -813.095595 -911.695951 -1010.195659 -1108.752922 -1206.801485 -1304.116535 -1400.175494 -1494.049114 -1584.012771 -1667.215756 -1740.402423 -1801.352838 -1849.651709 -1886.411732 -1913.539781 -1933.100045 -1946.954417 -1956.629450 -1963.308716 -1967.876854 -1970.977716 -1973.070317 -1974.476956 -1975.423576 -1976.079077 -1976.626052 -1977.487443 -1979.843531 -1982.959457 -1933.763058 -1194.000215 -1200.346565 -1187.866005 -1179.637520 -1175.775601 -1175.181284 -1175.117084 -1175.122886 -1175.138775 -1175.155903 -1175.172372 -1175.187627 -1175.201824 -1175.218664 -1175.272620 -1175.630574 -1177.694688 -1182.262546 -1188.288008 -1172.985262 -1908.606799 -1976.814395 -1978.401979 -1977.649554 -1977.440150 -1977.400957 -1977.394865 -1977.394411 -1977.394823 -1977.395282 -1977.395660 -1977.395954 -1977.396181 -1977.396360 -1977.396503 -1977.396621 -1977.396721 -1977.396812 -1977.396903 -1977.397004 -1977.397130 -1977.397303 -1977.397557 -1977.397943 -1977.398549 -1977.399517 -1977.401095 -1977.403722 -1977.408201 -1977.416056 -1977.430256 -1977.456704 -1977.507405 -1977.607487 -1977.812205 -1978.251922 -1979.261127 -1981.788892 -1988.925699 -2012.609189 -9999.0 -9999.0
-9999.0 -9999.0 175.357957 77.907328 -20.736788 -119.720850 -218.834808 -317.997956 -417.167240 -516.314105 -615.394055 -714.301244 -813.095595 -911.695951 -1010.195659 -1108.752922 -1206.801485 -1304.116535 -1400.175494 -1494.049114 -1584.012771 -1667.215757 -1740.402423 -1801.352838 -1849.651709 -1886.411733 -1913.539781 -1933.100045 -1946.954417 -1956.629450 -1963.308716 -1967.876854 -1970.977716 -1973.070317 -1974.476956 -1975.423576 -1976.079077 -1976.626052 -1977.487443 -1979.843531 -1982.959457 -1933.763058 -1194.000215 -1200.346565 -1187.866005 -1179.637520 -1175.775601 -1175.181284 -1175.117084 -1175.122886 -1175.138775 -1175.155903 -1175.172372 -1175.187627 -1175.201824 -1175.218664 -1175.272620 -1175.630574 -1177.694688 -1182.262546 -1188.288008 -1172.985262 -1908.606799 -1976.814395 -1978.401979 -1977.649554 -1977.440150 -1977.400957 -1977.394865 -1977.394411 -1977.394823 -1977.395282 -1977.395660 -1977.395954 -1977.396181 -1977.396360 -1977.396503 -1977.396621 -1977.396721 -1977.396812 -1977.396903 -1977.397004 -1977.397130 -1977.397303 -1977.397557 -1977.397943 -1977.398549 -1977.399517 -1977.401095 -1977.403722 -1977.408201 -1977.416056 -1977.430256 -1977.456704 -1977.507405 -1977.607487 -1977.812205 -1978.251922 -1979.261127 -1981.788892 -1988.925699 -2012.609189 -9999.0 -9999.0
-9999.0 -9999.0 175.357957 77.907328 -20.736788 -119.720850 -218.834808 -317.997956 -417.167240 -516.314105 -615.394055 -714.301244 -813.095595 -911.695951 -1010.195659 -1108.752922 -1206.801485 -1304.116535 -1400.175494 -1494.049114 -1584.012771 -1667.215757 -1740.402423 -1801.352838 -1849.651709 -1886.411733 -1913.539781 -1933.100045 -1946.954417 -1956.629450 -1963.308716 -1967.876854 -1970.977716 -1973.070317 -1974.476956 -1975.423576 -1976.079077 -1976.626052 -1977.487443 -1979.843531 -1982.959457 -1933.763058 -1194.000215 -1200.346565 -1187.866005 -1179.637520 -1175.775601 -1175.181284 -1175.117084 -1175.122886 -1175.138775 -1175.155903 -1175.172372 -1175.187627 -1175.201824 -1175.218664 -1175.272620 -1175.630574 -1177.694688 -1182.262546 -1188.288008 -1172.985262 -1908.606799 -1976.814395 -1978.401979 -1977.649554 -1977.440150 -1977.400957 -1977.394865 -1977.394411 -1977.394823 -1977.395282 -1977.395660 -1977.395954 -1977.396181 -1977.396360 -1977.396503 -1977.396621 -1977.396721 -1977.396812 -1977.396903 -1977.397004 -1977.397130 -1977.397303 -1977.397557 -1977.397943 -1977.398549 -1977.399517 -1977.401095 -1977.403722 -1977.408201 -1977.416056 -1977.430256 -1977.456704 -1977.507405 -1977.607487 -1977.812205 -1978.251922 -1979.261127 -1981.788892 -1988.925699 -2012.609189 -9999.0 -9999.0
-9999.0 -9999.0 175.356664 77.906563 -20.737090 -119.720960 -218.834846 -317.997970 -417.167245 -516.314107 -615.394056 -714.301244 -813.095595 -911.695951 -1010.195659 -1108.752922 -1206.801485 -1304.116535 -1400.175494 -1494.049114 -1584.012771 -1667.215756 -1740.402423 -1801.352838 -1849.651709 -1886.411732 -1913.539781 -1933.100045 -1946.954417 -1956.629450 -1963.308716 -1967.876854 -1970.977716 -1973.070317 -1974.476956 -1975.423576 -1976.079077 -1976.626052 -1977.487443 -1979.843531 -1982.959457 -1933.763058 -1194.000215 -1200.346565 -1187.866005 -1179.637520 -1175.775601 -1175.181284 -1175.117084 -1175.122886 -1175.138775 -1175.155903 -1175.172372 -1175.187627 -1175.201824 -1175.218664 -1175.272620 -1175.630574 -1177.694688 -1182.262546 -1188.288008 -1172.985262 -1908.606799 -1976.814395 -1978.401979 -1977.649554 -1977.440150 -1977.400957 -1977.394865 -1977.394411 -1977.394823 -1977.395282 -1977.395660 -1977.395954 -1977.396181 -1977.396360 -1977.396503 -1977.396621 -1977.396721 -1977.396812 -1977.396903 -1977.397004 -1977.397130 -1977.397303 -1977.397557 -1977.397943 -1977.398549 -1977.399517 -1977.401095 -1977.403722 -1977.408201 -1977.416056 -1977.430256 -1977.456704 -1977.507405 -1977.607487 -1977.812205 -1978.251922 -1979.261127 -1981.788892 -1988.925699 -2012.609189 -9999.0 -9999.0
-9999.0 -9999.0 175.347491 77.904685 -20.737567 -119.721099 -218.834891 -317.997985 -417.167251 -516.314109 -615.394056 -714.301245 -813.095595 -911.695951 -1010.195659 -1108.752922 -1206.801485 -1304.116535 -1400.175494 -1494.049114 -1584.012771 -1667.215756 -1740.402423 -1801.352838 -1849.651709 -1886.411732 -1913.539781 -1933.100045 -1946.954417 -1956.629450 -1963.308716 -1967.876854 -1970.977716 -1973.070317 -1974.476956 -1975.423576 -1976.079077 -1976.626052 -1977.487443 -1979.843531 -1982.959457 -1933.763058 -1194.000215 -1200.346566 -1187.866005 -1179.637520 -1175.775601 -1175.181284 -1175.117084 -1175.122886 -1175.138775 -1175.155903 -1175.172372 -1175.187627 -1175.201824 -1175.218664 -1175.272620 -1175.630574 -1177.694688 -1182.262546 -1188.288008 -1172.985262 -1908.606799 -1976.814395 -1978.401979 -1977.649554 -1977.440150 -1977.400957 -1977.394865 -1977.394411 -1977.394823 -1977.395282 -1977.395660 -1977.395954 -1977.396181 -1977.396360 -1977.396503 -1977.396621 -1977.396721 -1977.396812 -1977.396903 -1977.397004 -1977.397130 -1977.397303 -1977.397557 -1977.397943 -1977.398549 -1977.399517 -1977.401095 -1977.403722 -1977.408201 -1977.416056 -1977.430256 -1977.456704 -1977.507405 -1977.607487 -1977.812205 -1978.251922 -1979.261127 -1981.788892 -1988.925699 -2012.609189 -9999.0 -9999.0
-9999.0 -9999.0 -9999.0 -9999.0 -9999.0 -9999.0 -9999.0 -9999.0 -9999.0 -9999.0 -9999.0 -9999.0 -9999.0 -9999.0 -9999.0 -9999.0 -9999.0 -9999.0 -9999.0 -9999.0 -9999.0 -9999.0 -9999.0 -9999.0 -9999.0 -9999.0 -9999.0 -9999.0 -9999.0 -9999.0 -9999.0 -9999.0 -9999.0 -9999.0 -9999.0 -9999.0 -9999.0 -9999.0 -9999.0 -9999.0 -9999.0 -9999.0 -9999.0 -9999.0 -9999.0 -9999.0 -9999.0 -9999.0 -9999.0 -9999.0 -9999.0 -9999.0 -9999.0 -9999.0 -9999.0 -9999.0 -9999.0 -9999.0 -9999.0 -9999.0 -9999.0 -9999.0 -9999.0 -9999.0 -9999.0 -9999.0 -9999.0 -9999.0 -9999.0 -9999.0 -9999.0 -9999.0 -9999.0 -9999.0 -9999.0 -9999.0 -9999.0 -9999.0 -9999.0 -9999.0 -9999.0 -9999.0 -9999.0 -9999.0 -9999.0 -9999.0 -9999.0 -9999.0 -9999.0 -9999.0 -9999.0 -9999.0 -9999.0 -9999.0 -9999.0 -9999.0 -9999.0 -9999.0 -9999.0 -9999.0 -9999.0 -9999.0 -9999.0 -9999.0
-9999.0 -9999.0 -9999.0 -9999.0 -9999.0 -9999.0 -9999.0 -9999.0 -9999.0 -9999.0 -9999.0 -9999.0 -9999.0 -9999.0 -9999.0 -9999.0 -9999.0 -9999.0 -9999.0 -9999.0 -9999.0 -9999.0 -9999.0 -9999.0 -9999.0 -9999.0 -9999.0 -9999.0 -9999.0 -9999.0 -9999.0 -9999.0 -9999.0 -9999.0 -9999.0 -9999.0 -9999.0 -9999.0 -9999.0 -9999.0 -9999.0 -9999.0 -9999.0 -9999.0 -9999.0 -9999.0 -9999.0 -9999.0 -9999.0 -9999.0 -9999.0 -9999.0 -9999.0 -9999.0 -9999.0 -9999.0 -9999.0 -9999.0 -9999.0 -9999.0 -9999.0 -9999.0 -9999.0 -9999.0 -9999.0 -9999.0 -9999.0 -9999.0 -9999.0 -9999.0 -9999.0 -9999.0 -9999.0 -9999.0 -9999.0 -9999.0 -9999.0 -9999.0 -9999.0 -9999.0 -9999.0 -9999.0 -9999.0 -9999.0 -9999.0 -9999.0 -9999.0 -9999.0 -9999.0 -9999.0 -9999.0 -9999.0 -9999.0 -9999.0 -9999.0 -9999.0 -9999.0 -9999.0 -9999.0 -9999.0 -9999.0 -9999.0 -9999.0 -9999.0