inst/processing_geotop_simulation/geotop_simulation/out/maps3D/PwL0003N0251.asc
ncols         104
nrows         10
xllcorner     -2.000000
yllcorner     0.000000
cellsize      1.000000
NODATA_value  -9999.0
-9999.0 -9999.0 -9999.0 -9999.0 -9999.0 -9999.0 -9999.0 -9999.0 -9999.0 -9999.0 -9999.0 -9999.0 -9999.0 -9999.0 -9999.0 -9999.0 -9999.0 -9999.0 -9999.0 -9999.0 -9999.0 -9999.0 -9999.0 -9999.0 -9999.0 -9999.0 -9999.0 -9999.0 -9999.0 -9999.0 -9999.0 -9999.0 -9999.0 -9999.0 -9999.0 -9999.0 -9999.0 -9999.0 -9999.0 -9999.0 -9999.0 -9999.0 -9999.0 -9999.0 -9999.0 -9999.0 -9999.0 -9999.0 -9999.0 -9999.0 -9999.0 -9999.0 -9999.0 -9999.0 -9999.0 -9999.0 -9999.0 -9999.0 -9999.0 -9999.0 -9999.0 -9999.0 -9999.0 -9999.0 -9999.0 -9999.0 -9999.0 -9999.0 -9999.0 -9999.0 -9999.0 -9999.0 -9999.0 -9999.0 -9999.0 -9999.0 -9999.0 -9999.0 -9999.0 -9999.0 -9999.0 -9999.0 -9999.0 -9999.0 -9999.0 -9999.0 -9999.0 -9999.0 -9999.0 -9999.0 -9999.0 -9999.0 -9999.0 -9999.0 -9999.0 -9999.0 -9999.0 -9999.0 -9999.0 -9999.0 -9999.0 -9999.0 -9999.0 -9999.0
-9999.0 -9999.0 -9999.0 -9999.0 -9999.0 -9999.0 -9999.0 -9999.0 -9999.0 -9999.0 -9999.0 -9999.0 -9999.0 -9999.0 -9999.0 -9999.0 -9999.0 -9999.0 -9999.0 -9999.0 -9999.0 -9999.0 -9999.0 -9999.0 -9999.0 -9999.0 -9999.0 -9999.0 -9999.0 -9999.0 -9999.0 -9999.0 -9999.0 -9999.0 -9999.0 -9999.0 -9999.0 -9999.0 -9999.0 -9999.0 -9999.0 -9999.0 -9999.0 -9999.0 -9999.0 -9999.0 -9999.0 -9999.0 -9999.0 -9999.0 -9999.0 -9999.0 -9999.0 -9999.0 -9999.0 -9999.0 -9999.0 -9999.0 -9999.0 -9999.0 -9999.0 -9999.0 -9999.0 -9999.0 -9999.0 -9999.0 -9999.0 -9999.0 -9999.0 -9999.0 -9999.0 -9999.0 -9999.0 -9999.0 -9999.0 -9999.0 -9999.0 -9999.0 -9999.0 -9999.0 -9999.0 -9999.0 -9999.0 -9999.0 -9999.0 -9999.0 -9999.0 -9999.0 -9999.0 -9999.0 -9999.0 -9999.0 -9999.0 -9999.0 -9999.0 -9999.0 -9999.0 -9999.0 -9999.0 -9999.0 -9999.0 -9999.0 -9999.0 -9999.0
-9999.0 -9999.0 127.544158 32.859621 -64.443429 -162.435861 -260.684656 -359.020102 -457.352342 -555.612101 -653.653256 -751.267282 -848.488820 -945.119456 -1041.546722 -1137.981131 -1233.006410 -1326.136745 -1416.763649 -1503.408611 -1582.245027 -1649.009826 -1701.669944 -1740.922155 -1769.060219 -1788.744977 -1802.316766 -1811.584866 -1817.863468 -1822.082764 -1824.895359 -1826.756092 -1827.979134 -1828.778964 -1829.300466 -1829.642425 -1829.879803 -1830.106236 -1830.619857 -1832.702729 -1839.156282 -1817.945281 -1125.469533 -1127.029978 -1115.087485 -1107.418813 -1103.822084 -1103.286281 -1103.229800 -1103.236357 -1103.252182 -1103.269151 -1103.285455 -1103.300551 -1103.314540 -1103.330590 -1103.378826 -1103.699544 -1105.616022 -1109.898985 -1116.142015 -1106.069065 -1795.343672 -1833.568544 -1831.468996 -1830.558743 -1830.387138 -1830.359705 -1830.355969 -1830.356113 -1830.356805 -1830.357450 -1830.357962 -1830.358352 -1830.358652 -1830.358884 -1830.359069 -1830.359218 -1830.359342 -1830.359453 -1830.359563 -1830.359685 -1830.359839 -1830.360053 -1830.360370 -1830.360857 -1830.361625 -1830.362855 -1830.364858 -1830.368178 -1830.373807 -1830.383602 -1830.401161 -1830.433580 -1830.495100 -1830.614817 -1830.854259 -1831.351737 -1832.445074 -1835.043515 -1841.971879 -1864.311203 -9999.0 -9999.0
-9999.0 -9999.0 127.555055 32.861717 -64.442903 -162.435708 -260.684608 -359.020085 -457.352337 -555.612099 -653.653255 -751.267282 -848.488820 -945.119456 -1041.546722 -1137.981131 -1233.006410 -1326.136745 -1416.763649 -1503.408611 -1582.245027 -1649.009826 -1701.669944 -1740.922155 -1769.060220 -1788.744977 -1802.316766 -1811.584866 -1817.863468 -1822.082764 -1824.895359 -1826.756092 -1827.979134 -1828.778964 -1829.300466 -1829.642425 -1829.879803 -1830.106236 -1830.619857 -1832.702729 -1839.156282 -1817.945281 -1125.469533 -1127.029978 -1115.087485 -1107.418813 -1103.822084 -1103.286281 -1103.229800 -1103.236357 -1103.252182 -1103.269151 -1103.285455 -1103.300551 -1103.314540 -1103.330590 -1103.378826 -1103.699544 -1105.616022 -1109.898985 -1116.142015 -1106.069065 -1795.343672 -1833.568544 -1831.468996 -1830.558743 -1830.387138 -1830.359705 -1830.355969 -1830.356113 -1830.356805 -1830.357450 -1830.357962 -1830.358352 -1830.358652 -1830.358884 -1830.359069 -1830.359218 -1830.359342 -1830.359453 -1830.359563 -1830.359685 -1830.359839 -1830.360053 -1830.360370 -1830.360857 -1830.361625 -1830.362855 -1830.364858 -1830.368178 -1830.373807 -1830.383602 -1830.401161 -1830.433580 -1830.495100 -1830.614817 -1830.854259 -1831.351737 -1832.445074 -1835.043515 -1841.971879 -1864.311203 -9999.0 -9999.0
-9999.0 -9999.0 127.556415 32.862561 -64.442570 -162.435588 -260.684565 -359.020070 -457.352331 -555.612097 -653.653254 -751.267281 -848.488820 -945.119456 -1041.546722 -1137.981131 -1233.006411 -1326.136745 -1416.763649 -1503.408611 -1582.245027 -1649.009826 -1701.669944 -1740.922155 -1769.060220 -1788.744977 -1802.316766 -1811.584866 -1817.863468 -1822.082764 -1824.895359 -1826.756092 -1827.979134 -1828.778964 -1829.300466 -1829.642425 -1829.879803 -1830.106236 -1830.619857 -1832.702729 -1839.156282 -1817.945281 -1125.469533 -1127.029978 -1115.087485 -1107.418813 -1103.822084 -1103.286281 -1103.229800 -1103.236357 -1103.252182 -1103.269151 -1103.285455 -1103.300551 -1103.314540 -1103.330590 -1103.378826 -1103.699544 -1105.616022 -1109.898985 -1116.142015 -1106.069065 -1795.343672 -1833.568544 -1831.468996 -1830.558743 -1830.387138 -1830.359705 -1830.355969 -1830.356113 -1830.356805 -1830.357450 -1830.357962 -1830.358352 -1830.358652 -1830.358884 -1830.359069 -1830.359218 -1830.359342 -1830.359453 -1830.359563 -1830.359685 -1830.359839 -1830.360053 -1830.360370 -1830.360857 -1830.361625 -1830.362855 -1830.364858 -1830.368178 -1830.373807 -1830.383602 -1830.401161 -1830.433580 -1830.495100 -1830.614817 -1830.854259 -1831.351737 -1832.445074 -1835.043515 -1841.971879 -1864.311203 -9999.0 -9999.0
-9999.0 -9999.0 127.556415 32.862561 -64.442570 -162.435588 -260.684565 -359.020070 -457.352331 -555.612097 -653.653254 -751.267281 -848.488820 -945.119456 -1041.546722 -1137.981131 -1233.006411 -1326.136745 -1416.763649 -1503.408611 -1582.245027 -1649.009826 -1701.669944 -1740.922155 -1769.060220 -1788.744977 -1802.316766 -1811.584866 -1817.863468 -1822.082764 -1824.895359 -1826.756092 -1827.979134 -1828.778964 -1829.300466 -1829.642425 -1829.879803 -1830.106236 -1830.619857 -1832.702729 -1839.156282 -1817.945281 -1125.469533 -1127.029978 -1115.087485 -1107.418813 -1103.822084 -1103.286281 -1103.229800 -1103.236357 -1103.252182 -1103.269151 -1103.285455 -1103.300551 -1103.314540 -1103.330590 -1103.378826 -1103.699544 -1105.616022 -1109.898985 -1116.142015 -1106.069065 -1795.343672 -1833.568544 -1831.468996 -1830.558743 -1830.387138 -1830.359705 -1830.355969 -1830.356113 -1830.356805 -1830.357450 -1830.357962 -1830.358352 -1830.358652 -1830.358884 -1830.359069 -1830.359218 -1830.359342 -1830.359453 -1830.359563 -1830.359685 -1830.359839 -1830.360053 -1830.360370 -1830.360857 -1830.361625 -1830.362855 -1830.364858 -1830.368178 -1830.373807 -1830.383602 -1830.401161 -1830.433580 -1830.495100 -1830.614817 -1830.854259 -1831.351737 -1832.445074 -1835.043515 -1841.971879 -1864.311203 -9999.0 -9999.0
-9999.0 -9999.0 127.555055 32.861717 -64.442903 -162.435708 -260.684608 -359.020085 -457.352337 -555.612099 -653.653255 -751.267282 -848.488820 -945.119456 -1041.546722 -1137.981131 -1233.006410 -1326.136745 -1416.763649 -1503.408611 -1582.245027 -1649.009826 -1701.669944 -1740.922155 -1769.060220 -1788.744977 -1802.316766 -1811.584866 -1817.863468 -1822.082764 -1824.895359 -1826.756092 -1827.979134 -1828.778964 -1829.300466 -1829.642425 -1829.879803 -1830.106236 -1830.619857 -1832.702729 -1839.156282 -1817.945281 -1125.469533 -1127.029978 -1115.087485 -1107.418813 -1103.822084 -1103.286281 -1103.229800 -1103.236357 -1103.252182 -1103.269151 -1103.285455 -1103.300551 -1103.314540 -1103.330590 -1103.378826 -1103.699544 -1105.616022 -1109.898985 -1116.142015 -1106.069065 -1795.343672 -1833.568544 -1831.468996 -1830.558743 -1830.387138 -1830.359705 -1830.355969 -1830.356113 -1830.356805 -1830.357450 -1830.357962 -1830.358352 -1830.358652 -1830.358884 -1830.359069 -1830.359218 -1830.359342 -1830.359453 -1830.359563 -1830.359685 -1830.359839 -1830.360053 -1830.360370 -1830.360857 -1830.361625 -1830.362855 -1830.364858 -1830.368178 -1830.373807 -1830.383602 -1830.401161 -1830.433580 -1830.495100 -1830.614817 -1830.854259 -1831.351737 -1832.445074 -1835.043515 -1841.971879 -1864.311203 -9999.0 -9999.0
-9999.0 -9999.0 127.544158 32.859621 -64.443429 -162.435861 -260.684656 -359.020102 -457.352342 -555.612101 -653.653256 -751.267282 -848.488820 -945.119456 -1041.546722 -1137.981131 -1233.006410 -1326.136745 -1416.763649 -1503.408611 -1582.245027 -1649.009826 -1701.669944 -1740.922155 -1769.060219 -1788.744977 -1802.316766 -1811.584866 -1817.863468 -1822.082764 -1824.895359 -1826.756092 -1827.979134 -1828.778964 -1829.300466 -1829.642425 -1829.879803 -1830.106236 -1830.619857 -1832.702729 -1839.156282 -1817.945281 -1125.469533 -1127.029978 -1115.087485 -1107.418813 -1103.822084 -1103.286281 -1103.229800 -1103.236357 -1103.252182 -1103.269151 -1103.285455 -1103.300551 -1103.314540 -1103.330590 -1103.378826 -1103.699544 -1105.616022 -1109.898985 -1116.142015 -1106.069065 -1795.343672 -1833.568544 -1831.468996 -1830.558743 -1830.387138 -1830.359705 -1830.355969 -1830.356113 -1830.356805 -1830.357450 -1830.357962 -1830.358352 -1830.358652 -1830.358884 -1830.359069 -1830.359218 -1830.359342 -1830.359453 -1830.359563 -1830.359685 -1830.359839 -1830.360053 -1830.360370 -1830.360857 -1830.361625 -1830.362855 -1830.364858 -1830.368178 -1830.373807 -1830.383602 -1830.401161 -1830.433580 -1830.495100 -1830.614817 -1830.854259 -1831.351737 -1832.445074 -1835.043515 -1841.971879 -1864.311203 -9999.0 -9999.0
-9999.0 -9999.0 -9999.0 -9999.0 -9999.0 -9999.0 -9999.0 -9999.0 -9999.0 -9999.0 -9999.0 -9999.0 -9999.0 -9999.0 -9999.0 -9999.0 -9999.0 -9999.0 -9999.0 -9999.0 -9999.0 -9999.0 -9999.0 -9999.0 -9999.0 -9999.0 -9999.0 -9999.0 -9999.0 -9999.0 -9999.0 -9999.0 -9999.0 -9999.0 -9999.0 -9999.0 -9999.0 -9999.0 -9999.0 -9999.0 -9999.0 -9999.0 -9999.0 -9999.0 -9999.0 -9999.0 -9999.0 -9999.0 -9999.0 -9999.0 -9999.0 -9999.0 -9999.0 -9999.0 -9999.0 -9999.0 -9999.0 -9999.0 -9999.0 -9999.0 -9999.0 -9999.0 -9999.0 -9999.0 -9999.0 -9999.0 -9999.0 -9999.0 -9999.0 -9999.0 -9999.0 -9999.0 -9999.0 -9999.0 -9999.0 -9999.0 -9999.0 -9999.0 -9999.0 -9999.0 -9999.0 -9999.0 -9999.0 -9999.0 -9999.0 -9999.0 -9999.0 -9999.0 -9999.0 -9999.0 -9999.0 -9999.0 -9999.0 -9999.0 -9999.0 -9999.0 -9999.0 -9999.0 -9999.0 -9999.0 -9999.0 -9999.0 -9999.0 -9999.0
-9999.0 -9999.0 -9999.0 -9999.0 -9999.0 -9999.0 -9999.0 -9999.0 -9999.0 -9999.0 -9999.0 -9999.0 -9999.0 -9999.0 -9999.0 -9999.0 -9999.0 -9999.0 -9999.0 -9999.0 -9999.0 -9999.0 -9999.0 -9999.0 -9999.0 -9999.0 -9999.0 -9999.0 -9999.0 -9999.0 -9999.0 -9999.0 -9999.0 -9999.0 -9999.0 -9999.0 -9999.0 -9999.0 -9999.0 -9999.0 -9999.0 -9999.0 -9999.0 -9999.0 -9999.0 -9999.0 -9999.0 -9999.0 -9999.0 -9999.0 -9999.0 -9999.0 -9999.0 -9999.0 -9999.0 -9999.0 -9999.0 -9999.0 -9999.0 -9999.0 -9999.0 -9999.0 -9999.0 -9999.0 -9999.0 -9999.0 -9999.0 -9999.0 -9999.0 -9999.0 -9999.0 -9999.0 -9999.0 -9999.0 -9999.0 -9999.0 -9999.0 -9999.0 -9999.0 -9999.0 -9999.0 -9999.0 -9999.0 -9999.0 -9999.0 -9999.0 -9999.0 -9999.0 -9999.0 -9999.0 -9999.0 -9999.0 -9999.0 -9999.0 -9999.0 -9999.0 -9999.0 -9999.0 -9999.0 -9999.0 -9999.0 -9999.0 -9999.0 -9999.0