inst/processing_geotop_simulation/geotop_simulation/out/maps3D/PwL0017N0353.asc
ncols         104
nrows         10
xllcorner     -2.000000
yllcorner     0.000000
cellsize      1.000000
NODATA_value  -9999.0
-9999.0 -9999.0 -9999.0 -9999.0 -9999.0 -9999.0 -9999.0 -9999.0 -9999.0 -9999.0 -9999.0 -9999.0 -9999.0 -9999.0 -9999.0 -9999.0 -9999.0 -9999.0 -9999.0 -9999.0 -9999.0 -9999.0 -9999.0 -9999.0 -9999.0 -9999.0 -9999.0 -9999.0 -9999.0 -9999.0 -9999.0 -9999.0 -9999.0 -9999.0 -9999.0 -9999.0 -9999.0 -9999.0 -9999.0 -9999.0 -9999.0 -9999.0 -9999.0 -9999.0 -9999.0 -9999.0 -9999.0 -9999.0 -9999.0 -9999.0 -9999.0 -9999.0 -9999.0 -9999.0 -9999.0 -9999.0 -9999.0 -9999.0 -9999.0 -9999.0 -9999.0 -9999.0 -9999.0 -9999.0 -9999.0 -9999.0 -9999.0 -9999.0 -9999.0 -9999.0 -9999.0 -9999.0 -9999.0 -9999.0 -9999.0 -9999.0 -9999.0 -9999.0 -9999.0 -9999.0 -9999.0 -9999.0 -9999.0 -9999.0 -9999.0 -9999.0 -9999.0 -9999.0 -9999.0 -9999.0 -9999.0 -9999.0 -9999.0 -9999.0 -9999.0 -9999.0 -9999.0 -9999.0 -9999.0 -9999.0 -9999.0 -9999.0 -9999.0 -9999.0
-9999.0 -9999.0 -9999.0 -9999.0 -9999.0 -9999.0 -9999.0 -9999.0 -9999.0 -9999.0 -9999.0 -9999.0 -9999.0 -9999.0 -9999.0 -9999.0 -9999.0 -9999.0 -9999.0 -9999.0 -9999.0 -9999.0 -9999.0 -9999.0 -9999.0 -9999.0 -9999.0 -9999.0 -9999.0 -9999.0 -9999.0 -9999.0 -9999.0 -9999.0 -9999.0 -9999.0 -9999.0 -9999.0 -9999.0 -9999.0 -9999.0 -9999.0 -9999.0 -9999.0 -9999.0 -9999.0 -9999.0 -9999.0 -9999.0 -9999.0 -9999.0 -9999.0 -9999.0 -9999.0 -9999.0 -9999.0 -9999.0 -9999.0 -9999.0 -9999.0 -9999.0 -9999.0 -9999.0 -9999.0 -9999.0 -9999.0 -9999.0 -9999.0 -9999.0 -9999.0 -9999.0 -9999.0 -9999.0 -9999.0 -9999.0 -9999.0 -9999.0 -9999.0 -9999.0 -9999.0 -9999.0 -9999.0 -9999.0 -9999.0 -9999.0 -9999.0 -9999.0 -9999.0 -9999.0 -9999.0 -9999.0 -9999.0 -9999.0 -9999.0 -9999.0 -9999.0 -9999.0 -9999.0 -9999.0 -9999.0 -9999.0 -9999.0 -9999.0 -9999.0
-9999.0 -9999.0 820.681440 722.072320 623.263809 524.265014 425.170126 326.033302 226.883005 127.734453 28.596541 -70.522000 -169.619740 -268.684358 -367.687822 -466.581045 -565.272635 -663.605649 -761.717384 -859.814856 -957.539690 -1054.701583 -1149.042878 -1237.020665 -1317.549924 -1388.620822 -1448.961465 -1498.262365 -1537.124846 -1566.800013 -1588.855203 -1604.886666 -1616.333879 -1624.394184 -1630.009350 -1633.894044 -1636.590805 -1638.577761 -1640.578239 -1644.446347 -1654.682860 -1681.395265 -1972.331964 -4067.474370 -4133.654558 -4133.662956 -4133.662642 -4133.661705 -4133.657639 -4133.644951 -4133.611611 -4133.519769 -4133.373401 -4133.188394 -4132.887278 -4132.316165 -4131.100457 -4128.283833 -4121.353231 -4103.489639 -3922.972255 -1755.325658 -1639.541501 -1646.283788 -1643.792758 -1642.656716 -1642.385903 -1642.335138 -1642.327003 -1642.326218 -1642.326589 -1642.327061 -1642.327467 -1642.327796 -1642.328063 -1642.328284 -1642.328472 -1642.328636 -1642.328786 -1642.328927 -1642.329070 -1642.329225 -1642.329407 -1642.329636 -1642.329947 -1642.330390 -1642.331051 -1642.332071 -1642.333697 -1642.336366 -1642.340884 -1642.348787 -1642.363082 -1642.389803 -1642.441396 -1642.544556 -1642.759902 -1643.234886 -1644.354064 -1647.200420 -1655.167703 -1680.519797 -9999.0 -9999.0
-9999.0 -9999.0 820.684912 722.073554 623.264197 524.265138 425.170168 326.033316 226.883011 127.734455 28.596542 -70.522000 -169.619740 -268.684358 -367.687822 -466.581045 -565.272635 -663.605650 -761.717384 -859.814857 -957.539690 -1054.701583 -1149.042878 -1237.020665 -1317.549925 -1388.620822 -1448.961466 -1498.262365 -1537.124846 -1566.800013 -1588.855203 -1604.886666 -1616.333879 -1624.394185 -1630.009350 -1633.894044 -1636.590805 -1638.577761 -1640.578239 -1644.446347 -1654.682860 -1681.395265 -1972.331964 -4067.474370 -4133.654558 -4133.662956 -4133.662642 -4133.661705 -4133.657639 -4133.644951 -4133.611611 -4133.519769 -4133.373401 -4133.188394 -4132.887278 -4132.316165 -4131.100457 -4128.283833 -4121.353231 -4103.489639 -3922.972255 -1755.325658 -1639.541501 -1646.283788 -1643.792758 -1642.656716 -1642.385903 -1642.335138 -1642.327003 -1642.326218 -1642.326589 -1642.327061 -1642.327467 -1642.327796 -1642.328063 -1642.328284 -1642.328472 -1642.328636 -1642.328786 -1642.328927 -1642.329070 -1642.329225 -1642.329407 -1642.329636 -1642.329947 -1642.330390 -1642.331051 -1642.332071 -1642.333697 -1642.336366 -1642.340884 -1642.348787 -1642.363082 -1642.389803 -1642.441396 -1642.544556 -1642.759902 -1643.234886 -1644.354064 -1647.200420 -1655.167703 -1680.519797 -9999.0 -9999.0
-9999.0 -9999.0 820.686110 722.074188 623.264461 524.265238 425.170204 326.033330 226.883016 127.734457 28.596543 -70.521999 -169.619740 -268.684358 -367.687822 -466.581045 -565.272636 -663.605650 -761.717384 -859.814857 -957.539690 -1054.701583 -1149.042878 -1237.020665 -1317.549925 -1388.620822 -1448.961466 -1498.262365 -1537.124846 -1566.800013 -1588.855203 -1604.886666 -1616.333880 -1624.394185 -1630.009350 -1633.894044 -1636.590805 -1638.577761 -1640.578239 -1644.446347 -1654.682860 -1681.395265 -1972.331964 -4067.474370 -4133.654558 -4133.662956 -4133.662642 -4133.661705 -4133.657639 -4133.644951 -4133.611611 -4133.519769 -4133.373401 -4133.188394 -4132.887278 -4132.316165 -4131.100457 -4128.283833 -4121.353231 -4103.489638 -3922.972255 -1755.325658 -1639.541501 -1646.283788 -1643.792758 -1642.656716 -1642.385903 -1642.335138 -1642.327003 -1642.326218 -1642.326589 -1642.327061 -1642.327467 -1642.327796 -1642.328063 -1642.328284 -1642.328472 -1642.328636 -1642.328786 -1642.328927 -1642.329070 -1642.329225 -1642.329407 -1642.329636 -1642.329947 -1642.330390 -1642.331051 -1642.332071 -1642.333697 -1642.336366 -1642.340884 -1642.348787 -1642.363082 -1642.389803 -1642.441396 -1642.544556 -1642.759902 -1643.234886 -1644.354064 -1647.200420 -1655.167703 -1680.519797 -9999.0 -9999.0
-9999.0 -9999.0 820.686110 722.074188 623.264461 524.265238 425.170204 326.033330 226.883016 127.734457 28.596543 -70.521999 -169.619740 -268.684358 -367.687822 -466.581045 -565.272636 -663.605650 -761.717384 -859.814857 -957.539690 -1054.701583 -1149.042878 -1237.020665 -1317.549925 -1388.620822 -1448.961466 -1498.262365 -1537.124846 -1566.800013 -1588.855203 -1604.886666 -1616.333880 -1624.394185 -1630.009350 -1633.894044 -1636.590805 -1638.577761 -1640.578239 -1644.446347 -1654.682860 -1681.395265 -1972.331964 -4067.474370 -4133.654558 -4133.662956 -4133.662642 -4133.661705 -4133.657639 -4133.644951 -4133.611611 -4133.519769 -4133.373401 -4133.188394 -4132.887278 -4132.316165 -4131.100457 -4128.283833 -4121.353231 -4103.489638 -3922.972255 -1755.325658 -1639.541501 -1646.283788 -1643.792758 -1642.656716 -1642.385903 -1642.335138 -1642.327003 -1642.326218 -1642.326589 -1642.327061 -1642.327467 -1642.327796 -1642.328063 -1642.328284 -1642.328472 -1642.328636 -1642.328786 -1642.328927 -1642.329070 -1642.329225 -1642.329407 -1642.329636 -1642.329947 -1642.330390 -1642.331051 -1642.332071 -1642.333697 -1642.336366 -1642.340884 -1642.348787 -1642.363082 -1642.389803 -1642.441396 -1642.544556 -1642.759902 -1643.234886 -1644.354064 -1647.200420 -1655.167703 -1680.519797 -9999.0 -9999.0
-9999.0 -9999.0 820.684912 722.073554 623.264197 524.265138 425.170168 326.033316 226.883011 127.734455 28.596542 -70.522000 -169.619740 -268.684358 -367.687822 -466.581045 -565.272636 -663.605650 -761.717384 -859.814857 -957.539690 -1054.701583 -1149.042878 -1237.020665 -1317.549925 -1388.620822 -1448.961466 -1498.262365 -1537.124846 -1566.800013 -1588.855203 -1604.886666 -1616.333879 -1624.394185 -1630.009350 -1633.894044 -1636.590805 -1638.577761 -1640.578239 -1644.446347 -1654.682860 -1681.395265 -1972.331964 -4067.474370 -4133.654558 -4133.662956 -4133.662642 -4133.661705 -4133.657639 -4133.644951 -4133.611611 -4133.519769 -4133.373401 -4133.188394 -4132.887278 -4132.316165 -4131.100457 -4128.283833 -4121.353231 -4103.489638 -3922.972256 -1755.325658 -1639.541501 -1646.283788 -1643.792758 -1642.656716 -1642.385903 -1642.335138 -1642.327003 -1642.326218 -1642.326589 -1642.327061 -1642.327467 -1642.327796 -1642.328063 -1642.328284 -1642.328472 -1642.328636 -1642.328786 -1642.328927 -1642.329070 -1642.329225 -1642.329407 -1642.329636 -1642.329947 -1642.330390 -1642.331051 -1642.332071 -1642.333697 -1642.336366 -1642.340884 -1642.348787 -1642.363082 -1642.389803 -1642.441396 -1642.544556 -1642.759902 -1643.234886 -1644.354064 -1647.200420 -1655.167703 -1680.519797 -9999.0 -9999.0
-9999.0 -9999.0 820.681440 722.072320 623.263809 524.265014 425.170126 326.033302 226.883005 127.734453 28.596541 -70.522000 -169.619740 -268.684358 -367.687822 -466.581045 -565.272635 -663.605649 -761.717384 -859.814856 -957.539690 -1054.701583 -1149.042878 -1237.020665 -1317.549924 -1388.620822 -1448.961465 -1498.262365 -1537.124846 -1566.800013 -1588.855203 -1604.886666 -1616.333879 -1624.394184 -1630.009350 -1633.894044 -1636.590805 -1638.577761 -1640.578239 -1644.446347 -1654.682860 -1681.395265 -1972.331964 -4067.474370 -4133.654558 -4133.662956 -4133.662642 -4133.661705 -4133.657639 -4133.644951 -4133.611611 -4133.519769 -4133.373401 -4133.188394 -4132.887278 -4132.316165 -4131.100457 -4128.283833 -4121.353231 -4103.489639 -3922.972256 -1755.325658 -1639.541501 -1646.283788 -1643.792758 -1642.656716 -1642.385903 -1642.335138 -1642.327003 -1642.326218 -1642.326589 -1642.327061 -1642.327467 -1642.327796 -1642.328063 -1642.328284 -1642.328472 -1642.328636 -1642.328786 -1642.328927 -1642.329070 -1642.329225 -1642.329407 -1642.329636 -1642.329947 -1642.330390 -1642.331051 -1642.332071 -1642.333697 -1642.336366 -1642.340884 -1642.348787 -1642.363082 -1642.389803 -1642.441396 -1642.544556 -1642.759902 -1643.234886 -1644.354064 -1647.200420 -1655.167703 -1680.519797 -9999.0 -9999.0
-9999.0 -9999.0 -9999.0 -9999.0 -9999.0 -9999.0 -9999.0 -9999.0 -9999.0 -9999.0 -9999.0 -9999.0 -9999.0 -9999.0 -9999.0 -9999.0 -9999.0 -9999.0 -9999.0 -9999.0 -9999.0 -9999.0 -9999.0 -9999.0 -9999.0 -9999.0 -9999.0 -9999.0 -9999.0 -9999.0 -9999.0 -9999.0 -9999.0 -9999.0 -9999.0 -9999.0 -9999.0 -9999.0 -9999.0 -9999.0 -9999.0 -9999.0 -9999.0 -9999.0 -9999.0 -9999.0 -9999.0 -9999.0 -9999.0 -9999.0 -9999.0 -9999.0 -9999.0 -9999.0 -9999.0 -9999.0 -9999.0 -9999.0 -9999.0 -9999.0 -9999.0 -9999.0 -9999.0 -9999.0 -9999.0 -9999.0 -9999.0 -9999.0 -9999.0 -9999.0 -9999.0 -9999.0 -9999.0 -9999.0 -9999.0 -9999.0 -9999.0 -9999.0 -9999.0 -9999.0 -9999.0 -9999.0 -9999.0 -9999.0 -9999.0 -9999.0 -9999.0 -9999.0 -9999.0 -9999.0 -9999.0 -9999.0 -9999.0 -9999.0 -9999.0 -9999.0 -9999.0 -9999.0 -9999.0 -9999.0 -9999.0 -9999.0 -9999.0 -9999.0
-9999.0 -9999.0 -9999.0 -9999.0 -9999.0 -9999.0 -9999.0 -9999.0 -9999.0 -9999.0 -9999.0 -9999.0 -9999.0 -9999.0 -9999.0 -9999.0 -9999.0 -9999.0 -9999.0 -9999.0 -9999.0 -9999.0 -9999.0 -9999.0 -9999.0 -9999.0 -9999.0 -9999.0 -9999.0 -9999.0 -9999.0 -9999.0 -9999.0 -9999.0 -9999.0 -9999.0 -9999.0 -9999.0 -9999.0 -9999.0 -9999.0 -9999.0 -9999.0 -9999.0 -9999.0 -9999.0 -9999.0 -9999.0 -9999.0 -9999.0 -9999.0 -9999.0 -9999.0 -9999.0 -9999.0 -9999.0 -9999.0 -9999.0 -9999.0 -9999.0 -9999.0 -9999.0 -9999.0 -9999.0 -9999.0 -9999.0 -9999.0 -9999.0 -9999.0 -9999.0 -9999.0 -9999.0 -9999.0 -9999.0 -9999.0 -9999.0 -9999.0 -9999.0 -9999.0 -9999.0 -9999.0 -9999.0 -9999.0 -9999.0 -9999.0 -9999.0 -9999.0 -9999.0 -9999.0 -9999.0 -9999.0 -9999.0 -9999.0 -9999.0 -9999.0 -9999.0 -9999.0 -9999.0 -9999.0 -9999.0 -9999.0 -9999.0 -9999.0 -9999.0