inst/processing_geotop_simulation/geotop_simulation/out/maps3D/PwL0017N0338.asc
ncols         104
nrows         10
xllcorner     -2.000000
yllcorner     0.000000
cellsize      1.000000
NODATA_value  -9999.0
-9999.0 -9999.0 -9999.0 -9999.0 -9999.0 -9999.0 -9999.0 -9999.0 -9999.0 -9999.0 -9999.0 -9999.0 -9999.0 -9999.0 -9999.0 -9999.0 -9999.0 -9999.0 -9999.0 -9999.0 -9999.0 -9999.0 -9999.0 -9999.0 -9999.0 -9999.0 -9999.0 -9999.0 -9999.0 -9999.0 -9999.0 -9999.0 -9999.0 -9999.0 -9999.0 -9999.0 -9999.0 -9999.0 -9999.0 -9999.0 -9999.0 -9999.0 -9999.0 -9999.0 -9999.0 -9999.0 -9999.0 -9999.0 -9999.0 -9999.0 -9999.0 -9999.0 -9999.0 -9999.0 -9999.0 -9999.0 -9999.0 -9999.0 -9999.0 -9999.0 -9999.0 -9999.0 -9999.0 -9999.0 -9999.0 -9999.0 -9999.0 -9999.0 -9999.0 -9999.0 -9999.0 -9999.0 -9999.0 -9999.0 -9999.0 -9999.0 -9999.0 -9999.0 -9999.0 -9999.0 -9999.0 -9999.0 -9999.0 -9999.0 -9999.0 -9999.0 -9999.0 -9999.0 -9999.0 -9999.0 -9999.0 -9999.0 -9999.0 -9999.0 -9999.0 -9999.0 -9999.0 -9999.0 -9999.0 -9999.0 -9999.0 -9999.0 -9999.0 -9999.0
-9999.0 -9999.0 -9999.0 -9999.0 -9999.0 -9999.0 -9999.0 -9999.0 -9999.0 -9999.0 -9999.0 -9999.0 -9999.0 -9999.0 -9999.0 -9999.0 -9999.0 -9999.0 -9999.0 -9999.0 -9999.0 -9999.0 -9999.0 -9999.0 -9999.0 -9999.0 -9999.0 -9999.0 -9999.0 -9999.0 -9999.0 -9999.0 -9999.0 -9999.0 -9999.0 -9999.0 -9999.0 -9999.0 -9999.0 -9999.0 -9999.0 -9999.0 -9999.0 -9999.0 -9999.0 -9999.0 -9999.0 -9999.0 -9999.0 -9999.0 -9999.0 -9999.0 -9999.0 -9999.0 -9999.0 -9999.0 -9999.0 -9999.0 -9999.0 -9999.0 -9999.0 -9999.0 -9999.0 -9999.0 -9999.0 -9999.0 -9999.0 -9999.0 -9999.0 -9999.0 -9999.0 -9999.0 -9999.0 -9999.0 -9999.0 -9999.0 -9999.0 -9999.0 -9999.0 -9999.0 -9999.0 -9999.0 -9999.0 -9999.0 -9999.0 -9999.0 -9999.0 -9999.0 -9999.0 -9999.0 -9999.0 -9999.0 -9999.0 -9999.0 -9999.0 -9999.0 -9999.0 -9999.0 -9999.0 -9999.0 -9999.0 -9999.0 -9999.0 -9999.0
-9999.0 -9999.0 820.988746 722.490829 623.777750 524.859216 425.836889 326.769231 227.686966 128.606518 29.537464 -69.510782 -168.536479 -267.525700 -366.446792 -465.243941 -563.813147 -661.976374 -759.891629 -857.798021 -955.293295 -1052.173840 -1145.960302 -1232.867728 -1311.931904 -1381.207893 -1439.563545 -1486.860760 -1523.853833 -1551.895832 -1572.598365 -1587.555981 -1598.178527 -1605.621679 -1610.784165 -1614.341819 -1616.804198 -1618.620700 -1620.490015 -1624.291416 -1634.948962 -1665.249037 -1976.019198 -4071.256084 -4133.655544 -4133.663180 -4133.663019 -4133.662391 -4133.659594 -4133.650770 -4133.627371 -4133.562317 -4133.457919 -4133.325330 -4133.108551 -4132.695209 -4131.809488 -4129.740593 -4124.594897 -4111.091837 -3949.644985 -1763.333106 -1623.743977 -1626.555190 -1623.516029 -1622.335957 -1622.067475 -1622.018387 -1622.010662 -1622.009966 -1622.010362 -1622.010845 -1622.011257 -1622.011587 -1622.011853 -1622.012071 -1622.012255 -1622.012414 -1622.012557 -1622.012692 -1622.012827 -1622.012974 -1622.013148 -1622.013371 -1622.013677 -1622.014118 -1622.014782 -1622.015814 -1622.017467 -1622.020187 -1622.024798 -1622.032869 -1622.047464 -1622.074729 -1622.127309 -1622.232236 -1622.450650 -1622.930710 -1624.057356 -1626.909270 -1634.851327 -1660.062642 -9999.0 -9999.0
-9999.0 -9999.0 820.992258 722.492078 623.778143 524.859342 425.836931 326.769245 227.686971 128.606520 29.537465 -69.510781 -168.536479 -267.525700 -366.446792 -465.243941 -563.813148 -661.976374 -759.891629 -857.798021 -955.293295 -1052.173841 -1145.960302 -1232.867728 -1311.931904 -1381.207893 -1439.563545 -1486.860760 -1523.853833 -1551.895833 -1572.598365 -1587.555981 -1598.178527 -1605.621679 -1610.784165 -1614.341819 -1616.804198 -1618.620700 -1620.490015 -1624.291416 -1634.948962 -1665.249037 -1976.019198 -4071.256084 -4133.655544 -4133.663180 -4133.663019 -4133.662391 -4133.659594 -4133.650770 -4133.627371 -4133.562317 -4133.457919 -4133.325330 -4133.108551 -4132.695209 -4131.809488 -4129.740593 -4124.594896 -4111.091837 -3949.644985 -1763.333106 -1623.743977 -1626.555190 -1623.516029 -1622.335957 -1622.067475 -1622.018387 -1622.010662 -1622.009966 -1622.010362 -1622.010845 -1622.011257 -1622.011587 -1622.011853 -1622.012071 -1622.012255 -1622.012414 -1622.012557 -1622.012692 -1622.012827 -1622.012974 -1622.013148 -1622.013371 -1622.013677 -1622.014118 -1622.014782 -1622.015814 -1622.017467 -1622.020187 -1622.024798 -1622.032869 -1622.047464 -1622.074729 -1622.127309 -1622.232236 -1622.450650 -1622.930710 -1624.057356 -1626.909270 -1634.851327 -1660.062642 -9999.0 -9999.0
-9999.0 -9999.0 820.993471 722.492720 623.778409 524.859443 425.836968 326.769259 227.686976 128.606522 29.537466 -69.510781 -168.536478 -267.525700 -366.446792 -465.243941 -563.813148 -661.976374 -759.891629 -857.798021 -955.293296 -1052.173841 -1145.960303 -1232.867728 -1311.931904 -1381.207893 -1439.563545 -1486.860760 -1523.853833 -1551.895833 -1572.598365 -1587.555981 -1598.178527 -1605.621679 -1610.784165 -1614.341819 -1616.804198 -1618.620700 -1620.490015 -1624.291416 -1634.948962 -1665.249037 -1976.019198 -4071.256084 -4133.655544 -4133.663180 -4133.663019 -4133.662391 -4133.659594 -4133.650770 -4133.627371 -4133.562317 -4133.457919 -4133.325330 -4133.108551 -4132.695209 -4131.809488 -4129.740593 -4124.594896 -4111.091837 -3949.644985 -1763.333106 -1623.743977 -1626.555190 -1623.516029 -1622.335957 -1622.067475 -1622.018387 -1622.010662 -1622.009966 -1622.010362 -1622.010845 -1622.011257 -1622.011587 -1622.011853 -1622.012071 -1622.012255 -1622.012414 -1622.012557 -1622.012692 -1622.012827 -1622.012974 -1622.013148 -1622.013371 -1622.013677 -1622.014118 -1622.014782 -1622.015814 -1622.017467 -1622.020187 -1622.024798 -1622.032869 -1622.047464 -1622.074729 -1622.127309 -1622.232236 -1622.450650 -1622.930710 -1624.057356 -1626.909270 -1634.851327 -1660.062642 -9999.0 -9999.0
-9999.0 -9999.0 820.993471 722.492720 623.778410 524.859443 425.836968 326.769259 227.686976 128.606522 29.537466 -69.510781 -168.536478 -267.525700 -366.446792 -465.243941 -563.813148 -661.976374 -759.891629 -857.798021 -955.293295 -1052.173841 -1145.960303 -1232.867728 -1311.931904 -1381.207893 -1439.563545 -1486.860760 -1523.853833 -1551.895833 -1572.598365 -1587.555981 -1598.178527 -1605.621679 -1610.784165 -1614.341819 -1616.804198 -1618.620700 -1620.490015 -1624.291416 -1634.948962 -1665.249037 -1976.019198 -4071.256084 -4133.655544 -4133.663180 -4133.663019 -4133.662391 -4133.659594 -4133.650770 -4133.627371 -4133.562317 -4133.457919 -4133.325330 -4133.108551 -4132.695209 -4131.809488 -4129.740593 -4124.594896 -4111.091837 -3949.644985 -1763.333106 -1623.743977 -1626.555190 -1623.516029 -1622.335957 -1622.067475 -1622.018387 -1622.010662 -1622.009966 -1622.010362 -1622.010845 -1622.011257 -1622.011587 -1622.011853 -1622.012071 -1622.012255 -1622.012414 -1622.012557 -1622.012692 -1622.012827 -1622.012974 -1622.013148 -1622.013371 -1622.013677 -1622.014118 -1622.014782 -1622.015814 -1622.017467 -1622.020187 -1622.024798 -1622.032869 -1622.047464 -1622.074729 -1622.127309 -1622.232236 -1622.450650 -1622.930710 -1624.057356 -1626.909270 -1634.851327 -1660.062642 -9999.0 -9999.0
-9999.0 -9999.0 820.992258 722.492078 623.778143 524.859342 425.836931 326.769245 227.686971 128.606520 29.537465 -69.510781 -168.536479 -267.525700 -366.446792 -465.243941 -563.813148 -661.976374 -759.891629 -857.798021 -955.293295 -1052.173841 -1145.960302 -1232.867728 -1311.931904 -1381.207893 -1439.563545 -1486.860760 -1523.853833 -1551.895833 -1572.598365 -1587.555981 -1598.178527 -1605.621679 -1610.784165 -1614.341819 -1616.804198 -1618.620700 -1620.490015 -1624.291416 -1634.948962 -1665.249037 -1976.019198 -4071.256084 -4133.655544 -4133.663180 -4133.663019 -4133.662391 -4133.659594 -4133.650770 -4133.627371 -4133.562317 -4133.457919 -4133.325330 -4133.108551 -4132.695209 -4131.809488 -4129.740593 -4124.594896 -4111.091837 -3949.644985 -1763.333106 -1623.743977 -1626.555190 -1623.516029 -1622.335957 -1622.067475 -1622.018387 -1622.010662 -1622.009966 -1622.010362 -1622.010845 -1622.011257 -1622.011587 -1622.011853 -1622.012071 -1622.012255 -1622.012414 -1622.012557 -1622.012692 -1622.012827 -1622.012974 -1622.013148 -1622.013371 -1622.013677 -1622.014118 -1622.014782 -1622.015814 -1622.017467 -1622.020187 -1622.024798 -1622.032869 -1622.047464 -1622.074729 -1622.127309 -1622.232236 -1622.450650 -1622.930710 -1624.057356 -1626.909270 -1634.851327 -1660.062642 -9999.0 -9999.0
-9999.0 -9999.0 820.988746 722.490829 623.777750 524.859216 425.836889 326.769231 227.686966 128.606518 29.537464 -69.510782 -168.536479 -267.525700 -366.446792 -465.243941 -563.813147 -661.976374 -759.891629 -857.798021 -955.293295 -1052.173841 -1145.960302 -1232.867728 -1311.931904 -1381.207893 -1439.563545 -1486.860760 -1523.853833 -1551.895832 -1572.598365 -1587.555981 -1598.178527 -1605.621679 -1610.784165 -1614.341819 -1616.804198 -1618.620700 -1620.490015 -1624.291416 -1634.948962 -1665.249037 -1976.019198 -4071.256084 -4133.655544 -4133.663180 -4133.663019 -4133.662391 -4133.659594 -4133.650770 -4133.627371 -4133.562317 -4133.457919 -4133.325330 -4133.108551 -4132.695209 -4131.809488 -4129.740593 -4124.594897 -4111.091837 -3949.644985 -1763.333106 -1623.743977 -1626.555190 -1623.516029 -1622.335957 -1622.067475 -1622.018387 -1622.010662 -1622.009966 -1622.010362 -1622.010845 -1622.011257 -1622.011587 -1622.011853 -1622.012071 -1622.012255 -1622.012414 -1622.012557 -1622.012692 -1622.012827 -1622.012974 -1622.013148 -1622.013371 -1622.013677 -1622.014118 -1622.014782 -1622.015814 -1622.017467 -1622.020187 -1622.024798 -1622.032869 -1622.047464 -1622.074729 -1622.127309 -1622.232236 -1622.450650 -1622.930710 -1624.057356 -1626.909270 -1634.851327 -1660.062642 -9999.0 -9999.0
-9999.0 -9999.0 -9999.0 -9999.0 -9999.0 -9999.0 -9999.0 -9999.0 -9999.0 -9999.0 -9999.0 -9999.0 -9999.0 -9999.0 -9999.0 -9999.0 -9999.0 -9999.0 -9999.0 -9999.0 -9999.0 -9999.0 -9999.0 -9999.0 -9999.0 -9999.0 -9999.0 -9999.0 -9999.0 -9999.0 -9999.0 -9999.0 -9999.0 -9999.0 -9999.0 -9999.0 -9999.0 -9999.0 -9999.0 -9999.0 -9999.0 -9999.0 -9999.0 -9999.0 -9999.0 -9999.0 -9999.0 -9999.0 -9999.0 -9999.0 -9999.0 -9999.0 -9999.0 -9999.0 -9999.0 -9999.0 -9999.0 -9999.0 -9999.0 -9999.0 -9999.0 -9999.0 -9999.0 -9999.0 -9999.0 -9999.0 -9999.0 -9999.0 -9999.0 -9999.0 -9999.0 -9999.0 -9999.0 -9999.0 -9999.0 -9999.0 -9999.0 -9999.0 -9999.0 -9999.0 -9999.0 -9999.0 -9999.0 -9999.0 -9999.0 -9999.0 -9999.0 -9999.0 -9999.0 -9999.0 -9999.0 -9999.0 -9999.0 -9999.0 -9999.0 -9999.0 -9999.0 -9999.0 -9999.0 -9999.0 -9999.0 -9999.0 -9999.0 -9999.0
-9999.0 -9999.0 -9999.0 -9999.0 -9999.0 -9999.0 -9999.0 -9999.0 -9999.0 -9999.0 -9999.0 -9999.0 -9999.0 -9999.0 -9999.0 -9999.0 -9999.0 -9999.0 -9999.0 -9999.0 -9999.0 -9999.0 -9999.0 -9999.0 -9999.0 -9999.0 -9999.0 -9999.0 -9999.0 -9999.0 -9999.0 -9999.0 -9999.0 -9999.0 -9999.0 -9999.0 -9999.0 -9999.0 -9999.0 -9999.0 -9999.0 -9999.0 -9999.0 -9999.0 -9999.0 -9999.0 -9999.0 -9999.0 -9999.0 -9999.0 -9999.0 -9999.0 -9999.0 -9999.0 -9999.0 -9999.0 -9999.0 -9999.0 -9999.0 -9999.0 -9999.0 -9999.0 -9999.0 -9999.0 -9999.0 -9999.0 -9999.0 -9999.0 -9999.0 -9999.0 -9999.0 -9999.0 -9999.0 -9999.0 -9999.0 -9999.0 -9999.0 -9999.0 -9999.0 -9999.0 -9999.0 -9999.0 -9999.0 -9999.0 -9999.0 -9999.0 -9999.0 -9999.0 -9999.0 -9999.0 -9999.0 -9999.0 -9999.0 -9999.0 -9999.0 -9999.0 -9999.0 -9999.0 -9999.0 -9999.0 -9999.0 -9999.0 -9999.0 -9999.0