inst/processing_geotop_simulation/geotop_simulation/out/maps3D/PwL0008N0008.asc
ncols         104
nrows         10
xllcorner     -2.000000
yllcorner     0.000000
cellsize      1.000000
NODATA_value  -9999.0
-9999.0 -9999.0 -9999.0 -9999.0 -9999.0 -9999.0 -9999.0 -9999.0 -9999.0 -9999.0 -9999.0 -9999.0 -9999.0 -9999.0 -9999.0 -9999.0 -9999.0 -9999.0 -9999.0 -9999.0 -9999.0 -9999.0 -9999.0 -9999.0 -9999.0 -9999.0 -9999.0 -9999.0 -9999.0 -9999.0 -9999.0 -9999.0 -9999.0 -9999.0 -9999.0 -9999.0 -9999.0 -9999.0 -9999.0 -9999.0 -9999.0 -9999.0 -9999.0 -9999.0 -9999.0 -9999.0 -9999.0 -9999.0 -9999.0 -9999.0 -9999.0 -9999.0 -9999.0 -9999.0 -9999.0 -9999.0 -9999.0 -9999.0 -9999.0 -9999.0 -9999.0 -9999.0 -9999.0 -9999.0 -9999.0 -9999.0 -9999.0 -9999.0 -9999.0 -9999.0 -9999.0 -9999.0 -9999.0 -9999.0 -9999.0 -9999.0 -9999.0 -9999.0 -9999.0 -9999.0 -9999.0 -9999.0 -9999.0 -9999.0 -9999.0 -9999.0 -9999.0 -9999.0 -9999.0 -9999.0 -9999.0 -9999.0 -9999.0 -9999.0 -9999.0 -9999.0 -9999.0 -9999.0 -9999.0 -9999.0 -9999.0 -9999.0 -9999.0 -9999.0
-9999.0 -9999.0 -9999.0 -9999.0 -9999.0 -9999.0 -9999.0 -9999.0 -9999.0 -9999.0 -9999.0 -9999.0 -9999.0 -9999.0 -9999.0 -9999.0 -9999.0 -9999.0 -9999.0 -9999.0 -9999.0 -9999.0 -9999.0 -9999.0 -9999.0 -9999.0 -9999.0 -9999.0 -9999.0 -9999.0 -9999.0 -9999.0 -9999.0 -9999.0 -9999.0 -9999.0 -9999.0 -9999.0 -9999.0 -9999.0 -9999.0 -9999.0 -9999.0 -9999.0 -9999.0 -9999.0 -9999.0 -9999.0 -9999.0 -9999.0 -9999.0 -9999.0 -9999.0 -9999.0 -9999.0 -9999.0 -9999.0 -9999.0 -9999.0 -9999.0 -9999.0 -9999.0 -9999.0 -9999.0 -9999.0 -9999.0 -9999.0 -9999.0 -9999.0 -9999.0 -9999.0 -9999.0 -9999.0 -9999.0 -9999.0 -9999.0 -9999.0 -9999.0 -9999.0 -9999.0 -9999.0 -9999.0 -9999.0 -9999.0 -9999.0 -9999.0 -9999.0 -9999.0 -9999.0 -9999.0 -9999.0 -9999.0 -9999.0 -9999.0 -9999.0 -9999.0 -9999.0 -9999.0 -9999.0 -9999.0 -9999.0 -9999.0 -9999.0 -9999.0
-9999.0 -9999.0 379.255328 297.349404 219.581472 143.551767 67.041848 -12.251906 -94.797929 -178.651887 -281.496890 -353.259446 -396.092342 -411.261336 -344.188930 -230.748805 -105.335477 16.218578 78.338639 31.865295 -15.622697 -62.423221 -108.205572 -138.789281 -156.368632 -165.252653 -168.481420 -168.237978 -166.152024 -163.439397 -159.969418 -156.470478 -153.428598 -151.123387 -149.823736 -149.852455 -151.604591 -155.618735 -162.713055 -174.221387 -190.912327 -211.589562 -3849.996349 -4579.205695 -4579.207921 -4579.207921 -4579.207921 -4579.207921 -4579.207921 -4579.207921 -4579.207921 -4579.207921 -4579.207921 -4579.207921 -4579.207921 -4579.207921 -4579.207921 -4579.207921 -4579.207921 -4579.207921 -4579.204733 -3775.667250 311.163398 231.571167 155.776336 82.069938 10.781475 -55.755901 -113.879625 -160.975810 -196.375597 -220.728043 -237.251281 -248.727216 -256.093314 -261.159810 -264.960618 -268.120531 -271.035088 -273.889647 -276.811363 -279.962304 -283.535899 -287.768441 -292.000714 -296.475182 -301.311327 -306.595808 -312.721655 -318.845613 -324.851389 -331.318288 -338.792336 -348.002049 -360.102908 -377.053132 -402.413860 -437.740601 -490.440420 -586.378480 -763.262434 -1101.140395 -9999.0 -9999.0
-9999.0 -9999.0 379.345515 297.382344 219.593191 143.556209 67.043610 -12.251174 -94.797627 -178.651776 -281.496832 -353.259418 -396.092329 -411.261333 -344.188930 -230.748805 -105.335477 16.218578 78.338639 31.865295 -15.622697 -62.423221 -108.205572 -138.789281 -156.368632 -165.252652 -168.481420 -168.237978 -166.152024 -163.439397 -159.969418 -156.470478 -153.428598 -151.123387 -149.823736 -149.852455 -151.604591 -155.618735 -162.713055 -174.221387 -190.912327 -211.589562 -3849.996349 -4579.205695 -4579.207921 -4579.207921 -4579.207921 -4579.207921 -4579.207921 -4579.207921 -4579.207921 -4579.207921 -4579.207921 -4579.207921 -4579.207921 -4579.207921 -4579.207921 -4579.207921 -4579.207921 -4579.207921 -4579.204733 -3775.667250 311.163398 231.571167 155.776336 82.069938 10.781475 -55.755901 -113.879625 -160.975810 -196.375597 -220.728043 -237.251281 -248.727216 -256.093314 -261.159810 -264.960618 -268.120531 -271.035088 -273.889647 -276.811363 -279.962304 -283.535899 -287.768441 -292.000714 -296.475182 -301.311327 -306.595808 -312.721655 -318.845613 -324.851389 -331.318288 -338.792336 -348.002049 -360.102908 -377.053132 -402.413860 -437.740601 -490.440419 -586.378480 -763.262433 -1101.140395 -9999.0 -9999.0
-9999.0 -9999.0 379.373173 297.399525 219.601441 143.559892 67.045205 -12.250479 -94.797333 -178.651666 -281.496774 -353.259389 -396.092316 -411.261331 -344.188929 -230.748805 -105.335477 16.218578 78.338639 31.865295 -15.622697 -62.423220 -108.205572 -138.789280 -156.368631 -165.252652 -168.481419 -168.237978 -166.152024 -163.439396 -159.969418 -156.470478 -153.428598 -151.123387 -149.823736 -149.852455 -151.604591 -155.618735 -162.713055 -174.221387 -190.912327 -211.589562 -3849.996349 -4579.205695 -4579.207921 -4579.207921 -4579.207921 -4579.207921 -4579.207921 -4579.207921 -4579.207921 -4579.207921 -4579.207921 -4579.207921 -4579.207921 -4579.207921 -4579.207921 -4579.207921 -4579.207921 -4579.207921 -4579.204733 -3775.667250 311.163398 231.571167 155.776336 82.069938 10.781475 -55.755901 -113.879625 -160.975810 -196.375597 -220.728043 -237.251281 -248.727216 -256.093314 -261.159810 -264.960618 -268.120531 -271.035088 -273.889647 -276.811363 -279.962304 -283.535899 -287.768441 -292.000714 -296.475182 -301.311327 -306.595808 -312.721655 -318.845613 -324.851389 -331.318288 -338.792336 -348.002049 -360.102908 -377.053132 -402.413860 -437.740601 -490.440420 -586.378479 -763.262433 -1101.140392 -9999.0 -9999.0
-9999.0 -9999.0 379.373173 297.399525 219.601441 143.559892 67.045205 -12.250479 -94.797333 -178.651666 -281.496774 -353.259389 -396.092316 -411.261331 -344.188929 -230.748805 -105.335477 16.218578 78.338639 31.865295 -15.622697 -62.423220 -108.205572 -138.789280 -156.368631 -165.252652 -168.481419 -168.237978 -166.152024 -163.439396 -159.969418 -156.470478 -153.428598 -151.123387 -149.823736 -149.852455 -151.604591 -155.618735 -162.713055 -174.221387 -190.912327 -211.589562 -3849.996349 -4579.205695 -4579.207921 -4579.207921 -4579.207921 -4579.207921 -4579.207921 -4579.207921 -4579.207921 -4579.207921 -4579.207921 -4579.207921 -4579.207921 -4579.207921 -4579.207921 -4579.207921 -4579.207921 -4579.207921 -4579.204733 -3775.667250 311.163398 231.571167 155.776336 82.069938 10.781475 -55.755901 -113.879625 -160.975810 -196.375597 -220.728043 -237.251281 -248.727216 -256.093314 -261.159810 -264.960618 -268.120531 -271.035088 -273.889647 -276.811363 -279.962304 -283.535899 -287.768441 -292.000714 -296.475182 -301.311327 -306.595808 -312.721655 -318.845613 -324.851389 -331.318288 -338.792336 -348.002049 -360.102908 -377.053132 -402.413860 -437.740601 -490.440419 -586.378480 -763.262433 -1101.140393 -9999.0 -9999.0
-9999.0 -9999.0 379.345515 297.382344 219.593191 143.556209 67.043610 -12.251174 -94.797627 -178.651776 -281.496832 -353.259418 -396.092329 -411.261333 -344.188930 -230.748805 -105.335477 16.218578 78.338639 31.865295 -15.622697 -62.423221 -108.205572 -138.789281 -156.368632 -165.252652 -168.481420 -168.237978 -166.152024 -163.439397 -159.969418 -156.470478 -153.428598 -151.123387 -149.823736 -149.852455 -151.604591 -155.618735 -162.713055 -174.221387 -190.912327 -211.589562 -3849.996349 -4579.205695 -4579.207921 -4579.207921 -4579.207921 -4579.207921 -4579.207921 -4579.207921 -4579.207921 -4579.207921 -4579.207921 -4579.207921 -4579.207921 -4579.207921 -4579.207921 -4579.207921 -4579.207921 -4579.207921 -4579.204733 -3775.667250 311.163398 231.571167 155.776336 82.069938 10.781475 -55.755901 -113.879625 -160.975810 -196.375597 -220.728043 -237.251281 -248.727216 -256.093314 -261.159810 -264.960618 -268.120531 -271.035088 -273.889647 -276.811363 -279.962304 -283.535899 -287.768441 -292.000714 -296.475182 -301.311327 -306.595808 -312.721655 -318.845613 -324.851389 -331.318288 -338.792336 -348.002049 -360.102908 -377.053132 -402.413860 -437.740601 -490.440420 -586.378480 -763.262434 -1101.140394 -9999.0 -9999.0
-9999.0 -9999.0 379.255328 297.349404 219.581472 143.551767 67.041848 -12.251906 -94.797929 -178.651887 -281.496890 -353.259446 -396.092342 -411.261336 -344.188930 -230.748805 -105.335477 16.218578 78.338639 31.865295 -15.622697 -62.423221 -108.205572 -138.789281 -156.368632 -165.252653 -168.481420 -168.237978 -166.152024 -163.439397 -159.969418 -156.470478 -153.428598 -151.123387 -149.823736 -149.852455 -151.604591 -155.618735 -162.713055 -174.221387 -190.912327 -211.589562 -3849.996349 -4579.205695 -4579.207921 -4579.207921 -4579.207921 -4579.207921 -4579.207921 -4579.207921 -4579.207921 -4579.207921 -4579.207921 -4579.207921 -4579.207921 -4579.207921 -4579.207921 -4579.207921 -4579.207921 -4579.207921 -4579.204733 -3775.667250 311.163398 231.571167 155.776336 82.069938 10.781475 -55.755901 -113.879625 -160.975810 -196.375597 -220.728043 -237.251281 -248.727216 -256.093314 -261.159810 -264.960618 -268.120531 -271.035088 -273.889647 -276.811363 -279.962304 -283.535899 -287.768441 -292.000714 -296.475182 -301.311327 -306.595808 -312.721655 -318.845613 -324.851389 -331.318288 -338.792336 -348.002049 -360.102908 -377.053132 -402.413860 -437.740601 -490.440420 -586.378480 -763.262434 -1101.140396 -9999.0 -9999.0
-9999.0 -9999.0 -9999.0 -9999.0 -9999.0 -9999.0 -9999.0 -9999.0 -9999.0 -9999.0 -9999.0 -9999.0 -9999.0 -9999.0 -9999.0 -9999.0 -9999.0 -9999.0 -9999.0 -9999.0 -9999.0 -9999.0 -9999.0 -9999.0 -9999.0 -9999.0 -9999.0 -9999.0 -9999.0 -9999.0 -9999.0 -9999.0 -9999.0 -9999.0 -9999.0 -9999.0 -9999.0 -9999.0 -9999.0 -9999.0 -9999.0 -9999.0 -9999.0 -9999.0 -9999.0 -9999.0 -9999.0 -9999.0 -9999.0 -9999.0 -9999.0 -9999.0 -9999.0 -9999.0 -9999.0 -9999.0 -9999.0 -9999.0 -9999.0 -9999.0 -9999.0 -9999.0 -9999.0 -9999.0 -9999.0 -9999.0 -9999.0 -9999.0 -9999.0 -9999.0 -9999.0 -9999.0 -9999.0 -9999.0 -9999.0 -9999.0 -9999.0 -9999.0 -9999.0 -9999.0 -9999.0 -9999.0 -9999.0 -9999.0 -9999.0 -9999.0 -9999.0 -9999.0 -9999.0 -9999.0 -9999.0 -9999.0 -9999.0 -9999.0 -9999.0 -9999.0 -9999.0 -9999.0 -9999.0 -9999.0 -9999.0 -9999.0 -9999.0 -9999.0
-9999.0 -9999.0 -9999.0 -9999.0 -9999.0 -9999.0 -9999.0 -9999.0 -9999.0 -9999.0 -9999.0 -9999.0 -9999.0 -9999.0 -9999.0 -9999.0 -9999.0 -9999.0 -9999.0 -9999.0 -9999.0 -9999.0 -9999.0 -9999.0 -9999.0 -9999.0 -9999.0 -9999.0 -9999.0 -9999.0 -9999.0 -9999.0 -9999.0 -9999.0 -9999.0 -9999.0 -9999.0 -9999.0 -9999.0 -9999.0 -9999.0 -9999.0 -9999.0 -9999.0 -9999.0 -9999.0 -9999.0 -9999.0 -9999.0 -9999.0 -9999.0 -9999.0 -9999.0 -9999.0 -9999.0 -9999.0 -9999.0 -9999.0 -9999.0 -9999.0 -9999.0 -9999.0 -9999.0 -9999.0 -9999.0 -9999.0 -9999.0 -9999.0 -9999.0 -9999.0 -9999.0 -9999.0 -9999.0 -9999.0 -9999.0 -9999.0 -9999.0 -9999.0 -9999.0 -9999.0 -9999.0 -9999.0 -9999.0 -9999.0 -9999.0 -9999.0 -9999.0 -9999.0 -9999.0 -9999.0 -9999.0 -9999.0 -9999.0 -9999.0 -9999.0 -9999.0 -9999.0 -9999.0 -9999.0 -9999.0 -9999.0 -9999.0 -9999.0 -9999.0