inst/processing_geotop_simulation/geotop_simulation/out/maps3D/PwL0012N0114.asc
ncols         104
nrows         10
xllcorner     -2.000000
yllcorner     0.000000
cellsize      1.000000
NODATA_value  -9999.0
-9999.0 -9999.0 -9999.0 -9999.0 -9999.0 -9999.0 -9999.0 -9999.0 -9999.0 -9999.0 -9999.0 -9999.0 -9999.0 -9999.0 -9999.0 -9999.0 -9999.0 -9999.0 -9999.0 -9999.0 -9999.0 -9999.0 -9999.0 -9999.0 -9999.0 -9999.0 -9999.0 -9999.0 -9999.0 -9999.0 -9999.0 -9999.0 -9999.0 -9999.0 -9999.0 -9999.0 -9999.0 -9999.0 -9999.0 -9999.0 -9999.0 -9999.0 -9999.0 -9999.0 -9999.0 -9999.0 -9999.0 -9999.0 -9999.0 -9999.0 -9999.0 -9999.0 -9999.0 -9999.0 -9999.0 -9999.0 -9999.0 -9999.0 -9999.0 -9999.0 -9999.0 -9999.0 -9999.0 -9999.0 -9999.0 -9999.0 -9999.0 -9999.0 -9999.0 -9999.0 -9999.0 -9999.0 -9999.0 -9999.0 -9999.0 -9999.0 -9999.0 -9999.0 -9999.0 -9999.0 -9999.0 -9999.0 -9999.0 -9999.0 -9999.0 -9999.0 -9999.0 -9999.0 -9999.0 -9999.0 -9999.0 -9999.0 -9999.0 -9999.0 -9999.0 -9999.0 -9999.0 -9999.0 -9999.0 -9999.0 -9999.0 -9999.0 -9999.0 -9999.0
-9999.0 -9999.0 -9999.0 -9999.0 -9999.0 -9999.0 -9999.0 -9999.0 -9999.0 -9999.0 -9999.0 -9999.0 -9999.0 -9999.0 -9999.0 -9999.0 -9999.0 -9999.0 -9999.0 -9999.0 -9999.0 -9999.0 -9999.0 -9999.0 -9999.0 -9999.0 -9999.0 -9999.0 -9999.0 -9999.0 -9999.0 -9999.0 -9999.0 -9999.0 -9999.0 -9999.0 -9999.0 -9999.0 -9999.0 -9999.0 -9999.0 -9999.0 -9999.0 -9999.0 -9999.0 -9999.0 -9999.0 -9999.0 -9999.0 -9999.0 -9999.0 -9999.0 -9999.0 -9999.0 -9999.0 -9999.0 -9999.0 -9999.0 -9999.0 -9999.0 -9999.0 -9999.0 -9999.0 -9999.0 -9999.0 -9999.0 -9999.0 -9999.0 -9999.0 -9999.0 -9999.0 -9999.0 -9999.0 -9999.0 -9999.0 -9999.0 -9999.0 -9999.0 -9999.0 -9999.0 -9999.0 -9999.0 -9999.0 -9999.0 -9999.0 -9999.0 -9999.0 -9999.0 -9999.0 -9999.0 -9999.0 -9999.0 -9999.0 -9999.0 -9999.0 -9999.0 -9999.0 -9999.0 -9999.0 -9999.0 -9999.0 -9999.0 -9999.0 -9999.0
-9999.0 -9999.0 589.643753 500.446742 408.416147 314.790535 220.452686 125.811803 31.069199 -63.652581 -158.312413 -252.898208 -347.557762 -443.057551 -540.336839 -640.074276 -739.835216 -835.686107 -928.871282 -1017.988937 -1094.726515 -1148.995327 -1182.912286 -1202.241810 -1212.732792 -1218.440148 -1221.722544 -1223.783994 -1225.189404 -1226.198355 -1226.939841 -1227.487567 -1227.890648 -1228.184804 -1228.396982 -1228.549664 -1228.669370 -1228.801447 -1229.077100 -1230.500371 -1240.476089 -1314.804435 -2094.228446 -4367.295782 -4379.984046 -4378.134448 -4376.390862 -4376.116918 -4376.088759 -4376.091267 -4376.097995 -4376.105199 -4376.112100 -4376.118475 -4376.124364 -4376.131052 -4376.151422 -4376.299048 -4377.299736 -4378.847527 -4358.543392 -1967.579724 -1288.325492 -1236.524103 -1229.972844 -1229.155574 -1229.040375 -1229.021908 -1229.020112 -1229.021356 -1229.022891 -1229.024177 -1229.025166 -1229.025915 -1229.026487 -1229.026929 -1229.027279 -1229.027561 -1229.027796 -1229.028002 -1229.028202 -1229.028423 -1229.028698 -1229.029079 -1229.029641 -1229.030504 -1229.031859 -1229.034020 -1229.037518 -1229.043271 -1229.052925 -1229.069526 -1229.098912 -1229.152524 -1229.253133 -1229.446454 -1229.825614 -1230.588176 -1232.187992 -1235.769953 -1244.450618 -1268.321101 -9999.0 -9999.0
-9999.0 -9999.0 589.649836 500.448589 408.416682 314.790699 220.452739 125.811820 31.069205 -63.652579 -158.312412 -252.898208 -347.557762 -443.057551 -540.336839 -640.074276 -739.835216 -835.686107 -928.871282 -1017.988937 -1094.726515 -1148.995327 -1182.912286 -1202.241810 -1212.732792 -1218.440148 -1221.722544 -1223.783994 -1225.189404 -1226.198355 -1226.939841 -1227.487567 -1227.890648 -1228.184804 -1228.396982 -1228.549664 -1228.669370 -1228.801447 -1229.077100 -1230.500371 -1240.476089 -1314.804435 -2094.228446 -4367.295782 -4379.984046 -4378.134448 -4376.390862 -4376.116918 -4376.088759 -4376.091267 -4376.097995 -4376.105199 -4376.112100 -4376.118475 -4376.124364 -4376.131052 -4376.151422 -4376.299048 -4377.299736 -4378.847527 -4358.543392 -1967.579724 -1288.325492 -1236.524103 -1229.972844 -1229.155574 -1229.040375 -1229.021908 -1229.020112 -1229.021356 -1229.022891 -1229.024177 -1229.025166 -1229.025915 -1229.026487 -1229.026929 -1229.027279 -1229.027561 -1229.027796 -1229.028002 -1229.028202 -1229.028423 -1229.028698 -1229.029079 -1229.029641 -1229.030504 -1229.031859 -1229.034020 -1229.037518 -1229.043271 -1229.052925 -1229.069526 -1229.098912 -1229.152524 -1229.253133 -1229.446454 -1229.825614 -1230.588176 -1232.187992 -1235.769953 -1244.450618 -1268.321101 -9999.0 -9999.0
-9999.0 -9999.0 589.651471 500.449447 408.417031 314.790829 220.452786 125.811837 31.069211 -63.652577 -158.312412 -252.898208 -347.557762 -443.057551 -540.336839 -640.074276 -739.835216 -835.686107 -928.871282 -1017.988937 -1094.726515 -1148.995327 -1182.912286 -1202.241810 -1212.732792 -1218.440148 -1221.722544 -1223.783994 -1225.189404 -1226.198355 -1226.939841 -1227.487567 -1227.890648 -1228.184804 -1228.396982 -1228.549664 -1228.669370 -1228.801447 -1229.077100 -1230.500371 -1240.476089 -1314.804435 -2094.228446 -4367.295782 -4379.984046 -4378.134448 -4376.390862 -4376.116918 -4376.088759 -4376.091267 -4376.097995 -4376.105199 -4376.112100 -4376.118475 -4376.124364 -4376.131052 -4376.151422 -4376.299048 -4377.299736 -4378.847527 -4358.543392 -1967.579724 -1288.325492 -1236.524103 -1229.972844 -1229.155574 -1229.040375 -1229.021908 -1229.020112 -1229.021356 -1229.022891 -1229.024177 -1229.025166 -1229.025915 -1229.026487 -1229.026929 -1229.027279 -1229.027561 -1229.027796 -1229.028002 -1229.028202 -1229.028423 -1229.028698 -1229.029079 -1229.029641 -1229.030504 -1229.031859 -1229.034020 -1229.037518 -1229.043271 -1229.052925 -1229.069526 -1229.098912 -1229.152524 -1229.253133 -1229.446454 -1229.825614 -1230.588176 -1232.187992 -1235.769953 -1244.450618 -1268.321101 -9999.0 -9999.0
-9999.0 -9999.0 589.651471 500.449447 408.417031 314.790829 220.452786 125.811837 31.069211 -63.652577 -158.312412 -252.898208 -347.557762 -443.057551 -540.336839 -640.074276 -739.835216 -835.686107 -928.871282 -1017.988937 -1094.726515 -1148.995327 -1182.912286 -1202.241810 -1212.732792 -1218.440148 -1221.722544 -1223.783994 -1225.189404 -1226.198355 -1226.939841 -1227.487567 -1227.890648 -1228.184804 -1228.396982 -1228.549664 -1228.669370 -1228.801447 -1229.077100 -1230.500371 -1240.476089 -1314.804435 -2094.228446 -4367.295782 -4379.984046 -4378.134448 -4376.390862 -4376.116918 -4376.088759 -4376.091267 -4376.097995 -4376.105199 -4376.112100 -4376.118475 -4376.124364 -4376.131052 -4376.151422 -4376.299048 -4377.299736 -4378.847527 -4358.543392 -1967.579724 -1288.325492 -1236.524103 -1229.972844 -1229.155574 -1229.040375 -1229.021908 -1229.020112 -1229.021356 -1229.022891 -1229.024177 -1229.025166 -1229.025915 -1229.026487 -1229.026929 -1229.027279 -1229.027561 -1229.027796 -1229.028002 -1229.028202 -1229.028423 -1229.028698 -1229.029079 -1229.029641 -1229.030504 -1229.031859 -1229.034020 -1229.037518 -1229.043271 -1229.052925 -1229.069526 -1229.098912 -1229.152524 -1229.253133 -1229.446454 -1229.825614 -1230.588176 -1232.187992 -1235.769953 -1244.450618 -1268.321101 -9999.0 -9999.0
-9999.0 -9999.0 589.649836 500.448589 408.416682 314.790699 220.452739 125.811820 31.069205 -63.652579 -158.312412 -252.898208 -347.557762 -443.057551 -540.336839 -640.074276 -739.835216 -835.686107 -928.871282 -1017.988937 -1094.726515 -1148.995327 -1182.912286 -1202.241810 -1212.732792 -1218.440148 -1221.722544 -1223.783994 -1225.189404 -1226.198355 -1226.939841 -1227.487567 -1227.890648 -1228.184804 -1228.396982 -1228.549664 -1228.669370 -1228.801447 -1229.077100 -1230.500371 -1240.476089 -1314.804435 -2094.228446 -4367.295782 -4379.984046 -4378.134448 -4376.390862 -4376.116918 -4376.088759 -4376.091267 -4376.097995 -4376.105199 -4376.112100 -4376.118475 -4376.124364 -4376.131052 -4376.151422 -4376.299048 -4377.299736 -4378.847527 -4358.543392 -1967.579724 -1288.325492 -1236.524103 -1229.972844 -1229.155574 -1229.040375 -1229.021908 -1229.020112 -1229.021356 -1229.022891 -1229.024177 -1229.025166 -1229.025915 -1229.026487 -1229.026929 -1229.027279 -1229.027561 -1229.027796 -1229.028002 -1229.028202 -1229.028423 -1229.028698 -1229.029079 -1229.029641 -1229.030504 -1229.031859 -1229.034020 -1229.037518 -1229.043271 -1229.052925 -1229.069526 -1229.098912 -1229.152524 -1229.253133 -1229.446454 -1229.825614 -1230.588176 -1232.187992 -1235.769953 -1244.450618 -1268.321101 -9999.0 -9999.0
-9999.0 -9999.0 589.643753 500.446742 408.416147 314.790535 220.452686 125.811802 31.069199 -63.652582 -158.312413 -252.898208 -347.557762 -443.057551 -540.336839 -640.074276 -739.835216 -835.686107 -928.871282 -1017.988937 -1094.726515 -1148.995327 -1182.912286 -1202.241810 -1212.732792 -1218.440148 -1221.722544 -1223.783994 -1225.189404 -1226.198355 -1226.939841 -1227.487567 -1227.890648 -1228.184804 -1228.396982 -1228.549664 -1228.669370 -1228.801447 -1229.077100 -1230.500371 -1240.476089 -1314.804435 -2094.228446 -4367.295782 -4379.984046 -4378.134448 -4376.390862 -4376.116918 -4376.088759 -4376.091267 -4376.097995 -4376.105199 -4376.112100 -4376.118475 -4376.124364 -4376.131052 -4376.151422 -4376.299048 -4377.299736 -4378.847527 -4358.543392 -1967.579724 -1288.325492 -1236.524103 -1229.972844 -1229.155574 -1229.040375 -1229.021908 -1229.020112 -1229.021356 -1229.022891 -1229.024177 -1229.025166 -1229.025915 -1229.026487 -1229.026929 -1229.027279 -1229.027561 -1229.027796 -1229.028002 -1229.028202 -1229.028423 -1229.028698 -1229.029079 -1229.029641 -1229.030504 -1229.031859 -1229.034020 -1229.037518 -1229.043271 -1229.052925 -1229.069526 -1229.098912 -1229.152524 -1229.253133 -1229.446454 -1229.825614 -1230.588176 -1232.187992 -1235.769953 -1244.450618 -1268.321101 -9999.0 -9999.0
-9999.0 -9999.0 -9999.0 -9999.0 -9999.0 -9999.0 -9999.0 -9999.0 -9999.0 -9999.0 -9999.0 -9999.0 -9999.0 -9999.0 -9999.0 -9999.0 -9999.0 -9999.0 -9999.0 -9999.0 -9999.0 -9999.0 -9999.0 -9999.0 -9999.0 -9999.0 -9999.0 -9999.0 -9999.0 -9999.0 -9999.0 -9999.0 -9999.0 -9999.0 -9999.0 -9999.0 -9999.0 -9999.0 -9999.0 -9999.0 -9999.0 -9999.0 -9999.0 -9999.0 -9999.0 -9999.0 -9999.0 -9999.0 -9999.0 -9999.0 -9999.0 -9999.0 -9999.0 -9999.0 -9999.0 -9999.0 -9999.0 -9999.0 -9999.0 -9999.0 -9999.0 -9999.0 -9999.0 -9999.0 -9999.0 -9999.0 -9999.0 -9999.0 -9999.0 -9999.0 -9999.0 -9999.0 -9999.0 -9999.0 -9999.0 -9999.0 -9999.0 -9999.0 -9999.0 -9999.0 -9999.0 -9999.0 -9999.0 -9999.0 -9999.0 -9999.0 -9999.0 -9999.0 -9999.0 -9999.0 -9999.0 -9999.0 -9999.0 -9999.0 -9999.0 -9999.0 -9999.0 -9999.0 -9999.0 -9999.0 -9999.0 -9999.0 -9999.0 -9999.0
-9999.0 -9999.0 -9999.0 -9999.0 -9999.0 -9999.0 -9999.0 -9999.0 -9999.0 -9999.0 -9999.0 -9999.0 -9999.0 -9999.0 -9999.0 -9999.0 -9999.0 -9999.0 -9999.0 -9999.0 -9999.0 -9999.0 -9999.0 -9999.0 -9999.0 -9999.0 -9999.0 -9999.0 -9999.0 -9999.0 -9999.0 -9999.0 -9999.0 -9999.0 -9999.0 -9999.0 -9999.0 -9999.0 -9999.0 -9999.0 -9999.0 -9999.0 -9999.0 -9999.0 -9999.0 -9999.0 -9999.0 -9999.0 -9999.0 -9999.0 -9999.0 -9999.0 -9999.0 -9999.0 -9999.0 -9999.0 -9999.0 -9999.0 -9999.0 -9999.0 -9999.0 -9999.0 -9999.0 -9999.0 -9999.0 -9999.0 -9999.0 -9999.0 -9999.0 -9999.0 -9999.0 -9999.0 -9999.0 -9999.0 -9999.0 -9999.0 -9999.0 -9999.0 -9999.0 -9999.0 -9999.0 -9999.0 -9999.0 -9999.0 -9999.0 -9999.0 -9999.0 -9999.0 -9999.0 -9999.0 -9999.0 -9999.0 -9999.0 -9999.0 -9999.0 -9999.0 -9999.0 -9999.0 -9999.0 -9999.0 -9999.0 -9999.0 -9999.0 -9999.0