inst/processing_geotop_simulation/geotop_simulation/out/maps3D/PwL0001N0273.asc
ncols         104
nrows         10
xllcorner     -2.000000
yllcorner     0.000000
cellsize      1.000000
NODATA_value  -9999.0
-9999.0 -9999.0 -9999.0 -9999.0 -9999.0 -9999.0 -9999.0 -9999.0 -9999.0 -9999.0 -9999.0 -9999.0 -9999.0 -9999.0 -9999.0 -9999.0 -9999.0 -9999.0 -9999.0 -9999.0 -9999.0 -9999.0 -9999.0 -9999.0 -9999.0 -9999.0 -9999.0 -9999.0 -9999.0 -9999.0 -9999.0 -9999.0 -9999.0 -9999.0 -9999.0 -9999.0 -9999.0 -9999.0 -9999.0 -9999.0 -9999.0 -9999.0 -9999.0 -9999.0 -9999.0 -9999.0 -9999.0 -9999.0 -9999.0 -9999.0 -9999.0 -9999.0 -9999.0 -9999.0 -9999.0 -9999.0 -9999.0 -9999.0 -9999.0 -9999.0 -9999.0 -9999.0 -9999.0 -9999.0 -9999.0 -9999.0 -9999.0 -9999.0 -9999.0 -9999.0 -9999.0 -9999.0 -9999.0 -9999.0 -9999.0 -9999.0 -9999.0 -9999.0 -9999.0 -9999.0 -9999.0 -9999.0 -9999.0 -9999.0 -9999.0 -9999.0 -9999.0 -9999.0 -9999.0 -9999.0 -9999.0 -9999.0 -9999.0 -9999.0 -9999.0 -9999.0 -9999.0 -9999.0 -9999.0 -9999.0 -9999.0 -9999.0 -9999.0 -9999.0
-9999.0 -9999.0 -9999.0 -9999.0 -9999.0 -9999.0 -9999.0 -9999.0 -9999.0 -9999.0 -9999.0 -9999.0 -9999.0 -9999.0 -9999.0 -9999.0 -9999.0 -9999.0 -9999.0 -9999.0 -9999.0 -9999.0 -9999.0 -9999.0 -9999.0 -9999.0 -9999.0 -9999.0 -9999.0 -9999.0 -9999.0 -9999.0 -9999.0 -9999.0 -9999.0 -9999.0 -9999.0 -9999.0 -9999.0 -9999.0 -9999.0 -9999.0 -9999.0 -9999.0 -9999.0 -9999.0 -9999.0 -9999.0 -9999.0 -9999.0 -9999.0 -9999.0 -9999.0 -9999.0 -9999.0 -9999.0 -9999.0 -9999.0 -9999.0 -9999.0 -9999.0 -9999.0 -9999.0 -9999.0 -9999.0 -9999.0 -9999.0 -9999.0 -9999.0 -9999.0 -9999.0 -9999.0 -9999.0 -9999.0 -9999.0 -9999.0 -9999.0 -9999.0 -9999.0 -9999.0 -9999.0 -9999.0 -9999.0 -9999.0 -9999.0 -9999.0 -9999.0 -9999.0 -9999.0 -9999.0 -9999.0 -9999.0 -9999.0 -9999.0 -9999.0 -9999.0 -9999.0 -9999.0 -9999.0 -9999.0 -9999.0 -9999.0 -9999.0 -9999.0
-9999.0 -9999.0 27.413179 -67.508825 -165.196814 -263.483730 -361.987255 -460.560213 -559.127199 -657.622134 -755.920701 -853.923102 -951.546715 -1048.664675 -1145.660196 -1242.442228 -1338.091427 -1431.990875 -1523.405596 -1610.992540 -1691.513117 -1760.836954 -1816.481364 -1858.605351 -1889.183157 -1910.782334 -1925.781679 -1936.079762 -1943.085634 -1947.811021 -1950.972087 -1953.070804 -1954.455298 -1955.364091 -1955.958901 -1956.350239 -1956.621671 -1956.876546 -1957.432736 -1959.555399 -1965.188024 -1933.776827 -1196.284682 -1192.959215 -1182.672346 -1176.046117 -1172.932255 -1172.459567 -1172.409314 -1172.415042 -1172.429014 -1172.444006 -1172.458415 -1172.471757 -1172.484130 -1172.498402 -1172.541647 -1172.826904 -1174.494756 -1178.211285 -1183.623710 -1179.603680 -1911.735494 -1959.555504 -1958.261127 -1957.373053 -1957.194062 -1957.164766 -1957.160679 -1957.160715 -1957.161345 -1957.161946 -1957.162424 -1957.162791 -1957.163072 -1957.163290 -1957.163463 -1957.163604 -1957.163721 -1957.163826 -1957.163930 -1957.164045 -1957.164191 -1957.164394 -1957.164694 -1957.165156 -1957.165883 -1957.167049 -1957.168949 -1957.172101 -1957.177450 -1957.186776 -1957.203518 -1957.234479 -1957.293329 -1957.408103 -1957.638464 -1958.119703 -1959.185366 -1961.743188 -1968.651472 -1991.161226 -9999.0 -9999.0
-9999.0 -9999.0 27.425690 -67.506746 -165.196295 -263.483579 -361.987207 -460.560197 -559.127193 -657.622132 -755.920700 -853.923102 -951.546715 -1048.664675 -1145.660196 -1242.442228 -1338.091427 -1431.990875 -1523.405596 -1610.992540 -1691.513117 -1760.836954 -1816.481364 -1858.605352 -1889.183157 -1910.782334 -1925.781679 -1936.079762 -1943.085634 -1947.811021 -1950.972087 -1953.070804 -1954.455298 -1955.364091 -1955.958901 -1956.350239 -1956.621671 -1956.876546 -1957.432736 -1959.555399 -1965.188024 -1933.776827 -1196.284682 -1192.959215 -1182.672346 -1176.046117 -1172.932255 -1172.459567 -1172.409314 -1172.415042 -1172.429014 -1172.444006 -1172.458415 -1172.471757 -1172.484130 -1172.498402 -1172.541647 -1172.826904 -1174.494756 -1178.211285 -1183.623710 -1179.603680 -1911.735494 -1959.555504 -1958.261127 -1957.373053 -1957.194062 -1957.164766 -1957.160679 -1957.160715 -1957.161345 -1957.161946 -1957.162424 -1957.162791 -1957.163072 -1957.163290 -1957.163463 -1957.163604 -1957.163721 -1957.163826 -1957.163930 -1957.164045 -1957.164191 -1957.164394 -1957.164694 -1957.165156 -1957.165883 -1957.167049 -1957.168949 -1957.172101 -1957.177450 -1957.186776 -1957.203518 -1957.234479 -1957.293329 -1957.408103 -1957.638464 -1958.119703 -1959.185366 -1961.743188 -1968.651472 -1991.161226 -9999.0 -9999.0
-9999.0 -9999.0 27.426845 -67.505915 -165.195968 -263.483460 -361.987165 -460.560182 -559.127188 -657.622130 -755.920699 -853.923101 -951.546714 -1048.664675 -1145.660196 -1242.442228 -1338.091427 -1431.990875 -1523.405596 -1610.992540 -1691.513117 -1760.836954 -1816.481364 -1858.605352 -1889.183157 -1910.782334 -1925.781679 -1936.079762 -1943.085634 -1947.811021 -1950.972087 -1953.070804 -1954.455298 -1955.364091 -1955.958901 -1956.350239 -1956.621671 -1956.876546 -1957.432736 -1959.555399 -1965.188024 -1933.776827 -1196.284682 -1192.959215 -1182.672346 -1176.046117 -1172.932255 -1172.459567 -1172.409314 -1172.415042 -1172.429014 -1172.444006 -1172.458415 -1172.471757 -1172.484130 -1172.498402 -1172.541647 -1172.826904 -1174.494756 -1178.211285 -1183.623710 -1179.603680 -1911.735494 -1959.555504 -1958.261127 -1957.373053 -1957.194062 -1957.164766 -1957.160679 -1957.160715 -1957.161345 -1957.161946 -1957.162424 -1957.162791 -1957.163072 -1957.163290 -1957.163463 -1957.163604 -1957.163721 -1957.163826 -1957.163930 -1957.164045 -1957.164191 -1957.164394 -1957.164694 -1957.165156 -1957.165883 -1957.167049 -1957.168949 -1957.172101 -1957.177450 -1957.186776 -1957.203518 -1957.234479 -1957.293329 -1957.408103 -1957.638464 -1958.119703 -1959.185366 -1961.743188 -1968.651472 -1991.161226 -9999.0 -9999.0
-9999.0 -9999.0 27.426845 -67.505915 -165.195968 -263.483460 -361.987165 -460.560182 -559.127188 -657.622130 -755.920699 -853.923101 -951.546714 -1048.664675 -1145.660196 -1242.442228 -1338.091427 -1431.990875 -1523.405596 -1610.992540 -1691.513117 -1760.836954 -1816.481364 -1858.605352 -1889.183157 -1910.782334 -1925.781679 -1936.079762 -1943.085634 -1947.811021 -1950.972087 -1953.070804 -1954.455298 -1955.364091 -1955.958901 -1956.350239 -1956.621671 -1956.876546 -1957.432736 -1959.555399 -1965.188024 -1933.776827 -1196.284682 -1192.959215 -1182.672346 -1176.046117 -1172.932255 -1172.459567 -1172.409314 -1172.415042 -1172.429014 -1172.444006 -1172.458415 -1172.471757 -1172.484130 -1172.498402 -1172.541647 -1172.826904 -1174.494756 -1178.211285 -1183.623710 -1179.603680 -1911.735494 -1959.555504 -1958.261127 -1957.373053 -1957.194062 -1957.164766 -1957.160679 -1957.160715 -1957.161345 -1957.161946 -1957.162424 -1957.162791 -1957.163072 -1957.163290 -1957.163463 -1957.163604 -1957.163721 -1957.163826 -1957.163930 -1957.164045 -1957.164191 -1957.164394 -1957.164694 -1957.165156 -1957.165883 -1957.167049 -1957.168949 -1957.172101 -1957.177450 -1957.186776 -1957.203518 -1957.234479 -1957.293329 -1957.408103 -1957.638464 -1958.119703 -1959.185366 -1961.743188 -1968.651472 -1991.161226 -9999.0 -9999.0
-9999.0 -9999.0 27.425690 -67.506746 -165.196295 -263.483579 -361.987207 -460.560197 -559.127193 -657.622132 -755.920700 -853.923102 -951.546715 -1048.664675 -1145.660196 -1242.442228 -1338.091427 -1431.990875 -1523.405596 -1610.992540 -1691.513117 -1760.836954 -1816.481364 -1858.605352 -1889.183157 -1910.782334 -1925.781679 -1936.079762 -1943.085634 -1947.811021 -1950.972087 -1953.070804 -1954.455298 -1955.364091 -1955.958901 -1956.350239 -1956.621671 -1956.876546 -1957.432736 -1959.555399 -1965.188024 -1933.776827 -1196.284682 -1192.959215 -1182.672346 -1176.046117 -1172.932255 -1172.459567 -1172.409314 -1172.415042 -1172.429014 -1172.444006 -1172.458415 -1172.471757 -1172.484130 -1172.498402 -1172.541647 -1172.826904 -1174.494756 -1178.211285 -1183.623710 -1179.603680 -1911.735494 -1959.555504 -1958.261127 -1957.373053 -1957.194062 -1957.164766 -1957.160679 -1957.160715 -1957.161345 -1957.161946 -1957.162424 -1957.162791 -1957.163072 -1957.163290 -1957.163463 -1957.163604 -1957.163721 -1957.163826 -1957.163930 -1957.164045 -1957.164191 -1957.164394 -1957.164694 -1957.165156 -1957.165883 -1957.167049 -1957.168949 -1957.172101 -1957.177450 -1957.186776 -1957.203518 -1957.234479 -1957.293329 -1957.408103 -1957.638464 -1958.119703 -1959.185366 -1961.743188 -1968.651472 -1991.161226 -9999.0 -9999.0
-9999.0 -9999.0 27.413179 -67.508825 -165.196814 -263.483730 -361.987255 -460.560213 -559.127199 -657.622135 -755.920701 -853.923102 -951.546715 -1048.664675 -1145.660196 -1242.442228 -1338.091427 -1431.990875 -1523.405596 -1610.992540 -1691.513117 -1760.836954 -1816.481364 -1858.605351 -1889.183157 -1910.782334 -1925.781679 -1936.079762 -1943.085634 -1947.811021 -1950.972087 -1953.070804 -1954.455298 -1955.364091 -1955.958901 -1956.350239 -1956.621671 -1956.876546 -1957.432736 -1959.555399 -1965.188024 -1933.776827 -1196.284682 -1192.959215 -1182.672346 -1176.046117 -1172.932255 -1172.459567 -1172.409314 -1172.415042 -1172.429014 -1172.444006 -1172.458415 -1172.471757 -1172.484130 -1172.498402 -1172.541647 -1172.826904 -1174.494756 -1178.211285 -1183.623710 -1179.603680 -1911.735494 -1959.555504 -1958.261127 -1957.373053 -1957.194062 -1957.164766 -1957.160679 -1957.160715 -1957.161345 -1957.161946 -1957.162424 -1957.162791 -1957.163072 -1957.163290 -1957.163463 -1957.163604 -1957.163721 -1957.163826 -1957.163930 -1957.164045 -1957.164191 -1957.164394 -1957.164694 -1957.165156 -1957.165883 -1957.167049 -1957.168949 -1957.172101 -1957.177450 -1957.186776 -1957.203518 -1957.234479 -1957.293329 -1957.408103 -1957.638464 -1958.119703 -1959.185366 -1961.743188 -1968.651472 -1991.161226 -9999.0 -9999.0
-9999.0 -9999.0 -9999.0 -9999.0 -9999.0 -9999.0 -9999.0 -9999.0 -9999.0 -9999.0 -9999.0 -9999.0 -9999.0 -9999.0 -9999.0 -9999.0 -9999.0 -9999.0 -9999.0 -9999.0 -9999.0 -9999.0 -9999.0 -9999.0 -9999.0 -9999.0 -9999.0 -9999.0 -9999.0 -9999.0 -9999.0 -9999.0 -9999.0 -9999.0 -9999.0 -9999.0 -9999.0 -9999.0 -9999.0 -9999.0 -9999.0 -9999.0 -9999.0 -9999.0 -9999.0 -9999.0 -9999.0 -9999.0 -9999.0 -9999.0 -9999.0 -9999.0 -9999.0 -9999.0 -9999.0 -9999.0 -9999.0 -9999.0 -9999.0 -9999.0 -9999.0 -9999.0 -9999.0 -9999.0 -9999.0 -9999.0 -9999.0 -9999.0 -9999.0 -9999.0 -9999.0 -9999.0 -9999.0 -9999.0 -9999.0 -9999.0 -9999.0 -9999.0 -9999.0 -9999.0 -9999.0 -9999.0 -9999.0 -9999.0 -9999.0 -9999.0 -9999.0 -9999.0 -9999.0 -9999.0 -9999.0 -9999.0 -9999.0 -9999.0 -9999.0 -9999.0 -9999.0 -9999.0 -9999.0 -9999.0 -9999.0 -9999.0 -9999.0 -9999.0
-9999.0 -9999.0 -9999.0 -9999.0 -9999.0 -9999.0 -9999.0 -9999.0 -9999.0 -9999.0 -9999.0 -9999.0 -9999.0 -9999.0 -9999.0 -9999.0 -9999.0 -9999.0 -9999.0 -9999.0 -9999.0 -9999.0 -9999.0 -9999.0 -9999.0 -9999.0 -9999.0 -9999.0 -9999.0 -9999.0 -9999.0 -9999.0 -9999.0 -9999.0 -9999.0 -9999.0 -9999.0 -9999.0 -9999.0 -9999.0 -9999.0 -9999.0 -9999.0 -9999.0 -9999.0 -9999.0 -9999.0 -9999.0 -9999.0 -9999.0 -9999.0 -9999.0 -9999.0 -9999.0 -9999.0 -9999.0 -9999.0 -9999.0 -9999.0 -9999.0 -9999.0 -9999.0 -9999.0 -9999.0 -9999.0 -9999.0 -9999.0 -9999.0 -9999.0 -9999.0 -9999.0 -9999.0 -9999.0 -9999.0 -9999.0 -9999.0 -9999.0 -9999.0 -9999.0 -9999.0 -9999.0 -9999.0 -9999.0 -9999.0 -9999.0 -9999.0 -9999.0 -9999.0 -9999.0 -9999.0 -9999.0 -9999.0 -9999.0 -9999.0 -9999.0 -9999.0 -9999.0 -9999.0 -9999.0 -9999.0 -9999.0 -9999.0 -9999.0 -9999.0