inst/processing_geotop_simulation/geotop_simulation/out/maps3D/PwL0011N0120.asc
ncols         104
nrows         10
xllcorner     -2.000000
yllcorner     0.000000
cellsize      1.000000
NODATA_value  -9999.0
-9999.0 -9999.0 -9999.0 -9999.0 -9999.0 -9999.0 -9999.0 -9999.0 -9999.0 -9999.0 -9999.0 -9999.0 -9999.0 -9999.0 -9999.0 -9999.0 -9999.0 -9999.0 -9999.0 -9999.0 -9999.0 -9999.0 -9999.0 -9999.0 -9999.0 -9999.0 -9999.0 -9999.0 -9999.0 -9999.0 -9999.0 -9999.0 -9999.0 -9999.0 -9999.0 -9999.0 -9999.0 -9999.0 -9999.0 -9999.0 -9999.0 -9999.0 -9999.0 -9999.0 -9999.0 -9999.0 -9999.0 -9999.0 -9999.0 -9999.0 -9999.0 -9999.0 -9999.0 -9999.0 -9999.0 -9999.0 -9999.0 -9999.0 -9999.0 -9999.0 -9999.0 -9999.0 -9999.0 -9999.0 -9999.0 -9999.0 -9999.0 -9999.0 -9999.0 -9999.0 -9999.0 -9999.0 -9999.0 -9999.0 -9999.0 -9999.0 -9999.0 -9999.0 -9999.0 -9999.0 -9999.0 -9999.0 -9999.0 -9999.0 -9999.0 -9999.0 -9999.0 -9999.0 -9999.0 -9999.0 -9999.0 -9999.0 -9999.0 -9999.0 -9999.0 -9999.0 -9999.0 -9999.0 -9999.0 -9999.0 -9999.0 -9999.0 -9999.0 -9999.0
-9999.0 -9999.0 -9999.0 -9999.0 -9999.0 -9999.0 -9999.0 -9999.0 -9999.0 -9999.0 -9999.0 -9999.0 -9999.0 -9999.0 -9999.0 -9999.0 -9999.0 -9999.0 -9999.0 -9999.0 -9999.0 -9999.0 -9999.0 -9999.0 -9999.0 -9999.0 -9999.0 -9999.0 -9999.0 -9999.0 -9999.0 -9999.0 -9999.0 -9999.0 -9999.0 -9999.0 -9999.0 -9999.0 -9999.0 -9999.0 -9999.0 -9999.0 -9999.0 -9999.0 -9999.0 -9999.0 -9999.0 -9999.0 -9999.0 -9999.0 -9999.0 -9999.0 -9999.0 -9999.0 -9999.0 -9999.0 -9999.0 -9999.0 -9999.0 -9999.0 -9999.0 -9999.0 -9999.0 -9999.0 -9999.0 -9999.0 -9999.0 -9999.0 -9999.0 -9999.0 -9999.0 -9999.0 -9999.0 -9999.0 -9999.0 -9999.0 -9999.0 -9999.0 -9999.0 -9999.0 -9999.0 -9999.0 -9999.0 -9999.0 -9999.0 -9999.0 -9999.0 -9999.0 -9999.0 -9999.0 -9999.0 -9999.0 -9999.0 -9999.0 -9999.0 -9999.0 -9999.0 -9999.0 -9999.0 -9999.0 -9999.0 -9999.0 -9999.0 -9999.0
-9999.0 -9999.0 538.992966 450.117922 358.046562 264.326207 169.885609 75.139386 -19.701240 -114.526546 -209.292813 -303.948673 -398.607598 -493.968142 -590.954660 -689.686871 -786.064150 -880.873550 -972.839159 -1060.763620 -1133.791387 -1185.908358 -1219.356059 -1239.251428 -1250.664053 -1257.255644 -1261.237221 -1263.796536 -1265.532692 -1266.749694 -1267.615502 -1268.233490 -1268.673566 -1268.985228 -1269.204148 -1269.358076 -1269.476321 -1269.605579 -1269.883422 -1271.330037 -1281.092646 -1347.230107 -1993.344895 -4207.998569 -3905.354735 -3620.758827 -3472.697376 -3454.204262 -3452.359824 -3452.534217 -3452.988358 -3453.474860 -3453.941565 -3454.373235 -3454.772255 -3455.223948 -3456.586042 -3466.552551 -3542.225066 -3706.792479 -3930.844472 -1783.850503 -1320.911809 -1277.031526 -1270.764096 -1269.945161 -1269.828990 -1269.810492 -1269.808641 -1269.809809 -1269.811276 -1269.812509 -1269.813458 -1269.814176 -1269.814725 -1269.815149 -1269.815485 -1269.815756 -1269.815980 -1269.816178 -1269.816371 -1269.816582 -1269.816847 -1269.817214 -1269.817754 -1269.818584 -1269.819887 -1269.821967 -1269.825334 -1269.830874 -1269.840172 -1269.856171 -1269.884503 -1269.936216 -1270.033293 -1270.219873 -1270.585886 -1271.322126 -1272.866281 -1276.319638 -1284.695050 -1308.025825 -9999.0 -9999.0
-9999.0 -9999.0 538.999514 450.119835 358.047107 264.326373 169.885662 75.139404 -19.701233 -114.526544 -209.292812 -303.948672 -398.607598 -493.968142 -590.954660 -689.686871 -786.064150 -880.873550 -972.839159 -1060.763620 -1133.791387 -1185.908358 -1219.356059 -1239.251428 -1250.664053 -1257.255644 -1261.237221 -1263.796536 -1265.532692 -1266.749694 -1267.615502 -1268.233490 -1268.673566 -1268.985228 -1269.204148 -1269.358076 -1269.476321 -1269.605579 -1269.883422 -1271.330037 -1281.092646 -1347.230107 -1993.344895 -4207.998568 -3905.354731 -3620.758818 -3472.697377 -3454.204262 -3452.359824 -3452.534217 -3452.988358 -3453.474860 -3453.941565 -3454.373235 -3454.772255 -3455.223948 -3456.586042 -3466.552551 -3542.225066 -3706.792478 -3930.844472 -1783.850503 -1320.911809 -1277.031526 -1270.764096 -1269.945161 -1269.828990 -1269.810492 -1269.808641 -1269.809809 -1269.811276 -1269.812509 -1269.813458 -1269.814176 -1269.814725 -1269.815149 -1269.815485 -1269.815756 -1269.815980 -1269.816178 -1269.816371 -1269.816582 -1269.816847 -1269.817214 -1269.817754 -1269.818584 -1269.819887 -1269.821967 -1269.825334 -1269.830874 -1269.840172 -1269.856171 -1269.884503 -1269.936216 -1270.033293 -1270.219873 -1270.585886 -1271.322126 -1272.866281 -1276.319638 -1284.695050 -1308.025825 -9999.0 -9999.0
-9999.0 -9999.0 539.001171 450.120707 358.047460 264.326504 169.885709 75.139421 -19.701227 -114.526542 -209.292811 -303.948672 -398.607598 -493.968142 -590.954660 -689.686871 -786.064151 -880.873550 -972.839159 -1060.763620 -1133.791387 -1185.908358 -1219.356059 -1239.251429 -1250.664053 -1257.255644 -1261.237221 -1263.796536 -1265.532692 -1266.749694 -1267.615502 -1268.233490 -1268.673566 -1268.985228 -1269.204148 -1269.358076 -1269.476321 -1269.605579 -1269.883422 -1271.330037 -1281.092646 -1347.230107 -1993.344894 -4207.998568 -3905.354730 -3620.758814 -3472.697377 -3454.204262 -3452.359824 -3452.534217 -3452.988358 -3453.474860 -3453.941565 -3454.373235 -3454.772255 -3455.223948 -3456.586042 -3466.552551 -3542.225066 -3706.792478 -3930.844472 -1783.850504 -1320.911809 -1277.031526 -1270.764096 -1269.945161 -1269.828990 -1269.810492 -1269.808641 -1269.809809 -1269.811276 -1269.812509 -1269.813458 -1269.814176 -1269.814725 -1269.815149 -1269.815485 -1269.815756 -1269.815980 -1269.816178 -1269.816371 -1269.816582 -1269.816847 -1269.817214 -1269.817754 -1269.818584 -1269.819887 -1269.821967 -1269.825334 -1269.830874 -1269.840172 -1269.856171 -1269.884503 -1269.936216 -1270.033293 -1270.219873 -1270.585886 -1271.322126 -1272.866281 -1276.319638 -1284.695050 -1308.025825 -9999.0 -9999.0
-9999.0 -9999.0 539.001171 450.120707 358.047460 264.326504 169.885709 75.139421 -19.701227 -114.526542 -209.292811 -303.948672 -398.607598 -493.968142 -590.954660 -689.686871 -786.064150 -880.873550 -972.839159 -1060.763620 -1133.791387 -1185.908358 -1219.356059 -1239.251429 -1250.664053 -1257.255644 -1261.237221 -1263.796536 -1265.532692 -1266.749694 -1267.615502 -1268.233490 -1268.673566 -1268.985228 -1269.204148 -1269.358076 -1269.476321 -1269.605579 -1269.883422 -1271.330037 -1281.092646 -1347.230107 -1993.344895 -4207.998568 -3905.354730 -3620.758814 -3472.697377 -3454.204262 -3452.359824 -3452.534217 -3452.988358 -3453.474860 -3453.941565 -3454.373235 -3454.772255 -3455.223948 -3456.586042 -3466.552551 -3542.225066 -3706.792478 -3930.844472 -1783.850504 -1320.911809 -1277.031526 -1270.764096 -1269.945161 -1269.828990 -1269.810492 -1269.808641 -1269.809809 -1269.811276 -1269.812509 -1269.813458 -1269.814176 -1269.814725 -1269.815149 -1269.815485 -1269.815756 -1269.815980 -1269.816178 -1269.816371 -1269.816582 -1269.816847 -1269.817214 -1269.817754 -1269.818584 -1269.819887 -1269.821967 -1269.825334 -1269.830874 -1269.840172 -1269.856171 -1269.884503 -1269.936216 -1270.033293 -1270.219873 -1270.585886 -1271.322126 -1272.866281 -1276.319638 -1284.695050 -1308.025825 -9999.0 -9999.0
-9999.0 -9999.0 538.999514 450.119835 358.047107 264.326373 169.885662 75.139404 -19.701233 -114.526544 -209.292812 -303.948672 -398.607598 -493.968142 -590.954660 -689.686871 -786.064150 -880.873550 -972.839159 -1060.763620 -1133.791387 -1185.908358 -1219.356059 -1239.251429 -1250.664053 -1257.255644 -1261.237221 -1263.796536 -1265.532692 -1266.749694 -1267.615502 -1268.233490 -1268.673566 -1268.985228 -1269.204148 -1269.358076 -1269.476321 -1269.605579 -1269.883422 -1271.330037 -1281.092646 -1347.230107 -1993.344895 -4207.998568 -3905.354731 -3620.758818 -3472.697377 -3454.204262 -3452.359824 -3452.534217 -3452.988358 -3453.474860 -3453.941565 -3454.373235 -3454.772255 -3455.223948 -3456.586042 -3466.552551 -3542.225066 -3706.792478 -3930.844472 -1783.850503 -1320.911809 -1277.031526 -1270.764096 -1269.945161 -1269.828990 -1269.810492 -1269.808641 -1269.809809 -1269.811276 -1269.812509 -1269.813458 -1269.814176 -1269.814725 -1269.815149 -1269.815485 -1269.815756 -1269.815980 -1269.816178 -1269.816371 -1269.816582 -1269.816847 -1269.817214 -1269.817754 -1269.818584 -1269.819887 -1269.821967 -1269.825334 -1269.830874 -1269.840172 -1269.856171 -1269.884503 -1269.936216 -1270.033293 -1270.219873 -1270.585886 -1271.322126 -1272.866281 -1276.319638 -1284.695050 -1308.025825 -9999.0 -9999.0
-9999.0 -9999.0 538.992966 450.117922 358.046562 264.326207 169.885609 75.139386 -19.701240 -114.526546 -209.292813 -303.948673 -398.607598 -493.968142 -590.954660 -689.686871 -786.064150 -880.873550 -972.839159 -1060.763620 -1133.791387 -1185.908358 -1219.356059 -1239.251428 -1250.664053 -1257.255644 -1261.237221 -1263.796536 -1265.532692 -1266.749694 -1267.615502 -1268.233490 -1268.673566 -1268.985228 -1269.204148 -1269.358076 -1269.476321 -1269.605579 -1269.883422 -1271.330037 -1281.092646 -1347.230107 -1993.344895 -4207.998569 -3905.354735 -3620.758827 -3472.697376 -3454.204262 -3452.359824 -3452.534217 -3452.988358 -3453.474860 -3453.941565 -3454.373235 -3454.772255 -3455.223948 -3456.586042 -3466.552551 -3542.225066 -3706.792479 -3930.844472 -1783.850503 -1320.911809 -1277.031526 -1270.764096 -1269.945161 -1269.828990 -1269.810492 -1269.808641 -1269.809809 -1269.811276 -1269.812509 -1269.813458 -1269.814176 -1269.814725 -1269.815149 -1269.815485 -1269.815756 -1269.815980 -1269.816178 -1269.816371 -1269.816582 -1269.816847 -1269.817214 -1269.817754 -1269.818584 -1269.819887 -1269.821967 -1269.825334 -1269.830874 -1269.840172 -1269.856171 -1269.884503 -1269.936216 -1270.033293 -1270.219873 -1270.585886 -1271.322126 -1272.866281 -1276.319638 -1284.695050 -1308.025825 -9999.0 -9999.0
-9999.0 -9999.0 -9999.0 -9999.0 -9999.0 -9999.0 -9999.0 -9999.0 -9999.0 -9999.0 -9999.0 -9999.0 -9999.0 -9999.0 -9999.0 -9999.0 -9999.0 -9999.0 -9999.0 -9999.0 -9999.0 -9999.0 -9999.0 -9999.0 -9999.0 -9999.0 -9999.0 -9999.0 -9999.0 -9999.0 -9999.0 -9999.0 -9999.0 -9999.0 -9999.0 -9999.0 -9999.0 -9999.0 -9999.0 -9999.0 -9999.0 -9999.0 -9999.0 -9999.0 -9999.0 -9999.0 -9999.0 -9999.0 -9999.0 -9999.0 -9999.0 -9999.0 -9999.0 -9999.0 -9999.0 -9999.0 -9999.0 -9999.0 -9999.0 -9999.0 -9999.0 -9999.0 -9999.0 -9999.0 -9999.0 -9999.0 -9999.0 -9999.0 -9999.0 -9999.0 -9999.0 -9999.0 -9999.0 -9999.0 -9999.0 -9999.0 -9999.0 -9999.0 -9999.0 -9999.0 -9999.0 -9999.0 -9999.0 -9999.0 -9999.0 -9999.0 -9999.0 -9999.0 -9999.0 -9999.0 -9999.0 -9999.0 -9999.0 -9999.0 -9999.0 -9999.0 -9999.0 -9999.0 -9999.0 -9999.0 -9999.0 -9999.0 -9999.0 -9999.0
-9999.0 -9999.0 -9999.0 -9999.0 -9999.0 -9999.0 -9999.0 -9999.0 -9999.0 -9999.0 -9999.0 -9999.0 -9999.0 -9999.0 -9999.0 -9999.0 -9999.0 -9999.0 -9999.0 -9999.0 -9999.0 -9999.0 -9999.0 -9999.0 -9999.0 -9999.0 -9999.0 -9999.0 -9999.0 -9999.0 -9999.0 -9999.0 -9999.0 -9999.0 -9999.0 -9999.0 -9999.0 -9999.0 -9999.0 -9999.0 -9999.0 -9999.0 -9999.0 -9999.0 -9999.0 -9999.0 -9999.0 -9999.0 -9999.0 -9999.0 -9999.0 -9999.0 -9999.0 -9999.0 -9999.0 -9999.0 -9999.0 -9999.0 -9999.0 -9999.0 -9999.0 -9999.0 -9999.0 -9999.0 -9999.0 -9999.0 -9999.0 -9999.0 -9999.0 -9999.0 -9999.0 -9999.0 -9999.0 -9999.0 -9999.0 -9999.0 -9999.0 -9999.0 -9999.0 -9999.0 -9999.0 -9999.0 -9999.0 -9999.0 -9999.0 -9999.0 -9999.0 -9999.0 -9999.0 -9999.0 -9999.0 -9999.0 -9999.0 -9999.0 -9999.0 -9999.0 -9999.0 -9999.0 -9999.0 -9999.0 -9999.0 -9999.0 -9999.0 -9999.0