inst/processing_geotop_simulation/geotop_simulation/out/maps3D/PwL0002N0363.asc
ncols         104
nrows         10
xllcorner     -2.000000
yllcorner     0.000000
cellsize      1.000000
NODATA_value  -9999.0
-9999.0 -9999.0 -9999.0 -9999.0 -9999.0 -9999.0 -9999.0 -9999.0 -9999.0 -9999.0 -9999.0 -9999.0 -9999.0 -9999.0 -9999.0 -9999.0 -9999.0 -9999.0 -9999.0 -9999.0 -9999.0 -9999.0 -9999.0 -9999.0 -9999.0 -9999.0 -9999.0 -9999.0 -9999.0 -9999.0 -9999.0 -9999.0 -9999.0 -9999.0 -9999.0 -9999.0 -9999.0 -9999.0 -9999.0 -9999.0 -9999.0 -9999.0 -9999.0 -9999.0 -9999.0 -9999.0 -9999.0 -9999.0 -9999.0 -9999.0 -9999.0 -9999.0 -9999.0 -9999.0 -9999.0 -9999.0 -9999.0 -9999.0 -9999.0 -9999.0 -9999.0 -9999.0 -9999.0 -9999.0 -9999.0 -9999.0 -9999.0 -9999.0 -9999.0 -9999.0 -9999.0 -9999.0 -9999.0 -9999.0 -9999.0 -9999.0 -9999.0 -9999.0 -9999.0 -9999.0 -9999.0 -9999.0 -9999.0 -9999.0 -9999.0 -9999.0 -9999.0 -9999.0 -9999.0 -9999.0 -9999.0 -9999.0 -9999.0 -9999.0 -9999.0 -9999.0 -9999.0 -9999.0 -9999.0 -9999.0 -9999.0 -9999.0 -9999.0 -9999.0
-9999.0 -9999.0 -9999.0 -9999.0 -9999.0 -9999.0 -9999.0 -9999.0 -9999.0 -9999.0 -9999.0 -9999.0 -9999.0 -9999.0 -9999.0 -9999.0 -9999.0 -9999.0 -9999.0 -9999.0 -9999.0 -9999.0 -9999.0 -9999.0 -9999.0 -9999.0 -9999.0 -9999.0 -9999.0 -9999.0 -9999.0 -9999.0 -9999.0 -9999.0 -9999.0 -9999.0 -9999.0 -9999.0 -9999.0 -9999.0 -9999.0 -9999.0 -9999.0 -9999.0 -9999.0 -9999.0 -9999.0 -9999.0 -9999.0 -9999.0 -9999.0 -9999.0 -9999.0 -9999.0 -9999.0 -9999.0 -9999.0 -9999.0 -9999.0 -9999.0 -9999.0 -9999.0 -9999.0 -9999.0 -9999.0 -9999.0 -9999.0 -9999.0 -9999.0 -9999.0 -9999.0 -9999.0 -9999.0 -9999.0 -9999.0 -9999.0 -9999.0 -9999.0 -9999.0 -9999.0 -9999.0 -9999.0 -9999.0 -9999.0 -9999.0 -9999.0 -9999.0 -9999.0 -9999.0 -9999.0 -9999.0 -9999.0 -9999.0 -9999.0 -9999.0 -9999.0 -9999.0 -9999.0 -9999.0 -9999.0 -9999.0 -9999.0 -9999.0 -9999.0
-9999.0 -9999.0 76.014250 -21.125143 -119.751305 -218.733188 -317.845381 -417.003498 -516.164125 -615.295197 -714.332409 -813.247683 -912.002355 -1010.544985 -1109.032363 -1207.422582 -1305.330133 -1402.431262 -1498.154697 -1591.498111 -1680.613117 -1762.490541 -1833.820091 -1892.531689 -1938.489958 -1973.069432 -1998.334685 -2016.400617 -2029.109091 -2037.933461 -2043.995992 -2048.124773 -2050.916760 -2052.794403 -2054.052585 -2054.897194 -2055.482445 -2055.979041 -2056.796136 -2059.081091 -2061.770564 -2006.934681 -1229.344445 -1227.336491 -1216.908171 -1210.063799 -1206.844333 -1206.341900 -1206.287350 -1206.292392 -1206.306067 -1206.320806 -1206.334978 -1206.348108 -1206.360328 -1206.374825 -1206.421156 -1206.726002 -1208.455366 -1212.276637 -1217.480816 -1211.954716 -1983.246399 -2055.838785 -2057.636428 -2056.900744 -2056.694836 -2056.656411 -2056.650464 -2056.650037 -2056.650455 -2056.650917 -2056.651297 -2056.651591 -2056.651819 -2056.651998 -2056.652140 -2056.652257 -2056.652357 -2056.652447 -2056.652536 -2056.652636 -2056.652761 -2056.652933 -2056.653186 -2056.653573 -2056.654179 -2056.655150 -2056.656733 -2056.659368 -2056.663862 -2056.671741 -2056.685980 -2056.712492 -2056.763286 -2056.863461 -2057.068085 -2057.506755 -2058.511402 -2061.023235 -2068.111512 -2091.683968 -9999.0 -9999.0
-9999.0 -9999.0 76.024986 -21.123224 -119.750826 -218.733048 -317.845336 -417.003483 -516.164119 -615.295195 -714.332408 -813.247683 -912.002354 -1010.544985 -1109.032363 -1207.422582 -1305.330133 -1402.431263 -1498.154697 -1591.498111 -1680.613117 -1762.490541 -1833.820091 -1892.531689 -1938.489958 -1973.069432 -1998.334685 -2016.400617 -2029.109091 -2037.933461 -2043.995992 -2048.124773 -2050.916760 -2052.794403 -2054.052585 -2054.897194 -2055.482445 -2055.979041 -2056.796136 -2059.081091 -2061.770564 -2006.934681 -1229.344445 -1227.336491 -1216.908171 -1210.063798 -1206.844333 -1206.341900 -1206.287350 -1206.292392 -1206.306067 -1206.320806 -1206.334978 -1206.348108 -1206.360328 -1206.374825 -1206.421156 -1206.726002 -1208.455366 -1212.276637 -1217.480816 -1211.954716 -1983.246399 -2055.838785 -2057.636428 -2056.900744 -2056.694836 -2056.656411 -2056.650464 -2056.650037 -2056.650455 -2056.650917 -2056.651297 -2056.651591 -2056.651819 -2056.651998 -2056.652140 -2056.652257 -2056.652357 -2056.652447 -2056.652536 -2056.652636 -2056.652761 -2056.652933 -2056.653186 -2056.653573 -2056.654179 -2056.655150 -2056.656733 -2056.659368 -2056.663862 -2056.671741 -2056.685980 -2056.712492 -2056.763286 -2056.863461 -2057.068085 -2057.506755 -2058.511402 -2061.023235 -2068.111512 -2091.683968 -9999.0 -9999.0
-9999.0 -9999.0 76.026151 -21.122454 -119.750522 -218.732939 -317.845297 -417.003469 -516.164114 -615.295192 -714.332408 -813.247682 -912.002354 -1010.544985 -1109.032363 -1207.422582 -1305.330133 -1402.431263 -1498.154697 -1591.498111 -1680.613117 -1762.490541 -1833.820091 -1892.531689 -1938.489958 -1973.069432 -1998.334686 -2016.400617 -2029.109091 -2037.933461 -2043.995992 -2048.124773 -2050.916760 -2052.794403 -2054.052585 -2054.897194 -2055.482445 -2055.979041 -2056.796136 -2059.081091 -2061.770564 -2006.934681 -1229.344445 -1227.336491 -1216.908171 -1210.063798 -1206.844333 -1206.341900 -1206.287350 -1206.292392 -1206.306067 -1206.320806 -1206.334978 -1206.348108 -1206.360328 -1206.374825 -1206.421156 -1206.726002 -1208.455366 -1212.276637 -1217.480816 -1211.954716 -1983.246399 -2055.838785 -2057.636428 -2056.900744 -2056.694836 -2056.656411 -2056.650464 -2056.650037 -2056.650455 -2056.650917 -2056.651297 -2056.651591 -2056.651819 -2056.651998 -2056.652140 -2056.652257 -2056.652357 -2056.652447 -2056.652536 -2056.652636 -2056.652761 -2056.652933 -2056.653186 -2056.653573 -2056.654179 -2056.655150 -2056.656733 -2056.659368 -2056.663862 -2056.671741 -2056.685980 -2056.712492 -2056.763286 -2056.863461 -2057.068085 -2057.506755 -2058.511402 -2061.023235 -2068.111512 -2091.683968 -9999.0 -9999.0
-9999.0 -9999.0 76.026151 -21.122454 -119.750522 -218.732939 -317.845297 -417.003469 -516.164114 -615.295193 -714.332407 -813.247682 -912.002354 -1010.544985 -1109.032363 -1207.422582 -1305.330133 -1402.431263 -1498.154697 -1591.498111 -1680.613117 -1762.490541 -1833.820091 -1892.531689 -1938.489958 -1973.069432 -1998.334686 -2016.400617 -2029.109091 -2037.933461 -2043.995992 -2048.124773 -2050.916760 -2052.794403 -2054.052585 -2054.897194 -2055.482445 -2055.979041 -2056.796136 -2059.081091 -2061.770564 -2006.934681 -1229.344445 -1227.336491 -1216.908171 -1210.063798 -1206.844333 -1206.341900 -1206.287350 -1206.292392 -1206.306067 -1206.320806 -1206.334978 -1206.348108 -1206.360328 -1206.374825 -1206.421156 -1206.726002 -1208.455366 -1212.276637 -1217.480816 -1211.954716 -1983.246399 -2055.838785 -2057.636428 -2056.900744 -2056.694836 -2056.656411 -2056.650464 -2056.650037 -2056.650455 -2056.650917 -2056.651297 -2056.651591 -2056.651819 -2056.651998 -2056.652140 -2056.652257 -2056.652357 -2056.652447 -2056.652536 -2056.652636 -2056.652761 -2056.652933 -2056.653186 -2056.653573 -2056.654179 -2056.655150 -2056.656733 -2056.659368 -2056.663862 -2056.671741 -2056.685980 -2056.712492 -2056.763286 -2056.863461 -2057.068085 -2057.506755 -2058.511402 -2061.023235 -2068.111512 -2091.683968 -9999.0 -9999.0
-9999.0 -9999.0 76.024986 -21.123224 -119.750826 -218.733048 -317.845336 -417.003483 -516.164120 -615.295194 -714.332408 -813.247682 -912.002354 -1010.544985 -1109.032363 -1207.422582 -1305.330133 -1402.431263 -1498.154697 -1591.498111 -1680.613117 -1762.490541 -1833.820091 -1892.531689 -1938.489958 -1973.069432 -1998.334685 -2016.400617 -2029.109091 -2037.933461 -2043.995992 -2048.124773 -2050.916760 -2052.794403 -2054.052585 -2054.897194 -2055.482445 -2055.979041 -2056.796136 -2059.081091 -2061.770564 -2006.934681 -1229.344445 -1227.336491 -1216.908171 -1210.063798 -1206.844333 -1206.341900 -1206.287350 -1206.292392 -1206.306067 -1206.320806 -1206.334978 -1206.348108 -1206.360328 -1206.374825 -1206.421156 -1206.726002 -1208.455366 -1212.276637 -1217.480816 -1211.954716 -1983.246399 -2055.838785 -2057.636428 -2056.900744 -2056.694836 -2056.656411 -2056.650464 -2056.650037 -2056.650455 -2056.650917 -2056.651297 -2056.651591 -2056.651819 -2056.651998 -2056.652140 -2056.652257 -2056.652357 -2056.652447 -2056.652536 -2056.652636 -2056.652761 -2056.652933 -2056.653186 -2056.653573 -2056.654179 -2056.655150 -2056.656733 -2056.659368 -2056.663862 -2056.671741 -2056.685980 -2056.712492 -2056.763286 -2056.863461 -2057.068085 -2057.506755 -2058.511402 -2061.023235 -2068.111512 -2091.683968 -9999.0 -9999.0
-9999.0 -9999.0 76.014250 -21.125143 -119.751305 -218.733188 -317.845381 -417.003498 -516.164125 -615.295197 -714.332409 -813.247683 -912.002354 -1010.544985 -1109.032363 -1207.422582 -1305.330133 -1402.431262 -1498.154697 -1591.498111 -1680.613117 -1762.490541 -1833.820091 -1892.531689 -1938.489958 -1973.069432 -1998.334685 -2016.400617 -2029.109091 -2037.933461 -2043.995992 -2048.124773 -2050.916760 -2052.794403 -2054.052585 -2054.897194 -2055.482445 -2055.979041 -2056.796136 -2059.081091 -2061.770564 -2006.934681 -1229.344445 -1227.336491 -1216.908171 -1210.063799 -1206.844333 -1206.341900 -1206.287350 -1206.292392 -1206.306067 -1206.320806 -1206.334978 -1206.348108 -1206.360328 -1206.374825 -1206.421156 -1206.726002 -1208.455366 -1212.276637 -1217.480816 -1211.954716 -1983.246399 -2055.838785 -2057.636428 -2056.900744 -2056.694836 -2056.656411 -2056.650464 -2056.650037 -2056.650455 -2056.650917 -2056.651297 -2056.651591 -2056.651819 -2056.651998 -2056.652140 -2056.652257 -2056.652357 -2056.652447 -2056.652536 -2056.652636 -2056.652761 -2056.652933 -2056.653186 -2056.653573 -2056.654179 -2056.655150 -2056.656733 -2056.659368 -2056.663862 -2056.671741 -2056.685980 -2056.712492 -2056.763286 -2056.863461 -2057.068085 -2057.506755 -2058.511402 -2061.023235 -2068.111512 -2091.683968 -9999.0 -9999.0
-9999.0 -9999.0 -9999.0 -9999.0 -9999.0 -9999.0 -9999.0 -9999.0 -9999.0 -9999.0 -9999.0 -9999.0 -9999.0 -9999.0 -9999.0 -9999.0 -9999.0 -9999.0 -9999.0 -9999.0 -9999.0 -9999.0 -9999.0 -9999.0 -9999.0 -9999.0 -9999.0 -9999.0 -9999.0 -9999.0 -9999.0 -9999.0 -9999.0 -9999.0 -9999.0 -9999.0 -9999.0 -9999.0 -9999.0 -9999.0 -9999.0 -9999.0 -9999.0 -9999.0 -9999.0 -9999.0 -9999.0 -9999.0 -9999.0 -9999.0 -9999.0 -9999.0 -9999.0 -9999.0 -9999.0 -9999.0 -9999.0 -9999.0 -9999.0 -9999.0 -9999.0 -9999.0 -9999.0 -9999.0 -9999.0 -9999.0 -9999.0 -9999.0 -9999.0 -9999.0 -9999.0 -9999.0 -9999.0 -9999.0 -9999.0 -9999.0 -9999.0 -9999.0 -9999.0 -9999.0 -9999.0 -9999.0 -9999.0 -9999.0 -9999.0 -9999.0 -9999.0 -9999.0 -9999.0 -9999.0 -9999.0 -9999.0 -9999.0 -9999.0 -9999.0 -9999.0 -9999.0 -9999.0 -9999.0 -9999.0 -9999.0 -9999.0 -9999.0 -9999.0
-9999.0 -9999.0 -9999.0 -9999.0 -9999.0 -9999.0 -9999.0 -9999.0 -9999.0 -9999.0 -9999.0 -9999.0 -9999.0 -9999.0 -9999.0 -9999.0 -9999.0 -9999.0 -9999.0 -9999.0 -9999.0 -9999.0 -9999.0 -9999.0 -9999.0 -9999.0 -9999.0 -9999.0 -9999.0 -9999.0 -9999.0 -9999.0 -9999.0 -9999.0 -9999.0 -9999.0 -9999.0 -9999.0 -9999.0 -9999.0 -9999.0 -9999.0 -9999.0 -9999.0 -9999.0 -9999.0 -9999.0 -9999.0 -9999.0 -9999.0 -9999.0 -9999.0 -9999.0 -9999.0 -9999.0 -9999.0 -9999.0 -9999.0 -9999.0 -9999.0 -9999.0 -9999.0 -9999.0 -9999.0 -9999.0 -9999.0 -9999.0 -9999.0 -9999.0 -9999.0 -9999.0 -9999.0 -9999.0 -9999.0 -9999.0 -9999.0 -9999.0 -9999.0 -9999.0 -9999.0 -9999.0 -9999.0 -9999.0 -9999.0 -9999.0 -9999.0 -9999.0 -9999.0 -9999.0 -9999.0 -9999.0 -9999.0 -9999.0 -9999.0 -9999.0 -9999.0 -9999.0 -9999.0 -9999.0 -9999.0 -9999.0 -9999.0 -9999.0 -9999.0