inst/processing_geotop_simulation/geotop_simulation/out/maps3D/PwL0007N0376.asc
ncols         104
nrows         10
xllcorner     -2.000000
yllcorner     0.000000
cellsize      1.000000
NODATA_value  -9999.0
-9999.0 -9999.0 -9999.0 -9999.0 -9999.0 -9999.0 -9999.0 -9999.0 -9999.0 -9999.0 -9999.0 -9999.0 -9999.0 -9999.0 -9999.0 -9999.0 -9999.0 -9999.0 -9999.0 -9999.0 -9999.0 -9999.0 -9999.0 -9999.0 -9999.0 -9999.0 -9999.0 -9999.0 -9999.0 -9999.0 -9999.0 -9999.0 -9999.0 -9999.0 -9999.0 -9999.0 -9999.0 -9999.0 -9999.0 -9999.0 -9999.0 -9999.0 -9999.0 -9999.0 -9999.0 -9999.0 -9999.0 -9999.0 -9999.0 -9999.0 -9999.0 -9999.0 -9999.0 -9999.0 -9999.0 -9999.0 -9999.0 -9999.0 -9999.0 -9999.0 -9999.0 -9999.0 -9999.0 -9999.0 -9999.0 -9999.0 -9999.0 -9999.0 -9999.0 -9999.0 -9999.0 -9999.0 -9999.0 -9999.0 -9999.0 -9999.0 -9999.0 -9999.0 -9999.0 -9999.0 -9999.0 -9999.0 -9999.0 -9999.0 -9999.0 -9999.0 -9999.0 -9999.0 -9999.0 -9999.0 -9999.0 -9999.0 -9999.0 -9999.0 -9999.0 -9999.0 -9999.0 -9999.0 -9999.0 -9999.0 -9999.0 -9999.0 -9999.0 -9999.0
-9999.0 -9999.0 -9999.0 -9999.0 -9999.0 -9999.0 -9999.0 -9999.0 -9999.0 -9999.0 -9999.0 -9999.0 -9999.0 -9999.0 -9999.0 -9999.0 -9999.0 -9999.0 -9999.0 -9999.0 -9999.0 -9999.0 -9999.0 -9999.0 -9999.0 -9999.0 -9999.0 -9999.0 -9999.0 -9999.0 -9999.0 -9999.0 -9999.0 -9999.0 -9999.0 -9999.0 -9999.0 -9999.0 -9999.0 -9999.0 -9999.0 -9999.0 -9999.0 -9999.0 -9999.0 -9999.0 -9999.0 -9999.0 -9999.0 -9999.0 -9999.0 -9999.0 -9999.0 -9999.0 -9999.0 -9999.0 -9999.0 -9999.0 -9999.0 -9999.0 -9999.0 -9999.0 -9999.0 -9999.0 -9999.0 -9999.0 -9999.0 -9999.0 -9999.0 -9999.0 -9999.0 -9999.0 -9999.0 -9999.0 -9999.0 -9999.0 -9999.0 -9999.0 -9999.0 -9999.0 -9999.0 -9999.0 -9999.0 -9999.0 -9999.0 -9999.0 -9999.0 -9999.0 -9999.0 -9999.0 -9999.0 -9999.0 -9999.0 -9999.0 -9999.0 -9999.0 -9999.0 -9999.0 -9999.0 -9999.0 -9999.0 -9999.0 -9999.0 -9999.0
-9999.0 -9999.0 324.152254 226.199465 127.439831 28.384915 -70.784108 -169.999988 -269.229530 -368.448942 -467.634162 -566.738940 -665.667069 -764.399243 -863.103269 -961.760904 -1060.322668 -1158.476770 -1255.570101 -1351.080310 -1443.671041 -1531.015683 -1610.107404 -1678.348321 -1734.478154 -1778.734324 -1812.428137 -1837.371340 -1855.430244 -1868.275129 -1877.282671 -1883.527991 -1887.819350 -1890.747506 -1892.735550 -1894.084384 -1895.018650 -1895.766719 -1896.800293 -1899.357309 -1903.145766 -1866.061278 -1215.068343 -1256.481945 -1236.510467 -1223.307985 -1217.158429 -1216.245201 -1216.147884 -1216.156500 -1216.180240 -1216.205819 -1216.230407 -1216.253179 -1216.274356 -1216.299368 -1216.379371 -1216.919884 -1220.168578 -1227.401310 -1236.296386 -1182.103296 -1836.795905 -1896.469004 -1897.955685 -1897.194197 -1896.974168 -1896.931836 -1896.925096 -1896.924510 -1896.924882 -1896.925323 -1896.925690 -1896.925978 -1896.926203 -1896.926381 -1896.926525 -1896.926645 -1896.926748 -1896.926843 -1896.926937 -1896.927042 -1896.927172 -1896.927347 -1896.927601 -1896.927983 -1896.928579 -1896.929526 -1896.931067 -1896.933629 -1896.937997 -1896.945664 -1896.959542 -1896.985436 -1897.035196 -1897.133798 -1897.336685 -1897.775987 -1898.793586 -1901.364902 -1908.662281 -1932.770613 -9999.0 -9999.0
-9999.0 -9999.0 324.159453 226.201205 127.440292 28.385052 -70.784065 -169.999973 -269.229525 -368.448940 -467.634161 -566.738939 -665.667069 -764.399243 -863.103269 -961.760904 -1060.322668 -1158.476770 -1255.570101 -1351.080310 -1443.671041 -1531.015683 -1610.107405 -1678.348321 -1734.478154 -1778.734324 -1812.428137 -1837.371340 -1855.430244 -1868.275129 -1877.282671 -1883.527991 -1887.819350 -1890.747506 -1892.735550 -1894.084384 -1895.018650 -1895.766719 -1896.800293 -1899.357309 -1903.145766 -1866.061278 -1215.068343 -1256.481945 -1236.510467 -1223.307984 -1217.158429 -1216.245201 -1216.147884 -1216.156500 -1216.180240 -1216.205819 -1216.230407 -1216.253179 -1216.274356 -1216.299368 -1216.379371 -1216.919884 -1220.168578 -1227.401310 -1236.296386 -1182.103296 -1836.795905 -1896.469004 -1897.955685 -1897.194197 -1896.974168 -1896.931836 -1896.925096 -1896.924510 -1896.924882 -1896.925323 -1896.925690 -1896.925978 -1896.926203 -1896.926381 -1896.926525 -1896.926645 -1896.926748 -1896.926843 -1896.926937 -1896.927042 -1896.927172 -1896.927347 -1896.927601 -1896.927983 -1896.928579 -1896.929526 -1896.931067 -1896.933629 -1896.937997 -1896.945664 -1896.959542 -1896.985436 -1897.035196 -1897.133798 -1897.336685 -1897.775987 -1898.793586 -1901.364902 -1908.662281 -1932.770613 -9999.0 -9999.0
-9999.0 -9999.0 324.160815 226.201946 127.440587 28.385160 -70.784026 -169.999959 -269.229520 -368.448937 -467.634160 -566.738939 -665.667069 -764.399243 -863.103269 -961.760904 -1060.322668 -1158.476770 -1255.570101 -1351.080310 -1443.671041 -1531.015684 -1610.107405 -1678.348321 -1734.478154 -1778.734324 -1812.428137 -1837.371340 -1855.430244 -1868.275129 -1877.282671 -1883.527991 -1887.819350 -1890.747506 -1892.735550 -1894.084384 -1895.018650 -1895.766719 -1896.800293 -1899.357309 -1903.145766 -1866.061278 -1215.068343 -1256.481945 -1236.510467 -1223.307984 -1217.158429 -1216.245201 -1216.147884 -1216.156500 -1216.180240 -1216.205819 -1216.230407 -1216.253179 -1216.274356 -1216.299368 -1216.379371 -1216.919884 -1220.168578 -1227.401310 -1236.296386 -1182.103296 -1836.795905 -1896.469004 -1897.955685 -1897.194197 -1896.974168 -1896.931836 -1896.925096 -1896.924510 -1896.924882 -1896.925323 -1896.925690 -1896.925978 -1896.926203 -1896.926381 -1896.926525 -1896.926645 -1896.926748 -1896.926843 -1896.926937 -1896.927042 -1896.927172 -1896.927347 -1896.927601 -1896.927983 -1896.928579 -1896.929526 -1896.931067 -1896.933629 -1896.937997 -1896.945664 -1896.959542 -1896.985436 -1897.035196 -1897.133798 -1897.336685 -1897.775987 -1898.793586 -1901.364902 -1908.662281 -1932.770613 -9999.0 -9999.0
-9999.0 -9999.0 324.160815 226.201946 127.440587 28.385160 -70.784026 -169.999959 -269.229519 -368.448938 -467.634160 -566.738939 -665.667069 -764.399243 -863.103269 -961.760904 -1060.322668 -1158.476770 -1255.570101 -1351.080310 -1443.671041 -1531.015684 -1610.107405 -1678.348321 -1734.478154 -1778.734324 -1812.428137 -1837.371340 -1855.430244 -1868.275129 -1877.282671 -1883.527991 -1887.819350 -1890.747506 -1892.735550 -1894.084384 -1895.018650 -1895.766719 -1896.800293 -1899.357309 -1903.145766 -1866.061278 -1215.068343 -1256.481945 -1236.510467 -1223.307984 -1217.158429 -1216.245201 -1216.147884 -1216.156500 -1216.180240 -1216.205819 -1216.230407 -1216.253179 -1216.274356 -1216.299368 -1216.379371 -1216.919884 -1220.168578 -1227.401310 -1236.296386 -1182.103296 -1836.795905 -1896.469004 -1897.955685 -1897.194197 -1896.974168 -1896.931836 -1896.925096 -1896.924510 -1896.924882 -1896.925323 -1896.925690 -1896.925978 -1896.926203 -1896.926381 -1896.926525 -1896.926645 -1896.926748 -1896.926843 -1896.926937 -1896.927042 -1896.927172 -1896.927347 -1896.927601 -1896.927983 -1896.928579 -1896.929526 -1896.931067 -1896.933629 -1896.937997 -1896.945664 -1896.959542 -1896.985436 -1897.035196 -1897.133798 -1897.336685 -1897.775987 -1898.793586 -1901.364902 -1908.662281 -1932.770613 -9999.0 -9999.0
-9999.0 -9999.0 324.159453 226.201205 127.440292 28.385052 -70.784065 -169.999973 -269.229525 -368.448939 -467.634161 -566.738939 -665.667069 -764.399243 -863.103269 -961.760904 -1060.322668 -1158.476770 -1255.570101 -1351.080310 -1443.671041 -1531.015683 -1610.107405 -1678.348321 -1734.478154 -1778.734324 -1812.428137 -1837.371340 -1855.430244 -1868.275129 -1877.282671 -1883.527991 -1887.819350 -1890.747506 -1892.735550 -1894.084384 -1895.018650 -1895.766719 -1896.800293 -1899.357309 -1903.145766 -1866.061278 -1215.068343 -1256.481945 -1236.510467 -1223.307984 -1217.158429 -1216.245201 -1216.147884 -1216.156500 -1216.180240 -1216.205819 -1216.230407 -1216.253179 -1216.274356 -1216.299368 -1216.379371 -1216.919884 -1220.168578 -1227.401310 -1236.296386 -1182.103296 -1836.795905 -1896.469004 -1897.955685 -1897.194197 -1896.974168 -1896.931836 -1896.925096 -1896.924510 -1896.924882 -1896.925323 -1896.925690 -1896.925978 -1896.926203 -1896.926381 -1896.926525 -1896.926645 -1896.926748 -1896.926843 -1896.926937 -1896.927042 -1896.927172 -1896.927347 -1896.927601 -1896.927983 -1896.928579 -1896.929526 -1896.931067 -1896.933629 -1896.937997 -1896.945664 -1896.959542 -1896.985436 -1897.035196 -1897.133798 -1897.336685 -1897.775987 -1898.793586 -1901.364902 -1908.662281 -1932.770613 -9999.0 -9999.0
-9999.0 -9999.0 324.152254 226.199465 127.439831 28.384916 -70.784108 -169.999988 -269.229530 -368.448942 -467.634162 -566.738940 -665.667069 -764.399243 -863.103269 -961.760904 -1060.322668 -1158.476770 -1255.570101 -1351.080310 -1443.671041 -1531.015683 -1610.107404 -1678.348321 -1734.478154 -1778.734324 -1812.428137 -1837.371340 -1855.430244 -1868.275129 -1877.282671 -1883.527991 -1887.819350 -1890.747506 -1892.735550 -1894.084384 -1895.018650 -1895.766719 -1896.800293 -1899.357309 -1903.145766 -1866.061278 -1215.068343 -1256.481945 -1236.510467 -1223.307985 -1217.158429 -1216.245201 -1216.147884 -1216.156500 -1216.180240 -1216.205819 -1216.230407 -1216.253179 -1216.274356 -1216.299368 -1216.379371 -1216.919884 -1220.168578 -1227.401310 -1236.296386 -1182.103296 -1836.795905 -1896.469004 -1897.955685 -1897.194197 -1896.974168 -1896.931836 -1896.925096 -1896.924510 -1896.924882 -1896.925323 -1896.925690 -1896.925978 -1896.926203 -1896.926381 -1896.926525 -1896.926645 -1896.926748 -1896.926843 -1896.926937 -1896.927042 -1896.927172 -1896.927347 -1896.927601 -1896.927983 -1896.928579 -1896.929526 -1896.931067 -1896.933629 -1896.937997 -1896.945664 -1896.959542 -1896.985436 -1897.035196 -1897.133798 -1897.336685 -1897.775987 -1898.793586 -1901.364902 -1908.662281 -1932.770613 -9999.0 -9999.0
-9999.0 -9999.0 -9999.0 -9999.0 -9999.0 -9999.0 -9999.0 -9999.0 -9999.0 -9999.0 -9999.0 -9999.0 -9999.0 -9999.0 -9999.0 -9999.0 -9999.0 -9999.0 -9999.0 -9999.0 -9999.0 -9999.0 -9999.0 -9999.0 -9999.0 -9999.0 -9999.0 -9999.0 -9999.0 -9999.0 -9999.0 -9999.0 -9999.0 -9999.0 -9999.0 -9999.0 -9999.0 -9999.0 -9999.0 -9999.0 -9999.0 -9999.0 -9999.0 -9999.0 -9999.0 -9999.0 -9999.0 -9999.0 -9999.0 -9999.0 -9999.0 -9999.0 -9999.0 -9999.0 -9999.0 -9999.0 -9999.0 -9999.0 -9999.0 -9999.0 -9999.0 -9999.0 -9999.0 -9999.0 -9999.0 -9999.0 -9999.0 -9999.0 -9999.0 -9999.0 -9999.0 -9999.0 -9999.0 -9999.0 -9999.0 -9999.0 -9999.0 -9999.0 -9999.0 -9999.0 -9999.0 -9999.0 -9999.0 -9999.0 -9999.0 -9999.0 -9999.0 -9999.0 -9999.0 -9999.0 -9999.0 -9999.0 -9999.0 -9999.0 -9999.0 -9999.0 -9999.0 -9999.0 -9999.0 -9999.0 -9999.0 -9999.0 -9999.0 -9999.0
-9999.0 -9999.0 -9999.0 -9999.0 -9999.0 -9999.0 -9999.0 -9999.0 -9999.0 -9999.0 -9999.0 -9999.0 -9999.0 -9999.0 -9999.0 -9999.0 -9999.0 -9999.0 -9999.0 -9999.0 -9999.0 -9999.0 -9999.0 -9999.0 -9999.0 -9999.0 -9999.0 -9999.0 -9999.0 -9999.0 -9999.0 -9999.0 -9999.0 -9999.0 -9999.0 -9999.0 -9999.0 -9999.0 -9999.0 -9999.0 -9999.0 -9999.0 -9999.0 -9999.0 -9999.0 -9999.0 -9999.0 -9999.0 -9999.0 -9999.0 -9999.0 -9999.0 -9999.0 -9999.0 -9999.0 -9999.0 -9999.0 -9999.0 -9999.0 -9999.0 -9999.0 -9999.0 -9999.0 -9999.0 -9999.0 -9999.0 -9999.0 -9999.0 -9999.0 -9999.0 -9999.0 -9999.0 -9999.0 -9999.0 -9999.0 -9999.0 -9999.0 -9999.0 -9999.0 -9999.0 -9999.0 -9999.0 -9999.0 -9999.0 -9999.0 -9999.0 -9999.0 -9999.0 -9999.0 -9999.0 -9999.0 -9999.0 -9999.0 -9999.0 -9999.0 -9999.0 -9999.0 -9999.0 -9999.0 -9999.0 -9999.0 -9999.0 -9999.0 -9999.0