inst/processing_geotop_simulation/geotop_simulation/out/maps3D/PwL0002N0079.asc
ncols         104
nrows         10
xllcorner     -2.000000
yllcorner     0.000000
cellsize      1.000000
NODATA_value  -9999.0
-9999.0 -9999.0 -9999.0 -9999.0 -9999.0 -9999.0 -9999.0 -9999.0 -9999.0 -9999.0 -9999.0 -9999.0 -9999.0 -9999.0 -9999.0 -9999.0 -9999.0 -9999.0 -9999.0 -9999.0 -9999.0 -9999.0 -9999.0 -9999.0 -9999.0 -9999.0 -9999.0 -9999.0 -9999.0 -9999.0 -9999.0 -9999.0 -9999.0 -9999.0 -9999.0 -9999.0 -9999.0 -9999.0 -9999.0 -9999.0 -9999.0 -9999.0 -9999.0 -9999.0 -9999.0 -9999.0 -9999.0 -9999.0 -9999.0 -9999.0 -9999.0 -9999.0 -9999.0 -9999.0 -9999.0 -9999.0 -9999.0 -9999.0 -9999.0 -9999.0 -9999.0 -9999.0 -9999.0 -9999.0 -9999.0 -9999.0 -9999.0 -9999.0 -9999.0 -9999.0 -9999.0 -9999.0 -9999.0 -9999.0 -9999.0 -9999.0 -9999.0 -9999.0 -9999.0 -9999.0 -9999.0 -9999.0 -9999.0 -9999.0 -9999.0 -9999.0 -9999.0 -9999.0 -9999.0 -9999.0 -9999.0 -9999.0 -9999.0 -9999.0 -9999.0 -9999.0 -9999.0 -9999.0 -9999.0 -9999.0 -9999.0 -9999.0 -9999.0 -9999.0
-9999.0 -9999.0 -9999.0 -9999.0 -9999.0 -9999.0 -9999.0 -9999.0 -9999.0 -9999.0 -9999.0 -9999.0 -9999.0 -9999.0 -9999.0 -9999.0 -9999.0 -9999.0 -9999.0 -9999.0 -9999.0 -9999.0 -9999.0 -9999.0 -9999.0 -9999.0 -9999.0 -9999.0 -9999.0 -9999.0 -9999.0 -9999.0 -9999.0 -9999.0 -9999.0 -9999.0 -9999.0 -9999.0 -9999.0 -9999.0 -9999.0 -9999.0 -9999.0 -9999.0 -9999.0 -9999.0 -9999.0 -9999.0 -9999.0 -9999.0 -9999.0 -9999.0 -9999.0 -9999.0 -9999.0 -9999.0 -9999.0 -9999.0 -9999.0 -9999.0 -9999.0 -9999.0 -9999.0 -9999.0 -9999.0 -9999.0 -9999.0 -9999.0 -9999.0 -9999.0 -9999.0 -9999.0 -9999.0 -9999.0 -9999.0 -9999.0 -9999.0 -9999.0 -9999.0 -9999.0 -9999.0 -9999.0 -9999.0 -9999.0 -9999.0 -9999.0 -9999.0 -9999.0 -9999.0 -9999.0 -9999.0 -9999.0 -9999.0 -9999.0 -9999.0 -9999.0 -9999.0 -9999.0 -9999.0 -9999.0 -9999.0 -9999.0 -9999.0 -9999.0
-9999.0 -9999.0 -54.152772 -154.554618 -255.416827 -357.587216 -462.968359 -576.480619 -713.246278 -887.838982 -1069.022403 -1132.881871 -1156.649421 -1182.960358 -1224.988159 -1274.178997 -1304.252987 -1313.751400 -1310.132745 -1302.057678 -1294.690060 -1290.062334 -1288.500168 -1289.581516 -1292.602382 -1296.787244 -1301.393588 -1305.811653 -1309.646143 -1312.729564 -1315.066788 -1316.758572 -1317.939427 -1318.739091 -1319.265280 -1319.601605 -1319.821381 -1320.014241 -1320.238834 -1320.636496 -1324.860844 -1347.835359 -870.375080 -864.744896 -852.151396 -844.456112 -840.863836 -840.372962 -840.325532 -840.338909 -840.362413 -840.387209 -840.410990 -840.432983 -840.453124 -840.473969 -840.521364 -840.818186 -842.743630 -847.183513 -854.650534 -852.013712 -1332.133303 -1323.573909 -1320.874218 -1320.415780 -1320.322813 -1320.306097 -1320.305843 -1320.308554 -1320.311278 -1320.313466 -1320.315124 -1320.316371 -1320.317320 -1320.318053 -1320.318632 -1320.319096 -1320.319479 -1320.319813 -1320.320132 -1320.320479 -1320.320908 -1320.321495 -1320.322357 -1320.323675 -1320.325738 -1320.329018 -1320.334304 -1320.342946 -1320.357331 -1320.381833 -1320.424742 -1320.502206 -1320.646211 -1320.920417 -1321.451144 -1322.489648 -1324.551283 -1328.777694 -1337.982452 -1360.865340 -9999.0 -9999.0
-9999.0 -9999.0 -54.152773 -154.554619 -255.416828 -357.587216 -462.968360 -576.480619 -713.246279 -887.838983 -1069.022403 -1132.881871 -1156.649421 -1182.960358 -1224.988159 -1274.178997 -1304.252987 -1313.751400 -1310.132745 -1302.057678 -1294.690060 -1290.062334 -1288.500168 -1289.581516 -1292.602382 -1296.787244 -1301.393588 -1305.811653 -1309.646143 -1312.729564 -1315.066788 -1316.758572 -1317.939427 -1318.739091 -1319.265280 -1319.601605 -1319.821381 -1320.014241 -1320.238834 -1320.636496 -1324.860844 -1347.835359 -870.375080 -864.744896 -852.151396 -844.456112 -840.863836 -840.372962 -840.325532 -840.338909 -840.362413 -840.387209 -840.410990 -840.432983 -840.453124 -840.473969 -840.521364 -840.818186 -842.743630 -847.183513 -854.650534 -852.013712 -1332.133303 -1323.573909 -1320.874218 -1320.415780 -1320.322813 -1320.306097 -1320.305843 -1320.308554 -1320.311278 -1320.313466 -1320.315124 -1320.316371 -1320.317320 -1320.318053 -1320.318632 -1320.319096 -1320.319479 -1320.319813 -1320.320132 -1320.320479 -1320.320908 -1320.321495 -1320.322357 -1320.323675 -1320.325738 -1320.329018 -1320.334304 -1320.342946 -1320.357331 -1320.381833 -1320.424742 -1320.502206 -1320.646211 -1320.920417 -1321.451144 -1322.489648 -1324.551283 -1328.777694 -1337.982452 -1360.865340 -9999.0 -9999.0
-9999.0 -9999.0 -54.152773 -154.554619 -255.416828 -357.587217 -462.968360 -576.480620 -713.246279 -887.838983 -1069.022403 -1132.881871 -1156.649421 -1182.960358 -1224.988159 -1274.178997 -1304.252987 -1313.751400 -1310.132745 -1302.057678 -1294.690060 -1290.062334 -1288.500168 -1289.581516 -1292.602382 -1296.787244 -1301.393588 -1305.811653 -1309.646143 -1312.729564 -1315.066788 -1316.758572 -1317.939427 -1318.739091 -1319.265280 -1319.601605 -1319.821381 -1320.014241 -1320.238834 -1320.636496 -1324.860844 -1347.835359 -870.375080 -864.744896 -852.151396 -844.456112 -840.863836 -840.372962 -840.325532 -840.338909 -840.362413 -840.387209 -840.410990 -840.432983 -840.453124 -840.473969 -840.521364 -840.818186 -842.743630 -847.183513 -854.650534 -852.013712 -1332.133303 -1323.573909 -1320.874218 -1320.415780 -1320.322813 -1320.306097 -1320.305843 -1320.308554 -1320.311278 -1320.313466 -1320.315124 -1320.316371 -1320.317320 -1320.318053 -1320.318632 -1320.319096 -1320.319479 -1320.319813 -1320.320132 -1320.320479 -1320.320908 -1320.321495 -1320.322357 -1320.323675 -1320.325738 -1320.329018 -1320.334304 -1320.342946 -1320.357331 -1320.381833 -1320.424742 -1320.502206 -1320.646211 -1320.920417 -1321.451144 -1322.489648 -1324.551283 -1328.777694 -1337.982452 -1360.865340 -9999.0 -9999.0
-9999.0 -9999.0 -54.152773 -154.554619 -255.416828 -357.587217 -462.968360 -576.480620 -713.246279 -887.838983 -1069.022403 -1132.881871 -1156.649421 -1182.960358 -1224.988159 -1274.178997 -1304.252987 -1313.751400 -1310.132745 -1302.057678 -1294.690060 -1290.062334 -1288.500168 -1289.581516 -1292.602382 -1296.787244 -1301.393588 -1305.811653 -1309.646143 -1312.729564 -1315.066788 -1316.758572 -1317.939427 -1318.739091 -1319.265280 -1319.601605 -1319.821381 -1320.014241 -1320.238834 -1320.636496 -1324.860844 -1347.835359 -870.375080 -864.744896 -852.151396 -844.456112 -840.863836 -840.372962 -840.325532 -840.338909 -840.362413 -840.387209 -840.410990 -840.432983 -840.453124 -840.473969 -840.521364 -840.818186 -842.743630 -847.183513 -854.650534 -852.013712 -1332.133303 -1323.573909 -1320.874218 -1320.415780 -1320.322813 -1320.306097 -1320.305843 -1320.308554 -1320.311278 -1320.313466 -1320.315124 -1320.316371 -1320.317320 -1320.318053 -1320.318632 -1320.319096 -1320.319479 -1320.319813 -1320.320132 -1320.320479 -1320.320908 -1320.321495 -1320.322357 -1320.323675 -1320.325738 -1320.329018 -1320.334304 -1320.342946 -1320.357331 -1320.381833 -1320.424742 -1320.502206 -1320.646211 -1320.920417 -1321.451144 -1322.489648 -1324.551283 -1328.777694 -1337.982452 -1360.865340 -9999.0 -9999.0
-9999.0 -9999.0 -54.152773 -154.554619 -255.416828 -357.587216 -462.968360 -576.480619 -713.246279 -887.838983 -1069.022403 -1132.881871 -1156.649421 -1182.960358 -1224.988159 -1274.178997 -1304.252987 -1313.751400 -1310.132745 -1302.057678 -1294.690060 -1290.062334 -1288.500168 -1289.581516 -1292.602382 -1296.787244 -1301.393588 -1305.811653 -1309.646143 -1312.729564 -1315.066788 -1316.758572 -1317.939427 -1318.739091 -1319.265280 -1319.601605 -1319.821381 -1320.014241 -1320.238834 -1320.636496 -1324.860844 -1347.835359 -870.375080 -864.744896 -852.151396 -844.456112 -840.863836 -840.372962 -840.325532 -840.338909 -840.362413 -840.387209 -840.410990 -840.432983 -840.453124 -840.473969 -840.521364 -840.818186 -842.743630 -847.183513 -854.650534 -852.013712 -1332.133303 -1323.573909 -1320.874218 -1320.415780 -1320.322813 -1320.306097 -1320.305843 -1320.308554 -1320.311278 -1320.313466 -1320.315124 -1320.316371 -1320.317320 -1320.318053 -1320.318632 -1320.319096 -1320.319479 -1320.319813 -1320.320132 -1320.320479 -1320.320908 -1320.321495 -1320.322357 -1320.323675 -1320.325738 -1320.329018 -1320.334304 -1320.342946 -1320.357331 -1320.381833 -1320.424742 -1320.502206 -1320.646211 -1320.920417 -1321.451144 -1322.489648 -1324.551283 -1328.777694 -1337.982452 -1360.865340 -9999.0 -9999.0
-9999.0 -9999.0 -54.152772 -154.554618 -255.416827 -357.587216 -462.968359 -576.480619 -713.246278 -887.838982 -1069.022403 -1132.881871 -1156.649421 -1182.960358 -1224.988159 -1274.178997 -1304.252987 -1313.751400 -1310.132745 -1302.057678 -1294.690060 -1290.062334 -1288.500168 -1289.581516 -1292.602382 -1296.787244 -1301.393588 -1305.811653 -1309.646143 -1312.729564 -1315.066788 -1316.758572 -1317.939427 -1318.739091 -1319.265280 -1319.601605 -1319.821381 -1320.014241 -1320.238834 -1320.636496 -1324.860844 -1347.835359 -870.375080 -864.744896 -852.151396 -844.456112 -840.863836 -840.372962 -840.325532 -840.338909 -840.362413 -840.387209 -840.410990 -840.432983 -840.453124 -840.473969 -840.521364 -840.818186 -842.743630 -847.183513 -854.650534 -852.013712 -1332.133303 -1323.573909 -1320.874218 -1320.415780 -1320.322813 -1320.306097 -1320.305843 -1320.308554 -1320.311278 -1320.313466 -1320.315124 -1320.316371 -1320.317320 -1320.318053 -1320.318632 -1320.319096 -1320.319479 -1320.319813 -1320.320132 -1320.320479 -1320.320908 -1320.321495 -1320.322357 -1320.323675 -1320.325738 -1320.329018 -1320.334304 -1320.342946 -1320.357331 -1320.381833 -1320.424742 -1320.502206 -1320.646211 -1320.920417 -1321.451144 -1322.489648 -1324.551283 -1328.777694 -1337.982452 -1360.865340 -9999.0 -9999.0
-9999.0 -9999.0 -9999.0 -9999.0 -9999.0 -9999.0 -9999.0 -9999.0 -9999.0 -9999.0 -9999.0 -9999.0 -9999.0 -9999.0 -9999.0 -9999.0 -9999.0 -9999.0 -9999.0 -9999.0 -9999.0 -9999.0 -9999.0 -9999.0 -9999.0 -9999.0 -9999.0 -9999.0 -9999.0 -9999.0 -9999.0 -9999.0 -9999.0 -9999.0 -9999.0 -9999.0 -9999.0 -9999.0 -9999.0 -9999.0 -9999.0 -9999.0 -9999.0 -9999.0 -9999.0 -9999.0 -9999.0 -9999.0 -9999.0 -9999.0 -9999.0 -9999.0 -9999.0 -9999.0 -9999.0 -9999.0 -9999.0 -9999.0 -9999.0 -9999.0 -9999.0 -9999.0 -9999.0 -9999.0 -9999.0 -9999.0 -9999.0 -9999.0 -9999.0 -9999.0 -9999.0 -9999.0 -9999.0 -9999.0 -9999.0 -9999.0 -9999.0 -9999.0 -9999.0 -9999.0 -9999.0 -9999.0 -9999.0 -9999.0 -9999.0 -9999.0 -9999.0 -9999.0 -9999.0 -9999.0 -9999.0 -9999.0 -9999.0 -9999.0 -9999.0 -9999.0 -9999.0 -9999.0 -9999.0 -9999.0 -9999.0 -9999.0 -9999.0 -9999.0
-9999.0 -9999.0 -9999.0 -9999.0 -9999.0 -9999.0 -9999.0 -9999.0 -9999.0 -9999.0 -9999.0 -9999.0 -9999.0 -9999.0 -9999.0 -9999.0 -9999.0 -9999.0 -9999.0 -9999.0 -9999.0 -9999.0 -9999.0 -9999.0 -9999.0 -9999.0 -9999.0 -9999.0 -9999.0 -9999.0 -9999.0 -9999.0 -9999.0 -9999.0 -9999.0 -9999.0 -9999.0 -9999.0 -9999.0 -9999.0 -9999.0 -9999.0 -9999.0 -9999.0 -9999.0 -9999.0 -9999.0 -9999.0 -9999.0 -9999.0 -9999.0 -9999.0 -9999.0 -9999.0 -9999.0 -9999.0 -9999.0 -9999.0 -9999.0 -9999.0 -9999.0 -9999.0 -9999.0 -9999.0 -9999.0 -9999.0 -9999.0 -9999.0 -9999.0 -9999.0 -9999.0 -9999.0 -9999.0 -9999.0 -9999.0 -9999.0 -9999.0 -9999.0 -9999.0 -9999.0 -9999.0 -9999.0 -9999.0 -9999.0 -9999.0 -9999.0 -9999.0 -9999.0 -9999.0 -9999.0 -9999.0 -9999.0 -9999.0 -9999.0 -9999.0 -9999.0 -9999.0 -9999.0 -9999.0 -9999.0 -9999.0 -9999.0 -9999.0 -9999.0