inst/processing_geotop_simulation/geotop_simulation/out/maps3D/PwL0017N0252.asc
ncols         104
nrows         10
xllcorner     -2.000000
yllcorner     0.000000
cellsize      1.000000
NODATA_value  -9999.0
-9999.0 -9999.0 -9999.0 -9999.0 -9999.0 -9999.0 -9999.0 -9999.0 -9999.0 -9999.0 -9999.0 -9999.0 -9999.0 -9999.0 -9999.0 -9999.0 -9999.0 -9999.0 -9999.0 -9999.0 -9999.0 -9999.0 -9999.0 -9999.0 -9999.0 -9999.0 -9999.0 -9999.0 -9999.0 -9999.0 -9999.0 -9999.0 -9999.0 -9999.0 -9999.0 -9999.0 -9999.0 -9999.0 -9999.0 -9999.0 -9999.0 -9999.0 -9999.0 -9999.0 -9999.0 -9999.0 -9999.0 -9999.0 -9999.0 -9999.0 -9999.0 -9999.0 -9999.0 -9999.0 -9999.0 -9999.0 -9999.0 -9999.0 -9999.0 -9999.0 -9999.0 -9999.0 -9999.0 -9999.0 -9999.0 -9999.0 -9999.0 -9999.0 -9999.0 -9999.0 -9999.0 -9999.0 -9999.0 -9999.0 -9999.0 -9999.0 -9999.0 -9999.0 -9999.0 -9999.0 -9999.0 -9999.0 -9999.0 -9999.0 -9999.0 -9999.0 -9999.0 -9999.0 -9999.0 -9999.0 -9999.0 -9999.0 -9999.0 -9999.0 -9999.0 -9999.0 -9999.0 -9999.0 -9999.0 -9999.0 -9999.0 -9999.0 -9999.0 -9999.0
-9999.0 -9999.0 -9999.0 -9999.0 -9999.0 -9999.0 -9999.0 -9999.0 -9999.0 -9999.0 -9999.0 -9999.0 -9999.0 -9999.0 -9999.0 -9999.0 -9999.0 -9999.0 -9999.0 -9999.0 -9999.0 -9999.0 -9999.0 -9999.0 -9999.0 -9999.0 -9999.0 -9999.0 -9999.0 -9999.0 -9999.0 -9999.0 -9999.0 -9999.0 -9999.0 -9999.0 -9999.0 -9999.0 -9999.0 -9999.0 -9999.0 -9999.0 -9999.0 -9999.0 -9999.0 -9999.0 -9999.0 -9999.0 -9999.0 -9999.0 -9999.0 -9999.0 -9999.0 -9999.0 -9999.0 -9999.0 -9999.0 -9999.0 -9999.0 -9999.0 -9999.0 -9999.0 -9999.0 -9999.0 -9999.0 -9999.0 -9999.0 -9999.0 -9999.0 -9999.0 -9999.0 -9999.0 -9999.0 -9999.0 -9999.0 -9999.0 -9999.0 -9999.0 -9999.0 -9999.0 -9999.0 -9999.0 -9999.0 -9999.0 -9999.0 -9999.0 -9999.0 -9999.0 -9999.0 -9999.0 -9999.0 -9999.0 -9999.0 -9999.0 -9999.0 -9999.0 -9999.0 -9999.0 -9999.0 -9999.0 -9999.0 -9999.0 -9999.0 -9999.0
-9999.0 -9999.0 823.991907 726.579206 628.798285 530.664101 432.350905 333.959018 235.541168 137.125511 38.728014 -59.635386 -157.959278 -256.214231 -354.331713 -452.188358 -549.558728 -646.079633 -742.143753 -838.281094 -933.664749 -1028.023061 -1117.180055 -1195.695843 -1263.970727 -1320.833626 -1366.266531 -1401.224903 -1427.258379 -1446.120938 -1459.485484 -1468.787616 -1475.173494 -1479.512111 -1482.438254 -1484.405443 -1485.742659 -1486.742158 -1487.944338 -1491.271408 -1503.906318 -1556.707639 -1995.517802 -4092.318413 -4133.659758 -4133.663365 -4133.663362 -4133.663322 -4133.663125 -4133.662455 -4133.660569 -4133.655000 -4133.645620 -4133.633305 -4133.612591 -4133.571875 -4133.481276 -4133.259040 -4132.671476 -4131.002130 -4050.197884 -1813.510007 -1517.720911 -1496.039294 -1490.094704 -1488.767287 -1488.529626 -1488.491618 -1488.486236 -1488.486069 -1488.486664 -1488.487261 -1488.487745 -1488.488122 -1488.488415 -1488.488646 -1488.488833 -1488.488987 -1488.489119 -1488.489239 -1488.489357 -1488.489488 -1488.489649 -1488.489867 -1488.490182 -1488.490660 -1488.491403 -1488.492587 -1488.494509 -1488.497696 -1488.503112 -1488.512576 -1488.529627 -1488.561298 -1488.621881 -1488.741311 -1488.985520 -1489.510292 -1490.711510 -1493.665230 -1501.598377 -1526.116168 -9999.0 -9999.0
-9999.0 -9999.0 823.995687 726.580551 628.798709 530.664236 432.350950 333.959034 235.541174 137.125513 38.728015 -59.635386 -157.959277 -256.214231 -354.331713 -452.188358 -549.558728 -646.079633 -742.143753 -838.281094 -933.664749 -1028.023061 -1117.180055 -1195.695843 -1263.970728 -1320.833626 -1366.266531 -1401.224903 -1427.258379 -1446.120938 -1459.485484 -1468.787616 -1475.173494 -1479.512111 -1482.438254 -1484.405443 -1485.742659 -1486.742158 -1487.944338 -1491.271408 -1503.906318 -1556.707639 -1995.517801 -4092.318413 -4133.659758 -4133.663365 -4133.663362 -4133.663322 -4133.663125 -4133.662455 -4133.660569 -4133.655000 -4133.645620 -4133.633305 -4133.612591 -4133.571875 -4133.481276 -4133.259040 -4132.671476 -4131.002130 -4050.197884 -1813.510007 -1517.720911 -1496.039294 -1490.094704 -1488.767287 -1488.529626 -1488.491618 -1488.486236 -1488.486069 -1488.486664 -1488.487261 -1488.487745 -1488.488122 -1488.488415 -1488.488646 -1488.488833 -1488.488987 -1488.489119 -1488.489239 -1488.489357 -1488.489488 -1488.489649 -1488.489867 -1488.490182 -1488.490660 -1488.491403 -1488.492587 -1488.494509 -1488.497696 -1488.503112 -1488.512576 -1488.529627 -1488.561298 -1488.621881 -1488.741311 -1488.985520 -1489.510292 -1490.711510 -1493.665230 -1501.598377 -1526.116168 -9999.0 -9999.0
-9999.0 -9999.0 823.996992 726.581242 628.798996 530.664345 432.350989 333.959048 235.541179 137.125515 38.728016 -59.635385 -157.959277 -256.214231 -354.331713 -452.188358 -549.558728 -646.079633 -742.143753 -838.281094 -933.664749 -1028.023061 -1117.180055 -1195.695843 -1263.970728 -1320.833626 -1366.266532 -1401.224903 -1427.258379 -1446.120938 -1459.485484 -1468.787616 -1475.173494 -1479.512111 -1482.438254 -1484.405443 -1485.742659 -1486.742158 -1487.944338 -1491.271408 -1503.906318 -1556.707639 -1995.517802 -4092.318413 -4133.659758 -4133.663365 -4133.663362 -4133.663322 -4133.663125 -4133.662455 -4133.660569 -4133.655000 -4133.645620 -4133.633305 -4133.612591 -4133.571875 -4133.481276 -4133.259040 -4132.671476 -4131.002130 -4050.197884 -1813.510007 -1517.720911 -1496.039294 -1490.094704 -1488.767287 -1488.529626 -1488.491618 -1488.486236 -1488.486069 -1488.486664 -1488.487261 -1488.487745 -1488.488122 -1488.488415 -1488.488646 -1488.488833 -1488.488987 -1488.489119 -1488.489239 -1488.489357 -1488.489488 -1488.489649 -1488.489867 -1488.490182 -1488.490660 -1488.491403 -1488.492587 -1488.494509 -1488.497696 -1488.503112 -1488.512576 -1488.529627 -1488.561298 -1488.621881 -1488.741311 -1488.985520 -1489.510292 -1490.711510 -1493.665230 -1501.598377 -1526.116168 -9999.0 -9999.0
-9999.0 -9999.0 823.996992 726.581242 628.798996 530.664345 432.350989 333.959048 235.541179 137.125515 38.728016 -59.635385 -157.959277 -256.214231 -354.331713 -452.188358 -549.558728 -646.079633 -742.143753 -838.281094 -933.664749 -1028.023061 -1117.180055 -1195.695843 -1263.970728 -1320.833626 -1366.266532 -1401.224903 -1427.258379 -1446.120938 -1459.485484 -1468.787616 -1475.173494 -1479.512111 -1482.438254 -1484.405443 -1485.742659 -1486.742158 -1487.944338 -1491.271408 -1503.906318 -1556.707639 -1995.517802 -4092.318413 -4133.659758 -4133.663365 -4133.663362 -4133.663322 -4133.663125 -4133.662455 -4133.660569 -4133.655000 -4133.645620 -4133.633305 -4133.612591 -4133.571875 -4133.481276 -4133.259040 -4132.671476 -4131.002130 -4050.197884 -1813.510007 -1517.720911 -1496.039294 -1490.094704 -1488.767287 -1488.529626 -1488.491618 -1488.486236 -1488.486069 -1488.486664 -1488.487261 -1488.487745 -1488.488122 -1488.488415 -1488.488646 -1488.488833 -1488.488987 -1488.489119 -1488.489239 -1488.489357 -1488.489488 -1488.489649 -1488.489867 -1488.490182 -1488.490660 -1488.491403 -1488.492587 -1488.494509 -1488.497696 -1488.503112 -1488.512576 -1488.529627 -1488.561298 -1488.621881 -1488.741311 -1488.985520 -1489.510292 -1490.711510 -1493.665230 -1501.598377 -1526.116168 -9999.0 -9999.0
-9999.0 -9999.0 823.995687 726.580551 628.798709 530.664236 432.350950 333.959034 235.541174 137.125513 38.728015 -59.635386 -157.959277 -256.214231 -354.331713 -452.188358 -549.558728 -646.079633 -742.143753 -838.281094 -933.664749 -1028.023061 -1117.180055 -1195.695843 -1263.970728 -1320.833626 -1366.266531 -1401.224903 -1427.258379 -1446.120938 -1459.485484 -1468.787616 -1475.173494 -1479.512111 -1482.438254 -1484.405443 -1485.742659 -1486.742158 -1487.944338 -1491.271408 -1503.906318 -1556.707639 -1995.517801 -4092.318413 -4133.659758 -4133.663365 -4133.663362 -4133.663322 -4133.663125 -4133.662455 -4133.660569 -4133.655000 -4133.645620 -4133.633305 -4133.612591 -4133.571875 -4133.481276 -4133.259040 -4132.671476 -4131.002130 -4050.197884 -1813.510007 -1517.720911 -1496.039294 -1490.094704 -1488.767287 -1488.529626 -1488.491618 -1488.486236 -1488.486069 -1488.486664 -1488.487261 -1488.487745 -1488.488122 -1488.488415 -1488.488646 -1488.488833 -1488.488987 -1488.489119 -1488.489239 -1488.489357 -1488.489488 -1488.489649 -1488.489867 -1488.490182 -1488.490660 -1488.491403 -1488.492587 -1488.494509 -1488.497696 -1488.503112 -1488.512576 -1488.529627 -1488.561298 -1488.621881 -1488.741311 -1488.985520 -1489.510292 -1490.711510 -1493.665230 -1501.598377 -1526.116168 -9999.0 -9999.0
-9999.0 -9999.0 823.991907 726.579206 628.798285 530.664101 432.350905 333.959018 235.541168 137.125511 38.728014 -59.635386 -157.959278 -256.214231 -354.331713 -452.188358 -549.558728 -646.079633 -742.143753 -838.281094 -933.664749 -1028.023061 -1117.180055 -1195.695843 -1263.970728 -1320.833626 -1366.266531 -1401.224903 -1427.258379 -1446.120938 -1459.485484 -1468.787616 -1475.173494 -1479.512111 -1482.438254 -1484.405443 -1485.742659 -1486.742158 -1487.944338 -1491.271408 -1503.906318 -1556.707639 -1995.517802 -4092.318413 -4133.659758 -4133.663365 -4133.663362 -4133.663322 -4133.663125 -4133.662455 -4133.660569 -4133.655000 -4133.645620 -4133.633305 -4133.612591 -4133.571875 -4133.481276 -4133.259040 -4132.671476 -4131.002130 -4050.197884 -1813.510007 -1517.720911 -1496.039294 -1490.094704 -1488.767287 -1488.529626 -1488.491618 -1488.486236 -1488.486069 -1488.486664 -1488.487261 -1488.487745 -1488.488122 -1488.488415 -1488.488646 -1488.488833 -1488.488987 -1488.489119 -1488.489239 -1488.489357 -1488.489488 -1488.489649 -1488.489867 -1488.490182 -1488.490660 -1488.491403 -1488.492587 -1488.494509 -1488.497696 -1488.503112 -1488.512576 -1488.529627 -1488.561298 -1488.621881 -1488.741311 -1488.985520 -1489.510292 -1490.711510 -1493.665230 -1501.598377 -1526.116168 -9999.0 -9999.0
-9999.0 -9999.0 -9999.0 -9999.0 -9999.0 -9999.0 -9999.0 -9999.0 -9999.0 -9999.0 -9999.0 -9999.0 -9999.0 -9999.0 -9999.0 -9999.0 -9999.0 -9999.0 -9999.0 -9999.0 -9999.0 -9999.0 -9999.0 -9999.0 -9999.0 -9999.0 -9999.0 -9999.0 -9999.0 -9999.0 -9999.0 -9999.0 -9999.0 -9999.0 -9999.0 -9999.0 -9999.0 -9999.0 -9999.0 -9999.0 -9999.0 -9999.0 -9999.0 -9999.0 -9999.0 -9999.0 -9999.0 -9999.0 -9999.0 -9999.0 -9999.0 -9999.0 -9999.0 -9999.0 -9999.0 -9999.0 -9999.0 -9999.0 -9999.0 -9999.0 -9999.0 -9999.0 -9999.0 -9999.0 -9999.0 -9999.0 -9999.0 -9999.0 -9999.0 -9999.0 -9999.0 -9999.0 -9999.0 -9999.0 -9999.0 -9999.0 -9999.0 -9999.0 -9999.0 -9999.0 -9999.0 -9999.0 -9999.0 -9999.0 -9999.0 -9999.0 -9999.0 -9999.0 -9999.0 -9999.0 -9999.0 -9999.0 -9999.0 -9999.0 -9999.0 -9999.0 -9999.0 -9999.0 -9999.0 -9999.0 -9999.0 -9999.0 -9999.0 -9999.0
-9999.0 -9999.0 -9999.0 -9999.0 -9999.0 -9999.0 -9999.0 -9999.0 -9999.0 -9999.0 -9999.0 -9999.0 -9999.0 -9999.0 -9999.0 -9999.0 -9999.0 -9999.0 -9999.0 -9999.0 -9999.0 -9999.0 -9999.0 -9999.0 -9999.0 -9999.0 -9999.0 -9999.0 -9999.0 -9999.0 -9999.0 -9999.0 -9999.0 -9999.0 -9999.0 -9999.0 -9999.0 -9999.0 -9999.0 -9999.0 -9999.0 -9999.0 -9999.0 -9999.0 -9999.0 -9999.0 -9999.0 -9999.0 -9999.0 -9999.0 -9999.0 -9999.0 -9999.0 -9999.0 -9999.0 -9999.0 -9999.0 -9999.0 -9999.0 -9999.0 -9999.0 -9999.0 -9999.0 -9999.0 -9999.0 -9999.0 -9999.0 -9999.0 -9999.0 -9999.0 -9999.0 -9999.0 -9999.0 -9999.0 -9999.0 -9999.0 -9999.0 -9999.0 -9999.0 -9999.0 -9999.0 -9999.0 -9999.0 -9999.0 -9999.0 -9999.0 -9999.0 -9999.0 -9999.0 -9999.0 -9999.0 -9999.0 -9999.0 -9999.0 -9999.0 -9999.0 -9999.0 -9999.0 -9999.0 -9999.0 -9999.0 -9999.0 -9999.0 -9999.0