inst/processing_geotop_simulation/geotop_simulation/out/maps3D/PwL0020N0447.asc
ncols         104
nrows         10
xllcorner     -2.000000
yllcorner     0.000000
cellsize      1.000000
NODATA_value  -9999.0
-9999.0 -9999.0 -9999.0 -9999.0 -9999.0 -9999.0 -9999.0 -9999.0 -9999.0 -9999.0 -9999.0 -9999.0 -9999.0 -9999.0 -9999.0 -9999.0 -9999.0 -9999.0 -9999.0 -9999.0 -9999.0 -9999.0 -9999.0 -9999.0 -9999.0 -9999.0 -9999.0 -9999.0 -9999.0 -9999.0 -9999.0 -9999.0 -9999.0 -9999.0 -9999.0 -9999.0 -9999.0 -9999.0 -9999.0 -9999.0 -9999.0 -9999.0 -9999.0 -9999.0 -9999.0 -9999.0 -9999.0 -9999.0 -9999.0 -9999.0 -9999.0 -9999.0 -9999.0 -9999.0 -9999.0 -9999.0 -9999.0 -9999.0 -9999.0 -9999.0 -9999.0 -9999.0 -9999.0 -9999.0 -9999.0 -9999.0 -9999.0 -9999.0 -9999.0 -9999.0 -9999.0 -9999.0 -9999.0 -9999.0 -9999.0 -9999.0 -9999.0 -9999.0 -9999.0 -9999.0 -9999.0 -9999.0 -9999.0 -9999.0 -9999.0 -9999.0 -9999.0 -9999.0 -9999.0 -9999.0 -9999.0 -9999.0 -9999.0 -9999.0 -9999.0 -9999.0 -9999.0 -9999.0 -9999.0 -9999.0 -9999.0 -9999.0 -9999.0 -9999.0
-9999.0 -9999.0 -9999.0 -9999.0 -9999.0 -9999.0 -9999.0 -9999.0 -9999.0 -9999.0 -9999.0 -9999.0 -9999.0 -9999.0 -9999.0 -9999.0 -9999.0 -9999.0 -9999.0 -9999.0 -9999.0 -9999.0 -9999.0 -9999.0 -9999.0 -9999.0 -9999.0 -9999.0 -9999.0 -9999.0 -9999.0 -9999.0 -9999.0 -9999.0 -9999.0 -9999.0 -9999.0 -9999.0 -9999.0 -9999.0 -9999.0 -9999.0 -9999.0 -9999.0 -9999.0 -9999.0 -9999.0 -9999.0 -9999.0 -9999.0 -9999.0 -9999.0 -9999.0 -9999.0 -9999.0 -9999.0 -9999.0 -9999.0 -9999.0 -9999.0 -9999.0 -9999.0 -9999.0 -9999.0 -9999.0 -9999.0 -9999.0 -9999.0 -9999.0 -9999.0 -9999.0 -9999.0 -9999.0 -9999.0 -9999.0 -9999.0 -9999.0 -9999.0 -9999.0 -9999.0 -9999.0 -9999.0 -9999.0 -9999.0 -9999.0 -9999.0 -9999.0 -9999.0 -9999.0 -9999.0 -9999.0 -9999.0 -9999.0 -9999.0 -9999.0 -9999.0 -9999.0 -9999.0 -9999.0 -9999.0 -9999.0 -9999.0 -9999.0 -9999.0
-9999.0 -9999.0 968.126330 868.941603 769.698876 670.356015 570.957678 471.534639 372.104099 272.675528 173.254241 73.843324 -25.553461 -124.933953 -224.296699 -323.630135 -422.913265 -522.107054 -621.140727 -719.889686 -818.702379 -917.262156 -1015.420447 -1112.954111 -1205.353862 -1292.313013 -1371.847311 -1442.255057 -1502.445832 -1552.131348 -1591.808481 -1622.564259 -1645.802106 -1662.989965 -1675.486287 -1684.453912 -1690.853180 -1695.532490 -1699.525855 -1704.701622 -1714.024853 -1730.674913 -1786.925318 -3450.903319 -3982.764453 -3982.528780 -3936.952812 -3718.826600 -3409.087649 -3138.982360 -2928.819552 -2750.658639 -2642.486369 -2572.541146 -2507.455684 -2439.080071 -2365.061576 -2286.665740 -2206.961352 -2127.858613 -2027.294204 -1554.525550 -1685.901823 -1706.569821 -1706.645235 -1705.766418 -1705.480363 -1705.416984 -1705.405555 -1705.404132 -1705.404422 -1705.404935 -1705.405423 -1705.405857 -1705.406245 -1705.406601 -1705.406935 -1705.407255 -1705.407568 -1705.407882 -1705.408204 -1705.408545 -1705.408917 -1705.409340 -1705.409843 -1705.410471 -1705.411301 -1705.412458 -1705.414160 -1705.416799 -1705.421101 -1705.428460 -1705.441624 -1705.466179 -1705.513872 -1705.610599 -1705.817008 -1706.284766 -1707.418996 -1710.385317 -1718.851858 -1745.600797 -9999.0 -9999.0
-9999.0 -9999.0 968.128943 868.942613 769.699210 670.356125 570.957715 471.534652 372.104104 272.675531 173.254242 73.843325 -25.553460 -124.933953 -224.296699 -323.630135 -422.913265 -522.107054 -621.140727 -719.889686 -818.702379 -917.262156 -1015.420447 -1112.954112 -1205.353863 -1292.313013 -1371.847311 -1442.255057 -1502.445832 -1552.131348 -1591.808481 -1622.564259 -1645.802106 -1662.989965 -1675.486287 -1684.453912 -1690.853180 -1695.532490 -1699.525855 -1704.701622 -1714.024853 -1730.674913 -1786.925318 -3450.903317 -3982.764453 -3982.528780 -3936.952812 -3718.826599 -3409.087648 -3138.982358 -2928.819550 -2750.658638 -2642.486369 -2572.541146 -2507.455684 -2439.080071 -2365.061575 -2286.665740 -2206.961352 -2127.858613 -2027.294204 -1554.525550 -1685.901823 -1706.569821 -1706.645235 -1705.766418 -1705.480363 -1705.416984 -1705.405555 -1705.404132 -1705.404422 -1705.404935 -1705.405423 -1705.405857 -1705.406245 -1705.406601 -1705.406935 -1705.407254 -1705.407568 -1705.407882 -1705.408204 -1705.408545 -1705.408917 -1705.409340 -1705.409843 -1705.410471 -1705.411301 -1705.412458 -1705.414160 -1705.416799 -1705.421101 -1705.428460 -1705.441624 -1705.466179 -1705.513872 -1705.610599 -1705.817008 -1706.284766 -1707.418996 -1710.385317 -1718.851858 -1745.600797 -9999.0 -9999.0
-9999.0 -9999.0 968.129962 868.943161 769.699442 670.356214 570.957748 471.534664 372.104109 272.675532 173.254243 73.843325 -25.553460 -124.933953 -224.296699 -323.630135 -422.913265 -522.107054 -621.140727 -719.889686 -818.702379 -917.262156 -1015.420447 -1112.954112 -1205.353863 -1292.313013 -1371.847311 -1442.255057 -1502.445832 -1552.131348 -1591.808481 -1622.564259 -1645.802106 -1662.989965 -1675.486287 -1684.453912 -1690.853180 -1695.532490 -1699.525855 -1704.701622 -1714.024853 -1730.674913 -1786.925318 -3450.903317 -3982.764453 -3982.528780 -3936.952812 -3718.826599 -3409.087648 -3138.982356 -2928.819548 -2750.658638 -2642.486368 -2572.541146 -2507.455684 -2439.080071 -2365.061575 -2286.665740 -2206.961352 -2127.858613 -2027.294204 -1554.525550 -1685.901823 -1706.569821 -1706.645235 -1705.766418 -1705.480363 -1705.416984 -1705.405555 -1705.404132 -1705.404422 -1705.404935 -1705.405423 -1705.405857 -1705.406245 -1705.406601 -1705.406935 -1705.407254 -1705.407568 -1705.407882 -1705.408204 -1705.408545 -1705.408917 -1705.409340 -1705.409843 -1705.410471 -1705.411301 -1705.412458 -1705.414160 -1705.416799 -1705.421101 -1705.428460 -1705.441624 -1705.466179 -1705.513872 -1705.610599 -1705.817008 -1706.284766 -1707.418996 -1710.385317 -1718.851858 -1745.600797 -9999.0 -9999.0
-9999.0 -9999.0 968.129962 868.943161 769.699442 670.356214 570.957748 471.534664 372.104109 272.675532 173.254243 73.843325 -25.553460 -124.933953 -224.296699 -323.630135 -422.913265 -522.107054 -621.140727 -719.889686 -818.702379 -917.262156 -1015.420447 -1112.954112 -1205.353863 -1292.313013 -1371.847311 -1442.255057 -1502.445832 -1552.131348 -1591.808481 -1622.564259 -1645.802106 -1662.989965 -1675.486287 -1684.453912 -1690.853180 -1695.532490 -1699.525855 -1704.701622 -1714.024853 -1730.674913 -1786.925318 -3450.903317 -3982.764453 -3982.528780 -3936.952812 -3718.826599 -3409.087648 -3138.982357 -2928.819549 -2750.658638 -2642.486368 -2572.541146 -2507.455684 -2439.080071 -2365.061575 -2286.665740 -2206.961352 -2127.858613 -2027.294204 -1554.525550 -1685.901823 -1706.569821 -1706.645235 -1705.766418 -1705.480363 -1705.416984 -1705.405555 -1705.404132 -1705.404422 -1705.404935 -1705.405423 -1705.405857 -1705.406245 -1705.406601 -1705.406935 -1705.407254 -1705.407568 -1705.407882 -1705.408204 -1705.408545 -1705.408917 -1705.409340 -1705.409843 -1705.410471 -1705.411301 -1705.412458 -1705.414160 -1705.416799 -1705.421101 -1705.428460 -1705.441624 -1705.466179 -1705.513872 -1705.610599 -1705.817008 -1706.284766 -1707.418996 -1710.385317 -1718.851858 -1745.600797 -9999.0 -9999.0
-9999.0 -9999.0 968.128943 868.942613 769.699210 670.356125 570.957715 471.534652 372.104104 272.675531 173.254242 73.843325 -25.553460 -124.933953 -224.296699 -323.630135 -422.913265 -522.107054 -621.140727 -719.889686 -818.702379 -917.262156 -1015.420447 -1112.954112 -1205.353863 -1292.313013 -1371.847311 -1442.255057 -1502.445832 -1552.131348 -1591.808481 -1622.564259 -1645.802106 -1662.989965 -1675.486287 -1684.453912 -1690.853180 -1695.532490 -1699.525855 -1704.701622 -1714.024853 -1730.674913 -1786.925318 -3450.903317 -3982.764453 -3982.528780 -3936.952812 -3718.826599 -3409.087648 -3138.982357 -2928.819550 -2750.658638 -2642.486369 -2572.541146 -2507.455684 -2439.080071 -2365.061575 -2286.665740 -2206.961352 -2127.858613 -2027.294205 -1554.525550 -1685.901823 -1706.569821 -1706.645235 -1705.766418 -1705.480363 -1705.416984 -1705.405555 -1705.404132 -1705.404422 -1705.404935 -1705.405423 -1705.405857 -1705.406245 -1705.406601 -1705.406935 -1705.407254 -1705.407568 -1705.407882 -1705.408204 -1705.408545 -1705.408917 -1705.409340 -1705.409843 -1705.410471 -1705.411301 -1705.412458 -1705.414160 -1705.416799 -1705.421101 -1705.428460 -1705.441624 -1705.466179 -1705.513872 -1705.610599 -1705.817008 -1706.284766 -1707.418996 -1710.385317 -1718.851858 -1745.600797 -9999.0 -9999.0
-9999.0 -9999.0 968.126330 868.941603 769.698876 670.356015 570.957678 471.534639 372.104099 272.675528 173.254241 73.843324 -25.553460 -124.933953 -224.296699 -323.630135 -422.913265 -522.107054 -621.140727 -719.889686 -818.702378 -917.262156 -1015.420447 -1112.954111 -1205.353862 -1292.313013 -1371.847311 -1442.255057 -1502.445832 -1552.131348 -1591.808481 -1622.564259 -1645.802106 -1662.989965 -1675.486287 -1684.453912 -1690.853180 -1695.532490 -1699.525855 -1704.701622 -1714.024853 -1730.674913 -1786.925318 -3450.903319 -3982.764453 -3982.528780 -3936.952812 -3718.826600 -3409.087649 -3138.982360 -2928.819553 -2750.658639 -2642.486369 -2572.541146 -2507.455684 -2439.080071 -2365.061576 -2286.665740 -2206.961352 -2127.858613 -2027.294205 -1554.525550 -1685.901823 -1706.569821 -1706.645235 -1705.766418 -1705.480363 -1705.416984 -1705.405555 -1705.404132 -1705.404422 -1705.404935 -1705.405423 -1705.405857 -1705.406245 -1705.406601 -1705.406935 -1705.407255 -1705.407568 -1705.407882 -1705.408204 -1705.408545 -1705.408917 -1705.409340 -1705.409843 -1705.410471 -1705.411301 -1705.412458 -1705.414160 -1705.416799 -1705.421101 -1705.428460 -1705.441624 -1705.466179 -1705.513872 -1705.610599 -1705.817008 -1706.284766 -1707.418996 -1710.385317 -1718.851858 -1745.600797 -9999.0 -9999.0
-9999.0 -9999.0 -9999.0 -9999.0 -9999.0 -9999.0 -9999.0 -9999.0 -9999.0 -9999.0 -9999.0 -9999.0 -9999.0 -9999.0 -9999.0 -9999.0 -9999.0 -9999.0 -9999.0 -9999.0 -9999.0 -9999.0 -9999.0 -9999.0 -9999.0 -9999.0 -9999.0 -9999.0 -9999.0 -9999.0 -9999.0 -9999.0 -9999.0 -9999.0 -9999.0 -9999.0 -9999.0 -9999.0 -9999.0 -9999.0 -9999.0 -9999.0 -9999.0 -9999.0 -9999.0 -9999.0 -9999.0 -9999.0 -9999.0 -9999.0 -9999.0 -9999.0 -9999.0 -9999.0 -9999.0 -9999.0 -9999.0 -9999.0 -9999.0 -9999.0 -9999.0 -9999.0 -9999.0 -9999.0 -9999.0 -9999.0 -9999.0 -9999.0 -9999.0 -9999.0 -9999.0 -9999.0 -9999.0 -9999.0 -9999.0 -9999.0 -9999.0 -9999.0 -9999.0 -9999.0 -9999.0 -9999.0 -9999.0 -9999.0 -9999.0 -9999.0 -9999.0 -9999.0 -9999.0 -9999.0 -9999.0 -9999.0 -9999.0 -9999.0 -9999.0 -9999.0 -9999.0 -9999.0 -9999.0 -9999.0 -9999.0 -9999.0 -9999.0 -9999.0
-9999.0 -9999.0 -9999.0 -9999.0 -9999.0 -9999.0 -9999.0 -9999.0 -9999.0 -9999.0 -9999.0 -9999.0 -9999.0 -9999.0 -9999.0 -9999.0 -9999.0 -9999.0 -9999.0 -9999.0 -9999.0 -9999.0 -9999.0 -9999.0 -9999.0 -9999.0 -9999.0 -9999.0 -9999.0 -9999.0 -9999.0 -9999.0 -9999.0 -9999.0 -9999.0 -9999.0 -9999.0 -9999.0 -9999.0 -9999.0 -9999.0 -9999.0 -9999.0 -9999.0 -9999.0 -9999.0 -9999.0 -9999.0 -9999.0 -9999.0 -9999.0 -9999.0 -9999.0 -9999.0 -9999.0 -9999.0 -9999.0 -9999.0 -9999.0 -9999.0 -9999.0 -9999.0 -9999.0 -9999.0 -9999.0 -9999.0 -9999.0 -9999.0 -9999.0 -9999.0 -9999.0 -9999.0 -9999.0 -9999.0 -9999.0 -9999.0 -9999.0 -9999.0 -9999.0 -9999.0 -9999.0 -9999.0 -9999.0 -9999.0 -9999.0 -9999.0 -9999.0 -9999.0 -9999.0 -9999.0 -9999.0 -9999.0 -9999.0 -9999.0 -9999.0 -9999.0 -9999.0 -9999.0 -9999.0 -9999.0 -9999.0 -9999.0 -9999.0 -9999.0