inst/processing_geotop_simulation/geotop_simulation/out/maps3D/PwL0010N0135.asc
ncols         104
nrows         10
xllcorner     -2.000000
yllcorner     0.000000
cellsize      1.000000
NODATA_value  -9999.0
-9999.0 -9999.0 -9999.0 -9999.0 -9999.0 -9999.0 -9999.0 -9999.0 -9999.0 -9999.0 -9999.0 -9999.0 -9999.0 -9999.0 -9999.0 -9999.0 -9999.0 -9999.0 -9999.0 -9999.0 -9999.0 -9999.0 -9999.0 -9999.0 -9999.0 -9999.0 -9999.0 -9999.0 -9999.0 -9999.0 -9999.0 -9999.0 -9999.0 -9999.0 -9999.0 -9999.0 -9999.0 -9999.0 -9999.0 -9999.0 -9999.0 -9999.0 -9999.0 -9999.0 -9999.0 -9999.0 -9999.0 -9999.0 -9999.0 -9999.0 -9999.0 -9999.0 -9999.0 -9999.0 -9999.0 -9999.0 -9999.0 -9999.0 -9999.0 -9999.0 -9999.0 -9999.0 -9999.0 -9999.0 -9999.0 -9999.0 -9999.0 -9999.0 -9999.0 -9999.0 -9999.0 -9999.0 -9999.0 -9999.0 -9999.0 -9999.0 -9999.0 -9999.0 -9999.0 -9999.0 -9999.0 -9999.0 -9999.0 -9999.0 -9999.0 -9999.0 -9999.0 -9999.0 -9999.0 -9999.0 -9999.0 -9999.0 -9999.0 -9999.0 -9999.0 -9999.0 -9999.0 -9999.0 -9999.0 -9999.0 -9999.0 -9999.0 -9999.0 -9999.0
-9999.0 -9999.0 -9999.0 -9999.0 -9999.0 -9999.0 -9999.0 -9999.0 -9999.0 -9999.0 -9999.0 -9999.0 -9999.0 -9999.0 -9999.0 -9999.0 -9999.0 -9999.0 -9999.0 -9999.0 -9999.0 -9999.0 -9999.0 -9999.0 -9999.0 -9999.0 -9999.0 -9999.0 -9999.0 -9999.0 -9999.0 -9999.0 -9999.0 -9999.0 -9999.0 -9999.0 -9999.0 -9999.0 -9999.0 -9999.0 -9999.0 -9999.0 -9999.0 -9999.0 -9999.0 -9999.0 -9999.0 -9999.0 -9999.0 -9999.0 -9999.0 -9999.0 -9999.0 -9999.0 -9999.0 -9999.0 -9999.0 -9999.0 -9999.0 -9999.0 -9999.0 -9999.0 -9999.0 -9999.0 -9999.0 -9999.0 -9999.0 -9999.0 -9999.0 -9999.0 -9999.0 -9999.0 -9999.0 -9999.0 -9999.0 -9999.0 -9999.0 -9999.0 -9999.0 -9999.0 -9999.0 -9999.0 -9999.0 -9999.0 -9999.0 -9999.0 -9999.0 -9999.0 -9999.0 -9999.0 -9999.0 -9999.0 -9999.0 -9999.0 -9999.0 -9999.0 -9999.0 -9999.0 -9999.0 -9999.0 -9999.0 -9999.0 -9999.0 -9999.0
-9999.0 -9999.0 486.874743 397.403429 304.644021 210.323818 115.336149 20.069295 -75.275957 -170.614969 -265.853756 -360.870843 -455.542553 -550.056737 -644.834408 -739.567334 -834.148892 -928.078128 -1020.119619 -1107.186062 -1179.803535 -1234.719157 -1272.878905 -1297.787445 -1313.489579 -1323.306990 -1329.516738 -1333.523534 -1336.154907 -1337.901415 -1339.066397 -1339.844712 -1340.364900 -1340.712514 -1340.944559 -1341.100927 -1341.217070 -1341.343667 -1341.642289 -1343.221654 -1352.955289 -1407.397449 -1603.709181 -2247.076864 -2029.353402 -1913.624001 -1863.498313 -1857.400353 -1856.794116 -1856.857326 -1857.014620 -1857.182953 -1857.344485 -1857.493932 -1857.632016 -1857.787399 -1858.247522 -1861.575732 -1886.708737 -1945.811556 -2048.631368 -1441.968655 -1380.718794 -1348.506776 -1342.525224 -1341.665791 -1341.542749 -1341.523579 -1341.521506 -1341.522477 -1341.523779 -1341.524884 -1341.525737 -1341.526384 -1341.526878 -1341.527261 -1341.527563 -1341.527807 -1341.528010 -1341.528189 -1341.528363 -1341.528555 -1341.528796 -1341.529129 -1341.529621 -1341.530377 -1341.531564 -1341.533460 -1341.536533 -1341.541593 -1341.550098 -1341.564758 -1341.590764 -1341.638312 -1341.727703 -1341.899761 -1342.238022 -1342.921072 -1344.361936 -1347.606081 -1355.560824 -1378.332497 -9999.0 -9999.0
-9999.0 -9999.0 486.881752 397.405395 304.644571 210.323984 115.336202 20.069313 -75.275952 -170.614967 -265.853755 -360.870843 -455.542553 -550.056737 -644.834408 -739.567334 -834.148892 -928.078128 -1020.119619 -1107.186062 -1179.803535 -1234.719157 -1272.878905 -1297.787445 -1313.489579 -1323.306990 -1329.516738 -1333.523534 -1336.154907 -1337.901415 -1339.066397 -1339.844712 -1340.364900 -1340.712514 -1340.944559 -1341.100927 -1341.217070 -1341.343667 -1341.642289 -1343.221654 -1352.955289 -1407.397449 -1603.709180 -2247.076863 -2029.353400 -1913.623997 -1863.498313 -1857.400353 -1856.794116 -1856.857326 -1857.014620 -1857.182953 -1857.344485 -1857.493932 -1857.632016 -1857.787399 -1858.247522 -1861.575732 -1886.708736 -1945.811556 -2048.631368 -1441.968655 -1380.718794 -1348.506776 -1342.525224 -1341.665791 -1341.542749 -1341.523579 -1341.521506 -1341.522477 -1341.523779 -1341.524884 -1341.525737 -1341.526384 -1341.526878 -1341.527261 -1341.527563 -1341.527807 -1341.528010 -1341.528189 -1341.528363 -1341.528555 -1341.528796 -1341.529129 -1341.529621 -1341.530377 -1341.531564 -1341.533460 -1341.536533 -1341.541593 -1341.550098 -1341.564758 -1341.590764 -1341.638312 -1341.727703 -1341.899761 -1342.238022 -1342.921072 -1344.361936 -1347.606081 -1355.560824 -1378.332497 -9999.0 -9999.0
-9999.0 -9999.0 486.883415 397.406274 304.644926 210.324115 115.336249 20.069330 -75.275945 -170.614965 -265.853755 -360.870843 -455.542553 -550.056737 -644.834408 -739.567334 -834.148893 -928.078128 -1020.119619 -1107.186062 -1179.803535 -1234.719157 -1272.878905 -1297.787445 -1313.489579 -1323.306990 -1329.516738 -1333.523534 -1336.154907 -1337.901415 -1339.066397 -1339.844712 -1340.364900 -1340.712514 -1340.944559 -1341.100927 -1341.217070 -1341.343667 -1341.642289 -1343.221654 -1352.955289 -1407.397449 -1603.709180 -2247.076863 -2029.353400 -1913.623996 -1863.498313 -1857.400353 -1856.794116 -1856.857326 -1857.014620 -1857.182953 -1857.344485 -1857.493932 -1857.632016 -1857.787399 -1858.247522 -1861.575732 -1886.708736 -1945.811556 -2048.631368 -1441.968655 -1380.718794 -1348.506776 -1342.525224 -1341.665791 -1341.542749 -1341.523579 -1341.521506 -1341.522477 -1341.523779 -1341.524884 -1341.525737 -1341.526384 -1341.526878 -1341.527261 -1341.527563 -1341.527807 -1341.528010 -1341.528189 -1341.528363 -1341.528555 -1341.528796 -1341.529129 -1341.529621 -1341.530377 -1341.531564 -1341.533460 -1341.536533 -1341.541593 -1341.550098 -1341.564758 -1341.590764 -1341.638312 -1341.727703 -1341.899761 -1342.238022 -1342.921072 -1344.361936 -1347.606081 -1355.560824 -1378.332497 -9999.0 -9999.0
-9999.0 -9999.0 486.883415 397.406274 304.644926 210.324115 115.336249 20.069330 -75.275946 -170.614965 -265.853755 -360.870843 -455.542553 -550.056737 -644.834408 -739.567334 -834.148893 -928.078128 -1020.119619 -1107.186062 -1179.803535 -1234.719157 -1272.878905 -1297.787445 -1313.489579 -1323.306990 -1329.516738 -1333.523534 -1336.154907 -1337.901415 -1339.066397 -1339.844712 -1340.364900 -1340.712514 -1340.944559 -1341.100927 -1341.217070 -1341.343667 -1341.642289 -1343.221654 -1352.955289 -1407.397449 -1603.709180 -2247.076863 -2029.353400 -1913.623996 -1863.498313 -1857.400353 -1856.794116 -1856.857326 -1857.014620 -1857.182953 -1857.344485 -1857.493932 -1857.632016 -1857.787399 -1858.247522 -1861.575732 -1886.708736 -1945.811556 -2048.631368 -1441.968655 -1380.718794 -1348.506776 -1342.525224 -1341.665791 -1341.542749 -1341.523579 -1341.521506 -1341.522477 -1341.523779 -1341.524884 -1341.525737 -1341.526384 -1341.526878 -1341.527261 -1341.527563 -1341.527807 -1341.528010 -1341.528189 -1341.528363 -1341.528555 -1341.528796 -1341.529129 -1341.529621 -1341.530377 -1341.531564 -1341.533460 -1341.536533 -1341.541593 -1341.550098 -1341.564758 -1341.590764 -1341.638312 -1341.727703 -1341.899761 -1342.238022 -1342.921072 -1344.361936 -1347.606081 -1355.560824 -1378.332497 -9999.0 -9999.0
-9999.0 -9999.0 486.881752 397.405395 304.644571 210.323984 115.336202 20.069313 -75.275951 -170.614967 -265.853755 -360.870843 -455.542553 -550.056737 -644.834408 -739.567334 -834.148892 -928.078128 -1020.119619 -1107.186062 -1179.803535 -1234.719157 -1272.878905 -1297.787445 -1313.489579 -1323.306990 -1329.516738 -1333.523534 -1336.154907 -1337.901415 -1339.066397 -1339.844712 -1340.364900 -1340.712514 -1340.944559 -1341.100927 -1341.217070 -1341.343667 -1341.642289 -1343.221654 -1352.955289 -1407.397449 -1603.709180 -2247.076863 -2029.353400 -1913.623997 -1863.498313 -1857.400353 -1856.794116 -1856.857326 -1857.014620 -1857.182953 -1857.344485 -1857.493932 -1857.632016 -1857.787399 -1858.247522 -1861.575732 -1886.708736 -1945.811556 -2048.631368 -1441.968655 -1380.718794 -1348.506776 -1342.525224 -1341.665791 -1341.542749 -1341.523579 -1341.521506 -1341.522477 -1341.523779 -1341.524884 -1341.525737 -1341.526384 -1341.526878 -1341.527261 -1341.527563 -1341.527807 -1341.528010 -1341.528189 -1341.528363 -1341.528555 -1341.528796 -1341.529129 -1341.529621 -1341.530377 -1341.531564 -1341.533460 -1341.536533 -1341.541593 -1341.550098 -1341.564758 -1341.590764 -1341.638312 -1341.727703 -1341.899761 -1342.238022 -1342.921072 -1344.361936 -1347.606081 -1355.560824 -1378.332497 -9999.0 -9999.0
-9999.0 -9999.0 486.874743 397.403429 304.644021 210.323818 115.336149 20.069295 -75.275958 -170.614969 -265.853756 -360.870843 -455.542553 -550.056737 -644.834408 -739.567333 -834.148892 -928.078128 -1020.119619 -1107.186062 -1179.803535 -1234.719157 -1272.878905 -1297.787445 -1313.489579 -1323.306990 -1329.516738 -1333.523534 -1336.154907 -1337.901415 -1339.066397 -1339.844712 -1340.364900 -1340.712514 -1340.944559 -1341.100927 -1341.217070 -1341.343667 -1341.642289 -1343.221654 -1352.955289 -1407.397449 -1603.709181 -2247.076864 -2029.353402 -1913.624001 -1863.498313 -1857.400353 -1856.794116 -1856.857326 -1857.014620 -1857.182953 -1857.344485 -1857.493932 -1857.632016 -1857.787399 -1858.247522 -1861.575732 -1886.708737 -1945.811556 -2048.631368 -1441.968655 -1380.718794 -1348.506776 -1342.525224 -1341.665791 -1341.542749 -1341.523579 -1341.521506 -1341.522477 -1341.523779 -1341.524884 -1341.525737 -1341.526384 -1341.526878 -1341.527261 -1341.527563 -1341.527807 -1341.528010 -1341.528189 -1341.528363 -1341.528555 -1341.528796 -1341.529129 -1341.529621 -1341.530377 -1341.531564 -1341.533460 -1341.536533 -1341.541593 -1341.550098 -1341.564758 -1341.590764 -1341.638312 -1341.727703 -1341.899761 -1342.238022 -1342.921072 -1344.361936 -1347.606081 -1355.560824 -1378.332497 -9999.0 -9999.0
-9999.0 -9999.0 -9999.0 -9999.0 -9999.0 -9999.0 -9999.0 -9999.0 -9999.0 -9999.0 -9999.0 -9999.0 -9999.0 -9999.0 -9999.0 -9999.0 -9999.0 -9999.0 -9999.0 -9999.0 -9999.0 -9999.0 -9999.0 -9999.0 -9999.0 -9999.0 -9999.0 -9999.0 -9999.0 -9999.0 -9999.0 -9999.0 -9999.0 -9999.0 -9999.0 -9999.0 -9999.0 -9999.0 -9999.0 -9999.0 -9999.0 -9999.0 -9999.0 -9999.0 -9999.0 -9999.0 -9999.0 -9999.0 -9999.0 -9999.0 -9999.0 -9999.0 -9999.0 -9999.0 -9999.0 -9999.0 -9999.0 -9999.0 -9999.0 -9999.0 -9999.0 -9999.0 -9999.0 -9999.0 -9999.0 -9999.0 -9999.0 -9999.0 -9999.0 -9999.0 -9999.0 -9999.0 -9999.0 -9999.0 -9999.0 -9999.0 -9999.0 -9999.0 -9999.0 -9999.0 -9999.0 -9999.0 -9999.0 -9999.0 -9999.0 -9999.0 -9999.0 -9999.0 -9999.0 -9999.0 -9999.0 -9999.0 -9999.0 -9999.0 -9999.0 -9999.0 -9999.0 -9999.0 -9999.0 -9999.0 -9999.0 -9999.0 -9999.0 -9999.0
-9999.0 -9999.0 -9999.0 -9999.0 -9999.0 -9999.0 -9999.0 -9999.0 -9999.0 -9999.0 -9999.0 -9999.0 -9999.0 -9999.0 -9999.0 -9999.0 -9999.0 -9999.0 -9999.0 -9999.0 -9999.0 -9999.0 -9999.0 -9999.0 -9999.0 -9999.0 -9999.0 -9999.0 -9999.0 -9999.0 -9999.0 -9999.0 -9999.0 -9999.0 -9999.0 -9999.0 -9999.0 -9999.0 -9999.0 -9999.0 -9999.0 -9999.0 -9999.0 -9999.0 -9999.0 -9999.0 -9999.0 -9999.0 -9999.0 -9999.0 -9999.0 -9999.0 -9999.0 -9999.0 -9999.0 -9999.0 -9999.0 -9999.0 -9999.0 -9999.0 -9999.0 -9999.0 -9999.0 -9999.0 -9999.0 -9999.0 -9999.0 -9999.0 -9999.0 -9999.0 -9999.0 -9999.0 -9999.0 -9999.0 -9999.0 -9999.0 -9999.0 -9999.0 -9999.0 -9999.0 -9999.0 -9999.0 -9999.0 -9999.0 -9999.0 -9999.0 -9999.0 -9999.0 -9999.0 -9999.0 -9999.0 -9999.0 -9999.0 -9999.0 -9999.0 -9999.0 -9999.0 -9999.0 -9999.0 -9999.0 -9999.0 -9999.0 -9999.0 -9999.0