inst/processing_geotop_simulation/geotop_simulation/out/maps3D/PwL0014N0029.asc
ncols         104
nrows         10
xllcorner     -2.000000
yllcorner     0.000000
cellsize      1.000000
NODATA_value  -9999.0
-9999.0 -9999.0 -9999.0 -9999.0 -9999.0 -9999.0 -9999.0 -9999.0 -9999.0 -9999.0 -9999.0 -9999.0 -9999.0 -9999.0 -9999.0 -9999.0 -9999.0 -9999.0 -9999.0 -9999.0 -9999.0 -9999.0 -9999.0 -9999.0 -9999.0 -9999.0 -9999.0 -9999.0 -9999.0 -9999.0 -9999.0 -9999.0 -9999.0 -9999.0 -9999.0 -9999.0 -9999.0 -9999.0 -9999.0 -9999.0 -9999.0 -9999.0 -9999.0 -9999.0 -9999.0 -9999.0 -9999.0 -9999.0 -9999.0 -9999.0 -9999.0 -9999.0 -9999.0 -9999.0 -9999.0 -9999.0 -9999.0 -9999.0 -9999.0 -9999.0 -9999.0 -9999.0 -9999.0 -9999.0 -9999.0 -9999.0 -9999.0 -9999.0 -9999.0 -9999.0 -9999.0 -9999.0 -9999.0 -9999.0 -9999.0 -9999.0 -9999.0 -9999.0 -9999.0 -9999.0 -9999.0 -9999.0 -9999.0 -9999.0 -9999.0 -9999.0 -9999.0 -9999.0 -9999.0 -9999.0 -9999.0 -9999.0 -9999.0 -9999.0 -9999.0 -9999.0 -9999.0 -9999.0 -9999.0 -9999.0 -9999.0 -9999.0 -9999.0 -9999.0
-9999.0 -9999.0 -9999.0 -9999.0 -9999.0 -9999.0 -9999.0 -9999.0 -9999.0 -9999.0 -9999.0 -9999.0 -9999.0 -9999.0 -9999.0 -9999.0 -9999.0 -9999.0 -9999.0 -9999.0 -9999.0 -9999.0 -9999.0 -9999.0 -9999.0 -9999.0 -9999.0 -9999.0 -9999.0 -9999.0 -9999.0 -9999.0 -9999.0 -9999.0 -9999.0 -9999.0 -9999.0 -9999.0 -9999.0 -9999.0 -9999.0 -9999.0 -9999.0 -9999.0 -9999.0 -9999.0 -9999.0 -9999.0 -9999.0 -9999.0 -9999.0 -9999.0 -9999.0 -9999.0 -9999.0 -9999.0 -9999.0 -9999.0 -9999.0 -9999.0 -9999.0 -9999.0 -9999.0 -9999.0 -9999.0 -9999.0 -9999.0 -9999.0 -9999.0 -9999.0 -9999.0 -9999.0 -9999.0 -9999.0 -9999.0 -9999.0 -9999.0 -9999.0 -9999.0 -9999.0 -9999.0 -9999.0 -9999.0 -9999.0 -9999.0 -9999.0 -9999.0 -9999.0 -9999.0 -9999.0 -9999.0 -9999.0 -9999.0 -9999.0 -9999.0 -9999.0 -9999.0 -9999.0 -9999.0 -9999.0 -9999.0 -9999.0 -9999.0 -9999.0
-9999.0 -9999.0 476.785863 375.525133 272.395173 167.778841 62.483537 -42.528568 -142.631531 -220.249176 -304.119166 -352.808399 -377.997635 -390.255357 -390.902400 -378.451743 -369.343101 -217.003641 -68.912256 91.467863 266.040230 323.965783 251.406367 172.852958 89.719626 3.564016 -83.700235 -167.839867 -240.410736 -292.750937 -323.940670 -339.964127 -347.262128 -349.911919 -349.903862 -347.914290 -343.309669 -333.706701 -341.539147 -384.150084 -233.002179 -72.678968 -2699.773975 -4281.977813 -4282.178217 -4282.178218 -4282.178218 -4282.178218 -4282.178218 -4282.178218 -4282.178218 -4282.178218 -4282.178218 -4282.178218 -4282.178218 -4282.178218 -4282.178218 -4282.178218 -4282.178218 -4282.178216 -4281.823845 -2577.515737 -457.585709 -373.938075 -331.164371 -337.275223 -343.940364 -348.340339 -351.113867 -352.860023 -353.960250 -354.660367 -355.110685 -355.404579 -355.591770 -355.710038 -355.782985 -355.829012 -355.860456 -355.885374 -355.909575 -355.938059 -355.977245 -356.035470 -356.125017 -356.264873 -356.484673 -356.830985 -357.376725 -358.236068 -359.586976 -361.704643 -365.009746 -370.134218 -378.003314 -389.922861 -407.643472 -433.356468 -469.622611 -519.950014 -595.983154 -731.338202 -9999.0 -9999.0
-9999.0 -9999.0 476.872223 375.558075 272.406625 167.782864 62.484999 -42.528023 -142.631328 -220.249111 -304.119147 -352.808395 -377.997634 -390.255356 -390.902400 -378.451743 -369.343101 -217.003641 -68.912256 91.467863 266.040230 323.965783 251.406367 172.852958 89.719626 3.564016 -83.700235 -167.839867 -240.410736 -292.750937 -323.940670 -339.964127 -347.262128 -349.911919 -349.903862 -347.914290 -343.309669 -333.706701 -341.539148 -384.150083 -233.002178 -72.678969 -2699.773974 -4281.977813 -4282.178217 -4282.178218 -4282.178218 -4282.178218 -4282.178218 -4282.178218 -4282.178218 -4282.178218 -4282.178218 -4282.178218 -4282.178218 -4282.178218 -4282.178218 -4282.178218 -4282.178218 -4282.178216 -4281.823845 -2577.515737 -457.585710 -373.938076 -331.164371 -337.275223 -343.940364 -348.340339 -351.113867 -352.860023 -353.960250 -354.660367 -355.110685 -355.404579 -355.591770 -355.710038 -355.782985 -355.829012 -355.860456 -355.885374 -355.909575 -355.938059 -355.977245 -356.035470 -356.125017 -356.264873 -356.484673 -356.830985 -357.376725 -358.236068 -359.586976 -361.704643 -365.009746 -370.134218 -378.003314 -389.922861 -407.643472 -433.356468 -469.622611 -519.950014 -595.983154 -731.338202 -9999.0 -9999.0
-9999.0 -9999.0 476.916323 375.579670 272.415574 167.786365 62.486354 -42.527499 -142.631130 -220.249048 -304.119129 -352.808390 -377.997633 -390.255356 -390.902400 -378.451743 -369.343101 -217.003641 -68.912255 91.467863 266.040230 323.965783 251.406367 172.852958 89.719626 3.564016 -83.700235 -167.839867 -240.410736 -292.750937 -323.940670 -339.964127 -347.262128 -349.911919 -349.903862 -347.914290 -343.309669 -333.706701 -341.539148 -384.150082 -233.002177 -72.678969 -2699.773974 -4281.977813 -4282.178217 -4282.178218 -4282.178218 -4282.178218 -4282.178218 -4282.178218 -4282.178218 -4282.178218 -4282.178218 -4282.178218 -4282.178218 -4282.178218 -4282.178218 -4282.178218 -4282.178218 -4282.178216 -4281.823845 -2577.515737 -457.585708 -373.938075 -331.164371 -337.275223 -343.940364 -348.340339 -351.113867 -352.860023 -353.960250 -354.660367 -355.110685 -355.404579 -355.591770 -355.710038 -355.782985 -355.829012 -355.860456 -355.885374 -355.909575 -355.938059 -355.977245 -356.035470 -356.125017 -356.264873 -356.484673 -356.830985 -357.376725 -358.236068 -359.586976 -361.704643 -365.009746 -370.134218 -378.003314 -389.922861 -407.643472 -433.356468 -469.622611 -519.950014 -595.983154 -731.338201 -9999.0 -9999.0
-9999.0 -9999.0 476.916323 375.579670 272.415574 167.786365 62.486354 -42.527499 -142.631130 -220.249048 -304.119129 -352.808390 -377.997633 -390.255356 -390.902400 -378.451743 -369.343101 -217.003641 -68.912255 91.467863 266.040230 323.965783 251.406367 172.852958 89.719626 3.564016 -83.700235 -167.839867 -240.410736 -292.750937 -323.940670 -339.964127 -347.262128 -349.911919 -349.903862 -347.914290 -343.309669 -333.706701 -341.539148 -384.150082 -233.002177 -72.678969 -2699.773974 -4281.977813 -4282.178217 -4282.178218 -4282.178218 -4282.178218 -4282.178218 -4282.178218 -4282.178218 -4282.178218 -4282.178218 -4282.178218 -4282.178218 -4282.178218 -4282.178218 -4282.178218 -4282.178218 -4282.178216 -4281.823845 -2577.515737 -457.585709 -373.938075 -331.164371 -337.275223 -343.940364 -348.340339 -351.113867 -352.860023 -353.960250 -354.660367 -355.110685 -355.404579 -355.591770 -355.710038 -355.782985 -355.829012 -355.860456 -355.885374 -355.909575 -355.938059 -355.977245 -356.035470 -356.125017 -356.264873 -356.484673 -356.830985 -357.376725 -358.236068 -359.586976 -361.704643 -365.009746 -370.134218 -378.003314 -389.922861 -407.643472 -433.356468 -469.622611 -519.950014 -595.983154 -731.338201 -9999.0 -9999.0
-9999.0 -9999.0 476.872223 375.558075 272.406625 167.782864 62.484999 -42.528023 -142.631328 -220.249111 -304.119147 -352.808395 -377.997634 -390.255356 -390.902400 -378.451743 -369.343101 -217.003641 -68.912256 91.467863 266.040230 323.965783 251.406367 172.852958 89.719626 3.564016 -83.700235 -167.839867 -240.410736 -292.750937 -323.940670 -339.964127 -347.262128 -349.911919 -349.903862 -347.914290 -343.309669 -333.706701 -341.539148 -384.150083 -233.002178 -72.678969 -2699.773974 -4281.977813 -4282.178217 -4282.178218 -4282.178218 -4282.178218 -4282.178218 -4282.178218 -4282.178218 -4282.178218 -4282.178218 -4282.178218 -4282.178218 -4282.178218 -4282.178218 -4282.178218 -4282.178218 -4282.178216 -4281.823845 -2577.515737 -457.585709 -373.938076 -331.164371 -337.275223 -343.940364 -348.340339 -351.113867 -352.860023 -353.960250 -354.660367 -355.110685 -355.404579 -355.591770 -355.710038 -355.782985 -355.829012 -355.860456 -355.885374 -355.909575 -355.938059 -355.977245 -356.035470 -356.125017 -356.264873 -356.484673 -356.830985 -357.376725 -358.236068 -359.586976 -361.704643 -365.009746 -370.134218 -378.003314 -389.922861 -407.643472 -433.356468 -469.622611 -519.950014 -595.983154 -731.338201 -9999.0 -9999.0
-9999.0 -9999.0 476.785863 375.525133 272.395173 167.778841 62.483537 -42.528568 -142.631531 -220.249176 -304.119166 -352.808399 -377.997635 -390.255357 -390.902400 -378.451743 -369.343101 -217.003641 -68.912256 91.467863 266.040230 323.965783 251.406367 172.852958 89.719626 3.564016 -83.700235 -167.839867 -240.410736 -292.750937 -323.940670 -339.964127 -347.262128 -349.911919 -349.903862 -347.914290 -343.309669 -333.706701 -341.539147 -384.150084 -233.002180 -72.678968 -2699.773975 -4281.977813 -4282.178217 -4282.178218 -4282.178218 -4282.178218 -4282.178218 -4282.178218 -4282.178218 -4282.178218 -4282.178218 -4282.178218 -4282.178218 -4282.178218 -4282.178218 -4282.178218 -4282.178218 -4282.178216 -4281.823845 -2577.515737 -457.585710 -373.938076 -331.164371 -337.275223 -343.940364 -348.340339 -351.113867 -352.860023 -353.960250 -354.660367 -355.110685 -355.404579 -355.591770 -355.710038 -355.782985 -355.829012 -355.860456 -355.885374 -355.909575 -355.938059 -355.977245 -356.035470 -356.125017 -356.264873 -356.484673 -356.830985 -357.376725 -358.236068 -359.586976 -361.704643 -365.009746 -370.134218 -378.003314 -389.922861 -407.643472 -433.356468 -469.622611 -519.950014 -595.983154 -731.338202 -9999.0 -9999.0
-9999.0 -9999.0 -9999.0 -9999.0 -9999.0 -9999.0 -9999.0 -9999.0 -9999.0 -9999.0 -9999.0 -9999.0 -9999.0 -9999.0 -9999.0 -9999.0 -9999.0 -9999.0 -9999.0 -9999.0 -9999.0 -9999.0 -9999.0 -9999.0 -9999.0 -9999.0 -9999.0 -9999.0 -9999.0 -9999.0 -9999.0 -9999.0 -9999.0 -9999.0 -9999.0 -9999.0 -9999.0 -9999.0 -9999.0 -9999.0 -9999.0 -9999.0 -9999.0 -9999.0 -9999.0 -9999.0 -9999.0 -9999.0 -9999.0 -9999.0 -9999.0 -9999.0 -9999.0 -9999.0 -9999.0 -9999.0 -9999.0 -9999.0 -9999.0 -9999.0 -9999.0 -9999.0 -9999.0 -9999.0 -9999.0 -9999.0 -9999.0 -9999.0 -9999.0 -9999.0 -9999.0 -9999.0 -9999.0 -9999.0 -9999.0 -9999.0 -9999.0 -9999.0 -9999.0 -9999.0 -9999.0 -9999.0 -9999.0 -9999.0 -9999.0 -9999.0 -9999.0 -9999.0 -9999.0 -9999.0 -9999.0 -9999.0 -9999.0 -9999.0 -9999.0 -9999.0 -9999.0 -9999.0 -9999.0 -9999.0 -9999.0 -9999.0 -9999.0 -9999.0
-9999.0 -9999.0 -9999.0 -9999.0 -9999.0 -9999.0 -9999.0 -9999.0 -9999.0 -9999.0 -9999.0 -9999.0 -9999.0 -9999.0 -9999.0 -9999.0 -9999.0 -9999.0 -9999.0 -9999.0 -9999.0 -9999.0 -9999.0 -9999.0 -9999.0 -9999.0 -9999.0 -9999.0 -9999.0 -9999.0 -9999.0 -9999.0 -9999.0 -9999.0 -9999.0 -9999.0 -9999.0 -9999.0 -9999.0 -9999.0 -9999.0 -9999.0 -9999.0 -9999.0 -9999.0 -9999.0 -9999.0 -9999.0 -9999.0 -9999.0 -9999.0 -9999.0 -9999.0 -9999.0 -9999.0 -9999.0 -9999.0 -9999.0 -9999.0 -9999.0 -9999.0 -9999.0 -9999.0 -9999.0 -9999.0 -9999.0 -9999.0 -9999.0 -9999.0 -9999.0 -9999.0 -9999.0 -9999.0 -9999.0 -9999.0 -9999.0 -9999.0 -9999.0 -9999.0 -9999.0 -9999.0 -9999.0 -9999.0 -9999.0 -9999.0 -9999.0 -9999.0 -9999.0 -9999.0 -9999.0 -9999.0 -9999.0 -9999.0 -9999.0 -9999.0 -9999.0 -9999.0 -9999.0 -9999.0 -9999.0 -9999.0 -9999.0 -9999.0 -9999.0