inst/processing_geotop_simulation/geotop_simulation/out/maps3D/PwL0012N0302.asc
ncols         104
nrows         10
xllcorner     -2.000000
yllcorner     0.000000
cellsize      1.000000
NODATA_value  -9999.0
-9999.0 -9999.0 -9999.0 -9999.0 -9999.0 -9999.0 -9999.0 -9999.0 -9999.0 -9999.0 -9999.0 -9999.0 -9999.0 -9999.0 -9999.0 -9999.0 -9999.0 -9999.0 -9999.0 -9999.0 -9999.0 -9999.0 -9999.0 -9999.0 -9999.0 -9999.0 -9999.0 -9999.0 -9999.0 -9999.0 -9999.0 -9999.0 -9999.0 -9999.0 -9999.0 -9999.0 -9999.0 -9999.0 -9999.0 -9999.0 -9999.0 -9999.0 -9999.0 -9999.0 -9999.0 -9999.0 -9999.0 -9999.0 -9999.0 -9999.0 -9999.0 -9999.0 -9999.0 -9999.0 -9999.0 -9999.0 -9999.0 -9999.0 -9999.0 -9999.0 -9999.0 -9999.0 -9999.0 -9999.0 -9999.0 -9999.0 -9999.0 -9999.0 -9999.0 -9999.0 -9999.0 -9999.0 -9999.0 -9999.0 -9999.0 -9999.0 -9999.0 -9999.0 -9999.0 -9999.0 -9999.0 -9999.0 -9999.0 -9999.0 -9999.0 -9999.0 -9999.0 -9999.0 -9999.0 -9999.0 -9999.0 -9999.0 -9999.0 -9999.0 -9999.0 -9999.0 -9999.0 -9999.0 -9999.0 -9999.0 -9999.0 -9999.0 -9999.0 -9999.0
-9999.0 -9999.0 -9999.0 -9999.0 -9999.0 -9999.0 -9999.0 -9999.0 -9999.0 -9999.0 -9999.0 -9999.0 -9999.0 -9999.0 -9999.0 -9999.0 -9999.0 -9999.0 -9999.0 -9999.0 -9999.0 -9999.0 -9999.0 -9999.0 -9999.0 -9999.0 -9999.0 -9999.0 -9999.0 -9999.0 -9999.0 -9999.0 -9999.0 -9999.0 -9999.0 -9999.0 -9999.0 -9999.0 -9999.0 -9999.0 -9999.0 -9999.0 -9999.0 -9999.0 -9999.0 -9999.0 -9999.0 -9999.0 -9999.0 -9999.0 -9999.0 -9999.0 -9999.0 -9999.0 -9999.0 -9999.0 -9999.0 -9999.0 -9999.0 -9999.0 -9999.0 -9999.0 -9999.0 -9999.0 -9999.0 -9999.0 -9999.0 -9999.0 -9999.0 -9999.0 -9999.0 -9999.0 -9999.0 -9999.0 -9999.0 -9999.0 -9999.0 -9999.0 -9999.0 -9999.0 -9999.0 -9999.0 -9999.0 -9999.0 -9999.0 -9999.0 -9999.0 -9999.0 -9999.0 -9999.0 -9999.0 -9999.0 -9999.0 -9999.0 -9999.0 -9999.0 -9999.0 -9999.0 -9999.0 -9999.0 -9999.0 -9999.0 -9999.0 -9999.0
-9999.0 -9999.0 573.676548 476.016645 377.731635 279.099361 180.313117 81.461899 -17.408328 -116.272911 -215.120315 -313.925247 -412.639707 -511.160473 -609.327648 -706.952557 -804.804889 -902.377776 -999.630416 -1096.514701 -1189.375192 -1277.457739 -1357.982370 -1428.435254 -1487.352326 -1534.578622 -1571.049388 -1598.342319 -1618.244074 -1632.452635 -1642.424990 -1649.329546 -1654.059300 -1657.272927 -1659.443826 -1660.907989 -1661.912246 -1662.694222 -1663.744037 -1666.686224 -1675.687133 -1691.037315 -1576.944706 -2390.736247 -2192.957676 -2076.705531 -2026.051315 -2019.514855 -2018.853917 -2018.922295 -2019.094093 -2019.278211 -2019.454990 -2019.618598 -2019.769983 -2019.942096 -2020.459879 -2024.124986 -2049.864109 -2110.044586 -2186.841202 -1443.609663 -1655.557489 -1668.113519 -1665.327630 -1664.239136 -1664.010285 -1663.971039 -1663.965215 -1663.964885 -1663.965377 -1663.965898 -1663.966323 -1663.966655 -1663.966912 -1663.967116 -1663.967279 -1663.967415 -1663.967530 -1663.967636 -1663.967740 -1663.967856 -1663.968000 -1663.968195 -1663.968478 -1663.968907 -1663.969577 -1663.970644 -1663.972378 -1663.975258 -1663.980159 -1663.988738 -1664.004221 -1664.033022 -1664.088181 -1664.197005 -1664.419558 -1664.897426 -1665.991211 -1668.701102 -1676.165421 -1700.164892 -9999.0 -9999.0
-9999.0 -9999.0 573.681776 476.018217 377.732088 279.099499 180.313162 81.461915 -17.408322 -116.272908 -215.120314 -313.925247 -412.639707 -511.160473 -609.327648 -706.952558 -804.804889 -902.377776 -999.630416 -1096.514701 -1189.375192 -1277.457739 -1357.982370 -1428.435254 -1487.352326 -1534.578622 -1571.049388 -1598.342319 -1618.244074 -1632.452635 -1642.424990 -1649.329546 -1654.059300 -1657.272927 -1659.443826 -1660.907989 -1661.912246 -1662.694222 -1663.744037 -1666.686224 -1675.687133 -1691.037315 -1576.944706 -2390.736246 -2192.957674 -2076.705528 -2026.051315 -2019.514855 -2018.853917 -2018.922295 -2019.094093 -2019.278211 -2019.454990 -2019.618598 -2019.769983 -2019.942096 -2020.459879 -2024.124986 -2049.864109 -2110.044586 -2186.841202 -1443.609663 -1655.557489 -1668.113519 -1665.327630 -1664.239136 -1664.010285 -1663.971039 -1663.965215 -1663.964885 -1663.965377 -1663.965898 -1663.966323 -1663.966655 -1663.966912 -1663.967116 -1663.967279 -1663.967415 -1663.967530 -1663.967636 -1663.967740 -1663.967856 -1663.968000 -1663.968195 -1663.968478 -1663.968907 -1663.969577 -1663.970644 -1663.972378 -1663.975258 -1663.980159 -1663.988738 -1664.004221 -1664.033022 -1664.088181 -1664.197005 -1664.419558 -1664.897426 -1665.991211 -1668.701102 -1676.165421 -1700.164892 -9999.0 -9999.0
-9999.0 -9999.0 573.683180 476.018951 377.732385 279.099610 180.313202 81.461929 -17.408317 -116.272906 -215.120314 -313.925246 -412.639707 -511.160473 -609.327648 -706.952558 -804.804889 -902.377776 -999.630416 -1096.514702 -1189.375192 -1277.457739 -1357.982370 -1428.435254 -1487.352326 -1534.578622 -1571.049388 -1598.342319 -1618.244074 -1632.452635 -1642.424990 -1649.329546 -1654.059300 -1657.272927 -1659.443826 -1660.907989 -1661.912246 -1662.694222 -1663.744037 -1666.686224 -1675.687133 -1691.037315 -1576.944706 -2390.736246 -2192.957674 -2076.705526 -2026.051315 -2019.514855 -2018.853917 -2018.922295 -2019.094093 -2019.278211 -2019.454990 -2019.618598 -2019.769983 -2019.942096 -2020.459879 -2024.124986 -2049.864109 -2110.044586 -2186.841202 -1443.609663 -1655.557489 -1668.113519 -1665.327630 -1664.239136 -1664.010285 -1663.971039 -1663.965215 -1663.964885 -1663.965377 -1663.965898 -1663.966323 -1663.966655 -1663.966912 -1663.967116 -1663.967279 -1663.967415 -1663.967530 -1663.967636 -1663.967740 -1663.967856 -1663.968000 -1663.968195 -1663.968478 -1663.968907 -1663.969577 -1663.970644 -1663.972378 -1663.975258 -1663.980159 -1663.988738 -1664.004221 -1664.033022 -1664.088181 -1664.197005 -1664.419558 -1664.897426 -1665.991211 -1668.701102 -1676.165421 -1700.164892 -9999.0 -9999.0
-9999.0 -9999.0 573.683180 476.018951 377.732385 279.099610 180.313202 81.461929 -17.408317 -116.272906 -215.120314 -313.925246 -412.639707 -511.160473 -609.327648 -706.952558 -804.804889 -902.377776 -999.630416 -1096.514702 -1189.375192 -1277.457739 -1357.982370 -1428.435254 -1487.352326 -1534.578622 -1571.049388 -1598.342319 -1618.244074 -1632.452635 -1642.424990 -1649.329546 -1654.059300 -1657.272927 -1659.443826 -1660.907989 -1661.912246 -1662.694222 -1663.744037 -1666.686224 -1675.687133 -1691.037315 -1576.944706 -2390.736246 -2192.957674 -2076.705526 -2026.051315 -2019.514855 -2018.853917 -2018.922295 -2019.094093 -2019.278211 -2019.454990 -2019.618598 -2019.769983 -2019.942096 -2020.459879 -2024.124986 -2049.864109 -2110.044586 -2186.841202 -1443.609663 -1655.557489 -1668.113519 -1665.327630 -1664.239136 -1664.010285 -1663.971039 -1663.965215 -1663.964885 -1663.965377 -1663.965898 -1663.966323 -1663.966655 -1663.966912 -1663.967116 -1663.967279 -1663.967415 -1663.967530 -1663.967636 -1663.967740 -1663.967856 -1663.968000 -1663.968195 -1663.968478 -1663.968907 -1663.969577 -1663.970644 -1663.972378 -1663.975258 -1663.980159 -1663.988738 -1664.004221 -1664.033022 -1664.088181 -1664.197005 -1664.419558 -1664.897426 -1665.991211 -1668.701102 -1676.165421 -1700.164892 -9999.0 -9999.0
-9999.0 -9999.0 573.681776 476.018217 377.732088 279.099499 180.313162 81.461915 -17.408322 -116.272908 -215.120314 -313.925247 -412.639707 -511.160473 -609.327648 -706.952558 -804.804889 -902.377776 -999.630416 -1096.514701 -1189.375192 -1277.457739 -1357.982370 -1428.435254 -1487.352326 -1534.578622 -1571.049388 -1598.342319 -1618.244074 -1632.452635 -1642.424990 -1649.329546 -1654.059300 -1657.272927 -1659.443826 -1660.907989 -1661.912246 -1662.694222 -1663.744037 -1666.686224 -1675.687133 -1691.037315 -1576.944706 -2390.736246 -2192.957674 -2076.705528 -2026.051315 -2019.514855 -2018.853917 -2018.922295 -2019.094093 -2019.278211 -2019.454990 -2019.618598 -2019.769983 -2019.942096 -2020.459879 -2024.124986 -2049.864109 -2110.044586 -2186.841202 -1443.609663 -1655.557489 -1668.113519 -1665.327630 -1664.239136 -1664.010285 -1663.971039 -1663.965215 -1663.964885 -1663.965377 -1663.965898 -1663.966323 -1663.966655 -1663.966912 -1663.967116 -1663.967279 -1663.967415 -1663.967530 -1663.967636 -1663.967740 -1663.967856 -1663.968000 -1663.968195 -1663.968478 -1663.968907 -1663.969577 -1663.970644 -1663.972378 -1663.975258 -1663.980159 -1663.988738 -1664.004221 -1664.033022 -1664.088181 -1664.197005 -1664.419558 -1664.897426 -1665.991211 -1668.701102 -1676.165421 -1700.164892 -9999.0 -9999.0
-9999.0 -9999.0 573.676548 476.016645 377.731635 279.099361 180.313117 81.461899 -17.408328 -116.272911 -215.120315 -313.925247 -412.639707 -511.160473 -609.327648 -706.952558 -804.804889 -902.377776 -999.630416 -1096.514701 -1189.375192 -1277.457739 -1357.982370 -1428.435254 -1487.352326 -1534.578622 -1571.049388 -1598.342319 -1618.244074 -1632.452635 -1642.424990 -1649.329546 -1654.059300 -1657.272927 -1659.443826 -1660.907989 -1661.912246 -1662.694222 -1663.744037 -1666.686224 -1675.687133 -1691.037315 -1576.944706 -2390.736247 -2192.957676 -2076.705531 -2026.051315 -2019.514855 -2018.853917 -2018.922295 -2019.094093 -2019.278211 -2019.454990 -2019.618598 -2019.769983 -2019.942096 -2020.459879 -2024.124986 -2049.864109 -2110.044586 -2186.841202 -1443.609663 -1655.557489 -1668.113519 -1665.327630 -1664.239136 -1664.010285 -1663.971039 -1663.965215 -1663.964885 -1663.965377 -1663.965898 -1663.966323 -1663.966655 -1663.966912 -1663.967116 -1663.967279 -1663.967415 -1663.967530 -1663.967636 -1663.967740 -1663.967856 -1663.968000 -1663.968195 -1663.968478 -1663.968907 -1663.969577 -1663.970644 -1663.972378 -1663.975258 -1663.980159 -1663.988738 -1664.004221 -1664.033022 -1664.088181 -1664.197005 -1664.419558 -1664.897426 -1665.991211 -1668.701102 -1676.165421 -1700.164892 -9999.0 -9999.0
-9999.0 -9999.0 -9999.0 -9999.0 -9999.0 -9999.0 -9999.0 -9999.0 -9999.0 -9999.0 -9999.0 -9999.0 -9999.0 -9999.0 -9999.0 -9999.0 -9999.0 -9999.0 -9999.0 -9999.0 -9999.0 -9999.0 -9999.0 -9999.0 -9999.0 -9999.0 -9999.0 -9999.0 -9999.0 -9999.0 -9999.0 -9999.0 -9999.0 -9999.0 -9999.0 -9999.0 -9999.0 -9999.0 -9999.0 -9999.0 -9999.0 -9999.0 -9999.0 -9999.0 -9999.0 -9999.0 -9999.0 -9999.0 -9999.0 -9999.0 -9999.0 -9999.0 -9999.0 -9999.0 -9999.0 -9999.0 -9999.0 -9999.0 -9999.0 -9999.0 -9999.0 -9999.0 -9999.0 -9999.0 -9999.0 -9999.0 -9999.0 -9999.0 -9999.0 -9999.0 -9999.0 -9999.0 -9999.0 -9999.0 -9999.0 -9999.0 -9999.0 -9999.0 -9999.0 -9999.0 -9999.0 -9999.0 -9999.0 -9999.0 -9999.0 -9999.0 -9999.0 -9999.0 -9999.0 -9999.0 -9999.0 -9999.0 -9999.0 -9999.0 -9999.0 -9999.0 -9999.0 -9999.0 -9999.0 -9999.0 -9999.0 -9999.0 -9999.0 -9999.0
-9999.0 -9999.0 -9999.0 -9999.0 -9999.0 -9999.0 -9999.0 -9999.0 -9999.0 -9999.0 -9999.0 -9999.0 -9999.0 -9999.0 -9999.0 -9999.0 -9999.0 -9999.0 -9999.0 -9999.0 -9999.0 -9999.0 -9999.0 -9999.0 -9999.0 -9999.0 -9999.0 -9999.0 -9999.0 -9999.0 -9999.0 -9999.0 -9999.0 -9999.0 -9999.0 -9999.0 -9999.0 -9999.0 -9999.0 -9999.0 -9999.0 -9999.0 -9999.0 -9999.0 -9999.0 -9999.0 -9999.0 -9999.0 -9999.0 -9999.0 -9999.0 -9999.0 -9999.0 -9999.0 -9999.0 -9999.0 -9999.0 -9999.0 -9999.0 -9999.0 -9999.0 -9999.0 -9999.0 -9999.0 -9999.0 -9999.0 -9999.0 -9999.0 -9999.0 -9999.0 -9999.0 -9999.0 -9999.0 -9999.0 -9999.0 -9999.0 -9999.0 -9999.0 -9999.0 -9999.0 -9999.0 -9999.0 -9999.0 -9999.0 -9999.0 -9999.0 -9999.0 -9999.0 -9999.0 -9999.0 -9999.0 -9999.0 -9999.0 -9999.0 -9999.0 -9999.0 -9999.0 -9999.0 -9999.0 -9999.0 -9999.0 -9999.0 -9999.0 -9999.0