inst/processing_geotop_simulation/geotop_simulation/out/maps3D/PwL0004N0217.asc
ncols         104
nrows         10
xllcorner     -2.000000
yllcorner     0.000000
cellsize      1.000000
NODATA_value  -9999.0
-9999.0 -9999.0 -9999.0 -9999.0 -9999.0 -9999.0 -9999.0 -9999.0 -9999.0 -9999.0 -9999.0 -9999.0 -9999.0 -9999.0 -9999.0 -9999.0 -9999.0 -9999.0 -9999.0 -9999.0 -9999.0 -9999.0 -9999.0 -9999.0 -9999.0 -9999.0 -9999.0 -9999.0 -9999.0 -9999.0 -9999.0 -9999.0 -9999.0 -9999.0 -9999.0 -9999.0 -9999.0 -9999.0 -9999.0 -9999.0 -9999.0 -9999.0 -9999.0 -9999.0 -9999.0 -9999.0 -9999.0 -9999.0 -9999.0 -9999.0 -9999.0 -9999.0 -9999.0 -9999.0 -9999.0 -9999.0 -9999.0 -9999.0 -9999.0 -9999.0 -9999.0 -9999.0 -9999.0 -9999.0 -9999.0 -9999.0 -9999.0 -9999.0 -9999.0 -9999.0 -9999.0 -9999.0 -9999.0 -9999.0 -9999.0 -9999.0 -9999.0 -9999.0 -9999.0 -9999.0 -9999.0 -9999.0 -9999.0 -9999.0 -9999.0 -9999.0 -9999.0 -9999.0 -9999.0 -9999.0 -9999.0 -9999.0 -9999.0 -9999.0 -9999.0 -9999.0 -9999.0 -9999.0 -9999.0 -9999.0 -9999.0 -9999.0 -9999.0 -9999.0
-9999.0 -9999.0 -9999.0 -9999.0 -9999.0 -9999.0 -9999.0 -9999.0 -9999.0 -9999.0 -9999.0 -9999.0 -9999.0 -9999.0 -9999.0 -9999.0 -9999.0 -9999.0 -9999.0 -9999.0 -9999.0 -9999.0 -9999.0 -9999.0 -9999.0 -9999.0 -9999.0 -9999.0 -9999.0 -9999.0 -9999.0 -9999.0 -9999.0 -9999.0 -9999.0 -9999.0 -9999.0 -9999.0 -9999.0 -9999.0 -9999.0 -9999.0 -9999.0 -9999.0 -9999.0 -9999.0 -9999.0 -9999.0 -9999.0 -9999.0 -9999.0 -9999.0 -9999.0 -9999.0 -9999.0 -9999.0 -9999.0 -9999.0 -9999.0 -9999.0 -9999.0 -9999.0 -9999.0 -9999.0 -9999.0 -9999.0 -9999.0 -9999.0 -9999.0 -9999.0 -9999.0 -9999.0 -9999.0 -9999.0 -9999.0 -9999.0 -9999.0 -9999.0 -9999.0 -9999.0 -9999.0 -9999.0 -9999.0 -9999.0 -9999.0 -9999.0 -9999.0 -9999.0 -9999.0 -9999.0 -9999.0 -9999.0 -9999.0 -9999.0 -9999.0 -9999.0 -9999.0 -9999.0 -9999.0 -9999.0 -9999.0 -9999.0 -9999.0 -9999.0
-9999.0 -9999.0 178.673818 85.308658 -11.158517 -108.508729 -206.197509 -304.006941 -401.815796 -499.535036 -597.000076 -693.775989 -790.103698 -885.677052 -980.946753 -1076.585691 -1170.358025 -1262.173331 -1351.747551 -1436.787761 -1511.884280 -1572.893005 -1619.020042 -1652.133001 -1675.145957 -1690.865379 -1701.518499 -1708.708560 -1713.540532 -1716.768421 -1718.909398 -1720.319189 -1721.241557 -1721.841929 -1722.231451 -1722.485898 -1722.663962 -1722.841694 -1723.276403 -1725.225644 -1732.586739 -1725.474290 -1088.489467 -1095.231543 -1081.279765 -1072.401750 -1068.247505 -1067.644301 -1067.581516 -1067.589241 -1067.607353 -1067.626744 -1067.645370 -1067.662612 -1067.678568 -1067.696679 -1067.750034 -1068.107599 -1070.308067 -1075.248154 -1082.590232 -1066.017441 -1702.637003 -1727.264955 -1724.125682 -1723.216971 -1723.060868 -1723.036585 -1723.033422 -1723.033762 -1723.034578 -1723.035313 -1723.035890 -1723.036330 -1723.036667 -1723.036928 -1723.037135 -1723.037302 -1723.037441 -1723.037565 -1723.037686 -1723.037821 -1723.037992 -1723.038228 -1723.038579 -1723.039118 -1723.039967 -1723.041326 -1723.043535 -1723.047191 -1723.053373 -1723.064103 -1723.083281 -1723.118590 -1723.185400 -1723.314924 -1723.572410 -1724.102143 -1725.250390 -1727.931081 -1734.914122 -1756.969694 -9999.0 -9999.0
-9999.0 -9999.0 178.684209 85.310792 -11.157974 -108.508571 -206.197459 -304.006924 -401.815791 -499.535034 -597.000075 -693.775989 -790.103698 -885.677052 -980.946753 -1076.585691 -1170.358025 -1262.173331 -1351.747552 -1436.787762 -1511.884281 -1572.893005 -1619.020042 -1652.133001 -1675.145957 -1690.865379 -1701.518499 -1708.708560 -1713.540532 -1716.768421 -1718.909398 -1720.319189 -1721.241557 -1721.841929 -1722.231451 -1722.485898 -1722.663962 -1722.841694 -1723.276403 -1725.225644 -1732.586739 -1725.474290 -1088.489467 -1095.231543 -1081.279765 -1072.401750 -1068.247505 -1067.644301 -1067.581516 -1067.589241 -1067.607353 -1067.626744 -1067.645370 -1067.662612 -1067.678568 -1067.696679 -1067.750034 -1068.107599 -1070.308067 -1075.248154 -1082.590232 -1066.017441 -1702.637003 -1727.264955 -1724.125682 -1723.216971 -1723.060868 -1723.036585 -1723.033422 -1723.033762 -1723.034578 -1723.035313 -1723.035890 -1723.036330 -1723.036667 -1723.036928 -1723.037135 -1723.037302 -1723.037441 -1723.037565 -1723.037686 -1723.037821 -1723.037992 -1723.038228 -1723.038579 -1723.039118 -1723.039967 -1723.041326 -1723.043535 -1723.047191 -1723.053373 -1723.064103 -1723.083281 -1723.118590 -1723.185400 -1723.314924 -1723.572410 -1724.102143 -1725.250390 -1727.931081 -1734.914122 -1756.969694 -9999.0 -9999.0
-9999.0 -9999.0 178.685674 85.311659 -11.157631 -108.508447 -206.197415 -304.006908 -401.815785 -499.535032 -597.000074 -693.775989 -790.103697 -885.677052 -980.946753 -1076.585691 -1170.358025 -1262.173331 -1351.747552 -1436.787762 -1511.884281 -1572.893005 -1619.020043 -1652.133001 -1675.145957 -1690.865379 -1701.518499 -1708.708560 -1713.540532 -1716.768421 -1718.909398 -1720.319189 -1721.241557 -1721.841929 -1722.231451 -1722.485898 -1722.663962 -1722.841694 -1723.276403 -1725.225644 -1732.586739 -1725.474290 -1088.489467 -1095.231543 -1081.279765 -1072.401750 -1068.247505 -1067.644301 -1067.581516 -1067.589241 -1067.607353 -1067.626744 -1067.645370 -1067.662612 -1067.678568 -1067.696679 -1067.750034 -1068.107599 -1070.308067 -1075.248153 -1082.590232 -1066.017441 -1702.637003 -1727.264955 -1724.125682 -1723.216971 -1723.060868 -1723.036585 -1723.033422 -1723.033762 -1723.034578 -1723.035313 -1723.035890 -1723.036330 -1723.036667 -1723.036928 -1723.037135 -1723.037302 -1723.037441 -1723.037565 -1723.037686 -1723.037821 -1723.037992 -1723.038228 -1723.038579 -1723.039118 -1723.039967 -1723.041326 -1723.043535 -1723.047191 -1723.053373 -1723.064103 -1723.083281 -1723.118590 -1723.185400 -1723.314924 -1723.572410 -1724.102143 -1725.250390 -1727.931081 -1734.914122 -1756.969694 -9999.0 -9999.0
-9999.0 -9999.0 178.685674 85.311659 -11.157631 -108.508447 -206.197415 -304.006908 -401.815785 -499.535032 -597.000074 -693.775988 -790.103697 -885.677052 -980.946753 -1076.585691 -1170.358025 -1262.173331 -1351.747552 -1436.787762 -1511.884281 -1572.893005 -1619.020043 -1652.133001 -1675.145957 -1690.865379 -1701.518499 -1708.708560 -1713.540532 -1716.768421 -1718.909398 -1720.319189 -1721.241557 -1721.841929 -1722.231451 -1722.485898 -1722.663962 -1722.841694 -1723.276403 -1725.225644 -1732.586739 -1725.474290 -1088.489467 -1095.231543 -1081.279765 -1072.401750 -1068.247505 -1067.644301 -1067.581516 -1067.589241 -1067.607353 -1067.626744 -1067.645370 -1067.662612 -1067.678568 -1067.696679 -1067.750034 -1068.107599 -1070.308067 -1075.248153 -1082.590232 -1066.017441 -1702.637003 -1727.264955 -1724.125682 -1723.216971 -1723.060868 -1723.036585 -1723.033422 -1723.033762 -1723.034578 -1723.035313 -1723.035890 -1723.036330 -1723.036667 -1723.036928 -1723.037135 -1723.037302 -1723.037441 -1723.037565 -1723.037686 -1723.037821 -1723.037992 -1723.038228 -1723.038579 -1723.039118 -1723.039967 -1723.041326 -1723.043535 -1723.047191 -1723.053373 -1723.064103 -1723.083281 -1723.118590 -1723.185400 -1723.314924 -1723.572410 -1724.102143 -1725.250390 -1727.931081 -1734.914122 -1756.969694 -9999.0 -9999.0
-9999.0 -9999.0 178.684209 85.310792 -11.157974 -108.508571 -206.197459 -304.006924 -401.815791 -499.535034 -597.000075 -693.775989 -790.103697 -885.677052 -980.946753 -1076.585691 -1170.358025 -1262.173331 -1351.747552 -1436.787762 -1511.884281 -1572.893005 -1619.020042 -1652.133001 -1675.145957 -1690.865379 -1701.518499 -1708.708560 -1713.540532 -1716.768421 -1718.909398 -1720.319189 -1721.241557 -1721.841929 -1722.231451 -1722.485898 -1722.663962 -1722.841694 -1723.276403 -1725.225644 -1732.586739 -1725.474290 -1088.489467 -1095.231543 -1081.279765 -1072.401750 -1068.247505 -1067.644301 -1067.581516 -1067.589241 -1067.607353 -1067.626744 -1067.645370 -1067.662612 -1067.678568 -1067.696679 -1067.750034 -1068.107599 -1070.308067 -1075.248154 -1082.590232 -1066.017441 -1702.637003 -1727.264955 -1724.125682 -1723.216971 -1723.060868 -1723.036585 -1723.033422 -1723.033762 -1723.034578 -1723.035313 -1723.035890 -1723.036330 -1723.036667 -1723.036928 -1723.037135 -1723.037302 -1723.037441 -1723.037565 -1723.037686 -1723.037821 -1723.037992 -1723.038228 -1723.038579 -1723.039118 -1723.039967 -1723.041326 -1723.043535 -1723.047191 -1723.053373 -1723.064103 -1723.083281 -1723.118590 -1723.185400 -1723.314924 -1723.572410 -1724.102143 -1725.250390 -1727.931081 -1734.914122 -1756.969694 -9999.0 -9999.0
-9999.0 -9999.0 178.673818 85.308658 -11.158517 -108.508729 -206.197509 -304.006941 -401.815797 -499.535036 -597.000076 -693.775989 -790.103698 -885.677052 -980.946753 -1076.585691 -1170.358025 -1262.173331 -1351.747552 -1436.787761 -1511.884280 -1572.893005 -1619.020042 -1652.133001 -1675.145957 -1690.865379 -1701.518499 -1708.708560 -1713.540532 -1716.768421 -1718.909398 -1720.319189 -1721.241557 -1721.841929 -1722.231451 -1722.485898 -1722.663962 -1722.841694 -1723.276403 -1725.225644 -1732.586739 -1725.474290 -1088.489467 -1095.231543 -1081.279765 -1072.401750 -1068.247505 -1067.644301 -1067.581516 -1067.589241 -1067.607353 -1067.626744 -1067.645370 -1067.662612 -1067.678568 -1067.696679 -1067.750034 -1068.107599 -1070.308067 -1075.248154 -1082.590232 -1066.017441 -1702.637003 -1727.264955 -1724.125682 -1723.216971 -1723.060868 -1723.036585 -1723.033422 -1723.033762 -1723.034578 -1723.035313 -1723.035890 -1723.036330 -1723.036667 -1723.036928 -1723.037135 -1723.037302 -1723.037441 -1723.037565 -1723.037686 -1723.037821 -1723.037992 -1723.038228 -1723.038579 -1723.039118 -1723.039967 -1723.041326 -1723.043535 -1723.047191 -1723.053373 -1723.064103 -1723.083281 -1723.118590 -1723.185400 -1723.314924 -1723.572410 -1724.102143 -1725.250390 -1727.931081 -1734.914122 -1756.969694 -9999.0 -9999.0
-9999.0 -9999.0 -9999.0 -9999.0 -9999.0 -9999.0 -9999.0 -9999.0 -9999.0 -9999.0 -9999.0 -9999.0 -9999.0 -9999.0 -9999.0 -9999.0 -9999.0 -9999.0 -9999.0 -9999.0 -9999.0 -9999.0 -9999.0 -9999.0 -9999.0 -9999.0 -9999.0 -9999.0 -9999.0 -9999.0 -9999.0 -9999.0 -9999.0 -9999.0 -9999.0 -9999.0 -9999.0 -9999.0 -9999.0 -9999.0 -9999.0 -9999.0 -9999.0 -9999.0 -9999.0 -9999.0 -9999.0 -9999.0 -9999.0 -9999.0 -9999.0 -9999.0 -9999.0 -9999.0 -9999.0 -9999.0 -9999.0 -9999.0 -9999.0 -9999.0 -9999.0 -9999.0 -9999.0 -9999.0 -9999.0 -9999.0 -9999.0 -9999.0 -9999.0 -9999.0 -9999.0 -9999.0 -9999.0 -9999.0 -9999.0 -9999.0 -9999.0 -9999.0 -9999.0 -9999.0 -9999.0 -9999.0 -9999.0 -9999.0 -9999.0 -9999.0 -9999.0 -9999.0 -9999.0 -9999.0 -9999.0 -9999.0 -9999.0 -9999.0 -9999.0 -9999.0 -9999.0 -9999.0 -9999.0 -9999.0 -9999.0 -9999.0 -9999.0 -9999.0
-9999.0 -9999.0 -9999.0 -9999.0 -9999.0 -9999.0 -9999.0 -9999.0 -9999.0 -9999.0 -9999.0 -9999.0 -9999.0 -9999.0 -9999.0 -9999.0 -9999.0 -9999.0 -9999.0 -9999.0 -9999.0 -9999.0 -9999.0 -9999.0 -9999.0 -9999.0 -9999.0 -9999.0 -9999.0 -9999.0 -9999.0 -9999.0 -9999.0 -9999.0 -9999.0 -9999.0 -9999.0 -9999.0 -9999.0 -9999.0 -9999.0 -9999.0 -9999.0 -9999.0 -9999.0 -9999.0 -9999.0 -9999.0 -9999.0 -9999.0 -9999.0 -9999.0 -9999.0 -9999.0 -9999.0 -9999.0 -9999.0 -9999.0 -9999.0 -9999.0 -9999.0 -9999.0 -9999.0 -9999.0 -9999.0 -9999.0 -9999.0 -9999.0 -9999.0 -9999.0 -9999.0 -9999.0 -9999.0 -9999.0 -9999.0 -9999.0 -9999.0 -9999.0 -9999.0 -9999.0 -9999.0 -9999.0 -9999.0 -9999.0 -9999.0 -9999.0 -9999.0 -9999.0 -9999.0 -9999.0 -9999.0 -9999.0 -9999.0 -9999.0 -9999.0 -9999.0 -9999.0 -9999.0 -9999.0 -9999.0 -9999.0 -9999.0 -9999.0 -9999.0