inst/processing_geotop_simulation/geotop_simulation/out/maps3D/PwL0021N0102.asc
ncols         104
nrows         10
xllcorner     -2.000000
yllcorner     0.000000
cellsize      1.000000
NODATA_value  -9999.0
-9999.0 -9999.0 -9999.0 -9999.0 -9999.0 -9999.0 -9999.0 -9999.0 -9999.0 -9999.0 -9999.0 -9999.0 -9999.0 -9999.0 -9999.0 -9999.0 -9999.0 -9999.0 -9999.0 -9999.0 -9999.0 -9999.0 -9999.0 -9999.0 -9999.0 -9999.0 -9999.0 -9999.0 -9999.0 -9999.0 -9999.0 -9999.0 -9999.0 -9999.0 -9999.0 -9999.0 -9999.0 -9999.0 -9999.0 -9999.0 -9999.0 -9999.0 -9999.0 -9999.0 -9999.0 -9999.0 -9999.0 -9999.0 -9999.0 -9999.0 -9999.0 -9999.0 -9999.0 -9999.0 -9999.0 -9999.0 -9999.0 -9999.0 -9999.0 -9999.0 -9999.0 -9999.0 -9999.0 -9999.0 -9999.0 -9999.0 -9999.0 -9999.0 -9999.0 -9999.0 -9999.0 -9999.0 -9999.0 -9999.0 -9999.0 -9999.0 -9999.0 -9999.0 -9999.0 -9999.0 -9999.0 -9999.0 -9999.0 -9999.0 -9999.0 -9999.0 -9999.0 -9999.0 -9999.0 -9999.0 -9999.0 -9999.0 -9999.0 -9999.0 -9999.0 -9999.0 -9999.0 -9999.0 -9999.0 -9999.0 -9999.0 -9999.0 -9999.0 -9999.0
-9999.0 -9999.0 -9999.0 -9999.0 -9999.0 -9999.0 -9999.0 -9999.0 -9999.0 -9999.0 -9999.0 -9999.0 -9999.0 -9999.0 -9999.0 -9999.0 -9999.0 -9999.0 -9999.0 -9999.0 -9999.0 -9999.0 -9999.0 -9999.0 -9999.0 -9999.0 -9999.0 -9999.0 -9999.0 -9999.0 -9999.0 -9999.0 -9999.0 -9999.0 -9999.0 -9999.0 -9999.0 -9999.0 -9999.0 -9999.0 -9999.0 -9999.0 -9999.0 -9999.0 -9999.0 -9999.0 -9999.0 -9999.0 -9999.0 -9999.0 -9999.0 -9999.0 -9999.0 -9999.0 -9999.0 -9999.0 -9999.0 -9999.0 -9999.0 -9999.0 -9999.0 -9999.0 -9999.0 -9999.0 -9999.0 -9999.0 -9999.0 -9999.0 -9999.0 -9999.0 -9999.0 -9999.0 -9999.0 -9999.0 -9999.0 -9999.0 -9999.0 -9999.0 -9999.0 -9999.0 -9999.0 -9999.0 -9999.0 -9999.0 -9999.0 -9999.0 -9999.0 -9999.0 -9999.0 -9999.0 -9999.0 -9999.0 -9999.0 -9999.0 -9999.0 -9999.0 -9999.0 -9999.0 -9999.0 -9999.0 -9999.0 -9999.0 -9999.0 -9999.0
-9999.0 -9999.0 1039.647887 946.429262 852.925212 758.641081 663.907142 568.973500 473.984471 379.020009 284.122340 189.310791 94.616791 0.098301 -94.188526 -188.345827 -282.589989 -377.372676 -473.398423 -571.502217 -672.257030 -767.397087 -859.610193 -946.331288 -1008.217772 -1037.043033 -1051.338861 -1057.406810 -1059.394203 -1059.599688 -1059.171624 -1058.624035 -1058.154406 -1057.813951 -1057.593749 -1057.468284 -1057.420440 -1057.464256 -1057.740477 -1059.488749 -1071.738396 -1168.266693 -1891.542132 -3905.825174 -3935.638607 -3935.638236 -3935.300088 -3930.280140 -3902.014093 -3813.570190 -3637.549202 -3362.561747 -3139.061711 -2979.230439 -2824.701432 -2661.860775 -2490.451986 -2319.133822 -2158.071630 -2011.543679 -1870.096617 -1411.765244 -1132.342099 -1067.092644 -1058.775862 -1057.793933 -1057.661934 -1057.641166 -1057.638970 -1057.640161 -1057.641713 -1057.643029 -1057.644047 -1057.644822 -1057.645415 -1057.645876 -1057.646242 -1057.646537 -1057.646784 -1057.647002 -1057.647214 -1057.647447 -1057.647739 -1057.648142 -1057.648737 -1057.649649 -1057.651081 -1057.653366 -1057.657069 -1057.663166 -1057.673417 -1057.691088 -1057.722452 -1057.779848 -1057.887941 -1058.096777 -1058.510978 -1059.364970 -1061.245591 -1065.769674 -1077.455036 -1108.436879 -9999.0 -9999.0
-9999.0 -9999.0 1039.651035 946.430518 852.925636 758.641222 663.907190 568.973516 473.984477 379.020011 284.122340 189.310791 94.616791 0.098300 -94.188526 -188.345827 -282.589989 -377.372676 -473.398424 -571.502217 -672.257030 -767.397087 -859.610193 -946.331288 -1008.217772 -1037.043033 -1051.338861 -1057.406810 -1059.394203 -1059.599688 -1059.171624 -1058.624035 -1058.154406 -1057.813951 -1057.593749 -1057.468284 -1057.420440 -1057.464256 -1057.740477 -1059.488749 -1071.738396 -1168.266693 -1891.542131 -3905.825173 -3935.638607 -3935.638236 -3935.300088 -3930.280140 -3902.014093 -3813.570189 -3637.549199 -3362.561745 -3139.061711 -2979.230439 -2824.701431 -2661.860775 -2490.451985 -2319.133822 -2158.071629 -2011.543679 -1870.096617 -1411.765244 -1132.342099 -1067.092644 -1058.775862 -1057.793933 -1057.661934 -1057.641166 -1057.638970 -1057.640161 -1057.641713 -1057.643029 -1057.644047 -1057.644822 -1057.645415 -1057.645876 -1057.646242 -1057.646537 -1057.646784 -1057.647002 -1057.647214 -1057.647447 -1057.647739 -1057.648142 -1057.648737 -1057.649649 -1057.651081 -1057.653366 -1057.657069 -1057.663166 -1057.673417 -1057.691088 -1057.722452 -1057.779848 -1057.887941 -1058.096777 -1058.510978 -1059.364970 -1061.245591 -1065.769674 -1077.455036 -1108.436879 -9999.0 -9999.0
-9999.0 -9999.0 1039.652307 946.431211 852.925932 758.641336 663.907232 568.973532 473.984482 379.020013 284.122341 189.310791 94.616791 0.098300 -94.188526 -188.345827 -282.589989 -377.372677 -473.398424 -571.502217 -672.257030 -767.397087 -859.610194 -946.331288 -1008.217772 -1037.043033 -1051.338861 -1057.406810 -1059.394203 -1059.599688 -1059.171624 -1058.624035 -1058.154406 -1057.813951 -1057.593749 -1057.468284 -1057.420440 -1057.464256 -1057.740477 -1059.488749 -1071.738396 -1168.266693 -1891.542131 -3905.825173 -3935.638607 -3935.638236 -3935.300088 -3930.280140 -3902.014093 -3813.570188 -3637.549197 -3362.561744 -3139.061710 -2979.230438 -2824.701431 -2661.860774 -2490.451985 -2319.133821 -2158.071629 -2011.543679 -1870.096617 -1411.765244 -1132.342099 -1067.092644 -1058.775862 -1057.793933 -1057.661934 -1057.641166 -1057.638970 -1057.640161 -1057.641713 -1057.643029 -1057.644047 -1057.644822 -1057.645415 -1057.645876 -1057.646242 -1057.646537 -1057.646784 -1057.647002 -1057.647214 -1057.647447 -1057.647739 -1057.648142 -1057.648737 -1057.649649 -1057.651081 -1057.653366 -1057.657069 -1057.663166 -1057.673417 -1057.691088 -1057.722452 -1057.779848 -1057.887941 -1058.096777 -1058.510978 -1059.364970 -1061.245591 -1065.769674 -1077.455036 -1108.436879 -9999.0 -9999.0
-9999.0 -9999.0 1039.652307 946.431211 852.925932 758.641336 663.907232 568.973532 473.984482 379.020013 284.122341 189.310791 94.616791 0.098300 -94.188526 -188.345827 -282.589989 -377.372677 -473.398424 -571.502217 -672.257030 -767.397088 -859.610194 -946.331288 -1008.217772 -1037.043033 -1051.338861 -1057.406810 -1059.394203 -1059.599688 -1059.171624 -1058.624035 -1058.154406 -1057.813951 -1057.593749 -1057.468284 -1057.420440 -1057.464256 -1057.740477 -1059.488749 -1071.738396 -1168.266693 -1891.542131 -3905.825173 -3935.638607 -3935.638236 -3935.300088 -3930.280140 -3902.014093 -3813.570189 -3637.549198 -3362.561745 -3139.061710 -2979.230438 -2824.701431 -2661.860775 -2490.451985 -2319.133822 -2158.071629 -2011.543679 -1870.096617 -1411.765244 -1132.342099 -1067.092644 -1058.775862 -1057.793933 -1057.661934 -1057.641166 -1057.638970 -1057.640161 -1057.641713 -1057.643029 -1057.644047 -1057.644822 -1057.645415 -1057.645876 -1057.646242 -1057.646537 -1057.646784 -1057.647002 -1057.647214 -1057.647447 -1057.647739 -1057.648142 -1057.648737 -1057.649649 -1057.651081 -1057.653366 -1057.657069 -1057.663166 -1057.673417 -1057.691088 -1057.722452 -1057.779848 -1057.887941 -1058.096777 -1058.510978 -1059.364970 -1061.245591 -1065.769674 -1077.455036 -1108.436879 -9999.0 -9999.0
-9999.0 -9999.0 1039.651035 946.430518 852.925636 758.641222 663.907190 568.973516 473.984477 379.020011 284.122340 189.310791 94.616791 0.098300 -94.188526 -188.345827 -282.589989 -377.372676 -473.398424 -571.502217 -672.257030 -767.397087 -859.610193 -946.331288 -1008.217772 -1037.043033 -1051.338861 -1057.406810 -1059.394203 -1059.599688 -1059.171624 -1058.624035 -1058.154406 -1057.813951 -1057.593749 -1057.468284 -1057.420440 -1057.464256 -1057.740477 -1059.488749 -1071.738396 -1168.266693 -1891.542131 -3905.825173 -3935.638607 -3935.638236 -3935.300088 -3930.280140 -3902.014093 -3813.570189 -3637.549199 -3362.561745 -3139.061711 -2979.230438 -2824.701432 -2661.860775 -2490.451985 -2319.133822 -2158.071630 -2011.543679 -1870.096618 -1411.765244 -1132.342099 -1067.092644 -1058.775862 -1057.793933 -1057.661934 -1057.641166 -1057.638970 -1057.640161 -1057.641713 -1057.643029 -1057.644047 -1057.644822 -1057.645415 -1057.645876 -1057.646242 -1057.646537 -1057.646784 -1057.647002 -1057.647214 -1057.647447 -1057.647739 -1057.648142 -1057.648737 -1057.649649 -1057.651081 -1057.653366 -1057.657069 -1057.663166 -1057.673417 -1057.691088 -1057.722452 -1057.779848 -1057.887941 -1058.096777 -1058.510978 -1059.364970 -1061.245591 -1065.769674 -1077.455036 -1108.436879 -9999.0 -9999.0
-9999.0 -9999.0 1039.647887 946.429262 852.925212 758.641081 663.907142 568.973500 473.984471 379.020009 284.122340 189.310791 94.616791 0.098301 -94.188526 -188.345827 -282.589989 -377.372676 -473.398423 -571.502217 -672.257030 -767.397087 -859.610193 -946.331288 -1008.217772 -1037.043033 -1051.338861 -1057.406810 -1059.394203 -1059.599688 -1059.171624 -1058.624035 -1058.154406 -1057.813951 -1057.593749 -1057.468284 -1057.420440 -1057.464256 -1057.740477 -1059.488749 -1071.738396 -1168.266693 -1891.542132 -3905.825174 -3935.638607 -3935.638236 -3935.300088 -3930.280140 -3902.014093 -3813.570190 -3637.549203 -3362.561747 -3139.061711 -2979.230439 -2824.701432 -2661.860776 -2490.451986 -2319.133823 -2158.071630 -2011.543679 -1870.096618 -1411.765244 -1132.342099 -1067.092644 -1058.775862 -1057.793933 -1057.661934 -1057.641166 -1057.638970 -1057.640161 -1057.641713 -1057.643029 -1057.644047 -1057.644822 -1057.645415 -1057.645876 -1057.646242 -1057.646537 -1057.646784 -1057.647002 -1057.647214 -1057.647447 -1057.647739 -1057.648142 -1057.648737 -1057.649649 -1057.651081 -1057.653366 -1057.657069 -1057.663166 -1057.673417 -1057.691088 -1057.722452 -1057.779848 -1057.887941 -1058.096777 -1058.510978 -1059.364970 -1061.245591 -1065.769674 -1077.455036 -1108.436879 -9999.0 -9999.0
-9999.0 -9999.0 -9999.0 -9999.0 -9999.0 -9999.0 -9999.0 -9999.0 -9999.0 -9999.0 -9999.0 -9999.0 -9999.0 -9999.0 -9999.0 -9999.0 -9999.0 -9999.0 -9999.0 -9999.0 -9999.0 -9999.0 -9999.0 -9999.0 -9999.0 -9999.0 -9999.0 -9999.0 -9999.0 -9999.0 -9999.0 -9999.0 -9999.0 -9999.0 -9999.0 -9999.0 -9999.0 -9999.0 -9999.0 -9999.0 -9999.0 -9999.0 -9999.0 -9999.0 -9999.0 -9999.0 -9999.0 -9999.0 -9999.0 -9999.0 -9999.0 -9999.0 -9999.0 -9999.0 -9999.0 -9999.0 -9999.0 -9999.0 -9999.0 -9999.0 -9999.0 -9999.0 -9999.0 -9999.0 -9999.0 -9999.0 -9999.0 -9999.0 -9999.0 -9999.0 -9999.0 -9999.0 -9999.0 -9999.0 -9999.0 -9999.0 -9999.0 -9999.0 -9999.0 -9999.0 -9999.0 -9999.0 -9999.0 -9999.0 -9999.0 -9999.0 -9999.0 -9999.0 -9999.0 -9999.0 -9999.0 -9999.0 -9999.0 -9999.0 -9999.0 -9999.0 -9999.0 -9999.0 -9999.0 -9999.0 -9999.0 -9999.0 -9999.0 -9999.0
-9999.0 -9999.0 -9999.0 -9999.0 -9999.0 -9999.0 -9999.0 -9999.0 -9999.0 -9999.0 -9999.0 -9999.0 -9999.0 -9999.0 -9999.0 -9999.0 -9999.0 -9999.0 -9999.0 -9999.0 -9999.0 -9999.0 -9999.0 -9999.0 -9999.0 -9999.0 -9999.0 -9999.0 -9999.0 -9999.0 -9999.0 -9999.0 -9999.0 -9999.0 -9999.0 -9999.0 -9999.0 -9999.0 -9999.0 -9999.0 -9999.0 -9999.0 -9999.0 -9999.0 -9999.0 -9999.0 -9999.0 -9999.0 -9999.0 -9999.0 -9999.0 -9999.0 -9999.0 -9999.0 -9999.0 -9999.0 -9999.0 -9999.0 -9999.0 -9999.0 -9999.0 -9999.0 -9999.0 -9999.0 -9999.0 -9999.0 -9999.0 -9999.0 -9999.0 -9999.0 -9999.0 -9999.0 -9999.0 -9999.0 -9999.0 -9999.0 -9999.0 -9999.0 -9999.0 -9999.0 -9999.0 -9999.0 -9999.0 -9999.0 -9999.0 -9999.0 -9999.0 -9999.0 -9999.0 -9999.0 -9999.0 -9999.0 -9999.0 -9999.0 -9999.0 -9999.0 -9999.0 -9999.0 -9999.0 -9999.0 -9999.0 -9999.0 -9999.0 -9999.0