inst/processing_geotop_simulation/geotop_simulation/out/maps3D/PwL0004N0436.asc
ncols         104
nrows         10
xllcorner     -2.000000
yllcorner     0.000000
cellsize      1.000000
NODATA_value  -9999.0
-9999.0 -9999.0 -9999.0 -9999.0 -9999.0 -9999.0 -9999.0 -9999.0 -9999.0 -9999.0 -9999.0 -9999.0 -9999.0 -9999.0 -9999.0 -9999.0 -9999.0 -9999.0 -9999.0 -9999.0 -9999.0 -9999.0 -9999.0 -9999.0 -9999.0 -9999.0 -9999.0 -9999.0 -9999.0 -9999.0 -9999.0 -9999.0 -9999.0 -9999.0 -9999.0 -9999.0 -9999.0 -9999.0 -9999.0 -9999.0 -9999.0 -9999.0 -9999.0 -9999.0 -9999.0 -9999.0 -9999.0 -9999.0 -9999.0 -9999.0 -9999.0 -9999.0 -9999.0 -9999.0 -9999.0 -9999.0 -9999.0 -9999.0 -9999.0 -9999.0 -9999.0 -9999.0 -9999.0 -9999.0 -9999.0 -9999.0 -9999.0 -9999.0 -9999.0 -9999.0 -9999.0 -9999.0 -9999.0 -9999.0 -9999.0 -9999.0 -9999.0 -9999.0 -9999.0 -9999.0 -9999.0 -9999.0 -9999.0 -9999.0 -9999.0 -9999.0 -9999.0 -9999.0 -9999.0 -9999.0 -9999.0 -9999.0 -9999.0 -9999.0 -9999.0 -9999.0 -9999.0 -9999.0 -9999.0 -9999.0 -9999.0 -9999.0 -9999.0 -9999.0
-9999.0 -9999.0 -9999.0 -9999.0 -9999.0 -9999.0 -9999.0 -9999.0 -9999.0 -9999.0 -9999.0 -9999.0 -9999.0 -9999.0 -9999.0 -9999.0 -9999.0 -9999.0 -9999.0 -9999.0 -9999.0 -9999.0 -9999.0 -9999.0 -9999.0 -9999.0 -9999.0 -9999.0 -9999.0 -9999.0 -9999.0 -9999.0 -9999.0 -9999.0 -9999.0 -9999.0 -9999.0 -9999.0 -9999.0 -9999.0 -9999.0 -9999.0 -9999.0 -9999.0 -9999.0 -9999.0 -9999.0 -9999.0 -9999.0 -9999.0 -9999.0 -9999.0 -9999.0 -9999.0 -9999.0 -9999.0 -9999.0 -9999.0 -9999.0 -9999.0 -9999.0 -9999.0 -9999.0 -9999.0 -9999.0 -9999.0 -9999.0 -9999.0 -9999.0 -9999.0 -9999.0 -9999.0 -9999.0 -9999.0 -9999.0 -9999.0 -9999.0 -9999.0 -9999.0 -9999.0 -9999.0 -9999.0 -9999.0 -9999.0 -9999.0 -9999.0 -9999.0 -9999.0 -9999.0 -9999.0 -9999.0 -9999.0 -9999.0 -9999.0 -9999.0 -9999.0 -9999.0 -9999.0 -9999.0 -9999.0 -9999.0 -9999.0 -9999.0 -9999.0
-9999.0 -9999.0 174.796453 76.674491 -22.329110 -121.583486 -220.933539 -320.320330 -419.713571 -519.093159 -618.431946 -717.669053 -816.841115 -915.903223 -1014.907513 -1113.939355 -1212.689740 -1311.044219 -1408.709169 -1505.084527 -1598.972427 -1688.210796 -1769.789106 -1840.833355 -1899.711613 -1946.396211 -1982.091807 -2008.615084 -2027.888920 -2041.652938 -2051.348068 -2058.103080 -2062.769077 -2065.970346 -2068.155998 -2069.647228 -2070.685786 -2071.517955 -2072.617717 -2074.931080 -2075.033796 -2007.947902 -1233.244394 -1238.865225 -1226.878811 -1218.850937 -1215.077922 -1214.483934 -1214.418799 -1214.423993 -1214.439256 -1214.455757 -1214.471628 -1214.486335 -1214.500054 -1214.516622 -1214.571282 -1214.931420 -1216.955911 -1221.406689 -1226.948525 -1212.691840 -1981.866627 -2069.112049 -2073.579065 -2073.079589 -2072.867737 -2072.822478 -2072.814825 -2072.814012 -2072.814301 -2072.814693 -2072.815027 -2072.815291 -2072.815499 -2072.815665 -2072.815801 -2072.815914 -2072.816014 -2072.816105 -2072.816197 -2072.816299 -2072.816424 -2072.816592 -2072.816831 -2072.817190 -2072.817744 -2072.818624 -2072.820053 -2072.822427 -2072.826481 -2072.833611 -2072.846546 -2072.870750 -2072.917424 -2073.010377 -2073.203050 -2073.624478 -2074.613699 -2077.156493 -2084.505792 -2108.990970 -9999.0 -9999.0
-9999.0 -9999.0 174.805155 76.676271 -22.328658 -121.583354 -220.933497 -320.320315 -419.713566 -519.093156 -618.431945 -717.669053 -816.841115 -915.903223 -1014.907513 -1113.939356 -1212.689740 -1311.044219 -1408.709169 -1505.084527 -1598.972427 -1688.210796 -1769.789106 -1840.833355 -1899.711613 -1946.396211 -1982.091807 -2008.615084 -2027.888920 -2041.652938 -2051.348068 -2058.103080 -2062.769077 -2065.970346 -2068.155998 -2069.647228 -2070.685786 -2071.517955 -2072.617717 -2074.931080 -2075.033796 -2007.947902 -1233.244394 -1238.865225 -1226.878811 -1218.850937 -1215.077922 -1214.483934 -1214.418799 -1214.423993 -1214.439256 -1214.455757 -1214.471628 -1214.486335 -1214.500054 -1214.516622 -1214.571282 -1214.931420 -1216.955911 -1221.406689 -1226.948525 -1212.691840 -1981.866627 -2069.112049 -2073.579065 -2073.079589 -2072.867737 -2072.822478 -2072.814825 -2072.814012 -2072.814301 -2072.814693 -2072.815027 -2072.815291 -2072.815499 -2072.815665 -2072.815801 -2072.815914 -2072.816014 -2072.816105 -2072.816197 -2072.816299 -2072.816424 -2072.816592 -2072.816831 -2072.817190 -2072.817744 -2072.818624 -2072.820053 -2072.822427 -2072.826481 -2072.833611 -2072.846546 -2072.870750 -2072.917424 -2073.010377 -2073.203050 -2073.624478 -2074.613699 -2077.156493 -2084.505792 -2108.990970 -9999.0 -9999.0
-9999.0 -9999.0 174.806381 76.676997 -22.328371 -121.583250 -220.933460 -320.320302 -419.713561 -519.093154 -618.431944 -717.669052 -816.841115 -915.903223 -1014.907513 -1113.939356 -1212.689740 -1311.044220 -1408.709169 -1505.084527 -1598.972427 -1688.210796 -1769.789106 -1840.833355 -1899.711613 -1946.396211 -1982.091807 -2008.615084 -2027.888920 -2041.652938 -2051.348068 -2058.103080 -2062.769077 -2065.970346 -2068.155998 -2069.647228 -2070.685786 -2071.517955 -2072.617717 -2074.931080 -2075.033796 -2007.947902 -1233.244394 -1238.865225 -1226.878811 -1218.850937 -1215.077922 -1214.483934 -1214.418799 -1214.423993 -1214.439256 -1214.455757 -1214.471628 -1214.486335 -1214.500054 -1214.516622 -1214.571282 -1214.931420 -1216.955911 -1221.406689 -1226.948525 -1212.691840 -1981.866627 -2069.112049 -2073.579065 -2073.079589 -2072.867737 -2072.822478 -2072.814825 -2072.814012 -2072.814301 -2072.814693 -2072.815027 -2072.815291 -2072.815499 -2072.815665 -2072.815801 -2072.815914 -2072.816014 -2072.816105 -2072.816197 -2072.816299 -2072.816424 -2072.816592 -2072.816831 -2072.817190 -2072.817744 -2072.818624 -2072.820053 -2072.822427 -2072.826481 -2072.833611 -2072.846546 -2072.870750 -2072.917424 -2073.010377 -2073.203050 -2073.624478 -2074.613699 -2077.156493 -2084.505792 -2108.990970 -9999.0 -9999.0
-9999.0 -9999.0 174.806381 76.676997 -22.328371 -121.583250 -220.933460 -320.320302 -419.713561 -519.093154 -618.431944 -717.669052 -816.841115 -915.903223 -1014.907513 -1113.939356 -1212.689740 -1311.044220 -1408.709169 -1505.084527 -1598.972427 -1688.210796 -1769.789106 -1840.833355 -1899.711613 -1946.396211 -1982.091807 -2008.615084 -2027.888920 -2041.652938 -2051.348068 -2058.103080 -2062.769077 -2065.970346 -2068.155998 -2069.647228 -2070.685786 -2071.517955 -2072.617717 -2074.931080 -2075.033796 -2007.947902 -1233.244394 -1238.865225 -1226.878811 -1218.850937 -1215.077922 -1214.483934 -1214.418799 -1214.423993 -1214.439256 -1214.455757 -1214.471628 -1214.486335 -1214.500054 -1214.516622 -1214.571282 -1214.931420 -1216.955911 -1221.406689 -1226.948525 -1212.691840 -1981.866627 -2069.112049 -2073.579065 -2073.079589 -2072.867737 -2072.822478 -2072.814825 -2072.814012 -2072.814301 -2072.814693 -2072.815027 -2072.815291 -2072.815499 -2072.815665 -2072.815801 -2072.815914 -2072.816014 -2072.816105 -2072.816197 -2072.816299 -2072.816424 -2072.816592 -2072.816831 -2072.817190 -2072.817744 -2072.818624 -2072.820053 -2072.822427 -2072.826481 -2072.833611 -2072.846546 -2072.870750 -2072.917424 -2073.010377 -2073.203050 -2073.624478 -2074.613699 -2077.156493 -2084.505792 -2108.990970 -9999.0 -9999.0
-9999.0 -9999.0 174.805155 76.676271 -22.328658 -121.583354 -220.933497 -320.320315 -419.713566 -519.093156 -618.431945 -717.669053 -816.841115 -915.903223 -1014.907513 -1113.939356 -1212.689740 -1311.044219 -1408.709169 -1505.084527 -1598.972427 -1688.210796 -1769.789106 -1840.833355 -1899.711613 -1946.396211 -1982.091807 -2008.615084 -2027.888920 -2041.652938 -2051.348068 -2058.103080 -2062.769077 -2065.970346 -2068.155998 -2069.647228 -2070.685786 -2071.517955 -2072.617717 -2074.931080 -2075.033796 -2007.947902 -1233.244394 -1238.865225 -1226.878811 -1218.850937 -1215.077922 -1214.483934 -1214.418799 -1214.423993 -1214.439256 -1214.455757 -1214.471628 -1214.486335 -1214.500054 -1214.516622 -1214.571282 -1214.931420 -1216.955911 -1221.406689 -1226.948525 -1212.691840 -1981.866627 -2069.112049 -2073.579065 -2073.079589 -2072.867737 -2072.822478 -2072.814825 -2072.814012 -2072.814301 -2072.814693 -2072.815027 -2072.815291 -2072.815499 -2072.815665 -2072.815801 -2072.815914 -2072.816014 -2072.816105 -2072.816197 -2072.816299 -2072.816424 -2072.816592 -2072.816831 -2072.817190 -2072.817744 -2072.818624 -2072.820053 -2072.822427 -2072.826481 -2072.833611 -2072.846546 -2072.870750 -2072.917424 -2073.010377 -2073.203050 -2073.624478 -2074.613699 -2077.156493 -2084.505792 -2108.990970 -9999.0 -9999.0
-9999.0 -9999.0 174.796453 76.674491 -22.329110 -121.583486 -220.933539 -320.320330 -419.713571 -519.093159 -618.431946 -717.669053 -816.841115 -915.903223 -1014.907513 -1113.939355 -1212.689740 -1311.044219 -1408.709169 -1505.084527 -1598.972427 -1688.210796 -1769.789106 -1840.833355 -1899.711613 -1946.396211 -1982.091807 -2008.615084 -2027.888920 -2041.652938 -2051.348068 -2058.103080 -2062.769077 -2065.970346 -2068.155998 -2069.647228 -2070.685786 -2071.517955 -2072.617717 -2074.931080 -2075.033796 -2007.947902 -1233.244394 -1238.865225 -1226.878811 -1218.850937 -1215.077922 -1214.483934 -1214.418799 -1214.423993 -1214.439256 -1214.455757 -1214.471628 -1214.486335 -1214.500054 -1214.516622 -1214.571282 -1214.931420 -1216.955911 -1221.406689 -1226.948525 -1212.691840 -1981.866627 -2069.112049 -2073.579065 -2073.079589 -2072.867737 -2072.822478 -2072.814825 -2072.814012 -2072.814301 -2072.814693 -2072.815027 -2072.815291 -2072.815499 -2072.815665 -2072.815801 -2072.815914 -2072.816014 -2072.816105 -2072.816197 -2072.816299 -2072.816424 -2072.816592 -2072.816831 -2072.817190 -2072.817744 -2072.818624 -2072.820053 -2072.822427 -2072.826481 -2072.833611 -2072.846546 -2072.870750 -2072.917424 -2073.010377 -2073.203050 -2073.624478 -2074.613699 -2077.156493 -2084.505792 -2108.990970 -9999.0 -9999.0
-9999.0 -9999.0 -9999.0 -9999.0 -9999.0 -9999.0 -9999.0 -9999.0 -9999.0 -9999.0 -9999.0 -9999.0 -9999.0 -9999.0 -9999.0 -9999.0 -9999.0 -9999.0 -9999.0 -9999.0 -9999.0 -9999.0 -9999.0 -9999.0 -9999.0 -9999.0 -9999.0 -9999.0 -9999.0 -9999.0 -9999.0 -9999.0 -9999.0 -9999.0 -9999.0 -9999.0 -9999.0 -9999.0 -9999.0 -9999.0 -9999.0 -9999.0 -9999.0 -9999.0 -9999.0 -9999.0 -9999.0 -9999.0 -9999.0 -9999.0 -9999.0 -9999.0 -9999.0 -9999.0 -9999.0 -9999.0 -9999.0 -9999.0 -9999.0 -9999.0 -9999.0 -9999.0 -9999.0 -9999.0 -9999.0 -9999.0 -9999.0 -9999.0 -9999.0 -9999.0 -9999.0 -9999.0 -9999.0 -9999.0 -9999.0 -9999.0 -9999.0 -9999.0 -9999.0 -9999.0 -9999.0 -9999.0 -9999.0 -9999.0 -9999.0 -9999.0 -9999.0 -9999.0 -9999.0 -9999.0 -9999.0 -9999.0 -9999.0 -9999.0 -9999.0 -9999.0 -9999.0 -9999.0 -9999.0 -9999.0 -9999.0 -9999.0 -9999.0 -9999.0
-9999.0 -9999.0 -9999.0 -9999.0 -9999.0 -9999.0 -9999.0 -9999.0 -9999.0 -9999.0 -9999.0 -9999.0 -9999.0 -9999.0 -9999.0 -9999.0 -9999.0 -9999.0 -9999.0 -9999.0 -9999.0 -9999.0 -9999.0 -9999.0 -9999.0 -9999.0 -9999.0 -9999.0 -9999.0 -9999.0 -9999.0 -9999.0 -9999.0 -9999.0 -9999.0 -9999.0 -9999.0 -9999.0 -9999.0 -9999.0 -9999.0 -9999.0 -9999.0 -9999.0 -9999.0 -9999.0 -9999.0 -9999.0 -9999.0 -9999.0 -9999.0 -9999.0 -9999.0 -9999.0 -9999.0 -9999.0 -9999.0 -9999.0 -9999.0 -9999.0 -9999.0 -9999.0 -9999.0 -9999.0 -9999.0 -9999.0 -9999.0 -9999.0 -9999.0 -9999.0 -9999.0 -9999.0 -9999.0 -9999.0 -9999.0 -9999.0 -9999.0 -9999.0 -9999.0 -9999.0 -9999.0 -9999.0 -9999.0 -9999.0 -9999.0 -9999.0 -9999.0 -9999.0 -9999.0 -9999.0 -9999.0 -9999.0 -9999.0 -9999.0 -9999.0 -9999.0 -9999.0 -9999.0 -9999.0 -9999.0 -9999.0 -9999.0 -9999.0 -9999.0