inst/processing_geotop_simulation/geotop_simulation/out/maps3D/PwL0016N0021.asc
ncols         104
nrows         10
xllcorner     -2.000000
yllcorner     0.000000
cellsize      1.000000
NODATA_value  -9999.0
-9999.0 -9999.0 -9999.0 -9999.0 -9999.0 -9999.0 -9999.0 -9999.0 -9999.0 -9999.0 -9999.0 -9999.0 -9999.0 -9999.0 -9999.0 -9999.0 -9999.0 -9999.0 -9999.0 -9999.0 -9999.0 -9999.0 -9999.0 -9999.0 -9999.0 -9999.0 -9999.0 -9999.0 -9999.0 -9999.0 -9999.0 -9999.0 -9999.0 -9999.0 -9999.0 -9999.0 -9999.0 -9999.0 -9999.0 -9999.0 -9999.0 -9999.0 -9999.0 -9999.0 -9999.0 -9999.0 -9999.0 -9999.0 -9999.0 -9999.0 -9999.0 -9999.0 -9999.0 -9999.0 -9999.0 -9999.0 -9999.0 -9999.0 -9999.0 -9999.0 -9999.0 -9999.0 -9999.0 -9999.0 -9999.0 -9999.0 -9999.0 -9999.0 -9999.0 -9999.0 -9999.0 -9999.0 -9999.0 -9999.0 -9999.0 -9999.0 -9999.0 -9999.0 -9999.0 -9999.0 -9999.0 -9999.0 -9999.0 -9999.0 -9999.0 -9999.0 -9999.0 -9999.0 -9999.0 -9999.0 -9999.0 -9999.0 -9999.0 -9999.0 -9999.0 -9999.0 -9999.0 -9999.0 -9999.0 -9999.0 -9999.0 -9999.0 -9999.0 -9999.0
-9999.0 -9999.0 -9999.0 -9999.0 -9999.0 -9999.0 -9999.0 -9999.0 -9999.0 -9999.0 -9999.0 -9999.0 -9999.0 -9999.0 -9999.0 -9999.0 -9999.0 -9999.0 -9999.0 -9999.0 -9999.0 -9999.0 -9999.0 -9999.0 -9999.0 -9999.0 -9999.0 -9999.0 -9999.0 -9999.0 -9999.0 -9999.0 -9999.0 -9999.0 -9999.0 -9999.0 -9999.0 -9999.0 -9999.0 -9999.0 -9999.0 -9999.0 -9999.0 -9999.0 -9999.0 -9999.0 -9999.0 -9999.0 -9999.0 -9999.0 -9999.0 -9999.0 -9999.0 -9999.0 -9999.0 -9999.0 -9999.0 -9999.0 -9999.0 -9999.0 -9999.0 -9999.0 -9999.0 -9999.0 -9999.0 -9999.0 -9999.0 -9999.0 -9999.0 -9999.0 -9999.0 -9999.0 -9999.0 -9999.0 -9999.0 -9999.0 -9999.0 -9999.0 -9999.0 -9999.0 -9999.0 -9999.0 -9999.0 -9999.0 -9999.0 -9999.0 -9999.0 -9999.0 -9999.0 -9999.0 -9999.0 -9999.0 -9999.0 -9999.0 -9999.0 -9999.0 -9999.0 -9999.0 -9999.0 -9999.0 -9999.0 -9999.0 -9999.0 -9999.0
-9999.0 -9999.0 764.835333 667.195534 569.791098 470.490597 368.436585 264.028642 157.538343 47.882521 -70.042045 -180.608538 -272.175522 -332.567737 -361.121265 -363.811630 -360.670702 -356.302556 -183.679480 -15.436665 169.448954 370.525515 445.230401 379.175298 308.770643 234.899294 158.779340 80.944586 1.961590 -77.355978 -154.706731 -224.403600 -278.919125 -314.527986 -333.758200 -342.270792 -343.865074 -340.494026 -329.618916 -299.984181 -362.019898 -468.329731 -3024.341274 -4183.128147 -4183.168317 -4183.168317 -4183.168317 -4183.168317 -4183.168317 -4183.168317 -4183.168317 -4183.168317 -4183.168317 -4183.168317 -4183.168317 -4183.168317 -4183.168317 -4183.168317 -4183.168317 -4183.168317 -4183.090143 -2858.874494 -193.125334 -222.911938 -245.342113 -267.541585 -288.950866 -307.975817 -323.276766 -334.610964 -342.395380 -347.458656 -350.653263 -352.644236 -353.883947 -354.658187 -355.134099 -355.410614 -355.584405 -355.709612 -355.807026 -355.878071 -355.927367 -356.010051 -356.108826 -356.256829 -356.484354 -356.835971 -357.388329 -358.255943 -359.620084 -361.756801 -365.090024 -370.254932 -378.180153 -390.174206 -407.994238 -433.912152 -471.529938 -534.649166 -685.709868 -1171.912508 -9999.0 -9999.0
-9999.0 -9999.0 764.873424 667.210937 569.796619 470.492603 368.437354 264.028943 157.538465 47.882570 -70.042024 -180.608529 -272.175519 -332.567737 -361.121264 -363.811630 -360.670702 -356.302556 -183.679479 -15.436665 169.448954 370.525515 445.230402 379.175297 308.770643 234.899294 158.779340 80.944586 1.961590 -77.355978 -154.706731 -224.403600 -278.919125 -314.527986 -333.758200 -342.270791 -343.865073 -340.494024 -329.618915 -299.984184 -362.019903 -468.329733 -3024.341274 -4183.128147 -4183.168317 -4183.168317 -4183.168317 -4183.168317 -4183.168317 -4183.168317 -4183.168317 -4183.168317 -4183.168317 -4183.168317 -4183.168317 -4183.168317 -4183.168317 -4183.168317 -4183.168317 -4183.168317 -4183.090143 -2858.874494 -193.125334 -222.911938 -245.342113 -267.541585 -288.950866 -307.975817 -323.276766 -334.610964 -342.395379 -347.458656 -350.653263 -352.644236 -353.883946 -354.658187 -355.134099 -355.410614 -355.584405 -355.709612 -355.807026 -355.878071 -355.927367 -356.010051 -356.108826 -356.256829 -356.484354 -356.835971 -357.388329 -358.255943 -359.620084 -361.756801 -365.090024 -370.254932 -378.180153 -390.174206 -407.994238 -433.912152 -471.529938 -534.649166 -685.709868 -1171.912508 -9999.0 -9999.0
-9999.0 -9999.0 764.888833 667.219706 569.800634 470.494293 368.438055 264.029228 157.538584 47.882620 -70.042004 -180.608521 -272.175516 -332.567736 -361.121264 -363.811630 -360.670702 -356.302556 -183.679479 -15.436664 169.448954 370.525515 445.230401 379.175297 308.770643 234.899294 158.779340 80.944586 1.961590 -77.355978 -154.706731 -224.403600 -278.919125 -314.527986 -333.758200 -342.270791 -343.865072 -340.494024 -329.618914 -299.984186 -362.019906 -468.329737 -3024.341274 -4183.128147 -4183.168317 -4183.168317 -4183.168317 -4183.168317 -4183.168317 -4183.168317 -4183.168317 -4183.168317 -4183.168317 -4183.168317 -4183.168317 -4183.168317 -4183.168317 -4183.168317 -4183.168317 -4183.168317 -4183.090143 -2858.874494 -193.125334 -222.911938 -245.342113 -267.541585 -288.950866 -307.975817 -323.276766 -334.610964 -342.395379 -347.458656 -350.653263 -352.644236 -353.883946 -354.658187 -355.134099 -355.410614 -355.584405 -355.709612 -355.807026 -355.878071 -355.927367 -356.010051 -356.108826 -356.256829 -356.484354 -356.835971 -357.388329 -358.255943 -359.620084 -361.756801 -365.090024 -370.254932 -378.180153 -390.174206 -407.994238 -433.912152 -471.529938 -534.649166 -685.709868 -1171.912505 -9999.0 -9999.0
-9999.0 -9999.0 764.888833 667.219706 569.800634 470.494293 368.438055 264.029228 157.538584 47.882620 -70.042004 -180.608521 -272.175516 -332.567736 -361.121264 -363.811630 -360.670702 -356.302556 -183.679479 -15.436664 169.448954 370.525515 445.230401 379.175297 308.770643 234.899294 158.779340 80.944586 1.961590 -77.355978 -154.706731 -224.403600 -278.919125 -314.527986 -333.758200 -342.270791 -343.865072 -340.494024 -329.618914 -299.984186 -362.019906 -468.329737 -3024.341274 -4183.128147 -4183.168317 -4183.168317 -4183.168317 -4183.168317 -4183.168317 -4183.168317 -4183.168317 -4183.168317 -4183.168317 -4183.168317 -4183.168317 -4183.168317 -4183.168317 -4183.168317 -4183.168317 -4183.168317 -4183.090143 -2858.874494 -193.125334 -222.911938 -245.342113 -267.541585 -288.950866 -307.975817 -323.276766 -334.610964 -342.395380 -347.458656 -350.653263 -352.644236 -353.883946 -354.658187 -355.134099 -355.410614 -355.584405 -355.709612 -355.807026 -355.878071 -355.927367 -356.010051 -356.108826 -356.256829 -356.484354 -356.835971 -357.388329 -358.255943 -359.620084 -361.756801 -365.090024 -370.254932 -378.180153 -390.174206 -407.994238 -433.912152 -471.529938 -534.649166 -685.709868 -1171.912506 -9999.0 -9999.0
-9999.0 -9999.0 764.873424 667.210937 569.796619 470.492603 368.437354 264.028943 157.538465 47.882571 -70.042024 -180.608529 -272.175519 -332.567737 -361.121264 -363.811630 -360.670702 -356.302556 -183.679479 -15.436665 169.448954 370.525515 445.230402 379.175297 308.770643 234.899294 158.779340 80.944586 1.961590 -77.355978 -154.706731 -224.403600 -278.919125 -314.527986 -333.758200 -342.270791 -343.865073 -340.494024 -329.618915 -299.984184 -362.019903 -468.329733 -3024.341274 -4183.128147 -4183.168317 -4183.168317 -4183.168317 -4183.168317 -4183.168317 -4183.168317 -4183.168317 -4183.168317 -4183.168317 -4183.168317 -4183.168317 -4183.168317 -4183.168317 -4183.168317 -4183.168317 -4183.168317 -4183.090143 -2858.874494 -193.125334 -222.911938 -245.342113 -267.541585 -288.950866 -307.975817 -323.276766 -334.610964 -342.395379 -347.458656 -350.653263 -352.644236 -353.883946 -354.658187 -355.134099 -355.410614 -355.584405 -355.709612 -355.807026 -355.878071 -355.927367 -356.010051 -356.108826 -356.256829 -356.484354 -356.835971 -357.388329 -358.255943 -359.620084 -361.756801 -365.090024 -370.254932 -378.180153 -390.174206 -407.994238 -433.912152 -471.529938 -534.649166 -685.709868 -1171.912507 -9999.0 -9999.0
-9999.0 -9999.0 764.835333 667.195534 569.791098 470.490597 368.436585 264.028642 157.538343 47.882521 -70.042045 -180.608538 -272.175522 -332.567737 -361.121265 -363.811630 -360.670702 -356.302556 -183.679480 -15.436665 169.448954 370.525515 445.230401 379.175298 308.770643 234.899294 158.779340 80.944586 1.961590 -77.355978 -154.706731 -224.403600 -278.919125 -314.527986 -333.758200 -342.270792 -343.865074 -340.494026 -329.618916 -299.984181 -362.019898 -468.329731 -3024.341274 -4183.128147 -4183.168317 -4183.168317 -4183.168317 -4183.168317 -4183.168317 -4183.168317 -4183.168317 -4183.168317 -4183.168317 -4183.168317 -4183.168317 -4183.168317 -4183.168317 -4183.168317 -4183.168317 -4183.168317 -4183.090143 -2858.874494 -193.125334 -222.911938 -245.342113 -267.541585 -288.950866 -307.975817 -323.276766 -334.610964 -342.395380 -347.458656 -350.653263 -352.644236 -353.883947 -354.658187 -355.134099 -355.410614 -355.584405 -355.709612 -355.807026 -355.878071 -355.927367 -356.010051 -356.108826 -356.256829 -356.484354 -356.835971 -357.388329 -358.255943 -359.620084 -361.756801 -365.090024 -370.254932 -378.180153 -390.174206 -407.994238 -433.912152 -471.529938 -534.649166 -685.709868 -1171.912509 -9999.0 -9999.0
-9999.0 -9999.0 -9999.0 -9999.0 -9999.0 -9999.0 -9999.0 -9999.0 -9999.0 -9999.0 -9999.0 -9999.0 -9999.0 -9999.0 -9999.0 -9999.0 -9999.0 -9999.0 -9999.0 -9999.0 -9999.0 -9999.0 -9999.0 -9999.0 -9999.0 -9999.0 -9999.0 -9999.0 -9999.0 -9999.0 -9999.0 -9999.0 -9999.0 -9999.0 -9999.0 -9999.0 -9999.0 -9999.0 -9999.0 -9999.0 -9999.0 -9999.0 -9999.0 -9999.0 -9999.0 -9999.0 -9999.0 -9999.0 -9999.0 -9999.0 -9999.0 -9999.0 -9999.0 -9999.0 -9999.0 -9999.0 -9999.0 -9999.0 -9999.0 -9999.0 -9999.0 -9999.0 -9999.0 -9999.0 -9999.0 -9999.0 -9999.0 -9999.0 -9999.0 -9999.0 -9999.0 -9999.0 -9999.0 -9999.0 -9999.0 -9999.0 -9999.0 -9999.0 -9999.0 -9999.0 -9999.0 -9999.0 -9999.0 -9999.0 -9999.0 -9999.0 -9999.0 -9999.0 -9999.0 -9999.0 -9999.0 -9999.0 -9999.0 -9999.0 -9999.0 -9999.0 -9999.0 -9999.0 -9999.0 -9999.0 -9999.0 -9999.0 -9999.0 -9999.0
-9999.0 -9999.0 -9999.0 -9999.0 -9999.0 -9999.0 -9999.0 -9999.0 -9999.0 -9999.0 -9999.0 -9999.0 -9999.0 -9999.0 -9999.0 -9999.0 -9999.0 -9999.0 -9999.0 -9999.0 -9999.0 -9999.0 -9999.0 -9999.0 -9999.0 -9999.0 -9999.0 -9999.0 -9999.0 -9999.0 -9999.0 -9999.0 -9999.0 -9999.0 -9999.0 -9999.0 -9999.0 -9999.0 -9999.0 -9999.0 -9999.0 -9999.0 -9999.0 -9999.0 -9999.0 -9999.0 -9999.0 -9999.0 -9999.0 -9999.0 -9999.0 -9999.0 -9999.0 -9999.0 -9999.0 -9999.0 -9999.0 -9999.0 -9999.0 -9999.0 -9999.0 -9999.0 -9999.0 -9999.0 -9999.0 -9999.0 -9999.0 -9999.0 -9999.0 -9999.0 -9999.0 -9999.0 -9999.0 -9999.0 -9999.0 -9999.0 -9999.0 -9999.0 -9999.0 -9999.0 -9999.0 -9999.0 -9999.0 -9999.0 -9999.0 -9999.0 -9999.0 -9999.0 -9999.0 -9999.0 -9999.0 -9999.0 -9999.0 -9999.0 -9999.0 -9999.0 -9999.0 -9999.0 -9999.0 -9999.0 -9999.0 -9999.0 -9999.0 -9999.0