inst/processing_geotop_simulation/geotop_simulation/out/maps3D/PwL0017N0227.asc
ncols         104
nrows         10
xllcorner     -2.000000
yllcorner     0.000000
cellsize      1.000000
NODATA_value  -9999.0
-9999.0 -9999.0 -9999.0 -9999.0 -9999.0 -9999.0 -9999.0 -9999.0 -9999.0 -9999.0 -9999.0 -9999.0 -9999.0 -9999.0 -9999.0 -9999.0 -9999.0 -9999.0 -9999.0 -9999.0 -9999.0 -9999.0 -9999.0 -9999.0 -9999.0 -9999.0 -9999.0 -9999.0 -9999.0 -9999.0 -9999.0 -9999.0 -9999.0 -9999.0 -9999.0 -9999.0 -9999.0 -9999.0 -9999.0 -9999.0 -9999.0 -9999.0 -9999.0 -9999.0 -9999.0 -9999.0 -9999.0 -9999.0 -9999.0 -9999.0 -9999.0 -9999.0 -9999.0 -9999.0 -9999.0 -9999.0 -9999.0 -9999.0 -9999.0 -9999.0 -9999.0 -9999.0 -9999.0 -9999.0 -9999.0 -9999.0 -9999.0 -9999.0 -9999.0 -9999.0 -9999.0 -9999.0 -9999.0 -9999.0 -9999.0 -9999.0 -9999.0 -9999.0 -9999.0 -9999.0 -9999.0 -9999.0 -9999.0 -9999.0 -9999.0 -9999.0 -9999.0 -9999.0 -9999.0 -9999.0 -9999.0 -9999.0 -9999.0 -9999.0 -9999.0 -9999.0 -9999.0 -9999.0 -9999.0 -9999.0 -9999.0 -9999.0 -9999.0 -9999.0
-9999.0 -9999.0 -9999.0 -9999.0 -9999.0 -9999.0 -9999.0 -9999.0 -9999.0 -9999.0 -9999.0 -9999.0 -9999.0 -9999.0 -9999.0 -9999.0 -9999.0 -9999.0 -9999.0 -9999.0 -9999.0 -9999.0 -9999.0 -9999.0 -9999.0 -9999.0 -9999.0 -9999.0 -9999.0 -9999.0 -9999.0 -9999.0 -9999.0 -9999.0 -9999.0 -9999.0 -9999.0 -9999.0 -9999.0 -9999.0 -9999.0 -9999.0 -9999.0 -9999.0 -9999.0 -9999.0 -9999.0 -9999.0 -9999.0 -9999.0 -9999.0 -9999.0 -9999.0 -9999.0 -9999.0 -9999.0 -9999.0 -9999.0 -9999.0 -9999.0 -9999.0 -9999.0 -9999.0 -9999.0 -9999.0 -9999.0 -9999.0 -9999.0 -9999.0 -9999.0 -9999.0 -9999.0 -9999.0 -9999.0 -9999.0 -9999.0 -9999.0 -9999.0 -9999.0 -9999.0 -9999.0 -9999.0 -9999.0 -9999.0 -9999.0 -9999.0 -9999.0 -9999.0 -9999.0 -9999.0 -9999.0 -9999.0 -9999.0 -9999.0 -9999.0 -9999.0 -9999.0 -9999.0 -9999.0 -9999.0 -9999.0 -9999.0 -9999.0 -9999.0
-9999.0 -9999.0 825.572393 728.729615 631.438847 533.717361 435.777312 337.740904 239.672364 141.605975 43.560863 -54.443748 -152.400310 -250.272280 -347.973978 -445.351658 -542.128235 -637.875688 -733.094303 -828.403528 -922.796088 -1016.005347 -1103.242260 -1178.508761 -1242.854517 -1295.475878 -1336.756611 -1367.966877 -1390.830154 -1407.144724 -1418.540824 -1426.368013 -1431.674549 -1435.237679 -1437.614479 -1439.196533 -1440.264420 -1441.067755 -1442.093972 -1445.233956 -1458.232172 -1518.232518 -2002.071299 -4098.243902 -4133.660651 -4133.663366 -4133.663365 -4133.663351 -4133.663278 -4133.663025 -4133.662295 -4133.660096 -4133.656331 -4133.651325 -4133.642808 -4133.625880 -4133.587763 -4133.492977 -4133.237699 -4132.493275 -4067.070460 -1831.965154 -1480.108970 -1450.688475 -1444.023398 -1442.694833 -1442.471900 -1442.437429 -1442.432702 -1442.432701 -1442.433377 -1442.434028 -1442.434551 -1442.434954 -1442.435267 -1442.435513 -1442.435709 -1442.435870 -1442.436007 -1442.436130 -1442.436251 -1442.436385 -1442.436552 -1442.436779 -1442.437111 -1442.437616 -1442.438407 -1442.439668 -1442.441720 -1442.445121 -1442.450895 -1442.460970 -1442.479086 -1442.512662 -1442.576720 -1442.702518 -1442.958280 -1443.503735 -1444.742049 -1447.759634 -1455.762543 -1480.161593 -9999.0 -9999.0
-9999.0 -9999.0 825.576259 728.730992 631.439280 533.717500 435.777358 337.740920 239.672370 141.605978 43.560864 -54.443747 -152.400310 -250.272280 -347.973978 -445.351658 -542.128235 -637.875688 -733.094303 -828.403528 -922.796088 -1016.005347 -1103.242260 -1178.508761 -1242.854517 -1295.475879 -1336.756611 -1367.966877 -1390.830154 -1407.144724 -1418.540824 -1426.368013 -1431.674549 -1435.237679 -1437.614479 -1439.196533 -1440.264420 -1441.067755 -1442.093972 -1445.233956 -1458.232172 -1518.232518 -2002.071299 -4098.243902 -4133.660651 -4133.663366 -4133.663365 -4133.663351 -4133.663278 -4133.663025 -4133.662295 -4133.660096 -4133.656331 -4133.651325 -4133.642808 -4133.625880 -4133.587763 -4133.492977 -4133.237699 -4132.493275 -4067.070460 -1831.965155 -1480.108970 -1450.688475 -1444.023398 -1442.694833 -1442.471900 -1442.437429 -1442.432702 -1442.432701 -1442.433377 -1442.434028 -1442.434551 -1442.434954 -1442.435267 -1442.435513 -1442.435709 -1442.435870 -1442.436007 -1442.436130 -1442.436251 -1442.436385 -1442.436552 -1442.436779 -1442.437111 -1442.437616 -1442.438407 -1442.439668 -1442.441720 -1442.445121 -1442.450895 -1442.460970 -1442.479086 -1442.512662 -1442.576720 -1442.702518 -1442.958280 -1443.503735 -1444.742049 -1447.759634 -1455.762543 -1480.161593 -9999.0 -9999.0
-9999.0 -9999.0 825.577595 728.731698 631.439574 533.717611 435.777398 337.740934 239.672376 141.605980 43.560865 -54.443747 -152.400310 -250.272280 -347.973978 -445.351658 -542.128235 -637.875688 -733.094303 -828.403528 -922.796089 -1016.005347 -1103.242260 -1178.508762 -1242.854517 -1295.475879 -1336.756612 -1367.966877 -1390.830154 -1407.144724 -1418.540824 -1426.368013 -1431.674549 -1435.237679 -1437.614479 -1439.196533 -1440.264420 -1441.067755 -1442.093972 -1445.233956 -1458.232172 -1518.232518 -2002.071299 -4098.243902 -4133.660651 -4133.663366 -4133.663365 -4133.663351 -4133.663278 -4133.663025 -4133.662295 -4133.660096 -4133.656331 -4133.651325 -4133.642808 -4133.625880 -4133.587763 -4133.492977 -4133.237699 -4132.493275 -4067.070460 -1831.965154 -1480.108970 -1450.688475 -1444.023398 -1442.694833 -1442.471900 -1442.437429 -1442.432702 -1442.432701 -1442.433377 -1442.434028 -1442.434551 -1442.434954 -1442.435267 -1442.435513 -1442.435709 -1442.435870 -1442.436007 -1442.436130 -1442.436251 -1442.436385 -1442.436552 -1442.436779 -1442.437111 -1442.437616 -1442.438407 -1442.439668 -1442.441720 -1442.445121 -1442.450895 -1442.460970 -1442.479086 -1442.512662 -1442.576720 -1442.702518 -1442.958280 -1443.503735 -1444.742049 -1447.759634 -1455.762543 -1480.161593 -9999.0 -9999.0
-9999.0 -9999.0 825.577595 728.731698 631.439574 533.717611 435.777398 337.740934 239.672376 141.605980 43.560865 -54.443747 -152.400310 -250.272280 -347.973978 -445.351658 -542.128235 -637.875688 -733.094303 -828.403528 -922.796089 -1016.005347 -1103.242260 -1178.508762 -1242.854517 -1295.475879 -1336.756612 -1367.966877 -1390.830154 -1407.144724 -1418.540824 -1426.368013 -1431.674549 -1435.237679 -1437.614479 -1439.196533 -1440.264420 -1441.067755 -1442.093972 -1445.233956 -1458.232172 -1518.232518 -2002.071299 -4098.243902 -4133.660651 -4133.663366 -4133.663365 -4133.663351 -4133.663278 -4133.663025 -4133.662295 -4133.660096 -4133.656331 -4133.651325 -4133.642808 -4133.625880 -4133.587763 -4133.492977 -4133.237699 -4132.493275 -4067.070460 -1831.965154 -1480.108970 -1450.688475 -1444.023398 -1442.694833 -1442.471900 -1442.437429 -1442.432702 -1442.432701 -1442.433377 -1442.434028 -1442.434551 -1442.434954 -1442.435267 -1442.435513 -1442.435709 -1442.435870 -1442.436007 -1442.436130 -1442.436251 -1442.436385 -1442.436552 -1442.436779 -1442.437111 -1442.437616 -1442.438407 -1442.439668 -1442.441720 -1442.445121 -1442.450895 -1442.460970 -1442.479086 -1442.512662 -1442.576720 -1442.702518 -1442.958280 -1443.503735 -1444.742049 -1447.759634 -1455.762543 -1480.161593 -9999.0 -9999.0
-9999.0 -9999.0 825.576259 728.730992 631.439280 533.717500 435.777358 337.740920 239.672370 141.605978 43.560864 -54.443747 -152.400310 -250.272280 -347.973978 -445.351658 -542.128235 -637.875688 -733.094303 -828.403528 -922.796088 -1016.005347 -1103.242260 -1178.508761 -1242.854517 -1295.475879 -1336.756611 -1367.966877 -1390.830154 -1407.144724 -1418.540824 -1426.368013 -1431.674549 -1435.237679 -1437.614479 -1439.196533 -1440.264420 -1441.067755 -1442.093972 -1445.233956 -1458.232172 -1518.232518 -2002.071299 -4098.243902 -4133.660651 -4133.663366 -4133.663365 -4133.663351 -4133.663278 -4133.663025 -4133.662295 -4133.660096 -4133.656331 -4133.651325 -4133.642808 -4133.625880 -4133.587763 -4133.492977 -4133.237699 -4132.493275 -4067.070460 -1831.965154 -1480.108970 -1450.688475 -1444.023398 -1442.694833 -1442.471900 -1442.437429 -1442.432702 -1442.432701 -1442.433377 -1442.434028 -1442.434551 -1442.434954 -1442.435267 -1442.435513 -1442.435709 -1442.435870 -1442.436007 -1442.436130 -1442.436251 -1442.436385 -1442.436552 -1442.436779 -1442.437111 -1442.437616 -1442.438407 -1442.439668 -1442.441720 -1442.445121 -1442.450895 -1442.460970 -1442.479086 -1442.512662 -1442.576720 -1442.702518 -1442.958280 -1443.503735 -1444.742049 -1447.759634 -1455.762543 -1480.161593 -9999.0 -9999.0
-9999.0 -9999.0 825.572393 728.729615 631.438847 533.717361 435.777312 337.740904 239.672364 141.605975 43.560863 -54.443748 -152.400310 -250.272280 -347.973978 -445.351658 -542.128235 -637.875688 -733.094303 -828.403528 -922.796088 -1016.005347 -1103.242260 -1178.508761 -1242.854517 -1295.475878 -1336.756611 -1367.966877 -1390.830154 -1407.144724 -1418.540824 -1426.368013 -1431.674549 -1435.237679 -1437.614479 -1439.196533 -1440.264420 -1441.067755 -1442.093972 -1445.233956 -1458.232172 -1518.232518 -2002.071299 -4098.243902 -4133.660651 -4133.663366 -4133.663365 -4133.663351 -4133.663278 -4133.663025 -4133.662295 -4133.660096 -4133.656331 -4133.651325 -4133.642808 -4133.625880 -4133.587763 -4133.492977 -4133.237699 -4132.493275 -4067.070460 -1831.965155 -1480.108970 -1450.688475 -1444.023398 -1442.694833 -1442.471900 -1442.437429 -1442.432702 -1442.432701 -1442.433377 -1442.434028 -1442.434551 -1442.434954 -1442.435267 -1442.435513 -1442.435709 -1442.435870 -1442.436007 -1442.436130 -1442.436251 -1442.436385 -1442.436552 -1442.436779 -1442.437111 -1442.437616 -1442.438407 -1442.439668 -1442.441720 -1442.445121 -1442.450895 -1442.460970 -1442.479086 -1442.512662 -1442.576720 -1442.702518 -1442.958280 -1443.503735 -1444.742049 -1447.759634 -1455.762543 -1480.161593 -9999.0 -9999.0
-9999.0 -9999.0 -9999.0 -9999.0 -9999.0 -9999.0 -9999.0 -9999.0 -9999.0 -9999.0 -9999.0 -9999.0 -9999.0 -9999.0 -9999.0 -9999.0 -9999.0 -9999.0 -9999.0 -9999.0 -9999.0 -9999.0 -9999.0 -9999.0 -9999.0 -9999.0 -9999.0 -9999.0 -9999.0 -9999.0 -9999.0 -9999.0 -9999.0 -9999.0 -9999.0 -9999.0 -9999.0 -9999.0 -9999.0 -9999.0 -9999.0 -9999.0 -9999.0 -9999.0 -9999.0 -9999.0 -9999.0 -9999.0 -9999.0 -9999.0 -9999.0 -9999.0 -9999.0 -9999.0 -9999.0 -9999.0 -9999.0 -9999.0 -9999.0 -9999.0 -9999.0 -9999.0 -9999.0 -9999.0 -9999.0 -9999.0 -9999.0 -9999.0 -9999.0 -9999.0 -9999.0 -9999.0 -9999.0 -9999.0 -9999.0 -9999.0 -9999.0 -9999.0 -9999.0 -9999.0 -9999.0 -9999.0 -9999.0 -9999.0 -9999.0 -9999.0 -9999.0 -9999.0 -9999.0 -9999.0 -9999.0 -9999.0 -9999.0 -9999.0 -9999.0 -9999.0 -9999.0 -9999.0 -9999.0 -9999.0 -9999.0 -9999.0 -9999.0 -9999.0
-9999.0 -9999.0 -9999.0 -9999.0 -9999.0 -9999.0 -9999.0 -9999.0 -9999.0 -9999.0 -9999.0 -9999.0 -9999.0 -9999.0 -9999.0 -9999.0 -9999.0 -9999.0 -9999.0 -9999.0 -9999.0 -9999.0 -9999.0 -9999.0 -9999.0 -9999.0 -9999.0 -9999.0 -9999.0 -9999.0 -9999.0 -9999.0 -9999.0 -9999.0 -9999.0 -9999.0 -9999.0 -9999.0 -9999.0 -9999.0 -9999.0 -9999.0 -9999.0 -9999.0 -9999.0 -9999.0 -9999.0 -9999.0 -9999.0 -9999.0 -9999.0 -9999.0 -9999.0 -9999.0 -9999.0 -9999.0 -9999.0 -9999.0 -9999.0 -9999.0 -9999.0 -9999.0 -9999.0 -9999.0 -9999.0 -9999.0 -9999.0 -9999.0 -9999.0 -9999.0 -9999.0 -9999.0 -9999.0 -9999.0 -9999.0 -9999.0 -9999.0 -9999.0 -9999.0 -9999.0 -9999.0 -9999.0 -9999.0 -9999.0 -9999.0 -9999.0 -9999.0 -9999.0 -9999.0 -9999.0 -9999.0 -9999.0 -9999.0 -9999.0 -9999.0 -9999.0 -9999.0 -9999.0 -9999.0 -9999.0 -9999.0 -9999.0 -9999.0 -9999.0