inst/processing_geotop_simulation/geotop_simulation/out/maps3D/PwL0008N0421.asc
ncols         104
nrows         10
xllcorner     -2.000000
yllcorner     0.000000
cellsize      1.000000
NODATA_value  -9999.0
-9999.0 -9999.0 -9999.0 -9999.0 -9999.0 -9999.0 -9999.0 -9999.0 -9999.0 -9999.0 -9999.0 -9999.0 -9999.0 -9999.0 -9999.0 -9999.0 -9999.0 -9999.0 -9999.0 -9999.0 -9999.0 -9999.0 -9999.0 -9999.0 -9999.0 -9999.0 -9999.0 -9999.0 -9999.0 -9999.0 -9999.0 -9999.0 -9999.0 -9999.0 -9999.0 -9999.0 -9999.0 -9999.0 -9999.0 -9999.0 -9999.0 -9999.0 -9999.0 -9999.0 -9999.0 -9999.0 -9999.0 -9999.0 -9999.0 -9999.0 -9999.0 -9999.0 -9999.0 -9999.0 -9999.0 -9999.0 -9999.0 -9999.0 -9999.0 -9999.0 -9999.0 -9999.0 -9999.0 -9999.0 -9999.0 -9999.0 -9999.0 -9999.0 -9999.0 -9999.0 -9999.0 -9999.0 -9999.0 -9999.0 -9999.0 -9999.0 -9999.0 -9999.0 -9999.0 -9999.0 -9999.0 -9999.0 -9999.0 -9999.0 -9999.0 -9999.0 -9999.0 -9999.0 -9999.0 -9999.0 -9999.0 -9999.0 -9999.0 -9999.0 -9999.0 -9999.0 -9999.0 -9999.0 -9999.0 -9999.0 -9999.0 -9999.0 -9999.0 -9999.0
-9999.0 -9999.0 -9999.0 -9999.0 -9999.0 -9999.0 -9999.0 -9999.0 -9999.0 -9999.0 -9999.0 -9999.0 -9999.0 -9999.0 -9999.0 -9999.0 -9999.0 -9999.0 -9999.0 -9999.0 -9999.0 -9999.0 -9999.0 -9999.0 -9999.0 -9999.0 -9999.0 -9999.0 -9999.0 -9999.0 -9999.0 -9999.0 -9999.0 -9999.0 -9999.0 -9999.0 -9999.0 -9999.0 -9999.0 -9999.0 -9999.0 -9999.0 -9999.0 -9999.0 -9999.0 -9999.0 -9999.0 -9999.0 -9999.0 -9999.0 -9999.0 -9999.0 -9999.0 -9999.0 -9999.0 -9999.0 -9999.0 -9999.0 -9999.0 -9999.0 -9999.0 -9999.0 -9999.0 -9999.0 -9999.0 -9999.0 -9999.0 -9999.0 -9999.0 -9999.0 -9999.0 -9999.0 -9999.0 -9999.0 -9999.0 -9999.0 -9999.0 -9999.0 -9999.0 -9999.0 -9999.0 -9999.0 -9999.0 -9999.0 -9999.0 -9999.0 -9999.0 -9999.0 -9999.0 -9999.0 -9999.0 -9999.0 -9999.0 -9999.0 -9999.0 -9999.0 -9999.0 -9999.0 -9999.0 -9999.0 -9999.0 -9999.0 -9999.0 -9999.0
-9999.0 -9999.0 373.352240 274.957732 175.970744 76.748413 -22.567530 -121.920189 -221.284914 -320.645174 -419.984386 -519.276246 -618.467491 -717.458347 -816.469015 -915.435036 -1014.319684 -1113.123128 -1211.154417 -1308.168542 -1403.207914 -1494.488462 -1579.382786 -1655.110483 -1719.684440 -1772.429273 -1813.907613 -1845.501720 -1868.947040 -1885.983026 -1898.155271 -1906.736813 -1912.723267 -1916.864993 -1919.712902 -1921.666581 -1923.026753 -1924.085793 -1925.369082 -1928.012176 -1930.509086 -1888.640385 -1252.112111 -1315.016393 -1291.557867 -1275.866481 -1268.579042 -1267.498507 -1267.383185 -1267.392943 -1267.420480 -1267.450175 -1267.478720 -1267.505160 -1267.529763 -1267.558955 -1267.653203 -1268.291317 -1272.133729 -1280.687916 -1290.427354 -1213.903906 -1857.193167 -1923.742726 -1926.756122 -1926.137012 -1925.912655 -1925.865714 -1925.857809 -1925.856965 -1925.857259 -1925.857662 -1925.858006 -1925.858281 -1925.858499 -1925.858675 -1925.858820 -1925.858944 -1925.859053 -1925.859155 -1925.859257 -1925.859370 -1925.859506 -1925.859686 -1925.859939 -1925.860312 -1925.860885 -1925.861786 -1925.863243 -1925.865657 -1925.869771 -1925.877000 -1925.890108 -1925.914640 -1925.961979 -1926.056393 -1926.252543 -1926.682759 -1927.694704 -1930.294803 -1937.775407 -1962.483160 -9999.0 -9999.0
-9999.0 -9999.0 373.358694 274.959370 175.971185 76.748545 -22.567488 -121.920175 -221.284909 -320.645172 -419.984385 -519.276246 -618.467491 -717.458347 -816.469015 -915.435036 -1014.319684 -1113.123129 -1211.154417 -1308.168542 -1403.207914 -1494.488462 -1579.382787 -1655.110483 -1719.684441 -1772.429273 -1813.907613 -1845.501720 -1868.947040 -1885.983026 -1898.155271 -1906.736813 -1912.723267 -1916.864993 -1919.712902 -1921.666581 -1923.026753 -1924.085793 -1925.369082 -1928.012176 -1930.509086 -1888.640385 -1252.112111 -1315.016393 -1291.557867 -1275.866481 -1268.579042 -1267.498507 -1267.383185 -1267.392943 -1267.420480 -1267.450175 -1267.478720 -1267.505160 -1267.529763 -1267.558955 -1267.653203 -1268.291317 -1272.133729 -1280.687916 -1290.427354 -1213.903906 -1857.193167 -1923.742726 -1926.756122 -1926.137012 -1925.912655 -1925.865714 -1925.857809 -1925.856965 -1925.857259 -1925.857662 -1925.858006 -1925.858281 -1925.858499 -1925.858675 -1925.858820 -1925.858944 -1925.859053 -1925.859155 -1925.859257 -1925.859370 -1925.859506 -1925.859686 -1925.859939 -1925.860312 -1925.860885 -1925.861786 -1925.863243 -1925.865657 -1925.869771 -1925.877000 -1925.890108 -1925.914640 -1925.961979 -1926.056393 -1926.252543 -1926.682759 -1927.694704 -1930.294803 -1937.775407 -1962.483160 -9999.0 -9999.0
-9999.0 -9999.0 373.360019 274.960080 175.971468 76.748648 -22.567451 -121.920161 -221.284904 -320.645170 -419.984384 -519.276246 -618.467490 -717.458347 -816.469015 -915.435036 -1014.319685 -1113.123129 -1211.154418 -1308.168542 -1403.207914 -1494.488462 -1579.382787 -1655.110483 -1719.684441 -1772.429273 -1813.907613 -1845.501720 -1868.947040 -1885.983026 -1898.155271 -1906.736813 -1912.723267 -1916.864993 -1919.712902 -1921.666581 -1923.026753 -1924.085793 -1925.369082 -1928.012176 -1930.509086 -1888.640385 -1252.112111 -1315.016393 -1291.557867 -1275.866481 -1268.579042 -1267.498507 -1267.383185 -1267.392943 -1267.420480 -1267.450175 -1267.478720 -1267.505160 -1267.529763 -1267.558955 -1267.653203 -1268.291317 -1272.133729 -1280.687916 -1290.427354 -1213.903906 -1857.193167 -1923.742726 -1926.756122 -1926.137012 -1925.912655 -1925.865714 -1925.857809 -1925.856965 -1925.857259 -1925.857662 -1925.858006 -1925.858281 -1925.858499 -1925.858675 -1925.858820 -1925.858944 -1925.859053 -1925.859155 -1925.859257 -1925.859370 -1925.859506 -1925.859686 -1925.859939 -1925.860312 -1925.860885 -1925.861786 -1925.863243 -1925.865657 -1925.869771 -1925.877000 -1925.890108 -1925.914640 -1925.961979 -1926.056393 -1926.252543 -1926.682759 -1927.694704 -1930.294803 -1937.775407 -1962.483160 -9999.0 -9999.0
-9999.0 -9999.0 373.360019 274.960080 175.971468 76.748648 -22.567451 -121.920161 -221.284904 -320.645170 -419.984384 -519.276246 -618.467490 -717.458347 -816.469015 -915.435036 -1014.319685 -1113.123129 -1211.154418 -1308.168542 -1403.207914 -1494.488462 -1579.382787 -1655.110483 -1719.684441 -1772.429273 -1813.907613 -1845.501720 -1868.947040 -1885.983026 -1898.155271 -1906.736813 -1912.723267 -1916.864993 -1919.712902 -1921.666581 -1923.026753 -1924.085793 -1925.369082 -1928.012176 -1930.509086 -1888.640385 -1252.112111 -1315.016393 -1291.557867 -1275.866481 -1268.579042 -1267.498507 -1267.383185 -1267.392943 -1267.420480 -1267.450175 -1267.478720 -1267.505160 -1267.529763 -1267.558955 -1267.653203 -1268.291317 -1272.133729 -1280.687916 -1290.427354 -1213.903906 -1857.193167 -1923.742726 -1926.756122 -1926.137012 -1925.912655 -1925.865714 -1925.857809 -1925.856965 -1925.857259 -1925.857662 -1925.858006 -1925.858281 -1925.858499 -1925.858675 -1925.858820 -1925.858944 -1925.859053 -1925.859155 -1925.859257 -1925.859370 -1925.859506 -1925.859686 -1925.859939 -1925.860312 -1925.860885 -1925.861786 -1925.863243 -1925.865657 -1925.869771 -1925.877000 -1925.890108 -1925.914640 -1925.961979 -1926.056393 -1926.252543 -1926.682759 -1927.694704 -1930.294803 -1937.775407 -1962.483160 -9999.0 -9999.0
-9999.0 -9999.0 373.358694 274.959370 175.971185 76.748545 -22.567488 -121.920175 -221.284909 -320.645172 -419.984385 -519.276246 -618.467491 -717.458347 -816.469015 -915.435036 -1014.319684 -1113.123129 -1211.154417 -1308.168542 -1403.207914 -1494.488462 -1579.382787 -1655.110483 -1719.684441 -1772.429273 -1813.907613 -1845.501720 -1868.947040 -1885.983026 -1898.155271 -1906.736813 -1912.723267 -1916.864993 -1919.712902 -1921.666581 -1923.026753 -1924.085793 -1925.369082 -1928.012176 -1930.509086 -1888.640385 -1252.112111 -1315.016393 -1291.557867 -1275.866481 -1268.579042 -1267.498507 -1267.383185 -1267.392943 -1267.420480 -1267.450175 -1267.478720 -1267.505160 -1267.529763 -1267.558955 -1267.653203 -1268.291317 -1272.133729 -1280.687916 -1290.427354 -1213.903906 -1857.193167 -1923.742726 -1926.756122 -1926.137012 -1925.912655 -1925.865714 -1925.857809 -1925.856965 -1925.857259 -1925.857662 -1925.858006 -1925.858281 -1925.858499 -1925.858675 -1925.858820 -1925.858944 -1925.859053 -1925.859155 -1925.859257 -1925.859370 -1925.859506 -1925.859686 -1925.859939 -1925.860312 -1925.860885 -1925.861786 -1925.863243 -1925.865657 -1925.869771 -1925.877000 -1925.890108 -1925.914640 -1925.961979 -1926.056393 -1926.252543 -1926.682759 -1927.694704 -1930.294803 -1937.775407 -1962.483160 -9999.0 -9999.0
-9999.0 -9999.0 373.352240 274.957732 175.970744 76.748413 -22.567530 -121.920189 -221.284914 -320.645174 -419.984386 -519.276247 -618.467491 -717.458347 -816.469015 -915.435036 -1014.319684 -1113.123129 -1211.154417 -1308.168542 -1403.207914 -1494.488462 -1579.382786 -1655.110483 -1719.684440 -1772.429273 -1813.907613 -1845.501720 -1868.947040 -1885.983026 -1898.155271 -1906.736813 -1912.723267 -1916.864993 -1919.712902 -1921.666581 -1923.026753 -1924.085793 -1925.369082 -1928.012176 -1930.509086 -1888.640385 -1252.112111 -1315.016393 -1291.557867 -1275.866481 -1268.579042 -1267.498507 -1267.383185 -1267.392943 -1267.420480 -1267.450175 -1267.478720 -1267.505160 -1267.529763 -1267.558955 -1267.653203 -1268.291317 -1272.133729 -1280.687916 -1290.427354 -1213.903906 -1857.193167 -1923.742726 -1926.756122 -1926.137012 -1925.912655 -1925.865714 -1925.857809 -1925.856965 -1925.857259 -1925.857662 -1925.858006 -1925.858281 -1925.858499 -1925.858675 -1925.858820 -1925.858944 -1925.859053 -1925.859155 -1925.859257 -1925.859370 -1925.859506 -1925.859686 -1925.859939 -1925.860312 -1925.860885 -1925.861786 -1925.863243 -1925.865657 -1925.869771 -1925.877000 -1925.890108 -1925.914640 -1925.961979 -1926.056393 -1926.252543 -1926.682759 -1927.694704 -1930.294803 -1937.775407 -1962.483160 -9999.0 -9999.0
-9999.0 -9999.0 -9999.0 -9999.0 -9999.0 -9999.0 -9999.0 -9999.0 -9999.0 -9999.0 -9999.0 -9999.0 -9999.0 -9999.0 -9999.0 -9999.0 -9999.0 -9999.0 -9999.0 -9999.0 -9999.0 -9999.0 -9999.0 -9999.0 -9999.0 -9999.0 -9999.0 -9999.0 -9999.0 -9999.0 -9999.0 -9999.0 -9999.0 -9999.0 -9999.0 -9999.0 -9999.0 -9999.0 -9999.0 -9999.0 -9999.0 -9999.0 -9999.0 -9999.0 -9999.0 -9999.0 -9999.0 -9999.0 -9999.0 -9999.0 -9999.0 -9999.0 -9999.0 -9999.0 -9999.0 -9999.0 -9999.0 -9999.0 -9999.0 -9999.0 -9999.0 -9999.0 -9999.0 -9999.0 -9999.0 -9999.0 -9999.0 -9999.0 -9999.0 -9999.0 -9999.0 -9999.0 -9999.0 -9999.0 -9999.0 -9999.0 -9999.0 -9999.0 -9999.0 -9999.0 -9999.0 -9999.0 -9999.0 -9999.0 -9999.0 -9999.0 -9999.0 -9999.0 -9999.0 -9999.0 -9999.0 -9999.0 -9999.0 -9999.0 -9999.0 -9999.0 -9999.0 -9999.0 -9999.0 -9999.0 -9999.0 -9999.0 -9999.0 -9999.0
-9999.0 -9999.0 -9999.0 -9999.0 -9999.0 -9999.0 -9999.0 -9999.0 -9999.0 -9999.0 -9999.0 -9999.0 -9999.0 -9999.0 -9999.0 -9999.0 -9999.0 -9999.0 -9999.0 -9999.0 -9999.0 -9999.0 -9999.0 -9999.0 -9999.0 -9999.0 -9999.0 -9999.0 -9999.0 -9999.0 -9999.0 -9999.0 -9999.0 -9999.0 -9999.0 -9999.0 -9999.0 -9999.0 -9999.0 -9999.0 -9999.0 -9999.0 -9999.0 -9999.0 -9999.0 -9999.0 -9999.0 -9999.0 -9999.0 -9999.0 -9999.0 -9999.0 -9999.0 -9999.0 -9999.0 -9999.0 -9999.0 -9999.0 -9999.0 -9999.0 -9999.0 -9999.0 -9999.0 -9999.0 -9999.0 -9999.0 -9999.0 -9999.0 -9999.0 -9999.0 -9999.0 -9999.0 -9999.0 -9999.0 -9999.0 -9999.0 -9999.0 -9999.0 -9999.0 -9999.0 -9999.0 -9999.0 -9999.0 -9999.0 -9999.0 -9999.0 -9999.0 -9999.0 -9999.0 -9999.0 -9999.0 -9999.0 -9999.0 -9999.0 -9999.0 -9999.0 -9999.0 -9999.0 -9999.0 -9999.0 -9999.0 -9999.0 -9999.0 -9999.0