inst/processing_geotop_simulation/geotop_simulation/out/maps3D/PwL0015N0169.asc
ncols         104
nrows         10
xllcorner     -2.000000
yllcorner     0.000000
cellsize      1.000000
NODATA_value  -9999.0
-9999.0 -9999.0 -9999.0 -9999.0 -9999.0 -9999.0 -9999.0 -9999.0 -9999.0 -9999.0 -9999.0 -9999.0 -9999.0 -9999.0 -9999.0 -9999.0 -9999.0 -9999.0 -9999.0 -9999.0 -9999.0 -9999.0 -9999.0 -9999.0 -9999.0 -9999.0 -9999.0 -9999.0 -9999.0 -9999.0 -9999.0 -9999.0 -9999.0 -9999.0 -9999.0 -9999.0 -9999.0 -9999.0 -9999.0 -9999.0 -9999.0 -9999.0 -9999.0 -9999.0 -9999.0 -9999.0 -9999.0 -9999.0 -9999.0 -9999.0 -9999.0 -9999.0 -9999.0 -9999.0 -9999.0 -9999.0 -9999.0 -9999.0 -9999.0 -9999.0 -9999.0 -9999.0 -9999.0 -9999.0 -9999.0 -9999.0 -9999.0 -9999.0 -9999.0 -9999.0 -9999.0 -9999.0 -9999.0 -9999.0 -9999.0 -9999.0 -9999.0 -9999.0 -9999.0 -9999.0 -9999.0 -9999.0 -9999.0 -9999.0 -9999.0 -9999.0 -9999.0 -9999.0 -9999.0 -9999.0 -9999.0 -9999.0 -9999.0 -9999.0 -9999.0 -9999.0 -9999.0 -9999.0 -9999.0 -9999.0 -9999.0 -9999.0 -9999.0 -9999.0
-9999.0 -9999.0 -9999.0 -9999.0 -9999.0 -9999.0 -9999.0 -9999.0 -9999.0 -9999.0 -9999.0 -9999.0 -9999.0 -9999.0 -9999.0 -9999.0 -9999.0 -9999.0 -9999.0 -9999.0 -9999.0 -9999.0 -9999.0 -9999.0 -9999.0 -9999.0 -9999.0 -9999.0 -9999.0 -9999.0 -9999.0 -9999.0 -9999.0 -9999.0 -9999.0 -9999.0 -9999.0 -9999.0 -9999.0 -9999.0 -9999.0 -9999.0 -9999.0 -9999.0 -9999.0 -9999.0 -9999.0 -9999.0 -9999.0 -9999.0 -9999.0 -9999.0 -9999.0 -9999.0 -9999.0 -9999.0 -9999.0 -9999.0 -9999.0 -9999.0 -9999.0 -9999.0 -9999.0 -9999.0 -9999.0 -9999.0 -9999.0 -9999.0 -9999.0 -9999.0 -9999.0 -9999.0 -9999.0 -9999.0 -9999.0 -9999.0 -9999.0 -9999.0 -9999.0 -9999.0 -9999.0 -9999.0 -9999.0 -9999.0 -9999.0 -9999.0 -9999.0 -9999.0 -9999.0 -9999.0 -9999.0 -9999.0 -9999.0 -9999.0 -9999.0 -9999.0 -9999.0 -9999.0 -9999.0 -9999.0 -9999.0 -9999.0 -9999.0 -9999.0
-9999.0 -9999.0 732.026615 637.967701 542.781044 446.747688 350.308289 253.691394 157.013251 60.334968 -36.298195 -132.864200 -229.314305 -325.529991 -421.309907 -516.354374 -610.214699 -703.522458 -796.934166 -889.176224 -979.880776 -1064.248400 -1135.104439 -1193.341774 -1238.760707 -1272.595807 -1296.868138 -1313.759130 -1325.226309 -1332.853234 -1337.841192 -1341.059703 -1343.115535 -1344.419696 -1345.244047 -1345.767253 -1346.113337 -1346.401056 -1346.934106 -1349.298977 -1361.715886 -1433.463498 -2040.813846 -4208.722142 -4232.672088 -4232.673232 -4232.673213 -4232.673210 -4232.673209 -4232.673209 -4232.673209 -4232.673210 -4232.673210 -4232.673210 -4232.673210 -4232.673210 -4232.673210 -4232.673211 -4232.673222 -4232.670964 -4193.601105 -1920.241212 -1400.172300 -1355.570163 -1348.169012 -1347.008295 -1346.838947 -1346.813916 -1346.810792 -1346.811278 -1346.812239 -1346.813093 -1346.813762 -1346.814273 -1346.814664 -1346.814969 -1346.815210 -1346.815406 -1346.815569 -1346.815714 -1346.815856 -1346.816014 -1346.816211 -1346.816485 -1346.816888 -1346.817507 -1346.818480 -1346.820036 -1346.822564 -1346.826745 -1346.833808 -1346.846059 -1346.867938 -1346.908206 -1346.984420 -1347.132417 -1347.427883 -1348.041176 -1349.389170 -1352.569812 -1360.708515 -1384.616005 -9999.0 -9999.0
-9999.0 -9999.0 732.031327 637.969280 542.781525 446.747839 350.308338 253.691411 157.013257 60.334970 -36.298194 -132.864200 -229.314305 -325.529991 -421.309907 -516.354374 -610.214700 -703.522458 -796.934167 -889.176224 -979.880777 -1064.248401 -1135.104440 -1193.341774 -1238.760707 -1272.595807 -1296.868138 -1313.759130 -1325.226309 -1332.853235 -1337.841192 -1341.059703 -1343.115535 -1344.419696 -1345.244047 -1345.767253 -1346.113337 -1346.401056 -1346.934106 -1349.298977 -1361.715886 -1433.463498 -2040.813846 -4208.722142 -4232.672088 -4232.673232 -4232.673213 -4232.673210 -4232.673209 -4232.673209 -4232.673209 -4232.673210 -4232.673210 -4232.673210 -4232.673210 -4232.673210 -4232.673210 -4232.673211 -4232.673222 -4232.670964 -4193.601105 -1920.241212 -1400.172300 -1355.570163 -1348.169012 -1347.008295 -1346.838947 -1346.813916 -1346.810792 -1346.811278 -1346.812239 -1346.813093 -1346.813762 -1346.814273 -1346.814664 -1346.814969 -1346.815210 -1346.815406 -1346.815569 -1346.815714 -1346.815856 -1346.816014 -1346.816211 -1346.816485 -1346.816888 -1346.817507 -1346.818480 -1346.820036 -1346.822564 -1346.826745 -1346.833808 -1346.846059 -1346.867938 -1346.908206 -1346.984420 -1347.132417 -1347.427883 -1348.041176 -1349.389170 -1352.569812 -1360.708515 -1384.616005 -9999.0 -9999.0
-9999.0 -9999.0 732.032811 637.970060 542.781846 446.747960 350.308382 253.691427 157.013263 60.334972 -36.298193 -132.864200 -229.314305 -325.529991 -421.309907 -516.354374 -610.214700 -703.522458 -796.934167 -889.176224 -979.880777 -1064.248401 -1135.104440 -1193.341774 -1238.760707 -1272.595807 -1296.868138 -1313.759130 -1325.226309 -1332.853235 -1337.841192 -1341.059703 -1343.115535 -1344.419696 -1345.244047 -1345.767253 -1346.113337 -1346.401056 -1346.934106 -1349.298977 -1361.715886 -1433.463498 -2040.813846 -4208.722142 -4232.672088 -4232.673232 -4232.673213 -4232.673210 -4232.673209 -4232.673209 -4232.673209 -4232.673210 -4232.673210 -4232.673210 -4232.673210 -4232.673210 -4232.673210 -4232.673211 -4232.673222 -4232.670964 -4193.601105 -1920.241212 -1400.172300 -1355.570163 -1348.169012 -1347.008295 -1346.838947 -1346.813916 -1346.810792 -1346.811278 -1346.812239 -1346.813093 -1346.813762 -1346.814273 -1346.814664 -1346.814969 -1346.815210 -1346.815406 -1346.815569 -1346.815714 -1346.815856 -1346.816014 -1346.816211 -1346.816485 -1346.816888 -1346.817507 -1346.818480 -1346.820036 -1346.822564 -1346.826745 -1346.833808 -1346.846059 -1346.867938 -1346.908206 -1346.984420 -1347.132417 -1347.427883 -1348.041176 -1349.389170 -1352.569812 -1360.708515 -1384.616005 -9999.0 -9999.0
-9999.0 -9999.0 732.032811 637.970060 542.781846 446.747960 350.308382 253.691427 157.013263 60.334972 -36.298193 -132.864199 -229.314305 -325.529991 -421.309907 -516.354374 -610.214700 -703.522458 -796.934167 -889.176224 -979.880777 -1064.248401 -1135.104440 -1193.341774 -1238.760707 -1272.595807 -1296.868138 -1313.759130 -1325.226309 -1332.853235 -1337.841192 -1341.059703 -1343.115535 -1344.419696 -1345.244047 -1345.767253 -1346.113337 -1346.401056 -1346.934106 -1349.298977 -1361.715886 -1433.463498 -2040.813846 -4208.722142 -4232.672088 -4232.673232 -4232.673213 -4232.673210 -4232.673209 -4232.673209 -4232.673209 -4232.673210 -4232.673210 -4232.673210 -4232.673210 -4232.673210 -4232.673210 -4232.673211 -4232.673222 -4232.670964 -4193.601105 -1920.241212 -1400.172300 -1355.570163 -1348.169012 -1347.008295 -1346.838947 -1346.813916 -1346.810792 -1346.811278 -1346.812239 -1346.813093 -1346.813762 -1346.814273 -1346.814664 -1346.814969 -1346.815210 -1346.815406 -1346.815569 -1346.815714 -1346.815856 -1346.816014 -1346.816211 -1346.816485 -1346.816888 -1346.817507 -1346.818480 -1346.820036 -1346.822564 -1346.826745 -1346.833808 -1346.846059 -1346.867938 -1346.908206 -1346.984420 -1347.132417 -1347.427883 -1348.041176 -1349.389170 -1352.569812 -1360.708515 -1384.616005 -9999.0 -9999.0
-9999.0 -9999.0 732.031327 637.969280 542.781525 446.747839 350.308338 253.691411 157.013257 60.334970 -36.298194 -132.864200 -229.314305 -325.529991 -421.309907 -516.354374 -610.214700 -703.522458 -796.934167 -889.176224 -979.880777 -1064.248401 -1135.104440 -1193.341774 -1238.760707 -1272.595807 -1296.868138 -1313.759130 -1325.226309 -1332.853235 -1337.841192 -1341.059703 -1343.115535 -1344.419696 -1345.244047 -1345.767253 -1346.113337 -1346.401056 -1346.934106 -1349.298977 -1361.715886 -1433.463498 -2040.813846 -4208.722142 -4232.672088 -4232.673232 -4232.673213 -4232.673210 -4232.673209 -4232.673209 -4232.673209 -4232.673210 -4232.673210 -4232.673210 -4232.673210 -4232.673210 -4232.673210 -4232.673211 -4232.673222 -4232.670964 -4193.601105 -1920.241212 -1400.172300 -1355.570163 -1348.169012 -1347.008295 -1346.838947 -1346.813916 -1346.810792 -1346.811278 -1346.812239 -1346.813093 -1346.813762 -1346.814273 -1346.814664 -1346.814969 -1346.815210 -1346.815406 -1346.815569 -1346.815714 -1346.815856 -1346.816014 -1346.816211 -1346.816485 -1346.816888 -1346.817507 -1346.818480 -1346.820036 -1346.822564 -1346.826745 -1346.833808 -1346.846059 -1346.867938 -1346.908206 -1346.984420 -1347.132417 -1347.427883 -1348.041176 -1349.389170 -1352.569812 -1360.708515 -1384.616005 -9999.0 -9999.0
-9999.0 -9999.0 732.026615 637.967701 542.781044 446.747688 350.308289 253.691394 157.013251 60.334968 -36.298195 -132.864200 -229.314305 -325.529991 -421.309907 -516.354374 -610.214700 -703.522458 -796.934166 -889.176224 -979.880776 -1064.248400 -1135.104439 -1193.341774 -1238.760707 -1272.595807 -1296.868138 -1313.759130 -1325.226309 -1332.853234 -1337.841192 -1341.059703 -1343.115535 -1344.419696 -1345.244047 -1345.767253 -1346.113337 -1346.401056 -1346.934106 -1349.298977 -1361.715886 -1433.463498 -2040.813846 -4208.722142 -4232.672088 -4232.673232 -4232.673213 -4232.673210 -4232.673209 -4232.673209 -4232.673209 -4232.673210 -4232.673210 -4232.673210 -4232.673210 -4232.673210 -4232.673210 -4232.673211 -4232.673222 -4232.670964 -4193.601105 -1920.241212 -1400.172300 -1355.570163 -1348.169012 -1347.008295 -1346.838947 -1346.813916 -1346.810792 -1346.811278 -1346.812239 -1346.813093 -1346.813762 -1346.814273 -1346.814664 -1346.814969 -1346.815210 -1346.815406 -1346.815569 -1346.815714 -1346.815856 -1346.816014 -1346.816211 -1346.816485 -1346.816888 -1346.817507 -1346.818480 -1346.820036 -1346.822564 -1346.826745 -1346.833808 -1346.846059 -1346.867938 -1346.908206 -1346.984420 -1347.132417 -1347.427883 -1348.041176 -1349.389170 -1352.569812 -1360.708515 -1384.616005 -9999.0 -9999.0
-9999.0 -9999.0 -9999.0 -9999.0 -9999.0 -9999.0 -9999.0 -9999.0 -9999.0 -9999.0 -9999.0 -9999.0 -9999.0 -9999.0 -9999.0 -9999.0 -9999.0 -9999.0 -9999.0 -9999.0 -9999.0 -9999.0 -9999.0 -9999.0 -9999.0 -9999.0 -9999.0 -9999.0 -9999.0 -9999.0 -9999.0 -9999.0 -9999.0 -9999.0 -9999.0 -9999.0 -9999.0 -9999.0 -9999.0 -9999.0 -9999.0 -9999.0 -9999.0 -9999.0 -9999.0 -9999.0 -9999.0 -9999.0 -9999.0 -9999.0 -9999.0 -9999.0 -9999.0 -9999.0 -9999.0 -9999.0 -9999.0 -9999.0 -9999.0 -9999.0 -9999.0 -9999.0 -9999.0 -9999.0 -9999.0 -9999.0 -9999.0 -9999.0 -9999.0 -9999.0 -9999.0 -9999.0 -9999.0 -9999.0 -9999.0 -9999.0 -9999.0 -9999.0 -9999.0 -9999.0 -9999.0 -9999.0 -9999.0 -9999.0 -9999.0 -9999.0 -9999.0 -9999.0 -9999.0 -9999.0 -9999.0 -9999.0 -9999.0 -9999.0 -9999.0 -9999.0 -9999.0 -9999.0 -9999.0 -9999.0 -9999.0 -9999.0 -9999.0 -9999.0
-9999.0 -9999.0 -9999.0 -9999.0 -9999.0 -9999.0 -9999.0 -9999.0 -9999.0 -9999.0 -9999.0 -9999.0 -9999.0 -9999.0 -9999.0 -9999.0 -9999.0 -9999.0 -9999.0 -9999.0 -9999.0 -9999.0 -9999.0 -9999.0 -9999.0 -9999.0 -9999.0 -9999.0 -9999.0 -9999.0 -9999.0 -9999.0 -9999.0 -9999.0 -9999.0 -9999.0 -9999.0 -9999.0 -9999.0 -9999.0 -9999.0 -9999.0 -9999.0 -9999.0 -9999.0 -9999.0 -9999.0 -9999.0 -9999.0 -9999.0 -9999.0 -9999.0 -9999.0 -9999.0 -9999.0 -9999.0 -9999.0 -9999.0 -9999.0 -9999.0 -9999.0 -9999.0 -9999.0 -9999.0 -9999.0 -9999.0 -9999.0 -9999.0 -9999.0 -9999.0 -9999.0 -9999.0 -9999.0 -9999.0 -9999.0 -9999.0 -9999.0 -9999.0 -9999.0 -9999.0 -9999.0 -9999.0 -9999.0 -9999.0 -9999.0 -9999.0 -9999.0 -9999.0 -9999.0 -9999.0 -9999.0 -9999.0 -9999.0 -9999.0 -9999.0 -9999.0 -9999.0 -9999.0 -9999.0 -9999.0 -9999.0 -9999.0 -9999.0 -9999.0