inst/processing_geotop_simulation/geotop_simulation/out/maps3D/PwL0019N0452.asc
ncols         104
nrows         10
xllcorner     -2.000000
yllcorner     0.000000
cellsize      1.000000
NODATA_value  -9999.0
-9999.0 -9999.0 -9999.0 -9999.0 -9999.0 -9999.0 -9999.0 -9999.0 -9999.0 -9999.0 -9999.0 -9999.0 -9999.0 -9999.0 -9999.0 -9999.0 -9999.0 -9999.0 -9999.0 -9999.0 -9999.0 -9999.0 -9999.0 -9999.0 -9999.0 -9999.0 -9999.0 -9999.0 -9999.0 -9999.0 -9999.0 -9999.0 -9999.0 -9999.0 -9999.0 -9999.0 -9999.0 -9999.0 -9999.0 -9999.0 -9999.0 -9999.0 -9999.0 -9999.0 -9999.0 -9999.0 -9999.0 -9999.0 -9999.0 -9999.0 -9999.0 -9999.0 -9999.0 -9999.0 -9999.0 -9999.0 -9999.0 -9999.0 -9999.0 -9999.0 -9999.0 -9999.0 -9999.0 -9999.0 -9999.0 -9999.0 -9999.0 -9999.0 -9999.0 -9999.0 -9999.0 -9999.0 -9999.0 -9999.0 -9999.0 -9999.0 -9999.0 -9999.0 -9999.0 -9999.0 -9999.0 -9999.0 -9999.0 -9999.0 -9999.0 -9999.0 -9999.0 -9999.0 -9999.0 -9999.0 -9999.0 -9999.0 -9999.0 -9999.0 -9999.0 -9999.0 -9999.0 -9999.0 -9999.0 -9999.0 -9999.0 -9999.0 -9999.0 -9999.0
-9999.0 -9999.0 -9999.0 -9999.0 -9999.0 -9999.0 -9999.0 -9999.0 -9999.0 -9999.0 -9999.0 -9999.0 -9999.0 -9999.0 -9999.0 -9999.0 -9999.0 -9999.0 -9999.0 -9999.0 -9999.0 -9999.0 -9999.0 -9999.0 -9999.0 -9999.0 -9999.0 -9999.0 -9999.0 -9999.0 -9999.0 -9999.0 -9999.0 -9999.0 -9999.0 -9999.0 -9999.0 -9999.0 -9999.0 -9999.0 -9999.0 -9999.0 -9999.0 -9999.0 -9999.0 -9999.0 -9999.0 -9999.0 -9999.0 -9999.0 -9999.0 -9999.0 -9999.0 -9999.0 -9999.0 -9999.0 -9999.0 -9999.0 -9999.0 -9999.0 -9999.0 -9999.0 -9999.0 -9999.0 -9999.0 -9999.0 -9999.0 -9999.0 -9999.0 -9999.0 -9999.0 -9999.0 -9999.0 -9999.0 -9999.0 -9999.0 -9999.0 -9999.0 -9999.0 -9999.0 -9999.0 -9999.0 -9999.0 -9999.0 -9999.0 -9999.0 -9999.0 -9999.0 -9999.0 -9999.0 -9999.0 -9999.0 -9999.0 -9999.0 -9999.0 -9999.0 -9999.0 -9999.0 -9999.0 -9999.0 -9999.0 -9999.0 -9999.0 -9999.0
-9999.0 -9999.0 918.511222 819.348498 720.106039 620.756320 521.349120 421.916531 322.476105 223.037405 123.605768 24.184687 -75.221288 -174.612159 -273.981854 -373.315784 -472.587486 -571.749240 -670.716692 -769.553947 -868.349604 -966.875925 -1064.969612 -1160.966681 -1252.106462 -1337.243017 -1414.409160 -1482.032907 -1539.240963 -1585.988016 -1622.975328 -1651.417451 -1672.764398 -1688.468858 -1699.838291 -1707.970900 -1713.762888 -1718.005110 -1721.676123 -1726.542336 -1735.064165 -1747.889964 -1856.885702 -3892.159337 -4034.562356 -4034.576157 -4032.967015 -4020.029802 -3975.211428 -3879.039586 -3730.127600 -3528.454674 -3371.405532 -3259.176395 -3149.805620 -3032.347886 -2904.772342 -2771.061518 -2637.223105 -2506.451668 -2339.022173 -1609.611607 -1703.183974 -1727.454511 -1728.040561 -1727.222301 -1726.944032 -1726.881788 -1726.870523 -1726.869108 -1726.869379 -1726.869870 -1726.870334 -1726.870744 -1726.871108 -1726.871438 -1726.871746 -1726.872040 -1726.872327 -1726.872613 -1726.872907 -1726.873218 -1726.873559 -1726.873950 -1726.874418 -1726.875011 -1726.875801 -1726.876915 -1726.878570 -1726.881154 -1726.885388 -1726.892657 -1726.905688 -1726.930025 -1726.977303 -1727.073132 -1727.277370 -1727.739564 -1728.859491 -1731.790967 -1740.182594 -1766.812427 -9999.0 -9999.0
-9999.0 -9999.0 918.514020 819.349551 720.106382 620.756432 521.349157 421.916545 322.476111 223.037408 123.605769 24.184688 -75.221288 -174.612158 -273.981853 -373.315784 -472.587486 -571.749240 -670.716692 -769.553948 -868.349604 -966.875925 -1064.969613 -1160.966681 -1252.106462 -1337.243017 -1414.409160 -1482.032907 -1539.240963 -1585.988016 -1622.975328 -1651.417451 -1672.764398 -1688.468858 -1699.838291 -1707.970900 -1713.762888 -1718.005110 -1721.676123 -1726.542336 -1735.064165 -1747.889964 -1856.885702 -3892.159336 -4034.562356 -4034.576157 -4032.967015 -4020.029802 -3975.211428 -3879.039585 -3730.127597 -3528.454672 -3371.405532 -3259.176394 -3149.805620 -3032.347885 -2904.772341 -2771.061518 -2637.223104 -2506.451668 -2339.022173 -1609.611607 -1703.183974 -1727.454511 -1728.040561 -1727.222301 -1726.944032 -1726.881788 -1726.870523 -1726.869108 -1726.869379 -1726.869870 -1726.870334 -1726.870744 -1726.871108 -1726.871438 -1726.871746 -1726.872040 -1726.872327 -1726.872613 -1726.872907 -1726.873218 -1726.873559 -1726.873950 -1726.874418 -1726.875011 -1726.875801 -1726.876915 -1726.878570 -1726.881154 -1726.885388 -1726.892657 -1726.905688 -1726.930025 -1726.977303 -1727.073132 -1727.277370 -1727.739564 -1728.859491 -1731.790967 -1740.182594 -1766.812427 -9999.0 -9999.0
-9999.0 -9999.0 918.515069 819.350112 720.106618 620.756522 521.349191 421.916557 322.476115 223.037410 123.605770 24.184688 -75.221287 -174.612158 -273.981853 -373.315784 -472.587486 -571.749240 -670.716692 -769.553948 -868.349604 -966.875926 -1064.969613 -1160.966682 -1252.106463 -1337.243017 -1414.409160 -1482.032907 -1539.240963 -1585.988016 -1622.975328 -1651.417451 -1672.764398 -1688.468858 -1699.838291 -1707.970900 -1713.762888 -1718.005110 -1721.676123 -1726.542336 -1735.064165 -1747.889964 -1856.885702 -3892.159336 -4034.562356 -4034.576157 -4032.967015 -4020.029802 -3975.211428 -3879.039584 -3730.127596 -3528.454672 -3371.405532 -3259.176394 -3149.805620 -3032.347885 -2904.772341 -2771.061517 -2637.223104 -2506.451668 -2339.022173 -1609.611607 -1703.183974 -1727.454511 -1728.040561 -1727.222301 -1726.944032 -1726.881788 -1726.870523 -1726.869108 -1726.869379 -1726.869870 -1726.870334 -1726.870744 -1726.871108 -1726.871438 -1726.871746 -1726.872040 -1726.872327 -1726.872613 -1726.872907 -1726.873218 -1726.873559 -1726.873950 -1726.874418 -1726.875011 -1726.875801 -1726.876915 -1726.878570 -1726.881154 -1726.885388 -1726.892657 -1726.905688 -1726.930025 -1726.977303 -1727.073132 -1727.277370 -1727.739564 -1728.859491 -1731.790967 -1740.182594 -1766.812427 -9999.0 -9999.0
-9999.0 -9999.0 918.515069 819.350112 720.106618 620.756522 521.349191 421.916557 322.476115 223.037410 123.605770 24.184688 -75.221287 -174.612158 -273.981853 -373.315784 -472.587486 -571.749240 -670.716692 -769.553948 -868.349604 -966.875926 -1064.969613 -1160.966682 -1252.106463 -1337.243017 -1414.409160 -1482.032907 -1539.240963 -1585.988016 -1622.975328 -1651.417451 -1672.764398 -1688.468858 -1699.838291 -1707.970900 -1713.762888 -1718.005110 -1721.676123 -1726.542336 -1735.064165 -1747.889964 -1856.885702 -3892.159336 -4034.562356 -4034.576157 -4032.967015 -4020.029802 -3975.211428 -3879.039584 -3730.127596 -3528.454672 -3371.405532 -3259.176394 -3149.805619 -3032.347885 -2904.772341 -2771.061517 -2637.223104 -2506.451668 -2339.022173 -1609.611607 -1703.183974 -1727.454511 -1728.040561 -1727.222301 -1726.944032 -1726.881788 -1726.870523 -1726.869108 -1726.869379 -1726.869870 -1726.870334 -1726.870744 -1726.871108 -1726.871438 -1726.871746 -1726.872040 -1726.872327 -1726.872613 -1726.872907 -1726.873218 -1726.873559 -1726.873950 -1726.874418 -1726.875011 -1726.875801 -1726.876915 -1726.878570 -1726.881154 -1726.885388 -1726.892657 -1726.905688 -1726.930025 -1726.977303 -1727.073132 -1727.277370 -1727.739564 -1728.859491 -1731.790967 -1740.182594 -1766.812427 -9999.0 -9999.0
-9999.0 -9999.0 918.514020 819.349551 720.106382 620.756432 521.349157 421.916545 322.476111 223.037408 123.605769 24.184688 -75.221288 -174.612158 -273.981854 -373.315784 -472.587486 -571.749240 -670.716692 -769.553948 -868.349604 -966.875925 -1064.969613 -1160.966681 -1252.106462 -1337.243017 -1414.409160 -1482.032907 -1539.240963 -1585.988016 -1622.975328 -1651.417451 -1672.764398 -1688.468858 -1699.838291 -1707.970900 -1713.762888 -1718.005110 -1721.676123 -1726.542336 -1735.064165 -1747.889964 -1856.885702 -3892.159336 -4034.562356 -4034.576157 -4032.967015 -4020.029802 -3975.211428 -3879.039584 -3730.127597 -3528.454672 -3371.405532 -3259.176394 -3149.805620 -3032.347885 -2904.772341 -2771.061518 -2637.223104 -2506.451668 -2339.022173 -1609.611607 -1703.183974 -1727.454511 -1728.040561 -1727.222301 -1726.944032 -1726.881788 -1726.870523 -1726.869108 -1726.869379 -1726.869870 -1726.870334 -1726.870744 -1726.871108 -1726.871438 -1726.871746 -1726.872040 -1726.872327 -1726.872613 -1726.872907 -1726.873218 -1726.873559 -1726.873950 -1726.874418 -1726.875011 -1726.875801 -1726.876915 -1726.878570 -1726.881154 -1726.885388 -1726.892657 -1726.905688 -1726.930025 -1726.977303 -1727.073132 -1727.277370 -1727.739564 -1728.859491 -1731.790967 -1740.182594 -1766.812427 -9999.0 -9999.0
-9999.0 -9999.0 918.511222 819.348498 720.106039 620.756320 521.349120 421.916531 322.476105 223.037405 123.605768 24.184687 -75.221288 -174.612159 -273.981854 -373.315784 -472.587486 -571.749240 -670.716692 -769.553947 -868.349604 -966.875925 -1064.969612 -1160.966681 -1252.106462 -1337.243017 -1414.409160 -1482.032907 -1539.240963 -1585.988016 -1622.975328 -1651.417451 -1672.764398 -1688.468858 -1699.838291 -1707.970900 -1713.762888 -1718.005110 -1721.676123 -1726.542336 -1735.064165 -1747.889964 -1856.885702 -3892.159337 -4034.562356 -4034.576157 -4032.967015 -4020.029802 -3975.211428 -3879.039586 -3730.127600 -3528.454674 -3371.405532 -3259.176395 -3149.805620 -3032.347886 -2904.772341 -2771.061518 -2637.223105 -2506.451669 -2339.022174 -1609.611607 -1703.183974 -1727.454511 -1728.040561 -1727.222301 -1726.944032 -1726.881788 -1726.870523 -1726.869108 -1726.869379 -1726.869870 -1726.870334 -1726.870744 -1726.871108 -1726.871438 -1726.871746 -1726.872040 -1726.872327 -1726.872613 -1726.872907 -1726.873218 -1726.873559 -1726.873950 -1726.874418 -1726.875011 -1726.875801 -1726.876915 -1726.878570 -1726.881154 -1726.885388 -1726.892657 -1726.905688 -1726.930025 -1726.977303 -1727.073132 -1727.277370 -1727.739564 -1728.859491 -1731.790967 -1740.182594 -1766.812427 -9999.0 -9999.0
-9999.0 -9999.0 -9999.0 -9999.0 -9999.0 -9999.0 -9999.0 -9999.0 -9999.0 -9999.0 -9999.0 -9999.0 -9999.0 -9999.0 -9999.0 -9999.0 -9999.0 -9999.0 -9999.0 -9999.0 -9999.0 -9999.0 -9999.0 -9999.0 -9999.0 -9999.0 -9999.0 -9999.0 -9999.0 -9999.0 -9999.0 -9999.0 -9999.0 -9999.0 -9999.0 -9999.0 -9999.0 -9999.0 -9999.0 -9999.0 -9999.0 -9999.0 -9999.0 -9999.0 -9999.0 -9999.0 -9999.0 -9999.0 -9999.0 -9999.0 -9999.0 -9999.0 -9999.0 -9999.0 -9999.0 -9999.0 -9999.0 -9999.0 -9999.0 -9999.0 -9999.0 -9999.0 -9999.0 -9999.0 -9999.0 -9999.0 -9999.0 -9999.0 -9999.0 -9999.0 -9999.0 -9999.0 -9999.0 -9999.0 -9999.0 -9999.0 -9999.0 -9999.0 -9999.0 -9999.0 -9999.0 -9999.0 -9999.0 -9999.0 -9999.0 -9999.0 -9999.0 -9999.0 -9999.0 -9999.0 -9999.0 -9999.0 -9999.0 -9999.0 -9999.0 -9999.0 -9999.0 -9999.0 -9999.0 -9999.0 -9999.0 -9999.0 -9999.0 -9999.0
-9999.0 -9999.0 -9999.0 -9999.0 -9999.0 -9999.0 -9999.0 -9999.0 -9999.0 -9999.0 -9999.0 -9999.0 -9999.0 -9999.0 -9999.0 -9999.0 -9999.0 -9999.0 -9999.0 -9999.0 -9999.0 -9999.0 -9999.0 -9999.0 -9999.0 -9999.0 -9999.0 -9999.0 -9999.0 -9999.0 -9999.0 -9999.0 -9999.0 -9999.0 -9999.0 -9999.0 -9999.0 -9999.0 -9999.0 -9999.0 -9999.0 -9999.0 -9999.0 -9999.0 -9999.0 -9999.0 -9999.0 -9999.0 -9999.0 -9999.0 -9999.0 -9999.0 -9999.0 -9999.0 -9999.0 -9999.0 -9999.0 -9999.0 -9999.0 -9999.0 -9999.0 -9999.0 -9999.0 -9999.0 -9999.0 -9999.0 -9999.0 -9999.0 -9999.0 -9999.0 -9999.0 -9999.0 -9999.0 -9999.0 -9999.0 -9999.0 -9999.0 -9999.0 -9999.0 -9999.0 -9999.0 -9999.0 -9999.0 -9999.0 -9999.0 -9999.0 -9999.0 -9999.0 -9999.0 -9999.0 -9999.0 -9999.0 -9999.0 -9999.0 -9999.0 -9999.0 -9999.0 -9999.0 -9999.0 -9999.0 -9999.0 -9999.0 -9999.0 -9999.0