inst/processing_geotop_simulation/geotop_simulation/out/maps3D/PwL0006N0307.asc
ncols         104
nrows         10
xllcorner     -2.000000
yllcorner     0.000000
cellsize      1.000000
NODATA_value  -9999.0
-9999.0 -9999.0 -9999.0 -9999.0 -9999.0 -9999.0 -9999.0 -9999.0 -9999.0 -9999.0 -9999.0 -9999.0 -9999.0 -9999.0 -9999.0 -9999.0 -9999.0 -9999.0 -9999.0 -9999.0 -9999.0 -9999.0 -9999.0 -9999.0 -9999.0 -9999.0 -9999.0 -9999.0 -9999.0 -9999.0 -9999.0 -9999.0 -9999.0 -9999.0 -9999.0 -9999.0 -9999.0 -9999.0 -9999.0 -9999.0 -9999.0 -9999.0 -9999.0 -9999.0 -9999.0 -9999.0 -9999.0 -9999.0 -9999.0 -9999.0 -9999.0 -9999.0 -9999.0 -9999.0 -9999.0 -9999.0 -9999.0 -9999.0 -9999.0 -9999.0 -9999.0 -9999.0 -9999.0 -9999.0 -9999.0 -9999.0 -9999.0 -9999.0 -9999.0 -9999.0 -9999.0 -9999.0 -9999.0 -9999.0 -9999.0 -9999.0 -9999.0 -9999.0 -9999.0 -9999.0 -9999.0 -9999.0 -9999.0 -9999.0 -9999.0 -9999.0 -9999.0 -9999.0 -9999.0 -9999.0 -9999.0 -9999.0 -9999.0 -9999.0 -9999.0 -9999.0 -9999.0 -9999.0 -9999.0 -9999.0 -9999.0 -9999.0 -9999.0 -9999.0
-9999.0 -9999.0 -9999.0 -9999.0 -9999.0 -9999.0 -9999.0 -9999.0 -9999.0 -9999.0 -9999.0 -9999.0 -9999.0 -9999.0 -9999.0 -9999.0 -9999.0 -9999.0 -9999.0 -9999.0 -9999.0 -9999.0 -9999.0 -9999.0 -9999.0 -9999.0 -9999.0 -9999.0 -9999.0 -9999.0 -9999.0 -9999.0 -9999.0 -9999.0 -9999.0 -9999.0 -9999.0 -9999.0 -9999.0 -9999.0 -9999.0 -9999.0 -9999.0 -9999.0 -9999.0 -9999.0 -9999.0 -9999.0 -9999.0 -9999.0 -9999.0 -9999.0 -9999.0 -9999.0 -9999.0 -9999.0 -9999.0 -9999.0 -9999.0 -9999.0 -9999.0 -9999.0 -9999.0 -9999.0 -9999.0 -9999.0 -9999.0 -9999.0 -9999.0 -9999.0 -9999.0 -9999.0 -9999.0 -9999.0 -9999.0 -9999.0 -9999.0 -9999.0 -9999.0 -9999.0 -9999.0 -9999.0 -9999.0 -9999.0 -9999.0 -9999.0 -9999.0 -9999.0 -9999.0 -9999.0 -9999.0 -9999.0 -9999.0 -9999.0 -9999.0 -9999.0 -9999.0 -9999.0 -9999.0 -9999.0 -9999.0 -9999.0 -9999.0 -9999.0
-9999.0 -9999.0 275.483414 178.577782 80.375852 -18.261557 -117.066757 -215.940421 -314.828528 -413.692116 -512.484861 -611.098350 -709.312379 -807.378070 -905.257290 -1003.103633 -1100.835643 -1197.171407 -1291.840668 -1383.811721 -1471.032111 -1550.271695 -1618.402168 -1673.837264 -1716.857382 -1749.026928 -1772.422051 -1789.083456 -1800.756678 -1808.826354 -1814.342879 -1818.079200 -1820.590905 -1822.269672 -1823.387547 -1824.133334 -1824.647210 -1825.082916 -1825.831761 -1828.238054 -1834.057970 -1809.762411 -1167.207895 -1193.656986 -1175.868787 -1164.315844 -1158.925753 -1158.133662 -1158.049989 -1158.058214 -1158.079667 -1158.102733 -1158.124899 -1158.145425 -1158.164481 -1158.186690 -1158.255967 -1158.724163 -1161.571220 -1167.930434 -1176.480340 -1138.001052 -1782.941695 -1827.671809 -1826.828940 -1825.917281 -1825.714775 -1825.679977 -1825.674878 -1825.674670 -1825.675188 -1825.675717 -1825.676144 -1825.676473 -1825.676728 -1825.676926 -1825.677084 -1825.677213 -1825.677322 -1825.677420 -1825.677517 -1825.677625 -1825.677761 -1825.677949 -1825.678226 -1825.678650 -1825.679317 -1825.680384 -1825.682123 -1825.685014 -1825.689933 -1825.698536 -1825.714037 -1825.742811 -1825.797749 -1825.905585 -1826.124274 -1826.588265 -1827.636302 -1830.208313 -1837.301588 -1860.530789 -9999.0 -9999.0
-9999.0 -9999.0 275.491627 178.579669 80.376345 -18.261412 -117.066711 -215.940405 -314.828522 -413.692113 -512.484860 -611.098349 -709.312378 -807.378070 -905.257290 -1003.103633 -1100.835643 -1197.171407 -1291.840668 -1383.811721 -1471.032111 -1550.271696 -1618.402168 -1673.837264 -1716.857382 -1749.026928 -1772.422051 -1789.083456 -1800.756678 -1808.826354 -1814.342879 -1818.079200 -1820.590905 -1822.269672 -1823.387547 -1824.133334 -1824.647210 -1825.082916 -1825.831761 -1828.238054 -1834.057970 -1809.762411 -1167.207895 -1193.656986 -1175.868786 -1164.315843 -1158.925753 -1158.133662 -1158.049989 -1158.058214 -1158.079667 -1158.102733 -1158.124899 -1158.145425 -1158.164481 -1158.186690 -1158.255967 -1158.724163 -1161.571220 -1167.930434 -1176.480340 -1138.001052 -1782.941695 -1827.671809 -1826.828940 -1825.917281 -1825.714775 -1825.679977 -1825.674878 -1825.674670 -1825.675188 -1825.675717 -1825.676144 -1825.676473 -1825.676728 -1825.676926 -1825.677084 -1825.677213 -1825.677322 -1825.677420 -1825.677517 -1825.677625 -1825.677761 -1825.677949 -1825.678226 -1825.678650 -1825.679317 -1825.680384 -1825.682123 -1825.685014 -1825.689933 -1825.698536 -1825.714037 -1825.742811 -1825.797749 -1825.905585 -1826.124274 -1826.588265 -1827.636302 -1830.208313 -1837.301588 -1860.530789 -9999.0 -9999.0
-9999.0 -9999.0 275.493050 178.580459 80.376658 -18.261298 -117.066670 -215.940391 -314.828517 -413.692111 -512.484859 -611.098349 -709.312378 -807.378070 -905.257290 -1003.103633 -1100.835643 -1197.171407 -1291.840668 -1383.811721 -1471.032111 -1550.271696 -1618.402168 -1673.837264 -1716.857382 -1749.026929 -1772.422052 -1789.083456 -1800.756678 -1808.826354 -1814.342879 -1818.079200 -1820.590905 -1822.269672 -1823.387547 -1824.133334 -1824.647210 -1825.082916 -1825.831761 -1828.238054 -1834.057970 -1809.762411 -1167.207895 -1193.656986 -1175.868786 -1164.315843 -1158.925753 -1158.133662 -1158.049989 -1158.058214 -1158.079667 -1158.102733 -1158.124899 -1158.145425 -1158.164481 -1158.186690 -1158.255967 -1158.724163 -1161.571220 -1167.930434 -1176.480340 -1138.001052 -1782.941695 -1827.671809 -1826.828940 -1825.917281 -1825.714775 -1825.679977 -1825.674878 -1825.674670 -1825.675188 -1825.675717 -1825.676144 -1825.676473 -1825.676728 -1825.676926 -1825.677084 -1825.677213 -1825.677322 -1825.677420 -1825.677517 -1825.677625 -1825.677761 -1825.677949 -1825.678226 -1825.678650 -1825.679317 -1825.680384 -1825.682123 -1825.685014 -1825.689933 -1825.698536 -1825.714037 -1825.742811 -1825.797749 -1825.905585 -1826.124274 -1826.588265 -1827.636302 -1830.208313 -1837.301588 -1860.530789 -9999.0 -9999.0
-9999.0 -9999.0 275.493050 178.580459 80.376658 -18.261298 -117.066670 -215.940391 -314.828517 -413.692112 -512.484859 -611.098349 -709.312378 -807.378070 -905.257290 -1003.103633 -1100.835643 -1197.171407 -1291.840668 -1383.811721 -1471.032111 -1550.271696 -1618.402168 -1673.837264 -1716.857382 -1749.026929 -1772.422052 -1789.083456 -1800.756678 -1808.826354 -1814.342879 -1818.079200 -1820.590905 -1822.269672 -1823.387547 -1824.133334 -1824.647210 -1825.082916 -1825.831761 -1828.238054 -1834.057970 -1809.762411 -1167.207895 -1193.656986 -1175.868786 -1164.315843 -1158.925753 -1158.133662 -1158.049989 -1158.058214 -1158.079667 -1158.102733 -1158.124899 -1158.145425 -1158.164481 -1158.186690 -1158.255967 -1158.724163 -1161.571220 -1167.930434 -1176.480340 -1138.001052 -1782.941695 -1827.671809 -1826.828940 -1825.917281 -1825.714775 -1825.679977 -1825.674878 -1825.674670 -1825.675188 -1825.675717 -1825.676144 -1825.676473 -1825.676728 -1825.676926 -1825.677084 -1825.677213 -1825.677322 -1825.677420 -1825.677517 -1825.677625 -1825.677761 -1825.677949 -1825.678226 -1825.678650 -1825.679317 -1825.680384 -1825.682123 -1825.685014 -1825.689933 -1825.698536 -1825.714037 -1825.742811 -1825.797749 -1825.905585 -1826.124274 -1826.588265 -1827.636302 -1830.208313 -1837.301588 -1860.530789 -9999.0 -9999.0
-9999.0 -9999.0 275.491627 178.579669 80.376345 -18.261412 -117.066711 -215.940405 -314.828522 -413.692113 -512.484860 -611.098349 -709.312379 -807.378070 -905.257290 -1003.103633 -1100.835643 -1197.171407 -1291.840668 -1383.811721 -1471.032111 -1550.271696 -1618.402168 -1673.837264 -1716.857382 -1749.026928 -1772.422051 -1789.083456 -1800.756678 -1808.826354 -1814.342879 -1818.079200 -1820.590905 -1822.269672 -1823.387547 -1824.133334 -1824.647210 -1825.082916 -1825.831761 -1828.238054 -1834.057970 -1809.762411 -1167.207895 -1193.656986 -1175.868786 -1164.315843 -1158.925753 -1158.133662 -1158.049989 -1158.058214 -1158.079667 -1158.102733 -1158.124899 -1158.145425 -1158.164481 -1158.186690 -1158.255967 -1158.724163 -1161.571220 -1167.930434 -1176.480340 -1138.001052 -1782.941695 -1827.671809 -1826.828940 -1825.917281 -1825.714775 -1825.679977 -1825.674878 -1825.674670 -1825.675188 -1825.675717 -1825.676144 -1825.676473 -1825.676728 -1825.676926 -1825.677084 -1825.677213 -1825.677322 -1825.677420 -1825.677517 -1825.677625 -1825.677761 -1825.677949 -1825.678226 -1825.678650 -1825.679317 -1825.680384 -1825.682123 -1825.685014 -1825.689933 -1825.698536 -1825.714037 -1825.742811 -1825.797749 -1825.905585 -1826.124274 -1826.588265 -1827.636302 -1830.208313 -1837.301588 -1860.530789 -9999.0 -9999.0
-9999.0 -9999.0 275.483414 178.577782 80.375852 -18.261557 -117.066757 -215.940421 -314.828528 -413.692116 -512.484861 -611.098350 -709.312379 -807.378070 -905.257290 -1003.103633 -1100.835643 -1197.171407 -1291.840668 -1383.811721 -1471.032111 -1550.271695 -1618.402168 -1673.837264 -1716.857382 -1749.026928 -1772.422051 -1789.083456 -1800.756678 -1808.826354 -1814.342879 -1818.079200 -1820.590905 -1822.269672 -1823.387547 -1824.133334 -1824.647210 -1825.082916 -1825.831761 -1828.238054 -1834.057970 -1809.762411 -1167.207895 -1193.656986 -1175.868787 -1164.315844 -1158.925753 -1158.133662 -1158.049989 -1158.058214 -1158.079667 -1158.102733 -1158.124899 -1158.145425 -1158.164481 -1158.186690 -1158.255967 -1158.724163 -1161.571220 -1167.930434 -1176.480340 -1138.001052 -1782.941695 -1827.671809 -1826.828940 -1825.917281 -1825.714775 -1825.679977 -1825.674878 -1825.674670 -1825.675188 -1825.675717 -1825.676144 -1825.676473 -1825.676728 -1825.676926 -1825.677084 -1825.677213 -1825.677322 -1825.677420 -1825.677517 -1825.677625 -1825.677761 -1825.677949 -1825.678226 -1825.678650 -1825.679317 -1825.680384 -1825.682123 -1825.685014 -1825.689933 -1825.698536 -1825.714037 -1825.742811 -1825.797749 -1825.905585 -1826.124274 -1826.588265 -1827.636302 -1830.208313 -1837.301588 -1860.530789 -9999.0 -9999.0
-9999.0 -9999.0 -9999.0 -9999.0 -9999.0 -9999.0 -9999.0 -9999.0 -9999.0 -9999.0 -9999.0 -9999.0 -9999.0 -9999.0 -9999.0 -9999.0 -9999.0 -9999.0 -9999.0 -9999.0 -9999.0 -9999.0 -9999.0 -9999.0 -9999.0 -9999.0 -9999.0 -9999.0 -9999.0 -9999.0 -9999.0 -9999.0 -9999.0 -9999.0 -9999.0 -9999.0 -9999.0 -9999.0 -9999.0 -9999.0 -9999.0 -9999.0 -9999.0 -9999.0 -9999.0 -9999.0 -9999.0 -9999.0 -9999.0 -9999.0 -9999.0 -9999.0 -9999.0 -9999.0 -9999.0 -9999.0 -9999.0 -9999.0 -9999.0 -9999.0 -9999.0 -9999.0 -9999.0 -9999.0 -9999.0 -9999.0 -9999.0 -9999.0 -9999.0 -9999.0 -9999.0 -9999.0 -9999.0 -9999.0 -9999.0 -9999.0 -9999.0 -9999.0 -9999.0 -9999.0 -9999.0 -9999.0 -9999.0 -9999.0 -9999.0 -9999.0 -9999.0 -9999.0 -9999.0 -9999.0 -9999.0 -9999.0 -9999.0 -9999.0 -9999.0 -9999.0 -9999.0 -9999.0 -9999.0 -9999.0 -9999.0 -9999.0 -9999.0 -9999.0
-9999.0 -9999.0 -9999.0 -9999.0 -9999.0 -9999.0 -9999.0 -9999.0 -9999.0 -9999.0 -9999.0 -9999.0 -9999.0 -9999.0 -9999.0 -9999.0 -9999.0 -9999.0 -9999.0 -9999.0 -9999.0 -9999.0 -9999.0 -9999.0 -9999.0 -9999.0 -9999.0 -9999.0 -9999.0 -9999.0 -9999.0 -9999.0 -9999.0 -9999.0 -9999.0 -9999.0 -9999.0 -9999.0 -9999.0 -9999.0 -9999.0 -9999.0 -9999.0 -9999.0 -9999.0 -9999.0 -9999.0 -9999.0 -9999.0 -9999.0 -9999.0 -9999.0 -9999.0 -9999.0 -9999.0 -9999.0 -9999.0 -9999.0 -9999.0 -9999.0 -9999.0 -9999.0 -9999.0 -9999.0 -9999.0 -9999.0 -9999.0 -9999.0 -9999.0 -9999.0 -9999.0 -9999.0 -9999.0 -9999.0 -9999.0 -9999.0 -9999.0 -9999.0 -9999.0 -9999.0 -9999.0 -9999.0 -9999.0 -9999.0 -9999.0 -9999.0 -9999.0 -9999.0 -9999.0 -9999.0 -9999.0 -9999.0 -9999.0 -9999.0 -9999.0 -9999.0 -9999.0 -9999.0 -9999.0 -9999.0 -9999.0 -9999.0 -9999.0 -9999.0