inst/processing_geotop_simulation/geotop_simulation/out/maps3D/PwL0001N0071.asc
ncols         104
nrows         10
xllcorner     -2.000000
yllcorner     0.000000
cellsize      1.000000
NODATA_value  -9999.0
-9999.0 -9999.0 -9999.0 -9999.0 -9999.0 -9999.0 -9999.0 -9999.0 -9999.0 -9999.0 -9999.0 -9999.0 -9999.0 -9999.0 -9999.0 -9999.0 -9999.0 -9999.0 -9999.0 -9999.0 -9999.0 -9999.0 -9999.0 -9999.0 -9999.0 -9999.0 -9999.0 -9999.0 -9999.0 -9999.0 -9999.0 -9999.0 -9999.0 -9999.0 -9999.0 -9999.0 -9999.0 -9999.0 -9999.0 -9999.0 -9999.0 -9999.0 -9999.0 -9999.0 -9999.0 -9999.0 -9999.0 -9999.0 -9999.0 -9999.0 -9999.0 -9999.0 -9999.0 -9999.0 -9999.0 -9999.0 -9999.0 -9999.0 -9999.0 -9999.0 -9999.0 -9999.0 -9999.0 -9999.0 -9999.0 -9999.0 -9999.0 -9999.0 -9999.0 -9999.0 -9999.0 -9999.0 -9999.0 -9999.0 -9999.0 -9999.0 -9999.0 -9999.0 -9999.0 -9999.0 -9999.0 -9999.0 -9999.0 -9999.0 -9999.0 -9999.0 -9999.0 -9999.0 -9999.0 -9999.0 -9999.0 -9999.0 -9999.0 -9999.0 -9999.0 -9999.0 -9999.0 -9999.0 -9999.0 -9999.0 -9999.0 -9999.0 -9999.0 -9999.0
-9999.0 -9999.0 -9999.0 -9999.0 -9999.0 -9999.0 -9999.0 -9999.0 -9999.0 -9999.0 -9999.0 -9999.0 -9999.0 -9999.0 -9999.0 -9999.0 -9999.0 -9999.0 -9999.0 -9999.0 -9999.0 -9999.0 -9999.0 -9999.0 -9999.0 -9999.0 -9999.0 -9999.0 -9999.0 -9999.0 -9999.0 -9999.0 -9999.0 -9999.0 -9999.0 -9999.0 -9999.0 -9999.0 -9999.0 -9999.0 -9999.0 -9999.0 -9999.0 -9999.0 -9999.0 -9999.0 -9999.0 -9999.0 -9999.0 -9999.0 -9999.0 -9999.0 -9999.0 -9999.0 -9999.0 -9999.0 -9999.0 -9999.0 -9999.0 -9999.0 -9999.0 -9999.0 -9999.0 -9999.0 -9999.0 -9999.0 -9999.0 -9999.0 -9999.0 -9999.0 -9999.0 -9999.0 -9999.0 -9999.0 -9999.0 -9999.0 -9999.0 -9999.0 -9999.0 -9999.0 -9999.0 -9999.0 -9999.0 -9999.0 -9999.0 -9999.0 -9999.0 -9999.0 -9999.0 -9999.0 -9999.0 -9999.0 -9999.0 -9999.0 -9999.0 -9999.0 -9999.0 -9999.0 -9999.0 -9999.0 -9999.0 -9999.0 -9999.0 -9999.0
-9999.0 -9999.0 -307.987540 -411.833577 -521.437195 -648.179741 -820.060480 -1029.487599 -1190.289270 -1254.290220 -1207.780996 -1176.481858 -1180.887243 -1198.050066 -1234.329326 -1275.940963 -1296.875202 -1298.103501 -1289.377247 -1279.273474 -1271.875143 -1268.283128 -1268.245403 -1271.019213 -1275.719972 -1281.458326 -1287.409706 -1292.913253 -1297.562979 -1301.218316 -1303.932529 -1305.858987 -1307.178087 -1308.054396 -1308.619536 -1308.972124 -1309.195548 -1309.394445 -1309.630846 -1309.868972 -1313.234369 -1334.391774 -862.860486 -855.527249 -843.854446 -836.745554 -833.427864 -832.973152 -832.929958 -832.944622 -832.969288 -832.995247 -833.020138 -833.043155 -833.064200 -833.085640 -833.131618 -833.411202 -835.205474 -839.370447 -846.432003 -846.272993 -1319.754838 -1312.553728 -1310.246873 -1309.801527 -1309.704648 -1309.687492 -1309.687710 -1309.690972 -1309.694157 -1309.696696 -1309.698615 -1309.700056 -1309.701152 -1309.701998 -1309.702666 -1309.703202 -1309.703643 -1309.704027 -1309.704393 -1309.704789 -1309.705277 -1309.705945 -1309.706923 -1309.708417 -1309.710755 -1309.714470 -1309.720451 -1309.730217 -1309.746448 -1309.774040 -1309.822252 -1309.909093 -1310.070211 -1310.376521 -1310.968462 -1312.123390 -1314.400540 -1319.005773 -1328.820739 -1352.353390 -9999.0 -9999.0
-9999.0 -9999.0 -307.987541 -411.833578 -521.437195 -648.179741 -820.060479 -1029.487599 -1190.289270 -1254.290220 -1207.780996 -1176.481858 -1180.887243 -1198.050066 -1234.329326 -1275.940963 -1296.875202 -1298.103501 -1289.377247 -1279.273474 -1271.875143 -1268.283128 -1268.245403 -1271.019213 -1275.719972 -1281.458326 -1287.409706 -1292.913253 -1297.562979 -1301.218316 -1303.932529 -1305.858987 -1307.178087 -1308.054396 -1308.619536 -1308.972124 -1309.195548 -1309.394445 -1309.630846 -1309.868972 -1313.234369 -1334.391774 -862.860486 -855.527249 -843.854445 -836.745554 -833.427864 -832.973152 -832.929958 -832.944622 -832.969288 -832.995247 -833.020138 -833.043155 -833.064200 -833.085640 -833.131618 -833.411202 -835.205474 -839.370447 -846.432003 -846.272993 -1319.754838 -1312.553728 -1310.246873 -1309.801527 -1309.704648 -1309.687492 -1309.687710 -1309.690972 -1309.694157 -1309.696696 -1309.698615 -1309.700056 -1309.701152 -1309.701998 -1309.702666 -1309.703202 -1309.703643 -1309.704027 -1309.704393 -1309.704789 -1309.705277 -1309.705945 -1309.706923 -1309.708417 -1309.710755 -1309.714470 -1309.720451 -1309.730217 -1309.746448 -1309.774040 -1309.822252 -1309.909093 -1310.070211 -1310.376521 -1310.968462 -1312.123390 -1314.400540 -1319.005773 -1328.820739 -1352.353390 -9999.0 -9999.0
-9999.0 -9999.0 -307.987541 -411.833578 -521.437195 -648.179741 -820.060479 -1029.487599 -1190.289271 -1254.290221 -1207.780996 -1176.481858 -1180.887243 -1198.050066 -1234.329326 -1275.940963 -1296.875202 -1298.103501 -1289.377247 -1279.273474 -1271.875143 -1268.283128 -1268.245403 -1271.019213 -1275.719972 -1281.458326 -1287.409706 -1292.913253 -1297.562979 -1301.218316 -1303.932529 -1305.858987 -1307.178087 -1308.054396 -1308.619536 -1308.972124 -1309.195548 -1309.394445 -1309.630846 -1309.868972 -1313.234369 -1334.391774 -862.860486 -855.527249 -843.854445 -836.745554 -833.427864 -832.973152 -832.929958 -832.944622 -832.969288 -832.995247 -833.020138 -833.043155 -833.064200 -833.085640 -833.131618 -833.411202 -835.205474 -839.370447 -846.432003 -846.272993 -1319.754838 -1312.553728 -1310.246873 -1309.801527 -1309.704648 -1309.687492 -1309.687710 -1309.690972 -1309.694157 -1309.696696 -1309.698615 -1309.700056 -1309.701152 -1309.701998 -1309.702666 -1309.703202 -1309.703643 -1309.704027 -1309.704393 -1309.704789 -1309.705277 -1309.705945 -1309.706923 -1309.708417 -1309.710755 -1309.714470 -1309.720451 -1309.730217 -1309.746448 -1309.774040 -1309.822252 -1309.909093 -1310.070211 -1310.376521 -1310.968462 -1312.123390 -1314.400540 -1319.005773 -1328.820739 -1352.353390 -9999.0 -9999.0
-9999.0 -9999.0 -307.987541 -411.833578 -521.437195 -648.179741 -820.060479 -1029.487599 -1190.289271 -1254.290221 -1207.780996 -1176.481858 -1180.887243 -1198.050066 -1234.329326 -1275.940963 -1296.875202 -1298.103501 -1289.377247 -1279.273474 -1271.875143 -1268.283128 -1268.245403 -1271.019213 -1275.719972 -1281.458326 -1287.409706 -1292.913253 -1297.562979 -1301.218316 -1303.932529 -1305.858987 -1307.178087 -1308.054396 -1308.619536 -1308.972124 -1309.195548 -1309.394445 -1309.630846 -1309.868972 -1313.234369 -1334.391774 -862.860486 -855.527249 -843.854445 -836.745554 -833.427864 -832.973152 -832.929958 -832.944622 -832.969288 -832.995247 -833.020138 -833.043155 -833.064200 -833.085640 -833.131618 -833.411202 -835.205474 -839.370447 -846.432003 -846.272993 -1319.754838 -1312.553728 -1310.246873 -1309.801527 -1309.704648 -1309.687492 -1309.687710 -1309.690972 -1309.694157 -1309.696696 -1309.698615 -1309.700056 -1309.701152 -1309.701998 -1309.702666 -1309.703202 -1309.703643 -1309.704027 -1309.704393 -1309.704789 -1309.705277 -1309.705945 -1309.706923 -1309.708417 -1309.710755 -1309.714470 -1309.720451 -1309.730217 -1309.746448 -1309.774040 -1309.822252 -1309.909093 -1310.070211 -1310.376521 -1310.968462 -1312.123390 -1314.400540 -1319.005773 -1328.820739 -1352.353390 -9999.0 -9999.0
-9999.0 -9999.0 -307.987540 -411.833578 -521.437195 -648.179741 -820.060479 -1029.487599 -1190.289270 -1254.290220 -1207.780996 -1176.481858 -1180.887243 -1198.050066 -1234.329326 -1275.940963 -1296.875202 -1298.103501 -1289.377247 -1279.273474 -1271.875143 -1268.283128 -1268.245403 -1271.019213 -1275.719972 -1281.458326 -1287.409706 -1292.913253 -1297.562979 -1301.218316 -1303.932529 -1305.858987 -1307.178087 -1308.054396 -1308.619536 -1308.972124 -1309.195548 -1309.394445 -1309.630846 -1309.868972 -1313.234369 -1334.391774 -862.860486 -855.527249 -843.854445 -836.745554 -833.427864 -832.973152 -832.929958 -832.944622 -832.969288 -832.995247 -833.020138 -833.043155 -833.064200 -833.085640 -833.131618 -833.411202 -835.205474 -839.370447 -846.432003 -846.272993 -1319.754838 -1312.553728 -1310.246873 -1309.801527 -1309.704648 -1309.687492 -1309.687710 -1309.690972 -1309.694157 -1309.696696 -1309.698615 -1309.700056 -1309.701152 -1309.701998 -1309.702666 -1309.703202 -1309.703643 -1309.704027 -1309.704393 -1309.704789 -1309.705277 -1309.705945 -1309.706923 -1309.708417 -1309.710755 -1309.714470 -1309.720451 -1309.730217 -1309.746448 -1309.774040 -1309.822252 -1309.909093 -1310.070211 -1310.376521 -1310.968462 -1312.123390 -1314.400540 -1319.005773 -1328.820739 -1352.353390 -9999.0 -9999.0
-9999.0 -9999.0 -307.987540 -411.833577 -521.437195 -648.179741 -820.060480 -1029.487599 -1190.289270 -1254.290220 -1207.780996 -1176.481858 -1180.887243 -1198.050066 -1234.329326 -1275.940963 -1296.875202 -1298.103501 -1289.377247 -1279.273474 -1271.875143 -1268.283128 -1268.245403 -1271.019213 -1275.719972 -1281.458326 -1287.409706 -1292.913253 -1297.562979 -1301.218316 -1303.932529 -1305.858987 -1307.178087 -1308.054396 -1308.619536 -1308.972124 -1309.195548 -1309.394445 -1309.630846 -1309.868972 -1313.234369 -1334.391774 -862.860486 -855.527249 -843.854446 -836.745554 -833.427864 -832.973152 -832.929958 -832.944622 -832.969288 -832.995247 -833.020138 -833.043155 -833.064200 -833.085640 -833.131618 -833.411202 -835.205474 -839.370447 -846.432003 -846.272993 -1319.754838 -1312.553728 -1310.246873 -1309.801527 -1309.704648 -1309.687492 -1309.687710 -1309.690972 -1309.694157 -1309.696696 -1309.698615 -1309.700056 -1309.701152 -1309.701998 -1309.702666 -1309.703202 -1309.703643 -1309.704027 -1309.704393 -1309.704789 -1309.705277 -1309.705945 -1309.706923 -1309.708417 -1309.710755 -1309.714470 -1309.720451 -1309.730217 -1309.746448 -1309.774040 -1309.822252 -1309.909093 -1310.070211 -1310.376521 -1310.968462 -1312.123390 -1314.400540 -1319.005773 -1328.820739 -1352.353390 -9999.0 -9999.0
-9999.0 -9999.0 -9999.0 -9999.0 -9999.0 -9999.0 -9999.0 -9999.0 -9999.0 -9999.0 -9999.0 -9999.0 -9999.0 -9999.0 -9999.0 -9999.0 -9999.0 -9999.0 -9999.0 -9999.0 -9999.0 -9999.0 -9999.0 -9999.0 -9999.0 -9999.0 -9999.0 -9999.0 -9999.0 -9999.0 -9999.0 -9999.0 -9999.0 -9999.0 -9999.0 -9999.0 -9999.0 -9999.0 -9999.0 -9999.0 -9999.0 -9999.0 -9999.0 -9999.0 -9999.0 -9999.0 -9999.0 -9999.0 -9999.0 -9999.0 -9999.0 -9999.0 -9999.0 -9999.0 -9999.0 -9999.0 -9999.0 -9999.0 -9999.0 -9999.0 -9999.0 -9999.0 -9999.0 -9999.0 -9999.0 -9999.0 -9999.0 -9999.0 -9999.0 -9999.0 -9999.0 -9999.0 -9999.0 -9999.0 -9999.0 -9999.0 -9999.0 -9999.0 -9999.0 -9999.0 -9999.0 -9999.0 -9999.0 -9999.0 -9999.0 -9999.0 -9999.0 -9999.0 -9999.0 -9999.0 -9999.0 -9999.0 -9999.0 -9999.0 -9999.0 -9999.0 -9999.0 -9999.0 -9999.0 -9999.0 -9999.0 -9999.0 -9999.0 -9999.0
-9999.0 -9999.0 -9999.0 -9999.0 -9999.0 -9999.0 -9999.0 -9999.0 -9999.0 -9999.0 -9999.0 -9999.0 -9999.0 -9999.0 -9999.0 -9999.0 -9999.0 -9999.0 -9999.0 -9999.0 -9999.0 -9999.0 -9999.0 -9999.0 -9999.0 -9999.0 -9999.0 -9999.0 -9999.0 -9999.0 -9999.0 -9999.0 -9999.0 -9999.0 -9999.0 -9999.0 -9999.0 -9999.0 -9999.0 -9999.0 -9999.0 -9999.0 -9999.0 -9999.0 -9999.0 -9999.0 -9999.0 -9999.0 -9999.0 -9999.0 -9999.0 -9999.0 -9999.0 -9999.0 -9999.0 -9999.0 -9999.0 -9999.0 -9999.0 -9999.0 -9999.0 -9999.0 -9999.0 -9999.0 -9999.0 -9999.0 -9999.0 -9999.0 -9999.0 -9999.0 -9999.0 -9999.0 -9999.0 -9999.0 -9999.0 -9999.0 -9999.0 -9999.0 -9999.0 -9999.0 -9999.0 -9999.0 -9999.0 -9999.0 -9999.0 -9999.0 -9999.0 -9999.0 -9999.0 -9999.0 -9999.0 -9999.0 -9999.0 -9999.0 -9999.0 -9999.0 -9999.0 -9999.0 -9999.0 -9999.0 -9999.0 -9999.0 -9999.0 -9999.0