inst/processing_geotop_simulation/geotop_simulation/out/maps3D/PwL0000N0321.asc
ncols         104
nrows         10
xllcorner     -2.000000
yllcorner     0.000000
cellsize      1.000000
NODATA_value  -9999.0
-9999.0 -9999.0 -9999.0 -9999.0 -9999.0 -9999.0 -9999.0 -9999.0 -9999.0 -9999.0 -9999.0 -9999.0 -9999.0 -9999.0 -9999.0 -9999.0 -9999.0 -9999.0 -9999.0 -9999.0 -9999.0 -9999.0 -9999.0 -9999.0 -9999.0 -9999.0 -9999.0 -9999.0 -9999.0 -9999.0 -9999.0 -9999.0 -9999.0 -9999.0 -9999.0 -9999.0 -9999.0 -9999.0 -9999.0 -9999.0 -9999.0 -9999.0 -9999.0 -9999.0 -9999.0 -9999.0 -9999.0 -9999.0 -9999.0 -9999.0 -9999.0 -9999.0 -9999.0 -9999.0 -9999.0 -9999.0 -9999.0 -9999.0 -9999.0 -9999.0 -9999.0 -9999.0 -9999.0 -9999.0 -9999.0 -9999.0 -9999.0 -9999.0 -9999.0 -9999.0 -9999.0 -9999.0 -9999.0 -9999.0 -9999.0 -9999.0 -9999.0 -9999.0 -9999.0 -9999.0 -9999.0 -9999.0 -9999.0 -9999.0 -9999.0 -9999.0 -9999.0 -9999.0 -9999.0 -9999.0 -9999.0 -9999.0 -9999.0 -9999.0 -9999.0 -9999.0 -9999.0 -9999.0 -9999.0 -9999.0 -9999.0 -9999.0 -9999.0 -9999.0
-9999.0 -9999.0 -9999.0 -9999.0 -9999.0 -9999.0 -9999.0 -9999.0 -9999.0 -9999.0 -9999.0 -9999.0 -9999.0 -9999.0 -9999.0 -9999.0 -9999.0 -9999.0 -9999.0 -9999.0 -9999.0 -9999.0 -9999.0 -9999.0 -9999.0 -9999.0 -9999.0 -9999.0 -9999.0 -9999.0 -9999.0 -9999.0 -9999.0 -9999.0 -9999.0 -9999.0 -9999.0 -9999.0 -9999.0 -9999.0 -9999.0 -9999.0 -9999.0 -9999.0 -9999.0 -9999.0 -9999.0 -9999.0 -9999.0 -9999.0 -9999.0 -9999.0 -9999.0 -9999.0 -9999.0 -9999.0 -9999.0 -9999.0 -9999.0 -9999.0 -9999.0 -9999.0 -9999.0 -9999.0 -9999.0 -9999.0 -9999.0 -9999.0 -9999.0 -9999.0 -9999.0 -9999.0 -9999.0 -9999.0 -9999.0 -9999.0 -9999.0 -9999.0 -9999.0 -9999.0 -9999.0 -9999.0 -9999.0 -9999.0 -9999.0 -9999.0 -9999.0 -9999.0 -9999.0 -9999.0 -9999.0 -9999.0 -9999.0 -9999.0 -9999.0 -9999.0 -9999.0 -9999.0 -9999.0 -9999.0 -9999.0 -9999.0 -9999.0 -9999.0
-9999.0 -9999.0 0.029220 -94.261870 -192.549409 -291.281132 -390.174247 -489.121330 -588.068117 -686.968831 -785.745321 -884.336781 -982.690221 -1080.726878 -1178.677003 -1276.484011 -1373.565347 -1469.450276 -1563.409029 -1654.261431 -1739.703652 -1816.217194 -1880.648036 -1931.790489 -1970.492176 -1998.778115 -2018.957043 -2033.107564 -2042.901323 -2049.606233 -2054.153550 -2057.212873 -2059.257517 -2060.617030 -2061.518150 -2062.117413 -2062.532193 -2062.899105 -2063.587353 -2065.822384 -2069.963322 -2025.056683 -1259.092484 -1255.657637 -1245.535255 -1238.953869 -1235.858727 -1235.380844 -1235.329415 -1235.334655 -1235.348165 -1235.362698 -1235.376669 -1235.389609 -1235.401632 -1235.415717 -1235.459684 -1235.749162 -1237.410503 -1241.095167 -1246.295875 -1242.454452 -2002.270077 -2064.114077 -2064.416701 -2063.588255 -2063.392308 -2063.358106 -2063.353063 -2063.352851 -2063.353358 -2063.353876 -2063.354294 -2063.354616 -2063.354865 -2063.355058 -2063.355212 -2063.355337 -2063.355443 -2063.355538 -2063.355632 -2063.355737 -2063.355869 -2063.356052 -2063.356323 -2063.356738 -2063.357392 -2063.358440 -2063.360149 -2063.362991 -2063.367828 -2063.376289 -2063.391534 -2063.419832 -2063.473847 -2063.579810 -2063.794474 -2064.249239 -2065.275096 -2067.794141 -2074.774288 -2097.839513 -9999.0 -9999.0
-9999.0 -9999.0 0.092482 -94.259876 -192.548912 -291.280987 -390.174201 -489.121314 -588.068111 -686.968829 -785.745320 -884.336781 -982.690221 -1080.726878 -1178.677003 -1276.484011 -1373.565348 -1469.450277 -1563.409029 -1654.261431 -1739.703652 -1816.217194 -1880.648036 -1931.790489 -1970.492176 -1998.778115 -2018.957043 -2033.107564 -2042.901323 -2049.606233 -2054.153550 -2057.212873 -2059.257517 -2060.617030 -2061.518150 -2062.117413 -2062.532193 -2062.899105 -2063.587353 -2065.822384 -2069.963322 -2025.056683 -1259.092484 -1255.657637 -1245.535255 -1238.953869 -1235.858727 -1235.380844 -1235.329415 -1235.334655 -1235.348165 -1235.362698 -1235.376669 -1235.389609 -1235.401632 -1235.415717 -1235.459684 -1235.749162 -1237.410503 -1241.095167 -1246.295875 -1242.454452 -2002.270077 -2064.114077 -2064.416701 -2063.588255 -2063.392308 -2063.358106 -2063.353063 -2063.352851 -2063.353358 -2063.353876 -2063.354294 -2063.354616 -2063.354865 -2063.355058 -2063.355212 -2063.355337 -2063.355443 -2063.355538 -2063.355632 -2063.355737 -2063.355869 -2063.356052 -2063.356323 -2063.356738 -2063.357392 -2063.358440 -2063.360149 -2063.362991 -2063.367828 -2063.376289 -2063.391534 -2063.419832 -2063.473847 -2063.579810 -2063.794474 -2064.249239 -2065.275096 -2067.794141 -2074.774288 -2097.839513 -9999.0 -9999.0
-9999.0 -9999.0 0.092493 -94.259079 -192.548598 -291.280874 -390.174161 -489.121299 -588.068106 -686.968827 -785.745319 -884.336780 -982.690221 -1080.726878 -1178.677003 -1276.484011 -1373.565348 -1469.450277 -1563.409029 -1654.261431 -1739.703652 -1816.217195 -1880.648036 -1931.790490 -1970.492177 -1998.778115 -2018.957043 -2033.107564 -2042.901323 -2049.606233 -2054.153550 -2057.212873 -2059.257517 -2060.617030 -2061.518150 -2062.117413 -2062.532193 -2062.899105 -2063.587353 -2065.822384 -2069.963322 -2025.056683 -1259.092484 -1255.657637 -1245.535255 -1238.953868 -1235.858727 -1235.380844 -1235.329415 -1235.334655 -1235.348165 -1235.362698 -1235.376669 -1235.389609 -1235.401632 -1235.415717 -1235.459684 -1235.749162 -1237.410503 -1241.095167 -1246.295875 -1242.454452 -2002.270077 -2064.114077 -2064.416701 -2063.588255 -2063.392308 -2063.358106 -2063.353063 -2063.352851 -2063.353358 -2063.353876 -2063.354294 -2063.354616 -2063.354865 -2063.355058 -2063.355212 -2063.355337 -2063.355443 -2063.355538 -2063.355632 -2063.355737 -2063.355869 -2063.356052 -2063.356323 -2063.356738 -2063.357392 -2063.358440 -2063.360149 -2063.362991 -2063.367828 -2063.376289 -2063.391534 -2063.419832 -2063.473847 -2063.579810 -2063.794474 -2064.249239 -2065.275096 -2067.794141 -2074.774288 -2097.839513 -9999.0 -9999.0
-9999.0 -9999.0 0.092493 -94.259079 -192.548598 -291.280874 -390.174161 -489.121299 -588.068106 -686.968827 -785.745319 -884.336780 -982.690221 -1080.726878 -1178.677003 -1276.484011 -1373.565348 -1469.450277 -1563.409029 -1654.261431 -1739.703652 -1816.217195 -1880.648036 -1931.790490 -1970.492177 -1998.778115 -2018.957043 -2033.107564 -2042.901323 -2049.606233 -2054.153550 -2057.212873 -2059.257517 -2060.617030 -2061.518150 -2062.117413 -2062.532193 -2062.899105 -2063.587353 -2065.822384 -2069.963322 -2025.056683 -1259.092484 -1255.657637 -1245.535255 -1238.953868 -1235.858727 -1235.380844 -1235.329415 -1235.334655 -1235.348165 -1235.362698 -1235.376669 -1235.389609 -1235.401632 -1235.415717 -1235.459684 -1235.749162 -1237.410503 -1241.095167 -1246.295875 -1242.454452 -2002.270077 -2064.114077 -2064.416701 -2063.588255 -2063.392308 -2063.358106 -2063.353063 -2063.352851 -2063.353358 -2063.353876 -2063.354294 -2063.354616 -2063.354865 -2063.355058 -2063.355212 -2063.355337 -2063.355443 -2063.355538 -2063.355632 -2063.355737 -2063.355869 -2063.356052 -2063.356323 -2063.356738 -2063.357392 -2063.358440 -2063.360149 -2063.362991 -2063.367828 -2063.376289 -2063.391534 -2063.419832 -2063.473847 -2063.579810 -2063.794474 -2064.249239 -2065.275096 -2067.794141 -2074.774288 -2097.839513 -9999.0 -9999.0
-9999.0 -9999.0 0.092482 -94.259876 -192.548912 -291.280987 -390.174201 -489.121314 -588.068111 -686.968829 -785.745320 -884.336781 -982.690221 -1080.726878 -1178.677003 -1276.484011 -1373.565348 -1469.450277 -1563.409029 -1654.261431 -1739.703652 -1816.217194 -1880.648036 -1931.790489 -1970.492176 -1998.778115 -2018.957043 -2033.107564 -2042.901323 -2049.606233 -2054.153550 -2057.212873 -2059.257517 -2060.617030 -2061.518150 -2062.117413 -2062.532193 -2062.899105 -2063.587353 -2065.822384 -2069.963322 -2025.056683 -1259.092484 -1255.657637 -1245.535255 -1238.953869 -1235.858727 -1235.380844 -1235.329415 -1235.334655 -1235.348165 -1235.362698 -1235.376669 -1235.389609 -1235.401632 -1235.415717 -1235.459684 -1235.749162 -1237.410503 -1241.095167 -1246.295875 -1242.454452 -2002.270077 -2064.114077 -2064.416701 -2063.588255 -2063.392308 -2063.358106 -2063.353063 -2063.352851 -2063.353358 -2063.353876 -2063.354294 -2063.354616 -2063.354865 -2063.355058 -2063.355212 -2063.355337 -2063.355443 -2063.355538 -2063.355632 -2063.355737 -2063.355869 -2063.356052 -2063.356323 -2063.356738 -2063.357392 -2063.358440 -2063.360149 -2063.362991 -2063.367828 -2063.376289 -2063.391534 -2063.419832 -2063.473847 -2063.579810 -2063.794474 -2064.249239 -2065.275096 -2067.794141 -2074.774288 -2097.839513 -9999.0 -9999.0
-9999.0 -9999.0 0.029220 -94.261870 -192.549409 -291.281132 -390.174247 -489.121330 -588.068117 -686.968831 -785.745321 -884.336781 -982.690221 -1080.726878 -1178.677003 -1276.484011 -1373.565347 -1469.450276 -1563.409029 -1654.261431 -1739.703652 -1816.217194 -1880.648036 -1931.790489 -1970.492176 -1998.778115 -2018.957043 -2033.107564 -2042.901323 -2049.606233 -2054.153550 -2057.212873 -2059.257517 -2060.617030 -2061.518150 -2062.117413 -2062.532193 -2062.899105 -2063.587353 -2065.822384 -2069.963322 -2025.056683 -1259.092484 -1255.657637 -1245.535255 -1238.953869 -1235.858727 -1235.380844 -1235.329415 -1235.334655 -1235.348165 -1235.362698 -1235.376669 -1235.389609 -1235.401632 -1235.415717 -1235.459684 -1235.749162 -1237.410503 -1241.095167 -1246.295875 -1242.454452 -2002.270077 -2064.114077 -2064.416701 -2063.588255 -2063.392308 -2063.358106 -2063.353063 -2063.352851 -2063.353358 -2063.353876 -2063.354294 -2063.354616 -2063.354865 -2063.355058 -2063.355212 -2063.355337 -2063.355443 -2063.355538 -2063.355632 -2063.355737 -2063.355869 -2063.356052 -2063.356323 -2063.356738 -2063.357392 -2063.358440 -2063.360149 -2063.362991 -2063.367828 -2063.376289 -2063.391534 -2063.419832 -2063.473847 -2063.579810 -2063.794474 -2064.249239 -2065.275096 -2067.794141 -2074.774288 -2097.839513 -9999.0 -9999.0
-9999.0 -9999.0 -9999.0 -9999.0 -9999.0 -9999.0 -9999.0 -9999.0 -9999.0 -9999.0 -9999.0 -9999.0 -9999.0 -9999.0 -9999.0 -9999.0 -9999.0 -9999.0 -9999.0 -9999.0 -9999.0 -9999.0 -9999.0 -9999.0 -9999.0 -9999.0 -9999.0 -9999.0 -9999.0 -9999.0 -9999.0 -9999.0 -9999.0 -9999.0 -9999.0 -9999.0 -9999.0 -9999.0 -9999.0 -9999.0 -9999.0 -9999.0 -9999.0 -9999.0 -9999.0 -9999.0 -9999.0 -9999.0 -9999.0 -9999.0 -9999.0 -9999.0 -9999.0 -9999.0 -9999.0 -9999.0 -9999.0 -9999.0 -9999.0 -9999.0 -9999.0 -9999.0 -9999.0 -9999.0 -9999.0 -9999.0 -9999.0 -9999.0 -9999.0 -9999.0 -9999.0 -9999.0 -9999.0 -9999.0 -9999.0 -9999.0 -9999.0 -9999.0 -9999.0 -9999.0 -9999.0 -9999.0 -9999.0 -9999.0 -9999.0 -9999.0 -9999.0 -9999.0 -9999.0 -9999.0 -9999.0 -9999.0 -9999.0 -9999.0 -9999.0 -9999.0 -9999.0 -9999.0 -9999.0 -9999.0 -9999.0 -9999.0 -9999.0 -9999.0
-9999.0 -9999.0 -9999.0 -9999.0 -9999.0 -9999.0 -9999.0 -9999.0 -9999.0 -9999.0 -9999.0 -9999.0 -9999.0 -9999.0 -9999.0 -9999.0 -9999.0 -9999.0 -9999.0 -9999.0 -9999.0 -9999.0 -9999.0 -9999.0 -9999.0 -9999.0 -9999.0 -9999.0 -9999.0 -9999.0 -9999.0 -9999.0 -9999.0 -9999.0 -9999.0 -9999.0 -9999.0 -9999.0 -9999.0 -9999.0 -9999.0 -9999.0 -9999.0 -9999.0 -9999.0 -9999.0 -9999.0 -9999.0 -9999.0 -9999.0 -9999.0 -9999.0 -9999.0 -9999.0 -9999.0 -9999.0 -9999.0 -9999.0 -9999.0 -9999.0 -9999.0 -9999.0 -9999.0 -9999.0 -9999.0 -9999.0 -9999.0 -9999.0 -9999.0 -9999.0 -9999.0 -9999.0 -9999.0 -9999.0 -9999.0 -9999.0 -9999.0 -9999.0 -9999.0 -9999.0 -9999.0 -9999.0 -9999.0 -9999.0 -9999.0 -9999.0 -9999.0 -9999.0 -9999.0 -9999.0 -9999.0 -9999.0 -9999.0 -9999.0 -9999.0 -9999.0 -9999.0 -9999.0 -9999.0 -9999.0 -9999.0 -9999.0 -9999.0 -9999.0