inst/processing_geotop_simulation/geotop_simulation/out/maps3D/PwL0022N0348.asc
ncols         104
nrows         10
xllcorner     -2.000000
yllcorner     0.000000
cellsize      1.000000
NODATA_value  -9999.0
-9999.0 -9999.0 -9999.0 -9999.0 -9999.0 -9999.0 -9999.0 -9999.0 -9999.0 -9999.0 -9999.0 -9999.0 -9999.0 -9999.0 -9999.0 -9999.0 -9999.0 -9999.0 -9999.0 -9999.0 -9999.0 -9999.0 -9999.0 -9999.0 -9999.0 -9999.0 -9999.0 -9999.0 -9999.0 -9999.0 -9999.0 -9999.0 -9999.0 -9999.0 -9999.0 -9999.0 -9999.0 -9999.0 -9999.0 -9999.0 -9999.0 -9999.0 -9999.0 -9999.0 -9999.0 -9999.0 -9999.0 -9999.0 -9999.0 -9999.0 -9999.0 -9999.0 -9999.0 -9999.0 -9999.0 -9999.0 -9999.0 -9999.0 -9999.0 -9999.0 -9999.0 -9999.0 -9999.0 -9999.0 -9999.0 -9999.0 -9999.0 -9999.0 -9999.0 -9999.0 -9999.0 -9999.0 -9999.0 -9999.0 -9999.0 -9999.0 -9999.0 -9999.0 -9999.0 -9999.0 -9999.0 -9999.0 -9999.0 -9999.0 -9999.0 -9999.0 -9999.0 -9999.0 -9999.0 -9999.0 -9999.0 -9999.0 -9999.0 -9999.0 -9999.0 -9999.0 -9999.0 -9999.0 -9999.0 -9999.0 -9999.0 -9999.0 -9999.0 -9999.0
-9999.0 -9999.0 -9999.0 -9999.0 -9999.0 -9999.0 -9999.0 -9999.0 -9999.0 -9999.0 -9999.0 -9999.0 -9999.0 -9999.0 -9999.0 -9999.0 -9999.0 -9999.0 -9999.0 -9999.0 -9999.0 -9999.0 -9999.0 -9999.0 -9999.0 -9999.0 -9999.0 -9999.0 -9999.0 -9999.0 -9999.0 -9999.0 -9999.0 -9999.0 -9999.0 -9999.0 -9999.0 -9999.0 -9999.0 -9999.0 -9999.0 -9999.0 -9999.0 -9999.0 -9999.0 -9999.0 -9999.0 -9999.0 -9999.0 -9999.0 -9999.0 -9999.0 -9999.0 -9999.0 -9999.0 -9999.0 -9999.0 -9999.0 -9999.0 -9999.0 -9999.0 -9999.0 -9999.0 -9999.0 -9999.0 -9999.0 -9999.0 -9999.0 -9999.0 -9999.0 -9999.0 -9999.0 -9999.0 -9999.0 -9999.0 -9999.0 -9999.0 -9999.0 -9999.0 -9999.0 -9999.0 -9999.0 -9999.0 -9999.0 -9999.0 -9999.0 -9999.0 -9999.0 -9999.0 -9999.0 -9999.0 -9999.0 -9999.0 -9999.0 -9999.0 -9999.0 -9999.0 -9999.0 -9999.0 -9999.0 -9999.0 -9999.0 -9999.0 -9999.0
-9999.0 -9999.0 1068.777239 969.918489 871.033376 772.022216 672.935723 573.814993 474.684130 375.556698 276.440400 177.339734 78.257428 -20.802117 -119.835525 -218.837680 -317.783971 -416.626002 -515.269798 -613.541905 -711.131777 -808.880418 -906.075003 -1002.484659 -1097.807829 -1182.892418 -1259.774987 -1326.794628 -1383.047692 -1428.534905 -1464.066573 -1490.991204 -1510.879360 -1525.268510 -1535.510517 -1542.713902 -1547.759591 -1551.404783 -1554.625236 -1559.647688 -1572.471074 -1610.319371 -1631.395628 -2356.527233 -3560.943821 -3527.732711 -2856.281152 -2487.565564 -2295.944300 -2173.511538 -2084.653198 -2008.602695 -1961.094102 -1929.762821 -1900.225495 -1868.765668 -1834.139098 -1796.642906 -1757.386595 -1716.957373 -1666.409835 -1430.694332 -1566.974413 -1564.428468 -1560.468857 -1559.137392 -1558.833003 -1558.775957 -1558.766743 -1558.765820 -1558.766214 -1558.766739 -1558.767204 -1558.767595 -1558.767927 -1558.768215 -1558.768471 -1558.768706 -1558.768928 -1558.769144 -1558.769363 -1558.769598 -1558.769861 -1558.770176 -1558.770574 -1558.771110 -1558.771867 -1558.772990 -1558.774725 -1558.777514 -1558.782174 -1558.790262 -1558.804835 -1558.832062 -1558.884776 -1558.990889 -1559.214851 -1559.715638 -1560.909695 -1563.958433 -1572.409961 -1598.642762 -9999.0 -9999.0
-9999.0 -9999.0 1068.779675 969.919479 871.033716 772.022329 672.935762 573.815006 474.684136 375.556700 276.440401 177.339734 78.257429 -20.802118 -119.835525 -218.837680 -317.783971 -416.626002 -515.269799 -613.541906 -711.131777 -808.880418 -906.075003 -1002.484659 -1097.807829 -1182.892418 -1259.774987 -1326.794628 -1383.047692 -1428.534905 -1464.066573 -1490.991204 -1510.879360 -1525.268510 -1535.510517 -1542.713902 -1547.759591 -1551.404783 -1554.625236 -1559.647688 -1572.471074 -1610.319371 -1631.395627 -2356.527233 -3560.943821 -3527.732711 -2856.281152 -2487.565563 -2295.944300 -2173.511537 -2084.653197 -2008.602695 -1961.094102 -1929.762821 -1900.225494 -1868.765668 -1834.139097 -1796.642906 -1757.386594 -1716.957373 -1666.409835 -1430.694332 -1566.974413 -1564.428468 -1560.468857 -1559.137392 -1558.833003 -1558.775957 -1558.766743 -1558.765820 -1558.766214 -1558.766739 -1558.767204 -1558.767595 -1558.767927 -1558.768215 -1558.768471 -1558.768706 -1558.768928 -1558.769144 -1558.769363 -1558.769598 -1558.769861 -1558.770176 -1558.770574 -1558.771110 -1558.771867 -1558.772990 -1558.774725 -1558.777514 -1558.782174 -1558.790262 -1558.804835 -1558.832062 -1558.884776 -1558.990889 -1559.214851 -1559.715638 -1560.909695 -1563.958433 -1572.409961 -1598.642762 -9999.0 -9999.0
-9999.0 -9999.0 1068.780695 969.920036 871.033954 772.022422 672.935797 573.815020 474.684141 375.556703 276.440402 177.339735 78.257428 -20.802117 -119.835525 -218.837680 -317.783971 -416.626002 -515.269799 -613.541906 -711.131778 -808.880419 -906.075004 -1002.484660 -1097.807829 -1182.892418 -1259.774987 -1326.794628 -1383.047692 -1428.534905 -1464.066573 -1490.991204 -1510.879360 -1525.268510 -1535.510517 -1542.713902 -1547.759591 -1551.404783 -1554.625236 -1559.647688 -1572.471074 -1610.319371 -1631.395627 -2356.527232 -3560.943820 -3527.732711 -2856.281152 -2487.565563 -2295.944299 -2173.511537 -2084.653197 -2008.602695 -1961.094102 -1929.762820 -1900.225494 -1868.765668 -1834.139097 -1796.642905 -1757.386594 -1716.957373 -1666.409835 -1430.694332 -1566.974413 -1564.428468 -1560.468857 -1559.137392 -1558.833003 -1558.775957 -1558.766743 -1558.765820 -1558.766214 -1558.766739 -1558.767204 -1558.767595 -1558.767927 -1558.768215 -1558.768471 -1558.768706 -1558.768928 -1558.769144 -1558.769363 -1558.769598 -1558.769861 -1558.770176 -1558.770574 -1558.771110 -1558.771867 -1558.772990 -1558.774725 -1558.777514 -1558.782174 -1558.790262 -1558.804835 -1558.832062 -1558.884776 -1558.990889 -1559.214851 -1559.715638 -1560.909695 -1563.958433 -1572.409961 -1598.642762 -9999.0 -9999.0
-9999.0 -9999.0 1068.780695 969.920036 871.033955 772.022422 672.935797 573.815019 474.684141 375.556702 276.440402 177.339734 78.257429 -20.802118 -119.835525 -218.837680 -317.783971 -416.626002 -515.269799 -613.541906 -711.131778 -808.880419 -906.075004 -1002.484660 -1097.807829 -1182.892418 -1259.774987 -1326.794628 -1383.047692 -1428.534905 -1464.066573 -1490.991204 -1510.879360 -1525.268510 -1535.510517 -1542.713902 -1547.759591 -1551.404783 -1554.625236 -1559.647688 -1572.471074 -1610.319371 -1631.395627 -2356.527232 -3560.943820 -3527.732711 -2856.281152 -2487.565563 -2295.944299 -2173.511537 -2084.653197 -2008.602695 -1961.094102 -1929.762820 -1900.225494 -1868.765668 -1834.139097 -1796.642905 -1757.386594 -1716.957373 -1666.409835 -1430.694332 -1566.974413 -1564.428468 -1560.468857 -1559.137392 -1558.833003 -1558.775957 -1558.766743 -1558.765820 -1558.766214 -1558.766739 -1558.767204 -1558.767595 -1558.767927 -1558.768215 -1558.768471 -1558.768706 -1558.768928 -1558.769144 -1558.769363 -1558.769598 -1558.769861 -1558.770176 -1558.770574 -1558.771110 -1558.771867 -1558.772990 -1558.774725 -1558.777514 -1558.782174 -1558.790262 -1558.804835 -1558.832062 -1558.884776 -1558.990889 -1559.214851 -1559.715638 -1560.909695 -1563.958433 -1572.409961 -1598.642762 -9999.0 -9999.0
-9999.0 -9999.0 1068.779675 969.919479 871.033715 772.022329 672.935762 573.815007 474.684136 375.556701 276.440401 177.339734 78.257428 -20.802117 -119.835525 -218.837680 -317.783971 -416.626002 -515.269799 -613.541906 -711.131778 -808.880418 -906.075003 -1002.484659 -1097.807829 -1182.892418 -1259.774987 -1326.794628 -1383.047692 -1428.534905 -1464.066573 -1490.991204 -1510.879360 -1525.268510 -1535.510517 -1542.713902 -1547.759591 -1551.404783 -1554.625236 -1559.647688 -1572.471074 -1610.319371 -1631.395627 -2356.527233 -3560.943821 -3527.732711 -2856.281152 -2487.565563 -2295.944300 -2173.511537 -2084.653197 -2008.602695 -1961.094102 -1929.762820 -1900.225494 -1868.765668 -1834.139097 -1796.642905 -1757.386594 -1716.957373 -1666.409835 -1430.694332 -1566.974413 -1564.428468 -1560.468857 -1559.137392 -1558.833003 -1558.775957 -1558.766743 -1558.765820 -1558.766214 -1558.766739 -1558.767204 -1558.767595 -1558.767927 -1558.768215 -1558.768471 -1558.768706 -1558.768928 -1558.769144 -1558.769363 -1558.769598 -1558.769861 -1558.770176 -1558.770574 -1558.771110 -1558.771867 -1558.772990 -1558.774725 -1558.777514 -1558.782174 -1558.790262 -1558.804835 -1558.832062 -1558.884776 -1558.990889 -1559.214851 -1559.715638 -1560.909695 -1563.958433 -1572.409961 -1598.642762 -9999.0 -9999.0
-9999.0 -9999.0 1068.777239 969.918489 871.033377 772.022215 672.935723 573.814992 474.684131 375.556698 276.440400 177.339734 78.257428 -20.802118 -119.835525 -218.837680 -317.783970 -416.626002 -515.269798 -613.541906 -711.131777 -808.880418 -906.075003 -1002.484659 -1097.807829 -1182.892418 -1259.774987 -1326.794628 -1383.047692 -1428.534905 -1464.066573 -1490.991204 -1510.879360 -1525.268510 -1535.510517 -1542.713902 -1547.759591 -1551.404783 -1554.625236 -1559.647688 -1572.471074 -1610.319371 -1631.395628 -2356.527234 -3560.943821 -3527.732711 -2856.281152 -2487.565564 -2295.944300 -2173.511538 -2084.653198 -2008.602695 -1961.094102 -1929.762821 -1900.225494 -1868.765668 -1834.139098 -1796.642906 -1757.386595 -1716.957373 -1666.409835 -1430.694332 -1566.974413 -1564.428468 -1560.468857 -1559.137392 -1558.833003 -1558.775957 -1558.766743 -1558.765820 -1558.766214 -1558.766739 -1558.767204 -1558.767595 -1558.767927 -1558.768215 -1558.768471 -1558.768706 -1558.768928 -1558.769144 -1558.769363 -1558.769598 -1558.769861 -1558.770176 -1558.770574 -1558.771110 -1558.771867 -1558.772990 -1558.774725 -1558.777514 -1558.782174 -1558.790262 -1558.804835 -1558.832062 -1558.884776 -1558.990889 -1559.214851 -1559.715638 -1560.909695 -1563.958433 -1572.409961 -1598.642762 -9999.0 -9999.0
-9999.0 -9999.0 -9999.0 -9999.0 -9999.0 -9999.0 -9999.0 -9999.0 -9999.0 -9999.0 -9999.0 -9999.0 -9999.0 -9999.0 -9999.0 -9999.0 -9999.0 -9999.0 -9999.0 -9999.0 -9999.0 -9999.0 -9999.0 -9999.0 -9999.0 -9999.0 -9999.0 -9999.0 -9999.0 -9999.0 -9999.0 -9999.0 -9999.0 -9999.0 -9999.0 -9999.0 -9999.0 -9999.0 -9999.0 -9999.0 -9999.0 -9999.0 -9999.0 -9999.0 -9999.0 -9999.0 -9999.0 -9999.0 -9999.0 -9999.0 -9999.0 -9999.0 -9999.0 -9999.0 -9999.0 -9999.0 -9999.0 -9999.0 -9999.0 -9999.0 -9999.0 -9999.0 -9999.0 -9999.0 -9999.0 -9999.0 -9999.0 -9999.0 -9999.0 -9999.0 -9999.0 -9999.0 -9999.0 -9999.0 -9999.0 -9999.0 -9999.0 -9999.0 -9999.0 -9999.0 -9999.0 -9999.0 -9999.0 -9999.0 -9999.0 -9999.0 -9999.0 -9999.0 -9999.0 -9999.0 -9999.0 -9999.0 -9999.0 -9999.0 -9999.0 -9999.0 -9999.0 -9999.0 -9999.0 -9999.0 -9999.0 -9999.0 -9999.0 -9999.0
-9999.0 -9999.0 -9999.0 -9999.0 -9999.0 -9999.0 -9999.0 -9999.0 -9999.0 -9999.0 -9999.0 -9999.0 -9999.0 -9999.0 -9999.0 -9999.0 -9999.0 -9999.0 -9999.0 -9999.0 -9999.0 -9999.0 -9999.0 -9999.0 -9999.0 -9999.0 -9999.0 -9999.0 -9999.0 -9999.0 -9999.0 -9999.0 -9999.0 -9999.0 -9999.0 -9999.0 -9999.0 -9999.0 -9999.0 -9999.0 -9999.0 -9999.0 -9999.0 -9999.0 -9999.0 -9999.0 -9999.0 -9999.0 -9999.0 -9999.0 -9999.0 -9999.0 -9999.0 -9999.0 -9999.0 -9999.0 -9999.0 -9999.0 -9999.0 -9999.0 -9999.0 -9999.0 -9999.0 -9999.0 -9999.0 -9999.0 -9999.0 -9999.0 -9999.0 -9999.0 -9999.0 -9999.0 -9999.0 -9999.0 -9999.0 -9999.0 -9999.0 -9999.0 -9999.0 -9999.0 -9999.0 -9999.0 -9999.0 -9999.0 -9999.0 -9999.0 -9999.0 -9999.0 -9999.0 -9999.0 -9999.0 -9999.0 -9999.0 -9999.0 -9999.0 -9999.0 -9999.0 -9999.0 -9999.0 -9999.0 -9999.0 -9999.0 -9999.0 -9999.0