inst/processing_geotop_simulation/geotop_simulation/out/maps3D/PwL0001N0001.asc
ncols         104
nrows         10
xllcorner     -2.000000
yllcorner     0.000000
cellsize      1.000000
NODATA_value  -9999.0
-9999.0 -9999.0 -9999.0 -9999.0 -9999.0 -9999.0 -9999.0 -9999.0 -9999.0 -9999.0 -9999.0 -9999.0 -9999.0 -9999.0 -9999.0 -9999.0 -9999.0 -9999.0 -9999.0 -9999.0 -9999.0 -9999.0 -9999.0 -9999.0 -9999.0 -9999.0 -9999.0 -9999.0 -9999.0 -9999.0 -9999.0 -9999.0 -9999.0 -9999.0 -9999.0 -9999.0 -9999.0 -9999.0 -9999.0 -9999.0 -9999.0 -9999.0 -9999.0 -9999.0 -9999.0 -9999.0 -9999.0 -9999.0 -9999.0 -9999.0 -9999.0 -9999.0 -9999.0 -9999.0 -9999.0 -9999.0 -9999.0 -9999.0 -9999.0 -9999.0 -9999.0 -9999.0 -9999.0 -9999.0 -9999.0 -9999.0 -9999.0 -9999.0 -9999.0 -9999.0 -9999.0 -9999.0 -9999.0 -9999.0 -9999.0 -9999.0 -9999.0 -9999.0 -9999.0 -9999.0 -9999.0 -9999.0 -9999.0 -9999.0 -9999.0 -9999.0 -9999.0 -9999.0 -9999.0 -9999.0 -9999.0 -9999.0 -9999.0 -9999.0 -9999.0 -9999.0 -9999.0 -9999.0 -9999.0 -9999.0 -9999.0 -9999.0 -9999.0 -9999.0
-9999.0 -9999.0 -9999.0 -9999.0 -9999.0 -9999.0 -9999.0 -9999.0 -9999.0 -9999.0 -9999.0 -9999.0 -9999.0 -9999.0 -9999.0 -9999.0 -9999.0 -9999.0 -9999.0 -9999.0 -9999.0 -9999.0 -9999.0 -9999.0 -9999.0 -9999.0 -9999.0 -9999.0 -9999.0 -9999.0 -9999.0 -9999.0 -9999.0 -9999.0 -9999.0 -9999.0 -9999.0 -9999.0 -9999.0 -9999.0 -9999.0 -9999.0 -9999.0 -9999.0 -9999.0 -9999.0 -9999.0 -9999.0 -9999.0 -9999.0 -9999.0 -9999.0 -9999.0 -9999.0 -9999.0 -9999.0 -9999.0 -9999.0 -9999.0 -9999.0 -9999.0 -9999.0 -9999.0 -9999.0 -9999.0 -9999.0 -9999.0 -9999.0 -9999.0 -9999.0 -9999.0 -9999.0 -9999.0 -9999.0 -9999.0 -9999.0 -9999.0 -9999.0 -9999.0 -9999.0 -9999.0 -9999.0 -9999.0 -9999.0 -9999.0 -9999.0 -9999.0 -9999.0 -9999.0 -9999.0 -9999.0 -9999.0 -9999.0 -9999.0 -9999.0 -9999.0 -9999.0 -9999.0 -9999.0 -9999.0 -9999.0 -9999.0 -9999.0 -9999.0
-9999.0 -9999.0 29.822445 -27.071928 -72.559962 -107.885607 -135.148631 -156.329210 -172.954013 -186.106184 -238.839818 -284.515064 -294.494270 -299.618364 -227.474410 -223.782956 -220.858072 -218.520274 -216.651506 -215.152814 -213.940900 -212.944952 -212.103699 -211.362633 -210.671321 -209.980706 -209.240283 -208.394990 -207.381626 -206.124550 -204.530341 -202.481024 -199.825306 -196.367144 -191.850756 -185.941081 -178.198804 -168.050208 -154.756342 -137.399922 -114.950805 -86.659755 -679.084897 -659.389825 -645.191522 -636.843727 -634.233311 -633.018708 -632.751773 -632.725290 -632.722976 -632.723065 -632.723386 -632.723940 -632.726911 -632.754150 -633.019660 -634.226451 -636.755118 -644.308807 -657.727860 -676.553268 -79.517876 -113.256075 -138.213109 -156.699411 -170.459687 -180.761611 -188.519197 -194.394650 -198.871938 -202.308270 -204.970086 -207.058468 -208.727364 -210.096875 -211.263153 -212.305973 -213.294724 -214.293360 -215.364745 -216.574705 -217.996082 -219.713053 -221.825968 -224.456986 -227.756795 -231.912754 -237.158784 -243.787345 -252.163704 -262.742465 -276.085828 -292.882256 -313.963128 -340.313710 -373.073805 -413.523389 -463.050347 -523.101265 -595.121311 -680.493103 -9999.0 -9999.0
-9999.0 -9999.0 29.972839 -27.025853 -72.545204 -107.880703 -135.146954 -156.328624 -172.953805 -186.106109 -238.839793 -284.515054 -294.494267 -299.618362 -227.474410 -223.782956 -220.858072 -218.520274 -216.651506 -215.152814 -213.940900 -212.944952 -212.103699 -211.362633 -210.671321 -209.980706 -209.240283 -208.394990 -207.381627 -206.124550 -204.530341 -202.481023 -199.825306 -196.367144 -191.850756 -185.941081 -178.198804 -168.050208 -154.756342 -137.399922 -114.950805 -86.659755 -679.084898 -659.389825 -645.191522 -636.843727 -634.233311 -633.018708 -632.751772 -632.725290 -632.722976 -632.723065 -632.723386 -632.723940 -632.726911 -632.754150 -633.019661 -634.226451 -636.755118 -644.308807 -657.727860 -676.553268 -79.517876 -113.256075 -138.213109 -156.699411 -170.459687 -180.761611 -188.519197 -194.394650 -198.871938 -202.308270 -204.970086 -207.058468 -208.727364 -210.096875 -211.263153 -212.305973 -213.294724 -214.293359 -215.364745 -216.574705 -217.996082 -219.713053 -221.825968 -224.456986 -227.756795 -231.912753 -237.158784 -243.787345 -252.163704 -262.742465 -276.085828 -292.882255 -313.963126 -340.313708 -373.073803 -413.523386 -463.050344 -523.101262 -595.121308 -680.493099 -9999.0 -9999.0
-9999.0 -9999.0 29.992310 -27.007197 -72.536068 -107.876942 -135.145507 -156.328085 -172.953607 -186.106037 -238.839768 -284.515044 -294.494263 -299.618361 -227.474409 -223.782956 -220.858072 -218.520274 -216.651506 -215.152814 -213.940900 -212.944952 -212.103699 -211.362633 -210.671321 -209.980706 -209.240283 -208.394990 -207.381627 -206.124550 -204.530341 -202.481024 -199.825306 -196.367144 -191.850756 -185.941081 -178.198804 -168.050208 -154.756342 -137.399922 -114.950805 -86.659755 -679.084898 -659.389825 -645.191522 -636.843727 -634.233311 -633.018708 -632.751773 -632.725290 -632.722976 -632.723065 -632.723386 -632.723940 -632.726911 -632.754150 -633.019661 -634.226451 -636.755118 -644.308807 -657.727860 -676.553268 -79.517876 -113.256075 -138.213109 -156.699411 -170.459687 -180.761611 -188.519197 -194.394650 -198.871938 -202.308270 -204.970086 -207.058468 -208.727364 -210.096875 -211.263153 -212.305973 -213.294724 -214.293359 -215.364745 -216.574705 -217.996082 -219.713053 -221.825968 -224.456985 -227.756794 -231.912753 -237.158783 -243.787344 -252.163703 -262.742464 -276.085827 -292.882255 -313.963126 -340.313708 -373.073802 -413.523385 -463.050342 -523.101260 -595.121306 -680.493097 -9999.0 -9999.0
-9999.0 -9999.0 29.992310 -27.007197 -72.536069 -107.876942 -135.145507 -156.328085 -172.953607 -186.106037 -238.839768 -284.515044 -294.494263 -299.618361 -227.474409 -223.782955 -220.858072 -218.520274 -216.651506 -215.152814 -213.940900 -212.944952 -212.103699 -211.362633 -210.671321 -209.980706 -209.240283 -208.394990 -207.381627 -206.124550 -204.530341 -202.481024 -199.825306 -196.367144 -191.850756 -185.941081 -178.198804 -168.050208 -154.756342 -137.399922 -114.950805 -86.659755 -679.084898 -659.389825 -645.191522 -636.843727 -634.233311 -633.018708 -632.751773 -632.725290 -632.722976 -632.723065 -632.723386 -632.723940 -632.726911 -632.754150 -633.019661 -634.226451 -636.755118 -644.308807 -657.727860 -676.553268 -79.517876 -113.256075 -138.213109 -156.699411 -170.459687 -180.761611 -188.519197 -194.394650 -198.871938 -202.308270 -204.970086 -207.058468 -208.727364 -210.096875 -211.263153 -212.305973 -213.294724 -214.293359 -215.364745 -216.574705 -217.996082 -219.713053 -221.825968 -224.456985 -227.756794 -231.912753 -237.158783 -243.787344 -252.163703 -262.742464 -276.085827 -292.882255 -313.963126 -340.313708 -373.073802 -413.523385 -463.050342 -523.101260 -595.121306 -680.493097 -9999.0 -9999.0
-9999.0 -9999.0 29.972839 -27.025853 -72.545204 -107.880703 -135.146953 -156.328624 -172.953805 -186.106109 -238.839793 -284.515054 -294.494267 -299.618362 -227.474410 -223.782956 -220.858072 -218.520274 -216.651506 -215.152814 -213.940900 -212.944952 -212.103699 -211.362633 -210.671321 -209.980706 -209.240283 -208.394990 -207.381627 -206.124550 -204.530341 -202.481024 -199.825306 -196.367144 -191.850756 -185.941081 -178.198804 -168.050208 -154.756342 -137.399922 -114.950805 -86.659755 -679.084898 -659.389825 -645.191522 -636.843727 -634.233311 -633.018708 -632.751772 -632.725290 -632.722976 -632.723065 -632.723386 -632.723940 -632.726911 -632.754150 -633.019661 -634.226451 -636.755118 -644.308807 -657.727860 -676.553268 -79.517876 -113.256075 -138.213109 -156.699411 -170.459687 -180.761611 -188.519197 -194.394650 -198.871938 -202.308270 -204.970086 -207.058468 -208.727364 -210.096875 -211.263153 -212.305973 -213.294724 -214.293359 -215.364745 -216.574705 -217.996082 -219.713053 -221.825968 -224.456986 -227.756795 -231.912753 -237.158783 -243.787345 -252.163704 -262.742465 -276.085828 -292.882255 -313.963126 -340.313708 -373.073803 -413.523386 -463.050344 -523.101262 -595.121308 -680.493099 -9999.0 -9999.0
-9999.0 -9999.0 29.822445 -27.071928 -72.559962 -107.885607 -135.148631 -156.329210 -172.954013 -186.106184 -238.839818 -284.515064 -294.494270 -299.618364 -227.474410 -223.782956 -220.858072 -218.520274 -216.651506 -215.152814 -213.940900 -212.944952 -212.103699 -211.362633 -210.671321 -209.980706 -209.240283 -208.394990 -207.381626 -206.124550 -204.530341 -202.481024 -199.825306 -196.367144 -191.850756 -185.941081 -178.198804 -168.050208 -154.756342 -137.399922 -114.950805 -86.659755 -679.084897 -659.389825 -645.191522 -636.843727 -634.233311 -633.018708 -632.751773 -632.725290 -632.722976 -632.723065 -632.723386 -632.723940 -632.726911 -632.754150 -633.019660 -634.226451 -636.755118 -644.308807 -657.727860 -676.553268 -79.517876 -113.256075 -138.213109 -156.699411 -170.459687 -180.761611 -188.519197 -194.394650 -198.871938 -202.308270 -204.970086 -207.058468 -208.727364 -210.096875 -211.263153 -212.305973 -213.294724 -214.293360 -215.364745 -216.574705 -217.996082 -219.713053 -221.825968 -224.456986 -227.756795 -231.912754 -237.158784 -243.787345 -252.163704 -262.742465 -276.085829 -292.882256 -313.963128 -340.313710 -373.073805 -413.523389 -463.050347 -523.101265 -595.121311 -680.493102 -9999.0 -9999.0
-9999.0 -9999.0 -9999.0 -9999.0 -9999.0 -9999.0 -9999.0 -9999.0 -9999.0 -9999.0 -9999.0 -9999.0 -9999.0 -9999.0 -9999.0 -9999.0 -9999.0 -9999.0 -9999.0 -9999.0 -9999.0 -9999.0 -9999.0 -9999.0 -9999.0 -9999.0 -9999.0 -9999.0 -9999.0 -9999.0 -9999.0 -9999.0 -9999.0 -9999.0 -9999.0 -9999.0 -9999.0 -9999.0 -9999.0 -9999.0 -9999.0 -9999.0 -9999.0 -9999.0 -9999.0 -9999.0 -9999.0 -9999.0 -9999.0 -9999.0 -9999.0 -9999.0 -9999.0 -9999.0 -9999.0 -9999.0 -9999.0 -9999.0 -9999.0 -9999.0 -9999.0 -9999.0 -9999.0 -9999.0 -9999.0 -9999.0 -9999.0 -9999.0 -9999.0 -9999.0 -9999.0 -9999.0 -9999.0 -9999.0 -9999.0 -9999.0 -9999.0 -9999.0 -9999.0 -9999.0 -9999.0 -9999.0 -9999.0 -9999.0 -9999.0 -9999.0 -9999.0 -9999.0 -9999.0 -9999.0 -9999.0 -9999.0 -9999.0 -9999.0 -9999.0 -9999.0 -9999.0 -9999.0 -9999.0 -9999.0 -9999.0 -9999.0 -9999.0 -9999.0
-9999.0 -9999.0 -9999.0 -9999.0 -9999.0 -9999.0 -9999.0 -9999.0 -9999.0 -9999.0 -9999.0 -9999.0 -9999.0 -9999.0 -9999.0 -9999.0 -9999.0 -9999.0 -9999.0 -9999.0 -9999.0 -9999.0 -9999.0 -9999.0 -9999.0 -9999.0 -9999.0 -9999.0 -9999.0 -9999.0 -9999.0 -9999.0 -9999.0 -9999.0 -9999.0 -9999.0 -9999.0 -9999.0 -9999.0 -9999.0 -9999.0 -9999.0 -9999.0 -9999.0 -9999.0 -9999.0 -9999.0 -9999.0 -9999.0 -9999.0 -9999.0 -9999.0 -9999.0 -9999.0 -9999.0 -9999.0 -9999.0 -9999.0 -9999.0 -9999.0 -9999.0 -9999.0 -9999.0 -9999.0 -9999.0 -9999.0 -9999.0 -9999.0 -9999.0 -9999.0 -9999.0 -9999.0 -9999.0 -9999.0 -9999.0 -9999.0 -9999.0 -9999.0 -9999.0 -9999.0 -9999.0 -9999.0 -9999.0 -9999.0 -9999.0 -9999.0 -9999.0 -9999.0 -9999.0 -9999.0 -9999.0 -9999.0 -9999.0 -9999.0 -9999.0 -9999.0 -9999.0 -9999.0 -9999.0 -9999.0 -9999.0 -9999.0 -9999.0 -9999.0