inst/processing_geotop_simulation/geotop_simulation/out/maps3D/PwL0009N0453.asc
ncols         104
nrows         10
xllcorner     -2.000000
yllcorner     0.000000
cellsize      1.000000
NODATA_value  -9999.0
-9999.0 -9999.0 -9999.0 -9999.0 -9999.0 -9999.0 -9999.0 -9999.0 -9999.0 -9999.0 -9999.0 -9999.0 -9999.0 -9999.0 -9999.0 -9999.0 -9999.0 -9999.0 -9999.0 -9999.0 -9999.0 -9999.0 -9999.0 -9999.0 -9999.0 -9999.0 -9999.0 -9999.0 -9999.0 -9999.0 -9999.0 -9999.0 -9999.0 -9999.0 -9999.0 -9999.0 -9999.0 -9999.0 -9999.0 -9999.0 -9999.0 -9999.0 -9999.0 -9999.0 -9999.0 -9999.0 -9999.0 -9999.0 -9999.0 -9999.0 -9999.0 -9999.0 -9999.0 -9999.0 -9999.0 -9999.0 -9999.0 -9999.0 -9999.0 -9999.0 -9999.0 -9999.0 -9999.0 -9999.0 -9999.0 -9999.0 -9999.0 -9999.0 -9999.0 -9999.0 -9999.0 -9999.0 -9999.0 -9999.0 -9999.0 -9999.0 -9999.0 -9999.0 -9999.0 -9999.0 -9999.0 -9999.0 -9999.0 -9999.0 -9999.0 -9999.0 -9999.0 -9999.0 -9999.0 -9999.0 -9999.0 -9999.0 -9999.0 -9999.0 -9999.0 -9999.0 -9999.0 -9999.0 -9999.0 -9999.0 -9999.0 -9999.0 -9999.0 -9999.0
-9999.0 -9999.0 -9999.0 -9999.0 -9999.0 -9999.0 -9999.0 -9999.0 -9999.0 -9999.0 -9999.0 -9999.0 -9999.0 -9999.0 -9999.0 -9999.0 -9999.0 -9999.0 -9999.0 -9999.0 -9999.0 -9999.0 -9999.0 -9999.0 -9999.0 -9999.0 -9999.0 -9999.0 -9999.0 -9999.0 -9999.0 -9999.0 -9999.0 -9999.0 -9999.0 -9999.0 -9999.0 -9999.0 -9999.0 -9999.0 -9999.0 -9999.0 -9999.0 -9999.0 -9999.0 -9999.0 -9999.0 -9999.0 -9999.0 -9999.0 -9999.0 -9999.0 -9999.0 -9999.0 -9999.0 -9999.0 -9999.0 -9999.0 -9999.0 -9999.0 -9999.0 -9999.0 -9999.0 -9999.0 -9999.0 -9999.0 -9999.0 -9999.0 -9999.0 -9999.0 -9999.0 -9999.0 -9999.0 -9999.0 -9999.0 -9999.0 -9999.0 -9999.0 -9999.0 -9999.0 -9999.0 -9999.0 -9999.0 -9999.0 -9999.0 -9999.0 -9999.0 -9999.0 -9999.0 -9999.0 -9999.0 -9999.0 -9999.0 -9999.0 -9999.0 -9999.0 -9999.0 -9999.0 -9999.0 -9999.0 -9999.0 -9999.0 -9999.0 -9999.0
-9999.0 -9999.0 422.715183 324.067803 224.955304 125.642543 26.247316 -73.179278 -172.616131 -272.050983 -371.471518 -470.860453 -570.184404 -669.378375 -768.483639 -867.610540 -966.666363 -1065.644917 -1164.293911 -1262.090277 -1358.469727 -1452.029291 -1540.515790 -1621.233692 -1691.863877 -1751.121687 -1798.935951 -1836.219791 -1864.465873 -1885.363538 -1900.531195 -1911.372943 -1919.029310 -1924.384994 -1928.104420 -1930.678101 -1932.478362 -1933.856650 -1935.383326 -1938.120895 -1939.866252 -1897.299211 -1289.120784 -1383.713602 -1355.008590 -1335.666174 -1326.725070 -1325.410001 -1325.269969 -1325.281657 -1325.314856 -1325.350660 -1325.385077 -1325.416954 -1325.446616 -1325.481815 -1325.595617 -1326.369006 -1331.068478 -1341.554833 -1352.648703 -1243.914234 -1863.780179 -1933.052190 -1937.080091 -1936.576470 -1936.351943 -1936.301823 -1936.293025 -1936.291985 -1936.292229 -1936.292614 -1936.292952 -1936.293226 -1936.293447 -1936.293629 -1936.293783 -1936.293917 -1936.294038 -1936.294153 -1936.294269 -1936.294396 -1936.294546 -1936.294739 -1936.295002 -1936.295381 -1936.295951 -1936.296837 -1936.298256 -1936.300595 -1936.304571 -1936.311552 -1936.324221 -1936.347970 -1936.393934 -1936.486049 -1936.678792 -1937.105474 -1938.119897 -1940.755073 -1948.393836 -1973.555097 -9999.0 -9999.0
-9999.0 -9999.0 422.721035 324.069358 224.955730 125.642671 26.247357 -73.179264 -172.616126 -272.050981 -371.471517 -470.860452 -570.184403 -669.378375 -768.483639 -867.610540 -966.666363 -1065.644917 -1164.293911 -1262.090278 -1358.469727 -1452.029291 -1540.515790 -1621.233692 -1691.863877 -1751.121687 -1798.935951 -1836.219791 -1864.465873 -1885.363538 -1900.531195 -1911.372943 -1919.029310 -1924.384994 -1928.104420 -1930.678101 -1932.478362 -1933.856650 -1935.383326 -1938.120895 -1939.866252 -1897.299211 -1289.120784 -1383.713602 -1355.008590 -1335.666174 -1326.725070 -1325.410001 -1325.269969 -1325.281657 -1325.314856 -1325.350660 -1325.385077 -1325.416954 -1325.446616 -1325.481815 -1325.595617 -1326.369006 -1331.068478 -1341.554833 -1352.648703 -1243.914234 -1863.780179 -1933.052190 -1937.080091 -1936.576470 -1936.351943 -1936.301823 -1936.293025 -1936.291985 -1936.292229 -1936.292614 -1936.292952 -1936.293225 -1936.293447 -1936.293629 -1936.293783 -1936.293917 -1936.294038 -1936.294153 -1936.294269 -1936.294396 -1936.294546 -1936.294739 -1936.295002 -1936.295381 -1936.295951 -1936.296837 -1936.298256 -1936.300595 -1936.304571 -1936.311552 -1936.324221 -1936.347970 -1936.393934 -1936.486049 -1936.678792 -1937.105474 -1938.119897 -1940.755073 -1948.393836 -1973.555097 -9999.0 -9999.0
-9999.0 -9999.0 422.722330 324.070043 224.956004 125.642772 26.247393 -73.179251 -172.616121 -272.050979 -371.471516 -470.860451 -570.184403 -669.378375 -768.483639 -867.610540 -966.666363 -1065.644917 -1164.293911 -1262.090278 -1358.469727 -1452.029291 -1540.515790 -1621.233692 -1691.863877 -1751.121687 -1798.935951 -1836.219791 -1864.465874 -1885.363538 -1900.531195 -1911.372943 -1919.029310 -1924.384994 -1928.104420 -1930.678101 -1932.478362 -1933.856650 -1935.383326 -1938.120895 -1939.866252 -1897.299211 -1289.120784 -1383.713602 -1355.008589 -1335.666174 -1326.725070 -1325.410001 -1325.269969 -1325.281657 -1325.314856 -1325.350660 -1325.385077 -1325.416954 -1325.446616 -1325.481815 -1325.595617 -1326.369006 -1331.068478 -1341.554833 -1352.648703 -1243.914234 -1863.780179 -1933.052190 -1937.080091 -1936.576470 -1936.351943 -1936.301823 -1936.293025 -1936.291985 -1936.292229 -1936.292614 -1936.292952 -1936.293225 -1936.293447 -1936.293629 -1936.293783 -1936.293917 -1936.294038 -1936.294153 -1936.294269 -1936.294396 -1936.294546 -1936.294739 -1936.295002 -1936.295381 -1936.295951 -1936.296837 -1936.298256 -1936.300595 -1936.304571 -1936.311552 -1936.324221 -1936.347970 -1936.393934 -1936.486049 -1936.678792 -1937.105474 -1938.119897 -1940.755073 -1948.393836 -1973.555097 -9999.0 -9999.0
-9999.0 -9999.0 422.722330 324.070043 224.956004 125.642772 26.247393 -73.179251 -172.616121 -272.050979 -371.471516 -470.860451 -570.184403 -669.378375 -768.483639 -867.610540 -966.666363 -1065.644917 -1164.293911 -1262.090278 -1358.469727 -1452.029291 -1540.515790 -1621.233692 -1691.863877 -1751.121687 -1798.935951 -1836.219791 -1864.465874 -1885.363538 -1900.531195 -1911.372943 -1919.029310 -1924.384994 -1928.104420 -1930.678101 -1932.478362 -1933.856650 -1935.383326 -1938.120895 -1939.866252 -1897.299211 -1289.120784 -1383.713602 -1355.008589 -1335.666174 -1326.725070 -1325.410001 -1325.269969 -1325.281657 -1325.314856 -1325.350660 -1325.385077 -1325.416954 -1325.446616 -1325.481815 -1325.595617 -1326.369006 -1331.068478 -1341.554833 -1352.648703 -1243.914234 -1863.780179 -1933.052190 -1937.080091 -1936.576470 -1936.351943 -1936.301823 -1936.293025 -1936.291985 -1936.292229 -1936.292614 -1936.292952 -1936.293225 -1936.293447 -1936.293629 -1936.293783 -1936.293917 -1936.294038 -1936.294153 -1936.294269 -1936.294396 -1936.294546 -1936.294739 -1936.295002 -1936.295381 -1936.295951 -1936.296837 -1936.298256 -1936.300595 -1936.304571 -1936.311552 -1936.324221 -1936.347970 -1936.393934 -1936.486049 -1936.678792 -1937.105474 -1938.119897 -1940.755073 -1948.393836 -1973.555097 -9999.0 -9999.0
-9999.0 -9999.0 422.721035 324.069358 224.955730 125.642671 26.247357 -73.179264 -172.616126 -272.050981 -371.471517 -470.860452 -570.184403 -669.378375 -768.483639 -867.610540 -966.666363 -1065.644917 -1164.293911 -1262.090278 -1358.469727 -1452.029291 -1540.515790 -1621.233692 -1691.863877 -1751.121687 -1798.935951 -1836.219791 -1864.465873 -1885.363538 -1900.531195 -1911.372943 -1919.029310 -1924.384994 -1928.104420 -1930.678101 -1932.478362 -1933.856650 -1935.383326 -1938.120895 -1939.866252 -1897.299211 -1289.120784 -1383.713602 -1355.008590 -1335.666174 -1326.725070 -1325.410001 -1325.269969 -1325.281657 -1325.314856 -1325.350660 -1325.385077 -1325.416954 -1325.446616 -1325.481815 -1325.595617 -1326.369006 -1331.068478 -1341.554833 -1352.648703 -1243.914234 -1863.780179 -1933.052190 -1937.080091 -1936.576470 -1936.351943 -1936.301823 -1936.293025 -1936.291985 -1936.292229 -1936.292614 -1936.292952 -1936.293225 -1936.293447 -1936.293629 -1936.293783 -1936.293917 -1936.294038 -1936.294153 -1936.294269 -1936.294396 -1936.294546 -1936.294739 -1936.295002 -1936.295381 -1936.295951 -1936.296837 -1936.298256 -1936.300595 -1936.304571 -1936.311552 -1936.324221 -1936.347970 -1936.393934 -1936.486049 -1936.678792 -1937.105474 -1938.119897 -1940.755073 -1948.393836 -1973.555097 -9999.0 -9999.0
-9999.0 -9999.0 422.715183 324.067803 224.955304 125.642543 26.247316 -73.179278 -172.616131 -272.050983 -371.471518 -470.860453 -570.184404 -669.378375 -768.483639 -867.610540 -966.666363 -1065.644917 -1164.293911 -1262.090277 -1358.469726 -1452.029291 -1540.515790 -1621.233692 -1691.863877 -1751.121687 -1798.935951 -1836.219791 -1864.465873 -1885.363538 -1900.531195 -1911.372943 -1919.029310 -1924.384994 -1928.104420 -1930.678101 -1932.478362 -1933.856650 -1935.383326 -1938.120895 -1939.866252 -1897.299211 -1289.120784 -1383.713602 -1355.008590 -1335.666174 -1326.725070 -1325.410001 -1325.269969 -1325.281657 -1325.314856 -1325.350660 -1325.385077 -1325.416954 -1325.446616 -1325.481815 -1325.595617 -1326.369006 -1331.068478 -1341.554833 -1352.648703 -1243.914234 -1863.780179 -1933.052190 -1937.080091 -1936.576470 -1936.351943 -1936.301823 -1936.293025 -1936.291985 -1936.292229 -1936.292614 -1936.292952 -1936.293226 -1936.293447 -1936.293629 -1936.293783 -1936.293917 -1936.294038 -1936.294153 -1936.294269 -1936.294396 -1936.294546 -1936.294739 -1936.295002 -1936.295381 -1936.295951 -1936.296837 -1936.298256 -1936.300595 -1936.304571 -1936.311552 -1936.324221 -1936.347970 -1936.393934 -1936.486049 -1936.678792 -1937.105474 -1938.119897 -1940.755073 -1948.393836 -1973.555097 -9999.0 -9999.0
-9999.0 -9999.0 -9999.0 -9999.0 -9999.0 -9999.0 -9999.0 -9999.0 -9999.0 -9999.0 -9999.0 -9999.0 -9999.0 -9999.0 -9999.0 -9999.0 -9999.0 -9999.0 -9999.0 -9999.0 -9999.0 -9999.0 -9999.0 -9999.0 -9999.0 -9999.0 -9999.0 -9999.0 -9999.0 -9999.0 -9999.0 -9999.0 -9999.0 -9999.0 -9999.0 -9999.0 -9999.0 -9999.0 -9999.0 -9999.0 -9999.0 -9999.0 -9999.0 -9999.0 -9999.0 -9999.0 -9999.0 -9999.0 -9999.0 -9999.0 -9999.0 -9999.0 -9999.0 -9999.0 -9999.0 -9999.0 -9999.0 -9999.0 -9999.0 -9999.0 -9999.0 -9999.0 -9999.0 -9999.0 -9999.0 -9999.0 -9999.0 -9999.0 -9999.0 -9999.0 -9999.0 -9999.0 -9999.0 -9999.0 -9999.0 -9999.0 -9999.0 -9999.0 -9999.0 -9999.0 -9999.0 -9999.0 -9999.0 -9999.0 -9999.0 -9999.0 -9999.0 -9999.0 -9999.0 -9999.0 -9999.0 -9999.0 -9999.0 -9999.0 -9999.0 -9999.0 -9999.0 -9999.0 -9999.0 -9999.0 -9999.0 -9999.0 -9999.0 -9999.0
-9999.0 -9999.0 -9999.0 -9999.0 -9999.0 -9999.0 -9999.0 -9999.0 -9999.0 -9999.0 -9999.0 -9999.0 -9999.0 -9999.0 -9999.0 -9999.0 -9999.0 -9999.0 -9999.0 -9999.0 -9999.0 -9999.0 -9999.0 -9999.0 -9999.0 -9999.0 -9999.0 -9999.0 -9999.0 -9999.0 -9999.0 -9999.0 -9999.0 -9999.0 -9999.0 -9999.0 -9999.0 -9999.0 -9999.0 -9999.0 -9999.0 -9999.0 -9999.0 -9999.0 -9999.0 -9999.0 -9999.0 -9999.0 -9999.0 -9999.0 -9999.0 -9999.0 -9999.0 -9999.0 -9999.0 -9999.0 -9999.0 -9999.0 -9999.0 -9999.0 -9999.0 -9999.0 -9999.0 -9999.0 -9999.0 -9999.0 -9999.0 -9999.0 -9999.0 -9999.0 -9999.0 -9999.0 -9999.0 -9999.0 -9999.0 -9999.0 -9999.0 -9999.0 -9999.0 -9999.0 -9999.0 -9999.0 -9999.0 -9999.0 -9999.0 -9999.0 -9999.0 -9999.0 -9999.0 -9999.0 -9999.0 -9999.0 -9999.0 -9999.0 -9999.0 -9999.0 -9999.0 -9999.0 -9999.0 -9999.0 -9999.0 -9999.0 -9999.0 -9999.0