inst/processing_geotop_simulation/geotop_simulation/out/maps3D/PwL0007N0450.asc
ncols         104
nrows         10
xllcorner     -2.000000
yllcorner     0.000000
cellsize      1.000000
NODATA_value  -9999.0
-9999.0 -9999.0 -9999.0 -9999.0 -9999.0 -9999.0 -9999.0 -9999.0 -9999.0 -9999.0 -9999.0 -9999.0 -9999.0 -9999.0 -9999.0 -9999.0 -9999.0 -9999.0 -9999.0 -9999.0 -9999.0 -9999.0 -9999.0 -9999.0 -9999.0 -9999.0 -9999.0 -9999.0 -9999.0 -9999.0 -9999.0 -9999.0 -9999.0 -9999.0 -9999.0 -9999.0 -9999.0 -9999.0 -9999.0 -9999.0 -9999.0 -9999.0 -9999.0 -9999.0 -9999.0 -9999.0 -9999.0 -9999.0 -9999.0 -9999.0 -9999.0 -9999.0 -9999.0 -9999.0 -9999.0 -9999.0 -9999.0 -9999.0 -9999.0 -9999.0 -9999.0 -9999.0 -9999.0 -9999.0 -9999.0 -9999.0 -9999.0 -9999.0 -9999.0 -9999.0 -9999.0 -9999.0 -9999.0 -9999.0 -9999.0 -9999.0 -9999.0 -9999.0 -9999.0 -9999.0 -9999.0 -9999.0 -9999.0 -9999.0 -9999.0 -9999.0 -9999.0 -9999.0 -9999.0 -9999.0 -9999.0 -9999.0 -9999.0 -9999.0 -9999.0 -9999.0 -9999.0 -9999.0 -9999.0 -9999.0 -9999.0 -9999.0 -9999.0 -9999.0
-9999.0 -9999.0 -9999.0 -9999.0 -9999.0 -9999.0 -9999.0 -9999.0 -9999.0 -9999.0 -9999.0 -9999.0 -9999.0 -9999.0 -9999.0 -9999.0 -9999.0 -9999.0 -9999.0 -9999.0 -9999.0 -9999.0 -9999.0 -9999.0 -9999.0 -9999.0 -9999.0 -9999.0 -9999.0 -9999.0 -9999.0 -9999.0 -9999.0 -9999.0 -9999.0 -9999.0 -9999.0 -9999.0 -9999.0 -9999.0 -9999.0 -9999.0 -9999.0 -9999.0 -9999.0 -9999.0 -9999.0 -9999.0 -9999.0 -9999.0 -9999.0 -9999.0 -9999.0 -9999.0 -9999.0 -9999.0 -9999.0 -9999.0 -9999.0 -9999.0 -9999.0 -9999.0 -9999.0 -9999.0 -9999.0 -9999.0 -9999.0 -9999.0 -9999.0 -9999.0 -9999.0 -9999.0 -9999.0 -9999.0 -9999.0 -9999.0 -9999.0 -9999.0 -9999.0 -9999.0 -9999.0 -9999.0 -9999.0 -9999.0 -9999.0 -9999.0 -9999.0 -9999.0 -9999.0 -9999.0 -9999.0 -9999.0 -9999.0 -9999.0 -9999.0 -9999.0 -9999.0 -9999.0 -9999.0 -9999.0 -9999.0 -9999.0 -9999.0 -9999.0
-9999.0 -9999.0 323.541130 225.059032 125.978053 26.678109 -72.706349 -172.125557 -271.555318 -370.979104 -470.381229 -569.733839 -668.981144 -768.115402 -867.232930 -966.320350 -1065.351363 -1164.156232 -1262.379004 -1359.694061 -1455.212419 -1547.237760 -1633.189030 -1710.222656 -1776.206434 -1830.317972 -1873.020783 -1905.652071 -1929.941526 -1947.644861 -1960.333232 -1969.307063 -1975.587419 -1979.946653 -1982.953865 -1985.023396 -1986.468359 -1987.592722 -1988.922255 -1991.441264 -1992.180315 -1937.064467 -1242.321708 -1280.804952 -1262.424163 -1249.992334 -1244.189143 -1243.305353 -1243.209781 -1243.217406 -1243.239703 -1243.263787 -1243.286947 -1243.308403 -1243.328399 -1243.352393 -1243.431142 -1243.958643 -1247.039346 -1253.850902 -1261.537786 -1211.140870 -1906.907585 -1985.789600 -1990.243863 -1989.765403 -1989.547420 -1989.499225 -1989.490857 -1989.489898 -1989.490154 -1989.490537 -1989.490869 -1989.491136 -1989.491348 -1989.491521 -1989.491665 -1989.491788 -1989.491898 -1989.492001 -1989.492105 -1989.492219 -1989.492356 -1989.492535 -1989.492785 -1989.493151 -1989.493710 -1989.494586 -1989.495998 -1989.498336 -1989.502320 -1989.509323 -1989.522034 -1989.545851 -1989.591890 -1989.683940 -1989.875881 -1990.298940 -1991.300366 -1993.893803 -2001.412904 -2026.313521 -9999.0 -9999.0
-9999.0 -9999.0 323.547962 225.060683 125.978491 26.678239 -72.706308 -172.125543 -271.555313 -370.979102 -470.381228 -569.733839 -668.981144 -768.115402 -867.232930 -966.320350 -1065.351363 -1164.156233 -1262.379004 -1359.694061 -1455.212419 -1547.237760 -1633.189030 -1710.222656 -1776.206434 -1830.317972 -1873.020783 -1905.652071 -1929.941526 -1947.644861 -1960.333232 -1969.307063 -1975.587419 -1979.946653 -1982.953865 -1985.023396 -1986.468359 -1987.592722 -1988.922255 -1991.441264 -1992.180315 -1937.064467 -1242.321708 -1280.804952 -1262.424163 -1249.992333 -1244.189143 -1243.305353 -1243.209781 -1243.217406 -1243.239703 -1243.263787 -1243.286947 -1243.308403 -1243.328399 -1243.352393 -1243.431142 -1243.958643 -1247.039346 -1253.850902 -1261.537786 -1211.140870 -1906.907585 -1985.789600 -1990.243863 -1989.765403 -1989.547420 -1989.499225 -1989.490857 -1989.489898 -1989.490154 -1989.490537 -1989.490869 -1989.491136 -1989.491348 -1989.491521 -1989.491665 -1989.491788 -1989.491898 -1989.492001 -1989.492105 -1989.492219 -1989.492356 -1989.492535 -1989.492785 -1989.493151 -1989.493710 -1989.494586 -1989.495998 -1989.498336 -1989.502320 -1989.509323 -1989.522034 -1989.545851 -1989.591890 -1989.683940 -1989.875881 -1990.298940 -1991.300366 -1993.893803 -2001.412904 -2026.313521 -9999.0 -9999.0
-9999.0 -9999.0 323.549255 225.061386 125.978770 26.678341 -72.706271 -172.125530 -271.555308 -370.979100 -470.381227 -569.733838 -668.981144 -768.115402 -867.232930 -966.320350 -1065.351364 -1164.156233 -1262.379004 -1359.694061 -1455.212419 -1547.237760 -1633.189031 -1710.222656 -1776.206434 -1830.317972 -1873.020783 -1905.652071 -1929.941526 -1947.644861 -1960.333232 -1969.307063 -1975.587419 -1979.946653 -1982.953865 -1985.023396 -1986.468359 -1987.592722 -1988.922255 -1991.441264 -1992.180315 -1937.064467 -1242.321708 -1280.804952 -1262.424163 -1249.992333 -1244.189143 -1243.305353 -1243.209781 -1243.217406 -1243.239703 -1243.263787 -1243.286947 -1243.308403 -1243.328399 -1243.352393 -1243.431142 -1243.958643 -1247.039346 -1253.850902 -1261.537786 -1211.140870 -1906.907585 -1985.789600 -1990.243863 -1989.765403 -1989.547420 -1989.499225 -1989.490857 -1989.489898 -1989.490154 -1989.490537 -1989.490869 -1989.491136 -1989.491348 -1989.491521 -1989.491665 -1989.491788 -1989.491898 -1989.492001 -1989.492105 -1989.492219 -1989.492356 -1989.492535 -1989.492785 -1989.493151 -1989.493710 -1989.494586 -1989.495998 -1989.498336 -1989.502320 -1989.509323 -1989.522034 -1989.545851 -1989.591890 -1989.683940 -1989.875881 -1990.298940 -1991.300366 -1993.893803 -2001.412904 -2026.313521 -9999.0 -9999.0
-9999.0 -9999.0 323.549255 225.061386 125.978770 26.678341 -72.706271 -172.125530 -271.555308 -370.979100 -470.381227 -569.733838 -668.981143 -768.115402 -867.232930 -966.320350 -1065.351363 -1164.156233 -1262.379004 -1359.694061 -1455.212419 -1547.237760 -1633.189030 -1710.222656 -1776.206434 -1830.317972 -1873.020783 -1905.652071 -1929.941526 -1947.644861 -1960.333232 -1969.307063 -1975.587419 -1979.946653 -1982.953865 -1985.023396 -1986.468359 -1987.592722 -1988.922255 -1991.441264 -1992.180315 -1937.064467 -1242.321708 -1280.804952 -1262.424163 -1249.992333 -1244.189143 -1243.305353 -1243.209781 -1243.217406 -1243.239703 -1243.263787 -1243.286947 -1243.308403 -1243.328399 -1243.352393 -1243.431142 -1243.958643 -1247.039346 -1253.850902 -1261.537786 -1211.140870 -1906.907585 -1985.789600 -1990.243863 -1989.765403 -1989.547420 -1989.499225 -1989.490857 -1989.489898 -1989.490154 -1989.490537 -1989.490869 -1989.491136 -1989.491348 -1989.491521 -1989.491665 -1989.491788 -1989.491898 -1989.492001 -1989.492105 -1989.492219 -1989.492356 -1989.492535 -1989.492785 -1989.493151 -1989.493710 -1989.494586 -1989.495998 -1989.498336 -1989.502320 -1989.509323 -1989.522034 -1989.545851 -1989.591890 -1989.683940 -1989.875881 -1990.298940 -1991.300366 -1993.893803 -2001.412904 -2026.313521 -9999.0 -9999.0
-9999.0 -9999.0 323.547962 225.060683 125.978491 26.678239 -72.706308 -172.125543 -271.555313 -370.979102 -470.381228 -569.733839 -668.981144 -768.115402 -867.232930 -966.320350 -1065.351363 -1164.156233 -1262.379004 -1359.694061 -1455.212419 -1547.237760 -1633.189030 -1710.222656 -1776.206434 -1830.317972 -1873.020783 -1905.652071 -1929.941526 -1947.644861 -1960.333232 -1969.307063 -1975.587419 -1979.946653 -1982.953865 -1985.023396 -1986.468359 -1987.592722 -1988.922255 -1991.441264 -1992.180315 -1937.064467 -1242.321708 -1280.804952 -1262.424163 -1249.992333 -1244.189143 -1243.305353 -1243.209781 -1243.217406 -1243.239703 -1243.263787 -1243.286947 -1243.308403 -1243.328399 -1243.352393 -1243.431142 -1243.958643 -1247.039346 -1253.850902 -1261.537786 -1211.140870 -1906.907585 -1985.789600 -1990.243863 -1989.765403 -1989.547420 -1989.499225 -1989.490857 -1989.489898 -1989.490154 -1989.490537 -1989.490869 -1989.491136 -1989.491348 -1989.491521 -1989.491665 -1989.491788 -1989.491898 -1989.492001 -1989.492105 -1989.492219 -1989.492356 -1989.492535 -1989.492785 -1989.493151 -1989.493710 -1989.494586 -1989.495998 -1989.498336 -1989.502320 -1989.509323 -1989.522034 -1989.545851 -1989.591890 -1989.683940 -1989.875881 -1990.298940 -1991.300366 -1993.893803 -2001.412904 -2026.313521 -9999.0 -9999.0
-9999.0 -9999.0 323.541130 225.059032 125.978053 26.678109 -72.706349 -172.125557 -271.555318 -370.979105 -470.381229 -569.733839 -668.981144 -768.115402 -867.232930 -966.320350 -1065.351363 -1164.156232 -1262.379004 -1359.694061 -1455.212419 -1547.237760 -1633.189030 -1710.222656 -1776.206434 -1830.317972 -1873.020783 -1905.652071 -1929.941526 -1947.644861 -1960.333232 -1969.307063 -1975.587419 -1979.946653 -1982.953865 -1985.023396 -1986.468359 -1987.592722 -1988.922255 -1991.441264 -1992.180315 -1937.064467 -1242.321708 -1280.804952 -1262.424163 -1249.992334 -1244.189143 -1243.305353 -1243.209781 -1243.217406 -1243.239703 -1243.263787 -1243.286947 -1243.308403 -1243.328399 -1243.352393 -1243.431142 -1243.958643 -1247.039346 -1253.850902 -1261.537786 -1211.140870 -1906.907585 -1985.789600 -1990.243863 -1989.765403 -1989.547420 -1989.499225 -1989.490857 -1989.489898 -1989.490154 -1989.490537 -1989.490869 -1989.491136 -1989.491348 -1989.491521 -1989.491665 -1989.491788 -1989.491898 -1989.492001 -1989.492105 -1989.492219 -1989.492356 -1989.492535 -1989.492785 -1989.493151 -1989.493710 -1989.494586 -1989.495998 -1989.498336 -1989.502320 -1989.509323 -1989.522034 -1989.545851 -1989.591890 -1989.683940 -1989.875881 -1990.298940 -1991.300366 -1993.893803 -2001.412904 -2026.313521 -9999.0 -9999.0
-9999.0 -9999.0 -9999.0 -9999.0 -9999.0 -9999.0 -9999.0 -9999.0 -9999.0 -9999.0 -9999.0 -9999.0 -9999.0 -9999.0 -9999.0 -9999.0 -9999.0 -9999.0 -9999.0 -9999.0 -9999.0 -9999.0 -9999.0 -9999.0 -9999.0 -9999.0 -9999.0 -9999.0 -9999.0 -9999.0 -9999.0 -9999.0 -9999.0 -9999.0 -9999.0 -9999.0 -9999.0 -9999.0 -9999.0 -9999.0 -9999.0 -9999.0 -9999.0 -9999.0 -9999.0 -9999.0 -9999.0 -9999.0 -9999.0 -9999.0 -9999.0 -9999.0 -9999.0 -9999.0 -9999.0 -9999.0 -9999.0 -9999.0 -9999.0 -9999.0 -9999.0 -9999.0 -9999.0 -9999.0 -9999.0 -9999.0 -9999.0 -9999.0 -9999.0 -9999.0 -9999.0 -9999.0 -9999.0 -9999.0 -9999.0 -9999.0 -9999.0 -9999.0 -9999.0 -9999.0 -9999.0 -9999.0 -9999.0 -9999.0 -9999.0 -9999.0 -9999.0 -9999.0 -9999.0 -9999.0 -9999.0 -9999.0 -9999.0 -9999.0 -9999.0 -9999.0 -9999.0 -9999.0 -9999.0 -9999.0 -9999.0 -9999.0 -9999.0 -9999.0
-9999.0 -9999.0 -9999.0 -9999.0 -9999.0 -9999.0 -9999.0 -9999.0 -9999.0 -9999.0 -9999.0 -9999.0 -9999.0 -9999.0 -9999.0 -9999.0 -9999.0 -9999.0 -9999.0 -9999.0 -9999.0 -9999.0 -9999.0 -9999.0 -9999.0 -9999.0 -9999.0 -9999.0 -9999.0 -9999.0 -9999.0 -9999.0 -9999.0 -9999.0 -9999.0 -9999.0 -9999.0 -9999.0 -9999.0 -9999.0 -9999.0 -9999.0 -9999.0 -9999.0 -9999.0 -9999.0 -9999.0 -9999.0 -9999.0 -9999.0 -9999.0 -9999.0 -9999.0 -9999.0 -9999.0 -9999.0 -9999.0 -9999.0 -9999.0 -9999.0 -9999.0 -9999.0 -9999.0 -9999.0 -9999.0 -9999.0 -9999.0 -9999.0 -9999.0 -9999.0 -9999.0 -9999.0 -9999.0 -9999.0 -9999.0 -9999.0 -9999.0 -9999.0 -9999.0 -9999.0 -9999.0 -9999.0 -9999.0 -9999.0 -9999.0 -9999.0 -9999.0 -9999.0 -9999.0 -9999.0 -9999.0 -9999.0 -9999.0 -9999.0 -9999.0 -9999.0 -9999.0 -9999.0 -9999.0 -9999.0 -9999.0 -9999.0 -9999.0 -9999.0