inst/processing_geotop_simulation/geotop_simulation/out/maps3D/PwL0010N0190.asc
ncols         104
nrows         10
xllcorner     -2.000000
yllcorner     0.000000
cellsize      1.000000
NODATA_value  -9999.0
-9999.0 -9999.0 -9999.0 -9999.0 -9999.0 -9999.0 -9999.0 -9999.0 -9999.0 -9999.0 -9999.0 -9999.0 -9999.0 -9999.0 -9999.0 -9999.0 -9999.0 -9999.0 -9999.0 -9999.0 -9999.0 -9999.0 -9999.0 -9999.0 -9999.0 -9999.0 -9999.0 -9999.0 -9999.0 -9999.0 -9999.0 -9999.0 -9999.0 -9999.0 -9999.0 -9999.0 -9999.0 -9999.0 -9999.0 -9999.0 -9999.0 -9999.0 -9999.0 -9999.0 -9999.0 -9999.0 -9999.0 -9999.0 -9999.0 -9999.0 -9999.0 -9999.0 -9999.0 -9999.0 -9999.0 -9999.0 -9999.0 -9999.0 -9999.0 -9999.0 -9999.0 -9999.0 -9999.0 -9999.0 -9999.0 -9999.0 -9999.0 -9999.0 -9999.0 -9999.0 -9999.0 -9999.0 -9999.0 -9999.0 -9999.0 -9999.0 -9999.0 -9999.0 -9999.0 -9999.0 -9999.0 -9999.0 -9999.0 -9999.0 -9999.0 -9999.0 -9999.0 -9999.0 -9999.0 -9999.0 -9999.0 -9999.0 -9999.0 -9999.0 -9999.0 -9999.0 -9999.0 -9999.0 -9999.0 -9999.0 -9999.0 -9999.0 -9999.0 -9999.0
-9999.0 -9999.0 -9999.0 -9999.0 -9999.0 -9999.0 -9999.0 -9999.0 -9999.0 -9999.0 -9999.0 -9999.0 -9999.0 -9999.0 -9999.0 -9999.0 -9999.0 -9999.0 -9999.0 -9999.0 -9999.0 -9999.0 -9999.0 -9999.0 -9999.0 -9999.0 -9999.0 -9999.0 -9999.0 -9999.0 -9999.0 -9999.0 -9999.0 -9999.0 -9999.0 -9999.0 -9999.0 -9999.0 -9999.0 -9999.0 -9999.0 -9999.0 -9999.0 -9999.0 -9999.0 -9999.0 -9999.0 -9999.0 -9999.0 -9999.0 -9999.0 -9999.0 -9999.0 -9999.0 -9999.0 -9999.0 -9999.0 -9999.0 -9999.0 -9999.0 -9999.0 -9999.0 -9999.0 -9999.0 -9999.0 -9999.0 -9999.0 -9999.0 -9999.0 -9999.0 -9999.0 -9999.0 -9999.0 -9999.0 -9999.0 -9999.0 -9999.0 -9999.0 -9999.0 -9999.0 -9999.0 -9999.0 -9999.0 -9999.0 -9999.0 -9999.0 -9999.0 -9999.0 -9999.0 -9999.0 -9999.0 -9999.0 -9999.0 -9999.0 -9999.0 -9999.0 -9999.0 -9999.0 -9999.0 -9999.0 -9999.0 -9999.0 -9999.0 -9999.0
-9999.0 -9999.0 479.983759 386.170979 290.405697 193.721942 96.646835 -0.590959 -97.870928 -195.141125 -292.329850 -389.322365 -485.879163 -581.528267 -675.750785 -770.677906 -865.185592 -959.397013 -1053.430060 -1141.969433 -1223.187076 -1293.054414 -1349.470026 -1392.589499 -1424.155023 -1446.551838 -1462.101267 -1472.726452 -1479.891844 -1484.666190 -1487.812609 -1489.866479 -1491.196937 -1492.053985 -1492.604316 -1492.959551 -1493.201433 -1493.421065 -1493.892316 -1496.032685 -1506.144757 -1542.818249 -1434.708390 -1792.856428 -1679.939219 -1615.415511 -1586.886632 -1583.269320 -1582.906461 -1582.945742 -1583.042121 -1583.145276 -1583.244289 -1583.335907 -1583.420589 -1583.516073 -1583.798681 -1585.810322 -1600.284643 -1633.955216 -1687.465485 -1324.528724 -1513.227147 -1500.306027 -1494.919076 -1493.887126 -1493.725845 -1493.701441 -1493.698341 -1493.698763 -1493.699655 -1493.700451 -1493.701074 -1493.701550 -1493.701914 -1493.702197 -1493.702421 -1493.702602 -1493.702753 -1493.702887 -1493.703018 -1493.703164 -1493.703348 -1493.703603 -1493.703980 -1493.704559 -1493.705469 -1493.706927 -1493.709296 -1493.713213 -1493.719834 -1493.731317 -1493.751828 -1493.789572 -1493.860973 -1493.999434 -1494.274963 -1494.843082 -1496.078598 -1498.965136 -1506.393666 -1529.090795 -9999.0 -9999.0
-9999.0 -9999.0 479.990473 386.172849 290.406219 193.722099 96.646886 -0.590942 -97.870922 -195.141122 -292.329850 -389.322365 -485.879163 -581.528267 -675.750785 -770.677906 -865.185592 -959.397013 -1053.430061 -1141.969434 -1223.187077 -1293.054414 -1349.470026 -1392.589499 -1424.155023 -1446.551838 -1462.101267 -1472.726452 -1479.891844 -1484.666190 -1487.812609 -1489.866479 -1491.196937 -1492.053985 -1492.604316 -1492.959551 -1493.201433 -1493.421065 -1493.892316 -1496.032685 -1506.144757 -1542.818249 -1434.708390 -1792.856427 -1679.939218 -1615.415510 -1586.886632 -1583.269320 -1582.906461 -1582.945742 -1583.042121 -1583.145276 -1583.244289 -1583.335907 -1583.420589 -1583.516073 -1583.798681 -1585.810322 -1600.284643 -1633.955216 -1687.465485 -1324.528724 -1513.227147 -1500.306027 -1494.919076 -1493.887126 -1493.725845 -1493.701441 -1493.698341 -1493.698763 -1493.699655 -1493.700451 -1493.701074 -1493.701550 -1493.701914 -1493.702197 -1493.702421 -1493.702602 -1493.702753 -1493.702887 -1493.703018 -1493.703164 -1493.703348 -1493.703603 -1493.703980 -1493.704559 -1493.705469 -1493.706927 -1493.709296 -1493.713213 -1493.719834 -1493.731317 -1493.751828 -1493.789572 -1493.860973 -1493.999434 -1494.274963 -1494.843082 -1496.078598 -1498.965136 -1506.393666 -1529.090795 -9999.0 -9999.0
-9999.0 -9999.0 479.992065 386.173687 290.406556 193.722224 96.646930 -0.590926 -97.870916 -195.141120 -292.329849 -389.322364 -485.879163 -581.528267 -675.750785 -770.677906 -865.185592 -959.397014 -1053.430061 -1141.969434 -1223.187077 -1293.054414 -1349.470026 -1392.589499 -1424.155023 -1446.551838 -1462.101267 -1472.726452 -1479.891844 -1484.666190 -1487.812609 -1489.866479 -1491.196937 -1492.053985 -1492.604316 -1492.959551 -1493.201433 -1493.421065 -1493.892316 -1496.032685 -1506.144757 -1542.818249 -1434.708390 -1792.856427 -1679.939217 -1615.415509 -1586.886632 -1583.269320 -1582.906461 -1582.945742 -1583.042121 -1583.145276 -1583.244289 -1583.335907 -1583.420589 -1583.516073 -1583.798681 -1585.810322 -1600.284643 -1633.955215 -1687.465485 -1324.528724 -1513.227147 -1500.306027 -1494.919076 -1493.887126 -1493.725845 -1493.701441 -1493.698341 -1493.698763 -1493.699655 -1493.700451 -1493.701074 -1493.701550 -1493.701914 -1493.702197 -1493.702421 -1493.702602 -1493.702753 -1493.702887 -1493.703018 -1493.703164 -1493.703348 -1493.703603 -1493.703980 -1493.704559 -1493.705469 -1493.706927 -1493.709296 -1493.713213 -1493.719834 -1493.731317 -1493.751828 -1493.789572 -1493.860973 -1493.999434 -1494.274963 -1494.843082 -1496.078598 -1498.965136 -1506.393666 -1529.090795 -9999.0 -9999.0
-9999.0 -9999.0 479.992065 386.173687 290.406556 193.722224 96.646930 -0.590926 -97.870916 -195.141120 -292.329849 -389.322364 -485.879163 -581.528267 -675.750785 -770.677906 -865.185592 -959.397014 -1053.430061 -1141.969434 -1223.187077 -1293.054414 -1349.470026 -1392.589499 -1424.155023 -1446.551838 -1462.101267 -1472.726452 -1479.891844 -1484.666190 -1487.812609 -1489.866479 -1491.196937 -1492.053985 -1492.604316 -1492.959551 -1493.201433 -1493.421065 -1493.892316 -1496.032685 -1506.144757 -1542.818249 -1434.708390 -1792.856427 -1679.939217 -1615.415509 -1586.886632 -1583.269320 -1582.906461 -1582.945742 -1583.042121 -1583.145276 -1583.244289 -1583.335907 -1583.420589 -1583.516073 -1583.798681 -1585.810322 -1600.284643 -1633.955215 -1687.465485 -1324.528724 -1513.227147 -1500.306027 -1494.919076 -1493.887126 -1493.725845 -1493.701441 -1493.698341 -1493.698763 -1493.699655 -1493.700451 -1493.701074 -1493.701550 -1493.701914 -1493.702197 -1493.702421 -1493.702602 -1493.702753 -1493.702887 -1493.703018 -1493.703164 -1493.703348 -1493.703603 -1493.703980 -1493.704559 -1493.705469 -1493.706927 -1493.709296 -1493.713213 -1493.719834 -1493.731317 -1493.751828 -1493.789572 -1493.860973 -1493.999434 -1494.274963 -1494.843082 -1496.078598 -1498.965136 -1506.393666 -1529.090795 -9999.0 -9999.0
-9999.0 -9999.0 479.990473 386.172849 290.406219 193.722099 96.646886 -0.590942 -97.870922 -195.141122 -292.329850 -389.322365 -485.879163 -581.528267 -675.750785 -770.677906 -865.185592 -959.397013 -1053.430061 -1141.969434 -1223.187077 -1293.054414 -1349.470026 -1392.589499 -1424.155023 -1446.551838 -1462.101267 -1472.726452 -1479.891844 -1484.666190 -1487.812609 -1489.866479 -1491.196937 -1492.053985 -1492.604316 -1492.959551 -1493.201433 -1493.421065 -1493.892316 -1496.032685 -1506.144757 -1542.818249 -1434.708390 -1792.856427 -1679.939218 -1615.415510 -1586.886632 -1583.269320 -1582.906461 -1582.945742 -1583.042121 -1583.145276 -1583.244289 -1583.335907 -1583.420589 -1583.516073 -1583.798681 -1585.810322 -1600.284643 -1633.955216 -1687.465485 -1324.528724 -1513.227147 -1500.306027 -1494.919076 -1493.887126 -1493.725845 -1493.701441 -1493.698341 -1493.698763 -1493.699655 -1493.700451 -1493.701074 -1493.701550 -1493.701914 -1493.702197 -1493.702421 -1493.702602 -1493.702753 -1493.702887 -1493.703018 -1493.703164 -1493.703348 -1493.703603 -1493.703980 -1493.704559 -1493.705469 -1493.706927 -1493.709296 -1493.713213 -1493.719834 -1493.731317 -1493.751828 -1493.789572 -1493.860973 -1493.999434 -1494.274963 -1494.843082 -1496.078598 -1498.965136 -1506.393666 -1529.090795 -9999.0 -9999.0
-9999.0 -9999.0 479.983759 386.170979 290.405697 193.721942 96.646835 -0.590959 -97.870928 -195.141125 -292.329850 -389.322365 -485.879163 -581.528267 -675.750785 -770.677906 -865.185592 -959.397013 -1053.430060 -1141.969433 -1223.187076 -1293.054414 -1349.470026 -1392.589499 -1424.155023 -1446.551838 -1462.101267 -1472.726452 -1479.891844 -1484.666190 -1487.812609 -1489.866479 -1491.196937 -1492.053985 -1492.604316 -1492.959551 -1493.201433 -1493.421065 -1493.892316 -1496.032685 -1506.144757 -1542.818249 -1434.708390 -1792.856428 -1679.939219 -1615.415511 -1586.886632 -1583.269320 -1582.906461 -1582.945742 -1583.042121 -1583.145276 -1583.244289 -1583.335907 -1583.420589 -1583.516073 -1583.798681 -1585.810322 -1600.284643 -1633.955216 -1687.465485 -1324.528724 -1513.227147 -1500.306027 -1494.919076 -1493.887126 -1493.725845 -1493.701441 -1493.698341 -1493.698763 -1493.699655 -1493.700451 -1493.701074 -1493.701550 -1493.701914 -1493.702197 -1493.702421 -1493.702602 -1493.702753 -1493.702887 -1493.703018 -1493.703164 -1493.703348 -1493.703603 -1493.703980 -1493.704559 -1493.705469 -1493.706927 -1493.709296 -1493.713213 -1493.719834 -1493.731317 -1493.751828 -1493.789572 -1493.860973 -1493.999434 -1494.274963 -1494.843082 -1496.078598 -1498.965136 -1506.393666 -1529.090795 -9999.0 -9999.0
-9999.0 -9999.0 -9999.0 -9999.0 -9999.0 -9999.0 -9999.0 -9999.0 -9999.0 -9999.0 -9999.0 -9999.0 -9999.0 -9999.0 -9999.0 -9999.0 -9999.0 -9999.0 -9999.0 -9999.0 -9999.0 -9999.0 -9999.0 -9999.0 -9999.0 -9999.0 -9999.0 -9999.0 -9999.0 -9999.0 -9999.0 -9999.0 -9999.0 -9999.0 -9999.0 -9999.0 -9999.0 -9999.0 -9999.0 -9999.0 -9999.0 -9999.0 -9999.0 -9999.0 -9999.0 -9999.0 -9999.0 -9999.0 -9999.0 -9999.0 -9999.0 -9999.0 -9999.0 -9999.0 -9999.0 -9999.0 -9999.0 -9999.0 -9999.0 -9999.0 -9999.0 -9999.0 -9999.0 -9999.0 -9999.0 -9999.0 -9999.0 -9999.0 -9999.0 -9999.0 -9999.0 -9999.0 -9999.0 -9999.0 -9999.0 -9999.0 -9999.0 -9999.0 -9999.0 -9999.0 -9999.0 -9999.0 -9999.0 -9999.0 -9999.0 -9999.0 -9999.0 -9999.0 -9999.0 -9999.0 -9999.0 -9999.0 -9999.0 -9999.0 -9999.0 -9999.0 -9999.0 -9999.0 -9999.0 -9999.0 -9999.0 -9999.0 -9999.0 -9999.0
-9999.0 -9999.0 -9999.0 -9999.0 -9999.0 -9999.0 -9999.0 -9999.0 -9999.0 -9999.0 -9999.0 -9999.0 -9999.0 -9999.0 -9999.0 -9999.0 -9999.0 -9999.0 -9999.0 -9999.0 -9999.0 -9999.0 -9999.0 -9999.0 -9999.0 -9999.0 -9999.0 -9999.0 -9999.0 -9999.0 -9999.0 -9999.0 -9999.0 -9999.0 -9999.0 -9999.0 -9999.0 -9999.0 -9999.0 -9999.0 -9999.0 -9999.0 -9999.0 -9999.0 -9999.0 -9999.0 -9999.0 -9999.0 -9999.0 -9999.0 -9999.0 -9999.0 -9999.0 -9999.0 -9999.0 -9999.0 -9999.0 -9999.0 -9999.0 -9999.0 -9999.0 -9999.0 -9999.0 -9999.0 -9999.0 -9999.0 -9999.0 -9999.0 -9999.0 -9999.0 -9999.0 -9999.0 -9999.0 -9999.0 -9999.0 -9999.0 -9999.0 -9999.0 -9999.0 -9999.0 -9999.0 -9999.0 -9999.0 -9999.0 -9999.0 -9999.0 -9999.0 -9999.0 -9999.0 -9999.0 -9999.0 -9999.0 -9999.0 -9999.0 -9999.0 -9999.0 -9999.0 -9999.0 -9999.0 -9999.0 -9999.0 -9999.0 -9999.0 -9999.0