inst/processing_geotop_simulation/geotop_simulation/out/maps3D/PwL0005N0197.asc
ncols         104
nrows         10
xllcorner     -2.000000
yllcorner     0.000000
cellsize      1.000000
NODATA_value  -9999.0
-9999.0 -9999.0 -9999.0 -9999.0 -9999.0 -9999.0 -9999.0 -9999.0 -9999.0 -9999.0 -9999.0 -9999.0 -9999.0 -9999.0 -9999.0 -9999.0 -9999.0 -9999.0 -9999.0 -9999.0 -9999.0 -9999.0 -9999.0 -9999.0 -9999.0 -9999.0 -9999.0 -9999.0 -9999.0 -9999.0 -9999.0 -9999.0 -9999.0 -9999.0 -9999.0 -9999.0 -9999.0 -9999.0 -9999.0 -9999.0 -9999.0 -9999.0 -9999.0 -9999.0 -9999.0 -9999.0 -9999.0 -9999.0 -9999.0 -9999.0 -9999.0 -9999.0 -9999.0 -9999.0 -9999.0 -9999.0 -9999.0 -9999.0 -9999.0 -9999.0 -9999.0 -9999.0 -9999.0 -9999.0 -9999.0 -9999.0 -9999.0 -9999.0 -9999.0 -9999.0 -9999.0 -9999.0 -9999.0 -9999.0 -9999.0 -9999.0 -9999.0 -9999.0 -9999.0 -9999.0 -9999.0 -9999.0 -9999.0 -9999.0 -9999.0 -9999.0 -9999.0 -9999.0 -9999.0 -9999.0 -9999.0 -9999.0 -9999.0 -9999.0 -9999.0 -9999.0 -9999.0 -9999.0 -9999.0 -9999.0 -9999.0 -9999.0 -9999.0 -9999.0
-9999.0 -9999.0 -9999.0 -9999.0 -9999.0 -9999.0 -9999.0 -9999.0 -9999.0 -9999.0 -9999.0 -9999.0 -9999.0 -9999.0 -9999.0 -9999.0 -9999.0 -9999.0 -9999.0 -9999.0 -9999.0 -9999.0 -9999.0 -9999.0 -9999.0 -9999.0 -9999.0 -9999.0 -9999.0 -9999.0 -9999.0 -9999.0 -9999.0 -9999.0 -9999.0 -9999.0 -9999.0 -9999.0 -9999.0 -9999.0 -9999.0 -9999.0 -9999.0 -9999.0 -9999.0 -9999.0 -9999.0 -9999.0 -9999.0 -9999.0 -9999.0 -9999.0 -9999.0 -9999.0 -9999.0 -9999.0 -9999.0 -9999.0 -9999.0 -9999.0 -9999.0 -9999.0 -9999.0 -9999.0 -9999.0 -9999.0 -9999.0 -9999.0 -9999.0 -9999.0 -9999.0 -9999.0 -9999.0 -9999.0 -9999.0 -9999.0 -9999.0 -9999.0 -9999.0 -9999.0 -9999.0 -9999.0 -9999.0 -9999.0 -9999.0 -9999.0 -9999.0 -9999.0 -9999.0 -9999.0 -9999.0 -9999.0 -9999.0 -9999.0 -9999.0 -9999.0 -9999.0 -9999.0 -9999.0 -9999.0 -9999.0 -9999.0 -9999.0 -9999.0
-9999.0 -9999.0 229.730639 137.258750 41.456432 -55.375192 -152.605959 -249.990401 -347.386016 -444.689326 -541.737861 -638.119571 -733.613143 -828.535305 -923.109917 -1017.910262 -1111.761174 -1203.322216 -1293.019799 -1377.570078 -1450.574761 -1508.404039 -1551.117014 -1581.166819 -1601.709313 -1615.567904 -1624.882447 -1631.139570 -1635.335371 -1638.136083 -1639.993504 -1641.216749 -1642.017247 -1642.538393 -1642.876486 -1643.097388 -1643.252993 -1643.411448 -1643.806606 -1645.672158 -1653.588292 -1657.436833 -1078.106556 -1093.079110 -1076.082841 -1065.363898 -1060.363404 -1059.654720 -1059.581665 -1059.590792 -1059.611995 -1059.634676 -1059.656458 -1059.676620 -1059.695262 -1059.716304 -1059.777725 -1060.193317 -1062.824759 -1068.754119 -1077.686729 -1051.012877 -1633.955376 -1648.431319 -1644.660096 -1643.758960 -1643.611811 -1643.589134 -1643.586271 -1643.586736 -1643.587639 -1643.588439 -1643.589064 -1643.589540 -1643.589904 -1643.590186 -1643.590409 -1643.590589 -1643.590739 -1643.590873 -1643.591003 -1643.591148 -1643.591330 -1643.591584 -1643.591959 -1643.592535 -1643.593443 -1643.594895 -1643.597254 -1643.601153 -1643.607736 -1643.619145 -1643.639499 -1643.676911 -1643.747584 -1643.884324 -1644.155278 -1644.709739 -1645.902263 -1648.657647 -1655.729775 -1677.702142 -9999.0 -9999.0
-9999.0 -9999.0 229.740426 137.260884 41.456983 -55.375031 -152.605908 -249.990384 -347.386010 -444.689324 -541.737860 -638.119570 -733.613143 -828.535305 -923.109917 -1017.910262 -1111.761174 -1203.322216 -1293.019799 -1377.570078 -1450.574761 -1508.404040 -1551.117015 -1581.166819 -1601.709313 -1615.567904 -1624.882447 -1631.139570 -1635.335371 -1638.136083 -1639.993504 -1641.216749 -1642.017247 -1642.538393 -1642.876486 -1643.097388 -1643.252993 -1643.411448 -1643.806606 -1645.672158 -1653.588292 -1657.436833 -1078.106556 -1093.079110 -1076.082841 -1065.363897 -1060.363404 -1059.654720 -1059.581665 -1059.590792 -1059.611995 -1059.634676 -1059.656458 -1059.676620 -1059.695262 -1059.716304 -1059.777725 -1060.193317 -1062.824759 -1068.754119 -1077.686729 -1051.012877 -1633.955376 -1648.431319 -1644.660096 -1643.758960 -1643.611811 -1643.589134 -1643.586271 -1643.586736 -1643.587639 -1643.588439 -1643.589064 -1643.589540 -1643.589904 -1643.590186 -1643.590409 -1643.590589 -1643.590739 -1643.590873 -1643.591003 -1643.591148 -1643.591330 -1643.591584 -1643.591959 -1643.592535 -1643.593443 -1643.594895 -1643.597254 -1643.601153 -1643.607736 -1643.619145 -1643.639499 -1643.676911 -1643.747584 -1643.884324 -1644.155278 -1644.709739 -1645.902263 -1648.657647 -1655.729775 -1677.702142 -9999.0 -9999.0
-9999.0 -9999.0 229.741964 137.261762 41.457331 -55.374905 -152.605863 -249.990368 -347.386004 -444.689322 -541.737859 -638.119570 -733.613143 -828.535305 -923.109917 -1017.910262 -1111.761174 -1203.322216 -1293.019799 -1377.570078 -1450.574761 -1508.404040 -1551.117015 -1581.166819 -1601.709313 -1615.567904 -1624.882447 -1631.139570 -1635.335371 -1638.136083 -1639.993504 -1641.216749 -1642.017247 -1642.538393 -1642.876486 -1643.097388 -1643.252993 -1643.411448 -1643.806606 -1645.672158 -1653.588292 -1657.436833 -1078.106556 -1093.079110 -1076.082841 -1065.363897 -1060.363404 -1059.654720 -1059.581665 -1059.590792 -1059.611995 -1059.634676 -1059.656458 -1059.676620 -1059.695262 -1059.716304 -1059.777725 -1060.193317 -1062.824759 -1068.754119 -1077.686729 -1051.012877 -1633.955376 -1648.431319 -1644.660096 -1643.758960 -1643.611811 -1643.589134 -1643.586271 -1643.586736 -1643.587639 -1643.588439 -1643.589064 -1643.589540 -1643.589904 -1643.590186 -1643.590409 -1643.590589 -1643.590739 -1643.590873 -1643.591003 -1643.591148 -1643.591330 -1643.591584 -1643.591959 -1643.592535 -1643.593443 -1643.594895 -1643.597254 -1643.601153 -1643.607736 -1643.619145 -1643.639499 -1643.676911 -1643.747584 -1643.884324 -1644.155278 -1644.709739 -1645.902263 -1648.657647 -1655.729775 -1677.702142 -9999.0 -9999.0
-9999.0 -9999.0 229.741964 137.261762 41.457331 -55.374905 -152.605863 -249.990368 -347.386004 -444.689322 -541.737859 -638.119570 -733.613143 -828.535305 -923.109917 -1017.910262 -1111.761175 -1203.322216 -1293.019799 -1377.570078 -1450.574761 -1508.404040 -1551.117015 -1581.166819 -1601.709313 -1615.567904 -1624.882447 -1631.139570 -1635.335371 -1638.136083 -1639.993504 -1641.216749 -1642.017247 -1642.538393 -1642.876486 -1643.097388 -1643.252993 -1643.411448 -1643.806606 -1645.672158 -1653.588292 -1657.436833 -1078.106556 -1093.079110 -1076.082841 -1065.363897 -1060.363404 -1059.654720 -1059.581665 -1059.590792 -1059.611995 -1059.634676 -1059.656458 -1059.676620 -1059.695262 -1059.716304 -1059.777725 -1060.193317 -1062.824759 -1068.754119 -1077.686729 -1051.012877 -1633.955376 -1648.431319 -1644.660096 -1643.758960 -1643.611811 -1643.589134 -1643.586271 -1643.586736 -1643.587639 -1643.588439 -1643.589064 -1643.589540 -1643.589904 -1643.590186 -1643.590409 -1643.590589 -1643.590739 -1643.590873 -1643.591003 -1643.591148 -1643.591330 -1643.591584 -1643.591959 -1643.592535 -1643.593443 -1643.594895 -1643.597254 -1643.601153 -1643.607736 -1643.619145 -1643.639499 -1643.676911 -1643.747584 -1643.884324 -1644.155278 -1644.709739 -1645.902263 -1648.657647 -1655.729775 -1677.702142 -9999.0 -9999.0
-9999.0 -9999.0 229.740426 137.260884 41.456983 -55.375031 -152.605908 -249.990384 -347.386010 -444.689324 -541.737860 -638.119570 -733.613143 -828.535305 -923.109917 -1017.910262 -1111.761174 -1203.322216 -1293.019799 -1377.570078 -1450.574761 -1508.404040 -1551.117015 -1581.166819 -1601.709313 -1615.567904 -1624.882447 -1631.139570 -1635.335371 -1638.136083 -1639.993504 -1641.216749 -1642.017247 -1642.538393 -1642.876486 -1643.097388 -1643.252993 -1643.411448 -1643.806606 -1645.672158 -1653.588292 -1657.436833 -1078.106556 -1093.079110 -1076.082841 -1065.363897 -1060.363404 -1059.654720 -1059.581665 -1059.590792 -1059.611995 -1059.634676 -1059.656458 -1059.676620 -1059.695262 -1059.716304 -1059.777725 -1060.193317 -1062.824759 -1068.754119 -1077.686729 -1051.012877 -1633.955376 -1648.431319 -1644.660096 -1643.758960 -1643.611811 -1643.589134 -1643.586271 -1643.586736 -1643.587639 -1643.588439 -1643.589064 -1643.589540 -1643.589904 -1643.590186 -1643.590409 -1643.590589 -1643.590739 -1643.590873 -1643.591003 -1643.591148 -1643.591330 -1643.591584 -1643.591959 -1643.592535 -1643.593443 -1643.594895 -1643.597254 -1643.601153 -1643.607736 -1643.619145 -1643.639499 -1643.676911 -1643.747584 -1643.884324 -1644.155278 -1644.709739 -1645.902263 -1648.657647 -1655.729775 -1677.702142 -9999.0 -9999.0
-9999.0 -9999.0 229.730639 137.258750 41.456432 -55.375192 -152.605959 -249.990401 -347.386016 -444.689326 -541.737861 -638.119570 -733.613143 -828.535305 -923.109917 -1017.910262 -1111.761174 -1203.322215 -1293.019799 -1377.570078 -1450.574761 -1508.404039 -1551.117014 -1581.166819 -1601.709313 -1615.567904 -1624.882447 -1631.139570 -1635.335371 -1638.136083 -1639.993504 -1641.216749 -1642.017247 -1642.538393 -1642.876486 -1643.097388 -1643.252993 -1643.411448 -1643.806606 -1645.672158 -1653.588292 -1657.436833 -1078.106556 -1093.079110 -1076.082841 -1065.363898 -1060.363404 -1059.654720 -1059.581665 -1059.590792 -1059.611995 -1059.634676 -1059.656458 -1059.676620 -1059.695262 -1059.716304 -1059.777725 -1060.193317 -1062.824759 -1068.754119 -1077.686729 -1051.012877 -1633.955376 -1648.431319 -1644.660096 -1643.758960 -1643.611811 -1643.589134 -1643.586271 -1643.586736 -1643.587639 -1643.588439 -1643.589064 -1643.589540 -1643.589904 -1643.590186 -1643.590409 -1643.590589 -1643.590739 -1643.590873 -1643.591003 -1643.591148 -1643.591330 -1643.591584 -1643.591959 -1643.592535 -1643.593443 -1643.594895 -1643.597254 -1643.601153 -1643.607736 -1643.619145 -1643.639499 -1643.676911 -1643.747584 -1643.884324 -1644.155278 -1644.709739 -1645.902263 -1648.657647 -1655.729775 -1677.702142 -9999.0 -9999.0
-9999.0 -9999.0 -9999.0 -9999.0 -9999.0 -9999.0 -9999.0 -9999.0 -9999.0 -9999.0 -9999.0 -9999.0 -9999.0 -9999.0 -9999.0 -9999.0 -9999.0 -9999.0 -9999.0 -9999.0 -9999.0 -9999.0 -9999.0 -9999.0 -9999.0 -9999.0 -9999.0 -9999.0 -9999.0 -9999.0 -9999.0 -9999.0 -9999.0 -9999.0 -9999.0 -9999.0 -9999.0 -9999.0 -9999.0 -9999.0 -9999.0 -9999.0 -9999.0 -9999.0 -9999.0 -9999.0 -9999.0 -9999.0 -9999.0 -9999.0 -9999.0 -9999.0 -9999.0 -9999.0 -9999.0 -9999.0 -9999.0 -9999.0 -9999.0 -9999.0 -9999.0 -9999.0 -9999.0 -9999.0 -9999.0 -9999.0 -9999.0 -9999.0 -9999.0 -9999.0 -9999.0 -9999.0 -9999.0 -9999.0 -9999.0 -9999.0 -9999.0 -9999.0 -9999.0 -9999.0 -9999.0 -9999.0 -9999.0 -9999.0 -9999.0 -9999.0 -9999.0 -9999.0 -9999.0 -9999.0 -9999.0 -9999.0 -9999.0 -9999.0 -9999.0 -9999.0 -9999.0 -9999.0 -9999.0 -9999.0 -9999.0 -9999.0 -9999.0 -9999.0
-9999.0 -9999.0 -9999.0 -9999.0 -9999.0 -9999.0 -9999.0 -9999.0 -9999.0 -9999.0 -9999.0 -9999.0 -9999.0 -9999.0 -9999.0 -9999.0 -9999.0 -9999.0 -9999.0 -9999.0 -9999.0 -9999.0 -9999.0 -9999.0 -9999.0 -9999.0 -9999.0 -9999.0 -9999.0 -9999.0 -9999.0 -9999.0 -9999.0 -9999.0 -9999.0 -9999.0 -9999.0 -9999.0 -9999.0 -9999.0 -9999.0 -9999.0 -9999.0 -9999.0 -9999.0 -9999.0 -9999.0 -9999.0 -9999.0 -9999.0 -9999.0 -9999.0 -9999.0 -9999.0 -9999.0 -9999.0 -9999.0 -9999.0 -9999.0 -9999.0 -9999.0 -9999.0 -9999.0 -9999.0 -9999.0 -9999.0 -9999.0 -9999.0 -9999.0 -9999.0 -9999.0 -9999.0 -9999.0 -9999.0 -9999.0 -9999.0 -9999.0 -9999.0 -9999.0 -9999.0 -9999.0 -9999.0 -9999.0 -9999.0 -9999.0 -9999.0 -9999.0 -9999.0 -9999.0 -9999.0 -9999.0 -9999.0 -9999.0 -9999.0 -9999.0 -9999.0 -9999.0 -9999.0 -9999.0 -9999.0 -9999.0 -9999.0 -9999.0 -9999.0