inst/processing_geotop_simulation/geotop_simulation/out/maps3D/PwL0021N0172.asc
ncols         104
nrows         10
xllcorner     -2.000000
yllcorner     0.000000
cellsize      1.000000
NODATA_value  -9999.0
-9999.0 -9999.0 -9999.0 -9999.0 -9999.0 -9999.0 -9999.0 -9999.0 -9999.0 -9999.0 -9999.0 -9999.0 -9999.0 -9999.0 -9999.0 -9999.0 -9999.0 -9999.0 -9999.0 -9999.0 -9999.0 -9999.0 -9999.0 -9999.0 -9999.0 -9999.0 -9999.0 -9999.0 -9999.0 -9999.0 -9999.0 -9999.0 -9999.0 -9999.0 -9999.0 -9999.0 -9999.0 -9999.0 -9999.0 -9999.0 -9999.0 -9999.0 -9999.0 -9999.0 -9999.0 -9999.0 -9999.0 -9999.0 -9999.0 -9999.0 -9999.0 -9999.0 -9999.0 -9999.0 -9999.0 -9999.0 -9999.0 -9999.0 -9999.0 -9999.0 -9999.0 -9999.0 -9999.0 -9999.0 -9999.0 -9999.0 -9999.0 -9999.0 -9999.0 -9999.0 -9999.0 -9999.0 -9999.0 -9999.0 -9999.0 -9999.0 -9999.0 -9999.0 -9999.0 -9999.0 -9999.0 -9999.0 -9999.0 -9999.0 -9999.0 -9999.0 -9999.0 -9999.0 -9999.0 -9999.0 -9999.0 -9999.0 -9999.0 -9999.0 -9999.0 -9999.0 -9999.0 -9999.0 -9999.0 -9999.0 -9999.0 -9999.0 -9999.0 -9999.0
-9999.0 -9999.0 -9999.0 -9999.0 -9999.0 -9999.0 -9999.0 -9999.0 -9999.0 -9999.0 -9999.0 -9999.0 -9999.0 -9999.0 -9999.0 -9999.0 -9999.0 -9999.0 -9999.0 -9999.0 -9999.0 -9999.0 -9999.0 -9999.0 -9999.0 -9999.0 -9999.0 -9999.0 -9999.0 -9999.0 -9999.0 -9999.0 -9999.0 -9999.0 -9999.0 -9999.0 -9999.0 -9999.0 -9999.0 -9999.0 -9999.0 -9999.0 -9999.0 -9999.0 -9999.0 -9999.0 -9999.0 -9999.0 -9999.0 -9999.0 -9999.0 -9999.0 -9999.0 -9999.0 -9999.0 -9999.0 -9999.0 -9999.0 -9999.0 -9999.0 -9999.0 -9999.0 -9999.0 -9999.0 -9999.0 -9999.0 -9999.0 -9999.0 -9999.0 -9999.0 -9999.0 -9999.0 -9999.0 -9999.0 -9999.0 -9999.0 -9999.0 -9999.0 -9999.0 -9999.0 -9999.0 -9999.0 -9999.0 -9999.0 -9999.0 -9999.0 -9999.0 -9999.0 -9999.0 -9999.0 -9999.0 -9999.0 -9999.0 -9999.0 -9999.0 -9999.0 -9999.0 -9999.0 -9999.0 -9999.0 -9999.0 -9999.0 -9999.0 -9999.0
-9999.0 -9999.0 1030.837721 935.226143 839.420847 743.106685 646.498548 549.755547 452.968836 356.189061 259.444648 162.751746 66.119463 -30.435835 -126.902299 -223.229976 -319.296984 -414.884504 -509.603609 -602.704740 -694.525853 -786.026072 -876.001287 -964.215129 -1041.877233 -1101.533976 -1149.087692 -1185.330490 -1211.866573 -1230.641376 -1243.557432 -1252.248693 -1258.000060 -1261.760623 -1264.200416 -1265.779661 -1266.816495 -1267.570186 -1268.497222 -1271.524300 -1285.957955 -1363.986915 -1738.547377 -3626.052883 -3935.354493 -3935.305055 -3923.087126 -3810.267441 -3531.948803 -3202.785231 -2913.211626 -2660.832907 -2512.262337 -2419.710015 -2336.081452 -2250.724417 -2160.649015 -2067.101576 -1973.453460 -1882.504137 -1786.305274 -1409.683685 -1324.398449 -1279.040916 -1270.470745 -1269.095592 -1268.892991 -1268.863352 -1268.859549 -1268.859880 -1268.860775 -1268.861592 -1268.862239 -1268.862737 -1268.863121 -1268.863423 -1268.863663 -1268.863860 -1268.864025 -1268.864173 -1268.864318 -1268.864477 -1268.864674 -1268.864944 -1268.865340 -1268.865944 -1268.866890 -1268.868401 -1268.870855 -1268.874919 -1268.881801 -1268.893770 -1268.915217 -1268.954835 -1269.030167 -1269.177559 -1269.475985 -1270.110654 -1271.553105 -1275.068580 -1284.183511 -1310.175204 -9999.0 -9999.0
-9999.0 -9999.0 1030.840769 935.227354 839.421255 743.106821 646.498594 549.755563 452.968841 356.189063 259.444649 162.751747 66.119463 -30.435835 -126.902299 -223.229977 -319.296984 -414.884504 -509.603609 -602.704740 -694.525854 -786.026073 -876.001288 -964.215130 -1041.877234 -1101.533976 -1149.087693 -1185.330491 -1211.866573 -1230.641376 -1243.557432 -1252.248693 -1258.000061 -1261.760623 -1264.200416 -1265.779661 -1266.816495 -1267.570186 -1268.497222 -1271.524300 -1285.957955 -1363.986915 -1738.547376 -3626.052882 -3935.354493 -3935.305055 -3923.087126 -3810.267440 -3531.948803 -3202.785229 -2913.211623 -2660.832906 -2512.262336 -2419.710015 -2336.081451 -2250.724417 -2160.649014 -2067.101576 -1973.453460 -1882.504137 -1786.305274 -1409.683685 -1324.398449 -1279.040916 -1270.470745 -1269.095592 -1268.892991 -1268.863352 -1268.859549 -1268.859880 -1268.860775 -1268.861592 -1268.862239 -1268.862737 -1268.863121 -1268.863423 -1268.863663 -1268.863860 -1268.864025 -1268.864173 -1268.864318 -1268.864477 -1268.864674 -1268.864944 -1268.865340 -1268.865944 -1268.866890 -1268.868401 -1268.870855 -1268.874919 -1268.881801 -1268.893770 -1268.915217 -1268.954835 -1269.030167 -1269.177559 -1269.475985 -1270.110654 -1271.553105 -1275.068580 -1284.183511 -1310.175204 -9999.0 -9999.0
-9999.0 -9999.0 1030.842000 935.228023 839.421540 743.106931 646.498634 549.755578 452.968847 356.189065 259.444649 162.751747 66.119463 -30.435835 -126.902299 -223.229977 -319.296984 -414.884504 -509.603609 -602.704740 -694.525854 -786.026073 -876.001288 -964.215130 -1041.877234 -1101.533976 -1149.087693 -1185.330491 -1211.866573 -1230.641376 -1243.557432 -1252.248693 -1258.000061 -1261.760623 -1264.200416 -1265.779661 -1266.816495 -1267.570186 -1268.497222 -1271.524300 -1285.957955 -1363.986915 -1738.547377 -3626.052882 -3935.354493 -3935.305055 -3923.087126 -3810.267440 -3531.948802 -3202.785226 -2913.211621 -2660.832905 -2512.262336 -2419.710015 -2336.081451 -2250.724416 -2160.649014 -2067.101576 -1973.453460 -1882.504136 -1786.305274 -1409.683685 -1324.398449 -1279.040916 -1270.470745 -1269.095592 -1268.892991 -1268.863352 -1268.859549 -1268.859880 -1268.860775 -1268.861592 -1268.862239 -1268.862737 -1268.863121 -1268.863423 -1268.863663 -1268.863860 -1268.864025 -1268.864173 -1268.864318 -1268.864477 -1268.864674 -1268.864944 -1268.865340 -1268.865944 -1268.866890 -1268.868401 -1268.870855 -1268.874919 -1268.881801 -1268.893770 -1268.915217 -1268.954835 -1269.030167 -1269.177559 -1269.475985 -1270.110654 -1271.553105 -1275.068580 -1284.183511 -1310.175204 -9999.0 -9999.0
-9999.0 -9999.0 1030.842000 935.228023 839.421540 743.106931 646.498634 549.755578 452.968847 356.189065 259.444649 162.751747 66.119463 -30.435835 -126.902299 -223.229977 -319.296984 -414.884504 -509.603609 -602.704740 -694.525854 -786.026073 -876.001288 -964.215130 -1041.877234 -1101.533976 -1149.087693 -1185.330491 -1211.866573 -1230.641376 -1243.557432 -1252.248693 -1258.000061 -1261.760623 -1264.200416 -1265.779661 -1266.816495 -1267.570186 -1268.497222 -1271.524300 -1285.957955 -1363.986915 -1738.547377 -3626.052882 -3935.354493 -3935.305055 -3923.087126 -3810.267440 -3531.948802 -3202.785227 -2913.211621 -2660.832906 -2512.262336 -2419.710015 -2336.081451 -2250.724417 -2160.649014 -2067.101576 -1973.453459 -1882.504137 -1786.305274 -1409.683685 -1324.398449 -1279.040916 -1270.470745 -1269.095592 -1268.892991 -1268.863352 -1268.859549 -1268.859880 -1268.860775 -1268.861592 -1268.862239 -1268.862737 -1268.863121 -1268.863423 -1268.863663 -1268.863860 -1268.864025 -1268.864173 -1268.864318 -1268.864477 -1268.864674 -1268.864944 -1268.865340 -1268.865944 -1268.866890 -1268.868401 -1268.870855 -1268.874919 -1268.881801 -1268.893770 -1268.915217 -1268.954835 -1269.030167 -1269.177559 -1269.475985 -1270.110654 -1271.553105 -1275.068580 -1284.183511 -1310.175204 -9999.0 -9999.0
-9999.0 -9999.0 1030.840769 935.227354 839.421255 743.106821 646.498594 549.755563 452.968841 356.189063 259.444649 162.751747 66.119463 -30.435835 -126.902299 -223.229977 -319.296984 -414.884504 -509.603609 -602.704740 -694.525854 -786.026073 -876.001288 -964.215130 -1041.877234 -1101.533976 -1149.087693 -1185.330491 -1211.866573 -1230.641376 -1243.557432 -1252.248693 -1258.000061 -1261.760623 -1264.200416 -1265.779661 -1266.816495 -1267.570186 -1268.497222 -1271.524300 -1285.957955 -1363.986915 -1738.547376 -3626.052882 -3935.354493 -3935.305055 -3923.087126 -3810.267440 -3531.948803 -3202.785228 -2913.211622 -2660.832906 -2512.262336 -2419.710015 -2336.081451 -2250.724417 -2160.649015 -2067.101576 -1973.453460 -1882.504137 -1786.305274 -1409.683685 -1324.398449 -1279.040916 -1270.470745 -1269.095592 -1268.892991 -1268.863352 -1268.859549 -1268.859880 -1268.860775 -1268.861592 -1268.862239 -1268.862737 -1268.863121 -1268.863423 -1268.863663 -1268.863860 -1268.864025 -1268.864173 -1268.864318 -1268.864477 -1268.864674 -1268.864944 -1268.865340 -1268.865944 -1268.866890 -1268.868401 -1268.870855 -1268.874919 -1268.881801 -1268.893770 -1268.915217 -1268.954835 -1269.030167 -1269.177559 -1269.475985 -1270.110654 -1271.553105 -1275.068580 -1284.183511 -1310.175204 -9999.0 -9999.0
-9999.0 -9999.0 1030.837721 935.226143 839.420847 743.106685 646.498548 549.755547 452.968836 356.189061 259.444648 162.751746 66.119463 -30.435835 -126.902299 -223.229976 -319.296984 -414.884504 -509.603609 -602.704740 -694.525853 -786.026072 -876.001287 -964.215129 -1041.877233 -1101.533976 -1149.087692 -1185.330490 -1211.866573 -1230.641376 -1243.557432 -1252.248693 -1258.000060 -1261.760623 -1264.200416 -1265.779661 -1266.816495 -1267.570186 -1268.497222 -1271.524300 -1285.957955 -1363.986915 -1738.547377 -3626.052883 -3935.354493 -3935.305055 -3923.087126 -3810.267441 -3531.948803 -3202.785232 -2913.211627 -2660.832907 -2512.262337 -2419.710015 -2336.081451 -2250.724417 -2160.649015 -2067.101577 -1973.453460 -1882.504137 -1786.305274 -1409.683685 -1324.398449 -1279.040916 -1270.470745 -1269.095592 -1268.892991 -1268.863352 -1268.859549 -1268.859880 -1268.860775 -1268.861592 -1268.862239 -1268.862737 -1268.863121 -1268.863423 -1268.863663 -1268.863860 -1268.864025 -1268.864173 -1268.864318 -1268.864477 -1268.864674 -1268.864944 -1268.865340 -1268.865944 -1268.866890 -1268.868401 -1268.870855 -1268.874919 -1268.881801 -1268.893770 -1268.915217 -1268.954835 -1269.030167 -1269.177559 -1269.475985 -1270.110654 -1271.553105 -1275.068580 -1284.183511 -1310.175204 -9999.0 -9999.0
-9999.0 -9999.0 -9999.0 -9999.0 -9999.0 -9999.0 -9999.0 -9999.0 -9999.0 -9999.0 -9999.0 -9999.0 -9999.0 -9999.0 -9999.0 -9999.0 -9999.0 -9999.0 -9999.0 -9999.0 -9999.0 -9999.0 -9999.0 -9999.0 -9999.0 -9999.0 -9999.0 -9999.0 -9999.0 -9999.0 -9999.0 -9999.0 -9999.0 -9999.0 -9999.0 -9999.0 -9999.0 -9999.0 -9999.0 -9999.0 -9999.0 -9999.0 -9999.0 -9999.0 -9999.0 -9999.0 -9999.0 -9999.0 -9999.0 -9999.0 -9999.0 -9999.0 -9999.0 -9999.0 -9999.0 -9999.0 -9999.0 -9999.0 -9999.0 -9999.0 -9999.0 -9999.0 -9999.0 -9999.0 -9999.0 -9999.0 -9999.0 -9999.0 -9999.0 -9999.0 -9999.0 -9999.0 -9999.0 -9999.0 -9999.0 -9999.0 -9999.0 -9999.0 -9999.0 -9999.0 -9999.0 -9999.0 -9999.0 -9999.0 -9999.0 -9999.0 -9999.0 -9999.0 -9999.0 -9999.0 -9999.0 -9999.0 -9999.0 -9999.0 -9999.0 -9999.0 -9999.0 -9999.0 -9999.0 -9999.0 -9999.0 -9999.0 -9999.0 -9999.0
-9999.0 -9999.0 -9999.0 -9999.0 -9999.0 -9999.0 -9999.0 -9999.0 -9999.0 -9999.0 -9999.0 -9999.0 -9999.0 -9999.0 -9999.0 -9999.0 -9999.0 -9999.0 -9999.0 -9999.0 -9999.0 -9999.0 -9999.0 -9999.0 -9999.0 -9999.0 -9999.0 -9999.0 -9999.0 -9999.0 -9999.0 -9999.0 -9999.0 -9999.0 -9999.0 -9999.0 -9999.0 -9999.0 -9999.0 -9999.0 -9999.0 -9999.0 -9999.0 -9999.0 -9999.0 -9999.0 -9999.0 -9999.0 -9999.0 -9999.0 -9999.0 -9999.0 -9999.0 -9999.0 -9999.0 -9999.0 -9999.0 -9999.0 -9999.0 -9999.0 -9999.0 -9999.0 -9999.0 -9999.0 -9999.0 -9999.0 -9999.0 -9999.0 -9999.0 -9999.0 -9999.0 -9999.0 -9999.0 -9999.0 -9999.0 -9999.0 -9999.0 -9999.0 -9999.0 -9999.0 -9999.0 -9999.0 -9999.0 -9999.0 -9999.0 -9999.0 -9999.0 -9999.0 -9999.0 -9999.0 -9999.0 -9999.0 -9999.0 -9999.0 -9999.0 -9999.0 -9999.0 -9999.0 -9999.0 -9999.0 -9999.0 -9999.0 -9999.0 -9999.0