inst/processing_geotop_simulation/geotop_simulation/out/maps3D/PwL0007N0115.asc
ncols         104
nrows         10
xllcorner     -2.000000
yllcorner     0.000000
cellsize      1.000000
NODATA_value  -9999.0
-9999.0 -9999.0 -9999.0 -9999.0 -9999.0 -9999.0 -9999.0 -9999.0 -9999.0 -9999.0 -9999.0 -9999.0 -9999.0 -9999.0 -9999.0 -9999.0 -9999.0 -9999.0 -9999.0 -9999.0 -9999.0 -9999.0 -9999.0 -9999.0 -9999.0 -9999.0 -9999.0 -9999.0 -9999.0 -9999.0 -9999.0 -9999.0 -9999.0 -9999.0 -9999.0 -9999.0 -9999.0 -9999.0 -9999.0 -9999.0 -9999.0 -9999.0 -9999.0 -9999.0 -9999.0 -9999.0 -9999.0 -9999.0 -9999.0 -9999.0 -9999.0 -9999.0 -9999.0 -9999.0 -9999.0 -9999.0 -9999.0 -9999.0 -9999.0 -9999.0 -9999.0 -9999.0 -9999.0 -9999.0 -9999.0 -9999.0 -9999.0 -9999.0 -9999.0 -9999.0 -9999.0 -9999.0 -9999.0 -9999.0 -9999.0 -9999.0 -9999.0 -9999.0 -9999.0 -9999.0 -9999.0 -9999.0 -9999.0 -9999.0 -9999.0 -9999.0 -9999.0 -9999.0 -9999.0 -9999.0 -9999.0 -9999.0 -9999.0 -9999.0 -9999.0 -9999.0 -9999.0 -9999.0 -9999.0 -9999.0 -9999.0 -9999.0 -9999.0 -9999.0
-9999.0 -9999.0 -9999.0 -9999.0 -9999.0 -9999.0 -9999.0 -9999.0 -9999.0 -9999.0 -9999.0 -9999.0 -9999.0 -9999.0 -9999.0 -9999.0 -9999.0 -9999.0 -9999.0 -9999.0 -9999.0 -9999.0 -9999.0 -9999.0 -9999.0 -9999.0 -9999.0 -9999.0 -9999.0 -9999.0 -9999.0 -9999.0 -9999.0 -9999.0 -9999.0 -9999.0 -9999.0 -9999.0 -9999.0 -9999.0 -9999.0 -9999.0 -9999.0 -9999.0 -9999.0 -9999.0 -9999.0 -9999.0 -9999.0 -9999.0 -9999.0 -9999.0 -9999.0 -9999.0 -9999.0 -9999.0 -9999.0 -9999.0 -9999.0 -9999.0 -9999.0 -9999.0 -9999.0 -9999.0 -9999.0 -9999.0 -9999.0 -9999.0 -9999.0 -9999.0 -9999.0 -9999.0 -9999.0 -9999.0 -9999.0 -9999.0 -9999.0 -9999.0 -9999.0 -9999.0 -9999.0 -9999.0 -9999.0 -9999.0 -9999.0 -9999.0 -9999.0 -9999.0 -9999.0 -9999.0 -9999.0 -9999.0 -9999.0 -9999.0 -9999.0 -9999.0 -9999.0 -9999.0 -9999.0 -9999.0 -9999.0 -9999.0 -9999.0 -9999.0
-9999.0 -9999.0 338.057822 251.977413 160.487356 66.989801 -27.299000 -121.905690 -216.624444 -311.340507 -405.991139 -500.712651 -597.285734 -701.189228 -804.153760 -904.117488 -1002.012614 -1094.474906 -1186.050416 -1252.636362 -1290.777005 -1310.719631 -1320.265284 -1324.784365 -1327.273436 -1329.126578 -1330.837831 -1332.475653 -1333.968115 -1335.243063 -1336.271509 -1337.063516 -1337.651571 -1338.075424 -1338.373071 -1338.578580 -1338.728263 -1338.873261 -1339.121013 -1340.265015 -1348.097507 -1388.146196 -1116.618336 -1174.560236 -1135.505949 -1112.225938 -1101.542236 -1100.168385 -1100.031342 -1100.049228 -1100.089639 -1100.132749 -1100.174117 -1100.212386 -1100.247683 -1100.286755 -1100.396982 -1101.168576 -1106.652704 -1119.198777 -1140.074139 -1060.462833 -1365.775119 -1344.709572 -1339.902986 -1339.222305 -1339.119014 -1339.101812 -1339.100290 -1339.101665 -1339.103284 -1339.104628 -1339.105660 -1339.106439 -1339.107033 -1339.107493 -1339.107856 -1339.108149 -1339.108391 -1339.108604 -1339.108810 -1339.109037 -1339.109320 -1339.109710 -1339.110286 -1339.111168 -1339.112554 -1339.114763 -1339.118337 -1339.124207 -1339.134041 -1339.150924 -1339.180746 -1339.235045 -1339.336737 -1339.531654 -1339.912219 -1340.670274 -1342.231613 -1345.634696 -1353.687355 -1376.011259 -9999.0 -9999.0
-9999.0 -9999.0 338.066704 251.979588 160.487935 66.989973 -27.298945 -121.905672 -216.624437 -311.340505 -405.991138 -500.712650 -597.285734 -701.189228 -804.153760 -904.117488 -1002.012614 -1094.474906 -1186.050416 -1252.636362 -1290.777005 -1310.719631 -1320.265284 -1324.784365 -1327.273436 -1329.126578 -1330.837831 -1332.475653 -1333.968115 -1335.243063 -1336.271509 -1337.063516 -1337.651571 -1338.075424 -1338.373071 -1338.578580 -1338.728263 -1338.873261 -1339.121013 -1340.265015 -1348.097507 -1388.146196 -1116.618336 -1174.560236 -1135.505949 -1112.225937 -1101.542236 -1100.168385 -1100.031342 -1100.049228 -1100.089639 -1100.132749 -1100.174117 -1100.212386 -1100.247683 -1100.286755 -1100.396982 -1101.168576 -1106.652704 -1119.198777 -1140.074139 -1060.462833 -1365.775119 -1344.709572 -1339.902986 -1339.222305 -1339.119014 -1339.101812 -1339.100290 -1339.101665 -1339.103284 -1339.104628 -1339.105660 -1339.106439 -1339.107033 -1339.107493 -1339.107856 -1339.108149 -1339.108391 -1339.108604 -1339.108810 -1339.109037 -1339.109320 -1339.109710 -1339.110286 -1339.111168 -1339.112554 -1339.114763 -1339.118337 -1339.124207 -1339.134041 -1339.150924 -1339.180746 -1339.235045 -1339.336737 -1339.531654 -1339.912219 -1340.670274 -1342.231613 -1345.634696 -1353.687355 -1376.011259 -9999.0 -9999.0
-9999.0 -9999.0 338.068386 251.980509 160.488304 66.990108 -27.298897 -121.905655 -216.624431 -311.340503 -405.991138 -500.712650 -597.285734 -701.189228 -804.153760 -904.117488 -1002.012614 -1094.474906 -1186.050416 -1252.636362 -1290.777005 -1310.719631 -1320.265284 -1324.784365 -1327.273436 -1329.126578 -1330.837831 -1332.475653 -1333.968115 -1335.243063 -1336.271509 -1337.063516 -1337.651571 -1338.075424 -1338.373071 -1338.578580 -1338.728263 -1338.873261 -1339.121013 -1340.265015 -1348.097507 -1388.146196 -1116.618336 -1174.560236 -1135.505948 -1112.225937 -1101.542236 -1100.168385 -1100.031342 -1100.049228 -1100.089639 -1100.132749 -1100.174117 -1100.212386 -1100.247683 -1100.286755 -1100.396982 -1101.168576 -1106.652704 -1119.198777 -1140.074139 -1060.462833 -1365.775119 -1344.709572 -1339.902986 -1339.222305 -1339.119014 -1339.101812 -1339.100290 -1339.101665 -1339.103284 -1339.104628 -1339.105660 -1339.106439 -1339.107033 -1339.107493 -1339.107856 -1339.108149 -1339.108391 -1339.108604 -1339.108810 -1339.109037 -1339.109320 -1339.109710 -1339.110286 -1339.111168 -1339.112554 -1339.114763 -1339.118337 -1339.124207 -1339.134041 -1339.150924 -1339.180746 -1339.235045 -1339.336737 -1339.531654 -1339.912219 -1340.670274 -1342.231613 -1345.634696 -1353.687355 -1376.011259 -9999.0 -9999.0
-9999.0 -9999.0 338.068386 251.980509 160.488304 66.990107 -27.298897 -121.905655 -216.624431 -311.340503 -405.991138 -500.712650 -597.285734 -701.189228 -804.153760 -904.117488 -1002.012614 -1094.474906 -1186.050416 -1252.636362 -1290.777005 -1310.719631 -1320.265284 -1324.784365 -1327.273436 -1329.126578 -1330.837831 -1332.475653 -1333.968115 -1335.243063 -1336.271509 -1337.063516 -1337.651571 -1338.075424 -1338.373071 -1338.578580 -1338.728263 -1338.873261 -1339.121013 -1340.265015 -1348.097507 -1388.146196 -1116.618336 -1174.560236 -1135.505948 -1112.225937 -1101.542236 -1100.168385 -1100.031342 -1100.049228 -1100.089639 -1100.132749 -1100.174117 -1100.212386 -1100.247683 -1100.286755 -1100.396982 -1101.168576 -1106.652704 -1119.198777 -1140.074139 -1060.462833 -1365.775119 -1344.709572 -1339.902986 -1339.222305 -1339.119014 -1339.101812 -1339.100290 -1339.101665 -1339.103284 -1339.104628 -1339.105660 -1339.106439 -1339.107033 -1339.107493 -1339.107856 -1339.108149 -1339.108391 -1339.108604 -1339.108810 -1339.109037 -1339.109320 -1339.109710 -1339.110286 -1339.111168 -1339.112554 -1339.114763 -1339.118337 -1339.124207 -1339.134041 -1339.150924 -1339.180746 -1339.235045 -1339.336737 -1339.531654 -1339.912219 -1340.670274 -1342.231613 -1345.634696 -1353.687355 -1376.011259 -9999.0 -9999.0
-9999.0 -9999.0 338.066704 251.979589 160.487935 66.989973 -27.298945 -121.905672 -216.624437 -311.340505 -405.991139 -500.712650 -597.285734 -701.189228 -804.153760 -904.117488 -1002.012614 -1094.474906 -1186.050416 -1252.636362 -1290.777005 -1310.719631 -1320.265284 -1324.784365 -1327.273436 -1329.126578 -1330.837831 -1332.475653 -1333.968115 -1335.243063 -1336.271509 -1337.063516 -1337.651571 -1338.075424 -1338.373071 -1338.578580 -1338.728263 -1338.873261 -1339.121013 -1340.265015 -1348.097507 -1388.146196 -1116.618336 -1174.560236 -1135.505949 -1112.225937 -1101.542236 -1100.168385 -1100.031342 -1100.049228 -1100.089639 -1100.132749 -1100.174117 -1100.212386 -1100.247683 -1100.286755 -1100.396982 -1101.168576 -1106.652704 -1119.198777 -1140.074139 -1060.462833 -1365.775119 -1344.709572 -1339.902986 -1339.222305 -1339.119014 -1339.101812 -1339.100290 -1339.101665 -1339.103284 -1339.104628 -1339.105660 -1339.106439 -1339.107033 -1339.107493 -1339.107856 -1339.108149 -1339.108391 -1339.108604 -1339.108810 -1339.109037 -1339.109320 -1339.109710 -1339.110286 -1339.111168 -1339.112554 -1339.114763 -1339.118337 -1339.124207 -1339.134041 -1339.150924 -1339.180746 -1339.235045 -1339.336737 -1339.531654 -1339.912219 -1340.670274 -1342.231613 -1345.634696 -1353.687355 -1376.011259 -9999.0 -9999.0
-9999.0 -9999.0 338.057822 251.977413 160.487356 66.989801 -27.299000 -121.905691 -216.624444 -311.340507 -405.991139 -500.712651 -597.285734 -701.189228 -804.153760 -904.117488 -1002.012614 -1094.474906 -1186.050416 -1252.636362 -1290.777005 -1310.719631 -1320.265284 -1324.784365 -1327.273436 -1329.126578 -1330.837831 -1332.475653 -1333.968115 -1335.243063 -1336.271509 -1337.063516 -1337.651571 -1338.075424 -1338.373071 -1338.578580 -1338.728263 -1338.873261 -1339.121013 -1340.265015 -1348.097507 -1388.146196 -1116.618336 -1174.560236 -1135.505949 -1112.225938 -1101.542236 -1100.168385 -1100.031342 -1100.049228 -1100.089639 -1100.132749 -1100.174117 -1100.212386 -1100.247683 -1100.286755 -1100.396982 -1101.168576 -1106.652704 -1119.198777 -1140.074139 -1060.462833 -1365.775119 -1344.709572 -1339.902986 -1339.222305 -1339.119014 -1339.101812 -1339.100290 -1339.101665 -1339.103284 -1339.104628 -1339.105660 -1339.106439 -1339.107033 -1339.107493 -1339.107856 -1339.108149 -1339.108391 -1339.108604 -1339.108810 -1339.109037 -1339.109320 -1339.109710 -1339.110286 -1339.111168 -1339.112554 -1339.114763 -1339.118337 -1339.124207 -1339.134041 -1339.150924 -1339.180746 -1339.235045 -1339.336737 -1339.531654 -1339.912219 -1340.670274 -1342.231613 -1345.634696 -1353.687355 -1376.011259 -9999.0 -9999.0
-9999.0 -9999.0 -9999.0 -9999.0 -9999.0 -9999.0 -9999.0 -9999.0 -9999.0 -9999.0 -9999.0 -9999.0 -9999.0 -9999.0 -9999.0 -9999.0 -9999.0 -9999.0 -9999.0 -9999.0 -9999.0 -9999.0 -9999.0 -9999.0 -9999.0 -9999.0 -9999.0 -9999.0 -9999.0 -9999.0 -9999.0 -9999.0 -9999.0 -9999.0 -9999.0 -9999.0 -9999.0 -9999.0 -9999.0 -9999.0 -9999.0 -9999.0 -9999.0 -9999.0 -9999.0 -9999.0 -9999.0 -9999.0 -9999.0 -9999.0 -9999.0 -9999.0 -9999.0 -9999.0 -9999.0 -9999.0 -9999.0 -9999.0 -9999.0 -9999.0 -9999.0 -9999.0 -9999.0 -9999.0 -9999.0 -9999.0 -9999.0 -9999.0 -9999.0 -9999.0 -9999.0 -9999.0 -9999.0 -9999.0 -9999.0 -9999.0 -9999.0 -9999.0 -9999.0 -9999.0 -9999.0 -9999.0 -9999.0 -9999.0 -9999.0 -9999.0 -9999.0 -9999.0 -9999.0 -9999.0 -9999.0 -9999.0 -9999.0 -9999.0 -9999.0 -9999.0 -9999.0 -9999.0 -9999.0 -9999.0 -9999.0 -9999.0 -9999.0 -9999.0
-9999.0 -9999.0 -9999.0 -9999.0 -9999.0 -9999.0 -9999.0 -9999.0 -9999.0 -9999.0 -9999.0 -9999.0 -9999.0 -9999.0 -9999.0 -9999.0 -9999.0 -9999.0 -9999.0 -9999.0 -9999.0 -9999.0 -9999.0 -9999.0 -9999.0 -9999.0 -9999.0 -9999.0 -9999.0 -9999.0 -9999.0 -9999.0 -9999.0 -9999.0 -9999.0 -9999.0 -9999.0 -9999.0 -9999.0 -9999.0 -9999.0 -9999.0 -9999.0 -9999.0 -9999.0 -9999.0 -9999.0 -9999.0 -9999.0 -9999.0 -9999.0 -9999.0 -9999.0 -9999.0 -9999.0 -9999.0 -9999.0 -9999.0 -9999.0 -9999.0 -9999.0 -9999.0 -9999.0 -9999.0 -9999.0 -9999.0 -9999.0 -9999.0 -9999.0 -9999.0 -9999.0 -9999.0 -9999.0 -9999.0 -9999.0 -9999.0 -9999.0 -9999.0 -9999.0 -9999.0 -9999.0 -9999.0 -9999.0 -9999.0 -9999.0 -9999.0 -9999.0 -9999.0 -9999.0 -9999.0 -9999.0 -9999.0 -9999.0 -9999.0 -9999.0 -9999.0 -9999.0 -9999.0 -9999.0 -9999.0 -9999.0 -9999.0 -9999.0 -9999.0