inst/processing_geotop_simulation/geotop_simulation/out/maps3D/PwL0009N0041.asc
ncols         104
nrows         10
xllcorner     -2.000000
yllcorner     0.000000
cellsize      1.000000
NODATA_value  -9999.0
-9999.0 -9999.0 -9999.0 -9999.0 -9999.0 -9999.0 -9999.0 -9999.0 -9999.0 -9999.0 -9999.0 -9999.0 -9999.0 -9999.0 -9999.0 -9999.0 -9999.0 -9999.0 -9999.0 -9999.0 -9999.0 -9999.0 -9999.0 -9999.0 -9999.0 -9999.0 -9999.0 -9999.0 -9999.0 -9999.0 -9999.0 -9999.0 -9999.0 -9999.0 -9999.0 -9999.0 -9999.0 -9999.0 -9999.0 -9999.0 -9999.0 -9999.0 -9999.0 -9999.0 -9999.0 -9999.0 -9999.0 -9999.0 -9999.0 -9999.0 -9999.0 -9999.0 -9999.0 -9999.0 -9999.0 -9999.0 -9999.0 -9999.0 -9999.0 -9999.0 -9999.0 -9999.0 -9999.0 -9999.0 -9999.0 -9999.0 -9999.0 -9999.0 -9999.0 -9999.0 -9999.0 -9999.0 -9999.0 -9999.0 -9999.0 -9999.0 -9999.0 -9999.0 -9999.0 -9999.0 -9999.0 -9999.0 -9999.0 -9999.0 -9999.0 -9999.0 -9999.0 -9999.0 -9999.0 -9999.0 -9999.0 -9999.0 -9999.0 -9999.0 -9999.0 -9999.0 -9999.0 -9999.0 -9999.0 -9999.0 -9999.0 -9999.0 -9999.0 -9999.0
-9999.0 -9999.0 -9999.0 -9999.0 -9999.0 -9999.0 -9999.0 -9999.0 -9999.0 -9999.0 -9999.0 -9999.0 -9999.0 -9999.0 -9999.0 -9999.0 -9999.0 -9999.0 -9999.0 -9999.0 -9999.0 -9999.0 -9999.0 -9999.0 -9999.0 -9999.0 -9999.0 -9999.0 -9999.0 -9999.0 -9999.0 -9999.0 -9999.0 -9999.0 -9999.0 -9999.0 -9999.0 -9999.0 -9999.0 -9999.0 -9999.0 -9999.0 -9999.0 -9999.0 -9999.0 -9999.0 -9999.0 -9999.0 -9999.0 -9999.0 -9999.0 -9999.0 -9999.0 -9999.0 -9999.0 -9999.0 -9999.0 -9999.0 -9999.0 -9999.0 -9999.0 -9999.0 -9999.0 -9999.0 -9999.0 -9999.0 -9999.0 -9999.0 -9999.0 -9999.0 -9999.0 -9999.0 -9999.0 -9999.0 -9999.0 -9999.0 -9999.0 -9999.0 -9999.0 -9999.0 -9999.0 -9999.0 -9999.0 -9999.0 -9999.0 -9999.0 -9999.0 -9999.0 -9999.0 -9999.0 -9999.0 -9999.0 -9999.0 -9999.0 -9999.0 -9999.0 -9999.0 -9999.0 -9999.0 -9999.0 -9999.0 -9999.0 -9999.0 -9999.0
-9999.0 -9999.0 -742.319010 -753.059985 -757.186271 -761.030112 -764.329168 -766.670651 -768.163726 -767.821251 -755.775250 -737.407579 -716.833050 -690.355388 -675.966337 -671.590451 -656.353698 -634.253774 -599.516102 -575.462804 -571.710601 -581.862102 -602.005568 -627.546064 -654.913618 -681.351918 -704.818743 -724.099816 -738.865596 -749.502254 -756.779699 -761.550526 -764.570696 -766.424765 -767.525439 -768.145061 -768.474622 -768.794612 -769.431870 -769.047326 -768.680008 -796.939358 -2418.463485 -4524.240064 -4509.933037 -4479.676183 -4453.200123 -4449.441836 -4449.046161 -4449.030689 -4449.058426 -4449.090625 -4449.121667 -4449.150468 -4449.178241 -4449.221109 -4449.439000 -4451.258919 -4465.354483 -4488.557905 -4509.432780 -2314.230173 -787.264985 -772.848304 -770.264478 -769.473999 -769.299635 -769.273273 -769.277039 -769.285542 -769.293320 -769.299427 -769.304023 -769.307476 -769.310106 -769.312144 -769.313757 -769.315053 -769.316117 -769.317037 -769.317907 -769.318837 -769.319970 -769.321505 -769.323742 -769.327146 -769.332455 -769.340868 -769.354368 -769.376315 -769.412580 -769.473782 -769.579832 -769.769274 -770.118355 -770.779137 -772.053096 -774.529192 -779.347033 -788.778192 -807.839852 -847.547392 -9999.0 -9999.0
-9999.0 -9999.0 -742.318892 -753.059850 -757.186176 -761.030070 -764.329157 -766.670651 -768.163728 -767.821253 -755.775250 -737.407579 -716.833050 -690.355388 -675.966337 -671.590451 -656.353698 -634.253774 -599.516102 -575.462804 -571.710601 -581.862102 -602.005568 -627.546064 -654.913618 -681.351918 -704.818743 -724.099816 -738.865596 -749.502254 -756.779699 -761.550526 -764.570696 -766.424765 -767.525439 -768.145061 -768.474622 -768.794612 -769.431870 -769.047326 -768.680008 -796.939358 -2418.463485 -4524.240064 -4509.933036 -4479.676182 -4453.200124 -4449.441836 -4449.046161 -4449.030689 -4449.058426 -4449.090625 -4449.121667 -4449.150468 -4449.178241 -4449.221109 -4449.439000 -4451.258919 -4465.354483 -4488.557905 -4509.432780 -2314.230173 -787.264985 -772.848304 -770.264478 -769.473999 -769.299635 -769.273273 -769.277039 -769.285542 -769.293320 -769.299427 -769.304023 -769.307476 -769.310106 -769.312144 -769.313757 -769.315053 -769.316117 -769.317037 -769.317907 -769.318837 -769.319970 -769.321505 -769.323742 -769.327146 -769.332455 -769.340868 -769.354368 -769.376315 -769.412580 -769.473782 -769.579832 -769.769274 -770.118355 -770.779137 -772.053096 -774.529192 -779.347033 -788.778192 -807.839852 -847.547392 -9999.0 -9999.0
-9999.0 -9999.0 -742.318842 -753.059779 -757.186115 -761.030040 -764.329148 -766.670651 -768.163730 -767.821255 -755.775251 -737.407579 -716.833050 -690.355388 -675.966337 -671.590451 -656.353698 -634.253774 -599.516102 -575.462804 -571.710601 -581.862102 -602.005568 -627.546064 -654.913618 -681.351918 -704.818743 -724.099816 -738.865596 -749.502254 -756.779699 -761.550526 -764.570696 -766.424765 -767.525439 -768.145061 -768.474622 -768.794612 -769.431870 -769.047326 -768.680008 -796.939358 -2418.463485 -4524.240064 -4509.933036 -4479.676181 -4453.200124 -4449.441836 -4449.046161 -4449.030689 -4449.058426 -4449.090625 -4449.121667 -4449.150468 -4449.178241 -4449.221109 -4449.439000 -4451.258919 -4465.354483 -4488.557905 -4509.432780 -2314.230173 -787.264985 -772.848304 -770.264478 -769.473999 -769.299635 -769.273273 -769.277039 -769.285542 -769.293320 -769.299427 -769.304023 -769.307476 -769.310106 -769.312144 -769.313757 -769.315053 -769.316117 -769.317037 -769.317907 -769.318837 -769.319970 -769.321505 -769.323742 -769.327146 -769.332455 -769.340868 -769.354368 -769.376315 -769.412580 -769.473782 -769.579832 -769.769274 -770.118355 -770.779137 -772.053096 -774.529192 -779.347033 -788.778192 -807.839852 -847.547392 -9999.0 -9999.0
-9999.0 -9999.0 -742.318842 -753.059779 -757.186115 -761.030040 -764.329148 -766.670651 -768.163730 -767.821255 -755.775251 -737.407579 -716.833050 -690.355388 -675.966337 -671.590451 -656.353698 -634.253774 -599.516102 -575.462804 -571.710601 -581.862102 -602.005568 -627.546064 -654.913618 -681.351918 -704.818743 -724.099816 -738.865596 -749.502254 -756.779699 -761.550526 -764.570696 -766.424765 -767.525439 -768.145061 -768.474622 -768.794612 -769.431870 -769.047326 -768.680008 -796.939358 -2418.463485 -4524.240064 -4509.933036 -4479.676181 -4453.200124 -4449.441836 -4449.046161 -4449.030689 -4449.058426 -4449.090625 -4449.121667 -4449.150468 -4449.178241 -4449.221109 -4449.439000 -4451.258919 -4465.354483 -4488.557905 -4509.432780 -2314.230173 -787.264985 -772.848304 -770.264478 -769.473999 -769.299635 -769.273273 -769.277039 -769.285542 -769.293320 -769.299427 -769.304023 -769.307476 -769.310106 -769.312144 -769.313757 -769.315053 -769.316117 -769.317037 -769.317907 -769.318837 -769.319970 -769.321505 -769.323742 -769.327146 -769.332455 -769.340868 -769.354368 -769.376315 -769.412580 -769.473782 -769.579832 -769.769274 -770.118355 -770.779137 -772.053096 -774.529192 -779.347033 -788.778192 -807.839852 -847.547392 -9999.0 -9999.0
-9999.0 -9999.0 -742.318892 -753.059850 -757.186176 -761.030070 -764.329157 -766.670651 -768.163728 -767.821253 -755.775250 -737.407579 -716.833050 -690.355388 -675.966337 -671.590451 -656.353698 -634.253774 -599.516102 -575.462804 -571.710601 -581.862102 -602.005568 -627.546064 -654.913618 -681.351918 -704.818743 -724.099816 -738.865596 -749.502254 -756.779699 -761.550526 -764.570696 -766.424765 -767.525439 -768.145061 -768.474622 -768.794612 -769.431870 -769.047326 -768.680008 -796.939358 -2418.463485 -4524.240064 -4509.933036 -4479.676182 -4453.200124 -4449.441836 -4449.046161 -4449.030689 -4449.058426 -4449.090625 -4449.121667 -4449.150468 -4449.178241 -4449.221109 -4449.439000 -4451.258919 -4465.354483 -4488.557905 -4509.432780 -2314.230173 -787.264985 -772.848304 -770.264478 -769.473999 -769.299635 -769.273273 -769.277039 -769.285542 -769.293320 -769.299427 -769.304023 -769.307476 -769.310106 -769.312144 -769.313757 -769.315053 -769.316117 -769.317037 -769.317907 -769.318837 -769.319970 -769.321505 -769.323742 -769.327146 -769.332455 -769.340868 -769.354368 -769.376315 -769.412580 -769.473782 -769.579832 -769.769274 -770.118355 -770.779137 -772.053096 -774.529192 -779.347033 -788.778192 -807.839852 -847.547392 -9999.0 -9999.0
-9999.0 -9999.0 -742.319010 -753.059985 -757.186271 -761.030112 -764.329168 -766.670651 -768.163726 -767.821251 -755.775250 -737.407579 -716.833050 -690.355388 -675.966337 -671.590451 -656.353698 -634.253774 -599.516102 -575.462804 -571.710601 -581.862102 -602.005568 -627.546064 -654.913618 -681.351918 -704.818743 -724.099816 -738.865596 -749.502254 -756.779699 -761.550526 -764.570696 -766.424765 -767.525439 -768.145061 -768.474622 -768.794612 -769.431870 -769.047326 -768.680008 -796.939358 -2418.463485 -4524.240064 -4509.933037 -4479.676183 -4453.200123 -4449.441836 -4449.046161 -4449.030689 -4449.058426 -4449.090625 -4449.121667 -4449.150468 -4449.178241 -4449.221109 -4449.439000 -4451.258919 -4465.354483 -4488.557905 -4509.432780 -2314.230173 -787.264985 -772.848304 -770.264478 -769.473999 -769.299635 -769.273273 -769.277039 -769.285542 -769.293320 -769.299427 -769.304023 -769.307476 -769.310106 -769.312144 -769.313757 -769.315053 -769.316117 -769.317037 -769.317907 -769.318837 -769.319970 -769.321505 -769.323742 -769.327146 -769.332455 -769.340868 -769.354368 -769.376315 -769.412580 -769.473782 -769.579832 -769.769274 -770.118355 -770.779137 -772.053096 -774.529192 -779.347033 -788.778192 -807.839852 -847.547392 -9999.0 -9999.0
-9999.0 -9999.0 -9999.0 -9999.0 -9999.0 -9999.0 -9999.0 -9999.0 -9999.0 -9999.0 -9999.0 -9999.0 -9999.0 -9999.0 -9999.0 -9999.0 -9999.0 -9999.0 -9999.0 -9999.0 -9999.0 -9999.0 -9999.0 -9999.0 -9999.0 -9999.0 -9999.0 -9999.0 -9999.0 -9999.0 -9999.0 -9999.0 -9999.0 -9999.0 -9999.0 -9999.0 -9999.0 -9999.0 -9999.0 -9999.0 -9999.0 -9999.0 -9999.0 -9999.0 -9999.0 -9999.0 -9999.0 -9999.0 -9999.0 -9999.0 -9999.0 -9999.0 -9999.0 -9999.0 -9999.0 -9999.0 -9999.0 -9999.0 -9999.0 -9999.0 -9999.0 -9999.0 -9999.0 -9999.0 -9999.0 -9999.0 -9999.0 -9999.0 -9999.0 -9999.0 -9999.0 -9999.0 -9999.0 -9999.0 -9999.0 -9999.0 -9999.0 -9999.0 -9999.0 -9999.0 -9999.0 -9999.0 -9999.0 -9999.0 -9999.0 -9999.0 -9999.0 -9999.0 -9999.0 -9999.0 -9999.0 -9999.0 -9999.0 -9999.0 -9999.0 -9999.0 -9999.0 -9999.0 -9999.0 -9999.0 -9999.0 -9999.0 -9999.0 -9999.0
-9999.0 -9999.0 -9999.0 -9999.0 -9999.0 -9999.0 -9999.0 -9999.0 -9999.0 -9999.0 -9999.0 -9999.0 -9999.0 -9999.0 -9999.0 -9999.0 -9999.0 -9999.0 -9999.0 -9999.0 -9999.0 -9999.0 -9999.0 -9999.0 -9999.0 -9999.0 -9999.0 -9999.0 -9999.0 -9999.0 -9999.0 -9999.0 -9999.0 -9999.0 -9999.0 -9999.0 -9999.0 -9999.0 -9999.0 -9999.0 -9999.0 -9999.0 -9999.0 -9999.0 -9999.0 -9999.0 -9999.0 -9999.0 -9999.0 -9999.0 -9999.0 -9999.0 -9999.0 -9999.0 -9999.0 -9999.0 -9999.0 -9999.0 -9999.0 -9999.0 -9999.0 -9999.0 -9999.0 -9999.0 -9999.0 -9999.0 -9999.0 -9999.0 -9999.0 -9999.0 -9999.0 -9999.0 -9999.0 -9999.0 -9999.0 -9999.0 -9999.0 -9999.0 -9999.0 -9999.0 -9999.0 -9999.0 -9999.0 -9999.0 -9999.0 -9999.0 -9999.0 -9999.0 -9999.0 -9999.0 -9999.0 -9999.0 -9999.0 -9999.0 -9999.0 -9999.0 -9999.0 -9999.0 -9999.0 -9999.0 -9999.0 -9999.0 -9999.0 -9999.0