inst/processing_geotop_simulation/geotop_simulation/out/maps3D/PwL0004N0090.asc
ncols         104
nrows         10
xllcorner     -2.000000
yllcorner     0.000000
cellsize      1.000000
NODATA_value  -9999.0
-9999.0 -9999.0 -9999.0 -9999.0 -9999.0 -9999.0 -9999.0 -9999.0 -9999.0 -9999.0 -9999.0 -9999.0 -9999.0 -9999.0 -9999.0 -9999.0 -9999.0 -9999.0 -9999.0 -9999.0 -9999.0 -9999.0 -9999.0 -9999.0 -9999.0 -9999.0 -9999.0 -9999.0 -9999.0 -9999.0 -9999.0 -9999.0 -9999.0 -9999.0 -9999.0 -9999.0 -9999.0 -9999.0 -9999.0 -9999.0 -9999.0 -9999.0 -9999.0 -9999.0 -9999.0 -9999.0 -9999.0 -9999.0 -9999.0 -9999.0 -9999.0 -9999.0 -9999.0 -9999.0 -9999.0 -9999.0 -9999.0 -9999.0 -9999.0 -9999.0 -9999.0 -9999.0 -9999.0 -9999.0 -9999.0 -9999.0 -9999.0 -9999.0 -9999.0 -9999.0 -9999.0 -9999.0 -9999.0 -9999.0 -9999.0 -9999.0 -9999.0 -9999.0 -9999.0 -9999.0 -9999.0 -9999.0 -9999.0 -9999.0 -9999.0 -9999.0 -9999.0 -9999.0 -9999.0 -9999.0 -9999.0 -9999.0 -9999.0 -9999.0 -9999.0 -9999.0 -9999.0 -9999.0 -9999.0 -9999.0 -9999.0 -9999.0 -9999.0 -9999.0
-9999.0 -9999.0 -9999.0 -9999.0 -9999.0 -9999.0 -9999.0 -9999.0 -9999.0 -9999.0 -9999.0 -9999.0 -9999.0 -9999.0 -9999.0 -9999.0 -9999.0 -9999.0 -9999.0 -9999.0 -9999.0 -9999.0 -9999.0 -9999.0 -9999.0 -9999.0 -9999.0 -9999.0 -9999.0 -9999.0 -9999.0 -9999.0 -9999.0 -9999.0 -9999.0 -9999.0 -9999.0 -9999.0 -9999.0 -9999.0 -9999.0 -9999.0 -9999.0 -9999.0 -9999.0 -9999.0 -9999.0 -9999.0 -9999.0 -9999.0 -9999.0 -9999.0 -9999.0 -9999.0 -9999.0 -9999.0 -9999.0 -9999.0 -9999.0 -9999.0 -9999.0 -9999.0 -9999.0 -9999.0 -9999.0 -9999.0 -9999.0 -9999.0 -9999.0 -9999.0 -9999.0 -9999.0 -9999.0 -9999.0 -9999.0 -9999.0 -9999.0 -9999.0 -9999.0 -9999.0 -9999.0 -9999.0 -9999.0 -9999.0 -9999.0 -9999.0 -9999.0 -9999.0 -9999.0 -9999.0 -9999.0 -9999.0 -9999.0 -9999.0 -9999.0 -9999.0 -9999.0 -9999.0 -9999.0 -9999.0 -9999.0 -9999.0 -9999.0 -9999.0
-9999.0 -9999.0 181.042211 90.530467 -4.464847 -100.737474 -197.537435 -294.716989 -392.538258 -492.299833 -606.619843 -769.690471 -929.828566 -1032.686716 -1121.009216 -1203.127083 -1264.280747 -1295.871468 -1305.711506 -1304.180236 -1298.949830 -1294.066213 -1291.103621 -1290.331044 -1291.412509 -1293.772469 -1296.784735 -1299.901884 -1302.742169 -1305.110806 -1306.961720 -1308.338705 -1309.324977 -1310.009912 -1310.472388 -1310.776977 -1310.983601 -1311.165474 -1311.388789 -1312.026166 -1317.523356 -1346.274114 -914.983751 -917.394296 -900.024038 -889.417289 -884.477857 -883.817081 -883.752012 -883.765212 -883.790649 -883.817607 -883.843468 -883.867388 -883.889359 -883.912752 -883.971393 -884.358038 -886.956521 -892.902478 -902.817767 -888.735461 -1328.495495 -1315.483702 -1312.069977 -1311.559583 -1311.467374 -1311.450887 -1311.450127 -1311.452271 -1311.454525 -1311.456353 -1311.457744 -1311.458792 -1311.459589 -1311.460206 -1311.460693 -1311.461084 -1311.461408 -1311.461690 -1311.461962 -1311.462258 -1311.462625 -1311.463130 -1311.463872 -1311.465007 -1311.466786 -1311.469617 -1311.474185 -1311.481664 -1311.494142 -1311.515452 -1311.552884 -1311.620660 -1311.746982 -1311.988032 -1312.455743 -1313.375495 -1315.221827 -1319.085017 -1327.754290 -1350.244412 -9999.0 -9999.0
-9999.0 -9999.0 181.052902 90.532666 -4.464288 -100.737312 -197.537385 -294.716973 -392.538253 -492.299831 -606.619843 -769.690471 -929.828566 -1032.686716 -1121.009216 -1203.127083 -1264.280747 -1295.871468 -1305.711506 -1304.180236 -1298.949830 -1294.066213 -1291.103621 -1290.331044 -1291.412509 -1293.772469 -1296.784735 -1299.901884 -1302.742169 -1305.110806 -1306.961720 -1308.338705 -1309.324977 -1310.009912 -1310.472388 -1310.776977 -1310.983601 -1311.165474 -1311.388789 -1312.026166 -1317.523356 -1346.274114 -914.983751 -917.394296 -900.024038 -889.417289 -884.477857 -883.817081 -883.752012 -883.765212 -883.790649 -883.817607 -883.843468 -883.867388 -883.889359 -883.912752 -883.971393 -884.358038 -886.956521 -892.902478 -902.817767 -888.735461 -1328.495495 -1315.483702 -1312.069977 -1311.559583 -1311.467374 -1311.450887 -1311.450127 -1311.452271 -1311.454525 -1311.456353 -1311.457744 -1311.458792 -1311.459589 -1311.460206 -1311.460693 -1311.461084 -1311.461408 -1311.461690 -1311.461962 -1311.462258 -1311.462625 -1311.463130 -1311.463872 -1311.465007 -1311.466786 -1311.469617 -1311.474185 -1311.481664 -1311.494142 -1311.515452 -1311.552884 -1311.620660 -1311.746982 -1311.988032 -1312.455743 -1313.375495 -1315.221827 -1319.085017 -1327.754290 -1350.244412 -9999.0 -9999.0
-9999.0 -9999.0 181.054409 90.533558 -4.463934 -100.737184 -197.537340 -294.716958 -392.538248 -492.299829 -606.619842 -769.690471 -929.828566 -1032.686716 -1121.009216 -1203.127083 -1264.280747 -1295.871468 -1305.711506 -1304.180236 -1298.949830 -1294.066213 -1291.103621 -1290.331044 -1291.412509 -1293.772469 -1296.784735 -1299.901884 -1302.742169 -1305.110806 -1306.961720 -1308.338705 -1309.324977 -1310.009912 -1310.472388 -1310.776977 -1310.983601 -1311.165474 -1311.388789 -1312.026166 -1317.523356 -1346.274114 -914.983751 -917.394296 -900.024038 -889.417288 -884.477857 -883.817081 -883.752012 -883.765212 -883.790649 -883.817607 -883.843468 -883.867388 -883.889359 -883.912752 -883.971393 -884.358038 -886.956521 -892.902478 -902.817766 -888.735461 -1328.495495 -1315.483702 -1312.069977 -1311.559583 -1311.467374 -1311.450887 -1311.450127 -1311.452271 -1311.454525 -1311.456353 -1311.457744 -1311.458792 -1311.459589 -1311.460206 -1311.460693 -1311.461084 -1311.461408 -1311.461690 -1311.461962 -1311.462258 -1311.462625 -1311.463130 -1311.463872 -1311.465007 -1311.466786 -1311.469617 -1311.474185 -1311.481664 -1311.494142 -1311.515452 -1311.552884 -1311.620660 -1311.746982 -1311.988032 -1312.455743 -1313.375495 -1315.221827 -1319.085017 -1327.754290 -1350.244412 -9999.0 -9999.0
-9999.0 -9999.0 181.054409 90.533558 -4.463934 -100.737184 -197.537340 -294.716958 -392.538248 -492.299829 -606.619842 -769.690471 -929.828566 -1032.686716 -1121.009216 -1203.127083 -1264.280747 -1295.871468 -1305.711506 -1304.180236 -1298.949830 -1294.066213 -1291.103621 -1290.331044 -1291.412509 -1293.772469 -1296.784735 -1299.901884 -1302.742169 -1305.110806 -1306.961720 -1308.338705 -1309.324977 -1310.009912 -1310.472388 -1310.776977 -1310.983601 -1311.165474 -1311.388789 -1312.026166 -1317.523356 -1346.274114 -914.983751 -917.394296 -900.024038 -889.417288 -884.477857 -883.817081 -883.752012 -883.765212 -883.790649 -883.817607 -883.843468 -883.867388 -883.889359 -883.912752 -883.971393 -884.358038 -886.956521 -892.902478 -902.817766 -888.735461 -1328.495495 -1315.483702 -1312.069977 -1311.559583 -1311.467374 -1311.450887 -1311.450127 -1311.452271 -1311.454525 -1311.456353 -1311.457744 -1311.458792 -1311.459589 -1311.460206 -1311.460693 -1311.461084 -1311.461408 -1311.461690 -1311.461962 -1311.462258 -1311.462625 -1311.463130 -1311.463872 -1311.465007 -1311.466786 -1311.469617 -1311.474185 -1311.481664 -1311.494142 -1311.515452 -1311.552884 -1311.620660 -1311.746982 -1311.988032 -1312.455743 -1313.375495 -1315.221827 -1319.085017 -1327.754290 -1350.244412 -9999.0 -9999.0
-9999.0 -9999.0 181.052902 90.532666 -4.464288 -100.737312 -197.537385 -294.716973 -392.538253 -492.299831 -606.619843 -769.690471 -929.828566 -1032.686716 -1121.009216 -1203.127083 -1264.280747 -1295.871468 -1305.711506 -1304.180236 -1298.949830 -1294.066213 -1291.103621 -1290.331044 -1291.412509 -1293.772469 -1296.784735 -1299.901884 -1302.742169 -1305.110806 -1306.961720 -1308.338705 -1309.324977 -1310.009912 -1310.472388 -1310.776977 -1310.983601 -1311.165474 -1311.388789 -1312.026166 -1317.523356 -1346.274114 -914.983751 -917.394296 -900.024038 -889.417289 -884.477857 -883.817081 -883.752012 -883.765212 -883.790649 -883.817607 -883.843468 -883.867388 -883.889359 -883.912752 -883.971393 -884.358038 -886.956521 -892.902478 -902.817767 -888.735461 -1328.495495 -1315.483702 -1312.069977 -1311.559583 -1311.467374 -1311.450887 -1311.450127 -1311.452271 -1311.454525 -1311.456353 -1311.457744 -1311.458792 -1311.459589 -1311.460206 -1311.460693 -1311.461084 -1311.461408 -1311.461690 -1311.461962 -1311.462258 -1311.462625 -1311.463130 -1311.463872 -1311.465007 -1311.466786 -1311.469617 -1311.474185 -1311.481664 -1311.494142 -1311.515452 -1311.552884 -1311.620660 -1311.746982 -1311.988032 -1312.455743 -1313.375495 -1315.221827 -1319.085017 -1327.754290 -1350.244412 -9999.0 -9999.0
-9999.0 -9999.0 181.042211 90.530467 -4.464847 -100.737474 -197.537435 -294.716989 -392.538258 -492.299833 -606.619843 -769.690471 -929.828566 -1032.686716 -1121.009216 -1203.127083 -1264.280747 -1295.871468 -1305.711506 -1304.180236 -1298.949830 -1294.066213 -1291.103621 -1290.331044 -1291.412509 -1293.772469 -1296.784735 -1299.901884 -1302.742169 -1305.110806 -1306.961720 -1308.338705 -1309.324977 -1310.009912 -1310.472388 -1310.776977 -1310.983601 -1311.165474 -1311.388789 -1312.026166 -1317.523356 -1346.274114 -914.983751 -917.394296 -900.024038 -889.417289 -884.477857 -883.817081 -883.752012 -883.765212 -883.790649 -883.817607 -883.843468 -883.867388 -883.889359 -883.912752 -883.971393 -884.358038 -886.956521 -892.902478 -902.817767 -888.735461 -1328.495495 -1315.483702 -1312.069977 -1311.559583 -1311.467374 -1311.450887 -1311.450127 -1311.452271 -1311.454525 -1311.456353 -1311.457744 -1311.458792 -1311.459589 -1311.460206 -1311.460693 -1311.461084 -1311.461408 -1311.461690 -1311.461962 -1311.462258 -1311.462625 -1311.463130 -1311.463872 -1311.465007 -1311.466786 -1311.469617 -1311.474185 -1311.481664 -1311.494142 -1311.515452 -1311.552884 -1311.620660 -1311.746982 -1311.988032 -1312.455743 -1313.375495 -1315.221827 -1319.085017 -1327.754290 -1350.244412 -9999.0 -9999.0
-9999.0 -9999.0 -9999.0 -9999.0 -9999.0 -9999.0 -9999.0 -9999.0 -9999.0 -9999.0 -9999.0 -9999.0 -9999.0 -9999.0 -9999.0 -9999.0 -9999.0 -9999.0 -9999.0 -9999.0 -9999.0 -9999.0 -9999.0 -9999.0 -9999.0 -9999.0 -9999.0 -9999.0 -9999.0 -9999.0 -9999.0 -9999.0 -9999.0 -9999.0 -9999.0 -9999.0 -9999.0 -9999.0 -9999.0 -9999.0 -9999.0 -9999.0 -9999.0 -9999.0 -9999.0 -9999.0 -9999.0 -9999.0 -9999.0 -9999.0 -9999.0 -9999.0 -9999.0 -9999.0 -9999.0 -9999.0 -9999.0 -9999.0 -9999.0 -9999.0 -9999.0 -9999.0 -9999.0 -9999.0 -9999.0 -9999.0 -9999.0 -9999.0 -9999.0 -9999.0 -9999.0 -9999.0 -9999.0 -9999.0 -9999.0 -9999.0 -9999.0 -9999.0 -9999.0 -9999.0 -9999.0 -9999.0 -9999.0 -9999.0 -9999.0 -9999.0 -9999.0 -9999.0 -9999.0 -9999.0 -9999.0 -9999.0 -9999.0 -9999.0 -9999.0 -9999.0 -9999.0 -9999.0 -9999.0 -9999.0 -9999.0 -9999.0 -9999.0 -9999.0
-9999.0 -9999.0 -9999.0 -9999.0 -9999.0 -9999.0 -9999.0 -9999.0 -9999.0 -9999.0 -9999.0 -9999.0 -9999.0 -9999.0 -9999.0 -9999.0 -9999.0 -9999.0 -9999.0 -9999.0 -9999.0 -9999.0 -9999.0 -9999.0 -9999.0 -9999.0 -9999.0 -9999.0 -9999.0 -9999.0 -9999.0 -9999.0 -9999.0 -9999.0 -9999.0 -9999.0 -9999.0 -9999.0 -9999.0 -9999.0 -9999.0 -9999.0 -9999.0 -9999.0 -9999.0 -9999.0 -9999.0 -9999.0 -9999.0 -9999.0 -9999.0 -9999.0 -9999.0 -9999.0 -9999.0 -9999.0 -9999.0 -9999.0 -9999.0 -9999.0 -9999.0 -9999.0 -9999.0 -9999.0 -9999.0 -9999.0 -9999.0 -9999.0 -9999.0 -9999.0 -9999.0 -9999.0 -9999.0 -9999.0 -9999.0 -9999.0 -9999.0 -9999.0 -9999.0 -9999.0 -9999.0 -9999.0 -9999.0 -9999.0 -9999.0 -9999.0 -9999.0 -9999.0 -9999.0 -9999.0 -9999.0 -9999.0 -9999.0 -9999.0 -9999.0 -9999.0 -9999.0 -9999.0 -9999.0 -9999.0 -9999.0 -9999.0 -9999.0 -9999.0