inst/processing_geotop_simulation/geotop_simulation/out/maps3D/PwL0018N0219.asc
ncols         104
nrows         10
xllcorner     -2.000000
yllcorner     0.000000
cellsize      1.000000
NODATA_value  -9999.0
-9999.0 -9999.0 -9999.0 -9999.0 -9999.0 -9999.0 -9999.0 -9999.0 -9999.0 -9999.0 -9999.0 -9999.0 -9999.0 -9999.0 -9999.0 -9999.0 -9999.0 -9999.0 -9999.0 -9999.0 -9999.0 -9999.0 -9999.0 -9999.0 -9999.0 -9999.0 -9999.0 -9999.0 -9999.0 -9999.0 -9999.0 -9999.0 -9999.0 -9999.0 -9999.0 -9999.0 -9999.0 -9999.0 -9999.0 -9999.0 -9999.0 -9999.0 -9999.0 -9999.0 -9999.0 -9999.0 -9999.0 -9999.0 -9999.0 -9999.0 -9999.0 -9999.0 -9999.0 -9999.0 -9999.0 -9999.0 -9999.0 -9999.0 -9999.0 -9999.0 -9999.0 -9999.0 -9999.0 -9999.0 -9999.0 -9999.0 -9999.0 -9999.0 -9999.0 -9999.0 -9999.0 -9999.0 -9999.0 -9999.0 -9999.0 -9999.0 -9999.0 -9999.0 -9999.0 -9999.0 -9999.0 -9999.0 -9999.0 -9999.0 -9999.0 -9999.0 -9999.0 -9999.0 -9999.0 -9999.0 -9999.0 -9999.0 -9999.0 -9999.0 -9999.0 -9999.0 -9999.0 -9999.0 -9999.0 -9999.0 -9999.0 -9999.0 -9999.0 -9999.0
-9999.0 -9999.0 -9999.0 -9999.0 -9999.0 -9999.0 -9999.0 -9999.0 -9999.0 -9999.0 -9999.0 -9999.0 -9999.0 -9999.0 -9999.0 -9999.0 -9999.0 -9999.0 -9999.0 -9999.0 -9999.0 -9999.0 -9999.0 -9999.0 -9999.0 -9999.0 -9999.0 -9999.0 -9999.0 -9999.0 -9999.0 -9999.0 -9999.0 -9999.0 -9999.0 -9999.0 -9999.0 -9999.0 -9999.0 -9999.0 -9999.0 -9999.0 -9999.0 -9999.0 -9999.0 -9999.0 -9999.0 -9999.0 -9999.0 -9999.0 -9999.0 -9999.0 -9999.0 -9999.0 -9999.0 -9999.0 -9999.0 -9999.0 -9999.0 -9999.0 -9999.0 -9999.0 -9999.0 -9999.0 -9999.0 -9999.0 -9999.0 -9999.0 -9999.0 -9999.0 -9999.0 -9999.0 -9999.0 -9999.0 -9999.0 -9999.0 -9999.0 -9999.0 -9999.0 -9999.0 -9999.0 -9999.0 -9999.0 -9999.0 -9999.0 -9999.0 -9999.0 -9999.0 -9999.0 -9999.0 -9999.0 -9999.0 -9999.0 -9999.0 -9999.0 -9999.0 -9999.0 -9999.0 -9999.0 -9999.0 -9999.0 -9999.0 -9999.0 -9999.0
-9999.0 -9999.0 875.936807 779.165660 682.015665 584.438760 486.638509 388.738885 290.806317 192.876572 94.969404 -2.901140 -100.719508 -198.471572 -296.089770 -393.449015 -490.318035 -586.324467 -680.915475 -776.120380 -870.395273 -963.471151 -1055.131051 -1132.537199 -1199.370043 -1254.556483 -1298.225140 -1331.474222 -1355.959766 -1373.494927 -1385.770368 -1394.210461 -1399.933820 -1403.775443 -1406.336060 -1408.038533 -1409.184997 -1410.039257 -1411.099300 -1414.297420 -1427.765688 -1492.084731 -1986.570331 -4051.449939 -4084.155928 -4084.158413 -4084.158322 -4084.157213 -4084.151572 -4084.132201 -4084.077308 -4083.914225 -4083.638065 -4083.274302 -4082.661603 -4081.458141 -4078.791567 -4072.324253 -4055.753841 -4012.952064 -3837.981294 -1749.154383 -1453.130400 -1420.240104 -1413.134041 -1411.773837 -1411.550196 -1411.515944 -1411.511285 -1411.511315 -1411.512014 -1411.512683 -1411.513220 -1411.513635 -1411.513956 -1411.514209 -1411.514411 -1411.514577 -1411.514718 -1411.514844 -1411.514969 -1411.515106 -1411.515277 -1411.515510 -1411.515849 -1411.516366 -1411.517174 -1411.518464 -1411.520560 -1411.524034 -1411.529931 -1411.540218 -1411.558710 -1411.592977 -1411.658344 -1411.786723 -1412.047845 -1412.605321 -1413.872902 -1416.963360 -1425.126788 -1449.757552 -9999.0 -9999.0
-9999.0 -9999.0 875.940431 779.166988 682.016090 584.438898 486.638555 388.738901 290.806323 192.876574 94.969405 -2.901139 -100.719508 -198.471572 -296.089770 -393.449015 -490.318035 -586.324467 -680.915475 -776.120380 -870.395273 -963.471151 -1055.131051 -1132.537199 -1199.370043 -1254.556483 -1298.225140 -1331.474223 -1355.959766 -1373.494927 -1385.770368 -1394.210461 -1399.933820 -1403.775443 -1406.336060 -1408.038533 -1409.184997 -1410.039257 -1411.099300 -1414.297420 -1427.765688 -1492.084731 -1986.570331 -4051.449939 -4084.155928 -4084.158413 -4084.158322 -4084.157213 -4084.151572 -4084.132201 -4084.077308 -4083.914225 -4083.638065 -4083.274302 -4082.661603 -4081.458141 -4078.791567 -4072.324253 -4055.753841 -4012.952064 -3837.981295 -1749.154383 -1453.130400 -1420.240104 -1413.134041 -1411.773837 -1411.550196 -1411.515944 -1411.511285 -1411.511315 -1411.512014 -1411.512683 -1411.513220 -1411.513635 -1411.513956 -1411.514209 -1411.514411 -1411.514577 -1411.514718 -1411.514844 -1411.514969 -1411.515106 -1411.515277 -1411.515510 -1411.515849 -1411.516366 -1411.517174 -1411.518464 -1411.520560 -1411.524034 -1411.529931 -1411.540218 -1411.558710 -1411.592977 -1411.658344 -1411.786723 -1412.047845 -1412.605321 -1413.872902 -1416.963360 -1425.126788 -1449.757552 -9999.0 -9999.0
-9999.0 -9999.0 875.941736 779.167682 682.016381 584.439008 486.638595 388.738916 290.806329 192.876576 94.969406 -2.901139 -100.719508 -198.471572 -296.089770 -393.449015 -490.318035 -586.324467 -680.915476 -776.120380 -870.395273 -963.471151 -1055.131051 -1132.537199 -1199.370043 -1254.556483 -1298.225140 -1331.474223 -1355.959766 -1373.494927 -1385.770368 -1394.210461 -1399.933820 -1403.775443 -1406.336060 -1408.038533 -1409.184997 -1410.039257 -1411.099300 -1414.297420 -1427.765688 -1492.084731 -1986.570331 -4051.449939 -4084.155928 -4084.158413 -4084.158322 -4084.157213 -4084.151572 -4084.132201 -4084.077308 -4083.914225 -4083.638065 -4083.274302 -4082.661603 -4081.458141 -4078.791567 -4072.324253 -4055.753841 -4012.952064 -3837.981294 -1749.154383 -1453.130400 -1420.240104 -1413.134041 -1411.773837 -1411.550196 -1411.515944 -1411.511285 -1411.511315 -1411.512014 -1411.512683 -1411.513220 -1411.513635 -1411.513956 -1411.514209 -1411.514411 -1411.514577 -1411.514718 -1411.514844 -1411.514969 -1411.515106 -1411.515277 -1411.515510 -1411.515849 -1411.516366 -1411.517174 -1411.518464 -1411.520560 -1411.524034 -1411.529931 -1411.540218 -1411.558710 -1411.592977 -1411.658344 -1411.786723 -1412.047845 -1412.605321 -1413.872902 -1416.963360 -1425.126788 -1449.757552 -9999.0 -9999.0
-9999.0 -9999.0 875.941736 779.167682 682.016381 584.439008 486.638595 388.738916 290.806329 192.876576 94.969406 -2.901139 -100.719508 -198.471572 -296.089770 -393.449015 -490.318035 -586.324467 -680.915476 -776.120380 -870.395273 -963.471151 -1055.131051 -1132.537199 -1199.370043 -1254.556483 -1298.225140 -1331.474223 -1355.959766 -1373.494927 -1385.770368 -1394.210461 -1399.933820 -1403.775443 -1406.336060 -1408.038533 -1409.184997 -1410.039257 -1411.099300 -1414.297420 -1427.765688 -1492.084731 -1986.570331 -4051.449939 -4084.155928 -4084.158413 -4084.158322 -4084.157213 -4084.151572 -4084.132201 -4084.077308 -4083.914225 -4083.638065 -4083.274302 -4082.661603 -4081.458141 -4078.791567 -4072.324253 -4055.753841 -4012.952064 -3837.981294 -1749.154383 -1453.130400 -1420.240104 -1413.134041 -1411.773837 -1411.550196 -1411.515944 -1411.511285 -1411.511315 -1411.512014 -1411.512683 -1411.513220 -1411.513635 -1411.513956 -1411.514209 -1411.514411 -1411.514577 -1411.514718 -1411.514844 -1411.514969 -1411.515106 -1411.515277 -1411.515510 -1411.515849 -1411.516366 -1411.517174 -1411.518464 -1411.520560 -1411.524034 -1411.529931 -1411.540218 -1411.558710 -1411.592977 -1411.658344 -1411.786723 -1412.047845 -1412.605321 -1413.872902 -1416.963360 -1425.126788 -1449.757552 -9999.0 -9999.0
-9999.0 -9999.0 875.940431 779.166988 682.016090 584.438898 486.638555 388.738901 290.806323 192.876574 94.969405 -2.901139 -100.719508 -198.471572 -296.089770 -393.449015 -490.318035 -586.324467 -680.915475 -776.120380 -870.395273 -963.471151 -1055.131051 -1132.537199 -1199.370043 -1254.556483 -1298.225140 -1331.474223 -1355.959766 -1373.494927 -1385.770368 -1394.210461 -1399.933820 -1403.775443 -1406.336060 -1408.038533 -1409.184997 -1410.039257 -1411.099300 -1414.297420 -1427.765688 -1492.084731 -1986.570331 -4051.449939 -4084.155928 -4084.158413 -4084.158322 -4084.157213 -4084.151572 -4084.132201 -4084.077308 -4083.914225 -4083.638065 -4083.274302 -4082.661603 -4081.458141 -4078.791567 -4072.324253 -4055.753841 -4012.952064 -3837.981295 -1749.154383 -1453.130400 -1420.240104 -1413.134041 -1411.773837 -1411.550196 -1411.515944 -1411.511285 -1411.511315 -1411.512014 -1411.512683 -1411.513220 -1411.513635 -1411.513956 -1411.514209 -1411.514411 -1411.514577 -1411.514718 -1411.514844 -1411.514969 -1411.515106 -1411.515277 -1411.515510 -1411.515849 -1411.516366 -1411.517174 -1411.518464 -1411.520560 -1411.524034 -1411.529931 -1411.540218 -1411.558710 -1411.592977 -1411.658344 -1411.786723 -1412.047845 -1412.605321 -1413.872902 -1416.963360 -1425.126788 -1449.757552 -9999.0 -9999.0
-9999.0 -9999.0 875.936807 779.165660 682.015665 584.438760 486.638509 388.738885 290.806317 192.876572 94.969404 -2.901140 -100.719508 -198.471572 -296.089770 -393.449015 -490.318035 -586.324467 -680.915475 -776.120380 -870.395273 -963.471150 -1055.131051 -1132.537199 -1199.370043 -1254.556483 -1298.225140 -1331.474222 -1355.959766 -1373.494927 -1385.770368 -1394.210461 -1399.933820 -1403.775443 -1406.336060 -1408.038533 -1409.184997 -1410.039257 -1411.099300 -1414.297420 -1427.765688 -1492.084731 -1986.570331 -4051.449939 -4084.155928 -4084.158413 -4084.158322 -4084.157213 -4084.151572 -4084.132201 -4084.077308 -4083.914225 -4083.638065 -4083.274302 -4082.661603 -4081.458141 -4078.791567 -4072.324253 -4055.753841 -4012.952064 -3837.981295 -1749.154383 -1453.130400 -1420.240104 -1413.134041 -1411.773837 -1411.550196 -1411.515944 -1411.511285 -1411.511315 -1411.512014 -1411.512683 -1411.513220 -1411.513635 -1411.513956 -1411.514209 -1411.514411 -1411.514577 -1411.514718 -1411.514844 -1411.514969 -1411.515106 -1411.515277 -1411.515510 -1411.515849 -1411.516366 -1411.517174 -1411.518464 -1411.520560 -1411.524034 -1411.529931 -1411.540218 -1411.558710 -1411.592977 -1411.658344 -1411.786723 -1412.047845 -1412.605321 -1413.872902 -1416.963360 -1425.126788 -1449.757552 -9999.0 -9999.0
-9999.0 -9999.0 -9999.0 -9999.0 -9999.0 -9999.0 -9999.0 -9999.0 -9999.0 -9999.0 -9999.0 -9999.0 -9999.0 -9999.0 -9999.0 -9999.0 -9999.0 -9999.0 -9999.0 -9999.0 -9999.0 -9999.0 -9999.0 -9999.0 -9999.0 -9999.0 -9999.0 -9999.0 -9999.0 -9999.0 -9999.0 -9999.0 -9999.0 -9999.0 -9999.0 -9999.0 -9999.0 -9999.0 -9999.0 -9999.0 -9999.0 -9999.0 -9999.0 -9999.0 -9999.0 -9999.0 -9999.0 -9999.0 -9999.0 -9999.0 -9999.0 -9999.0 -9999.0 -9999.0 -9999.0 -9999.0 -9999.0 -9999.0 -9999.0 -9999.0 -9999.0 -9999.0 -9999.0 -9999.0 -9999.0 -9999.0 -9999.0 -9999.0 -9999.0 -9999.0 -9999.0 -9999.0 -9999.0 -9999.0 -9999.0 -9999.0 -9999.0 -9999.0 -9999.0 -9999.0 -9999.0 -9999.0 -9999.0 -9999.0 -9999.0 -9999.0 -9999.0 -9999.0 -9999.0 -9999.0 -9999.0 -9999.0 -9999.0 -9999.0 -9999.0 -9999.0 -9999.0 -9999.0 -9999.0 -9999.0 -9999.0 -9999.0 -9999.0 -9999.0
-9999.0 -9999.0 -9999.0 -9999.0 -9999.0 -9999.0 -9999.0 -9999.0 -9999.0 -9999.0 -9999.0 -9999.0 -9999.0 -9999.0 -9999.0 -9999.0 -9999.0 -9999.0 -9999.0 -9999.0 -9999.0 -9999.0 -9999.0 -9999.0 -9999.0 -9999.0 -9999.0 -9999.0 -9999.0 -9999.0 -9999.0 -9999.0 -9999.0 -9999.0 -9999.0 -9999.0 -9999.0 -9999.0 -9999.0 -9999.0 -9999.0 -9999.0 -9999.0 -9999.0 -9999.0 -9999.0 -9999.0 -9999.0 -9999.0 -9999.0 -9999.0 -9999.0 -9999.0 -9999.0 -9999.0 -9999.0 -9999.0 -9999.0 -9999.0 -9999.0 -9999.0 -9999.0 -9999.0 -9999.0 -9999.0 -9999.0 -9999.0 -9999.0 -9999.0 -9999.0 -9999.0 -9999.0 -9999.0 -9999.0 -9999.0 -9999.0 -9999.0 -9999.0 -9999.0 -9999.0 -9999.0 -9999.0 -9999.0 -9999.0 -9999.0 -9999.0 -9999.0 -9999.0 -9999.0 -9999.0 -9999.0 -9999.0 -9999.0 -9999.0 -9999.0 -9999.0 -9999.0 -9999.0 -9999.0 -9999.0 -9999.0 -9999.0 -9999.0 -9999.0