inst/processing_geotop_simulation/geotop_simulation/out/maps3D/PwL0008N0398.asc
ncols         104
nrows         10
xllcorner     -2.000000
yllcorner     0.000000
cellsize      1.000000
NODATA_value  -9999.0
-9999.0 -9999.0 -9999.0 -9999.0 -9999.0 -9999.0 -9999.0 -9999.0 -9999.0 -9999.0 -9999.0 -9999.0 -9999.0 -9999.0 -9999.0 -9999.0 -9999.0 -9999.0 -9999.0 -9999.0 -9999.0 -9999.0 -9999.0 -9999.0 -9999.0 -9999.0 -9999.0 -9999.0 -9999.0 -9999.0 -9999.0 -9999.0 -9999.0 -9999.0 -9999.0 -9999.0 -9999.0 -9999.0 -9999.0 -9999.0 -9999.0 -9999.0 -9999.0 -9999.0 -9999.0 -9999.0 -9999.0 -9999.0 -9999.0 -9999.0 -9999.0 -9999.0 -9999.0 -9999.0 -9999.0 -9999.0 -9999.0 -9999.0 -9999.0 -9999.0 -9999.0 -9999.0 -9999.0 -9999.0 -9999.0 -9999.0 -9999.0 -9999.0 -9999.0 -9999.0 -9999.0 -9999.0 -9999.0 -9999.0 -9999.0 -9999.0 -9999.0 -9999.0 -9999.0 -9999.0 -9999.0 -9999.0 -9999.0 -9999.0 -9999.0 -9999.0 -9999.0 -9999.0 -9999.0 -9999.0 -9999.0 -9999.0 -9999.0 -9999.0 -9999.0 -9999.0 -9999.0 -9999.0 -9999.0 -9999.0 -9999.0 -9999.0 -9999.0 -9999.0
-9999.0 -9999.0 -9999.0 -9999.0 -9999.0 -9999.0 -9999.0 -9999.0 -9999.0 -9999.0 -9999.0 -9999.0 -9999.0 -9999.0 -9999.0 -9999.0 -9999.0 -9999.0 -9999.0 -9999.0 -9999.0 -9999.0 -9999.0 -9999.0 -9999.0 -9999.0 -9999.0 -9999.0 -9999.0 -9999.0 -9999.0 -9999.0 -9999.0 -9999.0 -9999.0 -9999.0 -9999.0 -9999.0 -9999.0 -9999.0 -9999.0 -9999.0 -9999.0 -9999.0 -9999.0 -9999.0 -9999.0 -9999.0 -9999.0 -9999.0 -9999.0 -9999.0 -9999.0 -9999.0 -9999.0 -9999.0 -9999.0 -9999.0 -9999.0 -9999.0 -9999.0 -9999.0 -9999.0 -9999.0 -9999.0 -9999.0 -9999.0 -9999.0 -9999.0 -9999.0 -9999.0 -9999.0 -9999.0 -9999.0 -9999.0 -9999.0 -9999.0 -9999.0 -9999.0 -9999.0 -9999.0 -9999.0 -9999.0 -9999.0 -9999.0 -9999.0 -9999.0 -9999.0 -9999.0 -9999.0 -9999.0 -9999.0 -9999.0 -9999.0 -9999.0 -9999.0 -9999.0 -9999.0 -9999.0 -9999.0 -9999.0 -9999.0 -9999.0 -9999.0
-9999.0 -9999.0 373.554319 275.317420 176.430112 77.284382 -21.964206 -121.253121 -220.555264 -319.852041 -419.124592 -518.342263 -617.441830 -716.303889 -815.189499 -914.023536 -1012.761406 -1111.402626 -1209.113114 -1305.612207 -1399.810312 -1489.733722 -1572.612167 -1645.711270 -1707.283916 -1756.971596 -1795.608663 -1824.743584 -1846.172764 -1861.622057 -1872.583465 -1880.262340 -1885.587836 -1889.252320 -1891.759391 -1893.471519 -1894.660320 -1895.593343 -1896.778113 -1899.427672 -1902.858121 -1866.619334 -1245.658521 -1310.283317 -1286.036777 -1269.949962 -1262.484678 -1261.386766 -1261.270117 -1261.280286 -1261.308502 -1261.338907 -1261.368132 -1261.395198 -1261.420368 -1261.450093 -1261.545323 -1262.191874 -1266.121705 -1274.889310 -1285.180287 -1206.588386 -1835.453979 -1896.008600 -1898.099699 -1897.392568 -1897.167642 -1897.122558 -1897.115167 -1897.114441 -1897.114771 -1897.115191 -1897.115546 -1897.115827 -1897.116048 -1897.116225 -1897.116370 -1897.116492 -1897.116598 -1897.116697 -1897.116796 -1897.116905 -1897.117038 -1897.117216 -1897.117469 -1897.117847 -1897.118431 -1897.119354 -1897.120849 -1897.123332 -1897.127565 -1897.135000 -1897.148471 -1897.173648 -1897.222146 -1897.318599 -1897.518158 -1897.953445 -1898.970498 -1901.563950 -1908.976116 -1933.438443 -9999.0 -9999.0
-9999.0 -9999.0 373.560879 275.319086 176.430561 77.284516 -21.964163 -121.253107 -220.555259 -319.852039 -419.124591 -518.342263 -617.441830 -716.303889 -815.189499 -914.023537 -1012.761406 -1111.402627 -1209.113114 -1305.612207 -1399.810313 -1489.733722 -1572.612167 -1645.711270 -1707.283916 -1756.971596 -1795.608663 -1824.743584 -1846.172764 -1861.622057 -1872.583465 -1880.262340 -1885.587836 -1889.252320 -1891.759391 -1893.471519 -1894.660320 -1895.593343 -1896.778113 -1899.427672 -1902.858121 -1866.619334 -1245.658520 -1310.283317 -1286.036777 -1269.949962 -1262.484678 -1261.386766 -1261.270117 -1261.280286 -1261.308502 -1261.338907 -1261.368132 -1261.395198 -1261.420368 -1261.450093 -1261.545323 -1262.191874 -1266.121705 -1274.889310 -1285.180287 -1206.588386 -1835.453979 -1896.008600 -1898.099699 -1897.392568 -1897.167642 -1897.122558 -1897.115167 -1897.114441 -1897.114771 -1897.115191 -1897.115546 -1897.115827 -1897.116048 -1897.116225 -1897.116370 -1897.116492 -1897.116598 -1897.116697 -1897.116796 -1897.116905 -1897.117038 -1897.117216 -1897.117469 -1897.117847 -1897.118430 -1897.119354 -1897.120849 -1897.123332 -1897.127565 -1897.135000 -1897.148471 -1897.173648 -1897.222146 -1897.318599 -1897.518158 -1897.953445 -1898.970498 -1901.563950 -1908.976116 -1933.438443 -9999.0 -9999.0
-9999.0 -9999.0 373.562226 275.319807 176.430849 77.284621 -21.964125 -121.253093 -220.555254 -319.852037 -419.124590 -518.342263 -617.441830 -716.303889 -815.189500 -914.023537 -1012.761407 -1111.402627 -1209.113114 -1305.612208 -1399.810313 -1489.733722 -1572.612167 -1645.711270 -1707.283916 -1756.971596 -1795.608663 -1824.743584 -1846.172764 -1861.622057 -1872.583465 -1880.262340 -1885.587836 -1889.252320 -1891.759391 -1893.471519 -1894.660320 -1895.593343 -1896.778113 -1899.427672 -1902.858121 -1866.619334 -1245.658520 -1310.283317 -1286.036777 -1269.949961 -1262.484678 -1261.386766 -1261.270117 -1261.280286 -1261.308502 -1261.338907 -1261.368132 -1261.395198 -1261.420368 -1261.450093 -1261.545323 -1262.191874 -1266.121705 -1274.889310 -1285.180287 -1206.588386 -1835.453979 -1896.008600 -1898.099699 -1897.392568 -1897.167642 -1897.122558 -1897.115167 -1897.114441 -1897.114771 -1897.115191 -1897.115546 -1897.115827 -1897.116048 -1897.116225 -1897.116370 -1897.116492 -1897.116598 -1897.116697 -1897.116796 -1897.116905 -1897.117038 -1897.117216 -1897.117469 -1897.117847 -1897.118430 -1897.119354 -1897.120849 -1897.123332 -1897.127565 -1897.135000 -1897.148471 -1897.173648 -1897.222146 -1897.318599 -1897.518158 -1897.953445 -1898.970498 -1901.563950 -1908.976116 -1933.438443 -9999.0 -9999.0
-9999.0 -9999.0 373.562226 275.319807 176.430849 77.284621 -21.964125 -121.253093 -220.555254 -319.852037 -419.124590 -518.342263 -617.441830 -716.303889 -815.189500 -914.023537 -1012.761407 -1111.402627 -1209.113114 -1305.612208 -1399.810313 -1489.733722 -1572.612167 -1645.711270 -1707.283916 -1756.971596 -1795.608663 -1824.743584 -1846.172764 -1861.622057 -1872.583465 -1880.262340 -1885.587836 -1889.252320 -1891.759391 -1893.471519 -1894.660320 -1895.593343 -1896.778113 -1899.427672 -1902.858121 -1866.619334 -1245.658520 -1310.283317 -1286.036777 -1269.949961 -1262.484678 -1261.386766 -1261.270117 -1261.280286 -1261.308502 -1261.338907 -1261.368132 -1261.395198 -1261.420368 -1261.450093 -1261.545323 -1262.191874 -1266.121705 -1274.889310 -1285.180287 -1206.588386 -1835.453979 -1896.008600 -1898.099699 -1897.392568 -1897.167642 -1897.122558 -1897.115167 -1897.114441 -1897.114771 -1897.115191 -1897.115546 -1897.115827 -1897.116048 -1897.116225 -1897.116370 -1897.116492 -1897.116598 -1897.116697 -1897.116796 -1897.116905 -1897.117038 -1897.117216 -1897.117469 -1897.117847 -1897.118430 -1897.119354 -1897.120849 -1897.123332 -1897.127565 -1897.135000 -1897.148471 -1897.173648 -1897.222146 -1897.318599 -1897.518158 -1897.953445 -1898.970498 -1901.563950 -1908.976116 -1933.438443 -9999.0 -9999.0
-9999.0 -9999.0 373.560879 275.319086 176.430561 77.284516 -21.964163 -121.253107 -220.555259 -319.852039 -419.124591 -518.342263 -617.441830 -716.303889 -815.189500 -914.023536 -1012.761406 -1111.402627 -1209.113114 -1305.612207 -1399.810313 -1489.733722 -1572.612167 -1645.711270 -1707.283916 -1756.971596 -1795.608663 -1824.743584 -1846.172764 -1861.622057 -1872.583465 -1880.262340 -1885.587836 -1889.252320 -1891.759391 -1893.471519 -1894.660320 -1895.593343 -1896.778113 -1899.427672 -1902.858121 -1866.619334 -1245.658520 -1310.283317 -1286.036777 -1269.949962 -1262.484678 -1261.386766 -1261.270117 -1261.280286 -1261.308502 -1261.338907 -1261.368132 -1261.395198 -1261.420368 -1261.450093 -1261.545323 -1262.191874 -1266.121705 -1274.889310 -1285.180287 -1206.588386 -1835.453979 -1896.008600 -1898.099699 -1897.392568 -1897.167642 -1897.122558 -1897.115167 -1897.114441 -1897.114771 -1897.115191 -1897.115546 -1897.115827 -1897.116048 -1897.116225 -1897.116370 -1897.116492 -1897.116598 -1897.116697 -1897.116796 -1897.116905 -1897.117038 -1897.117216 -1897.117469 -1897.117847 -1897.118430 -1897.119354 -1897.120849 -1897.123332 -1897.127565 -1897.135000 -1897.148471 -1897.173648 -1897.222146 -1897.318599 -1897.518158 -1897.953445 -1898.970498 -1901.563950 -1908.976116 -1933.438443 -9999.0 -9999.0
-9999.0 -9999.0 373.554319 275.317420 176.430112 77.284382 -21.964206 -121.253121 -220.555264 -319.852041 -419.124592 -518.342263 -617.441830 -716.303889 -815.189499 -914.023536 -1012.761406 -1111.402626 -1209.113114 -1305.612207 -1399.810312 -1489.733722 -1572.612167 -1645.711270 -1707.283916 -1756.971596 -1795.608663 -1824.743584 -1846.172764 -1861.622057 -1872.583465 -1880.262340 -1885.587836 -1889.252320 -1891.759391 -1893.471519 -1894.660320 -1895.593343 -1896.778113 -1899.427672 -1902.858121 -1866.619334 -1245.658521 -1310.283317 -1286.036777 -1269.949962 -1262.484678 -1261.386766 -1261.270117 -1261.280286 -1261.308502 -1261.338907 -1261.368132 -1261.395198 -1261.420368 -1261.450093 -1261.545323 -1262.191874 -1266.121705 -1274.889310 -1285.180287 -1206.588386 -1835.453979 -1896.008600 -1898.099699 -1897.392568 -1897.167642 -1897.122558 -1897.115167 -1897.114441 -1897.114771 -1897.115191 -1897.115546 -1897.115827 -1897.116048 -1897.116225 -1897.116370 -1897.116492 -1897.116598 -1897.116697 -1897.116796 -1897.116905 -1897.117038 -1897.117216 -1897.117469 -1897.117847 -1897.118431 -1897.119354 -1897.120849 -1897.123332 -1897.127565 -1897.135000 -1897.148471 -1897.173648 -1897.222146 -1897.318599 -1897.518158 -1897.953445 -1898.970498 -1901.563950 -1908.976116 -1933.438443 -9999.0 -9999.0
-9999.0 -9999.0 -9999.0 -9999.0 -9999.0 -9999.0 -9999.0 -9999.0 -9999.0 -9999.0 -9999.0 -9999.0 -9999.0 -9999.0 -9999.0 -9999.0 -9999.0 -9999.0 -9999.0 -9999.0 -9999.0 -9999.0 -9999.0 -9999.0 -9999.0 -9999.0 -9999.0 -9999.0 -9999.0 -9999.0 -9999.0 -9999.0 -9999.0 -9999.0 -9999.0 -9999.0 -9999.0 -9999.0 -9999.0 -9999.0 -9999.0 -9999.0 -9999.0 -9999.0 -9999.0 -9999.0 -9999.0 -9999.0 -9999.0 -9999.0 -9999.0 -9999.0 -9999.0 -9999.0 -9999.0 -9999.0 -9999.0 -9999.0 -9999.0 -9999.0 -9999.0 -9999.0 -9999.0 -9999.0 -9999.0 -9999.0 -9999.0 -9999.0 -9999.0 -9999.0 -9999.0 -9999.0 -9999.0 -9999.0 -9999.0 -9999.0 -9999.0 -9999.0 -9999.0 -9999.0 -9999.0 -9999.0 -9999.0 -9999.0 -9999.0 -9999.0 -9999.0 -9999.0 -9999.0 -9999.0 -9999.0 -9999.0 -9999.0 -9999.0 -9999.0 -9999.0 -9999.0 -9999.0 -9999.0 -9999.0 -9999.0 -9999.0 -9999.0 -9999.0
-9999.0 -9999.0 -9999.0 -9999.0 -9999.0 -9999.0 -9999.0 -9999.0 -9999.0 -9999.0 -9999.0 -9999.0 -9999.0 -9999.0 -9999.0 -9999.0 -9999.0 -9999.0 -9999.0 -9999.0 -9999.0 -9999.0 -9999.0 -9999.0 -9999.0 -9999.0 -9999.0 -9999.0 -9999.0 -9999.0 -9999.0 -9999.0 -9999.0 -9999.0 -9999.0 -9999.0 -9999.0 -9999.0 -9999.0 -9999.0 -9999.0 -9999.0 -9999.0 -9999.0 -9999.0 -9999.0 -9999.0 -9999.0 -9999.0 -9999.0 -9999.0 -9999.0 -9999.0 -9999.0 -9999.0 -9999.0 -9999.0 -9999.0 -9999.0 -9999.0 -9999.0 -9999.0 -9999.0 -9999.0 -9999.0 -9999.0 -9999.0 -9999.0 -9999.0 -9999.0 -9999.0 -9999.0 -9999.0 -9999.0 -9999.0 -9999.0 -9999.0 -9999.0 -9999.0 -9999.0 -9999.0 -9999.0 -9999.0 -9999.0 -9999.0 -9999.0 -9999.0 -9999.0 -9999.0 -9999.0 -9999.0 -9999.0 -9999.0 -9999.0 -9999.0 -9999.0 -9999.0 -9999.0 -9999.0 -9999.0 -9999.0 -9999.0 -9999.0 -9999.0