inst/processing_geotop_simulation/geotop_simulation/out/maps3D/PwL0006N0174.asc
ncols         104
nrows         10
xllcorner     -2.000000
yllcorner     0.000000
cellsize      1.000000
NODATA_value  -9999.0
-9999.0 -9999.0 -9999.0 -9999.0 -9999.0 -9999.0 -9999.0 -9999.0 -9999.0 -9999.0 -9999.0 -9999.0 -9999.0 -9999.0 -9999.0 -9999.0 -9999.0 -9999.0 -9999.0 -9999.0 -9999.0 -9999.0 -9999.0 -9999.0 -9999.0 -9999.0 -9999.0 -9999.0 -9999.0 -9999.0 -9999.0 -9999.0 -9999.0 -9999.0 -9999.0 -9999.0 -9999.0 -9999.0 -9999.0 -9999.0 -9999.0 -9999.0 -9999.0 -9999.0 -9999.0 -9999.0 -9999.0 -9999.0 -9999.0 -9999.0 -9999.0 -9999.0 -9999.0 -9999.0 -9999.0 -9999.0 -9999.0 -9999.0 -9999.0 -9999.0 -9999.0 -9999.0 -9999.0 -9999.0 -9999.0 -9999.0 -9999.0 -9999.0 -9999.0 -9999.0 -9999.0 -9999.0 -9999.0 -9999.0 -9999.0 -9999.0 -9999.0 -9999.0 -9999.0 -9999.0 -9999.0 -9999.0 -9999.0 -9999.0 -9999.0 -9999.0 -9999.0 -9999.0 -9999.0 -9999.0 -9999.0 -9999.0 -9999.0 -9999.0 -9999.0 -9999.0 -9999.0 -9999.0 -9999.0 -9999.0 -9999.0 -9999.0 -9999.0 -9999.0
-9999.0 -9999.0 -9999.0 -9999.0 -9999.0 -9999.0 -9999.0 -9999.0 -9999.0 -9999.0 -9999.0 -9999.0 -9999.0 -9999.0 -9999.0 -9999.0 -9999.0 -9999.0 -9999.0 -9999.0 -9999.0 -9999.0 -9999.0 -9999.0 -9999.0 -9999.0 -9999.0 -9999.0 -9999.0 -9999.0 -9999.0 -9999.0 -9999.0 -9999.0 -9999.0 -9999.0 -9999.0 -9999.0 -9999.0 -9999.0 -9999.0 -9999.0 -9999.0 -9999.0 -9999.0 -9999.0 -9999.0 -9999.0 -9999.0 -9999.0 -9999.0 -9999.0 -9999.0 -9999.0 -9999.0 -9999.0 -9999.0 -9999.0 -9999.0 -9999.0 -9999.0 -9999.0 -9999.0 -9999.0 -9999.0 -9999.0 -9999.0 -9999.0 -9999.0 -9999.0 -9999.0 -9999.0 -9999.0 -9999.0 -9999.0 -9999.0 -9999.0 -9999.0 -9999.0 -9999.0 -9999.0 -9999.0 -9999.0 -9999.0 -9999.0 -9999.0 -9999.0 -9999.0 -9999.0 -9999.0 -9999.0 -9999.0 -9999.0 -9999.0 -9999.0 -9999.0 -9999.0 -9999.0 -9999.0 -9999.0 -9999.0 -9999.0 -9999.0 -9999.0
-9999.0 -9999.0 281.550130 190.457530 95.655051 -0.406294 -96.945773 -193.683338 -290.452381 -387.131416 -483.559915 -579.366342 -673.852598 -768.054100 -861.985623 -956.002979 -1050.128563 -1142.037040 -1232.540105 -1316.421211 -1386.237442 -1439.544302 -1477.581877 -1503.521441 -1520.794584 -1532.222193 -1539.813140 -1544.889210 -1548.295415 -1550.577743 -1552.099620 -1553.108118 -1553.772421 -1554.207743 -1554.491856 -1554.678587 -1554.811984 -1554.951426 -1555.300301 -1557.037820 -1565.426837 -1582.018115 -1084.416272 -1112.976746 -1090.701687 -1076.862423 -1070.437531 -1069.554666 -1069.464671 -1069.476040 -1069.502245 -1069.530254 -1069.557146 -1069.582032 -1069.605025 -1069.630819 -1069.705375 -1070.215944 -1073.568933 -1081.160825 -1092.872273 -1049.781333 -1557.958905 -1560.552064 -1556.148827 -1555.273230 -1555.137370 -1555.116463 -1555.113942 -1555.114577 -1555.115604 -1555.116498 -1555.117193 -1555.117722 -1555.118125 -1555.118438 -1555.118685 -1555.118884 -1555.119050 -1555.119197 -1555.119341 -1555.119500 -1555.119700 -1555.119977 -1555.120387 -1555.121018 -1555.122010 -1555.123596 -1555.126170 -1555.130418 -1555.137579 -1555.149962 -1555.172005 -1555.212436 -1555.288658 -1555.435786 -1555.726223 -1556.316708 -1557.574508 -1560.443712 -1567.671768 -1589.610507 -9999.0 -9999.0
-9999.0 -9999.0 281.559372 190.459664 95.655610 -0.406130 -96.945720 -193.683321 -290.452375 -387.131413 -483.559914 -579.366342 -673.852598 -768.054100 -861.985623 -956.002979 -1050.128564 -1142.037040 -1232.540105 -1316.421211 -1386.237442 -1439.544302 -1477.581877 -1503.521441 -1520.794584 -1532.222193 -1539.813140 -1544.889210 -1548.295415 -1550.577743 -1552.099620 -1553.108118 -1553.772421 -1554.207743 -1554.491856 -1554.678587 -1554.811984 -1554.951426 -1555.300301 -1557.037820 -1565.426837 -1582.018115 -1084.416272 -1112.976746 -1090.701687 -1076.862423 -1070.437531 -1069.554666 -1069.464671 -1069.476040 -1069.502245 -1069.530254 -1069.557146 -1069.582032 -1069.605025 -1069.630819 -1069.705375 -1070.215944 -1073.568933 -1081.160825 -1092.872273 -1049.781333 -1557.958905 -1560.552064 -1556.148827 -1555.273230 -1555.137370 -1555.116463 -1555.113942 -1555.114577 -1555.115604 -1555.116498 -1555.117193 -1555.117722 -1555.118125 -1555.118438 -1555.118685 -1555.118884 -1555.119050 -1555.119197 -1555.119341 -1555.119500 -1555.119700 -1555.119977 -1555.120387 -1555.121018 -1555.122010 -1555.123596 -1555.126170 -1555.130418 -1555.137579 -1555.149962 -1555.172005 -1555.212436 -1555.288658 -1555.435786 -1555.726223 -1556.316708 -1557.574508 -1560.443712 -1567.671768 -1589.610507 -9999.0 -9999.0
-9999.0 -9999.0 281.560974 190.460553 95.655964 -0.406001 -96.945675 -193.683304 -290.452369 -387.131411 -483.559913 -579.366342 -673.852598 -768.054100 -861.985623 -956.002979 -1050.128564 -1142.037040 -1232.540105 -1316.421211 -1386.237442 -1439.544302 -1477.581877 -1503.521441 -1520.794584 -1532.222193 -1539.813140 -1544.889210 -1548.295415 -1550.577743 -1552.099620 -1553.108118 -1553.772421 -1554.207743 -1554.491856 -1554.678587 -1554.811984 -1554.951426 -1555.300301 -1557.037820 -1565.426837 -1582.018115 -1084.416272 -1112.976746 -1090.701687 -1076.862422 -1070.437531 -1069.554666 -1069.464671 -1069.476040 -1069.502245 -1069.530254 -1069.557146 -1069.582032 -1069.605025 -1069.630819 -1069.705375 -1070.215944 -1073.568933 -1081.160825 -1092.872273 -1049.781333 -1557.958905 -1560.552064 -1556.148827 -1555.273230 -1555.137370 -1555.116463 -1555.113942 -1555.114577 -1555.115604 -1555.116498 -1555.117193 -1555.117722 -1555.118125 -1555.118438 -1555.118685 -1555.118884 -1555.119050 -1555.119197 -1555.119341 -1555.119500 -1555.119700 -1555.119977 -1555.120387 -1555.121018 -1555.122010 -1555.123596 -1555.126170 -1555.130418 -1555.137579 -1555.149962 -1555.172005 -1555.212436 -1555.288658 -1555.435786 -1555.726223 -1556.316708 -1557.574508 -1560.443712 -1567.671768 -1589.610507 -9999.0 -9999.0
-9999.0 -9999.0 281.560974 190.460553 95.655964 -0.406001 -96.945675 -193.683304 -290.452369 -387.131411 -483.559913 -579.366342 -673.852598 -768.054100 -861.985623 -956.002979 -1050.128564 -1142.037040 -1232.540105 -1316.421211 -1386.237442 -1439.544302 -1477.581877 -1503.521441 -1520.794584 -1532.222193 -1539.813140 -1544.889210 -1548.295415 -1550.577743 -1552.099620 -1553.108118 -1553.772421 -1554.207743 -1554.491856 -1554.678587 -1554.811984 -1554.951426 -1555.300301 -1557.037820 -1565.426837 -1582.018115 -1084.416272 -1112.976746 -1090.701687 -1076.862422 -1070.437531 -1069.554666 -1069.464671 -1069.476040 -1069.502245 -1069.530254 -1069.557146 -1069.582032 -1069.605025 -1069.630819 -1069.705375 -1070.215944 -1073.568933 -1081.160825 -1092.872273 -1049.781333 -1557.958905 -1560.552064 -1556.148827 -1555.273230 -1555.137370 -1555.116463 -1555.113942 -1555.114577 -1555.115604 -1555.116498 -1555.117193 -1555.117722 -1555.118125 -1555.118438 -1555.118685 -1555.118884 -1555.119050 -1555.119197 -1555.119341 -1555.119500 -1555.119700 -1555.119977 -1555.120387 -1555.121018 -1555.122010 -1555.123596 -1555.126170 -1555.130418 -1555.137579 -1555.149962 -1555.172005 -1555.212436 -1555.288658 -1555.435786 -1555.726223 -1556.316708 -1557.574508 -1560.443712 -1567.671768 -1589.610507 -9999.0 -9999.0
-9999.0 -9999.0 281.559372 190.459664 95.655610 -0.406130 -96.945721 -193.683320 -290.452375 -387.131413 -483.559914 -579.366342 -673.852598 -768.054100 -861.985623 -956.002979 -1050.128564 -1142.037040 -1232.540105 -1316.421211 -1386.237442 -1439.544302 -1477.581877 -1503.521441 -1520.794584 -1532.222193 -1539.813140 -1544.889210 -1548.295415 -1550.577743 -1552.099620 -1553.108118 -1553.772421 -1554.207743 -1554.491856 -1554.678587 -1554.811984 -1554.951426 -1555.300301 -1557.037820 -1565.426837 -1582.018115 -1084.416272 -1112.976746 -1090.701687 -1076.862423 -1070.437531 -1069.554666 -1069.464671 -1069.476040 -1069.502245 -1069.530254 -1069.557146 -1069.582032 -1069.605025 -1069.630819 -1069.705375 -1070.215944 -1073.568933 -1081.160825 -1092.872273 -1049.781333 -1557.958905 -1560.552064 -1556.148827 -1555.273230 -1555.137370 -1555.116463 -1555.113942 -1555.114577 -1555.115604 -1555.116498 -1555.117193 -1555.117722 -1555.118125 -1555.118438 -1555.118685 -1555.118884 -1555.119050 -1555.119197 -1555.119341 -1555.119500 -1555.119700 -1555.119977 -1555.120387 -1555.121018 -1555.122010 -1555.123596 -1555.126170 -1555.130418 -1555.137579 -1555.149962 -1555.172005 -1555.212436 -1555.288658 -1555.435786 -1555.726223 -1556.316708 -1557.574508 -1560.443712 -1567.671768 -1589.610507 -9999.0 -9999.0
-9999.0 -9999.0 281.550130 190.457530 95.655051 -0.406294 -96.945773 -193.683338 -290.452381 -387.131416 -483.559915 -579.366342 -673.852598 -768.054100 -861.985623 -956.002979 -1050.128563 -1142.037040 -1232.540105 -1316.421211 -1386.237442 -1439.544302 -1477.581877 -1503.521441 -1520.794584 -1532.222193 -1539.813140 -1544.889210 -1548.295415 -1550.577743 -1552.099620 -1553.108118 -1553.772421 -1554.207743 -1554.491856 -1554.678587 -1554.811984 -1554.951426 -1555.300301 -1557.037820 -1565.426837 -1582.018115 -1084.416272 -1112.976746 -1090.701687 -1076.862423 -1070.437531 -1069.554666 -1069.464671 -1069.476040 -1069.502245 -1069.530254 -1069.557146 -1069.582032 -1069.605025 -1069.630819 -1069.705375 -1070.215944 -1073.568933 -1081.160825 -1092.872273 -1049.781333 -1557.958905 -1560.552064 -1556.148827 -1555.273230 -1555.137370 -1555.116463 -1555.113942 -1555.114577 -1555.115604 -1555.116498 -1555.117193 -1555.117722 -1555.118125 -1555.118438 -1555.118685 -1555.118884 -1555.119050 -1555.119197 -1555.119341 -1555.119500 -1555.119700 -1555.119977 -1555.120387 -1555.121018 -1555.122010 -1555.123596 -1555.126170 -1555.130418 -1555.137579 -1555.149962 -1555.172005 -1555.212436 -1555.288658 -1555.435786 -1555.726223 -1556.316708 -1557.574508 -1560.443712 -1567.671768 -1589.610507 -9999.0 -9999.0
-9999.0 -9999.0 -9999.0 -9999.0 -9999.0 -9999.0 -9999.0 -9999.0 -9999.0 -9999.0 -9999.0 -9999.0 -9999.0 -9999.0 -9999.0 -9999.0 -9999.0 -9999.0 -9999.0 -9999.0 -9999.0 -9999.0 -9999.0 -9999.0 -9999.0 -9999.0 -9999.0 -9999.0 -9999.0 -9999.0 -9999.0 -9999.0 -9999.0 -9999.0 -9999.0 -9999.0 -9999.0 -9999.0 -9999.0 -9999.0 -9999.0 -9999.0 -9999.0 -9999.0 -9999.0 -9999.0 -9999.0 -9999.0 -9999.0 -9999.0 -9999.0 -9999.0 -9999.0 -9999.0 -9999.0 -9999.0 -9999.0 -9999.0 -9999.0 -9999.0 -9999.0 -9999.0 -9999.0 -9999.0 -9999.0 -9999.0 -9999.0 -9999.0 -9999.0 -9999.0 -9999.0 -9999.0 -9999.0 -9999.0 -9999.0 -9999.0 -9999.0 -9999.0 -9999.0 -9999.0 -9999.0 -9999.0 -9999.0 -9999.0 -9999.0 -9999.0 -9999.0 -9999.0 -9999.0 -9999.0 -9999.0 -9999.0 -9999.0 -9999.0 -9999.0 -9999.0 -9999.0 -9999.0 -9999.0 -9999.0 -9999.0 -9999.0 -9999.0 -9999.0
-9999.0 -9999.0 -9999.0 -9999.0 -9999.0 -9999.0 -9999.0 -9999.0 -9999.0 -9999.0 -9999.0 -9999.0 -9999.0 -9999.0 -9999.0 -9999.0 -9999.0 -9999.0 -9999.0 -9999.0 -9999.0 -9999.0 -9999.0 -9999.0 -9999.0 -9999.0 -9999.0 -9999.0 -9999.0 -9999.0 -9999.0 -9999.0 -9999.0 -9999.0 -9999.0 -9999.0 -9999.0 -9999.0 -9999.0 -9999.0 -9999.0 -9999.0 -9999.0 -9999.0 -9999.0 -9999.0 -9999.0 -9999.0 -9999.0 -9999.0 -9999.0 -9999.0 -9999.0 -9999.0 -9999.0 -9999.0 -9999.0 -9999.0 -9999.0 -9999.0 -9999.0 -9999.0 -9999.0 -9999.0 -9999.0 -9999.0 -9999.0 -9999.0 -9999.0 -9999.0 -9999.0 -9999.0 -9999.0 -9999.0 -9999.0 -9999.0 -9999.0 -9999.0 -9999.0 -9999.0 -9999.0 -9999.0 -9999.0 -9999.0 -9999.0 -9999.0 -9999.0 -9999.0 -9999.0 -9999.0 -9999.0 -9999.0 -9999.0 -9999.0 -9999.0 -9999.0 -9999.0 -9999.0 -9999.0 -9999.0 -9999.0 -9999.0 -9999.0 -9999.0