inst/processing_geotop_simulation/geotop_simulation/out/maps3D/PwL0019N0102.asc
ncols         104
nrows         10
xllcorner     -2.000000
yllcorner     0.000000
cellsize      1.000000
NODATA_value  -9999.0
-9999.0 -9999.0 -9999.0 -9999.0 -9999.0 -9999.0 -9999.0 -9999.0 -9999.0 -9999.0 -9999.0 -9999.0 -9999.0 -9999.0 -9999.0 -9999.0 -9999.0 -9999.0 -9999.0 -9999.0 -9999.0 -9999.0 -9999.0 -9999.0 -9999.0 -9999.0 -9999.0 -9999.0 -9999.0 -9999.0 -9999.0 -9999.0 -9999.0 -9999.0 -9999.0 -9999.0 -9999.0 -9999.0 -9999.0 -9999.0 -9999.0 -9999.0 -9999.0 -9999.0 -9999.0 -9999.0 -9999.0 -9999.0 -9999.0 -9999.0 -9999.0 -9999.0 -9999.0 -9999.0 -9999.0 -9999.0 -9999.0 -9999.0 -9999.0 -9999.0 -9999.0 -9999.0 -9999.0 -9999.0 -9999.0 -9999.0 -9999.0 -9999.0 -9999.0 -9999.0 -9999.0 -9999.0 -9999.0 -9999.0 -9999.0 -9999.0 -9999.0 -9999.0 -9999.0 -9999.0 -9999.0 -9999.0 -9999.0 -9999.0 -9999.0 -9999.0 -9999.0 -9999.0 -9999.0 -9999.0 -9999.0 -9999.0 -9999.0 -9999.0 -9999.0 -9999.0 -9999.0 -9999.0 -9999.0 -9999.0 -9999.0 -9999.0 -9999.0 -9999.0
-9999.0 -9999.0 -9999.0 -9999.0 -9999.0 -9999.0 -9999.0 -9999.0 -9999.0 -9999.0 -9999.0 -9999.0 -9999.0 -9999.0 -9999.0 -9999.0 -9999.0 -9999.0 -9999.0 -9999.0 -9999.0 -9999.0 -9999.0 -9999.0 -9999.0 -9999.0 -9999.0 -9999.0 -9999.0 -9999.0 -9999.0 -9999.0 -9999.0 -9999.0 -9999.0 -9999.0 -9999.0 -9999.0 -9999.0 -9999.0 -9999.0 -9999.0 -9999.0 -9999.0 -9999.0 -9999.0 -9999.0 -9999.0 -9999.0 -9999.0 -9999.0 -9999.0 -9999.0 -9999.0 -9999.0 -9999.0 -9999.0 -9999.0 -9999.0 -9999.0 -9999.0 -9999.0 -9999.0 -9999.0 -9999.0 -9999.0 -9999.0 -9999.0 -9999.0 -9999.0 -9999.0 -9999.0 -9999.0 -9999.0 -9999.0 -9999.0 -9999.0 -9999.0 -9999.0 -9999.0 -9999.0 -9999.0 -9999.0 -9999.0 -9999.0 -9999.0 -9999.0 -9999.0 -9999.0 -9999.0 -9999.0 -9999.0 -9999.0 -9999.0 -9999.0 -9999.0 -9999.0 -9999.0 -9999.0 -9999.0 -9999.0 -9999.0 -9999.0 -9999.0
-9999.0 -9999.0 939.576512 846.982963 753.723106 659.527099 564.827358 469.907187 374.922764 279.958786 185.059148 90.242113 -4.453390 -98.960789 -193.345520 -287.864144 -383.058888 -479.781586 -579.085792 -681.895442 -778.080363 -871.433727 -959.407763 -1023.979444 -1055.638042 -1071.446992 -1078.305434 -1080.760267 -1081.297955 -1081.126699 -1080.782961 -1080.473026 -1080.254919 -1080.126397 -1080.065802 -1080.051782 -1080.076918 -1080.164305 -1080.448809 -1082.095341 -1093.918052 -1192.847741 -2067.057878 -4027.004754 -4034.653247 -4034.653465 -4034.653458 -4034.653332 -4034.652526 -4034.649193 -4034.638226 -4034.600553 -4034.528736 -4034.425691 -4034.238803 -4033.842504 -4032.884084 -4030.294929 -4022.652558 -3999.061556 -3911.174375 -1846.426316 -1159.481621 -1089.573244 -1081.470214 -1080.534428 -1080.407964 -1080.387892 -1080.385848 -1080.387102 -1080.388692 -1080.390033 -1080.391068 -1080.391854 -1080.392455 -1080.392922 -1080.393291 -1080.393590 -1080.393839 -1080.394058 -1080.394271 -1080.394506 -1080.394800 -1080.395207 -1080.395806 -1080.396725 -1080.398168 -1080.400472 -1080.404202 -1080.410342 -1080.420654 -1080.438415 -1080.469903 -1080.527456 -1080.635702 -1080.844427 -1081.256790 -1082.099852 -1083.927700 -1088.230906 -1099.131248 -1128.105722 -9999.0 -9999.0
-9999.0 -9999.0 939.580143 846.984338 753.723555 659.527245 564.827406 469.907204 374.922769 279.958788 185.059148 90.242113 -4.453390 -98.960789 -193.345521 -287.864144 -383.058888 -479.781587 -579.085792 -681.895443 -778.080363 -871.433727 -959.407763 -1023.979444 -1055.638042 -1071.446992 -1078.305434 -1080.760267 -1081.297955 -1081.126699 -1080.782961 -1080.473026 -1080.254919 -1080.126397 -1080.065802 -1080.051782 -1080.076918 -1080.164305 -1080.448809 -1082.095341 -1093.918052 -1192.847741 -2067.057878 -4027.004754 -4034.653247 -4034.653465 -4034.653458 -4034.653332 -4034.652526 -4034.649193 -4034.638226 -4034.600553 -4034.528736 -4034.425691 -4034.238803 -4033.842504 -4032.884084 -4030.294929 -4022.652558 -3999.061556 -3911.174375 -1846.426316 -1159.481622 -1089.573244 -1081.470214 -1080.534428 -1080.407964 -1080.387892 -1080.385848 -1080.387102 -1080.388692 -1080.390033 -1080.391068 -1080.391854 -1080.392455 -1080.392922 -1080.393291 -1080.393590 -1080.393839 -1080.394058 -1080.394271 -1080.394506 -1080.394800 -1080.395207 -1080.395806 -1080.396725 -1080.398168 -1080.400472 -1080.404202 -1080.410342 -1080.420654 -1080.438415 -1080.469903 -1080.527456 -1080.635702 -1080.844427 -1081.256790 -1082.099852 -1083.927700 -1088.230906 -1099.131248 -1128.105722 -9999.0 -9999.0
-9999.0 -9999.0 939.581505 846.985070 753.723864 659.527363 564.827450 469.907219 374.922775 279.958790 185.059149 90.242113 -4.453390 -98.960789 -193.345521 -287.864144 -383.058889 -479.781587 -579.085793 -681.895443 -778.080363 -871.433727 -959.407763 -1023.979444 -1055.638042 -1071.446991 -1078.305434 -1080.760267 -1081.297955 -1081.126699 -1080.782961 -1080.473026 -1080.254919 -1080.126397 -1080.065802 -1080.051782 -1080.076918 -1080.164305 -1080.448809 -1082.095341 -1093.918052 -1192.847741 -2067.057878 -4027.004754 -4034.653247 -4034.653465 -4034.653458 -4034.653332 -4034.652526 -4034.649193 -4034.638226 -4034.600553 -4034.528736 -4034.425691 -4034.238803 -4033.842504 -4032.884084 -4030.294929 -4022.652558 -3999.061556 -3911.174375 -1846.426316 -1159.481621 -1089.573244 -1081.470214 -1080.534428 -1080.407964 -1080.387892 -1080.385848 -1080.387102 -1080.388692 -1080.390033 -1080.391068 -1080.391854 -1080.392455 -1080.392922 -1080.393291 -1080.393590 -1080.393839 -1080.394058 -1080.394271 -1080.394506 -1080.394800 -1080.395207 -1080.395806 -1080.396725 -1080.398168 -1080.400472 -1080.404202 -1080.410342 -1080.420654 -1080.438415 -1080.469903 -1080.527456 -1080.635702 -1080.844427 -1081.256790 -1082.099852 -1083.927700 -1088.230906 -1099.131248 -1128.105722 -9999.0 -9999.0
-9999.0 -9999.0 939.581505 846.985070 753.723864 659.527363 564.827450 469.907219 374.922775 279.958790 185.059149 90.242113 -4.453390 -98.960789 -193.345521 -287.864144 -383.058889 -479.781587 -579.085793 -681.895443 -778.080363 -871.433727 -959.407763 -1023.979444 -1055.638042 -1071.446991 -1078.305434 -1080.760267 -1081.297955 -1081.126699 -1080.782961 -1080.473026 -1080.254919 -1080.126397 -1080.065802 -1080.051782 -1080.076918 -1080.164305 -1080.448809 -1082.095341 -1093.918052 -1192.847741 -2067.057878 -4027.004754 -4034.653247 -4034.653465 -4034.653458 -4034.653332 -4034.652526 -4034.649193 -4034.638226 -4034.600553 -4034.528736 -4034.425691 -4034.238803 -4033.842504 -4032.884084 -4030.294929 -4022.652558 -3999.061556 -3911.174375 -1846.426316 -1159.481621 -1089.573244 -1081.470214 -1080.534428 -1080.407964 -1080.387892 -1080.385848 -1080.387102 -1080.388692 -1080.390033 -1080.391068 -1080.391854 -1080.392455 -1080.392922 -1080.393291 -1080.393590 -1080.393839 -1080.394058 -1080.394271 -1080.394506 -1080.394800 -1080.395207 -1080.395806 -1080.396725 -1080.398168 -1080.400472 -1080.404202 -1080.410342 -1080.420654 -1080.438415 -1080.469903 -1080.527456 -1080.635702 -1080.844427 -1081.256790 -1082.099852 -1083.927700 -1088.230906 -1099.131248 -1128.105722 -9999.0 -9999.0
-9999.0 -9999.0 939.580143 846.984338 753.723555 659.527245 564.827406 469.907204 374.922769 279.958788 185.059148 90.242113 -4.453390 -98.960789 -193.345521 -287.864144 -383.058888 -479.781587 -579.085792 -681.895443 -778.080363 -871.433727 -959.407763 -1023.979444 -1055.638042 -1071.446992 -1078.305434 -1080.760267 -1081.297955 -1081.126699 -1080.782961 -1080.473026 -1080.254919 -1080.126397 -1080.065802 -1080.051782 -1080.076918 -1080.164305 -1080.448809 -1082.095341 -1093.918052 -1192.847741 -2067.057878 -4027.004754 -4034.653247 -4034.653465 -4034.653458 -4034.653332 -4034.652526 -4034.649193 -4034.638226 -4034.600553 -4034.528736 -4034.425691 -4034.238803 -4033.842504 -4032.884084 -4030.294929 -4022.652558 -3999.061556 -3911.174375 -1846.426316 -1159.481622 -1089.573244 -1081.470214 -1080.534428 -1080.407964 -1080.387892 -1080.385848 -1080.387102 -1080.388692 -1080.390033 -1080.391068 -1080.391854 -1080.392455 -1080.392922 -1080.393291 -1080.393590 -1080.393839 -1080.394058 -1080.394271 -1080.394506 -1080.394800 -1080.395207 -1080.395806 -1080.396725 -1080.398168 -1080.400472 -1080.404202 -1080.410342 -1080.420654 -1080.438415 -1080.469903 -1080.527456 -1080.635702 -1080.844427 -1081.256790 -1082.099852 -1083.927700 -1088.230906 -1099.131248 -1128.105722 -9999.0 -9999.0
-9999.0 -9999.0 939.576512 846.982963 753.723106 659.527099 564.827358 469.907187 374.922764 279.958786 185.059148 90.242113 -4.453390 -98.960789 -193.345520 -287.864144 -383.058888 -479.781586 -579.085792 -681.895442 -778.080363 -871.433727 -959.407763 -1023.979444 -1055.638042 -1071.446992 -1078.305434 -1080.760267 -1081.297955 -1081.126699 -1080.782961 -1080.473026 -1080.254919 -1080.126397 -1080.065802 -1080.051782 -1080.076918 -1080.164305 -1080.448809 -1082.095341 -1093.918052 -1192.847741 -2067.057878 -4027.004754 -4034.653247 -4034.653465 -4034.653458 -4034.653332 -4034.652526 -4034.649193 -4034.638226 -4034.600553 -4034.528736 -4034.425691 -4034.238803 -4033.842504 -4032.884084 -4030.294929 -4022.652558 -3999.061557 -3911.174375 -1846.426316 -1159.481622 -1089.573244 -1081.470214 -1080.534428 -1080.407964 -1080.387892 -1080.385848 -1080.387102 -1080.388692 -1080.390033 -1080.391068 -1080.391854 -1080.392455 -1080.392922 -1080.393291 -1080.393590 -1080.393839 -1080.394058 -1080.394271 -1080.394506 -1080.394800 -1080.395207 -1080.395806 -1080.396725 -1080.398168 -1080.400472 -1080.404202 -1080.410342 -1080.420654 -1080.438415 -1080.469903 -1080.527456 -1080.635702 -1080.844427 -1081.256790 -1082.099852 -1083.927700 -1088.230906 -1099.131248 -1128.105722 -9999.0 -9999.0
-9999.0 -9999.0 -9999.0 -9999.0 -9999.0 -9999.0 -9999.0 -9999.0 -9999.0 -9999.0 -9999.0 -9999.0 -9999.0 -9999.0 -9999.0 -9999.0 -9999.0 -9999.0 -9999.0 -9999.0 -9999.0 -9999.0 -9999.0 -9999.0 -9999.0 -9999.0 -9999.0 -9999.0 -9999.0 -9999.0 -9999.0 -9999.0 -9999.0 -9999.0 -9999.0 -9999.0 -9999.0 -9999.0 -9999.0 -9999.0 -9999.0 -9999.0 -9999.0 -9999.0 -9999.0 -9999.0 -9999.0 -9999.0 -9999.0 -9999.0 -9999.0 -9999.0 -9999.0 -9999.0 -9999.0 -9999.0 -9999.0 -9999.0 -9999.0 -9999.0 -9999.0 -9999.0 -9999.0 -9999.0 -9999.0 -9999.0 -9999.0 -9999.0 -9999.0 -9999.0 -9999.0 -9999.0 -9999.0 -9999.0 -9999.0 -9999.0 -9999.0 -9999.0 -9999.0 -9999.0 -9999.0 -9999.0 -9999.0 -9999.0 -9999.0 -9999.0 -9999.0 -9999.0 -9999.0 -9999.0 -9999.0 -9999.0 -9999.0 -9999.0 -9999.0 -9999.0 -9999.0 -9999.0 -9999.0 -9999.0 -9999.0 -9999.0 -9999.0 -9999.0
-9999.0 -9999.0 -9999.0 -9999.0 -9999.0 -9999.0 -9999.0 -9999.0 -9999.0 -9999.0 -9999.0 -9999.0 -9999.0 -9999.0 -9999.0 -9999.0 -9999.0 -9999.0 -9999.0 -9999.0 -9999.0 -9999.0 -9999.0 -9999.0 -9999.0 -9999.0 -9999.0 -9999.0 -9999.0 -9999.0 -9999.0 -9999.0 -9999.0 -9999.0 -9999.0 -9999.0 -9999.0 -9999.0 -9999.0 -9999.0 -9999.0 -9999.0 -9999.0 -9999.0 -9999.0 -9999.0 -9999.0 -9999.0 -9999.0 -9999.0 -9999.0 -9999.0 -9999.0 -9999.0 -9999.0 -9999.0 -9999.0 -9999.0 -9999.0 -9999.0 -9999.0 -9999.0 -9999.0 -9999.0 -9999.0 -9999.0 -9999.0 -9999.0 -9999.0 -9999.0 -9999.0 -9999.0 -9999.0 -9999.0 -9999.0 -9999.0 -9999.0 -9999.0 -9999.0 -9999.0 -9999.0 -9999.0 -9999.0 -9999.0 -9999.0 -9999.0 -9999.0 -9999.0 -9999.0 -9999.0 -9999.0 -9999.0 -9999.0 -9999.0 -9999.0 -9999.0 -9999.0 -9999.0 -9999.0 -9999.0 -9999.0 -9999.0 -9999.0 -9999.0