inst/processing_geotop_simulation/geotop_simulation/out/maps3D/PwL0017N0347.asc
ncols         104
nrows         10
xllcorner     -2.000000
yllcorner     0.000000
cellsize      1.000000
NODATA_value  -9999.0
-9999.0 -9999.0 -9999.0 -9999.0 -9999.0 -9999.0 -9999.0 -9999.0 -9999.0 -9999.0 -9999.0 -9999.0 -9999.0 -9999.0 -9999.0 -9999.0 -9999.0 -9999.0 -9999.0 -9999.0 -9999.0 -9999.0 -9999.0 -9999.0 -9999.0 -9999.0 -9999.0 -9999.0 -9999.0 -9999.0 -9999.0 -9999.0 -9999.0 -9999.0 -9999.0 -9999.0 -9999.0 -9999.0 -9999.0 -9999.0 -9999.0 -9999.0 -9999.0 -9999.0 -9999.0 -9999.0 -9999.0 -9999.0 -9999.0 -9999.0 -9999.0 -9999.0 -9999.0 -9999.0 -9999.0 -9999.0 -9999.0 -9999.0 -9999.0 -9999.0 -9999.0 -9999.0 -9999.0 -9999.0 -9999.0 -9999.0 -9999.0 -9999.0 -9999.0 -9999.0 -9999.0 -9999.0 -9999.0 -9999.0 -9999.0 -9999.0 -9999.0 -9999.0 -9999.0 -9999.0 -9999.0 -9999.0 -9999.0 -9999.0 -9999.0 -9999.0 -9999.0 -9999.0 -9999.0 -9999.0 -9999.0 -9999.0 -9999.0 -9999.0 -9999.0 -9999.0 -9999.0 -9999.0 -9999.0 -9999.0 -9999.0 -9999.0 -9999.0 -9999.0
-9999.0 -9999.0 -9999.0 -9999.0 -9999.0 -9999.0 -9999.0 -9999.0 -9999.0 -9999.0 -9999.0 -9999.0 -9999.0 -9999.0 -9999.0 -9999.0 -9999.0 -9999.0 -9999.0 -9999.0 -9999.0 -9999.0 -9999.0 -9999.0 -9999.0 -9999.0 -9999.0 -9999.0 -9999.0 -9999.0 -9999.0 -9999.0 -9999.0 -9999.0 -9999.0 -9999.0 -9999.0 -9999.0 -9999.0 -9999.0 -9999.0 -9999.0 -9999.0 -9999.0 -9999.0 -9999.0 -9999.0 -9999.0 -9999.0 -9999.0 -9999.0 -9999.0 -9999.0 -9999.0 -9999.0 -9999.0 -9999.0 -9999.0 -9999.0 -9999.0 -9999.0 -9999.0 -9999.0 -9999.0 -9999.0 -9999.0 -9999.0 -9999.0 -9999.0 -9999.0 -9999.0 -9999.0 -9999.0 -9999.0 -9999.0 -9999.0 -9999.0 -9999.0 -9999.0 -9999.0 -9999.0 -9999.0 -9999.0 -9999.0 -9999.0 -9999.0 -9999.0 -9999.0 -9999.0 -9999.0 -9999.0 -9999.0 -9999.0 -9999.0 -9999.0 -9999.0 -9999.0 -9999.0 -9999.0 -9999.0 -9999.0 -9999.0 -9999.0 -9999.0
-9999.0 -9999.0 820.799334 722.232879 623.460982 524.492980 425.425932 326.315646 227.191453 128.069034 28.957545 -70.134019 -169.204118 -268.239792 -367.211645 -466.068009 -564.712666 -662.980563 -761.016844 -859.040799 -956.677230 -1053.730607 -1147.857116 -1235.418746 -1315.375525 -1385.741469 -1445.298549 -1493.804693 -1531.922417 -1560.944421 -1582.456826 -1598.056158 -1609.170709 -1616.981545 -1622.413395 -1626.165442 -1628.767010 -1630.684709 -1632.632105 -1636.473882 -1646.880774 -1675.017703 -1973.837790 -4068.991494 -4133.654966 -4133.663065 -4133.662825 -4133.662025 -4133.658516 -4133.647517 -4133.618509 -4133.538314 -4133.410155 -4133.247856 -4132.983220 -4132.480228 -4131.406695 -4128.911370 -4122.744431 -4106.730334 -3933.996962 -1758.540686 -1633.299663 -1638.480816 -1635.769563 -1634.615352 -1634.345367 -1634.295262 -1634.287291 -1634.286542 -1634.286922 -1634.287399 -1634.287806 -1634.288136 -1634.288402 -1634.288622 -1634.288808 -1634.288970 -1634.289117 -1634.289255 -1634.289395 -1634.289547 -1634.289725 -1634.289952 -1634.290260 -1634.290702 -1634.291364 -1634.292389 -1634.294025 -1634.296713 -1634.301267 -1634.309235 -1634.323647 -1634.350580 -1634.402556 -1634.506403 -1634.722939 -1635.199881 -1636.321900 -1639.170160 -1647.126781 -1672.422250 -9999.0 -9999.0
-9999.0 -9999.0 820.802821 722.234119 623.461372 524.493105 425.425974 326.315660 227.191459 128.069036 28.957546 -70.134019 -169.204117 -268.239792 -367.211645 -466.068009 -564.712666 -662.980563 -761.016844 -859.040799 -956.677230 -1053.730607 -1147.857117 -1235.418746 -1315.375525 -1385.741469 -1445.298549 -1493.804693 -1531.922417 -1560.944421 -1582.456826 -1598.056158 -1609.170709 -1616.981545 -1622.413395 -1626.165442 -1628.767010 -1630.684709 -1632.632105 -1636.473882 -1646.880774 -1675.017703 -1973.837790 -4068.991494 -4133.654966 -4133.663065 -4133.662825 -4133.662025 -4133.658516 -4133.647517 -4133.618509 -4133.538314 -4133.410155 -4133.247856 -4132.983220 -4132.480228 -4131.406695 -4128.911370 -4122.744431 -4106.730334 -3933.996962 -1758.540686 -1633.299663 -1638.480816 -1635.769563 -1634.615352 -1634.345367 -1634.295262 -1634.287291 -1634.286542 -1634.286922 -1634.287399 -1634.287806 -1634.288136 -1634.288402 -1634.288622 -1634.288808 -1634.288970 -1634.289117 -1634.289255 -1634.289395 -1634.289547 -1634.289725 -1634.289952 -1634.290260 -1634.290702 -1634.291364 -1634.292389 -1634.294025 -1634.296713 -1634.301267 -1634.309235 -1634.323647 -1634.350580 -1634.402556 -1634.506403 -1634.722939 -1635.199881 -1636.321900 -1639.170160 -1647.126781 -1672.422250 -9999.0 -9999.0
-9999.0 -9999.0 820.804026 722.234757 623.461637 524.493206 425.426010 326.315674 227.191463 128.069038 28.957547 -70.134018 -169.204117 -268.239792 -367.211645 -466.068009 -564.712666 -662.980563 -761.016845 -859.040800 -956.677230 -1053.730607 -1147.857117 -1235.418747 -1315.375526 -1385.741469 -1445.298549 -1493.804693 -1531.922417 -1560.944421 -1582.456826 -1598.056158 -1609.170709 -1616.981545 -1622.413395 -1626.165442 -1628.767010 -1630.684709 -1632.632105 -1636.473882 -1646.880774 -1675.017703 -1973.837790 -4068.991494 -4133.654966 -4133.663065 -4133.662825 -4133.662025 -4133.658516 -4133.647517 -4133.618509 -4133.538314 -4133.410155 -4133.247856 -4132.983220 -4132.480228 -4131.406695 -4128.911370 -4122.744431 -4106.730334 -3933.996961 -1758.540686 -1633.299663 -1638.480816 -1635.769563 -1634.615352 -1634.345367 -1634.295262 -1634.287291 -1634.286542 -1634.286922 -1634.287399 -1634.287806 -1634.288136 -1634.288402 -1634.288622 -1634.288808 -1634.288970 -1634.289117 -1634.289255 -1634.289395 -1634.289547 -1634.289725 -1634.289952 -1634.290260 -1634.290702 -1634.291364 -1634.292389 -1634.294025 -1634.296713 -1634.301267 -1634.309235 -1634.323647 -1634.350580 -1634.402556 -1634.506403 -1634.722939 -1635.199881 -1636.321900 -1639.170160 -1647.126781 -1672.422250 -9999.0 -9999.0
-9999.0 -9999.0 820.804026 722.234756 623.461637 524.493205 425.426010 326.315674 227.191463 128.069038 28.957547 -70.134018 -169.204117 -268.239792 -367.211645 -466.068009 -564.712666 -662.980563 -761.016845 -859.040800 -956.677230 -1053.730607 -1147.857117 -1235.418747 -1315.375525 -1385.741469 -1445.298549 -1493.804693 -1531.922417 -1560.944421 -1582.456826 -1598.056158 -1609.170709 -1616.981545 -1622.413395 -1626.165442 -1628.767010 -1630.684709 -1632.632105 -1636.473882 -1646.880774 -1675.017703 -1973.837790 -4068.991494 -4133.654966 -4133.663065 -4133.662825 -4133.662025 -4133.658516 -4133.647517 -4133.618509 -4133.538314 -4133.410155 -4133.247856 -4132.983220 -4132.480228 -4131.406695 -4128.911370 -4122.744431 -4106.730334 -3933.996961 -1758.540686 -1633.299663 -1638.480816 -1635.769563 -1634.615352 -1634.345367 -1634.295262 -1634.287291 -1634.286542 -1634.286922 -1634.287399 -1634.287806 -1634.288136 -1634.288402 -1634.288622 -1634.288808 -1634.288970 -1634.289117 -1634.289255 -1634.289395 -1634.289547 -1634.289725 -1634.289952 -1634.290260 -1634.290702 -1634.291364 -1634.292389 -1634.294025 -1634.296713 -1634.301267 -1634.309235 -1634.323647 -1634.350580 -1634.402556 -1634.506403 -1634.722939 -1635.199881 -1636.321900 -1639.170160 -1647.126781 -1672.422250 -9999.0 -9999.0
-9999.0 -9999.0 820.802821 722.234119 623.461372 524.493105 425.425974 326.315660 227.191458 128.069036 28.957546 -70.134019 -169.204117 -268.239792 -367.211645 -466.068009 -564.712666 -662.980563 -761.016844 -859.040799 -956.677230 -1053.730607 -1147.857117 -1235.418746 -1315.375525 -1385.741469 -1445.298549 -1493.804693 -1531.922417 -1560.944421 -1582.456826 -1598.056158 -1609.170709 -1616.981545 -1622.413395 -1626.165442 -1628.767010 -1630.684709 -1632.632105 -1636.473882 -1646.880774 -1675.017703 -1973.837790 -4068.991494 -4133.654966 -4133.663065 -4133.662825 -4133.662025 -4133.658516 -4133.647517 -4133.618509 -4133.538314 -4133.410155 -4133.247856 -4132.983220 -4132.480228 -4131.406695 -4128.911370 -4122.744431 -4106.730334 -3933.996962 -1758.540686 -1633.299663 -1638.480816 -1635.769563 -1634.615352 -1634.345367 -1634.295262 -1634.287291 -1634.286542 -1634.286922 -1634.287399 -1634.287806 -1634.288136 -1634.288402 -1634.288622 -1634.288808 -1634.288970 -1634.289117 -1634.289255 -1634.289395 -1634.289547 -1634.289725 -1634.289952 -1634.290260 -1634.290702 -1634.291364 -1634.292389 -1634.294025 -1634.296713 -1634.301267 -1634.309235 -1634.323647 -1634.350580 -1634.402556 -1634.506403 -1634.722939 -1635.199881 -1636.321900 -1639.170160 -1647.126781 -1672.422250 -9999.0 -9999.0
-9999.0 -9999.0 820.799334 722.232879 623.460982 524.492980 425.425932 326.315646 227.191453 128.069034 28.957545 -70.134019 -169.204117 -268.239792 -367.211645 -466.068009 -564.712666 -662.980563 -761.016844 -859.040799 -956.677230 -1053.730607 -1147.857116 -1235.418746 -1315.375525 -1385.741469 -1445.298549 -1493.804693 -1531.922417 -1560.944421 -1582.456826 -1598.056158 -1609.170709 -1616.981545 -1622.413395 -1626.165442 -1628.767010 -1630.684709 -1632.632105 -1636.473882 -1646.880774 -1675.017703 -1973.837790 -4068.991494 -4133.654966 -4133.663065 -4133.662825 -4133.662025 -4133.658516 -4133.647517 -4133.618509 -4133.538314 -4133.410155 -4133.247856 -4132.983220 -4132.480228 -4131.406695 -4128.911370 -4122.744431 -4106.730334 -3933.996962 -1758.540686 -1633.299663 -1638.480816 -1635.769563 -1634.615352 -1634.345367 -1634.295262 -1634.287291 -1634.286542 -1634.286922 -1634.287399 -1634.287806 -1634.288136 -1634.288402 -1634.288622 -1634.288808 -1634.288970 -1634.289117 -1634.289255 -1634.289395 -1634.289547 -1634.289725 -1634.289952 -1634.290260 -1634.290702 -1634.291364 -1634.292389 -1634.294025 -1634.296713 -1634.301267 -1634.309235 -1634.323647 -1634.350580 -1634.402556 -1634.506403 -1634.722939 -1635.199881 -1636.321900 -1639.170160 -1647.126781 -1672.422250 -9999.0 -9999.0
-9999.0 -9999.0 -9999.0 -9999.0 -9999.0 -9999.0 -9999.0 -9999.0 -9999.0 -9999.0 -9999.0 -9999.0 -9999.0 -9999.0 -9999.0 -9999.0 -9999.0 -9999.0 -9999.0 -9999.0 -9999.0 -9999.0 -9999.0 -9999.0 -9999.0 -9999.0 -9999.0 -9999.0 -9999.0 -9999.0 -9999.0 -9999.0 -9999.0 -9999.0 -9999.0 -9999.0 -9999.0 -9999.0 -9999.0 -9999.0 -9999.0 -9999.0 -9999.0 -9999.0 -9999.0 -9999.0 -9999.0 -9999.0 -9999.0 -9999.0 -9999.0 -9999.0 -9999.0 -9999.0 -9999.0 -9999.0 -9999.0 -9999.0 -9999.0 -9999.0 -9999.0 -9999.0 -9999.0 -9999.0 -9999.0 -9999.0 -9999.0 -9999.0 -9999.0 -9999.0 -9999.0 -9999.0 -9999.0 -9999.0 -9999.0 -9999.0 -9999.0 -9999.0 -9999.0 -9999.0 -9999.0 -9999.0 -9999.0 -9999.0 -9999.0 -9999.0 -9999.0 -9999.0 -9999.0 -9999.0 -9999.0 -9999.0 -9999.0 -9999.0 -9999.0 -9999.0 -9999.0 -9999.0 -9999.0 -9999.0 -9999.0 -9999.0 -9999.0 -9999.0
-9999.0 -9999.0 -9999.0 -9999.0 -9999.0 -9999.0 -9999.0 -9999.0 -9999.0 -9999.0 -9999.0 -9999.0 -9999.0 -9999.0 -9999.0 -9999.0 -9999.0 -9999.0 -9999.0 -9999.0 -9999.0 -9999.0 -9999.0 -9999.0 -9999.0 -9999.0 -9999.0 -9999.0 -9999.0 -9999.0 -9999.0 -9999.0 -9999.0 -9999.0 -9999.0 -9999.0 -9999.0 -9999.0 -9999.0 -9999.0 -9999.0 -9999.0 -9999.0 -9999.0 -9999.0 -9999.0 -9999.0 -9999.0 -9999.0 -9999.0 -9999.0 -9999.0 -9999.0 -9999.0 -9999.0 -9999.0 -9999.0 -9999.0 -9999.0 -9999.0 -9999.0 -9999.0 -9999.0 -9999.0 -9999.0 -9999.0 -9999.0 -9999.0 -9999.0 -9999.0 -9999.0 -9999.0 -9999.0 -9999.0 -9999.0 -9999.0 -9999.0 -9999.0 -9999.0 -9999.0 -9999.0 -9999.0 -9999.0 -9999.0 -9999.0 -9999.0 -9999.0 -9999.0 -9999.0 -9999.0 -9999.0 -9999.0 -9999.0 -9999.0 -9999.0 -9999.0 -9999.0 -9999.0 -9999.0 -9999.0 -9999.0 -9999.0 -9999.0 -9999.0