inst/processing_geotop_simulation/geotop_simulation/out/maps3D/PwL0001N0188.asc
ncols         104
nrows         10
xllcorner     -2.000000
yllcorner     0.000000
cellsize      1.000000
NODATA_value  -9999.0
-9999.0 -9999.0 -9999.0 -9999.0 -9999.0 -9999.0 -9999.0 -9999.0 -9999.0 -9999.0 -9999.0 -9999.0 -9999.0 -9999.0 -9999.0 -9999.0 -9999.0 -9999.0 -9999.0 -9999.0 -9999.0 -9999.0 -9999.0 -9999.0 -9999.0 -9999.0 -9999.0 -9999.0 -9999.0 -9999.0 -9999.0 -9999.0 -9999.0 -9999.0 -9999.0 -9999.0 -9999.0 -9999.0 -9999.0 -9999.0 -9999.0 -9999.0 -9999.0 -9999.0 -9999.0 -9999.0 -9999.0 -9999.0 -9999.0 -9999.0 -9999.0 -9999.0 -9999.0 -9999.0 -9999.0 -9999.0 -9999.0 -9999.0 -9999.0 -9999.0 -9999.0 -9999.0 -9999.0 -9999.0 -9999.0 -9999.0 -9999.0 -9999.0 -9999.0 -9999.0 -9999.0 -9999.0 -9999.0 -9999.0 -9999.0 -9999.0 -9999.0 -9999.0 -9999.0 -9999.0 -9999.0 -9999.0 -9999.0 -9999.0 -9999.0 -9999.0 -9999.0 -9999.0 -9999.0 -9999.0 -9999.0 -9999.0 -9999.0 -9999.0 -9999.0 -9999.0 -9999.0 -9999.0 -9999.0 -9999.0 -9999.0 -9999.0 -9999.0 -9999.0
-9999.0 -9999.0 -9999.0 -9999.0 -9999.0 -9999.0 -9999.0 -9999.0 -9999.0 -9999.0 -9999.0 -9999.0 -9999.0 -9999.0 -9999.0 -9999.0 -9999.0 -9999.0 -9999.0 -9999.0 -9999.0 -9999.0 -9999.0 -9999.0 -9999.0 -9999.0 -9999.0 -9999.0 -9999.0 -9999.0 -9999.0 -9999.0 -9999.0 -9999.0 -9999.0 -9999.0 -9999.0 -9999.0 -9999.0 -9999.0 -9999.0 -9999.0 -9999.0 -9999.0 -9999.0 -9999.0 -9999.0 -9999.0 -9999.0 -9999.0 -9999.0 -9999.0 -9999.0 -9999.0 -9999.0 -9999.0 -9999.0 -9999.0 -9999.0 -9999.0 -9999.0 -9999.0 -9999.0 -9999.0 -9999.0 -9999.0 -9999.0 -9999.0 -9999.0 -9999.0 -9999.0 -9999.0 -9999.0 -9999.0 -9999.0 -9999.0 -9999.0 -9999.0 -9999.0 -9999.0 -9999.0 -9999.0 -9999.0 -9999.0 -9999.0 -9999.0 -9999.0 -9999.0 -9999.0 -9999.0 -9999.0 -9999.0 -9999.0 -9999.0 -9999.0 -9999.0 -9999.0 -9999.0 -9999.0 -9999.0 -9999.0 -9999.0 -9999.0 -9999.0
-9999.0 -9999.0 30.146849 -59.605991 -154.922967 -251.449550 -348.411484 -445.506716 -542.572701 -639.465841 -735.902712 -831.662129 -926.602800 -1020.573937 -1114.562761 -1208.240629 -1300.299140 -1391.130456 -1480.467783 -1562.536854 -1629.027151 -1677.826732 -1711.228908 -1733.199891 -1747.447209 -1756.728547 -1762.864981 -1766.985053 -1769.777060 -1771.672082 -1772.953487 -1773.814527 -1774.389219 -1774.770359 -1775.021750 -1775.188625 -1775.309647 -1775.440838 -1775.783406 -1777.461017 -1784.618742 -1779.069759 -1108.931713 -1105.301321 -1094.658379 -1087.927885 -1084.769852 -1084.307198 -1084.259315 -1084.266364 -1084.281713 -1084.298097 -1084.313831 -1084.328395 -1084.341844 -1084.356839 -1084.399034 -1084.676642 -1086.362972 -1090.157677 -1096.014741 -1092.193985 -1758.709147 -1779.961817 -1776.572479 -1775.742088 -1775.607358 -1775.586430 -1775.583862 -1775.584440 -1775.585417 -1775.586271 -1775.586936 -1775.587442 -1775.587828 -1775.588127 -1775.588363 -1775.588553 -1775.588712 -1775.588852 -1775.588990 -1775.589142 -1775.589334 -1775.589600 -1775.589994 -1775.590599 -1775.591551 -1775.593074 -1775.595547 -1775.599630 -1775.606514 -1775.618424 -1775.639635 -1775.678555 -1775.751951 -1775.893637 -1776.173307 -1776.741702 -1777.951713 -1780.713008 -1787.713229 -1809.339548 -9999.0 -9999.0
-9999.0 -9999.0 30.160357 -59.603735 -154.922405 -251.449387 -348.411432 -445.506699 -542.572695 -639.465839 -735.902711 -831.662129 -926.602800 -1020.573937 -1114.562761 -1208.240629 -1300.299141 -1391.130456 -1480.467784 -1562.536854 -1629.027151 -1677.826732 -1711.228908 -1733.199891 -1747.447209 -1756.728547 -1762.864981 -1766.985053 -1769.777060 -1771.672082 -1772.953487 -1773.814527 -1774.389219 -1774.770359 -1775.021750 -1775.188625 -1775.309647 -1775.440838 -1775.783406 -1777.461017 -1784.618742 -1779.069759 -1108.931713 -1105.301321 -1094.658379 -1087.927885 -1084.769852 -1084.307198 -1084.259315 -1084.266364 -1084.281713 -1084.298097 -1084.313831 -1084.328395 -1084.341844 -1084.356839 -1084.399034 -1084.676642 -1086.362972 -1090.157677 -1096.014741 -1092.193985 -1758.709147 -1779.961817 -1776.572479 -1775.742088 -1775.607358 -1775.586430 -1775.583862 -1775.584440 -1775.585417 -1775.586271 -1775.586936 -1775.587442 -1775.587828 -1775.588127 -1775.588363 -1775.588553 -1775.588712 -1775.588852 -1775.588990 -1775.589142 -1775.589334 -1775.589600 -1775.589994 -1775.590599 -1775.591551 -1775.593074 -1775.595547 -1775.599630 -1775.606514 -1775.618424 -1775.639635 -1775.678555 -1775.751951 -1775.893637 -1776.173307 -1776.741702 -1777.951713 -1780.713008 -1787.713229 -1809.339548 -9999.0 -9999.0
-9999.0 -9999.0 30.161605 -59.602838 -154.922050 -251.449259 -348.411386 -445.506682 -542.572689 -639.465837 -735.902710 -831.662128 -926.602800 -1020.573937 -1114.562761 -1208.240629 -1300.299141 -1391.130456 -1480.467784 -1562.536854 -1629.027151 -1677.826732 -1711.228908 -1733.199891 -1747.447209 -1756.728547 -1762.864981 -1766.985053 -1769.777060 -1771.672082 -1772.953487 -1773.814527 -1774.389219 -1774.770359 -1775.021750 -1775.188625 -1775.309647 -1775.440838 -1775.783406 -1777.461017 -1784.618742 -1779.069759 -1108.931713 -1105.301321 -1094.658379 -1087.927885 -1084.769852 -1084.307198 -1084.259315 -1084.266364 -1084.281713 -1084.298097 -1084.313831 -1084.328395 -1084.341844 -1084.356839 -1084.399034 -1084.676642 -1086.362972 -1090.157677 -1096.014741 -1092.193985 -1758.709147 -1779.961817 -1776.572479 -1775.742088 -1775.607358 -1775.586430 -1775.583862 -1775.584440 -1775.585417 -1775.586271 -1775.586936 -1775.587442 -1775.587828 -1775.588127 -1775.588363 -1775.588553 -1775.588712 -1775.588852 -1775.588990 -1775.589142 -1775.589334 -1775.589600 -1775.589994 -1775.590599 -1775.591551 -1775.593074 -1775.595547 -1775.599630 -1775.606514 -1775.618424 -1775.639635 -1775.678555 -1775.751951 -1775.893637 -1776.173307 -1776.741702 -1777.951713 -1780.713008 -1787.713229 -1809.339548 -9999.0 -9999.0
-9999.0 -9999.0 30.161605 -59.602838 -154.922050 -251.449259 -348.411386 -445.506682 -542.572689 -639.465836 -735.902710 -831.662128 -926.602800 -1020.573937 -1114.562761 -1208.240629 -1300.299141 -1391.130456 -1480.467784 -1562.536854 -1629.027151 -1677.826732 -1711.228908 -1733.199891 -1747.447209 -1756.728547 -1762.864981 -1766.985053 -1769.777060 -1771.672082 -1772.953487 -1773.814527 -1774.389219 -1774.770359 -1775.021750 -1775.188625 -1775.309647 -1775.440838 -1775.783406 -1777.461017 -1784.618742 -1779.069759 -1108.931713 -1105.301321 -1094.658379 -1087.927885 -1084.769852 -1084.307198 -1084.259315 -1084.266364 -1084.281713 -1084.298097 -1084.313831 -1084.328395 -1084.341844 -1084.356839 -1084.399034 -1084.676642 -1086.362972 -1090.157677 -1096.014741 -1092.193985 -1758.709147 -1779.961817 -1776.572479 -1775.742088 -1775.607358 -1775.586430 -1775.583862 -1775.584440 -1775.585417 -1775.586271 -1775.586936 -1775.587442 -1775.587828 -1775.588127 -1775.588363 -1775.588553 -1775.588712 -1775.588852 -1775.588990 -1775.589142 -1775.589334 -1775.589600 -1775.589994 -1775.590599 -1775.591551 -1775.593074 -1775.595547 -1775.599630 -1775.606514 -1775.618424 -1775.639635 -1775.678555 -1775.751951 -1775.893637 -1776.173307 -1776.741702 -1777.951713 -1780.713008 -1787.713229 -1809.339548 -9999.0 -9999.0
-9999.0 -9999.0 30.160357 -59.603735 -154.922405 -251.449387 -348.411432 -445.506699 -542.572695 -639.465839 -735.902711 -831.662129 -926.602800 -1020.573937 -1114.562761 -1208.240629 -1300.299141 -1391.130456 -1480.467784 -1562.536854 -1629.027151 -1677.826732 -1711.228908 -1733.199891 -1747.447209 -1756.728547 -1762.864981 -1766.985053 -1769.777060 -1771.672082 -1772.953487 -1773.814527 -1774.389219 -1774.770359 -1775.021750 -1775.188625 -1775.309647 -1775.440838 -1775.783406 -1777.461017 -1784.618742 -1779.069759 -1108.931713 -1105.301321 -1094.658379 -1087.927885 -1084.769852 -1084.307198 -1084.259315 -1084.266364 -1084.281713 -1084.298097 -1084.313831 -1084.328395 -1084.341844 -1084.356839 -1084.399034 -1084.676642 -1086.362972 -1090.157677 -1096.014741 -1092.193985 -1758.709147 -1779.961817 -1776.572479 -1775.742088 -1775.607358 -1775.586430 -1775.583862 -1775.584440 -1775.585417 -1775.586271 -1775.586936 -1775.587442 -1775.587828 -1775.588127 -1775.588363 -1775.588553 -1775.588712 -1775.588852 -1775.588990 -1775.589142 -1775.589334 -1775.589600 -1775.589994 -1775.590599 -1775.591551 -1775.593074 -1775.595547 -1775.599630 -1775.606514 -1775.618424 -1775.639635 -1775.678555 -1775.751951 -1775.893637 -1776.173307 -1776.741702 -1777.951713 -1780.713008 -1787.713229 -1809.339548 -9999.0 -9999.0
-9999.0 -9999.0 30.146849 -59.605991 -154.922967 -251.449550 -348.411484 -445.506716 -542.572701 -639.465841 -735.902712 -831.662129 -926.602800 -1020.573937 -1114.562761 -1208.240629 -1300.299140 -1391.130456 -1480.467783 -1562.536854 -1629.027151 -1677.826732 -1711.228908 -1733.199891 -1747.447209 -1756.728547 -1762.864981 -1766.985053 -1769.777060 -1771.672082 -1772.953487 -1773.814527 -1774.389219 -1774.770359 -1775.021750 -1775.188625 -1775.309647 -1775.440838 -1775.783406 -1777.461017 -1784.618742 -1779.069759 -1108.931713 -1105.301321 -1094.658379 -1087.927885 -1084.769852 -1084.307198 -1084.259315 -1084.266364 -1084.281713 -1084.298097 -1084.313831 -1084.328395 -1084.341844 -1084.356839 -1084.399034 -1084.676642 -1086.362972 -1090.157677 -1096.014741 -1092.193985 -1758.709147 -1779.961817 -1776.572479 -1775.742088 -1775.607358 -1775.586430 -1775.583862 -1775.584440 -1775.585417 -1775.586271 -1775.586936 -1775.587442 -1775.587828 -1775.588127 -1775.588363 -1775.588553 -1775.588712 -1775.588852 -1775.588990 -1775.589142 -1775.589334 -1775.589600 -1775.589994 -1775.590599 -1775.591551 -1775.593074 -1775.595547 -1775.599630 -1775.606514 -1775.618424 -1775.639635 -1775.678555 -1775.751951 -1775.893637 -1776.173307 -1776.741702 -1777.951713 -1780.713008 -1787.713229 -1809.339548 -9999.0 -9999.0
-9999.0 -9999.0 -9999.0 -9999.0 -9999.0 -9999.0 -9999.0 -9999.0 -9999.0 -9999.0 -9999.0 -9999.0 -9999.0 -9999.0 -9999.0 -9999.0 -9999.0 -9999.0 -9999.0 -9999.0 -9999.0 -9999.0 -9999.0 -9999.0 -9999.0 -9999.0 -9999.0 -9999.0 -9999.0 -9999.0 -9999.0 -9999.0 -9999.0 -9999.0 -9999.0 -9999.0 -9999.0 -9999.0 -9999.0 -9999.0 -9999.0 -9999.0 -9999.0 -9999.0 -9999.0 -9999.0 -9999.0 -9999.0 -9999.0 -9999.0 -9999.0 -9999.0 -9999.0 -9999.0 -9999.0 -9999.0 -9999.0 -9999.0 -9999.0 -9999.0 -9999.0 -9999.0 -9999.0 -9999.0 -9999.0 -9999.0 -9999.0 -9999.0 -9999.0 -9999.0 -9999.0 -9999.0 -9999.0 -9999.0 -9999.0 -9999.0 -9999.0 -9999.0 -9999.0 -9999.0 -9999.0 -9999.0 -9999.0 -9999.0 -9999.0 -9999.0 -9999.0 -9999.0 -9999.0 -9999.0 -9999.0 -9999.0 -9999.0 -9999.0 -9999.0 -9999.0 -9999.0 -9999.0 -9999.0 -9999.0 -9999.0 -9999.0 -9999.0 -9999.0
-9999.0 -9999.0 -9999.0 -9999.0 -9999.0 -9999.0 -9999.0 -9999.0 -9999.0 -9999.0 -9999.0 -9999.0 -9999.0 -9999.0 -9999.0 -9999.0 -9999.0 -9999.0 -9999.0 -9999.0 -9999.0 -9999.0 -9999.0 -9999.0 -9999.0 -9999.0 -9999.0 -9999.0 -9999.0 -9999.0 -9999.0 -9999.0 -9999.0 -9999.0 -9999.0 -9999.0 -9999.0 -9999.0 -9999.0 -9999.0 -9999.0 -9999.0 -9999.0 -9999.0 -9999.0 -9999.0 -9999.0 -9999.0 -9999.0 -9999.0 -9999.0 -9999.0 -9999.0 -9999.0 -9999.0 -9999.0 -9999.0 -9999.0 -9999.0 -9999.0 -9999.0 -9999.0 -9999.0 -9999.0 -9999.0 -9999.0 -9999.0 -9999.0 -9999.0 -9999.0 -9999.0 -9999.0 -9999.0 -9999.0 -9999.0 -9999.0 -9999.0 -9999.0 -9999.0 -9999.0 -9999.0 -9999.0 -9999.0 -9999.0 -9999.0 -9999.0 -9999.0 -9999.0 -9999.0 -9999.0 -9999.0 -9999.0 -9999.0 -9999.0 -9999.0 -9999.0 -9999.0 -9999.0 -9999.0 -9999.0 -9999.0 -9999.0 -9999.0 -9999.0