inst/processing_geotop_simulation/geotop_simulation/out/maps3D/PwL0003N0364.asc
ncols         104
nrows         10
xllcorner     -2.000000
yllcorner     0.000000
cellsize      1.000000
NODATA_value  -9999.0
-9999.0 -9999.0 -9999.0 -9999.0 -9999.0 -9999.0 -9999.0 -9999.0 -9999.0 -9999.0 -9999.0 -9999.0 -9999.0 -9999.0 -9999.0 -9999.0 -9999.0 -9999.0 -9999.0 -9999.0 -9999.0 -9999.0 -9999.0 -9999.0 -9999.0 -9999.0 -9999.0 -9999.0 -9999.0 -9999.0 -9999.0 -9999.0 -9999.0 -9999.0 -9999.0 -9999.0 -9999.0 -9999.0 -9999.0 -9999.0 -9999.0 -9999.0 -9999.0 -9999.0 -9999.0 -9999.0 -9999.0 -9999.0 -9999.0 -9999.0 -9999.0 -9999.0 -9999.0 -9999.0 -9999.0 -9999.0 -9999.0 -9999.0 -9999.0 -9999.0 -9999.0 -9999.0 -9999.0 -9999.0 -9999.0 -9999.0 -9999.0 -9999.0 -9999.0 -9999.0 -9999.0 -9999.0 -9999.0 -9999.0 -9999.0 -9999.0 -9999.0 -9999.0 -9999.0 -9999.0 -9999.0 -9999.0 -9999.0 -9999.0 -9999.0 -9999.0 -9999.0 -9999.0 -9999.0 -9999.0 -9999.0 -9999.0 -9999.0 -9999.0 -9999.0 -9999.0 -9999.0 -9999.0 -9999.0 -9999.0 -9999.0 -9999.0 -9999.0 -9999.0
-9999.0 -9999.0 -9999.0 -9999.0 -9999.0 -9999.0 -9999.0 -9999.0 -9999.0 -9999.0 -9999.0 -9999.0 -9999.0 -9999.0 -9999.0 -9999.0 -9999.0 -9999.0 -9999.0 -9999.0 -9999.0 -9999.0 -9999.0 -9999.0 -9999.0 -9999.0 -9999.0 -9999.0 -9999.0 -9999.0 -9999.0 -9999.0 -9999.0 -9999.0 -9999.0 -9999.0 -9999.0 -9999.0 -9999.0 -9999.0 -9999.0 -9999.0 -9999.0 -9999.0 -9999.0 -9999.0 -9999.0 -9999.0 -9999.0 -9999.0 -9999.0 -9999.0 -9999.0 -9999.0 -9999.0 -9999.0 -9999.0 -9999.0 -9999.0 -9999.0 -9999.0 -9999.0 -9999.0 -9999.0 -9999.0 -9999.0 -9999.0 -9999.0 -9999.0 -9999.0 -9999.0 -9999.0 -9999.0 -9999.0 -9999.0 -9999.0 -9999.0 -9999.0 -9999.0 -9999.0 -9999.0 -9999.0 -9999.0 -9999.0 -9999.0 -9999.0 -9999.0 -9999.0 -9999.0 -9999.0 -9999.0 -9999.0 -9999.0 -9999.0 -9999.0 -9999.0 -9999.0 -9999.0 -9999.0 -9999.0 -9999.0 -9999.0 -9999.0 -9999.0
-9999.0 -9999.0 125.675069 28.365025 -70.273218 -169.260694 -268.377990 -367.542711 -466.711422 -565.854277 -664.917047 -763.832089 -862.611636 -961.188602 -1059.683721 -1158.162714 -1256.144808 -1353.358392 -1449.256666 -1542.872556 -1632.418006 -1714.960277 -1787.210000 -1847.016909 -1894.107137 -1929.731177 -1955.882261 -1974.655002 -1987.903464 -1997.127722 -2003.479750 -2007.814612 -2010.751440 -2012.729889 -2014.057712 -2014.950201 -2015.568482 -2016.088951 -2016.927262 -2019.241596 -2022.065417 -1969.243228 -1207.439550 -1208.650103 -1197.409034 -1190.012497 -1186.536302 -1185.996667 -1185.938178 -1185.943510 -1185.958063 -1185.973751 -1185.988836 -1186.002810 -1186.015816 -1186.031255 -1186.080701 -1186.407151 -1188.270613 -1192.389887 -1197.915742 -1188.588824 -1944.945973 -2016.046268 -2017.797728 -2017.058128 -2016.850625 -2016.811786 -2016.805757 -2016.805314 -2016.805727 -2016.806187 -2016.806565 -2016.806858 -2016.807086 -2016.807264 -2016.807407 -2016.807524 -2016.807624 -2016.807714 -2016.807804 -2016.807904 -2016.808029 -2016.808202 -2016.808454 -2016.808840 -2016.809446 -2016.810414 -2016.811992 -2016.814619 -2016.819099 -2016.826955 -2016.841155 -2016.867602 -2016.918285 -2017.018293 -2017.222733 -2017.661479 -2018.667548 -2021.185867 -2028.296867 -2051.926936 -9999.0 -9999.0
-9999.0 -9999.0 125.684983 28.366928 -70.272740 -169.260555 -268.377946 -367.542696 -466.711416 -565.854275 -664.917046 -763.832088 -862.611635 -961.188602 -1059.683721 -1158.162714 -1256.144808 -1353.358393 -1449.256666 -1542.872556 -1632.418006 -1714.960277 -1787.210000 -1847.016909 -1894.107137 -1929.731178 -1955.882261 -1974.655002 -1987.903464 -1997.127722 -2003.479750 -2007.814612 -2010.751440 -2012.729889 -2014.057712 -2014.950201 -2015.568482 -2016.088951 -2016.927262 -2019.241596 -2022.065417 -1969.243228 -1207.439550 -1208.650103 -1197.409034 -1190.012496 -1186.536302 -1185.996667 -1185.938178 -1185.943510 -1185.958063 -1185.973751 -1185.988836 -1186.002810 -1186.015816 -1186.031255 -1186.080701 -1186.407151 -1188.270613 -1192.389887 -1197.915742 -1188.588824 -1944.945973 -2016.046268 -2017.797728 -2017.058128 -2016.850625 -2016.811786 -2016.805757 -2016.805314 -2016.805727 -2016.806187 -2016.806565 -2016.806858 -2016.807086 -2016.807264 -2016.807407 -2016.807524 -2016.807624 -2016.807714 -2016.807804 -2016.807904 -2016.808029 -2016.808202 -2016.808454 -2016.808840 -2016.809446 -2016.810414 -2016.811992 -2016.814619 -2016.819098 -2016.826955 -2016.841155 -2016.867602 -2016.918285 -2017.018293 -2017.222733 -2017.661479 -2018.667548 -2021.185867 -2028.296867 -2051.926936 -9999.0 -9999.0
-9999.0 -9999.0 125.686220 28.367696 -70.272437 -169.260445 -268.377907 -367.542682 -466.711411 -565.854273 -664.917045 -763.832088 -862.611635 -961.188602 -1059.683721 -1158.162714 -1256.144808 -1353.358393 -1449.256667 -1542.872557 -1632.418006 -1714.960277 -1787.210000 -1847.016909 -1894.107137 -1929.731178 -1955.882261 -1974.655003 -1987.903464 -1997.127722 -2003.479750 -2007.814612 -2010.751440 -2012.729889 -2014.057712 -2014.950201 -2015.568482 -2016.088951 -2016.927262 -2019.241596 -2022.065417 -1969.243228 -1207.439550 -1208.650103 -1197.409034 -1190.012496 -1186.536302 -1185.996667 -1185.938178 -1185.943510 -1185.958063 -1185.973751 -1185.988836 -1186.002810 -1186.015816 -1186.031255 -1186.080701 -1186.407151 -1188.270613 -1192.389887 -1197.915742 -1188.588824 -1944.945973 -2016.046268 -2017.797728 -2017.058128 -2016.850625 -2016.811786 -2016.805757 -2016.805314 -2016.805727 -2016.806187 -2016.806565 -2016.806858 -2016.807086 -2016.807264 -2016.807407 -2016.807524 -2016.807624 -2016.807714 -2016.807804 -2016.807904 -2016.808029 -2016.808202 -2016.808454 -2016.808840 -2016.809446 -2016.810414 -2016.811992 -2016.814619 -2016.819098 -2016.826955 -2016.841155 -2016.867602 -2016.918285 -2017.018293 -2017.222733 -2017.661479 -2018.667548 -2021.185867 -2028.296867 -2051.926936 -9999.0 -9999.0
-9999.0 -9999.0 125.686220 28.367696 -70.272437 -169.260445 -268.377907 -367.542682 -466.711411 -565.854273 -664.917045 -763.832088 -862.611635 -961.188602 -1059.683721 -1158.162714 -1256.144808 -1353.358393 -1449.256666 -1542.872557 -1632.418006 -1714.960277 -1787.210000 -1847.016909 -1894.107137 -1929.731178 -1955.882261 -1974.655003 -1987.903464 -1997.127722 -2003.479750 -2007.814612 -2010.751440 -2012.729889 -2014.057712 -2014.950201 -2015.568482 -2016.088951 -2016.927262 -2019.241596 -2022.065417 -1969.243228 -1207.439550 -1208.650103 -1197.409034 -1190.012496 -1186.536302 -1185.996667 -1185.938178 -1185.943510 -1185.958063 -1185.973751 -1185.988836 -1186.002810 -1186.015816 -1186.031255 -1186.080701 -1186.407151 -1188.270613 -1192.389887 -1197.915742 -1188.588824 -1944.945973 -2016.046268 -2017.797728 -2017.058128 -2016.850625 -2016.811786 -2016.805757 -2016.805314 -2016.805727 -2016.806187 -2016.806565 -2016.806858 -2016.807086 -2016.807264 -2016.807407 -2016.807524 -2016.807624 -2016.807714 -2016.807804 -2016.807904 -2016.808029 -2016.808202 -2016.808454 -2016.808840 -2016.809446 -2016.810414 -2016.811992 -2016.814619 -2016.819098 -2016.826955 -2016.841155 -2016.867602 -2016.918285 -2017.018293 -2017.222733 -2017.661479 -2018.667548 -2021.185867 -2028.296867 -2051.926936 -9999.0 -9999.0
-9999.0 -9999.0 125.684983 28.366928 -70.272740 -169.260555 -268.377946 -367.542696 -466.711416 -565.854275 -664.917046 -763.832088 -862.611635 -961.188602 -1059.683721 -1158.162714 -1256.144808 -1353.358393 -1449.256666 -1542.872556 -1632.418006 -1714.960277 -1787.210000 -1847.016909 -1894.107137 -1929.731178 -1955.882261 -1974.655002 -1987.903464 -1997.127722 -2003.479750 -2007.814612 -2010.751440 -2012.729889 -2014.057712 -2014.950201 -2015.568482 -2016.088951 -2016.927262 -2019.241596 -2022.065417 -1969.243228 -1207.439550 -1208.650103 -1197.409034 -1190.012496 -1186.536302 -1185.996667 -1185.938178 -1185.943510 -1185.958063 -1185.973751 -1185.988836 -1186.002810 -1186.015816 -1186.031255 -1186.080701 -1186.407151 -1188.270613 -1192.389887 -1197.915742 -1188.588824 -1944.945973 -2016.046268 -2017.797728 -2017.058128 -2016.850625 -2016.811786 -2016.805757 -2016.805314 -2016.805727 -2016.806187 -2016.806565 -2016.806858 -2016.807086 -2016.807264 -2016.807407 -2016.807524 -2016.807624 -2016.807714 -2016.807804 -2016.807904 -2016.808029 -2016.808202 -2016.808454 -2016.808840 -2016.809446 -2016.810414 -2016.811992 -2016.814619 -2016.819098 -2016.826955 -2016.841155 -2016.867602 -2016.918285 -2017.018293 -2017.222733 -2017.661479 -2018.667548 -2021.185867 -2028.296867 -2051.926936 -9999.0 -9999.0
-9999.0 -9999.0 125.675069 28.365025 -70.273218 -169.260694 -268.377990 -367.542711 -466.711422 -565.854277 -664.917047 -763.832089 -862.611636 -961.188602 -1059.683721 -1158.162714 -1256.144808 -1353.358392 -1449.256666 -1542.872556 -1632.418005 -1714.960277 -1787.210000 -1847.016909 -1894.107137 -1929.731177 -1955.882261 -1974.655002 -1987.903464 -1997.127722 -2003.479750 -2007.814612 -2010.751440 -2012.729889 -2014.057712 -2014.950201 -2015.568482 -2016.088951 -2016.927262 -2019.241596 -2022.065417 -1969.243228 -1207.439550 -1208.650103 -1197.409034 -1190.012497 -1186.536302 -1185.996667 -1185.938178 -1185.943510 -1185.958063 -1185.973751 -1185.988836 -1186.002810 -1186.015816 -1186.031255 -1186.080701 -1186.407151 -1188.270613 -1192.389887 -1197.915742 -1188.588824 -1944.945973 -2016.046268 -2017.797728 -2017.058128 -2016.850625 -2016.811786 -2016.805757 -2016.805314 -2016.805727 -2016.806187 -2016.806565 -2016.806858 -2016.807086 -2016.807264 -2016.807407 -2016.807524 -2016.807624 -2016.807714 -2016.807804 -2016.807904 -2016.808029 -2016.808202 -2016.808454 -2016.808840 -2016.809446 -2016.810414 -2016.811992 -2016.814619 -2016.819099 -2016.826955 -2016.841155 -2016.867602 -2016.918285 -2017.018293 -2017.222733 -2017.661479 -2018.667548 -2021.185867 -2028.296867 -2051.926936 -9999.0 -9999.0
-9999.0 -9999.0 -9999.0 -9999.0 -9999.0 -9999.0 -9999.0 -9999.0 -9999.0 -9999.0 -9999.0 -9999.0 -9999.0 -9999.0 -9999.0 -9999.0 -9999.0 -9999.0 -9999.0 -9999.0 -9999.0 -9999.0 -9999.0 -9999.0 -9999.0 -9999.0 -9999.0 -9999.0 -9999.0 -9999.0 -9999.0 -9999.0 -9999.0 -9999.0 -9999.0 -9999.0 -9999.0 -9999.0 -9999.0 -9999.0 -9999.0 -9999.0 -9999.0 -9999.0 -9999.0 -9999.0 -9999.0 -9999.0 -9999.0 -9999.0 -9999.0 -9999.0 -9999.0 -9999.0 -9999.0 -9999.0 -9999.0 -9999.0 -9999.0 -9999.0 -9999.0 -9999.0 -9999.0 -9999.0 -9999.0 -9999.0 -9999.0 -9999.0 -9999.0 -9999.0 -9999.0 -9999.0 -9999.0 -9999.0 -9999.0 -9999.0 -9999.0 -9999.0 -9999.0 -9999.0 -9999.0 -9999.0 -9999.0 -9999.0 -9999.0 -9999.0 -9999.0 -9999.0 -9999.0 -9999.0 -9999.0 -9999.0 -9999.0 -9999.0 -9999.0 -9999.0 -9999.0 -9999.0 -9999.0 -9999.0 -9999.0 -9999.0 -9999.0 -9999.0
-9999.0 -9999.0 -9999.0 -9999.0 -9999.0 -9999.0 -9999.0 -9999.0 -9999.0 -9999.0 -9999.0 -9999.0 -9999.0 -9999.0 -9999.0 -9999.0 -9999.0 -9999.0 -9999.0 -9999.0 -9999.0 -9999.0 -9999.0 -9999.0 -9999.0 -9999.0 -9999.0 -9999.0 -9999.0 -9999.0 -9999.0 -9999.0 -9999.0 -9999.0 -9999.0 -9999.0 -9999.0 -9999.0 -9999.0 -9999.0 -9999.0 -9999.0 -9999.0 -9999.0 -9999.0 -9999.0 -9999.0 -9999.0 -9999.0 -9999.0 -9999.0 -9999.0 -9999.0 -9999.0 -9999.0 -9999.0 -9999.0 -9999.0 -9999.0 -9999.0 -9999.0 -9999.0 -9999.0 -9999.0 -9999.0 -9999.0 -9999.0 -9999.0 -9999.0 -9999.0 -9999.0 -9999.0 -9999.0 -9999.0 -9999.0 -9999.0 -9999.0 -9999.0 -9999.0 -9999.0 -9999.0 -9999.0 -9999.0 -9999.0 -9999.0 -9999.0 -9999.0 -9999.0 -9999.0 -9999.0 -9999.0 -9999.0 -9999.0 -9999.0 -9999.0 -9999.0 -9999.0 -9999.0 -9999.0 -9999.0 -9999.0 -9999.0 -9999.0 -9999.0