inst/processing_geotop_simulation/geotop_simulation/out/maps3D/PwL0005N0346.asc
ncols         104
nrows         10
xllcorner     -2.000000
yllcorner     0.000000
cellsize      1.000000
NODATA_value  -9999.0
-9999.0 -9999.0 -9999.0 -9999.0 -9999.0 -9999.0 -9999.0 -9999.0 -9999.0 -9999.0 -9999.0 -9999.0 -9999.0 -9999.0 -9999.0 -9999.0 -9999.0 -9999.0 -9999.0 -9999.0 -9999.0 -9999.0 -9999.0 -9999.0 -9999.0 -9999.0 -9999.0 -9999.0 -9999.0 -9999.0 -9999.0 -9999.0 -9999.0 -9999.0 -9999.0 -9999.0 -9999.0 -9999.0 -9999.0 -9999.0 -9999.0 -9999.0 -9999.0 -9999.0 -9999.0 -9999.0 -9999.0 -9999.0 -9999.0 -9999.0 -9999.0 -9999.0 -9999.0 -9999.0 -9999.0 -9999.0 -9999.0 -9999.0 -9999.0 -9999.0 -9999.0 -9999.0 -9999.0 -9999.0 -9999.0 -9999.0 -9999.0 -9999.0 -9999.0 -9999.0 -9999.0 -9999.0 -9999.0 -9999.0 -9999.0 -9999.0 -9999.0 -9999.0 -9999.0 -9999.0 -9999.0 -9999.0 -9999.0 -9999.0 -9999.0 -9999.0 -9999.0 -9999.0 -9999.0 -9999.0 -9999.0 -9999.0 -9999.0 -9999.0 -9999.0 -9999.0 -9999.0 -9999.0 -9999.0 -9999.0 -9999.0 -9999.0 -9999.0 -9999.0
-9999.0 -9999.0 -9999.0 -9999.0 -9999.0 -9999.0 -9999.0 -9999.0 -9999.0 -9999.0 -9999.0 -9999.0 -9999.0 -9999.0 -9999.0 -9999.0 -9999.0 -9999.0 -9999.0 -9999.0 -9999.0 -9999.0 -9999.0 -9999.0 -9999.0 -9999.0 -9999.0 -9999.0 -9999.0 -9999.0 -9999.0 -9999.0 -9999.0 -9999.0 -9999.0 -9999.0 -9999.0 -9999.0 -9999.0 -9999.0 -9999.0 -9999.0 -9999.0 -9999.0 -9999.0 -9999.0 -9999.0 -9999.0 -9999.0 -9999.0 -9999.0 -9999.0 -9999.0 -9999.0 -9999.0 -9999.0 -9999.0 -9999.0 -9999.0 -9999.0 -9999.0 -9999.0 -9999.0 -9999.0 -9999.0 -9999.0 -9999.0 -9999.0 -9999.0 -9999.0 -9999.0 -9999.0 -9999.0 -9999.0 -9999.0 -9999.0 -9999.0 -9999.0 -9999.0 -9999.0 -9999.0 -9999.0 -9999.0 -9999.0 -9999.0 -9999.0 -9999.0 -9999.0 -9999.0 -9999.0 -9999.0 -9999.0 -9999.0 -9999.0 -9999.0 -9999.0 -9999.0 -9999.0 -9999.0 -9999.0 -9999.0 -9999.0 -9999.0 -9999.0
-9999.0 -9999.0 225.199902 127.833899 29.297326 -69.599364 -168.635752 -267.726906 -366.827232 -465.905994 -564.921765 -663.776062 -762.414253 -860.895538 -959.249271 -1057.615374 -1155.660501 -1252.776078 -1348.546723 -1442.022543 -1531.427151 -1613.846440 -1686.060033 -1745.981835 -1793.329724 -1829.289203 -1855.782934 -1874.859057 -1888.352220 -1897.761573 -1904.247358 -1908.675733 -1911.676385 -1913.697641 -1915.053799 -1915.964787 -1916.594593 -1917.120282 -1917.960300 -1920.360595 -1924.444237 -1884.105367 -1180.844786 -1195.051937 -1180.617870 -1171.129251 -1166.686000 -1166.013777 -1165.941745 -1165.948405 -1165.966389 -1165.985759 -1166.004379 -1166.021626 -1166.037664 -1166.056579 -1166.116715 -1166.518667 -1168.882411 -1174.130205 -1181.027321 -1156.648386 -1858.054551 -1918.143725 -1918.923099 -1918.111739 -1917.902584 -1917.864456 -1917.858629 -1917.858241 -1917.858681 -1917.859158 -1917.859549 -1917.859852 -1917.860086 -1917.860270 -1917.860418 -1917.860538 -1917.860641 -1917.860734 -1917.860826 -1917.860929 -1917.861058 -1917.861235 -1917.861495 -1917.861892 -1917.862513 -1917.863508 -1917.865128 -1917.867824 -1917.872419 -1917.880471 -1917.895015 -1917.922080 -1917.973907 -1918.076064 -1918.284565 -1918.731005 -1919.751402 -1922.293211 -1929.423646 -1952.996454 -9999.0 -9999.0
-9999.0 -9999.0 225.208500 127.835767 29.297807 -69.599224 -168.635707 -267.726891 -366.827227 -465.905992 -564.921764 -663.776061 -762.414252 -860.895538 -959.249271 -1057.615375 -1155.660501 -1252.776078 -1348.546723 -1442.022543 -1531.427151 -1613.846440 -1686.060033 -1745.981835 -1793.329724 -1829.289203 -1855.782934 -1874.859057 -1888.352220 -1897.761573 -1904.247358 -1908.675733 -1911.676385 -1913.697641 -1915.053799 -1915.964787 -1916.594593 -1917.120282 -1917.960300 -1920.360595 -1924.444237 -1884.105367 -1180.844786 -1195.051937 -1180.617870 -1171.129251 -1166.686000 -1166.013777 -1165.941745 -1165.948405 -1165.966389 -1165.985759 -1166.004379 -1166.021626 -1166.037664 -1166.056579 -1166.116715 -1166.518667 -1168.882411 -1174.130205 -1181.027321 -1156.648386 -1858.054551 -1918.143725 -1918.923099 -1918.111739 -1917.902584 -1917.864456 -1917.858629 -1917.858241 -1917.858681 -1917.859158 -1917.859549 -1917.859852 -1917.860086 -1917.860270 -1917.860418 -1917.860538 -1917.860641 -1917.860734 -1917.860826 -1917.860929 -1917.861058 -1917.861235 -1917.861495 -1917.861892 -1917.862513 -1917.863508 -1917.865128 -1917.867824 -1917.872419 -1917.880471 -1917.895015 -1917.922080 -1917.973907 -1918.076064 -1918.284565 -1918.731005 -1919.751402 -1922.293211 -1929.423646 -1952.996454 -9999.0 -9999.0
-9999.0 -9999.0 225.209851 127.836537 29.298112 -69.599113 -168.635668 -267.726877 -366.827222 -465.905990 -564.921763 -663.776061 -762.414252 -860.895538 -959.249271 -1057.615375 -1155.660501 -1252.776079 -1348.546723 -1442.022543 -1531.427151 -1613.846440 -1686.060033 -1745.981835 -1793.329725 -1829.289203 -1855.782934 -1874.859057 -1888.352221 -1897.761573 -1904.247358 -1908.675733 -1911.676385 -1913.697641 -1915.053799 -1915.964787 -1916.594593 -1917.120282 -1917.960300 -1920.360595 -1924.444237 -1884.105367 -1180.844786 -1195.051937 -1180.617870 -1171.129251 -1166.686000 -1166.013777 -1165.941745 -1165.948405 -1165.966389 -1165.985759 -1166.004379 -1166.021626 -1166.037664 -1166.056579 -1166.116715 -1166.518667 -1168.882411 -1174.130205 -1181.027321 -1156.648386 -1858.054551 -1918.143725 -1918.923099 -1918.111739 -1917.902584 -1917.864456 -1917.858629 -1917.858241 -1917.858681 -1917.859158 -1917.859549 -1917.859852 -1917.860086 -1917.860270 -1917.860418 -1917.860538 -1917.860641 -1917.860734 -1917.860826 -1917.860929 -1917.861058 -1917.861235 -1917.861495 -1917.861892 -1917.862513 -1917.863508 -1917.865128 -1917.867824 -1917.872419 -1917.880471 -1917.895015 -1917.922080 -1917.973907 -1918.076064 -1918.284565 -1918.731005 -1919.751402 -1922.293211 -1929.423646 -1952.996454 -9999.0 -9999.0
-9999.0 -9999.0 225.209851 127.836537 29.298112 -69.599113 -168.635668 -267.726877 -366.827222 -465.905990 -564.921763 -663.776061 -762.414252 -860.895538 -959.249271 -1057.615375 -1155.660501 -1252.776079 -1348.546723 -1442.022543 -1531.427151 -1613.846440 -1686.060033 -1745.981835 -1793.329725 -1829.289203 -1855.782934 -1874.859057 -1888.352221 -1897.761573 -1904.247358 -1908.675733 -1911.676385 -1913.697641 -1915.053799 -1915.964787 -1916.594593 -1917.120282 -1917.960300 -1920.360595 -1924.444237 -1884.105367 -1180.844786 -1195.051937 -1180.617870 -1171.129251 -1166.686000 -1166.013777 -1165.941745 -1165.948405 -1165.966389 -1165.985759 -1166.004379 -1166.021626 -1166.037664 -1166.056579 -1166.116715 -1166.518667 -1168.882411 -1174.130205 -1181.027321 -1156.648386 -1858.054551 -1918.143725 -1918.923099 -1918.111739 -1917.902584 -1917.864456 -1917.858629 -1917.858241 -1917.858681 -1917.859158 -1917.859549 -1917.859852 -1917.860086 -1917.860270 -1917.860418 -1917.860538 -1917.860641 -1917.860734 -1917.860826 -1917.860929 -1917.861058 -1917.861235 -1917.861495 -1917.861892 -1917.862513 -1917.863508 -1917.865128 -1917.867824 -1917.872419 -1917.880471 -1917.895015 -1917.922080 -1917.973907 -1918.076064 -1918.284565 -1918.731005 -1919.751402 -1922.293211 -1929.423646 -1952.996454 -9999.0 -9999.0
-9999.0 -9999.0 225.208500 127.835767 29.297807 -69.599223 -168.635707 -267.726891 -366.827227 -465.905992 -564.921764 -663.776061 -762.414252 -860.895538 -959.249271 -1057.615375 -1155.660501 -1252.776078 -1348.546723 -1442.022543 -1531.427151 -1613.846440 -1686.060033 -1745.981835 -1793.329724 -1829.289203 -1855.782934 -1874.859057 -1888.352220 -1897.761573 -1904.247358 -1908.675733 -1911.676385 -1913.697641 -1915.053799 -1915.964787 -1916.594593 -1917.120282 -1917.960300 -1920.360595 -1924.444237 -1884.105367 -1180.844786 -1195.051937 -1180.617870 -1171.129251 -1166.686000 -1166.013777 -1165.941745 -1165.948405 -1165.966389 -1165.985759 -1166.004379 -1166.021626 -1166.037664 -1166.056579 -1166.116715 -1166.518667 -1168.882411 -1174.130205 -1181.027321 -1156.648386 -1858.054551 -1918.143725 -1918.923099 -1918.111739 -1917.902584 -1917.864456 -1917.858629 -1917.858241 -1917.858681 -1917.859158 -1917.859549 -1917.859852 -1917.860086 -1917.860270 -1917.860418 -1917.860538 -1917.860641 -1917.860734 -1917.860826 -1917.860929 -1917.861058 -1917.861235 -1917.861495 -1917.861892 -1917.862513 -1917.863508 -1917.865128 -1917.867824 -1917.872419 -1917.880471 -1917.895015 -1917.922080 -1917.973907 -1918.076064 -1918.284565 -1918.731005 -1919.751402 -1922.293211 -1929.423646 -1952.996454 -9999.0 -9999.0
-9999.0 -9999.0 225.199902 127.833899 29.297326 -69.599364 -168.635752 -267.726906 -366.827232 -465.905994 -564.921765 -663.776062 -762.414253 -860.895538 -959.249271 -1057.615375 -1155.660501 -1252.776078 -1348.546723 -1442.022543 -1531.427151 -1613.846440 -1686.060033 -1745.981835 -1793.329724 -1829.289203 -1855.782934 -1874.859057 -1888.352220 -1897.761573 -1904.247358 -1908.675733 -1911.676385 -1913.697641 -1915.053799 -1915.964787 -1916.594593 -1917.120282 -1917.960300 -1920.360595 -1924.444237 -1884.105367 -1180.844786 -1195.051937 -1180.617870 -1171.129251 -1166.686000 -1166.013777 -1165.941745 -1165.948405 -1165.966389 -1165.985759 -1166.004379 -1166.021626 -1166.037664 -1166.056579 -1166.116715 -1166.518667 -1168.882411 -1174.130205 -1181.027321 -1156.648386 -1858.054551 -1918.143725 -1918.923099 -1918.111739 -1917.902584 -1917.864456 -1917.858629 -1917.858241 -1917.858681 -1917.859158 -1917.859549 -1917.859852 -1917.860086 -1917.860270 -1917.860418 -1917.860538 -1917.860641 -1917.860734 -1917.860826 -1917.860929 -1917.861058 -1917.861235 -1917.861495 -1917.861892 -1917.862513 -1917.863508 -1917.865128 -1917.867824 -1917.872419 -1917.880471 -1917.895015 -1917.922080 -1917.973907 -1918.076064 -1918.284565 -1918.731005 -1919.751402 -1922.293211 -1929.423646 -1952.996454 -9999.0 -9999.0
-9999.0 -9999.0 -9999.0 -9999.0 -9999.0 -9999.0 -9999.0 -9999.0 -9999.0 -9999.0 -9999.0 -9999.0 -9999.0 -9999.0 -9999.0 -9999.0 -9999.0 -9999.0 -9999.0 -9999.0 -9999.0 -9999.0 -9999.0 -9999.0 -9999.0 -9999.0 -9999.0 -9999.0 -9999.0 -9999.0 -9999.0 -9999.0 -9999.0 -9999.0 -9999.0 -9999.0 -9999.0 -9999.0 -9999.0 -9999.0 -9999.0 -9999.0 -9999.0 -9999.0 -9999.0 -9999.0 -9999.0 -9999.0 -9999.0 -9999.0 -9999.0 -9999.0 -9999.0 -9999.0 -9999.0 -9999.0 -9999.0 -9999.0 -9999.0 -9999.0 -9999.0 -9999.0 -9999.0 -9999.0 -9999.0 -9999.0 -9999.0 -9999.0 -9999.0 -9999.0 -9999.0 -9999.0 -9999.0 -9999.0 -9999.0 -9999.0 -9999.0 -9999.0 -9999.0 -9999.0 -9999.0 -9999.0 -9999.0 -9999.0 -9999.0 -9999.0 -9999.0 -9999.0 -9999.0 -9999.0 -9999.0 -9999.0 -9999.0 -9999.0 -9999.0 -9999.0 -9999.0 -9999.0 -9999.0 -9999.0 -9999.0 -9999.0 -9999.0 -9999.0
-9999.0 -9999.0 -9999.0 -9999.0 -9999.0 -9999.0 -9999.0 -9999.0 -9999.0 -9999.0 -9999.0 -9999.0 -9999.0 -9999.0 -9999.0 -9999.0 -9999.0 -9999.0 -9999.0 -9999.0 -9999.0 -9999.0 -9999.0 -9999.0 -9999.0 -9999.0 -9999.0 -9999.0 -9999.0 -9999.0 -9999.0 -9999.0 -9999.0 -9999.0 -9999.0 -9999.0 -9999.0 -9999.0 -9999.0 -9999.0 -9999.0 -9999.0 -9999.0 -9999.0 -9999.0 -9999.0 -9999.0 -9999.0 -9999.0 -9999.0 -9999.0 -9999.0 -9999.0 -9999.0 -9999.0 -9999.0 -9999.0 -9999.0 -9999.0 -9999.0 -9999.0 -9999.0 -9999.0 -9999.0 -9999.0 -9999.0 -9999.0 -9999.0 -9999.0 -9999.0 -9999.0 -9999.0 -9999.0 -9999.0 -9999.0 -9999.0 -9999.0 -9999.0 -9999.0 -9999.0 -9999.0 -9999.0 -9999.0 -9999.0 -9999.0 -9999.0 -9999.0 -9999.0 -9999.0 -9999.0 -9999.0 -9999.0 -9999.0 -9999.0 -9999.0 -9999.0 -9999.0 -9999.0 -9999.0 -9999.0 -9999.0 -9999.0 -9999.0 -9999.0