inst/processing_geotop_simulation/geotop_simulation/out/maps3D/PwL0016N0417.asc
ncols         104
nrows         10
xllcorner     -2.000000
yllcorner     0.000000
cellsize      1.000000
NODATA_value  -9999.0
-9999.0 -9999.0 -9999.0 -9999.0 -9999.0 -9999.0 -9999.0 -9999.0 -9999.0 -9999.0 -9999.0 -9999.0 -9999.0 -9999.0 -9999.0 -9999.0 -9999.0 -9999.0 -9999.0 -9999.0 -9999.0 -9999.0 -9999.0 -9999.0 -9999.0 -9999.0 -9999.0 -9999.0 -9999.0 -9999.0 -9999.0 -9999.0 -9999.0 -9999.0 -9999.0 -9999.0 -9999.0 -9999.0 -9999.0 -9999.0 -9999.0 -9999.0 -9999.0 -9999.0 -9999.0 -9999.0 -9999.0 -9999.0 -9999.0 -9999.0 -9999.0 -9999.0 -9999.0 -9999.0 -9999.0 -9999.0 -9999.0 -9999.0 -9999.0 -9999.0 -9999.0 -9999.0 -9999.0 -9999.0 -9999.0 -9999.0 -9999.0 -9999.0 -9999.0 -9999.0 -9999.0 -9999.0 -9999.0 -9999.0 -9999.0 -9999.0 -9999.0 -9999.0 -9999.0 -9999.0 -9999.0 -9999.0 -9999.0 -9999.0 -9999.0 -9999.0 -9999.0 -9999.0 -9999.0 -9999.0 -9999.0 -9999.0 -9999.0 -9999.0 -9999.0 -9999.0 -9999.0 -9999.0 -9999.0 -9999.0 -9999.0 -9999.0 -9999.0 -9999.0
-9999.0 -9999.0 -9999.0 -9999.0 -9999.0 -9999.0 -9999.0 -9999.0 -9999.0 -9999.0 -9999.0 -9999.0 -9999.0 -9999.0 -9999.0 -9999.0 -9999.0 -9999.0 -9999.0 -9999.0 -9999.0 -9999.0 -9999.0 -9999.0 -9999.0 -9999.0 -9999.0 -9999.0 -9999.0 -9999.0 -9999.0 -9999.0 -9999.0 -9999.0 -9999.0 -9999.0 -9999.0 -9999.0 -9999.0 -9999.0 -9999.0 -9999.0 -9999.0 -9999.0 -9999.0 -9999.0 -9999.0 -9999.0 -9999.0 -9999.0 -9999.0 -9999.0 -9999.0 -9999.0 -9999.0 -9999.0 -9999.0 -9999.0 -9999.0 -9999.0 -9999.0 -9999.0 -9999.0 -9999.0 -9999.0 -9999.0 -9999.0 -9999.0 -9999.0 -9999.0 -9999.0 -9999.0 -9999.0 -9999.0 -9999.0 -9999.0 -9999.0 -9999.0 -9999.0 -9999.0 -9999.0 -9999.0 -9999.0 -9999.0 -9999.0 -9999.0 -9999.0 -9999.0 -9999.0 -9999.0 -9999.0 -9999.0 -9999.0 -9999.0 -9999.0 -9999.0 -9999.0 -9999.0 -9999.0 -9999.0 -9999.0 -9999.0 -9999.0 -9999.0
-9999.0 -9999.0 770.148355 671.244772 572.156628 472.914488 373.596856 274.246612 174.885886 75.526411 -23.823430 -123.158954 -222.478061 -321.768179 -421.006288 -520.154890 -619.146034 -717.869604 -816.686551 -915.326743 -1013.704842 -1111.665701 -1206.150373 -1296.257574 -1379.766436 -1454.586017 -1519.204387 -1572.976285 -1616.164708 -1649.758765 -1675.175405 -1693.965238 -1707.597205 -1717.339972 -1724.222295 -1729.045203 -1732.430267 -1734.928390 -1737.312405 -1741.212351 -1748.882702 -1757.235923 -1933.493430 -4096.959910 -4182.750951 -4182.152680 -4181.589516 -4181.493814 -4181.483526 -4181.483776 -4181.484339 -4181.481510 -4181.475124 -4181.465907 -4181.448985 -4181.415341 -4181.346278 -4181.222123 -4181.107437 -4180.412206 -4013.152522 -1711.642138 -1714.820687 -1740.749206 -1740.994313 -1740.128205 -1739.863099 -1739.807572 -1739.798003 -1739.796890 -1739.797171 -1739.797608 -1739.798000 -1739.798327 -1739.798602 -1739.798837 -1739.799045 -1739.799233 -1739.799409 -1739.799580 -1739.799755 -1739.799942 -1739.800155 -1739.800414 -1739.800749 -1739.801206 -1739.801863 -1739.802851 -1739.804394 -1739.806895 -1739.811099 -1739.818428 -1739.831679 -1739.856490 -1739.904580 -1740.001355 -1740.205232 -1740.660118 -1741.746961 -1744.560858 -1752.593853 -1778.399951 -9999.0 -9999.0
-9999.0 -9999.0 770.151916 671.246000 572.157007 472.914608 373.596896 274.246626 174.885891 75.526413 -23.823429 -123.158953 -222.478061 -321.768179 -421.006288 -520.154890 -619.146035 -717.869605 -816.686552 -915.326743 -1013.704842 -1111.665701 -1206.150373 -1296.257575 -1379.766436 -1454.586017 -1519.204387 -1572.976285 -1616.164708 -1649.758765 -1675.175405 -1693.965238 -1707.597205 -1717.339972 -1724.222295 -1729.045203 -1732.430267 -1734.928390 -1737.312405 -1741.212351 -1748.882702 -1757.235923 -1933.493430 -4096.959910 -4182.750951 -4182.152680 -4181.589516 -4181.493814 -4181.483526 -4181.483776 -4181.484339 -4181.481510 -4181.475124 -4181.465907 -4181.448985 -4181.415341 -4181.346278 -4181.222123 -4181.107437 -4180.412206 -4013.152522 -1711.642138 -1714.820687 -1740.749206 -1740.994313 -1740.128205 -1739.863099 -1739.807572 -1739.798003 -1739.796890 -1739.797171 -1739.797608 -1739.798000 -1739.798327 -1739.798602 -1739.798837 -1739.799045 -1739.799233 -1739.799409 -1739.799580 -1739.799755 -1739.799942 -1739.800155 -1739.800414 -1739.800748 -1739.801206 -1739.801863 -1739.802851 -1739.804394 -1739.806895 -1739.811099 -1739.818428 -1739.831679 -1739.856490 -1739.904580 -1740.001355 -1740.205232 -1740.660118 -1741.746961 -1744.560858 -1752.593853 -1778.399951 -9999.0 -9999.0
-9999.0 -9999.0 770.153092 671.246619 572.157263 472.914705 373.596931 274.246639 174.885896 75.526415 -23.823428 -123.158953 -222.478061 -321.768179 -421.006288 -520.154890 -619.146035 -717.869605 -816.686552 -915.326743 -1013.704843 -1111.665701 -1206.150373 -1296.257575 -1379.766437 -1454.586017 -1519.204387 -1572.976285 -1616.164708 -1649.758765 -1675.175405 -1693.965238 -1707.597205 -1717.339972 -1724.222295 -1729.045203 -1732.430267 -1734.928390 -1737.312405 -1741.212351 -1748.882702 -1757.235923 -1933.493430 -4096.959910 -4182.750951 -4182.152680 -4181.589516 -4181.493814 -4181.483526 -4181.483776 -4181.484339 -4181.481510 -4181.475124 -4181.465907 -4181.448985 -4181.415341 -4181.346278 -4181.222123 -4181.107437 -4180.412206 -4013.152522 -1711.642138 -1714.820687 -1740.749206 -1740.994313 -1740.128205 -1739.863099 -1739.807572 -1739.798003 -1739.796890 -1739.797171 -1739.797608 -1739.798000 -1739.798327 -1739.798602 -1739.798837 -1739.799045 -1739.799233 -1739.799409 -1739.799580 -1739.799755 -1739.799942 -1739.800155 -1739.800414 -1739.800748 -1739.801206 -1739.801863 -1739.802851 -1739.804394 -1739.806895 -1739.811099 -1739.818428 -1739.831679 -1739.856490 -1739.904580 -1740.001355 -1740.205232 -1740.660118 -1741.746961 -1744.560858 -1752.593853 -1778.399951 -9999.0 -9999.0
-9999.0 -9999.0 770.153092 671.246619 572.157263 472.914705 373.596931 274.246639 174.885896 75.526415 -23.823428 -123.158953 -222.478061 -321.768179 -421.006288 -520.154890 -619.146035 -717.869605 -816.686552 -915.326743 -1013.704843 -1111.665701 -1206.150373 -1296.257575 -1379.766437 -1454.586017 -1519.204387 -1572.976285 -1616.164708 -1649.758765 -1675.175405 -1693.965238 -1707.597205 -1717.339972 -1724.222295 -1729.045203 -1732.430267 -1734.928390 -1737.312405 -1741.212351 -1748.882702 -1757.235923 -1933.493430 -4096.959910 -4182.750951 -4182.152680 -4181.589516 -4181.493814 -4181.483526 -4181.483776 -4181.484339 -4181.481510 -4181.475124 -4181.465907 -4181.448985 -4181.415341 -4181.346278 -4181.222123 -4181.107437 -4180.412206 -4013.152522 -1711.642138 -1714.820687 -1740.749206 -1740.994313 -1740.128205 -1739.863099 -1739.807572 -1739.798003 -1739.796890 -1739.797171 -1739.797608 -1739.798000 -1739.798327 -1739.798602 -1739.798837 -1739.799045 -1739.799233 -1739.799409 -1739.799580 -1739.799755 -1739.799942 -1739.800155 -1739.800414 -1739.800748 -1739.801206 -1739.801863 -1739.802851 -1739.804394 -1739.806895 -1739.811099 -1739.818428 -1739.831679 -1739.856490 -1739.904580 -1740.001355 -1740.205232 -1740.660118 -1741.746961 -1744.560858 -1752.593853 -1778.399951 -9999.0 -9999.0
-9999.0 -9999.0 770.151916 671.246000 572.157007 472.914608 373.596896 274.246626 174.885891 75.526413 -23.823429 -123.158953 -222.478061 -321.768179 -421.006288 -520.154890 -619.146035 -717.869604 -816.686552 -915.326743 -1013.704842 -1111.665701 -1206.150373 -1296.257575 -1379.766436 -1454.586017 -1519.204387 -1572.976285 -1616.164708 -1649.758765 -1675.175405 -1693.965238 -1707.597205 -1717.339972 -1724.222295 -1729.045203 -1732.430267 -1734.928390 -1737.312405 -1741.212351 -1748.882702 -1757.235923 -1933.493430 -4096.959910 -4182.750951 -4182.152680 -4181.589516 -4181.493814 -4181.483526 -4181.483776 -4181.484339 -4181.481510 -4181.475124 -4181.465907 -4181.448985 -4181.415341 -4181.346278 -4181.222123 -4181.107437 -4180.412206 -4013.152522 -1711.642138 -1714.820687 -1740.749206 -1740.994313 -1740.128205 -1739.863099 -1739.807572 -1739.798003 -1739.796890 -1739.797171 -1739.797608 -1739.798000 -1739.798327 -1739.798602 -1739.798837 -1739.799045 -1739.799233 -1739.799409 -1739.799580 -1739.799755 -1739.799942 -1739.800155 -1739.800414 -1739.800748 -1739.801206 -1739.801863 -1739.802851 -1739.804394 -1739.806895 -1739.811099 -1739.818428 -1739.831679 -1739.856490 -1739.904580 -1740.001355 -1740.205232 -1740.660118 -1741.746961 -1744.560858 -1752.593853 -1778.399951 -9999.0 -9999.0
-9999.0 -9999.0 770.148355 671.244772 572.156628 472.914488 373.596856 274.246612 174.885886 75.526411 -23.823430 -123.158954 -222.478061 -321.768180 -421.006288 -520.154890 -619.146034 -717.869604 -816.686551 -915.326743 -1013.704842 -1111.665701 -1206.150373 -1296.257574 -1379.766436 -1454.586017 -1519.204387 -1572.976285 -1616.164708 -1649.758765 -1675.175405 -1693.965238 -1707.597205 -1717.339972 -1724.222295 -1729.045203 -1732.430267 -1734.928390 -1737.312405 -1741.212351 -1748.882702 -1757.235923 -1933.493430 -4096.959910 -4182.750951 -4182.152680 -4181.589516 -4181.493814 -4181.483526 -4181.483776 -4181.484339 -4181.481510 -4181.475124 -4181.465907 -4181.448985 -4181.415341 -4181.346278 -4181.222123 -4181.107437 -4180.412206 -4013.152522 -1711.642138 -1714.820687 -1740.749206 -1740.994313 -1740.128205 -1739.863099 -1739.807572 -1739.798003 -1739.796890 -1739.797171 -1739.797608 -1739.798000 -1739.798327 -1739.798602 -1739.798837 -1739.799045 -1739.799233 -1739.799409 -1739.799580 -1739.799755 -1739.799942 -1739.800155 -1739.800414 -1739.800749 -1739.801206 -1739.801863 -1739.802851 -1739.804394 -1739.806895 -1739.811099 -1739.818428 -1739.831679 -1739.856490 -1739.904580 -1740.001355 -1740.205232 -1740.660118 -1741.746961 -1744.560858 -1752.593853 -1778.399951 -9999.0 -9999.0
-9999.0 -9999.0 -9999.0 -9999.0 -9999.0 -9999.0 -9999.0 -9999.0 -9999.0 -9999.0 -9999.0 -9999.0 -9999.0 -9999.0 -9999.0 -9999.0 -9999.0 -9999.0 -9999.0 -9999.0 -9999.0 -9999.0 -9999.0 -9999.0 -9999.0 -9999.0 -9999.0 -9999.0 -9999.0 -9999.0 -9999.0 -9999.0 -9999.0 -9999.0 -9999.0 -9999.0 -9999.0 -9999.0 -9999.0 -9999.0 -9999.0 -9999.0 -9999.0 -9999.0 -9999.0 -9999.0 -9999.0 -9999.0 -9999.0 -9999.0 -9999.0 -9999.0 -9999.0 -9999.0 -9999.0 -9999.0 -9999.0 -9999.0 -9999.0 -9999.0 -9999.0 -9999.0 -9999.0 -9999.0 -9999.0 -9999.0 -9999.0 -9999.0 -9999.0 -9999.0 -9999.0 -9999.0 -9999.0 -9999.0 -9999.0 -9999.0 -9999.0 -9999.0 -9999.0 -9999.0 -9999.0 -9999.0 -9999.0 -9999.0 -9999.0 -9999.0 -9999.0 -9999.0 -9999.0 -9999.0 -9999.0 -9999.0 -9999.0 -9999.0 -9999.0 -9999.0 -9999.0 -9999.0 -9999.0 -9999.0 -9999.0 -9999.0 -9999.0 -9999.0
-9999.0 -9999.0 -9999.0 -9999.0 -9999.0 -9999.0 -9999.0 -9999.0 -9999.0 -9999.0 -9999.0 -9999.0 -9999.0 -9999.0 -9999.0 -9999.0 -9999.0 -9999.0 -9999.0 -9999.0 -9999.0 -9999.0 -9999.0 -9999.0 -9999.0 -9999.0 -9999.0 -9999.0 -9999.0 -9999.0 -9999.0 -9999.0 -9999.0 -9999.0 -9999.0 -9999.0 -9999.0 -9999.0 -9999.0 -9999.0 -9999.0 -9999.0 -9999.0 -9999.0 -9999.0 -9999.0 -9999.0 -9999.0 -9999.0 -9999.0 -9999.0 -9999.0 -9999.0 -9999.0 -9999.0 -9999.0 -9999.0 -9999.0 -9999.0 -9999.0 -9999.0 -9999.0 -9999.0 -9999.0 -9999.0 -9999.0 -9999.0 -9999.0 -9999.0 -9999.0 -9999.0 -9999.0 -9999.0 -9999.0 -9999.0 -9999.0 -9999.0 -9999.0 -9999.0 -9999.0 -9999.0 -9999.0 -9999.0 -9999.0 -9999.0 -9999.0 -9999.0 -9999.0 -9999.0 -9999.0 -9999.0 -9999.0 -9999.0 -9999.0 -9999.0 -9999.0 -9999.0 -9999.0 -9999.0 -9999.0 -9999.0 -9999.0 -9999.0 -9999.0