inst/processing_geotop_simulation/geotop_simulation/out/maps3D/PwL0002N0465.asc
ncols         104
nrows         10
xllcorner     -2.000000
yllcorner     0.000000
cellsize      1.000000
NODATA_value  -9999.0
-9999.0 -9999.0 -9999.0 -9999.0 -9999.0 -9999.0 -9999.0 -9999.0 -9999.0 -9999.0 -9999.0 -9999.0 -9999.0 -9999.0 -9999.0 -9999.0 -9999.0 -9999.0 -9999.0 -9999.0 -9999.0 -9999.0 -9999.0 -9999.0 -9999.0 -9999.0 -9999.0 -9999.0 -9999.0 -9999.0 -9999.0 -9999.0 -9999.0 -9999.0 -9999.0 -9999.0 -9999.0 -9999.0 -9999.0 -9999.0 -9999.0 -9999.0 -9999.0 -9999.0 -9999.0 -9999.0 -9999.0 -9999.0 -9999.0 -9999.0 -9999.0 -9999.0 -9999.0 -9999.0 -9999.0 -9999.0 -9999.0 -9999.0 -9999.0 -9999.0 -9999.0 -9999.0 -9999.0 -9999.0 -9999.0 -9999.0 -9999.0 -9999.0 -9999.0 -9999.0 -9999.0 -9999.0 -9999.0 -9999.0 -9999.0 -9999.0 -9999.0 -9999.0 -9999.0 -9999.0 -9999.0 -9999.0 -9999.0 -9999.0 -9999.0 -9999.0 -9999.0 -9999.0 -9999.0 -9999.0 -9999.0 -9999.0 -9999.0 -9999.0 -9999.0 -9999.0 -9999.0 -9999.0 -9999.0 -9999.0 -9999.0 -9999.0 -9999.0 -9999.0
-9999.0 -9999.0 -9999.0 -9999.0 -9999.0 -9999.0 -9999.0 -9999.0 -9999.0 -9999.0 -9999.0 -9999.0 -9999.0 -9999.0 -9999.0 -9999.0 -9999.0 -9999.0 -9999.0 -9999.0 -9999.0 -9999.0 -9999.0 -9999.0 -9999.0 -9999.0 -9999.0 -9999.0 -9999.0 -9999.0 -9999.0 -9999.0 -9999.0 -9999.0 -9999.0 -9999.0 -9999.0 -9999.0 -9999.0 -9999.0 -9999.0 -9999.0 -9999.0 -9999.0 -9999.0 -9999.0 -9999.0 -9999.0 -9999.0 -9999.0 -9999.0 -9999.0 -9999.0 -9999.0 -9999.0 -9999.0 -9999.0 -9999.0 -9999.0 -9999.0 -9999.0 -9999.0 -9999.0 -9999.0 -9999.0 -9999.0 -9999.0 -9999.0 -9999.0 -9999.0 -9999.0 -9999.0 -9999.0 -9999.0 -9999.0 -9999.0 -9999.0 -9999.0 -9999.0 -9999.0 -9999.0 -9999.0 -9999.0 -9999.0 -9999.0 -9999.0 -9999.0 -9999.0 -9999.0 -9999.0 -9999.0 -9999.0 -9999.0 -9999.0 -9999.0 -9999.0 -9999.0 -9999.0 -9999.0 -9999.0 -9999.0 -9999.0 -9999.0 -9999.0
-9999.0 -9999.0 75.422166 -22.684096 -121.775813 -221.103054 -320.516721 -419.962359 -519.412143 -618.846631 -718.233472 -817.561632 -916.812488 -1015.965354 -1115.091653 -1214.169199 -1313.032191 -1411.549518 -1509.467165 -1606.249204 -1700.790090 -1791.037890 -1874.017055 -1946.726597 -2007.310388 -2055.548762 -2092.547927 -2120.107015 -2140.175912 -2154.536912 -2164.673767 -2171.752150 -2176.652839 -2180.023168 -2182.329824 -2183.907387 -2185.008391 -2185.889147 -2187.023230 -2189.208966 -2187.585654 -2108.617271 -1287.509788 -1284.718277 -1274.636033 -1267.896586 -1264.721267 -1264.211015 -1264.154465 -1264.158812 -1264.171892 -1264.186048 -1264.199668 -1264.212291 -1264.224080 -1264.238430 -1264.286248 -1264.598266 -1266.311833 -1270.064569 -1274.846873 -1270.313171 -2083.597766 -2182.053820 -2187.897574 -2187.532154 -2187.326253 -2187.279789 -2187.271699 -2187.270777 -2187.271029 -2187.271402 -2187.271724 -2187.271979 -2187.272181 -2187.272343 -2187.272476 -2187.272588 -2187.272686 -2187.272777 -2187.272869 -2187.272971 -2187.273095 -2187.273260 -2187.273494 -2187.273844 -2187.274384 -2187.275237 -2187.276622 -2187.278923 -2187.282853 -2187.289770 -2187.302333 -2187.325871 -2187.371339 -2187.462114 -2187.650956 -2188.066052 -2189.046608 -2191.586645 -2198.981087 -2223.666867 -9999.0 -9999.0
-9999.0 -9999.0 75.432154 -22.682312 -121.775367 -221.102924 -320.516679 -419.962345 -519.412137 -618.846629 -718.233470 -817.561631 -916.812487 -1015.965354 -1115.091652 -1214.169199 -1313.032191 -1411.549518 -1509.467165 -1606.249204 -1700.790090 -1791.037891 -1874.017056 -1946.726597 -2007.310389 -2055.548762 -2092.547927 -2120.107015 -2140.175912 -2154.536912 -2164.673767 -2171.752150 -2176.652839 -2180.023168 -2182.329824 -2183.907387 -2185.008391 -2185.889147 -2187.023230 -2189.208966 -2187.585654 -2108.617270 -1287.509788 -1284.718277 -1274.636033 -1267.896585 -1264.721267 -1264.211015 -1264.154465 -1264.158812 -1264.171892 -1264.186048 -1264.199668 -1264.212291 -1264.224080 -1264.238430 -1264.286248 -1264.598266 -1266.311833 -1270.064569 -1274.846873 -1270.313171 -2083.597766 -2182.053820 -2187.897574 -2187.532154 -2187.326253 -2187.279789 -2187.271699 -2187.270777 -2187.271029 -2187.271402 -2187.271724 -2187.271979 -2187.272181 -2187.272343 -2187.272475 -2187.272588 -2187.272686 -2187.272777 -2187.272869 -2187.272971 -2187.273095 -2187.273260 -2187.273494 -2187.273844 -2187.274384 -2187.275237 -2187.276622 -2187.278923 -2187.282853 -2187.289770 -2187.302333 -2187.325871 -2187.371339 -2187.462114 -2187.650956 -2188.066052 -2189.046608 -2191.586645 -2198.981087 -2223.666867 -9999.0 -9999.0
-9999.0 -9999.0 75.433239 -22.681595 -121.775085 -221.102822 -320.516643 -419.962332 -519.412133 -618.846627 -718.233470 -817.561631 -916.812487 -1015.965354 -1115.091652 -1214.169199 -1313.032191 -1411.549518 -1509.467166 -1606.249204 -1700.790090 -1791.037891 -1874.017056 -1946.726598 -2007.310389 -2055.548762 -2092.547927 -2120.107015 -2140.175912 -2154.536912 -2164.673767 -2171.752150 -2176.652839 -2180.023168 -2182.329824 -2183.907387 -2185.008391 -2185.889147 -2187.023230 -2189.208966 -2187.585654 -2108.617270 -1287.509788 -1284.718277 -1274.636033 -1267.896585 -1264.721267 -1264.211015 -1264.154465 -1264.158812 -1264.171892 -1264.186048 -1264.199668 -1264.212291 -1264.224080 -1264.238430 -1264.286248 -1264.598266 -1266.311833 -1270.064569 -1274.846873 -1270.313171 -2083.597766 -2182.053820 -2187.897574 -2187.532154 -2187.326253 -2187.279789 -2187.271699 -2187.270777 -2187.271029 -2187.271402 -2187.271724 -2187.271979 -2187.272181 -2187.272343 -2187.272475 -2187.272588 -2187.272686 -2187.272777 -2187.272869 -2187.272971 -2187.273095 -2187.273260 -2187.273494 -2187.273844 -2187.274384 -2187.275237 -2187.276622 -2187.278923 -2187.282853 -2187.289770 -2187.302333 -2187.325871 -2187.371339 -2187.462114 -2187.650956 -2188.066052 -2189.046608 -2191.586645 -2198.981087 -2223.666867 -9999.0 -9999.0
-9999.0 -9999.0 75.433239 -22.681595 -121.775085 -221.102822 -320.516643 -419.962332 -519.412133 -618.846627 -718.233470 -817.561631 -916.812487 -1015.965354 -1115.091652 -1214.169199 -1313.032191 -1411.549518 -1509.467166 -1606.249204 -1700.790090 -1791.037891 -1874.017056 -1946.726598 -2007.310389 -2055.548763 -2092.547927 -2120.107015 -2140.175912 -2154.536912 -2164.673767 -2171.752150 -2176.652839 -2180.023168 -2182.329824 -2183.907387 -2185.008391 -2185.889147 -2187.023230 -2189.208966 -2187.585654 -2108.617270 -1287.509788 -1284.718277 -1274.636033 -1267.896585 -1264.721267 -1264.211015 -1264.154465 -1264.158812 -1264.171892 -1264.186048 -1264.199668 -1264.212291 -1264.224080 -1264.238430 -1264.286248 -1264.598266 -1266.311833 -1270.064569 -1274.846873 -1270.313171 -2083.597766 -2182.053820 -2187.897574 -2187.532154 -2187.326253 -2187.279789 -2187.271699 -2187.270777 -2187.271029 -2187.271402 -2187.271724 -2187.271979 -2187.272181 -2187.272343 -2187.272475 -2187.272588 -2187.272686 -2187.272777 -2187.272869 -2187.272971 -2187.273095 -2187.273260 -2187.273494 -2187.273844 -2187.274384 -2187.275237 -2187.276622 -2187.278923 -2187.282853 -2187.289770 -2187.302333 -2187.325871 -2187.371339 -2187.462114 -2187.650956 -2188.066052 -2189.046608 -2191.586645 -2198.981087 -2223.666867 -9999.0 -9999.0
-9999.0 -9999.0 75.432154 -22.682312 -121.775367 -221.102924 -320.516679 -419.962345 -519.412137 -618.846629 -718.233471 -817.561631 -916.812487 -1015.965354 -1115.091652 -1214.169199 -1313.032191 -1411.549518 -1509.467165 -1606.249204 -1700.790090 -1791.037891 -1874.017056 -1946.726597 -2007.310389 -2055.548762 -2092.547927 -2120.107015 -2140.175912 -2154.536912 -2164.673767 -2171.752150 -2176.652839 -2180.023168 -2182.329824 -2183.907387 -2185.008391 -2185.889147 -2187.023230 -2189.208966 -2187.585654 -2108.617270 -1287.509788 -1284.718277 -1274.636033 -1267.896585 -1264.721267 -1264.211015 -1264.154465 -1264.158812 -1264.171892 -1264.186048 -1264.199668 -1264.212291 -1264.224080 -1264.238430 -1264.286248 -1264.598266 -1266.311833 -1270.064569 -1274.846873 -1270.313171 -2083.597766 -2182.053820 -2187.897574 -2187.532154 -2187.326253 -2187.279789 -2187.271699 -2187.270777 -2187.271029 -2187.271402 -2187.271724 -2187.271979 -2187.272181 -2187.272343 -2187.272475 -2187.272588 -2187.272686 -2187.272777 -2187.272869 -2187.272971 -2187.273095 -2187.273260 -2187.273494 -2187.273844 -2187.274384 -2187.275237 -2187.276622 -2187.278923 -2187.282853 -2187.289770 -2187.302333 -2187.325871 -2187.371339 -2187.462114 -2187.650956 -2188.066052 -2189.046608 -2191.586645 -2198.981087 -2223.666867 -9999.0 -9999.0
-9999.0 -9999.0 75.422166 -22.684096 -121.775813 -221.103054 -320.516721 -419.962359 -519.412143 -618.846631 -718.233472 -817.561632 -916.812488 -1015.965354 -1115.091652 -1214.169199 -1313.032191 -1411.549518 -1509.467165 -1606.249204 -1700.790090 -1791.037890 -1874.017055 -1946.726597 -2007.310388 -2055.548762 -2092.547927 -2120.107015 -2140.175912 -2154.536912 -2164.673767 -2171.752150 -2176.652839 -2180.023168 -2182.329824 -2183.907387 -2185.008391 -2185.889147 -2187.023230 -2189.208966 -2187.585654 -2108.617271 -1287.509788 -1284.718277 -1274.636033 -1267.896586 -1264.721267 -1264.211015 -1264.154465 -1264.158812 -1264.171892 -1264.186048 -1264.199668 -1264.212291 -1264.224080 -1264.238430 -1264.286248 -1264.598266 -1266.311833 -1270.064569 -1274.846873 -1270.313171 -2083.597766 -2182.053820 -2187.897574 -2187.532154 -2187.326253 -2187.279789 -2187.271699 -2187.270777 -2187.271029 -2187.271402 -2187.271724 -2187.271979 -2187.272181 -2187.272343 -2187.272476 -2187.272588 -2187.272686 -2187.272777 -2187.272869 -2187.272971 -2187.273095 -2187.273260 -2187.273494 -2187.273844 -2187.274384 -2187.275237 -2187.276622 -2187.278923 -2187.282853 -2187.289770 -2187.302333 -2187.325871 -2187.371339 -2187.462114 -2187.650956 -2188.066052 -2189.046608 -2191.586645 -2198.981087 -2223.666867 -9999.0 -9999.0
-9999.0 -9999.0 -9999.0 -9999.0 -9999.0 -9999.0 -9999.0 -9999.0 -9999.0 -9999.0 -9999.0 -9999.0 -9999.0 -9999.0 -9999.0 -9999.0 -9999.0 -9999.0 -9999.0 -9999.0 -9999.0 -9999.0 -9999.0 -9999.0 -9999.0 -9999.0 -9999.0 -9999.0 -9999.0 -9999.0 -9999.0 -9999.0 -9999.0 -9999.0 -9999.0 -9999.0 -9999.0 -9999.0 -9999.0 -9999.0 -9999.0 -9999.0 -9999.0 -9999.0 -9999.0 -9999.0 -9999.0 -9999.0 -9999.0 -9999.0 -9999.0 -9999.0 -9999.0 -9999.0 -9999.0 -9999.0 -9999.0 -9999.0 -9999.0 -9999.0 -9999.0 -9999.0 -9999.0 -9999.0 -9999.0 -9999.0 -9999.0 -9999.0 -9999.0 -9999.0 -9999.0 -9999.0 -9999.0 -9999.0 -9999.0 -9999.0 -9999.0 -9999.0 -9999.0 -9999.0 -9999.0 -9999.0 -9999.0 -9999.0 -9999.0 -9999.0 -9999.0 -9999.0 -9999.0 -9999.0 -9999.0 -9999.0 -9999.0 -9999.0 -9999.0 -9999.0 -9999.0 -9999.0 -9999.0 -9999.0 -9999.0 -9999.0 -9999.0 -9999.0
-9999.0 -9999.0 -9999.0 -9999.0 -9999.0 -9999.0 -9999.0 -9999.0 -9999.0 -9999.0 -9999.0 -9999.0 -9999.0 -9999.0 -9999.0 -9999.0 -9999.0 -9999.0 -9999.0 -9999.0 -9999.0 -9999.0 -9999.0 -9999.0 -9999.0 -9999.0 -9999.0 -9999.0 -9999.0 -9999.0 -9999.0 -9999.0 -9999.0 -9999.0 -9999.0 -9999.0 -9999.0 -9999.0 -9999.0 -9999.0 -9999.0 -9999.0 -9999.0 -9999.0 -9999.0 -9999.0 -9999.0 -9999.0 -9999.0 -9999.0 -9999.0 -9999.0 -9999.0 -9999.0 -9999.0 -9999.0 -9999.0 -9999.0 -9999.0 -9999.0 -9999.0 -9999.0 -9999.0 -9999.0 -9999.0 -9999.0 -9999.0 -9999.0 -9999.0 -9999.0 -9999.0 -9999.0 -9999.0 -9999.0 -9999.0 -9999.0 -9999.0 -9999.0 -9999.0 -9999.0 -9999.0 -9999.0 -9999.0 -9999.0 -9999.0 -9999.0 -9999.0 -9999.0 -9999.0 -9999.0 -9999.0 -9999.0 -9999.0 -9999.0 -9999.0 -9999.0 -9999.0 -9999.0 -9999.0 -9999.0 -9999.0 -9999.0 -9999.0 -9999.0