inst/processing_geotop_simulation/geotop_simulation/out/maps3D/PwL0014N0023.asc
ncols         104
nrows         10
xllcorner     -2.000000
yllcorner     0.000000
cellsize      1.000000
NODATA_value  -9999.0
-9999.0 -9999.0 -9999.0 -9999.0 -9999.0 -9999.0 -9999.0 -9999.0 -9999.0 -9999.0 -9999.0 -9999.0 -9999.0 -9999.0 -9999.0 -9999.0 -9999.0 -9999.0 -9999.0 -9999.0 -9999.0 -9999.0 -9999.0 -9999.0 -9999.0 -9999.0 -9999.0 -9999.0 -9999.0 -9999.0 -9999.0 -9999.0 -9999.0 -9999.0 -9999.0 -9999.0 -9999.0 -9999.0 -9999.0 -9999.0 -9999.0 -9999.0 -9999.0 -9999.0 -9999.0 -9999.0 -9999.0 -9999.0 -9999.0 -9999.0 -9999.0 -9999.0 -9999.0 -9999.0 -9999.0 -9999.0 -9999.0 -9999.0 -9999.0 -9999.0 -9999.0 -9999.0 -9999.0 -9999.0 -9999.0 -9999.0 -9999.0 -9999.0 -9999.0 -9999.0 -9999.0 -9999.0 -9999.0 -9999.0 -9999.0 -9999.0 -9999.0 -9999.0 -9999.0 -9999.0 -9999.0 -9999.0 -9999.0 -9999.0 -9999.0 -9999.0 -9999.0 -9999.0 -9999.0 -9999.0 -9999.0 -9999.0 -9999.0 -9999.0 -9999.0 -9999.0 -9999.0 -9999.0 -9999.0 -9999.0 -9999.0 -9999.0 -9999.0 -9999.0
-9999.0 -9999.0 -9999.0 -9999.0 -9999.0 -9999.0 -9999.0 -9999.0 -9999.0 -9999.0 -9999.0 -9999.0 -9999.0 -9999.0 -9999.0 -9999.0 -9999.0 -9999.0 -9999.0 -9999.0 -9999.0 -9999.0 -9999.0 -9999.0 -9999.0 -9999.0 -9999.0 -9999.0 -9999.0 -9999.0 -9999.0 -9999.0 -9999.0 -9999.0 -9999.0 -9999.0 -9999.0 -9999.0 -9999.0 -9999.0 -9999.0 -9999.0 -9999.0 -9999.0 -9999.0 -9999.0 -9999.0 -9999.0 -9999.0 -9999.0 -9999.0 -9999.0 -9999.0 -9999.0 -9999.0 -9999.0 -9999.0 -9999.0 -9999.0 -9999.0 -9999.0 -9999.0 -9999.0 -9999.0 -9999.0 -9999.0 -9999.0 -9999.0 -9999.0 -9999.0 -9999.0 -9999.0 -9999.0 -9999.0 -9999.0 -9999.0 -9999.0 -9999.0 -9999.0 -9999.0 -9999.0 -9999.0 -9999.0 -9999.0 -9999.0 -9999.0 -9999.0 -9999.0 -9999.0 -9999.0 -9999.0 -9999.0 -9999.0 -9999.0 -9999.0 -9999.0 -9999.0 -9999.0 -9999.0 -9999.0 -9999.0 -9999.0 -9999.0 -9999.0
-9999.0 -9999.0 664.921394 566.689837 468.622507 368.533859 265.729588 160.810077 54.222798 -54.020367 -166.900727 -262.204314 -327.267881 -363.342156 -376.408125 -370.694000 -364.295287 -204.759586 -48.546746 123.510503 313.253019 384.348709 320.678461 251.274203 177.327913 100.062415 20.605250 -60.023447 -138.892173 -210.930580 -268.807053 -308.058232 -330.869368 -342.577237 -347.674540 -348.896304 -347.431346 -343.449703 -329.261162 -257.981955 -282.063897 -358.746321 -2914.580872 -4282.100594 -4282.178218 -4282.178218 -4282.178218 -4282.178218 -4282.178218 -4282.178218 -4282.178218 -4282.178218 -4282.178218 -4282.178218 -4282.178218 -4282.178218 -4282.178218 -4282.178218 -4282.178218 -4282.178217 -4282.033877 -2767.773611 -248.314204 -294.846736 -319.078613 -333.188520 -341.787568 -346.999083 -350.284686 -352.332540 -353.608818 -354.427663 -354.957771 -355.293959 -355.509508 -355.650045 -355.743648 -355.803779 -355.842828 -355.871869 -355.900963 -355.936028 -355.974456 -356.034615 -356.124301 -356.264679 -356.485712 -356.832501 -357.378537 -358.238694 -359.591126 -361.711138 -365.019887 -370.150058 -378.027963 -389.961012 -407.703364 -433.469394 -470.088870 -523.913949 -621.716481 -834.185485 -9999.0 -9999.0
-9999.0 -9999.0 664.964581 566.706167 468.628079 368.535814 265.730323 160.810359 54.222912 -54.020323 -166.900708 -262.204308 -327.267880 -363.342156 -376.408125 -370.694000 -364.295287 -204.759586 -48.546746 123.510503 313.253019 384.348708 320.678460 251.274203 177.327912 100.062415 20.605250 -60.023447 -138.892173 -210.930580 -268.807054 -308.058232 -330.869369 -342.577237 -347.674540 -348.896304 -347.431346 -343.449703 -329.261162 -257.981958 -282.063903 -358.746323 -2914.580872 -4282.100594 -4282.178218 -4282.178218 -4282.178218 -4282.178218 -4282.178218 -4282.178218 -4282.178218 -4282.178218 -4282.178218 -4282.178218 -4282.178218 -4282.178218 -4282.178218 -4282.178218 -4282.178218 -4282.178217 -4282.033877 -2767.773611 -248.314204 -294.846736 -319.078613 -333.188521 -341.787568 -346.999083 -350.284687 -352.332540 -353.608818 -354.427663 -354.957771 -355.293959 -355.509509 -355.650045 -355.743648 -355.803779 -355.842828 -355.871869 -355.900963 -355.936028 -355.974456 -356.034615 -356.124301 -356.264679 -356.485712 -356.832501 -357.378537 -358.238694 -359.591126 -361.711138 -365.019887 -370.150058 -378.027963 -389.961012 -407.703364 -433.469394 -470.088870 -523.913949 -621.716481 -834.185485 -9999.0 -9999.0
-9999.0 -9999.0 664.980451 566.715014 468.632033 368.537441 265.730989 160.810628 54.223023 -54.020280 -166.900690 -262.204302 -327.267878 -363.342156 -376.408125 -370.694000 -364.295287 -204.759586 -48.546746 123.510503 313.253018 384.348708 320.678460 251.274202 177.327913 100.062415 20.605250 -60.023448 -138.892174 -210.930581 -268.807054 -308.058233 -330.869369 -342.577237 -347.674540 -348.896304 -347.431346 -343.449703 -329.261161 -257.981960 -282.063906 -358.746325 -2914.580871 -4282.100594 -4282.178218 -4282.178218 -4282.178218 -4282.178218 -4282.178218 -4282.178218 -4282.178218 -4282.178218 -4282.178218 -4282.178218 -4282.178218 -4282.178218 -4282.178218 -4282.178218 -4282.178218 -4282.178217 -4282.033877 -2767.773611 -248.314204 -294.846736 -319.078613 -333.188521 -341.787569 -346.999083 -350.284687 -352.332540 -353.608818 -354.427663 -354.957771 -355.293959 -355.509509 -355.650046 -355.743648 -355.803779 -355.842828 -355.871869 -355.900963 -355.936028 -355.974456 -356.034615 -356.124301 -356.264679 -356.485712 -356.832501 -357.378537 -358.238694 -359.591126 -361.711138 -365.019887 -370.150058 -378.027963 -389.961012 -407.703364 -433.469394 -470.088870 -523.913949 -621.716481 -834.185484 -9999.0 -9999.0
-9999.0 -9999.0 664.980451 566.715014 468.632033 368.537441 265.730989 160.810628 54.223023 -54.020280 -166.900690 -262.204302 -327.267878 -363.342156 -376.408125 -370.694000 -364.295287 -204.759586 -48.546746 123.510503 313.253019 384.348707 320.678460 251.274202 177.327913 100.062415 20.605250 -60.023448 -138.892174 -210.930581 -268.807054 -308.058233 -330.869369 -342.577237 -347.674540 -348.896304 -347.431346 -343.449703 -329.261161 -257.981960 -282.063906 -358.746325 -2914.580871 -4282.100594 -4282.178218 -4282.178218 -4282.178218 -4282.178218 -4282.178218 -4282.178218 -4282.178218 -4282.178218 -4282.178218 -4282.178218 -4282.178218 -4282.178218 -4282.178218 -4282.178218 -4282.178218 -4282.178217 -4282.033877 -2767.773611 -248.314204 -294.846736 -319.078613 -333.188521 -341.787569 -346.999083 -350.284687 -352.332540 -353.608818 -354.427663 -354.957771 -355.293959 -355.509509 -355.650046 -355.743648 -355.803779 -355.842828 -355.871869 -355.900963 -355.936028 -355.974456 -356.034615 -356.124301 -356.264679 -356.485712 -356.832501 -357.378537 -358.238694 -359.591126 -361.711138 -365.019887 -370.150058 -378.027963 -389.961012 -407.703364 -433.469394 -470.088870 -523.913949 -621.716481 -834.185484 -9999.0 -9999.0
-9999.0 -9999.0 664.964581 566.706167 468.628079 368.535814 265.730323 160.810359 54.222912 -54.020323 -166.900708 -262.204308 -327.267880 -363.342156 -376.408125 -370.694000 -364.295287 -204.759586 -48.546746 123.510503 313.253019 384.348708 320.678460 251.274203 177.327912 100.062415 20.605250 -60.023447 -138.892173 -210.930580 -268.807054 -308.058232 -330.869369 -342.577237 -347.674540 -348.896304 -347.431346 -343.449703 -329.261162 -257.981958 -282.063903 -358.746323 -2914.580872 -4282.100594 -4282.178218 -4282.178218 -4282.178218 -4282.178218 -4282.178218 -4282.178218 -4282.178218 -4282.178218 -4282.178218 -4282.178218 -4282.178218 -4282.178218 -4282.178218 -4282.178218 -4282.178218 -4282.178217 -4282.033877 -2767.773611 -248.314204 -294.846736 -319.078613 -333.188521 -341.787568 -346.999083 -350.284687 -352.332540 -353.608818 -354.427663 -354.957771 -355.293959 -355.509509 -355.650045 -355.743648 -355.803779 -355.842828 -355.871869 -355.900963 -355.936028 -355.974456 -356.034615 -356.124301 -356.264679 -356.485712 -356.832501 -357.378537 -358.238694 -359.591126 -361.711138 -365.019887 -370.150058 -378.027963 -389.961012 -407.703364 -433.469394 -470.088870 -523.913949 -621.716481 -834.185484 -9999.0 -9999.0
-9999.0 -9999.0 664.921394 566.689837 468.622507 368.533859 265.729588 160.810077 54.222798 -54.020367 -166.900727 -262.204314 -327.267881 -363.342156 -376.408125 -370.694000 -364.295287 -204.759586 -48.546746 123.510503 313.253019 384.348709 320.678461 251.274203 177.327913 100.062415 20.605250 -60.023447 -138.892173 -210.930580 -268.807053 -308.058232 -330.869368 -342.577237 -347.674540 -348.896304 -347.431346 -343.449703 -329.261162 -257.981955 -282.063897 -358.746320 -2914.580872 -4282.100594 -4282.178218 -4282.178218 -4282.178218 -4282.178218 -4282.178218 -4282.178218 -4282.178218 -4282.178218 -4282.178218 -4282.178218 -4282.178218 -4282.178218 -4282.178218 -4282.178218 -4282.178218 -4282.178217 -4282.033877 -2767.773611 -248.314204 -294.846736 -319.078613 -333.188520 -341.787568 -346.999083 -350.284686 -352.332540 -353.608818 -354.427663 -354.957771 -355.293959 -355.509508 -355.650045 -355.743648 -355.803779 -355.842828 -355.871869 -355.900963 -355.936028 -355.974456 -356.034615 -356.124301 -356.264679 -356.485712 -356.832501 -357.378537 -358.238694 -359.591126 -361.711138 -365.019887 -370.150058 -378.027963 -389.961012 -407.703364 -433.469394 -470.088870 -523.913949 -621.716481 -834.185485 -9999.0 -9999.0
-9999.0 -9999.0 -9999.0 -9999.0 -9999.0 -9999.0 -9999.0 -9999.0 -9999.0 -9999.0 -9999.0 -9999.0 -9999.0 -9999.0 -9999.0 -9999.0 -9999.0 -9999.0 -9999.0 -9999.0 -9999.0 -9999.0 -9999.0 -9999.0 -9999.0 -9999.0 -9999.0 -9999.0 -9999.0 -9999.0 -9999.0 -9999.0 -9999.0 -9999.0 -9999.0 -9999.0 -9999.0 -9999.0 -9999.0 -9999.0 -9999.0 -9999.0 -9999.0 -9999.0 -9999.0 -9999.0 -9999.0 -9999.0 -9999.0 -9999.0 -9999.0 -9999.0 -9999.0 -9999.0 -9999.0 -9999.0 -9999.0 -9999.0 -9999.0 -9999.0 -9999.0 -9999.0 -9999.0 -9999.0 -9999.0 -9999.0 -9999.0 -9999.0 -9999.0 -9999.0 -9999.0 -9999.0 -9999.0 -9999.0 -9999.0 -9999.0 -9999.0 -9999.0 -9999.0 -9999.0 -9999.0 -9999.0 -9999.0 -9999.0 -9999.0 -9999.0 -9999.0 -9999.0 -9999.0 -9999.0 -9999.0 -9999.0 -9999.0 -9999.0 -9999.0 -9999.0 -9999.0 -9999.0 -9999.0 -9999.0 -9999.0 -9999.0 -9999.0 -9999.0
-9999.0 -9999.0 -9999.0 -9999.0 -9999.0 -9999.0 -9999.0 -9999.0 -9999.0 -9999.0 -9999.0 -9999.0 -9999.0 -9999.0 -9999.0 -9999.0 -9999.0 -9999.0 -9999.0 -9999.0 -9999.0 -9999.0 -9999.0 -9999.0 -9999.0 -9999.0 -9999.0 -9999.0 -9999.0 -9999.0 -9999.0 -9999.0 -9999.0 -9999.0 -9999.0 -9999.0 -9999.0 -9999.0 -9999.0 -9999.0 -9999.0 -9999.0 -9999.0 -9999.0 -9999.0 -9999.0 -9999.0 -9999.0 -9999.0 -9999.0 -9999.0 -9999.0 -9999.0 -9999.0 -9999.0 -9999.0 -9999.0 -9999.0 -9999.0 -9999.0 -9999.0 -9999.0 -9999.0 -9999.0 -9999.0 -9999.0 -9999.0 -9999.0 -9999.0 -9999.0 -9999.0 -9999.0 -9999.0 -9999.0 -9999.0 -9999.0 -9999.0 -9999.0 -9999.0 -9999.0 -9999.0 -9999.0 -9999.0 -9999.0 -9999.0 -9999.0 -9999.0 -9999.0 -9999.0 -9999.0 -9999.0 -9999.0 -9999.0 -9999.0 -9999.0 -9999.0 -9999.0 -9999.0 -9999.0 -9999.0 -9999.0 -9999.0 -9999.0 -9999.0