inst/processing_geotop_simulation/geotop_simulation/out/maps3D/PwL0010N0451.asc
ncols         104
nrows         10
xllcorner     -2.000000
yllcorner     0.000000
cellsize      1.000000
NODATA_value  -9999.0
-9999.0 -9999.0 -9999.0 -9999.0 -9999.0 -9999.0 -9999.0 -9999.0 -9999.0 -9999.0 -9999.0 -9999.0 -9999.0 -9999.0 -9999.0 -9999.0 -9999.0 -9999.0 -9999.0 -9999.0 -9999.0 -9999.0 -9999.0 -9999.0 -9999.0 -9999.0 -9999.0 -9999.0 -9999.0 -9999.0 -9999.0 -9999.0 -9999.0 -9999.0 -9999.0 -9999.0 -9999.0 -9999.0 -9999.0 -9999.0 -9999.0 -9999.0 -9999.0 -9999.0 -9999.0 -9999.0 -9999.0 -9999.0 -9999.0 -9999.0 -9999.0 -9999.0 -9999.0 -9999.0 -9999.0 -9999.0 -9999.0 -9999.0 -9999.0 -9999.0 -9999.0 -9999.0 -9999.0 -9999.0 -9999.0 -9999.0 -9999.0 -9999.0 -9999.0 -9999.0 -9999.0 -9999.0 -9999.0 -9999.0 -9999.0 -9999.0 -9999.0 -9999.0 -9999.0 -9999.0 -9999.0 -9999.0 -9999.0 -9999.0 -9999.0 -9999.0 -9999.0 -9999.0 -9999.0 -9999.0 -9999.0 -9999.0 -9999.0 -9999.0 -9999.0 -9999.0 -9999.0 -9999.0 -9999.0 -9999.0 -9999.0 -9999.0 -9999.0 -9999.0
-9999.0 -9999.0 -9999.0 -9999.0 -9999.0 -9999.0 -9999.0 -9999.0 -9999.0 -9999.0 -9999.0 -9999.0 -9999.0 -9999.0 -9999.0 -9999.0 -9999.0 -9999.0 -9999.0 -9999.0 -9999.0 -9999.0 -9999.0 -9999.0 -9999.0 -9999.0 -9999.0 -9999.0 -9999.0 -9999.0 -9999.0 -9999.0 -9999.0 -9999.0 -9999.0 -9999.0 -9999.0 -9999.0 -9999.0 -9999.0 -9999.0 -9999.0 -9999.0 -9999.0 -9999.0 -9999.0 -9999.0 -9999.0 -9999.0 -9999.0 -9999.0 -9999.0 -9999.0 -9999.0 -9999.0 -9999.0 -9999.0 -9999.0 -9999.0 -9999.0 -9999.0 -9999.0 -9999.0 -9999.0 -9999.0 -9999.0 -9999.0 -9999.0 -9999.0 -9999.0 -9999.0 -9999.0 -9999.0 -9999.0 -9999.0 -9999.0 -9999.0 -9999.0 -9999.0 -9999.0 -9999.0 -9999.0 -9999.0 -9999.0 -9999.0 -9999.0 -9999.0 -9999.0 -9999.0 -9999.0 -9999.0 -9999.0 -9999.0 -9999.0 -9999.0 -9999.0 -9999.0 -9999.0 -9999.0 -9999.0 -9999.0 -9999.0 -9999.0 -9999.0
-9999.0 -9999.0 472.320784 373.614959 274.496859 175.186101 75.793947 -23.630277 -123.063403 -222.495178 -321.915625 -421.310145 -520.652696 -619.891447 -718.962555 -818.098820 -917.160808 -1016.136170 -1115.014100 -1212.992991 -1309.706205 -1403.875928 -1493.402877 -1575.687981 -1648.369658 -1709.982153 -1760.211011 -1799.752793 -1829.961300 -1852.470176 -1868.904174 -1880.708692 -1889.078813 -1894.953605 -1899.045105 -1901.882574 -1903.868693 -1905.379146 -1907.008357 -1909.879220 -1912.335753 -1877.222061 -1329.579627 -1478.775375 -1440.051302 -1414.130813 -1402.244038 -1400.532846 -1400.352317 -1400.367917 -1400.411304 -1400.458047 -1400.502969 -1400.544570 -1400.583241 -1400.628795 -1400.774459 -1401.772216 -1407.983156 -1421.938613 -1436.280740 -1273.321486 -1842.009041 -1905.287965 -1908.923924 -1908.388217 -1908.159307 -1908.108348 -1908.099391 -1908.098326 -1908.098569 -1908.098958 -1908.099300 -1908.099579 -1908.099806 -1908.099994 -1908.100154 -1908.100294 -1908.100422 -1908.100543 -1908.100666 -1908.100800 -1908.100958 -1908.101158 -1908.101429 -1908.101816 -1908.102395 -1908.103290 -1908.104719 -1908.107069 -1908.111059 -1908.118059 -1908.130757 -1908.154561 -1908.200652 -1908.293097 -1908.486780 -1908.916209 -1909.938544 -1912.595576 -1920.289370 -1945.556636 -9999.0 -9999.0
-9999.0 -9999.0 472.326216 373.616466 274.497279 175.186228 75.793988 -23.630263 -123.063398 -222.495176 -321.915624 -421.310144 -520.652696 -619.891447 -718.962555 -818.098820 -917.160808 -1016.136170 -1115.014101 -1212.992991 -1309.706205 -1403.875928 -1493.402877 -1575.687981 -1648.369658 -1709.982153 -1760.211011 -1799.752793 -1829.961300 -1852.470176 -1868.904174 -1880.708692 -1889.078813 -1894.953605 -1899.045105 -1901.882574 -1903.868693 -1905.379146 -1907.008357 -1909.879220 -1912.335753 -1877.222061 -1329.579627 -1478.775375 -1440.051302 -1414.130812 -1402.244038 -1400.532846 -1400.352317 -1400.367917 -1400.411304 -1400.458047 -1400.502969 -1400.544570 -1400.583241 -1400.628795 -1400.774459 -1401.772216 -1407.983156 -1421.938613 -1436.280740 -1273.321486 -1842.009041 -1905.287965 -1908.923924 -1908.388217 -1908.159307 -1908.108348 -1908.099391 -1908.098326 -1908.098569 -1908.098958 -1908.099300 -1908.099579 -1908.099806 -1908.099994 -1908.100154 -1908.100294 -1908.100422 -1908.100543 -1908.100666 -1908.100800 -1908.100958 -1908.101158 -1908.101429 -1908.101816 -1908.102395 -1908.103290 -1908.104719 -1908.107069 -1908.111059 -1908.118059 -1908.130757 -1908.154561 -1908.200652 -1908.293097 -1908.486780 -1908.916209 -1909.938544 -1912.595576 -1920.289370 -1945.556636 -9999.0 -9999.0
-9999.0 -9999.0 472.327504 373.617144 274.497551 175.186328 75.794024 -23.630250 -123.063393 -222.495174 -321.915623 -421.310144 -520.652695 -619.891447 -718.962555 -818.098820 -917.160808 -1016.136170 -1115.014101 -1212.992991 -1309.706205 -1403.875929 -1493.402877 -1575.687981 -1648.369658 -1709.982153 -1760.211011 -1799.752793 -1829.961300 -1852.470176 -1868.904174 -1880.708692 -1889.078813 -1894.953605 -1899.045105 -1901.882574 -1903.868693 -1905.379146 -1907.008357 -1909.879220 -1912.335753 -1877.222061 -1329.579627 -1478.775375 -1440.051302 -1414.130812 -1402.244038 -1400.532846 -1400.352317 -1400.367917 -1400.411304 -1400.458047 -1400.502969 -1400.544570 -1400.583241 -1400.628795 -1400.774459 -1401.772216 -1407.983156 -1421.938613 -1436.280740 -1273.321486 -1842.009041 -1905.287965 -1908.923924 -1908.388217 -1908.159307 -1908.108348 -1908.099391 -1908.098326 -1908.098569 -1908.098958 -1908.099300 -1908.099579 -1908.099806 -1908.099994 -1908.100154 -1908.100294 -1908.100422 -1908.100543 -1908.100666 -1908.100800 -1908.100958 -1908.101158 -1908.101429 -1908.101816 -1908.102395 -1908.103290 -1908.104719 -1908.107069 -1908.111059 -1908.118059 -1908.130757 -1908.154561 -1908.200652 -1908.293097 -1908.486780 -1908.916209 -1909.938544 -1912.595576 -1920.289370 -1945.556636 -9999.0 -9999.0
-9999.0 -9999.0 472.327504 373.617144 274.497551 175.186328 75.794024 -23.630250 -123.063393 -222.495174 -321.915623 -421.310144 -520.652695 -619.891447 -718.962555 -818.098820 -917.160808 -1016.136170 -1115.014101 -1212.992991 -1309.706205 -1403.875929 -1493.402877 -1575.687981 -1648.369658 -1709.982153 -1760.211011 -1799.752793 -1829.961300 -1852.470176 -1868.904174 -1880.708692 -1889.078813 -1894.953605 -1899.045105 -1901.882574 -1903.868693 -1905.379146 -1907.008357 -1909.879220 -1912.335753 -1877.222061 -1329.579627 -1478.775375 -1440.051302 -1414.130812 -1402.244038 -1400.532846 -1400.352317 -1400.367917 -1400.411304 -1400.458047 -1400.502969 -1400.544570 -1400.583241 -1400.628795 -1400.774459 -1401.772216 -1407.983156 -1421.938613 -1436.280740 -1273.321486 -1842.009041 -1905.287965 -1908.923924 -1908.388217 -1908.159307 -1908.108348 -1908.099391 -1908.098326 -1908.098569 -1908.098958 -1908.099300 -1908.099579 -1908.099806 -1908.099994 -1908.100154 -1908.100294 -1908.100422 -1908.100543 -1908.100666 -1908.100800 -1908.100958 -1908.101158 -1908.101429 -1908.101816 -1908.102395 -1908.103290 -1908.104719 -1908.107069 -1908.111059 -1908.118059 -1908.130757 -1908.154561 -1908.200652 -1908.293097 -1908.486780 -1908.916209 -1909.938544 -1912.595576 -1920.289370 -1945.556636 -9999.0 -9999.0
-9999.0 -9999.0 472.326216 373.616466 274.497279 175.186228 75.793988 -23.630263 -123.063398 -222.495175 -321.915624 -421.310144 -520.652696 -619.891447 -718.962555 -818.098820 -917.160808 -1016.136170 -1115.014101 -1212.992991 -1309.706205 -1403.875928 -1493.402877 -1575.687981 -1648.369658 -1709.982153 -1760.211011 -1799.752793 -1829.961300 -1852.470176 -1868.904174 -1880.708692 -1889.078813 -1894.953605 -1899.045105 -1901.882574 -1903.868693 -1905.379146 -1907.008357 -1909.879220 -1912.335753 -1877.222061 -1329.579627 -1478.775375 -1440.051302 -1414.130812 -1402.244038 -1400.532846 -1400.352317 -1400.367917 -1400.411304 -1400.458047 -1400.502969 -1400.544570 -1400.583241 -1400.628795 -1400.774459 -1401.772216 -1407.983156 -1421.938613 -1436.280740 -1273.321486 -1842.009041 -1905.287965 -1908.923924 -1908.388217 -1908.159307 -1908.108348 -1908.099391 -1908.098326 -1908.098569 -1908.098958 -1908.099300 -1908.099579 -1908.099806 -1908.099994 -1908.100154 -1908.100294 -1908.100422 -1908.100543 -1908.100666 -1908.100800 -1908.100958 -1908.101158 -1908.101429 -1908.101816 -1908.102395 -1908.103290 -1908.104719 -1908.107069 -1908.111059 -1908.118059 -1908.130757 -1908.154561 -1908.200652 -1908.293097 -1908.486780 -1908.916209 -1909.938544 -1912.595576 -1920.289370 -1945.556636 -9999.0 -9999.0
-9999.0 -9999.0 472.320784 373.614959 274.496859 175.186101 75.793947 -23.630277 -123.063403 -222.495178 -321.915625 -421.310145 -520.652696 -619.891447 -718.962555 -818.098820 -917.160808 -1016.136170 -1115.014100 -1212.992991 -1309.706205 -1403.875928 -1493.402877 -1575.687981 -1648.369658 -1709.982153 -1760.211011 -1799.752793 -1829.961300 -1852.470176 -1868.904174 -1880.708692 -1889.078813 -1894.953605 -1899.045105 -1901.882574 -1903.868693 -1905.379146 -1907.008357 -1909.879220 -1912.335753 -1877.222061 -1329.579627 -1478.775375 -1440.051302 -1414.130813 -1402.244038 -1400.532846 -1400.352317 -1400.367917 -1400.411304 -1400.458047 -1400.502969 -1400.544570 -1400.583241 -1400.628795 -1400.774459 -1401.772216 -1407.983156 -1421.938613 -1436.280740 -1273.321486 -1842.009041 -1905.287965 -1908.923924 -1908.388217 -1908.159307 -1908.108348 -1908.099391 -1908.098326 -1908.098569 -1908.098958 -1908.099300 -1908.099579 -1908.099806 -1908.099994 -1908.100154 -1908.100294 -1908.100422 -1908.100543 -1908.100666 -1908.100800 -1908.100958 -1908.101158 -1908.101429 -1908.101816 -1908.102395 -1908.103290 -1908.104719 -1908.107069 -1908.111059 -1908.118059 -1908.130757 -1908.154561 -1908.200652 -1908.293097 -1908.486780 -1908.916209 -1909.938544 -1912.595576 -1920.289370 -1945.556636 -9999.0 -9999.0
-9999.0 -9999.0 -9999.0 -9999.0 -9999.0 -9999.0 -9999.0 -9999.0 -9999.0 -9999.0 -9999.0 -9999.0 -9999.0 -9999.0 -9999.0 -9999.0 -9999.0 -9999.0 -9999.0 -9999.0 -9999.0 -9999.0 -9999.0 -9999.0 -9999.0 -9999.0 -9999.0 -9999.0 -9999.0 -9999.0 -9999.0 -9999.0 -9999.0 -9999.0 -9999.0 -9999.0 -9999.0 -9999.0 -9999.0 -9999.0 -9999.0 -9999.0 -9999.0 -9999.0 -9999.0 -9999.0 -9999.0 -9999.0 -9999.0 -9999.0 -9999.0 -9999.0 -9999.0 -9999.0 -9999.0 -9999.0 -9999.0 -9999.0 -9999.0 -9999.0 -9999.0 -9999.0 -9999.0 -9999.0 -9999.0 -9999.0 -9999.0 -9999.0 -9999.0 -9999.0 -9999.0 -9999.0 -9999.0 -9999.0 -9999.0 -9999.0 -9999.0 -9999.0 -9999.0 -9999.0 -9999.0 -9999.0 -9999.0 -9999.0 -9999.0 -9999.0 -9999.0 -9999.0 -9999.0 -9999.0 -9999.0 -9999.0 -9999.0 -9999.0 -9999.0 -9999.0 -9999.0 -9999.0 -9999.0 -9999.0 -9999.0 -9999.0 -9999.0 -9999.0
-9999.0 -9999.0 -9999.0 -9999.0 -9999.0 -9999.0 -9999.0 -9999.0 -9999.0 -9999.0 -9999.0 -9999.0 -9999.0 -9999.0 -9999.0 -9999.0 -9999.0 -9999.0 -9999.0 -9999.0 -9999.0 -9999.0 -9999.0 -9999.0 -9999.0 -9999.0 -9999.0 -9999.0 -9999.0 -9999.0 -9999.0 -9999.0 -9999.0 -9999.0 -9999.0 -9999.0 -9999.0 -9999.0 -9999.0 -9999.0 -9999.0 -9999.0 -9999.0 -9999.0 -9999.0 -9999.0 -9999.0 -9999.0 -9999.0 -9999.0 -9999.0 -9999.0 -9999.0 -9999.0 -9999.0 -9999.0 -9999.0 -9999.0 -9999.0 -9999.0 -9999.0 -9999.0 -9999.0 -9999.0 -9999.0 -9999.0 -9999.0 -9999.0 -9999.0 -9999.0 -9999.0 -9999.0 -9999.0 -9999.0 -9999.0 -9999.0 -9999.0 -9999.0 -9999.0 -9999.0 -9999.0 -9999.0 -9999.0 -9999.0 -9999.0 -9999.0 -9999.0 -9999.0 -9999.0 -9999.0 -9999.0 -9999.0 -9999.0 -9999.0 -9999.0 -9999.0 -9999.0 -9999.0 -9999.0 -9999.0 -9999.0 -9999.0 -9999.0 -9999.0