inst/processing_geotop_simulation/geotop_simulation/out/maps3D/PwL0012N0262.asc
ncols         104
nrows         10
xllcorner     -2.000000
yllcorner     0.000000
cellsize      1.000000
NODATA_value  -9999.0
-9999.0 -9999.0 -9999.0 -9999.0 -9999.0 -9999.0 -9999.0 -9999.0 -9999.0 -9999.0 -9999.0 -9999.0 -9999.0 -9999.0 -9999.0 -9999.0 -9999.0 -9999.0 -9999.0 -9999.0 -9999.0 -9999.0 -9999.0 -9999.0 -9999.0 -9999.0 -9999.0 -9999.0 -9999.0 -9999.0 -9999.0 -9999.0 -9999.0 -9999.0 -9999.0 -9999.0 -9999.0 -9999.0 -9999.0 -9999.0 -9999.0 -9999.0 -9999.0 -9999.0 -9999.0 -9999.0 -9999.0 -9999.0 -9999.0 -9999.0 -9999.0 -9999.0 -9999.0 -9999.0 -9999.0 -9999.0 -9999.0 -9999.0 -9999.0 -9999.0 -9999.0 -9999.0 -9999.0 -9999.0 -9999.0 -9999.0 -9999.0 -9999.0 -9999.0 -9999.0 -9999.0 -9999.0 -9999.0 -9999.0 -9999.0 -9999.0 -9999.0 -9999.0 -9999.0 -9999.0 -9999.0 -9999.0 -9999.0 -9999.0 -9999.0 -9999.0 -9999.0 -9999.0 -9999.0 -9999.0 -9999.0 -9999.0 -9999.0 -9999.0 -9999.0 -9999.0 -9999.0 -9999.0 -9999.0 -9999.0 -9999.0 -9999.0 -9999.0 -9999.0
-9999.0 -9999.0 -9999.0 -9999.0 -9999.0 -9999.0 -9999.0 -9999.0 -9999.0 -9999.0 -9999.0 -9999.0 -9999.0 -9999.0 -9999.0 -9999.0 -9999.0 -9999.0 -9999.0 -9999.0 -9999.0 -9999.0 -9999.0 -9999.0 -9999.0 -9999.0 -9999.0 -9999.0 -9999.0 -9999.0 -9999.0 -9999.0 -9999.0 -9999.0 -9999.0 -9999.0 -9999.0 -9999.0 -9999.0 -9999.0 -9999.0 -9999.0 -9999.0 -9999.0 -9999.0 -9999.0 -9999.0 -9999.0 -9999.0 -9999.0 -9999.0 -9999.0 -9999.0 -9999.0 -9999.0 -9999.0 -9999.0 -9999.0 -9999.0 -9999.0 -9999.0 -9999.0 -9999.0 -9999.0 -9999.0 -9999.0 -9999.0 -9999.0 -9999.0 -9999.0 -9999.0 -9999.0 -9999.0 -9999.0 -9999.0 -9999.0 -9999.0 -9999.0 -9999.0 -9999.0 -9999.0 -9999.0 -9999.0 -9999.0 -9999.0 -9999.0 -9999.0 -9999.0 -9999.0 -9999.0 -9999.0 -9999.0 -9999.0 -9999.0 -9999.0 -9999.0 -9999.0 -9999.0 -9999.0 -9999.0 -9999.0 -9999.0 -9999.0 -9999.0
-9999.0 -9999.0 575.010291 478.064162 380.303744 282.090400 183.675958 85.176398 -13.348831 -111.866825 -210.361805 -308.797261 -407.104050 -505.129750 -602.640400 -699.364667 -796.435824 -893.138154 -989.451850 -1085.330267 -1175.857940 -1260.368313 -1335.882466 -1400.184378 -1452.443723 -1493.187488 -1523.860057 -1546.297908 -1562.333045 -1573.576185 -1581.338123 -1586.630458 -1590.203918 -1592.599099 -1594.196580 -1595.261811 -1595.987800 -1596.564065 -1597.422230 -1600.205071 -1610.236745 -1637.088968 -1646.747463 -2761.524922 -2471.327991 -2309.341414 -2240.675411 -2232.038415 -2231.170984 -2231.262203 -2231.489221 -2231.732374 -2231.965805 -2232.181833 -2232.381613 -2232.607749 -2233.282756 -2238.090037 -2272.700648 -2354.889202 -2470.287448 -1492.123794 -1602.703210 -1602.985843 -1598.848694 -1597.708755 -1597.495733 -1597.461276 -1597.456405 -1597.456306 -1597.456902 -1597.457490 -1597.457963 -1597.458328 -1597.458610 -1597.458830 -1597.459006 -1597.459150 -1597.459272 -1597.459382 -1597.459490 -1597.459610 -1597.459761 -1597.459967 -1597.460271 -1597.460734 -1597.461461 -1597.462623 -1597.464514 -1597.467653 -1597.472987 -1597.482304 -1597.499069 -1597.530157 -1597.589470 -1597.705849 -1597.941876 -1598.442849 -1599.573615 -1602.329114 -1609.770746 -1633.380495 -9999.0 -9999.0
-9999.0 -9999.0 575.015704 478.065791 380.304214 282.090544 183.676005 85.176414 -13.348825 -111.866822 -210.361805 -308.797261 -407.104050 -505.129750 -602.640400 -699.364667 -796.435824 -893.138155 -989.451850 -1085.330268 -1175.857940 -1260.368313 -1335.882466 -1400.184379 -1452.443723 -1493.187488 -1523.860057 -1546.297909 -1562.333046 -1573.576185 -1581.338123 -1586.630458 -1590.203918 -1592.599099 -1594.196580 -1595.261811 -1595.987800 -1596.564065 -1597.422230 -1600.205071 -1610.236745 -1637.088968 -1646.747463 -2761.524920 -2471.327989 -2309.341410 -2240.675411 -2232.038415 -2231.170984 -2231.262203 -2231.489221 -2231.732374 -2231.965805 -2232.181833 -2232.381613 -2232.607749 -2233.282756 -2238.090037 -2272.700648 -2354.889202 -2470.287448 -1492.123794 -1602.703210 -1602.985843 -1598.848694 -1597.708755 -1597.495733 -1597.461276 -1597.456405 -1597.456306 -1597.456902 -1597.457490 -1597.457963 -1597.458328 -1597.458610 -1597.458830 -1597.459006 -1597.459150 -1597.459272 -1597.459382 -1597.459490 -1597.459610 -1597.459761 -1597.459967 -1597.460271 -1597.460734 -1597.461461 -1597.462623 -1597.464514 -1597.467653 -1597.472987 -1597.482304 -1597.499069 -1597.530157 -1597.589470 -1597.705849 -1597.941876 -1598.442849 -1599.573615 -1602.329114 -1609.770746 -1633.380495 -9999.0 -9999.0
-9999.0 -9999.0 575.017159 478.066551 380.304522 282.090658 183.676046 85.176428 -13.348820 -111.866820 -210.361804 -308.797261 -407.104050 -505.129750 -602.640400 -699.364667 -796.435824 -893.138155 -989.451850 -1085.330268 -1175.857940 -1260.368313 -1335.882467 -1400.184379 -1452.443723 -1493.187489 -1523.860057 -1546.297909 -1562.333046 -1573.576185 -1581.338123 -1586.630458 -1590.203918 -1592.599099 -1594.196580 -1595.261811 -1595.987800 -1596.564065 -1597.422230 -1600.205071 -1610.236745 -1637.088968 -1646.747463 -2761.524920 -2471.327988 -2309.341408 -2240.675411 -2232.038415 -2231.170984 -2231.262203 -2231.489221 -2231.732374 -2231.965805 -2232.181833 -2232.381613 -2232.607749 -2233.282756 -2238.090037 -2272.700648 -2354.889202 -2470.287448 -1492.123794 -1602.703210 -1602.985843 -1598.848694 -1597.708755 -1597.495733 -1597.461276 -1597.456405 -1597.456306 -1597.456902 -1597.457490 -1597.457963 -1597.458328 -1597.458610 -1597.458830 -1597.459006 -1597.459150 -1597.459272 -1597.459382 -1597.459490 -1597.459610 -1597.459761 -1597.459967 -1597.460271 -1597.460734 -1597.461461 -1597.462623 -1597.464514 -1597.467653 -1597.472987 -1597.482304 -1597.499069 -1597.530157 -1597.589470 -1597.705849 -1597.941876 -1598.442849 -1599.573615 -1602.329114 -1609.770746 -1633.380495 -9999.0 -9999.0
-9999.0 -9999.0 575.017159 478.066551 380.304522 282.090658 183.676046 85.176428 -13.348820 -111.866820 -210.361804 -308.797261 -407.104050 -505.129750 -602.640400 -699.364667 -796.435824 -893.138155 -989.451850 -1085.330268 -1175.857940 -1260.368313 -1335.882467 -1400.184379 -1452.443724 -1493.187489 -1523.860057 -1546.297909 -1562.333046 -1573.576185 -1581.338123 -1586.630458 -1590.203918 -1592.599099 -1594.196580 -1595.261811 -1595.987800 -1596.564065 -1597.422230 -1600.205071 -1610.236745 -1637.088968 -1646.747463 -2761.524920 -2471.327988 -2309.341408 -2240.675411 -2232.038415 -2231.170984 -2231.262203 -2231.489221 -2231.732374 -2231.965805 -2232.181833 -2232.381613 -2232.607749 -2233.282756 -2238.090037 -2272.700648 -2354.889202 -2470.287448 -1492.123794 -1602.703210 -1602.985843 -1598.848694 -1597.708755 -1597.495733 -1597.461276 -1597.456405 -1597.456306 -1597.456902 -1597.457490 -1597.457963 -1597.458328 -1597.458610 -1597.458830 -1597.459006 -1597.459150 -1597.459272 -1597.459382 -1597.459490 -1597.459610 -1597.459761 -1597.459967 -1597.460271 -1597.460734 -1597.461461 -1597.462623 -1597.464514 -1597.467653 -1597.472987 -1597.482304 -1597.499069 -1597.530157 -1597.589470 -1597.705849 -1597.941876 -1598.442849 -1599.573615 -1602.329114 -1609.770746 -1633.380495 -9999.0 -9999.0
-9999.0 -9999.0 575.015704 478.065791 380.304214 282.090544 183.676005 85.176414 -13.348825 -111.866822 -210.361805 -308.797261 -407.104050 -505.129750 -602.640400 -699.364667 -796.435824 -893.138155 -989.451850 -1085.330268 -1175.857940 -1260.368313 -1335.882466 -1400.184379 -1452.443723 -1493.187488 -1523.860057 -1546.297909 -1562.333046 -1573.576185 -1581.338123 -1586.630458 -1590.203918 -1592.599099 -1594.196580 -1595.261811 -1595.987800 -1596.564065 -1597.422230 -1600.205071 -1610.236745 -1637.088968 -1646.747463 -2761.524920 -2471.327989 -2309.341410 -2240.675411 -2232.038415 -2231.170984 -2231.262203 -2231.489221 -2231.732374 -2231.965805 -2232.181833 -2232.381613 -2232.607749 -2233.282756 -2238.090037 -2272.700648 -2354.889202 -2470.287448 -1492.123794 -1602.703210 -1602.985843 -1598.848694 -1597.708755 -1597.495733 -1597.461276 -1597.456405 -1597.456306 -1597.456902 -1597.457490 -1597.457963 -1597.458328 -1597.458610 -1597.458830 -1597.459006 -1597.459150 -1597.459272 -1597.459382 -1597.459490 -1597.459610 -1597.459761 -1597.459967 -1597.460271 -1597.460734 -1597.461461 -1597.462623 -1597.464514 -1597.467653 -1597.472987 -1597.482304 -1597.499069 -1597.530157 -1597.589470 -1597.705849 -1597.941876 -1598.442849 -1599.573615 -1602.329114 -1609.770746 -1633.380495 -9999.0 -9999.0
-9999.0 -9999.0 575.010291 478.064162 380.303744 282.090400 183.675958 85.176398 -13.348831 -111.866825 -210.361805 -308.797261 -407.104050 -505.129750 -602.640400 -699.364667 -796.435824 -893.138154 -989.451850 -1085.330267 -1175.857940 -1260.368313 -1335.882466 -1400.184378 -1452.443723 -1493.187488 -1523.860057 -1546.297908 -1562.333045 -1573.576185 -1581.338123 -1586.630458 -1590.203918 -1592.599099 -1594.196580 -1595.261811 -1595.987800 -1596.564065 -1597.422230 -1600.205071 -1610.236745 -1637.088968 -1646.747463 -2761.524922 -2471.327991 -2309.341414 -2240.675411 -2232.038415 -2231.170984 -2231.262203 -2231.489221 -2231.732374 -2231.965805 -2232.181833 -2232.381613 -2232.607749 -2233.282756 -2238.090037 -2272.700648 -2354.889202 -2470.287448 -1492.123794 -1602.703210 -1602.985843 -1598.848694 -1597.708755 -1597.495733 -1597.461276 -1597.456405 -1597.456306 -1597.456902 -1597.457490 -1597.457963 -1597.458328 -1597.458610 -1597.458830 -1597.459006 -1597.459150 -1597.459272 -1597.459382 -1597.459490 -1597.459610 -1597.459761 -1597.459967 -1597.460271 -1597.460734 -1597.461461 -1597.462623 -1597.464514 -1597.467653 -1597.472987 -1597.482304 -1597.499069 -1597.530157 -1597.589470 -1597.705849 -1597.941876 -1598.442849 -1599.573615 -1602.329114 -1609.770746 -1633.380495 -9999.0 -9999.0
-9999.0 -9999.0 -9999.0 -9999.0 -9999.0 -9999.0 -9999.0 -9999.0 -9999.0 -9999.0 -9999.0 -9999.0 -9999.0 -9999.0 -9999.0 -9999.0 -9999.0 -9999.0 -9999.0 -9999.0 -9999.0 -9999.0 -9999.0 -9999.0 -9999.0 -9999.0 -9999.0 -9999.0 -9999.0 -9999.0 -9999.0 -9999.0 -9999.0 -9999.0 -9999.0 -9999.0 -9999.0 -9999.0 -9999.0 -9999.0 -9999.0 -9999.0 -9999.0 -9999.0 -9999.0 -9999.0 -9999.0 -9999.0 -9999.0 -9999.0 -9999.0 -9999.0 -9999.0 -9999.0 -9999.0 -9999.0 -9999.0 -9999.0 -9999.0 -9999.0 -9999.0 -9999.0 -9999.0 -9999.0 -9999.0 -9999.0 -9999.0 -9999.0 -9999.0 -9999.0 -9999.0 -9999.0 -9999.0 -9999.0 -9999.0 -9999.0 -9999.0 -9999.0 -9999.0 -9999.0 -9999.0 -9999.0 -9999.0 -9999.0 -9999.0 -9999.0 -9999.0 -9999.0 -9999.0 -9999.0 -9999.0 -9999.0 -9999.0 -9999.0 -9999.0 -9999.0 -9999.0 -9999.0 -9999.0 -9999.0 -9999.0 -9999.0 -9999.0 -9999.0
-9999.0 -9999.0 -9999.0 -9999.0 -9999.0 -9999.0 -9999.0 -9999.0 -9999.0 -9999.0 -9999.0 -9999.0 -9999.0 -9999.0 -9999.0 -9999.0 -9999.0 -9999.0 -9999.0 -9999.0 -9999.0 -9999.0 -9999.0 -9999.0 -9999.0 -9999.0 -9999.0 -9999.0 -9999.0 -9999.0 -9999.0 -9999.0 -9999.0 -9999.0 -9999.0 -9999.0 -9999.0 -9999.0 -9999.0 -9999.0 -9999.0 -9999.0 -9999.0 -9999.0 -9999.0 -9999.0 -9999.0 -9999.0 -9999.0 -9999.0 -9999.0 -9999.0 -9999.0 -9999.0 -9999.0 -9999.0 -9999.0 -9999.0 -9999.0 -9999.0 -9999.0 -9999.0 -9999.0 -9999.0 -9999.0 -9999.0 -9999.0 -9999.0 -9999.0 -9999.0 -9999.0 -9999.0 -9999.0 -9999.0 -9999.0 -9999.0 -9999.0 -9999.0 -9999.0 -9999.0 -9999.0 -9999.0 -9999.0 -9999.0 -9999.0 -9999.0 -9999.0 -9999.0 -9999.0 -9999.0 -9999.0 -9999.0 -9999.0 -9999.0 -9999.0 -9999.0 -9999.0 -9999.0 -9999.0 -9999.0 -9999.0 -9999.0 -9999.0 -9999.0