inst/processing_geotop_simulation/geotop_simulation/out/maps3D/PwL0016N0138.asc
ncols         104
nrows         10
xllcorner     -2.000000
yllcorner     0.000000
cellsize      1.000000
NODATA_value  -9999.0
-9999.0 -9999.0 -9999.0 -9999.0 -9999.0 -9999.0 -9999.0 -9999.0 -9999.0 -9999.0 -9999.0 -9999.0 -9999.0 -9999.0 -9999.0 -9999.0 -9999.0 -9999.0 -9999.0 -9999.0 -9999.0 -9999.0 -9999.0 -9999.0 -9999.0 -9999.0 -9999.0 -9999.0 -9999.0 -9999.0 -9999.0 -9999.0 -9999.0 -9999.0 -9999.0 -9999.0 -9999.0 -9999.0 -9999.0 -9999.0 -9999.0 -9999.0 -9999.0 -9999.0 -9999.0 -9999.0 -9999.0 -9999.0 -9999.0 -9999.0 -9999.0 -9999.0 -9999.0 -9999.0 -9999.0 -9999.0 -9999.0 -9999.0 -9999.0 -9999.0 -9999.0 -9999.0 -9999.0 -9999.0 -9999.0 -9999.0 -9999.0 -9999.0 -9999.0 -9999.0 -9999.0 -9999.0 -9999.0 -9999.0 -9999.0 -9999.0 -9999.0 -9999.0 -9999.0 -9999.0 -9999.0 -9999.0 -9999.0 -9999.0 -9999.0 -9999.0 -9999.0 -9999.0 -9999.0 -9999.0 -9999.0 -9999.0 -9999.0 -9999.0 -9999.0 -9999.0 -9999.0 -9999.0 -9999.0 -9999.0 -9999.0 -9999.0 -9999.0 -9999.0
-9999.0 -9999.0 -9999.0 -9999.0 -9999.0 -9999.0 -9999.0 -9999.0 -9999.0 -9999.0 -9999.0 -9999.0 -9999.0 -9999.0 -9999.0 -9999.0 -9999.0 -9999.0 -9999.0 -9999.0 -9999.0 -9999.0 -9999.0 -9999.0 -9999.0 -9999.0 -9999.0 -9999.0 -9999.0 -9999.0 -9999.0 -9999.0 -9999.0 -9999.0 -9999.0 -9999.0 -9999.0 -9999.0 -9999.0 -9999.0 -9999.0 -9999.0 -9999.0 -9999.0 -9999.0 -9999.0 -9999.0 -9999.0 -9999.0 -9999.0 -9999.0 -9999.0 -9999.0 -9999.0 -9999.0 -9999.0 -9999.0 -9999.0 -9999.0 -9999.0 -9999.0 -9999.0 -9999.0 -9999.0 -9999.0 -9999.0 -9999.0 -9999.0 -9999.0 -9999.0 -9999.0 -9999.0 -9999.0 -9999.0 -9999.0 -9999.0 -9999.0 -9999.0 -9999.0 -9999.0 -9999.0 -9999.0 -9999.0 -9999.0 -9999.0 -9999.0 -9999.0 -9999.0 -9999.0 -9999.0 -9999.0 -9999.0 -9999.0 -9999.0 -9999.0 -9999.0 -9999.0 -9999.0 -9999.0 -9999.0 -9999.0 -9999.0 -9999.0 -9999.0
-9999.0 -9999.0 787.123947 694.776560 601.186056 506.530797 411.346587 315.928760 220.430184 124.931722 29.479385 -65.884009 -161.144724 -256.246248 -351.127286 -445.687485 -539.806722 -633.131707 -725.816076 -817.060249 -906.517747 -993.764088 -1064.124242 -1120.117828 -1161.842300 -1191.235078 -1211.046762 -1223.959717 -1232.160490 -1237.260553 -1240.380249 -1242.265165 -1243.395131 -1244.070632 -1244.475539 -1244.722640 -1244.888345 -1245.051402 -1245.441750 -1247.489636 -1259.855685 -1344.704455 -2050.822699 -4166.967821 -4183.167690 -4183.168317 -4183.168317 -4183.168317 -4183.168317 -4183.168317 -4183.168317 -4183.168317 -4183.168317 -4183.168316 -4183.168316 -4183.168315 -4183.168313 -4183.168308 -4183.168292 -4183.167031 -4156.709952 -1931.426725 -1312.274185 -1254.471344 -1246.528424 -1245.452891 -1245.305201 -1245.283197 -1245.280638 -1245.281419 -1245.282603 -1245.283627 -1245.284422 -1245.285028 -1245.285491 -1245.285851 -1245.286136 -1245.286366 -1245.286558 -1245.286728 -1245.286894 -1245.287078 -1245.287308 -1245.287626 -1245.288095 -1245.288816 -1245.289949 -1245.291759 -1245.294696 -1245.299542 -1245.307708 -1245.321824 -1245.346948 -1245.393037 -1245.479991 -1245.648190 -1245.981964 -1246.668410 -1248.161088 -1251.648999 -1260.428331 -1285.169943 -9999.0 -9999.0
-9999.0 -9999.0 787.128429 694.778114 601.186538 506.530950 411.346638 315.928777 220.430190 124.931724 29.479386 -65.884008 -161.144724 -256.246248 -351.127287 -445.687485 -539.806722 -633.131707 -725.816076 -817.060249 -906.517747 -993.764088 -1064.124242 -1120.117828 -1161.842300 -1191.235078 -1211.046762 -1223.959717 -1232.160491 -1237.260553 -1240.380249 -1242.265165 -1243.395131 -1244.070632 -1244.475539 -1244.722640 -1244.888345 -1245.051402 -1245.441750 -1247.489636 -1259.855685 -1344.704455 -2050.822698 -4166.967821 -4183.167690 -4183.168317 -4183.168317 -4183.168317 -4183.168317 -4183.168317 -4183.168317 -4183.168317 -4183.168317 -4183.168316 -4183.168316 -4183.168315 -4183.168313 -4183.168308 -4183.168292 -4183.167031 -4156.709952 -1931.426725 -1312.274185 -1254.471344 -1246.528424 -1245.452891 -1245.305201 -1245.283197 -1245.280638 -1245.281419 -1245.282603 -1245.283627 -1245.284422 -1245.285028 -1245.285491 -1245.285851 -1245.286136 -1245.286366 -1245.286558 -1245.286728 -1245.286894 -1245.287078 -1245.287308 -1245.287626 -1245.288095 -1245.288816 -1245.289949 -1245.291759 -1245.294696 -1245.299542 -1245.307708 -1245.321824 -1245.346948 -1245.393037 -1245.479991 -1245.648190 -1245.981964 -1246.668410 -1248.161088 -1251.648999 -1260.428331 -1285.169943 -9999.0 -9999.0
-9999.0 -9999.0 787.129910 694.778896 601.186862 506.531073 411.346682 315.928793 220.430196 124.931726 29.479387 -65.884008 -161.144724 -256.246248 -351.127287 -445.687485 -539.806722 -633.131707 -725.816077 -817.060249 -906.517747 -993.764088 -1064.124243 -1120.117828 -1161.842300 -1191.235078 -1211.046762 -1223.959717 -1232.160491 -1237.260553 -1240.380249 -1242.265165 -1243.395131 -1244.070632 -1244.475539 -1244.722640 -1244.888345 -1245.051402 -1245.441750 -1247.489636 -1259.855685 -1344.704455 -2050.822698 -4166.967821 -4183.167690 -4183.168317 -4183.168317 -4183.168317 -4183.168317 -4183.168317 -4183.168317 -4183.168317 -4183.168317 -4183.168316 -4183.168316 -4183.168315 -4183.168313 -4183.168308 -4183.168292 -4183.167031 -4156.709952 -1931.426725 -1312.274185 -1254.471344 -1246.528424 -1245.452891 -1245.305201 -1245.283197 -1245.280638 -1245.281419 -1245.282603 -1245.283627 -1245.284422 -1245.285028 -1245.285491 -1245.285851 -1245.286136 -1245.286366 -1245.286558 -1245.286728 -1245.286894 -1245.287078 -1245.287308 -1245.287626 -1245.288095 -1245.288816 -1245.289949 -1245.291759 -1245.294696 -1245.299542 -1245.307708 -1245.321824 -1245.346948 -1245.393037 -1245.479991 -1245.648190 -1245.981964 -1246.668410 -1248.161088 -1251.648999 -1260.428331 -1285.169943 -9999.0 -9999.0
-9999.0 -9999.0 787.129910 694.778896 601.186862 506.531073 411.346682 315.928793 220.430196 124.931726 29.479387 -65.884008 -161.144724 -256.246248 -351.127287 -445.687485 -539.806722 -633.131707 -725.816077 -817.060249 -906.517747 -993.764088 -1064.124243 -1120.117828 -1161.842300 -1191.235078 -1211.046762 -1223.959717 -1232.160491 -1237.260553 -1240.380249 -1242.265165 -1243.395131 -1244.070632 -1244.475539 -1244.722640 -1244.888345 -1245.051402 -1245.441750 -1247.489636 -1259.855685 -1344.704455 -2050.822698 -4166.967821 -4183.167690 -4183.168317 -4183.168317 -4183.168317 -4183.168317 -4183.168317 -4183.168317 -4183.168317 -4183.168317 -4183.168316 -4183.168316 -4183.168315 -4183.168313 -4183.168308 -4183.168292 -4183.167031 -4156.709952 -1931.426725 -1312.274185 -1254.471344 -1246.528424 -1245.452891 -1245.305201 -1245.283197 -1245.280638 -1245.281419 -1245.282603 -1245.283627 -1245.284422 -1245.285028 -1245.285491 -1245.285851 -1245.286136 -1245.286366 -1245.286558 -1245.286728 -1245.286894 -1245.287078 -1245.287308 -1245.287626 -1245.288095 -1245.288816 -1245.289949 -1245.291759 -1245.294696 -1245.299542 -1245.307708 -1245.321824 -1245.346948 -1245.393037 -1245.479991 -1245.648190 -1245.981964 -1246.668410 -1248.161088 -1251.648999 -1260.428331 -1285.169943 -9999.0 -9999.0
-9999.0 -9999.0 787.128429 694.778114 601.186538 506.530950 411.346638 315.928777 220.430190 124.931724 29.479386 -65.884008 -161.144724 -256.246248 -351.127287 -445.687485 -539.806722 -633.131707 -725.816076 -817.060249 -906.517747 -993.764088 -1064.124242 -1120.117828 -1161.842300 -1191.235078 -1211.046762 -1223.959717 -1232.160491 -1237.260553 -1240.380249 -1242.265165 -1243.395131 -1244.070632 -1244.475539 -1244.722640 -1244.888345 -1245.051402 -1245.441750 -1247.489636 -1259.855685 -1344.704455 -2050.822698 -4166.967821 -4183.167690 -4183.168317 -4183.168317 -4183.168317 -4183.168317 -4183.168317 -4183.168317 -4183.168317 -4183.168317 -4183.168316 -4183.168316 -4183.168315 -4183.168313 -4183.168308 -4183.168292 -4183.167031 -4156.709952 -1931.426725 -1312.274185 -1254.471344 -1246.528424 -1245.452891 -1245.305201 -1245.283197 -1245.280638 -1245.281419 -1245.282603 -1245.283627 -1245.284422 -1245.285028 -1245.285491 -1245.285851 -1245.286136 -1245.286366 -1245.286558 -1245.286728 -1245.286894 -1245.287078 -1245.287308 -1245.287626 -1245.288095 -1245.288816 -1245.289949 -1245.291759 -1245.294696 -1245.299542 -1245.307708 -1245.321824 -1245.346948 -1245.393037 -1245.479991 -1245.648190 -1245.981964 -1246.668410 -1248.161088 -1251.648999 -1260.428331 -1285.169943 -9999.0 -9999.0
-9999.0 -9999.0 787.123947 694.776560 601.186056 506.530798 411.346587 315.928760 220.430184 124.931722 29.479385 -65.884008 -161.144724 -256.246248 -351.127287 -445.687485 -539.806722 -633.131707 -725.816076 -817.060249 -906.517747 -993.764088 -1064.124242 -1120.117828 -1161.842300 -1191.235078 -1211.046762 -1223.959717 -1232.160490 -1237.260553 -1240.380249 -1242.265165 -1243.395131 -1244.070632 -1244.475539 -1244.722640 -1244.888345 -1245.051402 -1245.441750 -1247.489636 -1259.855685 -1344.704455 -2050.822699 -4166.967821 -4183.167690 -4183.168317 -4183.168317 -4183.168317 -4183.168317 -4183.168317 -4183.168317 -4183.168317 -4183.168317 -4183.168316 -4183.168316 -4183.168315 -4183.168313 -4183.168308 -4183.168292 -4183.167031 -4156.709952 -1931.426725 -1312.274185 -1254.471344 -1246.528424 -1245.452891 -1245.305201 -1245.283197 -1245.280638 -1245.281419 -1245.282603 -1245.283627 -1245.284422 -1245.285028 -1245.285491 -1245.285851 -1245.286136 -1245.286366 -1245.286558 -1245.286728 -1245.286894 -1245.287078 -1245.287308 -1245.287626 -1245.288095 -1245.288816 -1245.289949 -1245.291759 -1245.294696 -1245.299542 -1245.307708 -1245.321824 -1245.346948 -1245.393037 -1245.479991 -1245.648190 -1245.981964 -1246.668410 -1248.161088 -1251.648999 -1260.428331 -1285.169943 -9999.0 -9999.0
-9999.0 -9999.0 -9999.0 -9999.0 -9999.0 -9999.0 -9999.0 -9999.0 -9999.0 -9999.0 -9999.0 -9999.0 -9999.0 -9999.0 -9999.0 -9999.0 -9999.0 -9999.0 -9999.0 -9999.0 -9999.0 -9999.0 -9999.0 -9999.0 -9999.0 -9999.0 -9999.0 -9999.0 -9999.0 -9999.0 -9999.0 -9999.0 -9999.0 -9999.0 -9999.0 -9999.0 -9999.0 -9999.0 -9999.0 -9999.0 -9999.0 -9999.0 -9999.0 -9999.0 -9999.0 -9999.0 -9999.0 -9999.0 -9999.0 -9999.0 -9999.0 -9999.0 -9999.0 -9999.0 -9999.0 -9999.0 -9999.0 -9999.0 -9999.0 -9999.0 -9999.0 -9999.0 -9999.0 -9999.0 -9999.0 -9999.0 -9999.0 -9999.0 -9999.0 -9999.0 -9999.0 -9999.0 -9999.0 -9999.0 -9999.0 -9999.0 -9999.0 -9999.0 -9999.0 -9999.0 -9999.0 -9999.0 -9999.0 -9999.0 -9999.0 -9999.0 -9999.0 -9999.0 -9999.0 -9999.0 -9999.0 -9999.0 -9999.0 -9999.0 -9999.0 -9999.0 -9999.0 -9999.0 -9999.0 -9999.0 -9999.0 -9999.0 -9999.0 -9999.0
-9999.0 -9999.0 -9999.0 -9999.0 -9999.0 -9999.0 -9999.0 -9999.0 -9999.0 -9999.0 -9999.0 -9999.0 -9999.0 -9999.0 -9999.0 -9999.0 -9999.0 -9999.0 -9999.0 -9999.0 -9999.0 -9999.0 -9999.0 -9999.0 -9999.0 -9999.0 -9999.0 -9999.0 -9999.0 -9999.0 -9999.0 -9999.0 -9999.0 -9999.0 -9999.0 -9999.0 -9999.0 -9999.0 -9999.0 -9999.0 -9999.0 -9999.0 -9999.0 -9999.0 -9999.0 -9999.0 -9999.0 -9999.0 -9999.0 -9999.0 -9999.0 -9999.0 -9999.0 -9999.0 -9999.0 -9999.0 -9999.0 -9999.0 -9999.0 -9999.0 -9999.0 -9999.0 -9999.0 -9999.0 -9999.0 -9999.0 -9999.0 -9999.0 -9999.0 -9999.0 -9999.0 -9999.0 -9999.0 -9999.0 -9999.0 -9999.0 -9999.0 -9999.0 -9999.0 -9999.0 -9999.0 -9999.0 -9999.0 -9999.0 -9999.0 -9999.0 -9999.0 -9999.0 -9999.0 -9999.0 -9999.0 -9999.0 -9999.0 -9999.0 -9999.0 -9999.0 -9999.0 -9999.0 -9999.0 -9999.0 -9999.0 -9999.0 -9999.0 -9999.0