inst/processing_geotop_simulation/geotop_simulation/out/maps3D/PwL0007N0229.asc
ncols         104
nrows         10
xllcorner     -2.000000
yllcorner     0.000000
cellsize      1.000000
NODATA_value  -9999.0
-9999.0 -9999.0 -9999.0 -9999.0 -9999.0 -9999.0 -9999.0 -9999.0 -9999.0 -9999.0 -9999.0 -9999.0 -9999.0 -9999.0 -9999.0 -9999.0 -9999.0 -9999.0 -9999.0 -9999.0 -9999.0 -9999.0 -9999.0 -9999.0 -9999.0 -9999.0 -9999.0 -9999.0 -9999.0 -9999.0 -9999.0 -9999.0 -9999.0 -9999.0 -9999.0 -9999.0 -9999.0 -9999.0 -9999.0 -9999.0 -9999.0 -9999.0 -9999.0 -9999.0 -9999.0 -9999.0 -9999.0 -9999.0 -9999.0 -9999.0 -9999.0 -9999.0 -9999.0 -9999.0 -9999.0 -9999.0 -9999.0 -9999.0 -9999.0 -9999.0 -9999.0 -9999.0 -9999.0 -9999.0 -9999.0 -9999.0 -9999.0 -9999.0 -9999.0 -9999.0 -9999.0 -9999.0 -9999.0 -9999.0 -9999.0 -9999.0 -9999.0 -9999.0 -9999.0 -9999.0 -9999.0 -9999.0 -9999.0 -9999.0 -9999.0 -9999.0 -9999.0 -9999.0 -9999.0 -9999.0 -9999.0 -9999.0 -9999.0 -9999.0 -9999.0 -9999.0 -9999.0 -9999.0 -9999.0 -9999.0 -9999.0 -9999.0 -9999.0 -9999.0
-9999.0 -9999.0 -9999.0 -9999.0 -9999.0 -9999.0 -9999.0 -9999.0 -9999.0 -9999.0 -9999.0 -9999.0 -9999.0 -9999.0 -9999.0 -9999.0 -9999.0 -9999.0 -9999.0 -9999.0 -9999.0 -9999.0 -9999.0 -9999.0 -9999.0 -9999.0 -9999.0 -9999.0 -9999.0 -9999.0 -9999.0 -9999.0 -9999.0 -9999.0 -9999.0 -9999.0 -9999.0 -9999.0 -9999.0 -9999.0 -9999.0 -9999.0 -9999.0 -9999.0 -9999.0 -9999.0 -9999.0 -9999.0 -9999.0 -9999.0 -9999.0 -9999.0 -9999.0 -9999.0 -9999.0 -9999.0 -9999.0 -9999.0 -9999.0 -9999.0 -9999.0 -9999.0 -9999.0 -9999.0 -9999.0 -9999.0 -9999.0 -9999.0 -9999.0 -9999.0 -9999.0 -9999.0 -9999.0 -9999.0 -9999.0 -9999.0 -9999.0 -9999.0 -9999.0 -9999.0 -9999.0 -9999.0 -9999.0 -9999.0 -9999.0 -9999.0 -9999.0 -9999.0 -9999.0 -9999.0 -9999.0 -9999.0 -9999.0 -9999.0 -9999.0 -9999.0 -9999.0 -9999.0 -9999.0 -9999.0 -9999.0 -9999.0 -9999.0 -9999.0
-9999.0 -9999.0 327.686747 232.783524 135.880071 38.241614 -59.682515 -157.723390 -255.793405 -353.823259 -451.732845 -549.342086 -646.268362 -742.423646 -838.512834 -934.499782 -1030.238166 -1124.678057 -1216.197199 -1304.147287 -1384.866585 -1454.303368 -1510.269331 -1552.980210 -1584.267995 -1606.546041 -1622.108316 -1632.831297 -1640.136599 -1645.061686 -1648.349868 -1650.526220 -1651.956354 -1652.890981 -1653.499756 -1653.898055 -1654.171743 -1654.420701 -1654.947594 -1657.131570 -1665.383849 -1670.439071 -1153.951471 -1202.460745 -1176.960490 -1160.938944 -1153.520090 -1152.487440 -1152.381064 -1152.392832 -1152.421653 -1152.452541 -1152.482204 -1152.509662 -1152.535080 -1152.564060 -1152.650987 -1153.248734 -1157.119035 -1165.861097 -1178.587856 -1114.499527 -1643.576007 -1659.447485 -1655.912159 -1654.926571 -1654.754153 -1654.727218 -1654.723620 -1654.723832 -1654.724577 -1654.725262 -1654.725803 -1654.726217 -1654.726534 -1654.726780 -1654.726975 -1654.727133 -1654.727265 -1654.727383 -1654.727498 -1654.727627 -1654.727789 -1654.728015 -1654.728348 -1654.728861 -1654.729668 -1654.730960 -1654.733063 -1654.736547 -1654.742448 -1654.752709 -1654.771088 -1654.804995 -1654.869299 -1654.994361 -1655.244319 -1655.763151 -1656.901616 -1659.596143 -1666.702258 -1689.211931 -9999.0 -9999.0
-9999.0 -9999.0 327.694893 232.785499 135.880595 38.241769 -59.682466 -157.723374 -255.793400 -353.823257 -451.732844 -549.342085 -646.268362 -742.423646 -838.512834 -934.499782 -1030.238166 -1124.678057 -1216.197200 -1304.147287 -1384.866585 -1454.303368 -1510.269331 -1552.980210 -1584.267995 -1606.546041 -1622.108316 -1632.831297 -1640.136599 -1645.061686 -1648.349868 -1650.526220 -1651.956354 -1652.890981 -1653.499756 -1653.898055 -1654.171743 -1654.420701 -1654.947594 -1657.131570 -1665.383849 -1670.439071 -1153.951471 -1202.460745 -1176.960490 -1160.938944 -1153.520090 -1152.487440 -1152.381064 -1152.392832 -1152.421653 -1152.452541 -1152.482204 -1152.509662 -1152.535080 -1152.564060 -1152.650987 -1153.248734 -1157.119035 -1165.861097 -1178.587856 -1114.499527 -1643.576007 -1659.447485 -1655.912159 -1654.926571 -1654.754153 -1654.727218 -1654.723620 -1654.723832 -1654.724577 -1654.725262 -1654.725803 -1654.726217 -1654.726534 -1654.726780 -1654.726975 -1654.727133 -1654.727265 -1654.727383 -1654.727498 -1654.727627 -1654.727789 -1654.728015 -1654.728348 -1654.728861 -1654.729668 -1654.730960 -1654.733063 -1654.736547 -1654.742448 -1654.752709 -1654.771088 -1654.804995 -1654.869299 -1654.994361 -1655.244319 -1655.763151 -1656.901616 -1659.596143 -1666.702258 -1689.211931 -9999.0 -9999.0
-9999.0 -9999.0 327.696435 232.786337 135.880929 38.241891 -59.682423 -157.723358 -255.793394 -353.823255 -451.732843 -549.342085 -646.268361 -742.423646 -838.512834 -934.499782 -1030.238166 -1124.678057 -1216.197200 -1304.147287 -1384.866585 -1454.303368 -1510.269331 -1552.980210 -1584.267995 -1606.546041 -1622.108317 -1632.831297 -1640.136599 -1645.061686 -1648.349868 -1650.526220 -1651.956354 -1652.890981 -1653.499756 -1653.898055 -1654.171743 -1654.420701 -1654.947594 -1657.131570 -1665.383849 -1670.439071 -1153.951471 -1202.460745 -1176.960490 -1160.938943 -1153.520090 -1152.487440 -1152.381064 -1152.392832 -1152.421653 -1152.452541 -1152.482204 -1152.509662 -1152.535080 -1152.564060 -1152.650987 -1153.248734 -1157.119035 -1165.861097 -1178.587856 -1114.499527 -1643.576007 -1659.447485 -1655.912159 -1654.926571 -1654.754153 -1654.727218 -1654.723620 -1654.723832 -1654.724577 -1654.725262 -1654.725803 -1654.726217 -1654.726534 -1654.726780 -1654.726975 -1654.727133 -1654.727265 -1654.727383 -1654.727498 -1654.727627 -1654.727789 -1654.728015 -1654.728348 -1654.728861 -1654.729668 -1654.730960 -1654.733063 -1654.736547 -1654.742448 -1654.752709 -1654.771088 -1654.804995 -1654.869299 -1654.994361 -1655.244319 -1655.763151 -1656.901616 -1659.596143 -1666.702258 -1689.211931 -9999.0 -9999.0
-9999.0 -9999.0 327.696435 232.786337 135.880929 38.241891 -59.682423 -157.723358 -255.793394 -353.823255 -451.732843 -549.342085 -646.268362 -742.423646 -838.512834 -934.499782 -1030.238166 -1124.678057 -1216.197200 -1304.147287 -1384.866585 -1454.303368 -1510.269331 -1552.980210 -1584.267995 -1606.546041 -1622.108317 -1632.831297 -1640.136599 -1645.061686 -1648.349868 -1650.526220 -1651.956354 -1652.890981 -1653.499756 -1653.898055 -1654.171743 -1654.420701 -1654.947594 -1657.131570 -1665.383849 -1670.439071 -1153.951471 -1202.460745 -1176.960490 -1160.938943 -1153.520090 -1152.487440 -1152.381064 -1152.392832 -1152.421653 -1152.452541 -1152.482204 -1152.509662 -1152.535080 -1152.564060 -1152.650987 -1153.248734 -1157.119035 -1165.861097 -1178.587856 -1114.499527 -1643.576007 -1659.447485 -1655.912159 -1654.926571 -1654.754153 -1654.727218 -1654.723620 -1654.723832 -1654.724577 -1654.725262 -1654.725803 -1654.726217 -1654.726534 -1654.726780 -1654.726975 -1654.727133 -1654.727265 -1654.727383 -1654.727498 -1654.727627 -1654.727789 -1654.728015 -1654.728348 -1654.728861 -1654.729668 -1654.730960 -1654.733063 -1654.736547 -1654.742448 -1654.752709 -1654.771088 -1654.804995 -1654.869299 -1654.994361 -1655.244319 -1655.763151 -1656.901616 -1659.596143 -1666.702258 -1689.211931 -9999.0 -9999.0
-9999.0 -9999.0 327.694893 232.785499 135.880595 38.241769 -59.682466 -157.723374 -255.793400 -353.823257 -451.732844 -549.342085 -646.268362 -742.423646 -838.512834 -934.499782 -1030.238166 -1124.678057 -1216.197199 -1304.147287 -1384.866585 -1454.303368 -1510.269331 -1552.980210 -1584.267995 -1606.546041 -1622.108316 -1632.831297 -1640.136599 -1645.061686 -1648.349868 -1650.526220 -1651.956354 -1652.890981 -1653.499756 -1653.898055 -1654.171743 -1654.420701 -1654.947594 -1657.131570 -1665.383849 -1670.439071 -1153.951471 -1202.460745 -1176.960490 -1160.938944 -1153.520090 -1152.487440 -1152.381064 -1152.392832 -1152.421653 -1152.452541 -1152.482204 -1152.509662 -1152.535080 -1152.564060 -1152.650987 -1153.248734 -1157.119035 -1165.861097 -1178.587856 -1114.499527 -1643.576007 -1659.447485 -1655.912159 -1654.926571 -1654.754153 -1654.727218 -1654.723620 -1654.723832 -1654.724577 -1654.725262 -1654.725803 -1654.726217 -1654.726534 -1654.726780 -1654.726975 -1654.727133 -1654.727265 -1654.727383 -1654.727498 -1654.727627 -1654.727789 -1654.728015 -1654.728348 -1654.728861 -1654.729668 -1654.730960 -1654.733063 -1654.736547 -1654.742448 -1654.752709 -1654.771088 -1654.804995 -1654.869299 -1654.994361 -1655.244319 -1655.763151 -1656.901616 -1659.596143 -1666.702258 -1689.211931 -9999.0 -9999.0
-9999.0 -9999.0 327.686747 232.783524 135.880071 38.241614 -59.682515 -157.723390 -255.793406 -353.823259 -451.732845 -549.342086 -646.268362 -742.423646 -838.512834 -934.499782 -1030.238166 -1124.678057 -1216.197199 -1304.147287 -1384.866585 -1454.303368 -1510.269331 -1552.980210 -1584.267995 -1606.546041 -1622.108316 -1632.831297 -1640.136599 -1645.061686 -1648.349868 -1650.526220 -1651.956354 -1652.890981 -1653.499756 -1653.898055 -1654.171743 -1654.420701 -1654.947594 -1657.131570 -1665.383849 -1670.439071 -1153.951471 -1202.460745 -1176.960490 -1160.938944 -1153.520090 -1152.487440 -1152.381064 -1152.392832 -1152.421653 -1152.452541 -1152.482204 -1152.509662 -1152.535080 -1152.564060 -1152.650987 -1153.248734 -1157.119035 -1165.861097 -1178.587856 -1114.499527 -1643.576007 -1659.447485 -1655.912159 -1654.926571 -1654.754153 -1654.727218 -1654.723620 -1654.723832 -1654.724577 -1654.725262 -1654.725803 -1654.726217 -1654.726534 -1654.726780 -1654.726975 -1654.727133 -1654.727265 -1654.727383 -1654.727498 -1654.727627 -1654.727789 -1654.728015 -1654.728348 -1654.728861 -1654.729668 -1654.730960 -1654.733063 -1654.736547 -1654.742448 -1654.752709 -1654.771088 -1654.804995 -1654.869299 -1654.994361 -1655.244319 -1655.763151 -1656.901616 -1659.596143 -1666.702258 -1689.211931 -9999.0 -9999.0
-9999.0 -9999.0 -9999.0 -9999.0 -9999.0 -9999.0 -9999.0 -9999.0 -9999.0 -9999.0 -9999.0 -9999.0 -9999.0 -9999.0 -9999.0 -9999.0 -9999.0 -9999.0 -9999.0 -9999.0 -9999.0 -9999.0 -9999.0 -9999.0 -9999.0 -9999.0 -9999.0 -9999.0 -9999.0 -9999.0 -9999.0 -9999.0 -9999.0 -9999.0 -9999.0 -9999.0 -9999.0 -9999.0 -9999.0 -9999.0 -9999.0 -9999.0 -9999.0 -9999.0 -9999.0 -9999.0 -9999.0 -9999.0 -9999.0 -9999.0 -9999.0 -9999.0 -9999.0 -9999.0 -9999.0 -9999.0 -9999.0 -9999.0 -9999.0 -9999.0 -9999.0 -9999.0 -9999.0 -9999.0 -9999.0 -9999.0 -9999.0 -9999.0 -9999.0 -9999.0 -9999.0 -9999.0 -9999.0 -9999.0 -9999.0 -9999.0 -9999.0 -9999.0 -9999.0 -9999.0 -9999.0 -9999.0 -9999.0 -9999.0 -9999.0 -9999.0 -9999.0 -9999.0 -9999.0 -9999.0 -9999.0 -9999.0 -9999.0 -9999.0 -9999.0 -9999.0 -9999.0 -9999.0 -9999.0 -9999.0 -9999.0 -9999.0 -9999.0 -9999.0
-9999.0 -9999.0 -9999.0 -9999.0 -9999.0 -9999.0 -9999.0 -9999.0 -9999.0 -9999.0 -9999.0 -9999.0 -9999.0 -9999.0 -9999.0 -9999.0 -9999.0 -9999.0 -9999.0 -9999.0 -9999.0 -9999.0 -9999.0 -9999.0 -9999.0 -9999.0 -9999.0 -9999.0 -9999.0 -9999.0 -9999.0 -9999.0 -9999.0 -9999.0 -9999.0 -9999.0 -9999.0 -9999.0 -9999.0 -9999.0 -9999.0 -9999.0 -9999.0 -9999.0 -9999.0 -9999.0 -9999.0 -9999.0 -9999.0 -9999.0 -9999.0 -9999.0 -9999.0 -9999.0 -9999.0 -9999.0 -9999.0 -9999.0 -9999.0 -9999.0 -9999.0 -9999.0 -9999.0 -9999.0 -9999.0 -9999.0 -9999.0 -9999.0 -9999.0 -9999.0 -9999.0 -9999.0 -9999.0 -9999.0 -9999.0 -9999.0 -9999.0 -9999.0 -9999.0 -9999.0 -9999.0 -9999.0 -9999.0 -9999.0 -9999.0 -9999.0 -9999.0 -9999.0 -9999.0 -9999.0 -9999.0 -9999.0 -9999.0 -9999.0 -9999.0 -9999.0 -9999.0 -9999.0 -9999.0 -9999.0 -9999.0 -9999.0 -9999.0 -9999.0