inst/processing_geotop_simulation/geotop_simulation/out/maps3D/PwL0015N0230.asc
ncols         104
nrows         10
xllcorner     -2.000000
yllcorner     0.000000
cellsize      1.000000
NODATA_value  -9999.0
-9999.0 -9999.0 -9999.0 -9999.0 -9999.0 -9999.0 -9999.0 -9999.0 -9999.0 -9999.0 -9999.0 -9999.0 -9999.0 -9999.0 -9999.0 -9999.0 -9999.0 -9999.0 -9999.0 -9999.0 -9999.0 -9999.0 -9999.0 -9999.0 -9999.0 -9999.0 -9999.0 -9999.0 -9999.0 -9999.0 -9999.0 -9999.0 -9999.0 -9999.0 -9999.0 -9999.0 -9999.0 -9999.0 -9999.0 -9999.0 -9999.0 -9999.0 -9999.0 -9999.0 -9999.0 -9999.0 -9999.0 -9999.0 -9999.0 -9999.0 -9999.0 -9999.0 -9999.0 -9999.0 -9999.0 -9999.0 -9999.0 -9999.0 -9999.0 -9999.0 -9999.0 -9999.0 -9999.0 -9999.0 -9999.0 -9999.0 -9999.0 -9999.0 -9999.0 -9999.0 -9999.0 -9999.0 -9999.0 -9999.0 -9999.0 -9999.0 -9999.0 -9999.0 -9999.0 -9999.0 -9999.0 -9999.0 -9999.0 -9999.0 -9999.0 -9999.0 -9999.0 -9999.0 -9999.0 -9999.0 -9999.0 -9999.0 -9999.0 -9999.0 -9999.0 -9999.0 -9999.0 -9999.0 -9999.0 -9999.0 -9999.0 -9999.0 -9999.0 -9999.0
-9999.0 -9999.0 -9999.0 -9999.0 -9999.0 -9999.0 -9999.0 -9999.0 -9999.0 -9999.0 -9999.0 -9999.0 -9999.0 -9999.0 -9999.0 -9999.0 -9999.0 -9999.0 -9999.0 -9999.0 -9999.0 -9999.0 -9999.0 -9999.0 -9999.0 -9999.0 -9999.0 -9999.0 -9999.0 -9999.0 -9999.0 -9999.0 -9999.0 -9999.0 -9999.0 -9999.0 -9999.0 -9999.0 -9999.0 -9999.0 -9999.0 -9999.0 -9999.0 -9999.0 -9999.0 -9999.0 -9999.0 -9999.0 -9999.0 -9999.0 -9999.0 -9999.0 -9999.0 -9999.0 -9999.0 -9999.0 -9999.0 -9999.0 -9999.0 -9999.0 -9999.0 -9999.0 -9999.0 -9999.0 -9999.0 -9999.0 -9999.0 -9999.0 -9999.0 -9999.0 -9999.0 -9999.0 -9999.0 -9999.0 -9999.0 -9999.0 -9999.0 -9999.0 -9999.0 -9999.0 -9999.0 -9999.0 -9999.0 -9999.0 -9999.0 -9999.0 -9999.0 -9999.0 -9999.0 -9999.0 -9999.0 -9999.0 -9999.0 -9999.0 -9999.0 -9999.0 -9999.0 -9999.0 -9999.0 -9999.0 -9999.0 -9999.0 -9999.0 -9999.0
-9999.0 -9999.0 725.885865 629.267768 532.002940 434.254564 336.274232 238.193261 140.078275 41.964613 -56.120403 -154.166074 -252.139568 -349.960308 -447.475116 -544.449389 -640.478972 -736.014929 -831.727248 -926.799006 -1020.941273 -1110.385790 -1189.755039 -1258.784179 -1316.095646 -1361.639250 -1396.453352 -1422.201332 -1440.728011 -1453.760846 -1462.762557 -1468.890116 -1473.014536 -1475.767603 -1477.595067 -1478.807053 -1479.625924 -1480.257838 -1481.144702 -1484.068522 -1496.168592 -1548.697445 -2018.763366 -4194.033089 -4232.667510 -4232.665735 -4232.661517 -4232.660832 -4232.660761 -4232.660769 -4232.660787 -4232.660807 -4232.660825 -4232.660842 -4232.660858 -4232.660874 -4232.660925 -4232.661295 -4232.663708 -4232.661821 -4168.678492 -1883.760351 -1512.573645 -1488.833268 -1482.787137 -1481.531123 -1481.318171 -1481.285126 -1481.280603 -1481.280630 -1481.281308 -1481.281957 -1481.282476 -1481.282876 -1481.283184 -1481.283426 -1481.283619 -1481.283776 -1481.283909 -1481.284029 -1481.284147 -1481.284277 -1481.284440 -1481.284663 -1481.284991 -1481.285492 -1481.286277 -1481.287533 -1481.289574 -1481.292961 -1481.298708 -1481.308733 -1481.326747 -1481.360109 -1481.423683 -1481.548279 -1481.800668 -1482.335839 -1483.542356 -1486.467220 -1494.233869 -1518.187400 -9999.0 -9999.0
-9999.0 -9999.0 725.890327 629.269261 532.003394 434.254707 336.274279 238.193277 140.078281 41.964615 -56.120402 -154.166073 -252.139567 -349.960307 -447.475116 -544.449389 -640.478972 -736.014929 -831.727248 -926.799006 -1020.941273 -1110.385791 -1189.755040 -1258.784179 -1316.095647 -1361.639250 -1396.453352 -1422.201332 -1440.728011 -1453.760846 -1462.762557 -1468.890116 -1473.014536 -1475.767603 -1477.595067 -1478.807053 -1479.625924 -1480.257838 -1481.144702 -1484.068522 -1496.168592 -1548.697445 -2018.763366 -4194.033089 -4232.667510 -4232.665735 -4232.661517 -4232.660832 -4232.660761 -4232.660769 -4232.660787 -4232.660807 -4232.660825 -4232.660842 -4232.660858 -4232.660874 -4232.660925 -4232.661295 -4232.663708 -4232.661821 -4168.678492 -1883.760351 -1512.573645 -1488.833268 -1482.787137 -1481.531123 -1481.318171 -1481.285126 -1481.280603 -1481.280630 -1481.281308 -1481.281957 -1481.282476 -1481.282876 -1481.283184 -1481.283426 -1481.283619 -1481.283776 -1481.283909 -1481.284029 -1481.284147 -1481.284277 -1481.284440 -1481.284663 -1481.284991 -1481.285492 -1481.286277 -1481.287533 -1481.289574 -1481.292961 -1481.298708 -1481.308733 -1481.326747 -1481.360109 -1481.423683 -1481.548279 -1481.800668 -1482.335839 -1483.542356 -1486.467220 -1494.233869 -1518.187400 -9999.0 -9999.0
-9999.0 -9999.0 725.891733 629.269999 532.003697 434.254821 336.274321 238.193292 140.078286 41.964617 -56.120401 -154.166073 -252.139567 -349.960307 -447.475116 -544.449389 -640.478972 -736.014929 -831.727248 -926.799006 -1020.941273 -1110.385791 -1189.755040 -1258.784180 -1316.095647 -1361.639250 -1396.453352 -1422.201332 -1440.728011 -1453.760846 -1462.762557 -1468.890116 -1473.014536 -1475.767603 -1477.595067 -1478.807053 -1479.625924 -1480.257838 -1481.144702 -1484.068522 -1496.168592 -1548.697445 -2018.763366 -4194.033089 -4232.667510 -4232.665735 -4232.661517 -4232.660832 -4232.660761 -4232.660769 -4232.660787 -4232.660807 -4232.660825 -4232.660842 -4232.660858 -4232.660874 -4232.660925 -4232.661295 -4232.663708 -4232.661821 -4168.678492 -1883.760351 -1512.573645 -1488.833268 -1482.787137 -1481.531123 -1481.318171 -1481.285126 -1481.280603 -1481.280630 -1481.281308 -1481.281957 -1481.282476 -1481.282876 -1481.283184 -1481.283426 -1481.283619 -1481.283776 -1481.283909 -1481.284029 -1481.284147 -1481.284277 -1481.284440 -1481.284663 -1481.284991 -1481.285492 -1481.286277 -1481.287533 -1481.289574 -1481.292961 -1481.298708 -1481.308733 -1481.326747 -1481.360109 -1481.423683 -1481.548279 -1481.800668 -1482.335839 -1483.542356 -1486.467220 -1494.233869 -1518.187400 -9999.0 -9999.0
-9999.0 -9999.0 725.891733 629.269999 532.003697 434.254821 336.274321 238.193292 140.078286 41.964617 -56.120401 -154.166073 -252.139567 -349.960307 -447.475116 -544.449389 -640.478972 -736.014929 -831.727248 -926.799006 -1020.941273 -1110.385791 -1189.755040 -1258.784180 -1316.095647 -1361.639250 -1396.453352 -1422.201332 -1440.728011 -1453.760846 -1462.762557 -1468.890116 -1473.014536 -1475.767603 -1477.595067 -1478.807053 -1479.625924 -1480.257838 -1481.144702 -1484.068522 -1496.168592 -1548.697445 -2018.763366 -4194.033089 -4232.667510 -4232.665735 -4232.661517 -4232.660832 -4232.660761 -4232.660769 -4232.660787 -4232.660807 -4232.660825 -4232.660842 -4232.660858 -4232.660874 -4232.660925 -4232.661295 -4232.663708 -4232.661821 -4168.678492 -1883.760351 -1512.573645 -1488.833268 -1482.787137 -1481.531123 -1481.318171 -1481.285126 -1481.280603 -1481.280630 -1481.281308 -1481.281957 -1481.282476 -1481.282876 -1481.283184 -1481.283426 -1481.283619 -1481.283776 -1481.283909 -1481.284029 -1481.284147 -1481.284277 -1481.284440 -1481.284663 -1481.284991 -1481.285492 -1481.286277 -1481.287533 -1481.289574 -1481.292961 -1481.298708 -1481.308733 -1481.326747 -1481.360109 -1481.423683 -1481.548279 -1481.800668 -1482.335839 -1483.542356 -1486.467220 -1494.233869 -1518.187400 -9999.0 -9999.0
-9999.0 -9999.0 725.890327 629.269261 532.003394 434.254707 336.274279 238.193277 140.078281 41.964615 -56.120402 -154.166073 -252.139567 -349.960308 -447.475116 -544.449389 -640.478972 -736.014929 -831.727248 -926.799006 -1020.941273 -1110.385791 -1189.755040 -1258.784179 -1316.095647 -1361.639250 -1396.453352 -1422.201332 -1440.728011 -1453.760846 -1462.762557 -1468.890116 -1473.014536 -1475.767603 -1477.595067 -1478.807053 -1479.625924 -1480.257838 -1481.144702 -1484.068522 -1496.168592 -1548.697445 -2018.763366 -4194.033089 -4232.667510 -4232.665735 -4232.661517 -4232.660832 -4232.660761 -4232.660769 -4232.660787 -4232.660807 -4232.660825 -4232.660842 -4232.660858 -4232.660874 -4232.660925 -4232.661295 -4232.663708 -4232.661821 -4168.678492 -1883.760351 -1512.573645 -1488.833268 -1482.787137 -1481.531123 -1481.318171 -1481.285126 -1481.280603 -1481.280630 -1481.281308 -1481.281957 -1481.282476 -1481.282876 -1481.283184 -1481.283426 -1481.283619 -1481.283776 -1481.283909 -1481.284029 -1481.284147 -1481.284277 -1481.284440 -1481.284663 -1481.284991 -1481.285492 -1481.286277 -1481.287533 -1481.289574 -1481.292961 -1481.298708 -1481.308733 -1481.326747 -1481.360109 -1481.423683 -1481.548279 -1481.800668 -1482.335839 -1483.542356 -1486.467220 -1494.233869 -1518.187400 -9999.0 -9999.0
-9999.0 -9999.0 725.885865 629.267768 532.002940 434.254564 336.274232 238.193261 140.078275 41.964613 -56.120403 -154.166074 -252.139568 -349.960308 -447.475116 -544.449389 -640.478972 -736.014929 -831.727248 -926.799006 -1020.941273 -1110.385790 -1189.755039 -1258.784179 -1316.095646 -1361.639250 -1396.453352 -1422.201332 -1440.728011 -1453.760846 -1462.762557 -1468.890116 -1473.014536 -1475.767603 -1477.595067 -1478.807053 -1479.625924 -1480.257838 -1481.144702 -1484.068522 -1496.168592 -1548.697445 -2018.763366 -4194.033089 -4232.667510 -4232.665735 -4232.661517 -4232.660832 -4232.660761 -4232.660769 -4232.660787 -4232.660807 -4232.660825 -4232.660842 -4232.660858 -4232.660874 -4232.660925 -4232.661295 -4232.663708 -4232.661821 -4168.678492 -1883.760351 -1512.573645 -1488.833268 -1482.787137 -1481.531123 -1481.318171 -1481.285126 -1481.280603 -1481.280630 -1481.281308 -1481.281957 -1481.282476 -1481.282876 -1481.283184 -1481.283426 -1481.283619 -1481.283776 -1481.283909 -1481.284029 -1481.284147 -1481.284277 -1481.284440 -1481.284663 -1481.284991 -1481.285492 -1481.286277 -1481.287533 -1481.289574 -1481.292961 -1481.298708 -1481.308733 -1481.326747 -1481.360109 -1481.423683 -1481.548279 -1481.800668 -1482.335839 -1483.542356 -1486.467220 -1494.233869 -1518.187400 -9999.0 -9999.0
-9999.0 -9999.0 -9999.0 -9999.0 -9999.0 -9999.0 -9999.0 -9999.0 -9999.0 -9999.0 -9999.0 -9999.0 -9999.0 -9999.0 -9999.0 -9999.0 -9999.0 -9999.0 -9999.0 -9999.0 -9999.0 -9999.0 -9999.0 -9999.0 -9999.0 -9999.0 -9999.0 -9999.0 -9999.0 -9999.0 -9999.0 -9999.0 -9999.0 -9999.0 -9999.0 -9999.0 -9999.0 -9999.0 -9999.0 -9999.0 -9999.0 -9999.0 -9999.0 -9999.0 -9999.0 -9999.0 -9999.0 -9999.0 -9999.0 -9999.0 -9999.0 -9999.0 -9999.0 -9999.0 -9999.0 -9999.0 -9999.0 -9999.0 -9999.0 -9999.0 -9999.0 -9999.0 -9999.0 -9999.0 -9999.0 -9999.0 -9999.0 -9999.0 -9999.0 -9999.0 -9999.0 -9999.0 -9999.0 -9999.0 -9999.0 -9999.0 -9999.0 -9999.0 -9999.0 -9999.0 -9999.0 -9999.0 -9999.0 -9999.0 -9999.0 -9999.0 -9999.0 -9999.0 -9999.0 -9999.0 -9999.0 -9999.0 -9999.0 -9999.0 -9999.0 -9999.0 -9999.0 -9999.0 -9999.0 -9999.0 -9999.0 -9999.0 -9999.0 -9999.0
-9999.0 -9999.0 -9999.0 -9999.0 -9999.0 -9999.0 -9999.0 -9999.0 -9999.0 -9999.0 -9999.0 -9999.0 -9999.0 -9999.0 -9999.0 -9999.0 -9999.0 -9999.0 -9999.0 -9999.0 -9999.0 -9999.0 -9999.0 -9999.0 -9999.0 -9999.0 -9999.0 -9999.0 -9999.0 -9999.0 -9999.0 -9999.0 -9999.0 -9999.0 -9999.0 -9999.0 -9999.0 -9999.0 -9999.0 -9999.0 -9999.0 -9999.0 -9999.0 -9999.0 -9999.0 -9999.0 -9999.0 -9999.0 -9999.0 -9999.0 -9999.0 -9999.0 -9999.0 -9999.0 -9999.0 -9999.0 -9999.0 -9999.0 -9999.0 -9999.0 -9999.0 -9999.0 -9999.0 -9999.0 -9999.0 -9999.0 -9999.0 -9999.0 -9999.0 -9999.0 -9999.0 -9999.0 -9999.0 -9999.0 -9999.0 -9999.0 -9999.0 -9999.0 -9999.0 -9999.0 -9999.0 -9999.0 -9999.0 -9999.0 -9999.0 -9999.0 -9999.0 -9999.0 -9999.0 -9999.0 -9999.0 -9999.0 -9999.0 -9999.0 -9999.0 -9999.0 -9999.0 -9999.0 -9999.0 -9999.0 -9999.0 -9999.0 -9999.0 -9999.0