inst/processing_geotop_simulation/geotop_simulation/out/maps3D/PwL0006N0376.asc
ncols         104
nrows         10
xllcorner     -2.000000
yllcorner     0.000000
cellsize      1.000000
NODATA_value  -9999.0
-9999.0 -9999.0 -9999.0 -9999.0 -9999.0 -9999.0 -9999.0 -9999.0 -9999.0 -9999.0 -9999.0 -9999.0 -9999.0 -9999.0 -9999.0 -9999.0 -9999.0 -9999.0 -9999.0 -9999.0 -9999.0 -9999.0 -9999.0 -9999.0 -9999.0 -9999.0 -9999.0 -9999.0 -9999.0 -9999.0 -9999.0 -9999.0 -9999.0 -9999.0 -9999.0 -9999.0 -9999.0 -9999.0 -9999.0 -9999.0 -9999.0 -9999.0 -9999.0 -9999.0 -9999.0 -9999.0 -9999.0 -9999.0 -9999.0 -9999.0 -9999.0 -9999.0 -9999.0 -9999.0 -9999.0 -9999.0 -9999.0 -9999.0 -9999.0 -9999.0 -9999.0 -9999.0 -9999.0 -9999.0 -9999.0 -9999.0 -9999.0 -9999.0 -9999.0 -9999.0 -9999.0 -9999.0 -9999.0 -9999.0 -9999.0 -9999.0 -9999.0 -9999.0 -9999.0 -9999.0 -9999.0 -9999.0 -9999.0 -9999.0 -9999.0 -9999.0 -9999.0 -9999.0 -9999.0 -9999.0 -9999.0 -9999.0 -9999.0 -9999.0 -9999.0 -9999.0 -9999.0 -9999.0 -9999.0 -9999.0 -9999.0 -9999.0 -9999.0 -9999.0
-9999.0 -9999.0 -9999.0 -9999.0 -9999.0 -9999.0 -9999.0 -9999.0 -9999.0 -9999.0 -9999.0 -9999.0 -9999.0 -9999.0 -9999.0 -9999.0 -9999.0 -9999.0 -9999.0 -9999.0 -9999.0 -9999.0 -9999.0 -9999.0 -9999.0 -9999.0 -9999.0 -9999.0 -9999.0 -9999.0 -9999.0 -9999.0 -9999.0 -9999.0 -9999.0 -9999.0 -9999.0 -9999.0 -9999.0 -9999.0 -9999.0 -9999.0 -9999.0 -9999.0 -9999.0 -9999.0 -9999.0 -9999.0 -9999.0 -9999.0 -9999.0 -9999.0 -9999.0 -9999.0 -9999.0 -9999.0 -9999.0 -9999.0 -9999.0 -9999.0 -9999.0 -9999.0 -9999.0 -9999.0 -9999.0 -9999.0 -9999.0 -9999.0 -9999.0 -9999.0 -9999.0 -9999.0 -9999.0 -9999.0 -9999.0 -9999.0 -9999.0 -9999.0 -9999.0 -9999.0 -9999.0 -9999.0 -9999.0 -9999.0 -9999.0 -9999.0 -9999.0 -9999.0 -9999.0 -9999.0 -9999.0 -9999.0 -9999.0 -9999.0 -9999.0 -9999.0 -9999.0 -9999.0 -9999.0 -9999.0 -9999.0 -9999.0 -9999.0 -9999.0
-9999.0 -9999.0 274.515238 176.674355 77.927742 -21.122638 -120.290129 -219.505417 -318.732410 -417.945697 -517.117394 -616.187810 -715.038785 -813.811648 -912.481697 -1011.126507 -1109.702460 -1207.529516 -1304.386433 -1399.510107 -1491.459153 -1577.759721 -1655.309223 -1721.573481 -1775.504742 -1817.593043 -1849.342637 -1872.662900 -1889.437259 -1901.304542 -1909.589341 -1915.311752 -1919.230885 -1921.897327 -1923.703078 -1924.925770 -1925.772787 -1926.458729 -1927.440316 -1929.919369 -1933.252562 -1890.265539 -1201.333165 -1226.294419 -1209.780159 -1198.841722 -1193.729293 -1192.958071 -1192.875348 -1192.882621 -1192.902774 -1192.924499 -1192.945385 -1192.964731 -1192.982731 -1193.004067 -1193.072604 -1193.532337 -1196.245825 -1202.267627 -1209.817748 -1173.589041 -1862.493750 -1926.779543 -1928.500606 -1927.757825 -1927.541256 -1927.499664 -1927.493064 -1927.492503 -1927.492881 -1927.493323 -1927.493690 -1927.493978 -1927.494201 -1927.494378 -1927.494521 -1927.494639 -1927.494741 -1927.494834 -1927.494926 -1927.495029 -1927.495157 -1927.495331 -1927.495582 -1927.495964 -1927.496558 -1927.497506 -1927.499048 -1927.501613 -1927.505989 -1927.513668 -1927.527565 -1927.553487 -1927.603275 -1927.701850 -1927.904414 -1928.342250 -1929.354577 -1931.909056 -1939.158315 -1963.161186 -9999.0 -9999.0
-9999.0 -9999.0 274.523014 176.676140 77.928209 -21.122501 -120.290085 -219.505401 -318.732405 -417.945695 -517.117393 -616.187810 -715.038784 -813.811648 -912.481697 -1011.126507 -1109.702460 -1207.529517 -1304.386433 -1399.510107 -1491.459153 -1577.759721 -1655.309223 -1721.573481 -1775.504742 -1817.593043 -1849.342637 -1872.662900 -1889.437259 -1901.304542 -1909.589341 -1915.311752 -1919.230885 -1921.897327 -1923.703078 -1924.925770 -1925.772787 -1926.458729 -1927.440316 -1929.919369 -1933.252562 -1890.265539 -1201.333165 -1226.294419 -1209.780159 -1198.841722 -1193.729293 -1192.958071 -1192.875348 -1192.882621 -1192.902774 -1192.924499 -1192.945385 -1192.964731 -1192.982731 -1193.004067 -1193.072604 -1193.532337 -1196.245825 -1202.267627 -1209.817748 -1173.589041 -1862.493750 -1926.779543 -1928.500606 -1927.757825 -1927.541256 -1927.499664 -1927.493064 -1927.492503 -1927.492881 -1927.493323 -1927.493690 -1927.493978 -1927.494201 -1927.494378 -1927.494521 -1927.494639 -1927.494741 -1927.494834 -1927.494926 -1927.495029 -1927.495157 -1927.495331 -1927.495582 -1927.495964 -1927.496558 -1927.497506 -1927.499048 -1927.501613 -1927.505989 -1927.513668 -1927.527565 -1927.553487 -1927.603275 -1927.701850 -1927.904414 -1928.342250 -1929.354577 -1931.909056 -1939.158315 -1963.161186 -9999.0 -9999.0
-9999.0 -9999.0 274.524361 176.676887 77.928505 -21.122393 -120.290047 -219.505388 -318.732399 -417.945693 -517.117392 -616.187809 -715.038784 -813.811648 -912.481697 -1011.126507 -1109.702460 -1207.529517 -1304.386433 -1399.510107 -1491.459153 -1577.759721 -1655.309223 -1721.573481 -1775.504743 -1817.593043 -1849.342637 -1872.662900 -1889.437259 -1901.304542 -1909.589341 -1915.311752 -1919.230885 -1921.897328 -1923.703078 -1924.925770 -1925.772787 -1926.458729 -1927.440316 -1929.919369 -1933.252562 -1890.265539 -1201.333165 -1226.294419 -1209.780159 -1198.841722 -1193.729293 -1192.958071 -1192.875348 -1192.882621 -1192.902774 -1192.924499 -1192.945385 -1192.964731 -1192.982731 -1193.004067 -1193.072604 -1193.532337 -1196.245825 -1202.267627 -1209.817748 -1173.589041 -1862.493750 -1926.779543 -1928.500606 -1927.757825 -1927.541256 -1927.499664 -1927.493064 -1927.492503 -1927.492881 -1927.493323 -1927.493690 -1927.493978 -1927.494201 -1927.494378 -1927.494521 -1927.494639 -1927.494741 -1927.494834 -1927.494926 -1927.495029 -1927.495157 -1927.495331 -1927.495582 -1927.495964 -1927.496558 -1927.497506 -1927.499048 -1927.501613 -1927.505989 -1927.513668 -1927.527565 -1927.553487 -1927.603275 -1927.701850 -1927.904414 -1928.342250 -1929.354577 -1931.909056 -1939.158315 -1963.161186 -9999.0 -9999.0
-9999.0 -9999.0 274.524361 176.676888 77.928505 -21.122393 -120.290047 -219.505388 -318.732399 -417.945693 -517.117392 -616.187809 -715.038784 -813.811648 -912.481697 -1011.126507 -1109.702460 -1207.529517 -1304.386433 -1399.510107 -1491.459153 -1577.759721 -1655.309223 -1721.573481 -1775.504742 -1817.593043 -1849.342637 -1872.662900 -1889.437259 -1901.304542 -1909.589341 -1915.311752 -1919.230885 -1921.897328 -1923.703078 -1924.925770 -1925.772787 -1926.458729 -1927.440316 -1929.919369 -1933.252562 -1890.265539 -1201.333165 -1226.294419 -1209.780159 -1198.841722 -1193.729293 -1192.958071 -1192.875348 -1192.882621 -1192.902774 -1192.924499 -1192.945385 -1192.964731 -1192.982731 -1193.004067 -1193.072604 -1193.532337 -1196.245825 -1202.267627 -1209.817748 -1173.589041 -1862.493750 -1926.779543 -1928.500606 -1927.757825 -1927.541256 -1927.499664 -1927.493064 -1927.492503 -1927.492881 -1927.493323 -1927.493690 -1927.493978 -1927.494201 -1927.494378 -1927.494521 -1927.494639 -1927.494741 -1927.494834 -1927.494926 -1927.495029 -1927.495157 -1927.495331 -1927.495582 -1927.495964 -1927.496558 -1927.497506 -1927.499048 -1927.501613 -1927.505989 -1927.513668 -1927.527565 -1927.553487 -1927.603275 -1927.701850 -1927.904414 -1928.342250 -1929.354577 -1931.909056 -1939.158315 -1963.161186 -9999.0 -9999.0
-9999.0 -9999.0 274.523014 176.676140 77.928209 -21.122501 -120.290085 -219.505402 -318.732405 -417.945695 -517.117393 -616.187810 -715.038784 -813.811648 -912.481697 -1011.126507 -1109.702460 -1207.529517 -1304.386433 -1399.510107 -1491.459153 -1577.759721 -1655.309223 -1721.573481 -1775.504742 -1817.593043 -1849.342637 -1872.662900 -1889.437259 -1901.304542 -1909.589341 -1915.311752 -1919.230885 -1921.897327 -1923.703078 -1924.925770 -1925.772787 -1926.458729 -1927.440316 -1929.919369 -1933.252562 -1890.265539 -1201.333165 -1226.294419 -1209.780159 -1198.841722 -1193.729293 -1192.958071 -1192.875348 -1192.882621 -1192.902774 -1192.924499 -1192.945385 -1192.964731 -1192.982731 -1193.004067 -1193.072604 -1193.532337 -1196.245825 -1202.267627 -1209.817748 -1173.589041 -1862.493750 -1926.779543 -1928.500606 -1927.757825 -1927.541256 -1927.499664 -1927.493064 -1927.492503 -1927.492881 -1927.493323 -1927.493690 -1927.493978 -1927.494201 -1927.494378 -1927.494521 -1927.494639 -1927.494741 -1927.494834 -1927.494926 -1927.495029 -1927.495157 -1927.495331 -1927.495582 -1927.495964 -1927.496558 -1927.497506 -1927.499048 -1927.501613 -1927.505989 -1927.513668 -1927.527565 -1927.553487 -1927.603275 -1927.701850 -1927.904414 -1928.342250 -1929.354577 -1931.909056 -1939.158315 -1963.161186 -9999.0 -9999.0
-9999.0 -9999.0 274.515238 176.674355 77.927742 -21.122638 -120.290129 -219.505417 -318.732410 -417.945697 -517.117394 -616.187810 -715.038784 -813.811648 -912.481697 -1011.126507 -1109.702460 -1207.529517 -1304.386433 -1399.510107 -1491.459153 -1577.759721 -1655.309223 -1721.573481 -1775.504742 -1817.593043 -1849.342637 -1872.662900 -1889.437259 -1901.304542 -1909.589341 -1915.311752 -1919.230885 -1921.897327 -1923.703078 -1924.925770 -1925.772787 -1926.458729 -1927.440316 -1929.919369 -1933.252562 -1890.265539 -1201.333165 -1226.294419 -1209.780159 -1198.841722 -1193.729293 -1192.958071 -1192.875348 -1192.882621 -1192.902774 -1192.924499 -1192.945385 -1192.964731 -1192.982731 -1193.004067 -1193.072604 -1193.532337 -1196.245825 -1202.267627 -1209.817748 -1173.589041 -1862.493750 -1926.779543 -1928.500606 -1927.757825 -1927.541256 -1927.499664 -1927.493064 -1927.492503 -1927.492881 -1927.493323 -1927.493690 -1927.493978 -1927.494201 -1927.494378 -1927.494521 -1927.494639 -1927.494741 -1927.494834 -1927.494926 -1927.495029 -1927.495157 -1927.495331 -1927.495582 -1927.495964 -1927.496558 -1927.497506 -1927.499048 -1927.501613 -1927.505989 -1927.513668 -1927.527565 -1927.553487 -1927.603275 -1927.701850 -1927.904414 -1928.342250 -1929.354577 -1931.909056 -1939.158315 -1963.161186 -9999.0 -9999.0
-9999.0 -9999.0 -9999.0 -9999.0 -9999.0 -9999.0 -9999.0 -9999.0 -9999.0 -9999.0 -9999.0 -9999.0 -9999.0 -9999.0 -9999.0 -9999.0 -9999.0 -9999.0 -9999.0 -9999.0 -9999.0 -9999.0 -9999.0 -9999.0 -9999.0 -9999.0 -9999.0 -9999.0 -9999.0 -9999.0 -9999.0 -9999.0 -9999.0 -9999.0 -9999.0 -9999.0 -9999.0 -9999.0 -9999.0 -9999.0 -9999.0 -9999.0 -9999.0 -9999.0 -9999.0 -9999.0 -9999.0 -9999.0 -9999.0 -9999.0 -9999.0 -9999.0 -9999.0 -9999.0 -9999.0 -9999.0 -9999.0 -9999.0 -9999.0 -9999.0 -9999.0 -9999.0 -9999.0 -9999.0 -9999.0 -9999.0 -9999.0 -9999.0 -9999.0 -9999.0 -9999.0 -9999.0 -9999.0 -9999.0 -9999.0 -9999.0 -9999.0 -9999.0 -9999.0 -9999.0 -9999.0 -9999.0 -9999.0 -9999.0 -9999.0 -9999.0 -9999.0 -9999.0 -9999.0 -9999.0 -9999.0 -9999.0 -9999.0 -9999.0 -9999.0 -9999.0 -9999.0 -9999.0 -9999.0 -9999.0 -9999.0 -9999.0 -9999.0 -9999.0
-9999.0 -9999.0 -9999.0 -9999.0 -9999.0 -9999.0 -9999.0 -9999.0 -9999.0 -9999.0 -9999.0 -9999.0 -9999.0 -9999.0 -9999.0 -9999.0 -9999.0 -9999.0 -9999.0 -9999.0 -9999.0 -9999.0 -9999.0 -9999.0 -9999.0 -9999.0 -9999.0 -9999.0 -9999.0 -9999.0 -9999.0 -9999.0 -9999.0 -9999.0 -9999.0 -9999.0 -9999.0 -9999.0 -9999.0 -9999.0 -9999.0 -9999.0 -9999.0 -9999.0 -9999.0 -9999.0 -9999.0 -9999.0 -9999.0 -9999.0 -9999.0 -9999.0 -9999.0 -9999.0 -9999.0 -9999.0 -9999.0 -9999.0 -9999.0 -9999.0 -9999.0 -9999.0 -9999.0 -9999.0 -9999.0 -9999.0 -9999.0 -9999.0 -9999.0 -9999.0 -9999.0 -9999.0 -9999.0 -9999.0 -9999.0 -9999.0 -9999.0 -9999.0 -9999.0 -9999.0 -9999.0 -9999.0 -9999.0 -9999.0 -9999.0 -9999.0 -9999.0 -9999.0 -9999.0 -9999.0 -9999.0 -9999.0 -9999.0 -9999.0 -9999.0 -9999.0 -9999.0 -9999.0 -9999.0 -9999.0 -9999.0 -9999.0 -9999.0 -9999.0