inst/processing_geotop_simulation/geotop_simulation/out/maps3D/PwL0016N0304.asc
ncols         104
nrows         10
xllcorner     -2.000000
yllcorner     0.000000
cellsize      1.000000
NODATA_value  -9999.0
-9999.0 -9999.0 -9999.0 -9999.0 -9999.0 -9999.0 -9999.0 -9999.0 -9999.0 -9999.0 -9999.0 -9999.0 -9999.0 -9999.0 -9999.0 -9999.0 -9999.0 -9999.0 -9999.0 -9999.0 -9999.0 -9999.0 -9999.0 -9999.0 -9999.0 -9999.0 -9999.0 -9999.0 -9999.0 -9999.0 -9999.0 -9999.0 -9999.0 -9999.0 -9999.0 -9999.0 -9999.0 -9999.0 -9999.0 -9999.0 -9999.0 -9999.0 -9999.0 -9999.0 -9999.0 -9999.0 -9999.0 -9999.0 -9999.0 -9999.0 -9999.0 -9999.0 -9999.0 -9999.0 -9999.0 -9999.0 -9999.0 -9999.0 -9999.0 -9999.0 -9999.0 -9999.0 -9999.0 -9999.0 -9999.0 -9999.0 -9999.0 -9999.0 -9999.0 -9999.0 -9999.0 -9999.0 -9999.0 -9999.0 -9999.0 -9999.0 -9999.0 -9999.0 -9999.0 -9999.0 -9999.0 -9999.0 -9999.0 -9999.0 -9999.0 -9999.0 -9999.0 -9999.0 -9999.0 -9999.0 -9999.0 -9999.0 -9999.0 -9999.0 -9999.0 -9999.0 -9999.0 -9999.0 -9999.0 -9999.0 -9999.0 -9999.0 -9999.0 -9999.0
-9999.0 -9999.0 -9999.0 -9999.0 -9999.0 -9999.0 -9999.0 -9999.0 -9999.0 -9999.0 -9999.0 -9999.0 -9999.0 -9999.0 -9999.0 -9999.0 -9999.0 -9999.0 -9999.0 -9999.0 -9999.0 -9999.0 -9999.0 -9999.0 -9999.0 -9999.0 -9999.0 -9999.0 -9999.0 -9999.0 -9999.0 -9999.0 -9999.0 -9999.0 -9999.0 -9999.0 -9999.0 -9999.0 -9999.0 -9999.0 -9999.0 -9999.0 -9999.0 -9999.0 -9999.0 -9999.0 -9999.0 -9999.0 -9999.0 -9999.0 -9999.0 -9999.0 -9999.0 -9999.0 -9999.0 -9999.0 -9999.0 -9999.0 -9999.0 -9999.0 -9999.0 -9999.0 -9999.0 -9999.0 -9999.0 -9999.0 -9999.0 -9999.0 -9999.0 -9999.0 -9999.0 -9999.0 -9999.0 -9999.0 -9999.0 -9999.0 -9999.0 -9999.0 -9999.0 -9999.0 -9999.0 -9999.0 -9999.0 -9999.0 -9999.0 -9999.0 -9999.0 -9999.0 -9999.0 -9999.0 -9999.0 -9999.0 -9999.0 -9999.0 -9999.0 -9999.0 -9999.0 -9999.0 -9999.0 -9999.0 -9999.0 -9999.0 -9999.0 -9999.0
-9999.0 -9999.0 772.226746 674.132595 575.719166 477.038425 378.226312 279.357150 180.469297 81.583075 -17.287533 -116.133427 -214.948493 -313.702571 -412.338442 -510.759601 -608.789920 -706.148687 -803.781084 -901.034414 -997.746020 -1093.669962 -1182.485643 -1264.115784 -1336.295348 -1397.546655 -1447.457881 -1486.627182 -1516.363058 -1538.310621 -1554.138894 -1565.343924 -1573.161217 -1578.554171 -1582.243984 -1584.757314 -1586.483759 -1587.772583 -1589.228687 -1592.708736 -1603.765082 -1639.126893 -1994.511414 -4127.743737 -4183.160673 -4183.163731 -4183.161159 -4183.160732 -4183.160676 -4183.160640 -4183.160536 -4183.160211 -4183.159662 -4183.158944 -4183.157738 -4183.155379 -4183.150184 -4183.137744 -4183.106165 -4183.003302 -4086.344424 -1825.952525 -1599.507759 -1595.569774 -1591.603261 -1590.377979 -1590.124500 -1590.080701 -1590.074106 -1590.073645 -1590.074112 -1590.074628 -1590.075055 -1590.075392 -1590.075658 -1590.075871 -1590.076046 -1590.076193 -1590.076321 -1590.076440 -1590.076558 -1590.076688 -1590.076845 -1590.077054 -1590.077350 -1590.077790 -1590.078467 -1590.079536 -1590.081265 -1590.084128 -1590.088994 -1590.097515 -1590.112908 -1590.141597 -1590.196715 -1590.306043 -1590.531580 -1591.021649 -1592.157534 -1594.995968 -1602.805961 -1627.523844 -9999.0 -9999.0
-9999.0 -9999.0 772.230631 674.133935 575.719580 477.038556 378.226356 279.357165 180.469302 81.583077 -17.287532 -116.133427 -214.948492 -313.702571 -412.338442 -510.759601 -608.789920 -706.148688 -803.781084 -901.034414 -997.746020 -1093.669962 -1182.485643 -1264.115784 -1336.295349 -1397.546655 -1447.457881 -1486.627182 -1516.363058 -1538.310621 -1554.138895 -1565.343924 -1573.161218 -1578.554171 -1582.243984 -1584.757314 -1586.483759 -1587.772583 -1589.228687 -1592.708736 -1603.765081 -1639.126893 -1994.511413 -4127.743737 -4183.160673 -4183.163731 -4183.161159 -4183.160732 -4183.160676 -4183.160640 -4183.160536 -4183.160211 -4183.159662 -4183.158944 -4183.157738 -4183.155379 -4183.150184 -4183.137744 -4183.106165 -4183.003302 -4086.344424 -1825.952525 -1599.507759 -1595.569774 -1591.603261 -1590.377979 -1590.124500 -1590.080701 -1590.074106 -1590.073645 -1590.074112 -1590.074628 -1590.075055 -1590.075392 -1590.075658 -1590.075871 -1590.076046 -1590.076193 -1590.076321 -1590.076440 -1590.076558 -1590.076688 -1590.076845 -1590.077054 -1590.077350 -1590.077790 -1590.078467 -1590.079536 -1590.081265 -1590.084128 -1590.088994 -1590.097515 -1590.112908 -1590.141597 -1590.196715 -1590.306043 -1590.531580 -1591.021649 -1592.157534 -1594.995968 -1602.805961 -1627.523844 -9999.0 -9999.0
-9999.0 -9999.0 772.231914 674.134610 575.719859 477.038661 378.226394 279.357179 180.469307 81.583079 -17.287531 -116.133427 -214.948492 -313.702571 -412.338442 -510.759601 -608.789921 -706.148688 -803.781084 -901.034414 -997.746020 -1093.669962 -1182.485643 -1264.115784 -1336.295349 -1397.546655 -1447.457881 -1486.627182 -1516.363058 -1538.310621 -1554.138895 -1565.343924 -1573.161218 -1578.554171 -1582.243984 -1584.757314 -1586.483759 -1587.772583 -1589.228687 -1592.708736 -1603.765081 -1639.126893 -1994.511413 -4127.743737 -4183.160673 -4183.163731 -4183.161159 -4183.160732 -4183.160676 -4183.160640 -4183.160536 -4183.160211 -4183.159662 -4183.158944 -4183.157738 -4183.155379 -4183.150184 -4183.137744 -4183.106165 -4183.003302 -4086.344424 -1825.952525 -1599.507759 -1595.569774 -1591.603261 -1590.377979 -1590.124500 -1590.080701 -1590.074106 -1590.073645 -1590.074112 -1590.074628 -1590.075055 -1590.075392 -1590.075658 -1590.075871 -1590.076046 -1590.076193 -1590.076321 -1590.076440 -1590.076558 -1590.076688 -1590.076845 -1590.077054 -1590.077350 -1590.077790 -1590.078467 -1590.079536 -1590.081265 -1590.084128 -1590.088994 -1590.097515 -1590.112908 -1590.141597 -1590.196715 -1590.306043 -1590.531580 -1591.021649 -1592.157534 -1594.995968 -1602.805961 -1627.523844 -9999.0 -9999.0
-9999.0 -9999.0 772.231914 674.134610 575.719859 477.038661 378.226394 279.357179 180.469307 81.583079 -17.287531 -116.133427 -214.948492 -313.702571 -412.338442 -510.759601 -608.789920 -706.148688 -803.781084 -901.034414 -997.746020 -1093.669962 -1182.485643 -1264.115784 -1336.295349 -1397.546655 -1447.457881 -1486.627182 -1516.363058 -1538.310621 -1554.138895 -1565.343924 -1573.161218 -1578.554171 -1582.243984 -1584.757314 -1586.483759 -1587.772583 -1589.228687 -1592.708736 -1603.765081 -1639.126893 -1994.511413 -4127.743737 -4183.160673 -4183.163731 -4183.161159 -4183.160732 -4183.160676 -4183.160640 -4183.160536 -4183.160211 -4183.159662 -4183.158944 -4183.157738 -4183.155379 -4183.150184 -4183.137744 -4183.106165 -4183.003302 -4086.344424 -1825.952525 -1599.507759 -1595.569774 -1591.603261 -1590.377979 -1590.124500 -1590.080701 -1590.074106 -1590.073645 -1590.074112 -1590.074628 -1590.075055 -1590.075392 -1590.075658 -1590.075871 -1590.076046 -1590.076193 -1590.076321 -1590.076440 -1590.076558 -1590.076688 -1590.076845 -1590.077054 -1590.077350 -1590.077790 -1590.078467 -1590.079536 -1590.081265 -1590.084128 -1590.088994 -1590.097515 -1590.112908 -1590.141597 -1590.196715 -1590.306043 -1590.531580 -1591.021649 -1592.157534 -1594.995968 -1602.805961 -1627.523844 -9999.0 -9999.0
-9999.0 -9999.0 772.230631 674.133935 575.719580 477.038556 378.226356 279.357165 180.469302 81.583077 -17.287532 -116.133427 -214.948492 -313.702571 -412.338442 -510.759601 -608.789920 -706.148687 -803.781084 -901.034414 -997.746020 -1093.669962 -1182.485643 -1264.115784 -1336.295349 -1397.546655 -1447.457881 -1486.627182 -1516.363058 -1538.310621 -1554.138895 -1565.343924 -1573.161218 -1578.554171 -1582.243984 -1584.757314 -1586.483759 -1587.772583 -1589.228687 -1592.708736 -1603.765081 -1639.126893 -1994.511413 -4127.743737 -4183.160673 -4183.163731 -4183.161159 -4183.160732 -4183.160676 -4183.160640 -4183.160536 -4183.160211 -4183.159662 -4183.158944 -4183.157738 -4183.155379 -4183.150184 -4183.137744 -4183.106165 -4183.003302 -4086.344424 -1825.952525 -1599.507759 -1595.569774 -1591.603261 -1590.377979 -1590.124500 -1590.080701 -1590.074106 -1590.073645 -1590.074112 -1590.074628 -1590.075055 -1590.075392 -1590.075658 -1590.075871 -1590.076046 -1590.076193 -1590.076321 -1590.076440 -1590.076558 -1590.076688 -1590.076845 -1590.077054 -1590.077350 -1590.077790 -1590.078467 -1590.079536 -1590.081265 -1590.084128 -1590.088994 -1590.097515 -1590.112908 -1590.141597 -1590.196715 -1590.306043 -1590.531580 -1591.021649 -1592.157534 -1594.995968 -1602.805961 -1627.523844 -9999.0 -9999.0
-9999.0 -9999.0 772.226746 674.132594 575.719166 477.038425 378.226312 279.357150 180.469297 81.583075 -17.287532 -116.133428 -214.948492 -313.702571 -412.338442 -510.759601 -608.789920 -706.148687 -803.781083 -901.034414 -997.746020 -1093.669962 -1182.485643 -1264.115784 -1336.295348 -1397.546655 -1447.457881 -1486.627182 -1516.363058 -1538.310621 -1554.138894 -1565.343924 -1573.161217 -1578.554171 -1582.243984 -1584.757314 -1586.483759 -1587.772583 -1589.228687 -1592.708736 -1603.765082 -1639.126893 -1994.511414 -4127.743737 -4183.160673 -4183.163731 -4183.161159 -4183.160732 -4183.160676 -4183.160640 -4183.160536 -4183.160211 -4183.159662 -4183.158944 -4183.157738 -4183.155379 -4183.150184 -4183.137744 -4183.106165 -4183.003302 -4086.344424 -1825.952525 -1599.507759 -1595.569774 -1591.603261 -1590.377979 -1590.124500 -1590.080701 -1590.074106 -1590.073645 -1590.074112 -1590.074628 -1590.075055 -1590.075392 -1590.075658 -1590.075871 -1590.076046 -1590.076193 -1590.076321 -1590.076440 -1590.076558 -1590.076688 -1590.076845 -1590.077054 -1590.077350 -1590.077790 -1590.078467 -1590.079536 -1590.081265 -1590.084128 -1590.088994 -1590.097515 -1590.112908 -1590.141597 -1590.196715 -1590.306043 -1590.531580 -1591.021649 -1592.157534 -1594.995968 -1602.805961 -1627.523844 -9999.0 -9999.0
-9999.0 -9999.0 -9999.0 -9999.0 -9999.0 -9999.0 -9999.0 -9999.0 -9999.0 -9999.0 -9999.0 -9999.0 -9999.0 -9999.0 -9999.0 -9999.0 -9999.0 -9999.0 -9999.0 -9999.0 -9999.0 -9999.0 -9999.0 -9999.0 -9999.0 -9999.0 -9999.0 -9999.0 -9999.0 -9999.0 -9999.0 -9999.0 -9999.0 -9999.0 -9999.0 -9999.0 -9999.0 -9999.0 -9999.0 -9999.0 -9999.0 -9999.0 -9999.0 -9999.0 -9999.0 -9999.0 -9999.0 -9999.0 -9999.0 -9999.0 -9999.0 -9999.0 -9999.0 -9999.0 -9999.0 -9999.0 -9999.0 -9999.0 -9999.0 -9999.0 -9999.0 -9999.0 -9999.0 -9999.0 -9999.0 -9999.0 -9999.0 -9999.0 -9999.0 -9999.0 -9999.0 -9999.0 -9999.0 -9999.0 -9999.0 -9999.0 -9999.0 -9999.0 -9999.0 -9999.0 -9999.0 -9999.0 -9999.0 -9999.0 -9999.0 -9999.0 -9999.0 -9999.0 -9999.0 -9999.0 -9999.0 -9999.0 -9999.0 -9999.0 -9999.0 -9999.0 -9999.0 -9999.0 -9999.0 -9999.0 -9999.0 -9999.0 -9999.0 -9999.0
-9999.0 -9999.0 -9999.0 -9999.0 -9999.0 -9999.0 -9999.0 -9999.0 -9999.0 -9999.0 -9999.0 -9999.0 -9999.0 -9999.0 -9999.0 -9999.0 -9999.0 -9999.0 -9999.0 -9999.0 -9999.0 -9999.0 -9999.0 -9999.0 -9999.0 -9999.0 -9999.0 -9999.0 -9999.0 -9999.0 -9999.0 -9999.0 -9999.0 -9999.0 -9999.0 -9999.0 -9999.0 -9999.0 -9999.0 -9999.0 -9999.0 -9999.0 -9999.0 -9999.0 -9999.0 -9999.0 -9999.0 -9999.0 -9999.0 -9999.0 -9999.0 -9999.0 -9999.0 -9999.0 -9999.0 -9999.0 -9999.0 -9999.0 -9999.0 -9999.0 -9999.0 -9999.0 -9999.0 -9999.0 -9999.0 -9999.0 -9999.0 -9999.0 -9999.0 -9999.0 -9999.0 -9999.0 -9999.0 -9999.0 -9999.0 -9999.0 -9999.0 -9999.0 -9999.0 -9999.0 -9999.0 -9999.0 -9999.0 -9999.0 -9999.0 -9999.0 -9999.0 -9999.0 -9999.0 -9999.0 -9999.0 -9999.0 -9999.0 -9999.0 -9999.0 -9999.0 -9999.0 -9999.0 -9999.0 -9999.0 -9999.0 -9999.0 -9999.0 -9999.0