inst/processing_geotop_simulation/geotop_simulation/out/maps3D/PwL0016N0425.asc
ncols         104
nrows         10
xllcorner     -2.000000
yllcorner     0.000000
cellsize      1.000000
NODATA_value  -9999.0
-9999.0 -9999.0 -9999.0 -9999.0 -9999.0 -9999.0 -9999.0 -9999.0 -9999.0 -9999.0 -9999.0 -9999.0 -9999.0 -9999.0 -9999.0 -9999.0 -9999.0 -9999.0 -9999.0 -9999.0 -9999.0 -9999.0 -9999.0 -9999.0 -9999.0 -9999.0 -9999.0 -9999.0 -9999.0 -9999.0 -9999.0 -9999.0 -9999.0 -9999.0 -9999.0 -9999.0 -9999.0 -9999.0 -9999.0 -9999.0 -9999.0 -9999.0 -9999.0 -9999.0 -9999.0 -9999.0 -9999.0 -9999.0 -9999.0 -9999.0 -9999.0 -9999.0 -9999.0 -9999.0 -9999.0 -9999.0 -9999.0 -9999.0 -9999.0 -9999.0 -9999.0 -9999.0 -9999.0 -9999.0 -9999.0 -9999.0 -9999.0 -9999.0 -9999.0 -9999.0 -9999.0 -9999.0 -9999.0 -9999.0 -9999.0 -9999.0 -9999.0 -9999.0 -9999.0 -9999.0 -9999.0 -9999.0 -9999.0 -9999.0 -9999.0 -9999.0 -9999.0 -9999.0 -9999.0 -9999.0 -9999.0 -9999.0 -9999.0 -9999.0 -9999.0 -9999.0 -9999.0 -9999.0 -9999.0 -9999.0 -9999.0 -9999.0 -9999.0 -9999.0
-9999.0 -9999.0 -9999.0 -9999.0 -9999.0 -9999.0 -9999.0 -9999.0 -9999.0 -9999.0 -9999.0 -9999.0 -9999.0 -9999.0 -9999.0 -9999.0 -9999.0 -9999.0 -9999.0 -9999.0 -9999.0 -9999.0 -9999.0 -9999.0 -9999.0 -9999.0 -9999.0 -9999.0 -9999.0 -9999.0 -9999.0 -9999.0 -9999.0 -9999.0 -9999.0 -9999.0 -9999.0 -9999.0 -9999.0 -9999.0 -9999.0 -9999.0 -9999.0 -9999.0 -9999.0 -9999.0 -9999.0 -9999.0 -9999.0 -9999.0 -9999.0 -9999.0 -9999.0 -9999.0 -9999.0 -9999.0 -9999.0 -9999.0 -9999.0 -9999.0 -9999.0 -9999.0 -9999.0 -9999.0 -9999.0 -9999.0 -9999.0 -9999.0 -9999.0 -9999.0 -9999.0 -9999.0 -9999.0 -9999.0 -9999.0 -9999.0 -9999.0 -9999.0 -9999.0 -9999.0 -9999.0 -9999.0 -9999.0 -9999.0 -9999.0 -9999.0 -9999.0 -9999.0 -9999.0 -9999.0 -9999.0 -9999.0 -9999.0 -9999.0 -9999.0 -9999.0 -9999.0 -9999.0 -9999.0 -9999.0 -9999.0 -9999.0 -9999.0 -9999.0
-9999.0 -9999.0 770.061452 671.123996 572.007637 472.742029 373.403265 274.032906 174.652401 75.273122 -24.096793 -123.452830 -222.793021 -322.105444 -421.368340 -520.546258 -619.575195 -718.351544 -817.215780 -915.912585 -1014.360302 -1112.409281 -1207.151114 -1297.670654 -1381.769982 -1457.345961 -1522.839064 -1577.533750 -1621.620268 -1656.030319 -1682.147292 -1701.511124 -1715.596643 -1725.687637 -1732.831387 -1737.847230 -1741.373211 -1743.974737 -1746.434872 -1750.359861 -1757.764757 -1764.430613 -1926.799618 -4094.447310 -4182.599097 -4181.775438 -4181.005044 -4180.873917 -4180.859855 -4180.860337 -4180.861491 -4180.858706 -4180.851782 -4180.841597 -4180.822308 -4180.783559 -4180.704740 -4180.571799 -4180.507567 -4179.816776 -4006.246154 -1703.147030 -1721.843922 -1749.684388 -1750.239602 -1749.407502 -1749.143316 -1749.087158 -1749.077389 -1749.076233 -1749.076504 -1749.076940 -1749.077333 -1749.077663 -1749.077941 -1749.078181 -1749.078394 -1749.078588 -1749.078770 -1749.078948 -1749.079130 -1749.079324 -1749.079545 -1749.079811 -1749.080152 -1749.080616 -1749.081278 -1749.082267 -1749.083807 -1749.086295 -1749.090471 -1749.097746 -1749.110894 -1749.135517 -1749.183262 -1749.279429 -1749.482297 -1749.935695 -1751.021110 -1753.837549 -1761.893272 -1787.777804 -9999.0 -9999.0
-9999.0 -9999.0 770.064993 671.125217 572.008014 472.742149 373.403305 274.032920 174.652406 75.273124 -24.096792 -123.452829 -222.793021 -322.105444 -421.368340 -520.546259 -619.575195 -718.351544 -817.215780 -915.912586 -1014.360303 -1112.409282 -1207.151114 -1297.670654 -1381.769982 -1457.345961 -1522.839064 -1577.533750 -1621.620268 -1656.030319 -1682.147292 -1701.511124 -1715.596643 -1725.687637 -1732.831387 -1737.847230 -1741.373211 -1743.974737 -1746.434872 -1750.359860 -1757.764757 -1764.430613 -1926.799617 -4094.447310 -4182.599097 -4181.775438 -4181.005044 -4180.873917 -4180.859855 -4180.860337 -4180.861491 -4180.858706 -4180.851782 -4180.841597 -4180.822308 -4180.783559 -4180.704740 -4180.571799 -4180.507567 -4179.816776 -4006.246154 -1703.147030 -1721.843922 -1749.684388 -1750.239602 -1749.407502 -1749.143316 -1749.087158 -1749.077389 -1749.076233 -1749.076504 -1749.076940 -1749.077333 -1749.077663 -1749.077941 -1749.078181 -1749.078394 -1749.078588 -1749.078770 -1749.078948 -1749.079130 -1749.079324 -1749.079545 -1749.079811 -1749.080152 -1749.080616 -1749.081278 -1749.082267 -1749.083807 -1749.086295 -1749.090471 -1749.097746 -1749.110894 -1749.135516 -1749.183262 -1749.279429 -1749.482297 -1749.935695 -1751.021110 -1753.837549 -1761.893272 -1787.777804 -9999.0 -9999.0
-9999.0 -9999.0 770.066162 671.125832 572.008269 472.742245 373.403340 274.032933 174.652411 75.273126 -24.096791 -123.452829 -222.793020 -322.105444 -421.368340 -520.546259 -619.575195 -718.351544 -817.215780 -915.912586 -1014.360303 -1112.409282 -1207.151114 -1297.670655 -1381.769982 -1457.345961 -1522.839064 -1577.533750 -1621.620268 -1656.030319 -1682.147292 -1701.511124 -1715.596643 -1725.687637 -1732.831387 -1737.847230 -1741.373211 -1743.974737 -1746.434872 -1750.359860 -1757.764757 -1764.430613 -1926.799617 -4094.447310 -4182.599097 -4181.775438 -4181.005044 -4180.873917 -4180.859855 -4180.860337 -4180.861491 -4180.858706 -4180.851782 -4180.841597 -4180.822308 -4180.783559 -4180.704740 -4180.571799 -4180.507567 -4179.816776 -4006.246154 -1703.147030 -1721.843922 -1749.684388 -1750.239602 -1749.407502 -1749.143316 -1749.087158 -1749.077389 -1749.076233 -1749.076504 -1749.076940 -1749.077333 -1749.077663 -1749.077941 -1749.078181 -1749.078394 -1749.078588 -1749.078770 -1749.078948 -1749.079130 -1749.079324 -1749.079545 -1749.079811 -1749.080152 -1749.080616 -1749.081278 -1749.082267 -1749.083807 -1749.086295 -1749.090471 -1749.097746 -1749.110894 -1749.135516 -1749.183262 -1749.279429 -1749.482297 -1749.935695 -1751.021110 -1753.837549 -1761.893272 -1787.777804 -9999.0 -9999.0
-9999.0 -9999.0 770.066162 671.125832 572.008269 472.742245 373.403340 274.032933 174.652411 75.273126 -24.096791 -123.452829 -222.793020 -322.105444 -421.368340 -520.546259 -619.575195 -718.351544 -817.215780 -915.912586 -1014.360303 -1112.409282 -1207.151114 -1297.670655 -1381.769982 -1457.345961 -1522.839064 -1577.533750 -1621.620268 -1656.030319 -1682.147292 -1701.511124 -1715.596643 -1725.687637 -1732.831387 -1737.847230 -1741.373211 -1743.974737 -1746.434872 -1750.359860 -1757.764757 -1764.430613 -1926.799617 -4094.447310 -4182.599097 -4181.775438 -4181.005044 -4180.873917 -4180.859855 -4180.860337 -4180.861491 -4180.858706 -4180.851782 -4180.841597 -4180.822308 -4180.783559 -4180.704740 -4180.571799 -4180.507567 -4179.816776 -4006.246154 -1703.147030 -1721.843922 -1749.684388 -1750.239602 -1749.407502 -1749.143316 -1749.087158 -1749.077389 -1749.076233 -1749.076504 -1749.076940 -1749.077333 -1749.077663 -1749.077941 -1749.078181 -1749.078394 -1749.078588 -1749.078770 -1749.078948 -1749.079130 -1749.079324 -1749.079545 -1749.079811 -1749.080152 -1749.080616 -1749.081278 -1749.082267 -1749.083807 -1749.086295 -1749.090471 -1749.097746 -1749.110894 -1749.135516 -1749.183262 -1749.279429 -1749.482297 -1749.935695 -1751.021110 -1753.837549 -1761.893272 -1787.777804 -9999.0 -9999.0
-9999.0 -9999.0 770.064993 671.125217 572.008014 472.742149 373.403305 274.032920 174.652406 75.273124 -24.096792 -123.452829 -222.793021 -322.105444 -421.368340 -520.546259 -619.575195 -718.351544 -817.215780 -915.912586 -1014.360303 -1112.409282 -1207.151114 -1297.670654 -1381.769982 -1457.345961 -1522.839064 -1577.533750 -1621.620268 -1656.030319 -1682.147292 -1701.511124 -1715.596643 -1725.687637 -1732.831387 -1737.847230 -1741.373211 -1743.974737 -1746.434872 -1750.359860 -1757.764757 -1764.430613 -1926.799617 -4094.447310 -4182.599097 -4181.775438 -4181.005044 -4180.873917 -4180.859855 -4180.860337 -4180.861491 -4180.858706 -4180.851782 -4180.841597 -4180.822308 -4180.783559 -4180.704740 -4180.571799 -4180.507567 -4179.816776 -4006.246154 -1703.147030 -1721.843922 -1749.684388 -1750.239602 -1749.407502 -1749.143316 -1749.087158 -1749.077389 -1749.076233 -1749.076504 -1749.076940 -1749.077333 -1749.077663 -1749.077941 -1749.078181 -1749.078394 -1749.078588 -1749.078770 -1749.078948 -1749.079130 -1749.079324 -1749.079545 -1749.079811 -1749.080152 -1749.080616 -1749.081278 -1749.082267 -1749.083807 -1749.086295 -1749.090471 -1749.097746 -1749.110894 -1749.135516 -1749.183262 -1749.279429 -1749.482297 -1749.935695 -1751.021110 -1753.837549 -1761.893272 -1787.777804 -9999.0 -9999.0
-9999.0 -9999.0 770.061452 671.123996 572.007637 472.742029 373.403265 274.032906 174.652401 75.273122 -24.096793 -123.452830 -222.793021 -322.105444 -421.368340 -520.546258 -619.575195 -718.351544 -817.215780 -915.912585 -1014.360302 -1112.409281 -1207.151114 -1297.670654 -1381.769982 -1457.345961 -1522.839064 -1577.533750 -1621.620268 -1656.030319 -1682.147292 -1701.511124 -1715.596643 -1725.687637 -1732.831387 -1737.847230 -1741.373211 -1743.974737 -1746.434872 -1750.359861 -1757.764757 -1764.430613 -1926.799618 -4094.447310 -4182.599097 -4181.775438 -4181.005044 -4180.873917 -4180.859855 -4180.860337 -4180.861491 -4180.858706 -4180.851782 -4180.841597 -4180.822308 -4180.783559 -4180.704740 -4180.571799 -4180.507567 -4179.816776 -4006.246154 -1703.147030 -1721.843922 -1749.684388 -1750.239602 -1749.407502 -1749.143316 -1749.087158 -1749.077389 -1749.076233 -1749.076504 -1749.076940 -1749.077333 -1749.077663 -1749.077941 -1749.078181 -1749.078394 -1749.078588 -1749.078770 -1749.078948 -1749.079130 -1749.079324 -1749.079545 -1749.079811 -1749.080152 -1749.080616 -1749.081278 -1749.082267 -1749.083807 -1749.086295 -1749.090471 -1749.097746 -1749.110894 -1749.135517 -1749.183262 -1749.279429 -1749.482297 -1749.935695 -1751.021110 -1753.837549 -1761.893272 -1787.777804 -9999.0 -9999.0
-9999.0 -9999.0 -9999.0 -9999.0 -9999.0 -9999.0 -9999.0 -9999.0 -9999.0 -9999.0 -9999.0 -9999.0 -9999.0 -9999.0 -9999.0 -9999.0 -9999.0 -9999.0 -9999.0 -9999.0 -9999.0 -9999.0 -9999.0 -9999.0 -9999.0 -9999.0 -9999.0 -9999.0 -9999.0 -9999.0 -9999.0 -9999.0 -9999.0 -9999.0 -9999.0 -9999.0 -9999.0 -9999.0 -9999.0 -9999.0 -9999.0 -9999.0 -9999.0 -9999.0 -9999.0 -9999.0 -9999.0 -9999.0 -9999.0 -9999.0 -9999.0 -9999.0 -9999.0 -9999.0 -9999.0 -9999.0 -9999.0 -9999.0 -9999.0 -9999.0 -9999.0 -9999.0 -9999.0 -9999.0 -9999.0 -9999.0 -9999.0 -9999.0 -9999.0 -9999.0 -9999.0 -9999.0 -9999.0 -9999.0 -9999.0 -9999.0 -9999.0 -9999.0 -9999.0 -9999.0 -9999.0 -9999.0 -9999.0 -9999.0 -9999.0 -9999.0 -9999.0 -9999.0 -9999.0 -9999.0 -9999.0 -9999.0 -9999.0 -9999.0 -9999.0 -9999.0 -9999.0 -9999.0 -9999.0 -9999.0 -9999.0 -9999.0 -9999.0 -9999.0
-9999.0 -9999.0 -9999.0 -9999.0 -9999.0 -9999.0 -9999.0 -9999.0 -9999.0 -9999.0 -9999.0 -9999.0 -9999.0 -9999.0 -9999.0 -9999.0 -9999.0 -9999.0 -9999.0 -9999.0 -9999.0 -9999.0 -9999.0 -9999.0 -9999.0 -9999.0 -9999.0 -9999.0 -9999.0 -9999.0 -9999.0 -9999.0 -9999.0 -9999.0 -9999.0 -9999.0 -9999.0 -9999.0 -9999.0 -9999.0 -9999.0 -9999.0 -9999.0 -9999.0 -9999.0 -9999.0 -9999.0 -9999.0 -9999.0 -9999.0 -9999.0 -9999.0 -9999.0 -9999.0 -9999.0 -9999.0 -9999.0 -9999.0 -9999.0 -9999.0 -9999.0 -9999.0 -9999.0 -9999.0 -9999.0 -9999.0 -9999.0 -9999.0 -9999.0 -9999.0 -9999.0 -9999.0 -9999.0 -9999.0 -9999.0 -9999.0 -9999.0 -9999.0 -9999.0 -9999.0 -9999.0 -9999.0 -9999.0 -9999.0 -9999.0 -9999.0 -9999.0 -9999.0 -9999.0 -9999.0 -9999.0 -9999.0 -9999.0 -9999.0 -9999.0 -9999.0 -9999.0 -9999.0 -9999.0 -9999.0 -9999.0 -9999.0 -9999.0 -9999.0