inst/processing_geotop_simulation/geotop_simulation/out/maps3D/PwL0008N0306.asc
ncols         104
nrows         10
xllcorner     -2.000000
yllcorner     0.000000
cellsize      1.000000
NODATA_value  -9999.0
-9999.0 -9999.0 -9999.0 -9999.0 -9999.0 -9999.0 -9999.0 -9999.0 -9999.0 -9999.0 -9999.0 -9999.0 -9999.0 -9999.0 -9999.0 -9999.0 -9999.0 -9999.0 -9999.0 -9999.0 -9999.0 -9999.0 -9999.0 -9999.0 -9999.0 -9999.0 -9999.0 -9999.0 -9999.0 -9999.0 -9999.0 -9999.0 -9999.0 -9999.0 -9999.0 -9999.0 -9999.0 -9999.0 -9999.0 -9999.0 -9999.0 -9999.0 -9999.0 -9999.0 -9999.0 -9999.0 -9999.0 -9999.0 -9999.0 -9999.0 -9999.0 -9999.0 -9999.0 -9999.0 -9999.0 -9999.0 -9999.0 -9999.0 -9999.0 -9999.0 -9999.0 -9999.0 -9999.0 -9999.0 -9999.0 -9999.0 -9999.0 -9999.0 -9999.0 -9999.0 -9999.0 -9999.0 -9999.0 -9999.0 -9999.0 -9999.0 -9999.0 -9999.0 -9999.0 -9999.0 -9999.0 -9999.0 -9999.0 -9999.0 -9999.0 -9999.0 -9999.0 -9999.0 -9999.0 -9999.0 -9999.0 -9999.0 -9999.0 -9999.0 -9999.0 -9999.0 -9999.0 -9999.0 -9999.0 -9999.0 -9999.0 -9999.0 -9999.0 -9999.0
-9999.0 -9999.0 -9999.0 -9999.0 -9999.0 -9999.0 -9999.0 -9999.0 -9999.0 -9999.0 -9999.0 -9999.0 -9999.0 -9999.0 -9999.0 -9999.0 -9999.0 -9999.0 -9999.0 -9999.0 -9999.0 -9999.0 -9999.0 -9999.0 -9999.0 -9999.0 -9999.0 -9999.0 -9999.0 -9999.0 -9999.0 -9999.0 -9999.0 -9999.0 -9999.0 -9999.0 -9999.0 -9999.0 -9999.0 -9999.0 -9999.0 -9999.0 -9999.0 -9999.0 -9999.0 -9999.0 -9999.0 -9999.0 -9999.0 -9999.0 -9999.0 -9999.0 -9999.0 -9999.0 -9999.0 -9999.0 -9999.0 -9999.0 -9999.0 -9999.0 -9999.0 -9999.0 -9999.0 -9999.0 -9999.0 -9999.0 -9999.0 -9999.0 -9999.0 -9999.0 -9999.0 -9999.0 -9999.0 -9999.0 -9999.0 -9999.0 -9999.0 -9999.0 -9999.0 -9999.0 -9999.0 -9999.0 -9999.0 -9999.0 -9999.0 -9999.0 -9999.0 -9999.0 -9999.0 -9999.0 -9999.0 -9999.0 -9999.0 -9999.0 -9999.0 -9999.0 -9999.0 -9999.0 -9999.0 -9999.0 -9999.0 -9999.0 -9999.0 -9999.0
-9999.0 -9999.0 374.885978 277.686475 179.455878 80.815018 -17.989774 -116.858674 -215.748411 -314.625478 -413.455814 -512.174829 -610.642720 -708.588135 -806.585589 -904.483382 -1002.180727 -1099.689345 -1195.166786 -1288.346659 -1377.458542 -1459.600000 -1531.671663 -1591.700000 -1639.386077 -1675.805828 -1702.768095 -1722.249332 -1736.056867 -1745.691642 -1752.329362 -1756.854986 -1759.915093 -1761.971134 -1763.346674 -1764.267643 -1764.900927 -1765.421597 -1766.247633 -1768.801773 -1775.560712 -1763.872639 -1220.463564 -1293.462751 -1264.971017 -1246.705184 -1238.264368 -1237.068252 -1236.943591 -1236.955860 -1236.987707 -1237.021922 -1237.054793 -1237.085226 -1237.113453 -1237.146143 -1237.247378 -1237.942654 -1242.352848 -1252.282072 -1265.421882 -1176.690983 -1734.058052 -1768.782471 -1767.388344 -1766.427986 -1766.217876 -1766.181753 -1766.176434 -1766.176187 -1766.176695 -1766.177220 -1766.177645 -1766.177974 -1766.178227 -1766.178426 -1766.178585 -1766.178715 -1766.178825 -1766.178925 -1766.179023 -1766.179133 -1766.179270 -1766.179459 -1766.179737 -1766.180161 -1766.180826 -1766.181891 -1766.183624 -1766.186506 -1766.191409 -1766.199989 -1766.215455 -1766.244184 -1766.299088 -1766.407019 -1766.626443 -1767.093653 -1768.153258 -1770.761970 -1777.958656 -1801.412706 -9999.0 -9999.0
-9999.0 -9999.0 374.893027 277.688266 179.456361 80.815161 -17.989728 -116.858658 -215.748406 -314.625476 -413.455813 -512.174828 -610.642720 -708.588134 -806.585589 -904.483382 -1002.180727 -1099.689345 -1195.166786 -1288.346659 -1377.458542 -1459.600000 -1531.671663 -1591.700000 -1639.386077 -1675.805828 -1702.768095 -1722.249332 -1736.056867 -1745.691642 -1752.329362 -1756.854986 -1759.915093 -1761.971134 -1763.346674 -1764.267643 -1764.900927 -1765.421597 -1766.247633 -1768.801773 -1775.560712 -1763.872639 -1220.463564 -1293.462751 -1264.971017 -1246.705184 -1238.264368 -1237.068252 -1236.943591 -1236.955860 -1236.987707 -1237.021922 -1237.054793 -1237.085226 -1237.113453 -1237.146143 -1237.247378 -1237.942654 -1242.352848 -1252.282072 -1265.421882 -1176.690983 -1734.058052 -1768.782471 -1767.388344 -1766.427986 -1766.217876 -1766.181753 -1766.176434 -1766.176187 -1766.176695 -1766.177220 -1766.177645 -1766.177974 -1766.178227 -1766.178426 -1766.178585 -1766.178715 -1766.178825 -1766.178925 -1766.179023 -1766.179133 -1766.179270 -1766.179459 -1766.179737 -1766.180161 -1766.180826 -1766.181891 -1766.183624 -1766.186506 -1766.191409 -1766.199989 -1766.215455 -1766.244184 -1766.299088 -1766.407019 -1766.626443 -1767.093653 -1768.153258 -1770.761970 -1777.958656 -1801.412706 -9999.0 -9999.0
-9999.0 -9999.0 374.894474 277.689041 179.456670 80.815275 -17.989687 -116.858644 -215.748401 -314.625474 -413.455812 -512.174828 -610.642720 -708.588134 -806.585589 -904.483382 -1002.180727 -1099.689345 -1195.166786 -1288.346659 -1377.458542 -1459.600000 -1531.671663 -1591.700000 -1639.386077 -1675.805828 -1702.768095 -1722.249332 -1736.056867 -1745.691642 -1752.329362 -1756.854986 -1759.915093 -1761.971134 -1763.346674 -1764.267643 -1764.900927 -1765.421597 -1766.247633 -1768.801773 -1775.560712 -1763.872639 -1220.463564 -1293.462751 -1264.971017 -1246.705183 -1238.264368 -1237.068252 -1236.943591 -1236.955860 -1236.987707 -1237.021922 -1237.054793 -1237.085226 -1237.113453 -1237.146143 -1237.247378 -1237.942654 -1242.352848 -1252.282072 -1265.421882 -1176.690983 -1734.058052 -1768.782471 -1767.388344 -1766.427986 -1766.217876 -1766.181753 -1766.176434 -1766.176187 -1766.176695 -1766.177220 -1766.177645 -1766.177974 -1766.178227 -1766.178426 -1766.178585 -1766.178715 -1766.178825 -1766.178925 -1766.179023 -1766.179133 -1766.179270 -1766.179459 -1766.179737 -1766.180161 -1766.180826 -1766.181891 -1766.183624 -1766.186506 -1766.191409 -1766.199989 -1766.215455 -1766.244184 -1766.299088 -1766.407019 -1766.626443 -1767.093653 -1768.153258 -1770.761970 -1777.958656 -1801.412706 -9999.0 -9999.0
-9999.0 -9999.0 374.894474 277.689041 179.456670 80.815275 -17.989687 -116.858644 -215.748401 -314.625474 -413.455812 -512.174828 -610.642720 -708.588134 -806.585589 -904.483382 -1002.180727 -1099.689345 -1195.166786 -1288.346659 -1377.458542 -1459.600000 -1531.671663 -1591.700000 -1639.386077 -1675.805828 -1702.768095 -1722.249332 -1736.056867 -1745.691642 -1752.329362 -1756.854986 -1759.915093 -1761.971134 -1763.346674 -1764.267643 -1764.900927 -1765.421597 -1766.247633 -1768.801773 -1775.560712 -1763.872639 -1220.463564 -1293.462751 -1264.971017 -1246.705183 -1238.264368 -1237.068252 -1236.943591 -1236.955860 -1236.987707 -1237.021922 -1237.054793 -1237.085226 -1237.113453 -1237.146143 -1237.247378 -1237.942654 -1242.352848 -1252.282072 -1265.421882 -1176.690983 -1734.058052 -1768.782471 -1767.388344 -1766.427986 -1766.217876 -1766.181753 -1766.176434 -1766.176187 -1766.176695 -1766.177220 -1766.177645 -1766.177974 -1766.178227 -1766.178426 -1766.178585 -1766.178715 -1766.178825 -1766.178925 -1766.179023 -1766.179133 -1766.179270 -1766.179459 -1766.179737 -1766.180161 -1766.180826 -1766.181891 -1766.183624 -1766.186506 -1766.191409 -1766.199989 -1766.215455 -1766.244184 -1766.299088 -1766.407019 -1766.626443 -1767.093653 -1768.153258 -1770.761970 -1777.958656 -1801.412706 -9999.0 -9999.0
-9999.0 -9999.0 374.893027 277.688266 179.456360 80.815161 -17.989728 -116.858658 -215.748406 -314.625476 -413.455813 -512.174828 -610.642720 -708.588134 -806.585589 -904.483382 -1002.180727 -1099.689345 -1195.166786 -1288.346659 -1377.458542 -1459.600000 -1531.671663 -1591.700000 -1639.386077 -1675.805828 -1702.768095 -1722.249332 -1736.056867 -1745.691642 -1752.329362 -1756.854986 -1759.915093 -1761.971134 -1763.346674 -1764.267643 -1764.900927 -1765.421597 -1766.247633 -1768.801773 -1775.560712 -1763.872639 -1220.463564 -1293.462751 -1264.971017 -1246.705184 -1238.264368 -1237.068252 -1236.943591 -1236.955860 -1236.987707 -1237.021922 -1237.054793 -1237.085226 -1237.113453 -1237.146143 -1237.247378 -1237.942654 -1242.352848 -1252.282072 -1265.421882 -1176.690983 -1734.058052 -1768.782471 -1767.388344 -1766.427986 -1766.217876 -1766.181753 -1766.176434 -1766.176187 -1766.176695 -1766.177220 -1766.177645 -1766.177974 -1766.178227 -1766.178426 -1766.178585 -1766.178715 -1766.178825 -1766.178925 -1766.179023 -1766.179133 -1766.179270 -1766.179459 -1766.179737 -1766.180161 -1766.180826 -1766.181891 -1766.183624 -1766.186506 -1766.191409 -1766.199989 -1766.215455 -1766.244184 -1766.299088 -1766.407019 -1766.626443 -1767.093653 -1768.153258 -1770.761970 -1777.958656 -1801.412706 -9999.0 -9999.0
-9999.0 -9999.0 374.885978 277.686475 179.455878 80.815018 -17.989774 -116.858674 -215.748411 -314.625478 -413.455814 -512.174829 -610.642720 -708.588135 -806.585589 -904.483382 -1002.180727 -1099.689345 -1195.166786 -1288.346659 -1377.458542 -1459.600000 -1531.671663 -1591.700000 -1639.386077 -1675.805828 -1702.768095 -1722.249332 -1736.056867 -1745.691642 -1752.329362 -1756.854986 -1759.915093 -1761.971134 -1763.346674 -1764.267643 -1764.900927 -1765.421597 -1766.247633 -1768.801773 -1775.560712 -1763.872639 -1220.463564 -1293.462751 -1264.971017 -1246.705184 -1238.264368 -1237.068252 -1236.943591 -1236.955860 -1236.987707 -1237.021922 -1237.054793 -1237.085226 -1237.113453 -1237.146143 -1237.247378 -1237.942654 -1242.352848 -1252.282072 -1265.421882 -1176.690983 -1734.058052 -1768.782471 -1767.388344 -1766.427986 -1766.217876 -1766.181753 -1766.176434 -1766.176187 -1766.176695 -1766.177220 -1766.177645 -1766.177974 -1766.178227 -1766.178426 -1766.178585 -1766.178715 -1766.178825 -1766.178925 -1766.179023 -1766.179133 -1766.179270 -1766.179459 -1766.179737 -1766.180161 -1766.180826 -1766.181891 -1766.183624 -1766.186506 -1766.191409 -1766.199989 -1766.215455 -1766.244184 -1766.299088 -1766.407019 -1766.626443 -1767.093653 -1768.153258 -1770.761970 -1777.958656 -1801.412706 -9999.0 -9999.0
-9999.0 -9999.0 -9999.0 -9999.0 -9999.0 -9999.0 -9999.0 -9999.0 -9999.0 -9999.0 -9999.0 -9999.0 -9999.0 -9999.0 -9999.0 -9999.0 -9999.0 -9999.0 -9999.0 -9999.0 -9999.0 -9999.0 -9999.0 -9999.0 -9999.0 -9999.0 -9999.0 -9999.0 -9999.0 -9999.0 -9999.0 -9999.0 -9999.0 -9999.0 -9999.0 -9999.0 -9999.0 -9999.0 -9999.0 -9999.0 -9999.0 -9999.0 -9999.0 -9999.0 -9999.0 -9999.0 -9999.0 -9999.0 -9999.0 -9999.0 -9999.0 -9999.0 -9999.0 -9999.0 -9999.0 -9999.0 -9999.0 -9999.0 -9999.0 -9999.0 -9999.0 -9999.0 -9999.0 -9999.0 -9999.0 -9999.0 -9999.0 -9999.0 -9999.0 -9999.0 -9999.0 -9999.0 -9999.0 -9999.0 -9999.0 -9999.0 -9999.0 -9999.0 -9999.0 -9999.0 -9999.0 -9999.0 -9999.0 -9999.0 -9999.0 -9999.0 -9999.0 -9999.0 -9999.0 -9999.0 -9999.0 -9999.0 -9999.0 -9999.0 -9999.0 -9999.0 -9999.0 -9999.0 -9999.0 -9999.0 -9999.0 -9999.0 -9999.0 -9999.0
-9999.0 -9999.0 -9999.0 -9999.0 -9999.0 -9999.0 -9999.0 -9999.0 -9999.0 -9999.0 -9999.0 -9999.0 -9999.0 -9999.0 -9999.0 -9999.0 -9999.0 -9999.0 -9999.0 -9999.0 -9999.0 -9999.0 -9999.0 -9999.0 -9999.0 -9999.0 -9999.0 -9999.0 -9999.0 -9999.0 -9999.0 -9999.0 -9999.0 -9999.0 -9999.0 -9999.0 -9999.0 -9999.0 -9999.0 -9999.0 -9999.0 -9999.0 -9999.0 -9999.0 -9999.0 -9999.0 -9999.0 -9999.0 -9999.0 -9999.0 -9999.0 -9999.0 -9999.0 -9999.0 -9999.0 -9999.0 -9999.0 -9999.0 -9999.0 -9999.0 -9999.0 -9999.0 -9999.0 -9999.0 -9999.0 -9999.0 -9999.0 -9999.0 -9999.0 -9999.0 -9999.0 -9999.0 -9999.0 -9999.0 -9999.0 -9999.0 -9999.0 -9999.0 -9999.0 -9999.0 -9999.0 -9999.0 -9999.0 -9999.0 -9999.0 -9999.0 -9999.0 -9999.0 -9999.0 -9999.0 -9999.0 -9999.0 -9999.0 -9999.0 -9999.0 -9999.0 -9999.0 -9999.0 -9999.0 -9999.0 -9999.0 -9999.0 -9999.0 -9999.0