inst/processing_geotop_simulation/geotop_simulation/out/maps3D/PwL0002N0168.asc
ncols         104
nrows         10
xllcorner     -2.000000
yllcorner     0.000000
cellsize      1.000000
NODATA_value  -9999.0
-9999.0 -9999.0 -9999.0 -9999.0 -9999.0 -9999.0 -9999.0 -9999.0 -9999.0 -9999.0 -9999.0 -9999.0 -9999.0 -9999.0 -9999.0 -9999.0 -9999.0 -9999.0 -9999.0 -9999.0 -9999.0 -9999.0 -9999.0 -9999.0 -9999.0 -9999.0 -9999.0 -9999.0 -9999.0 -9999.0 -9999.0 -9999.0 -9999.0 -9999.0 -9999.0 -9999.0 -9999.0 -9999.0 -9999.0 -9999.0 -9999.0 -9999.0 -9999.0 -9999.0 -9999.0 -9999.0 -9999.0 -9999.0 -9999.0 -9999.0 -9999.0 -9999.0 -9999.0 -9999.0 -9999.0 -9999.0 -9999.0 -9999.0 -9999.0 -9999.0 -9999.0 -9999.0 -9999.0 -9999.0 -9999.0 -9999.0 -9999.0 -9999.0 -9999.0 -9999.0 -9999.0 -9999.0 -9999.0 -9999.0 -9999.0 -9999.0 -9999.0 -9999.0 -9999.0 -9999.0 -9999.0 -9999.0 -9999.0 -9999.0 -9999.0 -9999.0 -9999.0 -9999.0 -9999.0 -9999.0 -9999.0 -9999.0 -9999.0 -9999.0 -9999.0 -9999.0 -9999.0 -9999.0 -9999.0 -9999.0 -9999.0 -9999.0 -9999.0 -9999.0
-9999.0 -9999.0 -9999.0 -9999.0 -9999.0 -9999.0 -9999.0 -9999.0 -9999.0 -9999.0 -9999.0 -9999.0 -9999.0 -9999.0 -9999.0 -9999.0 -9999.0 -9999.0 -9999.0 -9999.0 -9999.0 -9999.0 -9999.0 -9999.0 -9999.0 -9999.0 -9999.0 -9999.0 -9999.0 -9999.0 -9999.0 -9999.0 -9999.0 -9999.0 -9999.0 -9999.0 -9999.0 -9999.0 -9999.0 -9999.0 -9999.0 -9999.0 -9999.0 -9999.0 -9999.0 -9999.0 -9999.0 -9999.0 -9999.0 -9999.0 -9999.0 -9999.0 -9999.0 -9999.0 -9999.0 -9999.0 -9999.0 -9999.0 -9999.0 -9999.0 -9999.0 -9999.0 -9999.0 -9999.0 -9999.0 -9999.0 -9999.0 -9999.0 -9999.0 -9999.0 -9999.0 -9999.0 -9999.0 -9999.0 -9999.0 -9999.0 -9999.0 -9999.0 -9999.0 -9999.0 -9999.0 -9999.0 -9999.0 -9999.0 -9999.0 -9999.0 -9999.0 -9999.0 -9999.0 -9999.0 -9999.0 -9999.0 -9999.0 -9999.0 -9999.0 -9999.0 -9999.0 -9999.0 -9999.0 -9999.0 -9999.0 -9999.0 -9999.0 -9999.0
-9999.0 -9999.0 81.544522 -6.682294 -100.988123 -196.758388 -293.060576 -389.530361 -485.974281 -582.229970 -677.927418 -772.908040 -867.051308 -960.363714 -1054.008090 -1147.375503 -1239.724843 -1332.108887 -1423.049602 -1502.944458 -1562.865289 -1603.817514 -1630.130526 -1646.559824 -1656.835418 -1663.430673 -1667.827010 -1670.858037 -1672.988069 -1674.491060 -1675.545927 -1676.279155 -1676.783439 -1677.126665 -1677.357937 -1677.513995 -1677.628699 -1677.752215 -1678.056502 -1679.586348 -1686.877138 -1688.929844 -1052.867658 -1050.562656 -1039.128916 -1031.933641 -1028.561088 -1028.074010 -1028.024010 -1028.031765 -1028.048290 -1028.065907 -1028.082824 -1028.098479 -1028.112923 -1028.128900 -1028.173068 -1028.464099 -1030.260364 -1034.313653 -1040.641945 -1034.974088 -1668.792233 -1682.554066 -1678.834015 -1678.046413 -1677.922763 -1677.903384 -1677.901128 -1677.901876 -1677.902981 -1677.903931 -1677.904667 -1677.905226 -1677.905652 -1677.905983 -1677.906243 -1677.906454 -1677.906628 -1677.906783 -1677.906934 -1677.907100 -1677.907310 -1677.907600 -1677.908029 -1677.908689 -1677.909726 -1677.911383 -1677.914070 -1677.918501 -1677.925960 -1677.938837 -1677.961720 -1678.003621 -1678.082483 -1678.234383 -1678.533127 -1679.136341 -1680.407360 -1683.267966 -1690.384369 -1711.902228 -9999.0 -9999.0
-9999.0 -9999.0 81.557219 -6.680003 -100.987551 -196.758221 -293.060523 -389.530344 -485.974274 -582.229968 -677.927417 -772.908040 -867.051308 -960.363714 -1054.008090 -1147.375503 -1239.724843 -1332.108887 -1423.049602 -1502.944459 -1562.865289 -1603.817514 -1630.130526 -1646.559824 -1656.835418 -1663.430673 -1667.827010 -1670.858037 -1672.988069 -1674.491060 -1675.545927 -1676.279155 -1676.783439 -1677.126665 -1677.357937 -1677.513995 -1677.628699 -1677.752215 -1678.056502 -1679.586348 -1686.877138 -1688.929844 -1052.867658 -1050.562656 -1039.128915 -1031.933641 -1028.561088 -1028.074010 -1028.024010 -1028.031765 -1028.048290 -1028.065907 -1028.082824 -1028.098479 -1028.112923 -1028.128900 -1028.173068 -1028.464099 -1030.260364 -1034.313653 -1040.641945 -1034.974088 -1668.792233 -1682.554066 -1678.834015 -1678.046413 -1677.922763 -1677.903384 -1677.901128 -1677.901876 -1677.902981 -1677.903931 -1677.904667 -1677.905226 -1677.905652 -1677.905983 -1677.906243 -1677.906454 -1677.906628 -1677.906783 -1677.906934 -1677.907100 -1677.907310 -1677.907600 -1677.908029 -1677.908689 -1677.909726 -1677.911383 -1677.914070 -1677.918501 -1677.925960 -1677.938837 -1677.961720 -1678.003621 -1678.082483 -1678.234383 -1678.533127 -1679.136341 -1680.407360 -1683.267966 -1690.384369 -1711.902228 -9999.0 -9999.0
-9999.0 -9999.0 81.558598 -6.679091 -100.987190 -196.758091 -293.060477 -389.530327 -485.974269 -582.229966 -677.927416 -772.908039 -867.051308 -960.363714 -1054.008090 -1147.375503 -1239.724843 -1332.108887 -1423.049602 -1502.944459 -1562.865289 -1603.817514 -1630.130527 -1646.559824 -1656.835418 -1663.430673 -1667.827010 -1670.858037 -1672.988069 -1674.491060 -1675.545927 -1676.279155 -1676.783439 -1677.126665 -1677.357937 -1677.513995 -1677.628699 -1677.752215 -1678.056502 -1679.586348 -1686.877138 -1688.929844 -1052.867658 -1050.562656 -1039.128915 -1031.933641 -1028.561088 -1028.074010 -1028.024010 -1028.031765 -1028.048290 -1028.065907 -1028.082824 -1028.098479 -1028.112923 -1028.128900 -1028.173068 -1028.464099 -1030.260364 -1034.313653 -1040.641945 -1034.974088 -1668.792233 -1682.554066 -1678.834015 -1678.046413 -1677.922763 -1677.903384 -1677.901128 -1677.901876 -1677.902981 -1677.903931 -1677.904667 -1677.905226 -1677.905652 -1677.905983 -1677.906243 -1677.906454 -1677.906628 -1677.906783 -1677.906934 -1677.907100 -1677.907310 -1677.907600 -1677.908029 -1677.908689 -1677.909726 -1677.911383 -1677.914070 -1677.918501 -1677.925960 -1677.938837 -1677.961720 -1678.003621 -1678.082483 -1678.234383 -1678.533127 -1679.136341 -1680.407360 -1683.267966 -1690.384369 -1711.902228 -9999.0 -9999.0
-9999.0 -9999.0 81.558598 -6.679091 -100.987190 -196.758091 -293.060477 -389.530327 -485.974269 -582.229966 -677.927416 -772.908039 -867.051308 -960.363714 -1054.008090 -1147.375503 -1239.724843 -1332.108887 -1423.049602 -1502.944459 -1562.865289 -1603.817514 -1630.130527 -1646.559824 -1656.835418 -1663.430673 -1667.827010 -1670.858037 -1672.988069 -1674.491060 -1675.545927 -1676.279155 -1676.783439 -1677.126665 -1677.357937 -1677.513995 -1677.628699 -1677.752215 -1678.056502 -1679.586348 -1686.877138 -1688.929844 -1052.867658 -1050.562656 -1039.128915 -1031.933641 -1028.561088 -1028.074010 -1028.024010 -1028.031765 -1028.048290 -1028.065907 -1028.082824 -1028.098479 -1028.112923 -1028.128900 -1028.173068 -1028.464099 -1030.260364 -1034.313653 -1040.641945 -1034.974088 -1668.792233 -1682.554066 -1678.834015 -1678.046413 -1677.922763 -1677.903384 -1677.901128 -1677.901876 -1677.902981 -1677.903931 -1677.904667 -1677.905226 -1677.905652 -1677.905983 -1677.906243 -1677.906454 -1677.906628 -1677.906783 -1677.906934 -1677.907100 -1677.907310 -1677.907600 -1677.908029 -1677.908689 -1677.909726 -1677.911383 -1677.914070 -1677.918501 -1677.925960 -1677.938837 -1677.961720 -1678.003621 -1678.082483 -1678.234383 -1678.533127 -1679.136341 -1680.407360 -1683.267966 -1690.384369 -1711.902228 -9999.0 -9999.0
-9999.0 -9999.0 81.557219 -6.680003 -100.987551 -196.758221 -293.060523 -389.530344 -485.974274 -582.229968 -677.927417 -772.908040 -867.051308 -960.363714 -1054.008090 -1147.375503 -1239.724843 -1332.108887 -1423.049602 -1502.944459 -1562.865289 -1603.817514 -1630.130526 -1646.559824 -1656.835418 -1663.430673 -1667.827010 -1670.858037 -1672.988069 -1674.491060 -1675.545927 -1676.279155 -1676.783439 -1677.126665 -1677.357937 -1677.513995 -1677.628699 -1677.752215 -1678.056502 -1679.586348 -1686.877138 -1688.929844 -1052.867658 -1050.562656 -1039.128915 -1031.933641 -1028.561088 -1028.074010 -1028.024010 -1028.031765 -1028.048290 -1028.065907 -1028.082824 -1028.098479 -1028.112923 -1028.128900 -1028.173068 -1028.464099 -1030.260364 -1034.313653 -1040.641945 -1034.974088 -1668.792233 -1682.554066 -1678.834015 -1678.046413 -1677.922763 -1677.903384 -1677.901128 -1677.901876 -1677.902981 -1677.903931 -1677.904667 -1677.905226 -1677.905652 -1677.905983 -1677.906243 -1677.906454 -1677.906628 -1677.906783 -1677.906934 -1677.907100 -1677.907310 -1677.907600 -1677.908029 -1677.908689 -1677.909726 -1677.911383 -1677.914070 -1677.918501 -1677.925960 -1677.938837 -1677.961720 -1678.003621 -1678.082483 -1678.234383 -1678.533127 -1679.136341 -1680.407360 -1683.267966 -1690.384369 -1711.902228 -9999.0 -9999.0
-9999.0 -9999.0 81.544522 -6.682294 -100.988123 -196.758388 -293.060576 -389.530361 -485.974281 -582.229970 -677.927418 -772.908040 -867.051308 -960.363714 -1054.008090 -1147.375503 -1239.724843 -1332.108887 -1423.049602 -1502.944458 -1562.865289 -1603.817514 -1630.130526 -1646.559824 -1656.835418 -1663.430673 -1667.827010 -1670.858037 -1672.988069 -1674.491060 -1675.545927 -1676.279155 -1676.783439 -1677.126665 -1677.357937 -1677.513995 -1677.628699 -1677.752215 -1678.056502 -1679.586348 -1686.877138 -1688.929844 -1052.867658 -1050.562656 -1039.128916 -1031.933641 -1028.561088 -1028.074010 -1028.024010 -1028.031765 -1028.048290 -1028.065907 -1028.082824 -1028.098479 -1028.112923 -1028.128900 -1028.173068 -1028.464099 -1030.260364 -1034.313653 -1040.641945 -1034.974088 -1668.792233 -1682.554066 -1678.834015 -1678.046413 -1677.922763 -1677.903384 -1677.901128 -1677.901876 -1677.902981 -1677.903931 -1677.904667 -1677.905226 -1677.905652 -1677.905983 -1677.906243 -1677.906454 -1677.906628 -1677.906783 -1677.906934 -1677.907100 -1677.907310 -1677.907600 -1677.908029 -1677.908689 -1677.909726 -1677.911383 -1677.914070 -1677.918501 -1677.925960 -1677.938837 -1677.961720 -1678.003621 -1678.082483 -1678.234383 -1678.533127 -1679.136341 -1680.407360 -1683.267966 -1690.384369 -1711.902228 -9999.0 -9999.0
-9999.0 -9999.0 -9999.0 -9999.0 -9999.0 -9999.0 -9999.0 -9999.0 -9999.0 -9999.0 -9999.0 -9999.0 -9999.0 -9999.0 -9999.0 -9999.0 -9999.0 -9999.0 -9999.0 -9999.0 -9999.0 -9999.0 -9999.0 -9999.0 -9999.0 -9999.0 -9999.0 -9999.0 -9999.0 -9999.0 -9999.0 -9999.0 -9999.0 -9999.0 -9999.0 -9999.0 -9999.0 -9999.0 -9999.0 -9999.0 -9999.0 -9999.0 -9999.0 -9999.0 -9999.0 -9999.0 -9999.0 -9999.0 -9999.0 -9999.0 -9999.0 -9999.0 -9999.0 -9999.0 -9999.0 -9999.0 -9999.0 -9999.0 -9999.0 -9999.0 -9999.0 -9999.0 -9999.0 -9999.0 -9999.0 -9999.0 -9999.0 -9999.0 -9999.0 -9999.0 -9999.0 -9999.0 -9999.0 -9999.0 -9999.0 -9999.0 -9999.0 -9999.0 -9999.0 -9999.0 -9999.0 -9999.0 -9999.0 -9999.0 -9999.0 -9999.0 -9999.0 -9999.0 -9999.0 -9999.0 -9999.0 -9999.0 -9999.0 -9999.0 -9999.0 -9999.0 -9999.0 -9999.0 -9999.0 -9999.0 -9999.0 -9999.0 -9999.0 -9999.0
-9999.0 -9999.0 -9999.0 -9999.0 -9999.0 -9999.0 -9999.0 -9999.0 -9999.0 -9999.0 -9999.0 -9999.0 -9999.0 -9999.0 -9999.0 -9999.0 -9999.0 -9999.0 -9999.0 -9999.0 -9999.0 -9999.0 -9999.0 -9999.0 -9999.0 -9999.0 -9999.0 -9999.0 -9999.0 -9999.0 -9999.0 -9999.0 -9999.0 -9999.0 -9999.0 -9999.0 -9999.0 -9999.0 -9999.0 -9999.0 -9999.0 -9999.0 -9999.0 -9999.0 -9999.0 -9999.0 -9999.0 -9999.0 -9999.0 -9999.0 -9999.0 -9999.0 -9999.0 -9999.0 -9999.0 -9999.0 -9999.0 -9999.0 -9999.0 -9999.0 -9999.0 -9999.0 -9999.0 -9999.0 -9999.0 -9999.0 -9999.0 -9999.0 -9999.0 -9999.0 -9999.0 -9999.0 -9999.0 -9999.0 -9999.0 -9999.0 -9999.0 -9999.0 -9999.0 -9999.0 -9999.0 -9999.0 -9999.0 -9999.0 -9999.0 -9999.0 -9999.0 -9999.0 -9999.0 -9999.0 -9999.0 -9999.0 -9999.0 -9999.0 -9999.0 -9999.0 -9999.0 -9999.0 -9999.0 -9999.0 -9999.0 -9999.0 -9999.0 -9999.0