inst/processing_geotop_simulation/geotop_simulation/out/maps3D/PwL0015N0068.asc
ncols         104
nrows         10
xllcorner     -2.000000
yllcorner     0.000000
cellsize      1.000000
NODATA_value  -9999.0
-9999.0 -9999.0 -9999.0 -9999.0 -9999.0 -9999.0 -9999.0 -9999.0 -9999.0 -9999.0 -9999.0 -9999.0 -9999.0 -9999.0 -9999.0 -9999.0 -9999.0 -9999.0 -9999.0 -9999.0 -9999.0 -9999.0 -9999.0 -9999.0 -9999.0 -9999.0 -9999.0 -9999.0 -9999.0 -9999.0 -9999.0 -9999.0 -9999.0 -9999.0 -9999.0 -9999.0 -9999.0 -9999.0 -9999.0 -9999.0 -9999.0 -9999.0 -9999.0 -9999.0 -9999.0 -9999.0 -9999.0 -9999.0 -9999.0 -9999.0 -9999.0 -9999.0 -9999.0 -9999.0 -9999.0 -9999.0 -9999.0 -9999.0 -9999.0 -9999.0 -9999.0 -9999.0 -9999.0 -9999.0 -9999.0 -9999.0 -9999.0 -9999.0 -9999.0 -9999.0 -9999.0 -9999.0 -9999.0 -9999.0 -9999.0 -9999.0 -9999.0 -9999.0 -9999.0 -9999.0 -9999.0 -9999.0 -9999.0 -9999.0 -9999.0 -9999.0 -9999.0 -9999.0 -9999.0 -9999.0 -9999.0 -9999.0 -9999.0 -9999.0 -9999.0 -9999.0 -9999.0 -9999.0 -9999.0 -9999.0 -9999.0 -9999.0 -9999.0 -9999.0
-9999.0 -9999.0 -9999.0 -9999.0 -9999.0 -9999.0 -9999.0 -9999.0 -9999.0 -9999.0 -9999.0 -9999.0 -9999.0 -9999.0 -9999.0 -9999.0 -9999.0 -9999.0 -9999.0 -9999.0 -9999.0 -9999.0 -9999.0 -9999.0 -9999.0 -9999.0 -9999.0 -9999.0 -9999.0 -9999.0 -9999.0 -9999.0 -9999.0 -9999.0 -9999.0 -9999.0 -9999.0 -9999.0 -9999.0 -9999.0 -9999.0 -9999.0 -9999.0 -9999.0 -9999.0 -9999.0 -9999.0 -9999.0 -9999.0 -9999.0 -9999.0 -9999.0 -9999.0 -9999.0 -9999.0 -9999.0 -9999.0 -9999.0 -9999.0 -9999.0 -9999.0 -9999.0 -9999.0 -9999.0 -9999.0 -9999.0 -9999.0 -9999.0 -9999.0 -9999.0 -9999.0 -9999.0 -9999.0 -9999.0 -9999.0 -9999.0 -9999.0 -9999.0 -9999.0 -9999.0 -9999.0 -9999.0 -9999.0 -9999.0 -9999.0 -9999.0 -9999.0 -9999.0 -9999.0 -9999.0 -9999.0 -9999.0 -9999.0 -9999.0 -9999.0 -9999.0 -9999.0 -9999.0 -9999.0 -9999.0 -9999.0 -9999.0 -9999.0 -9999.0
-9999.0 -9999.0 297.841503 198.092530 98.742766 -0.032059 -98.261226 -196.845268 -297.666209 -403.410353 -514.961905 -626.174695 -720.397853 -775.131862 -797.284105 -806.450422 -808.257827 -832.878487 -880.736737 -927.278784 -973.672944 -985.303834 -965.657257 -952.604778 -945.380191 -942.471407 -942.375805 -943.859899 -946.033877 -948.332326 -950.442370 -952.224267 -953.645531 -954.731517 -955.532753 -956.107562 -956.523709 -956.875568 -957.238452 -957.953826 -965.242572 -1056.726042 -2181.049671 -4229.172369 -4232.673219 -4232.673267 -4232.673267 -4232.673267 -4232.673267 -4232.673267 -4232.673267 -4232.673267 -4232.673267 -4232.673267 -4232.673267 -4232.673267 -4232.673267 -4232.673267 -4232.673267 -4232.673176 -4227.134690 -2075.783285 -1034.008966 -963.488580 -958.263005 -957.673060 -957.565928 -957.546477 -957.545638 -957.548257 -957.551003 -957.553236 -957.554939 -957.556227 -957.557209 -957.557971 -957.558575 -957.559061 -957.559464 -957.559817 -957.560156 -957.560527 -957.560986 -957.561617 -957.562545 -957.563964 -957.566188 -957.569726 -957.575433 -957.584776 -957.600361 -957.626974 -957.673724 -957.758411 -957.916420 -958.218553 -958.807096 -959.974483 -962.367037 -967.604145 -980.128043 -1011.680518 -9999.0 -9999.0
-9999.0 -9999.0 297.841504 198.092530 98.742766 -0.032058 -98.261225 -196.845268 -297.666208 -403.410353 -514.961905 -626.174695 -720.397853 -775.131862 -797.284105 -806.450422 -808.257827 -832.878487 -880.736737 -927.278784 -973.672944 -985.303834 -965.657257 -952.604778 -945.380191 -942.471407 -942.375805 -943.859899 -946.033877 -948.332326 -950.442370 -952.224267 -953.645531 -954.731517 -955.532753 -956.107562 -956.523709 -956.875568 -957.238452 -957.953826 -965.242572 -1056.726042 -2181.049670 -4229.172369 -4232.673219 -4232.673267 -4232.673267 -4232.673267 -4232.673267 -4232.673267 -4232.673267 -4232.673267 -4232.673267 -4232.673267 -4232.673267 -4232.673267 -4232.673267 -4232.673267 -4232.673267 -4232.673176 -4227.134690 -2075.783285 -1034.008966 -963.488580 -958.263005 -957.673060 -957.565928 -957.546477 -957.545638 -957.548257 -957.551003 -957.553236 -957.554939 -957.556227 -957.557209 -957.557971 -957.558575 -957.559061 -957.559464 -957.559817 -957.560156 -957.560527 -957.560986 -957.561617 -957.562545 -957.563964 -957.566188 -957.569726 -957.575433 -957.584776 -957.600361 -957.626974 -957.673724 -957.758411 -957.916420 -958.218553 -958.807096 -959.974483 -962.367037 -967.604145 -980.128043 -1011.680518 -9999.0 -9999.0
-9999.0 -9999.0 297.841504 198.092531 98.742766 -0.032058 -98.261225 -196.845267 -297.666208 -403.410353 -514.961905 -626.174695 -720.397853 -775.131862 -797.284105 -806.450422 -808.257827 -832.878487 -880.736737 -927.278784 -973.672944 -985.303834 -965.657257 -952.604778 -945.380191 -942.471407 -942.375805 -943.859899 -946.033877 -948.332326 -950.442370 -952.224267 -953.645531 -954.731517 -955.532753 -956.107562 -956.523709 -956.875568 -957.238452 -957.953826 -965.242572 -1056.726042 -2181.049670 -4229.172369 -4232.673219 -4232.673267 -4232.673267 -4232.673267 -4232.673267 -4232.673267 -4232.673267 -4232.673267 -4232.673267 -4232.673267 -4232.673267 -4232.673267 -4232.673267 -4232.673267 -4232.673267 -4232.673176 -4227.134690 -2075.783285 -1034.008966 -963.488580 -958.263005 -957.673060 -957.565928 -957.546477 -957.545638 -957.548257 -957.551003 -957.553236 -957.554939 -957.556227 -957.557209 -957.557971 -957.558575 -957.559061 -957.559464 -957.559817 -957.560156 -957.560527 -957.560986 -957.561617 -957.562545 -957.563964 -957.566188 -957.569726 -957.575433 -957.584776 -957.600361 -957.626974 -957.673724 -957.758411 -957.916420 -958.218553 -958.807096 -959.974483 -962.367037 -967.604145 -980.128043 -1011.680518 -9999.0 -9999.0
-9999.0 -9999.0 297.841504 198.092531 98.742766 -0.032058 -98.261225 -196.845267 -297.666208 -403.410353 -514.961905 -626.174696 -720.397853 -775.131862 -797.284105 -806.450422 -808.257827 -832.878487 -880.736737 -927.278784 -973.672944 -985.303834 -965.657257 -952.604778 -945.380191 -942.471407 -942.375805 -943.859899 -946.033877 -948.332326 -950.442370 -952.224267 -953.645531 -954.731517 -955.532753 -956.107562 -956.523709 -956.875568 -957.238452 -957.953826 -965.242572 -1056.726042 -2181.049670 -4229.172369 -4232.673219 -4232.673267 -4232.673267 -4232.673267 -4232.673267 -4232.673267 -4232.673267 -4232.673267 -4232.673267 -4232.673267 -4232.673267 -4232.673267 -4232.673267 -4232.673267 -4232.673267 -4232.673176 -4227.134690 -2075.783285 -1034.008966 -963.488580 -958.263005 -957.673060 -957.565928 -957.546477 -957.545638 -957.548257 -957.551003 -957.553236 -957.554939 -957.556227 -957.557209 -957.557971 -957.558575 -957.559061 -957.559464 -957.559817 -957.560156 -957.560527 -957.560986 -957.561617 -957.562545 -957.563964 -957.566188 -957.569726 -957.575433 -957.584776 -957.600361 -957.626974 -957.673724 -957.758411 -957.916420 -958.218553 -958.807096 -959.974483 -962.367037 -967.604145 -980.128043 -1011.680518 -9999.0 -9999.0
-9999.0 -9999.0 297.841504 198.092530 98.742766 -0.032058 -98.261225 -196.845268 -297.666208 -403.410353 -514.961905 -626.174695 -720.397853 -775.131862 -797.284105 -806.450422 -808.257827 -832.878487 -880.736737 -927.278784 -973.672944 -985.303834 -965.657257 -952.604778 -945.380191 -942.471407 -942.375805 -943.859899 -946.033877 -948.332326 -950.442370 -952.224267 -953.645531 -954.731517 -955.532753 -956.107562 -956.523709 -956.875568 -957.238452 -957.953826 -965.242572 -1056.726042 -2181.049670 -4229.172369 -4232.673219 -4232.673267 -4232.673267 -4232.673267 -4232.673267 -4232.673267 -4232.673267 -4232.673267 -4232.673267 -4232.673267 -4232.673267 -4232.673267 -4232.673267 -4232.673267 -4232.673267 -4232.673176 -4227.134690 -2075.783285 -1034.008966 -963.488580 -958.263005 -957.673060 -957.565928 -957.546477 -957.545638 -957.548257 -957.551003 -957.553236 -957.554939 -957.556227 -957.557209 -957.557971 -957.558575 -957.559061 -957.559464 -957.559817 -957.560156 -957.560527 -957.560986 -957.561617 -957.562545 -957.563964 -957.566188 -957.569726 -957.575433 -957.584776 -957.600361 -957.626974 -957.673724 -957.758411 -957.916420 -958.218553 -958.807096 -959.974483 -962.367037 -967.604145 -980.128043 -1011.680518 -9999.0 -9999.0
-9999.0 -9999.0 297.841503 198.092530 98.742766 -0.032059 -98.261226 -196.845268 -297.666209 -403.410353 -514.961905 -626.174695 -720.397853 -775.131862 -797.284105 -806.450422 -808.257827 -832.878487 -880.736737 -927.278784 -973.672944 -985.303834 -965.657257 -952.604778 -945.380191 -942.471407 -942.375805 -943.859899 -946.033877 -948.332326 -950.442370 -952.224267 -953.645531 -954.731517 -955.532753 -956.107562 -956.523709 -956.875568 -957.238452 -957.953826 -965.242572 -1056.726042 -2181.049671 -4229.172369 -4232.673219 -4232.673267 -4232.673267 -4232.673267 -4232.673267 -4232.673267 -4232.673267 -4232.673267 -4232.673267 -4232.673267 -4232.673267 -4232.673267 -4232.673267 -4232.673267 -4232.673267 -4232.673176 -4227.134690 -2075.783285 -1034.008966 -963.488580 -958.263005 -957.673060 -957.565928 -957.546477 -957.545638 -957.548257 -957.551003 -957.553236 -957.554939 -957.556227 -957.557209 -957.557971 -957.558575 -957.559061 -957.559464 -957.559817 -957.560156 -957.560527 -957.560986 -957.561617 -957.562545 -957.563964 -957.566188 -957.569726 -957.575433 -957.584776 -957.600361 -957.626974 -957.673724 -957.758411 -957.916420 -958.218553 -958.807096 -959.974483 -962.367037 -967.604145 -980.128043 -1011.680518 -9999.0 -9999.0
-9999.0 -9999.0 -9999.0 -9999.0 -9999.0 -9999.0 -9999.0 -9999.0 -9999.0 -9999.0 -9999.0 -9999.0 -9999.0 -9999.0 -9999.0 -9999.0 -9999.0 -9999.0 -9999.0 -9999.0 -9999.0 -9999.0 -9999.0 -9999.0 -9999.0 -9999.0 -9999.0 -9999.0 -9999.0 -9999.0 -9999.0 -9999.0 -9999.0 -9999.0 -9999.0 -9999.0 -9999.0 -9999.0 -9999.0 -9999.0 -9999.0 -9999.0 -9999.0 -9999.0 -9999.0 -9999.0 -9999.0 -9999.0 -9999.0 -9999.0 -9999.0 -9999.0 -9999.0 -9999.0 -9999.0 -9999.0 -9999.0 -9999.0 -9999.0 -9999.0 -9999.0 -9999.0 -9999.0 -9999.0 -9999.0 -9999.0 -9999.0 -9999.0 -9999.0 -9999.0 -9999.0 -9999.0 -9999.0 -9999.0 -9999.0 -9999.0 -9999.0 -9999.0 -9999.0 -9999.0 -9999.0 -9999.0 -9999.0 -9999.0 -9999.0 -9999.0 -9999.0 -9999.0 -9999.0 -9999.0 -9999.0 -9999.0 -9999.0 -9999.0 -9999.0 -9999.0 -9999.0 -9999.0 -9999.0 -9999.0 -9999.0 -9999.0 -9999.0 -9999.0
-9999.0 -9999.0 -9999.0 -9999.0 -9999.0 -9999.0 -9999.0 -9999.0 -9999.0 -9999.0 -9999.0 -9999.0 -9999.0 -9999.0 -9999.0 -9999.0 -9999.0 -9999.0 -9999.0 -9999.0 -9999.0 -9999.0 -9999.0 -9999.0 -9999.0 -9999.0 -9999.0 -9999.0 -9999.0 -9999.0 -9999.0 -9999.0 -9999.0 -9999.0 -9999.0 -9999.0 -9999.0 -9999.0 -9999.0 -9999.0 -9999.0 -9999.0 -9999.0 -9999.0 -9999.0 -9999.0 -9999.0 -9999.0 -9999.0 -9999.0 -9999.0 -9999.0 -9999.0 -9999.0 -9999.0 -9999.0 -9999.0 -9999.0 -9999.0 -9999.0 -9999.0 -9999.0 -9999.0 -9999.0 -9999.0 -9999.0 -9999.0 -9999.0 -9999.0 -9999.0 -9999.0 -9999.0 -9999.0 -9999.0 -9999.0 -9999.0 -9999.0 -9999.0 -9999.0 -9999.0 -9999.0 -9999.0 -9999.0 -9999.0 -9999.0 -9999.0 -9999.0 -9999.0 -9999.0 -9999.0 -9999.0 -9999.0 -9999.0 -9999.0 -9999.0 -9999.0 -9999.0 -9999.0 -9999.0 -9999.0 -9999.0 -9999.0 -9999.0 -9999.0