inst/processing_geotop_simulation/geotop_simulation/out/maps3D/PwL0003N0036.asc
ncols         104
nrows         10
xllcorner     -2.000000
yllcorner     0.000000
cellsize      1.000000
NODATA_value  -9999.0
-9999.0 -9999.0 -9999.0 -9999.0 -9999.0 -9999.0 -9999.0 -9999.0 -9999.0 -9999.0 -9999.0 -9999.0 -9999.0 -9999.0 -9999.0 -9999.0 -9999.0 -9999.0 -9999.0 -9999.0 -9999.0 -9999.0 -9999.0 -9999.0 -9999.0 -9999.0 -9999.0 -9999.0 -9999.0 -9999.0 -9999.0 -9999.0 -9999.0 -9999.0 -9999.0 -9999.0 -9999.0 -9999.0 -9999.0 -9999.0 -9999.0 -9999.0 -9999.0 -9999.0 -9999.0 -9999.0 -9999.0 -9999.0 -9999.0 -9999.0 -9999.0 -9999.0 -9999.0 -9999.0 -9999.0 -9999.0 -9999.0 -9999.0 -9999.0 -9999.0 -9999.0 -9999.0 -9999.0 -9999.0 -9999.0 -9999.0 -9999.0 -9999.0 -9999.0 -9999.0 -9999.0 -9999.0 -9999.0 -9999.0 -9999.0 -9999.0 -9999.0 -9999.0 -9999.0 -9999.0 -9999.0 -9999.0 -9999.0 -9999.0 -9999.0 -9999.0 -9999.0 -9999.0 -9999.0 -9999.0 -9999.0 -9999.0 -9999.0 -9999.0 -9999.0 -9999.0 -9999.0 -9999.0 -9999.0 -9999.0 -9999.0 -9999.0 -9999.0 -9999.0
-9999.0 -9999.0 -9999.0 -9999.0 -9999.0 -9999.0 -9999.0 -9999.0 -9999.0 -9999.0 -9999.0 -9999.0 -9999.0 -9999.0 -9999.0 -9999.0 -9999.0 -9999.0 -9999.0 -9999.0 -9999.0 -9999.0 -9999.0 -9999.0 -9999.0 -9999.0 -9999.0 -9999.0 -9999.0 -9999.0 -9999.0 -9999.0 -9999.0 -9999.0 -9999.0 -9999.0 -9999.0 -9999.0 -9999.0 -9999.0 -9999.0 -9999.0 -9999.0 -9999.0 -9999.0 -9999.0 -9999.0 -9999.0 -9999.0 -9999.0 -9999.0 -9999.0 -9999.0 -9999.0 -9999.0 -9999.0 -9999.0 -9999.0 -9999.0 -9999.0 -9999.0 -9999.0 -9999.0 -9999.0 -9999.0 -9999.0 -9999.0 -9999.0 -9999.0 -9999.0 -9999.0 -9999.0 -9999.0 -9999.0 -9999.0 -9999.0 -9999.0 -9999.0 -9999.0 -9999.0 -9999.0 -9999.0 -9999.0 -9999.0 -9999.0 -9999.0 -9999.0 -9999.0 -9999.0 -9999.0 -9999.0 -9999.0 -9999.0 -9999.0 -9999.0 -9999.0 -9999.0 -9999.0 -9999.0 -9999.0 -9999.0 -9999.0 -9999.0 -9999.0
-9999.0 -9999.0 -749.472748 -757.678308 -763.921607 -771.168274 -777.478511 -781.778624 -784.498958 -785.242571 -765.835666 -756.159420 -766.465902 -762.136731 -712.807462 -605.185657 -489.480974 -444.021856 -454.215489 -489.238229 -533.332188 -578.789986 -621.879571 -660.909154 -694.929296 -723.150239 -744.982580 -760.585852 -770.942324 -777.405666 -781.252518 -783.460958 -784.690936 -785.351464 -785.679553 -785.798296 -785.766702 -785.843592 -786.811871 -786.260851 -782.683672 -793.869318 -609.841991 -592.048322 -570.868940 -558.477940 -552.785122 -552.033008 -551.971648 -552.023200 -552.098309 -552.176539 -552.251435 -552.320626 -552.383483 -552.443666 -552.541217 -553.049168 -556.267446 -564.121751 -578.054889 -583.676016 -791.657011 -791.082704 -787.671695 -786.584129 -786.374877 -786.356083 -786.372300 -786.391682 -786.407764 -786.419912 -786.428847 -786.435452 -786.440406 -786.444186 -786.447140 -786.449478 -786.451367 -786.452971 -786.454458 -786.456020 -786.457897 -786.460424 -786.464094 -786.469668 -786.478349 -786.492080 -786.514047 -786.549605 -786.608001 -786.705729 -786.873273 -787.168828 -787.706092 -788.709073 -790.615071 -794.255091 -801.142965 -813.906998 -837.016544 -877.943974 -9999.0 -9999.0
-9999.0 -9999.0 -749.472509 -757.678020 -763.921406 -771.168189 -777.478491 -781.778624 -784.498962 -785.242574 -765.835667 -756.159420 -766.465902 -762.136731 -712.807462 -605.185657 -489.480974 -444.021856 -454.215489 -489.238229 -533.332188 -578.789986 -621.879571 -660.909154 -694.929296 -723.150239 -744.982580 -760.585852 -770.942324 -777.405666 -781.252518 -783.460958 -784.690936 -785.351464 -785.679553 -785.798296 -785.766702 -785.843592 -786.811871 -786.260851 -782.683672 -793.869318 -609.841991 -592.048322 -570.868939 -558.477940 -552.785122 -552.033008 -551.971648 -552.023200 -552.098309 -552.176539 -552.251435 -552.320626 -552.383483 -552.443666 -552.541217 -553.049168 -556.267446 -564.121751 -578.054889 -583.676016 -791.657011 -791.082704 -787.671695 -786.584129 -786.374877 -786.356083 -786.372300 -786.391682 -786.407764 -786.419912 -786.428847 -786.435452 -786.440406 -786.444186 -786.447140 -786.449478 -786.451367 -786.452971 -786.454458 -786.456020 -786.457897 -786.460424 -786.464094 -786.469668 -786.478349 -786.492080 -786.514047 -786.549605 -786.608001 -786.705729 -786.873273 -787.168828 -787.706092 -788.709073 -790.615071 -794.255091 -801.142965 -813.906998 -837.016544 -877.943974 -9999.0 -9999.0
-9999.0 -9999.0 -749.472424 -757.677886 -763.921285 -771.168130 -777.478476 -781.778625 -784.498967 -785.242578 -765.835667 -756.159420 -766.465902 -762.136731 -712.807462 -605.185657 -489.480974 -444.021856 -454.215489 -489.238229 -533.332188 -578.789986 -621.879571 -660.909154 -694.929296 -723.150239 -744.982580 -760.585852 -770.942324 -777.405666 -781.252518 -783.460958 -784.690936 -785.351464 -785.679553 -785.798296 -785.766702 -785.843592 -786.811871 -786.260851 -782.683672 -793.869318 -609.841991 -592.048322 -570.868939 -558.477940 -552.785122 -552.033008 -551.971648 -552.023200 -552.098309 -552.176539 -552.251435 -552.320626 -552.383483 -552.443666 -552.541217 -553.049168 -556.267446 -564.121751 -578.054889 -583.676016 -791.657011 -791.082704 -787.671695 -786.584129 -786.374877 -786.356083 -786.372300 -786.391682 -786.407764 -786.419912 -786.428847 -786.435452 -786.440406 -786.444186 -786.447140 -786.449478 -786.451367 -786.452971 -786.454458 -786.456020 -786.457897 -786.460424 -786.464094 -786.469668 -786.478349 -786.492080 -786.514047 -786.549605 -786.608001 -786.705729 -786.873273 -787.168828 -787.706092 -788.709073 -790.615071 -794.255091 -801.142965 -813.906998 -837.016544 -877.943974 -9999.0 -9999.0
-9999.0 -9999.0 -749.472424 -757.677886 -763.921285 -771.168130 -777.478476 -781.778625 -784.498967 -785.242578 -765.835667 -756.159420 -766.465902 -762.136731 -712.807462 -605.185657 -489.480974 -444.021856 -454.215489 -489.238229 -533.332188 -578.789986 -621.879571 -660.909154 -694.929296 -723.150239 -744.982580 -760.585852 -770.942324 -777.405666 -781.252518 -783.460958 -784.690936 -785.351464 -785.679553 -785.798296 -785.766702 -785.843592 -786.811871 -786.260851 -782.683672 -793.869318 -609.841991 -592.048322 -570.868939 -558.477940 -552.785122 -552.033008 -551.971648 -552.023200 -552.098309 -552.176539 -552.251435 -552.320626 -552.383483 -552.443666 -552.541217 -553.049168 -556.267446 -564.121751 -578.054889 -583.676016 -791.657011 -791.082704 -787.671695 -786.584129 -786.374877 -786.356083 -786.372300 -786.391682 -786.407764 -786.419912 -786.428847 -786.435452 -786.440406 -786.444186 -786.447140 -786.449478 -786.451367 -786.452971 -786.454458 -786.456020 -786.457897 -786.460424 -786.464094 -786.469668 -786.478349 -786.492080 -786.514047 -786.549605 -786.608001 -786.705729 -786.873273 -787.168828 -787.706092 -788.709073 -790.615071 -794.255091 -801.142965 -813.906998 -837.016544 -877.943974 -9999.0 -9999.0
-9999.0 -9999.0 -749.472509 -757.678020 -763.921406 -771.168189 -777.478491 -781.778624 -784.498962 -785.242574 -765.835667 -756.159420 -766.465902 -762.136731 -712.807462 -605.185657 -489.480974 -444.021856 -454.215489 -489.238229 -533.332188 -578.789986 -621.879571 -660.909154 -694.929296 -723.150239 -744.982580 -760.585852 -770.942324 -777.405666 -781.252518 -783.460958 -784.690936 -785.351464 -785.679553 -785.798296 -785.766702 -785.843592 -786.811871 -786.260851 -782.683672 -793.869318 -609.841991 -592.048322 -570.868939 -558.477940 -552.785122 -552.033008 -551.971648 -552.023200 -552.098309 -552.176539 -552.251435 -552.320626 -552.383483 -552.443666 -552.541217 -553.049168 -556.267446 -564.121751 -578.054889 -583.676016 -791.657011 -791.082704 -787.671695 -786.584129 -786.374877 -786.356083 -786.372300 -786.391682 -786.407764 -786.419912 -786.428847 -786.435452 -786.440406 -786.444186 -786.447140 -786.449478 -786.451367 -786.452971 -786.454458 -786.456020 -786.457897 -786.460424 -786.464094 -786.469668 -786.478349 -786.492080 -786.514047 -786.549605 -786.608001 -786.705729 -786.873273 -787.168828 -787.706092 -788.709073 -790.615071 -794.255091 -801.142965 -813.906998 -837.016544 -877.943974 -9999.0 -9999.0
-9999.0 -9999.0 -749.472748 -757.678308 -763.921607 -771.168274 -777.478511 -781.778624 -784.498958 -785.242571 -765.835666 -756.159420 -766.465902 -762.136731 -712.807462 -605.185657 -489.480974 -444.021856 -454.215489 -489.238229 -533.332188 -578.789986 -621.879571 -660.909154 -694.929296 -723.150239 -744.982580 -760.585852 -770.942324 -777.405666 -781.252518 -783.460958 -784.690936 -785.351464 -785.679553 -785.798296 -785.766702 -785.843592 -786.811871 -786.260851 -782.683672 -793.869318 -609.841991 -592.048322 -570.868940 -558.477940 -552.785122 -552.033008 -551.971648 -552.023200 -552.098309 -552.176539 -552.251435 -552.320626 -552.383483 -552.443666 -552.541217 -553.049168 -556.267446 -564.121751 -578.054889 -583.676016 -791.657011 -791.082704 -787.671695 -786.584129 -786.374877 -786.356083 -786.372300 -786.391682 -786.407764 -786.419912 -786.428847 -786.435452 -786.440406 -786.444186 -786.447140 -786.449478 -786.451367 -786.452971 -786.454458 -786.456020 -786.457897 -786.460424 -786.464094 -786.469668 -786.478349 -786.492080 -786.514047 -786.549605 -786.608001 -786.705729 -786.873273 -787.168828 -787.706092 -788.709073 -790.615071 -794.255091 -801.142965 -813.906998 -837.016544 -877.943974 -9999.0 -9999.0
-9999.0 -9999.0 -9999.0 -9999.0 -9999.0 -9999.0 -9999.0 -9999.0 -9999.0 -9999.0 -9999.0 -9999.0 -9999.0 -9999.0 -9999.0 -9999.0 -9999.0 -9999.0 -9999.0 -9999.0 -9999.0 -9999.0 -9999.0 -9999.0 -9999.0 -9999.0 -9999.0 -9999.0 -9999.0 -9999.0 -9999.0 -9999.0 -9999.0 -9999.0 -9999.0 -9999.0 -9999.0 -9999.0 -9999.0 -9999.0 -9999.0 -9999.0 -9999.0 -9999.0 -9999.0 -9999.0 -9999.0 -9999.0 -9999.0 -9999.0 -9999.0 -9999.0 -9999.0 -9999.0 -9999.0 -9999.0 -9999.0 -9999.0 -9999.0 -9999.0 -9999.0 -9999.0 -9999.0 -9999.0 -9999.0 -9999.0 -9999.0 -9999.0 -9999.0 -9999.0 -9999.0 -9999.0 -9999.0 -9999.0 -9999.0 -9999.0 -9999.0 -9999.0 -9999.0 -9999.0 -9999.0 -9999.0 -9999.0 -9999.0 -9999.0 -9999.0 -9999.0 -9999.0 -9999.0 -9999.0 -9999.0 -9999.0 -9999.0 -9999.0 -9999.0 -9999.0 -9999.0 -9999.0 -9999.0 -9999.0 -9999.0 -9999.0 -9999.0 -9999.0
-9999.0 -9999.0 -9999.0 -9999.0 -9999.0 -9999.0 -9999.0 -9999.0 -9999.0 -9999.0 -9999.0 -9999.0 -9999.0 -9999.0 -9999.0 -9999.0 -9999.0 -9999.0 -9999.0 -9999.0 -9999.0 -9999.0 -9999.0 -9999.0 -9999.0 -9999.0 -9999.0 -9999.0 -9999.0 -9999.0 -9999.0 -9999.0 -9999.0 -9999.0 -9999.0 -9999.0 -9999.0 -9999.0 -9999.0 -9999.0 -9999.0 -9999.0 -9999.0 -9999.0 -9999.0 -9999.0 -9999.0 -9999.0 -9999.0 -9999.0 -9999.0 -9999.0 -9999.0 -9999.0 -9999.0 -9999.0 -9999.0 -9999.0 -9999.0 -9999.0 -9999.0 -9999.0 -9999.0 -9999.0 -9999.0 -9999.0 -9999.0 -9999.0 -9999.0 -9999.0 -9999.0 -9999.0 -9999.0 -9999.0 -9999.0 -9999.0 -9999.0 -9999.0 -9999.0 -9999.0 -9999.0 -9999.0 -9999.0 -9999.0 -9999.0 -9999.0 -9999.0 -9999.0 -9999.0 -9999.0 -9999.0 -9999.0 -9999.0 -9999.0 -9999.0 -9999.0 -9999.0 -9999.0 -9999.0 -9999.0 -9999.0 -9999.0 -9999.0 -9999.0