inst/processing_geotop_simulation/geotop_simulation/out/maps3D/PwL0005N0320.asc
ncols         104
nrows         10
xllcorner     -2.000000
yllcorner     0.000000
cellsize      1.000000
NODATA_value  -9999.0
-9999.0 -9999.0 -9999.0 -9999.0 -9999.0 -9999.0 -9999.0 -9999.0 -9999.0 -9999.0 -9999.0 -9999.0 -9999.0 -9999.0 -9999.0 -9999.0 -9999.0 -9999.0 -9999.0 -9999.0 -9999.0 -9999.0 -9999.0 -9999.0 -9999.0 -9999.0 -9999.0 -9999.0 -9999.0 -9999.0 -9999.0 -9999.0 -9999.0 -9999.0 -9999.0 -9999.0 -9999.0 -9999.0 -9999.0 -9999.0 -9999.0 -9999.0 -9999.0 -9999.0 -9999.0 -9999.0 -9999.0 -9999.0 -9999.0 -9999.0 -9999.0 -9999.0 -9999.0 -9999.0 -9999.0 -9999.0 -9999.0 -9999.0 -9999.0 -9999.0 -9999.0 -9999.0 -9999.0 -9999.0 -9999.0 -9999.0 -9999.0 -9999.0 -9999.0 -9999.0 -9999.0 -9999.0 -9999.0 -9999.0 -9999.0 -9999.0 -9999.0 -9999.0 -9999.0 -9999.0 -9999.0 -9999.0 -9999.0 -9999.0 -9999.0 -9999.0 -9999.0 -9999.0 -9999.0 -9999.0 -9999.0 -9999.0 -9999.0 -9999.0 -9999.0 -9999.0 -9999.0 -9999.0 -9999.0 -9999.0 -9999.0 -9999.0 -9999.0 -9999.0
-9999.0 -9999.0 -9999.0 -9999.0 -9999.0 -9999.0 -9999.0 -9999.0 -9999.0 -9999.0 -9999.0 -9999.0 -9999.0 -9999.0 -9999.0 -9999.0 -9999.0 -9999.0 -9999.0 -9999.0 -9999.0 -9999.0 -9999.0 -9999.0 -9999.0 -9999.0 -9999.0 -9999.0 -9999.0 -9999.0 -9999.0 -9999.0 -9999.0 -9999.0 -9999.0 -9999.0 -9999.0 -9999.0 -9999.0 -9999.0 -9999.0 -9999.0 -9999.0 -9999.0 -9999.0 -9999.0 -9999.0 -9999.0 -9999.0 -9999.0 -9999.0 -9999.0 -9999.0 -9999.0 -9999.0 -9999.0 -9999.0 -9999.0 -9999.0 -9999.0 -9999.0 -9999.0 -9999.0 -9999.0 -9999.0 -9999.0 -9999.0 -9999.0 -9999.0 -9999.0 -9999.0 -9999.0 -9999.0 -9999.0 -9999.0 -9999.0 -9999.0 -9999.0 -9999.0 -9999.0 -9999.0 -9999.0 -9999.0 -9999.0 -9999.0 -9999.0 -9999.0 -9999.0 -9999.0 -9999.0 -9999.0 -9999.0 -9999.0 -9999.0 -9999.0 -9999.0 -9999.0 -9999.0 -9999.0 -9999.0 -9999.0 -9999.0 -9999.0 -9999.0
-9999.0 -9999.0 225.563547 128.592448 30.275915 -68.454714 -167.345971 -266.299957 -365.263503 -464.200145 -563.059430 -661.717412 -760.102364 -858.286857 -956.310802 -1054.355807 -1151.994409 -1248.456641 -1343.279552 -1435.416156 -1522.838781 -1602.336186 -1670.731944 -1726.377039 -1769.530089 -1801.769916 -1825.197484 -1841.873408 -1853.554863 -1861.631705 -1867.155835 -1870.900065 -1873.419399 -1875.105017 -1876.228713 -1876.979301 -1877.497385 -1877.938480 -1878.696164 -1881.065124 -1886.072017 -1852.830351 -1165.908079 -1180.403609 -1165.647268 -1156.011110 -1151.501259 -1150.825488 -1150.753503 -1150.760473 -1150.778833 -1150.798589 -1150.817577 -1150.835162 -1150.851500 -1150.870639 -1150.930763 -1151.333653 -1153.728808 -1159.059231 -1166.230378 -1141.361282 -1827.143724 -1879.817174 -1879.645147 -1878.775813 -1878.572762 -1878.537228 -1878.531956 -1878.531700 -1878.532195 -1878.532707 -1878.533122 -1878.533442 -1878.533689 -1878.533883 -1878.534037 -1878.534162 -1878.534268 -1878.534364 -1878.534459 -1878.534565 -1878.534698 -1878.534882 -1878.535152 -1878.535567 -1878.536218 -1878.537260 -1878.538959 -1878.541785 -1878.546596 -1878.555014 -1878.570191 -1878.598384 -1878.652250 -1878.758079 -1878.973003 -1879.429932 -1880.464916 -1883.015271 -1890.089162 -1913.366966 -9999.0 -9999.0
-9999.0 -9999.0 225.572327 128.594356 30.276406 -68.454571 -167.345926 -266.299942 -365.263498 -464.200143 -563.059430 -661.717412 -760.102364 -858.286857 -956.310802 -1054.355807 -1151.994409 -1248.456642 -1343.279552 -1435.416156 -1522.838781 -1602.336186 -1670.731944 -1726.377039 -1769.530089 -1801.769916 -1825.197484 -1841.873408 -1853.554863 -1861.631705 -1867.155835 -1870.900065 -1873.419399 -1875.105017 -1876.228713 -1876.979301 -1877.497385 -1877.938480 -1878.696164 -1881.065124 -1886.072017 -1852.830351 -1165.908079 -1180.403609 -1165.647268 -1156.011109 -1151.501259 -1150.825488 -1150.753503 -1150.760473 -1150.778833 -1150.798589 -1150.817577 -1150.835162 -1150.851500 -1150.870639 -1150.930763 -1151.333653 -1153.728808 -1159.059231 -1166.230378 -1141.361282 -1827.143724 -1879.817174 -1879.645147 -1878.775813 -1878.572762 -1878.537228 -1878.531956 -1878.531700 -1878.532195 -1878.532707 -1878.533122 -1878.533442 -1878.533689 -1878.533883 -1878.534037 -1878.534162 -1878.534268 -1878.534364 -1878.534459 -1878.534565 -1878.534698 -1878.534882 -1878.535152 -1878.535567 -1878.536218 -1878.537260 -1878.538959 -1878.541785 -1878.546596 -1878.555014 -1878.570191 -1878.598384 -1878.652250 -1878.758079 -1878.973003 -1879.429932 -1880.464916 -1883.015271 -1890.089162 -1913.366966 -9999.0 -9999.0
-9999.0 -9999.0 225.573707 128.595143 30.276718 -68.454458 -167.345886 -266.299927 -365.263493 -464.200141 -563.059429 -661.717411 -760.102364 -858.286857 -956.310802 -1054.355807 -1151.994409 -1248.456642 -1343.279552 -1435.416156 -1522.838781 -1602.336186 -1670.731944 -1726.377039 -1769.530089 -1801.769916 -1825.197484 -1841.873408 -1853.554863 -1861.631705 -1867.155835 -1870.900065 -1873.419399 -1875.105017 -1876.228713 -1876.979301 -1877.497385 -1877.938480 -1878.696164 -1881.065124 -1886.072017 -1852.830351 -1165.908079 -1180.403609 -1165.647268 -1156.011109 -1151.501259 -1150.825488 -1150.753503 -1150.760473 -1150.778833 -1150.798589 -1150.817577 -1150.835162 -1150.851500 -1150.870639 -1150.930763 -1151.333653 -1153.728808 -1159.059231 -1166.230378 -1141.361282 -1827.143724 -1879.817174 -1879.645147 -1878.775813 -1878.572762 -1878.537228 -1878.531956 -1878.531700 -1878.532195 -1878.532707 -1878.533122 -1878.533442 -1878.533689 -1878.533883 -1878.534037 -1878.534162 -1878.534268 -1878.534364 -1878.534459 -1878.534565 -1878.534698 -1878.534882 -1878.535152 -1878.535567 -1878.536218 -1878.537260 -1878.538959 -1878.541785 -1878.546596 -1878.555014 -1878.570191 -1878.598384 -1878.652250 -1878.758079 -1878.973003 -1879.429932 -1880.464916 -1883.015271 -1890.089162 -1913.366966 -9999.0 -9999.0
-9999.0 -9999.0 225.573707 128.595143 30.276718 -68.454458 -167.345886 -266.299927 -365.263493 -464.200141 -563.059429 -661.717411 -760.102364 -858.286857 -956.310802 -1054.355807 -1151.994409 -1248.456642 -1343.279552 -1435.416156 -1522.838781 -1602.336186 -1670.731944 -1726.377039 -1769.530089 -1801.769916 -1825.197484 -1841.873408 -1853.554863 -1861.631705 -1867.155835 -1870.900065 -1873.419399 -1875.105017 -1876.228713 -1876.979301 -1877.497385 -1877.938480 -1878.696164 -1881.065124 -1886.072017 -1852.830351 -1165.908079 -1180.403609 -1165.647268 -1156.011109 -1151.501259 -1150.825488 -1150.753503 -1150.760473 -1150.778833 -1150.798589 -1150.817577 -1150.835162 -1150.851500 -1150.870639 -1150.930763 -1151.333653 -1153.728808 -1159.059231 -1166.230378 -1141.361282 -1827.143724 -1879.817174 -1879.645147 -1878.775813 -1878.572762 -1878.537228 -1878.531956 -1878.531700 -1878.532195 -1878.532707 -1878.533122 -1878.533442 -1878.533689 -1878.533883 -1878.534037 -1878.534162 -1878.534268 -1878.534364 -1878.534459 -1878.534565 -1878.534698 -1878.534882 -1878.535152 -1878.535567 -1878.536218 -1878.537260 -1878.538959 -1878.541785 -1878.546596 -1878.555014 -1878.570191 -1878.598384 -1878.652250 -1878.758079 -1878.973003 -1879.429932 -1880.464916 -1883.015271 -1890.089162 -1913.366966 -9999.0 -9999.0
-9999.0 -9999.0 225.572327 128.594356 30.276406 -68.454571 -167.345926 -266.299942 -365.263498 -464.200143 -563.059430 -661.717412 -760.102364 -858.286857 -956.310802 -1054.355807 -1151.994409 -1248.456642 -1343.279552 -1435.416156 -1522.838781 -1602.336186 -1670.731944 -1726.377039 -1769.530089 -1801.769916 -1825.197484 -1841.873408 -1853.554863 -1861.631705 -1867.155835 -1870.900065 -1873.419399 -1875.105017 -1876.228713 -1876.979301 -1877.497385 -1877.938480 -1878.696164 -1881.065124 -1886.072017 -1852.830351 -1165.908079 -1180.403609 -1165.647268 -1156.011109 -1151.501259 -1150.825488 -1150.753503 -1150.760473 -1150.778833 -1150.798589 -1150.817577 -1150.835162 -1150.851500 -1150.870639 -1150.930763 -1151.333653 -1153.728808 -1159.059231 -1166.230378 -1141.361282 -1827.143724 -1879.817174 -1879.645147 -1878.775813 -1878.572762 -1878.537228 -1878.531956 -1878.531700 -1878.532195 -1878.532707 -1878.533122 -1878.533442 -1878.533689 -1878.533883 -1878.534037 -1878.534162 -1878.534268 -1878.534364 -1878.534459 -1878.534565 -1878.534698 -1878.534882 -1878.535152 -1878.535567 -1878.536218 -1878.537260 -1878.538959 -1878.541785 -1878.546596 -1878.555014 -1878.570191 -1878.598384 -1878.652250 -1878.758079 -1878.973003 -1879.429932 -1880.464916 -1883.015271 -1890.089162 -1913.366966 -9999.0 -9999.0
-9999.0 -9999.0 225.563547 128.592448 30.275915 -68.454714 -167.345971 -266.299957 -365.263503 -464.200145 -563.059430 -661.717412 -760.102364 -858.286857 -956.310802 -1054.355807 -1151.994409 -1248.456641 -1343.279552 -1435.416156 -1522.838781 -1602.336186 -1670.731944 -1726.377039 -1769.530089 -1801.769916 -1825.197484 -1841.873408 -1853.554863 -1861.631705 -1867.155835 -1870.900065 -1873.419399 -1875.105017 -1876.228713 -1876.979301 -1877.497385 -1877.938480 -1878.696164 -1881.065124 -1886.072017 -1852.830351 -1165.908079 -1180.403609 -1165.647268 -1156.011110 -1151.501259 -1150.825488 -1150.753503 -1150.760473 -1150.778833 -1150.798589 -1150.817577 -1150.835162 -1150.851500 -1150.870639 -1150.930763 -1151.333653 -1153.728808 -1159.059231 -1166.230378 -1141.361282 -1827.143724 -1879.817174 -1879.645147 -1878.775813 -1878.572762 -1878.537228 -1878.531956 -1878.531700 -1878.532195 -1878.532707 -1878.533122 -1878.533442 -1878.533689 -1878.533883 -1878.534037 -1878.534162 -1878.534268 -1878.534364 -1878.534459 -1878.534565 -1878.534698 -1878.534882 -1878.535152 -1878.535567 -1878.536218 -1878.537260 -1878.538959 -1878.541785 -1878.546596 -1878.555014 -1878.570191 -1878.598384 -1878.652250 -1878.758079 -1878.973003 -1879.429932 -1880.464916 -1883.015271 -1890.089162 -1913.366966 -9999.0 -9999.0
-9999.0 -9999.0 -9999.0 -9999.0 -9999.0 -9999.0 -9999.0 -9999.0 -9999.0 -9999.0 -9999.0 -9999.0 -9999.0 -9999.0 -9999.0 -9999.0 -9999.0 -9999.0 -9999.0 -9999.0 -9999.0 -9999.0 -9999.0 -9999.0 -9999.0 -9999.0 -9999.0 -9999.0 -9999.0 -9999.0 -9999.0 -9999.0 -9999.0 -9999.0 -9999.0 -9999.0 -9999.0 -9999.0 -9999.0 -9999.0 -9999.0 -9999.0 -9999.0 -9999.0 -9999.0 -9999.0 -9999.0 -9999.0 -9999.0 -9999.0 -9999.0 -9999.0 -9999.0 -9999.0 -9999.0 -9999.0 -9999.0 -9999.0 -9999.0 -9999.0 -9999.0 -9999.0 -9999.0 -9999.0 -9999.0 -9999.0 -9999.0 -9999.0 -9999.0 -9999.0 -9999.0 -9999.0 -9999.0 -9999.0 -9999.0 -9999.0 -9999.0 -9999.0 -9999.0 -9999.0 -9999.0 -9999.0 -9999.0 -9999.0 -9999.0 -9999.0 -9999.0 -9999.0 -9999.0 -9999.0 -9999.0 -9999.0 -9999.0 -9999.0 -9999.0 -9999.0 -9999.0 -9999.0 -9999.0 -9999.0 -9999.0 -9999.0 -9999.0 -9999.0
-9999.0 -9999.0 -9999.0 -9999.0 -9999.0 -9999.0 -9999.0 -9999.0 -9999.0 -9999.0 -9999.0 -9999.0 -9999.0 -9999.0 -9999.0 -9999.0 -9999.0 -9999.0 -9999.0 -9999.0 -9999.0 -9999.0 -9999.0 -9999.0 -9999.0 -9999.0 -9999.0 -9999.0 -9999.0 -9999.0 -9999.0 -9999.0 -9999.0 -9999.0 -9999.0 -9999.0 -9999.0 -9999.0 -9999.0 -9999.0 -9999.0 -9999.0 -9999.0 -9999.0 -9999.0 -9999.0 -9999.0 -9999.0 -9999.0 -9999.0 -9999.0 -9999.0 -9999.0 -9999.0 -9999.0 -9999.0 -9999.0 -9999.0 -9999.0 -9999.0 -9999.0 -9999.0 -9999.0 -9999.0 -9999.0 -9999.0 -9999.0 -9999.0 -9999.0 -9999.0 -9999.0 -9999.0 -9999.0 -9999.0 -9999.0 -9999.0 -9999.0 -9999.0 -9999.0 -9999.0 -9999.0 -9999.0 -9999.0 -9999.0 -9999.0 -9999.0 -9999.0 -9999.0 -9999.0 -9999.0 -9999.0 -9999.0 -9999.0 -9999.0 -9999.0 -9999.0 -9999.0 -9999.0 -9999.0 -9999.0 -9999.0 -9999.0 -9999.0 -9999.0