inst/processing_geotop_simulation/geotop_simulation/out/maps3D/PwL0015N0347.asc
ncols         104
nrows         10
xllcorner     -2.000000
yllcorner     0.000000
cellsize      1.000000
NODATA_value  -9999.0
-9999.0 -9999.0 -9999.0 -9999.0 -9999.0 -9999.0 -9999.0 -9999.0 -9999.0 -9999.0 -9999.0 -9999.0 -9999.0 -9999.0 -9999.0 -9999.0 -9999.0 -9999.0 -9999.0 -9999.0 -9999.0 -9999.0 -9999.0 -9999.0 -9999.0 -9999.0 -9999.0 -9999.0 -9999.0 -9999.0 -9999.0 -9999.0 -9999.0 -9999.0 -9999.0 -9999.0 -9999.0 -9999.0 -9999.0 -9999.0 -9999.0 -9999.0 -9999.0 -9999.0 -9999.0 -9999.0 -9999.0 -9999.0 -9999.0 -9999.0 -9999.0 -9999.0 -9999.0 -9999.0 -9999.0 -9999.0 -9999.0 -9999.0 -9999.0 -9999.0 -9999.0 -9999.0 -9999.0 -9999.0 -9999.0 -9999.0 -9999.0 -9999.0 -9999.0 -9999.0 -9999.0 -9999.0 -9999.0 -9999.0 -9999.0 -9999.0 -9999.0 -9999.0 -9999.0 -9999.0 -9999.0 -9999.0 -9999.0 -9999.0 -9999.0 -9999.0 -9999.0 -9999.0 -9999.0 -9999.0 -9999.0 -9999.0 -9999.0 -9999.0 -9999.0 -9999.0 -9999.0 -9999.0 -9999.0 -9999.0 -9999.0 -9999.0 -9999.0 -9999.0
-9999.0 -9999.0 -9999.0 -9999.0 -9999.0 -9999.0 -9999.0 -9999.0 -9999.0 -9999.0 -9999.0 -9999.0 -9999.0 -9999.0 -9999.0 -9999.0 -9999.0 -9999.0 -9999.0 -9999.0 -9999.0 -9999.0 -9999.0 -9999.0 -9999.0 -9999.0 -9999.0 -9999.0 -9999.0 -9999.0 -9999.0 -9999.0 -9999.0 -9999.0 -9999.0 -9999.0 -9999.0 -9999.0 -9999.0 -9999.0 -9999.0 -9999.0 -9999.0 -9999.0 -9999.0 -9999.0 -9999.0 -9999.0 -9999.0 -9999.0 -9999.0 -9999.0 -9999.0 -9999.0 -9999.0 -9999.0 -9999.0 -9999.0 -9999.0 -9999.0 -9999.0 -9999.0 -9999.0 -9999.0 -9999.0 -9999.0 -9999.0 -9999.0 -9999.0 -9999.0 -9999.0 -9999.0 -9999.0 -9999.0 -9999.0 -9999.0 -9999.0 -9999.0 -9999.0 -9999.0 -9999.0 -9999.0 -9999.0 -9999.0 -9999.0 -9999.0 -9999.0 -9999.0 -9999.0 -9999.0 -9999.0 -9999.0 -9999.0 -9999.0 -9999.0 -9999.0 -9999.0 -9999.0 -9999.0 -9999.0 -9999.0 -9999.0 -9999.0 -9999.0
-9999.0 -9999.0 721.575450 623.150162 524.421554 425.467292 326.405242 227.296848 128.173284 29.051443 -70.055761 -169.144852 -268.204480 -367.205881 -466.097398 -564.798203 -663.161193 -761.321314 -859.485625 -957.352685 -1054.795554 -1150.053102 -1240.098694 -1323.461781 -1397.842537 -1461.616870 -1514.165426 -1555.879798 -1587.912213 -1611.821314 -1629.252642 -1641.722441 -1650.509968 -1656.630609 -1660.856376 -1663.759001 -1665.767047 -1667.267028 -1668.896933 -1672.390280 -1681.711024 -1701.651879 -1936.772665 -4161.032589 -4229.991559 -4225.999635 -4222.321742 -4221.706158 -4221.641925 -4221.648636 -4221.665398 -4221.683314 -4221.700473 -4221.716319 -4221.730931 -4221.747430 -4221.796725 -4222.141009 -4224.271394 -4227.573959 -4102.018348 -1737.099301 -1661.761755 -1673.488412 -1671.382260 -1670.298992 -1670.041727 -1669.994110 -1669.986582 -1669.985901 -1669.986287 -1669.986756 -1669.987153 -1669.987470 -1669.987724 -1669.987929 -1669.988101 -1669.988248 -1669.988379 -1669.988502 -1669.988625 -1669.988760 -1669.988920 -1669.989129 -1669.989419 -1669.989842 -1669.990485 -1669.991492 -1669.993111 -1669.995783 -1670.000322 -1670.008274 -1670.022662 -1670.049536 -1670.101323 -1670.204504 -1670.418706 -1670.887861 -1671.985695 -1674.764816 -1682.545196 -1707.494505 -9999.0 -9999.0
-9999.0 -9999.0 721.579486 623.151511 524.421964 425.467421 326.405285 227.296863 128.173289 29.051445 -70.055759 -169.144852 -268.204480 -367.205881 -466.097398 -564.798203 -663.161194 -761.321314 -859.485625 -957.352685 -1054.795555 -1150.053102 -1240.098694 -1323.461781 -1397.842537 -1461.616870 -1514.165426 -1555.879798 -1587.912213 -1611.821314 -1629.252642 -1641.722441 -1650.509968 -1656.630609 -1660.856376 -1663.759001 -1665.767047 -1667.267028 -1668.896933 -1672.390280 -1681.711024 -1701.651879 -1936.772665 -4161.032589 -4229.991559 -4225.999635 -4222.321742 -4221.706158 -4221.641925 -4221.648636 -4221.665398 -4221.683314 -4221.700473 -4221.716319 -4221.730931 -4221.747430 -4221.796725 -4222.141009 -4224.271394 -4227.573959 -4102.018348 -1737.099301 -1661.761755 -1673.488412 -1671.382260 -1670.298992 -1670.041727 -1669.994110 -1669.986582 -1669.985901 -1669.986287 -1669.986756 -1669.987153 -1669.987470 -1669.987724 -1669.987929 -1669.988101 -1669.988248 -1669.988379 -1669.988502 -1669.988625 -1669.988760 -1669.988920 -1669.989129 -1669.989419 -1669.989842 -1669.990485 -1669.991492 -1669.993111 -1669.995783 -1670.000322 -1670.008274 -1670.022662 -1670.049536 -1670.101323 -1670.204504 -1670.418706 -1670.887861 -1671.985695 -1674.764816 -1682.545196 -1707.494505 -9999.0 -9999.0
-9999.0 -9999.0 721.580757 623.152178 524.422238 425.467524 326.405322 227.296876 128.173294 29.051447 -70.055759 -169.144851 -268.204480 -367.205881 -466.097398 -564.798203 -663.161194 -761.321314 -859.485626 -957.352685 -1054.795555 -1150.053102 -1240.098694 -1323.461782 -1397.842538 -1461.616870 -1514.165426 -1555.879798 -1587.912213 -1611.821314 -1629.252642 -1641.722441 -1650.509968 -1656.630609 -1660.856376 -1663.759001 -1665.767047 -1667.267028 -1668.896933 -1672.390280 -1681.711024 -1701.651879 -1936.772665 -4161.032589 -4229.991559 -4225.999635 -4222.321742 -4221.706158 -4221.641925 -4221.648636 -4221.665398 -4221.683314 -4221.700473 -4221.716319 -4221.730931 -4221.747430 -4221.796725 -4222.141009 -4224.271394 -4227.573959 -4102.018348 -1737.099301 -1661.761755 -1673.488412 -1671.382260 -1670.298992 -1670.041727 -1669.994110 -1669.986582 -1669.985901 -1669.986287 -1669.986756 -1669.987153 -1669.987470 -1669.987724 -1669.987929 -1669.988101 -1669.988248 -1669.988379 -1669.988502 -1669.988625 -1669.988760 -1669.988920 -1669.989129 -1669.989419 -1669.989842 -1669.990485 -1669.991492 -1669.993111 -1669.995783 -1670.000322 -1670.008274 -1670.022662 -1670.049536 -1670.101323 -1670.204504 -1670.418706 -1670.887861 -1671.985695 -1674.764816 -1682.545196 -1707.494505 -9999.0 -9999.0
-9999.0 -9999.0 721.580757 623.152178 524.422238 425.467524 326.405322 227.296876 128.173294 29.051447 -70.055759 -169.144851 -268.204480 -367.205881 -466.097398 -564.798203 -663.161194 -761.321314 -859.485625 -957.352685 -1054.795555 -1150.053102 -1240.098694 -1323.461782 -1397.842538 -1461.616870 -1514.165426 -1555.879798 -1587.912213 -1611.821314 -1629.252642 -1641.722441 -1650.509968 -1656.630609 -1660.856376 -1663.759001 -1665.767047 -1667.267028 -1668.896933 -1672.390280 -1681.711024 -1701.651879 -1936.772665 -4161.032589 -4229.991559 -4225.999635 -4222.321742 -4221.706158 -4221.641925 -4221.648636 -4221.665398 -4221.683314 -4221.700473 -4221.716319 -4221.730931 -4221.747430 -4221.796725 -4222.141009 -4224.271394 -4227.573959 -4102.018348 -1737.099301 -1661.761755 -1673.488412 -1671.382260 -1670.298992 -1670.041727 -1669.994110 -1669.986582 -1669.985901 -1669.986287 -1669.986756 -1669.987153 -1669.987470 -1669.987724 -1669.987929 -1669.988101 -1669.988248 -1669.988379 -1669.988502 -1669.988625 -1669.988760 -1669.988920 -1669.989129 -1669.989419 -1669.989842 -1669.990485 -1669.991492 -1669.993111 -1669.995783 -1670.000322 -1670.008274 -1670.022662 -1670.049536 -1670.101323 -1670.204504 -1670.418706 -1670.887861 -1671.985695 -1674.764816 -1682.545196 -1707.494505 -9999.0 -9999.0
-9999.0 -9999.0 721.579486 623.151511 524.421964 425.467421 326.405285 227.296863 128.173289 29.051445 -70.055760 -169.144851 -268.204480 -367.205881 -466.097398 -564.798203 -663.161194 -761.321314 -859.485625 -957.352685 -1054.795555 -1150.053102 -1240.098694 -1323.461781 -1397.842537 -1461.616870 -1514.165426 -1555.879798 -1587.912213 -1611.821314 -1629.252642 -1641.722441 -1650.509968 -1656.630609 -1660.856376 -1663.759001 -1665.767047 -1667.267028 -1668.896933 -1672.390280 -1681.711024 -1701.651879 -1936.772665 -4161.032589 -4229.991559 -4225.999635 -4222.321742 -4221.706158 -4221.641925 -4221.648636 -4221.665398 -4221.683314 -4221.700473 -4221.716319 -4221.730931 -4221.747430 -4221.796725 -4222.141009 -4224.271394 -4227.573959 -4102.018348 -1737.099301 -1661.761755 -1673.488412 -1671.382260 -1670.298992 -1670.041727 -1669.994110 -1669.986582 -1669.985901 -1669.986287 -1669.986756 -1669.987153 -1669.987470 -1669.987724 -1669.987929 -1669.988101 -1669.988248 -1669.988379 -1669.988502 -1669.988625 -1669.988760 -1669.988920 -1669.989129 -1669.989419 -1669.989842 -1669.990485 -1669.991492 -1669.993111 -1669.995783 -1670.000322 -1670.008274 -1670.022662 -1670.049536 -1670.101323 -1670.204504 -1670.418706 -1670.887861 -1671.985695 -1674.764816 -1682.545196 -1707.494505 -9999.0 -9999.0
-9999.0 -9999.0 721.575450 623.150162 524.421555 425.467292 326.405242 227.296848 128.173284 29.051443 -70.055760 -169.144852 -268.204480 -367.205881 -466.097398 -564.798203 -663.161193 -761.321314 -859.485625 -957.352685 -1054.795554 -1150.053102 -1240.098693 -1323.461781 -1397.842537 -1461.616870 -1514.165426 -1555.879798 -1587.912213 -1611.821314 -1629.252642 -1641.722441 -1650.509968 -1656.630609 -1660.856376 -1663.759001 -1665.767047 -1667.267028 -1668.896933 -1672.390280 -1681.711024 -1701.651879 -1936.772665 -4161.032589 -4229.991559 -4225.999635 -4222.321742 -4221.706158 -4221.641925 -4221.648636 -4221.665398 -4221.683314 -4221.700473 -4221.716319 -4221.730931 -4221.747430 -4221.796725 -4222.141009 -4224.271394 -4227.573959 -4102.018348 -1737.099301 -1661.761755 -1673.488412 -1671.382260 -1670.298992 -1670.041727 -1669.994110 -1669.986582 -1669.985901 -1669.986287 -1669.986756 -1669.987153 -1669.987470 -1669.987724 -1669.987929 -1669.988101 -1669.988248 -1669.988379 -1669.988502 -1669.988625 -1669.988760 -1669.988920 -1669.989129 -1669.989419 -1669.989842 -1669.990485 -1669.991492 -1669.993111 -1669.995783 -1670.000322 -1670.008274 -1670.022662 -1670.049536 -1670.101323 -1670.204504 -1670.418706 -1670.887861 -1671.985695 -1674.764816 -1682.545196 -1707.494505 -9999.0 -9999.0
-9999.0 -9999.0 -9999.0 -9999.0 -9999.0 -9999.0 -9999.0 -9999.0 -9999.0 -9999.0 -9999.0 -9999.0 -9999.0 -9999.0 -9999.0 -9999.0 -9999.0 -9999.0 -9999.0 -9999.0 -9999.0 -9999.0 -9999.0 -9999.0 -9999.0 -9999.0 -9999.0 -9999.0 -9999.0 -9999.0 -9999.0 -9999.0 -9999.0 -9999.0 -9999.0 -9999.0 -9999.0 -9999.0 -9999.0 -9999.0 -9999.0 -9999.0 -9999.0 -9999.0 -9999.0 -9999.0 -9999.0 -9999.0 -9999.0 -9999.0 -9999.0 -9999.0 -9999.0 -9999.0 -9999.0 -9999.0 -9999.0 -9999.0 -9999.0 -9999.0 -9999.0 -9999.0 -9999.0 -9999.0 -9999.0 -9999.0 -9999.0 -9999.0 -9999.0 -9999.0 -9999.0 -9999.0 -9999.0 -9999.0 -9999.0 -9999.0 -9999.0 -9999.0 -9999.0 -9999.0 -9999.0 -9999.0 -9999.0 -9999.0 -9999.0 -9999.0 -9999.0 -9999.0 -9999.0 -9999.0 -9999.0 -9999.0 -9999.0 -9999.0 -9999.0 -9999.0 -9999.0 -9999.0 -9999.0 -9999.0 -9999.0 -9999.0 -9999.0 -9999.0
-9999.0 -9999.0 -9999.0 -9999.0 -9999.0 -9999.0 -9999.0 -9999.0 -9999.0 -9999.0 -9999.0 -9999.0 -9999.0 -9999.0 -9999.0 -9999.0 -9999.0 -9999.0 -9999.0 -9999.0 -9999.0 -9999.0 -9999.0 -9999.0 -9999.0 -9999.0 -9999.0 -9999.0 -9999.0 -9999.0 -9999.0 -9999.0 -9999.0 -9999.0 -9999.0 -9999.0 -9999.0 -9999.0 -9999.0 -9999.0 -9999.0 -9999.0 -9999.0 -9999.0 -9999.0 -9999.0 -9999.0 -9999.0 -9999.0 -9999.0 -9999.0 -9999.0 -9999.0 -9999.0 -9999.0 -9999.0 -9999.0 -9999.0 -9999.0 -9999.0 -9999.0 -9999.0 -9999.0 -9999.0 -9999.0 -9999.0 -9999.0 -9999.0 -9999.0 -9999.0 -9999.0 -9999.0 -9999.0 -9999.0 -9999.0 -9999.0 -9999.0 -9999.0 -9999.0 -9999.0 -9999.0 -9999.0 -9999.0 -9999.0 -9999.0 -9999.0 -9999.0 -9999.0 -9999.0 -9999.0 -9999.0 -9999.0 -9999.0 -9999.0 -9999.0 -9999.0 -9999.0 -9999.0 -9999.0 -9999.0 -9999.0 -9999.0 -9999.0 -9999.0