inst/processing_geotop_simulation/geotop_simulation/out/maps3D/PwL0009N0422.asc
ncols         104
nrows         10
xllcorner     -2.000000
yllcorner     0.000000
cellsize      1.000000
NODATA_value  -9999.0
-9999.0 -9999.0 -9999.0 -9999.0 -9999.0 -9999.0 -9999.0 -9999.0 -9999.0 -9999.0 -9999.0 -9999.0 -9999.0 -9999.0 -9999.0 -9999.0 -9999.0 -9999.0 -9999.0 -9999.0 -9999.0 -9999.0 -9999.0 -9999.0 -9999.0 -9999.0 -9999.0 -9999.0 -9999.0 -9999.0 -9999.0 -9999.0 -9999.0 -9999.0 -9999.0 -9999.0 -9999.0 -9999.0 -9999.0 -9999.0 -9999.0 -9999.0 -9999.0 -9999.0 -9999.0 -9999.0 -9999.0 -9999.0 -9999.0 -9999.0 -9999.0 -9999.0 -9999.0 -9999.0 -9999.0 -9999.0 -9999.0 -9999.0 -9999.0 -9999.0 -9999.0 -9999.0 -9999.0 -9999.0 -9999.0 -9999.0 -9999.0 -9999.0 -9999.0 -9999.0 -9999.0 -9999.0 -9999.0 -9999.0 -9999.0 -9999.0 -9999.0 -9999.0 -9999.0 -9999.0 -9999.0 -9999.0 -9999.0 -9999.0 -9999.0 -9999.0 -9999.0 -9999.0 -9999.0 -9999.0 -9999.0 -9999.0 -9999.0 -9999.0 -9999.0 -9999.0 -9999.0 -9999.0 -9999.0 -9999.0 -9999.0 -9999.0 -9999.0 -9999.0
-9999.0 -9999.0 -9999.0 -9999.0 -9999.0 -9999.0 -9999.0 -9999.0 -9999.0 -9999.0 -9999.0 -9999.0 -9999.0 -9999.0 -9999.0 -9999.0 -9999.0 -9999.0 -9999.0 -9999.0 -9999.0 -9999.0 -9999.0 -9999.0 -9999.0 -9999.0 -9999.0 -9999.0 -9999.0 -9999.0 -9999.0 -9999.0 -9999.0 -9999.0 -9999.0 -9999.0 -9999.0 -9999.0 -9999.0 -9999.0 -9999.0 -9999.0 -9999.0 -9999.0 -9999.0 -9999.0 -9999.0 -9999.0 -9999.0 -9999.0 -9999.0 -9999.0 -9999.0 -9999.0 -9999.0 -9999.0 -9999.0 -9999.0 -9999.0 -9999.0 -9999.0 -9999.0 -9999.0 -9999.0 -9999.0 -9999.0 -9999.0 -9999.0 -9999.0 -9999.0 -9999.0 -9999.0 -9999.0 -9999.0 -9999.0 -9999.0 -9999.0 -9999.0 -9999.0 -9999.0 -9999.0 -9999.0 -9999.0 -9999.0 -9999.0 -9999.0 -9999.0 -9999.0 -9999.0 -9999.0 -9999.0 -9999.0 -9999.0 -9999.0 -9999.0 -9999.0 -9999.0 -9999.0 -9999.0 -9999.0 -9999.0 -9999.0 -9999.0 -9999.0
-9999.0 -9999.0 422.949776 324.468038 225.464465 126.236136 26.915208 -72.440979 -171.808673 -271.173900 -370.522217 -469.832776 -569.064604 -668.136577 -767.098606 -866.088884 -964.991618 -1063.797811 -1162.185718 -1259.493257 -1355.047385 -1447.222192 -1533.551299 -1611.300404 -1678.349755 -1733.765258 -1777.836674 -1811.745916 -1837.128196 -1855.706483 -1869.061714 -1878.525431 -1885.155882 -1889.760191 -1892.936298 -1895.120728 -1896.642544 -1897.816757 -1899.190868 -1901.943500 -1904.970052 -1869.639573 -1283.720042 -1382.473144 -1352.216480 -1332.069805 -1322.769206 -1321.416116 -1321.272869 -1321.285274 -1321.319773 -1321.356946 -1321.392673 -1321.425760 -1321.456523 -1321.492814 -1321.609023 -1322.401750 -1327.279289 -1338.196152 -1350.309956 -1236.963170 -1836.492399 -1897.983199 -1900.750070 -1900.113137 -1899.884908 -1899.836987 -1899.828878 -1899.827997 -1899.828284 -1899.828687 -1899.829034 -1899.829311 -1899.829532 -1899.829712 -1899.829861 -1899.829989 -1899.830103 -1899.830209 -1899.830317 -1899.830434 -1899.830576 -1899.830761 -1899.831019 -1899.831397 -1899.831974 -1899.832879 -1899.834338 -1899.836751 -1899.840860 -1899.848077 -1899.861165 -1899.885665 -1899.932975 -1900.027436 -1900.224026 -1900.656153 -1901.674840 -1904.296304 -1911.837542 -1936.676931 -9999.0 -9999.0
-9999.0 -9999.0 422.955752 324.469626 225.464900 126.236267 26.915250 -72.440964 -171.808668 -271.173898 -370.522216 -469.832775 -569.064603 -668.136577 -767.098606 -866.088884 -964.991618 -1063.797812 -1162.185718 -1259.493257 -1355.047386 -1447.222193 -1533.551299 -1611.300404 -1678.349755 -1733.765258 -1777.836674 -1811.745916 -1837.128196 -1855.706483 -1869.061714 -1878.525431 -1885.155882 -1889.760191 -1892.936298 -1895.120728 -1896.642544 -1897.816757 -1899.190868 -1901.943500 -1904.970052 -1869.639573 -1283.720042 -1382.473144 -1352.216479 -1332.069805 -1322.769206 -1321.416116 -1321.272869 -1321.285274 -1321.319773 -1321.356946 -1321.392673 -1321.425760 -1321.456523 -1321.492814 -1321.609023 -1322.401750 -1327.279289 -1338.196152 -1350.309956 -1236.963170 -1836.492399 -1897.983199 -1900.750070 -1900.113137 -1899.884908 -1899.836987 -1899.828878 -1899.827997 -1899.828284 -1899.828687 -1899.829034 -1899.829311 -1899.829532 -1899.829712 -1899.829861 -1899.829989 -1899.830103 -1899.830209 -1899.830317 -1899.830434 -1899.830576 -1899.830761 -1899.831019 -1899.831397 -1899.831974 -1899.832879 -1899.834338 -1899.836751 -1899.840860 -1899.848077 -1899.861165 -1899.885665 -1899.932975 -1900.027436 -1900.224026 -1900.656153 -1901.674840 -1904.296304 -1911.837542 -1936.676931 -9999.0 -9999.0
-9999.0 -9999.0 422.957075 324.470326 225.465180 126.236370 26.915287 -72.440951 -171.808663 -271.173896 -370.522215 -469.832775 -569.064603 -668.136577 -767.098606 -866.088884 -964.991618 -1063.797812 -1162.185718 -1259.493257 -1355.047386 -1447.222193 -1533.551299 -1611.300404 -1678.349755 -1733.765258 -1777.836674 -1811.745916 -1837.128196 -1855.706483 -1869.061714 -1878.525431 -1885.155882 -1889.760191 -1892.936298 -1895.120728 -1896.642544 -1897.816757 -1899.190868 -1901.943500 -1904.970052 -1869.639573 -1283.720042 -1382.473144 -1352.216479 -1332.069805 -1322.769206 -1321.416116 -1321.272869 -1321.285274 -1321.319773 -1321.356946 -1321.392673 -1321.425760 -1321.456523 -1321.492814 -1321.609023 -1322.401750 -1327.279289 -1338.196152 -1350.309956 -1236.963170 -1836.492399 -1897.983199 -1900.750070 -1900.113137 -1899.884908 -1899.836987 -1899.828878 -1899.827997 -1899.828284 -1899.828687 -1899.829034 -1899.829311 -1899.829532 -1899.829712 -1899.829861 -1899.829989 -1899.830103 -1899.830209 -1899.830317 -1899.830434 -1899.830576 -1899.830761 -1899.831019 -1899.831397 -1899.831974 -1899.832879 -1899.834338 -1899.836751 -1899.840860 -1899.848077 -1899.861165 -1899.885665 -1899.932975 -1900.027436 -1900.224026 -1900.656153 -1901.674840 -1904.296304 -1911.837542 -1936.676931 -9999.0 -9999.0
-9999.0 -9999.0 422.957075 324.470326 225.465180 126.236370 26.915286 -72.440951 -171.808663 -271.173896 -370.522215 -469.832775 -569.064603 -668.136577 -767.098606 -866.088884 -964.991618 -1063.797812 -1162.185718 -1259.493257 -1355.047386 -1447.222193 -1533.551299 -1611.300404 -1678.349755 -1733.765258 -1777.836674 -1811.745916 -1837.128196 -1855.706483 -1869.061714 -1878.525431 -1885.155882 -1889.760191 -1892.936298 -1895.120728 -1896.642544 -1897.816757 -1899.190868 -1901.943500 -1904.970052 -1869.639573 -1283.720042 -1382.473144 -1352.216479 -1332.069805 -1322.769206 -1321.416116 -1321.272869 -1321.285274 -1321.319773 -1321.356946 -1321.392673 -1321.425760 -1321.456523 -1321.492814 -1321.609023 -1322.401750 -1327.279289 -1338.196152 -1350.309956 -1236.963170 -1836.492399 -1897.983199 -1900.750070 -1900.113137 -1899.884908 -1899.836987 -1899.828878 -1899.827997 -1899.828284 -1899.828687 -1899.829034 -1899.829311 -1899.829532 -1899.829712 -1899.829861 -1899.829989 -1899.830103 -1899.830209 -1899.830317 -1899.830434 -1899.830576 -1899.830761 -1899.831019 -1899.831397 -1899.831974 -1899.832879 -1899.834338 -1899.836751 -1899.840860 -1899.848077 -1899.861165 -1899.885665 -1899.932975 -1900.027436 -1900.224026 -1900.656153 -1901.674840 -1904.296304 -1911.837542 -1936.676931 -9999.0 -9999.0
-9999.0 -9999.0 422.955752 324.469626 225.464900 126.236267 26.915250 -72.440964 -171.808667 -271.173898 -370.522216 -469.832775 -569.064603 -668.136577 -767.098606 -866.088884 -964.991618 -1063.797812 -1162.185718 -1259.493257 -1355.047386 -1447.222193 -1533.551299 -1611.300404 -1678.349755 -1733.765258 -1777.836674 -1811.745916 -1837.128196 -1855.706483 -1869.061714 -1878.525431 -1885.155882 -1889.760191 -1892.936298 -1895.120728 -1896.642544 -1897.816757 -1899.190868 -1901.943500 -1904.970052 -1869.639573 -1283.720042 -1382.473144 -1352.216479 -1332.069805 -1322.769206 -1321.416116 -1321.272869 -1321.285274 -1321.319773 -1321.356946 -1321.392673 -1321.425760 -1321.456523 -1321.492814 -1321.609023 -1322.401750 -1327.279289 -1338.196152 -1350.309956 -1236.963170 -1836.492399 -1897.983199 -1900.750070 -1900.113137 -1899.884908 -1899.836987 -1899.828878 -1899.827997 -1899.828284 -1899.828687 -1899.829034 -1899.829311 -1899.829532 -1899.829712 -1899.829861 -1899.829989 -1899.830103 -1899.830209 -1899.830317 -1899.830434 -1899.830576 -1899.830761 -1899.831019 -1899.831397 -1899.831974 -1899.832879 -1899.834338 -1899.836751 -1899.840860 -1899.848077 -1899.861165 -1899.885665 -1899.932975 -1900.027436 -1900.224026 -1900.656153 -1901.674840 -1904.296304 -1911.837542 -1936.676931 -9999.0 -9999.0
-9999.0 -9999.0 422.949776 324.468038 225.464465 126.236136 26.915208 -72.440979 -171.808673 -271.173900 -370.522217 -469.832776 -569.064603 -668.136577 -767.098606 -866.088884 -964.991618 -1063.797811 -1162.185718 -1259.493257 -1355.047385 -1447.222192 -1533.551299 -1611.300404 -1678.349755 -1733.765258 -1777.836674 -1811.745916 -1837.128196 -1855.706483 -1869.061714 -1878.525431 -1885.155882 -1889.760191 -1892.936298 -1895.120728 -1896.642544 -1897.816757 -1899.190868 -1901.943500 -1904.970052 -1869.639573 -1283.720042 -1382.473144 -1352.216480 -1332.069805 -1322.769206 -1321.416116 -1321.272869 -1321.285274 -1321.319773 -1321.356946 -1321.392673 -1321.425760 -1321.456523 -1321.492814 -1321.609023 -1322.401750 -1327.279289 -1338.196152 -1350.309956 -1236.963170 -1836.492399 -1897.983199 -1900.750070 -1900.113137 -1899.884908 -1899.836987 -1899.828878 -1899.827997 -1899.828284 -1899.828687 -1899.829034 -1899.829311 -1899.829532 -1899.829712 -1899.829861 -1899.829989 -1899.830103 -1899.830209 -1899.830317 -1899.830434 -1899.830576 -1899.830761 -1899.831019 -1899.831397 -1899.831974 -1899.832879 -1899.834338 -1899.836751 -1899.840860 -1899.848077 -1899.861165 -1899.885665 -1899.932975 -1900.027436 -1900.224026 -1900.656153 -1901.674840 -1904.296304 -1911.837542 -1936.676931 -9999.0 -9999.0
-9999.0 -9999.0 -9999.0 -9999.0 -9999.0 -9999.0 -9999.0 -9999.0 -9999.0 -9999.0 -9999.0 -9999.0 -9999.0 -9999.0 -9999.0 -9999.0 -9999.0 -9999.0 -9999.0 -9999.0 -9999.0 -9999.0 -9999.0 -9999.0 -9999.0 -9999.0 -9999.0 -9999.0 -9999.0 -9999.0 -9999.0 -9999.0 -9999.0 -9999.0 -9999.0 -9999.0 -9999.0 -9999.0 -9999.0 -9999.0 -9999.0 -9999.0 -9999.0 -9999.0 -9999.0 -9999.0 -9999.0 -9999.0 -9999.0 -9999.0 -9999.0 -9999.0 -9999.0 -9999.0 -9999.0 -9999.0 -9999.0 -9999.0 -9999.0 -9999.0 -9999.0 -9999.0 -9999.0 -9999.0 -9999.0 -9999.0 -9999.0 -9999.0 -9999.0 -9999.0 -9999.0 -9999.0 -9999.0 -9999.0 -9999.0 -9999.0 -9999.0 -9999.0 -9999.0 -9999.0 -9999.0 -9999.0 -9999.0 -9999.0 -9999.0 -9999.0 -9999.0 -9999.0 -9999.0 -9999.0 -9999.0 -9999.0 -9999.0 -9999.0 -9999.0 -9999.0 -9999.0 -9999.0 -9999.0 -9999.0 -9999.0 -9999.0 -9999.0 -9999.0
-9999.0 -9999.0 -9999.0 -9999.0 -9999.0 -9999.0 -9999.0 -9999.0 -9999.0 -9999.0 -9999.0 -9999.0 -9999.0 -9999.0 -9999.0 -9999.0 -9999.0 -9999.0 -9999.0 -9999.0 -9999.0 -9999.0 -9999.0 -9999.0 -9999.0 -9999.0 -9999.0 -9999.0 -9999.0 -9999.0 -9999.0 -9999.0 -9999.0 -9999.0 -9999.0 -9999.0 -9999.0 -9999.0 -9999.0 -9999.0 -9999.0 -9999.0 -9999.0 -9999.0 -9999.0 -9999.0 -9999.0 -9999.0 -9999.0 -9999.0 -9999.0 -9999.0 -9999.0 -9999.0 -9999.0 -9999.0 -9999.0 -9999.0 -9999.0 -9999.0 -9999.0 -9999.0 -9999.0 -9999.0 -9999.0 -9999.0 -9999.0 -9999.0 -9999.0 -9999.0 -9999.0 -9999.0 -9999.0 -9999.0 -9999.0 -9999.0 -9999.0 -9999.0 -9999.0 -9999.0 -9999.0 -9999.0 -9999.0 -9999.0 -9999.0 -9999.0 -9999.0 -9999.0 -9999.0 -9999.0 -9999.0 -9999.0 -9999.0 -9999.0 -9999.0 -9999.0 -9999.0 -9999.0 -9999.0 -9999.0 -9999.0 -9999.0 -9999.0 -9999.0