inst/processing_geotop_simulation/geotop_simulation/out/maps3D/PwL0008N0284.asc
ncols         104
nrows         10
xllcorner     -2.000000
yllcorner     0.000000
cellsize      1.000000
NODATA_value  -9999.0
-9999.0 -9999.0 -9999.0 -9999.0 -9999.0 -9999.0 -9999.0 -9999.0 -9999.0 -9999.0 -9999.0 -9999.0 -9999.0 -9999.0 -9999.0 -9999.0 -9999.0 -9999.0 -9999.0 -9999.0 -9999.0 -9999.0 -9999.0 -9999.0 -9999.0 -9999.0 -9999.0 -9999.0 -9999.0 -9999.0 -9999.0 -9999.0 -9999.0 -9999.0 -9999.0 -9999.0 -9999.0 -9999.0 -9999.0 -9999.0 -9999.0 -9999.0 -9999.0 -9999.0 -9999.0 -9999.0 -9999.0 -9999.0 -9999.0 -9999.0 -9999.0 -9999.0 -9999.0 -9999.0 -9999.0 -9999.0 -9999.0 -9999.0 -9999.0 -9999.0 -9999.0 -9999.0 -9999.0 -9999.0 -9999.0 -9999.0 -9999.0 -9999.0 -9999.0 -9999.0 -9999.0 -9999.0 -9999.0 -9999.0 -9999.0 -9999.0 -9999.0 -9999.0 -9999.0 -9999.0 -9999.0 -9999.0 -9999.0 -9999.0 -9999.0 -9999.0 -9999.0 -9999.0 -9999.0 -9999.0 -9999.0 -9999.0 -9999.0 -9999.0 -9999.0 -9999.0 -9999.0 -9999.0 -9999.0 -9999.0 -9999.0 -9999.0 -9999.0 -9999.0
-9999.0 -9999.0 -9999.0 -9999.0 -9999.0 -9999.0 -9999.0 -9999.0 -9999.0 -9999.0 -9999.0 -9999.0 -9999.0 -9999.0 -9999.0 -9999.0 -9999.0 -9999.0 -9999.0 -9999.0 -9999.0 -9999.0 -9999.0 -9999.0 -9999.0 -9999.0 -9999.0 -9999.0 -9999.0 -9999.0 -9999.0 -9999.0 -9999.0 -9999.0 -9999.0 -9999.0 -9999.0 -9999.0 -9999.0 -9999.0 -9999.0 -9999.0 -9999.0 -9999.0 -9999.0 -9999.0 -9999.0 -9999.0 -9999.0 -9999.0 -9999.0 -9999.0 -9999.0 -9999.0 -9999.0 -9999.0 -9999.0 -9999.0 -9999.0 -9999.0 -9999.0 -9999.0 -9999.0 -9999.0 -9999.0 -9999.0 -9999.0 -9999.0 -9999.0 -9999.0 -9999.0 -9999.0 -9999.0 -9999.0 -9999.0 -9999.0 -9999.0 -9999.0 -9999.0 -9999.0 -9999.0 -9999.0 -9999.0 -9999.0 -9999.0 -9999.0 -9999.0 -9999.0 -9999.0 -9999.0 -9999.0 -9999.0 -9999.0 -9999.0 -9999.0 -9999.0 -9999.0 -9999.0 -9999.0 -9999.0 -9999.0 -9999.0 -9999.0 -9999.0
-9999.0 -9999.0 375.419248 278.634532 180.666792 82.228107 -16.399039 -115.099811 -213.824292 -312.533058 -411.185186 -509.700920 -607.907241 -705.467230 -803.094510 -900.604543 -997.876555 -1094.938447 -1189.575822 -1281.614026 -1369.024042 -1448.619717 -1517.342639 -1573.591058 -1617.528609 -1650.583334 -1674.739862 -1692.003866 -1704.125625 -1712.514054 -1718.249190 -1722.131374 -1724.738367 -1726.478397 -1727.635173 -1728.405360 -1728.933906 -1729.375611 -1730.121989 -1732.615572 -1740.032515 -1734.718517 -1214.961957 -1290.474540 -1260.591535 -1241.598497 -1232.829486 -1231.599302 -1231.471718 -1231.484645 -1231.517688 -1231.553161 -1231.587236 -1231.618781 -1231.648022 -1231.681721 -1231.785161 -1232.497633 -1237.070083 -1247.385893 -1261.423929 -1169.621904 -1705.274436 -1733.379537 -1731.228165 -1730.235402 -1730.032976 -1729.999265 -1729.994428 -1729.994300 -1729.994864 -1729.995424 -1729.995874 -1729.996222 -1729.996489 -1729.996698 -1729.996864 -1729.997000 -1729.997114 -1729.997217 -1729.997318 -1729.997432 -1729.997574 -1729.997770 -1729.998060 -1729.998503 -1729.999199 -1730.000314 -1730.002131 -1730.005148 -1730.010277 -1730.019239 -1730.035369 -1730.065280 -1730.122327 -1730.234152 -1730.460493 -1730.939378 -1732.016773 -1734.643679 -1741.811338 -1765.025178 -9999.0 -9999.0
-9999.0 -9999.0 375.426431 278.636357 180.667284 82.228253 -16.398992 -115.099795 -213.824287 -312.533055 -411.185185 -509.700920 -607.907241 -705.467230 -803.094510 -900.604543 -997.876555 -1094.938448 -1189.575822 -1281.614026 -1369.024042 -1448.619717 -1517.342639 -1573.591058 -1617.528609 -1650.583334 -1674.739862 -1692.003866 -1704.125625 -1712.514054 -1718.249190 -1722.131374 -1724.738367 -1726.478397 -1727.635173 -1728.405360 -1728.933906 -1729.375611 -1730.121989 -1732.615572 -1740.032515 -1734.718517 -1214.961957 -1290.474540 -1260.591534 -1241.598497 -1232.829486 -1231.599302 -1231.471718 -1231.484645 -1231.517688 -1231.553161 -1231.587236 -1231.618781 -1231.648022 -1231.681721 -1231.785161 -1232.497633 -1237.070083 -1247.385893 -1261.423929 -1169.621904 -1705.274436 -1733.379537 -1731.228165 -1730.235402 -1730.032976 -1729.999265 -1729.994428 -1729.994300 -1729.994864 -1729.995424 -1729.995874 -1729.996222 -1729.996489 -1729.996698 -1729.996864 -1729.997000 -1729.997114 -1729.997217 -1729.997318 -1729.997432 -1729.997574 -1729.997770 -1729.998060 -1729.998503 -1729.999199 -1730.000314 -1730.002131 -1730.005148 -1730.010277 -1730.019239 -1730.035369 -1730.065280 -1730.122327 -1730.234152 -1730.460493 -1730.939378 -1732.016773 -1734.643679 -1741.811338 -1765.025178 -9999.0 -9999.0
-9999.0 -9999.0 375.427905 278.637147 180.667599 82.228369 -16.398951 -115.099780 -213.824281 -312.533053 -411.185184 -509.700920 -607.907241 -705.467230 -803.094510 -900.604543 -997.876555 -1094.938448 -1189.575823 -1281.614026 -1369.024042 -1448.619718 -1517.342639 -1573.591058 -1617.528610 -1650.583334 -1674.739862 -1692.003866 -1704.125625 -1712.514054 -1718.249190 -1722.131374 -1724.738367 -1726.478397 -1727.635173 -1728.405360 -1728.933906 -1729.375611 -1730.121989 -1732.615572 -1740.032515 -1734.718517 -1214.961957 -1290.474540 -1260.591534 -1241.598496 -1232.829486 -1231.599302 -1231.471718 -1231.484645 -1231.517688 -1231.553161 -1231.587236 -1231.618781 -1231.648022 -1231.681721 -1231.785161 -1232.497633 -1237.070083 -1247.385893 -1261.423929 -1169.621904 -1705.274436 -1733.379537 -1731.228165 -1730.235402 -1730.032976 -1729.999265 -1729.994428 -1729.994300 -1729.994864 -1729.995424 -1729.995874 -1729.996222 -1729.996489 -1729.996698 -1729.996864 -1729.997000 -1729.997114 -1729.997217 -1729.997318 -1729.997432 -1729.997574 -1729.997770 -1729.998060 -1729.998503 -1729.999199 -1730.000314 -1730.002131 -1730.005148 -1730.010277 -1730.019239 -1730.035369 -1730.065280 -1730.122327 -1730.234152 -1730.460493 -1730.939378 -1732.016773 -1734.643679 -1741.811338 -1765.025178 -9999.0 -9999.0
-9999.0 -9999.0 375.427905 278.637147 180.667599 82.228369 -16.398951 -115.099780 -213.824281 -312.533053 -411.185184 -509.700920 -607.907241 -705.467230 -803.094510 -900.604543 -997.876555 -1094.938448 -1189.575822 -1281.614026 -1369.024042 -1448.619718 -1517.342639 -1573.591058 -1617.528610 -1650.583334 -1674.739862 -1692.003866 -1704.125625 -1712.514054 -1718.249190 -1722.131374 -1724.738367 -1726.478397 -1727.635173 -1728.405360 -1728.933906 -1729.375611 -1730.121989 -1732.615572 -1740.032515 -1734.718517 -1214.961957 -1290.474540 -1260.591534 -1241.598496 -1232.829486 -1231.599302 -1231.471718 -1231.484645 -1231.517688 -1231.553161 -1231.587236 -1231.618781 -1231.648022 -1231.681721 -1231.785161 -1232.497633 -1237.070083 -1247.385893 -1261.423929 -1169.621904 -1705.274436 -1733.379537 -1731.228165 -1730.235402 -1730.032976 -1729.999265 -1729.994428 -1729.994300 -1729.994864 -1729.995424 -1729.995874 -1729.996222 -1729.996489 -1729.996698 -1729.996864 -1729.997000 -1729.997114 -1729.997217 -1729.997318 -1729.997432 -1729.997574 -1729.997770 -1729.998060 -1729.998503 -1729.999199 -1730.000314 -1730.002131 -1730.005148 -1730.010277 -1730.019239 -1730.035369 -1730.065280 -1730.122327 -1730.234152 -1730.460493 -1730.939378 -1732.016773 -1734.643679 -1741.811338 -1765.025178 -9999.0 -9999.0
-9999.0 -9999.0 375.426431 278.636357 180.667284 82.228253 -16.398992 -115.099795 -213.824287 -312.533055 -411.185185 -509.700920 -607.907241 -705.467230 -803.094510 -900.604543 -997.876555 -1094.938448 -1189.575822 -1281.614026 -1369.024042 -1448.619717 -1517.342639 -1573.591058 -1617.528609 -1650.583334 -1674.739862 -1692.003866 -1704.125625 -1712.514054 -1718.249190 -1722.131374 -1724.738367 -1726.478397 -1727.635173 -1728.405360 -1728.933906 -1729.375611 -1730.121989 -1732.615572 -1740.032515 -1734.718517 -1214.961957 -1290.474540 -1260.591534 -1241.598497 -1232.829486 -1231.599302 -1231.471718 -1231.484645 -1231.517688 -1231.553161 -1231.587236 -1231.618781 -1231.648022 -1231.681721 -1231.785161 -1232.497633 -1237.070083 -1247.385893 -1261.423929 -1169.621904 -1705.274436 -1733.379537 -1731.228165 -1730.235402 -1730.032976 -1729.999265 -1729.994428 -1729.994300 -1729.994864 -1729.995424 -1729.995874 -1729.996222 -1729.996489 -1729.996698 -1729.996864 -1729.997000 -1729.997114 -1729.997217 -1729.997318 -1729.997432 -1729.997574 -1729.997770 -1729.998060 -1729.998503 -1729.999199 -1730.000314 -1730.002131 -1730.005148 -1730.010277 -1730.019239 -1730.035369 -1730.065280 -1730.122327 -1730.234152 -1730.460493 -1730.939378 -1732.016773 -1734.643679 -1741.811338 -1765.025178 -9999.0 -9999.0
-9999.0 -9999.0 375.419248 278.634532 180.666792 82.228107 -16.399039 -115.099811 -213.824292 -312.533058 -411.185186 -509.700920 -607.907241 -705.467230 -803.094509 -900.604543 -997.876555 -1094.938447 -1189.575822 -1281.614026 -1369.024042 -1448.619717 -1517.342639 -1573.591058 -1617.528609 -1650.583334 -1674.739862 -1692.003866 -1704.125625 -1712.514054 -1718.249190 -1722.131374 -1724.738367 -1726.478397 -1727.635173 -1728.405360 -1728.933906 -1729.375611 -1730.121989 -1732.615572 -1740.032515 -1734.718517 -1214.961957 -1290.474540 -1260.591535 -1241.598497 -1232.829486 -1231.599302 -1231.471718 -1231.484645 -1231.517688 -1231.553161 -1231.587236 -1231.618781 -1231.648022 -1231.681721 -1231.785161 -1232.497633 -1237.070083 -1247.385893 -1261.423929 -1169.621904 -1705.274436 -1733.379537 -1731.228165 -1730.235402 -1730.032976 -1729.999265 -1729.994428 -1729.994300 -1729.994864 -1729.995424 -1729.995874 -1729.996222 -1729.996489 -1729.996698 -1729.996864 -1729.997000 -1729.997114 -1729.997217 -1729.997318 -1729.997432 -1729.997574 -1729.997770 -1729.998060 -1729.998503 -1729.999199 -1730.000314 -1730.002131 -1730.005148 -1730.010277 -1730.019239 -1730.035369 -1730.065280 -1730.122327 -1730.234152 -1730.460493 -1730.939378 -1732.016773 -1734.643679 -1741.811338 -1765.025178 -9999.0 -9999.0
-9999.0 -9999.0 -9999.0 -9999.0 -9999.0 -9999.0 -9999.0 -9999.0 -9999.0 -9999.0 -9999.0 -9999.0 -9999.0 -9999.0 -9999.0 -9999.0 -9999.0 -9999.0 -9999.0 -9999.0 -9999.0 -9999.0 -9999.0 -9999.0 -9999.0 -9999.0 -9999.0 -9999.0 -9999.0 -9999.0 -9999.0 -9999.0 -9999.0 -9999.0 -9999.0 -9999.0 -9999.0 -9999.0 -9999.0 -9999.0 -9999.0 -9999.0 -9999.0 -9999.0 -9999.0 -9999.0 -9999.0 -9999.0 -9999.0 -9999.0 -9999.0 -9999.0 -9999.0 -9999.0 -9999.0 -9999.0 -9999.0 -9999.0 -9999.0 -9999.0 -9999.0 -9999.0 -9999.0 -9999.0 -9999.0 -9999.0 -9999.0 -9999.0 -9999.0 -9999.0 -9999.0 -9999.0 -9999.0 -9999.0 -9999.0 -9999.0 -9999.0 -9999.0 -9999.0 -9999.0 -9999.0 -9999.0 -9999.0 -9999.0 -9999.0 -9999.0 -9999.0 -9999.0 -9999.0 -9999.0 -9999.0 -9999.0 -9999.0 -9999.0 -9999.0 -9999.0 -9999.0 -9999.0 -9999.0 -9999.0 -9999.0 -9999.0 -9999.0 -9999.0
-9999.0 -9999.0 -9999.0 -9999.0 -9999.0 -9999.0 -9999.0 -9999.0 -9999.0 -9999.0 -9999.0 -9999.0 -9999.0 -9999.0 -9999.0 -9999.0 -9999.0 -9999.0 -9999.0 -9999.0 -9999.0 -9999.0 -9999.0 -9999.0 -9999.0 -9999.0 -9999.0 -9999.0 -9999.0 -9999.0 -9999.0 -9999.0 -9999.0 -9999.0 -9999.0 -9999.0 -9999.0 -9999.0 -9999.0 -9999.0 -9999.0 -9999.0 -9999.0 -9999.0 -9999.0 -9999.0 -9999.0 -9999.0 -9999.0 -9999.0 -9999.0 -9999.0 -9999.0 -9999.0 -9999.0 -9999.0 -9999.0 -9999.0 -9999.0 -9999.0 -9999.0 -9999.0 -9999.0 -9999.0 -9999.0 -9999.0 -9999.0 -9999.0 -9999.0 -9999.0 -9999.0 -9999.0 -9999.0 -9999.0 -9999.0 -9999.0 -9999.0 -9999.0 -9999.0 -9999.0 -9999.0 -9999.0 -9999.0 -9999.0 -9999.0 -9999.0 -9999.0 -9999.0 -9999.0 -9999.0 -9999.0 -9999.0 -9999.0 -9999.0 -9999.0 -9999.0 -9999.0 -9999.0 -9999.0 -9999.0 -9999.0 -9999.0 -9999.0 -9999.0