inst/processing_geotop_simulation/geotop_simulation/out/maps3D/PwL0012N0343.asc
ncols         104
nrows         10
xllcorner     -2.000000
yllcorner     0.000000
cellsize      1.000000
NODATA_value  -9999.0
-9999.0 -9999.0 -9999.0 -9999.0 -9999.0 -9999.0 -9999.0 -9999.0 -9999.0 -9999.0 -9999.0 -9999.0 -9999.0 -9999.0 -9999.0 -9999.0 -9999.0 -9999.0 -9999.0 -9999.0 -9999.0 -9999.0 -9999.0 -9999.0 -9999.0 -9999.0 -9999.0 -9999.0 -9999.0 -9999.0 -9999.0 -9999.0 -9999.0 -9999.0 -9999.0 -9999.0 -9999.0 -9999.0 -9999.0 -9999.0 -9999.0 -9999.0 -9999.0 -9999.0 -9999.0 -9999.0 -9999.0 -9999.0 -9999.0 -9999.0 -9999.0 -9999.0 -9999.0 -9999.0 -9999.0 -9999.0 -9999.0 -9999.0 -9999.0 -9999.0 -9999.0 -9999.0 -9999.0 -9999.0 -9999.0 -9999.0 -9999.0 -9999.0 -9999.0 -9999.0 -9999.0 -9999.0 -9999.0 -9999.0 -9999.0 -9999.0 -9999.0 -9999.0 -9999.0 -9999.0 -9999.0 -9999.0 -9999.0 -9999.0 -9999.0 -9999.0 -9999.0 -9999.0 -9999.0 -9999.0 -9999.0 -9999.0 -9999.0 -9999.0 -9999.0 -9999.0 -9999.0 -9999.0 -9999.0 -9999.0 -9999.0 -9999.0 -9999.0 -9999.0
-9999.0 -9999.0 -9999.0 -9999.0 -9999.0 -9999.0 -9999.0 -9999.0 -9999.0 -9999.0 -9999.0 -9999.0 -9999.0 -9999.0 -9999.0 -9999.0 -9999.0 -9999.0 -9999.0 -9999.0 -9999.0 -9999.0 -9999.0 -9999.0 -9999.0 -9999.0 -9999.0 -9999.0 -9999.0 -9999.0 -9999.0 -9999.0 -9999.0 -9999.0 -9999.0 -9999.0 -9999.0 -9999.0 -9999.0 -9999.0 -9999.0 -9999.0 -9999.0 -9999.0 -9999.0 -9999.0 -9999.0 -9999.0 -9999.0 -9999.0 -9999.0 -9999.0 -9999.0 -9999.0 -9999.0 -9999.0 -9999.0 -9999.0 -9999.0 -9999.0 -9999.0 -9999.0 -9999.0 -9999.0 -9999.0 -9999.0 -9999.0 -9999.0 -9999.0 -9999.0 -9999.0 -9999.0 -9999.0 -9999.0 -9999.0 -9999.0 -9999.0 -9999.0 -9999.0 -9999.0 -9999.0 -9999.0 -9999.0 -9999.0 -9999.0 -9999.0 -9999.0 -9999.0 -9999.0 -9999.0 -9999.0 -9999.0 -9999.0 -9999.0 -9999.0 -9999.0 -9999.0 -9999.0 -9999.0 -9999.0 -9999.0 -9999.0 -9999.0 -9999.0
-9999.0 -9999.0 572.780491 474.640399 376.002787 277.089050 178.053011 78.965477 -20.136807 -119.234550 -218.319047 -317.372044 -416.360063 -515.212052 -613.818961 -712.050659 -810.434808 -908.616512 -1006.553048 -1104.190375 -1198.863758 -1289.776475 -1374.420869 -1450.183782 -1515.147805 -1568.551585 -1610.789907 -1643.093302 -1667.109944 -1684.555282 -1696.991308 -1705.724502 -1711.785464 -1715.953629 -1718.800948 -1720.740422 -1722.078825 -1723.106162 -1724.365298 -1727.417197 -1735.150711 -1739.530392 -1528.562328 -2169.367424 -2020.109812 -1928.454030 -1888.244942 -1882.966257 -1882.429132 -1882.483361 -1882.621460 -1882.769579 -1882.911817 -1883.043472 -1883.165374 -1883.304695 -1883.727850 -1886.707597 -1907.218267 -1954.973828 -2011.309806 -1411.197792 -1703.020232 -1727.415369 -1726.131451 -1725.137722 -1724.898678 -1724.854891 -1724.848068 -1724.847509 -1724.847915 -1724.848385 -1724.848777 -1724.849085 -1724.849328 -1724.849522 -1724.849680 -1724.849813 -1724.849929 -1724.850035 -1724.850142 -1724.850259 -1724.850403 -1724.850594 -1724.850867 -1724.851275 -1724.851906 -1724.852904 -1724.854521 -1724.857202 -1724.861767 -1724.869770 -1724.884245 -1724.911247 -1724.963151 -1725.066114 -1725.278405 -1725.739245 -1726.807931 -1729.496912 -1737.029843 -1761.452846 -9999.0 -9999.0
-9999.0 -9999.0 572.785547 474.641919 376.003225 277.089184 178.053055 78.965492 -20.136802 -119.234548 -218.319045 -317.372044 -416.360063 -515.212052 -613.818961 -712.050659 -810.434808 -908.616512 -1006.553048 -1104.190375 -1198.863758 -1289.776476 -1374.420869 -1450.183782 -1515.147805 -1568.551585 -1610.789907 -1643.093302 -1667.109944 -1684.555282 -1696.991308 -1705.724502 -1711.785464 -1715.953629 -1718.800948 -1720.740422 -1722.078825 -1723.106162 -1724.365298 -1727.417197 -1735.150711 -1739.530392 -1528.562328 -2169.367423 -2020.109810 -1928.454028 -1888.244942 -1882.966257 -1882.429132 -1882.483361 -1882.621460 -1882.769579 -1882.911817 -1883.043472 -1883.165374 -1883.304695 -1883.727850 -1886.707597 -1907.218266 -1954.973827 -2011.309806 -1411.197792 -1703.020232 -1727.415369 -1726.131451 -1725.137722 -1724.898678 -1724.854891 -1724.848068 -1724.847509 -1724.847915 -1724.848385 -1724.848777 -1724.849085 -1724.849328 -1724.849522 -1724.849680 -1724.849813 -1724.849929 -1724.850035 -1724.850142 -1724.850259 -1724.850403 -1724.850594 -1724.850867 -1724.851275 -1724.851906 -1724.852904 -1724.854521 -1724.857202 -1724.861767 -1724.869770 -1724.884245 -1724.911247 -1724.963151 -1725.066114 -1725.278405 -1725.739245 -1726.807931 -1729.496912 -1737.029843 -1761.452846 -9999.0 -9999.0
-9999.0 -9999.0 572.786905 474.642629 376.003512 277.089290 178.053094 78.965506 -20.136797 -119.234546 -218.319045 -317.372043 -416.360062 -515.212052 -613.818961 -712.050659 -810.434809 -908.616512 -1006.553048 -1104.190375 -1198.863758 -1289.776476 -1374.420870 -1450.183782 -1515.147805 -1568.551585 -1610.789907 -1643.093302 -1667.109944 -1684.555282 -1696.991308 -1705.724502 -1711.785464 -1715.953629 -1718.800948 -1720.740422 -1722.078825 -1723.106162 -1724.365298 -1727.417197 -1735.150711 -1739.530392 -1528.562328 -2169.367423 -2020.109810 -1928.454027 -1888.244942 -1882.966257 -1882.429132 -1882.483361 -1882.621460 -1882.769579 -1882.911817 -1883.043472 -1883.165374 -1883.304695 -1883.727850 -1886.707597 -1907.218266 -1954.973827 -2011.309806 -1411.197792 -1703.020232 -1727.415369 -1726.131451 -1725.137722 -1724.898678 -1724.854891 -1724.848068 -1724.847509 -1724.847915 -1724.848385 -1724.848777 -1724.849085 -1724.849328 -1724.849522 -1724.849680 -1724.849813 -1724.849929 -1724.850035 -1724.850142 -1724.850259 -1724.850403 -1724.850594 -1724.850867 -1724.851275 -1724.851906 -1724.852904 -1724.854521 -1724.857202 -1724.861767 -1724.869770 -1724.884245 -1724.911247 -1724.963151 -1725.066114 -1725.278405 -1725.739245 -1726.807931 -1729.496912 -1737.029843 -1761.452846 -9999.0 -9999.0
-9999.0 -9999.0 572.786905 474.642629 376.003513 277.089290 178.053094 78.965506 -20.136797 -119.234546 -218.319045 -317.372043 -416.360062 -515.212052 -613.818961 -712.050659 -810.434809 -908.616512 -1006.553048 -1104.190376 -1198.863758 -1289.776476 -1374.420870 -1450.183782 -1515.147805 -1568.551585 -1610.789907 -1643.093302 -1667.109944 -1684.555282 -1696.991308 -1705.724502 -1711.785464 -1715.953629 -1718.800948 -1720.740422 -1722.078825 -1723.106162 -1724.365298 -1727.417197 -1735.150711 -1739.530392 -1528.562328 -2169.367423 -2020.109810 -1928.454027 -1888.244942 -1882.966257 -1882.429132 -1882.483361 -1882.621460 -1882.769579 -1882.911817 -1883.043472 -1883.165374 -1883.304695 -1883.727850 -1886.707597 -1907.218266 -1954.973827 -2011.309806 -1411.197792 -1703.020232 -1727.415369 -1726.131451 -1725.137722 -1724.898678 -1724.854891 -1724.848068 -1724.847509 -1724.847915 -1724.848385 -1724.848777 -1724.849085 -1724.849328 -1724.849522 -1724.849680 -1724.849813 -1724.849929 -1724.850035 -1724.850142 -1724.850259 -1724.850403 -1724.850594 -1724.850867 -1724.851275 -1724.851906 -1724.852904 -1724.854521 -1724.857202 -1724.861767 -1724.869770 -1724.884245 -1724.911247 -1724.963151 -1725.066114 -1725.278405 -1725.739245 -1726.807931 -1729.496912 -1737.029843 -1761.452846 -9999.0 -9999.0
-9999.0 -9999.0 572.785547 474.641919 376.003225 277.089184 178.053055 78.965492 -20.136802 -119.234548 -218.319046 -317.372044 -416.360063 -515.212052 -613.818961 -712.050659 -810.434808 -908.616512 -1006.553048 -1104.190375 -1198.863758 -1289.776476 -1374.420869 -1450.183782 -1515.147805 -1568.551585 -1610.789907 -1643.093302 -1667.109944 -1684.555282 -1696.991308 -1705.724502 -1711.785464 -1715.953629 -1718.800948 -1720.740422 -1722.078825 -1723.106162 -1724.365298 -1727.417197 -1735.150711 -1739.530392 -1528.562328 -2169.367423 -2020.109810 -1928.454028 -1888.244942 -1882.966257 -1882.429132 -1882.483361 -1882.621460 -1882.769579 -1882.911817 -1883.043472 -1883.165374 -1883.304695 -1883.727850 -1886.707597 -1907.218266 -1954.973827 -2011.309806 -1411.197792 -1703.020232 -1727.415369 -1726.131451 -1725.137722 -1724.898678 -1724.854891 -1724.848068 -1724.847509 -1724.847915 -1724.848385 -1724.848777 -1724.849085 -1724.849328 -1724.849522 -1724.849680 -1724.849813 -1724.849929 -1724.850035 -1724.850142 -1724.850259 -1724.850403 -1724.850594 -1724.850867 -1724.851275 -1724.851906 -1724.852904 -1724.854521 -1724.857202 -1724.861767 -1724.869770 -1724.884245 -1724.911247 -1724.963151 -1725.066114 -1725.278405 -1725.739245 -1726.807931 -1729.496912 -1737.029843 -1761.452846 -9999.0 -9999.0
-9999.0 -9999.0 572.780491 474.640399 376.002787 277.089050 178.053012 78.965477 -20.136807 -119.234550 -218.319046 -317.372044 -416.360063 -515.212052 -613.818961 -712.050659 -810.434808 -908.616512 -1006.553048 -1104.190375 -1198.863757 -1289.776475 -1374.420869 -1450.183782 -1515.147805 -1568.551585 -1610.789907 -1643.093302 -1667.109944 -1684.555282 -1696.991308 -1705.724502 -1711.785464 -1715.953629 -1718.800948 -1720.740422 -1722.078825 -1723.106162 -1724.365298 -1727.417197 -1735.150711 -1739.530392 -1528.562328 -2169.367424 -2020.109812 -1928.454030 -1888.244942 -1882.966257 -1882.429132 -1882.483361 -1882.621460 -1882.769579 -1882.911817 -1883.043472 -1883.165374 -1883.304695 -1883.727850 -1886.707597 -1907.218267 -1954.973828 -2011.309806 -1411.197792 -1703.020232 -1727.415369 -1726.131451 -1725.137722 -1724.898678 -1724.854891 -1724.848068 -1724.847509 -1724.847915 -1724.848385 -1724.848777 -1724.849085 -1724.849328 -1724.849522 -1724.849680 -1724.849813 -1724.849929 -1724.850035 -1724.850142 -1724.850259 -1724.850403 -1724.850594 -1724.850867 -1724.851275 -1724.851906 -1724.852904 -1724.854521 -1724.857202 -1724.861767 -1724.869770 -1724.884245 -1724.911247 -1724.963151 -1725.066114 -1725.278405 -1725.739245 -1726.807931 -1729.496912 -1737.029843 -1761.452846 -9999.0 -9999.0
-9999.0 -9999.0 -9999.0 -9999.0 -9999.0 -9999.0 -9999.0 -9999.0 -9999.0 -9999.0 -9999.0 -9999.0 -9999.0 -9999.0 -9999.0 -9999.0 -9999.0 -9999.0 -9999.0 -9999.0 -9999.0 -9999.0 -9999.0 -9999.0 -9999.0 -9999.0 -9999.0 -9999.0 -9999.0 -9999.0 -9999.0 -9999.0 -9999.0 -9999.0 -9999.0 -9999.0 -9999.0 -9999.0 -9999.0 -9999.0 -9999.0 -9999.0 -9999.0 -9999.0 -9999.0 -9999.0 -9999.0 -9999.0 -9999.0 -9999.0 -9999.0 -9999.0 -9999.0 -9999.0 -9999.0 -9999.0 -9999.0 -9999.0 -9999.0 -9999.0 -9999.0 -9999.0 -9999.0 -9999.0 -9999.0 -9999.0 -9999.0 -9999.0 -9999.0 -9999.0 -9999.0 -9999.0 -9999.0 -9999.0 -9999.0 -9999.0 -9999.0 -9999.0 -9999.0 -9999.0 -9999.0 -9999.0 -9999.0 -9999.0 -9999.0 -9999.0 -9999.0 -9999.0 -9999.0 -9999.0 -9999.0 -9999.0 -9999.0 -9999.0 -9999.0 -9999.0 -9999.0 -9999.0 -9999.0 -9999.0 -9999.0 -9999.0 -9999.0 -9999.0
-9999.0 -9999.0 -9999.0 -9999.0 -9999.0 -9999.0 -9999.0 -9999.0 -9999.0 -9999.0 -9999.0 -9999.0 -9999.0 -9999.0 -9999.0 -9999.0 -9999.0 -9999.0 -9999.0 -9999.0 -9999.0 -9999.0 -9999.0 -9999.0 -9999.0 -9999.0 -9999.0 -9999.0 -9999.0 -9999.0 -9999.0 -9999.0 -9999.0 -9999.0 -9999.0 -9999.0 -9999.0 -9999.0 -9999.0 -9999.0 -9999.0 -9999.0 -9999.0 -9999.0 -9999.0 -9999.0 -9999.0 -9999.0 -9999.0 -9999.0 -9999.0 -9999.0 -9999.0 -9999.0 -9999.0 -9999.0 -9999.0 -9999.0 -9999.0 -9999.0 -9999.0 -9999.0 -9999.0 -9999.0 -9999.0 -9999.0 -9999.0 -9999.0 -9999.0 -9999.0 -9999.0 -9999.0 -9999.0 -9999.0 -9999.0 -9999.0 -9999.0 -9999.0 -9999.0 -9999.0 -9999.0 -9999.0 -9999.0 -9999.0 -9999.0 -9999.0 -9999.0 -9999.0 -9999.0 -9999.0 -9999.0 -9999.0 -9999.0 -9999.0 -9999.0 -9999.0 -9999.0 -9999.0 -9999.0 -9999.0 -9999.0 -9999.0 -9999.0 -9999.0