inst/processing_geotop_simulation/geotop_simulation/out/maps3D/PwL0002N0394.asc
ncols         104
nrows         10
xllcorner     -2.000000
yllcorner     0.000000
cellsize      1.000000
NODATA_value  -9999.0
-9999.0 -9999.0 -9999.0 -9999.0 -9999.0 -9999.0 -9999.0 -9999.0 -9999.0 -9999.0 -9999.0 -9999.0 -9999.0 -9999.0 -9999.0 -9999.0 -9999.0 -9999.0 -9999.0 -9999.0 -9999.0 -9999.0 -9999.0 -9999.0 -9999.0 -9999.0 -9999.0 -9999.0 -9999.0 -9999.0 -9999.0 -9999.0 -9999.0 -9999.0 -9999.0 -9999.0 -9999.0 -9999.0 -9999.0 -9999.0 -9999.0 -9999.0 -9999.0 -9999.0 -9999.0 -9999.0 -9999.0 -9999.0 -9999.0 -9999.0 -9999.0 -9999.0 -9999.0 -9999.0 -9999.0 -9999.0 -9999.0 -9999.0 -9999.0 -9999.0 -9999.0 -9999.0 -9999.0 -9999.0 -9999.0 -9999.0 -9999.0 -9999.0 -9999.0 -9999.0 -9999.0 -9999.0 -9999.0 -9999.0 -9999.0 -9999.0 -9999.0 -9999.0 -9999.0 -9999.0 -9999.0 -9999.0 -9999.0 -9999.0 -9999.0 -9999.0 -9999.0 -9999.0 -9999.0 -9999.0 -9999.0 -9999.0 -9999.0 -9999.0 -9999.0 -9999.0 -9999.0 -9999.0 -9999.0 -9999.0 -9999.0 -9999.0 -9999.0 -9999.0
-9999.0 -9999.0 -9999.0 -9999.0 -9999.0 -9999.0 -9999.0 -9999.0 -9999.0 -9999.0 -9999.0 -9999.0 -9999.0 -9999.0 -9999.0 -9999.0 -9999.0 -9999.0 -9999.0 -9999.0 -9999.0 -9999.0 -9999.0 -9999.0 -9999.0 -9999.0 -9999.0 -9999.0 -9999.0 -9999.0 -9999.0 -9999.0 -9999.0 -9999.0 -9999.0 -9999.0 -9999.0 -9999.0 -9999.0 -9999.0 -9999.0 -9999.0 -9999.0 -9999.0 -9999.0 -9999.0 -9999.0 -9999.0 -9999.0 -9999.0 -9999.0 -9999.0 -9999.0 -9999.0 -9999.0 -9999.0 -9999.0 -9999.0 -9999.0 -9999.0 -9999.0 -9999.0 -9999.0 -9999.0 -9999.0 -9999.0 -9999.0 -9999.0 -9999.0 -9999.0 -9999.0 -9999.0 -9999.0 -9999.0 -9999.0 -9999.0 -9999.0 -9999.0 -9999.0 -9999.0 -9999.0 -9999.0 -9999.0 -9999.0 -9999.0 -9999.0 -9999.0 -9999.0 -9999.0 -9999.0 -9999.0 -9999.0 -9999.0 -9999.0 -9999.0 -9999.0 -9999.0 -9999.0 -9999.0 -9999.0 -9999.0 -9999.0 -9999.0 -9999.0
-9999.0 -9999.0 75.784372 -21.730171 -120.537063 -219.653040 -318.882310 -418.152227 -517.425522 -616.675130 -715.850024 -814.929343 -913.883028 -1012.672799 -1111.419214 -1210.088600 -1308.388490 -1406.074018 -1502.690047 -1597.381334 -1688.546555 -1773.485942 -1848.913094 -1912.337593 -1963.018029 -2001.849011 -2030.656755 -2051.518037 -2066.350162 -2076.745346 -2083.947540 -2088.891310 -2092.259616 -2094.541195 -2096.080542 -2097.120096 -2097.841731 -2098.440999 -2099.350191 -2101.629371 -2103.078758 -2040.500000 -1248.455983 -1246.245774 -1235.929779 -1229.120123 -1225.915398 -1225.410522 -1225.355343 -1225.360151 -1225.373618 -1225.388152 -1225.402130 -1225.415081 -1225.427148 -1225.441583 -1225.488364 -1225.795449 -1227.519387 -1231.318132 -1236.387091 -1231.127916 -2016.393155 -2097.200187 -2100.191663 -2099.550043 -2099.340854 -2099.299678 -2099.293076 -2099.292498 -2099.292860 -2099.293290 -2099.293647 -2099.293926 -2099.294142 -2099.294313 -2099.294451 -2099.294564 -2099.294661 -2099.294749 -2099.294837 -2099.294935 -2099.295058 -2099.295225 -2099.295469 -2099.295840 -2099.296420 -2099.297347 -2099.298856 -2099.301369 -2099.305659 -2099.313193 -2099.326831 -2099.352278 -2099.401156 -2099.497917 -2099.696699 -2100.126260 -2101.119947 -2103.633756 -2110.807164 -2134.727644 -9999.0 -9999.0
-9999.0 -9999.0 75.794861 -21.728296 -120.536595 -219.652903 -318.882267 -418.152212 -517.425517 -616.675128 -715.850023 -814.929343 -913.883027 -1012.672799 -1111.419214 -1210.088601 -1308.388490 -1406.074019 -1502.690047 -1597.381334 -1688.546555 -1773.485942 -1848.913094 -1912.337593 -1963.018029 -2001.849011 -2030.656755 -2051.518037 -2066.350162 -2076.745346 -2083.947540 -2088.891310 -2092.259616 -2094.541195 -2096.080542 -2097.120096 -2097.841731 -2098.440999 -2099.350191 -2101.629371 -2103.078758 -2040.500000 -1248.455983 -1246.245774 -1235.929779 -1229.120123 -1225.915398 -1225.410522 -1225.355343 -1225.360151 -1225.373618 -1225.388152 -1225.402130 -1225.415081 -1225.427148 -1225.441583 -1225.488364 -1225.795449 -1227.519387 -1231.318132 -1236.387091 -1231.127916 -2016.393155 -2097.200187 -2100.191663 -2099.550043 -2099.340854 -2099.299678 -2099.293076 -2099.292498 -2099.292860 -2099.293290 -2099.293647 -2099.293926 -2099.294142 -2099.294313 -2099.294451 -2099.294564 -2099.294661 -2099.294749 -2099.294837 -2099.294935 -2099.295058 -2099.295225 -2099.295469 -2099.295840 -2099.296420 -2099.297347 -2099.298856 -2099.301369 -2099.305659 -2099.313193 -2099.326831 -2099.352278 -2099.401156 -2099.497917 -2099.696699 -2100.126260 -2101.119947 -2103.633756 -2110.807164 -2134.727644 -9999.0 -9999.0
-9999.0 -9999.0 75.796000 -21.727543 -120.536298 -219.652796 -318.882229 -418.152198 -517.425512 -616.675126 -715.850022 -814.929343 -913.883027 -1012.672799 -1111.419214 -1210.088601 -1308.388490 -1406.074019 -1502.690048 -1597.381334 -1688.546555 -1773.485942 -1848.913094 -1912.337594 -1963.018029 -2001.849011 -2030.656755 -2051.518037 -2066.350162 -2076.745346 -2083.947540 -2088.891310 -2092.259616 -2094.541195 -2096.080542 -2097.120096 -2097.841731 -2098.440999 -2099.350191 -2101.629371 -2103.078758 -2040.500000 -1248.455983 -1246.245774 -1235.929779 -1229.120123 -1225.915398 -1225.410522 -1225.355343 -1225.360151 -1225.373618 -1225.388152 -1225.402130 -1225.415081 -1225.427148 -1225.441583 -1225.488364 -1225.795449 -1227.519387 -1231.318132 -1236.387091 -1231.127916 -2016.393155 -2097.200187 -2100.191663 -2099.550043 -2099.340854 -2099.299678 -2099.293076 -2099.292498 -2099.292860 -2099.293290 -2099.293647 -2099.293926 -2099.294142 -2099.294313 -2099.294451 -2099.294564 -2099.294661 -2099.294749 -2099.294837 -2099.294935 -2099.295058 -2099.295225 -2099.295469 -2099.295840 -2099.296420 -2099.297347 -2099.298856 -2099.301369 -2099.305659 -2099.313193 -2099.326831 -2099.352278 -2099.401156 -2099.497917 -2099.696699 -2100.126260 -2101.119947 -2103.633756 -2110.807164 -2134.727644 -9999.0 -9999.0
-9999.0 -9999.0 75.796000 -21.727543 -120.536298 -219.652796 -318.882229 -418.152198 -517.425512 -616.675126 -715.850022 -814.929343 -913.883027 -1012.672799 -1111.419214 -1210.088601 -1308.388490 -1406.074019 -1502.690048 -1597.381334 -1688.546555 -1773.485942 -1848.913094 -1912.337594 -1963.018029 -2001.849011 -2030.656755 -2051.518037 -2066.350162 -2076.745346 -2083.947540 -2088.891310 -2092.259616 -2094.541195 -2096.080542 -2097.120096 -2097.841731 -2098.440999 -2099.350191 -2101.629371 -2103.078758 -2040.500000 -1248.455983 -1246.245774 -1235.929779 -1229.120123 -1225.915398 -1225.410522 -1225.355343 -1225.360151 -1225.373618 -1225.388152 -1225.402130 -1225.415081 -1225.427148 -1225.441583 -1225.488364 -1225.795449 -1227.519387 -1231.318132 -1236.387091 -1231.127916 -2016.393155 -2097.200187 -2100.191663 -2099.550043 -2099.340854 -2099.299678 -2099.293076 -2099.292498 -2099.292860 -2099.293290 -2099.293647 -2099.293926 -2099.294142 -2099.294313 -2099.294451 -2099.294564 -2099.294661 -2099.294749 -2099.294837 -2099.294935 -2099.295058 -2099.295225 -2099.295469 -2099.295840 -2099.296420 -2099.297347 -2099.298856 -2099.301369 -2099.305659 -2099.313193 -2099.326831 -2099.352278 -2099.401156 -2099.497917 -2099.696699 -2100.126260 -2101.119947 -2103.633756 -2110.807164 -2134.727644 -9999.0 -9999.0
-9999.0 -9999.0 75.794861 -21.728296 -120.536594 -219.652903 -318.882267 -418.152212 -517.425517 -616.675128 -715.850023 -814.929343 -913.883027 -1012.672799 -1111.419214 -1210.088601 -1308.388490 -1406.074019 -1502.690047 -1597.381334 -1688.546555 -1773.485942 -1848.913094 -1912.337593 -1963.018029 -2001.849011 -2030.656755 -2051.518037 -2066.350162 -2076.745346 -2083.947540 -2088.891310 -2092.259616 -2094.541195 -2096.080542 -2097.120096 -2097.841731 -2098.440999 -2099.350191 -2101.629371 -2103.078758 -2040.500000 -1248.455983 -1246.245774 -1235.929779 -1229.120123 -1225.915398 -1225.410522 -1225.355343 -1225.360151 -1225.373618 -1225.388152 -1225.402130 -1225.415081 -1225.427148 -1225.441583 -1225.488364 -1225.795449 -1227.519387 -1231.318132 -1236.387091 -1231.127916 -2016.393155 -2097.200187 -2100.191663 -2099.550043 -2099.340854 -2099.299678 -2099.293076 -2099.292498 -2099.292860 -2099.293290 -2099.293647 -2099.293926 -2099.294142 -2099.294313 -2099.294451 -2099.294564 -2099.294661 -2099.294749 -2099.294837 -2099.294935 -2099.295058 -2099.295225 -2099.295469 -2099.295840 -2099.296420 -2099.297347 -2099.298856 -2099.301369 -2099.305659 -2099.313193 -2099.326831 -2099.352278 -2099.401156 -2099.497917 -2099.696699 -2100.126260 -2101.119947 -2103.633756 -2110.807164 -2134.727644 -9999.0 -9999.0
-9999.0 -9999.0 75.784372 -21.730171 -120.537063 -219.653040 -318.882310 -418.152227 -517.425522 -616.675130 -715.850024 -814.929344 -913.883027 -1012.672799 -1111.419214 -1210.088601 -1308.388490 -1406.074018 -1502.690047 -1597.381334 -1688.546555 -1773.485942 -1848.913094 -1912.337593 -1963.018029 -2001.849011 -2030.656755 -2051.518037 -2066.350162 -2076.745346 -2083.947540 -2088.891310 -2092.259616 -2094.541195 -2096.080542 -2097.120096 -2097.841731 -2098.440999 -2099.350191 -2101.629371 -2103.078758 -2040.500000 -1248.455983 -1246.245774 -1235.929779 -1229.120123 -1225.915398 -1225.410522 -1225.355343 -1225.360151 -1225.373618 -1225.388152 -1225.402130 -1225.415081 -1225.427148 -1225.441583 -1225.488364 -1225.795449 -1227.519387 -1231.318132 -1236.387091 -1231.127916 -2016.393155 -2097.200187 -2100.191663 -2099.550043 -2099.340854 -2099.299678 -2099.293076 -2099.292498 -2099.292860 -2099.293290 -2099.293647 -2099.293926 -2099.294142 -2099.294313 -2099.294451 -2099.294564 -2099.294661 -2099.294749 -2099.294837 -2099.294935 -2099.295058 -2099.295225 -2099.295469 -2099.295840 -2099.296420 -2099.297347 -2099.298856 -2099.301369 -2099.305659 -2099.313193 -2099.326831 -2099.352278 -2099.401156 -2099.497917 -2099.696699 -2100.126260 -2101.119947 -2103.633756 -2110.807164 -2134.727644 -9999.0 -9999.0
-9999.0 -9999.0 -9999.0 -9999.0 -9999.0 -9999.0 -9999.0 -9999.0 -9999.0 -9999.0 -9999.0 -9999.0 -9999.0 -9999.0 -9999.0 -9999.0 -9999.0 -9999.0 -9999.0 -9999.0 -9999.0 -9999.0 -9999.0 -9999.0 -9999.0 -9999.0 -9999.0 -9999.0 -9999.0 -9999.0 -9999.0 -9999.0 -9999.0 -9999.0 -9999.0 -9999.0 -9999.0 -9999.0 -9999.0 -9999.0 -9999.0 -9999.0 -9999.0 -9999.0 -9999.0 -9999.0 -9999.0 -9999.0 -9999.0 -9999.0 -9999.0 -9999.0 -9999.0 -9999.0 -9999.0 -9999.0 -9999.0 -9999.0 -9999.0 -9999.0 -9999.0 -9999.0 -9999.0 -9999.0 -9999.0 -9999.0 -9999.0 -9999.0 -9999.0 -9999.0 -9999.0 -9999.0 -9999.0 -9999.0 -9999.0 -9999.0 -9999.0 -9999.0 -9999.0 -9999.0 -9999.0 -9999.0 -9999.0 -9999.0 -9999.0 -9999.0 -9999.0 -9999.0 -9999.0 -9999.0 -9999.0 -9999.0 -9999.0 -9999.0 -9999.0 -9999.0 -9999.0 -9999.0 -9999.0 -9999.0 -9999.0 -9999.0 -9999.0 -9999.0
-9999.0 -9999.0 -9999.0 -9999.0 -9999.0 -9999.0 -9999.0 -9999.0 -9999.0 -9999.0 -9999.0 -9999.0 -9999.0 -9999.0 -9999.0 -9999.0 -9999.0 -9999.0 -9999.0 -9999.0 -9999.0 -9999.0 -9999.0 -9999.0 -9999.0 -9999.0 -9999.0 -9999.0 -9999.0 -9999.0 -9999.0 -9999.0 -9999.0 -9999.0 -9999.0 -9999.0 -9999.0 -9999.0 -9999.0 -9999.0 -9999.0 -9999.0 -9999.0 -9999.0 -9999.0 -9999.0 -9999.0 -9999.0 -9999.0 -9999.0 -9999.0 -9999.0 -9999.0 -9999.0 -9999.0 -9999.0 -9999.0 -9999.0 -9999.0 -9999.0 -9999.0 -9999.0 -9999.0 -9999.0 -9999.0 -9999.0 -9999.0 -9999.0 -9999.0 -9999.0 -9999.0 -9999.0 -9999.0 -9999.0 -9999.0 -9999.0 -9999.0 -9999.0 -9999.0 -9999.0 -9999.0 -9999.0 -9999.0 -9999.0 -9999.0 -9999.0 -9999.0 -9999.0 -9999.0 -9999.0 -9999.0 -9999.0 -9999.0 -9999.0 -9999.0 -9999.0 -9999.0 -9999.0 -9999.0 -9999.0 -9999.0 -9999.0 -9999.0 -9999.0