inst/processing_geotop_simulation/geotop_simulation/out/maps3D/PwL0010N0109.asc
ncols         104
nrows         10
xllcorner     -2.000000
yllcorner     0.000000
cellsize      1.000000
NODATA_value  -9999.0
-9999.0 -9999.0 -9999.0 -9999.0 -9999.0 -9999.0 -9999.0 -9999.0 -9999.0 -9999.0 -9999.0 -9999.0 -9999.0 -9999.0 -9999.0 -9999.0 -9999.0 -9999.0 -9999.0 -9999.0 -9999.0 -9999.0 -9999.0 -9999.0 -9999.0 -9999.0 -9999.0 -9999.0 -9999.0 -9999.0 -9999.0 -9999.0 -9999.0 -9999.0 -9999.0 -9999.0 -9999.0 -9999.0 -9999.0 -9999.0 -9999.0 -9999.0 -9999.0 -9999.0 -9999.0 -9999.0 -9999.0 -9999.0 -9999.0 -9999.0 -9999.0 -9999.0 -9999.0 -9999.0 -9999.0 -9999.0 -9999.0 -9999.0 -9999.0 -9999.0 -9999.0 -9999.0 -9999.0 -9999.0 -9999.0 -9999.0 -9999.0 -9999.0 -9999.0 -9999.0 -9999.0 -9999.0 -9999.0 -9999.0 -9999.0 -9999.0 -9999.0 -9999.0 -9999.0 -9999.0 -9999.0 -9999.0 -9999.0 -9999.0 -9999.0 -9999.0 -9999.0 -9999.0 -9999.0 -9999.0 -9999.0 -9999.0 -9999.0 -9999.0 -9999.0 -9999.0 -9999.0 -9999.0 -9999.0 -9999.0 -9999.0 -9999.0 -9999.0 -9999.0
-9999.0 -9999.0 -9999.0 -9999.0 -9999.0 -9999.0 -9999.0 -9999.0 -9999.0 -9999.0 -9999.0 -9999.0 -9999.0 -9999.0 -9999.0 -9999.0 -9999.0 -9999.0 -9999.0 -9999.0 -9999.0 -9999.0 -9999.0 -9999.0 -9999.0 -9999.0 -9999.0 -9999.0 -9999.0 -9999.0 -9999.0 -9999.0 -9999.0 -9999.0 -9999.0 -9999.0 -9999.0 -9999.0 -9999.0 -9999.0 -9999.0 -9999.0 -9999.0 -9999.0 -9999.0 -9999.0 -9999.0 -9999.0 -9999.0 -9999.0 -9999.0 -9999.0 -9999.0 -9999.0 -9999.0 -9999.0 -9999.0 -9999.0 -9999.0 -9999.0 -9999.0 -9999.0 -9999.0 -9999.0 -9999.0 -9999.0 -9999.0 -9999.0 -9999.0 -9999.0 -9999.0 -9999.0 -9999.0 -9999.0 -9999.0 -9999.0 -9999.0 -9999.0 -9999.0 -9999.0 -9999.0 -9999.0 -9999.0 -9999.0 -9999.0 -9999.0 -9999.0 -9999.0 -9999.0 -9999.0 -9999.0 -9999.0 -9999.0 -9999.0 -9999.0 -9999.0 -9999.0 -9999.0 -9999.0 -9999.0 -9999.0 -9999.0 -9999.0 -9999.0
-9999.0 -9999.0 489.102912 401.037590 309.238696 215.670713 121.349302 26.715776 -68.001679 -162.715086 -257.388442 -352.118604 -447.924306 -547.383474 -651.923612 -756.749712 -856.398966 -952.849716 -1043.626495 -1124.649580 -1179.379639 -1210.522621 -1226.127536 -1233.357073 -1236.771127 -1238.724921 -1240.218953 -1241.562064 -1242.783881 -1243.845882 -1244.721886 -1245.412361 -1245.937069 -1246.324058 -1246.602092 -1246.798660 -1246.945939 -1247.093403 -1247.352441 -1248.577866 -1257.451441 -1319.669536 -1784.521536 -2874.648197 -2494.196826 -2295.348215 -2211.664625 -2201.807601 -2200.831015 -2200.924513 -2201.166493 -2201.425736 -2201.674498 -2201.904648 -2202.117417 -2202.358072 -2203.082102 -2208.392400 -2249.835166 -2348.985208 -2531.069530 -1575.299601 -1295.119272 -1253.940178 -1248.193274 -1247.463092 -1247.356051 -1247.338373 -1247.336806 -1247.338212 -1247.339870 -1247.341248 -1247.342305 -1247.343104 -1247.343714 -1247.344186 -1247.344559 -1247.344859 -1247.345108 -1247.345327 -1247.345539 -1247.345772 -1247.346063 -1247.346465 -1247.347057 -1247.347966 -1247.349392 -1247.351666 -1247.355343 -1247.361386 -1247.371511 -1247.388895 -1247.419613 -1247.475557 -1247.580371 -1247.781398 -1248.174406 -1248.959591 -1250.586863 -1254.168412 -1262.704460 -1286.019978 -9999.0 -9999.0
-9999.0 -9999.0 489.109980 401.039573 309.239250 215.670881 121.349356 26.715794 -68.001673 -162.715084 -257.388441 -352.118604 -447.924306 -547.383474 -651.923612 -756.749712 -856.398966 -952.849716 -1043.626495 -1124.649580 -1179.379639 -1210.522621 -1226.127536 -1233.357073 -1236.771127 -1238.724921 -1240.218953 -1241.562064 -1242.783881 -1243.845882 -1244.721886 -1245.412361 -1245.937069 -1246.324058 -1246.602092 -1246.798660 -1246.945939 -1247.093403 -1247.352441 -1248.577866 -1257.451441 -1319.669536 -1784.521536 -2874.648194 -2494.196823 -2295.348209 -2211.664625 -2201.807601 -2200.831015 -2200.924513 -2201.166493 -2201.425736 -2201.674498 -2201.904648 -2202.117417 -2202.358072 -2203.082102 -2208.392400 -2249.835166 -2348.985208 -2531.069530 -1575.299601 -1295.119272 -1253.940178 -1248.193274 -1247.463092 -1247.356051 -1247.338373 -1247.336806 -1247.338212 -1247.339870 -1247.341248 -1247.342305 -1247.343104 -1247.343714 -1247.344186 -1247.344559 -1247.344859 -1247.345108 -1247.345327 -1247.345539 -1247.345772 -1247.346063 -1247.346465 -1247.347057 -1247.347966 -1247.349392 -1247.351666 -1247.355343 -1247.361386 -1247.371511 -1247.388895 -1247.419613 -1247.475557 -1247.580371 -1247.781398 -1248.174406 -1248.959591 -1250.586863 -1254.168412 -1262.704460 -1286.019978 -9999.0 -9999.0
-9999.0 -9999.0 489.111657 401.040459 309.239608 215.671013 121.349403 26.715810 -68.001668 -162.715082 -257.388441 -352.118604 -447.924306 -547.383474 -651.923612 -756.749713 -856.398966 -952.849716 -1043.626495 -1124.649580 -1179.379639 -1210.522621 -1226.127536 -1233.357073 -1236.771127 -1238.724921 -1240.218953 -1241.562064 -1242.783881 -1243.845882 -1244.721886 -1245.412361 -1245.937069 -1246.324058 -1246.602092 -1246.798660 -1246.945939 -1247.093403 -1247.352441 -1248.577866 -1257.451441 -1319.669536 -1784.521536 -2874.648194 -2494.196822 -2295.348207 -2211.664625 -2201.807601 -2200.831015 -2200.924513 -2201.166493 -2201.425736 -2201.674498 -2201.904648 -2202.117417 -2202.358072 -2203.082102 -2208.392400 -2249.835166 -2348.985208 -2531.069530 -1575.299602 -1295.119272 -1253.940178 -1248.193274 -1247.463092 -1247.356051 -1247.338373 -1247.336806 -1247.338212 -1247.339870 -1247.341248 -1247.342305 -1247.343104 -1247.343714 -1247.344186 -1247.344559 -1247.344859 -1247.345108 -1247.345327 -1247.345539 -1247.345772 -1247.346063 -1247.346465 -1247.347057 -1247.347966 -1247.349392 -1247.351666 -1247.355343 -1247.361386 -1247.371511 -1247.388895 -1247.419613 -1247.475557 -1247.580371 -1247.781398 -1248.174406 -1248.959591 -1250.586863 -1254.168412 -1262.704460 -1286.019978 -9999.0 -9999.0
-9999.0 -9999.0 489.111657 401.040459 309.239608 215.671013 121.349403 26.715810 -68.001668 -162.715082 -257.388441 -352.118604 -447.924306 -547.383474 -651.923612 -756.749713 -856.398966 -952.849716 -1043.626495 -1124.649580 -1179.379639 -1210.522621 -1226.127536 -1233.357073 -1236.771127 -1238.724921 -1240.218953 -1241.562064 -1242.783881 -1243.845882 -1244.721886 -1245.412361 -1245.937069 -1246.324058 -1246.602092 -1246.798660 -1246.945939 -1247.093403 -1247.352441 -1248.577866 -1257.451441 -1319.669536 -1784.521536 -2874.648194 -2494.196822 -2295.348207 -2211.664625 -2201.807601 -2200.831015 -2200.924513 -2201.166493 -2201.425736 -2201.674498 -2201.904648 -2202.117417 -2202.358072 -2203.082102 -2208.392400 -2249.835166 -2348.985208 -2531.069530 -1575.299602 -1295.119272 -1253.940178 -1248.193274 -1247.463092 -1247.356051 -1247.338373 -1247.336806 -1247.338212 -1247.339870 -1247.341248 -1247.342305 -1247.343104 -1247.343714 -1247.344186 -1247.344559 -1247.344859 -1247.345108 -1247.345327 -1247.345539 -1247.345772 -1247.346063 -1247.346465 -1247.347057 -1247.347966 -1247.349392 -1247.351666 -1247.355343 -1247.361386 -1247.371511 -1247.388895 -1247.419613 -1247.475557 -1247.580371 -1247.781398 -1248.174406 -1248.959591 -1250.586863 -1254.168412 -1262.704460 -1286.019978 -9999.0 -9999.0
-9999.0 -9999.0 489.109980 401.039573 309.239250 215.670881 121.349356 26.715794 -68.001673 -162.715084 -257.388441 -352.118604 -447.924306 -547.383474 -651.923612 -756.749712 -856.398966 -952.849716 -1043.626495 -1124.649580 -1179.379639 -1210.522621 -1226.127536 -1233.357073 -1236.771127 -1238.724921 -1240.218953 -1241.562064 -1242.783881 -1243.845882 -1244.721886 -1245.412361 -1245.937069 -1246.324058 -1246.602092 -1246.798660 -1246.945939 -1247.093403 -1247.352441 -1248.577866 -1257.451441 -1319.669536 -1784.521536 -2874.648194 -2494.196823 -2295.348209 -2211.664625 -2201.807601 -2200.831015 -2200.924513 -2201.166493 -2201.425736 -2201.674498 -2201.904648 -2202.117417 -2202.358072 -2203.082102 -2208.392400 -2249.835166 -2348.985208 -2531.069530 -1575.299602 -1295.119272 -1253.940178 -1248.193274 -1247.463092 -1247.356051 -1247.338373 -1247.336806 -1247.338212 -1247.339870 -1247.341248 -1247.342305 -1247.343104 -1247.343714 -1247.344186 -1247.344559 -1247.344859 -1247.345108 -1247.345327 -1247.345539 -1247.345772 -1247.346063 -1247.346465 -1247.347057 -1247.347966 -1247.349392 -1247.351666 -1247.355343 -1247.361386 -1247.371511 -1247.388895 -1247.419613 -1247.475557 -1247.580371 -1247.781398 -1248.174406 -1248.959591 -1250.586863 -1254.168412 -1262.704460 -1286.019978 -9999.0 -9999.0
-9999.0 -9999.0 489.102912 401.037590 309.238696 215.670713 121.349302 26.715776 -68.001679 -162.715086 -257.388442 -352.118604 -447.924306 -547.383474 -651.923612 -756.749712 -856.398966 -952.849716 -1043.626495 -1124.649580 -1179.379639 -1210.522621 -1226.127536 -1233.357073 -1236.771127 -1238.724921 -1240.218953 -1241.562064 -1242.783881 -1243.845882 -1244.721886 -1245.412361 -1245.937069 -1246.324058 -1246.602092 -1246.798660 -1246.945939 -1247.093403 -1247.352441 -1248.577866 -1257.451441 -1319.669536 -1784.521536 -2874.648197 -2494.196826 -2295.348215 -2211.664625 -2201.807601 -2200.831015 -2200.924513 -2201.166493 -2201.425736 -2201.674498 -2201.904648 -2202.117417 -2202.358072 -2203.082102 -2208.392400 -2249.835166 -2348.985208 -2531.069530 -1575.299601 -1295.119272 -1253.940178 -1248.193274 -1247.463092 -1247.356051 -1247.338373 -1247.336806 -1247.338212 -1247.339870 -1247.341248 -1247.342305 -1247.343104 -1247.343714 -1247.344186 -1247.344559 -1247.344859 -1247.345108 -1247.345327 -1247.345539 -1247.345772 -1247.346063 -1247.346465 -1247.347057 -1247.347966 -1247.349392 -1247.351666 -1247.355343 -1247.361386 -1247.371511 -1247.388895 -1247.419613 -1247.475557 -1247.580371 -1247.781398 -1248.174406 -1248.959591 -1250.586863 -1254.168412 -1262.704460 -1286.019978 -9999.0 -9999.0
-9999.0 -9999.0 -9999.0 -9999.0 -9999.0 -9999.0 -9999.0 -9999.0 -9999.0 -9999.0 -9999.0 -9999.0 -9999.0 -9999.0 -9999.0 -9999.0 -9999.0 -9999.0 -9999.0 -9999.0 -9999.0 -9999.0 -9999.0 -9999.0 -9999.0 -9999.0 -9999.0 -9999.0 -9999.0 -9999.0 -9999.0 -9999.0 -9999.0 -9999.0 -9999.0 -9999.0 -9999.0 -9999.0 -9999.0 -9999.0 -9999.0 -9999.0 -9999.0 -9999.0 -9999.0 -9999.0 -9999.0 -9999.0 -9999.0 -9999.0 -9999.0 -9999.0 -9999.0 -9999.0 -9999.0 -9999.0 -9999.0 -9999.0 -9999.0 -9999.0 -9999.0 -9999.0 -9999.0 -9999.0 -9999.0 -9999.0 -9999.0 -9999.0 -9999.0 -9999.0 -9999.0 -9999.0 -9999.0 -9999.0 -9999.0 -9999.0 -9999.0 -9999.0 -9999.0 -9999.0 -9999.0 -9999.0 -9999.0 -9999.0 -9999.0 -9999.0 -9999.0 -9999.0 -9999.0 -9999.0 -9999.0 -9999.0 -9999.0 -9999.0 -9999.0 -9999.0 -9999.0 -9999.0 -9999.0 -9999.0 -9999.0 -9999.0 -9999.0 -9999.0
-9999.0 -9999.0 -9999.0 -9999.0 -9999.0 -9999.0 -9999.0 -9999.0 -9999.0 -9999.0 -9999.0 -9999.0 -9999.0 -9999.0 -9999.0 -9999.0 -9999.0 -9999.0 -9999.0 -9999.0 -9999.0 -9999.0 -9999.0 -9999.0 -9999.0 -9999.0 -9999.0 -9999.0 -9999.0 -9999.0 -9999.0 -9999.0 -9999.0 -9999.0 -9999.0 -9999.0 -9999.0 -9999.0 -9999.0 -9999.0 -9999.0 -9999.0 -9999.0 -9999.0 -9999.0 -9999.0 -9999.0 -9999.0 -9999.0 -9999.0 -9999.0 -9999.0 -9999.0 -9999.0 -9999.0 -9999.0 -9999.0 -9999.0 -9999.0 -9999.0 -9999.0 -9999.0 -9999.0 -9999.0 -9999.0 -9999.0 -9999.0 -9999.0 -9999.0 -9999.0 -9999.0 -9999.0 -9999.0 -9999.0 -9999.0 -9999.0 -9999.0 -9999.0 -9999.0 -9999.0 -9999.0 -9999.0 -9999.0 -9999.0 -9999.0 -9999.0 -9999.0 -9999.0 -9999.0 -9999.0 -9999.0 -9999.0 -9999.0 -9999.0 -9999.0 -9999.0 -9999.0 -9999.0 -9999.0 -9999.0 -9999.0 -9999.0 -9999.0 -9999.0