inst/processing_geotop_simulation/geotop_simulation/out/maps3D/PwL0015N0088.asc
ncols         104
nrows         10
xllcorner     -2.000000
yllcorner     0.000000
cellsize      1.000000
NODATA_value  -9999.0
-9999.0 -9999.0 -9999.0 -9999.0 -9999.0 -9999.0 -9999.0 -9999.0 -9999.0 -9999.0 -9999.0 -9999.0 -9999.0 -9999.0 -9999.0 -9999.0 -9999.0 -9999.0 -9999.0 -9999.0 -9999.0 -9999.0 -9999.0 -9999.0 -9999.0 -9999.0 -9999.0 -9999.0 -9999.0 -9999.0 -9999.0 -9999.0 -9999.0 -9999.0 -9999.0 -9999.0 -9999.0 -9999.0 -9999.0 -9999.0 -9999.0 -9999.0 -9999.0 -9999.0 -9999.0 -9999.0 -9999.0 -9999.0 -9999.0 -9999.0 -9999.0 -9999.0 -9999.0 -9999.0 -9999.0 -9999.0 -9999.0 -9999.0 -9999.0 -9999.0 -9999.0 -9999.0 -9999.0 -9999.0 -9999.0 -9999.0 -9999.0 -9999.0 -9999.0 -9999.0 -9999.0 -9999.0 -9999.0 -9999.0 -9999.0 -9999.0 -9999.0 -9999.0 -9999.0 -9999.0 -9999.0 -9999.0 -9999.0 -9999.0 -9999.0 -9999.0 -9999.0 -9999.0 -9999.0 -9999.0 -9999.0 -9999.0 -9999.0 -9999.0 -9999.0 -9999.0 -9999.0 -9999.0 -9999.0 -9999.0 -9999.0 -9999.0 -9999.0 -9999.0
-9999.0 -9999.0 -9999.0 -9999.0 -9999.0 -9999.0 -9999.0 -9999.0 -9999.0 -9999.0 -9999.0 -9999.0 -9999.0 -9999.0 -9999.0 -9999.0 -9999.0 -9999.0 -9999.0 -9999.0 -9999.0 -9999.0 -9999.0 -9999.0 -9999.0 -9999.0 -9999.0 -9999.0 -9999.0 -9999.0 -9999.0 -9999.0 -9999.0 -9999.0 -9999.0 -9999.0 -9999.0 -9999.0 -9999.0 -9999.0 -9999.0 -9999.0 -9999.0 -9999.0 -9999.0 -9999.0 -9999.0 -9999.0 -9999.0 -9999.0 -9999.0 -9999.0 -9999.0 -9999.0 -9999.0 -9999.0 -9999.0 -9999.0 -9999.0 -9999.0 -9999.0 -9999.0 -9999.0 -9999.0 -9999.0 -9999.0 -9999.0 -9999.0 -9999.0 -9999.0 -9999.0 -9999.0 -9999.0 -9999.0 -9999.0 -9999.0 -9999.0 -9999.0 -9999.0 -9999.0 -9999.0 -9999.0 -9999.0 -9999.0 -9999.0 -9999.0 -9999.0 -9999.0 -9999.0 -9999.0 -9999.0 -9999.0 -9999.0 -9999.0 -9999.0 -9999.0 -9999.0 -9999.0 -9999.0 -9999.0 -9999.0 -9999.0 -9999.0 -9999.0
-9999.0 -9999.0 727.024456 630.846827 533.902501 436.410243 338.690753 240.918765 143.187648 45.549486 -51.959364 -149.347692 -247.089165 -346.329424 -448.831197 -556.925467 -672.112063 -793.945185 -888.694078 -973.906340 -1047.382756 -1084.590451 -1084.211347 -1078.889913 -1073.489777 -1069.635693 -1067.469845 -1066.598397 -1066.542582 -1066.916578 -1067.462541 -1068.029819 -1068.542335 -1068.969802 -1069.307414 -1069.564939 -1069.767762 -1069.966503 -1070.255156 -1071.412931 -1081.003479 -1174.978018 -2119.944974 -4225.902358 -4232.673132 -4232.673267 -4232.673267 -4232.673267 -4232.673267 -4232.673267 -4232.673267 -4232.673267 -4232.673267 -4232.673267 -4232.673267 -4232.673267 -4232.673267 -4232.673267 -4232.673267 -4232.673015 -4221.894291 -2009.413501 -1148.972222 -1077.932778 -1071.216539 -1070.487265 -1070.379219 -1070.360757 -1070.359327 -1070.361084 -1070.363073 -1070.364714 -1070.365972 -1070.366923 -1070.367649 -1070.368212 -1070.368658 -1070.369016 -1070.369314 -1070.369575 -1070.369828 -1070.370106 -1070.370452 -1070.370929 -1070.371632 -1070.372709 -1070.374400 -1070.377093 -1070.381447 -1070.388593 -1070.400554 -1070.421062 -1070.457247 -1070.523073 -1070.646318 -1070.882683 -1071.345127 -1072.271358 -1074.205742 -1078.538756 -1089.047073 -1116.469611 -9999.0 -9999.0
-9999.0 -9999.0 727.028909 630.848316 533.902953 436.410384 338.690799 240.918780 143.187652 45.549487 -51.959364 -149.347692 -247.089165 -346.329424 -448.831197 -556.925467 -672.112063 -793.945185 -888.694078 -973.906340 -1047.382756 -1084.590451 -1084.211347 -1078.889913 -1073.489777 -1069.635693 -1067.469845 -1066.598397 -1066.542582 -1066.916578 -1067.462541 -1068.029819 -1068.542335 -1068.969802 -1069.307414 -1069.564939 -1069.767762 -1069.966503 -1070.255156 -1071.412931 -1081.003479 -1174.978018 -2119.944974 -4225.902358 -4232.673132 -4232.673267 -4232.673267 -4232.673267 -4232.673267 -4232.673267 -4232.673267 -4232.673267 -4232.673267 -4232.673267 -4232.673267 -4232.673267 -4232.673267 -4232.673267 -4232.673267 -4232.673015 -4221.894291 -2009.413501 -1148.972222 -1077.932778 -1071.216539 -1070.487265 -1070.379219 -1070.360757 -1070.359327 -1070.361084 -1070.363073 -1070.364714 -1070.365972 -1070.366923 -1070.367649 -1070.368212 -1070.368658 -1070.369016 -1070.369314 -1070.369575 -1070.369828 -1070.370106 -1070.370452 -1070.370929 -1070.371632 -1070.372709 -1070.374400 -1070.377093 -1070.381447 -1070.388593 -1070.400554 -1070.421062 -1070.457247 -1070.523073 -1070.646318 -1070.882683 -1071.345127 -1072.271358 -1074.205742 -1078.538756 -1089.047073 -1116.469611 -9999.0 -9999.0
-9999.0 -9999.0 727.030312 630.849051 533.903255 436.410496 338.690839 240.918794 143.187657 45.549489 -51.959363 -149.347692 -247.089165 -346.329424 -448.831197 -556.925467 -672.112063 -793.945185 -888.694078 -973.906340 -1047.382756 -1084.590451 -1084.211346 -1078.889913 -1073.489777 -1069.635693 -1067.469845 -1066.598397 -1066.542582 -1066.916578 -1067.462541 -1068.029819 -1068.542335 -1068.969802 -1069.307414 -1069.564939 -1069.767762 -1069.966503 -1070.255156 -1071.412931 -1081.003479 -1174.978018 -2119.944974 -4225.902358 -4232.673132 -4232.673267 -4232.673267 -4232.673267 -4232.673267 -4232.673267 -4232.673267 -4232.673267 -4232.673267 -4232.673267 -4232.673267 -4232.673267 -4232.673267 -4232.673267 -4232.673267 -4232.673015 -4221.894291 -2009.413501 -1148.972222 -1077.932778 -1071.216539 -1070.487265 -1070.379219 -1070.360757 -1070.359327 -1070.361084 -1070.363073 -1070.364714 -1070.365972 -1070.366923 -1070.367649 -1070.368212 -1070.368658 -1070.369016 -1070.369314 -1070.369575 -1070.369828 -1070.370106 -1070.370452 -1070.370929 -1070.371632 -1070.372709 -1070.374400 -1070.377093 -1070.381447 -1070.388593 -1070.400554 -1070.421062 -1070.457247 -1070.523073 -1070.646318 -1070.882683 -1071.345127 -1072.271358 -1074.205742 -1078.538756 -1089.047073 -1116.469611 -9999.0 -9999.0
-9999.0 -9999.0 727.030312 630.849051 533.903255 436.410496 338.690839 240.918794 143.187657 45.549489 -51.959363 -149.347692 -247.089165 -346.329424 -448.831197 -556.925467 -672.112063 -793.945185 -888.694078 -973.906340 -1047.382756 -1084.590451 -1084.211346 -1078.889913 -1073.489777 -1069.635693 -1067.469845 -1066.598397 -1066.542582 -1066.916578 -1067.462541 -1068.029819 -1068.542335 -1068.969802 -1069.307414 -1069.564939 -1069.767762 -1069.966503 -1070.255156 -1071.412931 -1081.003479 -1174.978018 -2119.944974 -4225.902358 -4232.673132 -4232.673267 -4232.673267 -4232.673267 -4232.673267 -4232.673267 -4232.673267 -4232.673267 -4232.673267 -4232.673267 -4232.673267 -4232.673267 -4232.673267 -4232.673267 -4232.673267 -4232.673015 -4221.894291 -2009.413501 -1148.972222 -1077.932778 -1071.216539 -1070.487265 -1070.379219 -1070.360757 -1070.359327 -1070.361084 -1070.363073 -1070.364714 -1070.365972 -1070.366923 -1070.367649 -1070.368212 -1070.368658 -1070.369016 -1070.369314 -1070.369575 -1070.369828 -1070.370106 -1070.370452 -1070.370929 -1070.371632 -1070.372709 -1070.374400 -1070.377093 -1070.381447 -1070.388593 -1070.400554 -1070.421062 -1070.457247 -1070.523073 -1070.646318 -1070.882683 -1071.345127 -1072.271358 -1074.205742 -1078.538756 -1089.047073 -1116.469611 -9999.0 -9999.0
-9999.0 -9999.0 727.028909 630.848315 533.902953 436.410384 338.690799 240.918780 143.187652 45.549487 -51.959364 -149.347692 -247.089165 -346.329424 -448.831197 -556.925467 -672.112063 -793.945185 -888.694078 -973.906340 -1047.382756 -1084.590451 -1084.211347 -1078.889913 -1073.489777 -1069.635693 -1067.469845 -1066.598397 -1066.542582 -1066.916578 -1067.462541 -1068.029819 -1068.542335 -1068.969802 -1069.307414 -1069.564939 -1069.767762 -1069.966503 -1070.255156 -1071.412931 -1081.003479 -1174.978018 -2119.944974 -4225.902358 -4232.673132 -4232.673267 -4232.673267 -4232.673267 -4232.673267 -4232.673267 -4232.673267 -4232.673267 -4232.673267 -4232.673267 -4232.673267 -4232.673267 -4232.673267 -4232.673267 -4232.673267 -4232.673015 -4221.894291 -2009.413501 -1148.972222 -1077.932778 -1071.216539 -1070.487265 -1070.379219 -1070.360757 -1070.359327 -1070.361084 -1070.363073 -1070.364714 -1070.365972 -1070.366923 -1070.367649 -1070.368212 -1070.368658 -1070.369016 -1070.369314 -1070.369575 -1070.369828 -1070.370106 -1070.370452 -1070.370929 -1070.371632 -1070.372709 -1070.374400 -1070.377093 -1070.381447 -1070.388593 -1070.400554 -1070.421062 -1070.457247 -1070.523073 -1070.646318 -1070.882683 -1071.345127 -1072.271358 -1074.205742 -1078.538756 -1089.047073 -1116.469611 -9999.0 -9999.0
-9999.0 -9999.0 727.024456 630.846827 533.902501 436.410243 338.690753 240.918765 143.187648 45.549486 -51.959364 -149.347692 -247.089165 -346.329424 -448.831197 -556.925467 -672.112063 -793.945185 -888.694078 -973.906340 -1047.382756 -1084.590451 -1084.211347 -1078.889913 -1073.489777 -1069.635693 -1067.469845 -1066.598397 -1066.542582 -1066.916578 -1067.462541 -1068.029819 -1068.542335 -1068.969802 -1069.307414 -1069.564939 -1069.767762 -1069.966503 -1070.255156 -1071.412931 -1081.003479 -1174.978018 -2119.944974 -4225.902358 -4232.673132 -4232.673267 -4232.673267 -4232.673267 -4232.673267 -4232.673267 -4232.673267 -4232.673267 -4232.673267 -4232.673267 -4232.673267 -4232.673267 -4232.673267 -4232.673267 -4232.673267 -4232.673015 -4221.894291 -2009.413501 -1148.972222 -1077.932778 -1071.216539 -1070.487265 -1070.379219 -1070.360757 -1070.359327 -1070.361084 -1070.363073 -1070.364714 -1070.365972 -1070.366923 -1070.367649 -1070.368212 -1070.368658 -1070.369016 -1070.369314 -1070.369575 -1070.369828 -1070.370106 -1070.370452 -1070.370929 -1070.371632 -1070.372709 -1070.374400 -1070.377093 -1070.381447 -1070.388593 -1070.400554 -1070.421062 -1070.457247 -1070.523073 -1070.646318 -1070.882683 -1071.345127 -1072.271358 -1074.205742 -1078.538756 -1089.047073 -1116.469611 -9999.0 -9999.0
-9999.0 -9999.0 -9999.0 -9999.0 -9999.0 -9999.0 -9999.0 -9999.0 -9999.0 -9999.0 -9999.0 -9999.0 -9999.0 -9999.0 -9999.0 -9999.0 -9999.0 -9999.0 -9999.0 -9999.0 -9999.0 -9999.0 -9999.0 -9999.0 -9999.0 -9999.0 -9999.0 -9999.0 -9999.0 -9999.0 -9999.0 -9999.0 -9999.0 -9999.0 -9999.0 -9999.0 -9999.0 -9999.0 -9999.0 -9999.0 -9999.0 -9999.0 -9999.0 -9999.0 -9999.0 -9999.0 -9999.0 -9999.0 -9999.0 -9999.0 -9999.0 -9999.0 -9999.0 -9999.0 -9999.0 -9999.0 -9999.0 -9999.0 -9999.0 -9999.0 -9999.0 -9999.0 -9999.0 -9999.0 -9999.0 -9999.0 -9999.0 -9999.0 -9999.0 -9999.0 -9999.0 -9999.0 -9999.0 -9999.0 -9999.0 -9999.0 -9999.0 -9999.0 -9999.0 -9999.0 -9999.0 -9999.0 -9999.0 -9999.0 -9999.0 -9999.0 -9999.0 -9999.0 -9999.0 -9999.0 -9999.0 -9999.0 -9999.0 -9999.0 -9999.0 -9999.0 -9999.0 -9999.0 -9999.0 -9999.0 -9999.0 -9999.0 -9999.0 -9999.0
-9999.0 -9999.0 -9999.0 -9999.0 -9999.0 -9999.0 -9999.0 -9999.0 -9999.0 -9999.0 -9999.0 -9999.0 -9999.0 -9999.0 -9999.0 -9999.0 -9999.0 -9999.0 -9999.0 -9999.0 -9999.0 -9999.0 -9999.0 -9999.0 -9999.0 -9999.0 -9999.0 -9999.0 -9999.0 -9999.0 -9999.0 -9999.0 -9999.0 -9999.0 -9999.0 -9999.0 -9999.0 -9999.0 -9999.0 -9999.0 -9999.0 -9999.0 -9999.0 -9999.0 -9999.0 -9999.0 -9999.0 -9999.0 -9999.0 -9999.0 -9999.0 -9999.0 -9999.0 -9999.0 -9999.0 -9999.0 -9999.0 -9999.0 -9999.0 -9999.0 -9999.0 -9999.0 -9999.0 -9999.0 -9999.0 -9999.0 -9999.0 -9999.0 -9999.0 -9999.0 -9999.0 -9999.0 -9999.0 -9999.0 -9999.0 -9999.0 -9999.0 -9999.0 -9999.0 -9999.0 -9999.0 -9999.0 -9999.0 -9999.0 -9999.0 -9999.0 -9999.0 -9999.0 -9999.0 -9999.0 -9999.0 -9999.0 -9999.0 -9999.0 -9999.0 -9999.0 -9999.0 -9999.0 -9999.0 -9999.0 -9999.0 -9999.0 -9999.0 -9999.0