inst/processing_geotop_simulation/geotop_simulation/out/maps3D/PwL0006N0249.asc
ncols         104
nrows         10
xllcorner     -2.000000
yllcorner     0.000000
cellsize      1.000000
NODATA_value  -9999.0
-9999.0 -9999.0 -9999.0 -9999.0 -9999.0 -9999.0 -9999.0 -9999.0 -9999.0 -9999.0 -9999.0 -9999.0 -9999.0 -9999.0 -9999.0 -9999.0 -9999.0 -9999.0 -9999.0 -9999.0 -9999.0 -9999.0 -9999.0 -9999.0 -9999.0 -9999.0 -9999.0 -9999.0 -9999.0 -9999.0 -9999.0 -9999.0 -9999.0 -9999.0 -9999.0 -9999.0 -9999.0 -9999.0 -9999.0 -9999.0 -9999.0 -9999.0 -9999.0 -9999.0 -9999.0 -9999.0 -9999.0 -9999.0 -9999.0 -9999.0 -9999.0 -9999.0 -9999.0 -9999.0 -9999.0 -9999.0 -9999.0 -9999.0 -9999.0 -9999.0 -9999.0 -9999.0 -9999.0 -9999.0 -9999.0 -9999.0 -9999.0 -9999.0 -9999.0 -9999.0 -9999.0 -9999.0 -9999.0 -9999.0 -9999.0 -9999.0 -9999.0 -9999.0 -9999.0 -9999.0 -9999.0 -9999.0 -9999.0 -9999.0 -9999.0 -9999.0 -9999.0 -9999.0 -9999.0 -9999.0 -9999.0 -9999.0 -9999.0 -9999.0 -9999.0 -9999.0 -9999.0 -9999.0 -9999.0 -9999.0 -9999.0 -9999.0 -9999.0 -9999.0
-9999.0 -9999.0 -9999.0 -9999.0 -9999.0 -9999.0 -9999.0 -9999.0 -9999.0 -9999.0 -9999.0 -9999.0 -9999.0 -9999.0 -9999.0 -9999.0 -9999.0 -9999.0 -9999.0 -9999.0 -9999.0 -9999.0 -9999.0 -9999.0 -9999.0 -9999.0 -9999.0 -9999.0 -9999.0 -9999.0 -9999.0 -9999.0 -9999.0 -9999.0 -9999.0 -9999.0 -9999.0 -9999.0 -9999.0 -9999.0 -9999.0 -9999.0 -9999.0 -9999.0 -9999.0 -9999.0 -9999.0 -9999.0 -9999.0 -9999.0 -9999.0 -9999.0 -9999.0 -9999.0 -9999.0 -9999.0 -9999.0 -9999.0 -9999.0 -9999.0 -9999.0 -9999.0 -9999.0 -9999.0 -9999.0 -9999.0 -9999.0 -9999.0 -9999.0 -9999.0 -9999.0 -9999.0 -9999.0 -9999.0 -9999.0 -9999.0 -9999.0 -9999.0 -9999.0 -9999.0 -9999.0 -9999.0 -9999.0 -9999.0 -9999.0 -9999.0 -9999.0 -9999.0 -9999.0 -9999.0 -9999.0 -9999.0 -9999.0 -9999.0 -9999.0 -9999.0 -9999.0 -9999.0 -9999.0 -9999.0 -9999.0 -9999.0 -9999.0 -9999.0
-9999.0 -9999.0 277.028361 181.611096 84.277430 -13.701567 -111.928925 -210.257814 -308.604083 -406.907712 -505.089235 -602.956004 -700.115963 -797.017941 -893.611304 -990.180806 -1086.606469 -1180.744667 -1272.648590 -1361.044081 -1442.701347 -1513.631188 -1571.366055 -1615.813942 -1648.619329 -1672.127167 -1688.637473 -1700.067352 -1707.888185 -1713.183549 -1716.734620 -1719.095825 -1720.654835 -1721.678643 -1722.348789 -1722.789256 -1723.092456 -1723.366224 -1723.930895 -1726.149724 -1733.580990 -1726.470121 -1134.412628 -1161.983711 -1142.724771 -1130.442270 -1124.722886 -1123.903806 -1123.818510 -1123.827795 -1123.850779 -1123.875431 -1123.899112 -1123.921035 -1123.941348 -1123.964658 -1124.035269 -1124.515388 -1127.522207 -1134.276838 -1143.913956 -1103.475425 -1700.610482 -1727.593900 -1724.875743 -1723.911089 -1723.732004 -1723.703455 -1723.699550 -1723.699660 -1723.700341 -1723.700980 -1723.701487 -1723.701875 -1723.702173 -1723.702404 -1723.702587 -1723.702736 -1723.702860 -1723.702972 -1723.703081 -1723.703203 -1723.703357 -1723.703570 -1723.703886 -1723.704371 -1723.705136 -1723.706360 -1723.708354 -1723.711660 -1723.717266 -1723.727029 -1723.744539 -1723.776891 -1723.838334 -1723.958057 -1724.198052 -1724.698477 -1725.803415 -1728.440625 -1735.481596 -1758.070263 -9999.0 -9999.0
-9999.0 -9999.0 277.037001 181.613083 84.277950 -13.701414 -111.928876 -210.257797 -308.604077 -406.907709 -505.089234 -602.956004 -700.115963 -797.017941 -893.611304 -990.180806 -1086.606469 -1180.744667 -1272.648590 -1361.044081 -1442.701348 -1513.631188 -1571.366055 -1615.813942 -1648.619329 -1672.127167 -1688.637473 -1700.067352 -1707.888185 -1713.183549 -1716.734620 -1719.095825 -1720.654835 -1721.678643 -1722.348789 -1722.789256 -1723.092456 -1723.366224 -1723.930895 -1726.149724 -1733.580990 -1726.470121 -1134.412628 -1161.983711 -1142.724771 -1130.442269 -1124.722886 -1123.903806 -1123.818510 -1123.827795 -1123.850779 -1123.875431 -1123.899112 -1123.921035 -1123.941348 -1123.964658 -1124.035269 -1124.515388 -1127.522207 -1134.276838 -1143.913956 -1103.475425 -1700.610482 -1727.593900 -1724.875743 -1723.911089 -1723.732004 -1723.703455 -1723.699550 -1723.699660 -1723.700341 -1723.700980 -1723.701487 -1723.701875 -1723.702173 -1723.702404 -1723.702587 -1723.702736 -1723.702860 -1723.702972 -1723.703081 -1723.703203 -1723.703357 -1723.703570 -1723.703886 -1723.704371 -1723.705136 -1723.706360 -1723.708354 -1723.711660 -1723.717266 -1723.727029 -1723.744539 -1723.776891 -1723.838334 -1723.958057 -1724.198052 -1724.698477 -1725.803415 -1728.440625 -1735.481596 -1758.070263 -9999.0 -9999.0
-9999.0 -9999.0 277.038498 181.613914 84.278280 -13.701294 -111.928834 -210.257782 -308.604071 -406.907707 -505.089234 -602.956003 -700.115962 -797.017941 -893.611304 -990.180806 -1086.606469 -1180.744668 -1272.648590 -1361.044081 -1442.701348 -1513.631188 -1571.366055 -1615.813942 -1648.619329 -1672.127167 -1688.637473 -1700.067352 -1707.888185 -1713.183549 -1716.734620 -1719.095825 -1720.654835 -1721.678643 -1722.348789 -1722.789256 -1723.092456 -1723.366224 -1723.930895 -1726.149724 -1733.580990 -1726.470121 -1134.412628 -1161.983711 -1142.724771 -1130.442269 -1124.722886 -1123.903806 -1123.818510 -1123.827795 -1123.850779 -1123.875431 -1123.899112 -1123.921035 -1123.941348 -1123.964658 -1124.035269 -1124.515388 -1127.522207 -1134.276838 -1143.913956 -1103.475425 -1700.610482 -1727.593900 -1724.875743 -1723.911089 -1723.732004 -1723.703455 -1723.699550 -1723.699660 -1723.700341 -1723.700980 -1723.701487 -1723.701875 -1723.702173 -1723.702404 -1723.702587 -1723.702736 -1723.702860 -1723.702972 -1723.703081 -1723.703203 -1723.703357 -1723.703570 -1723.703886 -1723.704371 -1723.705136 -1723.706360 -1723.708354 -1723.711660 -1723.717266 -1723.727029 -1723.744539 -1723.776891 -1723.838334 -1723.958057 -1724.198052 -1724.698477 -1725.803415 -1728.440625 -1735.481596 -1758.070263 -9999.0 -9999.0
-9999.0 -9999.0 277.038498 181.613914 84.278280 -13.701294 -111.928834 -210.257782 -308.604071 -406.907707 -505.089234 -602.956003 -700.115962 -797.017941 -893.611304 -990.180806 -1086.606469 -1180.744668 -1272.648590 -1361.044081 -1442.701348 -1513.631188 -1571.366055 -1615.813942 -1648.619329 -1672.127167 -1688.637473 -1700.067352 -1707.888185 -1713.183549 -1716.734620 -1719.095825 -1720.654835 -1721.678643 -1722.348789 -1722.789256 -1723.092456 -1723.366224 -1723.930895 -1726.149724 -1733.580990 -1726.470121 -1134.412628 -1161.983711 -1142.724771 -1130.442269 -1124.722886 -1123.903806 -1123.818510 -1123.827795 -1123.850779 -1123.875431 -1123.899112 -1123.921035 -1123.941348 -1123.964658 -1124.035269 -1124.515388 -1127.522207 -1134.276838 -1143.913956 -1103.475425 -1700.610482 -1727.593900 -1724.875743 -1723.911089 -1723.732004 -1723.703455 -1723.699550 -1723.699660 -1723.700341 -1723.700980 -1723.701487 -1723.701875 -1723.702173 -1723.702404 -1723.702587 -1723.702736 -1723.702860 -1723.702972 -1723.703081 -1723.703203 -1723.703357 -1723.703570 -1723.703886 -1723.704371 -1723.705136 -1723.706360 -1723.708354 -1723.711660 -1723.717266 -1723.727029 -1723.744539 -1723.776891 -1723.838334 -1723.958057 -1724.198052 -1724.698477 -1725.803415 -1728.440625 -1735.481596 -1758.070263 -9999.0 -9999.0
-9999.0 -9999.0 277.037001 181.613083 84.277950 -13.701414 -111.928876 -210.257797 -308.604077 -406.907709 -505.089234 -602.956004 -700.115963 -797.017941 -893.611304 -990.180806 -1086.606469 -1180.744667 -1272.648590 -1361.044081 -1442.701348 -1513.631188 -1571.366055 -1615.813942 -1648.619329 -1672.127167 -1688.637473 -1700.067352 -1707.888185 -1713.183549 -1716.734620 -1719.095825 -1720.654835 -1721.678643 -1722.348789 -1722.789256 -1723.092456 -1723.366224 -1723.930895 -1726.149724 -1733.580990 -1726.470121 -1134.412628 -1161.983711 -1142.724771 -1130.442269 -1124.722886 -1123.903806 -1123.818510 -1123.827795 -1123.850779 -1123.875431 -1123.899112 -1123.921035 -1123.941348 -1123.964658 -1124.035269 -1124.515388 -1127.522207 -1134.276838 -1143.913956 -1103.475425 -1700.610482 -1727.593900 -1724.875743 -1723.911089 -1723.732004 -1723.703455 -1723.699550 -1723.699660 -1723.700341 -1723.700980 -1723.701487 -1723.701875 -1723.702173 -1723.702404 -1723.702587 -1723.702736 -1723.702860 -1723.702972 -1723.703081 -1723.703203 -1723.703357 -1723.703570 -1723.703886 -1723.704371 -1723.705136 -1723.706360 -1723.708354 -1723.711660 -1723.717266 -1723.727029 -1723.744539 -1723.776891 -1723.838334 -1723.958057 -1724.198052 -1724.698477 -1725.803415 -1728.440625 -1735.481596 -1758.070263 -9999.0 -9999.0
-9999.0 -9999.0 277.028361 181.611096 84.277430 -13.701567 -111.928925 -210.257814 -308.604083 -406.907712 -505.089235 -602.956004 -700.115963 -797.017941 -893.611304 -990.180806 -1086.606469 -1180.744667 -1272.648590 -1361.044081 -1442.701347 -1513.631188 -1571.366055 -1615.813942 -1648.619329 -1672.127167 -1688.637473 -1700.067352 -1707.888185 -1713.183549 -1716.734620 -1719.095825 -1720.654835 -1721.678643 -1722.348789 -1722.789256 -1723.092456 -1723.366224 -1723.930895 -1726.149724 -1733.580990 -1726.470121 -1134.412628 -1161.983711 -1142.724771 -1130.442270 -1124.722886 -1123.903806 -1123.818510 -1123.827795 -1123.850779 -1123.875431 -1123.899112 -1123.921035 -1123.941348 -1123.964658 -1124.035269 -1124.515388 -1127.522207 -1134.276838 -1143.913956 -1103.475425 -1700.610482 -1727.593900 -1724.875743 -1723.911089 -1723.732004 -1723.703455 -1723.699550 -1723.699660 -1723.700341 -1723.700980 -1723.701487 -1723.701875 -1723.702173 -1723.702404 -1723.702587 -1723.702736 -1723.702860 -1723.702972 -1723.703081 -1723.703203 -1723.703357 -1723.703570 -1723.703886 -1723.704371 -1723.705136 -1723.706360 -1723.708354 -1723.711660 -1723.717266 -1723.727029 -1723.744539 -1723.776891 -1723.838334 -1723.958057 -1724.198052 -1724.698477 -1725.803415 -1728.440625 -1735.481596 -1758.070263 -9999.0 -9999.0
-9999.0 -9999.0 -9999.0 -9999.0 -9999.0 -9999.0 -9999.0 -9999.0 -9999.0 -9999.0 -9999.0 -9999.0 -9999.0 -9999.0 -9999.0 -9999.0 -9999.0 -9999.0 -9999.0 -9999.0 -9999.0 -9999.0 -9999.0 -9999.0 -9999.0 -9999.0 -9999.0 -9999.0 -9999.0 -9999.0 -9999.0 -9999.0 -9999.0 -9999.0 -9999.0 -9999.0 -9999.0 -9999.0 -9999.0 -9999.0 -9999.0 -9999.0 -9999.0 -9999.0 -9999.0 -9999.0 -9999.0 -9999.0 -9999.0 -9999.0 -9999.0 -9999.0 -9999.0 -9999.0 -9999.0 -9999.0 -9999.0 -9999.0 -9999.0 -9999.0 -9999.0 -9999.0 -9999.0 -9999.0 -9999.0 -9999.0 -9999.0 -9999.0 -9999.0 -9999.0 -9999.0 -9999.0 -9999.0 -9999.0 -9999.0 -9999.0 -9999.0 -9999.0 -9999.0 -9999.0 -9999.0 -9999.0 -9999.0 -9999.0 -9999.0 -9999.0 -9999.0 -9999.0 -9999.0 -9999.0 -9999.0 -9999.0 -9999.0 -9999.0 -9999.0 -9999.0 -9999.0 -9999.0 -9999.0 -9999.0 -9999.0 -9999.0 -9999.0 -9999.0
-9999.0 -9999.0 -9999.0 -9999.0 -9999.0 -9999.0 -9999.0 -9999.0 -9999.0 -9999.0 -9999.0 -9999.0 -9999.0 -9999.0 -9999.0 -9999.0 -9999.0 -9999.0 -9999.0 -9999.0 -9999.0 -9999.0 -9999.0 -9999.0 -9999.0 -9999.0 -9999.0 -9999.0 -9999.0 -9999.0 -9999.0 -9999.0 -9999.0 -9999.0 -9999.0 -9999.0 -9999.0 -9999.0 -9999.0 -9999.0 -9999.0 -9999.0 -9999.0 -9999.0 -9999.0 -9999.0 -9999.0 -9999.0 -9999.0 -9999.0 -9999.0 -9999.0 -9999.0 -9999.0 -9999.0 -9999.0 -9999.0 -9999.0 -9999.0 -9999.0 -9999.0 -9999.0 -9999.0 -9999.0 -9999.0 -9999.0 -9999.0 -9999.0 -9999.0 -9999.0 -9999.0 -9999.0 -9999.0 -9999.0 -9999.0 -9999.0 -9999.0 -9999.0 -9999.0 -9999.0 -9999.0 -9999.0 -9999.0 -9999.0 -9999.0 -9999.0 -9999.0 -9999.0 -9999.0 -9999.0 -9999.0 -9999.0 -9999.0 -9999.0 -9999.0 -9999.0 -9999.0 -9999.0 -9999.0 -9999.0 -9999.0 -9999.0 -9999.0 -9999.0