inst/processing_geotop_simulation/geotop_simulation/out/maps3D/PwL0009N0048.asc
ncols         104
nrows         10
xllcorner     -2.000000
yllcorner     0.000000
cellsize      1.000000
NODATA_value  -9999.0
-9999.0 -9999.0 -9999.0 -9999.0 -9999.0 -9999.0 -9999.0 -9999.0 -9999.0 -9999.0 -9999.0 -9999.0 -9999.0 -9999.0 -9999.0 -9999.0 -9999.0 -9999.0 -9999.0 -9999.0 -9999.0 -9999.0 -9999.0 -9999.0 -9999.0 -9999.0 -9999.0 -9999.0 -9999.0 -9999.0 -9999.0 -9999.0 -9999.0 -9999.0 -9999.0 -9999.0 -9999.0 -9999.0 -9999.0 -9999.0 -9999.0 -9999.0 -9999.0 -9999.0 -9999.0 -9999.0 -9999.0 -9999.0 -9999.0 -9999.0 -9999.0 -9999.0 -9999.0 -9999.0 -9999.0 -9999.0 -9999.0 -9999.0 -9999.0 -9999.0 -9999.0 -9999.0 -9999.0 -9999.0 -9999.0 -9999.0 -9999.0 -9999.0 -9999.0 -9999.0 -9999.0 -9999.0 -9999.0 -9999.0 -9999.0 -9999.0 -9999.0 -9999.0 -9999.0 -9999.0 -9999.0 -9999.0 -9999.0 -9999.0 -9999.0 -9999.0 -9999.0 -9999.0 -9999.0 -9999.0 -9999.0 -9999.0 -9999.0 -9999.0 -9999.0 -9999.0 -9999.0 -9999.0 -9999.0 -9999.0 -9999.0 -9999.0 -9999.0 -9999.0
-9999.0 -9999.0 -9999.0 -9999.0 -9999.0 -9999.0 -9999.0 -9999.0 -9999.0 -9999.0 -9999.0 -9999.0 -9999.0 -9999.0 -9999.0 -9999.0 -9999.0 -9999.0 -9999.0 -9999.0 -9999.0 -9999.0 -9999.0 -9999.0 -9999.0 -9999.0 -9999.0 -9999.0 -9999.0 -9999.0 -9999.0 -9999.0 -9999.0 -9999.0 -9999.0 -9999.0 -9999.0 -9999.0 -9999.0 -9999.0 -9999.0 -9999.0 -9999.0 -9999.0 -9999.0 -9999.0 -9999.0 -9999.0 -9999.0 -9999.0 -9999.0 -9999.0 -9999.0 -9999.0 -9999.0 -9999.0 -9999.0 -9999.0 -9999.0 -9999.0 -9999.0 -9999.0 -9999.0 -9999.0 -9999.0 -9999.0 -9999.0 -9999.0 -9999.0 -9999.0 -9999.0 -9999.0 -9999.0 -9999.0 -9999.0 -9999.0 -9999.0 -9999.0 -9999.0 -9999.0 -9999.0 -9999.0 -9999.0 -9999.0 -9999.0 -9999.0 -9999.0 -9999.0 -9999.0 -9999.0 -9999.0 -9999.0 -9999.0 -9999.0 -9999.0 -9999.0 -9999.0 -9999.0 -9999.0 -9999.0 -9999.0 -9999.0 -9999.0 -9999.0
-9999.0 -9999.0 -827.036658 -848.539747 -857.177118 -862.490343 -866.051035 -868.298685 -869.485014 -867.405721 -847.792877 -820.434613 -793.982894 -765.759641 -762.961197 -785.230624 -804.749611 -824.295505 -818.390408 -792.640967 -779.240146 -776.026634 -780.052180 -788.850028 -800.461811 -813.284871 -825.950474 -837.380634 -846.914337 -854.341488 -859.800613 -863.622437 -866.192957 -867.864011 -868.914991 -869.549759 -869.926877 -870.253038 -870.693541 -870.581295 -872.223098 -914.267609 -2310.306765 -4435.042503 -4232.483522 -3995.074815 -3852.294845 -3834.587837 -3832.780333 -3832.791233 -3833.024603 -3833.281889 -3833.529032 -3833.757803 -3833.972701 -3834.250672 -3835.360768 -3844.267741 -3916.467577 -4061.766402 -4255.090400 -2165.519120 -899.853827 -873.881869 -871.483771 -870.889412 -870.753478 -870.731388 -870.733289 -870.739117 -870.744555 -870.748846 -870.752080 -870.754509 -870.756357 -870.757788 -870.758920 -870.759827 -870.760574 -870.761221 -870.761835 -870.762495 -870.763303 -870.764402 -870.766007 -870.768454 -870.772276 -870.778338 -870.788078 -870.803941 -870.830212 -870.874678 -870.951991 -871.090577 -871.346712 -871.832551 -872.770433 -874.596975 -878.175269 -885.314835 -900.260810 -933.229568 -9999.0 -9999.0
-9999.0 -9999.0 -827.036588 -848.539666 -857.177058 -862.490315 -866.051028 -868.298684 -869.485016 -867.405722 -847.792877 -820.434613 -793.982894 -765.759641 -762.961197 -785.230624 -804.749611 -824.295505 -818.390408 -792.640967 -779.240146 -776.026634 -780.052180 -788.850028 -800.461811 -813.284871 -825.950474 -837.380634 -846.914337 -854.341488 -859.800613 -863.622437 -866.192957 -867.864011 -868.914991 -869.549759 -869.926877 -870.253038 -870.693541 -870.581295 -872.223098 -914.267609 -2310.306764 -4435.042502 -4232.483519 -3995.074806 -3852.294846 -3834.587837 -3832.780333 -3832.791233 -3833.024603 -3833.281889 -3833.529032 -3833.757803 -3833.972701 -3834.250672 -3835.360768 -3844.267741 -3916.467577 -4061.766402 -4255.090400 -2165.519120 -899.853827 -873.881869 -871.483771 -870.889412 -870.753478 -870.731388 -870.733289 -870.739117 -870.744555 -870.748846 -870.752080 -870.754509 -870.756357 -870.757788 -870.758920 -870.759827 -870.760574 -870.761221 -870.761835 -870.762495 -870.763303 -870.764402 -870.766007 -870.768454 -870.772276 -870.778338 -870.788078 -870.803941 -870.830212 -870.874678 -870.951991 -871.090577 -871.346712 -871.832551 -872.770433 -874.596975 -878.175269 -885.314835 -900.260810 -933.229568 -9999.0 -9999.0
-9999.0 -9999.0 -827.036555 -848.539621 -857.177019 -862.490295 -866.051022 -868.298684 -869.485017 -867.405723 -847.792877 -820.434613 -793.982894 -765.759641 -762.961197 -785.230624 -804.749611 -824.295505 -818.390408 -792.640967 -779.240146 -776.026634 -780.052180 -788.850028 -800.461811 -813.284871 -825.950474 -837.380634 -846.914337 -854.341488 -859.800613 -863.622437 -866.192957 -867.864011 -868.914991 -869.549759 -869.926877 -870.253038 -870.693541 -870.581295 -872.223098 -914.267609 -2310.306764 -4435.042502 -4232.483518 -3995.074802 -3852.294846 -3834.587837 -3832.780333 -3832.791233 -3833.024603 -3833.281889 -3833.529032 -3833.757803 -3833.972701 -3834.250672 -3835.360768 -3844.267741 -3916.467577 -4061.766402 -4255.090400 -2165.519120 -899.853827 -873.881869 -871.483771 -870.889412 -870.753478 -870.731388 -870.733289 -870.739117 -870.744555 -870.748846 -870.752080 -870.754509 -870.756357 -870.757788 -870.758920 -870.759827 -870.760574 -870.761221 -870.761835 -870.762495 -870.763303 -870.764402 -870.766007 -870.768454 -870.772276 -870.778338 -870.788078 -870.803941 -870.830212 -870.874678 -870.951991 -871.090577 -871.346712 -871.832551 -872.770433 -874.596975 -878.175269 -885.314835 -900.260810 -933.229568 -9999.0 -9999.0
-9999.0 -9999.0 -827.036555 -848.539621 -857.177019 -862.490295 -866.051022 -868.298684 -869.485017 -867.405723 -847.792877 -820.434613 -793.982894 -765.759641 -762.961197 -785.230624 -804.749611 -824.295505 -818.390408 -792.640967 -779.240146 -776.026634 -780.052180 -788.850028 -800.461811 -813.284871 -825.950474 -837.380634 -846.914337 -854.341488 -859.800613 -863.622437 -866.192957 -867.864011 -868.914991 -869.549759 -869.926877 -870.253038 -870.693541 -870.581295 -872.223098 -914.267609 -2310.306764 -4435.042502 -4232.483518 -3995.074802 -3852.294846 -3834.587837 -3832.780333 -3832.791233 -3833.024603 -3833.281889 -3833.529032 -3833.757803 -3833.972701 -3834.250672 -3835.360768 -3844.267741 -3916.467577 -4061.766402 -4255.090400 -2165.519120 -899.853827 -873.881869 -871.483771 -870.889412 -870.753478 -870.731388 -870.733289 -870.739117 -870.744555 -870.748846 -870.752080 -870.754509 -870.756357 -870.757788 -870.758920 -870.759827 -870.760574 -870.761221 -870.761835 -870.762495 -870.763303 -870.764402 -870.766007 -870.768454 -870.772276 -870.778338 -870.788078 -870.803941 -870.830212 -870.874678 -870.951991 -871.090577 -871.346712 -871.832551 -872.770433 -874.596975 -878.175269 -885.314835 -900.260810 -933.229568 -9999.0 -9999.0
-9999.0 -9999.0 -827.036588 -848.539666 -857.177058 -862.490315 -866.051028 -868.298684 -869.485016 -867.405722 -847.792877 -820.434613 -793.982894 -765.759641 -762.961197 -785.230624 -804.749611 -824.295505 -818.390408 -792.640967 -779.240146 -776.026634 -780.052180 -788.850028 -800.461811 -813.284871 -825.950474 -837.380634 -846.914337 -854.341488 -859.800613 -863.622437 -866.192957 -867.864011 -868.914991 -869.549759 -869.926877 -870.253038 -870.693541 -870.581295 -872.223098 -914.267609 -2310.306764 -4435.042502 -4232.483519 -3995.074806 -3852.294846 -3834.587837 -3832.780333 -3832.791233 -3833.024603 -3833.281889 -3833.529032 -3833.757803 -3833.972701 -3834.250672 -3835.360768 -3844.267741 -3916.467577 -4061.766402 -4255.090400 -2165.519120 -899.853827 -873.881869 -871.483771 -870.889412 -870.753478 -870.731388 -870.733289 -870.739117 -870.744555 -870.748846 -870.752080 -870.754509 -870.756357 -870.757788 -870.758920 -870.759827 -870.760574 -870.761221 -870.761835 -870.762495 -870.763303 -870.764402 -870.766007 -870.768454 -870.772276 -870.778338 -870.788078 -870.803941 -870.830212 -870.874678 -870.951991 -871.090577 -871.346712 -871.832551 -872.770433 -874.596975 -878.175269 -885.314835 -900.260810 -933.229568 -9999.0 -9999.0
-9999.0 -9999.0 -827.036658 -848.539747 -857.177118 -862.490343 -866.051035 -868.298685 -869.485014 -867.405721 -847.792877 -820.434613 -793.982894 -765.759641 -762.961197 -785.230624 -804.749611 -824.295505 -818.390408 -792.640967 -779.240146 -776.026634 -780.052180 -788.850028 -800.461811 -813.284871 -825.950474 -837.380634 -846.914337 -854.341488 -859.800613 -863.622437 -866.192957 -867.864011 -868.914991 -869.549759 -869.926877 -870.253038 -870.693541 -870.581295 -872.223098 -914.267609 -2310.306765 -4435.042503 -4232.483522 -3995.074815 -3852.294845 -3834.587837 -3832.780333 -3832.791233 -3833.024603 -3833.281889 -3833.529032 -3833.757803 -3833.972701 -3834.250672 -3835.360768 -3844.267741 -3916.467577 -4061.766402 -4255.090400 -2165.519120 -899.853827 -873.881869 -871.483771 -870.889412 -870.753478 -870.731388 -870.733289 -870.739117 -870.744555 -870.748846 -870.752080 -870.754509 -870.756357 -870.757788 -870.758920 -870.759827 -870.760574 -870.761221 -870.761835 -870.762495 -870.763303 -870.764402 -870.766007 -870.768454 -870.772276 -870.778338 -870.788078 -870.803941 -870.830212 -870.874678 -870.951991 -871.090577 -871.346712 -871.832551 -872.770433 -874.596975 -878.175269 -885.314835 -900.260810 -933.229568 -9999.0 -9999.0
-9999.0 -9999.0 -9999.0 -9999.0 -9999.0 -9999.0 -9999.0 -9999.0 -9999.0 -9999.0 -9999.0 -9999.0 -9999.0 -9999.0 -9999.0 -9999.0 -9999.0 -9999.0 -9999.0 -9999.0 -9999.0 -9999.0 -9999.0 -9999.0 -9999.0 -9999.0 -9999.0 -9999.0 -9999.0 -9999.0 -9999.0 -9999.0 -9999.0 -9999.0 -9999.0 -9999.0 -9999.0 -9999.0 -9999.0 -9999.0 -9999.0 -9999.0 -9999.0 -9999.0 -9999.0 -9999.0 -9999.0 -9999.0 -9999.0 -9999.0 -9999.0 -9999.0 -9999.0 -9999.0 -9999.0 -9999.0 -9999.0 -9999.0 -9999.0 -9999.0 -9999.0 -9999.0 -9999.0 -9999.0 -9999.0 -9999.0 -9999.0 -9999.0 -9999.0 -9999.0 -9999.0 -9999.0 -9999.0 -9999.0 -9999.0 -9999.0 -9999.0 -9999.0 -9999.0 -9999.0 -9999.0 -9999.0 -9999.0 -9999.0 -9999.0 -9999.0 -9999.0 -9999.0 -9999.0 -9999.0 -9999.0 -9999.0 -9999.0 -9999.0 -9999.0 -9999.0 -9999.0 -9999.0 -9999.0 -9999.0 -9999.0 -9999.0 -9999.0 -9999.0
-9999.0 -9999.0 -9999.0 -9999.0 -9999.0 -9999.0 -9999.0 -9999.0 -9999.0 -9999.0 -9999.0 -9999.0 -9999.0 -9999.0 -9999.0 -9999.0 -9999.0 -9999.0 -9999.0 -9999.0 -9999.0 -9999.0 -9999.0 -9999.0 -9999.0 -9999.0 -9999.0 -9999.0 -9999.0 -9999.0 -9999.0 -9999.0 -9999.0 -9999.0 -9999.0 -9999.0 -9999.0 -9999.0 -9999.0 -9999.0 -9999.0 -9999.0 -9999.0 -9999.0 -9999.0 -9999.0 -9999.0 -9999.0 -9999.0 -9999.0 -9999.0 -9999.0 -9999.0 -9999.0 -9999.0 -9999.0 -9999.0 -9999.0 -9999.0 -9999.0 -9999.0 -9999.0 -9999.0 -9999.0 -9999.0 -9999.0 -9999.0 -9999.0 -9999.0 -9999.0 -9999.0 -9999.0 -9999.0 -9999.0 -9999.0 -9999.0 -9999.0 -9999.0 -9999.0 -9999.0 -9999.0 -9999.0 -9999.0 -9999.0 -9999.0 -9999.0 -9999.0 -9999.0 -9999.0 -9999.0 -9999.0 -9999.0 -9999.0 -9999.0 -9999.0 -9999.0 -9999.0 -9999.0 -9999.0 -9999.0 -9999.0 -9999.0 -9999.0 -9999.0