inst/processing_geotop_simulation/geotop_simulation/out/maps3D/PwL0002N0084.asc
ncols         104
nrows         10
xllcorner     -2.000000
yllcorner     0.000000
cellsize      1.000000
NODATA_value  -9999.0
-9999.0 -9999.0 -9999.0 -9999.0 -9999.0 -9999.0 -9999.0 -9999.0 -9999.0 -9999.0 -9999.0 -9999.0 -9999.0 -9999.0 -9999.0 -9999.0 -9999.0 -9999.0 -9999.0 -9999.0 -9999.0 -9999.0 -9999.0 -9999.0 -9999.0 -9999.0 -9999.0 -9999.0 -9999.0 -9999.0 -9999.0 -9999.0 -9999.0 -9999.0 -9999.0 -9999.0 -9999.0 -9999.0 -9999.0 -9999.0 -9999.0 -9999.0 -9999.0 -9999.0 -9999.0 -9999.0 -9999.0 -9999.0 -9999.0 -9999.0 -9999.0 -9999.0 -9999.0 -9999.0 -9999.0 -9999.0 -9999.0 -9999.0 -9999.0 -9999.0 -9999.0 -9999.0 -9999.0 -9999.0 -9999.0 -9999.0 -9999.0 -9999.0 -9999.0 -9999.0 -9999.0 -9999.0 -9999.0 -9999.0 -9999.0 -9999.0 -9999.0 -9999.0 -9999.0 -9999.0 -9999.0 -9999.0 -9999.0 -9999.0 -9999.0 -9999.0 -9999.0 -9999.0 -9999.0 -9999.0 -9999.0 -9999.0 -9999.0 -9999.0 -9999.0 -9999.0 -9999.0 -9999.0 -9999.0 -9999.0 -9999.0 -9999.0 -9999.0 -9999.0
-9999.0 -9999.0 -9999.0 -9999.0 -9999.0 -9999.0 -9999.0 -9999.0 -9999.0 -9999.0 -9999.0 -9999.0 -9999.0 -9999.0 -9999.0 -9999.0 -9999.0 -9999.0 -9999.0 -9999.0 -9999.0 -9999.0 -9999.0 -9999.0 -9999.0 -9999.0 -9999.0 -9999.0 -9999.0 -9999.0 -9999.0 -9999.0 -9999.0 -9999.0 -9999.0 -9999.0 -9999.0 -9999.0 -9999.0 -9999.0 -9999.0 -9999.0 -9999.0 -9999.0 -9999.0 -9999.0 -9999.0 -9999.0 -9999.0 -9999.0 -9999.0 -9999.0 -9999.0 -9999.0 -9999.0 -9999.0 -9999.0 -9999.0 -9999.0 -9999.0 -9999.0 -9999.0 -9999.0 -9999.0 -9999.0 -9999.0 -9999.0 -9999.0 -9999.0 -9999.0 -9999.0 -9999.0 -9999.0 -9999.0 -9999.0 -9999.0 -9999.0 -9999.0 -9999.0 -9999.0 -9999.0 -9999.0 -9999.0 -9999.0 -9999.0 -9999.0 -9999.0 -9999.0 -9999.0 -9999.0 -9999.0 -9999.0 -9999.0 -9999.0 -9999.0 -9999.0 -9999.0 -9999.0 -9999.0 -9999.0 -9999.0 -9999.0 -9999.0 -9999.0
-9999.0 -9999.0 48.565604 -51.743334 -152.188643 -252.937485 -354.701458 -458.960042 -569.101316 -695.833044 -902.006646 -1074.451773 -1140.110632 -1186.830907 -1237.672247 -1293.241755 -1329.304254 -1343.776980 -1343.438331 -1336.977594 -1330.061979 -1325.210774 -1323.078951 -1323.440628 -1325.706404 -1329.171358 -1333.140504 -1337.033213 -1340.463290 -1343.254370 -1345.391694 -1346.953320 -1348.053080 -1348.804373 -1349.303222 -1349.625515 -1349.839070 -1350.026158 -1350.246559 -1350.732044 -1355.368244 -1378.136725 -886.466411 -881.221454 -868.746116 -861.105534 -857.537041 -857.047662 -857.000083 -857.012732 -857.035305 -857.059140 -857.082002 -857.103146 -857.122521 -857.142690 -857.189459 -857.484520 -859.394440 -863.788471 -871.143106 -868.145087 -1362.003624 -1353.782906 -1350.892044 -1350.420688 -1350.328988 -1350.312468 -1350.311998 -1350.314453 -1350.316962 -1350.318985 -1350.320521 -1350.321677 -1350.322556 -1350.323236 -1350.323773 -1350.324204 -1350.324559 -1350.324870 -1350.325167 -1350.325491 -1350.325891 -1350.326440 -1350.327247 -1350.328480 -1350.330412 -1350.333484 -1350.338438 -1350.346541 -1350.360041 -1350.383062 -1350.423424 -1350.496376 -1350.632133 -1350.890844 -1351.392014 -1352.374330 -1354.331923 -1358.374137 -1367.276561 -1389.835283 -9999.0 -9999.0
-9999.0 -9999.0 48.565603 -51.743335 -152.188643 -252.937485 -354.701459 -458.960043 -569.101316 -695.833045 -902.006646 -1074.451773 -1140.110632 -1186.830907 -1237.672247 -1293.241755 -1329.304254 -1343.776980 -1343.438331 -1336.977594 -1330.061979 -1325.210774 -1323.078951 -1323.440628 -1325.706404 -1329.171358 -1333.140504 -1337.033213 -1340.463290 -1343.254370 -1345.391694 -1346.953320 -1348.053080 -1348.804373 -1349.303222 -1349.625515 -1349.839070 -1350.026158 -1350.246559 -1350.732044 -1355.368244 -1378.136725 -886.466411 -881.221454 -868.746116 -861.105534 -857.537041 -857.047662 -857.000083 -857.012732 -857.035305 -857.059140 -857.082002 -857.103146 -857.122521 -857.142690 -857.189459 -857.484520 -859.394440 -863.788471 -871.143106 -868.145087 -1362.003624 -1353.782906 -1350.892044 -1350.420688 -1350.328988 -1350.312468 -1350.311998 -1350.314453 -1350.316962 -1350.318985 -1350.320521 -1350.321677 -1350.322556 -1350.323236 -1350.323773 -1350.324204 -1350.324559 -1350.324870 -1350.325167 -1350.325491 -1350.325891 -1350.326440 -1350.327247 -1350.328480 -1350.330412 -1350.333484 -1350.338438 -1350.346541 -1350.360041 -1350.383062 -1350.423424 -1350.496376 -1350.632133 -1350.890844 -1351.392014 -1352.374330 -1354.331923 -1358.374137 -1367.276561 -1389.835283 -9999.0 -9999.0
-9999.0 -9999.0 48.565604 -51.743335 -152.188643 -252.937485 -354.701459 -458.960043 -569.101316 -695.833045 -902.006646 -1074.451773 -1140.110632 -1186.830907 -1237.672247 -1293.241755 -1329.304254 -1343.776980 -1343.438331 -1336.977594 -1330.061979 -1325.210774 -1323.078951 -1323.440628 -1325.706404 -1329.171358 -1333.140504 -1337.033213 -1340.463290 -1343.254370 -1345.391694 -1346.953320 -1348.053080 -1348.804373 -1349.303222 -1349.625515 -1349.839070 -1350.026158 -1350.246559 -1350.732044 -1355.368244 -1378.136725 -886.466411 -881.221454 -868.746116 -861.105534 -857.537041 -857.047662 -857.000083 -857.012732 -857.035305 -857.059140 -857.082002 -857.103146 -857.122521 -857.142690 -857.189459 -857.484520 -859.394440 -863.788471 -871.143106 -868.145087 -1362.003624 -1353.782906 -1350.892044 -1350.420688 -1350.328988 -1350.312468 -1350.311998 -1350.314453 -1350.316962 -1350.318985 -1350.320521 -1350.321677 -1350.322556 -1350.323236 -1350.323773 -1350.324204 -1350.324559 -1350.324870 -1350.325167 -1350.325491 -1350.325891 -1350.326440 -1350.327247 -1350.328480 -1350.330412 -1350.333484 -1350.338438 -1350.346541 -1350.360041 -1350.383062 -1350.423424 -1350.496376 -1350.632133 -1350.890844 -1351.392014 -1352.374330 -1354.331923 -1358.374137 -1367.276561 -1389.835283 -9999.0 -9999.0
-9999.0 -9999.0 48.565604 -51.743335 -152.188643 -252.937485 -354.701459 -458.960043 -569.101316 -695.833045 -902.006646 -1074.451773 -1140.110632 -1186.830907 -1237.672247 -1293.241755 -1329.304254 -1343.776980 -1343.438331 -1336.977594 -1330.061979 -1325.210774 -1323.078951 -1323.440628 -1325.706404 -1329.171358 -1333.140504 -1337.033213 -1340.463290 -1343.254370 -1345.391694 -1346.953320 -1348.053080 -1348.804373 -1349.303222 -1349.625515 -1349.839070 -1350.026158 -1350.246559 -1350.732044 -1355.368244 -1378.136725 -886.466411 -881.221454 -868.746116 -861.105534 -857.537041 -857.047662 -857.000083 -857.012732 -857.035305 -857.059140 -857.082002 -857.103146 -857.122521 -857.142690 -857.189459 -857.484520 -859.394440 -863.788471 -871.143106 -868.145087 -1362.003624 -1353.782906 -1350.892044 -1350.420688 -1350.328988 -1350.312468 -1350.311998 -1350.314453 -1350.316962 -1350.318985 -1350.320521 -1350.321677 -1350.322556 -1350.323236 -1350.323773 -1350.324204 -1350.324559 -1350.324870 -1350.325167 -1350.325491 -1350.325891 -1350.326440 -1350.327247 -1350.328480 -1350.330412 -1350.333484 -1350.338438 -1350.346541 -1350.360041 -1350.383062 -1350.423424 -1350.496376 -1350.632133 -1350.890844 -1351.392014 -1352.374330 -1354.331923 -1358.374137 -1367.276561 -1389.835283 -9999.0 -9999.0
-9999.0 -9999.0 48.565603 -51.743335 -152.188643 -252.937485 -354.701459 -458.960043 -569.101316 -695.833045 -902.006646 -1074.451773 -1140.110632 -1186.830907 -1237.672247 -1293.241755 -1329.304254 -1343.776980 -1343.438331 -1336.977594 -1330.061979 -1325.210774 -1323.078951 -1323.440628 -1325.706404 -1329.171358 -1333.140504 -1337.033213 -1340.463290 -1343.254370 -1345.391694 -1346.953320 -1348.053080 -1348.804373 -1349.303222 -1349.625515 -1349.839070 -1350.026158 -1350.246559 -1350.732044 -1355.368244 -1378.136725 -886.466411 -881.221454 -868.746116 -861.105534 -857.537041 -857.047662 -857.000083 -857.012732 -857.035305 -857.059140 -857.082002 -857.103146 -857.122521 -857.142690 -857.189459 -857.484520 -859.394440 -863.788471 -871.143106 -868.145087 -1362.003624 -1353.782906 -1350.892044 -1350.420688 -1350.328988 -1350.312468 -1350.311998 -1350.314453 -1350.316962 -1350.318985 -1350.320521 -1350.321677 -1350.322556 -1350.323236 -1350.323773 -1350.324204 -1350.324559 -1350.324870 -1350.325167 -1350.325491 -1350.325891 -1350.326440 -1350.327247 -1350.328480 -1350.330412 -1350.333484 -1350.338438 -1350.346541 -1350.360041 -1350.383062 -1350.423424 -1350.496376 -1350.632133 -1350.890844 -1351.392014 -1352.374330 -1354.331923 -1358.374137 -1367.276561 -1389.835283 -9999.0 -9999.0
-9999.0 -9999.0 48.565604 -51.743334 -152.188643 -252.937484 -354.701458 -458.960042 -569.101316 -695.833044 -902.006646 -1074.451773 -1140.110632 -1186.830907 -1237.672247 -1293.241755 -1329.304254 -1343.776980 -1343.438331 -1336.977594 -1330.061979 -1325.210774 -1323.078951 -1323.440628 -1325.706404 -1329.171358 -1333.140504 -1337.033213 -1340.463290 -1343.254370 -1345.391694 -1346.953320 -1348.053080 -1348.804373 -1349.303222 -1349.625515 -1349.839070 -1350.026158 -1350.246559 -1350.732044 -1355.368244 -1378.136725 -886.466411 -881.221454 -868.746116 -861.105534 -857.537041 -857.047662 -857.000083 -857.012732 -857.035305 -857.059140 -857.082002 -857.103146 -857.122521 -857.142690 -857.189459 -857.484520 -859.394440 -863.788471 -871.143106 -868.145087 -1362.003624 -1353.782906 -1350.892044 -1350.420688 -1350.328988 -1350.312468 -1350.311998 -1350.314453 -1350.316962 -1350.318985 -1350.320521 -1350.321677 -1350.322556 -1350.323236 -1350.323773 -1350.324204 -1350.324559 -1350.324870 -1350.325167 -1350.325491 -1350.325891 -1350.326440 -1350.327247 -1350.328480 -1350.330412 -1350.333484 -1350.338438 -1350.346541 -1350.360041 -1350.383062 -1350.423424 -1350.496376 -1350.632133 -1350.890844 -1351.392014 -1352.374330 -1354.331923 -1358.374137 -1367.276561 -1389.835283 -9999.0 -9999.0
-9999.0 -9999.0 -9999.0 -9999.0 -9999.0 -9999.0 -9999.0 -9999.0 -9999.0 -9999.0 -9999.0 -9999.0 -9999.0 -9999.0 -9999.0 -9999.0 -9999.0 -9999.0 -9999.0 -9999.0 -9999.0 -9999.0 -9999.0 -9999.0 -9999.0 -9999.0 -9999.0 -9999.0 -9999.0 -9999.0 -9999.0 -9999.0 -9999.0 -9999.0 -9999.0 -9999.0 -9999.0 -9999.0 -9999.0 -9999.0 -9999.0 -9999.0 -9999.0 -9999.0 -9999.0 -9999.0 -9999.0 -9999.0 -9999.0 -9999.0 -9999.0 -9999.0 -9999.0 -9999.0 -9999.0 -9999.0 -9999.0 -9999.0 -9999.0 -9999.0 -9999.0 -9999.0 -9999.0 -9999.0 -9999.0 -9999.0 -9999.0 -9999.0 -9999.0 -9999.0 -9999.0 -9999.0 -9999.0 -9999.0 -9999.0 -9999.0 -9999.0 -9999.0 -9999.0 -9999.0 -9999.0 -9999.0 -9999.0 -9999.0 -9999.0 -9999.0 -9999.0 -9999.0 -9999.0 -9999.0 -9999.0 -9999.0 -9999.0 -9999.0 -9999.0 -9999.0 -9999.0 -9999.0 -9999.0 -9999.0 -9999.0 -9999.0 -9999.0 -9999.0
-9999.0 -9999.0 -9999.0 -9999.0 -9999.0 -9999.0 -9999.0 -9999.0 -9999.0 -9999.0 -9999.0 -9999.0 -9999.0 -9999.0 -9999.0 -9999.0 -9999.0 -9999.0 -9999.0 -9999.0 -9999.0 -9999.0 -9999.0 -9999.0 -9999.0 -9999.0 -9999.0 -9999.0 -9999.0 -9999.0 -9999.0 -9999.0 -9999.0 -9999.0 -9999.0 -9999.0 -9999.0 -9999.0 -9999.0 -9999.0 -9999.0 -9999.0 -9999.0 -9999.0 -9999.0 -9999.0 -9999.0 -9999.0 -9999.0 -9999.0 -9999.0 -9999.0 -9999.0 -9999.0 -9999.0 -9999.0 -9999.0 -9999.0 -9999.0 -9999.0 -9999.0 -9999.0 -9999.0 -9999.0 -9999.0 -9999.0 -9999.0 -9999.0 -9999.0 -9999.0 -9999.0 -9999.0 -9999.0 -9999.0 -9999.0 -9999.0 -9999.0 -9999.0 -9999.0 -9999.0 -9999.0 -9999.0 -9999.0 -9999.0 -9999.0 -9999.0 -9999.0 -9999.0 -9999.0 -9999.0 -9999.0 -9999.0 -9999.0 -9999.0 -9999.0 -9999.0 -9999.0 -9999.0 -9999.0 -9999.0 -9999.0 -9999.0 -9999.0 -9999.0