inst/processing_geotop_simulation/geotop_simulation/out/maps3D/PwL0006N0208.asc
ncols         104
nrows         10
xllcorner     -2.000000
yllcorner     0.000000
cellsize      1.000000
NODATA_value  -9999.0
-9999.0 -9999.0 -9999.0 -9999.0 -9999.0 -9999.0 -9999.0 -9999.0 -9999.0 -9999.0 -9999.0 -9999.0 -9999.0 -9999.0 -9999.0 -9999.0 -9999.0 -9999.0 -9999.0 -9999.0 -9999.0 -9999.0 -9999.0 -9999.0 -9999.0 -9999.0 -9999.0 -9999.0 -9999.0 -9999.0 -9999.0 -9999.0 -9999.0 -9999.0 -9999.0 -9999.0 -9999.0 -9999.0 -9999.0 -9999.0 -9999.0 -9999.0 -9999.0 -9999.0 -9999.0 -9999.0 -9999.0 -9999.0 -9999.0 -9999.0 -9999.0 -9999.0 -9999.0 -9999.0 -9999.0 -9999.0 -9999.0 -9999.0 -9999.0 -9999.0 -9999.0 -9999.0 -9999.0 -9999.0 -9999.0 -9999.0 -9999.0 -9999.0 -9999.0 -9999.0 -9999.0 -9999.0 -9999.0 -9999.0 -9999.0 -9999.0 -9999.0 -9999.0 -9999.0 -9999.0 -9999.0 -9999.0 -9999.0 -9999.0 -9999.0 -9999.0 -9999.0 -9999.0 -9999.0 -9999.0 -9999.0 -9999.0 -9999.0 -9999.0 -9999.0 -9999.0 -9999.0 -9999.0 -9999.0 -9999.0 -9999.0 -9999.0 -9999.0 -9999.0
-9999.0 -9999.0 -9999.0 -9999.0 -9999.0 -9999.0 -9999.0 -9999.0 -9999.0 -9999.0 -9999.0 -9999.0 -9999.0 -9999.0 -9999.0 -9999.0 -9999.0 -9999.0 -9999.0 -9999.0 -9999.0 -9999.0 -9999.0 -9999.0 -9999.0 -9999.0 -9999.0 -9999.0 -9999.0 -9999.0 -9999.0 -9999.0 -9999.0 -9999.0 -9999.0 -9999.0 -9999.0 -9999.0 -9999.0 -9999.0 -9999.0 -9999.0 -9999.0 -9999.0 -9999.0 -9999.0 -9999.0 -9999.0 -9999.0 -9999.0 -9999.0 -9999.0 -9999.0 -9999.0 -9999.0 -9999.0 -9999.0 -9999.0 -9999.0 -9999.0 -9999.0 -9999.0 -9999.0 -9999.0 -9999.0 -9999.0 -9999.0 -9999.0 -9999.0 -9999.0 -9999.0 -9999.0 -9999.0 -9999.0 -9999.0 -9999.0 -9999.0 -9999.0 -9999.0 -9999.0 -9999.0 -9999.0 -9999.0 -9999.0 -9999.0 -9999.0 -9999.0 -9999.0 -9999.0 -9999.0 -9999.0 -9999.0 -9999.0 -9999.0 -9999.0 -9999.0 -9999.0 -9999.0 -9999.0 -9999.0 -9999.0 -9999.0 -9999.0 -9999.0
-9999.0 -9999.0 278.972370 185.420359 89.177143 -7.974857 -105.476011 -203.120365 -300.787054 -398.388723 -495.806490 -592.751293 -688.646044 -784.196134 -879.358050 -974.541134 -1069.640105 -1161.938574 -1252.156082 -1338.073695 -1414.514774 -1477.424656 -1525.751582 -1560.991403 -1585.809088 -1602.929995 -1614.608784 -1622.519626 -1627.843534 -1631.399777 -1633.756144 -1635.305325 -1636.316997 -1636.974192 -1637.399726 -1637.676979 -1637.869582 -1638.056618 -1638.497927 -1640.492470 -1648.653726 -1654.381011 -1108.303977 -1136.515334 -1115.844097 -1102.835335 -1096.785808 -1095.937600 -1095.850254 -1095.860539 -1095.885039 -1095.911269 -1095.936458 -1095.959774 -1095.981344 -1096.005802 -1096.078127 -1096.571894 -1099.740277 -1106.887403 -1117.523779 -1075.649093 -1629.391703 -1643.175661 -1639.393903 -1638.453055 -1638.296238 -1638.272045 -1638.268921 -1638.269291 -1638.270131 -1638.270886 -1638.271478 -1638.271929 -1638.272274 -1638.272542 -1638.272754 -1638.272925 -1638.273068 -1638.273195 -1638.273320 -1638.273458 -1638.273633 -1638.273875 -1638.274234 -1638.274785 -1638.275653 -1638.277043 -1638.279302 -1638.283038 -1638.289356 -1638.300318 -1638.319903 -1638.355953 -1638.424153 -1638.556355 -1638.819153 -1639.359824 -1640.531755 -1643.265092 -1650.353969 -1672.539052 -9999.0 -9999.0
-9999.0 -9999.0 278.981339 185.422425 89.177683 -7.974698 -105.475960 -203.120348 -300.787048 -398.388721 -495.806489 -592.751292 -688.646044 -784.196134 -879.358050 -974.541134 -1069.640105 -1161.938574 -1252.156083 -1338.073695 -1414.514774 -1477.424656 -1525.751582 -1560.991403 -1585.809088 -1602.929995 -1614.608785 -1622.519626 -1627.843534 -1631.399777 -1633.756144 -1635.305325 -1636.316997 -1636.974192 -1637.399726 -1637.676979 -1637.869582 -1638.056618 -1638.497927 -1640.492470 -1648.653726 -1654.381011 -1108.303977 -1136.515334 -1115.844097 -1102.835335 -1096.785808 -1095.937600 -1095.850254 -1095.860539 -1095.885039 -1095.911269 -1095.936458 -1095.959774 -1095.981344 -1096.005802 -1096.078127 -1096.571894 -1099.740277 -1106.887403 -1117.523779 -1075.649093 -1629.391703 -1643.175661 -1639.393903 -1638.453055 -1638.296238 -1638.272045 -1638.268921 -1638.269291 -1638.270131 -1638.270886 -1638.271478 -1638.271929 -1638.272274 -1638.272542 -1638.272754 -1638.272925 -1638.273068 -1638.273195 -1638.273320 -1638.273458 -1638.273633 -1638.273875 -1638.274234 -1638.274785 -1638.275653 -1638.277043 -1638.279302 -1638.283038 -1638.289356 -1638.300318 -1638.319903 -1638.355953 -1638.424153 -1638.556355 -1638.819153 -1639.359824 -1640.531755 -1643.265092 -1650.353969 -1672.539052 -9999.0 -9999.0
-9999.0 -9999.0 278.982892 185.423287 89.178026 -7.974573 -105.475916 -203.120333 -300.787043 -398.388719 -495.806488 -592.751292 -688.646044 -784.196134 -879.358050 -974.541134 -1069.640105 -1161.938574 -1252.156083 -1338.073695 -1414.514775 -1477.424656 -1525.751583 -1560.991403 -1585.809088 -1602.929995 -1614.608785 -1622.519626 -1627.843534 -1631.399777 -1633.756144 -1635.305325 -1636.316997 -1636.974192 -1637.399726 -1637.676979 -1637.869582 -1638.056618 -1638.497927 -1640.492470 -1648.653726 -1654.381011 -1108.303977 -1136.515334 -1115.844097 -1102.835335 -1096.785808 -1095.937600 -1095.850254 -1095.860539 -1095.885039 -1095.911269 -1095.936458 -1095.959774 -1095.981344 -1096.005802 -1096.078127 -1096.571894 -1099.740277 -1106.887403 -1117.523779 -1075.649093 -1629.391703 -1643.175661 -1639.393903 -1638.453055 -1638.296238 -1638.272045 -1638.268921 -1638.269291 -1638.270131 -1638.270886 -1638.271478 -1638.271929 -1638.272274 -1638.272542 -1638.272754 -1638.272925 -1638.273068 -1638.273195 -1638.273320 -1638.273458 -1638.273633 -1638.273875 -1638.274234 -1638.274785 -1638.275653 -1638.277043 -1638.279302 -1638.283038 -1638.289356 -1638.300318 -1638.319903 -1638.355953 -1638.424153 -1638.556355 -1638.819153 -1639.359824 -1640.531755 -1643.265092 -1650.353969 -1672.539052 -9999.0 -9999.0
-9999.0 -9999.0 278.982892 185.423287 89.178026 -7.974573 -105.475916 -203.120333 -300.787043 -398.388719 -495.806488 -592.751292 -688.646044 -784.196134 -879.358050 -974.541134 -1069.640105 -1161.938574 -1252.156083 -1338.073695 -1414.514775 -1477.424656 -1525.751583 -1560.991403 -1585.809088 -1602.929995 -1614.608785 -1622.519626 -1627.843534 -1631.399777 -1633.756144 -1635.305325 -1636.316997 -1636.974192 -1637.399726 -1637.676979 -1637.869582 -1638.056618 -1638.497927 -1640.492470 -1648.653726 -1654.381011 -1108.303977 -1136.515334 -1115.844097 -1102.835335 -1096.785808 -1095.937600 -1095.850254 -1095.860539 -1095.885039 -1095.911269 -1095.936458 -1095.959774 -1095.981344 -1096.005802 -1096.078127 -1096.571894 -1099.740277 -1106.887403 -1117.523779 -1075.649093 -1629.391703 -1643.175661 -1639.393903 -1638.453055 -1638.296238 -1638.272045 -1638.268921 -1638.269291 -1638.270131 -1638.270886 -1638.271478 -1638.271929 -1638.272274 -1638.272542 -1638.272754 -1638.272925 -1638.273068 -1638.273195 -1638.273320 -1638.273458 -1638.273633 -1638.273875 -1638.274234 -1638.274785 -1638.275653 -1638.277043 -1638.279302 -1638.283038 -1638.289356 -1638.300318 -1638.319903 -1638.355953 -1638.424153 -1638.556355 -1638.819153 -1639.359824 -1640.531755 -1643.265092 -1650.353969 -1672.539052 -9999.0 -9999.0
-9999.0 -9999.0 278.981339 185.422425 89.177683 -7.974698 -105.475960 -203.120348 -300.787048 -398.388721 -495.806489 -592.751292 -688.646044 -784.196134 -879.358050 -974.541134 -1069.640105 -1161.938574 -1252.156083 -1338.073695 -1414.514774 -1477.424656 -1525.751582 -1560.991403 -1585.809088 -1602.929995 -1614.608785 -1622.519626 -1627.843534 -1631.399777 -1633.756144 -1635.305325 -1636.316997 -1636.974192 -1637.399726 -1637.676979 -1637.869582 -1638.056618 -1638.497927 -1640.492470 -1648.653726 -1654.381011 -1108.303977 -1136.515334 -1115.844097 -1102.835335 -1096.785808 -1095.937600 -1095.850254 -1095.860539 -1095.885039 -1095.911269 -1095.936458 -1095.959774 -1095.981344 -1096.005802 -1096.078127 -1096.571894 -1099.740277 -1106.887403 -1117.523779 -1075.649093 -1629.391703 -1643.175661 -1639.393903 -1638.453055 -1638.296238 -1638.272045 -1638.268921 -1638.269291 -1638.270131 -1638.270886 -1638.271478 -1638.271929 -1638.272274 -1638.272542 -1638.272754 -1638.272925 -1638.273068 -1638.273195 -1638.273320 -1638.273458 -1638.273633 -1638.273875 -1638.274234 -1638.274785 -1638.275653 -1638.277043 -1638.279302 -1638.283038 -1638.289356 -1638.300318 -1638.319903 -1638.355953 -1638.424153 -1638.556355 -1638.819153 -1639.359824 -1640.531755 -1643.265092 -1650.353969 -1672.539052 -9999.0 -9999.0
-9999.0 -9999.0 278.972370 185.420359 89.177143 -7.974857 -105.476011 -203.120365 -300.787054 -398.388723 -495.806490 -592.751293 -688.646044 -784.196134 -879.358050 -974.541134 -1069.640105 -1161.938574 -1252.156082 -1338.073695 -1414.514774 -1477.424656 -1525.751582 -1560.991403 -1585.809088 -1602.929995 -1614.608784 -1622.519626 -1627.843534 -1631.399777 -1633.756144 -1635.305325 -1636.316997 -1636.974192 -1637.399726 -1637.676979 -1637.869582 -1638.056618 -1638.497927 -1640.492470 -1648.653726 -1654.381011 -1108.303977 -1136.515334 -1115.844097 -1102.835335 -1096.785808 -1095.937600 -1095.850254 -1095.860539 -1095.885039 -1095.911269 -1095.936458 -1095.959774 -1095.981344 -1096.005802 -1096.078127 -1096.571894 -1099.740277 -1106.887403 -1117.523779 -1075.649093 -1629.391703 -1643.175661 -1639.393903 -1638.453055 -1638.296238 -1638.272045 -1638.268921 -1638.269291 -1638.270131 -1638.270886 -1638.271478 -1638.271929 -1638.272274 -1638.272542 -1638.272754 -1638.272925 -1638.273068 -1638.273195 -1638.273320 -1638.273458 -1638.273633 -1638.273875 -1638.274234 -1638.274785 -1638.275653 -1638.277043 -1638.279302 -1638.283038 -1638.289356 -1638.300318 -1638.319903 -1638.355953 -1638.424153 -1638.556355 -1638.819153 -1639.359824 -1640.531755 -1643.265092 -1650.353969 -1672.539052 -9999.0 -9999.0
-9999.0 -9999.0 -9999.0 -9999.0 -9999.0 -9999.0 -9999.0 -9999.0 -9999.0 -9999.0 -9999.0 -9999.0 -9999.0 -9999.0 -9999.0 -9999.0 -9999.0 -9999.0 -9999.0 -9999.0 -9999.0 -9999.0 -9999.0 -9999.0 -9999.0 -9999.0 -9999.0 -9999.0 -9999.0 -9999.0 -9999.0 -9999.0 -9999.0 -9999.0 -9999.0 -9999.0 -9999.0 -9999.0 -9999.0 -9999.0 -9999.0 -9999.0 -9999.0 -9999.0 -9999.0 -9999.0 -9999.0 -9999.0 -9999.0 -9999.0 -9999.0 -9999.0 -9999.0 -9999.0 -9999.0 -9999.0 -9999.0 -9999.0 -9999.0 -9999.0 -9999.0 -9999.0 -9999.0 -9999.0 -9999.0 -9999.0 -9999.0 -9999.0 -9999.0 -9999.0 -9999.0 -9999.0 -9999.0 -9999.0 -9999.0 -9999.0 -9999.0 -9999.0 -9999.0 -9999.0 -9999.0 -9999.0 -9999.0 -9999.0 -9999.0 -9999.0 -9999.0 -9999.0 -9999.0 -9999.0 -9999.0 -9999.0 -9999.0 -9999.0 -9999.0 -9999.0 -9999.0 -9999.0 -9999.0 -9999.0 -9999.0 -9999.0 -9999.0 -9999.0
-9999.0 -9999.0 -9999.0 -9999.0 -9999.0 -9999.0 -9999.0 -9999.0 -9999.0 -9999.0 -9999.0 -9999.0 -9999.0 -9999.0 -9999.0 -9999.0 -9999.0 -9999.0 -9999.0 -9999.0 -9999.0 -9999.0 -9999.0 -9999.0 -9999.0 -9999.0 -9999.0 -9999.0 -9999.0 -9999.0 -9999.0 -9999.0 -9999.0 -9999.0 -9999.0 -9999.0 -9999.0 -9999.0 -9999.0 -9999.0 -9999.0 -9999.0 -9999.0 -9999.0 -9999.0 -9999.0 -9999.0 -9999.0 -9999.0 -9999.0 -9999.0 -9999.0 -9999.0 -9999.0 -9999.0 -9999.0 -9999.0 -9999.0 -9999.0 -9999.0 -9999.0 -9999.0 -9999.0 -9999.0 -9999.0 -9999.0 -9999.0 -9999.0 -9999.0 -9999.0 -9999.0 -9999.0 -9999.0 -9999.0 -9999.0 -9999.0 -9999.0 -9999.0 -9999.0 -9999.0 -9999.0 -9999.0 -9999.0 -9999.0 -9999.0 -9999.0 -9999.0 -9999.0 -9999.0 -9999.0 -9999.0 -9999.0 -9999.0 -9999.0 -9999.0 -9999.0 -9999.0 -9999.0 -9999.0 -9999.0 -9999.0 -9999.0 -9999.0 -9999.0