inst/processing_geotop_simulation/geotop_simulation/out/maps3D/PwL0021N0401.asc
ncols         104
nrows         10
xllcorner     -2.000000
yllcorner     0.000000
cellsize      1.000000
NODATA_value  -9999.0
-9999.0 -9999.0 -9999.0 -9999.0 -9999.0 -9999.0 -9999.0 -9999.0 -9999.0 -9999.0 -9999.0 -9999.0 -9999.0 -9999.0 -9999.0 -9999.0 -9999.0 -9999.0 -9999.0 -9999.0 -9999.0 -9999.0 -9999.0 -9999.0 -9999.0 -9999.0 -9999.0 -9999.0 -9999.0 -9999.0 -9999.0 -9999.0 -9999.0 -9999.0 -9999.0 -9999.0 -9999.0 -9999.0 -9999.0 -9999.0 -9999.0 -9999.0 -9999.0 -9999.0 -9999.0 -9999.0 -9999.0 -9999.0 -9999.0 -9999.0 -9999.0 -9999.0 -9999.0 -9999.0 -9999.0 -9999.0 -9999.0 -9999.0 -9999.0 -9999.0 -9999.0 -9999.0 -9999.0 -9999.0 -9999.0 -9999.0 -9999.0 -9999.0 -9999.0 -9999.0 -9999.0 -9999.0 -9999.0 -9999.0 -9999.0 -9999.0 -9999.0 -9999.0 -9999.0 -9999.0 -9999.0 -9999.0 -9999.0 -9999.0 -9999.0 -9999.0 -9999.0 -9999.0 -9999.0 -9999.0 -9999.0 -9999.0 -9999.0 -9999.0 -9999.0 -9999.0 -9999.0 -9999.0 -9999.0 -9999.0 -9999.0 -9999.0 -9999.0 -9999.0
-9999.0 -9999.0 -9999.0 -9999.0 -9999.0 -9999.0 -9999.0 -9999.0 -9999.0 -9999.0 -9999.0 -9999.0 -9999.0 -9999.0 -9999.0 -9999.0 -9999.0 -9999.0 -9999.0 -9999.0 -9999.0 -9999.0 -9999.0 -9999.0 -9999.0 -9999.0 -9999.0 -9999.0 -9999.0 -9999.0 -9999.0 -9999.0 -9999.0 -9999.0 -9999.0 -9999.0 -9999.0 -9999.0 -9999.0 -9999.0 -9999.0 -9999.0 -9999.0 -9999.0 -9999.0 -9999.0 -9999.0 -9999.0 -9999.0 -9999.0 -9999.0 -9999.0 -9999.0 -9999.0 -9999.0 -9999.0 -9999.0 -9999.0 -9999.0 -9999.0 -9999.0 -9999.0 -9999.0 -9999.0 -9999.0 -9999.0 -9999.0 -9999.0 -9999.0 -9999.0 -9999.0 -9999.0 -9999.0 -9999.0 -9999.0 -9999.0 -9999.0 -9999.0 -9999.0 -9999.0 -9999.0 -9999.0 -9999.0 -9999.0 -9999.0 -9999.0 -9999.0 -9999.0 -9999.0 -9999.0 -9999.0 -9999.0 -9999.0 -9999.0 -9999.0 -9999.0 -9999.0 -9999.0 -9999.0 -9999.0 -9999.0 -9999.0 -9999.0 -9999.0
-9999.0 -9999.0 1018.246092 919.179322 820.068637 720.848836 621.566351 522.255684 422.936575 323.620007 224.312182 125.016713 25.736285 -73.524306 -172.765080 -271.976372 -371.136254 -470.202529 -569.096111 -667.672052 -766.018555 -864.275173 -962.072053 -1059.186267 -1152.828794 -1239.193936 -1317.865431 -1387.142445 -1445.982953 -1494.188606 -1532.364761 -1561.697813 -1583.662290 -1599.763249 -1611.366890 -1619.623363 -1625.467988 -1629.717842 -1633.393755 -1638.559968 -1649.675070 -1676.509837 -1711.462767 -2813.019181 -3897.929589 -3892.677498 -3529.966461 -3033.893816 -2738.581526 -2552.685076 -2418.577254 -2304.677605 -2234.665125 -2189.143071 -2146.684407 -2101.931699 -2053.168847 -2000.888038 -1946.763658 -1891.885850 -1822.873935 -1493.323704 -1632.303253 -1641.868510 -1639.988092 -1638.875827 -1638.576344 -1638.515148 -1638.504658 -1638.503455 -1638.503787 -1638.504300 -1638.504773 -1638.505183 -1638.505543 -1638.505864 -1638.506160 -1638.506439 -1638.506708 -1638.506975 -1638.507248 -1638.507537 -1638.507857 -1638.508227 -1638.508678 -1638.509259 -1638.510050 -1638.511182 -1638.512887 -1638.515575 -1638.520011 -1638.527654 -1638.541380 -1638.567013 -1638.616742 -1638.717288 -1638.930836 -1639.411888 -1640.569246 -1643.563054 -1652.003718 -1678.503903 -9999.0 -9999.0
-9999.0 -9999.0 1018.248605 919.180319 820.068972 720.848948 621.566389 522.255698 422.936580 323.620009 224.312183 125.016714 25.736285 -73.524307 -172.765080 -271.976373 -371.136255 -470.202529 -569.096112 -667.672052 -766.018555 -864.275173 -962.072053 -1059.186267 -1152.828794 -1239.193936 -1317.865431 -1387.142445 -1445.982954 -1494.188606 -1532.364761 -1561.697813 -1583.662290 -1599.763249 -1611.366890 -1619.623363 -1625.467988 -1629.717842 -1633.393755 -1638.559968 -1649.675070 -1676.509837 -1711.462767 -2813.019180 -3897.929589 -3892.677498 -3529.966461 -3033.893815 -2738.581526 -2552.685075 -2418.577252 -2304.677604 -2234.665125 -2189.143071 -2146.684407 -2101.931699 -2053.168847 -2000.888038 -1946.763658 -1891.885850 -1822.873935 -1493.323704 -1632.303253 -1641.868510 -1639.988092 -1638.875827 -1638.576344 -1638.515148 -1638.504658 -1638.503455 -1638.503787 -1638.504300 -1638.504773 -1638.505183 -1638.505543 -1638.505864 -1638.506160 -1638.506439 -1638.506708 -1638.506975 -1638.507248 -1638.507537 -1638.507857 -1638.508227 -1638.508678 -1638.509259 -1638.510050 -1638.511182 -1638.512887 -1638.515575 -1638.520011 -1638.527654 -1638.541380 -1638.567013 -1638.616742 -1638.717288 -1638.930836 -1639.411888 -1640.569246 -1643.563054 -1652.003718 -1678.503903 -9999.0 -9999.0
-9999.0 -9999.0 1018.249620 919.180870 820.069207 720.849039 621.566423 522.255710 422.936585 323.620011 224.312183 125.016714 25.736285 -73.524307 -172.765080 -271.976373 -371.136255 -470.202529 -569.096112 -667.672052 -766.018555 -864.275174 -962.072053 -1059.186267 -1152.828794 -1239.193936 -1317.865431 -1387.142445 -1445.982954 -1494.188607 -1532.364761 -1561.697813 -1583.662290 -1599.763249 -1611.366890 -1619.623363 -1625.467988 -1629.717842 -1633.393755 -1638.559968 -1649.675070 -1676.509837 -1711.462767 -2813.019180 -3897.929589 -3892.677498 -3529.966461 -3033.893815 -2738.581526 -2552.685074 -2418.577251 -2304.677604 -2234.665125 -2189.143071 -2146.684407 -2101.931699 -2053.168847 -2000.888038 -1946.763658 -1891.885850 -1822.873935 -1493.323703 -1632.303253 -1641.868510 -1639.988092 -1638.875827 -1638.576344 -1638.515148 -1638.504658 -1638.503455 -1638.503787 -1638.504300 -1638.504773 -1638.505183 -1638.505543 -1638.505864 -1638.506160 -1638.506439 -1638.506708 -1638.506975 -1638.507248 -1638.507537 -1638.507857 -1638.508227 -1638.508678 -1638.509259 -1638.510050 -1638.511182 -1638.512887 -1638.515575 -1638.520011 -1638.527654 -1638.541380 -1638.567013 -1638.616742 -1638.717288 -1638.930836 -1639.411888 -1640.569246 -1643.563054 -1652.003718 -1678.503903 -9999.0 -9999.0
-9999.0 -9999.0 1018.249620 919.180870 820.069207 720.849039 621.566423 522.255710 422.936585 323.620010 224.312183 125.016714 25.736285 -73.524307 -172.765080 -271.976373 -371.136255 -470.202529 -569.096112 -667.672053 -766.018555 -864.275174 -962.072053 -1059.186267 -1152.828794 -1239.193936 -1317.865431 -1387.142445 -1445.982954 -1494.188607 -1532.364761 -1561.697813 -1583.662290 -1599.763249 -1611.366890 -1619.623363 -1625.467988 -1629.717842 -1633.393755 -1638.559968 -1649.675070 -1676.509837 -1711.462767 -2813.019180 -3897.929589 -3892.677498 -3529.966461 -3033.893815 -2738.581526 -2552.685075 -2418.577251 -2304.677604 -2234.665125 -2189.143071 -2146.684407 -2101.931699 -2053.168847 -2000.888038 -1946.763658 -1891.885850 -1822.873935 -1493.323704 -1632.303253 -1641.868510 -1639.988092 -1638.875827 -1638.576344 -1638.515148 -1638.504658 -1638.503455 -1638.503787 -1638.504300 -1638.504773 -1638.505183 -1638.505543 -1638.505864 -1638.506160 -1638.506439 -1638.506708 -1638.506975 -1638.507248 -1638.507537 -1638.507857 -1638.508227 -1638.508678 -1638.509259 -1638.510050 -1638.511182 -1638.512887 -1638.515575 -1638.520011 -1638.527654 -1638.541380 -1638.567013 -1638.616742 -1638.717288 -1638.930836 -1639.411888 -1640.569246 -1643.563054 -1652.003718 -1678.503903 -9999.0 -9999.0
-9999.0 -9999.0 1018.248605 919.180319 820.068972 720.848948 621.566389 522.255698 422.936580 323.620009 224.312182 125.016714 25.736285 -73.524306 -172.765080 -271.976372 -371.136255 -470.202529 -569.096112 -667.672052 -766.018555 -864.275173 -962.072053 -1059.186267 -1152.828794 -1239.193936 -1317.865431 -1387.142445 -1445.982954 -1494.188606 -1532.364761 -1561.697813 -1583.662290 -1599.763249 -1611.366890 -1619.623363 -1625.467988 -1629.717842 -1633.393755 -1638.559968 -1649.675070 -1676.509837 -1711.462767 -2813.019180 -3897.929589 -3892.677498 -3529.966461 -3033.893815 -2738.581526 -2552.685075 -2418.577252 -2304.677604 -2234.665125 -2189.143071 -2146.684407 -2101.931699 -2053.168847 -2000.888038 -1946.763658 -1891.885850 -1822.873935 -1493.323704 -1632.303253 -1641.868510 -1639.988092 -1638.875827 -1638.576344 -1638.515148 -1638.504658 -1638.503455 -1638.503787 -1638.504300 -1638.504773 -1638.505183 -1638.505543 -1638.505864 -1638.506160 -1638.506439 -1638.506708 -1638.506975 -1638.507248 -1638.507537 -1638.507857 -1638.508227 -1638.508678 -1638.509259 -1638.510050 -1638.511182 -1638.512887 -1638.515575 -1638.520011 -1638.527654 -1638.541380 -1638.567013 -1638.616742 -1638.717288 -1638.930836 -1639.411888 -1640.569246 -1643.563054 -1652.003718 -1678.503903 -9999.0 -9999.0
-9999.0 -9999.0 1018.246092 919.179323 820.068637 720.848836 621.566351 522.255684 422.936575 323.620007 224.312182 125.016713 25.736285 -73.524306 -172.765080 -271.976372 -371.136254 -470.202529 -569.096111 -667.672052 -766.018555 -864.275173 -962.072053 -1059.186267 -1152.828794 -1239.193936 -1317.865431 -1387.142445 -1445.982953 -1494.188606 -1532.364761 -1561.697813 -1583.662290 -1599.763249 -1611.366890 -1619.623363 -1625.467988 -1629.717842 -1633.393755 -1638.559968 -1649.675070 -1676.509837 -1711.462767 -2813.019181 -3897.929589 -3892.677498 -3529.966462 -3033.893816 -2738.581526 -2552.685077 -2418.577254 -2304.677605 -2234.665125 -2189.143071 -2146.684407 -2101.931699 -2053.168847 -2000.888038 -1946.763658 -1891.885850 -1822.873935 -1493.323704 -1632.303253 -1641.868510 -1639.988092 -1638.875827 -1638.576344 -1638.515148 -1638.504658 -1638.503455 -1638.503787 -1638.504300 -1638.504773 -1638.505183 -1638.505543 -1638.505864 -1638.506160 -1638.506439 -1638.506708 -1638.506975 -1638.507248 -1638.507537 -1638.507857 -1638.508227 -1638.508678 -1638.509259 -1638.510050 -1638.511182 -1638.512887 -1638.515575 -1638.520011 -1638.527654 -1638.541380 -1638.567013 -1638.616742 -1638.717288 -1638.930836 -1639.411888 -1640.569246 -1643.563054 -1652.003718 -1678.503903 -9999.0 -9999.0
-9999.0 -9999.0 -9999.0 -9999.0 -9999.0 -9999.0 -9999.0 -9999.0 -9999.0 -9999.0 -9999.0 -9999.0 -9999.0 -9999.0 -9999.0 -9999.0 -9999.0 -9999.0 -9999.0 -9999.0 -9999.0 -9999.0 -9999.0 -9999.0 -9999.0 -9999.0 -9999.0 -9999.0 -9999.0 -9999.0 -9999.0 -9999.0 -9999.0 -9999.0 -9999.0 -9999.0 -9999.0 -9999.0 -9999.0 -9999.0 -9999.0 -9999.0 -9999.0 -9999.0 -9999.0 -9999.0 -9999.0 -9999.0 -9999.0 -9999.0 -9999.0 -9999.0 -9999.0 -9999.0 -9999.0 -9999.0 -9999.0 -9999.0 -9999.0 -9999.0 -9999.0 -9999.0 -9999.0 -9999.0 -9999.0 -9999.0 -9999.0 -9999.0 -9999.0 -9999.0 -9999.0 -9999.0 -9999.0 -9999.0 -9999.0 -9999.0 -9999.0 -9999.0 -9999.0 -9999.0 -9999.0 -9999.0 -9999.0 -9999.0 -9999.0 -9999.0 -9999.0 -9999.0 -9999.0 -9999.0 -9999.0 -9999.0 -9999.0 -9999.0 -9999.0 -9999.0 -9999.0 -9999.0 -9999.0 -9999.0 -9999.0 -9999.0 -9999.0 -9999.0
-9999.0 -9999.0 -9999.0 -9999.0 -9999.0 -9999.0 -9999.0 -9999.0 -9999.0 -9999.0 -9999.0 -9999.0 -9999.0 -9999.0 -9999.0 -9999.0 -9999.0 -9999.0 -9999.0 -9999.0 -9999.0 -9999.0 -9999.0 -9999.0 -9999.0 -9999.0 -9999.0 -9999.0 -9999.0 -9999.0 -9999.0 -9999.0 -9999.0 -9999.0 -9999.0 -9999.0 -9999.0 -9999.0 -9999.0 -9999.0 -9999.0 -9999.0 -9999.0 -9999.0 -9999.0 -9999.0 -9999.0 -9999.0 -9999.0 -9999.0 -9999.0 -9999.0 -9999.0 -9999.0 -9999.0 -9999.0 -9999.0 -9999.0 -9999.0 -9999.0 -9999.0 -9999.0 -9999.0 -9999.0 -9999.0 -9999.0 -9999.0 -9999.0 -9999.0 -9999.0 -9999.0 -9999.0 -9999.0 -9999.0 -9999.0 -9999.0 -9999.0 -9999.0 -9999.0 -9999.0 -9999.0 -9999.0 -9999.0 -9999.0 -9999.0 -9999.0 -9999.0 -9999.0 -9999.0 -9999.0 -9999.0 -9999.0 -9999.0 -9999.0 -9999.0 -9999.0 -9999.0 -9999.0 -9999.0 -9999.0 -9999.0 -9999.0 -9999.0 -9999.0