inst/processing_geotop_simulation/geotop_simulation/out/maps3D/PwL0014N0270.asc
ncols         104
nrows         10
xllcorner     -2.000000
yllcorner     0.000000
cellsize      1.000000
NODATA_value  -9999.0
-9999.0 -9999.0 -9999.0 -9999.0 -9999.0 -9999.0 -9999.0 -9999.0 -9999.0 -9999.0 -9999.0 -9999.0 -9999.0 -9999.0 -9999.0 -9999.0 -9999.0 -9999.0 -9999.0 -9999.0 -9999.0 -9999.0 -9999.0 -9999.0 -9999.0 -9999.0 -9999.0 -9999.0 -9999.0 -9999.0 -9999.0 -9999.0 -9999.0 -9999.0 -9999.0 -9999.0 -9999.0 -9999.0 -9999.0 -9999.0 -9999.0 -9999.0 -9999.0 -9999.0 -9999.0 -9999.0 -9999.0 -9999.0 -9999.0 -9999.0 -9999.0 -9999.0 -9999.0 -9999.0 -9999.0 -9999.0 -9999.0 -9999.0 -9999.0 -9999.0 -9999.0 -9999.0 -9999.0 -9999.0 -9999.0 -9999.0 -9999.0 -9999.0 -9999.0 -9999.0 -9999.0 -9999.0 -9999.0 -9999.0 -9999.0 -9999.0 -9999.0 -9999.0 -9999.0 -9999.0 -9999.0 -9999.0 -9999.0 -9999.0 -9999.0 -9999.0 -9999.0 -9999.0 -9999.0 -9999.0 -9999.0 -9999.0 -9999.0 -9999.0 -9999.0 -9999.0 -9999.0 -9999.0 -9999.0 -9999.0 -9999.0 -9999.0 -9999.0 -9999.0
-9999.0 -9999.0 -9999.0 -9999.0 -9999.0 -9999.0 -9999.0 -9999.0 -9999.0 -9999.0 -9999.0 -9999.0 -9999.0 -9999.0 -9999.0 -9999.0 -9999.0 -9999.0 -9999.0 -9999.0 -9999.0 -9999.0 -9999.0 -9999.0 -9999.0 -9999.0 -9999.0 -9999.0 -9999.0 -9999.0 -9999.0 -9999.0 -9999.0 -9999.0 -9999.0 -9999.0 -9999.0 -9999.0 -9999.0 -9999.0 -9999.0 -9999.0 -9999.0 -9999.0 -9999.0 -9999.0 -9999.0 -9999.0 -9999.0 -9999.0 -9999.0 -9999.0 -9999.0 -9999.0 -9999.0 -9999.0 -9999.0 -9999.0 -9999.0 -9999.0 -9999.0 -9999.0 -9999.0 -9999.0 -9999.0 -9999.0 -9999.0 -9999.0 -9999.0 -9999.0 -9999.0 -9999.0 -9999.0 -9999.0 -9999.0 -9999.0 -9999.0 -9999.0 -9999.0 -9999.0 -9999.0 -9999.0 -9999.0 -9999.0 -9999.0 -9999.0 -9999.0 -9999.0 -9999.0 -9999.0 -9999.0 -9999.0 -9999.0 -9999.0 -9999.0 -9999.0 -9999.0 -9999.0 -9999.0 -9999.0 -9999.0 -9999.0 -9999.0 -9999.0
-9999.0 -9999.0 674.080208 576.695777 478.744522 380.412750 281.903514 183.318153 84.707266 -13.899643 -112.484362 -211.036885 -309.520636 -407.859390 -505.915249 -603.491279 -700.243445 -797.354589 -894.075531 -990.310886 -1085.859626 -1174.585690 -1256.140122 -1327.971600 -1388.467869 -1437.272526 -1475.151003 -1503.588080 -1524.352162 -1539.171611 -1549.554939 -1556.724048 -1561.617635 -1564.929202 -1567.156675 -1568.652244 -1569.672262 -1570.456724 -1571.495683 -1574.543312 -1585.421197 -1621.313322 -1955.708457 -4227.630819 -4273.700283 -4261.095591 -4249.782921 -4247.951509 -4247.762036 -4247.782028 -4247.831642 -4247.884676 -4247.935498 -4247.982453 -4248.025798 -4248.074672 -4248.219585 -4249.237198 -4255.728172 -4266.062045 -4181.707502 -1765.351119 -1584.651768 -1577.751604 -1573.229562 -1572.025361 -1571.797236 -1571.759887 -1571.754524 -1571.754325 -1571.754886 -1571.755454 -1571.755914 -1571.756271 -1571.756549 -1571.756767 -1571.756942 -1571.757086 -1571.757209 -1571.757321 -1571.757431 -1571.757553 -1571.757704 -1571.757911 -1571.758211 -1571.758668 -1571.759381 -1571.760518 -1571.762367 -1571.765436 -1571.770654 -1571.779775 -1571.796212 -1571.826742 -1571.885115 -1572.000046 -1572.234443 -1572.735991 -1573.878698 -1576.686394 -1584.300873 -1608.345258 -9999.0 -9999.0
-9999.0 -9999.0 674.084842 576.697275 478.744969 380.412890 281.903559 183.318168 84.707271 -13.899640 -112.484361 -211.036884 -309.520636 -407.859390 -505.915249 -603.491279 -700.243445 -797.354589 -894.075531 -990.310886 -1085.859627 -1174.585690 -1256.140122 -1327.971600 -1388.467869 -1437.272526 -1475.151003 -1503.588080 -1524.352162 -1539.171611 -1549.554939 -1556.724048 -1561.617635 -1564.929202 -1567.156675 -1568.652244 -1569.672262 -1570.456724 -1571.495683 -1574.543312 -1585.421197 -1621.313322 -1955.708456 -4227.630819 -4273.700283 -4261.095590 -4249.782921 -4247.951509 -4247.762036 -4247.782028 -4247.831642 -4247.884676 -4247.935498 -4247.982453 -4248.025798 -4248.074672 -4248.219585 -4249.237198 -4255.728172 -4266.062045 -4181.707502 -1765.351120 -1584.651768 -1577.751604 -1573.229562 -1572.025361 -1571.797236 -1571.759887 -1571.754524 -1571.754325 -1571.754886 -1571.755454 -1571.755914 -1571.756271 -1571.756549 -1571.756767 -1571.756942 -1571.757086 -1571.757209 -1571.757321 -1571.757431 -1571.757553 -1571.757704 -1571.757911 -1571.758211 -1571.758668 -1571.759381 -1571.760518 -1571.762367 -1571.765436 -1571.770654 -1571.779775 -1571.796212 -1571.826742 -1571.885115 -1572.000046 -1572.234443 -1572.735991 -1573.878698 -1576.686394 -1584.300873 -1608.345258 -9999.0 -9999.0
-9999.0 -9999.0 674.086230 576.698001 478.745266 380.413001 281.903600 183.318183 84.707277 -13.899638 -112.484360 -211.036884 -309.520635 -407.859390 -505.915249 -603.491279 -700.243445 -797.354589 -894.075531 -990.310886 -1085.859627 -1174.585690 -1256.140122 -1327.971600 -1388.467869 -1437.272527 -1475.151003 -1503.588080 -1524.352162 -1539.171611 -1549.554939 -1556.724048 -1561.617635 -1564.929203 -1567.156675 -1568.652244 -1569.672262 -1570.456724 -1571.495683 -1574.543312 -1585.421197 -1621.313322 -1955.708456 -4227.630819 -4273.700283 -4261.095590 -4249.782921 -4247.951509 -4247.762036 -4247.782028 -4247.831642 -4247.884676 -4247.935498 -4247.982453 -4248.025798 -4248.074672 -4248.219585 -4249.237198 -4255.728172 -4266.062045 -4181.707502 -1765.351120 -1584.651768 -1577.751604 -1573.229562 -1572.025361 -1571.797236 -1571.759887 -1571.754524 -1571.754325 -1571.754886 -1571.755454 -1571.755914 -1571.756271 -1571.756549 -1571.756767 -1571.756942 -1571.757086 -1571.757209 -1571.757321 -1571.757431 -1571.757553 -1571.757704 -1571.757911 -1571.758211 -1571.758668 -1571.759381 -1571.760518 -1571.762367 -1571.765436 -1571.770654 -1571.779775 -1571.796212 -1571.826742 -1571.885115 -1572.000046 -1572.234443 -1572.735991 -1573.878698 -1576.686394 -1584.300873 -1608.345258 -9999.0 -9999.0
-9999.0 -9999.0 674.086230 576.698001 478.745266 380.413001 281.903600 183.318183 84.707277 -13.899638 -112.484360 -211.036884 -309.520635 -407.859390 -505.915249 -603.491279 -700.243445 -797.354589 -894.075531 -990.310886 -1085.859627 -1174.585690 -1256.140122 -1327.971600 -1388.467869 -1437.272527 -1475.151003 -1503.588080 -1524.352162 -1539.171611 -1549.554939 -1556.724048 -1561.617635 -1564.929203 -1567.156675 -1568.652244 -1569.672262 -1570.456724 -1571.495683 -1574.543312 -1585.421197 -1621.313322 -1955.708456 -4227.630819 -4273.700283 -4261.095590 -4249.782921 -4247.951509 -4247.762036 -4247.782028 -4247.831642 -4247.884676 -4247.935498 -4247.982453 -4248.025798 -4248.074672 -4248.219585 -4249.237198 -4255.728172 -4266.062045 -4181.707502 -1765.351120 -1584.651768 -1577.751604 -1573.229562 -1572.025361 -1571.797236 -1571.759887 -1571.754524 -1571.754325 -1571.754886 -1571.755454 -1571.755914 -1571.756271 -1571.756549 -1571.756767 -1571.756942 -1571.757086 -1571.757209 -1571.757321 -1571.757431 -1571.757553 -1571.757704 -1571.757911 -1571.758211 -1571.758668 -1571.759381 -1571.760518 -1571.762367 -1571.765436 -1571.770654 -1571.779775 -1571.796212 -1571.826742 -1571.885115 -1572.000046 -1572.234443 -1572.735991 -1573.878698 -1576.686394 -1584.300873 -1608.345258 -9999.0 -9999.0
-9999.0 -9999.0 674.084842 576.697275 478.744969 380.412889 281.903559 183.318168 84.707272 -13.899640 -112.484361 -211.036884 -309.520636 -407.859390 -505.915249 -603.491279 -700.243445 -797.354589 -894.075531 -990.310886 -1085.859627 -1174.585690 -1256.140122 -1327.971600 -1388.467869 -1437.272526 -1475.151003 -1503.588080 -1524.352162 -1539.171611 -1549.554939 -1556.724048 -1561.617635 -1564.929202 -1567.156675 -1568.652244 -1569.672262 -1570.456724 -1571.495683 -1574.543312 -1585.421197 -1621.313322 -1955.708456 -4227.630819 -4273.700283 -4261.095590 -4249.782921 -4247.951509 -4247.762036 -4247.782028 -4247.831642 -4247.884676 -4247.935498 -4247.982453 -4248.025798 -4248.074672 -4248.219585 -4249.237198 -4255.728172 -4266.062045 -4181.707502 -1765.351120 -1584.651768 -1577.751604 -1573.229562 -1572.025361 -1571.797236 -1571.759887 -1571.754524 -1571.754325 -1571.754886 -1571.755454 -1571.755914 -1571.756271 -1571.756549 -1571.756767 -1571.756942 -1571.757086 -1571.757209 -1571.757321 -1571.757431 -1571.757553 -1571.757704 -1571.757911 -1571.758211 -1571.758668 -1571.759381 -1571.760518 -1571.762367 -1571.765436 -1571.770654 -1571.779775 -1571.796212 -1571.826742 -1571.885115 -1572.000046 -1572.234443 -1572.735991 -1573.878698 -1576.686394 -1584.300873 -1608.345258 -9999.0 -9999.0
-9999.0 -9999.0 674.080208 576.695777 478.744522 380.412750 281.903514 183.318153 84.707266 -13.899643 -112.484362 -211.036885 -309.520636 -407.859390 -505.915249 -603.491279 -700.243445 -797.354589 -894.075531 -990.310886 -1085.859626 -1174.585690 -1256.140122 -1327.971600 -1388.467869 -1437.272526 -1475.151003 -1503.588080 -1524.352162 -1539.171611 -1549.554939 -1556.724048 -1561.617635 -1564.929202 -1567.156675 -1568.652244 -1569.672262 -1570.456724 -1571.495683 -1574.543312 -1585.421197 -1621.313322 -1955.708457 -4227.630819 -4273.700283 -4261.095591 -4249.782921 -4247.951509 -4247.762036 -4247.782028 -4247.831642 -4247.884676 -4247.935498 -4247.982453 -4248.025798 -4248.074672 -4248.219585 -4249.237198 -4255.728172 -4266.062045 -4181.707502 -1765.351119 -1584.651768 -1577.751604 -1573.229562 -1572.025361 -1571.797236 -1571.759887 -1571.754524 -1571.754325 -1571.754886 -1571.755454 -1571.755914 -1571.756271 -1571.756549 -1571.756767 -1571.756942 -1571.757086 -1571.757209 -1571.757321 -1571.757431 -1571.757553 -1571.757704 -1571.757911 -1571.758211 -1571.758668 -1571.759381 -1571.760518 -1571.762367 -1571.765436 -1571.770654 -1571.779775 -1571.796212 -1571.826742 -1571.885115 -1572.000046 -1572.234443 -1572.735991 -1573.878698 -1576.686394 -1584.300873 -1608.345258 -9999.0 -9999.0
-9999.0 -9999.0 -9999.0 -9999.0 -9999.0 -9999.0 -9999.0 -9999.0 -9999.0 -9999.0 -9999.0 -9999.0 -9999.0 -9999.0 -9999.0 -9999.0 -9999.0 -9999.0 -9999.0 -9999.0 -9999.0 -9999.0 -9999.0 -9999.0 -9999.0 -9999.0 -9999.0 -9999.0 -9999.0 -9999.0 -9999.0 -9999.0 -9999.0 -9999.0 -9999.0 -9999.0 -9999.0 -9999.0 -9999.0 -9999.0 -9999.0 -9999.0 -9999.0 -9999.0 -9999.0 -9999.0 -9999.0 -9999.0 -9999.0 -9999.0 -9999.0 -9999.0 -9999.0 -9999.0 -9999.0 -9999.0 -9999.0 -9999.0 -9999.0 -9999.0 -9999.0 -9999.0 -9999.0 -9999.0 -9999.0 -9999.0 -9999.0 -9999.0 -9999.0 -9999.0 -9999.0 -9999.0 -9999.0 -9999.0 -9999.0 -9999.0 -9999.0 -9999.0 -9999.0 -9999.0 -9999.0 -9999.0 -9999.0 -9999.0 -9999.0 -9999.0 -9999.0 -9999.0 -9999.0 -9999.0 -9999.0 -9999.0 -9999.0 -9999.0 -9999.0 -9999.0 -9999.0 -9999.0 -9999.0 -9999.0 -9999.0 -9999.0 -9999.0 -9999.0
-9999.0 -9999.0 -9999.0 -9999.0 -9999.0 -9999.0 -9999.0 -9999.0 -9999.0 -9999.0 -9999.0 -9999.0 -9999.0 -9999.0 -9999.0 -9999.0 -9999.0 -9999.0 -9999.0 -9999.0 -9999.0 -9999.0 -9999.0 -9999.0 -9999.0 -9999.0 -9999.0 -9999.0 -9999.0 -9999.0 -9999.0 -9999.0 -9999.0 -9999.0 -9999.0 -9999.0 -9999.0 -9999.0 -9999.0 -9999.0 -9999.0 -9999.0 -9999.0 -9999.0 -9999.0 -9999.0 -9999.0 -9999.0 -9999.0 -9999.0 -9999.0 -9999.0 -9999.0 -9999.0 -9999.0 -9999.0 -9999.0 -9999.0 -9999.0 -9999.0 -9999.0 -9999.0 -9999.0 -9999.0 -9999.0 -9999.0 -9999.0 -9999.0 -9999.0 -9999.0 -9999.0 -9999.0 -9999.0 -9999.0 -9999.0 -9999.0 -9999.0 -9999.0 -9999.0 -9999.0 -9999.0 -9999.0 -9999.0 -9999.0 -9999.0 -9999.0 -9999.0 -9999.0 -9999.0 -9999.0 -9999.0 -9999.0 -9999.0 -9999.0 -9999.0 -9999.0 -9999.0 -9999.0 -9999.0 -9999.0 -9999.0 -9999.0 -9999.0 -9999.0