inst/processing_geotop_simulation/geotop_simulation/out/maps3D/PwL0008N0055.asc
ncols         104
nrows         10
xllcorner     -2.000000
yllcorner     0.000000
cellsize      1.000000
NODATA_value  -9999.0
-9999.0 -9999.0 -9999.0 -9999.0 -9999.0 -9999.0 -9999.0 -9999.0 -9999.0 -9999.0 -9999.0 -9999.0 -9999.0 -9999.0 -9999.0 -9999.0 -9999.0 -9999.0 -9999.0 -9999.0 -9999.0 -9999.0 -9999.0 -9999.0 -9999.0 -9999.0 -9999.0 -9999.0 -9999.0 -9999.0 -9999.0 -9999.0 -9999.0 -9999.0 -9999.0 -9999.0 -9999.0 -9999.0 -9999.0 -9999.0 -9999.0 -9999.0 -9999.0 -9999.0 -9999.0 -9999.0 -9999.0 -9999.0 -9999.0 -9999.0 -9999.0 -9999.0 -9999.0 -9999.0 -9999.0 -9999.0 -9999.0 -9999.0 -9999.0 -9999.0 -9999.0 -9999.0 -9999.0 -9999.0 -9999.0 -9999.0 -9999.0 -9999.0 -9999.0 -9999.0 -9999.0 -9999.0 -9999.0 -9999.0 -9999.0 -9999.0 -9999.0 -9999.0 -9999.0 -9999.0 -9999.0 -9999.0 -9999.0 -9999.0 -9999.0 -9999.0 -9999.0 -9999.0 -9999.0 -9999.0 -9999.0 -9999.0 -9999.0 -9999.0 -9999.0 -9999.0 -9999.0 -9999.0 -9999.0 -9999.0 -9999.0 -9999.0 -9999.0 -9999.0
-9999.0 -9999.0 -9999.0 -9999.0 -9999.0 -9999.0 -9999.0 -9999.0 -9999.0 -9999.0 -9999.0 -9999.0 -9999.0 -9999.0 -9999.0 -9999.0 -9999.0 -9999.0 -9999.0 -9999.0 -9999.0 -9999.0 -9999.0 -9999.0 -9999.0 -9999.0 -9999.0 -9999.0 -9999.0 -9999.0 -9999.0 -9999.0 -9999.0 -9999.0 -9999.0 -9999.0 -9999.0 -9999.0 -9999.0 -9999.0 -9999.0 -9999.0 -9999.0 -9999.0 -9999.0 -9999.0 -9999.0 -9999.0 -9999.0 -9999.0 -9999.0 -9999.0 -9999.0 -9999.0 -9999.0 -9999.0 -9999.0 -9999.0 -9999.0 -9999.0 -9999.0 -9999.0 -9999.0 -9999.0 -9999.0 -9999.0 -9999.0 -9999.0 -9999.0 -9999.0 -9999.0 -9999.0 -9999.0 -9999.0 -9999.0 -9999.0 -9999.0 -9999.0 -9999.0 -9999.0 -9999.0 -9999.0 -9999.0 -9999.0 -9999.0 -9999.0 -9999.0 -9999.0 -9999.0 -9999.0 -9999.0 -9999.0 -9999.0 -9999.0 -9999.0 -9999.0 -9999.0 -9999.0 -9999.0 -9999.0 -9999.0 -9999.0 -9999.0 -9999.0
-9999.0 -9999.0 -684.152851 -816.374899 -899.844727 -936.631496 -952.274222 -959.309907 -962.287713 -959.217795 -930.926028 -893.670393 -860.957050 -830.339384 -857.320182 -890.157309 -923.190371 -958.505957 -939.841647 -921.016946 -908.499633 -903.042014 -903.410064 -907.987598 -915.242041 -923.824804 -932.580849 -940.623423 -947.419054 -952.785763 -956.797103 -959.663293 -961.636839 -962.953202 -963.804319 -964.335130 -964.665371 -964.950536 -965.294950 -965.356850 -968.194308 -1014.047344 -1674.164441 -2015.204969 -1789.952537 -1673.740603 -1623.688562 -1617.928631 -1617.354871 -1617.390021 -1617.505779 -1617.630610 -1617.750389 -1617.861198 -1617.964020 -1618.084380 -1618.479305 -1621.490138 -1646.057053 -1703.672901 -1812.470228 -1450.702085 -998.198042 -968.611288 -966.031833 -965.515828 -965.399093 -965.379304 -965.380353 -965.384912 -965.389238 -965.392665 -965.395250 -965.397191 -965.398668 -965.399810 -965.400712 -965.401436 -965.402031 -965.402548 -965.403040 -965.403570 -965.404221 -965.405109 -965.406407 -965.408389 -965.411486 -965.416402 -965.424309 -965.437200 -965.458582 -965.494844 -965.558029 -965.671538 -965.881697 -966.280767 -967.051603 -968.554492 -971.510416 -977.463856 -990.091791 -1018.837269 -9999.0 -9999.0
-9999.0 -9999.0 -684.152834 -816.374863 -899.844688 -936.631476 -952.274216 -959.309906 -962.287714 -959.217796 -930.926029 -893.670393 -860.957050 -830.339384 -857.320182 -890.157309 -923.190371 -958.505957 -939.841647 -921.016946 -908.499633 -903.042014 -903.410064 -907.987598 -915.242041 -923.824804 -932.580849 -940.623423 -947.419054 -952.785763 -956.797103 -959.663293 -961.636839 -962.953202 -963.804319 -964.335130 -964.665371 -964.950536 -965.294950 -965.356850 -968.194308 -1014.047344 -1674.164440 -2015.204967 -1789.952536 -1673.740600 -1623.688562 -1617.928631 -1617.354871 -1617.390021 -1617.505779 -1617.630610 -1617.750389 -1617.861198 -1617.964020 -1618.084380 -1618.479305 -1621.490138 -1646.057052 -1703.672901 -1812.470228 -1450.702085 -998.198042 -968.611288 -966.031833 -965.515828 -965.399093 -965.379304 -965.380353 -965.384912 -965.389238 -965.392665 -965.395250 -965.397191 -965.398668 -965.399810 -965.400712 -965.401436 -965.402031 -965.402548 -965.403040 -965.403570 -965.404221 -965.405109 -965.406407 -965.408389 -965.411486 -965.416402 -965.424309 -965.437200 -965.458582 -965.494844 -965.558029 -965.671538 -965.881697 -966.280767 -967.051603 -968.554492 -971.510416 -977.463856 -990.091791 -1018.837269 -9999.0 -9999.0
-9999.0 -9999.0 -684.152826 -816.374842 -899.844662 -936.631460 -952.274211 -959.309906 -962.287716 -959.217797 -930.926029 -893.670393 -860.957050 -830.339384 -857.320182 -890.157309 -923.190371 -958.505957 -939.841647 -921.016946 -908.499633 -903.042014 -903.410064 -907.987598 -915.242041 -923.824804 -932.580849 -940.623423 -947.419054 -952.785763 -956.797103 -959.663293 -961.636839 -962.953202 -963.804319 -964.335130 -964.665371 -964.950536 -965.294950 -965.356850 -968.194308 -1014.047344 -1674.164440 -2015.204967 -1789.952535 -1673.740598 -1623.688562 -1617.928631 -1617.354871 -1617.390021 -1617.505779 -1617.630610 -1617.750389 -1617.861198 -1617.964020 -1618.084380 -1618.479305 -1621.490138 -1646.057053 -1703.672900 -1812.470228 -1450.702085 -998.198042 -968.611288 -966.031833 -965.515828 -965.399093 -965.379304 -965.380353 -965.384912 -965.389238 -965.392665 -965.395250 -965.397191 -965.398668 -965.399810 -965.400712 -965.401436 -965.402031 -965.402548 -965.403040 -965.403570 -965.404221 -965.405109 -965.406407 -965.408389 -965.411486 -965.416402 -965.424309 -965.437200 -965.458582 -965.494844 -965.558029 -965.671538 -965.881697 -966.280767 -967.051603 -968.554492 -971.510416 -977.463856 -990.091791 -1018.837269 -9999.0 -9999.0
-9999.0 -9999.0 -684.152826 -816.374842 -899.844662 -936.631460 -952.274211 -959.309906 -962.287716 -959.217797 -930.926029 -893.670393 -860.957050 -830.339384 -857.320182 -890.157309 -923.190371 -958.505957 -939.841647 -921.016946 -908.499633 -903.042014 -903.410064 -907.987598 -915.242041 -923.824804 -932.580849 -940.623423 -947.419054 -952.785763 -956.797103 -959.663293 -961.636839 -962.953202 -963.804319 -964.335130 -964.665371 -964.950536 -965.294950 -965.356850 -968.194308 -1014.047344 -1674.164440 -2015.204967 -1789.952535 -1673.740598 -1623.688562 -1617.928631 -1617.354871 -1617.390021 -1617.505779 -1617.630610 -1617.750389 -1617.861198 -1617.964020 -1618.084380 -1618.479305 -1621.490138 -1646.057053 -1703.672901 -1812.470228 -1450.702085 -998.198042 -968.611288 -966.031833 -965.515828 -965.399093 -965.379304 -965.380353 -965.384912 -965.389238 -965.392665 -965.395250 -965.397191 -965.398668 -965.399810 -965.400712 -965.401436 -965.402031 -965.402548 -965.403040 -965.403570 -965.404221 -965.405109 -965.406407 -965.408389 -965.411486 -965.416402 -965.424309 -965.437200 -965.458582 -965.494844 -965.558029 -965.671538 -965.881697 -966.280767 -967.051603 -968.554492 -971.510416 -977.463856 -990.091791 -1018.837269 -9999.0 -9999.0
-9999.0 -9999.0 -684.152834 -816.374863 -899.844688 -936.631476 -952.274216 -959.309906 -962.287714 -959.217796 -930.926029 -893.670393 -860.957050 -830.339384 -857.320182 -890.157309 -923.190371 -958.505957 -939.841647 -921.016946 -908.499633 -903.042014 -903.410064 -907.987598 -915.242041 -923.824804 -932.580849 -940.623423 -947.419054 -952.785763 -956.797103 -959.663293 -961.636839 -962.953202 -963.804319 -964.335130 -964.665371 -964.950536 -965.294950 -965.356850 -968.194308 -1014.047344 -1674.164440 -2015.204967 -1789.952536 -1673.740600 -1623.688562 -1617.928631 -1617.354871 -1617.390021 -1617.505779 -1617.630610 -1617.750389 -1617.861198 -1617.964020 -1618.084380 -1618.479305 -1621.490138 -1646.057052 -1703.672901 -1812.470228 -1450.702085 -998.198042 -968.611288 -966.031833 -965.515828 -965.399093 -965.379304 -965.380353 -965.384912 -965.389238 -965.392665 -965.395250 -965.397191 -965.398668 -965.399810 -965.400712 -965.401436 -965.402031 -965.402548 -965.403040 -965.403570 -965.404221 -965.405109 -965.406407 -965.408389 -965.411486 -965.416402 -965.424309 -965.437200 -965.458582 -965.494844 -965.558029 -965.671538 -965.881697 -966.280767 -967.051603 -968.554492 -971.510416 -977.463856 -990.091791 -1018.837269 -9999.0 -9999.0
-9999.0 -9999.0 -684.152851 -816.374899 -899.844727 -936.631496 -952.274222 -959.309907 -962.287713 -959.217795 -930.926028 -893.670393 -860.957050 -830.339384 -857.320182 -890.157309 -923.190371 -958.505957 -939.841647 -921.016946 -908.499633 -903.042014 -903.410064 -907.987598 -915.242041 -923.824804 -932.580849 -940.623423 -947.419054 -952.785763 -956.797103 -959.663293 -961.636839 -962.953202 -963.804319 -964.335130 -964.665371 -964.950536 -965.294950 -965.356850 -968.194308 -1014.047344 -1674.164441 -2015.204969 -1789.952537 -1673.740603 -1623.688562 -1617.928631 -1617.354871 -1617.390021 -1617.505779 -1617.630610 -1617.750389 -1617.861198 -1617.964020 -1618.084380 -1618.479305 -1621.490138 -1646.057053 -1703.672901 -1812.470228 -1450.702085 -998.198042 -968.611288 -966.031833 -965.515828 -965.399093 -965.379304 -965.380353 -965.384912 -965.389238 -965.392665 -965.395250 -965.397191 -965.398668 -965.399810 -965.400712 -965.401436 -965.402031 -965.402548 -965.403040 -965.403570 -965.404221 -965.405109 -965.406407 -965.408389 -965.411486 -965.416402 -965.424309 -965.437200 -965.458582 -965.494844 -965.558029 -965.671538 -965.881697 -966.280767 -967.051603 -968.554492 -971.510416 -977.463856 -990.091791 -1018.837269 -9999.0 -9999.0
-9999.0 -9999.0 -9999.0 -9999.0 -9999.0 -9999.0 -9999.0 -9999.0 -9999.0 -9999.0 -9999.0 -9999.0 -9999.0 -9999.0 -9999.0 -9999.0 -9999.0 -9999.0 -9999.0 -9999.0 -9999.0 -9999.0 -9999.0 -9999.0 -9999.0 -9999.0 -9999.0 -9999.0 -9999.0 -9999.0 -9999.0 -9999.0 -9999.0 -9999.0 -9999.0 -9999.0 -9999.0 -9999.0 -9999.0 -9999.0 -9999.0 -9999.0 -9999.0 -9999.0 -9999.0 -9999.0 -9999.0 -9999.0 -9999.0 -9999.0 -9999.0 -9999.0 -9999.0 -9999.0 -9999.0 -9999.0 -9999.0 -9999.0 -9999.0 -9999.0 -9999.0 -9999.0 -9999.0 -9999.0 -9999.0 -9999.0 -9999.0 -9999.0 -9999.0 -9999.0 -9999.0 -9999.0 -9999.0 -9999.0 -9999.0 -9999.0 -9999.0 -9999.0 -9999.0 -9999.0 -9999.0 -9999.0 -9999.0 -9999.0 -9999.0 -9999.0 -9999.0 -9999.0 -9999.0 -9999.0 -9999.0 -9999.0 -9999.0 -9999.0 -9999.0 -9999.0 -9999.0 -9999.0 -9999.0 -9999.0 -9999.0 -9999.0 -9999.0 -9999.0
-9999.0 -9999.0 -9999.0 -9999.0 -9999.0 -9999.0 -9999.0 -9999.0 -9999.0 -9999.0 -9999.0 -9999.0 -9999.0 -9999.0 -9999.0 -9999.0 -9999.0 -9999.0 -9999.0 -9999.0 -9999.0 -9999.0 -9999.0 -9999.0 -9999.0 -9999.0 -9999.0 -9999.0 -9999.0 -9999.0 -9999.0 -9999.0 -9999.0 -9999.0 -9999.0 -9999.0 -9999.0 -9999.0 -9999.0 -9999.0 -9999.0 -9999.0 -9999.0 -9999.0 -9999.0 -9999.0 -9999.0 -9999.0 -9999.0 -9999.0 -9999.0 -9999.0 -9999.0 -9999.0 -9999.0 -9999.0 -9999.0 -9999.0 -9999.0 -9999.0 -9999.0 -9999.0 -9999.0 -9999.0 -9999.0 -9999.0 -9999.0 -9999.0 -9999.0 -9999.0 -9999.0 -9999.0 -9999.0 -9999.0 -9999.0 -9999.0 -9999.0 -9999.0 -9999.0 -9999.0 -9999.0 -9999.0 -9999.0 -9999.0 -9999.0 -9999.0 -9999.0 -9999.0 -9999.0 -9999.0 -9999.0 -9999.0 -9999.0 -9999.0 -9999.0 -9999.0 -9999.0 -9999.0 -9999.0 -9999.0 -9999.0 -9999.0 -9999.0 -9999.0