inst/processing_geotop_simulation/geotop_simulation/out/maps3D/PwL0016N0115.asc
ncols         104
nrows         10
xllcorner     -2.000000
yllcorner     0.000000
cellsize      1.000000
NODATA_value  -9999.0
-9999.0 -9999.0 -9999.0 -9999.0 -9999.0 -9999.0 -9999.0 -9999.0 -9999.0 -9999.0 -9999.0 -9999.0 -9999.0 -9999.0 -9999.0 -9999.0 -9999.0 -9999.0 -9999.0 -9999.0 -9999.0 -9999.0 -9999.0 -9999.0 -9999.0 -9999.0 -9999.0 -9999.0 -9999.0 -9999.0 -9999.0 -9999.0 -9999.0 -9999.0 -9999.0 -9999.0 -9999.0 -9999.0 -9999.0 -9999.0 -9999.0 -9999.0 -9999.0 -9999.0 -9999.0 -9999.0 -9999.0 -9999.0 -9999.0 -9999.0 -9999.0 -9999.0 -9999.0 -9999.0 -9999.0 -9999.0 -9999.0 -9999.0 -9999.0 -9999.0 -9999.0 -9999.0 -9999.0 -9999.0 -9999.0 -9999.0 -9999.0 -9999.0 -9999.0 -9999.0 -9999.0 -9999.0 -9999.0 -9999.0 -9999.0 -9999.0 -9999.0 -9999.0 -9999.0 -9999.0 -9999.0 -9999.0 -9999.0 -9999.0 -9999.0 -9999.0 -9999.0 -9999.0 -9999.0 -9999.0 -9999.0 -9999.0 -9999.0 -9999.0 -9999.0 -9999.0 -9999.0 -9999.0 -9999.0 -9999.0 -9999.0 -9999.0 -9999.0 -9999.0
-9999.0 -9999.0 -9999.0 -9999.0 -9999.0 -9999.0 -9999.0 -9999.0 -9999.0 -9999.0 -9999.0 -9999.0 -9999.0 -9999.0 -9999.0 -9999.0 -9999.0 -9999.0 -9999.0 -9999.0 -9999.0 -9999.0 -9999.0 -9999.0 -9999.0 -9999.0 -9999.0 -9999.0 -9999.0 -9999.0 -9999.0 -9999.0 -9999.0 -9999.0 -9999.0 -9999.0 -9999.0 -9999.0 -9999.0 -9999.0 -9999.0 -9999.0 -9999.0 -9999.0 -9999.0 -9999.0 -9999.0 -9999.0 -9999.0 -9999.0 -9999.0 -9999.0 -9999.0 -9999.0 -9999.0 -9999.0 -9999.0 -9999.0 -9999.0 -9999.0 -9999.0 -9999.0 -9999.0 -9999.0 -9999.0 -9999.0 -9999.0 -9999.0 -9999.0 -9999.0 -9999.0 -9999.0 -9999.0 -9999.0 -9999.0 -9999.0 -9999.0 -9999.0 -9999.0 -9999.0 -9999.0 -9999.0 -9999.0 -9999.0 -9999.0 -9999.0 -9999.0 -9999.0 -9999.0 -9999.0 -9999.0 -9999.0 -9999.0 -9999.0 -9999.0 -9999.0 -9999.0 -9999.0 -9999.0 -9999.0 -9999.0 -9999.0 -9999.0 -9999.0
-9999.0 -9999.0 790.347777 699.240374 606.686014 512.894949 418.491181 323.818818 229.056167 134.297501 39.594161 -55.007609 -149.512557 -243.954754 -338.488269 -433.418288 -529.228263 -626.103249 -721.798123 -814.536226 -905.112192 -991.813588 -1056.226356 -1101.311698 -1130.014013 -1147.053052 -1156.725403 -1162.078396 -1165.004583 -1166.598981 -1167.475086 -1167.967839 -1168.256860 -1168.436606 -1168.555778 -1168.641358 -1168.717178 -1168.826022 -1169.126451 -1170.821832 -1182.429342 -1273.992558 -2071.982657 -4171.725577 -4183.167971 -4183.168317 -4183.168317 -4183.168317 -4183.168317 -4183.168317 -4183.168317 -4183.168317 -4183.168317 -4183.168317 -4183.168317 -4183.168317 -4183.168316 -4183.168316 -4183.168314 -4183.167649 -4164.626241 -1955.736976 -1243.544725 -1177.918006 -1170.115036 -1169.168438 -1169.040276 -1169.020381 -1169.018290 -1169.019397 -1169.020842 -1169.022064 -1169.023009 -1169.023726 -1169.024273 -1169.024698 -1169.025034 -1169.025306 -1169.025532 -1169.025731 -1169.025925 -1169.026139 -1169.026406 -1169.026776 -1169.027323 -1169.028161 -1169.029478 -1169.031580 -1169.034986 -1169.040594 -1169.050019 -1169.066260 -1169.095069 -1169.147744 -1169.246819 -1169.437771 -1169.814431 -1170.581096 -1172.225046 -1176.017407 -1185.438782 -1211.125376 -9999.0 -9999.0
-9999.0 -9999.0 790.352305 699.241948 606.686503 512.895104 418.491232 323.818835 229.056173 134.297503 39.594162 -55.007609 -149.512556 -243.954754 -338.488269 -433.418288 -529.228263 -626.103249 -721.798123 -814.536226 -905.112192 -991.813588 -1056.226356 -1101.311698 -1130.014013 -1147.053052 -1156.725403 -1162.078396 -1165.004583 -1166.598981 -1167.475086 -1167.967839 -1168.256860 -1168.436606 -1168.555778 -1168.641358 -1168.717178 -1168.826022 -1169.126451 -1170.821832 -1182.429342 -1273.992558 -2071.982657 -4171.725577 -4183.167971 -4183.168317 -4183.168317 -4183.168317 -4183.168317 -4183.168317 -4183.168317 -4183.168317 -4183.168317 -4183.168317 -4183.168317 -4183.168317 -4183.168316 -4183.168316 -4183.168314 -4183.167649 -4164.626241 -1955.736976 -1243.544725 -1177.918006 -1170.115036 -1169.168438 -1169.040276 -1169.020381 -1169.018290 -1169.019397 -1169.020842 -1169.022064 -1169.023009 -1169.023726 -1169.024273 -1169.024698 -1169.025034 -1169.025306 -1169.025532 -1169.025731 -1169.025925 -1169.026139 -1169.026406 -1169.026776 -1169.027323 -1169.028161 -1169.029478 -1169.031580 -1169.034986 -1169.040594 -1169.050019 -1169.066260 -1169.095069 -1169.147744 -1169.246819 -1169.437771 -1169.814431 -1170.581096 -1172.225046 -1176.017407 -1185.438782 -1211.125376 -9999.0 -9999.0
-9999.0 -9999.0 790.353800 699.242739 606.686831 512.895228 418.491277 323.818852 229.056179 134.297505 39.594163 -55.007608 -149.512556 -243.954754 -338.488269 -433.418288 -529.228263 -626.103249 -721.798123 -814.536226 -905.112192 -991.813588 -1056.226356 -1101.311698 -1130.014013 -1147.053052 -1156.725403 -1162.078396 -1165.004583 -1166.598981 -1167.475086 -1167.967839 -1168.256860 -1168.436606 -1168.555778 -1168.641358 -1168.717178 -1168.826022 -1169.126451 -1170.821832 -1182.429342 -1273.992558 -2071.982657 -4171.725577 -4183.167971 -4183.168317 -4183.168317 -4183.168317 -4183.168317 -4183.168317 -4183.168317 -4183.168317 -4183.168317 -4183.168317 -4183.168317 -4183.168317 -4183.168316 -4183.168316 -4183.168314 -4183.167649 -4164.626241 -1955.736976 -1243.544725 -1177.918006 -1170.115036 -1169.168438 -1169.040276 -1169.020381 -1169.018290 -1169.019397 -1169.020842 -1169.022064 -1169.023009 -1169.023726 -1169.024273 -1169.024698 -1169.025034 -1169.025306 -1169.025532 -1169.025731 -1169.025925 -1169.026139 -1169.026406 -1169.026776 -1169.027323 -1169.028161 -1169.029478 -1169.031580 -1169.034986 -1169.040594 -1169.050019 -1169.066260 -1169.095069 -1169.147744 -1169.246819 -1169.437771 -1169.814431 -1170.581096 -1172.225046 -1176.017407 -1185.438782 -1211.125376 -9999.0 -9999.0
-9999.0 -9999.0 790.353801 699.242739 606.686831 512.895228 418.491277 323.818851 229.056179 134.297505 39.594163 -55.007609 -149.512556 -243.954754 -338.488269 -433.418288 -529.228263 -626.103249 -721.798123 -814.536226 -905.112192 -991.813588 -1056.226356 -1101.311698 -1130.014013 -1147.053052 -1156.725403 -1162.078396 -1165.004583 -1166.598981 -1167.475086 -1167.967839 -1168.256860 -1168.436606 -1168.555778 -1168.641358 -1168.717178 -1168.826022 -1169.126451 -1170.821832 -1182.429342 -1273.992558 -2071.982657 -4171.725577 -4183.167971 -4183.168317 -4183.168317 -4183.168317 -4183.168317 -4183.168317 -4183.168317 -4183.168317 -4183.168317 -4183.168317 -4183.168317 -4183.168317 -4183.168316 -4183.168316 -4183.168314 -4183.167649 -4164.626241 -1955.736976 -1243.544725 -1177.918006 -1170.115036 -1169.168438 -1169.040276 -1169.020381 -1169.018290 -1169.019397 -1169.020842 -1169.022064 -1169.023009 -1169.023726 -1169.024273 -1169.024698 -1169.025034 -1169.025306 -1169.025532 -1169.025731 -1169.025925 -1169.026139 -1169.026406 -1169.026776 -1169.027323 -1169.028161 -1169.029478 -1169.031580 -1169.034986 -1169.040594 -1169.050019 -1169.066260 -1169.095069 -1169.147744 -1169.246819 -1169.437771 -1169.814431 -1170.581096 -1172.225046 -1176.017407 -1185.438782 -1211.125376 -9999.0 -9999.0
-9999.0 -9999.0 790.352305 699.241948 606.686503 512.895104 418.491232 323.818835 229.056173 134.297503 39.594162 -55.007609 -149.512556 -243.954754 -338.488269 -433.418288 -529.228263 -626.103249 -721.798123 -814.536226 -905.112192 -991.813588 -1056.226356 -1101.311698 -1130.014013 -1147.053052 -1156.725403 -1162.078396 -1165.004583 -1166.598981 -1167.475086 -1167.967839 -1168.256860 -1168.436606 -1168.555778 -1168.641358 -1168.717178 -1168.826022 -1169.126451 -1170.821832 -1182.429342 -1273.992558 -2071.982657 -4171.725577 -4183.167971 -4183.168317 -4183.168317 -4183.168317 -4183.168317 -4183.168317 -4183.168317 -4183.168317 -4183.168317 -4183.168317 -4183.168317 -4183.168317 -4183.168316 -4183.168316 -4183.168314 -4183.167649 -4164.626241 -1955.736976 -1243.544725 -1177.918006 -1170.115036 -1169.168438 -1169.040276 -1169.020381 -1169.018290 -1169.019397 -1169.020842 -1169.022064 -1169.023009 -1169.023726 -1169.024273 -1169.024698 -1169.025034 -1169.025306 -1169.025532 -1169.025731 -1169.025925 -1169.026139 -1169.026406 -1169.026776 -1169.027323 -1169.028161 -1169.029478 -1169.031580 -1169.034986 -1169.040594 -1169.050019 -1169.066260 -1169.095069 -1169.147744 -1169.246819 -1169.437771 -1169.814431 -1170.581096 -1172.225046 -1176.017407 -1185.438782 -1211.125376 -9999.0 -9999.0
-9999.0 -9999.0 790.347777 699.240374 606.686014 512.894949 418.491181 323.818818 229.056167 134.297500 39.594161 -55.007609 -149.512557 -243.954755 -338.488269 -433.418288 -529.228263 -626.103249 -721.798123 -814.536226 -905.112192 -991.813588 -1056.226356 -1101.311698 -1130.014013 -1147.053052 -1156.725403 -1162.078396 -1165.004583 -1166.598981 -1167.475086 -1167.967839 -1168.256860 -1168.436606 -1168.555778 -1168.641358 -1168.717178 -1168.826022 -1169.126451 -1170.821832 -1182.429342 -1273.992558 -2071.982657 -4171.725577 -4183.167971 -4183.168317 -4183.168317 -4183.168317 -4183.168317 -4183.168317 -4183.168317 -4183.168317 -4183.168317 -4183.168317 -4183.168317 -4183.168317 -4183.168316 -4183.168316 -4183.168314 -4183.167649 -4164.626241 -1955.736976 -1243.544725 -1177.918006 -1170.115036 -1169.168438 -1169.040276 -1169.020381 -1169.018290 -1169.019397 -1169.020842 -1169.022064 -1169.023009 -1169.023726 -1169.024273 -1169.024698 -1169.025034 -1169.025306 -1169.025532 -1169.025731 -1169.025925 -1169.026139 -1169.026406 -1169.026776 -1169.027323 -1169.028161 -1169.029478 -1169.031580 -1169.034986 -1169.040594 -1169.050019 -1169.066260 -1169.095069 -1169.147744 -1169.246819 -1169.437771 -1169.814431 -1170.581096 -1172.225046 -1176.017407 -1185.438782 -1211.125376 -9999.0 -9999.0
-9999.0 -9999.0 -9999.0 -9999.0 -9999.0 -9999.0 -9999.0 -9999.0 -9999.0 -9999.0 -9999.0 -9999.0 -9999.0 -9999.0 -9999.0 -9999.0 -9999.0 -9999.0 -9999.0 -9999.0 -9999.0 -9999.0 -9999.0 -9999.0 -9999.0 -9999.0 -9999.0 -9999.0 -9999.0 -9999.0 -9999.0 -9999.0 -9999.0 -9999.0 -9999.0 -9999.0 -9999.0 -9999.0 -9999.0 -9999.0 -9999.0 -9999.0 -9999.0 -9999.0 -9999.0 -9999.0 -9999.0 -9999.0 -9999.0 -9999.0 -9999.0 -9999.0 -9999.0 -9999.0 -9999.0 -9999.0 -9999.0 -9999.0 -9999.0 -9999.0 -9999.0 -9999.0 -9999.0 -9999.0 -9999.0 -9999.0 -9999.0 -9999.0 -9999.0 -9999.0 -9999.0 -9999.0 -9999.0 -9999.0 -9999.0 -9999.0 -9999.0 -9999.0 -9999.0 -9999.0 -9999.0 -9999.0 -9999.0 -9999.0 -9999.0 -9999.0 -9999.0 -9999.0 -9999.0 -9999.0 -9999.0 -9999.0 -9999.0 -9999.0 -9999.0 -9999.0 -9999.0 -9999.0 -9999.0 -9999.0 -9999.0 -9999.0 -9999.0 -9999.0
-9999.0 -9999.0 -9999.0 -9999.0 -9999.0 -9999.0 -9999.0 -9999.0 -9999.0 -9999.0 -9999.0 -9999.0 -9999.0 -9999.0 -9999.0 -9999.0 -9999.0 -9999.0 -9999.0 -9999.0 -9999.0 -9999.0 -9999.0 -9999.0 -9999.0 -9999.0 -9999.0 -9999.0 -9999.0 -9999.0 -9999.0 -9999.0 -9999.0 -9999.0 -9999.0 -9999.0 -9999.0 -9999.0 -9999.0 -9999.0 -9999.0 -9999.0 -9999.0 -9999.0 -9999.0 -9999.0 -9999.0 -9999.0 -9999.0 -9999.0 -9999.0 -9999.0 -9999.0 -9999.0 -9999.0 -9999.0 -9999.0 -9999.0 -9999.0 -9999.0 -9999.0 -9999.0 -9999.0 -9999.0 -9999.0 -9999.0 -9999.0 -9999.0 -9999.0 -9999.0 -9999.0 -9999.0 -9999.0 -9999.0 -9999.0 -9999.0 -9999.0 -9999.0 -9999.0 -9999.0 -9999.0 -9999.0 -9999.0 -9999.0 -9999.0 -9999.0 -9999.0 -9999.0 -9999.0 -9999.0 -9999.0 -9999.0 -9999.0 -9999.0 -9999.0 -9999.0 -9999.0 -9999.0 -9999.0 -9999.0 -9999.0 -9999.0 -9999.0 -9999.0