inst/processing_geotop_simulation/geotop_simulation/out/maps3D/PwL0002N0279.asc
ncols         104
nrows         10
xllcorner     -2.000000
yllcorner     0.000000
cellsize      1.000000
NODATA_value  -9999.0
-9999.0 -9999.0 -9999.0 -9999.0 -9999.0 -9999.0 -9999.0 -9999.0 -9999.0 -9999.0 -9999.0 -9999.0 -9999.0 -9999.0 -9999.0 -9999.0 -9999.0 -9999.0 -9999.0 -9999.0 -9999.0 -9999.0 -9999.0 -9999.0 -9999.0 -9999.0 -9999.0 -9999.0 -9999.0 -9999.0 -9999.0 -9999.0 -9999.0 -9999.0 -9999.0 -9999.0 -9999.0 -9999.0 -9999.0 -9999.0 -9999.0 -9999.0 -9999.0 -9999.0 -9999.0 -9999.0 -9999.0 -9999.0 -9999.0 -9999.0 -9999.0 -9999.0 -9999.0 -9999.0 -9999.0 -9999.0 -9999.0 -9999.0 -9999.0 -9999.0 -9999.0 -9999.0 -9999.0 -9999.0 -9999.0 -9999.0 -9999.0 -9999.0 -9999.0 -9999.0 -9999.0 -9999.0 -9999.0 -9999.0 -9999.0 -9999.0 -9999.0 -9999.0 -9999.0 -9999.0 -9999.0 -9999.0 -9999.0 -9999.0 -9999.0 -9999.0 -9999.0 -9999.0 -9999.0 -9999.0 -9999.0 -9999.0 -9999.0 -9999.0 -9999.0 -9999.0 -9999.0 -9999.0 -9999.0 -9999.0 -9999.0 -9999.0 -9999.0 -9999.0
-9999.0 -9999.0 -9999.0 -9999.0 -9999.0 -9999.0 -9999.0 -9999.0 -9999.0 -9999.0 -9999.0 -9999.0 -9999.0 -9999.0 -9999.0 -9999.0 -9999.0 -9999.0 -9999.0 -9999.0 -9999.0 -9999.0 -9999.0 -9999.0 -9999.0 -9999.0 -9999.0 -9999.0 -9999.0 -9999.0 -9999.0 -9999.0 -9999.0 -9999.0 -9999.0 -9999.0 -9999.0 -9999.0 -9999.0 -9999.0 -9999.0 -9999.0 -9999.0 -9999.0 -9999.0 -9999.0 -9999.0 -9999.0 -9999.0 -9999.0 -9999.0 -9999.0 -9999.0 -9999.0 -9999.0 -9999.0 -9999.0 -9999.0 -9999.0 -9999.0 -9999.0 -9999.0 -9999.0 -9999.0 -9999.0 -9999.0 -9999.0 -9999.0 -9999.0 -9999.0 -9999.0 -9999.0 -9999.0 -9999.0 -9999.0 -9999.0 -9999.0 -9999.0 -9999.0 -9999.0 -9999.0 -9999.0 -9999.0 -9999.0 -9999.0 -9999.0 -9999.0 -9999.0 -9999.0 -9999.0 -9999.0 -9999.0 -9999.0 -9999.0 -9999.0 -9999.0 -9999.0 -9999.0 -9999.0 -9999.0 -9999.0 -9999.0 -9999.0 -9999.0
-9999.0 -9999.0 77.085871 -18.309202 -116.093598 -214.450621 -313.016646 -411.651590 -510.283280 -608.853100 -707.227315 -805.336569 -903.097381 -1000.390591 -1097.578300 -1194.572234 -1290.514298 -1384.809674 -1476.710199 -1564.918682 -1646.415379 -1717.178968 -1774.564737 -1818.451385 -1850.596706 -1873.471531 -1889.448882 -1900.467332 -1907.989521 -1913.077954 -1916.490731 -1918.762105 -1920.264049 -1921.252230 -1921.900472 -1922.327741 -1922.623681 -1922.897410 -1923.476494 -1925.632843 -1931.187353 -1899.252407 -1168.663393 -1166.967108 -1156.188987 -1149.231365 -1145.963182 -1145.467600 -1145.414866 -1145.420706 -1145.435141 -1145.450638 -1145.465532 -1145.479324 -1145.492119 -1145.506921 -1145.552081 -1145.850669 -1147.599166 -1151.493621 -1157.106924 -1151.088905 -1876.800802 -1925.471271 -1924.315973 -1923.427268 -1923.244904 -1923.214831 -1923.210602 -1923.210600 -1923.211211 -1923.211799 -1923.212267 -1923.212627 -1923.212903 -1923.213117 -1923.213287 -1923.213425 -1923.213541 -1923.213644 -1923.213746 -1923.213860 -1923.214003 -1923.214203 -1923.214499 -1923.214953 -1923.215669 -1923.216816 -1923.218686 -1923.221789 -1923.227059 -1923.236250 -1923.252760 -1923.283310 -1923.341417 -1923.454843 -1923.682837 -1924.160212 -1925.220517 -1927.774652 -1934.699580 -1957.305063 -9999.0 -9999.0
-9999.0 -9999.0 77.097372 -18.307142 -116.093084 -214.450471 -313.016598 -411.651573 -510.283274 -608.853098 -707.227314 -805.336568 -903.097380 -1000.390591 -1097.578300 -1194.572234 -1290.514298 -1384.809674 -1476.710199 -1564.918682 -1646.415379 -1717.178968 -1774.564737 -1818.451385 -1850.596707 -1873.471531 -1889.448882 -1900.467332 -1907.989521 -1913.077954 -1916.490731 -1918.762105 -1920.264049 -1921.252230 -1921.900472 -1922.327741 -1922.623681 -1922.897410 -1923.476494 -1925.632843 -1931.187353 -1899.252407 -1168.663393 -1166.967108 -1156.188987 -1149.231365 -1145.963182 -1145.467600 -1145.414866 -1145.420706 -1145.435141 -1145.450638 -1145.465532 -1145.479324 -1145.492119 -1145.506921 -1145.552081 -1145.850669 -1147.599166 -1151.493621 -1157.106924 -1151.088905 -1876.800802 -1925.471271 -1924.315973 -1923.427268 -1923.244904 -1923.214831 -1923.210602 -1923.210600 -1923.211211 -1923.211799 -1923.212267 -1923.212627 -1923.212903 -1923.213117 -1923.213287 -1923.213425 -1923.213541 -1923.213644 -1923.213746 -1923.213860 -1923.214003 -1923.214203 -1923.214499 -1923.214953 -1923.215669 -1923.216816 -1923.218686 -1923.221789 -1923.227059 -1923.236250 -1923.252760 -1923.283310 -1923.341417 -1923.454843 -1923.682837 -1924.160212 -1925.220517 -1927.774652 -1934.699580 -1957.305063 -9999.0 -9999.0
-9999.0 -9999.0 77.098620 -18.306317 -116.092758 -214.450353 -313.016556 -411.651558 -510.283269 -608.853096 -707.227313 -805.336568 -903.097380 -1000.390591 -1097.578300 -1194.572234 -1290.514298 -1384.809674 -1476.710199 -1564.918683 -1646.415379 -1717.178968 -1774.564737 -1818.451385 -1850.596707 -1873.471531 -1889.448882 -1900.467332 -1907.989521 -1913.077954 -1916.490731 -1918.762105 -1920.264049 -1921.252230 -1921.900472 -1922.327741 -1922.623681 -1922.897410 -1923.476494 -1925.632843 -1931.187353 -1899.252407 -1168.663393 -1166.967108 -1156.188987 -1149.231365 -1145.963182 -1145.467600 -1145.414866 -1145.420706 -1145.435141 -1145.450638 -1145.465532 -1145.479324 -1145.492119 -1145.506921 -1145.552081 -1145.850669 -1147.599166 -1151.493621 -1157.106924 -1151.088905 -1876.800802 -1925.471271 -1924.315973 -1923.427268 -1923.244904 -1923.214831 -1923.210602 -1923.210600 -1923.211211 -1923.211799 -1923.212267 -1923.212627 -1923.212903 -1923.213117 -1923.213287 -1923.213425 -1923.213541 -1923.213644 -1923.213746 -1923.213860 -1923.214003 -1923.214203 -1923.214499 -1923.214953 -1923.215669 -1923.216816 -1923.218686 -1923.221789 -1923.227059 -1923.236250 -1923.252760 -1923.283310 -1923.341417 -1923.454843 -1923.682837 -1924.160212 -1925.220517 -1927.774652 -1934.699580 -1957.305063 -9999.0 -9999.0
-9999.0 -9999.0 77.098620 -18.306317 -116.092758 -214.450353 -313.016556 -411.651558 -510.283268 -608.853096 -707.227313 -805.336568 -903.097380 -1000.390591 -1097.578300 -1194.572234 -1290.514298 -1384.809674 -1476.710199 -1564.918683 -1646.415379 -1717.178968 -1774.564737 -1818.451385 -1850.596707 -1873.471531 -1889.448882 -1900.467332 -1907.989521 -1913.077954 -1916.490731 -1918.762105 -1920.264049 -1921.252230 -1921.900472 -1922.327741 -1922.623681 -1922.897410 -1923.476494 -1925.632843 -1931.187353 -1899.252407 -1168.663393 -1166.967108 -1156.188987 -1149.231365 -1145.963182 -1145.467600 -1145.414866 -1145.420706 -1145.435141 -1145.450638 -1145.465532 -1145.479324 -1145.492119 -1145.506921 -1145.552081 -1145.850669 -1147.599166 -1151.493621 -1157.106924 -1151.088905 -1876.800802 -1925.471271 -1924.315973 -1923.427268 -1923.244904 -1923.214831 -1923.210602 -1923.210600 -1923.211211 -1923.211799 -1923.212267 -1923.212627 -1923.212903 -1923.213117 -1923.213287 -1923.213425 -1923.213541 -1923.213644 -1923.213746 -1923.213860 -1923.214003 -1923.214203 -1923.214499 -1923.214953 -1923.215669 -1923.216816 -1923.218686 -1923.221789 -1923.227059 -1923.236250 -1923.252760 -1923.283310 -1923.341417 -1923.454843 -1923.682837 -1924.160212 -1925.220517 -1927.774652 -1934.699580 -1957.305063 -9999.0 -9999.0
-9999.0 -9999.0 77.097372 -18.307142 -116.093084 -214.450471 -313.016598 -411.651573 -510.283274 -608.853098 -707.227314 -805.336568 -903.097380 -1000.390591 -1097.578300 -1194.572234 -1290.514298 -1384.809674 -1476.710199 -1564.918682 -1646.415379 -1717.178968 -1774.564737 -1818.451385 -1850.596707 -1873.471531 -1889.448882 -1900.467332 -1907.989521 -1913.077954 -1916.490731 -1918.762105 -1920.264049 -1921.252230 -1921.900472 -1922.327741 -1922.623681 -1922.897410 -1923.476494 -1925.632843 -1931.187353 -1899.252407 -1168.663393 -1166.967108 -1156.188987 -1149.231365 -1145.963182 -1145.467600 -1145.414866 -1145.420706 -1145.435141 -1145.450638 -1145.465532 -1145.479324 -1145.492119 -1145.506921 -1145.552081 -1145.850669 -1147.599166 -1151.493621 -1157.106924 -1151.088905 -1876.800802 -1925.471271 -1924.315973 -1923.427268 -1923.244904 -1923.214831 -1923.210602 -1923.210600 -1923.211211 -1923.211799 -1923.212267 -1923.212627 -1923.212903 -1923.213117 -1923.213287 -1923.213425 -1923.213541 -1923.213644 -1923.213746 -1923.213860 -1923.214003 -1923.214203 -1923.214499 -1923.214953 -1923.215669 -1923.216816 -1923.218686 -1923.221789 -1923.227059 -1923.236250 -1923.252760 -1923.283310 -1923.341417 -1923.454843 -1923.682837 -1924.160212 -1925.220517 -1927.774652 -1934.699580 -1957.305063 -9999.0 -9999.0
-9999.0 -9999.0 77.085871 -18.309202 -116.093598 -214.450621 -313.016646 -411.651590 -510.283280 -608.853100 -707.227315 -805.336569 -903.097381 -1000.390591 -1097.578300 -1194.572234 -1290.514298 -1384.809674 -1476.710199 -1564.918682 -1646.415379 -1717.178968 -1774.564737 -1818.451385 -1850.596706 -1873.471531 -1889.448882 -1900.467332 -1907.989521 -1913.077954 -1916.490731 -1918.762105 -1920.264049 -1921.252230 -1921.900472 -1922.327741 -1922.623681 -1922.897410 -1923.476494 -1925.632843 -1931.187353 -1899.252407 -1168.663393 -1166.967108 -1156.188987 -1149.231365 -1145.963182 -1145.467600 -1145.414866 -1145.420706 -1145.435141 -1145.450638 -1145.465532 -1145.479324 -1145.492119 -1145.506921 -1145.552081 -1145.850669 -1147.599166 -1151.493621 -1157.106924 -1151.088905 -1876.800802 -1925.471271 -1924.315973 -1923.427268 -1923.244904 -1923.214831 -1923.210602 -1923.210600 -1923.211211 -1923.211799 -1923.212267 -1923.212627 -1923.212903 -1923.213117 -1923.213287 -1923.213425 -1923.213541 -1923.213644 -1923.213746 -1923.213860 -1923.214003 -1923.214203 -1923.214499 -1923.214953 -1923.215669 -1923.216816 -1923.218686 -1923.221789 -1923.227059 -1923.236250 -1923.252760 -1923.283310 -1923.341417 -1923.454843 -1923.682837 -1924.160212 -1925.220517 -1927.774652 -1934.699580 -1957.305063 -9999.0 -9999.0
-9999.0 -9999.0 -9999.0 -9999.0 -9999.0 -9999.0 -9999.0 -9999.0 -9999.0 -9999.0 -9999.0 -9999.0 -9999.0 -9999.0 -9999.0 -9999.0 -9999.0 -9999.0 -9999.0 -9999.0 -9999.0 -9999.0 -9999.0 -9999.0 -9999.0 -9999.0 -9999.0 -9999.0 -9999.0 -9999.0 -9999.0 -9999.0 -9999.0 -9999.0 -9999.0 -9999.0 -9999.0 -9999.0 -9999.0 -9999.0 -9999.0 -9999.0 -9999.0 -9999.0 -9999.0 -9999.0 -9999.0 -9999.0 -9999.0 -9999.0 -9999.0 -9999.0 -9999.0 -9999.0 -9999.0 -9999.0 -9999.0 -9999.0 -9999.0 -9999.0 -9999.0 -9999.0 -9999.0 -9999.0 -9999.0 -9999.0 -9999.0 -9999.0 -9999.0 -9999.0 -9999.0 -9999.0 -9999.0 -9999.0 -9999.0 -9999.0 -9999.0 -9999.0 -9999.0 -9999.0 -9999.0 -9999.0 -9999.0 -9999.0 -9999.0 -9999.0 -9999.0 -9999.0 -9999.0 -9999.0 -9999.0 -9999.0 -9999.0 -9999.0 -9999.0 -9999.0 -9999.0 -9999.0 -9999.0 -9999.0 -9999.0 -9999.0 -9999.0 -9999.0
-9999.0 -9999.0 -9999.0 -9999.0 -9999.0 -9999.0 -9999.0 -9999.0 -9999.0 -9999.0 -9999.0 -9999.0 -9999.0 -9999.0 -9999.0 -9999.0 -9999.0 -9999.0 -9999.0 -9999.0 -9999.0 -9999.0 -9999.0 -9999.0 -9999.0 -9999.0 -9999.0 -9999.0 -9999.0 -9999.0 -9999.0 -9999.0 -9999.0 -9999.0 -9999.0 -9999.0 -9999.0 -9999.0 -9999.0 -9999.0 -9999.0 -9999.0 -9999.0 -9999.0 -9999.0 -9999.0 -9999.0 -9999.0 -9999.0 -9999.0 -9999.0 -9999.0 -9999.0 -9999.0 -9999.0 -9999.0 -9999.0 -9999.0 -9999.0 -9999.0 -9999.0 -9999.0 -9999.0 -9999.0 -9999.0 -9999.0 -9999.0 -9999.0 -9999.0 -9999.0 -9999.0 -9999.0 -9999.0 -9999.0 -9999.0 -9999.0 -9999.0 -9999.0 -9999.0 -9999.0 -9999.0 -9999.0 -9999.0 -9999.0 -9999.0 -9999.0 -9999.0 -9999.0 -9999.0 -9999.0 -9999.0 -9999.0 -9999.0 -9999.0 -9999.0 -9999.0 -9999.0 -9999.0 -9999.0 -9999.0 -9999.0 -9999.0 -9999.0 -9999.0