inst/processing_geotop_simulation/geotop_simulation/out/maps3D/PwL0007N0345.asc
ncols         104
nrows         10
xllcorner     -2.000000
yllcorner     0.000000
cellsize      1.000000
NODATA_value  -9999.0
-9999.0 -9999.0 -9999.0 -9999.0 -9999.0 -9999.0 -9999.0 -9999.0 -9999.0 -9999.0 -9999.0 -9999.0 -9999.0 -9999.0 -9999.0 -9999.0 -9999.0 -9999.0 -9999.0 -9999.0 -9999.0 -9999.0 -9999.0 -9999.0 -9999.0 -9999.0 -9999.0 -9999.0 -9999.0 -9999.0 -9999.0 -9999.0 -9999.0 -9999.0 -9999.0 -9999.0 -9999.0 -9999.0 -9999.0 -9999.0 -9999.0 -9999.0 -9999.0 -9999.0 -9999.0 -9999.0 -9999.0 -9999.0 -9999.0 -9999.0 -9999.0 -9999.0 -9999.0 -9999.0 -9999.0 -9999.0 -9999.0 -9999.0 -9999.0 -9999.0 -9999.0 -9999.0 -9999.0 -9999.0 -9999.0 -9999.0 -9999.0 -9999.0 -9999.0 -9999.0 -9999.0 -9999.0 -9999.0 -9999.0 -9999.0 -9999.0 -9999.0 -9999.0 -9999.0 -9999.0 -9999.0 -9999.0 -9999.0 -9999.0 -9999.0 -9999.0 -9999.0 -9999.0 -9999.0 -9999.0 -9999.0 -9999.0 -9999.0 -9999.0 -9999.0 -9999.0 -9999.0 -9999.0 -9999.0 -9999.0 -9999.0 -9999.0 -9999.0 -9999.0
-9999.0 -9999.0 -9999.0 -9999.0 -9999.0 -9999.0 -9999.0 -9999.0 -9999.0 -9999.0 -9999.0 -9999.0 -9999.0 -9999.0 -9999.0 -9999.0 -9999.0 -9999.0 -9999.0 -9999.0 -9999.0 -9999.0 -9999.0 -9999.0 -9999.0 -9999.0 -9999.0 -9999.0 -9999.0 -9999.0 -9999.0 -9999.0 -9999.0 -9999.0 -9999.0 -9999.0 -9999.0 -9999.0 -9999.0 -9999.0 -9999.0 -9999.0 -9999.0 -9999.0 -9999.0 -9999.0 -9999.0 -9999.0 -9999.0 -9999.0 -9999.0 -9999.0 -9999.0 -9999.0 -9999.0 -9999.0 -9999.0 -9999.0 -9999.0 -9999.0 -9999.0 -9999.0 -9999.0 -9999.0 -9999.0 -9999.0 -9999.0 -9999.0 -9999.0 -9999.0 -9999.0 -9999.0 -9999.0 -9999.0 -9999.0 -9999.0 -9999.0 -9999.0 -9999.0 -9999.0 -9999.0 -9999.0 -9999.0 -9999.0 -9999.0 -9999.0 -9999.0 -9999.0 -9999.0 -9999.0 -9999.0 -9999.0 -9999.0 -9999.0 -9999.0 -9999.0 -9999.0 -9999.0 -9999.0 -9999.0 -9999.0 -9999.0 -9999.0 -9999.0
-9999.0 -9999.0 324.535338 226.914078 128.355854 29.454550 -69.579427 -168.667841 -267.771771 -366.862529 -465.910638 -564.856689 -663.575726 -762.039708 -860.467418 -958.838163 -1057.086430 -1154.801281 -1251.140330 -1345.511230 -1436.352237 -1521.029088 -1596.430223 -1660.234765 -1711.692448 -1751.529118 -1781.372310 -1803.159570 -1818.745394 -1829.715014 -1837.334840 -1842.571968 -1846.141203 -1848.557881 -1850.186803 -1851.284921 -1852.043255 -1852.660456 -1853.580226 -1856.117934 -1861.071931 -1832.169470 -1202.921292 -1245.658085 -1224.860490 -1211.247729 -1204.913970 -1203.984399 -1203.885989 -1203.895103 -1203.919599 -1203.945964 -1203.971303 -1203.994769 -1204.016570 -1204.042140 -1204.122958 -1204.670971 -1208.009320 -1215.463927 -1224.965331 -1169.009900 -1803.316137 -1854.391548 -1854.690275 -1853.838910 -1853.623155 -1853.583766 -1853.577716 -1853.577288 -1853.577719 -1853.578193 -1853.578583 -1853.578886 -1853.579122 -1853.579307 -1853.579455 -1853.579578 -1853.579683 -1853.579778 -1853.579872 -1853.579977 -1853.580108 -1853.580288 -1853.580549 -1853.580947 -1853.581569 -1853.582562 -1853.584179 -1853.586868 -1853.591451 -1853.599485 -1853.614000 -1853.641029 -1853.692833 -1853.795088 -1854.004263 -1854.453548 -1855.483950 -1858.057250 -1865.276512 -1889.041936 -9999.0 -9999.0
-9999.0 -9999.0 324.542711 226.915861 128.356327 29.454690 -69.579382 -168.667826 -267.771766 -366.862527 -465.910637 -564.856689 -663.575725 -762.039708 -860.467418 -958.838163 -1057.086430 -1154.801281 -1251.140330 -1345.511230 -1436.352237 -1521.029088 -1596.430223 -1660.234765 -1711.692448 -1751.529118 -1781.372310 -1803.159570 -1818.745394 -1829.715014 -1837.334840 -1842.571968 -1846.141203 -1848.557881 -1850.186803 -1851.284921 -1852.043255 -1852.660456 -1853.580226 -1856.117934 -1861.071931 -1832.169470 -1202.921292 -1245.658085 -1224.860489 -1211.247729 -1204.913970 -1203.984399 -1203.885989 -1203.895103 -1203.919599 -1203.945964 -1203.971303 -1203.994769 -1204.016570 -1204.042140 -1204.122958 -1204.670971 -1208.009320 -1215.463927 -1224.965331 -1169.009900 -1803.316137 -1854.391548 -1854.690275 -1853.838910 -1853.623155 -1853.583766 -1853.577716 -1853.577288 -1853.577719 -1853.578193 -1853.578583 -1853.578886 -1853.579122 -1853.579307 -1853.579455 -1853.579578 -1853.579683 -1853.579778 -1853.579872 -1853.579977 -1853.580108 -1853.580288 -1853.580549 -1853.580947 -1853.581569 -1853.582562 -1853.584179 -1853.586868 -1853.591451 -1853.599485 -1853.614000 -1853.641029 -1853.692833 -1853.795088 -1854.004263 -1854.453548 -1855.483950 -1858.057250 -1865.276512 -1889.041936 -9999.0 -9999.0
-9999.0 -9999.0 324.544106 226.916620 128.356629 29.454800 -69.579343 -168.667812 -267.771761 -366.862525 -465.910636 -564.856688 -663.575725 -762.039708 -860.467418 -958.838163 -1057.086430 -1154.801281 -1251.140330 -1345.511230 -1436.352237 -1521.029088 -1596.430223 -1660.234765 -1711.692448 -1751.529118 -1781.372310 -1803.159570 -1818.745394 -1829.715014 -1837.334840 -1842.571969 -1846.141203 -1848.557881 -1850.186803 -1851.284921 -1852.043255 -1852.660456 -1853.580226 -1856.117934 -1861.071931 -1832.169470 -1202.921292 -1245.658085 -1224.860489 -1211.247729 -1204.913970 -1203.984399 -1203.885989 -1203.895103 -1203.919599 -1203.945964 -1203.971303 -1203.994769 -1204.016570 -1204.042140 -1204.122958 -1204.670971 -1208.009320 -1215.463927 -1224.965331 -1169.009900 -1803.316137 -1854.391548 -1854.690275 -1853.838910 -1853.623155 -1853.583766 -1853.577716 -1853.577288 -1853.577719 -1853.578193 -1853.578583 -1853.578886 -1853.579122 -1853.579307 -1853.579455 -1853.579578 -1853.579683 -1853.579778 -1853.579872 -1853.579977 -1853.580108 -1853.580288 -1853.580549 -1853.580947 -1853.581569 -1853.582562 -1853.584179 -1853.586868 -1853.591451 -1853.599485 -1853.614000 -1853.641029 -1853.692833 -1853.795088 -1854.004263 -1854.453548 -1855.483950 -1858.057250 -1865.276512 -1889.041936 -9999.0 -9999.0
-9999.0 -9999.0 324.544106 226.916620 128.356629 29.454800 -69.579343 -168.667812 -267.771761 -366.862525 -465.910636 -564.856688 -663.575725 -762.039708 -860.467418 -958.838163 -1057.086430 -1154.801281 -1251.140330 -1345.511230 -1436.352237 -1521.029088 -1596.430223 -1660.234765 -1711.692448 -1751.529118 -1781.372310 -1803.159570 -1818.745394 -1829.715014 -1837.334840 -1842.571969 -1846.141203 -1848.557881 -1850.186803 -1851.284921 -1852.043255 -1852.660456 -1853.580226 -1856.117934 -1861.071931 -1832.169470 -1202.921292 -1245.658085 -1224.860489 -1211.247729 -1204.913970 -1203.984399 -1203.885989 -1203.895103 -1203.919599 -1203.945964 -1203.971303 -1203.994769 -1204.016570 -1204.042140 -1204.122958 -1204.670971 -1208.009320 -1215.463927 -1224.965331 -1169.009900 -1803.316137 -1854.391548 -1854.690275 -1853.838910 -1853.623155 -1853.583766 -1853.577716 -1853.577288 -1853.577719 -1853.578193 -1853.578583 -1853.578886 -1853.579122 -1853.579307 -1853.579455 -1853.579578 -1853.579683 -1853.579778 -1853.579872 -1853.579977 -1853.580108 -1853.580288 -1853.580549 -1853.580947 -1853.581569 -1853.582562 -1853.584179 -1853.586868 -1853.591451 -1853.599485 -1853.614000 -1853.641029 -1853.692833 -1853.795088 -1854.004263 -1854.453548 -1855.483950 -1858.057250 -1865.276512 -1889.041936 -9999.0 -9999.0
-9999.0 -9999.0 324.542711 226.915861 128.356327 29.454690 -69.579382 -168.667826 -267.771766 -366.862527 -465.910637 -564.856689 -663.575725 -762.039708 -860.467418 -958.838163 -1057.086430 -1154.801281 -1251.140330 -1345.511230 -1436.352237 -1521.029088 -1596.430223 -1660.234765 -1711.692448 -1751.529118 -1781.372310 -1803.159570 -1818.745394 -1829.715014 -1837.334840 -1842.571968 -1846.141203 -1848.557881 -1850.186803 -1851.284921 -1852.043255 -1852.660456 -1853.580226 -1856.117934 -1861.071931 -1832.169470 -1202.921292 -1245.658085 -1224.860489 -1211.247729 -1204.913970 -1203.984399 -1203.885989 -1203.895103 -1203.919599 -1203.945964 -1203.971303 -1203.994769 -1204.016570 -1204.042140 -1204.122958 -1204.670971 -1208.009320 -1215.463927 -1224.965331 -1169.009900 -1803.316137 -1854.391548 -1854.690275 -1853.838910 -1853.623155 -1853.583766 -1853.577716 -1853.577288 -1853.577719 -1853.578193 -1853.578583 -1853.578886 -1853.579122 -1853.579307 -1853.579455 -1853.579578 -1853.579683 -1853.579778 -1853.579872 -1853.579977 -1853.580108 -1853.580288 -1853.580549 -1853.580947 -1853.581569 -1853.582562 -1853.584179 -1853.586868 -1853.591451 -1853.599485 -1853.614000 -1853.641029 -1853.692833 -1853.795088 -1854.004263 -1854.453548 -1855.483950 -1858.057250 -1865.276512 -1889.041936 -9999.0 -9999.0
-9999.0 -9999.0 324.535338 226.914078 128.355854 29.454550 -69.579427 -168.667841 -267.771771 -366.862529 -465.910638 -564.856689 -663.575726 -762.039708 -860.467418 -958.838163 -1057.086430 -1154.801281 -1251.140330 -1345.511230 -1436.352237 -1521.029088 -1596.430223 -1660.234765 -1711.692448 -1751.529118 -1781.372310 -1803.159570 -1818.745394 -1829.715014 -1837.334840 -1842.571968 -1846.141203 -1848.557881 -1850.186803 -1851.284921 -1852.043255 -1852.660456 -1853.580226 -1856.117934 -1861.071931 -1832.169470 -1202.921292 -1245.658085 -1224.860490 -1211.247729 -1204.913970 -1203.984399 -1203.885989 -1203.895103 -1203.919599 -1203.945964 -1203.971303 -1203.994769 -1204.016570 -1204.042140 -1204.122958 -1204.670971 -1208.009320 -1215.463927 -1224.965331 -1169.009900 -1803.316137 -1854.391548 -1854.690275 -1853.838910 -1853.623155 -1853.583766 -1853.577716 -1853.577288 -1853.577719 -1853.578193 -1853.578583 -1853.578886 -1853.579122 -1853.579307 -1853.579455 -1853.579578 -1853.579683 -1853.579778 -1853.579872 -1853.579977 -1853.580108 -1853.580288 -1853.580549 -1853.580947 -1853.581569 -1853.582562 -1853.584179 -1853.586868 -1853.591451 -1853.599485 -1853.614000 -1853.641029 -1853.692833 -1853.795088 -1854.004263 -1854.453548 -1855.483950 -1858.057250 -1865.276512 -1889.041936 -9999.0 -9999.0
-9999.0 -9999.0 -9999.0 -9999.0 -9999.0 -9999.0 -9999.0 -9999.0 -9999.0 -9999.0 -9999.0 -9999.0 -9999.0 -9999.0 -9999.0 -9999.0 -9999.0 -9999.0 -9999.0 -9999.0 -9999.0 -9999.0 -9999.0 -9999.0 -9999.0 -9999.0 -9999.0 -9999.0 -9999.0 -9999.0 -9999.0 -9999.0 -9999.0 -9999.0 -9999.0 -9999.0 -9999.0 -9999.0 -9999.0 -9999.0 -9999.0 -9999.0 -9999.0 -9999.0 -9999.0 -9999.0 -9999.0 -9999.0 -9999.0 -9999.0 -9999.0 -9999.0 -9999.0 -9999.0 -9999.0 -9999.0 -9999.0 -9999.0 -9999.0 -9999.0 -9999.0 -9999.0 -9999.0 -9999.0 -9999.0 -9999.0 -9999.0 -9999.0 -9999.0 -9999.0 -9999.0 -9999.0 -9999.0 -9999.0 -9999.0 -9999.0 -9999.0 -9999.0 -9999.0 -9999.0 -9999.0 -9999.0 -9999.0 -9999.0 -9999.0 -9999.0 -9999.0 -9999.0 -9999.0 -9999.0 -9999.0 -9999.0 -9999.0 -9999.0 -9999.0 -9999.0 -9999.0 -9999.0 -9999.0 -9999.0 -9999.0 -9999.0 -9999.0 -9999.0
-9999.0 -9999.0 -9999.0 -9999.0 -9999.0 -9999.0 -9999.0 -9999.0 -9999.0 -9999.0 -9999.0 -9999.0 -9999.0 -9999.0 -9999.0 -9999.0 -9999.0 -9999.0 -9999.0 -9999.0 -9999.0 -9999.0 -9999.0 -9999.0 -9999.0 -9999.0 -9999.0 -9999.0 -9999.0 -9999.0 -9999.0 -9999.0 -9999.0 -9999.0 -9999.0 -9999.0 -9999.0 -9999.0 -9999.0 -9999.0 -9999.0 -9999.0 -9999.0 -9999.0 -9999.0 -9999.0 -9999.0 -9999.0 -9999.0 -9999.0 -9999.0 -9999.0 -9999.0 -9999.0 -9999.0 -9999.0 -9999.0 -9999.0 -9999.0 -9999.0 -9999.0 -9999.0 -9999.0 -9999.0 -9999.0 -9999.0 -9999.0 -9999.0 -9999.0 -9999.0 -9999.0 -9999.0 -9999.0 -9999.0 -9999.0 -9999.0 -9999.0 -9999.0 -9999.0 -9999.0 -9999.0 -9999.0 -9999.0 -9999.0 -9999.0 -9999.0 -9999.0 -9999.0 -9999.0 -9999.0 -9999.0 -9999.0 -9999.0 -9999.0 -9999.0 -9999.0 -9999.0 -9999.0 -9999.0 -9999.0 -9999.0 -9999.0 -9999.0 -9999.0