inst/processing_geotop_simulation/geotop_simulation/out/maps3D/PwL0005N0270.asc
ncols         104
nrows         10
xllcorner     -2.000000
yllcorner     0.000000
cellsize      1.000000
NODATA_value  -9999.0
-9999.0 -9999.0 -9999.0 -9999.0 -9999.0 -9999.0 -9999.0 -9999.0 -9999.0 -9999.0 -9999.0 -9999.0 -9999.0 -9999.0 -9999.0 -9999.0 -9999.0 -9999.0 -9999.0 -9999.0 -9999.0 -9999.0 -9999.0 -9999.0 -9999.0 -9999.0 -9999.0 -9999.0 -9999.0 -9999.0 -9999.0 -9999.0 -9999.0 -9999.0 -9999.0 -9999.0 -9999.0 -9999.0 -9999.0 -9999.0 -9999.0 -9999.0 -9999.0 -9999.0 -9999.0 -9999.0 -9999.0 -9999.0 -9999.0 -9999.0 -9999.0 -9999.0 -9999.0 -9999.0 -9999.0 -9999.0 -9999.0 -9999.0 -9999.0 -9999.0 -9999.0 -9999.0 -9999.0 -9999.0 -9999.0 -9999.0 -9999.0 -9999.0 -9999.0 -9999.0 -9999.0 -9999.0 -9999.0 -9999.0 -9999.0 -9999.0 -9999.0 -9999.0 -9999.0 -9999.0 -9999.0 -9999.0 -9999.0 -9999.0 -9999.0 -9999.0 -9999.0 -9999.0 -9999.0 -9999.0 -9999.0 -9999.0 -9999.0 -9999.0 -9999.0 -9999.0 -9999.0 -9999.0 -9999.0 -9999.0 -9999.0 -9999.0 -9999.0 -9999.0
-9999.0 -9999.0 -9999.0 -9999.0 -9999.0 -9999.0 -9999.0 -9999.0 -9999.0 -9999.0 -9999.0 -9999.0 -9999.0 -9999.0 -9999.0 -9999.0 -9999.0 -9999.0 -9999.0 -9999.0 -9999.0 -9999.0 -9999.0 -9999.0 -9999.0 -9999.0 -9999.0 -9999.0 -9999.0 -9999.0 -9999.0 -9999.0 -9999.0 -9999.0 -9999.0 -9999.0 -9999.0 -9999.0 -9999.0 -9999.0 -9999.0 -9999.0 -9999.0 -9999.0 -9999.0 -9999.0 -9999.0 -9999.0 -9999.0 -9999.0 -9999.0 -9999.0 -9999.0 -9999.0 -9999.0 -9999.0 -9999.0 -9999.0 -9999.0 -9999.0 -9999.0 -9999.0 -9999.0 -9999.0 -9999.0 -9999.0 -9999.0 -9999.0 -9999.0 -9999.0 -9999.0 -9999.0 -9999.0 -9999.0 -9999.0 -9999.0 -9999.0 -9999.0 -9999.0 -9999.0 -9999.0 -9999.0 -9999.0 -9999.0 -9999.0 -9999.0 -9999.0 -9999.0 -9999.0 -9999.0 -9999.0 -9999.0 -9999.0 -9999.0 -9999.0 -9999.0 -9999.0 -9999.0 -9999.0 -9999.0 -9999.0 -9999.0 -9999.0 -9999.0
-9999.0 -9999.0 226.595525 130.743233 33.050715 -65.208836 -163.688302 -262.252856 -360.826728 -459.357346 -557.765314 -655.848395 -753.487519 -850.802598 -947.868487 -1044.991898 -1141.477953 -1236.158334 -1328.633098 -1417.689852 -1500.478785 -1573.137583 -1632.937939 -1679.435763 -1714.041010 -1739.007665 -1756.639753 -1768.902839 -1777.328515 -1783.056157 -1786.912648 -1789.487661 -1791.195176 -1792.321444 -1793.061935 -1793.550648 -1793.887602 -1794.189477 -1794.793810 -1797.037560 -1803.576889 -1784.760441 -1134.210844 -1149.126957 -1133.636328 -1123.656564 -1118.991742 -1118.306789 -1118.234711 -1118.242382 -1118.261630 -1118.282294 -1118.302149 -1118.320533 -1118.337582 -1118.357280 -1118.417574 -1118.823446 -1121.292323 -1126.813507 -1134.586583 -1108.852840 -1759.833903 -1797.573473 -1795.714249 -1794.778825 -1794.593429 -1794.563151 -1794.558913 -1794.558922 -1794.559544 -1794.560141 -1794.560617 -1794.560982 -1794.561263 -1794.561481 -1794.561654 -1794.561794 -1794.561912 -1794.562017 -1794.562121 -1794.562237 -1794.562383 -1794.562586 -1794.562886 -1794.563347 -1794.564073 -1794.565237 -1794.567132 -1794.570277 -1794.575617 -1794.584930 -1794.601657 -1794.632607 -1794.691479 -1794.806422 -1795.037568 -1795.521881 -1796.598294 -1799.190032 -1806.193402 -1828.905236 -9999.0 -9999.0
-9999.0 -9999.0 226.604688 130.745226 33.051228 -65.208686 -163.688255 -262.252840 -360.826722 -459.357344 -557.765313 -655.848395 -753.487519 -850.802598 -947.868487 -1044.991898 -1141.477953 -1236.158334 -1328.633098 -1417.689852 -1500.478785 -1573.137583 -1632.937940 -1679.435763 -1714.041010 -1739.007665 -1756.639753 -1768.902840 -1777.328515 -1783.056157 -1786.912648 -1789.487661 -1791.195176 -1792.321444 -1793.061935 -1793.550648 -1793.887602 -1794.189477 -1794.793810 -1797.037560 -1803.576889 -1784.760441 -1134.210844 -1149.126957 -1133.636328 -1123.656564 -1118.991742 -1118.306789 -1118.234711 -1118.242382 -1118.261630 -1118.282294 -1118.302149 -1118.320533 -1118.337582 -1118.357280 -1118.417574 -1118.823446 -1121.292323 -1126.813507 -1134.586583 -1108.852840 -1759.833903 -1797.573473 -1795.714249 -1794.778825 -1794.593429 -1794.563151 -1794.558913 -1794.558922 -1794.559544 -1794.560141 -1794.560617 -1794.560982 -1794.561263 -1794.561481 -1794.561654 -1794.561794 -1794.561912 -1794.562017 -1794.562121 -1794.562237 -1794.562383 -1794.562586 -1794.562886 -1794.563347 -1794.564073 -1794.565237 -1794.567132 -1794.570277 -1794.575617 -1794.584930 -1794.601657 -1794.632607 -1794.691479 -1794.806422 -1795.037568 -1795.521881 -1796.598294 -1799.190032 -1806.193402 -1828.905236 -9999.0 -9999.0
-9999.0 -9999.0 226.606128 130.746047 33.051554 -65.208568 -163.688213 -262.252825 -360.826717 -459.357342 -557.765312 -655.848395 -753.487519 -850.802598 -947.868487 -1044.991898 -1141.477953 -1236.158334 -1328.633098 -1417.689852 -1500.478785 -1573.137583 -1632.937940 -1679.435763 -1714.041010 -1739.007666 -1756.639753 -1768.902840 -1777.328515 -1783.056157 -1786.912648 -1789.487661 -1791.195176 -1792.321444 -1793.061935 -1793.550648 -1793.887602 -1794.189477 -1794.793810 -1797.037560 -1803.576889 -1784.760441 -1134.210844 -1149.126957 -1133.636327 -1123.656564 -1118.991742 -1118.306789 -1118.234711 -1118.242382 -1118.261630 -1118.282294 -1118.302149 -1118.320533 -1118.337582 -1118.357280 -1118.417574 -1118.823446 -1121.292323 -1126.813507 -1134.586583 -1108.852840 -1759.833903 -1797.573473 -1795.714249 -1794.778825 -1794.593429 -1794.563151 -1794.558913 -1794.558922 -1794.559544 -1794.560141 -1794.560617 -1794.560982 -1794.561263 -1794.561481 -1794.561654 -1794.561794 -1794.561912 -1794.562017 -1794.562121 -1794.562237 -1794.562383 -1794.562586 -1794.562886 -1794.563347 -1794.564073 -1794.565237 -1794.567132 -1794.570277 -1794.575617 -1794.584930 -1794.601657 -1794.632607 -1794.691479 -1794.806422 -1795.037568 -1795.521881 -1796.598294 -1799.190032 -1806.193402 -1828.905236 -9999.0 -9999.0
-9999.0 -9999.0 226.606128 130.746047 33.051554 -65.208568 -163.688213 -262.252825 -360.826717 -459.357342 -557.765312 -655.848395 -753.487519 -850.802598 -947.868487 -1044.991898 -1141.477953 -1236.158334 -1328.633098 -1417.689852 -1500.478785 -1573.137583 -1632.937940 -1679.435763 -1714.041010 -1739.007666 -1756.639753 -1768.902840 -1777.328515 -1783.056157 -1786.912648 -1789.487661 -1791.195176 -1792.321444 -1793.061935 -1793.550648 -1793.887602 -1794.189477 -1794.793810 -1797.037560 -1803.576889 -1784.760441 -1134.210844 -1149.126957 -1133.636327 -1123.656564 -1118.991742 -1118.306789 -1118.234711 -1118.242382 -1118.261630 -1118.282294 -1118.302149 -1118.320533 -1118.337582 -1118.357280 -1118.417574 -1118.823446 -1121.292323 -1126.813507 -1134.586583 -1108.852840 -1759.833903 -1797.573473 -1795.714249 -1794.778825 -1794.593429 -1794.563151 -1794.558913 -1794.558922 -1794.559544 -1794.560141 -1794.560617 -1794.560982 -1794.561263 -1794.561481 -1794.561654 -1794.561794 -1794.561912 -1794.562017 -1794.562121 -1794.562237 -1794.562383 -1794.562586 -1794.562886 -1794.563347 -1794.564073 -1794.565237 -1794.567132 -1794.570277 -1794.575617 -1794.584930 -1794.601657 -1794.632607 -1794.691479 -1794.806422 -1795.037568 -1795.521881 -1796.598294 -1799.190032 -1806.193402 -1828.905236 -9999.0 -9999.0
-9999.0 -9999.0 226.604688 130.745226 33.051228 -65.208686 -163.688254 -262.252840 -360.826722 -459.357344 -557.765313 -655.848395 -753.487519 -850.802598 -947.868487 -1044.991898 -1141.477953 -1236.158334 -1328.633098 -1417.689852 -1500.478785 -1573.137583 -1632.937940 -1679.435763 -1714.041010 -1739.007665 -1756.639753 -1768.902840 -1777.328515 -1783.056157 -1786.912648 -1789.487661 -1791.195176 -1792.321444 -1793.061935 -1793.550648 -1793.887602 -1794.189477 -1794.793810 -1797.037560 -1803.576889 -1784.760441 -1134.210844 -1149.126957 -1133.636328 -1123.656564 -1118.991742 -1118.306789 -1118.234711 -1118.242382 -1118.261630 -1118.282294 -1118.302149 -1118.320533 -1118.337582 -1118.357280 -1118.417574 -1118.823446 -1121.292323 -1126.813507 -1134.586583 -1108.852840 -1759.833903 -1797.573473 -1795.714249 -1794.778825 -1794.593429 -1794.563151 -1794.558913 -1794.558922 -1794.559544 -1794.560141 -1794.560617 -1794.560982 -1794.561263 -1794.561481 -1794.561654 -1794.561794 -1794.561912 -1794.562017 -1794.562121 -1794.562237 -1794.562383 -1794.562586 -1794.562886 -1794.563347 -1794.564073 -1794.565237 -1794.567132 -1794.570277 -1794.575617 -1794.584930 -1794.601657 -1794.632607 -1794.691479 -1794.806422 -1795.037568 -1795.521881 -1796.598294 -1799.190032 -1806.193402 -1828.905236 -9999.0 -9999.0
-9999.0 -9999.0 226.595525 130.743233 33.050715 -65.208836 -163.688302 -262.252856 -360.826728 -459.357346 -557.765314 -655.848395 -753.487519 -850.802598 -947.868487 -1044.991898 -1141.477953 -1236.158334 -1328.633098 -1417.689852 -1500.478785 -1573.137583 -1632.937939 -1679.435763 -1714.041010 -1739.007665 -1756.639753 -1768.902839 -1777.328515 -1783.056157 -1786.912648 -1789.487661 -1791.195176 -1792.321444 -1793.061935 -1793.550648 -1793.887602 -1794.189477 -1794.793810 -1797.037560 -1803.576889 -1784.760441 -1134.210844 -1149.126957 -1133.636328 -1123.656564 -1118.991742 -1118.306789 -1118.234711 -1118.242382 -1118.261630 -1118.282294 -1118.302149 -1118.320533 -1118.337582 -1118.357280 -1118.417574 -1118.823446 -1121.292323 -1126.813507 -1134.586583 -1108.852840 -1759.833903 -1797.573473 -1795.714249 -1794.778825 -1794.593429 -1794.563151 -1794.558913 -1794.558922 -1794.559544 -1794.560141 -1794.560617 -1794.560982 -1794.561263 -1794.561481 -1794.561654 -1794.561794 -1794.561912 -1794.562017 -1794.562121 -1794.562237 -1794.562383 -1794.562586 -1794.562886 -1794.563347 -1794.564073 -1794.565237 -1794.567132 -1794.570277 -1794.575617 -1794.584930 -1794.601657 -1794.632607 -1794.691479 -1794.806422 -1795.037568 -1795.521881 -1796.598294 -1799.190032 -1806.193402 -1828.905236 -9999.0 -9999.0
-9999.0 -9999.0 -9999.0 -9999.0 -9999.0 -9999.0 -9999.0 -9999.0 -9999.0 -9999.0 -9999.0 -9999.0 -9999.0 -9999.0 -9999.0 -9999.0 -9999.0 -9999.0 -9999.0 -9999.0 -9999.0 -9999.0 -9999.0 -9999.0 -9999.0 -9999.0 -9999.0 -9999.0 -9999.0 -9999.0 -9999.0 -9999.0 -9999.0 -9999.0 -9999.0 -9999.0 -9999.0 -9999.0 -9999.0 -9999.0 -9999.0 -9999.0 -9999.0 -9999.0 -9999.0 -9999.0 -9999.0 -9999.0 -9999.0 -9999.0 -9999.0 -9999.0 -9999.0 -9999.0 -9999.0 -9999.0 -9999.0 -9999.0 -9999.0 -9999.0 -9999.0 -9999.0 -9999.0 -9999.0 -9999.0 -9999.0 -9999.0 -9999.0 -9999.0 -9999.0 -9999.0 -9999.0 -9999.0 -9999.0 -9999.0 -9999.0 -9999.0 -9999.0 -9999.0 -9999.0 -9999.0 -9999.0 -9999.0 -9999.0 -9999.0 -9999.0 -9999.0 -9999.0 -9999.0 -9999.0 -9999.0 -9999.0 -9999.0 -9999.0 -9999.0 -9999.0 -9999.0 -9999.0 -9999.0 -9999.0 -9999.0 -9999.0 -9999.0 -9999.0
-9999.0 -9999.0 -9999.0 -9999.0 -9999.0 -9999.0 -9999.0 -9999.0 -9999.0 -9999.0 -9999.0 -9999.0 -9999.0 -9999.0 -9999.0 -9999.0 -9999.0 -9999.0 -9999.0 -9999.0 -9999.0 -9999.0 -9999.0 -9999.0 -9999.0 -9999.0 -9999.0 -9999.0 -9999.0 -9999.0 -9999.0 -9999.0 -9999.0 -9999.0 -9999.0 -9999.0 -9999.0 -9999.0 -9999.0 -9999.0 -9999.0 -9999.0 -9999.0 -9999.0 -9999.0 -9999.0 -9999.0 -9999.0 -9999.0 -9999.0 -9999.0 -9999.0 -9999.0 -9999.0 -9999.0 -9999.0 -9999.0 -9999.0 -9999.0 -9999.0 -9999.0 -9999.0 -9999.0 -9999.0 -9999.0 -9999.0 -9999.0 -9999.0 -9999.0 -9999.0 -9999.0 -9999.0 -9999.0 -9999.0 -9999.0 -9999.0 -9999.0 -9999.0 -9999.0 -9999.0 -9999.0 -9999.0 -9999.0 -9999.0 -9999.0 -9999.0 -9999.0 -9999.0 -9999.0 -9999.0 -9999.0 -9999.0 -9999.0 -9999.0 -9999.0 -9999.0 -9999.0 -9999.0 -9999.0 -9999.0 -9999.0 -9999.0 -9999.0 -9999.0