inst/processing_geotop_simulation/geotop_simulation/out/maps3D/PwL0014N0137.asc
ncols         104
nrows         10
xllcorner     -2.000000
yllcorner     0.000000
cellsize      1.000000
NODATA_value  -9999.0
-9999.0 -9999.0 -9999.0 -9999.0 -9999.0 -9999.0 -9999.0 -9999.0 -9999.0 -9999.0 -9999.0 -9999.0 -9999.0 -9999.0 -9999.0 -9999.0 -9999.0 -9999.0 -9999.0 -9999.0 -9999.0 -9999.0 -9999.0 -9999.0 -9999.0 -9999.0 -9999.0 -9999.0 -9999.0 -9999.0 -9999.0 -9999.0 -9999.0 -9999.0 -9999.0 -9999.0 -9999.0 -9999.0 -9999.0 -9999.0 -9999.0 -9999.0 -9999.0 -9999.0 -9999.0 -9999.0 -9999.0 -9999.0 -9999.0 -9999.0 -9999.0 -9999.0 -9999.0 -9999.0 -9999.0 -9999.0 -9999.0 -9999.0 -9999.0 -9999.0 -9999.0 -9999.0 -9999.0 -9999.0 -9999.0 -9999.0 -9999.0 -9999.0 -9999.0 -9999.0 -9999.0 -9999.0 -9999.0 -9999.0 -9999.0 -9999.0 -9999.0 -9999.0 -9999.0 -9999.0 -9999.0 -9999.0 -9999.0 -9999.0 -9999.0 -9999.0 -9999.0 -9999.0 -9999.0 -9999.0 -9999.0 -9999.0 -9999.0 -9999.0 -9999.0 -9999.0 -9999.0 -9999.0 -9999.0 -9999.0 -9999.0 -9999.0 -9999.0 -9999.0
-9999.0 -9999.0 -9999.0 -9999.0 -9999.0 -9999.0 -9999.0 -9999.0 -9999.0 -9999.0 -9999.0 -9999.0 -9999.0 -9999.0 -9999.0 -9999.0 -9999.0 -9999.0 -9999.0 -9999.0 -9999.0 -9999.0 -9999.0 -9999.0 -9999.0 -9999.0 -9999.0 -9999.0 -9999.0 -9999.0 -9999.0 -9999.0 -9999.0 -9999.0 -9999.0 -9999.0 -9999.0 -9999.0 -9999.0 -9999.0 -9999.0 -9999.0 -9999.0 -9999.0 -9999.0 -9999.0 -9999.0 -9999.0 -9999.0 -9999.0 -9999.0 -9999.0 -9999.0 -9999.0 -9999.0 -9999.0 -9999.0 -9999.0 -9999.0 -9999.0 -9999.0 -9999.0 -9999.0 -9999.0 -9999.0 -9999.0 -9999.0 -9999.0 -9999.0 -9999.0 -9999.0 -9999.0 -9999.0 -9999.0 -9999.0 -9999.0 -9999.0 -9999.0 -9999.0 -9999.0 -9999.0 -9999.0 -9999.0 -9999.0 -9999.0 -9999.0 -9999.0 -9999.0 -9999.0 -9999.0 -9999.0 -9999.0 -9999.0 -9999.0 -9999.0 -9999.0 -9999.0 -9999.0 -9999.0 -9999.0 -9999.0 -9999.0 -9999.0 -9999.0
-9999.0 -9999.0 687.149869 595.639338 502.329789 407.792212 312.676704 217.309874 121.855244 26.400424 -68.990171 -164.293033 -259.440422 -354.364367 -449.055552 -543.390707 -637.279456 -730.953610 -823.362501 -914.017744 -1002.490179 -1077.677822 -1138.141738 -1183.333680 -1215.075898 -1236.360333 -1250.191483 -1258.995296 -1264.517556 -1267.941169 -1270.045079 -1271.330700 -1272.114897 -1272.594487 -1272.889824 -1273.075783 -1273.206579 -1273.346099 -1273.697242 -1275.581184 -1287.139896 -1365.013666 -2066.634071 -4264.755387 -4282.177474 -4282.177898 -4282.177715 -4282.177686 -4282.177683 -4282.177683 -4282.177684 -4282.177685 -4282.177686 -4282.177686 -4282.177687 -4282.177688 -4282.177690 -4282.177705 -4282.177811 -4282.176799 -4254.181377 -1950.292987 -1334.807818 -1282.073466 -1274.704167 -1273.701390 -1273.562516 -1273.541555 -1273.539169 -1273.540012 -1273.541233 -1273.542281 -1273.543094 -1273.543712 -1273.544184 -1273.544551 -1273.544841 -1273.545075 -1273.545270 -1273.545442 -1273.545610 -1273.545796 -1273.546029 -1273.546352 -1273.546828 -1273.547559 -1273.548709 -1273.550545 -1273.553524 -1273.558435 -1273.566704 -1273.580984 -1273.606371 -1273.652888 -1273.740536 -1273.909763 -1274.244383 -1274.927832 -1276.397453 -1279.786344 -1288.242211 -1312.231767 -9999.0 -9999.0
-9999.0 -9999.0 687.155062 595.641030 502.330296 407.792370 312.676756 217.309892 121.855250 26.400426 -68.990170 -164.293033 -259.440422 -354.364367 -449.055552 -543.390707 -637.279456 -730.953610 -823.362501 -914.017744 -1002.490180 -1077.677823 -1138.141738 -1183.333680 -1215.075898 -1236.360333 -1250.191483 -1258.995296 -1264.517556 -1267.941169 -1270.045080 -1271.330700 -1272.114897 -1272.594487 -1272.889824 -1273.075783 -1273.206579 -1273.346099 -1273.697242 -1275.581184 -1287.139896 -1365.013666 -2066.634071 -4264.755387 -4282.177474 -4282.177898 -4282.177715 -4282.177686 -4282.177683 -4282.177683 -4282.177684 -4282.177685 -4282.177686 -4282.177686 -4282.177687 -4282.177688 -4282.177690 -4282.177705 -4282.177811 -4282.176799 -4254.181377 -1950.292987 -1334.807818 -1282.073466 -1274.704167 -1273.701390 -1273.562516 -1273.541555 -1273.539169 -1273.540012 -1273.541233 -1273.542281 -1273.543094 -1273.543712 -1273.544184 -1273.544551 -1273.544841 -1273.545075 -1273.545270 -1273.545442 -1273.545610 -1273.545796 -1273.546029 -1273.546352 -1273.546828 -1273.547559 -1273.548709 -1273.550545 -1273.553524 -1273.558435 -1273.566704 -1273.580984 -1273.606371 -1273.652888 -1273.740536 -1273.909763 -1274.244383 -1274.927832 -1276.397453 -1279.786344 -1288.242211 -1312.231767 -9999.0 -9999.0
-9999.0 -9999.0 687.156619 595.641848 502.330632 407.792496 312.676801 217.309908 121.855256 26.400428 -68.990169 -164.293033 -259.440422 -354.364367 -449.055552 -543.390707 -637.279456 -730.953610 -823.362501 -914.017744 -1002.490180 -1077.677823 -1138.141739 -1183.333680 -1215.075898 -1236.360333 -1250.191483 -1258.995296 -1264.517556 -1267.941169 -1270.045080 -1271.330700 -1272.114897 -1272.594487 -1272.889824 -1273.075783 -1273.206579 -1273.346099 -1273.697242 -1275.581184 -1287.139896 -1365.013666 -2066.634071 -4264.755387 -4282.177474 -4282.177898 -4282.177715 -4282.177686 -4282.177683 -4282.177683 -4282.177684 -4282.177685 -4282.177686 -4282.177686 -4282.177687 -4282.177688 -4282.177690 -4282.177705 -4282.177811 -4282.176799 -4254.181377 -1950.292987 -1334.807818 -1282.073466 -1274.704167 -1273.701390 -1273.562516 -1273.541555 -1273.539169 -1273.540012 -1273.541233 -1273.542281 -1273.543094 -1273.543712 -1273.544184 -1273.544551 -1273.544841 -1273.545075 -1273.545270 -1273.545442 -1273.545610 -1273.545796 -1273.546029 -1273.546352 -1273.546828 -1273.547559 -1273.548709 -1273.550545 -1273.553524 -1273.558435 -1273.566704 -1273.580984 -1273.606371 -1273.652888 -1273.740536 -1273.909763 -1274.244383 -1274.927832 -1276.397453 -1279.786344 -1288.242211 -1312.231767 -9999.0 -9999.0
-9999.0 -9999.0 687.156619 595.641848 502.330632 407.792496 312.676801 217.309908 121.855255 26.400428 -68.990169 -164.293032 -259.440422 -354.364367 -449.055552 -543.390707 -637.279456 -730.953610 -823.362501 -914.017744 -1002.490180 -1077.677823 -1138.141739 -1183.333680 -1215.075898 -1236.360333 -1250.191483 -1258.995296 -1264.517556 -1267.941169 -1270.045080 -1271.330700 -1272.114897 -1272.594487 -1272.889824 -1273.075783 -1273.206579 -1273.346099 -1273.697242 -1275.581184 -1287.139896 -1365.013666 -2066.634071 -4264.755387 -4282.177474 -4282.177898 -4282.177715 -4282.177686 -4282.177683 -4282.177683 -4282.177684 -4282.177685 -4282.177686 -4282.177686 -4282.177687 -4282.177688 -4282.177690 -4282.177705 -4282.177811 -4282.176799 -4254.181377 -1950.292987 -1334.807818 -1282.073466 -1274.704167 -1273.701390 -1273.562516 -1273.541555 -1273.539169 -1273.540012 -1273.541233 -1273.542281 -1273.543094 -1273.543712 -1273.544184 -1273.544551 -1273.544841 -1273.545075 -1273.545270 -1273.545442 -1273.545610 -1273.545796 -1273.546029 -1273.546352 -1273.546828 -1273.547559 -1273.548709 -1273.550545 -1273.553524 -1273.558435 -1273.566704 -1273.580984 -1273.606371 -1273.652888 -1273.740536 -1273.909763 -1274.244383 -1274.927832 -1276.397453 -1279.786344 -1288.242211 -1312.231767 -9999.0 -9999.0
-9999.0 -9999.0 687.155062 595.641030 502.330296 407.792370 312.676756 217.309892 121.855250 26.400426 -68.990170 -164.293033 -259.440422 -354.364367 -449.055552 -543.390707 -637.279456 -730.953610 -823.362501 -914.017744 -1002.490180 -1077.677823 -1138.141738 -1183.333680 -1215.075898 -1236.360333 -1250.191483 -1258.995296 -1264.517556 -1267.941169 -1270.045080 -1271.330700 -1272.114897 -1272.594487 -1272.889824 -1273.075783 -1273.206579 -1273.346099 -1273.697242 -1275.581184 -1287.139896 -1365.013666 -2066.634071 -4264.755387 -4282.177474 -4282.177898 -4282.177715 -4282.177686 -4282.177683 -4282.177683 -4282.177684 -4282.177685 -4282.177686 -4282.177686 -4282.177687 -4282.177688 -4282.177690 -4282.177705 -4282.177811 -4282.176799 -4254.181377 -1950.292987 -1334.807818 -1282.073466 -1274.704167 -1273.701390 -1273.562516 -1273.541555 -1273.539169 -1273.540012 -1273.541233 -1273.542281 -1273.543094 -1273.543712 -1273.544184 -1273.544551 -1273.544841 -1273.545075 -1273.545270 -1273.545442 -1273.545610 -1273.545796 -1273.546029 -1273.546352 -1273.546828 -1273.547559 -1273.548709 -1273.550545 -1273.553524 -1273.558435 -1273.566704 -1273.580984 -1273.606371 -1273.652888 -1273.740536 -1273.909763 -1274.244383 -1274.927832 -1276.397453 -1279.786344 -1288.242211 -1312.231767 -9999.0 -9999.0
-9999.0 -9999.0 687.149869 595.639338 502.329789 407.792212 312.676704 217.309875 121.855244 26.400424 -68.990171 -164.293033 -259.440422 -354.364367 -449.055552 -543.390707 -637.279456 -730.953610 -823.362501 -914.017744 -1002.490179 -1077.677822 -1138.141738 -1183.333680 -1215.075898 -1236.360333 -1250.191483 -1258.995296 -1264.517556 -1267.941169 -1270.045079 -1271.330700 -1272.114897 -1272.594487 -1272.889824 -1273.075783 -1273.206579 -1273.346099 -1273.697242 -1275.581184 -1287.139896 -1365.013666 -2066.634071 -4264.755387 -4282.177474 -4282.177898 -4282.177715 -4282.177686 -4282.177683 -4282.177683 -4282.177684 -4282.177685 -4282.177686 -4282.177686 -4282.177687 -4282.177688 -4282.177690 -4282.177705 -4282.177811 -4282.176799 -4254.181377 -1950.292987 -1334.807818 -1282.073466 -1274.704167 -1273.701390 -1273.562516 -1273.541555 -1273.539169 -1273.540012 -1273.541233 -1273.542281 -1273.543094 -1273.543712 -1273.544184 -1273.544551 -1273.544841 -1273.545075 -1273.545270 -1273.545442 -1273.545610 -1273.545796 -1273.546029 -1273.546352 -1273.546828 -1273.547559 -1273.548709 -1273.550545 -1273.553524 -1273.558435 -1273.566704 -1273.580984 -1273.606371 -1273.652888 -1273.740536 -1273.909763 -1274.244383 -1274.927832 -1276.397453 -1279.786344 -1288.242211 -1312.231767 -9999.0 -9999.0
-9999.0 -9999.0 -9999.0 -9999.0 -9999.0 -9999.0 -9999.0 -9999.0 -9999.0 -9999.0 -9999.0 -9999.0 -9999.0 -9999.0 -9999.0 -9999.0 -9999.0 -9999.0 -9999.0 -9999.0 -9999.0 -9999.0 -9999.0 -9999.0 -9999.0 -9999.0 -9999.0 -9999.0 -9999.0 -9999.0 -9999.0 -9999.0 -9999.0 -9999.0 -9999.0 -9999.0 -9999.0 -9999.0 -9999.0 -9999.0 -9999.0 -9999.0 -9999.0 -9999.0 -9999.0 -9999.0 -9999.0 -9999.0 -9999.0 -9999.0 -9999.0 -9999.0 -9999.0 -9999.0 -9999.0 -9999.0 -9999.0 -9999.0 -9999.0 -9999.0 -9999.0 -9999.0 -9999.0 -9999.0 -9999.0 -9999.0 -9999.0 -9999.0 -9999.0 -9999.0 -9999.0 -9999.0 -9999.0 -9999.0 -9999.0 -9999.0 -9999.0 -9999.0 -9999.0 -9999.0 -9999.0 -9999.0 -9999.0 -9999.0 -9999.0 -9999.0 -9999.0 -9999.0 -9999.0 -9999.0 -9999.0 -9999.0 -9999.0 -9999.0 -9999.0 -9999.0 -9999.0 -9999.0 -9999.0 -9999.0 -9999.0 -9999.0 -9999.0 -9999.0
-9999.0 -9999.0 -9999.0 -9999.0 -9999.0 -9999.0 -9999.0 -9999.0 -9999.0 -9999.0 -9999.0 -9999.0 -9999.0 -9999.0 -9999.0 -9999.0 -9999.0 -9999.0 -9999.0 -9999.0 -9999.0 -9999.0 -9999.0 -9999.0 -9999.0 -9999.0 -9999.0 -9999.0 -9999.0 -9999.0 -9999.0 -9999.0 -9999.0 -9999.0 -9999.0 -9999.0 -9999.0 -9999.0 -9999.0 -9999.0 -9999.0 -9999.0 -9999.0 -9999.0 -9999.0 -9999.0 -9999.0 -9999.0 -9999.0 -9999.0 -9999.0 -9999.0 -9999.0 -9999.0 -9999.0 -9999.0 -9999.0 -9999.0 -9999.0 -9999.0 -9999.0 -9999.0 -9999.0 -9999.0 -9999.0 -9999.0 -9999.0 -9999.0 -9999.0 -9999.0 -9999.0 -9999.0 -9999.0 -9999.0 -9999.0 -9999.0 -9999.0 -9999.0 -9999.0 -9999.0 -9999.0 -9999.0 -9999.0 -9999.0 -9999.0 -9999.0 -9999.0 -9999.0 -9999.0 -9999.0 -9999.0 -9999.0 -9999.0 -9999.0 -9999.0 -9999.0 -9999.0 -9999.0 -9999.0 -9999.0 -9999.0 -9999.0 -9999.0 -9999.0