inst/processing_geotop_simulation/geotop_simulation/out/maps3D/PwL0008N0057.asc
ncols         104
nrows         10
xllcorner     -2.000000
yllcorner     0.000000
cellsize      1.000000
NODATA_value  -9999.0
-9999.0 -9999.0 -9999.0 -9999.0 -9999.0 -9999.0 -9999.0 -9999.0 -9999.0 -9999.0 -9999.0 -9999.0 -9999.0 -9999.0 -9999.0 -9999.0 -9999.0 -9999.0 -9999.0 -9999.0 -9999.0 -9999.0 -9999.0 -9999.0 -9999.0 -9999.0 -9999.0 -9999.0 -9999.0 -9999.0 -9999.0 -9999.0 -9999.0 -9999.0 -9999.0 -9999.0 -9999.0 -9999.0 -9999.0 -9999.0 -9999.0 -9999.0 -9999.0 -9999.0 -9999.0 -9999.0 -9999.0 -9999.0 -9999.0 -9999.0 -9999.0 -9999.0 -9999.0 -9999.0 -9999.0 -9999.0 -9999.0 -9999.0 -9999.0 -9999.0 -9999.0 -9999.0 -9999.0 -9999.0 -9999.0 -9999.0 -9999.0 -9999.0 -9999.0 -9999.0 -9999.0 -9999.0 -9999.0 -9999.0 -9999.0 -9999.0 -9999.0 -9999.0 -9999.0 -9999.0 -9999.0 -9999.0 -9999.0 -9999.0 -9999.0 -9999.0 -9999.0 -9999.0 -9999.0 -9999.0 -9999.0 -9999.0 -9999.0 -9999.0 -9999.0 -9999.0 -9999.0 -9999.0 -9999.0 -9999.0 -9999.0 -9999.0 -9999.0 -9999.0
-9999.0 -9999.0 -9999.0 -9999.0 -9999.0 -9999.0 -9999.0 -9999.0 -9999.0 -9999.0 -9999.0 -9999.0 -9999.0 -9999.0 -9999.0 -9999.0 -9999.0 -9999.0 -9999.0 -9999.0 -9999.0 -9999.0 -9999.0 -9999.0 -9999.0 -9999.0 -9999.0 -9999.0 -9999.0 -9999.0 -9999.0 -9999.0 -9999.0 -9999.0 -9999.0 -9999.0 -9999.0 -9999.0 -9999.0 -9999.0 -9999.0 -9999.0 -9999.0 -9999.0 -9999.0 -9999.0 -9999.0 -9999.0 -9999.0 -9999.0 -9999.0 -9999.0 -9999.0 -9999.0 -9999.0 -9999.0 -9999.0 -9999.0 -9999.0 -9999.0 -9999.0 -9999.0 -9999.0 -9999.0 -9999.0 -9999.0 -9999.0 -9999.0 -9999.0 -9999.0 -9999.0 -9999.0 -9999.0 -9999.0 -9999.0 -9999.0 -9999.0 -9999.0 -9999.0 -9999.0 -9999.0 -9999.0 -9999.0 -9999.0 -9999.0 -9999.0 -9999.0 -9999.0 -9999.0 -9999.0 -9999.0 -9999.0 -9999.0 -9999.0 -9999.0 -9999.0 -9999.0 -9999.0 -9999.0 -9999.0 -9999.0 -9999.0 -9999.0 -9999.0
-9999.0 -9999.0 -536.045852 -684.706482 -823.453610 -914.572550 -955.264704 -971.832424 -978.453124 -976.466096 -947.206907 -908.497578 -874.863577 -843.987997 -872.350246 -907.402238 -942.960299 -980.871439 -965.226738 -947.531100 -934.913422 -928.750123 -928.168371 -931.732334 -938.000052 -945.674550 -953.637343 -961.026153 -967.315440 -972.313732 -976.072863 -978.776277 -980.650623 -981.910072 -982.730959 -983.247885 -983.573738 -983.854109 -984.183141 -984.297404 -987.489832 -1034.896969 -1624.633045 -1936.045806 -1732.751785 -1626.668432 -1580.657490 -1575.332038 -1574.802168 -1574.837998 -1574.949356 -1575.069256 -1575.184297 -1575.290718 -1575.389379 -1575.503975 -1575.873204 -1578.669613 -1601.333849 -1654.350809 -1753.669092 -1416.445971 -1018.655821 -987.619571 -984.918101 -984.412612 -984.299477 -984.280065 -984.280882 -984.285143 -984.289215 -984.292447 -984.294886 -984.296719 -984.298113 -984.299192 -984.300043 -984.300727 -984.301289 -984.301778 -984.302243 -984.302746 -984.303363 -984.304205 -984.305438 -984.307319 -984.310261 -984.314931 -984.322444 -984.334698 -984.355034 -984.389542 -984.449717 -984.557897 -984.758317 -985.139078 -985.874844 -987.310378 -990.139117 -995.859730 -1008.070364 -1036.169171 -9999.0 -9999.0
-9999.0 -9999.0 -536.045853 -684.706463 -823.453585 -914.572532 -955.264698 -971.832423 -978.453125 -976.466097 -947.206907 -908.497578 -874.863577 -843.987997 -872.350246 -907.402238 -942.960299 -980.871439 -965.226738 -947.531100 -934.913422 -928.750123 -928.168371 -931.732334 -938.000052 -945.674550 -953.637343 -961.026153 -967.315440 -972.313732 -976.072863 -978.776277 -980.650623 -981.910072 -982.730959 -983.247885 -983.573738 -983.854109 -984.183141 -984.297404 -987.489832 -1034.896969 -1624.633045 -1936.045805 -1732.751784 -1626.668429 -1580.657490 -1575.332038 -1574.802168 -1574.837998 -1574.949356 -1575.069256 -1575.184297 -1575.290718 -1575.389379 -1575.503975 -1575.873204 -1578.669613 -1601.333849 -1654.350809 -1753.669092 -1416.445972 -1018.655821 -987.619571 -984.918101 -984.412612 -984.299477 -984.280065 -984.280882 -984.285143 -984.289215 -984.292447 -984.294886 -984.296719 -984.298113 -984.299192 -984.300043 -984.300727 -984.301289 -984.301778 -984.302243 -984.302746 -984.303363 -984.304205 -984.305438 -984.307319 -984.310261 -984.314931 -984.322444 -984.334698 -984.355034 -984.389542 -984.449717 -984.557897 -984.758317 -985.139078 -985.874844 -987.310378 -990.139117 -995.859730 -1008.070364 -1036.169171 -9999.0 -9999.0
-9999.0 -9999.0 -536.045846 -684.706454 -823.453569 -914.572520 -955.264694 -971.832423 -978.453126 -976.466098 -947.206907 -908.497578 -874.863577 -843.987997 -872.350246 -907.402238 -942.960299 -980.871439 -965.226738 -947.531100 -934.913422 -928.750123 -928.168371 -931.732334 -938.000052 -945.674550 -953.637343 -961.026153 -967.315440 -972.313732 -976.072863 -978.776277 -980.650623 -981.910072 -982.730959 -983.247885 -983.573738 -983.854109 -984.183141 -984.297404 -987.489832 -1034.896969 -1624.633045 -1936.045805 -1732.751783 -1626.668428 -1580.657490 -1575.332038 -1574.802168 -1574.837998 -1574.949356 -1575.069256 -1575.184297 -1575.290718 -1575.389379 -1575.503975 -1575.873204 -1578.669613 -1601.333849 -1654.350809 -1753.669092 -1416.445972 -1018.655821 -987.619571 -984.918101 -984.412612 -984.299477 -984.280065 -984.280882 -984.285143 -984.289215 -984.292447 -984.294886 -984.296719 -984.298113 -984.299192 -984.300043 -984.300727 -984.301289 -984.301778 -984.302243 -984.302746 -984.303363 -984.304205 -984.305438 -984.307319 -984.310261 -984.314931 -984.322444 -984.334698 -984.355034 -984.389542 -984.449717 -984.557897 -984.758317 -985.139078 -985.874844 -987.310378 -990.139117 -995.859730 -1008.070364 -1036.169171 -9999.0 -9999.0
-9999.0 -9999.0 -536.045846 -684.706454 -823.453569 -914.572519 -955.264694 -971.832423 -978.453126 -976.466098 -947.206907 -908.497578 -874.863577 -843.987997 -872.350246 -907.402238 -942.960299 -980.871439 -965.226738 -947.531100 -934.913422 -928.750123 -928.168371 -931.732334 -938.000052 -945.674550 -953.637343 -961.026153 -967.315440 -972.313732 -976.072863 -978.776277 -980.650623 -981.910072 -982.730959 -983.247885 -983.573738 -983.854109 -984.183141 -984.297404 -987.489832 -1034.896969 -1624.633045 -1936.045805 -1732.751783 -1626.668428 -1580.657490 -1575.332038 -1574.802168 -1574.837998 -1574.949356 -1575.069256 -1575.184297 -1575.290718 -1575.389379 -1575.503975 -1575.873204 -1578.669613 -1601.333849 -1654.350809 -1753.669092 -1416.445972 -1018.655821 -987.619571 -984.918101 -984.412612 -984.299477 -984.280065 -984.280882 -984.285143 -984.289215 -984.292447 -984.294886 -984.296719 -984.298113 -984.299192 -984.300043 -984.300727 -984.301289 -984.301778 -984.302243 -984.302746 -984.303363 -984.304205 -984.305438 -984.307319 -984.310261 -984.314931 -984.322444 -984.334698 -984.355034 -984.389542 -984.449717 -984.557897 -984.758317 -985.139078 -985.874844 -987.310378 -990.139117 -995.859730 -1008.070364 -1036.169171 -9999.0 -9999.0
-9999.0 -9999.0 -536.045853 -684.706463 -823.453585 -914.572532 -955.264698 -971.832423 -978.453125 -976.466097 -947.206907 -908.497578 -874.863577 -843.987997 -872.350246 -907.402238 -942.960299 -980.871439 -965.226738 -947.531100 -934.913422 -928.750123 -928.168371 -931.732334 -938.000052 -945.674550 -953.637343 -961.026153 -967.315440 -972.313732 -976.072863 -978.776277 -980.650623 -981.910072 -982.730959 -983.247885 -983.573738 -983.854109 -984.183141 -984.297404 -987.489832 -1034.896969 -1624.633045 -1936.045805 -1732.751784 -1626.668429 -1580.657490 -1575.332038 -1574.802168 -1574.837998 -1574.949356 -1575.069256 -1575.184297 -1575.290718 -1575.389379 -1575.503975 -1575.873204 -1578.669613 -1601.333849 -1654.350809 -1753.669092 -1416.445972 -1018.655821 -987.619571 -984.918101 -984.412612 -984.299477 -984.280065 -984.280882 -984.285143 -984.289215 -984.292447 -984.294886 -984.296719 -984.298113 -984.299192 -984.300043 -984.300727 -984.301289 -984.301778 -984.302243 -984.302746 -984.303363 -984.304205 -984.305438 -984.307319 -984.310261 -984.314931 -984.322444 -984.334698 -984.355034 -984.389542 -984.449717 -984.557897 -984.758317 -985.139078 -985.874844 -987.310378 -990.139117 -995.859730 -1008.070364 -1036.169171 -9999.0 -9999.0
-9999.0 -9999.0 -536.045853 -684.706482 -823.453610 -914.572549 -955.264704 -971.832424 -978.453124 -976.466096 -947.206907 -908.497578 -874.863577 -843.987997 -872.350246 -907.402238 -942.960299 -980.871439 -965.226738 -947.531100 -934.913422 -928.750123 -928.168371 -931.732334 -938.000052 -945.674550 -953.637343 -961.026153 -967.315440 -972.313732 -976.072863 -978.776277 -980.650623 -981.910072 -982.730959 -983.247885 -983.573738 -983.854109 -984.183141 -984.297404 -987.489832 -1034.896969 -1624.633045 -1936.045806 -1732.751785 -1626.668432 -1580.657490 -1575.332038 -1574.802168 -1574.837998 -1574.949356 -1575.069256 -1575.184297 -1575.290718 -1575.389379 -1575.503975 -1575.873204 -1578.669613 -1601.333849 -1654.350809 -1753.669092 -1416.445971 -1018.655821 -987.619571 -984.918101 -984.412612 -984.299477 -984.280065 -984.280882 -984.285143 -984.289215 -984.292447 -984.294886 -984.296719 -984.298113 -984.299192 -984.300043 -984.300727 -984.301289 -984.301778 -984.302243 -984.302746 -984.303363 -984.304205 -984.305438 -984.307319 -984.310261 -984.314931 -984.322444 -984.334698 -984.355034 -984.389542 -984.449717 -984.557897 -984.758317 -985.139078 -985.874844 -987.310378 -990.139117 -995.859730 -1008.070364 -1036.169171 -9999.0 -9999.0
-9999.0 -9999.0 -9999.0 -9999.0 -9999.0 -9999.0 -9999.0 -9999.0 -9999.0 -9999.0 -9999.0 -9999.0 -9999.0 -9999.0 -9999.0 -9999.0 -9999.0 -9999.0 -9999.0 -9999.0 -9999.0 -9999.0 -9999.0 -9999.0 -9999.0 -9999.0 -9999.0 -9999.0 -9999.0 -9999.0 -9999.0 -9999.0 -9999.0 -9999.0 -9999.0 -9999.0 -9999.0 -9999.0 -9999.0 -9999.0 -9999.0 -9999.0 -9999.0 -9999.0 -9999.0 -9999.0 -9999.0 -9999.0 -9999.0 -9999.0 -9999.0 -9999.0 -9999.0 -9999.0 -9999.0 -9999.0 -9999.0 -9999.0 -9999.0 -9999.0 -9999.0 -9999.0 -9999.0 -9999.0 -9999.0 -9999.0 -9999.0 -9999.0 -9999.0 -9999.0 -9999.0 -9999.0 -9999.0 -9999.0 -9999.0 -9999.0 -9999.0 -9999.0 -9999.0 -9999.0 -9999.0 -9999.0 -9999.0 -9999.0 -9999.0 -9999.0 -9999.0 -9999.0 -9999.0 -9999.0 -9999.0 -9999.0 -9999.0 -9999.0 -9999.0 -9999.0 -9999.0 -9999.0 -9999.0 -9999.0 -9999.0 -9999.0 -9999.0 -9999.0
-9999.0 -9999.0 -9999.0 -9999.0 -9999.0 -9999.0 -9999.0 -9999.0 -9999.0 -9999.0 -9999.0 -9999.0 -9999.0 -9999.0 -9999.0 -9999.0 -9999.0 -9999.0 -9999.0 -9999.0 -9999.0 -9999.0 -9999.0 -9999.0 -9999.0 -9999.0 -9999.0 -9999.0 -9999.0 -9999.0 -9999.0 -9999.0 -9999.0 -9999.0 -9999.0 -9999.0 -9999.0 -9999.0 -9999.0 -9999.0 -9999.0 -9999.0 -9999.0 -9999.0 -9999.0 -9999.0 -9999.0 -9999.0 -9999.0 -9999.0 -9999.0 -9999.0 -9999.0 -9999.0 -9999.0 -9999.0 -9999.0 -9999.0 -9999.0 -9999.0 -9999.0 -9999.0 -9999.0 -9999.0 -9999.0 -9999.0 -9999.0 -9999.0 -9999.0 -9999.0 -9999.0 -9999.0 -9999.0 -9999.0 -9999.0 -9999.0 -9999.0 -9999.0 -9999.0 -9999.0 -9999.0 -9999.0 -9999.0 -9999.0 -9999.0 -9999.0 -9999.0 -9999.0 -9999.0 -9999.0 -9999.0 -9999.0 -9999.0 -9999.0 -9999.0 -9999.0 -9999.0 -9999.0 -9999.0 -9999.0 -9999.0 -9999.0 -9999.0 -9999.0