inst/processing_geotop_simulation/geotop_simulation/out/maps3D/PwL0019N0086.asc
ncols         104
nrows         10
xllcorner     -2.000000
yllcorner     0.000000
cellsize      1.000000
NODATA_value  -9999.0
-9999.0 -9999.0 -9999.0 -9999.0 -9999.0 -9999.0 -9999.0 -9999.0 -9999.0 -9999.0 -9999.0 -9999.0 -9999.0 -9999.0 -9999.0 -9999.0 -9999.0 -9999.0 -9999.0 -9999.0 -9999.0 -9999.0 -9999.0 -9999.0 -9999.0 -9999.0 -9999.0 -9999.0 -9999.0 -9999.0 -9999.0 -9999.0 -9999.0 -9999.0 -9999.0 -9999.0 -9999.0 -9999.0 -9999.0 -9999.0 -9999.0 -9999.0 -9999.0 -9999.0 -9999.0 -9999.0 -9999.0 -9999.0 -9999.0 -9999.0 -9999.0 -9999.0 -9999.0 -9999.0 -9999.0 -9999.0 -9999.0 -9999.0 -9999.0 -9999.0 -9999.0 -9999.0 -9999.0 -9999.0 -9999.0 -9999.0 -9999.0 -9999.0 -9999.0 -9999.0 -9999.0 -9999.0 -9999.0 -9999.0 -9999.0 -9999.0 -9999.0 -9999.0 -9999.0 -9999.0 -9999.0 -9999.0 -9999.0 -9999.0 -9999.0 -9999.0 -9999.0 -9999.0 -9999.0 -9999.0 -9999.0 -9999.0 -9999.0 -9999.0 -9999.0 -9999.0 -9999.0 -9999.0 -9999.0 -9999.0 -9999.0 -9999.0 -9999.0 -9999.0
-9999.0 -9999.0 -9999.0 -9999.0 -9999.0 -9999.0 -9999.0 -9999.0 -9999.0 -9999.0 -9999.0 -9999.0 -9999.0 -9999.0 -9999.0 -9999.0 -9999.0 -9999.0 -9999.0 -9999.0 -9999.0 -9999.0 -9999.0 -9999.0 -9999.0 -9999.0 -9999.0 -9999.0 -9999.0 -9999.0 -9999.0 -9999.0 -9999.0 -9999.0 -9999.0 -9999.0 -9999.0 -9999.0 -9999.0 -9999.0 -9999.0 -9999.0 -9999.0 -9999.0 -9999.0 -9999.0 -9999.0 -9999.0 -9999.0 -9999.0 -9999.0 -9999.0 -9999.0 -9999.0 -9999.0 -9999.0 -9999.0 -9999.0 -9999.0 -9999.0 -9999.0 -9999.0 -9999.0 -9999.0 -9999.0 -9999.0 -9999.0 -9999.0 -9999.0 -9999.0 -9999.0 -9999.0 -9999.0 -9999.0 -9999.0 -9999.0 -9999.0 -9999.0 -9999.0 -9999.0 -9999.0 -9999.0 -9999.0 -9999.0 -9999.0 -9999.0 -9999.0 -9999.0 -9999.0 -9999.0 -9999.0 -9999.0 -9999.0 -9999.0 -9999.0 -9999.0 -9999.0 -9999.0 -9999.0 -9999.0 -9999.0 -9999.0 -9999.0 -9999.0
-9999.0 -9999.0 919.219214 820.213529 721.035224 621.755966 522.525146 423.416342 324.490058 225.794252 127.369946 29.344413 -68.271712 -165.784610 -263.908947 -363.870957 -466.933410 -573.395640 -681.247191 -785.986073 -872.971806 -950.150989 -1017.559644 -1044.976431 -1035.789765 -1026.702178 -1019.717017 -1014.980129 -1012.039991 -1010.365946 -1009.516291 -1009.168256 -1009.103105 -1009.180934 -1009.317383 -1009.467268 -1009.619500 -1009.801512 -1010.108408 -1011.441279 -1022.026883 -1123.288905 -2102.114700 -4029.567635 -4034.653351 -4034.653465 -4034.653464 -4034.653445 -4034.653309 -4034.652716 -4034.650651 -4034.643257 -4034.628782 -4034.607492 -4034.567778 -4034.480752 -4034.262919 -4033.656772 -4031.807066 -4025.649538 -3994.151184 -1928.555895 -1092.087568 -1018.556153 -1011.178671 -1010.380422 -1010.265360 -1010.245832 -1010.244122 -1010.245765 -1010.247693 -1010.249297 -1010.250531 -1010.251466 -1010.252180 -1010.252736 -1010.253175 -1010.253530 -1010.253825 -1010.254085 -1010.254337 -1010.254614 -1010.254960 -1010.255437 -1010.256141 -1010.257220 -1010.258914 -1010.261614 -1010.265980 -1010.273155 -1010.285179 -1010.305830 -1010.342335 -1010.408874 -1010.533720 -1010.773823 -1011.246055 -1012.203245 -1014.253292 -1019.041070 -1031.200224 -1063.020082 -9999.0 -9999.0
-9999.0 -9999.0 919.220967 820.214177 721.035438 621.756037 522.525169 423.416349 324.490060 225.794253 127.369946 29.344413 -68.271712 -165.784609 -263.908947 -363.870957 -466.933410 -573.395640 -681.247192 -785.986073 -872.971806 -950.150989 -1017.559644 -1044.976431 -1035.789765 -1026.702178 -1019.717017 -1014.980129 -1012.039991 -1010.365946 -1009.516291 -1009.168256 -1009.103105 -1009.180934 -1009.317383 -1009.467268 -1009.619500 -1009.801512 -1010.108408 -1011.441279 -1022.026883 -1123.288905 -2102.114700 -4029.567635 -4034.653351 -4034.653465 -4034.653464 -4034.653445 -4034.653309 -4034.652716 -4034.650651 -4034.643257 -4034.628782 -4034.607492 -4034.567778 -4034.480752 -4034.262919 -4033.656772 -4031.807066 -4025.649538 -3994.151184 -1928.555895 -1092.087568 -1018.556153 -1011.178671 -1010.380422 -1010.265360 -1010.245832 -1010.244122 -1010.245765 -1010.247693 -1010.249297 -1010.250531 -1010.251466 -1010.252180 -1010.252736 -1010.253175 -1010.253530 -1010.253825 -1010.254085 -1010.254337 -1010.254614 -1010.254960 -1010.255437 -1010.256141 -1010.257220 -1010.258914 -1010.261614 -1010.265980 -1010.273155 -1010.285179 -1010.305830 -1010.342335 -1010.408874 -1010.533720 -1010.773823 -1011.246055 -1012.203245 -1014.253292 -1019.041070 -1031.200224 -1063.020082 -9999.0 -9999.0
-9999.0 -9999.0 919.221622 820.214521 721.035583 621.756093 522.525189 423.416356 324.490063 225.794254 127.369946 29.344413 -68.271711 -165.784610 -263.908946 -363.870957 -466.933410 -573.395640 -681.247192 -785.986073 -872.971806 -950.150989 -1017.559644 -1044.976431 -1035.789765 -1026.702178 -1019.717017 -1014.980129 -1012.039991 -1010.365946 -1009.516291 -1009.168256 -1009.103105 -1009.180934 -1009.317383 -1009.467268 -1009.619500 -1009.801512 -1010.108408 -1011.441279 -1022.026883 -1123.288905 -2102.114700 -4029.567635 -4034.653351 -4034.653465 -4034.653464 -4034.653445 -4034.653309 -4034.652716 -4034.650651 -4034.643257 -4034.628782 -4034.607492 -4034.567778 -4034.480752 -4034.262919 -4033.656772 -4031.807066 -4025.649538 -3994.151184 -1928.555894 -1092.087568 -1018.556153 -1011.178671 -1010.380422 -1010.265360 -1010.245832 -1010.244122 -1010.245765 -1010.247693 -1010.249297 -1010.250531 -1010.251466 -1010.252180 -1010.252736 -1010.253175 -1010.253530 -1010.253825 -1010.254085 -1010.254337 -1010.254614 -1010.254960 -1010.255437 -1010.256141 -1010.257220 -1010.258914 -1010.261614 -1010.265980 -1010.273155 -1010.285179 -1010.305830 -1010.342335 -1010.408874 -1010.533720 -1010.773823 -1011.246055 -1012.203245 -1014.253292 -1019.041070 -1031.200224 -1063.020082 -9999.0 -9999.0
-9999.0 -9999.0 919.221622 820.214521 721.035583 621.756093 522.525189 423.416356 324.490063 225.794254 127.369946 29.344413 -68.271711 -165.784609 -263.908947 -363.870957 -466.933410 -573.395640 -681.247192 -785.986073 -872.971806 -950.150989 -1017.559644 -1044.976431 -1035.789765 -1026.702178 -1019.717017 -1014.980129 -1012.039991 -1010.365946 -1009.516291 -1009.168256 -1009.103105 -1009.180934 -1009.317383 -1009.467268 -1009.619500 -1009.801512 -1010.108408 -1011.441279 -1022.026883 -1123.288905 -2102.114700 -4029.567635 -4034.653351 -4034.653465 -4034.653464 -4034.653445 -4034.653309 -4034.652716 -4034.650651 -4034.643257 -4034.628782 -4034.607492 -4034.567778 -4034.480752 -4034.262919 -4033.656772 -4031.807066 -4025.649538 -3994.151184 -1928.555895 -1092.087568 -1018.556153 -1011.178671 -1010.380422 -1010.265360 -1010.245832 -1010.244122 -1010.245765 -1010.247693 -1010.249297 -1010.250531 -1010.251466 -1010.252180 -1010.252736 -1010.253175 -1010.253530 -1010.253825 -1010.254085 -1010.254337 -1010.254614 -1010.254960 -1010.255437 -1010.256141 -1010.257220 -1010.258914 -1010.261614 -1010.265980 -1010.273155 -1010.285179 -1010.305830 -1010.342335 -1010.408874 -1010.533720 -1010.773823 -1011.246055 -1012.203245 -1014.253292 -1019.041070 -1031.200224 -1063.020082 -9999.0 -9999.0
-9999.0 -9999.0 919.220967 820.214177 721.035438 621.756037 522.525169 423.416349 324.490060 225.794253 127.369946 29.344413 -68.271711 -165.784610 -263.908946 -363.870957 -466.933410 -573.395640 -681.247192 -785.986073 -872.971806 -950.150989 -1017.559644 -1044.976431 -1035.789765 -1026.702178 -1019.717017 -1014.980129 -1012.039991 -1010.365946 -1009.516291 -1009.168256 -1009.103105 -1009.180934 -1009.317383 -1009.467268 -1009.619500 -1009.801512 -1010.108408 -1011.441279 -1022.026883 -1123.288905 -2102.114700 -4029.567635 -4034.653351 -4034.653465 -4034.653464 -4034.653445 -4034.653309 -4034.652716 -4034.650651 -4034.643257 -4034.628782 -4034.607492 -4034.567778 -4034.480752 -4034.262919 -4033.656772 -4031.807066 -4025.649538 -3994.151184 -1928.555895 -1092.087568 -1018.556153 -1011.178671 -1010.380422 -1010.265360 -1010.245832 -1010.244122 -1010.245765 -1010.247693 -1010.249297 -1010.250531 -1010.251466 -1010.252180 -1010.252736 -1010.253175 -1010.253530 -1010.253825 -1010.254085 -1010.254337 -1010.254614 -1010.254960 -1010.255437 -1010.256141 -1010.257220 -1010.258914 -1010.261614 -1010.265980 -1010.273155 -1010.285179 -1010.305830 -1010.342335 -1010.408874 -1010.533720 -1010.773823 -1011.246055 -1012.203245 -1014.253292 -1019.041070 -1031.200224 -1063.020082 -9999.0 -9999.0
-9999.0 -9999.0 919.219214 820.213529 721.035224 621.755966 522.525146 423.416342 324.490058 225.794252 127.369946 29.344413 -68.271712 -165.784610 -263.908947 -363.870957 -466.933410 -573.395640 -681.247191 -785.986073 -872.971806 -950.150989 -1017.559644 -1044.976431 -1035.789765 -1026.702178 -1019.717017 -1014.980129 -1012.039991 -1010.365946 -1009.516291 -1009.168256 -1009.103105 -1009.180934 -1009.317383 -1009.467268 -1009.619500 -1009.801512 -1010.108408 -1011.441279 -1022.026883 -1123.288905 -2102.114700 -4029.567635 -4034.653351 -4034.653465 -4034.653464 -4034.653445 -4034.653309 -4034.652716 -4034.650651 -4034.643257 -4034.628782 -4034.607492 -4034.567778 -4034.480752 -4034.262919 -4033.656772 -4031.807066 -4025.649539 -3994.151184 -1928.555895 -1092.087568 -1018.556153 -1011.178671 -1010.380422 -1010.265360 -1010.245832 -1010.244122 -1010.245765 -1010.247693 -1010.249297 -1010.250531 -1010.251466 -1010.252180 -1010.252736 -1010.253175 -1010.253530 -1010.253825 -1010.254085 -1010.254337 -1010.254614 -1010.254960 -1010.255437 -1010.256141 -1010.257220 -1010.258914 -1010.261614 -1010.265980 -1010.273155 -1010.285179 -1010.305830 -1010.342335 -1010.408874 -1010.533720 -1010.773823 -1011.246055 -1012.203245 -1014.253292 -1019.041070 -1031.200224 -1063.020082 -9999.0 -9999.0
-9999.0 -9999.0 -9999.0 -9999.0 -9999.0 -9999.0 -9999.0 -9999.0 -9999.0 -9999.0 -9999.0 -9999.0 -9999.0 -9999.0 -9999.0 -9999.0 -9999.0 -9999.0 -9999.0 -9999.0 -9999.0 -9999.0 -9999.0 -9999.0 -9999.0 -9999.0 -9999.0 -9999.0 -9999.0 -9999.0 -9999.0 -9999.0 -9999.0 -9999.0 -9999.0 -9999.0 -9999.0 -9999.0 -9999.0 -9999.0 -9999.0 -9999.0 -9999.0 -9999.0 -9999.0 -9999.0 -9999.0 -9999.0 -9999.0 -9999.0 -9999.0 -9999.0 -9999.0 -9999.0 -9999.0 -9999.0 -9999.0 -9999.0 -9999.0 -9999.0 -9999.0 -9999.0 -9999.0 -9999.0 -9999.0 -9999.0 -9999.0 -9999.0 -9999.0 -9999.0 -9999.0 -9999.0 -9999.0 -9999.0 -9999.0 -9999.0 -9999.0 -9999.0 -9999.0 -9999.0 -9999.0 -9999.0 -9999.0 -9999.0 -9999.0 -9999.0 -9999.0 -9999.0 -9999.0 -9999.0 -9999.0 -9999.0 -9999.0 -9999.0 -9999.0 -9999.0 -9999.0 -9999.0 -9999.0 -9999.0 -9999.0 -9999.0 -9999.0 -9999.0
-9999.0 -9999.0 -9999.0 -9999.0 -9999.0 -9999.0 -9999.0 -9999.0 -9999.0 -9999.0 -9999.0 -9999.0 -9999.0 -9999.0 -9999.0 -9999.0 -9999.0 -9999.0 -9999.0 -9999.0 -9999.0 -9999.0 -9999.0 -9999.0 -9999.0 -9999.0 -9999.0 -9999.0 -9999.0 -9999.0 -9999.0 -9999.0 -9999.0 -9999.0 -9999.0 -9999.0 -9999.0 -9999.0 -9999.0 -9999.0 -9999.0 -9999.0 -9999.0 -9999.0 -9999.0 -9999.0 -9999.0 -9999.0 -9999.0 -9999.0 -9999.0 -9999.0 -9999.0 -9999.0 -9999.0 -9999.0 -9999.0 -9999.0 -9999.0 -9999.0 -9999.0 -9999.0 -9999.0 -9999.0 -9999.0 -9999.0 -9999.0 -9999.0 -9999.0 -9999.0 -9999.0 -9999.0 -9999.0 -9999.0 -9999.0 -9999.0 -9999.0 -9999.0 -9999.0 -9999.0 -9999.0 -9999.0 -9999.0 -9999.0 -9999.0 -9999.0 -9999.0 -9999.0 -9999.0 -9999.0 -9999.0 -9999.0 -9999.0 -9999.0 -9999.0 -9999.0 -9999.0 -9999.0 -9999.0 -9999.0 -9999.0 -9999.0 -9999.0 -9999.0