inst/processing_geotop_simulation/geotop_simulation/out/maps3D/PwL0011N0421.asc
ncols         104
nrows         10
xllcorner     -2.000000
yllcorner     0.000000
cellsize      1.000000
NODATA_value  -9999.0
-9999.0 -9999.0 -9999.0 -9999.0 -9999.0 -9999.0 -9999.0 -9999.0 -9999.0 -9999.0 -9999.0 -9999.0 -9999.0 -9999.0 -9999.0 -9999.0 -9999.0 -9999.0 -9999.0 -9999.0 -9999.0 -9999.0 -9999.0 -9999.0 -9999.0 -9999.0 -9999.0 -9999.0 -9999.0 -9999.0 -9999.0 -9999.0 -9999.0 -9999.0 -9999.0 -9999.0 -9999.0 -9999.0 -9999.0 -9999.0 -9999.0 -9999.0 -9999.0 -9999.0 -9999.0 -9999.0 -9999.0 -9999.0 -9999.0 -9999.0 -9999.0 -9999.0 -9999.0 -9999.0 -9999.0 -9999.0 -9999.0 -9999.0 -9999.0 -9999.0 -9999.0 -9999.0 -9999.0 -9999.0 -9999.0 -9999.0 -9999.0 -9999.0 -9999.0 -9999.0 -9999.0 -9999.0 -9999.0 -9999.0 -9999.0 -9999.0 -9999.0 -9999.0 -9999.0 -9999.0 -9999.0 -9999.0 -9999.0 -9999.0 -9999.0 -9999.0 -9999.0 -9999.0 -9999.0 -9999.0 -9999.0 -9999.0 -9999.0 -9999.0 -9999.0 -9999.0 -9999.0 -9999.0 -9999.0 -9999.0 -9999.0 -9999.0 -9999.0 -9999.0
-9999.0 -9999.0 -9999.0 -9999.0 -9999.0 -9999.0 -9999.0 -9999.0 -9999.0 -9999.0 -9999.0 -9999.0 -9999.0 -9999.0 -9999.0 -9999.0 -9999.0 -9999.0 -9999.0 -9999.0 -9999.0 -9999.0 -9999.0 -9999.0 -9999.0 -9999.0 -9999.0 -9999.0 -9999.0 -9999.0 -9999.0 -9999.0 -9999.0 -9999.0 -9999.0 -9999.0 -9999.0 -9999.0 -9999.0 -9999.0 -9999.0 -9999.0 -9999.0 -9999.0 -9999.0 -9999.0 -9999.0 -9999.0 -9999.0 -9999.0 -9999.0 -9999.0 -9999.0 -9999.0 -9999.0 -9999.0 -9999.0 -9999.0 -9999.0 -9999.0 -9999.0 -9999.0 -9999.0 -9999.0 -9999.0 -9999.0 -9999.0 -9999.0 -9999.0 -9999.0 -9999.0 -9999.0 -9999.0 -9999.0 -9999.0 -9999.0 -9999.0 -9999.0 -9999.0 -9999.0 -9999.0 -9999.0 -9999.0 -9999.0 -9999.0 -9999.0 -9999.0 -9999.0 -9999.0 -9999.0 -9999.0 -9999.0 -9999.0 -9999.0 -9999.0 -9999.0 -9999.0 -9999.0 -9999.0 -9999.0 -9999.0 -9999.0 -9999.0 -9999.0
-9999.0 -9999.0 522.159033 423.535520 324.508462 225.276287 125.955472 26.598081 -72.768421 -172.133043 -271.487303 -370.816866 -470.097490 -569.279422 -668.292814 -767.222760 -866.161185 -964.988284 -1063.682254 -1161.756746 -1258.207022 -1351.968951 -1440.909506 -1522.451616 -1594.302604 -1655.072442 -1704.503506 -1743.326167 -1772.910032 -1794.892375 -1810.893810 -1822.350939 -1830.447662 -1836.111130 -1840.041830 -1842.758391 -1844.653507 -1846.092890 -1847.673904 -1850.685174 -1854.984182 -1833.692563 -1390.798930 -1651.007754 -1589.938186 -1550.080546 -1532.066497 -1529.559975 -1529.299323 -1529.323340 -1529.387704 -1529.456919 -1529.523418 -1529.584987 -1529.642126 -1529.708613 -1529.917000 -1531.360326 -1540.689831 -1561.914101 -1584.227077 -1315.963980 -1797.231557 -1847.557106 -1849.652555 -1848.960820 -1848.723590 -1848.673738 -1848.665251 -1848.664306 -1848.664587 -1848.664994 -1848.665347 -1848.665633 -1848.665863 -1848.666053 -1848.666213 -1848.666352 -1848.666477 -1848.666595 -1848.666715 -1848.666845 -1848.667000 -1848.667198 -1848.667469 -1848.667862 -1848.668452 -1848.669371 -1848.670842 -1848.673267 -1848.677386 -1848.684614 -1848.697717 -1848.722254 -1848.769687 -1848.864596 -1849.062750 -1849.500062 -1850.534882 -1853.203429 -1860.869277 -1885.962297 -9999.0 -9999.0
-9999.0 -9999.0 522.164175 423.537006 324.508883 225.276415 125.955514 26.598096 -72.768415 -172.133041 -271.487301 -370.816865 -470.097489 -569.279422 -668.292814 -767.222761 -866.161185 -964.988284 -1063.682255 -1161.756746 -1258.207022 -1351.968951 -1440.909506 -1522.451616 -1594.302604 -1655.072443 -1704.503506 -1743.326167 -1772.910032 -1794.892375 -1810.893810 -1822.350939 -1830.447662 -1836.111130 -1840.041830 -1842.758391 -1844.653507 -1846.092890 -1847.673904 -1850.685174 -1854.984182 -1833.692563 -1390.798930 -1651.007753 -1589.938186 -1550.080545 -1532.066497 -1529.559975 -1529.299323 -1529.323340 -1529.387704 -1529.456919 -1529.523418 -1529.584987 -1529.642126 -1529.708613 -1529.917000 -1531.360326 -1540.689831 -1561.914101 -1584.227077 -1315.963980 -1797.231557 -1847.557106 -1849.652555 -1848.960820 -1848.723590 -1848.673738 -1848.665251 -1848.664306 -1848.664587 -1848.664994 -1848.665347 -1848.665633 -1848.665863 -1848.666053 -1848.666213 -1848.666351 -1848.666477 -1848.666595 -1848.666715 -1848.666845 -1848.667000 -1848.667198 -1848.667469 -1848.667862 -1848.668452 -1848.669371 -1848.670842 -1848.673267 -1848.677386 -1848.684614 -1848.697717 -1848.722254 -1848.769687 -1848.864596 -1849.062750 -1849.500062 -1850.534882 -1853.203429 -1860.869277 -1885.962297 -9999.0 -9999.0
-9999.0 -9999.0 522.165475 423.537687 324.509157 225.276517 125.955551 26.598109 -72.768411 -172.133039 -271.487301 -370.816865 -470.097489 -569.279422 -668.292814 -767.222761 -866.161185 -964.988285 -1063.682255 -1161.756746 -1258.207022 -1351.968951 -1440.909506 -1522.451617 -1594.302605 -1655.072443 -1704.503506 -1743.326167 -1772.910032 -1794.892375 -1810.893810 -1822.350939 -1830.447662 -1836.111130 -1840.041830 -1842.758391 -1844.653507 -1846.092890 -1847.673904 -1850.685174 -1854.984182 -1833.692562 -1390.798930 -1651.007753 -1589.938186 -1550.080544 -1532.066497 -1529.559975 -1529.299323 -1529.323340 -1529.387704 -1529.456919 -1529.523418 -1529.584987 -1529.642126 -1529.708613 -1529.917000 -1531.360326 -1540.689831 -1561.914101 -1584.227077 -1315.963980 -1797.231557 -1847.557106 -1849.652555 -1848.960820 -1848.723590 -1848.673738 -1848.665251 -1848.664306 -1848.664587 -1848.664994 -1848.665347 -1848.665633 -1848.665863 -1848.666053 -1848.666213 -1848.666351 -1848.666477 -1848.666595 -1848.666715 -1848.666845 -1848.667000 -1848.667198 -1848.667469 -1848.667862 -1848.668452 -1848.669371 -1848.670842 -1848.673267 -1848.677386 -1848.684614 -1848.697717 -1848.722254 -1848.769687 -1848.864596 -1849.062750 -1849.500062 -1850.534882 -1853.203429 -1860.869277 -1885.962297 -9999.0 -9999.0
-9999.0 -9999.0 522.165475 423.537687 324.509157 225.276517 125.955551 26.598109 -72.768411 -172.133039 -271.487301 -370.816865 -470.097489 -569.279422 -668.292814 -767.222761 -866.161185 -964.988285 -1063.682255 -1161.756746 -1258.207022 -1351.968951 -1440.909506 -1522.451617 -1594.302605 -1655.072443 -1704.503506 -1743.326167 -1772.910032 -1794.892375 -1810.893810 -1822.350939 -1830.447662 -1836.111130 -1840.041830 -1842.758391 -1844.653507 -1846.092890 -1847.673904 -1850.685174 -1854.984182 -1833.692562 -1390.798930 -1651.007753 -1589.938186 -1550.080544 -1532.066497 -1529.559975 -1529.299323 -1529.323340 -1529.387704 -1529.456919 -1529.523418 -1529.584987 -1529.642126 -1529.708613 -1529.917000 -1531.360326 -1540.689831 -1561.914101 -1584.227077 -1315.963980 -1797.231557 -1847.557106 -1849.652555 -1848.960820 -1848.723590 -1848.673738 -1848.665251 -1848.664306 -1848.664587 -1848.664994 -1848.665347 -1848.665633 -1848.665863 -1848.666053 -1848.666213 -1848.666351 -1848.666477 -1848.666595 -1848.666715 -1848.666845 -1848.667000 -1848.667198 -1848.667469 -1848.667862 -1848.668452 -1848.669371 -1848.670842 -1848.673267 -1848.677386 -1848.684614 -1848.697717 -1848.722254 -1848.769687 -1848.864596 -1849.062750 -1849.500062 -1850.534882 -1853.203429 -1860.869277 -1885.962297 -9999.0 -9999.0
-9999.0 -9999.0 522.164175 423.537006 324.508883 225.276415 125.955514 26.598096 -72.768415 -172.133041 -271.487301 -370.816865 -470.097489 -569.279422 -668.292814 -767.222760 -866.161185 -964.988284 -1063.682255 -1161.756746 -1258.207022 -1351.968951 -1440.909506 -1522.451616 -1594.302604 -1655.072443 -1704.503506 -1743.326167 -1772.910032 -1794.892375 -1810.893810 -1822.350939 -1830.447662 -1836.111130 -1840.041830 -1842.758391 -1844.653507 -1846.092890 -1847.673904 -1850.685174 -1854.984182 -1833.692563 -1390.798930 -1651.007753 -1589.938186 -1550.080545 -1532.066497 -1529.559975 -1529.299323 -1529.323340 -1529.387704 -1529.456919 -1529.523418 -1529.584987 -1529.642126 -1529.708613 -1529.917000 -1531.360326 -1540.689831 -1561.914101 -1584.227077 -1315.963980 -1797.231557 -1847.557106 -1849.652555 -1848.960820 -1848.723590 -1848.673738 -1848.665251 -1848.664306 -1848.664587 -1848.664994 -1848.665347 -1848.665633 -1848.665863 -1848.666053 -1848.666213 -1848.666351 -1848.666477 -1848.666595 -1848.666715 -1848.666845 -1848.667000 -1848.667198 -1848.667469 -1848.667862 -1848.668452 -1848.669371 -1848.670842 -1848.673267 -1848.677386 -1848.684614 -1848.697717 -1848.722254 -1848.769687 -1848.864596 -1849.062750 -1849.500062 -1850.534882 -1853.203429 -1860.869277 -1885.962297 -9999.0 -9999.0
-9999.0 -9999.0 522.159033 423.535520 324.508461 225.276287 125.955472 26.598081 -72.768421 -172.133043 -271.487302 -370.816866 -470.097490 -569.279422 -668.292814 -767.222760 -866.161185 -964.988284 -1063.682254 -1161.756746 -1258.207022 -1351.968951 -1440.909506 -1522.451616 -1594.302604 -1655.072442 -1704.503506 -1743.326167 -1772.910032 -1794.892375 -1810.893810 -1822.350939 -1830.447662 -1836.111130 -1840.041830 -1842.758391 -1844.653507 -1846.092890 -1847.673904 -1850.685174 -1854.984182 -1833.692563 -1390.798930 -1651.007754 -1589.938186 -1550.080546 -1532.066497 -1529.559975 -1529.299323 -1529.323340 -1529.387704 -1529.456919 -1529.523418 -1529.584987 -1529.642126 -1529.708613 -1529.917000 -1531.360326 -1540.689831 -1561.914101 -1584.227077 -1315.963980 -1797.231557 -1847.557106 -1849.652555 -1848.960820 -1848.723590 -1848.673738 -1848.665251 -1848.664306 -1848.664587 -1848.664994 -1848.665347 -1848.665633 -1848.665863 -1848.666053 -1848.666213 -1848.666352 -1848.666477 -1848.666595 -1848.666715 -1848.666845 -1848.667000 -1848.667198 -1848.667469 -1848.667862 -1848.668452 -1848.669371 -1848.670842 -1848.673267 -1848.677386 -1848.684614 -1848.697717 -1848.722254 -1848.769687 -1848.864596 -1849.062750 -1849.500062 -1850.534882 -1853.203429 -1860.869277 -1885.962297 -9999.0 -9999.0
-9999.0 -9999.0 -9999.0 -9999.0 -9999.0 -9999.0 -9999.0 -9999.0 -9999.0 -9999.0 -9999.0 -9999.0 -9999.0 -9999.0 -9999.0 -9999.0 -9999.0 -9999.0 -9999.0 -9999.0 -9999.0 -9999.0 -9999.0 -9999.0 -9999.0 -9999.0 -9999.0 -9999.0 -9999.0 -9999.0 -9999.0 -9999.0 -9999.0 -9999.0 -9999.0 -9999.0 -9999.0 -9999.0 -9999.0 -9999.0 -9999.0 -9999.0 -9999.0 -9999.0 -9999.0 -9999.0 -9999.0 -9999.0 -9999.0 -9999.0 -9999.0 -9999.0 -9999.0 -9999.0 -9999.0 -9999.0 -9999.0 -9999.0 -9999.0 -9999.0 -9999.0 -9999.0 -9999.0 -9999.0 -9999.0 -9999.0 -9999.0 -9999.0 -9999.0 -9999.0 -9999.0 -9999.0 -9999.0 -9999.0 -9999.0 -9999.0 -9999.0 -9999.0 -9999.0 -9999.0 -9999.0 -9999.0 -9999.0 -9999.0 -9999.0 -9999.0 -9999.0 -9999.0 -9999.0 -9999.0 -9999.0 -9999.0 -9999.0 -9999.0 -9999.0 -9999.0 -9999.0 -9999.0 -9999.0 -9999.0 -9999.0 -9999.0 -9999.0 -9999.0
-9999.0 -9999.0 -9999.0 -9999.0 -9999.0 -9999.0 -9999.0 -9999.0 -9999.0 -9999.0 -9999.0 -9999.0 -9999.0 -9999.0 -9999.0 -9999.0 -9999.0 -9999.0 -9999.0 -9999.0 -9999.0 -9999.0 -9999.0 -9999.0 -9999.0 -9999.0 -9999.0 -9999.0 -9999.0 -9999.0 -9999.0 -9999.0 -9999.0 -9999.0 -9999.0 -9999.0 -9999.0 -9999.0 -9999.0 -9999.0 -9999.0 -9999.0 -9999.0 -9999.0 -9999.0 -9999.0 -9999.0 -9999.0 -9999.0 -9999.0 -9999.0 -9999.0 -9999.0 -9999.0 -9999.0 -9999.0 -9999.0 -9999.0 -9999.0 -9999.0 -9999.0 -9999.0 -9999.0 -9999.0 -9999.0 -9999.0 -9999.0 -9999.0 -9999.0 -9999.0 -9999.0 -9999.0 -9999.0 -9999.0 -9999.0 -9999.0 -9999.0 -9999.0 -9999.0 -9999.0 -9999.0 -9999.0 -9999.0 -9999.0 -9999.0 -9999.0 -9999.0 -9999.0 -9999.0 -9999.0 -9999.0 -9999.0 -9999.0 -9999.0 -9999.0 -9999.0 -9999.0 -9999.0 -9999.0 -9999.0 -9999.0 -9999.0 -9999.0 -9999.0