inst/processing_geotop_simulation/geotop_simulation/out/maps3D/PwL0006N0343.asc
ncols         104
nrows         10
xllcorner     -2.000000
yllcorner     0.000000
cellsize      1.000000
NODATA_value  -9999.0
-9999.0 -9999.0 -9999.0 -9999.0 -9999.0 -9999.0 -9999.0 -9999.0 -9999.0 -9999.0 -9999.0 -9999.0 -9999.0 -9999.0 -9999.0 -9999.0 -9999.0 -9999.0 -9999.0 -9999.0 -9999.0 -9999.0 -9999.0 -9999.0 -9999.0 -9999.0 -9999.0 -9999.0 -9999.0 -9999.0 -9999.0 -9999.0 -9999.0 -9999.0 -9999.0 -9999.0 -9999.0 -9999.0 -9999.0 -9999.0 -9999.0 -9999.0 -9999.0 -9999.0 -9999.0 -9999.0 -9999.0 -9999.0 -9999.0 -9999.0 -9999.0 -9999.0 -9999.0 -9999.0 -9999.0 -9999.0 -9999.0 -9999.0 -9999.0 -9999.0 -9999.0 -9999.0 -9999.0 -9999.0 -9999.0 -9999.0 -9999.0 -9999.0 -9999.0 -9999.0 -9999.0 -9999.0 -9999.0 -9999.0 -9999.0 -9999.0 -9999.0 -9999.0 -9999.0 -9999.0 -9999.0 -9999.0 -9999.0 -9999.0 -9999.0 -9999.0 -9999.0 -9999.0 -9999.0 -9999.0 -9999.0 -9999.0 -9999.0 -9999.0 -9999.0 -9999.0 -9999.0 -9999.0 -9999.0 -9999.0 -9999.0 -9999.0 -9999.0 -9999.0
-9999.0 -9999.0 -9999.0 -9999.0 -9999.0 -9999.0 -9999.0 -9999.0 -9999.0 -9999.0 -9999.0 -9999.0 -9999.0 -9999.0 -9999.0 -9999.0 -9999.0 -9999.0 -9999.0 -9999.0 -9999.0 -9999.0 -9999.0 -9999.0 -9999.0 -9999.0 -9999.0 -9999.0 -9999.0 -9999.0 -9999.0 -9999.0 -9999.0 -9999.0 -9999.0 -9999.0 -9999.0 -9999.0 -9999.0 -9999.0 -9999.0 -9999.0 -9999.0 -9999.0 -9999.0 -9999.0 -9999.0 -9999.0 -9999.0 -9999.0 -9999.0 -9999.0 -9999.0 -9999.0 -9999.0 -9999.0 -9999.0 -9999.0 -9999.0 -9999.0 -9999.0 -9999.0 -9999.0 -9999.0 -9999.0 -9999.0 -9999.0 -9999.0 -9999.0 -9999.0 -9999.0 -9999.0 -9999.0 -9999.0 -9999.0 -9999.0 -9999.0 -9999.0 -9999.0 -9999.0 -9999.0 -9999.0 -9999.0 -9999.0 -9999.0 -9999.0 -9999.0 -9999.0 -9999.0 -9999.0 -9999.0 -9999.0 -9999.0 -9999.0 -9999.0 -9999.0 -9999.0 -9999.0 -9999.0 -9999.0 -9999.0 -9999.0 -9999.0 -9999.0
-9999.0 -9999.0 274.903850 177.438586 78.910644 -19.973950 -118.996013 -218.074166 -317.165206 -416.238355 -515.258537 -614.147506 -712.748501 -811.244941 -909.605993 -1007.937662 -1106.180928 -1203.420576 -1299.389734 -1393.185670 -1483.113257 -1566.362915 -1639.757861 -1701.126097 -1750.008122 -1787.414095 -1815.154679 -1835.236914 -1849.503920 -1859.488065 -1866.390002 -1871.113999 -1874.321679 -1876.486371 -1877.941111 -1878.919485 -1879.595348 -1880.153406 -1881.021405 -1883.482868 -1888.065225 -1853.779215 -1185.586438 -1211.274170 -1194.196653 -1182.988922 -1177.755183 -1176.975109 -1176.892029 -1176.899726 -1176.920447 -1176.942758 -1176.964202 -1176.984063 -1177.002523 -1177.024233 -1177.093039 -1177.556251 -1180.327910 -1186.497906 -1194.496805 -1157.202367 -1826.439988 -1881.586685 -1882.048664 -1881.212497 -1881.000756 -1880.962285 -1880.956407 -1880.956014 -1880.956454 -1880.956933 -1880.957325 -1880.957630 -1880.957866 -1880.958051 -1880.958199 -1880.958321 -1880.958425 -1880.958519 -1880.958612 -1880.958716 -1880.958847 -1880.959025 -1880.959286 -1880.959685 -1880.960309 -1880.961307 -1880.962933 -1880.965636 -1880.970244 -1880.978320 -1880.992906 -1881.020052 -1881.072046 -1881.174566 -1881.383931 -1881.832579 -1882.858809 -1885.415720 -1892.581708 -1916.216590 -9999.0 -9999.0
-9999.0 -9999.0 274.911826 177.440418 78.911122 -19.973810 -118.995968 -218.074150 -317.165201 -416.238353 -515.258536 -614.147506 -712.748500 -811.244941 -909.605993 -1007.937662 -1106.180928 -1203.420576 -1299.389734 -1393.185670 -1483.113258 -1566.362915 -1639.757862 -1701.126097 -1750.008122 -1787.414095 -1815.154679 -1835.236914 -1849.503920 -1859.488065 -1866.390002 -1871.113999 -1874.321679 -1876.486371 -1877.941111 -1878.919485 -1879.595348 -1880.153406 -1881.021405 -1883.482868 -1888.065225 -1853.779215 -1185.586438 -1211.274169 -1194.196653 -1182.988922 -1177.755183 -1176.975109 -1176.892029 -1176.899726 -1176.920447 -1176.942758 -1176.964202 -1176.984063 -1177.002523 -1177.024233 -1177.093039 -1177.556251 -1180.327910 -1186.497906 -1194.496805 -1157.202367 -1826.439988 -1881.586685 -1882.048664 -1881.212497 -1881.000756 -1880.962285 -1880.956407 -1880.956014 -1880.956454 -1880.956933 -1880.957325 -1880.957630 -1880.957866 -1880.958051 -1880.958199 -1880.958321 -1880.958425 -1880.958519 -1880.958612 -1880.958716 -1880.958847 -1880.959025 -1880.959286 -1880.959685 -1880.960309 -1880.961307 -1880.962933 -1880.965636 -1880.970244 -1880.978320 -1880.992906 -1881.020052 -1881.072046 -1881.174566 -1881.383931 -1881.832579 -1882.858809 -1885.415720 -1892.581708 -1916.216590 -9999.0 -9999.0
-9999.0 -9999.0 274.913208 177.441184 78.911427 -19.973699 -118.995929 -218.074136 -317.165196 -416.238351 -515.258535 -614.147505 -712.748500 -811.244941 -909.605993 -1007.937662 -1106.180928 -1203.420576 -1299.389734 -1393.185670 -1483.113258 -1566.362915 -1639.757862 -1701.126097 -1750.008122 -1787.414095 -1815.154679 -1835.236914 -1849.503920 -1859.488065 -1866.390002 -1871.113999 -1874.321679 -1876.486371 -1877.941111 -1878.919485 -1879.595348 -1880.153406 -1881.021405 -1883.482868 -1888.065225 -1853.779215 -1185.586438 -1211.274169 -1194.196653 -1182.988922 -1177.755183 -1176.975109 -1176.892029 -1176.899726 -1176.920447 -1176.942758 -1176.964202 -1176.984063 -1177.002523 -1177.024233 -1177.093039 -1177.556251 -1180.327910 -1186.497906 -1194.496805 -1157.202367 -1826.439988 -1881.586685 -1882.048664 -1881.212497 -1881.000756 -1880.962285 -1880.956407 -1880.956014 -1880.956454 -1880.956933 -1880.957325 -1880.957630 -1880.957866 -1880.958051 -1880.958199 -1880.958321 -1880.958425 -1880.958519 -1880.958612 -1880.958716 -1880.958847 -1880.959025 -1880.959286 -1880.959685 -1880.960309 -1880.961307 -1880.962933 -1880.965636 -1880.970244 -1880.978320 -1880.992906 -1881.020052 -1881.072046 -1881.174566 -1881.383931 -1881.832579 -1882.858809 -1885.415720 -1892.581708 -1916.216590 -9999.0 -9999.0
-9999.0 -9999.0 274.913208 177.441184 78.911427 -19.973699 -118.995929 -218.074136 -317.165196 -416.238351 -515.258535 -614.147505 -712.748500 -811.244941 -909.605993 -1007.937662 -1106.180928 -1203.420576 -1299.389734 -1393.185670 -1483.113258 -1566.362915 -1639.757862 -1701.126097 -1750.008122 -1787.414095 -1815.154679 -1835.236914 -1849.503920 -1859.488065 -1866.390002 -1871.113999 -1874.321679 -1876.486371 -1877.941111 -1878.919485 -1879.595348 -1880.153406 -1881.021405 -1883.482868 -1888.065225 -1853.779215 -1185.586438 -1211.274169 -1194.196653 -1182.988922 -1177.755183 -1176.975109 -1176.892029 -1176.899726 -1176.920447 -1176.942758 -1176.964202 -1176.984063 -1177.002523 -1177.024233 -1177.093039 -1177.556251 -1180.327910 -1186.497906 -1194.496805 -1157.202367 -1826.439988 -1881.586685 -1882.048664 -1881.212497 -1881.000756 -1880.962285 -1880.956407 -1880.956014 -1880.956454 -1880.956933 -1880.957325 -1880.957630 -1880.957866 -1880.958051 -1880.958199 -1880.958321 -1880.958425 -1880.958519 -1880.958612 -1880.958716 -1880.958847 -1880.959025 -1880.959286 -1880.959685 -1880.960309 -1880.961307 -1880.962933 -1880.965636 -1880.970244 -1880.978320 -1880.992906 -1881.020052 -1881.072046 -1881.174566 -1881.383931 -1881.832579 -1882.858809 -1885.415720 -1892.581708 -1916.216590 -9999.0 -9999.0
-9999.0 -9999.0 274.911826 177.440418 78.911122 -19.973810 -118.995968 -218.074150 -317.165201 -416.238353 -515.258536 -614.147506 -712.748501 -811.244941 -909.605993 -1007.937662 -1106.180928 -1203.420576 -1299.389734 -1393.185670 -1483.113258 -1566.362915 -1639.757862 -1701.126097 -1750.008122 -1787.414095 -1815.154679 -1835.236914 -1849.503920 -1859.488065 -1866.390002 -1871.113999 -1874.321679 -1876.486371 -1877.941111 -1878.919485 -1879.595348 -1880.153406 -1881.021405 -1883.482868 -1888.065225 -1853.779215 -1185.586438 -1211.274169 -1194.196653 -1182.988922 -1177.755183 -1176.975109 -1176.892029 -1176.899726 -1176.920447 -1176.942758 -1176.964202 -1176.984063 -1177.002523 -1177.024233 -1177.093039 -1177.556251 -1180.327910 -1186.497906 -1194.496805 -1157.202367 -1826.439988 -1881.586685 -1882.048664 -1881.212497 -1881.000756 -1880.962285 -1880.956407 -1880.956014 -1880.956454 -1880.956933 -1880.957325 -1880.957630 -1880.957866 -1880.958051 -1880.958199 -1880.958321 -1880.958425 -1880.958519 -1880.958612 -1880.958716 -1880.958847 -1880.959025 -1880.959286 -1880.959685 -1880.960309 -1880.961307 -1880.962933 -1880.965636 -1880.970244 -1880.978320 -1880.992906 -1881.020052 -1881.072046 -1881.174566 -1881.383931 -1881.832579 -1882.858809 -1885.415720 -1892.581708 -1916.216590 -9999.0 -9999.0
-9999.0 -9999.0 274.903850 177.438586 78.910644 -19.973950 -118.996013 -218.074166 -317.165206 -416.238355 -515.258537 -614.147506 -712.748501 -811.244941 -909.605993 -1007.937662 -1106.180928 -1203.420576 -1299.389734 -1393.185670 -1483.113257 -1566.362915 -1639.757861 -1701.126097 -1750.008122 -1787.414095 -1815.154679 -1835.236914 -1849.503920 -1859.488065 -1866.390002 -1871.113999 -1874.321679 -1876.486371 -1877.941111 -1878.919485 -1879.595348 -1880.153406 -1881.021405 -1883.482868 -1888.065225 -1853.779215 -1185.586438 -1211.274170 -1194.196653 -1182.988922 -1177.755183 -1176.975109 -1176.892029 -1176.899726 -1176.920447 -1176.942758 -1176.964202 -1176.984063 -1177.002523 -1177.024233 -1177.093039 -1177.556251 -1180.327910 -1186.497906 -1194.496805 -1157.202367 -1826.439988 -1881.586685 -1882.048664 -1881.212497 -1881.000756 -1880.962285 -1880.956407 -1880.956014 -1880.956454 -1880.956933 -1880.957325 -1880.957630 -1880.957866 -1880.958051 -1880.958199 -1880.958321 -1880.958425 -1880.958519 -1880.958612 -1880.958716 -1880.958847 -1880.959025 -1880.959286 -1880.959685 -1880.960309 -1880.961307 -1880.962933 -1880.965636 -1880.970244 -1880.978320 -1880.992906 -1881.020052 -1881.072046 -1881.174566 -1881.383931 -1881.832579 -1882.858809 -1885.415720 -1892.581708 -1916.216590 -9999.0 -9999.0
-9999.0 -9999.0 -9999.0 -9999.0 -9999.0 -9999.0 -9999.0 -9999.0 -9999.0 -9999.0 -9999.0 -9999.0 -9999.0 -9999.0 -9999.0 -9999.0 -9999.0 -9999.0 -9999.0 -9999.0 -9999.0 -9999.0 -9999.0 -9999.0 -9999.0 -9999.0 -9999.0 -9999.0 -9999.0 -9999.0 -9999.0 -9999.0 -9999.0 -9999.0 -9999.0 -9999.0 -9999.0 -9999.0 -9999.0 -9999.0 -9999.0 -9999.0 -9999.0 -9999.0 -9999.0 -9999.0 -9999.0 -9999.0 -9999.0 -9999.0 -9999.0 -9999.0 -9999.0 -9999.0 -9999.0 -9999.0 -9999.0 -9999.0 -9999.0 -9999.0 -9999.0 -9999.0 -9999.0 -9999.0 -9999.0 -9999.0 -9999.0 -9999.0 -9999.0 -9999.0 -9999.0 -9999.0 -9999.0 -9999.0 -9999.0 -9999.0 -9999.0 -9999.0 -9999.0 -9999.0 -9999.0 -9999.0 -9999.0 -9999.0 -9999.0 -9999.0 -9999.0 -9999.0 -9999.0 -9999.0 -9999.0 -9999.0 -9999.0 -9999.0 -9999.0 -9999.0 -9999.0 -9999.0 -9999.0 -9999.0 -9999.0 -9999.0 -9999.0 -9999.0
-9999.0 -9999.0 -9999.0 -9999.0 -9999.0 -9999.0 -9999.0 -9999.0 -9999.0 -9999.0 -9999.0 -9999.0 -9999.0 -9999.0 -9999.0 -9999.0 -9999.0 -9999.0 -9999.0 -9999.0 -9999.0 -9999.0 -9999.0 -9999.0 -9999.0 -9999.0 -9999.0 -9999.0 -9999.0 -9999.0 -9999.0 -9999.0 -9999.0 -9999.0 -9999.0 -9999.0 -9999.0 -9999.0 -9999.0 -9999.0 -9999.0 -9999.0 -9999.0 -9999.0 -9999.0 -9999.0 -9999.0 -9999.0 -9999.0 -9999.0 -9999.0 -9999.0 -9999.0 -9999.0 -9999.0 -9999.0 -9999.0 -9999.0 -9999.0 -9999.0 -9999.0 -9999.0 -9999.0 -9999.0 -9999.0 -9999.0 -9999.0 -9999.0 -9999.0 -9999.0 -9999.0 -9999.0 -9999.0 -9999.0 -9999.0 -9999.0 -9999.0 -9999.0 -9999.0 -9999.0 -9999.0 -9999.0 -9999.0 -9999.0 -9999.0 -9999.0 -9999.0 -9999.0 -9999.0 -9999.0 -9999.0 -9999.0 -9999.0 -9999.0 -9999.0 -9999.0 -9999.0 -9999.0 -9999.0 -9999.0 -9999.0 -9999.0 -9999.0 -9999.0