inst/processing_geotop_simulation/geotop_simulation/out/maps3D/PwL0002N0170.asc
ncols         104
nrows         10
xllcorner     -2.000000
yllcorner     0.000000
cellsize      1.000000
NODATA_value  -9999.0
-9999.0 -9999.0 -9999.0 -9999.0 -9999.0 -9999.0 -9999.0 -9999.0 -9999.0 -9999.0 -9999.0 -9999.0 -9999.0 -9999.0 -9999.0 -9999.0 -9999.0 -9999.0 -9999.0 -9999.0 -9999.0 -9999.0 -9999.0 -9999.0 -9999.0 -9999.0 -9999.0 -9999.0 -9999.0 -9999.0 -9999.0 -9999.0 -9999.0 -9999.0 -9999.0 -9999.0 -9999.0 -9999.0 -9999.0 -9999.0 -9999.0 -9999.0 -9999.0 -9999.0 -9999.0 -9999.0 -9999.0 -9999.0 -9999.0 -9999.0 -9999.0 -9999.0 -9999.0 -9999.0 -9999.0 -9999.0 -9999.0 -9999.0 -9999.0 -9999.0 -9999.0 -9999.0 -9999.0 -9999.0 -9999.0 -9999.0 -9999.0 -9999.0 -9999.0 -9999.0 -9999.0 -9999.0 -9999.0 -9999.0 -9999.0 -9999.0 -9999.0 -9999.0 -9999.0 -9999.0 -9999.0 -9999.0 -9999.0 -9999.0 -9999.0 -9999.0 -9999.0 -9999.0 -9999.0 -9999.0 -9999.0 -9999.0 -9999.0 -9999.0 -9999.0 -9999.0 -9999.0 -9999.0 -9999.0 -9999.0 -9999.0 -9999.0 -9999.0 -9999.0
-9999.0 -9999.0 -9999.0 -9999.0 -9999.0 -9999.0 -9999.0 -9999.0 -9999.0 -9999.0 -9999.0 -9999.0 -9999.0 -9999.0 -9999.0 -9999.0 -9999.0 -9999.0 -9999.0 -9999.0 -9999.0 -9999.0 -9999.0 -9999.0 -9999.0 -9999.0 -9999.0 -9999.0 -9999.0 -9999.0 -9999.0 -9999.0 -9999.0 -9999.0 -9999.0 -9999.0 -9999.0 -9999.0 -9999.0 -9999.0 -9999.0 -9999.0 -9999.0 -9999.0 -9999.0 -9999.0 -9999.0 -9999.0 -9999.0 -9999.0 -9999.0 -9999.0 -9999.0 -9999.0 -9999.0 -9999.0 -9999.0 -9999.0 -9999.0 -9999.0 -9999.0 -9999.0 -9999.0 -9999.0 -9999.0 -9999.0 -9999.0 -9999.0 -9999.0 -9999.0 -9999.0 -9999.0 -9999.0 -9999.0 -9999.0 -9999.0 -9999.0 -9999.0 -9999.0 -9999.0 -9999.0 -9999.0 -9999.0 -9999.0 -9999.0 -9999.0 -9999.0 -9999.0 -9999.0 -9999.0 -9999.0 -9999.0 -9999.0 -9999.0 -9999.0 -9999.0 -9999.0 -9999.0 -9999.0 -9999.0 -9999.0 -9999.0 -9999.0 -9999.0
-9999.0 -9999.0 81.398962 -7.059383 -101.477561 -197.332842 -293.708768 -390.248512 -486.762373 -583.090676 -678.867267 -773.931978 -868.156694 -961.520758 -1055.175682 -1148.550317 -1240.811805 -1332.949963 -1423.696145 -1503.939492 -1564.747605 -1606.693040 -1633.867447 -1650.949537 -1661.680643 -1668.576185 -1673.161913 -1676.307949 -1678.505429 -1680.046639 -1681.122385 -1681.866554 -1682.376287 -1682.722051 -1682.954408 -1683.110895 -1683.225784 -1683.349759 -1683.657941 -1685.205158 -1692.499506 -1693.928169 -1055.581785 -1053.306629 -1041.888372 -1034.699120 -1031.329235 -1030.842037 -1030.791983 -1030.799685 -1030.816147 -1030.833701 -1030.850556 -1030.866155 -1030.880549 -1030.896488 -1030.940657 -1031.231787 -1033.026713 -1037.075808 -1043.387965 -1037.695377 -1673.732798 -1688.135864 -1684.437325 -1683.644168 -1683.519331 -1683.499796 -1683.497508 -1683.498236 -1683.499327 -1683.500266 -1683.500994 -1683.501547 -1683.501969 -1683.502295 -1683.502553 -1683.502761 -1683.502934 -1683.503087 -1683.503236 -1683.503401 -1683.503609 -1683.503896 -1683.504321 -1683.504975 -1683.506002 -1683.507644 -1683.510307 -1683.514699 -1683.522093 -1683.534860 -1683.557554 -1683.599119 -1683.677364 -1683.828110 -1684.124702 -1684.723989 -1685.988163 -1688.837727 -1695.941237 -1717.470653 -9999.0 -9999.0
-9999.0 -9999.0 81.411638 -7.057096 -101.476990 -197.332676 -293.708715 -390.248494 -486.762367 -583.090673 -678.867266 -773.931978 -868.156694 -961.520758 -1055.175682 -1148.550317 -1240.811805 -1332.949963 -1423.696145 -1503.939492 -1564.747605 -1606.693040 -1633.867447 -1650.949537 -1661.680643 -1668.576185 -1673.161913 -1676.307949 -1678.505429 -1680.046639 -1681.122385 -1681.866554 -1682.376287 -1682.722051 -1682.954408 -1683.110895 -1683.225784 -1683.349759 -1683.657941 -1685.205158 -1692.499506 -1693.928169 -1055.581785 -1053.306629 -1041.888372 -1034.699120 -1031.329235 -1030.842037 -1030.791983 -1030.799685 -1030.816147 -1030.833701 -1030.850556 -1030.866155 -1030.880549 -1030.896488 -1030.940657 -1031.231787 -1033.026713 -1037.075808 -1043.387965 -1037.695377 -1673.732798 -1688.135864 -1684.437325 -1683.644168 -1683.519331 -1683.499796 -1683.497508 -1683.498236 -1683.499327 -1683.500266 -1683.500994 -1683.501547 -1683.501969 -1683.502295 -1683.502553 -1683.502761 -1683.502934 -1683.503087 -1683.503236 -1683.503401 -1683.503609 -1683.503896 -1683.504321 -1683.504975 -1683.506002 -1683.507644 -1683.510307 -1683.514699 -1683.522093 -1683.534860 -1683.557554 -1683.599119 -1683.677364 -1683.828110 -1684.124702 -1684.723989 -1685.988163 -1688.837727 -1695.941237 -1717.470653 -9999.0 -9999.0
-9999.0 -9999.0 81.413015 -7.056186 -101.476629 -197.332545 -293.708668 -390.248478 -486.762361 -583.090671 -678.867266 -773.931978 -868.156694 -961.520758 -1055.175682 -1148.550318 -1240.811805 -1332.949963 -1423.696145 -1503.939492 -1564.747605 -1606.693040 -1633.867447 -1650.949537 -1661.680643 -1668.576185 -1673.161913 -1676.307949 -1678.505429 -1680.046639 -1681.122385 -1681.866554 -1682.376287 -1682.722051 -1682.954408 -1683.110895 -1683.225784 -1683.349759 -1683.657941 -1685.205158 -1692.499506 -1693.928169 -1055.581785 -1053.306629 -1041.888372 -1034.699119 -1031.329235 -1030.842037 -1030.791983 -1030.799685 -1030.816147 -1030.833701 -1030.850556 -1030.866155 -1030.880549 -1030.896488 -1030.940657 -1031.231787 -1033.026713 -1037.075808 -1043.387965 -1037.695377 -1673.732798 -1688.135864 -1684.437325 -1683.644168 -1683.519331 -1683.499796 -1683.497508 -1683.498236 -1683.499327 -1683.500266 -1683.500994 -1683.501547 -1683.501969 -1683.502295 -1683.502553 -1683.502761 -1683.502934 -1683.503087 -1683.503236 -1683.503401 -1683.503609 -1683.503896 -1683.504321 -1683.504975 -1683.506002 -1683.507644 -1683.510307 -1683.514699 -1683.522093 -1683.534860 -1683.557554 -1683.599119 -1683.677364 -1683.828110 -1684.124702 -1684.723989 -1685.988163 -1688.837727 -1695.941237 -1717.470653 -9999.0 -9999.0
-9999.0 -9999.0 81.413015 -7.056186 -101.476629 -197.332545 -293.708668 -390.248478 -486.762361 -583.090671 -678.867266 -773.931978 -868.156694 -961.520758 -1055.175682 -1148.550318 -1240.811805 -1332.949963 -1423.696145 -1503.939492 -1564.747605 -1606.693040 -1633.867448 -1650.949537 -1661.680643 -1668.576185 -1673.161913 -1676.307949 -1678.505429 -1680.046639 -1681.122385 -1681.866554 -1682.376287 -1682.722051 -1682.954408 -1683.110895 -1683.225784 -1683.349759 -1683.657941 -1685.205158 -1692.499506 -1693.928169 -1055.581785 -1053.306629 -1041.888372 -1034.699119 -1031.329235 -1030.842037 -1030.791983 -1030.799685 -1030.816147 -1030.833701 -1030.850556 -1030.866155 -1030.880549 -1030.896488 -1030.940657 -1031.231787 -1033.026713 -1037.075808 -1043.387965 -1037.695377 -1673.732798 -1688.135864 -1684.437325 -1683.644168 -1683.519331 -1683.499796 -1683.497508 -1683.498236 -1683.499327 -1683.500266 -1683.500994 -1683.501547 -1683.501969 -1683.502295 -1683.502553 -1683.502761 -1683.502934 -1683.503087 -1683.503236 -1683.503401 -1683.503609 -1683.503896 -1683.504321 -1683.504975 -1683.506002 -1683.507644 -1683.510307 -1683.514699 -1683.522093 -1683.534860 -1683.557554 -1683.599119 -1683.677364 -1683.828110 -1684.124702 -1684.723989 -1685.988163 -1688.837727 -1695.941237 -1717.470653 -9999.0 -9999.0
-9999.0 -9999.0 81.411638 -7.057096 -101.476990 -197.332676 -293.708715 -390.248494 -486.762367 -583.090673 -678.867266 -773.931978 -868.156694 -961.520758 -1055.175682 -1148.550317 -1240.811805 -1332.949963 -1423.696145 -1503.939492 -1564.747605 -1606.693040 -1633.867447 -1650.949537 -1661.680643 -1668.576185 -1673.161913 -1676.307949 -1678.505429 -1680.046639 -1681.122385 -1681.866554 -1682.376287 -1682.722051 -1682.954408 -1683.110895 -1683.225784 -1683.349759 -1683.657941 -1685.205158 -1692.499506 -1693.928169 -1055.581785 -1053.306629 -1041.888372 -1034.699120 -1031.329235 -1030.842037 -1030.791983 -1030.799685 -1030.816147 -1030.833701 -1030.850556 -1030.866155 -1030.880549 -1030.896488 -1030.940657 -1031.231787 -1033.026713 -1037.075808 -1043.387965 -1037.695377 -1673.732798 -1688.135864 -1684.437325 -1683.644168 -1683.519331 -1683.499796 -1683.497508 -1683.498236 -1683.499327 -1683.500266 -1683.500994 -1683.501547 -1683.501969 -1683.502295 -1683.502553 -1683.502761 -1683.502934 -1683.503087 -1683.503236 -1683.503401 -1683.503609 -1683.503896 -1683.504321 -1683.504975 -1683.506002 -1683.507644 -1683.510307 -1683.514699 -1683.522093 -1683.534860 -1683.557554 -1683.599119 -1683.677364 -1683.828110 -1684.124702 -1684.723989 -1685.988163 -1688.837727 -1695.941237 -1717.470653 -9999.0 -9999.0
-9999.0 -9999.0 81.398962 -7.059383 -101.477561 -197.332842 -293.708768 -390.248512 -486.762373 -583.090675 -678.867267 -773.931978 -868.156694 -961.520758 -1055.175682 -1148.550317 -1240.811805 -1332.949963 -1423.696145 -1503.939492 -1564.747605 -1606.693040 -1633.867447 -1650.949537 -1661.680643 -1668.576185 -1673.161913 -1676.307949 -1678.505429 -1680.046639 -1681.122385 -1681.866554 -1682.376287 -1682.722051 -1682.954408 -1683.110895 -1683.225784 -1683.349759 -1683.657941 -1685.205158 -1692.499506 -1693.928169 -1055.581785 -1053.306629 -1041.888372 -1034.699120 -1031.329235 -1030.842037 -1030.791983 -1030.799685 -1030.816147 -1030.833701 -1030.850556 -1030.866155 -1030.880549 -1030.896488 -1030.940657 -1031.231787 -1033.026713 -1037.075808 -1043.387965 -1037.695377 -1673.732798 -1688.135864 -1684.437325 -1683.644168 -1683.519331 -1683.499796 -1683.497508 -1683.498236 -1683.499327 -1683.500266 -1683.500994 -1683.501547 -1683.501969 -1683.502295 -1683.502553 -1683.502761 -1683.502934 -1683.503087 -1683.503236 -1683.503401 -1683.503609 -1683.503896 -1683.504321 -1683.504975 -1683.506002 -1683.507644 -1683.510307 -1683.514699 -1683.522093 -1683.534860 -1683.557554 -1683.599119 -1683.677364 -1683.828110 -1684.124702 -1684.723989 -1685.988163 -1688.837727 -1695.941237 -1717.470653 -9999.0 -9999.0
-9999.0 -9999.0 -9999.0 -9999.0 -9999.0 -9999.0 -9999.0 -9999.0 -9999.0 -9999.0 -9999.0 -9999.0 -9999.0 -9999.0 -9999.0 -9999.0 -9999.0 -9999.0 -9999.0 -9999.0 -9999.0 -9999.0 -9999.0 -9999.0 -9999.0 -9999.0 -9999.0 -9999.0 -9999.0 -9999.0 -9999.0 -9999.0 -9999.0 -9999.0 -9999.0 -9999.0 -9999.0 -9999.0 -9999.0 -9999.0 -9999.0 -9999.0 -9999.0 -9999.0 -9999.0 -9999.0 -9999.0 -9999.0 -9999.0 -9999.0 -9999.0 -9999.0 -9999.0 -9999.0 -9999.0 -9999.0 -9999.0 -9999.0 -9999.0 -9999.0 -9999.0 -9999.0 -9999.0 -9999.0 -9999.0 -9999.0 -9999.0 -9999.0 -9999.0 -9999.0 -9999.0 -9999.0 -9999.0 -9999.0 -9999.0 -9999.0 -9999.0 -9999.0 -9999.0 -9999.0 -9999.0 -9999.0 -9999.0 -9999.0 -9999.0 -9999.0 -9999.0 -9999.0 -9999.0 -9999.0 -9999.0 -9999.0 -9999.0 -9999.0 -9999.0 -9999.0 -9999.0 -9999.0 -9999.0 -9999.0 -9999.0 -9999.0 -9999.0 -9999.0
-9999.0 -9999.0 -9999.0 -9999.0 -9999.0 -9999.0 -9999.0 -9999.0 -9999.0 -9999.0 -9999.0 -9999.0 -9999.0 -9999.0 -9999.0 -9999.0 -9999.0 -9999.0 -9999.0 -9999.0 -9999.0 -9999.0 -9999.0 -9999.0 -9999.0 -9999.0 -9999.0 -9999.0 -9999.0 -9999.0 -9999.0 -9999.0 -9999.0 -9999.0 -9999.0 -9999.0 -9999.0 -9999.0 -9999.0 -9999.0 -9999.0 -9999.0 -9999.0 -9999.0 -9999.0 -9999.0 -9999.0 -9999.0 -9999.0 -9999.0 -9999.0 -9999.0 -9999.0 -9999.0 -9999.0 -9999.0 -9999.0 -9999.0 -9999.0 -9999.0 -9999.0 -9999.0 -9999.0 -9999.0 -9999.0 -9999.0 -9999.0 -9999.0 -9999.0 -9999.0 -9999.0 -9999.0 -9999.0 -9999.0 -9999.0 -9999.0 -9999.0 -9999.0 -9999.0 -9999.0 -9999.0 -9999.0 -9999.0 -9999.0 -9999.0 -9999.0 -9999.0 -9999.0 -9999.0 -9999.0 -9999.0 -9999.0 -9999.0 -9999.0 -9999.0 -9999.0 -9999.0 -9999.0 -9999.0 -9999.0 -9999.0 -9999.0 -9999.0 -9999.0