inst/processing_geotop_simulation/geotop_simulation/out/maps3D/PwL0000N0409.asc
ncols         104
nrows         10
xllcorner     -2.000000
yllcorner     0.000000
cellsize      1.000000
NODATA_value  -9999.0
-9999.0 -9999.0 -9999.0 -9999.0 -9999.0 -9999.0 -9999.0 -9999.0 -9999.0 -9999.0 -9999.0 -9999.0 -9999.0 -9999.0 -9999.0 -9999.0 -9999.0 -9999.0 -9999.0 -9999.0 -9999.0 -9999.0 -9999.0 -9999.0 -9999.0 -9999.0 -9999.0 -9999.0 -9999.0 -9999.0 -9999.0 -9999.0 -9999.0 -9999.0 -9999.0 -9999.0 -9999.0 -9999.0 -9999.0 -9999.0 -9999.0 -9999.0 -9999.0 -9999.0 -9999.0 -9999.0 -9999.0 -9999.0 -9999.0 -9999.0 -9999.0 -9999.0 -9999.0 -9999.0 -9999.0 -9999.0 -9999.0 -9999.0 -9999.0 -9999.0 -9999.0 -9999.0 -9999.0 -9999.0 -9999.0 -9999.0 -9999.0 -9999.0 -9999.0 -9999.0 -9999.0 -9999.0 -9999.0 -9999.0 -9999.0 -9999.0 -9999.0 -9999.0 -9999.0 -9999.0 -9999.0 -9999.0 -9999.0 -9999.0 -9999.0 -9999.0 -9999.0 -9999.0 -9999.0 -9999.0 -9999.0 -9999.0 -9999.0 -9999.0 -9999.0 -9999.0 -9999.0 -9999.0 -9999.0 -9999.0 -9999.0 -9999.0 -9999.0 -9999.0
-9999.0 -9999.0 -9999.0 -9999.0 -9999.0 -9999.0 -9999.0 -9999.0 -9999.0 -9999.0 -9999.0 -9999.0 -9999.0 -9999.0 -9999.0 -9999.0 -9999.0 -9999.0 -9999.0 -9999.0 -9999.0 -9999.0 -9999.0 -9999.0 -9999.0 -9999.0 -9999.0 -9999.0 -9999.0 -9999.0 -9999.0 -9999.0 -9999.0 -9999.0 -9999.0 -9999.0 -9999.0 -9999.0 -9999.0 -9999.0 -9999.0 -9999.0 -9999.0 -9999.0 -9999.0 -9999.0 -9999.0 -9999.0 -9999.0 -9999.0 -9999.0 -9999.0 -9999.0 -9999.0 -9999.0 -9999.0 -9999.0 -9999.0 -9999.0 -9999.0 -9999.0 -9999.0 -9999.0 -9999.0 -9999.0 -9999.0 -9999.0 -9999.0 -9999.0 -9999.0 -9999.0 -9999.0 -9999.0 -9999.0 -9999.0 -9999.0 -9999.0 -9999.0 -9999.0 -9999.0 -9999.0 -9999.0 -9999.0 -9999.0 -9999.0 -9999.0 -9999.0 -9999.0 -9999.0 -9999.0 -9999.0 -9999.0 -9999.0 -9999.0 -9999.0 -9999.0 -9999.0 -9999.0 -9999.0 -9999.0 -9999.0 -9999.0 -9999.0 -9999.0
-9999.0 -9999.0 0.027582 -96.233713 -195.111697 -294.281199 -393.557067 -492.870653 -592.187387 -691.480194 -790.710209 -889.849846 -988.874486 -1087.751045 -1186.584952 -1285.346755 -1383.775503 -1481.652339 -1578.564453 -1673.714291 -1765.587430 -1851.592286 -1928.460586 -1993.561379 -2045.936513 -2086.303382 -2116.397573 -2138.278834 -2153.889661 -2164.863906 -2172.488662 -2177.736483 -2181.321181 -2183.755414 -2185.401701 -2186.515883 -2187.290121 -2187.929300 -2188.872501 -2191.124699 -2191.860236 -2124.587590 -1316.600059 -1312.669434 -1302.809981 -1296.297100 -1293.229989 -1292.743421 -1292.690036 -1292.694598 -1292.707522 -1292.721479 -1292.734902 -1292.747340 -1292.758935 -1292.772852 -1292.818187 -1293.114913 -1294.767668 -1298.404311 -1303.259868 -1300.049293 -2100.574441 -2186.075542 -2189.697022 -2189.109618 -2188.900550 -2188.858309 -2188.851426 -2188.850782 -2188.851121 -2188.851537 -2188.851885 -2188.852157 -2188.852370 -2188.852537 -2188.852673 -2188.852784 -2188.852881 -2188.852968 -2188.853056 -2188.853154 -2188.853275 -2188.853440 -2188.853681 -2188.854045 -2188.854614 -2188.855523 -2188.857002 -2188.859465 -2188.863670 -2188.871061 -2188.884450 -2188.909452 -2188.957529 -2189.052856 -2189.249160 -2189.674771 -2190.663436 -2193.177018 -2200.383793 -2224.445599 -9999.0 -9999.0
-9999.0 -9999.0 0.083642 -96.231852 -195.111233 -294.281064 -393.557024 -492.870638 -592.187382 -691.480192 -790.710208 -889.849845 -988.874486 -1087.751045 -1186.584952 -1285.346755 -1383.775503 -1481.652339 -1578.564453 -1673.714292 -1765.587430 -1851.592286 -1928.460586 -1993.561379 -2045.936514 -2086.303382 -2116.397573 -2138.278834 -2153.889661 -2164.863906 -2172.488662 -2177.736483 -2181.321181 -2183.755414 -2185.401701 -2186.515883 -2187.290121 -2187.929300 -2188.872501 -2191.124699 -2191.860236 -2124.587590 -1316.600059 -1312.669433 -1302.809981 -1296.297100 -1293.229989 -1292.743421 -1292.690036 -1292.694598 -1292.707522 -1292.721479 -1292.734902 -1292.747340 -1292.758935 -1292.772852 -1292.818187 -1293.114913 -1294.767668 -1298.404311 -1303.259868 -1300.049293 -2100.574441 -2186.075542 -2189.697022 -2189.109618 -2188.900550 -2188.858309 -2188.851426 -2188.850782 -2188.851121 -2188.851537 -2188.851885 -2188.852157 -2188.852370 -2188.852537 -2188.852673 -2188.852784 -2188.852881 -2188.852968 -2188.853056 -2188.853154 -2188.853275 -2188.853440 -2188.853681 -2188.854045 -2188.854614 -2188.855523 -2188.857002 -2188.859465 -2188.863670 -2188.871061 -2188.884450 -2188.909452 -2188.957529 -2189.052856 -2189.249160 -2189.674771 -2190.663436 -2193.177018 -2200.383793 -2224.445599 -9999.0 -9999.0
-9999.0 -9999.0 0.083660 -96.231107 -195.110939 -294.280958 -393.556986 -492.870625 -592.187377 -691.480190 -790.710208 -889.849845 -988.874485 -1087.751045 -1186.584952 -1285.346755 -1383.775504 -1481.652339 -1578.564453 -1673.714292 -1765.587430 -1851.592286 -1928.460586 -1993.561379 -2045.936514 -2086.303382 -2116.397573 -2138.278834 -2153.889661 -2164.863906 -2172.488662 -2177.736483 -2181.321181 -2183.755414 -2185.401701 -2186.515883 -2187.290121 -2187.929300 -2188.872501 -2191.124699 -2191.860236 -2124.587590 -1316.600059 -1312.669433 -1302.809981 -1296.297100 -1293.229989 -1292.743421 -1292.690036 -1292.694598 -1292.707522 -1292.721479 -1292.734902 -1292.747340 -1292.758935 -1292.772852 -1292.818187 -1293.114913 -1294.767668 -1298.404311 -1303.259868 -1300.049293 -2100.574441 -2186.075542 -2189.697022 -2189.109618 -2188.900550 -2188.858309 -2188.851426 -2188.850782 -2188.851121 -2188.851537 -2188.851885 -2188.852157 -2188.852370 -2188.852537 -2188.852673 -2188.852784 -2188.852881 -2188.852968 -2188.853056 -2188.853154 -2188.853275 -2188.853440 -2188.853681 -2188.854045 -2188.854614 -2188.855523 -2188.857002 -2188.859465 -2188.863670 -2188.871061 -2188.884450 -2188.909452 -2188.957529 -2189.052856 -2189.249160 -2189.674771 -2190.663436 -2193.177018 -2200.383793 -2224.445599 -9999.0 -9999.0
-9999.0 -9999.0 0.083660 -96.231107 -195.110939 -294.280958 -393.556986 -492.870625 -592.187377 -691.480190 -790.710208 -889.849845 -988.874485 -1087.751045 -1186.584952 -1285.346755 -1383.775504 -1481.652339 -1578.564453 -1673.714292 -1765.587430 -1851.592286 -1928.460586 -1993.561379 -2045.936514 -2086.303382 -2116.397573 -2138.278834 -2153.889661 -2164.863906 -2172.488662 -2177.736483 -2181.321181 -2183.755414 -2185.401701 -2186.515883 -2187.290121 -2187.929300 -2188.872501 -2191.124699 -2191.860236 -2124.587590 -1316.600059 -1312.669433 -1302.809981 -1296.297100 -1293.229989 -1292.743421 -1292.690036 -1292.694598 -1292.707522 -1292.721479 -1292.734902 -1292.747340 -1292.758935 -1292.772852 -1292.818187 -1293.114913 -1294.767668 -1298.404311 -1303.259868 -1300.049293 -2100.574441 -2186.075542 -2189.697022 -2189.109618 -2188.900550 -2188.858309 -2188.851426 -2188.850782 -2188.851121 -2188.851537 -2188.851885 -2188.852157 -2188.852370 -2188.852537 -2188.852673 -2188.852784 -2188.852881 -2188.852968 -2188.853056 -2188.853154 -2188.853275 -2188.853440 -2188.853681 -2188.854045 -2188.854614 -2188.855523 -2188.857002 -2188.859465 -2188.863670 -2188.871061 -2188.884450 -2188.909452 -2188.957529 -2189.052856 -2189.249160 -2189.674771 -2190.663436 -2193.177018 -2200.383793 -2224.445599 -9999.0 -9999.0
-9999.0 -9999.0 0.083642 -96.231852 -195.111233 -294.281064 -393.557024 -492.870638 -592.187382 -691.480192 -790.710208 -889.849845 -988.874486 -1087.751045 -1186.584952 -1285.346755 -1383.775504 -1481.652339 -1578.564453 -1673.714292 -1765.587430 -1851.592286 -1928.460586 -1993.561379 -2045.936514 -2086.303382 -2116.397573 -2138.278834 -2153.889661 -2164.863906 -2172.488662 -2177.736483 -2181.321181 -2183.755414 -2185.401701 -2186.515883 -2187.290121 -2187.929300 -2188.872501 -2191.124699 -2191.860236 -2124.587590 -1316.600059 -1312.669433 -1302.809981 -1296.297100 -1293.229989 -1292.743421 -1292.690036 -1292.694598 -1292.707522 -1292.721479 -1292.734902 -1292.747340 -1292.758935 -1292.772852 -1292.818187 -1293.114913 -1294.767668 -1298.404311 -1303.259868 -1300.049293 -2100.574441 -2186.075542 -2189.697022 -2189.109618 -2188.900550 -2188.858309 -2188.851426 -2188.850782 -2188.851121 -2188.851537 -2188.851885 -2188.852157 -2188.852370 -2188.852537 -2188.852673 -2188.852784 -2188.852881 -2188.852968 -2188.853056 -2188.853154 -2188.853275 -2188.853440 -2188.853681 -2188.854045 -2188.854614 -2188.855523 -2188.857002 -2188.859465 -2188.863670 -2188.871061 -2188.884450 -2188.909452 -2188.957529 -2189.052856 -2189.249160 -2189.674771 -2190.663436 -2193.177018 -2200.383793 -2224.445599 -9999.0 -9999.0
-9999.0 -9999.0 0.027582 -96.233713 -195.111697 -294.281199 -393.557067 -492.870653 -592.187387 -691.480194 -790.710209 -889.849846 -988.874486 -1087.751045 -1186.584952 -1285.346755 -1383.775503 -1481.652339 -1578.564453 -1673.714291 -1765.587430 -1851.592286 -1928.460586 -1993.561379 -2045.936513 -2086.303382 -2116.397573 -2138.278834 -2153.889661 -2164.863906 -2172.488662 -2177.736483 -2181.321181 -2183.755414 -2185.401701 -2186.515883 -2187.290121 -2187.929300 -2188.872501 -2191.124699 -2191.860236 -2124.587590 -1316.600059 -1312.669434 -1302.809981 -1296.297100 -1293.229989 -1292.743421 -1292.690036 -1292.694598 -1292.707522 -1292.721479 -1292.734902 -1292.747340 -1292.758935 -1292.772852 -1292.818187 -1293.114913 -1294.767668 -1298.404311 -1303.259868 -1300.049293 -2100.574441 -2186.075542 -2189.697022 -2189.109618 -2188.900550 -2188.858309 -2188.851426 -2188.850782 -2188.851121 -2188.851537 -2188.851885 -2188.852157 -2188.852370 -2188.852537 -2188.852673 -2188.852784 -2188.852881 -2188.852968 -2188.853056 -2188.853154 -2188.853275 -2188.853440 -2188.853681 -2188.854045 -2188.854614 -2188.855523 -2188.857002 -2188.859465 -2188.863670 -2188.871061 -2188.884450 -2188.909452 -2188.957529 -2189.052856 -2189.249160 -2189.674771 -2190.663436 -2193.177018 -2200.383793 -2224.445599 -9999.0 -9999.0
-9999.0 -9999.0 -9999.0 -9999.0 -9999.0 -9999.0 -9999.0 -9999.0 -9999.0 -9999.0 -9999.0 -9999.0 -9999.0 -9999.0 -9999.0 -9999.0 -9999.0 -9999.0 -9999.0 -9999.0 -9999.0 -9999.0 -9999.0 -9999.0 -9999.0 -9999.0 -9999.0 -9999.0 -9999.0 -9999.0 -9999.0 -9999.0 -9999.0 -9999.0 -9999.0 -9999.0 -9999.0 -9999.0 -9999.0 -9999.0 -9999.0 -9999.0 -9999.0 -9999.0 -9999.0 -9999.0 -9999.0 -9999.0 -9999.0 -9999.0 -9999.0 -9999.0 -9999.0 -9999.0 -9999.0 -9999.0 -9999.0 -9999.0 -9999.0 -9999.0 -9999.0 -9999.0 -9999.0 -9999.0 -9999.0 -9999.0 -9999.0 -9999.0 -9999.0 -9999.0 -9999.0 -9999.0 -9999.0 -9999.0 -9999.0 -9999.0 -9999.0 -9999.0 -9999.0 -9999.0 -9999.0 -9999.0 -9999.0 -9999.0 -9999.0 -9999.0 -9999.0 -9999.0 -9999.0 -9999.0 -9999.0 -9999.0 -9999.0 -9999.0 -9999.0 -9999.0 -9999.0 -9999.0 -9999.0 -9999.0 -9999.0 -9999.0 -9999.0 -9999.0
-9999.0 -9999.0 -9999.0 -9999.0 -9999.0 -9999.0 -9999.0 -9999.0 -9999.0 -9999.0 -9999.0 -9999.0 -9999.0 -9999.0 -9999.0 -9999.0 -9999.0 -9999.0 -9999.0 -9999.0 -9999.0 -9999.0 -9999.0 -9999.0 -9999.0 -9999.0 -9999.0 -9999.0 -9999.0 -9999.0 -9999.0 -9999.0 -9999.0 -9999.0 -9999.0 -9999.0 -9999.0 -9999.0 -9999.0 -9999.0 -9999.0 -9999.0 -9999.0 -9999.0 -9999.0 -9999.0 -9999.0 -9999.0 -9999.0 -9999.0 -9999.0 -9999.0 -9999.0 -9999.0 -9999.0 -9999.0 -9999.0 -9999.0 -9999.0 -9999.0 -9999.0 -9999.0 -9999.0 -9999.0 -9999.0 -9999.0 -9999.0 -9999.0 -9999.0 -9999.0 -9999.0 -9999.0 -9999.0 -9999.0 -9999.0 -9999.0 -9999.0 -9999.0 -9999.0 -9999.0 -9999.0 -9999.0 -9999.0 -9999.0 -9999.0 -9999.0 -9999.0 -9999.0 -9999.0 -9999.0 -9999.0 -9999.0 -9999.0 -9999.0 -9999.0 -9999.0 -9999.0 -9999.0 -9999.0 -9999.0 -9999.0 -9999.0 -9999.0 -9999.0