inst/processing_geotop_simulation/geotop_simulation/out/maps3D/PwL0019N0035.asc
ncols         104
nrows         10
xllcorner     -2.000000
yllcorner     0.000000
cellsize      1.000000
NODATA_value  -9999.0
-9999.0 -9999.0 -9999.0 -9999.0 -9999.0 -9999.0 -9999.0 -9999.0 -9999.0 -9999.0 -9999.0 -9999.0 -9999.0 -9999.0 -9999.0 -9999.0 -9999.0 -9999.0 -9999.0 -9999.0 -9999.0 -9999.0 -9999.0 -9999.0 -9999.0 -9999.0 -9999.0 -9999.0 -9999.0 -9999.0 -9999.0 -9999.0 -9999.0 -9999.0 -9999.0 -9999.0 -9999.0 -9999.0 -9999.0 -9999.0 -9999.0 -9999.0 -9999.0 -9999.0 -9999.0 -9999.0 -9999.0 -9999.0 -9999.0 -9999.0 -9999.0 -9999.0 -9999.0 -9999.0 -9999.0 -9999.0 -9999.0 -9999.0 -9999.0 -9999.0 -9999.0 -9999.0 -9999.0 -9999.0 -9999.0 -9999.0 -9999.0 -9999.0 -9999.0 -9999.0 -9999.0 -9999.0 -9999.0 -9999.0 -9999.0 -9999.0 -9999.0 -9999.0 -9999.0 -9999.0 -9999.0 -9999.0 -9999.0 -9999.0 -9999.0 -9999.0 -9999.0 -9999.0 -9999.0 -9999.0 -9999.0 -9999.0 -9999.0 -9999.0 -9999.0 -9999.0 -9999.0 -9999.0 -9999.0 -9999.0 -9999.0 -9999.0 -9999.0 -9999.0
-9999.0 -9999.0 -9999.0 -9999.0 -9999.0 -9999.0 -9999.0 -9999.0 -9999.0 -9999.0 -9999.0 -9999.0 -9999.0 -9999.0 -9999.0 -9999.0 -9999.0 -9999.0 -9999.0 -9999.0 -9999.0 -9999.0 -9999.0 -9999.0 -9999.0 -9999.0 -9999.0 -9999.0 -9999.0 -9999.0 -9999.0 -9999.0 -9999.0 -9999.0 -9999.0 -9999.0 -9999.0 -9999.0 -9999.0 -9999.0 -9999.0 -9999.0 -9999.0 -9999.0 -9999.0 -9999.0 -9999.0 -9999.0 -9999.0 -9999.0 -9999.0 -9999.0 -9999.0 -9999.0 -9999.0 -9999.0 -9999.0 -9999.0 -9999.0 -9999.0 -9999.0 -9999.0 -9999.0 -9999.0 -9999.0 -9999.0 -9999.0 -9999.0 -9999.0 -9999.0 -9999.0 -9999.0 -9999.0 -9999.0 -9999.0 -9999.0 -9999.0 -9999.0 -9999.0 -9999.0 -9999.0 -9999.0 -9999.0 -9999.0 -9999.0 -9999.0 -9999.0 -9999.0 -9999.0 -9999.0 -9999.0 -9999.0 -9999.0 -9999.0 -9999.0 -9999.0 -9999.0 -9999.0 -9999.0 -9999.0 -9999.0 -9999.0 -9999.0 -9999.0
-9999.0 -9999.0 -499.103144 -523.833987 -532.819165 -534.546545 -534.515232 -534.646004 -535.194841 -536.199903 -535.717789 -535.210763 -531.631594 -518.458196 -482.204001 -442.211328 -418.831478 -406.438834 -399.326704 -342.824653 -244.831216 -152.961089 -60.132609 40.133936 -36.250717 -112.842816 -188.262406 -260.639007 -326.958497 -384.863900 -431.967043 -467.705633 -492.903627 -509.499221 -519.836057 -525.956212 -529.454319 -531.993883 -535.269080 -534.268240 -528.728499 -548.475323 -2573.259322 -4034.397465 -4034.653464 -4034.653465 -4034.653465 -4034.653465 -4034.653465 -4034.653465 -4034.653465 -4034.653465 -4034.653465 -4034.653465 -4034.653465 -4034.653465 -4034.653463 -4034.653458 -4034.653437 -4034.653330 -4034.192732 -2455.829908 -556.850614 -545.709223 -537.364065 -535.120029 -534.614888 -534.490285 -534.452974 -534.440511 -534.436541 -534.435733 -534.436155 -534.437062 -534.438185 -534.439396 -534.440599 -534.441733 -534.442811 -534.443870 -534.444977 -534.446255 -534.447892 -534.450147 -534.453441 -534.458441 -534.466244 -534.478635 -534.498620 -534.531419 -534.586407 -534.681163 -534.849932 -535.161890 -535.760263 -536.945435 -539.348816 -544.293050 -554.564383 -576.555104 -631.049620 -779.336919 -9999.0 -9999.0
-9999.0 -9999.0 -499.103081 -523.833889 -532.819082 -534.546506 -534.515223 -534.646005 -535.194845 -536.199907 -535.717789 -535.210763 -531.631594 -518.458196 -482.204001 -442.211328 -418.831478 -406.438834 -399.326704 -342.824653 -244.831216 -152.961089 -60.132609 40.133936 -36.250717 -112.842816 -188.262406 -260.639007 -326.958497 -384.863900 -431.967043 -467.705633 -492.903627 -509.499221 -519.836057 -525.956212 -529.454319 -531.993883 -535.269080 -534.268240 -528.728499 -548.475323 -2573.259321 -4034.397465 -4034.653464 -4034.653465 -4034.653465 -4034.653465 -4034.653465 -4034.653465 -4034.653465 -4034.653465 -4034.653465 -4034.653465 -4034.653465 -4034.653465 -4034.653463 -4034.653458 -4034.653437 -4034.653330 -4034.192732 -2455.829908 -556.850614 -545.709223 -537.364065 -535.120029 -534.614888 -534.490285 -534.452974 -534.440511 -534.436541 -534.435733 -534.436155 -534.437062 -534.438185 -534.439396 -534.440599 -534.441733 -534.442811 -534.443870 -534.444977 -534.446255 -534.447892 -534.450147 -534.453441 -534.458441 -534.466244 -534.478635 -534.498620 -534.531419 -534.586407 -534.681163 -534.849932 -535.161890 -535.760263 -536.945435 -539.348816 -544.293050 -554.564383 -576.555104 -631.049620 -779.336919 -9999.0 -9999.0
-9999.0 -9999.0 -499.103050 -523.833834 -532.819027 -534.546478 -534.515215 -534.646007 -535.194848 -536.199910 -535.717790 -535.210763 -531.631594 -518.458196 -482.204001 -442.211328 -418.831478 -406.438834 -399.326704 -342.824653 -244.831216 -152.961089 -60.132609 40.133936 -36.250717 -112.842816 -188.262406 -260.639007 -326.958497 -384.863900 -431.967043 -467.705633 -492.903627 -509.499221 -519.836057 -525.956212 -529.454319 -531.993883 -535.269080 -534.268239 -528.728499 -548.475323 -2573.259321 -4034.397465 -4034.653464 -4034.653465 -4034.653465 -4034.653465 -4034.653465 -4034.653465 -4034.653465 -4034.653465 -4034.653465 -4034.653465 -4034.653465 -4034.653465 -4034.653463 -4034.653458 -4034.653437 -4034.653330 -4034.192732 -2455.829908 -556.850614 -545.709223 -537.364065 -535.120029 -534.614888 -534.490285 -534.452974 -534.440511 -534.436541 -534.435733 -534.436155 -534.437062 -534.438185 -534.439396 -534.440599 -534.441733 -534.442811 -534.443870 -534.444977 -534.446255 -534.447892 -534.450147 -534.453441 -534.458441 -534.466244 -534.478635 -534.498620 -534.531419 -534.586407 -534.681163 -534.849932 -535.161890 -535.760263 -536.945435 -539.348816 -544.293050 -554.564383 -576.555104 -631.049620 -779.336918 -9999.0 -9999.0
-9999.0 -9999.0 -499.103050 -523.833834 -532.819027 -534.546478 -534.515215 -534.646007 -535.194848 -536.199910 -535.717790 -535.210763 -531.631594 -518.458196 -482.204001 -442.211328 -418.831478 -406.438834 -399.326704 -342.824653 -244.831216 -152.961089 -60.132609 40.133936 -36.250717 -112.842816 -188.262406 -260.639007 -326.958497 -384.863900 -431.967043 -467.705633 -492.903627 -509.499221 -519.836057 -525.956212 -529.454319 -531.993883 -535.269080 -534.268239 -528.728499 -548.475323 -2573.259321 -4034.397465 -4034.653464 -4034.653465 -4034.653465 -4034.653465 -4034.653465 -4034.653465 -4034.653465 -4034.653465 -4034.653465 -4034.653465 -4034.653465 -4034.653465 -4034.653463 -4034.653458 -4034.653437 -4034.653330 -4034.192732 -2455.829908 -556.850614 -545.709223 -537.364065 -535.120029 -534.614888 -534.490285 -534.452974 -534.440511 -534.436541 -534.435733 -534.436155 -534.437062 -534.438185 -534.439396 -534.440599 -534.441733 -534.442811 -534.443870 -534.444977 -534.446255 -534.447892 -534.450147 -534.453441 -534.458441 -534.466244 -534.478635 -534.498620 -534.531419 -534.586407 -534.681163 -534.849932 -535.161890 -535.760263 -536.945435 -539.348816 -544.293050 -554.564383 -576.555104 -631.049620 -779.336918 -9999.0 -9999.0
-9999.0 -9999.0 -499.103081 -523.833889 -532.819082 -534.546506 -534.515223 -534.646005 -535.194845 -536.199907 -535.717789 -535.210763 -531.631594 -518.458196 -482.204001 -442.211328 -418.831478 -406.438834 -399.326704 -342.824653 -244.831216 -152.961089 -60.132609 40.133936 -36.250717 -112.842816 -188.262406 -260.639007 -326.958497 -384.863900 -431.967043 -467.705633 -492.903627 -509.499221 -519.836057 -525.956212 -529.454319 -531.993883 -535.269080 -534.268240 -528.728499 -548.475323 -2573.259321 -4034.397465 -4034.653464 -4034.653465 -4034.653465 -4034.653465 -4034.653465 -4034.653465 -4034.653465 -4034.653465 -4034.653465 -4034.653465 -4034.653465 -4034.653465 -4034.653463 -4034.653458 -4034.653437 -4034.653330 -4034.192732 -2455.829908 -556.850614 -545.709223 -537.364065 -535.120029 -534.614888 -534.490285 -534.452974 -534.440511 -534.436541 -534.435733 -534.436155 -534.437062 -534.438185 -534.439396 -534.440599 -534.441733 -534.442811 -534.443870 -534.444977 -534.446255 -534.447892 -534.450147 -534.453441 -534.458441 -534.466244 -534.478635 -534.498620 -534.531419 -534.586407 -534.681163 -534.849932 -535.161890 -535.760263 -536.945435 -539.348816 -544.293050 -554.564383 -576.555104 -631.049620 -779.336919 -9999.0 -9999.0
-9999.0 -9999.0 -499.103144 -523.833987 -532.819165 -534.546545 -534.515232 -534.646004 -535.194841 -536.199903 -535.717789 -535.210763 -531.631594 -518.458196 -482.204001 -442.211328 -418.831478 -406.438834 -399.326704 -342.824653 -244.831216 -152.961089 -60.132609 40.133936 -36.250717 -112.842816 -188.262406 -260.639007 -326.958497 -384.863900 -431.967043 -467.705633 -492.903627 -509.499221 -519.836057 -525.956212 -529.454319 -531.993883 -535.269080 -534.268240 -528.728499 -548.475323 -2573.259322 -4034.397465 -4034.653464 -4034.653465 -4034.653465 -4034.653465 -4034.653465 -4034.653465 -4034.653465 -4034.653465 -4034.653465 -4034.653465 -4034.653465 -4034.653465 -4034.653463 -4034.653458 -4034.653437 -4034.653330 -4034.192732 -2455.829908 -556.850614 -545.709223 -537.364065 -535.120029 -534.614888 -534.490285 -534.452974 -534.440511 -534.436541 -534.435733 -534.436155 -534.437062 -534.438185 -534.439396 -534.440599 -534.441733 -534.442811 -534.443870 -534.444977 -534.446255 -534.447892 -534.450147 -534.453441 -534.458441 -534.466244 -534.478635 -534.498620 -534.531419 -534.586407 -534.681163 -534.849932 -535.161890 -535.760263 -536.945435 -539.348816 -544.293050 -554.564383 -576.555104 -631.049620 -779.336919 -9999.0 -9999.0
-9999.0 -9999.0 -9999.0 -9999.0 -9999.0 -9999.0 -9999.0 -9999.0 -9999.0 -9999.0 -9999.0 -9999.0 -9999.0 -9999.0 -9999.0 -9999.0 -9999.0 -9999.0 -9999.0 -9999.0 -9999.0 -9999.0 -9999.0 -9999.0 -9999.0 -9999.0 -9999.0 -9999.0 -9999.0 -9999.0 -9999.0 -9999.0 -9999.0 -9999.0 -9999.0 -9999.0 -9999.0 -9999.0 -9999.0 -9999.0 -9999.0 -9999.0 -9999.0 -9999.0 -9999.0 -9999.0 -9999.0 -9999.0 -9999.0 -9999.0 -9999.0 -9999.0 -9999.0 -9999.0 -9999.0 -9999.0 -9999.0 -9999.0 -9999.0 -9999.0 -9999.0 -9999.0 -9999.0 -9999.0 -9999.0 -9999.0 -9999.0 -9999.0 -9999.0 -9999.0 -9999.0 -9999.0 -9999.0 -9999.0 -9999.0 -9999.0 -9999.0 -9999.0 -9999.0 -9999.0 -9999.0 -9999.0 -9999.0 -9999.0 -9999.0 -9999.0 -9999.0 -9999.0 -9999.0 -9999.0 -9999.0 -9999.0 -9999.0 -9999.0 -9999.0 -9999.0 -9999.0 -9999.0 -9999.0 -9999.0 -9999.0 -9999.0 -9999.0 -9999.0
-9999.0 -9999.0 -9999.0 -9999.0 -9999.0 -9999.0 -9999.0 -9999.0 -9999.0 -9999.0 -9999.0 -9999.0 -9999.0 -9999.0 -9999.0 -9999.0 -9999.0 -9999.0 -9999.0 -9999.0 -9999.0 -9999.0 -9999.0 -9999.0 -9999.0 -9999.0 -9999.0 -9999.0 -9999.0 -9999.0 -9999.0 -9999.0 -9999.0 -9999.0 -9999.0 -9999.0 -9999.0 -9999.0 -9999.0 -9999.0 -9999.0 -9999.0 -9999.0 -9999.0 -9999.0 -9999.0 -9999.0 -9999.0 -9999.0 -9999.0 -9999.0 -9999.0 -9999.0 -9999.0 -9999.0 -9999.0 -9999.0 -9999.0 -9999.0 -9999.0 -9999.0 -9999.0 -9999.0 -9999.0 -9999.0 -9999.0 -9999.0 -9999.0 -9999.0 -9999.0 -9999.0 -9999.0 -9999.0 -9999.0 -9999.0 -9999.0 -9999.0 -9999.0 -9999.0 -9999.0 -9999.0 -9999.0 -9999.0 -9999.0 -9999.0 -9999.0 -9999.0 -9999.0 -9999.0 -9999.0 -9999.0 -9999.0 -9999.0 -9999.0 -9999.0 -9999.0 -9999.0 -9999.0 -9999.0 -9999.0 -9999.0 -9999.0 -9999.0 -9999.0