inst/processing_geotop_simulation/geotop_simulation/out/maps3D/PwL0006N0072.asc
ncols         104
nrows         10
xllcorner     -2.000000
yllcorner     0.000000
cellsize      1.000000
NODATA_value  -9999.0
-9999.0 -9999.0 -9999.0 -9999.0 -9999.0 -9999.0 -9999.0 -9999.0 -9999.0 -9999.0 -9999.0 -9999.0 -9999.0 -9999.0 -9999.0 -9999.0 -9999.0 -9999.0 -9999.0 -9999.0 -9999.0 -9999.0 -9999.0 -9999.0 -9999.0 -9999.0 -9999.0 -9999.0 -9999.0 -9999.0 -9999.0 -9999.0 -9999.0 -9999.0 -9999.0 -9999.0 -9999.0 -9999.0 -9999.0 -9999.0 -9999.0 -9999.0 -9999.0 -9999.0 -9999.0 -9999.0 -9999.0 -9999.0 -9999.0 -9999.0 -9999.0 -9999.0 -9999.0 -9999.0 -9999.0 -9999.0 -9999.0 -9999.0 -9999.0 -9999.0 -9999.0 -9999.0 -9999.0 -9999.0 -9999.0 -9999.0 -9999.0 -9999.0 -9999.0 -9999.0 -9999.0 -9999.0 -9999.0 -9999.0 -9999.0 -9999.0 -9999.0 -9999.0 -9999.0 -9999.0 -9999.0 -9999.0 -9999.0 -9999.0 -9999.0 -9999.0 -9999.0 -9999.0 -9999.0 -9999.0 -9999.0 -9999.0 -9999.0 -9999.0 -9999.0 -9999.0 -9999.0 -9999.0 -9999.0 -9999.0 -9999.0 -9999.0 -9999.0 -9999.0
-9999.0 -9999.0 -9999.0 -9999.0 -9999.0 -9999.0 -9999.0 -9999.0 -9999.0 -9999.0 -9999.0 -9999.0 -9999.0 -9999.0 -9999.0 -9999.0 -9999.0 -9999.0 -9999.0 -9999.0 -9999.0 -9999.0 -9999.0 -9999.0 -9999.0 -9999.0 -9999.0 -9999.0 -9999.0 -9999.0 -9999.0 -9999.0 -9999.0 -9999.0 -9999.0 -9999.0 -9999.0 -9999.0 -9999.0 -9999.0 -9999.0 -9999.0 -9999.0 -9999.0 -9999.0 -9999.0 -9999.0 -9999.0 -9999.0 -9999.0 -9999.0 -9999.0 -9999.0 -9999.0 -9999.0 -9999.0 -9999.0 -9999.0 -9999.0 -9999.0 -9999.0 -9999.0 -9999.0 -9999.0 -9999.0 -9999.0 -9999.0 -9999.0 -9999.0 -9999.0 -9999.0 -9999.0 -9999.0 -9999.0 -9999.0 -9999.0 -9999.0 -9999.0 -9999.0 -9999.0 -9999.0 -9999.0 -9999.0 -9999.0 -9999.0 -9999.0 -9999.0 -9999.0 -9999.0 -9999.0 -9999.0 -9999.0 -9999.0 -9999.0 -9999.0 -9999.0 -9999.0 -9999.0 -9999.0 -9999.0 -9999.0 -9999.0 -9999.0 -9999.0
-9999.0 -9999.0 -30.214438 -130.403490 -231.357640 -335.189842 -447.637443 -576.329569 -722.336426 -871.651299 -966.459236 -985.110648 -971.636226 -995.339962 -1030.998752 -1078.768393 -1130.097216 -1143.777243 -1140.858830 -1131.469396 -1122.340007 -1116.265196 -1113.770815 -1114.391174 -1117.304097 -1121.611423 -1126.466416 -1131.181213 -1135.309517 -1138.655706 -1141.212499 -1143.078567 -1144.392166 -1145.289488 -1145.885312 -1146.269737 -1146.522308 -1146.742009 -1146.992173 -1147.371879 -1151.938547 -1191.213960 -1007.362324 -1032.364870 -996.091670 -974.664635 -964.816420 -963.580805 -963.459462 -963.478633 -963.518703 -963.561288 -963.602130 -963.639903 -963.674653 -963.712268 -963.812246 -964.504881 -969.562728 -981.173138 -1001.244886 -954.103433 -1173.790109 -1150.799117 -1147.678420 -1147.199162 -1147.101799 -1147.084400 -1147.084277 -1147.087242 -1147.090196 -1147.092563 -1147.094357 -1147.095706 -1147.096732 -1147.097525 -1147.098152 -1147.098655 -1147.099070 -1147.099431 -1147.099777 -1147.100152 -1147.100615 -1147.101249 -1147.102180 -1147.103602 -1147.105827 -1147.109366 -1147.115066 -1147.124381 -1147.139881 -1147.166268 -1147.212451 -1147.295779 -1147.450627 -1147.745440 -1148.316123 -1149.433225 -1151.652875 -1156.214049 -1166.173334 -1190.485697 -9999.0 -9999.0
-9999.0 -9999.0 -30.214438 -130.403491 -231.357640 -335.189842 -447.637444 -576.329570 -722.336427 -871.651300 -966.459236 -985.110648 -971.636226 -995.339962 -1030.998752 -1078.768393 -1130.097216 -1143.777243 -1140.858830 -1131.469396 -1122.340007 -1116.265196 -1113.770815 -1114.391174 -1117.304097 -1121.611423 -1126.466416 -1131.181213 -1135.309517 -1138.655706 -1141.212499 -1143.078567 -1144.392166 -1145.289488 -1145.885312 -1146.269737 -1146.522308 -1146.742009 -1146.992173 -1147.371879 -1151.938547 -1191.213960 -1007.362324 -1032.364869 -996.091669 -974.664635 -964.816420 -963.580805 -963.459462 -963.478633 -963.518703 -963.561288 -963.602130 -963.639903 -963.674653 -963.712268 -963.812246 -964.504881 -969.562728 -981.173138 -1001.244886 -954.103433 -1173.790109 -1150.799117 -1147.678420 -1147.199162 -1147.101799 -1147.084400 -1147.084277 -1147.087242 -1147.090196 -1147.092563 -1147.094357 -1147.095706 -1147.096732 -1147.097525 -1147.098152 -1147.098655 -1147.099070 -1147.099431 -1147.099777 -1147.100152 -1147.100615 -1147.101249 -1147.102180 -1147.103602 -1147.105827 -1147.109366 -1147.115066 -1147.124381 -1147.139881 -1147.166268 -1147.212451 -1147.295779 -1147.450627 -1147.745440 -1148.316123 -1149.433225 -1151.652875 -1156.214049 -1166.173334 -1190.485697 -9999.0 -9999.0
-9999.0 -9999.0 -30.214439 -130.403491 -231.357641 -335.189843 -447.637444 -576.329570 -722.336427 -871.651300 -966.459236 -985.110648 -971.636226 -995.339962 -1030.998752 -1078.768393 -1130.097216 -1143.777243 -1140.858830 -1131.469396 -1122.340007 -1116.265196 -1113.770815 -1114.391174 -1117.304097 -1121.611423 -1126.466416 -1131.181213 -1135.309517 -1138.655706 -1141.212499 -1143.078567 -1144.392166 -1145.289488 -1145.885312 -1146.269737 -1146.522308 -1146.742009 -1146.992173 -1147.371879 -1151.938547 -1191.213960 -1007.362324 -1032.364869 -996.091669 -974.664634 -964.816420 -963.580805 -963.459462 -963.478633 -963.518703 -963.561288 -963.602130 -963.639903 -963.674653 -963.712268 -963.812246 -964.504881 -969.562728 -981.173138 -1001.244886 -954.103433 -1173.790109 -1150.799117 -1147.678420 -1147.199162 -1147.101799 -1147.084400 -1147.084277 -1147.087242 -1147.090196 -1147.092563 -1147.094357 -1147.095706 -1147.096732 -1147.097525 -1147.098152 -1147.098655 -1147.099070 -1147.099431 -1147.099777 -1147.100152 -1147.100615 -1147.101249 -1147.102180 -1147.103602 -1147.105827 -1147.109366 -1147.115066 -1147.124381 -1147.139881 -1147.166268 -1147.212451 -1147.295779 -1147.450627 -1147.745440 -1148.316123 -1149.433225 -1151.652875 -1156.214049 -1166.173334 -1190.485697 -9999.0 -9999.0
-9999.0 -9999.0 -30.214438 -130.403491 -231.357641 -335.189843 -447.637444 -576.329570 -722.336427 -871.651300 -966.459236 -985.110648 -971.636226 -995.339962 -1030.998752 -1078.768393 -1130.097216 -1143.777243 -1140.858830 -1131.469396 -1122.340007 -1116.265196 -1113.770815 -1114.391174 -1117.304097 -1121.611423 -1126.466416 -1131.181213 -1135.309517 -1138.655706 -1141.212499 -1143.078567 -1144.392166 -1145.289488 -1145.885312 -1146.269737 -1146.522308 -1146.742009 -1146.992173 -1147.371879 -1151.938547 -1191.213960 -1007.362324 -1032.364869 -996.091669 -974.664634 -964.816420 -963.580805 -963.459462 -963.478633 -963.518703 -963.561288 -963.602130 -963.639903 -963.674653 -963.712268 -963.812246 -964.504881 -969.562728 -981.173138 -1001.244886 -954.103433 -1173.790109 -1150.799117 -1147.678420 -1147.199162 -1147.101799 -1147.084400 -1147.084277 -1147.087242 -1147.090196 -1147.092563 -1147.094357 -1147.095706 -1147.096732 -1147.097525 -1147.098152 -1147.098655 -1147.099070 -1147.099431 -1147.099777 -1147.100152 -1147.100615 -1147.101249 -1147.102180 -1147.103602 -1147.105827 -1147.109366 -1147.115066 -1147.124381 -1147.139881 -1147.166268 -1147.212451 -1147.295779 -1147.450627 -1147.745440 -1148.316123 -1149.433225 -1151.652875 -1156.214049 -1166.173334 -1190.485697 -9999.0 -9999.0
-9999.0 -9999.0 -30.214438 -130.403491 -231.357640 -335.189842 -447.637444 -576.329570 -722.336427 -871.651300 -966.459236 -985.110648 -971.636226 -995.339962 -1030.998752 -1078.768393 -1130.097216 -1143.777243 -1140.858830 -1131.469396 -1122.340007 -1116.265196 -1113.770815 -1114.391174 -1117.304097 -1121.611423 -1126.466416 -1131.181213 -1135.309517 -1138.655706 -1141.212499 -1143.078567 -1144.392166 -1145.289488 -1145.885312 -1146.269737 -1146.522308 -1146.742009 -1146.992173 -1147.371879 -1151.938547 -1191.213960 -1007.362324 -1032.364869 -996.091669 -974.664635 -964.816420 -963.580805 -963.459462 -963.478633 -963.518703 -963.561288 -963.602130 -963.639903 -963.674653 -963.712268 -963.812246 -964.504881 -969.562728 -981.173138 -1001.244886 -954.103433 -1173.790109 -1150.799117 -1147.678420 -1147.199162 -1147.101799 -1147.084400 -1147.084277 -1147.087242 -1147.090196 -1147.092563 -1147.094357 -1147.095706 -1147.096732 -1147.097525 -1147.098152 -1147.098655 -1147.099070 -1147.099431 -1147.099777 -1147.100152 -1147.100615 -1147.101249 -1147.102180 -1147.103602 -1147.105827 -1147.109366 -1147.115066 -1147.124381 -1147.139881 -1147.166268 -1147.212451 -1147.295779 -1147.450627 -1147.745440 -1148.316123 -1149.433225 -1151.652875 -1156.214049 -1166.173334 -1190.485697 -9999.0 -9999.0
-9999.0 -9999.0 -30.214438 -130.403491 -231.357640 -335.189842 -447.637443 -576.329569 -722.336426 -871.651299 -966.459236 -985.110648 -971.636226 -995.339962 -1030.998752 -1078.768393 -1130.097216 -1143.777243 -1140.858830 -1131.469396 -1122.340007 -1116.265196 -1113.770815 -1114.391174 -1117.304097 -1121.611423 -1126.466416 -1131.181213 -1135.309517 -1138.655706 -1141.212499 -1143.078567 -1144.392166 -1145.289488 -1145.885312 -1146.269737 -1146.522308 -1146.742009 -1146.992173 -1147.371879 -1151.938547 -1191.213960 -1007.362324 -1032.364870 -996.091670 -974.664635 -964.816420 -963.580805 -963.459462 -963.478633 -963.518703 -963.561288 -963.602130 -963.639903 -963.674653 -963.712268 -963.812246 -964.504881 -969.562728 -981.173138 -1001.244886 -954.103433 -1173.790109 -1150.799117 -1147.678420 -1147.199162 -1147.101799 -1147.084400 -1147.084277 -1147.087242 -1147.090196 -1147.092563 -1147.094357 -1147.095706 -1147.096732 -1147.097525 -1147.098152 -1147.098655 -1147.099070 -1147.099431 -1147.099777 -1147.100152 -1147.100615 -1147.101249 -1147.102180 -1147.103602 -1147.105827 -1147.109366 -1147.115066 -1147.124381 -1147.139881 -1147.166268 -1147.212451 -1147.295779 -1147.450627 -1147.745440 -1148.316123 -1149.433225 -1151.652875 -1156.214049 -1166.173334 -1190.485697 -9999.0 -9999.0
-9999.0 -9999.0 -9999.0 -9999.0 -9999.0 -9999.0 -9999.0 -9999.0 -9999.0 -9999.0 -9999.0 -9999.0 -9999.0 -9999.0 -9999.0 -9999.0 -9999.0 -9999.0 -9999.0 -9999.0 -9999.0 -9999.0 -9999.0 -9999.0 -9999.0 -9999.0 -9999.0 -9999.0 -9999.0 -9999.0 -9999.0 -9999.0 -9999.0 -9999.0 -9999.0 -9999.0 -9999.0 -9999.0 -9999.0 -9999.0 -9999.0 -9999.0 -9999.0 -9999.0 -9999.0 -9999.0 -9999.0 -9999.0 -9999.0 -9999.0 -9999.0 -9999.0 -9999.0 -9999.0 -9999.0 -9999.0 -9999.0 -9999.0 -9999.0 -9999.0 -9999.0 -9999.0 -9999.0 -9999.0 -9999.0 -9999.0 -9999.0 -9999.0 -9999.0 -9999.0 -9999.0 -9999.0 -9999.0 -9999.0 -9999.0 -9999.0 -9999.0 -9999.0 -9999.0 -9999.0 -9999.0 -9999.0 -9999.0 -9999.0 -9999.0 -9999.0 -9999.0 -9999.0 -9999.0 -9999.0 -9999.0 -9999.0 -9999.0 -9999.0 -9999.0 -9999.0 -9999.0 -9999.0 -9999.0 -9999.0 -9999.0 -9999.0 -9999.0 -9999.0
-9999.0 -9999.0 -9999.0 -9999.0 -9999.0 -9999.0 -9999.0 -9999.0 -9999.0 -9999.0 -9999.0 -9999.0 -9999.0 -9999.0 -9999.0 -9999.0 -9999.0 -9999.0 -9999.0 -9999.0 -9999.0 -9999.0 -9999.0 -9999.0 -9999.0 -9999.0 -9999.0 -9999.0 -9999.0 -9999.0 -9999.0 -9999.0 -9999.0 -9999.0 -9999.0 -9999.0 -9999.0 -9999.0 -9999.0 -9999.0 -9999.0 -9999.0 -9999.0 -9999.0 -9999.0 -9999.0 -9999.0 -9999.0 -9999.0 -9999.0 -9999.0 -9999.0 -9999.0 -9999.0 -9999.0 -9999.0 -9999.0 -9999.0 -9999.0 -9999.0 -9999.0 -9999.0 -9999.0 -9999.0 -9999.0 -9999.0 -9999.0 -9999.0 -9999.0 -9999.0 -9999.0 -9999.0 -9999.0 -9999.0 -9999.0 -9999.0 -9999.0 -9999.0 -9999.0 -9999.0 -9999.0 -9999.0 -9999.0 -9999.0 -9999.0 -9999.0 -9999.0 -9999.0 -9999.0 -9999.0 -9999.0 -9999.0 -9999.0 -9999.0 -9999.0 -9999.0 -9999.0 -9999.0 -9999.0 -9999.0 -9999.0 -9999.0 -9999.0 -9999.0