inst/processing_geotop_simulation/geotop_simulation/out/maps3D/PwL0001N0383.asc
ncols         104
nrows         10
xllcorner     -2.000000
yllcorner     0.000000
cellsize      1.000000
NODATA_value  -9999.0
-9999.0 -9999.0 -9999.0 -9999.0 -9999.0 -9999.0 -9999.0 -9999.0 -9999.0 -9999.0 -9999.0 -9999.0 -9999.0 -9999.0 -9999.0 -9999.0 -9999.0 -9999.0 -9999.0 -9999.0 -9999.0 -9999.0 -9999.0 -9999.0 -9999.0 -9999.0 -9999.0 -9999.0 -9999.0 -9999.0 -9999.0 -9999.0 -9999.0 -9999.0 -9999.0 -9999.0 -9999.0 -9999.0 -9999.0 -9999.0 -9999.0 -9999.0 -9999.0 -9999.0 -9999.0 -9999.0 -9999.0 -9999.0 -9999.0 -9999.0 -9999.0 -9999.0 -9999.0 -9999.0 -9999.0 -9999.0 -9999.0 -9999.0 -9999.0 -9999.0 -9999.0 -9999.0 -9999.0 -9999.0 -9999.0 -9999.0 -9999.0 -9999.0 -9999.0 -9999.0 -9999.0 -9999.0 -9999.0 -9999.0 -9999.0 -9999.0 -9999.0 -9999.0 -9999.0 -9999.0 -9999.0 -9999.0 -9999.0 -9999.0 -9999.0 -9999.0 -9999.0 -9999.0 -9999.0 -9999.0 -9999.0 -9999.0 -9999.0 -9999.0 -9999.0 -9999.0 -9999.0 -9999.0 -9999.0 -9999.0 -9999.0 -9999.0 -9999.0 -9999.0
-9999.0 -9999.0 -9999.0 -9999.0 -9999.0 -9999.0 -9999.0 -9999.0 -9999.0 -9999.0 -9999.0 -9999.0 -9999.0 -9999.0 -9999.0 -9999.0 -9999.0 -9999.0 -9999.0 -9999.0 -9999.0 -9999.0 -9999.0 -9999.0 -9999.0 -9999.0 -9999.0 -9999.0 -9999.0 -9999.0 -9999.0 -9999.0 -9999.0 -9999.0 -9999.0 -9999.0 -9999.0 -9999.0 -9999.0 -9999.0 -9999.0 -9999.0 -9999.0 -9999.0 -9999.0 -9999.0 -9999.0 -9999.0 -9999.0 -9999.0 -9999.0 -9999.0 -9999.0 -9999.0 -9999.0 -9999.0 -9999.0 -9999.0 -9999.0 -9999.0 -9999.0 -9999.0 -9999.0 -9999.0 -9999.0 -9999.0 -9999.0 -9999.0 -9999.0 -9999.0 -9999.0 -9999.0 -9999.0 -9999.0 -9999.0 -9999.0 -9999.0 -9999.0 -9999.0 -9999.0 -9999.0 -9999.0 -9999.0 -9999.0 -9999.0 -9999.0 -9999.0 -9999.0 -9999.0 -9999.0 -9999.0 -9999.0 -9999.0 -9999.0 -9999.0 -9999.0 -9999.0 -9999.0 -9999.0 -9999.0 -9999.0 -9999.0 -9999.0 -9999.0
-9999.0 -9999.0 26.199129 -71.040479 -169.786531 -268.858238 -368.048650 -467.280538 -566.514901 -665.720800 -764.850968 -863.871350 -962.751858 -1061.450274 -1160.096909 -1258.656559 -1356.802797 -1454.258806 -1550.519206 -1644.659154 -1734.965838 -1818.597191 -1892.232008 -1953.541206 -2002.050796 -2038.887751 -2066.007730 -2085.521445 -2099.321043 -2108.947888 -2115.590325 -2120.132683 -2123.216593 -2125.298585 -2126.698890 -2127.642013 -2128.296320 -2128.845623 -2129.711274 -2131.979797 -2133.789661 -2072.813272 -1276.168267 -1272.414905 -1262.481992 -1255.950279 -1252.875527 -1252.391419 -1252.338589 -1252.343330 -1252.356403 -1252.370504 -1252.384065 -1252.396629 -1252.408331 -1252.422282 -1252.467212 -1252.761866 -1254.416844 -1258.066690 -1263.019502 -1259.590995 -2049.149758 -2127.930898 -2130.534642 -2129.860581 -2129.652950 -2129.612899 -2129.606565 -2129.606047 -2129.606430 -2129.606871 -2129.607236 -2129.607520 -2129.607740 -2129.607914 -2129.608052 -2129.608167 -2129.608264 -2129.608352 -2129.608440 -2129.608539 -2129.608662 -2129.608830 -2129.609077 -2129.609453 -2129.610042 -2129.610983 -2129.612519 -2129.615075 -2129.619436 -2129.627093 -2129.640944 -2129.666765 -2129.716312 -2129.814247 -2130.014969 -2130.447323 -2131.443502 -2133.952350 -2141.083768 -2164.857033 -9999.0 -9999.0
-9999.0 -9999.0 26.210570 -71.038582 -169.786058 -268.858100 -368.048606 -467.280523 -566.514895 -665.720798 -764.850967 -863.871350 -962.751858 -1061.450274 -1160.096909 -1258.656559 -1356.802797 -1454.258806 -1550.519206 -1644.659155 -1734.965838 -1818.597191 -1892.232008 -1953.541206 -2002.050796 -2038.887751 -2066.007730 -2085.521445 -2099.321043 -2108.947888 -2115.590325 -2120.132683 -2123.216593 -2125.298585 -2126.698890 -2127.642013 -2128.296320 -2128.845623 -2129.711274 -2131.979797 -2133.789661 -2072.813272 -1276.168267 -1272.414905 -1262.481992 -1255.950279 -1252.875527 -1252.391419 -1252.338589 -1252.343330 -1252.356403 -1252.370504 -1252.384065 -1252.396629 -1252.408331 -1252.422282 -1252.467212 -1252.761866 -1254.416844 -1258.066690 -1263.019502 -1259.590995 -2049.149758 -2127.930898 -2130.534642 -2129.860581 -2129.652950 -2129.612899 -2129.606565 -2129.606047 -2129.606430 -2129.606871 -2129.607236 -2129.607520 -2129.607740 -2129.607914 -2129.608052 -2129.608167 -2129.608264 -2129.608352 -2129.608440 -2129.608539 -2129.608662 -2129.608830 -2129.609077 -2129.609453 -2129.610042 -2129.610983 -2129.612519 -2129.615075 -2129.619436 -2129.627093 -2129.640944 -2129.666765 -2129.716312 -2129.814247 -2130.014969 -2130.447323 -2131.443502 -2133.952350 -2141.083768 -2164.857032 -9999.0 -9999.0
-9999.0 -9999.0 26.211627 -71.037822 -169.785759 -268.857992 -368.048567 -467.280509 -566.514890 -665.720796 -764.850966 -863.871349 -962.751858 -1061.450274 -1160.096909 -1258.656559 -1356.802797 -1454.258806 -1550.519206 -1644.659155 -1734.965838 -1818.597191 -1892.232008 -1953.541206 -2002.050796 -2038.887752 -2066.007730 -2085.521445 -2099.321043 -2108.947888 -2115.590325 -2120.132683 -2123.216593 -2125.298585 -2126.698890 -2127.642013 -2128.296320 -2128.845623 -2129.711274 -2131.979797 -2133.789661 -2072.813272 -1276.168267 -1272.414905 -1262.481992 -1255.950279 -1252.875527 -1252.391419 -1252.338589 -1252.343330 -1252.356403 -1252.370504 -1252.384065 -1252.396629 -1252.408331 -1252.422282 -1252.467212 -1252.761866 -1254.416844 -1258.066690 -1263.019502 -1259.590995 -2049.149758 -2127.930898 -2130.534642 -2129.860581 -2129.652950 -2129.612899 -2129.606565 -2129.606047 -2129.606430 -2129.606871 -2129.607236 -2129.607520 -2129.607740 -2129.607914 -2129.608052 -2129.608167 -2129.608264 -2129.608352 -2129.608440 -2129.608539 -2129.608662 -2129.608830 -2129.609077 -2129.609453 -2129.610042 -2129.610983 -2129.612519 -2129.615075 -2129.619436 -2129.627093 -2129.640944 -2129.666765 -2129.716312 -2129.814247 -2130.014969 -2130.447323 -2131.443502 -2133.952350 -2141.083768 -2164.857032 -9999.0 -9999.0
-9999.0 -9999.0 26.211627 -71.037822 -169.785759 -268.857992 -368.048567 -467.280509 -566.514890 -665.720796 -764.850966 -863.871349 -962.751858 -1061.450274 -1160.096909 -1258.656559 -1356.802797 -1454.258806 -1550.519206 -1644.659155 -1734.965838 -1818.597191 -1892.232008 -1953.541206 -2002.050796 -2038.887752 -2066.007730 -2085.521445 -2099.321043 -2108.947888 -2115.590325 -2120.132683 -2123.216593 -2125.298585 -2126.698890 -2127.642013 -2128.296320 -2128.845623 -2129.711274 -2131.979797 -2133.789661 -2072.813272 -1276.168267 -1272.414905 -1262.481992 -1255.950279 -1252.875527 -1252.391419 -1252.338589 -1252.343330 -1252.356403 -1252.370504 -1252.384065 -1252.396629 -1252.408331 -1252.422282 -1252.467212 -1252.761866 -1254.416844 -1258.066690 -1263.019502 -1259.590995 -2049.149758 -2127.930898 -2130.534642 -2129.860581 -2129.652950 -2129.612899 -2129.606565 -2129.606047 -2129.606430 -2129.606871 -2129.607236 -2129.607520 -2129.607740 -2129.607914 -2129.608052 -2129.608167 -2129.608264 -2129.608352 -2129.608440 -2129.608539 -2129.608662 -2129.608830 -2129.609077 -2129.609453 -2129.610042 -2129.610983 -2129.612519 -2129.615075 -2129.619436 -2129.627093 -2129.640944 -2129.666765 -2129.716312 -2129.814247 -2130.014969 -2130.447323 -2131.443502 -2133.952350 -2141.083768 -2164.857032 -9999.0 -9999.0
-9999.0 -9999.0 26.210570 -71.038582 -169.786058 -268.858100 -368.048606 -467.280523 -566.514895 -665.720798 -764.850967 -863.871350 -962.751858 -1061.450274 -1160.096909 -1258.656559 -1356.802797 -1454.258806 -1550.519206 -1644.659155 -1734.965838 -1818.597191 -1892.232008 -1953.541206 -2002.050796 -2038.887751 -2066.007730 -2085.521445 -2099.321043 -2108.947888 -2115.590325 -2120.132683 -2123.216593 -2125.298585 -2126.698890 -2127.642013 -2128.296320 -2128.845623 -2129.711274 -2131.979797 -2133.789661 -2072.813272 -1276.168267 -1272.414905 -1262.481992 -1255.950279 -1252.875527 -1252.391419 -1252.338589 -1252.343330 -1252.356403 -1252.370504 -1252.384065 -1252.396629 -1252.408331 -1252.422282 -1252.467212 -1252.761866 -1254.416844 -1258.066690 -1263.019502 -1259.590995 -2049.149758 -2127.930898 -2130.534642 -2129.860581 -2129.652950 -2129.612899 -2129.606565 -2129.606047 -2129.606430 -2129.606871 -2129.607236 -2129.607520 -2129.607740 -2129.607914 -2129.608052 -2129.608167 -2129.608264 -2129.608352 -2129.608440 -2129.608539 -2129.608662 -2129.608830 -2129.609077 -2129.609453 -2129.610042 -2129.610983 -2129.612519 -2129.615075 -2129.619436 -2129.627093 -2129.640944 -2129.666765 -2129.716312 -2129.814247 -2130.014969 -2130.447323 -2131.443502 -2133.952350 -2141.083768 -2164.857032 -9999.0 -9999.0
-9999.0 -9999.0 26.199129 -71.040479 -169.786531 -268.858238 -368.048650 -467.280538 -566.514901 -665.720800 -764.850968 -863.871350 -962.751858 -1061.450274 -1160.096909 -1258.656559 -1356.802797 -1454.258806 -1550.519206 -1644.659154 -1734.965838 -1818.597191 -1892.232008 -1953.541206 -2002.050796 -2038.887751 -2066.007730 -2085.521445 -2099.321043 -2108.947888 -2115.590325 -2120.132683 -2123.216593 -2125.298585 -2126.698890 -2127.642013 -2128.296320 -2128.845623 -2129.711274 -2131.979797 -2133.789661 -2072.813272 -1276.168267 -1272.414905 -1262.481992 -1255.950279 -1252.875527 -1252.391419 -1252.338589 -1252.343330 -1252.356403 -1252.370504 -1252.384065 -1252.396629 -1252.408331 -1252.422282 -1252.467212 -1252.761866 -1254.416844 -1258.066690 -1263.019502 -1259.590995 -2049.149758 -2127.930898 -2130.534642 -2129.860581 -2129.652950 -2129.612899 -2129.606565 -2129.606047 -2129.606430 -2129.606871 -2129.607236 -2129.607520 -2129.607740 -2129.607914 -2129.608052 -2129.608167 -2129.608264 -2129.608352 -2129.608440 -2129.608539 -2129.608662 -2129.608830 -2129.609077 -2129.609453 -2129.610042 -2129.610983 -2129.612519 -2129.615075 -2129.619436 -2129.627093 -2129.640944 -2129.666765 -2129.716312 -2129.814247 -2130.014969 -2130.447323 -2131.443502 -2133.952350 -2141.083768 -2164.857033 -9999.0 -9999.0
-9999.0 -9999.0 -9999.0 -9999.0 -9999.0 -9999.0 -9999.0 -9999.0 -9999.0 -9999.0 -9999.0 -9999.0 -9999.0 -9999.0 -9999.0 -9999.0 -9999.0 -9999.0 -9999.0 -9999.0 -9999.0 -9999.0 -9999.0 -9999.0 -9999.0 -9999.0 -9999.0 -9999.0 -9999.0 -9999.0 -9999.0 -9999.0 -9999.0 -9999.0 -9999.0 -9999.0 -9999.0 -9999.0 -9999.0 -9999.0 -9999.0 -9999.0 -9999.0 -9999.0 -9999.0 -9999.0 -9999.0 -9999.0 -9999.0 -9999.0 -9999.0 -9999.0 -9999.0 -9999.0 -9999.0 -9999.0 -9999.0 -9999.0 -9999.0 -9999.0 -9999.0 -9999.0 -9999.0 -9999.0 -9999.0 -9999.0 -9999.0 -9999.0 -9999.0 -9999.0 -9999.0 -9999.0 -9999.0 -9999.0 -9999.0 -9999.0 -9999.0 -9999.0 -9999.0 -9999.0 -9999.0 -9999.0 -9999.0 -9999.0 -9999.0 -9999.0 -9999.0 -9999.0 -9999.0 -9999.0 -9999.0 -9999.0 -9999.0 -9999.0 -9999.0 -9999.0 -9999.0 -9999.0 -9999.0 -9999.0 -9999.0 -9999.0 -9999.0 -9999.0
-9999.0 -9999.0 -9999.0 -9999.0 -9999.0 -9999.0 -9999.0 -9999.0 -9999.0 -9999.0 -9999.0 -9999.0 -9999.0 -9999.0 -9999.0 -9999.0 -9999.0 -9999.0 -9999.0 -9999.0 -9999.0 -9999.0 -9999.0 -9999.0 -9999.0 -9999.0 -9999.0 -9999.0 -9999.0 -9999.0 -9999.0 -9999.0 -9999.0 -9999.0 -9999.0 -9999.0 -9999.0 -9999.0 -9999.0 -9999.0 -9999.0 -9999.0 -9999.0 -9999.0 -9999.0 -9999.0 -9999.0 -9999.0 -9999.0 -9999.0 -9999.0 -9999.0 -9999.0 -9999.0 -9999.0 -9999.0 -9999.0 -9999.0 -9999.0 -9999.0 -9999.0 -9999.0 -9999.0 -9999.0 -9999.0 -9999.0 -9999.0 -9999.0 -9999.0 -9999.0 -9999.0 -9999.0 -9999.0 -9999.0 -9999.0 -9999.0 -9999.0 -9999.0 -9999.0 -9999.0 -9999.0 -9999.0 -9999.0 -9999.0 -9999.0 -9999.0 -9999.0 -9999.0 -9999.0 -9999.0 -9999.0 -9999.0 -9999.0 -9999.0 -9999.0 -9999.0 -9999.0 -9999.0 -9999.0 -9999.0 -9999.0 -9999.0 -9999.0 -9999.0