inst/processing_geotop_simulation/geotop_simulation/out/maps3D/PwL0017N0165.asc
ncols         104
nrows         10
xllcorner     -2.000000
yllcorner     0.000000
cellsize      1.000000
NODATA_value  -9999.0
-9999.0 -9999.0 -9999.0 -9999.0 -9999.0 -9999.0 -9999.0 -9999.0 -9999.0 -9999.0 -9999.0 -9999.0 -9999.0 -9999.0 -9999.0 -9999.0 -9999.0 -9999.0 -9999.0 -9999.0 -9999.0 -9999.0 -9999.0 -9999.0 -9999.0 -9999.0 -9999.0 -9999.0 -9999.0 -9999.0 -9999.0 -9999.0 -9999.0 -9999.0 -9999.0 -9999.0 -9999.0 -9999.0 -9999.0 -9999.0 -9999.0 -9999.0 -9999.0 -9999.0 -9999.0 -9999.0 -9999.0 -9999.0 -9999.0 -9999.0 -9999.0 -9999.0 -9999.0 -9999.0 -9999.0 -9999.0 -9999.0 -9999.0 -9999.0 -9999.0 -9999.0 -9999.0 -9999.0 -9999.0 -9999.0 -9999.0 -9999.0 -9999.0 -9999.0 -9999.0 -9999.0 -9999.0 -9999.0 -9999.0 -9999.0 -9999.0 -9999.0 -9999.0 -9999.0 -9999.0 -9999.0 -9999.0 -9999.0 -9999.0 -9999.0 -9999.0 -9999.0 -9999.0 -9999.0 -9999.0 -9999.0 -9999.0 -9999.0 -9999.0 -9999.0 -9999.0 -9999.0 -9999.0 -9999.0 -9999.0 -9999.0 -9999.0 -9999.0 -9999.0
-9999.0 -9999.0 -9999.0 -9999.0 -9999.0 -9999.0 -9999.0 -9999.0 -9999.0 -9999.0 -9999.0 -9999.0 -9999.0 -9999.0 -9999.0 -9999.0 -9999.0 -9999.0 -9999.0 -9999.0 -9999.0 -9999.0 -9999.0 -9999.0 -9999.0 -9999.0 -9999.0 -9999.0 -9999.0 -9999.0 -9999.0 -9999.0 -9999.0 -9999.0 -9999.0 -9999.0 -9999.0 -9999.0 -9999.0 -9999.0 -9999.0 -9999.0 -9999.0 -9999.0 -9999.0 -9999.0 -9999.0 -9999.0 -9999.0 -9999.0 -9999.0 -9999.0 -9999.0 -9999.0 -9999.0 -9999.0 -9999.0 -9999.0 -9999.0 -9999.0 -9999.0 -9999.0 -9999.0 -9999.0 -9999.0 -9999.0 -9999.0 -9999.0 -9999.0 -9999.0 -9999.0 -9999.0 -9999.0 -9999.0 -9999.0 -9999.0 -9999.0 -9999.0 -9999.0 -9999.0 -9999.0 -9999.0 -9999.0 -9999.0 -9999.0 -9999.0 -9999.0 -9999.0 -9999.0 -9999.0 -9999.0 -9999.0 -9999.0 -9999.0 -9999.0 -9999.0 -9999.0 -9999.0 -9999.0 -9999.0 -9999.0 -9999.0 -9999.0 -9999.0
-9999.0 -9999.0 832.459517 738.088841 642.927507 547.002754 450.689547 354.203749 257.659099 161.116360 64.608867 -31.833054 -128.193078 -224.422607 -320.406497 -415.948300 -510.737595 -604.319044 -697.126794 -789.619504 -880.647099 -970.046114 -1051.480601 -1117.382425 -1170.606673 -1211.510823 -1241.604353 -1262.945061 -1277.625071 -1287.473382 -1293.947759 -1298.136834 -1300.815163 -1302.513696 -1303.586047 -1304.264885 -1304.709322 -1305.062186 -1305.654023 -1308.156549 -1321.316288 -1400.189249 -2025.598873 -4112.378874 -4133.662280 -4133.663366 -4133.663366 -4133.663366 -4133.663363 -4133.663352 -4133.663319 -4133.663212 -4133.663020 -4133.662756 -4133.662292 -4133.661335 -4133.659084 -4133.653216 -4133.636617 -4133.583711 -4097.556429 -1887.614517 -1364.805668 -1314.993306 -1307.016710 -1305.797195 -1305.621382 -1305.595573 -1305.592349 -1305.592827 -1305.593793 -1305.594654 -1305.595330 -1305.595847 -1305.596244 -1305.596552 -1305.596798 -1305.596997 -1305.597163 -1305.597311 -1305.597456 -1305.597616 -1305.597817 -1305.598094 -1305.598502 -1305.599128 -1305.600112 -1305.601685 -1305.604240 -1305.608467 -1305.615610 -1305.628005 -1305.650153 -1305.690941 -1305.768201 -1305.918446 -1306.219270 -1306.847092 -1308.238443 -1311.549397 -1320.038515 -1344.628461 -9999.0 -9999.0
-9999.0 -9999.0 832.463602 738.090298 642.927966 547.002901 450.689596 354.203766 257.659105 161.116362 64.608867 -31.833054 -128.193078 -224.422607 -320.406498 -415.948300 -510.737595 -604.319044 -697.126795 -789.619505 -880.647099 -970.046115 -1051.480602 -1117.382425 -1170.606674 -1211.510824 -1241.604353 -1262.945061 -1277.625071 -1287.473382 -1293.947759 -1298.136834 -1300.815163 -1302.513696 -1303.586047 -1304.264885 -1304.709322 -1305.062186 -1305.654023 -1308.156549 -1321.316288 -1400.189249 -2025.598872 -4112.378874 -4133.662280 -4133.663366 -4133.663366 -4133.663366 -4133.663363 -4133.663352 -4133.663319 -4133.663212 -4133.663020 -4133.662756 -4133.662292 -4133.661335 -4133.659084 -4133.653216 -4133.636617 -4133.583711 -4097.556429 -1887.614517 -1364.805668 -1314.993306 -1307.016710 -1305.797195 -1305.621382 -1305.595573 -1305.592349 -1305.592827 -1305.593793 -1305.594654 -1305.595330 -1305.595847 -1305.596244 -1305.596552 -1305.596798 -1305.596997 -1305.597163 -1305.597311 -1305.597456 -1305.597616 -1305.597817 -1305.598094 -1305.598502 -1305.599128 -1305.600112 -1305.601685 -1305.604240 -1305.608467 -1305.615610 -1305.628005 -1305.650153 -1305.690941 -1305.768201 -1305.918446 -1306.219270 -1306.847092 -1308.238443 -1311.549397 -1320.038515 -1344.628461 -9999.0 -9999.0
-9999.0 -9999.0 832.465013 738.091045 642.928277 547.003018 450.689639 354.203781 257.659110 161.116364 64.608868 -31.833054 -128.193077 -224.422607 -320.406498 -415.948300 -510.737595 -604.319044 -697.126795 -789.619505 -880.647099 -970.046115 -1051.480602 -1117.382425 -1170.606674 -1211.510824 -1241.604353 -1262.945061 -1277.625071 -1287.473382 -1293.947759 -1298.136834 -1300.815163 -1302.513696 -1303.586047 -1304.264885 -1304.709322 -1305.062186 -1305.654023 -1308.156549 -1321.316288 -1400.189249 -2025.598872 -4112.378874 -4133.662280 -4133.663366 -4133.663366 -4133.663366 -4133.663363 -4133.663352 -4133.663319 -4133.663212 -4133.663020 -4133.662756 -4133.662292 -4133.661335 -4133.659084 -4133.653216 -4133.636617 -4133.583711 -4097.556429 -1887.614517 -1364.805668 -1314.993306 -1307.016710 -1305.797195 -1305.621382 -1305.595573 -1305.592349 -1305.592827 -1305.593793 -1305.594654 -1305.595330 -1305.595847 -1305.596244 -1305.596552 -1305.596798 -1305.596997 -1305.597163 -1305.597311 -1305.597456 -1305.597616 -1305.597817 -1305.598094 -1305.598502 -1305.599128 -1305.600112 -1305.601685 -1305.604240 -1305.608467 -1305.615610 -1305.628005 -1305.650153 -1305.690941 -1305.768201 -1305.918446 -1306.219270 -1306.847092 -1308.238443 -1311.549397 -1320.038515 -1344.628461 -9999.0 -9999.0
-9999.0 -9999.0 832.465013 738.091045 642.928277 547.003019 450.689639 354.203781 257.659110 161.116364 64.608868 -31.833054 -128.193078 -224.422607 -320.406498 -415.948300 -510.737595 -604.319044 -697.126795 -789.619505 -880.647099 -970.046115 -1051.480602 -1117.382425 -1170.606674 -1211.510824 -1241.604353 -1262.945061 -1277.625071 -1287.473382 -1293.947759 -1298.136834 -1300.815163 -1302.513696 -1303.586047 -1304.264885 -1304.709322 -1305.062186 -1305.654023 -1308.156549 -1321.316288 -1400.189249 -2025.598872 -4112.378874 -4133.662280 -4133.663366 -4133.663366 -4133.663366 -4133.663363 -4133.663352 -4133.663319 -4133.663212 -4133.663020 -4133.662756 -4133.662292 -4133.661335 -4133.659084 -4133.653216 -4133.636617 -4133.583711 -4097.556429 -1887.614517 -1364.805668 -1314.993306 -1307.016710 -1305.797195 -1305.621382 -1305.595573 -1305.592349 -1305.592827 -1305.593793 -1305.594654 -1305.595330 -1305.595847 -1305.596244 -1305.596552 -1305.596798 -1305.596997 -1305.597163 -1305.597311 -1305.597456 -1305.597616 -1305.597817 -1305.598094 -1305.598502 -1305.599128 -1305.600112 -1305.601685 -1305.604240 -1305.608467 -1305.615610 -1305.628005 -1305.650153 -1305.690941 -1305.768201 -1305.918446 -1306.219270 -1306.847092 -1308.238443 -1311.549397 -1320.038515 -1344.628461 -9999.0 -9999.0
-9999.0 -9999.0 832.463602 738.090298 642.927966 547.002900 450.689596 354.203766 257.659105 161.116362 64.608867 -31.833054 -128.193078 -224.422607 -320.406497 -415.948300 -510.737595 -604.319044 -697.126795 -789.619505 -880.647099 -970.046115 -1051.480602 -1117.382425 -1170.606674 -1211.510824 -1241.604353 -1262.945061 -1277.625071 -1287.473382 -1293.947759 -1298.136834 -1300.815163 -1302.513696 -1303.586047 -1304.264885 -1304.709322 -1305.062186 -1305.654023 -1308.156549 -1321.316288 -1400.189249 -2025.598872 -4112.378874 -4133.662280 -4133.663366 -4133.663366 -4133.663366 -4133.663363 -4133.663352 -4133.663319 -4133.663212 -4133.663020 -4133.662756 -4133.662292 -4133.661335 -4133.659084 -4133.653216 -4133.636617 -4133.583711 -4097.556429 -1887.614517 -1364.805668 -1314.993306 -1307.016710 -1305.797195 -1305.621382 -1305.595573 -1305.592349 -1305.592827 -1305.593793 -1305.594654 -1305.595330 -1305.595847 -1305.596244 -1305.596552 -1305.596798 -1305.596997 -1305.597163 -1305.597311 -1305.597456 -1305.597616 -1305.597817 -1305.598094 -1305.598502 -1305.599128 -1305.600112 -1305.601685 -1305.604240 -1305.608467 -1305.615610 -1305.628005 -1305.650153 -1305.690941 -1305.768201 -1305.918446 -1306.219270 -1306.847092 -1308.238443 -1311.549397 -1320.038515 -1344.628461 -9999.0 -9999.0
-9999.0 -9999.0 832.459517 738.088841 642.927507 547.002754 450.689547 354.203749 257.659099 161.116360 64.608866 -31.833054 -128.193078 -224.422607 -320.406497 -415.948300 -510.737595 -604.319044 -697.126794 -789.619504 -880.647099 -970.046114 -1051.480601 -1117.382425 -1170.606673 -1211.510823 -1241.604353 -1262.945061 -1277.625071 -1287.473382 -1293.947759 -1298.136834 -1300.815163 -1302.513696 -1303.586047 -1304.264885 -1304.709322 -1305.062186 -1305.654023 -1308.156549 -1321.316288 -1400.189249 -2025.598873 -4112.378874 -4133.662280 -4133.663366 -4133.663366 -4133.663366 -4133.663363 -4133.663352 -4133.663319 -4133.663212 -4133.663020 -4133.662756 -4133.662292 -4133.661335 -4133.659084 -4133.653216 -4133.636617 -4133.583711 -4097.556429 -1887.614517 -1364.805668 -1314.993306 -1307.016710 -1305.797195 -1305.621382 -1305.595573 -1305.592349 -1305.592827 -1305.593793 -1305.594654 -1305.595330 -1305.595847 -1305.596244 -1305.596552 -1305.596798 -1305.596997 -1305.597163 -1305.597311 -1305.597456 -1305.597616 -1305.597817 -1305.598094 -1305.598502 -1305.599128 -1305.600112 -1305.601685 -1305.604240 -1305.608467 -1305.615610 -1305.628005 -1305.650153 -1305.690941 -1305.768201 -1305.918446 -1306.219270 -1306.847092 -1308.238443 -1311.549397 -1320.038515 -1344.628461 -9999.0 -9999.0
-9999.0 -9999.0 -9999.0 -9999.0 -9999.0 -9999.0 -9999.0 -9999.0 -9999.0 -9999.0 -9999.0 -9999.0 -9999.0 -9999.0 -9999.0 -9999.0 -9999.0 -9999.0 -9999.0 -9999.0 -9999.0 -9999.0 -9999.0 -9999.0 -9999.0 -9999.0 -9999.0 -9999.0 -9999.0 -9999.0 -9999.0 -9999.0 -9999.0 -9999.0 -9999.0 -9999.0 -9999.0 -9999.0 -9999.0 -9999.0 -9999.0 -9999.0 -9999.0 -9999.0 -9999.0 -9999.0 -9999.0 -9999.0 -9999.0 -9999.0 -9999.0 -9999.0 -9999.0 -9999.0 -9999.0 -9999.0 -9999.0 -9999.0 -9999.0 -9999.0 -9999.0 -9999.0 -9999.0 -9999.0 -9999.0 -9999.0 -9999.0 -9999.0 -9999.0 -9999.0 -9999.0 -9999.0 -9999.0 -9999.0 -9999.0 -9999.0 -9999.0 -9999.0 -9999.0 -9999.0 -9999.0 -9999.0 -9999.0 -9999.0 -9999.0 -9999.0 -9999.0 -9999.0 -9999.0 -9999.0 -9999.0 -9999.0 -9999.0 -9999.0 -9999.0 -9999.0 -9999.0 -9999.0 -9999.0 -9999.0 -9999.0 -9999.0 -9999.0 -9999.0
-9999.0 -9999.0 -9999.0 -9999.0 -9999.0 -9999.0 -9999.0 -9999.0 -9999.0 -9999.0 -9999.0 -9999.0 -9999.0 -9999.0 -9999.0 -9999.0 -9999.0 -9999.0 -9999.0 -9999.0 -9999.0 -9999.0 -9999.0 -9999.0 -9999.0 -9999.0 -9999.0 -9999.0 -9999.0 -9999.0 -9999.0 -9999.0 -9999.0 -9999.0 -9999.0 -9999.0 -9999.0 -9999.0 -9999.0 -9999.0 -9999.0 -9999.0 -9999.0 -9999.0 -9999.0 -9999.0 -9999.0 -9999.0 -9999.0 -9999.0 -9999.0 -9999.0 -9999.0 -9999.0 -9999.0 -9999.0 -9999.0 -9999.0 -9999.0 -9999.0 -9999.0 -9999.0 -9999.0 -9999.0 -9999.0 -9999.0 -9999.0 -9999.0 -9999.0 -9999.0 -9999.0 -9999.0 -9999.0 -9999.0 -9999.0 -9999.0 -9999.0 -9999.0 -9999.0 -9999.0 -9999.0 -9999.0 -9999.0 -9999.0 -9999.0 -9999.0 -9999.0 -9999.0 -9999.0 -9999.0 -9999.0 -9999.0 -9999.0 -9999.0 -9999.0 -9999.0 -9999.0 -9999.0 -9999.0 -9999.0 -9999.0 -9999.0 -9999.0 -9999.0