inst/processing_geotop_simulation/geotop_simulation/out/maps3D/PwL0002N0382.asc
ncols         104
nrows         10
xllcorner     -2.000000
yllcorner     0.000000
cellsize      1.000000
NODATA_value  -9999.0
-9999.0 -9999.0 -9999.0 -9999.0 -9999.0 -9999.0 -9999.0 -9999.0 -9999.0 -9999.0 -9999.0 -9999.0 -9999.0 -9999.0 -9999.0 -9999.0 -9999.0 -9999.0 -9999.0 -9999.0 -9999.0 -9999.0 -9999.0 -9999.0 -9999.0 -9999.0 -9999.0 -9999.0 -9999.0 -9999.0 -9999.0 -9999.0 -9999.0 -9999.0 -9999.0 -9999.0 -9999.0 -9999.0 -9999.0 -9999.0 -9999.0 -9999.0 -9999.0 -9999.0 -9999.0 -9999.0 -9999.0 -9999.0 -9999.0 -9999.0 -9999.0 -9999.0 -9999.0 -9999.0 -9999.0 -9999.0 -9999.0 -9999.0 -9999.0 -9999.0 -9999.0 -9999.0 -9999.0 -9999.0 -9999.0 -9999.0 -9999.0 -9999.0 -9999.0 -9999.0 -9999.0 -9999.0 -9999.0 -9999.0 -9999.0 -9999.0 -9999.0 -9999.0 -9999.0 -9999.0 -9999.0 -9999.0 -9999.0 -9999.0 -9999.0 -9999.0 -9999.0 -9999.0 -9999.0 -9999.0 -9999.0 -9999.0 -9999.0 -9999.0 -9999.0 -9999.0 -9999.0 -9999.0 -9999.0 -9999.0 -9999.0 -9999.0 -9999.0 -9999.0
-9999.0 -9999.0 -9999.0 -9999.0 -9999.0 -9999.0 -9999.0 -9999.0 -9999.0 -9999.0 -9999.0 -9999.0 -9999.0 -9999.0 -9999.0 -9999.0 -9999.0 -9999.0 -9999.0 -9999.0 -9999.0 -9999.0 -9999.0 -9999.0 -9999.0 -9999.0 -9999.0 -9999.0 -9999.0 -9999.0 -9999.0 -9999.0 -9999.0 -9999.0 -9999.0 -9999.0 -9999.0 -9999.0 -9999.0 -9999.0 -9999.0 -9999.0 -9999.0 -9999.0 -9999.0 -9999.0 -9999.0 -9999.0 -9999.0 -9999.0 -9999.0 -9999.0 -9999.0 -9999.0 -9999.0 -9999.0 -9999.0 -9999.0 -9999.0 -9999.0 -9999.0 -9999.0 -9999.0 -9999.0 -9999.0 -9999.0 -9999.0 -9999.0 -9999.0 -9999.0 -9999.0 -9999.0 -9999.0 -9999.0 -9999.0 -9999.0 -9999.0 -9999.0 -9999.0 -9999.0 -9999.0 -9999.0 -9999.0 -9999.0 -9999.0 -9999.0 -9999.0 -9999.0 -9999.0 -9999.0 -9999.0 -9999.0 -9999.0 -9999.0 -9999.0 -9999.0 -9999.0 -9999.0 -9999.0 -9999.0 -9999.0 -9999.0 -9999.0 -9999.0
-9999.0 -9999.0 75.866563 -21.513812 -120.256080 -219.324110 -318.511519 -417.741468 -516.974496 -616.181768 -715.307537 -814.328559 -913.211849 -1011.914527 -1110.569686 -1209.140786 -1307.302989 -1404.783318 -1501.082992 -1595.288640 -1685.706384 -1769.519439 -1843.421656 -1905.069325 -1953.947966 -1991.140311 -2018.571542 -2038.339556 -2052.336779 -2062.111769 -2068.862387 -2073.482229 -2076.620840 -2078.741029 -2080.167785 -2081.129117 -2081.795952 -2082.354096 -2083.227284 -2085.511581 -2087.449952 -2027.824525 -1241.228058 -1239.100507 -1228.741889 -1221.919136 -1218.708863 -1218.204925 -1218.149988 -1218.154884 -1218.168427 -1218.183038 -1218.197088 -1218.210105 -1218.222228 -1218.236685 -1218.283291 -1218.589516 -1220.315477 -1224.122733 -1229.243216 -1223.876462 -2003.878133 -2081.543168 -2084.067758 -2083.387618 -2083.179353 -2083.139214 -2083.132866 -2083.132346 -2083.132729 -2083.133171 -2083.133536 -2083.133821 -2083.134041 -2083.134215 -2083.134354 -2083.134468 -2083.134566 -2083.134655 -2083.134743 -2083.134842 -2083.134965 -2083.135134 -2083.135381 -2083.135758 -2083.136347 -2083.137290 -2083.138826 -2083.141384 -2083.145748 -2083.153410 -2083.167269 -2083.193108 -2083.242691 -2083.340704 -2083.541616 -2083.974460 -2084.971936 -2087.484152 -2094.623539 -2118.410199 -9999.0 -9999.0
-9999.0 -9999.0 75.877145 -21.511920 -120.255607 -219.323972 -318.511475 -417.741453 -516.974490 -616.181766 -715.307536 -814.328559 -913.211849 -1011.914527 -1110.569686 -1209.140786 -1307.302989 -1404.783318 -1501.082992 -1595.288641 -1685.706384 -1769.519439 -1843.421656 -1905.069326 -1953.947966 -1991.140311 -2018.571542 -2038.339556 -2052.336779 -2062.111769 -2068.862387 -2073.482229 -2076.620840 -2078.741029 -2080.167785 -2081.129117 -2081.795952 -2082.354096 -2083.227284 -2085.511581 -2087.449952 -2027.824525 -1241.228058 -1239.100507 -1228.741889 -1221.919136 -1218.708863 -1218.204925 -1218.149988 -1218.154884 -1218.168427 -1218.183038 -1218.197088 -1218.210105 -1218.222228 -1218.236685 -1218.283291 -1218.589516 -1220.315477 -1224.122733 -1229.243216 -1223.876462 -2003.878133 -2081.543168 -2084.067758 -2083.387618 -2083.179353 -2083.139214 -2083.132866 -2083.132346 -2083.132729 -2083.133171 -2083.133536 -2083.133821 -2083.134041 -2083.134215 -2083.134354 -2083.134468 -2083.134566 -2083.134655 -2083.134743 -2083.134842 -2083.134965 -2083.135134 -2083.135381 -2083.135758 -2083.136347 -2083.137290 -2083.138826 -2083.141384 -2083.145748 -2083.153410 -2083.167269 -2083.193108 -2083.242691 -2083.340704 -2083.541616 -2083.974460 -2084.971936 -2087.484152 -2094.623539 -2118.410199 -9999.0 -9999.0
-9999.0 -9999.0 75.878294 -21.511161 -120.255308 -219.323864 -318.511436 -417.741439 -516.974485 -616.181764 -715.307535 -814.328558 -913.211849 -1011.914527 -1110.569686 -1209.140786 -1307.302990 -1404.783318 -1501.082992 -1595.288641 -1685.706384 -1769.519439 -1843.421656 -1905.069326 -1953.947967 -1991.140311 -2018.571542 -2038.339556 -2052.336779 -2062.111769 -2068.862387 -2073.482229 -2076.620840 -2078.741029 -2080.167785 -2081.129117 -2081.795952 -2082.354096 -2083.227284 -2085.511581 -2087.449952 -2027.824525 -1241.228058 -1239.100507 -1228.741889 -1221.919136 -1218.708863 -1218.204925 -1218.149988 -1218.154884 -1218.168427 -1218.183038 -1218.197088 -1218.210105 -1218.222228 -1218.236685 -1218.283291 -1218.589516 -1220.315477 -1224.122733 -1229.243216 -1223.876462 -2003.878133 -2081.543168 -2084.067758 -2083.387618 -2083.179353 -2083.139214 -2083.132866 -2083.132346 -2083.132729 -2083.133171 -2083.133536 -2083.133821 -2083.134041 -2083.134215 -2083.134354 -2083.134468 -2083.134566 -2083.134655 -2083.134743 -2083.134842 -2083.134965 -2083.135134 -2083.135381 -2083.135758 -2083.136347 -2083.137290 -2083.138826 -2083.141384 -2083.145748 -2083.153410 -2083.167269 -2083.193108 -2083.242691 -2083.340704 -2083.541616 -2083.974460 -2084.971936 -2087.484152 -2094.623539 -2118.410199 -9999.0 -9999.0
-9999.0 -9999.0 75.878294 -21.511161 -120.255308 -219.323864 -318.511436 -417.741439 -516.974485 -616.181764 -715.307535 -814.328558 -913.211849 -1011.914527 -1110.569686 -1209.140786 -1307.302989 -1404.783318 -1501.082992 -1595.288641 -1685.706384 -1769.519439 -1843.421656 -1905.069326 -1953.947967 -1991.140311 -2018.571542 -2038.339556 -2052.336779 -2062.111769 -2068.862387 -2073.482229 -2076.620840 -2078.741029 -2080.167785 -2081.129117 -2081.795952 -2082.354096 -2083.227284 -2085.511581 -2087.449952 -2027.824525 -1241.228058 -1239.100507 -1228.741889 -1221.919136 -1218.708863 -1218.204925 -1218.149988 -1218.154884 -1218.168427 -1218.183038 -1218.197088 -1218.210105 -1218.222228 -1218.236685 -1218.283291 -1218.589516 -1220.315477 -1224.122733 -1229.243216 -1223.876462 -2003.878133 -2081.543168 -2084.067758 -2083.387618 -2083.179353 -2083.139214 -2083.132866 -2083.132346 -2083.132729 -2083.133171 -2083.133536 -2083.133821 -2083.134041 -2083.134215 -2083.134354 -2083.134468 -2083.134566 -2083.134655 -2083.134743 -2083.134842 -2083.134965 -2083.135134 -2083.135381 -2083.135758 -2083.136347 -2083.137290 -2083.138826 -2083.141384 -2083.145748 -2083.153410 -2083.167269 -2083.193108 -2083.242691 -2083.340704 -2083.541616 -2083.974460 -2084.971936 -2087.484152 -2094.623539 -2118.410199 -9999.0 -9999.0
-9999.0 -9999.0 75.877145 -21.511920 -120.255607 -219.323972 -318.511475 -417.741453 -516.974490 -616.181766 -715.307536 -814.328558 -913.211849 -1011.914527 -1110.569686 -1209.140786 -1307.302989 -1404.783318 -1501.082992 -1595.288641 -1685.706384 -1769.519439 -1843.421656 -1905.069326 -1953.947966 -1991.140311 -2018.571542 -2038.339556 -2052.336779 -2062.111769 -2068.862387 -2073.482229 -2076.620840 -2078.741029 -2080.167785 -2081.129117 -2081.795952 -2082.354096 -2083.227284 -2085.511581 -2087.449952 -2027.824525 -1241.228058 -1239.100507 -1228.741889 -1221.919136 -1218.708863 -1218.204925 -1218.149988 -1218.154884 -1218.168427 -1218.183038 -1218.197088 -1218.210105 -1218.222228 -1218.236685 -1218.283291 -1218.589516 -1220.315477 -1224.122733 -1229.243216 -1223.876462 -2003.878133 -2081.543168 -2084.067758 -2083.387618 -2083.179353 -2083.139214 -2083.132866 -2083.132346 -2083.132729 -2083.133171 -2083.133536 -2083.133821 -2083.134041 -2083.134215 -2083.134354 -2083.134468 -2083.134566 -2083.134655 -2083.134743 -2083.134842 -2083.134965 -2083.135134 -2083.135381 -2083.135758 -2083.136347 -2083.137290 -2083.138826 -2083.141384 -2083.145748 -2083.153410 -2083.167269 -2083.193108 -2083.242691 -2083.340704 -2083.541616 -2083.974460 -2084.971936 -2087.484152 -2094.623539 -2118.410199 -9999.0 -9999.0
-9999.0 -9999.0 75.866562 -21.513812 -120.256080 -219.324110 -318.511519 -417.741468 -516.974496 -616.181768 -715.307537 -814.328559 -913.211849 -1011.914527 -1110.569686 -1209.140786 -1307.302989 -1404.783318 -1501.082992 -1595.288640 -1685.706384 -1769.519439 -1843.421656 -1905.069325 -1953.947966 -1991.140311 -2018.571542 -2038.339556 -2052.336779 -2062.111769 -2068.862387 -2073.482229 -2076.620840 -2078.741029 -2080.167785 -2081.129117 -2081.795952 -2082.354096 -2083.227284 -2085.511581 -2087.449952 -2027.824525 -1241.228058 -1239.100507 -1228.741889 -1221.919136 -1218.708863 -1218.204925 -1218.149988 -1218.154884 -1218.168427 -1218.183038 -1218.197088 -1218.210105 -1218.222228 -1218.236685 -1218.283291 -1218.589516 -1220.315477 -1224.122733 -1229.243216 -1223.876462 -2003.878133 -2081.543168 -2084.067758 -2083.387618 -2083.179353 -2083.139214 -2083.132866 -2083.132346 -2083.132729 -2083.133171 -2083.133536 -2083.133821 -2083.134041 -2083.134215 -2083.134354 -2083.134468 -2083.134566 -2083.134655 -2083.134743 -2083.134842 -2083.134965 -2083.135134 -2083.135381 -2083.135758 -2083.136347 -2083.137290 -2083.138826 -2083.141384 -2083.145748 -2083.153410 -2083.167269 -2083.193108 -2083.242691 -2083.340704 -2083.541616 -2083.974460 -2084.971936 -2087.484152 -2094.623539 -2118.410199 -9999.0 -9999.0
-9999.0 -9999.0 -9999.0 -9999.0 -9999.0 -9999.0 -9999.0 -9999.0 -9999.0 -9999.0 -9999.0 -9999.0 -9999.0 -9999.0 -9999.0 -9999.0 -9999.0 -9999.0 -9999.0 -9999.0 -9999.0 -9999.0 -9999.0 -9999.0 -9999.0 -9999.0 -9999.0 -9999.0 -9999.0 -9999.0 -9999.0 -9999.0 -9999.0 -9999.0 -9999.0 -9999.0 -9999.0 -9999.0 -9999.0 -9999.0 -9999.0 -9999.0 -9999.0 -9999.0 -9999.0 -9999.0 -9999.0 -9999.0 -9999.0 -9999.0 -9999.0 -9999.0 -9999.0 -9999.0 -9999.0 -9999.0 -9999.0 -9999.0 -9999.0 -9999.0 -9999.0 -9999.0 -9999.0 -9999.0 -9999.0 -9999.0 -9999.0 -9999.0 -9999.0 -9999.0 -9999.0 -9999.0 -9999.0 -9999.0 -9999.0 -9999.0 -9999.0 -9999.0 -9999.0 -9999.0 -9999.0 -9999.0 -9999.0 -9999.0 -9999.0 -9999.0 -9999.0 -9999.0 -9999.0 -9999.0 -9999.0 -9999.0 -9999.0 -9999.0 -9999.0 -9999.0 -9999.0 -9999.0 -9999.0 -9999.0 -9999.0 -9999.0 -9999.0 -9999.0
-9999.0 -9999.0 -9999.0 -9999.0 -9999.0 -9999.0 -9999.0 -9999.0 -9999.0 -9999.0 -9999.0 -9999.0 -9999.0 -9999.0 -9999.0 -9999.0 -9999.0 -9999.0 -9999.0 -9999.0 -9999.0 -9999.0 -9999.0 -9999.0 -9999.0 -9999.0 -9999.0 -9999.0 -9999.0 -9999.0 -9999.0 -9999.0 -9999.0 -9999.0 -9999.0 -9999.0 -9999.0 -9999.0 -9999.0 -9999.0 -9999.0 -9999.0 -9999.0 -9999.0 -9999.0 -9999.0 -9999.0 -9999.0 -9999.0 -9999.0 -9999.0 -9999.0 -9999.0 -9999.0 -9999.0 -9999.0 -9999.0 -9999.0 -9999.0 -9999.0 -9999.0 -9999.0 -9999.0 -9999.0 -9999.0 -9999.0 -9999.0 -9999.0 -9999.0 -9999.0 -9999.0 -9999.0 -9999.0 -9999.0 -9999.0 -9999.0 -9999.0 -9999.0 -9999.0 -9999.0 -9999.0 -9999.0 -9999.0 -9999.0 -9999.0 -9999.0 -9999.0 -9999.0 -9999.0 -9999.0 -9999.0 -9999.0 -9999.0 -9999.0 -9999.0 -9999.0 -9999.0 -9999.0 -9999.0 -9999.0 -9999.0 -9999.0 -9999.0 -9999.0