inst/processing_geotop_simulation/geotop_simulation/out/maps3D/PwL0004N0105.asc
ncols         104
nrows         10
xllcorner     -2.000000
yllcorner     0.000000
cellsize      1.000000
NODATA_value  -9999.0
-9999.0 -9999.0 -9999.0 -9999.0 -9999.0 -9999.0 -9999.0 -9999.0 -9999.0 -9999.0 -9999.0 -9999.0 -9999.0 -9999.0 -9999.0 -9999.0 -9999.0 -9999.0 -9999.0 -9999.0 -9999.0 -9999.0 -9999.0 -9999.0 -9999.0 -9999.0 -9999.0 -9999.0 -9999.0 -9999.0 -9999.0 -9999.0 -9999.0 -9999.0 -9999.0 -9999.0 -9999.0 -9999.0 -9999.0 -9999.0 -9999.0 -9999.0 -9999.0 -9999.0 -9999.0 -9999.0 -9999.0 -9999.0 -9999.0 -9999.0 -9999.0 -9999.0 -9999.0 -9999.0 -9999.0 -9999.0 -9999.0 -9999.0 -9999.0 -9999.0 -9999.0 -9999.0 -9999.0 -9999.0 -9999.0 -9999.0 -9999.0 -9999.0 -9999.0 -9999.0 -9999.0 -9999.0 -9999.0 -9999.0 -9999.0 -9999.0 -9999.0 -9999.0 -9999.0 -9999.0 -9999.0 -9999.0 -9999.0 -9999.0 -9999.0 -9999.0 -9999.0 -9999.0 -9999.0 -9999.0 -9999.0 -9999.0 -9999.0 -9999.0 -9999.0 -9999.0 -9999.0 -9999.0 -9999.0 -9999.0 -9999.0 -9999.0 -9999.0 -9999.0
-9999.0 -9999.0 -9999.0 -9999.0 -9999.0 -9999.0 -9999.0 -9999.0 -9999.0 -9999.0 -9999.0 -9999.0 -9999.0 -9999.0 -9999.0 -9999.0 -9999.0 -9999.0 -9999.0 -9999.0 -9999.0 -9999.0 -9999.0 -9999.0 -9999.0 -9999.0 -9999.0 -9999.0 -9999.0 -9999.0 -9999.0 -9999.0 -9999.0 -9999.0 -9999.0 -9999.0 -9999.0 -9999.0 -9999.0 -9999.0 -9999.0 -9999.0 -9999.0 -9999.0 -9999.0 -9999.0 -9999.0 -9999.0 -9999.0 -9999.0 -9999.0 -9999.0 -9999.0 -9999.0 -9999.0 -9999.0 -9999.0 -9999.0 -9999.0 -9999.0 -9999.0 -9999.0 -9999.0 -9999.0 -9999.0 -9999.0 -9999.0 -9999.0 -9999.0 -9999.0 -9999.0 -9999.0 -9999.0 -9999.0 -9999.0 -9999.0 -9999.0 -9999.0 -9999.0 -9999.0 -9999.0 -9999.0 -9999.0 -9999.0 -9999.0 -9999.0 -9999.0 -9999.0 -9999.0 -9999.0 -9999.0 -9999.0 -9999.0 -9999.0 -9999.0 -9999.0 -9999.0 -9999.0 -9999.0 -9999.0 -9999.0 -9999.0 -9999.0 -9999.0
-9999.0 -9999.0 186.510791 102.591969 11.198659 -82.336708 -176.704186 -271.421417 -366.293817 -461.271856 -556.636389 -656.367836 -772.282152 -893.784674 -1005.630603 -1106.640329 -1205.843927 -1293.787565 -1344.331010 -1364.790064 -1370.812567 -1371.038495 -1369.878237 -1369.212265 -1369.588975 -1370.919568 -1372.852289 -1374.991668 -1377.026504 -1378.776832 -1380.178686 -1381.243841 -1382.021501 -1382.571427 -1382.949519 -1383.203846 -1383.381662 -1383.542723 -1383.769577 -1384.640591 -1391.003134 -1417.225627 -945.669033 -949.333922 -932.714053 -922.504763 -917.746845 -917.102123 -917.038007 -917.049854 -917.073420 -917.098438 -917.122443 -917.144650 -917.165071 -917.187054 -917.243919 -917.621297 -920.124571 -925.834059 -935.216961 -920.287632 -1398.356903 -1388.304497 -1384.481068 -1383.907098 -1383.812420 -1383.795949 -1383.794780 -1383.796460 -1383.798324 -1383.799855 -1383.801024 -1383.801906 -1383.802577 -1383.803097 -1383.803507 -1383.803837 -1383.804110 -1383.804350 -1383.804581 -1383.804833 -1383.805148 -1383.805581 -1383.806219 -1383.807197 -1383.808730 -1383.811172 -1383.815118 -1383.821589 -1383.832408 -1383.850936 -1383.883574 -1383.942841 -1384.053574 -1384.265317 -1384.677251 -1385.491684 -1387.144895 -1390.668458 -1398.787035 -1420.767468 -9999.0 -9999.0
-9999.0 -9999.0 186.521982 102.594295 11.199253 -82.336535 -176.704131 -271.421399 -366.293811 -461.271854 -556.636388 -656.367836 -772.282153 -893.784674 -1005.630603 -1106.640329 -1205.843927 -1293.787565 -1344.331010 -1364.790064 -1370.812567 -1371.038495 -1369.878237 -1369.212265 -1369.588975 -1370.919568 -1372.852289 -1374.991668 -1377.026504 -1378.776832 -1380.178686 -1381.243841 -1382.021501 -1382.571427 -1382.949519 -1383.203846 -1383.381662 -1383.542723 -1383.769577 -1384.640591 -1391.003134 -1417.225627 -945.669032 -949.333922 -932.714053 -922.504763 -917.746845 -917.102123 -917.038007 -917.049854 -917.073420 -917.098438 -917.122443 -917.144650 -917.165071 -917.187054 -917.243919 -917.621297 -920.124571 -925.834059 -935.216961 -920.287632 -1398.356903 -1388.304497 -1384.481068 -1383.907098 -1383.812420 -1383.795949 -1383.794780 -1383.796460 -1383.798324 -1383.799855 -1383.801024 -1383.801906 -1383.802577 -1383.803097 -1383.803507 -1383.803837 -1383.804110 -1383.804350 -1383.804581 -1383.804833 -1383.805148 -1383.805581 -1383.806219 -1383.807197 -1383.808730 -1383.811172 -1383.815118 -1383.821589 -1383.832408 -1383.850936 -1383.883574 -1383.942841 -1384.053574 -1384.265317 -1384.677251 -1385.491684 -1387.144895 -1390.668458 -1398.787035 -1420.767468 -9999.0 -9999.0
-9999.0 -9999.0 186.523559 102.595235 11.199627 -82.336400 -176.704083 -271.421382 -366.293805 -461.271852 -556.636388 -656.367836 -772.282153 -893.784674 -1005.630603 -1106.640329 -1205.843927 -1293.787565 -1344.331010 -1364.790064 -1370.812567 -1371.038495 -1369.878237 -1369.212265 -1369.588975 -1370.919568 -1372.852289 -1374.991668 -1377.026504 -1378.776832 -1380.178686 -1381.243841 -1382.021501 -1382.571427 -1382.949519 -1383.203846 -1383.381662 -1383.542723 -1383.769577 -1384.640591 -1391.003134 -1417.225627 -945.669032 -949.333922 -932.714053 -922.504763 -917.746845 -917.102123 -917.038007 -917.049854 -917.073420 -917.098438 -917.122443 -917.144650 -917.165071 -917.187054 -917.243919 -917.621297 -920.124571 -925.834059 -935.216961 -920.287632 -1398.356903 -1388.304497 -1384.481068 -1383.907098 -1383.812420 -1383.795949 -1383.794780 -1383.796460 -1383.798324 -1383.799855 -1383.801024 -1383.801906 -1383.802577 -1383.803097 -1383.803507 -1383.803837 -1383.804110 -1383.804350 -1383.804581 -1383.804833 -1383.805148 -1383.805581 -1383.806219 -1383.807197 -1383.808730 -1383.811172 -1383.815118 -1383.821589 -1383.832408 -1383.850936 -1383.883574 -1383.942841 -1384.053574 -1384.265317 -1384.677251 -1385.491684 -1387.144895 -1390.668458 -1398.787035 -1420.767468 -9999.0 -9999.0
-9999.0 -9999.0 186.523559 102.595235 11.199627 -82.336400 -176.704083 -271.421382 -366.293805 -461.271852 -556.636388 -656.367836 -772.282153 -893.784674 -1005.630603 -1106.640329 -1205.843927 -1293.787565 -1344.331010 -1364.790064 -1370.812567 -1371.038495 -1369.878237 -1369.212265 -1369.588975 -1370.919568 -1372.852289 -1374.991668 -1377.026504 -1378.776832 -1380.178686 -1381.243841 -1382.021501 -1382.571427 -1382.949519 -1383.203846 -1383.381662 -1383.542723 -1383.769577 -1384.640591 -1391.003134 -1417.225627 -945.669032 -949.333922 -932.714053 -922.504763 -917.746845 -917.102123 -917.038007 -917.049854 -917.073420 -917.098438 -917.122443 -917.144650 -917.165071 -917.187054 -917.243919 -917.621297 -920.124571 -925.834059 -935.216961 -920.287632 -1398.356903 -1388.304497 -1384.481068 -1383.907098 -1383.812420 -1383.795949 -1383.794780 -1383.796460 -1383.798324 -1383.799855 -1383.801024 -1383.801906 -1383.802577 -1383.803097 -1383.803507 -1383.803837 -1383.804110 -1383.804350 -1383.804581 -1383.804833 -1383.805148 -1383.805581 -1383.806219 -1383.807197 -1383.808730 -1383.811172 -1383.815118 -1383.821589 -1383.832408 -1383.850936 -1383.883574 -1383.942841 -1384.053574 -1384.265317 -1384.677251 -1385.491684 -1387.144895 -1390.668458 -1398.787035 -1420.767468 -9999.0 -9999.0
-9999.0 -9999.0 186.521982 102.594295 11.199253 -82.336535 -176.704131 -271.421399 -366.293811 -461.271854 -556.636388 -656.367836 -772.282153 -893.784674 -1005.630603 -1106.640329 -1205.843927 -1293.787565 -1344.331010 -1364.790064 -1370.812567 -1371.038495 -1369.878237 -1369.212265 -1369.588975 -1370.919568 -1372.852289 -1374.991668 -1377.026504 -1378.776832 -1380.178686 -1381.243841 -1382.021501 -1382.571427 -1382.949519 -1383.203846 -1383.381662 -1383.542723 -1383.769577 -1384.640591 -1391.003134 -1417.225627 -945.669032 -949.333922 -932.714053 -922.504763 -917.746845 -917.102123 -917.038007 -917.049854 -917.073420 -917.098438 -917.122443 -917.144650 -917.165071 -917.187054 -917.243919 -917.621297 -920.124571 -925.834059 -935.216961 -920.287632 -1398.356903 -1388.304497 -1384.481068 -1383.907098 -1383.812420 -1383.795949 -1383.794780 -1383.796460 -1383.798324 -1383.799855 -1383.801024 -1383.801906 -1383.802577 -1383.803097 -1383.803507 -1383.803837 -1383.804110 -1383.804350 -1383.804581 -1383.804833 -1383.805148 -1383.805581 -1383.806219 -1383.807197 -1383.808730 -1383.811172 -1383.815118 -1383.821589 -1383.832408 -1383.850936 -1383.883574 -1383.942841 -1384.053574 -1384.265317 -1384.677251 -1385.491684 -1387.144895 -1390.668458 -1398.787035 -1420.767468 -9999.0 -9999.0
-9999.0 -9999.0 186.510791 102.591969 11.198659 -82.336708 -176.704186 -271.421417 -366.293817 -461.271856 -556.636389 -656.367836 -772.282152 -893.784674 -1005.630603 -1106.640329 -1205.843927 -1293.787565 -1344.331010 -1364.790064 -1370.812567 -1371.038495 -1369.878237 -1369.212265 -1369.588975 -1370.919568 -1372.852289 -1374.991668 -1377.026504 -1378.776832 -1380.178686 -1381.243841 -1382.021501 -1382.571427 -1382.949519 -1383.203846 -1383.381662 -1383.542723 -1383.769577 -1384.640591 -1391.003134 -1417.225627 -945.669033 -949.333922 -932.714053 -922.504763 -917.746845 -917.102123 -917.038007 -917.049854 -917.073420 -917.098438 -917.122443 -917.144650 -917.165071 -917.187054 -917.243919 -917.621297 -920.124571 -925.834059 -935.216961 -920.287632 -1398.356903 -1388.304497 -1384.481068 -1383.907098 -1383.812420 -1383.795949 -1383.794780 -1383.796460 -1383.798324 -1383.799855 -1383.801024 -1383.801906 -1383.802577 -1383.803097 -1383.803507 -1383.803837 -1383.804110 -1383.804350 -1383.804581 -1383.804833 -1383.805148 -1383.805581 -1383.806219 -1383.807197 -1383.808730 -1383.811172 -1383.815118 -1383.821589 -1383.832408 -1383.850936 -1383.883574 -1383.942841 -1384.053574 -1384.265317 -1384.677251 -1385.491684 -1387.144895 -1390.668458 -1398.787035 -1420.767468 -9999.0 -9999.0
-9999.0 -9999.0 -9999.0 -9999.0 -9999.0 -9999.0 -9999.0 -9999.0 -9999.0 -9999.0 -9999.0 -9999.0 -9999.0 -9999.0 -9999.0 -9999.0 -9999.0 -9999.0 -9999.0 -9999.0 -9999.0 -9999.0 -9999.0 -9999.0 -9999.0 -9999.0 -9999.0 -9999.0 -9999.0 -9999.0 -9999.0 -9999.0 -9999.0 -9999.0 -9999.0 -9999.0 -9999.0 -9999.0 -9999.0 -9999.0 -9999.0 -9999.0 -9999.0 -9999.0 -9999.0 -9999.0 -9999.0 -9999.0 -9999.0 -9999.0 -9999.0 -9999.0 -9999.0 -9999.0 -9999.0 -9999.0 -9999.0 -9999.0 -9999.0 -9999.0 -9999.0 -9999.0 -9999.0 -9999.0 -9999.0 -9999.0 -9999.0 -9999.0 -9999.0 -9999.0 -9999.0 -9999.0 -9999.0 -9999.0 -9999.0 -9999.0 -9999.0 -9999.0 -9999.0 -9999.0 -9999.0 -9999.0 -9999.0 -9999.0 -9999.0 -9999.0 -9999.0 -9999.0 -9999.0 -9999.0 -9999.0 -9999.0 -9999.0 -9999.0 -9999.0 -9999.0 -9999.0 -9999.0 -9999.0 -9999.0 -9999.0 -9999.0 -9999.0 -9999.0
-9999.0 -9999.0 -9999.0 -9999.0 -9999.0 -9999.0 -9999.0 -9999.0 -9999.0 -9999.0 -9999.0 -9999.0 -9999.0 -9999.0 -9999.0 -9999.0 -9999.0 -9999.0 -9999.0 -9999.0 -9999.0 -9999.0 -9999.0 -9999.0 -9999.0 -9999.0 -9999.0 -9999.0 -9999.0 -9999.0 -9999.0 -9999.0 -9999.0 -9999.0 -9999.0 -9999.0 -9999.0 -9999.0 -9999.0 -9999.0 -9999.0 -9999.0 -9999.0 -9999.0 -9999.0 -9999.0 -9999.0 -9999.0 -9999.0 -9999.0 -9999.0 -9999.0 -9999.0 -9999.0 -9999.0 -9999.0 -9999.0 -9999.0 -9999.0 -9999.0 -9999.0 -9999.0 -9999.0 -9999.0 -9999.0 -9999.0 -9999.0 -9999.0 -9999.0 -9999.0 -9999.0 -9999.0 -9999.0 -9999.0 -9999.0 -9999.0 -9999.0 -9999.0 -9999.0 -9999.0 -9999.0 -9999.0 -9999.0 -9999.0 -9999.0 -9999.0 -9999.0 -9999.0 -9999.0 -9999.0 -9999.0 -9999.0 -9999.0 -9999.0 -9999.0 -9999.0 -9999.0 -9999.0 -9999.0 -9999.0 -9999.0 -9999.0 -9999.0 -9999.0