inst/processing_geotop_simulation/geotop_simulation/out/maps3D/PwL0007N0162.asc
ncols         104
nrows         10
xllcorner     -2.000000
yllcorner     0.000000
cellsize      1.000000
NODATA_value  -9999.0
-9999.0 -9999.0 -9999.0 -9999.0 -9999.0 -9999.0 -9999.0 -9999.0 -9999.0 -9999.0 -9999.0 -9999.0 -9999.0 -9999.0 -9999.0 -9999.0 -9999.0 -9999.0 -9999.0 -9999.0 -9999.0 -9999.0 -9999.0 -9999.0 -9999.0 -9999.0 -9999.0 -9999.0 -9999.0 -9999.0 -9999.0 -9999.0 -9999.0 -9999.0 -9999.0 -9999.0 -9999.0 -9999.0 -9999.0 -9999.0 -9999.0 -9999.0 -9999.0 -9999.0 -9999.0 -9999.0 -9999.0 -9999.0 -9999.0 -9999.0 -9999.0 -9999.0 -9999.0 -9999.0 -9999.0 -9999.0 -9999.0 -9999.0 -9999.0 -9999.0 -9999.0 -9999.0 -9999.0 -9999.0 -9999.0 -9999.0 -9999.0 -9999.0 -9999.0 -9999.0 -9999.0 -9999.0 -9999.0 -9999.0 -9999.0 -9999.0 -9999.0 -9999.0 -9999.0 -9999.0 -9999.0 -9999.0 -9999.0 -9999.0 -9999.0 -9999.0 -9999.0 -9999.0 -9999.0 -9999.0 -9999.0 -9999.0 -9999.0 -9999.0 -9999.0 -9999.0 -9999.0 -9999.0 -9999.0 -9999.0 -9999.0 -9999.0 -9999.0 -9999.0
-9999.0 -9999.0 -9999.0 -9999.0 -9999.0 -9999.0 -9999.0 -9999.0 -9999.0 -9999.0 -9999.0 -9999.0 -9999.0 -9999.0 -9999.0 -9999.0 -9999.0 -9999.0 -9999.0 -9999.0 -9999.0 -9999.0 -9999.0 -9999.0 -9999.0 -9999.0 -9999.0 -9999.0 -9999.0 -9999.0 -9999.0 -9999.0 -9999.0 -9999.0 -9999.0 -9999.0 -9999.0 -9999.0 -9999.0 -9999.0 -9999.0 -9999.0 -9999.0 -9999.0 -9999.0 -9999.0 -9999.0 -9999.0 -9999.0 -9999.0 -9999.0 -9999.0 -9999.0 -9999.0 -9999.0 -9999.0 -9999.0 -9999.0 -9999.0 -9999.0 -9999.0 -9999.0 -9999.0 -9999.0 -9999.0 -9999.0 -9999.0 -9999.0 -9999.0 -9999.0 -9999.0 -9999.0 -9999.0 -9999.0 -9999.0 -9999.0 -9999.0 -9999.0 -9999.0 -9999.0 -9999.0 -9999.0 -9999.0 -9999.0 -9999.0 -9999.0 -9999.0 -9999.0 -9999.0 -9999.0 -9999.0 -9999.0 -9999.0 -9999.0 -9999.0 -9999.0 -9999.0 -9999.0 -9999.0 -9999.0 -9999.0 -9999.0 -9999.0 -9999.0
-9999.0 -9999.0 332.858496 242.375076 148.170468 52.599913 -43.506169 -139.830364 -236.212390 -332.522081 -428.615262 -524.195108 -618.707057 -712.299383 -806.201360 -900.035754 -993.868001 -1087.121875 -1178.350568 -1262.335212 -1331.491866 -1383.825807 -1420.811827 -1445.763559 -1462.197234 -1472.965834 -1480.070527 -1484.804117 -1487.977191 -1490.104801 -1491.526122 -1492.470441 -1493.094449 -1493.504832 -1493.773640 -1493.950956 -1494.078475 -1494.212710 -1494.543712 -1496.228824 -1504.988180 -1531.316297 -1126.342998 -1179.428487 -1148.406317 -1129.468608 -1120.737712 -1119.571400 -1119.453436 -1119.467945 -1119.501687 -1119.537748 -1119.572365 -1119.604396 -1119.633983 -1119.667123 -1119.762977 -1120.428044 -1124.945881 -1135.224579 -1151.400886 -1080.189325 -1506.453866 -1500.231369 -1495.398765 -1494.530402 -1494.399147 -1494.378917 -1494.376545 -1494.377273 -1494.378374 -1494.379324 -1494.380061 -1494.380621 -1494.381048 -1494.381379 -1494.381641 -1494.381852 -1494.382027 -1494.382183 -1494.382334 -1494.382502 -1494.382712 -1494.383004 -1494.383436 -1494.384099 -1494.385142 -1494.386809 -1494.389513 -1494.393974 -1494.401485 -1494.414460 -1494.437533 -1494.479809 -1494.559438 -1494.712988 -1495.015641 -1495.629359 -1496.931555 -1499.886153 -1507.260866 -1529.305888 -9999.0 -9999.0
-9999.0 -9999.0 332.867138 242.377178 148.171027 52.600079 -43.506116 -139.830347 -236.212384 -332.522079 -428.615261 -524.195108 -618.707057 -712.299383 -806.201360 -900.035754 -993.868001 -1087.121875 -1178.350569 -1262.335213 -1331.491866 -1383.825807 -1420.811827 -1445.763559 -1462.197234 -1472.965834 -1480.070527 -1484.804117 -1487.977191 -1490.104801 -1491.526122 -1492.470441 -1493.094449 -1493.504832 -1493.773640 -1493.950956 -1494.078475 -1494.212710 -1494.543712 -1496.228824 -1504.988180 -1531.316297 -1126.342998 -1179.428487 -1148.406316 -1129.468607 -1120.737712 -1119.571400 -1119.453436 -1119.467945 -1119.501687 -1119.537748 -1119.572365 -1119.604396 -1119.633983 -1119.667123 -1119.762977 -1120.428044 -1124.945881 -1135.224579 -1151.400886 -1080.189325 -1506.453866 -1500.231369 -1495.398765 -1494.530402 -1494.399147 -1494.378917 -1494.376545 -1494.377273 -1494.378374 -1494.379324 -1494.380061 -1494.380621 -1494.381048 -1494.381379 -1494.381641 -1494.381852 -1494.382027 -1494.382183 -1494.382334 -1494.382502 -1494.382712 -1494.383004 -1494.383436 -1494.384099 -1494.385142 -1494.386809 -1494.389513 -1494.393974 -1494.401485 -1494.414460 -1494.437533 -1494.479809 -1494.559438 -1494.712988 -1495.015641 -1495.629359 -1496.931555 -1499.886153 -1507.260866 -1529.305888 -9999.0 -9999.0
-9999.0 -9999.0 332.868775 242.378068 148.171382 52.600209 -43.506070 -139.830330 -236.212378 -332.522077 -428.615260 -524.195108 -618.707057 -712.299383 -806.201360 -900.035754 -993.868002 -1087.121875 -1178.350569 -1262.335213 -1331.491866 -1383.825807 -1420.811827 -1445.763559 -1462.197234 -1472.965834 -1480.070527 -1484.804117 -1487.977191 -1490.104801 -1491.526122 -1492.470441 -1493.094449 -1493.504832 -1493.773640 -1493.950956 -1494.078475 -1494.212710 -1494.543712 -1496.228824 -1504.988180 -1531.316297 -1126.342998 -1179.428487 -1148.406316 -1129.468607 -1120.737712 -1119.571400 -1119.453436 -1119.467945 -1119.501687 -1119.537748 -1119.572365 -1119.604396 -1119.633983 -1119.667123 -1119.762977 -1120.428044 -1124.945881 -1135.224579 -1151.400886 -1080.189325 -1506.453866 -1500.231369 -1495.398765 -1494.530402 -1494.399147 -1494.378917 -1494.376545 -1494.377273 -1494.378374 -1494.379324 -1494.380061 -1494.380621 -1494.381048 -1494.381379 -1494.381641 -1494.381852 -1494.382027 -1494.382183 -1494.382334 -1494.382502 -1494.382712 -1494.383004 -1494.383436 -1494.384099 -1494.385142 -1494.386809 -1494.389513 -1494.393974 -1494.401485 -1494.414460 -1494.437533 -1494.479809 -1494.559438 -1494.712988 -1495.015641 -1495.629359 -1496.931555 -1499.886153 -1507.260866 -1529.305888 -9999.0 -9999.0
-9999.0 -9999.0 332.868775 242.378068 148.171382 52.600209 -43.506070 -139.830330 -236.212378 -332.522077 -428.615260 -524.195108 -618.707057 -712.299383 -806.201360 -900.035754 -993.868002 -1087.121875 -1178.350569 -1262.335213 -1331.491866 -1383.825807 -1420.811827 -1445.763559 -1462.197234 -1472.965834 -1480.070527 -1484.804117 -1487.977191 -1490.104801 -1491.526122 -1492.470441 -1493.094449 -1493.504832 -1493.773640 -1493.950956 -1494.078475 -1494.212710 -1494.543712 -1496.228824 -1504.988180 -1531.316297 -1126.342998 -1179.428487 -1148.406316 -1129.468607 -1120.737712 -1119.571400 -1119.453436 -1119.467945 -1119.501687 -1119.537748 -1119.572365 -1119.604396 -1119.633983 -1119.667123 -1119.762977 -1120.428044 -1124.945881 -1135.224579 -1151.400886 -1080.189325 -1506.453866 -1500.231369 -1495.398765 -1494.530402 -1494.399147 -1494.378917 -1494.376545 -1494.377273 -1494.378374 -1494.379324 -1494.380061 -1494.380621 -1494.381048 -1494.381379 -1494.381641 -1494.381852 -1494.382027 -1494.382183 -1494.382334 -1494.382502 -1494.382712 -1494.383004 -1494.383436 -1494.384099 -1494.385142 -1494.386809 -1494.389513 -1494.393974 -1494.401485 -1494.414460 -1494.437533 -1494.479809 -1494.559438 -1494.712988 -1495.015641 -1495.629359 -1496.931555 -1499.886153 -1507.260866 -1529.305888 -9999.0 -9999.0
-9999.0 -9999.0 332.867138 242.377178 148.171027 52.600079 -43.506116 -139.830346 -236.212384 -332.522079 -428.615261 -524.195108 -618.707057 -712.299383 -806.201360 -900.035754 -993.868001 -1087.121875 -1178.350569 -1262.335213 -1331.491866 -1383.825807 -1420.811827 -1445.763559 -1462.197234 -1472.965834 -1480.070527 -1484.804117 -1487.977191 -1490.104801 -1491.526122 -1492.470441 -1493.094449 -1493.504832 -1493.773640 -1493.950956 -1494.078475 -1494.212710 -1494.543712 -1496.228824 -1504.988180 -1531.316297 -1126.342998 -1179.428487 -1148.406316 -1129.468607 -1120.737712 -1119.571400 -1119.453436 -1119.467945 -1119.501687 -1119.537748 -1119.572365 -1119.604396 -1119.633983 -1119.667123 -1119.762977 -1120.428044 -1124.945881 -1135.224579 -1151.400886 -1080.189325 -1506.453866 -1500.231369 -1495.398765 -1494.530402 -1494.399147 -1494.378917 -1494.376545 -1494.377273 -1494.378374 -1494.379324 -1494.380061 -1494.380621 -1494.381048 -1494.381379 -1494.381641 -1494.381852 -1494.382027 -1494.382183 -1494.382334 -1494.382502 -1494.382712 -1494.383004 -1494.383436 -1494.384099 -1494.385142 -1494.386809 -1494.389513 -1494.393974 -1494.401485 -1494.414460 -1494.437533 -1494.479809 -1494.559438 -1494.712988 -1495.015641 -1495.629359 -1496.931555 -1499.886153 -1507.260866 -1529.305888 -9999.0 -9999.0
-9999.0 -9999.0 332.858496 242.375076 148.170468 52.599913 -43.506169 -139.830364 -236.212390 -332.522081 -428.615261 -524.195108 -618.707057 -712.299383 -806.201360 -900.035754 -993.868001 -1087.121875 -1178.350568 -1262.335212 -1331.491866 -1383.825807 -1420.811827 -1445.763559 -1462.197234 -1472.965834 -1480.070527 -1484.804117 -1487.977191 -1490.104801 -1491.526122 -1492.470441 -1493.094449 -1493.504832 -1493.773640 -1493.950956 -1494.078475 -1494.212710 -1494.543712 -1496.228824 -1504.988180 -1531.316297 -1126.342998 -1179.428487 -1148.406317 -1129.468608 -1120.737712 -1119.571400 -1119.453436 -1119.467945 -1119.501687 -1119.537748 -1119.572365 -1119.604396 -1119.633983 -1119.667123 -1119.762977 -1120.428044 -1124.945881 -1135.224579 -1151.400886 -1080.189325 -1506.453866 -1500.231369 -1495.398765 -1494.530402 -1494.399147 -1494.378917 -1494.376545 -1494.377273 -1494.378374 -1494.379324 -1494.380061 -1494.380621 -1494.381048 -1494.381379 -1494.381641 -1494.381852 -1494.382027 -1494.382183 -1494.382334 -1494.382502 -1494.382712 -1494.383004 -1494.383436 -1494.384099 -1494.385142 -1494.386809 -1494.389513 -1494.393974 -1494.401485 -1494.414460 -1494.437533 -1494.479809 -1494.559438 -1494.712988 -1495.015641 -1495.629359 -1496.931555 -1499.886153 -1507.260866 -1529.305888 -9999.0 -9999.0
-9999.0 -9999.0 -9999.0 -9999.0 -9999.0 -9999.0 -9999.0 -9999.0 -9999.0 -9999.0 -9999.0 -9999.0 -9999.0 -9999.0 -9999.0 -9999.0 -9999.0 -9999.0 -9999.0 -9999.0 -9999.0 -9999.0 -9999.0 -9999.0 -9999.0 -9999.0 -9999.0 -9999.0 -9999.0 -9999.0 -9999.0 -9999.0 -9999.0 -9999.0 -9999.0 -9999.0 -9999.0 -9999.0 -9999.0 -9999.0 -9999.0 -9999.0 -9999.0 -9999.0 -9999.0 -9999.0 -9999.0 -9999.0 -9999.0 -9999.0 -9999.0 -9999.0 -9999.0 -9999.0 -9999.0 -9999.0 -9999.0 -9999.0 -9999.0 -9999.0 -9999.0 -9999.0 -9999.0 -9999.0 -9999.0 -9999.0 -9999.0 -9999.0 -9999.0 -9999.0 -9999.0 -9999.0 -9999.0 -9999.0 -9999.0 -9999.0 -9999.0 -9999.0 -9999.0 -9999.0 -9999.0 -9999.0 -9999.0 -9999.0 -9999.0 -9999.0 -9999.0 -9999.0 -9999.0 -9999.0 -9999.0 -9999.0 -9999.0 -9999.0 -9999.0 -9999.0 -9999.0 -9999.0 -9999.0 -9999.0 -9999.0 -9999.0 -9999.0 -9999.0
-9999.0 -9999.0 -9999.0 -9999.0 -9999.0 -9999.0 -9999.0 -9999.0 -9999.0 -9999.0 -9999.0 -9999.0 -9999.0 -9999.0 -9999.0 -9999.0 -9999.0 -9999.0 -9999.0 -9999.0 -9999.0 -9999.0 -9999.0 -9999.0 -9999.0 -9999.0 -9999.0 -9999.0 -9999.0 -9999.0 -9999.0 -9999.0 -9999.0 -9999.0 -9999.0 -9999.0 -9999.0 -9999.0 -9999.0 -9999.0 -9999.0 -9999.0 -9999.0 -9999.0 -9999.0 -9999.0 -9999.0 -9999.0 -9999.0 -9999.0 -9999.0 -9999.0 -9999.0 -9999.0 -9999.0 -9999.0 -9999.0 -9999.0 -9999.0 -9999.0 -9999.0 -9999.0 -9999.0 -9999.0 -9999.0 -9999.0 -9999.0 -9999.0 -9999.0 -9999.0 -9999.0 -9999.0 -9999.0 -9999.0 -9999.0 -9999.0 -9999.0 -9999.0 -9999.0 -9999.0 -9999.0 -9999.0 -9999.0 -9999.0 -9999.0 -9999.0 -9999.0 -9999.0 -9999.0 -9999.0 -9999.0 -9999.0 -9999.0 -9999.0 -9999.0 -9999.0 -9999.0 -9999.0 -9999.0 -9999.0 -9999.0 -9999.0 -9999.0 -9999.0