inst/processing_geotop_simulation/geotop_simulation/out/maps3D/PwL0014N0092.asc
ncols         104
nrows         10
xllcorner     -2.000000
yllcorner     0.000000
cellsize      1.000000
NODATA_value  -9999.0
-9999.0 -9999.0 -9999.0 -9999.0 -9999.0 -9999.0 -9999.0 -9999.0 -9999.0 -9999.0 -9999.0 -9999.0 -9999.0 -9999.0 -9999.0 -9999.0 -9999.0 -9999.0 -9999.0 -9999.0 -9999.0 -9999.0 -9999.0 -9999.0 -9999.0 -9999.0 -9999.0 -9999.0 -9999.0 -9999.0 -9999.0 -9999.0 -9999.0 -9999.0 -9999.0 -9999.0 -9999.0 -9999.0 -9999.0 -9999.0 -9999.0 -9999.0 -9999.0 -9999.0 -9999.0 -9999.0 -9999.0 -9999.0 -9999.0 -9999.0 -9999.0 -9999.0 -9999.0 -9999.0 -9999.0 -9999.0 -9999.0 -9999.0 -9999.0 -9999.0 -9999.0 -9999.0 -9999.0 -9999.0 -9999.0 -9999.0 -9999.0 -9999.0 -9999.0 -9999.0 -9999.0 -9999.0 -9999.0 -9999.0 -9999.0 -9999.0 -9999.0 -9999.0 -9999.0 -9999.0 -9999.0 -9999.0 -9999.0 -9999.0 -9999.0 -9999.0 -9999.0 -9999.0 -9999.0 -9999.0 -9999.0 -9999.0 -9999.0 -9999.0 -9999.0 -9999.0 -9999.0 -9999.0 -9999.0 -9999.0 -9999.0 -9999.0 -9999.0 -9999.0
-9999.0 -9999.0 -9999.0 -9999.0 -9999.0 -9999.0 -9999.0 -9999.0 -9999.0 -9999.0 -9999.0 -9999.0 -9999.0 -9999.0 -9999.0 -9999.0 -9999.0 -9999.0 -9999.0 -9999.0 -9999.0 -9999.0 -9999.0 -9999.0 -9999.0 -9999.0 -9999.0 -9999.0 -9999.0 -9999.0 -9999.0 -9999.0 -9999.0 -9999.0 -9999.0 -9999.0 -9999.0 -9999.0 -9999.0 -9999.0 -9999.0 -9999.0 -9999.0 -9999.0 -9999.0 -9999.0 -9999.0 -9999.0 -9999.0 -9999.0 -9999.0 -9999.0 -9999.0 -9999.0 -9999.0 -9999.0 -9999.0 -9999.0 -9999.0 -9999.0 -9999.0 -9999.0 -9999.0 -9999.0 -9999.0 -9999.0 -9999.0 -9999.0 -9999.0 -9999.0 -9999.0 -9999.0 -9999.0 -9999.0 -9999.0 -9999.0 -9999.0 -9999.0 -9999.0 -9999.0 -9999.0 -9999.0 -9999.0 -9999.0 -9999.0 -9999.0 -9999.0 -9999.0 -9999.0 -9999.0 -9999.0 -9999.0 -9999.0 -9999.0 -9999.0 -9999.0 -9999.0 -9999.0 -9999.0 -9999.0 -9999.0 -9999.0 -9999.0 -9999.0
-9999.0 -9999.0 683.399532 590.200587 495.522643 399.858144 303.748429 207.467986 111.156028 14.885555 -81.316656 -177.570432 -274.236861 -372.367338 -473.761786 -581.434341 -698.909281 -813.993073 -912.799501 -1003.061008 -1080.706923 -1102.864688 -1107.944569 -1106.403485 -1103.486056 -1101.208705 -1100.015897 -1099.725082 -1099.999219 -1100.546245 -1101.170316 -1101.761339 -1102.269072 -1102.678956 -1102.995154 -1103.232051 -1103.416715 -1103.599334 -1103.877847 -1105.055199 -1114.600755 -1204.178776 -2117.538124 -4274.266422 -4282.178055 -4282.178218 -4282.178217 -4282.178217 -4282.178217 -4282.178217 -4282.178217 -4282.178217 -4282.178217 -4282.178217 -4282.178217 -4282.178217 -4282.178217 -4282.178217 -4282.178218 -4282.177917 -4269.649396 -2007.373991 -1178.610108 -1111.428065 -1104.808382 -1104.074387 -1103.966657 -1103.948421 -1103.946970 -1103.948649 -1103.950563 -1103.952145 -1103.953356 -1103.954273 -1103.954972 -1103.955514 -1103.955942 -1103.956288 -1103.956574 -1103.956825 -1103.957069 -1103.957336 -1103.957669 -1103.958129 -1103.958806 -1103.959844 -1103.961472 -1103.964067 -1103.968262 -1103.975150 -1103.986679 -1104.006454 -1104.041354 -1104.104855 -1104.223756 -1104.451775 -1104.897770 -1105.790375 -1107.650377 -1111.795021 -1121.779991 -1148.026733 -9999.0 -9999.0
-9999.0 -9999.0 683.404623 590.202237 495.523136 399.858297 303.748478 207.468003 111.156033 14.885556 -81.316656 -177.570432 -274.236861 -372.367339 -473.761786 -581.434341 -698.909281 -813.993073 -912.799501 -1003.061008 -1080.706923 -1102.864688 -1107.944569 -1106.403485 -1103.486056 -1101.208705 -1100.015897 -1099.725082 -1099.999219 -1100.546245 -1101.170316 -1101.761339 -1102.269072 -1102.678956 -1102.995154 -1103.232051 -1103.416715 -1103.599334 -1103.877847 -1105.055199 -1114.600755 -1204.178776 -2117.538123 -4274.266422 -4282.178055 -4282.178218 -4282.178217 -4282.178217 -4282.178217 -4282.178217 -4282.178217 -4282.178217 -4282.178217 -4282.178217 -4282.178217 -4282.178217 -4282.178217 -4282.178217 -4282.178218 -4282.177917 -4269.649396 -2007.373991 -1178.610108 -1111.428065 -1104.808382 -1104.074387 -1103.966657 -1103.948421 -1103.946970 -1103.948649 -1103.950563 -1103.952145 -1103.953356 -1103.954273 -1103.954972 -1103.955514 -1103.955942 -1103.956288 -1103.956574 -1103.956825 -1103.957069 -1103.957336 -1103.957669 -1103.958129 -1103.958806 -1103.959844 -1103.961472 -1103.964067 -1103.968262 -1103.975150 -1103.986679 -1104.006454 -1104.041354 -1104.104855 -1104.223756 -1104.451775 -1104.897770 -1105.790375 -1107.650377 -1111.795021 -1121.779991 -1148.026733 -9999.0 -9999.0
-9999.0 -9999.0 683.406149 590.203036 495.523464 399.858420 303.748522 207.468018 111.156039 14.885558 -81.316656 -177.570432 -274.236861 -372.367339 -473.761787 -581.434341 -698.909281 -813.993073 -912.799501 -1003.061008 -1080.706923 -1102.864688 -1107.944569 -1106.403485 -1103.486056 -1101.208705 -1100.015897 -1099.725082 -1099.999219 -1100.546245 -1101.170316 -1101.761339 -1102.269072 -1102.678956 -1102.995154 -1103.232051 -1103.416715 -1103.599334 -1103.877847 -1105.055199 -1114.600755 -1204.178776 -2117.538123 -4274.266422 -4282.178055 -4282.178218 -4282.178217 -4282.178217 -4282.178217 -4282.178217 -4282.178217 -4282.178217 -4282.178217 -4282.178217 -4282.178217 -4282.178217 -4282.178217 -4282.178217 -4282.178218 -4282.177917 -4269.649396 -2007.373991 -1178.610108 -1111.428065 -1104.808382 -1104.074387 -1103.966657 -1103.948421 -1103.946970 -1103.948649 -1103.950563 -1103.952145 -1103.953356 -1103.954273 -1103.954972 -1103.955514 -1103.955942 -1103.956288 -1103.956574 -1103.956825 -1103.957069 -1103.957336 -1103.957669 -1103.958129 -1103.958806 -1103.959844 -1103.961472 -1103.964067 -1103.968262 -1103.975150 -1103.986679 -1104.006454 -1104.041354 -1104.104855 -1104.223756 -1104.451775 -1104.897770 -1105.790375 -1107.650377 -1111.795021 -1121.779991 -1148.026733 -9999.0 -9999.0
-9999.0 -9999.0 683.406149 590.203036 495.523463 399.858420 303.748522 207.468018 111.156039 14.885558 -81.316656 -177.570432 -274.236861 -372.367339 -473.761786 -581.434341 -698.909281 -813.993073 -912.799501 -1003.061008 -1080.706923 -1102.864688 -1107.944569 -1106.403485 -1103.486056 -1101.208705 -1100.015897 -1099.725082 -1099.999219 -1100.546245 -1101.170316 -1101.761339 -1102.269072 -1102.678956 -1102.995154 -1103.232051 -1103.416715 -1103.599334 -1103.877847 -1105.055199 -1114.600755 -1204.178776 -2117.538123 -4274.266422 -4282.178055 -4282.178218 -4282.178217 -4282.178217 -4282.178217 -4282.178217 -4282.178217 -4282.178217 -4282.178217 -4282.178217 -4282.178217 -4282.178217 -4282.178217 -4282.178217 -4282.178218 -4282.177917 -4269.649396 -2007.373991 -1178.610108 -1111.428065 -1104.808382 -1104.074387 -1103.966657 -1103.948421 -1103.946970 -1103.948649 -1103.950563 -1103.952145 -1103.953356 -1103.954273 -1103.954972 -1103.955514 -1103.955942 -1103.956288 -1103.956574 -1103.956825 -1103.957069 -1103.957336 -1103.957669 -1103.958129 -1103.958806 -1103.959844 -1103.961472 -1103.964067 -1103.968262 -1103.975150 -1103.986679 -1104.006454 -1104.041354 -1104.104855 -1104.223756 -1104.451775 -1104.897770 -1105.790375 -1107.650377 -1111.795021 -1121.779991 -1148.026733 -9999.0 -9999.0
-9999.0 -9999.0 683.404623 590.202237 495.523136 399.858297 303.748478 207.468003 111.156033 14.885556 -81.316656 -177.570432 -274.236861 -372.367339 -473.761786 -581.434341 -698.909281 -813.993073 -912.799501 -1003.061008 -1080.706923 -1102.864688 -1107.944569 -1106.403485 -1103.486056 -1101.208705 -1100.015897 -1099.725082 -1099.999219 -1100.546245 -1101.170316 -1101.761339 -1102.269072 -1102.678956 -1102.995154 -1103.232051 -1103.416715 -1103.599334 -1103.877847 -1105.055199 -1114.600755 -1204.178776 -2117.538123 -4274.266422 -4282.178055 -4282.178218 -4282.178217 -4282.178217 -4282.178217 -4282.178217 -4282.178217 -4282.178217 -4282.178217 -4282.178217 -4282.178217 -4282.178217 -4282.178217 -4282.178217 -4282.178218 -4282.177917 -4269.649396 -2007.373991 -1178.610108 -1111.428065 -1104.808382 -1104.074387 -1103.966657 -1103.948421 -1103.946970 -1103.948649 -1103.950563 -1103.952145 -1103.953356 -1103.954273 -1103.954972 -1103.955514 -1103.955942 -1103.956288 -1103.956574 -1103.956825 -1103.957069 -1103.957336 -1103.957669 -1103.958129 -1103.958806 -1103.959844 -1103.961472 -1103.964067 -1103.968262 -1103.975150 -1103.986679 -1104.006454 -1104.041354 -1104.104855 -1104.223756 -1104.451775 -1104.897770 -1105.790375 -1107.650377 -1111.795021 -1121.779991 -1148.026733 -9999.0 -9999.0
-9999.0 -9999.0 683.399532 590.200587 495.522643 399.858144 303.748429 207.467986 111.156028 14.885555 -81.316656 -177.570432 -274.236861 -372.367338 -473.761786 -581.434341 -698.909281 -813.993073 -912.799501 -1003.061008 -1080.706923 -1102.864688 -1107.944569 -1106.403485 -1103.486056 -1101.208705 -1100.015897 -1099.725082 -1099.999219 -1100.546245 -1101.170316 -1101.761339 -1102.269072 -1102.678956 -1102.995154 -1103.232051 -1103.416715 -1103.599334 -1103.877847 -1105.055199 -1114.600755 -1204.178776 -2117.538124 -4274.266422 -4282.178055 -4282.178218 -4282.178217 -4282.178217 -4282.178217 -4282.178217 -4282.178217 -4282.178217 -4282.178217 -4282.178217 -4282.178217 -4282.178217 -4282.178217 -4282.178217 -4282.178218 -4282.177917 -4269.649396 -2007.373991 -1178.610108 -1111.428065 -1104.808382 -1104.074387 -1103.966657 -1103.948421 -1103.946970 -1103.948649 -1103.950563 -1103.952145 -1103.953356 -1103.954273 -1103.954972 -1103.955514 -1103.955942 -1103.956288 -1103.956574 -1103.956825 -1103.957069 -1103.957336 -1103.957669 -1103.958129 -1103.958806 -1103.959844 -1103.961472 -1103.964067 -1103.968262 -1103.975150 -1103.986679 -1104.006454 -1104.041354 -1104.104855 -1104.223756 -1104.451775 -1104.897770 -1105.790375 -1107.650377 -1111.795021 -1121.779991 -1148.026733 -9999.0 -9999.0
-9999.0 -9999.0 -9999.0 -9999.0 -9999.0 -9999.0 -9999.0 -9999.0 -9999.0 -9999.0 -9999.0 -9999.0 -9999.0 -9999.0 -9999.0 -9999.0 -9999.0 -9999.0 -9999.0 -9999.0 -9999.0 -9999.0 -9999.0 -9999.0 -9999.0 -9999.0 -9999.0 -9999.0 -9999.0 -9999.0 -9999.0 -9999.0 -9999.0 -9999.0 -9999.0 -9999.0 -9999.0 -9999.0 -9999.0 -9999.0 -9999.0 -9999.0 -9999.0 -9999.0 -9999.0 -9999.0 -9999.0 -9999.0 -9999.0 -9999.0 -9999.0 -9999.0 -9999.0 -9999.0 -9999.0 -9999.0 -9999.0 -9999.0 -9999.0 -9999.0 -9999.0 -9999.0 -9999.0 -9999.0 -9999.0 -9999.0 -9999.0 -9999.0 -9999.0 -9999.0 -9999.0 -9999.0 -9999.0 -9999.0 -9999.0 -9999.0 -9999.0 -9999.0 -9999.0 -9999.0 -9999.0 -9999.0 -9999.0 -9999.0 -9999.0 -9999.0 -9999.0 -9999.0 -9999.0 -9999.0 -9999.0 -9999.0 -9999.0 -9999.0 -9999.0 -9999.0 -9999.0 -9999.0 -9999.0 -9999.0 -9999.0 -9999.0 -9999.0 -9999.0
-9999.0 -9999.0 -9999.0 -9999.0 -9999.0 -9999.0 -9999.0 -9999.0 -9999.0 -9999.0 -9999.0 -9999.0 -9999.0 -9999.0 -9999.0 -9999.0 -9999.0 -9999.0 -9999.0 -9999.0 -9999.0 -9999.0 -9999.0 -9999.0 -9999.0 -9999.0 -9999.0 -9999.0 -9999.0 -9999.0 -9999.0 -9999.0 -9999.0 -9999.0 -9999.0 -9999.0 -9999.0 -9999.0 -9999.0 -9999.0 -9999.0 -9999.0 -9999.0 -9999.0 -9999.0 -9999.0 -9999.0 -9999.0 -9999.0 -9999.0 -9999.0 -9999.0 -9999.0 -9999.0 -9999.0 -9999.0 -9999.0 -9999.0 -9999.0 -9999.0 -9999.0 -9999.0 -9999.0 -9999.0 -9999.0 -9999.0 -9999.0 -9999.0 -9999.0 -9999.0 -9999.0 -9999.0 -9999.0 -9999.0 -9999.0 -9999.0 -9999.0 -9999.0 -9999.0 -9999.0 -9999.0 -9999.0 -9999.0 -9999.0 -9999.0 -9999.0 -9999.0 -9999.0 -9999.0 -9999.0 -9999.0 -9999.0 -9999.0 -9999.0 -9999.0 -9999.0 -9999.0 -9999.0 -9999.0 -9999.0 -9999.0 -9999.0 -9999.0 -9999.0