inst/processing_geotop_simulation/geotop_simulation/out/maps3D/PwL0002N0349.asc
ncols         104
nrows         10
xllcorner     -2.000000
yllcorner     0.000000
cellsize      1.000000
NODATA_value  -9999.0
-9999.0 -9999.0 -9999.0 -9999.0 -9999.0 -9999.0 -9999.0 -9999.0 -9999.0 -9999.0 -9999.0 -9999.0 -9999.0 -9999.0 -9999.0 -9999.0 -9999.0 -9999.0 -9999.0 -9999.0 -9999.0 -9999.0 -9999.0 -9999.0 -9999.0 -9999.0 -9999.0 -9999.0 -9999.0 -9999.0 -9999.0 -9999.0 -9999.0 -9999.0 -9999.0 -9999.0 -9999.0 -9999.0 -9999.0 -9999.0 -9999.0 -9999.0 -9999.0 -9999.0 -9999.0 -9999.0 -9999.0 -9999.0 -9999.0 -9999.0 -9999.0 -9999.0 -9999.0 -9999.0 -9999.0 -9999.0 -9999.0 -9999.0 -9999.0 -9999.0 -9999.0 -9999.0 -9999.0 -9999.0 -9999.0 -9999.0 -9999.0 -9999.0 -9999.0 -9999.0 -9999.0 -9999.0 -9999.0 -9999.0 -9999.0 -9999.0 -9999.0 -9999.0 -9999.0 -9999.0 -9999.0 -9999.0 -9999.0 -9999.0 -9999.0 -9999.0 -9999.0 -9999.0 -9999.0 -9999.0 -9999.0 -9999.0 -9999.0 -9999.0 -9999.0 -9999.0 -9999.0 -9999.0 -9999.0 -9999.0 -9999.0 -9999.0 -9999.0 -9999.0
-9999.0 -9999.0 -9999.0 -9999.0 -9999.0 -9999.0 -9999.0 -9999.0 -9999.0 -9999.0 -9999.0 -9999.0 -9999.0 -9999.0 -9999.0 -9999.0 -9999.0 -9999.0 -9999.0 -9999.0 -9999.0 -9999.0 -9999.0 -9999.0 -9999.0 -9999.0 -9999.0 -9999.0 -9999.0 -9999.0 -9999.0 -9999.0 -9999.0 -9999.0 -9999.0 -9999.0 -9999.0 -9999.0 -9999.0 -9999.0 -9999.0 -9999.0 -9999.0 -9999.0 -9999.0 -9999.0 -9999.0 -9999.0 -9999.0 -9999.0 -9999.0 -9999.0 -9999.0 -9999.0 -9999.0 -9999.0 -9999.0 -9999.0 -9999.0 -9999.0 -9999.0 -9999.0 -9999.0 -9999.0 -9999.0 -9999.0 -9999.0 -9999.0 -9999.0 -9999.0 -9999.0 -9999.0 -9999.0 -9999.0 -9999.0 -9999.0 -9999.0 -9999.0 -9999.0 -9999.0 -9999.0 -9999.0 -9999.0 -9999.0 -9999.0 -9999.0 -9999.0 -9999.0 -9999.0 -9999.0 -9999.0 -9999.0 -9999.0 -9999.0 -9999.0 -9999.0 -9999.0 -9999.0 -9999.0 -9999.0 -9999.0 -9999.0 -9999.0 -9999.0
-9999.0 -9999.0 76.139172 -20.796494 -119.324460 -218.233474 -317.282033 -416.379248 -515.478485 -614.544638 -713.505896 -812.329957 -910.973515 -1009.377506 -1107.719517 -1205.953053 -1303.639196 -1400.411398 -1495.644740 -1588.276464 -1676.334536 -1756.660698 -1825.966749 -1882.418875 -1926.175159 -1958.818242 -1982.500657 -1999.336694 -2011.122402 -2019.271216 -2024.847870 -2028.631825 -2031.181620 -2032.890556 -2034.031968 -2034.796019 -2035.325106 -2035.779064 -2036.555457 -2038.834624 -2042.057295 -1990.840639 -1220.213746 -1218.284175 -1207.802590 -1200.941515 -1197.714924 -1197.213612 -1197.159353 -1197.164510 -1197.178288 -1197.193130 -1197.207401 -1197.220620 -1197.232917 -1197.247450 -1197.293579 -1197.597397 -1199.329443 -1203.161517 -1208.429167 -1202.795177 -1967.347452 -2036.123215 -2037.396262 -2036.624167 -2036.420700 -2036.383589 -2036.377936 -2036.377578 -2036.378023 -2036.378502 -2036.378893 -2036.379196 -2036.379430 -2036.379613 -2036.379759 -2036.379878 -2036.379979 -2036.380070 -2036.380161 -2036.380262 -2036.380389 -2036.380564 -2036.380822 -2036.381218 -2036.381838 -2036.382832 -2036.384453 -2036.387150 -2036.391748 -2036.399803 -2036.414347 -2036.441401 -2036.493171 -2036.595099 -2036.802756 -2037.246274 -2038.257235 -2040.770674 -2047.823820 -2071.236817 -9999.0 -9999.0
-9999.0 -9999.0 76.150024 -20.794553 -119.323975 -218.233333 -317.281987 -416.379233 -515.478480 -614.544636 -713.505895 -812.329957 -910.973515 -1009.377506 -1107.719517 -1205.953053 -1303.639196 -1400.411398 -1495.644740 -1588.276464 -1676.334536 -1756.660699 -1825.966750 -1882.418875 -1926.175160 -1958.818242 -1982.500657 -1999.336695 -2011.122402 -2019.271216 -2024.847870 -2028.631826 -2031.181620 -2032.890556 -2034.031968 -2034.796019 -2035.325106 -2035.779064 -2036.555457 -2038.834624 -2042.057295 -1990.840639 -1220.213746 -1218.284175 -1207.802590 -1200.941515 -1197.714924 -1197.213612 -1197.159353 -1197.164510 -1197.178288 -1197.193130 -1197.207401 -1197.220620 -1197.232917 -1197.247450 -1197.293579 -1197.597397 -1199.329443 -1203.161517 -1208.429167 -1202.795177 -1967.347452 -2036.123215 -2037.396262 -2036.624167 -2036.420700 -2036.383589 -2036.377936 -2036.377578 -2036.378023 -2036.378502 -2036.378893 -2036.379196 -2036.379430 -2036.379613 -2036.379759 -2036.379878 -2036.379979 -2036.380070 -2036.380161 -2036.380262 -2036.380389 -2036.380564 -2036.380822 -2036.381218 -2036.381838 -2036.382832 -2036.384453 -2036.387150 -2036.391748 -2036.399803 -2036.414347 -2036.441401 -2036.493171 -2036.595099 -2036.802756 -2037.246274 -2038.257235 -2040.770674 -2047.823820 -2071.236817 -9999.0 -9999.0
-9999.0 -9999.0 76.151202 -20.793774 -119.323668 -218.233222 -317.281948 -416.379219 -515.478474 -614.544634 -713.505894 -812.329957 -910.973514 -1009.377506 -1107.719517 -1205.953053 -1303.639196 -1400.411398 -1495.644740 -1588.276464 -1676.334536 -1756.660699 -1825.966750 -1882.418875 -1926.175160 -1958.818242 -1982.500657 -1999.336695 -2011.122402 -2019.271216 -2024.847870 -2028.631826 -2031.181620 -2032.890556 -2034.031968 -2034.796019 -2035.325106 -2035.779064 -2036.555457 -2038.834624 -2042.057295 -1990.840639 -1220.213746 -1218.284175 -1207.802590 -1200.941515 -1197.714924 -1197.213612 -1197.159353 -1197.164510 -1197.178288 -1197.193130 -1197.207401 -1197.220620 -1197.232917 -1197.247450 -1197.293579 -1197.597397 -1199.329443 -1203.161517 -1208.429167 -1202.795177 -1967.347452 -2036.123215 -2037.396262 -2036.624167 -2036.420700 -2036.383589 -2036.377936 -2036.377578 -2036.378023 -2036.378502 -2036.378893 -2036.379196 -2036.379430 -2036.379613 -2036.379759 -2036.379878 -2036.379979 -2036.380070 -2036.380161 -2036.380262 -2036.380389 -2036.380564 -2036.380822 -2036.381218 -2036.381838 -2036.382832 -2036.384453 -2036.387150 -2036.391748 -2036.399803 -2036.414347 -2036.441401 -2036.493171 -2036.595099 -2036.802756 -2037.246274 -2038.257235 -2040.770674 -2047.823820 -2071.236817 -9999.0 -9999.0
-9999.0 -9999.0 76.151202 -20.793774 -119.323668 -218.233222 -317.281948 -416.379219 -515.478474 -614.544634 -713.505894 -812.329957 -910.973514 -1009.377506 -1107.719517 -1205.953053 -1303.639196 -1400.411398 -1495.644740 -1588.276464 -1676.334536 -1756.660699 -1825.966750 -1882.418875 -1926.175160 -1958.818242 -1982.500657 -1999.336695 -2011.122402 -2019.271216 -2024.847870 -2028.631826 -2031.181620 -2032.890556 -2034.031968 -2034.796019 -2035.325106 -2035.779064 -2036.555457 -2038.834624 -2042.057295 -1990.840639 -1220.213746 -1218.284175 -1207.802590 -1200.941515 -1197.714924 -1197.213612 -1197.159353 -1197.164510 -1197.178288 -1197.193130 -1197.207401 -1197.220620 -1197.232917 -1197.247450 -1197.293579 -1197.597397 -1199.329443 -1203.161517 -1208.429167 -1202.795177 -1967.347452 -2036.123215 -2037.396262 -2036.624167 -2036.420700 -2036.383589 -2036.377936 -2036.377578 -2036.378023 -2036.378502 -2036.378893 -2036.379196 -2036.379430 -2036.379613 -2036.379759 -2036.379878 -2036.379979 -2036.380070 -2036.380161 -2036.380262 -2036.380389 -2036.380564 -2036.380822 -2036.381218 -2036.381838 -2036.382832 -2036.384453 -2036.387150 -2036.391748 -2036.399803 -2036.414347 -2036.441401 -2036.493171 -2036.595099 -2036.802756 -2037.246274 -2038.257235 -2040.770674 -2047.823820 -2071.236817 -9999.0 -9999.0
-9999.0 -9999.0 76.150024 -20.794553 -119.323975 -218.233333 -317.281987 -416.379233 -515.478480 -614.544636 -713.505895 -812.329957 -910.973515 -1009.377506 -1107.719517 -1205.953053 -1303.639196 -1400.411398 -1495.644740 -1588.276464 -1676.334536 -1756.660699 -1825.966750 -1882.418875 -1926.175160 -1958.818242 -1982.500657 -1999.336695 -2011.122402 -2019.271216 -2024.847870 -2028.631826 -2031.181620 -2032.890556 -2034.031968 -2034.796019 -2035.325106 -2035.779064 -2036.555457 -2038.834624 -2042.057295 -1990.840639 -1220.213746 -1218.284175 -1207.802590 -1200.941515 -1197.714924 -1197.213612 -1197.159353 -1197.164510 -1197.178288 -1197.193130 -1197.207401 -1197.220620 -1197.232917 -1197.247450 -1197.293579 -1197.597397 -1199.329443 -1203.161517 -1208.429167 -1202.795177 -1967.347452 -2036.123215 -2037.396262 -2036.624167 -2036.420700 -2036.383589 -2036.377936 -2036.377578 -2036.378023 -2036.378502 -2036.378893 -2036.379196 -2036.379430 -2036.379613 -2036.379759 -2036.379878 -2036.379979 -2036.380070 -2036.380161 -2036.380262 -2036.380389 -2036.380564 -2036.380822 -2036.381218 -2036.381838 -2036.382832 -2036.384453 -2036.387150 -2036.391748 -2036.399803 -2036.414347 -2036.441401 -2036.493171 -2036.595099 -2036.802756 -2037.246274 -2038.257235 -2040.770674 -2047.823820 -2071.236817 -9999.0 -9999.0
-9999.0 -9999.0 76.139172 -20.796494 -119.324460 -218.233475 -317.282032 -416.379248 -515.478485 -614.544639 -713.505896 -812.329958 -910.973515 -1009.377506 -1107.719517 -1205.953053 -1303.639196 -1400.411398 -1495.644740 -1588.276464 -1676.334536 -1756.660698 -1825.966749 -1882.418875 -1926.175159 -1958.818242 -1982.500657 -1999.336694 -2011.122402 -2019.271216 -2024.847870 -2028.631825 -2031.181620 -2032.890556 -2034.031968 -2034.796019 -2035.325106 -2035.779064 -2036.555457 -2038.834624 -2042.057295 -1990.840639 -1220.213746 -1218.284175 -1207.802590 -1200.941515 -1197.714924 -1197.213612 -1197.159353 -1197.164510 -1197.178288 -1197.193130 -1197.207401 -1197.220620 -1197.232917 -1197.247450 -1197.293579 -1197.597397 -1199.329443 -1203.161517 -1208.429167 -1202.795177 -1967.347452 -2036.123215 -2037.396262 -2036.624167 -2036.420700 -2036.383589 -2036.377936 -2036.377578 -2036.378023 -2036.378502 -2036.378893 -2036.379196 -2036.379430 -2036.379613 -2036.379759 -2036.379878 -2036.379979 -2036.380070 -2036.380161 -2036.380262 -2036.380389 -2036.380564 -2036.380822 -2036.381218 -2036.381838 -2036.382832 -2036.384453 -2036.387150 -2036.391748 -2036.399803 -2036.414347 -2036.441401 -2036.493171 -2036.595099 -2036.802756 -2037.246274 -2038.257235 -2040.770674 -2047.823820 -2071.236817 -9999.0 -9999.0
-9999.0 -9999.0 -9999.0 -9999.0 -9999.0 -9999.0 -9999.0 -9999.0 -9999.0 -9999.0 -9999.0 -9999.0 -9999.0 -9999.0 -9999.0 -9999.0 -9999.0 -9999.0 -9999.0 -9999.0 -9999.0 -9999.0 -9999.0 -9999.0 -9999.0 -9999.0 -9999.0 -9999.0 -9999.0 -9999.0 -9999.0 -9999.0 -9999.0 -9999.0 -9999.0 -9999.0 -9999.0 -9999.0 -9999.0 -9999.0 -9999.0 -9999.0 -9999.0 -9999.0 -9999.0 -9999.0 -9999.0 -9999.0 -9999.0 -9999.0 -9999.0 -9999.0 -9999.0 -9999.0 -9999.0 -9999.0 -9999.0 -9999.0 -9999.0 -9999.0 -9999.0 -9999.0 -9999.0 -9999.0 -9999.0 -9999.0 -9999.0 -9999.0 -9999.0 -9999.0 -9999.0 -9999.0 -9999.0 -9999.0 -9999.0 -9999.0 -9999.0 -9999.0 -9999.0 -9999.0 -9999.0 -9999.0 -9999.0 -9999.0 -9999.0 -9999.0 -9999.0 -9999.0 -9999.0 -9999.0 -9999.0 -9999.0 -9999.0 -9999.0 -9999.0 -9999.0 -9999.0 -9999.0 -9999.0 -9999.0 -9999.0 -9999.0 -9999.0 -9999.0
-9999.0 -9999.0 -9999.0 -9999.0 -9999.0 -9999.0 -9999.0 -9999.0 -9999.0 -9999.0 -9999.0 -9999.0 -9999.0 -9999.0 -9999.0 -9999.0 -9999.0 -9999.0 -9999.0 -9999.0 -9999.0 -9999.0 -9999.0 -9999.0 -9999.0 -9999.0 -9999.0 -9999.0 -9999.0 -9999.0 -9999.0 -9999.0 -9999.0 -9999.0 -9999.0 -9999.0 -9999.0 -9999.0 -9999.0 -9999.0 -9999.0 -9999.0 -9999.0 -9999.0 -9999.0 -9999.0 -9999.0 -9999.0 -9999.0 -9999.0 -9999.0 -9999.0 -9999.0 -9999.0 -9999.0 -9999.0 -9999.0 -9999.0 -9999.0 -9999.0 -9999.0 -9999.0 -9999.0 -9999.0 -9999.0 -9999.0 -9999.0 -9999.0 -9999.0 -9999.0 -9999.0 -9999.0 -9999.0 -9999.0 -9999.0 -9999.0 -9999.0 -9999.0 -9999.0 -9999.0 -9999.0 -9999.0 -9999.0 -9999.0 -9999.0 -9999.0 -9999.0 -9999.0 -9999.0 -9999.0 -9999.0 -9999.0 -9999.0 -9999.0 -9999.0 -9999.0 -9999.0 -9999.0 -9999.0 -9999.0 -9999.0 -9999.0 -9999.0 -9999.0