inst/processing_geotop_simulation/geotop_simulation/out/maps3D/PwL0001N0065.asc
ncols         104
nrows         10
xllcorner     -2.000000
yllcorner     0.000000
cellsize      1.000000
NODATA_value  -9999.0
-9999.0 -9999.0 -9999.0 -9999.0 -9999.0 -9999.0 -9999.0 -9999.0 -9999.0 -9999.0 -9999.0 -9999.0 -9999.0 -9999.0 -9999.0 -9999.0 -9999.0 -9999.0 -9999.0 -9999.0 -9999.0 -9999.0 -9999.0 -9999.0 -9999.0 -9999.0 -9999.0 -9999.0 -9999.0 -9999.0 -9999.0 -9999.0 -9999.0 -9999.0 -9999.0 -9999.0 -9999.0 -9999.0 -9999.0 -9999.0 -9999.0 -9999.0 -9999.0 -9999.0 -9999.0 -9999.0 -9999.0 -9999.0 -9999.0 -9999.0 -9999.0 -9999.0 -9999.0 -9999.0 -9999.0 -9999.0 -9999.0 -9999.0 -9999.0 -9999.0 -9999.0 -9999.0 -9999.0 -9999.0 -9999.0 -9999.0 -9999.0 -9999.0 -9999.0 -9999.0 -9999.0 -9999.0 -9999.0 -9999.0 -9999.0 -9999.0 -9999.0 -9999.0 -9999.0 -9999.0 -9999.0 -9999.0 -9999.0 -9999.0 -9999.0 -9999.0 -9999.0 -9999.0 -9999.0 -9999.0 -9999.0 -9999.0 -9999.0 -9999.0 -9999.0 -9999.0 -9999.0 -9999.0 -9999.0 -9999.0 -9999.0 -9999.0 -9999.0 -9999.0
-9999.0 -9999.0 -9999.0 -9999.0 -9999.0 -9999.0 -9999.0 -9999.0 -9999.0 -9999.0 -9999.0 -9999.0 -9999.0 -9999.0 -9999.0 -9999.0 -9999.0 -9999.0 -9999.0 -9999.0 -9999.0 -9999.0 -9999.0 -9999.0 -9999.0 -9999.0 -9999.0 -9999.0 -9999.0 -9999.0 -9999.0 -9999.0 -9999.0 -9999.0 -9999.0 -9999.0 -9999.0 -9999.0 -9999.0 -9999.0 -9999.0 -9999.0 -9999.0 -9999.0 -9999.0 -9999.0 -9999.0 -9999.0 -9999.0 -9999.0 -9999.0 -9999.0 -9999.0 -9999.0 -9999.0 -9999.0 -9999.0 -9999.0 -9999.0 -9999.0 -9999.0 -9999.0 -9999.0 -9999.0 -9999.0 -9999.0 -9999.0 -9999.0 -9999.0 -9999.0 -9999.0 -9999.0 -9999.0 -9999.0 -9999.0 -9999.0 -9999.0 -9999.0 -9999.0 -9999.0 -9999.0 -9999.0 -9999.0 -9999.0 -9999.0 -9999.0 -9999.0 -9999.0 -9999.0 -9999.0 -9999.0 -9999.0 -9999.0 -9999.0 -9999.0 -9999.0 -9999.0 -9999.0 -9999.0 -9999.0 -9999.0 -9999.0 -9999.0 -9999.0
-9999.0 -9999.0 -516.692600 -655.400967 -851.381849 -1060.555671 -1188.583592 -1239.242725 -1254.324583 -1247.183379 -1176.778008 -1145.139794 -1149.759539 -1165.826845 -1199.299273 -1235.862367 -1249.906791 -1245.075850 -1232.975960 -1221.853168 -1214.867769 -1212.424633 -1213.865990 -1218.226951 -1224.489038 -1231.665931 -1238.854407 -1245.343169 -1250.717802 -1254.867827 -1257.896975 -1260.011221 -1261.435090 -1262.365340 -1262.954766 -1263.314601 -1263.536178 -1263.737929 -1263.991459 -1264.111722 -1266.812142 -1287.064164 -836.557788 -828.645423 -816.834153 -809.667294 -806.325594 -805.869065 -805.826254 -805.842463 -805.869104 -805.897100 -805.923941 -805.948759 -805.971429 -805.994313 -806.041663 -806.324716 -808.139178 -812.371165 -819.590628 -820.014159 -1273.136934 -1266.666070 -1264.600396 -1264.149814 -1264.047888 -1264.030254 -1264.030936 -1264.034743 -1264.038383 -1264.041269 -1264.043445 -1264.045078 -1264.046318 -1264.047277 -1264.048032 -1264.048638 -1264.049136 -1264.049568 -1264.049980 -1264.050424 -1264.050970 -1264.051716 -1264.052808 -1264.054474 -1264.057079 -1264.061217 -1264.067875 -1264.078735 -1264.096763 -1264.127362 -1264.180729 -1264.276679 -1264.454409 -1264.791866 -1265.443243 -1266.711612 -1269.200514 -1274.183640 -1284.625981 -1308.908339 -9999.0 -9999.0
-9999.0 -9999.0 -516.692597 -655.400964 -851.381840 -1060.555658 -1188.583587 -1239.242725 -1254.324584 -1247.183379 -1176.778008 -1145.139794 -1149.759539 -1165.826845 -1199.299273 -1235.862367 -1249.906791 -1245.075850 -1232.975960 -1221.853168 -1214.867769 -1212.424633 -1213.865990 -1218.226951 -1224.489038 -1231.665931 -1238.854407 -1245.343169 -1250.717802 -1254.867827 -1257.896975 -1260.011221 -1261.435090 -1262.365340 -1262.954766 -1263.314601 -1263.536178 -1263.737929 -1263.991459 -1264.111722 -1266.812142 -1287.064164 -836.557788 -828.645423 -816.834153 -809.667293 -806.325594 -805.869065 -805.826254 -805.842463 -805.869104 -805.897100 -805.923941 -805.948759 -805.971429 -805.994313 -806.041663 -806.324716 -808.139178 -812.371165 -819.590628 -820.014159 -1273.136934 -1266.666070 -1264.600396 -1264.149814 -1264.047888 -1264.030254 -1264.030936 -1264.034743 -1264.038383 -1264.041269 -1264.043445 -1264.045078 -1264.046318 -1264.047277 -1264.048032 -1264.048638 -1264.049136 -1264.049568 -1264.049980 -1264.050424 -1264.050970 -1264.051716 -1264.052808 -1264.054474 -1264.057079 -1264.061217 -1264.067875 -1264.078735 -1264.096763 -1264.127362 -1264.180729 -1264.276679 -1264.454409 -1264.791866 -1265.443243 -1266.711612 -1269.200514 -1274.183640 -1284.625981 -1308.908339 -9999.0 -9999.0
-9999.0 -9999.0 -516.692596 -655.400961 -851.381832 -1060.555649 -1188.583583 -1239.242725 -1254.324585 -1247.183380 -1176.778008 -1145.139794 -1149.759539 -1165.826845 -1199.299273 -1235.862367 -1249.906791 -1245.075850 -1232.975960 -1221.853168 -1214.867769 -1212.424633 -1213.865990 -1218.226951 -1224.489038 -1231.665931 -1238.854407 -1245.343169 -1250.717802 -1254.867827 -1257.896975 -1260.011221 -1261.435090 -1262.365340 -1262.954766 -1263.314601 -1263.536178 -1263.737929 -1263.991459 -1264.111722 -1266.812142 -1287.064164 -836.557788 -828.645423 -816.834153 -809.667293 -806.325594 -805.869065 -805.826254 -805.842463 -805.869104 -805.897100 -805.923941 -805.948759 -805.971429 -805.994313 -806.041663 -806.324716 -808.139178 -812.371165 -819.590628 -820.014159 -1273.136934 -1266.666070 -1264.600396 -1264.149814 -1264.047888 -1264.030254 -1264.030936 -1264.034743 -1264.038383 -1264.041269 -1264.043445 -1264.045078 -1264.046318 -1264.047277 -1264.048032 -1264.048638 -1264.049136 -1264.049568 -1264.049980 -1264.050424 -1264.050970 -1264.051716 -1264.052808 -1264.054474 -1264.057079 -1264.061217 -1264.067875 -1264.078735 -1264.096763 -1264.127362 -1264.180729 -1264.276679 -1264.454409 -1264.791866 -1265.443243 -1266.711612 -1269.200514 -1274.183640 -1284.625981 -1308.908339 -9999.0 -9999.0
-9999.0 -9999.0 -516.692596 -655.400961 -851.381832 -1060.555649 -1188.583583 -1239.242725 -1254.324585 -1247.183380 -1176.778008 -1145.139794 -1149.759539 -1165.826845 -1199.299273 -1235.862367 -1249.906791 -1245.075850 -1232.975960 -1221.853168 -1214.867769 -1212.424633 -1213.865990 -1218.226951 -1224.489038 -1231.665931 -1238.854407 -1245.343169 -1250.717802 -1254.867827 -1257.896975 -1260.011221 -1261.435090 -1262.365340 -1262.954766 -1263.314601 -1263.536178 -1263.737929 -1263.991459 -1264.111722 -1266.812142 -1287.064164 -836.557788 -828.645423 -816.834153 -809.667293 -806.325594 -805.869065 -805.826254 -805.842463 -805.869104 -805.897100 -805.923941 -805.948759 -805.971429 -805.994313 -806.041663 -806.324716 -808.139178 -812.371165 -819.590628 -820.014159 -1273.136934 -1266.666070 -1264.600396 -1264.149814 -1264.047888 -1264.030254 -1264.030936 -1264.034743 -1264.038383 -1264.041269 -1264.043445 -1264.045078 -1264.046318 -1264.047277 -1264.048032 -1264.048638 -1264.049136 -1264.049568 -1264.049980 -1264.050424 -1264.050970 -1264.051716 -1264.052808 -1264.054474 -1264.057079 -1264.061217 -1264.067875 -1264.078735 -1264.096763 -1264.127362 -1264.180729 -1264.276679 -1264.454409 -1264.791866 -1265.443243 -1266.711612 -1269.200514 -1274.183640 -1284.625981 -1308.908339 -9999.0 -9999.0
-9999.0 -9999.0 -516.692597 -655.400964 -851.381841 -1060.555658 -1188.583587 -1239.242725 -1254.324584 -1247.183379 -1176.778008 -1145.139794 -1149.759539 -1165.826845 -1199.299273 -1235.862367 -1249.906791 -1245.075850 -1232.975960 -1221.853168 -1214.867769 -1212.424633 -1213.865990 -1218.226951 -1224.489038 -1231.665931 -1238.854407 -1245.343169 -1250.717802 -1254.867827 -1257.896975 -1260.011221 -1261.435090 -1262.365340 -1262.954766 -1263.314601 -1263.536178 -1263.737929 -1263.991459 -1264.111722 -1266.812142 -1287.064164 -836.557788 -828.645423 -816.834153 -809.667293 -806.325594 -805.869065 -805.826254 -805.842463 -805.869104 -805.897100 -805.923941 -805.948759 -805.971429 -805.994313 -806.041663 -806.324716 -808.139178 -812.371165 -819.590628 -820.014159 -1273.136934 -1266.666070 -1264.600396 -1264.149814 -1264.047888 -1264.030254 -1264.030936 -1264.034743 -1264.038383 -1264.041269 -1264.043445 -1264.045078 -1264.046318 -1264.047277 -1264.048032 -1264.048638 -1264.049136 -1264.049568 -1264.049980 -1264.050424 -1264.050970 -1264.051716 -1264.052808 -1264.054474 -1264.057079 -1264.061217 -1264.067875 -1264.078735 -1264.096763 -1264.127362 -1264.180729 -1264.276679 -1264.454409 -1264.791866 -1265.443243 -1266.711612 -1269.200514 -1274.183640 -1284.625981 -1308.908339 -9999.0 -9999.0
-9999.0 -9999.0 -516.692600 -655.400967 -851.381849 -1060.555671 -1188.583592 -1239.242725 -1254.324583 -1247.183379 -1176.778008 -1145.139794 -1149.759539 -1165.826845 -1199.299273 -1235.862367 -1249.906791 -1245.075850 -1232.975960 -1221.853168 -1214.867769 -1212.424633 -1213.865990 -1218.226951 -1224.489038 -1231.665931 -1238.854407 -1245.343169 -1250.717802 -1254.867827 -1257.896975 -1260.011221 -1261.435090 -1262.365340 -1262.954766 -1263.314601 -1263.536178 -1263.737929 -1263.991459 -1264.111722 -1266.812142 -1287.064164 -836.557788 -828.645423 -816.834153 -809.667294 -806.325594 -805.869065 -805.826254 -805.842463 -805.869104 -805.897100 -805.923941 -805.948759 -805.971429 -805.994313 -806.041663 -806.324716 -808.139178 -812.371165 -819.590628 -820.014159 -1273.136934 -1266.666070 -1264.600396 -1264.149814 -1264.047888 -1264.030254 -1264.030936 -1264.034743 -1264.038383 -1264.041269 -1264.043445 -1264.045078 -1264.046318 -1264.047277 -1264.048032 -1264.048638 -1264.049136 -1264.049568 -1264.049980 -1264.050424 -1264.050970 -1264.051716 -1264.052808 -1264.054474 -1264.057079 -1264.061217 -1264.067875 -1264.078735 -1264.096763 -1264.127362 -1264.180729 -1264.276679 -1264.454409 -1264.791866 -1265.443243 -1266.711612 -1269.200514 -1274.183640 -1284.625981 -1308.908339 -9999.0 -9999.0
-9999.0 -9999.0 -9999.0 -9999.0 -9999.0 -9999.0 -9999.0 -9999.0 -9999.0 -9999.0 -9999.0 -9999.0 -9999.0 -9999.0 -9999.0 -9999.0 -9999.0 -9999.0 -9999.0 -9999.0 -9999.0 -9999.0 -9999.0 -9999.0 -9999.0 -9999.0 -9999.0 -9999.0 -9999.0 -9999.0 -9999.0 -9999.0 -9999.0 -9999.0 -9999.0 -9999.0 -9999.0 -9999.0 -9999.0 -9999.0 -9999.0 -9999.0 -9999.0 -9999.0 -9999.0 -9999.0 -9999.0 -9999.0 -9999.0 -9999.0 -9999.0 -9999.0 -9999.0 -9999.0 -9999.0 -9999.0 -9999.0 -9999.0 -9999.0 -9999.0 -9999.0 -9999.0 -9999.0 -9999.0 -9999.0 -9999.0 -9999.0 -9999.0 -9999.0 -9999.0 -9999.0 -9999.0 -9999.0 -9999.0 -9999.0 -9999.0 -9999.0 -9999.0 -9999.0 -9999.0 -9999.0 -9999.0 -9999.0 -9999.0 -9999.0 -9999.0 -9999.0 -9999.0 -9999.0 -9999.0 -9999.0 -9999.0 -9999.0 -9999.0 -9999.0 -9999.0 -9999.0 -9999.0 -9999.0 -9999.0 -9999.0 -9999.0 -9999.0 -9999.0
-9999.0 -9999.0 -9999.0 -9999.0 -9999.0 -9999.0 -9999.0 -9999.0 -9999.0 -9999.0 -9999.0 -9999.0 -9999.0 -9999.0 -9999.0 -9999.0 -9999.0 -9999.0 -9999.0 -9999.0 -9999.0 -9999.0 -9999.0 -9999.0 -9999.0 -9999.0 -9999.0 -9999.0 -9999.0 -9999.0 -9999.0 -9999.0 -9999.0 -9999.0 -9999.0 -9999.0 -9999.0 -9999.0 -9999.0 -9999.0 -9999.0 -9999.0 -9999.0 -9999.0 -9999.0 -9999.0 -9999.0 -9999.0 -9999.0 -9999.0 -9999.0 -9999.0 -9999.0 -9999.0 -9999.0 -9999.0 -9999.0 -9999.0 -9999.0 -9999.0 -9999.0 -9999.0 -9999.0 -9999.0 -9999.0 -9999.0 -9999.0 -9999.0 -9999.0 -9999.0 -9999.0 -9999.0 -9999.0 -9999.0 -9999.0 -9999.0 -9999.0 -9999.0 -9999.0 -9999.0 -9999.0 -9999.0 -9999.0 -9999.0 -9999.0 -9999.0 -9999.0 -9999.0 -9999.0 -9999.0 -9999.0 -9999.0 -9999.0 -9999.0 -9999.0 -9999.0 -9999.0 -9999.0 -9999.0 -9999.0 -9999.0 -9999.0 -9999.0 -9999.0