inst/processing_geotop_simulation/geotop_simulation/out/maps3D/PwL0017N0125.asc
ncols         104
nrows         10
xllcorner     -2.000000
yllcorner     0.000000
cellsize      1.000000
NODATA_value  -9999.0
-9999.0 -9999.0 -9999.0 -9999.0 -9999.0 -9999.0 -9999.0 -9999.0 -9999.0 -9999.0 -9999.0 -9999.0 -9999.0 -9999.0 -9999.0 -9999.0 -9999.0 -9999.0 -9999.0 -9999.0 -9999.0 -9999.0 -9999.0 -9999.0 -9999.0 -9999.0 -9999.0 -9999.0 -9999.0 -9999.0 -9999.0 -9999.0 -9999.0 -9999.0 -9999.0 -9999.0 -9999.0 -9999.0 -9999.0 -9999.0 -9999.0 -9999.0 -9999.0 -9999.0 -9999.0 -9999.0 -9999.0 -9999.0 -9999.0 -9999.0 -9999.0 -9999.0 -9999.0 -9999.0 -9999.0 -9999.0 -9999.0 -9999.0 -9999.0 -9999.0 -9999.0 -9999.0 -9999.0 -9999.0 -9999.0 -9999.0 -9999.0 -9999.0 -9999.0 -9999.0 -9999.0 -9999.0 -9999.0 -9999.0 -9999.0 -9999.0 -9999.0 -9999.0 -9999.0 -9999.0 -9999.0 -9999.0 -9999.0 -9999.0 -9999.0 -9999.0 -9999.0 -9999.0 -9999.0 -9999.0 -9999.0 -9999.0 -9999.0 -9999.0 -9999.0 -9999.0 -9999.0 -9999.0 -9999.0 -9999.0 -9999.0 -9999.0 -9999.0 -9999.0
-9999.0 -9999.0 -9999.0 -9999.0 -9999.0 -9999.0 -9999.0 -9999.0 -9999.0 -9999.0 -9999.0 -9999.0 -9999.0 -9999.0 -9999.0 -9999.0 -9999.0 -9999.0 -9999.0 -9999.0 -9999.0 -9999.0 -9999.0 -9999.0 -9999.0 -9999.0 -9999.0 -9999.0 -9999.0 -9999.0 -9999.0 -9999.0 -9999.0 -9999.0 -9999.0 -9999.0 -9999.0 -9999.0 -9999.0 -9999.0 -9999.0 -9999.0 -9999.0 -9999.0 -9999.0 -9999.0 -9999.0 -9999.0 -9999.0 -9999.0 -9999.0 -9999.0 -9999.0 -9999.0 -9999.0 -9999.0 -9999.0 -9999.0 -9999.0 -9999.0 -9999.0 -9999.0 -9999.0 -9999.0 -9999.0 -9999.0 -9999.0 -9999.0 -9999.0 -9999.0 -9999.0 -9999.0 -9999.0 -9999.0 -9999.0 -9999.0 -9999.0 -9999.0 -9999.0 -9999.0 -9999.0 -9999.0 -9999.0 -9999.0 -9999.0 -9999.0 -9999.0 -9999.0 -9999.0 -9999.0 -9999.0 -9999.0 -9999.0 -9999.0 -9999.0 -9999.0 -9999.0 -9999.0 -9999.0 -9999.0 -9999.0 -9999.0 -9999.0 -9999.0
-9999.0 -9999.0 839.383588 747.482248 654.463374 560.347712 465.671703 370.746715 275.736927 180.729912 85.773218 -9.099181 -103.858425 -198.515398 -293.063649 -387.540799 -482.046379 -576.503486 -670.249487 -762.081515 -852.348769 -940.083865 -1017.437162 -1074.898543 -1116.509883 -1144.636254 -1162.660117 -1173.764124 -1180.406248 -1184.287669 -1186.515913 -1187.779432 -1188.492100 -1188.895782 -1189.128147 -1189.268171 -1189.368821 -1189.491195 -1189.834413 -1191.757006 -1204.092638 -1295.187985 -2054.110206 -4120.795103 -4133.662914 -4133.663366 -4133.663366 -4133.663366 -4133.663366 -4133.663366 -4133.663364 -4133.663358 -4133.663347 -4133.663331 -4133.663303 -4133.663242 -4133.663095 -4133.662695 -4133.661500 -4133.656762 -4112.491067 -1931.617951 -1262.529203 -1199.033144 -1190.883115 -1189.844584 -1189.704448 -1189.683295 -1189.680926 -1189.681851 -1189.683154 -1189.684270 -1189.685136 -1189.685794 -1189.686297 -1189.686688 -1189.686997 -1189.687247 -1189.687456 -1189.687640 -1189.687819 -1189.688018 -1189.688266 -1189.688610 -1189.689116 -1189.689894 -1189.691117 -1189.693069 -1189.696235 -1189.701454 -1189.710238 -1189.725405 -1189.752364 -1189.801756 -1189.894838 -1190.074680 -1190.430969 -1191.162072 -1192.749250 -1196.459830 -1205.779056 -1231.471404 -9999.0 -9999.0
-9999.0 -9999.0 839.387785 747.483752 654.463849 560.347864 465.671753 370.746732 275.736933 180.729914 85.773219 -9.099180 -103.858425 -198.515398 -293.063649 -387.540799 -482.046379 -576.503486 -670.249488 -762.081516 -852.348769 -940.083865 -1017.437162 -1074.898543 -1116.509883 -1144.636254 -1162.660117 -1173.764124 -1180.406248 -1184.287669 -1186.515913 -1187.779432 -1188.492100 -1188.895782 -1189.128147 -1189.268171 -1189.368821 -1189.491195 -1189.834413 -1191.757006 -1204.092638 -1295.187984 -2054.110206 -4120.795103 -4133.662914 -4133.663366 -4133.663366 -4133.663366 -4133.663366 -4133.663366 -4133.663364 -4133.663358 -4133.663347 -4133.663331 -4133.663303 -4133.663242 -4133.663095 -4133.662695 -4133.661500 -4133.656762 -4112.491067 -1931.617951 -1262.529203 -1199.033144 -1190.883115 -1189.844584 -1189.704448 -1189.683295 -1189.680926 -1189.681851 -1189.683154 -1189.684270 -1189.685136 -1189.685794 -1189.686297 -1189.686688 -1189.686997 -1189.687247 -1189.687456 -1189.687640 -1189.687819 -1189.688018 -1189.688266 -1189.688610 -1189.689116 -1189.689894 -1189.691117 -1189.693069 -1189.696235 -1189.701454 -1189.710238 -1189.725405 -1189.752364 -1189.801756 -1189.894838 -1190.074680 -1190.430969 -1191.162072 -1192.749250 -1196.459830 -1205.779056 -1231.471404 -9999.0 -9999.0
-9999.0 -9999.0 839.389235 747.484522 654.464170 560.347986 465.671798 370.746748 275.736939 180.729916 85.773220 -9.099180 -103.858425 -198.515399 -293.063649 -387.540799 -482.046379 -576.503486 -670.249488 -762.081516 -852.348769 -940.083865 -1017.437163 -1074.898543 -1116.509884 -1144.636254 -1162.660117 -1173.764124 -1180.406248 -1184.287669 -1186.515913 -1187.779432 -1188.492100 -1188.895782 -1189.128147 -1189.268171 -1189.368821 -1189.491195 -1189.834413 -1191.757006 -1204.092638 -1295.187984 -2054.110206 -4120.795103 -4133.662914 -4133.663366 -4133.663366 -4133.663366 -4133.663366 -4133.663366 -4133.663364 -4133.663358 -4133.663347 -4133.663331 -4133.663303 -4133.663242 -4133.663095 -4133.662695 -4133.661500 -4133.656762 -4112.491067 -1931.617951 -1262.529203 -1199.033144 -1190.883115 -1189.844584 -1189.704448 -1189.683295 -1189.680926 -1189.681851 -1189.683154 -1189.684270 -1189.685136 -1189.685794 -1189.686297 -1189.686688 -1189.686997 -1189.687247 -1189.687456 -1189.687640 -1189.687819 -1189.688018 -1189.688266 -1189.688610 -1189.689116 -1189.689894 -1189.691117 -1189.693069 -1189.696235 -1189.701454 -1189.710238 -1189.725405 -1189.752364 -1189.801756 -1189.894838 -1190.074680 -1190.430969 -1191.162072 -1192.749250 -1196.459830 -1205.779056 -1231.471404 -9999.0 -9999.0
-9999.0 -9999.0 839.389235 747.484522 654.464170 560.347986 465.671798 370.746748 275.736939 180.729916 85.773220 -9.099180 -103.858425 -198.515398 -293.063649 -387.540799 -482.046379 -576.503486 -670.249488 -762.081516 -852.348769 -940.083865 -1017.437163 -1074.898543 -1116.509884 -1144.636254 -1162.660117 -1173.764124 -1180.406248 -1184.287669 -1186.515913 -1187.779432 -1188.492100 -1188.895782 -1189.128147 -1189.268171 -1189.368821 -1189.491195 -1189.834413 -1191.757006 -1204.092638 -1295.187984 -2054.110206 -4120.795103 -4133.662914 -4133.663366 -4133.663366 -4133.663366 -4133.663366 -4133.663366 -4133.663364 -4133.663358 -4133.663347 -4133.663331 -4133.663303 -4133.663242 -4133.663095 -4133.662695 -4133.661500 -4133.656762 -4112.491067 -1931.617951 -1262.529203 -1199.033144 -1190.883115 -1189.844584 -1189.704448 -1189.683295 -1189.680926 -1189.681851 -1189.683154 -1189.684270 -1189.685136 -1189.685794 -1189.686297 -1189.686688 -1189.686997 -1189.687247 -1189.687456 -1189.687640 -1189.687819 -1189.688018 -1189.688266 -1189.688610 -1189.689116 -1189.689894 -1189.691117 -1189.693069 -1189.696235 -1189.701454 -1189.710238 -1189.725405 -1189.752364 -1189.801756 -1189.894838 -1190.074680 -1190.430969 -1191.162072 -1192.749250 -1196.459830 -1205.779056 -1231.471404 -9999.0 -9999.0
-9999.0 -9999.0 839.387785 747.483752 654.463849 560.347864 465.671753 370.746732 275.736933 180.729914 85.773219 -9.099180 -103.858425 -198.515399 -293.063649 -387.540799 -482.046379 -576.503486 -670.249488 -762.081516 -852.348769 -940.083865 -1017.437162 -1074.898543 -1116.509883 -1144.636254 -1162.660117 -1173.764124 -1180.406248 -1184.287669 -1186.515913 -1187.779432 -1188.492100 -1188.895782 -1189.128147 -1189.268171 -1189.368821 -1189.491195 -1189.834413 -1191.757006 -1204.092638 -1295.187984 -2054.110206 -4120.795103 -4133.662914 -4133.663366 -4133.663366 -4133.663366 -4133.663366 -4133.663366 -4133.663364 -4133.663358 -4133.663347 -4133.663331 -4133.663303 -4133.663242 -4133.663095 -4133.662695 -4133.661500 -4133.656762 -4112.491067 -1931.617951 -1262.529203 -1199.033144 -1190.883115 -1189.844584 -1189.704448 -1189.683295 -1189.680926 -1189.681851 -1189.683154 -1189.684270 -1189.685136 -1189.685794 -1189.686297 -1189.686688 -1189.686997 -1189.687247 -1189.687456 -1189.687640 -1189.687819 -1189.688018 -1189.688266 -1189.688610 -1189.689116 -1189.689894 -1189.691117 -1189.693069 -1189.696235 -1189.701454 -1189.710238 -1189.725405 -1189.752364 -1189.801756 -1189.894838 -1190.074680 -1190.430969 -1191.162072 -1192.749250 -1196.459830 -1205.779056 -1231.471404 -9999.0 -9999.0
-9999.0 -9999.0 839.383588 747.482249 654.463374 560.347712 465.671703 370.746715 275.736927 180.729912 85.773218 -9.099181 -103.858425 -198.515398 -293.063649 -387.540799 -482.046379 -576.503486 -670.249488 -762.081515 -852.348769 -940.083865 -1017.437162 -1074.898543 -1116.509883 -1144.636254 -1162.660117 -1173.764124 -1180.406248 -1184.287669 -1186.515913 -1187.779432 -1188.492100 -1188.895782 -1189.128147 -1189.268171 -1189.368821 -1189.491195 -1189.834413 -1191.757006 -1204.092638 -1295.187985 -2054.110206 -4120.795103 -4133.662914 -4133.663366 -4133.663366 -4133.663366 -4133.663366 -4133.663366 -4133.663364 -4133.663358 -4133.663347 -4133.663331 -4133.663303 -4133.663242 -4133.663095 -4133.662695 -4133.661500 -4133.656762 -4112.491067 -1931.617951 -1262.529203 -1199.033144 -1190.883115 -1189.844584 -1189.704448 -1189.683295 -1189.680926 -1189.681851 -1189.683154 -1189.684270 -1189.685136 -1189.685794 -1189.686297 -1189.686688 -1189.686997 -1189.687247 -1189.687456 -1189.687640 -1189.687819 -1189.688018 -1189.688266 -1189.688610 -1189.689116 -1189.689894 -1189.691117 -1189.693069 -1189.696235 -1189.701454 -1189.710238 -1189.725405 -1189.752364 -1189.801756 -1189.894838 -1190.074680 -1190.430969 -1191.162072 -1192.749250 -1196.459830 -1205.779056 -1231.471404 -9999.0 -9999.0
-9999.0 -9999.0 -9999.0 -9999.0 -9999.0 -9999.0 -9999.0 -9999.0 -9999.0 -9999.0 -9999.0 -9999.0 -9999.0 -9999.0 -9999.0 -9999.0 -9999.0 -9999.0 -9999.0 -9999.0 -9999.0 -9999.0 -9999.0 -9999.0 -9999.0 -9999.0 -9999.0 -9999.0 -9999.0 -9999.0 -9999.0 -9999.0 -9999.0 -9999.0 -9999.0 -9999.0 -9999.0 -9999.0 -9999.0 -9999.0 -9999.0 -9999.0 -9999.0 -9999.0 -9999.0 -9999.0 -9999.0 -9999.0 -9999.0 -9999.0 -9999.0 -9999.0 -9999.0 -9999.0 -9999.0 -9999.0 -9999.0 -9999.0 -9999.0 -9999.0 -9999.0 -9999.0 -9999.0 -9999.0 -9999.0 -9999.0 -9999.0 -9999.0 -9999.0 -9999.0 -9999.0 -9999.0 -9999.0 -9999.0 -9999.0 -9999.0 -9999.0 -9999.0 -9999.0 -9999.0 -9999.0 -9999.0 -9999.0 -9999.0 -9999.0 -9999.0 -9999.0 -9999.0 -9999.0 -9999.0 -9999.0 -9999.0 -9999.0 -9999.0 -9999.0 -9999.0 -9999.0 -9999.0 -9999.0 -9999.0 -9999.0 -9999.0 -9999.0 -9999.0
-9999.0 -9999.0 -9999.0 -9999.0 -9999.0 -9999.0 -9999.0 -9999.0 -9999.0 -9999.0 -9999.0 -9999.0 -9999.0 -9999.0 -9999.0 -9999.0 -9999.0 -9999.0 -9999.0 -9999.0 -9999.0 -9999.0 -9999.0 -9999.0 -9999.0 -9999.0 -9999.0 -9999.0 -9999.0 -9999.0 -9999.0 -9999.0 -9999.0 -9999.0 -9999.0 -9999.0 -9999.0 -9999.0 -9999.0 -9999.0 -9999.0 -9999.0 -9999.0 -9999.0 -9999.0 -9999.0 -9999.0 -9999.0 -9999.0 -9999.0 -9999.0 -9999.0 -9999.0 -9999.0 -9999.0 -9999.0 -9999.0 -9999.0 -9999.0 -9999.0 -9999.0 -9999.0 -9999.0 -9999.0 -9999.0 -9999.0 -9999.0 -9999.0 -9999.0 -9999.0 -9999.0 -9999.0 -9999.0 -9999.0 -9999.0 -9999.0 -9999.0 -9999.0 -9999.0 -9999.0 -9999.0 -9999.0 -9999.0 -9999.0 -9999.0 -9999.0 -9999.0 -9999.0 -9999.0 -9999.0 -9999.0 -9999.0 -9999.0 -9999.0 -9999.0 -9999.0 -9999.0 -9999.0 -9999.0 -9999.0 -9999.0 -9999.0 -9999.0 -9999.0