inst/processing_geotop_simulation/geotop_simulation/out/maps3D/PwL0008N0011.asc
ncols         104
nrows         10
xllcorner     -2.000000
yllcorner     0.000000
cellsize      1.000000
NODATA_value  -9999.0
-9999.0 -9999.0 -9999.0 -9999.0 -9999.0 -9999.0 -9999.0 -9999.0 -9999.0 -9999.0 -9999.0 -9999.0 -9999.0 -9999.0 -9999.0 -9999.0 -9999.0 -9999.0 -9999.0 -9999.0 -9999.0 -9999.0 -9999.0 -9999.0 -9999.0 -9999.0 -9999.0 -9999.0 -9999.0 -9999.0 -9999.0 -9999.0 -9999.0 -9999.0 -9999.0 -9999.0 -9999.0 -9999.0 -9999.0 -9999.0 -9999.0 -9999.0 -9999.0 -9999.0 -9999.0 -9999.0 -9999.0 -9999.0 -9999.0 -9999.0 -9999.0 -9999.0 -9999.0 -9999.0 -9999.0 -9999.0 -9999.0 -9999.0 -9999.0 -9999.0 -9999.0 -9999.0 -9999.0 -9999.0 -9999.0 -9999.0 -9999.0 -9999.0 -9999.0 -9999.0 -9999.0 -9999.0 -9999.0 -9999.0 -9999.0 -9999.0 -9999.0 -9999.0 -9999.0 -9999.0 -9999.0 -9999.0 -9999.0 -9999.0 -9999.0 -9999.0 -9999.0 -9999.0 -9999.0 -9999.0 -9999.0 -9999.0 -9999.0 -9999.0 -9999.0 -9999.0 -9999.0 -9999.0 -9999.0 -9999.0 -9999.0 -9999.0 -9999.0 -9999.0
-9999.0 -9999.0 -9999.0 -9999.0 -9999.0 -9999.0 -9999.0 -9999.0 -9999.0 -9999.0 -9999.0 -9999.0 -9999.0 -9999.0 -9999.0 -9999.0 -9999.0 -9999.0 -9999.0 -9999.0 -9999.0 -9999.0 -9999.0 -9999.0 -9999.0 -9999.0 -9999.0 -9999.0 -9999.0 -9999.0 -9999.0 -9999.0 -9999.0 -9999.0 -9999.0 -9999.0 -9999.0 -9999.0 -9999.0 -9999.0 -9999.0 -9999.0 -9999.0 -9999.0 -9999.0 -9999.0 -9999.0 -9999.0 -9999.0 -9999.0 -9999.0 -9999.0 -9999.0 -9999.0 -9999.0 -9999.0 -9999.0 -9999.0 -9999.0 -9999.0 -9999.0 -9999.0 -9999.0 -9999.0 -9999.0 -9999.0 -9999.0 -9999.0 -9999.0 -9999.0 -9999.0 -9999.0 -9999.0 -9999.0 -9999.0 -9999.0 -9999.0 -9999.0 -9999.0 -9999.0 -9999.0 -9999.0 -9999.0 -9999.0 -9999.0 -9999.0 -9999.0 -9999.0 -9999.0 -9999.0 -9999.0 -9999.0 -9999.0 -9999.0 -9999.0 -9999.0 -9999.0 -9999.0 -9999.0 -9999.0 -9999.0 -9999.0 -9999.0 -9999.0
-9999.0 -9999.0 376.865693 287.876878 200.861842 113.034704 21.806849 -72.772058 -163.998956 -228.328751 -320.365917 -365.763233 -386.085077 -395.127536 -300.369008 -166.609272 -22.395542 140.588788 210.674485 168.123079 120.266056 67.228228 13.100990 -41.023026 -94.102878 -144.730156 -185.121648 -215.554102 -238.513056 -255.410452 -268.345363 -278.753323 -287.008686 -293.914736 -299.941115 -305.288081 -309.896767 -312.761338 -312.734713 -307.088751 -289.552975 -256.830162 -3534.879751 -4579.198761 -4579.207921 -4579.207921 -4579.207921 -4579.207921 -4579.207921 -4579.207921 -4579.207921 -4579.207921 -4579.207921 -4579.207921 -4579.207921 -4579.207921 -4579.207921 -4579.207921 -4579.207921 -4579.207921 -4579.193965 -3423.487188 332.180447 250.116647 170.600396 91.785255 13.527060 -62.408681 -132.606060 -192.961220 -240.114960 -274.107880 -297.406772 -312.878582 -323.076144 -329.966942 -334.942794 -338.355530 -340.912963 -342.937191 -344.821547 -346.417138 -347.754494 -348.941274 -350.112445 -351.365752 -352.470984 -353.475374 -354.741289 -356.168678 -357.876405 -360.305487 -363.796503 -369.034577 -376.989882 -389.055251 -407.240329 -434.051921 -474.673248 -542.349908 -660.301834 -862.149809 -9999.0 -9999.0
-9999.0 -9999.0 376.946318 287.905092 200.871767 113.038466 21.808344 -72.771468 -163.998746 -228.328690 -320.365894 -365.763227 -386.085075 -395.127534 -300.369007 -166.609272 -22.395542 140.588788 210.674485 168.123080 120.266056 67.228228 13.100990 -41.023026 -94.102878 -144.730156 -185.121648 -215.554102 -238.513055 -255.410452 -268.345363 -278.753323 -287.008686 -293.914735 -299.941115 -305.288080 -309.896767 -312.761338 -312.734713 -307.088751 -289.552973 -256.830163 -3534.879750 -4579.198761 -4579.207921 -4579.207921 -4579.207921 -4579.207921 -4579.207921 -4579.207921 -4579.207921 -4579.207921 -4579.207921 -4579.207921 -4579.207921 -4579.207921 -4579.207921 -4579.207921 -4579.207921 -4579.207921 -4579.193965 -3423.487188 332.180447 250.116647 170.600396 91.785255 13.527060 -62.408681 -132.606060 -192.961220 -240.114960 -274.107880 -297.406772 -312.878582 -323.076144 -329.966942 -334.942794 -338.355530 -340.912963 -342.937191 -344.821547 -346.417138 -347.754494 -348.941274 -350.112445 -351.365752 -352.470984 -353.475374 -354.741289 -356.168678 -357.876405 -360.305487 -363.796503 -369.034577 -376.989882 -389.055251 -407.240329 -434.051921 -474.673248 -542.349908 -660.301833 -862.149810 -9999.0 -9999.0
-9999.0 -9999.0 376.971004 287.919981 200.878860 113.041620 21.809705 -72.770907 -163.998543 -228.328629 -320.365872 -365.763221 -386.085073 -395.127532 -300.369007 -166.609272 -22.395542 140.588788 210.674485 168.123080 120.266056 67.228228 13.100990 -41.023026 -94.102878 -144.730156 -185.121648 -215.554102 -238.513055 -255.410452 -268.345363 -278.753323 -287.008685 -293.914735 -299.941114 -305.288080 -309.896767 -312.761338 -312.734713 -307.088751 -289.552973 -256.830162 -3534.879750 -4579.198761 -4579.207921 -4579.207921 -4579.207921 -4579.207921 -4579.207921 -4579.207921 -4579.207921 -4579.207921 -4579.207921 -4579.207921 -4579.207921 -4579.207921 -4579.207921 -4579.207921 -4579.207921 -4579.207921 -4579.193965 -3423.487188 332.180447 250.116647 170.600396 91.785255 13.527060 -62.408681 -132.606060 -192.961220 -240.114960 -274.107880 -297.406772 -312.878582 -323.076144 -329.966942 -334.942794 -338.355530 -340.912963 -342.937191 -344.821547 -346.417138 -347.754494 -348.941274 -350.112445 -351.365752 -352.470984 -353.475374 -354.741289 -356.168678 -357.876405 -360.305487 -363.796503 -369.034577 -376.989882 -389.055251 -407.240329 -434.051921 -474.673248 -542.349908 -660.301833 -862.149809 -9999.0 -9999.0
-9999.0 -9999.0 376.971004 287.919981 200.878860 113.041620 21.809705 -72.770907 -163.998543 -228.328629 -320.365872 -365.763221 -386.085073 -395.127532 -300.369007 -166.609272 -22.395542 140.588788 210.674485 168.123080 120.266056 67.228228 13.100990 -41.023026 -94.102878 -144.730156 -185.121648 -215.554102 -238.513055 -255.410452 -268.345363 -278.753323 -287.008685 -293.914735 -299.941114 -305.288080 -309.896767 -312.761338 -312.734713 -307.088751 -289.552973 -256.830162 -3534.879750 -4579.198761 -4579.207921 -4579.207921 -4579.207921 -4579.207921 -4579.207921 -4579.207921 -4579.207921 -4579.207921 -4579.207921 -4579.207921 -4579.207921 -4579.207921 -4579.207921 -4579.207921 -4579.207921 -4579.207921 -4579.193965 -3423.487188 332.180447 250.116647 170.600396 91.785255 13.527060 -62.408681 -132.606060 -192.961220 -240.114960 -274.107880 -297.406772 -312.878582 -323.076144 -329.966942 -334.942794 -338.355530 -340.912963 -342.937191 -344.821547 -346.417138 -347.754494 -348.941274 -350.112445 -351.365752 -352.470984 -353.475374 -354.741289 -356.168678 -357.876405 -360.305487 -363.796503 -369.034577 -376.989882 -389.055251 -407.240329 -434.051921 -474.673248 -542.349908 -660.301833 -862.149809 -9999.0 -9999.0
-9999.0 -9999.0 376.946318 287.905092 200.871767 113.038466 21.808344 -72.771468 -163.998746 -228.328690 -320.365894 -365.763227 -386.085075 -395.127534 -300.369007 -166.609272 -22.395542 140.588788 210.674485 168.123080 120.266056 67.228228 13.100990 -41.023026 -94.102878 -144.730156 -185.121648 -215.554102 -238.513055 -255.410452 -268.345363 -278.753323 -287.008686 -293.914735 -299.941115 -305.288080 -309.896767 -312.761338 -312.734713 -307.088751 -289.552973 -256.830163 -3534.879750 -4579.198761 -4579.207921 -4579.207921 -4579.207921 -4579.207921 -4579.207921 -4579.207921 -4579.207921 -4579.207921 -4579.207921 -4579.207921 -4579.207921 -4579.207921 -4579.207921 -4579.207921 -4579.207921 -4579.207921 -4579.193965 -3423.487188 332.180447 250.116647 170.600396 91.785255 13.527060 -62.408681 -132.606060 -192.961220 -240.114960 -274.107880 -297.406772 -312.878582 -323.076144 -329.966942 -334.942794 -338.355530 -340.912963 -342.937191 -344.821547 -346.417138 -347.754494 -348.941274 -350.112445 -351.365752 -352.470984 -353.475374 -354.741289 -356.168678 -357.876405 -360.305487 -363.796503 -369.034577 -376.989882 -389.055251 -407.240329 -434.051921 -474.673248 -542.349908 -660.301833 -862.149809 -9999.0 -9999.0
-9999.0 -9999.0 376.865693 287.876878 200.861842 113.034704 21.806849 -72.772058 -163.998956 -228.328751 -320.365917 -365.763233 -386.085077 -395.127536 -300.369008 -166.609272 -22.395542 140.588788 210.674485 168.123079 120.266056 67.228228 13.100990 -41.023026 -94.102878 -144.730156 -185.121648 -215.554102 -238.513056 -255.410452 -268.345363 -278.753323 -287.008686 -293.914736 -299.941115 -305.288081 -309.896767 -312.761338 -312.734713 -307.088751 -289.552975 -256.830162 -3534.879751 -4579.198761 -4579.207921 -4579.207921 -4579.207921 -4579.207921 -4579.207921 -4579.207921 -4579.207921 -4579.207921 -4579.207921 -4579.207921 -4579.207921 -4579.207921 -4579.207921 -4579.207921 -4579.207921 -4579.207921 -4579.193965 -3423.487188 332.180447 250.116647 170.600396 91.785255 13.527060 -62.408681 -132.606060 -192.961220 -240.114960 -274.107880 -297.406772 -312.878582 -323.076144 -329.966942 -334.942794 -338.355530 -340.912963 -342.937191 -344.821547 -346.417138 -347.754494 -348.941274 -350.112445 -351.365752 -352.470984 -353.475374 -354.741289 -356.168678 -357.876405 -360.305487 -363.796503 -369.034577 -376.989882 -389.055251 -407.240329 -434.051921 -474.673248 -542.349908 -660.301833 -862.149810 -9999.0 -9999.0
-9999.0 -9999.0 -9999.0 -9999.0 -9999.0 -9999.0 -9999.0 -9999.0 -9999.0 -9999.0 -9999.0 -9999.0 -9999.0 -9999.0 -9999.0 -9999.0 -9999.0 -9999.0 -9999.0 -9999.0 -9999.0 -9999.0 -9999.0 -9999.0 -9999.0 -9999.0 -9999.0 -9999.0 -9999.0 -9999.0 -9999.0 -9999.0 -9999.0 -9999.0 -9999.0 -9999.0 -9999.0 -9999.0 -9999.0 -9999.0 -9999.0 -9999.0 -9999.0 -9999.0 -9999.0 -9999.0 -9999.0 -9999.0 -9999.0 -9999.0 -9999.0 -9999.0 -9999.0 -9999.0 -9999.0 -9999.0 -9999.0 -9999.0 -9999.0 -9999.0 -9999.0 -9999.0 -9999.0 -9999.0 -9999.0 -9999.0 -9999.0 -9999.0 -9999.0 -9999.0 -9999.0 -9999.0 -9999.0 -9999.0 -9999.0 -9999.0 -9999.0 -9999.0 -9999.0 -9999.0 -9999.0 -9999.0 -9999.0 -9999.0 -9999.0 -9999.0 -9999.0 -9999.0 -9999.0 -9999.0 -9999.0 -9999.0 -9999.0 -9999.0 -9999.0 -9999.0 -9999.0 -9999.0 -9999.0 -9999.0 -9999.0 -9999.0 -9999.0 -9999.0
-9999.0 -9999.0 -9999.0 -9999.0 -9999.0 -9999.0 -9999.0 -9999.0 -9999.0 -9999.0 -9999.0 -9999.0 -9999.0 -9999.0 -9999.0 -9999.0 -9999.0 -9999.0 -9999.0 -9999.0 -9999.0 -9999.0 -9999.0 -9999.0 -9999.0 -9999.0 -9999.0 -9999.0 -9999.0 -9999.0 -9999.0 -9999.0 -9999.0 -9999.0 -9999.0 -9999.0 -9999.0 -9999.0 -9999.0 -9999.0 -9999.0 -9999.0 -9999.0 -9999.0 -9999.0 -9999.0 -9999.0 -9999.0 -9999.0 -9999.0 -9999.0 -9999.0 -9999.0 -9999.0 -9999.0 -9999.0 -9999.0 -9999.0 -9999.0 -9999.0 -9999.0 -9999.0 -9999.0 -9999.0 -9999.0 -9999.0 -9999.0 -9999.0 -9999.0 -9999.0 -9999.0 -9999.0 -9999.0 -9999.0 -9999.0 -9999.0 -9999.0 -9999.0 -9999.0 -9999.0 -9999.0 -9999.0 -9999.0 -9999.0 -9999.0 -9999.0 -9999.0 -9999.0 -9999.0 -9999.0 -9999.0 -9999.0 -9999.0 -9999.0 -9999.0 -9999.0 -9999.0 -9999.0 -9999.0 -9999.0 -9999.0 -9999.0 -9999.0 -9999.0