inst/processing_geotop_simulation/geotop_simulation/out/maps3D/PwL0002N0424.asc
ncols         104
nrows         10
xllcorner     -2.000000
yllcorner     0.000000
cellsize      1.000000
NODATA_value  -9999.0
-9999.0 -9999.0 -9999.0 -9999.0 -9999.0 -9999.0 -9999.0 -9999.0 -9999.0 -9999.0 -9999.0 -9999.0 -9999.0 -9999.0 -9999.0 -9999.0 -9999.0 -9999.0 -9999.0 -9999.0 -9999.0 -9999.0 -9999.0 -9999.0 -9999.0 -9999.0 -9999.0 -9999.0 -9999.0 -9999.0 -9999.0 -9999.0 -9999.0 -9999.0 -9999.0 -9999.0 -9999.0 -9999.0 -9999.0 -9999.0 -9999.0 -9999.0 -9999.0 -9999.0 -9999.0 -9999.0 -9999.0 -9999.0 -9999.0 -9999.0 -9999.0 -9999.0 -9999.0 -9999.0 -9999.0 -9999.0 -9999.0 -9999.0 -9999.0 -9999.0 -9999.0 -9999.0 -9999.0 -9999.0 -9999.0 -9999.0 -9999.0 -9999.0 -9999.0 -9999.0 -9999.0 -9999.0 -9999.0 -9999.0 -9999.0 -9999.0 -9999.0 -9999.0 -9999.0 -9999.0 -9999.0 -9999.0 -9999.0 -9999.0 -9999.0 -9999.0 -9999.0 -9999.0 -9999.0 -9999.0 -9999.0 -9999.0 -9999.0 -9999.0 -9999.0 -9999.0 -9999.0 -9999.0 -9999.0 -9999.0 -9999.0 -9999.0 -9999.0 -9999.0
-9999.0 -9999.0 -9999.0 -9999.0 -9999.0 -9999.0 -9999.0 -9999.0 -9999.0 -9999.0 -9999.0 -9999.0 -9999.0 -9999.0 -9999.0 -9999.0 -9999.0 -9999.0 -9999.0 -9999.0 -9999.0 -9999.0 -9999.0 -9999.0 -9999.0 -9999.0 -9999.0 -9999.0 -9999.0 -9999.0 -9999.0 -9999.0 -9999.0 -9999.0 -9999.0 -9999.0 -9999.0 -9999.0 -9999.0 -9999.0 -9999.0 -9999.0 -9999.0 -9999.0 -9999.0 -9999.0 -9999.0 -9999.0 -9999.0 -9999.0 -9999.0 -9999.0 -9999.0 -9999.0 -9999.0 -9999.0 -9999.0 -9999.0 -9999.0 -9999.0 -9999.0 -9999.0 -9999.0 -9999.0 -9999.0 -9999.0 -9999.0 -9999.0 -9999.0 -9999.0 -9999.0 -9999.0 -9999.0 -9999.0 -9999.0 -9999.0 -9999.0 -9999.0 -9999.0 -9999.0 -9999.0 -9999.0 -9999.0 -9999.0 -9999.0 -9999.0 -9999.0 -9999.0 -9999.0 -9999.0 -9999.0 -9999.0 -9999.0 -9999.0 -9999.0 -9999.0 -9999.0 -9999.0 -9999.0 -9999.0 -9999.0 -9999.0 -9999.0 -9999.0
-9999.0 -9999.0 75.609155 -22.191539 -121.136209 -220.354390 -319.672877 -419.027883 -518.386772 -617.726173 -717.004654 -816.206310 -915.306981 -1014.277397 -1113.212893 -1212.085660 -1310.668186 -1408.773341 -1506.043551 -1601.767308 -1694.563354 -1782.013803 -1860.928737 -1928.532007 -1983.561560 -2026.436558 -2058.703573 -2082.352682 -2099.338994 -2111.349850 -2119.737976 -2125.538377 -2129.517859 -2132.231265 -2134.073398 -2135.324275 -2136.194426 -2136.904451 -2137.905949 -2140.157912 -2140.342455 -2070.617780 -1265.680066 -1263.241915 -1253.028270 -1246.249689 -1243.058053 -1242.550868 -1242.495099 -1242.499701 -1242.512991 -1242.527353 -1242.541167 -1242.553967 -1242.565906 -1242.580297 -1242.627516 -1242.936719 -1244.655968 -1248.434442 -1253.378700 -1248.409091 -2046.116780 -2134.574111 -2138.754578 -2138.220083 -2138.010475 -2137.966879 -2137.959643 -2137.958920 -2137.959233 -2137.959636 -2137.959976 -2137.960243 -2137.960451 -2137.960617 -2137.960751 -2137.960862 -2137.960959 -2137.961047 -2137.961136 -2137.961234 -2137.961356 -2137.961521 -2137.961759 -2137.962119 -2137.962678 -2137.963569 -2137.965019 -2137.967433 -2137.971555 -2137.978802 -2137.991942 -2138.016504 -2138.063798 -2138.157760 -2138.351839 -2138.774350 -2139.760728 -2142.282452 -2149.545711 -2173.795270 -9999.0 -9999.0
-9999.0 -9999.0 75.619423 -22.189705 -121.135751 -220.354256 -319.672834 -419.027868 -518.386767 -617.726171 -717.004653 -816.206309 -915.306981 -1014.277397 -1113.212893 -1212.085660 -1310.668187 -1408.773341 -1506.043551 -1601.767309 -1694.563354 -1782.013803 -1860.928737 -1928.532007 -1983.561560 -2026.436558 -2058.703573 -2082.352682 -2099.338994 -2111.349850 -2119.737976 -2125.538377 -2129.517859 -2132.231265 -2134.073398 -2135.324275 -2136.194426 -2136.904450 -2137.905949 -2140.157912 -2140.342455 -2070.617780 -1265.680066 -1263.241915 -1253.028270 -1246.249689 -1243.058053 -1242.550868 -1242.495099 -1242.499701 -1242.512991 -1242.527353 -1242.541167 -1242.553967 -1242.565906 -1242.580297 -1242.627516 -1242.936719 -1244.655968 -1248.434442 -1253.378700 -1248.409091 -2046.116780 -2134.574111 -2138.754578 -2138.220083 -2138.010475 -2137.966879 -2137.959643 -2137.958920 -2137.959233 -2137.959636 -2137.959976 -2137.960243 -2137.960451 -2137.960617 -2137.960751 -2137.960862 -2137.960959 -2137.961047 -2137.961136 -2137.961234 -2137.961356 -2137.961521 -2137.961759 -2137.962119 -2137.962678 -2137.963569 -2137.965019 -2137.967433 -2137.971555 -2137.978802 -2137.991942 -2138.016504 -2138.063797 -2138.157760 -2138.351839 -2138.774350 -2139.760728 -2142.282452 -2149.545711 -2173.795270 -9999.0 -9999.0
-9999.0 -9999.0 75.620538 -22.188968 -121.135461 -220.354151 -319.672797 -419.027855 -518.386762 -617.726169 -717.004653 -816.206309 -915.306981 -1014.277397 -1113.212893 -1212.085660 -1310.668187 -1408.773341 -1506.043552 -1601.767309 -1694.563354 -1782.013803 -1860.928737 -1928.532007 -1983.561560 -2026.436558 -2058.703573 -2082.352682 -2099.338994 -2111.349850 -2119.737976 -2125.538377 -2129.517859 -2132.231265 -2134.073398 -2135.324275 -2136.194426 -2136.904450 -2137.905949 -2140.157912 -2140.342455 -2070.617780 -1265.680066 -1263.241915 -1253.028270 -1246.249689 -1243.058053 -1242.550868 -1242.495099 -1242.499701 -1242.512991 -1242.527353 -1242.541167 -1242.553967 -1242.565906 -1242.580297 -1242.627516 -1242.936719 -1244.655968 -1248.434442 -1253.378700 -1248.409091 -2046.116780 -2134.574111 -2138.754578 -2138.220083 -2138.010475 -2137.966879 -2137.959643 -2137.958920 -2137.959233 -2137.959636 -2137.959976 -2137.960243 -2137.960451 -2137.960617 -2137.960751 -2137.960862 -2137.960959 -2137.961047 -2137.961136 -2137.961234 -2137.961356 -2137.961521 -2137.961759 -2137.962119 -2137.962678 -2137.963569 -2137.965019 -2137.967433 -2137.971555 -2137.978802 -2137.991942 -2138.016504 -2138.063797 -2138.157760 -2138.351839 -2138.774350 -2139.760728 -2142.282452 -2149.545711 -2173.795270 -9999.0 -9999.0
-9999.0 -9999.0 75.620538 -22.188968 -121.135461 -220.354151 -319.672797 -419.027855 -518.386762 -617.726169 -717.004652 -816.206309 -915.306981 -1014.277397 -1113.212893 -1212.085660 -1310.668187 -1408.773341 -1506.043552 -1601.767309 -1694.563354 -1782.013803 -1860.928737 -1928.532007 -1983.561560 -2026.436558 -2058.703573 -2082.352682 -2099.338994 -2111.349850 -2119.737976 -2125.538377 -2129.517859 -2132.231265 -2134.073398 -2135.324275 -2136.194426 -2136.904450 -2137.905949 -2140.157912 -2140.342455 -2070.617780 -1265.680066 -1263.241915 -1253.028270 -1246.249689 -1243.058053 -1242.550868 -1242.495099 -1242.499701 -1242.512991 -1242.527353 -1242.541167 -1242.553967 -1242.565906 -1242.580297 -1242.627516 -1242.936719 -1244.655968 -1248.434442 -1253.378700 -1248.409091 -2046.116780 -2134.574111 -2138.754578 -2138.220083 -2138.010475 -2137.966879 -2137.959643 -2137.958920 -2137.959233 -2137.959636 -2137.959976 -2137.960243 -2137.960451 -2137.960617 -2137.960751 -2137.960862 -2137.960959 -2137.961047 -2137.961136 -2137.961234 -2137.961356 -2137.961521 -2137.961759 -2137.962119 -2137.962678 -2137.963569 -2137.965019 -2137.967433 -2137.971555 -2137.978802 -2137.991942 -2138.016504 -2138.063797 -2138.157760 -2138.351839 -2138.774350 -2139.760728 -2142.282452 -2149.545711 -2173.795270 -9999.0 -9999.0
-9999.0 -9999.0 75.619423 -22.189705 -121.135751 -220.354256 -319.672834 -419.027868 -518.386767 -617.726171 -717.004653 -816.206309 -915.306981 -1014.277397 -1113.212893 -1212.085660 -1310.668187 -1408.773341 -1506.043551 -1601.767308 -1694.563354 -1782.013803 -1860.928737 -1928.532007 -1983.561560 -2026.436558 -2058.703573 -2082.352682 -2099.338994 -2111.349850 -2119.737976 -2125.538377 -2129.517859 -2132.231265 -2134.073398 -2135.324275 -2136.194426 -2136.904450 -2137.905949 -2140.157912 -2140.342455 -2070.617780 -1265.680066 -1263.241915 -1253.028270 -1246.249689 -1243.058053 -1242.550868 -1242.495099 -1242.499701 -1242.512991 -1242.527353 -1242.541167 -1242.553967 -1242.565906 -1242.580297 -1242.627516 -1242.936719 -1244.655968 -1248.434442 -1253.378700 -1248.409091 -2046.116780 -2134.574111 -2138.754578 -2138.220083 -2138.010475 -2137.966879 -2137.959643 -2137.958920 -2137.959233 -2137.959636 -2137.959976 -2137.960243 -2137.960451 -2137.960617 -2137.960751 -2137.960862 -2137.960959 -2137.961047 -2137.961136 -2137.961234 -2137.961356 -2137.961521 -2137.961759 -2137.962119 -2137.962678 -2137.963569 -2137.965019 -2137.967433 -2137.971555 -2137.978802 -2137.991942 -2138.016504 -2138.063797 -2138.157760 -2138.351839 -2138.774350 -2139.760728 -2142.282452 -2149.545711 -2173.795270 -9999.0 -9999.0
-9999.0 -9999.0 75.609155 -22.191539 -121.136209 -220.354390 -319.672877 -419.027883 -518.386772 -617.726173 -717.004654 -816.206310 -915.306981 -1014.277398 -1113.212893 -1212.085660 -1310.668186 -1408.773341 -1506.043551 -1601.767308 -1694.563354 -1782.013803 -1860.928737 -1928.532007 -1983.561560 -2026.436558 -2058.703573 -2082.352682 -2099.338994 -2111.349850 -2119.737976 -2125.538377 -2129.517859 -2132.231265 -2134.073398 -2135.324275 -2136.194426 -2136.904451 -2137.905949 -2140.157912 -2140.342455 -2070.617780 -1265.680066 -1263.241915 -1253.028270 -1246.249689 -1243.058053 -1242.550868 -1242.495099 -1242.499701 -1242.512991 -1242.527353 -1242.541167 -1242.553967 -1242.565906 -1242.580297 -1242.627516 -1242.936719 -1244.655968 -1248.434442 -1253.378700 -1248.409091 -2046.116780 -2134.574111 -2138.754578 -2138.220083 -2138.010475 -2137.966879 -2137.959643 -2137.958920 -2137.959233 -2137.959636 -2137.959976 -2137.960243 -2137.960451 -2137.960617 -2137.960751 -2137.960862 -2137.960959 -2137.961047 -2137.961136 -2137.961234 -2137.961356 -2137.961521 -2137.961759 -2137.962119 -2137.962678 -2137.963569 -2137.965019 -2137.967433 -2137.971555 -2137.978802 -2137.991942 -2138.016504 -2138.063798 -2138.157760 -2138.351839 -2138.774350 -2139.760728 -2142.282452 -2149.545711 -2173.795270 -9999.0 -9999.0
-9999.0 -9999.0 -9999.0 -9999.0 -9999.0 -9999.0 -9999.0 -9999.0 -9999.0 -9999.0 -9999.0 -9999.0 -9999.0 -9999.0 -9999.0 -9999.0 -9999.0 -9999.0 -9999.0 -9999.0 -9999.0 -9999.0 -9999.0 -9999.0 -9999.0 -9999.0 -9999.0 -9999.0 -9999.0 -9999.0 -9999.0 -9999.0 -9999.0 -9999.0 -9999.0 -9999.0 -9999.0 -9999.0 -9999.0 -9999.0 -9999.0 -9999.0 -9999.0 -9999.0 -9999.0 -9999.0 -9999.0 -9999.0 -9999.0 -9999.0 -9999.0 -9999.0 -9999.0 -9999.0 -9999.0 -9999.0 -9999.0 -9999.0 -9999.0 -9999.0 -9999.0 -9999.0 -9999.0 -9999.0 -9999.0 -9999.0 -9999.0 -9999.0 -9999.0 -9999.0 -9999.0 -9999.0 -9999.0 -9999.0 -9999.0 -9999.0 -9999.0 -9999.0 -9999.0 -9999.0 -9999.0 -9999.0 -9999.0 -9999.0 -9999.0 -9999.0 -9999.0 -9999.0 -9999.0 -9999.0 -9999.0 -9999.0 -9999.0 -9999.0 -9999.0 -9999.0 -9999.0 -9999.0 -9999.0 -9999.0 -9999.0 -9999.0 -9999.0 -9999.0
-9999.0 -9999.0 -9999.0 -9999.0 -9999.0 -9999.0 -9999.0 -9999.0 -9999.0 -9999.0 -9999.0 -9999.0 -9999.0 -9999.0 -9999.0 -9999.0 -9999.0 -9999.0 -9999.0 -9999.0 -9999.0 -9999.0 -9999.0 -9999.0 -9999.0 -9999.0 -9999.0 -9999.0 -9999.0 -9999.0 -9999.0 -9999.0 -9999.0 -9999.0 -9999.0 -9999.0 -9999.0 -9999.0 -9999.0 -9999.0 -9999.0 -9999.0 -9999.0 -9999.0 -9999.0 -9999.0 -9999.0 -9999.0 -9999.0 -9999.0 -9999.0 -9999.0 -9999.0 -9999.0 -9999.0 -9999.0 -9999.0 -9999.0 -9999.0 -9999.0 -9999.0 -9999.0 -9999.0 -9999.0 -9999.0 -9999.0 -9999.0 -9999.0 -9999.0 -9999.0 -9999.0 -9999.0 -9999.0 -9999.0 -9999.0 -9999.0 -9999.0 -9999.0 -9999.0 -9999.0 -9999.0 -9999.0 -9999.0 -9999.0 -9999.0 -9999.0 -9999.0 -9999.0 -9999.0 -9999.0 -9999.0 -9999.0 -9999.0 -9999.0 -9999.0 -9999.0 -9999.0 -9999.0 -9999.0 -9999.0 -9999.0 -9999.0 -9999.0 -9999.0