inst/processing_geotop_simulation/geotop_simulation/out/maps3D/PwL0019N0191.asc
ncols         104
nrows         10
xllcorner     -2.000000
yllcorner     0.000000
cellsize      1.000000
NODATA_value  -9999.0
-9999.0 -9999.0 -9999.0 -9999.0 -9999.0 -9999.0 -9999.0 -9999.0 -9999.0 -9999.0 -9999.0 -9999.0 -9999.0 -9999.0 -9999.0 -9999.0 -9999.0 -9999.0 -9999.0 -9999.0 -9999.0 -9999.0 -9999.0 -9999.0 -9999.0 -9999.0 -9999.0 -9999.0 -9999.0 -9999.0 -9999.0 -9999.0 -9999.0 -9999.0 -9999.0 -9999.0 -9999.0 -9999.0 -9999.0 -9999.0 -9999.0 -9999.0 -9999.0 -9999.0 -9999.0 -9999.0 -9999.0 -9999.0 -9999.0 -9999.0 -9999.0 -9999.0 -9999.0 -9999.0 -9999.0 -9999.0 -9999.0 -9999.0 -9999.0 -9999.0 -9999.0 -9999.0 -9999.0 -9999.0 -9999.0 -9999.0 -9999.0 -9999.0 -9999.0 -9999.0 -9999.0 -9999.0 -9999.0 -9999.0 -9999.0 -9999.0 -9999.0 -9999.0 -9999.0 -9999.0 -9999.0 -9999.0 -9999.0 -9999.0 -9999.0 -9999.0 -9999.0 -9999.0 -9999.0 -9999.0 -9999.0 -9999.0 -9999.0 -9999.0 -9999.0 -9999.0 -9999.0 -9999.0 -9999.0 -9999.0 -9999.0 -9999.0 -9999.0 -9999.0
-9999.0 -9999.0 -9999.0 -9999.0 -9999.0 -9999.0 -9999.0 -9999.0 -9999.0 -9999.0 -9999.0 -9999.0 -9999.0 -9999.0 -9999.0 -9999.0 -9999.0 -9999.0 -9999.0 -9999.0 -9999.0 -9999.0 -9999.0 -9999.0 -9999.0 -9999.0 -9999.0 -9999.0 -9999.0 -9999.0 -9999.0 -9999.0 -9999.0 -9999.0 -9999.0 -9999.0 -9999.0 -9999.0 -9999.0 -9999.0 -9999.0 -9999.0 -9999.0 -9999.0 -9999.0 -9999.0 -9999.0 -9999.0 -9999.0 -9999.0 -9999.0 -9999.0 -9999.0 -9999.0 -9999.0 -9999.0 -9999.0 -9999.0 -9999.0 -9999.0 -9999.0 -9999.0 -9999.0 -9999.0 -9999.0 -9999.0 -9999.0 -9999.0 -9999.0 -9999.0 -9999.0 -9999.0 -9999.0 -9999.0 -9999.0 -9999.0 -9999.0 -9999.0 -9999.0 -9999.0 -9999.0 -9999.0 -9999.0 -9999.0 -9999.0 -9999.0 -9999.0 -9999.0 -9999.0 -9999.0 -9999.0 -9999.0 -9999.0 -9999.0 -9999.0 -9999.0 -9999.0 -9999.0 -9999.0 -9999.0 -9999.0 -9999.0 -9999.0 -9999.0
-9999.0 -9999.0 928.541675 832.524518 736.139093 639.246691 542.079785 444.788829 347.457038 250.129851 152.831924 55.577227 -41.615346 -138.735812 -235.736369 -332.505322 -428.833597 -524.380773 -618.600836 -711.949497 -805.108850 -896.937644 -987.232222 -1069.041157 -1135.285955 -1189.637338 -1232.290880 -1264.441676 -1287.842965 -1304.383110 -1315.797843 -1323.528396 -1328.689353 -1332.099262 -1334.336936 -1335.802687 -1336.777384 -1337.500550 -1338.427159 -1341.461953 -1355.408393 -1428.899461 -1963.752409 -4008.309953 -4034.651683 -4034.653394 -4034.650435 -4034.613962 -4034.426989 -4033.780766 -4031.948636 -4026.556149 -4017.603136 -4006.157295 -3987.752461 -3954.476209 -3891.315593 -3775.497131 -3587.141785 -3329.128521 -2989.713946 -1649.984028 -1389.873407 -1348.271487 -1340.325857 -1338.968231 -1338.759844 -1338.728881 -1338.724818 -1338.725034 -1338.725844 -1338.726594 -1338.727190 -1338.727649 -1338.728003 -1338.728281 -1338.728502 -1338.728683 -1338.728836 -1338.728972 -1338.729106 -1338.729254 -1338.729438 -1338.729689 -1338.730058 -1338.730621 -1338.731504 -1338.732914 -1338.735205 -1338.739001 -1338.745435 -1338.756636 -1338.776728 -1338.813876 -1338.884568 -1339.022958 -1339.303165 -1339.898132 -1341.244390 -1344.509515 -1353.019694 -1378.014354 -9999.0 -9999.0
-9999.0 -9999.0 928.545133 832.525822 736.139517 639.246829 542.079831 444.788845 347.457044 250.129853 152.831925 55.577227 -41.615346 -138.735812 -235.736369 -332.505322 -428.833597 -524.380773 -618.600836 -711.949497 -805.108850 -896.937645 -987.232222 -1069.041157 -1135.285955 -1189.637338 -1232.290880 -1264.441676 -1287.842965 -1304.383110 -1315.797844 -1323.528396 -1328.689353 -1332.099262 -1334.336936 -1335.802687 -1336.777384 -1337.500550 -1338.427159 -1341.461953 -1355.408393 -1428.899461 -1963.752408 -4008.309953 -4034.651683 -4034.653394 -4034.650435 -4034.613962 -4034.426989 -4033.780766 -4031.948636 -4026.556149 -4017.603136 -4006.157295 -3987.752460 -3954.476209 -3891.315593 -3775.497131 -3587.141784 -3329.128521 -2989.713946 -1649.984029 -1389.873407 -1348.271487 -1340.325857 -1338.968231 -1338.759844 -1338.728881 -1338.724818 -1338.725034 -1338.725844 -1338.726594 -1338.727190 -1338.727649 -1338.728003 -1338.728281 -1338.728502 -1338.728683 -1338.728836 -1338.728972 -1338.729106 -1338.729254 -1338.729438 -1338.729689 -1338.730058 -1338.730621 -1338.731504 -1338.732914 -1338.735205 -1338.739001 -1338.745435 -1338.756636 -1338.776728 -1338.813876 -1338.884568 -1339.022958 -1339.303165 -1339.898132 -1341.244390 -1344.509515 -1353.019694 -1378.014354 -9999.0 -9999.0
-9999.0 -9999.0 928.546430 832.526516 736.139810 639.246941 542.079872 444.788860 347.457050 250.129855 152.831926 55.577228 -41.615346 -138.735812 -235.736369 -332.505322 -428.833597 -524.380773 -618.600836 -711.949498 -805.108850 -896.937645 -987.232222 -1069.041158 -1135.285955 -1189.637338 -1232.290881 -1264.441676 -1287.842965 -1304.383110 -1315.797844 -1323.528396 -1328.689353 -1332.099262 -1334.336936 -1335.802687 -1336.777384 -1337.500550 -1338.427159 -1341.461953 -1355.408393 -1428.899461 -1963.752408 -4008.309953 -4034.651683 -4034.653394 -4034.650435 -4034.613962 -4034.426989 -4033.780766 -4031.948636 -4026.556149 -4017.603136 -4006.157295 -3987.752460 -3954.476209 -3891.315593 -3775.497130 -3587.141784 -3329.128520 -2989.713945 -1649.984028 -1389.873407 -1348.271487 -1340.325857 -1338.968231 -1338.759844 -1338.728881 -1338.724818 -1338.725034 -1338.725844 -1338.726594 -1338.727190 -1338.727649 -1338.728003 -1338.728281 -1338.728502 -1338.728683 -1338.728836 -1338.728972 -1338.729106 -1338.729254 -1338.729438 -1338.729689 -1338.730058 -1338.730621 -1338.731504 -1338.732914 -1338.735205 -1338.739001 -1338.745435 -1338.756636 -1338.776728 -1338.813876 -1338.884568 -1339.022958 -1339.303165 -1339.898132 -1341.244390 -1344.509515 -1353.019694 -1378.014354 -9999.0 -9999.0
-9999.0 -9999.0 928.546430 832.526516 736.139810 639.246941 542.079872 444.788860 347.457049 250.129855 152.831925 55.577228 -41.615346 -138.735812 -235.736369 -332.505322 -428.833597 -524.380773 -618.600836 -711.949498 -805.108850 -896.937645 -987.232222 -1069.041158 -1135.285955 -1189.637338 -1232.290881 -1264.441676 -1287.842965 -1304.383110 -1315.797844 -1323.528396 -1328.689353 -1332.099262 -1334.336936 -1335.802687 -1336.777384 -1337.500550 -1338.427159 -1341.461953 -1355.408393 -1428.899461 -1963.752408 -4008.309953 -4034.651683 -4034.653394 -4034.650435 -4034.613962 -4034.426989 -4033.780766 -4031.948636 -4026.556149 -4017.603136 -4006.157295 -3987.752460 -3954.476209 -3891.315592 -3775.497130 -3587.141784 -3329.128521 -2989.713946 -1649.984028 -1389.873407 -1348.271487 -1340.325857 -1338.968231 -1338.759844 -1338.728881 -1338.724818 -1338.725034 -1338.725844 -1338.726594 -1338.727190 -1338.727649 -1338.728003 -1338.728281 -1338.728502 -1338.728683 -1338.728836 -1338.728972 -1338.729106 -1338.729254 -1338.729438 -1338.729689 -1338.730058 -1338.730621 -1338.731504 -1338.732914 -1338.735205 -1338.739001 -1338.745435 -1338.756636 -1338.776728 -1338.813876 -1338.884568 -1339.022958 -1339.303165 -1339.898132 -1341.244390 -1344.509515 -1353.019694 -1378.014354 -9999.0 -9999.0
-9999.0 -9999.0 928.545133 832.525822 736.139517 639.246829 542.079831 444.788845 347.457044 250.129853 152.831925 55.577227 -41.615346 -138.735812 -235.736369 -332.505322 -428.833597 -524.380773 -618.600836 -711.949498 -805.108850 -896.937645 -987.232222 -1069.041157 -1135.285955 -1189.637338 -1232.290880 -1264.441676 -1287.842965 -1304.383110 -1315.797844 -1323.528396 -1328.689353 -1332.099262 -1334.336936 -1335.802687 -1336.777384 -1337.500550 -1338.427159 -1341.461953 -1355.408393 -1428.899461 -1963.752408 -4008.309953 -4034.651683 -4034.653394 -4034.650435 -4034.613962 -4034.426989 -4033.780766 -4031.948636 -4026.556149 -4017.603136 -4006.157295 -3987.752460 -3954.476209 -3891.315593 -3775.497130 -3587.141785 -3329.128521 -2989.713947 -1649.984028 -1389.873407 -1348.271487 -1340.325857 -1338.968231 -1338.759844 -1338.728881 -1338.724818 -1338.725034 -1338.725844 -1338.726594 -1338.727190 -1338.727649 -1338.728003 -1338.728281 -1338.728502 -1338.728683 -1338.728836 -1338.728972 -1338.729106 -1338.729254 -1338.729438 -1338.729689 -1338.730058 -1338.730621 -1338.731504 -1338.732914 -1338.735205 -1338.739001 -1338.745435 -1338.756636 -1338.776728 -1338.813876 -1338.884568 -1339.022958 -1339.303165 -1339.898132 -1341.244390 -1344.509515 -1353.019694 -1378.014354 -9999.0 -9999.0
-9999.0 -9999.0 928.541675 832.524518 736.139093 639.246691 542.079785 444.788829 347.457038 250.129851 152.831924 55.577227 -41.615346 -138.735812 -235.736369 -332.505322 -428.833597 -524.380773 -618.600836 -711.949497 -805.108850 -896.937644 -987.232222 -1069.041157 -1135.285955 -1189.637338 -1232.290880 -1264.441676 -1287.842965 -1304.383110 -1315.797843 -1323.528396 -1328.689353 -1332.099262 -1334.336936 -1335.802687 -1336.777384 -1337.500550 -1338.427159 -1341.461953 -1355.408393 -1428.899461 -1963.752409 -4008.309953 -4034.651683 -4034.653394 -4034.650435 -4034.613962 -4034.426989 -4033.780766 -4031.948636 -4026.556149 -4017.603136 -4006.157295 -3987.752461 -3954.476209 -3891.315593 -3775.497131 -3587.141785 -3329.128522 -2989.713947 -1649.984029 -1389.873407 -1348.271487 -1340.325857 -1338.968231 -1338.759844 -1338.728881 -1338.724818 -1338.725034 -1338.725844 -1338.726594 -1338.727190 -1338.727649 -1338.728003 -1338.728281 -1338.728502 -1338.728683 -1338.728836 -1338.728972 -1338.729106 -1338.729254 -1338.729438 -1338.729689 -1338.730058 -1338.730621 -1338.731504 -1338.732914 -1338.735205 -1338.739001 -1338.745435 -1338.756636 -1338.776728 -1338.813876 -1338.884568 -1339.022958 -1339.303165 -1339.898132 -1341.244390 -1344.509515 -1353.019694 -1378.014354 -9999.0 -9999.0
-9999.0 -9999.0 -9999.0 -9999.0 -9999.0 -9999.0 -9999.0 -9999.0 -9999.0 -9999.0 -9999.0 -9999.0 -9999.0 -9999.0 -9999.0 -9999.0 -9999.0 -9999.0 -9999.0 -9999.0 -9999.0 -9999.0 -9999.0 -9999.0 -9999.0 -9999.0 -9999.0 -9999.0 -9999.0 -9999.0 -9999.0 -9999.0 -9999.0 -9999.0 -9999.0 -9999.0 -9999.0 -9999.0 -9999.0 -9999.0 -9999.0 -9999.0 -9999.0 -9999.0 -9999.0 -9999.0 -9999.0 -9999.0 -9999.0 -9999.0 -9999.0 -9999.0 -9999.0 -9999.0 -9999.0 -9999.0 -9999.0 -9999.0 -9999.0 -9999.0 -9999.0 -9999.0 -9999.0 -9999.0 -9999.0 -9999.0 -9999.0 -9999.0 -9999.0 -9999.0 -9999.0 -9999.0 -9999.0 -9999.0 -9999.0 -9999.0 -9999.0 -9999.0 -9999.0 -9999.0 -9999.0 -9999.0 -9999.0 -9999.0 -9999.0 -9999.0 -9999.0 -9999.0 -9999.0 -9999.0 -9999.0 -9999.0 -9999.0 -9999.0 -9999.0 -9999.0 -9999.0 -9999.0 -9999.0 -9999.0 -9999.0 -9999.0 -9999.0 -9999.0
-9999.0 -9999.0 -9999.0 -9999.0 -9999.0 -9999.0 -9999.0 -9999.0 -9999.0 -9999.0 -9999.0 -9999.0 -9999.0 -9999.0 -9999.0 -9999.0 -9999.0 -9999.0 -9999.0 -9999.0 -9999.0 -9999.0 -9999.0 -9999.0 -9999.0 -9999.0 -9999.0 -9999.0 -9999.0 -9999.0 -9999.0 -9999.0 -9999.0 -9999.0 -9999.0 -9999.0 -9999.0 -9999.0 -9999.0 -9999.0 -9999.0 -9999.0 -9999.0 -9999.0 -9999.0 -9999.0 -9999.0 -9999.0 -9999.0 -9999.0 -9999.0 -9999.0 -9999.0 -9999.0 -9999.0 -9999.0 -9999.0 -9999.0 -9999.0 -9999.0 -9999.0 -9999.0 -9999.0 -9999.0 -9999.0 -9999.0 -9999.0 -9999.0 -9999.0 -9999.0 -9999.0 -9999.0 -9999.0 -9999.0 -9999.0 -9999.0 -9999.0 -9999.0 -9999.0 -9999.0 -9999.0 -9999.0 -9999.0 -9999.0 -9999.0 -9999.0 -9999.0 -9999.0 -9999.0 -9999.0 -9999.0 -9999.0 -9999.0 -9999.0 -9999.0 -9999.0 -9999.0 -9999.0 -9999.0 -9999.0 -9999.0 -9999.0 -9999.0 -9999.0