inst/processing_geotop_simulation/geotop_simulation/out/maps3D/PwL0001N0441.asc
ncols         104
nrows         10
xllcorner     -2.000000
yllcorner     0.000000
cellsize      1.000000
NODATA_value  -9999.0
-9999.0 -9999.0 -9999.0 -9999.0 -9999.0 -9999.0 -9999.0 -9999.0 -9999.0 -9999.0 -9999.0 -9999.0 -9999.0 -9999.0 -9999.0 -9999.0 -9999.0 -9999.0 -9999.0 -9999.0 -9999.0 -9999.0 -9999.0 -9999.0 -9999.0 -9999.0 -9999.0 -9999.0 -9999.0 -9999.0 -9999.0 -9999.0 -9999.0 -9999.0 -9999.0 -9999.0 -9999.0 -9999.0 -9999.0 -9999.0 -9999.0 -9999.0 -9999.0 -9999.0 -9999.0 -9999.0 -9999.0 -9999.0 -9999.0 -9999.0 -9999.0 -9999.0 -9999.0 -9999.0 -9999.0 -9999.0 -9999.0 -9999.0 -9999.0 -9999.0 -9999.0 -9999.0 -9999.0 -9999.0 -9999.0 -9999.0 -9999.0 -9999.0 -9999.0 -9999.0 -9999.0 -9999.0 -9999.0 -9999.0 -9999.0 -9999.0 -9999.0 -9999.0 -9999.0 -9999.0 -9999.0 -9999.0 -9999.0 -9999.0 -9999.0 -9999.0 -9999.0 -9999.0 -9999.0 -9999.0 -9999.0 -9999.0 -9999.0 -9999.0 -9999.0 -9999.0 -9999.0 -9999.0 -9999.0 -9999.0 -9999.0 -9999.0 -9999.0 -9999.0
-9999.0 -9999.0 -9999.0 -9999.0 -9999.0 -9999.0 -9999.0 -9999.0 -9999.0 -9999.0 -9999.0 -9999.0 -9999.0 -9999.0 -9999.0 -9999.0 -9999.0 -9999.0 -9999.0 -9999.0 -9999.0 -9999.0 -9999.0 -9999.0 -9999.0 -9999.0 -9999.0 -9999.0 -9999.0 -9999.0 -9999.0 -9999.0 -9999.0 -9999.0 -9999.0 -9999.0 -9999.0 -9999.0 -9999.0 -9999.0 -9999.0 -9999.0 -9999.0 -9999.0 -9999.0 -9999.0 -9999.0 -9999.0 -9999.0 -9999.0 -9999.0 -9999.0 -9999.0 -9999.0 -9999.0 -9999.0 -9999.0 -9999.0 -9999.0 -9999.0 -9999.0 -9999.0 -9999.0 -9999.0 -9999.0 -9999.0 -9999.0 -9999.0 -9999.0 -9999.0 -9999.0 -9999.0 -9999.0 -9999.0 -9999.0 -9999.0 -9999.0 -9999.0 -9999.0 -9999.0 -9999.0 -9999.0 -9999.0 -9999.0 -9999.0 -9999.0 -9999.0 -9999.0 -9999.0 -9999.0 -9999.0 -9999.0 -9999.0 -9999.0 -9999.0 -9999.0 -9999.0 -9999.0 -9999.0 -9999.0 -9999.0 -9999.0 -9999.0 -9999.0
-9999.0 -9999.0 25.897647 -71.919339 -170.928421 -270.195082 -369.555788 -468.950412 -568.348638 -667.727146 -767.054766 -866.309958 -965.473122 -1064.519352 -1163.531460 -1262.485224 -1361.179293 -1459.448819 -1556.976402 -1653.114266 -1746.576739 -1835.067307 -1915.447387 -1984.829890 -2041.731133 -2086.360300 -2120.136960 -2145.009063 -2162.945193 -2175.672180 -2184.588895 -2190.773356 -2195.028517 -2197.937902 -2199.918295 -2201.266263 -2202.205118 -2202.966661 -2204.008828 -2206.220661 -2205.576180 -2130.895494 -1309.927993 -1305.751425 -1295.978443 -1289.487508 -1286.429222 -1285.939739 -1285.885693 -1285.890053 -1285.902815 -1285.916614 -1285.929888 -1285.942189 -1285.953669 -1285.967559 -1286.013388 -1286.312588 -1287.962865 -1291.584073 -1296.324434 -1293.410305 -2106.463484 -2199.939217 -2204.842463 -2204.377071 -2204.168993 -2204.124317 -2204.116762 -2204.115964 -2204.116252 -2204.116642 -2204.116974 -2204.117235 -2204.117440 -2204.117603 -2204.117736 -2204.117847 -2204.117943 -2204.118032 -2204.118120 -2204.118219 -2204.118341 -2204.118504 -2204.118740 -2204.119094 -2204.119644 -2204.120518 -2204.121939 -2204.124304 -2204.128344 -2204.135451 -2204.148345 -2204.172471 -2204.218981 -2204.311553 -2204.503272 -2204.922168 -2205.904551 -2208.429323 -2215.735165 -2240.143725 -9999.0 -9999.0
-9999.0 -9999.0 25.908629 -71.917519 -170.927967 -270.194950 -369.555746 -468.950397 -568.348633 -667.727144 -767.054764 -866.309958 -965.473121 -1064.519352 -1163.531460 -1262.485224 -1361.179294 -1459.448819 -1556.976402 -1653.114267 -1746.576739 -1835.067307 -1915.447387 -1984.829890 -2041.731133 -2086.360300 -2120.136960 -2145.009064 -2162.945193 -2175.672180 -2184.588895 -2190.773356 -2195.028517 -2197.937902 -2199.918295 -2201.266263 -2202.205118 -2202.966661 -2204.008828 -2206.220661 -2205.576179 -2130.895494 -1309.927993 -1305.751425 -1295.978443 -1289.487507 -1286.429222 -1285.939739 -1285.885693 -1285.890053 -1285.902815 -1285.916614 -1285.929888 -1285.942189 -1285.953669 -1285.967559 -1286.013388 -1286.312588 -1287.962865 -1291.584073 -1296.324434 -1293.410305 -2106.463484 -2199.939217 -2204.842463 -2204.377071 -2204.168993 -2204.124317 -2204.116762 -2204.115964 -2204.116252 -2204.116642 -2204.116974 -2204.117235 -2204.117440 -2204.117603 -2204.117736 -2204.117847 -2204.117943 -2204.118032 -2204.118120 -2204.118219 -2204.118341 -2204.118504 -2204.118740 -2204.119094 -2204.119644 -2204.120518 -2204.121939 -2204.124304 -2204.128344 -2204.135451 -2204.148345 -2204.172471 -2204.218981 -2204.311553 -2204.503272 -2204.922168 -2205.904551 -2208.429323 -2215.735165 -2240.143725 -9999.0 -9999.0
-9999.0 -9999.0 25.909643 -71.916790 -170.927680 -270.194846 -369.555709 -468.950384 -568.348628 -667.727142 -767.054764 -866.309957 -965.473121 -1064.519352 -1163.531460 -1262.485224 -1361.179294 -1459.448819 -1556.976402 -1653.114267 -1746.576739 -1835.067308 -1915.447387 -1984.829890 -2041.731133 -2086.360300 -2120.136960 -2145.009064 -2162.945193 -2175.672180 -2184.588895 -2190.773356 -2195.028517 -2197.937902 -2199.918295 -2201.266263 -2202.205118 -2202.966661 -2204.008828 -2206.220661 -2205.576179 -2130.895494 -1309.927993 -1305.751425 -1295.978443 -1289.487507 -1286.429222 -1285.939739 -1285.885693 -1285.890053 -1285.902815 -1285.916614 -1285.929888 -1285.942189 -1285.953669 -1285.967559 -1286.013388 -1286.312588 -1287.962865 -1291.584073 -1296.324434 -1293.410305 -2106.463484 -2199.939217 -2204.842463 -2204.377071 -2204.168993 -2204.124317 -2204.116762 -2204.115964 -2204.116252 -2204.116642 -2204.116974 -2204.117235 -2204.117440 -2204.117603 -2204.117736 -2204.117847 -2204.117943 -2204.118032 -2204.118120 -2204.118219 -2204.118341 -2204.118504 -2204.118740 -2204.119094 -2204.119644 -2204.120518 -2204.121939 -2204.124304 -2204.128344 -2204.135451 -2204.148345 -2204.172471 -2204.218981 -2204.311553 -2204.503272 -2204.922168 -2205.904551 -2208.429323 -2215.735165 -2240.143725 -9999.0 -9999.0
-9999.0 -9999.0 25.909643 -71.916790 -170.927680 -270.194846 -369.555709 -468.950384 -568.348628 -667.727142 -767.054764 -866.309957 -965.473121 -1064.519352 -1163.531460 -1262.485224 -1361.179294 -1459.448819 -1556.976402 -1653.114267 -1746.576739 -1835.067308 -1915.447387 -1984.829890 -2041.731133 -2086.360300 -2120.136960 -2145.009064 -2162.945193 -2175.672180 -2184.588895 -2190.773356 -2195.028517 -2197.937902 -2199.918295 -2201.266263 -2202.205118 -2202.966661 -2204.008828 -2206.220661 -2205.576179 -2130.895494 -1309.927993 -1305.751425 -1295.978443 -1289.487507 -1286.429222 -1285.939739 -1285.885693 -1285.890053 -1285.902815 -1285.916614 -1285.929888 -1285.942189 -1285.953669 -1285.967559 -1286.013388 -1286.312588 -1287.962865 -1291.584073 -1296.324434 -1293.410305 -2106.463484 -2199.939217 -2204.842463 -2204.377071 -2204.168993 -2204.124317 -2204.116762 -2204.115964 -2204.116252 -2204.116642 -2204.116974 -2204.117235 -2204.117440 -2204.117603 -2204.117736 -2204.117847 -2204.117943 -2204.118032 -2204.118120 -2204.118219 -2204.118341 -2204.118504 -2204.118740 -2204.119094 -2204.119644 -2204.120518 -2204.121939 -2204.124304 -2204.128344 -2204.135451 -2204.148345 -2204.172471 -2204.218981 -2204.311553 -2204.503272 -2204.922168 -2205.904551 -2208.429323 -2215.735165 -2240.143725 -9999.0 -9999.0
-9999.0 -9999.0 25.908629 -71.917519 -170.927967 -270.194950 -369.555746 -468.950397 -568.348633 -667.727143 -767.054765 -866.309958 -965.473122 -1064.519352 -1163.531460 -1262.485224 -1361.179294 -1459.448819 -1556.976402 -1653.114267 -1746.576739 -1835.067307 -1915.447387 -1984.829890 -2041.731133 -2086.360300 -2120.136960 -2145.009064 -2162.945193 -2175.672180 -2184.588895 -2190.773356 -2195.028517 -2197.937902 -2199.918295 -2201.266263 -2202.205118 -2202.966661 -2204.008828 -2206.220661 -2205.576179 -2130.895494 -1309.927993 -1305.751425 -1295.978443 -1289.487507 -1286.429222 -1285.939739 -1285.885693 -1285.890053 -1285.902815 -1285.916614 -1285.929888 -1285.942189 -1285.953669 -1285.967559 -1286.013388 -1286.312588 -1287.962865 -1291.584073 -1296.324434 -1293.410305 -2106.463484 -2199.939217 -2204.842463 -2204.377071 -2204.168993 -2204.124317 -2204.116762 -2204.115964 -2204.116252 -2204.116642 -2204.116974 -2204.117235 -2204.117440 -2204.117603 -2204.117736 -2204.117847 -2204.117943 -2204.118032 -2204.118120 -2204.118219 -2204.118341 -2204.118504 -2204.118740 -2204.119094 -2204.119644 -2204.120518 -2204.121939 -2204.124304 -2204.128344 -2204.135451 -2204.148345 -2204.172471 -2204.218981 -2204.311553 -2204.503272 -2204.922168 -2205.904551 -2208.429323 -2215.735165 -2240.143725 -9999.0 -9999.0
-9999.0 -9999.0 25.897647 -71.919339 -170.928421 -270.195082 -369.555788 -468.950412 -568.348638 -667.727146 -767.054766 -866.309958 -965.473122 -1064.519352 -1163.531460 -1262.485224 -1361.179293 -1459.448819 -1556.976402 -1653.114267 -1746.576739 -1835.067307 -1915.447387 -1984.829890 -2041.731133 -2086.360300 -2120.136960 -2145.009063 -2162.945193 -2175.672180 -2184.588895 -2190.773356 -2195.028517 -2197.937902 -2199.918295 -2201.266263 -2202.205118 -2202.966661 -2204.008828 -2206.220661 -2205.576180 -2130.895494 -1309.927993 -1305.751425 -1295.978443 -1289.487508 -1286.429222 -1285.939739 -1285.885693 -1285.890053 -1285.902815 -1285.916614 -1285.929888 -1285.942189 -1285.953669 -1285.967559 -1286.013388 -1286.312588 -1287.962865 -1291.584073 -1296.324434 -1293.410305 -2106.463484 -2199.939217 -2204.842463 -2204.377071 -2204.168993 -2204.124317 -2204.116762 -2204.115964 -2204.116252 -2204.116642 -2204.116974 -2204.117235 -2204.117440 -2204.117603 -2204.117736 -2204.117847 -2204.117943 -2204.118032 -2204.118120 -2204.118219 -2204.118341 -2204.118504 -2204.118740 -2204.119094 -2204.119644 -2204.120518 -2204.121939 -2204.124304 -2204.128344 -2204.135451 -2204.148345 -2204.172471 -2204.218981 -2204.311553 -2204.503272 -2204.922168 -2205.904551 -2208.429323 -2215.735165 -2240.143725 -9999.0 -9999.0
-9999.0 -9999.0 -9999.0 -9999.0 -9999.0 -9999.0 -9999.0 -9999.0 -9999.0 -9999.0 -9999.0 -9999.0 -9999.0 -9999.0 -9999.0 -9999.0 -9999.0 -9999.0 -9999.0 -9999.0 -9999.0 -9999.0 -9999.0 -9999.0 -9999.0 -9999.0 -9999.0 -9999.0 -9999.0 -9999.0 -9999.0 -9999.0 -9999.0 -9999.0 -9999.0 -9999.0 -9999.0 -9999.0 -9999.0 -9999.0 -9999.0 -9999.0 -9999.0 -9999.0 -9999.0 -9999.0 -9999.0 -9999.0 -9999.0 -9999.0 -9999.0 -9999.0 -9999.0 -9999.0 -9999.0 -9999.0 -9999.0 -9999.0 -9999.0 -9999.0 -9999.0 -9999.0 -9999.0 -9999.0 -9999.0 -9999.0 -9999.0 -9999.0 -9999.0 -9999.0 -9999.0 -9999.0 -9999.0 -9999.0 -9999.0 -9999.0 -9999.0 -9999.0 -9999.0 -9999.0 -9999.0 -9999.0 -9999.0 -9999.0 -9999.0 -9999.0 -9999.0 -9999.0 -9999.0 -9999.0 -9999.0 -9999.0 -9999.0 -9999.0 -9999.0 -9999.0 -9999.0 -9999.0 -9999.0 -9999.0 -9999.0 -9999.0 -9999.0 -9999.0
-9999.0 -9999.0 -9999.0 -9999.0 -9999.0 -9999.0 -9999.0 -9999.0 -9999.0 -9999.0 -9999.0 -9999.0 -9999.0 -9999.0 -9999.0 -9999.0 -9999.0 -9999.0 -9999.0 -9999.0 -9999.0 -9999.0 -9999.0 -9999.0 -9999.0 -9999.0 -9999.0 -9999.0 -9999.0 -9999.0 -9999.0 -9999.0 -9999.0 -9999.0 -9999.0 -9999.0 -9999.0 -9999.0 -9999.0 -9999.0 -9999.0 -9999.0 -9999.0 -9999.0 -9999.0 -9999.0 -9999.0 -9999.0 -9999.0 -9999.0 -9999.0 -9999.0 -9999.0 -9999.0 -9999.0 -9999.0 -9999.0 -9999.0 -9999.0 -9999.0 -9999.0 -9999.0 -9999.0 -9999.0 -9999.0 -9999.0 -9999.0 -9999.0 -9999.0 -9999.0 -9999.0 -9999.0 -9999.0 -9999.0 -9999.0 -9999.0 -9999.0 -9999.0 -9999.0 -9999.0 -9999.0 -9999.0 -9999.0 -9999.0 -9999.0 -9999.0 -9999.0 -9999.0 -9999.0 -9999.0 -9999.0 -9999.0 -9999.0 -9999.0 -9999.0 -9999.0 -9999.0 -9999.0 -9999.0 -9999.0 -9999.0 -9999.0 -9999.0 -9999.0