inst/processing_geotop_simulation/geotop_simulation/out/maps3D/PwL0010N0014.asc
ncols         104
nrows         10
xllcorner     -2.000000
yllcorner     0.000000
cellsize      1.000000
NODATA_value  -9999.0
-9999.0 -9999.0 -9999.0 -9999.0 -9999.0 -9999.0 -9999.0 -9999.0 -9999.0 -9999.0 -9999.0 -9999.0 -9999.0 -9999.0 -9999.0 -9999.0 -9999.0 -9999.0 -9999.0 -9999.0 -9999.0 -9999.0 -9999.0 -9999.0 -9999.0 -9999.0 -9999.0 -9999.0 -9999.0 -9999.0 -9999.0 -9999.0 -9999.0 -9999.0 -9999.0 -9999.0 -9999.0 -9999.0 -9999.0 -9999.0 -9999.0 -9999.0 -9999.0 -9999.0 -9999.0 -9999.0 -9999.0 -9999.0 -9999.0 -9999.0 -9999.0 -9999.0 -9999.0 -9999.0 -9999.0 -9999.0 -9999.0 -9999.0 -9999.0 -9999.0 -9999.0 -9999.0 -9999.0 -9999.0 -9999.0 -9999.0 -9999.0 -9999.0 -9999.0 -9999.0 -9999.0 -9999.0 -9999.0 -9999.0 -9999.0 -9999.0 -9999.0 -9999.0 -9999.0 -9999.0 -9999.0 -9999.0 -9999.0 -9999.0 -9999.0 -9999.0 -9999.0 -9999.0 -9999.0 -9999.0 -9999.0 -9999.0 -9999.0 -9999.0 -9999.0 -9999.0 -9999.0 -9999.0 -9999.0 -9999.0 -9999.0 -9999.0 -9999.0 -9999.0
-9999.0 -9999.0 -9999.0 -9999.0 -9999.0 -9999.0 -9999.0 -9999.0 -9999.0 -9999.0 -9999.0 -9999.0 -9999.0 -9999.0 -9999.0 -9999.0 -9999.0 -9999.0 -9999.0 -9999.0 -9999.0 -9999.0 -9999.0 -9999.0 -9999.0 -9999.0 -9999.0 -9999.0 -9999.0 -9999.0 -9999.0 -9999.0 -9999.0 -9999.0 -9999.0 -9999.0 -9999.0 -9999.0 -9999.0 -9999.0 -9999.0 -9999.0 -9999.0 -9999.0 -9999.0 -9999.0 -9999.0 -9999.0 -9999.0 -9999.0 -9999.0 -9999.0 -9999.0 -9999.0 -9999.0 -9999.0 -9999.0 -9999.0 -9999.0 -9999.0 -9999.0 -9999.0 -9999.0 -9999.0 -9999.0 -9999.0 -9999.0 -9999.0 -9999.0 -9999.0 -9999.0 -9999.0 -9999.0 -9999.0 -9999.0 -9999.0 -9999.0 -9999.0 -9999.0 -9999.0 -9999.0 -9999.0 -9999.0 -9999.0 -9999.0 -9999.0 -9999.0 -9999.0 -9999.0 -9999.0 -9999.0 -9999.0 -9999.0 -9999.0 -9999.0 -9999.0 -9999.0 -9999.0 -9999.0 -9999.0 -9999.0 -9999.0 -9999.0 -9999.0
-9999.0 -9999.0 473.018923 379.508552 286.994166 192.568994 94.374565 -7.716707 -110.048307 -194.221188 -292.133448 -346.705448 -372.040748 -383.028856 -382.615200 -239.690256 -91.522518 72.727879 259.489138 339.073171 292.894706 242.796567 188.716224 130.715072 69.098755 5.683498 -57.928602 -120.283772 -178.707300 -226.555418 -263.074012 -289.602800 -308.201673 -321.056221 -329.441425 -334.392094 -336.286900 -334.941057 -329.256580 -316.996312 -294.235331 -262.479242 -3342.668491 -4480.180824 -4480.198020 -4480.198020 -4480.198020 -4480.198020 -4480.198020 -4480.198020 -4480.198020 -4480.198020 -4480.198020 -4480.198020 -4480.198020 -4480.198020 -4480.198020 -4480.198020 -4480.198020 -4480.198020 -4480.169619 -3200.593206 421.365885 339.940538 260.889645 181.493082 101.215250 20.768616 -58.324238 -132.621712 -197.956261 -249.766391 -287.003120 -311.773669 -327.500929 -337.297362 -343.395488 -347.418459 -349.893136 -351.678695 -352.813001 -353.622086 -354.280133 -354.742073 -355.158095 -355.540959 -355.920104 -356.404929 -357.059012 -357.991905 -359.381115 -361.522355 -364.828180 -369.937393 -377.783181 -389.691749 -407.484285 -433.577729 -472.399887 -536.977162 -658.986791 -894.614233 -9999.0 -9999.0
-9999.0 -9999.0 473.085888 379.532600 287.002572 192.572137 94.375785 -7.716218 -110.048109 -194.221127 -292.133426 -346.705443 -372.040747 -383.028856 -382.615200 -239.690256 -91.522518 72.727879 259.489138 339.073171 292.894706 242.796567 188.716224 130.715071 69.098755 5.683498 -57.928602 -120.283772 -178.707300 -226.555418 -263.074012 -289.602800 -308.201673 -321.056221 -329.441425 -334.392094 -336.286900 -334.941057 -329.256581 -316.996313 -294.235332 -262.479242 -3342.668491 -4480.180824 -4480.198020 -4480.198020 -4480.198020 -4480.198020 -4480.198020 -4480.198020 -4480.198020 -4480.198020 -4480.198020 -4480.198020 -4480.198020 -4480.198020 -4480.198020 -4480.198020 -4480.198020 -4480.198020 -4480.169619 -3200.593206 421.365885 339.940538 260.889645 181.493082 101.215250 20.768616 -58.324238 -132.621712 -197.956261 -249.766391 -287.003120 -311.773669 -327.500929 -337.297362 -343.395488 -347.418459 -349.893136 -351.678695 -352.813001 -353.622086 -354.280133 -354.742073 -355.158095 -355.540959 -355.920104 -356.404929 -357.059012 -357.991905 -359.381115 -361.522355 -364.828180 -369.937393 -377.783181 -389.691749 -407.484285 -433.577730 -472.399887 -536.977162 -658.986791 -894.614234 -9999.0 -9999.0
-9999.0 -9999.0 473.108001 379.545512 287.008621 192.574784 94.376900 -7.715753 -110.047916 -194.221068 -292.133404 -346.705437 -372.040746 -383.028855 -382.615200 -239.690256 -91.522518 72.727879 259.489138 339.073172 292.894706 242.796567 188.716224 130.715071 69.098755 5.683498 -57.928602 -120.283772 -178.707300 -226.555418 -263.074012 -289.602801 -308.201674 -321.056221 -329.441426 -334.392094 -336.286900 -334.941057 -329.256581 -316.996313 -294.235332 -262.479241 -3342.668491 -4480.180824 -4480.198020 -4480.198020 -4480.198020 -4480.198020 -4480.198020 -4480.198020 -4480.198020 -4480.198020 -4480.198020 -4480.198020 -4480.198020 -4480.198020 -4480.198020 -4480.198020 -4480.198020 -4480.198020 -4480.169619 -3200.593206 421.365885 339.940538 260.889645 181.493082 101.215250 20.768616 -58.324238 -132.621712 -197.956261 -249.766391 -287.003120 -311.773669 -327.500929 -337.297362 -343.395488 -347.418459 -349.893136 -351.678695 -352.813001 -353.622086 -354.280133 -354.742073 -355.158095 -355.540959 -355.920104 -356.404929 -357.059012 -357.991905 -359.381115 -361.522355 -364.828180 -369.937393 -377.783181 -389.691749 -407.484285 -433.577729 -472.399887 -536.977162 -658.986791 -894.614232 -9999.0 -9999.0
-9999.0 -9999.0 473.108001 379.545512 287.008621 192.574784 94.376900 -7.715753 -110.047916 -194.221068 -292.133404 -346.705437 -372.040746 -383.028855 -382.615200 -239.690256 -91.522518 72.727879 259.489138 339.073172 292.894706 242.796566 188.716224 130.715071 69.098755 5.683498 -57.928602 -120.283772 -178.707300 -226.555418 -263.074012 -289.602801 -308.201674 -321.056221 -329.441426 -334.392094 -336.286900 -334.941057 -329.256581 -316.996313 -294.235332 -262.479241 -3342.668491 -4480.180824 -4480.198020 -4480.198020 -4480.198020 -4480.198020 -4480.198020 -4480.198020 -4480.198020 -4480.198020 -4480.198020 -4480.198020 -4480.198020 -4480.198020 -4480.198020 -4480.198020 -4480.198020 -4480.198020 -4480.169619 -3200.593206 421.365885 339.940538 260.889645 181.493082 101.215250 20.768616 -58.324238 -132.621712 -197.956261 -249.766391 -287.003120 -311.773669 -327.500929 -337.297362 -343.395488 -347.418459 -349.893136 -351.678695 -352.813001 -353.622086 -354.280133 -354.742073 -355.158095 -355.540959 -355.920104 -356.404929 -357.059012 -357.991905 -359.381115 -361.522355 -364.828180 -369.937393 -377.783181 -389.691749 -407.484285 -433.577730 -472.399887 -536.977162 -658.986791 -894.614233 -9999.0 -9999.0
-9999.0 -9999.0 473.085888 379.532600 287.002572 192.572137 94.375785 -7.716218 -110.048109 -194.221127 -292.133426 -346.705443 -372.040747 -383.028856 -382.615200 -239.690256 -91.522518 72.727879 259.489138 339.073171 292.894706 242.796567 188.716224 130.715071 69.098755 5.683498 -57.928602 -120.283772 -178.707300 -226.555418 -263.074012 -289.602800 -308.201673 -321.056221 -329.441425 -334.392094 -336.286900 -334.941057 -329.256581 -316.996313 -294.235332 -262.479242 -3342.668491 -4480.180824 -4480.198020 -4480.198020 -4480.198020 -4480.198020 -4480.198020 -4480.198020 -4480.198020 -4480.198020 -4480.198020 -4480.198020 -4480.198020 -4480.198020 -4480.198020 -4480.198020 -4480.198020 -4480.198020 -4480.169619 -3200.593206 421.365885 339.940538 260.889645 181.493082 101.215250 20.768616 -58.324238 -132.621712 -197.956261 -249.766391 -287.003120 -311.773669 -327.500929 -337.297362 -343.395488 -347.418459 -349.893136 -351.678695 -352.813001 -353.622086 -354.280133 -354.742073 -355.158095 -355.540959 -355.920104 -356.404929 -357.059012 -357.991905 -359.381115 -361.522355 -364.828180 -369.937393 -377.783181 -389.691749 -407.484285 -433.577729 -472.399887 -536.977162 -658.986791 -894.614233 -9999.0 -9999.0
-9999.0 -9999.0 473.018923 379.508552 286.994166 192.568994 94.374565 -7.716707 -110.048307 -194.221188 -292.133448 -346.705448 -372.040748 -383.028856 -382.615200 -239.690256 -91.522518 72.727879 259.489138 339.073171 292.894706 242.796567 188.716224 130.715072 69.098755 5.683498 -57.928602 -120.283772 -178.707300 -226.555418 -263.074012 -289.602800 -308.201673 -321.056221 -329.441425 -334.392094 -336.286900 -334.941057 -329.256580 -316.996312 -294.235331 -262.479242 -3342.668491 -4480.180824 -4480.198020 -4480.198020 -4480.198020 -4480.198020 -4480.198020 -4480.198020 -4480.198020 -4480.198020 -4480.198020 -4480.198020 -4480.198020 -4480.198020 -4480.198020 -4480.198020 -4480.198020 -4480.198020 -4480.169619 -3200.593206 421.365885 339.940538 260.889645 181.493082 101.215250 20.768616 -58.324238 -132.621712 -197.956261 -249.766391 -287.003120 -311.773669 -327.500929 -337.297362 -343.395488 -347.418459 -349.893136 -351.678695 -352.813001 -353.622086 -354.280133 -354.742073 -355.158095 -355.540959 -355.920104 -356.404929 -357.059012 -357.991905 -359.381115 -361.522355 -364.828180 -369.937393 -377.783181 -389.691749 -407.484285 -433.577730 -472.399887 -536.977162 -658.986791 -894.614234 -9999.0 -9999.0
-9999.0 -9999.0 -9999.0 -9999.0 -9999.0 -9999.0 -9999.0 -9999.0 -9999.0 -9999.0 -9999.0 -9999.0 -9999.0 -9999.0 -9999.0 -9999.0 -9999.0 -9999.0 -9999.0 -9999.0 -9999.0 -9999.0 -9999.0 -9999.0 -9999.0 -9999.0 -9999.0 -9999.0 -9999.0 -9999.0 -9999.0 -9999.0 -9999.0 -9999.0 -9999.0 -9999.0 -9999.0 -9999.0 -9999.0 -9999.0 -9999.0 -9999.0 -9999.0 -9999.0 -9999.0 -9999.0 -9999.0 -9999.0 -9999.0 -9999.0 -9999.0 -9999.0 -9999.0 -9999.0 -9999.0 -9999.0 -9999.0 -9999.0 -9999.0 -9999.0 -9999.0 -9999.0 -9999.0 -9999.0 -9999.0 -9999.0 -9999.0 -9999.0 -9999.0 -9999.0 -9999.0 -9999.0 -9999.0 -9999.0 -9999.0 -9999.0 -9999.0 -9999.0 -9999.0 -9999.0 -9999.0 -9999.0 -9999.0 -9999.0 -9999.0 -9999.0 -9999.0 -9999.0 -9999.0 -9999.0 -9999.0 -9999.0 -9999.0 -9999.0 -9999.0 -9999.0 -9999.0 -9999.0 -9999.0 -9999.0 -9999.0 -9999.0 -9999.0 -9999.0
-9999.0 -9999.0 -9999.0 -9999.0 -9999.0 -9999.0 -9999.0 -9999.0 -9999.0 -9999.0 -9999.0 -9999.0 -9999.0 -9999.0 -9999.0 -9999.0 -9999.0 -9999.0 -9999.0 -9999.0 -9999.0 -9999.0 -9999.0 -9999.0 -9999.0 -9999.0 -9999.0 -9999.0 -9999.0 -9999.0 -9999.0 -9999.0 -9999.0 -9999.0 -9999.0 -9999.0 -9999.0 -9999.0 -9999.0 -9999.0 -9999.0 -9999.0 -9999.0 -9999.0 -9999.0 -9999.0 -9999.0 -9999.0 -9999.0 -9999.0 -9999.0 -9999.0 -9999.0 -9999.0 -9999.0 -9999.0 -9999.0 -9999.0 -9999.0 -9999.0 -9999.0 -9999.0 -9999.0 -9999.0 -9999.0 -9999.0 -9999.0 -9999.0 -9999.0 -9999.0 -9999.0 -9999.0 -9999.0 -9999.0 -9999.0 -9999.0 -9999.0 -9999.0 -9999.0 -9999.0 -9999.0 -9999.0 -9999.0 -9999.0 -9999.0 -9999.0 -9999.0 -9999.0 -9999.0 -9999.0 -9999.0 -9999.0 -9999.0 -9999.0 -9999.0 -9999.0 -9999.0 -9999.0 -9999.0 -9999.0 -9999.0 -9999.0 -9999.0 -9999.0