inst/processing_geotop_simulation/geotop_simulation/out/maps3D/PwL0019N0059.asc
ncols         104
nrows         10
xllcorner     -2.000000
yllcorner     0.000000
cellsize      1.000000
NODATA_value  -9999.0
-9999.0 -9999.0 -9999.0 -9999.0 -9999.0 -9999.0 -9999.0 -9999.0 -9999.0 -9999.0 -9999.0 -9999.0 -9999.0 -9999.0 -9999.0 -9999.0 -9999.0 -9999.0 -9999.0 -9999.0 -9999.0 -9999.0 -9999.0 -9999.0 -9999.0 -9999.0 -9999.0 -9999.0 -9999.0 -9999.0 -9999.0 -9999.0 -9999.0 -9999.0 -9999.0 -9999.0 -9999.0 -9999.0 -9999.0 -9999.0 -9999.0 -9999.0 -9999.0 -9999.0 -9999.0 -9999.0 -9999.0 -9999.0 -9999.0 -9999.0 -9999.0 -9999.0 -9999.0 -9999.0 -9999.0 -9999.0 -9999.0 -9999.0 -9999.0 -9999.0 -9999.0 -9999.0 -9999.0 -9999.0 -9999.0 -9999.0 -9999.0 -9999.0 -9999.0 -9999.0 -9999.0 -9999.0 -9999.0 -9999.0 -9999.0 -9999.0 -9999.0 -9999.0 -9999.0 -9999.0 -9999.0 -9999.0 -9999.0 -9999.0 -9999.0 -9999.0 -9999.0 -9999.0 -9999.0 -9999.0 -9999.0 -9999.0 -9999.0 -9999.0 -9999.0 -9999.0 -9999.0 -9999.0 -9999.0 -9999.0 -9999.0 -9999.0 -9999.0 -9999.0
-9999.0 -9999.0 -9999.0 -9999.0 -9999.0 -9999.0 -9999.0 -9999.0 -9999.0 -9999.0 -9999.0 -9999.0 -9999.0 -9999.0 -9999.0 -9999.0 -9999.0 -9999.0 -9999.0 -9999.0 -9999.0 -9999.0 -9999.0 -9999.0 -9999.0 -9999.0 -9999.0 -9999.0 -9999.0 -9999.0 -9999.0 -9999.0 -9999.0 -9999.0 -9999.0 -9999.0 -9999.0 -9999.0 -9999.0 -9999.0 -9999.0 -9999.0 -9999.0 -9999.0 -9999.0 -9999.0 -9999.0 -9999.0 -9999.0 -9999.0 -9999.0 -9999.0 -9999.0 -9999.0 -9999.0 -9999.0 -9999.0 -9999.0 -9999.0 -9999.0 -9999.0 -9999.0 -9999.0 -9999.0 -9999.0 -9999.0 -9999.0 -9999.0 -9999.0 -9999.0 -9999.0 -9999.0 -9999.0 -9999.0 -9999.0 -9999.0 -9999.0 -9999.0 -9999.0 -9999.0 -9999.0 -9999.0 -9999.0 -9999.0 -9999.0 -9999.0 -9999.0 -9999.0 -9999.0 -9999.0 -9999.0 -9999.0 -9999.0 -9999.0 -9999.0 -9999.0 -9999.0 -9999.0 -9999.0 -9999.0 -9999.0 -9999.0 -9999.0 -9999.0
-9999.0 -9999.0 162.158483 62.958677 -35.439958 -133.574379 -233.027853 -336.496492 -446.603043 -561.541619 -665.004888 -731.711323 -756.424876 -757.095965 -748.714583 -740.203785 -731.888967 -724.894617 -719.842575 -740.744418 -783.559590 -824.436747 -864.871153 -868.103984 -845.565800 -834.064874 -829.389095 -828.727734 -830.234275 -832.729597 -835.489880 -838.101702 -840.361878 -842.202138 -843.633355 -844.708134 -845.508512 -846.158349 -846.744973 -847.455570 -853.956455 -939.362088 -2233.290030 -4032.956869 -4034.653442 -4034.653465 -4034.653465 -4034.653465 -4034.653464 -4034.653458 -4034.653433 -4034.653330 -4034.653104 -4034.652748 -4034.652049 -4034.650434 -4034.646106 -4034.632842 -4034.587290 -4034.418637 -4030.964936 -2125.862960 -912.047370 -852.686874 -848.218418 -847.628173 -847.508642 -847.486235 -847.485075 -847.487930 -847.490987 -847.493492 -847.495412 -847.496870 -847.497988 -847.498860 -847.499553 -847.500113 -847.500578 -847.500987 -847.501382 -847.501812 -847.502347 -847.503082 -847.504161 -847.505812 -847.508398 -847.512512 -847.519148 -847.530012 -847.548134 -847.579089 -847.633494 -847.732142 -847.916487 -848.269825 -848.960709 -850.340860 -853.217980 -859.783253 -876.757466 -921.482972 -9999.0 -9999.0
-9999.0 -9999.0 162.158481 62.958675 -35.439960 -133.574381 -233.027855 -336.496493 -446.603044 -561.541619 -665.004888 -731.711323 -756.424876 -757.095965 -748.714583 -740.203785 -731.888967 -724.894617 -719.842575 -740.744418 -783.559590 -824.436747 -864.871153 -868.103984 -845.565800 -834.064874 -829.389095 -828.727734 -830.234275 -832.729597 -835.489880 -838.101702 -840.361878 -842.202138 -843.633355 -844.708134 -845.508512 -846.158349 -846.744973 -847.455570 -853.956455 -939.362088 -2233.290030 -4032.956869 -4034.653442 -4034.653465 -4034.653465 -4034.653465 -4034.653464 -4034.653458 -4034.653433 -4034.653330 -4034.653104 -4034.652748 -4034.652049 -4034.650434 -4034.646106 -4034.632842 -4034.587290 -4034.418637 -4030.964936 -2125.862960 -912.047370 -852.686874 -848.218418 -847.628173 -847.508642 -847.486235 -847.485075 -847.487930 -847.490987 -847.493492 -847.495412 -847.496870 -847.497988 -847.498860 -847.499553 -847.500113 -847.500578 -847.500987 -847.501382 -847.501812 -847.502347 -847.503082 -847.504161 -847.505812 -847.508398 -847.512512 -847.519148 -847.530012 -847.548134 -847.579089 -847.633494 -847.732142 -847.916487 -848.269825 -848.960709 -850.340860 -853.217980 -859.783253 -876.757466 -921.482972 -9999.0 -9999.0
-9999.0 -9999.0 162.158480 62.958674 -35.439961 -133.574382 -233.027856 -336.496494 -446.603044 -561.541619 -665.004888 -731.711323 -756.424876 -757.095965 -748.714583 -740.203785 -731.888967 -724.894617 -719.842575 -740.744418 -783.559590 -824.436747 -864.871153 -868.103984 -845.565800 -834.064874 -829.389095 -828.727734 -830.234275 -832.729597 -835.489880 -838.101702 -840.361878 -842.202138 -843.633355 -844.708134 -845.508512 -846.158349 -846.744973 -847.455570 -853.956455 -939.362088 -2233.290030 -4032.956869 -4034.653442 -4034.653465 -4034.653465 -4034.653465 -4034.653464 -4034.653458 -4034.653433 -4034.653330 -4034.653104 -4034.652748 -4034.652049 -4034.650434 -4034.646106 -4034.632842 -4034.587290 -4034.418637 -4030.964936 -2125.862960 -912.047370 -852.686874 -848.218418 -847.628173 -847.508642 -847.486235 -847.485075 -847.487930 -847.490987 -847.493492 -847.495412 -847.496870 -847.497988 -847.498860 -847.499553 -847.500113 -847.500578 -847.500987 -847.501382 -847.501812 -847.502347 -847.503082 -847.504161 -847.505812 -847.508398 -847.512512 -847.519148 -847.530012 -847.548134 -847.579089 -847.633494 -847.732142 -847.916487 -848.269825 -848.960709 -850.340860 -853.217980 -859.783253 -876.757466 -921.482972 -9999.0 -9999.0
-9999.0 -9999.0 162.158480 62.958674 -35.439961 -133.574383 -233.027856 -336.496494 -446.603044 -561.541619 -665.004888 -731.711323 -756.424876 -757.095965 -748.714583 -740.203785 -731.888967 -724.894617 -719.842575 -740.744418 -783.559590 -824.436747 -864.871153 -868.103984 -845.565800 -834.064874 -829.389095 -828.727734 -830.234275 -832.729597 -835.489880 -838.101702 -840.361878 -842.202138 -843.633355 -844.708134 -845.508512 -846.158349 -846.744973 -847.455570 -853.956455 -939.362088 -2233.290030 -4032.956869 -4034.653442 -4034.653465 -4034.653465 -4034.653465 -4034.653464 -4034.653458 -4034.653433 -4034.653330 -4034.653104 -4034.652748 -4034.652049 -4034.650434 -4034.646106 -4034.632842 -4034.587290 -4034.418637 -4030.964936 -2125.862960 -912.047370 -852.686874 -848.218418 -847.628173 -847.508642 -847.486235 -847.485075 -847.487930 -847.490987 -847.493492 -847.495412 -847.496870 -847.497988 -847.498860 -847.499553 -847.500113 -847.500578 -847.500987 -847.501382 -847.501812 -847.502347 -847.503082 -847.504161 -847.505812 -847.508398 -847.512512 -847.519148 -847.530012 -847.548134 -847.579089 -847.633494 -847.732142 -847.916487 -848.269825 -848.960709 -850.340860 -853.217980 -859.783253 -876.757466 -921.482972 -9999.0 -9999.0
-9999.0 -9999.0 162.158481 62.958675 -35.439960 -133.574381 -233.027855 -336.496493 -446.603044 -561.541619 -665.004888 -731.711323 -756.424876 -757.095965 -748.714583 -740.203785 -731.888967 -724.894617 -719.842575 -740.744418 -783.559590 -824.436747 -864.871153 -868.103984 -845.565800 -834.064874 -829.389095 -828.727734 -830.234275 -832.729597 -835.489880 -838.101702 -840.361878 -842.202138 -843.633355 -844.708134 -845.508512 -846.158349 -846.744973 -847.455570 -853.956455 -939.362088 -2233.290030 -4032.956869 -4034.653442 -4034.653465 -4034.653465 -4034.653465 -4034.653464 -4034.653458 -4034.653433 -4034.653330 -4034.653104 -4034.652748 -4034.652049 -4034.650434 -4034.646106 -4034.632842 -4034.587290 -4034.418637 -4030.964936 -2125.862960 -912.047370 -852.686874 -848.218418 -847.628173 -847.508642 -847.486235 -847.485075 -847.487930 -847.490987 -847.493492 -847.495412 -847.496870 -847.497988 -847.498860 -847.499553 -847.500113 -847.500578 -847.500987 -847.501382 -847.501812 -847.502347 -847.503082 -847.504161 -847.505812 -847.508398 -847.512512 -847.519148 -847.530012 -847.548134 -847.579089 -847.633494 -847.732142 -847.916487 -848.269825 -848.960709 -850.340860 -853.217980 -859.783253 -876.757466 -921.482972 -9999.0 -9999.0
-9999.0 -9999.0 162.158484 62.958677 -35.439958 -133.574379 -233.027853 -336.496492 -446.603043 -561.541619 -665.004888 -731.711323 -756.424876 -757.095965 -748.714583 -740.203785 -731.888967 -724.894617 -719.842575 -740.744418 -783.559590 -824.436747 -864.871153 -868.103984 -845.565800 -834.064874 -829.389095 -828.727734 -830.234275 -832.729597 -835.489880 -838.101702 -840.361878 -842.202138 -843.633355 -844.708134 -845.508512 -846.158349 -846.744973 -847.455570 -853.956455 -939.362088 -2233.290030 -4032.956869 -4034.653442 -4034.653465 -4034.653465 -4034.653465 -4034.653464 -4034.653458 -4034.653433 -4034.653330 -4034.653104 -4034.652748 -4034.652049 -4034.650434 -4034.646106 -4034.632842 -4034.587290 -4034.418637 -4030.964936 -2125.862960 -912.047370 -852.686874 -848.218418 -847.628173 -847.508642 -847.486235 -847.485075 -847.487930 -847.490987 -847.493492 -847.495412 -847.496870 -847.497988 -847.498860 -847.499553 -847.500113 -847.500578 -847.500987 -847.501382 -847.501812 -847.502347 -847.503082 -847.504161 -847.505812 -847.508398 -847.512512 -847.519148 -847.530012 -847.548134 -847.579089 -847.633494 -847.732142 -847.916487 -848.269825 -848.960709 -850.340860 -853.217980 -859.783253 -876.757466 -921.482972 -9999.0 -9999.0
-9999.0 -9999.0 -9999.0 -9999.0 -9999.0 -9999.0 -9999.0 -9999.0 -9999.0 -9999.0 -9999.0 -9999.0 -9999.0 -9999.0 -9999.0 -9999.0 -9999.0 -9999.0 -9999.0 -9999.0 -9999.0 -9999.0 -9999.0 -9999.0 -9999.0 -9999.0 -9999.0 -9999.0 -9999.0 -9999.0 -9999.0 -9999.0 -9999.0 -9999.0 -9999.0 -9999.0 -9999.0 -9999.0 -9999.0 -9999.0 -9999.0 -9999.0 -9999.0 -9999.0 -9999.0 -9999.0 -9999.0 -9999.0 -9999.0 -9999.0 -9999.0 -9999.0 -9999.0 -9999.0 -9999.0 -9999.0 -9999.0 -9999.0 -9999.0 -9999.0 -9999.0 -9999.0 -9999.0 -9999.0 -9999.0 -9999.0 -9999.0 -9999.0 -9999.0 -9999.0 -9999.0 -9999.0 -9999.0 -9999.0 -9999.0 -9999.0 -9999.0 -9999.0 -9999.0 -9999.0 -9999.0 -9999.0 -9999.0 -9999.0 -9999.0 -9999.0 -9999.0 -9999.0 -9999.0 -9999.0 -9999.0 -9999.0 -9999.0 -9999.0 -9999.0 -9999.0 -9999.0 -9999.0 -9999.0 -9999.0 -9999.0 -9999.0 -9999.0 -9999.0
-9999.0 -9999.0 -9999.0 -9999.0 -9999.0 -9999.0 -9999.0 -9999.0 -9999.0 -9999.0 -9999.0 -9999.0 -9999.0 -9999.0 -9999.0 -9999.0 -9999.0 -9999.0 -9999.0 -9999.0 -9999.0 -9999.0 -9999.0 -9999.0 -9999.0 -9999.0 -9999.0 -9999.0 -9999.0 -9999.0 -9999.0 -9999.0 -9999.0 -9999.0 -9999.0 -9999.0 -9999.0 -9999.0 -9999.0 -9999.0 -9999.0 -9999.0 -9999.0 -9999.0 -9999.0 -9999.0 -9999.0 -9999.0 -9999.0 -9999.0 -9999.0 -9999.0 -9999.0 -9999.0 -9999.0 -9999.0 -9999.0 -9999.0 -9999.0 -9999.0 -9999.0 -9999.0 -9999.0 -9999.0 -9999.0 -9999.0 -9999.0 -9999.0 -9999.0 -9999.0 -9999.0 -9999.0 -9999.0 -9999.0 -9999.0 -9999.0 -9999.0 -9999.0 -9999.0 -9999.0 -9999.0 -9999.0 -9999.0 -9999.0 -9999.0 -9999.0 -9999.0 -9999.0 -9999.0 -9999.0 -9999.0 -9999.0 -9999.0 -9999.0 -9999.0 -9999.0 -9999.0 -9999.0 -9999.0 -9999.0 -9999.0 -9999.0 -9999.0 -9999.0