inst/processing_geotop_simulation/geotop_simulation/out/maps3D/PwL0001N0029.asc
ncols         104
nrows         10
xllcorner     -2.000000
yllcorner     0.000000
cellsize      1.000000
NODATA_value  -9999.0
-9999.0 -9999.0 -9999.0 -9999.0 -9999.0 -9999.0 -9999.0 -9999.0 -9999.0 -9999.0 -9999.0 -9999.0 -9999.0 -9999.0 -9999.0 -9999.0 -9999.0 -9999.0 -9999.0 -9999.0 -9999.0 -9999.0 -9999.0 -9999.0 -9999.0 -9999.0 -9999.0 -9999.0 -9999.0 -9999.0 -9999.0 -9999.0 -9999.0 -9999.0 -9999.0 -9999.0 -9999.0 -9999.0 -9999.0 -9999.0 -9999.0 -9999.0 -9999.0 -9999.0 -9999.0 -9999.0 -9999.0 -9999.0 -9999.0 -9999.0 -9999.0 -9999.0 -9999.0 -9999.0 -9999.0 -9999.0 -9999.0 -9999.0 -9999.0 -9999.0 -9999.0 -9999.0 -9999.0 -9999.0 -9999.0 -9999.0 -9999.0 -9999.0 -9999.0 -9999.0 -9999.0 -9999.0 -9999.0 -9999.0 -9999.0 -9999.0 -9999.0 -9999.0 -9999.0 -9999.0 -9999.0 -9999.0 -9999.0 -9999.0 -9999.0 -9999.0 -9999.0 -9999.0 -9999.0 -9999.0 -9999.0 -9999.0 -9999.0 -9999.0 -9999.0 -9999.0 -9999.0 -9999.0 -9999.0 -9999.0 -9999.0 -9999.0 -9999.0 -9999.0
-9999.0 -9999.0 -9999.0 -9999.0 -9999.0 -9999.0 -9999.0 -9999.0 -9999.0 -9999.0 -9999.0 -9999.0 -9999.0 -9999.0 -9999.0 -9999.0 -9999.0 -9999.0 -9999.0 -9999.0 -9999.0 -9999.0 -9999.0 -9999.0 -9999.0 -9999.0 -9999.0 -9999.0 -9999.0 -9999.0 -9999.0 -9999.0 -9999.0 -9999.0 -9999.0 -9999.0 -9999.0 -9999.0 -9999.0 -9999.0 -9999.0 -9999.0 -9999.0 -9999.0 -9999.0 -9999.0 -9999.0 -9999.0 -9999.0 -9999.0 -9999.0 -9999.0 -9999.0 -9999.0 -9999.0 -9999.0 -9999.0 -9999.0 -9999.0 -9999.0 -9999.0 -9999.0 -9999.0 -9999.0 -9999.0 -9999.0 -9999.0 -9999.0 -9999.0 -9999.0 -9999.0 -9999.0 -9999.0 -9999.0 -9999.0 -9999.0 -9999.0 -9999.0 -9999.0 -9999.0 -9999.0 -9999.0 -9999.0 -9999.0 -9999.0 -9999.0 -9999.0 -9999.0 -9999.0 -9999.0 -9999.0 -9999.0 -9999.0 -9999.0 -9999.0 -9999.0 -9999.0 -9999.0 -9999.0 -9999.0 -9999.0 -9999.0 -9999.0 -9999.0
-9999.0 -9999.0 -149.218584 -222.579621 -269.895631 -297.480764 -311.000440 -313.428713 -304.941967 -282.138940 -285.394872 -227.738646 -182.140373 -144.534193 -79.180275 -65.692992 -78.780127 -107.567290 -145.242471 -186.900465 -227.646187 -263.057451 -291.044339 -311.654613 -326.126560 -335.961373 -342.491473 -346.745930 -349.460229 -351.132791 -352.081774 -352.491318 -352.440682 -351.916457 -350.806918 -348.874774 -345.698444 -340.555156 -332.160427 -318.438850 -296.479348 -254.253308 -232.597499 -166.674788 -115.145216 -80.752576 -63.606774 -61.830743 -61.651629 -61.634407 -61.633486 -61.634158 -61.634945 -61.635824 -61.638066 -61.654486 -61.812365 -63.370708 -78.493380 -110.419673 -159.096805 -221.567749 -246.542329 -292.975127 -318.817359 -333.719830 -342.561876 -347.887273 -351.114774 -353.072040 -354.254714 -354.964182 -355.385110 -355.631010 -355.771658 -355.849914 -355.892085 -355.914370 -355.926911 -355.936398 -355.947831 -355.965851 -355.995912 -356.045607 -356.126379 -356.256040 -356.462587 -356.790134 -357.308115 -358.125555 -359.412943 -361.435193 -364.599924 -369.524881 -377.124742 -388.707151 -406.047482 -431.386105 -467.285772 -516.339991 -580.831364 -662.497867 -9999.0 -9999.0
-9999.0 -9999.0 -148.909101 -222.506821 -269.875677 -297.474797 -310.998562 -313.428109 -304.941773 -282.138879 -285.394854 -227.738638 -182.140370 -144.534191 -79.180274 -65.692991 -78.780127 -107.567290 -145.242471 -186.900465 -227.646187 -263.057451 -291.044339 -311.654613 -326.126560 -335.961373 -342.491473 -346.745930 -349.460229 -351.132791 -352.081774 -352.491318 -352.440682 -351.916457 -350.806918 -348.874774 -345.698444 -340.555156 -332.160427 -318.438850 -296.479348 -254.253308 -232.597499 -166.674788 -115.145216 -80.752576 -63.606774 -61.830743 -61.651629 -61.634407 -61.633486 -61.634158 -61.634945 -61.635824 -61.638066 -61.654486 -61.812365 -63.370708 -78.493380 -110.419673 -159.096805 -221.567749 -246.542329 -292.975127 -318.817359 -333.719830 -342.561876 -347.887273 -351.114774 -353.072040 -354.254714 -354.964182 -355.385110 -355.631010 -355.771658 -355.849914 -355.892085 -355.914370 -355.926911 -355.936398 -355.947831 -355.965851 -355.995912 -356.045607 -356.126379 -356.256040 -356.462587 -356.790134 -357.308115 -358.125555 -359.412943 -361.435193 -364.599924 -369.524881 -377.124742 -388.707151 -406.047482 -431.386105 -467.285772 -516.339991 -580.831364 -662.497867 -9999.0 -9999.0
-9999.0 -9999.0 -148.828685 -222.472743 -269.862835 -297.470182 -310.996945 -313.427555 -304.941589 -282.138820 -285.394836 -227.738631 -182.140367 -144.534190 -79.180274 -65.692991 -78.780127 -107.567290 -145.242471 -186.900465 -227.646187 -263.057451 -291.044339 -311.654613 -326.126560 -335.961373 -342.491473 -346.745930 -349.460229 -351.132791 -352.081774 -352.491318 -352.440682 -351.916457 -350.806918 -348.874774 -345.698444 -340.555156 -332.160427 -318.438850 -296.479348 -254.253308 -232.597499 -166.674788 -115.145216 -80.752576 -63.606774 -61.830743 -61.651629 -61.634407 -61.633486 -61.634158 -61.634945 -61.635824 -61.638066 -61.654486 -61.812365 -63.370708 -78.493380 -110.419673 -159.096805 -221.567749 -246.542329 -292.975127 -318.817359 -333.719829 -342.561876 -347.887273 -351.114774 -353.072040 -354.254714 -354.964182 -355.385110 -355.631010 -355.771658 -355.849914 -355.892085 -355.914370 -355.926911 -355.936398 -355.947831 -355.965851 -355.995912 -356.045607 -356.126379 -356.256040 -356.462587 -356.790134 -357.308115 -358.125555 -359.412943 -361.435193 -364.599924 -369.524881 -377.124742 -388.707151 -406.047482 -431.386105 -467.285772 -516.339991 -580.831364 -662.497867 -9999.0 -9999.0
-9999.0 -9999.0 -148.828685 -222.472743 -269.862835 -297.470182 -310.996945 -313.427555 -304.941589 -282.138820 -285.394836 -227.738631 -182.140367 -144.534190 -79.180274 -65.692991 -78.780127 -107.567290 -145.242471 -186.900465 -227.646187 -263.057451 -291.044339 -311.654613 -326.126560 -335.961373 -342.491473 -346.745930 -349.460229 -351.132791 -352.081774 -352.491318 -352.440682 -351.916457 -350.806918 -348.874774 -345.698444 -340.555156 -332.160427 -318.438850 -296.479348 -254.253308 -232.597499 -166.674788 -115.145216 -80.752576 -63.606774 -61.830743 -61.651629 -61.634407 -61.633486 -61.634158 -61.634945 -61.635824 -61.638066 -61.654486 -61.812365 -63.370708 -78.493380 -110.419673 -159.096805 -221.567749 -246.542329 -292.975127 -318.817359 -333.719829 -342.561876 -347.887273 -351.114774 -353.072040 -354.254714 -354.964182 -355.385110 -355.631010 -355.771658 -355.849914 -355.892085 -355.914370 -355.926911 -355.936398 -355.947831 -355.965851 -355.995912 -356.045607 -356.126379 -356.256040 -356.462587 -356.790134 -357.308115 -358.125555 -359.412943 -361.435193 -364.599924 -369.524881 -377.124742 -388.707151 -406.047482 -431.386105 -467.285772 -516.339991 -580.831364 -662.497867 -9999.0 -9999.0
-9999.0 -9999.0 -148.909101 -222.506821 -269.875677 -297.474797 -310.998562 -313.428109 -304.941773 -282.138879 -285.394854 -227.738638 -182.140370 -144.534191 -79.180274 -65.692991 -78.780127 -107.567290 -145.242471 -186.900465 -227.646187 -263.057451 -291.044339 -311.654613 -326.126560 -335.961373 -342.491473 -346.745930 -349.460229 -351.132791 -352.081774 -352.491318 -352.440682 -351.916457 -350.806918 -348.874774 -345.698444 -340.555156 -332.160427 -318.438850 -296.479348 -254.253308 -232.597499 -166.674788 -115.145216 -80.752576 -63.606774 -61.830743 -61.651629 -61.634407 -61.633486 -61.634158 -61.634945 -61.635824 -61.638066 -61.654486 -61.812365 -63.370708 -78.493380 -110.419673 -159.096805 -221.567749 -246.542329 -292.975127 -318.817359 -333.719829 -342.561876 -347.887273 -351.114774 -353.072040 -354.254714 -354.964182 -355.385110 -355.631010 -355.771658 -355.849914 -355.892085 -355.914370 -355.926911 -355.936398 -355.947831 -355.965851 -355.995912 -356.045607 -356.126379 -356.256040 -356.462587 -356.790134 -357.308115 -358.125555 -359.412943 -361.435193 -364.599924 -369.524881 -377.124742 -388.707151 -406.047482 -431.386105 -467.285772 -516.339991 -580.831364 -662.497867 -9999.0 -9999.0
-9999.0 -9999.0 -149.218584 -222.579621 -269.895631 -297.480764 -311.000440 -313.428713 -304.941967 -282.138940 -285.394872 -227.738646 -182.140373 -144.534193 -79.180275 -65.692992 -78.780127 -107.567290 -145.242471 -186.900465 -227.646187 -263.057451 -291.044339 -311.654613 -326.126560 -335.961373 -342.491473 -346.745930 -349.460229 -351.132791 -352.081774 -352.491318 -352.440682 -351.916457 -350.806918 -348.874774 -345.698444 -340.555156 -332.160427 -318.438850 -296.479348 -254.253308 -232.597499 -166.674788 -115.145216 -80.752576 -63.606774 -61.830743 -61.651629 -61.634407 -61.633486 -61.634158 -61.634945 -61.635824 -61.638066 -61.654486 -61.812365 -63.370708 -78.493380 -110.419673 -159.096805 -221.567749 -246.542329 -292.975127 -318.817359 -333.719829 -342.561876 -347.887273 -351.114774 -353.072040 -354.254714 -354.964182 -355.385110 -355.631010 -355.771658 -355.849914 -355.892085 -355.914370 -355.926911 -355.936398 -355.947831 -355.965851 -355.995912 -356.045607 -356.126379 -356.256040 -356.462587 -356.790134 -357.308115 -358.125555 -359.412943 -361.435193 -364.599924 -369.524881 -377.124742 -388.707151 -406.047482 -431.386105 -467.285772 -516.339991 -580.831364 -662.497867 -9999.0 -9999.0
-9999.0 -9999.0 -9999.0 -9999.0 -9999.0 -9999.0 -9999.0 -9999.0 -9999.0 -9999.0 -9999.0 -9999.0 -9999.0 -9999.0 -9999.0 -9999.0 -9999.0 -9999.0 -9999.0 -9999.0 -9999.0 -9999.0 -9999.0 -9999.0 -9999.0 -9999.0 -9999.0 -9999.0 -9999.0 -9999.0 -9999.0 -9999.0 -9999.0 -9999.0 -9999.0 -9999.0 -9999.0 -9999.0 -9999.0 -9999.0 -9999.0 -9999.0 -9999.0 -9999.0 -9999.0 -9999.0 -9999.0 -9999.0 -9999.0 -9999.0 -9999.0 -9999.0 -9999.0 -9999.0 -9999.0 -9999.0 -9999.0 -9999.0 -9999.0 -9999.0 -9999.0 -9999.0 -9999.0 -9999.0 -9999.0 -9999.0 -9999.0 -9999.0 -9999.0 -9999.0 -9999.0 -9999.0 -9999.0 -9999.0 -9999.0 -9999.0 -9999.0 -9999.0 -9999.0 -9999.0 -9999.0 -9999.0 -9999.0 -9999.0 -9999.0 -9999.0 -9999.0 -9999.0 -9999.0 -9999.0 -9999.0 -9999.0 -9999.0 -9999.0 -9999.0 -9999.0 -9999.0 -9999.0 -9999.0 -9999.0 -9999.0 -9999.0 -9999.0 -9999.0
-9999.0 -9999.0 -9999.0 -9999.0 -9999.0 -9999.0 -9999.0 -9999.0 -9999.0 -9999.0 -9999.0 -9999.0 -9999.0 -9999.0 -9999.0 -9999.0 -9999.0 -9999.0 -9999.0 -9999.0 -9999.0 -9999.0 -9999.0 -9999.0 -9999.0 -9999.0 -9999.0 -9999.0 -9999.0 -9999.0 -9999.0 -9999.0 -9999.0 -9999.0 -9999.0 -9999.0 -9999.0 -9999.0 -9999.0 -9999.0 -9999.0 -9999.0 -9999.0 -9999.0 -9999.0 -9999.0 -9999.0 -9999.0 -9999.0 -9999.0 -9999.0 -9999.0 -9999.0 -9999.0 -9999.0 -9999.0 -9999.0 -9999.0 -9999.0 -9999.0 -9999.0 -9999.0 -9999.0 -9999.0 -9999.0 -9999.0 -9999.0 -9999.0 -9999.0 -9999.0 -9999.0 -9999.0 -9999.0 -9999.0 -9999.0 -9999.0 -9999.0 -9999.0 -9999.0 -9999.0 -9999.0 -9999.0 -9999.0 -9999.0 -9999.0 -9999.0 -9999.0 -9999.0 -9999.0 -9999.0 -9999.0 -9999.0 -9999.0 -9999.0 -9999.0 -9999.0 -9999.0 -9999.0 -9999.0 -9999.0 -9999.0 -9999.0 -9999.0 -9999.0