inst/processing_geotop_simulation/geotop_simulation/out/maps3D/PwL0009N0139.asc
ncols         104
nrows         10
xllcorner     -2.000000
yllcorner     0.000000
cellsize      1.000000
NODATA_value  -9999.0
-9999.0 -9999.0 -9999.0 -9999.0 -9999.0 -9999.0 -9999.0 -9999.0 -9999.0 -9999.0 -9999.0 -9999.0 -9999.0 -9999.0 -9999.0 -9999.0 -9999.0 -9999.0 -9999.0 -9999.0 -9999.0 -9999.0 -9999.0 -9999.0 -9999.0 -9999.0 -9999.0 -9999.0 -9999.0 -9999.0 -9999.0 -9999.0 -9999.0 -9999.0 -9999.0 -9999.0 -9999.0 -9999.0 -9999.0 -9999.0 -9999.0 -9999.0 -9999.0 -9999.0 -9999.0 -9999.0 -9999.0 -9999.0 -9999.0 -9999.0 -9999.0 -9999.0 -9999.0 -9999.0 -9999.0 -9999.0 -9999.0 -9999.0 -9999.0 -9999.0 -9999.0 -9999.0 -9999.0 -9999.0 -9999.0 -9999.0 -9999.0 -9999.0 -9999.0 -9999.0 -9999.0 -9999.0 -9999.0 -9999.0 -9999.0 -9999.0 -9999.0 -9999.0 -9999.0 -9999.0 -9999.0 -9999.0 -9999.0 -9999.0 -9999.0 -9999.0 -9999.0 -9999.0 -9999.0 -9999.0 -9999.0 -9999.0 -9999.0 -9999.0 -9999.0 -9999.0 -9999.0 -9999.0 -9999.0 -9999.0 -9999.0 -9999.0 -9999.0 -9999.0
-9999.0 -9999.0 -9999.0 -9999.0 -9999.0 -9999.0 -9999.0 -9999.0 -9999.0 -9999.0 -9999.0 -9999.0 -9999.0 -9999.0 -9999.0 -9999.0 -9999.0 -9999.0 -9999.0 -9999.0 -9999.0 -9999.0 -9999.0 -9999.0 -9999.0 -9999.0 -9999.0 -9999.0 -9999.0 -9999.0 -9999.0 -9999.0 -9999.0 -9999.0 -9999.0 -9999.0 -9999.0 -9999.0 -9999.0 -9999.0 -9999.0 -9999.0 -9999.0 -9999.0 -9999.0 -9999.0 -9999.0 -9999.0 -9999.0 -9999.0 -9999.0 -9999.0 -9999.0 -9999.0 -9999.0 -9999.0 -9999.0 -9999.0 -9999.0 -9999.0 -9999.0 -9999.0 -9999.0 -9999.0 -9999.0 -9999.0 -9999.0 -9999.0 -9999.0 -9999.0 -9999.0 -9999.0 -9999.0 -9999.0 -9999.0 -9999.0 -9999.0 -9999.0 -9999.0 -9999.0 -9999.0 -9999.0 -9999.0 -9999.0 -9999.0 -9999.0 -9999.0 -9999.0 -9999.0 -9999.0 -9999.0 -9999.0 -9999.0 -9999.0 -9999.0 -9999.0 -9999.0 -9999.0 -9999.0 -9999.0 -9999.0 -9999.0 -9999.0 -9999.0
-9999.0 -9999.0 436.108251 346.806277 253.891280 159.398008 64.243964 -31.173940 -126.674129 -222.156312 -317.501394 -412.551499 -507.107893 -601.265046 -695.778418 -790.247395 -884.610425 -978.577117 -1070.851580 -1156.220054 -1225.585836 -1277.034419 -1312.283700 -1335.133662 -1349.549277 -1358.635284 -1364.462570 -1368.287359 -1370.843614 -1372.567583 -1373.732941 -1374.519543 -1375.049059 -1375.404399 -1375.641963 -1375.801851 -1375.919875 -1376.046930 -1376.345088 -1377.908383 -1387.269407 -1433.613352 -1362.368725 -1598.277846 -1505.888541 -1453.484941 -1430.110764 -1427.185927 -1426.894075 -1426.926531 -1427.005052 -1427.089021 -1427.169602 -1427.244154 -1427.313014 -1427.390244 -1427.616363 -1429.232208 -1441.075375 -1468.522465 -1514.689503 -1259.590425 -1407.592176 -1382.834945 -1377.210074 -1376.365029 -1376.242518 -1376.223405 -1376.221321 -1376.222263 -1376.223539 -1376.224623 -1376.225460 -1376.226095 -1376.226580 -1376.226955 -1376.227252 -1376.227491 -1376.227689 -1376.227865 -1376.228036 -1376.228224 -1376.228460 -1376.228787 -1376.229271 -1376.230012 -1376.231178 -1376.233040 -1376.236057 -1376.241027 -1376.249380 -1376.263781 -1376.289331 -1376.336050 -1376.423885 -1376.592942 -1376.925230 -1377.595818 -1379.008608 -1382.184126 -1389.974079 -1412.459357 -9999.0 -9999.0
-9999.0 -9999.0 436.115794 346.808297 253.891836 159.398175 64.244018 -31.173922 -126.674122 -222.156310 -317.501393 -412.551498 -507.107893 -601.265047 -695.778419 -790.247395 -884.610425 -978.577117 -1070.851580 -1156.220055 -1225.585836 -1277.034419 -1312.283700 -1335.133662 -1349.549277 -1358.635284 -1364.462570 -1368.287359 -1370.843614 -1372.567583 -1373.732941 -1374.519543 -1375.049059 -1375.404399 -1375.641963 -1375.801851 -1375.919875 -1376.046930 -1376.345088 -1377.908383 -1387.269407 -1433.613352 -1362.368725 -1598.277845 -1505.888540 -1453.484940 -1430.110764 -1427.185927 -1426.894075 -1426.926531 -1427.005052 -1427.089021 -1427.169602 -1427.244154 -1427.313014 -1427.390244 -1427.616363 -1429.232208 -1441.075375 -1468.522465 -1514.689503 -1259.590425 -1407.592176 -1382.834945 -1377.210074 -1376.365029 -1376.242518 -1376.223405 -1376.221321 -1376.222263 -1376.223539 -1376.224623 -1376.225460 -1376.226095 -1376.226580 -1376.226955 -1376.227252 -1376.227491 -1376.227689 -1376.227865 -1376.228036 -1376.228224 -1376.228460 -1376.228787 -1376.229271 -1376.230012 -1376.231178 -1376.233040 -1376.236057 -1376.241027 -1376.249380 -1376.263781 -1376.289331 -1376.336050 -1376.423885 -1376.592942 -1376.925230 -1377.595818 -1379.008608 -1382.184126 -1389.974079 -1412.459357 -9999.0 -9999.0
-9999.0 -9999.0 436.117464 346.809183 253.892193 159.398306 64.244065 -31.173906 -126.674117 -222.156307 -317.501393 -412.551498 -507.107893 -601.265047 -695.778419 -790.247395 -884.610425 -978.577117 -1070.851581 -1156.220055 -1225.585837 -1277.034419 -1312.283700 -1335.133662 -1349.549277 -1358.635284 -1364.462570 -1368.287359 -1370.843614 -1372.567583 -1373.732941 -1374.519543 -1375.049059 -1375.404399 -1375.641963 -1375.801851 -1375.919875 -1376.046930 -1376.345088 -1377.908383 -1387.269407 -1433.613352 -1362.368725 -1598.277845 -1505.888540 -1453.484939 -1430.110764 -1427.185927 -1426.894075 -1426.926531 -1427.005052 -1427.089021 -1427.169602 -1427.244154 -1427.313014 -1427.390244 -1427.616363 -1429.232208 -1441.075375 -1468.522465 -1514.689503 -1259.590425 -1407.592176 -1382.834945 -1377.210074 -1376.365029 -1376.242518 -1376.223405 -1376.221321 -1376.222263 -1376.223539 -1376.224623 -1376.225460 -1376.226095 -1376.226580 -1376.226955 -1376.227252 -1376.227491 -1376.227689 -1376.227865 -1376.228036 -1376.228224 -1376.228460 -1376.228787 -1376.229271 -1376.230012 -1376.231178 -1376.233040 -1376.236057 -1376.241027 -1376.249380 -1376.263781 -1376.289331 -1376.336050 -1376.423885 -1376.592942 -1376.925230 -1377.595818 -1379.008608 -1382.184126 -1389.974079 -1412.459357 -9999.0 -9999.0
-9999.0 -9999.0 436.117464 346.809183 253.892193 159.398306 64.244065 -31.173906 -126.674116 -222.156307 -317.501392 -412.551498 -507.107893 -601.265047 -695.778419 -790.247395 -884.610425 -978.577117 -1070.851581 -1156.220055 -1225.585837 -1277.034419 -1312.283700 -1335.133662 -1349.549277 -1358.635284 -1364.462570 -1368.287359 -1370.843614 -1372.567583 -1373.732941 -1374.519543 -1375.049059 -1375.404399 -1375.641963 -1375.801851 -1375.919875 -1376.046930 -1376.345088 -1377.908383 -1387.269407 -1433.613352 -1362.368725 -1598.277845 -1505.888540 -1453.484939 -1430.110764 -1427.185927 -1426.894075 -1426.926531 -1427.005052 -1427.089021 -1427.169602 -1427.244154 -1427.313014 -1427.390244 -1427.616363 -1429.232208 -1441.075375 -1468.522465 -1514.689503 -1259.590425 -1407.592176 -1382.834945 -1377.210074 -1376.365029 -1376.242518 -1376.223405 -1376.221321 -1376.222263 -1376.223539 -1376.224623 -1376.225460 -1376.226095 -1376.226580 -1376.226955 -1376.227252 -1376.227491 -1376.227689 -1376.227865 -1376.228036 -1376.228224 -1376.228460 -1376.228787 -1376.229271 -1376.230012 -1376.231178 -1376.233040 -1376.236057 -1376.241027 -1376.249380 -1376.263781 -1376.289331 -1376.336050 -1376.423885 -1376.592942 -1376.925230 -1377.595818 -1379.008608 -1382.184126 -1389.974079 -1412.459357 -9999.0 -9999.0
-9999.0 -9999.0 436.115794 346.808297 253.891836 159.398175 64.244018 -31.173922 -126.674122 -222.156309 -317.501393 -412.551498 -507.107893 -601.265047 -695.778419 -790.247395 -884.610425 -978.577117 -1070.851580 -1156.220055 -1225.585836 -1277.034419 -1312.283700 -1335.133662 -1349.549277 -1358.635284 -1364.462570 -1368.287359 -1370.843614 -1372.567583 -1373.732941 -1374.519543 -1375.049059 -1375.404399 -1375.641963 -1375.801851 -1375.919875 -1376.046930 -1376.345088 -1377.908383 -1387.269407 -1433.613352 -1362.368725 -1598.277845 -1505.888540 -1453.484940 -1430.110764 -1427.185927 -1426.894075 -1426.926531 -1427.005052 -1427.089021 -1427.169602 -1427.244154 -1427.313014 -1427.390244 -1427.616363 -1429.232208 -1441.075375 -1468.522465 -1514.689503 -1259.590425 -1407.592176 -1382.834945 -1377.210074 -1376.365029 -1376.242518 -1376.223405 -1376.221321 -1376.222263 -1376.223539 -1376.224623 -1376.225460 -1376.226095 -1376.226580 -1376.226955 -1376.227252 -1376.227491 -1376.227689 -1376.227865 -1376.228036 -1376.228224 -1376.228460 -1376.228787 -1376.229271 -1376.230012 -1376.231178 -1376.233040 -1376.236057 -1376.241027 -1376.249380 -1376.263781 -1376.289331 -1376.336050 -1376.423885 -1376.592942 -1376.925230 -1377.595818 -1379.008608 -1382.184126 -1389.974079 -1412.459357 -9999.0 -9999.0
-9999.0 -9999.0 436.108251 346.806277 253.891280 159.398008 64.243965 -31.173940 -126.674128 -222.156312 -317.501394 -412.551499 -507.107893 -601.265046 -695.778418 -790.247395 -884.610425 -978.577117 -1070.851580 -1156.220054 -1225.585836 -1277.034419 -1312.283700 -1335.133662 -1349.549277 -1358.635284 -1364.462570 -1368.287359 -1370.843614 -1372.567583 -1373.732941 -1374.519543 -1375.049059 -1375.404399 -1375.641963 -1375.801851 -1375.919875 -1376.046930 -1376.345088 -1377.908383 -1387.269407 -1433.613352 -1362.368725 -1598.277846 -1505.888541 -1453.484941 -1430.110764 -1427.185927 -1426.894075 -1426.926531 -1427.005052 -1427.089021 -1427.169602 -1427.244154 -1427.313014 -1427.390244 -1427.616363 -1429.232208 -1441.075375 -1468.522465 -1514.689503 -1259.590425 -1407.592176 -1382.834945 -1377.210074 -1376.365029 -1376.242518 -1376.223405 -1376.221321 -1376.222263 -1376.223539 -1376.224623 -1376.225460 -1376.226095 -1376.226580 -1376.226955 -1376.227252 -1376.227491 -1376.227689 -1376.227865 -1376.228036 -1376.228224 -1376.228460 -1376.228787 -1376.229271 -1376.230012 -1376.231178 -1376.233040 -1376.236057 -1376.241027 -1376.249380 -1376.263781 -1376.289331 -1376.336050 -1376.423885 -1376.592942 -1376.925230 -1377.595818 -1379.008608 -1382.184126 -1389.974079 -1412.459357 -9999.0 -9999.0
-9999.0 -9999.0 -9999.0 -9999.0 -9999.0 -9999.0 -9999.0 -9999.0 -9999.0 -9999.0 -9999.0 -9999.0 -9999.0 -9999.0 -9999.0 -9999.0 -9999.0 -9999.0 -9999.0 -9999.0 -9999.0 -9999.0 -9999.0 -9999.0 -9999.0 -9999.0 -9999.0 -9999.0 -9999.0 -9999.0 -9999.0 -9999.0 -9999.0 -9999.0 -9999.0 -9999.0 -9999.0 -9999.0 -9999.0 -9999.0 -9999.0 -9999.0 -9999.0 -9999.0 -9999.0 -9999.0 -9999.0 -9999.0 -9999.0 -9999.0 -9999.0 -9999.0 -9999.0 -9999.0 -9999.0 -9999.0 -9999.0 -9999.0 -9999.0 -9999.0 -9999.0 -9999.0 -9999.0 -9999.0 -9999.0 -9999.0 -9999.0 -9999.0 -9999.0 -9999.0 -9999.0 -9999.0 -9999.0 -9999.0 -9999.0 -9999.0 -9999.0 -9999.0 -9999.0 -9999.0 -9999.0 -9999.0 -9999.0 -9999.0 -9999.0 -9999.0 -9999.0 -9999.0 -9999.0 -9999.0 -9999.0 -9999.0 -9999.0 -9999.0 -9999.0 -9999.0 -9999.0 -9999.0 -9999.0 -9999.0 -9999.0 -9999.0 -9999.0 -9999.0
-9999.0 -9999.0 -9999.0 -9999.0 -9999.0 -9999.0 -9999.0 -9999.0 -9999.0 -9999.0 -9999.0 -9999.0 -9999.0 -9999.0 -9999.0 -9999.0 -9999.0 -9999.0 -9999.0 -9999.0 -9999.0 -9999.0 -9999.0 -9999.0 -9999.0 -9999.0 -9999.0 -9999.0 -9999.0 -9999.0 -9999.0 -9999.0 -9999.0 -9999.0 -9999.0 -9999.0 -9999.0 -9999.0 -9999.0 -9999.0 -9999.0 -9999.0 -9999.0 -9999.0 -9999.0 -9999.0 -9999.0 -9999.0 -9999.0 -9999.0 -9999.0 -9999.0 -9999.0 -9999.0 -9999.0 -9999.0 -9999.0 -9999.0 -9999.0 -9999.0 -9999.0 -9999.0 -9999.0 -9999.0 -9999.0 -9999.0 -9999.0 -9999.0 -9999.0 -9999.0 -9999.0 -9999.0 -9999.0 -9999.0 -9999.0 -9999.0 -9999.0 -9999.0 -9999.0 -9999.0 -9999.0 -9999.0 -9999.0 -9999.0 -9999.0 -9999.0 -9999.0 -9999.0 -9999.0 -9999.0 -9999.0 -9999.0 -9999.0 -9999.0 -9999.0 -9999.0 -9999.0 -9999.0 -9999.0 -9999.0 -9999.0 -9999.0 -9999.0 -9999.0