inst/processing_geotop_simulation/geotop_simulation/out/maps3D/PwL0004N0185.asc
ncols         104
nrows         10
xllcorner     -2.000000
yllcorner     0.000000
cellsize      1.000000
NODATA_value  -9999.0
-9999.0 -9999.0 -9999.0 -9999.0 -9999.0 -9999.0 -9999.0 -9999.0 -9999.0 -9999.0 -9999.0 -9999.0 -9999.0 -9999.0 -9999.0 -9999.0 -9999.0 -9999.0 -9999.0 -9999.0 -9999.0 -9999.0 -9999.0 -9999.0 -9999.0 -9999.0 -9999.0 -9999.0 -9999.0 -9999.0 -9999.0 -9999.0 -9999.0 -9999.0 -9999.0 -9999.0 -9999.0 -9999.0 -9999.0 -9999.0 -9999.0 -9999.0 -9999.0 -9999.0 -9999.0 -9999.0 -9999.0 -9999.0 -9999.0 -9999.0 -9999.0 -9999.0 -9999.0 -9999.0 -9999.0 -9999.0 -9999.0 -9999.0 -9999.0 -9999.0 -9999.0 -9999.0 -9999.0 -9999.0 -9999.0 -9999.0 -9999.0 -9999.0 -9999.0 -9999.0 -9999.0 -9999.0 -9999.0 -9999.0 -9999.0 -9999.0 -9999.0 -9999.0 -9999.0 -9999.0 -9999.0 -9999.0 -9999.0 -9999.0 -9999.0 -9999.0 -9999.0 -9999.0 -9999.0 -9999.0 -9999.0 -9999.0 -9999.0 -9999.0 -9999.0 -9999.0 -9999.0 -9999.0 -9999.0 -9999.0 -9999.0 -9999.0 -9999.0 -9999.0
-9999.0 -9999.0 -9999.0 -9999.0 -9999.0 -9999.0 -9999.0 -9999.0 -9999.0 -9999.0 -9999.0 -9999.0 -9999.0 -9999.0 -9999.0 -9999.0 -9999.0 -9999.0 -9999.0 -9999.0 -9999.0 -9999.0 -9999.0 -9999.0 -9999.0 -9999.0 -9999.0 -9999.0 -9999.0 -9999.0 -9999.0 -9999.0 -9999.0 -9999.0 -9999.0 -9999.0 -9999.0 -9999.0 -9999.0 -9999.0 -9999.0 -9999.0 -9999.0 -9999.0 -9999.0 -9999.0 -9999.0 -9999.0 -9999.0 -9999.0 -9999.0 -9999.0 -9999.0 -9999.0 -9999.0 -9999.0 -9999.0 -9999.0 -9999.0 -9999.0 -9999.0 -9999.0 -9999.0 -9999.0 -9999.0 -9999.0 -9999.0 -9999.0 -9999.0 -9999.0 -9999.0 -9999.0 -9999.0 -9999.0 -9999.0 -9999.0 -9999.0 -9999.0 -9999.0 -9999.0 -9999.0 -9999.0 -9999.0 -9999.0 -9999.0 -9999.0 -9999.0 -9999.0 -9999.0 -9999.0 -9999.0 -9999.0 -9999.0 -9999.0 -9999.0 -9999.0 -9999.0 -9999.0 -9999.0 -9999.0 -9999.0 -9999.0 -9999.0 -9999.0
-9999.0 -9999.0 180.545687 89.456896 -5.792778 -102.226962 -199.117732 -296.169896 -393.218437 -490.142023 -586.719869 -682.378633 -777.479736 -871.705518 -965.711590 -1060.245376 -1152.801731 -1244.069323 -1333.802940 -1416.894715 -1485.636055 -1537.491198 -1574.007521 -1598.639902 -1614.925671 -1625.664362 -1632.797235 -1637.578091 -1640.798482 -1642.966243 -1644.418729 -1645.385801 -1646.025614 -1646.446524 -1646.722165 -1646.903914 -1647.034308 -1647.172450 -1647.526151 -1649.257535 -1656.947973 -1659.979168 -1056.814670 -1063.239335 -1048.782807 -1039.666328 -1035.404336 -1034.795564 -1034.732855 -1034.741287 -1034.760288 -1034.780591 -1034.800089 -1034.818134 -1034.834809 -1034.853505 -1034.907120 -1035.266561 -1037.519244 -1042.595367 -1050.350230 -1033.817670 -1637.881127 -1652.123930 -1648.345204 -1647.487340 -1647.350030 -1647.328807 -1647.326202 -1647.326776 -1647.327753 -1647.328609 -1647.329275 -1647.329782 -1647.330168 -1647.330468 -1647.330705 -1647.330896 -1647.331055 -1647.331196 -1647.331334 -1647.331487 -1647.331679 -1647.331946 -1647.332341 -1647.332949 -1647.333904 -1647.335432 -1647.337913 -1647.342009 -1647.348918 -1647.360871 -1647.382163 -1647.421240 -1647.494947 -1647.637287 -1647.918446 -1648.490615 -1649.711106 -1652.502115 -1659.579862 -1681.354637 -9999.0 -9999.0
-9999.0 -9999.0 180.556381 89.459097 -5.792217 -102.226798 -199.117681 -296.169879 -393.218431 -490.142021 -586.719868 -682.378633 -777.479736 -871.705518 -965.711590 -1060.245376 -1152.801731 -1244.069323 -1333.802940 -1416.894716 -1485.636056 -1537.491198 -1574.007521 -1598.639902 -1614.925671 -1625.664362 -1632.797235 -1637.578091 -1640.798482 -1642.966243 -1644.418729 -1645.385801 -1646.025614 -1646.446524 -1646.722165 -1646.903914 -1647.034308 -1647.172450 -1647.526151 -1649.257535 -1656.947973 -1659.979168 -1056.814670 -1063.239335 -1048.782806 -1039.666328 -1035.404336 -1034.795564 -1034.732855 -1034.741287 -1034.760288 -1034.780591 -1034.800089 -1034.818134 -1034.834809 -1034.853505 -1034.907120 -1035.266561 -1037.519244 -1042.595367 -1050.350230 -1033.817670 -1637.881127 -1652.123930 -1648.345204 -1647.487340 -1647.350030 -1647.328807 -1647.326202 -1647.326776 -1647.327753 -1647.328609 -1647.329275 -1647.329782 -1647.330168 -1647.330468 -1647.330705 -1647.330896 -1647.331055 -1647.331196 -1647.331334 -1647.331487 -1647.331679 -1647.331946 -1647.332341 -1647.332949 -1647.333904 -1647.335432 -1647.337913 -1647.342009 -1647.348918 -1647.360871 -1647.382163 -1647.421240 -1647.494947 -1647.637287 -1647.918446 -1648.490615 -1649.711106 -1652.502115 -1659.579862 -1681.354637 -9999.0 -9999.0
-9999.0 -9999.0 180.557888 89.459990 -5.791863 -102.226670 -199.117636 -296.169863 -393.218425 -490.142019 -586.719867 -682.378633 -777.479736 -871.705518 -965.711590 -1060.245376 -1152.801731 -1244.069324 -1333.802940 -1416.894716 -1485.636056 -1537.491198 -1574.007521 -1598.639902 -1614.925671 -1625.664362 -1632.797235 -1637.578091 -1640.798482 -1642.966243 -1644.418729 -1645.385801 -1646.025614 -1646.446524 -1646.722165 -1646.903914 -1647.034308 -1647.172450 -1647.526151 -1649.257535 -1656.947973 -1659.979168 -1056.814670 -1063.239335 -1048.782806 -1039.666328 -1035.404336 -1034.795564 -1034.732855 -1034.741287 -1034.760288 -1034.780591 -1034.800089 -1034.818134 -1034.834809 -1034.853505 -1034.907120 -1035.266561 -1037.519244 -1042.595367 -1050.350230 -1033.817670 -1637.881127 -1652.123930 -1648.345204 -1647.487340 -1647.350030 -1647.328807 -1647.326202 -1647.326776 -1647.327753 -1647.328609 -1647.329275 -1647.329782 -1647.330168 -1647.330468 -1647.330705 -1647.330896 -1647.331055 -1647.331196 -1647.331334 -1647.331487 -1647.331679 -1647.331946 -1647.332341 -1647.332949 -1647.333904 -1647.335432 -1647.337913 -1647.342009 -1647.348918 -1647.360871 -1647.382163 -1647.421240 -1647.494947 -1647.637287 -1647.918446 -1648.490615 -1649.711106 -1652.502115 -1659.579862 -1681.354637 -9999.0 -9999.0
-9999.0 -9999.0 180.557888 89.459990 -5.791863 -102.226670 -199.117636 -296.169863 -393.218425 -490.142019 -586.719868 -682.378633 -777.479736 -871.705518 -965.711590 -1060.245376 -1152.801731 -1244.069324 -1333.802940 -1416.894716 -1485.636056 -1537.491198 -1574.007521 -1598.639902 -1614.925671 -1625.664362 -1632.797235 -1637.578091 -1640.798482 -1642.966243 -1644.418729 -1645.385801 -1646.025614 -1646.446524 -1646.722165 -1646.903914 -1647.034308 -1647.172450 -1647.526151 -1649.257535 -1656.947973 -1659.979168 -1056.814670 -1063.239335 -1048.782806 -1039.666328 -1035.404336 -1034.795564 -1034.732855 -1034.741287 -1034.760288 -1034.780591 -1034.800089 -1034.818134 -1034.834809 -1034.853505 -1034.907120 -1035.266561 -1037.519244 -1042.595367 -1050.350230 -1033.817670 -1637.881127 -1652.123930 -1648.345204 -1647.487340 -1647.350030 -1647.328807 -1647.326202 -1647.326776 -1647.327753 -1647.328609 -1647.329275 -1647.329782 -1647.330168 -1647.330468 -1647.330705 -1647.330896 -1647.331055 -1647.331196 -1647.331334 -1647.331487 -1647.331679 -1647.331946 -1647.332341 -1647.332949 -1647.333904 -1647.335432 -1647.337913 -1647.342009 -1647.348918 -1647.360871 -1647.382163 -1647.421240 -1647.494947 -1647.637287 -1647.918446 -1648.490615 -1649.711106 -1652.502115 -1659.579862 -1681.354637 -9999.0 -9999.0
-9999.0 -9999.0 180.556381 89.459097 -5.792217 -102.226799 -199.117681 -296.169879 -393.218431 -490.142021 -586.719868 -682.378633 -777.479736 -871.705518 -965.711590 -1060.245376 -1152.801731 -1244.069323 -1333.802940 -1416.894716 -1485.636056 -1537.491198 -1574.007521 -1598.639902 -1614.925671 -1625.664362 -1632.797235 -1637.578091 -1640.798482 -1642.966243 -1644.418729 -1645.385801 -1646.025614 -1646.446524 -1646.722165 -1646.903914 -1647.034308 -1647.172450 -1647.526151 -1649.257535 -1656.947973 -1659.979168 -1056.814670 -1063.239335 -1048.782806 -1039.666328 -1035.404336 -1034.795564 -1034.732855 -1034.741287 -1034.760288 -1034.780591 -1034.800089 -1034.818134 -1034.834809 -1034.853505 -1034.907120 -1035.266561 -1037.519244 -1042.595367 -1050.350230 -1033.817670 -1637.881127 -1652.123930 -1648.345204 -1647.487340 -1647.350030 -1647.328807 -1647.326202 -1647.326776 -1647.327753 -1647.328609 -1647.329275 -1647.329782 -1647.330168 -1647.330468 -1647.330705 -1647.330896 -1647.331055 -1647.331196 -1647.331334 -1647.331487 -1647.331679 -1647.331946 -1647.332341 -1647.332949 -1647.333904 -1647.335432 -1647.337913 -1647.342009 -1647.348918 -1647.360871 -1647.382163 -1647.421240 -1647.494947 -1647.637287 -1647.918446 -1648.490615 -1649.711106 -1652.502115 -1659.579862 -1681.354637 -9999.0 -9999.0
-9999.0 -9999.0 180.545687 89.456897 -5.792778 -102.226961 -199.117733 -296.169896 -393.218437 -490.142023 -586.719869 -682.378633 -777.479736 -871.705518 -965.711590 -1060.245376 -1152.801731 -1244.069323 -1333.802940 -1416.894715 -1485.636055 -1537.491198 -1574.007521 -1598.639902 -1614.925671 -1625.664362 -1632.797235 -1637.578091 -1640.798482 -1642.966243 -1644.418729 -1645.385801 -1646.025614 -1646.446524 -1646.722165 -1646.903914 -1647.034308 -1647.172450 -1647.526151 -1649.257535 -1656.947973 -1659.979168 -1056.814670 -1063.239335 -1048.782807 -1039.666328 -1035.404336 -1034.795564 -1034.732855 -1034.741287 -1034.760288 -1034.780591 -1034.800089 -1034.818134 -1034.834809 -1034.853505 -1034.907120 -1035.266561 -1037.519244 -1042.595367 -1050.350230 -1033.817670 -1637.881127 -1652.123930 -1648.345204 -1647.487340 -1647.350030 -1647.328807 -1647.326202 -1647.326776 -1647.327753 -1647.328609 -1647.329275 -1647.329782 -1647.330168 -1647.330468 -1647.330705 -1647.330896 -1647.331055 -1647.331196 -1647.331334 -1647.331487 -1647.331679 -1647.331946 -1647.332341 -1647.332949 -1647.333904 -1647.335432 -1647.337913 -1647.342009 -1647.348918 -1647.360871 -1647.382163 -1647.421240 -1647.494947 -1647.637287 -1647.918446 -1648.490615 -1649.711106 -1652.502115 -1659.579862 -1681.354637 -9999.0 -9999.0
-9999.0 -9999.0 -9999.0 -9999.0 -9999.0 -9999.0 -9999.0 -9999.0 -9999.0 -9999.0 -9999.0 -9999.0 -9999.0 -9999.0 -9999.0 -9999.0 -9999.0 -9999.0 -9999.0 -9999.0 -9999.0 -9999.0 -9999.0 -9999.0 -9999.0 -9999.0 -9999.0 -9999.0 -9999.0 -9999.0 -9999.0 -9999.0 -9999.0 -9999.0 -9999.0 -9999.0 -9999.0 -9999.0 -9999.0 -9999.0 -9999.0 -9999.0 -9999.0 -9999.0 -9999.0 -9999.0 -9999.0 -9999.0 -9999.0 -9999.0 -9999.0 -9999.0 -9999.0 -9999.0 -9999.0 -9999.0 -9999.0 -9999.0 -9999.0 -9999.0 -9999.0 -9999.0 -9999.0 -9999.0 -9999.0 -9999.0 -9999.0 -9999.0 -9999.0 -9999.0 -9999.0 -9999.0 -9999.0 -9999.0 -9999.0 -9999.0 -9999.0 -9999.0 -9999.0 -9999.0 -9999.0 -9999.0 -9999.0 -9999.0 -9999.0 -9999.0 -9999.0 -9999.0 -9999.0 -9999.0 -9999.0 -9999.0 -9999.0 -9999.0 -9999.0 -9999.0 -9999.0 -9999.0 -9999.0 -9999.0 -9999.0 -9999.0 -9999.0 -9999.0
-9999.0 -9999.0 -9999.0 -9999.0 -9999.0 -9999.0 -9999.0 -9999.0 -9999.0 -9999.0 -9999.0 -9999.0 -9999.0 -9999.0 -9999.0 -9999.0 -9999.0 -9999.0 -9999.0 -9999.0 -9999.0 -9999.0 -9999.0 -9999.0 -9999.0 -9999.0 -9999.0 -9999.0 -9999.0 -9999.0 -9999.0 -9999.0 -9999.0 -9999.0 -9999.0 -9999.0 -9999.0 -9999.0 -9999.0 -9999.0 -9999.0 -9999.0 -9999.0 -9999.0 -9999.0 -9999.0 -9999.0 -9999.0 -9999.0 -9999.0 -9999.0 -9999.0 -9999.0 -9999.0 -9999.0 -9999.0 -9999.0 -9999.0 -9999.0 -9999.0 -9999.0 -9999.0 -9999.0 -9999.0 -9999.0 -9999.0 -9999.0 -9999.0 -9999.0 -9999.0 -9999.0 -9999.0 -9999.0 -9999.0 -9999.0 -9999.0 -9999.0 -9999.0 -9999.0 -9999.0 -9999.0 -9999.0 -9999.0 -9999.0 -9999.0 -9999.0 -9999.0 -9999.0 -9999.0 -9999.0 -9999.0 -9999.0 -9999.0 -9999.0 -9999.0 -9999.0 -9999.0 -9999.0 -9999.0 -9999.0 -9999.0 -9999.0 -9999.0 -9999.0