inst/processing_geotop_simulation/geotop_simulation/out/maps3D/PwL0005N0054.asc
ncols         104
nrows         10
xllcorner     -2.000000
yllcorner     0.000000
cellsize      1.000000
NODATA_value  -9999.0
-9999.0 -9999.0 -9999.0 -9999.0 -9999.0 -9999.0 -9999.0 -9999.0 -9999.0 -9999.0 -9999.0 -9999.0 -9999.0 -9999.0 -9999.0 -9999.0 -9999.0 -9999.0 -9999.0 -9999.0 -9999.0 -9999.0 -9999.0 -9999.0 -9999.0 -9999.0 -9999.0 -9999.0 -9999.0 -9999.0 -9999.0 -9999.0 -9999.0 -9999.0 -9999.0 -9999.0 -9999.0 -9999.0 -9999.0 -9999.0 -9999.0 -9999.0 -9999.0 -9999.0 -9999.0 -9999.0 -9999.0 -9999.0 -9999.0 -9999.0 -9999.0 -9999.0 -9999.0 -9999.0 -9999.0 -9999.0 -9999.0 -9999.0 -9999.0 -9999.0 -9999.0 -9999.0 -9999.0 -9999.0 -9999.0 -9999.0 -9999.0 -9999.0 -9999.0 -9999.0 -9999.0 -9999.0 -9999.0 -9999.0 -9999.0 -9999.0 -9999.0 -9999.0 -9999.0 -9999.0 -9999.0 -9999.0 -9999.0 -9999.0 -9999.0 -9999.0 -9999.0 -9999.0 -9999.0 -9999.0 -9999.0 -9999.0 -9999.0 -9999.0 -9999.0 -9999.0 -9999.0 -9999.0 -9999.0 -9999.0 -9999.0 -9999.0 -9999.0 -9999.0
-9999.0 -9999.0 -9999.0 -9999.0 -9999.0 -9999.0 -9999.0 -9999.0 -9999.0 -9999.0 -9999.0 -9999.0 -9999.0 -9999.0 -9999.0 -9999.0 -9999.0 -9999.0 -9999.0 -9999.0 -9999.0 -9999.0 -9999.0 -9999.0 -9999.0 -9999.0 -9999.0 -9999.0 -9999.0 -9999.0 -9999.0 -9999.0 -9999.0 -9999.0 -9999.0 -9999.0 -9999.0 -9999.0 -9999.0 -9999.0 -9999.0 -9999.0 -9999.0 -9999.0 -9999.0 -9999.0 -9999.0 -9999.0 -9999.0 -9999.0 -9999.0 -9999.0 -9999.0 -9999.0 -9999.0 -9999.0 -9999.0 -9999.0 -9999.0 -9999.0 -9999.0 -9999.0 -9999.0 -9999.0 -9999.0 -9999.0 -9999.0 -9999.0 -9999.0 -9999.0 -9999.0 -9999.0 -9999.0 -9999.0 -9999.0 -9999.0 -9999.0 -9999.0 -9999.0 -9999.0 -9999.0 -9999.0 -9999.0 -9999.0 -9999.0 -9999.0 -9999.0 -9999.0 -9999.0 -9999.0 -9999.0 -9999.0 -9999.0 -9999.0 -9999.0 -9999.0 -9999.0 -9999.0 -9999.0 -9999.0 -9999.0 -9999.0 -9999.0 -9999.0
-9999.0 -9999.0 -941.902739 -989.012507 -1006.481035 -1014.624914 -1019.054153 -1021.529263 -1022.570750 -1017.444729 -976.611997 -926.935053 -912.730836 -929.315606 -952.722098 -986.851641 -1005.384030 -991.222779 -972.194066 -957.860430 -950.584662 -949.718394 -953.813432 -961.368851 -970.980262 -981.364480 -991.386830 -1000.191120 -1007.324162 -1012.725995 -1016.598212 -1019.253837 -1021.011245 -1022.139037 -1022.840001 -1023.257257 -1023.503293 -1023.733139 -1024.060752 -1024.009469 -1025.855419 -1053.454332 -879.741830 -882.315869 -852.614642 -834.996937 -826.869490 -825.851266 -825.753295 -825.774943 -825.815370 -825.858097 -825.899056 -825.936926 -825.971646 -826.008054 -826.095599 -826.679014 -830.910927 -840.677184 -857.726304 -836.158139 -1039.734626 -1026.784797 -1024.718553 -1024.206506 -1024.088564 -1024.069271 -1024.070967 -1024.076072 -1024.080815 -1024.084548 -1024.087354 -1024.089458 -1024.091054 -1024.092287 -1024.093260 -1024.094039 -1024.094678 -1024.095232 -1024.095757 -1024.096322 -1024.097013 -1024.097954 -1024.099329 -1024.101427 -1024.104703 -1024.109903 -1024.118258 -1024.131870 -1024.154419 -1024.192598 -1024.258995 -1024.378023 -1024.597941 -1025.014731 -1025.818146 -1027.379446 -1030.427679 -1036.463620 -1048.876025 -1076.292677 -9999.0 -9999.0
-9999.0 -9999.0 -941.902686 -989.012441 -1006.480986 -1014.624891 -1019.054147 -1021.529263 -1022.570752 -1017.444730 -976.611998 -926.935053 -912.730836 -929.315606 -952.722098 -986.851641 -1005.384030 -991.222779 -972.194066 -957.860430 -950.584662 -949.718394 -953.813432 -961.368851 -970.980262 -981.364480 -991.386830 -1000.191120 -1007.324162 -1012.725995 -1016.598212 -1019.253837 -1021.011245 -1022.139037 -1022.840001 -1023.257257 -1023.503293 -1023.733139 -1024.060752 -1024.009469 -1025.855419 -1053.454332 -879.741830 -882.315869 -852.614642 -834.996937 -826.869490 -825.851266 -825.753295 -825.774943 -825.815370 -825.858097 -825.899056 -825.936926 -825.971646 -826.008054 -826.095599 -826.679014 -830.910927 -840.677184 -857.726304 -836.158139 -1039.734626 -1026.784797 -1024.718553 -1024.206506 -1024.088564 -1024.069271 -1024.070967 -1024.076072 -1024.080815 -1024.084548 -1024.087354 -1024.089458 -1024.091054 -1024.092287 -1024.093260 -1024.094039 -1024.094678 -1024.095232 -1024.095757 -1024.096322 -1024.097013 -1024.097954 -1024.099329 -1024.101427 -1024.104703 -1024.109903 -1024.118258 -1024.131870 -1024.154419 -1024.192598 -1024.258995 -1024.378023 -1024.597941 -1025.014731 -1025.818146 -1027.379446 -1030.427679 -1036.463620 -1048.876025 -1076.292677 -9999.0 -9999.0
-9999.0 -9999.0 -941.902660 -989.012403 -1006.480953 -1014.624874 -1019.054142 -1021.529263 -1022.570753 -1017.444730 -976.611998 -926.935053 -912.730836 -929.315606 -952.722098 -986.851641 -1005.384030 -991.222779 -972.194066 -957.860430 -950.584662 -949.718394 -953.813432 -961.368851 -970.980262 -981.364480 -991.386830 -1000.191120 -1007.324162 -1012.725995 -1016.598212 -1019.253837 -1021.011245 -1022.139037 -1022.840001 -1023.257257 -1023.503293 -1023.733139 -1024.060752 -1024.009469 -1025.855419 -1053.454332 -879.741830 -882.315869 -852.614642 -834.996937 -826.869490 -825.851266 -825.753295 -825.774943 -825.815370 -825.858097 -825.899056 -825.936926 -825.971646 -826.008054 -826.095599 -826.679014 -830.910927 -840.677184 -857.726304 -836.158139 -1039.734626 -1026.784797 -1024.718553 -1024.206506 -1024.088564 -1024.069271 -1024.070967 -1024.076072 -1024.080815 -1024.084548 -1024.087354 -1024.089458 -1024.091054 -1024.092287 -1024.093260 -1024.094039 -1024.094678 -1024.095232 -1024.095757 -1024.096322 -1024.097013 -1024.097954 -1024.099329 -1024.101427 -1024.104703 -1024.109903 -1024.118258 -1024.131870 -1024.154419 -1024.192598 -1024.258995 -1024.378023 -1024.597941 -1025.014731 -1025.818146 -1027.379446 -1030.427679 -1036.463620 -1048.876025 -1076.292677 -9999.0 -9999.0
-9999.0 -9999.0 -941.902660 -989.012403 -1006.480953 -1014.624874 -1019.054142 -1021.529263 -1022.570753 -1017.444730 -976.611998 -926.935053 -912.730836 -929.315606 -952.722098 -986.851641 -1005.384030 -991.222779 -972.194066 -957.860430 -950.584662 -949.718394 -953.813432 -961.368851 -970.980262 -981.364480 -991.386830 -1000.191120 -1007.324162 -1012.725995 -1016.598212 -1019.253837 -1021.011245 -1022.139037 -1022.840001 -1023.257257 -1023.503293 -1023.733139 -1024.060752 -1024.009469 -1025.855419 -1053.454332 -879.741830 -882.315869 -852.614642 -834.996937 -826.869490 -825.851266 -825.753295 -825.774943 -825.815370 -825.858097 -825.899056 -825.936926 -825.971646 -826.008054 -826.095599 -826.679014 -830.910927 -840.677184 -857.726304 -836.158139 -1039.734626 -1026.784797 -1024.718553 -1024.206506 -1024.088564 -1024.069271 -1024.070967 -1024.076072 -1024.080815 -1024.084548 -1024.087354 -1024.089458 -1024.091054 -1024.092287 -1024.093260 -1024.094039 -1024.094678 -1024.095232 -1024.095757 -1024.096322 -1024.097013 -1024.097954 -1024.099329 -1024.101427 -1024.104703 -1024.109903 -1024.118258 -1024.131870 -1024.154419 -1024.192598 -1024.258995 -1024.378023 -1024.597941 -1025.014731 -1025.818146 -1027.379446 -1030.427679 -1036.463620 -1048.876025 -1076.292677 -9999.0 -9999.0
-9999.0 -9999.0 -941.902686 -989.012441 -1006.480986 -1014.624891 -1019.054147 -1021.529263 -1022.570752 -1017.444730 -976.611998 -926.935053 -912.730836 -929.315606 -952.722098 -986.851641 -1005.384030 -991.222779 -972.194066 -957.860430 -950.584662 -949.718394 -953.813432 -961.368851 -970.980262 -981.364480 -991.386830 -1000.191120 -1007.324162 -1012.725995 -1016.598212 -1019.253837 -1021.011245 -1022.139037 -1022.840001 -1023.257257 -1023.503293 -1023.733139 -1024.060752 -1024.009469 -1025.855419 -1053.454332 -879.741830 -882.315869 -852.614642 -834.996937 -826.869490 -825.851266 -825.753295 -825.774943 -825.815370 -825.858097 -825.899056 -825.936926 -825.971646 -826.008054 -826.095599 -826.679014 -830.910927 -840.677184 -857.726304 -836.158139 -1039.734626 -1026.784797 -1024.718553 -1024.206506 -1024.088564 -1024.069271 -1024.070967 -1024.076072 -1024.080815 -1024.084548 -1024.087354 -1024.089458 -1024.091054 -1024.092287 -1024.093260 -1024.094039 -1024.094678 -1024.095232 -1024.095757 -1024.096322 -1024.097013 -1024.097954 -1024.099329 -1024.101427 -1024.104703 -1024.109903 -1024.118258 -1024.131870 -1024.154419 -1024.192598 -1024.258995 -1024.378023 -1024.597941 -1025.014731 -1025.818146 -1027.379446 -1030.427679 -1036.463620 -1048.876025 -1076.292677 -9999.0 -9999.0
-9999.0 -9999.0 -941.902739 -989.012507 -1006.481035 -1014.624914 -1019.054153 -1021.529263 -1022.570750 -1017.444729 -976.611997 -926.935053 -912.730836 -929.315606 -952.722098 -986.851641 -1005.384030 -991.222779 -972.194066 -957.860430 -950.584662 -949.718394 -953.813432 -961.368851 -970.980262 -981.364480 -991.386830 -1000.191120 -1007.324162 -1012.725995 -1016.598212 -1019.253837 -1021.011245 -1022.139037 -1022.840001 -1023.257257 -1023.503293 -1023.733139 -1024.060752 -1024.009469 -1025.855419 -1053.454332 -879.741830 -882.315869 -852.614642 -834.996937 -826.869490 -825.851266 -825.753295 -825.774943 -825.815370 -825.858097 -825.899056 -825.936926 -825.971646 -826.008054 -826.095599 -826.679014 -830.910927 -840.677184 -857.726304 -836.158139 -1039.734626 -1026.784797 -1024.718553 -1024.206506 -1024.088564 -1024.069271 -1024.070967 -1024.076072 -1024.080815 -1024.084548 -1024.087354 -1024.089458 -1024.091054 -1024.092287 -1024.093260 -1024.094039 -1024.094678 -1024.095232 -1024.095757 -1024.096322 -1024.097013 -1024.097954 -1024.099329 -1024.101427 -1024.104703 -1024.109903 -1024.118258 -1024.131870 -1024.154419 -1024.192598 -1024.258995 -1024.378023 -1024.597941 -1025.014731 -1025.818146 -1027.379446 -1030.427679 -1036.463620 -1048.876025 -1076.292677 -9999.0 -9999.0
-9999.0 -9999.0 -9999.0 -9999.0 -9999.0 -9999.0 -9999.0 -9999.0 -9999.0 -9999.0 -9999.0 -9999.0 -9999.0 -9999.0 -9999.0 -9999.0 -9999.0 -9999.0 -9999.0 -9999.0 -9999.0 -9999.0 -9999.0 -9999.0 -9999.0 -9999.0 -9999.0 -9999.0 -9999.0 -9999.0 -9999.0 -9999.0 -9999.0 -9999.0 -9999.0 -9999.0 -9999.0 -9999.0 -9999.0 -9999.0 -9999.0 -9999.0 -9999.0 -9999.0 -9999.0 -9999.0 -9999.0 -9999.0 -9999.0 -9999.0 -9999.0 -9999.0 -9999.0 -9999.0 -9999.0 -9999.0 -9999.0 -9999.0 -9999.0 -9999.0 -9999.0 -9999.0 -9999.0 -9999.0 -9999.0 -9999.0 -9999.0 -9999.0 -9999.0 -9999.0 -9999.0 -9999.0 -9999.0 -9999.0 -9999.0 -9999.0 -9999.0 -9999.0 -9999.0 -9999.0 -9999.0 -9999.0 -9999.0 -9999.0 -9999.0 -9999.0 -9999.0 -9999.0 -9999.0 -9999.0 -9999.0 -9999.0 -9999.0 -9999.0 -9999.0 -9999.0 -9999.0 -9999.0 -9999.0 -9999.0 -9999.0 -9999.0 -9999.0 -9999.0
-9999.0 -9999.0 -9999.0 -9999.0 -9999.0 -9999.0 -9999.0 -9999.0 -9999.0 -9999.0 -9999.0 -9999.0 -9999.0 -9999.0 -9999.0 -9999.0 -9999.0 -9999.0 -9999.0 -9999.0 -9999.0 -9999.0 -9999.0 -9999.0 -9999.0 -9999.0 -9999.0 -9999.0 -9999.0 -9999.0 -9999.0 -9999.0 -9999.0 -9999.0 -9999.0 -9999.0 -9999.0 -9999.0 -9999.0 -9999.0 -9999.0 -9999.0 -9999.0 -9999.0 -9999.0 -9999.0 -9999.0 -9999.0 -9999.0 -9999.0 -9999.0 -9999.0 -9999.0 -9999.0 -9999.0 -9999.0 -9999.0 -9999.0 -9999.0 -9999.0 -9999.0 -9999.0 -9999.0 -9999.0 -9999.0 -9999.0 -9999.0 -9999.0 -9999.0 -9999.0 -9999.0 -9999.0 -9999.0 -9999.0 -9999.0 -9999.0 -9999.0 -9999.0 -9999.0 -9999.0 -9999.0 -9999.0 -9999.0 -9999.0 -9999.0 -9999.0 -9999.0 -9999.0 -9999.0 -9999.0 -9999.0 -9999.0 -9999.0 -9999.0 -9999.0 -9999.0 -9999.0 -9999.0 -9999.0 -9999.0 -9999.0 -9999.0 -9999.0 -9999.0