inst/processing_geotop_simulation/geotop_simulation/out/maps3D/PwL0022N0284.asc
ncols         104
nrows         10
xllcorner     -2.000000
yllcorner     0.000000
cellsize      1.000000
NODATA_value  -9999.0
-9999.0 -9999.0 -9999.0 -9999.0 -9999.0 -9999.0 -9999.0 -9999.0 -9999.0 -9999.0 -9999.0 -9999.0 -9999.0 -9999.0 -9999.0 -9999.0 -9999.0 -9999.0 -9999.0 -9999.0 -9999.0 -9999.0 -9999.0 -9999.0 -9999.0 -9999.0 -9999.0 -9999.0 -9999.0 -9999.0 -9999.0 -9999.0 -9999.0 -9999.0 -9999.0 -9999.0 -9999.0 -9999.0 -9999.0 -9999.0 -9999.0 -9999.0 -9999.0 -9999.0 -9999.0 -9999.0 -9999.0 -9999.0 -9999.0 -9999.0 -9999.0 -9999.0 -9999.0 -9999.0 -9999.0 -9999.0 -9999.0 -9999.0 -9999.0 -9999.0 -9999.0 -9999.0 -9999.0 -9999.0 -9999.0 -9999.0 -9999.0 -9999.0 -9999.0 -9999.0 -9999.0 -9999.0 -9999.0 -9999.0 -9999.0 -9999.0 -9999.0 -9999.0 -9999.0 -9999.0 -9999.0 -9999.0 -9999.0 -9999.0 -9999.0 -9999.0 -9999.0 -9999.0 -9999.0 -9999.0 -9999.0 -9999.0 -9999.0 -9999.0 -9999.0 -9999.0 -9999.0 -9999.0 -9999.0 -9999.0 -9999.0 -9999.0 -9999.0 -9999.0
-9999.0 -9999.0 -9999.0 -9999.0 -9999.0 -9999.0 -9999.0 -9999.0 -9999.0 -9999.0 -9999.0 -9999.0 -9999.0 -9999.0 -9999.0 -9999.0 -9999.0 -9999.0 -9999.0 -9999.0 -9999.0 -9999.0 -9999.0 -9999.0 -9999.0 -9999.0 -9999.0 -9999.0 -9999.0 -9999.0 -9999.0 -9999.0 -9999.0 -9999.0 -9999.0 -9999.0 -9999.0 -9999.0 -9999.0 -9999.0 -9999.0 -9999.0 -9999.0 -9999.0 -9999.0 -9999.0 -9999.0 -9999.0 -9999.0 -9999.0 -9999.0 -9999.0 -9999.0 -9999.0 -9999.0 -9999.0 -9999.0 -9999.0 -9999.0 -9999.0 -9999.0 -9999.0 -9999.0 -9999.0 -9999.0 -9999.0 -9999.0 -9999.0 -9999.0 -9999.0 -9999.0 -9999.0 -9999.0 -9999.0 -9999.0 -9999.0 -9999.0 -9999.0 -9999.0 -9999.0 -9999.0 -9999.0 -9999.0 -9999.0 -9999.0 -9999.0 -9999.0 -9999.0 -9999.0 -9999.0 -9999.0 -9999.0 -9999.0 -9999.0 -9999.0 -9999.0 -9999.0 -9999.0 -9999.0 -9999.0 -9999.0 -9999.0 -9999.0 -9999.0
-9999.0 -9999.0 1070.751481 972.402957 874.017183 775.449309 676.772341 578.045546 479.303698 380.566343 281.844570 183.144815 84.470910 -14.171612 -112.776909 -211.334904 -309.803943 -408.099788 -506.062690 -603.407163 -699.632793 -796.183223 -891.931466 -986.615914 -1079.926937 -1159.224157 -1228.762029 -1287.354452 -1334.796354 -1371.802542 -1399.731188 -1420.230754 -1434.942137 -1445.314713 -1452.530763 -1457.505383 -1460.933948 -1463.402685 -1465.731664 -1470.172677 -1484.184112 -1534.477419 -1612.822063 -2397.829941 -3698.444667 -3672.474647 -2985.615346 -2546.534234 -2325.679665 -2185.902432 -2085.125668 -1999.867698 -1947.324590 -1912.939439 -1880.627691 -1846.299703 -1808.610363 -1767.945790 -1725.620795 -1682.408397 -1630.447751 -1396.462020 -1492.221285 -1476.027672 -1470.017741 -1468.544118 -1468.258003 -1468.209568 -1468.202330 -1468.201815 -1468.202316 -1468.202877 -1468.203350 -1468.203731 -1468.204038 -1468.204291 -1468.204505 -1468.204691 -1468.204858 -1468.205015 -1468.205172 -1468.205342 -1468.205542 -1468.205795 -1468.206139 -1468.206633 -1468.207373 -1468.208519 -1468.210349 -1468.213353 -1468.218435 -1468.227312 -1468.243336 -1468.273229 -1468.330830 -1468.445801 -1468.685554 -1469.214336 -1470.457727 -1473.579772 -1482.042047 -1507.851560 -9999.0 -9999.0
-9999.0 -9999.0 1070.754050 972.404001 874.017540 775.449429 676.772382 578.045561 479.303704 380.566345 281.844571 183.144815 84.470910 -14.171612 -112.776909 -211.334904 -309.803943 -408.099789 -506.062690 -603.407163 -699.632793 -796.183223 -891.931466 -986.615914 -1079.926937 -1159.224157 -1228.762029 -1287.354452 -1334.796354 -1371.802542 -1399.731189 -1420.230754 -1434.942137 -1445.314713 -1452.530763 -1457.505383 -1460.933948 -1463.402685 -1465.731664 -1470.172677 -1484.184112 -1534.477419 -1612.822062 -2397.829940 -3698.444667 -3672.474647 -2985.615345 -2546.534233 -2325.679664 -2185.902431 -2085.125667 -1999.867697 -1947.324590 -1912.939439 -1880.627691 -1846.299703 -1808.610363 -1767.945790 -1725.620795 -1682.408397 -1630.447751 -1396.462020 -1492.221285 -1476.027672 -1470.017741 -1468.544118 -1468.258003 -1468.209568 -1468.202330 -1468.201815 -1468.202316 -1468.202877 -1468.203350 -1468.203731 -1468.204038 -1468.204291 -1468.204505 -1468.204691 -1468.204858 -1468.205015 -1468.205172 -1468.205342 -1468.205542 -1468.205795 -1468.206139 -1468.206633 -1468.207373 -1468.208519 -1468.210349 -1468.213353 -1468.218435 -1468.227312 -1468.243336 -1468.273229 -1468.330830 -1468.445801 -1468.685554 -1469.214336 -1470.457727 -1473.579772 -1482.042047 -1507.851560 -9999.0 -9999.0
-9999.0 -9999.0 1070.755124 972.404588 874.017792 775.449527 676.772418 578.045574 479.303709 380.566347 281.844571 183.144815 84.470910 -14.171612 -112.776909 -211.334904 -309.803943 -408.099789 -506.062690 -603.407163 -699.632793 -796.183223 -891.931466 -986.615915 -1079.926937 -1159.224157 -1228.762029 -1287.354452 -1334.796354 -1371.802542 -1399.731189 -1420.230754 -1434.942138 -1445.314713 -1452.530763 -1457.505383 -1460.933948 -1463.402685 -1465.731664 -1470.172677 -1484.184112 -1534.477419 -1612.822062 -2397.829940 -3698.444667 -3672.474647 -2985.615345 -2546.534232 -2325.679664 -2185.902430 -2085.125666 -1999.867697 -1947.324590 -1912.939438 -1880.627691 -1846.299703 -1808.610363 -1767.945790 -1725.620795 -1682.408397 -1630.447751 -1396.462020 -1492.221285 -1476.027672 -1470.017741 -1468.544118 -1468.258003 -1468.209568 -1468.202330 -1468.201815 -1468.202316 -1468.202877 -1468.203350 -1468.203731 -1468.204038 -1468.204291 -1468.204505 -1468.204691 -1468.204858 -1468.205015 -1468.205172 -1468.205342 -1468.205542 -1468.205795 -1468.206139 -1468.206633 -1468.207373 -1468.208519 -1468.210349 -1468.213353 -1468.218435 -1468.227312 -1468.243336 -1468.273229 -1468.330830 -1468.445801 -1468.685554 -1469.214336 -1470.457727 -1473.579772 -1482.042047 -1507.851560 -9999.0 -9999.0
-9999.0 -9999.0 1070.755124 972.404588 874.017792 775.449527 676.772418 578.045574 479.303709 380.566347 281.844571 183.144815 84.470910 -14.171612 -112.776909 -211.334904 -309.803943 -408.099789 -506.062690 -603.407163 -699.632793 -796.183223 -891.931466 -986.615915 -1079.926937 -1159.224157 -1228.762029 -1287.354452 -1334.796354 -1371.802542 -1399.731189 -1420.230754 -1434.942138 -1445.314713 -1452.530763 -1457.505383 -1460.933948 -1463.402685 -1465.731664 -1470.172677 -1484.184112 -1534.477419 -1612.822062 -2397.829940 -3698.444667 -3672.474647 -2985.615345 -2546.534232 -2325.679664 -2185.902431 -2085.125666 -1999.867697 -1947.324590 -1912.939438 -1880.627691 -1846.299703 -1808.610363 -1767.945790 -1725.620795 -1682.408397 -1630.447751 -1396.462020 -1492.221285 -1476.027672 -1470.017741 -1468.544118 -1468.258003 -1468.209568 -1468.202330 -1468.201815 -1468.202316 -1468.202877 -1468.203350 -1468.203731 -1468.204038 -1468.204291 -1468.204505 -1468.204691 -1468.204858 -1468.205015 -1468.205172 -1468.205342 -1468.205542 -1468.205795 -1468.206139 -1468.206633 -1468.207373 -1468.208519 -1468.210349 -1468.213353 -1468.218435 -1468.227312 -1468.243336 -1468.273229 -1468.330830 -1468.445801 -1468.685554 -1469.214336 -1470.457727 -1473.579772 -1482.042047 -1507.851560 -9999.0 -9999.0
-9999.0 -9999.0 1070.754050 972.404001 874.017540 775.449429 676.772382 578.045561 479.303704 380.566345 281.844571 183.144815 84.470910 -14.171612 -112.776909 -211.334904 -309.803943 -408.099789 -506.062690 -603.407163 -699.632793 -796.183223 -891.931466 -986.615914 -1079.926937 -1159.224157 -1228.762029 -1287.354452 -1334.796354 -1371.802542 -1399.731189 -1420.230754 -1434.942137 -1445.314713 -1452.530763 -1457.505383 -1460.933948 -1463.402685 -1465.731664 -1470.172677 -1484.184112 -1534.477419 -1612.822062 -2397.829940 -3698.444667 -3672.474647 -2985.615345 -2546.534233 -2325.679664 -2185.902431 -2085.125667 -1999.867697 -1947.324590 -1912.939438 -1880.627691 -1846.299703 -1808.610363 -1767.945790 -1725.620795 -1682.408397 -1630.447751 -1396.462020 -1492.221285 -1476.027672 -1470.017741 -1468.544118 -1468.258003 -1468.209568 -1468.202330 -1468.201815 -1468.202316 -1468.202877 -1468.203350 -1468.203731 -1468.204038 -1468.204291 -1468.204505 -1468.204691 -1468.204858 -1468.205015 -1468.205172 -1468.205342 -1468.205542 -1468.205795 -1468.206139 -1468.206633 -1468.207373 -1468.208519 -1468.210349 -1468.213353 -1468.218435 -1468.227312 -1468.243336 -1468.273229 -1468.330830 -1468.445801 -1468.685554 -1469.214336 -1470.457727 -1473.579772 -1482.042047 -1507.851560 -9999.0 -9999.0
-9999.0 -9999.0 1070.751481 972.402957 874.017183 775.449309 676.772341 578.045546 479.303699 380.566343 281.844570 183.144815 84.470910 -14.171612 -112.776909 -211.334904 -309.803943 -408.099789 -506.062690 -603.407163 -699.632793 -796.183223 -891.931466 -986.615914 -1079.926937 -1159.224157 -1228.762029 -1287.354452 -1334.796354 -1371.802542 -1399.731188 -1420.230754 -1434.942137 -1445.314713 -1452.530763 -1457.505383 -1460.933948 -1463.402685 -1465.731664 -1470.172677 -1484.184112 -1534.477419 -1612.822063 -2397.829941 -3698.444667 -3672.474647 -2985.615346 -2546.534234 -2325.679665 -2185.902432 -2085.125668 -1999.867698 -1947.324590 -1912.939439 -1880.627691 -1846.299703 -1808.610363 -1767.945790 -1725.620795 -1682.408397 -1630.447751 -1396.462020 -1492.221285 -1476.027672 -1470.017741 -1468.544118 -1468.258003 -1468.209568 -1468.202330 -1468.201815 -1468.202316 -1468.202877 -1468.203350 -1468.203731 -1468.204038 -1468.204291 -1468.204505 -1468.204691 -1468.204858 -1468.205015 -1468.205172 -1468.205342 -1468.205542 -1468.205795 -1468.206139 -1468.206633 -1468.207373 -1468.208519 -1468.210349 -1468.213353 -1468.218435 -1468.227312 -1468.243336 -1468.273229 -1468.330830 -1468.445801 -1468.685554 -1469.214336 -1470.457727 -1473.579772 -1482.042047 -1507.851560 -9999.0 -9999.0
-9999.0 -9999.0 -9999.0 -9999.0 -9999.0 -9999.0 -9999.0 -9999.0 -9999.0 -9999.0 -9999.0 -9999.0 -9999.0 -9999.0 -9999.0 -9999.0 -9999.0 -9999.0 -9999.0 -9999.0 -9999.0 -9999.0 -9999.0 -9999.0 -9999.0 -9999.0 -9999.0 -9999.0 -9999.0 -9999.0 -9999.0 -9999.0 -9999.0 -9999.0 -9999.0 -9999.0 -9999.0 -9999.0 -9999.0 -9999.0 -9999.0 -9999.0 -9999.0 -9999.0 -9999.0 -9999.0 -9999.0 -9999.0 -9999.0 -9999.0 -9999.0 -9999.0 -9999.0 -9999.0 -9999.0 -9999.0 -9999.0 -9999.0 -9999.0 -9999.0 -9999.0 -9999.0 -9999.0 -9999.0 -9999.0 -9999.0 -9999.0 -9999.0 -9999.0 -9999.0 -9999.0 -9999.0 -9999.0 -9999.0 -9999.0 -9999.0 -9999.0 -9999.0 -9999.0 -9999.0 -9999.0 -9999.0 -9999.0 -9999.0 -9999.0 -9999.0 -9999.0 -9999.0 -9999.0 -9999.0 -9999.0 -9999.0 -9999.0 -9999.0 -9999.0 -9999.0 -9999.0 -9999.0 -9999.0 -9999.0 -9999.0 -9999.0 -9999.0 -9999.0
-9999.0 -9999.0 -9999.0 -9999.0 -9999.0 -9999.0 -9999.0 -9999.0 -9999.0 -9999.0 -9999.0 -9999.0 -9999.0 -9999.0 -9999.0 -9999.0 -9999.0 -9999.0 -9999.0 -9999.0 -9999.0 -9999.0 -9999.0 -9999.0 -9999.0 -9999.0 -9999.0 -9999.0 -9999.0 -9999.0 -9999.0 -9999.0 -9999.0 -9999.0 -9999.0 -9999.0 -9999.0 -9999.0 -9999.0 -9999.0 -9999.0 -9999.0 -9999.0 -9999.0 -9999.0 -9999.0 -9999.0 -9999.0 -9999.0 -9999.0 -9999.0 -9999.0 -9999.0 -9999.0 -9999.0 -9999.0 -9999.0 -9999.0 -9999.0 -9999.0 -9999.0 -9999.0 -9999.0 -9999.0 -9999.0 -9999.0 -9999.0 -9999.0 -9999.0 -9999.0 -9999.0 -9999.0 -9999.0 -9999.0 -9999.0 -9999.0 -9999.0 -9999.0 -9999.0 -9999.0 -9999.0 -9999.0 -9999.0 -9999.0 -9999.0 -9999.0 -9999.0 -9999.0 -9999.0 -9999.0 -9999.0 -9999.0 -9999.0 -9999.0 -9999.0 -9999.0 -9999.0 -9999.0 -9999.0 -9999.0 -9999.0 -9999.0 -9999.0 -9999.0