inst/processing_geotop_simulation/geotop_simulation/out/maps3D/PwL0018N0300.asc
ncols         104
nrows         10
xllcorner     -2.000000
yllcorner     0.000000
cellsize      1.000000
NODATA_value  -9999.0
-9999.0 -9999.0 -9999.0 -9999.0 -9999.0 -9999.0 -9999.0 -9999.0 -9999.0 -9999.0 -9999.0 -9999.0 -9999.0 -9999.0 -9999.0 -9999.0 -9999.0 -9999.0 -9999.0 -9999.0 -9999.0 -9999.0 -9999.0 -9999.0 -9999.0 -9999.0 -9999.0 -9999.0 -9999.0 -9999.0 -9999.0 -9999.0 -9999.0 -9999.0 -9999.0 -9999.0 -9999.0 -9999.0 -9999.0 -9999.0 -9999.0 -9999.0 -9999.0 -9999.0 -9999.0 -9999.0 -9999.0 -9999.0 -9999.0 -9999.0 -9999.0 -9999.0 -9999.0 -9999.0 -9999.0 -9999.0 -9999.0 -9999.0 -9999.0 -9999.0 -9999.0 -9999.0 -9999.0 -9999.0 -9999.0 -9999.0 -9999.0 -9999.0 -9999.0 -9999.0 -9999.0 -9999.0 -9999.0 -9999.0 -9999.0 -9999.0 -9999.0 -9999.0 -9999.0 -9999.0 -9999.0 -9999.0 -9999.0 -9999.0 -9999.0 -9999.0 -9999.0 -9999.0 -9999.0 -9999.0 -9999.0 -9999.0 -9999.0 -9999.0 -9999.0 -9999.0 -9999.0 -9999.0 -9999.0 -9999.0 -9999.0 -9999.0 -9999.0 -9999.0
-9999.0 -9999.0 -9999.0 -9999.0 -9999.0 -9999.0 -9999.0 -9999.0 -9999.0 -9999.0 -9999.0 -9999.0 -9999.0 -9999.0 -9999.0 -9999.0 -9999.0 -9999.0 -9999.0 -9999.0 -9999.0 -9999.0 -9999.0 -9999.0 -9999.0 -9999.0 -9999.0 -9999.0 -9999.0 -9999.0 -9999.0 -9999.0 -9999.0 -9999.0 -9999.0 -9999.0 -9999.0 -9999.0 -9999.0 -9999.0 -9999.0 -9999.0 -9999.0 -9999.0 -9999.0 -9999.0 -9999.0 -9999.0 -9999.0 -9999.0 -9999.0 -9999.0 -9999.0 -9999.0 -9999.0 -9999.0 -9999.0 -9999.0 -9999.0 -9999.0 -9999.0 -9999.0 -9999.0 -9999.0 -9999.0 -9999.0 -9999.0 -9999.0 -9999.0 -9999.0 -9999.0 -9999.0 -9999.0 -9999.0 -9999.0 -9999.0 -9999.0 -9999.0 -9999.0 -9999.0 -9999.0 -9999.0 -9999.0 -9999.0 -9999.0 -9999.0 -9999.0 -9999.0 -9999.0 -9999.0 -9999.0 -9999.0 -9999.0 -9999.0 -9999.0 -9999.0 -9999.0 -9999.0 -9999.0 -9999.0 -9999.0 -9999.0 -9999.0 -9999.0
-9999.0 -9999.0 871.626161 773.406377 674.975651 576.308964 477.519315 378.675411 279.814064 180.955122 82.109582 -16.713365 -115.506928 -214.264229 -312.952602 -411.511941 -509.826728 -607.695345 -704.795263 -802.197506 -899.099250 -995.272938 -1090.441258 -1176.476180 -1254.341167 -1322.124666 -1378.793568 -1424.342712 -1459.656084 -1486.184143 -1505.592457 -1519.490326 -1529.274812 -1536.073619 -1540.751850 -1543.951959 -1546.152378 -1547.771082 -1549.478362 -1553.259714 -1565.359153 -1607.772104 -1955.083575 -4031.332799 -4084.152516 -4084.158367 -4084.156872 -4084.141083 -4084.068474 -4083.838873 -4083.229484 -4081.538574 -4078.845046 -4075.458874 -4070.000636 -4059.847988 -4039.143425 -3995.554858 -3907.602571 -3749.281935 -3413.476044 -1701.825735 -1566.387078 -1557.027501 -1552.384597 -1551.079172 -1550.814006 -1550.768341 -1550.761458 -1550.760959 -1550.761428 -1550.761952 -1550.762390 -1550.762737 -1550.763012 -1550.763235 -1550.763420 -1550.763577 -1550.763716 -1550.763845 -1550.763974 -1550.764115 -1550.764283 -1550.764504 -1550.764812 -1550.765265 -1550.765957 -1550.767044 -1550.768793 -1550.771682 -1550.776587 -1550.785172 -1550.800681 -1550.829602 -1550.885233 -1550.995832 -1551.224867 -1551.725130 -1552.890589 -1555.809699 -1563.813523 -1588.880484 -9999.0 -9999.0
-9999.0 -9999.0 871.629532 773.407611 674.976046 576.309091 477.519358 378.675426 279.814069 180.955124 82.109583 -16.713364 -115.506928 -214.264229 -312.952602 -411.511941 -509.826729 -607.695345 -704.795263 -802.197506 -899.099250 -995.272938 -1090.441259 -1176.476180 -1254.341167 -1322.124666 -1378.793568 -1424.342712 -1459.656084 -1486.184143 -1505.592457 -1519.490327 -1529.274812 -1536.073619 -1540.751850 -1543.951959 -1546.152378 -1547.771082 -1549.478362 -1553.259714 -1565.359153 -1607.772104 -1955.083575 -4031.332799 -4084.152516 -4084.158367 -4084.156872 -4084.141083 -4084.068474 -4083.838873 -4083.229484 -4081.538574 -4078.845046 -4075.458874 -4070.000636 -4059.847988 -4039.143424 -3995.554858 -3907.602570 -3749.281935 -3413.476044 -1701.825735 -1566.387078 -1557.027501 -1552.384597 -1551.079172 -1550.814006 -1550.768341 -1550.761458 -1550.760959 -1550.761428 -1550.761952 -1550.762390 -1550.762737 -1550.763012 -1550.763235 -1550.763420 -1550.763577 -1550.763716 -1550.763845 -1550.763974 -1550.764115 -1550.764283 -1550.764504 -1550.764812 -1550.765265 -1550.765957 -1550.767044 -1550.768793 -1550.771682 -1550.776587 -1550.785172 -1550.800681 -1550.829602 -1550.885233 -1550.995832 -1551.224867 -1551.725130 -1552.890589 -1555.809699 -1563.813523 -1588.880484 -9999.0 -9999.0
-9999.0 -9999.0 871.630747 773.408257 674.976316 576.309194 477.519396 378.675440 279.814074 180.955126 82.109583 -16.713364 -115.506928 -214.264229 -312.952602 -411.511941 -509.826729 -607.695345 -704.795263 -802.197506 -899.099250 -995.272938 -1090.441259 -1176.476180 -1254.341167 -1322.124666 -1378.793568 -1424.342712 -1459.656084 -1486.184143 -1505.592457 -1519.490327 -1529.274812 -1536.073619 -1540.751850 -1543.951959 -1546.152378 -1547.771082 -1549.478362 -1553.259714 -1565.359153 -1607.772104 -1955.083575 -4031.332799 -4084.152516 -4084.158367 -4084.156872 -4084.141083 -4084.068474 -4083.838873 -4083.229484 -4081.538574 -4078.845046 -4075.458874 -4070.000636 -4059.847988 -4039.143424 -3995.554858 -3907.602570 -3749.281935 -3413.476043 -1701.825735 -1566.387078 -1557.027501 -1552.384597 -1551.079172 -1550.814006 -1550.768341 -1550.761458 -1550.760959 -1550.761428 -1550.761952 -1550.762390 -1550.762737 -1550.763012 -1550.763235 -1550.763420 -1550.763577 -1550.763716 -1550.763845 -1550.763974 -1550.764115 -1550.764283 -1550.764504 -1550.764812 -1550.765265 -1550.765957 -1550.767044 -1550.768793 -1550.771682 -1550.776587 -1550.785172 -1550.800681 -1550.829602 -1550.885233 -1550.995832 -1551.224867 -1551.725130 -1552.890589 -1555.809699 -1563.813523 -1588.880484 -9999.0 -9999.0
-9999.0 -9999.0 871.630747 773.408257 674.976316 576.309194 477.519396 378.675440 279.814074 180.955126 82.109584 -16.713364 -115.506928 -214.264229 -312.952602 -411.511941 -509.826729 -607.695345 -704.795263 -802.197506 -899.099250 -995.272938 -1090.441259 -1176.476180 -1254.341167 -1322.124666 -1378.793568 -1424.342712 -1459.656084 -1486.184143 -1505.592457 -1519.490327 -1529.274812 -1536.073619 -1540.751850 -1543.951959 -1546.152378 -1547.771082 -1549.478362 -1553.259714 -1565.359153 -1607.772104 -1955.083575 -4031.332799 -4084.152516 -4084.158367 -4084.156872 -4084.141083 -4084.068474 -4083.838873 -4083.229484 -4081.538574 -4078.845046 -4075.458874 -4070.000636 -4059.847988 -4039.143424 -3995.554858 -3907.602570 -3749.281935 -3413.476043 -1701.825735 -1566.387078 -1557.027501 -1552.384597 -1551.079172 -1550.814006 -1550.768341 -1550.761458 -1550.760959 -1550.761428 -1550.761952 -1550.762390 -1550.762737 -1550.763012 -1550.763235 -1550.763420 -1550.763577 -1550.763716 -1550.763845 -1550.763974 -1550.764115 -1550.764283 -1550.764504 -1550.764812 -1550.765265 -1550.765957 -1550.767044 -1550.768793 -1550.771682 -1550.776587 -1550.785172 -1550.800681 -1550.829602 -1550.885233 -1550.995832 -1551.224867 -1551.725130 -1552.890589 -1555.809699 -1563.813523 -1588.880484 -9999.0 -9999.0
-9999.0 -9999.0 871.629532 773.407611 674.976046 576.309091 477.519358 378.675426 279.814069 180.955124 82.109583 -16.713364 -115.506928 -214.264229 -312.952602 -411.511941 -509.826729 -607.695345 -704.795263 -802.197506 -899.099250 -995.272938 -1090.441259 -1176.476180 -1254.341167 -1322.124666 -1378.793568 -1424.342712 -1459.656084 -1486.184143 -1505.592457 -1519.490327 -1529.274812 -1536.073619 -1540.751850 -1543.951959 -1546.152378 -1547.771082 -1549.478362 -1553.259714 -1565.359153 -1607.772104 -1955.083575 -4031.332799 -4084.152516 -4084.158367 -4084.156872 -4084.141083 -4084.068474 -4083.838873 -4083.229484 -4081.538574 -4078.845046 -4075.458874 -4070.000636 -4059.847988 -4039.143424 -3995.554858 -3907.602570 -3749.281935 -3413.476044 -1701.825735 -1566.387078 -1557.027501 -1552.384597 -1551.079172 -1550.814006 -1550.768341 -1550.761458 -1550.760959 -1550.761428 -1550.761952 -1550.762390 -1550.762737 -1550.763012 -1550.763235 -1550.763420 -1550.763577 -1550.763716 -1550.763845 -1550.763974 -1550.764115 -1550.764283 -1550.764504 -1550.764812 -1550.765265 -1550.765957 -1550.767044 -1550.768793 -1550.771682 -1550.776587 -1550.785172 -1550.800681 -1550.829602 -1550.885233 -1550.995832 -1551.224867 -1551.725130 -1552.890589 -1555.809699 -1563.813523 -1588.880484 -9999.0 -9999.0
-9999.0 -9999.0 871.626161 773.406377 674.975651 576.308963 477.519315 378.675411 279.814064 180.955122 82.109582 -16.713365 -115.506928 -214.264229 -312.952602 -411.511941 -509.826728 -607.695345 -704.795263 -802.197506 -899.099250 -995.272938 -1090.441258 -1176.476180 -1254.341167 -1322.124666 -1378.793568 -1424.342712 -1459.656084 -1486.184143 -1505.592457 -1519.490326 -1529.274812 -1536.073619 -1540.751850 -1543.951959 -1546.152378 -1547.771082 -1549.478362 -1553.259714 -1565.359153 -1607.772104 -1955.083575 -4031.332799 -4084.152516 -4084.158367 -4084.156872 -4084.141083 -4084.068474 -4083.838873 -4083.229484 -4081.538574 -4078.845046 -4075.458874 -4070.000636 -4059.847988 -4039.143425 -3995.554858 -3907.602570 -3749.281936 -3413.476044 -1701.825735 -1566.387078 -1557.027501 -1552.384597 -1551.079172 -1550.814006 -1550.768341 -1550.761458 -1550.760959 -1550.761428 -1550.761952 -1550.762390 -1550.762737 -1550.763012 -1550.763235 -1550.763420 -1550.763577 -1550.763716 -1550.763845 -1550.763974 -1550.764115 -1550.764283 -1550.764504 -1550.764812 -1550.765265 -1550.765957 -1550.767044 -1550.768793 -1550.771682 -1550.776587 -1550.785172 -1550.800681 -1550.829602 -1550.885233 -1550.995832 -1551.224867 -1551.725130 -1552.890589 -1555.809699 -1563.813523 -1588.880484 -9999.0 -9999.0
-9999.0 -9999.0 -9999.0 -9999.0 -9999.0 -9999.0 -9999.0 -9999.0 -9999.0 -9999.0 -9999.0 -9999.0 -9999.0 -9999.0 -9999.0 -9999.0 -9999.0 -9999.0 -9999.0 -9999.0 -9999.0 -9999.0 -9999.0 -9999.0 -9999.0 -9999.0 -9999.0 -9999.0 -9999.0 -9999.0 -9999.0 -9999.0 -9999.0 -9999.0 -9999.0 -9999.0 -9999.0 -9999.0 -9999.0 -9999.0 -9999.0 -9999.0 -9999.0 -9999.0 -9999.0 -9999.0 -9999.0 -9999.0 -9999.0 -9999.0 -9999.0 -9999.0 -9999.0 -9999.0 -9999.0 -9999.0 -9999.0 -9999.0 -9999.0 -9999.0 -9999.0 -9999.0 -9999.0 -9999.0 -9999.0 -9999.0 -9999.0 -9999.0 -9999.0 -9999.0 -9999.0 -9999.0 -9999.0 -9999.0 -9999.0 -9999.0 -9999.0 -9999.0 -9999.0 -9999.0 -9999.0 -9999.0 -9999.0 -9999.0 -9999.0 -9999.0 -9999.0 -9999.0 -9999.0 -9999.0 -9999.0 -9999.0 -9999.0 -9999.0 -9999.0 -9999.0 -9999.0 -9999.0 -9999.0 -9999.0 -9999.0 -9999.0 -9999.0 -9999.0
-9999.0 -9999.0 -9999.0 -9999.0 -9999.0 -9999.0 -9999.0 -9999.0 -9999.0 -9999.0 -9999.0 -9999.0 -9999.0 -9999.0 -9999.0 -9999.0 -9999.0 -9999.0 -9999.0 -9999.0 -9999.0 -9999.0 -9999.0 -9999.0 -9999.0 -9999.0 -9999.0 -9999.0 -9999.0 -9999.0 -9999.0 -9999.0 -9999.0 -9999.0 -9999.0 -9999.0 -9999.0 -9999.0 -9999.0 -9999.0 -9999.0 -9999.0 -9999.0 -9999.0 -9999.0 -9999.0 -9999.0 -9999.0 -9999.0 -9999.0 -9999.0 -9999.0 -9999.0 -9999.0 -9999.0 -9999.0 -9999.0 -9999.0 -9999.0 -9999.0 -9999.0 -9999.0 -9999.0 -9999.0 -9999.0 -9999.0 -9999.0 -9999.0 -9999.0 -9999.0 -9999.0 -9999.0 -9999.0 -9999.0 -9999.0 -9999.0 -9999.0 -9999.0 -9999.0 -9999.0 -9999.0 -9999.0 -9999.0 -9999.0 -9999.0 -9999.0 -9999.0 -9999.0 -9999.0 -9999.0 -9999.0 -9999.0 -9999.0 -9999.0 -9999.0 -9999.0 -9999.0 -9999.0 -9999.0 -9999.0 -9999.0 -9999.0 -9999.0 -9999.0