inst/processing_geotop_simulation/geotop_simulation/out/maps3D/PwL0020N0236.asc
ncols         104
nrows         10
xllcorner     -2.000000
yllcorner     0.000000
cellsize      1.000000
NODATA_value  -9999.0
-9999.0 -9999.0 -9999.0 -9999.0 -9999.0 -9999.0 -9999.0 -9999.0 -9999.0 -9999.0 -9999.0 -9999.0 -9999.0 -9999.0 -9999.0 -9999.0 -9999.0 -9999.0 -9999.0 -9999.0 -9999.0 -9999.0 -9999.0 -9999.0 -9999.0 -9999.0 -9999.0 -9999.0 -9999.0 -9999.0 -9999.0 -9999.0 -9999.0 -9999.0 -9999.0 -9999.0 -9999.0 -9999.0 -9999.0 -9999.0 -9999.0 -9999.0 -9999.0 -9999.0 -9999.0 -9999.0 -9999.0 -9999.0 -9999.0 -9999.0 -9999.0 -9999.0 -9999.0 -9999.0 -9999.0 -9999.0 -9999.0 -9999.0 -9999.0 -9999.0 -9999.0 -9999.0 -9999.0 -9999.0 -9999.0 -9999.0 -9999.0 -9999.0 -9999.0 -9999.0 -9999.0 -9999.0 -9999.0 -9999.0 -9999.0 -9999.0 -9999.0 -9999.0 -9999.0 -9999.0 -9999.0 -9999.0 -9999.0 -9999.0 -9999.0 -9999.0 -9999.0 -9999.0 -9999.0 -9999.0 -9999.0 -9999.0 -9999.0 -9999.0 -9999.0 -9999.0 -9999.0 -9999.0 -9999.0 -9999.0 -9999.0 -9999.0 -9999.0 -9999.0
-9999.0 -9999.0 -9999.0 -9999.0 -9999.0 -9999.0 -9999.0 -9999.0 -9999.0 -9999.0 -9999.0 -9999.0 -9999.0 -9999.0 -9999.0 -9999.0 -9999.0 -9999.0 -9999.0 -9999.0 -9999.0 -9999.0 -9999.0 -9999.0 -9999.0 -9999.0 -9999.0 -9999.0 -9999.0 -9999.0 -9999.0 -9999.0 -9999.0 -9999.0 -9999.0 -9999.0 -9999.0 -9999.0 -9999.0 -9999.0 -9999.0 -9999.0 -9999.0 -9999.0 -9999.0 -9999.0 -9999.0 -9999.0 -9999.0 -9999.0 -9999.0 -9999.0 -9999.0 -9999.0 -9999.0 -9999.0 -9999.0 -9999.0 -9999.0 -9999.0 -9999.0 -9999.0 -9999.0 -9999.0 -9999.0 -9999.0 -9999.0 -9999.0 -9999.0 -9999.0 -9999.0 -9999.0 -9999.0 -9999.0 -9999.0 -9999.0 -9999.0 -9999.0 -9999.0 -9999.0 -9999.0 -9999.0 -9999.0 -9999.0 -9999.0 -9999.0 -9999.0 -9999.0 -9999.0 -9999.0 -9999.0 -9999.0 -9999.0 -9999.0 -9999.0 -9999.0 -9999.0 -9999.0 -9999.0 -9999.0 -9999.0 -9999.0 -9999.0 -9999.0
-9999.0 -9999.0 974.063270 876.622636 779.004438 681.073284 582.967574 484.783068 386.573300 288.367680 190.182653 92.027614 -6.088926 -104.156033 -202.159783 -300.041435 -397.682550 -494.866594 -591.232675 -686.186746 -781.632633 -876.118660 -969.387829 -1061.188223 -1137.626664 -1203.541700 -1258.007839 -1301.197845 -1334.183438 -1358.567336 -1376.110002 -1388.458761 -1397.005284 -1402.845300 -1406.799696 -1409.464225 -1411.271868 -1412.590215 -1414.026203 -1417.661207 -1431.657833 -1492.912452 -1828.218386 -3900.544860 -3985.109890 -3985.109206 -3983.877146 -3971.185113 -3919.094263 -3797.638633 -3607.290236 -3356.638834 -3169.485617 -3039.943994 -2916.690276 -2787.571906 -2650.999487 -2511.694126 -2375.711335 -2245.807842 -2104.022921 -1518.743850 -1451.871834 -1423.776426 -1416.728812 -1415.290987 -1415.043723 -1415.004919 -1414.999492 -1414.999356 -1414.999987 -1415.000616 -1415.001127 -1415.001525 -1415.001837 -1415.002084 -1415.002285 -1415.002452 -1415.002595 -1415.002725 -1415.002854 -1415.002995 -1415.003168 -1415.003400 -1415.003732 -1415.004233 -1415.005010 -1415.006243 -1415.008241 -1415.011551 -1415.017172 -1415.026990 -1415.044678 -1415.077538 -1415.140444 -1415.264681 -1415.519666 -1416.070965 -1417.342026 -1420.477571 -1428.824636 -1453.994157 -9999.0 -9999.0
-9999.0 -9999.0 974.066360 876.623832 779.004833 681.073414 582.967618 484.783083 386.573305 288.367682 190.182654 92.027615 -6.088925 -104.156033 -202.159783 -300.041435 -397.682550 -494.866594 -591.232675 -686.186746 -781.632633 -876.118661 -969.387829 -1061.188223 -1137.626664 -1203.541700 -1258.007839 -1301.197846 -1334.183439 -1358.567336 -1376.110003 -1388.458761 -1397.005284 -1402.845300 -1406.799696 -1409.464225 -1411.271868 -1412.590215 -1414.026203 -1417.661207 -1431.657833 -1492.912452 -1828.218386 -3900.544859 -3985.109890 -3985.109206 -3983.877146 -3971.185113 -3919.094263 -3797.638632 -3607.290233 -3356.638833 -3169.485616 -3039.943994 -2916.690275 -2787.571906 -2650.999486 -2511.694126 -2375.711334 -2245.807842 -2104.022921 -1518.743850 -1451.871834 -1423.776426 -1416.728812 -1415.290987 -1415.043723 -1415.004919 -1414.999492 -1414.999356 -1414.999987 -1415.000616 -1415.001127 -1415.001525 -1415.001837 -1415.002084 -1415.002285 -1415.002452 -1415.002595 -1415.002725 -1415.002854 -1415.002995 -1415.003168 -1415.003400 -1415.003732 -1415.004233 -1415.005010 -1415.006243 -1415.008241 -1415.011551 -1415.017172 -1415.026990 -1415.044678 -1415.077538 -1415.140444 -1415.264681 -1415.519666 -1416.070965 -1417.342026 -1420.477571 -1428.824636 -1453.994157 -9999.0 -9999.0
-9999.0 -9999.0 974.067565 876.624481 779.005108 681.073520 582.967657 484.783098 386.573311 288.367684 190.182655 92.027615 -6.088925 -104.156033 -202.159783 -300.041436 -397.682550 -494.866594 -591.232675 -686.186746 -781.632633 -876.118661 -969.387829 -1061.188223 -1137.626665 -1203.541700 -1258.007839 -1301.197846 -1334.183439 -1358.567336 -1376.110003 -1388.458761 -1397.005284 -1402.845301 -1406.799696 -1409.464225 -1411.271868 -1412.590215 -1414.026203 -1417.661207 -1431.657833 -1492.912452 -1828.218386 -3900.544859 -3985.109890 -3985.109206 -3983.877146 -3971.185113 -3919.094262 -3797.638631 -3607.290231 -3356.638832 -3169.485616 -3039.943994 -2916.690276 -2787.571905 -2650.999487 -2511.694125 -2375.711334 -2245.807841 -2104.022921 -1518.743850 -1451.871834 -1423.776426 -1416.728812 -1415.290987 -1415.043723 -1415.004919 -1414.999492 -1414.999356 -1414.999987 -1415.000616 -1415.001127 -1415.001525 -1415.001837 -1415.002084 -1415.002285 -1415.002452 -1415.002595 -1415.002725 -1415.002854 -1415.002995 -1415.003168 -1415.003400 -1415.003732 -1415.004233 -1415.005010 -1415.006243 -1415.008241 -1415.011551 -1415.017172 -1415.026990 -1415.044678 -1415.077538 -1415.140444 -1415.264681 -1415.519666 -1416.070965 -1417.342026 -1420.477571 -1428.824636 -1453.994157 -9999.0 -9999.0
-9999.0 -9999.0 974.067565 876.624481 779.005108 681.073520 582.967657 484.783098 386.573311 288.367684 190.182655 92.027615 -6.088925 -104.156033 -202.159783 -300.041436 -397.682550 -494.866594 -591.232676 -686.186746 -781.632633 -876.118661 -969.387829 -1061.188223 -1137.626665 -1203.541700 -1258.007839 -1301.197846 -1334.183439 -1358.567336 -1376.110003 -1388.458761 -1397.005284 -1402.845301 -1406.799696 -1409.464225 -1411.271868 -1412.590215 -1414.026203 -1417.661207 -1431.657833 -1492.912452 -1828.218386 -3900.544859 -3985.109890 -3985.109206 -3983.877146 -3971.185113 -3919.094262 -3797.638632 -3607.290232 -3356.638832 -3169.485616 -3039.943994 -2916.690275 -2787.571906 -2650.999486 -2511.694126 -2375.711334 -2245.807842 -2104.022921 -1518.743850 -1451.871834 -1423.776426 -1416.728812 -1415.290987 -1415.043723 -1415.004919 -1414.999492 -1414.999356 -1414.999987 -1415.000616 -1415.001127 -1415.001525 -1415.001837 -1415.002084 -1415.002285 -1415.002452 -1415.002595 -1415.002725 -1415.002854 -1415.002995 -1415.003168 -1415.003400 -1415.003732 -1415.004233 -1415.005010 -1415.006243 -1415.008241 -1415.011551 -1415.017172 -1415.026990 -1415.044678 -1415.077538 -1415.140444 -1415.264681 -1415.519666 -1416.070965 -1417.342026 -1420.477571 -1428.824636 -1453.994157 -9999.0 -9999.0
-9999.0 -9999.0 974.066360 876.623832 779.004833 681.073414 582.967618 484.783083 386.573305 288.367682 190.182654 92.027615 -6.088925 -104.156033 -202.159783 -300.041436 -397.682550 -494.866594 -591.232675 -686.186746 -781.632633 -876.118661 -969.387829 -1061.188223 -1137.626664 -1203.541700 -1258.007839 -1301.197846 -1334.183439 -1358.567336 -1376.110003 -1388.458761 -1397.005284 -1402.845300 -1406.799696 -1409.464225 -1411.271868 -1412.590215 -1414.026203 -1417.661207 -1431.657833 -1492.912452 -1828.218386 -3900.544859 -3985.109890 -3985.109206 -3983.877146 -3971.185113 -3919.094263 -3797.638632 -3607.290233 -3356.638833 -3169.485616 -3039.943994 -2916.690276 -2787.571906 -2650.999487 -2511.694126 -2375.711334 -2245.807842 -2104.022921 -1518.743850 -1451.871834 -1423.776426 -1416.728812 -1415.290987 -1415.043723 -1415.004919 -1414.999492 -1414.999356 -1414.999987 -1415.000616 -1415.001127 -1415.001525 -1415.001837 -1415.002084 -1415.002285 -1415.002452 -1415.002595 -1415.002725 -1415.002854 -1415.002995 -1415.003168 -1415.003400 -1415.003732 -1415.004233 -1415.005010 -1415.006243 -1415.008241 -1415.011551 -1415.017172 -1415.026990 -1415.044678 -1415.077538 -1415.140444 -1415.264681 -1415.519666 -1416.070965 -1417.342026 -1420.477571 -1428.824636 -1453.994157 -9999.0 -9999.0
-9999.0 -9999.0 974.063270 876.622636 779.004438 681.073284 582.967574 484.783068 386.573300 288.367680 190.182653 92.027614 -6.088926 -104.156033 -202.159783 -300.041435 -397.682550 -494.866594 -591.232675 -686.186746 -781.632633 -876.118660 -969.387829 -1061.188223 -1137.626664 -1203.541700 -1258.007839 -1301.197845 -1334.183438 -1358.567336 -1376.110002 -1388.458761 -1397.005284 -1402.845300 -1406.799696 -1409.464225 -1411.271868 -1412.590215 -1414.026203 -1417.661207 -1431.657833 -1492.912452 -1828.218386 -3900.544860 -3985.109890 -3985.109206 -3983.877146 -3971.185113 -3919.094263 -3797.638634 -3607.290236 -3356.638834 -3169.485617 -3039.943994 -2916.690276 -2787.571906 -2650.999487 -2511.694126 -2375.711334 -2245.807842 -2104.022921 -1518.743850 -1451.871834 -1423.776426 -1416.728812 -1415.290987 -1415.043723 -1415.004919 -1414.999492 -1414.999356 -1414.999987 -1415.000616 -1415.001127 -1415.001525 -1415.001837 -1415.002084 -1415.002285 -1415.002452 -1415.002595 -1415.002725 -1415.002854 -1415.002995 -1415.003168 -1415.003400 -1415.003732 -1415.004233 -1415.005010 -1415.006243 -1415.008241 -1415.011551 -1415.017172 -1415.026990 -1415.044678 -1415.077538 -1415.140444 -1415.264681 -1415.519666 -1416.070965 -1417.342026 -1420.477571 -1428.824636 -1453.994157 -9999.0 -9999.0
-9999.0 -9999.0 -9999.0 -9999.0 -9999.0 -9999.0 -9999.0 -9999.0 -9999.0 -9999.0 -9999.0 -9999.0 -9999.0 -9999.0 -9999.0 -9999.0 -9999.0 -9999.0 -9999.0 -9999.0 -9999.0 -9999.0 -9999.0 -9999.0 -9999.0 -9999.0 -9999.0 -9999.0 -9999.0 -9999.0 -9999.0 -9999.0 -9999.0 -9999.0 -9999.0 -9999.0 -9999.0 -9999.0 -9999.0 -9999.0 -9999.0 -9999.0 -9999.0 -9999.0 -9999.0 -9999.0 -9999.0 -9999.0 -9999.0 -9999.0 -9999.0 -9999.0 -9999.0 -9999.0 -9999.0 -9999.0 -9999.0 -9999.0 -9999.0 -9999.0 -9999.0 -9999.0 -9999.0 -9999.0 -9999.0 -9999.0 -9999.0 -9999.0 -9999.0 -9999.0 -9999.0 -9999.0 -9999.0 -9999.0 -9999.0 -9999.0 -9999.0 -9999.0 -9999.0 -9999.0 -9999.0 -9999.0 -9999.0 -9999.0 -9999.0 -9999.0 -9999.0 -9999.0 -9999.0 -9999.0 -9999.0 -9999.0 -9999.0 -9999.0 -9999.0 -9999.0 -9999.0 -9999.0 -9999.0 -9999.0 -9999.0 -9999.0 -9999.0 -9999.0
-9999.0 -9999.0 -9999.0 -9999.0 -9999.0 -9999.0 -9999.0 -9999.0 -9999.0 -9999.0 -9999.0 -9999.0 -9999.0 -9999.0 -9999.0 -9999.0 -9999.0 -9999.0 -9999.0 -9999.0 -9999.0 -9999.0 -9999.0 -9999.0 -9999.0 -9999.0 -9999.0 -9999.0 -9999.0 -9999.0 -9999.0 -9999.0 -9999.0 -9999.0 -9999.0 -9999.0 -9999.0 -9999.0 -9999.0 -9999.0 -9999.0 -9999.0 -9999.0 -9999.0 -9999.0 -9999.0 -9999.0 -9999.0 -9999.0 -9999.0 -9999.0 -9999.0 -9999.0 -9999.0 -9999.0 -9999.0 -9999.0 -9999.0 -9999.0 -9999.0 -9999.0 -9999.0 -9999.0 -9999.0 -9999.0 -9999.0 -9999.0 -9999.0 -9999.0 -9999.0 -9999.0 -9999.0 -9999.0 -9999.0 -9999.0 -9999.0 -9999.0 -9999.0 -9999.0 -9999.0 -9999.0 -9999.0 -9999.0 -9999.0 -9999.0 -9999.0 -9999.0 -9999.0 -9999.0 -9999.0 -9999.0 -9999.0 -9999.0 -9999.0 -9999.0 -9999.0 -9999.0 -9999.0 -9999.0 -9999.0 -9999.0 -9999.0 -9999.0 -9999.0