inst/processing_geotop_simulation/geotop_simulation/out/maps3D/PwL0007N0023.asc
ncols         104
nrows         10
xllcorner     -2.000000
yllcorner     0.000000
cellsize      1.000000
NODATA_value  -9999.0
-9999.0 -9999.0 -9999.0 -9999.0 -9999.0 -9999.0 -9999.0 -9999.0 -9999.0 -9999.0 -9999.0 -9999.0 -9999.0 -9999.0 -9999.0 -9999.0 -9999.0 -9999.0 -9999.0 -9999.0 -9999.0 -9999.0 -9999.0 -9999.0 -9999.0 -9999.0 -9999.0 -9999.0 -9999.0 -9999.0 -9999.0 -9999.0 -9999.0 -9999.0 -9999.0 -9999.0 -9999.0 -9999.0 -9999.0 -9999.0 -9999.0 -9999.0 -9999.0 -9999.0 -9999.0 -9999.0 -9999.0 -9999.0 -9999.0 -9999.0 -9999.0 -9999.0 -9999.0 -9999.0 -9999.0 -9999.0 -9999.0 -9999.0 -9999.0 -9999.0 -9999.0 -9999.0 -9999.0 -9999.0 -9999.0 -9999.0 -9999.0 -9999.0 -9999.0 -9999.0 -9999.0 -9999.0 -9999.0 -9999.0 -9999.0 -9999.0 -9999.0 -9999.0 -9999.0 -9999.0 -9999.0 -9999.0 -9999.0 -9999.0 -9999.0 -9999.0 -9999.0 -9999.0 -9999.0 -9999.0 -9999.0 -9999.0 -9999.0 -9999.0 -9999.0 -9999.0 -9999.0 -9999.0 -9999.0 -9999.0 -9999.0 -9999.0 -9999.0 -9999.0
-9999.0 -9999.0 -9999.0 -9999.0 -9999.0 -9999.0 -9999.0 -9999.0 -9999.0 -9999.0 -9999.0 -9999.0 -9999.0 -9999.0 -9999.0 -9999.0 -9999.0 -9999.0 -9999.0 -9999.0 -9999.0 -9999.0 -9999.0 -9999.0 -9999.0 -9999.0 -9999.0 -9999.0 -9999.0 -9999.0 -9999.0 -9999.0 -9999.0 -9999.0 -9999.0 -9999.0 -9999.0 -9999.0 -9999.0 -9999.0 -9999.0 -9999.0 -9999.0 -9999.0 -9999.0 -9999.0 -9999.0 -9999.0 -9999.0 -9999.0 -9999.0 -9999.0 -9999.0 -9999.0 -9999.0 -9999.0 -9999.0 -9999.0 -9999.0 -9999.0 -9999.0 -9999.0 -9999.0 -9999.0 -9999.0 -9999.0 -9999.0 -9999.0 -9999.0 -9999.0 -9999.0 -9999.0 -9999.0 -9999.0 -9999.0 -9999.0 -9999.0 -9999.0 -9999.0 -9999.0 -9999.0 -9999.0 -9999.0 -9999.0 -9999.0 -9999.0 -9999.0 -9999.0 -9999.0 -9999.0 -9999.0 -9999.0 -9999.0 -9999.0 -9999.0 -9999.0 -9999.0 -9999.0 -9999.0 -9999.0 -9999.0 -9999.0 -9999.0 -9999.0
-9999.0 -9999.0 320.787098 223.243760 126.094442 26.413125 -75.031078 -168.632232 -233.893223 -254.858928 -338.453307 -369.202652 -382.754187 -336.679994 -242.493652 -102.788757 52.765318 230.352541 192.060706 147.072791 96.218399 39.231051 -23.880917 -91.764788 -160.514803 -223.493022 -273.587297 -308.016526 -328.869595 -340.523669 -346.724457 -349.814368 -351.120753 -351.295474 -350.524339 -348.727740 -345.540325 -340.071285 -329.535945 -321.004118 -348.992410 -247.041066 -2831.356394 -4567.318353 -4465.618107 -4343.837356 -4264.439978 -4254.398934 -4253.315718 -4253.211273 -4253.205769 -4253.209979 -4253.214897 -4253.219790 -4253.226506 -4253.254480 -4253.493337 -4255.221616 -4267.712189 -4298.559742 -4361.766046 -2662.969885 -248.899459 -295.432742 -319.970308 -333.905819 -342.281768 -347.396852 -350.578668 -352.563843 -353.802461 -354.578318 -355.067686 -355.375581 -355.569659 -355.692421 -355.770053 -355.820075 -355.854639 -355.882121 -355.907929 -355.936666 -355.975107 -356.032203 -356.119447 -356.255615 -356.469745 -356.807097 -357.338990 -358.176874 -359.494968 -361.563220 -364.795770 -369.817661 -377.549548 -389.299651 -406.833488 -432.370593 -468.476821 -518.142678 -586.781246 -684.320838 -9999.0 -9999.0
-9999.0 -9999.0 320.858589 223.265052 126.100895 26.415260 -75.030302 -168.631970 -233.893144 -254.858907 -338.453302 -369.202651 -382.754186 -336.679994 -242.493651 -102.788757 52.765319 230.352541 192.060706 147.072791 96.218399 39.231050 -23.880918 -91.764788 -160.514803 -223.493022 -273.587298 -308.016526 -328.869596 -340.523670 -346.724458 -349.814368 -351.120753 -351.295473 -350.524339 -348.727739 -345.540325 -340.071285 -329.535945 -321.004118 -348.992409 -247.041063 -2831.356393 -4567.318352 -4465.618105 -4343.837348 -4264.439978 -4254.398934 -4253.315718 -4253.211273 -4253.205769 -4253.209979 -4253.214897 -4253.219790 -4253.226507 -4253.254480 -4253.493337 -4255.221616 -4267.712188 -4298.559742 -4361.766046 -2662.969885 -248.899458 -295.432742 -319.970308 -333.905819 -342.281768 -347.396852 -350.578668 -352.563843 -353.802460 -354.578318 -355.067686 -355.375581 -355.569659 -355.692421 -355.770053 -355.820075 -355.854639 -355.882121 -355.907929 -355.936666 -355.975107 -356.032203 -356.119447 -356.255615 -356.469745 -356.807097 -357.338990 -358.176874 -359.494968 -361.563220 -364.795770 -369.817661 -377.549548 -389.299651 -406.833488 -432.370593 -468.476821 -518.142678 -586.781246 -684.320838 -9999.0 -9999.0
-9999.0 -9999.0 320.876777 223.275123 126.105252 26.417007 -75.029604 -168.631723 -233.893067 -254.858887 -338.453298 -369.202650 -382.754186 -336.679994 -242.493651 -102.788757 52.765319 230.352542 192.060706 147.072791 96.218399 39.231050 -23.880918 -91.764788 -160.514803 -223.493022 -273.587298 -308.016526 -328.869596 -340.523670 -346.724458 -349.814368 -351.120753 -351.295474 -350.524339 -348.727739 -345.540325 -340.071285 -329.535945 -321.004118 -348.992408 -247.041063 -2831.356393 -4567.318352 -4465.618105 -4343.837344 -4264.439978 -4254.398934 -4253.315718 -4253.211273 -4253.205769 -4253.209979 -4253.214897 -4253.219790 -4253.226507 -4253.254480 -4253.493337 -4255.221616 -4267.712188 -4298.559742 -4361.766045 -2662.969885 -248.899459 -295.432742 -319.970308 -333.905819 -342.281768 -347.396852 -350.578668 -352.563843 -353.802460 -354.578318 -355.067686 -355.375581 -355.569659 -355.692421 -355.770053 -355.820075 -355.854639 -355.882121 -355.907929 -355.936666 -355.975107 -356.032203 -356.119447 -356.255615 -356.469745 -356.807097 -357.338990 -358.176874 -359.494968 -361.563220 -364.795770 -369.817661 -377.549548 -389.299651 -406.833488 -432.370593 -468.476821 -518.142678 -586.781246 -684.320838 -9999.0 -9999.0
-9999.0 -9999.0 320.876777 223.275123 126.105252 26.417007 -75.029604 -168.631723 -233.893067 -254.858887 -338.453298 -369.202650 -382.754186 -336.679994 -242.493651 -102.788757 52.765319 230.352541 192.060706 147.072791 96.218399 39.231050 -23.880918 -91.764788 -160.514803 -223.493022 -273.587298 -308.016526 -328.869596 -340.523670 -346.724458 -349.814368 -351.120753 -351.295474 -350.524339 -348.727740 -345.540325 -340.071285 -329.535945 -321.004118 -348.992408 -247.041063 -2831.356393 -4567.318352 -4465.618105 -4343.837344 -4264.439978 -4254.398934 -4253.315718 -4253.211273 -4253.205769 -4253.209979 -4253.214897 -4253.219790 -4253.226507 -4253.254480 -4253.493337 -4255.221616 -4267.712188 -4298.559742 -4361.766045 -2662.969885 -248.899458 -295.432742 -319.970308 -333.905819 -342.281768 -347.396852 -350.578668 -352.563843 -353.802460 -354.578318 -355.067686 -355.375581 -355.569659 -355.692421 -355.770053 -355.820075 -355.854639 -355.882121 -355.907929 -355.936666 -355.975107 -356.032203 -356.119447 -356.255615 -356.469745 -356.807097 -357.338990 -358.176874 -359.494968 -361.563220 -364.795770 -369.817661 -377.549548 -389.299651 -406.833488 -432.370593 -468.476821 -518.142678 -586.781246 -684.320838 -9999.0 -9999.0
-9999.0 -9999.0 320.858589 223.265052 126.100895 26.415260 -75.030302 -168.631970 -233.893144 -254.858907 -338.453302 -369.202651 -382.754186 -336.679994 -242.493652 -102.788757 52.765319 230.352542 192.060706 147.072791 96.218399 39.231050 -23.880918 -91.764788 -160.514803 -223.493022 -273.587298 -308.016526 -328.869596 -340.523670 -346.724458 -349.814368 -351.120753 -351.295473 -350.524339 -348.727739 -345.540325 -340.071285 -329.535945 -321.004118 -348.992409 -247.041063 -2831.356393 -4567.318352 -4465.618105 -4343.837348 -4264.439978 -4254.398934 -4253.315718 -4253.211273 -4253.205769 -4253.209979 -4253.214897 -4253.219790 -4253.226507 -4253.254480 -4253.493337 -4255.221616 -4267.712188 -4298.559742 -4361.766046 -2662.969885 -248.899458 -295.432742 -319.970308 -333.905819 -342.281768 -347.396852 -350.578668 -352.563843 -353.802460 -354.578318 -355.067686 -355.375581 -355.569659 -355.692421 -355.770053 -355.820075 -355.854639 -355.882121 -355.907929 -355.936666 -355.975107 -356.032203 -356.119447 -356.255615 -356.469745 -356.807097 -357.338990 -358.176874 -359.494968 -361.563220 -364.795770 -369.817661 -377.549548 -389.299651 -406.833488 -432.370593 -468.476821 -518.142678 -586.781246 -684.320838 -9999.0 -9999.0
-9999.0 -9999.0 320.787098 223.243760 126.094441 26.413125 -75.031078 -168.632232 -233.893223 -254.858927 -338.453307 -369.202652 -382.754187 -336.679994 -242.493652 -102.788757 52.765319 230.352541 192.060706 147.072791 96.218400 39.231051 -23.880917 -91.764788 -160.514803 -223.493022 -273.587297 -308.016526 -328.869595 -340.523669 -346.724457 -349.814368 -351.120753 -351.295474 -350.524338 -348.727740 -345.540325 -340.071285 -329.535945 -321.004118 -348.992410 -247.041066 -2831.356394 -4567.318353 -4465.618107 -4343.837356 -4264.439978 -4254.398934 -4253.315718 -4253.211273 -4253.205769 -4253.209979 -4253.214897 -4253.219790 -4253.226506 -4253.254480 -4253.493337 -4255.221616 -4267.712189 -4298.559742 -4361.766046 -2662.969885 -248.899458 -295.432742 -319.970308 -333.905819 -342.281768 -347.396852 -350.578668 -352.563843 -353.802461 -354.578318 -355.067686 -355.375581 -355.569659 -355.692421 -355.770053 -355.820075 -355.854639 -355.882121 -355.907929 -355.936666 -355.975107 -356.032203 -356.119447 -356.255615 -356.469745 -356.807097 -357.338990 -358.176874 -359.494968 -361.563220 -364.795770 -369.817661 -377.549548 -389.299651 -406.833488 -432.370593 -468.476821 -518.142678 -586.781246 -684.320838 -9999.0 -9999.0
-9999.0 -9999.0 -9999.0 -9999.0 -9999.0 -9999.0 -9999.0 -9999.0 -9999.0 -9999.0 -9999.0 -9999.0 -9999.0 -9999.0 -9999.0 -9999.0 -9999.0 -9999.0 -9999.0 -9999.0 -9999.0 -9999.0 -9999.0 -9999.0 -9999.0 -9999.0 -9999.0 -9999.0 -9999.0 -9999.0 -9999.0 -9999.0 -9999.0 -9999.0 -9999.0 -9999.0 -9999.0 -9999.0 -9999.0 -9999.0 -9999.0 -9999.0 -9999.0 -9999.0 -9999.0 -9999.0 -9999.0 -9999.0 -9999.0 -9999.0 -9999.0 -9999.0 -9999.0 -9999.0 -9999.0 -9999.0 -9999.0 -9999.0 -9999.0 -9999.0 -9999.0 -9999.0 -9999.0 -9999.0 -9999.0 -9999.0 -9999.0 -9999.0 -9999.0 -9999.0 -9999.0 -9999.0 -9999.0 -9999.0 -9999.0 -9999.0 -9999.0 -9999.0 -9999.0 -9999.0 -9999.0 -9999.0 -9999.0 -9999.0 -9999.0 -9999.0 -9999.0 -9999.0 -9999.0 -9999.0 -9999.0 -9999.0 -9999.0 -9999.0 -9999.0 -9999.0 -9999.0 -9999.0 -9999.0 -9999.0 -9999.0 -9999.0 -9999.0 -9999.0
-9999.0 -9999.0 -9999.0 -9999.0 -9999.0 -9999.0 -9999.0 -9999.0 -9999.0 -9999.0 -9999.0 -9999.0 -9999.0 -9999.0 -9999.0 -9999.0 -9999.0 -9999.0 -9999.0 -9999.0 -9999.0 -9999.0 -9999.0 -9999.0 -9999.0 -9999.0 -9999.0 -9999.0 -9999.0 -9999.0 -9999.0 -9999.0 -9999.0 -9999.0 -9999.0 -9999.0 -9999.0 -9999.0 -9999.0 -9999.0 -9999.0 -9999.0 -9999.0 -9999.0 -9999.0 -9999.0 -9999.0 -9999.0 -9999.0 -9999.0 -9999.0 -9999.0 -9999.0 -9999.0 -9999.0 -9999.0 -9999.0 -9999.0 -9999.0 -9999.0 -9999.0 -9999.0 -9999.0 -9999.0 -9999.0 -9999.0 -9999.0 -9999.0 -9999.0 -9999.0 -9999.0 -9999.0 -9999.0 -9999.0 -9999.0 -9999.0 -9999.0 -9999.0 -9999.0 -9999.0 -9999.0 -9999.0 -9999.0 -9999.0 -9999.0 -9999.0 -9999.0 -9999.0 -9999.0 -9999.0 -9999.0 -9999.0 -9999.0 -9999.0 -9999.0 -9999.0 -9999.0 -9999.0 -9999.0 -9999.0 -9999.0 -9999.0 -9999.0 -9999.0