inst/processing_geotop_simulation/geotop_simulation/out/maps3D/PwL0012N0350.asc
ncols         104
nrows         10
xllcorner     -2.000000
yllcorner     0.000000
cellsize      1.000000
NODATA_value  -9999.0
-9999.0 -9999.0 -9999.0 -9999.0 -9999.0 -9999.0 -9999.0 -9999.0 -9999.0 -9999.0 -9999.0 -9999.0 -9999.0 -9999.0 -9999.0 -9999.0 -9999.0 -9999.0 -9999.0 -9999.0 -9999.0 -9999.0 -9999.0 -9999.0 -9999.0 -9999.0 -9999.0 -9999.0 -9999.0 -9999.0 -9999.0 -9999.0 -9999.0 -9999.0 -9999.0 -9999.0 -9999.0 -9999.0 -9999.0 -9999.0 -9999.0 -9999.0 -9999.0 -9999.0 -9999.0 -9999.0 -9999.0 -9999.0 -9999.0 -9999.0 -9999.0 -9999.0 -9999.0 -9999.0 -9999.0 -9999.0 -9999.0 -9999.0 -9999.0 -9999.0 -9999.0 -9999.0 -9999.0 -9999.0 -9999.0 -9999.0 -9999.0 -9999.0 -9999.0 -9999.0 -9999.0 -9999.0 -9999.0 -9999.0 -9999.0 -9999.0 -9999.0 -9999.0 -9999.0 -9999.0 -9999.0 -9999.0 -9999.0 -9999.0 -9999.0 -9999.0 -9999.0 -9999.0 -9999.0 -9999.0 -9999.0 -9999.0 -9999.0 -9999.0 -9999.0 -9999.0 -9999.0 -9999.0 -9999.0 -9999.0 -9999.0 -9999.0 -9999.0 -9999.0
-9999.0 -9999.0 -9999.0 -9999.0 -9999.0 -9999.0 -9999.0 -9999.0 -9999.0 -9999.0 -9999.0 -9999.0 -9999.0 -9999.0 -9999.0 -9999.0 -9999.0 -9999.0 -9999.0 -9999.0 -9999.0 -9999.0 -9999.0 -9999.0 -9999.0 -9999.0 -9999.0 -9999.0 -9999.0 -9999.0 -9999.0 -9999.0 -9999.0 -9999.0 -9999.0 -9999.0 -9999.0 -9999.0 -9999.0 -9999.0 -9999.0 -9999.0 -9999.0 -9999.0 -9999.0 -9999.0 -9999.0 -9999.0 -9999.0 -9999.0 -9999.0 -9999.0 -9999.0 -9999.0 -9999.0 -9999.0 -9999.0 -9999.0 -9999.0 -9999.0 -9999.0 -9999.0 -9999.0 -9999.0 -9999.0 -9999.0 -9999.0 -9999.0 -9999.0 -9999.0 -9999.0 -9999.0 -9999.0 -9999.0 -9999.0 -9999.0 -9999.0 -9999.0 -9999.0 -9999.0 -9999.0 -9999.0 -9999.0 -9999.0 -9999.0 -9999.0 -9999.0 -9999.0 -9999.0 -9999.0 -9999.0 -9999.0 -9999.0 -9999.0 -9999.0 -9999.0 -9999.0 -9999.0 -9999.0 -9999.0 -9999.0 -9999.0 -9999.0 -9999.0
-9999.0 -9999.0 572.658733 474.453353 375.767816 276.815828 177.745843 78.626189 -20.507649 -119.637098 -218.753836 -317.840537 -416.865580 -515.762022 -614.427377 -712.739176 -811.194099 -909.457459 -1007.487403 -1105.229879 -1200.160337 -1291.482853 -1376.739214 -1453.314664 -1519.232252 -1573.638232 -1616.836483 -1649.992523 -1674.722675 -1692.738104 -1705.613731 -1714.676790 -1720.980127 -1725.323493 -1728.295851 -1730.323744 -1731.724616 -1732.797702 -1734.094239 -1737.160555 -1744.661045 -1747.224483 -1521.986420 -2140.604485 -1997.227840 -1908.827443 -1870.039087 -1864.932552 -1864.412367 -1864.464636 -1864.598092 -1864.741253 -1864.878732 -1865.005986 -1865.123827 -1865.258636 -1865.668799 -1868.554555 -1888.351994 -1934.425045 -1988.095191 -1406.888460 -1710.575170 -1736.914148 -1735.895166 -1734.921337 -1734.681156 -1734.636641 -1734.629647 -1734.629049 -1734.629442 -1734.629905 -1734.630292 -1734.630598 -1734.630839 -1734.631032 -1734.631190 -1734.631323 -1734.631439 -1734.631546 -1734.631654 -1734.631772 -1734.631916 -1734.632108 -1734.632380 -1734.632786 -1734.633412 -1734.634401 -1734.636001 -1734.638653 -1734.643169 -1734.651088 -1734.665414 -1734.692151 -1734.743576 -1734.845683 -1735.056492 -1735.514931 -1736.580316 -1739.267703 -1746.815605 -1771.311779 -9999.0 -9999.0
-9999.0 -9999.0 572.663761 474.454865 375.768252 276.815962 177.745887 78.626204 -20.507643 -119.637095 -218.753834 -317.840536 -416.865579 -515.762022 -614.427377 -712.739176 -811.194099 -909.457459 -1007.487403 -1105.229879 -1200.160338 -1291.482853 -1376.739214 -1453.314664 -1519.232252 -1573.638232 -1616.836483 -1649.992523 -1674.722675 -1692.738104 -1705.613731 -1714.676790 -1720.980127 -1725.323493 -1728.295851 -1730.323744 -1731.724616 -1732.797702 -1734.094239 -1737.160555 -1744.661045 -1747.224482 -1521.986420 -2140.604484 -1997.227839 -1908.827441 -1870.039087 -1864.932552 -1864.412367 -1864.464636 -1864.598092 -1864.741253 -1864.878732 -1865.005986 -1865.123827 -1865.258636 -1865.668799 -1868.554555 -1888.351994 -1934.425045 -1988.095191 -1406.888460 -1710.575170 -1736.914148 -1735.895166 -1734.921337 -1734.681156 -1734.636641 -1734.629647 -1734.629049 -1734.629442 -1734.629905 -1734.630292 -1734.630598 -1734.630839 -1734.631032 -1734.631190 -1734.631323 -1734.631439 -1734.631546 -1734.631654 -1734.631772 -1734.631916 -1734.632108 -1734.632380 -1734.632786 -1734.633412 -1734.634401 -1734.636001 -1734.638653 -1734.643169 -1734.651088 -1734.665414 -1734.692151 -1734.743576 -1734.845683 -1735.056492 -1735.514931 -1736.580316 -1739.267703 -1746.815605 -1771.311779 -9999.0 -9999.0
-9999.0 -9999.0 572.665112 474.455570 375.768538 276.816068 177.745925 78.626218 -20.507638 -119.637093 -218.753834 -317.840536 -416.865579 -515.762022 -614.427377 -712.739176 -811.194099 -909.457459 -1007.487403 -1105.229879 -1200.160338 -1291.482853 -1376.739214 -1453.314664 -1519.232252 -1573.638232 -1616.836483 -1649.992523 -1674.722675 -1692.738104 -1705.613731 -1714.676790 -1720.980127 -1725.323493 -1728.295851 -1730.323744 -1731.724616 -1732.797702 -1734.094239 -1737.160555 -1744.661045 -1747.224482 -1521.986420 -2140.604484 -1997.227839 -1908.827440 -1870.039087 -1864.932552 -1864.412367 -1864.464636 -1864.598092 -1864.741253 -1864.878732 -1865.005986 -1865.123827 -1865.258636 -1865.668799 -1868.554555 -1888.351994 -1934.425045 -1988.095191 -1406.888460 -1710.575170 -1736.914148 -1735.895166 -1734.921337 -1734.681156 -1734.636641 -1734.629647 -1734.629049 -1734.629442 -1734.629905 -1734.630292 -1734.630598 -1734.630839 -1734.631032 -1734.631190 -1734.631323 -1734.631439 -1734.631546 -1734.631654 -1734.631772 -1734.631916 -1734.632108 -1734.632380 -1734.632786 -1734.633412 -1734.634401 -1734.636001 -1734.638653 -1734.643169 -1734.651088 -1734.665414 -1734.692151 -1734.743576 -1734.845683 -1735.056492 -1735.514931 -1736.580316 -1739.267703 -1746.815605 -1771.311779 -9999.0 -9999.0
-9999.0 -9999.0 572.665112 474.455570 375.768538 276.816068 177.745925 78.626218 -20.507638 -119.637093 -218.753834 -317.840536 -416.865579 -515.762022 -614.427377 -712.739176 -811.194099 -909.457459 -1007.487403 -1105.229879 -1200.160338 -1291.482853 -1376.739214 -1453.314664 -1519.232252 -1573.638232 -1616.836483 -1649.992523 -1674.722675 -1692.738104 -1705.613731 -1714.676790 -1720.980127 -1725.323493 -1728.295851 -1730.323744 -1731.724616 -1732.797702 -1734.094239 -1737.160555 -1744.661045 -1747.224482 -1521.986420 -2140.604484 -1997.227839 -1908.827440 -1870.039087 -1864.932552 -1864.412367 -1864.464636 -1864.598092 -1864.741253 -1864.878732 -1865.005986 -1865.123827 -1865.258636 -1865.668799 -1868.554555 -1888.351994 -1934.425045 -1988.095191 -1406.888460 -1710.575170 -1736.914148 -1735.895166 -1734.921337 -1734.681156 -1734.636641 -1734.629647 -1734.629049 -1734.629442 -1734.629905 -1734.630292 -1734.630598 -1734.630839 -1734.631032 -1734.631190 -1734.631323 -1734.631439 -1734.631546 -1734.631654 -1734.631772 -1734.631916 -1734.632108 -1734.632380 -1734.632786 -1734.633412 -1734.634401 -1734.636001 -1734.638653 -1734.643169 -1734.651088 -1734.665414 -1734.692151 -1734.743576 -1734.845683 -1735.056492 -1735.514931 -1736.580316 -1739.267703 -1746.815605 -1771.311779 -9999.0 -9999.0
-9999.0 -9999.0 572.663761 474.454865 375.768252 276.815962 177.745887 78.626204 -20.507643 -119.637095 -218.753834 -317.840536 -416.865579 -515.762022 -614.427377 -712.739176 -811.194099 -909.457459 -1007.487403 -1105.229879 -1200.160338 -1291.482853 -1376.739214 -1453.314664 -1519.232252 -1573.638232 -1616.836483 -1649.992523 -1674.722675 -1692.738104 -1705.613731 -1714.676790 -1720.980127 -1725.323493 -1728.295851 -1730.323744 -1731.724616 -1732.797702 -1734.094239 -1737.160555 -1744.661045 -1747.224482 -1521.986420 -2140.604484 -1997.227839 -1908.827441 -1870.039087 -1864.932552 -1864.412367 -1864.464636 -1864.598092 -1864.741253 -1864.878732 -1865.005986 -1865.123827 -1865.258636 -1865.668799 -1868.554555 -1888.351994 -1934.425045 -1988.095191 -1406.888460 -1710.575170 -1736.914148 -1735.895166 -1734.921337 -1734.681156 -1734.636641 -1734.629647 -1734.629049 -1734.629442 -1734.629905 -1734.630292 -1734.630598 -1734.630839 -1734.631032 -1734.631190 -1734.631323 -1734.631439 -1734.631546 -1734.631654 -1734.631772 -1734.631916 -1734.632108 -1734.632380 -1734.632786 -1734.633412 -1734.634401 -1734.636001 -1734.638653 -1734.643169 -1734.651088 -1734.665414 -1734.692151 -1734.743576 -1734.845683 -1735.056492 -1735.514931 -1736.580316 -1739.267703 -1746.815605 -1771.311779 -9999.0 -9999.0
-9999.0 -9999.0 572.658733 474.453353 375.767816 276.815828 177.745843 78.626189 -20.507649 -119.637098 -218.753836 -317.840537 -416.865580 -515.762022 -614.427377 -712.739176 -811.194099 -909.457459 -1007.487403 -1105.229879 -1200.160337 -1291.482853 -1376.739214 -1453.314664 -1519.232252 -1573.638232 -1616.836483 -1649.992523 -1674.722675 -1692.738104 -1705.613731 -1714.676790 -1720.980127 -1725.323493 -1728.295851 -1730.323744 -1731.724616 -1732.797702 -1734.094239 -1737.160555 -1744.661045 -1747.224483 -1521.986420 -2140.604485 -1997.227840 -1908.827443 -1870.039087 -1864.932552 -1864.412367 -1864.464636 -1864.598092 -1864.741253 -1864.878732 -1865.005986 -1865.123827 -1865.258636 -1865.668799 -1868.554555 -1888.351994 -1934.425045 -1988.095191 -1406.888460 -1710.575170 -1736.914148 -1735.895166 -1734.921337 -1734.681156 -1734.636641 -1734.629647 -1734.629049 -1734.629442 -1734.629905 -1734.630292 -1734.630598 -1734.630839 -1734.631032 -1734.631190 -1734.631323 -1734.631439 -1734.631546 -1734.631654 -1734.631772 -1734.631916 -1734.632108 -1734.632380 -1734.632786 -1734.633412 -1734.634401 -1734.636001 -1734.638653 -1734.643169 -1734.651088 -1734.665414 -1734.692151 -1734.743576 -1734.845683 -1735.056492 -1735.514931 -1736.580316 -1739.267703 -1746.815605 -1771.311779 -9999.0 -9999.0
-9999.0 -9999.0 -9999.0 -9999.0 -9999.0 -9999.0 -9999.0 -9999.0 -9999.0 -9999.0 -9999.0 -9999.0 -9999.0 -9999.0 -9999.0 -9999.0 -9999.0 -9999.0 -9999.0 -9999.0 -9999.0 -9999.0 -9999.0 -9999.0 -9999.0 -9999.0 -9999.0 -9999.0 -9999.0 -9999.0 -9999.0 -9999.0 -9999.0 -9999.0 -9999.0 -9999.0 -9999.0 -9999.0 -9999.0 -9999.0 -9999.0 -9999.0 -9999.0 -9999.0 -9999.0 -9999.0 -9999.0 -9999.0 -9999.0 -9999.0 -9999.0 -9999.0 -9999.0 -9999.0 -9999.0 -9999.0 -9999.0 -9999.0 -9999.0 -9999.0 -9999.0 -9999.0 -9999.0 -9999.0 -9999.0 -9999.0 -9999.0 -9999.0 -9999.0 -9999.0 -9999.0 -9999.0 -9999.0 -9999.0 -9999.0 -9999.0 -9999.0 -9999.0 -9999.0 -9999.0 -9999.0 -9999.0 -9999.0 -9999.0 -9999.0 -9999.0 -9999.0 -9999.0 -9999.0 -9999.0 -9999.0 -9999.0 -9999.0 -9999.0 -9999.0 -9999.0 -9999.0 -9999.0 -9999.0 -9999.0 -9999.0 -9999.0 -9999.0 -9999.0
-9999.0 -9999.0 -9999.0 -9999.0 -9999.0 -9999.0 -9999.0 -9999.0 -9999.0 -9999.0 -9999.0 -9999.0 -9999.0 -9999.0 -9999.0 -9999.0 -9999.0 -9999.0 -9999.0 -9999.0 -9999.0 -9999.0 -9999.0 -9999.0 -9999.0 -9999.0 -9999.0 -9999.0 -9999.0 -9999.0 -9999.0 -9999.0 -9999.0 -9999.0 -9999.0 -9999.0 -9999.0 -9999.0 -9999.0 -9999.0 -9999.0 -9999.0 -9999.0 -9999.0 -9999.0 -9999.0 -9999.0 -9999.0 -9999.0 -9999.0 -9999.0 -9999.0 -9999.0 -9999.0 -9999.0 -9999.0 -9999.0 -9999.0 -9999.0 -9999.0 -9999.0 -9999.0 -9999.0 -9999.0 -9999.0 -9999.0 -9999.0 -9999.0 -9999.0 -9999.0 -9999.0 -9999.0 -9999.0 -9999.0 -9999.0 -9999.0 -9999.0 -9999.0 -9999.0 -9999.0 -9999.0 -9999.0 -9999.0 -9999.0 -9999.0 -9999.0 -9999.0 -9999.0 -9999.0 -9999.0 -9999.0 -9999.0 -9999.0 -9999.0 -9999.0 -9999.0 -9999.0 -9999.0 -9999.0 -9999.0 -9999.0 -9999.0 -9999.0 -9999.0