inst/processing_geotop_simulation/geotop_simulation/out/maps3D/PwL0006N0121.asc
ncols         104
nrows         10
xllcorner     -2.000000
yllcorner     0.000000
cellsize      1.000000
NODATA_value  -9999.0
-9999.0 -9999.0 -9999.0 -9999.0 -9999.0 -9999.0 -9999.0 -9999.0 -9999.0 -9999.0 -9999.0 -9999.0 -9999.0 -9999.0 -9999.0 -9999.0 -9999.0 -9999.0 -9999.0 -9999.0 -9999.0 -9999.0 -9999.0 -9999.0 -9999.0 -9999.0 -9999.0 -9999.0 -9999.0 -9999.0 -9999.0 -9999.0 -9999.0 -9999.0 -9999.0 -9999.0 -9999.0 -9999.0 -9999.0 -9999.0 -9999.0 -9999.0 -9999.0 -9999.0 -9999.0 -9999.0 -9999.0 -9999.0 -9999.0 -9999.0 -9999.0 -9999.0 -9999.0 -9999.0 -9999.0 -9999.0 -9999.0 -9999.0 -9999.0 -9999.0 -9999.0 -9999.0 -9999.0 -9999.0 -9999.0 -9999.0 -9999.0 -9999.0 -9999.0 -9999.0 -9999.0 -9999.0 -9999.0 -9999.0 -9999.0 -9999.0 -9999.0 -9999.0 -9999.0 -9999.0 -9999.0 -9999.0 -9999.0 -9999.0 -9999.0 -9999.0 -9999.0 -9999.0 -9999.0 -9999.0 -9999.0 -9999.0 -9999.0 -9999.0 -9999.0 -9999.0 -9999.0 -9999.0 -9999.0 -9999.0 -9999.0 -9999.0 -9999.0 -9999.0
-9999.0 -9999.0 -9999.0 -9999.0 -9999.0 -9999.0 -9999.0 -9999.0 -9999.0 -9999.0 -9999.0 -9999.0 -9999.0 -9999.0 -9999.0 -9999.0 -9999.0 -9999.0 -9999.0 -9999.0 -9999.0 -9999.0 -9999.0 -9999.0 -9999.0 -9999.0 -9999.0 -9999.0 -9999.0 -9999.0 -9999.0 -9999.0 -9999.0 -9999.0 -9999.0 -9999.0 -9999.0 -9999.0 -9999.0 -9999.0 -9999.0 -9999.0 -9999.0 -9999.0 -9999.0 -9999.0 -9999.0 -9999.0 -9999.0 -9999.0 -9999.0 -9999.0 -9999.0 -9999.0 -9999.0 -9999.0 -9999.0 -9999.0 -9999.0 -9999.0 -9999.0 -9999.0 -9999.0 -9999.0 -9999.0 -9999.0 -9999.0 -9999.0 -9999.0 -9999.0 -9999.0 -9999.0 -9999.0 -9999.0 -9999.0 -9999.0 -9999.0 -9999.0 -9999.0 -9999.0 -9999.0 -9999.0 -9999.0 -9999.0 -9999.0 -9999.0 -9999.0 -9999.0 -9999.0 -9999.0 -9999.0 -9999.0 -9999.0 -9999.0 -9999.0 -9999.0 -9999.0 -9999.0 -9999.0 -9999.0 -9999.0 -9999.0 -9999.0 -9999.0
-9999.0 -9999.0 287.294200 201.632337 110.036325 16.414089 -77.987784 -172.715165 -267.543259 -362.321929 -456.945602 -551.444624 -646.983430 -746.733498 -847.455464 -945.586111 -1042.254976 -1139.465704 -1230.297307 -1296.739153 -1335.698546 -1356.919943 -1367.705269 -1373.187960 -1376.330199 -1378.580261 -1380.506696 -1382.244260 -1383.770220 -1385.044703 -1386.057946 -1386.830473 -1387.399862 -1387.807939 -1388.093234 -1388.289614 -1388.432642 -1388.572346 -1388.821293 -1389.995641 -1397.648588 -1430.165443 -1042.881458 -1071.221763 -1044.841788 -1028.802978 -1021.380375 -1020.399245 -1020.301018 -1020.315014 -1020.345595 -1020.378186 -1020.409462 -1020.438397 -1020.465072 -1020.494451 -1020.575883 -1021.136027 -1024.983498 -1033.750286 -1048.068428 -1002.973298 -1408.439110 -1394.169191 -1389.593219 -1388.908414 -1388.804234 -1388.787002 -1388.785411 -1388.786700 -1388.788245 -1388.789532 -1388.790520 -1388.791267 -1388.791837 -1388.792278 -1388.792626 -1388.792906 -1388.793138 -1388.793342 -1388.793540 -1388.793758 -1388.794030 -1388.794405 -1388.794959 -1388.795809 -1388.797142 -1388.799269 -1388.802710 -1388.808364 -1388.817841 -1388.834120 -1388.862894 -1388.915312 -1389.013527 -1389.201851 -1389.569710 -1390.303047 -1391.815440 -1395.117605 -1402.962803 -1424.988084 -9999.0 -9999.0
-9999.0 -9999.0 287.303780 201.634567 110.036911 16.414261 -77.987730 -172.715147 -267.543253 -362.321927 -456.945601 -551.444624 -646.983430 -746.733498 -847.455464 -945.586111 -1042.254976 -1139.465704 -1230.297307 -1296.739153 -1335.698546 -1356.919943 -1367.705269 -1373.187960 -1376.330199 -1378.580261 -1380.506696 -1382.244260 -1383.770220 -1385.044703 -1386.057946 -1386.830473 -1387.399862 -1387.807939 -1388.093234 -1388.289614 -1388.432642 -1388.572346 -1388.821293 -1389.995641 -1397.648588 -1430.165443 -1042.881458 -1071.221763 -1044.841788 -1028.802978 -1021.380375 -1020.399245 -1020.301018 -1020.315014 -1020.345595 -1020.378186 -1020.409462 -1020.438397 -1020.465072 -1020.494451 -1020.575883 -1021.136027 -1024.983498 -1033.750286 -1048.068428 -1002.973298 -1408.439110 -1394.169191 -1389.593219 -1388.908414 -1388.804234 -1388.787002 -1388.785411 -1388.786700 -1388.788245 -1388.789532 -1388.790520 -1388.791267 -1388.791837 -1388.792278 -1388.792626 -1388.792906 -1388.793138 -1388.793342 -1388.793540 -1388.793758 -1388.794030 -1388.794405 -1388.794959 -1388.795809 -1388.797142 -1388.799269 -1388.802710 -1388.808364 -1388.817841 -1388.834120 -1388.862894 -1388.915312 -1389.013527 -1389.201851 -1389.569710 -1390.303047 -1391.815440 -1395.117605 -1402.962803 -1424.988084 -9999.0 -9999.0
-9999.0 -9999.0 287.305440 201.635494 110.037281 16.414396 -77.987682 -172.715130 -267.543247 -362.321925 -456.945601 -551.444624 -646.983430 -746.733498 -847.455464 -945.586111 -1042.254976 -1139.465704 -1230.297307 -1296.739153 -1335.698546 -1356.919943 -1367.705269 -1373.187960 -1376.330199 -1378.580261 -1380.506696 -1382.244260 -1383.770220 -1385.044703 -1386.057946 -1386.830473 -1387.399862 -1387.807939 -1388.093234 -1388.289614 -1388.432642 -1388.572346 -1388.821293 -1389.995641 -1397.648588 -1430.165443 -1042.881458 -1071.221763 -1044.841788 -1028.802978 -1021.380375 -1020.399245 -1020.301018 -1020.315014 -1020.345595 -1020.378186 -1020.409462 -1020.438397 -1020.465072 -1020.494451 -1020.575883 -1021.136027 -1024.983498 -1033.750286 -1048.068428 -1002.973298 -1408.439110 -1394.169191 -1389.593219 -1388.908414 -1388.804234 -1388.787002 -1388.785411 -1388.786700 -1388.788245 -1388.789532 -1388.790520 -1388.791267 -1388.791837 -1388.792278 -1388.792626 -1388.792906 -1388.793138 -1388.793342 -1388.793540 -1388.793758 -1388.794030 -1388.794405 -1388.794959 -1388.795809 -1388.797142 -1388.799269 -1388.802710 -1388.808364 -1388.817841 -1388.834120 -1388.862894 -1388.915312 -1389.013527 -1389.201851 -1389.569710 -1390.303047 -1391.815440 -1395.117605 -1402.962803 -1424.988084 -9999.0 -9999.0
-9999.0 -9999.0 287.305440 201.635494 110.037281 16.414396 -77.987682 -172.715130 -267.543247 -362.321925 -456.945601 -551.444624 -646.983430 -746.733498 -847.455464 -945.586111 -1042.254976 -1139.465704 -1230.297307 -1296.739153 -1335.698546 -1356.919943 -1367.705269 -1373.187960 -1376.330199 -1378.580261 -1380.506696 -1382.244260 -1383.770220 -1385.044703 -1386.057946 -1386.830473 -1387.399862 -1387.807939 -1388.093234 -1388.289614 -1388.432642 -1388.572346 -1388.821293 -1389.995641 -1397.648588 -1430.165443 -1042.881458 -1071.221763 -1044.841788 -1028.802978 -1021.380375 -1020.399245 -1020.301018 -1020.315014 -1020.345595 -1020.378186 -1020.409462 -1020.438397 -1020.465072 -1020.494451 -1020.575883 -1021.136027 -1024.983498 -1033.750286 -1048.068428 -1002.973298 -1408.439110 -1394.169191 -1389.593219 -1388.908414 -1388.804234 -1388.787002 -1388.785411 -1388.786700 -1388.788245 -1388.789532 -1388.790520 -1388.791267 -1388.791837 -1388.792278 -1388.792626 -1388.792906 -1388.793138 -1388.793342 -1388.793540 -1388.793758 -1388.794030 -1388.794405 -1388.794959 -1388.795809 -1388.797142 -1388.799269 -1388.802710 -1388.808364 -1388.817841 -1388.834120 -1388.862894 -1388.915312 -1389.013527 -1389.201851 -1389.569710 -1390.303047 -1391.815440 -1395.117605 -1402.962803 -1424.988084 -9999.0 -9999.0
-9999.0 -9999.0 287.303780 201.634567 110.036911 16.414261 -77.987730 -172.715147 -267.543253 -362.321927 -456.945601 -551.444624 -646.983430 -746.733498 -847.455464 -945.586111 -1042.254976 -1139.465704 -1230.297307 -1296.739153 -1335.698546 -1356.919943 -1367.705269 -1373.187960 -1376.330199 -1378.580261 -1380.506696 -1382.244260 -1383.770220 -1385.044703 -1386.057946 -1386.830473 -1387.399862 -1387.807939 -1388.093234 -1388.289614 -1388.432642 -1388.572346 -1388.821293 -1389.995641 -1397.648588 -1430.165443 -1042.881458 -1071.221763 -1044.841788 -1028.802978 -1021.380375 -1020.399245 -1020.301018 -1020.315014 -1020.345595 -1020.378186 -1020.409462 -1020.438397 -1020.465072 -1020.494451 -1020.575883 -1021.136027 -1024.983498 -1033.750286 -1048.068428 -1002.973298 -1408.439110 -1394.169191 -1389.593219 -1388.908414 -1388.804234 -1388.787002 -1388.785411 -1388.786700 -1388.788245 -1388.789532 -1388.790520 -1388.791267 -1388.791837 -1388.792278 -1388.792626 -1388.792906 -1388.793138 -1388.793342 -1388.793540 -1388.793758 -1388.794030 -1388.794405 -1388.794959 -1388.795809 -1388.797142 -1388.799269 -1388.802710 -1388.808364 -1388.817841 -1388.834120 -1388.862894 -1388.915312 -1389.013527 -1389.201851 -1389.569710 -1390.303047 -1391.815440 -1395.117605 -1402.962803 -1424.988084 -9999.0 -9999.0
-9999.0 -9999.0 287.294200 201.632337 110.036325 16.414089 -77.987784 -172.715165 -267.543259 -362.321929 -456.945602 -551.444624 -646.983430 -746.733498 -847.455464 -945.586111 -1042.254976 -1139.465704 -1230.297307 -1296.739153 -1335.698546 -1356.919943 -1367.705269 -1373.187960 -1376.330199 -1378.580261 -1380.506696 -1382.244260 -1383.770220 -1385.044703 -1386.057946 -1386.830473 -1387.399862 -1387.807939 -1388.093234 -1388.289614 -1388.432642 -1388.572346 -1388.821293 -1389.995641 -1397.648588 -1430.165443 -1042.881458 -1071.221763 -1044.841788 -1028.802978 -1021.380375 -1020.399245 -1020.301018 -1020.315014 -1020.345595 -1020.378186 -1020.409462 -1020.438397 -1020.465072 -1020.494451 -1020.575883 -1021.136027 -1024.983498 -1033.750286 -1048.068428 -1002.973298 -1408.439110 -1394.169191 -1389.593219 -1388.908414 -1388.804234 -1388.787002 -1388.785411 -1388.786700 -1388.788245 -1388.789532 -1388.790520 -1388.791267 -1388.791837 -1388.792278 -1388.792626 -1388.792906 -1388.793138 -1388.793342 -1388.793540 -1388.793758 -1388.794030 -1388.794405 -1388.794959 -1388.795809 -1388.797142 -1388.799269 -1388.802710 -1388.808364 -1388.817841 -1388.834120 -1388.862894 -1388.915312 -1389.013527 -1389.201851 -1389.569710 -1390.303047 -1391.815440 -1395.117605 -1402.962803 -1424.988084 -9999.0 -9999.0
-9999.0 -9999.0 -9999.0 -9999.0 -9999.0 -9999.0 -9999.0 -9999.0 -9999.0 -9999.0 -9999.0 -9999.0 -9999.0 -9999.0 -9999.0 -9999.0 -9999.0 -9999.0 -9999.0 -9999.0 -9999.0 -9999.0 -9999.0 -9999.0 -9999.0 -9999.0 -9999.0 -9999.0 -9999.0 -9999.0 -9999.0 -9999.0 -9999.0 -9999.0 -9999.0 -9999.0 -9999.0 -9999.0 -9999.0 -9999.0 -9999.0 -9999.0 -9999.0 -9999.0 -9999.0 -9999.0 -9999.0 -9999.0 -9999.0 -9999.0 -9999.0 -9999.0 -9999.0 -9999.0 -9999.0 -9999.0 -9999.0 -9999.0 -9999.0 -9999.0 -9999.0 -9999.0 -9999.0 -9999.0 -9999.0 -9999.0 -9999.0 -9999.0 -9999.0 -9999.0 -9999.0 -9999.0 -9999.0 -9999.0 -9999.0 -9999.0 -9999.0 -9999.0 -9999.0 -9999.0 -9999.0 -9999.0 -9999.0 -9999.0 -9999.0 -9999.0 -9999.0 -9999.0 -9999.0 -9999.0 -9999.0 -9999.0 -9999.0 -9999.0 -9999.0 -9999.0 -9999.0 -9999.0 -9999.0 -9999.0 -9999.0 -9999.0 -9999.0 -9999.0
-9999.0 -9999.0 -9999.0 -9999.0 -9999.0 -9999.0 -9999.0 -9999.0 -9999.0 -9999.0 -9999.0 -9999.0 -9999.0 -9999.0 -9999.0 -9999.0 -9999.0 -9999.0 -9999.0 -9999.0 -9999.0 -9999.0 -9999.0 -9999.0 -9999.0 -9999.0 -9999.0 -9999.0 -9999.0 -9999.0 -9999.0 -9999.0 -9999.0 -9999.0 -9999.0 -9999.0 -9999.0 -9999.0 -9999.0 -9999.0 -9999.0 -9999.0 -9999.0 -9999.0 -9999.0 -9999.0 -9999.0 -9999.0 -9999.0 -9999.0 -9999.0 -9999.0 -9999.0 -9999.0 -9999.0 -9999.0 -9999.0 -9999.0 -9999.0 -9999.0 -9999.0 -9999.0 -9999.0 -9999.0 -9999.0 -9999.0 -9999.0 -9999.0 -9999.0 -9999.0 -9999.0 -9999.0 -9999.0 -9999.0 -9999.0 -9999.0 -9999.0 -9999.0 -9999.0 -9999.0 -9999.0 -9999.0 -9999.0 -9999.0 -9999.0 -9999.0 -9999.0 -9999.0 -9999.0 -9999.0 -9999.0 -9999.0 -9999.0 -9999.0 -9999.0 -9999.0 -9999.0 -9999.0 -9999.0 -9999.0 -9999.0 -9999.0 -9999.0 -9999.0