inst/processing_geotop_simulation/geotop_simulation/out/maps3D/PwL0000N0001.asc
ncols         104
nrows         10
xllcorner     -2.000000
yllcorner     0.000000
cellsize      1.000000
NODATA_value  -9999.0
-9999.0 -9999.0 -9999.0 -9999.0 -9999.0 -9999.0 -9999.0 -9999.0 -9999.0 -9999.0 -9999.0 -9999.0 -9999.0 -9999.0 -9999.0 -9999.0 -9999.0 -9999.0 -9999.0 -9999.0 -9999.0 -9999.0 -9999.0 -9999.0 -9999.0 -9999.0 -9999.0 -9999.0 -9999.0 -9999.0 -9999.0 -9999.0 -9999.0 -9999.0 -9999.0 -9999.0 -9999.0 -9999.0 -9999.0 -9999.0 -9999.0 -9999.0 -9999.0 -9999.0 -9999.0 -9999.0 -9999.0 -9999.0 -9999.0 -9999.0 -9999.0 -9999.0 -9999.0 -9999.0 -9999.0 -9999.0 -9999.0 -9999.0 -9999.0 -9999.0 -9999.0 -9999.0 -9999.0 -9999.0 -9999.0 -9999.0 -9999.0 -9999.0 -9999.0 -9999.0 -9999.0 -9999.0 -9999.0 -9999.0 -9999.0 -9999.0 -9999.0 -9999.0 -9999.0 -9999.0 -9999.0 -9999.0 -9999.0 -9999.0 -9999.0 -9999.0 -9999.0 -9999.0 -9999.0 -9999.0 -9999.0 -9999.0 -9999.0 -9999.0 -9999.0 -9999.0 -9999.0 -9999.0 -9999.0 -9999.0 -9999.0 -9999.0 -9999.0 -9999.0
-9999.0 -9999.0 -9999.0 -9999.0 -9999.0 -9999.0 -9999.0 -9999.0 -9999.0 -9999.0 -9999.0 -9999.0 -9999.0 -9999.0 -9999.0 -9999.0 -9999.0 -9999.0 -9999.0 -9999.0 -9999.0 -9999.0 -9999.0 -9999.0 -9999.0 -9999.0 -9999.0 -9999.0 -9999.0 -9999.0 -9999.0 -9999.0 -9999.0 -9999.0 -9999.0 -9999.0 -9999.0 -9999.0 -9999.0 -9999.0 -9999.0 -9999.0 -9999.0 -9999.0 -9999.0 -9999.0 -9999.0 -9999.0 -9999.0 -9999.0 -9999.0 -9999.0 -9999.0 -9999.0 -9999.0 -9999.0 -9999.0 -9999.0 -9999.0 -9999.0 -9999.0 -9999.0 -9999.0 -9999.0 -9999.0 -9999.0 -9999.0 -9999.0 -9999.0 -9999.0 -9999.0 -9999.0 -9999.0 -9999.0 -9999.0 -9999.0 -9999.0 -9999.0 -9999.0 -9999.0 -9999.0 -9999.0 -9999.0 -9999.0 -9999.0 -9999.0 -9999.0 -9999.0 -9999.0 -9999.0 -9999.0 -9999.0 -9999.0 -9999.0 -9999.0 -9999.0 -9999.0 -9999.0 -9999.0 -9999.0 -9999.0 -9999.0 -9999.0 -9999.0
-9999.0 -9999.0 1.112890 0.293388 0.285956 0.278584 0.271274 0.264026 0.256841 0.249719 0.242661 0.235668 0.228741 0.221880 0.215087 0.208361 0.201704 0.195117 0.188601 0.182156 0.175784 0.169485 0.163260 0.157111 0.151038 0.145043 0.139126 0.133290 0.127534 0.121861 0.116272 0.110767 0.105349 0.100020 0.094779 0.089630 0.084574 0.079612 0.074747 0.069981 0.065316 0.060754 0.056297 0.051949 0.047712 0.043589 0.039583 0.035698 0.031937 0.028306 0.024809 0.021451 0.018238 0.015177 0.012276 0.009544 0.006991 0.004626 0.002445 -9.577001 -30.153121 -61.590433 -104.063701 -137.801689 -162.775247 -181.274144 -195.043574 -205.352099 -213.114468 -218.993416 -223.473284 -226.911541 -229.574808 -231.664302 -233.334065 -234.704271 -235.871124 -236.914446 -237.903658 -238.902748 -239.974608 -241.185094 -242.607079 -244.324774 -246.438571 -249.070677 -252.371839 -256.529486 -261.777627 -268.408826 -276.788466 -287.371286 -300.719618 -317.522046 -338.610027 -364.968835 -397.738164 -438.197762 -487.735155 -547.796500 -619.826521 -705.207464 -9999.0 -9999.0
-9999.0 -9999.0 1.871189 0.293388 0.285956 0.278584 0.271274 0.264026 0.256841 0.249719 0.242661 0.235668 0.228741 0.221880 0.215087 0.208361 0.201704 0.195117 0.188601 0.182156 0.175784 0.169485 0.163260 0.157111 0.151038 0.145043 0.139126 0.133290 0.127534 0.121861 0.116272 0.110767 0.105349 0.100020 0.094779 0.089630 0.084574 0.079612 0.074747 0.069981 0.065316 0.060754 0.056297 0.051949 0.047712 0.043589 0.039583 0.035698 0.031937 0.028306 0.024809 0.021451 0.018238 0.015177 0.012276 0.009544 0.006991 0.004626 0.002445 -9.577001 -30.153121 -61.590433 -104.063701 -137.801689 -162.775248 -181.274144 -195.043574 -205.352099 -213.114468 -218.993416 -223.473284 -226.911540 -229.574808 -231.664302 -233.334065 -234.704271 -235.871124 -236.914446 -237.903658 -238.902747 -239.974608 -241.185094 -242.607079 -244.324774 -246.438571 -249.070677 -252.371838 -256.529486 -261.777627 -268.408825 -276.788466 -287.371285 -300.719617 -317.522045 -338.610026 -364.968833 -397.738162 -438.197759 -487.735152 -547.796497 -619.826517 -705.207460 -9999.0 -9999.0
-9999.0 -9999.0 1.871190 0.293388 0.285956 0.278584 0.271274 0.264026 0.256841 0.249719 0.242661 0.235668 0.228741 0.221880 0.215087 0.208361 0.201704 0.195117 0.188601 0.182156 0.175784 0.169485 0.163260 0.157111 0.151038 0.145043 0.139126 0.133290 0.127534 0.121861 0.116272 0.110767 0.105349 0.100020 0.094779 0.089630 0.084574 0.079612 0.074747 0.069981 0.065316 0.060754 0.056297 0.051949 0.047712 0.043589 0.039583 0.035698 0.031937 0.028306 0.024809 0.021451 0.018238 0.015177 0.012276 0.009544 0.006991 0.004626 0.002445 -9.577001 -30.153121 -61.590433 -104.063701 -137.801689 -162.775248 -181.274143 -195.043574 -205.352099 -213.114468 -218.993416 -223.473284 -226.911541 -229.574808 -231.664302 -233.334065 -234.704271 -235.871124 -236.914445 -237.903658 -238.902747 -239.974608 -241.185094 -242.607079 -244.324774 -246.438571 -249.070676 -252.371838 -256.529485 -261.777627 -268.408825 -276.788465 -287.371284 -300.719616 -317.522044 -338.610025 -364.968832 -397.738161 -438.197758 -487.735151 -547.796495 -619.826515 -705.207458 -9999.0 -9999.0
-9999.0 -9999.0 1.871190 0.293388 0.285956 0.278584 0.271274 0.264026 0.256841 0.249719 0.242661 0.235668 0.228741 0.221880 0.215087 0.208361 0.201704 0.195117 0.188601 0.182156 0.175784 0.169485 0.163260 0.157111 0.151038 0.145043 0.139126 0.133290 0.127534 0.121861 0.116272 0.110767 0.105349 0.100020 0.094779 0.089630 0.084574 0.079612 0.074747 0.069981 0.065316 0.060754 0.056297 0.051949 0.047712 0.043589 0.039583 0.035698 0.031937 0.028306 0.024809 0.021451 0.018238 0.015177 0.012276 0.009544 0.006991 0.004626 0.002445 -9.577001 -30.153121 -61.590433 -104.063701 -137.801689 -162.775248 -181.274143 -195.043574 -205.352099 -213.114468 -218.993416 -223.473284 -226.911541 -229.574808 -231.664302 -233.334065 -234.704271 -235.871124 -236.914445 -237.903658 -238.902747 -239.974608 -241.185094 -242.607079 -244.324774 -246.438571 -249.070676 -252.371838 -256.529485 -261.777627 -268.408825 -276.788465 -287.371284 -300.719616 -317.522044 -338.610025 -364.968832 -397.738161 -438.197758 -487.735151 -547.796495 -619.826516 -705.207458 -9999.0 -9999.0
-9999.0 -9999.0 1.871189 0.293388 0.285956 0.278584 0.271274 0.264026 0.256841 0.249719 0.242661 0.235668 0.228741 0.221880 0.215087 0.208361 0.201704 0.195117 0.188601 0.182156 0.175784 0.169485 0.163260 0.157111 0.151038 0.145043 0.139126 0.133290 0.127534 0.121861 0.116272 0.110767 0.105349 0.100020 0.094779 0.089630 0.084574 0.079612 0.074747 0.069981 0.065316 0.060754 0.056297 0.051949 0.047712 0.043589 0.039583 0.035698 0.031937 0.028306 0.024809 0.021451 0.018238 0.015177 0.012276 0.009544 0.006991 0.004626 0.002445 -9.577001 -30.153121 -61.590433 -104.063701 -137.801689 -162.775248 -181.274144 -195.043574 -205.352099 -213.114468 -218.993416 -223.473284 -226.911540 -229.574808 -231.664302 -233.334065 -234.704271 -235.871124 -236.914446 -237.903658 -238.902747 -239.974608 -241.185094 -242.607079 -244.324774 -246.438571 -249.070677 -252.371838 -256.529486 -261.777627 -268.408825 -276.788466 -287.371285 -300.719617 -317.522045 -338.610026 -364.968833 -397.738162 -438.197759 -487.735152 -547.796497 -619.826517 -705.207460 -9999.0 -9999.0
-9999.0 -9999.0 1.112890 0.293388 0.285956 0.278584 0.271274 0.264026 0.256841 0.249719 0.242661 0.235668 0.228741 0.221880 0.215087 0.208361 0.201704 0.195117 0.188601 0.182156 0.175784 0.169485 0.163260 0.157111 0.151038 0.145043 0.139126 0.133290 0.127534 0.121861 0.116272 0.110767 0.105349 0.100020 0.094779 0.089630 0.084574 0.079612 0.074747 0.069981 0.065316 0.060754 0.056297 0.051949 0.047712 0.043589 0.039583 0.035698 0.031937 0.028306 0.024809 0.021451 0.018238 0.015177 0.012276 0.009544 0.006991 0.004626 0.002445 -9.577001 -30.153121 -61.590433 -104.063701 -137.801689 -162.775247 -181.274144 -195.043574 -205.352099 -213.114468 -218.993416 -223.473284 -226.911541 -229.574808 -231.664302 -233.334065 -234.704271 -235.871124 -236.914446 -237.903658 -238.902748 -239.974608 -241.185094 -242.607079 -244.324774 -246.438571 -249.070677 -252.371839 -256.529486 -261.777627 -268.408826 -276.788466 -287.371286 -300.719618 -317.522046 -338.610027 -364.968834 -397.738165 -438.197761 -487.735155 -547.796500 -619.826521 -705.207464 -9999.0 -9999.0
-9999.0 -9999.0 -9999.0 -9999.0 -9999.0 -9999.0 -9999.0 -9999.0 -9999.0 -9999.0 -9999.0 -9999.0 -9999.0 -9999.0 -9999.0 -9999.0 -9999.0 -9999.0 -9999.0 -9999.0 -9999.0 -9999.0 -9999.0 -9999.0 -9999.0 -9999.0 -9999.0 -9999.0 -9999.0 -9999.0 -9999.0 -9999.0 -9999.0 -9999.0 -9999.0 -9999.0 -9999.0 -9999.0 -9999.0 -9999.0 -9999.0 -9999.0 -9999.0 -9999.0 -9999.0 -9999.0 -9999.0 -9999.0 -9999.0 -9999.0 -9999.0 -9999.0 -9999.0 -9999.0 -9999.0 -9999.0 -9999.0 -9999.0 -9999.0 -9999.0 -9999.0 -9999.0 -9999.0 -9999.0 -9999.0 -9999.0 -9999.0 -9999.0 -9999.0 -9999.0 -9999.0 -9999.0 -9999.0 -9999.0 -9999.0 -9999.0 -9999.0 -9999.0 -9999.0 -9999.0 -9999.0 -9999.0 -9999.0 -9999.0 -9999.0 -9999.0 -9999.0 -9999.0 -9999.0 -9999.0 -9999.0 -9999.0 -9999.0 -9999.0 -9999.0 -9999.0 -9999.0 -9999.0 -9999.0 -9999.0 -9999.0 -9999.0 -9999.0 -9999.0
-9999.0 -9999.0 -9999.0 -9999.0 -9999.0 -9999.0 -9999.0 -9999.0 -9999.0 -9999.0 -9999.0 -9999.0 -9999.0 -9999.0 -9999.0 -9999.0 -9999.0 -9999.0 -9999.0 -9999.0 -9999.0 -9999.0 -9999.0 -9999.0 -9999.0 -9999.0 -9999.0 -9999.0 -9999.0 -9999.0 -9999.0 -9999.0 -9999.0 -9999.0 -9999.0 -9999.0 -9999.0 -9999.0 -9999.0 -9999.0 -9999.0 -9999.0 -9999.0 -9999.0 -9999.0 -9999.0 -9999.0 -9999.0 -9999.0 -9999.0 -9999.0 -9999.0 -9999.0 -9999.0 -9999.0 -9999.0 -9999.0 -9999.0 -9999.0 -9999.0 -9999.0 -9999.0 -9999.0 -9999.0 -9999.0 -9999.0 -9999.0 -9999.0 -9999.0 -9999.0 -9999.0 -9999.0 -9999.0 -9999.0 -9999.0 -9999.0 -9999.0 -9999.0 -9999.0 -9999.0 -9999.0 -9999.0 -9999.0 -9999.0 -9999.0 -9999.0 -9999.0 -9999.0 -9999.0 -9999.0 -9999.0 -9999.0 -9999.0 -9999.0 -9999.0 -9999.0 -9999.0 -9999.0 -9999.0 -9999.0 -9999.0 -9999.0 -9999.0 -9999.0