inst/processing_geotop_simulation/geotop_simulation/out/maps3D/PwL0010N0075.asc
ncols         104
nrows         10
xllcorner     -2.000000
yllcorner     0.000000
cellsize      1.000000
NODATA_value  -9999.0
-9999.0 -9999.0 -9999.0 -9999.0 -9999.0 -9999.0 -9999.0 -9999.0 -9999.0 -9999.0 -9999.0 -9999.0 -9999.0 -9999.0 -9999.0 -9999.0 -9999.0 -9999.0 -9999.0 -9999.0 -9999.0 -9999.0 -9999.0 -9999.0 -9999.0 -9999.0 -9999.0 -9999.0 -9999.0 -9999.0 -9999.0 -9999.0 -9999.0 -9999.0 -9999.0 -9999.0 -9999.0 -9999.0 -9999.0 -9999.0 -9999.0 -9999.0 -9999.0 -9999.0 -9999.0 -9999.0 -9999.0 -9999.0 -9999.0 -9999.0 -9999.0 -9999.0 -9999.0 -9999.0 -9999.0 -9999.0 -9999.0 -9999.0 -9999.0 -9999.0 -9999.0 -9999.0 -9999.0 -9999.0 -9999.0 -9999.0 -9999.0 -9999.0 -9999.0 -9999.0 -9999.0 -9999.0 -9999.0 -9999.0 -9999.0 -9999.0 -9999.0 -9999.0 -9999.0 -9999.0 -9999.0 -9999.0 -9999.0 -9999.0 -9999.0 -9999.0 -9999.0 -9999.0 -9999.0 -9999.0 -9999.0 -9999.0 -9999.0 -9999.0 -9999.0 -9999.0 -9999.0 -9999.0 -9999.0 -9999.0 -9999.0 -9999.0 -9999.0 -9999.0
-9999.0 -9999.0 -9999.0 -9999.0 -9999.0 -9999.0 -9999.0 -9999.0 -9999.0 -9999.0 -9999.0 -9999.0 -9999.0 -9999.0 -9999.0 -9999.0 -9999.0 -9999.0 -9999.0 -9999.0 -9999.0 -9999.0 -9999.0 -9999.0 -9999.0 -9999.0 -9999.0 -9999.0 -9999.0 -9999.0 -9999.0 -9999.0 -9999.0 -9999.0 -9999.0 -9999.0 -9999.0 -9999.0 -9999.0 -9999.0 -9999.0 -9999.0 -9999.0 -9999.0 -9999.0 -9999.0 -9999.0 -9999.0 -9999.0 -9999.0 -9999.0 -9999.0 -9999.0 -9999.0 -9999.0 -9999.0 -9999.0 -9999.0 -9999.0 -9999.0 -9999.0 -9999.0 -9999.0 -9999.0 -9999.0 -9999.0 -9999.0 -9999.0 -9999.0 -9999.0 -9999.0 -9999.0 -9999.0 -9999.0 -9999.0 -9999.0 -9999.0 -9999.0 -9999.0 -9999.0 -9999.0 -9999.0 -9999.0 -9999.0 -9999.0 -9999.0 -9999.0 -9999.0 -9999.0 -9999.0 -9999.0 -9999.0 -9999.0 -9999.0 -9999.0 -9999.0 -9999.0 -9999.0 -9999.0 -9999.0 -9999.0 -9999.0 -9999.0 -9999.0
-9999.0 -9999.0 247.291105 147.274274 47.467349 -52.012130 -151.473180 -252.092351 -356.402761 -467.532453 -585.667226 -702.495639 -799.616498 -856.269466 -882.436509 -938.222618 -990.807695 -1041.592083 -1092.887353 -1089.671203 -1079.658207 -1069.775963 -1062.843462 -1059.360219 -1058.812539 -1060.344453 -1063.065392 -1066.217583 -1069.267998 -1071.920985 -1074.067293 -1075.714736 -1076.929796 -1077.797624 -1078.400005 -1078.807753 -1079.089453 -1079.332607 -1079.606151 -1080.224598 -1086.630471 -1154.429269 -2127.502171 -4339.740304 -4091.367730 -3829.516715 -3682.712189 -3664.437798 -3662.605016 -3662.728745 -3663.113888 -3663.528535 -3663.926301 -3664.294190 -3664.635203 -3665.031378 -3666.307882 -3675.926928 -3751.071388 -3908.351093 -4123.026364 -1946.764473 -1134.080504 -1084.865374 -1080.409370 -1079.863463 -1079.764179 -1079.746388 -1079.745781 -1079.748325 -1079.750949 -1079.753072 -1079.754685 -1079.755902 -1079.756828 -1079.757546 -1079.758112 -1079.758568 -1079.758945 -1079.759274 -1079.759590 -1079.759934 -1079.760360 -1079.760946 -1079.761805 -1079.763121 -1079.765181 -1079.768459 -1079.773745 -1079.782395 -1079.796814 -1079.821418 -1079.864591 -1079.942699 -1080.088208 -1080.365884 -1080.905022 -1081.967009 -1084.107997 -1088.633620 -1098.910669 -1124.635279 -9999.0 -9999.0
-9999.0 -9999.0 247.291103 147.274274 47.467349 -52.012131 -151.473181 -252.092352 -356.402761 -467.532453 -585.667226 -702.495639 -799.616498 -856.269467 -882.436509 -938.222618 -990.807695 -1041.592083 -1092.887353 -1089.671203 -1079.658207 -1069.775963 -1062.843462 -1059.360219 -1058.812539 -1060.344453 -1063.065392 -1066.217583 -1069.267998 -1071.920985 -1074.067293 -1075.714736 -1076.929796 -1077.797624 -1078.400005 -1078.807753 -1079.089453 -1079.332607 -1079.606151 -1080.224598 -1086.630471 -1154.429269 -2127.502170 -4339.740303 -4091.367727 -3829.516705 -3682.712189 -3664.437798 -3662.605016 -3662.728745 -3663.113888 -3663.528535 -3663.926301 -3664.294190 -3664.635203 -3665.031378 -3666.307882 -3675.926928 -3751.071388 -3908.351093 -4123.026364 -1946.764473 -1134.080504 -1084.865374 -1080.409370 -1079.863463 -1079.764179 -1079.746388 -1079.745781 -1079.748325 -1079.750949 -1079.753072 -1079.754685 -1079.755902 -1079.756828 -1079.757546 -1079.758112 -1079.758568 -1079.758945 -1079.759274 -1079.759590 -1079.759934 -1079.760360 -1079.760946 -1079.761805 -1079.763121 -1079.765181 -1079.768459 -1079.773745 -1079.782395 -1079.796814 -1079.821418 -1079.864591 -1079.942699 -1080.088208 -1080.365884 -1080.905022 -1081.967009 -1084.107997 -1088.633620 -1098.910669 -1124.635279 -9999.0 -9999.0
-9999.0 -9999.0 247.291103 147.274274 47.467348 -52.012132 -151.473181 -252.092352 -356.402761 -467.532454 -585.667227 -702.495639 -799.616498 -856.269467 -882.436509 -938.222618 -990.807695 -1041.592083 -1092.887353 -1089.671203 -1079.658207 -1069.775963 -1062.843462 -1059.360219 -1058.812539 -1060.344453 -1063.065392 -1066.217583 -1069.267998 -1071.920985 -1074.067293 -1075.714736 -1076.929796 -1077.797624 -1078.400005 -1078.807753 -1079.089453 -1079.332607 -1079.606151 -1080.224598 -1086.630471 -1154.429269 -2127.502170 -4339.740303 -4091.367726 -3829.516701 -3682.712189 -3664.437798 -3662.605016 -3662.728745 -3663.113888 -3663.528535 -3663.926301 -3664.294190 -3664.635203 -3665.031378 -3666.307882 -3675.926928 -3751.071388 -3908.351093 -4123.026364 -1946.764473 -1134.080504 -1084.865374 -1080.409370 -1079.863463 -1079.764179 -1079.746388 -1079.745781 -1079.748325 -1079.750949 -1079.753072 -1079.754685 -1079.755902 -1079.756828 -1079.757546 -1079.758112 -1079.758568 -1079.758945 -1079.759274 -1079.759590 -1079.759934 -1079.760360 -1079.760946 -1079.761805 -1079.763121 -1079.765181 -1079.768459 -1079.773745 -1079.782395 -1079.796814 -1079.821418 -1079.864591 -1079.942699 -1080.088208 -1080.365884 -1080.905022 -1081.967009 -1084.107997 -1088.633620 -1098.910669 -1124.635279 -9999.0 -9999.0
-9999.0 -9999.0 247.291103 147.274274 47.467348 -52.012132 -151.473181 -252.092352 -356.402761 -467.532454 -585.667227 -702.495639 -799.616498 -856.269467 -882.436509 -938.222618 -990.807695 -1041.592083 -1092.887353 -1089.671203 -1079.658207 -1069.775963 -1062.843462 -1059.360219 -1058.812539 -1060.344453 -1063.065392 -1066.217583 -1069.267998 -1071.920985 -1074.067293 -1075.714736 -1076.929796 -1077.797624 -1078.400005 -1078.807753 -1079.089453 -1079.332607 -1079.606151 -1080.224598 -1086.630471 -1154.429269 -2127.502170 -4339.740303 -4091.367726 -3829.516701 -3682.712189 -3664.437798 -3662.605016 -3662.728745 -3663.113888 -3663.528535 -3663.926301 -3664.294190 -3664.635203 -3665.031378 -3666.307882 -3675.926928 -3751.071388 -3908.351093 -4123.026364 -1946.764473 -1134.080504 -1084.865374 -1080.409370 -1079.863463 -1079.764179 -1079.746388 -1079.745781 -1079.748325 -1079.750949 -1079.753072 -1079.754685 -1079.755902 -1079.756828 -1079.757546 -1079.758112 -1079.758568 -1079.758945 -1079.759274 -1079.759590 -1079.759934 -1079.760360 -1079.760946 -1079.761805 -1079.763121 -1079.765181 -1079.768459 -1079.773745 -1079.782395 -1079.796814 -1079.821418 -1079.864591 -1079.942699 -1080.088208 -1080.365884 -1080.905022 -1081.967009 -1084.107997 -1088.633620 -1098.910669 -1124.635279 -9999.0 -9999.0
-9999.0 -9999.0 247.291103 147.274274 47.467349 -52.012131 -151.473181 -252.092352 -356.402761 -467.532453 -585.667226 -702.495639 -799.616498 -856.269467 -882.436509 -938.222618 -990.807695 -1041.592083 -1092.887353 -1089.671203 -1079.658207 -1069.775963 -1062.843462 -1059.360219 -1058.812539 -1060.344453 -1063.065392 -1066.217583 -1069.267998 -1071.920985 -1074.067293 -1075.714736 -1076.929796 -1077.797624 -1078.400005 -1078.807753 -1079.089453 -1079.332607 -1079.606151 -1080.224598 -1086.630471 -1154.429269 -2127.502170 -4339.740303 -4091.367727 -3829.516705 -3682.712189 -3664.437798 -3662.605016 -3662.728745 -3663.113888 -3663.528535 -3663.926301 -3664.294190 -3664.635203 -3665.031378 -3666.307882 -3675.926928 -3751.071388 -3908.351093 -4123.026364 -1946.764473 -1134.080504 -1084.865374 -1080.409370 -1079.863463 -1079.764179 -1079.746388 -1079.745781 -1079.748325 -1079.750949 -1079.753072 -1079.754685 -1079.755902 -1079.756828 -1079.757546 -1079.758112 -1079.758568 -1079.758945 -1079.759274 -1079.759590 -1079.759934 -1079.760360 -1079.760946 -1079.761805 -1079.763121 -1079.765181 -1079.768459 -1079.773745 -1079.782395 -1079.796814 -1079.821418 -1079.864591 -1079.942699 -1080.088208 -1080.365884 -1080.905022 -1081.967009 -1084.107997 -1088.633620 -1098.910669 -1124.635279 -9999.0 -9999.0
-9999.0 -9999.0 247.291105 147.274274 47.467349 -52.012130 -151.473180 -252.092351 -356.402761 -467.532453 -585.667226 -702.495639 -799.616498 -856.269466 -882.436509 -938.222618 -990.807695 -1041.592083 -1092.887353 -1089.671203 -1079.658207 -1069.775963 -1062.843462 -1059.360219 -1058.812539 -1060.344453 -1063.065392 -1066.217583 -1069.267998 -1071.920985 -1074.067293 -1075.714736 -1076.929796 -1077.797624 -1078.400005 -1078.807753 -1079.089453 -1079.332607 -1079.606151 -1080.224598 -1086.630471 -1154.429269 -2127.502171 -4339.740304 -4091.367730 -3829.516715 -3682.712189 -3664.437798 -3662.605016 -3662.728745 -3663.113888 -3663.528535 -3663.926301 -3664.294190 -3664.635203 -3665.031378 -3666.307882 -3675.926928 -3751.071388 -3908.351093 -4123.026364 -1946.764473 -1134.080504 -1084.865374 -1080.409370 -1079.863463 -1079.764179 -1079.746388 -1079.745781 -1079.748325 -1079.750949 -1079.753072 -1079.754685 -1079.755902 -1079.756828 -1079.757546 -1079.758112 -1079.758568 -1079.758945 -1079.759274 -1079.759590 -1079.759934 -1079.760360 -1079.760946 -1079.761805 -1079.763121 -1079.765181 -1079.768459 -1079.773745 -1079.782395 -1079.796814 -1079.821418 -1079.864591 -1079.942699 -1080.088208 -1080.365884 -1080.905022 -1081.967009 -1084.107997 -1088.633620 -1098.910669 -1124.635279 -9999.0 -9999.0
-9999.0 -9999.0 -9999.0 -9999.0 -9999.0 -9999.0 -9999.0 -9999.0 -9999.0 -9999.0 -9999.0 -9999.0 -9999.0 -9999.0 -9999.0 -9999.0 -9999.0 -9999.0 -9999.0 -9999.0 -9999.0 -9999.0 -9999.0 -9999.0 -9999.0 -9999.0 -9999.0 -9999.0 -9999.0 -9999.0 -9999.0 -9999.0 -9999.0 -9999.0 -9999.0 -9999.0 -9999.0 -9999.0 -9999.0 -9999.0 -9999.0 -9999.0 -9999.0 -9999.0 -9999.0 -9999.0 -9999.0 -9999.0 -9999.0 -9999.0 -9999.0 -9999.0 -9999.0 -9999.0 -9999.0 -9999.0 -9999.0 -9999.0 -9999.0 -9999.0 -9999.0 -9999.0 -9999.0 -9999.0 -9999.0 -9999.0 -9999.0 -9999.0 -9999.0 -9999.0 -9999.0 -9999.0 -9999.0 -9999.0 -9999.0 -9999.0 -9999.0 -9999.0 -9999.0 -9999.0 -9999.0 -9999.0 -9999.0 -9999.0 -9999.0 -9999.0 -9999.0 -9999.0 -9999.0 -9999.0 -9999.0 -9999.0 -9999.0 -9999.0 -9999.0 -9999.0 -9999.0 -9999.0 -9999.0 -9999.0 -9999.0 -9999.0 -9999.0 -9999.0
-9999.0 -9999.0 -9999.0 -9999.0 -9999.0 -9999.0 -9999.0 -9999.0 -9999.0 -9999.0 -9999.0 -9999.0 -9999.0 -9999.0 -9999.0 -9999.0 -9999.0 -9999.0 -9999.0 -9999.0 -9999.0 -9999.0 -9999.0 -9999.0 -9999.0 -9999.0 -9999.0 -9999.0 -9999.0 -9999.0 -9999.0 -9999.0 -9999.0 -9999.0 -9999.0 -9999.0 -9999.0 -9999.0 -9999.0 -9999.0 -9999.0 -9999.0 -9999.0 -9999.0 -9999.0 -9999.0 -9999.0 -9999.0 -9999.0 -9999.0 -9999.0 -9999.0 -9999.0 -9999.0 -9999.0 -9999.0 -9999.0 -9999.0 -9999.0 -9999.0 -9999.0 -9999.0 -9999.0 -9999.0 -9999.0 -9999.0 -9999.0 -9999.0 -9999.0 -9999.0 -9999.0 -9999.0 -9999.0 -9999.0 -9999.0 -9999.0 -9999.0 -9999.0 -9999.0 -9999.0 -9999.0 -9999.0 -9999.0 -9999.0 -9999.0 -9999.0 -9999.0 -9999.0 -9999.0 -9999.0 -9999.0 -9999.0 -9999.0 -9999.0 -9999.0 -9999.0 -9999.0 -9999.0 -9999.0 -9999.0 -9999.0 -9999.0 -9999.0 -9999.0