inst/processing_geotop_simulation/geotop_simulation/out/maps3D/PwL0018N0169.asc
ncols         104
nrows         10
xllcorner     -2.000000
yllcorner     0.000000
cellsize      1.000000
NODATA_value  -9999.0
-9999.0 -9999.0 -9999.0 -9999.0 -9999.0 -9999.0 -9999.0 -9999.0 -9999.0 -9999.0 -9999.0 -9999.0 -9999.0 -9999.0 -9999.0 -9999.0 -9999.0 -9999.0 -9999.0 -9999.0 -9999.0 -9999.0 -9999.0 -9999.0 -9999.0 -9999.0 -9999.0 -9999.0 -9999.0 -9999.0 -9999.0 -9999.0 -9999.0 -9999.0 -9999.0 -9999.0 -9999.0 -9999.0 -9999.0 -9999.0 -9999.0 -9999.0 -9999.0 -9999.0 -9999.0 -9999.0 -9999.0 -9999.0 -9999.0 -9999.0 -9999.0 -9999.0 -9999.0 -9999.0 -9999.0 -9999.0 -9999.0 -9999.0 -9999.0 -9999.0 -9999.0 -9999.0 -9999.0 -9999.0 -9999.0 -9999.0 -9999.0 -9999.0 -9999.0 -9999.0 -9999.0 -9999.0 -9999.0 -9999.0 -9999.0 -9999.0 -9999.0 -9999.0 -9999.0 -9999.0 -9999.0 -9999.0 -9999.0 -9999.0 -9999.0 -9999.0 -9999.0 -9999.0 -9999.0 -9999.0 -9999.0 -9999.0 -9999.0 -9999.0 -9999.0 -9999.0 -9999.0 -9999.0 -9999.0 -9999.0 -9999.0 -9999.0 -9999.0 -9999.0
-9999.0 -9999.0 -9999.0 -9999.0 -9999.0 -9999.0 -9999.0 -9999.0 -9999.0 -9999.0 -9999.0 -9999.0 -9999.0 -9999.0 -9999.0 -9999.0 -9999.0 -9999.0 -9999.0 -9999.0 -9999.0 -9999.0 -9999.0 -9999.0 -9999.0 -9999.0 -9999.0 -9999.0 -9999.0 -9999.0 -9999.0 -9999.0 -9999.0 -9999.0 -9999.0 -9999.0 -9999.0 -9999.0 -9999.0 -9999.0 -9999.0 -9999.0 -9999.0 -9999.0 -9999.0 -9999.0 -9999.0 -9999.0 -9999.0 -9999.0 -9999.0 -9999.0 -9999.0 -9999.0 -9999.0 -9999.0 -9999.0 -9999.0 -9999.0 -9999.0 -9999.0 -9999.0 -9999.0 -9999.0 -9999.0 -9999.0 -9999.0 -9999.0 -9999.0 -9999.0 -9999.0 -9999.0 -9999.0 -9999.0 -9999.0 -9999.0 -9999.0 -9999.0 -9999.0 -9999.0 -9999.0 -9999.0 -9999.0 -9999.0 -9999.0 -9999.0 -9999.0 -9999.0 -9999.0 -9999.0 -9999.0 -9999.0 -9999.0 -9999.0 -9999.0 -9999.0 -9999.0 -9999.0 -9999.0 -9999.0 -9999.0 -9999.0 -9999.0 -9999.0
-9999.0 -9999.0 881.733262 786.900309 691.467228 595.353532 498.883912 402.254993 305.572330 208.892831 112.247894 15.657997 -80.851948 -177.264832 -273.495538 -369.389035 -464.682894 -558.978919 -651.592746 -744.537061 -836.135716 -926.187284 -1014.526358 -1085.032741 -1143.394541 -1189.366880 -1223.979551 -1249.036058 -1266.584525 -1278.543005 -1286.514116 -1291.736146 -1295.112992 -1297.276922 -1298.656178 -1299.536184 -1300.112568 -1300.555463 -1301.229312 -1303.881968 -1317.420136 -1396.692625 -2011.898945 -4062.781306 -4084.157246 -4084.158416 -4084.158408 -4084.158307 -4084.157746 -4084.155692 -4084.149509 -4084.130134 -4084.096035 -4084.049727 -4083.969299 -4083.805648 -4083.427864 -4082.466667 -4079.826056 -4072.042971 -4005.766364 -1809.597055 -1359.791042 -1310.867768 -1302.731181 -1301.464160 -1301.279849 -1301.252829 -1301.249414 -1301.249834 -1301.250767 -1301.251605 -1301.252265 -1301.252770 -1301.253159 -1301.253462 -1301.253703 -1301.253898 -1301.254062 -1301.254208 -1301.254351 -1301.254509 -1301.254706 -1301.254978 -1301.255379 -1301.255992 -1301.256956 -1301.258497 -1301.261001 -1301.265144 -1301.272151 -1301.284319 -1301.306084 -1301.346205 -1301.422294 -1301.570524 -1301.868257 -1302.492939 -1303.887190 -1307.227888 -1315.829673 -1340.717496 -9999.0 -9999.0
-9999.0 -9999.0 881.737049 786.901699 691.467673 595.353676 498.883960 402.255009 305.572335 208.892833 112.247895 15.657997 -80.851948 -177.264832 -273.495538 -369.389035 -464.682895 -558.978919 -651.592747 -744.537061 -836.135716 -926.187284 -1014.526358 -1085.032742 -1143.394541 -1189.366880 -1223.979551 -1249.036059 -1266.584526 -1278.543005 -1286.514116 -1291.736146 -1295.112992 -1297.276922 -1298.656178 -1299.536184 -1300.112568 -1300.555463 -1301.229312 -1303.881968 -1317.420136 -1396.692625 -2011.898944 -4062.781306 -4084.157246 -4084.158416 -4084.158408 -4084.158307 -4084.157746 -4084.155692 -4084.149509 -4084.130134 -4084.096035 -4084.049727 -4083.969299 -4083.805648 -4083.427864 -4082.466667 -4079.826056 -4072.042971 -4005.766364 -1809.597055 -1359.791042 -1310.867768 -1302.731181 -1301.464160 -1301.279849 -1301.252829 -1301.249414 -1301.249834 -1301.250767 -1301.251605 -1301.252265 -1301.252770 -1301.253159 -1301.253462 -1301.253703 -1301.253898 -1301.254062 -1301.254208 -1301.254351 -1301.254509 -1301.254706 -1301.254978 -1301.255379 -1301.255992 -1301.256956 -1301.258497 -1301.261001 -1301.265144 -1301.272151 -1301.284319 -1301.306084 -1301.346205 -1301.422294 -1301.570524 -1301.868257 -1302.492939 -1303.887190 -1307.227888 -1315.829673 -1340.717496 -9999.0 -9999.0
-9999.0 -9999.0 881.738414 786.902426 691.467977 595.353791 498.884002 402.255024 305.572341 208.892835 112.247896 15.657998 -80.851947 -177.264832 -273.495538 -369.389035 -464.682895 -558.978919 -651.592747 -744.537061 -836.135716 -926.187285 -1014.526358 -1085.032742 -1143.394541 -1189.366881 -1223.979551 -1249.036059 -1266.584526 -1278.543005 -1286.514116 -1291.736146 -1295.112992 -1297.276922 -1298.656178 -1299.536184 -1300.112568 -1300.555463 -1301.229312 -1303.881968 -1317.420136 -1396.692625 -2011.898944 -4062.781306 -4084.157246 -4084.158416 -4084.158408 -4084.158307 -4084.157746 -4084.155692 -4084.149509 -4084.130134 -4084.096035 -4084.049727 -4083.969299 -4083.805648 -4083.427864 -4082.466667 -4079.826056 -4072.042971 -4005.766363 -1809.597055 -1359.791042 -1310.867768 -1302.731181 -1301.464160 -1301.279849 -1301.252829 -1301.249414 -1301.249834 -1301.250767 -1301.251605 -1301.252265 -1301.252770 -1301.253159 -1301.253462 -1301.253703 -1301.253898 -1301.254062 -1301.254208 -1301.254351 -1301.254509 -1301.254706 -1301.254978 -1301.255379 -1301.255992 -1301.256956 -1301.258497 -1301.261001 -1301.265144 -1301.272151 -1301.284319 -1301.306084 -1301.346205 -1301.422294 -1301.570524 -1301.868257 -1302.492939 -1303.887190 -1307.227888 -1315.829673 -1340.717496 -9999.0 -9999.0
-9999.0 -9999.0 881.738414 786.902426 691.467977 595.353791 498.884002 402.255024 305.572341 208.892835 112.247896 15.657998 -80.851948 -177.264832 -273.495538 -369.389035 -464.682895 -558.978919 -651.592747 -744.537061 -836.135716 -926.187285 -1014.526358 -1085.032742 -1143.394541 -1189.366881 -1223.979551 -1249.036059 -1266.584526 -1278.543005 -1286.514116 -1291.736146 -1295.112992 -1297.276922 -1298.656178 -1299.536184 -1300.112568 -1300.555463 -1301.229312 -1303.881968 -1317.420136 -1396.692625 -2011.898944 -4062.781306 -4084.157246 -4084.158416 -4084.158408 -4084.158307 -4084.157746 -4084.155692 -4084.149509 -4084.130134 -4084.096035 -4084.049727 -4083.969299 -4083.805648 -4083.427864 -4082.466667 -4079.826056 -4072.042971 -4005.766363 -1809.597055 -1359.791042 -1310.867768 -1302.731181 -1301.464160 -1301.279849 -1301.252829 -1301.249414 -1301.249834 -1301.250767 -1301.251605 -1301.252265 -1301.252770 -1301.253159 -1301.253462 -1301.253703 -1301.253898 -1301.254062 -1301.254208 -1301.254351 -1301.254509 -1301.254706 -1301.254978 -1301.255379 -1301.255992 -1301.256956 -1301.258497 -1301.261001 -1301.265144 -1301.272151 -1301.284319 -1301.306084 -1301.346205 -1301.422294 -1301.570524 -1301.868257 -1302.492939 -1303.887190 -1307.227888 -1315.829673 -1340.717496 -9999.0 -9999.0
-9999.0 -9999.0 881.737049 786.901699 691.467673 595.353676 498.883960 402.255009 305.572335 208.892833 112.247895 15.657997 -80.851948 -177.264832 -273.495538 -369.389035 -464.682895 -558.978919 -651.592747 -744.537061 -836.135716 -926.187284 -1014.526358 -1085.032742 -1143.394541 -1189.366880 -1223.979551 -1249.036059 -1266.584526 -1278.543005 -1286.514116 -1291.736146 -1295.112992 -1297.276922 -1298.656178 -1299.536184 -1300.112568 -1300.555463 -1301.229312 -1303.881968 -1317.420136 -1396.692625 -2011.898944 -4062.781306 -4084.157246 -4084.158416 -4084.158408 -4084.158307 -4084.157746 -4084.155692 -4084.149509 -4084.130134 -4084.096035 -4084.049727 -4083.969299 -4083.805648 -4083.427864 -4082.466667 -4079.826056 -4072.042971 -4005.766364 -1809.597055 -1359.791042 -1310.867768 -1302.731181 -1301.464160 -1301.279849 -1301.252829 -1301.249414 -1301.249834 -1301.250767 -1301.251605 -1301.252265 -1301.252770 -1301.253159 -1301.253462 -1301.253703 -1301.253898 -1301.254062 -1301.254208 -1301.254351 -1301.254509 -1301.254706 -1301.254978 -1301.255379 -1301.255992 -1301.256956 -1301.258497 -1301.261001 -1301.265144 -1301.272151 -1301.284319 -1301.306084 -1301.346205 -1301.422294 -1301.570524 -1301.868257 -1302.492939 -1303.887190 -1307.227888 -1315.829673 -1340.717496 -9999.0 -9999.0
-9999.0 -9999.0 881.733262 786.900309 691.467228 595.353532 498.883912 402.254993 305.572330 208.892831 112.247894 15.657997 -80.851948 -177.264832 -273.495538 -369.389035 -464.682895 -558.978919 -651.592746 -744.537061 -836.135716 -926.187284 -1014.526358 -1085.032741 -1143.394541 -1189.366880 -1223.979551 -1249.036058 -1266.584525 -1278.543005 -1286.514116 -1291.736146 -1295.112992 -1297.276922 -1298.656178 -1299.536184 -1300.112568 -1300.555463 -1301.229312 -1303.881968 -1317.420136 -1396.692625 -2011.898945 -4062.781306 -4084.157246 -4084.158416 -4084.158408 -4084.158307 -4084.157746 -4084.155692 -4084.149509 -4084.130134 -4084.096035 -4084.049727 -4083.969299 -4083.805648 -4083.427864 -4082.466667 -4079.826056 -4072.042971 -4005.766364 -1809.597055 -1359.791042 -1310.867768 -1302.731181 -1301.464160 -1301.279849 -1301.252829 -1301.249414 -1301.249834 -1301.250767 -1301.251605 -1301.252265 -1301.252770 -1301.253159 -1301.253462 -1301.253703 -1301.253898 -1301.254062 -1301.254208 -1301.254351 -1301.254509 -1301.254706 -1301.254978 -1301.255379 -1301.255992 -1301.256956 -1301.258497 -1301.261001 -1301.265144 -1301.272151 -1301.284319 -1301.306084 -1301.346205 -1301.422294 -1301.570524 -1301.868257 -1302.492939 -1303.887190 -1307.227888 -1315.829673 -1340.717496 -9999.0 -9999.0
-9999.0 -9999.0 -9999.0 -9999.0 -9999.0 -9999.0 -9999.0 -9999.0 -9999.0 -9999.0 -9999.0 -9999.0 -9999.0 -9999.0 -9999.0 -9999.0 -9999.0 -9999.0 -9999.0 -9999.0 -9999.0 -9999.0 -9999.0 -9999.0 -9999.0 -9999.0 -9999.0 -9999.0 -9999.0 -9999.0 -9999.0 -9999.0 -9999.0 -9999.0 -9999.0 -9999.0 -9999.0 -9999.0 -9999.0 -9999.0 -9999.0 -9999.0 -9999.0 -9999.0 -9999.0 -9999.0 -9999.0 -9999.0 -9999.0 -9999.0 -9999.0 -9999.0 -9999.0 -9999.0 -9999.0 -9999.0 -9999.0 -9999.0 -9999.0 -9999.0 -9999.0 -9999.0 -9999.0 -9999.0 -9999.0 -9999.0 -9999.0 -9999.0 -9999.0 -9999.0 -9999.0 -9999.0 -9999.0 -9999.0 -9999.0 -9999.0 -9999.0 -9999.0 -9999.0 -9999.0 -9999.0 -9999.0 -9999.0 -9999.0 -9999.0 -9999.0 -9999.0 -9999.0 -9999.0 -9999.0 -9999.0 -9999.0 -9999.0 -9999.0 -9999.0 -9999.0 -9999.0 -9999.0 -9999.0 -9999.0 -9999.0 -9999.0 -9999.0 -9999.0
-9999.0 -9999.0 -9999.0 -9999.0 -9999.0 -9999.0 -9999.0 -9999.0 -9999.0 -9999.0 -9999.0 -9999.0 -9999.0 -9999.0 -9999.0 -9999.0 -9999.0 -9999.0 -9999.0 -9999.0 -9999.0 -9999.0 -9999.0 -9999.0 -9999.0 -9999.0 -9999.0 -9999.0 -9999.0 -9999.0 -9999.0 -9999.0 -9999.0 -9999.0 -9999.0 -9999.0 -9999.0 -9999.0 -9999.0 -9999.0 -9999.0 -9999.0 -9999.0 -9999.0 -9999.0 -9999.0 -9999.0 -9999.0 -9999.0 -9999.0 -9999.0 -9999.0 -9999.0 -9999.0 -9999.0 -9999.0 -9999.0 -9999.0 -9999.0 -9999.0 -9999.0 -9999.0 -9999.0 -9999.0 -9999.0 -9999.0 -9999.0 -9999.0 -9999.0 -9999.0 -9999.0 -9999.0 -9999.0 -9999.0 -9999.0 -9999.0 -9999.0 -9999.0 -9999.0 -9999.0 -9999.0 -9999.0 -9999.0 -9999.0 -9999.0 -9999.0 -9999.0 -9999.0 -9999.0 -9999.0 -9999.0 -9999.0 -9999.0 -9999.0 -9999.0 -9999.0 -9999.0 -9999.0 -9999.0 -9999.0 -9999.0 -9999.0 -9999.0 -9999.0