inst/processing_geotop_simulation/geotop_simulation/out/maps3D/PwL0012N0124.asc
ncols         104
nrows         10
xllcorner     -2.000000
yllcorner     0.000000
cellsize      1.000000
NODATA_value  -9999.0
-9999.0 -9999.0 -9999.0 -9999.0 -9999.0 -9999.0 -9999.0 -9999.0 -9999.0 -9999.0 -9999.0 -9999.0 -9999.0 -9999.0 -9999.0 -9999.0 -9999.0 -9999.0 -9999.0 -9999.0 -9999.0 -9999.0 -9999.0 -9999.0 -9999.0 -9999.0 -9999.0 -9999.0 -9999.0 -9999.0 -9999.0 -9999.0 -9999.0 -9999.0 -9999.0 -9999.0 -9999.0 -9999.0 -9999.0 -9999.0 -9999.0 -9999.0 -9999.0 -9999.0 -9999.0 -9999.0 -9999.0 -9999.0 -9999.0 -9999.0 -9999.0 -9999.0 -9999.0 -9999.0 -9999.0 -9999.0 -9999.0 -9999.0 -9999.0 -9999.0 -9999.0 -9999.0 -9999.0 -9999.0 -9999.0 -9999.0 -9999.0 -9999.0 -9999.0 -9999.0 -9999.0 -9999.0 -9999.0 -9999.0 -9999.0 -9999.0 -9999.0 -9999.0 -9999.0 -9999.0 -9999.0 -9999.0 -9999.0 -9999.0 -9999.0 -9999.0 -9999.0 -9999.0 -9999.0 -9999.0 -9999.0 -9999.0 -9999.0 -9999.0 -9999.0 -9999.0 -9999.0 -9999.0 -9999.0 -9999.0 -9999.0 -9999.0 -9999.0 -9999.0
-9999.0 -9999.0 -9999.0 -9999.0 -9999.0 -9999.0 -9999.0 -9999.0 -9999.0 -9999.0 -9999.0 -9999.0 -9999.0 -9999.0 -9999.0 -9999.0 -9999.0 -9999.0 -9999.0 -9999.0 -9999.0 -9999.0 -9999.0 -9999.0 -9999.0 -9999.0 -9999.0 -9999.0 -9999.0 -9999.0 -9999.0 -9999.0 -9999.0 -9999.0 -9999.0 -9999.0 -9999.0 -9999.0 -9999.0 -9999.0 -9999.0 -9999.0 -9999.0 -9999.0 -9999.0 -9999.0 -9999.0 -9999.0 -9999.0 -9999.0 -9999.0 -9999.0 -9999.0 -9999.0 -9999.0 -9999.0 -9999.0 -9999.0 -9999.0 -9999.0 -9999.0 -9999.0 -9999.0 -9999.0 -9999.0 -9999.0 -9999.0 -9999.0 -9999.0 -9999.0 -9999.0 -9999.0 -9999.0 -9999.0 -9999.0 -9999.0 -9999.0 -9999.0 -9999.0 -9999.0 -9999.0 -9999.0 -9999.0 -9999.0 -9999.0 -9999.0 -9999.0 -9999.0 -9999.0 -9999.0 -9999.0 -9999.0 -9999.0 -9999.0 -9999.0 -9999.0 -9999.0 -9999.0 -9999.0 -9999.0 -9999.0 -9999.0 -9999.0 -9999.0
-9999.0 -9999.0 588.787451 499.138521 406.776707 312.886611 218.312834 123.446578 28.480481 -66.468045 -161.355632 -256.132147 -350.786060 -445.639292 -541.099410 -637.313760 -733.537933 -827.939177 -920.238118 -1009.804797 -1089.357874 -1150.792199 -1193.720081 -1221.377838 -1238.296461 -1248.430774 -1254.533981 -1258.288546 -1260.657308 -1262.184156 -1263.185045 -1263.849636 -1264.295548 -1264.597192 -1264.802297 -1264.943859 -1265.052867 -1265.177071 -1265.469261 -1267.036483 -1277.378637 -1348.757515 -2078.054289 -4364.158031 -4376.753917 -4369.879300 -4363.505892 -4362.510811 -4362.408706 -4362.418219 -4362.443176 -4362.469884 -4362.495470 -4362.519107 -4362.540933 -4362.565643 -4362.640229 -4363.178470 -4366.822027 -4372.538512 -4351.680022 -1937.063965 -1321.343699 -1273.041634 -1266.381697 -1265.510176 -1265.388238 -1265.369149 -1265.367155 -1265.368231 -1265.369627 -1265.370807 -1265.371717 -1265.372407 -1265.372933 -1265.373341 -1265.373664 -1265.373924 -1265.374140 -1265.374331 -1265.374516 -1265.374720 -1265.374976 -1265.375330 -1265.375853 -1265.376655 -1265.377916 -1265.379928 -1265.383187 -1265.388553 -1265.397566 -1265.413091 -1265.440613 -1265.490899 -1265.585396 -1265.767232 -1266.124682 -1266.846678 -1268.371797 -1271.814414 -1280.237378 -1303.809480 -9999.0 -9999.0
-9999.0 -9999.0 588.793518 499.140362 406.777241 312.886774 218.312887 123.446596 28.480487 -66.468043 -161.355631 -256.132147 -350.786060 -445.639292 -541.099410 -637.313760 -733.537933 -827.939177 -920.238118 -1009.804797 -1089.357874 -1150.792199 -1193.720081 -1221.377838 -1238.296461 -1248.430774 -1254.533981 -1258.288546 -1260.657308 -1262.184156 -1263.185045 -1263.849636 -1264.295548 -1264.597192 -1264.802297 -1264.943859 -1265.052867 -1265.177071 -1265.469261 -1267.036483 -1277.378637 -1348.757515 -2078.054289 -4364.158031 -4376.753917 -4369.879299 -4363.505892 -4362.510811 -4362.408706 -4362.418219 -4362.443176 -4362.469884 -4362.495470 -4362.519107 -4362.540933 -4362.565643 -4362.640229 -4363.178470 -4366.822027 -4372.538512 -4351.680022 -1937.063965 -1321.343699 -1273.041634 -1266.381697 -1265.510176 -1265.388238 -1265.369149 -1265.367155 -1265.368231 -1265.369627 -1265.370807 -1265.371717 -1265.372407 -1265.372933 -1265.373341 -1265.373664 -1265.373924 -1265.374140 -1265.374331 -1265.374516 -1265.374720 -1265.374976 -1265.375330 -1265.375853 -1265.376655 -1265.377916 -1265.379928 -1265.383187 -1265.388553 -1265.397566 -1265.413091 -1265.440613 -1265.490899 -1265.585396 -1265.767232 -1266.124682 -1266.846678 -1268.371797 -1271.814414 -1280.237378 -1303.809480 -9999.0 -9999.0
-9999.0 -9999.0 588.795148 499.141218 406.777589 312.886904 218.312934 123.446612 28.480493 -66.468041 -161.355630 -256.132146 -350.786060 -445.639293 -541.099410 -637.313760 -733.537933 -827.939178 -920.238118 -1009.804798 -1089.357874 -1150.792199 -1193.720081 -1221.377838 -1238.296461 -1248.430774 -1254.533981 -1258.288546 -1260.657308 -1262.184156 -1263.185045 -1263.849636 -1264.295548 -1264.597192 -1264.802297 -1264.943859 -1265.052867 -1265.177071 -1265.469261 -1267.036483 -1277.378637 -1348.757515 -2078.054289 -4364.158031 -4376.753917 -4369.879299 -4363.505892 -4362.510811 -4362.408706 -4362.418219 -4362.443176 -4362.469884 -4362.495470 -4362.519107 -4362.540933 -4362.565643 -4362.640229 -4363.178470 -4366.822027 -4372.538512 -4351.680022 -1937.063965 -1321.343699 -1273.041634 -1266.381697 -1265.510176 -1265.388238 -1265.369149 -1265.367155 -1265.368231 -1265.369627 -1265.370807 -1265.371717 -1265.372407 -1265.372933 -1265.373341 -1265.373664 -1265.373924 -1265.374140 -1265.374331 -1265.374516 -1265.374720 -1265.374976 -1265.375330 -1265.375853 -1265.376655 -1265.377916 -1265.379928 -1265.383187 -1265.388553 -1265.397566 -1265.413091 -1265.440613 -1265.490899 -1265.585396 -1265.767232 -1266.124682 -1266.846678 -1268.371797 -1271.814414 -1280.237378 -1303.809480 -9999.0 -9999.0
-9999.0 -9999.0 588.795148 499.141218 406.777589 312.886904 218.312933 123.446612 28.480493 -66.468041 -161.355630 -256.132146 -350.786060 -445.639292 -541.099410 -637.313760 -733.537933 -827.939178 -920.238118 -1009.804798 -1089.357874 -1150.792199 -1193.720081 -1221.377838 -1238.296461 -1248.430774 -1254.533981 -1258.288546 -1260.657308 -1262.184156 -1263.185045 -1263.849636 -1264.295548 -1264.597192 -1264.802297 -1264.943859 -1265.052867 -1265.177071 -1265.469261 -1267.036483 -1277.378637 -1348.757515 -2078.054289 -4364.158031 -4376.753917 -4369.879299 -4363.505892 -4362.510811 -4362.408706 -4362.418219 -4362.443176 -4362.469884 -4362.495470 -4362.519107 -4362.540933 -4362.565643 -4362.640229 -4363.178470 -4366.822027 -4372.538512 -4351.680022 -1937.063965 -1321.343699 -1273.041634 -1266.381697 -1265.510176 -1265.388238 -1265.369149 -1265.367155 -1265.368231 -1265.369627 -1265.370807 -1265.371717 -1265.372407 -1265.372933 -1265.373341 -1265.373664 -1265.373924 -1265.374140 -1265.374331 -1265.374516 -1265.374720 -1265.374976 -1265.375330 -1265.375853 -1265.376655 -1265.377916 -1265.379928 -1265.383187 -1265.388553 -1265.397566 -1265.413091 -1265.440613 -1265.490899 -1265.585396 -1265.767232 -1266.124682 -1266.846678 -1268.371797 -1271.814414 -1280.237378 -1303.809480 -9999.0 -9999.0
-9999.0 -9999.0 588.793518 499.140362 406.777241 312.886774 218.312887 123.446596 28.480487 -66.468043 -161.355631 -256.132147 -350.786060 -445.639293 -541.099410 -637.313760 -733.537933 -827.939177 -920.238118 -1009.804797 -1089.357874 -1150.792199 -1193.720081 -1221.377838 -1238.296461 -1248.430774 -1254.533981 -1258.288546 -1260.657308 -1262.184156 -1263.185045 -1263.849636 -1264.295548 -1264.597192 -1264.802297 -1264.943859 -1265.052867 -1265.177071 -1265.469261 -1267.036483 -1277.378637 -1348.757515 -2078.054289 -4364.158031 -4376.753917 -4369.879299 -4363.505892 -4362.510811 -4362.408706 -4362.418219 -4362.443176 -4362.469884 -4362.495470 -4362.519107 -4362.540933 -4362.565643 -4362.640229 -4363.178470 -4366.822027 -4372.538512 -4351.680022 -1937.063965 -1321.343699 -1273.041634 -1266.381697 -1265.510176 -1265.388238 -1265.369149 -1265.367155 -1265.368231 -1265.369627 -1265.370807 -1265.371717 -1265.372407 -1265.372933 -1265.373341 -1265.373664 -1265.373924 -1265.374140 -1265.374331 -1265.374516 -1265.374720 -1265.374976 -1265.375330 -1265.375853 -1265.376655 -1265.377916 -1265.379928 -1265.383187 -1265.388553 -1265.397566 -1265.413091 -1265.440613 -1265.490899 -1265.585396 -1265.767232 -1266.124682 -1266.846678 -1268.371797 -1271.814414 -1280.237378 -1303.809480 -9999.0 -9999.0
-9999.0 -9999.0 588.787451 499.138521 406.776707 312.886611 218.312834 123.446578 28.480481 -66.468045 -161.355632 -256.132147 -350.786060 -445.639292 -541.099410 -637.313760 -733.537933 -827.939177 -920.238118 -1009.804797 -1089.357874 -1150.792199 -1193.720081 -1221.377838 -1238.296461 -1248.430774 -1254.533981 -1258.288546 -1260.657308 -1262.184156 -1263.185045 -1263.849636 -1264.295548 -1264.597192 -1264.802297 -1264.943859 -1265.052867 -1265.177071 -1265.469261 -1267.036483 -1277.378637 -1348.757515 -2078.054290 -4364.158031 -4376.753917 -4369.879300 -4363.505892 -4362.510811 -4362.408706 -4362.418219 -4362.443176 -4362.469884 -4362.495470 -4362.519107 -4362.540933 -4362.565643 -4362.640229 -4363.178470 -4366.822027 -4372.538512 -4351.680022 -1937.063965 -1321.343699 -1273.041634 -1266.381697 -1265.510176 -1265.388238 -1265.369149 -1265.367155 -1265.368231 -1265.369627 -1265.370807 -1265.371717 -1265.372407 -1265.372933 -1265.373341 -1265.373664 -1265.373924 -1265.374140 -1265.374331 -1265.374516 -1265.374720 -1265.374976 -1265.375330 -1265.375853 -1265.376655 -1265.377916 -1265.379928 -1265.383187 -1265.388553 -1265.397566 -1265.413091 -1265.440613 -1265.490899 -1265.585396 -1265.767232 -1266.124682 -1266.846678 -1268.371797 -1271.814414 -1280.237378 -1303.809480 -9999.0 -9999.0
-9999.0 -9999.0 -9999.0 -9999.0 -9999.0 -9999.0 -9999.0 -9999.0 -9999.0 -9999.0 -9999.0 -9999.0 -9999.0 -9999.0 -9999.0 -9999.0 -9999.0 -9999.0 -9999.0 -9999.0 -9999.0 -9999.0 -9999.0 -9999.0 -9999.0 -9999.0 -9999.0 -9999.0 -9999.0 -9999.0 -9999.0 -9999.0 -9999.0 -9999.0 -9999.0 -9999.0 -9999.0 -9999.0 -9999.0 -9999.0 -9999.0 -9999.0 -9999.0 -9999.0 -9999.0 -9999.0 -9999.0 -9999.0 -9999.0 -9999.0 -9999.0 -9999.0 -9999.0 -9999.0 -9999.0 -9999.0 -9999.0 -9999.0 -9999.0 -9999.0 -9999.0 -9999.0 -9999.0 -9999.0 -9999.0 -9999.0 -9999.0 -9999.0 -9999.0 -9999.0 -9999.0 -9999.0 -9999.0 -9999.0 -9999.0 -9999.0 -9999.0 -9999.0 -9999.0 -9999.0 -9999.0 -9999.0 -9999.0 -9999.0 -9999.0 -9999.0 -9999.0 -9999.0 -9999.0 -9999.0 -9999.0 -9999.0 -9999.0 -9999.0 -9999.0 -9999.0 -9999.0 -9999.0 -9999.0 -9999.0 -9999.0 -9999.0 -9999.0 -9999.0
-9999.0 -9999.0 -9999.0 -9999.0 -9999.0 -9999.0 -9999.0 -9999.0 -9999.0 -9999.0 -9999.0 -9999.0 -9999.0 -9999.0 -9999.0 -9999.0 -9999.0 -9999.0 -9999.0 -9999.0 -9999.0 -9999.0 -9999.0 -9999.0 -9999.0 -9999.0 -9999.0 -9999.0 -9999.0 -9999.0 -9999.0 -9999.0 -9999.0 -9999.0 -9999.0 -9999.0 -9999.0 -9999.0 -9999.0 -9999.0 -9999.0 -9999.0 -9999.0 -9999.0 -9999.0 -9999.0 -9999.0 -9999.0 -9999.0 -9999.0 -9999.0 -9999.0 -9999.0 -9999.0 -9999.0 -9999.0 -9999.0 -9999.0 -9999.0 -9999.0 -9999.0 -9999.0 -9999.0 -9999.0 -9999.0 -9999.0 -9999.0 -9999.0 -9999.0 -9999.0 -9999.0 -9999.0 -9999.0 -9999.0 -9999.0 -9999.0 -9999.0 -9999.0 -9999.0 -9999.0 -9999.0 -9999.0 -9999.0 -9999.0 -9999.0 -9999.0 -9999.0 -9999.0 -9999.0 -9999.0 -9999.0 -9999.0 -9999.0 -9999.0 -9999.0 -9999.0 -9999.0 -9999.0 -9999.0 -9999.0 -9999.0 -9999.0 -9999.0 -9999.0