inst/processing_geotop_simulation/geotop_simulation/out/maps3D/PwL0015N0462.asc
ncols         104
nrows         10
xllcorner     -2.000000
yllcorner     0.000000
cellsize      1.000000
NODATA_value  -9999.0
-9999.0 -9999.0 -9999.0 -9999.0 -9999.0 -9999.0 -9999.0 -9999.0 -9999.0 -9999.0 -9999.0 -9999.0 -9999.0 -9999.0 -9999.0 -9999.0 -9999.0 -9999.0 -9999.0 -9999.0 -9999.0 -9999.0 -9999.0 -9999.0 -9999.0 -9999.0 -9999.0 -9999.0 -9999.0 -9999.0 -9999.0 -9999.0 -9999.0 -9999.0 -9999.0 -9999.0 -9999.0 -9999.0 -9999.0 -9999.0 -9999.0 -9999.0 -9999.0 -9999.0 -9999.0 -9999.0 -9999.0 -9999.0 -9999.0 -9999.0 -9999.0 -9999.0 -9999.0 -9999.0 -9999.0 -9999.0 -9999.0 -9999.0 -9999.0 -9999.0 -9999.0 -9999.0 -9999.0 -9999.0 -9999.0 -9999.0 -9999.0 -9999.0 -9999.0 -9999.0 -9999.0 -9999.0 -9999.0 -9999.0 -9999.0 -9999.0 -9999.0 -9999.0 -9999.0 -9999.0 -9999.0 -9999.0 -9999.0 -9999.0 -9999.0 -9999.0 -9999.0 -9999.0 -9999.0 -9999.0 -9999.0 -9999.0 -9999.0 -9999.0 -9999.0 -9999.0 -9999.0 -9999.0 -9999.0 -9999.0 -9999.0 -9999.0 -9999.0 -9999.0
-9999.0 -9999.0 -9999.0 -9999.0 -9999.0 -9999.0 -9999.0 -9999.0 -9999.0 -9999.0 -9999.0 -9999.0 -9999.0 -9999.0 -9999.0 -9999.0 -9999.0 -9999.0 -9999.0 -9999.0 -9999.0 -9999.0 -9999.0 -9999.0 -9999.0 -9999.0 -9999.0 -9999.0 -9999.0 -9999.0 -9999.0 -9999.0 -9999.0 -9999.0 -9999.0 -9999.0 -9999.0 -9999.0 -9999.0 -9999.0 -9999.0 -9999.0 -9999.0 -9999.0 -9999.0 -9999.0 -9999.0 -9999.0 -9999.0 -9999.0 -9999.0 -9999.0 -9999.0 -9999.0 -9999.0 -9999.0 -9999.0 -9999.0 -9999.0 -9999.0 -9999.0 -9999.0 -9999.0 -9999.0 -9999.0 -9999.0 -9999.0 -9999.0 -9999.0 -9999.0 -9999.0 -9999.0 -9999.0 -9999.0 -9999.0 -9999.0 -9999.0 -9999.0 -9999.0 -9999.0 -9999.0 -9999.0 -9999.0 -9999.0 -9999.0 -9999.0 -9999.0 -9999.0 -9999.0 -9999.0 -9999.0 -9999.0 -9999.0 -9999.0 -9999.0 -9999.0 -9999.0 -9999.0 -9999.0 -9999.0 -9999.0 -9999.0 -9999.0 -9999.0
-9999.0 -9999.0 720.143754 621.116589 521.901391 422.546643 323.125364 223.675592 124.216625 24.758989 -74.689316 -174.126497 -273.547794 -372.940004 -472.281188 -571.537572 -670.648610 -769.673451 -868.694835 -967.579422 -1066.258075 -1163.924548 -1258.922930 -1349.826565 -1434.446015 -1510.666786 -1576.905266 -1632.410100 -1677.326890 -1712.541446 -1739.398812 -1759.413716 -1774.049853 -1784.591494 -1792.094197 -1797.389907 -1801.131570 -1803.900451 -1806.477455 -1810.271725 -1815.726780 -1809.947175 -1792.678484 -4054.682019 -4054.075617 -3894.764024 -3794.415782 -3779.742958 -3778.229645 -3778.381011 -3778.768242 -3779.183258 -3779.581416 -3779.949619 -3780.290098 -3780.678857 -3781.861785 -3790.144257 -3844.209781 -3950.013418 -3831.828743 -1597.273968 -1767.605648 -1808.000100 -1810.352046 -1809.722648 -1809.471216 -1809.413823 -1809.403425 -1809.402109 -1809.402338 -1809.402760 -1809.403149 -1809.403480 -1809.403764 -1809.404012 -1809.404236 -1809.404442 -1809.404639 -1809.404832 -1809.405030 -1809.405241 -1809.405479 -1809.405761 -1809.406116 -1809.406589 -1809.407253 -1809.408232 -1809.409739 -1809.412159 -1809.416200 -1809.423225 -1809.435914 -1809.459688 -1809.505860 -1809.599118 -1809.796642 -1810.240424 -1811.310172 -1814.111330 -1822.198736 -1848.288757 -9999.0 -9999.0
-9999.0 -9999.0 720.147470 621.117830 521.901768 422.546761 323.125403 223.675606 124.216630 24.758991 -74.689315 -174.126496 -273.547793 -372.940004 -472.281188 -571.537572 -670.648610 -769.673451 -868.694835 -967.579422 -1066.258075 -1163.924548 -1258.922931 -1349.826565 -1434.446015 -1510.666787 -1576.905266 -1632.410101 -1677.326890 -1712.541446 -1739.398812 -1759.413716 -1774.049853 -1784.591494 -1792.094197 -1797.389907 -1801.131570 -1803.900451 -1806.477455 -1810.271725 -1815.726780 -1809.947175 -1792.678484 -4054.682019 -4054.075615 -3894.764018 -3794.415782 -3779.742958 -3778.229645 -3778.381011 -3778.768242 -3779.183258 -3779.581416 -3779.949619 -3780.290098 -3780.678857 -3781.861785 -3790.144257 -3844.209781 -3950.013418 -3831.828743 -1597.273968 -1767.605648 -1808.000099 -1810.352046 -1809.722648 -1809.471216 -1809.413823 -1809.403425 -1809.402109 -1809.402338 -1809.402760 -1809.403149 -1809.403480 -1809.403764 -1809.404012 -1809.404236 -1809.404442 -1809.404639 -1809.404832 -1809.405030 -1809.405241 -1809.405479 -1809.405761 -1809.406116 -1809.406589 -1809.407253 -1809.408232 -1809.409739 -1809.412158 -1809.416200 -1809.423225 -1809.435914 -1809.459688 -1809.505860 -1809.599118 -1809.796642 -1810.240424 -1811.310172 -1814.111330 -1822.198736 -1848.288757 -9999.0 -9999.0
-9999.0 -9999.0 720.148641 621.118444 521.902021 422.546856 323.125438 223.675618 124.216635 24.758993 -74.689314 -174.126496 -273.547793 -372.940003 -472.281188 -571.537572 -670.648610 -769.673451 -868.694835 -967.579422 -1066.258075 -1163.924549 -1258.922931 -1349.826565 -1434.446015 -1510.666787 -1576.905266 -1632.410101 -1677.326890 -1712.541446 -1739.398812 -1759.413716 -1774.049853 -1784.591494 -1792.094197 -1797.389907 -1801.131570 -1803.900451 -1806.477455 -1810.271725 -1815.726780 -1809.947175 -1792.678484 -4054.682019 -4054.075614 -3894.764016 -3794.415782 -3779.742958 -3778.229645 -3778.381011 -3778.768242 -3779.183258 -3779.581416 -3779.949619 -3780.290098 -3780.678857 -3781.861785 -3790.144257 -3844.209781 -3950.013418 -3831.828743 -1597.273968 -1767.605648 -1808.000099 -1810.352046 -1809.722648 -1809.471216 -1809.413823 -1809.403425 -1809.402109 -1809.402338 -1809.402760 -1809.403149 -1809.403480 -1809.403764 -1809.404012 -1809.404236 -1809.404442 -1809.404639 -1809.404832 -1809.405030 -1809.405241 -1809.405479 -1809.405761 -1809.406116 -1809.406589 -1809.407253 -1809.408232 -1809.409739 -1809.412158 -1809.416200 -1809.423225 -1809.435914 -1809.459688 -1809.505860 -1809.599118 -1809.796642 -1810.240424 -1811.310172 -1814.111330 -1822.198736 -1848.288757 -9999.0 -9999.0
-9999.0 -9999.0 720.148641 621.118444 521.902021 422.546856 323.125438 223.675618 124.216635 24.758993 -74.689314 -174.126496 -273.547793 -372.940004 -472.281188 -571.537572 -670.648610 -769.673451 -868.694835 -967.579422 -1066.258075 -1163.924549 -1258.922931 -1349.826565 -1434.446015 -1510.666787 -1576.905266 -1632.410101 -1677.326890 -1712.541446 -1739.398812 -1759.413716 -1774.049853 -1784.591494 -1792.094197 -1797.389907 -1801.131570 -1803.900451 -1806.477455 -1810.271725 -1815.726780 -1809.947175 -1792.678484 -4054.682019 -4054.075614 -3894.764016 -3794.415782 -3779.742958 -3778.229645 -3778.381011 -3778.768242 -3779.183258 -3779.581416 -3779.949619 -3780.290098 -3780.678857 -3781.861785 -3790.144257 -3844.209781 -3950.013418 -3831.828743 -1597.273968 -1767.605648 -1808.000099 -1810.352046 -1809.722648 -1809.471216 -1809.413823 -1809.403425 -1809.402109 -1809.402338 -1809.402760 -1809.403149 -1809.403480 -1809.403764 -1809.404012 -1809.404236 -1809.404442 -1809.404639 -1809.404832 -1809.405030 -1809.405241 -1809.405479 -1809.405761 -1809.406116 -1809.406589 -1809.407253 -1809.408232 -1809.409739 -1809.412158 -1809.416200 -1809.423225 -1809.435914 -1809.459688 -1809.505860 -1809.599118 -1809.796642 -1810.240424 -1811.310172 -1814.111330 -1822.198736 -1848.288757 -9999.0 -9999.0
-9999.0 -9999.0 720.147470 621.117830 521.901768 422.546761 323.125403 223.675606 124.216630 24.758991 -74.689315 -174.126496 -273.547794 -372.940004 -472.281188 -571.537572 -670.648610 -769.673451 -868.694835 -967.579422 -1066.258075 -1163.924548 -1258.922931 -1349.826565 -1434.446015 -1510.666787 -1576.905266 -1632.410101 -1677.326890 -1712.541446 -1739.398812 -1759.413716 -1774.049853 -1784.591494 -1792.094197 -1797.389907 -1801.131570 -1803.900451 -1806.477455 -1810.271725 -1815.726780 -1809.947175 -1792.678484 -4054.682019 -4054.075615 -3894.764018 -3794.415782 -3779.742958 -3778.229645 -3778.381011 -3778.768242 -3779.183258 -3779.581416 -3779.949619 -3780.290098 -3780.678857 -3781.861785 -3790.144257 -3844.209781 -3950.013418 -3831.828743 -1597.273968 -1767.605648 -1808.000099 -1810.352046 -1809.722648 -1809.471216 -1809.413823 -1809.403425 -1809.402109 -1809.402338 -1809.402760 -1809.403149 -1809.403480 -1809.403764 -1809.404012 -1809.404236 -1809.404442 -1809.404639 -1809.404832 -1809.405030 -1809.405241 -1809.405479 -1809.405761 -1809.406116 -1809.406589 -1809.407253 -1809.408232 -1809.409739 -1809.412158 -1809.416200 -1809.423225 -1809.435914 -1809.459688 -1809.505860 -1809.599118 -1809.796642 -1810.240424 -1811.310172 -1814.111330 -1822.198736 -1848.288757 -9999.0 -9999.0
-9999.0 -9999.0 720.143754 621.116589 521.901391 422.546643 323.125364 223.675592 124.216625 24.758989 -74.689316 -174.126497 -273.547794 -372.940004 -472.281188 -571.537572 -670.648610 -769.673451 -868.694835 -967.579422 -1066.258075 -1163.924548 -1258.922930 -1349.826565 -1434.446015 -1510.666786 -1576.905266 -1632.410100 -1677.326890 -1712.541446 -1739.398812 -1759.413716 -1774.049853 -1784.591494 -1792.094197 -1797.389907 -1801.131570 -1803.900451 -1806.477455 -1810.271725 -1815.726780 -1809.947175 -1792.678484 -4054.682019 -4054.075617 -3894.764024 -3794.415782 -3779.742958 -3778.229645 -3778.381011 -3778.768242 -3779.183258 -3779.581416 -3779.949619 -3780.290098 -3780.678857 -3781.861785 -3790.144257 -3844.209781 -3950.013418 -3831.828743 -1597.273968 -1767.605648 -1808.000100 -1810.352046 -1809.722648 -1809.471216 -1809.413823 -1809.403425 -1809.402109 -1809.402338 -1809.402760 -1809.403149 -1809.403480 -1809.403764 -1809.404012 -1809.404236 -1809.404442 -1809.404639 -1809.404832 -1809.405030 -1809.405241 -1809.405479 -1809.405761 -1809.406116 -1809.406589 -1809.407253 -1809.408232 -1809.409739 -1809.412159 -1809.416200 -1809.423225 -1809.435914 -1809.459688 -1809.505860 -1809.599118 -1809.796642 -1810.240424 -1811.310172 -1814.111330 -1822.198736 -1848.288757 -9999.0 -9999.0
-9999.0 -9999.0 -9999.0 -9999.0 -9999.0 -9999.0 -9999.0 -9999.0 -9999.0 -9999.0 -9999.0 -9999.0 -9999.0 -9999.0 -9999.0 -9999.0 -9999.0 -9999.0 -9999.0 -9999.0 -9999.0 -9999.0 -9999.0 -9999.0 -9999.0 -9999.0 -9999.0 -9999.0 -9999.0 -9999.0 -9999.0 -9999.0 -9999.0 -9999.0 -9999.0 -9999.0 -9999.0 -9999.0 -9999.0 -9999.0 -9999.0 -9999.0 -9999.0 -9999.0 -9999.0 -9999.0 -9999.0 -9999.0 -9999.0 -9999.0 -9999.0 -9999.0 -9999.0 -9999.0 -9999.0 -9999.0 -9999.0 -9999.0 -9999.0 -9999.0 -9999.0 -9999.0 -9999.0 -9999.0 -9999.0 -9999.0 -9999.0 -9999.0 -9999.0 -9999.0 -9999.0 -9999.0 -9999.0 -9999.0 -9999.0 -9999.0 -9999.0 -9999.0 -9999.0 -9999.0 -9999.0 -9999.0 -9999.0 -9999.0 -9999.0 -9999.0 -9999.0 -9999.0 -9999.0 -9999.0 -9999.0 -9999.0 -9999.0 -9999.0 -9999.0 -9999.0 -9999.0 -9999.0 -9999.0 -9999.0 -9999.0 -9999.0 -9999.0 -9999.0
-9999.0 -9999.0 -9999.0 -9999.0 -9999.0 -9999.0 -9999.0 -9999.0 -9999.0 -9999.0 -9999.0 -9999.0 -9999.0 -9999.0 -9999.0 -9999.0 -9999.0 -9999.0 -9999.0 -9999.0 -9999.0 -9999.0 -9999.0 -9999.0 -9999.0 -9999.0 -9999.0 -9999.0 -9999.0 -9999.0 -9999.0 -9999.0 -9999.0 -9999.0 -9999.0 -9999.0 -9999.0 -9999.0 -9999.0 -9999.0 -9999.0 -9999.0 -9999.0 -9999.0 -9999.0 -9999.0 -9999.0 -9999.0 -9999.0 -9999.0 -9999.0 -9999.0 -9999.0 -9999.0 -9999.0 -9999.0 -9999.0 -9999.0 -9999.0 -9999.0 -9999.0 -9999.0 -9999.0 -9999.0 -9999.0 -9999.0 -9999.0 -9999.0 -9999.0 -9999.0 -9999.0 -9999.0 -9999.0 -9999.0 -9999.0 -9999.0 -9999.0 -9999.0 -9999.0 -9999.0 -9999.0 -9999.0 -9999.0 -9999.0 -9999.0 -9999.0 -9999.0 -9999.0 -9999.0 -9999.0 -9999.0 -9999.0 -9999.0 -9999.0 -9999.0 -9999.0 -9999.0 -9999.0 -9999.0 -9999.0 -9999.0 -9999.0 -9999.0 -9999.0