inst/processing_geotop_simulation/geotop_simulation/out/maps3D/PwL0006N0081.asc
ncols         104
nrows         10
xllcorner     -2.000000
yllcorner     0.000000
cellsize      1.000000
NODATA_value  -9999.0
-9999.0 -9999.0 -9999.0 -9999.0 -9999.0 -9999.0 -9999.0 -9999.0 -9999.0 -9999.0 -9999.0 -9999.0 -9999.0 -9999.0 -9999.0 -9999.0 -9999.0 -9999.0 -9999.0 -9999.0 -9999.0 -9999.0 -9999.0 -9999.0 -9999.0 -9999.0 -9999.0 -9999.0 -9999.0 -9999.0 -9999.0 -9999.0 -9999.0 -9999.0 -9999.0 -9999.0 -9999.0 -9999.0 -9999.0 -9999.0 -9999.0 -9999.0 -9999.0 -9999.0 -9999.0 -9999.0 -9999.0 -9999.0 -9999.0 -9999.0 -9999.0 -9999.0 -9999.0 -9999.0 -9999.0 -9999.0 -9999.0 -9999.0 -9999.0 -9999.0 -9999.0 -9999.0 -9999.0 -9999.0 -9999.0 -9999.0 -9999.0 -9999.0 -9999.0 -9999.0 -9999.0 -9999.0 -9999.0 -9999.0 -9999.0 -9999.0 -9999.0 -9999.0 -9999.0 -9999.0 -9999.0 -9999.0 -9999.0 -9999.0 -9999.0 -9999.0 -9999.0 -9999.0 -9999.0 -9999.0 -9999.0 -9999.0 -9999.0 -9999.0 -9999.0 -9999.0 -9999.0 -9999.0 -9999.0 -9999.0 -9999.0 -9999.0 -9999.0 -9999.0
-9999.0 -9999.0 -9999.0 -9999.0 -9999.0 -9999.0 -9999.0 -9999.0 -9999.0 -9999.0 -9999.0 -9999.0 -9999.0 -9999.0 -9999.0 -9999.0 -9999.0 -9999.0 -9999.0 -9999.0 -9999.0 -9999.0 -9999.0 -9999.0 -9999.0 -9999.0 -9999.0 -9999.0 -9999.0 -9999.0 -9999.0 -9999.0 -9999.0 -9999.0 -9999.0 -9999.0 -9999.0 -9999.0 -9999.0 -9999.0 -9999.0 -9999.0 -9999.0 -9999.0 -9999.0 -9999.0 -9999.0 -9999.0 -9999.0 -9999.0 -9999.0 -9999.0 -9999.0 -9999.0 -9999.0 -9999.0 -9999.0 -9999.0 -9999.0 -9999.0 -9999.0 -9999.0 -9999.0 -9999.0 -9999.0 -9999.0 -9999.0 -9999.0 -9999.0 -9999.0 -9999.0 -9999.0 -9999.0 -9999.0 -9999.0 -9999.0 -9999.0 -9999.0 -9999.0 -9999.0 -9999.0 -9999.0 -9999.0 -9999.0 -9999.0 -9999.0 -9999.0 -9999.0 -9999.0 -9999.0 -9999.0 -9999.0 -9999.0 -9999.0 -9999.0 -9999.0 -9999.0 -9999.0 -9999.0 -9999.0 -9999.0 -9999.0 -9999.0 -9999.0
-9999.0 -9999.0 187.144094 86.896894 -13.286823 -113.346157 -213.681318 -315.473500 -421.721455 -538.968441 -672.722385 -805.945453 -921.926231 -995.135332 -1051.608921 -1112.298880 -1171.612711 -1196.439274 -1201.751764 -1196.947035 -1189.541341 -1183.422816 -1179.941345 -1179.143003 -1180.505609 -1183.309240 -1186.819217 -1190.412806 -1193.665083 -1196.365153 -1198.468695 -1200.030358 -1201.147213 -1201.921921 -1202.444440 -1202.787841 -1203.019197 -1203.221237 -1203.457826 -1204.011621 -1209.448961 -1249.074757 -1011.925151 -1038.190861 -1004.842931 -984.986179 -975.840652 -974.679885 -974.565480 -974.583305 -974.620794 -974.660654 -974.698889 -974.734253 -974.766798 -974.802125 -974.896657 -975.550094 -980.256474 -991.044007 -1009.484997 -962.719917 -1230.549020 -1207.709157 -1204.158477 -1203.653961 -1203.559596 -1203.542673 -1203.542127 -1203.544576 -1203.547093 -1203.549126 -1203.550670 -1203.551833 -1203.552717 -1203.553402 -1203.553942 -1203.554376 -1203.554735 -1203.555048 -1203.555348 -1203.555675 -1203.556080 -1203.556635 -1203.557451 -1203.558699 -1203.560654 -1203.563764 -1203.568778 -1203.576983 -1203.590657 -1203.613982 -1203.654899 -1203.728891 -1203.866655 -1204.129342 -1204.638672 -1205.638922 -1207.641183 -1211.811880 -1221.099607 -1244.565361 -9999.0 -9999.0
-9999.0 -9999.0 187.144095 86.896894 -13.286824 -113.346157 -213.681318 -315.473501 -421.721455 -538.968441 -672.722385 -805.945453 -921.926232 -995.135332 -1051.608921 -1112.298880 -1171.612711 -1196.439274 -1201.751764 -1196.947035 -1189.541341 -1183.422816 -1179.941345 -1179.143003 -1180.505609 -1183.309240 -1186.819217 -1190.412806 -1193.665083 -1196.365153 -1198.468695 -1200.030358 -1201.147213 -1201.921921 -1202.444440 -1202.787841 -1203.019197 -1203.221237 -1203.457826 -1204.011621 -1209.448961 -1249.074757 -1011.925151 -1038.190861 -1004.842931 -984.986179 -975.840652 -974.679885 -974.565480 -974.583305 -974.620794 -974.660654 -974.698889 -974.734253 -974.766798 -974.802125 -974.896657 -975.550094 -980.256474 -991.044007 -1009.484997 -962.719917 -1230.549020 -1207.709157 -1204.158477 -1203.653961 -1203.559596 -1203.542673 -1203.542127 -1203.544576 -1203.547093 -1203.549126 -1203.550670 -1203.551833 -1203.552717 -1203.553402 -1203.553942 -1203.554376 -1203.554735 -1203.555048 -1203.555348 -1203.555675 -1203.556080 -1203.556635 -1203.557451 -1203.558699 -1203.560654 -1203.563764 -1203.568778 -1203.576983 -1203.590657 -1203.613982 -1203.654899 -1203.728891 -1203.866655 -1204.129342 -1204.638672 -1205.638922 -1207.641183 -1211.811880 -1221.099607 -1244.565361 -9999.0 -9999.0
-9999.0 -9999.0 187.144094 86.896893 -13.286823 -113.346158 -213.681318 -315.473501 -421.721455 -538.968441 -672.722385 -805.945453 -921.926232 -995.135332 -1051.608921 -1112.298880 -1171.612711 -1196.439274 -1201.751764 -1196.947035 -1189.541341 -1183.422816 -1179.941345 -1179.143003 -1180.505609 -1183.309240 -1186.819217 -1190.412806 -1193.665083 -1196.365153 -1198.468695 -1200.030358 -1201.147213 -1201.921921 -1202.444440 -1202.787841 -1203.019197 -1203.221237 -1203.457826 -1204.011621 -1209.448961 -1249.074757 -1011.925151 -1038.190861 -1004.842931 -984.986179 -975.840652 -974.679885 -974.565480 -974.583305 -974.620794 -974.660654 -974.698889 -974.734253 -974.766798 -974.802125 -974.896657 -975.550094 -980.256474 -991.044007 -1009.484997 -962.719917 -1230.549020 -1207.709157 -1204.158477 -1203.653961 -1203.559596 -1203.542673 -1203.542127 -1203.544576 -1203.547093 -1203.549126 -1203.550670 -1203.551833 -1203.552717 -1203.553402 -1203.553942 -1203.554376 -1203.554735 -1203.555048 -1203.555348 -1203.555675 -1203.556080 -1203.556635 -1203.557451 -1203.558699 -1203.560654 -1203.563764 -1203.568778 -1203.576983 -1203.590657 -1203.613982 -1203.654899 -1203.728891 -1203.866655 -1204.129342 -1204.638672 -1205.638922 -1207.641183 -1211.811880 -1221.099607 -1244.565361 -9999.0 -9999.0
-9999.0 -9999.0 187.144094 86.896894 -13.286824 -113.346158 -213.681318 -315.473501 -421.721455 -538.968441 -672.722385 -805.945453 -921.926232 -995.135332 -1051.608921 -1112.298880 -1171.612711 -1196.439274 -1201.751764 -1196.947035 -1189.541341 -1183.422816 -1179.941345 -1179.143003 -1180.505609 -1183.309240 -1186.819217 -1190.412806 -1193.665083 -1196.365153 -1198.468695 -1200.030358 -1201.147213 -1201.921921 -1202.444440 -1202.787841 -1203.019197 -1203.221237 -1203.457826 -1204.011621 -1209.448961 -1249.074757 -1011.925151 -1038.190861 -1004.842931 -984.986179 -975.840652 -974.679885 -974.565480 -974.583305 -974.620794 -974.660654 -974.698889 -974.734253 -974.766798 -974.802125 -974.896657 -975.550094 -980.256474 -991.044007 -1009.484997 -962.719917 -1230.549020 -1207.709157 -1204.158477 -1203.653961 -1203.559596 -1203.542673 -1203.542127 -1203.544576 -1203.547093 -1203.549126 -1203.550670 -1203.551833 -1203.552717 -1203.553402 -1203.553942 -1203.554376 -1203.554735 -1203.555048 -1203.555348 -1203.555675 -1203.556080 -1203.556635 -1203.557451 -1203.558699 -1203.560654 -1203.563764 -1203.568778 -1203.576983 -1203.590657 -1203.613982 -1203.654899 -1203.728891 -1203.866655 -1204.129342 -1204.638672 -1205.638922 -1207.641183 -1211.811880 -1221.099607 -1244.565361 -9999.0 -9999.0
-9999.0 -9999.0 187.144095 86.896894 -13.286824 -113.346157 -213.681318 -315.473501 -421.721455 -538.968441 -672.722385 -805.945453 -921.926232 -995.135332 -1051.608921 -1112.298880 -1171.612711 -1196.439274 -1201.751764 -1196.947035 -1189.541341 -1183.422816 -1179.941345 -1179.143003 -1180.505609 -1183.309240 -1186.819217 -1190.412806 -1193.665083 -1196.365153 -1198.468695 -1200.030358 -1201.147213 -1201.921921 -1202.444440 -1202.787841 -1203.019197 -1203.221237 -1203.457826 -1204.011621 -1209.448961 -1249.074757 -1011.925151 -1038.190861 -1004.842931 -984.986179 -975.840652 -974.679885 -974.565480 -974.583305 -974.620794 -974.660654 -974.698889 -974.734253 -974.766798 -974.802125 -974.896657 -975.550094 -980.256474 -991.044007 -1009.484997 -962.719917 -1230.549020 -1207.709157 -1204.158477 -1203.653961 -1203.559596 -1203.542673 -1203.542127 -1203.544576 -1203.547093 -1203.549126 -1203.550670 -1203.551833 -1203.552717 -1203.553402 -1203.553942 -1203.554376 -1203.554735 -1203.555048 -1203.555348 -1203.555675 -1203.556080 -1203.556635 -1203.557451 -1203.558699 -1203.560654 -1203.563764 -1203.568778 -1203.576983 -1203.590657 -1203.613982 -1203.654899 -1203.728891 -1203.866655 -1204.129342 -1204.638672 -1205.638922 -1207.641183 -1211.811880 -1221.099607 -1244.565361 -9999.0 -9999.0
-9999.0 -9999.0 187.144094 86.896894 -13.286824 -113.346157 -213.681318 -315.473500 -421.721455 -538.968441 -672.722385 -805.945453 -921.926231 -995.135332 -1051.608921 -1112.298880 -1171.612711 -1196.439274 -1201.751764 -1196.947035 -1189.541341 -1183.422816 -1179.941345 -1179.143003 -1180.505609 -1183.309240 -1186.819217 -1190.412806 -1193.665083 -1196.365153 -1198.468695 -1200.030358 -1201.147213 -1201.921921 -1202.444440 -1202.787841 -1203.019197 -1203.221237 -1203.457826 -1204.011621 -1209.448961 -1249.074757 -1011.925151 -1038.190861 -1004.842931 -984.986179 -975.840652 -974.679885 -974.565480 -974.583305 -974.620794 -974.660654 -974.698889 -974.734253 -974.766798 -974.802125 -974.896657 -975.550094 -980.256474 -991.044007 -1009.484997 -962.719917 -1230.549020 -1207.709157 -1204.158477 -1203.653961 -1203.559596 -1203.542673 -1203.542127 -1203.544576 -1203.547093 -1203.549126 -1203.550670 -1203.551833 -1203.552717 -1203.553402 -1203.553942 -1203.554376 -1203.554735 -1203.555048 -1203.555348 -1203.555675 -1203.556080 -1203.556635 -1203.557451 -1203.558699 -1203.560654 -1203.563764 -1203.568778 -1203.576983 -1203.590657 -1203.613982 -1203.654899 -1203.728891 -1203.866655 -1204.129342 -1204.638672 -1205.638922 -1207.641183 -1211.811880 -1221.099607 -1244.565361 -9999.0 -9999.0
-9999.0 -9999.0 -9999.0 -9999.0 -9999.0 -9999.0 -9999.0 -9999.0 -9999.0 -9999.0 -9999.0 -9999.0 -9999.0 -9999.0 -9999.0 -9999.0 -9999.0 -9999.0 -9999.0 -9999.0 -9999.0 -9999.0 -9999.0 -9999.0 -9999.0 -9999.0 -9999.0 -9999.0 -9999.0 -9999.0 -9999.0 -9999.0 -9999.0 -9999.0 -9999.0 -9999.0 -9999.0 -9999.0 -9999.0 -9999.0 -9999.0 -9999.0 -9999.0 -9999.0 -9999.0 -9999.0 -9999.0 -9999.0 -9999.0 -9999.0 -9999.0 -9999.0 -9999.0 -9999.0 -9999.0 -9999.0 -9999.0 -9999.0 -9999.0 -9999.0 -9999.0 -9999.0 -9999.0 -9999.0 -9999.0 -9999.0 -9999.0 -9999.0 -9999.0 -9999.0 -9999.0 -9999.0 -9999.0 -9999.0 -9999.0 -9999.0 -9999.0 -9999.0 -9999.0 -9999.0 -9999.0 -9999.0 -9999.0 -9999.0 -9999.0 -9999.0 -9999.0 -9999.0 -9999.0 -9999.0 -9999.0 -9999.0 -9999.0 -9999.0 -9999.0 -9999.0 -9999.0 -9999.0 -9999.0 -9999.0 -9999.0 -9999.0 -9999.0 -9999.0
-9999.0 -9999.0 -9999.0 -9999.0 -9999.0 -9999.0 -9999.0 -9999.0 -9999.0 -9999.0 -9999.0 -9999.0 -9999.0 -9999.0 -9999.0 -9999.0 -9999.0 -9999.0 -9999.0 -9999.0 -9999.0 -9999.0 -9999.0 -9999.0 -9999.0 -9999.0 -9999.0 -9999.0 -9999.0 -9999.0 -9999.0 -9999.0 -9999.0 -9999.0 -9999.0 -9999.0 -9999.0 -9999.0 -9999.0 -9999.0 -9999.0 -9999.0 -9999.0 -9999.0 -9999.0 -9999.0 -9999.0 -9999.0 -9999.0 -9999.0 -9999.0 -9999.0 -9999.0 -9999.0 -9999.0 -9999.0 -9999.0 -9999.0 -9999.0 -9999.0 -9999.0 -9999.0 -9999.0 -9999.0 -9999.0 -9999.0 -9999.0 -9999.0 -9999.0 -9999.0 -9999.0 -9999.0 -9999.0 -9999.0 -9999.0 -9999.0 -9999.0 -9999.0 -9999.0 -9999.0 -9999.0 -9999.0 -9999.0 -9999.0 -9999.0 -9999.0 -9999.0 -9999.0 -9999.0 -9999.0 -9999.0 -9999.0 -9999.0 -9999.0 -9999.0 -9999.0 -9999.0 -9999.0 -9999.0 -9999.0 -9999.0 -9999.0 -9999.0 -9999.0