inst/processing_geotop_simulation/geotop_simulation/out/maps3D/PwL0010N0413.asc
ncols         104
nrows         10
xllcorner     -2.000000
yllcorner     0.000000
cellsize      1.000000
NODATA_value  -9999.0
-9999.0 -9999.0 -9999.0 -9999.0 -9999.0 -9999.0 -9999.0 -9999.0 -9999.0 -9999.0 -9999.0 -9999.0 -9999.0 -9999.0 -9999.0 -9999.0 -9999.0 -9999.0 -9999.0 -9999.0 -9999.0 -9999.0 -9999.0 -9999.0 -9999.0 -9999.0 -9999.0 -9999.0 -9999.0 -9999.0 -9999.0 -9999.0 -9999.0 -9999.0 -9999.0 -9999.0 -9999.0 -9999.0 -9999.0 -9999.0 -9999.0 -9999.0 -9999.0 -9999.0 -9999.0 -9999.0 -9999.0 -9999.0 -9999.0 -9999.0 -9999.0 -9999.0 -9999.0 -9999.0 -9999.0 -9999.0 -9999.0 -9999.0 -9999.0 -9999.0 -9999.0 -9999.0 -9999.0 -9999.0 -9999.0 -9999.0 -9999.0 -9999.0 -9999.0 -9999.0 -9999.0 -9999.0 -9999.0 -9999.0 -9999.0 -9999.0 -9999.0 -9999.0 -9999.0 -9999.0 -9999.0 -9999.0 -9999.0 -9999.0 -9999.0 -9999.0 -9999.0 -9999.0 -9999.0 -9999.0 -9999.0 -9999.0 -9999.0 -9999.0 -9999.0 -9999.0 -9999.0 -9999.0 -9999.0 -9999.0 -9999.0 -9999.0 -9999.0 -9999.0
-9999.0 -9999.0 -9999.0 -9999.0 -9999.0 -9999.0 -9999.0 -9999.0 -9999.0 -9999.0 -9999.0 -9999.0 -9999.0 -9999.0 -9999.0 -9999.0 -9999.0 -9999.0 -9999.0 -9999.0 -9999.0 -9999.0 -9999.0 -9999.0 -9999.0 -9999.0 -9999.0 -9999.0 -9999.0 -9999.0 -9999.0 -9999.0 -9999.0 -9999.0 -9999.0 -9999.0 -9999.0 -9999.0 -9999.0 -9999.0 -9999.0 -9999.0 -9999.0 -9999.0 -9999.0 -9999.0 -9999.0 -9999.0 -9999.0 -9999.0 -9999.0 -9999.0 -9999.0 -9999.0 -9999.0 -9999.0 -9999.0 -9999.0 -9999.0 -9999.0 -9999.0 -9999.0 -9999.0 -9999.0 -9999.0 -9999.0 -9999.0 -9999.0 -9999.0 -9999.0 -9999.0 -9999.0 -9999.0 -9999.0 -9999.0 -9999.0 -9999.0 -9999.0 -9999.0 -9999.0 -9999.0 -9999.0 -9999.0 -9999.0 -9999.0 -9999.0 -9999.0 -9999.0 -9999.0 -9999.0 -9999.0 -9999.0 -9999.0 -9999.0 -9999.0 -9999.0 -9999.0 -9999.0 -9999.0 -9999.0 -9999.0 -9999.0 -9999.0 -9999.0
-9999.0 -9999.0 472.633240 374.127978 275.146846 175.943243 76.645601 -22.689173 -122.034241 -221.377700 -320.707215 -420.004687 -519.236587 -618.334775 -717.214626 -816.181066 -915.051387 -1013.807971 -1112.435647 -1209.859523 -1305.635964 -1398.226376 -1485.268129 -1564.083815 -1632.507968 -1689.467599 -1735.083138 -1770.398841 -1796.972064 -1816.503882 -1830.590782 -1840.598199 -1847.623035 -1852.508269 -1855.881757 -1858.203442 -1859.819980 -1861.059748 -1862.486645 -1865.361272 -1869.349414 -1843.095761 -1328.622758 -1488.533462 -1446.346449 -1418.581174 -1405.880247 -1404.077461 -1403.888586 -1403.905589 -1403.951796 -1404.001524 -1404.049308 -1404.093553 -1404.134645 -1404.182723 -1404.334716 -1405.380690 -1411.997173 -1426.924822 -1443.330003 -1269.373240 -1808.374745 -1862.102046 -1864.199160 -1863.501610 -1863.268507 -1863.220318 -1863.212220 -1863.211352 -1863.211648 -1863.212058 -1863.212411 -1863.212693 -1863.212919 -1863.213102 -1863.213255 -1863.213387 -1863.213504 -1863.213613 -1863.213724 -1863.213845 -1863.213991 -1863.214180 -1863.214443 -1863.214828 -1863.215413 -1863.216330 -1863.217806 -1863.220247 -1863.224400 -1863.231691 -1863.244910 -1863.269650 -1863.317417 -1863.412793 -1863.611294 -1864.047612 -1865.075659 -1867.716938 -1875.292985 -1900.166936 -9999.0 -9999.0
-9999.0 -9999.0 472.638816 374.129525 275.147277 175.943373 76.645643 -22.689158 -122.034236 -221.377698 -320.707214 -420.004686 -519.236586 -618.334775 -717.214626 -816.181066 -915.051387 -1013.807972 -1112.435647 -1209.859523 -1305.635964 -1398.226377 -1485.268129 -1564.083815 -1632.507968 -1689.467599 -1735.083138 -1770.398841 -1796.972064 -1816.503882 -1830.590782 -1840.598199 -1847.623035 -1852.508269 -1855.881757 -1858.203442 -1859.819979 -1861.059748 -1862.486645 -1865.361272 -1869.349414 -1843.095761 -1328.622758 -1488.533462 -1446.346448 -1418.581173 -1405.880247 -1404.077461 -1403.888586 -1403.905589 -1403.951796 -1404.001524 -1404.049308 -1404.093553 -1404.134645 -1404.182723 -1404.334716 -1405.380690 -1411.997173 -1426.924822 -1443.330003 -1269.373240 -1808.374745 -1862.102046 -1864.199160 -1863.501610 -1863.268507 -1863.220318 -1863.212220 -1863.211352 -1863.211648 -1863.212058 -1863.212411 -1863.212693 -1863.212919 -1863.213102 -1863.213255 -1863.213387 -1863.213504 -1863.213613 -1863.213724 -1863.213845 -1863.213991 -1863.214180 -1863.214443 -1863.214828 -1863.215413 -1863.216330 -1863.217806 -1863.220247 -1863.224400 -1863.231691 -1863.244910 -1863.269650 -1863.317417 -1863.412793 -1863.611294 -1864.047612 -1865.075659 -1867.716938 -1875.292985 -1900.166936 -9999.0 -9999.0
-9999.0 -9999.0 472.640138 374.130220 275.147556 175.943476 76.645680 -22.689145 -122.034231 -221.377696 -320.707213 -420.004686 -519.236586 -618.334775 -717.214626 -816.181066 -915.051387 -1013.807972 -1112.435647 -1209.859523 -1305.635964 -1398.226377 -1485.268129 -1564.083815 -1632.507968 -1689.467599 -1735.083138 -1770.398841 -1796.972064 -1816.503882 -1830.590782 -1840.598199 -1847.623036 -1852.508269 -1855.881757 -1858.203442 -1859.819979 -1861.059748 -1862.486645 -1865.361272 -1869.349414 -1843.095761 -1328.622758 -1488.533462 -1446.346448 -1418.581173 -1405.880247 -1404.077461 -1403.888586 -1403.905589 -1403.951796 -1404.001524 -1404.049308 -1404.093553 -1404.134645 -1404.182723 -1404.334716 -1405.380690 -1411.997173 -1426.924822 -1443.330003 -1269.373241 -1808.374745 -1862.102046 -1864.199160 -1863.501610 -1863.268507 -1863.220318 -1863.212220 -1863.211352 -1863.211648 -1863.212058 -1863.212411 -1863.212693 -1863.212919 -1863.213102 -1863.213255 -1863.213387 -1863.213504 -1863.213613 -1863.213724 -1863.213845 -1863.213991 -1863.214180 -1863.214443 -1863.214828 -1863.215413 -1863.216330 -1863.217806 -1863.220247 -1863.224400 -1863.231691 -1863.244910 -1863.269650 -1863.317417 -1863.412793 -1863.611294 -1864.047612 -1865.075659 -1867.716938 -1875.292985 -1900.166936 -9999.0 -9999.0
-9999.0 -9999.0 472.640138 374.130220 275.147556 175.943476 76.645680 -22.689145 -122.034231 -221.377696 -320.707213 -420.004686 -519.236586 -618.334775 -717.214626 -816.181066 -915.051387 -1013.807972 -1112.435647 -1209.859523 -1305.635964 -1398.226377 -1485.268129 -1564.083815 -1632.507968 -1689.467599 -1735.083138 -1770.398841 -1796.972064 -1816.503882 -1830.590782 -1840.598199 -1847.623036 -1852.508269 -1855.881757 -1858.203442 -1859.819979 -1861.059748 -1862.486645 -1865.361272 -1869.349414 -1843.095761 -1328.622758 -1488.533462 -1446.346448 -1418.581173 -1405.880247 -1404.077461 -1403.888586 -1403.905589 -1403.951796 -1404.001524 -1404.049308 -1404.093553 -1404.134645 -1404.182723 -1404.334716 -1405.380690 -1411.997173 -1426.924822 -1443.330003 -1269.373241 -1808.374745 -1862.102046 -1864.199160 -1863.501610 -1863.268507 -1863.220318 -1863.212220 -1863.211352 -1863.211648 -1863.212058 -1863.212411 -1863.212693 -1863.212919 -1863.213102 -1863.213255 -1863.213387 -1863.213504 -1863.213613 -1863.213724 -1863.213845 -1863.213991 -1863.214180 -1863.214443 -1863.214828 -1863.215413 -1863.216330 -1863.217806 -1863.220247 -1863.224400 -1863.231691 -1863.244910 -1863.269650 -1863.317417 -1863.412793 -1863.611294 -1864.047612 -1865.075659 -1867.716938 -1875.292985 -1900.166936 -9999.0 -9999.0
-9999.0 -9999.0 472.638816 374.129525 275.147277 175.943373 76.645643 -22.689158 -122.034236 -221.377698 -320.707214 -420.004686 -519.236587 -618.334775 -717.214626 -816.181066 -915.051387 -1013.807972 -1112.435647 -1209.859523 -1305.635964 -1398.226377 -1485.268129 -1564.083815 -1632.507968 -1689.467599 -1735.083138 -1770.398841 -1796.972064 -1816.503882 -1830.590782 -1840.598199 -1847.623035 -1852.508269 -1855.881757 -1858.203442 -1859.819979 -1861.059748 -1862.486645 -1865.361272 -1869.349414 -1843.095761 -1328.622758 -1488.533462 -1446.346448 -1418.581173 -1405.880247 -1404.077461 -1403.888586 -1403.905589 -1403.951796 -1404.001524 -1404.049308 -1404.093553 -1404.134645 -1404.182723 -1404.334716 -1405.380690 -1411.997173 -1426.924822 -1443.330003 -1269.373240 -1808.374745 -1862.102046 -1864.199160 -1863.501610 -1863.268507 -1863.220318 -1863.212220 -1863.211352 -1863.211648 -1863.212058 -1863.212411 -1863.212693 -1863.212919 -1863.213102 -1863.213255 -1863.213387 -1863.213504 -1863.213613 -1863.213724 -1863.213845 -1863.213991 -1863.214180 -1863.214443 -1863.214828 -1863.215413 -1863.216330 -1863.217806 -1863.220247 -1863.224400 -1863.231691 -1863.244910 -1863.269650 -1863.317417 -1863.412793 -1863.611294 -1864.047612 -1865.075659 -1867.716938 -1875.292985 -1900.166936 -9999.0 -9999.0
-9999.0 -9999.0 472.633240 374.127978 275.146846 175.943243 76.645600 -22.689173 -122.034241 -221.377700 -320.707215 -420.004687 -519.236587 -618.334775 -717.214625 -816.181066 -915.051387 -1013.807971 -1112.435647 -1209.859523 -1305.635964 -1398.226376 -1485.268129 -1564.083815 -1632.507968 -1689.467599 -1735.083138 -1770.398841 -1796.972064 -1816.503882 -1830.590782 -1840.598199 -1847.623035 -1852.508269 -1855.881757 -1858.203442 -1859.819980 -1861.059748 -1862.486645 -1865.361272 -1869.349414 -1843.095761 -1328.622758 -1488.533462 -1446.346449 -1418.581174 -1405.880247 -1404.077461 -1403.888586 -1403.905589 -1403.951796 -1404.001524 -1404.049308 -1404.093553 -1404.134645 -1404.182723 -1404.334716 -1405.380690 -1411.997173 -1426.924822 -1443.330003 -1269.373240 -1808.374745 -1862.102046 -1864.199160 -1863.501610 -1863.268507 -1863.220318 -1863.212220 -1863.211352 -1863.211648 -1863.212058 -1863.212411 -1863.212693 -1863.212919 -1863.213102 -1863.213255 -1863.213387 -1863.213504 -1863.213613 -1863.213724 -1863.213845 -1863.213991 -1863.214180 -1863.214443 -1863.214828 -1863.215413 -1863.216330 -1863.217806 -1863.220247 -1863.224400 -1863.231691 -1863.244910 -1863.269650 -1863.317417 -1863.412793 -1863.611294 -1864.047612 -1865.075659 -1867.716938 -1875.292985 -1900.166936 -9999.0 -9999.0
-9999.0 -9999.0 -9999.0 -9999.0 -9999.0 -9999.0 -9999.0 -9999.0 -9999.0 -9999.0 -9999.0 -9999.0 -9999.0 -9999.0 -9999.0 -9999.0 -9999.0 -9999.0 -9999.0 -9999.0 -9999.0 -9999.0 -9999.0 -9999.0 -9999.0 -9999.0 -9999.0 -9999.0 -9999.0 -9999.0 -9999.0 -9999.0 -9999.0 -9999.0 -9999.0 -9999.0 -9999.0 -9999.0 -9999.0 -9999.0 -9999.0 -9999.0 -9999.0 -9999.0 -9999.0 -9999.0 -9999.0 -9999.0 -9999.0 -9999.0 -9999.0 -9999.0 -9999.0 -9999.0 -9999.0 -9999.0 -9999.0 -9999.0 -9999.0 -9999.0 -9999.0 -9999.0 -9999.0 -9999.0 -9999.0 -9999.0 -9999.0 -9999.0 -9999.0 -9999.0 -9999.0 -9999.0 -9999.0 -9999.0 -9999.0 -9999.0 -9999.0 -9999.0 -9999.0 -9999.0 -9999.0 -9999.0 -9999.0 -9999.0 -9999.0 -9999.0 -9999.0 -9999.0 -9999.0 -9999.0 -9999.0 -9999.0 -9999.0 -9999.0 -9999.0 -9999.0 -9999.0 -9999.0 -9999.0 -9999.0 -9999.0 -9999.0 -9999.0 -9999.0
-9999.0 -9999.0 -9999.0 -9999.0 -9999.0 -9999.0 -9999.0 -9999.0 -9999.0 -9999.0 -9999.0 -9999.0 -9999.0 -9999.0 -9999.0 -9999.0 -9999.0 -9999.0 -9999.0 -9999.0 -9999.0 -9999.0 -9999.0 -9999.0 -9999.0 -9999.0 -9999.0 -9999.0 -9999.0 -9999.0 -9999.0 -9999.0 -9999.0 -9999.0 -9999.0 -9999.0 -9999.0 -9999.0 -9999.0 -9999.0 -9999.0 -9999.0 -9999.0 -9999.0 -9999.0 -9999.0 -9999.0 -9999.0 -9999.0 -9999.0 -9999.0 -9999.0 -9999.0 -9999.0 -9999.0 -9999.0 -9999.0 -9999.0 -9999.0 -9999.0 -9999.0 -9999.0 -9999.0 -9999.0 -9999.0 -9999.0 -9999.0 -9999.0 -9999.0 -9999.0 -9999.0 -9999.0 -9999.0 -9999.0 -9999.0 -9999.0 -9999.0 -9999.0 -9999.0 -9999.0 -9999.0 -9999.0 -9999.0 -9999.0 -9999.0 -9999.0 -9999.0 -9999.0 -9999.0 -9999.0 -9999.0 -9999.0 -9999.0 -9999.0 -9999.0 -9999.0 -9999.0 -9999.0 -9999.0 -9999.0 -9999.0 -9999.0 -9999.0 -9999.0