inst/processing_geotop_simulation/geotop_simulation/out/maps3D/PwL0016N0370.asc
ncols         104
nrows         10
xllcorner     -2.000000
yllcorner     0.000000
cellsize      1.000000
NODATA_value  -9999.0
-9999.0 -9999.0 -9999.0 -9999.0 -9999.0 -9999.0 -9999.0 -9999.0 -9999.0 -9999.0 -9999.0 -9999.0 -9999.0 -9999.0 -9999.0 -9999.0 -9999.0 -9999.0 -9999.0 -9999.0 -9999.0 -9999.0 -9999.0 -9999.0 -9999.0 -9999.0 -9999.0 -9999.0 -9999.0 -9999.0 -9999.0 -9999.0 -9999.0 -9999.0 -9999.0 -9999.0 -9999.0 -9999.0 -9999.0 -9999.0 -9999.0 -9999.0 -9999.0 -9999.0 -9999.0 -9999.0 -9999.0 -9999.0 -9999.0 -9999.0 -9999.0 -9999.0 -9999.0 -9999.0 -9999.0 -9999.0 -9999.0 -9999.0 -9999.0 -9999.0 -9999.0 -9999.0 -9999.0 -9999.0 -9999.0 -9999.0 -9999.0 -9999.0 -9999.0 -9999.0 -9999.0 -9999.0 -9999.0 -9999.0 -9999.0 -9999.0 -9999.0 -9999.0 -9999.0 -9999.0 -9999.0 -9999.0 -9999.0 -9999.0 -9999.0 -9999.0 -9999.0 -9999.0 -9999.0 -9999.0 -9999.0 -9999.0 -9999.0 -9999.0 -9999.0 -9999.0 -9999.0 -9999.0 -9999.0 -9999.0 -9999.0 -9999.0 -9999.0 -9999.0
-9999.0 -9999.0 -9999.0 -9999.0 -9999.0 -9999.0 -9999.0 -9999.0 -9999.0 -9999.0 -9999.0 -9999.0 -9999.0 -9999.0 -9999.0 -9999.0 -9999.0 -9999.0 -9999.0 -9999.0 -9999.0 -9999.0 -9999.0 -9999.0 -9999.0 -9999.0 -9999.0 -9999.0 -9999.0 -9999.0 -9999.0 -9999.0 -9999.0 -9999.0 -9999.0 -9999.0 -9999.0 -9999.0 -9999.0 -9999.0 -9999.0 -9999.0 -9999.0 -9999.0 -9999.0 -9999.0 -9999.0 -9999.0 -9999.0 -9999.0 -9999.0 -9999.0 -9999.0 -9999.0 -9999.0 -9999.0 -9999.0 -9999.0 -9999.0 -9999.0 -9999.0 -9999.0 -9999.0 -9999.0 -9999.0 -9999.0 -9999.0 -9999.0 -9999.0 -9999.0 -9999.0 -9999.0 -9999.0 -9999.0 -9999.0 -9999.0 -9999.0 -9999.0 -9999.0 -9999.0 -9999.0 -9999.0 -9999.0 -9999.0 -9999.0 -9999.0 -9999.0 -9999.0 -9999.0 -9999.0 -9999.0 -9999.0 -9999.0 -9999.0 -9999.0 -9999.0 -9999.0 -9999.0 -9999.0 -9999.0 -9999.0 -9999.0 -9999.0 -9999.0
-9999.0 -9999.0 770.780093 672.122683 573.239646 474.168125 375.004129 275.800113 176.583152 77.367598 -21.836410 -121.022923 -220.188796 -319.316281 -418.372891 -517.304752 -616.013265 -714.338106 -812.801579 -911.021662 -1008.888359 -1106.211188 -1198.860974 -1286.109646 -1365.639256 -1435.500184 -1494.536711 -1542.570114 -1580.305670 -1609.050817 -1630.383718 -1645.880771 -1656.947349 -1664.744418 -1670.181605 -1673.948090 -1676.567824 -1678.506463 -1680.472367 -1684.217162 -1693.394843 -1712.288442 -1966.715310 -4110.578842 -4183.105059 -4183.033217 -4182.957533 -4182.944764 -4182.943350 -4182.943229 -4182.942878 -4182.941235 -4182.938248 -4182.934321 -4182.927653 -4182.914667 -4182.887001 -4182.826563 -4182.699717 -4182.282700 -4048.293068 -1762.475315 -1670.883095 -1685.076072 -1683.521415 -1682.476155 -1682.210143 -1682.158882 -1682.150526 -1682.149678 -1682.150023 -1682.150479 -1682.150873 -1682.151194 -1682.151454 -1682.151671 -1682.151855 -1682.152017 -1682.152165 -1682.152305 -1682.152447 -1682.152600 -1682.152780 -1682.153006 -1682.153312 -1682.153747 -1682.154394 -1682.155392 -1682.156980 -1682.159586 -1682.163997 -1682.171714 -1682.185680 -1682.211797 -1682.262256 -1682.363227 -1682.574198 -1683.040063 -1684.139876 -1686.948270 -1694.861942 -1720.206104 -9999.0 -9999.0
-9999.0 -9999.0 770.783778 672.123954 573.240038 474.168250 375.004170 275.800128 176.583158 77.367600 -21.836409 -121.022923 -220.188796 -319.316282 -418.372891 -517.304752 -616.013265 -714.338106 -812.801580 -911.021662 -1008.888359 -1106.211188 -1198.860974 -1286.109647 -1365.639256 -1435.500184 -1494.536711 -1542.570114 -1580.305670 -1609.050818 -1630.383718 -1645.880771 -1656.947350 -1664.744418 -1670.181605 -1673.948090 -1676.567824 -1678.506463 -1680.472367 -1684.217162 -1693.394843 -1712.288442 -1966.715309 -4110.578842 -4183.105059 -4183.033217 -4182.957533 -4182.944764 -4182.943350 -4182.943229 -4182.942878 -4182.941235 -4182.938248 -4182.934321 -4182.927653 -4182.914667 -4182.887001 -4182.826563 -4182.699717 -4182.282700 -4048.293068 -1762.475315 -1670.883095 -1685.076072 -1683.521415 -1682.476155 -1682.210143 -1682.158882 -1682.150526 -1682.149678 -1682.150023 -1682.150479 -1682.150873 -1682.151194 -1682.151454 -1682.151671 -1682.151855 -1682.152017 -1682.152165 -1682.152305 -1682.152447 -1682.152600 -1682.152780 -1682.153006 -1682.153312 -1682.153747 -1682.154394 -1682.155392 -1682.156980 -1682.159586 -1682.163997 -1682.171714 -1682.185680 -1682.211797 -1682.262256 -1682.363227 -1682.574198 -1683.040063 -1684.139876 -1686.948270 -1694.861942 -1720.206104 -9999.0 -9999.0
-9999.0 -9999.0 770.784995 672.124595 573.240304 474.168350 375.004207 275.800141 176.583163 77.367602 -21.836408 -121.022922 -220.188796 -319.316281 -418.372891 -517.304752 -616.013265 -714.338106 -812.801580 -911.021662 -1008.888359 -1106.211188 -1198.860974 -1286.109647 -1365.639256 -1435.500184 -1494.536711 -1542.570114 -1580.305670 -1609.050818 -1630.383718 -1645.880771 -1656.947350 -1664.744418 -1670.181605 -1673.948090 -1676.567824 -1678.506463 -1680.472367 -1684.217162 -1693.394843 -1712.288442 -1966.715309 -4110.578842 -4183.105059 -4183.033217 -4182.957533 -4182.944764 -4182.943350 -4182.943229 -4182.942878 -4182.941235 -4182.938248 -4182.934321 -4182.927653 -4182.914667 -4182.887001 -4182.826563 -4182.699717 -4182.282700 -4048.293068 -1762.475315 -1670.883095 -1685.076072 -1683.521415 -1682.476155 -1682.210143 -1682.158882 -1682.150526 -1682.149678 -1682.150023 -1682.150479 -1682.150873 -1682.151194 -1682.151454 -1682.151671 -1682.151855 -1682.152017 -1682.152165 -1682.152305 -1682.152447 -1682.152600 -1682.152780 -1682.153006 -1682.153312 -1682.153747 -1682.154394 -1682.155392 -1682.156980 -1682.159586 -1682.163997 -1682.171714 -1682.185680 -1682.211797 -1682.262256 -1682.363227 -1682.574198 -1683.040063 -1684.139876 -1686.948270 -1694.861942 -1720.206104 -9999.0 -9999.0
-9999.0 -9999.0 770.784995 672.124595 573.240303 474.168350 375.004207 275.800141 176.583163 77.367602 -21.836408 -121.022922 -220.188796 -319.316282 -418.372891 -517.304753 -616.013265 -714.338107 -812.801580 -911.021662 -1008.888359 -1106.211188 -1198.860974 -1286.109647 -1365.639256 -1435.500184 -1494.536711 -1542.570114 -1580.305670 -1609.050818 -1630.383718 -1645.880771 -1656.947350 -1664.744418 -1670.181605 -1673.948090 -1676.567824 -1678.506463 -1680.472367 -1684.217162 -1693.394843 -1712.288442 -1966.715309 -4110.578842 -4183.105059 -4183.033217 -4182.957533 -4182.944764 -4182.943350 -4182.943229 -4182.942878 -4182.941235 -4182.938248 -4182.934321 -4182.927653 -4182.914667 -4182.887001 -4182.826563 -4182.699717 -4182.282700 -4048.293068 -1762.475315 -1670.883095 -1685.076072 -1683.521415 -1682.476155 -1682.210143 -1682.158882 -1682.150526 -1682.149678 -1682.150023 -1682.150479 -1682.150873 -1682.151194 -1682.151454 -1682.151671 -1682.151855 -1682.152017 -1682.152165 -1682.152305 -1682.152447 -1682.152600 -1682.152780 -1682.153006 -1682.153312 -1682.153747 -1682.154394 -1682.155392 -1682.156980 -1682.159586 -1682.163997 -1682.171714 -1682.185680 -1682.211797 -1682.262256 -1682.363227 -1682.574198 -1683.040063 -1684.139876 -1686.948270 -1694.861942 -1720.206104 -9999.0 -9999.0
-9999.0 -9999.0 770.783778 672.123954 573.240039 474.168250 375.004170 275.800128 176.583158 77.367600 -21.836409 -121.022923 -220.188796 -319.316281 -418.372891 -517.304752 -616.013265 -714.338106 -812.801580 -911.021662 -1008.888359 -1106.211188 -1198.860974 -1286.109647 -1365.639256 -1435.500184 -1494.536711 -1542.570114 -1580.305670 -1609.050818 -1630.383718 -1645.880771 -1656.947350 -1664.744418 -1670.181605 -1673.948090 -1676.567824 -1678.506463 -1680.472367 -1684.217162 -1693.394843 -1712.288442 -1966.715309 -4110.578842 -4183.105059 -4183.033217 -4182.957533 -4182.944764 -4182.943350 -4182.943229 -4182.942878 -4182.941235 -4182.938248 -4182.934321 -4182.927653 -4182.914667 -4182.887001 -4182.826563 -4182.699717 -4182.282700 -4048.293068 -1762.475315 -1670.883095 -1685.076072 -1683.521415 -1682.476155 -1682.210143 -1682.158882 -1682.150526 -1682.149678 -1682.150023 -1682.150479 -1682.150873 -1682.151194 -1682.151454 -1682.151671 -1682.151855 -1682.152017 -1682.152165 -1682.152305 -1682.152447 -1682.152600 -1682.152780 -1682.153006 -1682.153312 -1682.153747 -1682.154394 -1682.155392 -1682.156980 -1682.159586 -1682.163997 -1682.171714 -1682.185680 -1682.211797 -1682.262256 -1682.363227 -1682.574198 -1683.040063 -1684.139876 -1686.948270 -1694.861942 -1720.206104 -9999.0 -9999.0
-9999.0 -9999.0 770.780093 672.122683 573.239645 474.168125 375.004129 275.800113 176.583152 77.367598 -21.836410 -121.022923 -220.188796 -319.316282 -418.372891 -517.304752 -616.013264 -714.338106 -812.801579 -911.021662 -1008.888359 -1106.211188 -1198.860974 -1286.109646 -1365.639256 -1435.500184 -1494.536711 -1542.570114 -1580.305670 -1609.050817 -1630.383718 -1645.880771 -1656.947349 -1664.744418 -1670.181605 -1673.948090 -1676.567824 -1678.506463 -1680.472367 -1684.217162 -1693.394843 -1712.288442 -1966.715310 -4110.578842 -4183.105059 -4183.033217 -4182.957533 -4182.944764 -4182.943350 -4182.943229 -4182.942878 -4182.941235 -4182.938248 -4182.934321 -4182.927653 -4182.914667 -4182.887001 -4182.826563 -4182.699717 -4182.282700 -4048.293068 -1762.475315 -1670.883095 -1685.076072 -1683.521415 -1682.476155 -1682.210143 -1682.158882 -1682.150526 -1682.149678 -1682.150023 -1682.150479 -1682.150873 -1682.151194 -1682.151454 -1682.151671 -1682.151855 -1682.152017 -1682.152165 -1682.152305 -1682.152447 -1682.152600 -1682.152780 -1682.153006 -1682.153312 -1682.153747 -1682.154394 -1682.155392 -1682.156980 -1682.159586 -1682.163997 -1682.171714 -1682.185680 -1682.211797 -1682.262256 -1682.363227 -1682.574198 -1683.040063 -1684.139876 -1686.948270 -1694.861942 -1720.206104 -9999.0 -9999.0
-9999.0 -9999.0 -9999.0 -9999.0 -9999.0 -9999.0 -9999.0 -9999.0 -9999.0 -9999.0 -9999.0 -9999.0 -9999.0 -9999.0 -9999.0 -9999.0 -9999.0 -9999.0 -9999.0 -9999.0 -9999.0 -9999.0 -9999.0 -9999.0 -9999.0 -9999.0 -9999.0 -9999.0 -9999.0 -9999.0 -9999.0 -9999.0 -9999.0 -9999.0 -9999.0 -9999.0 -9999.0 -9999.0 -9999.0 -9999.0 -9999.0 -9999.0 -9999.0 -9999.0 -9999.0 -9999.0 -9999.0 -9999.0 -9999.0 -9999.0 -9999.0 -9999.0 -9999.0 -9999.0 -9999.0 -9999.0 -9999.0 -9999.0 -9999.0 -9999.0 -9999.0 -9999.0 -9999.0 -9999.0 -9999.0 -9999.0 -9999.0 -9999.0 -9999.0 -9999.0 -9999.0 -9999.0 -9999.0 -9999.0 -9999.0 -9999.0 -9999.0 -9999.0 -9999.0 -9999.0 -9999.0 -9999.0 -9999.0 -9999.0 -9999.0 -9999.0 -9999.0 -9999.0 -9999.0 -9999.0 -9999.0 -9999.0 -9999.0 -9999.0 -9999.0 -9999.0 -9999.0 -9999.0 -9999.0 -9999.0 -9999.0 -9999.0 -9999.0 -9999.0
-9999.0 -9999.0 -9999.0 -9999.0 -9999.0 -9999.0 -9999.0 -9999.0 -9999.0 -9999.0 -9999.0 -9999.0 -9999.0 -9999.0 -9999.0 -9999.0 -9999.0 -9999.0 -9999.0 -9999.0 -9999.0 -9999.0 -9999.0 -9999.0 -9999.0 -9999.0 -9999.0 -9999.0 -9999.0 -9999.0 -9999.0 -9999.0 -9999.0 -9999.0 -9999.0 -9999.0 -9999.0 -9999.0 -9999.0 -9999.0 -9999.0 -9999.0 -9999.0 -9999.0 -9999.0 -9999.0 -9999.0 -9999.0 -9999.0 -9999.0 -9999.0 -9999.0 -9999.0 -9999.0 -9999.0 -9999.0 -9999.0 -9999.0 -9999.0 -9999.0 -9999.0 -9999.0 -9999.0 -9999.0 -9999.0 -9999.0 -9999.0 -9999.0 -9999.0 -9999.0 -9999.0 -9999.0 -9999.0 -9999.0 -9999.0 -9999.0 -9999.0 -9999.0 -9999.0 -9999.0 -9999.0 -9999.0 -9999.0 -9999.0 -9999.0 -9999.0 -9999.0 -9999.0 -9999.0 -9999.0 -9999.0 -9999.0 -9999.0 -9999.0 -9999.0 -9999.0 -9999.0 -9999.0 -9999.0 -9999.0 -9999.0 -9999.0 -9999.0 -9999.0