inst/processing_geotop_simulation/geotop_simulation/out/maps3D/PwL0000N0221.asc
ncols         104
nrows         10
xllcorner     -2.000000
yllcorner     0.000000
cellsize      1.000000
NODATA_value  -9999.0
-9999.0 -9999.0 -9999.0 -9999.0 -9999.0 -9999.0 -9999.0 -9999.0 -9999.0 -9999.0 -9999.0 -9999.0 -9999.0 -9999.0 -9999.0 -9999.0 -9999.0 -9999.0 -9999.0 -9999.0 -9999.0 -9999.0 -9999.0 -9999.0 -9999.0 -9999.0 -9999.0 -9999.0 -9999.0 -9999.0 -9999.0 -9999.0 -9999.0 -9999.0 -9999.0 -9999.0 -9999.0 -9999.0 -9999.0 -9999.0 -9999.0 -9999.0 -9999.0 -9999.0 -9999.0 -9999.0 -9999.0 -9999.0 -9999.0 -9999.0 -9999.0 -9999.0 -9999.0 -9999.0 -9999.0 -9999.0 -9999.0 -9999.0 -9999.0 -9999.0 -9999.0 -9999.0 -9999.0 -9999.0 -9999.0 -9999.0 -9999.0 -9999.0 -9999.0 -9999.0 -9999.0 -9999.0 -9999.0 -9999.0 -9999.0 -9999.0 -9999.0 -9999.0 -9999.0 -9999.0 -9999.0 -9999.0 -9999.0 -9999.0 -9999.0 -9999.0 -9999.0 -9999.0 -9999.0 -9999.0 -9999.0 -9999.0 -9999.0 -9999.0 -9999.0 -9999.0 -9999.0 -9999.0 -9999.0 -9999.0 -9999.0 -9999.0 -9999.0 -9999.0
-9999.0 -9999.0 -9999.0 -9999.0 -9999.0 -9999.0 -9999.0 -9999.0 -9999.0 -9999.0 -9999.0 -9999.0 -9999.0 -9999.0 -9999.0 -9999.0 -9999.0 -9999.0 -9999.0 -9999.0 -9999.0 -9999.0 -9999.0 -9999.0 -9999.0 -9999.0 -9999.0 -9999.0 -9999.0 -9999.0 -9999.0 -9999.0 -9999.0 -9999.0 -9999.0 -9999.0 -9999.0 -9999.0 -9999.0 -9999.0 -9999.0 -9999.0 -9999.0 -9999.0 -9999.0 -9999.0 -9999.0 -9999.0 -9999.0 -9999.0 -9999.0 -9999.0 -9999.0 -9999.0 -9999.0 -9999.0 -9999.0 -9999.0 -9999.0 -9999.0 -9999.0 -9999.0 -9999.0 -9999.0 -9999.0 -9999.0 -9999.0 -9999.0 -9999.0 -9999.0 -9999.0 -9999.0 -9999.0 -9999.0 -9999.0 -9999.0 -9999.0 -9999.0 -9999.0 -9999.0 -9999.0 -9999.0 -9999.0 -9999.0 -9999.0 -9999.0 -9999.0 -9999.0 -9999.0 -9999.0 -9999.0 -9999.0 -9999.0 -9999.0 -9999.0 -9999.0 -9999.0 -9999.0 -9999.0 -9999.0 -9999.0 -9999.0 -9999.0 -9999.0
-9999.0 -9999.0 0.031514 -88.430494 -184.969512 -282.403533 -380.159606 -478.014783 -575.852426 -673.567446 -770.950215 -867.831302 -964.079974 -1059.509768 -1154.812757 -1249.811745 -1343.149612 -1434.425017 -1523.375803 -1607.528716 -1681.097131 -1739.909351 -1783.538996 -1814.282856 -1835.311646 -1849.500905 -1859.036452 -1865.439645 -1869.731713 -1872.596195 -1874.496157 -1875.747927 -1876.567576 -1877.101573 -1877.448346 -1877.675244 -1877.835346 -1878.000381 -1878.420553 -1880.313821 -1887.099335 -1871.282420 -1171.588617 -1168.177349 -1157.685785 -1151.001127 -1147.862614 -1147.395962 -1147.347105 -1147.353539 -1147.368226 -1147.383939 -1147.399033 -1147.413007 -1147.425934 -1147.440558 -1147.483098 -1147.763642 -1149.441207 -1153.200613 -1158.870811 -1154.868537 -1850.184441 -1881.958133 -1879.231063 -1878.350518 -1878.196909 -1878.172905 -1878.169776 -1878.170117 -1878.170929 -1878.171661 -1878.172236 -1878.172674 -1878.173009 -1878.173268 -1878.173474 -1878.173639 -1878.173778 -1878.173901 -1878.174022 -1878.174156 -1878.174325 -1878.174560 -1878.174909 -1878.175445 -1878.176290 -1878.177641 -1878.179839 -1878.183476 -1878.189625 -1878.200298 -1878.219371 -1878.254482 -1878.320904 -1878.449635 -1878.705380 -1879.230950 -1880.368447 -1883.020815 -1889.935191 -1911.871109 -9999.0 -9999.0
-9999.0 -9999.0 0.105897 -88.428310 -184.968968 -282.403375 -380.159556 -478.014766 -575.852420 -673.567444 -770.950214 -867.831301 -964.079974 -1059.509768 -1154.812757 -1249.811745 -1343.149612 -1434.425017 -1523.375803 -1607.528717 -1681.097131 -1739.909352 -1783.538996 -1814.282856 -1835.311646 -1849.500905 -1859.036452 -1865.439645 -1869.731713 -1872.596195 -1874.496157 -1875.747927 -1876.567576 -1877.101574 -1877.448346 -1877.675244 -1877.835346 -1878.000381 -1878.420553 -1880.313821 -1887.099335 -1871.282420 -1171.588617 -1168.177349 -1157.685785 -1151.001126 -1147.862614 -1147.395962 -1147.347105 -1147.353539 -1147.368226 -1147.383939 -1147.399033 -1147.413007 -1147.425934 -1147.440558 -1147.483098 -1147.763642 -1149.441207 -1153.200613 -1158.870811 -1154.868537 -1850.184441 -1881.958133 -1879.231063 -1878.350518 -1878.196909 -1878.172905 -1878.169776 -1878.170117 -1878.170929 -1878.171661 -1878.172236 -1878.172674 -1878.173009 -1878.173268 -1878.173474 -1878.173639 -1878.173778 -1878.173901 -1878.174022 -1878.174156 -1878.174325 -1878.174560 -1878.174909 -1878.175445 -1878.176290 -1878.177641 -1878.179839 -1878.183476 -1878.189625 -1878.200298 -1878.219371 -1878.254482 -1878.320904 -1878.449635 -1878.705380 -1879.230950 -1880.368447 -1883.020815 -1889.935191 -1911.871109 -9999.0 -9999.0
-9999.0 -9999.0 0.105903 -88.427439 -184.968624 -282.403250 -380.159512 -478.014751 -575.852415 -673.567442 -770.950213 -867.831301 -964.079974 -1059.509768 -1154.812757 -1249.811745 -1343.149613 -1434.425017 -1523.375803 -1607.528717 -1681.097132 -1739.909352 -1783.538996 -1814.282856 -1835.311646 -1849.500905 -1859.036452 -1865.439645 -1869.731713 -1872.596195 -1874.496157 -1875.747927 -1876.567576 -1877.101574 -1877.448346 -1877.675244 -1877.835346 -1878.000381 -1878.420553 -1880.313821 -1887.099335 -1871.282420 -1171.588617 -1168.177349 -1157.685785 -1151.001126 -1147.862614 -1147.395962 -1147.347105 -1147.353539 -1147.368226 -1147.383939 -1147.399033 -1147.413007 -1147.425934 -1147.440558 -1147.483098 -1147.763642 -1149.441207 -1153.200613 -1158.870811 -1154.868537 -1850.184441 -1881.958133 -1879.231063 -1878.350518 -1878.196909 -1878.172905 -1878.169776 -1878.170117 -1878.170929 -1878.171661 -1878.172236 -1878.172674 -1878.173009 -1878.173268 -1878.173474 -1878.173639 -1878.173778 -1878.173901 -1878.174022 -1878.174156 -1878.174325 -1878.174560 -1878.174909 -1878.175445 -1878.176290 -1878.177641 -1878.179839 -1878.183476 -1878.189625 -1878.200298 -1878.219371 -1878.254482 -1878.320904 -1878.449635 -1878.705380 -1879.230950 -1880.368447 -1883.020815 -1889.935191 -1911.871109 -9999.0 -9999.0
-9999.0 -9999.0 0.105903 -88.427439 -184.968624 -282.403250 -380.159512 -478.014751 -575.852415 -673.567442 -770.950213 -867.831301 -964.079974 -1059.509768 -1154.812757 -1249.811745 -1343.149613 -1434.425017 -1523.375803 -1607.528717 -1681.097132 -1739.909352 -1783.538996 -1814.282856 -1835.311646 -1849.500905 -1859.036452 -1865.439645 -1869.731713 -1872.596195 -1874.496157 -1875.747927 -1876.567576 -1877.101574 -1877.448346 -1877.675244 -1877.835346 -1878.000381 -1878.420553 -1880.313821 -1887.099335 -1871.282420 -1171.588617 -1168.177349 -1157.685785 -1151.001126 -1147.862614 -1147.395962 -1147.347105 -1147.353539 -1147.368226 -1147.383939 -1147.399033 -1147.413007 -1147.425934 -1147.440558 -1147.483098 -1147.763642 -1149.441207 -1153.200613 -1158.870811 -1154.868537 -1850.184441 -1881.958133 -1879.231063 -1878.350518 -1878.196909 -1878.172905 -1878.169776 -1878.170117 -1878.170929 -1878.171661 -1878.172236 -1878.172674 -1878.173009 -1878.173268 -1878.173474 -1878.173639 -1878.173778 -1878.173901 -1878.174022 -1878.174156 -1878.174325 -1878.174560 -1878.174909 -1878.175445 -1878.176290 -1878.177641 -1878.179839 -1878.183476 -1878.189625 -1878.200298 -1878.219371 -1878.254482 -1878.320904 -1878.449635 -1878.705380 -1879.230950 -1880.368447 -1883.020815 -1889.935191 -1911.871109 -9999.0 -9999.0
-9999.0 -9999.0 0.105897 -88.428310 -184.968968 -282.403375 -380.159556 -478.014766 -575.852420 -673.567444 -770.950214 -867.831301 -964.079974 -1059.509768 -1154.812757 -1249.811745 -1343.149612 -1434.425017 -1523.375803 -1607.528717 -1681.097131 -1739.909352 -1783.538996 -1814.282856 -1835.311646 -1849.500905 -1859.036452 -1865.439645 -1869.731713 -1872.596195 -1874.496157 -1875.747927 -1876.567576 -1877.101574 -1877.448346 -1877.675244 -1877.835346 -1878.000381 -1878.420553 -1880.313821 -1887.099335 -1871.282420 -1171.588617 -1168.177349 -1157.685785 -1151.001126 -1147.862614 -1147.395962 -1147.347105 -1147.353539 -1147.368226 -1147.383939 -1147.399033 -1147.413007 -1147.425934 -1147.440558 -1147.483098 -1147.763642 -1149.441207 -1153.200613 -1158.870811 -1154.868537 -1850.184441 -1881.958133 -1879.231063 -1878.350518 -1878.196909 -1878.172905 -1878.169776 -1878.170117 -1878.170929 -1878.171661 -1878.172236 -1878.172674 -1878.173009 -1878.173268 -1878.173474 -1878.173639 -1878.173778 -1878.173901 -1878.174022 -1878.174156 -1878.174325 -1878.174560 -1878.174909 -1878.175445 -1878.176290 -1878.177641 -1878.179839 -1878.183476 -1878.189625 -1878.200298 -1878.219371 -1878.254482 -1878.320904 -1878.449635 -1878.705380 -1879.230950 -1880.368447 -1883.020815 -1889.935191 -1911.871109 -9999.0 -9999.0
-9999.0 -9999.0 0.031514 -88.430494 -184.969512 -282.403533 -380.159606 -478.014783 -575.852426 -673.567446 -770.950215 -867.831302 -964.079974 -1059.509768 -1154.812757 -1249.811745 -1343.149612 -1434.425017 -1523.375803 -1607.528716 -1681.097131 -1739.909351 -1783.538996 -1814.282856 -1835.311646 -1849.500905 -1859.036452 -1865.439645 -1869.731713 -1872.596195 -1874.496157 -1875.747927 -1876.567576 -1877.101573 -1877.448346 -1877.675244 -1877.835346 -1878.000381 -1878.420553 -1880.313821 -1887.099335 -1871.282420 -1171.588617 -1168.177349 -1157.685785 -1151.001127 -1147.862614 -1147.395962 -1147.347105 -1147.353539 -1147.368226 -1147.383939 -1147.399033 -1147.413007 -1147.425934 -1147.440558 -1147.483098 -1147.763642 -1149.441207 -1153.200613 -1158.870811 -1154.868537 -1850.184441 -1881.958133 -1879.231063 -1878.350518 -1878.196909 -1878.172905 -1878.169776 -1878.170117 -1878.170929 -1878.171661 -1878.172236 -1878.172674 -1878.173009 -1878.173268 -1878.173474 -1878.173639 -1878.173778 -1878.173901 -1878.174022 -1878.174156 -1878.174325 -1878.174560 -1878.174909 -1878.175445 -1878.176290 -1878.177641 -1878.179839 -1878.183476 -1878.189625 -1878.200298 -1878.219371 -1878.254482 -1878.320904 -1878.449635 -1878.705380 -1879.230950 -1880.368447 -1883.020815 -1889.935191 -1911.871109 -9999.0 -9999.0
-9999.0 -9999.0 -9999.0 -9999.0 -9999.0 -9999.0 -9999.0 -9999.0 -9999.0 -9999.0 -9999.0 -9999.0 -9999.0 -9999.0 -9999.0 -9999.0 -9999.0 -9999.0 -9999.0 -9999.0 -9999.0 -9999.0 -9999.0 -9999.0 -9999.0 -9999.0 -9999.0 -9999.0 -9999.0 -9999.0 -9999.0 -9999.0 -9999.0 -9999.0 -9999.0 -9999.0 -9999.0 -9999.0 -9999.0 -9999.0 -9999.0 -9999.0 -9999.0 -9999.0 -9999.0 -9999.0 -9999.0 -9999.0 -9999.0 -9999.0 -9999.0 -9999.0 -9999.0 -9999.0 -9999.0 -9999.0 -9999.0 -9999.0 -9999.0 -9999.0 -9999.0 -9999.0 -9999.0 -9999.0 -9999.0 -9999.0 -9999.0 -9999.0 -9999.0 -9999.0 -9999.0 -9999.0 -9999.0 -9999.0 -9999.0 -9999.0 -9999.0 -9999.0 -9999.0 -9999.0 -9999.0 -9999.0 -9999.0 -9999.0 -9999.0 -9999.0 -9999.0 -9999.0 -9999.0 -9999.0 -9999.0 -9999.0 -9999.0 -9999.0 -9999.0 -9999.0 -9999.0 -9999.0 -9999.0 -9999.0 -9999.0 -9999.0 -9999.0 -9999.0
-9999.0 -9999.0 -9999.0 -9999.0 -9999.0 -9999.0 -9999.0 -9999.0 -9999.0 -9999.0 -9999.0 -9999.0 -9999.0 -9999.0 -9999.0 -9999.0 -9999.0 -9999.0 -9999.0 -9999.0 -9999.0 -9999.0 -9999.0 -9999.0 -9999.0 -9999.0 -9999.0 -9999.0 -9999.0 -9999.0 -9999.0 -9999.0 -9999.0 -9999.0 -9999.0 -9999.0 -9999.0 -9999.0 -9999.0 -9999.0 -9999.0 -9999.0 -9999.0 -9999.0 -9999.0 -9999.0 -9999.0 -9999.0 -9999.0 -9999.0 -9999.0 -9999.0 -9999.0 -9999.0 -9999.0 -9999.0 -9999.0 -9999.0 -9999.0 -9999.0 -9999.0 -9999.0 -9999.0 -9999.0 -9999.0 -9999.0 -9999.0 -9999.0 -9999.0 -9999.0 -9999.0 -9999.0 -9999.0 -9999.0 -9999.0 -9999.0 -9999.0 -9999.0 -9999.0 -9999.0 -9999.0 -9999.0 -9999.0 -9999.0 -9999.0 -9999.0 -9999.0 -9999.0 -9999.0 -9999.0 -9999.0 -9999.0 -9999.0 -9999.0 -9999.0 -9999.0 -9999.0 -9999.0 -9999.0 -9999.0 -9999.0 -9999.0 -9999.0 -9999.0