inst/processing_geotop_simulation/geotop_simulation/out/maps3D/PwL0005N0446.asc
ncols         104
nrows         10
xllcorner     -2.000000
yllcorner     0.000000
cellsize      1.000000
NODATA_value  -9999.0
-9999.0 -9999.0 -9999.0 -9999.0 -9999.0 -9999.0 -9999.0 -9999.0 -9999.0 -9999.0 -9999.0 -9999.0 -9999.0 -9999.0 -9999.0 -9999.0 -9999.0 -9999.0 -9999.0 -9999.0 -9999.0 -9999.0 -9999.0 -9999.0 -9999.0 -9999.0 -9999.0 -9999.0 -9999.0 -9999.0 -9999.0 -9999.0 -9999.0 -9999.0 -9999.0 -9999.0 -9999.0 -9999.0 -9999.0 -9999.0 -9999.0 -9999.0 -9999.0 -9999.0 -9999.0 -9999.0 -9999.0 -9999.0 -9999.0 -9999.0 -9999.0 -9999.0 -9999.0 -9999.0 -9999.0 -9999.0 -9999.0 -9999.0 -9999.0 -9999.0 -9999.0 -9999.0 -9999.0 -9999.0 -9999.0 -9999.0 -9999.0 -9999.0 -9999.0 -9999.0 -9999.0 -9999.0 -9999.0 -9999.0 -9999.0 -9999.0 -9999.0 -9999.0 -9999.0 -9999.0 -9999.0 -9999.0 -9999.0 -9999.0 -9999.0 -9999.0 -9999.0 -9999.0 -9999.0 -9999.0 -9999.0 -9999.0 -9999.0 -9999.0 -9999.0 -9999.0 -9999.0 -9999.0 -9999.0 -9999.0 -9999.0 -9999.0 -9999.0 -9999.0
-9999.0 -9999.0 -9999.0 -9999.0 -9999.0 -9999.0 -9999.0 -9999.0 -9999.0 -9999.0 -9999.0 -9999.0 -9999.0 -9999.0 -9999.0 -9999.0 -9999.0 -9999.0 -9999.0 -9999.0 -9999.0 -9999.0 -9999.0 -9999.0 -9999.0 -9999.0 -9999.0 -9999.0 -9999.0 -9999.0 -9999.0 -9999.0 -9999.0 -9999.0 -9999.0 -9999.0 -9999.0 -9999.0 -9999.0 -9999.0 -9999.0 -9999.0 -9999.0 -9999.0 -9999.0 -9999.0 -9999.0 -9999.0 -9999.0 -9999.0 -9999.0 -9999.0 -9999.0 -9999.0 -9999.0 -9999.0 -9999.0 -9999.0 -9999.0 -9999.0 -9999.0 -9999.0 -9999.0 -9999.0 -9999.0 -9999.0 -9999.0 -9999.0 -9999.0 -9999.0 -9999.0 -9999.0 -9999.0 -9999.0 -9999.0 -9999.0 -9999.0 -9999.0 -9999.0 -9999.0 -9999.0 -9999.0 -9999.0 -9999.0 -9999.0 -9999.0 -9999.0 -9999.0 -9999.0 -9999.0 -9999.0 -9999.0 -9999.0 -9999.0 -9999.0 -9999.0 -9999.0 -9999.0 -9999.0 -9999.0 -9999.0 -9999.0 -9999.0 -9999.0
-9999.0 -9999.0 224.353964 126.068066 27.019379 -72.263691 -171.637696 -271.047574 -370.465633 -469.872901 -569.248124 -668.544738 -767.739992 -866.864003 -965.928602 -1064.993208 -1163.913813 -1262.432648 -1360.357511 -1457.165806 -1551.790813 -1642.259830 -1725.716075 -1799.254331 -1861.001695 -1910.602058 -1948.983408 -1977.802710 -1998.933657 -2014.139797 -2024.921638 -2032.477422 -2037.723599 -2041.339807 -2043.819261 -2045.517059 -2046.700889 -2047.638276 -2048.820825 -2051.180775 -2051.190215 -1986.033950 -1231.048535 -1243.872960 -1230.442167 -1221.397141 -1217.152435 -1216.488966 -1216.416391 -1216.422089 -1216.438962 -1216.457204 -1216.474750 -1216.491008 -1216.506175 -1216.524495 -1216.585057 -1216.985758 -1219.257133 -1224.253932 -1230.260442 -1207.908139 -1958.734393 -2045.166681 -2049.882613 -2049.414753 -2049.201725 -2049.155202 -2049.147218 -2049.146334 -2049.146604 -2049.146989 -2049.147320 -2049.147582 -2049.147790 -2049.147957 -2049.148095 -2049.148211 -2049.148314 -2049.148409 -2049.148504 -2049.148610 -2049.148739 -2049.148909 -2049.149151 -2049.149510 -2049.150062 -2049.150935 -2049.152348 -2049.154694 -2049.158699 -2049.165741 -2049.178524 -2049.202460 -2049.248672 -2049.340874 -2049.532521 -2049.953229 -2050.944886 -2053.504493 -2060.921212 -2085.589312 -9999.0 -9999.0
-9999.0 -9999.0 224.361959 126.069801 27.019826 -72.263560 -171.637654 -271.047560 -370.465628 -469.872899 -569.248123 -668.544738 -767.739991 -866.864003 -965.928602 -1064.993209 -1163.913813 -1262.432648 -1360.357512 -1457.165806 -1551.790813 -1642.259831 -1725.716075 -1799.254331 -1861.001695 -1910.602058 -1948.983408 -1977.802710 -1998.933657 -2014.139797 -2024.921638 -2032.477422 -2037.723599 -2041.339807 -2043.819261 -2045.517059 -2046.700889 -2047.638276 -2048.820825 -2051.180775 -2051.190214 -1986.033950 -1231.048535 -1243.872960 -1230.442167 -1221.397141 -1217.152435 -1216.488966 -1216.416391 -1216.422089 -1216.438962 -1216.457204 -1216.474750 -1216.491008 -1216.506175 -1216.524495 -1216.585057 -1216.985758 -1219.257133 -1224.253932 -1230.260442 -1207.908139 -1958.734393 -2045.166681 -2049.882613 -2049.414753 -2049.201725 -2049.155202 -2049.147218 -2049.146334 -2049.146604 -2049.146989 -2049.147319 -2049.147582 -2049.147790 -2049.147957 -2049.148095 -2049.148211 -2049.148314 -2049.148409 -2049.148504 -2049.148610 -2049.148739 -2049.148909 -2049.149151 -2049.149510 -2049.150062 -2049.150935 -2049.152348 -2049.154694 -2049.158699 -2049.165741 -2049.178524 -2049.202460 -2049.248672 -2049.340874 -2049.532521 -2049.953229 -2050.944886 -2053.504493 -2060.921212 -2085.589312 -9999.0 -9999.0
-9999.0 -9999.0 224.363215 126.070518 27.020110 -72.263457 -171.637618 -271.047547 -370.465623 -469.872897 -569.248122 -668.544737 -767.739991 -866.864003 -965.928602 -1064.993209 -1163.913813 -1262.432648 -1360.357512 -1457.165807 -1551.790813 -1642.259831 -1725.716075 -1799.254331 -1861.001695 -1910.602058 -1948.983408 -1977.802710 -1998.933657 -2014.139797 -2024.921638 -2032.477422 -2037.723599 -2041.339807 -2043.819261 -2045.517059 -2046.700889 -2047.638276 -2048.820825 -2051.180775 -2051.190214 -1986.033950 -1231.048535 -1243.872960 -1230.442167 -1221.397141 -1217.152435 -1216.488966 -1216.416391 -1216.422089 -1216.438962 -1216.457204 -1216.474750 -1216.491008 -1216.506175 -1216.524495 -1216.585057 -1216.985758 -1219.257133 -1224.253932 -1230.260442 -1207.908139 -1958.734393 -2045.166681 -2049.882613 -2049.414753 -2049.201725 -2049.155202 -2049.147218 -2049.146334 -2049.146604 -2049.146989 -2049.147319 -2049.147582 -2049.147790 -2049.147957 -2049.148095 -2049.148211 -2049.148314 -2049.148409 -2049.148504 -2049.148610 -2049.148739 -2049.148909 -2049.149151 -2049.149510 -2049.150062 -2049.150935 -2049.152348 -2049.154694 -2049.158699 -2049.165741 -2049.178524 -2049.202460 -2049.248672 -2049.340874 -2049.532521 -2049.953229 -2050.944886 -2053.504493 -2060.921212 -2085.589312 -9999.0 -9999.0
-9999.0 -9999.0 224.363215 126.070518 27.020110 -72.263457 -171.637618 -271.047547 -370.465623 -469.872897 -569.248122 -668.544737 -767.739991 -866.864003 -965.928602 -1064.993209 -1163.913813 -1262.432648 -1360.357512 -1457.165807 -1551.790813 -1642.259831 -1725.716075 -1799.254331 -1861.001695 -1910.602058 -1948.983408 -1977.802710 -1998.933657 -2014.139797 -2024.921638 -2032.477422 -2037.723599 -2041.339807 -2043.819261 -2045.517059 -2046.700889 -2047.638276 -2048.820825 -2051.180775 -2051.190214 -1986.033950 -1231.048535 -1243.872960 -1230.442167 -1221.397141 -1217.152435 -1216.488966 -1216.416391 -1216.422089 -1216.438962 -1216.457204 -1216.474750 -1216.491008 -1216.506175 -1216.524495 -1216.585057 -1216.985758 -1219.257133 -1224.253932 -1230.260442 -1207.908139 -1958.734393 -2045.166681 -2049.882613 -2049.414753 -2049.201725 -2049.155202 -2049.147218 -2049.146334 -2049.146604 -2049.146989 -2049.147319 -2049.147582 -2049.147790 -2049.147957 -2049.148095 -2049.148211 -2049.148314 -2049.148409 -2049.148504 -2049.148610 -2049.148739 -2049.148909 -2049.149151 -2049.149510 -2049.150062 -2049.150935 -2049.152348 -2049.154694 -2049.158699 -2049.165741 -2049.178524 -2049.202460 -2049.248672 -2049.340874 -2049.532521 -2049.953229 -2050.944886 -2053.504493 -2060.921212 -2085.589312 -9999.0 -9999.0
-9999.0 -9999.0 224.361959 126.069801 27.019826 -72.263560 -171.637654 -271.047560 -370.465628 -469.872899 -569.248123 -668.544738 -767.739991 -866.864003 -965.928602 -1064.993208 -1163.913813 -1262.432648 -1360.357512 -1457.165806 -1551.790813 -1642.259831 -1725.716075 -1799.254331 -1861.001695 -1910.602058 -1948.983408 -1977.802710 -1998.933657 -2014.139797 -2024.921638 -2032.477422 -2037.723599 -2041.339807 -2043.819261 -2045.517059 -2046.700889 -2047.638276 -2048.820825 -2051.180775 -2051.190214 -1986.033950 -1231.048535 -1243.872960 -1230.442167 -1221.397141 -1217.152435 -1216.488966 -1216.416391 -1216.422089 -1216.438962 -1216.457204 -1216.474750 -1216.491008 -1216.506175 -1216.524495 -1216.585057 -1216.985758 -1219.257133 -1224.253932 -1230.260442 -1207.908139 -1958.734393 -2045.166681 -2049.882613 -2049.414753 -2049.201725 -2049.155202 -2049.147218 -2049.146334 -2049.146604 -2049.146989 -2049.147319 -2049.147582 -2049.147790 -2049.147957 -2049.148095 -2049.148211 -2049.148314 -2049.148409 -2049.148504 -2049.148610 -2049.148739 -2049.148909 -2049.149151 -2049.149510 -2049.150062 -2049.150935 -2049.152348 -2049.154694 -2049.158699 -2049.165741 -2049.178524 -2049.202460 -2049.248672 -2049.340874 -2049.532521 -2049.953229 -2050.944886 -2053.504493 -2060.921212 -2085.589312 -9999.0 -9999.0
-9999.0 -9999.0 224.353964 126.068066 27.019379 -72.263691 -171.637696 -271.047574 -370.465633 -469.872902 -569.248124 -668.544738 -767.739992 -866.864003 -965.928602 -1064.993208 -1163.913812 -1262.432648 -1360.357511 -1457.165806 -1551.790813 -1642.259830 -1725.716075 -1799.254331 -1861.001695 -1910.602058 -1948.983408 -1977.802710 -1998.933657 -2014.139797 -2024.921638 -2032.477422 -2037.723599 -2041.339807 -2043.819261 -2045.517059 -2046.700889 -2047.638276 -2048.820825 -2051.180775 -2051.190215 -1986.033950 -1231.048535 -1243.872960 -1230.442167 -1221.397141 -1217.152435 -1216.488966 -1216.416391 -1216.422089 -1216.438962 -1216.457204 -1216.474750 -1216.491008 -1216.506175 -1216.524495 -1216.585057 -1216.985758 -1219.257133 -1224.253932 -1230.260442 -1207.908139 -1958.734393 -2045.166681 -2049.882613 -2049.414753 -2049.201725 -2049.155202 -2049.147218 -2049.146334 -2049.146604 -2049.146989 -2049.147320 -2049.147582 -2049.147790 -2049.147957 -2049.148095 -2049.148211 -2049.148314 -2049.148409 -2049.148504 -2049.148610 -2049.148739 -2049.148909 -2049.149151 -2049.149510 -2049.150062 -2049.150935 -2049.152348 -2049.154694 -2049.158699 -2049.165741 -2049.178524 -2049.202460 -2049.248672 -2049.340874 -2049.532521 -2049.953229 -2050.944886 -2053.504493 -2060.921212 -2085.589312 -9999.0 -9999.0
-9999.0 -9999.0 -9999.0 -9999.0 -9999.0 -9999.0 -9999.0 -9999.0 -9999.0 -9999.0 -9999.0 -9999.0 -9999.0 -9999.0 -9999.0 -9999.0 -9999.0 -9999.0 -9999.0 -9999.0 -9999.0 -9999.0 -9999.0 -9999.0 -9999.0 -9999.0 -9999.0 -9999.0 -9999.0 -9999.0 -9999.0 -9999.0 -9999.0 -9999.0 -9999.0 -9999.0 -9999.0 -9999.0 -9999.0 -9999.0 -9999.0 -9999.0 -9999.0 -9999.0 -9999.0 -9999.0 -9999.0 -9999.0 -9999.0 -9999.0 -9999.0 -9999.0 -9999.0 -9999.0 -9999.0 -9999.0 -9999.0 -9999.0 -9999.0 -9999.0 -9999.0 -9999.0 -9999.0 -9999.0 -9999.0 -9999.0 -9999.0 -9999.0 -9999.0 -9999.0 -9999.0 -9999.0 -9999.0 -9999.0 -9999.0 -9999.0 -9999.0 -9999.0 -9999.0 -9999.0 -9999.0 -9999.0 -9999.0 -9999.0 -9999.0 -9999.0 -9999.0 -9999.0 -9999.0 -9999.0 -9999.0 -9999.0 -9999.0 -9999.0 -9999.0 -9999.0 -9999.0 -9999.0 -9999.0 -9999.0 -9999.0 -9999.0 -9999.0 -9999.0
-9999.0 -9999.0 -9999.0 -9999.0 -9999.0 -9999.0 -9999.0 -9999.0 -9999.0 -9999.0 -9999.0 -9999.0 -9999.0 -9999.0 -9999.0 -9999.0 -9999.0 -9999.0 -9999.0 -9999.0 -9999.0 -9999.0 -9999.0 -9999.0 -9999.0 -9999.0 -9999.0 -9999.0 -9999.0 -9999.0 -9999.0 -9999.0 -9999.0 -9999.0 -9999.0 -9999.0 -9999.0 -9999.0 -9999.0 -9999.0 -9999.0 -9999.0 -9999.0 -9999.0 -9999.0 -9999.0 -9999.0 -9999.0 -9999.0 -9999.0 -9999.0 -9999.0 -9999.0 -9999.0 -9999.0 -9999.0 -9999.0 -9999.0 -9999.0 -9999.0 -9999.0 -9999.0 -9999.0 -9999.0 -9999.0 -9999.0 -9999.0 -9999.0 -9999.0 -9999.0 -9999.0 -9999.0 -9999.0 -9999.0 -9999.0 -9999.0 -9999.0 -9999.0 -9999.0 -9999.0 -9999.0 -9999.0 -9999.0 -9999.0 -9999.0 -9999.0 -9999.0 -9999.0 -9999.0 -9999.0 -9999.0 -9999.0 -9999.0 -9999.0 -9999.0 -9999.0 -9999.0 -9999.0 -9999.0 -9999.0 -9999.0 -9999.0 -9999.0 -9999.0