inst/processing_geotop_simulation/geotop_simulation/out/maps3D/PwL0014N0191.asc
ncols         104
nrows         10
xllcorner     -2.000000
yllcorner     0.000000
cellsize      1.000000
NODATA_value  -9999.0
-9999.0 -9999.0 -9999.0 -9999.0 -9999.0 -9999.0 -9999.0 -9999.0 -9999.0 -9999.0 -9999.0 -9999.0 -9999.0 -9999.0 -9999.0 -9999.0 -9999.0 -9999.0 -9999.0 -9999.0 -9999.0 -9999.0 -9999.0 -9999.0 -9999.0 -9999.0 -9999.0 -9999.0 -9999.0 -9999.0 -9999.0 -9999.0 -9999.0 -9999.0 -9999.0 -9999.0 -9999.0 -9999.0 -9999.0 -9999.0 -9999.0 -9999.0 -9999.0 -9999.0 -9999.0 -9999.0 -9999.0 -9999.0 -9999.0 -9999.0 -9999.0 -9999.0 -9999.0 -9999.0 -9999.0 -9999.0 -9999.0 -9999.0 -9999.0 -9999.0 -9999.0 -9999.0 -9999.0 -9999.0 -9999.0 -9999.0 -9999.0 -9999.0 -9999.0 -9999.0 -9999.0 -9999.0 -9999.0 -9999.0 -9999.0 -9999.0 -9999.0 -9999.0 -9999.0 -9999.0 -9999.0 -9999.0 -9999.0 -9999.0 -9999.0 -9999.0 -9999.0 -9999.0 -9999.0 -9999.0 -9999.0 -9999.0 -9999.0 -9999.0 -9999.0 -9999.0 -9999.0 -9999.0 -9999.0 -9999.0 -9999.0 -9999.0 -9999.0 -9999.0
-9999.0 -9999.0 -9999.0 -9999.0 -9999.0 -9999.0 -9999.0 -9999.0 -9999.0 -9999.0 -9999.0 -9999.0 -9999.0 -9999.0 -9999.0 -9999.0 -9999.0 -9999.0 -9999.0 -9999.0 -9999.0 -9999.0 -9999.0 -9999.0 -9999.0 -9999.0 -9999.0 -9999.0 -9999.0 -9999.0 -9999.0 -9999.0 -9999.0 -9999.0 -9999.0 -9999.0 -9999.0 -9999.0 -9999.0 -9999.0 -9999.0 -9999.0 -9999.0 -9999.0 -9999.0 -9999.0 -9999.0 -9999.0 -9999.0 -9999.0 -9999.0 -9999.0 -9999.0 -9999.0 -9999.0 -9999.0 -9999.0 -9999.0 -9999.0 -9999.0 -9999.0 -9999.0 -9999.0 -9999.0 -9999.0 -9999.0 -9999.0 -9999.0 -9999.0 -9999.0 -9999.0 -9999.0 -9999.0 -9999.0 -9999.0 -9999.0 -9999.0 -9999.0 -9999.0 -9999.0 -9999.0 -9999.0 -9999.0 -9999.0 -9999.0 -9999.0 -9999.0 -9999.0 -9999.0 -9999.0 -9999.0 -9999.0 -9999.0 -9999.0 -9999.0 -9999.0 -9999.0 -9999.0 -9999.0 -9999.0 -9999.0 -9999.0 -9999.0 -9999.0
-9999.0 -9999.0 679.413940 584.440481 488.385338 391.600552 294.473826 197.198496 99.872351 2.549669 -94.730623 -191.949206 -289.032820 -385.830655 -482.084506 -577.439527 -671.344789 -766.041229 -860.175164 -953.404918 -1045.369400 -1126.534046 -1197.292834 -1255.802842 -1301.856901 -1336.592058 -1361.887164 -1379.793001 -1392.177847 -1400.580551 -1406.191417 -1409.890222 -1412.304549 -1413.869340 -1414.879256 -1415.532462 -1415.968940 -1416.324132 -1416.936709 -1419.435679 -1431.441868 -1491.821414 -2035.914008 -4251.873240 -4282.142480 -4282.091418 -4282.042026 -4282.034069 -4282.033249 -4282.033333 -4282.033544 -4282.033769 -4282.033985 -4282.034185 -4282.034369 -4282.034576 -4282.035190 -4282.039554 -4282.068039 -4282.108969 -4232.566117 -1902.681102 -1458.355271 -1424.938658 -1418.230825 -1417.053494 -1416.872258 -1416.845148 -1416.841646 -1416.841973 -1416.842821 -1416.843590 -1416.844196 -1416.844660 -1416.845015 -1416.845292 -1416.845512 -1416.845690 -1416.845840 -1416.845973 -1416.846103 -1416.846247 -1416.846429 -1416.846680 -1416.847050 -1416.847618 -1416.848511 -1416.849940 -1416.852264 -1416.856110 -1416.862620 -1416.873930 -1416.894169 -1416.931488 -1417.002256 -1417.139996 -1417.415940 -1417.991551 -1419.263761 -1422.284117 -1430.111165 -1453.694671 -9999.0 -9999.0
-9999.0 -9999.0 679.418916 584.442093 488.385820 391.600702 294.473875 197.198512 99.872357 2.549671 -94.730622 -191.949206 -289.032820 -385.830655 -482.084506 -577.439527 -671.344789 -766.041229 -860.175164 -953.404918 -1045.369401 -1126.534047 -1197.292834 -1255.802842 -1301.856901 -1336.592058 -1361.887164 -1379.793001 -1392.177848 -1400.580551 -1406.191417 -1409.890222 -1412.304549 -1413.869340 -1414.879256 -1415.532462 -1415.968940 -1416.324132 -1416.936709 -1419.435679 -1431.441868 -1491.821414 -2035.914008 -4251.873239 -4282.142480 -4282.091418 -4282.042026 -4282.034069 -4282.033249 -4282.033333 -4282.033544 -4282.033769 -4282.033985 -4282.034185 -4282.034369 -4282.034576 -4282.035190 -4282.039554 -4282.068039 -4282.108969 -4232.566117 -1902.681102 -1458.355271 -1424.938658 -1418.230825 -1417.053494 -1416.872258 -1416.845148 -1416.841646 -1416.841973 -1416.842821 -1416.843590 -1416.844196 -1416.844660 -1416.845015 -1416.845292 -1416.845512 -1416.845690 -1416.845840 -1416.845973 -1416.846103 -1416.846247 -1416.846429 -1416.846680 -1416.847050 -1416.847618 -1416.848511 -1416.849940 -1416.852264 -1416.856110 -1416.862620 -1416.873930 -1416.894169 -1416.931488 -1417.002256 -1417.139996 -1417.415940 -1417.991551 -1419.263761 -1422.284117 -1430.111165 -1453.694671 -9999.0 -9999.0
-9999.0 -9999.0 679.420408 584.442874 488.386139 391.600821 294.473918 197.198528 99.872362 2.549673 -94.730622 -191.949205 -289.032819 -385.830655 -482.084506 -577.439527 -671.344789 -766.041229 -860.175164 -953.404918 -1045.369401 -1126.534047 -1197.292835 -1255.802842 -1301.856901 -1336.592058 -1361.887164 -1379.793001 -1392.177848 -1400.580551 -1406.191417 -1409.890222 -1412.304549 -1413.869340 -1414.879256 -1415.532462 -1415.968940 -1416.324132 -1416.936709 -1419.435679 -1431.441868 -1491.821414 -2035.914008 -4251.873239 -4282.142480 -4282.091418 -4282.042026 -4282.034069 -4282.033249 -4282.033333 -4282.033544 -4282.033769 -4282.033985 -4282.034185 -4282.034369 -4282.034576 -4282.035190 -4282.039554 -4282.068039 -4282.108969 -4232.566117 -1902.681102 -1458.355271 -1424.938658 -1418.230825 -1417.053494 -1416.872258 -1416.845148 -1416.841646 -1416.841973 -1416.842821 -1416.843590 -1416.844196 -1416.844660 -1416.845015 -1416.845292 -1416.845512 -1416.845690 -1416.845840 -1416.845973 -1416.846103 -1416.846247 -1416.846429 -1416.846680 -1416.847050 -1416.847618 -1416.848511 -1416.849940 -1416.852264 -1416.856110 -1416.862620 -1416.873930 -1416.894169 -1416.931488 -1417.002256 -1417.139996 -1417.415940 -1417.991551 -1419.263761 -1422.284117 -1430.111165 -1453.694671 -9999.0 -9999.0
-9999.0 -9999.0 679.420408 584.442874 488.386139 391.600821 294.473918 197.198528 99.872362 2.549673 -94.730622 -191.949205 -289.032819 -385.830655 -482.084506 -577.439527 -671.344789 -766.041229 -860.175164 -953.404918 -1045.369401 -1126.534047 -1197.292835 -1255.802842 -1301.856901 -1336.592058 -1361.887164 -1379.793001 -1392.177848 -1400.580551 -1406.191417 -1409.890222 -1412.304549 -1413.869340 -1414.879256 -1415.532462 -1415.968940 -1416.324132 -1416.936709 -1419.435679 -1431.441868 -1491.821414 -2035.914008 -4251.873239 -4282.142480 -4282.091418 -4282.042026 -4282.034069 -4282.033249 -4282.033333 -4282.033544 -4282.033769 -4282.033985 -4282.034185 -4282.034369 -4282.034576 -4282.035190 -4282.039554 -4282.068039 -4282.108969 -4232.566117 -1902.681102 -1458.355271 -1424.938658 -1418.230825 -1417.053494 -1416.872258 -1416.845148 -1416.841646 -1416.841973 -1416.842821 -1416.843590 -1416.844196 -1416.844660 -1416.845015 -1416.845292 -1416.845512 -1416.845690 -1416.845840 -1416.845973 -1416.846103 -1416.846247 -1416.846429 -1416.846680 -1416.847050 -1416.847618 -1416.848511 -1416.849940 -1416.852264 -1416.856110 -1416.862620 -1416.873930 -1416.894169 -1416.931488 -1417.002256 -1417.139996 -1417.415940 -1417.991551 -1419.263761 -1422.284117 -1430.111165 -1453.694671 -9999.0 -9999.0
-9999.0 -9999.0 679.418916 584.442093 488.385820 391.600702 294.473875 197.198512 99.872357 2.549671 -94.730622 -191.949206 -289.032820 -385.830655 -482.084506 -577.439527 -671.344789 -766.041229 -860.175164 -953.404918 -1045.369401 -1126.534047 -1197.292834 -1255.802842 -1301.856901 -1336.592058 -1361.887164 -1379.793001 -1392.177848 -1400.580551 -1406.191417 -1409.890222 -1412.304549 -1413.869340 -1414.879256 -1415.532462 -1415.968940 -1416.324132 -1416.936709 -1419.435679 -1431.441868 -1491.821414 -2035.914008 -4251.873239 -4282.142480 -4282.091418 -4282.042026 -4282.034069 -4282.033249 -4282.033333 -4282.033544 -4282.033769 -4282.033985 -4282.034185 -4282.034369 -4282.034576 -4282.035190 -4282.039554 -4282.068039 -4282.108969 -4232.566117 -1902.681102 -1458.355271 -1424.938658 -1418.230825 -1417.053494 -1416.872258 -1416.845148 -1416.841646 -1416.841973 -1416.842821 -1416.843590 -1416.844196 -1416.844660 -1416.845015 -1416.845292 -1416.845512 -1416.845690 -1416.845840 -1416.845973 -1416.846103 -1416.846247 -1416.846429 -1416.846680 -1416.847050 -1416.847618 -1416.848511 -1416.849940 -1416.852264 -1416.856110 -1416.862620 -1416.873930 -1416.894169 -1416.931488 -1417.002256 -1417.139996 -1417.415940 -1417.991551 -1419.263761 -1422.284117 -1430.111165 -1453.694671 -9999.0 -9999.0
-9999.0 -9999.0 679.413940 584.440481 488.385338 391.600552 294.473826 197.198496 99.872351 2.549669 -94.730623 -191.949206 -289.032820 -385.830655 -482.084506 -577.439527 -671.344789 -766.041229 -860.175164 -953.404918 -1045.369400 -1126.534046 -1197.292834 -1255.802842 -1301.856901 -1336.592058 -1361.887164 -1379.793001 -1392.177847 -1400.580551 -1406.191417 -1409.890222 -1412.304549 -1413.869340 -1414.879256 -1415.532462 -1415.968940 -1416.324132 -1416.936709 -1419.435679 -1431.441868 -1491.821414 -2035.914008 -4251.873240 -4282.142480 -4282.091418 -4282.042026 -4282.034069 -4282.033249 -4282.033333 -4282.033544 -4282.033769 -4282.033985 -4282.034185 -4282.034369 -4282.034576 -4282.035190 -4282.039554 -4282.068039 -4282.108969 -4232.566117 -1902.681102 -1458.355271 -1424.938658 -1418.230825 -1417.053494 -1416.872258 -1416.845148 -1416.841646 -1416.841973 -1416.842821 -1416.843590 -1416.844196 -1416.844660 -1416.845015 -1416.845292 -1416.845512 -1416.845690 -1416.845840 -1416.845973 -1416.846103 -1416.846247 -1416.846429 -1416.846680 -1416.847050 -1416.847618 -1416.848511 -1416.849940 -1416.852264 -1416.856110 -1416.862620 -1416.873930 -1416.894169 -1416.931488 -1417.002256 -1417.139996 -1417.415940 -1417.991551 -1419.263761 -1422.284117 -1430.111165 -1453.694671 -9999.0 -9999.0
-9999.0 -9999.0 -9999.0 -9999.0 -9999.0 -9999.0 -9999.0 -9999.0 -9999.0 -9999.0 -9999.0 -9999.0 -9999.0 -9999.0 -9999.0 -9999.0 -9999.0 -9999.0 -9999.0 -9999.0 -9999.0 -9999.0 -9999.0 -9999.0 -9999.0 -9999.0 -9999.0 -9999.0 -9999.0 -9999.0 -9999.0 -9999.0 -9999.0 -9999.0 -9999.0 -9999.0 -9999.0 -9999.0 -9999.0 -9999.0 -9999.0 -9999.0 -9999.0 -9999.0 -9999.0 -9999.0 -9999.0 -9999.0 -9999.0 -9999.0 -9999.0 -9999.0 -9999.0 -9999.0 -9999.0 -9999.0 -9999.0 -9999.0 -9999.0 -9999.0 -9999.0 -9999.0 -9999.0 -9999.0 -9999.0 -9999.0 -9999.0 -9999.0 -9999.0 -9999.0 -9999.0 -9999.0 -9999.0 -9999.0 -9999.0 -9999.0 -9999.0 -9999.0 -9999.0 -9999.0 -9999.0 -9999.0 -9999.0 -9999.0 -9999.0 -9999.0 -9999.0 -9999.0 -9999.0 -9999.0 -9999.0 -9999.0 -9999.0 -9999.0 -9999.0 -9999.0 -9999.0 -9999.0 -9999.0 -9999.0 -9999.0 -9999.0 -9999.0 -9999.0
-9999.0 -9999.0 -9999.0 -9999.0 -9999.0 -9999.0 -9999.0 -9999.0 -9999.0 -9999.0 -9999.0 -9999.0 -9999.0 -9999.0 -9999.0 -9999.0 -9999.0 -9999.0 -9999.0 -9999.0 -9999.0 -9999.0 -9999.0 -9999.0 -9999.0 -9999.0 -9999.0 -9999.0 -9999.0 -9999.0 -9999.0 -9999.0 -9999.0 -9999.0 -9999.0 -9999.0 -9999.0 -9999.0 -9999.0 -9999.0 -9999.0 -9999.0 -9999.0 -9999.0 -9999.0 -9999.0 -9999.0 -9999.0 -9999.0 -9999.0 -9999.0 -9999.0 -9999.0 -9999.0 -9999.0 -9999.0 -9999.0 -9999.0 -9999.0 -9999.0 -9999.0 -9999.0 -9999.0 -9999.0 -9999.0 -9999.0 -9999.0 -9999.0 -9999.0 -9999.0 -9999.0 -9999.0 -9999.0 -9999.0 -9999.0 -9999.0 -9999.0 -9999.0 -9999.0 -9999.0 -9999.0 -9999.0 -9999.0 -9999.0 -9999.0 -9999.0 -9999.0 -9999.0 -9999.0 -9999.0 -9999.0 -9999.0 -9999.0 -9999.0 -9999.0 -9999.0 -9999.0 -9999.0 -9999.0 -9999.0 -9999.0 -9999.0 -9999.0 -9999.0