inst/processing_geotop_simulation/geotop_simulation/out/maps3D/PwL0020N0246.asc
ncols         104
nrows         10
xllcorner     -2.000000
yllcorner     0.000000
cellsize      1.000000
NODATA_value  -9999.0
-9999.0 -9999.0 -9999.0 -9999.0 -9999.0 -9999.0 -9999.0 -9999.0 -9999.0 -9999.0 -9999.0 -9999.0 -9999.0 -9999.0 -9999.0 -9999.0 -9999.0 -9999.0 -9999.0 -9999.0 -9999.0 -9999.0 -9999.0 -9999.0 -9999.0 -9999.0 -9999.0 -9999.0 -9999.0 -9999.0 -9999.0 -9999.0 -9999.0 -9999.0 -9999.0 -9999.0 -9999.0 -9999.0 -9999.0 -9999.0 -9999.0 -9999.0 -9999.0 -9999.0 -9999.0 -9999.0 -9999.0 -9999.0 -9999.0 -9999.0 -9999.0 -9999.0 -9999.0 -9999.0 -9999.0 -9999.0 -9999.0 -9999.0 -9999.0 -9999.0 -9999.0 -9999.0 -9999.0 -9999.0 -9999.0 -9999.0 -9999.0 -9999.0 -9999.0 -9999.0 -9999.0 -9999.0 -9999.0 -9999.0 -9999.0 -9999.0 -9999.0 -9999.0 -9999.0 -9999.0 -9999.0 -9999.0 -9999.0 -9999.0 -9999.0 -9999.0 -9999.0 -9999.0 -9999.0 -9999.0 -9999.0 -9999.0 -9999.0 -9999.0 -9999.0 -9999.0 -9999.0 -9999.0 -9999.0 -9999.0 -9999.0 -9999.0 -9999.0 -9999.0
-9999.0 -9999.0 -9999.0 -9999.0 -9999.0 -9999.0 -9999.0 -9999.0 -9999.0 -9999.0 -9999.0 -9999.0 -9999.0 -9999.0 -9999.0 -9999.0 -9999.0 -9999.0 -9999.0 -9999.0 -9999.0 -9999.0 -9999.0 -9999.0 -9999.0 -9999.0 -9999.0 -9999.0 -9999.0 -9999.0 -9999.0 -9999.0 -9999.0 -9999.0 -9999.0 -9999.0 -9999.0 -9999.0 -9999.0 -9999.0 -9999.0 -9999.0 -9999.0 -9999.0 -9999.0 -9999.0 -9999.0 -9999.0 -9999.0 -9999.0 -9999.0 -9999.0 -9999.0 -9999.0 -9999.0 -9999.0 -9999.0 -9999.0 -9999.0 -9999.0 -9999.0 -9999.0 -9999.0 -9999.0 -9999.0 -9999.0 -9999.0 -9999.0 -9999.0 -9999.0 -9999.0 -9999.0 -9999.0 -9999.0 -9999.0 -9999.0 -9999.0 -9999.0 -9999.0 -9999.0 -9999.0 -9999.0 -9999.0 -9999.0 -9999.0 -9999.0 -9999.0 -9999.0 -9999.0 -9999.0 -9999.0 -9999.0 -9999.0 -9999.0 -9999.0 -9999.0 -9999.0 -9999.0 -9999.0 -9999.0 -9999.0 -9999.0 -9999.0 -9999.0
-9999.0 -9999.0 973.399463 875.764206 777.964504 679.875524 581.625295 483.302370 384.956254 286.614149 188.291275 89.996339 -8.262443 -106.475377 -204.629638 -302.671353 -400.491740 -497.890041 -594.529968 -689.860002 -785.653687 -880.547990 -974.283430 -1066.597161 -1144.293708 -1211.719792 -1267.818505 -1312.614900 -1347.060423 -1372.687342 -1391.234506 -1404.362388 -1413.494279 -1419.763399 -1424.026456 -1426.909901 -1428.871766 -1430.301601 -1431.831132 -1435.555989 -1449.431954 -1508.095960 -1822.278640 -3887.423083 -3985.097016 -3985.095268 -3983.483124 -3967.302651 -3903.597690 -3763.933878 -3558.592845 -3302.367309 -3117.416612 -2991.544003 -2872.981066 -2749.634650 -2619.624877 -2486.886263 -2356.676241 -2231.545724 -2093.676443 -1519.329089 -1466.805051 -1441.442000 -1434.671539 -1433.234469 -1432.981076 -1432.940741 -1432.935027 -1432.934821 -1432.935421 -1432.936031 -1432.936528 -1432.936917 -1432.937222 -1432.937466 -1432.937664 -1432.937829 -1432.937972 -1432.938103 -1432.938232 -1432.938374 -1432.938546 -1432.938776 -1432.939105 -1432.939596 -1432.940357 -1432.941562 -1432.943513 -1432.946742 -1432.952226 -1432.961810 -1432.979086 -1433.011208 -1433.072768 -1433.194539 -1433.445041 -1433.988182 -1435.243907 -1438.350565 -1446.657854 -1471.847551 -9999.0 -9999.0
-9999.0 -9999.0 973.402525 875.765390 777.964896 679.875653 581.625339 483.302385 384.956260 286.614152 188.291276 89.996339 -8.262443 -106.475377 -204.629638 -302.671353 -400.491740 -497.890041 -594.529968 -689.860003 -785.653687 -880.547991 -974.283430 -1066.597161 -1144.293708 -1211.719792 -1267.818506 -1312.614900 -1347.060423 -1372.687342 -1391.234506 -1404.362388 -1413.494279 -1419.763399 -1424.026456 -1426.909901 -1428.871766 -1430.301601 -1431.831132 -1435.555989 -1449.431954 -1508.095960 -1822.278640 -3887.423082 -3985.097016 -3985.095268 -3983.483124 -3967.302651 -3903.597690 -3763.933877 -3558.592842 -3302.367308 -3117.416611 -2991.544003 -2872.981065 -2749.634650 -2619.624876 -2486.886263 -2356.676241 -2231.545723 -2093.676443 -1519.329089 -1466.805051 -1441.442000 -1434.671539 -1433.234469 -1432.981076 -1432.940741 -1432.935027 -1432.934821 -1432.935421 -1432.936031 -1432.936528 -1432.936917 -1432.937222 -1432.937466 -1432.937664 -1432.937829 -1432.937972 -1432.938103 -1432.938232 -1432.938374 -1432.938546 -1432.938776 -1432.939105 -1432.939596 -1432.940357 -1432.941562 -1432.943513 -1432.946742 -1432.952226 -1432.961810 -1432.979086 -1433.011208 -1433.072768 -1433.194539 -1433.445041 -1433.988182 -1435.243907 -1438.350565 -1446.657854 -1471.847551 -9999.0 -9999.0
-9999.0 -9999.0 973.403719 875.766033 777.965168 679.875758 581.625377 483.302400 384.956265 286.614154 188.291277 89.996340 -8.262443 -106.475376 -204.629637 -302.671353 -400.491740 -497.890041 -594.529968 -689.860003 -785.653688 -880.547991 -974.283430 -1066.597161 -1144.293709 -1211.719792 -1267.818506 -1312.614900 -1347.060423 -1372.687342 -1391.234506 -1404.362388 -1413.494279 -1419.763399 -1424.026456 -1426.909901 -1428.871766 -1430.301601 -1431.831132 -1435.555989 -1449.431954 -1508.095960 -1822.278640 -3887.423082 -3985.097016 -3985.095268 -3983.483124 -3967.302651 -3903.597690 -3763.933876 -3558.592840 -3302.367307 -3117.416611 -2991.544003 -2872.981065 -2749.634649 -2619.624876 -2486.886262 -2356.676241 -2231.545723 -2093.676443 -1519.329089 -1466.805051 -1441.442000 -1434.671539 -1433.234469 -1432.981076 -1432.940741 -1432.935027 -1432.934821 -1432.935421 -1432.936031 -1432.936528 -1432.936917 -1432.937222 -1432.937466 -1432.937664 -1432.937829 -1432.937972 -1432.938103 -1432.938232 -1432.938374 -1432.938546 -1432.938776 -1432.939105 -1432.939596 -1432.940357 -1432.941562 -1432.943513 -1432.946742 -1432.952226 -1432.961810 -1432.979086 -1433.011208 -1433.072768 -1433.194539 -1433.445041 -1433.988182 -1435.243907 -1438.350565 -1446.657854 -1471.847551 -9999.0 -9999.0
-9999.0 -9999.0 973.403719 875.766033 777.965168 679.875758 581.625377 483.302399 384.956265 286.614154 188.291277 89.996340 -8.262443 -106.475376 -204.629637 -302.671353 -400.491740 -497.890041 -594.529968 -689.860003 -785.653688 -880.547991 -974.283430 -1066.597161 -1144.293709 -1211.719792 -1267.818506 -1312.614900 -1347.060423 -1372.687342 -1391.234506 -1404.362388 -1413.494279 -1419.763399 -1424.026456 -1426.909901 -1428.871766 -1430.301601 -1431.831132 -1435.555989 -1449.431954 -1508.095960 -1822.278640 -3887.423082 -3985.097016 -3985.095268 -3983.483124 -3967.302651 -3903.597690 -3763.933876 -3558.592841 -3302.367307 -3117.416611 -2991.544003 -2872.981065 -2749.634649 -2619.624875 -2486.886263 -2356.676241 -2231.545723 -2093.676443 -1519.329089 -1466.805051 -1441.442000 -1434.671539 -1433.234469 -1432.981076 -1432.940741 -1432.935027 -1432.934821 -1432.935421 -1432.936031 -1432.936528 -1432.936917 -1432.937222 -1432.937466 -1432.937664 -1432.937829 -1432.937972 -1432.938103 -1432.938232 -1432.938374 -1432.938546 -1432.938776 -1432.939105 -1432.939596 -1432.940357 -1432.941562 -1432.943513 -1432.946742 -1432.952226 -1432.961810 -1432.979086 -1433.011208 -1433.072768 -1433.194539 -1433.445041 -1433.988182 -1435.243907 -1438.350565 -1446.657854 -1471.847551 -9999.0 -9999.0
-9999.0 -9999.0 973.402525 875.765390 777.964896 679.875653 581.625339 483.302385 384.956260 286.614152 188.291276 89.996339 -8.262443 -106.475377 -204.629638 -302.671353 -400.491740 -497.890041 -594.529968 -689.860003 -785.653687 -880.547991 -974.283430 -1066.597161 -1144.293708 -1211.719792 -1267.818506 -1312.614900 -1347.060423 -1372.687342 -1391.234506 -1404.362388 -1413.494279 -1419.763399 -1424.026456 -1426.909901 -1428.871766 -1430.301601 -1431.831132 -1435.555989 -1449.431954 -1508.095960 -1822.278640 -3887.423082 -3985.097016 -3985.095268 -3983.483124 -3967.302651 -3903.597690 -3763.933877 -3558.592842 -3302.367307 -3117.416611 -2991.544003 -2872.981065 -2749.634649 -2619.624876 -2486.886263 -2356.676241 -2231.545723 -2093.676443 -1519.329089 -1466.805051 -1441.442000 -1434.671539 -1433.234469 -1432.981076 -1432.940741 -1432.935027 -1432.934821 -1432.935421 -1432.936031 -1432.936528 -1432.936917 -1432.937222 -1432.937466 -1432.937664 -1432.937829 -1432.937972 -1432.938103 -1432.938232 -1432.938374 -1432.938546 -1432.938776 -1432.939105 -1432.939596 -1432.940357 -1432.941562 -1432.943513 -1432.946742 -1432.952226 -1432.961810 -1432.979086 -1433.011208 -1433.072768 -1433.194539 -1433.445041 -1433.988182 -1435.243907 -1438.350565 -1446.657854 -1471.847551 -9999.0 -9999.0
-9999.0 -9999.0 973.399463 875.764206 777.964504 679.875524 581.625295 483.302370 384.956254 286.614149 188.291275 89.996339 -8.262443 -106.475377 -204.629638 -302.671353 -400.491740 -497.890041 -594.529968 -689.860002 -785.653687 -880.547990 -974.283430 -1066.597161 -1144.293708 -1211.719792 -1267.818505 -1312.614900 -1347.060423 -1372.687342 -1391.234506 -1404.362388 -1413.494279 -1419.763399 -1424.026456 -1426.909901 -1428.871766 -1430.301601 -1431.831132 -1435.555989 -1449.431954 -1508.095960 -1822.278640 -3887.423083 -3985.097016 -3985.095268 -3983.483124 -3967.302651 -3903.597690 -3763.933879 -3558.592846 -3302.367309 -3117.416612 -2991.544003 -2872.981066 -2749.634650 -2619.624876 -2486.886263 -2356.676241 -2231.545724 -2093.676444 -1519.329089 -1466.805051 -1441.442000 -1434.671539 -1433.234469 -1432.981076 -1432.940741 -1432.935027 -1432.934821 -1432.935421 -1432.936031 -1432.936528 -1432.936917 -1432.937222 -1432.937466 -1432.937664 -1432.937829 -1432.937972 -1432.938103 -1432.938232 -1432.938374 -1432.938546 -1432.938776 -1432.939105 -1432.939596 -1432.940357 -1432.941562 -1432.943513 -1432.946742 -1432.952226 -1432.961810 -1432.979086 -1433.011208 -1433.072768 -1433.194539 -1433.445041 -1433.988182 -1435.243907 -1438.350565 -1446.657854 -1471.847551 -9999.0 -9999.0
-9999.0 -9999.0 -9999.0 -9999.0 -9999.0 -9999.0 -9999.0 -9999.0 -9999.0 -9999.0 -9999.0 -9999.0 -9999.0 -9999.0 -9999.0 -9999.0 -9999.0 -9999.0 -9999.0 -9999.0 -9999.0 -9999.0 -9999.0 -9999.0 -9999.0 -9999.0 -9999.0 -9999.0 -9999.0 -9999.0 -9999.0 -9999.0 -9999.0 -9999.0 -9999.0 -9999.0 -9999.0 -9999.0 -9999.0 -9999.0 -9999.0 -9999.0 -9999.0 -9999.0 -9999.0 -9999.0 -9999.0 -9999.0 -9999.0 -9999.0 -9999.0 -9999.0 -9999.0 -9999.0 -9999.0 -9999.0 -9999.0 -9999.0 -9999.0 -9999.0 -9999.0 -9999.0 -9999.0 -9999.0 -9999.0 -9999.0 -9999.0 -9999.0 -9999.0 -9999.0 -9999.0 -9999.0 -9999.0 -9999.0 -9999.0 -9999.0 -9999.0 -9999.0 -9999.0 -9999.0 -9999.0 -9999.0 -9999.0 -9999.0 -9999.0 -9999.0 -9999.0 -9999.0 -9999.0 -9999.0 -9999.0 -9999.0 -9999.0 -9999.0 -9999.0 -9999.0 -9999.0 -9999.0 -9999.0 -9999.0 -9999.0 -9999.0 -9999.0 -9999.0
-9999.0 -9999.0 -9999.0 -9999.0 -9999.0 -9999.0 -9999.0 -9999.0 -9999.0 -9999.0 -9999.0 -9999.0 -9999.0 -9999.0 -9999.0 -9999.0 -9999.0 -9999.0 -9999.0 -9999.0 -9999.0 -9999.0 -9999.0 -9999.0 -9999.0 -9999.0 -9999.0 -9999.0 -9999.0 -9999.0 -9999.0 -9999.0 -9999.0 -9999.0 -9999.0 -9999.0 -9999.0 -9999.0 -9999.0 -9999.0 -9999.0 -9999.0 -9999.0 -9999.0 -9999.0 -9999.0 -9999.0 -9999.0 -9999.0 -9999.0 -9999.0 -9999.0 -9999.0 -9999.0 -9999.0 -9999.0 -9999.0 -9999.0 -9999.0 -9999.0 -9999.0 -9999.0 -9999.0 -9999.0 -9999.0 -9999.0 -9999.0 -9999.0 -9999.0 -9999.0 -9999.0 -9999.0 -9999.0 -9999.0 -9999.0 -9999.0 -9999.0 -9999.0 -9999.0 -9999.0 -9999.0 -9999.0 -9999.0 -9999.0 -9999.0 -9999.0 -9999.0 -9999.0 -9999.0 -9999.0 -9999.0 -9999.0 -9999.0 -9999.0 -9999.0 -9999.0 -9999.0 -9999.0 -9999.0 -9999.0 -9999.0 -9999.0 -9999.0 -9999.0