inst/processing_geotop_simulation/geotop_simulation/out/maps3D/PwL0011N0066.asc
ncols         104
nrows         10
xllcorner     -2.000000
yllcorner     0.000000
cellsize      1.000000
NODATA_value  -9999.0
-9999.0 -9999.0 -9999.0 -9999.0 -9999.0 -9999.0 -9999.0 -9999.0 -9999.0 -9999.0 -9999.0 -9999.0 -9999.0 -9999.0 -9999.0 -9999.0 -9999.0 -9999.0 -9999.0 -9999.0 -9999.0 -9999.0 -9999.0 -9999.0 -9999.0 -9999.0 -9999.0 -9999.0 -9999.0 -9999.0 -9999.0 -9999.0 -9999.0 -9999.0 -9999.0 -9999.0 -9999.0 -9999.0 -9999.0 -9999.0 -9999.0 -9999.0 -9999.0 -9999.0 -9999.0 -9999.0 -9999.0 -9999.0 -9999.0 -9999.0 -9999.0 -9999.0 -9999.0 -9999.0 -9999.0 -9999.0 -9999.0 -9999.0 -9999.0 -9999.0 -9999.0 -9999.0 -9999.0 -9999.0 -9999.0 -9999.0 -9999.0 -9999.0 -9999.0 -9999.0 -9999.0 -9999.0 -9999.0 -9999.0 -9999.0 -9999.0 -9999.0 -9999.0 -9999.0 -9999.0 -9999.0 -9999.0 -9999.0 -9999.0 -9999.0 -9999.0 -9999.0 -9999.0 -9999.0 -9999.0 -9999.0 -9999.0 -9999.0 -9999.0 -9999.0 -9999.0 -9999.0 -9999.0 -9999.0 -9999.0 -9999.0 -9999.0 -9999.0 -9999.0
-9999.0 -9999.0 -9999.0 -9999.0 -9999.0 -9999.0 -9999.0 -9999.0 -9999.0 -9999.0 -9999.0 -9999.0 -9999.0 -9999.0 -9999.0 -9999.0 -9999.0 -9999.0 -9999.0 -9999.0 -9999.0 -9999.0 -9999.0 -9999.0 -9999.0 -9999.0 -9999.0 -9999.0 -9999.0 -9999.0 -9999.0 -9999.0 -9999.0 -9999.0 -9999.0 -9999.0 -9999.0 -9999.0 -9999.0 -9999.0 -9999.0 -9999.0 -9999.0 -9999.0 -9999.0 -9999.0 -9999.0 -9999.0 -9999.0 -9999.0 -9999.0 -9999.0 -9999.0 -9999.0 -9999.0 -9999.0 -9999.0 -9999.0 -9999.0 -9999.0 -9999.0 -9999.0 -9999.0 -9999.0 -9999.0 -9999.0 -9999.0 -9999.0 -9999.0 -9999.0 -9999.0 -9999.0 -9999.0 -9999.0 -9999.0 -9999.0 -9999.0 -9999.0 -9999.0 -9999.0 -9999.0 -9999.0 -9999.0 -9999.0 -9999.0 -9999.0 -9999.0 -9999.0 -9999.0 -9999.0 -9999.0 -9999.0 -9999.0 -9999.0 -9999.0 -9999.0 -9999.0 -9999.0 -9999.0 -9999.0 -9999.0 -9999.0 -9999.0 -9999.0
-9999.0 -9999.0 33.990110 -65.797566 -165.870592 -267.935740 -375.305201 -492.145650 -620.537512 -751.340966 -846.696562 -880.774024 -878.334550 -862.522253 -848.122641 -866.726928 -910.740494 -954.149218 -998.524983 -1014.509252 -998.527874 -985.437355 -977.335906 -973.941907 -974.168263 -976.787524 -980.676619 -984.936948 -988.958643 -992.414729 -995.194230 -997.320781 -998.885502 -1000.000406 -1000.772092 -1001.292016 -1001.646396 -1001.944760 -1002.259648 -1002.723756 -1008.373541 -1080.940284 -2200.769877 -4426.478404 -4430.591784 -4430.433694 -4430.285964 -4430.263539 -4430.261218 -4430.261322 -4430.261741 -4430.262195 -4430.262630 -4430.263032 -4430.263405 -4430.263852 -4430.265390 -4430.277089 -4430.360696 -4430.490863 -4424.165911 -2098.272377 -1061.644277 -1007.198980 -1003.102020 -1002.573635 -1002.469205 -1002.450453 -1002.450173 -1002.453227 -1002.456302 -1002.458776 -1002.460654 -1002.462069 -1002.463147 -1002.463982 -1002.464642 -1002.465173 -1002.465612 -1002.465994 -1002.466361 -1002.466759 -1002.467252 -1002.467926 -1002.468917 -1002.470430 -1002.472799 -1002.476566 -1002.482635 -1002.492558 -1002.509075 -1002.537213 -1002.586497 -1002.675506 -1002.841096 -1003.156796 -1003.769198 -1004.973062 -1007.389048 -1012.462954 -1023.919206 -1051.895153 -9999.0 -9999.0
-9999.0 -9999.0 33.990110 -65.797565 -165.870591 -267.935739 -375.305200 -492.145650 -620.537511 -751.340965 -846.696562 -880.774024 -878.334550 -862.522253 -848.122641 -866.726928 -910.740494 -954.149218 -998.524983 -1014.509252 -998.527874 -985.437355 -977.335906 -973.941907 -974.168263 -976.787524 -980.676619 -984.936948 -988.958643 -992.414729 -995.194230 -997.320781 -998.885502 -1000.000406 -1000.772092 -1001.292016 -1001.646396 -1001.944760 -1002.259648 -1002.723756 -1008.373541 -1080.940284 -2200.769876 -4426.478404 -4430.591784 -4430.433694 -4430.285964 -4430.263539 -4430.261218 -4430.261322 -4430.261741 -4430.262195 -4430.262630 -4430.263032 -4430.263405 -4430.263852 -4430.265390 -4430.277089 -4430.360696 -4430.490863 -4424.165911 -2098.272377 -1061.644277 -1007.198980 -1003.102020 -1002.573635 -1002.469205 -1002.450453 -1002.450173 -1002.453227 -1002.456302 -1002.458776 -1002.460654 -1002.462069 -1002.463147 -1002.463982 -1002.464642 -1002.465173 -1002.465612 -1002.465994 -1002.466361 -1002.466759 -1002.467252 -1002.467926 -1002.468917 -1002.470430 -1002.472799 -1002.476566 -1002.482635 -1002.492558 -1002.509075 -1002.537213 -1002.586497 -1002.675506 -1002.841096 -1003.156796 -1003.769198 -1004.973062 -1007.389048 -1012.462954 -1023.919206 -1051.895153 -9999.0 -9999.0
-9999.0 -9999.0 33.990111 -65.797565 -165.870591 -267.935739 -375.305200 -492.145649 -620.537511 -751.340965 -846.696562 -880.774024 -878.334549 -862.522253 -848.122641 -866.726928 -910.740494 -954.149218 -998.524983 -1014.509252 -998.527874 -985.437355 -977.335906 -973.941907 -974.168263 -976.787524 -980.676619 -984.936948 -988.958643 -992.414729 -995.194230 -997.320781 -998.885502 -1000.000406 -1000.772092 -1001.292016 -1001.646396 -1001.944760 -1002.259648 -1002.723756 -1008.373541 -1080.940284 -2200.769876 -4426.478404 -4430.591784 -4430.433694 -4430.285964 -4430.263539 -4430.261218 -4430.261322 -4430.261741 -4430.262195 -4430.262630 -4430.263032 -4430.263405 -4430.263852 -4430.265390 -4430.277089 -4430.360696 -4430.490863 -4424.165911 -2098.272377 -1061.644277 -1007.198980 -1003.102020 -1002.573635 -1002.469205 -1002.450453 -1002.450173 -1002.453227 -1002.456302 -1002.458776 -1002.460654 -1002.462069 -1002.463147 -1002.463982 -1002.464642 -1002.465173 -1002.465612 -1002.465994 -1002.466361 -1002.466759 -1002.467252 -1002.467926 -1002.468917 -1002.470430 -1002.472799 -1002.476566 -1002.482635 -1002.492558 -1002.509075 -1002.537213 -1002.586497 -1002.675506 -1002.841096 -1003.156796 -1003.769198 -1004.973062 -1007.389048 -1012.462954 -1023.919206 -1051.895153 -9999.0 -9999.0
-9999.0 -9999.0 33.990111 -65.797565 -165.870591 -267.935739 -375.305200 -492.145649 -620.537511 -751.340965 -846.696562 -880.774024 -878.334549 -862.522253 -848.122641 -866.726928 -910.740494 -954.149218 -998.524983 -1014.509252 -998.527874 -985.437355 -977.335906 -973.941907 -974.168263 -976.787524 -980.676619 -984.936948 -988.958643 -992.414729 -995.194230 -997.320781 -998.885502 -1000.000406 -1000.772092 -1001.292016 -1001.646396 -1001.944760 -1002.259648 -1002.723756 -1008.373541 -1080.940284 -2200.769876 -4426.478404 -4430.591784 -4430.433694 -4430.285964 -4430.263539 -4430.261218 -4430.261322 -4430.261741 -4430.262195 -4430.262630 -4430.263032 -4430.263405 -4430.263852 -4430.265390 -4430.277089 -4430.360696 -4430.490863 -4424.165911 -2098.272377 -1061.644277 -1007.198980 -1003.102020 -1002.573635 -1002.469205 -1002.450453 -1002.450173 -1002.453227 -1002.456302 -1002.458776 -1002.460654 -1002.462069 -1002.463147 -1002.463982 -1002.464642 -1002.465173 -1002.465612 -1002.465994 -1002.466361 -1002.466759 -1002.467252 -1002.467926 -1002.468917 -1002.470430 -1002.472799 -1002.476566 -1002.482635 -1002.492558 -1002.509075 -1002.537213 -1002.586497 -1002.675506 -1002.841096 -1003.156796 -1003.769198 -1004.973062 -1007.389048 -1012.462954 -1023.919206 -1051.895153 -9999.0 -9999.0
-9999.0 -9999.0 33.990110 -65.797565 -165.870591 -267.935739 -375.305200 -492.145650 -620.537512 -751.340965 -846.696562 -880.774024 -878.334550 -862.522253 -848.122641 -866.726928 -910.740494 -954.149218 -998.524983 -1014.509252 -998.527874 -985.437355 -977.335906 -973.941907 -974.168263 -976.787524 -980.676619 -984.936948 -988.958643 -992.414729 -995.194230 -997.320781 -998.885502 -1000.000406 -1000.772092 -1001.292016 -1001.646396 -1001.944760 -1002.259648 -1002.723756 -1008.373541 -1080.940284 -2200.769876 -4426.478404 -4430.591784 -4430.433694 -4430.285964 -4430.263539 -4430.261218 -4430.261322 -4430.261741 -4430.262195 -4430.262630 -4430.263032 -4430.263405 -4430.263852 -4430.265390 -4430.277089 -4430.360696 -4430.490863 -4424.165911 -2098.272377 -1061.644277 -1007.198980 -1003.102020 -1002.573635 -1002.469205 -1002.450453 -1002.450173 -1002.453227 -1002.456302 -1002.458776 -1002.460654 -1002.462069 -1002.463147 -1002.463982 -1002.464642 -1002.465173 -1002.465612 -1002.465994 -1002.466361 -1002.466759 -1002.467252 -1002.467926 -1002.468917 -1002.470430 -1002.472799 -1002.476566 -1002.482635 -1002.492558 -1002.509075 -1002.537213 -1002.586497 -1002.675506 -1002.841096 -1003.156796 -1003.769198 -1004.973062 -1007.389048 -1012.462954 -1023.919206 -1051.895153 -9999.0 -9999.0
-9999.0 -9999.0 33.990110 -65.797566 -165.870592 -267.935740 -375.305201 -492.145650 -620.537512 -751.340966 -846.696562 -880.774024 -878.334550 -862.522253 -848.122641 -866.726928 -910.740494 -954.149218 -998.524983 -1014.509252 -998.527874 -985.437355 -977.335906 -973.941907 -974.168263 -976.787524 -980.676619 -984.936948 -988.958643 -992.414729 -995.194230 -997.320781 -998.885502 -1000.000406 -1000.772092 -1001.292016 -1001.646396 -1001.944760 -1002.259648 -1002.723756 -1008.373541 -1080.940284 -2200.769877 -4426.478404 -4430.591784 -4430.433694 -4430.285964 -4430.263539 -4430.261218 -4430.261322 -4430.261741 -4430.262195 -4430.262630 -4430.263032 -4430.263405 -4430.263852 -4430.265390 -4430.277089 -4430.360696 -4430.490863 -4424.165911 -2098.272377 -1061.644277 -1007.198980 -1003.102020 -1002.573635 -1002.469205 -1002.450453 -1002.450173 -1002.453227 -1002.456302 -1002.458776 -1002.460654 -1002.462069 -1002.463147 -1002.463982 -1002.464642 -1002.465173 -1002.465612 -1002.465994 -1002.466361 -1002.466759 -1002.467252 -1002.467926 -1002.468917 -1002.470430 -1002.472799 -1002.476566 -1002.482635 -1002.492558 -1002.509075 -1002.537213 -1002.586497 -1002.675506 -1002.841096 -1003.156796 -1003.769198 -1004.973062 -1007.389048 -1012.462954 -1023.919206 -1051.895153 -9999.0 -9999.0
-9999.0 -9999.0 -9999.0 -9999.0 -9999.0 -9999.0 -9999.0 -9999.0 -9999.0 -9999.0 -9999.0 -9999.0 -9999.0 -9999.0 -9999.0 -9999.0 -9999.0 -9999.0 -9999.0 -9999.0 -9999.0 -9999.0 -9999.0 -9999.0 -9999.0 -9999.0 -9999.0 -9999.0 -9999.0 -9999.0 -9999.0 -9999.0 -9999.0 -9999.0 -9999.0 -9999.0 -9999.0 -9999.0 -9999.0 -9999.0 -9999.0 -9999.0 -9999.0 -9999.0 -9999.0 -9999.0 -9999.0 -9999.0 -9999.0 -9999.0 -9999.0 -9999.0 -9999.0 -9999.0 -9999.0 -9999.0 -9999.0 -9999.0 -9999.0 -9999.0 -9999.0 -9999.0 -9999.0 -9999.0 -9999.0 -9999.0 -9999.0 -9999.0 -9999.0 -9999.0 -9999.0 -9999.0 -9999.0 -9999.0 -9999.0 -9999.0 -9999.0 -9999.0 -9999.0 -9999.0 -9999.0 -9999.0 -9999.0 -9999.0 -9999.0 -9999.0 -9999.0 -9999.0 -9999.0 -9999.0 -9999.0 -9999.0 -9999.0 -9999.0 -9999.0 -9999.0 -9999.0 -9999.0 -9999.0 -9999.0 -9999.0 -9999.0 -9999.0 -9999.0
-9999.0 -9999.0 -9999.0 -9999.0 -9999.0 -9999.0 -9999.0 -9999.0 -9999.0 -9999.0 -9999.0 -9999.0 -9999.0 -9999.0 -9999.0 -9999.0 -9999.0 -9999.0 -9999.0 -9999.0 -9999.0 -9999.0 -9999.0 -9999.0 -9999.0 -9999.0 -9999.0 -9999.0 -9999.0 -9999.0 -9999.0 -9999.0 -9999.0 -9999.0 -9999.0 -9999.0 -9999.0 -9999.0 -9999.0 -9999.0 -9999.0 -9999.0 -9999.0 -9999.0 -9999.0 -9999.0 -9999.0 -9999.0 -9999.0 -9999.0 -9999.0 -9999.0 -9999.0 -9999.0 -9999.0 -9999.0 -9999.0 -9999.0 -9999.0 -9999.0 -9999.0 -9999.0 -9999.0 -9999.0 -9999.0 -9999.0 -9999.0 -9999.0 -9999.0 -9999.0 -9999.0 -9999.0 -9999.0 -9999.0 -9999.0 -9999.0 -9999.0 -9999.0 -9999.0 -9999.0 -9999.0 -9999.0 -9999.0 -9999.0 -9999.0 -9999.0 -9999.0 -9999.0 -9999.0 -9999.0 -9999.0 -9999.0 -9999.0 -9999.0 -9999.0 -9999.0 -9999.0 -9999.0 -9999.0 -9999.0 -9999.0 -9999.0 -9999.0 -9999.0