inst/processing_geotop_simulation/geotop_simulation/out/maps3D/PwL0004N0378.asc
ncols         104
nrows         10
xllcorner     -2.000000
yllcorner     0.000000
cellsize      1.000000
NODATA_value  -9999.0
-9999.0 -9999.0 -9999.0 -9999.0 -9999.0 -9999.0 -9999.0 -9999.0 -9999.0 -9999.0 -9999.0 -9999.0 -9999.0 -9999.0 -9999.0 -9999.0 -9999.0 -9999.0 -9999.0 -9999.0 -9999.0 -9999.0 -9999.0 -9999.0 -9999.0 -9999.0 -9999.0 -9999.0 -9999.0 -9999.0 -9999.0 -9999.0 -9999.0 -9999.0 -9999.0 -9999.0 -9999.0 -9999.0 -9999.0 -9999.0 -9999.0 -9999.0 -9999.0 -9999.0 -9999.0 -9999.0 -9999.0 -9999.0 -9999.0 -9999.0 -9999.0 -9999.0 -9999.0 -9999.0 -9999.0 -9999.0 -9999.0 -9999.0 -9999.0 -9999.0 -9999.0 -9999.0 -9999.0 -9999.0 -9999.0 -9999.0 -9999.0 -9999.0 -9999.0 -9999.0 -9999.0 -9999.0 -9999.0 -9999.0 -9999.0 -9999.0 -9999.0 -9999.0 -9999.0 -9999.0 -9999.0 -9999.0 -9999.0 -9999.0 -9999.0 -9999.0 -9999.0 -9999.0 -9999.0 -9999.0 -9999.0 -9999.0 -9999.0 -9999.0 -9999.0 -9999.0 -9999.0 -9999.0 -9999.0 -9999.0 -9999.0 -9999.0 -9999.0 -9999.0
-9999.0 -9999.0 -9999.0 -9999.0 -9999.0 -9999.0 -9999.0 -9999.0 -9999.0 -9999.0 -9999.0 -9999.0 -9999.0 -9999.0 -9999.0 -9999.0 -9999.0 -9999.0 -9999.0 -9999.0 -9999.0 -9999.0 -9999.0 -9999.0 -9999.0 -9999.0 -9999.0 -9999.0 -9999.0 -9999.0 -9999.0 -9999.0 -9999.0 -9999.0 -9999.0 -9999.0 -9999.0 -9999.0 -9999.0 -9999.0 -9999.0 -9999.0 -9999.0 -9999.0 -9999.0 -9999.0 -9999.0 -9999.0 -9999.0 -9999.0 -9999.0 -9999.0 -9999.0 -9999.0 -9999.0 -9999.0 -9999.0 -9999.0 -9999.0 -9999.0 -9999.0 -9999.0 -9999.0 -9999.0 -9999.0 -9999.0 -9999.0 -9999.0 -9999.0 -9999.0 -9999.0 -9999.0 -9999.0 -9999.0 -9999.0 -9999.0 -9999.0 -9999.0 -9999.0 -9999.0 -9999.0 -9999.0 -9999.0 -9999.0 -9999.0 -9999.0 -9999.0 -9999.0 -9999.0 -9999.0 -9999.0 -9999.0 -9999.0 -9999.0 -9999.0 -9999.0 -9999.0 -9999.0 -9999.0 -9999.0 -9999.0 -9999.0 -9999.0 -9999.0
-9999.0 -9999.0 175.207173 77.591510 -21.142741 -120.195245 -219.369207 -318.589290 -417.815679 -517.022002 -616.168321 -715.161022 -814.054033 -912.776015 -1011.408950 -1110.090980 -1208.326388 -1305.919068 -1402.400520 -1496.909735 -1587.839907 -1672.491300 -1747.628101 -1810.841062 -1861.430802 -1900.275883 -1929.158867 -1950.116017 -1965.039233 -1975.509416 -1982.768220 -1987.752303 -1991.148159 -1993.448012 -1994.999189 -1996.046175 -1996.771928 -1997.371638 -1998.280190 -2000.637571 -2003.164929 -1950.124730 -1202.585486 -1208.800304 -1196.429576 -1188.246512 -1184.404828 -1183.810705 -1183.746318 -1183.751984 -1183.767728 -1183.784711 -1183.801041 -1183.816169 -1183.830255 -1183.847028 -1183.901118 -1184.259467 -1186.314476 -1190.855968 -1196.775697 -1181.674682 -1924.772581 -1997.036979 -1999.200564 -1998.492454 -1998.281218 -1998.240660 -1998.234247 -1998.233719 -1998.234102 -1998.234545 -1998.234912 -1998.235199 -1998.235421 -1998.235596 -1998.235736 -1998.235852 -1998.235952 -1998.236042 -1998.236132 -1998.236232 -1998.236357 -1998.236528 -1998.236777 -1998.237156 -1998.237748 -1998.238695 -1998.240237 -1998.242802 -1998.247180 -1998.254863 -1998.268764 -1998.294681 -1998.344426 -1998.442801 -1998.644591 -1999.079707 -2000.083226 -2002.611184 -2009.788000 -2033.639709 -9999.0 -9999.0
-9999.0 -9999.0 175.216242 77.593366 -21.142269 -120.195107 -219.369163 -318.589275 -417.815674 -517.022000 -616.168320 -715.161021 -814.054032 -912.776015 -1011.408950 -1110.090980 -1208.326389 -1305.919068 -1402.400521 -1496.909735 -1587.839907 -1672.491300 -1747.628102 -1810.841062 -1861.430802 -1900.275884 -1929.158867 -1950.116017 -1965.039233 -1975.509416 -1982.768220 -1987.752303 -1991.148160 -1993.448012 -1994.999189 -1996.046175 -1996.771928 -1997.371638 -1998.280190 -2000.637571 -2003.164929 -1950.124730 -1202.585486 -1208.800304 -1196.429576 -1188.246511 -1184.404828 -1183.810705 -1183.746318 -1183.751984 -1183.767728 -1183.784711 -1183.801041 -1183.816169 -1183.830255 -1183.847028 -1183.901118 -1184.259467 -1186.314476 -1190.855968 -1196.775697 -1181.674682 -1924.772581 -1997.036979 -1999.200564 -1998.492454 -1998.281218 -1998.240660 -1998.234247 -1998.233719 -1998.234102 -1998.234545 -1998.234912 -1998.235199 -1998.235421 -1998.235596 -1998.235736 -1998.235852 -1998.235952 -1998.236042 -1998.236132 -1998.236232 -1998.236357 -1998.236528 -1998.236777 -1998.237156 -1998.237748 -1998.238695 -1998.240237 -1998.242802 -1998.247180 -1998.254863 -1998.268764 -1998.294681 -1998.344426 -1998.442801 -1998.644591 -1999.079707 -2000.083226 -2002.611184 -2009.788000 -2033.639709 -9999.0 -9999.0
-9999.0 -9999.0 175.217521 77.594123 -21.141970 -120.194999 -219.369124 -318.589261 -417.815669 -517.021998 -616.168319 -715.161021 -814.054032 -912.776015 -1011.408950 -1110.090980 -1208.326389 -1305.919069 -1402.400521 -1496.909736 -1587.839907 -1672.491300 -1747.628102 -1810.841062 -1861.430802 -1900.275884 -1929.158867 -1950.116017 -1965.039233 -1975.509416 -1982.768220 -1987.752303 -1991.148160 -1993.448012 -1994.999189 -1996.046175 -1996.771928 -1997.371638 -1998.280190 -2000.637571 -2003.164929 -1950.124730 -1202.585486 -1208.800304 -1196.429576 -1188.246511 -1184.404828 -1183.810705 -1183.746318 -1183.751984 -1183.767728 -1183.784711 -1183.801041 -1183.816169 -1183.830255 -1183.847028 -1183.901118 -1184.259467 -1186.314476 -1190.855968 -1196.775697 -1181.674682 -1924.772581 -1997.036979 -1999.200564 -1998.492454 -1998.281218 -1998.240660 -1998.234247 -1998.233719 -1998.234102 -1998.234545 -1998.234912 -1998.235199 -1998.235421 -1998.235596 -1998.235736 -1998.235852 -1998.235952 -1998.236042 -1998.236132 -1998.236232 -1998.236357 -1998.236528 -1998.236777 -1998.237156 -1998.237748 -1998.238695 -1998.240237 -1998.242802 -1998.247180 -1998.254863 -1998.268764 -1998.294681 -1998.344426 -1998.442801 -1998.644591 -1999.079707 -2000.083226 -2002.611184 -2009.788000 -2033.639709 -9999.0 -9999.0
-9999.0 -9999.0 175.217521 77.594123 -21.141970 -120.194999 -219.369124 -318.589261 -417.815669 -517.021998 -616.168319 -715.161021 -814.054032 -912.776015 -1011.408950 -1110.090981 -1208.326389 -1305.919069 -1402.400521 -1496.909736 -1587.839907 -1672.491300 -1747.628102 -1810.841062 -1861.430802 -1900.275884 -1929.158867 -1950.116017 -1965.039233 -1975.509416 -1982.768220 -1987.752303 -1991.148160 -1993.448012 -1994.999189 -1996.046175 -1996.771928 -1997.371638 -1998.280190 -2000.637571 -2003.164929 -1950.124730 -1202.585486 -1208.800304 -1196.429576 -1188.246511 -1184.404828 -1183.810705 -1183.746318 -1183.751984 -1183.767728 -1183.784711 -1183.801041 -1183.816169 -1183.830255 -1183.847028 -1183.901118 -1184.259467 -1186.314476 -1190.855968 -1196.775697 -1181.674682 -1924.772581 -1997.036979 -1999.200564 -1998.492454 -1998.281218 -1998.240660 -1998.234247 -1998.233719 -1998.234102 -1998.234545 -1998.234912 -1998.235199 -1998.235421 -1998.235596 -1998.235736 -1998.235852 -1998.235952 -1998.236042 -1998.236132 -1998.236232 -1998.236357 -1998.236528 -1998.236777 -1998.237156 -1998.237748 -1998.238695 -1998.240237 -1998.242802 -1998.247180 -1998.254863 -1998.268764 -1998.294681 -1998.344426 -1998.442801 -1998.644591 -1999.079707 -2000.083226 -2002.611184 -2009.788000 -2033.639709 -9999.0 -9999.0
-9999.0 -9999.0 175.216242 77.593366 -21.142269 -120.195108 -219.369163 -318.589275 -417.815674 -517.022000 -616.168320 -715.161021 -814.054032 -912.776015 -1011.408950 -1110.090980 -1208.326389 -1305.919068 -1402.400521 -1496.909735 -1587.839907 -1672.491300 -1747.628102 -1810.841062 -1861.430802 -1900.275884 -1929.158867 -1950.116017 -1965.039233 -1975.509416 -1982.768220 -1987.752303 -1991.148160 -1993.448012 -1994.999189 -1996.046175 -1996.771928 -1997.371638 -1998.280190 -2000.637571 -2003.164929 -1950.124730 -1202.585486 -1208.800304 -1196.429576 -1188.246511 -1184.404828 -1183.810705 -1183.746318 -1183.751984 -1183.767728 -1183.784711 -1183.801041 -1183.816169 -1183.830255 -1183.847028 -1183.901118 -1184.259467 -1186.314476 -1190.855968 -1196.775697 -1181.674682 -1924.772581 -1997.036979 -1999.200564 -1998.492454 -1998.281218 -1998.240660 -1998.234247 -1998.233719 -1998.234102 -1998.234545 -1998.234912 -1998.235199 -1998.235421 -1998.235596 -1998.235736 -1998.235852 -1998.235952 -1998.236042 -1998.236132 -1998.236232 -1998.236357 -1998.236528 -1998.236777 -1998.237156 -1998.237748 -1998.238695 -1998.240237 -1998.242802 -1998.247180 -1998.254863 -1998.268764 -1998.294681 -1998.344426 -1998.442801 -1998.644591 -1999.079707 -2000.083226 -2002.611184 -2009.788000 -2033.639709 -9999.0 -9999.0
-9999.0 -9999.0 175.207173 77.591510 -21.142741 -120.195245 -219.369207 -318.589290 -417.815679 -517.022002 -616.168321 -715.161022 -814.054033 -912.776015 -1011.408950 -1110.090980 -1208.326388 -1305.919068 -1402.400520 -1496.909735 -1587.839907 -1672.491300 -1747.628101 -1810.841062 -1861.430802 -1900.275883 -1929.158867 -1950.116017 -1965.039233 -1975.509416 -1982.768220 -1987.752303 -1991.148159 -1993.448012 -1994.999189 -1996.046175 -1996.771928 -1997.371638 -1998.280190 -2000.637571 -2003.164929 -1950.124730 -1202.585486 -1208.800304 -1196.429576 -1188.246512 -1184.404828 -1183.810705 -1183.746318 -1183.751984 -1183.767728 -1183.784711 -1183.801041 -1183.816169 -1183.830255 -1183.847028 -1183.901118 -1184.259467 -1186.314476 -1190.855968 -1196.775697 -1181.674682 -1924.772581 -1997.036979 -1999.200564 -1998.492454 -1998.281218 -1998.240660 -1998.234247 -1998.233719 -1998.234102 -1998.234545 -1998.234912 -1998.235199 -1998.235421 -1998.235596 -1998.235736 -1998.235852 -1998.235952 -1998.236042 -1998.236132 -1998.236232 -1998.236357 -1998.236528 -1998.236777 -1998.237156 -1998.237748 -1998.238695 -1998.240237 -1998.242802 -1998.247180 -1998.254863 -1998.268764 -1998.294681 -1998.344426 -1998.442801 -1998.644591 -1999.079707 -2000.083226 -2002.611184 -2009.788000 -2033.639709 -9999.0 -9999.0
-9999.0 -9999.0 -9999.0 -9999.0 -9999.0 -9999.0 -9999.0 -9999.0 -9999.0 -9999.0 -9999.0 -9999.0 -9999.0 -9999.0 -9999.0 -9999.0 -9999.0 -9999.0 -9999.0 -9999.0 -9999.0 -9999.0 -9999.0 -9999.0 -9999.0 -9999.0 -9999.0 -9999.0 -9999.0 -9999.0 -9999.0 -9999.0 -9999.0 -9999.0 -9999.0 -9999.0 -9999.0 -9999.0 -9999.0 -9999.0 -9999.0 -9999.0 -9999.0 -9999.0 -9999.0 -9999.0 -9999.0 -9999.0 -9999.0 -9999.0 -9999.0 -9999.0 -9999.0 -9999.0 -9999.0 -9999.0 -9999.0 -9999.0 -9999.0 -9999.0 -9999.0 -9999.0 -9999.0 -9999.0 -9999.0 -9999.0 -9999.0 -9999.0 -9999.0 -9999.0 -9999.0 -9999.0 -9999.0 -9999.0 -9999.0 -9999.0 -9999.0 -9999.0 -9999.0 -9999.0 -9999.0 -9999.0 -9999.0 -9999.0 -9999.0 -9999.0 -9999.0 -9999.0 -9999.0 -9999.0 -9999.0 -9999.0 -9999.0 -9999.0 -9999.0 -9999.0 -9999.0 -9999.0 -9999.0 -9999.0 -9999.0 -9999.0 -9999.0 -9999.0
-9999.0 -9999.0 -9999.0 -9999.0 -9999.0 -9999.0 -9999.0 -9999.0 -9999.0 -9999.0 -9999.0 -9999.0 -9999.0 -9999.0 -9999.0 -9999.0 -9999.0 -9999.0 -9999.0 -9999.0 -9999.0 -9999.0 -9999.0 -9999.0 -9999.0 -9999.0 -9999.0 -9999.0 -9999.0 -9999.0 -9999.0 -9999.0 -9999.0 -9999.0 -9999.0 -9999.0 -9999.0 -9999.0 -9999.0 -9999.0 -9999.0 -9999.0 -9999.0 -9999.0 -9999.0 -9999.0 -9999.0 -9999.0 -9999.0 -9999.0 -9999.0 -9999.0 -9999.0 -9999.0 -9999.0 -9999.0 -9999.0 -9999.0 -9999.0 -9999.0 -9999.0 -9999.0 -9999.0 -9999.0 -9999.0 -9999.0 -9999.0 -9999.0 -9999.0 -9999.0 -9999.0 -9999.0 -9999.0 -9999.0 -9999.0 -9999.0 -9999.0 -9999.0 -9999.0 -9999.0 -9999.0 -9999.0 -9999.0 -9999.0 -9999.0 -9999.0 -9999.0 -9999.0 -9999.0 -9999.0 -9999.0 -9999.0 -9999.0 -9999.0 -9999.0 -9999.0 -9999.0 -9999.0 -9999.0 -9999.0 -9999.0 -9999.0 -9999.0 -9999.0