inst/processing_geotop_simulation/geotop_simulation/out/maps3D/PwL0001N0470.asc
ncols         104
nrows         10
xllcorner     -2.000000
yllcorner     0.000000
cellsize      1.000000
NODATA_value  -9999.0
-9999.0 -9999.0 -9999.0 -9999.0 -9999.0 -9999.0 -9999.0 -9999.0 -9999.0 -9999.0 -9999.0 -9999.0 -9999.0 -9999.0 -9999.0 -9999.0 -9999.0 -9999.0 -9999.0 -9999.0 -9999.0 -9999.0 -9999.0 -9999.0 -9999.0 -9999.0 -9999.0 -9999.0 -9999.0 -9999.0 -9999.0 -9999.0 -9999.0 -9999.0 -9999.0 -9999.0 -9999.0 -9999.0 -9999.0 -9999.0 -9999.0 -9999.0 -9999.0 -9999.0 -9999.0 -9999.0 -9999.0 -9999.0 -9999.0 -9999.0 -9999.0 -9999.0 -9999.0 -9999.0 -9999.0 -9999.0 -9999.0 -9999.0 -9999.0 -9999.0 -9999.0 -9999.0 -9999.0 -9999.0 -9999.0 -9999.0 -9999.0 -9999.0 -9999.0 -9999.0 -9999.0 -9999.0 -9999.0 -9999.0 -9999.0 -9999.0 -9999.0 -9999.0 -9999.0 -9999.0 -9999.0 -9999.0 -9999.0 -9999.0 -9999.0 -9999.0 -9999.0 -9999.0 -9999.0 -9999.0 -9999.0 -9999.0 -9999.0 -9999.0 -9999.0 -9999.0 -9999.0 -9999.0 -9999.0 -9999.0 -9999.0 -9999.0 -9999.0 -9999.0
-9999.0 -9999.0 -9999.0 -9999.0 -9999.0 -9999.0 -9999.0 -9999.0 -9999.0 -9999.0 -9999.0 -9999.0 -9999.0 -9999.0 -9999.0 -9999.0 -9999.0 -9999.0 -9999.0 -9999.0 -9999.0 -9999.0 -9999.0 -9999.0 -9999.0 -9999.0 -9999.0 -9999.0 -9999.0 -9999.0 -9999.0 -9999.0 -9999.0 -9999.0 -9999.0 -9999.0 -9999.0 -9999.0 -9999.0 -9999.0 -9999.0 -9999.0 -9999.0 -9999.0 -9999.0 -9999.0 -9999.0 -9999.0 -9999.0 -9999.0 -9999.0 -9999.0 -9999.0 -9999.0 -9999.0 -9999.0 -9999.0 -9999.0 -9999.0 -9999.0 -9999.0 -9999.0 -9999.0 -9999.0 -9999.0 -9999.0 -9999.0 -9999.0 -9999.0 -9999.0 -9999.0 -9999.0 -9999.0 -9999.0 -9999.0 -9999.0 -9999.0 -9999.0 -9999.0 -9999.0 -9999.0 -9999.0 -9999.0 -9999.0 -9999.0 -9999.0 -9999.0 -9999.0 -9999.0 -9999.0 -9999.0 -9999.0 -9999.0 -9999.0 -9999.0 -9999.0 -9999.0 -9999.0 -9999.0 -9999.0 -9999.0 -9999.0 -9999.0 -9999.0
-9999.0 -9999.0 25.786776 -72.242704 -171.348526 -270.686870 -370.110153 -469.564454 -569.022525 -668.463859 -767.862270 -867.200389 -966.461846 -1065.627150 -1164.764125 -1263.852154 -1362.729274 -1461.266956 -1559.216253 -1656.049515 -1750.672514 -1841.045247 -1924.192280 -1997.091031 -2057.854336 -2106.241235 -2143.352279 -2170.991181 -2191.115722 -2205.515454 -2215.679529 -2222.777283 -2227.691896 -2231.072292 -2233.386245 -2234.969130 -2236.074170 -2236.958431 -2238.094340 -2240.252903 -2238.313937 -2157.228958 -1325.303618 -1320.881651 -1311.183739 -1304.711675 -1301.660906 -1301.168876 -1301.114251 -1301.118441 -1301.131072 -1301.144745 -1301.157900 -1301.170091 -1301.181480 -1301.195355 -1301.241629 -1301.543000 -1303.191240 -1306.799102 -1311.438908 -1308.816129 -2132.429108 -2232.861206 -2238.946797 -2238.605183 -2238.400569 -2238.353962 -2238.345809 -2238.344870 -2238.345117 -2238.345487 -2238.345806 -2238.346060 -2238.346261 -2238.346422 -2238.346554 -2238.346666 -2238.346764 -2238.346855 -2238.346946 -2238.347048 -2238.347171 -2238.347336 -2238.347569 -2238.347918 -2238.348455 -2238.349304 -2238.350682 -2238.352971 -2238.356882 -2238.363766 -2238.376272 -2238.399707 -2238.444987 -2238.535420 -2238.723652 -2239.137708 -2240.116738 -2242.655833 -2250.055925 -2274.770319 -9999.0 -9999.0
-9999.0 -9999.0 25.797548 -72.240919 -171.348081 -270.686740 -370.110111 -469.564440 -569.022520 -668.463857 -767.862269 -867.200388 -966.461845 -1065.627150 -1164.764125 -1263.852154 -1362.729274 -1461.266956 -1559.216254 -1656.049516 -1750.672514 -1841.045247 -1924.192281 -1997.091031 -2057.854336 -2106.241235 -2143.352279 -2170.991181 -2191.115722 -2205.515454 -2215.679529 -2222.777283 -2227.691896 -2231.072292 -2233.386245 -2234.969130 -2236.074170 -2236.958431 -2238.094340 -2240.252903 -2238.313937 -2157.228958 -1325.303618 -1320.881651 -1311.183738 -1304.711675 -1301.660906 -1301.168876 -1301.114251 -1301.118441 -1301.131072 -1301.144745 -1301.157900 -1301.170091 -1301.181480 -1301.195355 -1301.241629 -1301.543000 -1303.191240 -1306.799102 -1311.438908 -1308.816129 -2132.429108 -2232.861206 -2238.946797 -2238.605183 -2238.400569 -2238.353962 -2238.345809 -2238.344870 -2238.345117 -2238.345487 -2238.345806 -2238.346060 -2238.346261 -2238.346422 -2238.346554 -2238.346666 -2238.346764 -2238.346855 -2238.346946 -2238.347048 -2238.347171 -2238.347336 -2238.347569 -2238.347918 -2238.348455 -2238.349304 -2238.350682 -2238.352971 -2238.356882 -2238.363766 -2238.376272 -2238.399707 -2238.444987 -2238.535420 -2238.723652 -2239.137708 -2240.116738 -2242.655833 -2250.055925 -2274.770319 -9999.0 -9999.0
-9999.0 -9999.0 25.798543 -72.240204 -171.347799 -270.686638 -370.110075 -469.564427 -569.022515 -668.463855 -767.862268 -867.200388 -966.461845 -1065.627149 -1164.764125 -1263.852154 -1362.729274 -1461.266956 -1559.216254 -1656.049516 -1750.672514 -1841.045247 -1924.192281 -1997.091031 -2057.854336 -2106.241235 -2143.352279 -2170.991181 -2191.115722 -2205.515454 -2215.679529 -2222.777283 -2227.691896 -2231.072292 -2233.386245 -2234.969130 -2236.074170 -2236.958431 -2238.094340 -2240.252903 -2238.313937 -2157.228958 -1325.303618 -1320.881651 -1311.183738 -1304.711675 -1301.660906 -1301.168876 -1301.114251 -1301.118441 -1301.131072 -1301.144745 -1301.157900 -1301.170091 -1301.181480 -1301.195355 -1301.241629 -1301.543000 -1303.191240 -1306.799102 -1311.438908 -1308.816129 -2132.429108 -2232.861206 -2238.946797 -2238.605183 -2238.400569 -2238.353962 -2238.345809 -2238.344870 -2238.345117 -2238.345487 -2238.345806 -2238.346060 -2238.346261 -2238.346422 -2238.346554 -2238.346666 -2238.346764 -2238.346855 -2238.346946 -2238.347048 -2238.347171 -2238.347336 -2238.347569 -2238.347918 -2238.348455 -2238.349304 -2238.350682 -2238.352971 -2238.356882 -2238.363766 -2238.376272 -2238.399707 -2238.444987 -2238.535420 -2238.723652 -2239.137708 -2240.116738 -2242.655833 -2250.055925 -2274.770319 -9999.0 -9999.0
-9999.0 -9999.0 25.798543 -72.240204 -171.347799 -270.686638 -370.110075 -469.564427 -569.022515 -668.463855 -767.862268 -867.200388 -966.461845 -1065.627150 -1164.764125 -1263.852154 -1362.729274 -1461.266956 -1559.216254 -1656.049516 -1750.672514 -1841.045247 -1924.192281 -1997.091031 -2057.854336 -2106.241235 -2143.352279 -2170.991181 -2191.115722 -2205.515454 -2215.679529 -2222.777283 -2227.691896 -2231.072292 -2233.386245 -2234.969130 -2236.074170 -2236.958431 -2238.094340 -2240.252903 -2238.313937 -2157.228958 -1325.303618 -1320.881651 -1311.183738 -1304.711675 -1301.660906 -1301.168876 -1301.114251 -1301.118441 -1301.131072 -1301.144745 -1301.157900 -1301.170091 -1301.181480 -1301.195355 -1301.241629 -1301.543000 -1303.191240 -1306.799102 -1311.438908 -1308.816129 -2132.429108 -2232.861206 -2238.946797 -2238.605183 -2238.400569 -2238.353962 -2238.345809 -2238.344870 -2238.345117 -2238.345487 -2238.345806 -2238.346060 -2238.346261 -2238.346422 -2238.346554 -2238.346666 -2238.346764 -2238.346855 -2238.346946 -2238.347048 -2238.347171 -2238.347336 -2238.347569 -2238.347918 -2238.348455 -2238.349304 -2238.350682 -2238.352971 -2238.356882 -2238.363766 -2238.376272 -2238.399707 -2238.444987 -2238.535420 -2238.723652 -2239.137708 -2240.116738 -2242.655833 -2250.055925 -2274.770319 -9999.0 -9999.0
-9999.0 -9999.0 25.797548 -72.240919 -171.348081 -270.686740 -370.110111 -469.564440 -569.022520 -668.463857 -767.862269 -867.200388 -966.461845 -1065.627150 -1164.764125 -1263.852154 -1362.729274 -1461.266956 -1559.216254 -1656.049516 -1750.672514 -1841.045247 -1924.192281 -1997.091031 -2057.854336 -2106.241235 -2143.352279 -2170.991181 -2191.115722 -2205.515454 -2215.679529 -2222.777283 -2227.691896 -2231.072292 -2233.386245 -2234.969130 -2236.074170 -2236.958431 -2238.094340 -2240.252903 -2238.313937 -2157.228958 -1325.303618 -1320.881651 -1311.183738 -1304.711675 -1301.660906 -1301.168876 -1301.114251 -1301.118441 -1301.131072 -1301.144745 -1301.157900 -1301.170091 -1301.181480 -1301.195355 -1301.241629 -1301.543000 -1303.191240 -1306.799102 -1311.438908 -1308.816129 -2132.429108 -2232.861206 -2238.946797 -2238.605183 -2238.400569 -2238.353962 -2238.345809 -2238.344870 -2238.345117 -2238.345487 -2238.345806 -2238.346060 -2238.346261 -2238.346422 -2238.346554 -2238.346666 -2238.346764 -2238.346855 -2238.346946 -2238.347048 -2238.347171 -2238.347336 -2238.347569 -2238.347918 -2238.348455 -2238.349304 -2238.350682 -2238.352971 -2238.356882 -2238.363766 -2238.376272 -2238.399707 -2238.444987 -2238.535420 -2238.723652 -2239.137708 -2240.116738 -2242.655833 -2250.055925 -2274.770319 -9999.0 -9999.0
-9999.0 -9999.0 25.786776 -72.242704 -171.348526 -270.686870 -370.110153 -469.564454 -569.022525 -668.463859 -767.862270 -867.200389 -966.461846 -1065.627150 -1164.764125 -1263.852154 -1362.729274 -1461.266956 -1559.216253 -1656.049515 -1750.672514 -1841.045247 -1924.192280 -1997.091031 -2057.854336 -2106.241235 -2143.352279 -2170.991181 -2191.115722 -2205.515454 -2215.679529 -2222.777283 -2227.691896 -2231.072292 -2233.386245 -2234.969130 -2236.074170 -2236.958431 -2238.094340 -2240.252903 -2238.313937 -2157.228958 -1325.303618 -1320.881651 -1311.183739 -1304.711675 -1301.660906 -1301.168876 -1301.114251 -1301.118441 -1301.131072 -1301.144745 -1301.157900 -1301.170091 -1301.181480 -1301.195355 -1301.241629 -1301.543000 -1303.191240 -1306.799102 -1311.438908 -1308.816129 -2132.429108 -2232.861206 -2238.946797 -2238.605183 -2238.400569 -2238.353962 -2238.345809 -2238.344870 -2238.345117 -2238.345487 -2238.345806 -2238.346060 -2238.346261 -2238.346422 -2238.346554 -2238.346666 -2238.346764 -2238.346855 -2238.346946 -2238.347048 -2238.347171 -2238.347336 -2238.347569 -2238.347918 -2238.348455 -2238.349304 -2238.350682 -2238.352971 -2238.356882 -2238.363766 -2238.376272 -2238.399707 -2238.444987 -2238.535420 -2238.723652 -2239.137708 -2240.116738 -2242.655833 -2250.055925 -2274.770319 -9999.0 -9999.0
-9999.0 -9999.0 -9999.0 -9999.0 -9999.0 -9999.0 -9999.0 -9999.0 -9999.0 -9999.0 -9999.0 -9999.0 -9999.0 -9999.0 -9999.0 -9999.0 -9999.0 -9999.0 -9999.0 -9999.0 -9999.0 -9999.0 -9999.0 -9999.0 -9999.0 -9999.0 -9999.0 -9999.0 -9999.0 -9999.0 -9999.0 -9999.0 -9999.0 -9999.0 -9999.0 -9999.0 -9999.0 -9999.0 -9999.0 -9999.0 -9999.0 -9999.0 -9999.0 -9999.0 -9999.0 -9999.0 -9999.0 -9999.0 -9999.0 -9999.0 -9999.0 -9999.0 -9999.0 -9999.0 -9999.0 -9999.0 -9999.0 -9999.0 -9999.0 -9999.0 -9999.0 -9999.0 -9999.0 -9999.0 -9999.0 -9999.0 -9999.0 -9999.0 -9999.0 -9999.0 -9999.0 -9999.0 -9999.0 -9999.0 -9999.0 -9999.0 -9999.0 -9999.0 -9999.0 -9999.0 -9999.0 -9999.0 -9999.0 -9999.0 -9999.0 -9999.0 -9999.0 -9999.0 -9999.0 -9999.0 -9999.0 -9999.0 -9999.0 -9999.0 -9999.0 -9999.0 -9999.0 -9999.0 -9999.0 -9999.0 -9999.0 -9999.0 -9999.0 -9999.0
-9999.0 -9999.0 -9999.0 -9999.0 -9999.0 -9999.0 -9999.0 -9999.0 -9999.0 -9999.0 -9999.0 -9999.0 -9999.0 -9999.0 -9999.0 -9999.0 -9999.0 -9999.0 -9999.0 -9999.0 -9999.0 -9999.0 -9999.0 -9999.0 -9999.0 -9999.0 -9999.0 -9999.0 -9999.0 -9999.0 -9999.0 -9999.0 -9999.0 -9999.0 -9999.0 -9999.0 -9999.0 -9999.0 -9999.0 -9999.0 -9999.0 -9999.0 -9999.0 -9999.0 -9999.0 -9999.0 -9999.0 -9999.0 -9999.0 -9999.0 -9999.0 -9999.0 -9999.0 -9999.0 -9999.0 -9999.0 -9999.0 -9999.0 -9999.0 -9999.0 -9999.0 -9999.0 -9999.0 -9999.0 -9999.0 -9999.0 -9999.0 -9999.0 -9999.0 -9999.0 -9999.0 -9999.0 -9999.0 -9999.0 -9999.0 -9999.0 -9999.0 -9999.0 -9999.0 -9999.0 -9999.0 -9999.0 -9999.0 -9999.0 -9999.0 -9999.0 -9999.0 -9999.0 -9999.0 -9999.0 -9999.0 -9999.0 -9999.0 -9999.0 -9999.0 -9999.0 -9999.0 -9999.0 -9999.0 -9999.0 -9999.0 -9999.0 -9999.0 -9999.0