inst/processing_geotop_simulation/geotop_simulation/out/maps3D/PwL0009N0431.asc
ncols         104
nrows         10
xllcorner     -2.000000
yllcorner     0.000000
cellsize      1.000000
NODATA_value  -9999.0
-9999.0 -9999.0 -9999.0 -9999.0 -9999.0 -9999.0 -9999.0 -9999.0 -9999.0 -9999.0 -9999.0 -9999.0 -9999.0 -9999.0 -9999.0 -9999.0 -9999.0 -9999.0 -9999.0 -9999.0 -9999.0 -9999.0 -9999.0 -9999.0 -9999.0 -9999.0 -9999.0 -9999.0 -9999.0 -9999.0 -9999.0 -9999.0 -9999.0 -9999.0 -9999.0 -9999.0 -9999.0 -9999.0 -9999.0 -9999.0 -9999.0 -9999.0 -9999.0 -9999.0 -9999.0 -9999.0 -9999.0 -9999.0 -9999.0 -9999.0 -9999.0 -9999.0 -9999.0 -9999.0 -9999.0 -9999.0 -9999.0 -9999.0 -9999.0 -9999.0 -9999.0 -9999.0 -9999.0 -9999.0 -9999.0 -9999.0 -9999.0 -9999.0 -9999.0 -9999.0 -9999.0 -9999.0 -9999.0 -9999.0 -9999.0 -9999.0 -9999.0 -9999.0 -9999.0 -9999.0 -9999.0 -9999.0 -9999.0 -9999.0 -9999.0 -9999.0 -9999.0 -9999.0 -9999.0 -9999.0 -9999.0 -9999.0 -9999.0 -9999.0 -9999.0 -9999.0 -9999.0 -9999.0 -9999.0 -9999.0 -9999.0 -9999.0 -9999.0 -9999.0
-9999.0 -9999.0 -9999.0 -9999.0 -9999.0 -9999.0 -9999.0 -9999.0 -9999.0 -9999.0 -9999.0 -9999.0 -9999.0 -9999.0 -9999.0 -9999.0 -9999.0 -9999.0 -9999.0 -9999.0 -9999.0 -9999.0 -9999.0 -9999.0 -9999.0 -9999.0 -9999.0 -9999.0 -9999.0 -9999.0 -9999.0 -9999.0 -9999.0 -9999.0 -9999.0 -9999.0 -9999.0 -9999.0 -9999.0 -9999.0 -9999.0 -9999.0 -9999.0 -9999.0 -9999.0 -9999.0 -9999.0 -9999.0 -9999.0 -9999.0 -9999.0 -9999.0 -9999.0 -9999.0 -9999.0 -9999.0 -9999.0 -9999.0 -9999.0 -9999.0 -9999.0 -9999.0 -9999.0 -9999.0 -9999.0 -9999.0 -9999.0 -9999.0 -9999.0 -9999.0 -9999.0 -9999.0 -9999.0 -9999.0 -9999.0 -9999.0 -9999.0 -9999.0 -9999.0 -9999.0 -9999.0 -9999.0 -9999.0 -9999.0 -9999.0 -9999.0 -9999.0 -9999.0 -9999.0 -9999.0 -9999.0 -9999.0 -9999.0 -9999.0 -9999.0 -9999.0 -9999.0 -9999.0 -9999.0 -9999.0 -9999.0 -9999.0 -9999.0 -9999.0
-9999.0 -9999.0 422.876490 324.343011 225.305411 126.050705 26.706565 -72.671617 -172.060915 -271.447898 -370.818810 -470.153915 -569.414716 -668.525286 -767.532767 -866.566321 -965.517630 -1064.378572 -1162.849688 -1260.312730 -1356.126981 -1448.733539 -1535.727238 -1614.379376 -1682.504689 -1739.061841 -1784.234281 -1819.127587 -1845.338745 -1864.584080 -1878.457756 -1888.313844 -1895.235240 -1900.051881 -1903.381035 -1905.674797 -1907.274636 -1908.506053 -1909.923468 -1912.673149 -1915.332034 -1877.864051 -1285.245352 -1382.742070 -1352.957927 -1333.056696 -1323.866051 -1322.524642 -1322.382390 -1322.394578 -1322.428680 -1322.465434 -1322.500761 -1322.533479 -1322.563906 -1322.599862 -1322.715325 -1323.502098 -1328.325133 -1339.110638 -1350.915702 -1238.963809 -1844.606473 -1908.388528 -1911.519711 -1910.920031 -1910.692572 -1910.643976 -1910.635665 -1910.634738 -1910.635012 -1910.635409 -1910.635753 -1910.636029 -1910.636250 -1910.636429 -1910.636580 -1910.636709 -1910.636825 -1910.636934 -1910.637043 -1910.637163 -1910.637307 -1910.637494 -1910.637753 -1910.638131 -1910.638705 -1910.639604 -1910.641049 -1910.643439 -1910.647507 -1910.654652 -1910.667612 -1910.691881 -1910.738779 -1910.832520 -1911.027919 -1911.458326 -1912.475507 -1915.100453 -1922.669425 -1947.603038 -9999.0 -9999.0
-9999.0 -9999.0 422.882430 324.344589 225.305843 126.050835 26.706607 -72.671602 -172.060910 -271.447896 -370.818809 -470.153914 -569.414715 -668.525286 -767.532767 -866.566321 -965.517631 -1064.378572 -1162.849688 -1260.312730 -1356.126982 -1448.733539 -1535.727238 -1614.379376 -1682.504689 -1739.061842 -1784.234281 -1819.127587 -1845.338745 -1864.584080 -1878.457756 -1888.313844 -1895.235240 -1900.051881 -1903.381035 -1905.674797 -1907.274636 -1908.506053 -1909.923468 -1912.673149 -1915.332034 -1877.864051 -1285.245352 -1382.742070 -1352.957927 -1333.056696 -1323.866051 -1322.524642 -1322.382390 -1322.394578 -1322.428680 -1322.465434 -1322.500761 -1322.533479 -1322.563906 -1322.599862 -1322.715325 -1323.502098 -1328.325133 -1339.110638 -1350.915702 -1238.963809 -1844.606473 -1908.388528 -1911.519711 -1910.920031 -1910.692572 -1910.643976 -1910.635665 -1910.634738 -1910.635012 -1910.635409 -1910.635753 -1910.636029 -1910.636249 -1910.636429 -1910.636580 -1910.636709 -1910.636825 -1910.636934 -1910.637043 -1910.637163 -1910.637307 -1910.637494 -1910.637753 -1910.638131 -1910.638705 -1910.639604 -1910.641049 -1910.643439 -1910.647507 -1910.654652 -1910.667612 -1910.691881 -1910.738779 -1910.832520 -1911.027919 -1911.458326 -1912.475507 -1915.100453 -1922.669425 -1947.603038 -9999.0 -9999.0
-9999.0 -9999.0 422.883744 324.345285 225.306121 126.050937 26.706643 -72.671589 -172.060905 -271.447894 -370.818808 -470.153914 -569.414715 -668.525286 -767.532767 -866.566321 -965.517631 -1064.378572 -1162.849688 -1260.312731 -1356.126982 -1448.733539 -1535.727238 -1614.379376 -1682.504689 -1739.061842 -1784.234282 -1819.127587 -1845.338745 -1864.584080 -1878.457756 -1888.313844 -1895.235240 -1900.051881 -1903.381035 -1905.674797 -1907.274636 -1908.506053 -1909.923468 -1912.673149 -1915.332034 -1877.864051 -1285.245352 -1382.742069 -1352.957927 -1333.056695 -1323.866051 -1322.524642 -1322.382390 -1322.394578 -1322.428680 -1322.465434 -1322.500761 -1322.533479 -1322.563906 -1322.599862 -1322.715325 -1323.502098 -1328.325133 -1339.110638 -1350.915702 -1238.963809 -1844.606473 -1908.388528 -1911.519711 -1910.920031 -1910.692572 -1910.643976 -1910.635665 -1910.634738 -1910.635012 -1910.635409 -1910.635753 -1910.636029 -1910.636249 -1910.636429 -1910.636580 -1910.636709 -1910.636825 -1910.636934 -1910.637043 -1910.637163 -1910.637307 -1910.637494 -1910.637753 -1910.638131 -1910.638705 -1910.639604 -1910.641049 -1910.643439 -1910.647507 -1910.654652 -1910.667612 -1910.691881 -1910.738779 -1910.832520 -1911.027919 -1911.458326 -1912.475507 -1915.100453 -1922.669425 -1947.603038 -9999.0 -9999.0
-9999.0 -9999.0 422.883744 324.345285 225.306121 126.050937 26.706643 -72.671589 -172.060905 -271.447894 -370.818808 -470.153914 -569.414715 -668.525286 -767.532767 -866.566321 -965.517631 -1064.378572 -1162.849688 -1260.312731 -1356.126982 -1448.733539 -1535.727238 -1614.379376 -1682.504689 -1739.061842 -1784.234282 -1819.127587 -1845.338745 -1864.584080 -1878.457756 -1888.313844 -1895.235240 -1900.051881 -1903.381035 -1905.674797 -1907.274636 -1908.506053 -1909.923468 -1912.673149 -1915.332034 -1877.864051 -1285.245352 -1382.742069 -1352.957927 -1333.056695 -1323.866051 -1322.524642 -1322.382390 -1322.394578 -1322.428680 -1322.465434 -1322.500761 -1322.533479 -1322.563906 -1322.599862 -1322.715325 -1323.502098 -1328.325133 -1339.110638 -1350.915702 -1238.963809 -1844.606473 -1908.388528 -1911.519711 -1910.920031 -1910.692572 -1910.643976 -1910.635665 -1910.634738 -1910.635012 -1910.635409 -1910.635753 -1910.636029 -1910.636249 -1910.636429 -1910.636580 -1910.636709 -1910.636825 -1910.636934 -1910.637043 -1910.637163 -1910.637307 -1910.637494 -1910.637753 -1910.638131 -1910.638705 -1910.639604 -1910.641049 -1910.643439 -1910.647507 -1910.654652 -1910.667612 -1910.691881 -1910.738779 -1910.832520 -1911.027919 -1911.458326 -1912.475507 -1915.100453 -1922.669425 -1947.603038 -9999.0 -9999.0
-9999.0 -9999.0 422.882430 324.344589 225.305843 126.050835 26.706607 -72.671602 -172.060910 -271.447896 -370.818809 -470.153914 -569.414715 -668.525286 -767.532767 -866.566321 -965.517631 -1064.378572 -1162.849688 -1260.312730 -1356.126982 -1448.733539 -1535.727238 -1614.379376 -1682.504689 -1739.061842 -1784.234281 -1819.127587 -1845.338745 -1864.584080 -1878.457756 -1888.313844 -1895.235240 -1900.051881 -1903.381035 -1905.674797 -1907.274636 -1908.506053 -1909.923468 -1912.673149 -1915.332034 -1877.864051 -1285.245352 -1382.742070 -1352.957927 -1333.056696 -1323.866051 -1322.524642 -1322.382390 -1322.394578 -1322.428680 -1322.465434 -1322.500761 -1322.533479 -1322.563906 -1322.599862 -1322.715325 -1323.502098 -1328.325133 -1339.110638 -1350.915702 -1238.963809 -1844.606473 -1908.388528 -1911.519711 -1910.920031 -1910.692572 -1910.643976 -1910.635665 -1910.634738 -1910.635012 -1910.635409 -1910.635753 -1910.636029 -1910.636249 -1910.636429 -1910.636580 -1910.636709 -1910.636825 -1910.636934 -1910.637043 -1910.637163 -1910.637307 -1910.637494 -1910.637753 -1910.638131 -1910.638705 -1910.639604 -1910.641049 -1910.643439 -1910.647507 -1910.654652 -1910.667612 -1910.691881 -1910.738779 -1910.832520 -1911.027919 -1911.458326 -1912.475507 -1915.100453 -1922.669425 -1947.603038 -9999.0 -9999.0
-9999.0 -9999.0 422.876490 324.343011 225.305411 126.050705 26.706565 -72.671616 -172.060915 -271.447898 -370.818810 -470.153915 -569.414716 -668.525286 -767.532767 -866.566321 -965.517630 -1064.378572 -1162.849688 -1260.312730 -1356.126981 -1448.733539 -1535.727238 -1614.379376 -1682.504689 -1739.061841 -1784.234281 -1819.127587 -1845.338745 -1864.584080 -1878.457756 -1888.313844 -1895.235240 -1900.051881 -1903.381035 -1905.674797 -1907.274636 -1908.506053 -1909.923468 -1912.673149 -1915.332034 -1877.864051 -1285.245352 -1382.742070 -1352.957927 -1333.056696 -1323.866051 -1322.524642 -1322.382390 -1322.394578 -1322.428680 -1322.465434 -1322.500761 -1322.533479 -1322.563906 -1322.599862 -1322.715325 -1323.502098 -1328.325133 -1339.110638 -1350.915702 -1238.963809 -1844.606473 -1908.388528 -1911.519711 -1910.920031 -1910.692572 -1910.643976 -1910.635665 -1910.634738 -1910.635012 -1910.635409 -1910.635753 -1910.636029 -1910.636250 -1910.636429 -1910.636580 -1910.636709 -1910.636825 -1910.636934 -1910.637043 -1910.637163 -1910.637307 -1910.637494 -1910.637753 -1910.638131 -1910.638705 -1910.639604 -1910.641049 -1910.643439 -1910.647507 -1910.654652 -1910.667612 -1910.691881 -1910.738779 -1910.832520 -1911.027919 -1911.458326 -1912.475507 -1915.100453 -1922.669425 -1947.603038 -9999.0 -9999.0
-9999.0 -9999.0 -9999.0 -9999.0 -9999.0 -9999.0 -9999.0 -9999.0 -9999.0 -9999.0 -9999.0 -9999.0 -9999.0 -9999.0 -9999.0 -9999.0 -9999.0 -9999.0 -9999.0 -9999.0 -9999.0 -9999.0 -9999.0 -9999.0 -9999.0 -9999.0 -9999.0 -9999.0 -9999.0 -9999.0 -9999.0 -9999.0 -9999.0 -9999.0 -9999.0 -9999.0 -9999.0 -9999.0 -9999.0 -9999.0 -9999.0 -9999.0 -9999.0 -9999.0 -9999.0 -9999.0 -9999.0 -9999.0 -9999.0 -9999.0 -9999.0 -9999.0 -9999.0 -9999.0 -9999.0 -9999.0 -9999.0 -9999.0 -9999.0 -9999.0 -9999.0 -9999.0 -9999.0 -9999.0 -9999.0 -9999.0 -9999.0 -9999.0 -9999.0 -9999.0 -9999.0 -9999.0 -9999.0 -9999.0 -9999.0 -9999.0 -9999.0 -9999.0 -9999.0 -9999.0 -9999.0 -9999.0 -9999.0 -9999.0 -9999.0 -9999.0 -9999.0 -9999.0 -9999.0 -9999.0 -9999.0 -9999.0 -9999.0 -9999.0 -9999.0 -9999.0 -9999.0 -9999.0 -9999.0 -9999.0 -9999.0 -9999.0 -9999.0 -9999.0
-9999.0 -9999.0 -9999.0 -9999.0 -9999.0 -9999.0 -9999.0 -9999.0 -9999.0 -9999.0 -9999.0 -9999.0 -9999.0 -9999.0 -9999.0 -9999.0 -9999.0 -9999.0 -9999.0 -9999.0 -9999.0 -9999.0 -9999.0 -9999.0 -9999.0 -9999.0 -9999.0 -9999.0 -9999.0 -9999.0 -9999.0 -9999.0 -9999.0 -9999.0 -9999.0 -9999.0 -9999.0 -9999.0 -9999.0 -9999.0 -9999.0 -9999.0 -9999.0 -9999.0 -9999.0 -9999.0 -9999.0 -9999.0 -9999.0 -9999.0 -9999.0 -9999.0 -9999.0 -9999.0 -9999.0 -9999.0 -9999.0 -9999.0 -9999.0 -9999.0 -9999.0 -9999.0 -9999.0 -9999.0 -9999.0 -9999.0 -9999.0 -9999.0 -9999.0 -9999.0 -9999.0 -9999.0 -9999.0 -9999.0 -9999.0 -9999.0 -9999.0 -9999.0 -9999.0 -9999.0 -9999.0 -9999.0 -9999.0 -9999.0 -9999.0 -9999.0 -9999.0 -9999.0 -9999.0 -9999.0 -9999.0 -9999.0 -9999.0 -9999.0 -9999.0 -9999.0 -9999.0 -9999.0 -9999.0 -9999.0 -9999.0 -9999.0 -9999.0 -9999.0