inst/processing_geotop_simulation/geotop_simulation/out/maps3D/PwL0018N0417.asc
ncols         104
nrows         10
xllcorner     -2.000000
yllcorner     0.000000
cellsize      1.000000
NODATA_value  -9999.0
-9999.0 -9999.0 -9999.0 -9999.0 -9999.0 -9999.0 -9999.0 -9999.0 -9999.0 -9999.0 -9999.0 -9999.0 -9999.0 -9999.0 -9999.0 -9999.0 -9999.0 -9999.0 -9999.0 -9999.0 -9999.0 -9999.0 -9999.0 -9999.0 -9999.0 -9999.0 -9999.0 -9999.0 -9999.0 -9999.0 -9999.0 -9999.0 -9999.0 -9999.0 -9999.0 -9999.0 -9999.0 -9999.0 -9999.0 -9999.0 -9999.0 -9999.0 -9999.0 -9999.0 -9999.0 -9999.0 -9999.0 -9999.0 -9999.0 -9999.0 -9999.0 -9999.0 -9999.0 -9999.0 -9999.0 -9999.0 -9999.0 -9999.0 -9999.0 -9999.0 -9999.0 -9999.0 -9999.0 -9999.0 -9999.0 -9999.0 -9999.0 -9999.0 -9999.0 -9999.0 -9999.0 -9999.0 -9999.0 -9999.0 -9999.0 -9999.0 -9999.0 -9999.0 -9999.0 -9999.0 -9999.0 -9999.0 -9999.0 -9999.0 -9999.0 -9999.0 -9999.0 -9999.0 -9999.0 -9999.0 -9999.0 -9999.0 -9999.0 -9999.0 -9999.0 -9999.0 -9999.0 -9999.0 -9999.0 -9999.0 -9999.0 -9999.0 -9999.0 -9999.0
-9999.0 -9999.0 -9999.0 -9999.0 -9999.0 -9999.0 -9999.0 -9999.0 -9999.0 -9999.0 -9999.0 -9999.0 -9999.0 -9999.0 -9999.0 -9999.0 -9999.0 -9999.0 -9999.0 -9999.0 -9999.0 -9999.0 -9999.0 -9999.0 -9999.0 -9999.0 -9999.0 -9999.0 -9999.0 -9999.0 -9999.0 -9999.0 -9999.0 -9999.0 -9999.0 -9999.0 -9999.0 -9999.0 -9999.0 -9999.0 -9999.0 -9999.0 -9999.0 -9999.0 -9999.0 -9999.0 -9999.0 -9999.0 -9999.0 -9999.0 -9999.0 -9999.0 -9999.0 -9999.0 -9999.0 -9999.0 -9999.0 -9999.0 -9999.0 -9999.0 -9999.0 -9999.0 -9999.0 -9999.0 -9999.0 -9999.0 -9999.0 -9999.0 -9999.0 -9999.0 -9999.0 -9999.0 -9999.0 -9999.0 -9999.0 -9999.0 -9999.0 -9999.0 -9999.0 -9999.0 -9999.0 -9999.0 -9999.0 -9999.0 -9999.0 -9999.0 -9999.0 -9999.0 -9999.0 -9999.0 -9999.0 -9999.0 -9999.0 -9999.0 -9999.0 -9999.0 -9999.0 -9999.0 -9999.0 -9999.0 -9999.0 -9999.0 -9999.0 -9999.0
-9999.0 -9999.0 869.309182 770.308619 671.188805 571.936293 472.614826 373.263111 273.901884 174.542336 75.190675 -24.147537 -123.469083 -222.772057 -322.043042 -421.258862 -520.376237 -619.318618 -717.957406 -816.688538 -915.189789 -1013.331171 -1110.903895 -1203.812346 -1291.455441 -1371.709408 -1442.738050 -1503.361701 -1553.262065 -1592.956549 -1623.582315 -1646.600804 -1663.530700 -1675.766515 -1684.488698 -1690.644847 -1694.983794 -1698.162957 -1701.052685 -1705.434913 -1714.351481 -1730.499679 -1922.470915 -3998.875551 -4084.143842 -4084.157459 -4084.135888 -4083.940064 -4083.134205 -4080.803522 -4075.128597 -4060.876213 -4040.419038 -4017.199967 -3983.870044 -3930.851422 -3844.283867 -3709.934515 -3523.832453 -3298.527368 -2966.377499 -1671.676068 -1686.681035 -1706.235047 -1705.831772 -1704.894708 -1704.616948 -1704.558703 -1704.548608 -1704.547419 -1704.547708 -1704.548169 -1704.548589 -1704.548947 -1704.549253 -1704.549522 -1704.549763 -1704.549987 -1704.550200 -1704.550409 -1704.550622 -1704.550850 -1704.551106 -1704.551408 -1704.551788 -1704.552292 -1704.552999 -1704.554037 -1704.555632 -1704.558188 -1704.562450 -1704.569845 -1704.583183 -1704.608137 -1704.656546 -1704.754214 -1704.960834 -1705.424151 -1706.535844 -1709.418507 -1717.622700 -1743.756421 -9999.0 -9999.0
-9999.0 -9999.0 869.312261 770.309746 671.189165 571.936409 472.614865 373.263125 273.901889 174.542339 75.190676 -24.147536 -123.469083 -222.772057 -322.043042 -421.258862 -520.376237 -619.318619 -717.957406 -816.688538 -915.189789 -1013.331172 -1110.903895 -1203.812347 -1291.455441 -1371.709408 -1442.738050 -1503.361701 -1553.262065 -1592.956550 -1623.582315 -1646.600804 -1663.530700 -1675.766515 -1684.488698 -1690.644847 -1694.983794 -1698.162957 -1701.052685 -1705.434913 -1714.351481 -1730.499679 -1922.470915 -3998.875551 -4084.143842 -4084.157459 -4084.135888 -4083.940064 -4083.134205 -4080.803522 -4075.128596 -4060.876213 -4040.419038 -4017.199967 -3983.870044 -3930.851422 -3844.283867 -3709.934515 -3523.832452 -3298.527368 -2966.377499 -1671.676068 -1686.681035 -1706.235047 -1705.831772 -1704.894708 -1704.616948 -1704.558703 -1704.548608 -1704.547419 -1704.547708 -1704.548169 -1704.548589 -1704.548947 -1704.549253 -1704.549522 -1704.549763 -1704.549987 -1704.550200 -1704.550409 -1704.550622 -1704.550850 -1704.551106 -1704.551408 -1704.551788 -1704.552292 -1704.552999 -1704.554037 -1704.555632 -1704.558188 -1704.562450 -1704.569845 -1704.583183 -1704.608137 -1704.656546 -1704.754214 -1704.960834 -1705.424151 -1706.535844 -1709.418506 -1717.622700 -1743.756421 -9999.0 -9999.0
-9999.0 -9999.0 869.313371 770.310336 671.189412 571.936503 472.614900 373.263137 273.901894 174.542341 75.190677 -24.147536 -123.469082 -222.772057 -322.043042 -421.258862 -520.376238 -619.318619 -717.957407 -816.688538 -915.189789 -1013.331172 -1110.903895 -1203.812347 -1291.455441 -1371.709408 -1442.738050 -1503.361701 -1553.262065 -1592.956550 -1623.582315 -1646.600804 -1663.530700 -1675.766515 -1684.488698 -1690.644847 -1694.983794 -1698.162957 -1701.052685 -1705.434913 -1714.351481 -1730.499679 -1922.470915 -3998.875551 -4084.143842 -4084.157459 -4084.135888 -4083.940064 -4083.134205 -4080.803522 -4075.128596 -4060.876213 -4040.419038 -4017.199967 -3983.870044 -3930.851421 -3844.283867 -3709.934514 -3523.832452 -3298.527368 -2966.377499 -1671.676068 -1686.681035 -1706.235047 -1705.831772 -1704.894708 -1704.616948 -1704.558703 -1704.548608 -1704.547419 -1704.547708 -1704.548169 -1704.548589 -1704.548947 -1704.549253 -1704.549522 -1704.549763 -1704.549987 -1704.550200 -1704.550409 -1704.550622 -1704.550850 -1704.551106 -1704.551408 -1704.551788 -1704.552292 -1704.552999 -1704.554037 -1704.555632 -1704.558188 -1704.562450 -1704.569845 -1704.583183 -1704.608137 -1704.656546 -1704.754214 -1704.960834 -1705.424151 -1706.535844 -1709.418506 -1717.622700 -1743.756421 -9999.0 -9999.0
-9999.0 -9999.0 869.313371 770.310336 671.189412 571.936503 472.614900 373.263137 273.901894 174.542341 75.190677 -24.147536 -123.469082 -222.772057 -322.043042 -421.258862 -520.376238 -619.318619 -717.957406 -816.688538 -915.189789 -1013.331172 -1110.903895 -1203.812347 -1291.455441 -1371.709408 -1442.738050 -1503.361701 -1553.262065 -1592.956550 -1623.582315 -1646.600804 -1663.530700 -1675.766515 -1684.488698 -1690.644847 -1694.983794 -1698.162957 -1701.052685 -1705.434913 -1714.351481 -1730.499679 -1922.470915 -3998.875551 -4084.143842 -4084.157459 -4084.135888 -4083.940064 -4083.134205 -4080.803522 -4075.128596 -4060.876213 -4040.419038 -4017.199967 -3983.870044 -3930.851422 -3844.283866 -3709.934514 -3523.832452 -3298.527368 -2966.377499 -1671.676068 -1686.681035 -1706.235047 -1705.831772 -1704.894708 -1704.616948 -1704.558703 -1704.548608 -1704.547419 -1704.547708 -1704.548169 -1704.548589 -1704.548947 -1704.549253 -1704.549522 -1704.549763 -1704.549987 -1704.550200 -1704.550409 -1704.550622 -1704.550850 -1704.551106 -1704.551408 -1704.551788 -1704.552292 -1704.552999 -1704.554037 -1704.555632 -1704.558188 -1704.562450 -1704.569845 -1704.583183 -1704.608137 -1704.656546 -1704.754214 -1704.960834 -1705.424151 -1706.535844 -1709.418506 -1717.622700 -1743.756421 -9999.0 -9999.0
-9999.0 -9999.0 869.312261 770.309746 671.189165 571.936409 472.614865 373.263125 273.901889 174.542339 75.190676 -24.147536 -123.469083 -222.772057 -322.043042 -421.258862 -520.376238 -619.318618 -717.957406 -816.688538 -915.189789 -1013.331172 -1110.903895 -1203.812347 -1291.455441 -1371.709408 -1442.738050 -1503.361701 -1553.262065 -1592.956550 -1623.582315 -1646.600804 -1663.530700 -1675.766515 -1684.488698 -1690.644847 -1694.983794 -1698.162957 -1701.052685 -1705.434913 -1714.351481 -1730.499679 -1922.470915 -3998.875551 -4084.143842 -4084.157459 -4084.135888 -4083.940064 -4083.134205 -4080.803522 -4075.128596 -4060.876213 -4040.419038 -4017.199967 -3983.870044 -3930.851422 -3844.283867 -3709.934514 -3523.832452 -3298.527368 -2966.377500 -1671.676068 -1686.681035 -1706.235047 -1705.831772 -1704.894708 -1704.616948 -1704.558703 -1704.548608 -1704.547419 -1704.547708 -1704.548169 -1704.548589 -1704.548947 -1704.549253 -1704.549522 -1704.549763 -1704.549987 -1704.550200 -1704.550409 -1704.550622 -1704.550850 -1704.551106 -1704.551408 -1704.551788 -1704.552292 -1704.552999 -1704.554037 -1704.555632 -1704.558188 -1704.562450 -1704.569845 -1704.583183 -1704.608137 -1704.656546 -1704.754214 -1704.960834 -1705.424151 -1706.535844 -1709.418506 -1717.622700 -1743.756421 -9999.0 -9999.0
-9999.0 -9999.0 869.309182 770.308619 671.188805 571.936293 472.614826 373.263111 273.901884 174.542336 75.190675 -24.147537 -123.469083 -222.772057 -322.043042 -421.258862 -520.376237 -619.318618 -717.957406 -816.688538 -915.189789 -1013.331171 -1110.903895 -1203.812346 -1291.455441 -1371.709408 -1442.738050 -1503.361701 -1553.262065 -1592.956549 -1623.582315 -1646.600804 -1663.530700 -1675.766515 -1684.488698 -1690.644847 -1694.983794 -1698.162957 -1701.052685 -1705.434913 -1714.351481 -1730.499679 -1922.470915 -3998.875551 -4084.143842 -4084.157459 -4084.135888 -4083.940064 -4083.134205 -4080.803522 -4075.128597 -4060.876213 -4040.419038 -4017.199967 -3983.870044 -3930.851422 -3844.283867 -3709.934515 -3523.832453 -3298.527369 -2966.377500 -1671.676068 -1686.681035 -1706.235047 -1705.831772 -1704.894708 -1704.616948 -1704.558703 -1704.548608 -1704.547419 -1704.547708 -1704.548169 -1704.548589 -1704.548947 -1704.549253 -1704.549522 -1704.549763 -1704.549987 -1704.550200 -1704.550409 -1704.550622 -1704.550850 -1704.551106 -1704.551408 -1704.551788 -1704.552292 -1704.552999 -1704.554037 -1704.555632 -1704.558188 -1704.562450 -1704.569845 -1704.583183 -1704.608137 -1704.656546 -1704.754214 -1704.960834 -1705.424151 -1706.535844 -1709.418507 -1717.622700 -1743.756421 -9999.0 -9999.0
-9999.0 -9999.0 -9999.0 -9999.0 -9999.0 -9999.0 -9999.0 -9999.0 -9999.0 -9999.0 -9999.0 -9999.0 -9999.0 -9999.0 -9999.0 -9999.0 -9999.0 -9999.0 -9999.0 -9999.0 -9999.0 -9999.0 -9999.0 -9999.0 -9999.0 -9999.0 -9999.0 -9999.0 -9999.0 -9999.0 -9999.0 -9999.0 -9999.0 -9999.0 -9999.0 -9999.0 -9999.0 -9999.0 -9999.0 -9999.0 -9999.0 -9999.0 -9999.0 -9999.0 -9999.0 -9999.0 -9999.0 -9999.0 -9999.0 -9999.0 -9999.0 -9999.0 -9999.0 -9999.0 -9999.0 -9999.0 -9999.0 -9999.0 -9999.0 -9999.0 -9999.0 -9999.0 -9999.0 -9999.0 -9999.0 -9999.0 -9999.0 -9999.0 -9999.0 -9999.0 -9999.0 -9999.0 -9999.0 -9999.0 -9999.0 -9999.0 -9999.0 -9999.0 -9999.0 -9999.0 -9999.0 -9999.0 -9999.0 -9999.0 -9999.0 -9999.0 -9999.0 -9999.0 -9999.0 -9999.0 -9999.0 -9999.0 -9999.0 -9999.0 -9999.0 -9999.0 -9999.0 -9999.0 -9999.0 -9999.0 -9999.0 -9999.0 -9999.0 -9999.0
-9999.0 -9999.0 -9999.0 -9999.0 -9999.0 -9999.0 -9999.0 -9999.0 -9999.0 -9999.0 -9999.0 -9999.0 -9999.0 -9999.0 -9999.0 -9999.0 -9999.0 -9999.0 -9999.0 -9999.0 -9999.0 -9999.0 -9999.0 -9999.0 -9999.0 -9999.0 -9999.0 -9999.0 -9999.0 -9999.0 -9999.0 -9999.0 -9999.0 -9999.0 -9999.0 -9999.0 -9999.0 -9999.0 -9999.0 -9999.0 -9999.0 -9999.0 -9999.0 -9999.0 -9999.0 -9999.0 -9999.0 -9999.0 -9999.0 -9999.0 -9999.0 -9999.0 -9999.0 -9999.0 -9999.0 -9999.0 -9999.0 -9999.0 -9999.0 -9999.0 -9999.0 -9999.0 -9999.0 -9999.0 -9999.0 -9999.0 -9999.0 -9999.0 -9999.0 -9999.0 -9999.0 -9999.0 -9999.0 -9999.0 -9999.0 -9999.0 -9999.0 -9999.0 -9999.0 -9999.0 -9999.0 -9999.0 -9999.0 -9999.0 -9999.0 -9999.0 -9999.0 -9999.0 -9999.0 -9999.0 -9999.0 -9999.0 -9999.0 -9999.0 -9999.0 -9999.0 -9999.0 -9999.0 -9999.0 -9999.0 -9999.0 -9999.0 -9999.0 -9999.0