inst/processing_geotop_simulation/geotop_simulation/out/maps3D/PwL0010N0037.asc
ncols         104
nrows         10
xllcorner     -2.000000
yllcorner     0.000000
cellsize      1.000000
NODATA_value  -9999.0
-9999.0 -9999.0 -9999.0 -9999.0 -9999.0 -9999.0 -9999.0 -9999.0 -9999.0 -9999.0 -9999.0 -9999.0 -9999.0 -9999.0 -9999.0 -9999.0 -9999.0 -9999.0 -9999.0 -9999.0 -9999.0 -9999.0 -9999.0 -9999.0 -9999.0 -9999.0 -9999.0 -9999.0 -9999.0 -9999.0 -9999.0 -9999.0 -9999.0 -9999.0 -9999.0 -9999.0 -9999.0 -9999.0 -9999.0 -9999.0 -9999.0 -9999.0 -9999.0 -9999.0 -9999.0 -9999.0 -9999.0 -9999.0 -9999.0 -9999.0 -9999.0 -9999.0 -9999.0 -9999.0 -9999.0 -9999.0 -9999.0 -9999.0 -9999.0 -9999.0 -9999.0 -9999.0 -9999.0 -9999.0 -9999.0 -9999.0 -9999.0 -9999.0 -9999.0 -9999.0 -9999.0 -9999.0 -9999.0 -9999.0 -9999.0 -9999.0 -9999.0 -9999.0 -9999.0 -9999.0 -9999.0 -9999.0 -9999.0 -9999.0 -9999.0 -9999.0 -9999.0 -9999.0 -9999.0 -9999.0 -9999.0 -9999.0 -9999.0 -9999.0 -9999.0 -9999.0 -9999.0 -9999.0 -9999.0 -9999.0 -9999.0 -9999.0 -9999.0 -9999.0
-9999.0 -9999.0 -9999.0 -9999.0 -9999.0 -9999.0 -9999.0 -9999.0 -9999.0 -9999.0 -9999.0 -9999.0 -9999.0 -9999.0 -9999.0 -9999.0 -9999.0 -9999.0 -9999.0 -9999.0 -9999.0 -9999.0 -9999.0 -9999.0 -9999.0 -9999.0 -9999.0 -9999.0 -9999.0 -9999.0 -9999.0 -9999.0 -9999.0 -9999.0 -9999.0 -9999.0 -9999.0 -9999.0 -9999.0 -9999.0 -9999.0 -9999.0 -9999.0 -9999.0 -9999.0 -9999.0 -9999.0 -9999.0 -9999.0 -9999.0 -9999.0 -9999.0 -9999.0 -9999.0 -9999.0 -9999.0 -9999.0 -9999.0 -9999.0 -9999.0 -9999.0 -9999.0 -9999.0 -9999.0 -9999.0 -9999.0 -9999.0 -9999.0 -9999.0 -9999.0 -9999.0 -9999.0 -9999.0 -9999.0 -9999.0 -9999.0 -9999.0 -9999.0 -9999.0 -9999.0 -9999.0 -9999.0 -9999.0 -9999.0 -9999.0 -9999.0 -9999.0 -9999.0 -9999.0 -9999.0 -9999.0 -9999.0 -9999.0 -9999.0 -9999.0 -9999.0 -9999.0 -9999.0 -9999.0 -9999.0 -9999.0 -9999.0 -9999.0 -9999.0
-9999.0 -9999.0 -645.980641 -654.839553 -658.685939 -662.979864 -666.970309 -669.922275 -671.956410 -673.027929 -667.473456 -657.744652 -643.757769 -620.417524 -579.330941 -539.964974 -465.936190 -372.117799 -278.981052 -254.446827 -299.038867 -352.550252 -408.070074 -461.288970 -509.548786 -551.415789 -586.183005 -613.623391 -634.067601 -648.448376 -658.041895 -664.156592 -667.907716 -670.132543 -671.404047 -672.084318 -672.409963 -672.768923 -673.760418 -673.128627 -670.896606 -692.610603 -2489.945459 -4479.459671 -4480.197249 -4480.196039 -4480.194853 -4480.194676 -4480.194657 -4480.194656 -4480.194656 -4480.194656 -4480.194657 -4480.194657 -4480.194658 -4480.194659 -4480.194668 -4480.194746 -4480.195352 -4480.196294 -4479.028782 -2389.717529 -687.810967 -678.186846 -674.680236 -673.590848 -673.359183 -673.323325 -673.327091 -673.337520 -673.347320 -673.355111 -673.361022 -673.365497 -673.368930 -673.371609 -673.373746 -673.375472 -673.376896 -673.378133 -673.379305 -673.380557 -673.382078 -673.384135 -673.387125 -673.391666 -673.398742 -673.409948 -673.427918 -673.457116 -673.505335 -673.586659 -673.727502 -673.979046 -674.442801 -675.321946 -677.020994 -680.331920 -686.777329 -699.313520 -724.254318 -774.653257 -9999.0 -9999.0
-9999.0 -9999.0 -645.980463 -654.839347 -658.685799 -662.979806 -666.970294 -669.922275 -671.956413 -673.027932 -667.473457 -657.744652 -643.757769 -620.417524 -579.330941 -539.964974 -465.936190 -372.117799 -278.981052 -254.446827 -299.038867 -352.550252 -408.070074 -461.288970 -509.548786 -551.415789 -586.183005 -613.623391 -634.067601 -648.448376 -658.041895 -664.156592 -667.907716 -670.132543 -671.404047 -672.084318 -672.409963 -672.768923 -673.760418 -673.128627 -670.896606 -692.610603 -2489.945458 -4479.459671 -4480.197249 -4480.196039 -4480.194853 -4480.194676 -4480.194657 -4480.194656 -4480.194656 -4480.194656 -4480.194657 -4480.194657 -4480.194658 -4480.194659 -4480.194668 -4480.194746 -4480.195352 -4480.196294 -4479.028782 -2389.717529 -687.810967 -678.186846 -674.680236 -673.590848 -673.359183 -673.323325 -673.327091 -673.337520 -673.347320 -673.355111 -673.361022 -673.365497 -673.368930 -673.371609 -673.373746 -673.375472 -673.376896 -673.378133 -673.379305 -673.380557 -673.382078 -673.384135 -673.387125 -673.391666 -673.398742 -673.409948 -673.427918 -673.457116 -673.505335 -673.586659 -673.727502 -673.979046 -674.442801 -675.321946 -677.020994 -680.331920 -686.777329 -699.313520 -724.254318 -774.653257 -9999.0 -9999.0
-9999.0 -9999.0 -645.980391 -654.839245 -658.685712 -662.979765 -666.970284 -669.922276 -671.956417 -673.027935 -667.473457 -657.744652 -643.757769 -620.417524 -579.330941 -539.964974 -465.936190 -372.117799 -278.981052 -254.446827 -299.038867 -352.550252 -408.070074 -461.288970 -509.548786 -551.415789 -586.183005 -613.623391 -634.067601 -648.448376 -658.041895 -664.156592 -667.907716 -670.132543 -671.404047 -672.084318 -672.409963 -672.768923 -673.760418 -673.128627 -670.896606 -692.610603 -2489.945458 -4479.459671 -4480.197249 -4480.196039 -4480.194853 -4480.194676 -4480.194657 -4480.194656 -4480.194656 -4480.194656 -4480.194657 -4480.194657 -4480.194658 -4480.194659 -4480.194668 -4480.194746 -4480.195352 -4480.196294 -4479.028782 -2389.717529 -687.810967 -678.186846 -674.680236 -673.590848 -673.359183 -673.323325 -673.327091 -673.337520 -673.347320 -673.355111 -673.361022 -673.365497 -673.368930 -673.371609 -673.373746 -673.375472 -673.376896 -673.378133 -673.379305 -673.380557 -673.382078 -673.384135 -673.387125 -673.391666 -673.398742 -673.409948 -673.427918 -673.457116 -673.505335 -673.586659 -673.727502 -673.979046 -674.442801 -675.321946 -677.020994 -680.331920 -686.777329 -699.313520 -724.254318 -774.653257 -9999.0 -9999.0
-9999.0 -9999.0 -645.980391 -654.839245 -658.685712 -662.979765 -666.970284 -669.922276 -671.956417 -673.027935 -667.473457 -657.744652 -643.757769 -620.417524 -579.330941 -539.964974 -465.936190 -372.117799 -278.981052 -254.446827 -299.038867 -352.550252 -408.070074 -461.288970 -509.548786 -551.415789 -586.183005 -613.623391 -634.067601 -648.448376 -658.041895 -664.156592 -667.907716 -670.132543 -671.404047 -672.084318 -672.409963 -672.768923 -673.760418 -673.128627 -670.896606 -692.610603 -2489.945458 -4479.459671 -4480.197249 -4480.196039 -4480.194853 -4480.194676 -4480.194657 -4480.194656 -4480.194656 -4480.194656 -4480.194657 -4480.194657 -4480.194658 -4480.194659 -4480.194668 -4480.194746 -4480.195352 -4480.196294 -4479.028782 -2389.717529 -687.810967 -678.186846 -674.680236 -673.590848 -673.359183 -673.323325 -673.327091 -673.337520 -673.347320 -673.355111 -673.361022 -673.365497 -673.368930 -673.371609 -673.373746 -673.375472 -673.376896 -673.378133 -673.379305 -673.380557 -673.382078 -673.384135 -673.387125 -673.391666 -673.398742 -673.409948 -673.427918 -673.457116 -673.505335 -673.586659 -673.727502 -673.979046 -674.442801 -675.321946 -677.020994 -680.331920 -686.777329 -699.313520 -724.254318 -774.653257 -9999.0 -9999.0
-9999.0 -9999.0 -645.980463 -654.839347 -658.685799 -662.979806 -666.970294 -669.922275 -671.956413 -673.027932 -667.473457 -657.744652 -643.757769 -620.417524 -579.330941 -539.964974 -465.936190 -372.117799 -278.981052 -254.446827 -299.038867 -352.550252 -408.070074 -461.288970 -509.548786 -551.415789 -586.183005 -613.623391 -634.067601 -648.448376 -658.041895 -664.156592 -667.907716 -670.132543 -671.404047 -672.084318 -672.409963 -672.768923 -673.760418 -673.128627 -670.896606 -692.610603 -2489.945458 -4479.459671 -4480.197249 -4480.196039 -4480.194853 -4480.194676 -4480.194657 -4480.194656 -4480.194656 -4480.194656 -4480.194657 -4480.194657 -4480.194658 -4480.194659 -4480.194668 -4480.194746 -4480.195352 -4480.196294 -4479.028782 -2389.717529 -687.810967 -678.186846 -674.680236 -673.590848 -673.359183 -673.323325 -673.327091 -673.337520 -673.347320 -673.355111 -673.361022 -673.365497 -673.368930 -673.371609 -673.373746 -673.375472 -673.376896 -673.378133 -673.379305 -673.380557 -673.382078 -673.384135 -673.387125 -673.391666 -673.398742 -673.409948 -673.427918 -673.457116 -673.505335 -673.586659 -673.727502 -673.979046 -674.442801 -675.321946 -677.020994 -680.331920 -686.777329 -699.313520 -724.254318 -774.653257 -9999.0 -9999.0
-9999.0 -9999.0 -645.980641 -654.839553 -658.685939 -662.979864 -666.970309 -669.922275 -671.956410 -673.027929 -667.473456 -657.744652 -643.757769 -620.417524 -579.330941 -539.964974 -465.936190 -372.117799 -278.981052 -254.446827 -299.038867 -352.550252 -408.070074 -461.288970 -509.548786 -551.415789 -586.183005 -613.623391 -634.067601 -648.448376 -658.041895 -664.156592 -667.907716 -670.132543 -671.404047 -672.084318 -672.409963 -672.768923 -673.760418 -673.128627 -670.896606 -692.610603 -2489.945459 -4479.459671 -4480.197249 -4480.196039 -4480.194853 -4480.194676 -4480.194657 -4480.194656 -4480.194656 -4480.194656 -4480.194657 -4480.194657 -4480.194658 -4480.194659 -4480.194668 -4480.194746 -4480.195352 -4480.196294 -4479.028782 -2389.717529 -687.810967 -678.186846 -674.680236 -673.590848 -673.359183 -673.323325 -673.327091 -673.337520 -673.347320 -673.355111 -673.361022 -673.365497 -673.368930 -673.371609 -673.373746 -673.375472 -673.376896 -673.378133 -673.379305 -673.380557 -673.382078 -673.384135 -673.387125 -673.391666 -673.398742 -673.409948 -673.427918 -673.457116 -673.505335 -673.586659 -673.727502 -673.979046 -674.442801 -675.321946 -677.020994 -680.331920 -686.777329 -699.313520 -724.254318 -774.653257 -9999.0 -9999.0
-9999.0 -9999.0 -9999.0 -9999.0 -9999.0 -9999.0 -9999.0 -9999.0 -9999.0 -9999.0 -9999.0 -9999.0 -9999.0 -9999.0 -9999.0 -9999.0 -9999.0 -9999.0 -9999.0 -9999.0 -9999.0 -9999.0 -9999.0 -9999.0 -9999.0 -9999.0 -9999.0 -9999.0 -9999.0 -9999.0 -9999.0 -9999.0 -9999.0 -9999.0 -9999.0 -9999.0 -9999.0 -9999.0 -9999.0 -9999.0 -9999.0 -9999.0 -9999.0 -9999.0 -9999.0 -9999.0 -9999.0 -9999.0 -9999.0 -9999.0 -9999.0 -9999.0 -9999.0 -9999.0 -9999.0 -9999.0 -9999.0 -9999.0 -9999.0 -9999.0 -9999.0 -9999.0 -9999.0 -9999.0 -9999.0 -9999.0 -9999.0 -9999.0 -9999.0 -9999.0 -9999.0 -9999.0 -9999.0 -9999.0 -9999.0 -9999.0 -9999.0 -9999.0 -9999.0 -9999.0 -9999.0 -9999.0 -9999.0 -9999.0 -9999.0 -9999.0 -9999.0 -9999.0 -9999.0 -9999.0 -9999.0 -9999.0 -9999.0 -9999.0 -9999.0 -9999.0 -9999.0 -9999.0 -9999.0 -9999.0 -9999.0 -9999.0 -9999.0 -9999.0
-9999.0 -9999.0 -9999.0 -9999.0 -9999.0 -9999.0 -9999.0 -9999.0 -9999.0 -9999.0 -9999.0 -9999.0 -9999.0 -9999.0 -9999.0 -9999.0 -9999.0 -9999.0 -9999.0 -9999.0 -9999.0 -9999.0 -9999.0 -9999.0 -9999.0 -9999.0 -9999.0 -9999.0 -9999.0 -9999.0 -9999.0 -9999.0 -9999.0 -9999.0 -9999.0 -9999.0 -9999.0 -9999.0 -9999.0 -9999.0 -9999.0 -9999.0 -9999.0 -9999.0 -9999.0 -9999.0 -9999.0 -9999.0 -9999.0 -9999.0 -9999.0 -9999.0 -9999.0 -9999.0 -9999.0 -9999.0 -9999.0 -9999.0 -9999.0 -9999.0 -9999.0 -9999.0 -9999.0 -9999.0 -9999.0 -9999.0 -9999.0 -9999.0 -9999.0 -9999.0 -9999.0 -9999.0 -9999.0 -9999.0 -9999.0 -9999.0 -9999.0 -9999.0 -9999.0 -9999.0 -9999.0 -9999.0 -9999.0 -9999.0 -9999.0 -9999.0 -9999.0 -9999.0 -9999.0 -9999.0 -9999.0 -9999.0 -9999.0 -9999.0 -9999.0 -9999.0 -9999.0 -9999.0 -9999.0 -9999.0 -9999.0 -9999.0 -9999.0 -9999.0