inst/processing_geotop_simulation/geotop_simulation/out/maps3D/PwL0014N0194.asc
ncols         104
nrows         10
xllcorner     -2.000000
yllcorner     0.000000
cellsize      1.000000
NODATA_value  -9999.0
-9999.0 -9999.0 -9999.0 -9999.0 -9999.0 -9999.0 -9999.0 -9999.0 -9999.0 -9999.0 -9999.0 -9999.0 -9999.0 -9999.0 -9999.0 -9999.0 -9999.0 -9999.0 -9999.0 -9999.0 -9999.0 -9999.0 -9999.0 -9999.0 -9999.0 -9999.0 -9999.0 -9999.0 -9999.0 -9999.0 -9999.0 -9999.0 -9999.0 -9999.0 -9999.0 -9999.0 -9999.0 -9999.0 -9999.0 -9999.0 -9999.0 -9999.0 -9999.0 -9999.0 -9999.0 -9999.0 -9999.0 -9999.0 -9999.0 -9999.0 -9999.0 -9999.0 -9999.0 -9999.0 -9999.0 -9999.0 -9999.0 -9999.0 -9999.0 -9999.0 -9999.0 -9999.0 -9999.0 -9999.0 -9999.0 -9999.0 -9999.0 -9999.0 -9999.0 -9999.0 -9999.0 -9999.0 -9999.0 -9999.0 -9999.0 -9999.0 -9999.0 -9999.0 -9999.0 -9999.0 -9999.0 -9999.0 -9999.0 -9999.0 -9999.0 -9999.0 -9999.0 -9999.0 -9999.0 -9999.0 -9999.0 -9999.0 -9999.0 -9999.0 -9999.0 -9999.0 -9999.0 -9999.0 -9999.0 -9999.0 -9999.0 -9999.0 -9999.0 -9999.0
-9999.0 -9999.0 -9999.0 -9999.0 -9999.0 -9999.0 -9999.0 -9999.0 -9999.0 -9999.0 -9999.0 -9999.0 -9999.0 -9999.0 -9999.0 -9999.0 -9999.0 -9999.0 -9999.0 -9999.0 -9999.0 -9999.0 -9999.0 -9999.0 -9999.0 -9999.0 -9999.0 -9999.0 -9999.0 -9999.0 -9999.0 -9999.0 -9999.0 -9999.0 -9999.0 -9999.0 -9999.0 -9999.0 -9999.0 -9999.0 -9999.0 -9999.0 -9999.0 -9999.0 -9999.0 -9999.0 -9999.0 -9999.0 -9999.0 -9999.0 -9999.0 -9999.0 -9999.0 -9999.0 -9999.0 -9999.0 -9999.0 -9999.0 -9999.0 -9999.0 -9999.0 -9999.0 -9999.0 -9999.0 -9999.0 -9999.0 -9999.0 -9999.0 -9999.0 -9999.0 -9999.0 -9999.0 -9999.0 -9999.0 -9999.0 -9999.0 -9999.0 -9999.0 -9999.0 -9999.0 -9999.0 -9999.0 -9999.0 -9999.0 -9999.0 -9999.0 -9999.0 -9999.0 -9999.0 -9999.0 -9999.0 -9999.0 -9999.0 -9999.0 -9999.0 -9999.0 -9999.0 -9999.0 -9999.0 -9999.0 -9999.0 -9999.0 -9999.0 -9999.0
-9999.0 -9999.0 679.100614 583.985966 487.819639 390.944107 293.736362 196.384606 98.982308 1.583817 -95.773210 -193.069980 -290.234831 -387.119544 -483.468814 -578.931338 -672.957240 -767.761292 -862.012697 -955.390307 -1047.536597 -1129.032406 -1200.270394 -1259.361129 -1306.028218 -1341.344188 -1367.145476 -1385.465460 -1398.173491 -1406.819540 -1412.608633 -1416.435154 -1418.939417 -1420.566668 -1421.619498 -1422.301974 -1422.758433 -1423.128222 -1423.756678 -1426.283313 -1438.277254 -1497.678598 -2034.196772 -4251.120457 -4282.132458 -4282.066022 -4282.002257 -4281.991982 -4281.990922 -4281.991031 -4281.991304 -4281.991596 -4281.991875 -4281.992133 -4281.992371 -4281.992639 -4281.993434 -4281.999072 -4282.035841 -4282.089523 -4231.249792 -1899.176795 -1464.075654 -1431.712700 -1425.068105 -1423.885306 -1423.701897 -1423.674406 -1423.670838 -1423.671142 -1423.671976 -1423.672734 -1423.673332 -1423.673790 -1423.674141 -1423.674415 -1423.674632 -1423.674808 -1423.674956 -1423.675087 -1423.675216 -1423.675359 -1423.675539 -1423.675787 -1423.676153 -1423.676715 -1423.677599 -1423.679012 -1423.681310 -1423.685115 -1423.691556 -1423.702751 -1423.722789 -1423.759751 -1423.829863 -1423.966388 -1424.240093 -1424.811644 -1426.076551 -1429.083886 -1436.892431 -1460.479847 -9999.0 -9999.0
-9999.0 -9999.0 679.105577 583.987573 487.820119 390.944257 293.736410 196.384623 98.982313 1.583820 -95.773210 -193.069979 -290.234830 -387.119544 -483.468814 -578.931338 -672.957241 -767.761292 -862.012697 -955.390307 -1047.536597 -1129.032407 -1200.270394 -1259.361129 -1306.028218 -1341.344189 -1367.145477 -1385.465460 -1398.173492 -1406.819540 -1412.608634 -1416.435154 -1418.939417 -1420.566668 -1421.619498 -1422.301974 -1422.758433 -1423.128222 -1423.756678 -1426.283313 -1438.277254 -1497.678598 -2034.196772 -4251.120457 -4282.132458 -4282.066022 -4282.002257 -4281.991982 -4281.990922 -4281.991031 -4281.991304 -4281.991596 -4281.991875 -4281.992133 -4281.992371 -4281.992639 -4281.993434 -4281.999072 -4282.035841 -4282.089523 -4231.249792 -1899.176795 -1464.075654 -1431.712700 -1425.068105 -1423.885306 -1423.701897 -1423.674406 -1423.670838 -1423.671142 -1423.671976 -1423.672734 -1423.673332 -1423.673790 -1423.674141 -1423.674415 -1423.674632 -1423.674808 -1423.674956 -1423.675087 -1423.675216 -1423.675359 -1423.675539 -1423.675787 -1423.676153 -1423.676715 -1423.677599 -1423.679012 -1423.681310 -1423.685115 -1423.691556 -1423.702751 -1423.722789 -1423.759751 -1423.829863 -1423.966388 -1424.240093 -1424.811644 -1426.076551 -1429.083886 -1436.892431 -1460.479847 -9999.0 -9999.0
-9999.0 -9999.0 679.107064 583.988352 487.820438 390.944376 293.736454 196.384638 98.982319 1.583822 -95.773209 -193.069979 -290.234830 -387.119544 -483.468814 -578.931338 -672.957241 -767.761292 -862.012697 -955.390307 -1047.536597 -1129.032407 -1200.270394 -1259.361129 -1306.028219 -1341.344189 -1367.145477 -1385.465460 -1398.173492 -1406.819540 -1412.608634 -1416.435154 -1418.939418 -1420.566668 -1421.619498 -1422.301974 -1422.758433 -1423.128222 -1423.756678 -1426.283313 -1438.277254 -1497.678598 -2034.196772 -4251.120457 -4282.132458 -4282.066022 -4282.002257 -4281.991982 -4281.990922 -4281.991031 -4281.991304 -4281.991596 -4281.991875 -4281.992133 -4281.992371 -4281.992639 -4281.993434 -4281.999072 -4282.035841 -4282.089523 -4231.249792 -1899.176795 -1464.075654 -1431.712700 -1425.068105 -1423.885306 -1423.701897 -1423.674406 -1423.670838 -1423.671142 -1423.671976 -1423.672734 -1423.673332 -1423.673790 -1423.674141 -1423.674415 -1423.674632 -1423.674808 -1423.674956 -1423.675087 -1423.675216 -1423.675359 -1423.675539 -1423.675787 -1423.676153 -1423.676715 -1423.677599 -1423.679012 -1423.681310 -1423.685115 -1423.691556 -1423.702751 -1423.722789 -1423.759751 -1423.829863 -1423.966388 -1424.240093 -1424.811644 -1426.076551 -1429.083886 -1436.892431 -1460.479847 -9999.0 -9999.0
-9999.0 -9999.0 679.107064 583.988352 487.820438 390.944376 293.736454 196.384638 98.982319 1.583822 -95.773209 -193.069979 -290.234830 -387.119544 -483.468814 -578.931338 -672.957241 -767.761292 -862.012697 -955.390307 -1047.536597 -1129.032407 -1200.270394 -1259.361129 -1306.028219 -1341.344189 -1367.145477 -1385.465460 -1398.173492 -1406.819540 -1412.608634 -1416.435154 -1418.939418 -1420.566668 -1421.619498 -1422.301974 -1422.758433 -1423.128222 -1423.756678 -1426.283313 -1438.277254 -1497.678598 -2034.196772 -4251.120457 -4282.132458 -4282.066022 -4282.002257 -4281.991982 -4281.990922 -4281.991031 -4281.991304 -4281.991596 -4281.991875 -4281.992133 -4281.992371 -4281.992639 -4281.993434 -4281.999072 -4282.035841 -4282.089523 -4231.249792 -1899.176795 -1464.075654 -1431.712700 -1425.068105 -1423.885306 -1423.701897 -1423.674406 -1423.670838 -1423.671142 -1423.671976 -1423.672734 -1423.673332 -1423.673790 -1423.674141 -1423.674415 -1423.674632 -1423.674808 -1423.674956 -1423.675087 -1423.675216 -1423.675359 -1423.675539 -1423.675787 -1423.676153 -1423.676715 -1423.677599 -1423.679012 -1423.681310 -1423.685115 -1423.691556 -1423.702751 -1423.722789 -1423.759751 -1423.829863 -1423.966388 -1424.240093 -1424.811644 -1426.076551 -1429.083886 -1436.892431 -1460.479847 -9999.0 -9999.0
-9999.0 -9999.0 679.105577 583.987573 487.820120 390.944257 293.736411 196.384623 98.982314 1.583820 -95.773210 -193.069979 -290.234830 -387.119544 -483.468814 -578.931338 -672.957241 -767.761292 -862.012697 -955.390307 -1047.536597 -1129.032407 -1200.270394 -1259.361129 -1306.028218 -1341.344189 -1367.145477 -1385.465460 -1398.173492 -1406.819540 -1412.608634 -1416.435154 -1418.939417 -1420.566668 -1421.619498 -1422.301974 -1422.758433 -1423.128222 -1423.756678 -1426.283313 -1438.277254 -1497.678598 -2034.196772 -4251.120457 -4282.132458 -4282.066022 -4282.002257 -4281.991982 -4281.990922 -4281.991031 -4281.991304 -4281.991596 -4281.991875 -4281.992133 -4281.992371 -4281.992639 -4281.993434 -4281.999072 -4282.035841 -4282.089523 -4231.249792 -1899.176795 -1464.075654 -1431.712700 -1425.068105 -1423.885306 -1423.701897 -1423.674406 -1423.670838 -1423.671142 -1423.671976 -1423.672734 -1423.673332 -1423.673790 -1423.674141 -1423.674415 -1423.674632 -1423.674808 -1423.674956 -1423.675087 -1423.675216 -1423.675359 -1423.675539 -1423.675787 -1423.676153 -1423.676715 -1423.677599 -1423.679012 -1423.681310 -1423.685115 -1423.691556 -1423.702751 -1423.722789 -1423.759751 -1423.829863 -1423.966388 -1424.240093 -1424.811644 -1426.076551 -1429.083886 -1436.892431 -1460.479847 -9999.0 -9999.0
-9999.0 -9999.0 679.100614 583.985966 487.819639 390.944108 293.736362 196.384606 98.982307 1.583818 -95.773211 -193.069979 -290.234831 -387.119544 -483.468814 -578.931338 -672.957240 -767.761292 -862.012697 -955.390307 -1047.536597 -1129.032406 -1200.270394 -1259.361129 -1306.028218 -1341.344188 -1367.145476 -1385.465460 -1398.173491 -1406.819540 -1412.608633 -1416.435154 -1418.939417 -1420.566668 -1421.619498 -1422.301974 -1422.758433 -1423.128222 -1423.756678 -1426.283313 -1438.277254 -1497.678598 -2034.196772 -4251.120457 -4282.132458 -4282.066022 -4282.002257 -4281.991982 -4281.990922 -4281.991031 -4281.991304 -4281.991596 -4281.991875 -4281.992133 -4281.992371 -4281.992639 -4281.993434 -4281.999072 -4282.035841 -4282.089523 -4231.249792 -1899.176795 -1464.075654 -1431.712700 -1425.068105 -1423.885306 -1423.701897 -1423.674406 -1423.670838 -1423.671142 -1423.671976 -1423.672734 -1423.673332 -1423.673790 -1423.674141 -1423.674415 -1423.674632 -1423.674808 -1423.674956 -1423.675087 -1423.675216 -1423.675359 -1423.675539 -1423.675787 -1423.676153 -1423.676715 -1423.677599 -1423.679012 -1423.681310 -1423.685115 -1423.691556 -1423.702751 -1423.722789 -1423.759751 -1423.829863 -1423.966388 -1424.240093 -1424.811644 -1426.076551 -1429.083886 -1436.892431 -1460.479847 -9999.0 -9999.0
-9999.0 -9999.0 -9999.0 -9999.0 -9999.0 -9999.0 -9999.0 -9999.0 -9999.0 -9999.0 -9999.0 -9999.0 -9999.0 -9999.0 -9999.0 -9999.0 -9999.0 -9999.0 -9999.0 -9999.0 -9999.0 -9999.0 -9999.0 -9999.0 -9999.0 -9999.0 -9999.0 -9999.0 -9999.0 -9999.0 -9999.0 -9999.0 -9999.0 -9999.0 -9999.0 -9999.0 -9999.0 -9999.0 -9999.0 -9999.0 -9999.0 -9999.0 -9999.0 -9999.0 -9999.0 -9999.0 -9999.0 -9999.0 -9999.0 -9999.0 -9999.0 -9999.0 -9999.0 -9999.0 -9999.0 -9999.0 -9999.0 -9999.0 -9999.0 -9999.0 -9999.0 -9999.0 -9999.0 -9999.0 -9999.0 -9999.0 -9999.0 -9999.0 -9999.0 -9999.0 -9999.0 -9999.0 -9999.0 -9999.0 -9999.0 -9999.0 -9999.0 -9999.0 -9999.0 -9999.0 -9999.0 -9999.0 -9999.0 -9999.0 -9999.0 -9999.0 -9999.0 -9999.0 -9999.0 -9999.0 -9999.0 -9999.0 -9999.0 -9999.0 -9999.0 -9999.0 -9999.0 -9999.0 -9999.0 -9999.0 -9999.0 -9999.0 -9999.0 -9999.0
-9999.0 -9999.0 -9999.0 -9999.0 -9999.0 -9999.0 -9999.0 -9999.0 -9999.0 -9999.0 -9999.0 -9999.0 -9999.0 -9999.0 -9999.0 -9999.0 -9999.0 -9999.0 -9999.0 -9999.0 -9999.0 -9999.0 -9999.0 -9999.0 -9999.0 -9999.0 -9999.0 -9999.0 -9999.0 -9999.0 -9999.0 -9999.0 -9999.0 -9999.0 -9999.0 -9999.0 -9999.0 -9999.0 -9999.0 -9999.0 -9999.0 -9999.0 -9999.0 -9999.0 -9999.0 -9999.0 -9999.0 -9999.0 -9999.0 -9999.0 -9999.0 -9999.0 -9999.0 -9999.0 -9999.0 -9999.0 -9999.0 -9999.0 -9999.0 -9999.0 -9999.0 -9999.0 -9999.0 -9999.0 -9999.0 -9999.0 -9999.0 -9999.0 -9999.0 -9999.0 -9999.0 -9999.0 -9999.0 -9999.0 -9999.0 -9999.0 -9999.0 -9999.0 -9999.0 -9999.0 -9999.0 -9999.0 -9999.0 -9999.0 -9999.0 -9999.0 -9999.0 -9999.0 -9999.0 -9999.0 -9999.0 -9999.0 -9999.0 -9999.0 -9999.0 -9999.0 -9999.0 -9999.0 -9999.0 -9999.0 -9999.0 -9999.0 -9999.0 -9999.0