inst/processing_geotop_simulation/geotop_simulation/out/maps3D/PwL0019N0314.asc
ncols         104
nrows         10
xllcorner     -2.000000
yllcorner     0.000000
cellsize      1.000000
NODATA_value  -9999.0
-9999.0 -9999.0 -9999.0 -9999.0 -9999.0 -9999.0 -9999.0 -9999.0 -9999.0 -9999.0 -9999.0 -9999.0 -9999.0 -9999.0 -9999.0 -9999.0 -9999.0 -9999.0 -9999.0 -9999.0 -9999.0 -9999.0 -9999.0 -9999.0 -9999.0 -9999.0 -9999.0 -9999.0 -9999.0 -9999.0 -9999.0 -9999.0 -9999.0 -9999.0 -9999.0 -9999.0 -9999.0 -9999.0 -9999.0 -9999.0 -9999.0 -9999.0 -9999.0 -9999.0 -9999.0 -9999.0 -9999.0 -9999.0 -9999.0 -9999.0 -9999.0 -9999.0 -9999.0 -9999.0 -9999.0 -9999.0 -9999.0 -9999.0 -9999.0 -9999.0 -9999.0 -9999.0 -9999.0 -9999.0 -9999.0 -9999.0 -9999.0 -9999.0 -9999.0 -9999.0 -9999.0 -9999.0 -9999.0 -9999.0 -9999.0 -9999.0 -9999.0 -9999.0 -9999.0 -9999.0 -9999.0 -9999.0 -9999.0 -9999.0 -9999.0 -9999.0 -9999.0 -9999.0 -9999.0 -9999.0 -9999.0 -9999.0 -9999.0 -9999.0 -9999.0 -9999.0 -9999.0 -9999.0 -9999.0 -9999.0 -9999.0 -9999.0 -9999.0 -9999.0
-9999.0 -9999.0 -9999.0 -9999.0 -9999.0 -9999.0 -9999.0 -9999.0 -9999.0 -9999.0 -9999.0 -9999.0 -9999.0 -9999.0 -9999.0 -9999.0 -9999.0 -9999.0 -9999.0 -9999.0 -9999.0 -9999.0 -9999.0 -9999.0 -9999.0 -9999.0 -9999.0 -9999.0 -9999.0 -9999.0 -9999.0 -9999.0 -9999.0 -9999.0 -9999.0 -9999.0 -9999.0 -9999.0 -9999.0 -9999.0 -9999.0 -9999.0 -9999.0 -9999.0 -9999.0 -9999.0 -9999.0 -9999.0 -9999.0 -9999.0 -9999.0 -9999.0 -9999.0 -9999.0 -9999.0 -9999.0 -9999.0 -9999.0 -9999.0 -9999.0 -9999.0 -9999.0 -9999.0 -9999.0 -9999.0 -9999.0 -9999.0 -9999.0 -9999.0 -9999.0 -9999.0 -9999.0 -9999.0 -9999.0 -9999.0 -9999.0 -9999.0 -9999.0 -9999.0 -9999.0 -9999.0 -9999.0 -9999.0 -9999.0 -9999.0 -9999.0 -9999.0 -9999.0 -9999.0 -9999.0 -9999.0 -9999.0 -9999.0 -9999.0 -9999.0 -9999.0 -9999.0 -9999.0 -9999.0 -9999.0 -9999.0 -9999.0 -9999.0 -9999.0
-9999.0 -9999.0 920.825686 822.391014 723.808606 625.026053 526.135922 427.197989 328.244945 229.294590 130.356843 31.437948 -67.453769 -166.316595 -265.132494 -363.861639 -462.425715 -560.681797 -658.385319 -755.747118 -853.067268 -949.767246 -1045.591811 -1136.928759 -1219.071557 -1292.068530 -1354.457268 -1405.715807 -1446.280263 -1477.318714 -1500.392654 -1517.142358 -1529.071818 -1537.442763 -1543.250892 -1547.251330 -1550.013886 -1552.031533 -1554.044302 -1558.093475 -1570.319114 -1611.267129 -1887.048388 -3969.132080 -4034.641630 -4034.648397 -4034.508805 -4033.141412 -4027.269569 -4010.160385 -3970.450721 -3884.575801 -3785.934131 -3695.677630 -3590.647695 -3459.055042 -3295.743958 -3106.769749 -2908.322096 -2715.967787 -2497.655137 -1609.079968 -1568.864858 -1561.913328 -1557.501372 -1556.188806 -1555.912580 -1555.863854 -1555.856361 -1555.855744 -1555.856182 -1555.856696 -1555.857130 -1555.857479 -1555.857760 -1555.857990 -1555.858185 -1555.858353 -1555.858504 -1555.858646 -1555.858788 -1555.858943 -1555.859126 -1555.859359 -1555.859678 -1555.860139 -1555.860832 -1555.861909 -1555.863631 -1555.866464 -1555.871264 -1555.879658 -1555.894826 -1555.923143 -1555.977723 -1556.086609 -1556.313282 -1556.811678 -1557.980731 -1560.926588 -1569.038218 -1594.414564 -9999.0 -9999.0
-9999.0 -9999.0 920.828786 822.392181 723.808986 625.026177 526.135964 427.198003 328.244950 229.294592 130.356844 31.437948 -67.453769 -166.316595 -265.132494 -363.861639 -462.425715 -560.681797 -658.385319 -755.747118 -853.067268 -949.767246 -1045.591811 -1136.928759 -1219.071558 -1292.068531 -1354.457269 -1405.715807 -1446.280263 -1477.318715 -1500.392654 -1517.142358 -1529.071818 -1537.442763 -1543.250892 -1547.251330 -1550.013886 -1552.031533 -1554.044302 -1558.093475 -1570.319114 -1611.267129 -1887.048387 -3969.132080 -4034.641630 -4034.648397 -4034.508805 -4033.141412 -4027.269569 -4010.160385 -3970.450720 -3884.575800 -3785.934131 -3695.677629 -3590.647694 -3459.055042 -3295.743957 -3106.769749 -2908.322095 -2715.967787 -2497.655137 -1609.079969 -1568.864858 -1561.913328 -1557.501372 -1556.188806 -1555.912580 -1555.863854 -1555.856361 -1555.855744 -1555.856182 -1555.856696 -1555.857130 -1555.857479 -1555.857760 -1555.857990 -1555.858185 -1555.858353 -1555.858504 -1555.858646 -1555.858788 -1555.858943 -1555.859126 -1555.859359 -1555.859678 -1555.860139 -1555.860832 -1555.861909 -1555.863631 -1555.866464 -1555.871264 -1555.879658 -1555.894826 -1555.923143 -1555.977723 -1556.086609 -1556.313282 -1556.811678 -1557.980731 -1560.926588 -1569.038218 -1594.414564 -9999.0 -9999.0
-9999.0 -9999.0 920.829949 822.392803 723.809247 625.026277 526.136001 427.198016 328.244955 229.294594 130.356845 31.437949 -67.453769 -166.316595 -265.132494 -363.861639 -462.425715 -560.681797 -658.385319 -755.747118 -853.067268 -949.767246 -1045.591812 -1136.928759 -1219.071558 -1292.068531 -1354.457269 -1405.715807 -1446.280263 -1477.318715 -1500.392654 -1517.142358 -1529.071818 -1537.442763 -1543.250892 -1547.251330 -1550.013886 -1552.031533 -1554.044302 -1558.093475 -1570.319114 -1611.267129 -1887.048387 -3969.132080 -4034.641630 -4034.648397 -4034.508805 -4033.141412 -4027.269569 -4010.160385 -3970.450720 -3884.575800 -3785.934131 -3695.677629 -3590.647694 -3459.055041 -3295.743957 -3106.769748 -2908.322095 -2715.967787 -2497.655137 -1609.079968 -1568.864858 -1561.913328 -1557.501372 -1556.188806 -1555.912580 -1555.863854 -1555.856361 -1555.855744 -1555.856182 -1555.856696 -1555.857130 -1555.857479 -1555.857760 -1555.857990 -1555.858185 -1555.858353 -1555.858504 -1555.858646 -1555.858788 -1555.858943 -1555.859126 -1555.859359 -1555.859678 -1555.860139 -1555.860832 -1555.861909 -1555.863631 -1555.866464 -1555.871264 -1555.879658 -1555.894826 -1555.923143 -1555.977723 -1556.086609 -1556.313282 -1556.811678 -1557.980731 -1560.926588 -1569.038218 -1594.414564 -9999.0 -9999.0
-9999.0 -9999.0 920.829949 822.392803 723.809247 625.026277 526.136001 427.198016 328.244955 229.294594 130.356845 31.437948 -67.453768 -166.316595 -265.132494 -363.861639 -462.425715 -560.681797 -658.385319 -755.747118 -853.067268 -949.767246 -1045.591811 -1136.928759 -1219.071558 -1292.068531 -1354.457269 -1405.715807 -1446.280263 -1477.318715 -1500.392654 -1517.142358 -1529.071818 -1537.442763 -1543.250892 -1547.251330 -1550.013886 -1552.031533 -1554.044302 -1558.093475 -1570.319114 -1611.267129 -1887.048387 -3969.132080 -4034.641630 -4034.648397 -4034.508805 -4033.141412 -4027.269569 -4010.160385 -3970.450720 -3884.575800 -3785.934131 -3695.677629 -3590.647694 -3459.055042 -3295.743956 -3106.769749 -2908.322095 -2715.967787 -2497.655137 -1609.079968 -1568.864858 -1561.913328 -1557.501372 -1556.188806 -1555.912580 -1555.863854 -1555.856361 -1555.855744 -1555.856182 -1555.856696 -1555.857130 -1555.857479 -1555.857760 -1555.857990 -1555.858185 -1555.858353 -1555.858504 -1555.858646 -1555.858788 -1555.858943 -1555.859126 -1555.859359 -1555.859678 -1555.860139 -1555.860832 -1555.861909 -1555.863631 -1555.866464 -1555.871264 -1555.879658 -1555.894826 -1555.923143 -1555.977723 -1556.086609 -1556.313282 -1556.811678 -1557.980731 -1560.926588 -1569.038218 -1594.414564 -9999.0 -9999.0
-9999.0 -9999.0 920.828786 822.392181 723.808985 625.026177 526.135964 427.198003 328.244950 229.294592 130.356844 31.437948 -67.453769 -166.316595 -265.132494 -363.861639 -462.425715 -560.681797 -658.385319 -755.747118 -853.067268 -949.767246 -1045.591811 -1136.928759 -1219.071558 -1292.068531 -1354.457269 -1405.715807 -1446.280263 -1477.318715 -1500.392654 -1517.142358 -1529.071818 -1537.442763 -1543.250892 -1547.251330 -1550.013886 -1552.031533 -1554.044302 -1558.093475 -1570.319114 -1611.267129 -1887.048387 -3969.132080 -4034.641630 -4034.648397 -4034.508805 -4033.141412 -4027.269569 -4010.160385 -3970.450720 -3884.575800 -3785.934131 -3695.677629 -3590.647695 -3459.055042 -3295.743957 -3106.769749 -2908.322095 -2715.967787 -2497.655137 -1609.079968 -1568.864858 -1561.913328 -1557.501372 -1556.188806 -1555.912580 -1555.863854 -1555.856361 -1555.855744 -1555.856182 -1555.856696 -1555.857130 -1555.857479 -1555.857760 -1555.857990 -1555.858185 -1555.858353 -1555.858504 -1555.858646 -1555.858788 -1555.858943 -1555.859126 -1555.859359 -1555.859678 -1555.860139 -1555.860832 -1555.861909 -1555.863631 -1555.866464 -1555.871264 -1555.879658 -1555.894826 -1555.923143 -1555.977723 -1556.086609 -1556.313282 -1556.811678 -1557.980731 -1560.926588 -1569.038218 -1594.414564 -9999.0 -9999.0
-9999.0 -9999.0 920.825686 822.391014 723.808606 625.026053 526.135922 427.197988 328.244945 229.294590 130.356843 31.437948 -67.453769 -166.316595 -265.132494 -363.861639 -462.425715 -560.681797 -658.385318 -755.747118 -853.067267 -949.767246 -1045.591811 -1136.928759 -1219.071557 -1292.068530 -1354.457268 -1405.715807 -1446.280263 -1477.318714 -1500.392654 -1517.142358 -1529.071818 -1537.442763 -1543.250892 -1547.251330 -1550.013886 -1552.031533 -1554.044302 -1558.093475 -1570.319114 -1611.267129 -1887.048388 -3969.132080 -4034.641630 -4034.648397 -4034.508805 -4033.141412 -4027.269569 -4010.160385 -3970.450721 -3884.575801 -3785.934131 -3695.677630 -3590.647695 -3459.055043 -3295.743958 -3106.769750 -2908.322095 -2715.967788 -2497.655137 -1609.079968 -1568.864858 -1561.913328 -1557.501372 -1556.188806 -1555.912580 -1555.863854 -1555.856361 -1555.855744 -1555.856182 -1555.856696 -1555.857130 -1555.857479 -1555.857760 -1555.857990 -1555.858185 -1555.858353 -1555.858504 -1555.858646 -1555.858788 -1555.858943 -1555.859126 -1555.859359 -1555.859678 -1555.860139 -1555.860832 -1555.861909 -1555.863631 -1555.866464 -1555.871264 -1555.879658 -1555.894826 -1555.923143 -1555.977723 -1556.086609 -1556.313282 -1556.811678 -1557.980731 -1560.926588 -1569.038218 -1594.414564 -9999.0 -9999.0
-9999.0 -9999.0 -9999.0 -9999.0 -9999.0 -9999.0 -9999.0 -9999.0 -9999.0 -9999.0 -9999.0 -9999.0 -9999.0 -9999.0 -9999.0 -9999.0 -9999.0 -9999.0 -9999.0 -9999.0 -9999.0 -9999.0 -9999.0 -9999.0 -9999.0 -9999.0 -9999.0 -9999.0 -9999.0 -9999.0 -9999.0 -9999.0 -9999.0 -9999.0 -9999.0 -9999.0 -9999.0 -9999.0 -9999.0 -9999.0 -9999.0 -9999.0 -9999.0 -9999.0 -9999.0 -9999.0 -9999.0 -9999.0 -9999.0 -9999.0 -9999.0 -9999.0 -9999.0 -9999.0 -9999.0 -9999.0 -9999.0 -9999.0 -9999.0 -9999.0 -9999.0 -9999.0 -9999.0 -9999.0 -9999.0 -9999.0 -9999.0 -9999.0 -9999.0 -9999.0 -9999.0 -9999.0 -9999.0 -9999.0 -9999.0 -9999.0 -9999.0 -9999.0 -9999.0 -9999.0 -9999.0 -9999.0 -9999.0 -9999.0 -9999.0 -9999.0 -9999.0 -9999.0 -9999.0 -9999.0 -9999.0 -9999.0 -9999.0 -9999.0 -9999.0 -9999.0 -9999.0 -9999.0 -9999.0 -9999.0 -9999.0 -9999.0 -9999.0 -9999.0
-9999.0 -9999.0 -9999.0 -9999.0 -9999.0 -9999.0 -9999.0 -9999.0 -9999.0 -9999.0 -9999.0 -9999.0 -9999.0 -9999.0 -9999.0 -9999.0 -9999.0 -9999.0 -9999.0 -9999.0 -9999.0 -9999.0 -9999.0 -9999.0 -9999.0 -9999.0 -9999.0 -9999.0 -9999.0 -9999.0 -9999.0 -9999.0 -9999.0 -9999.0 -9999.0 -9999.0 -9999.0 -9999.0 -9999.0 -9999.0 -9999.0 -9999.0 -9999.0 -9999.0 -9999.0 -9999.0 -9999.0 -9999.0 -9999.0 -9999.0 -9999.0 -9999.0 -9999.0 -9999.0 -9999.0 -9999.0 -9999.0 -9999.0 -9999.0 -9999.0 -9999.0 -9999.0 -9999.0 -9999.0 -9999.0 -9999.0 -9999.0 -9999.0 -9999.0 -9999.0 -9999.0 -9999.0 -9999.0 -9999.0 -9999.0 -9999.0 -9999.0 -9999.0 -9999.0 -9999.0 -9999.0 -9999.0 -9999.0 -9999.0 -9999.0 -9999.0 -9999.0 -9999.0 -9999.0 -9999.0 -9999.0 -9999.0 -9999.0 -9999.0 -9999.0 -9999.0 -9999.0 -9999.0 -9999.0 -9999.0 -9999.0 -9999.0 -9999.0 -9999.0