inst/processing_geotop_simulation/geotop_simulation/out/maps3D/PwL0019N0375.asc
ncols         104
nrows         10
xllcorner     -2.000000
yllcorner     0.000000
cellsize      1.000000
NODATA_value  -9999.0
-9999.0 -9999.0 -9999.0 -9999.0 -9999.0 -9999.0 -9999.0 -9999.0 -9999.0 -9999.0 -9999.0 -9999.0 -9999.0 -9999.0 -9999.0 -9999.0 -9999.0 -9999.0 -9999.0 -9999.0 -9999.0 -9999.0 -9999.0 -9999.0 -9999.0 -9999.0 -9999.0 -9999.0 -9999.0 -9999.0 -9999.0 -9999.0 -9999.0 -9999.0 -9999.0 -9999.0 -9999.0 -9999.0 -9999.0 -9999.0 -9999.0 -9999.0 -9999.0 -9999.0 -9999.0 -9999.0 -9999.0 -9999.0 -9999.0 -9999.0 -9999.0 -9999.0 -9999.0 -9999.0 -9999.0 -9999.0 -9999.0 -9999.0 -9999.0 -9999.0 -9999.0 -9999.0 -9999.0 -9999.0 -9999.0 -9999.0 -9999.0 -9999.0 -9999.0 -9999.0 -9999.0 -9999.0 -9999.0 -9999.0 -9999.0 -9999.0 -9999.0 -9999.0 -9999.0 -9999.0 -9999.0 -9999.0 -9999.0 -9999.0 -9999.0 -9999.0 -9999.0 -9999.0 -9999.0 -9999.0 -9999.0 -9999.0 -9999.0 -9999.0 -9999.0 -9999.0 -9999.0 -9999.0 -9999.0 -9999.0 -9999.0 -9999.0 -9999.0 -9999.0
-9999.0 -9999.0 -9999.0 -9999.0 -9999.0 -9999.0 -9999.0 -9999.0 -9999.0 -9999.0 -9999.0 -9999.0 -9999.0 -9999.0 -9999.0 -9999.0 -9999.0 -9999.0 -9999.0 -9999.0 -9999.0 -9999.0 -9999.0 -9999.0 -9999.0 -9999.0 -9999.0 -9999.0 -9999.0 -9999.0 -9999.0 -9999.0 -9999.0 -9999.0 -9999.0 -9999.0 -9999.0 -9999.0 -9999.0 -9999.0 -9999.0 -9999.0 -9999.0 -9999.0 -9999.0 -9999.0 -9999.0 -9999.0 -9999.0 -9999.0 -9999.0 -9999.0 -9999.0 -9999.0 -9999.0 -9999.0 -9999.0 -9999.0 -9999.0 -9999.0 -9999.0 -9999.0 -9999.0 -9999.0 -9999.0 -9999.0 -9999.0 -9999.0 -9999.0 -9999.0 -9999.0 -9999.0 -9999.0 -9999.0 -9999.0 -9999.0 -9999.0 -9999.0 -9999.0 -9999.0 -9999.0 -9999.0 -9999.0 -9999.0 -9999.0 -9999.0 -9999.0 -9999.0 -9999.0 -9999.0 -9999.0 -9999.0 -9999.0 -9999.0 -9999.0 -9999.0 -9999.0 -9999.0 -9999.0 -9999.0 -9999.0 -9999.0 -9999.0 -9999.0
-9999.0 -9999.0 919.482309 820.625185 721.659681 622.547898 523.357616 424.132568 324.896670 225.662951 126.438677 27.228529 -71.961336 -171.130435 -270.267716 -369.348979 -468.327727 -567.118729 -665.571799 -763.803049 -861.983754 -959.740072 -1056.856543 -1150.782895 -1237.792057 -1317.152689 -1387.039058 -1446.326330 -1494.786842 -1533.041667 -1562.319266 -1584.143639 -1600.063592 -1611.476828 -1619.549131 -1625.203959 -1629.161834 -1632.049849 -1634.723075 -1639.137433 -1649.826682 -1677.316198 -1869.381351 -3940.875388 -4034.623458 -4034.633599 -4034.156141 -4029.877813 -4013.002651 -3969.098743 -3882.937054 -3733.592545 -3593.499053 -3481.936800 -3365.008006 -3231.751525 -3080.116228 -2916.826650 -2753.067972 -2596.006546 -2407.361073 -1608.195645 -1633.735773 -1641.499375 -1639.243685 -1638.108147 -1637.822187 -1637.766406 -1637.757178 -1637.756193 -1637.756534 -1637.757013 -1637.757437 -1637.757791 -1637.758088 -1637.758342 -1637.758567 -1637.758771 -1637.758961 -1637.759146 -1637.759334 -1637.759536 -1637.759765 -1637.760043 -1637.760400 -1637.760887 -1637.761587 -1637.762636 -1637.764273 -1637.766921 -1637.771365 -1637.779103 -1637.793076 -1637.819207 -1637.869803 -1637.971538 -1638.185726 -1638.663138 -1639.799928 -1642.716162 -1650.910788 -1676.821149 -9999.0 -9999.0
-9999.0 -9999.0 919.485264 820.626297 721.660043 622.548016 523.357656 424.132582 324.896675 225.662954 126.438678 27.228529 -71.961336 -171.130435 -270.267716 -369.348979 -468.327727 -567.118729 -665.571800 -763.803049 -861.983754 -959.740072 -1056.856544 -1150.782895 -1237.792057 -1317.152689 -1387.039058 -1446.326330 -1494.786843 -1533.041667 -1562.319266 -1584.143639 -1600.063592 -1611.476828 -1619.549131 -1625.203959 -1629.161834 -1632.049849 -1634.723075 -1639.137433 -1649.826682 -1677.316198 -1869.381350 -3940.875388 -4034.623458 -4034.633599 -4034.156141 -4029.877813 -4013.002651 -3969.098742 -3882.937052 -3733.592544 -3593.499053 -3481.936800 -3365.008005 -3231.751525 -3080.116227 -2916.826650 -2753.067972 -2596.006546 -2407.361073 -1608.195645 -1633.735773 -1641.499375 -1639.243685 -1638.108147 -1637.822187 -1637.766406 -1637.757178 -1637.756193 -1637.756534 -1637.757013 -1637.757437 -1637.757791 -1637.758088 -1637.758342 -1637.758567 -1637.758771 -1637.758961 -1637.759146 -1637.759334 -1637.759536 -1637.759765 -1637.760043 -1637.760400 -1637.760887 -1637.761587 -1637.762636 -1637.764273 -1637.766921 -1637.771365 -1637.779103 -1637.793076 -1637.819207 -1637.869803 -1637.971538 -1638.185726 -1638.663138 -1639.799928 -1642.716162 -1650.910788 -1676.821149 -9999.0 -9999.0
-9999.0 -9999.0 919.486372 820.626890 721.660293 622.548112 523.357691 424.132595 324.896680 225.662956 126.438679 27.228530 -71.961336 -171.130434 -270.267716 -369.348979 -468.327728 -567.118729 -665.571800 -763.803049 -861.983754 -959.740073 -1056.856544 -1150.782895 -1237.792057 -1317.152689 -1387.039058 -1446.326330 -1494.786843 -1533.041667 -1562.319266 -1584.143639 -1600.063592 -1611.476828 -1619.549131 -1625.203959 -1629.161834 -1632.049849 -1634.723075 -1639.137433 -1649.826682 -1677.316198 -1869.381350 -3940.875388 -4034.623458 -4034.633599 -4034.156141 -4029.877813 -4013.002651 -3969.098742 -3882.937051 -3733.592544 -3593.499053 -3481.936799 -3365.008005 -3231.751524 -3080.116227 -2916.826649 -2753.067972 -2596.006545 -2407.361073 -1608.195645 -1633.735773 -1641.499375 -1639.243685 -1638.108147 -1637.822187 -1637.766406 -1637.757178 -1637.756193 -1637.756534 -1637.757013 -1637.757437 -1637.757791 -1637.758088 -1637.758342 -1637.758567 -1637.758771 -1637.758961 -1637.759146 -1637.759334 -1637.759536 -1637.759765 -1637.760043 -1637.760400 -1637.760887 -1637.761587 -1637.762636 -1637.764273 -1637.766921 -1637.771365 -1637.779103 -1637.793076 -1637.819207 -1637.869803 -1637.971538 -1638.185726 -1638.663138 -1639.799928 -1642.716162 -1650.910788 -1676.821149 -9999.0 -9999.0
-9999.0 -9999.0 919.486372 820.626890 721.660292 622.548112 523.357691 424.132595 324.896680 225.662956 126.438679 27.228530 -71.961336 -171.130435 -270.267716 -369.348979 -468.327727 -567.118729 -665.571800 -763.803049 -861.983754 -959.740073 -1056.856544 -1150.782895 -1237.792057 -1317.152689 -1387.039058 -1446.326330 -1494.786843 -1533.041667 -1562.319266 -1584.143639 -1600.063592 -1611.476828 -1619.549131 -1625.203959 -1629.161834 -1632.049849 -1634.723075 -1639.137433 -1649.826682 -1677.316198 -1869.381350 -3940.875388 -4034.623458 -4034.633599 -4034.156141 -4029.877813 -4013.002651 -3969.098742 -3882.937051 -3733.592544 -3593.499053 -3481.936799 -3365.008005 -3231.751525 -3080.116227 -2916.826650 -2753.067971 -2596.006546 -2407.361073 -1608.195645 -1633.735773 -1641.499375 -1639.243685 -1638.108147 -1637.822187 -1637.766406 -1637.757178 -1637.756193 -1637.756534 -1637.757013 -1637.757437 -1637.757791 -1637.758088 -1637.758342 -1637.758567 -1637.758771 -1637.758961 -1637.759146 -1637.759334 -1637.759536 -1637.759765 -1637.760043 -1637.760400 -1637.760887 -1637.761587 -1637.762636 -1637.764273 -1637.766921 -1637.771365 -1637.779103 -1637.793076 -1637.819207 -1637.869803 -1637.971538 -1638.185726 -1638.663138 -1639.799928 -1642.716162 -1650.910788 -1676.821149 -9999.0 -9999.0
-9999.0 -9999.0 919.485264 820.626297 721.660043 622.548016 523.357656 424.132582 324.896675 225.662954 126.438678 27.228530 -71.961336 -171.130435 -270.267716 -369.348979 -468.327727 -567.118729 -665.571800 -763.803049 -861.983754 -959.740072 -1056.856544 -1150.782895 -1237.792057 -1317.152689 -1387.039058 -1446.326330 -1494.786843 -1533.041667 -1562.319266 -1584.143639 -1600.063592 -1611.476828 -1619.549131 -1625.203959 -1629.161834 -1632.049849 -1634.723075 -1639.137433 -1649.826682 -1677.316198 -1869.381350 -3940.875388 -4034.623458 -4034.633599 -4034.156141 -4029.877813 -4013.002651 -3969.098742 -3882.937052 -3733.592544 -3593.499053 -3481.936799 -3365.008006 -3231.751525 -3080.116227 -2916.826650 -2753.067972 -2596.006546 -2407.361073 -1608.195645 -1633.735773 -1641.499375 -1639.243685 -1638.108147 -1637.822187 -1637.766406 -1637.757178 -1637.756193 -1637.756534 -1637.757013 -1637.757437 -1637.757791 -1637.758088 -1637.758342 -1637.758567 -1637.758771 -1637.758961 -1637.759146 -1637.759334 -1637.759536 -1637.759765 -1637.760043 -1637.760400 -1637.760887 -1637.761587 -1637.762636 -1637.764273 -1637.766921 -1637.771365 -1637.779103 -1637.793076 -1637.819207 -1637.869803 -1637.971538 -1638.185726 -1638.663138 -1639.799928 -1642.716162 -1650.910788 -1676.821149 -9999.0 -9999.0
-9999.0 -9999.0 919.482309 820.625185 721.659681 622.547898 523.357616 424.132568 324.896670 225.662951 126.438677 27.228529 -71.961336 -171.130435 -270.267716 -369.348979 -468.327727 -567.118729 -665.571799 -763.803049 -861.983754 -959.740072 -1056.856543 -1150.782895 -1237.792056 -1317.152689 -1387.039058 -1446.326330 -1494.786842 -1533.041667 -1562.319266 -1584.143639 -1600.063592 -1611.476828 -1619.549131 -1625.203959 -1629.161834 -1632.049849 -1634.723075 -1639.137433 -1649.826682 -1677.316198 -1869.381351 -3940.875388 -4034.623458 -4034.633599 -4034.156141 -4029.877813 -4013.002651 -3969.098743 -3882.937054 -3733.592545 -3593.499053 -3481.936800 -3365.008006 -3231.751526 -3080.116228 -2916.826650 -2753.067972 -2596.006546 -2407.361073 -1608.195645 -1633.735773 -1641.499375 -1639.243685 -1638.108147 -1637.822187 -1637.766406 -1637.757178 -1637.756193 -1637.756534 -1637.757013 -1637.757437 -1637.757791 -1637.758088 -1637.758342 -1637.758567 -1637.758771 -1637.758961 -1637.759146 -1637.759334 -1637.759536 -1637.759765 -1637.760043 -1637.760400 -1637.760887 -1637.761587 -1637.762636 -1637.764273 -1637.766921 -1637.771365 -1637.779103 -1637.793076 -1637.819207 -1637.869803 -1637.971538 -1638.185726 -1638.663138 -1639.799928 -1642.716162 -1650.910788 -1676.821149 -9999.0 -9999.0
-9999.0 -9999.0 -9999.0 -9999.0 -9999.0 -9999.0 -9999.0 -9999.0 -9999.0 -9999.0 -9999.0 -9999.0 -9999.0 -9999.0 -9999.0 -9999.0 -9999.0 -9999.0 -9999.0 -9999.0 -9999.0 -9999.0 -9999.0 -9999.0 -9999.0 -9999.0 -9999.0 -9999.0 -9999.0 -9999.0 -9999.0 -9999.0 -9999.0 -9999.0 -9999.0 -9999.0 -9999.0 -9999.0 -9999.0 -9999.0 -9999.0 -9999.0 -9999.0 -9999.0 -9999.0 -9999.0 -9999.0 -9999.0 -9999.0 -9999.0 -9999.0 -9999.0 -9999.0 -9999.0 -9999.0 -9999.0 -9999.0 -9999.0 -9999.0 -9999.0 -9999.0 -9999.0 -9999.0 -9999.0 -9999.0 -9999.0 -9999.0 -9999.0 -9999.0 -9999.0 -9999.0 -9999.0 -9999.0 -9999.0 -9999.0 -9999.0 -9999.0 -9999.0 -9999.0 -9999.0 -9999.0 -9999.0 -9999.0 -9999.0 -9999.0 -9999.0 -9999.0 -9999.0 -9999.0 -9999.0 -9999.0 -9999.0 -9999.0 -9999.0 -9999.0 -9999.0 -9999.0 -9999.0 -9999.0 -9999.0 -9999.0 -9999.0 -9999.0 -9999.0
-9999.0 -9999.0 -9999.0 -9999.0 -9999.0 -9999.0 -9999.0 -9999.0 -9999.0 -9999.0 -9999.0 -9999.0 -9999.0 -9999.0 -9999.0 -9999.0 -9999.0 -9999.0 -9999.0 -9999.0 -9999.0 -9999.0 -9999.0 -9999.0 -9999.0 -9999.0 -9999.0 -9999.0 -9999.0 -9999.0 -9999.0 -9999.0 -9999.0 -9999.0 -9999.0 -9999.0 -9999.0 -9999.0 -9999.0 -9999.0 -9999.0 -9999.0 -9999.0 -9999.0 -9999.0 -9999.0 -9999.0 -9999.0 -9999.0 -9999.0 -9999.0 -9999.0 -9999.0 -9999.0 -9999.0 -9999.0 -9999.0 -9999.0 -9999.0 -9999.0 -9999.0 -9999.0 -9999.0 -9999.0 -9999.0 -9999.0 -9999.0 -9999.0 -9999.0 -9999.0 -9999.0 -9999.0 -9999.0 -9999.0 -9999.0 -9999.0 -9999.0 -9999.0 -9999.0 -9999.0 -9999.0 -9999.0 -9999.0 -9999.0 -9999.0 -9999.0 -9999.0 -9999.0 -9999.0 -9999.0 -9999.0 -9999.0 -9999.0 -9999.0 -9999.0 -9999.0 -9999.0 -9999.0 -9999.0 -9999.0 -9999.0 -9999.0 -9999.0 -9999.0