inst/processing_geotop_simulation/geotop_simulation/out/maps3D/PwL0018N0424.asc
ncols         104
nrows         10
xllcorner     -2.000000
yllcorner     0.000000
cellsize      1.000000
NODATA_value  -9999.0
-9999.0 -9999.0 -9999.0 -9999.0 -9999.0 -9999.0 -9999.0 -9999.0 -9999.0 -9999.0 -9999.0 -9999.0 -9999.0 -9999.0 -9999.0 -9999.0 -9999.0 -9999.0 -9999.0 -9999.0 -9999.0 -9999.0 -9999.0 -9999.0 -9999.0 -9999.0 -9999.0 -9999.0 -9999.0 -9999.0 -9999.0 -9999.0 -9999.0 -9999.0 -9999.0 -9999.0 -9999.0 -9999.0 -9999.0 -9999.0 -9999.0 -9999.0 -9999.0 -9999.0 -9999.0 -9999.0 -9999.0 -9999.0 -9999.0 -9999.0 -9999.0 -9999.0 -9999.0 -9999.0 -9999.0 -9999.0 -9999.0 -9999.0 -9999.0 -9999.0 -9999.0 -9999.0 -9999.0 -9999.0 -9999.0 -9999.0 -9999.0 -9999.0 -9999.0 -9999.0 -9999.0 -9999.0 -9999.0 -9999.0 -9999.0 -9999.0 -9999.0 -9999.0 -9999.0 -9999.0 -9999.0 -9999.0 -9999.0 -9999.0 -9999.0 -9999.0 -9999.0 -9999.0 -9999.0 -9999.0 -9999.0 -9999.0 -9999.0 -9999.0 -9999.0 -9999.0 -9999.0 -9999.0 -9999.0 -9999.0 -9999.0 -9999.0 -9999.0 -9999.0
-9999.0 -9999.0 -9999.0 -9999.0 -9999.0 -9999.0 -9999.0 -9999.0 -9999.0 -9999.0 -9999.0 -9999.0 -9999.0 -9999.0 -9999.0 -9999.0 -9999.0 -9999.0 -9999.0 -9999.0 -9999.0 -9999.0 -9999.0 -9999.0 -9999.0 -9999.0 -9999.0 -9999.0 -9999.0 -9999.0 -9999.0 -9999.0 -9999.0 -9999.0 -9999.0 -9999.0 -9999.0 -9999.0 -9999.0 -9999.0 -9999.0 -9999.0 -9999.0 -9999.0 -9999.0 -9999.0 -9999.0 -9999.0 -9999.0 -9999.0 -9999.0 -9999.0 -9999.0 -9999.0 -9999.0 -9999.0 -9999.0 -9999.0 -9999.0 -9999.0 -9999.0 -9999.0 -9999.0 -9999.0 -9999.0 -9999.0 -9999.0 -9999.0 -9999.0 -9999.0 -9999.0 -9999.0 -9999.0 -9999.0 -9999.0 -9999.0 -9999.0 -9999.0 -9999.0 -9999.0 -9999.0 -9999.0 -9999.0 -9999.0 -9999.0 -9999.0 -9999.0 -9999.0 -9999.0 -9999.0 -9999.0 -9999.0 -9999.0 -9999.0 -9999.0 -9999.0 -9999.0 -9999.0 -9999.0 -9999.0 -9999.0 -9999.0 -9999.0 -9999.0
-9999.0 -9999.0 869.228771 770.201090 671.057360 571.784523 472.444606 373.075268 273.696688 174.319753 74.950505 -24.405632 -123.745549 -223.067463 -322.358601 -421.596830 -520.741054 -619.718624 -718.407542 -817.183637 -915.739881 -1013.950665 -1111.612143 -1204.789267 -1292.842035 -1373.655086 -1445.371751 -1506.765415 -1557.456723 -1597.904608 -1629.203304 -1652.791687 -1670.183908 -1682.782201 -1691.781070 -1698.144113 -1702.635661 -1705.927293 -1708.899679 -1713.315790 -1722.021462 -1736.791376 -1920.790276 -3996.804817 -4084.143116 -4084.157300 -4084.132768 -4083.911882 -4083.008150 -4080.407914 -4074.109716 -4058.403093 -4036.052777 -4010.900878 -3975.120843 -3918.833229 -3828.206746 -3689.865004 -3501.475263 -3276.763187 -2948.263009 -1670.082374 -1692.855613 -1713.966005 -1713.826540 -1712.919212 -1712.642310 -1712.583504 -1712.573227 -1712.572000 -1712.572282 -1712.572744 -1712.573167 -1712.573529 -1712.573841 -1712.574115 -1712.574363 -1712.574594 -1712.574815 -1712.575032 -1712.575254 -1712.575491 -1712.575755 -1712.576067 -1712.576456 -1712.576968 -1712.577681 -1712.578724 -1712.580320 -1712.582869 -1712.587111 -1712.594464 -1712.607717 -1712.632513 -1712.680630 -1712.777779 -1712.983534 -1713.445559 -1714.555954 -1717.440595 -1725.663901 -1751.864358 -9999.0 -9999.0
-9999.0 -9999.0 869.231836 770.202212 671.057719 571.784639 472.444645 373.075282 273.696693 174.319756 74.950506 -24.405632 -123.745549 -223.067463 -322.358601 -421.596830 -520.741054 -619.718624 -718.407543 -817.183637 -915.739881 -1013.950665 -1111.612143 -1204.789267 -1292.842035 -1373.655086 -1445.371751 -1506.765416 -1557.456723 -1597.904608 -1629.203304 -1652.791687 -1670.183908 -1682.782201 -1691.781070 -1698.144113 -1702.635661 -1705.927293 -1708.899679 -1713.315790 -1722.021462 -1736.791376 -1920.790275 -3996.804817 -4084.143116 -4084.157300 -4084.132768 -4083.911882 -4083.008150 -4080.407914 -4074.109716 -4058.403093 -4036.052777 -4010.900878 -3975.120842 -3918.833229 -3828.206745 -3689.865004 -3501.475262 -3276.763187 -2948.263010 -1670.082374 -1692.855613 -1713.966005 -1713.826540 -1712.919212 -1712.642310 -1712.583504 -1712.573227 -1712.572000 -1712.572282 -1712.572744 -1712.573167 -1712.573529 -1712.573840 -1712.574115 -1712.574363 -1712.574594 -1712.574815 -1712.575032 -1712.575254 -1712.575491 -1712.575755 -1712.576067 -1712.576455 -1712.576968 -1712.577681 -1712.578724 -1712.580320 -1712.582869 -1712.587111 -1712.594464 -1712.607717 -1712.632513 -1712.680630 -1712.777779 -1712.983534 -1713.445559 -1714.555954 -1717.440595 -1725.663901 -1751.864358 -9999.0 -9999.0
-9999.0 -9999.0 869.232940 770.202799 671.057965 571.784733 472.444679 373.075294 273.696697 174.319757 74.950507 -24.405631 -123.745549 -223.067463 -322.358601 -421.596830 -520.741054 -619.718624 -718.407543 -817.183637 -915.739881 -1013.950666 -1111.612143 -1204.789267 -1292.842035 -1373.655086 -1445.371751 -1506.765416 -1557.456723 -1597.904609 -1629.203304 -1652.791687 -1670.183908 -1682.782201 -1691.781070 -1698.144113 -1702.635661 -1705.927293 -1708.899679 -1713.315790 -1722.021462 -1736.791376 -1920.790275 -3996.804817 -4084.143116 -4084.157300 -4084.132768 -4083.911882 -4083.008150 -4080.407914 -4074.109716 -4058.403093 -4036.052777 -4010.900878 -3975.120842 -3918.833229 -3828.206745 -3689.865003 -3501.475262 -3276.763186 -2948.263009 -1670.082374 -1692.855613 -1713.966005 -1713.826540 -1712.919212 -1712.642310 -1712.583504 -1712.573227 -1712.572000 -1712.572282 -1712.572744 -1712.573167 -1712.573529 -1712.573840 -1712.574115 -1712.574363 -1712.574594 -1712.574815 -1712.575032 -1712.575254 -1712.575491 -1712.575755 -1712.576067 -1712.576455 -1712.576968 -1712.577681 -1712.578724 -1712.580320 -1712.582869 -1712.587111 -1712.594464 -1712.607717 -1712.632513 -1712.680630 -1712.777779 -1712.983534 -1713.445559 -1714.555954 -1717.440595 -1725.663901 -1751.864358 -9999.0 -9999.0
-9999.0 -9999.0 869.232940 770.202799 671.057965 571.784733 472.444679 373.075294 273.696697 174.319757 74.950507 -24.405631 -123.745549 -223.067463 -322.358601 -421.596830 -520.741054 -619.718624 -718.407543 -817.183637 -915.739881 -1013.950666 -1111.612143 -1204.789267 -1292.842035 -1373.655086 -1445.371751 -1506.765416 -1557.456723 -1597.904609 -1629.203304 -1652.791687 -1670.183908 -1682.782201 -1691.781070 -1698.144113 -1702.635661 -1705.927293 -1708.899679 -1713.315790 -1722.021462 -1736.791376 -1920.790275 -3996.804817 -4084.143116 -4084.157300 -4084.132768 -4083.911882 -4083.008150 -4080.407914 -4074.109716 -4058.403093 -4036.052777 -4010.900878 -3975.120842 -3918.833229 -3828.206745 -3689.865003 -3501.475261 -3276.763187 -2948.263009 -1670.082374 -1692.855613 -1713.966005 -1713.826540 -1712.919212 -1712.642310 -1712.583504 -1712.573227 -1712.572000 -1712.572282 -1712.572744 -1712.573167 -1712.573529 -1712.573840 -1712.574115 -1712.574363 -1712.574594 -1712.574815 -1712.575032 -1712.575254 -1712.575491 -1712.575755 -1712.576067 -1712.576455 -1712.576968 -1712.577681 -1712.578724 -1712.580320 -1712.582869 -1712.587111 -1712.594464 -1712.607717 -1712.632513 -1712.680630 -1712.777779 -1712.983534 -1713.445559 -1714.555954 -1717.440595 -1725.663901 -1751.864358 -9999.0 -9999.0
-9999.0 -9999.0 869.231836 770.202212 671.057719 571.784639 472.444645 373.075282 273.696693 174.319755 74.950506 -24.405632 -123.745549 -223.067463 -322.358601 -421.596830 -520.741054 -619.718624 -718.407543 -817.183637 -915.739881 -1013.950665 -1111.612143 -1204.789267 -1292.842035 -1373.655086 -1445.371751 -1506.765416 -1557.456723 -1597.904608 -1629.203304 -1652.791687 -1670.183908 -1682.782201 -1691.781070 -1698.144113 -1702.635661 -1705.927293 -1708.899679 -1713.315790 -1722.021462 -1736.791376 -1920.790275 -3996.804817 -4084.143116 -4084.157300 -4084.132768 -4083.911882 -4083.008150 -4080.407914 -4074.109716 -4058.403093 -4036.052777 -4010.900878 -3975.120842 -3918.833229 -3828.206746 -3689.865003 -3501.475262 -3276.763187 -2948.263010 -1670.082374 -1692.855613 -1713.966005 -1713.826540 -1712.919212 -1712.642310 -1712.583504 -1712.573227 -1712.572000 -1712.572282 -1712.572744 -1712.573167 -1712.573529 -1712.573840 -1712.574115 -1712.574363 -1712.574594 -1712.574815 -1712.575032 -1712.575254 -1712.575491 -1712.575755 -1712.576067 -1712.576455 -1712.576968 -1712.577681 -1712.578724 -1712.580320 -1712.582869 -1712.587111 -1712.594464 -1712.607717 -1712.632513 -1712.680630 -1712.777779 -1712.983534 -1713.445559 -1714.555954 -1717.440595 -1725.663901 -1751.864358 -9999.0 -9999.0
-9999.0 -9999.0 869.228771 770.201090 671.057360 571.784523 472.444606 373.075268 273.696688 174.319753 74.950505 -24.405632 -123.745549 -223.067463 -322.358601 -421.596830 -520.741054 -619.718624 -718.407542 -817.183637 -915.739881 -1013.950665 -1111.612143 -1204.789267 -1292.842035 -1373.655086 -1445.371751 -1506.765415 -1557.456723 -1597.904608 -1629.203304 -1652.791687 -1670.183908 -1682.782201 -1691.781070 -1698.144113 -1702.635661 -1705.927293 -1708.899679 -1713.315790 -1722.021462 -1736.791376 -1920.790276 -3996.804817 -4084.143116 -4084.157300 -4084.132768 -4083.911882 -4083.008150 -4080.407914 -4074.109716 -4058.403093 -4036.052777 -4010.900878 -3975.120842 -3918.833229 -3828.206746 -3689.865004 -3501.475262 -3276.763188 -2948.263010 -1670.082374 -1692.855613 -1713.966005 -1713.826540 -1712.919212 -1712.642310 -1712.583504 -1712.573227 -1712.572000 -1712.572282 -1712.572744 -1712.573167 -1712.573529 -1712.573841 -1712.574115 -1712.574363 -1712.574594 -1712.574815 -1712.575032 -1712.575254 -1712.575491 -1712.575755 -1712.576067 -1712.576456 -1712.576968 -1712.577681 -1712.578724 -1712.580320 -1712.582869 -1712.587111 -1712.594464 -1712.607717 -1712.632513 -1712.680630 -1712.777779 -1712.983534 -1713.445559 -1714.555954 -1717.440595 -1725.663901 -1751.864358 -9999.0 -9999.0
-9999.0 -9999.0 -9999.0 -9999.0 -9999.0 -9999.0 -9999.0 -9999.0 -9999.0 -9999.0 -9999.0 -9999.0 -9999.0 -9999.0 -9999.0 -9999.0 -9999.0 -9999.0 -9999.0 -9999.0 -9999.0 -9999.0 -9999.0 -9999.0 -9999.0 -9999.0 -9999.0 -9999.0 -9999.0 -9999.0 -9999.0 -9999.0 -9999.0 -9999.0 -9999.0 -9999.0 -9999.0 -9999.0 -9999.0 -9999.0 -9999.0 -9999.0 -9999.0 -9999.0 -9999.0 -9999.0 -9999.0 -9999.0 -9999.0 -9999.0 -9999.0 -9999.0 -9999.0 -9999.0 -9999.0 -9999.0 -9999.0 -9999.0 -9999.0 -9999.0 -9999.0 -9999.0 -9999.0 -9999.0 -9999.0 -9999.0 -9999.0 -9999.0 -9999.0 -9999.0 -9999.0 -9999.0 -9999.0 -9999.0 -9999.0 -9999.0 -9999.0 -9999.0 -9999.0 -9999.0 -9999.0 -9999.0 -9999.0 -9999.0 -9999.0 -9999.0 -9999.0 -9999.0 -9999.0 -9999.0 -9999.0 -9999.0 -9999.0 -9999.0 -9999.0 -9999.0 -9999.0 -9999.0 -9999.0 -9999.0 -9999.0 -9999.0 -9999.0 -9999.0
-9999.0 -9999.0 -9999.0 -9999.0 -9999.0 -9999.0 -9999.0 -9999.0 -9999.0 -9999.0 -9999.0 -9999.0 -9999.0 -9999.0 -9999.0 -9999.0 -9999.0 -9999.0 -9999.0 -9999.0 -9999.0 -9999.0 -9999.0 -9999.0 -9999.0 -9999.0 -9999.0 -9999.0 -9999.0 -9999.0 -9999.0 -9999.0 -9999.0 -9999.0 -9999.0 -9999.0 -9999.0 -9999.0 -9999.0 -9999.0 -9999.0 -9999.0 -9999.0 -9999.0 -9999.0 -9999.0 -9999.0 -9999.0 -9999.0 -9999.0 -9999.0 -9999.0 -9999.0 -9999.0 -9999.0 -9999.0 -9999.0 -9999.0 -9999.0 -9999.0 -9999.0 -9999.0 -9999.0 -9999.0 -9999.0 -9999.0 -9999.0 -9999.0 -9999.0 -9999.0 -9999.0 -9999.0 -9999.0 -9999.0 -9999.0 -9999.0 -9999.0 -9999.0 -9999.0 -9999.0 -9999.0 -9999.0 -9999.0 -9999.0 -9999.0 -9999.0 -9999.0 -9999.0 -9999.0 -9999.0 -9999.0 -9999.0 -9999.0 -9999.0 -9999.0 -9999.0 -9999.0 -9999.0 -9999.0 -9999.0 -9999.0 -9999.0 -9999.0 -9999.0