inst/processing_geotop_simulation/geotop_simulation/out/maps3D/PwL0004N0095.asc
ncols         104
nrows         10
xllcorner     -2.000000
yllcorner     0.000000
cellsize      1.000000
NODATA_value  -9999.0
-9999.0 -9999.0 -9999.0 -9999.0 -9999.0 -9999.0 -9999.0 -9999.0 -9999.0 -9999.0 -9999.0 -9999.0 -9999.0 -9999.0 -9999.0 -9999.0 -9999.0 -9999.0 -9999.0 -9999.0 -9999.0 -9999.0 -9999.0 -9999.0 -9999.0 -9999.0 -9999.0 -9999.0 -9999.0 -9999.0 -9999.0 -9999.0 -9999.0 -9999.0 -9999.0 -9999.0 -9999.0 -9999.0 -9999.0 -9999.0 -9999.0 -9999.0 -9999.0 -9999.0 -9999.0 -9999.0 -9999.0 -9999.0 -9999.0 -9999.0 -9999.0 -9999.0 -9999.0 -9999.0 -9999.0 -9999.0 -9999.0 -9999.0 -9999.0 -9999.0 -9999.0 -9999.0 -9999.0 -9999.0 -9999.0 -9999.0 -9999.0 -9999.0 -9999.0 -9999.0 -9999.0 -9999.0 -9999.0 -9999.0 -9999.0 -9999.0 -9999.0 -9999.0 -9999.0 -9999.0 -9999.0 -9999.0 -9999.0 -9999.0 -9999.0 -9999.0 -9999.0 -9999.0 -9999.0 -9999.0 -9999.0 -9999.0 -9999.0 -9999.0 -9999.0 -9999.0 -9999.0 -9999.0 -9999.0 -9999.0 -9999.0 -9999.0 -9999.0 -9999.0
-9999.0 -9999.0 -9999.0 -9999.0 -9999.0 -9999.0 -9999.0 -9999.0 -9999.0 -9999.0 -9999.0 -9999.0 -9999.0 -9999.0 -9999.0 -9999.0 -9999.0 -9999.0 -9999.0 -9999.0 -9999.0 -9999.0 -9999.0 -9999.0 -9999.0 -9999.0 -9999.0 -9999.0 -9999.0 -9999.0 -9999.0 -9999.0 -9999.0 -9999.0 -9999.0 -9999.0 -9999.0 -9999.0 -9999.0 -9999.0 -9999.0 -9999.0 -9999.0 -9999.0 -9999.0 -9999.0 -9999.0 -9999.0 -9999.0 -9999.0 -9999.0 -9999.0 -9999.0 -9999.0 -9999.0 -9999.0 -9999.0 -9999.0 -9999.0 -9999.0 -9999.0 -9999.0 -9999.0 -9999.0 -9999.0 -9999.0 -9999.0 -9999.0 -9999.0 -9999.0 -9999.0 -9999.0 -9999.0 -9999.0 -9999.0 -9999.0 -9999.0 -9999.0 -9999.0 -9999.0 -9999.0 -9999.0 -9999.0 -9999.0 -9999.0 -9999.0 -9999.0 -9999.0 -9999.0 -9999.0 -9999.0 -9999.0 -9999.0 -9999.0 -9999.0 -9999.0 -9999.0 -9999.0 -9999.0 -9999.0 -9999.0 -9999.0 -9999.0 -9999.0
-9999.0 -9999.0 184.211304 97.522554 4.615242 -90.066378 -185.447664 -281.172625 -377.195619 -473.772775 -573.888863 -703.652186 -855.400979 -976.101273 -1081.134525 -1176.163829 -1256.685675 -1306.508179 -1325.881830 -1329.325303 -1326.422281 -1322.419890 -1319.582057 -1318.559311 -1319.225308 -1321.122023 -1323.691715 -1326.425579 -1328.958360 -1331.095290 -1332.780452 -1334.043913 -1334.955256 -1335.592374 -1336.025427 -1336.312844 -1336.509901 -1336.684607 -1336.907860 -1337.626493 -1343.446648 -1371.506349 -925.807233 -928.688346 -911.593184 -901.131870 -896.258782 -895.603992 -895.539287 -895.551981 -895.576718 -895.602950 -895.628116 -895.651394 -895.672785 -895.695648 -895.753611 -896.136745 -898.700225 -904.559303 -914.281541 -899.878673 -1353.342760 -1341.169852 -1337.599367 -1337.068762 -1336.976184 -1336.959752 -1336.958841 -1336.960810 -1336.962916 -1336.964631 -1336.965938 -1336.966923 -1336.967673 -1336.968253 -1336.968711 -1336.969079 -1336.969383 -1336.969649 -1336.969906 -1336.970185 -1336.970533 -1336.971010 -1336.971713 -1336.972789 -1336.974475 -1336.977160 -1336.981493 -1336.988593 -1337.000446 -1337.020708 -1337.056335 -1337.120909 -1337.241367 -1337.471392 -1337.918102 -1338.798119 -1340.571370 -1344.305612 -1352.763827 -1375.045528 -9999.0 -9999.0
-9999.0 -9999.0 184.222335 97.524832 4.615824 -90.066209 -185.447611 -281.172608 -377.195614 -473.772773 -573.888863 -703.652186 -855.400979 -976.101273 -1081.134525 -1176.163829 -1256.685675 -1306.508179 -1325.881830 -1329.325303 -1326.422281 -1322.419890 -1319.582057 -1318.559311 -1319.225308 -1321.122023 -1323.691715 -1326.425579 -1328.958360 -1331.095290 -1332.780452 -1334.043913 -1334.955256 -1335.592374 -1336.025427 -1336.312844 -1336.509901 -1336.684607 -1336.907860 -1337.626493 -1343.446648 -1371.506349 -925.807233 -928.688346 -911.593184 -901.131869 -896.258782 -895.603992 -895.539287 -895.551981 -895.576718 -895.602950 -895.628116 -895.651394 -895.672785 -895.695648 -895.753611 -896.136745 -898.700225 -904.559303 -914.281541 -899.878673 -1353.342760 -1341.169852 -1337.599367 -1337.068762 -1336.976184 -1336.959752 -1336.958841 -1336.960810 -1336.962916 -1336.964631 -1336.965938 -1336.966923 -1336.967673 -1336.968253 -1336.968711 -1336.969079 -1336.969383 -1336.969649 -1336.969906 -1336.970185 -1336.970533 -1336.971010 -1336.971713 -1336.972789 -1336.974475 -1336.977160 -1336.981493 -1336.988593 -1337.000446 -1337.020708 -1337.056335 -1337.120909 -1337.241367 -1337.471392 -1337.918102 -1338.798119 -1340.571370 -1344.305612 -1352.763827 -1375.045528 -9999.0 -9999.0
-9999.0 -9999.0 184.223891 97.525754 4.616190 -90.066076 -185.447564 -281.172591 -377.195608 -473.772771 -573.888862 -703.652186 -855.400980 -976.101273 -1081.134525 -1176.163829 -1256.685675 -1306.508179 -1325.881830 -1329.325303 -1326.422281 -1322.419890 -1319.582057 -1318.559311 -1319.225308 -1321.122023 -1323.691715 -1326.425579 -1328.958360 -1331.095290 -1332.780452 -1334.043913 -1334.955256 -1335.592374 -1336.025427 -1336.312844 -1336.509901 -1336.684607 -1336.907860 -1337.626493 -1343.446648 -1371.506349 -925.807233 -928.688346 -911.593184 -901.131869 -896.258782 -895.603992 -895.539287 -895.551981 -895.576718 -895.602950 -895.628116 -895.651394 -895.672785 -895.695648 -895.753611 -896.136745 -898.700225 -904.559303 -914.281541 -899.878673 -1353.342760 -1341.169852 -1337.599367 -1337.068762 -1336.976184 -1336.959752 -1336.958841 -1336.960810 -1336.962916 -1336.964631 -1336.965938 -1336.966923 -1336.967673 -1336.968253 -1336.968711 -1336.969079 -1336.969383 -1336.969649 -1336.969906 -1336.970185 -1336.970533 -1336.971010 -1336.971713 -1336.972789 -1336.974475 -1336.977160 -1336.981493 -1336.988593 -1337.000446 -1337.020708 -1337.056335 -1337.120909 -1337.241367 -1337.471392 -1337.918102 -1338.798119 -1340.571370 -1344.305612 -1352.763827 -1375.045528 -9999.0 -9999.0
-9999.0 -9999.0 184.223891 97.525753 4.616191 -90.066076 -185.447564 -281.172591 -377.195608 -473.772772 -573.888862 -703.652186 -855.400980 -976.101273 -1081.134525 -1176.163829 -1256.685675 -1306.508179 -1325.881830 -1329.325303 -1326.422281 -1322.419890 -1319.582057 -1318.559311 -1319.225308 -1321.122023 -1323.691715 -1326.425579 -1328.958360 -1331.095290 -1332.780452 -1334.043913 -1334.955256 -1335.592374 -1336.025427 -1336.312844 -1336.509901 -1336.684607 -1336.907860 -1337.626493 -1343.446648 -1371.506349 -925.807233 -928.688346 -911.593184 -901.131869 -896.258782 -895.603992 -895.539287 -895.551981 -895.576718 -895.602950 -895.628116 -895.651394 -895.672785 -895.695648 -895.753611 -896.136745 -898.700225 -904.559303 -914.281541 -899.878673 -1353.342760 -1341.169852 -1337.599367 -1337.068762 -1336.976184 -1336.959752 -1336.958841 -1336.960810 -1336.962916 -1336.964631 -1336.965938 -1336.966923 -1336.967673 -1336.968253 -1336.968711 -1336.969079 -1336.969383 -1336.969649 -1336.969906 -1336.970185 -1336.970533 -1336.971010 -1336.971713 -1336.972789 -1336.974475 -1336.977160 -1336.981493 -1336.988593 -1337.000446 -1337.020708 -1337.056335 -1337.120909 -1337.241367 -1337.471392 -1337.918102 -1338.798119 -1340.571370 -1344.305612 -1352.763827 -1375.045528 -9999.0 -9999.0
-9999.0 -9999.0 184.222335 97.524832 4.615824 -90.066209 -185.447611 -281.172608 -377.195614 -473.772773 -573.888863 -703.652186 -855.400979 -976.101273 -1081.134525 -1176.163829 -1256.685675 -1306.508179 -1325.881830 -1329.325303 -1326.422281 -1322.419890 -1319.582057 -1318.559311 -1319.225308 -1321.122023 -1323.691715 -1326.425579 -1328.958360 -1331.095290 -1332.780452 -1334.043913 -1334.955256 -1335.592374 -1336.025427 -1336.312844 -1336.509901 -1336.684607 -1336.907860 -1337.626493 -1343.446648 -1371.506349 -925.807233 -928.688346 -911.593184 -901.131869 -896.258782 -895.603992 -895.539287 -895.551981 -895.576718 -895.602950 -895.628116 -895.651394 -895.672785 -895.695648 -895.753611 -896.136745 -898.700225 -904.559303 -914.281541 -899.878673 -1353.342760 -1341.169852 -1337.599367 -1337.068762 -1336.976184 -1336.959752 -1336.958841 -1336.960810 -1336.962916 -1336.964631 -1336.965938 -1336.966923 -1336.967673 -1336.968253 -1336.968711 -1336.969079 -1336.969383 -1336.969649 -1336.969906 -1336.970185 -1336.970533 -1336.971010 -1336.971713 -1336.972789 -1336.974475 -1336.977160 -1336.981493 -1336.988593 -1337.000446 -1337.020708 -1337.056335 -1337.120909 -1337.241367 -1337.471392 -1337.918102 -1338.798119 -1340.571370 -1344.305612 -1352.763827 -1375.045528 -9999.0 -9999.0
-9999.0 -9999.0 184.211304 97.522554 4.615242 -90.066378 -185.447664 -281.172625 -377.195619 -473.772775 -573.888863 -703.652186 -855.400979 -976.101273 -1081.134525 -1176.163829 -1256.685675 -1306.508179 -1325.881830 -1329.325303 -1326.422281 -1322.419890 -1319.582057 -1318.559311 -1319.225308 -1321.122023 -1323.691715 -1326.425579 -1328.958360 -1331.095290 -1332.780452 -1334.043913 -1334.955256 -1335.592374 -1336.025427 -1336.312844 -1336.509901 -1336.684607 -1336.907860 -1337.626493 -1343.446648 -1371.506349 -925.807233 -928.688346 -911.593184 -901.131870 -896.258782 -895.603992 -895.539287 -895.551981 -895.576718 -895.602950 -895.628116 -895.651394 -895.672785 -895.695648 -895.753611 -896.136745 -898.700225 -904.559303 -914.281541 -899.878673 -1353.342760 -1341.169852 -1337.599367 -1337.068762 -1336.976184 -1336.959752 -1336.958841 -1336.960810 -1336.962916 -1336.964631 -1336.965938 -1336.966923 -1336.967673 -1336.968253 -1336.968711 -1336.969079 -1336.969383 -1336.969649 -1336.969906 -1336.970185 -1336.970533 -1336.971010 -1336.971713 -1336.972789 -1336.974475 -1336.977160 -1336.981493 -1336.988593 -1337.000446 -1337.020708 -1337.056335 -1337.120909 -1337.241367 -1337.471392 -1337.918102 -1338.798119 -1340.571370 -1344.305612 -1352.763827 -1375.045528 -9999.0 -9999.0
-9999.0 -9999.0 -9999.0 -9999.0 -9999.0 -9999.0 -9999.0 -9999.0 -9999.0 -9999.0 -9999.0 -9999.0 -9999.0 -9999.0 -9999.0 -9999.0 -9999.0 -9999.0 -9999.0 -9999.0 -9999.0 -9999.0 -9999.0 -9999.0 -9999.0 -9999.0 -9999.0 -9999.0 -9999.0 -9999.0 -9999.0 -9999.0 -9999.0 -9999.0 -9999.0 -9999.0 -9999.0 -9999.0 -9999.0 -9999.0 -9999.0 -9999.0 -9999.0 -9999.0 -9999.0 -9999.0 -9999.0 -9999.0 -9999.0 -9999.0 -9999.0 -9999.0 -9999.0 -9999.0 -9999.0 -9999.0 -9999.0 -9999.0 -9999.0 -9999.0 -9999.0 -9999.0 -9999.0 -9999.0 -9999.0 -9999.0 -9999.0 -9999.0 -9999.0 -9999.0 -9999.0 -9999.0 -9999.0 -9999.0 -9999.0 -9999.0 -9999.0 -9999.0 -9999.0 -9999.0 -9999.0 -9999.0 -9999.0 -9999.0 -9999.0 -9999.0 -9999.0 -9999.0 -9999.0 -9999.0 -9999.0 -9999.0 -9999.0 -9999.0 -9999.0 -9999.0 -9999.0 -9999.0 -9999.0 -9999.0 -9999.0 -9999.0 -9999.0 -9999.0
-9999.0 -9999.0 -9999.0 -9999.0 -9999.0 -9999.0 -9999.0 -9999.0 -9999.0 -9999.0 -9999.0 -9999.0 -9999.0 -9999.0 -9999.0 -9999.0 -9999.0 -9999.0 -9999.0 -9999.0 -9999.0 -9999.0 -9999.0 -9999.0 -9999.0 -9999.0 -9999.0 -9999.0 -9999.0 -9999.0 -9999.0 -9999.0 -9999.0 -9999.0 -9999.0 -9999.0 -9999.0 -9999.0 -9999.0 -9999.0 -9999.0 -9999.0 -9999.0 -9999.0 -9999.0 -9999.0 -9999.0 -9999.0 -9999.0 -9999.0 -9999.0 -9999.0 -9999.0 -9999.0 -9999.0 -9999.0 -9999.0 -9999.0 -9999.0 -9999.0 -9999.0 -9999.0 -9999.0 -9999.0 -9999.0 -9999.0 -9999.0 -9999.0 -9999.0 -9999.0 -9999.0 -9999.0 -9999.0 -9999.0 -9999.0 -9999.0 -9999.0 -9999.0 -9999.0 -9999.0 -9999.0 -9999.0 -9999.0 -9999.0 -9999.0 -9999.0 -9999.0 -9999.0 -9999.0 -9999.0 -9999.0 -9999.0 -9999.0 -9999.0 -9999.0 -9999.0 -9999.0 -9999.0 -9999.0 -9999.0 -9999.0 -9999.0 -9999.0 -9999.0