inst/processing_geotop_simulation/geotop_simulation/out/maps3D/PwL0022N0086.asc
ncols         104
nrows         10
xllcorner     -2.000000
yllcorner     0.000000
cellsize      1.000000
NODATA_value  -9999.0
-9999.0 -9999.0 -9999.0 -9999.0 -9999.0 -9999.0 -9999.0 -9999.0 -9999.0 -9999.0 -9999.0 -9999.0 -9999.0 -9999.0 -9999.0 -9999.0 -9999.0 -9999.0 -9999.0 -9999.0 -9999.0 -9999.0 -9999.0 -9999.0 -9999.0 -9999.0 -9999.0 -9999.0 -9999.0 -9999.0 -9999.0 -9999.0 -9999.0 -9999.0 -9999.0 -9999.0 -9999.0 -9999.0 -9999.0 -9999.0 -9999.0 -9999.0 -9999.0 -9999.0 -9999.0 -9999.0 -9999.0 -9999.0 -9999.0 -9999.0 -9999.0 -9999.0 -9999.0 -9999.0 -9999.0 -9999.0 -9999.0 -9999.0 -9999.0 -9999.0 -9999.0 -9999.0 -9999.0 -9999.0 -9999.0 -9999.0 -9999.0 -9999.0 -9999.0 -9999.0 -9999.0 -9999.0 -9999.0 -9999.0 -9999.0 -9999.0 -9999.0 -9999.0 -9999.0 -9999.0 -9999.0 -9999.0 -9999.0 -9999.0 -9999.0 -9999.0 -9999.0 -9999.0 -9999.0 -9999.0 -9999.0 -9999.0 -9999.0 -9999.0 -9999.0 -9999.0 -9999.0 -9999.0 -9999.0 -9999.0 -9999.0 -9999.0 -9999.0 -9999.0
-9999.0 -9999.0 -9999.0 -9999.0 -9999.0 -9999.0 -9999.0 -9999.0 -9999.0 -9999.0 -9999.0 -9999.0 -9999.0 -9999.0 -9999.0 -9999.0 -9999.0 -9999.0 -9999.0 -9999.0 -9999.0 -9999.0 -9999.0 -9999.0 -9999.0 -9999.0 -9999.0 -9999.0 -9999.0 -9999.0 -9999.0 -9999.0 -9999.0 -9999.0 -9999.0 -9999.0 -9999.0 -9999.0 -9999.0 -9999.0 -9999.0 -9999.0 -9999.0 -9999.0 -9999.0 -9999.0 -9999.0 -9999.0 -9999.0 -9999.0 -9999.0 -9999.0 -9999.0 -9999.0 -9999.0 -9999.0 -9999.0 -9999.0 -9999.0 -9999.0 -9999.0 -9999.0 -9999.0 -9999.0 -9999.0 -9999.0 -9999.0 -9999.0 -9999.0 -9999.0 -9999.0 -9999.0 -9999.0 -9999.0 -9999.0 -9999.0 -9999.0 -9999.0 -9999.0 -9999.0 -9999.0 -9999.0 -9999.0 -9999.0 -9999.0 -9999.0 -9999.0 -9999.0 -9999.0 -9999.0 -9999.0 -9999.0 -9999.0 -9999.0 -9999.0 -9999.0 -9999.0 -9999.0 -9999.0 -9999.0 -9999.0 -9999.0 -9999.0 -9999.0
-9999.0 -9999.0 1067.966418 968.838207 869.632075 770.360579 671.145279 572.056163 473.151354 374.478607 276.082600 178.071996 80.469863 -16.726368 -113.614263 -210.634766 -308.629610 -408.686349 -511.387661 -615.720828 -718.270333 -811.625014 -893.117575 -964.782520 -1026.996488 -1015.696637 -1004.286171 -995.174364 -988.633335 -984.234097 -981.425462 -979.722616 -978.751146 -978.241602 -978.009748 -977.937417 -977.962154 -978.076626 -978.369122 -979.836787 -990.964400 -1086.523017 -1681.900379 -3422.017256 -3885.939143 -3885.899201 -3869.879818 -3693.466830 -3296.204376 -2893.123834 -2575.986098 -2318.365055 -2173.163122 -2084.558700 -2005.371954 -1925.308788 -1841.538273 -1755.245251 -1669.589098 -1587.298275 -1504.582424 -1254.272074 -1051.952585 -987.068752 -979.483548 -978.633444 -978.512401 -978.492000 -978.490035 -978.491551 -978.493399 -978.494949 -978.496145 -978.497054 -978.497750 -978.498292 -978.498722 -978.499069 -978.499358 -978.499614 -978.499862 -978.500135 -978.500476 -978.500947 -978.501642 -978.502706 -978.504378 -978.507044 -978.511359 -978.518454 -978.530361 -978.550842 -978.587113 -978.653353 -978.777891 -979.018080 -979.493122 -980.468217 -982.610493 -987.815002 -1001.603083 -1038.030203 -9999.0 -9999.0
-9999.0 -9999.0 1067.967834 968.838773 869.632270 770.360645 671.145300 572.056170 473.151356 374.478607 276.082600 178.071996 80.469863 -16.726367 -113.614263 -210.634766 -308.629610 -408.686349 -511.387661 -615.720829 -718.270334 -811.625014 -893.117575 -964.782520 -1026.996488 -1015.696637 -1004.286171 -995.174364 -988.633335 -984.234097 -981.425462 -979.722616 -978.751146 -978.241602 -978.009748 -977.937417 -977.962154 -978.076626 -978.369122 -979.836787 -990.964400 -1086.523017 -1681.900378 -3422.017255 -3885.939143 -3885.899201 -3869.879818 -3693.466830 -3296.204375 -2893.123831 -2575.986094 -2318.365054 -2173.163122 -2084.558700 -2005.371953 -1925.308788 -1841.538272 -1755.245250 -1669.589098 -1587.298275 -1504.582424 -1254.272074 -1051.952585 -987.068752 -979.483548 -978.633444 -978.512401 -978.492000 -978.490035 -978.491551 -978.493399 -978.494949 -978.496145 -978.497054 -978.497750 -978.498292 -978.498722 -978.499069 -978.499358 -978.499614 -978.499862 -978.500135 -978.500476 -978.500947 -978.501642 -978.502706 -978.504378 -978.507044 -978.511359 -978.518454 -978.530361 -978.550842 -978.587113 -978.653353 -978.777891 -979.018080 -979.493122 -980.468217 -982.610493 -987.815002 -1001.603083 -1038.030203 -9999.0 -9999.0
-9999.0 -9999.0 1067.968424 968.839090 869.632407 770.360699 671.145320 572.056177 473.151358 374.478608 276.082601 178.071996 80.469863 -16.726367 -113.614263 -210.634766 -308.629610 -408.686349 -511.387661 -615.720829 -718.270334 -811.625014 -893.117575 -964.782520 -1026.996488 -1015.696637 -1004.286171 -995.174364 -988.633335 -984.234097 -981.425462 -979.722616 -978.751146 -978.241602 -978.009748 -977.937417 -977.962154 -978.076626 -978.369122 -979.836787 -990.964400 -1086.523017 -1681.900378 -3422.017254 -3885.939143 -3885.899201 -3869.879818 -3693.466829 -3296.204375 -2893.123828 -2575.986092 -2318.365053 -2173.163122 -2084.558699 -2005.371953 -1925.308788 -1841.538272 -1755.245250 -1669.589098 -1587.298274 -1504.582424 -1254.272074 -1051.952585 -987.068752 -979.483548 -978.633444 -978.512401 -978.492000 -978.490035 -978.491551 -978.493399 -978.494949 -978.496145 -978.497054 -978.497750 -978.498292 -978.498722 -978.499069 -978.499358 -978.499614 -978.499862 -978.500135 -978.500476 -978.500947 -978.501642 -978.502706 -978.504378 -978.507044 -978.511359 -978.518454 -978.530361 -978.550842 -978.587113 -978.653353 -978.777891 -979.018080 -979.493122 -980.468217 -982.610493 -987.815002 -1001.603083 -1038.030203 -9999.0 -9999.0
-9999.0 -9999.0 1067.968424 968.839090 869.632407 770.360699 671.145320 572.056177 473.151358 374.478608 276.082600 178.071996 80.469863 -16.726367 -113.614263 -210.634766 -308.629610 -408.686349 -511.387661 -615.720829 -718.270334 -811.625014 -893.117575 -964.782520 -1026.996488 -1015.696637 -1004.286171 -995.174364 -988.633335 -984.234097 -981.425462 -979.722616 -978.751146 -978.241602 -978.009748 -977.937417 -977.962154 -978.076626 -978.369122 -979.836787 -990.964400 -1086.523017 -1681.900378 -3422.017254 -3885.939143 -3885.899201 -3869.879818 -3693.466829 -3296.204375 -2893.123829 -2575.986092 -2318.365053 -2173.163122 -2084.558700 -2005.371953 -1925.308788 -1841.538272 -1755.245250 -1669.589098 -1587.298274 -1504.582424 -1254.272074 -1051.952585 -987.068752 -979.483548 -978.633444 -978.512401 -978.492000 -978.490035 -978.491551 -978.493399 -978.494949 -978.496145 -978.497054 -978.497750 -978.498292 -978.498722 -978.499069 -978.499358 -978.499614 -978.499862 -978.500135 -978.500476 -978.500947 -978.501642 -978.502706 -978.504378 -978.507044 -978.511359 -978.518454 -978.530361 -978.550842 -978.587113 -978.653353 -978.777891 -979.018080 -979.493122 -980.468217 -982.610493 -987.815002 -1001.603083 -1038.030203 -9999.0 -9999.0
-9999.0 -9999.0 1067.967834 968.838773 869.632270 770.360645 671.145300 572.056170 473.151356 374.478607 276.082600 178.071996 80.469863 -16.726368 -113.614263 -210.634766 -308.629610 -408.686349 -511.387661 -615.720829 -718.270334 -811.625014 -893.117575 -964.782520 -1026.996488 -1015.696637 -1004.286171 -995.174364 -988.633335 -984.234097 -981.425462 -979.722616 -978.751146 -978.241602 -978.009748 -977.937417 -977.962154 -978.076626 -978.369122 -979.836787 -990.964400 -1086.523017 -1681.900378 -3422.017254 -3885.939143 -3885.899201 -3869.879818 -3693.466829 -3296.204375 -2893.123830 -2575.986094 -2318.365054 -2173.163122 -2084.558700 -2005.371954 -1925.308788 -1841.538272 -1755.245250 -1669.589098 -1587.298274 -1504.582424 -1254.272074 -1051.952585 -987.068752 -979.483548 -978.633444 -978.512401 -978.492000 -978.490035 -978.491551 -978.493399 -978.494949 -978.496145 -978.497054 -978.497750 -978.498292 -978.498722 -978.499069 -978.499358 -978.499614 -978.499862 -978.500135 -978.500476 -978.500947 -978.501642 -978.502706 -978.504378 -978.507044 -978.511359 -978.518454 -978.530361 -978.550842 -978.587113 -978.653353 -978.777891 -979.018080 -979.493122 -980.468217 -982.610493 -987.815002 -1001.603083 -1038.030203 -9999.0 -9999.0
-9999.0 -9999.0 1067.966419 968.838207 869.632075 770.360579 671.145279 572.056163 473.151354 374.478607 276.082600 178.071996 80.469862 -16.726368 -113.614264 -210.634766 -308.629610 -408.686349 -511.387661 -615.720828 -718.270333 -811.625014 -893.117575 -964.782520 -1026.996488 -1015.696637 -1004.286171 -995.174364 -988.633335 -984.234097 -981.425462 -979.722616 -978.751146 -978.241602 -978.009748 -977.937417 -977.962154 -978.076626 -978.369122 -979.836787 -990.964400 -1086.523017 -1681.900379 -3422.017256 -3885.939143 -3885.899201 -3869.879818 -3693.466830 -3296.204376 -2893.123835 -2575.986098 -2318.365055 -2173.163122 -2084.558700 -2005.371954 -1925.308789 -1841.538273 -1755.245251 -1669.589098 -1587.298275 -1504.582424 -1254.272074 -1051.952585 -987.068752 -979.483548 -978.633444 -978.512401 -978.492000 -978.490035 -978.491551 -978.493399 -978.494949 -978.496145 -978.497054 -978.497750 -978.498292 -978.498722 -978.499069 -978.499358 -978.499614 -978.499862 -978.500135 -978.500476 -978.500947 -978.501642 -978.502706 -978.504378 -978.507044 -978.511359 -978.518454 -978.530361 -978.550842 -978.587113 -978.653353 -978.777891 -979.018080 -979.493122 -980.468217 -982.610493 -987.815002 -1001.603083 -1038.030203 -9999.0 -9999.0
-9999.0 -9999.0 -9999.0 -9999.0 -9999.0 -9999.0 -9999.0 -9999.0 -9999.0 -9999.0 -9999.0 -9999.0 -9999.0 -9999.0 -9999.0 -9999.0 -9999.0 -9999.0 -9999.0 -9999.0 -9999.0 -9999.0 -9999.0 -9999.0 -9999.0 -9999.0 -9999.0 -9999.0 -9999.0 -9999.0 -9999.0 -9999.0 -9999.0 -9999.0 -9999.0 -9999.0 -9999.0 -9999.0 -9999.0 -9999.0 -9999.0 -9999.0 -9999.0 -9999.0 -9999.0 -9999.0 -9999.0 -9999.0 -9999.0 -9999.0 -9999.0 -9999.0 -9999.0 -9999.0 -9999.0 -9999.0 -9999.0 -9999.0 -9999.0 -9999.0 -9999.0 -9999.0 -9999.0 -9999.0 -9999.0 -9999.0 -9999.0 -9999.0 -9999.0 -9999.0 -9999.0 -9999.0 -9999.0 -9999.0 -9999.0 -9999.0 -9999.0 -9999.0 -9999.0 -9999.0 -9999.0 -9999.0 -9999.0 -9999.0 -9999.0 -9999.0 -9999.0 -9999.0 -9999.0 -9999.0 -9999.0 -9999.0 -9999.0 -9999.0 -9999.0 -9999.0 -9999.0 -9999.0 -9999.0 -9999.0 -9999.0 -9999.0 -9999.0 -9999.0
-9999.0 -9999.0 -9999.0 -9999.0 -9999.0 -9999.0 -9999.0 -9999.0 -9999.0 -9999.0 -9999.0 -9999.0 -9999.0 -9999.0 -9999.0 -9999.0 -9999.0 -9999.0 -9999.0 -9999.0 -9999.0 -9999.0 -9999.0 -9999.0 -9999.0 -9999.0 -9999.0 -9999.0 -9999.0 -9999.0 -9999.0 -9999.0 -9999.0 -9999.0 -9999.0 -9999.0 -9999.0 -9999.0 -9999.0 -9999.0 -9999.0 -9999.0 -9999.0 -9999.0 -9999.0 -9999.0 -9999.0 -9999.0 -9999.0 -9999.0 -9999.0 -9999.0 -9999.0 -9999.0 -9999.0 -9999.0 -9999.0 -9999.0 -9999.0 -9999.0 -9999.0 -9999.0 -9999.0 -9999.0 -9999.0 -9999.0 -9999.0 -9999.0 -9999.0 -9999.0 -9999.0 -9999.0 -9999.0 -9999.0 -9999.0 -9999.0 -9999.0 -9999.0 -9999.0 -9999.0 -9999.0 -9999.0 -9999.0 -9999.0 -9999.0 -9999.0 -9999.0 -9999.0 -9999.0 -9999.0 -9999.0 -9999.0 -9999.0 -9999.0 -9999.0 -9999.0 -9999.0 -9999.0 -9999.0 -9999.0 -9999.0 -9999.0 -9999.0 -9999.0