inst/processing_geotop_simulation/geotop_simulation/out/maps3D/PwL0016N0246.asc
ncols         104
nrows         10
xllcorner     -2.000000
yllcorner     0.000000
cellsize      1.000000
NODATA_value  -9999.0
-9999.0 -9999.0 -9999.0 -9999.0 -9999.0 -9999.0 -9999.0 -9999.0 -9999.0 -9999.0 -9999.0 -9999.0 -9999.0 -9999.0 -9999.0 -9999.0 -9999.0 -9999.0 -9999.0 -9999.0 -9999.0 -9999.0 -9999.0 -9999.0 -9999.0 -9999.0 -9999.0 -9999.0 -9999.0 -9999.0 -9999.0 -9999.0 -9999.0 -9999.0 -9999.0 -9999.0 -9999.0 -9999.0 -9999.0 -9999.0 -9999.0 -9999.0 -9999.0 -9999.0 -9999.0 -9999.0 -9999.0 -9999.0 -9999.0 -9999.0 -9999.0 -9999.0 -9999.0 -9999.0 -9999.0 -9999.0 -9999.0 -9999.0 -9999.0 -9999.0 -9999.0 -9999.0 -9999.0 -9999.0 -9999.0 -9999.0 -9999.0 -9999.0 -9999.0 -9999.0 -9999.0 -9999.0 -9999.0 -9999.0 -9999.0 -9999.0 -9999.0 -9999.0 -9999.0 -9999.0 -9999.0 -9999.0 -9999.0 -9999.0 -9999.0 -9999.0 -9999.0 -9999.0 -9999.0 -9999.0 -9999.0 -9999.0 -9999.0 -9999.0 -9999.0 -9999.0 -9999.0 -9999.0 -9999.0 -9999.0 -9999.0 -9999.0 -9999.0 -9999.0
-9999.0 -9999.0 -9999.0 -9999.0 -9999.0 -9999.0 -9999.0 -9999.0 -9999.0 -9999.0 -9999.0 -9999.0 -9999.0 -9999.0 -9999.0 -9999.0 -9999.0 -9999.0 -9999.0 -9999.0 -9999.0 -9999.0 -9999.0 -9999.0 -9999.0 -9999.0 -9999.0 -9999.0 -9999.0 -9999.0 -9999.0 -9999.0 -9999.0 -9999.0 -9999.0 -9999.0 -9999.0 -9999.0 -9999.0 -9999.0 -9999.0 -9999.0 -9999.0 -9999.0 -9999.0 -9999.0 -9999.0 -9999.0 -9999.0 -9999.0 -9999.0 -9999.0 -9999.0 -9999.0 -9999.0 -9999.0 -9999.0 -9999.0 -9999.0 -9999.0 -9999.0 -9999.0 -9999.0 -9999.0 -9999.0 -9999.0 -9999.0 -9999.0 -9999.0 -9999.0 -9999.0 -9999.0 -9999.0 -9999.0 -9999.0 -9999.0 -9999.0 -9999.0 -9999.0 -9999.0 -9999.0 -9999.0 -9999.0 -9999.0 -9999.0 -9999.0 -9999.0 -9999.0 -9999.0 -9999.0 -9999.0 -9999.0 -9999.0 -9999.0 -9999.0 -9999.0 -9999.0 -9999.0 -9999.0 -9999.0 -9999.0 -9999.0 -9999.0 -9999.0
-9999.0 -9999.0 774.623975 677.461541 579.825813 481.792601 383.563590 285.249131 186.906175 88.564878 -9.755007 -108.038423 -206.274322 -304.412242 -402.353403 -499.931998 -596.853879 -692.677956 -789.028671 -884.818434 -979.791043 -1073.676240 -1157.423728 -1232.108201 -1295.840744 -1347.900180 -1388.732773 -1419.633903 -1442.318405 -1458.556333 -1469.944374 -1477.802505 -1483.157207 -1486.771876 -1489.196074 -1490.818229 -1491.918867 -1492.751905 -1493.816585 -1496.971638 -1509.273869 -1560.782102 -2008.429778 -4142.005723 -4183.164924 -4183.168209 -4183.168149 -4183.168139 -4183.168137 -4183.168132 -4183.168118 -4183.168076 -4183.168003 -4183.167906 -4183.167740 -4183.167409 -4183.166662 -4183.164803 -4183.159798 -4183.138271 -4113.568819 -1865.451171 -1523.069844 -1501.590094 -1495.726236 -1494.433208 -1494.204998 -1494.168834 -1494.163766 -1494.163664 -1494.164282 -1494.164893 -1494.165385 -1494.165766 -1494.166062 -1494.166295 -1494.166481 -1494.166635 -1494.166766 -1494.166884 -1494.167000 -1494.167129 -1494.167289 -1494.167506 -1494.167823 -1494.168305 -1494.169058 -1494.170260 -1494.172212 -1494.175451 -1494.180953 -1494.190563 -1494.207862 -1494.239962 -1494.301280 -1494.421890 -1494.667621 -1495.192970 -1496.388629 -1499.314208 -1507.150162 -1531.414533 -9999.0 -9999.0
-9999.0 -9999.0 774.628063 677.462952 579.826250 481.792740 383.563636 285.249147 186.906181 88.564880 -9.755006 -108.038422 -206.274322 -304.412242 -402.353403 -499.931998 -596.853879 -692.677956 -789.028671 -884.818435 -979.791043 -1073.676240 -1157.423728 -1232.108202 -1295.840744 -1347.900181 -1388.732773 -1419.633903 -1442.318405 -1458.556333 -1469.944374 -1477.802505 -1483.157207 -1486.771876 -1489.196074 -1490.818229 -1491.918867 -1492.751905 -1493.816585 -1496.971638 -1509.273869 -1560.782102 -2008.429778 -4142.005723 -4183.164924 -4183.168209 -4183.168149 -4183.168139 -4183.168137 -4183.168132 -4183.168118 -4183.168076 -4183.168003 -4183.167906 -4183.167740 -4183.167409 -4183.166662 -4183.164803 -4183.159798 -4183.138271 -4113.568819 -1865.451171 -1523.069844 -1501.590094 -1495.726236 -1494.433208 -1494.204998 -1494.168834 -1494.163766 -1494.163664 -1494.164282 -1494.164893 -1494.165385 -1494.165766 -1494.166062 -1494.166295 -1494.166481 -1494.166635 -1494.166766 -1494.166884 -1494.167000 -1494.167129 -1494.167289 -1494.167506 -1494.167823 -1494.168305 -1494.169058 -1494.170260 -1494.172212 -1494.175451 -1494.180953 -1494.190563 -1494.207862 -1494.239962 -1494.301280 -1494.421890 -1494.667621 -1495.192970 -1496.388629 -1499.314208 -1507.150162 -1531.414533 -9999.0 -9999.0
-9999.0 -9999.0 774.629412 677.463663 579.826544 481.792850 383.563677 285.249161 186.906187 88.564882 -9.755006 -108.038422 -206.274322 -304.412242 -402.353403 -499.931998 -596.853879 -692.677956 -789.028671 -884.818435 -979.791043 -1073.676240 -1157.423728 -1232.108202 -1295.840745 -1347.900181 -1388.732773 -1419.633904 -1442.318405 -1458.556333 -1469.944374 -1477.802505 -1483.157207 -1486.771876 -1489.196074 -1490.818229 -1491.918867 -1492.751905 -1493.816585 -1496.971638 -1509.273869 -1560.782102 -2008.429778 -4142.005723 -4183.164924 -4183.168209 -4183.168149 -4183.168139 -4183.168137 -4183.168132 -4183.168118 -4183.168076 -4183.168003 -4183.167906 -4183.167740 -4183.167409 -4183.166662 -4183.164803 -4183.159798 -4183.138271 -4113.568819 -1865.451171 -1523.069844 -1501.590094 -1495.726236 -1494.433208 -1494.204998 -1494.168834 -1494.163766 -1494.163664 -1494.164282 -1494.164893 -1494.165385 -1494.165766 -1494.166062 -1494.166295 -1494.166481 -1494.166635 -1494.166766 -1494.166884 -1494.167000 -1494.167129 -1494.167289 -1494.167506 -1494.167823 -1494.168305 -1494.169058 -1494.170260 -1494.172212 -1494.175451 -1494.180953 -1494.190563 -1494.207862 -1494.239962 -1494.301280 -1494.421890 -1494.667621 -1495.192970 -1496.388629 -1499.314208 -1507.150162 -1531.414533 -9999.0 -9999.0
-9999.0 -9999.0 774.629412 677.463663 579.826544 481.792850 383.563677 285.249161 186.906187 88.564882 -9.755006 -108.038422 -206.274322 -304.412242 -402.353403 -499.931998 -596.853879 -692.677956 -789.028671 -884.818435 -979.791043 -1073.676240 -1157.423728 -1232.108202 -1295.840745 -1347.900181 -1388.732773 -1419.633904 -1442.318405 -1458.556333 -1469.944374 -1477.802505 -1483.157207 -1486.771876 -1489.196074 -1490.818229 -1491.918867 -1492.751905 -1493.816585 -1496.971638 -1509.273869 -1560.782102 -2008.429778 -4142.005723 -4183.164924 -4183.168209 -4183.168149 -4183.168139 -4183.168137 -4183.168132 -4183.168118 -4183.168076 -4183.168003 -4183.167906 -4183.167740 -4183.167409 -4183.166662 -4183.164803 -4183.159798 -4183.138271 -4113.568819 -1865.451171 -1523.069844 -1501.590094 -1495.726236 -1494.433208 -1494.204998 -1494.168834 -1494.163766 -1494.163664 -1494.164282 -1494.164893 -1494.165385 -1494.165766 -1494.166062 -1494.166295 -1494.166481 -1494.166635 -1494.166766 -1494.166884 -1494.167000 -1494.167129 -1494.167289 -1494.167506 -1494.167823 -1494.168305 -1494.169058 -1494.170260 -1494.172212 -1494.175451 -1494.180953 -1494.190563 -1494.207862 -1494.239962 -1494.301280 -1494.421890 -1494.667621 -1495.192970 -1496.388629 -1499.314208 -1507.150162 -1531.414533 -9999.0 -9999.0
-9999.0 -9999.0 774.628063 677.462952 579.826250 481.792740 383.563636 285.249147 186.906181 88.564880 -9.755006 -108.038422 -206.274322 -304.412242 -402.353403 -499.931998 -596.853879 -692.677956 -789.028671 -884.818435 -979.791043 -1073.676240 -1157.423728 -1232.108202 -1295.840744 -1347.900181 -1388.732773 -1419.633903 -1442.318405 -1458.556333 -1469.944374 -1477.802505 -1483.157207 -1486.771876 -1489.196074 -1490.818229 -1491.918867 -1492.751905 -1493.816585 -1496.971638 -1509.273869 -1560.782102 -2008.429778 -4142.005723 -4183.164924 -4183.168209 -4183.168149 -4183.168139 -4183.168137 -4183.168132 -4183.168118 -4183.168076 -4183.168003 -4183.167906 -4183.167740 -4183.167409 -4183.166662 -4183.164803 -4183.159798 -4183.138271 -4113.568819 -1865.451171 -1523.069844 -1501.590094 -1495.726236 -1494.433208 -1494.204998 -1494.168834 -1494.163766 -1494.163664 -1494.164282 -1494.164893 -1494.165385 -1494.165766 -1494.166062 -1494.166295 -1494.166481 -1494.166635 -1494.166766 -1494.166884 -1494.167000 -1494.167129 -1494.167289 -1494.167506 -1494.167823 -1494.168305 -1494.169058 -1494.170260 -1494.172212 -1494.175451 -1494.180953 -1494.190563 -1494.207862 -1494.239962 -1494.301280 -1494.421890 -1494.667621 -1495.192970 -1496.388629 -1499.314208 -1507.150162 -1531.414533 -9999.0 -9999.0
-9999.0 -9999.0 774.623975 677.461541 579.825814 481.792601 383.563591 285.249131 186.906175 88.564878 -9.755007 -108.038423 -206.274322 -304.412242 -402.353403 -499.931998 -596.853879 -692.677956 -789.028671 -884.818434 -979.791043 -1073.676240 -1157.423728 -1232.108201 -1295.840744 -1347.900180 -1388.732773 -1419.633903 -1442.318405 -1458.556333 -1469.944374 -1477.802505 -1483.157207 -1486.771876 -1489.196074 -1490.818229 -1491.918867 -1492.751905 -1493.816585 -1496.971638 -1509.273869 -1560.782102 -2008.429778 -4142.005723 -4183.164924 -4183.168209 -4183.168149 -4183.168139 -4183.168137 -4183.168132 -4183.168118 -4183.168076 -4183.168003 -4183.167906 -4183.167740 -4183.167409 -4183.166662 -4183.164803 -4183.159798 -4183.138271 -4113.568819 -1865.451171 -1523.069844 -1501.590094 -1495.726236 -1494.433208 -1494.204998 -1494.168834 -1494.163766 -1494.163664 -1494.164282 -1494.164893 -1494.165385 -1494.165766 -1494.166062 -1494.166295 -1494.166481 -1494.166635 -1494.166766 -1494.166884 -1494.167000 -1494.167129 -1494.167289 -1494.167506 -1494.167823 -1494.168305 -1494.169058 -1494.170260 -1494.172212 -1494.175451 -1494.180953 -1494.190563 -1494.207862 -1494.239962 -1494.301280 -1494.421890 -1494.667621 -1495.192970 -1496.388629 -1499.314208 -1507.150162 -1531.414533 -9999.0 -9999.0
-9999.0 -9999.0 -9999.0 -9999.0 -9999.0 -9999.0 -9999.0 -9999.0 -9999.0 -9999.0 -9999.0 -9999.0 -9999.0 -9999.0 -9999.0 -9999.0 -9999.0 -9999.0 -9999.0 -9999.0 -9999.0 -9999.0 -9999.0 -9999.0 -9999.0 -9999.0 -9999.0 -9999.0 -9999.0 -9999.0 -9999.0 -9999.0 -9999.0 -9999.0 -9999.0 -9999.0 -9999.0 -9999.0 -9999.0 -9999.0 -9999.0 -9999.0 -9999.0 -9999.0 -9999.0 -9999.0 -9999.0 -9999.0 -9999.0 -9999.0 -9999.0 -9999.0 -9999.0 -9999.0 -9999.0 -9999.0 -9999.0 -9999.0 -9999.0 -9999.0 -9999.0 -9999.0 -9999.0 -9999.0 -9999.0 -9999.0 -9999.0 -9999.0 -9999.0 -9999.0 -9999.0 -9999.0 -9999.0 -9999.0 -9999.0 -9999.0 -9999.0 -9999.0 -9999.0 -9999.0 -9999.0 -9999.0 -9999.0 -9999.0 -9999.0 -9999.0 -9999.0 -9999.0 -9999.0 -9999.0 -9999.0 -9999.0 -9999.0 -9999.0 -9999.0 -9999.0 -9999.0 -9999.0 -9999.0 -9999.0 -9999.0 -9999.0 -9999.0 -9999.0
-9999.0 -9999.0 -9999.0 -9999.0 -9999.0 -9999.0 -9999.0 -9999.0 -9999.0 -9999.0 -9999.0 -9999.0 -9999.0 -9999.0 -9999.0 -9999.0 -9999.0 -9999.0 -9999.0 -9999.0 -9999.0 -9999.0 -9999.0 -9999.0 -9999.0 -9999.0 -9999.0 -9999.0 -9999.0 -9999.0 -9999.0 -9999.0 -9999.0 -9999.0 -9999.0 -9999.0 -9999.0 -9999.0 -9999.0 -9999.0 -9999.0 -9999.0 -9999.0 -9999.0 -9999.0 -9999.0 -9999.0 -9999.0 -9999.0 -9999.0 -9999.0 -9999.0 -9999.0 -9999.0 -9999.0 -9999.0 -9999.0 -9999.0 -9999.0 -9999.0 -9999.0 -9999.0 -9999.0 -9999.0 -9999.0 -9999.0 -9999.0 -9999.0 -9999.0 -9999.0 -9999.0 -9999.0 -9999.0 -9999.0 -9999.0 -9999.0 -9999.0 -9999.0 -9999.0 -9999.0 -9999.0 -9999.0 -9999.0 -9999.0 -9999.0 -9999.0 -9999.0 -9999.0 -9999.0 -9999.0 -9999.0 -9999.0 -9999.0 -9999.0 -9999.0 -9999.0 -9999.0 -9999.0 -9999.0 -9999.0 -9999.0 -9999.0 -9999.0 -9999.0