inst/processing_geotop_simulation/geotop_simulation/out/maps3D/PwL0001N0121.asc
ncols         104
nrows         10
xllcorner     -2.000000
yllcorner     0.000000
cellsize      1.000000
NODATA_value  -9999.0
-9999.0 -9999.0 -9999.0 -9999.0 -9999.0 -9999.0 -9999.0 -9999.0 -9999.0 -9999.0 -9999.0 -9999.0 -9999.0 -9999.0 -9999.0 -9999.0 -9999.0 -9999.0 -9999.0 -9999.0 -9999.0 -9999.0 -9999.0 -9999.0 -9999.0 -9999.0 -9999.0 -9999.0 -9999.0 -9999.0 -9999.0 -9999.0 -9999.0 -9999.0 -9999.0 -9999.0 -9999.0 -9999.0 -9999.0 -9999.0 -9999.0 -9999.0 -9999.0 -9999.0 -9999.0 -9999.0 -9999.0 -9999.0 -9999.0 -9999.0 -9999.0 -9999.0 -9999.0 -9999.0 -9999.0 -9999.0 -9999.0 -9999.0 -9999.0 -9999.0 -9999.0 -9999.0 -9999.0 -9999.0 -9999.0 -9999.0 -9999.0 -9999.0 -9999.0 -9999.0 -9999.0 -9999.0 -9999.0 -9999.0 -9999.0 -9999.0 -9999.0 -9999.0 -9999.0 -9999.0 -9999.0 -9999.0 -9999.0 -9999.0 -9999.0 -9999.0 -9999.0 -9999.0 -9999.0 -9999.0 -9999.0 -9999.0 -9999.0 -9999.0 -9999.0 -9999.0 -9999.0 -9999.0 -9999.0 -9999.0 -9999.0 -9999.0 -9999.0 -9999.0
-9999.0 -9999.0 -9999.0 -9999.0 -9999.0 -9999.0 -9999.0 -9999.0 -9999.0 -9999.0 -9999.0 -9999.0 -9999.0 -9999.0 -9999.0 -9999.0 -9999.0 -9999.0 -9999.0 -9999.0 -9999.0 -9999.0 -9999.0 -9999.0 -9999.0 -9999.0 -9999.0 -9999.0 -9999.0 -9999.0 -9999.0 -9999.0 -9999.0 -9999.0 -9999.0 -9999.0 -9999.0 -9999.0 -9999.0 -9999.0 -9999.0 -9999.0 -9999.0 -9999.0 -9999.0 -9999.0 -9999.0 -9999.0 -9999.0 -9999.0 -9999.0 -9999.0 -9999.0 -9999.0 -9999.0 -9999.0 -9999.0 -9999.0 -9999.0 -9999.0 -9999.0 -9999.0 -9999.0 -9999.0 -9999.0 -9999.0 -9999.0 -9999.0 -9999.0 -9999.0 -9999.0 -9999.0 -9999.0 -9999.0 -9999.0 -9999.0 -9999.0 -9999.0 -9999.0 -9999.0 -9999.0 -9999.0 -9999.0 -9999.0 -9999.0 -9999.0 -9999.0 -9999.0 -9999.0 -9999.0 -9999.0 -9999.0 -9999.0 -9999.0 -9999.0 -9999.0 -9999.0 -9999.0 -9999.0 -9999.0 -9999.0 -9999.0 -9999.0 -9999.0
-9999.0 -9999.0 34.802695 -46.295106 -137.602125 -231.152763 -325.532302 -420.219659 -514.954960 -609.570307 -703.975690 -798.556835 -895.352544 -998.410423 -1101.240243 -1200.977580 -1306.792944 -1410.264757 -1486.778513 -1526.695151 -1544.075697 -1550.909665 -1553.289721 -1554.302946 -1555.282944 -1556.630191 -1558.295944 -1560.068698 -1561.740532 -1563.179899 -1564.337470 -1565.221731 -1565.871127 -1566.333212 -1566.653074 -1566.870249 -1567.024761 -1567.169177 -1567.401990 -1568.421778 -1574.888752 -1589.316519 -1003.504279 -998.699333 -987.643339 -980.775252 -977.558570 -977.103746 -977.058180 -977.067472 -977.085427 -977.104474 -977.122753 -977.139664 -977.155211 -977.171876 -977.214176 -977.487350 -979.206272 -983.119282 -989.469599 -986.772291 -1571.222900 -1571.803729 -1568.116645 -1567.503793 -1567.405819 -1567.389210 -1567.387772 -1567.389151 -1567.390762 -1567.392096 -1567.393119 -1567.393892 -1567.394480 -1567.394936 -1567.395296 -1567.395585 -1567.395825 -1567.396035 -1567.396239 -1567.396463 -1567.396741 -1567.397126 -1567.397694 -1567.398564 -1567.399929 -1567.402106 -1567.405626 -1567.411407 -1567.421088 -1567.437699 -1567.467025 -1567.520388 -1567.620264 -1567.811536 -1568.184382 -1568.924423 -1570.437935 -1573.701731 -1581.361522 -1602.853698 -9999.0 -9999.0
-9999.0 -9999.0 34.816869 -46.292710 -137.601526 -231.152589 -325.532247 -420.219641 -514.954953 -609.570304 -703.975689 -798.556835 -895.352544 -998.410423 -1101.240243 -1200.977580 -1306.792944 -1410.264757 -1486.778513 -1526.695151 -1544.075697 -1550.909665 -1553.289721 -1554.302946 -1555.282944 -1556.630191 -1558.295944 -1560.068698 -1561.740532 -1563.179899 -1564.337470 -1565.221731 -1565.871127 -1566.333212 -1566.653074 -1566.870249 -1567.024761 -1567.169177 -1567.401990 -1568.421778 -1574.888752 -1589.316519 -1003.504279 -998.699333 -987.643339 -980.775252 -977.558570 -977.103746 -977.058180 -977.067472 -977.085427 -977.104474 -977.122753 -977.139664 -977.155211 -977.171876 -977.214176 -977.487350 -979.206272 -983.119282 -989.469599 -986.772291 -1571.222900 -1571.803729 -1568.116645 -1567.503793 -1567.405819 -1567.389210 -1567.387772 -1567.389151 -1567.390762 -1567.392096 -1567.393119 -1567.393892 -1567.394480 -1567.394936 -1567.395296 -1567.395585 -1567.395825 -1567.396035 -1567.396239 -1567.396463 -1567.396741 -1567.397126 -1567.397694 -1567.398564 -1567.399929 -1567.402106 -1567.405626 -1567.411407 -1567.421088 -1567.437699 -1567.467025 -1567.520388 -1567.620264 -1567.811536 -1568.184382 -1568.924423 -1570.437935 -1573.701731 -1581.361522 -1602.853698 -9999.0 -9999.0
-9999.0 -9999.0 34.818177 -46.291762 -137.601150 -231.152453 -325.532199 -420.219624 -514.954947 -609.570302 -703.975689 -798.556834 -895.352544 -998.410423 -1101.240243 -1200.977580 -1306.792945 -1410.264757 -1486.778513 -1526.695151 -1544.075697 -1550.909665 -1553.289721 -1554.302946 -1555.282944 -1556.630191 -1558.295944 -1560.068698 -1561.740532 -1563.179899 -1564.337470 -1565.221731 -1565.871127 -1566.333212 -1566.653074 -1566.870249 -1567.024761 -1567.169177 -1567.401990 -1568.421778 -1574.888752 -1589.316519 -1003.504279 -998.699333 -987.643339 -980.775252 -977.558570 -977.103746 -977.058180 -977.067472 -977.085427 -977.104474 -977.122753 -977.139664 -977.155211 -977.171876 -977.214176 -977.487350 -979.206272 -983.119282 -989.469599 -986.772291 -1571.222900 -1571.803729 -1568.116645 -1567.503793 -1567.405819 -1567.389210 -1567.387772 -1567.389151 -1567.390762 -1567.392096 -1567.393119 -1567.393892 -1567.394480 -1567.394936 -1567.395296 -1567.395585 -1567.395825 -1567.396035 -1567.396239 -1567.396463 -1567.396741 -1567.397126 -1567.397694 -1567.398564 -1567.399929 -1567.402106 -1567.405626 -1567.411407 -1567.421088 -1567.437699 -1567.467025 -1567.520388 -1567.620264 -1567.811536 -1568.184382 -1568.924423 -1570.437935 -1573.701731 -1581.361522 -1602.853698 -9999.0 -9999.0
-9999.0 -9999.0 34.818177 -46.291762 -137.601150 -231.152453 -325.532199 -420.219624 -514.954947 -609.570302 -703.975688 -798.556834 -895.352544 -998.410423 -1101.240243 -1200.977580 -1306.792945 -1410.264757 -1486.778513 -1526.695151 -1544.075697 -1550.909665 -1553.289721 -1554.302946 -1555.282944 -1556.630191 -1558.295944 -1560.068698 -1561.740532 -1563.179899 -1564.337470 -1565.221731 -1565.871127 -1566.333212 -1566.653074 -1566.870249 -1567.024761 -1567.169177 -1567.401990 -1568.421778 -1574.888752 -1589.316519 -1003.504279 -998.699333 -987.643339 -980.775252 -977.558570 -977.103746 -977.058180 -977.067472 -977.085427 -977.104474 -977.122753 -977.139664 -977.155211 -977.171876 -977.214176 -977.487350 -979.206272 -983.119282 -989.469599 -986.772291 -1571.222900 -1571.803729 -1568.116645 -1567.503793 -1567.405819 -1567.389210 -1567.387772 -1567.389151 -1567.390762 -1567.392096 -1567.393119 -1567.393892 -1567.394480 -1567.394936 -1567.395296 -1567.395585 -1567.395825 -1567.396035 -1567.396239 -1567.396463 -1567.396741 -1567.397126 -1567.397694 -1567.398564 -1567.399929 -1567.402106 -1567.405626 -1567.411407 -1567.421088 -1567.437699 -1567.467025 -1567.520388 -1567.620264 -1567.811536 -1568.184382 -1568.924423 -1570.437935 -1573.701731 -1581.361522 -1602.853698 -9999.0 -9999.0
-9999.0 -9999.0 34.816869 -46.292710 -137.601526 -231.152589 -325.532247 -420.219641 -514.954953 -609.570304 -703.975689 -798.556834 -895.352544 -998.410423 -1101.240243 -1200.977580 -1306.792944 -1410.264757 -1486.778513 -1526.695151 -1544.075697 -1550.909665 -1553.289721 -1554.302946 -1555.282944 -1556.630191 -1558.295944 -1560.068698 -1561.740532 -1563.179899 -1564.337470 -1565.221731 -1565.871127 -1566.333212 -1566.653074 -1566.870249 -1567.024761 -1567.169177 -1567.401990 -1568.421778 -1574.888752 -1589.316519 -1003.504279 -998.699333 -987.643339 -980.775252 -977.558570 -977.103746 -977.058180 -977.067472 -977.085427 -977.104474 -977.122753 -977.139664 -977.155211 -977.171876 -977.214176 -977.487350 -979.206272 -983.119282 -989.469599 -986.772291 -1571.222900 -1571.803729 -1568.116645 -1567.503793 -1567.405819 -1567.389210 -1567.387772 -1567.389151 -1567.390762 -1567.392096 -1567.393119 -1567.393892 -1567.394480 -1567.394936 -1567.395296 -1567.395585 -1567.395825 -1567.396035 -1567.396239 -1567.396463 -1567.396741 -1567.397126 -1567.397694 -1567.398564 -1567.399929 -1567.402106 -1567.405626 -1567.411407 -1567.421088 -1567.437699 -1567.467025 -1567.520388 -1567.620264 -1567.811536 -1568.184382 -1568.924423 -1570.437935 -1573.701731 -1581.361522 -1602.853698 -9999.0 -9999.0
-9999.0 -9999.0 34.802695 -46.295106 -137.602125 -231.152763 -325.532302 -420.219659 -514.954960 -609.570307 -703.975690 -798.556835 -895.352544 -998.410423 -1101.240243 -1200.977580 -1306.792944 -1410.264757 -1486.778513 -1526.695151 -1544.075697 -1550.909665 -1553.289721 -1554.302946 -1555.282944 -1556.630191 -1558.295944 -1560.068698 -1561.740532 -1563.179899 -1564.337470 -1565.221731 -1565.871127 -1566.333212 -1566.653074 -1566.870249 -1567.024761 -1567.169177 -1567.401990 -1568.421778 -1574.888752 -1589.316519 -1003.504279 -998.699333 -987.643339 -980.775252 -977.558570 -977.103746 -977.058180 -977.067472 -977.085427 -977.104474 -977.122753 -977.139664 -977.155211 -977.171876 -977.214176 -977.487350 -979.206272 -983.119282 -989.469599 -986.772291 -1571.222900 -1571.803729 -1568.116645 -1567.503793 -1567.405819 -1567.389210 -1567.387772 -1567.389151 -1567.390762 -1567.392096 -1567.393119 -1567.393892 -1567.394480 -1567.394936 -1567.395296 -1567.395585 -1567.395825 -1567.396035 -1567.396239 -1567.396463 -1567.396741 -1567.397126 -1567.397694 -1567.398564 -1567.399929 -1567.402106 -1567.405626 -1567.411407 -1567.421088 -1567.437699 -1567.467025 -1567.520388 -1567.620264 -1567.811536 -1568.184382 -1568.924423 -1570.437935 -1573.701731 -1581.361522 -1602.853698 -9999.0 -9999.0
-9999.0 -9999.0 -9999.0 -9999.0 -9999.0 -9999.0 -9999.0 -9999.0 -9999.0 -9999.0 -9999.0 -9999.0 -9999.0 -9999.0 -9999.0 -9999.0 -9999.0 -9999.0 -9999.0 -9999.0 -9999.0 -9999.0 -9999.0 -9999.0 -9999.0 -9999.0 -9999.0 -9999.0 -9999.0 -9999.0 -9999.0 -9999.0 -9999.0 -9999.0 -9999.0 -9999.0 -9999.0 -9999.0 -9999.0 -9999.0 -9999.0 -9999.0 -9999.0 -9999.0 -9999.0 -9999.0 -9999.0 -9999.0 -9999.0 -9999.0 -9999.0 -9999.0 -9999.0 -9999.0 -9999.0 -9999.0 -9999.0 -9999.0 -9999.0 -9999.0 -9999.0 -9999.0 -9999.0 -9999.0 -9999.0 -9999.0 -9999.0 -9999.0 -9999.0 -9999.0 -9999.0 -9999.0 -9999.0 -9999.0 -9999.0 -9999.0 -9999.0 -9999.0 -9999.0 -9999.0 -9999.0 -9999.0 -9999.0 -9999.0 -9999.0 -9999.0 -9999.0 -9999.0 -9999.0 -9999.0 -9999.0 -9999.0 -9999.0 -9999.0 -9999.0 -9999.0 -9999.0 -9999.0 -9999.0 -9999.0 -9999.0 -9999.0 -9999.0 -9999.0
-9999.0 -9999.0 -9999.0 -9999.0 -9999.0 -9999.0 -9999.0 -9999.0 -9999.0 -9999.0 -9999.0 -9999.0 -9999.0 -9999.0 -9999.0 -9999.0 -9999.0 -9999.0 -9999.0 -9999.0 -9999.0 -9999.0 -9999.0 -9999.0 -9999.0 -9999.0 -9999.0 -9999.0 -9999.0 -9999.0 -9999.0 -9999.0 -9999.0 -9999.0 -9999.0 -9999.0 -9999.0 -9999.0 -9999.0 -9999.0 -9999.0 -9999.0 -9999.0 -9999.0 -9999.0 -9999.0 -9999.0 -9999.0 -9999.0 -9999.0 -9999.0 -9999.0 -9999.0 -9999.0 -9999.0 -9999.0 -9999.0 -9999.0 -9999.0 -9999.0 -9999.0 -9999.0 -9999.0 -9999.0 -9999.0 -9999.0 -9999.0 -9999.0 -9999.0 -9999.0 -9999.0 -9999.0 -9999.0 -9999.0 -9999.0 -9999.0 -9999.0 -9999.0 -9999.0 -9999.0 -9999.0 -9999.0 -9999.0 -9999.0 -9999.0 -9999.0 -9999.0 -9999.0 -9999.0 -9999.0 -9999.0 -9999.0 -9999.0 -9999.0 -9999.0 -9999.0 -9999.0 -9999.0 -9999.0 -9999.0 -9999.0 -9999.0 -9999.0 -9999.0