inst/processing_geotop_simulation/geotop_simulation/out/maps3D/PwL0002N0447.asc
ncols         104
nrows         10
xllcorner     -2.000000
yllcorner     0.000000
cellsize      1.000000
NODATA_value  -9999.0
-9999.0 -9999.0 -9999.0 -9999.0 -9999.0 -9999.0 -9999.0 -9999.0 -9999.0 -9999.0 -9999.0 -9999.0 -9999.0 -9999.0 -9999.0 -9999.0 -9999.0 -9999.0 -9999.0 -9999.0 -9999.0 -9999.0 -9999.0 -9999.0 -9999.0 -9999.0 -9999.0 -9999.0 -9999.0 -9999.0 -9999.0 -9999.0 -9999.0 -9999.0 -9999.0 -9999.0 -9999.0 -9999.0 -9999.0 -9999.0 -9999.0 -9999.0 -9999.0 -9999.0 -9999.0 -9999.0 -9999.0 -9999.0 -9999.0 -9999.0 -9999.0 -9999.0 -9999.0 -9999.0 -9999.0 -9999.0 -9999.0 -9999.0 -9999.0 -9999.0 -9999.0 -9999.0 -9999.0 -9999.0 -9999.0 -9999.0 -9999.0 -9999.0 -9999.0 -9999.0 -9999.0 -9999.0 -9999.0 -9999.0 -9999.0 -9999.0 -9999.0 -9999.0 -9999.0 -9999.0 -9999.0 -9999.0 -9999.0 -9999.0 -9999.0 -9999.0 -9999.0 -9999.0 -9999.0 -9999.0 -9999.0 -9999.0 -9999.0 -9999.0 -9999.0 -9999.0 -9999.0 -9999.0 -9999.0 -9999.0 -9999.0 -9999.0 -9999.0 -9999.0
-9999.0 -9999.0 -9999.0 -9999.0 -9999.0 -9999.0 -9999.0 -9999.0 -9999.0 -9999.0 -9999.0 -9999.0 -9999.0 -9999.0 -9999.0 -9999.0 -9999.0 -9999.0 -9999.0 -9999.0 -9999.0 -9999.0 -9999.0 -9999.0 -9999.0 -9999.0 -9999.0 -9999.0 -9999.0 -9999.0 -9999.0 -9999.0 -9999.0 -9999.0 -9999.0 -9999.0 -9999.0 -9999.0 -9999.0 -9999.0 -9999.0 -9999.0 -9999.0 -9999.0 -9999.0 -9999.0 -9999.0 -9999.0 -9999.0 -9999.0 -9999.0 -9999.0 -9999.0 -9999.0 -9999.0 -9999.0 -9999.0 -9999.0 -9999.0 -9999.0 -9999.0 -9999.0 -9999.0 -9999.0 -9999.0 -9999.0 -9999.0 -9999.0 -9999.0 -9999.0 -9999.0 -9999.0 -9999.0 -9999.0 -9999.0 -9999.0 -9999.0 -9999.0 -9999.0 -9999.0 -9999.0 -9999.0 -9999.0 -9999.0 -9999.0 -9999.0 -9999.0 -9999.0 -9999.0 -9999.0 -9999.0 -9999.0 -9999.0 -9999.0 -9999.0 -9999.0 -9999.0 -9999.0 -9999.0 -9999.0 -9999.0 -9999.0 -9999.0 -9999.0
-9999.0 -9999.0 75.498070 -22.484132 -121.516158 -220.799131 -320.174167 -419.583036 -518.995991 -618.391948 -717.735072 -817.012435 -916.203266 -1015.283549 -1114.333991 -1213.330175 -1312.082382 -1410.437642 -1508.100572 -1604.462114 -1698.299569 -1787.403023 -1868.693202 -1939.246193 -1997.449361 -2043.360007 -2078.284422 -2104.115246 -2122.812723 -2136.122654 -2145.474012 -2151.976229 -2156.460260 -2159.532607 -2161.627999 -2163.056634 -2164.052214 -2164.855172 -2165.930032 -2168.148605 -2167.328721 -2092.346329 -1278.149556 -1275.518538 -1265.379719 -1258.623524 -1255.441245 -1254.932327 -1254.876117 -1254.880572 -1254.893741 -1254.907983 -1254.921684 -1254.934381 -1254.946234 -1254.960599 -1255.008154 -1255.318948 -1257.034917 -1260.798702 -1265.650984 -1260.920794 -2067.551897 -2161.681327 -2166.790359 -2166.347685 -2166.139558 -2166.094287 -2166.086570 -2166.085735 -2166.086013 -2166.086398 -2166.086727 -2166.086987 -2166.087191 -2166.087354 -2166.087487 -2166.087598 -2166.087695 -2166.087785 -2166.087875 -2166.087975 -2166.088097 -2166.088262 -2166.088497 -2166.088851 -2166.089398 -2166.090267 -2166.091678 -2166.094025 -2166.098034 -2166.105089 -2166.117892 -2166.141856 -2166.188082 -2166.280176 -2166.471167 -2166.889239 -2167.871823 -2170.402878 -2177.738741 -2202.234983 -9999.0 -9999.0
-9999.0 -9999.0 75.508178 -22.482327 -121.515707 -220.799000 -320.174125 -419.583021 -518.995986 -618.391946 -717.735071 -817.012434 -916.203266 -1015.283549 -1114.333991 -1213.330175 -1312.082382 -1410.437642 -1508.100572 -1604.462114 -1698.299569 -1787.403023 -1868.693202 -1939.246194 -1997.449361 -2043.360007 -2078.284422 -2104.115246 -2122.812723 -2136.122654 -2145.474012 -2151.976229 -2156.460260 -2159.532607 -2161.627999 -2163.056634 -2164.052214 -2164.855172 -2165.930032 -2168.148605 -2167.328721 -2092.346329 -1278.149556 -1275.518538 -1265.379719 -1258.623524 -1255.441245 -1254.932327 -1254.876117 -1254.880572 -1254.893741 -1254.907983 -1254.921684 -1254.934381 -1254.946234 -1254.960599 -1255.008154 -1255.318948 -1257.034917 -1260.798702 -1265.650984 -1260.920794 -2067.551897 -2161.681327 -2166.790359 -2166.347685 -2166.139557 -2166.094287 -2166.086570 -2166.085735 -2166.086013 -2166.086398 -2166.086727 -2166.086987 -2166.087191 -2166.087354 -2166.087487 -2166.087598 -2166.087695 -2166.087785 -2166.087875 -2166.087975 -2166.088097 -2166.088262 -2166.088497 -2166.088851 -2166.089398 -2166.090267 -2166.091678 -2166.094025 -2166.098034 -2166.105089 -2166.117892 -2166.141856 -2166.188082 -2166.280176 -2166.471167 -2166.889239 -2167.871823 -2170.402878 -2177.738741 -2202.234983 -9999.0 -9999.0
-9999.0 -9999.0 75.509275 -22.481601 -121.515422 -220.798897 -320.174088 -419.583008 -518.995981 -618.391944 -717.735070 -817.012434 -916.203266 -1015.283549 -1114.333991 -1213.330175 -1312.082382 -1410.437642 -1508.100572 -1604.462115 -1698.299569 -1787.403024 -1868.693202 -1939.246194 -1997.449362 -2043.360007 -2078.284422 -2104.115246 -2122.812723 -2136.122654 -2145.474012 -2151.976229 -2156.460260 -2159.532607 -2161.627999 -2163.056634 -2164.052214 -2164.855172 -2165.930032 -2168.148605 -2167.328721 -2092.346329 -1278.149556 -1275.518538 -1265.379719 -1258.623524 -1255.441245 -1254.932327 -1254.876116 -1254.880572 -1254.893741 -1254.907983 -1254.921684 -1254.934381 -1254.946234 -1254.960599 -1255.008154 -1255.318948 -1257.034917 -1260.798702 -1265.650984 -1260.920794 -2067.551897 -2161.681327 -2166.790359 -2166.347685 -2166.139557 -2166.094287 -2166.086570 -2166.085735 -2166.086013 -2166.086398 -2166.086727 -2166.086987 -2166.087191 -2166.087354 -2166.087487 -2166.087598 -2166.087695 -2166.087785 -2166.087875 -2166.087975 -2166.088097 -2166.088262 -2166.088497 -2166.088851 -2166.089398 -2166.090267 -2166.091678 -2166.094025 -2166.098034 -2166.105089 -2166.117892 -2166.141856 -2166.188082 -2166.280176 -2166.471167 -2166.889239 -2167.871823 -2170.402878 -2177.738741 -2202.234983 -9999.0 -9999.0
-9999.0 -9999.0 75.509275 -22.481601 -121.515422 -220.798897 -320.174088 -419.583008 -518.995981 -618.391944 -717.735070 -817.012434 -916.203266 -1015.283549 -1114.333991 -1213.330175 -1312.082382 -1410.437642 -1508.100572 -1604.462115 -1698.299569 -1787.403024 -1868.693202 -1939.246194 -1997.449362 -2043.360007 -2078.284422 -2104.115246 -2122.812723 -2136.122654 -2145.474012 -2151.976229 -2156.460260 -2159.532607 -2161.627999 -2163.056634 -2164.052214 -2164.855172 -2165.930032 -2168.148605 -2167.328721 -2092.346329 -1278.149556 -1275.518538 -1265.379719 -1258.623524 -1255.441245 -1254.932327 -1254.876116 -1254.880572 -1254.893741 -1254.907983 -1254.921684 -1254.934381 -1254.946234 -1254.960599 -1255.008154 -1255.318948 -1257.034917 -1260.798702 -1265.650984 -1260.920794 -2067.551897 -2161.681327 -2166.790359 -2166.347685 -2166.139557 -2166.094287 -2166.086570 -2166.085735 -2166.086013 -2166.086398 -2166.086727 -2166.086987 -2166.087191 -2166.087354 -2166.087487 -2166.087598 -2166.087695 -2166.087785 -2166.087875 -2166.087975 -2166.088097 -2166.088262 -2166.088497 -2166.088851 -2166.089398 -2166.090267 -2166.091678 -2166.094025 -2166.098034 -2166.105089 -2166.117892 -2166.141856 -2166.188082 -2166.280176 -2166.471167 -2166.889239 -2167.871823 -2170.402878 -2177.738741 -2202.234983 -9999.0 -9999.0
-9999.0 -9999.0 75.508178 -22.482327 -121.515707 -220.799000 -320.174125 -419.583021 -518.995986 -618.391946 -717.735071 -817.012434 -916.203266 -1015.283549 -1114.333991 -1213.330175 -1312.082382 -1410.437642 -1508.100572 -1604.462114 -1698.299569 -1787.403023 -1868.693202 -1939.246194 -1997.449361 -2043.360007 -2078.284422 -2104.115246 -2122.812723 -2136.122654 -2145.474012 -2151.976229 -2156.460260 -2159.532607 -2161.627999 -2163.056634 -2164.052214 -2164.855172 -2165.930032 -2168.148605 -2167.328721 -2092.346329 -1278.149556 -1275.518538 -1265.379719 -1258.623524 -1255.441245 -1254.932327 -1254.876117 -1254.880572 -1254.893741 -1254.907983 -1254.921684 -1254.934381 -1254.946234 -1254.960599 -1255.008154 -1255.318948 -1257.034917 -1260.798702 -1265.650984 -1260.920794 -2067.551897 -2161.681327 -2166.790359 -2166.347685 -2166.139557 -2166.094287 -2166.086570 -2166.085735 -2166.086013 -2166.086398 -2166.086727 -2166.086987 -2166.087191 -2166.087354 -2166.087487 -2166.087598 -2166.087695 -2166.087785 -2166.087875 -2166.087975 -2166.088097 -2166.088262 -2166.088497 -2166.088851 -2166.089398 -2166.090267 -2166.091678 -2166.094025 -2166.098034 -2166.105089 -2166.117892 -2166.141856 -2166.188082 -2166.280176 -2166.471167 -2166.889239 -2167.871823 -2170.402878 -2177.738741 -2202.234983 -9999.0 -9999.0
-9999.0 -9999.0 75.498070 -22.484132 -121.516158 -220.799131 -320.174167 -419.583036 -518.995991 -618.391948 -717.735072 -817.012435 -916.203266 -1015.283549 -1114.333991 -1213.330175 -1312.082382 -1410.437642 -1508.100572 -1604.462114 -1698.299569 -1787.403023 -1868.693202 -1939.246193 -1997.449361 -2043.360007 -2078.284422 -2104.115246 -2122.812723 -2136.122654 -2145.474012 -2151.976229 -2156.460260 -2159.532607 -2161.627999 -2163.056634 -2164.052214 -2164.855172 -2165.930032 -2168.148605 -2167.328721 -2092.346329 -1278.149556 -1275.518538 -1265.379719 -1258.623524 -1255.441245 -1254.932327 -1254.876117 -1254.880572 -1254.893741 -1254.907983 -1254.921684 -1254.934381 -1254.946234 -1254.960599 -1255.008154 -1255.318948 -1257.034917 -1260.798702 -1265.650984 -1260.920794 -2067.551897 -2161.681327 -2166.790359 -2166.347685 -2166.139558 -2166.094287 -2166.086570 -2166.085735 -2166.086013 -2166.086398 -2166.086727 -2166.086987 -2166.087191 -2166.087354 -2166.087487 -2166.087598 -2166.087695 -2166.087785 -2166.087875 -2166.087975 -2166.088097 -2166.088262 -2166.088497 -2166.088851 -2166.089398 -2166.090267 -2166.091678 -2166.094025 -2166.098034 -2166.105089 -2166.117892 -2166.141856 -2166.188082 -2166.280176 -2166.471167 -2166.889239 -2167.871823 -2170.402878 -2177.738741 -2202.234983 -9999.0 -9999.0
-9999.0 -9999.0 -9999.0 -9999.0 -9999.0 -9999.0 -9999.0 -9999.0 -9999.0 -9999.0 -9999.0 -9999.0 -9999.0 -9999.0 -9999.0 -9999.0 -9999.0 -9999.0 -9999.0 -9999.0 -9999.0 -9999.0 -9999.0 -9999.0 -9999.0 -9999.0 -9999.0 -9999.0 -9999.0 -9999.0 -9999.0 -9999.0 -9999.0 -9999.0 -9999.0 -9999.0 -9999.0 -9999.0 -9999.0 -9999.0 -9999.0 -9999.0 -9999.0 -9999.0 -9999.0 -9999.0 -9999.0 -9999.0 -9999.0 -9999.0 -9999.0 -9999.0 -9999.0 -9999.0 -9999.0 -9999.0 -9999.0 -9999.0 -9999.0 -9999.0 -9999.0 -9999.0 -9999.0 -9999.0 -9999.0 -9999.0 -9999.0 -9999.0 -9999.0 -9999.0 -9999.0 -9999.0 -9999.0 -9999.0 -9999.0 -9999.0 -9999.0 -9999.0 -9999.0 -9999.0 -9999.0 -9999.0 -9999.0 -9999.0 -9999.0 -9999.0 -9999.0 -9999.0 -9999.0 -9999.0 -9999.0 -9999.0 -9999.0 -9999.0 -9999.0 -9999.0 -9999.0 -9999.0 -9999.0 -9999.0 -9999.0 -9999.0 -9999.0 -9999.0
-9999.0 -9999.0 -9999.0 -9999.0 -9999.0 -9999.0 -9999.0 -9999.0 -9999.0 -9999.0 -9999.0 -9999.0 -9999.0 -9999.0 -9999.0 -9999.0 -9999.0 -9999.0 -9999.0 -9999.0 -9999.0 -9999.0 -9999.0 -9999.0 -9999.0 -9999.0 -9999.0 -9999.0 -9999.0 -9999.0 -9999.0 -9999.0 -9999.0 -9999.0 -9999.0 -9999.0 -9999.0 -9999.0 -9999.0 -9999.0 -9999.0 -9999.0 -9999.0 -9999.0 -9999.0 -9999.0 -9999.0 -9999.0 -9999.0 -9999.0 -9999.0 -9999.0 -9999.0 -9999.0 -9999.0 -9999.0 -9999.0 -9999.0 -9999.0 -9999.0 -9999.0 -9999.0 -9999.0 -9999.0 -9999.0 -9999.0 -9999.0 -9999.0 -9999.0 -9999.0 -9999.0 -9999.0 -9999.0 -9999.0 -9999.0 -9999.0 -9999.0 -9999.0 -9999.0 -9999.0 -9999.0 -9999.0 -9999.0 -9999.0 -9999.0 -9999.0 -9999.0 -9999.0 -9999.0 -9999.0 -9999.0 -9999.0 -9999.0 -9999.0 -9999.0 -9999.0 -9999.0 -9999.0 -9999.0 -9999.0 -9999.0 -9999.0 -9999.0 -9999.0