inst/processing_geotop_simulation/geotop_simulation/out/maps3D/PwL0004N0376.asc
ncols         104
nrows         10
xllcorner     -2.000000
yllcorner     0.000000
cellsize      1.000000
NODATA_value  -9999.0
-9999.0 -9999.0 -9999.0 -9999.0 -9999.0 -9999.0 -9999.0 -9999.0 -9999.0 -9999.0 -9999.0 -9999.0 -9999.0 -9999.0 -9999.0 -9999.0 -9999.0 -9999.0 -9999.0 -9999.0 -9999.0 -9999.0 -9999.0 -9999.0 -9999.0 -9999.0 -9999.0 -9999.0 -9999.0 -9999.0 -9999.0 -9999.0 -9999.0 -9999.0 -9999.0 -9999.0 -9999.0 -9999.0 -9999.0 -9999.0 -9999.0 -9999.0 -9999.0 -9999.0 -9999.0 -9999.0 -9999.0 -9999.0 -9999.0 -9999.0 -9999.0 -9999.0 -9999.0 -9999.0 -9999.0 -9999.0 -9999.0 -9999.0 -9999.0 -9999.0 -9999.0 -9999.0 -9999.0 -9999.0 -9999.0 -9999.0 -9999.0 -9999.0 -9999.0 -9999.0 -9999.0 -9999.0 -9999.0 -9999.0 -9999.0 -9999.0 -9999.0 -9999.0 -9999.0 -9999.0 -9999.0 -9999.0 -9999.0 -9999.0 -9999.0 -9999.0 -9999.0 -9999.0 -9999.0 -9999.0 -9999.0 -9999.0 -9999.0 -9999.0 -9999.0 -9999.0 -9999.0 -9999.0 -9999.0 -9999.0 -9999.0 -9999.0 -9999.0 -9999.0
-9999.0 -9999.0 -9999.0 -9999.0 -9999.0 -9999.0 -9999.0 -9999.0 -9999.0 -9999.0 -9999.0 -9999.0 -9999.0 -9999.0 -9999.0 -9999.0 -9999.0 -9999.0 -9999.0 -9999.0 -9999.0 -9999.0 -9999.0 -9999.0 -9999.0 -9999.0 -9999.0 -9999.0 -9999.0 -9999.0 -9999.0 -9999.0 -9999.0 -9999.0 -9999.0 -9999.0 -9999.0 -9999.0 -9999.0 -9999.0 -9999.0 -9999.0 -9999.0 -9999.0 -9999.0 -9999.0 -9999.0 -9999.0 -9999.0 -9999.0 -9999.0 -9999.0 -9999.0 -9999.0 -9999.0 -9999.0 -9999.0 -9999.0 -9999.0 -9999.0 -9999.0 -9999.0 -9999.0 -9999.0 -9999.0 -9999.0 -9999.0 -9999.0 -9999.0 -9999.0 -9999.0 -9999.0 -9999.0 -9999.0 -9999.0 -9999.0 -9999.0 -9999.0 -9999.0 -9999.0 -9999.0 -9999.0 -9999.0 -9999.0 -9999.0 -9999.0 -9999.0 -9999.0 -9999.0 -9999.0 -9999.0 -9999.0 -9999.0 -9999.0 -9999.0 -9999.0 -9999.0 -9999.0 -9999.0 -9999.0 -9999.0 -9999.0 -9999.0 -9999.0
-9999.0 -9999.0 175.224900 77.631079 -21.091548 -120.135337 -219.301696 -318.514577 -417.733747 -516.932560 -616.070500 -715.052463 -813.933121 -912.639897 -1011.256182 -1109.922595 -1208.134684 -1305.692690 -1402.121045 -1496.549511 -1587.355969 -1671.820924 -1746.704791 -1809.621754 -1859.909354 -1898.477529 -1927.126119 -1947.895836 -1962.675100 -1973.037864 -1980.218175 -1985.145797 -1988.501532 -1990.773146 -1992.304599 -1993.337869 -1994.054011 -1994.646521 -1995.548738 -1997.906280 -2000.513174 -1947.980350 -1201.457963 -1207.690922 -1195.305829 -1187.116848 -1183.272533 -1182.678388 -1182.614026 -1182.619710 -1182.635473 -1182.652475 -1182.668823 -1182.683967 -1182.698068 -1182.714849 -1182.768920 -1183.127215 -1185.183406 -1189.728335 -1195.661953 -1180.533579 -1922.654143 -1994.382033 -1996.468257 -1995.753992 -1995.542960 -1995.502581 -1995.496211 -1995.495692 -1995.496080 -1995.496525 -1995.496893 -1995.497180 -1995.497403 -1995.497579 -1995.497720 -1995.497836 -1995.497935 -1995.498026 -1995.498116 -1995.498216 -1995.498341 -1995.498512 -1995.498762 -1995.499142 -1995.499736 -1995.500685 -1995.502231 -1995.504805 -1995.509196 -1995.516901 -1995.530840 -1995.556826 -1995.606694 -1995.705288 -1995.907453 -1996.343154 -1997.347376 -1999.875208 -2007.046557 -2030.875929 -9999.0 -9999.0
-9999.0 -9999.0 175.233983 77.632938 -21.091075 -120.135199 -219.301652 -318.514562 -417.733741 -516.932557 -616.070499 -715.052463 -813.933120 -912.639897 -1011.256182 -1109.922595 -1208.134684 -1305.692690 -1402.121045 -1496.549511 -1587.355969 -1671.820924 -1746.704791 -1809.621754 -1859.909354 -1898.477529 -1927.126119 -1947.895836 -1962.675100 -1973.037864 -1980.218175 -1985.145797 -1988.501532 -1990.773146 -1992.304599 -1993.337869 -1994.054011 -1994.646521 -1995.548738 -1997.906280 -2000.513174 -1947.980350 -1201.457963 -1207.690922 -1195.305829 -1187.116848 -1183.272533 -1182.678388 -1182.614026 -1182.619710 -1182.635473 -1182.652475 -1182.668823 -1182.683967 -1182.698068 -1182.714849 -1182.768920 -1183.127215 -1185.183406 -1189.728335 -1195.661953 -1180.533579 -1922.654143 -1994.382033 -1996.468257 -1995.753992 -1995.542960 -1995.502581 -1995.496211 -1995.495692 -1995.496080 -1995.496525 -1995.496893 -1995.497180 -1995.497403 -1995.497579 -1995.497720 -1995.497836 -1995.497935 -1995.498026 -1995.498116 -1995.498216 -1995.498341 -1995.498512 -1995.498762 -1995.499142 -1995.499736 -1995.500685 -1995.502231 -1995.504805 -1995.509196 -1995.516901 -1995.530840 -1995.556826 -1995.606694 -1995.705288 -1995.907453 -1996.343154 -1997.347376 -1999.875208 -2007.046557 -2030.875929 -9999.0 -9999.0
-9999.0 -9999.0 175.235264 77.633696 -21.090776 -120.135091 -219.301613 -318.514548 -417.733736 -516.932555 -616.070498 -715.052462 -813.933120 -912.639897 -1011.256182 -1109.922596 -1208.134684 -1305.692691 -1402.121045 -1496.549512 -1587.355969 -1671.820924 -1746.704791 -1809.621754 -1859.909354 -1898.477529 -1927.126119 -1947.895836 -1962.675100 -1973.037864 -1980.218175 -1985.145797 -1988.501532 -1990.773146 -1992.304599 -1993.337869 -1994.054011 -1994.646521 -1995.548738 -1997.906280 -2000.513174 -1947.980350 -1201.457963 -1207.690922 -1195.305829 -1187.116848 -1183.272533 -1182.678388 -1182.614026 -1182.619710 -1182.635473 -1182.652475 -1182.668823 -1182.683967 -1182.698068 -1182.714849 -1182.768920 -1183.127215 -1185.183406 -1189.728335 -1195.661953 -1180.533579 -1922.654143 -1994.382033 -1996.468257 -1995.753992 -1995.542960 -1995.502581 -1995.496211 -1995.495692 -1995.496080 -1995.496525 -1995.496893 -1995.497180 -1995.497403 -1995.497579 -1995.497720 -1995.497836 -1995.497935 -1995.498026 -1995.498116 -1995.498216 -1995.498341 -1995.498512 -1995.498762 -1995.499142 -1995.499736 -1995.500685 -1995.502231 -1995.504805 -1995.509196 -1995.516901 -1995.530840 -1995.556826 -1995.606694 -1995.705288 -1995.907453 -1996.343154 -1997.347376 -1999.875208 -2007.046557 -2030.875929 -9999.0 -9999.0
-9999.0 -9999.0 175.235264 77.633696 -21.090776 -120.135091 -219.301613 -318.514548 -417.733736 -516.932555 -616.070498 -715.052463 -813.933120 -912.639897 -1011.256182 -1109.922596 -1208.134684 -1305.692691 -1402.121045 -1496.549512 -1587.355969 -1671.820924 -1746.704791 -1809.621754 -1859.909354 -1898.477529 -1927.126119 -1947.895836 -1962.675100 -1973.037864 -1980.218175 -1985.145797 -1988.501532 -1990.773146 -1992.304599 -1993.337869 -1994.054011 -1994.646521 -1995.548738 -1997.906280 -2000.513174 -1947.980350 -1201.457963 -1207.690922 -1195.305829 -1187.116848 -1183.272533 -1182.678388 -1182.614026 -1182.619710 -1182.635473 -1182.652475 -1182.668823 -1182.683967 -1182.698068 -1182.714849 -1182.768920 -1183.127215 -1185.183406 -1189.728335 -1195.661953 -1180.533579 -1922.654143 -1994.382033 -1996.468257 -1995.753992 -1995.542960 -1995.502581 -1995.496211 -1995.495692 -1995.496080 -1995.496525 -1995.496893 -1995.497180 -1995.497403 -1995.497579 -1995.497720 -1995.497836 -1995.497935 -1995.498026 -1995.498116 -1995.498216 -1995.498341 -1995.498512 -1995.498762 -1995.499142 -1995.499736 -1995.500685 -1995.502231 -1995.504805 -1995.509196 -1995.516901 -1995.530840 -1995.556826 -1995.606694 -1995.705288 -1995.907453 -1996.343154 -1997.347376 -1999.875208 -2007.046557 -2030.875929 -9999.0 -9999.0
-9999.0 -9999.0 175.233983 77.632938 -21.091075 -120.135199 -219.301652 -318.514562 -417.733741 -516.932557 -616.070499 -715.052463 -813.933120 -912.639897 -1011.256182 -1109.922595 -1208.134684 -1305.692690 -1402.121045 -1496.549511 -1587.355969 -1671.820924 -1746.704791 -1809.621754 -1859.909354 -1898.477529 -1927.126119 -1947.895836 -1962.675100 -1973.037864 -1980.218175 -1985.145797 -1988.501532 -1990.773146 -1992.304599 -1993.337869 -1994.054011 -1994.646521 -1995.548738 -1997.906280 -2000.513174 -1947.980350 -1201.457963 -1207.690922 -1195.305829 -1187.116848 -1183.272533 -1182.678388 -1182.614026 -1182.619710 -1182.635473 -1182.652475 -1182.668823 -1182.683967 -1182.698068 -1182.714849 -1182.768920 -1183.127215 -1185.183406 -1189.728335 -1195.661953 -1180.533579 -1922.654143 -1994.382033 -1996.468257 -1995.753992 -1995.542960 -1995.502581 -1995.496211 -1995.495692 -1995.496080 -1995.496525 -1995.496893 -1995.497180 -1995.497403 -1995.497579 -1995.497720 -1995.497836 -1995.497935 -1995.498026 -1995.498116 -1995.498216 -1995.498341 -1995.498512 -1995.498762 -1995.499142 -1995.499736 -1995.500685 -1995.502231 -1995.504805 -1995.509196 -1995.516901 -1995.530840 -1995.556826 -1995.606694 -1995.705288 -1995.907453 -1996.343154 -1997.347376 -1999.875208 -2007.046557 -2030.875929 -9999.0 -9999.0
-9999.0 -9999.0 175.224900 77.631079 -21.091548 -120.135337 -219.301696 -318.514577 -417.733747 -516.932560 -616.070500 -715.052463 -813.933121 -912.639897 -1011.256182 -1109.922595 -1208.134684 -1305.692690 -1402.121045 -1496.549511 -1587.355969 -1671.820924 -1746.704791 -1809.621754 -1859.909354 -1898.477529 -1927.126119 -1947.895836 -1962.675100 -1973.037864 -1980.218175 -1985.145797 -1988.501532 -1990.773146 -1992.304599 -1993.337869 -1994.054011 -1994.646521 -1995.548738 -1997.906280 -2000.513174 -1947.980350 -1201.457963 -1207.690922 -1195.305829 -1187.116848 -1183.272533 -1182.678388 -1182.614026 -1182.619710 -1182.635473 -1182.652475 -1182.668823 -1182.683967 -1182.698068 -1182.714849 -1182.768920 -1183.127215 -1185.183406 -1189.728335 -1195.661953 -1180.533579 -1922.654143 -1994.382033 -1996.468257 -1995.753992 -1995.542960 -1995.502581 -1995.496211 -1995.495692 -1995.496080 -1995.496525 -1995.496893 -1995.497180 -1995.497403 -1995.497579 -1995.497720 -1995.497836 -1995.497935 -1995.498026 -1995.498116 -1995.498216 -1995.498341 -1995.498512 -1995.498762 -1995.499142 -1995.499736 -1995.500685 -1995.502231 -1995.504805 -1995.509196 -1995.516901 -1995.530840 -1995.556826 -1995.606694 -1995.705288 -1995.907453 -1996.343154 -1997.347376 -1999.875208 -2007.046557 -2030.875929 -9999.0 -9999.0
-9999.0 -9999.0 -9999.0 -9999.0 -9999.0 -9999.0 -9999.0 -9999.0 -9999.0 -9999.0 -9999.0 -9999.0 -9999.0 -9999.0 -9999.0 -9999.0 -9999.0 -9999.0 -9999.0 -9999.0 -9999.0 -9999.0 -9999.0 -9999.0 -9999.0 -9999.0 -9999.0 -9999.0 -9999.0 -9999.0 -9999.0 -9999.0 -9999.0 -9999.0 -9999.0 -9999.0 -9999.0 -9999.0 -9999.0 -9999.0 -9999.0 -9999.0 -9999.0 -9999.0 -9999.0 -9999.0 -9999.0 -9999.0 -9999.0 -9999.0 -9999.0 -9999.0 -9999.0 -9999.0 -9999.0 -9999.0 -9999.0 -9999.0 -9999.0 -9999.0 -9999.0 -9999.0 -9999.0 -9999.0 -9999.0 -9999.0 -9999.0 -9999.0 -9999.0 -9999.0 -9999.0 -9999.0 -9999.0 -9999.0 -9999.0 -9999.0 -9999.0 -9999.0 -9999.0 -9999.0 -9999.0 -9999.0 -9999.0 -9999.0 -9999.0 -9999.0 -9999.0 -9999.0 -9999.0 -9999.0 -9999.0 -9999.0 -9999.0 -9999.0 -9999.0 -9999.0 -9999.0 -9999.0 -9999.0 -9999.0 -9999.0 -9999.0 -9999.0 -9999.0
-9999.0 -9999.0 -9999.0 -9999.0 -9999.0 -9999.0 -9999.0 -9999.0 -9999.0 -9999.0 -9999.0 -9999.0 -9999.0 -9999.0 -9999.0 -9999.0 -9999.0 -9999.0 -9999.0 -9999.0 -9999.0 -9999.0 -9999.0 -9999.0 -9999.0 -9999.0 -9999.0 -9999.0 -9999.0 -9999.0 -9999.0 -9999.0 -9999.0 -9999.0 -9999.0 -9999.0 -9999.0 -9999.0 -9999.0 -9999.0 -9999.0 -9999.0 -9999.0 -9999.0 -9999.0 -9999.0 -9999.0 -9999.0 -9999.0 -9999.0 -9999.0 -9999.0 -9999.0 -9999.0 -9999.0 -9999.0 -9999.0 -9999.0 -9999.0 -9999.0 -9999.0 -9999.0 -9999.0 -9999.0 -9999.0 -9999.0 -9999.0 -9999.0 -9999.0 -9999.0 -9999.0 -9999.0 -9999.0 -9999.0 -9999.0 -9999.0 -9999.0 -9999.0 -9999.0 -9999.0 -9999.0 -9999.0 -9999.0 -9999.0 -9999.0 -9999.0 -9999.0 -9999.0 -9999.0 -9999.0 -9999.0 -9999.0 -9999.0 -9999.0 -9999.0 -9999.0 -9999.0 -9999.0 -9999.0 -9999.0 -9999.0 -9999.0 -9999.0 -9999.0