inst/processing_geotop_simulation/geotop_simulation/out/maps3D/PwL0021N0357.asc
ncols         104
nrows         10
xllcorner     -2.000000
yllcorner     0.000000
cellsize      1.000000
NODATA_value  -9999.0
-9999.0 -9999.0 -9999.0 -9999.0 -9999.0 -9999.0 -9999.0 -9999.0 -9999.0 -9999.0 -9999.0 -9999.0 -9999.0 -9999.0 -9999.0 -9999.0 -9999.0 -9999.0 -9999.0 -9999.0 -9999.0 -9999.0 -9999.0 -9999.0 -9999.0 -9999.0 -9999.0 -9999.0 -9999.0 -9999.0 -9999.0 -9999.0 -9999.0 -9999.0 -9999.0 -9999.0 -9999.0 -9999.0 -9999.0 -9999.0 -9999.0 -9999.0 -9999.0 -9999.0 -9999.0 -9999.0 -9999.0 -9999.0 -9999.0 -9999.0 -9999.0 -9999.0 -9999.0 -9999.0 -9999.0 -9999.0 -9999.0 -9999.0 -9999.0 -9999.0 -9999.0 -9999.0 -9999.0 -9999.0 -9999.0 -9999.0 -9999.0 -9999.0 -9999.0 -9999.0 -9999.0 -9999.0 -9999.0 -9999.0 -9999.0 -9999.0 -9999.0 -9999.0 -9999.0 -9999.0 -9999.0 -9999.0 -9999.0 -9999.0 -9999.0 -9999.0 -9999.0 -9999.0 -9999.0 -9999.0 -9999.0 -9999.0 -9999.0 -9999.0 -9999.0 -9999.0 -9999.0 -9999.0 -9999.0 -9999.0 -9999.0 -9999.0 -9999.0 -9999.0
-9999.0 -9999.0 -9999.0 -9999.0 -9999.0 -9999.0 -9999.0 -9999.0 -9999.0 -9999.0 -9999.0 -9999.0 -9999.0 -9999.0 -9999.0 -9999.0 -9999.0 -9999.0 -9999.0 -9999.0 -9999.0 -9999.0 -9999.0 -9999.0 -9999.0 -9999.0 -9999.0 -9999.0 -9999.0 -9999.0 -9999.0 -9999.0 -9999.0 -9999.0 -9999.0 -9999.0 -9999.0 -9999.0 -9999.0 -9999.0 -9999.0 -9999.0 -9999.0 -9999.0 -9999.0 -9999.0 -9999.0 -9999.0 -9999.0 -9999.0 -9999.0 -9999.0 -9999.0 -9999.0 -9999.0 -9999.0 -9999.0 -9999.0 -9999.0 -9999.0 -9999.0 -9999.0 -9999.0 -9999.0 -9999.0 -9999.0 -9999.0 -9999.0 -9999.0 -9999.0 -9999.0 -9999.0 -9999.0 -9999.0 -9999.0 -9999.0 -9999.0 -9999.0 -9999.0 -9999.0 -9999.0 -9999.0 -9999.0 -9999.0 -9999.0 -9999.0 -9999.0 -9999.0 -9999.0 -9999.0 -9999.0 -9999.0 -9999.0 -9999.0 -9999.0 -9999.0 -9999.0 -9999.0 -9999.0 -9999.0 -9999.0 -9999.0 -9999.0 -9999.0
-9999.0 -9999.0 1018.993939 920.133290 821.219319 722.172227 623.048579 523.890442 424.721884 325.556292 226.401222 127.261066 28.139007 -70.959156 -170.032876 -269.068724 -368.036143 -466.875322 -565.474518 -663.632536 -761.482619 -859.235567 -956.405482 -1052.743539 -1144.744360 -1227.981484 -1302.556015 -1366.973500 -1420.555284 -1463.523149 -1496.847433 -1521.953424 -1540.415841 -1553.730016 -1563.185423 -1569.826101 -1574.475995 -1577.845708 -1580.868519 -1585.682609 -1597.837892 -1632.645516 -1706.528384 -2886.699033 -3913.848630 -3910.624997 -3627.774124 -3127.533404 -2800.302167 -2594.370836 -2447.772334 -2323.934940 -2248.003764 -2198.744335 -2152.904758 -2104.763524 -2052.558927 -1996.879107 -1939.494526 -1881.556435 -1810.650893 -1478.275114 -1589.014920 -1589.654029 -1586.236965 -1584.968888 -1584.670417 -1584.613753 -1584.604526 -1584.603581 -1584.603956 -1584.604464 -1584.604915 -1584.605293 -1584.605612 -1584.605888 -1584.606133 -1584.606357 -1584.606567 -1584.606772 -1584.606981 -1584.607203 -1584.607454 -1584.607756 -1584.608140 -1584.608658 -1584.609395 -1584.610492 -1584.612193 -1584.614932 -1584.619517 -1584.627482 -1584.641844 -1584.668687 -1584.720658 -1584.825235 -1585.045757 -1585.538270 -1586.711909 -1589.713059 -1598.071775 -1624.187464 -9999.0 -9999.0
-9999.0 -9999.0 1018.996536 920.134320 821.219666 722.172342 623.048619 523.890456 424.721890 325.556294 226.401223 127.261067 28.139007 -70.959156 -170.032876 -269.068724 -368.036143 -466.875322 -565.474518 -663.632536 -761.482620 -859.235567 -956.405482 -1052.743539 -1144.744360 -1227.981484 -1302.556015 -1366.973500 -1420.555284 -1463.523149 -1496.847433 -1521.953425 -1540.415841 -1553.730016 -1563.185423 -1569.826101 -1574.475995 -1577.845708 -1580.868519 -1585.682609 -1597.837892 -1632.645516 -1706.528384 -2886.699032 -3913.848630 -3910.624997 -3627.774124 -3127.533403 -2800.302167 -2594.370835 -2447.772332 -2323.934940 -2248.003764 -2198.744335 -2152.904758 -2104.763524 -2052.558926 -1996.879107 -1939.494526 -1881.556435 -1810.650893 -1478.275114 -1589.014920 -1589.654029 -1586.236965 -1584.968888 -1584.670417 -1584.613753 -1584.604526 -1584.603581 -1584.603956 -1584.604464 -1584.604915 -1584.605293 -1584.605612 -1584.605888 -1584.606133 -1584.606356 -1584.606567 -1584.606772 -1584.606981 -1584.607203 -1584.607454 -1584.607756 -1584.608140 -1584.608658 -1584.609395 -1584.610492 -1584.612192 -1584.614932 -1584.619517 -1584.627482 -1584.641844 -1584.668687 -1584.720658 -1584.825235 -1585.045757 -1585.538270 -1586.711909 -1589.713059 -1598.071775 -1624.187464 -9999.0 -9999.0
-9999.0 -9999.0 1018.997586 920.134889 821.219908 722.172436 623.048654 523.890469 424.721894 325.556297 226.401224 127.261067 28.139007 -70.959156 -170.032876 -269.068724 -368.036144 -466.875322 -565.474518 -663.632536 -761.482620 -859.235567 -956.405483 -1052.743539 -1144.744360 -1227.981484 -1302.556015 -1366.973500 -1420.555284 -1463.523149 -1496.847433 -1521.953425 -1540.415841 -1553.730016 -1563.185423 -1569.826101 -1574.475995 -1577.845708 -1580.868519 -1585.682609 -1597.837892 -1632.645516 -1706.528384 -2886.699032 -3913.848630 -3910.624997 -3627.774124 -3127.533402 -2800.302166 -2594.370833 -2447.772331 -2323.934939 -2248.003764 -2198.744335 -2152.904758 -2104.763524 -2052.558926 -1996.879107 -1939.494526 -1881.556435 -1810.650893 -1478.275114 -1589.014920 -1589.654029 -1586.236965 -1584.968888 -1584.670417 -1584.613753 -1584.604526 -1584.603581 -1584.603956 -1584.604464 -1584.604915 -1584.605293 -1584.605612 -1584.605888 -1584.606133 -1584.606356 -1584.606567 -1584.606772 -1584.606981 -1584.607203 -1584.607454 -1584.607756 -1584.608140 -1584.608658 -1584.609395 -1584.610492 -1584.612192 -1584.614932 -1584.619517 -1584.627482 -1584.641844 -1584.668687 -1584.720658 -1584.825235 -1585.045757 -1585.538270 -1586.711909 -1589.713059 -1598.071775 -1624.187464 -9999.0 -9999.0
-9999.0 -9999.0 1018.997586 920.134889 821.219908 722.172436 623.048654 523.890469 424.721894 325.556296 226.401224 127.261067 28.139008 -70.959156 -170.032876 -269.068724 -368.036144 -466.875322 -565.474518 -663.632536 -761.482620 -859.235567 -956.405483 -1052.743539 -1144.744360 -1227.981484 -1302.556015 -1366.973500 -1420.555284 -1463.523150 -1496.847433 -1521.953425 -1540.415841 -1553.730016 -1563.185423 -1569.826101 -1574.475995 -1577.845708 -1580.868519 -1585.682609 -1597.837892 -1632.645516 -1706.528384 -2886.699032 -3913.848630 -3910.624997 -3627.774124 -3127.533402 -2800.302166 -2594.370834 -2447.772331 -2323.934939 -2248.003764 -2198.744335 -2152.904758 -2104.763524 -2052.558926 -1996.879107 -1939.494526 -1881.556435 -1810.650893 -1478.275114 -1589.014920 -1589.654029 -1586.236965 -1584.968888 -1584.670417 -1584.613753 -1584.604526 -1584.603581 -1584.603956 -1584.604464 -1584.604915 -1584.605293 -1584.605612 -1584.605888 -1584.606133 -1584.606356 -1584.606567 -1584.606772 -1584.606981 -1584.607203 -1584.607454 -1584.607756 -1584.608140 -1584.608658 -1584.609395 -1584.610492 -1584.612192 -1584.614932 -1584.619517 -1584.627482 -1584.641844 -1584.668687 -1584.720658 -1584.825235 -1585.045757 -1585.538270 -1586.711909 -1589.713059 -1598.071775 -1624.187464 -9999.0 -9999.0
-9999.0 -9999.0 1018.996536 920.134320 821.219666 722.172342 623.048619 523.890456 424.721889 325.556295 226.401223 127.261067 28.139007 -70.959156 -170.032876 -269.068724 -368.036143 -466.875322 -565.474518 -663.632536 -761.482620 -859.235567 -956.405483 -1052.743539 -1144.744360 -1227.981484 -1302.556015 -1366.973500 -1420.555284 -1463.523149 -1496.847433 -1521.953425 -1540.415841 -1553.730016 -1563.185423 -1569.826101 -1574.475995 -1577.845708 -1580.868519 -1585.682609 -1597.837892 -1632.645516 -1706.528384 -2886.699032 -3913.848630 -3910.624997 -3627.774124 -3127.533403 -2800.302167 -2594.370834 -2447.772332 -2323.934940 -2248.003764 -2198.744335 -2152.904758 -2104.763524 -2052.558927 -1996.879107 -1939.494526 -1881.556435 -1810.650893 -1478.275114 -1589.014920 -1589.654029 -1586.236965 -1584.968888 -1584.670417 -1584.613753 -1584.604526 -1584.603581 -1584.603956 -1584.604464 -1584.604915 -1584.605293 -1584.605612 -1584.605888 -1584.606133 -1584.606356 -1584.606567 -1584.606772 -1584.606981 -1584.607203 -1584.607454 -1584.607756 -1584.608140 -1584.608658 -1584.609395 -1584.610492 -1584.612192 -1584.614932 -1584.619517 -1584.627482 -1584.641844 -1584.668687 -1584.720658 -1584.825235 -1585.045757 -1585.538270 -1586.711909 -1589.713059 -1598.071775 -1624.187464 -9999.0 -9999.0
-9999.0 -9999.0 1018.993940 920.133290 821.219319 722.172227 623.048579 523.890442 424.721884 325.556292 226.401222 127.261066 28.139007 -70.959156 -170.032876 -269.068724 -368.036143 -466.875322 -565.474518 -663.632536 -761.482619 -859.235567 -956.405482 -1052.743539 -1144.744360 -1227.981484 -1302.556015 -1366.973500 -1420.555284 -1463.523149 -1496.847433 -1521.953424 -1540.415841 -1553.730016 -1563.185423 -1569.826101 -1574.475995 -1577.845708 -1580.868519 -1585.682609 -1597.837892 -1632.645516 -1706.528384 -2886.699033 -3913.848630 -3910.624997 -3627.774124 -3127.533404 -2800.302167 -2594.370836 -2447.772334 -2323.934940 -2248.003764 -2198.744335 -2152.904758 -2104.763524 -2052.558927 -1996.879107 -1939.494526 -1881.556436 -1810.650893 -1478.275114 -1589.014920 -1589.654029 -1586.236965 -1584.968888 -1584.670417 -1584.613753 -1584.604526 -1584.603581 -1584.603956 -1584.604464 -1584.604915 -1584.605293 -1584.605612 -1584.605888 -1584.606133 -1584.606357 -1584.606567 -1584.606772 -1584.606981 -1584.607203 -1584.607454 -1584.607756 -1584.608140 -1584.608658 -1584.609395 -1584.610492 -1584.612193 -1584.614932 -1584.619517 -1584.627482 -1584.641844 -1584.668687 -1584.720658 -1584.825235 -1585.045757 -1585.538270 -1586.711909 -1589.713059 -1598.071775 -1624.187464 -9999.0 -9999.0
-9999.0 -9999.0 -9999.0 -9999.0 -9999.0 -9999.0 -9999.0 -9999.0 -9999.0 -9999.0 -9999.0 -9999.0 -9999.0 -9999.0 -9999.0 -9999.0 -9999.0 -9999.0 -9999.0 -9999.0 -9999.0 -9999.0 -9999.0 -9999.0 -9999.0 -9999.0 -9999.0 -9999.0 -9999.0 -9999.0 -9999.0 -9999.0 -9999.0 -9999.0 -9999.0 -9999.0 -9999.0 -9999.0 -9999.0 -9999.0 -9999.0 -9999.0 -9999.0 -9999.0 -9999.0 -9999.0 -9999.0 -9999.0 -9999.0 -9999.0 -9999.0 -9999.0 -9999.0 -9999.0 -9999.0 -9999.0 -9999.0 -9999.0 -9999.0 -9999.0 -9999.0 -9999.0 -9999.0 -9999.0 -9999.0 -9999.0 -9999.0 -9999.0 -9999.0 -9999.0 -9999.0 -9999.0 -9999.0 -9999.0 -9999.0 -9999.0 -9999.0 -9999.0 -9999.0 -9999.0 -9999.0 -9999.0 -9999.0 -9999.0 -9999.0 -9999.0 -9999.0 -9999.0 -9999.0 -9999.0 -9999.0 -9999.0 -9999.0 -9999.0 -9999.0 -9999.0 -9999.0 -9999.0 -9999.0 -9999.0 -9999.0 -9999.0 -9999.0 -9999.0
-9999.0 -9999.0 -9999.0 -9999.0 -9999.0 -9999.0 -9999.0 -9999.0 -9999.0 -9999.0 -9999.0 -9999.0 -9999.0 -9999.0 -9999.0 -9999.0 -9999.0 -9999.0 -9999.0 -9999.0 -9999.0 -9999.0 -9999.0 -9999.0 -9999.0 -9999.0 -9999.0 -9999.0 -9999.0 -9999.0 -9999.0 -9999.0 -9999.0 -9999.0 -9999.0 -9999.0 -9999.0 -9999.0 -9999.0 -9999.0 -9999.0 -9999.0 -9999.0 -9999.0 -9999.0 -9999.0 -9999.0 -9999.0 -9999.0 -9999.0 -9999.0 -9999.0 -9999.0 -9999.0 -9999.0 -9999.0 -9999.0 -9999.0 -9999.0 -9999.0 -9999.0 -9999.0 -9999.0 -9999.0 -9999.0 -9999.0 -9999.0 -9999.0 -9999.0 -9999.0 -9999.0 -9999.0 -9999.0 -9999.0 -9999.0 -9999.0 -9999.0 -9999.0 -9999.0 -9999.0 -9999.0 -9999.0 -9999.0 -9999.0 -9999.0 -9999.0 -9999.0 -9999.0 -9999.0 -9999.0 -9999.0 -9999.0 -9999.0 -9999.0 -9999.0 -9999.0 -9999.0 -9999.0 -9999.0 -9999.0 -9999.0 -9999.0 -9999.0 -9999.0