inst/processing_geotop_simulation/geotop_simulation/out/maps3D/PwL0003N0383.asc
ncols         104
nrows         10
xllcorner     -2.000000
yllcorner     0.000000
cellsize      1.000000
NODATA_value  -9999.0
-9999.0 -9999.0 -9999.0 -9999.0 -9999.0 -9999.0 -9999.0 -9999.0 -9999.0 -9999.0 -9999.0 -9999.0 -9999.0 -9999.0 -9999.0 -9999.0 -9999.0 -9999.0 -9999.0 -9999.0 -9999.0 -9999.0 -9999.0 -9999.0 -9999.0 -9999.0 -9999.0 -9999.0 -9999.0 -9999.0 -9999.0 -9999.0 -9999.0 -9999.0 -9999.0 -9999.0 -9999.0 -9999.0 -9999.0 -9999.0 -9999.0 -9999.0 -9999.0 -9999.0 -9999.0 -9999.0 -9999.0 -9999.0 -9999.0 -9999.0 -9999.0 -9999.0 -9999.0 -9999.0 -9999.0 -9999.0 -9999.0 -9999.0 -9999.0 -9999.0 -9999.0 -9999.0 -9999.0 -9999.0 -9999.0 -9999.0 -9999.0 -9999.0 -9999.0 -9999.0 -9999.0 -9999.0 -9999.0 -9999.0 -9999.0 -9999.0 -9999.0 -9999.0 -9999.0 -9999.0 -9999.0 -9999.0 -9999.0 -9999.0 -9999.0 -9999.0 -9999.0 -9999.0 -9999.0 -9999.0 -9999.0 -9999.0 -9999.0 -9999.0 -9999.0 -9999.0 -9999.0 -9999.0 -9999.0 -9999.0 -9999.0 -9999.0 -9999.0 -9999.0
-9999.0 -9999.0 -9999.0 -9999.0 -9999.0 -9999.0 -9999.0 -9999.0 -9999.0 -9999.0 -9999.0 -9999.0 -9999.0 -9999.0 -9999.0 -9999.0 -9999.0 -9999.0 -9999.0 -9999.0 -9999.0 -9999.0 -9999.0 -9999.0 -9999.0 -9999.0 -9999.0 -9999.0 -9999.0 -9999.0 -9999.0 -9999.0 -9999.0 -9999.0 -9999.0 -9999.0 -9999.0 -9999.0 -9999.0 -9999.0 -9999.0 -9999.0 -9999.0 -9999.0 -9999.0 -9999.0 -9999.0 -9999.0 -9999.0 -9999.0 -9999.0 -9999.0 -9999.0 -9999.0 -9999.0 -9999.0 -9999.0 -9999.0 -9999.0 -9999.0 -9999.0 -9999.0 -9999.0 -9999.0 -9999.0 -9999.0 -9999.0 -9999.0 -9999.0 -9999.0 -9999.0 -9999.0 -9999.0 -9999.0 -9999.0 -9999.0 -9999.0 -9999.0 -9999.0 -9999.0 -9999.0 -9999.0 -9999.0 -9999.0 -9999.0 -9999.0 -9999.0 -9999.0 -9999.0 -9999.0 -9999.0 -9999.0 -9999.0 -9999.0 -9999.0 -9999.0 -9999.0 -9999.0 -9999.0 -9999.0 -9999.0 -9999.0 -9999.0 -9999.0
-9999.0 -9999.0 125.514801 27.978878 -70.774025 -169.846870 -269.038657 -368.274227 -467.514196 -566.731652 -665.879382 -764.899923 -863.804262 -962.535848 -1061.197268 -1159.843312 -1258.067941 -1355.642459 -1452.090537 -1546.533467 -1637.334464 -1721.751828 -1796.512493 -1859.211671 -1909.206641 -1947.453203 -1975.795528 -1996.301644 -2010.869677 -2021.071591 -2028.133835 -2032.977076 -2036.273669 -2038.504415 -2040.007925 -2041.022261 -2041.725783 -2042.310382 -2043.206382 -2045.520050 -2047.591926 -1989.957801 -1218.861457 -1219.937462 -1208.792245 -1201.430833 -1197.970026 -1197.429548 -1197.370728 -1197.375904 -1197.390308 -1197.405847 -1197.420790 -1197.434635 -1197.447529 -1197.462911 -1197.512594 -1197.840091 -1199.697090 -1203.795040 -1209.218056 -1200.084715 -1965.407843 -2041.598956 -2044.080124 -2043.396997 -2043.187263 -2043.146712 -2043.140279 -2043.139743 -2043.140121 -2043.140561 -2043.140925 -2043.141209 -2043.141429 -2043.141602 -2043.141742 -2043.141857 -2043.141955 -2043.142044 -2043.142133 -2043.142232 -2043.142356 -2043.142525 -2043.142772 -2043.143149 -2043.143737 -2043.144677 -2043.146210 -2043.148760 -2043.153113 -2043.160753 -2043.174578 -2043.200358 -2043.249842 -2043.347711 -2043.548483 -2043.981483 -2044.980516 -2047.499435 -2054.661731 -2078.505287 -9999.0 -9999.0
-9999.0 -9999.0 125.524574 27.980752 -70.773554 -169.846732 -269.038613 -368.274212 -467.514190 -566.731650 -665.879381 -764.899922 -863.804262 -962.535848 -1061.197268 -1159.843312 -1258.067941 -1355.642459 -1452.090537 -1546.533467 -1637.334465 -1721.751828 -1796.512493 -1859.211671 -1909.206641 -1947.453203 -1975.795528 -1996.301644 -2010.869677 -2021.071591 -2028.133835 -2032.977076 -2036.273669 -2038.504415 -2040.007925 -2041.022261 -2041.725783 -2042.310382 -2043.206382 -2045.520050 -2047.591926 -1989.957801 -1218.861457 -1219.937462 -1208.792245 -1201.430833 -1197.970026 -1197.429548 -1197.370728 -1197.375904 -1197.390308 -1197.405847 -1197.420790 -1197.434635 -1197.447529 -1197.462911 -1197.512594 -1197.840091 -1199.697090 -1203.795040 -1209.218056 -1200.084715 -1965.407843 -2041.598956 -2044.080124 -2043.396997 -2043.187263 -2043.146712 -2043.140279 -2043.139743 -2043.140121 -2043.140561 -2043.140925 -2043.141209 -2043.141429 -2043.141602 -2043.141742 -2043.141857 -2043.141955 -2043.142044 -2043.142133 -2043.142232 -2043.142356 -2043.142525 -2043.142772 -2043.143149 -2043.143737 -2043.144677 -2043.146210 -2043.148760 -2043.153113 -2043.160753 -2043.174578 -2043.200358 -2043.249842 -2043.347711 -2043.548483 -2043.981483 -2044.980516 -2047.499435 -2054.661731 -2078.505287 -9999.0 -9999.0
-9999.0 -9999.0 125.525793 27.981510 -70.773255 -169.846624 -269.038575 -368.274198 -467.514185 -566.731648 -665.879380 -764.899922 -863.804262 -962.535848 -1061.197268 -1159.843312 -1258.067941 -1355.642459 -1452.090537 -1546.533467 -1637.334465 -1721.751828 -1796.512493 -1859.211671 -1909.206641 -1947.453203 -1975.795528 -1996.301644 -2010.869677 -2021.071591 -2028.133835 -2032.977076 -2036.273669 -2038.504415 -2040.007925 -2041.022261 -2041.725783 -2042.310382 -2043.206382 -2045.520050 -2047.591926 -1989.957801 -1218.861457 -1219.937462 -1208.792245 -1201.430833 -1197.970026 -1197.429548 -1197.370728 -1197.375904 -1197.390308 -1197.405847 -1197.420790 -1197.434635 -1197.447529 -1197.462911 -1197.512594 -1197.840091 -1199.697090 -1203.795040 -1209.218056 -1200.084715 -1965.407843 -2041.598956 -2044.080124 -2043.396997 -2043.187263 -2043.146712 -2043.140279 -2043.139743 -2043.140121 -2043.140561 -2043.140925 -2043.141209 -2043.141429 -2043.141602 -2043.141742 -2043.141857 -2043.141955 -2043.142044 -2043.142133 -2043.142232 -2043.142356 -2043.142525 -2043.142772 -2043.143149 -2043.143737 -2043.144677 -2043.146210 -2043.148760 -2043.153113 -2043.160753 -2043.174578 -2043.200358 -2043.249842 -2043.347711 -2043.548483 -2043.981483 -2044.980516 -2047.499435 -2054.661731 -2078.505287 -9999.0 -9999.0
-9999.0 -9999.0 125.525793 27.981510 -70.773255 -169.846624 -269.038575 -368.274198 -467.514185 -566.731648 -665.879380 -764.899922 -863.804262 -962.535848 -1061.197268 -1159.843312 -1258.067941 -1355.642459 -1452.090537 -1546.533467 -1637.334465 -1721.751828 -1796.512493 -1859.211671 -1909.206641 -1947.453203 -1975.795528 -1996.301644 -2010.869677 -2021.071591 -2028.133835 -2032.977076 -2036.273669 -2038.504415 -2040.007925 -2041.022261 -2041.725783 -2042.310382 -2043.206382 -2045.520050 -2047.591926 -1989.957801 -1218.861457 -1219.937462 -1208.792245 -1201.430833 -1197.970026 -1197.429548 -1197.370728 -1197.375904 -1197.390308 -1197.405847 -1197.420790 -1197.434635 -1197.447529 -1197.462911 -1197.512594 -1197.840091 -1199.697090 -1203.795040 -1209.218056 -1200.084715 -1965.407843 -2041.598956 -2044.080124 -2043.396997 -2043.187263 -2043.146712 -2043.140279 -2043.139743 -2043.140121 -2043.140561 -2043.140925 -2043.141209 -2043.141429 -2043.141602 -2043.141742 -2043.141857 -2043.141955 -2043.142044 -2043.142133 -2043.142232 -2043.142356 -2043.142525 -2043.142772 -2043.143149 -2043.143737 -2043.144677 -2043.146210 -2043.148760 -2043.153113 -2043.160753 -2043.174578 -2043.200358 -2043.249842 -2043.347711 -2043.548483 -2043.981483 -2044.980516 -2047.499435 -2054.661731 -2078.505287 -9999.0 -9999.0
-9999.0 -9999.0 125.524574 27.980752 -70.773554 -169.846732 -269.038613 -368.274212 -467.514190 -566.731650 -665.879381 -764.899922 -863.804262 -962.535848 -1061.197268 -1159.843312 -1258.067941 -1355.642459 -1452.090537 -1546.533467 -1637.334465 -1721.751828 -1796.512493 -1859.211671 -1909.206641 -1947.453203 -1975.795528 -1996.301644 -2010.869677 -2021.071591 -2028.133835 -2032.977076 -2036.273669 -2038.504415 -2040.007925 -2041.022261 -2041.725783 -2042.310382 -2043.206382 -2045.520050 -2047.591926 -1989.957801 -1218.861457 -1219.937462 -1208.792245 -1201.430833 -1197.970026 -1197.429548 -1197.370728 -1197.375904 -1197.390308 -1197.405847 -1197.420790 -1197.434635 -1197.447529 -1197.462911 -1197.512594 -1197.840091 -1199.697090 -1203.795040 -1209.218056 -1200.084715 -1965.407843 -2041.598956 -2044.080124 -2043.396997 -2043.187263 -2043.146712 -2043.140279 -2043.139743 -2043.140121 -2043.140561 -2043.140925 -2043.141209 -2043.141429 -2043.141602 -2043.141742 -2043.141857 -2043.141955 -2043.142044 -2043.142133 -2043.142232 -2043.142356 -2043.142525 -2043.142772 -2043.143149 -2043.143737 -2043.144677 -2043.146210 -2043.148760 -2043.153113 -2043.160753 -2043.174578 -2043.200358 -2043.249842 -2043.347711 -2043.548483 -2043.981483 -2044.980516 -2047.499435 -2054.661731 -2078.505287 -9999.0 -9999.0
-9999.0 -9999.0 125.514801 27.978878 -70.774025 -169.846870 -269.038657 -368.274227 -467.514196 -566.731652 -665.879382 -764.899923 -863.804262 -962.535848 -1061.197268 -1159.843312 -1258.067941 -1355.642459 -1452.090537 -1546.533467 -1637.334464 -1721.751828 -1796.512493 -1859.211671 -1909.206641 -1947.453203 -1975.795528 -1996.301644 -2010.869677 -2021.071591 -2028.133835 -2032.977076 -2036.273669 -2038.504415 -2040.007925 -2041.022261 -2041.725783 -2042.310382 -2043.206382 -2045.520050 -2047.591926 -1989.957801 -1218.861457 -1219.937462 -1208.792245 -1201.430833 -1197.970026 -1197.429548 -1197.370728 -1197.375904 -1197.390308 -1197.405847 -1197.420790 -1197.434635 -1197.447529 -1197.462911 -1197.512594 -1197.840091 -1199.697090 -1203.795040 -1209.218056 -1200.084715 -1965.407843 -2041.598956 -2044.080124 -2043.396997 -2043.187263 -2043.146712 -2043.140279 -2043.139743 -2043.140121 -2043.140561 -2043.140925 -2043.141209 -2043.141429 -2043.141602 -2043.141742 -2043.141857 -2043.141955 -2043.142044 -2043.142133 -2043.142232 -2043.142356 -2043.142525 -2043.142772 -2043.143149 -2043.143737 -2043.144677 -2043.146210 -2043.148760 -2043.153113 -2043.160753 -2043.174578 -2043.200358 -2043.249842 -2043.347711 -2043.548483 -2043.981483 -2044.980516 -2047.499435 -2054.661731 -2078.505287 -9999.0 -9999.0
-9999.0 -9999.0 -9999.0 -9999.0 -9999.0 -9999.0 -9999.0 -9999.0 -9999.0 -9999.0 -9999.0 -9999.0 -9999.0 -9999.0 -9999.0 -9999.0 -9999.0 -9999.0 -9999.0 -9999.0 -9999.0 -9999.0 -9999.0 -9999.0 -9999.0 -9999.0 -9999.0 -9999.0 -9999.0 -9999.0 -9999.0 -9999.0 -9999.0 -9999.0 -9999.0 -9999.0 -9999.0 -9999.0 -9999.0 -9999.0 -9999.0 -9999.0 -9999.0 -9999.0 -9999.0 -9999.0 -9999.0 -9999.0 -9999.0 -9999.0 -9999.0 -9999.0 -9999.0 -9999.0 -9999.0 -9999.0 -9999.0 -9999.0 -9999.0 -9999.0 -9999.0 -9999.0 -9999.0 -9999.0 -9999.0 -9999.0 -9999.0 -9999.0 -9999.0 -9999.0 -9999.0 -9999.0 -9999.0 -9999.0 -9999.0 -9999.0 -9999.0 -9999.0 -9999.0 -9999.0 -9999.0 -9999.0 -9999.0 -9999.0 -9999.0 -9999.0 -9999.0 -9999.0 -9999.0 -9999.0 -9999.0 -9999.0 -9999.0 -9999.0 -9999.0 -9999.0 -9999.0 -9999.0 -9999.0 -9999.0 -9999.0 -9999.0 -9999.0 -9999.0
-9999.0 -9999.0 -9999.0 -9999.0 -9999.0 -9999.0 -9999.0 -9999.0 -9999.0 -9999.0 -9999.0 -9999.0 -9999.0 -9999.0 -9999.0 -9999.0 -9999.0 -9999.0 -9999.0 -9999.0 -9999.0 -9999.0 -9999.0 -9999.0 -9999.0 -9999.0 -9999.0 -9999.0 -9999.0 -9999.0 -9999.0 -9999.0 -9999.0 -9999.0 -9999.0 -9999.0 -9999.0 -9999.0 -9999.0 -9999.0 -9999.0 -9999.0 -9999.0 -9999.0 -9999.0 -9999.0 -9999.0 -9999.0 -9999.0 -9999.0 -9999.0 -9999.0 -9999.0 -9999.0 -9999.0 -9999.0 -9999.0 -9999.0 -9999.0 -9999.0 -9999.0 -9999.0 -9999.0 -9999.0 -9999.0 -9999.0 -9999.0 -9999.0 -9999.0 -9999.0 -9999.0 -9999.0 -9999.0 -9999.0 -9999.0 -9999.0 -9999.0 -9999.0 -9999.0 -9999.0 -9999.0 -9999.0 -9999.0 -9999.0 -9999.0 -9999.0 -9999.0 -9999.0 -9999.0 -9999.0 -9999.0 -9999.0 -9999.0 -9999.0 -9999.0 -9999.0 -9999.0 -9999.0 -9999.0 -9999.0 -9999.0 -9999.0 -9999.0 -9999.0