inst/processing_geotop_simulation/geotop_simulation/out/maps3D/PwL0016N0163.asc
ncols         104
nrows         10
xllcorner     -2.000000
yllcorner     0.000000
cellsize      1.000000
NODATA_value  -9999.0
-9999.0 -9999.0 -9999.0 -9999.0 -9999.0 -9999.0 -9999.0 -9999.0 -9999.0 -9999.0 -9999.0 -9999.0 -9999.0 -9999.0 -9999.0 -9999.0 -9999.0 -9999.0 -9999.0 -9999.0 -9999.0 -9999.0 -9999.0 -9999.0 -9999.0 -9999.0 -9999.0 -9999.0 -9999.0 -9999.0 -9999.0 -9999.0 -9999.0 -9999.0 -9999.0 -9999.0 -9999.0 -9999.0 -9999.0 -9999.0 -9999.0 -9999.0 -9999.0 -9999.0 -9999.0 -9999.0 -9999.0 -9999.0 -9999.0 -9999.0 -9999.0 -9999.0 -9999.0 -9999.0 -9999.0 -9999.0 -9999.0 -9999.0 -9999.0 -9999.0 -9999.0 -9999.0 -9999.0 -9999.0 -9999.0 -9999.0 -9999.0 -9999.0 -9999.0 -9999.0 -9999.0 -9999.0 -9999.0 -9999.0 -9999.0 -9999.0 -9999.0 -9999.0 -9999.0 -9999.0 -9999.0 -9999.0 -9999.0 -9999.0 -9999.0 -9999.0 -9999.0 -9999.0 -9999.0 -9999.0 -9999.0 -9999.0 -9999.0 -9999.0 -9999.0 -9999.0 -9999.0 -9999.0 -9999.0 -9999.0 -9999.0 -9999.0 -9999.0 -9999.0
-9999.0 -9999.0 -9999.0 -9999.0 -9999.0 -9999.0 -9999.0 -9999.0 -9999.0 -9999.0 -9999.0 -9999.0 -9999.0 -9999.0 -9999.0 -9999.0 -9999.0 -9999.0 -9999.0 -9999.0 -9999.0 -9999.0 -9999.0 -9999.0 -9999.0 -9999.0 -9999.0 -9999.0 -9999.0 -9999.0 -9999.0 -9999.0 -9999.0 -9999.0 -9999.0 -9999.0 -9999.0 -9999.0 -9999.0 -9999.0 -9999.0 -9999.0 -9999.0 -9999.0 -9999.0 -9999.0 -9999.0 -9999.0 -9999.0 -9999.0 -9999.0 -9999.0 -9999.0 -9999.0 -9999.0 -9999.0 -9999.0 -9999.0 -9999.0 -9999.0 -9999.0 -9999.0 -9999.0 -9999.0 -9999.0 -9999.0 -9999.0 -9999.0 -9999.0 -9999.0 -9999.0 -9999.0 -9999.0 -9999.0 -9999.0 -9999.0 -9999.0 -9999.0 -9999.0 -9999.0 -9999.0 -9999.0 -9999.0 -9999.0 -9999.0 -9999.0 -9999.0 -9999.0 -9999.0 -9999.0 -9999.0 -9999.0 -9999.0 -9999.0 -9999.0 -9999.0 -9999.0 -9999.0 -9999.0 -9999.0 -9999.0 -9999.0 -9999.0 -9999.0
-9999.0 -9999.0 782.850022 688.866098 593.889655 498.076629 401.849360 305.439430 208.966699 112.494659 16.060913 -80.299690 -176.569280 -272.661657 -368.427572 -463.627307 -557.900329 -650.742894 -744.088467 -836.237737 -926.825881 -1015.734729 -1089.406483 -1150.752260 -1199.149589 -1235.518019 -1261.745672 -1280.033751 -1292.439907 -1300.667425 -1306.024147 -1309.461385 -1311.643151 -1313.017993 -1313.881166 -1314.425390 -1314.782898 -1315.076854 -1315.612600 -1317.996872 -1330.767391 -1407.774564 -2035.438853 -4161.483208 -4183.167270 -4183.168317 -4183.168317 -4183.168317 -4183.168317 -4183.168317 -4183.168317 -4183.168316 -4183.168315 -4183.168314 -4183.168311 -4183.168306 -4183.168294 -4183.168262 -4183.168171 -4183.165832 -4147.491447 -1912.461347 -1373.728180 -1324.634486 -1316.877121 -1315.699506 -1315.530272 -1315.505357 -1315.502271 -1315.502789 -1315.503779 -1315.504655 -1315.505341 -1315.505865 -1315.506267 -1315.506580 -1315.506828 -1315.507029 -1315.507197 -1315.507346 -1315.507492 -1315.507653 -1315.507856 -1315.508136 -1315.508549 -1315.509182 -1315.510178 -1315.511771 -1315.514358 -1315.518636 -1315.525861 -1315.538390 -1315.560761 -1315.601927 -1315.679835 -1315.831131 -1316.133300 -1316.761179 -1318.144145 -1321.414801 -1329.771373 -1354.046505 -9999.0 -9999.0
-9999.0 -9999.0 782.854423 688.867621 593.890127 498.076779 401.849409 305.439446 208.966705 112.494661 16.060913 -80.299690 -176.569280 -272.661657 -368.427572 -463.627307 -557.900330 -650.742894 -744.088467 -836.237737 -926.825882 -1015.734730 -1089.406484 -1150.752260 -1199.149590 -1235.518019 -1261.745672 -1280.033752 -1292.439907 -1300.667425 -1306.024147 -1309.461386 -1311.643151 -1313.017993 -1313.881166 -1314.425390 -1314.782898 -1315.076854 -1315.612600 -1317.996872 -1330.767391 -1407.774564 -2035.438853 -4161.483208 -4183.167270 -4183.168317 -4183.168317 -4183.168317 -4183.168317 -4183.168317 -4183.168317 -4183.168316 -4183.168315 -4183.168314 -4183.168311 -4183.168306 -4183.168294 -4183.168262 -4183.168171 -4183.165832 -4147.491447 -1912.461347 -1373.728180 -1324.634486 -1316.877121 -1315.699506 -1315.530272 -1315.505357 -1315.502271 -1315.502789 -1315.503779 -1315.504655 -1315.505341 -1315.505865 -1315.506267 -1315.506580 -1315.506828 -1315.507029 -1315.507197 -1315.507346 -1315.507492 -1315.507653 -1315.507856 -1315.508136 -1315.508549 -1315.509182 -1315.510178 -1315.511771 -1315.514358 -1315.518636 -1315.525861 -1315.538390 -1315.560761 -1315.601927 -1315.679835 -1315.831131 -1316.133300 -1316.761179 -1318.144145 -1321.414801 -1329.771373 -1354.046505 -9999.0 -9999.0
-9999.0 -9999.0 782.855876 688.868387 593.890444 498.076898 401.849453 305.439462 208.966711 112.494663 16.060914 -80.299690 -176.569280 -272.661657 -368.427572 -463.627307 -557.900330 -650.742894 -744.088467 -836.237737 -926.825882 -1015.734730 -1089.406484 -1150.752260 -1199.149590 -1235.518019 -1261.745672 -1280.033752 -1292.439907 -1300.667425 -1306.024147 -1309.461386 -1311.643151 -1313.017993 -1313.881166 -1314.425390 -1314.782898 -1315.076854 -1315.612600 -1317.996872 -1330.767391 -1407.774564 -2035.438853 -4161.483208 -4183.167270 -4183.168317 -4183.168317 -4183.168317 -4183.168317 -4183.168317 -4183.168317 -4183.168316 -4183.168315 -4183.168314 -4183.168311 -4183.168306 -4183.168294 -4183.168262 -4183.168171 -4183.165832 -4147.491447 -1912.461347 -1373.728180 -1324.634486 -1316.877121 -1315.699506 -1315.530272 -1315.505357 -1315.502271 -1315.502789 -1315.503779 -1315.504655 -1315.505341 -1315.505865 -1315.506267 -1315.506580 -1315.506828 -1315.507029 -1315.507197 -1315.507346 -1315.507492 -1315.507653 -1315.507856 -1315.508136 -1315.508549 -1315.509182 -1315.510178 -1315.511771 -1315.514358 -1315.518636 -1315.525861 -1315.538390 -1315.560761 -1315.601927 -1315.679835 -1315.831131 -1316.133300 -1316.761179 -1318.144145 -1321.414801 -1329.771373 -1354.046505 -9999.0 -9999.0
-9999.0 -9999.0 782.855876 688.868387 593.890444 498.076898 401.849453 305.439462 208.966711 112.494663 16.060914 -80.299690 -176.569280 -272.661657 -368.427572 -463.627307 -557.900330 -650.742894 -744.088467 -836.237737 -926.825882 -1015.734730 -1089.406484 -1150.752260 -1199.149590 -1235.518019 -1261.745672 -1280.033752 -1292.439907 -1300.667425 -1306.024147 -1309.461386 -1311.643151 -1313.017993 -1313.881166 -1314.425390 -1314.782898 -1315.076854 -1315.612600 -1317.996872 -1330.767391 -1407.774564 -2035.438853 -4161.483208 -4183.167270 -4183.168317 -4183.168317 -4183.168317 -4183.168317 -4183.168317 -4183.168317 -4183.168316 -4183.168315 -4183.168314 -4183.168311 -4183.168306 -4183.168294 -4183.168262 -4183.168171 -4183.165832 -4147.491447 -1912.461347 -1373.728180 -1324.634486 -1316.877121 -1315.699506 -1315.530272 -1315.505357 -1315.502271 -1315.502789 -1315.503779 -1315.504655 -1315.505341 -1315.505865 -1315.506267 -1315.506580 -1315.506828 -1315.507029 -1315.507197 -1315.507346 -1315.507492 -1315.507653 -1315.507856 -1315.508136 -1315.508549 -1315.509182 -1315.510178 -1315.511771 -1315.514358 -1315.518636 -1315.525861 -1315.538390 -1315.560761 -1315.601927 -1315.679835 -1315.831131 -1316.133300 -1316.761179 -1318.144145 -1321.414801 -1329.771373 -1354.046505 -9999.0 -9999.0
-9999.0 -9999.0 782.854423 688.867621 593.890126 498.076779 401.849409 305.439446 208.966705 112.494661 16.060913 -80.299690 -176.569280 -272.661657 -368.427572 -463.627307 -557.900330 -650.742894 -744.088467 -836.237737 -926.825882 -1015.734730 -1089.406484 -1150.752260 -1199.149590 -1235.518019 -1261.745672 -1280.033752 -1292.439907 -1300.667425 -1306.024147 -1309.461386 -1311.643151 -1313.017993 -1313.881166 -1314.425390 -1314.782898 -1315.076854 -1315.612600 -1317.996872 -1330.767391 -1407.774564 -2035.438853 -4161.483208 -4183.167270 -4183.168317 -4183.168317 -4183.168317 -4183.168317 -4183.168317 -4183.168317 -4183.168316 -4183.168315 -4183.168314 -4183.168311 -4183.168306 -4183.168294 -4183.168262 -4183.168171 -4183.165832 -4147.491447 -1912.461347 -1373.728180 -1324.634486 -1316.877121 -1315.699506 -1315.530272 -1315.505357 -1315.502271 -1315.502789 -1315.503779 -1315.504655 -1315.505341 -1315.505865 -1315.506267 -1315.506580 -1315.506828 -1315.507029 -1315.507197 -1315.507346 -1315.507492 -1315.507653 -1315.507856 -1315.508136 -1315.508549 -1315.509182 -1315.510178 -1315.511771 -1315.514358 -1315.518636 -1315.525861 -1315.538390 -1315.560761 -1315.601927 -1315.679835 -1315.831131 -1316.133300 -1316.761179 -1318.144145 -1321.414801 -1329.771373 -1354.046505 -9999.0 -9999.0
-9999.0 -9999.0 782.850022 688.866098 593.889655 498.076629 401.849360 305.439430 208.966700 112.494659 16.060913 -80.299690 -176.569280 -272.661657 -368.427571 -463.627307 -557.900329 -650.742894 -744.088467 -836.237737 -926.825881 -1015.734729 -1089.406483 -1150.752260 -1199.149589 -1235.518019 -1261.745672 -1280.033751 -1292.439907 -1300.667425 -1306.024147 -1309.461385 -1311.643151 -1313.017993 -1313.881166 -1314.425390 -1314.782898 -1315.076854 -1315.612600 -1317.996872 -1330.767391 -1407.774564 -2035.438853 -4161.483208 -4183.167270 -4183.168317 -4183.168317 -4183.168317 -4183.168317 -4183.168317 -4183.168317 -4183.168316 -4183.168315 -4183.168314 -4183.168311 -4183.168306 -4183.168294 -4183.168262 -4183.168171 -4183.165832 -4147.491447 -1912.461347 -1373.728180 -1324.634486 -1316.877121 -1315.699506 -1315.530272 -1315.505357 -1315.502271 -1315.502789 -1315.503779 -1315.504655 -1315.505341 -1315.505865 -1315.506267 -1315.506580 -1315.506828 -1315.507029 -1315.507197 -1315.507346 -1315.507492 -1315.507653 -1315.507856 -1315.508136 -1315.508549 -1315.509182 -1315.510178 -1315.511771 -1315.514358 -1315.518636 -1315.525861 -1315.538390 -1315.560761 -1315.601927 -1315.679835 -1315.831131 -1316.133300 -1316.761179 -1318.144145 -1321.414801 -1329.771373 -1354.046505 -9999.0 -9999.0
-9999.0 -9999.0 -9999.0 -9999.0 -9999.0 -9999.0 -9999.0 -9999.0 -9999.0 -9999.0 -9999.0 -9999.0 -9999.0 -9999.0 -9999.0 -9999.0 -9999.0 -9999.0 -9999.0 -9999.0 -9999.0 -9999.0 -9999.0 -9999.0 -9999.0 -9999.0 -9999.0 -9999.0 -9999.0 -9999.0 -9999.0 -9999.0 -9999.0 -9999.0 -9999.0 -9999.0 -9999.0 -9999.0 -9999.0 -9999.0 -9999.0 -9999.0 -9999.0 -9999.0 -9999.0 -9999.0 -9999.0 -9999.0 -9999.0 -9999.0 -9999.0 -9999.0 -9999.0 -9999.0 -9999.0 -9999.0 -9999.0 -9999.0 -9999.0 -9999.0 -9999.0 -9999.0 -9999.0 -9999.0 -9999.0 -9999.0 -9999.0 -9999.0 -9999.0 -9999.0 -9999.0 -9999.0 -9999.0 -9999.0 -9999.0 -9999.0 -9999.0 -9999.0 -9999.0 -9999.0 -9999.0 -9999.0 -9999.0 -9999.0 -9999.0 -9999.0 -9999.0 -9999.0 -9999.0 -9999.0 -9999.0 -9999.0 -9999.0 -9999.0 -9999.0 -9999.0 -9999.0 -9999.0 -9999.0 -9999.0 -9999.0 -9999.0 -9999.0 -9999.0
-9999.0 -9999.0 -9999.0 -9999.0 -9999.0 -9999.0 -9999.0 -9999.0 -9999.0 -9999.0 -9999.0 -9999.0 -9999.0 -9999.0 -9999.0 -9999.0 -9999.0 -9999.0 -9999.0 -9999.0 -9999.0 -9999.0 -9999.0 -9999.0 -9999.0 -9999.0 -9999.0 -9999.0 -9999.0 -9999.0 -9999.0 -9999.0 -9999.0 -9999.0 -9999.0 -9999.0 -9999.0 -9999.0 -9999.0 -9999.0 -9999.0 -9999.0 -9999.0 -9999.0 -9999.0 -9999.0 -9999.0 -9999.0 -9999.0 -9999.0 -9999.0 -9999.0 -9999.0 -9999.0 -9999.0 -9999.0 -9999.0 -9999.0 -9999.0 -9999.0 -9999.0 -9999.0 -9999.0 -9999.0 -9999.0 -9999.0 -9999.0 -9999.0 -9999.0 -9999.0 -9999.0 -9999.0 -9999.0 -9999.0 -9999.0 -9999.0 -9999.0 -9999.0 -9999.0 -9999.0 -9999.0 -9999.0 -9999.0 -9999.0 -9999.0 -9999.0 -9999.0 -9999.0 -9999.0 -9999.0 -9999.0 -9999.0 -9999.0 -9999.0 -9999.0 -9999.0 -9999.0 -9999.0 -9999.0 -9999.0 -9999.0 -9999.0 -9999.0 -9999.0