inst/processing_geotop_simulation/geotop_simulation/out/maps3D/PwL0006N0133.asc
ncols         104
nrows         10
xllcorner     -2.000000
yllcorner     0.000000
cellsize      1.000000
NODATA_value  -9999.0
-9999.0 -9999.0 -9999.0 -9999.0 -9999.0 -9999.0 -9999.0 -9999.0 -9999.0 -9999.0 -9999.0 -9999.0 -9999.0 -9999.0 -9999.0 -9999.0 -9999.0 -9999.0 -9999.0 -9999.0 -9999.0 -9999.0 -9999.0 -9999.0 -9999.0 -9999.0 -9999.0 -9999.0 -9999.0 -9999.0 -9999.0 -9999.0 -9999.0 -9999.0 -9999.0 -9999.0 -9999.0 -9999.0 -9999.0 -9999.0 -9999.0 -9999.0 -9999.0 -9999.0 -9999.0 -9999.0 -9999.0 -9999.0 -9999.0 -9999.0 -9999.0 -9999.0 -9999.0 -9999.0 -9999.0 -9999.0 -9999.0 -9999.0 -9999.0 -9999.0 -9999.0 -9999.0 -9999.0 -9999.0 -9999.0 -9999.0 -9999.0 -9999.0 -9999.0 -9999.0 -9999.0 -9999.0 -9999.0 -9999.0 -9999.0 -9999.0 -9999.0 -9999.0 -9999.0 -9999.0 -9999.0 -9999.0 -9999.0 -9999.0 -9999.0 -9999.0 -9999.0 -9999.0 -9999.0 -9999.0 -9999.0 -9999.0 -9999.0 -9999.0 -9999.0 -9999.0 -9999.0 -9999.0 -9999.0 -9999.0 -9999.0 -9999.0 -9999.0 -9999.0
-9999.0 -9999.0 -9999.0 -9999.0 -9999.0 -9999.0 -9999.0 -9999.0 -9999.0 -9999.0 -9999.0 -9999.0 -9999.0 -9999.0 -9999.0 -9999.0 -9999.0 -9999.0 -9999.0 -9999.0 -9999.0 -9999.0 -9999.0 -9999.0 -9999.0 -9999.0 -9999.0 -9999.0 -9999.0 -9999.0 -9999.0 -9999.0 -9999.0 -9999.0 -9999.0 -9999.0 -9999.0 -9999.0 -9999.0 -9999.0 -9999.0 -9999.0 -9999.0 -9999.0 -9999.0 -9999.0 -9999.0 -9999.0 -9999.0 -9999.0 -9999.0 -9999.0 -9999.0 -9999.0 -9999.0 -9999.0 -9999.0 -9999.0 -9999.0 -9999.0 -9999.0 -9999.0 -9999.0 -9999.0 -9999.0 -9999.0 -9999.0 -9999.0 -9999.0 -9999.0 -9999.0 -9999.0 -9999.0 -9999.0 -9999.0 -9999.0 -9999.0 -9999.0 -9999.0 -9999.0 -9999.0 -9999.0 -9999.0 -9999.0 -9999.0 -9999.0 -9999.0 -9999.0 -9999.0 -9999.0 -9999.0 -9999.0 -9999.0 -9999.0 -9999.0 -9999.0 -9999.0 -9999.0 -9999.0 -9999.0 -9999.0 -9999.0 -9999.0 -9999.0
-9999.0 -9999.0 286.082803 199.270520 107.002927 12.871397 -81.977475 -177.125111 -272.346407 -367.478822 -462.360214 -556.746523 -650.639358 -746.045851 -842.425108 -937.857860 -1033.139088 -1129.249767 -1222.340531 -1297.886040 -1348.812030 -1380.680710 -1399.375479 -1410.095781 -1416.429499 -1420.482823 -1423.342193 -1425.503642 -1427.177815 -1428.465423 -1429.435670 -1430.149796 -1430.664009 -1431.027022 -1431.278576 -1431.451386 -1431.578669 -1431.708618 -1431.973483 -1433.296185 -1441.273930 -1470.480237 -1052.676228 -1081.211279 -1056.041200 -1040.647745 -1033.517375 -1032.565631 -1032.469931 -1032.483185 -1032.512502 -1032.543768 -1032.573776 -1032.601541 -1032.627150 -1032.655478 -1032.734806 -1033.279952 -1036.982176 -1045.405495 -1058.981966 -1014.342493 -1448.070003 -1437.416814 -1432.763357 -1432.026400 -1431.915801 -1431.897969 -1431.896156 -1431.897252 -1431.898639 -1431.899806 -1431.900705 -1431.901385 -1431.901903 -1431.902305 -1431.902622 -1431.902877 -1431.903089 -1431.903276 -1431.903457 -1431.903657 -1431.903906 -1431.904252 -1431.904762 -1431.905546 -1431.906776 -1431.908739 -1431.911918 -1431.917148 -1431.925925 -1431.941028 -1431.967771 -1432.016575 -1432.108158 -1432.284032 -1432.628375 -1433.317950 -1434.751479 -1437.916915 -1445.552150 -1467.466894 -9999.0 -9999.0
-9999.0 -9999.0 286.092327 199.272736 107.003509 12.871568 -81.977421 -177.125093 -272.346401 -367.478820 -462.360213 -556.746523 -650.639358 -746.045851 -842.425108 -937.857860 -1033.139088 -1129.249768 -1222.340531 -1297.886040 -1348.812030 -1380.680710 -1399.375479 -1410.095781 -1416.429499 -1420.482823 -1423.342193 -1425.503642 -1427.177815 -1428.465423 -1429.435670 -1430.149796 -1430.664009 -1431.027022 -1431.278576 -1431.451386 -1431.578669 -1431.708618 -1431.973483 -1433.296185 -1441.273930 -1470.480237 -1052.676228 -1081.211278 -1056.041200 -1040.647744 -1033.517375 -1032.565631 -1032.469931 -1032.483185 -1032.512502 -1032.543768 -1032.573776 -1032.601541 -1032.627150 -1032.655478 -1032.734806 -1033.279952 -1036.982176 -1045.405495 -1058.981966 -1014.342493 -1448.070003 -1437.416814 -1432.763357 -1432.026400 -1431.915801 -1431.897969 -1431.896156 -1431.897252 -1431.898639 -1431.899806 -1431.900705 -1431.901385 -1431.901903 -1431.902305 -1431.902622 -1431.902877 -1431.903089 -1431.903276 -1431.903457 -1431.903657 -1431.903906 -1431.904252 -1431.904762 -1431.905546 -1431.906776 -1431.908739 -1431.911918 -1431.917148 -1431.925925 -1431.941028 -1431.967771 -1432.016575 -1432.108158 -1432.284032 -1432.628375 -1433.317950 -1434.751479 -1437.916915 -1445.552150 -1467.466894 -9999.0 -9999.0
-9999.0 -9999.0 286.093978 199.273658 107.003877 12.871702 -81.977374 -177.125076 -272.346395 -367.478818 -462.360212 -556.746523 -650.639358 -746.045851 -842.425109 -937.857860 -1033.139088 -1129.249768 -1222.340531 -1297.886040 -1348.812030 -1380.680710 -1399.375479 -1410.095781 -1416.429499 -1420.482823 -1423.342193 -1425.503642 -1427.177815 -1428.465423 -1429.435670 -1430.149796 -1430.664009 -1431.027022 -1431.278576 -1431.451386 -1431.578669 -1431.708618 -1431.973483 -1433.296185 -1441.273930 -1470.480237 -1052.676228 -1081.211278 -1056.041200 -1040.647744 -1033.517375 -1032.565631 -1032.469931 -1032.483185 -1032.512502 -1032.543768 -1032.573776 -1032.601541 -1032.627150 -1032.655478 -1032.734806 -1033.279952 -1036.982176 -1045.405495 -1058.981966 -1014.342493 -1448.070003 -1437.416814 -1432.763357 -1432.026400 -1431.915801 -1431.897969 -1431.896156 -1431.897252 -1431.898639 -1431.899806 -1431.900705 -1431.901385 -1431.901903 -1431.902305 -1431.902622 -1431.902877 -1431.903089 -1431.903276 -1431.903457 -1431.903657 -1431.903906 -1431.904252 -1431.904762 -1431.905546 -1431.906776 -1431.908739 -1431.911918 -1431.917148 -1431.925925 -1431.941028 -1431.967771 -1432.016575 -1432.108158 -1432.284032 -1432.628375 -1433.317950 -1434.751479 -1437.916915 -1445.552150 -1467.466894 -9999.0 -9999.0
-9999.0 -9999.0 286.093978 199.273658 107.003877 12.871703 -81.977374 -177.125076 -272.346395 -367.478818 -462.360212 -556.746523 -650.639358 -746.045851 -842.425109 -937.857860 -1033.139088 -1129.249768 -1222.340531 -1297.886040 -1348.812030 -1380.680710 -1399.375479 -1410.095781 -1416.429499 -1420.482823 -1423.342193 -1425.503642 -1427.177815 -1428.465423 -1429.435670 -1430.149796 -1430.664009 -1431.027022 -1431.278576 -1431.451386 -1431.578669 -1431.708618 -1431.973483 -1433.296185 -1441.273930 -1470.480237 -1052.676228 -1081.211278 -1056.041200 -1040.647744 -1033.517375 -1032.565631 -1032.469931 -1032.483185 -1032.512502 -1032.543768 -1032.573776 -1032.601541 -1032.627150 -1032.655478 -1032.734806 -1033.279952 -1036.982176 -1045.405495 -1058.981966 -1014.342493 -1448.070003 -1437.416814 -1432.763357 -1432.026400 -1431.915801 -1431.897969 -1431.896156 -1431.897252 -1431.898639 -1431.899806 -1431.900705 -1431.901385 -1431.901903 -1431.902305 -1431.902622 -1431.902877 -1431.903089 -1431.903276 -1431.903457 -1431.903657 -1431.903906 -1431.904252 -1431.904762 -1431.905546 -1431.906776 -1431.908739 -1431.911918 -1431.917148 -1431.925925 -1431.941028 -1431.967771 -1432.016575 -1432.108158 -1432.284032 -1432.628375 -1433.317950 -1434.751479 -1437.916915 -1445.552150 -1467.466894 -9999.0 -9999.0
-9999.0 -9999.0 286.092327 199.272736 107.003509 12.871568 -81.977421 -177.125093 -272.346401 -367.478820 -462.360213 -556.746523 -650.639358 -746.045851 -842.425108 -937.857860 -1033.139088 -1129.249768 -1222.340531 -1297.886040 -1348.812030 -1380.680710 -1399.375479 -1410.095781 -1416.429499 -1420.482823 -1423.342193 -1425.503642 -1427.177815 -1428.465423 -1429.435670 -1430.149796 -1430.664009 -1431.027022 -1431.278576 -1431.451386 -1431.578669 -1431.708618 -1431.973483 -1433.296185 -1441.273930 -1470.480237 -1052.676228 -1081.211278 -1056.041200 -1040.647744 -1033.517375 -1032.565631 -1032.469931 -1032.483185 -1032.512502 -1032.543768 -1032.573776 -1032.601541 -1032.627150 -1032.655478 -1032.734806 -1033.279952 -1036.982176 -1045.405495 -1058.981966 -1014.342493 -1448.070003 -1437.416814 -1432.763357 -1432.026400 -1431.915801 -1431.897969 -1431.896156 -1431.897252 -1431.898639 -1431.899806 -1431.900705 -1431.901385 -1431.901903 -1431.902305 -1431.902622 -1431.902877 -1431.903089 -1431.903276 -1431.903457 -1431.903657 -1431.903906 -1431.904252 -1431.904762 -1431.905546 -1431.906776 -1431.908739 -1431.911918 -1431.917148 -1431.925925 -1431.941028 -1431.967771 -1432.016575 -1432.108158 -1432.284032 -1432.628375 -1433.317950 -1434.751479 -1437.916915 -1445.552150 -1467.466894 -9999.0 -9999.0
-9999.0 -9999.0 286.082803 199.270520 107.002927 12.871397 -81.977475 -177.125111 -272.346407 -367.478822 -462.360214 -556.746523 -650.639358 -746.045851 -842.425108 -937.857860 -1033.139088 -1129.249767 -1222.340531 -1297.886040 -1348.812030 -1380.680710 -1399.375479 -1410.095781 -1416.429499 -1420.482823 -1423.342193 -1425.503642 -1427.177815 -1428.465423 -1429.435670 -1430.149796 -1430.664009 -1431.027022 -1431.278576 -1431.451386 -1431.578669 -1431.708618 -1431.973483 -1433.296185 -1441.273930 -1470.480237 -1052.676228 -1081.211279 -1056.041200 -1040.647745 -1033.517375 -1032.565631 -1032.469931 -1032.483185 -1032.512502 -1032.543768 -1032.573776 -1032.601541 -1032.627150 -1032.655478 -1032.734806 -1033.279952 -1036.982176 -1045.405495 -1058.981966 -1014.342493 -1448.070003 -1437.416814 -1432.763357 -1432.026400 -1431.915801 -1431.897969 -1431.896156 -1431.897252 -1431.898639 -1431.899806 -1431.900705 -1431.901385 -1431.901903 -1431.902305 -1431.902622 -1431.902877 -1431.903089 -1431.903276 -1431.903457 -1431.903657 -1431.903906 -1431.904252 -1431.904762 -1431.905546 -1431.906776 -1431.908739 -1431.911918 -1431.917148 -1431.925925 -1431.941028 -1431.967771 -1432.016575 -1432.108158 -1432.284032 -1432.628375 -1433.317950 -1434.751479 -1437.916915 -1445.552150 -1467.466894 -9999.0 -9999.0
-9999.0 -9999.0 -9999.0 -9999.0 -9999.0 -9999.0 -9999.0 -9999.0 -9999.0 -9999.0 -9999.0 -9999.0 -9999.0 -9999.0 -9999.0 -9999.0 -9999.0 -9999.0 -9999.0 -9999.0 -9999.0 -9999.0 -9999.0 -9999.0 -9999.0 -9999.0 -9999.0 -9999.0 -9999.0 -9999.0 -9999.0 -9999.0 -9999.0 -9999.0 -9999.0 -9999.0 -9999.0 -9999.0 -9999.0 -9999.0 -9999.0 -9999.0 -9999.0 -9999.0 -9999.0 -9999.0 -9999.0 -9999.0 -9999.0 -9999.0 -9999.0 -9999.0 -9999.0 -9999.0 -9999.0 -9999.0 -9999.0 -9999.0 -9999.0 -9999.0 -9999.0 -9999.0 -9999.0 -9999.0 -9999.0 -9999.0 -9999.0 -9999.0 -9999.0 -9999.0 -9999.0 -9999.0 -9999.0 -9999.0 -9999.0 -9999.0 -9999.0 -9999.0 -9999.0 -9999.0 -9999.0 -9999.0 -9999.0 -9999.0 -9999.0 -9999.0 -9999.0 -9999.0 -9999.0 -9999.0 -9999.0 -9999.0 -9999.0 -9999.0 -9999.0 -9999.0 -9999.0 -9999.0 -9999.0 -9999.0 -9999.0 -9999.0 -9999.0 -9999.0
-9999.0 -9999.0 -9999.0 -9999.0 -9999.0 -9999.0 -9999.0 -9999.0 -9999.0 -9999.0 -9999.0 -9999.0 -9999.0 -9999.0 -9999.0 -9999.0 -9999.0 -9999.0 -9999.0 -9999.0 -9999.0 -9999.0 -9999.0 -9999.0 -9999.0 -9999.0 -9999.0 -9999.0 -9999.0 -9999.0 -9999.0 -9999.0 -9999.0 -9999.0 -9999.0 -9999.0 -9999.0 -9999.0 -9999.0 -9999.0 -9999.0 -9999.0 -9999.0 -9999.0 -9999.0 -9999.0 -9999.0 -9999.0 -9999.0 -9999.0 -9999.0 -9999.0 -9999.0 -9999.0 -9999.0 -9999.0 -9999.0 -9999.0 -9999.0 -9999.0 -9999.0 -9999.0 -9999.0 -9999.0 -9999.0 -9999.0 -9999.0 -9999.0 -9999.0 -9999.0 -9999.0 -9999.0 -9999.0 -9999.0 -9999.0 -9999.0 -9999.0 -9999.0 -9999.0 -9999.0 -9999.0 -9999.0 -9999.0 -9999.0 -9999.0 -9999.0 -9999.0 -9999.0 -9999.0 -9999.0 -9999.0 -9999.0 -9999.0 -9999.0 -9999.0 -9999.0 -9999.0 -9999.0 -9999.0 -9999.0 -9999.0 -9999.0 -9999.0 -9999.0