inst/processing_geotop_simulation/geotop_simulation/out/maps3D/PwL0010N0115.asc
ncols         104
nrows         10
xllcorner     -2.000000
yllcorner     0.000000
cellsize      1.000000
NODATA_value  -9999.0
-9999.0 -9999.0 -9999.0 -9999.0 -9999.0 -9999.0 -9999.0 -9999.0 -9999.0 -9999.0 -9999.0 -9999.0 -9999.0 -9999.0 -9999.0 -9999.0 -9999.0 -9999.0 -9999.0 -9999.0 -9999.0 -9999.0 -9999.0 -9999.0 -9999.0 -9999.0 -9999.0 -9999.0 -9999.0 -9999.0 -9999.0 -9999.0 -9999.0 -9999.0 -9999.0 -9999.0 -9999.0 -9999.0 -9999.0 -9999.0 -9999.0 -9999.0 -9999.0 -9999.0 -9999.0 -9999.0 -9999.0 -9999.0 -9999.0 -9999.0 -9999.0 -9999.0 -9999.0 -9999.0 -9999.0 -9999.0 -9999.0 -9999.0 -9999.0 -9999.0 -9999.0 -9999.0 -9999.0 -9999.0 -9999.0 -9999.0 -9999.0 -9999.0 -9999.0 -9999.0 -9999.0 -9999.0 -9999.0 -9999.0 -9999.0 -9999.0 -9999.0 -9999.0 -9999.0 -9999.0 -9999.0 -9999.0 -9999.0 -9999.0 -9999.0 -9999.0 -9999.0 -9999.0 -9999.0 -9999.0 -9999.0 -9999.0 -9999.0 -9999.0 -9999.0 -9999.0 -9999.0 -9999.0 -9999.0 -9999.0 -9999.0 -9999.0 -9999.0 -9999.0
-9999.0 -9999.0 -9999.0 -9999.0 -9999.0 -9999.0 -9999.0 -9999.0 -9999.0 -9999.0 -9999.0 -9999.0 -9999.0 -9999.0 -9999.0 -9999.0 -9999.0 -9999.0 -9999.0 -9999.0 -9999.0 -9999.0 -9999.0 -9999.0 -9999.0 -9999.0 -9999.0 -9999.0 -9999.0 -9999.0 -9999.0 -9999.0 -9999.0 -9999.0 -9999.0 -9999.0 -9999.0 -9999.0 -9999.0 -9999.0 -9999.0 -9999.0 -9999.0 -9999.0 -9999.0 -9999.0 -9999.0 -9999.0 -9999.0 -9999.0 -9999.0 -9999.0 -9999.0 -9999.0 -9999.0 -9999.0 -9999.0 -9999.0 -9999.0 -9999.0 -9999.0 -9999.0 -9999.0 -9999.0 -9999.0 -9999.0 -9999.0 -9999.0 -9999.0 -9999.0 -9999.0 -9999.0 -9999.0 -9999.0 -9999.0 -9999.0 -9999.0 -9999.0 -9999.0 -9999.0 -9999.0 -9999.0 -9999.0 -9999.0 -9999.0 -9999.0 -9999.0 -9999.0 -9999.0 -9999.0 -9999.0 -9999.0 -9999.0 -9999.0 -9999.0 -9999.0 -9999.0 -9999.0 -9999.0 -9999.0 -9999.0 -9999.0 -9999.0 -9999.0
-9999.0 -9999.0 489.073777 400.991463 309.183076 215.608660 121.280673 26.638561 -68.090456 -162.814855 -257.482461 -352.089426 -447.069802 -544.235843 -644.927134 -745.772715 -843.565949 -938.853961 -1029.823760 -1114.510914 -1176.923119 -1216.571602 -1239.132953 -1251.141830 -1257.496252 -1261.114138 -1263.474421 -1265.220752 -1266.595451 -1267.686032 -1268.536648 -1269.184290 -1269.665937 -1270.016507 -1270.266511 -1270.442921 -1270.576277 -1270.714311 -1270.979159 -1272.292849 -1281.421281 -1341.920153 -1732.975437 -2678.989939 -2345.991759 -2174.245075 -2101.908954 -2093.332201 -2092.482043 -2092.565720 -2092.779469 -2093.008380 -2093.228039 -2093.431262 -2093.619101 -2093.831157 -2094.465678 -2099.101934 -2135.011324 -2220.774494 -2377.493876 -1535.930608 -1316.866389 -1277.672815 -1271.828345 -1271.065954 -1270.955611 -1270.937677 -1270.935986 -1270.937273 -1270.938832 -1270.940134 -1270.941134 -1270.941891 -1270.942469 -1270.942916 -1270.943269 -1270.943553 -1270.943790 -1270.943997 -1270.944199 -1270.944421 -1270.944698 -1270.945080 -1270.945645 -1270.946511 -1270.947871 -1270.950041 -1270.953551 -1270.959322 -1270.969000 -1270.985632 -1271.015050 -1271.068678 -1271.169237 -1271.362262 -1271.740110 -1272.496891 -1274.072082 -1277.558810 -1285.927274 -1309.062318 -9999.0 -9999.0
-9999.0 -9999.0 489.080846 400.993446 309.183631 215.608828 121.280727 26.638579 -68.090450 -162.814853 -257.482460 -352.089426 -447.069801 -544.235843 -644.927134 -745.772716 -843.565949 -938.853961 -1029.823760 -1114.510914 -1176.923119 -1216.571602 -1239.132953 -1251.141830 -1257.496252 -1261.114138 -1263.474421 -1265.220752 -1266.595451 -1267.686032 -1268.536648 -1269.184290 -1269.665937 -1270.016507 -1270.266511 -1270.442921 -1270.576277 -1270.714311 -1270.979159 -1272.292849 -1281.421281 -1341.920153 -1732.975437 -2678.989937 -2345.991757 -2174.245070 -2101.908954 -2093.332201 -2092.482043 -2092.565720 -2092.779469 -2093.008380 -2093.228039 -2093.431262 -2093.619101 -2093.831157 -2094.465678 -2099.101934 -2135.011324 -2220.774494 -2377.493876 -1535.930608 -1316.866389 -1277.672815 -1271.828345 -1271.065954 -1270.955611 -1270.937677 -1270.935986 -1270.937273 -1270.938832 -1270.940134 -1270.941134 -1270.941891 -1270.942469 -1270.942916 -1270.943269 -1270.943553 -1270.943790 -1270.943997 -1270.944199 -1270.944421 -1270.944698 -1270.945080 -1270.945645 -1270.946511 -1270.947871 -1270.950041 -1270.953551 -1270.959322 -1270.969000 -1270.985632 -1271.015050 -1271.068678 -1271.169237 -1271.362262 -1271.740110 -1272.496891 -1274.072082 -1277.558810 -1285.927274 -1309.062318 -9999.0 -9999.0
-9999.0 -9999.0 489.082523 400.994333 309.183989 215.608960 121.280774 26.638596 -68.090444 -162.814850 -257.482460 -352.089425 -447.069801 -544.235842 -644.927134 -745.772716 -843.565949 -938.853961 -1029.823760 -1114.510914 -1176.923119 -1216.571602 -1239.132953 -1251.141830 -1257.496252 -1261.114138 -1263.474421 -1265.220752 -1266.595451 -1267.686032 -1268.536648 -1269.184290 -1269.665937 -1270.016507 -1270.266511 -1270.442921 -1270.576277 -1270.714311 -1270.979159 -1272.292849 -1281.421281 -1341.920153 -1732.975437 -2678.989937 -2345.991756 -2174.245068 -2101.908954 -2093.332201 -2092.482043 -2092.565720 -2092.779469 -2093.008380 -2093.228039 -2093.431262 -2093.619101 -2093.831157 -2094.465678 -2099.101934 -2135.011324 -2220.774494 -2377.493876 -1535.930608 -1316.866389 -1277.672815 -1271.828345 -1271.065954 -1270.955611 -1270.937677 -1270.935986 -1270.937273 -1270.938832 -1270.940134 -1270.941134 -1270.941891 -1270.942469 -1270.942916 -1270.943269 -1270.943553 -1270.943790 -1270.943997 -1270.944199 -1270.944421 -1270.944698 -1270.945080 -1270.945645 -1270.946511 -1270.947871 -1270.950041 -1270.953551 -1270.959322 -1270.969000 -1270.985632 -1271.015050 -1271.068678 -1271.169237 -1271.362262 -1271.740110 -1272.496891 -1274.072082 -1277.558810 -1285.927274 -1309.062318 -9999.0 -9999.0
-9999.0 -9999.0 489.082523 400.994333 309.183989 215.608960 121.280774 26.638596 -68.090444 -162.814850 -257.482460 -352.089425 -447.069801 -544.235843 -644.927134 -745.772716 -843.565949 -938.853961 -1029.823760 -1114.510914 -1176.923119 -1216.571602 -1239.132953 -1251.141830 -1257.496252 -1261.114138 -1263.474421 -1265.220752 -1266.595451 -1267.686032 -1268.536648 -1269.184290 -1269.665937 -1270.016507 -1270.266511 -1270.442921 -1270.576277 -1270.714311 -1270.979159 -1272.292849 -1281.421281 -1341.920153 -1732.975437 -2678.989937 -2345.991756 -2174.245068 -2101.908954 -2093.332201 -2092.482043 -2092.565720 -2092.779469 -2093.008380 -2093.228039 -2093.431262 -2093.619101 -2093.831157 -2094.465678 -2099.101934 -2135.011324 -2220.774494 -2377.493876 -1535.930608 -1316.866389 -1277.672815 -1271.828345 -1271.065954 -1270.955611 -1270.937677 -1270.935986 -1270.937273 -1270.938832 -1270.940134 -1270.941134 -1270.941891 -1270.942469 -1270.942916 -1270.943269 -1270.943553 -1270.943790 -1270.943997 -1270.944199 -1270.944421 -1270.944698 -1270.945080 -1270.945645 -1270.946511 -1270.947871 -1270.950041 -1270.953551 -1270.959322 -1270.969000 -1270.985632 -1271.015050 -1271.068678 -1271.169237 -1271.362262 -1271.740110 -1272.496891 -1274.072082 -1277.558810 -1285.927274 -1309.062318 -9999.0 -9999.0
-9999.0 -9999.0 489.080846 400.993446 309.183631 215.608828 121.280726 26.638579 -68.090450 -162.814853 -257.482461 -352.089426 -447.069801 -544.235843 -644.927134 -745.772715 -843.565949 -938.853961 -1029.823760 -1114.510914 -1176.923119 -1216.571602 -1239.132953 -1251.141830 -1257.496252 -1261.114138 -1263.474421 -1265.220752 -1266.595451 -1267.686032 -1268.536648 -1269.184290 -1269.665937 -1270.016507 -1270.266511 -1270.442921 -1270.576277 -1270.714311 -1270.979159 -1272.292849 -1281.421281 -1341.920153 -1732.975437 -2678.989937 -2345.991757 -2174.245070 -2101.908954 -2093.332201 -2092.482043 -2092.565720 -2092.779469 -2093.008380 -2093.228039 -2093.431262 -2093.619101 -2093.831157 -2094.465678 -2099.101934 -2135.011324 -2220.774494 -2377.493876 -1535.930608 -1316.866389 -1277.672815 -1271.828345 -1271.065954 -1270.955611 -1270.937677 -1270.935986 -1270.937273 -1270.938832 -1270.940134 -1270.941134 -1270.941891 -1270.942469 -1270.942916 -1270.943269 -1270.943553 -1270.943790 -1270.943997 -1270.944199 -1270.944421 -1270.944698 -1270.945080 -1270.945645 -1270.946511 -1270.947871 -1270.950041 -1270.953551 -1270.959322 -1270.969000 -1270.985632 -1271.015050 -1271.068678 -1271.169237 -1271.362262 -1271.740110 -1272.496891 -1274.072082 -1277.558810 -1285.927274 -1309.062318 -9999.0 -9999.0
-9999.0 -9999.0 489.073777 400.991463 309.183076 215.608660 121.280673 26.638561 -68.090456 -162.814855 -257.482461 -352.089426 -447.069801 -544.235843 -644.927134 -745.772715 -843.565948 -938.853961 -1029.823760 -1114.510914 -1176.923119 -1216.571602 -1239.132953 -1251.141830 -1257.496252 -1261.114138 -1263.474421 -1265.220752 -1266.595451 -1267.686032 -1268.536648 -1269.184290 -1269.665937 -1270.016507 -1270.266511 -1270.442921 -1270.576277 -1270.714311 -1270.979159 -1272.292849 -1281.421281 -1341.920153 -1732.975437 -2678.989939 -2345.991759 -2174.245075 -2101.908954 -2093.332201 -2092.482043 -2092.565720 -2092.779469 -2093.008380 -2093.228039 -2093.431262 -2093.619101 -2093.831157 -2094.465678 -2099.101934 -2135.011324 -2220.774494 -2377.493876 -1535.930608 -1316.866389 -1277.672815 -1271.828345 -1271.065954 -1270.955611 -1270.937677 -1270.935986 -1270.937273 -1270.938832 -1270.940134 -1270.941134 -1270.941891 -1270.942469 -1270.942916 -1270.943269 -1270.943553 -1270.943790 -1270.943997 -1270.944199 -1270.944421 -1270.944698 -1270.945080 -1270.945645 -1270.946511 -1270.947871 -1270.950041 -1270.953551 -1270.959322 -1270.969000 -1270.985632 -1271.015050 -1271.068678 -1271.169237 -1271.362262 -1271.740110 -1272.496891 -1274.072082 -1277.558810 -1285.927274 -1309.062318 -9999.0 -9999.0
-9999.0 -9999.0 -9999.0 -9999.0 -9999.0 -9999.0 -9999.0 -9999.0 -9999.0 -9999.0 -9999.0 -9999.0 -9999.0 -9999.0 -9999.0 -9999.0 -9999.0 -9999.0 -9999.0 -9999.0 -9999.0 -9999.0 -9999.0 -9999.0 -9999.0 -9999.0 -9999.0 -9999.0 -9999.0 -9999.0 -9999.0 -9999.0 -9999.0 -9999.0 -9999.0 -9999.0 -9999.0 -9999.0 -9999.0 -9999.0 -9999.0 -9999.0 -9999.0 -9999.0 -9999.0 -9999.0 -9999.0 -9999.0 -9999.0 -9999.0 -9999.0 -9999.0 -9999.0 -9999.0 -9999.0 -9999.0 -9999.0 -9999.0 -9999.0 -9999.0 -9999.0 -9999.0 -9999.0 -9999.0 -9999.0 -9999.0 -9999.0 -9999.0 -9999.0 -9999.0 -9999.0 -9999.0 -9999.0 -9999.0 -9999.0 -9999.0 -9999.0 -9999.0 -9999.0 -9999.0 -9999.0 -9999.0 -9999.0 -9999.0 -9999.0 -9999.0 -9999.0 -9999.0 -9999.0 -9999.0 -9999.0 -9999.0 -9999.0 -9999.0 -9999.0 -9999.0 -9999.0 -9999.0 -9999.0 -9999.0 -9999.0 -9999.0 -9999.0 -9999.0
-9999.0 -9999.0 -9999.0 -9999.0 -9999.0 -9999.0 -9999.0 -9999.0 -9999.0 -9999.0 -9999.0 -9999.0 -9999.0 -9999.0 -9999.0 -9999.0 -9999.0 -9999.0 -9999.0 -9999.0 -9999.0 -9999.0 -9999.0 -9999.0 -9999.0 -9999.0 -9999.0 -9999.0 -9999.0 -9999.0 -9999.0 -9999.0 -9999.0 -9999.0 -9999.0 -9999.0 -9999.0 -9999.0 -9999.0 -9999.0 -9999.0 -9999.0 -9999.0 -9999.0 -9999.0 -9999.0 -9999.0 -9999.0 -9999.0 -9999.0 -9999.0 -9999.0 -9999.0 -9999.0 -9999.0 -9999.0 -9999.0 -9999.0 -9999.0 -9999.0 -9999.0 -9999.0 -9999.0 -9999.0 -9999.0 -9999.0 -9999.0 -9999.0 -9999.0 -9999.0 -9999.0 -9999.0 -9999.0 -9999.0 -9999.0 -9999.0 -9999.0 -9999.0 -9999.0 -9999.0 -9999.0 -9999.0 -9999.0 -9999.0 -9999.0 -9999.0 -9999.0 -9999.0 -9999.0 -9999.0 -9999.0 -9999.0 -9999.0 -9999.0 -9999.0 -9999.0 -9999.0 -9999.0 -9999.0 -9999.0 -9999.0 -9999.0 -9999.0 -9999.0