inst/processing_geotop_simulation/geotop_simulation/out/maps3D/PwL0002N0047.asc
ncols         104
nrows         10
xllcorner     -2.000000
yllcorner     0.000000
cellsize      1.000000
NODATA_value  -9999.0
-9999.0 -9999.0 -9999.0 -9999.0 -9999.0 -9999.0 -9999.0 -9999.0 -9999.0 -9999.0 -9999.0 -9999.0 -9999.0 -9999.0 -9999.0 -9999.0 -9999.0 -9999.0 -9999.0 -9999.0 -9999.0 -9999.0 -9999.0 -9999.0 -9999.0 -9999.0 -9999.0 -9999.0 -9999.0 -9999.0 -9999.0 -9999.0 -9999.0 -9999.0 -9999.0 -9999.0 -9999.0 -9999.0 -9999.0 -9999.0 -9999.0 -9999.0 -9999.0 -9999.0 -9999.0 -9999.0 -9999.0 -9999.0 -9999.0 -9999.0 -9999.0 -9999.0 -9999.0 -9999.0 -9999.0 -9999.0 -9999.0 -9999.0 -9999.0 -9999.0 -9999.0 -9999.0 -9999.0 -9999.0 -9999.0 -9999.0 -9999.0 -9999.0 -9999.0 -9999.0 -9999.0 -9999.0 -9999.0 -9999.0 -9999.0 -9999.0 -9999.0 -9999.0 -9999.0 -9999.0 -9999.0 -9999.0 -9999.0 -9999.0 -9999.0 -9999.0 -9999.0 -9999.0 -9999.0 -9999.0 -9999.0 -9999.0 -9999.0 -9999.0 -9999.0 -9999.0 -9999.0 -9999.0 -9999.0 -9999.0 -9999.0 -9999.0 -9999.0 -9999.0
-9999.0 -9999.0 -9999.0 -9999.0 -9999.0 -9999.0 -9999.0 -9999.0 -9999.0 -9999.0 -9999.0 -9999.0 -9999.0 -9999.0 -9999.0 -9999.0 -9999.0 -9999.0 -9999.0 -9999.0 -9999.0 -9999.0 -9999.0 -9999.0 -9999.0 -9999.0 -9999.0 -9999.0 -9999.0 -9999.0 -9999.0 -9999.0 -9999.0 -9999.0 -9999.0 -9999.0 -9999.0 -9999.0 -9999.0 -9999.0 -9999.0 -9999.0 -9999.0 -9999.0 -9999.0 -9999.0 -9999.0 -9999.0 -9999.0 -9999.0 -9999.0 -9999.0 -9999.0 -9999.0 -9999.0 -9999.0 -9999.0 -9999.0 -9999.0 -9999.0 -9999.0 -9999.0 -9999.0 -9999.0 -9999.0 -9999.0 -9999.0 -9999.0 -9999.0 -9999.0 -9999.0 -9999.0 -9999.0 -9999.0 -9999.0 -9999.0 -9999.0 -9999.0 -9999.0 -9999.0 -9999.0 -9999.0 -9999.0 -9999.0 -9999.0 -9999.0 -9999.0 -9999.0 -9999.0 -9999.0 -9999.0 -9999.0 -9999.0 -9999.0 -9999.0 -9999.0 -9999.0 -9999.0 -9999.0 -9999.0 -9999.0 -9999.0 -9999.0 -9999.0
-9999.0 -9999.0 -1011.336235 -1021.675272 -1025.105893 -1028.243651 -1030.941665 -1032.846766 -1033.863082 -1028.648124 -975.385884 -960.117015 -969.973214 -981.292543 -997.569897 -1001.535623 -978.005255 -948.605159 -927.527478 -917.525922 -917.048786 -923.862362 -935.849672 -951.032595 -967.523642 -983.608376 -997.877519 -1009.461194 -1018.148428 -1024.247531 -1028.310947 -1030.909479 -1032.518060 -1033.485036 -1034.045398 -1034.347924 -1034.499077 -1034.681102 -1035.095542 -1034.820271 -1034.919048 -1049.485623 -708.935073 -698.387727 -684.221825 -675.769739 -671.852264 -671.325574 -671.279055 -671.305466 -671.345910 -671.388210 -671.428743 -671.466209 -671.500330 -671.533743 -671.594387 -671.932493 -674.089270 -679.228493 -688.189324 -690.140173 -1039.534348 -1037.581605 -1035.739161 -1035.132594 -1034.995686 -1034.975766 -1034.979732 -1034.987193 -1034.993845 -1034.999010 -1035.002868 -1035.005749 -1035.007929 -1035.009607 -1035.010928 -1035.011983 -1035.012846 -1035.013588 -1035.014287 -1035.015033 -1035.015941 -1035.017173 -1035.018970 -1035.021704 -1035.025972 -1035.032736 -1035.043589 -1035.061230 -1035.090371 -1035.139523 -1035.224614 -1035.376402 -1035.655520 -1036.182335 -1037.194084 -1039.150544 -1042.929979 -1050.231666 -1064.552979 -1093.888822 -9999.0 -9999.0
-9999.0 -9999.0 -1011.336146 -1021.675170 -1025.105821 -1028.243618 -1030.941656 -1032.846765 -1033.863084 -1028.648125 -975.385884 -960.117015 -969.973214 -981.292543 -997.569897 -1001.535623 -978.005255 -948.605159 -927.527478 -917.525922 -917.048786 -923.862362 -935.849672 -951.032595 -967.523642 -983.608376 -997.877519 -1009.461194 -1018.148428 -1024.247531 -1028.310947 -1030.909479 -1032.518060 -1033.485036 -1034.045398 -1034.347924 -1034.499077 -1034.681102 -1035.095542 -1034.820271 -1034.919048 -1049.485623 -708.935073 -698.387727 -684.221825 -675.769739 -671.852264 -671.325574 -671.279055 -671.305466 -671.345910 -671.388210 -671.428743 -671.466209 -671.500330 -671.533743 -671.594387 -671.932493 -674.089270 -679.228493 -688.189324 -690.140173 -1039.534348 -1037.581605 -1035.739161 -1035.132594 -1034.995686 -1034.975766 -1034.979732 -1034.987193 -1034.993845 -1034.999010 -1035.002868 -1035.005749 -1035.007929 -1035.009607 -1035.010928 -1035.011983 -1035.012846 -1035.013588 -1035.014287 -1035.015033 -1035.015941 -1035.017173 -1035.018970 -1035.021704 -1035.025972 -1035.032736 -1035.043589 -1035.061230 -1035.090371 -1035.139523 -1035.224614 -1035.376402 -1035.655520 -1036.182335 -1037.194084 -1039.150544 -1042.929979 -1050.231666 -1064.552979 -1093.888822 -9999.0 -9999.0
-9999.0 -9999.0 -1011.336105 -1021.675116 -1025.105773 -1028.243594 -1030.941649 -1032.846765 -1033.863086 -1028.648127 -975.385884 -960.117015 -969.973214 -981.292543 -997.569897 -1001.535623 -978.005255 -948.605159 -927.527478 -917.525922 -917.048786 -923.862362 -935.849672 -951.032595 -967.523642 -983.608376 -997.877519 -1009.461194 -1018.148428 -1024.247531 -1028.310947 -1030.909479 -1032.518060 -1033.485036 -1034.045398 -1034.347924 -1034.499077 -1034.681102 -1035.095542 -1034.820271 -1034.919048 -1049.485623 -708.935073 -698.387727 -684.221825 -675.769739 -671.852264 -671.325574 -671.279055 -671.305466 -671.345910 -671.388210 -671.428743 -671.466209 -671.500330 -671.533743 -671.594387 -671.932493 -674.089270 -679.228493 -688.189324 -690.140173 -1039.534348 -1037.581605 -1035.739161 -1035.132594 -1034.995686 -1034.975766 -1034.979732 -1034.987193 -1034.993845 -1034.999010 -1035.002868 -1035.005749 -1035.007929 -1035.009607 -1035.010928 -1035.011983 -1035.012846 -1035.013588 -1035.014287 -1035.015033 -1035.015941 -1035.017173 -1035.018970 -1035.021704 -1035.025972 -1035.032736 -1035.043589 -1035.061230 -1035.090371 -1035.139523 -1035.224614 -1035.376402 -1035.655520 -1036.182335 -1037.194084 -1039.150544 -1042.929979 -1050.231666 -1064.552979 -1093.888822 -9999.0 -9999.0
-9999.0 -9999.0 -1011.336105 -1021.675116 -1025.105773 -1028.243594 -1030.941649 -1032.846765 -1033.863086 -1028.648127 -975.385884 -960.117015 -969.973214 -981.292543 -997.569897 -1001.535623 -978.005255 -948.605159 -927.527478 -917.525922 -917.048786 -923.862362 -935.849672 -951.032595 -967.523642 -983.608376 -997.877519 -1009.461194 -1018.148428 -1024.247531 -1028.310947 -1030.909479 -1032.518060 -1033.485036 -1034.045398 -1034.347924 -1034.499077 -1034.681102 -1035.095542 -1034.820271 -1034.919048 -1049.485623 -708.935073 -698.387727 -684.221825 -675.769739 -671.852264 -671.325574 -671.279055 -671.305466 -671.345910 -671.388210 -671.428743 -671.466209 -671.500330 -671.533743 -671.594387 -671.932493 -674.089270 -679.228493 -688.189324 -690.140173 -1039.534348 -1037.581605 -1035.739161 -1035.132594 -1034.995686 -1034.975766 -1034.979732 -1034.987193 -1034.993845 -1034.999010 -1035.002868 -1035.005749 -1035.007929 -1035.009607 -1035.010928 -1035.011983 -1035.012846 -1035.013588 -1035.014287 -1035.015033 -1035.015941 -1035.017173 -1035.018970 -1035.021704 -1035.025972 -1035.032736 -1035.043589 -1035.061230 -1035.090371 -1035.139523 -1035.224614 -1035.376402 -1035.655520 -1036.182335 -1037.194084 -1039.150544 -1042.929979 -1050.231666 -1064.552979 -1093.888822 -9999.0 -9999.0
-9999.0 -9999.0 -1011.336146 -1021.675170 -1025.105821 -1028.243618 -1030.941656 -1032.846765 -1033.863084 -1028.648125 -975.385884 -960.117015 -969.973214 -981.292543 -997.569897 -1001.535623 -978.005255 -948.605159 -927.527478 -917.525922 -917.048786 -923.862362 -935.849672 -951.032595 -967.523642 -983.608376 -997.877519 -1009.461194 -1018.148428 -1024.247531 -1028.310947 -1030.909479 -1032.518060 -1033.485036 -1034.045398 -1034.347924 -1034.499077 -1034.681102 -1035.095542 -1034.820271 -1034.919048 -1049.485623 -708.935073 -698.387727 -684.221825 -675.769739 -671.852264 -671.325574 -671.279055 -671.305466 -671.345910 -671.388210 -671.428743 -671.466209 -671.500330 -671.533743 -671.594387 -671.932493 -674.089270 -679.228493 -688.189324 -690.140173 -1039.534348 -1037.581605 -1035.739161 -1035.132594 -1034.995686 -1034.975766 -1034.979732 -1034.987193 -1034.993845 -1034.999010 -1035.002868 -1035.005749 -1035.007929 -1035.009607 -1035.010928 -1035.011983 -1035.012846 -1035.013588 -1035.014287 -1035.015033 -1035.015941 -1035.017173 -1035.018970 -1035.021704 -1035.025972 -1035.032736 -1035.043589 -1035.061230 -1035.090371 -1035.139523 -1035.224614 -1035.376402 -1035.655520 -1036.182335 -1037.194084 -1039.150544 -1042.929979 -1050.231666 -1064.552979 -1093.888822 -9999.0 -9999.0
-9999.0 -9999.0 -1011.336235 -1021.675272 -1025.105893 -1028.243651 -1030.941665 -1032.846766 -1033.863082 -1028.648124 -975.385884 -960.117015 -969.973214 -981.292543 -997.569897 -1001.535623 -978.005255 -948.605159 -927.527478 -917.525922 -917.048786 -923.862362 -935.849672 -951.032595 -967.523642 -983.608376 -997.877519 -1009.461194 -1018.148428 -1024.247531 -1028.310947 -1030.909479 -1032.518060 -1033.485036 -1034.045398 -1034.347924 -1034.499077 -1034.681102 -1035.095542 -1034.820271 -1034.919048 -1049.485623 -708.935073 -698.387727 -684.221825 -675.769739 -671.852264 -671.325574 -671.279055 -671.305466 -671.345910 -671.388210 -671.428743 -671.466209 -671.500330 -671.533743 -671.594387 -671.932493 -674.089270 -679.228493 -688.189324 -690.140173 -1039.534348 -1037.581605 -1035.739161 -1035.132594 -1034.995686 -1034.975766 -1034.979732 -1034.987193 -1034.993845 -1034.999010 -1035.002868 -1035.005749 -1035.007929 -1035.009607 -1035.010928 -1035.011983 -1035.012846 -1035.013588 -1035.014287 -1035.015033 -1035.015941 -1035.017173 -1035.018970 -1035.021704 -1035.025972 -1035.032736 -1035.043589 -1035.061230 -1035.090371 -1035.139523 -1035.224614 -1035.376402 -1035.655520 -1036.182335 -1037.194084 -1039.150544 -1042.929979 -1050.231666 -1064.552979 -1093.888822 -9999.0 -9999.0
-9999.0 -9999.0 -9999.0 -9999.0 -9999.0 -9999.0 -9999.0 -9999.0 -9999.0 -9999.0 -9999.0 -9999.0 -9999.0 -9999.0 -9999.0 -9999.0 -9999.0 -9999.0 -9999.0 -9999.0 -9999.0 -9999.0 -9999.0 -9999.0 -9999.0 -9999.0 -9999.0 -9999.0 -9999.0 -9999.0 -9999.0 -9999.0 -9999.0 -9999.0 -9999.0 -9999.0 -9999.0 -9999.0 -9999.0 -9999.0 -9999.0 -9999.0 -9999.0 -9999.0 -9999.0 -9999.0 -9999.0 -9999.0 -9999.0 -9999.0 -9999.0 -9999.0 -9999.0 -9999.0 -9999.0 -9999.0 -9999.0 -9999.0 -9999.0 -9999.0 -9999.0 -9999.0 -9999.0 -9999.0 -9999.0 -9999.0 -9999.0 -9999.0 -9999.0 -9999.0 -9999.0 -9999.0 -9999.0 -9999.0 -9999.0 -9999.0 -9999.0 -9999.0 -9999.0 -9999.0 -9999.0 -9999.0 -9999.0 -9999.0 -9999.0 -9999.0 -9999.0 -9999.0 -9999.0 -9999.0 -9999.0 -9999.0 -9999.0 -9999.0 -9999.0 -9999.0 -9999.0 -9999.0 -9999.0 -9999.0 -9999.0 -9999.0 -9999.0 -9999.0
-9999.0 -9999.0 -9999.0 -9999.0 -9999.0 -9999.0 -9999.0 -9999.0 -9999.0 -9999.0 -9999.0 -9999.0 -9999.0 -9999.0 -9999.0 -9999.0 -9999.0 -9999.0 -9999.0 -9999.0 -9999.0 -9999.0 -9999.0 -9999.0 -9999.0 -9999.0 -9999.0 -9999.0 -9999.0 -9999.0 -9999.0 -9999.0 -9999.0 -9999.0 -9999.0 -9999.0 -9999.0 -9999.0 -9999.0 -9999.0 -9999.0 -9999.0 -9999.0 -9999.0 -9999.0 -9999.0 -9999.0 -9999.0 -9999.0 -9999.0 -9999.0 -9999.0 -9999.0 -9999.0 -9999.0 -9999.0 -9999.0 -9999.0 -9999.0 -9999.0 -9999.0 -9999.0 -9999.0 -9999.0 -9999.0 -9999.0 -9999.0 -9999.0 -9999.0 -9999.0 -9999.0 -9999.0 -9999.0 -9999.0 -9999.0 -9999.0 -9999.0 -9999.0 -9999.0 -9999.0 -9999.0 -9999.0 -9999.0 -9999.0 -9999.0 -9999.0 -9999.0 -9999.0 -9999.0 -9999.0 -9999.0 -9999.0 -9999.0 -9999.0 -9999.0 -9999.0 -9999.0 -9999.0 -9999.0 -9999.0 -9999.0 -9999.0 -9999.0 -9999.0