inst/processing_geotop_simulation/geotop_simulation/out/maps3D/PwL0014N0212.asc
ncols         104
nrows         10
xllcorner     -2.000000
yllcorner     0.000000
cellsize      1.000000
NODATA_value  -9999.0
-9999.0 -9999.0 -9999.0 -9999.0 -9999.0 -9999.0 -9999.0 -9999.0 -9999.0 -9999.0 -9999.0 -9999.0 -9999.0 -9999.0 -9999.0 -9999.0 -9999.0 -9999.0 -9999.0 -9999.0 -9999.0 -9999.0 -9999.0 -9999.0 -9999.0 -9999.0 -9999.0 -9999.0 -9999.0 -9999.0 -9999.0 -9999.0 -9999.0 -9999.0 -9999.0 -9999.0 -9999.0 -9999.0 -9999.0 -9999.0 -9999.0 -9999.0 -9999.0 -9999.0 -9999.0 -9999.0 -9999.0 -9999.0 -9999.0 -9999.0 -9999.0 -9999.0 -9999.0 -9999.0 -9999.0 -9999.0 -9999.0 -9999.0 -9999.0 -9999.0 -9999.0 -9999.0 -9999.0 -9999.0 -9999.0 -9999.0 -9999.0 -9999.0 -9999.0 -9999.0 -9999.0 -9999.0 -9999.0 -9999.0 -9999.0 -9999.0 -9999.0 -9999.0 -9999.0 -9999.0 -9999.0 -9999.0 -9999.0 -9999.0 -9999.0 -9999.0 -9999.0 -9999.0 -9999.0 -9999.0 -9999.0 -9999.0 -9999.0 -9999.0 -9999.0 -9999.0 -9999.0 -9999.0 -9999.0 -9999.0 -9999.0 -9999.0 -9999.0 -9999.0
-9999.0 -9999.0 -9999.0 -9999.0 -9999.0 -9999.0 -9999.0 -9999.0 -9999.0 -9999.0 -9999.0 -9999.0 -9999.0 -9999.0 -9999.0 -9999.0 -9999.0 -9999.0 -9999.0 -9999.0 -9999.0 -9999.0 -9999.0 -9999.0 -9999.0 -9999.0 -9999.0 -9999.0 -9999.0 -9999.0 -9999.0 -9999.0 -9999.0 -9999.0 -9999.0 -9999.0 -9999.0 -9999.0 -9999.0 -9999.0 -9999.0 -9999.0 -9999.0 -9999.0 -9999.0 -9999.0 -9999.0 -9999.0 -9999.0 -9999.0 -9999.0 -9999.0 -9999.0 -9999.0 -9999.0 -9999.0 -9999.0 -9999.0 -9999.0 -9999.0 -9999.0 -9999.0 -9999.0 -9999.0 -9999.0 -9999.0 -9999.0 -9999.0 -9999.0 -9999.0 -9999.0 -9999.0 -9999.0 -9999.0 -9999.0 -9999.0 -9999.0 -9999.0 -9999.0 -9999.0 -9999.0 -9999.0 -9999.0 -9999.0 -9999.0 -9999.0 -9999.0 -9999.0 -9999.0 -9999.0 -9999.0 -9999.0 -9999.0 -9999.0 -9999.0 -9999.0 -9999.0 -9999.0 -9999.0 -9999.0 -9999.0 -9999.0 -9999.0 -9999.0
-9999.0 -9999.0 677.452191 581.593778 484.841983 387.488574 289.853775 192.097527 94.299684 -3.495090 -101.255276 -198.964567 -296.560691 -393.912561 -490.790629 -586.875121 -681.644535 -777.088266 -872.023347 -966.229945 -1059.384415 -1142.814360 -1216.817132 -1279.258553 -1329.475270 -1368.170065 -1396.930224 -1417.682078 -1432.296024 -1442.383340 -1449.232822 -1453.822913 -1456.867699 -1458.872409 -1460.186081 -1461.047515 -1461.626906 -1462.086947 -1462.811181 -1465.490910 -1477.350596 -1530.982851 -2022.456115 -4246.488174 -4281.988509 -4281.702996 -4281.436829 -4281.393801 -4281.389361 -4281.389823 -4281.390975 -4281.392207 -4281.393386 -4281.394476 -4281.395481 -4281.396613 -4281.399962 -4281.423654 -4281.577057 -4281.812060 -4222.904151 -1874.685837 -1496.543519 -1470.449739 -1464.225269 -1463.017814 -1462.821952 -1462.792143 -1462.788171 -1462.788344 -1462.789098 -1462.789798 -1462.790354 -1462.790780 -1462.791108 -1462.791364 -1462.791567 -1462.791733 -1462.791872 -1462.791996 -1462.792118 -1462.792253 -1462.792423 -1462.792657 -1462.793002 -1462.793530 -1462.794361 -1462.795690 -1462.797851 -1462.801433 -1462.807505 -1462.818075 -1462.837030 -1462.872057 -1462.938629 -1463.068606 -1463.330283 -1463.880134 -1465.106283 -1468.045944 -1475.765939 -1499.408480 -9999.0 -9999.0
-9999.0 -9999.0 677.457074 581.595359 484.842455 387.488721 289.853823 192.097543 94.299690 -3.495087 -101.255275 -198.964567 -296.560691 -393.912561 -490.790629 -586.875121 -681.644535 -777.088266 -872.023347 -966.229946 -1059.384416 -1142.814360 -1216.817132 -1279.258554 -1329.475270 -1368.170066 -1396.930224 -1417.682078 -1432.296025 -1442.383340 -1449.232822 -1453.822913 -1456.867699 -1458.872409 -1460.186081 -1461.047515 -1461.626906 -1462.086947 -1462.811181 -1465.490910 -1477.350596 -1530.982851 -2022.456115 -4246.488174 -4281.988509 -4281.702996 -4281.436829 -4281.393801 -4281.389361 -4281.389823 -4281.390975 -4281.392207 -4281.393386 -4281.394476 -4281.395481 -4281.396613 -4281.399962 -4281.423654 -4281.577057 -4281.812060 -4222.904151 -1874.685837 -1496.543519 -1470.449739 -1464.225269 -1463.017814 -1462.821952 -1462.792143 -1462.788171 -1462.788344 -1462.789098 -1462.789798 -1462.790354 -1462.790780 -1462.791108 -1462.791364 -1462.791567 -1462.791733 -1462.791872 -1462.791996 -1462.792118 -1462.792253 -1462.792423 -1462.792657 -1462.793002 -1462.793530 -1462.794361 -1462.795690 -1462.797851 -1462.801433 -1462.807505 -1462.818075 -1462.837030 -1462.872057 -1462.938629 -1463.068606 -1463.330283 -1463.880134 -1465.106283 -1468.045944 -1475.765939 -1499.408480 -9999.0 -9999.0
-9999.0 -9999.0 677.458537 581.596125 484.842768 387.488838 289.853865 192.097559 94.299696 -3.495085 -101.255274 -198.964566 -296.560691 -393.912561 -490.790629 -586.875121 -681.644535 -777.088266 -872.023347 -966.229946 -1059.384416 -1142.814360 -1216.817132 -1279.258554 -1329.475270 -1368.170066 -1396.930224 -1417.682078 -1432.296025 -1442.383340 -1449.232822 -1453.822913 -1456.867699 -1458.872409 -1460.186081 -1461.047515 -1461.626906 -1462.086947 -1462.811181 -1465.490910 -1477.350596 -1530.982851 -2022.456115 -4246.488174 -4281.988509 -4281.702996 -4281.436829 -4281.393801 -4281.389361 -4281.389823 -4281.390975 -4281.392207 -4281.393386 -4281.394476 -4281.395481 -4281.396613 -4281.399962 -4281.423654 -4281.577057 -4281.812060 -4222.904151 -1874.685837 -1496.543519 -1470.449739 -1464.225269 -1463.017814 -1462.821952 -1462.792143 -1462.788171 -1462.788344 -1462.789098 -1462.789798 -1462.790354 -1462.790780 -1462.791108 -1462.791364 -1462.791567 -1462.791733 -1462.791872 -1462.791996 -1462.792118 -1462.792253 -1462.792423 -1462.792657 -1462.793002 -1462.793530 -1462.794361 -1462.795690 -1462.797851 -1462.801433 -1462.807505 -1462.818075 -1462.837030 -1462.872057 -1462.938629 -1463.068606 -1463.330283 -1463.880134 -1465.106283 -1468.045944 -1475.765939 -1499.408480 -9999.0 -9999.0
-9999.0 -9999.0 677.458537 581.596125 484.842768 387.488838 289.853865 192.097559 94.299696 -3.495085 -101.255274 -198.964566 -296.560691 -393.912561 -490.790629 -586.875121 -681.644535 -777.088266 -872.023347 -966.229946 -1059.384416 -1142.814360 -1216.817133 -1279.258554 -1329.475270 -1368.170066 -1396.930224 -1417.682078 -1432.296025 -1442.383340 -1449.232822 -1453.822913 -1456.867699 -1458.872409 -1460.186081 -1461.047515 -1461.626906 -1462.086947 -1462.811181 -1465.490910 -1477.350596 -1530.982851 -2022.456115 -4246.488174 -4281.988509 -4281.702996 -4281.436829 -4281.393801 -4281.389361 -4281.389823 -4281.390975 -4281.392207 -4281.393386 -4281.394476 -4281.395481 -4281.396613 -4281.399962 -4281.423654 -4281.577057 -4281.812060 -4222.904151 -1874.685837 -1496.543519 -1470.449739 -1464.225269 -1463.017814 -1462.821952 -1462.792143 -1462.788171 -1462.788344 -1462.789098 -1462.789798 -1462.790354 -1462.790780 -1462.791108 -1462.791364 -1462.791567 -1462.791733 -1462.791872 -1462.791996 -1462.792118 -1462.792253 -1462.792423 -1462.792657 -1462.793002 -1462.793530 -1462.794361 -1462.795690 -1462.797851 -1462.801433 -1462.807505 -1462.818075 -1462.837030 -1462.872057 -1462.938629 -1463.068606 -1463.330283 -1463.880134 -1465.106283 -1468.045944 -1475.765939 -1499.408480 -9999.0 -9999.0
-9999.0 -9999.0 677.457074 581.595359 484.842455 387.488721 289.853823 192.097543 94.299690 -3.495087 -101.255275 -198.964567 -296.560691 -393.912561 -490.790629 -586.875121 -681.644535 -777.088266 -872.023347 -966.229946 -1059.384416 -1142.814360 -1216.817132 -1279.258554 -1329.475270 -1368.170066 -1396.930224 -1417.682078 -1432.296025 -1442.383340 -1449.232822 -1453.822913 -1456.867699 -1458.872409 -1460.186081 -1461.047515 -1461.626906 -1462.086947 -1462.811181 -1465.490910 -1477.350596 -1530.982851 -2022.456115 -4246.488174 -4281.988509 -4281.702996 -4281.436829 -4281.393801 -4281.389361 -4281.389823 -4281.390975 -4281.392207 -4281.393386 -4281.394476 -4281.395481 -4281.396613 -4281.399962 -4281.423654 -4281.577057 -4281.812060 -4222.904151 -1874.685837 -1496.543519 -1470.449739 -1464.225269 -1463.017814 -1462.821952 -1462.792143 -1462.788171 -1462.788344 -1462.789098 -1462.789798 -1462.790354 -1462.790780 -1462.791108 -1462.791364 -1462.791567 -1462.791733 -1462.791872 -1462.791996 -1462.792118 -1462.792253 -1462.792423 -1462.792657 -1462.793002 -1462.793530 -1462.794361 -1462.795690 -1462.797851 -1462.801433 -1462.807505 -1462.818075 -1462.837030 -1462.872057 -1462.938629 -1463.068606 -1463.330283 -1463.880134 -1465.106283 -1468.045944 -1475.765939 -1499.408480 -9999.0 -9999.0
-9999.0 -9999.0 677.452191 581.593778 484.841983 387.488574 289.853775 192.097527 94.299684 -3.495089 -101.255276 -198.964567 -296.560691 -393.912561 -490.790629 -586.875121 -681.644535 -777.088266 -872.023347 -966.229945 -1059.384415 -1142.814360 -1216.817132 -1279.258553 -1329.475270 -1368.170065 -1396.930224 -1417.682078 -1432.296025 -1442.383340 -1449.232822 -1453.822913 -1456.867699 -1458.872409 -1460.186081 -1461.047515 -1461.626906 -1462.086947 -1462.811181 -1465.490910 -1477.350596 -1530.982851 -2022.456115 -4246.488174 -4281.988509 -4281.702996 -4281.436829 -4281.393801 -4281.389361 -4281.389823 -4281.390975 -4281.392207 -4281.393386 -4281.394476 -4281.395481 -4281.396613 -4281.399962 -4281.423654 -4281.577057 -4281.812060 -4222.904151 -1874.685837 -1496.543519 -1470.449739 -1464.225269 -1463.017814 -1462.821952 -1462.792143 -1462.788171 -1462.788344 -1462.789098 -1462.789798 -1462.790354 -1462.790780 -1462.791108 -1462.791364 -1462.791567 -1462.791733 -1462.791872 -1462.791996 -1462.792118 -1462.792253 -1462.792423 -1462.792657 -1462.793002 -1462.793530 -1462.794361 -1462.795690 -1462.797851 -1462.801433 -1462.807505 -1462.818075 -1462.837030 -1462.872057 -1462.938629 -1463.068606 -1463.330283 -1463.880134 -1465.106283 -1468.045944 -1475.765939 -1499.408480 -9999.0 -9999.0
-9999.0 -9999.0 -9999.0 -9999.0 -9999.0 -9999.0 -9999.0 -9999.0 -9999.0 -9999.0 -9999.0 -9999.0 -9999.0 -9999.0 -9999.0 -9999.0 -9999.0 -9999.0 -9999.0 -9999.0 -9999.0 -9999.0 -9999.0 -9999.0 -9999.0 -9999.0 -9999.0 -9999.0 -9999.0 -9999.0 -9999.0 -9999.0 -9999.0 -9999.0 -9999.0 -9999.0 -9999.0 -9999.0 -9999.0 -9999.0 -9999.0 -9999.0 -9999.0 -9999.0 -9999.0 -9999.0 -9999.0 -9999.0 -9999.0 -9999.0 -9999.0 -9999.0 -9999.0 -9999.0 -9999.0 -9999.0 -9999.0 -9999.0 -9999.0 -9999.0 -9999.0 -9999.0 -9999.0 -9999.0 -9999.0 -9999.0 -9999.0 -9999.0 -9999.0 -9999.0 -9999.0 -9999.0 -9999.0 -9999.0 -9999.0 -9999.0 -9999.0 -9999.0 -9999.0 -9999.0 -9999.0 -9999.0 -9999.0 -9999.0 -9999.0 -9999.0 -9999.0 -9999.0 -9999.0 -9999.0 -9999.0 -9999.0 -9999.0 -9999.0 -9999.0 -9999.0 -9999.0 -9999.0 -9999.0 -9999.0 -9999.0 -9999.0 -9999.0 -9999.0
-9999.0 -9999.0 -9999.0 -9999.0 -9999.0 -9999.0 -9999.0 -9999.0 -9999.0 -9999.0 -9999.0 -9999.0 -9999.0 -9999.0 -9999.0 -9999.0 -9999.0 -9999.0 -9999.0 -9999.0 -9999.0 -9999.0 -9999.0 -9999.0 -9999.0 -9999.0 -9999.0 -9999.0 -9999.0 -9999.0 -9999.0 -9999.0 -9999.0 -9999.0 -9999.0 -9999.0 -9999.0 -9999.0 -9999.0 -9999.0 -9999.0 -9999.0 -9999.0 -9999.0 -9999.0 -9999.0 -9999.0 -9999.0 -9999.0 -9999.0 -9999.0 -9999.0 -9999.0 -9999.0 -9999.0 -9999.0 -9999.0 -9999.0 -9999.0 -9999.0 -9999.0 -9999.0 -9999.0 -9999.0 -9999.0 -9999.0 -9999.0 -9999.0 -9999.0 -9999.0 -9999.0 -9999.0 -9999.0 -9999.0 -9999.0 -9999.0 -9999.0 -9999.0 -9999.0 -9999.0 -9999.0 -9999.0 -9999.0 -9999.0 -9999.0 -9999.0 -9999.0 -9999.0 -9999.0 -9999.0 -9999.0 -9999.0 -9999.0 -9999.0 -9999.0 -9999.0 -9999.0 -9999.0 -9999.0 -9999.0 -9999.0 -9999.0 -9999.0 -9999.0