inst/processing_geotop_simulation/geotop_simulation/out/maps3D/PwL0014N0376.asc
ncols         104
nrows         10
xllcorner     -2.000000
yllcorner     0.000000
cellsize      1.000000
NODATA_value  -9999.0
-9999.0 -9999.0 -9999.0 -9999.0 -9999.0 -9999.0 -9999.0 -9999.0 -9999.0 -9999.0 -9999.0 -9999.0 -9999.0 -9999.0 -9999.0 -9999.0 -9999.0 -9999.0 -9999.0 -9999.0 -9999.0 -9999.0 -9999.0 -9999.0 -9999.0 -9999.0 -9999.0 -9999.0 -9999.0 -9999.0 -9999.0 -9999.0 -9999.0 -9999.0 -9999.0 -9999.0 -9999.0 -9999.0 -9999.0 -9999.0 -9999.0 -9999.0 -9999.0 -9999.0 -9999.0 -9999.0 -9999.0 -9999.0 -9999.0 -9999.0 -9999.0 -9999.0 -9999.0 -9999.0 -9999.0 -9999.0 -9999.0 -9999.0 -9999.0 -9999.0 -9999.0 -9999.0 -9999.0 -9999.0 -9999.0 -9999.0 -9999.0 -9999.0 -9999.0 -9999.0 -9999.0 -9999.0 -9999.0 -9999.0 -9999.0 -9999.0 -9999.0 -9999.0 -9999.0 -9999.0 -9999.0 -9999.0 -9999.0 -9999.0 -9999.0 -9999.0 -9999.0 -9999.0 -9999.0 -9999.0 -9999.0 -9999.0 -9999.0 -9999.0 -9999.0 -9999.0 -9999.0 -9999.0 -9999.0 -9999.0 -9999.0 -9999.0 -9999.0 -9999.0
-9999.0 -9999.0 -9999.0 -9999.0 -9999.0 -9999.0 -9999.0 -9999.0 -9999.0 -9999.0 -9999.0 -9999.0 -9999.0 -9999.0 -9999.0 -9999.0 -9999.0 -9999.0 -9999.0 -9999.0 -9999.0 -9999.0 -9999.0 -9999.0 -9999.0 -9999.0 -9999.0 -9999.0 -9999.0 -9999.0 -9999.0 -9999.0 -9999.0 -9999.0 -9999.0 -9999.0 -9999.0 -9999.0 -9999.0 -9999.0 -9999.0 -9999.0 -9999.0 -9999.0 -9999.0 -9999.0 -9999.0 -9999.0 -9999.0 -9999.0 -9999.0 -9999.0 -9999.0 -9999.0 -9999.0 -9999.0 -9999.0 -9999.0 -9999.0 -9999.0 -9999.0 -9999.0 -9999.0 -9999.0 -9999.0 -9999.0 -9999.0 -9999.0 -9999.0 -9999.0 -9999.0 -9999.0 -9999.0 -9999.0 -9999.0 -9999.0 -9999.0 -9999.0 -9999.0 -9999.0 -9999.0 -9999.0 -9999.0 -9999.0 -9999.0 -9999.0 -9999.0 -9999.0 -9999.0 -9999.0 -9999.0 -9999.0 -9999.0 -9999.0 -9999.0 -9999.0 -9999.0 -9999.0 -9999.0 -9999.0 -9999.0 -9999.0 -9999.0 -9999.0
-9999.0 -9999.0 671.483141 572.919497 474.043184 374.957617 275.774739 176.550376 77.312402 -21.922465 -121.145006 -220.351104 -319.525662 -418.638414 -517.636665 -616.444363 -714.926363 -813.532120 -911.948689 -1010.113298 -1107.913875 -1202.432498 -1292.749068 -1376.463693 -1451.265931 -1515.514893 -1568.570895 -1610.801249 -1643.332565 -1667.701217 -1685.537418 -1698.350128 -1707.418338 -1713.762120 -1718.160972 -1721.195307 -1723.303079 -1724.881903 -1726.574394 -1729.986173 -1737.796130 -1745.496402 -1773.557178 -3962.922481 -3757.298269 -3494.211827 -3361.176869 -3343.368861 -3341.559948 -3341.745534 -3342.213753 -3342.715547 -3343.197255 -3343.643003 -3344.055430 -3344.524715 -3345.939029 -3355.927626 -3424.834980 -3576.206412 -3626.344617 -1592.254831 -1705.846211 -1729.707546 -1729.026227 -1728.070413 -1727.816257 -1727.766882 -1727.758828 -1727.758018 -1727.758358 -1727.758802 -1727.759182 -1727.759489 -1727.759735 -1727.759938 -1727.760108 -1727.760256 -1727.760388 -1727.760513 -1727.760639 -1727.760776 -1727.760939 -1727.761148 -1727.761435 -1727.761850 -1727.762475 -1727.763448 -1727.765007 -1727.767576 -1727.771936 -1727.779575 -1727.793408 -1727.819275 -1727.869205 -1727.968925 -1728.176634 -1728.633524 -1729.708617 -1732.452244 -1740.214397 -1765.290962 -9999.0 -9999.0
-9999.0 -9999.0 671.487389 572.920870 474.043594 374.957745 275.774781 176.550391 77.312407 -21.922462 -121.145005 -220.351103 -319.525662 -418.638414 -517.636665 -616.444364 -714.926363 -813.532120 -911.948689 -1010.113298 -1107.913875 -1202.432498 -1292.749068 -1376.463693 -1451.265931 -1515.514893 -1568.570895 -1610.801249 -1643.332565 -1667.701217 -1685.537418 -1698.350128 -1707.418339 -1713.762120 -1718.160972 -1721.195307 -1723.303079 -1724.881903 -1726.574394 -1729.986173 -1737.796130 -1745.496402 -1773.557178 -3962.922480 -3757.298265 -3494.211819 -3361.176869 -3343.368861 -3341.559948 -3341.745534 -3342.213753 -3342.715547 -3343.197255 -3343.643003 -3344.055430 -3344.524715 -3345.939029 -3355.927626 -3424.834980 -3576.206412 -3626.344617 -1592.254831 -1705.846211 -1729.707546 -1729.026227 -1728.070413 -1727.816257 -1727.766882 -1727.758828 -1727.758018 -1727.758358 -1727.758801 -1727.759182 -1727.759489 -1727.759735 -1727.759938 -1727.760108 -1727.760256 -1727.760388 -1727.760513 -1727.760639 -1727.760776 -1727.760939 -1727.761148 -1727.761435 -1727.761850 -1727.762475 -1727.763448 -1727.765007 -1727.767576 -1727.771936 -1727.779575 -1727.793408 -1727.819275 -1727.869205 -1727.968925 -1728.176634 -1728.633524 -1729.708617 -1732.452244 -1740.214397 -1765.290962 -9999.0 -9999.0
-9999.0 -9999.0 671.488662 572.921536 474.043866 374.957846 275.774818 176.550404 77.312412 -21.922460 -121.145004 -220.351103 -319.525662 -418.638413 -517.636665 -616.444364 -714.926363 -813.532120 -911.948689 -1010.113298 -1107.913875 -1202.432498 -1292.749068 -1376.463693 -1451.265931 -1515.514893 -1568.570895 -1610.801249 -1643.332565 -1667.701217 -1685.537418 -1698.350128 -1707.418339 -1713.762120 -1718.160972 -1721.195307 -1723.303079 -1724.881903 -1726.574394 -1729.986173 -1737.796130 -1745.496402 -1773.557178 -3962.922480 -3757.298264 -3494.211816 -3361.176869 -3343.368861 -3341.559948 -3341.745534 -3342.213753 -3342.715547 -3343.197255 -3343.643003 -3344.055430 -3344.524715 -3345.939029 -3355.927626 -3424.834980 -3576.206411 -3626.344617 -1592.254831 -1705.846211 -1729.707546 -1729.026227 -1728.070413 -1727.816257 -1727.766882 -1727.758828 -1727.758018 -1727.758358 -1727.758801 -1727.759182 -1727.759489 -1727.759735 -1727.759938 -1727.760108 -1727.760256 -1727.760388 -1727.760513 -1727.760639 -1727.760776 -1727.760939 -1727.761148 -1727.761435 -1727.761850 -1727.762475 -1727.763448 -1727.765007 -1727.767576 -1727.771936 -1727.779575 -1727.793408 -1727.819275 -1727.869205 -1727.968925 -1728.176634 -1728.633524 -1729.708617 -1732.452244 -1740.214397 -1765.290962 -9999.0 -9999.0
-9999.0 -9999.0 671.488662 572.921536 474.043866 374.957846 275.774818 176.550404 77.312412 -21.922460 -121.145004 -220.351103 -319.525662 -418.638413 -517.636665 -616.444364 -714.926363 -813.532120 -911.948689 -1010.113298 -1107.913875 -1202.432498 -1292.749068 -1376.463693 -1451.265931 -1515.514893 -1568.570895 -1610.801249 -1643.332565 -1667.701217 -1685.537418 -1698.350128 -1707.418339 -1713.762120 -1718.160972 -1721.195307 -1723.303079 -1724.881903 -1726.574394 -1729.986173 -1737.796130 -1745.496402 -1773.557178 -3962.922480 -3757.298264 -3494.211816 -3361.176869 -3343.368861 -3341.559948 -3341.745534 -3342.213753 -3342.715547 -3343.197255 -3343.643003 -3344.055430 -3344.524715 -3345.939029 -3355.927626 -3424.834980 -3576.206411 -3626.344617 -1592.254831 -1705.846211 -1729.707546 -1729.026227 -1728.070413 -1727.816257 -1727.766882 -1727.758828 -1727.758018 -1727.758358 -1727.758801 -1727.759182 -1727.759489 -1727.759735 -1727.759938 -1727.760108 -1727.760256 -1727.760388 -1727.760513 -1727.760639 -1727.760776 -1727.760939 -1727.761148 -1727.761435 -1727.761850 -1727.762475 -1727.763448 -1727.765007 -1727.767576 -1727.771936 -1727.779575 -1727.793408 -1727.819275 -1727.869205 -1727.968925 -1728.176634 -1728.633524 -1729.708617 -1732.452244 -1740.214397 -1765.290962 -9999.0 -9999.0
-9999.0 -9999.0 671.487389 572.920870 474.043594 374.957744 275.774781 176.550391 77.312407 -21.922462 -121.145005 -220.351103 -319.525662 -418.638413 -517.636665 -616.444364 -714.926363 -813.532120 -911.948689 -1010.113298 -1107.913875 -1202.432498 -1292.749068 -1376.463693 -1451.265931 -1515.514893 -1568.570895 -1610.801249 -1643.332565 -1667.701217 -1685.537418 -1698.350128 -1707.418339 -1713.762120 -1718.160972 -1721.195307 -1723.303079 -1724.881903 -1726.574394 -1729.986173 -1737.796130 -1745.496402 -1773.557178 -3962.922480 -3757.298265 -3494.211819 -3361.176869 -3343.368861 -3341.559948 -3341.745534 -3342.213753 -3342.715547 -3343.197255 -3343.643003 -3344.055430 -3344.524715 -3345.939029 -3355.927626 -3424.834980 -3576.206412 -3626.344617 -1592.254831 -1705.846211 -1729.707546 -1729.026227 -1728.070413 -1727.816257 -1727.766882 -1727.758828 -1727.758018 -1727.758358 -1727.758801 -1727.759182 -1727.759489 -1727.759735 -1727.759938 -1727.760108 -1727.760256 -1727.760388 -1727.760513 -1727.760639 -1727.760776 -1727.760939 -1727.761148 -1727.761435 -1727.761850 -1727.762475 -1727.763448 -1727.765007 -1727.767576 -1727.771936 -1727.779575 -1727.793408 -1727.819275 -1727.869205 -1727.968925 -1728.176634 -1728.633524 -1729.708617 -1732.452244 -1740.214397 -1765.290962 -9999.0 -9999.0
-9999.0 -9999.0 671.483141 572.919497 474.043184 374.957617 275.774739 176.550376 77.312402 -21.922465 -121.145006 -220.351104 -319.525662 -418.638414 -517.636665 -616.444364 -714.926363 -813.532120 -911.948689 -1010.113298 -1107.913875 -1202.432498 -1292.749068 -1376.463693 -1451.265931 -1515.514893 -1568.570895 -1610.801249 -1643.332565 -1667.701217 -1685.537418 -1698.350128 -1707.418338 -1713.762120 -1718.160972 -1721.195307 -1723.303079 -1724.881903 -1726.574394 -1729.986173 -1737.796130 -1745.496402 -1773.557178 -3962.922481 -3757.298269 -3494.211827 -3361.176869 -3343.368861 -3341.559948 -3341.745534 -3342.213753 -3342.715547 -3343.197255 -3343.643003 -3344.055430 -3344.524715 -3345.939029 -3355.927626 -3424.834980 -3576.206412 -3626.344617 -1592.254831 -1705.846211 -1729.707546 -1729.026227 -1728.070413 -1727.816257 -1727.766882 -1727.758828 -1727.758018 -1727.758358 -1727.758802 -1727.759182 -1727.759489 -1727.759735 -1727.759938 -1727.760108 -1727.760256 -1727.760388 -1727.760513 -1727.760639 -1727.760776 -1727.760939 -1727.761148 -1727.761435 -1727.761850 -1727.762475 -1727.763448 -1727.765007 -1727.767576 -1727.771936 -1727.779575 -1727.793408 -1727.819275 -1727.869205 -1727.968925 -1728.176634 -1728.633524 -1729.708617 -1732.452244 -1740.214397 -1765.290962 -9999.0 -9999.0
-9999.0 -9999.0 -9999.0 -9999.0 -9999.0 -9999.0 -9999.0 -9999.0 -9999.0 -9999.0 -9999.0 -9999.0 -9999.0 -9999.0 -9999.0 -9999.0 -9999.0 -9999.0 -9999.0 -9999.0 -9999.0 -9999.0 -9999.0 -9999.0 -9999.0 -9999.0 -9999.0 -9999.0 -9999.0 -9999.0 -9999.0 -9999.0 -9999.0 -9999.0 -9999.0 -9999.0 -9999.0 -9999.0 -9999.0 -9999.0 -9999.0 -9999.0 -9999.0 -9999.0 -9999.0 -9999.0 -9999.0 -9999.0 -9999.0 -9999.0 -9999.0 -9999.0 -9999.0 -9999.0 -9999.0 -9999.0 -9999.0 -9999.0 -9999.0 -9999.0 -9999.0 -9999.0 -9999.0 -9999.0 -9999.0 -9999.0 -9999.0 -9999.0 -9999.0 -9999.0 -9999.0 -9999.0 -9999.0 -9999.0 -9999.0 -9999.0 -9999.0 -9999.0 -9999.0 -9999.0 -9999.0 -9999.0 -9999.0 -9999.0 -9999.0 -9999.0 -9999.0 -9999.0 -9999.0 -9999.0 -9999.0 -9999.0 -9999.0 -9999.0 -9999.0 -9999.0 -9999.0 -9999.0 -9999.0 -9999.0 -9999.0 -9999.0 -9999.0 -9999.0
-9999.0 -9999.0 -9999.0 -9999.0 -9999.0 -9999.0 -9999.0 -9999.0 -9999.0 -9999.0 -9999.0 -9999.0 -9999.0 -9999.0 -9999.0 -9999.0 -9999.0 -9999.0 -9999.0 -9999.0 -9999.0 -9999.0 -9999.0 -9999.0 -9999.0 -9999.0 -9999.0 -9999.0 -9999.0 -9999.0 -9999.0 -9999.0 -9999.0 -9999.0 -9999.0 -9999.0 -9999.0 -9999.0 -9999.0 -9999.0 -9999.0 -9999.0 -9999.0 -9999.0 -9999.0 -9999.0 -9999.0 -9999.0 -9999.0 -9999.0 -9999.0 -9999.0 -9999.0 -9999.0 -9999.0 -9999.0 -9999.0 -9999.0 -9999.0 -9999.0 -9999.0 -9999.0 -9999.0 -9999.0 -9999.0 -9999.0 -9999.0 -9999.0 -9999.0 -9999.0 -9999.0 -9999.0 -9999.0 -9999.0 -9999.0 -9999.0 -9999.0 -9999.0 -9999.0 -9999.0 -9999.0 -9999.0 -9999.0 -9999.0 -9999.0 -9999.0 -9999.0 -9999.0 -9999.0 -9999.0 -9999.0 -9999.0 -9999.0 -9999.0 -9999.0 -9999.0 -9999.0 -9999.0 -9999.0 -9999.0 -9999.0 -9999.0 -9999.0 -9999.0