inst/processing_geotop_simulation/geotop_simulation/out/maps3D/PwL0016N0202.asc
ncols         104
nrows         10
xllcorner     -2.000000
yllcorner     0.000000
cellsize      1.000000
NODATA_value  -9999.0
-9999.0 -9999.0 -9999.0 -9999.0 -9999.0 -9999.0 -9999.0 -9999.0 -9999.0 -9999.0 -9999.0 -9999.0 -9999.0 -9999.0 -9999.0 -9999.0 -9999.0 -9999.0 -9999.0 -9999.0 -9999.0 -9999.0 -9999.0 -9999.0 -9999.0 -9999.0 -9999.0 -9999.0 -9999.0 -9999.0 -9999.0 -9999.0 -9999.0 -9999.0 -9999.0 -9999.0 -9999.0 -9999.0 -9999.0 -9999.0 -9999.0 -9999.0 -9999.0 -9999.0 -9999.0 -9999.0 -9999.0 -9999.0 -9999.0 -9999.0 -9999.0 -9999.0 -9999.0 -9999.0 -9999.0 -9999.0 -9999.0 -9999.0 -9999.0 -9999.0 -9999.0 -9999.0 -9999.0 -9999.0 -9999.0 -9999.0 -9999.0 -9999.0 -9999.0 -9999.0 -9999.0 -9999.0 -9999.0 -9999.0 -9999.0 -9999.0 -9999.0 -9999.0 -9999.0 -9999.0 -9999.0 -9999.0 -9999.0 -9999.0 -9999.0 -9999.0 -9999.0 -9999.0 -9999.0 -9999.0 -9999.0 -9999.0 -9999.0 -9999.0 -9999.0 -9999.0 -9999.0 -9999.0 -9999.0 -9999.0 -9999.0 -9999.0 -9999.0 -9999.0
-9999.0 -9999.0 -9999.0 -9999.0 -9999.0 -9999.0 -9999.0 -9999.0 -9999.0 -9999.0 -9999.0 -9999.0 -9999.0 -9999.0 -9999.0 -9999.0 -9999.0 -9999.0 -9999.0 -9999.0 -9999.0 -9999.0 -9999.0 -9999.0 -9999.0 -9999.0 -9999.0 -9999.0 -9999.0 -9999.0 -9999.0 -9999.0 -9999.0 -9999.0 -9999.0 -9999.0 -9999.0 -9999.0 -9999.0 -9999.0 -9999.0 -9999.0 -9999.0 -9999.0 -9999.0 -9999.0 -9999.0 -9999.0 -9999.0 -9999.0 -9999.0 -9999.0 -9999.0 -9999.0 -9999.0 -9999.0 -9999.0 -9999.0 -9999.0 -9999.0 -9999.0 -9999.0 -9999.0 -9999.0 -9999.0 -9999.0 -9999.0 -9999.0 -9999.0 -9999.0 -9999.0 -9999.0 -9999.0 -9999.0 -9999.0 -9999.0 -9999.0 -9999.0 -9999.0 -9999.0 -9999.0 -9999.0 -9999.0 -9999.0 -9999.0 -9999.0 -9999.0 -9999.0 -9999.0 -9999.0 -9999.0 -9999.0 -9999.0 -9999.0 -9999.0 -9999.0 -9999.0 -9999.0 -9999.0 -9999.0 -9999.0 -9999.0 -9999.0 -9999.0
-9999.0 -9999.0 777.938116 682.060050 585.498073 488.359624 390.936430 293.388220 195.797356 98.207026 0.644728 -96.864052 -194.304377 -291.602937 -388.617887 -485.115350 -580.703858 -674.841079 -769.731374 -863.817341 -956.745343 -1048.308400 -1127.004419 -1195.068087 -1251.178270 -1295.392594 -1328.867621 -1353.364399 -1370.789857 -1382.898659 -1391.154637 -1396.699497 -1400.380776 -1402.804413 -1404.391514 -1405.430657 -1406.125690 -1406.662316 -1407.445895 -1410.251657 -1423.068301 -1487.819090 -2019.892878 -4152.507305 -4183.166365 -4183.168314 -4183.168312 -4183.168312 -4183.168312 -4183.168311 -4183.168309 -4183.168304 -4183.168294 -4183.168281 -4183.168257 -4183.168210 -4183.168100 -4183.167818 -4183.167034 -4183.160756 -4132.149292 -1889.499289 -1451.838835 -1416.062801 -1409.019773 -1407.750484 -1407.550476 -1407.520394 -1407.516418 -1407.516617 -1407.517398 -1407.518121 -1407.518694 -1407.519135 -1407.519474 -1407.519739 -1407.519950 -1407.520122 -1407.520266 -1407.520395 -1407.520522 -1407.520662 -1407.520838 -1407.521079 -1407.521435 -1407.521979 -1407.522833 -1407.524199 -1407.526420 -1407.530100 -1407.536337 -1407.547194 -1407.566663 -1407.602640 -1407.671038 -1407.804676 -1408.074173 -1408.642242 -1409.914648 -1412.974626 -1420.975843 -1445.074184 -9999.0 -9999.0
-9999.0 -9999.0 777.942370 682.061520 585.498528 488.359769 390.936478 293.388237 195.797362 98.207028 0.644729 -96.864052 -194.304377 -291.602937 -388.617887 -485.115351 -580.703858 -674.841079 -769.731375 -863.817341 -956.745343 -1048.308400 -1127.004420 -1195.068087 -1251.178270 -1295.392594 -1328.867622 -1353.364399 -1370.789858 -1382.898659 -1391.154637 -1396.699498 -1400.380776 -1402.804413 -1404.391515 -1405.430657 -1406.125690 -1406.662316 -1407.445895 -1410.251657 -1423.068301 -1487.819090 -2019.892878 -4152.507305 -4183.166365 -4183.168314 -4183.168312 -4183.168312 -4183.168312 -4183.168311 -4183.168309 -4183.168304 -4183.168294 -4183.168281 -4183.168257 -4183.168210 -4183.168100 -4183.167818 -4183.167034 -4183.160756 -4132.149292 -1889.499289 -1451.838835 -1416.062801 -1409.019773 -1407.750484 -1407.550476 -1407.520394 -1407.516418 -1407.516617 -1407.517398 -1407.518121 -1407.518694 -1407.519135 -1407.519474 -1407.519739 -1407.519950 -1407.520122 -1407.520266 -1407.520395 -1407.520522 -1407.520662 -1407.520838 -1407.521079 -1407.521435 -1407.521979 -1407.522833 -1407.524199 -1407.526420 -1407.530100 -1407.536337 -1407.547194 -1407.566663 -1407.602640 -1407.671038 -1407.804676 -1408.074173 -1408.642242 -1409.914648 -1412.974626 -1420.975843 -1445.074184 -9999.0 -9999.0
-9999.0 -9999.0 777.943775 682.062261 585.498834 488.359884 390.936520 293.388252 195.797367 98.207030 0.644729 -96.864052 -194.304377 -291.602937 -388.617887 -485.115351 -580.703858 -674.841079 -769.731375 -863.817341 -956.745343 -1048.308400 -1127.004420 -1195.068087 -1251.178271 -1295.392595 -1328.867622 -1353.364399 -1370.789858 -1382.898659 -1391.154637 -1396.699498 -1400.380776 -1402.804413 -1404.391515 -1405.430657 -1406.125690 -1406.662316 -1407.445895 -1410.251657 -1423.068301 -1487.819090 -2019.892878 -4152.507305 -4183.166365 -4183.168314 -4183.168312 -4183.168312 -4183.168312 -4183.168311 -4183.168309 -4183.168304 -4183.168294 -4183.168281 -4183.168257 -4183.168210 -4183.168100 -4183.167818 -4183.167034 -4183.160756 -4132.149292 -1889.499289 -1451.838835 -1416.062801 -1409.019773 -1407.750484 -1407.550476 -1407.520394 -1407.516418 -1407.516617 -1407.517398 -1407.518121 -1407.518694 -1407.519135 -1407.519474 -1407.519739 -1407.519950 -1407.520122 -1407.520266 -1407.520395 -1407.520522 -1407.520662 -1407.520838 -1407.521079 -1407.521435 -1407.521979 -1407.522833 -1407.524199 -1407.526420 -1407.530100 -1407.536337 -1407.547194 -1407.566663 -1407.602640 -1407.671038 -1407.804676 -1408.074173 -1408.642242 -1409.914648 -1412.974626 -1420.975843 -1445.074184 -9999.0 -9999.0
-9999.0 -9999.0 777.943775 682.062261 585.498834 488.359884 390.936520 293.388252 195.797367 98.207030 0.644729 -96.864052 -194.304377 -291.602937 -388.617887 -485.115351 -580.703858 -674.841079 -769.731375 -863.817341 -956.745343 -1048.308400 -1127.004420 -1195.068087 -1251.178271 -1295.392595 -1328.867622 -1353.364399 -1370.789858 -1382.898659 -1391.154637 -1396.699498 -1400.380776 -1402.804413 -1404.391515 -1405.430657 -1406.125690 -1406.662316 -1407.445895 -1410.251657 -1423.068301 -1487.819090 -2019.892878 -4152.507305 -4183.166365 -4183.168314 -4183.168312 -4183.168312 -4183.168312 -4183.168311 -4183.168309 -4183.168304 -4183.168294 -4183.168281 -4183.168257 -4183.168210 -4183.168100 -4183.167818 -4183.167034 -4183.160756 -4132.149292 -1889.499289 -1451.838835 -1416.062801 -1409.019773 -1407.750484 -1407.550476 -1407.520394 -1407.516418 -1407.516617 -1407.517398 -1407.518121 -1407.518694 -1407.519135 -1407.519474 -1407.519739 -1407.519950 -1407.520122 -1407.520266 -1407.520395 -1407.520522 -1407.520662 -1407.520838 -1407.521079 -1407.521435 -1407.521979 -1407.522833 -1407.524199 -1407.526420 -1407.530100 -1407.536337 -1407.547194 -1407.566663 -1407.602640 -1407.671038 -1407.804676 -1408.074173 -1408.642242 -1409.914648 -1412.974626 -1420.975843 -1445.074184 -9999.0 -9999.0
-9999.0 -9999.0 777.942370 682.061520 585.498528 488.359769 390.936478 293.388237 195.797362 98.207028 0.644729 -96.864052 -194.304377 -291.602937 -388.617887 -485.115351 -580.703858 -674.841079 -769.731375 -863.817341 -956.745343 -1048.308400 -1127.004420 -1195.068087 -1251.178270 -1295.392594 -1328.867622 -1353.364399 -1370.789858 -1382.898659 -1391.154637 -1396.699498 -1400.380776 -1402.804413 -1404.391515 -1405.430657 -1406.125690 -1406.662316 -1407.445895 -1410.251657 -1423.068301 -1487.819090 -2019.892878 -4152.507305 -4183.166365 -4183.168314 -4183.168312 -4183.168312 -4183.168312 -4183.168311 -4183.168309 -4183.168304 -4183.168294 -4183.168281 -4183.168257 -4183.168210 -4183.168100 -4183.167818 -4183.167034 -4183.160756 -4132.149292 -1889.499289 -1451.838835 -1416.062801 -1409.019773 -1407.750484 -1407.550476 -1407.520394 -1407.516418 -1407.516617 -1407.517398 -1407.518121 -1407.518694 -1407.519135 -1407.519474 -1407.519739 -1407.519950 -1407.520122 -1407.520266 -1407.520395 -1407.520522 -1407.520662 -1407.520838 -1407.521079 -1407.521435 -1407.521979 -1407.522833 -1407.524199 -1407.526420 -1407.530100 -1407.536337 -1407.547194 -1407.566663 -1407.602640 -1407.671038 -1407.804676 -1408.074173 -1408.642242 -1409.914648 -1412.974626 -1420.975843 -1445.074184 -9999.0 -9999.0
-9999.0 -9999.0 777.938116 682.060050 585.498073 488.359624 390.936430 293.388220 195.797356 98.207026 0.644728 -96.864052 -194.304377 -291.602937 -388.617887 -485.115350 -580.703858 -674.841079 -769.731374 -863.817341 -956.745343 -1048.308400 -1127.004419 -1195.068087 -1251.178270 -1295.392594 -1328.867621 -1353.364399 -1370.789857 -1382.898659 -1391.154637 -1396.699497 -1400.380776 -1402.804413 -1404.391514 -1405.430657 -1406.125690 -1406.662316 -1407.445895 -1410.251657 -1423.068301 -1487.819090 -2019.892878 -4152.507305 -4183.166365 -4183.168314 -4183.168312 -4183.168312 -4183.168312 -4183.168311 -4183.168309 -4183.168304 -4183.168294 -4183.168281 -4183.168257 -4183.168210 -4183.168100 -4183.167818 -4183.167034 -4183.160756 -4132.149292 -1889.499289 -1451.838835 -1416.062801 -1409.019773 -1407.750484 -1407.550476 -1407.520394 -1407.516418 -1407.516617 -1407.517398 -1407.518121 -1407.518694 -1407.519135 -1407.519474 -1407.519739 -1407.519950 -1407.520122 -1407.520266 -1407.520395 -1407.520522 -1407.520662 -1407.520838 -1407.521079 -1407.521435 -1407.521979 -1407.522833 -1407.524199 -1407.526420 -1407.530100 -1407.536337 -1407.547194 -1407.566663 -1407.602640 -1407.671038 -1407.804676 -1408.074173 -1408.642242 -1409.914648 -1412.974626 -1420.975843 -1445.074184 -9999.0 -9999.0
-9999.0 -9999.0 -9999.0 -9999.0 -9999.0 -9999.0 -9999.0 -9999.0 -9999.0 -9999.0 -9999.0 -9999.0 -9999.0 -9999.0 -9999.0 -9999.0 -9999.0 -9999.0 -9999.0 -9999.0 -9999.0 -9999.0 -9999.0 -9999.0 -9999.0 -9999.0 -9999.0 -9999.0 -9999.0 -9999.0 -9999.0 -9999.0 -9999.0 -9999.0 -9999.0 -9999.0 -9999.0 -9999.0 -9999.0 -9999.0 -9999.0 -9999.0 -9999.0 -9999.0 -9999.0 -9999.0 -9999.0 -9999.0 -9999.0 -9999.0 -9999.0 -9999.0 -9999.0 -9999.0 -9999.0 -9999.0 -9999.0 -9999.0 -9999.0 -9999.0 -9999.0 -9999.0 -9999.0 -9999.0 -9999.0 -9999.0 -9999.0 -9999.0 -9999.0 -9999.0 -9999.0 -9999.0 -9999.0 -9999.0 -9999.0 -9999.0 -9999.0 -9999.0 -9999.0 -9999.0 -9999.0 -9999.0 -9999.0 -9999.0 -9999.0 -9999.0 -9999.0 -9999.0 -9999.0 -9999.0 -9999.0 -9999.0 -9999.0 -9999.0 -9999.0 -9999.0 -9999.0 -9999.0 -9999.0 -9999.0 -9999.0 -9999.0 -9999.0 -9999.0
-9999.0 -9999.0 -9999.0 -9999.0 -9999.0 -9999.0 -9999.0 -9999.0 -9999.0 -9999.0 -9999.0 -9999.0 -9999.0 -9999.0 -9999.0 -9999.0 -9999.0 -9999.0 -9999.0 -9999.0 -9999.0 -9999.0 -9999.0 -9999.0 -9999.0 -9999.0 -9999.0 -9999.0 -9999.0 -9999.0 -9999.0 -9999.0 -9999.0 -9999.0 -9999.0 -9999.0 -9999.0 -9999.0 -9999.0 -9999.0 -9999.0 -9999.0 -9999.0 -9999.0 -9999.0 -9999.0 -9999.0 -9999.0 -9999.0 -9999.0 -9999.0 -9999.0 -9999.0 -9999.0 -9999.0 -9999.0 -9999.0 -9999.0 -9999.0 -9999.0 -9999.0 -9999.0 -9999.0 -9999.0 -9999.0 -9999.0 -9999.0 -9999.0 -9999.0 -9999.0 -9999.0 -9999.0 -9999.0 -9999.0 -9999.0 -9999.0 -9999.0 -9999.0 -9999.0 -9999.0 -9999.0 -9999.0 -9999.0 -9999.0 -9999.0 -9999.0 -9999.0 -9999.0 -9999.0 -9999.0 -9999.0 -9999.0 -9999.0 -9999.0 -9999.0 -9999.0 -9999.0 -9999.0 -9999.0 -9999.0 -9999.0 -9999.0 -9999.0 -9999.0