inst/processing_geotop_simulation/geotop_simulation/out/maps3D/PwL0018N0028.asc
ncols         104
nrows         10
xllcorner     -2.000000
yllcorner     0.000000
cellsize      1.000000
NODATA_value  -9999.0
-9999.0 -9999.0 -9999.0 -9999.0 -9999.0 -9999.0 -9999.0 -9999.0 -9999.0 -9999.0 -9999.0 -9999.0 -9999.0 -9999.0 -9999.0 -9999.0 -9999.0 -9999.0 -9999.0 -9999.0 -9999.0 -9999.0 -9999.0 -9999.0 -9999.0 -9999.0 -9999.0 -9999.0 -9999.0 -9999.0 -9999.0 -9999.0 -9999.0 -9999.0 -9999.0 -9999.0 -9999.0 -9999.0 -9999.0 -9999.0 -9999.0 -9999.0 -9999.0 -9999.0 -9999.0 -9999.0 -9999.0 -9999.0 -9999.0 -9999.0 -9999.0 -9999.0 -9999.0 -9999.0 -9999.0 -9999.0 -9999.0 -9999.0 -9999.0 -9999.0 -9999.0 -9999.0 -9999.0 -9999.0 -9999.0 -9999.0 -9999.0 -9999.0 -9999.0 -9999.0 -9999.0 -9999.0 -9999.0 -9999.0 -9999.0 -9999.0 -9999.0 -9999.0 -9999.0 -9999.0 -9999.0 -9999.0 -9999.0 -9999.0 -9999.0 -9999.0 -9999.0 -9999.0 -9999.0 -9999.0 -9999.0 -9999.0 -9999.0 -9999.0 -9999.0 -9999.0 -9999.0 -9999.0 -9999.0 -9999.0 -9999.0 -9999.0 -9999.0 -9999.0
-9999.0 -9999.0 -9999.0 -9999.0 -9999.0 -9999.0 -9999.0 -9999.0 -9999.0 -9999.0 -9999.0 -9999.0 -9999.0 -9999.0 -9999.0 -9999.0 -9999.0 -9999.0 -9999.0 -9999.0 -9999.0 -9999.0 -9999.0 -9999.0 -9999.0 -9999.0 -9999.0 -9999.0 -9999.0 -9999.0 -9999.0 -9999.0 -9999.0 -9999.0 -9999.0 -9999.0 -9999.0 -9999.0 -9999.0 -9999.0 -9999.0 -9999.0 -9999.0 -9999.0 -9999.0 -9999.0 -9999.0 -9999.0 -9999.0 -9999.0 -9999.0 -9999.0 -9999.0 -9999.0 -9999.0 -9999.0 -9999.0 -9999.0 -9999.0 -9999.0 -9999.0 -9999.0 -9999.0 -9999.0 -9999.0 -9999.0 -9999.0 -9999.0 -9999.0 -9999.0 -9999.0 -9999.0 -9999.0 -9999.0 -9999.0 -9999.0 -9999.0 -9999.0 -9999.0 -9999.0 -9999.0 -9999.0 -9999.0 -9999.0 -9999.0 -9999.0 -9999.0 -9999.0 -9999.0 -9999.0 -9999.0 -9999.0 -9999.0 -9999.0 -9999.0 -9999.0 -9999.0 -9999.0 -9999.0 -9999.0 -9999.0 -9999.0 -9999.0 -9999.0
-9999.0 -9999.0 718.618510 619.172267 518.544113 416.144975 312.191038 207.157166 101.317179 -5.611605 -115.947645 -215.721439 -295.042831 -346.885048 -371.342086 -371.851091 -367.375511 -362.179707 -357.269962 -185.724969 -23.475074 148.297934 328.345213 381.261450 299.307827 214.284950 127.154265 38.647050 -50.340945 -137.140914 -215.411574 -275.757621 -313.804246 -333.837657 -342.934251 -346.186588 -346.593656 -347.743691 -322.219559 -174.245963 -198.867400 -296.937044 -2759.959846 -4084.047035 -4084.158415 -4084.158416 -4084.158416 -4084.158416 -4084.158416 -4084.158416 -4084.158416 -4084.158416 -4084.158416 -4084.158416 -4084.158416 -4084.158416 -4084.158416 -4084.158416 -4084.158416 -4084.158415 -4083.947179 -2624.589204 -2.613767 -251.695309 -314.175090 -332.624781 -341.916987 -347.332693 -350.579251 -352.567044 -353.792520 -354.561841 -355.046580 -355.351500 -355.546303 -355.671012 -355.752417 -355.807177 -355.845897 -355.875900 -355.903309 -355.934873 -355.976374 -356.036307 -356.127802 -356.270276 -356.493859 -356.845705 -357.399914 -358.272375 -359.643289 -361.791062 -365.140384 -370.327463 -378.280622 -390.305031 -408.144710 -433.988700 -470.573751 -524.048033 -627.389875 -903.811676 -9999.0 -9999.0
-9999.0 -9999.0 718.686323 619.200451 518.554483 416.148745 312.192452 207.157704 101.317388 -5.611522 -115.947613 -215.721427 -295.042828 -346.885048 -371.342086 -371.851091 -367.375511 -362.179707 -357.269962 -185.724969 -23.475074 148.297934 328.345213 381.261450 299.307827 214.284950 127.154265 38.647050 -50.340945 -137.140914 -215.411574 -275.757621 -313.804246 -333.837657 -342.934251 -346.186588 -346.593656 -347.743691 -322.219558 -174.245963 -198.867401 -296.937045 -2759.959845 -4084.047035 -4084.158415 -4084.158416 -4084.158416 -4084.158416 -4084.158416 -4084.158416 -4084.158416 -4084.158416 -4084.158416 -4084.158416 -4084.158416 -4084.158416 -4084.158416 -4084.158416 -4084.158416 -4084.158415 -4083.947179 -2624.589204 -2.613767 -251.695309 -314.175091 -332.624781 -341.916987 -347.332693 -350.579251 -352.567044 -353.792520 -354.561841 -355.046580 -355.351500 -355.546303 -355.671012 -355.752417 -355.807177 -355.845897 -355.875900 -355.903309 -355.934873 -355.976374 -356.036307 -356.127802 -356.270276 -356.493859 -356.845705 -357.399914 -358.272375 -359.643289 -361.791062 -365.140384 -370.327463 -378.280622 -390.305031 -408.144710 -433.988700 -470.573751 -524.048033 -627.389875 -903.811676 -9999.0 -9999.0
-9999.0 -9999.0 718.723003 619.219378 518.562671 416.152041 312.193764 207.158219 101.317593 -5.611440 -115.947581 -215.721416 -295.042824 -346.885047 -371.342086 -371.851091 -367.375511 -362.179707 -357.269962 -185.724969 -23.475074 148.297934 328.345213 381.261450 299.307827 214.284950 127.154265 38.647050 -50.340945 -137.140914 -215.411574 -275.757621 -313.804246 -333.837657 -342.934251 -346.186588 -346.593656 -347.743691 -322.219557 -174.245962 -198.867402 -296.937045 -2759.959845 -4084.047035 -4084.158415 -4084.158416 -4084.158416 -4084.158416 -4084.158416 -4084.158416 -4084.158416 -4084.158416 -4084.158416 -4084.158416 -4084.158416 -4084.158416 -4084.158416 -4084.158416 -4084.158416 -4084.158415 -4083.947179 -2624.589204 -2.613770 -251.695310 -314.175091 -332.624781 -341.916987 -347.332693 -350.579251 -352.567044 -353.792520 -354.561841 -355.046580 -355.351500 -355.546303 -355.671012 -355.752417 -355.807177 -355.845897 -355.875900 -355.903309 -355.934873 -355.976374 -356.036307 -356.127802 -356.270276 -356.493859 -356.845705 -357.399914 -358.272375 -359.643289 -361.791062 -365.140384 -370.327463 -378.280622 -390.305031 -408.144710 -433.988700 -470.573751 -524.048033 -627.389875 -903.811675 -9999.0 -9999.0
-9999.0 -9999.0 718.723003 619.219378 518.562671 416.152041 312.193764 207.158219 101.317593 -5.611440 -115.947581 -215.721416 -295.042824 -346.885047 -371.342086 -371.851091 -367.375511 -362.179707 -357.269962 -185.724969 -23.475074 148.297934 328.345213 381.261450 299.307827 214.284950 127.154265 38.647050 -50.340945 -137.140914 -215.411574 -275.757621 -313.804246 -333.837657 -342.934251 -346.186588 -346.593656 -347.743691 -322.219557 -174.245962 -198.867402 -296.937045 -2759.959845 -4084.047035 -4084.158415 -4084.158416 -4084.158416 -4084.158416 -4084.158416 -4084.158416 -4084.158416 -4084.158416 -4084.158416 -4084.158416 -4084.158416 -4084.158416 -4084.158416 -4084.158416 -4084.158416 -4084.158415 -4083.947179 -2624.589204 -2.613771 -251.695310 -314.175091 -332.624781 -341.916987 -347.332693 -350.579251 -352.567044 -353.792520 -354.561841 -355.046580 -355.351500 -355.546303 -355.671012 -355.752417 -355.807177 -355.845897 -355.875900 -355.903309 -355.934873 -355.976374 -356.036307 -356.127802 -356.270276 -356.493859 -356.845705 -357.399914 -358.272375 -359.643289 -361.791062 -365.140384 -370.327463 -378.280622 -390.305031 -408.144710 -433.988700 -470.573751 -524.048033 -627.389875 -903.811675 -9999.0 -9999.0
-9999.0 -9999.0 718.686323 619.200451 518.554483 416.148745 312.192452 207.157703 101.317388 -5.611522 -115.947613 -215.721427 -295.042828 -346.885048 -371.342086 -371.851091 -367.375511 -362.179707 -357.269962 -185.724969 -23.475074 148.297934 328.345213 381.261450 299.307827 214.284950 127.154265 38.647050 -50.340945 -137.140914 -215.411574 -275.757621 -313.804246 -333.837657 -342.934251 -346.186588 -346.593656 -347.743691 -322.219558 -174.245963 -198.867401 -296.937045 -2759.959845 -4084.047035 -4084.158415 -4084.158416 -4084.158416 -4084.158416 -4084.158416 -4084.158416 -4084.158416 -4084.158416 -4084.158416 -4084.158416 -4084.158416 -4084.158416 -4084.158416 -4084.158416 -4084.158416 -4084.158415 -4083.947179 -2624.589204 -2.613767 -251.695309 -314.175091 -332.624781 -341.916987 -347.332693 -350.579251 -352.567044 -353.792520 -354.561841 -355.046580 -355.351500 -355.546303 -355.671012 -355.752417 -355.807177 -355.845897 -355.875900 -355.903309 -355.934873 -355.976374 -356.036307 -356.127802 -356.270276 -356.493859 -356.845705 -357.399914 -358.272375 -359.643289 -361.791062 -365.140384 -370.327463 -378.280622 -390.305031 -408.144710 -433.988700 -470.573751 -524.048033 -627.389875 -903.811676 -9999.0 -9999.0
-9999.0 -9999.0 718.618510 619.172267 518.544113 416.144975 312.191038 207.157166 101.317179 -5.611604 -115.947646 -215.721439 -295.042831 -346.885048 -371.342086 -371.851091 -367.375511 -362.179707 -357.269962 -185.724969 -23.475074 148.297934 328.345213 381.261450 299.307827 214.284950 127.154265 38.647050 -50.340945 -137.140914 -215.411574 -275.757621 -313.804246 -333.837657 -342.934251 -346.186588 -346.593656 -347.743691 -322.219559 -174.245963 -198.867400 -296.937044 -2759.959846 -4084.047035 -4084.158415 -4084.158416 -4084.158416 -4084.158416 -4084.158416 -4084.158416 -4084.158416 -4084.158416 -4084.158416 -4084.158416 -4084.158416 -4084.158416 -4084.158416 -4084.158416 -4084.158416 -4084.158415 -4083.947179 -2624.589204 -2.613768 -251.695309 -314.175091 -332.624781 -341.916987 -347.332693 -350.579251 -352.567044 -353.792520 -354.561841 -355.046580 -355.351500 -355.546303 -355.671012 -355.752417 -355.807177 -355.845897 -355.875900 -355.903309 -355.934873 -355.976374 -356.036307 -356.127802 -356.270276 -356.493859 -356.845705 -357.399914 -358.272375 -359.643289 -361.791062 -365.140384 -370.327463 -378.280622 -390.305031 -408.144710 -433.988700 -470.573751 -524.048033 -627.389875 -903.811676 -9999.0 -9999.0
-9999.0 -9999.0 -9999.0 -9999.0 -9999.0 -9999.0 -9999.0 -9999.0 -9999.0 -9999.0 -9999.0 -9999.0 -9999.0 -9999.0 -9999.0 -9999.0 -9999.0 -9999.0 -9999.0 -9999.0 -9999.0 -9999.0 -9999.0 -9999.0 -9999.0 -9999.0 -9999.0 -9999.0 -9999.0 -9999.0 -9999.0 -9999.0 -9999.0 -9999.0 -9999.0 -9999.0 -9999.0 -9999.0 -9999.0 -9999.0 -9999.0 -9999.0 -9999.0 -9999.0 -9999.0 -9999.0 -9999.0 -9999.0 -9999.0 -9999.0 -9999.0 -9999.0 -9999.0 -9999.0 -9999.0 -9999.0 -9999.0 -9999.0 -9999.0 -9999.0 -9999.0 -9999.0 -9999.0 -9999.0 -9999.0 -9999.0 -9999.0 -9999.0 -9999.0 -9999.0 -9999.0 -9999.0 -9999.0 -9999.0 -9999.0 -9999.0 -9999.0 -9999.0 -9999.0 -9999.0 -9999.0 -9999.0 -9999.0 -9999.0 -9999.0 -9999.0 -9999.0 -9999.0 -9999.0 -9999.0 -9999.0 -9999.0 -9999.0 -9999.0 -9999.0 -9999.0 -9999.0 -9999.0 -9999.0 -9999.0 -9999.0 -9999.0 -9999.0 -9999.0
-9999.0 -9999.0 -9999.0 -9999.0 -9999.0 -9999.0 -9999.0 -9999.0 -9999.0 -9999.0 -9999.0 -9999.0 -9999.0 -9999.0 -9999.0 -9999.0 -9999.0 -9999.0 -9999.0 -9999.0 -9999.0 -9999.0 -9999.0 -9999.0 -9999.0 -9999.0 -9999.0 -9999.0 -9999.0 -9999.0 -9999.0 -9999.0 -9999.0 -9999.0 -9999.0 -9999.0 -9999.0 -9999.0 -9999.0 -9999.0 -9999.0 -9999.0 -9999.0 -9999.0 -9999.0 -9999.0 -9999.0 -9999.0 -9999.0 -9999.0 -9999.0 -9999.0 -9999.0 -9999.0 -9999.0 -9999.0 -9999.0 -9999.0 -9999.0 -9999.0 -9999.0 -9999.0 -9999.0 -9999.0 -9999.0 -9999.0 -9999.0 -9999.0 -9999.0 -9999.0 -9999.0 -9999.0 -9999.0 -9999.0 -9999.0 -9999.0 -9999.0 -9999.0 -9999.0 -9999.0 -9999.0 -9999.0 -9999.0 -9999.0 -9999.0 -9999.0 -9999.0 -9999.0 -9999.0 -9999.0 -9999.0 -9999.0 -9999.0 -9999.0 -9999.0 -9999.0 -9999.0 -9999.0 -9999.0 -9999.0 -9999.0 -9999.0 -9999.0 -9999.0