inst/processing_geotop_simulation/geotop_simulation/out/maps3D/PwL0010N0059.asc
ncols         104
nrows         10
xllcorner     -2.000000
yllcorner     0.000000
cellsize      1.000000
NODATA_value  -9999.0
-9999.0 -9999.0 -9999.0 -9999.0 -9999.0 -9999.0 -9999.0 -9999.0 -9999.0 -9999.0 -9999.0 -9999.0 -9999.0 -9999.0 -9999.0 -9999.0 -9999.0 -9999.0 -9999.0 -9999.0 -9999.0 -9999.0 -9999.0 -9999.0 -9999.0 -9999.0 -9999.0 -9999.0 -9999.0 -9999.0 -9999.0 -9999.0 -9999.0 -9999.0 -9999.0 -9999.0 -9999.0 -9999.0 -9999.0 -9999.0 -9999.0 -9999.0 -9999.0 -9999.0 -9999.0 -9999.0 -9999.0 -9999.0 -9999.0 -9999.0 -9999.0 -9999.0 -9999.0 -9999.0 -9999.0 -9999.0 -9999.0 -9999.0 -9999.0 -9999.0 -9999.0 -9999.0 -9999.0 -9999.0 -9999.0 -9999.0 -9999.0 -9999.0 -9999.0 -9999.0 -9999.0 -9999.0 -9999.0 -9999.0 -9999.0 -9999.0 -9999.0 -9999.0 -9999.0 -9999.0 -9999.0 -9999.0 -9999.0 -9999.0 -9999.0 -9999.0 -9999.0 -9999.0 -9999.0 -9999.0 -9999.0 -9999.0 -9999.0 -9999.0 -9999.0 -9999.0 -9999.0 -9999.0 -9999.0 -9999.0 -9999.0 -9999.0 -9999.0 -9999.0
-9999.0 -9999.0 -9999.0 -9999.0 -9999.0 -9999.0 -9999.0 -9999.0 -9999.0 -9999.0 -9999.0 -9999.0 -9999.0 -9999.0 -9999.0 -9999.0 -9999.0 -9999.0 -9999.0 -9999.0 -9999.0 -9999.0 -9999.0 -9999.0 -9999.0 -9999.0 -9999.0 -9999.0 -9999.0 -9999.0 -9999.0 -9999.0 -9999.0 -9999.0 -9999.0 -9999.0 -9999.0 -9999.0 -9999.0 -9999.0 -9999.0 -9999.0 -9999.0 -9999.0 -9999.0 -9999.0 -9999.0 -9999.0 -9999.0 -9999.0 -9999.0 -9999.0 -9999.0 -9999.0 -9999.0 -9999.0 -9999.0 -9999.0 -9999.0 -9999.0 -9999.0 -9999.0 -9999.0 -9999.0 -9999.0 -9999.0 -9999.0 -9999.0 -9999.0 -9999.0 -9999.0 -9999.0 -9999.0 -9999.0 -9999.0 -9999.0 -9999.0 -9999.0 -9999.0 -9999.0 -9999.0 -9999.0 -9999.0 -9999.0 -9999.0 -9999.0 -9999.0 -9999.0 -9999.0 -9999.0 -9999.0 -9999.0 -9999.0 -9999.0 -9999.0 -9999.0 -9999.0 -9999.0 -9999.0 -9999.0 -9999.0 -9999.0 -9999.0 -9999.0
-9999.0 -9999.0 -293.471693 -408.499500 -537.949036 -679.238280 -808.974857 -895.915987 -935.410641 -947.277259 -928.247749 -896.877732 -867.475042 -839.281442 -817.771684 -856.240657 -893.839394 -931.563168 -971.605031 -952.395398 -935.444476 -924.679758 -920.088341 -920.374174 -924.025315 -929.653323 -936.075265 -942.377474 -947.970313 -952.578788 -956.163949 -958.827522 -960.733545 -962.054657 -962.943364 -963.523123 -963.902832 -964.220275 -964.561740 -964.805645 -968.988995 -1031.532108 -2233.318032 -4473.737246 -4465.797260 -4443.492824 -4423.711677 -4420.817745 -4420.519097 -4420.529966 -4420.580501 -4420.635369 -4420.687990 -4420.736641 -4420.781947 -4420.836910 -4421.031678 -4422.530453 -4433.521820 -4451.352499 -4462.837965 -2122.790862 -1013.903809 -968.635594 -965.370985 -964.857126 -964.746026 -964.726486 -964.726805 -964.730599 -964.734301 -964.737256 -964.739493 -964.741176 -964.742458 -964.743451 -964.744236 -964.744866 -964.745386 -964.745839 -964.746271 -964.746738 -964.747315 -964.748102 -964.749256 -964.751018 -964.753773 -964.758151 -964.765198 -964.776701 -964.795815 -964.828299 -964.885046 -964.987260 -965.176973 -965.537985 -966.236862 -967.604931 -970.322101 -975.913532 -988.194522 -1017.200063 -9999.0 -9999.0
-9999.0 -9999.0 -293.471694 -408.499500 -537.949033 -679.238275 -808.974854 -895.915986 -935.410641 -947.277260 -928.247750 -896.877732 -867.475042 -839.281442 -817.771684 -856.240657 -893.839394 -931.563168 -971.605031 -952.395398 -935.444476 -924.679758 -920.088341 -920.374174 -924.025315 -929.653323 -936.075265 -942.377474 -947.970313 -952.578788 -956.163949 -958.827522 -960.733545 -962.054657 -962.943364 -963.523123 -963.902832 -964.220275 -964.561740 -964.805645 -968.988995 -1031.532108 -2233.318031 -4473.737246 -4465.797259 -4443.492823 -4423.711677 -4420.817745 -4420.519097 -4420.529966 -4420.580501 -4420.635369 -4420.687990 -4420.736641 -4420.781947 -4420.836910 -4421.031678 -4422.530453 -4433.521820 -4451.352499 -4462.837965 -2122.790862 -1013.903809 -968.635594 -965.370985 -964.857126 -964.746026 -964.726486 -964.726805 -964.730599 -964.734301 -964.737256 -964.739493 -964.741176 -964.742458 -964.743451 -964.744236 -964.744866 -964.745386 -964.745839 -964.746271 -964.746738 -964.747315 -964.748102 -964.749256 -964.751018 -964.753773 -964.758151 -964.765198 -964.776701 -964.795815 -964.828299 -964.885046 -964.987260 -965.176973 -965.537985 -966.236862 -967.604931 -970.322101 -975.913532 -988.194522 -1017.200063 -9999.0 -9999.0
-9999.0 -9999.0 -293.471695 -408.499499 -537.949031 -679.238271 -808.974851 -895.915986 -935.410642 -947.277261 -928.247750 -896.877732 -867.475042 -839.281442 -817.771684 -856.240657 -893.839394 -931.563168 -971.605031 -952.395398 -935.444476 -924.679758 -920.088341 -920.374174 -924.025315 -929.653323 -936.075265 -942.377474 -947.970313 -952.578788 -956.163949 -958.827522 -960.733545 -962.054657 -962.943364 -963.523123 -963.902832 -964.220275 -964.561740 -964.805645 -968.988995 -1031.532108 -2233.318031 -4473.737246 -4465.797259 -4443.492823 -4423.711677 -4420.817745 -4420.519097 -4420.529966 -4420.580501 -4420.635369 -4420.687990 -4420.736641 -4420.781947 -4420.836910 -4421.031678 -4422.530453 -4433.521820 -4451.352499 -4462.837965 -2122.790862 -1013.903809 -968.635594 -965.370985 -964.857126 -964.746026 -964.726486 -964.726805 -964.730599 -964.734301 -964.737256 -964.739493 -964.741176 -964.742458 -964.743451 -964.744236 -964.744866 -964.745386 -964.745839 -964.746271 -964.746738 -964.747315 -964.748102 -964.749256 -964.751018 -964.753773 -964.758151 -964.765198 -964.776701 -964.795815 -964.828299 -964.885046 -964.987260 -965.176973 -965.537985 -966.236862 -967.604931 -970.322101 -975.913532 -988.194522 -1017.200063 -9999.0 -9999.0
-9999.0 -9999.0 -293.471694 -408.499499 -537.949031 -679.238271 -808.974851 -895.915986 -935.410642 -947.277261 -928.247750 -896.877732 -867.475042 -839.281442 -817.771684 -856.240657 -893.839394 -931.563168 -971.605031 -952.395398 -935.444476 -924.679758 -920.088341 -920.374174 -924.025315 -929.653323 -936.075265 -942.377474 -947.970313 -952.578788 -956.163949 -958.827522 -960.733545 -962.054657 -962.943364 -963.523123 -963.902832 -964.220275 -964.561740 -964.805645 -968.988995 -1031.532108 -2233.318031 -4473.737246 -4465.797259 -4443.492823 -4423.711677 -4420.817745 -4420.519097 -4420.529966 -4420.580501 -4420.635369 -4420.687990 -4420.736641 -4420.781947 -4420.836910 -4421.031678 -4422.530453 -4433.521820 -4451.352499 -4462.837965 -2122.790862 -1013.903809 -968.635594 -965.370985 -964.857126 -964.746026 -964.726486 -964.726805 -964.730599 -964.734301 -964.737256 -964.739493 -964.741176 -964.742458 -964.743451 -964.744236 -964.744866 -964.745386 -964.745839 -964.746271 -964.746738 -964.747315 -964.748102 -964.749256 -964.751018 -964.753773 -964.758151 -964.765198 -964.776701 -964.795815 -964.828299 -964.885046 -964.987260 -965.176973 -965.537985 -966.236862 -967.604931 -970.322101 -975.913532 -988.194522 -1017.200063 -9999.0 -9999.0
-9999.0 -9999.0 -293.471694 -408.499499 -537.949033 -679.238275 -808.974854 -895.915986 -935.410641 -947.277260 -928.247750 -896.877732 -867.475042 -839.281442 -817.771684 -856.240657 -893.839394 -931.563168 -971.605031 -952.395398 -935.444476 -924.679758 -920.088341 -920.374174 -924.025315 -929.653323 -936.075265 -942.377474 -947.970313 -952.578788 -956.163949 -958.827522 -960.733545 -962.054657 -962.943364 -963.523123 -963.902832 -964.220275 -964.561740 -964.805645 -968.988995 -1031.532108 -2233.318031 -4473.737246 -4465.797259 -4443.492823 -4423.711677 -4420.817745 -4420.519097 -4420.529966 -4420.580501 -4420.635369 -4420.687990 -4420.736641 -4420.781947 -4420.836910 -4421.031678 -4422.530453 -4433.521820 -4451.352499 -4462.837965 -2122.790862 -1013.903809 -968.635594 -965.370985 -964.857126 -964.746026 -964.726486 -964.726805 -964.730599 -964.734301 -964.737256 -964.739493 -964.741176 -964.742458 -964.743451 -964.744236 -964.744866 -964.745386 -964.745839 -964.746271 -964.746738 -964.747315 -964.748102 -964.749256 -964.751018 -964.753773 -964.758151 -964.765198 -964.776701 -964.795815 -964.828299 -964.885046 -964.987260 -965.176973 -965.537985 -966.236862 -967.604931 -970.322101 -975.913532 -988.194522 -1017.200063 -9999.0 -9999.0
-9999.0 -9999.0 -293.471692 -408.499500 -537.949036 -679.238280 -808.974857 -895.915987 -935.410641 -947.277259 -928.247749 -896.877732 -867.475042 -839.281442 -817.771684 -856.240657 -893.839394 -931.563168 -971.605031 -952.395398 -935.444476 -924.679758 -920.088341 -920.374174 -924.025315 -929.653323 -936.075265 -942.377474 -947.970313 -952.578788 -956.163949 -958.827522 -960.733545 -962.054657 -962.943364 -963.523123 -963.902832 -964.220275 -964.561740 -964.805645 -968.988995 -1031.532108 -2233.318032 -4473.737246 -4465.797260 -4443.492824 -4423.711677 -4420.817745 -4420.519097 -4420.529966 -4420.580501 -4420.635369 -4420.687990 -4420.736641 -4420.781947 -4420.836910 -4421.031678 -4422.530453 -4433.521820 -4451.352499 -4462.837965 -2122.790862 -1013.903809 -968.635594 -965.370985 -964.857126 -964.746026 -964.726486 -964.726805 -964.730599 -964.734301 -964.737256 -964.739493 -964.741176 -964.742458 -964.743451 -964.744236 -964.744866 -964.745386 -964.745839 -964.746271 -964.746738 -964.747315 -964.748102 -964.749256 -964.751018 -964.753773 -964.758151 -964.765198 -964.776701 -964.795815 -964.828299 -964.885046 -964.987260 -965.176973 -965.537985 -966.236862 -967.604931 -970.322101 -975.913532 -988.194522 -1017.200063 -9999.0 -9999.0
-9999.0 -9999.0 -9999.0 -9999.0 -9999.0 -9999.0 -9999.0 -9999.0 -9999.0 -9999.0 -9999.0 -9999.0 -9999.0 -9999.0 -9999.0 -9999.0 -9999.0 -9999.0 -9999.0 -9999.0 -9999.0 -9999.0 -9999.0 -9999.0 -9999.0 -9999.0 -9999.0 -9999.0 -9999.0 -9999.0 -9999.0 -9999.0 -9999.0 -9999.0 -9999.0 -9999.0 -9999.0 -9999.0 -9999.0 -9999.0 -9999.0 -9999.0 -9999.0 -9999.0 -9999.0 -9999.0 -9999.0 -9999.0 -9999.0 -9999.0 -9999.0 -9999.0 -9999.0 -9999.0 -9999.0 -9999.0 -9999.0 -9999.0 -9999.0 -9999.0 -9999.0 -9999.0 -9999.0 -9999.0 -9999.0 -9999.0 -9999.0 -9999.0 -9999.0 -9999.0 -9999.0 -9999.0 -9999.0 -9999.0 -9999.0 -9999.0 -9999.0 -9999.0 -9999.0 -9999.0 -9999.0 -9999.0 -9999.0 -9999.0 -9999.0 -9999.0 -9999.0 -9999.0 -9999.0 -9999.0 -9999.0 -9999.0 -9999.0 -9999.0 -9999.0 -9999.0 -9999.0 -9999.0 -9999.0 -9999.0 -9999.0 -9999.0 -9999.0 -9999.0
-9999.0 -9999.0 -9999.0 -9999.0 -9999.0 -9999.0 -9999.0 -9999.0 -9999.0 -9999.0 -9999.0 -9999.0 -9999.0 -9999.0 -9999.0 -9999.0 -9999.0 -9999.0 -9999.0 -9999.0 -9999.0 -9999.0 -9999.0 -9999.0 -9999.0 -9999.0 -9999.0 -9999.0 -9999.0 -9999.0 -9999.0 -9999.0 -9999.0 -9999.0 -9999.0 -9999.0 -9999.0 -9999.0 -9999.0 -9999.0 -9999.0 -9999.0 -9999.0 -9999.0 -9999.0 -9999.0 -9999.0 -9999.0 -9999.0 -9999.0 -9999.0 -9999.0 -9999.0 -9999.0 -9999.0 -9999.0 -9999.0 -9999.0 -9999.0 -9999.0 -9999.0 -9999.0 -9999.0 -9999.0 -9999.0 -9999.0 -9999.0 -9999.0 -9999.0 -9999.0 -9999.0 -9999.0 -9999.0 -9999.0 -9999.0 -9999.0 -9999.0 -9999.0 -9999.0 -9999.0 -9999.0 -9999.0 -9999.0 -9999.0 -9999.0 -9999.0 -9999.0 -9999.0 -9999.0 -9999.0 -9999.0 -9999.0 -9999.0 -9999.0 -9999.0 -9999.0 -9999.0 -9999.0 -9999.0 -9999.0 -9999.0 -9999.0 -9999.0 -9999.0