inst/processing_geotop_simulation/geotop_simulation/out/maps3D/PwL0003N0085.asc
ncols         104
nrows         10
xllcorner     -2.000000
yllcorner     0.000000
cellsize      1.000000
NODATA_value  -9999.0
-9999.0 -9999.0 -9999.0 -9999.0 -9999.0 -9999.0 -9999.0 -9999.0 -9999.0 -9999.0 -9999.0 -9999.0 -9999.0 -9999.0 -9999.0 -9999.0 -9999.0 -9999.0 -9999.0 -9999.0 -9999.0 -9999.0 -9999.0 -9999.0 -9999.0 -9999.0 -9999.0 -9999.0 -9999.0 -9999.0 -9999.0 -9999.0 -9999.0 -9999.0 -9999.0 -9999.0 -9999.0 -9999.0 -9999.0 -9999.0 -9999.0 -9999.0 -9999.0 -9999.0 -9999.0 -9999.0 -9999.0 -9999.0 -9999.0 -9999.0 -9999.0 -9999.0 -9999.0 -9999.0 -9999.0 -9999.0 -9999.0 -9999.0 -9999.0 -9999.0 -9999.0 -9999.0 -9999.0 -9999.0 -9999.0 -9999.0 -9999.0 -9999.0 -9999.0 -9999.0 -9999.0 -9999.0 -9999.0 -9999.0 -9999.0 -9999.0 -9999.0 -9999.0 -9999.0 -9999.0 -9999.0 -9999.0 -9999.0 -9999.0 -9999.0 -9999.0 -9999.0 -9999.0 -9999.0 -9999.0 -9999.0 -9999.0 -9999.0 -9999.0 -9999.0 -9999.0 -9999.0 -9999.0 -9999.0 -9999.0 -9999.0 -9999.0 -9999.0 -9999.0
-9999.0 -9999.0 -9999.0 -9999.0 -9999.0 -9999.0 -9999.0 -9999.0 -9999.0 -9999.0 -9999.0 -9999.0 -9999.0 -9999.0 -9999.0 -9999.0 -9999.0 -9999.0 -9999.0 -9999.0 -9999.0 -9999.0 -9999.0 -9999.0 -9999.0 -9999.0 -9999.0 -9999.0 -9999.0 -9999.0 -9999.0 -9999.0 -9999.0 -9999.0 -9999.0 -9999.0 -9999.0 -9999.0 -9999.0 -9999.0 -9999.0 -9999.0 -9999.0 -9999.0 -9999.0 -9999.0 -9999.0 -9999.0 -9999.0 -9999.0 -9999.0 -9999.0 -9999.0 -9999.0 -9999.0 -9999.0 -9999.0 -9999.0 -9999.0 -9999.0 -9999.0 -9999.0 -9999.0 -9999.0 -9999.0 -9999.0 -9999.0 -9999.0 -9999.0 -9999.0 -9999.0 -9999.0 -9999.0 -9999.0 -9999.0 -9999.0 -9999.0 -9999.0 -9999.0 -9999.0 -9999.0 -9999.0 -9999.0 -9999.0 -9999.0 -9999.0 -9999.0 -9999.0 -9999.0 -9999.0 -9999.0 -9999.0 -9999.0 -9999.0 -9999.0 -9999.0 -9999.0 -9999.0 -9999.0 -9999.0 -9999.0 -9999.0 -9999.0 -9999.0
-9999.0 -9999.0 116.422060 16.166897 -84.183454 -184.622982 -285.621442 -388.273042 -494.920659 -612.398479 -781.524365 -987.520829 -1073.128142 -1132.799032 -1190.293195 -1251.874633 -1292.662345 -1310.697269 -1312.475888 -1306.928385 -1300.193346 -1295.161758 -1292.705724 -1292.709247 -1294.634104 -1297.798216 -1301.516891 -1305.212963 -1308.497954 -1311.188487 -1313.260288 -1314.781751 -1315.858445 -1316.597514 -1317.090677 -1317.411102 -1317.624821 -1317.812052 -1318.034015 -1318.557938 -1323.449603 -1348.891310 -886.453497 -883.767290 -869.338638 -860.514308 -856.397655 -855.839958 -855.785460 -855.798450 -855.822315 -855.847550 -855.871755 -855.894143 -855.914676 -855.936237 -855.987820 -856.319556 -858.505745 -863.523477 -871.915691 -864.962600 -1332.179303 -1321.748296 -1318.691343 -1318.209587 -1318.117697 -1318.101164 -1318.100621 -1318.103003 -1318.105453 -1318.107431 -1318.108934 -1318.110065 -1318.110925 -1318.111591 -1318.112116 -1318.112538 -1318.112886 -1318.113190 -1318.113482 -1318.113799 -1318.114192 -1318.114731 -1318.115523 -1318.116735 -1318.118633 -1318.121652 -1318.126520 -1318.134486 -1318.147761 -1318.170406 -1318.210127 -1318.281951 -1318.415662 -1318.670559 -1319.164543 -1320.133587 -1322.068388 -1326.077696 -1334.951871 -1357.553807 -9999.0 -9999.0
-9999.0 -9999.0 116.422060 16.166896 -84.183454 -184.622982 -285.621442 -388.273043 -494.920659 -612.398480 -781.524365 -987.520829 -1073.128142 -1132.799032 -1190.293195 -1251.874633 -1292.662345 -1310.697269 -1312.475888 -1306.928385 -1300.193346 -1295.161758 -1292.705724 -1292.709247 -1294.634104 -1297.798216 -1301.516891 -1305.212963 -1308.497954 -1311.188487 -1313.260288 -1314.781751 -1315.858445 -1316.597514 -1317.090677 -1317.411102 -1317.624821 -1317.812052 -1318.034015 -1318.557938 -1323.449603 -1348.891310 -886.453497 -883.767290 -869.338638 -860.514307 -856.397655 -855.839958 -855.785460 -855.798450 -855.822315 -855.847550 -855.871755 -855.894143 -855.914676 -855.936237 -855.987820 -856.319556 -858.505745 -863.523477 -871.915691 -864.962600 -1332.179303 -1321.748296 -1318.691343 -1318.209587 -1318.117697 -1318.101164 -1318.100621 -1318.103003 -1318.105453 -1318.107431 -1318.108934 -1318.110065 -1318.110925 -1318.111591 -1318.112116 -1318.112538 -1318.112886 -1318.113190 -1318.113482 -1318.113799 -1318.114192 -1318.114731 -1318.115523 -1318.116735 -1318.118633 -1318.121652 -1318.126520 -1318.134486 -1318.147761 -1318.170406 -1318.210127 -1318.281951 -1318.415662 -1318.670559 -1319.164543 -1320.133587 -1322.068388 -1326.077696 -1334.951871 -1357.553807 -9999.0 -9999.0
-9999.0 -9999.0 116.422060 16.166896 -84.183454 -184.622982 -285.621442 -388.273043 -494.920660 -612.398480 -781.524366 -987.520829 -1073.128142 -1132.799032 -1190.293195 -1251.874633 -1292.662345 -1310.697269 -1312.475888 -1306.928385 -1300.193346 -1295.161758 -1292.705724 -1292.709247 -1294.634104 -1297.798216 -1301.516891 -1305.212963 -1308.497954 -1311.188487 -1313.260288 -1314.781751 -1315.858445 -1316.597514 -1317.090677 -1317.411102 -1317.624821 -1317.812052 -1318.034015 -1318.557938 -1323.449603 -1348.891310 -886.453497 -883.767290 -869.338638 -860.514307 -856.397655 -855.839958 -855.785460 -855.798450 -855.822315 -855.847550 -855.871755 -855.894143 -855.914676 -855.936237 -855.987820 -856.319556 -858.505745 -863.523477 -871.915691 -864.962600 -1332.179303 -1321.748296 -1318.691343 -1318.209587 -1318.117697 -1318.101164 -1318.100621 -1318.103003 -1318.105453 -1318.107431 -1318.108934 -1318.110065 -1318.110925 -1318.111591 -1318.112116 -1318.112538 -1318.112886 -1318.113190 -1318.113482 -1318.113799 -1318.114192 -1318.114731 -1318.115523 -1318.116735 -1318.118633 -1318.121652 -1318.126520 -1318.134486 -1318.147761 -1318.170406 -1318.210127 -1318.281951 -1318.415662 -1318.670559 -1319.164543 -1320.133587 -1322.068388 -1326.077696 -1334.951871 -1357.553807 -9999.0 -9999.0
-9999.0 -9999.0 116.422060 16.166896 -84.183454 -184.622982 -285.621442 -388.273043 -494.920660 -612.398480 -781.524366 -987.520829 -1073.128142 -1132.799032 -1190.293195 -1251.874633 -1292.662345 -1310.697269 -1312.475888 -1306.928385 -1300.193346 -1295.161758 -1292.705724 -1292.709247 -1294.634104 -1297.798216 -1301.516891 -1305.212963 -1308.497954 -1311.188487 -1313.260288 -1314.781751 -1315.858445 -1316.597514 -1317.090677 -1317.411102 -1317.624821 -1317.812052 -1318.034015 -1318.557938 -1323.449603 -1348.891310 -886.453497 -883.767290 -869.338638 -860.514307 -856.397655 -855.839958 -855.785460 -855.798450 -855.822315 -855.847550 -855.871755 -855.894143 -855.914676 -855.936237 -855.987820 -856.319556 -858.505745 -863.523477 -871.915691 -864.962600 -1332.179303 -1321.748296 -1318.691343 -1318.209587 -1318.117697 -1318.101164 -1318.100621 -1318.103003 -1318.105453 -1318.107431 -1318.108934 -1318.110065 -1318.110925 -1318.111591 -1318.112116 -1318.112538 -1318.112886 -1318.113190 -1318.113482 -1318.113799 -1318.114192 -1318.114731 -1318.115523 -1318.116735 -1318.118633 -1318.121652 -1318.126520 -1318.134486 -1318.147761 -1318.170406 -1318.210127 -1318.281951 -1318.415662 -1318.670559 -1319.164543 -1320.133587 -1322.068388 -1326.077696 -1334.951871 -1357.553807 -9999.0 -9999.0
-9999.0 -9999.0 116.422060 16.166896 -84.183454 -184.622982 -285.621442 -388.273043 -494.920659 -612.398480 -781.524365 -987.520829 -1073.128142 -1132.799032 -1190.293195 -1251.874633 -1292.662345 -1310.697269 -1312.475888 -1306.928385 -1300.193346 -1295.161758 -1292.705724 -1292.709247 -1294.634104 -1297.798216 -1301.516891 -1305.212963 -1308.497954 -1311.188487 -1313.260288 -1314.781751 -1315.858445 -1316.597514 -1317.090677 -1317.411102 -1317.624821 -1317.812052 -1318.034015 -1318.557938 -1323.449603 -1348.891310 -886.453497 -883.767290 -869.338638 -860.514307 -856.397655 -855.839958 -855.785460 -855.798450 -855.822315 -855.847550 -855.871755 -855.894143 -855.914676 -855.936237 -855.987820 -856.319556 -858.505745 -863.523477 -871.915691 -864.962600 -1332.179303 -1321.748296 -1318.691343 -1318.209587 -1318.117697 -1318.101164 -1318.100621 -1318.103003 -1318.105453 -1318.107431 -1318.108934 -1318.110065 -1318.110925 -1318.111591 -1318.112116 -1318.112538 -1318.112886 -1318.113190 -1318.113482 -1318.113799 -1318.114192 -1318.114731 -1318.115523 -1318.116735 -1318.118633 -1318.121652 -1318.126520 -1318.134486 -1318.147761 -1318.170406 -1318.210127 -1318.281951 -1318.415662 -1318.670559 -1319.164543 -1320.133587 -1322.068388 -1326.077696 -1334.951871 -1357.553807 -9999.0 -9999.0
-9999.0 -9999.0 116.422060 16.166897 -84.183454 -184.622982 -285.621442 -388.273042 -494.920659 -612.398479 -781.524365 -987.520829 -1073.128142 -1132.799032 -1190.293195 -1251.874633 -1292.662345 -1310.697269 -1312.475888 -1306.928385 -1300.193346 -1295.161758 -1292.705724 -1292.709247 -1294.634104 -1297.798216 -1301.516891 -1305.212963 -1308.497954 -1311.188487 -1313.260288 -1314.781751 -1315.858445 -1316.597514 -1317.090677 -1317.411102 -1317.624821 -1317.812052 -1318.034015 -1318.557938 -1323.449603 -1348.891310 -886.453497 -883.767290 -869.338638 -860.514308 -856.397655 -855.839958 -855.785460 -855.798450 -855.822315 -855.847550 -855.871755 -855.894143 -855.914676 -855.936237 -855.987820 -856.319556 -858.505745 -863.523477 -871.915691 -864.962600 -1332.179303 -1321.748296 -1318.691343 -1318.209587 -1318.117697 -1318.101164 -1318.100621 -1318.103003 -1318.105453 -1318.107431 -1318.108934 -1318.110065 -1318.110925 -1318.111591 -1318.112116 -1318.112538 -1318.112886 -1318.113190 -1318.113482 -1318.113799 -1318.114192 -1318.114731 -1318.115523 -1318.116735 -1318.118633 -1318.121652 -1318.126520 -1318.134486 -1318.147761 -1318.170406 -1318.210127 -1318.281951 -1318.415662 -1318.670559 -1319.164543 -1320.133587 -1322.068388 -1326.077696 -1334.951871 -1357.553807 -9999.0 -9999.0
-9999.0 -9999.0 -9999.0 -9999.0 -9999.0 -9999.0 -9999.0 -9999.0 -9999.0 -9999.0 -9999.0 -9999.0 -9999.0 -9999.0 -9999.0 -9999.0 -9999.0 -9999.0 -9999.0 -9999.0 -9999.0 -9999.0 -9999.0 -9999.0 -9999.0 -9999.0 -9999.0 -9999.0 -9999.0 -9999.0 -9999.0 -9999.0 -9999.0 -9999.0 -9999.0 -9999.0 -9999.0 -9999.0 -9999.0 -9999.0 -9999.0 -9999.0 -9999.0 -9999.0 -9999.0 -9999.0 -9999.0 -9999.0 -9999.0 -9999.0 -9999.0 -9999.0 -9999.0 -9999.0 -9999.0 -9999.0 -9999.0 -9999.0 -9999.0 -9999.0 -9999.0 -9999.0 -9999.0 -9999.0 -9999.0 -9999.0 -9999.0 -9999.0 -9999.0 -9999.0 -9999.0 -9999.0 -9999.0 -9999.0 -9999.0 -9999.0 -9999.0 -9999.0 -9999.0 -9999.0 -9999.0 -9999.0 -9999.0 -9999.0 -9999.0 -9999.0 -9999.0 -9999.0 -9999.0 -9999.0 -9999.0 -9999.0 -9999.0 -9999.0 -9999.0 -9999.0 -9999.0 -9999.0 -9999.0 -9999.0 -9999.0 -9999.0 -9999.0 -9999.0
-9999.0 -9999.0 -9999.0 -9999.0 -9999.0 -9999.0 -9999.0 -9999.0 -9999.0 -9999.0 -9999.0 -9999.0 -9999.0 -9999.0 -9999.0 -9999.0 -9999.0 -9999.0 -9999.0 -9999.0 -9999.0 -9999.0 -9999.0 -9999.0 -9999.0 -9999.0 -9999.0 -9999.0 -9999.0 -9999.0 -9999.0 -9999.0 -9999.0 -9999.0 -9999.0 -9999.0 -9999.0 -9999.0 -9999.0 -9999.0 -9999.0 -9999.0 -9999.0 -9999.0 -9999.0 -9999.0 -9999.0 -9999.0 -9999.0 -9999.0 -9999.0 -9999.0 -9999.0 -9999.0 -9999.0 -9999.0 -9999.0 -9999.0 -9999.0 -9999.0 -9999.0 -9999.0 -9999.0 -9999.0 -9999.0 -9999.0 -9999.0 -9999.0 -9999.0 -9999.0 -9999.0 -9999.0 -9999.0 -9999.0 -9999.0 -9999.0 -9999.0 -9999.0 -9999.0 -9999.0 -9999.0 -9999.0 -9999.0 -9999.0 -9999.0 -9999.0 -9999.0 -9999.0 -9999.0 -9999.0 -9999.0 -9999.0 -9999.0 -9999.0 -9999.0 -9999.0 -9999.0 -9999.0 -9999.0 -9999.0 -9999.0 -9999.0 -9999.0 -9999.0