inst/processing_geotop_simulation/geotop_simulation/out/maps3D/PwL0003N0246.asc
ncols         104
nrows         10
xllcorner     -2.000000
yllcorner     0.000000
cellsize      1.000000
NODATA_value  -9999.0
-9999.0 -9999.0 -9999.0 -9999.0 -9999.0 -9999.0 -9999.0 -9999.0 -9999.0 -9999.0 -9999.0 -9999.0 -9999.0 -9999.0 -9999.0 -9999.0 -9999.0 -9999.0 -9999.0 -9999.0 -9999.0 -9999.0 -9999.0 -9999.0 -9999.0 -9999.0 -9999.0 -9999.0 -9999.0 -9999.0 -9999.0 -9999.0 -9999.0 -9999.0 -9999.0 -9999.0 -9999.0 -9999.0 -9999.0 -9999.0 -9999.0 -9999.0 -9999.0 -9999.0 -9999.0 -9999.0 -9999.0 -9999.0 -9999.0 -9999.0 -9999.0 -9999.0 -9999.0 -9999.0 -9999.0 -9999.0 -9999.0 -9999.0 -9999.0 -9999.0 -9999.0 -9999.0 -9999.0 -9999.0 -9999.0 -9999.0 -9999.0 -9999.0 -9999.0 -9999.0 -9999.0 -9999.0 -9999.0 -9999.0 -9999.0 -9999.0 -9999.0 -9999.0 -9999.0 -9999.0 -9999.0 -9999.0 -9999.0 -9999.0 -9999.0 -9999.0 -9999.0 -9999.0 -9999.0 -9999.0 -9999.0 -9999.0 -9999.0 -9999.0 -9999.0 -9999.0 -9999.0 -9999.0 -9999.0 -9999.0 -9999.0 -9999.0 -9999.0 -9999.0
-9999.0 -9999.0 -9999.0 -9999.0 -9999.0 -9999.0 -9999.0 -9999.0 -9999.0 -9999.0 -9999.0 -9999.0 -9999.0 -9999.0 -9999.0 -9999.0 -9999.0 -9999.0 -9999.0 -9999.0 -9999.0 -9999.0 -9999.0 -9999.0 -9999.0 -9999.0 -9999.0 -9999.0 -9999.0 -9999.0 -9999.0 -9999.0 -9999.0 -9999.0 -9999.0 -9999.0 -9999.0 -9999.0 -9999.0 -9999.0 -9999.0 -9999.0 -9999.0 -9999.0 -9999.0 -9999.0 -9999.0 -9999.0 -9999.0 -9999.0 -9999.0 -9999.0 -9999.0 -9999.0 -9999.0 -9999.0 -9999.0 -9999.0 -9999.0 -9999.0 -9999.0 -9999.0 -9999.0 -9999.0 -9999.0 -9999.0 -9999.0 -9999.0 -9999.0 -9999.0 -9999.0 -9999.0 -9999.0 -9999.0 -9999.0 -9999.0 -9999.0 -9999.0 -9999.0 -9999.0 -9999.0 -9999.0 -9999.0 -9999.0 -9999.0 -9999.0 -9999.0 -9999.0 -9999.0 -9999.0 -9999.0 -9999.0 -9999.0 -9999.0 -9999.0 -9999.0 -9999.0 -9999.0 -9999.0 -9999.0 -9999.0 -9999.0 -9999.0 -9999.0
-9999.0 -9999.0 127.691866 33.214085 -63.983644 -161.897521 -260.077732 -358.347646 -456.613596 -554.803081 -652.762244 -750.271170 -847.367817 -943.845166 -1040.113911 -1136.394324 -1231.206378 -1324.080614 -1414.449373 -1500.761029 -1578.971784 -1644.786315 -1696.337933 -1734.518149 -1761.740147 -1780.702967 -1793.735362 -1802.614502 -1808.619279 -1812.649017 -1815.332003 -1817.104958 -1818.268993 -1819.029376 -1819.524594 -1819.849026 -1820.074496 -1820.291423 -1820.791392 -1822.852566 -1829.419879 -1809.723430 -1121.089600 -1122.639661 -1110.658825 -1102.974475 -1099.370726 -1098.835004 -1098.778612 -1098.785242 -1098.801147 -1098.818196 -1098.834578 -1098.849746 -1098.863798 -1098.879892 -1098.928089 -1099.248601 -1101.168296 -1105.460700 -1111.741210 -1101.658483 -1787.209123 -1823.878867 -1821.638145 -1820.728105 -1820.558935 -1820.532021 -1820.528379 -1820.528552 -1820.529261 -1820.529918 -1820.530438 -1820.530836 -1820.531140 -1820.531377 -1820.531564 -1820.531715 -1820.531842 -1820.531955 -1820.532066 -1820.532189 -1820.532345 -1820.532562 -1820.532884 -1820.533378 -1820.534157 -1820.535404 -1820.537435 -1820.540801 -1820.546503 -1820.556425 -1820.574200 -1820.607006 -1820.669232 -1820.790249 -1821.032051 -1821.533641 -1822.633623 -1825.240736 -1832.169118 -1854.453318 -9999.0 -9999.0
-9999.0 -9999.0 127.702812 33.216191 -63.983115 -161.897367 -260.077683 -358.347629 -456.613590 -554.803079 -652.762243 -750.271170 -847.367817 -943.845166 -1040.113911 -1136.394325 -1231.206378 -1324.080614 -1414.449374 -1500.761029 -1578.971784 -1644.786315 -1696.337933 -1734.518150 -1761.740147 -1780.702967 -1793.735362 -1802.614502 -1808.619279 -1812.649017 -1815.332003 -1817.104958 -1818.268993 -1819.029376 -1819.524594 -1819.849026 -1820.074496 -1820.291423 -1820.791392 -1822.852566 -1829.419879 -1809.723430 -1121.089600 -1122.639661 -1110.658825 -1102.974475 -1099.370726 -1098.835004 -1098.778612 -1098.785242 -1098.801147 -1098.818196 -1098.834578 -1098.849746 -1098.863798 -1098.879892 -1098.928089 -1099.248601 -1101.168296 -1105.460700 -1111.741210 -1101.658483 -1787.209123 -1823.878867 -1821.638145 -1820.728105 -1820.558935 -1820.532021 -1820.528379 -1820.528552 -1820.529261 -1820.529918 -1820.530438 -1820.530836 -1820.531140 -1820.531377 -1820.531564 -1820.531715 -1820.531842 -1820.531955 -1820.532066 -1820.532189 -1820.532345 -1820.532562 -1820.532884 -1820.533378 -1820.534157 -1820.535404 -1820.537435 -1820.540801 -1820.546503 -1820.556425 -1820.574200 -1820.607006 -1820.669232 -1820.790249 -1821.032051 -1821.533641 -1822.633623 -1825.240736 -1832.169118 -1854.453318 -9999.0 -9999.0
-9999.0 -9999.0 127.704178 33.217039 -63.982780 -161.897246 -260.077640 -358.347614 -456.613584 -554.803077 -652.762242 -750.271169 -847.367817 -943.845166 -1040.113911 -1136.394325 -1231.206378 -1324.080614 -1414.449374 -1500.761029 -1578.971784 -1644.786315 -1696.337934 -1734.518150 -1761.740147 -1780.702967 -1793.735362 -1802.614502 -1808.619279 -1812.649017 -1815.332003 -1817.104958 -1818.268993 -1819.029376 -1819.524594 -1819.849026 -1820.074496 -1820.291423 -1820.791392 -1822.852566 -1829.419879 -1809.723430 -1121.089600 -1122.639661 -1110.658825 -1102.974475 -1099.370726 -1098.835004 -1098.778612 -1098.785242 -1098.801147 -1098.818196 -1098.834578 -1098.849746 -1098.863798 -1098.879892 -1098.928089 -1099.248601 -1101.168296 -1105.460700 -1111.741210 -1101.658483 -1787.209123 -1823.878867 -1821.638145 -1820.728105 -1820.558935 -1820.532021 -1820.528379 -1820.528552 -1820.529261 -1820.529918 -1820.530438 -1820.530836 -1820.531140 -1820.531377 -1820.531564 -1820.531715 -1820.531842 -1820.531955 -1820.532066 -1820.532189 -1820.532345 -1820.532562 -1820.532884 -1820.533378 -1820.534157 -1820.535404 -1820.537435 -1820.540801 -1820.546503 -1820.556425 -1820.574200 -1820.607006 -1820.669232 -1820.790249 -1821.032051 -1821.533641 -1822.633623 -1825.240736 -1832.169118 -1854.453318 -9999.0 -9999.0
-9999.0 -9999.0 127.704178 33.217039 -63.982780 -161.897246 -260.077640 -358.347614 -456.613584 -554.803077 -652.762242 -750.271169 -847.367817 -943.845166 -1040.113911 -1136.394325 -1231.206378 -1324.080614 -1414.449374 -1500.761029 -1578.971784 -1644.786315 -1696.337934 -1734.518150 -1761.740147 -1780.702967 -1793.735362 -1802.614502 -1808.619279 -1812.649017 -1815.332003 -1817.104958 -1818.268993 -1819.029376 -1819.524594 -1819.849026 -1820.074496 -1820.291423 -1820.791392 -1822.852566 -1829.419879 -1809.723430 -1121.089600 -1122.639661 -1110.658825 -1102.974475 -1099.370726 -1098.835004 -1098.778612 -1098.785242 -1098.801147 -1098.818196 -1098.834578 -1098.849746 -1098.863798 -1098.879892 -1098.928089 -1099.248601 -1101.168296 -1105.460700 -1111.741210 -1101.658483 -1787.209123 -1823.878867 -1821.638145 -1820.728105 -1820.558935 -1820.532021 -1820.528379 -1820.528552 -1820.529261 -1820.529918 -1820.530438 -1820.530836 -1820.531140 -1820.531377 -1820.531564 -1820.531715 -1820.531842 -1820.531955 -1820.532066 -1820.532189 -1820.532345 -1820.532562 -1820.532884 -1820.533378 -1820.534157 -1820.535404 -1820.537435 -1820.540801 -1820.546503 -1820.556425 -1820.574200 -1820.607006 -1820.669232 -1820.790249 -1821.032051 -1821.533641 -1822.633623 -1825.240736 -1832.169118 -1854.453318 -9999.0 -9999.0
-9999.0 -9999.0 127.702812 33.216191 -63.983115 -161.897367 -260.077683 -358.347629 -456.613590 -554.803079 -652.762243 -750.271170 -847.367817 -943.845166 -1040.113911 -1136.394325 -1231.206378 -1324.080614 -1414.449373 -1500.761029 -1578.971784 -1644.786315 -1696.337933 -1734.518150 -1761.740147 -1780.702967 -1793.735362 -1802.614502 -1808.619279 -1812.649017 -1815.332003 -1817.104958 -1818.268993 -1819.029376 -1819.524594 -1819.849026 -1820.074496 -1820.291423 -1820.791392 -1822.852566 -1829.419879 -1809.723430 -1121.089600 -1122.639661 -1110.658825 -1102.974475 -1099.370726 -1098.835004 -1098.778612 -1098.785242 -1098.801147 -1098.818196 -1098.834578 -1098.849746 -1098.863798 -1098.879892 -1098.928089 -1099.248601 -1101.168296 -1105.460700 -1111.741210 -1101.658483 -1787.209123 -1823.878867 -1821.638145 -1820.728105 -1820.558935 -1820.532021 -1820.528379 -1820.528552 -1820.529261 -1820.529918 -1820.530438 -1820.530836 -1820.531140 -1820.531377 -1820.531564 -1820.531715 -1820.531842 -1820.531955 -1820.532066 -1820.532189 -1820.532345 -1820.532562 -1820.532884 -1820.533378 -1820.534157 -1820.535404 -1820.537435 -1820.540801 -1820.546503 -1820.556425 -1820.574200 -1820.607006 -1820.669232 -1820.790249 -1821.032051 -1821.533641 -1822.633623 -1825.240736 -1832.169118 -1854.453318 -9999.0 -9999.0
-9999.0 -9999.0 127.691866 33.214085 -63.983644 -161.897521 -260.077732 -358.347646 -456.613596 -554.803081 -652.762244 -750.271170 -847.367817 -943.845166 -1040.113911 -1136.394324 -1231.206378 -1324.080614 -1414.449373 -1500.761029 -1578.971784 -1644.786315 -1696.337933 -1734.518149 -1761.740147 -1780.702967 -1793.735362 -1802.614502 -1808.619279 -1812.649017 -1815.332003 -1817.104958 -1818.268993 -1819.029376 -1819.524594 -1819.849026 -1820.074496 -1820.291423 -1820.791392 -1822.852566 -1829.419879 -1809.723430 -1121.089600 -1122.639661 -1110.658825 -1102.974475 -1099.370726 -1098.835004 -1098.778612 -1098.785242 -1098.801147 -1098.818196 -1098.834578 -1098.849746 -1098.863798 -1098.879892 -1098.928089 -1099.248601 -1101.168296 -1105.460700 -1111.741210 -1101.658483 -1787.209123 -1823.878867 -1821.638145 -1820.728105 -1820.558935 -1820.532021 -1820.528379 -1820.528552 -1820.529261 -1820.529918 -1820.530438 -1820.530836 -1820.531140 -1820.531377 -1820.531564 -1820.531715 -1820.531842 -1820.531955 -1820.532066 -1820.532189 -1820.532345 -1820.532562 -1820.532884 -1820.533378 -1820.534157 -1820.535404 -1820.537435 -1820.540801 -1820.546503 -1820.556425 -1820.574200 -1820.607006 -1820.669232 -1820.790249 -1821.032051 -1821.533641 -1822.633623 -1825.240736 -1832.169118 -1854.453318 -9999.0 -9999.0
-9999.0 -9999.0 -9999.0 -9999.0 -9999.0 -9999.0 -9999.0 -9999.0 -9999.0 -9999.0 -9999.0 -9999.0 -9999.0 -9999.0 -9999.0 -9999.0 -9999.0 -9999.0 -9999.0 -9999.0 -9999.0 -9999.0 -9999.0 -9999.0 -9999.0 -9999.0 -9999.0 -9999.0 -9999.0 -9999.0 -9999.0 -9999.0 -9999.0 -9999.0 -9999.0 -9999.0 -9999.0 -9999.0 -9999.0 -9999.0 -9999.0 -9999.0 -9999.0 -9999.0 -9999.0 -9999.0 -9999.0 -9999.0 -9999.0 -9999.0 -9999.0 -9999.0 -9999.0 -9999.0 -9999.0 -9999.0 -9999.0 -9999.0 -9999.0 -9999.0 -9999.0 -9999.0 -9999.0 -9999.0 -9999.0 -9999.0 -9999.0 -9999.0 -9999.0 -9999.0 -9999.0 -9999.0 -9999.0 -9999.0 -9999.0 -9999.0 -9999.0 -9999.0 -9999.0 -9999.0 -9999.0 -9999.0 -9999.0 -9999.0 -9999.0 -9999.0 -9999.0 -9999.0 -9999.0 -9999.0 -9999.0 -9999.0 -9999.0 -9999.0 -9999.0 -9999.0 -9999.0 -9999.0 -9999.0 -9999.0 -9999.0 -9999.0 -9999.0 -9999.0
-9999.0 -9999.0 -9999.0 -9999.0 -9999.0 -9999.0 -9999.0 -9999.0 -9999.0 -9999.0 -9999.0 -9999.0 -9999.0 -9999.0 -9999.0 -9999.0 -9999.0 -9999.0 -9999.0 -9999.0 -9999.0 -9999.0 -9999.0 -9999.0 -9999.0 -9999.0 -9999.0 -9999.0 -9999.0 -9999.0 -9999.0 -9999.0 -9999.0 -9999.0 -9999.0 -9999.0 -9999.0 -9999.0 -9999.0 -9999.0 -9999.0 -9999.0 -9999.0 -9999.0 -9999.0 -9999.0 -9999.0 -9999.0 -9999.0 -9999.0 -9999.0 -9999.0 -9999.0 -9999.0 -9999.0 -9999.0 -9999.0 -9999.0 -9999.0 -9999.0 -9999.0 -9999.0 -9999.0 -9999.0 -9999.0 -9999.0 -9999.0 -9999.0 -9999.0 -9999.0 -9999.0 -9999.0 -9999.0 -9999.0 -9999.0 -9999.0 -9999.0 -9999.0 -9999.0 -9999.0 -9999.0 -9999.0 -9999.0 -9999.0 -9999.0 -9999.0 -9999.0 -9999.0 -9999.0 -9999.0 -9999.0 -9999.0 -9999.0 -9999.0 -9999.0 -9999.0 -9999.0 -9999.0 -9999.0 -9999.0 -9999.0 -9999.0 -9999.0 -9999.0