inst/processing_geotop_simulation/geotop_simulation/out/maps3D/PwL0010N0042.asc
ncols         104
nrows         10
xllcorner     -2.000000
yllcorner     0.000000
cellsize      1.000000
NODATA_value  -9999.0
-9999.0 -9999.0 -9999.0 -9999.0 -9999.0 -9999.0 -9999.0 -9999.0 -9999.0 -9999.0 -9999.0 -9999.0 -9999.0 -9999.0 -9999.0 -9999.0 -9999.0 -9999.0 -9999.0 -9999.0 -9999.0 -9999.0 -9999.0 -9999.0 -9999.0 -9999.0 -9999.0 -9999.0 -9999.0 -9999.0 -9999.0 -9999.0 -9999.0 -9999.0 -9999.0 -9999.0 -9999.0 -9999.0 -9999.0 -9999.0 -9999.0 -9999.0 -9999.0 -9999.0 -9999.0 -9999.0 -9999.0 -9999.0 -9999.0 -9999.0 -9999.0 -9999.0 -9999.0 -9999.0 -9999.0 -9999.0 -9999.0 -9999.0 -9999.0 -9999.0 -9999.0 -9999.0 -9999.0 -9999.0 -9999.0 -9999.0 -9999.0 -9999.0 -9999.0 -9999.0 -9999.0 -9999.0 -9999.0 -9999.0 -9999.0 -9999.0 -9999.0 -9999.0 -9999.0 -9999.0 -9999.0 -9999.0 -9999.0 -9999.0 -9999.0 -9999.0 -9999.0 -9999.0 -9999.0 -9999.0 -9999.0 -9999.0 -9999.0 -9999.0 -9999.0 -9999.0 -9999.0 -9999.0 -9999.0 -9999.0 -9999.0 -9999.0 -9999.0 -9999.0
-9999.0 -9999.0 -9999.0 -9999.0 -9999.0 -9999.0 -9999.0 -9999.0 -9999.0 -9999.0 -9999.0 -9999.0 -9999.0 -9999.0 -9999.0 -9999.0 -9999.0 -9999.0 -9999.0 -9999.0 -9999.0 -9999.0 -9999.0 -9999.0 -9999.0 -9999.0 -9999.0 -9999.0 -9999.0 -9999.0 -9999.0 -9999.0 -9999.0 -9999.0 -9999.0 -9999.0 -9999.0 -9999.0 -9999.0 -9999.0 -9999.0 -9999.0 -9999.0 -9999.0 -9999.0 -9999.0 -9999.0 -9999.0 -9999.0 -9999.0 -9999.0 -9999.0 -9999.0 -9999.0 -9999.0 -9999.0 -9999.0 -9999.0 -9999.0 -9999.0 -9999.0 -9999.0 -9999.0 -9999.0 -9999.0 -9999.0 -9999.0 -9999.0 -9999.0 -9999.0 -9999.0 -9999.0 -9999.0 -9999.0 -9999.0 -9999.0 -9999.0 -9999.0 -9999.0 -9999.0 -9999.0 -9999.0 -9999.0 -9999.0 -9999.0 -9999.0 -9999.0 -9999.0 -9999.0 -9999.0 -9999.0 -9999.0 -9999.0 -9999.0 -9999.0 -9999.0 -9999.0 -9999.0 -9999.0 -9999.0 -9999.0 -9999.0 -9999.0 -9999.0
-9999.0 -9999.0 -741.916632 -754.155885 -758.786594 -762.683342 -765.885694 -768.125298 -769.527023 -769.056106 -757.505222 -739.817862 -719.910554 -694.400154 -663.176859 -667.944570 -662.898295 -651.469071 -638.883515 -606.891163 -597.003551 -601.209192 -614.752234 -634.614103 -657.804207 -681.574573 -703.697583 -722.614846 -737.604441 -748.723026 -756.526211 -761.758410 -765.139545 -767.256614 -768.540079 -769.283898 -769.699495 -770.070382 -770.685534 -770.365367 -770.516562 -802.896181 -2410.178190 -4479.058675 -4480.180378 -4480.151711 -4480.124641 -4480.120647 -4480.120223 -4480.120205 -4480.120232 -4480.120264 -4480.120295 -4480.120323 -4480.120351 -4480.120395 -4480.120625 -4480.122549 -4480.137180 -4480.160139 -4478.413024 -2313.149049 -792.004071 -774.116281 -771.553071 -770.798490 -770.629660 -770.603151 -770.605960 -770.613537 -770.620579 -770.626138 -770.630333 -770.633492 -770.635902 -770.637772 -770.639255 -770.640448 -770.641429 -770.642279 -770.643085 -770.643949 -770.645003 -770.646434 -770.648521 -770.651696 -770.656651 -770.664505 -770.677114 -770.697625 -770.731549 -770.788871 -770.888346 -771.066343 -771.394904 -772.017872 -773.220925 -775.564383 -780.144112 -789.202263 -807.911559 -848.010882 -9999.0 -9999.0
-9999.0 -9999.0 -741.916527 -754.155765 -758.786508 -762.683304 -765.885684 -768.125298 -769.527025 -769.056108 -757.505222 -739.817862 -719.910554 -694.400154 -663.176859 -667.944570 -662.898295 -651.469071 -638.883515 -606.891163 -597.003551 -601.209192 -614.752234 -634.614103 -657.804207 -681.574573 -703.697583 -722.614846 -737.604441 -748.723026 -756.526211 -761.758410 -765.139545 -767.256614 -768.540079 -769.283898 -769.699495 -770.070382 -770.685534 -770.365367 -770.516562 -802.896181 -2410.178189 -4479.058675 -4480.180378 -4480.151711 -4480.124641 -4480.120647 -4480.120223 -4480.120205 -4480.120232 -4480.120264 -4480.120295 -4480.120323 -4480.120351 -4480.120395 -4480.120625 -4480.122549 -4480.137180 -4480.160139 -4478.413024 -2313.149049 -792.004071 -774.116281 -771.553071 -770.798490 -770.629660 -770.603151 -770.605960 -770.613537 -770.620579 -770.626138 -770.630333 -770.633492 -770.635902 -770.637772 -770.639255 -770.640448 -770.641429 -770.642279 -770.643085 -770.643949 -770.645003 -770.646434 -770.648521 -770.651696 -770.656651 -770.664505 -770.677114 -770.697625 -770.731549 -770.788871 -770.888346 -771.066343 -771.394904 -772.017872 -773.220925 -775.564383 -780.144112 -789.202263 -807.911559 -848.010882 -9999.0 -9999.0
-9999.0 -9999.0 -741.916480 -754.155701 -758.786453 -762.683277 -765.885676 -768.125298 -769.527027 -769.056110 -757.505223 -739.817862 -719.910554 -694.400154 -663.176859 -667.944570 -662.898295 -651.469071 -638.883515 -606.891163 -597.003551 -601.209192 -614.752234 -634.614103 -657.804207 -681.574573 -703.697583 -722.614846 -737.604441 -748.723026 -756.526211 -761.758410 -765.139545 -767.256614 -768.540079 -769.283898 -769.699495 -770.070382 -770.685534 -770.365367 -770.516562 -802.896181 -2410.178189 -4479.058675 -4480.180378 -4480.151711 -4480.124641 -4480.120647 -4480.120223 -4480.120205 -4480.120232 -4480.120264 -4480.120295 -4480.120323 -4480.120351 -4480.120395 -4480.120625 -4480.122549 -4480.137180 -4480.160139 -4478.413024 -2313.149049 -792.004071 -774.116281 -771.553071 -770.798490 -770.629660 -770.603151 -770.605960 -770.613537 -770.620579 -770.626138 -770.630333 -770.633492 -770.635902 -770.637772 -770.639255 -770.640448 -770.641429 -770.642279 -770.643085 -770.643949 -770.645003 -770.646434 -770.648521 -770.651696 -770.656651 -770.664505 -770.677114 -770.697625 -770.731549 -770.788871 -770.888346 -771.066343 -771.394904 -772.017872 -773.220925 -775.564383 -780.144112 -789.202263 -807.911559 -848.010882 -9999.0 -9999.0
-9999.0 -9999.0 -741.916480 -754.155701 -758.786453 -762.683277 -765.885676 -768.125298 -769.527027 -769.056110 -757.505223 -739.817862 -719.910554 -694.400154 -663.176859 -667.944570 -662.898295 -651.469071 -638.883515 -606.891163 -597.003551 -601.209192 -614.752234 -634.614103 -657.804207 -681.574573 -703.697583 -722.614846 -737.604441 -748.723026 -756.526211 -761.758410 -765.139545 -767.256614 -768.540079 -769.283898 -769.699495 -770.070382 -770.685534 -770.365367 -770.516562 -802.896181 -2410.178189 -4479.058675 -4480.180378 -4480.151711 -4480.124641 -4480.120647 -4480.120223 -4480.120205 -4480.120232 -4480.120264 -4480.120295 -4480.120323 -4480.120351 -4480.120395 -4480.120625 -4480.122549 -4480.137180 -4480.160139 -4478.413024 -2313.149049 -792.004071 -774.116281 -771.553071 -770.798490 -770.629660 -770.603151 -770.605960 -770.613537 -770.620579 -770.626138 -770.630333 -770.633492 -770.635902 -770.637772 -770.639255 -770.640448 -770.641429 -770.642279 -770.643085 -770.643949 -770.645003 -770.646434 -770.648521 -770.651696 -770.656651 -770.664505 -770.677114 -770.697625 -770.731549 -770.788871 -770.888346 -771.066343 -771.394904 -772.017872 -773.220925 -775.564383 -780.144112 -789.202263 -807.911559 -848.010882 -9999.0 -9999.0
-9999.0 -9999.0 -741.916527 -754.155765 -758.786508 -762.683304 -765.885684 -768.125298 -769.527025 -769.056108 -757.505222 -739.817862 -719.910554 -694.400154 -663.176859 -667.944570 -662.898295 -651.469071 -638.883515 -606.891163 -597.003551 -601.209192 -614.752234 -634.614103 -657.804207 -681.574573 -703.697583 -722.614846 -737.604441 -748.723026 -756.526211 -761.758410 -765.139545 -767.256614 -768.540079 -769.283898 -769.699495 -770.070382 -770.685534 -770.365367 -770.516562 -802.896181 -2410.178189 -4479.058675 -4480.180378 -4480.151711 -4480.124641 -4480.120647 -4480.120223 -4480.120205 -4480.120232 -4480.120264 -4480.120295 -4480.120323 -4480.120351 -4480.120395 -4480.120625 -4480.122549 -4480.137180 -4480.160139 -4478.413024 -2313.149049 -792.004071 -774.116281 -771.553071 -770.798490 -770.629660 -770.603151 -770.605960 -770.613537 -770.620579 -770.626138 -770.630333 -770.633492 -770.635902 -770.637772 -770.639255 -770.640448 -770.641429 -770.642279 -770.643085 -770.643949 -770.645003 -770.646434 -770.648521 -770.651696 -770.656651 -770.664505 -770.677114 -770.697625 -770.731549 -770.788871 -770.888346 -771.066343 -771.394904 -772.017872 -773.220925 -775.564383 -780.144112 -789.202263 -807.911559 -848.010882 -9999.0 -9999.0
-9999.0 -9999.0 -741.916632 -754.155885 -758.786594 -762.683342 -765.885694 -768.125298 -769.527023 -769.056106 -757.505222 -739.817862 -719.910554 -694.400154 -663.176859 -667.944570 -662.898295 -651.469071 -638.883515 -606.891163 -597.003551 -601.209192 -614.752234 -634.614103 -657.804207 -681.574573 -703.697583 -722.614846 -737.604441 -748.723026 -756.526211 -761.758410 -765.139545 -767.256614 -768.540079 -769.283898 -769.699495 -770.070382 -770.685534 -770.365367 -770.516562 -802.896181 -2410.178190 -4479.058675 -4480.180378 -4480.151711 -4480.124641 -4480.120647 -4480.120223 -4480.120205 -4480.120232 -4480.120264 -4480.120295 -4480.120323 -4480.120351 -4480.120395 -4480.120625 -4480.122549 -4480.137180 -4480.160139 -4478.413024 -2313.149049 -792.004071 -774.116281 -771.553071 -770.798490 -770.629660 -770.603151 -770.605960 -770.613537 -770.620579 -770.626138 -770.630333 -770.633492 -770.635902 -770.637772 -770.639255 -770.640448 -770.641429 -770.642279 -770.643085 -770.643949 -770.645003 -770.646434 -770.648521 -770.651696 -770.656651 -770.664505 -770.677114 -770.697625 -770.731549 -770.788871 -770.888346 -771.066343 -771.394904 -772.017872 -773.220925 -775.564383 -780.144112 -789.202263 -807.911559 -848.010882 -9999.0 -9999.0
-9999.0 -9999.0 -9999.0 -9999.0 -9999.0 -9999.0 -9999.0 -9999.0 -9999.0 -9999.0 -9999.0 -9999.0 -9999.0 -9999.0 -9999.0 -9999.0 -9999.0 -9999.0 -9999.0 -9999.0 -9999.0 -9999.0 -9999.0 -9999.0 -9999.0 -9999.0 -9999.0 -9999.0 -9999.0 -9999.0 -9999.0 -9999.0 -9999.0 -9999.0 -9999.0 -9999.0 -9999.0 -9999.0 -9999.0 -9999.0 -9999.0 -9999.0 -9999.0 -9999.0 -9999.0 -9999.0 -9999.0 -9999.0 -9999.0 -9999.0 -9999.0 -9999.0 -9999.0 -9999.0 -9999.0 -9999.0 -9999.0 -9999.0 -9999.0 -9999.0 -9999.0 -9999.0 -9999.0 -9999.0 -9999.0 -9999.0 -9999.0 -9999.0 -9999.0 -9999.0 -9999.0 -9999.0 -9999.0 -9999.0 -9999.0 -9999.0 -9999.0 -9999.0 -9999.0 -9999.0 -9999.0 -9999.0 -9999.0 -9999.0 -9999.0 -9999.0 -9999.0 -9999.0 -9999.0 -9999.0 -9999.0 -9999.0 -9999.0 -9999.0 -9999.0 -9999.0 -9999.0 -9999.0 -9999.0 -9999.0 -9999.0 -9999.0 -9999.0 -9999.0
-9999.0 -9999.0 -9999.0 -9999.0 -9999.0 -9999.0 -9999.0 -9999.0 -9999.0 -9999.0 -9999.0 -9999.0 -9999.0 -9999.0 -9999.0 -9999.0 -9999.0 -9999.0 -9999.0 -9999.0 -9999.0 -9999.0 -9999.0 -9999.0 -9999.0 -9999.0 -9999.0 -9999.0 -9999.0 -9999.0 -9999.0 -9999.0 -9999.0 -9999.0 -9999.0 -9999.0 -9999.0 -9999.0 -9999.0 -9999.0 -9999.0 -9999.0 -9999.0 -9999.0 -9999.0 -9999.0 -9999.0 -9999.0 -9999.0 -9999.0 -9999.0 -9999.0 -9999.0 -9999.0 -9999.0 -9999.0 -9999.0 -9999.0 -9999.0 -9999.0 -9999.0 -9999.0 -9999.0 -9999.0 -9999.0 -9999.0 -9999.0 -9999.0 -9999.0 -9999.0 -9999.0 -9999.0 -9999.0 -9999.0 -9999.0 -9999.0 -9999.0 -9999.0 -9999.0 -9999.0 -9999.0 -9999.0 -9999.0 -9999.0 -9999.0 -9999.0 -9999.0 -9999.0 -9999.0 -9999.0 -9999.0 -9999.0 -9999.0 -9999.0 -9999.0 -9999.0 -9999.0 -9999.0 -9999.0 -9999.0 -9999.0 -9999.0 -9999.0 -9999.0