inst/processing_geotop_simulation/geotop_simulation/out/maps3D/PwL0012N0433.asc
ncols         104
nrows         10
xllcorner     -2.000000
yllcorner     0.000000
cellsize      1.000000
NODATA_value  -9999.0
-9999.0 -9999.0 -9999.0 -9999.0 -9999.0 -9999.0 -9999.0 -9999.0 -9999.0 -9999.0 -9999.0 -9999.0 -9999.0 -9999.0 -9999.0 -9999.0 -9999.0 -9999.0 -9999.0 -9999.0 -9999.0 -9999.0 -9999.0 -9999.0 -9999.0 -9999.0 -9999.0 -9999.0 -9999.0 -9999.0 -9999.0 -9999.0 -9999.0 -9999.0 -9999.0 -9999.0 -9999.0 -9999.0 -9999.0 -9999.0 -9999.0 -9999.0 -9999.0 -9999.0 -9999.0 -9999.0 -9999.0 -9999.0 -9999.0 -9999.0 -9999.0 -9999.0 -9999.0 -9999.0 -9999.0 -9999.0 -9999.0 -9999.0 -9999.0 -9999.0 -9999.0 -9999.0 -9999.0 -9999.0 -9999.0 -9999.0 -9999.0 -9999.0 -9999.0 -9999.0 -9999.0 -9999.0 -9999.0 -9999.0 -9999.0 -9999.0 -9999.0 -9999.0 -9999.0 -9999.0 -9999.0 -9999.0 -9999.0 -9999.0 -9999.0 -9999.0 -9999.0 -9999.0 -9999.0 -9999.0 -9999.0 -9999.0 -9999.0 -9999.0 -9999.0 -9999.0 -9999.0 -9999.0 -9999.0 -9999.0 -9999.0 -9999.0 -9999.0 -9999.0
-9999.0 -9999.0 -9999.0 -9999.0 -9999.0 -9999.0 -9999.0 -9999.0 -9999.0 -9999.0 -9999.0 -9999.0 -9999.0 -9999.0 -9999.0 -9999.0 -9999.0 -9999.0 -9999.0 -9999.0 -9999.0 -9999.0 -9999.0 -9999.0 -9999.0 -9999.0 -9999.0 -9999.0 -9999.0 -9999.0 -9999.0 -9999.0 -9999.0 -9999.0 -9999.0 -9999.0 -9999.0 -9999.0 -9999.0 -9999.0 -9999.0 -9999.0 -9999.0 -9999.0 -9999.0 -9999.0 -9999.0 -9999.0 -9999.0 -9999.0 -9999.0 -9999.0 -9999.0 -9999.0 -9999.0 -9999.0 -9999.0 -9999.0 -9999.0 -9999.0 -9999.0 -9999.0 -9999.0 -9999.0 -9999.0 -9999.0 -9999.0 -9999.0 -9999.0 -9999.0 -9999.0 -9999.0 -9999.0 -9999.0 -9999.0 -9999.0 -9999.0 -9999.0 -9999.0 -9999.0 -9999.0 -9999.0 -9999.0 -9999.0 -9999.0 -9999.0 -9999.0 -9999.0 -9999.0 -9999.0 -9999.0 -9999.0 -9999.0 -9999.0 -9999.0 -9999.0 -9999.0 -9999.0 -9999.0 -9999.0 -9999.0 -9999.0 -9999.0 -9999.0
-9999.0 -9999.0 571.644191 472.894486 373.809617 274.539001 175.186242 75.799006 -23.597824 -122.991551 -222.376881 -321.743738 -421.074535 -520.334356 -619.470221 -718.418856 -817.440402 -916.359536 -1015.151116 -1113.774574 -1210.884276 -1305.812040 -1396.686585 -1481.087383 -1556.649209 -1621.683836 -1675.523772 -1718.518039 -1751.775049 -1776.812097 -1795.243215 -1808.567621 -1818.062093 -1824.750934 -1829.422282 -1832.667694 -1834.938264 -1836.647449 -1838.433452 -1841.602880 -1846.086046 -1828.707107 -1468.432015 -1909.033896 -1813.756849 -1751.988613 -1724.481541 -1720.726837 -1720.339012 -1720.375555 -1720.472215 -1720.576089 -1720.675872 -1720.768252 -1720.853930 -1720.953126 -1721.261474 -1723.409034 -1737.573036 -1770.102217 -1801.697752 -1373.214531 -1790.526766 -1838.525002 -1840.767763 -1840.098699 -1839.857844 -1839.805997 -1839.797011 -1839.795966 -1839.796228 -1839.796632 -1839.796989 -1839.797280 -1839.797518 -1839.797717 -1839.797887 -1839.798037 -1839.798175 -1839.798306 -1839.798439 -1839.798584 -1839.798752 -1839.798965 -1839.799249 -1839.799654 -1839.800253 -1839.801176 -1839.802642 -1839.805049 -1839.809126 -1839.816269 -1839.829216 -1839.853476 -1839.900442 -1839.994659 -1840.192140 -1840.630117 -1841.672003 -1844.371440 -1852.143053 -1877.499915 -9999.0 -9999.0
-9999.0 -9999.0 571.648923 472.895908 373.810027 274.539126 175.186283 75.799020 -23.597818 -122.991548 -222.376879 -321.743737 -421.074535 -520.334356 -619.470221 -718.418856 -817.440402 -916.359537 -1015.151116 -1113.774575 -1210.884277 -1305.812040 -1396.686585 -1481.087383 -1556.649209 -1621.683836 -1675.523772 -1718.518039 -1751.775049 -1776.812097 -1795.243215 -1808.567621 -1818.062093 -1824.750934 -1829.422282 -1832.667694 -1834.938264 -1836.647449 -1838.433452 -1841.602880 -1846.086046 -1828.707107 -1468.432015 -1909.033895 -1813.756848 -1751.988611 -1724.481541 -1720.726837 -1720.339012 -1720.375555 -1720.472215 -1720.576089 -1720.675872 -1720.768252 -1720.853930 -1720.953126 -1721.261474 -1723.409034 -1737.573036 -1770.102217 -1801.697752 -1373.214532 -1790.526766 -1838.525002 -1840.767763 -1840.098699 -1839.857844 -1839.805997 -1839.797011 -1839.795966 -1839.796228 -1839.796632 -1839.796989 -1839.797280 -1839.797518 -1839.797717 -1839.797887 -1839.798037 -1839.798175 -1839.798306 -1839.798439 -1839.798584 -1839.798752 -1839.798965 -1839.799249 -1839.799654 -1839.800253 -1839.801176 -1839.802642 -1839.805049 -1839.809126 -1839.816269 -1839.829216 -1839.853476 -1839.900442 -1839.994659 -1840.192140 -1840.630117 -1841.672003 -1844.371440 -1852.143053 -1877.499915 -9999.0 -9999.0
-9999.0 -9999.0 571.650194 472.896572 373.810295 274.539226 175.186319 75.799033 -23.597813 -122.991546 -222.376879 -321.743737 -421.074534 -520.334356 -619.470221 -718.418856 -817.440403 -916.359537 -1015.151117 -1113.774575 -1210.884277 -1305.812040 -1396.686585 -1481.087383 -1556.649210 -1621.683836 -1675.523772 -1718.518039 -1751.775049 -1776.812097 -1795.243215 -1808.567621 -1818.062093 -1824.750934 -1829.422282 -1832.667694 -1834.938264 -1836.647449 -1838.433452 -1841.602880 -1846.086046 -1828.707107 -1468.432015 -1909.033895 -1813.756848 -1751.988610 -1724.481541 -1720.726837 -1720.339012 -1720.375555 -1720.472215 -1720.576089 -1720.675872 -1720.768252 -1720.853930 -1720.953126 -1721.261474 -1723.409034 -1737.573036 -1770.102217 -1801.697751 -1373.214532 -1790.526766 -1838.525002 -1840.767763 -1840.098699 -1839.857844 -1839.805997 -1839.797011 -1839.795966 -1839.796228 -1839.796632 -1839.796989 -1839.797280 -1839.797518 -1839.797717 -1839.797887 -1839.798037 -1839.798175 -1839.798306 -1839.798439 -1839.798584 -1839.798752 -1839.798965 -1839.799249 -1839.799654 -1839.800253 -1839.801176 -1839.802642 -1839.805049 -1839.809126 -1839.816269 -1839.829216 -1839.853476 -1839.900442 -1839.994659 -1840.192140 -1840.630117 -1841.672003 -1844.371440 -1852.143053 -1877.499915 -9999.0 -9999.0
-9999.0 -9999.0 571.650194 472.896572 373.810295 274.539226 175.186319 75.799033 -23.597813 -122.991546 -222.376879 -321.743737 -421.074534 -520.334356 -619.470221 -718.418856 -817.440403 -916.359537 -1015.151117 -1113.774575 -1210.884277 -1305.812040 -1396.686585 -1481.087383 -1556.649210 -1621.683836 -1675.523772 -1718.518039 -1751.775049 -1776.812097 -1795.243215 -1808.567621 -1818.062093 -1824.750934 -1829.422282 -1832.667694 -1834.938264 -1836.647449 -1838.433452 -1841.602880 -1846.086046 -1828.707107 -1468.432015 -1909.033895 -1813.756848 -1751.988610 -1724.481541 -1720.726837 -1720.339012 -1720.375555 -1720.472215 -1720.576089 -1720.675872 -1720.768252 -1720.853930 -1720.953126 -1721.261474 -1723.409034 -1737.573036 -1770.102217 -1801.697751 -1373.214532 -1790.526766 -1838.525002 -1840.767763 -1840.098699 -1839.857844 -1839.805997 -1839.797011 -1839.795966 -1839.796228 -1839.796632 -1839.796989 -1839.797280 -1839.797518 -1839.797717 -1839.797887 -1839.798037 -1839.798175 -1839.798306 -1839.798439 -1839.798584 -1839.798752 -1839.798965 -1839.799249 -1839.799654 -1839.800253 -1839.801176 -1839.802642 -1839.805049 -1839.809126 -1839.816269 -1839.829216 -1839.853476 -1839.900442 -1839.994659 -1840.192140 -1840.630117 -1841.672003 -1844.371440 -1852.143053 -1877.499915 -9999.0 -9999.0
-9999.0 -9999.0 571.648923 472.895908 373.810027 274.539126 175.186283 75.799020 -23.597818 -122.991548 -222.376879 -321.743737 -421.074535 -520.334356 -619.470221 -718.418856 -817.440402 -916.359537 -1015.151116 -1113.774575 -1210.884277 -1305.812040 -1396.686585 -1481.087383 -1556.649209 -1621.683836 -1675.523772 -1718.518039 -1751.775049 -1776.812097 -1795.243215 -1808.567621 -1818.062093 -1824.750934 -1829.422282 -1832.667694 -1834.938264 -1836.647449 -1838.433452 -1841.602880 -1846.086046 -1828.707107 -1468.432015 -1909.033895 -1813.756848 -1751.988611 -1724.481541 -1720.726837 -1720.339012 -1720.375555 -1720.472215 -1720.576089 -1720.675872 -1720.768252 -1720.853930 -1720.953126 -1721.261474 -1723.409034 -1737.573036 -1770.102217 -1801.697752 -1373.214532 -1790.526766 -1838.525002 -1840.767763 -1840.098699 -1839.857844 -1839.805997 -1839.797011 -1839.795966 -1839.796228 -1839.796632 -1839.796989 -1839.797280 -1839.797518 -1839.797717 -1839.797887 -1839.798037 -1839.798175 -1839.798306 -1839.798439 -1839.798584 -1839.798752 -1839.798965 -1839.799249 -1839.799654 -1839.800253 -1839.801176 -1839.802642 -1839.805049 -1839.809126 -1839.816269 -1839.829216 -1839.853476 -1839.900442 -1839.994659 -1840.192140 -1840.630117 -1841.672003 -1844.371440 -1852.143053 -1877.499915 -9999.0 -9999.0
-9999.0 -9999.0 571.644191 472.894486 373.809617 274.539001 175.186242 75.799006 -23.597824 -122.991551 -222.376881 -321.743738 -421.074535 -520.334356 -619.470221 -718.418856 -817.440402 -916.359536 -1015.151116 -1113.774574 -1210.884276 -1305.812040 -1396.686585 -1481.087383 -1556.649209 -1621.683836 -1675.523772 -1718.518039 -1751.775049 -1776.812097 -1795.243215 -1808.567621 -1818.062093 -1824.750934 -1829.422282 -1832.667694 -1834.938264 -1836.647449 -1838.433452 -1841.602880 -1846.086046 -1828.707107 -1468.432015 -1909.033896 -1813.756849 -1751.988613 -1724.481541 -1720.726837 -1720.339012 -1720.375555 -1720.472215 -1720.576089 -1720.675872 -1720.768252 -1720.853930 -1720.953126 -1721.261474 -1723.409034 -1737.573036 -1770.102217 -1801.697752 -1373.214532 -1790.526766 -1838.525002 -1840.767763 -1840.098699 -1839.857844 -1839.805997 -1839.797011 -1839.795966 -1839.796228 -1839.796632 -1839.796989 -1839.797280 -1839.797518 -1839.797717 -1839.797887 -1839.798037 -1839.798175 -1839.798306 -1839.798439 -1839.798584 -1839.798752 -1839.798965 -1839.799249 -1839.799654 -1839.800253 -1839.801176 -1839.802642 -1839.805049 -1839.809126 -1839.816269 -1839.829216 -1839.853476 -1839.900442 -1839.994659 -1840.192140 -1840.630117 -1841.672003 -1844.371440 -1852.143053 -1877.499915 -9999.0 -9999.0
-9999.0 -9999.0 -9999.0 -9999.0 -9999.0 -9999.0 -9999.0 -9999.0 -9999.0 -9999.0 -9999.0 -9999.0 -9999.0 -9999.0 -9999.0 -9999.0 -9999.0 -9999.0 -9999.0 -9999.0 -9999.0 -9999.0 -9999.0 -9999.0 -9999.0 -9999.0 -9999.0 -9999.0 -9999.0 -9999.0 -9999.0 -9999.0 -9999.0 -9999.0 -9999.0 -9999.0 -9999.0 -9999.0 -9999.0 -9999.0 -9999.0 -9999.0 -9999.0 -9999.0 -9999.0 -9999.0 -9999.0 -9999.0 -9999.0 -9999.0 -9999.0 -9999.0 -9999.0 -9999.0 -9999.0 -9999.0 -9999.0 -9999.0 -9999.0 -9999.0 -9999.0 -9999.0 -9999.0 -9999.0 -9999.0 -9999.0 -9999.0 -9999.0 -9999.0 -9999.0 -9999.0 -9999.0 -9999.0 -9999.0 -9999.0 -9999.0 -9999.0 -9999.0 -9999.0 -9999.0 -9999.0 -9999.0 -9999.0 -9999.0 -9999.0 -9999.0 -9999.0 -9999.0 -9999.0 -9999.0 -9999.0 -9999.0 -9999.0 -9999.0 -9999.0 -9999.0 -9999.0 -9999.0 -9999.0 -9999.0 -9999.0 -9999.0 -9999.0 -9999.0
-9999.0 -9999.0 -9999.0 -9999.0 -9999.0 -9999.0 -9999.0 -9999.0 -9999.0 -9999.0 -9999.0 -9999.0 -9999.0 -9999.0 -9999.0 -9999.0 -9999.0 -9999.0 -9999.0 -9999.0 -9999.0 -9999.0 -9999.0 -9999.0 -9999.0 -9999.0 -9999.0 -9999.0 -9999.0 -9999.0 -9999.0 -9999.0 -9999.0 -9999.0 -9999.0 -9999.0 -9999.0 -9999.0 -9999.0 -9999.0 -9999.0 -9999.0 -9999.0 -9999.0 -9999.0 -9999.0 -9999.0 -9999.0 -9999.0 -9999.0 -9999.0 -9999.0 -9999.0 -9999.0 -9999.0 -9999.0 -9999.0 -9999.0 -9999.0 -9999.0 -9999.0 -9999.0 -9999.0 -9999.0 -9999.0 -9999.0 -9999.0 -9999.0 -9999.0 -9999.0 -9999.0 -9999.0 -9999.0 -9999.0 -9999.0 -9999.0 -9999.0 -9999.0 -9999.0 -9999.0 -9999.0 -9999.0 -9999.0 -9999.0 -9999.0 -9999.0 -9999.0 -9999.0 -9999.0 -9999.0 -9999.0 -9999.0 -9999.0 -9999.0 -9999.0 -9999.0 -9999.0 -9999.0 -9999.0 -9999.0 -9999.0 -9999.0 -9999.0 -9999.0