inst/processing_geotop_simulation/geotop_simulation/out/maps3D/PwL0018N0458.asc
ncols         104
nrows         10
xllcorner     -2.000000
yllcorner     0.000000
cellsize      1.000000
NODATA_value  -9999.0
-9999.0 -9999.0 -9999.0 -9999.0 -9999.0 -9999.0 -9999.0 -9999.0 -9999.0 -9999.0 -9999.0 -9999.0 -9999.0 -9999.0 -9999.0 -9999.0 -9999.0 -9999.0 -9999.0 -9999.0 -9999.0 -9999.0 -9999.0 -9999.0 -9999.0 -9999.0 -9999.0 -9999.0 -9999.0 -9999.0 -9999.0 -9999.0 -9999.0 -9999.0 -9999.0 -9999.0 -9999.0 -9999.0 -9999.0 -9999.0 -9999.0 -9999.0 -9999.0 -9999.0 -9999.0 -9999.0 -9999.0 -9999.0 -9999.0 -9999.0 -9999.0 -9999.0 -9999.0 -9999.0 -9999.0 -9999.0 -9999.0 -9999.0 -9999.0 -9999.0 -9999.0 -9999.0 -9999.0 -9999.0 -9999.0 -9999.0 -9999.0 -9999.0 -9999.0 -9999.0 -9999.0 -9999.0 -9999.0 -9999.0 -9999.0 -9999.0 -9999.0 -9999.0 -9999.0 -9999.0 -9999.0 -9999.0 -9999.0 -9999.0 -9999.0 -9999.0 -9999.0 -9999.0 -9999.0 -9999.0 -9999.0 -9999.0 -9999.0 -9999.0 -9999.0 -9999.0 -9999.0 -9999.0 -9999.0 -9999.0 -9999.0 -9999.0 -9999.0 -9999.0
-9999.0 -9999.0 -9999.0 -9999.0 -9999.0 -9999.0 -9999.0 -9999.0 -9999.0 -9999.0 -9999.0 -9999.0 -9999.0 -9999.0 -9999.0 -9999.0 -9999.0 -9999.0 -9999.0 -9999.0 -9999.0 -9999.0 -9999.0 -9999.0 -9999.0 -9999.0 -9999.0 -9999.0 -9999.0 -9999.0 -9999.0 -9999.0 -9999.0 -9999.0 -9999.0 -9999.0 -9999.0 -9999.0 -9999.0 -9999.0 -9999.0 -9999.0 -9999.0 -9999.0 -9999.0 -9999.0 -9999.0 -9999.0 -9999.0 -9999.0 -9999.0 -9999.0 -9999.0 -9999.0 -9999.0 -9999.0 -9999.0 -9999.0 -9999.0 -9999.0 -9999.0 -9999.0 -9999.0 -9999.0 -9999.0 -9999.0 -9999.0 -9999.0 -9999.0 -9999.0 -9999.0 -9999.0 -9999.0 -9999.0 -9999.0 -9999.0 -9999.0 -9999.0 -9999.0 -9999.0 -9999.0 -9999.0 -9999.0 -9999.0 -9999.0 -9999.0 -9999.0 -9999.0 -9999.0 -9999.0 -9999.0 -9999.0 -9999.0 -9999.0 -9999.0 -9999.0 -9999.0 -9999.0 -9999.0 -9999.0 -9999.0 -9999.0 -9999.0 -9999.0
-9999.0 -9999.0 868.888831 769.746492 670.501652 571.142893 471.724975 372.281135 272.829182 173.378728 73.935103 -25.496857 -124.914492 -224.316507 -323.692636 -423.025167 -522.281495 -621.404611 -720.299245 -819.261488 -918.046245 -1016.547339 -1114.584321 -1208.909095 -1298.744385 -1382.033305 -1456.850360 -1521.774608 -1576.154422 -1620.172495 -1654.707240 -1681.072446 -1700.743612 -1715.146923 -1725.535968 -1732.946791 -1738.216511 -1742.084170 -1745.477770 -1750.059909 -1757.727541 -1766.093560 -1912.538874 -3986.500215 -4084.139057 -4084.156083 -4084.111860 -4083.729201 -4082.206218 -4077.933409 -4067.853658 -4043.647313 -4010.758209 -3975.348275 -3927.198345 -3855.409957 -3747.119962 -3593.563474 -3399.157931 -3180.968091 -2870.558923 -1661.938699 -1721.648646 -1750.040841 -1751.188610 -1750.435420 -1750.165038 -1750.103845 -1750.092719 -1750.091308 -1750.091563 -1750.092034 -1750.092478 -1750.092867 -1750.093210 -1750.093519 -1750.093806 -1750.094078 -1750.094342 -1750.094606 -1750.094876 -1750.095162 -1750.095477 -1750.095841 -1750.096281 -1750.096842 -1750.097600 -1750.098677 -1750.100290 -1750.102824 -1750.106995 -1750.114176 -1750.127076 -1750.151189 -1750.198040 -1750.292955 -1750.495030 -1750.951791 -1752.058001 -1754.956637 -1763.279140 -1789.802559 -9999.0 -9999.0
-9999.0 -9999.0 868.891826 769.747588 670.502003 571.143007 471.725013 372.281148 272.829187 173.378730 73.935104 -25.496856 -124.914491 -224.316507 -323.692635 -423.025167 -522.281495 -621.404611 -720.299245 -819.261488 -918.046245 -1016.547339 -1114.584321 -1208.909095 -1298.744385 -1382.033305 -1456.850360 -1521.774608 -1576.154422 -1620.172495 -1654.707240 -1681.072446 -1700.743612 -1715.146923 -1725.535968 -1732.946791 -1738.216511 -1742.084170 -1745.477770 -1750.059909 -1757.727541 -1766.093560 -1912.538873 -3986.500215 -4084.139057 -4084.156083 -4084.111860 -4083.729201 -4082.206218 -4077.933409 -4067.853657 -4043.647313 -4010.758209 -3975.348275 -3927.198345 -3855.409957 -3747.119961 -3593.563474 -3399.157930 -3180.968091 -2870.558923 -1661.938699 -1721.648646 -1750.040841 -1751.188609 -1750.435420 -1750.165038 -1750.103845 -1750.092719 -1750.091308 -1750.091563 -1750.092034 -1750.092478 -1750.092867 -1750.093210 -1750.093519 -1750.093806 -1750.094078 -1750.094342 -1750.094606 -1750.094876 -1750.095162 -1750.095477 -1750.095841 -1750.096281 -1750.096842 -1750.097600 -1750.098677 -1750.100290 -1750.102824 -1750.106995 -1750.114176 -1750.127076 -1750.151189 -1750.198040 -1750.292955 -1750.495030 -1750.951791 -1752.058001 -1754.956637 -1763.279140 -1789.802559 -9999.0 -9999.0
-9999.0 -9999.0 868.892905 769.748162 670.502243 571.143098 471.725046 372.281161 272.829192 173.378732 73.935105 -25.496856 -124.914491 -224.316506 -323.692636 -423.025167 -522.281495 -621.404611 -720.299245 -819.261488 -918.046245 -1016.547339 -1114.584321 -1208.909095 -1298.744385 -1382.033306 -1456.850360 -1521.774608 -1576.154422 -1620.172495 -1654.707240 -1681.072446 -1700.743612 -1715.146923 -1725.535968 -1732.946791 -1738.216511 -1742.084170 -1745.477770 -1750.059909 -1757.727541 -1766.093560 -1912.538873 -3986.500215 -4084.139057 -4084.156083 -4084.111860 -4083.729201 -4082.206218 -4077.933409 -4067.853657 -4043.647313 -4010.758209 -3975.348275 -3927.198345 -3855.409956 -3747.119961 -3593.563473 -3399.157930 -3180.968090 -2870.558922 -1661.938699 -1721.648646 -1750.040841 -1751.188609 -1750.435420 -1750.165038 -1750.103845 -1750.092719 -1750.091308 -1750.091563 -1750.092034 -1750.092478 -1750.092867 -1750.093210 -1750.093519 -1750.093806 -1750.094078 -1750.094342 -1750.094606 -1750.094876 -1750.095162 -1750.095477 -1750.095841 -1750.096281 -1750.096842 -1750.097600 -1750.098677 -1750.100290 -1750.102824 -1750.106995 -1750.114176 -1750.127076 -1750.151189 -1750.198040 -1750.292955 -1750.495030 -1750.951791 -1752.058001 -1754.956637 -1763.279140 -1789.802559 -9999.0 -9999.0
-9999.0 -9999.0 868.892905 769.748162 670.502243 571.143098 471.725046 372.281161 272.829192 173.378732 73.935105 -25.496856 -124.914491 -224.316507 -323.692635 -423.025167 -522.281495 -621.404611 -720.299245 -819.261488 -918.046245 -1016.547339 -1114.584321 -1208.909095 -1298.744385 -1382.033306 -1456.850360 -1521.774608 -1576.154422 -1620.172495 -1654.707240 -1681.072446 -1700.743612 -1715.146923 -1725.535968 -1732.946791 -1738.216511 -1742.084170 -1745.477770 -1750.059909 -1757.727541 -1766.093560 -1912.538873 -3986.500215 -4084.139057 -4084.156083 -4084.111860 -4083.729201 -4082.206218 -4077.933409 -4067.853657 -4043.647313 -4010.758209 -3975.348275 -3927.198344 -3855.409957 -3747.119961 -3593.563474 -3399.157929 -3180.968091 -2870.558923 -1661.938699 -1721.648646 -1750.040841 -1751.188609 -1750.435420 -1750.165038 -1750.103845 -1750.092719 -1750.091308 -1750.091563 -1750.092034 -1750.092478 -1750.092867 -1750.093210 -1750.093519 -1750.093806 -1750.094078 -1750.094342 -1750.094606 -1750.094876 -1750.095162 -1750.095477 -1750.095841 -1750.096281 -1750.096842 -1750.097600 -1750.098677 -1750.100290 -1750.102824 -1750.106995 -1750.114176 -1750.127076 -1750.151189 -1750.198040 -1750.292955 -1750.495030 -1750.951791 -1752.058001 -1754.956637 -1763.279140 -1789.802559 -9999.0 -9999.0
-9999.0 -9999.0 868.891826 769.747588 670.502003 571.143007 471.725013 372.281148 272.829187 173.378730 73.935104 -25.496856 -124.914491 -224.316507 -323.692636 -423.025167 -522.281495 -621.404611 -720.299245 -819.261488 -918.046245 -1016.547339 -1114.584321 -1208.909095 -1298.744385 -1382.033305 -1456.850360 -1521.774608 -1576.154422 -1620.172495 -1654.707240 -1681.072446 -1700.743612 -1715.146923 -1725.535968 -1732.946791 -1738.216511 -1742.084170 -1745.477770 -1750.059909 -1757.727541 -1766.093560 -1912.538873 -3986.500215 -4084.139057 -4084.156083 -4084.111860 -4083.729201 -4082.206218 -4077.933409 -4067.853657 -4043.647313 -4010.758209 -3975.348275 -3927.198345 -3855.409957 -3747.119961 -3593.563474 -3399.157930 -3180.968091 -2870.558923 -1661.938699 -1721.648646 -1750.040841 -1751.188609 -1750.435420 -1750.165038 -1750.103845 -1750.092719 -1750.091308 -1750.091563 -1750.092034 -1750.092478 -1750.092867 -1750.093210 -1750.093519 -1750.093806 -1750.094078 -1750.094342 -1750.094606 -1750.094876 -1750.095162 -1750.095477 -1750.095841 -1750.096281 -1750.096842 -1750.097600 -1750.098677 -1750.100290 -1750.102824 -1750.106995 -1750.114176 -1750.127076 -1750.151189 -1750.198040 -1750.292955 -1750.495030 -1750.951791 -1752.058001 -1754.956637 -1763.279140 -1789.802559 -9999.0 -9999.0
-9999.0 -9999.0 868.888831 769.746492 670.501652 571.142893 471.724975 372.281135 272.829182 173.378728 73.935103 -25.496857 -124.914492 -224.316507 -323.692636 -423.025167 -522.281495 -621.404611 -720.299245 -819.261488 -918.046245 -1016.547339 -1114.584321 -1208.909095 -1298.744385 -1382.033305 -1456.850360 -1521.774608 -1576.154422 -1620.172495 -1654.707240 -1681.072446 -1700.743612 -1715.146923 -1725.535968 -1732.946791 -1738.216511 -1742.084170 -1745.477770 -1750.059909 -1757.727541 -1766.093560 -1912.538874 -3986.500215 -4084.139057 -4084.156083 -4084.111860 -4083.729201 -4082.206218 -4077.933409 -4067.853658 -4043.647313 -4010.758209 -3975.348275 -3927.198345 -3855.409957 -3747.119961 -3593.563475 -3399.157930 -3180.968091 -2870.558924 -1661.938699 -1721.648646 -1750.040841 -1751.188610 -1750.435420 -1750.165038 -1750.103845 -1750.092719 -1750.091308 -1750.091563 -1750.092034 -1750.092478 -1750.092867 -1750.093210 -1750.093519 -1750.093806 -1750.094078 -1750.094342 -1750.094606 -1750.094876 -1750.095162 -1750.095477 -1750.095841 -1750.096281 -1750.096842 -1750.097600 -1750.098677 -1750.100290 -1750.102824 -1750.106995 -1750.114176 -1750.127076 -1750.151189 -1750.198040 -1750.292955 -1750.495030 -1750.951791 -1752.058001 -1754.956637 -1763.279140 -1789.802559 -9999.0 -9999.0
-9999.0 -9999.0 -9999.0 -9999.0 -9999.0 -9999.0 -9999.0 -9999.0 -9999.0 -9999.0 -9999.0 -9999.0 -9999.0 -9999.0 -9999.0 -9999.0 -9999.0 -9999.0 -9999.0 -9999.0 -9999.0 -9999.0 -9999.0 -9999.0 -9999.0 -9999.0 -9999.0 -9999.0 -9999.0 -9999.0 -9999.0 -9999.0 -9999.0 -9999.0 -9999.0 -9999.0 -9999.0 -9999.0 -9999.0 -9999.0 -9999.0 -9999.0 -9999.0 -9999.0 -9999.0 -9999.0 -9999.0 -9999.0 -9999.0 -9999.0 -9999.0 -9999.0 -9999.0 -9999.0 -9999.0 -9999.0 -9999.0 -9999.0 -9999.0 -9999.0 -9999.0 -9999.0 -9999.0 -9999.0 -9999.0 -9999.0 -9999.0 -9999.0 -9999.0 -9999.0 -9999.0 -9999.0 -9999.0 -9999.0 -9999.0 -9999.0 -9999.0 -9999.0 -9999.0 -9999.0 -9999.0 -9999.0 -9999.0 -9999.0 -9999.0 -9999.0 -9999.0 -9999.0 -9999.0 -9999.0 -9999.0 -9999.0 -9999.0 -9999.0 -9999.0 -9999.0 -9999.0 -9999.0 -9999.0 -9999.0 -9999.0 -9999.0 -9999.0 -9999.0
-9999.0 -9999.0 -9999.0 -9999.0 -9999.0 -9999.0 -9999.0 -9999.0 -9999.0 -9999.0 -9999.0 -9999.0 -9999.0 -9999.0 -9999.0 -9999.0 -9999.0 -9999.0 -9999.0 -9999.0 -9999.0 -9999.0 -9999.0 -9999.0 -9999.0 -9999.0 -9999.0 -9999.0 -9999.0 -9999.0 -9999.0 -9999.0 -9999.0 -9999.0 -9999.0 -9999.0 -9999.0 -9999.0 -9999.0 -9999.0 -9999.0 -9999.0 -9999.0 -9999.0 -9999.0 -9999.0 -9999.0 -9999.0 -9999.0 -9999.0 -9999.0 -9999.0 -9999.0 -9999.0 -9999.0 -9999.0 -9999.0 -9999.0 -9999.0 -9999.0 -9999.0 -9999.0 -9999.0 -9999.0 -9999.0 -9999.0 -9999.0 -9999.0 -9999.0 -9999.0 -9999.0 -9999.0 -9999.0 -9999.0 -9999.0 -9999.0 -9999.0 -9999.0 -9999.0 -9999.0 -9999.0 -9999.0 -9999.0 -9999.0 -9999.0 -9999.0 -9999.0 -9999.0 -9999.0 -9999.0 -9999.0 -9999.0 -9999.0 -9999.0 -9999.0 -9999.0 -9999.0 -9999.0 -9999.0 -9999.0 -9999.0 -9999.0 -9999.0 -9999.0