inst/processing_geotop_simulation/geotop_simulation/out/maps3D/PwL0017N0231.asc
ncols         104
nrows         10
xllcorner     -2.000000
yllcorner     0.000000
cellsize      1.000000
NODATA_value  -9999.0
-9999.0 -9999.0 -9999.0 -9999.0 -9999.0 -9999.0 -9999.0 -9999.0 -9999.0 -9999.0 -9999.0 -9999.0 -9999.0 -9999.0 -9999.0 -9999.0 -9999.0 -9999.0 -9999.0 -9999.0 -9999.0 -9999.0 -9999.0 -9999.0 -9999.0 -9999.0 -9999.0 -9999.0 -9999.0 -9999.0 -9999.0 -9999.0 -9999.0 -9999.0 -9999.0 -9999.0 -9999.0 -9999.0 -9999.0 -9999.0 -9999.0 -9999.0 -9999.0 -9999.0 -9999.0 -9999.0 -9999.0 -9999.0 -9999.0 -9999.0 -9999.0 -9999.0 -9999.0 -9999.0 -9999.0 -9999.0 -9999.0 -9999.0 -9999.0 -9999.0 -9999.0 -9999.0 -9999.0 -9999.0 -9999.0 -9999.0 -9999.0 -9999.0 -9999.0 -9999.0 -9999.0 -9999.0 -9999.0 -9999.0 -9999.0 -9999.0 -9999.0 -9999.0 -9999.0 -9999.0 -9999.0 -9999.0 -9999.0 -9999.0 -9999.0 -9999.0 -9999.0 -9999.0 -9999.0 -9999.0 -9999.0 -9999.0 -9999.0 -9999.0 -9999.0 -9999.0 -9999.0 -9999.0 -9999.0 -9999.0 -9999.0 -9999.0 -9999.0 -9999.0
-9999.0 -9999.0 -9999.0 -9999.0 -9999.0 -9999.0 -9999.0 -9999.0 -9999.0 -9999.0 -9999.0 -9999.0 -9999.0 -9999.0 -9999.0 -9999.0 -9999.0 -9999.0 -9999.0 -9999.0 -9999.0 -9999.0 -9999.0 -9999.0 -9999.0 -9999.0 -9999.0 -9999.0 -9999.0 -9999.0 -9999.0 -9999.0 -9999.0 -9999.0 -9999.0 -9999.0 -9999.0 -9999.0 -9999.0 -9999.0 -9999.0 -9999.0 -9999.0 -9999.0 -9999.0 -9999.0 -9999.0 -9999.0 -9999.0 -9999.0 -9999.0 -9999.0 -9999.0 -9999.0 -9999.0 -9999.0 -9999.0 -9999.0 -9999.0 -9999.0 -9999.0 -9999.0 -9999.0 -9999.0 -9999.0 -9999.0 -9999.0 -9999.0 -9999.0 -9999.0 -9999.0 -9999.0 -9999.0 -9999.0 -9999.0 -9999.0 -9999.0 -9999.0 -9999.0 -9999.0 -9999.0 -9999.0 -9999.0 -9999.0 -9999.0 -9999.0 -9999.0 -9999.0 -9999.0 -9999.0 -9999.0 -9999.0 -9999.0 -9999.0 -9999.0 -9999.0 -9999.0 -9999.0 -9999.0 -9999.0 -9999.0 -9999.0 -9999.0 -9999.0
-9999.0 -9999.0 825.284896 728.338511 630.958609 533.162060 435.154138 337.053077 238.921013 140.791118 42.681955 -55.387842 -153.411107 -251.352465 -349.129050 -446.592003 -543.473790 -639.354522 -734.717552 -830.170835 -924.736084 -1018.144373 -1105.707123 -1181.517709 -1246.514709 -1299.831431 -1341.785833 -1373.598695 -1396.967820 -1413.686504 -1425.393315 -1433.452437 -1438.928179 -1442.612576 -1445.075099 -1446.717144 -1447.826918 -1448.660784 -1449.714935 -1452.887008 -1465.836070 -1524.668461 -2000.954287 -4097.302799 -4133.660517 -4133.663366 -4133.663365 -4133.663348 -4133.663262 -4133.662963 -4133.662106 -4133.659532 -4133.655137 -4133.649305 -4133.639404 -4133.619761 -4133.575623 -4133.466105 -4133.172000 -4132.318127 -4064.609590 -1828.851192 -1486.398159 -1458.234876 -1451.679631 -1450.349731 -1450.124266 -1450.089225 -1450.084395 -1450.084367 -1450.085029 -1450.085670 -1450.086186 -1450.086585 -1450.086894 -1450.087137 -1450.087332 -1450.087491 -1450.087627 -1450.087750 -1450.087870 -1450.088003 -1450.088168 -1450.088394 -1450.088723 -1450.089223 -1450.090005 -1450.091253 -1450.093281 -1450.096645 -1450.102357 -1450.112325 -1450.130255 -1450.163499 -1450.226950 -1450.351634 -1450.605367 -1451.147173 -1452.378875 -1455.384738 -1463.373134 -1487.786647 -9999.0 -9999.0
-9999.0 -9999.0 825.288749 728.339883 630.959040 533.162198 435.154184 337.053093 238.921019 140.791121 42.681956 -55.387841 -153.411107 -251.352464 -349.129050 -446.592003 -543.473790 -639.354522 -734.717552 -830.170836 -924.736084 -1018.144373 -1105.707124 -1181.517709 -1246.514709 -1299.831431 -1341.785834 -1373.598695 -1396.967820 -1413.686504 -1425.393315 -1433.452437 -1438.928179 -1442.612576 -1445.075099 -1446.717144 -1447.826918 -1448.660784 -1449.714935 -1452.887008 -1465.836070 -1524.668461 -2000.954287 -4097.302799 -4133.660517 -4133.663366 -4133.663365 -4133.663348 -4133.663262 -4133.662963 -4133.662106 -4133.659532 -4133.655137 -4133.649305 -4133.639404 -4133.619761 -4133.575623 -4133.466105 -4133.172000 -4132.318127 -4064.609590 -1828.851192 -1486.398159 -1458.234876 -1451.679631 -1450.349731 -1450.124266 -1450.089225 -1450.084395 -1450.084367 -1450.085029 -1450.085670 -1450.086186 -1450.086585 -1450.086894 -1450.087137 -1450.087332 -1450.087491 -1450.087627 -1450.087750 -1450.087870 -1450.088003 -1450.088168 -1450.088394 -1450.088723 -1450.089223 -1450.090005 -1450.091253 -1450.093281 -1450.096645 -1450.102357 -1450.112325 -1450.130255 -1450.163499 -1450.226950 -1450.351634 -1450.605367 -1451.147173 -1452.378875 -1455.384738 -1463.373134 -1487.786647 -9999.0 -9999.0
-9999.0 -9999.0 825.290079 728.340587 630.959333 533.162309 435.154225 337.053107 238.921024 140.791123 42.681957 -55.387841 -153.411107 -251.352464 -349.129050 -446.592003 -543.473790 -639.354522 -734.717552 -830.170836 -924.736084 -1018.144373 -1105.707124 -1181.517709 -1246.514709 -1299.831432 -1341.785834 -1373.598695 -1396.967820 -1413.686504 -1425.393315 -1433.452437 -1438.928179 -1442.612576 -1445.075099 -1446.717144 -1447.826918 -1448.660784 -1449.714935 -1452.887008 -1465.836070 -1524.668461 -2000.954287 -4097.302799 -4133.660517 -4133.663366 -4133.663365 -4133.663348 -4133.663262 -4133.662963 -4133.662106 -4133.659532 -4133.655137 -4133.649305 -4133.639404 -4133.619761 -4133.575623 -4133.466105 -4133.172000 -4132.318127 -4064.609590 -1828.851192 -1486.398159 -1458.234876 -1451.679631 -1450.349731 -1450.124266 -1450.089225 -1450.084395 -1450.084367 -1450.085029 -1450.085670 -1450.086186 -1450.086585 -1450.086894 -1450.087137 -1450.087332 -1450.087491 -1450.087627 -1450.087750 -1450.087870 -1450.088003 -1450.088168 -1450.088394 -1450.088723 -1450.089223 -1450.090005 -1450.091253 -1450.093281 -1450.096645 -1450.102357 -1450.112325 -1450.130255 -1450.163499 -1450.226950 -1450.351634 -1450.605367 -1451.147173 -1452.378875 -1455.384738 -1463.373134 -1487.786647 -9999.0 -9999.0
-9999.0 -9999.0 825.290079 728.340587 630.959333 533.162309 435.154225 337.053107 238.921024 140.791123 42.681957 -55.387841 -153.411107 -251.352464 -349.129050 -446.592003 -543.473790 -639.354522 -734.717552 -830.170836 -924.736084 -1018.144373 -1105.707124 -1181.517709 -1246.514709 -1299.831432 -1341.785834 -1373.598695 -1396.967820 -1413.686504 -1425.393315 -1433.452437 -1438.928179 -1442.612576 -1445.075099 -1446.717144 -1447.826918 -1448.660784 -1449.714935 -1452.887008 -1465.836070 -1524.668461 -2000.954287 -4097.302799 -4133.660517 -4133.663366 -4133.663365 -4133.663348 -4133.663262 -4133.662963 -4133.662106 -4133.659532 -4133.655137 -4133.649305 -4133.639404 -4133.619761 -4133.575623 -4133.466105 -4133.172000 -4132.318127 -4064.609590 -1828.851192 -1486.398159 -1458.234876 -1451.679631 -1450.349731 -1450.124266 -1450.089225 -1450.084395 -1450.084367 -1450.085029 -1450.085670 -1450.086186 -1450.086585 -1450.086894 -1450.087137 -1450.087332 -1450.087491 -1450.087627 -1450.087750 -1450.087870 -1450.088003 -1450.088168 -1450.088394 -1450.088723 -1450.089223 -1450.090005 -1450.091253 -1450.093281 -1450.096645 -1450.102357 -1450.112325 -1450.130255 -1450.163499 -1450.226950 -1450.351634 -1450.605367 -1451.147173 -1452.378875 -1455.384738 -1463.373134 -1487.786647 -9999.0 -9999.0
-9999.0 -9999.0 825.288749 728.339883 630.959040 533.162198 435.154184 337.053093 238.921019 140.791121 42.681956 -55.387841 -153.411107 -251.352464 -349.129050 -446.592003 -543.473790 -639.354522 -734.717552 -830.170836 -924.736084 -1018.144373 -1105.707124 -1181.517709 -1246.514709 -1299.831431 -1341.785834 -1373.598695 -1396.967820 -1413.686504 -1425.393315 -1433.452437 -1438.928179 -1442.612576 -1445.075099 -1446.717144 -1447.826918 -1448.660784 -1449.714935 -1452.887008 -1465.836070 -1524.668461 -2000.954287 -4097.302799 -4133.660517 -4133.663366 -4133.663365 -4133.663348 -4133.663262 -4133.662963 -4133.662106 -4133.659532 -4133.655137 -4133.649305 -4133.639404 -4133.619761 -4133.575623 -4133.466105 -4133.172000 -4132.318127 -4064.609590 -1828.851192 -1486.398159 -1458.234876 -1451.679631 -1450.349731 -1450.124266 -1450.089225 -1450.084395 -1450.084367 -1450.085029 -1450.085670 -1450.086186 -1450.086585 -1450.086894 -1450.087137 -1450.087332 -1450.087491 -1450.087627 -1450.087750 -1450.087870 -1450.088003 -1450.088168 -1450.088394 -1450.088723 -1450.089223 -1450.090005 -1450.091253 -1450.093281 -1450.096645 -1450.102357 -1450.112325 -1450.130255 -1450.163499 -1450.226950 -1450.351634 -1450.605367 -1451.147173 -1452.378875 -1455.384738 -1463.373134 -1487.786647 -9999.0 -9999.0
-9999.0 -9999.0 825.284896 728.338511 630.958609 533.162060 435.154138 337.053077 238.921013 140.791118 42.681955 -55.387842 -153.411107 -251.352465 -349.129050 -446.592003 -543.473790 -639.354522 -734.717552 -830.170835 -924.736084 -1018.144373 -1105.707123 -1181.517709 -1246.514709 -1299.831431 -1341.785833 -1373.598695 -1396.967820 -1413.686504 -1425.393315 -1433.452437 -1438.928179 -1442.612576 -1445.075099 -1446.717144 -1447.826918 -1448.660784 -1449.714935 -1452.887008 -1465.836070 -1524.668461 -2000.954287 -4097.302799 -4133.660517 -4133.663366 -4133.663365 -4133.663348 -4133.663262 -4133.662963 -4133.662106 -4133.659532 -4133.655137 -4133.649305 -4133.639404 -4133.619761 -4133.575623 -4133.466105 -4133.172000 -4132.318127 -4064.609590 -1828.851192 -1486.398159 -1458.234876 -1451.679631 -1450.349731 -1450.124266 -1450.089225 -1450.084395 -1450.084367 -1450.085029 -1450.085670 -1450.086186 -1450.086585 -1450.086894 -1450.087137 -1450.087332 -1450.087491 -1450.087627 -1450.087750 -1450.087870 -1450.088003 -1450.088168 -1450.088394 -1450.088723 -1450.089223 -1450.090005 -1450.091253 -1450.093281 -1450.096645 -1450.102357 -1450.112325 -1450.130255 -1450.163499 -1450.226950 -1450.351634 -1450.605367 -1451.147173 -1452.378875 -1455.384738 -1463.373134 -1487.786647 -9999.0 -9999.0
-9999.0 -9999.0 -9999.0 -9999.0 -9999.0 -9999.0 -9999.0 -9999.0 -9999.0 -9999.0 -9999.0 -9999.0 -9999.0 -9999.0 -9999.0 -9999.0 -9999.0 -9999.0 -9999.0 -9999.0 -9999.0 -9999.0 -9999.0 -9999.0 -9999.0 -9999.0 -9999.0 -9999.0 -9999.0 -9999.0 -9999.0 -9999.0 -9999.0 -9999.0 -9999.0 -9999.0 -9999.0 -9999.0 -9999.0 -9999.0 -9999.0 -9999.0 -9999.0 -9999.0 -9999.0 -9999.0 -9999.0 -9999.0 -9999.0 -9999.0 -9999.0 -9999.0 -9999.0 -9999.0 -9999.0 -9999.0 -9999.0 -9999.0 -9999.0 -9999.0 -9999.0 -9999.0 -9999.0 -9999.0 -9999.0 -9999.0 -9999.0 -9999.0 -9999.0 -9999.0 -9999.0 -9999.0 -9999.0 -9999.0 -9999.0 -9999.0 -9999.0 -9999.0 -9999.0 -9999.0 -9999.0 -9999.0 -9999.0 -9999.0 -9999.0 -9999.0 -9999.0 -9999.0 -9999.0 -9999.0 -9999.0 -9999.0 -9999.0 -9999.0 -9999.0 -9999.0 -9999.0 -9999.0 -9999.0 -9999.0 -9999.0 -9999.0 -9999.0 -9999.0
-9999.0 -9999.0 -9999.0 -9999.0 -9999.0 -9999.0 -9999.0 -9999.0 -9999.0 -9999.0 -9999.0 -9999.0 -9999.0 -9999.0 -9999.0 -9999.0 -9999.0 -9999.0 -9999.0 -9999.0 -9999.0 -9999.0 -9999.0 -9999.0 -9999.0 -9999.0 -9999.0 -9999.0 -9999.0 -9999.0 -9999.0 -9999.0 -9999.0 -9999.0 -9999.0 -9999.0 -9999.0 -9999.0 -9999.0 -9999.0 -9999.0 -9999.0 -9999.0 -9999.0 -9999.0 -9999.0 -9999.0 -9999.0 -9999.0 -9999.0 -9999.0 -9999.0 -9999.0 -9999.0 -9999.0 -9999.0 -9999.0 -9999.0 -9999.0 -9999.0 -9999.0 -9999.0 -9999.0 -9999.0 -9999.0 -9999.0 -9999.0 -9999.0 -9999.0 -9999.0 -9999.0 -9999.0 -9999.0 -9999.0 -9999.0 -9999.0 -9999.0 -9999.0 -9999.0 -9999.0 -9999.0 -9999.0 -9999.0 -9999.0 -9999.0 -9999.0 -9999.0 -9999.0 -9999.0 -9999.0 -9999.0 -9999.0 -9999.0 -9999.0 -9999.0 -9999.0 -9999.0 -9999.0 -9999.0 -9999.0 -9999.0 -9999.0 -9999.0 -9999.0