inst/processing_geotop_simulation/geotop_simulation/out/maps3D/PwL0004N0173.asc
ncols         104
nrows         10
xllcorner     -2.000000
yllcorner     0.000000
cellsize      1.000000
NODATA_value  -9999.0
-9999.0 -9999.0 -9999.0 -9999.0 -9999.0 -9999.0 -9999.0 -9999.0 -9999.0 -9999.0 -9999.0 -9999.0 -9999.0 -9999.0 -9999.0 -9999.0 -9999.0 -9999.0 -9999.0 -9999.0 -9999.0 -9999.0 -9999.0 -9999.0 -9999.0 -9999.0 -9999.0 -9999.0 -9999.0 -9999.0 -9999.0 -9999.0 -9999.0 -9999.0 -9999.0 -9999.0 -9999.0 -9999.0 -9999.0 -9999.0 -9999.0 -9999.0 -9999.0 -9999.0 -9999.0 -9999.0 -9999.0 -9999.0 -9999.0 -9999.0 -9999.0 -9999.0 -9999.0 -9999.0 -9999.0 -9999.0 -9999.0 -9999.0 -9999.0 -9999.0 -9999.0 -9999.0 -9999.0 -9999.0 -9999.0 -9999.0 -9999.0 -9999.0 -9999.0 -9999.0 -9999.0 -9999.0 -9999.0 -9999.0 -9999.0 -9999.0 -9999.0 -9999.0 -9999.0 -9999.0 -9999.0 -9999.0 -9999.0 -9999.0 -9999.0 -9999.0 -9999.0 -9999.0 -9999.0 -9999.0 -9999.0 -9999.0 -9999.0 -9999.0 -9999.0 -9999.0 -9999.0 -9999.0 -9999.0 -9999.0 -9999.0 -9999.0 -9999.0 -9999.0
-9999.0 -9999.0 -9999.0 -9999.0 -9999.0 -9999.0 -9999.0 -9999.0 -9999.0 -9999.0 -9999.0 -9999.0 -9999.0 -9999.0 -9999.0 -9999.0 -9999.0 -9999.0 -9999.0 -9999.0 -9999.0 -9999.0 -9999.0 -9999.0 -9999.0 -9999.0 -9999.0 -9999.0 -9999.0 -9999.0 -9999.0 -9999.0 -9999.0 -9999.0 -9999.0 -9999.0 -9999.0 -9999.0 -9999.0 -9999.0 -9999.0 -9999.0 -9999.0 -9999.0 -9999.0 -9999.0 -9999.0 -9999.0 -9999.0 -9999.0 -9999.0 -9999.0 -9999.0 -9999.0 -9999.0 -9999.0 -9999.0 -9999.0 -9999.0 -9999.0 -9999.0 -9999.0 -9999.0 -9999.0 -9999.0 -9999.0 -9999.0 -9999.0 -9999.0 -9999.0 -9999.0 -9999.0 -9999.0 -9999.0 -9999.0 -9999.0 -9999.0 -9999.0 -9999.0 -9999.0 -9999.0 -9999.0 -9999.0 -9999.0 -9999.0 -9999.0 -9999.0 -9999.0 -9999.0 -9999.0 -9999.0 -9999.0 -9999.0 -9999.0 -9999.0 -9999.0 -9999.0 -9999.0 -9999.0 -9999.0 -9999.0 -9999.0 -9999.0 -9999.0
-9999.0 -9999.0 181.464479 91.487800 -3.166846 -99.154614 -195.651404 -292.330455 -389.007382 -485.545695 -581.704296 -676.869669 -771.466162 -865.230984 -958.904791 -1053.129313 -1145.589841 -1237.390877 -1327.831377 -1409.822096 -1474.991507 -1522.252212 -1554.344143 -1575.326365 -1588.873685 -1597.683384 -1603.516714 -1607.450609 -1610.132944 -1611.965857 -1613.213533 -1614.057161 -1614.623481 -1615.001022 -1615.251126 -1615.417652 -1615.538571 -1615.668058 -1615.994464 -1617.628410 -1625.348962 -1632.185453 -1043.595995 -1049.828785 -1035.150277 -1025.925841 -1021.614941 -1021.003294 -1020.940557 -1020.949311 -1020.968726 -1020.989455 -1021.009359 -1021.027780 -1021.044790 -1021.063768 -1021.117568 -1021.478166 -1023.754852 -1028.892765 -1036.824890 -1020.363617 -1610.425721 -1620.752809 -1616.800809 -1615.971667 -1615.841668 -1615.821486 -1615.819082 -1615.819759 -1615.820813 -1615.821726 -1615.822435 -1615.822973 -1615.823384 -1615.823702 -1615.823954 -1615.824156 -1615.824325 -1615.824474 -1615.824620 -1615.824781 -1615.824984 -1615.825266 -1615.825682 -1615.826321 -1615.827327 -1615.828935 -1615.831544 -1615.835848 -1615.843099 -1615.855629 -1615.877918 -1615.918770 -1615.995731 -1616.144139 -1616.436589 -1617.029232 -1618.285203 -1621.132868 -1628.272825 -1649.967195 -9999.0 -9999.0
-9999.0 -9999.0 181.475284 91.490026 -3.166279 -99.154449 -195.651352 -292.330437 -389.007376 -485.545693 -581.704295 -676.869668 -771.466162 -865.230984 -958.904791 -1053.129313 -1145.589841 -1237.390878 -1327.831378 -1409.822096 -1474.991507 -1522.252212 -1554.344143 -1575.326365 -1588.873685 -1597.683384 -1603.516714 -1607.450609 -1610.132944 -1611.965857 -1613.213533 -1614.057161 -1614.623481 -1615.001022 -1615.251126 -1615.417652 -1615.538571 -1615.668058 -1615.994464 -1617.628410 -1625.348962 -1632.185453 -1043.595995 -1049.828785 -1035.150277 -1025.925841 -1021.614941 -1021.003294 -1020.940557 -1020.949311 -1020.968726 -1020.989455 -1021.009359 -1021.027780 -1021.044790 -1021.063768 -1021.117568 -1021.478166 -1023.754852 -1028.892765 -1036.824890 -1020.363617 -1610.425721 -1620.752809 -1616.800809 -1615.971667 -1615.841668 -1615.821486 -1615.819082 -1615.819759 -1615.820813 -1615.821726 -1615.822435 -1615.822973 -1615.823384 -1615.823702 -1615.823954 -1615.824156 -1615.824325 -1615.824474 -1615.824620 -1615.824781 -1615.824984 -1615.825266 -1615.825682 -1615.826321 -1615.827327 -1615.828935 -1615.831544 -1615.835848 -1615.843099 -1615.855629 -1615.877918 -1615.918770 -1615.995731 -1616.144139 -1616.436589 -1617.029232 -1618.285203 -1621.132868 -1628.272825 -1649.967195 -9999.0 -9999.0
-9999.0 -9999.0 181.476808 91.490928 -3.165921 -99.154319 -195.651306 -292.330421 -389.007370 -485.545690 -581.704295 -676.869668 -771.466161 -865.230984 -958.904791 -1053.129313 -1145.589842 -1237.390878 -1327.831378 -1409.822096 -1474.991507 -1522.252212 -1554.344143 -1575.326365 -1588.873685 -1597.683384 -1603.516714 -1607.450609 -1610.132944 -1611.965857 -1613.213533 -1614.057161 -1614.623481 -1615.001022 -1615.251126 -1615.417652 -1615.538571 -1615.668058 -1615.994464 -1617.628410 -1625.348962 -1632.185453 -1043.595995 -1049.828785 -1035.150277 -1025.925841 -1021.614941 -1021.003294 -1020.940557 -1020.949311 -1020.968726 -1020.989455 -1021.009359 -1021.027780 -1021.044790 -1021.063768 -1021.117568 -1021.478166 -1023.754852 -1028.892765 -1036.824890 -1020.363617 -1610.425721 -1620.752809 -1616.800809 -1615.971667 -1615.841668 -1615.821486 -1615.819082 -1615.819759 -1615.820813 -1615.821726 -1615.822435 -1615.822973 -1615.823384 -1615.823702 -1615.823954 -1615.824156 -1615.824325 -1615.824474 -1615.824620 -1615.824781 -1615.824984 -1615.825266 -1615.825682 -1615.826321 -1615.827327 -1615.828935 -1615.831544 -1615.835848 -1615.843099 -1615.855629 -1615.877918 -1615.918770 -1615.995731 -1616.144139 -1616.436589 -1617.029232 -1618.285203 -1621.132868 -1628.272825 -1649.967195 -9999.0 -9999.0
-9999.0 -9999.0 181.476807 91.490928 -3.165921 -99.154319 -195.651306 -292.330421 -389.007370 -485.545690 -581.704295 -676.869668 -771.466161 -865.230984 -958.904791 -1053.129313 -1145.589842 -1237.390878 -1327.831378 -1409.822096 -1474.991507 -1522.252212 -1554.344143 -1575.326365 -1588.873685 -1597.683384 -1603.516714 -1607.450609 -1610.132944 -1611.965857 -1613.213533 -1614.057161 -1614.623481 -1615.001022 -1615.251126 -1615.417652 -1615.538571 -1615.668058 -1615.994464 -1617.628410 -1625.348962 -1632.185453 -1043.595995 -1049.828785 -1035.150277 -1025.925841 -1021.614941 -1021.003294 -1020.940557 -1020.949311 -1020.968726 -1020.989455 -1021.009359 -1021.027780 -1021.044790 -1021.063768 -1021.117568 -1021.478166 -1023.754852 -1028.892765 -1036.824890 -1020.363617 -1610.425721 -1620.752809 -1616.800809 -1615.971667 -1615.841668 -1615.821486 -1615.819082 -1615.819759 -1615.820813 -1615.821726 -1615.822435 -1615.822973 -1615.823384 -1615.823702 -1615.823954 -1615.824156 -1615.824325 -1615.824474 -1615.824620 -1615.824781 -1615.824984 -1615.825266 -1615.825682 -1615.826321 -1615.827327 -1615.828935 -1615.831544 -1615.835848 -1615.843099 -1615.855629 -1615.877918 -1615.918770 -1615.995731 -1616.144139 -1616.436589 -1617.029232 -1618.285203 -1621.132868 -1628.272825 -1649.967195 -9999.0 -9999.0
-9999.0 -9999.0 181.475284 91.490026 -3.166279 -99.154449 -195.651352 -292.330438 -389.007376 -485.545693 -581.704295 -676.869668 -771.466162 -865.230984 -958.904791 -1053.129313 -1145.589841 -1237.390878 -1327.831378 -1409.822096 -1474.991507 -1522.252212 -1554.344143 -1575.326365 -1588.873685 -1597.683384 -1603.516714 -1607.450609 -1610.132944 -1611.965857 -1613.213533 -1614.057161 -1614.623481 -1615.001022 -1615.251126 -1615.417652 -1615.538571 -1615.668058 -1615.994464 -1617.628410 -1625.348962 -1632.185453 -1043.595995 -1049.828785 -1035.150277 -1025.925841 -1021.614941 -1021.003294 -1020.940557 -1020.949311 -1020.968726 -1020.989455 -1021.009359 -1021.027780 -1021.044790 -1021.063768 -1021.117568 -1021.478166 -1023.754852 -1028.892765 -1036.824890 -1020.363617 -1610.425721 -1620.752809 -1616.800809 -1615.971667 -1615.841668 -1615.821486 -1615.819082 -1615.819759 -1615.820813 -1615.821726 -1615.822435 -1615.822973 -1615.823384 -1615.823702 -1615.823954 -1615.824156 -1615.824325 -1615.824474 -1615.824620 -1615.824781 -1615.824984 -1615.825266 -1615.825682 -1615.826321 -1615.827327 -1615.828935 -1615.831544 -1615.835848 -1615.843099 -1615.855629 -1615.877918 -1615.918770 -1615.995731 -1616.144139 -1616.436589 -1617.029232 -1618.285203 -1621.132868 -1628.272825 -1649.967195 -9999.0 -9999.0
-9999.0 -9999.0 181.464479 91.487800 -3.166846 -99.154614 -195.651404 -292.330455 -389.007382 -485.545695 -581.704296 -676.869669 -771.466162 -865.230984 -958.904791 -1053.129313 -1145.589841 -1237.390877 -1327.831377 -1409.822096 -1474.991507 -1522.252212 -1554.344143 -1575.326365 -1588.873685 -1597.683384 -1603.516714 -1607.450609 -1610.132944 -1611.965857 -1613.213533 -1614.057161 -1614.623481 -1615.001022 -1615.251126 -1615.417652 -1615.538571 -1615.668058 -1615.994464 -1617.628410 -1625.348962 -1632.185453 -1043.595995 -1049.828785 -1035.150277 -1025.925841 -1021.614941 -1021.003294 -1020.940557 -1020.949311 -1020.968726 -1020.989455 -1021.009359 -1021.027780 -1021.044790 -1021.063768 -1021.117568 -1021.478166 -1023.754852 -1028.892765 -1036.824890 -1020.363617 -1610.425721 -1620.752809 -1616.800809 -1615.971667 -1615.841668 -1615.821486 -1615.819082 -1615.819759 -1615.820813 -1615.821726 -1615.822435 -1615.822973 -1615.823384 -1615.823702 -1615.823954 -1615.824156 -1615.824325 -1615.824474 -1615.824620 -1615.824781 -1615.824984 -1615.825266 -1615.825682 -1615.826321 -1615.827327 -1615.828935 -1615.831544 -1615.835848 -1615.843099 -1615.855629 -1615.877918 -1615.918770 -1615.995731 -1616.144139 -1616.436589 -1617.029232 -1618.285203 -1621.132868 -1628.272825 -1649.967195 -9999.0 -9999.0
-9999.0 -9999.0 -9999.0 -9999.0 -9999.0 -9999.0 -9999.0 -9999.0 -9999.0 -9999.0 -9999.0 -9999.0 -9999.0 -9999.0 -9999.0 -9999.0 -9999.0 -9999.0 -9999.0 -9999.0 -9999.0 -9999.0 -9999.0 -9999.0 -9999.0 -9999.0 -9999.0 -9999.0 -9999.0 -9999.0 -9999.0 -9999.0 -9999.0 -9999.0 -9999.0 -9999.0 -9999.0 -9999.0 -9999.0 -9999.0 -9999.0 -9999.0 -9999.0 -9999.0 -9999.0 -9999.0 -9999.0 -9999.0 -9999.0 -9999.0 -9999.0 -9999.0 -9999.0 -9999.0 -9999.0 -9999.0 -9999.0 -9999.0 -9999.0 -9999.0 -9999.0 -9999.0 -9999.0 -9999.0 -9999.0 -9999.0 -9999.0 -9999.0 -9999.0 -9999.0 -9999.0 -9999.0 -9999.0 -9999.0 -9999.0 -9999.0 -9999.0 -9999.0 -9999.0 -9999.0 -9999.0 -9999.0 -9999.0 -9999.0 -9999.0 -9999.0 -9999.0 -9999.0 -9999.0 -9999.0 -9999.0 -9999.0 -9999.0 -9999.0 -9999.0 -9999.0 -9999.0 -9999.0 -9999.0 -9999.0 -9999.0 -9999.0 -9999.0 -9999.0
-9999.0 -9999.0 -9999.0 -9999.0 -9999.0 -9999.0 -9999.0 -9999.0 -9999.0 -9999.0 -9999.0 -9999.0 -9999.0 -9999.0 -9999.0 -9999.0 -9999.0 -9999.0 -9999.0 -9999.0 -9999.0 -9999.0 -9999.0 -9999.0 -9999.0 -9999.0 -9999.0 -9999.0 -9999.0 -9999.0 -9999.0 -9999.0 -9999.0 -9999.0 -9999.0 -9999.0 -9999.0 -9999.0 -9999.0 -9999.0 -9999.0 -9999.0 -9999.0 -9999.0 -9999.0 -9999.0 -9999.0 -9999.0 -9999.0 -9999.0 -9999.0 -9999.0 -9999.0 -9999.0 -9999.0 -9999.0 -9999.0 -9999.0 -9999.0 -9999.0 -9999.0 -9999.0 -9999.0 -9999.0 -9999.0 -9999.0 -9999.0 -9999.0 -9999.0 -9999.0 -9999.0 -9999.0 -9999.0 -9999.0 -9999.0 -9999.0 -9999.0 -9999.0 -9999.0 -9999.0 -9999.0 -9999.0 -9999.0 -9999.0 -9999.0 -9999.0 -9999.0 -9999.0 -9999.0 -9999.0 -9999.0 -9999.0 -9999.0 -9999.0 -9999.0 -9999.0 -9999.0 -9999.0 -9999.0 -9999.0 -9999.0 -9999.0 -9999.0 -9999.0