inst/processing_geotop_simulation/geotop_simulation/out/maps3D/PwL0010N0219.asc
ncols         104
nrows         10
xllcorner     -2.000000
yllcorner     0.000000
cellsize      1.000000
NODATA_value  -9999.0
-9999.0 -9999.0 -9999.0 -9999.0 -9999.0 -9999.0 -9999.0 -9999.0 -9999.0 -9999.0 -9999.0 -9999.0 -9999.0 -9999.0 -9999.0 -9999.0 -9999.0 -9999.0 -9999.0 -9999.0 -9999.0 -9999.0 -9999.0 -9999.0 -9999.0 -9999.0 -9999.0 -9999.0 -9999.0 -9999.0 -9999.0 -9999.0 -9999.0 -9999.0 -9999.0 -9999.0 -9999.0 -9999.0 -9999.0 -9999.0 -9999.0 -9999.0 -9999.0 -9999.0 -9999.0 -9999.0 -9999.0 -9999.0 -9999.0 -9999.0 -9999.0 -9999.0 -9999.0 -9999.0 -9999.0 -9999.0 -9999.0 -9999.0 -9999.0 -9999.0 -9999.0 -9999.0 -9999.0 -9999.0 -9999.0 -9999.0 -9999.0 -9999.0 -9999.0 -9999.0 -9999.0 -9999.0 -9999.0 -9999.0 -9999.0 -9999.0 -9999.0 -9999.0 -9999.0 -9999.0 -9999.0 -9999.0 -9999.0 -9999.0 -9999.0 -9999.0 -9999.0 -9999.0 -9999.0 -9999.0 -9999.0 -9999.0 -9999.0 -9999.0 -9999.0 -9999.0 -9999.0 -9999.0 -9999.0 -9999.0 -9999.0 -9999.0 -9999.0 -9999.0
-9999.0 -9999.0 -9999.0 -9999.0 -9999.0 -9999.0 -9999.0 -9999.0 -9999.0 -9999.0 -9999.0 -9999.0 -9999.0 -9999.0 -9999.0 -9999.0 -9999.0 -9999.0 -9999.0 -9999.0 -9999.0 -9999.0 -9999.0 -9999.0 -9999.0 -9999.0 -9999.0 -9999.0 -9999.0 -9999.0 -9999.0 -9999.0 -9999.0 -9999.0 -9999.0 -9999.0 -9999.0 -9999.0 -9999.0 -9999.0 -9999.0 -9999.0 -9999.0 -9999.0 -9999.0 -9999.0 -9999.0 -9999.0 -9999.0 -9999.0 -9999.0 -9999.0 -9999.0 -9999.0 -9999.0 -9999.0 -9999.0 -9999.0 -9999.0 -9999.0 -9999.0 -9999.0 -9999.0 -9999.0 -9999.0 -9999.0 -9999.0 -9999.0 -9999.0 -9999.0 -9999.0 -9999.0 -9999.0 -9999.0 -9999.0 -9999.0 -9999.0 -9999.0 -9999.0 -9999.0 -9999.0 -9999.0 -9999.0 -9999.0 -9999.0 -9999.0 -9999.0 -9999.0 -9999.0 -9999.0 -9999.0 -9999.0 -9999.0 -9999.0 -9999.0 -9999.0 -9999.0 -9999.0 -9999.0 -9999.0 -9999.0 -9999.0 -9999.0 -9999.0
-9999.0 -9999.0 477.722612 382.472109 285.719462 188.261326 90.503299 -7.377087 -105.290719 -203.197030 -301.041008 -398.734497 -496.088558 -592.711528 -688.137324 -784.113236 -879.675510 -974.870699 -1069.844956 -1159.864876 -1244.129683 -1318.914069 -1381.518569 -1431.172342 -1468.821650 -1496.389129 -1516.053361 -1529.802822 -1539.261998 -1545.679559 -1549.981324 -1552.835660 -1554.714219 -1555.943099 -1556.744008 -1557.267568 -1557.623422 -1557.928944 -1558.510364 -1560.864068 -1570.686683 -1598.171722 -1393.922698 -1689.951968 -1600.054485 -1547.412364 -1523.877328 -1520.830932 -1520.523562 -1520.556543 -1520.637938 -1520.725097 -1520.808767 -1520.886195 -1520.957795 -1521.038820 -1521.280129 -1522.987448 -1534.996531 -1562.728247 -1604.631815 -1297.971856 -1567.469056 -1564.345090 -1559.620257 -1558.549535 -1558.369834 -1558.342137 -1558.338455 -1558.338671 -1558.339429 -1558.340128 -1558.340680 -1558.341102 -1558.341426 -1558.341678 -1558.341878 -1558.342040 -1558.342176 -1558.342296 -1558.342415 -1558.342547 -1558.342713 -1558.342944 -1558.343284 -1558.343807 -1558.344630 -1558.345947 -1558.348091 -1558.351641 -1558.357656 -1558.368117 -1558.386857 -1558.421442 -1558.487065 -1558.614818 -1558.870659 -1559.403500 -1560.577943 -1563.366165 -1570.693713 -1593.580491 -9999.0 -9999.0
-9999.0 -9999.0 477.729153 382.473929 285.719969 188.261479 90.503348 -7.377071 -105.290713 -203.197028 -301.041008 -398.734497 -496.088557 -592.711528 -688.137324 -784.113236 -879.675510 -974.870699 -1069.844956 -1159.864876 -1244.129683 -1318.914069 -1381.518569 -1431.172342 -1468.821650 -1496.389130 -1516.053361 -1529.802822 -1539.261998 -1545.679559 -1549.981324 -1552.835660 -1554.714219 -1555.943099 -1556.744008 -1557.267568 -1557.623422 -1557.928944 -1558.510364 -1560.864068 -1570.686683 -1598.171722 -1393.922698 -1689.951967 -1600.054485 -1547.412363 -1523.877328 -1520.830932 -1520.523562 -1520.556543 -1520.637938 -1520.725097 -1520.808767 -1520.886195 -1520.957795 -1521.038820 -1521.280129 -1522.987448 -1534.996531 -1562.728247 -1604.631815 -1297.971856 -1567.469056 -1564.345090 -1559.620257 -1558.549535 -1558.369834 -1558.342137 -1558.338455 -1558.338671 -1558.339429 -1558.340128 -1558.340680 -1558.341102 -1558.341426 -1558.341678 -1558.341878 -1558.342040 -1558.342176 -1558.342296 -1558.342415 -1558.342547 -1558.342713 -1558.342944 -1558.343284 -1558.343807 -1558.344630 -1558.345947 -1558.348091 -1558.351641 -1558.357656 -1558.368117 -1558.386857 -1558.421442 -1558.487065 -1558.614818 -1558.870659 -1559.403500 -1560.577943 -1563.366165 -1570.693713 -1593.580491 -9999.0 -9999.0
-9999.0 -9999.0 477.730705 382.474745 285.720297 188.261600 90.503392 -7.377055 -105.290708 -203.197026 -301.041007 -398.734496 -496.088557 -592.711528 -688.137324 -784.113236 -879.675510 -974.870699 -1069.844956 -1159.864877 -1244.129683 -1318.914069 -1381.518569 -1431.172343 -1468.821650 -1496.389130 -1516.053361 -1529.802822 -1539.261998 -1545.679559 -1549.981324 -1552.835660 -1554.714219 -1555.943099 -1556.744008 -1557.267568 -1557.623422 -1557.928944 -1558.510364 -1560.864068 -1570.686683 -1598.171722 -1393.922698 -1689.951967 -1600.054484 -1547.412362 -1523.877328 -1520.830932 -1520.523562 -1520.556543 -1520.637938 -1520.725097 -1520.808767 -1520.886195 -1520.957795 -1521.038820 -1521.280129 -1522.987448 -1534.996531 -1562.728247 -1604.631815 -1297.971856 -1567.469056 -1564.345090 -1559.620257 -1558.549535 -1558.369834 -1558.342137 -1558.338455 -1558.338671 -1558.339429 -1558.340128 -1558.340680 -1558.341102 -1558.341426 -1558.341678 -1558.341878 -1558.342040 -1558.342176 -1558.342296 -1558.342415 -1558.342547 -1558.342713 -1558.342944 -1558.343284 -1558.343807 -1558.344630 -1558.345947 -1558.348091 -1558.351641 -1558.357656 -1558.368117 -1558.386857 -1558.421442 -1558.487065 -1558.614818 -1558.870659 -1559.403500 -1560.577943 -1563.366165 -1570.693713 -1593.580491 -9999.0 -9999.0
-9999.0 -9999.0 477.730705 382.474745 285.720297 188.261600 90.503392 -7.377055 -105.290708 -203.197026 -301.041007 -398.734496 -496.088557 -592.711528 -688.137324 -784.113236 -879.675510 -974.870699 -1069.844956 -1159.864877 -1244.129683 -1318.914069 -1381.518569 -1431.172343 -1468.821650 -1496.389130 -1516.053361 -1529.802822 -1539.261998 -1545.679559 -1549.981324 -1552.835660 -1554.714219 -1555.943099 -1556.744008 -1557.267568 -1557.623422 -1557.928944 -1558.510364 -1560.864068 -1570.686683 -1598.171722 -1393.922698 -1689.951967 -1600.054484 -1547.412362 -1523.877328 -1520.830932 -1520.523562 -1520.556543 -1520.637938 -1520.725097 -1520.808767 -1520.886195 -1520.957795 -1521.038820 -1521.280129 -1522.987448 -1534.996531 -1562.728247 -1604.631815 -1297.971856 -1567.469056 -1564.345090 -1559.620257 -1558.549535 -1558.369834 -1558.342137 -1558.338455 -1558.338671 -1558.339429 -1558.340128 -1558.340680 -1558.341102 -1558.341426 -1558.341678 -1558.341878 -1558.342040 -1558.342176 -1558.342296 -1558.342415 -1558.342547 -1558.342713 -1558.342944 -1558.343284 -1558.343807 -1558.344630 -1558.345947 -1558.348091 -1558.351641 -1558.357656 -1558.368117 -1558.386857 -1558.421442 -1558.487065 -1558.614818 -1558.870659 -1559.403500 -1560.577943 -1563.366165 -1570.693713 -1593.580491 -9999.0 -9999.0
-9999.0 -9999.0 477.729153 382.473929 285.719969 188.261479 90.503348 -7.377071 -105.290713 -203.197028 -301.041008 -398.734497 -496.088557 -592.711528 -688.137324 -784.113236 -879.675510 -974.870699 -1069.844956 -1159.864876 -1244.129683 -1318.914069 -1381.518569 -1431.172342 -1468.821650 -1496.389130 -1516.053361 -1529.802822 -1539.261998 -1545.679559 -1549.981324 -1552.835660 -1554.714219 -1555.943099 -1556.744008 -1557.267568 -1557.623422 -1557.928944 -1558.510364 -1560.864068 -1570.686683 -1598.171722 -1393.922698 -1689.951967 -1600.054485 -1547.412363 -1523.877328 -1520.830932 -1520.523562 -1520.556543 -1520.637938 -1520.725097 -1520.808767 -1520.886195 -1520.957795 -1521.038820 -1521.280129 -1522.987448 -1534.996531 -1562.728247 -1604.631815 -1297.971856 -1567.469056 -1564.345090 -1559.620257 -1558.549535 -1558.369834 -1558.342137 -1558.338455 -1558.338671 -1558.339429 -1558.340128 -1558.340680 -1558.341102 -1558.341426 -1558.341678 -1558.341878 -1558.342040 -1558.342176 -1558.342296 -1558.342415 -1558.342547 -1558.342713 -1558.342944 -1558.343284 -1558.343807 -1558.344630 -1558.345947 -1558.348091 -1558.351641 -1558.357656 -1558.368117 -1558.386857 -1558.421442 -1558.487065 -1558.614818 -1558.870659 -1559.403500 -1560.577943 -1563.366165 -1570.693713 -1593.580491 -9999.0 -9999.0
-9999.0 -9999.0 477.722612 382.472109 285.719462 188.261326 90.503299 -7.377087 -105.290719 -203.197030 -301.041008 -398.734497 -496.088558 -592.711528 -688.137324 -784.113236 -879.675510 -974.870699 -1069.844956 -1159.864876 -1244.129683 -1318.914069 -1381.518569 -1431.172342 -1468.821650 -1496.389129 -1516.053361 -1529.802822 -1539.261998 -1545.679559 -1549.981324 -1552.835660 -1554.714219 -1555.943099 -1556.744008 -1557.267568 -1557.623422 -1557.928944 -1558.510364 -1560.864068 -1570.686683 -1598.171722 -1393.922698 -1689.951968 -1600.054485 -1547.412364 -1523.877328 -1520.830932 -1520.523562 -1520.556543 -1520.637938 -1520.725097 -1520.808767 -1520.886195 -1520.957795 -1521.038820 -1521.280129 -1522.987448 -1534.996531 -1562.728247 -1604.631815 -1297.971856 -1567.469056 -1564.345090 -1559.620257 -1558.549535 -1558.369834 -1558.342137 -1558.338455 -1558.338671 -1558.339429 -1558.340128 -1558.340680 -1558.341102 -1558.341426 -1558.341678 -1558.341878 -1558.342040 -1558.342176 -1558.342296 -1558.342415 -1558.342547 -1558.342713 -1558.342944 -1558.343284 -1558.343807 -1558.344630 -1558.345947 -1558.348091 -1558.351641 -1558.357656 -1558.368117 -1558.386857 -1558.421442 -1558.487065 -1558.614818 -1558.870659 -1559.403500 -1560.577943 -1563.366165 -1570.693713 -1593.580491 -9999.0 -9999.0
-9999.0 -9999.0 -9999.0 -9999.0 -9999.0 -9999.0 -9999.0 -9999.0 -9999.0 -9999.0 -9999.0 -9999.0 -9999.0 -9999.0 -9999.0 -9999.0 -9999.0 -9999.0 -9999.0 -9999.0 -9999.0 -9999.0 -9999.0 -9999.0 -9999.0 -9999.0 -9999.0 -9999.0 -9999.0 -9999.0 -9999.0 -9999.0 -9999.0 -9999.0 -9999.0 -9999.0 -9999.0 -9999.0 -9999.0 -9999.0 -9999.0 -9999.0 -9999.0 -9999.0 -9999.0 -9999.0 -9999.0 -9999.0 -9999.0 -9999.0 -9999.0 -9999.0 -9999.0 -9999.0 -9999.0 -9999.0 -9999.0 -9999.0 -9999.0 -9999.0 -9999.0 -9999.0 -9999.0 -9999.0 -9999.0 -9999.0 -9999.0 -9999.0 -9999.0 -9999.0 -9999.0 -9999.0 -9999.0 -9999.0 -9999.0 -9999.0 -9999.0 -9999.0 -9999.0 -9999.0 -9999.0 -9999.0 -9999.0 -9999.0 -9999.0 -9999.0 -9999.0 -9999.0 -9999.0 -9999.0 -9999.0 -9999.0 -9999.0 -9999.0 -9999.0 -9999.0 -9999.0 -9999.0 -9999.0 -9999.0 -9999.0 -9999.0 -9999.0 -9999.0
-9999.0 -9999.0 -9999.0 -9999.0 -9999.0 -9999.0 -9999.0 -9999.0 -9999.0 -9999.0 -9999.0 -9999.0 -9999.0 -9999.0 -9999.0 -9999.0 -9999.0 -9999.0 -9999.0 -9999.0 -9999.0 -9999.0 -9999.0 -9999.0 -9999.0 -9999.0 -9999.0 -9999.0 -9999.0 -9999.0 -9999.0 -9999.0 -9999.0 -9999.0 -9999.0 -9999.0 -9999.0 -9999.0 -9999.0 -9999.0 -9999.0 -9999.0 -9999.0 -9999.0 -9999.0 -9999.0 -9999.0 -9999.0 -9999.0 -9999.0 -9999.0 -9999.0 -9999.0 -9999.0 -9999.0 -9999.0 -9999.0 -9999.0 -9999.0 -9999.0 -9999.0 -9999.0 -9999.0 -9999.0 -9999.0 -9999.0 -9999.0 -9999.0 -9999.0 -9999.0 -9999.0 -9999.0 -9999.0 -9999.0 -9999.0 -9999.0 -9999.0 -9999.0 -9999.0 -9999.0 -9999.0 -9999.0 -9999.0 -9999.0 -9999.0 -9999.0 -9999.0 -9999.0 -9999.0 -9999.0 -9999.0 -9999.0 -9999.0 -9999.0 -9999.0 -9999.0 -9999.0 -9999.0 -9999.0 -9999.0 -9999.0 -9999.0 -9999.0 -9999.0