inst/processing_geotop_simulation/geotop_simulation/out/maps3D/PwL0010N0055.asc
ncols         104
nrows         10
xllcorner     -2.000000
yllcorner     0.000000
cellsize      1.000000
NODATA_value  -9999.0
-9999.0 -9999.0 -9999.0 -9999.0 -9999.0 -9999.0 -9999.0 -9999.0 -9999.0 -9999.0 -9999.0 -9999.0 -9999.0 -9999.0 -9999.0 -9999.0 -9999.0 -9999.0 -9999.0 -9999.0 -9999.0 -9999.0 -9999.0 -9999.0 -9999.0 -9999.0 -9999.0 -9999.0 -9999.0 -9999.0 -9999.0 -9999.0 -9999.0 -9999.0 -9999.0 -9999.0 -9999.0 -9999.0 -9999.0 -9999.0 -9999.0 -9999.0 -9999.0 -9999.0 -9999.0 -9999.0 -9999.0 -9999.0 -9999.0 -9999.0 -9999.0 -9999.0 -9999.0 -9999.0 -9999.0 -9999.0 -9999.0 -9999.0 -9999.0 -9999.0 -9999.0 -9999.0 -9999.0 -9999.0 -9999.0 -9999.0 -9999.0 -9999.0 -9999.0 -9999.0 -9999.0 -9999.0 -9999.0 -9999.0 -9999.0 -9999.0 -9999.0 -9999.0 -9999.0 -9999.0 -9999.0 -9999.0 -9999.0 -9999.0 -9999.0 -9999.0 -9999.0 -9999.0 -9999.0 -9999.0 -9999.0 -9999.0 -9999.0 -9999.0 -9999.0 -9999.0 -9999.0 -9999.0 -9999.0 -9999.0 -9999.0 -9999.0 -9999.0 -9999.0
-9999.0 -9999.0 -9999.0 -9999.0 -9999.0 -9999.0 -9999.0 -9999.0 -9999.0 -9999.0 -9999.0 -9999.0 -9999.0 -9999.0 -9999.0 -9999.0 -9999.0 -9999.0 -9999.0 -9999.0 -9999.0 -9999.0 -9999.0 -9999.0 -9999.0 -9999.0 -9999.0 -9999.0 -9999.0 -9999.0 -9999.0 -9999.0 -9999.0 -9999.0 -9999.0 -9999.0 -9999.0 -9999.0 -9999.0 -9999.0 -9999.0 -9999.0 -9999.0 -9999.0 -9999.0 -9999.0 -9999.0 -9999.0 -9999.0 -9999.0 -9999.0 -9999.0 -9999.0 -9999.0 -9999.0 -9999.0 -9999.0 -9999.0 -9999.0 -9999.0 -9999.0 -9999.0 -9999.0 -9999.0 -9999.0 -9999.0 -9999.0 -9999.0 -9999.0 -9999.0 -9999.0 -9999.0 -9999.0 -9999.0 -9999.0 -9999.0 -9999.0 -9999.0 -9999.0 -9999.0 -9999.0 -9999.0 -9999.0 -9999.0 -9999.0 -9999.0 -9999.0 -9999.0 -9999.0 -9999.0 -9999.0 -9999.0 -9999.0 -9999.0 -9999.0 -9999.0 -9999.0 -9999.0 -9999.0 -9999.0 -9999.0 -9999.0 -9999.0 -9999.0
-9999.0 -9999.0 -532.697170 -672.832450 -794.641011 -869.201397 -902.442114 -916.948073 -923.124581 -922.131914 -900.201965 -869.535359 -841.036771 -812.986237 -790.160322 -824.857527 -858.074050 -891.154539 -926.620573 -903.034555 -885.111162 -875.198009 -872.237216 -874.397337 -879.915388 -887.285053 -895.257524 -902.877328 -909.534989 -914.960136 -919.139301 -922.212936 -924.388205 -925.877594 -926.865910 -927.500214 -927.906538 -928.244441 -928.617847 -928.753188 -932.187531 -990.791660 -2261.993934 -4476.620543 -4476.131810 -4469.420833 -4463.040600 -4462.082176 -4461.982552 -4461.984939 -4462.000170 -4462.016791 -4462.032735 -4462.047478 -4462.061245 -4462.078333 -4462.141661 -4462.634318 -4466.221600 -4471.801121 -4472.601250 -2160.022503 -973.851813 -932.372455 -929.433968 -928.906399 -928.788587 -928.768229 -928.768915 -928.773221 -928.777367 -928.780665 -928.783160 -928.785036 -928.786465 -928.787572 -928.788447 -928.789150 -928.789730 -928.790233 -928.790714 -928.791232 -928.791870 -928.792741 -928.794016 -928.795961 -928.799002 -928.803832 -928.811601 -928.824275 -928.845315 -928.881029 -928.943336 -929.055414 -929.263204 -929.658297 -930.422622 -931.916681 -934.872603 -940.906829 -954.018754 -984.443958 -9999.0 -9999.0
-9999.0 -9999.0 -532.697164 -672.832433 -794.640985 -869.201380 -902.442109 -916.948073 -923.124582 -922.131915 -900.201966 -869.535359 -841.036771 -812.986237 -790.160322 -824.857527 -858.074050 -891.154539 -926.620573 -903.034555 -885.111162 -875.198009 -872.237216 -874.397337 -879.915388 -887.285053 -895.257524 -902.877328 -909.534989 -914.960136 -919.139301 -922.212936 -924.388205 -925.877594 -926.865910 -927.500214 -927.906538 -928.244441 -928.617847 -928.753188 -932.187531 -990.791660 -2261.993934 -4476.620543 -4476.131810 -4469.420833 -4463.040600 -4462.082176 -4461.982552 -4461.984939 -4462.000170 -4462.016791 -4462.032735 -4462.047478 -4462.061245 -4462.078333 -4462.141661 -4462.634318 -4466.221600 -4471.801121 -4472.601250 -2160.022503 -973.851813 -932.372455 -929.433968 -928.906399 -928.788587 -928.768229 -928.768915 -928.773221 -928.777367 -928.780665 -928.783160 -928.785036 -928.786465 -928.787572 -928.788447 -928.789150 -928.789730 -928.790233 -928.790714 -928.791232 -928.791870 -928.792741 -928.794016 -928.795961 -928.799002 -928.803832 -928.811601 -928.824275 -928.845315 -928.881029 -928.943336 -929.055414 -929.263204 -929.658297 -930.422622 -931.916681 -934.872603 -940.906829 -954.018754 -984.443958 -9999.0 -9999.0
-9999.0 -9999.0 -532.697161 -672.832423 -794.640968 -869.201367 -902.442104 -916.948073 -923.124583 -922.131916 -900.201966 -869.535359 -841.036771 -812.986237 -790.160322 -824.857527 -858.074050 -891.154539 -926.620573 -903.034555 -885.111162 -875.198009 -872.237216 -874.397337 -879.915388 -887.285053 -895.257524 -902.877328 -909.534989 -914.960136 -919.139301 -922.212936 -924.388205 -925.877594 -926.865910 -927.500214 -927.906538 -928.244441 -928.617847 -928.753188 -932.187531 -990.791660 -2261.993934 -4476.620543 -4476.131810 -4469.420833 -4463.040600 -4462.082176 -4461.982552 -4461.984939 -4462.000170 -4462.016791 -4462.032735 -4462.047478 -4462.061245 -4462.078333 -4462.141661 -4462.634318 -4466.221600 -4471.801121 -4472.601250 -2160.022503 -973.851813 -932.372455 -929.433968 -928.906399 -928.788587 -928.768229 -928.768915 -928.773221 -928.777367 -928.780665 -928.783160 -928.785036 -928.786465 -928.787572 -928.788447 -928.789150 -928.789730 -928.790233 -928.790714 -928.791232 -928.791870 -928.792741 -928.794016 -928.795961 -928.799002 -928.803832 -928.811601 -928.824275 -928.845315 -928.881029 -928.943336 -929.055414 -929.263204 -929.658297 -930.422622 -931.916681 -934.872603 -940.906829 -954.018754 -984.443958 -9999.0 -9999.0
-9999.0 -9999.0 -532.697161 -672.832423 -794.640968 -869.201367 -902.442104 -916.948073 -923.124583 -922.131916 -900.201966 -869.535359 -841.036771 -812.986237 -790.160322 -824.857527 -858.074050 -891.154539 -926.620573 -903.034555 -885.111162 -875.198009 -872.237216 -874.397337 -879.915388 -887.285053 -895.257524 -902.877328 -909.534989 -914.960136 -919.139301 -922.212936 -924.388205 -925.877594 -926.865910 -927.500214 -927.906538 -928.244441 -928.617847 -928.753188 -932.187531 -990.791660 -2261.993934 -4476.620543 -4476.131810 -4469.420833 -4463.040600 -4462.082176 -4461.982552 -4461.984939 -4462.000170 -4462.016791 -4462.032735 -4462.047478 -4462.061245 -4462.078333 -4462.141661 -4462.634318 -4466.221600 -4471.801121 -4472.601250 -2160.022503 -973.851813 -932.372455 -929.433968 -928.906399 -928.788587 -928.768229 -928.768915 -928.773221 -928.777367 -928.780665 -928.783160 -928.785036 -928.786465 -928.787572 -928.788447 -928.789150 -928.789730 -928.790233 -928.790714 -928.791232 -928.791870 -928.792741 -928.794016 -928.795961 -928.799002 -928.803832 -928.811601 -928.824275 -928.845315 -928.881029 -928.943336 -929.055414 -929.263204 -929.658297 -930.422622 -931.916681 -934.872603 -940.906829 -954.018754 -984.443958 -9999.0 -9999.0
-9999.0 -9999.0 -532.697163 -672.832433 -794.640985 -869.201380 -902.442109 -916.948073 -923.124582 -922.131915 -900.201966 -869.535359 -841.036771 -812.986237 -790.160322 -824.857527 -858.074050 -891.154539 -926.620573 -903.034555 -885.111162 -875.198009 -872.237216 -874.397337 -879.915388 -887.285053 -895.257524 -902.877328 -909.534989 -914.960136 -919.139301 -922.212936 -924.388205 -925.877594 -926.865910 -927.500214 -927.906538 -928.244441 -928.617847 -928.753188 -932.187531 -990.791660 -2261.993934 -4476.620543 -4476.131810 -4469.420833 -4463.040600 -4462.082176 -4461.982552 -4461.984939 -4462.000170 -4462.016791 -4462.032735 -4462.047478 -4462.061245 -4462.078333 -4462.141661 -4462.634318 -4466.221600 -4471.801121 -4472.601250 -2160.022503 -973.851813 -932.372455 -929.433968 -928.906399 -928.788587 -928.768229 -928.768915 -928.773221 -928.777367 -928.780665 -928.783160 -928.785036 -928.786465 -928.787572 -928.788447 -928.789150 -928.789730 -928.790233 -928.790714 -928.791232 -928.791870 -928.792741 -928.794016 -928.795961 -928.799002 -928.803832 -928.811601 -928.824275 -928.845315 -928.881029 -928.943336 -929.055414 -929.263204 -929.658297 -930.422622 -931.916681 -934.872603 -940.906829 -954.018754 -984.443958 -9999.0 -9999.0
-9999.0 -9999.0 -532.697171 -672.832450 -794.641011 -869.201397 -902.442114 -916.948073 -923.124581 -922.131914 -900.201965 -869.535359 -841.036771 -812.986237 -790.160322 -824.857527 -858.074050 -891.154539 -926.620573 -903.034555 -885.111162 -875.198009 -872.237216 -874.397337 -879.915388 -887.285053 -895.257524 -902.877328 -909.534989 -914.960136 -919.139301 -922.212936 -924.388205 -925.877594 -926.865910 -927.500214 -927.906538 -928.244441 -928.617847 -928.753188 -932.187531 -990.791660 -2261.993934 -4476.620543 -4476.131810 -4469.420833 -4463.040600 -4462.082176 -4461.982552 -4461.984939 -4462.000170 -4462.016791 -4462.032735 -4462.047478 -4462.061245 -4462.078333 -4462.141661 -4462.634318 -4466.221600 -4471.801121 -4472.601250 -2160.022503 -973.851813 -932.372455 -929.433968 -928.906399 -928.788587 -928.768229 -928.768915 -928.773221 -928.777367 -928.780665 -928.783160 -928.785036 -928.786465 -928.787572 -928.788447 -928.789150 -928.789730 -928.790233 -928.790714 -928.791232 -928.791870 -928.792741 -928.794016 -928.795961 -928.799002 -928.803832 -928.811601 -928.824275 -928.845315 -928.881029 -928.943336 -929.055414 -929.263204 -929.658297 -930.422622 -931.916681 -934.872603 -940.906829 -954.018754 -984.443958 -9999.0 -9999.0
-9999.0 -9999.0 -9999.0 -9999.0 -9999.0 -9999.0 -9999.0 -9999.0 -9999.0 -9999.0 -9999.0 -9999.0 -9999.0 -9999.0 -9999.0 -9999.0 -9999.0 -9999.0 -9999.0 -9999.0 -9999.0 -9999.0 -9999.0 -9999.0 -9999.0 -9999.0 -9999.0 -9999.0 -9999.0 -9999.0 -9999.0 -9999.0 -9999.0 -9999.0 -9999.0 -9999.0 -9999.0 -9999.0 -9999.0 -9999.0 -9999.0 -9999.0 -9999.0 -9999.0 -9999.0 -9999.0 -9999.0 -9999.0 -9999.0 -9999.0 -9999.0 -9999.0 -9999.0 -9999.0 -9999.0 -9999.0 -9999.0 -9999.0 -9999.0 -9999.0 -9999.0 -9999.0 -9999.0 -9999.0 -9999.0 -9999.0 -9999.0 -9999.0 -9999.0 -9999.0 -9999.0 -9999.0 -9999.0 -9999.0 -9999.0 -9999.0 -9999.0 -9999.0 -9999.0 -9999.0 -9999.0 -9999.0 -9999.0 -9999.0 -9999.0 -9999.0 -9999.0 -9999.0 -9999.0 -9999.0 -9999.0 -9999.0 -9999.0 -9999.0 -9999.0 -9999.0 -9999.0 -9999.0 -9999.0 -9999.0 -9999.0 -9999.0 -9999.0 -9999.0
-9999.0 -9999.0 -9999.0 -9999.0 -9999.0 -9999.0 -9999.0 -9999.0 -9999.0 -9999.0 -9999.0 -9999.0 -9999.0 -9999.0 -9999.0 -9999.0 -9999.0 -9999.0 -9999.0 -9999.0 -9999.0 -9999.0 -9999.0 -9999.0 -9999.0 -9999.0 -9999.0 -9999.0 -9999.0 -9999.0 -9999.0 -9999.0 -9999.0 -9999.0 -9999.0 -9999.0 -9999.0 -9999.0 -9999.0 -9999.0 -9999.0 -9999.0 -9999.0 -9999.0 -9999.0 -9999.0 -9999.0 -9999.0 -9999.0 -9999.0 -9999.0 -9999.0 -9999.0 -9999.0 -9999.0 -9999.0 -9999.0 -9999.0 -9999.0 -9999.0 -9999.0 -9999.0 -9999.0 -9999.0 -9999.0 -9999.0 -9999.0 -9999.0 -9999.0 -9999.0 -9999.0 -9999.0 -9999.0 -9999.0 -9999.0 -9999.0 -9999.0 -9999.0 -9999.0 -9999.0 -9999.0 -9999.0 -9999.0 -9999.0 -9999.0 -9999.0 -9999.0 -9999.0 -9999.0 -9999.0 -9999.0 -9999.0 -9999.0 -9999.0 -9999.0 -9999.0 -9999.0 -9999.0 -9999.0 -9999.0 -9999.0 -9999.0 -9999.0 -9999.0