inst/processing_geotop_simulation/geotop_simulation/out/maps3D/PwL0021N0244.asc
ncols         104
nrows         10
xllcorner     -2.000000
yllcorner     0.000000
cellsize      1.000000
NODATA_value  -9999.0
-9999.0 -9999.0 -9999.0 -9999.0 -9999.0 -9999.0 -9999.0 -9999.0 -9999.0 -9999.0 -9999.0 -9999.0 -9999.0 -9999.0 -9999.0 -9999.0 -9999.0 -9999.0 -9999.0 -9999.0 -9999.0 -9999.0 -9999.0 -9999.0 -9999.0 -9999.0 -9999.0 -9999.0 -9999.0 -9999.0 -9999.0 -9999.0 -9999.0 -9999.0 -9999.0 -9999.0 -9999.0 -9999.0 -9999.0 -9999.0 -9999.0 -9999.0 -9999.0 -9999.0 -9999.0 -9999.0 -9999.0 -9999.0 -9999.0 -9999.0 -9999.0 -9999.0 -9999.0 -9999.0 -9999.0 -9999.0 -9999.0 -9999.0 -9999.0 -9999.0 -9999.0 -9999.0 -9999.0 -9999.0 -9999.0 -9999.0 -9999.0 -9999.0 -9999.0 -9999.0 -9999.0 -9999.0 -9999.0 -9999.0 -9999.0 -9999.0 -9999.0 -9999.0 -9999.0 -9999.0 -9999.0 -9999.0 -9999.0 -9999.0 -9999.0 -9999.0 -9999.0 -9999.0 -9999.0 -9999.0 -9999.0 -9999.0 -9999.0 -9999.0 -9999.0 -9999.0 -9999.0 -9999.0 -9999.0 -9999.0 -9999.0 -9999.0 -9999.0 -9999.0
-9999.0 -9999.0 -9999.0 -9999.0 -9999.0 -9999.0 -9999.0 -9999.0 -9999.0 -9999.0 -9999.0 -9999.0 -9999.0 -9999.0 -9999.0 -9999.0 -9999.0 -9999.0 -9999.0 -9999.0 -9999.0 -9999.0 -9999.0 -9999.0 -9999.0 -9999.0 -9999.0 -9999.0 -9999.0 -9999.0 -9999.0 -9999.0 -9999.0 -9999.0 -9999.0 -9999.0 -9999.0 -9999.0 -9999.0 -9999.0 -9999.0 -9999.0 -9999.0 -9999.0 -9999.0 -9999.0 -9999.0 -9999.0 -9999.0 -9999.0 -9999.0 -9999.0 -9999.0 -9999.0 -9999.0 -9999.0 -9999.0 -9999.0 -9999.0 -9999.0 -9999.0 -9999.0 -9999.0 -9999.0 -9999.0 -9999.0 -9999.0 -9999.0 -9999.0 -9999.0 -9999.0 -9999.0 -9999.0 -9999.0 -9999.0 -9999.0 -9999.0 -9999.0 -9999.0 -9999.0 -9999.0 -9999.0 -9999.0 -9999.0 -9999.0 -9999.0 -9999.0 -9999.0 -9999.0 -9999.0 -9999.0 -9999.0 -9999.0 -9999.0 -9999.0 -9999.0 -9999.0 -9999.0 -9999.0 -9999.0 -9999.0 -9999.0 -9999.0 -9999.0
-9999.0 -9999.0 1023.206947 925.505598 827.699271 729.625217 631.396478 533.097390 434.776212 336.459747 238.163082 139.894884 41.660564 -56.528878 -154.668638 -252.723723 -350.613001 -448.178914 -545.145440 -641.038157 -736.227203 -831.314796 -925.309350 -1017.945839 -1102.868860 -1173.763431 -1233.573540 -1281.974911 -1319.640006 -1347.948089 -1368.606042 -1383.324459 -1393.615604 -1400.708968 -1405.547602 -1408.827924 -1411.061441 -1412.678272 -1414.346381 -1418.219754 -1432.453010 -1491.702092 -1706.286649 -3236.636991 -3932.894380 -3932.438422 -3856.421933 -3512.814531 -3116.633873 -2820.895073 -2609.858586 -2438.443661 -2336.533238 -2271.262492 -2210.835344 -2147.718273 -2079.831500 -2008.424796 -1936.302599 -1865.219914 -1784.859201 -1435.575984 -1450.245248 -1424.480807 -1417.480341 -1416.008376 -1415.749718 -1415.708591 -1415.702764 -1415.702547 -1415.703151 -1415.703766 -1415.704269 -1415.704664 -1415.704975 -1415.705223 -1415.705426 -1415.705597 -1415.705745 -1415.705880 -1415.706014 -1415.706161 -1415.706338 -1415.706574 -1415.706908 -1415.707406 -1415.708174 -1415.709387 -1415.711350 -1415.714596 -1415.720107 -1415.729737 -1415.747098 -1415.779388 -1415.841311 -1415.963952 -1416.216798 -1416.766810 -1418.042986 -1421.207069 -1429.654359 -1455.092994 -9999.0 -9999.0
-9999.0 -9999.0 1023.209804 925.506732 827.699653 729.625343 631.396521 533.097405 434.776217 336.459749 238.163083 139.894885 41.660564 -56.528878 -154.668638 -252.723723 -350.613001 -448.178915 -545.145440 -641.038157 -736.227203 -831.314796 -925.309350 -1017.945839 -1102.868861 -1173.763431 -1233.573541 -1281.974911 -1319.640006 -1347.948089 -1368.606042 -1383.324459 -1393.615604 -1400.708969 -1405.547602 -1408.827924 -1411.061441 -1412.678272 -1414.346381 -1418.219754 -1432.453010 -1491.702092 -1706.286649 -3236.636989 -3932.894380 -3932.438422 -3856.421933 -3512.814530 -3116.633872 -2820.895072 -2609.858584 -2438.443660 -2336.533238 -2271.262492 -2210.835343 -2147.718273 -2079.831499 -2008.424796 -1936.302599 -1865.219914 -1784.859201 -1435.575984 -1450.245248 -1424.480807 -1417.480341 -1416.008376 -1415.749718 -1415.708591 -1415.702764 -1415.702547 -1415.703151 -1415.703766 -1415.704269 -1415.704664 -1415.704975 -1415.705223 -1415.705426 -1415.705597 -1415.705745 -1415.705880 -1415.706014 -1415.706161 -1415.706338 -1415.706574 -1415.706908 -1415.707406 -1415.708174 -1415.709387 -1415.711350 -1415.714596 -1415.720107 -1415.729737 -1415.747098 -1415.779388 -1415.841311 -1415.963952 -1416.216798 -1416.766810 -1418.042986 -1421.207069 -1429.654359 -1455.092994 -9999.0 -9999.0
-9999.0 -9999.0 1023.210959 925.507358 827.699920 729.625446 631.396559 533.097419 434.776222 336.459751 238.163084 139.894885 41.660564 -56.528878 -154.668639 -252.723723 -350.613002 -448.178915 -545.145440 -641.038157 -736.227203 -831.314796 -925.309350 -1017.945840 -1102.868861 -1173.763432 -1233.573541 -1281.974911 -1319.640006 -1347.948089 -1368.606042 -1383.324459 -1393.615604 -1400.708969 -1405.547602 -1408.827924 -1411.061441 -1412.678272 -1414.346381 -1418.219754 -1432.453010 -1491.702092 -1706.286649 -3236.636989 -3932.894380 -3932.438422 -3856.421933 -3512.814529 -3116.633872 -2820.895070 -2609.858582 -2438.443659 -2336.533238 -2271.262492 -2210.835344 -2147.718273 -2079.831499 -2008.424796 -1936.302599 -1865.219913 -1784.859201 -1435.575984 -1450.245248 -1424.480807 -1417.480341 -1416.008376 -1415.749718 -1415.708591 -1415.702764 -1415.702547 -1415.703151 -1415.703766 -1415.704269 -1415.704664 -1415.704975 -1415.705223 -1415.705426 -1415.705597 -1415.705745 -1415.705880 -1415.706014 -1415.706161 -1415.706338 -1415.706574 -1415.706908 -1415.707406 -1415.708174 -1415.709387 -1415.711350 -1415.714596 -1415.720107 -1415.729737 -1415.747098 -1415.779388 -1415.841311 -1415.963952 -1416.216798 -1416.766810 -1418.042986 -1421.207069 -1429.654359 -1455.092994 -9999.0 -9999.0
-9999.0 -9999.0 1023.210959 925.507358 827.699920 729.625446 631.396559 533.097419 434.776222 336.459751 238.163084 139.894885 41.660564 -56.528878 -154.668639 -252.723723 -350.613002 -448.178915 -545.145441 -641.038157 -736.227203 -831.314796 -925.309350 -1017.945839 -1102.868861 -1173.763432 -1233.573541 -1281.974911 -1319.640006 -1347.948089 -1368.606042 -1383.324459 -1393.615604 -1400.708969 -1405.547602 -1408.827924 -1411.061441 -1412.678272 -1414.346381 -1418.219754 -1432.453010 -1491.702092 -1706.286649 -3236.636989 -3932.894380 -3932.438422 -3856.421933 -3512.814529 -3116.633872 -2820.895070 -2609.858583 -2438.443659 -2336.533238 -2271.262492 -2210.835343 -2147.718273 -2079.831499 -2008.424796 -1936.302599 -1865.219914 -1784.859201 -1435.575984 -1450.245248 -1424.480807 -1417.480341 -1416.008376 -1415.749718 -1415.708591 -1415.702764 -1415.702547 -1415.703151 -1415.703766 -1415.704269 -1415.704664 -1415.704975 -1415.705223 -1415.705426 -1415.705597 -1415.705745 -1415.705880 -1415.706014 -1415.706161 -1415.706338 -1415.706574 -1415.706908 -1415.707406 -1415.708174 -1415.709387 -1415.711350 -1415.714596 -1415.720107 -1415.729737 -1415.747098 -1415.779388 -1415.841311 -1415.963952 -1416.216798 -1416.766810 -1418.042986 -1421.207069 -1429.654359 -1455.092994 -9999.0 -9999.0
-9999.0 -9999.0 1023.209804 925.506732 827.699653 729.625343 631.396521 533.097405 434.776217 336.459749 238.163083 139.894885 41.660564 -56.528878 -154.668638 -252.723723 -350.613001 -448.178915 -545.145440 -641.038157 -736.227203 -831.314796 -925.309350 -1017.945839 -1102.868861 -1173.763431 -1233.573541 -1281.974911 -1319.640006 -1347.948089 -1368.606042 -1383.324459 -1393.615604 -1400.708969 -1405.547602 -1408.827924 -1411.061441 -1412.678272 -1414.346381 -1418.219754 -1432.453010 -1491.702092 -1706.286649 -3236.636989 -3932.894380 -3932.438422 -3856.421933 -3512.814530 -3116.633872 -2820.895071 -2609.858584 -2438.443660 -2336.533238 -2271.262492 -2210.835344 -2147.718273 -2079.831499 -2008.424796 -1936.302599 -1865.219914 -1784.859201 -1435.575984 -1450.245248 -1424.480807 -1417.480341 -1416.008376 -1415.749718 -1415.708591 -1415.702764 -1415.702547 -1415.703151 -1415.703766 -1415.704269 -1415.704664 -1415.704975 -1415.705223 -1415.705426 -1415.705597 -1415.705745 -1415.705880 -1415.706014 -1415.706161 -1415.706338 -1415.706574 -1415.706908 -1415.707406 -1415.708174 -1415.709387 -1415.711350 -1415.714596 -1415.720107 -1415.729737 -1415.747098 -1415.779388 -1415.841311 -1415.963952 -1416.216798 -1416.766810 -1418.042986 -1421.207069 -1429.654359 -1455.092994 -9999.0 -9999.0
-9999.0 -9999.0 1023.206947 925.505598 827.699271 729.625217 631.396478 533.097390 434.776212 336.459747 238.163082 139.894884 41.660564 -56.528878 -154.668638 -252.723723 -350.613001 -448.178914 -545.145440 -641.038157 -736.227203 -831.314796 -925.309350 -1017.945839 -1102.868860 -1173.763431 -1233.573540 -1281.974911 -1319.640006 -1347.948089 -1368.606042 -1383.324459 -1393.615604 -1400.708968 -1405.547602 -1408.827924 -1411.061441 -1412.678272 -1414.346381 -1418.219754 -1432.453010 -1491.702092 -1706.286649 -3236.636991 -3932.894380 -3932.438422 -3856.421933 -3512.814531 -3116.633873 -2820.895074 -2609.858587 -2438.443661 -2336.533238 -2271.262492 -2210.835344 -2147.718274 -2079.831499 -2008.424796 -1936.302599 -1865.219914 -1784.859201 -1435.575984 -1450.245248 -1424.480807 -1417.480341 -1416.008376 -1415.749718 -1415.708591 -1415.702764 -1415.702547 -1415.703151 -1415.703766 -1415.704269 -1415.704664 -1415.704975 -1415.705223 -1415.705426 -1415.705597 -1415.705745 -1415.705880 -1415.706014 -1415.706161 -1415.706338 -1415.706574 -1415.706908 -1415.707406 -1415.708174 -1415.709387 -1415.711350 -1415.714596 -1415.720107 -1415.729737 -1415.747098 -1415.779388 -1415.841311 -1415.963952 -1416.216798 -1416.766810 -1418.042986 -1421.207069 -1429.654359 -1455.092994 -9999.0 -9999.0
-9999.0 -9999.0 -9999.0 -9999.0 -9999.0 -9999.0 -9999.0 -9999.0 -9999.0 -9999.0 -9999.0 -9999.0 -9999.0 -9999.0 -9999.0 -9999.0 -9999.0 -9999.0 -9999.0 -9999.0 -9999.0 -9999.0 -9999.0 -9999.0 -9999.0 -9999.0 -9999.0 -9999.0 -9999.0 -9999.0 -9999.0 -9999.0 -9999.0 -9999.0 -9999.0 -9999.0 -9999.0 -9999.0 -9999.0 -9999.0 -9999.0 -9999.0 -9999.0 -9999.0 -9999.0 -9999.0 -9999.0 -9999.0 -9999.0 -9999.0 -9999.0 -9999.0 -9999.0 -9999.0 -9999.0 -9999.0 -9999.0 -9999.0 -9999.0 -9999.0 -9999.0 -9999.0 -9999.0 -9999.0 -9999.0 -9999.0 -9999.0 -9999.0 -9999.0 -9999.0 -9999.0 -9999.0 -9999.0 -9999.0 -9999.0 -9999.0 -9999.0 -9999.0 -9999.0 -9999.0 -9999.0 -9999.0 -9999.0 -9999.0 -9999.0 -9999.0 -9999.0 -9999.0 -9999.0 -9999.0 -9999.0 -9999.0 -9999.0 -9999.0 -9999.0 -9999.0 -9999.0 -9999.0 -9999.0 -9999.0 -9999.0 -9999.0 -9999.0 -9999.0
-9999.0 -9999.0 -9999.0 -9999.0 -9999.0 -9999.0 -9999.0 -9999.0 -9999.0 -9999.0 -9999.0 -9999.0 -9999.0 -9999.0 -9999.0 -9999.0 -9999.0 -9999.0 -9999.0 -9999.0 -9999.0 -9999.0 -9999.0 -9999.0 -9999.0 -9999.0 -9999.0 -9999.0 -9999.0 -9999.0 -9999.0 -9999.0 -9999.0 -9999.0 -9999.0 -9999.0 -9999.0 -9999.0 -9999.0 -9999.0 -9999.0 -9999.0 -9999.0 -9999.0 -9999.0 -9999.0 -9999.0 -9999.0 -9999.0 -9999.0 -9999.0 -9999.0 -9999.0 -9999.0 -9999.0 -9999.0 -9999.0 -9999.0 -9999.0 -9999.0 -9999.0 -9999.0 -9999.0 -9999.0 -9999.0 -9999.0 -9999.0 -9999.0 -9999.0 -9999.0 -9999.0 -9999.0 -9999.0 -9999.0 -9999.0 -9999.0 -9999.0 -9999.0 -9999.0 -9999.0 -9999.0 -9999.0 -9999.0 -9999.0 -9999.0 -9999.0 -9999.0 -9999.0 -9999.0 -9999.0 -9999.0 -9999.0 -9999.0 -9999.0 -9999.0 -9999.0 -9999.0 -9999.0 -9999.0 -9999.0 -9999.0 -9999.0 -9999.0 -9999.0