inst/processing_geotop_simulation/geotop_simulation/out/maps3D/PwL0016N0046.asc
ncols         104
nrows         10
xllcorner     -2.000000
yllcorner     0.000000
cellsize      1.000000
NODATA_value  -9999.0
-9999.0 -9999.0 -9999.0 -9999.0 -9999.0 -9999.0 -9999.0 -9999.0 -9999.0 -9999.0 -9999.0 -9999.0 -9999.0 -9999.0 -9999.0 -9999.0 -9999.0 -9999.0 -9999.0 -9999.0 -9999.0 -9999.0 -9999.0 -9999.0 -9999.0 -9999.0 -9999.0 -9999.0 -9999.0 -9999.0 -9999.0 -9999.0 -9999.0 -9999.0 -9999.0 -9999.0 -9999.0 -9999.0 -9999.0 -9999.0 -9999.0 -9999.0 -9999.0 -9999.0 -9999.0 -9999.0 -9999.0 -9999.0 -9999.0 -9999.0 -9999.0 -9999.0 -9999.0 -9999.0 -9999.0 -9999.0 -9999.0 -9999.0 -9999.0 -9999.0 -9999.0 -9999.0 -9999.0 -9999.0 -9999.0 -9999.0 -9999.0 -9999.0 -9999.0 -9999.0 -9999.0 -9999.0 -9999.0 -9999.0 -9999.0 -9999.0 -9999.0 -9999.0 -9999.0 -9999.0 -9999.0 -9999.0 -9999.0 -9999.0 -9999.0 -9999.0 -9999.0 -9999.0 -9999.0 -9999.0 -9999.0 -9999.0 -9999.0 -9999.0 -9999.0 -9999.0 -9999.0 -9999.0 -9999.0 -9999.0 -9999.0 -9999.0 -9999.0 -9999.0
-9999.0 -9999.0 -9999.0 -9999.0 -9999.0 -9999.0 -9999.0 -9999.0 -9999.0 -9999.0 -9999.0 -9999.0 -9999.0 -9999.0 -9999.0 -9999.0 -9999.0 -9999.0 -9999.0 -9999.0 -9999.0 -9999.0 -9999.0 -9999.0 -9999.0 -9999.0 -9999.0 -9999.0 -9999.0 -9999.0 -9999.0 -9999.0 -9999.0 -9999.0 -9999.0 -9999.0 -9999.0 -9999.0 -9999.0 -9999.0 -9999.0 -9999.0 -9999.0 -9999.0 -9999.0 -9999.0 -9999.0 -9999.0 -9999.0 -9999.0 -9999.0 -9999.0 -9999.0 -9999.0 -9999.0 -9999.0 -9999.0 -9999.0 -9999.0 -9999.0 -9999.0 -9999.0 -9999.0 -9999.0 -9999.0 -9999.0 -9999.0 -9999.0 -9999.0 -9999.0 -9999.0 -9999.0 -9999.0 -9999.0 -9999.0 -9999.0 -9999.0 -9999.0 -9999.0 -9999.0 -9999.0 -9999.0 -9999.0 -9999.0 -9999.0 -9999.0 -9999.0 -9999.0 -9999.0 -9999.0 -9999.0 -9999.0 -9999.0 -9999.0 -9999.0 -9999.0 -9999.0 -9999.0 -9999.0 -9999.0 -9999.0 -9999.0 -9999.0 -9999.0
-9999.0 -9999.0 -630.367846 -686.042470 -716.103555 -732.728292 -742.025840 -747.154594 -749.874197 -750.053877 -742.372442 -729.630566 -714.100324 -693.553763 -669.212119 -647.813132 -629.917143 -615.929848 -634.337820 -648.499244 -661.972265 -677.999963 -658.175670 -653.876901 -658.327077 -667.792377 -679.933867 -693.080787 -705.935810 -717.532552 -727.264174 -734.913334 -740.593468 -744.613552 -747.344533 -749.133792 -750.286223 -751.132628 -751.901733 -752.016588 -754.502954 -803.495959 -2374.182117 -4182.232896 -4183.168309 -4183.168317 -4183.168317 -4183.168317 -4183.168317 -4183.168317 -4183.168317 -4183.168317 -4183.168317 -4183.168317 -4183.168317 -4183.168317 -4183.168317 -4183.168317 -4183.168317 -4183.168301 -4181.629409 -2270.643406 -786.738553 -756.176256 -753.290781 -752.618183 -752.462335 -752.434226 -752.433731 -752.438317 -752.443020 -752.446851 -752.449790 -752.452026 -752.453747 -752.455095 -752.456171 -752.457044 -752.457768 -752.458404 -752.459013 -752.459675 -752.460489 -752.461602 -752.463229 -752.465712 -752.469591 -752.475751 -752.485663 -752.501841 -752.528718 -752.574402 -752.654259 -752.798317 -753.066447 -753.578966 -754.577455 -756.549064 -760.520855 -768.975459 -789.179091 -839.872269 -9999.0 -9999.0
-9999.0 -9999.0 -630.367806 -686.042410 -716.103505 -732.728268 -742.025833 -747.154594 -749.874199 -750.053878 -742.372442 -729.630566 -714.100324 -693.553763 -669.212119 -647.813132 -629.917143 -615.929848 -634.337820 -648.499244 -661.972265 -677.999963 -658.175670 -653.876901 -658.327077 -667.792377 -679.933867 -693.080787 -705.935810 -717.532552 -727.264174 -734.913334 -740.593468 -744.613552 -747.344533 -749.133792 -750.286223 -751.132628 -751.901733 -752.016588 -754.502954 -803.495959 -2374.182117 -4182.232896 -4183.168309 -4183.168317 -4183.168317 -4183.168317 -4183.168317 -4183.168317 -4183.168317 -4183.168317 -4183.168317 -4183.168317 -4183.168317 -4183.168317 -4183.168317 -4183.168317 -4183.168317 -4183.168301 -4181.629409 -2270.643406 -786.738553 -756.176256 -753.290781 -752.618183 -752.462335 -752.434226 -752.433731 -752.438317 -752.443020 -752.446851 -752.449790 -752.452026 -752.453747 -752.455095 -752.456171 -752.457044 -752.457768 -752.458404 -752.459013 -752.459675 -752.460489 -752.461602 -752.463229 -752.465712 -752.469591 -752.475751 -752.485663 -752.501841 -752.528718 -752.574402 -752.654259 -752.798317 -753.066447 -753.578966 -754.577455 -756.549064 -760.520855 -768.975459 -789.179091 -839.872269 -9999.0 -9999.0
-9999.0 -9999.0 -630.367786 -686.042375 -716.103472 -732.728250 -742.025827 -747.154594 -749.874200 -750.053879 -742.372442 -729.630566 -714.100324 -693.553763 -669.212119 -647.813132 -629.917143 -615.929848 -634.337820 -648.499244 -661.972265 -677.999963 -658.175670 -653.876901 -658.327077 -667.792377 -679.933867 -693.080787 -705.935810 -717.532552 -727.264174 -734.913334 -740.593468 -744.613552 -747.344533 -749.133792 -750.286223 -751.132628 -751.901733 -752.016588 -754.502954 -803.495959 -2374.182117 -4182.232896 -4183.168309 -4183.168317 -4183.168317 -4183.168317 -4183.168317 -4183.168317 -4183.168317 -4183.168317 -4183.168317 -4183.168317 -4183.168317 -4183.168317 -4183.168317 -4183.168317 -4183.168317 -4183.168301 -4181.629409 -2270.643406 -786.738553 -756.176256 -753.290781 -752.618183 -752.462335 -752.434226 -752.433731 -752.438317 -752.443020 -752.446851 -752.449790 -752.452026 -752.453747 -752.455095 -752.456171 -752.457044 -752.457768 -752.458404 -752.459013 -752.459675 -752.460489 -752.461602 -752.463229 -752.465712 -752.469591 -752.475751 -752.485663 -752.501841 -752.528718 -752.574402 -752.654259 -752.798317 -753.066447 -753.578966 -754.577455 -756.549064 -760.520855 -768.975459 -789.179091 -839.872269 -9999.0 -9999.0
-9999.0 -9999.0 -630.367786 -686.042375 -716.103472 -732.728250 -742.025827 -747.154594 -749.874200 -750.053879 -742.372442 -729.630566 -714.100324 -693.553763 -669.212119 -647.813132 -629.917143 -615.929848 -634.337820 -648.499244 -661.972265 -677.999963 -658.175670 -653.876901 -658.327077 -667.792377 -679.933867 -693.080787 -705.935810 -717.532552 -727.264174 -734.913334 -740.593468 -744.613552 -747.344533 -749.133792 -750.286223 -751.132628 -751.901733 -752.016588 -754.502954 -803.495959 -2374.182117 -4182.232896 -4183.168309 -4183.168317 -4183.168317 -4183.168317 -4183.168317 -4183.168317 -4183.168317 -4183.168317 -4183.168317 -4183.168317 -4183.168317 -4183.168317 -4183.168317 -4183.168317 -4183.168317 -4183.168301 -4181.629409 -2270.643406 -786.738553 -756.176256 -753.290781 -752.618183 -752.462335 -752.434226 -752.433731 -752.438317 -752.443020 -752.446851 -752.449790 -752.452026 -752.453747 -752.455095 -752.456171 -752.457044 -752.457768 -752.458404 -752.459013 -752.459675 -752.460489 -752.461602 -752.463229 -752.465712 -752.469591 -752.475751 -752.485663 -752.501841 -752.528718 -752.574402 -752.654259 -752.798317 -753.066447 -753.578966 -754.577455 -756.549064 -760.520855 -768.975459 -789.179091 -839.872269 -9999.0 -9999.0
-9999.0 -9999.0 -630.367806 -686.042410 -716.103505 -732.728268 -742.025833 -747.154594 -749.874199 -750.053878 -742.372442 -729.630566 -714.100324 -693.553763 -669.212119 -647.813132 -629.917143 -615.929848 -634.337820 -648.499244 -661.972265 -677.999963 -658.175670 -653.876901 -658.327077 -667.792377 -679.933867 -693.080787 -705.935810 -717.532552 -727.264174 -734.913334 -740.593468 -744.613552 -747.344533 -749.133792 -750.286223 -751.132628 -751.901733 -752.016588 -754.502954 -803.495959 -2374.182117 -4182.232896 -4183.168309 -4183.168317 -4183.168317 -4183.168317 -4183.168317 -4183.168317 -4183.168317 -4183.168317 -4183.168317 -4183.168317 -4183.168317 -4183.168317 -4183.168317 -4183.168317 -4183.168317 -4183.168301 -4181.629409 -2270.643406 -786.738553 -756.176256 -753.290781 -752.618183 -752.462335 -752.434226 -752.433731 -752.438317 -752.443020 -752.446851 -752.449790 -752.452026 -752.453747 -752.455095 -752.456171 -752.457044 -752.457768 -752.458404 -752.459013 -752.459675 -752.460489 -752.461602 -752.463229 -752.465712 -752.469591 -752.475751 -752.485663 -752.501841 -752.528718 -752.574402 -752.654259 -752.798317 -753.066447 -753.578966 -754.577455 -756.549064 -760.520855 -768.975459 -789.179091 -839.872269 -9999.0 -9999.0
-9999.0 -9999.0 -630.367846 -686.042470 -716.103555 -732.728292 -742.025840 -747.154594 -749.874197 -750.053877 -742.372442 -729.630566 -714.100324 -693.553763 -669.212119 -647.813132 -629.917143 -615.929848 -634.337820 -648.499244 -661.972265 -677.999963 -658.175670 -653.876901 -658.327077 -667.792377 -679.933867 -693.080787 -705.935810 -717.532552 -727.264174 -734.913334 -740.593468 -744.613552 -747.344533 -749.133792 -750.286223 -751.132628 -751.901733 -752.016588 -754.502954 -803.495959 -2374.182117 -4182.232896 -4183.168309 -4183.168317 -4183.168317 -4183.168317 -4183.168317 -4183.168317 -4183.168317 -4183.168317 -4183.168317 -4183.168317 -4183.168317 -4183.168317 -4183.168317 -4183.168317 -4183.168317 -4183.168301 -4181.629409 -2270.643406 -786.738553 -756.176256 -753.290781 -752.618183 -752.462335 -752.434226 -752.433731 -752.438317 -752.443020 -752.446851 -752.449790 -752.452026 -752.453747 -752.455095 -752.456171 -752.457044 -752.457768 -752.458404 -752.459013 -752.459675 -752.460489 -752.461602 -752.463229 -752.465712 -752.469591 -752.475751 -752.485663 -752.501841 -752.528718 -752.574402 -752.654259 -752.798317 -753.066447 -753.578966 -754.577455 -756.549064 -760.520855 -768.975459 -789.179091 -839.872269 -9999.0 -9999.0
-9999.0 -9999.0 -9999.0 -9999.0 -9999.0 -9999.0 -9999.0 -9999.0 -9999.0 -9999.0 -9999.0 -9999.0 -9999.0 -9999.0 -9999.0 -9999.0 -9999.0 -9999.0 -9999.0 -9999.0 -9999.0 -9999.0 -9999.0 -9999.0 -9999.0 -9999.0 -9999.0 -9999.0 -9999.0 -9999.0 -9999.0 -9999.0 -9999.0 -9999.0 -9999.0 -9999.0 -9999.0 -9999.0 -9999.0 -9999.0 -9999.0 -9999.0 -9999.0 -9999.0 -9999.0 -9999.0 -9999.0 -9999.0 -9999.0 -9999.0 -9999.0 -9999.0 -9999.0 -9999.0 -9999.0 -9999.0 -9999.0 -9999.0 -9999.0 -9999.0 -9999.0 -9999.0 -9999.0 -9999.0 -9999.0 -9999.0 -9999.0 -9999.0 -9999.0 -9999.0 -9999.0 -9999.0 -9999.0 -9999.0 -9999.0 -9999.0 -9999.0 -9999.0 -9999.0 -9999.0 -9999.0 -9999.0 -9999.0 -9999.0 -9999.0 -9999.0 -9999.0 -9999.0 -9999.0 -9999.0 -9999.0 -9999.0 -9999.0 -9999.0 -9999.0 -9999.0 -9999.0 -9999.0 -9999.0 -9999.0 -9999.0 -9999.0 -9999.0 -9999.0
-9999.0 -9999.0 -9999.0 -9999.0 -9999.0 -9999.0 -9999.0 -9999.0 -9999.0 -9999.0 -9999.0 -9999.0 -9999.0 -9999.0 -9999.0 -9999.0 -9999.0 -9999.0 -9999.0 -9999.0 -9999.0 -9999.0 -9999.0 -9999.0 -9999.0 -9999.0 -9999.0 -9999.0 -9999.0 -9999.0 -9999.0 -9999.0 -9999.0 -9999.0 -9999.0 -9999.0 -9999.0 -9999.0 -9999.0 -9999.0 -9999.0 -9999.0 -9999.0 -9999.0 -9999.0 -9999.0 -9999.0 -9999.0 -9999.0 -9999.0 -9999.0 -9999.0 -9999.0 -9999.0 -9999.0 -9999.0 -9999.0 -9999.0 -9999.0 -9999.0 -9999.0 -9999.0 -9999.0 -9999.0 -9999.0 -9999.0 -9999.0 -9999.0 -9999.0 -9999.0 -9999.0 -9999.0 -9999.0 -9999.0 -9999.0 -9999.0 -9999.0 -9999.0 -9999.0 -9999.0 -9999.0 -9999.0 -9999.0 -9999.0 -9999.0 -9999.0 -9999.0 -9999.0 -9999.0 -9999.0 -9999.0 -9999.0 -9999.0 -9999.0 -9999.0 -9999.0 -9999.0 -9999.0 -9999.0 -9999.0 -9999.0 -9999.0 -9999.0 -9999.0