inst/processing_geotop_simulation/geotop_simulation/out/maps3D/PwL0001N0274.asc
ncols         104
nrows         10
xllcorner     -2.000000
yllcorner     0.000000
cellsize      1.000000
NODATA_value  -9999.0
-9999.0 -9999.0 -9999.0 -9999.0 -9999.0 -9999.0 -9999.0 -9999.0 -9999.0 -9999.0 -9999.0 -9999.0 -9999.0 -9999.0 -9999.0 -9999.0 -9999.0 -9999.0 -9999.0 -9999.0 -9999.0 -9999.0 -9999.0 -9999.0 -9999.0 -9999.0 -9999.0 -9999.0 -9999.0 -9999.0 -9999.0 -9999.0 -9999.0 -9999.0 -9999.0 -9999.0 -9999.0 -9999.0 -9999.0 -9999.0 -9999.0 -9999.0 -9999.0 -9999.0 -9999.0 -9999.0 -9999.0 -9999.0 -9999.0 -9999.0 -9999.0 -9999.0 -9999.0 -9999.0 -9999.0 -9999.0 -9999.0 -9999.0 -9999.0 -9999.0 -9999.0 -9999.0 -9999.0 -9999.0 -9999.0 -9999.0 -9999.0 -9999.0 -9999.0 -9999.0 -9999.0 -9999.0 -9999.0 -9999.0 -9999.0 -9999.0 -9999.0 -9999.0 -9999.0 -9999.0 -9999.0 -9999.0 -9999.0 -9999.0 -9999.0 -9999.0 -9999.0 -9999.0 -9999.0 -9999.0 -9999.0 -9999.0 -9999.0 -9999.0 -9999.0 -9999.0 -9999.0 -9999.0 -9999.0 -9999.0 -9999.0 -9999.0 -9999.0 -9999.0
-9999.0 -9999.0 -9999.0 -9999.0 -9999.0 -9999.0 -9999.0 -9999.0 -9999.0 -9999.0 -9999.0 -9999.0 -9999.0 -9999.0 -9999.0 -9999.0 -9999.0 -9999.0 -9999.0 -9999.0 -9999.0 -9999.0 -9999.0 -9999.0 -9999.0 -9999.0 -9999.0 -9999.0 -9999.0 -9999.0 -9999.0 -9999.0 -9999.0 -9999.0 -9999.0 -9999.0 -9999.0 -9999.0 -9999.0 -9999.0 -9999.0 -9999.0 -9999.0 -9999.0 -9999.0 -9999.0 -9999.0 -9999.0 -9999.0 -9999.0 -9999.0 -9999.0 -9999.0 -9999.0 -9999.0 -9999.0 -9999.0 -9999.0 -9999.0 -9999.0 -9999.0 -9999.0 -9999.0 -9999.0 -9999.0 -9999.0 -9999.0 -9999.0 -9999.0 -9999.0 -9999.0 -9999.0 -9999.0 -9999.0 -9999.0 -9999.0 -9999.0 -9999.0 -9999.0 -9999.0 -9999.0 -9999.0 -9999.0 -9999.0 -9999.0 -9999.0 -9999.0 -9999.0 -9999.0 -9999.0 -9999.0 -9999.0 -9999.0 -9999.0 -9999.0 -9999.0 -9999.0 -9999.0 -9999.0 -9999.0 -9999.0 -9999.0 -9999.0 -9999.0
-9999.0 -9999.0 27.394847 -67.562057 -165.266005 -263.564764 -362.078667 -460.661599 -559.238724 -657.744499 -756.055827 -854.073892 -951.716876 -1048.859167 -1145.879787 -1242.688636 -1338.374786 -1432.323035 -1523.794777 -1611.452460 -1692.086662 -1761.579019 -1817.424494 -1859.748230 -1890.500625 -1912.239910 -1927.345526 -1937.721266 -1944.782480 -1949.546628 -1952.734499 -1954.851573 -1956.248543 -1957.165764 -1957.766245 -1958.161400 -1958.435447 -1958.692393 -1959.251287 -1961.377192 -1966.982348 -1935.280637 -1197.141534 -1193.815368 -1183.532128 -1176.906906 -1173.793466 -1173.320666 -1173.270388 -1173.276104 -1173.290065 -1173.305047 -1173.319444 -1173.332777 -1173.345141 -1173.359408 -1173.402668 -1173.688015 -1175.355712 -1179.071517 -1184.479312 -1180.461374 -1913.222911 -1961.343186 -1960.079831 -1959.192390 -1959.012977 -1958.983578 -1958.979472 -1958.979503 -1958.980130 -1958.980728 -1958.981205 -1958.981571 -1958.981851 -1958.982069 -1958.982242 -1958.982381 -1958.982499 -1958.982603 -1958.982707 -1958.982822 -1958.982967 -1958.983170 -1958.983469 -1958.983930 -1958.984655 -1958.985818 -1958.987713 -1958.990858 -1958.996195 -1959.005499 -1959.022205 -1959.053102 -1959.111834 -1959.226392 -1959.456365 -1959.936939 -1961.001564 -1963.558196 -1970.467383 -1992.988618 -9999.0 -9999.0
-9999.0 -9999.0 27.407347 -67.559980 -165.265487 -263.564613 -362.078619 -460.661583 -559.238718 -657.744497 -756.055827 -854.073891 -951.716876 -1048.859167 -1145.879788 -1242.688636 -1338.374787 -1432.323035 -1523.794777 -1611.452460 -1692.086662 -1761.579019 -1817.424494 -1859.748230 -1890.500626 -1912.239910 -1927.345526 -1937.721266 -1944.782480 -1949.546628 -1952.734499 -1954.851573 -1956.248543 -1957.165764 -1957.766245 -1958.161400 -1958.435447 -1958.692393 -1959.251287 -1961.377192 -1966.982348 -1935.280637 -1197.141534 -1193.815368 -1183.532128 -1176.906905 -1173.793466 -1173.320666 -1173.270388 -1173.276104 -1173.290065 -1173.305047 -1173.319444 -1173.332777 -1173.345141 -1173.359408 -1173.402668 -1173.688015 -1175.355712 -1179.071517 -1184.479312 -1180.461374 -1913.222911 -1961.343186 -1960.079831 -1959.192390 -1959.012977 -1958.983578 -1958.979472 -1958.979503 -1958.980130 -1958.980728 -1958.981205 -1958.981571 -1958.981851 -1958.982069 -1958.982242 -1958.982381 -1958.982499 -1958.982603 -1958.982707 -1958.982822 -1958.982967 -1958.983170 -1958.983469 -1958.983930 -1958.984655 -1958.985818 -1958.987713 -1958.990858 -1958.996195 -1959.005499 -1959.022205 -1959.053102 -1959.111834 -1959.226392 -1959.456365 -1959.936939 -1961.001564 -1963.558196 -1970.467383 -1992.988618 -9999.0 -9999.0
-9999.0 -9999.0 27.408501 -67.559150 -165.265160 -263.564495 -362.078577 -460.661568 -559.238712 -657.744495 -756.055826 -854.073891 -951.716876 -1048.859167 -1145.879788 -1242.688636 -1338.374787 -1432.323035 -1523.794777 -1611.452460 -1692.086662 -1761.579019 -1817.424494 -1859.748230 -1890.500626 -1912.239910 -1927.345526 -1937.721266 -1944.782480 -1949.546628 -1952.734499 -1954.851573 -1956.248543 -1957.165764 -1957.766245 -1958.161400 -1958.435447 -1958.692393 -1959.251287 -1961.377192 -1966.982348 -1935.280637 -1197.141534 -1193.815368 -1183.532128 -1176.906905 -1173.793466 -1173.320666 -1173.270388 -1173.276104 -1173.290065 -1173.305047 -1173.319444 -1173.332777 -1173.345141 -1173.359408 -1173.402668 -1173.688015 -1175.355712 -1179.071517 -1184.479312 -1180.461374 -1913.222911 -1961.343186 -1960.079831 -1959.192390 -1959.012977 -1958.983578 -1958.979472 -1958.979503 -1958.980130 -1958.980728 -1958.981205 -1958.981571 -1958.981851 -1958.982069 -1958.982242 -1958.982381 -1958.982499 -1958.982603 -1958.982707 -1958.982822 -1958.982967 -1958.983170 -1958.983469 -1958.983930 -1958.984655 -1958.985818 -1958.987713 -1958.990858 -1958.996195 -1959.005499 -1959.022205 -1959.053102 -1959.111834 -1959.226392 -1959.456365 -1959.936939 -1961.001564 -1963.558196 -1970.467383 -1992.988618 -9999.0 -9999.0
-9999.0 -9999.0 27.408501 -67.559150 -165.265160 -263.564495 -362.078577 -460.661568 -559.238712 -657.744495 -756.055826 -854.073891 -951.716876 -1048.859167 -1145.879788 -1242.688636 -1338.374787 -1432.323035 -1523.794777 -1611.452460 -1692.086662 -1761.579019 -1817.424494 -1859.748230 -1890.500626 -1912.239910 -1927.345526 -1937.721266 -1944.782480 -1949.546628 -1952.734499 -1954.851573 -1956.248543 -1957.165764 -1957.766245 -1958.161400 -1958.435447 -1958.692393 -1959.251287 -1961.377192 -1966.982348 -1935.280637 -1197.141534 -1193.815368 -1183.532128 -1176.906905 -1173.793466 -1173.320666 -1173.270388 -1173.276104 -1173.290065 -1173.305047 -1173.319444 -1173.332777 -1173.345141 -1173.359408 -1173.402668 -1173.688015 -1175.355712 -1179.071517 -1184.479312 -1180.461374 -1913.222911 -1961.343186 -1960.079831 -1959.192390 -1959.012977 -1958.983578 -1958.979472 -1958.979503 -1958.980130 -1958.980728 -1958.981205 -1958.981571 -1958.981851 -1958.982069 -1958.982242 -1958.982381 -1958.982499 -1958.982603 -1958.982707 -1958.982822 -1958.982967 -1958.983170 -1958.983469 -1958.983930 -1958.984655 -1958.985818 -1958.987713 -1958.990858 -1958.996195 -1959.005499 -1959.022205 -1959.053102 -1959.111834 -1959.226392 -1959.456365 -1959.936939 -1961.001564 -1963.558196 -1970.467383 -1992.988618 -9999.0 -9999.0
-9999.0 -9999.0 27.407347 -67.559980 -165.265487 -263.564613 -362.078619 -460.661583 -559.238718 -657.744497 -756.055827 -854.073891 -951.716876 -1048.859167 -1145.879788 -1242.688636 -1338.374787 -1432.323035 -1523.794777 -1611.452460 -1692.086662 -1761.579019 -1817.424494 -1859.748230 -1890.500626 -1912.239910 -1927.345526 -1937.721266 -1944.782480 -1949.546628 -1952.734499 -1954.851573 -1956.248543 -1957.165764 -1957.766245 -1958.161400 -1958.435447 -1958.692393 -1959.251287 -1961.377192 -1966.982348 -1935.280637 -1197.141534 -1193.815368 -1183.532128 -1176.906905 -1173.793466 -1173.320666 -1173.270388 -1173.276104 -1173.290065 -1173.305047 -1173.319444 -1173.332777 -1173.345141 -1173.359408 -1173.402668 -1173.688015 -1175.355712 -1179.071517 -1184.479312 -1180.461374 -1913.222911 -1961.343186 -1960.079831 -1959.192390 -1959.012977 -1958.983578 -1958.979472 -1958.979503 -1958.980130 -1958.980728 -1958.981205 -1958.981571 -1958.981851 -1958.982069 -1958.982242 -1958.982381 -1958.982499 -1958.982603 -1958.982707 -1958.982822 -1958.982967 -1958.983170 -1958.983469 -1958.983930 -1958.984655 -1958.985818 -1958.987713 -1958.990858 -1958.996195 -1959.005499 -1959.022205 -1959.053102 -1959.111834 -1959.226392 -1959.456365 -1959.936939 -1961.001564 -1963.558196 -1970.467383 -1992.988618 -9999.0 -9999.0
-9999.0 -9999.0 27.394847 -67.562057 -165.266005 -263.564764 -362.078667 -460.661599 -559.238724 -657.744499 -756.055827 -854.073892 -951.716876 -1048.859167 -1145.879787 -1242.688636 -1338.374786 -1432.323035 -1523.794777 -1611.452460 -1692.086662 -1761.579019 -1817.424494 -1859.748230 -1890.500625 -1912.239910 -1927.345526 -1937.721266 -1944.782480 -1949.546628 -1952.734499 -1954.851573 -1956.248543 -1957.165764 -1957.766245 -1958.161400 -1958.435447 -1958.692393 -1959.251287 -1961.377192 -1966.982348 -1935.280637 -1197.141534 -1193.815368 -1183.532128 -1176.906906 -1173.793466 -1173.320666 -1173.270388 -1173.276104 -1173.290065 -1173.305047 -1173.319444 -1173.332777 -1173.345141 -1173.359408 -1173.402668 -1173.688015 -1175.355712 -1179.071517 -1184.479312 -1180.461374 -1913.222911 -1961.343186 -1960.079831 -1959.192390 -1959.012977 -1958.983578 -1958.979472 -1958.979503 -1958.980130 -1958.980728 -1958.981205 -1958.981571 -1958.981851 -1958.982069 -1958.982242 -1958.982381 -1958.982499 -1958.982603 -1958.982707 -1958.982822 -1958.982967 -1958.983170 -1958.983469 -1958.983930 -1958.984655 -1958.985818 -1958.987713 -1958.990858 -1958.996195 -1959.005499 -1959.022205 -1959.053102 -1959.111834 -1959.226392 -1959.456365 -1959.936939 -1961.001564 -1963.558196 -1970.467383 -1992.988618 -9999.0 -9999.0
-9999.0 -9999.0 -9999.0 -9999.0 -9999.0 -9999.0 -9999.0 -9999.0 -9999.0 -9999.0 -9999.0 -9999.0 -9999.0 -9999.0 -9999.0 -9999.0 -9999.0 -9999.0 -9999.0 -9999.0 -9999.0 -9999.0 -9999.0 -9999.0 -9999.0 -9999.0 -9999.0 -9999.0 -9999.0 -9999.0 -9999.0 -9999.0 -9999.0 -9999.0 -9999.0 -9999.0 -9999.0 -9999.0 -9999.0 -9999.0 -9999.0 -9999.0 -9999.0 -9999.0 -9999.0 -9999.0 -9999.0 -9999.0 -9999.0 -9999.0 -9999.0 -9999.0 -9999.0 -9999.0 -9999.0 -9999.0 -9999.0 -9999.0 -9999.0 -9999.0 -9999.0 -9999.0 -9999.0 -9999.0 -9999.0 -9999.0 -9999.0 -9999.0 -9999.0 -9999.0 -9999.0 -9999.0 -9999.0 -9999.0 -9999.0 -9999.0 -9999.0 -9999.0 -9999.0 -9999.0 -9999.0 -9999.0 -9999.0 -9999.0 -9999.0 -9999.0 -9999.0 -9999.0 -9999.0 -9999.0 -9999.0 -9999.0 -9999.0 -9999.0 -9999.0 -9999.0 -9999.0 -9999.0 -9999.0 -9999.0 -9999.0 -9999.0 -9999.0 -9999.0
-9999.0 -9999.0 -9999.0 -9999.0 -9999.0 -9999.0 -9999.0 -9999.0 -9999.0 -9999.0 -9999.0 -9999.0 -9999.0 -9999.0 -9999.0 -9999.0 -9999.0 -9999.0 -9999.0 -9999.0 -9999.0 -9999.0 -9999.0 -9999.0 -9999.0 -9999.0 -9999.0 -9999.0 -9999.0 -9999.0 -9999.0 -9999.0 -9999.0 -9999.0 -9999.0 -9999.0 -9999.0 -9999.0 -9999.0 -9999.0 -9999.0 -9999.0 -9999.0 -9999.0 -9999.0 -9999.0 -9999.0 -9999.0 -9999.0 -9999.0 -9999.0 -9999.0 -9999.0 -9999.0 -9999.0 -9999.0 -9999.0 -9999.0 -9999.0 -9999.0 -9999.0 -9999.0 -9999.0 -9999.0 -9999.0 -9999.0 -9999.0 -9999.0 -9999.0 -9999.0 -9999.0 -9999.0 -9999.0 -9999.0 -9999.0 -9999.0 -9999.0 -9999.0 -9999.0 -9999.0 -9999.0 -9999.0 -9999.0 -9999.0 -9999.0 -9999.0 -9999.0 -9999.0 -9999.0 -9999.0 -9999.0 -9999.0 -9999.0 -9999.0 -9999.0 -9999.0 -9999.0 -9999.0 -9999.0 -9999.0 -9999.0 -9999.0 -9999.0 -9999.0