inst/processing_geotop_simulation/geotop_simulation/out/maps3D/PwL0021N0243.asc
ncols         104
nrows         10
xllcorner     -2.000000
yllcorner     0.000000
cellsize      1.000000
NODATA_value  -9999.0
-9999.0 -9999.0 -9999.0 -9999.0 -9999.0 -9999.0 -9999.0 -9999.0 -9999.0 -9999.0 -9999.0 -9999.0 -9999.0 -9999.0 -9999.0 -9999.0 -9999.0 -9999.0 -9999.0 -9999.0 -9999.0 -9999.0 -9999.0 -9999.0 -9999.0 -9999.0 -9999.0 -9999.0 -9999.0 -9999.0 -9999.0 -9999.0 -9999.0 -9999.0 -9999.0 -9999.0 -9999.0 -9999.0 -9999.0 -9999.0 -9999.0 -9999.0 -9999.0 -9999.0 -9999.0 -9999.0 -9999.0 -9999.0 -9999.0 -9999.0 -9999.0 -9999.0 -9999.0 -9999.0 -9999.0 -9999.0 -9999.0 -9999.0 -9999.0 -9999.0 -9999.0 -9999.0 -9999.0 -9999.0 -9999.0 -9999.0 -9999.0 -9999.0 -9999.0 -9999.0 -9999.0 -9999.0 -9999.0 -9999.0 -9999.0 -9999.0 -9999.0 -9999.0 -9999.0 -9999.0 -9999.0 -9999.0 -9999.0 -9999.0 -9999.0 -9999.0 -9999.0 -9999.0 -9999.0 -9999.0 -9999.0 -9999.0 -9999.0 -9999.0 -9999.0 -9999.0 -9999.0 -9999.0 -9999.0 -9999.0 -9999.0 -9999.0 -9999.0 -9999.0
-9999.0 -9999.0 -9999.0 -9999.0 -9999.0 -9999.0 -9999.0 -9999.0 -9999.0 -9999.0 -9999.0 -9999.0 -9999.0 -9999.0 -9999.0 -9999.0 -9999.0 -9999.0 -9999.0 -9999.0 -9999.0 -9999.0 -9999.0 -9999.0 -9999.0 -9999.0 -9999.0 -9999.0 -9999.0 -9999.0 -9999.0 -9999.0 -9999.0 -9999.0 -9999.0 -9999.0 -9999.0 -9999.0 -9999.0 -9999.0 -9999.0 -9999.0 -9999.0 -9999.0 -9999.0 -9999.0 -9999.0 -9999.0 -9999.0 -9999.0 -9999.0 -9999.0 -9999.0 -9999.0 -9999.0 -9999.0 -9999.0 -9999.0 -9999.0 -9999.0 -9999.0 -9999.0 -9999.0 -9999.0 -9999.0 -9999.0 -9999.0 -9999.0 -9999.0 -9999.0 -9999.0 -9999.0 -9999.0 -9999.0 -9999.0 -9999.0 -9999.0 -9999.0 -9999.0 -9999.0 -9999.0 -9999.0 -9999.0 -9999.0 -9999.0 -9999.0 -9999.0 -9999.0 -9999.0 -9999.0 -9999.0 -9999.0 -9999.0 -9999.0 -9999.0 -9999.0 -9999.0 -9999.0 -9999.0 -9999.0 -9999.0 -9999.0 -9999.0 -9999.0
-9999.0 -9999.0 1023.272627 925.589323 827.800254 729.741366 631.526576 533.240873 434.932892 336.629643 238.346329 140.091681 41.871138 -56.304224 -154.429533 -252.469495 -350.342279 -447.889069 -544.831867 -640.692652 -735.843825 -830.893260 -924.843887 -1017.431217 -1102.267679 -1173.021232 -1232.673096 -1280.913327 -1318.427585 -1346.604083 -1367.153629 -1381.786695 -1392.012981 -1399.058389 -1403.862303 -1407.117881 -1409.333913 -1410.938124 -1412.595868 -1416.459695 -1430.704409 -1490.197517 -1706.453538 -3241.206416 -3932.960872 -3932.515555 -3857.879181 -3517.128375 -3121.063716 -2824.339649 -2612.371855 -2440.231626 -2337.945048 -2272.454644 -2211.833768 -2148.520530 -2080.426374 -2008.805551 -1936.477505 -1865.212629 -1784.716998 -1435.188834 -1448.764056 -1422.741736 -1415.713868 -1414.241757 -1413.983711 -1413.942741 -1413.936944 -1413.936734 -1413.937340 -1413.937957 -1413.938461 -1413.938857 -1413.939168 -1413.939417 -1413.939621 -1413.939791 -1413.939939 -1413.940074 -1413.940208 -1413.940355 -1413.940532 -1413.940767 -1413.941102 -1413.941601 -1413.942370 -1413.943586 -1413.945553 -1413.948807 -1413.954331 -1413.963984 -1413.981385 -1414.013747 -1414.075801 -1414.198682 -1414.451965 -1415.002776 -1416.280479 -1419.447515 -1427.899075 -1453.336475 -9999.0 -9999.0
-9999.0 -9999.0 1023.275487 925.590458 827.800636 729.741492 631.526619 533.240888 434.932897 336.629645 238.346330 140.091682 41.871138 -56.304224 -154.429533 -252.469495 -350.342279 -447.889069 -544.831867 -640.692652 -735.843825 -830.893260 -924.843887 -1017.431217 -1102.267679 -1173.021233 -1232.673097 -1280.913327 -1318.427585 -1346.604083 -1367.153629 -1381.786695 -1392.012981 -1399.058389 -1403.862303 -1407.117881 -1409.333913 -1410.938124 -1412.595868 -1416.459695 -1430.704409 -1490.197517 -1706.453538 -3241.206415 -3932.960872 -3932.515555 -3857.879181 -3517.128374 -3121.063716 -2824.339647 -2612.371852 -2440.231625 -2337.945048 -2272.454644 -2211.833768 -2148.520530 -2080.426373 -2008.805551 -1936.477505 -1865.212629 -1784.716998 -1435.188834 -1448.764056 -1422.741736 -1415.713868 -1414.241757 -1413.983711 -1413.942741 -1413.936944 -1413.936734 -1413.937340 -1413.937957 -1413.938461 -1413.938857 -1413.939168 -1413.939417 -1413.939621 -1413.939791 -1413.939939 -1413.940074 -1413.940208 -1413.940355 -1413.940532 -1413.940767 -1413.941102 -1413.941601 -1413.942370 -1413.943586 -1413.945553 -1413.948807 -1413.954331 -1413.963984 -1413.981385 -1414.013747 -1414.075801 -1414.198682 -1414.451965 -1415.002776 -1416.280479 -1419.447515 -1427.899075 -1453.336475 -9999.0 -9999.0
-9999.0 -9999.0 1023.276643 925.591085 827.800903 729.741596 631.526657 533.240902 434.932903 336.629647 238.346331 140.091682 41.871138 -56.304224 -154.429533 -252.469495 -350.342279 -447.889069 -544.831867 -640.692653 -735.843825 -830.893260 -924.843888 -1017.431218 -1102.267679 -1173.021233 -1232.673097 -1280.913327 -1318.427585 -1346.604083 -1367.153629 -1381.786696 -1392.012982 -1399.058389 -1403.862303 -1407.117881 -1409.333913 -1410.938124 -1412.595868 -1416.459695 -1430.704409 -1490.197517 -1706.453538 -3241.206414 -3932.960872 -3932.515555 -3857.879181 -3517.128373 -3121.063715 -2824.339645 -2612.371851 -2440.231625 -2337.945048 -2272.454644 -2211.833768 -2148.520529 -2080.426373 -2008.805551 -1936.477505 -1865.212629 -1784.716998 -1435.188834 -1448.764056 -1422.741736 -1415.713868 -1414.241757 -1413.983711 -1413.942741 -1413.936944 -1413.936734 -1413.937340 -1413.937957 -1413.938461 -1413.938857 -1413.939168 -1413.939417 -1413.939621 -1413.939791 -1413.939939 -1413.940074 -1413.940208 -1413.940355 -1413.940532 -1413.940767 -1413.941102 -1413.941601 -1413.942370 -1413.943586 -1413.945553 -1413.948807 -1413.954331 -1413.963984 -1413.981385 -1414.013747 -1414.075801 -1414.198682 -1414.451965 -1415.002776 -1416.280479 -1419.447515 -1427.899075 -1453.336475 -9999.0 -9999.0
-9999.0 -9999.0 1023.276643 925.591085 827.800903 729.741596 631.526657 533.240902 434.932903 336.629647 238.346331 140.091682 41.871138 -56.304224 -154.429533 -252.469495 -350.342279 -447.889069 -544.831867 -640.692653 -735.843825 -830.893260 -924.843888 -1017.431218 -1102.267679 -1173.021233 -1232.673097 -1280.913327 -1318.427585 -1346.604083 -1367.153629 -1381.786696 -1392.012982 -1399.058389 -1403.862303 -1407.117881 -1409.333913 -1410.938124 -1412.595868 -1416.459695 -1430.704409 -1490.197517 -1706.453538 -3241.206414 -3932.960872 -3932.515555 -3857.879181 -3517.128373 -3121.063715 -2824.339646 -2612.371851 -2440.231625 -2337.945048 -2272.454644 -2211.833768 -2148.520530 -2080.426373 -2008.805551 -1936.477505 -1865.212629 -1784.716998 -1435.188834 -1448.764056 -1422.741736 -1415.713868 -1414.241757 -1413.983711 -1413.942741 -1413.936944 -1413.936734 -1413.937340 -1413.937957 -1413.938461 -1413.938857 -1413.939168 -1413.939417 -1413.939621 -1413.939791 -1413.939939 -1413.940074 -1413.940208 -1413.940355 -1413.940532 -1413.940767 -1413.941102 -1413.941601 -1413.942370 -1413.943586 -1413.945553 -1413.948807 -1413.954331 -1413.963984 -1413.981385 -1414.013747 -1414.075801 -1414.198682 -1414.451965 -1415.002776 -1416.280479 -1419.447515 -1427.899075 -1453.336475 -9999.0 -9999.0
-9999.0 -9999.0 1023.275487 925.590458 827.800636 729.741492 631.526619 533.240888 434.932897 336.629645 238.346330 140.091682 41.871138 -56.304224 -154.429533 -252.469495 -350.342279 -447.889069 -544.831867 -640.692653 -735.843825 -830.893260 -924.843887 -1017.431217 -1102.267679 -1173.021233 -1232.673097 -1280.913327 -1318.427585 -1346.604083 -1367.153629 -1381.786695 -1392.012981 -1399.058389 -1403.862303 -1407.117881 -1409.333913 -1410.938124 -1412.595868 -1416.459695 -1430.704409 -1490.197517 -1706.453538 -3241.206414 -3932.960872 -3932.515555 -3857.879181 -3517.128374 -3121.063715 -2824.339646 -2612.371852 -2440.231625 -2337.945048 -2272.454644 -2211.833768 -2148.520530 -2080.426374 -2008.805551 -1936.477505 -1865.212629 -1784.716998 -1435.188834 -1448.764056 -1422.741736 -1415.713868 -1414.241757 -1413.983711 -1413.942741 -1413.936944 -1413.936734 -1413.937340 -1413.937957 -1413.938461 -1413.938857 -1413.939168 -1413.939417 -1413.939621 -1413.939791 -1413.939939 -1413.940074 -1413.940208 -1413.940355 -1413.940532 -1413.940767 -1413.941102 -1413.941601 -1413.942370 -1413.943586 -1413.945553 -1413.948807 -1413.954331 -1413.963984 -1413.981385 -1414.013747 -1414.075801 -1414.198682 -1414.451965 -1415.002776 -1416.280479 -1419.447515 -1427.899075 -1453.336475 -9999.0 -9999.0
-9999.0 -9999.0 1023.272627 925.589323 827.800254 729.741365 631.526576 533.240873 434.932892 336.629643 238.346329 140.091681 41.871138 -56.304224 -154.429533 -252.469495 -350.342279 -447.889069 -544.831867 -640.692652 -735.843825 -830.893260 -924.843887 -1017.431217 -1102.267679 -1173.021232 -1232.673096 -1280.913327 -1318.427585 -1346.604083 -1367.153629 -1381.786695 -1392.012981 -1399.058389 -1403.862303 -1407.117881 -1409.333913 -1410.938124 -1412.595868 -1416.459695 -1430.704409 -1490.197517 -1706.453538 -3241.206416 -3932.960872 -3932.515555 -3857.879181 -3517.128375 -3121.063716 -2824.339649 -2612.371855 -2440.231626 -2337.945048 -2272.454644 -2211.833768 -2148.520530 -2080.426374 -2008.805551 -1936.477505 -1865.212629 -1784.716998 -1435.188834 -1448.764056 -1422.741736 -1415.713868 -1414.241757 -1413.983711 -1413.942741 -1413.936944 -1413.936734 -1413.937340 -1413.937957 -1413.938461 -1413.938857 -1413.939168 -1413.939417 -1413.939621 -1413.939791 -1413.939939 -1413.940074 -1413.940208 -1413.940355 -1413.940532 -1413.940767 -1413.941102 -1413.941601 -1413.942370 -1413.943586 -1413.945553 -1413.948807 -1413.954331 -1413.963984 -1413.981385 -1414.013747 -1414.075801 -1414.198682 -1414.451965 -1415.002776 -1416.280479 -1419.447515 -1427.899075 -1453.336475 -9999.0 -9999.0
-9999.0 -9999.0 -9999.0 -9999.0 -9999.0 -9999.0 -9999.0 -9999.0 -9999.0 -9999.0 -9999.0 -9999.0 -9999.0 -9999.0 -9999.0 -9999.0 -9999.0 -9999.0 -9999.0 -9999.0 -9999.0 -9999.0 -9999.0 -9999.0 -9999.0 -9999.0 -9999.0 -9999.0 -9999.0 -9999.0 -9999.0 -9999.0 -9999.0 -9999.0 -9999.0 -9999.0 -9999.0 -9999.0 -9999.0 -9999.0 -9999.0 -9999.0 -9999.0 -9999.0 -9999.0 -9999.0 -9999.0 -9999.0 -9999.0 -9999.0 -9999.0 -9999.0 -9999.0 -9999.0 -9999.0 -9999.0 -9999.0 -9999.0 -9999.0 -9999.0 -9999.0 -9999.0 -9999.0 -9999.0 -9999.0 -9999.0 -9999.0 -9999.0 -9999.0 -9999.0 -9999.0 -9999.0 -9999.0 -9999.0 -9999.0 -9999.0 -9999.0 -9999.0 -9999.0 -9999.0 -9999.0 -9999.0 -9999.0 -9999.0 -9999.0 -9999.0 -9999.0 -9999.0 -9999.0 -9999.0 -9999.0 -9999.0 -9999.0 -9999.0 -9999.0 -9999.0 -9999.0 -9999.0 -9999.0 -9999.0 -9999.0 -9999.0 -9999.0 -9999.0
-9999.0 -9999.0 -9999.0 -9999.0 -9999.0 -9999.0 -9999.0 -9999.0 -9999.0 -9999.0 -9999.0 -9999.0 -9999.0 -9999.0 -9999.0 -9999.0 -9999.0 -9999.0 -9999.0 -9999.0 -9999.0 -9999.0 -9999.0 -9999.0 -9999.0 -9999.0 -9999.0 -9999.0 -9999.0 -9999.0 -9999.0 -9999.0 -9999.0 -9999.0 -9999.0 -9999.0 -9999.0 -9999.0 -9999.0 -9999.0 -9999.0 -9999.0 -9999.0 -9999.0 -9999.0 -9999.0 -9999.0 -9999.0 -9999.0 -9999.0 -9999.0 -9999.0 -9999.0 -9999.0 -9999.0 -9999.0 -9999.0 -9999.0 -9999.0 -9999.0 -9999.0 -9999.0 -9999.0 -9999.0 -9999.0 -9999.0 -9999.0 -9999.0 -9999.0 -9999.0 -9999.0 -9999.0 -9999.0 -9999.0 -9999.0 -9999.0 -9999.0 -9999.0 -9999.0 -9999.0 -9999.0 -9999.0 -9999.0 -9999.0 -9999.0 -9999.0 -9999.0 -9999.0 -9999.0 -9999.0 -9999.0 -9999.0 -9999.0 -9999.0 -9999.0 -9999.0 -9999.0 -9999.0 -9999.0 -9999.0 -9999.0 -9999.0 -9999.0 -9999.0