inst/processing_geotop_simulation/geotop_simulation/out/maps3D/PwL0003N0098.asc
ncols         104
nrows         10
xllcorner     -2.000000
yllcorner     0.000000
cellsize      1.000000
NODATA_value  -9999.0
-9999.0 -9999.0 -9999.0 -9999.0 -9999.0 -9999.0 -9999.0 -9999.0 -9999.0 -9999.0 -9999.0 -9999.0 -9999.0 -9999.0 -9999.0 -9999.0 -9999.0 -9999.0 -9999.0 -9999.0 -9999.0 -9999.0 -9999.0 -9999.0 -9999.0 -9999.0 -9999.0 -9999.0 -9999.0 -9999.0 -9999.0 -9999.0 -9999.0 -9999.0 -9999.0 -9999.0 -9999.0 -9999.0 -9999.0 -9999.0 -9999.0 -9999.0 -9999.0 -9999.0 -9999.0 -9999.0 -9999.0 -9999.0 -9999.0 -9999.0 -9999.0 -9999.0 -9999.0 -9999.0 -9999.0 -9999.0 -9999.0 -9999.0 -9999.0 -9999.0 -9999.0 -9999.0 -9999.0 -9999.0 -9999.0 -9999.0 -9999.0 -9999.0 -9999.0 -9999.0 -9999.0 -9999.0 -9999.0 -9999.0 -9999.0 -9999.0 -9999.0 -9999.0 -9999.0 -9999.0 -9999.0 -9999.0 -9999.0 -9999.0 -9999.0 -9999.0 -9999.0 -9999.0 -9999.0 -9999.0 -9999.0 -9999.0 -9999.0 -9999.0 -9999.0 -9999.0 -9999.0 -9999.0 -9999.0 -9999.0 -9999.0 -9999.0 -9999.0 -9999.0
-9999.0 -9999.0 -9999.0 -9999.0 -9999.0 -9999.0 -9999.0 -9999.0 -9999.0 -9999.0 -9999.0 -9999.0 -9999.0 -9999.0 -9999.0 -9999.0 -9999.0 -9999.0 -9999.0 -9999.0 -9999.0 -9999.0 -9999.0 -9999.0 -9999.0 -9999.0 -9999.0 -9999.0 -9999.0 -9999.0 -9999.0 -9999.0 -9999.0 -9999.0 -9999.0 -9999.0 -9999.0 -9999.0 -9999.0 -9999.0 -9999.0 -9999.0 -9999.0 -9999.0 -9999.0 -9999.0 -9999.0 -9999.0 -9999.0 -9999.0 -9999.0 -9999.0 -9999.0 -9999.0 -9999.0 -9999.0 -9999.0 -9999.0 -9999.0 -9999.0 -9999.0 -9999.0 -9999.0 -9999.0 -9999.0 -9999.0 -9999.0 -9999.0 -9999.0 -9999.0 -9999.0 -9999.0 -9999.0 -9999.0 -9999.0 -9999.0 -9999.0 -9999.0 -9999.0 -9999.0 -9999.0 -9999.0 -9999.0 -9999.0 -9999.0 -9999.0 -9999.0 -9999.0 -9999.0 -9999.0 -9999.0 -9999.0 -9999.0 -9999.0 -9999.0 -9999.0 -9999.0 -9999.0 -9999.0 -9999.0 -9999.0 -9999.0 -9999.0 -9999.0
-9999.0 -9999.0 134.855469 50.250424 -41.893518 -136.045701 -230.974503 -326.271579 -421.838089 -517.805915 -616.064551 -738.971298 -879.610575 -1007.434886 -1115.463188 -1207.445222 -1298.620579 -1352.256461 -1373.080057 -1377.413276 -1375.120354 -1371.516231 -1368.907859 -1367.987427 -1368.667523 -1370.523533 -1373.024787 -1375.682517 -1378.144093 -1380.220859 -1381.858510 -1383.086224 -1383.971630 -1384.590471 -1385.010992 -1385.290088 -1385.481642 -1385.651793 -1385.872620 -1386.607902 -1392.357378 -1416.101298 -919.571546 -917.888833 -903.879277 -895.263347 -891.240224 -890.689561 -890.635145 -890.646760 -890.668828 -890.692207 -890.714636 -890.735384 -890.754438 -890.774683 -890.824940 -891.151616 -893.285163 -898.162747 -906.220152 -898.441215 -1398.437979 -1390.026058 -1386.557287 -1386.026563 -1385.934354 -1385.918016 -1385.917058 -1385.918959 -1385.921005 -1385.922675 -1385.923947 -1385.924906 -1385.925636 -1385.926201 -1385.926647 -1385.927006 -1385.927302 -1385.927561 -1385.927811 -1385.928084 -1385.928423 -1385.928889 -1385.929574 -1385.930624 -1385.932270 -1385.934891 -1385.939122 -1385.946055 -1385.957632 -1385.977429 -1386.012250 -1386.075384 -1386.193183 -1386.418174 -1386.855179 -1387.716336 -1389.452599 -1393.112228 -1401.418033 -1423.465610 -9999.0 -9999.0
-9999.0 -9999.0 134.867481 50.252768 -41.892927 -136.045530 -230.974449 -326.271561 -421.838083 -517.805913 -616.064551 -738.971298 -879.610576 -1007.434887 -1115.463188 -1207.445223 -1298.620579 -1352.256461 -1373.080057 -1377.413276 -1375.120354 -1371.516231 -1368.907859 -1367.987427 -1368.667523 -1370.523533 -1373.024787 -1375.682517 -1378.144093 -1380.220859 -1381.858510 -1383.086224 -1383.971630 -1384.590471 -1385.010992 -1385.290088 -1385.481642 -1385.651793 -1385.872620 -1386.607902 -1392.357378 -1416.101298 -919.571546 -917.888833 -903.879277 -895.263347 -891.240224 -890.689561 -890.635145 -890.646760 -890.668828 -890.692207 -890.714636 -890.735384 -890.754438 -890.774683 -890.824940 -891.151616 -893.285163 -898.162747 -906.220152 -898.441215 -1398.437979 -1390.026058 -1386.557287 -1386.026563 -1385.934354 -1385.918016 -1385.917058 -1385.918959 -1385.921005 -1385.922675 -1385.923947 -1385.924906 -1385.925636 -1385.926201 -1385.926647 -1385.927006 -1385.927302 -1385.927561 -1385.927811 -1385.928084 -1385.928423 -1385.928889 -1385.929574 -1385.930624 -1385.932270 -1385.934891 -1385.939122 -1385.946055 -1385.957632 -1385.977429 -1386.012250 -1386.075384 -1386.193183 -1386.418174 -1386.855179 -1387.716336 -1389.452599 -1393.112228 -1401.418033 -1423.465610 -9999.0 -9999.0
-9999.0 -9999.0 134.868979 50.253706 -41.892555 -136.045395 -230.974401 -326.271545 -421.838078 -517.805911 -616.064550 -738.971298 -879.610576 -1007.434887 -1115.463188 -1207.445223 -1298.620579 -1352.256461 -1373.080057 -1377.413276 -1375.120354 -1371.516231 -1368.907859 -1367.987427 -1368.667523 -1370.523533 -1373.024787 -1375.682517 -1378.144093 -1380.220859 -1381.858510 -1383.086224 -1383.971630 -1384.590471 -1385.010992 -1385.290088 -1385.481642 -1385.651793 -1385.872620 -1386.607902 -1392.357378 -1416.101298 -919.571546 -917.888833 -903.879277 -895.263347 -891.240224 -890.689561 -890.635145 -890.646760 -890.668828 -890.692207 -890.714636 -890.735384 -890.754438 -890.774683 -890.824940 -891.151616 -893.285163 -898.162747 -906.220152 -898.441215 -1398.437979 -1390.026058 -1386.557287 -1386.026563 -1385.934354 -1385.918016 -1385.917058 -1385.918959 -1385.921005 -1385.922675 -1385.923947 -1385.924906 -1385.925636 -1385.926201 -1385.926647 -1385.927006 -1385.927302 -1385.927561 -1385.927811 -1385.928084 -1385.928423 -1385.928889 -1385.929574 -1385.930624 -1385.932270 -1385.934891 -1385.939122 -1385.946055 -1385.957632 -1385.977429 -1386.012250 -1386.075384 -1386.193183 -1386.418174 -1386.855179 -1387.716336 -1389.452599 -1393.112228 -1401.418033 -1423.465610 -9999.0 -9999.0
-9999.0 -9999.0 134.868979 50.253706 -41.892555 -136.045395 -230.974401 -326.271545 -421.838078 -517.805911 -616.064550 -738.971298 -879.610576 -1007.434887 -1115.463188 -1207.445223 -1298.620579 -1352.256461 -1373.080057 -1377.413276 -1375.120354 -1371.516231 -1368.907859 -1367.987427 -1368.667523 -1370.523533 -1373.024787 -1375.682517 -1378.144093 -1380.220859 -1381.858510 -1383.086224 -1383.971630 -1384.590471 -1385.010992 -1385.290088 -1385.481642 -1385.651793 -1385.872620 -1386.607902 -1392.357378 -1416.101298 -919.571546 -917.888833 -903.879277 -895.263347 -891.240224 -890.689561 -890.635145 -890.646760 -890.668828 -890.692207 -890.714636 -890.735384 -890.754438 -890.774683 -890.824940 -891.151616 -893.285163 -898.162747 -906.220152 -898.441215 -1398.437979 -1390.026058 -1386.557287 -1386.026563 -1385.934354 -1385.918016 -1385.917058 -1385.918959 -1385.921005 -1385.922675 -1385.923947 -1385.924906 -1385.925636 -1385.926201 -1385.926647 -1385.927006 -1385.927302 -1385.927561 -1385.927811 -1385.928084 -1385.928423 -1385.928889 -1385.929574 -1385.930624 -1385.932270 -1385.934891 -1385.939122 -1385.946055 -1385.957632 -1385.977429 -1386.012250 -1386.075384 -1386.193183 -1386.418174 -1386.855179 -1387.716336 -1389.452599 -1393.112228 -1401.418033 -1423.465610 -9999.0 -9999.0
-9999.0 -9999.0 134.867481 50.252768 -41.892927 -136.045530 -230.974449 -326.271561 -421.838083 -517.805913 -616.064551 -738.971298 -879.610576 -1007.434887 -1115.463188 -1207.445223 -1298.620579 -1352.256461 -1373.080057 -1377.413276 -1375.120354 -1371.516231 -1368.907859 -1367.987427 -1368.667523 -1370.523533 -1373.024787 -1375.682517 -1378.144093 -1380.220859 -1381.858510 -1383.086224 -1383.971630 -1384.590471 -1385.010992 -1385.290088 -1385.481642 -1385.651793 -1385.872620 -1386.607902 -1392.357378 -1416.101298 -919.571546 -917.888833 -903.879277 -895.263347 -891.240224 -890.689561 -890.635145 -890.646760 -890.668828 -890.692207 -890.714636 -890.735384 -890.754438 -890.774683 -890.824940 -891.151616 -893.285163 -898.162747 -906.220152 -898.441215 -1398.437979 -1390.026058 -1386.557287 -1386.026563 -1385.934354 -1385.918016 -1385.917058 -1385.918959 -1385.921005 -1385.922675 -1385.923947 -1385.924906 -1385.925636 -1385.926201 -1385.926647 -1385.927006 -1385.927302 -1385.927561 -1385.927811 -1385.928084 -1385.928423 -1385.928889 -1385.929574 -1385.930624 -1385.932270 -1385.934891 -1385.939122 -1385.946055 -1385.957632 -1385.977429 -1386.012250 -1386.075384 -1386.193183 -1386.418174 -1386.855179 -1387.716336 -1389.452599 -1393.112228 -1401.418033 -1423.465610 -9999.0 -9999.0
-9999.0 -9999.0 134.855469 50.250424 -41.893518 -136.045701 -230.974503 -326.271579 -421.838089 -517.805915 -616.064551 -738.971298 -879.610575 -1007.434886 -1115.463188 -1207.445222 -1298.620579 -1352.256461 -1373.080057 -1377.413276 -1375.120354 -1371.516231 -1368.907859 -1367.987427 -1368.667523 -1370.523533 -1373.024787 -1375.682517 -1378.144093 -1380.220859 -1381.858510 -1383.086224 -1383.971630 -1384.590471 -1385.010992 -1385.290088 -1385.481642 -1385.651793 -1385.872620 -1386.607902 -1392.357378 -1416.101298 -919.571546 -917.888833 -903.879277 -895.263347 -891.240224 -890.689561 -890.635145 -890.646760 -890.668828 -890.692207 -890.714636 -890.735384 -890.754438 -890.774683 -890.824940 -891.151616 -893.285163 -898.162747 -906.220152 -898.441215 -1398.437979 -1390.026058 -1386.557287 -1386.026563 -1385.934354 -1385.918016 -1385.917058 -1385.918959 -1385.921005 -1385.922675 -1385.923947 -1385.924906 -1385.925636 -1385.926201 -1385.926647 -1385.927006 -1385.927302 -1385.927561 -1385.927811 -1385.928084 -1385.928423 -1385.928889 -1385.929574 -1385.930624 -1385.932270 -1385.934891 -1385.939122 -1385.946055 -1385.957632 -1385.977429 -1386.012250 -1386.075384 -1386.193183 -1386.418174 -1386.855179 -1387.716336 -1389.452599 -1393.112229 -1401.418033 -1423.465610 -9999.0 -9999.0
-9999.0 -9999.0 -9999.0 -9999.0 -9999.0 -9999.0 -9999.0 -9999.0 -9999.0 -9999.0 -9999.0 -9999.0 -9999.0 -9999.0 -9999.0 -9999.0 -9999.0 -9999.0 -9999.0 -9999.0 -9999.0 -9999.0 -9999.0 -9999.0 -9999.0 -9999.0 -9999.0 -9999.0 -9999.0 -9999.0 -9999.0 -9999.0 -9999.0 -9999.0 -9999.0 -9999.0 -9999.0 -9999.0 -9999.0 -9999.0 -9999.0 -9999.0 -9999.0 -9999.0 -9999.0 -9999.0 -9999.0 -9999.0 -9999.0 -9999.0 -9999.0 -9999.0 -9999.0 -9999.0 -9999.0 -9999.0 -9999.0 -9999.0 -9999.0 -9999.0 -9999.0 -9999.0 -9999.0 -9999.0 -9999.0 -9999.0 -9999.0 -9999.0 -9999.0 -9999.0 -9999.0 -9999.0 -9999.0 -9999.0 -9999.0 -9999.0 -9999.0 -9999.0 -9999.0 -9999.0 -9999.0 -9999.0 -9999.0 -9999.0 -9999.0 -9999.0 -9999.0 -9999.0 -9999.0 -9999.0 -9999.0 -9999.0 -9999.0 -9999.0 -9999.0 -9999.0 -9999.0 -9999.0 -9999.0 -9999.0 -9999.0 -9999.0 -9999.0 -9999.0
-9999.0 -9999.0 -9999.0 -9999.0 -9999.0 -9999.0 -9999.0 -9999.0 -9999.0 -9999.0 -9999.0 -9999.0 -9999.0 -9999.0 -9999.0 -9999.0 -9999.0 -9999.0 -9999.0 -9999.0 -9999.0 -9999.0 -9999.0 -9999.0 -9999.0 -9999.0 -9999.0 -9999.0 -9999.0 -9999.0 -9999.0 -9999.0 -9999.0 -9999.0 -9999.0 -9999.0 -9999.0 -9999.0 -9999.0 -9999.0 -9999.0 -9999.0 -9999.0 -9999.0 -9999.0 -9999.0 -9999.0 -9999.0 -9999.0 -9999.0 -9999.0 -9999.0 -9999.0 -9999.0 -9999.0 -9999.0 -9999.0 -9999.0 -9999.0 -9999.0 -9999.0 -9999.0 -9999.0 -9999.0 -9999.0 -9999.0 -9999.0 -9999.0 -9999.0 -9999.0 -9999.0 -9999.0 -9999.0 -9999.0 -9999.0 -9999.0 -9999.0 -9999.0 -9999.0 -9999.0 -9999.0 -9999.0 -9999.0 -9999.0 -9999.0 -9999.0 -9999.0 -9999.0 -9999.0 -9999.0 -9999.0 -9999.0 -9999.0 -9999.0 -9999.0 -9999.0 -9999.0 -9999.0 -9999.0 -9999.0 -9999.0 -9999.0 -9999.0 -9999.0