inst/processing_geotop_simulation/geotop_simulation/out/maps3D/PwL0006N0332.asc
ncols         104
nrows         10
xllcorner     -2.000000
yllcorner     0.000000
cellsize      1.000000
NODATA_value  -9999.0
-9999.0 -9999.0 -9999.0 -9999.0 -9999.0 -9999.0 -9999.0 -9999.0 -9999.0 -9999.0 -9999.0 -9999.0 -9999.0 -9999.0 -9999.0 -9999.0 -9999.0 -9999.0 -9999.0 -9999.0 -9999.0 -9999.0 -9999.0 -9999.0 -9999.0 -9999.0 -9999.0 -9999.0 -9999.0 -9999.0 -9999.0 -9999.0 -9999.0 -9999.0 -9999.0 -9999.0 -9999.0 -9999.0 -9999.0 -9999.0 -9999.0 -9999.0 -9999.0 -9999.0 -9999.0 -9999.0 -9999.0 -9999.0 -9999.0 -9999.0 -9999.0 -9999.0 -9999.0 -9999.0 -9999.0 -9999.0 -9999.0 -9999.0 -9999.0 -9999.0 -9999.0 -9999.0 -9999.0 -9999.0 -9999.0 -9999.0 -9999.0 -9999.0 -9999.0 -9999.0 -9999.0 -9999.0 -9999.0 -9999.0 -9999.0 -9999.0 -9999.0 -9999.0 -9999.0 -9999.0 -9999.0 -9999.0 -9999.0 -9999.0 -9999.0 -9999.0 -9999.0 -9999.0 -9999.0 -9999.0 -9999.0 -9999.0 -9999.0 -9999.0 -9999.0 -9999.0 -9999.0 -9999.0 -9999.0 -9999.0 -9999.0 -9999.0 -9999.0 -9999.0
-9999.0 -9999.0 -9999.0 -9999.0 -9999.0 -9999.0 -9999.0 -9999.0 -9999.0 -9999.0 -9999.0 -9999.0 -9999.0 -9999.0 -9999.0 -9999.0 -9999.0 -9999.0 -9999.0 -9999.0 -9999.0 -9999.0 -9999.0 -9999.0 -9999.0 -9999.0 -9999.0 -9999.0 -9999.0 -9999.0 -9999.0 -9999.0 -9999.0 -9999.0 -9999.0 -9999.0 -9999.0 -9999.0 -9999.0 -9999.0 -9999.0 -9999.0 -9999.0 -9999.0 -9999.0 -9999.0 -9999.0 -9999.0 -9999.0 -9999.0 -9999.0 -9999.0 -9999.0 -9999.0 -9999.0 -9999.0 -9999.0 -9999.0 -9999.0 -9999.0 -9999.0 -9999.0 -9999.0 -9999.0 -9999.0 -9999.0 -9999.0 -9999.0 -9999.0 -9999.0 -9999.0 -9999.0 -9999.0 -9999.0 -9999.0 -9999.0 -9999.0 -9999.0 -9999.0 -9999.0 -9999.0 -9999.0 -9999.0 -9999.0 -9999.0 -9999.0 -9999.0 -9999.0 -9999.0 -9999.0 -9999.0 -9999.0 -9999.0 -9999.0 -9999.0 -9999.0 -9999.0 -9999.0 -9999.0 -9999.0 -9999.0 -9999.0 -9999.0 -9999.0
-9999.0 -9999.0 275.060964 177.747478 79.307925 -19.509654 -118.472926 -217.495642 -316.531704 -415.548128 -514.506963 -613.322292 -711.820968 -810.203284 -908.436464 -1006.638951 -1104.745342 -1201.742055 -1297.353089 -1390.633015 -1479.790496 -1561.894448 -1633.765413 -1693.387308 -1740.516335 -1776.334753 -1802.742871 -1821.766415 -1835.224608 -1844.608038 -1851.072974 -1855.484008 -1858.470266 -1860.479801 -1861.826628 -1862.730278 -1863.353991 -1863.872822 -1864.703948 -1867.152850 -1872.128728 -1840.838118 -1180.112099 -1206.036533 -1188.754008 -1177.447108 -1172.168507 -1171.385047 -1171.301810 -1171.309660 -1171.330592 -1171.353119 -1171.374770 -1171.394822 -1171.413452 -1171.435303 -1171.504232 -1171.968823 -1174.762072 -1180.986534 -1189.146273 -1151.492123 -1813.653491 -1865.667115 -1865.721673 -1864.859348 -1864.649990 -1864.612614 -1864.606977 -1864.606639 -1864.607102 -1864.607595 -1864.607997 -1864.608309 -1864.608549 -1864.608738 -1864.608889 -1864.609013 -1864.609118 -1864.609213 -1864.609307 -1864.609412 -1864.609544 -1864.609725 -1864.609990 -1864.610396 -1864.611031 -1864.612049 -1864.613706 -1864.616463 -1864.621159 -1864.629384 -1864.644228 -1864.671836 -1864.724662 -1864.828680 -1865.040656 -1865.493548 -1866.525613 -1869.085582 -1876.227021 -1899.738159 -9999.0 -9999.0
-9999.0 -9999.0 275.069011 177.749326 79.308408 -19.509512 -118.472881 -217.495627 -316.531699 -415.548126 -514.506962 -613.322292 -711.820968 -810.203284 -908.436464 -1006.638951 -1104.745342 -1201.742055 -1297.353089 -1390.633015 -1479.790496 -1561.894448 -1633.765413 -1693.387308 -1740.516335 -1776.334753 -1802.742871 -1821.766415 -1835.224608 -1844.608038 -1851.072974 -1855.484008 -1858.470266 -1860.479801 -1861.826628 -1862.730278 -1863.353991 -1863.872822 -1864.703948 -1867.152850 -1872.128728 -1840.838118 -1180.112099 -1206.036533 -1188.754008 -1177.447108 -1172.168507 -1171.385047 -1171.301810 -1171.309660 -1171.330592 -1171.353119 -1171.374770 -1171.394822 -1171.413452 -1171.435303 -1171.504232 -1171.968823 -1174.762072 -1180.986534 -1189.146273 -1151.492123 -1813.653491 -1865.667115 -1865.721673 -1864.859348 -1864.649990 -1864.612614 -1864.606977 -1864.606639 -1864.607102 -1864.607595 -1864.607997 -1864.608309 -1864.608549 -1864.608738 -1864.608889 -1864.609013 -1864.609118 -1864.609213 -1864.609307 -1864.609412 -1864.609544 -1864.609725 -1864.609990 -1864.610396 -1864.611031 -1864.612049 -1864.613706 -1864.616463 -1864.621159 -1864.629384 -1864.644228 -1864.671836 -1864.724662 -1864.828680 -1865.040656 -1865.493548 -1866.525613 -1869.085582 -1876.227021 -1899.738159 -9999.0 -9999.0
-9999.0 -9999.0 275.070405 177.750099 79.308715 -19.509400 -118.472841 -217.495613 -316.531693 -415.548124 -514.506961 -613.322292 -711.820968 -810.203284 -908.436464 -1006.638951 -1104.745342 -1201.742055 -1297.353089 -1390.633015 -1479.790496 -1561.894449 -1633.765414 -1693.387309 -1740.516335 -1776.334753 -1802.742871 -1821.766415 -1835.224608 -1844.608038 -1851.072974 -1855.484008 -1858.470266 -1860.479801 -1861.826628 -1862.730278 -1863.353991 -1863.872822 -1864.703948 -1867.152850 -1872.128728 -1840.838118 -1180.112099 -1206.036533 -1188.754008 -1177.447108 -1172.168507 -1171.385047 -1171.301810 -1171.309660 -1171.330592 -1171.353119 -1171.374770 -1171.394822 -1171.413452 -1171.435303 -1171.504232 -1171.968823 -1174.762072 -1180.986534 -1189.146273 -1151.492123 -1813.653491 -1865.667115 -1865.721673 -1864.859348 -1864.649990 -1864.612614 -1864.606977 -1864.606639 -1864.607102 -1864.607595 -1864.607997 -1864.608309 -1864.608549 -1864.608738 -1864.608889 -1864.609013 -1864.609118 -1864.609213 -1864.609307 -1864.609412 -1864.609544 -1864.609725 -1864.609990 -1864.610396 -1864.611031 -1864.612049 -1864.613706 -1864.616463 -1864.621159 -1864.629384 -1864.644228 -1864.671836 -1864.724662 -1864.828680 -1865.040656 -1865.493548 -1866.525613 -1869.085582 -1876.227021 -1899.738159 -9999.0 -9999.0
-9999.0 -9999.0 275.070405 177.750099 79.308715 -19.509400 -118.472841 -217.495613 -316.531693 -415.548124 -514.506961 -613.322292 -711.820968 -810.203284 -908.436464 -1006.638951 -1104.745342 -1201.742055 -1297.353089 -1390.633015 -1479.790496 -1561.894449 -1633.765414 -1693.387309 -1740.516335 -1776.334753 -1802.742871 -1821.766415 -1835.224608 -1844.608038 -1851.072974 -1855.484008 -1858.470266 -1860.479801 -1861.826628 -1862.730278 -1863.353991 -1863.872822 -1864.703948 -1867.152850 -1872.128728 -1840.838118 -1180.112099 -1206.036533 -1188.754008 -1177.447108 -1172.168507 -1171.385047 -1171.301810 -1171.309660 -1171.330592 -1171.353119 -1171.374770 -1171.394822 -1171.413452 -1171.435303 -1171.504232 -1171.968823 -1174.762072 -1180.986534 -1189.146273 -1151.492123 -1813.653491 -1865.667115 -1865.721673 -1864.859348 -1864.649990 -1864.612614 -1864.606977 -1864.606639 -1864.607102 -1864.607595 -1864.607997 -1864.608309 -1864.608549 -1864.608738 -1864.608889 -1864.609013 -1864.609118 -1864.609213 -1864.609307 -1864.609412 -1864.609544 -1864.609725 -1864.609990 -1864.610396 -1864.611031 -1864.612049 -1864.613706 -1864.616463 -1864.621159 -1864.629384 -1864.644228 -1864.671836 -1864.724662 -1864.828680 -1865.040656 -1865.493548 -1866.525613 -1869.085582 -1876.227021 -1899.738159 -9999.0 -9999.0
-9999.0 -9999.0 275.069011 177.749326 79.308408 -19.509511 -118.472881 -217.495627 -316.531699 -415.548126 -514.506962 -613.322292 -711.820968 -810.203284 -908.436464 -1006.638951 -1104.745342 -1201.742055 -1297.353089 -1390.633015 -1479.790496 -1561.894448 -1633.765413 -1693.387308 -1740.516335 -1776.334753 -1802.742871 -1821.766415 -1835.224608 -1844.608038 -1851.072974 -1855.484008 -1858.470266 -1860.479801 -1861.826628 -1862.730278 -1863.353991 -1863.872822 -1864.703948 -1867.152850 -1872.128728 -1840.838118 -1180.112099 -1206.036533 -1188.754008 -1177.447108 -1172.168507 -1171.385047 -1171.301810 -1171.309660 -1171.330592 -1171.353119 -1171.374770 -1171.394822 -1171.413452 -1171.435303 -1171.504232 -1171.968823 -1174.762072 -1180.986534 -1189.146273 -1151.492123 -1813.653491 -1865.667115 -1865.721673 -1864.859348 -1864.649990 -1864.612614 -1864.606977 -1864.606639 -1864.607102 -1864.607595 -1864.607997 -1864.608309 -1864.608549 -1864.608738 -1864.608889 -1864.609013 -1864.609118 -1864.609213 -1864.609307 -1864.609412 -1864.609544 -1864.609725 -1864.609990 -1864.610396 -1864.611031 -1864.612049 -1864.613706 -1864.616463 -1864.621159 -1864.629384 -1864.644228 -1864.671836 -1864.724662 -1864.828680 -1865.040656 -1865.493548 -1866.525613 -1869.085582 -1876.227021 -1899.738159 -9999.0 -9999.0
-9999.0 -9999.0 275.060965 177.747478 79.307925 -19.509654 -118.472926 -217.495642 -316.531704 -415.548128 -514.506963 -613.322292 -711.820968 -810.203284 -908.436464 -1006.638951 -1104.745342 -1201.742055 -1297.353089 -1390.633015 -1479.790496 -1561.894448 -1633.765413 -1693.387308 -1740.516335 -1776.334753 -1802.742871 -1821.766415 -1835.224608 -1844.608038 -1851.072974 -1855.484008 -1858.470266 -1860.479801 -1861.826628 -1862.730278 -1863.353991 -1863.872822 -1864.703948 -1867.152850 -1872.128728 -1840.838118 -1180.112099 -1206.036533 -1188.754008 -1177.447108 -1172.168507 -1171.385047 -1171.301810 -1171.309660 -1171.330592 -1171.353119 -1171.374770 -1171.394822 -1171.413452 -1171.435303 -1171.504232 -1171.968823 -1174.762072 -1180.986534 -1189.146273 -1151.492123 -1813.653491 -1865.667115 -1865.721673 -1864.859348 -1864.649990 -1864.612614 -1864.606977 -1864.606639 -1864.607102 -1864.607595 -1864.607997 -1864.608309 -1864.608549 -1864.608738 -1864.608889 -1864.609013 -1864.609118 -1864.609213 -1864.609307 -1864.609412 -1864.609544 -1864.609725 -1864.609990 -1864.610396 -1864.611031 -1864.612049 -1864.613706 -1864.616463 -1864.621159 -1864.629384 -1864.644228 -1864.671836 -1864.724662 -1864.828680 -1865.040656 -1865.493548 -1866.525613 -1869.085582 -1876.227021 -1899.738159 -9999.0 -9999.0
-9999.0 -9999.0 -9999.0 -9999.0 -9999.0 -9999.0 -9999.0 -9999.0 -9999.0 -9999.0 -9999.0 -9999.0 -9999.0 -9999.0 -9999.0 -9999.0 -9999.0 -9999.0 -9999.0 -9999.0 -9999.0 -9999.0 -9999.0 -9999.0 -9999.0 -9999.0 -9999.0 -9999.0 -9999.0 -9999.0 -9999.0 -9999.0 -9999.0 -9999.0 -9999.0 -9999.0 -9999.0 -9999.0 -9999.0 -9999.0 -9999.0 -9999.0 -9999.0 -9999.0 -9999.0 -9999.0 -9999.0 -9999.0 -9999.0 -9999.0 -9999.0 -9999.0 -9999.0 -9999.0 -9999.0 -9999.0 -9999.0 -9999.0 -9999.0 -9999.0 -9999.0 -9999.0 -9999.0 -9999.0 -9999.0 -9999.0 -9999.0 -9999.0 -9999.0 -9999.0 -9999.0 -9999.0 -9999.0 -9999.0 -9999.0 -9999.0 -9999.0 -9999.0 -9999.0 -9999.0 -9999.0 -9999.0 -9999.0 -9999.0 -9999.0 -9999.0 -9999.0 -9999.0 -9999.0 -9999.0 -9999.0 -9999.0 -9999.0 -9999.0 -9999.0 -9999.0 -9999.0 -9999.0 -9999.0 -9999.0 -9999.0 -9999.0 -9999.0 -9999.0
-9999.0 -9999.0 -9999.0 -9999.0 -9999.0 -9999.0 -9999.0 -9999.0 -9999.0 -9999.0 -9999.0 -9999.0 -9999.0 -9999.0 -9999.0 -9999.0 -9999.0 -9999.0 -9999.0 -9999.0 -9999.0 -9999.0 -9999.0 -9999.0 -9999.0 -9999.0 -9999.0 -9999.0 -9999.0 -9999.0 -9999.0 -9999.0 -9999.0 -9999.0 -9999.0 -9999.0 -9999.0 -9999.0 -9999.0 -9999.0 -9999.0 -9999.0 -9999.0 -9999.0 -9999.0 -9999.0 -9999.0 -9999.0 -9999.0 -9999.0 -9999.0 -9999.0 -9999.0 -9999.0 -9999.0 -9999.0 -9999.0 -9999.0 -9999.0 -9999.0 -9999.0 -9999.0 -9999.0 -9999.0 -9999.0 -9999.0 -9999.0 -9999.0 -9999.0 -9999.0 -9999.0 -9999.0 -9999.0 -9999.0 -9999.0 -9999.0 -9999.0 -9999.0 -9999.0 -9999.0 -9999.0 -9999.0 -9999.0 -9999.0 -9999.0 -9999.0 -9999.0 -9999.0 -9999.0 -9999.0 -9999.0 -9999.0 -9999.0 -9999.0 -9999.0 -9999.0 -9999.0 -9999.0 -9999.0 -9999.0 -9999.0 -9999.0 -9999.0 -9999.0