inst/processing_geotop_simulation/geotop_simulation/out/maps3D/PwL0002N0097.asc
ncols         104
nrows         10
xllcorner     -2.000000
yllcorner     0.000000
cellsize      1.000000
NODATA_value  -9999.0
-9999.0 -9999.0 -9999.0 -9999.0 -9999.0 -9999.0 -9999.0 -9999.0 -9999.0 -9999.0 -9999.0 -9999.0 -9999.0 -9999.0 -9999.0 -9999.0 -9999.0 -9999.0 -9999.0 -9999.0 -9999.0 -9999.0 -9999.0 -9999.0 -9999.0 -9999.0 -9999.0 -9999.0 -9999.0 -9999.0 -9999.0 -9999.0 -9999.0 -9999.0 -9999.0 -9999.0 -9999.0 -9999.0 -9999.0 -9999.0 -9999.0 -9999.0 -9999.0 -9999.0 -9999.0 -9999.0 -9999.0 -9999.0 -9999.0 -9999.0 -9999.0 -9999.0 -9999.0 -9999.0 -9999.0 -9999.0 -9999.0 -9999.0 -9999.0 -9999.0 -9999.0 -9999.0 -9999.0 -9999.0 -9999.0 -9999.0 -9999.0 -9999.0 -9999.0 -9999.0 -9999.0 -9999.0 -9999.0 -9999.0 -9999.0 -9999.0 -9999.0 -9999.0 -9999.0 -9999.0 -9999.0 -9999.0 -9999.0 -9999.0 -9999.0 -9999.0 -9999.0 -9999.0 -9999.0 -9999.0 -9999.0 -9999.0 -9999.0 -9999.0 -9999.0 -9999.0 -9999.0 -9999.0 -9999.0 -9999.0 -9999.0 -9999.0 -9999.0 -9999.0
-9999.0 -9999.0 -9999.0 -9999.0 -9999.0 -9999.0 -9999.0 -9999.0 -9999.0 -9999.0 -9999.0 -9999.0 -9999.0 -9999.0 -9999.0 -9999.0 -9999.0 -9999.0 -9999.0 -9999.0 -9999.0 -9999.0 -9999.0 -9999.0 -9999.0 -9999.0 -9999.0 -9999.0 -9999.0 -9999.0 -9999.0 -9999.0 -9999.0 -9999.0 -9999.0 -9999.0 -9999.0 -9999.0 -9999.0 -9999.0 -9999.0 -9999.0 -9999.0 -9999.0 -9999.0 -9999.0 -9999.0 -9999.0 -9999.0 -9999.0 -9999.0 -9999.0 -9999.0 -9999.0 -9999.0 -9999.0 -9999.0 -9999.0 -9999.0 -9999.0 -9999.0 -9999.0 -9999.0 -9999.0 -9999.0 -9999.0 -9999.0 -9999.0 -9999.0 -9999.0 -9999.0 -9999.0 -9999.0 -9999.0 -9999.0 -9999.0 -9999.0 -9999.0 -9999.0 -9999.0 -9999.0 -9999.0 -9999.0 -9999.0 -9999.0 -9999.0 -9999.0 -9999.0 -9999.0 -9999.0 -9999.0 -9999.0 -9999.0 -9999.0 -9999.0 -9999.0 -9999.0 -9999.0 -9999.0 -9999.0 -9999.0 -9999.0 -9999.0 -9999.0
-9999.0 -9999.0 84.149562 0.024105 -92.281072 -186.589285 -281.672697 -377.150773 -472.962628 -569.325872 -669.406343 -801.480333 -949.150954 -1077.863925 -1180.626363 -1273.049110 -1354.044709 -1395.816655 -1410.359284 -1411.530172 -1407.849229 -1403.769849 -1401.119574 -1400.344184 -1401.234590 -1403.307338 -1406.003659 -1408.822462 -1411.408135 -1413.574913 -1415.274439 -1416.542666 -1417.453412 -1418.087376 -1418.516415 -1418.799861 -1418.993303 -1419.164457 -1419.382860 -1420.080172 -1425.591878 -1446.760390 -922.939678 -918.508051 -906.285085 -898.758162 -895.239218 -894.752202 -894.704226 -894.715443 -894.736197 -894.758158 -894.779227 -894.798715 -894.816599 -894.835460 -894.881111 -895.173279 -897.051839 -901.353067 -908.467021 -904.711081 -1429.697784 -1423.363971 -1420.056078 -1419.538509 -1419.447016 -1419.430732 -1419.429830 -1419.431783 -1419.433872 -1419.435573 -1419.436869 -1419.437846 -1419.438589 -1419.439164 -1419.439618 -1419.439983 -1419.440285 -1419.440549 -1419.440803 -1419.441080 -1419.441424 -1419.441897 -1419.442593 -1419.443659 -1419.445329 -1419.447989 -1419.452281 -1419.459313 -1419.471053 -1419.491121 -1419.526405 -1419.590352 -1419.709629 -1419.937369 -1420.379524 -1421.250038 -1423.001776 -1426.681821 -1434.998175 -1456.989173 -9999.0 -9999.0
-9999.0 -9999.0 84.162538 0.026457 -92.280483 -186.589114 -281.672644 -377.150755 -472.962622 -569.325871 -669.406343 -801.480334 -949.150955 -1077.863925 -1180.626363 -1273.049110 -1354.044709 -1395.816655 -1410.359284 -1411.530172 -1407.849229 -1403.769849 -1401.119574 -1400.344184 -1401.234590 -1403.307338 -1406.003659 -1408.822462 -1411.408135 -1413.574913 -1415.274439 -1416.542666 -1417.453412 -1418.087376 -1418.516415 -1418.799861 -1418.993303 -1419.164457 -1419.382860 -1420.080172 -1425.591878 -1446.760390 -922.939678 -918.508051 -906.285084 -898.758162 -895.239218 -894.752202 -894.704226 -894.715443 -894.736197 -894.758158 -894.779227 -894.798715 -894.816599 -894.835460 -894.881111 -895.173279 -897.051839 -901.353067 -908.467021 -904.711081 -1429.697784 -1423.363971 -1420.056078 -1419.538509 -1419.447016 -1419.430732 -1419.429830 -1419.431783 -1419.433872 -1419.435573 -1419.436869 -1419.437846 -1419.438589 -1419.439164 -1419.439618 -1419.439983 -1419.440285 -1419.440549 -1419.440803 -1419.441080 -1419.441424 -1419.441897 -1419.442593 -1419.443659 -1419.445329 -1419.447989 -1419.452281 -1419.459313 -1419.471053 -1419.491121 -1419.526405 -1419.590352 -1419.709629 -1419.937369 -1420.379524 -1421.250038 -1423.001776 -1426.681821 -1434.998175 -1456.989173 -9999.0 -9999.0
-9999.0 -9999.0 84.163948 0.027390 -92.280113 -186.588980 -281.672596 -377.150739 -472.962617 -569.325869 -669.406343 -801.480333 -949.150955 -1077.863925 -1180.626363 -1273.049110 -1354.044709 -1395.816655 -1410.359284 -1411.530172 -1407.849229 -1403.769849 -1401.119574 -1400.344184 -1401.234590 -1403.307338 -1406.003659 -1408.822462 -1411.408135 -1413.574913 -1415.274439 -1416.542666 -1417.453412 -1418.087376 -1418.516415 -1418.799861 -1418.993303 -1419.164457 -1419.382860 -1420.080172 -1425.591878 -1446.760390 -922.939678 -918.508051 -906.285084 -898.758162 -895.239218 -894.752202 -894.704226 -894.715443 -894.736197 -894.758158 -894.779227 -894.798715 -894.816599 -894.835460 -894.881111 -895.173279 -897.051839 -901.353067 -908.467021 -904.711081 -1429.697784 -1423.363971 -1420.056078 -1419.538509 -1419.447016 -1419.430732 -1419.429830 -1419.431783 -1419.433872 -1419.435573 -1419.436869 -1419.437846 -1419.438589 -1419.439164 -1419.439618 -1419.439983 -1419.440285 -1419.440549 -1419.440803 -1419.441080 -1419.441424 -1419.441897 -1419.442593 -1419.443659 -1419.445329 -1419.447989 -1419.452281 -1419.459313 -1419.471053 -1419.491121 -1419.526405 -1419.590352 -1419.709629 -1419.937369 -1420.379524 -1421.250038 -1423.001776 -1426.681821 -1434.998175 -1456.989173 -9999.0 -9999.0
-9999.0 -9999.0 84.163948 0.027390 -92.280113 -186.588980 -281.672596 -377.150739 -472.962617 -569.325869 -669.406343 -801.480334 -949.150955 -1077.863925 -1180.626363 -1273.049110 -1354.044709 -1395.816655 -1410.359284 -1411.530172 -1407.849229 -1403.769849 -1401.119574 -1400.344184 -1401.234590 -1403.307338 -1406.003659 -1408.822462 -1411.408135 -1413.574913 -1415.274439 -1416.542666 -1417.453412 -1418.087376 -1418.516415 -1418.799861 -1418.993303 -1419.164457 -1419.382860 -1420.080172 -1425.591878 -1446.760390 -922.939678 -918.508051 -906.285084 -898.758162 -895.239218 -894.752202 -894.704226 -894.715443 -894.736197 -894.758158 -894.779227 -894.798715 -894.816599 -894.835460 -894.881111 -895.173279 -897.051839 -901.353067 -908.467021 -904.711081 -1429.697784 -1423.363971 -1420.056078 -1419.538509 -1419.447016 -1419.430732 -1419.429830 -1419.431783 -1419.433872 -1419.435573 -1419.436869 -1419.437846 -1419.438589 -1419.439164 -1419.439618 -1419.439983 -1419.440285 -1419.440549 -1419.440803 -1419.441080 -1419.441424 -1419.441897 -1419.442593 -1419.443659 -1419.445329 -1419.447989 -1419.452281 -1419.459313 -1419.471053 -1419.491121 -1419.526405 -1419.590352 -1419.709629 -1419.937369 -1420.379524 -1421.250038 -1423.001776 -1426.681821 -1434.998175 -1456.989173 -9999.0 -9999.0
-9999.0 -9999.0 84.162538 0.026457 -92.280483 -186.589114 -281.672644 -377.150755 -472.962622 -569.325871 -669.406343 -801.480334 -949.150955 -1077.863925 -1180.626363 -1273.049110 -1354.044709 -1395.816655 -1410.359284 -1411.530172 -1407.849229 -1403.769849 -1401.119574 -1400.344184 -1401.234590 -1403.307338 -1406.003659 -1408.822462 -1411.408135 -1413.574913 -1415.274439 -1416.542666 -1417.453412 -1418.087376 -1418.516415 -1418.799861 -1418.993303 -1419.164457 -1419.382860 -1420.080172 -1425.591878 -1446.760390 -922.939678 -918.508051 -906.285084 -898.758162 -895.239218 -894.752202 -894.704226 -894.715443 -894.736197 -894.758158 -894.779227 -894.798715 -894.816599 -894.835460 -894.881111 -895.173279 -897.051839 -901.353067 -908.467021 -904.711081 -1429.697784 -1423.363971 -1420.056078 -1419.538509 -1419.447016 -1419.430732 -1419.429830 -1419.431783 -1419.433872 -1419.435573 -1419.436869 -1419.437846 -1419.438589 -1419.439164 -1419.439618 -1419.439983 -1419.440285 -1419.440549 -1419.440803 -1419.441080 -1419.441424 -1419.441897 -1419.442593 -1419.443659 -1419.445329 -1419.447989 -1419.452281 -1419.459313 -1419.471053 -1419.491121 -1419.526405 -1419.590352 -1419.709629 -1419.937369 -1420.379524 -1421.250038 -1423.001776 -1426.681821 -1434.998175 -1456.989173 -9999.0 -9999.0
-9999.0 -9999.0 84.149562 0.024105 -92.281072 -186.589285 -281.672697 -377.150773 -472.962628 -569.325872 -669.406343 -801.480333 -949.150954 -1077.863925 -1180.626363 -1273.049110 -1354.044709 -1395.816655 -1410.359284 -1411.530172 -1407.849229 -1403.769849 -1401.119574 -1400.344184 -1401.234590 -1403.307338 -1406.003659 -1408.822462 -1411.408135 -1413.574913 -1415.274439 -1416.542666 -1417.453412 -1418.087376 -1418.516415 -1418.799861 -1418.993303 -1419.164457 -1419.382860 -1420.080172 -1425.591878 -1446.760390 -922.939678 -918.508051 -906.285085 -898.758162 -895.239218 -894.752202 -894.704226 -894.715443 -894.736197 -894.758158 -894.779227 -894.798715 -894.816599 -894.835460 -894.881111 -895.173279 -897.051839 -901.353067 -908.467021 -904.711081 -1429.697784 -1423.363971 -1420.056078 -1419.538509 -1419.447016 -1419.430732 -1419.429830 -1419.431783 -1419.433872 -1419.435573 -1419.436869 -1419.437846 -1419.438589 -1419.439164 -1419.439618 -1419.439983 -1419.440285 -1419.440549 -1419.440803 -1419.441080 -1419.441424 -1419.441897 -1419.442593 -1419.443659 -1419.445329 -1419.447989 -1419.452281 -1419.459313 -1419.471053 -1419.491121 -1419.526405 -1419.590352 -1419.709629 -1419.937369 -1420.379524 -1421.250038 -1423.001776 -1426.681821 -1434.998175 -1456.989173 -9999.0 -9999.0
-9999.0 -9999.0 -9999.0 -9999.0 -9999.0 -9999.0 -9999.0 -9999.0 -9999.0 -9999.0 -9999.0 -9999.0 -9999.0 -9999.0 -9999.0 -9999.0 -9999.0 -9999.0 -9999.0 -9999.0 -9999.0 -9999.0 -9999.0 -9999.0 -9999.0 -9999.0 -9999.0 -9999.0 -9999.0 -9999.0 -9999.0 -9999.0 -9999.0 -9999.0 -9999.0 -9999.0 -9999.0 -9999.0 -9999.0 -9999.0 -9999.0 -9999.0 -9999.0 -9999.0 -9999.0 -9999.0 -9999.0 -9999.0 -9999.0 -9999.0 -9999.0 -9999.0 -9999.0 -9999.0 -9999.0 -9999.0 -9999.0 -9999.0 -9999.0 -9999.0 -9999.0 -9999.0 -9999.0 -9999.0 -9999.0 -9999.0 -9999.0 -9999.0 -9999.0 -9999.0 -9999.0 -9999.0 -9999.0 -9999.0 -9999.0 -9999.0 -9999.0 -9999.0 -9999.0 -9999.0 -9999.0 -9999.0 -9999.0 -9999.0 -9999.0 -9999.0 -9999.0 -9999.0 -9999.0 -9999.0 -9999.0 -9999.0 -9999.0 -9999.0 -9999.0 -9999.0 -9999.0 -9999.0 -9999.0 -9999.0 -9999.0 -9999.0 -9999.0 -9999.0
-9999.0 -9999.0 -9999.0 -9999.0 -9999.0 -9999.0 -9999.0 -9999.0 -9999.0 -9999.0 -9999.0 -9999.0 -9999.0 -9999.0 -9999.0 -9999.0 -9999.0 -9999.0 -9999.0 -9999.0 -9999.0 -9999.0 -9999.0 -9999.0 -9999.0 -9999.0 -9999.0 -9999.0 -9999.0 -9999.0 -9999.0 -9999.0 -9999.0 -9999.0 -9999.0 -9999.0 -9999.0 -9999.0 -9999.0 -9999.0 -9999.0 -9999.0 -9999.0 -9999.0 -9999.0 -9999.0 -9999.0 -9999.0 -9999.0 -9999.0 -9999.0 -9999.0 -9999.0 -9999.0 -9999.0 -9999.0 -9999.0 -9999.0 -9999.0 -9999.0 -9999.0 -9999.0 -9999.0 -9999.0 -9999.0 -9999.0 -9999.0 -9999.0 -9999.0 -9999.0 -9999.0 -9999.0 -9999.0 -9999.0 -9999.0 -9999.0 -9999.0 -9999.0 -9999.0 -9999.0 -9999.0 -9999.0 -9999.0 -9999.0 -9999.0 -9999.0 -9999.0 -9999.0 -9999.0 -9999.0 -9999.0 -9999.0 -9999.0 -9999.0 -9999.0 -9999.0 -9999.0 -9999.0 -9999.0 -9999.0 -9999.0 -9999.0 -9999.0 -9999.0