inst/processing_geotop_simulation/geotop_simulation/out/maps3D/PwL0011N0071.asc
ncols         104
nrows         10
xllcorner     -2.000000
yllcorner     0.000000
cellsize      1.000000
NODATA_value  -9999.0
-9999.0 -9999.0 -9999.0 -9999.0 -9999.0 -9999.0 -9999.0 -9999.0 -9999.0 -9999.0 -9999.0 -9999.0 -9999.0 -9999.0 -9999.0 -9999.0 -9999.0 -9999.0 -9999.0 -9999.0 -9999.0 -9999.0 -9999.0 -9999.0 -9999.0 -9999.0 -9999.0 -9999.0 -9999.0 -9999.0 -9999.0 -9999.0 -9999.0 -9999.0 -9999.0 -9999.0 -9999.0 -9999.0 -9999.0 -9999.0 -9999.0 -9999.0 -9999.0 -9999.0 -9999.0 -9999.0 -9999.0 -9999.0 -9999.0 -9999.0 -9999.0 -9999.0 -9999.0 -9999.0 -9999.0 -9999.0 -9999.0 -9999.0 -9999.0 -9999.0 -9999.0 -9999.0 -9999.0 -9999.0 -9999.0 -9999.0 -9999.0 -9999.0 -9999.0 -9999.0 -9999.0 -9999.0 -9999.0 -9999.0 -9999.0 -9999.0 -9999.0 -9999.0 -9999.0 -9999.0 -9999.0 -9999.0 -9999.0 -9999.0 -9999.0 -9999.0 -9999.0 -9999.0 -9999.0 -9999.0 -9999.0 -9999.0 -9999.0 -9999.0 -9999.0 -9999.0 -9999.0 -9999.0 -9999.0 -9999.0 -9999.0 -9999.0 -9999.0 -9999.0
-9999.0 -9999.0 -9999.0 -9999.0 -9999.0 -9999.0 -9999.0 -9999.0 -9999.0 -9999.0 -9999.0 -9999.0 -9999.0 -9999.0 -9999.0 -9999.0 -9999.0 -9999.0 -9999.0 -9999.0 -9999.0 -9999.0 -9999.0 -9999.0 -9999.0 -9999.0 -9999.0 -9999.0 -9999.0 -9999.0 -9999.0 -9999.0 -9999.0 -9999.0 -9999.0 -9999.0 -9999.0 -9999.0 -9999.0 -9999.0 -9999.0 -9999.0 -9999.0 -9999.0 -9999.0 -9999.0 -9999.0 -9999.0 -9999.0 -9999.0 -9999.0 -9999.0 -9999.0 -9999.0 -9999.0 -9999.0 -9999.0 -9999.0 -9999.0 -9999.0 -9999.0 -9999.0 -9999.0 -9999.0 -9999.0 -9999.0 -9999.0 -9999.0 -9999.0 -9999.0 -9999.0 -9999.0 -9999.0 -9999.0 -9999.0 -9999.0 -9999.0 -9999.0 -9999.0 -9999.0 -9999.0 -9999.0 -9999.0 -9999.0 -9999.0 -9999.0 -9999.0 -9999.0 -9999.0 -9999.0 -9999.0 -9999.0 -9999.0 -9999.0 -9999.0 -9999.0 -9999.0 -9999.0 -9999.0 -9999.0 -9999.0 -9999.0 -9999.0 -9999.0
-9999.0 -9999.0 189.484330 89.606192 -9.961989 -109.292117 -209.244929 -311.864666 -420.381588 -537.839502 -659.728076 -766.628599 -834.718094 -857.127843 -861.979923 -889.344057 -937.935099 -985.217152 -1032.905395 -1052.952140 -1040.048769 -1027.871084 -1019.443759 -1015.132001 -1014.223104 -1015.691055 -1018.520136 -1021.866581 -1025.141273 -1028.014196 -1030.356812 -1032.168179 -1033.513226 -1034.479895 -1035.154795 -1035.614043 -1035.931725 -1036.202825 -1036.497391 -1037.078029 -1043.405267 -1117.409605 -2181.862850 -4425.537504 -4430.338086 -4429.790545 -4429.272222 -4429.192644 -4429.184419 -4429.184868 -4429.186457 -4429.188172 -4429.189816 -4429.191335 -4429.192745 -4429.194408 -4429.199961 -4429.241756 -4429.536870 -4429.992189 -4422.577481 -2076.247895 -1097.257892 -1041.826121 -1037.335725 -1036.790500 -1036.688908 -1036.670650 -1036.670122 -1036.672835 -1036.675613 -1036.677858 -1036.679564 -1036.680850 -1036.681830 -1036.682589 -1036.683189 -1036.683671 -1036.684070 -1036.684418 -1036.684753 -1036.685116 -1036.685567 -1036.686185 -1036.687093 -1036.688482 -1036.690656 -1036.694115 -1036.699692 -1036.708815 -1036.724017 -1036.749944 -1036.795417 -1036.877651 -1037.030802 -1037.323030 -1037.890429 -1039.008107 -1041.261789 -1046.032882 -1056.903091 -1083.876799 -9999.0 -9999.0
-9999.0 -9999.0 189.484329 89.606191 -9.961989 -109.292117 -209.244929 -311.864666 -420.381588 -537.839502 -659.728076 -766.628599 -834.718094 -857.127843 -861.979923 -889.344057 -937.935099 -985.217152 -1032.905395 -1052.952140 -1040.048769 -1027.871084 -1019.443759 -1015.132001 -1014.223104 -1015.691055 -1018.520136 -1021.866581 -1025.141273 -1028.014196 -1030.356812 -1032.168179 -1033.513226 -1034.479895 -1035.154795 -1035.614043 -1035.931725 -1036.202825 -1036.497391 -1037.078029 -1043.405267 -1117.409605 -2181.862850 -4425.537504 -4430.338086 -4429.790545 -4429.272222 -4429.192644 -4429.184419 -4429.184868 -4429.186457 -4429.188172 -4429.189816 -4429.191335 -4429.192745 -4429.194408 -4429.199961 -4429.241756 -4429.536870 -4429.992189 -4422.577481 -2076.247895 -1097.257892 -1041.826121 -1037.335725 -1036.790500 -1036.688908 -1036.670650 -1036.670122 -1036.672835 -1036.675613 -1036.677858 -1036.679564 -1036.680850 -1036.681830 -1036.682589 -1036.683189 -1036.683671 -1036.684070 -1036.684418 -1036.684753 -1036.685116 -1036.685567 -1036.686185 -1036.687093 -1036.688482 -1036.690656 -1036.694115 -1036.699692 -1036.708815 -1036.724017 -1036.749944 -1036.795417 -1036.877651 -1037.030802 -1037.323030 -1037.890429 -1039.008107 -1041.261789 -1046.032882 -1056.903091 -1083.876799 -9999.0 -9999.0
-9999.0 -9999.0 189.484329 89.606191 -9.961990 -109.292118 -209.244930 -311.864667 -420.381588 -537.839502 -659.728076 -766.628600 -834.718094 -857.127843 -861.979923 -889.344057 -937.935099 -985.217152 -1032.905395 -1052.952140 -1040.048769 -1027.871084 -1019.443759 -1015.132001 -1014.223104 -1015.691055 -1018.520136 -1021.866581 -1025.141273 -1028.014196 -1030.356812 -1032.168179 -1033.513226 -1034.479895 -1035.154795 -1035.614043 -1035.931725 -1036.202825 -1036.497391 -1037.078029 -1043.405267 -1117.409605 -2181.862850 -4425.537504 -4430.338086 -4429.790545 -4429.272222 -4429.192644 -4429.184419 -4429.184868 -4429.186457 -4429.188172 -4429.189816 -4429.191335 -4429.192745 -4429.194408 -4429.199961 -4429.241756 -4429.536870 -4429.992189 -4422.577481 -2076.247895 -1097.257892 -1041.826121 -1037.335725 -1036.790500 -1036.688908 -1036.670650 -1036.670122 -1036.672835 -1036.675613 -1036.677858 -1036.679564 -1036.680850 -1036.681830 -1036.682589 -1036.683189 -1036.683671 -1036.684070 -1036.684418 -1036.684753 -1036.685116 -1036.685567 -1036.686185 -1036.687093 -1036.688482 -1036.690656 -1036.694115 -1036.699692 -1036.708815 -1036.724017 -1036.749944 -1036.795417 -1036.877651 -1037.030802 -1037.323030 -1037.890429 -1039.008107 -1041.261789 -1046.032882 -1056.903091 -1083.876799 -9999.0 -9999.0
-9999.0 -9999.0 189.484329 89.606191 -9.961990 -109.292117 -209.244930 -311.864667 -420.381588 -537.839502 -659.728076 -766.628599 -834.718094 -857.127843 -861.979923 -889.344057 -937.935099 -985.217152 -1032.905395 -1052.952140 -1040.048769 -1027.871084 -1019.443759 -1015.132001 -1014.223104 -1015.691055 -1018.520136 -1021.866581 -1025.141273 -1028.014196 -1030.356812 -1032.168179 -1033.513226 -1034.479895 -1035.154795 -1035.614043 -1035.931725 -1036.202825 -1036.497391 -1037.078029 -1043.405267 -1117.409605 -2181.862850 -4425.537504 -4430.338086 -4429.790545 -4429.272222 -4429.192644 -4429.184419 -4429.184868 -4429.186457 -4429.188172 -4429.189816 -4429.191335 -4429.192745 -4429.194408 -4429.199961 -4429.241756 -4429.536870 -4429.992189 -4422.577481 -2076.247895 -1097.257892 -1041.826121 -1037.335725 -1036.790500 -1036.688908 -1036.670650 -1036.670122 -1036.672835 -1036.675613 -1036.677858 -1036.679564 -1036.680850 -1036.681830 -1036.682589 -1036.683189 -1036.683671 -1036.684070 -1036.684418 -1036.684753 -1036.685116 -1036.685567 -1036.686185 -1036.687093 -1036.688482 -1036.690656 -1036.694115 -1036.699692 -1036.708815 -1036.724017 -1036.749944 -1036.795417 -1036.877651 -1037.030802 -1037.323030 -1037.890429 -1039.008107 -1041.261789 -1046.032882 -1056.903091 -1083.876799 -9999.0 -9999.0
-9999.0 -9999.0 189.484329 89.606191 -9.961989 -109.292117 -209.244929 -311.864666 -420.381588 -537.839502 -659.728076 -766.628599 -834.718094 -857.127843 -861.979923 -889.344057 -937.935099 -985.217152 -1032.905395 -1052.952140 -1040.048769 -1027.871084 -1019.443759 -1015.132001 -1014.223104 -1015.691055 -1018.520136 -1021.866581 -1025.141273 -1028.014196 -1030.356812 -1032.168179 -1033.513226 -1034.479895 -1035.154795 -1035.614043 -1035.931725 -1036.202825 -1036.497391 -1037.078029 -1043.405267 -1117.409605 -2181.862850 -4425.537504 -4430.338086 -4429.790545 -4429.272222 -4429.192644 -4429.184419 -4429.184868 -4429.186457 -4429.188172 -4429.189816 -4429.191335 -4429.192745 -4429.194408 -4429.199961 -4429.241756 -4429.536870 -4429.992189 -4422.577481 -2076.247895 -1097.257892 -1041.826121 -1037.335725 -1036.790500 -1036.688908 -1036.670650 -1036.670122 -1036.672835 -1036.675613 -1036.677858 -1036.679564 -1036.680850 -1036.681830 -1036.682589 -1036.683189 -1036.683671 -1036.684070 -1036.684418 -1036.684753 -1036.685116 -1036.685567 -1036.686185 -1036.687093 -1036.688482 -1036.690656 -1036.694115 -1036.699692 -1036.708815 -1036.724017 -1036.749944 -1036.795417 -1036.877651 -1037.030802 -1037.323030 -1037.890429 -1039.008107 -1041.261789 -1046.032882 -1056.903091 -1083.876799 -9999.0 -9999.0
-9999.0 -9999.0 189.484330 89.606192 -9.961989 -109.292116 -209.244929 -311.864666 -420.381588 -537.839502 -659.728076 -766.628599 -834.718094 -857.127843 -861.979923 -889.344057 -937.935099 -985.217152 -1032.905395 -1052.952140 -1040.048769 -1027.871084 -1019.443759 -1015.132001 -1014.223104 -1015.691055 -1018.520136 -1021.866581 -1025.141273 -1028.014196 -1030.356812 -1032.168179 -1033.513226 -1034.479895 -1035.154795 -1035.614043 -1035.931725 -1036.202825 -1036.497391 -1037.078029 -1043.405267 -1117.409605 -2181.862850 -4425.537504 -4430.338086 -4429.790545 -4429.272222 -4429.192644 -4429.184419 -4429.184868 -4429.186457 -4429.188172 -4429.189816 -4429.191335 -4429.192745 -4429.194408 -4429.199961 -4429.241756 -4429.536870 -4429.992189 -4422.577481 -2076.247895 -1097.257892 -1041.826121 -1037.335725 -1036.790500 -1036.688908 -1036.670650 -1036.670122 -1036.672835 -1036.675613 -1036.677858 -1036.679564 -1036.680850 -1036.681830 -1036.682589 -1036.683189 -1036.683671 -1036.684070 -1036.684418 -1036.684753 -1036.685116 -1036.685567 -1036.686185 -1036.687093 -1036.688482 -1036.690656 -1036.694115 -1036.699692 -1036.708815 -1036.724017 -1036.749944 -1036.795417 -1036.877651 -1037.030802 -1037.323030 -1037.890429 -1039.008107 -1041.261789 -1046.032882 -1056.903091 -1083.876799 -9999.0 -9999.0
-9999.0 -9999.0 -9999.0 -9999.0 -9999.0 -9999.0 -9999.0 -9999.0 -9999.0 -9999.0 -9999.0 -9999.0 -9999.0 -9999.0 -9999.0 -9999.0 -9999.0 -9999.0 -9999.0 -9999.0 -9999.0 -9999.0 -9999.0 -9999.0 -9999.0 -9999.0 -9999.0 -9999.0 -9999.0 -9999.0 -9999.0 -9999.0 -9999.0 -9999.0 -9999.0 -9999.0 -9999.0 -9999.0 -9999.0 -9999.0 -9999.0 -9999.0 -9999.0 -9999.0 -9999.0 -9999.0 -9999.0 -9999.0 -9999.0 -9999.0 -9999.0 -9999.0 -9999.0 -9999.0 -9999.0 -9999.0 -9999.0 -9999.0 -9999.0 -9999.0 -9999.0 -9999.0 -9999.0 -9999.0 -9999.0 -9999.0 -9999.0 -9999.0 -9999.0 -9999.0 -9999.0 -9999.0 -9999.0 -9999.0 -9999.0 -9999.0 -9999.0 -9999.0 -9999.0 -9999.0 -9999.0 -9999.0 -9999.0 -9999.0 -9999.0 -9999.0 -9999.0 -9999.0 -9999.0 -9999.0 -9999.0 -9999.0 -9999.0 -9999.0 -9999.0 -9999.0 -9999.0 -9999.0 -9999.0 -9999.0 -9999.0 -9999.0 -9999.0 -9999.0
-9999.0 -9999.0 -9999.0 -9999.0 -9999.0 -9999.0 -9999.0 -9999.0 -9999.0 -9999.0 -9999.0 -9999.0 -9999.0 -9999.0 -9999.0 -9999.0 -9999.0 -9999.0 -9999.0 -9999.0 -9999.0 -9999.0 -9999.0 -9999.0 -9999.0 -9999.0 -9999.0 -9999.0 -9999.0 -9999.0 -9999.0 -9999.0 -9999.0 -9999.0 -9999.0 -9999.0 -9999.0 -9999.0 -9999.0 -9999.0 -9999.0 -9999.0 -9999.0 -9999.0 -9999.0 -9999.0 -9999.0 -9999.0 -9999.0 -9999.0 -9999.0 -9999.0 -9999.0 -9999.0 -9999.0 -9999.0 -9999.0 -9999.0 -9999.0 -9999.0 -9999.0 -9999.0 -9999.0 -9999.0 -9999.0 -9999.0 -9999.0 -9999.0 -9999.0 -9999.0 -9999.0 -9999.0 -9999.0 -9999.0 -9999.0 -9999.0 -9999.0 -9999.0 -9999.0 -9999.0 -9999.0 -9999.0 -9999.0 -9999.0 -9999.0 -9999.0 -9999.0 -9999.0 -9999.0 -9999.0 -9999.0 -9999.0 -9999.0 -9999.0 -9999.0 -9999.0 -9999.0 -9999.0 -9999.0 -9999.0 -9999.0 -9999.0 -9999.0 -9999.0