inst/processing_geotop_simulation/geotop_simulation/out/maps3D/PwL0017N0362.asc
ncols         104
nrows         10
xllcorner     -2.000000
yllcorner     0.000000
cellsize      1.000000
NODATA_value  -9999.0
-9999.0 -9999.0 -9999.0 -9999.0 -9999.0 -9999.0 -9999.0 -9999.0 -9999.0 -9999.0 -9999.0 -9999.0 -9999.0 -9999.0 -9999.0 -9999.0 -9999.0 -9999.0 -9999.0 -9999.0 -9999.0 -9999.0 -9999.0 -9999.0 -9999.0 -9999.0 -9999.0 -9999.0 -9999.0 -9999.0 -9999.0 -9999.0 -9999.0 -9999.0 -9999.0 -9999.0 -9999.0 -9999.0 -9999.0 -9999.0 -9999.0 -9999.0 -9999.0 -9999.0 -9999.0 -9999.0 -9999.0 -9999.0 -9999.0 -9999.0 -9999.0 -9999.0 -9999.0 -9999.0 -9999.0 -9999.0 -9999.0 -9999.0 -9999.0 -9999.0 -9999.0 -9999.0 -9999.0 -9999.0 -9999.0 -9999.0 -9999.0 -9999.0 -9999.0 -9999.0 -9999.0 -9999.0 -9999.0 -9999.0 -9999.0 -9999.0 -9999.0 -9999.0 -9999.0 -9999.0 -9999.0 -9999.0 -9999.0 -9999.0 -9999.0 -9999.0 -9999.0 -9999.0 -9999.0 -9999.0 -9999.0 -9999.0 -9999.0 -9999.0 -9999.0 -9999.0 -9999.0 -9999.0 -9999.0 -9999.0 -9999.0 -9999.0 -9999.0 -9999.0
-9999.0 -9999.0 -9999.0 -9999.0 -9999.0 -9999.0 -9999.0 -9999.0 -9999.0 -9999.0 -9999.0 -9999.0 -9999.0 -9999.0 -9999.0 -9999.0 -9999.0 -9999.0 -9999.0 -9999.0 -9999.0 -9999.0 -9999.0 -9999.0 -9999.0 -9999.0 -9999.0 -9999.0 -9999.0 -9999.0 -9999.0 -9999.0 -9999.0 -9999.0 -9999.0 -9999.0 -9999.0 -9999.0 -9999.0 -9999.0 -9999.0 -9999.0 -9999.0 -9999.0 -9999.0 -9999.0 -9999.0 -9999.0 -9999.0 -9999.0 -9999.0 -9999.0 -9999.0 -9999.0 -9999.0 -9999.0 -9999.0 -9999.0 -9999.0 -9999.0 -9999.0 -9999.0 -9999.0 -9999.0 -9999.0 -9999.0 -9999.0 -9999.0 -9999.0 -9999.0 -9999.0 -9999.0 -9999.0 -9999.0 -9999.0 -9999.0 -9999.0 -9999.0 -9999.0 -9999.0 -9999.0 -9999.0 -9999.0 -9999.0 -9999.0 -9999.0 -9999.0 -9999.0 -9999.0 -9999.0 -9999.0 -9999.0 -9999.0 -9999.0 -9999.0 -9999.0 -9999.0 -9999.0 -9999.0 -9999.0 -9999.0 -9999.0 -9999.0 -9999.0
-9999.0 -9999.0 820.515944 721.846927 622.987023 523.945011 424.811052 325.636985 226.450054 127.264825 28.089824 -71.066586 -170.203095 -269.308355 -368.356141 -467.300989 -566.058242 -664.482347 -762.699864 -860.900787 -958.750270 -1056.065606 -1150.712376 -1239.286097 -1320.641594 -1392.738145 -1454.228037 -1504.703692 -1544.674962 -1575.328812 -1598.201844 -1614.887544 -1626.840467 -1635.281353 -1641.177038 -1645.265265 -1648.108425 -1650.201982 -1652.283662 -1656.190491 -1666.166978 -1690.779702 -1969.982180 -4065.186853 -4133.653900 -4133.662719 -4133.662250 -4133.661066 -4133.656026 -4133.640398 -4133.599550 -4133.487614 -4133.309947 -4133.086016 -4132.722545 -4132.035359 -4130.578305 -4127.218944 -4119.009104 -4098.098368 -3905.558041 -1750.453690 -1648.719483 -1657.776602 -1655.618115 -1654.510666 -1654.238869 -1654.187140 -1654.178762 -1654.177924 -1654.178280 -1654.178747 -1654.179150 -1654.179479 -1654.179747 -1654.179971 -1654.180162 -1654.180331 -1654.180484 -1654.180631 -1654.180779 -1654.180939 -1654.181126 -1654.181361 -1654.181675 -1654.182120 -1654.182781 -1654.183796 -1654.185409 -1654.188050 -1654.192517 -1654.200328 -1654.214456 -1654.240874 -1654.291916 -1654.394093 -1654.607741 -1655.079955 -1656.195219 -1659.039464 -1667.024051 -1692.461715 -9999.0 -9999.0
-9999.0 -9999.0 820.519392 721.848152 622.987409 523.945134 424.811093 325.636999 226.450059 127.264827 28.089826 -71.066585 -170.203094 -269.308355 -368.356141 -467.300989 -566.058242 -664.482347 -762.699864 -860.900787 -958.750270 -1056.065606 -1150.712376 -1239.286098 -1320.641595 -1392.738145 -1454.228037 -1504.703692 -1544.674962 -1575.328812 -1598.201844 -1614.887544 -1626.840467 -1635.281353 -1641.177038 -1645.265265 -1648.108425 -1650.201982 -1652.283662 -1656.190491 -1666.166978 -1690.779702 -1969.982179 -4065.186853 -4133.653900 -4133.662719 -4133.662250 -4133.661066 -4133.656026 -4133.640398 -4133.599550 -4133.487614 -4133.309947 -4133.086016 -4132.722545 -4132.035359 -4130.578305 -4127.218944 -4119.009104 -4098.098368 -3905.558041 -1750.453690 -1648.719483 -1657.776602 -1655.618115 -1654.510666 -1654.238869 -1654.187140 -1654.178762 -1654.177924 -1654.178280 -1654.178747 -1654.179150 -1654.179479 -1654.179747 -1654.179971 -1654.180162 -1654.180331 -1654.180484 -1654.180631 -1654.180779 -1654.180939 -1654.181126 -1654.181361 -1654.181675 -1654.182120 -1654.182781 -1654.183796 -1654.185409 -1654.188050 -1654.192517 -1654.200328 -1654.214456 -1654.240874 -1654.291916 -1654.394093 -1654.607741 -1655.079955 -1656.195219 -1659.039464 -1667.024051 -1692.461715 -9999.0 -9999.0
-9999.0 -9999.0 820.520582 721.848782 622.987671 523.945233 424.811130 325.637013 226.450064 127.264829 28.089826 -71.066585 -170.203094 -269.308355 -368.356141 -467.300989 -566.058242 -664.482347 -762.699865 -860.900788 -958.750270 -1056.065606 -1150.712376 -1239.286098 -1320.641595 -1392.738146 -1454.228037 -1504.703692 -1544.674962 -1575.328812 -1598.201844 -1614.887544 -1626.840467 -1635.281353 -1641.177038 -1645.265265 -1648.108425 -1650.201982 -1652.283662 -1656.190491 -1666.166978 -1690.779702 -1969.982179 -4065.186853 -4133.653900 -4133.662719 -4133.662250 -4133.661066 -4133.656026 -4133.640398 -4133.599550 -4133.487614 -4133.309947 -4133.086016 -4132.722545 -4132.035359 -4130.578305 -4127.218944 -4119.009104 -4098.098368 -3905.558040 -1750.453690 -1648.719483 -1657.776602 -1655.618115 -1654.510666 -1654.238869 -1654.187140 -1654.178762 -1654.177924 -1654.178280 -1654.178747 -1654.179150 -1654.179479 -1654.179747 -1654.179971 -1654.180162 -1654.180331 -1654.180484 -1654.180631 -1654.180779 -1654.180939 -1654.181126 -1654.181361 -1654.181675 -1654.182120 -1654.182781 -1654.183796 -1654.185409 -1654.188050 -1654.192517 -1654.200328 -1654.214456 -1654.240874 -1654.291916 -1654.394093 -1654.607741 -1655.079955 -1656.195219 -1659.039464 -1667.024051 -1692.461715 -9999.0 -9999.0
-9999.0 -9999.0 820.520582 721.848782 622.987671 523.945233 424.811130 325.637013 226.450064 127.264828 28.089826 -71.066585 -170.203094 -269.308355 -368.356141 -467.300989 -566.058242 -664.482347 -762.699865 -860.900788 -958.750270 -1056.065606 -1150.712376 -1239.286098 -1320.641595 -1392.738146 -1454.228037 -1504.703692 -1544.674962 -1575.328812 -1598.201844 -1614.887544 -1626.840467 -1635.281353 -1641.177038 -1645.265265 -1648.108425 -1650.201982 -1652.283662 -1656.190491 -1666.166978 -1690.779702 -1969.982179 -4065.186853 -4133.653900 -4133.662719 -4133.662250 -4133.661066 -4133.656026 -4133.640398 -4133.599550 -4133.487614 -4133.309947 -4133.086016 -4132.722545 -4132.035359 -4130.578305 -4127.218944 -4119.009104 -4098.098368 -3905.558041 -1750.453690 -1648.719483 -1657.776602 -1655.618115 -1654.510666 -1654.238869 -1654.187140 -1654.178762 -1654.177924 -1654.178280 -1654.178747 -1654.179150 -1654.179479 -1654.179747 -1654.179971 -1654.180162 -1654.180331 -1654.180484 -1654.180631 -1654.180779 -1654.180939 -1654.181126 -1654.181361 -1654.181675 -1654.182120 -1654.182781 -1654.183796 -1654.185409 -1654.188050 -1654.192517 -1654.200328 -1654.214456 -1654.240874 -1654.291916 -1654.394093 -1654.607741 -1655.079955 -1656.195219 -1659.039464 -1667.024051 -1692.461715 -9999.0 -9999.0
-9999.0 -9999.0 820.519391 721.848152 622.987409 523.945134 424.811093 325.637000 226.450059 127.264827 28.089825 -71.066585 -170.203095 -269.308355 -368.356141 -467.300989 -566.058242 -664.482347 -762.699865 -860.900787 -958.750270 -1056.065606 -1150.712376 -1239.286098 -1320.641595 -1392.738145 -1454.228037 -1504.703692 -1544.674962 -1575.328812 -1598.201844 -1614.887544 -1626.840467 -1635.281353 -1641.177038 -1645.265265 -1648.108425 -1650.201982 -1652.283662 -1656.190491 -1666.166978 -1690.779702 -1969.982179 -4065.186853 -4133.653900 -4133.662719 -4133.662250 -4133.661066 -4133.656026 -4133.640398 -4133.599550 -4133.487614 -4133.309947 -4133.086016 -4132.722545 -4132.035359 -4130.578305 -4127.218944 -4119.009104 -4098.098368 -3905.558041 -1750.453690 -1648.719483 -1657.776602 -1655.618115 -1654.510666 -1654.238869 -1654.187140 -1654.178762 -1654.177924 -1654.178280 -1654.178747 -1654.179150 -1654.179479 -1654.179747 -1654.179971 -1654.180162 -1654.180331 -1654.180484 -1654.180631 -1654.180779 -1654.180939 -1654.181126 -1654.181361 -1654.181675 -1654.182120 -1654.182781 -1654.183796 -1654.185409 -1654.188050 -1654.192517 -1654.200328 -1654.214456 -1654.240874 -1654.291916 -1654.394093 -1654.607741 -1655.079955 -1656.195219 -1659.039464 -1667.024051 -1692.461715 -9999.0 -9999.0
-9999.0 -9999.0 820.515944 721.846927 622.987024 523.945011 424.811052 325.636985 226.450054 127.264824 28.089825 -71.066586 -170.203095 -269.308356 -368.356141 -467.300989 -566.058242 -664.482347 -762.699864 -860.900787 -958.750270 -1056.065606 -1150.712376 -1239.286097 -1320.641594 -1392.738145 -1454.228037 -1504.703692 -1544.674962 -1575.328812 -1598.201844 -1614.887544 -1626.840467 -1635.281353 -1641.177038 -1645.265265 -1648.108425 -1650.201982 -1652.283662 -1656.190491 -1666.166978 -1690.779702 -1969.982180 -4065.186853 -4133.653900 -4133.662719 -4133.662250 -4133.661066 -4133.656026 -4133.640398 -4133.599550 -4133.487614 -4133.309947 -4133.086016 -4132.722545 -4132.035359 -4130.578305 -4127.218944 -4119.009104 -4098.098368 -3905.558041 -1750.453690 -1648.719483 -1657.776602 -1655.618115 -1654.510666 -1654.238869 -1654.187140 -1654.178762 -1654.177924 -1654.178280 -1654.178747 -1654.179150 -1654.179479 -1654.179747 -1654.179971 -1654.180162 -1654.180331 -1654.180484 -1654.180631 -1654.180779 -1654.180939 -1654.181126 -1654.181361 -1654.181675 -1654.182120 -1654.182781 -1654.183796 -1654.185409 -1654.188050 -1654.192517 -1654.200328 -1654.214456 -1654.240874 -1654.291916 -1654.394093 -1654.607741 -1655.079955 -1656.195219 -1659.039464 -1667.024051 -1692.461715 -9999.0 -9999.0
-9999.0 -9999.0 -9999.0 -9999.0 -9999.0 -9999.0 -9999.0 -9999.0 -9999.0 -9999.0 -9999.0 -9999.0 -9999.0 -9999.0 -9999.0 -9999.0 -9999.0 -9999.0 -9999.0 -9999.0 -9999.0 -9999.0 -9999.0 -9999.0 -9999.0 -9999.0 -9999.0 -9999.0 -9999.0 -9999.0 -9999.0 -9999.0 -9999.0 -9999.0 -9999.0 -9999.0 -9999.0 -9999.0 -9999.0 -9999.0 -9999.0 -9999.0 -9999.0 -9999.0 -9999.0 -9999.0 -9999.0 -9999.0 -9999.0 -9999.0 -9999.0 -9999.0 -9999.0 -9999.0 -9999.0 -9999.0 -9999.0 -9999.0 -9999.0 -9999.0 -9999.0 -9999.0 -9999.0 -9999.0 -9999.0 -9999.0 -9999.0 -9999.0 -9999.0 -9999.0 -9999.0 -9999.0 -9999.0 -9999.0 -9999.0 -9999.0 -9999.0 -9999.0 -9999.0 -9999.0 -9999.0 -9999.0 -9999.0 -9999.0 -9999.0 -9999.0 -9999.0 -9999.0 -9999.0 -9999.0 -9999.0 -9999.0 -9999.0 -9999.0 -9999.0 -9999.0 -9999.0 -9999.0 -9999.0 -9999.0 -9999.0 -9999.0 -9999.0 -9999.0
-9999.0 -9999.0 -9999.0 -9999.0 -9999.0 -9999.0 -9999.0 -9999.0 -9999.0 -9999.0 -9999.0 -9999.0 -9999.0 -9999.0 -9999.0 -9999.0 -9999.0 -9999.0 -9999.0 -9999.0 -9999.0 -9999.0 -9999.0 -9999.0 -9999.0 -9999.0 -9999.0 -9999.0 -9999.0 -9999.0 -9999.0 -9999.0 -9999.0 -9999.0 -9999.0 -9999.0 -9999.0 -9999.0 -9999.0 -9999.0 -9999.0 -9999.0 -9999.0 -9999.0 -9999.0 -9999.0 -9999.0 -9999.0 -9999.0 -9999.0 -9999.0 -9999.0 -9999.0 -9999.0 -9999.0 -9999.0 -9999.0 -9999.0 -9999.0 -9999.0 -9999.0 -9999.0 -9999.0 -9999.0 -9999.0 -9999.0 -9999.0 -9999.0 -9999.0 -9999.0 -9999.0 -9999.0 -9999.0 -9999.0 -9999.0 -9999.0 -9999.0 -9999.0 -9999.0 -9999.0 -9999.0 -9999.0 -9999.0 -9999.0 -9999.0 -9999.0 -9999.0 -9999.0 -9999.0 -9999.0 -9999.0 -9999.0 -9999.0 -9999.0 -9999.0 -9999.0 -9999.0 -9999.0 -9999.0 -9999.0 -9999.0 -9999.0 -9999.0 -9999.0