inst/processing_geotop_simulation/geotop_simulation/out/maps3D/PwL0011N0075.asc
ncols         104
nrows         10
xllcorner     -2.000000
yllcorner     0.000000
cellsize      1.000000
NODATA_value  -9999.0
-9999.0 -9999.0 -9999.0 -9999.0 -9999.0 -9999.0 -9999.0 -9999.0 -9999.0 -9999.0 -9999.0 -9999.0 -9999.0 -9999.0 -9999.0 -9999.0 -9999.0 -9999.0 -9999.0 -9999.0 -9999.0 -9999.0 -9999.0 -9999.0 -9999.0 -9999.0 -9999.0 -9999.0 -9999.0 -9999.0 -9999.0 -9999.0 -9999.0 -9999.0 -9999.0 -9999.0 -9999.0 -9999.0 -9999.0 -9999.0 -9999.0 -9999.0 -9999.0 -9999.0 -9999.0 -9999.0 -9999.0 -9999.0 -9999.0 -9999.0 -9999.0 -9999.0 -9999.0 -9999.0 -9999.0 -9999.0 -9999.0 -9999.0 -9999.0 -9999.0 -9999.0 -9999.0 -9999.0 -9999.0 -9999.0 -9999.0 -9999.0 -9999.0 -9999.0 -9999.0 -9999.0 -9999.0 -9999.0 -9999.0 -9999.0 -9999.0 -9999.0 -9999.0 -9999.0 -9999.0 -9999.0 -9999.0 -9999.0 -9999.0 -9999.0 -9999.0 -9999.0 -9999.0 -9999.0 -9999.0 -9999.0 -9999.0 -9999.0 -9999.0 -9999.0 -9999.0 -9999.0 -9999.0 -9999.0 -9999.0 -9999.0 -9999.0 -9999.0 -9999.0
-9999.0 -9999.0 -9999.0 -9999.0 -9999.0 -9999.0 -9999.0 -9999.0 -9999.0 -9999.0 -9999.0 -9999.0 -9999.0 -9999.0 -9999.0 -9999.0 -9999.0 -9999.0 -9999.0 -9999.0 -9999.0 -9999.0 -9999.0 -9999.0 -9999.0 -9999.0 -9999.0 -9999.0 -9999.0 -9999.0 -9999.0 -9999.0 -9999.0 -9999.0 -9999.0 -9999.0 -9999.0 -9999.0 -9999.0 -9999.0 -9999.0 -9999.0 -9999.0 -9999.0 -9999.0 -9999.0 -9999.0 -9999.0 -9999.0 -9999.0 -9999.0 -9999.0 -9999.0 -9999.0 -9999.0 -9999.0 -9999.0 -9999.0 -9999.0 -9999.0 -9999.0 -9999.0 -9999.0 -9999.0 -9999.0 -9999.0 -9999.0 -9999.0 -9999.0 -9999.0 -9999.0 -9999.0 -9999.0 -9999.0 -9999.0 -9999.0 -9999.0 -9999.0 -9999.0 -9999.0 -9999.0 -9999.0 -9999.0 -9999.0 -9999.0 -9999.0 -9999.0 -9999.0 -9999.0 -9999.0 -9999.0 -9999.0 -9999.0 -9999.0 -9999.0 -9999.0 -9999.0 -9999.0 -9999.0 -9999.0 -9999.0 -9999.0 -9999.0 -9999.0
-9999.0 -9999.0 296.846712 196.842520 97.048635 -2.406809 -101.582322 -201.178029 -302.928170 -409.525050 -522.496537 -638.106344 -743.488014 -817.779902 -856.492778 -898.860843 -953.353196 -1004.886600 -1055.653287 -1079.132063 -1069.066923 -1057.998995 -1049.646860 -1044.881506 -1043.294839 -1044.030972 -1046.167304 -1048.908592 -1051.685502 -1054.168503 -1056.218172 -1057.817400 -1059.013782 -1059.879357 -1060.487556 -1060.904372 -1061.195813 -1061.447511 -1061.730267 -1062.399221 -1069.201139 -1143.728883 -2168.922427 -4424.669480 -4429.810298 -4428.429605 -4427.108990 -4426.905118 -4426.884071 -4426.885356 -4426.889602 -4426.894177 -4426.898560 -4426.902610 -4426.906365 -4426.910757 -4426.925145 -4427.032692 -4427.786823 -4428.945390 -4420.959055 -2059.910273 -1122.900313 -1067.337025 -1062.567673 -1062.004502 -1061.904145 -1061.886169 -1061.885474 -1061.887959 -1061.890541 -1061.892634 -1061.894226 -1061.895427 -1061.896342 -1061.897050 -1061.897610 -1061.898061 -1061.898433 -1061.898759 -1061.899072 -1061.899413 -1061.899836 -1061.900417 -1061.901270 -1061.902576 -1061.904621 -1061.907876 -1061.913125 -1061.921718 -1061.936046 -1061.960505 -1062.003447 -1062.081179 -1062.226062 -1062.502692 -1063.040221 -1064.100831 -1066.247364 -1070.818683 -1081.302791 -1107.634152 -9999.0 -9999.0
-9999.0 -9999.0 296.846711 196.842519 97.048634 -2.406810 -101.582323 -201.178030 -302.928170 -409.525051 -522.496537 -638.106344 -743.488014 -817.779902 -856.492778 -898.860843 -953.353196 -1004.886600 -1055.653287 -1079.132063 -1069.066923 -1057.998995 -1049.646860 -1044.881506 -1043.294839 -1044.030972 -1046.167304 -1048.908592 -1051.685502 -1054.168503 -1056.218172 -1057.817400 -1059.013782 -1059.879357 -1060.487556 -1060.904372 -1061.195813 -1061.447511 -1061.730267 -1062.399221 -1069.201139 -1143.728883 -2168.922427 -4424.669480 -4429.810298 -4428.429605 -4427.108990 -4426.905118 -4426.884071 -4426.885356 -4426.889602 -4426.894177 -4426.898560 -4426.902610 -4426.906365 -4426.910757 -4426.925145 -4427.032692 -4427.786823 -4428.945390 -4420.959055 -2059.910273 -1122.900313 -1067.337025 -1062.567673 -1062.004502 -1061.904145 -1061.886169 -1061.885474 -1061.887959 -1061.890541 -1061.892634 -1061.894226 -1061.895427 -1061.896342 -1061.897050 -1061.897610 -1061.898061 -1061.898433 -1061.898759 -1061.899072 -1061.899413 -1061.899836 -1061.900417 -1061.901270 -1061.902576 -1061.904621 -1061.907876 -1061.913125 -1061.921718 -1061.936046 -1061.960505 -1062.003447 -1062.081179 -1062.226062 -1062.502692 -1063.040221 -1064.100831 -1066.247364 -1070.818683 -1081.302791 -1107.634152 -9999.0 -9999.0
-9999.0 -9999.0 296.846710 196.842519 97.048633 -2.406810 -101.582323 -201.178031 -302.928171 -409.525051 -522.496537 -638.106344 -743.488015 -817.779902 -856.492778 -898.860843 -953.353196 -1004.886600 -1055.653287 -1079.132063 -1069.066923 -1057.998995 -1049.646860 -1044.881506 -1043.294839 -1044.030972 -1046.167304 -1048.908592 -1051.685502 -1054.168503 -1056.218172 -1057.817400 -1059.013782 -1059.879357 -1060.487556 -1060.904372 -1061.195813 -1061.447511 -1061.730267 -1062.399221 -1069.201139 -1143.728883 -2168.922427 -4424.669480 -4429.810298 -4428.429605 -4427.108990 -4426.905118 -4426.884071 -4426.885356 -4426.889602 -4426.894177 -4426.898560 -4426.902610 -4426.906365 -4426.910757 -4426.925145 -4427.032692 -4427.786823 -4428.945390 -4420.959055 -2059.910273 -1122.900313 -1067.337025 -1062.567673 -1062.004502 -1061.904145 -1061.886169 -1061.885474 -1061.887959 -1061.890541 -1061.892634 -1061.894226 -1061.895427 -1061.896342 -1061.897050 -1061.897610 -1061.898061 -1061.898433 -1061.898759 -1061.899072 -1061.899413 -1061.899836 -1061.900417 -1061.901270 -1061.902576 -1061.904621 -1061.907876 -1061.913125 -1061.921718 -1061.936046 -1061.960505 -1062.003447 -1062.081179 -1062.226062 -1062.502692 -1063.040221 -1064.100831 -1066.247364 -1070.818683 -1081.302791 -1107.634152 -9999.0 -9999.0
-9999.0 -9999.0 296.846710 196.842519 97.048633 -2.406810 -101.582323 -201.178031 -302.928171 -409.525051 -522.496537 -638.106344 -743.488015 -817.779902 -856.492778 -898.860843 -953.353196 -1004.886600 -1055.653287 -1079.132063 -1069.066923 -1057.998995 -1049.646860 -1044.881506 -1043.294839 -1044.030972 -1046.167304 -1048.908592 -1051.685502 -1054.168503 -1056.218172 -1057.817400 -1059.013782 -1059.879357 -1060.487556 -1060.904372 -1061.195813 -1061.447511 -1061.730267 -1062.399221 -1069.201139 -1143.728883 -2168.922427 -4424.669480 -4429.810298 -4428.429605 -4427.108990 -4426.905118 -4426.884071 -4426.885356 -4426.889602 -4426.894177 -4426.898560 -4426.902610 -4426.906365 -4426.910757 -4426.925145 -4427.032692 -4427.786823 -4428.945390 -4420.959055 -2059.910273 -1122.900313 -1067.337025 -1062.567673 -1062.004502 -1061.904145 -1061.886169 -1061.885474 -1061.887959 -1061.890541 -1061.892634 -1061.894226 -1061.895427 -1061.896342 -1061.897050 -1061.897610 -1061.898061 -1061.898433 -1061.898759 -1061.899072 -1061.899413 -1061.899836 -1061.900417 -1061.901270 -1061.902576 -1061.904621 -1061.907876 -1061.913125 -1061.921718 -1061.936046 -1061.960505 -1062.003447 -1062.081179 -1062.226062 -1062.502692 -1063.040221 -1064.100831 -1066.247364 -1070.818683 -1081.302791 -1107.634152 -9999.0 -9999.0
-9999.0 -9999.0 296.846711 196.842519 97.048634 -2.406810 -101.582323 -201.178030 -302.928170 -409.525051 -522.496537 -638.106344 -743.488014 -817.779902 -856.492778 -898.860843 -953.353196 -1004.886600 -1055.653287 -1079.132063 -1069.066923 -1057.998995 -1049.646860 -1044.881506 -1043.294839 -1044.030972 -1046.167304 -1048.908592 -1051.685502 -1054.168503 -1056.218172 -1057.817400 -1059.013782 -1059.879357 -1060.487556 -1060.904372 -1061.195813 -1061.447511 -1061.730267 -1062.399221 -1069.201139 -1143.728883 -2168.922427 -4424.669480 -4429.810298 -4428.429605 -4427.108990 -4426.905118 -4426.884071 -4426.885356 -4426.889602 -4426.894177 -4426.898560 -4426.902610 -4426.906365 -4426.910757 -4426.925145 -4427.032692 -4427.786823 -4428.945390 -4420.959055 -2059.910273 -1122.900313 -1067.337025 -1062.567673 -1062.004502 -1061.904145 -1061.886169 -1061.885474 -1061.887959 -1061.890541 -1061.892634 -1061.894226 -1061.895427 -1061.896342 -1061.897050 -1061.897610 -1061.898061 -1061.898433 -1061.898759 -1061.899072 -1061.899413 -1061.899836 -1061.900417 -1061.901270 -1061.902576 -1061.904621 -1061.907876 -1061.913125 -1061.921718 -1061.936046 -1061.960505 -1062.003447 -1062.081179 -1062.226062 -1062.502692 -1063.040221 -1064.100831 -1066.247364 -1070.818683 -1081.302791 -1107.634152 -9999.0 -9999.0
-9999.0 -9999.0 296.846712 196.842520 97.048635 -2.406809 -101.582322 -201.178029 -302.928170 -409.525050 -522.496536 -638.106344 -743.488014 -817.779902 -856.492778 -898.860843 -953.353196 -1004.886600 -1055.653287 -1079.132063 -1069.066923 -1057.998995 -1049.646860 -1044.881506 -1043.294839 -1044.030972 -1046.167304 -1048.908592 -1051.685502 -1054.168503 -1056.218172 -1057.817400 -1059.013782 -1059.879357 -1060.487556 -1060.904372 -1061.195813 -1061.447511 -1061.730267 -1062.399221 -1069.201139 -1143.728883 -2168.922427 -4424.669480 -4429.810298 -4428.429605 -4427.108990 -4426.905118 -4426.884071 -4426.885356 -4426.889602 -4426.894177 -4426.898560 -4426.902610 -4426.906365 -4426.910757 -4426.925145 -4427.032692 -4427.786823 -4428.945390 -4420.959055 -2059.910273 -1122.900313 -1067.337025 -1062.567673 -1062.004502 -1061.904145 -1061.886169 -1061.885474 -1061.887959 -1061.890541 -1061.892634 -1061.894226 -1061.895427 -1061.896342 -1061.897050 -1061.897610 -1061.898061 -1061.898433 -1061.898759 -1061.899072 -1061.899413 -1061.899836 -1061.900417 -1061.901270 -1061.902576 -1061.904621 -1061.907876 -1061.913125 -1061.921718 -1061.936046 -1061.960505 -1062.003447 -1062.081179 -1062.226062 -1062.502692 -1063.040221 -1064.100831 -1066.247364 -1070.818683 -1081.302791 -1107.634152 -9999.0 -9999.0
-9999.0 -9999.0 -9999.0 -9999.0 -9999.0 -9999.0 -9999.0 -9999.0 -9999.0 -9999.0 -9999.0 -9999.0 -9999.0 -9999.0 -9999.0 -9999.0 -9999.0 -9999.0 -9999.0 -9999.0 -9999.0 -9999.0 -9999.0 -9999.0 -9999.0 -9999.0 -9999.0 -9999.0 -9999.0 -9999.0 -9999.0 -9999.0 -9999.0 -9999.0 -9999.0 -9999.0 -9999.0 -9999.0 -9999.0 -9999.0 -9999.0 -9999.0 -9999.0 -9999.0 -9999.0 -9999.0 -9999.0 -9999.0 -9999.0 -9999.0 -9999.0 -9999.0 -9999.0 -9999.0 -9999.0 -9999.0 -9999.0 -9999.0 -9999.0 -9999.0 -9999.0 -9999.0 -9999.0 -9999.0 -9999.0 -9999.0 -9999.0 -9999.0 -9999.0 -9999.0 -9999.0 -9999.0 -9999.0 -9999.0 -9999.0 -9999.0 -9999.0 -9999.0 -9999.0 -9999.0 -9999.0 -9999.0 -9999.0 -9999.0 -9999.0 -9999.0 -9999.0 -9999.0 -9999.0 -9999.0 -9999.0 -9999.0 -9999.0 -9999.0 -9999.0 -9999.0 -9999.0 -9999.0 -9999.0 -9999.0 -9999.0 -9999.0 -9999.0 -9999.0
-9999.0 -9999.0 -9999.0 -9999.0 -9999.0 -9999.0 -9999.0 -9999.0 -9999.0 -9999.0 -9999.0 -9999.0 -9999.0 -9999.0 -9999.0 -9999.0 -9999.0 -9999.0 -9999.0 -9999.0 -9999.0 -9999.0 -9999.0 -9999.0 -9999.0 -9999.0 -9999.0 -9999.0 -9999.0 -9999.0 -9999.0 -9999.0 -9999.0 -9999.0 -9999.0 -9999.0 -9999.0 -9999.0 -9999.0 -9999.0 -9999.0 -9999.0 -9999.0 -9999.0 -9999.0 -9999.0 -9999.0 -9999.0 -9999.0 -9999.0 -9999.0 -9999.0 -9999.0 -9999.0 -9999.0 -9999.0 -9999.0 -9999.0 -9999.0 -9999.0 -9999.0 -9999.0 -9999.0 -9999.0 -9999.0 -9999.0 -9999.0 -9999.0 -9999.0 -9999.0 -9999.0 -9999.0 -9999.0 -9999.0 -9999.0 -9999.0 -9999.0 -9999.0 -9999.0 -9999.0 -9999.0 -9999.0 -9999.0 -9999.0 -9999.0 -9999.0 -9999.0 -9999.0 -9999.0 -9999.0 -9999.0 -9999.0 -9999.0 -9999.0 -9999.0 -9999.0 -9999.0 -9999.0 -9999.0 -9999.0 -9999.0 -9999.0 -9999.0 -9999.0