inst/processing_geotop_simulation/geotop_simulation/out/maps3D/PwL0002N0436.asc
ncols         104
nrows         10
xllcorner     -2.000000
yllcorner     0.000000
cellsize      1.000000
NODATA_value  -9999.0
-9999.0 -9999.0 -9999.0 -9999.0 -9999.0 -9999.0 -9999.0 -9999.0 -9999.0 -9999.0 -9999.0 -9999.0 -9999.0 -9999.0 -9999.0 -9999.0 -9999.0 -9999.0 -9999.0 -9999.0 -9999.0 -9999.0 -9999.0 -9999.0 -9999.0 -9999.0 -9999.0 -9999.0 -9999.0 -9999.0 -9999.0 -9999.0 -9999.0 -9999.0 -9999.0 -9999.0 -9999.0 -9999.0 -9999.0 -9999.0 -9999.0 -9999.0 -9999.0 -9999.0 -9999.0 -9999.0 -9999.0 -9999.0 -9999.0 -9999.0 -9999.0 -9999.0 -9999.0 -9999.0 -9999.0 -9999.0 -9999.0 -9999.0 -9999.0 -9999.0 -9999.0 -9999.0 -9999.0 -9999.0 -9999.0 -9999.0 -9999.0 -9999.0 -9999.0 -9999.0 -9999.0 -9999.0 -9999.0 -9999.0 -9999.0 -9999.0 -9999.0 -9999.0 -9999.0 -9999.0 -9999.0 -9999.0 -9999.0 -9999.0 -9999.0 -9999.0 -9999.0 -9999.0 -9999.0 -9999.0 -9999.0 -9999.0 -9999.0 -9999.0 -9999.0 -9999.0 -9999.0 -9999.0 -9999.0 -9999.0 -9999.0 -9999.0 -9999.0 -9999.0
-9999.0 -9999.0 -9999.0 -9999.0 -9999.0 -9999.0 -9999.0 -9999.0 -9999.0 -9999.0 -9999.0 -9999.0 -9999.0 -9999.0 -9999.0 -9999.0 -9999.0 -9999.0 -9999.0 -9999.0 -9999.0 -9999.0 -9999.0 -9999.0 -9999.0 -9999.0 -9999.0 -9999.0 -9999.0 -9999.0 -9999.0 -9999.0 -9999.0 -9999.0 -9999.0 -9999.0 -9999.0 -9999.0 -9999.0 -9999.0 -9999.0 -9999.0 -9999.0 -9999.0 -9999.0 -9999.0 -9999.0 -9999.0 -9999.0 -9999.0 -9999.0 -9999.0 -9999.0 -9999.0 -9999.0 -9999.0 -9999.0 -9999.0 -9999.0 -9999.0 -9999.0 -9999.0 -9999.0 -9999.0 -9999.0 -9999.0 -9999.0 -9999.0 -9999.0 -9999.0 -9999.0 -9999.0 -9999.0 -9999.0 -9999.0 -9999.0 -9999.0 -9999.0 -9999.0 -9999.0 -9999.0 -9999.0 -9999.0 -9999.0 -9999.0 -9999.0 -9999.0 -9999.0 -9999.0 -9999.0 -9999.0 -9999.0 -9999.0 -9999.0 -9999.0 -9999.0 -9999.0 -9999.0 -9999.0 -9999.0 -9999.0 -9999.0 -9999.0 -9999.0
-9999.0 -9999.0 75.549033 -22.349891 -121.341839 -220.595088 -319.944182 -419.328349 -518.716530 -618.086591 -717.400190 -816.643013 -915.792799 -1014.823176 -1113.821423 -1212.761581 -1311.436989 -1409.679284 -1507.164695 -1603.236308 -1696.596752 -1784.937480 -1865.122890 -1934.292507 -1990.995920 -2035.462700 -2069.116476 -2093.899693 -2111.772723 -2124.455034 -2133.339967 -2139.501683 -2143.740505 -2146.638142 -2148.610092 -2149.951975 -2150.886286 -2151.643907 -2152.683375 -2154.919178 -2154.583031 -2082.091869 -1272.260331 -1269.723358 -1259.549122 -1252.782365 -1249.595679 -1249.087586 -1249.031585 -1249.036110 -1249.049335 -1249.063633 -1249.077387 -1249.090133 -1249.102025 -1249.116402 -1249.163797 -1249.473833 -1251.191339 -1254.962065 -1259.857964 -1255.011543 -2057.436863 -2148.873967 -2153.537316 -2153.049730 -2152.840702 -2152.796212 -2152.788725 -2152.787943 -2152.788237 -2152.788631 -2152.788964 -2152.789228 -2152.789434 -2152.789598 -2152.789731 -2152.789843 -2152.789939 -2152.790028 -2152.790117 -2152.790216 -2152.790338 -2152.790503 -2152.790739 -2152.791095 -2152.791648 -2152.792527 -2152.793956 -2152.796334 -2152.800396 -2152.807540 -2152.820500 -2152.844742 -2152.891464 -2152.984424 -2153.176841 -2153.596941 -2154.581161 -2157.107434 -2164.408226 -2188.787112 -9999.0 -9999.0
-9999.0 -9999.0 75.559216 -22.348071 -121.341385 -220.594955 -319.944140 -419.328335 -518.716524 -618.086589 -717.400189 -816.643013 -915.792798 -1014.823176 -1113.821423 -1212.761581 -1311.436989 -1409.679285 -1507.164695 -1603.236308 -1696.596752 -1784.937480 -1865.122890 -1934.292507 -1990.995920 -2035.462700 -2069.116476 -2093.899693 -2111.772723 -2124.455034 -2133.339967 -2139.501683 -2143.740505 -2146.638142 -2148.610092 -2149.951975 -2150.886286 -2151.643907 -2152.683375 -2154.919178 -2154.583031 -2082.091869 -1272.260331 -1269.723358 -1259.549121 -1252.782365 -1249.595679 -1249.087586 -1249.031585 -1249.036110 -1249.049335 -1249.063633 -1249.077387 -1249.090133 -1249.102025 -1249.116402 -1249.163797 -1249.473833 -1251.191339 -1254.962065 -1259.857964 -1255.011543 -2057.436863 -2148.873967 -2153.537316 -2153.049730 -2152.840702 -2152.796212 -2152.788725 -2152.787943 -2152.788237 -2152.788631 -2152.788964 -2152.789228 -2152.789434 -2152.789598 -2152.789731 -2152.789843 -2152.789939 -2152.790028 -2152.790117 -2152.790216 -2152.790338 -2152.790503 -2152.790739 -2152.791095 -2152.791648 -2152.792527 -2152.793956 -2152.796334 -2152.800396 -2152.807540 -2152.820499 -2152.844742 -2152.891464 -2152.984424 -2153.176841 -2153.596941 -2154.581161 -2157.107434 -2164.408226 -2188.787112 -9999.0 -9999.0
-9999.0 -9999.0 75.560322 -22.347341 -121.341097 -220.594851 -319.944103 -419.328321 -518.716519 -618.086587 -717.400189 -816.643013 -915.792798 -1014.823176 -1113.821423 -1212.761581 -1311.436989 -1409.679285 -1507.164695 -1603.236308 -1696.596753 -1784.937481 -1865.122890 -1934.292507 -1990.995920 -2035.462700 -2069.116476 -2093.899693 -2111.772723 -2124.455034 -2133.339967 -2139.501683 -2143.740505 -2146.638142 -2148.610092 -2149.951975 -2150.886286 -2151.643907 -2152.683375 -2154.919178 -2154.583031 -2082.091869 -1272.260331 -1269.723358 -1259.549121 -1252.782365 -1249.595679 -1249.087586 -1249.031585 -1249.036110 -1249.049335 -1249.063633 -1249.077387 -1249.090133 -1249.102025 -1249.116402 -1249.163797 -1249.473833 -1251.191339 -1254.962065 -1259.857964 -1255.011543 -2057.436863 -2148.873967 -2153.537316 -2153.049730 -2152.840702 -2152.796212 -2152.788725 -2152.787943 -2152.788237 -2152.788631 -2152.788964 -2152.789228 -2152.789434 -2152.789598 -2152.789731 -2152.789843 -2152.789939 -2152.790028 -2152.790117 -2152.790216 -2152.790338 -2152.790503 -2152.790739 -2152.791095 -2152.791648 -2152.792527 -2152.793956 -2152.796334 -2152.800396 -2152.807540 -2152.820499 -2152.844742 -2152.891464 -2152.984424 -2153.176841 -2153.596941 -2154.581161 -2157.107434 -2164.408226 -2188.787112 -9999.0 -9999.0
-9999.0 -9999.0 75.560322 -22.347341 -121.341097 -220.594851 -319.944103 -419.328321 -518.716519 -618.086587 -717.400188 -816.643013 -915.792798 -1014.823176 -1113.821423 -1212.761581 -1311.436989 -1409.679285 -1507.164695 -1603.236308 -1696.596753 -1784.937481 -1865.122890 -1934.292507 -1990.995920 -2035.462700 -2069.116476 -2093.899693 -2111.772723 -2124.455034 -2133.339967 -2139.501683 -2143.740505 -2146.638142 -2148.610092 -2149.951975 -2150.886286 -2151.643907 -2152.683375 -2154.919178 -2154.583031 -2082.091869 -1272.260331 -1269.723358 -1259.549121 -1252.782365 -1249.595679 -1249.087586 -1249.031585 -1249.036110 -1249.049335 -1249.063633 -1249.077387 -1249.090133 -1249.102025 -1249.116402 -1249.163797 -1249.473833 -1251.191339 -1254.962065 -1259.857964 -1255.011543 -2057.436863 -2148.873967 -2153.537316 -2153.049730 -2152.840702 -2152.796212 -2152.788725 -2152.787943 -2152.788237 -2152.788631 -2152.788964 -2152.789228 -2152.789434 -2152.789598 -2152.789731 -2152.789843 -2152.789939 -2152.790028 -2152.790117 -2152.790216 -2152.790338 -2152.790503 -2152.790739 -2152.791095 -2152.791648 -2152.792527 -2152.793956 -2152.796334 -2152.800396 -2152.807540 -2152.820499 -2152.844742 -2152.891464 -2152.984424 -2153.176841 -2153.596941 -2154.581161 -2157.107434 -2164.408226 -2188.787112 -9999.0 -9999.0
-9999.0 -9999.0 75.559216 -22.348071 -121.341385 -220.594955 -319.944140 -419.328335 -518.716524 -618.086589 -717.400189 -816.643013 -915.792798 -1014.823176 -1113.821423 -1212.761581 -1311.436989 -1409.679285 -1507.164695 -1603.236308 -1696.596752 -1784.937480 -1865.122890 -1934.292507 -1990.995920 -2035.462700 -2069.116476 -2093.899693 -2111.772723 -2124.455034 -2133.339967 -2139.501683 -2143.740505 -2146.638142 -2148.610092 -2149.951975 -2150.886286 -2151.643907 -2152.683375 -2154.919178 -2154.583031 -2082.091869 -1272.260331 -1269.723358 -1259.549121 -1252.782365 -1249.595679 -1249.087586 -1249.031585 -1249.036110 -1249.049335 -1249.063633 -1249.077387 -1249.090133 -1249.102025 -1249.116402 -1249.163797 -1249.473833 -1251.191339 -1254.962065 -1259.857964 -1255.011543 -2057.436863 -2148.873967 -2153.537316 -2153.049730 -2152.840702 -2152.796212 -2152.788725 -2152.787943 -2152.788237 -2152.788631 -2152.788964 -2152.789228 -2152.789434 -2152.789598 -2152.789731 -2152.789843 -2152.789939 -2152.790028 -2152.790117 -2152.790216 -2152.790338 -2152.790503 -2152.790739 -2152.791095 -2152.791648 -2152.792527 -2152.793956 -2152.796334 -2152.800396 -2152.807540 -2152.820499 -2152.844742 -2152.891464 -2152.984424 -2153.176841 -2153.596941 -2154.581161 -2157.107434 -2164.408226 -2188.787112 -9999.0 -9999.0
-9999.0 -9999.0 75.549033 -22.349891 -121.341839 -220.595088 -319.944182 -419.328349 -518.716529 -618.086591 -717.400190 -816.643014 -915.792799 -1014.823176 -1113.821423 -1212.761581 -1311.436989 -1409.679284 -1507.164695 -1603.236308 -1696.596752 -1784.937480 -1865.122890 -1934.292507 -1990.995920 -2035.462700 -2069.116476 -2093.899693 -2111.772723 -2124.455034 -2133.339967 -2139.501683 -2143.740505 -2146.638142 -2148.610092 -2149.951975 -2150.886286 -2151.643907 -2152.683375 -2154.919178 -2154.583031 -2082.091869 -1272.260331 -1269.723358 -1259.549122 -1252.782365 -1249.595679 -1249.087586 -1249.031585 -1249.036110 -1249.049335 -1249.063633 -1249.077387 -1249.090133 -1249.102025 -1249.116402 -1249.163797 -1249.473833 -1251.191339 -1254.962065 -1259.857964 -1255.011543 -2057.436863 -2148.873967 -2153.537316 -2153.049730 -2152.840702 -2152.796212 -2152.788725 -2152.787943 -2152.788237 -2152.788631 -2152.788964 -2152.789228 -2152.789434 -2152.789598 -2152.789731 -2152.789843 -2152.789939 -2152.790028 -2152.790117 -2152.790216 -2152.790338 -2152.790503 -2152.790739 -2152.791095 -2152.791648 -2152.792527 -2152.793956 -2152.796334 -2152.800396 -2152.807540 -2152.820500 -2152.844742 -2152.891464 -2152.984424 -2153.176841 -2153.596941 -2154.581161 -2157.107434 -2164.408226 -2188.787112 -9999.0 -9999.0
-9999.0 -9999.0 -9999.0 -9999.0 -9999.0 -9999.0 -9999.0 -9999.0 -9999.0 -9999.0 -9999.0 -9999.0 -9999.0 -9999.0 -9999.0 -9999.0 -9999.0 -9999.0 -9999.0 -9999.0 -9999.0 -9999.0 -9999.0 -9999.0 -9999.0 -9999.0 -9999.0 -9999.0 -9999.0 -9999.0 -9999.0 -9999.0 -9999.0 -9999.0 -9999.0 -9999.0 -9999.0 -9999.0 -9999.0 -9999.0 -9999.0 -9999.0 -9999.0 -9999.0 -9999.0 -9999.0 -9999.0 -9999.0 -9999.0 -9999.0 -9999.0 -9999.0 -9999.0 -9999.0 -9999.0 -9999.0 -9999.0 -9999.0 -9999.0 -9999.0 -9999.0 -9999.0 -9999.0 -9999.0 -9999.0 -9999.0 -9999.0 -9999.0 -9999.0 -9999.0 -9999.0 -9999.0 -9999.0 -9999.0 -9999.0 -9999.0 -9999.0 -9999.0 -9999.0 -9999.0 -9999.0 -9999.0 -9999.0 -9999.0 -9999.0 -9999.0 -9999.0 -9999.0 -9999.0 -9999.0 -9999.0 -9999.0 -9999.0 -9999.0 -9999.0 -9999.0 -9999.0 -9999.0 -9999.0 -9999.0 -9999.0 -9999.0 -9999.0 -9999.0
-9999.0 -9999.0 -9999.0 -9999.0 -9999.0 -9999.0 -9999.0 -9999.0 -9999.0 -9999.0 -9999.0 -9999.0 -9999.0 -9999.0 -9999.0 -9999.0 -9999.0 -9999.0 -9999.0 -9999.0 -9999.0 -9999.0 -9999.0 -9999.0 -9999.0 -9999.0 -9999.0 -9999.0 -9999.0 -9999.0 -9999.0 -9999.0 -9999.0 -9999.0 -9999.0 -9999.0 -9999.0 -9999.0 -9999.0 -9999.0 -9999.0 -9999.0 -9999.0 -9999.0 -9999.0 -9999.0 -9999.0 -9999.0 -9999.0 -9999.0 -9999.0 -9999.0 -9999.0 -9999.0 -9999.0 -9999.0 -9999.0 -9999.0 -9999.0 -9999.0 -9999.0 -9999.0 -9999.0 -9999.0 -9999.0 -9999.0 -9999.0 -9999.0 -9999.0 -9999.0 -9999.0 -9999.0 -9999.0 -9999.0 -9999.0 -9999.0 -9999.0 -9999.0 -9999.0 -9999.0 -9999.0 -9999.0 -9999.0 -9999.0 -9999.0 -9999.0 -9999.0 -9999.0 -9999.0 -9999.0 -9999.0 -9999.0 -9999.0 -9999.0 -9999.0 -9999.0 -9999.0 -9999.0 -9999.0 -9999.0 -9999.0 -9999.0 -9999.0 -9999.0