inst/processing_geotop_simulation/geotop_simulation/out/maps3D/PwL0003N0282.asc
ncols         104
nrows         10
xllcorner     -2.000000
yllcorner     0.000000
cellsize      1.000000
NODATA_value  -9999.0
-9999.0 -9999.0 -9999.0 -9999.0 -9999.0 -9999.0 -9999.0 -9999.0 -9999.0 -9999.0 -9999.0 -9999.0 -9999.0 -9999.0 -9999.0 -9999.0 -9999.0 -9999.0 -9999.0 -9999.0 -9999.0 -9999.0 -9999.0 -9999.0 -9999.0 -9999.0 -9999.0 -9999.0 -9999.0 -9999.0 -9999.0 -9999.0 -9999.0 -9999.0 -9999.0 -9999.0 -9999.0 -9999.0 -9999.0 -9999.0 -9999.0 -9999.0 -9999.0 -9999.0 -9999.0 -9999.0 -9999.0 -9999.0 -9999.0 -9999.0 -9999.0 -9999.0 -9999.0 -9999.0 -9999.0 -9999.0 -9999.0 -9999.0 -9999.0 -9999.0 -9999.0 -9999.0 -9999.0 -9999.0 -9999.0 -9999.0 -9999.0 -9999.0 -9999.0 -9999.0 -9999.0 -9999.0 -9999.0 -9999.0 -9999.0 -9999.0 -9999.0 -9999.0 -9999.0 -9999.0 -9999.0 -9999.0 -9999.0 -9999.0 -9999.0 -9999.0 -9999.0 -9999.0 -9999.0 -9999.0 -9999.0 -9999.0 -9999.0 -9999.0 -9999.0 -9999.0 -9999.0 -9999.0 -9999.0 -9999.0 -9999.0 -9999.0 -9999.0 -9999.0
-9999.0 -9999.0 -9999.0 -9999.0 -9999.0 -9999.0 -9999.0 -9999.0 -9999.0 -9999.0 -9999.0 -9999.0 -9999.0 -9999.0 -9999.0 -9999.0 -9999.0 -9999.0 -9999.0 -9999.0 -9999.0 -9999.0 -9999.0 -9999.0 -9999.0 -9999.0 -9999.0 -9999.0 -9999.0 -9999.0 -9999.0 -9999.0 -9999.0 -9999.0 -9999.0 -9999.0 -9999.0 -9999.0 -9999.0 -9999.0 -9999.0 -9999.0 -9999.0 -9999.0 -9999.0 -9999.0 -9999.0 -9999.0 -9999.0 -9999.0 -9999.0 -9999.0 -9999.0 -9999.0 -9999.0 -9999.0 -9999.0 -9999.0 -9999.0 -9999.0 -9999.0 -9999.0 -9999.0 -9999.0 -9999.0 -9999.0 -9999.0 -9999.0 -9999.0 -9999.0 -9999.0 -9999.0 -9999.0 -9999.0 -9999.0 -9999.0 -9999.0 -9999.0 -9999.0 -9999.0 -9999.0 -9999.0 -9999.0 -9999.0 -9999.0 -9999.0 -9999.0 -9999.0 -9999.0 -9999.0 -9999.0 -9999.0 -9999.0 -9999.0 -9999.0 -9999.0 -9999.0 -9999.0 -9999.0 -9999.0 -9999.0 -9999.0 -9999.0 -9999.0
-9999.0 -9999.0 126.794925 31.059960 -66.777794 -165.168900 -263.765682 -362.433641 -461.101724 -559.716511 -658.169685 -756.310441 -854.163194 -951.579561 -1048.832162 -1146.075213 -1242.251640 -1336.873674 -1429.199567 -1517.973363 -1600.340247 -1672.383898 -1731.348729 -1776.875252 -1810.513488 -1834.626564 -1851.567285 -1863.303220 -1871.343907 -1876.799123 -1880.467319 -1882.914459 -1884.536255 -1885.605598 -1886.308537 -1886.772606 -1887.093566 -1887.385975 -1887.985878 -1890.178959 -1895.819708 -1865.426178 -1150.914376 -1152.478257 -1140.756443 -1133.176548 -1129.619423 -1129.082893 -1129.025859 -1129.032012 -1129.047398 -1129.063924 -1129.079805 -1129.094512 -1129.108158 -1129.123976 -1129.172490 -1129.494616 -1131.393203 -1135.622820 -1141.646575 -1131.688956 -1842.313708 -1890.000809 -1888.845924 -1887.950562 -1887.765361 -1887.734689 -1887.730354 -1887.730327 -1887.730925 -1887.731505 -1887.731968 -1887.732323 -1887.732596 -1887.732808 -1887.732977 -1887.733113 -1887.733228 -1887.733330 -1887.733432 -1887.733545 -1887.733687 -1887.733885 -1887.734178 -1887.734628 -1887.735338 -1887.736474 -1887.738327 -1887.741402 -1887.746626 -1887.755740 -1887.772119 -1887.802437 -1887.860132 -1887.972834 -1888.199628 -1888.675318 -1889.734255 -1892.291437 -1899.240063 -1921.929732 -9999.0 -9999.0
-9999.0 -9999.0 126.805527 31.061997 -66.777282 -165.168751 -263.765634 -362.433625 -461.101718 -559.716509 -658.169684 -756.310441 -854.163194 -951.579561 -1048.832162 -1146.075213 -1242.251640 -1336.873674 -1429.199567 -1517.973364 -1600.340247 -1672.383899 -1731.348729 -1776.875252 -1810.513488 -1834.626564 -1851.567285 -1863.303220 -1871.343907 -1876.799123 -1880.467319 -1882.914459 -1884.536255 -1885.605598 -1886.308537 -1886.772606 -1887.093566 -1887.385975 -1887.985878 -1890.178959 -1895.819708 -1865.426178 -1150.914376 -1152.478257 -1140.756443 -1133.176547 -1129.619423 -1129.082893 -1129.025859 -1129.032012 -1129.047398 -1129.063924 -1129.079805 -1129.094512 -1129.108158 -1129.123976 -1129.172490 -1129.494616 -1131.393203 -1135.622820 -1141.646575 -1131.688956 -1842.313708 -1890.000809 -1888.845924 -1887.950562 -1887.765361 -1887.734689 -1887.730354 -1887.730327 -1887.730925 -1887.731505 -1887.731968 -1887.732323 -1887.732596 -1887.732808 -1887.732977 -1887.733113 -1887.733228 -1887.733330 -1887.733432 -1887.733545 -1887.733687 -1887.733885 -1887.734178 -1887.734628 -1887.735338 -1887.736474 -1887.738327 -1887.741402 -1887.746626 -1887.755740 -1887.772119 -1887.802437 -1887.860132 -1887.972834 -1888.199628 -1888.675318 -1889.734255 -1892.291437 -1899.240063 -1921.929732 -9999.0 -9999.0
-9999.0 -9999.0 126.806849 31.062819 -66.776958 -165.168634 -263.765593 -362.433610 -461.101713 -559.716507 -658.169683 -756.310440 -854.163194 -951.579561 -1048.832162 -1146.075213 -1242.251640 -1336.873674 -1429.199567 -1517.973364 -1600.340247 -1672.383899 -1731.348729 -1776.875252 -1810.513488 -1834.626564 -1851.567285 -1863.303220 -1871.343907 -1876.799123 -1880.467319 -1882.914459 -1884.536255 -1885.605598 -1886.308537 -1886.772606 -1887.093566 -1887.385975 -1887.985878 -1890.178959 -1895.819708 -1865.426178 -1150.914376 -1152.478257 -1140.756443 -1133.176547 -1129.619423 -1129.082893 -1129.025859 -1129.032012 -1129.047398 -1129.063924 -1129.079805 -1129.094512 -1129.108158 -1129.123976 -1129.172490 -1129.494616 -1131.393203 -1135.622820 -1141.646575 -1131.688956 -1842.313708 -1890.000809 -1888.845924 -1887.950562 -1887.765361 -1887.734689 -1887.730354 -1887.730327 -1887.730925 -1887.731505 -1887.731968 -1887.732323 -1887.732596 -1887.732808 -1887.732977 -1887.733113 -1887.733228 -1887.733330 -1887.733432 -1887.733545 -1887.733687 -1887.733885 -1887.734178 -1887.734628 -1887.735338 -1887.736474 -1887.738327 -1887.741402 -1887.746626 -1887.755740 -1887.772119 -1887.802437 -1887.860132 -1887.972834 -1888.199628 -1888.675318 -1889.734255 -1892.291437 -1899.240063 -1921.929732 -9999.0 -9999.0
-9999.0 -9999.0 126.806849 31.062819 -66.776958 -165.168634 -263.765593 -362.433611 -461.101712 -559.716507 -658.169683 -756.310440 -854.163194 -951.579561 -1048.832162 -1146.075213 -1242.251640 -1336.873674 -1429.199567 -1517.973364 -1600.340247 -1672.383899 -1731.348729 -1776.875252 -1810.513488 -1834.626564 -1851.567285 -1863.303220 -1871.343907 -1876.799123 -1880.467319 -1882.914459 -1884.536255 -1885.605598 -1886.308537 -1886.772606 -1887.093566 -1887.385975 -1887.985878 -1890.178959 -1895.819708 -1865.426178 -1150.914376 -1152.478257 -1140.756443 -1133.176547 -1129.619423 -1129.082893 -1129.025859 -1129.032012 -1129.047398 -1129.063924 -1129.079805 -1129.094512 -1129.108158 -1129.123976 -1129.172490 -1129.494616 -1131.393203 -1135.622820 -1141.646575 -1131.688956 -1842.313708 -1890.000809 -1888.845924 -1887.950562 -1887.765361 -1887.734689 -1887.730354 -1887.730327 -1887.730925 -1887.731505 -1887.731968 -1887.732323 -1887.732596 -1887.732808 -1887.732977 -1887.733113 -1887.733228 -1887.733330 -1887.733432 -1887.733545 -1887.733687 -1887.733885 -1887.734178 -1887.734628 -1887.735338 -1887.736474 -1887.738327 -1887.741402 -1887.746626 -1887.755740 -1887.772119 -1887.802437 -1887.860132 -1887.972834 -1888.199628 -1888.675318 -1889.734255 -1892.291437 -1899.240063 -1921.929732 -9999.0 -9999.0
-9999.0 -9999.0 126.805527 31.061997 -66.777282 -165.168751 -263.765634 -362.433625 -461.101718 -559.716509 -658.169684 -756.310441 -854.163194 -951.579561 -1048.832162 -1146.075213 -1242.251640 -1336.873674 -1429.199567 -1517.973364 -1600.340247 -1672.383899 -1731.348729 -1776.875252 -1810.513488 -1834.626564 -1851.567285 -1863.303220 -1871.343907 -1876.799123 -1880.467319 -1882.914459 -1884.536255 -1885.605598 -1886.308537 -1886.772606 -1887.093566 -1887.385975 -1887.985878 -1890.178959 -1895.819708 -1865.426178 -1150.914376 -1152.478257 -1140.756443 -1133.176547 -1129.619423 -1129.082893 -1129.025859 -1129.032012 -1129.047398 -1129.063924 -1129.079805 -1129.094512 -1129.108158 -1129.123976 -1129.172490 -1129.494616 -1131.393203 -1135.622820 -1141.646575 -1131.688956 -1842.313708 -1890.000809 -1888.845924 -1887.950562 -1887.765361 -1887.734689 -1887.730354 -1887.730327 -1887.730925 -1887.731505 -1887.731968 -1887.732323 -1887.732596 -1887.732808 -1887.732977 -1887.733113 -1887.733228 -1887.733330 -1887.733432 -1887.733545 -1887.733687 -1887.733885 -1887.734178 -1887.734628 -1887.735338 -1887.736474 -1887.738327 -1887.741402 -1887.746626 -1887.755740 -1887.772119 -1887.802437 -1887.860132 -1887.972834 -1888.199628 -1888.675318 -1889.734255 -1892.291437 -1899.240063 -1921.929732 -9999.0 -9999.0
-9999.0 -9999.0 126.794925 31.059960 -66.777794 -165.168900 -263.765682 -362.433641 -461.101724 -559.716511 -658.169685 -756.310441 -854.163194 -951.579561 -1048.832162 -1146.075213 -1242.251640 -1336.873674 -1429.199567 -1517.973363 -1600.340247 -1672.383898 -1731.348729 -1776.875252 -1810.513488 -1834.626564 -1851.567285 -1863.303220 -1871.343907 -1876.799123 -1880.467319 -1882.914459 -1884.536255 -1885.605598 -1886.308537 -1886.772606 -1887.093566 -1887.385975 -1887.985878 -1890.178959 -1895.819708 -1865.426178 -1150.914376 -1152.478257 -1140.756443 -1133.176548 -1129.619423 -1129.082893 -1129.025859 -1129.032012 -1129.047398 -1129.063924 -1129.079805 -1129.094512 -1129.108158 -1129.123976 -1129.172490 -1129.494616 -1131.393203 -1135.622820 -1141.646575 -1131.688956 -1842.313708 -1890.000809 -1888.845924 -1887.950562 -1887.765361 -1887.734689 -1887.730354 -1887.730327 -1887.730925 -1887.731505 -1887.731968 -1887.732323 -1887.732596 -1887.732808 -1887.732977 -1887.733113 -1887.733228 -1887.733330 -1887.733432 -1887.733545 -1887.733687 -1887.733885 -1887.734178 -1887.734628 -1887.735338 -1887.736474 -1887.738327 -1887.741402 -1887.746626 -1887.755740 -1887.772119 -1887.802437 -1887.860132 -1887.972834 -1888.199628 -1888.675318 -1889.734255 -1892.291437 -1899.240063 -1921.929732 -9999.0 -9999.0
-9999.0 -9999.0 -9999.0 -9999.0 -9999.0 -9999.0 -9999.0 -9999.0 -9999.0 -9999.0 -9999.0 -9999.0 -9999.0 -9999.0 -9999.0 -9999.0 -9999.0 -9999.0 -9999.0 -9999.0 -9999.0 -9999.0 -9999.0 -9999.0 -9999.0 -9999.0 -9999.0 -9999.0 -9999.0 -9999.0 -9999.0 -9999.0 -9999.0 -9999.0 -9999.0 -9999.0 -9999.0 -9999.0 -9999.0 -9999.0 -9999.0 -9999.0 -9999.0 -9999.0 -9999.0 -9999.0 -9999.0 -9999.0 -9999.0 -9999.0 -9999.0 -9999.0 -9999.0 -9999.0 -9999.0 -9999.0 -9999.0 -9999.0 -9999.0 -9999.0 -9999.0 -9999.0 -9999.0 -9999.0 -9999.0 -9999.0 -9999.0 -9999.0 -9999.0 -9999.0 -9999.0 -9999.0 -9999.0 -9999.0 -9999.0 -9999.0 -9999.0 -9999.0 -9999.0 -9999.0 -9999.0 -9999.0 -9999.0 -9999.0 -9999.0 -9999.0 -9999.0 -9999.0 -9999.0 -9999.0 -9999.0 -9999.0 -9999.0 -9999.0 -9999.0 -9999.0 -9999.0 -9999.0 -9999.0 -9999.0 -9999.0 -9999.0 -9999.0 -9999.0
-9999.0 -9999.0 -9999.0 -9999.0 -9999.0 -9999.0 -9999.0 -9999.0 -9999.0 -9999.0 -9999.0 -9999.0 -9999.0 -9999.0 -9999.0 -9999.0 -9999.0 -9999.0 -9999.0 -9999.0 -9999.0 -9999.0 -9999.0 -9999.0 -9999.0 -9999.0 -9999.0 -9999.0 -9999.0 -9999.0 -9999.0 -9999.0 -9999.0 -9999.0 -9999.0 -9999.0 -9999.0 -9999.0 -9999.0 -9999.0 -9999.0 -9999.0 -9999.0 -9999.0 -9999.0 -9999.0 -9999.0 -9999.0 -9999.0 -9999.0 -9999.0 -9999.0 -9999.0 -9999.0 -9999.0 -9999.0 -9999.0 -9999.0 -9999.0 -9999.0 -9999.0 -9999.0 -9999.0 -9999.0 -9999.0 -9999.0 -9999.0 -9999.0 -9999.0 -9999.0 -9999.0 -9999.0 -9999.0 -9999.0 -9999.0 -9999.0 -9999.0 -9999.0 -9999.0 -9999.0 -9999.0 -9999.0 -9999.0 -9999.0 -9999.0 -9999.0 -9999.0 -9999.0 -9999.0 -9999.0 -9999.0 -9999.0 -9999.0 -9999.0 -9999.0 -9999.0 -9999.0 -9999.0 -9999.0 -9999.0 -9999.0 -9999.0 -9999.0 -9999.0