inst/processing_geotop_simulation/geotop_simulation/out/maps3D/PwL0007N0417.asc
ncols         104
nrows         10
xllcorner     -2.000000
yllcorner     0.000000
cellsize      1.000000
NODATA_value  -9999.0
-9999.0 -9999.0 -9999.0 -9999.0 -9999.0 -9999.0 -9999.0 -9999.0 -9999.0 -9999.0 -9999.0 -9999.0 -9999.0 -9999.0 -9999.0 -9999.0 -9999.0 -9999.0 -9999.0 -9999.0 -9999.0 -9999.0 -9999.0 -9999.0 -9999.0 -9999.0 -9999.0 -9999.0 -9999.0 -9999.0 -9999.0 -9999.0 -9999.0 -9999.0 -9999.0 -9999.0 -9999.0 -9999.0 -9999.0 -9999.0 -9999.0 -9999.0 -9999.0 -9999.0 -9999.0 -9999.0 -9999.0 -9999.0 -9999.0 -9999.0 -9999.0 -9999.0 -9999.0 -9999.0 -9999.0 -9999.0 -9999.0 -9999.0 -9999.0 -9999.0 -9999.0 -9999.0 -9999.0 -9999.0 -9999.0 -9999.0 -9999.0 -9999.0 -9999.0 -9999.0 -9999.0 -9999.0 -9999.0 -9999.0 -9999.0 -9999.0 -9999.0 -9999.0 -9999.0 -9999.0 -9999.0 -9999.0 -9999.0 -9999.0 -9999.0 -9999.0 -9999.0 -9999.0 -9999.0 -9999.0 -9999.0 -9999.0 -9999.0 -9999.0 -9999.0 -9999.0 -9999.0 -9999.0 -9999.0 -9999.0 -9999.0 -9999.0 -9999.0 -9999.0
-9999.0 -9999.0 -9999.0 -9999.0 -9999.0 -9999.0 -9999.0 -9999.0 -9999.0 -9999.0 -9999.0 -9999.0 -9999.0 -9999.0 -9999.0 -9999.0 -9999.0 -9999.0 -9999.0 -9999.0 -9999.0 -9999.0 -9999.0 -9999.0 -9999.0 -9999.0 -9999.0 -9999.0 -9999.0 -9999.0 -9999.0 -9999.0 -9999.0 -9999.0 -9999.0 -9999.0 -9999.0 -9999.0 -9999.0 -9999.0 -9999.0 -9999.0 -9999.0 -9999.0 -9999.0 -9999.0 -9999.0 -9999.0 -9999.0 -9999.0 -9999.0 -9999.0 -9999.0 -9999.0 -9999.0 -9999.0 -9999.0 -9999.0 -9999.0 -9999.0 -9999.0 -9999.0 -9999.0 -9999.0 -9999.0 -9999.0 -9999.0 -9999.0 -9999.0 -9999.0 -9999.0 -9999.0 -9999.0 -9999.0 -9999.0 -9999.0 -9999.0 -9999.0 -9999.0 -9999.0 -9999.0 -9999.0 -9999.0 -9999.0 -9999.0 -9999.0 -9999.0 -9999.0 -9999.0 -9999.0 -9999.0 -9999.0 -9999.0 -9999.0 -9999.0 -9999.0 -9999.0 -9999.0 -9999.0 -9999.0 -9999.0 -9999.0 -9999.0 -9999.0
-9999.0 -9999.0 323.773380 225.492497 126.533643 27.326812 -71.975777 -171.317717 -270.671433 -370.017682 -469.337809 -568.597240 -667.725900 -766.712039 -865.677313 -964.606472 -1063.464976 -1162.032506 -1259.844152 -1356.489207 -1450.892776 -1541.092393 -1624.296129 -1697.708834 -1759.528243 -1809.379584 -1848.113044 -1877.303020 -1898.767159 -1914.243755 -1925.230105 -1932.932778 -1938.280476 -1941.964808 -1944.488894 -1946.215197 -1947.416068 -1948.361024 -1949.553792 -1952.102389 -1954.239308 -1906.914231 -1230.462662 -1270.218306 -1251.184556 -1238.438404 -1232.493722 -1231.598110 -1231.501876 -1231.509914 -1231.532803 -1231.557501 -1231.581245 -1231.603241 -1231.623720 -1231.648124 -1231.727339 -1232.259983 -1235.409223 -1242.393533 -1250.584464 -1198.556120 -1877.135204 -1947.675230 -1950.788592 -1950.173056 -1949.952072 -1949.906271 -1949.898622 -1949.897828 -1949.898133 -1949.898538 -1949.898883 -1949.899156 -1949.899372 -1949.899545 -1949.899688 -1949.899808 -1949.899913 -1949.900010 -1949.900108 -1949.900216 -1949.900348 -1949.900524 -1949.900772 -1949.901143 -1949.901713 -1949.902615 -1949.904077 -1949.906502 -1949.910638 -1949.917906 -1949.931085 -1949.955736 -1950.003265 -1950.097922 -1950.294153 -1950.723351 -1951.729886 -1954.309570 -1961.725069 -1986.277730 -9999.0 -9999.0
-9999.0 -9999.0 323.780368 225.494186 126.534091 27.326945 -71.975734 -171.317703 -270.671427 -370.017680 -469.337808 -568.597239 -667.725900 -766.712039 -865.677313 -964.606472 -1063.464976 -1162.032506 -1259.844153 -1356.489207 -1450.892776 -1541.092393 -1624.296130 -1697.708834 -1759.528243 -1809.379584 -1848.113044 -1877.303020 -1898.767159 -1914.243755 -1925.230105 -1932.932778 -1938.280476 -1941.964808 -1944.488893 -1946.215197 -1947.416068 -1948.361024 -1949.553792 -1952.102389 -1954.239308 -1906.914231 -1230.462662 -1270.218306 -1251.184556 -1238.438404 -1232.493722 -1231.598110 -1231.501876 -1231.509914 -1231.532803 -1231.557501 -1231.581245 -1231.603241 -1231.623720 -1231.648124 -1231.727339 -1232.259983 -1235.409223 -1242.393533 -1250.584464 -1198.556120 -1877.135204 -1947.675230 -1950.788592 -1950.173055 -1949.952072 -1949.906271 -1949.898622 -1949.897828 -1949.898133 -1949.898538 -1949.898883 -1949.899156 -1949.899372 -1949.899545 -1949.899688 -1949.899808 -1949.899913 -1949.900010 -1949.900108 -1949.900216 -1949.900348 -1949.900524 -1949.900772 -1949.901143 -1949.901713 -1949.902615 -1949.904077 -1949.906502 -1949.910638 -1949.917906 -1949.931085 -1949.955736 -1950.003265 -1950.097922 -1950.294153 -1950.723351 -1951.729886 -1954.309570 -1961.725069 -1986.277730 -9999.0 -9999.0
-9999.0 -9999.0 323.781691 225.494905 126.534377 27.327049 -71.975697 -171.317689 -270.671423 -370.017678 -469.337807 -568.597239 -667.725900 -766.712039 -865.677313 -964.606472 -1063.464976 -1162.032506 -1259.844153 -1356.489207 -1450.892777 -1541.092394 -1624.296130 -1697.708834 -1759.528243 -1809.379584 -1848.113044 -1877.303020 -1898.767159 -1914.243755 -1925.230105 -1932.932778 -1938.280476 -1941.964808 -1944.488894 -1946.215197 -1947.416068 -1948.361024 -1949.553792 -1952.102389 -1954.239308 -1906.914231 -1230.462662 -1270.218306 -1251.184556 -1238.438404 -1232.493722 -1231.598110 -1231.501876 -1231.509914 -1231.532803 -1231.557501 -1231.581245 -1231.603241 -1231.623720 -1231.648124 -1231.727339 -1232.259983 -1235.409223 -1242.393533 -1250.584464 -1198.556120 -1877.135204 -1947.675230 -1950.788592 -1950.173055 -1949.952072 -1949.906271 -1949.898622 -1949.897828 -1949.898133 -1949.898538 -1949.898883 -1949.899156 -1949.899372 -1949.899545 -1949.899688 -1949.899808 -1949.899913 -1949.900010 -1949.900108 -1949.900216 -1949.900348 -1949.900524 -1949.900772 -1949.901143 -1949.901713 -1949.902615 -1949.904077 -1949.906502 -1949.910638 -1949.917906 -1949.931085 -1949.955736 -1950.003265 -1950.097922 -1950.294153 -1950.723351 -1951.729886 -1954.309570 -1961.725069 -1986.277730 -9999.0 -9999.0
-9999.0 -9999.0 323.781691 225.494905 126.534377 27.327049 -71.975697 -171.317689 -270.671422 -370.017678 -469.337807 -568.597239 -667.725900 -766.712039 -865.677313 -964.606472 -1063.464976 -1162.032506 -1259.844153 -1356.489207 -1450.892777 -1541.092394 -1624.296130 -1697.708834 -1759.528243 -1809.379584 -1848.113044 -1877.303020 -1898.767159 -1914.243755 -1925.230105 -1932.932778 -1938.280476 -1941.964808 -1944.488894 -1946.215197 -1947.416068 -1948.361024 -1949.553792 -1952.102389 -1954.239308 -1906.914231 -1230.462662 -1270.218306 -1251.184556 -1238.438404 -1232.493722 -1231.598110 -1231.501876 -1231.509914 -1231.532803 -1231.557501 -1231.581245 -1231.603241 -1231.623720 -1231.648124 -1231.727339 -1232.259983 -1235.409223 -1242.393533 -1250.584464 -1198.556120 -1877.135204 -1947.675230 -1950.788592 -1950.173055 -1949.952072 -1949.906271 -1949.898622 -1949.897828 -1949.898133 -1949.898538 -1949.898883 -1949.899156 -1949.899372 -1949.899545 -1949.899688 -1949.899808 -1949.899913 -1949.900010 -1949.900108 -1949.900216 -1949.900348 -1949.900524 -1949.900772 -1949.901143 -1949.901713 -1949.902615 -1949.904077 -1949.906502 -1949.910638 -1949.917906 -1949.931085 -1949.955736 -1950.003265 -1950.097922 -1950.294153 -1950.723351 -1951.729886 -1954.309570 -1961.725069 -1986.277730 -9999.0 -9999.0
-9999.0 -9999.0 323.780368 225.494186 126.534091 27.326945 -71.975734 -171.317703 -270.671427 -370.017680 -469.337808 -568.597239 -667.725900 -766.712039 -865.677313 -964.606472 -1063.464976 -1162.032506 -1259.844153 -1356.489207 -1450.892776 -1541.092393 -1624.296130 -1697.708834 -1759.528243 -1809.379584 -1848.113044 -1877.303020 -1898.767159 -1914.243755 -1925.230105 -1932.932778 -1938.280476 -1941.964808 -1944.488893 -1946.215197 -1947.416068 -1948.361024 -1949.553792 -1952.102389 -1954.239308 -1906.914231 -1230.462662 -1270.218306 -1251.184556 -1238.438404 -1232.493722 -1231.598110 -1231.501876 -1231.509914 -1231.532803 -1231.557501 -1231.581245 -1231.603241 -1231.623720 -1231.648124 -1231.727339 -1232.259983 -1235.409223 -1242.393533 -1250.584464 -1198.556120 -1877.135204 -1947.675230 -1950.788592 -1950.173055 -1949.952072 -1949.906271 -1949.898622 -1949.897828 -1949.898133 -1949.898538 -1949.898883 -1949.899156 -1949.899372 -1949.899545 -1949.899688 -1949.899808 -1949.899913 -1949.900010 -1949.900108 -1949.900216 -1949.900348 -1949.900524 -1949.900772 -1949.901143 -1949.901713 -1949.902615 -1949.904077 -1949.906502 -1949.910638 -1949.917906 -1949.931085 -1949.955736 -1950.003265 -1950.097922 -1950.294153 -1950.723351 -1951.729886 -1954.309570 -1961.725069 -1986.277730 -9999.0 -9999.0
-9999.0 -9999.0 323.773380 225.492497 126.533643 27.326812 -71.975777 -171.317717 -270.671433 -370.017682 -469.337809 -568.597240 -667.725900 -766.712039 -865.677313 -964.606472 -1063.464976 -1162.032506 -1259.844152 -1356.489207 -1450.892776 -1541.092393 -1624.296129 -1697.708834 -1759.528243 -1809.379584 -1848.113044 -1877.303020 -1898.767159 -1914.243755 -1925.230105 -1932.932778 -1938.280476 -1941.964808 -1944.488894 -1946.215197 -1947.416068 -1948.361024 -1949.553792 -1952.102389 -1954.239308 -1906.914231 -1230.462662 -1270.218306 -1251.184556 -1238.438404 -1232.493722 -1231.598110 -1231.501876 -1231.509914 -1231.532803 -1231.557501 -1231.581245 -1231.603241 -1231.623720 -1231.648124 -1231.727339 -1232.259983 -1235.409223 -1242.393533 -1250.584464 -1198.556120 -1877.135204 -1947.675230 -1950.788592 -1950.173056 -1949.952072 -1949.906271 -1949.898622 -1949.897828 -1949.898133 -1949.898538 -1949.898883 -1949.899156 -1949.899372 -1949.899545 -1949.899688 -1949.899808 -1949.899913 -1949.900010 -1949.900108 -1949.900216 -1949.900348 -1949.900524 -1949.900772 -1949.901143 -1949.901713 -1949.902615 -1949.904077 -1949.906502 -1949.910638 -1949.917906 -1949.931085 -1949.955736 -1950.003265 -1950.097922 -1950.294153 -1950.723351 -1951.729886 -1954.309570 -1961.725069 -1986.277730 -9999.0 -9999.0
-9999.0 -9999.0 -9999.0 -9999.0 -9999.0 -9999.0 -9999.0 -9999.0 -9999.0 -9999.0 -9999.0 -9999.0 -9999.0 -9999.0 -9999.0 -9999.0 -9999.0 -9999.0 -9999.0 -9999.0 -9999.0 -9999.0 -9999.0 -9999.0 -9999.0 -9999.0 -9999.0 -9999.0 -9999.0 -9999.0 -9999.0 -9999.0 -9999.0 -9999.0 -9999.0 -9999.0 -9999.0 -9999.0 -9999.0 -9999.0 -9999.0 -9999.0 -9999.0 -9999.0 -9999.0 -9999.0 -9999.0 -9999.0 -9999.0 -9999.0 -9999.0 -9999.0 -9999.0 -9999.0 -9999.0 -9999.0 -9999.0 -9999.0 -9999.0 -9999.0 -9999.0 -9999.0 -9999.0 -9999.0 -9999.0 -9999.0 -9999.0 -9999.0 -9999.0 -9999.0 -9999.0 -9999.0 -9999.0 -9999.0 -9999.0 -9999.0 -9999.0 -9999.0 -9999.0 -9999.0 -9999.0 -9999.0 -9999.0 -9999.0 -9999.0 -9999.0 -9999.0 -9999.0 -9999.0 -9999.0 -9999.0 -9999.0 -9999.0 -9999.0 -9999.0 -9999.0 -9999.0 -9999.0 -9999.0 -9999.0 -9999.0 -9999.0 -9999.0 -9999.0
-9999.0 -9999.0 -9999.0 -9999.0 -9999.0 -9999.0 -9999.0 -9999.0 -9999.0 -9999.0 -9999.0 -9999.0 -9999.0 -9999.0 -9999.0 -9999.0 -9999.0 -9999.0 -9999.0 -9999.0 -9999.0 -9999.0 -9999.0 -9999.0 -9999.0 -9999.0 -9999.0 -9999.0 -9999.0 -9999.0 -9999.0 -9999.0 -9999.0 -9999.0 -9999.0 -9999.0 -9999.0 -9999.0 -9999.0 -9999.0 -9999.0 -9999.0 -9999.0 -9999.0 -9999.0 -9999.0 -9999.0 -9999.0 -9999.0 -9999.0 -9999.0 -9999.0 -9999.0 -9999.0 -9999.0 -9999.0 -9999.0 -9999.0 -9999.0 -9999.0 -9999.0 -9999.0 -9999.0 -9999.0 -9999.0 -9999.0 -9999.0 -9999.0 -9999.0 -9999.0 -9999.0 -9999.0 -9999.0 -9999.0 -9999.0 -9999.0 -9999.0 -9999.0 -9999.0 -9999.0 -9999.0 -9999.0 -9999.0 -9999.0 -9999.0 -9999.0 -9999.0 -9999.0 -9999.0 -9999.0 -9999.0 -9999.0 -9999.0 -9999.0 -9999.0 -9999.0 -9999.0 -9999.0 -9999.0 -9999.0 -9999.0 -9999.0 -9999.0 -9999.0