inst/processing_geotop_simulation/geotop_simulation/out/maps3D/PwL0000N0275.asc
ncols         104
nrows         10
xllcorner     -2.000000
yllcorner     0.000000
cellsize      1.000000
NODATA_value  -9999.0
-9999.0 -9999.0 -9999.0 -9999.0 -9999.0 -9999.0 -9999.0 -9999.0 -9999.0 -9999.0 -9999.0 -9999.0 -9999.0 -9999.0 -9999.0 -9999.0 -9999.0 -9999.0 -9999.0 -9999.0 -9999.0 -9999.0 -9999.0 -9999.0 -9999.0 -9999.0 -9999.0 -9999.0 -9999.0 -9999.0 -9999.0 -9999.0 -9999.0 -9999.0 -9999.0 -9999.0 -9999.0 -9999.0 -9999.0 -9999.0 -9999.0 -9999.0 -9999.0 -9999.0 -9999.0 -9999.0 -9999.0 -9999.0 -9999.0 -9999.0 -9999.0 -9999.0 -9999.0 -9999.0 -9999.0 -9999.0 -9999.0 -9999.0 -9999.0 -9999.0 -9999.0 -9999.0 -9999.0 -9999.0 -9999.0 -9999.0 -9999.0 -9999.0 -9999.0 -9999.0 -9999.0 -9999.0 -9999.0 -9999.0 -9999.0 -9999.0 -9999.0 -9999.0 -9999.0 -9999.0 -9999.0 -9999.0 -9999.0 -9999.0 -9999.0 -9999.0 -9999.0 -9999.0 -9999.0 -9999.0 -9999.0 -9999.0 -9999.0 -9999.0 -9999.0 -9999.0 -9999.0 -9999.0 -9999.0 -9999.0 -9999.0 -9999.0 -9999.0 -9999.0
-9999.0 -9999.0 -9999.0 -9999.0 -9999.0 -9999.0 -9999.0 -9999.0 -9999.0 -9999.0 -9999.0 -9999.0 -9999.0 -9999.0 -9999.0 -9999.0 -9999.0 -9999.0 -9999.0 -9999.0 -9999.0 -9999.0 -9999.0 -9999.0 -9999.0 -9999.0 -9999.0 -9999.0 -9999.0 -9999.0 -9999.0 -9999.0 -9999.0 -9999.0 -9999.0 -9999.0 -9999.0 -9999.0 -9999.0 -9999.0 -9999.0 -9999.0 -9999.0 -9999.0 -9999.0 -9999.0 -9999.0 -9999.0 -9999.0 -9999.0 -9999.0 -9999.0 -9999.0 -9999.0 -9999.0 -9999.0 -9999.0 -9999.0 -9999.0 -9999.0 -9999.0 -9999.0 -9999.0 -9999.0 -9999.0 -9999.0 -9999.0 -9999.0 -9999.0 -9999.0 -9999.0 -9999.0 -9999.0 -9999.0 -9999.0 -9999.0 -9999.0 -9999.0 -9999.0 -9999.0 -9999.0 -9999.0 -9999.0 -9999.0 -9999.0 -9999.0 -9999.0 -9999.0 -9999.0 -9999.0 -9999.0 -9999.0 -9999.0 -9999.0 -9999.0 -9999.0 -9999.0 -9999.0 -9999.0 -9999.0 -9999.0 -9999.0 -9999.0 -9999.0
-9999.0 -9999.0 0.030218 -92.367165 -190.086890 -288.397356 -386.921514 -485.514304 -584.101452 -682.617949 -780.941907 -878.975477 -976.637628 -1073.803991 -1170.849455 -1267.684851 -1363.407616 -1457.404377 -1548.933110 -1636.661541 -1717.408850 -1787.068801 -1843.114466 -1885.637381 -1916.564105 -1938.443444 -1953.655393 -1964.108895 -1971.225566 -1976.028581 -1979.243347 -1981.378849 -1982.788349 -1983.714041 -1984.320226 -1984.719220 -1984.995897 -1985.254926 -1985.816527 -1987.945632 -1993.523146 -1961.531318 -1222.747818 -1219.420878 -1209.141256 -1202.517037 -1199.404019 -1198.931107 -1198.880803 -1198.886508 -1198.900458 -1198.915429 -1198.929816 -1198.943139 -1198.955495 -1198.969757 -1199.013031 -1199.298467 -1200.966010 -1204.681094 -1210.084270 -1206.068502 -1939.457228 -1987.877439 -1986.645216 -1985.758435 -1985.578605 -1985.549103 -1985.544977 -1985.545002 -1985.545626 -1985.546223 -1985.546698 -1985.547063 -1985.547342 -1985.547559 -1985.547732 -1985.547871 -1985.547988 -1985.548092 -1985.548195 -1985.548310 -1985.548455 -1985.548657 -1985.548956 -1985.549416 -1985.550139 -1985.551300 -1985.553190 -1985.556327 -1985.561652 -1985.570935 -1985.587605 -1985.618437 -1985.677053 -1985.791396 -1986.020985 -1986.500899 -1987.564496 -1990.119957 -1997.030077 -2019.562802 -9999.0 -9999.0
-9999.0 -9999.0 0.098164 -92.365090 -190.086373 -288.397205 -386.921466 -485.514288 -584.101446 -682.617947 -780.941906 -878.975477 -976.637628 -1073.803991 -1170.849455 -1267.684851 -1363.407616 -1457.404377 -1548.933110 -1636.661541 -1717.408850 -1787.068801 -1843.114466 -1885.637381 -1916.564105 -1938.443444 -1953.655393 -1964.108895 -1971.225566 -1976.028581 -1979.243347 -1981.378849 -1982.788349 -1983.714041 -1984.320226 -1984.719220 -1984.995897 -1985.254926 -1985.816527 -1987.945632 -1993.523146 -1961.531318 -1222.747818 -1219.420878 -1209.141255 -1202.517036 -1199.404019 -1198.931107 -1198.880803 -1198.886508 -1198.900458 -1198.915429 -1198.929816 -1198.943139 -1198.955495 -1198.969757 -1199.013031 -1199.298467 -1200.966010 -1204.681094 -1210.084270 -1206.068502 -1939.457228 -1987.877439 -1986.645216 -1985.758435 -1985.578605 -1985.549103 -1985.544977 -1985.545002 -1985.545626 -1985.546223 -1985.546698 -1985.547063 -1985.547342 -1985.547559 -1985.547732 -1985.547871 -1985.547988 -1985.548092 -1985.548195 -1985.548310 -1985.548455 -1985.548657 -1985.548956 -1985.549416 -1985.550139 -1985.551300 -1985.553190 -1985.556327 -1985.561652 -1985.570935 -1985.587605 -1985.618437 -1985.677053 -1985.791396 -1986.020985 -1986.500899 -1987.564496 -1990.119957 -1997.030077 -2019.562802 -9999.0 -9999.0
-9999.0 -9999.0 0.098172 -92.364261 -190.086046 -288.397087 -386.921424 -485.514272 -584.101440 -682.617945 -780.941905 -878.975476 -976.637628 -1073.803991 -1170.849455 -1267.684852 -1363.407616 -1457.404377 -1548.933110 -1636.661541 -1717.408850 -1787.068801 -1843.114467 -1885.637381 -1916.564105 -1938.443444 -1953.655393 -1964.108895 -1971.225567 -1976.028581 -1979.243347 -1981.378849 -1982.788349 -1983.714041 -1984.320226 -1984.719220 -1984.995897 -1985.254926 -1985.816527 -1987.945632 -1993.523146 -1961.531318 -1222.747818 -1219.420878 -1209.141255 -1202.517036 -1199.404019 -1198.931107 -1198.880803 -1198.886508 -1198.900458 -1198.915429 -1198.929816 -1198.943139 -1198.955495 -1198.969757 -1199.013031 -1199.298467 -1200.966010 -1204.681094 -1210.084270 -1206.068502 -1939.457228 -1987.877439 -1986.645216 -1985.758435 -1985.578605 -1985.549103 -1985.544977 -1985.545002 -1985.545626 -1985.546223 -1985.546698 -1985.547063 -1985.547342 -1985.547559 -1985.547732 -1985.547871 -1985.547988 -1985.548092 -1985.548195 -1985.548310 -1985.548455 -1985.548657 -1985.548956 -1985.549416 -1985.550139 -1985.551300 -1985.553190 -1985.556327 -1985.561652 -1985.570935 -1985.587605 -1985.618437 -1985.677053 -1985.791396 -1986.020985 -1986.500899 -1987.564496 -1990.119957 -1997.030077 -2019.562802 -9999.0 -9999.0
-9999.0 -9999.0 0.098172 -92.364261 -190.086046 -288.397087 -386.921424 -485.514273 -584.101440 -682.617945 -780.941905 -878.975476 -976.637628 -1073.803991 -1170.849455 -1267.684852 -1363.407616 -1457.404377 -1548.933110 -1636.661541 -1717.408850 -1787.068801 -1843.114467 -1885.637381 -1916.564105 -1938.443444 -1953.655393 -1964.108895 -1971.225567 -1976.028581 -1979.243347 -1981.378849 -1982.788349 -1983.714041 -1984.320226 -1984.719220 -1984.995897 -1985.254926 -1985.816527 -1987.945632 -1993.523146 -1961.531318 -1222.747818 -1219.420878 -1209.141255 -1202.517036 -1199.404019 -1198.931107 -1198.880803 -1198.886508 -1198.900458 -1198.915429 -1198.929816 -1198.943139 -1198.955495 -1198.969757 -1199.013031 -1199.298467 -1200.966010 -1204.681094 -1210.084270 -1206.068502 -1939.457228 -1987.877439 -1986.645216 -1985.758435 -1985.578605 -1985.549103 -1985.544977 -1985.545002 -1985.545626 -1985.546223 -1985.546698 -1985.547063 -1985.547342 -1985.547559 -1985.547732 -1985.547871 -1985.547988 -1985.548092 -1985.548195 -1985.548310 -1985.548455 -1985.548657 -1985.548956 -1985.549416 -1985.550139 -1985.551300 -1985.553190 -1985.556327 -1985.561652 -1985.570935 -1985.587605 -1985.618437 -1985.677053 -1985.791396 -1986.020985 -1986.500899 -1987.564496 -1990.119957 -1997.030077 -2019.562802 -9999.0 -9999.0
-9999.0 -9999.0 0.098164 -92.365090 -190.086373 -288.397205 -386.921466 -485.514287 -584.101446 -682.617947 -780.941906 -878.975477 -976.637628 -1073.803991 -1170.849455 -1267.684851 -1363.407616 -1457.404377 -1548.933110 -1636.661541 -1717.408850 -1787.068801 -1843.114466 -1885.637381 -1916.564105 -1938.443444 -1953.655393 -1964.108895 -1971.225566 -1976.028581 -1979.243347 -1981.378849 -1982.788349 -1983.714041 -1984.320226 -1984.719220 -1984.995897 -1985.254926 -1985.816527 -1987.945632 -1993.523146 -1961.531318 -1222.747818 -1219.420878 -1209.141255 -1202.517036 -1199.404019 -1198.931107 -1198.880803 -1198.886508 -1198.900458 -1198.915429 -1198.929816 -1198.943139 -1198.955495 -1198.969757 -1199.013031 -1199.298467 -1200.966010 -1204.681094 -1210.084270 -1206.068502 -1939.457228 -1987.877439 -1986.645216 -1985.758435 -1985.578605 -1985.549103 -1985.544977 -1985.545002 -1985.545626 -1985.546223 -1985.546698 -1985.547063 -1985.547342 -1985.547559 -1985.547732 -1985.547871 -1985.547988 -1985.548092 -1985.548195 -1985.548310 -1985.548455 -1985.548657 -1985.548956 -1985.549416 -1985.550139 -1985.551300 -1985.553190 -1985.556327 -1985.561652 -1985.570935 -1985.587605 -1985.618437 -1985.677053 -1985.791396 -1986.020985 -1986.500899 -1987.564496 -1990.119957 -1997.030077 -2019.562802 -9999.0 -9999.0
-9999.0 -9999.0 0.030218 -92.367165 -190.086890 -288.397356 -386.921514 -485.514304 -584.101452 -682.617949 -780.941907 -878.975477 -976.637628 -1073.803991 -1170.849455 -1267.684851 -1363.407616 -1457.404377 -1548.933110 -1636.661541 -1717.408850 -1787.068801 -1843.114466 -1885.637381 -1916.564105 -1938.443444 -1953.655393 -1964.108895 -1971.225566 -1976.028581 -1979.243347 -1981.378849 -1982.788349 -1983.714041 -1984.320226 -1984.719220 -1984.995897 -1985.254926 -1985.816527 -1987.945632 -1993.523146 -1961.531318 -1222.747818 -1219.420878 -1209.141256 -1202.517037 -1199.404019 -1198.931107 -1198.880803 -1198.886508 -1198.900458 -1198.915429 -1198.929816 -1198.943139 -1198.955495 -1198.969757 -1199.013031 -1199.298467 -1200.966010 -1204.681094 -1210.084270 -1206.068502 -1939.457228 -1987.877439 -1986.645216 -1985.758435 -1985.578605 -1985.549103 -1985.544977 -1985.545002 -1985.545626 -1985.546223 -1985.546698 -1985.547063 -1985.547342 -1985.547559 -1985.547732 -1985.547871 -1985.547988 -1985.548092 -1985.548195 -1985.548310 -1985.548455 -1985.548657 -1985.548956 -1985.549416 -1985.550139 -1985.551300 -1985.553190 -1985.556327 -1985.561652 -1985.570935 -1985.587605 -1985.618437 -1985.677053 -1985.791396 -1986.020985 -1986.500899 -1987.564496 -1990.119957 -1997.030077 -2019.562802 -9999.0 -9999.0
-9999.0 -9999.0 -9999.0 -9999.0 -9999.0 -9999.0 -9999.0 -9999.0 -9999.0 -9999.0 -9999.0 -9999.0 -9999.0 -9999.0 -9999.0 -9999.0 -9999.0 -9999.0 -9999.0 -9999.0 -9999.0 -9999.0 -9999.0 -9999.0 -9999.0 -9999.0 -9999.0 -9999.0 -9999.0 -9999.0 -9999.0 -9999.0 -9999.0 -9999.0 -9999.0 -9999.0 -9999.0 -9999.0 -9999.0 -9999.0 -9999.0 -9999.0 -9999.0 -9999.0 -9999.0 -9999.0 -9999.0 -9999.0 -9999.0 -9999.0 -9999.0 -9999.0 -9999.0 -9999.0 -9999.0 -9999.0 -9999.0 -9999.0 -9999.0 -9999.0 -9999.0 -9999.0 -9999.0 -9999.0 -9999.0 -9999.0 -9999.0 -9999.0 -9999.0 -9999.0 -9999.0 -9999.0 -9999.0 -9999.0 -9999.0 -9999.0 -9999.0 -9999.0 -9999.0 -9999.0 -9999.0 -9999.0 -9999.0 -9999.0 -9999.0 -9999.0 -9999.0 -9999.0 -9999.0 -9999.0 -9999.0 -9999.0 -9999.0 -9999.0 -9999.0 -9999.0 -9999.0 -9999.0 -9999.0 -9999.0 -9999.0 -9999.0 -9999.0 -9999.0
-9999.0 -9999.0 -9999.0 -9999.0 -9999.0 -9999.0 -9999.0 -9999.0 -9999.0 -9999.0 -9999.0 -9999.0 -9999.0 -9999.0 -9999.0 -9999.0 -9999.0 -9999.0 -9999.0 -9999.0 -9999.0 -9999.0 -9999.0 -9999.0 -9999.0 -9999.0 -9999.0 -9999.0 -9999.0 -9999.0 -9999.0 -9999.0 -9999.0 -9999.0 -9999.0 -9999.0 -9999.0 -9999.0 -9999.0 -9999.0 -9999.0 -9999.0 -9999.0 -9999.0 -9999.0 -9999.0 -9999.0 -9999.0 -9999.0 -9999.0 -9999.0 -9999.0 -9999.0 -9999.0 -9999.0 -9999.0 -9999.0 -9999.0 -9999.0 -9999.0 -9999.0 -9999.0 -9999.0 -9999.0 -9999.0 -9999.0 -9999.0 -9999.0 -9999.0 -9999.0 -9999.0 -9999.0 -9999.0 -9999.0 -9999.0 -9999.0 -9999.0 -9999.0 -9999.0 -9999.0 -9999.0 -9999.0 -9999.0 -9999.0 -9999.0 -9999.0 -9999.0 -9999.0 -9999.0 -9999.0 -9999.0 -9999.0 -9999.0 -9999.0 -9999.0 -9999.0 -9999.0 -9999.0 -9999.0 -9999.0 -9999.0 -9999.0 -9999.0 -9999.0