inst/processing_geotop_simulation/geotop_simulation/out/maps3D/PwL0020N0190.asc
ncols         104
nrows         10
xllcorner     -2.000000
yllcorner     0.000000
cellsize      1.000000
NODATA_value  -9999.0
-9999.0 -9999.0 -9999.0 -9999.0 -9999.0 -9999.0 -9999.0 -9999.0 -9999.0 -9999.0 -9999.0 -9999.0 -9999.0 -9999.0 -9999.0 -9999.0 -9999.0 -9999.0 -9999.0 -9999.0 -9999.0 -9999.0 -9999.0 -9999.0 -9999.0 -9999.0 -9999.0 -9999.0 -9999.0 -9999.0 -9999.0 -9999.0 -9999.0 -9999.0 -9999.0 -9999.0 -9999.0 -9999.0 -9999.0 -9999.0 -9999.0 -9999.0 -9999.0 -9999.0 -9999.0 -9999.0 -9999.0 -9999.0 -9999.0 -9999.0 -9999.0 -9999.0 -9999.0 -9999.0 -9999.0 -9999.0 -9999.0 -9999.0 -9999.0 -9999.0 -9999.0 -9999.0 -9999.0 -9999.0 -9999.0 -9999.0 -9999.0 -9999.0 -9999.0 -9999.0 -9999.0 -9999.0 -9999.0 -9999.0 -9999.0 -9999.0 -9999.0 -9999.0 -9999.0 -9999.0 -9999.0 -9999.0 -9999.0 -9999.0 -9999.0 -9999.0 -9999.0 -9999.0 -9999.0 -9999.0 -9999.0 -9999.0 -9999.0 -9999.0 -9999.0 -9999.0 -9999.0 -9999.0 -9999.0 -9999.0 -9999.0 -9999.0 -9999.0 -9999.0
-9999.0 -9999.0 -9999.0 -9999.0 -9999.0 -9999.0 -9999.0 -9999.0 -9999.0 -9999.0 -9999.0 -9999.0 -9999.0 -9999.0 -9999.0 -9999.0 -9999.0 -9999.0 -9999.0 -9999.0 -9999.0 -9999.0 -9999.0 -9999.0 -9999.0 -9999.0 -9999.0 -9999.0 -9999.0 -9999.0 -9999.0 -9999.0 -9999.0 -9999.0 -9999.0 -9999.0 -9999.0 -9999.0 -9999.0 -9999.0 -9999.0 -9999.0 -9999.0 -9999.0 -9999.0 -9999.0 -9999.0 -9999.0 -9999.0 -9999.0 -9999.0 -9999.0 -9999.0 -9999.0 -9999.0 -9999.0 -9999.0 -9999.0 -9999.0 -9999.0 -9999.0 -9999.0 -9999.0 -9999.0 -9999.0 -9999.0 -9999.0 -9999.0 -9999.0 -9999.0 -9999.0 -9999.0 -9999.0 -9999.0 -9999.0 -9999.0 -9999.0 -9999.0 -9999.0 -9999.0 -9999.0 -9999.0 -9999.0 -9999.0 -9999.0 -9999.0 -9999.0 -9999.0 -9999.0 -9999.0 -9999.0 -9999.0 -9999.0 -9999.0 -9999.0 -9999.0 -9999.0 -9999.0 -9999.0 -9999.0 -9999.0 -9999.0 -9999.0 -9999.0
-9999.0 -9999.0 978.461037 882.307008 785.889886 689.003663 591.854710 494.585960 397.278556 299.976737 202.704867 105.476801 8.303299 -88.797926 -185.809225 -282.649123 -379.158371 -475.061261 -569.900796 -662.858071 -756.269645 -848.421577 -939.083376 -1028.056929 -1098.073591 -1156.472768 -1203.023834 -1238.604128 -1264.807986 -1283.507685 -1296.512508 -1305.374263 -1311.319747 -1315.263872 -1317.860731 -1319.566078 -1320.700234 -1321.531417 -1322.541999 -1325.688525 -1339.939975 -1413.745532 -1868.218036 -3944.198548 -3985.140016 -3985.141079 -3984.860512 -3981.597869 -3965.997110 -3919.068471 -3818.288985 -3635.866303 -3464.538943 -3329.913845 -3190.891375 -3035.460772 -2862.679647 -2681.679385 -2505.698578 -2342.515431 -2175.002536 -1521.556854 -1373.970138 -1332.740351 -1324.608818 -1323.219347 -1323.006162 -1322.974519 -1322.970361 -1322.970563 -1322.971372 -1322.972123 -1322.972722 -1322.973183 -1322.973540 -1322.973820 -1322.974044 -1322.974227 -1322.974382 -1322.974520 -1322.974656 -1322.974806 -1322.974991 -1322.975245 -1322.975615 -1322.976180 -1322.977065 -1322.978478 -1322.980774 -1322.984576 -1322.991022 -1323.002247 -1323.022389 -1323.059649 -1323.130598 -1323.269656 -1323.551843 -1324.153230 -1325.520608 -1328.850874 -1337.534892 -1362.867723 -9999.0 -9999.0
-9999.0 -9999.0 978.464259 882.308256 785.890300 689.003799 591.854756 494.585976 397.278562 299.976739 202.704868 105.476802 8.303299 -88.797926 -185.809225 -282.649123 -379.158371 -475.061262 -569.900796 -662.858072 -756.269645 -848.421578 -939.083376 -1028.056929 -1098.073592 -1156.472769 -1203.023835 -1238.604129 -1264.807986 -1283.507685 -1296.512508 -1305.374263 -1311.319747 -1315.263872 -1317.860731 -1319.566078 -1320.700234 -1321.531417 -1322.541999 -1325.688525 -1339.939975 -1413.745532 -1868.218035 -3944.198547 -3985.140016 -3985.141079 -3984.860512 -3981.597869 -3965.997110 -3919.068471 -3818.288983 -3635.866302 -3464.538943 -3329.913845 -3190.891374 -3035.460772 -2862.679646 -2681.679384 -2505.698577 -2342.515431 -2175.002536 -1521.556854 -1373.970138 -1332.740351 -1324.608818 -1323.219347 -1323.006162 -1322.974519 -1322.970361 -1322.970563 -1322.971372 -1322.972123 -1322.972722 -1322.973183 -1322.973540 -1322.973820 -1322.974044 -1322.974227 -1322.974382 -1322.974520 -1322.974656 -1322.974806 -1322.974991 -1322.975245 -1322.975615 -1322.976180 -1322.977065 -1322.978478 -1322.980774 -1322.984576 -1322.991022 -1323.002247 -1323.022389 -1323.059649 -1323.130598 -1323.269656 -1323.551843 -1324.153230 -1325.520608 -1328.850874 -1337.534892 -1362.867723 -9999.0 -9999.0
-9999.0 -9999.0 978.465515 882.308932 785.890586 689.003909 591.854797 494.585991 397.278567 299.976741 202.704869 105.476802 8.303299 -88.797926 -185.809225 -282.649123 -379.158371 -475.061262 -569.900796 -662.858072 -756.269645 -848.421578 -939.083377 -1028.056929 -1098.073592 -1156.472769 -1203.023835 -1238.604129 -1264.807986 -1283.507685 -1296.512508 -1305.374263 -1311.319747 -1315.263872 -1317.860731 -1319.566078 -1320.700234 -1321.531417 -1322.541999 -1325.688525 -1339.939975 -1413.745532 -1868.218035 -3944.198547 -3985.140016 -3985.141079 -3984.860512 -3981.597869 -3965.997110 -3919.068470 -3818.288982 -3635.866302 -3464.538942 -3329.913844 -3190.891374 -3035.460771 -2862.679646 -2681.679384 -2505.698577 -2342.515430 -2175.002536 -1521.556854 -1373.970138 -1332.740351 -1324.608818 -1323.219347 -1323.006162 -1322.974519 -1322.970361 -1322.970563 -1322.971372 -1322.972123 -1322.972722 -1322.973183 -1322.973540 -1322.973820 -1322.974044 -1322.974227 -1322.974382 -1322.974520 -1322.974656 -1322.974806 -1322.974991 -1322.975245 -1322.975615 -1322.976180 -1322.977065 -1322.978478 -1322.980774 -1322.984576 -1322.991022 -1323.002247 -1323.022389 -1323.059649 -1323.130598 -1323.269656 -1323.551843 -1324.153230 -1325.520608 -1328.850874 -1337.534892 -1362.867723 -9999.0 -9999.0
-9999.0 -9999.0 978.465515 882.308932 785.890586 689.003909 591.854797 494.585991 397.278567 299.976741 202.704869 105.476802 8.303299 -88.797926 -185.809225 -282.649123 -379.158371 -475.061262 -569.900796 -662.858072 -756.269645 -848.421578 -939.083377 -1028.056929 -1098.073592 -1156.472769 -1203.023835 -1238.604129 -1264.807986 -1283.507685 -1296.512508 -1305.374263 -1311.319747 -1315.263872 -1317.860731 -1319.566078 -1320.700234 -1321.531417 -1322.541999 -1325.688525 -1339.939975 -1413.745532 -1868.218035 -3944.198547 -3985.140016 -3985.141079 -3984.860512 -3981.597869 -3965.997110 -3919.068471 -3818.288982 -3635.866302 -3464.538942 -3329.913845 -3190.891374 -3035.460772 -2862.679645 -2681.679384 -2505.698577 -2342.515431 -2175.002536 -1521.556854 -1373.970138 -1332.740351 -1324.608818 -1323.219347 -1323.006162 -1322.974519 -1322.970361 -1322.970563 -1322.971372 -1322.972123 -1322.972722 -1322.973183 -1322.973540 -1322.973820 -1322.974044 -1322.974227 -1322.974382 -1322.974520 -1322.974656 -1322.974806 -1322.974991 -1322.975245 -1322.975615 -1322.976180 -1322.977065 -1322.978478 -1322.980774 -1322.984576 -1322.991022 -1323.002247 -1323.022389 -1323.059649 -1323.130598 -1323.269656 -1323.551843 -1324.153230 -1325.520608 -1328.850874 -1337.534892 -1362.867723 -9999.0 -9999.0
-9999.0 -9999.0 978.464259 882.308256 785.890300 689.003799 591.854756 494.585976 397.278562 299.976739 202.704868 105.476802 8.303299 -88.797926 -185.809225 -282.649123 -379.158371 -475.061262 -569.900796 -662.858072 -756.269645 -848.421578 -939.083376 -1028.056929 -1098.073592 -1156.472769 -1203.023835 -1238.604129 -1264.807986 -1283.507685 -1296.512508 -1305.374263 -1311.319747 -1315.263872 -1317.860731 -1319.566078 -1320.700234 -1321.531417 -1322.541999 -1325.688525 -1339.939975 -1413.745532 -1868.218035 -3944.198547 -3985.140016 -3985.141079 -3984.860512 -3981.597869 -3965.997110 -3919.068471 -3818.288983 -3635.866302 -3464.538943 -3329.913845 -3190.891374 -3035.460772 -2862.679646 -2681.679384 -2505.698578 -2342.515431 -2175.002536 -1521.556854 -1373.970138 -1332.740351 -1324.608818 -1323.219347 -1323.006162 -1322.974519 -1322.970361 -1322.970563 -1322.971372 -1322.972123 -1322.972722 -1322.973183 -1322.973540 -1322.973820 -1322.974044 -1322.974227 -1322.974382 -1322.974520 -1322.974656 -1322.974806 -1322.974991 -1322.975245 -1322.975615 -1322.976180 -1322.977065 -1322.978478 -1322.980774 -1322.984576 -1322.991022 -1323.002247 -1323.022389 -1323.059649 -1323.130598 -1323.269656 -1323.551843 -1324.153230 -1325.520608 -1328.850874 -1337.534892 -1362.867723 -9999.0 -9999.0
-9999.0 -9999.0 978.461037 882.307008 785.889886 689.003663 591.854710 494.585960 397.278556 299.976737 202.704867 105.476801 8.303299 -88.797926 -185.809225 -282.649123 -379.158371 -475.061261 -569.900796 -662.858071 -756.269645 -848.421577 -939.083376 -1028.056929 -1098.073591 -1156.472768 -1203.023834 -1238.604128 -1264.807986 -1283.507685 -1296.512508 -1305.374263 -1311.319747 -1315.263872 -1317.860731 -1319.566078 -1320.700234 -1321.531417 -1322.541999 -1325.688525 -1339.939975 -1413.745532 -1868.218036 -3944.198548 -3985.140016 -3985.141079 -3984.860512 -3981.597869 -3965.997110 -3919.068472 -3818.288985 -3635.866304 -3464.538943 -3329.913845 -3190.891375 -3035.460773 -2862.679646 -2681.679385 -2505.698578 -2342.515431 -2175.002537 -1521.556854 -1373.970138 -1332.740351 -1324.608818 -1323.219347 -1323.006162 -1322.974519 -1322.970361 -1322.970563 -1322.971372 -1322.972123 -1322.972722 -1322.973183 -1322.973540 -1322.973820 -1322.974044 -1322.974227 -1322.974382 -1322.974520 -1322.974656 -1322.974806 -1322.974991 -1322.975245 -1322.975615 -1322.976180 -1322.977065 -1322.978478 -1322.980774 -1322.984576 -1322.991022 -1323.002247 -1323.022389 -1323.059649 -1323.130598 -1323.269656 -1323.551843 -1324.153230 -1325.520608 -1328.850874 -1337.534892 -1362.867723 -9999.0 -9999.0
-9999.0 -9999.0 -9999.0 -9999.0 -9999.0 -9999.0 -9999.0 -9999.0 -9999.0 -9999.0 -9999.0 -9999.0 -9999.0 -9999.0 -9999.0 -9999.0 -9999.0 -9999.0 -9999.0 -9999.0 -9999.0 -9999.0 -9999.0 -9999.0 -9999.0 -9999.0 -9999.0 -9999.0 -9999.0 -9999.0 -9999.0 -9999.0 -9999.0 -9999.0 -9999.0 -9999.0 -9999.0 -9999.0 -9999.0 -9999.0 -9999.0 -9999.0 -9999.0 -9999.0 -9999.0 -9999.0 -9999.0 -9999.0 -9999.0 -9999.0 -9999.0 -9999.0 -9999.0 -9999.0 -9999.0 -9999.0 -9999.0 -9999.0 -9999.0 -9999.0 -9999.0 -9999.0 -9999.0 -9999.0 -9999.0 -9999.0 -9999.0 -9999.0 -9999.0 -9999.0 -9999.0 -9999.0 -9999.0 -9999.0 -9999.0 -9999.0 -9999.0 -9999.0 -9999.0 -9999.0 -9999.0 -9999.0 -9999.0 -9999.0 -9999.0 -9999.0 -9999.0 -9999.0 -9999.0 -9999.0 -9999.0 -9999.0 -9999.0 -9999.0 -9999.0 -9999.0 -9999.0 -9999.0 -9999.0 -9999.0 -9999.0 -9999.0 -9999.0 -9999.0
-9999.0 -9999.0 -9999.0 -9999.0 -9999.0 -9999.0 -9999.0 -9999.0 -9999.0 -9999.0 -9999.0 -9999.0 -9999.0 -9999.0 -9999.0 -9999.0 -9999.0 -9999.0 -9999.0 -9999.0 -9999.0 -9999.0 -9999.0 -9999.0 -9999.0 -9999.0 -9999.0 -9999.0 -9999.0 -9999.0 -9999.0 -9999.0 -9999.0 -9999.0 -9999.0 -9999.0 -9999.0 -9999.0 -9999.0 -9999.0 -9999.0 -9999.0 -9999.0 -9999.0 -9999.0 -9999.0 -9999.0 -9999.0 -9999.0 -9999.0 -9999.0 -9999.0 -9999.0 -9999.0 -9999.0 -9999.0 -9999.0 -9999.0 -9999.0 -9999.0 -9999.0 -9999.0 -9999.0 -9999.0 -9999.0 -9999.0 -9999.0 -9999.0 -9999.0 -9999.0 -9999.0 -9999.0 -9999.0 -9999.0 -9999.0 -9999.0 -9999.0 -9999.0 -9999.0 -9999.0 -9999.0 -9999.0 -9999.0 -9999.0 -9999.0 -9999.0 -9999.0 -9999.0 -9999.0 -9999.0 -9999.0 -9999.0 -9999.0 -9999.0 -9999.0 -9999.0 -9999.0 -9999.0 -9999.0 -9999.0 -9999.0 -9999.0 -9999.0 -9999.0