inst/processing_geotop_simulation/geotop_simulation/out/maps3D/PwL0010N0303.asc
ncols         104
nrows         10
xllcorner     -2.000000
yllcorner     0.000000
cellsize      1.000000
NODATA_value  -9999.0
-9999.0 -9999.0 -9999.0 -9999.0 -9999.0 -9999.0 -9999.0 -9999.0 -9999.0 -9999.0 -9999.0 -9999.0 -9999.0 -9999.0 -9999.0 -9999.0 -9999.0 -9999.0 -9999.0 -9999.0 -9999.0 -9999.0 -9999.0 -9999.0 -9999.0 -9999.0 -9999.0 -9999.0 -9999.0 -9999.0 -9999.0 -9999.0 -9999.0 -9999.0 -9999.0 -9999.0 -9999.0 -9999.0 -9999.0 -9999.0 -9999.0 -9999.0 -9999.0 -9999.0 -9999.0 -9999.0 -9999.0 -9999.0 -9999.0 -9999.0 -9999.0 -9999.0 -9999.0 -9999.0 -9999.0 -9999.0 -9999.0 -9999.0 -9999.0 -9999.0 -9999.0 -9999.0 -9999.0 -9999.0 -9999.0 -9999.0 -9999.0 -9999.0 -9999.0 -9999.0 -9999.0 -9999.0 -9999.0 -9999.0 -9999.0 -9999.0 -9999.0 -9999.0 -9999.0 -9999.0 -9999.0 -9999.0 -9999.0 -9999.0 -9999.0 -9999.0 -9999.0 -9999.0 -9999.0 -9999.0 -9999.0 -9999.0 -9999.0 -9999.0 -9999.0 -9999.0 -9999.0 -9999.0 -9999.0 -9999.0 -9999.0 -9999.0 -9999.0 -9999.0
-9999.0 -9999.0 -9999.0 -9999.0 -9999.0 -9999.0 -9999.0 -9999.0 -9999.0 -9999.0 -9999.0 -9999.0 -9999.0 -9999.0 -9999.0 -9999.0 -9999.0 -9999.0 -9999.0 -9999.0 -9999.0 -9999.0 -9999.0 -9999.0 -9999.0 -9999.0 -9999.0 -9999.0 -9999.0 -9999.0 -9999.0 -9999.0 -9999.0 -9999.0 -9999.0 -9999.0 -9999.0 -9999.0 -9999.0 -9999.0 -9999.0 -9999.0 -9999.0 -9999.0 -9999.0 -9999.0 -9999.0 -9999.0 -9999.0 -9999.0 -9999.0 -9999.0 -9999.0 -9999.0 -9999.0 -9999.0 -9999.0 -9999.0 -9999.0 -9999.0 -9999.0 -9999.0 -9999.0 -9999.0 -9999.0 -9999.0 -9999.0 -9999.0 -9999.0 -9999.0 -9999.0 -9999.0 -9999.0 -9999.0 -9999.0 -9999.0 -9999.0 -9999.0 -9999.0 -9999.0 -9999.0 -9999.0 -9999.0 -9999.0 -9999.0 -9999.0 -9999.0 -9999.0 -9999.0 -9999.0 -9999.0 -9999.0 -9999.0 -9999.0 -9999.0 -9999.0 -9999.0 -9999.0 -9999.0 -9999.0 -9999.0 -9999.0 -9999.0 -9999.0
-9999.0 -9999.0 474.313512 376.885486 278.640778 180.013566 81.224311 -17.629657 -116.501455 -215.369736 -314.208344 -412.977395 -511.592755 -609.878349 -707.612905 -805.578750 -903.313835 -1000.783989 -1097.993811 -1192.328075 -1283.283706 -1368.317327 -1444.440132 -1509.365579 -1562.213848 -1603.496506 -1634.657116 -1657.532667 -1673.954007 -1685.530297 -1693.572042 -1699.092874 -1702.847888 -1705.383722 -1707.087802 -1708.232528 -1709.018318 -1709.646473 -1710.566185 -1713.296354 -1721.181672 -1723.590252 -1341.835387 -1550.846013 -1491.943115 -1455.400693 -1438.858192 -1436.617935 -1436.388115 -1436.411251 -1436.470377 -1436.533820 -1436.594749 -1436.651147 -1436.703392 -1436.763328 -1436.946354 -1438.224142 -1446.754072 -1466.240461 -1491.996395 -1268.698842 -1690.758201 -1714.000319 -1711.896337 -1710.873858 -1710.655298 -1710.617825 -1710.612292 -1710.612011 -1710.612514 -1710.613037 -1710.613463 -1710.613793 -1710.614049 -1710.614250 -1710.614411 -1710.614543 -1710.614655 -1710.614757 -1710.614858 -1710.614971 -1710.615111 -1710.615302 -1710.615582 -1710.616009 -1710.616677 -1710.617744 -1710.619480 -1710.622365 -1710.627275 -1710.635867 -1710.651363 -1710.680167 -1710.735262 -1710.843736 -1711.064828 -1711.537307 -1712.613158 -1715.268927 -1722.588094 -1746.287010 -9999.0 -9999.0
-9999.0 -9999.0 474.319583 376.887172 278.641248 180.013708 81.224357 -17.629641 -116.501449 -215.369734 -314.208343 -412.977395 -511.592755 -609.878349 -707.612905 -805.578750 -903.313835 -1000.783989 -1097.993812 -1192.328076 -1283.283707 -1368.317328 -1444.440133 -1509.365579 -1562.213848 -1603.496506 -1634.657116 -1657.532667 -1673.954007 -1685.530297 -1693.572042 -1699.092874 -1702.847888 -1705.383722 -1707.087802 -1708.232528 -1709.018318 -1709.646473 -1710.566185 -1713.296354 -1721.181672 -1723.590252 -1341.835387 -1550.846012 -1491.943114 -1455.400692 -1438.858192 -1436.617935 -1436.388115 -1436.411251 -1436.470377 -1436.533820 -1436.594749 -1436.651147 -1436.703392 -1436.763328 -1436.946354 -1438.224142 -1446.754072 -1466.240461 -1491.996395 -1268.698842 -1690.758201 -1714.000319 -1711.896337 -1710.873858 -1710.655298 -1710.617825 -1710.612292 -1710.612011 -1710.612514 -1710.613037 -1710.613463 -1710.613793 -1710.614049 -1710.614250 -1710.614411 -1710.614543 -1710.614655 -1710.614757 -1710.614858 -1710.614971 -1710.615111 -1710.615302 -1710.615582 -1710.616009 -1710.616677 -1710.617744 -1710.619480 -1710.622365 -1710.627275 -1710.635867 -1710.651363 -1710.680167 -1710.735262 -1710.843736 -1711.064828 -1711.537307 -1712.613158 -1715.268927 -1722.588094 -1746.287010 -9999.0 -9999.0
-9999.0 -9999.0 474.321022 376.887929 278.641552 180.013820 81.224397 -17.629627 -116.501444 -215.369732 -314.208343 -412.977395 -511.592755 -609.878349 -707.612905 -805.578750 -903.313835 -1000.783990 -1097.993812 -1192.328076 -1283.283707 -1368.317328 -1444.440133 -1509.365579 -1562.213848 -1603.496506 -1634.657116 -1657.532667 -1673.954007 -1685.530297 -1693.572042 -1699.092874 -1702.847889 -1705.383722 -1707.087802 -1708.232528 -1709.018318 -1709.646473 -1710.566185 -1713.296354 -1721.181672 -1723.590252 -1341.835387 -1550.846012 -1491.943114 -1455.400691 -1438.858192 -1436.617935 -1436.388115 -1436.411251 -1436.470377 -1436.533820 -1436.594749 -1436.651147 -1436.703392 -1436.763328 -1436.946354 -1438.224142 -1446.754072 -1466.240461 -1491.996395 -1268.698842 -1690.758201 -1714.000319 -1711.896337 -1710.873858 -1710.655298 -1710.617825 -1710.612292 -1710.612011 -1710.612514 -1710.613037 -1710.613463 -1710.613793 -1710.614049 -1710.614250 -1710.614411 -1710.614543 -1710.614655 -1710.614757 -1710.614858 -1710.614971 -1710.615111 -1710.615302 -1710.615582 -1710.616009 -1710.616677 -1710.617744 -1710.619480 -1710.622365 -1710.627275 -1710.635867 -1710.651363 -1710.680167 -1710.735262 -1710.843736 -1711.064828 -1711.537307 -1712.613158 -1715.268927 -1722.588094 -1746.287010 -9999.0 -9999.0
-9999.0 -9999.0 474.321022 376.887929 278.641552 180.013820 81.224397 -17.629627 -116.501444 -215.369732 -314.208342 -412.977395 -511.592755 -609.878349 -707.612905 -805.578750 -903.313835 -1000.783990 -1097.993812 -1192.328076 -1283.283707 -1368.317328 -1444.440133 -1509.365579 -1562.213848 -1603.496506 -1634.657116 -1657.532667 -1673.954007 -1685.530297 -1693.572042 -1699.092874 -1702.847889 -1705.383722 -1707.087802 -1708.232528 -1709.018318 -1709.646473 -1710.566185 -1713.296354 -1721.181672 -1723.590252 -1341.835387 -1550.846012 -1491.943114 -1455.400691 -1438.858192 -1436.617935 -1436.388115 -1436.411251 -1436.470377 -1436.533820 -1436.594749 -1436.651147 -1436.703392 -1436.763328 -1436.946354 -1438.224142 -1446.754072 -1466.240461 -1491.996395 -1268.698842 -1690.758201 -1714.000319 -1711.896337 -1710.873858 -1710.655298 -1710.617825 -1710.612292 -1710.612011 -1710.612514 -1710.613037 -1710.613463 -1710.613793 -1710.614049 -1710.614250 -1710.614411 -1710.614543 -1710.614655 -1710.614757 -1710.614858 -1710.614971 -1710.615111 -1710.615302 -1710.615582 -1710.616009 -1710.616677 -1710.617744 -1710.619480 -1710.622365 -1710.627275 -1710.635867 -1710.651363 -1710.680167 -1710.735262 -1710.843736 -1711.064828 -1711.537307 -1712.613158 -1715.268927 -1722.588094 -1746.287010 -9999.0 -9999.0
-9999.0 -9999.0 474.319583 376.887172 278.641248 180.013708 81.224357 -17.629641 -116.501449 -215.369734 -314.208343 -412.977395 -511.592755 -609.878349 -707.612905 -805.578750 -903.313835 -1000.783989 -1097.993812 -1192.328075 -1283.283707 -1368.317328 -1444.440133 -1509.365579 -1562.213848 -1603.496506 -1634.657116 -1657.532667 -1673.954007 -1685.530297 -1693.572042 -1699.092874 -1702.847888 -1705.383722 -1707.087802 -1708.232528 -1709.018318 -1709.646473 -1710.566185 -1713.296354 -1721.181672 -1723.590252 -1341.835387 -1550.846012 -1491.943114 -1455.400692 -1438.858192 -1436.617935 -1436.388115 -1436.411251 -1436.470377 -1436.533820 -1436.594749 -1436.651147 -1436.703392 -1436.763328 -1436.946354 -1438.224142 -1446.754072 -1466.240461 -1491.996395 -1268.698842 -1690.758201 -1714.000319 -1711.896337 -1710.873858 -1710.655298 -1710.617825 -1710.612292 -1710.612011 -1710.612514 -1710.613037 -1710.613463 -1710.613793 -1710.614049 -1710.614250 -1710.614411 -1710.614543 -1710.614655 -1710.614757 -1710.614858 -1710.614971 -1710.615111 -1710.615302 -1710.615582 -1710.616009 -1710.616677 -1710.617744 -1710.619480 -1710.622365 -1710.627275 -1710.635867 -1710.651363 -1710.680167 -1710.735262 -1710.843736 -1711.064828 -1711.537307 -1712.613158 -1715.268927 -1722.588094 -1746.287010 -9999.0 -9999.0
-9999.0 -9999.0 474.313512 376.885486 278.640779 180.013566 81.224311 -17.629657 -116.501455 -215.369736 -314.208344 -412.977396 -511.592755 -609.878349 -707.612905 -805.578750 -903.313835 -1000.783989 -1097.993811 -1192.328075 -1283.283706 -1368.317327 -1444.440132 -1509.365579 -1562.213848 -1603.496506 -1634.657116 -1657.532667 -1673.954007 -1685.530297 -1693.572042 -1699.092874 -1702.847888 -1705.383722 -1707.087802 -1708.232528 -1709.018318 -1709.646473 -1710.566185 -1713.296354 -1721.181672 -1723.590252 -1341.835387 -1550.846013 -1491.943115 -1455.400693 -1438.858192 -1436.617935 -1436.388115 -1436.411251 -1436.470377 -1436.533820 -1436.594749 -1436.651147 -1436.703392 -1436.763328 -1436.946354 -1438.224142 -1446.754072 -1466.240461 -1491.996395 -1268.698842 -1690.758201 -1714.000319 -1711.896337 -1710.873858 -1710.655298 -1710.617825 -1710.612292 -1710.612011 -1710.612514 -1710.613037 -1710.613463 -1710.613793 -1710.614049 -1710.614250 -1710.614411 -1710.614543 -1710.614655 -1710.614757 -1710.614858 -1710.614971 -1710.615111 -1710.615302 -1710.615582 -1710.616009 -1710.616677 -1710.617744 -1710.619480 -1710.622365 -1710.627275 -1710.635867 -1710.651363 -1710.680167 -1710.735262 -1710.843736 -1711.064828 -1711.537307 -1712.613158 -1715.268927 -1722.588094 -1746.287010 -9999.0 -9999.0
-9999.0 -9999.0 -9999.0 -9999.0 -9999.0 -9999.0 -9999.0 -9999.0 -9999.0 -9999.0 -9999.0 -9999.0 -9999.0 -9999.0 -9999.0 -9999.0 -9999.0 -9999.0 -9999.0 -9999.0 -9999.0 -9999.0 -9999.0 -9999.0 -9999.0 -9999.0 -9999.0 -9999.0 -9999.0 -9999.0 -9999.0 -9999.0 -9999.0 -9999.0 -9999.0 -9999.0 -9999.0 -9999.0 -9999.0 -9999.0 -9999.0 -9999.0 -9999.0 -9999.0 -9999.0 -9999.0 -9999.0 -9999.0 -9999.0 -9999.0 -9999.0 -9999.0 -9999.0 -9999.0 -9999.0 -9999.0 -9999.0 -9999.0 -9999.0 -9999.0 -9999.0 -9999.0 -9999.0 -9999.0 -9999.0 -9999.0 -9999.0 -9999.0 -9999.0 -9999.0 -9999.0 -9999.0 -9999.0 -9999.0 -9999.0 -9999.0 -9999.0 -9999.0 -9999.0 -9999.0 -9999.0 -9999.0 -9999.0 -9999.0 -9999.0 -9999.0 -9999.0 -9999.0 -9999.0 -9999.0 -9999.0 -9999.0 -9999.0 -9999.0 -9999.0 -9999.0 -9999.0 -9999.0 -9999.0 -9999.0 -9999.0 -9999.0 -9999.0 -9999.0
-9999.0 -9999.0 -9999.0 -9999.0 -9999.0 -9999.0 -9999.0 -9999.0 -9999.0 -9999.0 -9999.0 -9999.0 -9999.0 -9999.0 -9999.0 -9999.0 -9999.0 -9999.0 -9999.0 -9999.0 -9999.0 -9999.0 -9999.0 -9999.0 -9999.0 -9999.0 -9999.0 -9999.0 -9999.0 -9999.0 -9999.0 -9999.0 -9999.0 -9999.0 -9999.0 -9999.0 -9999.0 -9999.0 -9999.0 -9999.0 -9999.0 -9999.0 -9999.0 -9999.0 -9999.0 -9999.0 -9999.0 -9999.0 -9999.0 -9999.0 -9999.0 -9999.0 -9999.0 -9999.0 -9999.0 -9999.0 -9999.0 -9999.0 -9999.0 -9999.0 -9999.0 -9999.0 -9999.0 -9999.0 -9999.0 -9999.0 -9999.0 -9999.0 -9999.0 -9999.0 -9999.0 -9999.0 -9999.0 -9999.0 -9999.0 -9999.0 -9999.0 -9999.0 -9999.0 -9999.0 -9999.0 -9999.0 -9999.0 -9999.0 -9999.0 -9999.0 -9999.0 -9999.0 -9999.0 -9999.0 -9999.0 -9999.0 -9999.0 -9999.0 -9999.0 -9999.0 -9999.0 -9999.0 -9999.0 -9999.0 -9999.0 -9999.0 -9999.0 -9999.0