inst/processing_geotop_simulation/geotop_simulation/out/maps3D/PwL0000N0058.asc
ncols         104
nrows         10
xllcorner     -2.000000
yllcorner     0.000000
cellsize      1.000000
NODATA_value  -9999.0
-9999.0 -9999.0 -9999.0 -9999.0 -9999.0 -9999.0 -9999.0 -9999.0 -9999.0 -9999.0 -9999.0 -9999.0 -9999.0 -9999.0 -9999.0 -9999.0 -9999.0 -9999.0 -9999.0 -9999.0 -9999.0 -9999.0 -9999.0 -9999.0 -9999.0 -9999.0 -9999.0 -9999.0 -9999.0 -9999.0 -9999.0 -9999.0 -9999.0 -9999.0 -9999.0 -9999.0 -9999.0 -9999.0 -9999.0 -9999.0 -9999.0 -9999.0 -9999.0 -9999.0 -9999.0 -9999.0 -9999.0 -9999.0 -9999.0 -9999.0 -9999.0 -9999.0 -9999.0 -9999.0 -9999.0 -9999.0 -9999.0 -9999.0 -9999.0 -9999.0 -9999.0 -9999.0 -9999.0 -9999.0 -9999.0 -9999.0 -9999.0 -9999.0 -9999.0 -9999.0 -9999.0 -9999.0 -9999.0 -9999.0 -9999.0 -9999.0 -9999.0 -9999.0 -9999.0 -9999.0 -9999.0 -9999.0 -9999.0 -9999.0 -9999.0 -9999.0 -9999.0 -9999.0 -9999.0 -9999.0 -9999.0 -9999.0 -9999.0 -9999.0 -9999.0 -9999.0 -9999.0 -9999.0 -9999.0 -9999.0 -9999.0 -9999.0 -9999.0 -9999.0
-9999.0 -9999.0 -9999.0 -9999.0 -9999.0 -9999.0 -9999.0 -9999.0 -9999.0 -9999.0 -9999.0 -9999.0 -9999.0 -9999.0 -9999.0 -9999.0 -9999.0 -9999.0 -9999.0 -9999.0 -9999.0 -9999.0 -9999.0 -9999.0 -9999.0 -9999.0 -9999.0 -9999.0 -9999.0 -9999.0 -9999.0 -9999.0 -9999.0 -9999.0 -9999.0 -9999.0 -9999.0 -9999.0 -9999.0 -9999.0 -9999.0 -9999.0 -9999.0 -9999.0 -9999.0 -9999.0 -9999.0 -9999.0 -9999.0 -9999.0 -9999.0 -9999.0 -9999.0 -9999.0 -9999.0 -9999.0 -9999.0 -9999.0 -9999.0 -9999.0 -9999.0 -9999.0 -9999.0 -9999.0 -9999.0 -9999.0 -9999.0 -9999.0 -9999.0 -9999.0 -9999.0 -9999.0 -9999.0 -9999.0 -9999.0 -9999.0 -9999.0 -9999.0 -9999.0 -9999.0 -9999.0 -9999.0 -9999.0 -9999.0 -9999.0 -9999.0 -9999.0 -9999.0 -9999.0 -9999.0 -9999.0 -9999.0 -9999.0 -9999.0 -9999.0 -9999.0 -9999.0 -9999.0 -9999.0 -9999.0 -9999.0 -9999.0 -9999.0 -9999.0
-9999.0 -9999.0 -1077.375176 -1172.338081 -1205.314391 -1216.815814 -1222.046527 -1224.691026 -1225.608002 -1215.665493 -1150.225050 -1124.049049 -1130.633293 -1145.657131 -1174.698423 -1202.973344 -1206.335347 -1193.255940 -1177.331199 -1165.660954 -1159.937214 -1159.632273 -1163.590984 -1170.577490 -1179.388791 -1188.883389 -1198.024984 -1206.023146 -1212.464013 -1217.304518 -1220.745047 -1223.084370 -1224.619602 -1225.596940 -1226.199416 -1226.554655 -1226.763061 -1226.963124 -1227.250629 -1227.224640 -1229.028642 -1247.313904 -825.147456 -816.378479 -804.353269 -797.095506 -793.716759 -793.256459 -793.214163 -793.232934 -793.262864 -793.294256 -793.324348 -793.352168 -793.377550 -793.402854 -793.452595 -793.742012 -795.588283 -799.927096 -807.386921 -808.670121 -1234.497054 -1229.690938 -1227.858236 -1227.380162 -1227.269217 -1227.250859 -1227.252331 -1227.257045 -1227.261439 -1227.264898 -1227.267499 -1227.269448 -1227.270927 -1227.272068 -1227.272968 -1227.273688 -1227.274280 -1227.274792 -1227.275277 -1227.275800 -1227.276440 -1227.277311 -1227.278586 -1227.280531 -1227.283569 -1227.288390 -1227.296140 -1227.308767 -1227.329693 -1227.365136 -1227.426801 -1227.537387 -1227.741759 -1228.129099 -1228.875589 -1230.325657 -1233.154726 -1238.746896 -1250.203426 -1275.748066 -9999.0 -9999.0
-9999.0 -9999.0 -1077.375133 -1172.338019 -1205.314346 -1216.815793 -1222.046521 -1224.691025 -1225.608003 -1215.665494 -1150.225050 -1124.049049 -1130.633293 -1145.657131 -1174.698423 -1202.973344 -1206.335347 -1193.255940 -1177.331199 -1165.660954 -1159.937214 -1159.632273 -1163.590984 -1170.577490 -1179.388791 -1188.883389 -1198.024984 -1206.023146 -1212.464013 -1217.304518 -1220.745047 -1223.084370 -1224.619602 -1225.596940 -1226.199416 -1226.554655 -1226.763061 -1226.963124 -1227.250629 -1227.224640 -1229.028642 -1247.313904 -825.147456 -816.378479 -804.353269 -797.095506 -793.716759 -793.256459 -793.214163 -793.232934 -793.262864 -793.294256 -793.324348 -793.352168 -793.377550 -793.402854 -793.452595 -793.742012 -795.588283 -799.927096 -807.386921 -808.670121 -1234.497054 -1229.690938 -1227.858236 -1227.380162 -1227.269217 -1227.250859 -1227.252331 -1227.257045 -1227.261439 -1227.264898 -1227.267499 -1227.269448 -1227.270927 -1227.272068 -1227.272968 -1227.273688 -1227.274280 -1227.274792 -1227.275277 -1227.275800 -1227.276440 -1227.277311 -1227.278586 -1227.280531 -1227.283569 -1227.288390 -1227.296140 -1227.308767 -1227.329693 -1227.365136 -1227.426801 -1227.537387 -1227.741759 -1228.129099 -1228.875589 -1230.325657 -1233.154726 -1238.746896 -1250.203426 -1275.748066 -9999.0 -9999.0
-9999.0 -9999.0 -1077.375109 -1172.337984 -1205.314315 -1216.815778 -1222.046516 -1224.691025 -1225.608004 -1215.665494 -1150.225050 -1124.049049 -1130.633293 -1145.657131 -1174.698423 -1202.973344 -1206.335347 -1193.255940 -1177.331199 -1165.660954 -1159.937214 -1159.632273 -1163.590984 -1170.577490 -1179.388791 -1188.883389 -1198.024984 -1206.023146 -1212.464013 -1217.304518 -1220.745047 -1223.084370 -1224.619602 -1225.596940 -1226.199416 -1226.554655 -1226.763061 -1226.963124 -1227.250629 -1227.224640 -1229.028642 -1247.313904 -825.147456 -816.378479 -804.353269 -797.095506 -793.716759 -793.256459 -793.214163 -793.232934 -793.262864 -793.294256 -793.324348 -793.352168 -793.377550 -793.402854 -793.452595 -793.742012 -795.588283 -799.927096 -807.386921 -808.670121 -1234.497054 -1229.690938 -1227.858236 -1227.380162 -1227.269217 -1227.250859 -1227.252331 -1227.257045 -1227.261439 -1227.264898 -1227.267499 -1227.269448 -1227.270927 -1227.272068 -1227.272968 -1227.273688 -1227.274280 -1227.274792 -1227.275277 -1227.275800 -1227.276440 -1227.277311 -1227.278586 -1227.280531 -1227.283569 -1227.288390 -1227.296140 -1227.308767 -1227.329693 -1227.365136 -1227.426801 -1227.537387 -1227.741759 -1228.129099 -1228.875589 -1230.325657 -1233.154726 -1238.746896 -1250.203426 -1275.748066 -9999.0 -9999.0
-9999.0 -9999.0 -1077.375109 -1172.337984 -1205.314315 -1216.815778 -1222.046516 -1224.691025 -1225.608004 -1215.665494 -1150.225050 -1124.049049 -1130.633293 -1145.657131 -1174.698423 -1202.973344 -1206.335347 -1193.255940 -1177.331199 -1165.660954 -1159.937214 -1159.632273 -1163.590984 -1170.577490 -1179.388791 -1188.883389 -1198.024984 -1206.023146 -1212.464013 -1217.304518 -1220.745047 -1223.084370 -1224.619602 -1225.596940 -1226.199416 -1226.554655 -1226.763061 -1226.963124 -1227.250629 -1227.224640 -1229.028642 -1247.313904 -825.147456 -816.378479 -804.353269 -797.095506 -793.716759 -793.256459 -793.214163 -793.232934 -793.262864 -793.294256 -793.324348 -793.352168 -793.377550 -793.402854 -793.452595 -793.742012 -795.588283 -799.927096 -807.386921 -808.670121 -1234.497054 -1229.690938 -1227.858236 -1227.380162 -1227.269217 -1227.250859 -1227.252331 -1227.257045 -1227.261439 -1227.264898 -1227.267499 -1227.269448 -1227.270927 -1227.272068 -1227.272968 -1227.273688 -1227.274280 -1227.274792 -1227.275277 -1227.275800 -1227.276440 -1227.277311 -1227.278586 -1227.280531 -1227.283569 -1227.288390 -1227.296140 -1227.308767 -1227.329693 -1227.365136 -1227.426801 -1227.537387 -1227.741759 -1228.129099 -1228.875589 -1230.325657 -1233.154726 -1238.746896 -1250.203426 -1275.748066 -9999.0 -9999.0
-9999.0 -9999.0 -1077.375133 -1172.338019 -1205.314346 -1216.815793 -1222.046521 -1224.691025 -1225.608003 -1215.665494 -1150.225050 -1124.049049 -1130.633293 -1145.657131 -1174.698423 -1202.973344 -1206.335347 -1193.255940 -1177.331199 -1165.660954 -1159.937214 -1159.632273 -1163.590984 -1170.577490 -1179.388791 -1188.883389 -1198.024984 -1206.023146 -1212.464013 -1217.304518 -1220.745047 -1223.084370 -1224.619602 -1225.596940 -1226.199416 -1226.554655 -1226.763061 -1226.963124 -1227.250629 -1227.224640 -1229.028642 -1247.313904 -825.147456 -816.378479 -804.353269 -797.095506 -793.716759 -793.256459 -793.214163 -793.232934 -793.262864 -793.294256 -793.324348 -793.352168 -793.377550 -793.402854 -793.452595 -793.742012 -795.588283 -799.927096 -807.386921 -808.670121 -1234.497054 -1229.690938 -1227.858236 -1227.380162 -1227.269217 -1227.250859 -1227.252331 -1227.257045 -1227.261439 -1227.264898 -1227.267499 -1227.269448 -1227.270927 -1227.272068 -1227.272968 -1227.273688 -1227.274280 -1227.274792 -1227.275277 -1227.275800 -1227.276440 -1227.277311 -1227.278586 -1227.280531 -1227.283569 -1227.288390 -1227.296140 -1227.308767 -1227.329693 -1227.365136 -1227.426801 -1227.537387 -1227.741759 -1228.129099 -1228.875589 -1230.325657 -1233.154726 -1238.746896 -1250.203426 -1275.748066 -9999.0 -9999.0
-9999.0 -9999.0 -1077.375177 -1172.338081 -1205.314391 -1216.815814 -1222.046527 -1224.691026 -1225.608002 -1215.665493 -1150.225050 -1124.049049 -1130.633293 -1145.657131 -1174.698423 -1202.973344 -1206.335347 -1193.255940 -1177.331199 -1165.660954 -1159.937214 -1159.632273 -1163.590984 -1170.577490 -1179.388791 -1188.883389 -1198.024984 -1206.023146 -1212.464013 -1217.304518 -1220.745047 -1223.084370 -1224.619602 -1225.596940 -1226.199416 -1226.554655 -1226.763061 -1226.963124 -1227.250629 -1227.224640 -1229.028642 -1247.313904 -825.147456 -816.378479 -804.353269 -797.095506 -793.716759 -793.256459 -793.214163 -793.232934 -793.262864 -793.294256 -793.324348 -793.352168 -793.377550 -793.402854 -793.452595 -793.742012 -795.588283 -799.927096 -807.386921 -808.670121 -1234.497054 -1229.690938 -1227.858236 -1227.380162 -1227.269217 -1227.250859 -1227.252331 -1227.257045 -1227.261439 -1227.264898 -1227.267499 -1227.269448 -1227.270927 -1227.272068 -1227.272968 -1227.273688 -1227.274280 -1227.274792 -1227.275277 -1227.275800 -1227.276440 -1227.277311 -1227.278586 -1227.280531 -1227.283569 -1227.288390 -1227.296140 -1227.308767 -1227.329693 -1227.365136 -1227.426801 -1227.537387 -1227.741759 -1228.129099 -1228.875589 -1230.325657 -1233.154726 -1238.746896 -1250.203426 -1275.748066 -9999.0 -9999.0
-9999.0 -9999.0 -9999.0 -9999.0 -9999.0 -9999.0 -9999.0 -9999.0 -9999.0 -9999.0 -9999.0 -9999.0 -9999.0 -9999.0 -9999.0 -9999.0 -9999.0 -9999.0 -9999.0 -9999.0 -9999.0 -9999.0 -9999.0 -9999.0 -9999.0 -9999.0 -9999.0 -9999.0 -9999.0 -9999.0 -9999.0 -9999.0 -9999.0 -9999.0 -9999.0 -9999.0 -9999.0 -9999.0 -9999.0 -9999.0 -9999.0 -9999.0 -9999.0 -9999.0 -9999.0 -9999.0 -9999.0 -9999.0 -9999.0 -9999.0 -9999.0 -9999.0 -9999.0 -9999.0 -9999.0 -9999.0 -9999.0 -9999.0 -9999.0 -9999.0 -9999.0 -9999.0 -9999.0 -9999.0 -9999.0 -9999.0 -9999.0 -9999.0 -9999.0 -9999.0 -9999.0 -9999.0 -9999.0 -9999.0 -9999.0 -9999.0 -9999.0 -9999.0 -9999.0 -9999.0 -9999.0 -9999.0 -9999.0 -9999.0 -9999.0 -9999.0 -9999.0 -9999.0 -9999.0 -9999.0 -9999.0 -9999.0 -9999.0 -9999.0 -9999.0 -9999.0 -9999.0 -9999.0 -9999.0 -9999.0 -9999.0 -9999.0 -9999.0 -9999.0
-9999.0 -9999.0 -9999.0 -9999.0 -9999.0 -9999.0 -9999.0 -9999.0 -9999.0 -9999.0 -9999.0 -9999.0 -9999.0 -9999.0 -9999.0 -9999.0 -9999.0 -9999.0 -9999.0 -9999.0 -9999.0 -9999.0 -9999.0 -9999.0 -9999.0 -9999.0 -9999.0 -9999.0 -9999.0 -9999.0 -9999.0 -9999.0 -9999.0 -9999.0 -9999.0 -9999.0 -9999.0 -9999.0 -9999.0 -9999.0 -9999.0 -9999.0 -9999.0 -9999.0 -9999.0 -9999.0 -9999.0 -9999.0 -9999.0 -9999.0 -9999.0 -9999.0 -9999.0 -9999.0 -9999.0 -9999.0 -9999.0 -9999.0 -9999.0 -9999.0 -9999.0 -9999.0 -9999.0 -9999.0 -9999.0 -9999.0 -9999.0 -9999.0 -9999.0 -9999.0 -9999.0 -9999.0 -9999.0 -9999.0 -9999.0 -9999.0 -9999.0 -9999.0 -9999.0 -9999.0 -9999.0 -9999.0 -9999.0 -9999.0 -9999.0 -9999.0 -9999.0 -9999.0 -9999.0 -9999.0 -9999.0 -9999.0 -9999.0 -9999.0 -9999.0 -9999.0 -9999.0 -9999.0 -9999.0 -9999.0 -9999.0 -9999.0 -9999.0 -9999.0