inst/processing_geotop_simulation/geotop_simulation/out/maps3D/PwL0003N0174.asc
ncols         104
nrows         10
xllcorner     -2.000000
yllcorner     0.000000
cellsize      1.000000
NODATA_value  -9999.0
-9999.0 -9999.0 -9999.0 -9999.0 -9999.0 -9999.0 -9999.0 -9999.0 -9999.0 -9999.0 -9999.0 -9999.0 -9999.0 -9999.0 -9999.0 -9999.0 -9999.0 -9999.0 -9999.0 -9999.0 -9999.0 -9999.0 -9999.0 -9999.0 -9999.0 -9999.0 -9999.0 -9999.0 -9999.0 -9999.0 -9999.0 -9999.0 -9999.0 -9999.0 -9999.0 -9999.0 -9999.0 -9999.0 -9999.0 -9999.0 -9999.0 -9999.0 -9999.0 -9999.0 -9999.0 -9999.0 -9999.0 -9999.0 -9999.0 -9999.0 -9999.0 -9999.0 -9999.0 -9999.0 -9999.0 -9999.0 -9999.0 -9999.0 -9999.0 -9999.0 -9999.0 -9999.0 -9999.0 -9999.0 -9999.0 -9999.0 -9999.0 -9999.0 -9999.0 -9999.0 -9999.0 -9999.0 -9999.0 -9999.0 -9999.0 -9999.0 -9999.0 -9999.0 -9999.0 -9999.0 -9999.0 -9999.0 -9999.0 -9999.0 -9999.0 -9999.0 -9999.0 -9999.0 -9999.0 -9999.0 -9999.0 -9999.0 -9999.0 -9999.0 -9999.0 -9999.0 -9999.0 -9999.0 -9999.0 -9999.0 -9999.0 -9999.0 -9999.0 -9999.0
-9999.0 -9999.0 -9999.0 -9999.0 -9999.0 -9999.0 -9999.0 -9999.0 -9999.0 -9999.0 -9999.0 -9999.0 -9999.0 -9999.0 -9999.0 -9999.0 -9999.0 -9999.0 -9999.0 -9999.0 -9999.0 -9999.0 -9999.0 -9999.0 -9999.0 -9999.0 -9999.0 -9999.0 -9999.0 -9999.0 -9999.0 -9999.0 -9999.0 -9999.0 -9999.0 -9999.0 -9999.0 -9999.0 -9999.0 -9999.0 -9999.0 -9999.0 -9999.0 -9999.0 -9999.0 -9999.0 -9999.0 -9999.0 -9999.0 -9999.0 -9999.0 -9999.0 -9999.0 -9999.0 -9999.0 -9999.0 -9999.0 -9999.0 -9999.0 -9999.0 -9999.0 -9999.0 -9999.0 -9999.0 -9999.0 -9999.0 -9999.0 -9999.0 -9999.0 -9999.0 -9999.0 -9999.0 -9999.0 -9999.0 -9999.0 -9999.0 -9999.0 -9999.0 -9999.0 -9999.0 -9999.0 -9999.0 -9999.0 -9999.0 -9999.0 -9999.0 -9999.0 -9999.0 -9999.0 -9999.0 -9999.0 -9999.0 -9999.0 -9999.0 -9999.0 -9999.0 -9999.0 -9999.0 -9999.0 -9999.0 -9999.0 -9999.0 -9999.0 -9999.0
-9999.0 -9999.0 131.262974 41.749130 -52.913875 -148.936630 -245.463241 -342.156468 -438.834265 -535.352008 -631.413087 -726.614995 -821.116685 -914.740986 -1008.399365 -1102.212296 -1194.481069 -1286.193209 -1376.554641 -1457.940045 -1521.700636 -1567.169510 -1597.546527 -1617.137660 -1629.664856 -1637.772409 -1643.142247 -1646.779182 -1649.275649 -1650.994516 -1652.173416 -1652.976175 -1653.518494 -1653.882048 -1654.124013 -1654.285755 -1654.403730 -1654.530873 -1654.852215 -1656.459118 -1663.931661 -1666.724682 -1046.122931 -1047.076727 -1034.412148 -1026.434895 -1022.699772 -1022.163178 -1022.108013 -1022.116047 -1022.133582 -1022.152295 -1022.170264 -1022.186894 -1022.202247 -1022.219331 -1022.267334 -1022.586176 -1024.568480 -1029.038585 -1035.957595 -1026.135821 -1645.801041 -1659.415677 -1655.645263 -1654.829765 -1654.701119 -1654.681093 -1654.678710 -1654.679392 -1654.680448 -1654.681361 -1654.682070 -1654.682609 -1654.683020 -1654.683338 -1654.683590 -1654.683792 -1654.683961 -1654.684110 -1654.684256 -1654.684417 -1654.684620 -1654.684901 -1654.685317 -1654.685957 -1654.686962 -1654.688570 -1654.691178 -1654.695480 -1654.702727 -1654.715248 -1654.737520 -1654.778335 -1654.855216 -1655.003439 -1655.295414 -1655.886665 -1657.138239 -1659.972208 -1667.073818 -1688.688410 -9999.0 -9999.0
-9999.0 -9999.0 131.274650 41.751387 -52.913306 -148.936465 -245.463189 -342.156450 -438.834259 -535.352005 -631.413086 -726.614995 -821.116685 -914.740986 -1008.399365 -1102.212296 -1194.481069 -1286.193210 -1376.554641 -1457.940045 -1521.700636 -1567.169510 -1597.546528 -1617.137660 -1629.664856 -1637.772409 -1643.142247 -1646.779182 -1649.275649 -1650.994516 -1652.173416 -1652.976175 -1653.518494 -1653.882048 -1654.124013 -1654.285755 -1654.403730 -1654.530873 -1654.852215 -1656.459118 -1663.931661 -1666.724682 -1046.122931 -1047.076727 -1034.412148 -1026.434895 -1022.699772 -1022.163178 -1022.108013 -1022.116047 -1022.133582 -1022.152295 -1022.170264 -1022.186894 -1022.202247 -1022.219331 -1022.267334 -1022.586176 -1024.568480 -1029.038585 -1035.957595 -1026.135821 -1645.801041 -1659.415677 -1655.645263 -1654.829765 -1654.701119 -1654.681093 -1654.678710 -1654.679392 -1654.680448 -1654.681361 -1654.682070 -1654.682609 -1654.683020 -1654.683338 -1654.683590 -1654.683792 -1654.683961 -1654.684110 -1654.684256 -1654.684417 -1654.684620 -1654.684901 -1654.685317 -1654.685957 -1654.686962 -1654.688570 -1654.691178 -1654.695480 -1654.702727 -1654.715248 -1654.737520 -1654.778335 -1654.855216 -1655.003439 -1655.295414 -1655.886665 -1657.138239 -1659.972208 -1667.073818 -1688.688410 -9999.0 -9999.0
-9999.0 -9999.0 131.276107 41.752292 -52.912948 -148.936335 -245.463143 -342.156434 -438.834253 -535.352003 -631.413085 -726.614995 -821.116685 -914.740986 -1008.399365 -1102.212296 -1194.481070 -1286.193210 -1376.554641 -1457.940045 -1521.700636 -1567.169510 -1597.546528 -1617.137660 -1629.664856 -1637.772409 -1643.142247 -1646.779182 -1649.275649 -1650.994516 -1652.173416 -1652.976175 -1653.518494 -1653.882048 -1654.124013 -1654.285755 -1654.403730 -1654.530873 -1654.852215 -1656.459118 -1663.931661 -1666.724682 -1046.122931 -1047.076727 -1034.412148 -1026.434895 -1022.699772 -1022.163178 -1022.108013 -1022.116047 -1022.133582 -1022.152295 -1022.170264 -1022.186894 -1022.202247 -1022.219331 -1022.267334 -1022.586176 -1024.568480 -1029.038585 -1035.957595 -1026.135822 -1645.801041 -1659.415677 -1655.645263 -1654.829765 -1654.701119 -1654.681093 -1654.678710 -1654.679392 -1654.680448 -1654.681361 -1654.682070 -1654.682609 -1654.683020 -1654.683338 -1654.683590 -1654.683792 -1654.683961 -1654.684110 -1654.684256 -1654.684417 -1654.684620 -1654.684901 -1654.685317 -1654.685957 -1654.686962 -1654.688570 -1654.691178 -1654.695480 -1654.702727 -1654.715248 -1654.737520 -1654.778335 -1654.855216 -1655.003439 -1655.295414 -1655.886665 -1657.138239 -1659.972208 -1667.073818 -1688.688410 -9999.0 -9999.0
-9999.0 -9999.0 131.276107 41.752292 -52.912948 -148.936335 -245.463143 -342.156434 -438.834253 -535.352003 -631.413085 -726.614995 -821.116685 -914.740986 -1008.399365 -1102.212296 -1194.481070 -1286.193210 -1376.554641 -1457.940045 -1521.700636 -1567.169510 -1597.546528 -1617.137660 -1629.664856 -1637.772409 -1643.142247 -1646.779182 -1649.275649 -1650.994516 -1652.173416 -1652.976175 -1653.518494 -1653.882048 -1654.124013 -1654.285755 -1654.403730 -1654.530873 -1654.852215 -1656.459118 -1663.931661 -1666.724682 -1046.122931 -1047.076727 -1034.412148 -1026.434895 -1022.699772 -1022.163178 -1022.108013 -1022.116047 -1022.133582 -1022.152295 -1022.170264 -1022.186894 -1022.202247 -1022.219331 -1022.267334 -1022.586176 -1024.568480 -1029.038585 -1035.957595 -1026.135822 -1645.801041 -1659.415677 -1655.645263 -1654.829765 -1654.701119 -1654.681093 -1654.678710 -1654.679392 -1654.680448 -1654.681361 -1654.682070 -1654.682609 -1654.683020 -1654.683338 -1654.683590 -1654.683792 -1654.683961 -1654.684110 -1654.684256 -1654.684417 -1654.684620 -1654.684901 -1654.685317 -1654.685957 -1654.686962 -1654.688570 -1654.691178 -1654.695480 -1654.702727 -1654.715248 -1654.737520 -1654.778335 -1654.855216 -1655.003439 -1655.295414 -1655.886665 -1657.138239 -1659.972208 -1667.073818 -1688.688410 -9999.0 -9999.0
-9999.0 -9999.0 131.274650 41.751387 -52.913306 -148.936464 -245.463189 -342.156450 -438.834259 -535.352006 -631.413086 -726.614995 -821.116685 -914.740986 -1008.399365 -1102.212296 -1194.481069 -1286.193210 -1376.554641 -1457.940045 -1521.700636 -1567.169510 -1597.546528 -1617.137660 -1629.664856 -1637.772409 -1643.142247 -1646.779182 -1649.275649 -1650.994516 -1652.173416 -1652.976175 -1653.518494 -1653.882048 -1654.124013 -1654.285755 -1654.403730 -1654.530873 -1654.852215 -1656.459118 -1663.931661 -1666.724682 -1046.122931 -1047.076727 -1034.412148 -1026.434895 -1022.699772 -1022.163178 -1022.108013 -1022.116047 -1022.133582 -1022.152295 -1022.170264 -1022.186894 -1022.202247 -1022.219331 -1022.267334 -1022.586176 -1024.568480 -1029.038585 -1035.957595 -1026.135821 -1645.801041 -1659.415677 -1655.645263 -1654.829765 -1654.701119 -1654.681093 -1654.678710 -1654.679392 -1654.680448 -1654.681361 -1654.682070 -1654.682609 -1654.683020 -1654.683338 -1654.683590 -1654.683792 -1654.683961 -1654.684110 -1654.684256 -1654.684417 -1654.684620 -1654.684901 -1654.685317 -1654.685957 -1654.686962 -1654.688570 -1654.691178 -1654.695480 -1654.702727 -1654.715248 -1654.737520 -1654.778335 -1654.855216 -1655.003439 -1655.295414 -1655.886665 -1657.138239 -1659.972208 -1667.073818 -1688.688410 -9999.0 -9999.0
-9999.0 -9999.0 131.262974 41.749130 -52.913874 -148.936630 -245.463241 -342.156468 -438.834265 -535.352008 -631.413087 -726.614995 -821.116685 -914.740986 -1008.399365 -1102.212296 -1194.481069 -1286.193209 -1376.554641 -1457.940045 -1521.700636 -1567.169510 -1597.546527 -1617.137660 -1629.664856 -1637.772409 -1643.142247 -1646.779182 -1649.275649 -1650.994516 -1652.173416 -1652.976175 -1653.518494 -1653.882048 -1654.124013 -1654.285755 -1654.403730 -1654.530873 -1654.852215 -1656.459118 -1663.931661 -1666.724682 -1046.122931 -1047.076727 -1034.412148 -1026.434895 -1022.699772 -1022.163178 -1022.108013 -1022.116047 -1022.133582 -1022.152295 -1022.170264 -1022.186894 -1022.202247 -1022.219331 -1022.267334 -1022.586176 -1024.568480 -1029.038585 -1035.957595 -1026.135821 -1645.801041 -1659.415677 -1655.645263 -1654.829765 -1654.701119 -1654.681093 -1654.678710 -1654.679392 -1654.680448 -1654.681361 -1654.682070 -1654.682609 -1654.683020 -1654.683338 -1654.683590 -1654.683792 -1654.683961 -1654.684110 -1654.684256 -1654.684417 -1654.684620 -1654.684901 -1654.685317 -1654.685957 -1654.686962 -1654.688570 -1654.691178 -1654.695480 -1654.702727 -1654.715248 -1654.737520 -1654.778335 -1654.855216 -1655.003439 -1655.295414 -1655.886665 -1657.138239 -1659.972208 -1667.073818 -1688.688410 -9999.0 -9999.0
-9999.0 -9999.0 -9999.0 -9999.0 -9999.0 -9999.0 -9999.0 -9999.0 -9999.0 -9999.0 -9999.0 -9999.0 -9999.0 -9999.0 -9999.0 -9999.0 -9999.0 -9999.0 -9999.0 -9999.0 -9999.0 -9999.0 -9999.0 -9999.0 -9999.0 -9999.0 -9999.0 -9999.0 -9999.0 -9999.0 -9999.0 -9999.0 -9999.0 -9999.0 -9999.0 -9999.0 -9999.0 -9999.0 -9999.0 -9999.0 -9999.0 -9999.0 -9999.0 -9999.0 -9999.0 -9999.0 -9999.0 -9999.0 -9999.0 -9999.0 -9999.0 -9999.0 -9999.0 -9999.0 -9999.0 -9999.0 -9999.0 -9999.0 -9999.0 -9999.0 -9999.0 -9999.0 -9999.0 -9999.0 -9999.0 -9999.0 -9999.0 -9999.0 -9999.0 -9999.0 -9999.0 -9999.0 -9999.0 -9999.0 -9999.0 -9999.0 -9999.0 -9999.0 -9999.0 -9999.0 -9999.0 -9999.0 -9999.0 -9999.0 -9999.0 -9999.0 -9999.0 -9999.0 -9999.0 -9999.0 -9999.0 -9999.0 -9999.0 -9999.0 -9999.0 -9999.0 -9999.0 -9999.0 -9999.0 -9999.0 -9999.0 -9999.0 -9999.0 -9999.0
-9999.0 -9999.0 -9999.0 -9999.0 -9999.0 -9999.0 -9999.0 -9999.0 -9999.0 -9999.0 -9999.0 -9999.0 -9999.0 -9999.0 -9999.0 -9999.0 -9999.0 -9999.0 -9999.0 -9999.0 -9999.0 -9999.0 -9999.0 -9999.0 -9999.0 -9999.0 -9999.0 -9999.0 -9999.0 -9999.0 -9999.0 -9999.0 -9999.0 -9999.0 -9999.0 -9999.0 -9999.0 -9999.0 -9999.0 -9999.0 -9999.0 -9999.0 -9999.0 -9999.0 -9999.0 -9999.0 -9999.0 -9999.0 -9999.0 -9999.0 -9999.0 -9999.0 -9999.0 -9999.0 -9999.0 -9999.0 -9999.0 -9999.0 -9999.0 -9999.0 -9999.0 -9999.0 -9999.0 -9999.0 -9999.0 -9999.0 -9999.0 -9999.0 -9999.0 -9999.0 -9999.0 -9999.0 -9999.0 -9999.0 -9999.0 -9999.0 -9999.0 -9999.0 -9999.0 -9999.0 -9999.0 -9999.0 -9999.0 -9999.0 -9999.0 -9999.0 -9999.0 -9999.0 -9999.0 -9999.0 -9999.0 -9999.0 -9999.0 -9999.0 -9999.0 -9999.0 -9999.0 -9999.0 -9999.0 -9999.0 -9999.0 -9999.0 -9999.0 -9999.0