inst/processing_geotop_simulation/geotop_simulation/out/maps3D/PwL0014N0109.asc
ncols         104
nrows         10
xllcorner     -2.000000
yllcorner     0.000000
cellsize      1.000000
NODATA_value  -9999.0
-9999.0 -9999.0 -9999.0 -9999.0 -9999.0 -9999.0 -9999.0 -9999.0 -9999.0 -9999.0 -9999.0 -9999.0 -9999.0 -9999.0 -9999.0 -9999.0 -9999.0 -9999.0 -9999.0 -9999.0 -9999.0 -9999.0 -9999.0 -9999.0 -9999.0 -9999.0 -9999.0 -9999.0 -9999.0 -9999.0 -9999.0 -9999.0 -9999.0 -9999.0 -9999.0 -9999.0 -9999.0 -9999.0 -9999.0 -9999.0 -9999.0 -9999.0 -9999.0 -9999.0 -9999.0 -9999.0 -9999.0 -9999.0 -9999.0 -9999.0 -9999.0 -9999.0 -9999.0 -9999.0 -9999.0 -9999.0 -9999.0 -9999.0 -9999.0 -9999.0 -9999.0 -9999.0 -9999.0 -9999.0 -9999.0 -9999.0 -9999.0 -9999.0 -9999.0 -9999.0 -9999.0 -9999.0 -9999.0 -9999.0 -9999.0 -9999.0 -9999.0 -9999.0 -9999.0 -9999.0 -9999.0 -9999.0 -9999.0 -9999.0 -9999.0 -9999.0 -9999.0 -9999.0 -9999.0 -9999.0 -9999.0 -9999.0 -9999.0 -9999.0 -9999.0 -9999.0 -9999.0 -9999.0 -9999.0 -9999.0 -9999.0 -9999.0 -9999.0 -9999.0
-9999.0 -9999.0 -9999.0 -9999.0 -9999.0 -9999.0 -9999.0 -9999.0 -9999.0 -9999.0 -9999.0 -9999.0 -9999.0 -9999.0 -9999.0 -9999.0 -9999.0 -9999.0 -9999.0 -9999.0 -9999.0 -9999.0 -9999.0 -9999.0 -9999.0 -9999.0 -9999.0 -9999.0 -9999.0 -9999.0 -9999.0 -9999.0 -9999.0 -9999.0 -9999.0 -9999.0 -9999.0 -9999.0 -9999.0 -9999.0 -9999.0 -9999.0 -9999.0 -9999.0 -9999.0 -9999.0 -9999.0 -9999.0 -9999.0 -9999.0 -9999.0 -9999.0 -9999.0 -9999.0 -9999.0 -9999.0 -9999.0 -9999.0 -9999.0 -9999.0 -9999.0 -9999.0 -9999.0 -9999.0 -9999.0 -9999.0 -9999.0 -9999.0 -9999.0 -9999.0 -9999.0 -9999.0 -9999.0 -9999.0 -9999.0 -9999.0 -9999.0 -9999.0 -9999.0 -9999.0 -9999.0 -9999.0 -9999.0 -9999.0 -9999.0 -9999.0 -9999.0 -9999.0 -9999.0 -9999.0 -9999.0 -9999.0 -9999.0 -9999.0 -9999.0 -9999.0 -9999.0 -9999.0 -9999.0 -9999.0 -9999.0 -9999.0 -9999.0 -9999.0
-9999.0 -9999.0 690.056713 599.848806 507.560873 413.856811 319.489396 224.837416 130.090939 35.350417 -59.312061 -153.891184 -248.469546 -343.400501 -439.327170 -537.173743 -638.133501 -738.378696 -833.879100 -926.524967 -1014.385914 -1080.337504 -1123.116567 -1147.657355 -1160.588579 -1167.126480 -1170.466124 -1172.285668 -1173.382199 -1174.112867 -1174.637551 -1175.030457 -1175.329891 -1175.558459 -1175.731456 -1175.862365 -1175.971511 -1176.100722 -1176.381373 -1177.853416 -1188.436708 -1274.448049 -2092.457724 -4270.863165 -4282.177921 -4282.178212 -4282.178209 -4282.178209 -4282.178209 -4282.178209 -4282.178209 -4282.178209 -4282.178209 -4282.178209 -4282.178209 -4282.178209 -4282.178209 -4282.178209 -4282.178211 -4282.177663 -4264.149057 -1979.741975 -1246.793231 -1184.449142 -1177.317685 -1176.469524 -1176.351929 -1176.333108 -1176.331281 -1176.332557 -1176.334131 -1176.335449 -1176.336464 -1176.337233 -1176.337820 -1176.338274 -1176.338634 -1176.338924 -1176.339165 -1176.339377 -1176.339583 -1176.339810 -1176.340094 -1176.340486 -1176.341064 -1176.341952 -1176.343345 -1176.345569 -1176.349167 -1176.355087 -1176.365019 -1176.382104 -1176.412348 -1176.467538 -1176.571141 -1176.770334 -1177.161523 -1177.950685 -1179.616897 -1183.385167 -1192.588770 -1217.564144 -9999.0 -9999.0
-9999.0 -9999.0 690.061956 599.850514 507.561385 413.856970 319.489448 224.837433 130.090945 35.350419 -59.312060 -153.891183 -248.469546 -343.400501 -439.327170 -537.173743 -638.133501 -738.378696 -833.879100 -926.524968 -1014.385914 -1080.337504 -1123.116567 -1147.657355 -1160.588579 -1167.126480 -1170.466124 -1172.285668 -1173.382199 -1174.112867 -1174.637551 -1175.030457 -1175.329891 -1175.558459 -1175.731456 -1175.862365 -1175.971511 -1176.100722 -1176.381373 -1177.853416 -1188.436708 -1274.448049 -2092.457724 -4270.863165 -4282.177921 -4282.178212 -4282.178209 -4282.178209 -4282.178209 -4282.178209 -4282.178209 -4282.178209 -4282.178209 -4282.178209 -4282.178209 -4282.178209 -4282.178209 -4282.178209 -4282.178211 -4282.177663 -4264.149057 -1979.741975 -1246.793231 -1184.449142 -1177.317685 -1176.469524 -1176.351929 -1176.333108 -1176.331281 -1176.332557 -1176.334131 -1176.335449 -1176.336464 -1176.337233 -1176.337820 -1176.338274 -1176.338634 -1176.338924 -1176.339165 -1176.339377 -1176.339583 -1176.339810 -1176.340094 -1176.340486 -1176.341064 -1176.341952 -1176.343345 -1176.345569 -1176.349167 -1176.355087 -1176.365019 -1176.382104 -1176.412348 -1176.467538 -1176.571141 -1176.770334 -1177.161523 -1177.950685 -1179.616897 -1183.385167 -1192.588770 -1217.564144 -9999.0 -9999.0
-9999.0 -9999.0 690.063528 599.851341 507.561725 413.857097 319.489494 224.837450 130.090951 35.350421 -59.312060 -153.891183 -248.469546 -343.400502 -439.327170 -537.173743 -638.133501 -738.378696 -833.879100 -926.524968 -1014.385914 -1080.337504 -1123.116567 -1147.657355 -1160.588579 -1167.126480 -1170.466124 -1172.285668 -1173.382199 -1174.112867 -1174.637551 -1175.030457 -1175.329891 -1175.558459 -1175.731456 -1175.862365 -1175.971511 -1176.100722 -1176.381373 -1177.853416 -1188.436708 -1274.448049 -2092.457724 -4270.863165 -4282.177921 -4282.178212 -4282.178209 -4282.178209 -4282.178209 -4282.178209 -4282.178209 -4282.178209 -4282.178209 -4282.178209 -4282.178209 -4282.178209 -4282.178209 -4282.178209 -4282.178211 -4282.177663 -4264.149057 -1979.741975 -1246.793231 -1184.449142 -1177.317685 -1176.469524 -1176.351929 -1176.333108 -1176.331281 -1176.332557 -1176.334131 -1176.335449 -1176.336464 -1176.337233 -1176.337820 -1176.338274 -1176.338634 -1176.338924 -1176.339165 -1176.339377 -1176.339583 -1176.339810 -1176.340094 -1176.340486 -1176.341064 -1176.341952 -1176.343345 -1176.345569 -1176.349167 -1176.355087 -1176.365019 -1176.382104 -1176.412348 -1176.467538 -1176.571141 -1176.770334 -1177.161523 -1177.950685 -1179.616897 -1183.385167 -1192.588770 -1217.564144 -9999.0 -9999.0
-9999.0 -9999.0 690.063528 599.851341 507.561725 413.857097 319.489493 224.837450 130.090951 35.350421 -59.312060 -153.891183 -248.469546 -343.400502 -439.327170 -537.173743 -638.133501 -738.378696 -833.879100 -926.524968 -1014.385914 -1080.337504 -1123.116567 -1147.657355 -1160.588579 -1167.126480 -1170.466124 -1172.285668 -1173.382199 -1174.112867 -1174.637551 -1175.030457 -1175.329891 -1175.558459 -1175.731456 -1175.862365 -1175.971511 -1176.100722 -1176.381373 -1177.853416 -1188.436708 -1274.448049 -2092.457724 -4270.863165 -4282.177921 -4282.178212 -4282.178209 -4282.178209 -4282.178209 -4282.178209 -4282.178209 -4282.178209 -4282.178209 -4282.178209 -4282.178209 -4282.178209 -4282.178209 -4282.178209 -4282.178211 -4282.177663 -4264.149057 -1979.741975 -1246.793231 -1184.449142 -1177.317685 -1176.469524 -1176.351929 -1176.333108 -1176.331281 -1176.332557 -1176.334131 -1176.335449 -1176.336464 -1176.337233 -1176.337820 -1176.338274 -1176.338634 -1176.338924 -1176.339165 -1176.339377 -1176.339583 -1176.339810 -1176.340094 -1176.340486 -1176.341064 -1176.341952 -1176.343345 -1176.345569 -1176.349167 -1176.355087 -1176.365019 -1176.382104 -1176.412348 -1176.467538 -1176.571141 -1176.770334 -1177.161523 -1177.950685 -1179.616897 -1183.385167 -1192.588770 -1217.564144 -9999.0 -9999.0
-9999.0 -9999.0 690.061956 599.850514 507.561385 413.856970 319.489448 224.837433 130.090945 35.350419 -59.312060 -153.891183 -248.469546 -343.400501 -439.327170 -537.173743 -638.133501 -738.378696 -833.879100 -926.524968 -1014.385914 -1080.337504 -1123.116567 -1147.657355 -1160.588579 -1167.126480 -1170.466124 -1172.285668 -1173.382199 -1174.112867 -1174.637551 -1175.030457 -1175.329891 -1175.558459 -1175.731456 -1175.862365 -1175.971511 -1176.100722 -1176.381373 -1177.853416 -1188.436708 -1274.448049 -2092.457724 -4270.863165 -4282.177921 -4282.178212 -4282.178209 -4282.178209 -4282.178209 -4282.178209 -4282.178209 -4282.178209 -4282.178209 -4282.178209 -4282.178209 -4282.178209 -4282.178209 -4282.178209 -4282.178211 -4282.177663 -4264.149057 -1979.741975 -1246.793231 -1184.449142 -1177.317685 -1176.469524 -1176.351929 -1176.333108 -1176.331281 -1176.332557 -1176.334131 -1176.335449 -1176.336464 -1176.337233 -1176.337820 -1176.338274 -1176.338634 -1176.338924 -1176.339165 -1176.339377 -1176.339583 -1176.339810 -1176.340094 -1176.340486 -1176.341064 -1176.341952 -1176.343345 -1176.345569 -1176.349167 -1176.355087 -1176.365019 -1176.382104 -1176.412348 -1176.467538 -1176.571141 -1176.770334 -1177.161523 -1177.950685 -1179.616897 -1183.385167 -1192.588770 -1217.564144 -9999.0 -9999.0
-9999.0 -9999.0 690.056713 599.848806 507.560873 413.856811 319.489396 224.837416 130.090939 35.350417 -59.312061 -153.891184 -248.469546 -343.400501 -439.327170 -537.173743 -638.133501 -738.378696 -833.879100 -926.524967 -1014.385914 -1080.337504 -1123.116567 -1147.657355 -1160.588579 -1167.126480 -1170.466124 -1172.285668 -1173.382199 -1174.112867 -1174.637551 -1175.030457 -1175.329891 -1175.558459 -1175.731456 -1175.862365 -1175.971511 -1176.100722 -1176.381373 -1177.853416 -1188.436708 -1274.448049 -2092.457724 -4270.863165 -4282.177921 -4282.178212 -4282.178209 -4282.178209 -4282.178209 -4282.178209 -4282.178209 -4282.178209 -4282.178209 -4282.178209 -4282.178209 -4282.178209 -4282.178209 -4282.178209 -4282.178211 -4282.177663 -4264.149057 -1979.741975 -1246.793231 -1184.449142 -1177.317685 -1176.469524 -1176.351929 -1176.333108 -1176.331281 -1176.332557 -1176.334131 -1176.335449 -1176.336464 -1176.337233 -1176.337820 -1176.338274 -1176.338634 -1176.338924 -1176.339165 -1176.339377 -1176.339583 -1176.339810 -1176.340094 -1176.340486 -1176.341064 -1176.341952 -1176.343345 -1176.345569 -1176.349167 -1176.355087 -1176.365019 -1176.382104 -1176.412348 -1176.467538 -1176.571141 -1176.770334 -1177.161523 -1177.950685 -1179.616897 -1183.385167 -1192.588770 -1217.564144 -9999.0 -9999.0
-9999.0 -9999.0 -9999.0 -9999.0 -9999.0 -9999.0 -9999.0 -9999.0 -9999.0 -9999.0 -9999.0 -9999.0 -9999.0 -9999.0 -9999.0 -9999.0 -9999.0 -9999.0 -9999.0 -9999.0 -9999.0 -9999.0 -9999.0 -9999.0 -9999.0 -9999.0 -9999.0 -9999.0 -9999.0 -9999.0 -9999.0 -9999.0 -9999.0 -9999.0 -9999.0 -9999.0 -9999.0 -9999.0 -9999.0 -9999.0 -9999.0 -9999.0 -9999.0 -9999.0 -9999.0 -9999.0 -9999.0 -9999.0 -9999.0 -9999.0 -9999.0 -9999.0 -9999.0 -9999.0 -9999.0 -9999.0 -9999.0 -9999.0 -9999.0 -9999.0 -9999.0 -9999.0 -9999.0 -9999.0 -9999.0 -9999.0 -9999.0 -9999.0 -9999.0 -9999.0 -9999.0 -9999.0 -9999.0 -9999.0 -9999.0 -9999.0 -9999.0 -9999.0 -9999.0 -9999.0 -9999.0 -9999.0 -9999.0 -9999.0 -9999.0 -9999.0 -9999.0 -9999.0 -9999.0 -9999.0 -9999.0 -9999.0 -9999.0 -9999.0 -9999.0 -9999.0 -9999.0 -9999.0 -9999.0 -9999.0 -9999.0 -9999.0 -9999.0 -9999.0
-9999.0 -9999.0 -9999.0 -9999.0 -9999.0 -9999.0 -9999.0 -9999.0 -9999.0 -9999.0 -9999.0 -9999.0 -9999.0 -9999.0 -9999.0 -9999.0 -9999.0 -9999.0 -9999.0 -9999.0 -9999.0 -9999.0 -9999.0 -9999.0 -9999.0 -9999.0 -9999.0 -9999.0 -9999.0 -9999.0 -9999.0 -9999.0 -9999.0 -9999.0 -9999.0 -9999.0 -9999.0 -9999.0 -9999.0 -9999.0 -9999.0 -9999.0 -9999.0 -9999.0 -9999.0 -9999.0 -9999.0 -9999.0 -9999.0 -9999.0 -9999.0 -9999.0 -9999.0 -9999.0 -9999.0 -9999.0 -9999.0 -9999.0 -9999.0 -9999.0 -9999.0 -9999.0 -9999.0 -9999.0 -9999.0 -9999.0 -9999.0 -9999.0 -9999.0 -9999.0 -9999.0 -9999.0 -9999.0 -9999.0 -9999.0 -9999.0 -9999.0 -9999.0 -9999.0 -9999.0 -9999.0 -9999.0 -9999.0 -9999.0 -9999.0 -9999.0 -9999.0 -9999.0 -9999.0 -9999.0 -9999.0 -9999.0 -9999.0 -9999.0 -9999.0 -9999.0 -9999.0 -9999.0 -9999.0 -9999.0 -9999.0 -9999.0 -9999.0 -9999.0