inst/processing_geotop_simulation/geotop_simulation/out/maps3D/PwL0000N0250.asc
ncols         104
nrows         10
xllcorner     -2.000000
yllcorner     0.000000
cellsize      1.000000
NODATA_value  -9999.0
-9999.0 -9999.0 -9999.0 -9999.0 -9999.0 -9999.0 -9999.0 -9999.0 -9999.0 -9999.0 -9999.0 -9999.0 -9999.0 -9999.0 -9999.0 -9999.0 -9999.0 -9999.0 -9999.0 -9999.0 -9999.0 -9999.0 -9999.0 -9999.0 -9999.0 -9999.0 -9999.0 -9999.0 -9999.0 -9999.0 -9999.0 -9999.0 -9999.0 -9999.0 -9999.0 -9999.0 -9999.0 -9999.0 -9999.0 -9999.0 -9999.0 -9999.0 -9999.0 -9999.0 -9999.0 -9999.0 -9999.0 -9999.0 -9999.0 -9999.0 -9999.0 -9999.0 -9999.0 -9999.0 -9999.0 -9999.0 -9999.0 -9999.0 -9999.0 -9999.0 -9999.0 -9999.0 -9999.0 -9999.0 -9999.0 -9999.0 -9999.0 -9999.0 -9999.0 -9999.0 -9999.0 -9999.0 -9999.0 -9999.0 -9999.0 -9999.0 -9999.0 -9999.0 -9999.0 -9999.0 -9999.0 -9999.0 -9999.0 -9999.0 -9999.0 -9999.0 -9999.0 -9999.0 -9999.0 -9999.0 -9999.0 -9999.0 -9999.0 -9999.0 -9999.0 -9999.0 -9999.0 -9999.0 -9999.0 -9999.0 -9999.0 -9999.0 -9999.0 -9999.0
-9999.0 -9999.0 -9999.0 -9999.0 -9999.0 -9999.0 -9999.0 -9999.0 -9999.0 -9999.0 -9999.0 -9999.0 -9999.0 -9999.0 -9999.0 -9999.0 -9999.0 -9999.0 -9999.0 -9999.0 -9999.0 -9999.0 -9999.0 -9999.0 -9999.0 -9999.0 -9999.0 -9999.0 -9999.0 -9999.0 -9999.0 -9999.0 -9999.0 -9999.0 -9999.0 -9999.0 -9999.0 -9999.0 -9999.0 -9999.0 -9999.0 -9999.0 -9999.0 -9999.0 -9999.0 -9999.0 -9999.0 -9999.0 -9999.0 -9999.0 -9999.0 -9999.0 -9999.0 -9999.0 -9999.0 -9999.0 -9999.0 -9999.0 -9999.0 -9999.0 -9999.0 -9999.0 -9999.0 -9999.0 -9999.0 -9999.0 -9999.0 -9999.0 -9999.0 -9999.0 -9999.0 -9999.0 -9999.0 -9999.0 -9999.0 -9999.0 -9999.0 -9999.0 -9999.0 -9999.0 -9999.0 -9999.0 -9999.0 -9999.0 -9999.0 -9999.0 -9999.0 -9999.0 -9999.0 -9999.0 -9999.0 -9999.0 -9999.0 -9999.0 -9999.0 -9999.0 -9999.0 -9999.0 -9999.0 -9999.0 -9999.0 -9999.0 -9999.0 -9999.0
-9999.0 -9999.0 0.030804 -90.855133 -188.121504 -286.095527 -384.324999 -482.634781 -580.934544 -679.144039 -777.106870 -874.694969 -971.804970 -1068.281685 -1164.622555 -1260.708210 -1355.416175 -1448.133239 -1538.269141 -1624.255686 -1702.001091 -1767.159804 -1817.911816 -1855.268540 -1881.750019 -1900.108034 -1912.677784 -1921.218474 -1926.983290 -1930.846745 -1933.416474 -1935.113292 -1936.226645 -1936.953529 -1937.426709 -1937.736676 -1937.952629 -1938.163217 -1938.657947 -1940.694371 -1946.907941 -1922.282746 -1200.430928 -1197.099170 -1186.725939 -1180.075485 -1176.951421 -1176.481352 -1176.431699 -1176.437709 -1176.451962 -1176.467236 -1176.481912 -1176.495501 -1176.508090 -1176.522492 -1176.565410 -1176.848591 -1178.520293 -1182.254379 -1187.776379 -1183.731388 -1900.630883 -1941.456033 -1939.480897 -1938.586082 -1938.417505 -1938.390583 -1938.386931 -1938.387095 -1938.387797 -1938.388449 -1938.388965 -1938.389359 -1938.389661 -1938.389895 -1938.390081 -1938.390231 -1938.390356 -1938.390468 -1938.390578 -1938.390701 -1938.390856 -1938.391071 -1938.391390 -1938.391881 -1938.392654 -1938.393893 -1938.395909 -1938.399251 -1938.404914 -1938.414768 -1938.432424 -1938.465012 -1938.526827 -1938.647046 -1938.887251 -1939.385505 -1940.478191 -1943.069164 -1949.965931 -1972.214839 -9999.0 -9999.0
-9999.0 -9999.0 0.101609 -90.853010 -188.120975 -286.095373 -384.324950 -482.634764 -580.934538 -679.144037 -777.106869 -874.694968 -971.804970 -1068.281685 -1164.622555 -1260.708210 -1355.416175 -1448.133239 -1538.269141 -1624.255686 -1702.001091 -1767.159804 -1817.911816 -1855.268541 -1881.750019 -1900.108034 -1912.677784 -1921.218474 -1926.983290 -1930.846745 -1933.416474 -1935.113292 -1936.226645 -1936.953529 -1937.426709 -1937.736676 -1937.952629 -1938.163217 -1938.657947 -1940.694371 -1946.907941 -1922.282746 -1200.430928 -1197.099170 -1186.725939 -1180.075485 -1176.951421 -1176.481352 -1176.431699 -1176.437709 -1176.451962 -1176.467236 -1176.481912 -1176.495501 -1176.508090 -1176.522492 -1176.565410 -1176.848591 -1178.520293 -1182.254379 -1187.776379 -1183.731388 -1900.630883 -1941.456033 -1939.480897 -1938.586082 -1938.417505 -1938.390583 -1938.386931 -1938.387095 -1938.387797 -1938.388449 -1938.388965 -1938.389359 -1938.389661 -1938.389895 -1938.390081 -1938.390231 -1938.390356 -1938.390468 -1938.390578 -1938.390701 -1938.390856 -1938.391071 -1938.391390 -1938.391881 -1938.392654 -1938.393893 -1938.395909 -1938.399251 -1938.404914 -1938.414768 -1938.432424 -1938.465012 -1938.526827 -1938.647046 -1938.887251 -1939.385505 -1940.478191 -1943.069164 -1949.965931 -1972.214839 -9999.0 -9999.0
-9999.0 -9999.0 0.101616 -90.852162 -188.120641 -286.095252 -384.324907 -482.634749 -580.934533 -679.144034 -777.106869 -874.694968 -971.804970 -1068.281685 -1164.622555 -1260.708210 -1355.416175 -1448.133239 -1538.269141 -1624.255686 -1702.001092 -1767.159804 -1817.911816 -1855.268541 -1881.750019 -1900.108034 -1912.677784 -1921.218474 -1926.983290 -1930.846745 -1933.416474 -1935.113292 -1936.226645 -1936.953529 -1937.426709 -1937.736676 -1937.952629 -1938.163217 -1938.657947 -1940.694371 -1946.907941 -1922.282746 -1200.430928 -1197.099170 -1186.725939 -1180.075485 -1176.951421 -1176.481352 -1176.431699 -1176.437709 -1176.451962 -1176.467236 -1176.481912 -1176.495501 -1176.508090 -1176.522492 -1176.565410 -1176.848591 -1178.520293 -1182.254379 -1187.776379 -1183.731388 -1900.630883 -1941.456033 -1939.480897 -1938.586082 -1938.417505 -1938.390583 -1938.386931 -1938.387095 -1938.387797 -1938.388449 -1938.388965 -1938.389359 -1938.389661 -1938.389895 -1938.390081 -1938.390231 -1938.390356 -1938.390468 -1938.390578 -1938.390701 -1938.390856 -1938.391071 -1938.391390 -1938.391881 -1938.392654 -1938.393893 -1938.395909 -1938.399251 -1938.404914 -1938.414768 -1938.432424 -1938.465012 -1938.526827 -1938.647046 -1938.887251 -1939.385505 -1940.478191 -1943.069164 -1949.965931 -1972.214839 -9999.0 -9999.0
-9999.0 -9999.0 0.101616 -90.852162 -188.120641 -286.095252 -384.324907 -482.634749 -580.934533 -679.144034 -777.106869 -874.694968 -971.804970 -1068.281685 -1164.622555 -1260.708210 -1355.416175 -1448.133239 -1538.269141 -1624.255686 -1702.001092 -1767.159804 -1817.911816 -1855.268541 -1881.750019 -1900.108034 -1912.677784 -1921.218474 -1926.983290 -1930.846745 -1933.416474 -1935.113292 -1936.226645 -1936.953529 -1937.426709 -1937.736676 -1937.952629 -1938.163217 -1938.657947 -1940.694371 -1946.907941 -1922.282746 -1200.430928 -1197.099170 -1186.725939 -1180.075485 -1176.951421 -1176.481352 -1176.431699 -1176.437709 -1176.451962 -1176.467236 -1176.481912 -1176.495501 -1176.508090 -1176.522492 -1176.565410 -1176.848591 -1178.520293 -1182.254379 -1187.776379 -1183.731388 -1900.630883 -1941.456033 -1939.480897 -1938.586082 -1938.417505 -1938.390583 -1938.386931 -1938.387095 -1938.387797 -1938.388449 -1938.388965 -1938.389359 -1938.389661 -1938.389895 -1938.390081 -1938.390231 -1938.390356 -1938.390468 -1938.390578 -1938.390701 -1938.390856 -1938.391071 -1938.391390 -1938.391881 -1938.392654 -1938.393893 -1938.395909 -1938.399251 -1938.404914 -1938.414768 -1938.432424 -1938.465012 -1938.526827 -1938.647046 -1938.887251 -1939.385505 -1940.478191 -1943.069164 -1949.965931 -1972.214839 -9999.0 -9999.0
-9999.0 -9999.0 0.101609 -90.853010 -188.120975 -286.095373 -384.324950 -482.634764 -580.934538 -679.144037 -777.106869 -874.694968 -971.804970 -1068.281685 -1164.622555 -1260.708210 -1355.416175 -1448.133239 -1538.269141 -1624.255686 -1702.001091 -1767.159804 -1817.911816 -1855.268541 -1881.750019 -1900.108034 -1912.677784 -1921.218474 -1926.983290 -1930.846745 -1933.416474 -1935.113292 -1936.226645 -1936.953529 -1937.426709 -1937.736676 -1937.952629 -1938.163217 -1938.657947 -1940.694371 -1946.907941 -1922.282746 -1200.430928 -1197.099170 -1186.725939 -1180.075485 -1176.951421 -1176.481352 -1176.431699 -1176.437709 -1176.451962 -1176.467236 -1176.481912 -1176.495501 -1176.508090 -1176.522492 -1176.565410 -1176.848591 -1178.520293 -1182.254379 -1187.776379 -1183.731388 -1900.630883 -1941.456033 -1939.480897 -1938.586082 -1938.417505 -1938.390583 -1938.386931 -1938.387095 -1938.387797 -1938.388449 -1938.388965 -1938.389359 -1938.389661 -1938.389895 -1938.390081 -1938.390231 -1938.390356 -1938.390468 -1938.390578 -1938.390701 -1938.390856 -1938.391071 -1938.391390 -1938.391881 -1938.392654 -1938.393893 -1938.395909 -1938.399251 -1938.404914 -1938.414768 -1938.432424 -1938.465012 -1938.526827 -1938.647046 -1938.887251 -1939.385505 -1940.478191 -1943.069164 -1949.965931 -1972.214839 -9999.0 -9999.0
-9999.0 -9999.0 0.030804 -90.855133 -188.121504 -286.095527 -384.324999 -482.634781 -580.934544 -679.144039 -777.106870 -874.694969 -971.804970 -1068.281685 -1164.622555 -1260.708210 -1355.416175 -1448.133239 -1538.269141 -1624.255686 -1702.001091 -1767.159804 -1817.911816 -1855.268540 -1881.750019 -1900.108034 -1912.677784 -1921.218474 -1926.983290 -1930.846745 -1933.416474 -1935.113292 -1936.226645 -1936.953529 -1937.426709 -1937.736676 -1937.952629 -1938.163217 -1938.657947 -1940.694371 -1946.907941 -1922.282746 -1200.430928 -1197.099170 -1186.725939 -1180.075485 -1176.951421 -1176.481352 -1176.431699 -1176.437709 -1176.451962 -1176.467236 -1176.481912 -1176.495501 -1176.508090 -1176.522492 -1176.565410 -1176.848591 -1178.520293 -1182.254379 -1187.776379 -1183.731388 -1900.630883 -1941.456033 -1939.480897 -1938.586082 -1938.417505 -1938.390583 -1938.386931 -1938.387095 -1938.387797 -1938.388449 -1938.388965 -1938.389359 -1938.389661 -1938.389895 -1938.390081 -1938.390231 -1938.390356 -1938.390468 -1938.390578 -1938.390701 -1938.390856 -1938.391071 -1938.391390 -1938.391881 -1938.392654 -1938.393893 -1938.395909 -1938.399251 -1938.404914 -1938.414768 -1938.432424 -1938.465012 -1938.526827 -1938.647046 -1938.887251 -1939.385505 -1940.478191 -1943.069164 -1949.965931 -1972.214839 -9999.0 -9999.0
-9999.0 -9999.0 -9999.0 -9999.0 -9999.0 -9999.0 -9999.0 -9999.0 -9999.0 -9999.0 -9999.0 -9999.0 -9999.0 -9999.0 -9999.0 -9999.0 -9999.0 -9999.0 -9999.0 -9999.0 -9999.0 -9999.0 -9999.0 -9999.0 -9999.0 -9999.0 -9999.0 -9999.0 -9999.0 -9999.0 -9999.0 -9999.0 -9999.0 -9999.0 -9999.0 -9999.0 -9999.0 -9999.0 -9999.0 -9999.0 -9999.0 -9999.0 -9999.0 -9999.0 -9999.0 -9999.0 -9999.0 -9999.0 -9999.0 -9999.0 -9999.0 -9999.0 -9999.0 -9999.0 -9999.0 -9999.0 -9999.0 -9999.0 -9999.0 -9999.0 -9999.0 -9999.0 -9999.0 -9999.0 -9999.0 -9999.0 -9999.0 -9999.0 -9999.0 -9999.0 -9999.0 -9999.0 -9999.0 -9999.0 -9999.0 -9999.0 -9999.0 -9999.0 -9999.0 -9999.0 -9999.0 -9999.0 -9999.0 -9999.0 -9999.0 -9999.0 -9999.0 -9999.0 -9999.0 -9999.0 -9999.0 -9999.0 -9999.0 -9999.0 -9999.0 -9999.0 -9999.0 -9999.0 -9999.0 -9999.0 -9999.0 -9999.0 -9999.0 -9999.0
-9999.0 -9999.0 -9999.0 -9999.0 -9999.0 -9999.0 -9999.0 -9999.0 -9999.0 -9999.0 -9999.0 -9999.0 -9999.0 -9999.0 -9999.0 -9999.0 -9999.0 -9999.0 -9999.0 -9999.0 -9999.0 -9999.0 -9999.0 -9999.0 -9999.0 -9999.0 -9999.0 -9999.0 -9999.0 -9999.0 -9999.0 -9999.0 -9999.0 -9999.0 -9999.0 -9999.0 -9999.0 -9999.0 -9999.0 -9999.0 -9999.0 -9999.0 -9999.0 -9999.0 -9999.0 -9999.0 -9999.0 -9999.0 -9999.0 -9999.0 -9999.0 -9999.0 -9999.0 -9999.0 -9999.0 -9999.0 -9999.0 -9999.0 -9999.0 -9999.0 -9999.0 -9999.0 -9999.0 -9999.0 -9999.0 -9999.0 -9999.0 -9999.0 -9999.0 -9999.0 -9999.0 -9999.0 -9999.0 -9999.0 -9999.0 -9999.0 -9999.0 -9999.0 -9999.0 -9999.0 -9999.0 -9999.0 -9999.0 -9999.0 -9999.0 -9999.0 -9999.0 -9999.0 -9999.0 -9999.0 -9999.0 -9999.0 -9999.0 -9999.0 -9999.0 -9999.0 -9999.0 -9999.0 -9999.0 -9999.0 -9999.0 -9999.0 -9999.0 -9999.0