inst/processing_geotop_simulation/geotop_simulation/out/maps3D/PwL0011N0143.asc
ncols         104
nrows         10
xllcorner     -2.000000
yllcorner     0.000000
cellsize      1.000000
NODATA_value  -9999.0
-9999.0 -9999.0 -9999.0 -9999.0 -9999.0 -9999.0 -9999.0 -9999.0 -9999.0 -9999.0 -9999.0 -9999.0 -9999.0 -9999.0 -9999.0 -9999.0 -9999.0 -9999.0 -9999.0 -9999.0 -9999.0 -9999.0 -9999.0 -9999.0 -9999.0 -9999.0 -9999.0 -9999.0 -9999.0 -9999.0 -9999.0 -9999.0 -9999.0 -9999.0 -9999.0 -9999.0 -9999.0 -9999.0 -9999.0 -9999.0 -9999.0 -9999.0 -9999.0 -9999.0 -9999.0 -9999.0 -9999.0 -9999.0 -9999.0 -9999.0 -9999.0 -9999.0 -9999.0 -9999.0 -9999.0 -9999.0 -9999.0 -9999.0 -9999.0 -9999.0 -9999.0 -9999.0 -9999.0 -9999.0 -9999.0 -9999.0 -9999.0 -9999.0 -9999.0 -9999.0 -9999.0 -9999.0 -9999.0 -9999.0 -9999.0 -9999.0 -9999.0 -9999.0 -9999.0 -9999.0 -9999.0 -9999.0 -9999.0 -9999.0 -9999.0 -9999.0 -9999.0 -9999.0 -9999.0 -9999.0 -9999.0 -9999.0 -9999.0 -9999.0 -9999.0 -9999.0 -9999.0 -9999.0 -9999.0 -9999.0 -9999.0 -9999.0 -9999.0 -9999.0
-9999.0 -9999.0 -9999.0 -9999.0 -9999.0 -9999.0 -9999.0 -9999.0 -9999.0 -9999.0 -9999.0 -9999.0 -9999.0 -9999.0 -9999.0 -9999.0 -9999.0 -9999.0 -9999.0 -9999.0 -9999.0 -9999.0 -9999.0 -9999.0 -9999.0 -9999.0 -9999.0 -9999.0 -9999.0 -9999.0 -9999.0 -9999.0 -9999.0 -9999.0 -9999.0 -9999.0 -9999.0 -9999.0 -9999.0 -9999.0 -9999.0 -9999.0 -9999.0 -9999.0 -9999.0 -9999.0 -9999.0 -9999.0 -9999.0 -9999.0 -9999.0 -9999.0 -9999.0 -9999.0 -9999.0 -9999.0 -9999.0 -9999.0 -9999.0 -9999.0 -9999.0 -9999.0 -9999.0 -9999.0 -9999.0 -9999.0 -9999.0 -9999.0 -9999.0 -9999.0 -9999.0 -9999.0 -9999.0 -9999.0 -9999.0 -9999.0 -9999.0 -9999.0 -9999.0 -9999.0 -9999.0 -9999.0 -9999.0 -9999.0 -9999.0 -9999.0 -9999.0 -9999.0 -9999.0 -9999.0 -9999.0 -9999.0 -9999.0 -9999.0 -9999.0 -9999.0 -9999.0 -9999.0 -9999.0 -9999.0 -9999.0 -9999.0 -9999.0 -9999.0
-9999.0 -9999.0 535.855208 445.173497 351.811001 257.067937 161.721066 66.117062 -29.564520 -125.234723 -220.831167 -316.242525 -411.306943 -505.890024 -599.991172 -693.815025 -787.813382 -881.406562 -973.720268 -1062.656257 -1140.705252 -1203.744895 -1250.830175 -1283.796035 -1305.855462 -1320.244480 -1329.534023 -1335.518071 -1339.371344 -1341.848445 -1343.437109 -1344.453904 -1345.104286 -1345.520756 -1345.788105 -1345.962242 -1346.087511 -1346.221406 -1346.551172 -1348.295045 -1358.646709 -1417.450953 -1848.977183 -3583.712548 -3126.085910 -2846.992970 -2724.760599 -2710.047882 -2708.587075 -2708.734429 -2709.106693 -2709.505263 -2709.887738 -2710.241603 -2710.568644 -2710.937440 -2712.036547 -2720.028323 -2781.101247 -2924.979938 -3162.218596 -1639.160043 -1389.329375 -1353.809472 -1347.480421 -1346.554018 -1346.421916 -1346.401718 -1346.399431 -1346.400275 -1346.401482 -1346.402516 -1346.403317 -1346.403925 -1346.404389 -1346.404749 -1346.405034 -1346.405263 -1346.405454 -1346.405623 -1346.405788 -1346.405970 -1346.406198 -1346.406514 -1346.406981 -1346.407698 -1346.408825 -1346.410626 -1346.413546 -1346.418359 -1346.426460 -1346.440442 -1346.465285 -1346.510774 -1346.596417 -1346.761550 -1347.087163 -1347.748359 -1349.155699 -1352.359743 -1360.305439 -1383.264449 -9999.0 -9999.0
-9999.0 -9999.0 535.861677 445.175379 351.811537 257.068099 161.721118 66.117079 -29.564514 -125.234721 -220.831166 -316.242524 -411.306943 -505.890024 -599.991172 -693.815026 -787.813382 -881.406562 -973.720268 -1062.656257 -1140.705252 -1203.744895 -1250.830175 -1283.796036 -1305.855462 -1320.244480 -1329.534023 -1335.518071 -1339.371344 -1341.848445 -1343.437109 -1344.453904 -1345.104286 -1345.520756 -1345.788105 -1345.962242 -1346.087511 -1346.221406 -1346.551172 -1348.295045 -1358.646709 -1417.450953 -1848.977182 -3583.712546 -3126.085906 -2846.992962 -2724.760600 -2710.047882 -2708.587075 -2708.734429 -2709.106693 -2709.505263 -2709.887738 -2710.241603 -2710.568644 -2710.937440 -2712.036547 -2720.028323 -2781.101247 -2924.979938 -3162.218596 -1639.160043 -1389.329375 -1353.809472 -1347.480421 -1346.554018 -1346.421916 -1346.401718 -1346.399431 -1346.400275 -1346.401482 -1346.402516 -1346.403317 -1346.403925 -1346.404389 -1346.404749 -1346.405034 -1346.405263 -1346.405454 -1346.405623 -1346.405788 -1346.405970 -1346.406198 -1346.406514 -1346.406981 -1346.407698 -1346.408825 -1346.410626 -1346.413546 -1346.418359 -1346.426460 -1346.440442 -1346.465285 -1346.510774 -1346.596417 -1346.761550 -1347.087163 -1347.748359 -1349.155699 -1352.359743 -1360.305439 -1383.264449 -9999.0 -9999.0
-9999.0 -9999.0 535.863314 445.176238 351.811885 257.068228 161.721164 66.117095 -29.564508 -125.234719 -220.831165 -316.242524 -411.306943 -505.890025 -599.991172 -693.815026 -787.813382 -881.406563 -973.720268 -1062.656257 -1140.705252 -1203.744895 -1250.830175 -1283.796036 -1305.855462 -1320.244480 -1329.534023 -1335.518071 -1339.371344 -1341.848445 -1343.437109 -1344.453904 -1345.104286 -1345.520756 -1345.788105 -1345.962242 -1346.087511 -1346.221406 -1346.551172 -1348.295045 -1358.646709 -1417.450953 -1848.977182 -3583.712546 -3126.085905 -2846.992958 -2724.760600 -2710.047882 -2708.587075 -2708.734429 -2709.106693 -2709.505263 -2709.887738 -2710.241603 -2710.568644 -2710.937440 -2712.036547 -2720.028323 -2781.101247 -2924.979937 -3162.218596 -1639.160043 -1389.329375 -1353.809472 -1347.480421 -1346.554018 -1346.421916 -1346.401718 -1346.399431 -1346.400275 -1346.401482 -1346.402516 -1346.403317 -1346.403925 -1346.404389 -1346.404749 -1346.405034 -1346.405263 -1346.405454 -1346.405623 -1346.405788 -1346.405970 -1346.406198 -1346.406514 -1346.406981 -1346.407698 -1346.408825 -1346.410626 -1346.413546 -1346.418359 -1346.426460 -1346.440442 -1346.465285 -1346.510774 -1346.596417 -1346.761550 -1347.087163 -1347.748359 -1349.155699 -1352.359743 -1360.305439 -1383.264449 -9999.0 -9999.0
-9999.0 -9999.0 535.863314 445.176238 351.811884 257.068228 161.721164 66.117095 -29.564508 -125.234719 -220.831165 -316.242524 -411.306943 -505.890025 -599.991172 -693.815026 -787.813382 -881.406563 -973.720268 -1062.656257 -1140.705252 -1203.744895 -1250.830175 -1283.796036 -1305.855462 -1320.244480 -1329.534023 -1335.518071 -1339.371344 -1341.848445 -1343.437109 -1344.453904 -1345.104286 -1345.520756 -1345.788105 -1345.962242 -1346.087511 -1346.221406 -1346.551172 -1348.295045 -1358.646709 -1417.450953 -1848.977182 -3583.712546 -3126.085905 -2846.992958 -2724.760600 -2710.047882 -2708.587075 -2708.734429 -2709.106693 -2709.505263 -2709.887738 -2710.241603 -2710.568644 -2710.937440 -2712.036547 -2720.028323 -2781.101247 -2924.979937 -3162.218596 -1639.160043 -1389.329375 -1353.809472 -1347.480421 -1346.554018 -1346.421916 -1346.401718 -1346.399431 -1346.400275 -1346.401482 -1346.402516 -1346.403317 -1346.403925 -1346.404389 -1346.404749 -1346.405034 -1346.405263 -1346.405454 -1346.405623 -1346.405788 -1346.405970 -1346.406198 -1346.406514 -1346.406981 -1346.407698 -1346.408825 -1346.410626 -1346.413546 -1346.418359 -1346.426460 -1346.440442 -1346.465285 -1346.510774 -1346.596417 -1346.761550 -1347.087163 -1347.748359 -1349.155699 -1352.359743 -1360.305439 -1383.264449 -9999.0 -9999.0
-9999.0 -9999.0 535.861677 445.175379 351.811537 257.068099 161.721118 66.117079 -29.564514 -125.234721 -220.831166 -316.242525 -411.306943 -505.890025 -599.991172 -693.815026 -787.813382 -881.406562 -973.720268 -1062.656257 -1140.705252 -1203.744895 -1250.830175 -1283.796036 -1305.855462 -1320.244480 -1329.534023 -1335.518071 -1339.371344 -1341.848445 -1343.437109 -1344.453904 -1345.104286 -1345.520756 -1345.788105 -1345.962242 -1346.087511 -1346.221406 -1346.551172 -1348.295045 -1358.646709 -1417.450953 -1848.977182 -3583.712546 -3126.085906 -2846.992962 -2724.760600 -2710.047882 -2708.587075 -2708.734429 -2709.106693 -2709.505263 -2709.887738 -2710.241603 -2710.568644 -2710.937440 -2712.036547 -2720.028323 -2781.101247 -2924.979938 -3162.218596 -1639.160043 -1389.329375 -1353.809472 -1347.480421 -1346.554018 -1346.421916 -1346.401718 -1346.399431 -1346.400275 -1346.401482 -1346.402516 -1346.403317 -1346.403925 -1346.404389 -1346.404749 -1346.405034 -1346.405263 -1346.405454 -1346.405623 -1346.405788 -1346.405970 -1346.406198 -1346.406514 -1346.406981 -1346.407698 -1346.408825 -1346.410626 -1346.413546 -1346.418359 -1346.426460 -1346.440442 -1346.465285 -1346.510774 -1346.596417 -1346.761550 -1347.087163 -1347.748359 -1349.155699 -1352.359743 -1360.305439 -1383.264449 -9999.0 -9999.0
-9999.0 -9999.0 535.855208 445.173497 351.811001 257.067937 161.721066 66.117062 -29.564520 -125.234723 -220.831167 -316.242525 -411.306943 -505.890024 -599.991172 -693.815025 -787.813382 -881.406562 -973.720268 -1062.656257 -1140.705252 -1203.744895 -1250.830175 -1283.796035 -1305.855462 -1320.244480 -1329.534023 -1335.518071 -1339.371344 -1341.848445 -1343.437109 -1344.453904 -1345.104286 -1345.520756 -1345.788105 -1345.962242 -1346.087511 -1346.221406 -1346.551172 -1348.295045 -1358.646709 -1417.450953 -1848.977183 -3583.712548 -3126.085910 -2846.992970 -2724.760600 -2710.047882 -2708.587075 -2708.734429 -2709.106693 -2709.505263 -2709.887738 -2710.241603 -2710.568644 -2710.937440 -2712.036547 -2720.028323 -2781.101247 -2924.979938 -3162.218596 -1639.160043 -1389.329375 -1353.809472 -1347.480421 -1346.554018 -1346.421916 -1346.401718 -1346.399431 -1346.400275 -1346.401482 -1346.402516 -1346.403317 -1346.403925 -1346.404389 -1346.404749 -1346.405034 -1346.405263 -1346.405454 -1346.405623 -1346.405788 -1346.405970 -1346.406198 -1346.406514 -1346.406981 -1346.407698 -1346.408825 -1346.410626 -1346.413546 -1346.418359 -1346.426460 -1346.440442 -1346.465285 -1346.510774 -1346.596417 -1346.761550 -1347.087163 -1347.748359 -1349.155699 -1352.359743 -1360.305439 -1383.264449 -9999.0 -9999.0
-9999.0 -9999.0 -9999.0 -9999.0 -9999.0 -9999.0 -9999.0 -9999.0 -9999.0 -9999.0 -9999.0 -9999.0 -9999.0 -9999.0 -9999.0 -9999.0 -9999.0 -9999.0 -9999.0 -9999.0 -9999.0 -9999.0 -9999.0 -9999.0 -9999.0 -9999.0 -9999.0 -9999.0 -9999.0 -9999.0 -9999.0 -9999.0 -9999.0 -9999.0 -9999.0 -9999.0 -9999.0 -9999.0 -9999.0 -9999.0 -9999.0 -9999.0 -9999.0 -9999.0 -9999.0 -9999.0 -9999.0 -9999.0 -9999.0 -9999.0 -9999.0 -9999.0 -9999.0 -9999.0 -9999.0 -9999.0 -9999.0 -9999.0 -9999.0 -9999.0 -9999.0 -9999.0 -9999.0 -9999.0 -9999.0 -9999.0 -9999.0 -9999.0 -9999.0 -9999.0 -9999.0 -9999.0 -9999.0 -9999.0 -9999.0 -9999.0 -9999.0 -9999.0 -9999.0 -9999.0 -9999.0 -9999.0 -9999.0 -9999.0 -9999.0 -9999.0 -9999.0 -9999.0 -9999.0 -9999.0 -9999.0 -9999.0 -9999.0 -9999.0 -9999.0 -9999.0 -9999.0 -9999.0 -9999.0 -9999.0 -9999.0 -9999.0 -9999.0 -9999.0
-9999.0 -9999.0 -9999.0 -9999.0 -9999.0 -9999.0 -9999.0 -9999.0 -9999.0 -9999.0 -9999.0 -9999.0 -9999.0 -9999.0 -9999.0 -9999.0 -9999.0 -9999.0 -9999.0 -9999.0 -9999.0 -9999.0 -9999.0 -9999.0 -9999.0 -9999.0 -9999.0 -9999.0 -9999.0 -9999.0 -9999.0 -9999.0 -9999.0 -9999.0 -9999.0 -9999.0 -9999.0 -9999.0 -9999.0 -9999.0 -9999.0 -9999.0 -9999.0 -9999.0 -9999.0 -9999.0 -9999.0 -9999.0 -9999.0 -9999.0 -9999.0 -9999.0 -9999.0 -9999.0 -9999.0 -9999.0 -9999.0 -9999.0 -9999.0 -9999.0 -9999.0 -9999.0 -9999.0 -9999.0 -9999.0 -9999.0 -9999.0 -9999.0 -9999.0 -9999.0 -9999.0 -9999.0 -9999.0 -9999.0 -9999.0 -9999.0 -9999.0 -9999.0 -9999.0 -9999.0 -9999.0 -9999.0 -9999.0 -9999.0 -9999.0 -9999.0 -9999.0 -9999.0 -9999.0 -9999.0 -9999.0 -9999.0 -9999.0 -9999.0 -9999.0 -9999.0 -9999.0 -9999.0 -9999.0 -9999.0 -9999.0 -9999.0 -9999.0 -9999.0