inst/processing_geotop_simulation/geotop_simulation/out/maps3D/PwL0013N0457.asc
ncols         104
nrows         10
xllcorner     -2.000000
yllcorner     0.000000
cellsize      1.000000
NODATA_value  -9999.0
-9999.0 -9999.0 -9999.0 -9999.0 -9999.0 -9999.0 -9999.0 -9999.0 -9999.0 -9999.0 -9999.0 -9999.0 -9999.0 -9999.0 -9999.0 -9999.0 -9999.0 -9999.0 -9999.0 -9999.0 -9999.0 -9999.0 -9999.0 -9999.0 -9999.0 -9999.0 -9999.0 -9999.0 -9999.0 -9999.0 -9999.0 -9999.0 -9999.0 -9999.0 -9999.0 -9999.0 -9999.0 -9999.0 -9999.0 -9999.0 -9999.0 -9999.0 -9999.0 -9999.0 -9999.0 -9999.0 -9999.0 -9999.0 -9999.0 -9999.0 -9999.0 -9999.0 -9999.0 -9999.0 -9999.0 -9999.0 -9999.0 -9999.0 -9999.0 -9999.0 -9999.0 -9999.0 -9999.0 -9999.0 -9999.0 -9999.0 -9999.0 -9999.0 -9999.0 -9999.0 -9999.0 -9999.0 -9999.0 -9999.0 -9999.0 -9999.0 -9999.0 -9999.0 -9999.0 -9999.0 -9999.0 -9999.0 -9999.0 -9999.0 -9999.0 -9999.0 -9999.0 -9999.0 -9999.0 -9999.0 -9999.0 -9999.0 -9999.0 -9999.0 -9999.0 -9999.0 -9999.0 -9999.0 -9999.0 -9999.0 -9999.0 -9999.0 -9999.0 -9999.0
-9999.0 -9999.0 -9999.0 -9999.0 -9999.0 -9999.0 -9999.0 -9999.0 -9999.0 -9999.0 -9999.0 -9999.0 -9999.0 -9999.0 -9999.0 -9999.0 -9999.0 -9999.0 -9999.0 -9999.0 -9999.0 -9999.0 -9999.0 -9999.0 -9999.0 -9999.0 -9999.0 -9999.0 -9999.0 -9999.0 -9999.0 -9999.0 -9999.0 -9999.0 -9999.0 -9999.0 -9999.0 -9999.0 -9999.0 -9999.0 -9999.0 -9999.0 -9999.0 -9999.0 -9999.0 -9999.0 -9999.0 -9999.0 -9999.0 -9999.0 -9999.0 -9999.0 -9999.0 -9999.0 -9999.0 -9999.0 -9999.0 -9999.0 -9999.0 -9999.0 -9999.0 -9999.0 -9999.0 -9999.0 -9999.0 -9999.0 -9999.0 -9999.0 -9999.0 -9999.0 -9999.0 -9999.0 -9999.0 -9999.0 -9999.0 -9999.0 -9999.0 -9999.0 -9999.0 -9999.0 -9999.0 -9999.0 -9999.0 -9999.0 -9999.0 -9999.0 -9999.0 -9999.0 -9999.0 -9999.0 -9999.0 -9999.0 -9999.0 -9999.0 -9999.0 -9999.0 -9999.0 -9999.0 -9999.0 -9999.0 -9999.0 -9999.0 -9999.0 -9999.0
-9999.0 -9999.0 621.030271 522.120726 422.946087 323.610614 224.202295 124.763215 25.314440 -74.130859 -173.568318 -272.992683 -372.391565 -471.742470 -571.008926 -670.141887 -769.196102 -868.252986 -967.201472 -1066.004331 -1164.102950 -1260.304732 -1353.352505 -1441.079465 -1521.129760 -1591.536042 -1651.156036 -1699.829397 -1738.259953 -1767.729458 -1789.777302 -1805.942332 -1817.602883 -1825.906199 -1831.759921 -1835.859901 -1838.743615 -1840.896320 -1843.012634 -1846.376889 -1850.617267 -1834.394474 -1554.627202 -2316.953093 -2162.295222 -2059.500241 -2014.469081 -2008.422243 -2007.800690 -2007.860096 -2008.015936 -2008.183336 -2008.344135 -2008.493000 -2008.631009 -2008.790277 -2009.282677 -2012.725326 -2035.785320 -2089.328181 -2132.658818 -1435.250940 -1794.440412 -1843.053286 -1845.915640 -1845.325753 -1845.083932 -1845.029307 -1845.019532 -1845.018321 -1845.018552 -1845.018954 -1845.019318 -1845.019622 -1845.019876 -1845.020092 -1845.020283 -1845.020455 -1845.020616 -1845.020772 -1845.020931 -1845.021103 -1845.021299 -1845.021538 -1845.021849 -1845.022278 -1845.022896 -1845.023830 -1845.025293 -1845.027672 -1845.031678 -1845.038677 -1845.051352 -1845.075112 -1845.121210 -1845.214049 -1845.409789 -1845.847144 -1846.896055 -1849.634739 -1857.553762 -1883.296171 -9999.0 -9999.0
-9999.0 -9999.0 621.034592 522.122074 422.946482 323.610736 224.202335 124.763229 25.314445 -74.130857 -173.568317 -272.992683 -372.391565 -471.742470 -571.008925 -670.141887 -769.196102 -868.252986 -967.201472 -1066.004331 -1164.102950 -1260.304732 -1353.352506 -1441.079465 -1521.129760 -1591.536042 -1651.156036 -1699.829397 -1738.259953 -1767.729458 -1789.777302 -1805.942332 -1817.602883 -1825.906199 -1831.759921 -1835.859901 -1838.743614 -1840.896320 -1843.012634 -1846.376889 -1850.617267 -1834.394474 -1554.627202 -2316.953092 -2162.295220 -2059.500238 -2014.469081 -2008.422243 -2007.800690 -2007.860096 -2008.015936 -2008.183336 -2008.344135 -2008.493000 -2008.631009 -2008.790277 -2009.282677 -2012.725326 -2035.785320 -2089.328181 -2132.658818 -1435.250940 -1794.440412 -1843.053286 -1845.915640 -1845.325753 -1845.083932 -1845.029307 -1845.019532 -1845.018321 -1845.018552 -1845.018954 -1845.019318 -1845.019622 -1845.019876 -1845.020092 -1845.020283 -1845.020455 -1845.020616 -1845.020772 -1845.020931 -1845.021103 -1845.021299 -1845.021538 -1845.021849 -1845.022277 -1845.022896 -1845.023830 -1845.025293 -1845.027671 -1845.031678 -1845.038677 -1845.051352 -1845.075112 -1845.121210 -1845.214049 -1845.409789 -1845.847144 -1846.896055 -1849.634739 -1857.553762 -1883.296171 -9999.0 -9999.0
-9999.0 -9999.0 621.035820 522.122715 422.946743 323.610833 224.202371 124.763242 25.314450 -74.130855 -173.568316 -272.992682 -372.391565 -471.742470 -571.008925 -670.141887 -769.196102 -868.252986 -967.201472 -1066.004332 -1164.102950 -1260.304732 -1353.352506 -1441.079466 -1521.129760 -1591.536042 -1651.156036 -1699.829397 -1738.259953 -1767.729458 -1789.777302 -1805.942332 -1817.602883 -1825.906199 -1831.759921 -1835.859901 -1838.743614 -1840.896320 -1843.012634 -1846.376889 -1850.617267 -1834.394474 -1554.627202 -2316.953092 -2162.295220 -2059.500237 -2014.469081 -2008.422243 -2007.800690 -2007.860096 -2008.015936 -2008.183336 -2008.344135 -2008.493000 -2008.631009 -2008.790277 -2009.282677 -2012.725326 -2035.785320 -2089.328181 -2132.658818 -1435.250940 -1794.440412 -1843.053286 -1845.915640 -1845.325753 -1845.083932 -1845.029307 -1845.019532 -1845.018321 -1845.018552 -1845.018954 -1845.019318 -1845.019622 -1845.019876 -1845.020092 -1845.020283 -1845.020455 -1845.020616 -1845.020772 -1845.020931 -1845.021103 -1845.021299 -1845.021538 -1845.021849 -1845.022277 -1845.022896 -1845.023830 -1845.025293 -1845.027671 -1845.031678 -1845.038677 -1845.051352 -1845.075112 -1845.121210 -1845.214049 -1845.409789 -1845.847144 -1846.896055 -1849.634739 -1857.553762 -1883.296171 -9999.0 -9999.0
-9999.0 -9999.0 621.035820 522.122716 422.946743 323.610833 224.202371 124.763242 25.314450 -74.130855 -173.568316 -272.992682 -372.391565 -471.742470 -571.008925 -670.141887 -769.196102 -868.252986 -967.201472 -1066.004332 -1164.102950 -1260.304732 -1353.352506 -1441.079466 -1521.129760 -1591.536042 -1651.156036 -1699.829397 -1738.259953 -1767.729458 -1789.777302 -1805.942332 -1817.602883 -1825.906199 -1831.759921 -1835.859901 -1838.743614 -1840.896320 -1843.012634 -1846.376889 -1850.617267 -1834.394474 -1554.627202 -2316.953092 -2162.295220 -2059.500237 -2014.469081 -2008.422243 -2007.800690 -2007.860096 -2008.015936 -2008.183336 -2008.344135 -2008.493000 -2008.631009 -2008.790277 -2009.282677 -2012.725326 -2035.785320 -2089.328181 -2132.658818 -1435.250940 -1794.440412 -1843.053286 -1845.915640 -1845.325753 -1845.083932 -1845.029307 -1845.019532 -1845.018321 -1845.018552 -1845.018954 -1845.019318 -1845.019622 -1845.019876 -1845.020092 -1845.020283 -1845.020455 -1845.020616 -1845.020772 -1845.020931 -1845.021103 -1845.021299 -1845.021538 -1845.021849 -1845.022277 -1845.022896 -1845.023830 -1845.025293 -1845.027671 -1845.031678 -1845.038677 -1845.051352 -1845.075112 -1845.121210 -1845.214049 -1845.409789 -1845.847144 -1846.896055 -1849.634739 -1857.553762 -1883.296171 -9999.0 -9999.0
-9999.0 -9999.0 621.034592 522.122074 422.946482 323.610736 224.202336 124.763229 25.314445 -74.130857 -173.568317 -272.992683 -372.391565 -471.742470 -571.008926 -670.141887 -769.196102 -868.252986 -967.201472 -1066.004331 -1164.102950 -1260.304732 -1353.352506 -1441.079465 -1521.129760 -1591.536042 -1651.156036 -1699.829397 -1738.259953 -1767.729458 -1789.777302 -1805.942332 -1817.602883 -1825.906199 -1831.759921 -1835.859901 -1838.743614 -1840.896320 -1843.012634 -1846.376889 -1850.617267 -1834.394474 -1554.627202 -2316.953092 -2162.295220 -2059.500238 -2014.469081 -2008.422243 -2007.800690 -2007.860096 -2008.015936 -2008.183336 -2008.344135 -2008.493000 -2008.631009 -2008.790277 -2009.282677 -2012.725326 -2035.785320 -2089.328181 -2132.658818 -1435.250940 -1794.440412 -1843.053286 -1845.915640 -1845.325753 -1845.083932 -1845.029307 -1845.019532 -1845.018321 -1845.018552 -1845.018954 -1845.019318 -1845.019622 -1845.019876 -1845.020092 -1845.020283 -1845.020455 -1845.020616 -1845.020772 -1845.020931 -1845.021103 -1845.021299 -1845.021538 -1845.021849 -1845.022277 -1845.022896 -1845.023830 -1845.025293 -1845.027671 -1845.031678 -1845.038677 -1845.051352 -1845.075112 -1845.121210 -1845.214049 -1845.409789 -1845.847144 -1846.896055 -1849.634739 -1857.553762 -1883.296171 -9999.0 -9999.0
-9999.0 -9999.0 621.030271 522.120726 422.946087 323.610614 224.202295 124.763215 25.314440 -74.130859 -173.568318 -272.992683 -372.391565 -471.742470 -571.008926 -670.141887 -769.196102 -868.252986 -967.201472 -1066.004331 -1164.102950 -1260.304732 -1353.352505 -1441.079465 -1521.129760 -1591.536042 -1651.156036 -1699.829397 -1738.259953 -1767.729458 -1789.777302 -1805.942332 -1817.602883 -1825.906199 -1831.759921 -1835.859901 -1838.743615 -1840.896320 -1843.012634 -1846.376889 -1850.617267 -1834.394474 -1554.627202 -2316.953093 -2162.295222 -2059.500241 -2014.469081 -2008.422243 -2007.800690 -2007.860096 -2008.015936 -2008.183336 -2008.344135 -2008.493000 -2008.631009 -2008.790277 -2009.282677 -2012.725326 -2035.785320 -2089.328181 -2132.658818 -1435.250940 -1794.440412 -1843.053286 -1845.915640 -1845.325753 -1845.083932 -1845.029307 -1845.019532 -1845.018321 -1845.018552 -1845.018954 -1845.019318 -1845.019622 -1845.019876 -1845.020092 -1845.020283 -1845.020455 -1845.020616 -1845.020772 -1845.020931 -1845.021103 -1845.021299 -1845.021538 -1845.021849 -1845.022278 -1845.022896 -1845.023830 -1845.025293 -1845.027672 -1845.031678 -1845.038677 -1845.051352 -1845.075112 -1845.121210 -1845.214049 -1845.409789 -1845.847144 -1846.896055 -1849.634739 -1857.553762 -1883.296171 -9999.0 -9999.0
-9999.0 -9999.0 -9999.0 -9999.0 -9999.0 -9999.0 -9999.0 -9999.0 -9999.0 -9999.0 -9999.0 -9999.0 -9999.0 -9999.0 -9999.0 -9999.0 -9999.0 -9999.0 -9999.0 -9999.0 -9999.0 -9999.0 -9999.0 -9999.0 -9999.0 -9999.0 -9999.0 -9999.0 -9999.0 -9999.0 -9999.0 -9999.0 -9999.0 -9999.0 -9999.0 -9999.0 -9999.0 -9999.0 -9999.0 -9999.0 -9999.0 -9999.0 -9999.0 -9999.0 -9999.0 -9999.0 -9999.0 -9999.0 -9999.0 -9999.0 -9999.0 -9999.0 -9999.0 -9999.0 -9999.0 -9999.0 -9999.0 -9999.0 -9999.0 -9999.0 -9999.0 -9999.0 -9999.0 -9999.0 -9999.0 -9999.0 -9999.0 -9999.0 -9999.0 -9999.0 -9999.0 -9999.0 -9999.0 -9999.0 -9999.0 -9999.0 -9999.0 -9999.0 -9999.0 -9999.0 -9999.0 -9999.0 -9999.0 -9999.0 -9999.0 -9999.0 -9999.0 -9999.0 -9999.0 -9999.0 -9999.0 -9999.0 -9999.0 -9999.0 -9999.0 -9999.0 -9999.0 -9999.0 -9999.0 -9999.0 -9999.0 -9999.0 -9999.0 -9999.0
-9999.0 -9999.0 -9999.0 -9999.0 -9999.0 -9999.0 -9999.0 -9999.0 -9999.0 -9999.0 -9999.0 -9999.0 -9999.0 -9999.0 -9999.0 -9999.0 -9999.0 -9999.0 -9999.0 -9999.0 -9999.0 -9999.0 -9999.0 -9999.0 -9999.0 -9999.0 -9999.0 -9999.0 -9999.0 -9999.0 -9999.0 -9999.0 -9999.0 -9999.0 -9999.0 -9999.0 -9999.0 -9999.0 -9999.0 -9999.0 -9999.0 -9999.0 -9999.0 -9999.0 -9999.0 -9999.0 -9999.0 -9999.0 -9999.0 -9999.0 -9999.0 -9999.0 -9999.0 -9999.0 -9999.0 -9999.0 -9999.0 -9999.0 -9999.0 -9999.0 -9999.0 -9999.0 -9999.0 -9999.0 -9999.0 -9999.0 -9999.0 -9999.0 -9999.0 -9999.0 -9999.0 -9999.0 -9999.0 -9999.0 -9999.0 -9999.0 -9999.0 -9999.0 -9999.0 -9999.0 -9999.0 -9999.0 -9999.0 -9999.0 -9999.0 -9999.0 -9999.0 -9999.0 -9999.0 -9999.0 -9999.0 -9999.0 -9999.0 -9999.0 -9999.0 -9999.0 -9999.0 -9999.0 -9999.0 -9999.0 -9999.0 -9999.0 -9999.0 -9999.0