inst/processing_geotop_simulation/geotop_simulation/out/maps3D/PwL0015N0060.asc
ncols         104
nrows         10
xllcorner     -2.000000
yllcorner     0.000000
cellsize      1.000000
NODATA_value  -9999.0
-9999.0 -9999.0 -9999.0 -9999.0 -9999.0 -9999.0 -9999.0 -9999.0 -9999.0 -9999.0 -9999.0 -9999.0 -9999.0 -9999.0 -9999.0 -9999.0 -9999.0 -9999.0 -9999.0 -9999.0 -9999.0 -9999.0 -9999.0 -9999.0 -9999.0 -9999.0 -9999.0 -9999.0 -9999.0 -9999.0 -9999.0 -9999.0 -9999.0 -9999.0 -9999.0 -9999.0 -9999.0 -9999.0 -9999.0 -9999.0 -9999.0 -9999.0 -9999.0 -9999.0 -9999.0 -9999.0 -9999.0 -9999.0 -9999.0 -9999.0 -9999.0 -9999.0 -9999.0 -9999.0 -9999.0 -9999.0 -9999.0 -9999.0 -9999.0 -9999.0 -9999.0 -9999.0 -9999.0 -9999.0 -9999.0 -9999.0 -9999.0 -9999.0 -9999.0 -9999.0 -9999.0 -9999.0 -9999.0 -9999.0 -9999.0 -9999.0 -9999.0 -9999.0 -9999.0 -9999.0 -9999.0 -9999.0 -9999.0 -9999.0 -9999.0 -9999.0 -9999.0 -9999.0 -9999.0 -9999.0 -9999.0 -9999.0 -9999.0 -9999.0 -9999.0 -9999.0 -9999.0 -9999.0 -9999.0 -9999.0 -9999.0 -9999.0 -9999.0 -9999.0
-9999.0 -9999.0 -9999.0 -9999.0 -9999.0 -9999.0 -9999.0 -9999.0 -9999.0 -9999.0 -9999.0 -9999.0 -9999.0 -9999.0 -9999.0 -9999.0 -9999.0 -9999.0 -9999.0 -9999.0 -9999.0 -9999.0 -9999.0 -9999.0 -9999.0 -9999.0 -9999.0 -9999.0 -9999.0 -9999.0 -9999.0 -9999.0 -9999.0 -9999.0 -9999.0 -9999.0 -9999.0 -9999.0 -9999.0 -9999.0 -9999.0 -9999.0 -9999.0 -9999.0 -9999.0 -9999.0 -9999.0 -9999.0 -9999.0 -9999.0 -9999.0 -9999.0 -9999.0 -9999.0 -9999.0 -9999.0 -9999.0 -9999.0 -9999.0 -9999.0 -9999.0 -9999.0 -9999.0 -9999.0 -9999.0 -9999.0 -9999.0 -9999.0 -9999.0 -9999.0 -9999.0 -9999.0 -9999.0 -9999.0 -9999.0 -9999.0 -9999.0 -9999.0 -9999.0 -9999.0 -9999.0 -9999.0 -9999.0 -9999.0 -9999.0 -9999.0 -9999.0 -9999.0 -9999.0 -9999.0 -9999.0 -9999.0 -9999.0 -9999.0 -9999.0 -9999.0 -9999.0 -9999.0 -9999.0 -9999.0 -9999.0 -9999.0 -9999.0 -9999.0
-9999.0 -9999.0 6.333301 -93.146419 -193.335859 -296.733961 -407.062768 -526.923162 -651.265941 -758.735887 -816.409577 -827.275456 -819.026417 -802.374025 -786.058177 -774.623415 -764.931442 -782.576132 -824.230071 -864.789143 -905.684129 -912.028859 -890.589196 -878.502866 -873.350319 -872.819368 -875.040986 -878.618230 -882.592421 -886.378461 -889.672330 -892.362080 -894.455191 -896.021862 -897.156006 -897.953701 -898.515132 -898.970871 -899.406694 -899.915755 -905.782678 -990.206486 -2225.518619 -4230.252887 -4232.673239 -4232.673267 -4232.673267 -4232.673267 -4232.673267 -4232.673267 -4232.673267 -4232.673267 -4232.673267 -4232.673267 -4232.673267 -4232.673267 -4232.673267 -4232.673267 -4232.673267 -4232.673213 -4228.835646 -2123.810755 -968.556373 -904.783251 -900.493895 -899.934748 -899.820918 -899.800156 -899.799635 -899.802820 -899.806080 -899.808717 -899.810726 -899.812244 -899.813404 -899.814306 -899.815020 -899.815596 -899.816072 -899.816489 -899.816889 -899.817325 -899.817864 -899.818602 -899.819686 -899.821344 -899.823937 -899.828062 -899.834710 -899.845579 -899.863681 -899.894535 -899.948622 -900.046409 -900.228583 -900.576553 -901.253476 -902.591404 -905.310448 -911.189207 -925.150650 -959.896061 -9999.0 -9999.0
-9999.0 -9999.0 6.333302 -93.146419 -193.335859 -296.733961 -407.062767 -526.923162 -651.265941 -758.735888 -816.409577 -827.275456 -819.026417 -802.374025 -786.058177 -774.623415 -764.931442 -782.576132 -824.230071 -864.789143 -905.684129 -912.028859 -890.589196 -878.502866 -873.350319 -872.819368 -875.040986 -878.618230 -882.592421 -886.378461 -889.672330 -892.362080 -894.455191 -896.021862 -897.156006 -897.953701 -898.515132 -898.970871 -899.406693 -899.915755 -905.782678 -990.206486 -2225.518619 -4230.252887 -4232.673239 -4232.673267 -4232.673267 -4232.673267 -4232.673267 -4232.673267 -4232.673267 -4232.673267 -4232.673267 -4232.673267 -4232.673267 -4232.673267 -4232.673267 -4232.673267 -4232.673267 -4232.673213 -4228.835646 -2123.810755 -968.556373 -904.783251 -900.493895 -899.934748 -899.820918 -899.800156 -899.799635 -899.802820 -899.806080 -899.808717 -899.810726 -899.812244 -899.813404 -899.814306 -899.815020 -899.815596 -899.816072 -899.816489 -899.816889 -899.817325 -899.817864 -899.818602 -899.819686 -899.821344 -899.823937 -899.828062 -899.834710 -899.845579 -899.863681 -899.894535 -899.948622 -900.046409 -900.228583 -900.576553 -901.253476 -902.591404 -905.310448 -911.189207 -925.150650 -959.896061 -9999.0 -9999.0
-9999.0 -9999.0 6.333302 -93.146418 -193.335859 -296.733960 -407.062767 -526.923162 -651.265941 -758.735888 -816.409577 -827.275456 -819.026417 -802.374025 -786.058177 -774.623415 -764.931442 -782.576132 -824.230071 -864.789143 -905.684129 -912.028859 -890.589196 -878.502866 -873.350319 -872.819368 -875.040986 -878.618230 -882.592421 -886.378461 -889.672330 -892.362080 -894.455191 -896.021862 -897.156006 -897.953701 -898.515132 -898.970871 -899.406693 -899.915755 -905.782678 -990.206486 -2225.518619 -4230.252887 -4232.673239 -4232.673267 -4232.673267 -4232.673267 -4232.673267 -4232.673267 -4232.673267 -4232.673267 -4232.673267 -4232.673267 -4232.673267 -4232.673267 -4232.673267 -4232.673267 -4232.673267 -4232.673213 -4228.835646 -2123.810755 -968.556373 -904.783251 -900.493895 -899.934748 -899.820918 -899.800156 -899.799635 -899.802820 -899.806080 -899.808717 -899.810726 -899.812244 -899.813404 -899.814306 -899.815020 -899.815596 -899.816072 -899.816489 -899.816889 -899.817325 -899.817864 -899.818602 -899.819686 -899.821344 -899.823937 -899.828062 -899.834710 -899.845579 -899.863681 -899.894535 -899.948622 -900.046409 -900.228583 -900.576553 -901.253476 -902.591404 -905.310448 -911.189207 -925.150650 -959.896061 -9999.0 -9999.0
-9999.0 -9999.0 6.333302 -93.146418 -193.335858 -296.733961 -407.062767 -526.923162 -651.265941 -758.735888 -816.409577 -827.275456 -819.026417 -802.374025 -786.058177 -774.623415 -764.931442 -782.576132 -824.230071 -864.789143 -905.684129 -912.028859 -890.589196 -878.502866 -873.350319 -872.819368 -875.040986 -878.618230 -882.592421 -886.378461 -889.672330 -892.362080 -894.455191 -896.021862 -897.156006 -897.953701 -898.515132 -898.970871 -899.406693 -899.915755 -905.782678 -990.206486 -2225.518619 -4230.252887 -4232.673239 -4232.673267 -4232.673267 -4232.673267 -4232.673267 -4232.673267 -4232.673267 -4232.673267 -4232.673267 -4232.673267 -4232.673267 -4232.673267 -4232.673267 -4232.673267 -4232.673267 -4232.673213 -4228.835646 -2123.810755 -968.556373 -904.783251 -900.493895 -899.934748 -899.820918 -899.800156 -899.799635 -899.802820 -899.806080 -899.808717 -899.810726 -899.812244 -899.813404 -899.814306 -899.815020 -899.815596 -899.816072 -899.816489 -899.816889 -899.817325 -899.817864 -899.818602 -899.819686 -899.821344 -899.823937 -899.828062 -899.834710 -899.845579 -899.863681 -899.894535 -899.948622 -900.046409 -900.228583 -900.576553 -901.253476 -902.591404 -905.310448 -911.189207 -925.150650 -959.896061 -9999.0 -9999.0
-9999.0 -9999.0 6.333302 -93.146418 -193.335859 -296.733961 -407.062767 -526.923162 -651.265941 -758.735888 -816.409577 -827.275456 -819.026417 -802.374025 -786.058177 -774.623415 -764.931442 -782.576132 -824.230071 -864.789143 -905.684129 -912.028859 -890.589196 -878.502866 -873.350319 -872.819368 -875.040986 -878.618230 -882.592421 -886.378461 -889.672330 -892.362080 -894.455191 -896.021862 -897.156006 -897.953701 -898.515132 -898.970871 -899.406693 -899.915755 -905.782678 -990.206486 -2225.518619 -4230.252887 -4232.673239 -4232.673267 -4232.673267 -4232.673267 -4232.673267 -4232.673267 -4232.673267 -4232.673267 -4232.673267 -4232.673267 -4232.673267 -4232.673267 -4232.673267 -4232.673267 -4232.673267 -4232.673213 -4228.835646 -2123.810755 -968.556374 -904.783251 -900.493895 -899.934748 -899.820918 -899.800156 -899.799635 -899.802820 -899.806080 -899.808717 -899.810726 -899.812244 -899.813404 -899.814306 -899.815020 -899.815596 -899.816072 -899.816489 -899.816889 -899.817325 -899.817864 -899.818602 -899.819686 -899.821344 -899.823937 -899.828062 -899.834710 -899.845579 -899.863681 -899.894535 -899.948622 -900.046409 -900.228583 -900.576553 -901.253476 -902.591404 -905.310448 -911.189207 -925.150650 -959.896061 -9999.0 -9999.0
-9999.0 -9999.0 6.333302 -93.146419 -193.335859 -296.733961 -407.062767 -526.923162 -651.265941 -758.735888 -816.409577 -827.275457 -819.026417 -802.374025 -786.058177 -774.623415 -764.931442 -782.576132 -824.230071 -864.789143 -905.684129 -912.028859 -890.589196 -878.502866 -873.350319 -872.819368 -875.040986 -878.618230 -882.592421 -886.378461 -889.672330 -892.362080 -894.455191 -896.021862 -897.156006 -897.953701 -898.515132 -898.970871 -899.406694 -899.915755 -905.782678 -990.206486 -2225.518619 -4230.252887 -4232.673239 -4232.673267 -4232.673267 -4232.673267 -4232.673267 -4232.673267 -4232.673267 -4232.673267 -4232.673267 -4232.673267 -4232.673267 -4232.673267 -4232.673267 -4232.673267 -4232.673267 -4232.673213 -4228.835646 -2123.810755 -968.556374 -904.783251 -900.493895 -899.934748 -899.820918 -899.800156 -899.799635 -899.802820 -899.806080 -899.808717 -899.810726 -899.812244 -899.813404 -899.814306 -899.815020 -899.815596 -899.816072 -899.816489 -899.816889 -899.817325 -899.817864 -899.818602 -899.819686 -899.821344 -899.823937 -899.828062 -899.834710 -899.845579 -899.863681 -899.894535 -899.948622 -900.046409 -900.228583 -900.576553 -901.253476 -902.591404 -905.310448 -911.189207 -925.150650 -959.896061 -9999.0 -9999.0
-9999.0 -9999.0 -9999.0 -9999.0 -9999.0 -9999.0 -9999.0 -9999.0 -9999.0 -9999.0 -9999.0 -9999.0 -9999.0 -9999.0 -9999.0 -9999.0 -9999.0 -9999.0 -9999.0 -9999.0 -9999.0 -9999.0 -9999.0 -9999.0 -9999.0 -9999.0 -9999.0 -9999.0 -9999.0 -9999.0 -9999.0 -9999.0 -9999.0 -9999.0 -9999.0 -9999.0 -9999.0 -9999.0 -9999.0 -9999.0 -9999.0 -9999.0 -9999.0 -9999.0 -9999.0 -9999.0 -9999.0 -9999.0 -9999.0 -9999.0 -9999.0 -9999.0 -9999.0 -9999.0 -9999.0 -9999.0 -9999.0 -9999.0 -9999.0 -9999.0 -9999.0 -9999.0 -9999.0 -9999.0 -9999.0 -9999.0 -9999.0 -9999.0 -9999.0 -9999.0 -9999.0 -9999.0 -9999.0 -9999.0 -9999.0 -9999.0 -9999.0 -9999.0 -9999.0 -9999.0 -9999.0 -9999.0 -9999.0 -9999.0 -9999.0 -9999.0 -9999.0 -9999.0 -9999.0 -9999.0 -9999.0 -9999.0 -9999.0 -9999.0 -9999.0 -9999.0 -9999.0 -9999.0 -9999.0 -9999.0 -9999.0 -9999.0 -9999.0 -9999.0
-9999.0 -9999.0 -9999.0 -9999.0 -9999.0 -9999.0 -9999.0 -9999.0 -9999.0 -9999.0 -9999.0 -9999.0 -9999.0 -9999.0 -9999.0 -9999.0 -9999.0 -9999.0 -9999.0 -9999.0 -9999.0 -9999.0 -9999.0 -9999.0 -9999.0 -9999.0 -9999.0 -9999.0 -9999.0 -9999.0 -9999.0 -9999.0 -9999.0 -9999.0 -9999.0 -9999.0 -9999.0 -9999.0 -9999.0 -9999.0 -9999.0 -9999.0 -9999.0 -9999.0 -9999.0 -9999.0 -9999.0 -9999.0 -9999.0 -9999.0 -9999.0 -9999.0 -9999.0 -9999.0 -9999.0 -9999.0 -9999.0 -9999.0 -9999.0 -9999.0 -9999.0 -9999.0 -9999.0 -9999.0 -9999.0 -9999.0 -9999.0 -9999.0 -9999.0 -9999.0 -9999.0 -9999.0 -9999.0 -9999.0 -9999.0 -9999.0 -9999.0 -9999.0 -9999.0 -9999.0 -9999.0 -9999.0 -9999.0 -9999.0 -9999.0 -9999.0 -9999.0 -9999.0 -9999.0 -9999.0 -9999.0 -9999.0 -9999.0 -9999.0 -9999.0 -9999.0 -9999.0 -9999.0 -9999.0 -9999.0 -9999.0 -9999.0 -9999.0 -9999.0