inst/processing_geotop_simulation/geotop_simulation/out/maps3D/PwL0017N0139.asc
ncols         104
nrows         10
xllcorner     -2.000000
yllcorner     0.000000
cellsize      1.000000
NODATA_value  -9999.0
-9999.0 -9999.0 -9999.0 -9999.0 -9999.0 -9999.0 -9999.0 -9999.0 -9999.0 -9999.0 -9999.0 -9999.0 -9999.0 -9999.0 -9999.0 -9999.0 -9999.0 -9999.0 -9999.0 -9999.0 -9999.0 -9999.0 -9999.0 -9999.0 -9999.0 -9999.0 -9999.0 -9999.0 -9999.0 -9999.0 -9999.0 -9999.0 -9999.0 -9999.0 -9999.0 -9999.0 -9999.0 -9999.0 -9999.0 -9999.0 -9999.0 -9999.0 -9999.0 -9999.0 -9999.0 -9999.0 -9999.0 -9999.0 -9999.0 -9999.0 -9999.0 -9999.0 -9999.0 -9999.0 -9999.0 -9999.0 -9999.0 -9999.0 -9999.0 -9999.0 -9999.0 -9999.0 -9999.0 -9999.0 -9999.0 -9999.0 -9999.0 -9999.0 -9999.0 -9999.0 -9999.0 -9999.0 -9999.0 -9999.0 -9999.0 -9999.0 -9999.0 -9999.0 -9999.0 -9999.0 -9999.0 -9999.0 -9999.0 -9999.0 -9999.0 -9999.0 -9999.0 -9999.0 -9999.0 -9999.0 -9999.0 -9999.0 -9999.0 -9999.0 -9999.0 -9999.0 -9999.0 -9999.0 -9999.0 -9999.0 -9999.0 -9999.0 -9999.0 -9999.0
-9999.0 -9999.0 -9999.0 -9999.0 -9999.0 -9999.0 -9999.0 -9999.0 -9999.0 -9999.0 -9999.0 -9999.0 -9999.0 -9999.0 -9999.0 -9999.0 -9999.0 -9999.0 -9999.0 -9999.0 -9999.0 -9999.0 -9999.0 -9999.0 -9999.0 -9999.0 -9999.0 -9999.0 -9999.0 -9999.0 -9999.0 -9999.0 -9999.0 -9999.0 -9999.0 -9999.0 -9999.0 -9999.0 -9999.0 -9999.0 -9999.0 -9999.0 -9999.0 -9999.0 -9999.0 -9999.0 -9999.0 -9999.0 -9999.0 -9999.0 -9999.0 -9999.0 -9999.0 -9999.0 -9999.0 -9999.0 -9999.0 -9999.0 -9999.0 -9999.0 -9999.0 -9999.0 -9999.0 -9999.0 -9999.0 -9999.0 -9999.0 -9999.0 -9999.0 -9999.0 -9999.0 -9999.0 -9999.0 -9999.0 -9999.0 -9999.0 -9999.0 -9999.0 -9999.0 -9999.0 -9999.0 -9999.0 -9999.0 -9999.0 -9999.0 -9999.0 -9999.0 -9999.0 -9999.0 -9999.0 -9999.0 -9999.0 -9999.0 -9999.0 -9999.0 -9999.0 -9999.0 -9999.0 -9999.0 -9999.0 -9999.0 -9999.0 -9999.0 -9999.0
-9999.0 -9999.0 836.983402 744.223847 650.465040 555.725355 460.484132 365.019596 269.478413 173.938825 78.443557 -16.973619 -112.288492 -207.475149 -302.465210 -397.161063 -491.432754 -584.984237 -677.507229 -769.041131 -858.948652 -946.855002 -1025.745280 -1087.048771 -1134.150784 -1168.276196 -1191.822531 -1207.450962 -1217.509882 -1223.824809 -1227.711624 -1230.068080 -1231.481894 -1232.325585 -1232.829085 -1233.133809 -1233.333615 -1233.518966 -1233.937248 -1236.077447 -1248.819942 -1335.752476 -2042.036203 -4117.940187 -4133.662728 -4133.663366 -4133.663366 -4133.663366 -4133.663366 -4133.663364 -4133.663359 -4133.663340 -4133.663306 -4133.663258 -4133.663173 -4133.662994 -4133.662563 -4133.661409 -4133.658031 -4133.646131 -4107.562278 -1914.955022 -1301.982670 -1243.258423 -1235.075258 -1233.961593 -1233.808879 -1233.786264 -1233.783605 -1233.784350 -1233.785512 -1233.786520 -1233.787305 -1233.787903 -1233.788361 -1233.788717 -1233.788999 -1233.789228 -1233.789418 -1233.789587 -1233.789751 -1233.789933 -1233.790161 -1233.790477 -1233.790942 -1233.791656 -1233.792777 -1233.794570 -1233.797479 -1233.802282 -1233.810377 -1233.824380 -1233.849320 -1233.895100 -1233.981537 -1234.148919 -1234.481769 -1235.169050 -1236.672913 -1240.212071 -1249.161546 -1274.303056 -9999.0 -9999.0
-9999.0 -9999.0 836.987568 744.225335 650.465510 555.725505 460.484182 365.019613 269.478419 173.938827 78.443558 -16.973619 -112.288492 -207.475149 -302.465210 -397.161063 -491.432754 -584.984237 -677.507230 -769.041132 -858.948652 -946.855002 -1025.745280 -1087.048771 -1134.150784 -1168.276196 -1191.822531 -1207.450962 -1217.509882 -1223.824809 -1227.711624 -1230.068080 -1231.481894 -1232.325585 -1232.829085 -1233.133809 -1233.333615 -1233.518966 -1233.937248 -1236.077447 -1248.819942 -1335.752476 -2042.036203 -4117.940187 -4133.662728 -4133.663366 -4133.663366 -4133.663366 -4133.663366 -4133.663364 -4133.663359 -4133.663340 -4133.663306 -4133.663258 -4133.663173 -4133.662994 -4133.662563 -4133.661409 -4133.658031 -4133.646131 -4107.562278 -1914.955022 -1301.982670 -1243.258423 -1235.075258 -1233.961593 -1233.808879 -1233.786264 -1233.783605 -1233.784350 -1233.785512 -1233.786520 -1233.787305 -1233.787903 -1233.788361 -1233.788717 -1233.788999 -1233.789228 -1233.789418 -1233.789587 -1233.789751 -1233.789933 -1233.790161 -1233.790477 -1233.790942 -1233.791656 -1233.792777 -1233.794570 -1233.797479 -1233.802282 -1233.810377 -1233.824380 -1233.849320 -1233.895100 -1233.981537 -1234.148919 -1234.481769 -1235.169050 -1236.672913 -1240.212071 -1249.161546 -1274.303056 -9999.0 -9999.0
-9999.0 -9999.0 836.989006 744.226098 650.465828 555.725626 460.484226 365.019629 269.478425 173.938829 78.443559 -16.973618 -112.288492 -207.475149 -302.465210 -397.161063 -491.432754 -584.984238 -677.507230 -769.041132 -858.948653 -946.855002 -1025.745280 -1087.048771 -1134.150784 -1168.276196 -1191.822531 -1207.450962 -1217.509882 -1223.824809 -1227.711624 -1230.068080 -1231.481894 -1232.325585 -1232.829085 -1233.133809 -1233.333615 -1233.518966 -1233.937248 -1236.077447 -1248.819942 -1335.752476 -2042.036203 -4117.940187 -4133.662728 -4133.663366 -4133.663366 -4133.663366 -4133.663366 -4133.663364 -4133.663359 -4133.663340 -4133.663306 -4133.663258 -4133.663173 -4133.662994 -4133.662563 -4133.661409 -4133.658031 -4133.646131 -4107.562278 -1914.955022 -1301.982670 -1243.258423 -1235.075258 -1233.961593 -1233.808879 -1233.786264 -1233.783605 -1233.784350 -1233.785512 -1233.786520 -1233.787305 -1233.787903 -1233.788361 -1233.788717 -1233.788999 -1233.789228 -1233.789418 -1233.789587 -1233.789751 -1233.789933 -1233.790161 -1233.790477 -1233.790942 -1233.791656 -1233.792777 -1233.794570 -1233.797479 -1233.802282 -1233.810377 -1233.824380 -1233.849320 -1233.895100 -1233.981537 -1234.148919 -1234.481769 -1235.169050 -1236.672913 -1240.212071 -1249.161546 -1274.303056 -9999.0 -9999.0
-9999.0 -9999.0 836.989006 744.226098 650.465828 555.725625 460.484226 365.019628 269.478425 173.938829 78.443559 -16.973618 -112.288492 -207.475149 -302.465210 -397.161063 -491.432754 -584.984238 -677.507230 -769.041132 -858.948653 -946.855002 -1025.745280 -1087.048771 -1134.150784 -1168.276196 -1191.822531 -1207.450962 -1217.509882 -1223.824809 -1227.711624 -1230.068080 -1231.481894 -1232.325585 -1232.829085 -1233.133809 -1233.333615 -1233.518966 -1233.937248 -1236.077447 -1248.819942 -1335.752476 -2042.036203 -4117.940187 -4133.662728 -4133.663366 -4133.663366 -4133.663366 -4133.663366 -4133.663364 -4133.663359 -4133.663340 -4133.663306 -4133.663258 -4133.663173 -4133.662994 -4133.662563 -4133.661409 -4133.658031 -4133.646131 -4107.562278 -1914.955022 -1301.982670 -1243.258423 -1235.075258 -1233.961593 -1233.808879 -1233.786264 -1233.783605 -1233.784350 -1233.785512 -1233.786520 -1233.787305 -1233.787903 -1233.788361 -1233.788717 -1233.788999 -1233.789228 -1233.789418 -1233.789587 -1233.789751 -1233.789933 -1233.790161 -1233.790477 -1233.790942 -1233.791656 -1233.792777 -1233.794570 -1233.797479 -1233.802282 -1233.810377 -1233.824380 -1233.849320 -1233.895100 -1233.981537 -1234.148919 -1234.481769 -1235.169050 -1236.672913 -1240.212071 -1249.161546 -1274.303056 -9999.0 -9999.0
-9999.0 -9999.0 836.987567 744.225335 650.465510 555.725505 460.484182 365.019613 269.478419 173.938827 78.443558 -16.973619 -112.288492 -207.475149 -302.465210 -397.161063 -491.432754 -584.984237 -677.507230 -769.041132 -858.948652 -946.855002 -1025.745280 -1087.048771 -1134.150784 -1168.276196 -1191.822531 -1207.450962 -1217.509882 -1223.824809 -1227.711624 -1230.068080 -1231.481894 -1232.325585 -1232.829085 -1233.133809 -1233.333615 -1233.518966 -1233.937248 -1236.077447 -1248.819942 -1335.752476 -2042.036203 -4117.940187 -4133.662728 -4133.663366 -4133.663366 -4133.663366 -4133.663366 -4133.663364 -4133.663359 -4133.663340 -4133.663306 -4133.663258 -4133.663173 -4133.662994 -4133.662563 -4133.661409 -4133.658031 -4133.646131 -4107.562278 -1914.955022 -1301.982670 -1243.258423 -1235.075258 -1233.961593 -1233.808879 -1233.786264 -1233.783605 -1233.784350 -1233.785512 -1233.786520 -1233.787305 -1233.787903 -1233.788361 -1233.788717 -1233.788999 -1233.789228 -1233.789418 -1233.789587 -1233.789751 -1233.789933 -1233.790161 -1233.790477 -1233.790942 -1233.791656 -1233.792777 -1233.794570 -1233.797479 -1233.802282 -1233.810377 -1233.824380 -1233.849320 -1233.895100 -1233.981537 -1234.148919 -1234.481769 -1235.169050 -1236.672913 -1240.212071 -1249.161546 -1274.303056 -9999.0 -9999.0
-9999.0 -9999.0 836.983402 744.223847 650.465040 555.725355 460.484132 365.019596 269.478414 173.938825 78.443557 -16.973619 -112.288492 -207.475149 -302.465210 -397.161063 -491.432754 -584.984237 -677.507229 -769.041131 -858.948652 -946.855002 -1025.745280 -1087.048771 -1134.150784 -1168.276196 -1191.822531 -1207.450962 -1217.509882 -1223.824809 -1227.711624 -1230.068080 -1231.481894 -1232.325585 -1232.829085 -1233.133809 -1233.333615 -1233.518966 -1233.937248 -1236.077447 -1248.819942 -1335.752476 -2042.036203 -4117.940187 -4133.662728 -4133.663366 -4133.663366 -4133.663366 -4133.663366 -4133.663364 -4133.663359 -4133.663340 -4133.663306 -4133.663258 -4133.663173 -4133.662994 -4133.662563 -4133.661409 -4133.658031 -4133.646131 -4107.562278 -1914.955022 -1301.982670 -1243.258423 -1235.075258 -1233.961593 -1233.808879 -1233.786264 -1233.783605 -1233.784350 -1233.785512 -1233.786520 -1233.787305 -1233.787903 -1233.788361 -1233.788717 -1233.788999 -1233.789228 -1233.789418 -1233.789587 -1233.789751 -1233.789933 -1233.790161 -1233.790477 -1233.790942 -1233.791656 -1233.792777 -1233.794570 -1233.797479 -1233.802282 -1233.810377 -1233.824380 -1233.849320 -1233.895100 -1233.981537 -1234.148919 -1234.481769 -1235.169050 -1236.672913 -1240.212071 -1249.161546 -1274.303056 -9999.0 -9999.0
-9999.0 -9999.0 -9999.0 -9999.0 -9999.0 -9999.0 -9999.0 -9999.0 -9999.0 -9999.0 -9999.0 -9999.0 -9999.0 -9999.0 -9999.0 -9999.0 -9999.0 -9999.0 -9999.0 -9999.0 -9999.0 -9999.0 -9999.0 -9999.0 -9999.0 -9999.0 -9999.0 -9999.0 -9999.0 -9999.0 -9999.0 -9999.0 -9999.0 -9999.0 -9999.0 -9999.0 -9999.0 -9999.0 -9999.0 -9999.0 -9999.0 -9999.0 -9999.0 -9999.0 -9999.0 -9999.0 -9999.0 -9999.0 -9999.0 -9999.0 -9999.0 -9999.0 -9999.0 -9999.0 -9999.0 -9999.0 -9999.0 -9999.0 -9999.0 -9999.0 -9999.0 -9999.0 -9999.0 -9999.0 -9999.0 -9999.0 -9999.0 -9999.0 -9999.0 -9999.0 -9999.0 -9999.0 -9999.0 -9999.0 -9999.0 -9999.0 -9999.0 -9999.0 -9999.0 -9999.0 -9999.0 -9999.0 -9999.0 -9999.0 -9999.0 -9999.0 -9999.0 -9999.0 -9999.0 -9999.0 -9999.0 -9999.0 -9999.0 -9999.0 -9999.0 -9999.0 -9999.0 -9999.0 -9999.0 -9999.0 -9999.0 -9999.0 -9999.0 -9999.0
-9999.0 -9999.0 -9999.0 -9999.0 -9999.0 -9999.0 -9999.0 -9999.0 -9999.0 -9999.0 -9999.0 -9999.0 -9999.0 -9999.0 -9999.0 -9999.0 -9999.0 -9999.0 -9999.0 -9999.0 -9999.0 -9999.0 -9999.0 -9999.0 -9999.0 -9999.0 -9999.0 -9999.0 -9999.0 -9999.0 -9999.0 -9999.0 -9999.0 -9999.0 -9999.0 -9999.0 -9999.0 -9999.0 -9999.0 -9999.0 -9999.0 -9999.0 -9999.0 -9999.0 -9999.0 -9999.0 -9999.0 -9999.0 -9999.0 -9999.0 -9999.0 -9999.0 -9999.0 -9999.0 -9999.0 -9999.0 -9999.0 -9999.0 -9999.0 -9999.0 -9999.0 -9999.0 -9999.0 -9999.0 -9999.0 -9999.0 -9999.0 -9999.0 -9999.0 -9999.0 -9999.0 -9999.0 -9999.0 -9999.0 -9999.0 -9999.0 -9999.0 -9999.0 -9999.0 -9999.0 -9999.0 -9999.0 -9999.0 -9999.0 -9999.0 -9999.0 -9999.0 -9999.0 -9999.0 -9999.0 -9999.0 -9999.0 -9999.0 -9999.0 -9999.0 -9999.0 -9999.0 -9999.0 -9999.0 -9999.0 -9999.0 -9999.0 -9999.0 -9999.0