inst/processing_geotop_simulation/geotop_simulation/out/maps3D/PwL0005N0192.asc
ncols         104
nrows         10
xllcorner     -2.000000
yllcorner     0.000000
cellsize      1.000000
NODATA_value  -9999.0
-9999.0 -9999.0 -9999.0 -9999.0 -9999.0 -9999.0 -9999.0 -9999.0 -9999.0 -9999.0 -9999.0 -9999.0 -9999.0 -9999.0 -9999.0 -9999.0 -9999.0 -9999.0 -9999.0 -9999.0 -9999.0 -9999.0 -9999.0 -9999.0 -9999.0 -9999.0 -9999.0 -9999.0 -9999.0 -9999.0 -9999.0 -9999.0 -9999.0 -9999.0 -9999.0 -9999.0 -9999.0 -9999.0 -9999.0 -9999.0 -9999.0 -9999.0 -9999.0 -9999.0 -9999.0 -9999.0 -9999.0 -9999.0 -9999.0 -9999.0 -9999.0 -9999.0 -9999.0 -9999.0 -9999.0 -9999.0 -9999.0 -9999.0 -9999.0 -9999.0 -9999.0 -9999.0 -9999.0 -9999.0 -9999.0 -9999.0 -9999.0 -9999.0 -9999.0 -9999.0 -9999.0 -9999.0 -9999.0 -9999.0 -9999.0 -9999.0 -9999.0 -9999.0 -9999.0 -9999.0 -9999.0 -9999.0 -9999.0 -9999.0 -9999.0 -9999.0 -9999.0 -9999.0 -9999.0 -9999.0 -9999.0 -9999.0 -9999.0 -9999.0 -9999.0 -9999.0 -9999.0 -9999.0 -9999.0 -9999.0 -9999.0 -9999.0 -9999.0 -9999.0
-9999.0 -9999.0 -9999.0 -9999.0 -9999.0 -9999.0 -9999.0 -9999.0 -9999.0 -9999.0 -9999.0 -9999.0 -9999.0 -9999.0 -9999.0 -9999.0 -9999.0 -9999.0 -9999.0 -9999.0 -9999.0 -9999.0 -9999.0 -9999.0 -9999.0 -9999.0 -9999.0 -9999.0 -9999.0 -9999.0 -9999.0 -9999.0 -9999.0 -9999.0 -9999.0 -9999.0 -9999.0 -9999.0 -9999.0 -9999.0 -9999.0 -9999.0 -9999.0 -9999.0 -9999.0 -9999.0 -9999.0 -9999.0 -9999.0 -9999.0 -9999.0 -9999.0 -9999.0 -9999.0 -9999.0 -9999.0 -9999.0 -9999.0 -9999.0 -9999.0 -9999.0 -9999.0 -9999.0 -9999.0 -9999.0 -9999.0 -9999.0 -9999.0 -9999.0 -9999.0 -9999.0 -9999.0 -9999.0 -9999.0 -9999.0 -9999.0 -9999.0 -9999.0 -9999.0 -9999.0 -9999.0 -9999.0 -9999.0 -9999.0 -9999.0 -9999.0 -9999.0 -9999.0 -9999.0 -9999.0 -9999.0 -9999.0 -9999.0 -9999.0 -9999.0 -9999.0 -9999.0 -9999.0 -9999.0 -9999.0 -9999.0 -9999.0 -9999.0 -9999.0
-9999.0 -9999.0 230.069748 137.961748 42.363266 -54.314345 -151.410503 -248.668407 -345.937194 -443.108309 -540.013349 -636.222998 -731.511857 -826.223908 -920.601971 -1015.222943 -1108.908421 -1200.398509 -1290.141129 -1374.397464 -1446.409008 -1502.800290 -1543.992560 -1572.689186 -1592.149812 -1605.202094 -1613.943736 -1619.807134 -1623.738699 -1626.365152 -1628.109194 -1629.259444 -1630.013327 -1630.504865 -1630.824182 -1631.033114 -1631.180900 -1631.332946 -1631.715070 -1633.544414 -1641.501638 -1646.948584 -1073.677968 -1088.614900 -1071.484079 -1060.697829 -1055.666878 -1054.955849 -1054.882669 -1054.891925 -1054.913308 -1054.936176 -1054.958137 -1054.978462 -1054.997253 -1055.018424 -1055.079985 -1055.496624 -1058.142961 -1064.109267 -1073.140519 -1046.426093 -1623.589040 -1636.428522 -1632.562749 -1631.670614 -1631.526489 -1631.504291 -1631.501515 -1631.502018 -1631.502948 -1631.503767 -1631.504408 -1631.504895 -1631.505267 -1631.505555 -1631.505783 -1631.505967 -1631.506121 -1631.506257 -1631.506390 -1631.506538 -1631.506724 -1631.506982 -1631.507364 -1631.507952 -1631.508877 -1631.510357 -1631.512761 -1631.516732 -1631.523436 -1631.535045 -1631.555748 -1631.593780 -1631.665589 -1631.804441 -1632.079304 -1632.640792 -1633.845360 -1636.619490 -1643.709405 -1665.641493 -9999.0 -9999.0
-9999.0 -9999.0 230.079579 137.963894 42.363820 -54.314183 -151.410452 -248.668390 -345.937188 -443.108307 -540.013348 -636.222997 -731.511857 -826.223907 -920.601971 -1015.222944 -1108.908421 -1200.398509 -1290.141130 -1374.397464 -1446.409008 -1502.800290 -1543.992560 -1572.689186 -1592.149812 -1605.202094 -1613.943736 -1619.807134 -1623.738699 -1626.365152 -1628.109194 -1629.259444 -1630.013327 -1630.504865 -1630.824182 -1631.033114 -1631.180900 -1631.332946 -1631.715070 -1633.544414 -1641.501638 -1646.948584 -1073.677968 -1088.614900 -1071.484079 -1060.697828 -1055.666878 -1054.955849 -1054.882669 -1054.891925 -1054.913308 -1054.936176 -1054.958137 -1054.978462 -1054.997253 -1055.018424 -1055.079985 -1055.496624 -1058.142961 -1064.109267 -1073.140519 -1046.426093 -1623.589040 -1636.428522 -1632.562749 -1631.670614 -1631.526489 -1631.504291 -1631.501515 -1631.502018 -1631.502948 -1631.503767 -1631.504408 -1631.504895 -1631.505267 -1631.505555 -1631.505783 -1631.505967 -1631.506121 -1631.506257 -1631.506390 -1631.506538 -1631.506724 -1631.506982 -1631.507364 -1631.507952 -1631.508877 -1631.510357 -1631.512761 -1631.516732 -1631.523436 -1631.535045 -1631.555748 -1631.593780 -1631.665589 -1631.804441 -1632.079304 -1632.640792 -1633.845360 -1636.619490 -1643.709405 -1665.641493 -9999.0 -9999.0
-9999.0 -9999.0 230.081124 137.964775 42.364170 -54.314056 -151.410407 -248.668374 -345.937182 -443.108305 -540.013347 -636.222997 -731.511857 -826.223907 -920.601971 -1015.222944 -1108.908421 -1200.398509 -1290.141130 -1374.397464 -1446.409008 -1502.800290 -1543.992560 -1572.689186 -1592.149812 -1605.202094 -1613.943736 -1619.807134 -1623.738699 -1626.365152 -1628.109194 -1629.259444 -1630.013327 -1630.504865 -1630.824182 -1631.033114 -1631.180900 -1631.332946 -1631.715070 -1633.544414 -1641.501638 -1646.948584 -1073.677968 -1088.614900 -1071.484079 -1060.697828 -1055.666878 -1054.955849 -1054.882669 -1054.891925 -1054.913308 -1054.936176 -1054.958137 -1054.978462 -1054.997253 -1055.018424 -1055.079985 -1055.496624 -1058.142961 -1064.109267 -1073.140519 -1046.426093 -1623.589040 -1636.428522 -1632.562749 -1631.670614 -1631.526489 -1631.504291 -1631.501515 -1631.502018 -1631.502948 -1631.503767 -1631.504408 -1631.504895 -1631.505267 -1631.505555 -1631.505783 -1631.505967 -1631.506121 -1631.506257 -1631.506390 -1631.506538 -1631.506724 -1631.506982 -1631.507364 -1631.507952 -1631.508877 -1631.510357 -1631.512761 -1631.516732 -1631.523436 -1631.535045 -1631.555748 -1631.593780 -1631.665589 -1631.804441 -1632.079304 -1632.640792 -1633.845360 -1636.619490 -1643.709405 -1665.641493 -9999.0 -9999.0
-9999.0 -9999.0 230.081124 137.964775 42.364170 -54.314056 -151.410407 -248.668374 -345.937182 -443.108305 -540.013347 -636.222997 -731.511857 -826.223907 -920.601971 -1015.222944 -1108.908421 -1200.398509 -1290.141130 -1374.397464 -1446.409008 -1502.800290 -1543.992560 -1572.689186 -1592.149812 -1605.202094 -1613.943736 -1619.807134 -1623.738699 -1626.365152 -1628.109194 -1629.259444 -1630.013327 -1630.504865 -1630.824182 -1631.033114 -1631.180900 -1631.332946 -1631.715070 -1633.544414 -1641.501638 -1646.948584 -1073.677968 -1088.614900 -1071.484079 -1060.697828 -1055.666878 -1054.955849 -1054.882669 -1054.891925 -1054.913308 -1054.936176 -1054.958137 -1054.978462 -1054.997253 -1055.018424 -1055.079985 -1055.496624 -1058.142961 -1064.109267 -1073.140519 -1046.426093 -1623.589040 -1636.428522 -1632.562749 -1631.670614 -1631.526489 -1631.504291 -1631.501515 -1631.502018 -1631.502948 -1631.503767 -1631.504408 -1631.504895 -1631.505267 -1631.505555 -1631.505783 -1631.505967 -1631.506121 -1631.506257 -1631.506390 -1631.506538 -1631.506724 -1631.506982 -1631.507364 -1631.507952 -1631.508877 -1631.510357 -1631.512761 -1631.516732 -1631.523436 -1631.535045 -1631.555748 -1631.593780 -1631.665589 -1631.804441 -1632.079304 -1632.640792 -1633.845360 -1636.619490 -1643.709405 -1665.641493 -9999.0 -9999.0
-9999.0 -9999.0 230.079579 137.963894 42.363820 -54.314183 -151.410452 -248.668390 -345.937188 -443.108307 -540.013348 -636.222997 -731.511857 -826.223908 -920.601971 -1015.222944 -1108.908421 -1200.398509 -1290.141130 -1374.397464 -1446.409008 -1502.800290 -1543.992560 -1572.689186 -1592.149812 -1605.202094 -1613.943736 -1619.807134 -1623.738699 -1626.365152 -1628.109194 -1629.259444 -1630.013327 -1630.504865 -1630.824182 -1631.033114 -1631.180900 -1631.332946 -1631.715070 -1633.544414 -1641.501638 -1646.948584 -1073.677968 -1088.614900 -1071.484079 -1060.697828 -1055.666878 -1054.955849 -1054.882669 -1054.891925 -1054.913308 -1054.936176 -1054.958137 -1054.978462 -1054.997253 -1055.018424 -1055.079985 -1055.496624 -1058.142961 -1064.109267 -1073.140519 -1046.426093 -1623.589040 -1636.428522 -1632.562749 -1631.670614 -1631.526489 -1631.504291 -1631.501515 -1631.502018 -1631.502948 -1631.503767 -1631.504408 -1631.504895 -1631.505267 -1631.505555 -1631.505783 -1631.505967 -1631.506121 -1631.506257 -1631.506390 -1631.506538 -1631.506724 -1631.506982 -1631.507364 -1631.507952 -1631.508877 -1631.510357 -1631.512761 -1631.516732 -1631.523436 -1631.535045 -1631.555748 -1631.593780 -1631.665589 -1631.804441 -1632.079304 -1632.640792 -1633.845360 -1636.619490 -1643.709405 -1665.641493 -9999.0 -9999.0
-9999.0 -9999.0 230.069748 137.961748 42.363266 -54.314345 -151.410504 -248.668407 -345.937194 -443.108309 -540.013349 -636.222998 -731.511857 -826.223907 -920.601971 -1015.222943 -1108.908421 -1200.398509 -1290.141129 -1374.397464 -1446.409008 -1502.800290 -1543.992560 -1572.689186 -1592.149812 -1605.202094 -1613.943736 -1619.807134 -1623.738699 -1626.365152 -1628.109194 -1629.259444 -1630.013327 -1630.504865 -1630.824182 -1631.033114 -1631.180900 -1631.332946 -1631.715070 -1633.544414 -1641.501638 -1646.948584 -1073.677968 -1088.614900 -1071.484079 -1060.697829 -1055.666878 -1054.955849 -1054.882669 -1054.891925 -1054.913308 -1054.936176 -1054.958137 -1054.978462 -1054.997253 -1055.018424 -1055.079985 -1055.496624 -1058.142961 -1064.109267 -1073.140519 -1046.426093 -1623.589040 -1636.428522 -1632.562749 -1631.670614 -1631.526489 -1631.504291 -1631.501515 -1631.502018 -1631.502948 -1631.503767 -1631.504408 -1631.504895 -1631.505267 -1631.505555 -1631.505783 -1631.505967 -1631.506121 -1631.506257 -1631.506390 -1631.506538 -1631.506724 -1631.506982 -1631.507364 -1631.507952 -1631.508877 -1631.510357 -1631.512761 -1631.516732 -1631.523436 -1631.535045 -1631.555748 -1631.593780 -1631.665589 -1631.804441 -1632.079304 -1632.640792 -1633.845360 -1636.619490 -1643.709405 -1665.641493 -9999.0 -9999.0
-9999.0 -9999.0 -9999.0 -9999.0 -9999.0 -9999.0 -9999.0 -9999.0 -9999.0 -9999.0 -9999.0 -9999.0 -9999.0 -9999.0 -9999.0 -9999.0 -9999.0 -9999.0 -9999.0 -9999.0 -9999.0 -9999.0 -9999.0 -9999.0 -9999.0 -9999.0 -9999.0 -9999.0 -9999.0 -9999.0 -9999.0 -9999.0 -9999.0 -9999.0 -9999.0 -9999.0 -9999.0 -9999.0 -9999.0 -9999.0 -9999.0 -9999.0 -9999.0 -9999.0 -9999.0 -9999.0 -9999.0 -9999.0 -9999.0 -9999.0 -9999.0 -9999.0 -9999.0 -9999.0 -9999.0 -9999.0 -9999.0 -9999.0 -9999.0 -9999.0 -9999.0 -9999.0 -9999.0 -9999.0 -9999.0 -9999.0 -9999.0 -9999.0 -9999.0 -9999.0 -9999.0 -9999.0 -9999.0 -9999.0 -9999.0 -9999.0 -9999.0 -9999.0 -9999.0 -9999.0 -9999.0 -9999.0 -9999.0 -9999.0 -9999.0 -9999.0 -9999.0 -9999.0 -9999.0 -9999.0 -9999.0 -9999.0 -9999.0 -9999.0 -9999.0 -9999.0 -9999.0 -9999.0 -9999.0 -9999.0 -9999.0 -9999.0 -9999.0 -9999.0
-9999.0 -9999.0 -9999.0 -9999.0 -9999.0 -9999.0 -9999.0 -9999.0 -9999.0 -9999.0 -9999.0 -9999.0 -9999.0 -9999.0 -9999.0 -9999.0 -9999.0 -9999.0 -9999.0 -9999.0 -9999.0 -9999.0 -9999.0 -9999.0 -9999.0 -9999.0 -9999.0 -9999.0 -9999.0 -9999.0 -9999.0 -9999.0 -9999.0 -9999.0 -9999.0 -9999.0 -9999.0 -9999.0 -9999.0 -9999.0 -9999.0 -9999.0 -9999.0 -9999.0 -9999.0 -9999.0 -9999.0 -9999.0 -9999.0 -9999.0 -9999.0 -9999.0 -9999.0 -9999.0 -9999.0 -9999.0 -9999.0 -9999.0 -9999.0 -9999.0 -9999.0 -9999.0 -9999.0 -9999.0 -9999.0 -9999.0 -9999.0 -9999.0 -9999.0 -9999.0 -9999.0 -9999.0 -9999.0 -9999.0 -9999.0 -9999.0 -9999.0 -9999.0 -9999.0 -9999.0 -9999.0 -9999.0 -9999.0 -9999.0 -9999.0 -9999.0 -9999.0 -9999.0 -9999.0 -9999.0 -9999.0 -9999.0 -9999.0 -9999.0 -9999.0 -9999.0 -9999.0 -9999.0 -9999.0 -9999.0 -9999.0 -9999.0 -9999.0 -9999.0