inst/processing_geotop_simulation/geotop_simulation/out/maps3D/PwL0015N0011.asc
ncols         104
nrows         10
xllcorner     -2.000000
yllcorner     0.000000
cellsize      1.000000
NODATA_value  -9999.0
-9999.0 -9999.0 -9999.0 -9999.0 -9999.0 -9999.0 -9999.0 -9999.0 -9999.0 -9999.0 -9999.0 -9999.0 -9999.0 -9999.0 -9999.0 -9999.0 -9999.0 -9999.0 -9999.0 -9999.0 -9999.0 -9999.0 -9999.0 -9999.0 -9999.0 -9999.0 -9999.0 -9999.0 -9999.0 -9999.0 -9999.0 -9999.0 -9999.0 -9999.0 -9999.0 -9999.0 -9999.0 -9999.0 -9999.0 -9999.0 -9999.0 -9999.0 -9999.0 -9999.0 -9999.0 -9999.0 -9999.0 -9999.0 -9999.0 -9999.0 -9999.0 -9999.0 -9999.0 -9999.0 -9999.0 -9999.0 -9999.0 -9999.0 -9999.0 -9999.0 -9999.0 -9999.0 -9999.0 -9999.0 -9999.0 -9999.0 -9999.0 -9999.0 -9999.0 -9999.0 -9999.0 -9999.0 -9999.0 -9999.0 -9999.0 -9999.0 -9999.0 -9999.0 -9999.0 -9999.0 -9999.0 -9999.0 -9999.0 -9999.0 -9999.0 -9999.0 -9999.0 -9999.0 -9999.0 -9999.0 -9999.0 -9999.0 -9999.0 -9999.0 -9999.0 -9999.0 -9999.0 -9999.0 -9999.0 -9999.0 -9999.0 -9999.0 -9999.0 -9999.0
-9999.0 -9999.0 -9999.0 -9999.0 -9999.0 -9999.0 -9999.0 -9999.0 -9999.0 -9999.0 -9999.0 -9999.0 -9999.0 -9999.0 -9999.0 -9999.0 -9999.0 -9999.0 -9999.0 -9999.0 -9999.0 -9999.0 -9999.0 -9999.0 -9999.0 -9999.0 -9999.0 -9999.0 -9999.0 -9999.0 -9999.0 -9999.0 -9999.0 -9999.0 -9999.0 -9999.0 -9999.0 -9999.0 -9999.0 -9999.0 -9999.0 -9999.0 -9999.0 -9999.0 -9999.0 -9999.0 -9999.0 -9999.0 -9999.0 -9999.0 -9999.0 -9999.0 -9999.0 -9999.0 -9999.0 -9999.0 -9999.0 -9999.0 -9999.0 -9999.0 -9999.0 -9999.0 -9999.0 -9999.0 -9999.0 -9999.0 -9999.0 -9999.0 -9999.0 -9999.0 -9999.0 -9999.0 -9999.0 -9999.0 -9999.0 -9999.0 -9999.0 -9999.0 -9999.0 -9999.0 -9999.0 -9999.0 -9999.0 -9999.0 -9999.0 -9999.0 -9999.0 -9999.0 -9999.0 -9999.0 -9999.0 -9999.0 -9999.0 -9999.0 -9999.0 -9999.0 -9999.0 -9999.0 -9999.0 -9999.0 -9999.0 -9999.0 -9999.0 -9999.0
-9999.0 -9999.0 722.010320 631.792106 544.203332 455.941452 364.490182 268.573823 166.743140 55.690565 -73.009682 -198.572443 -303.510454 -370.722890 -379.514992 -356.997404 -351.012160 -268.952090 -106.776421 61.411966 245.945523 412.624531 358.498781 304.009273 249.584774 195.232998 149.544015 112.568669 82.654165 59.058278 39.894348 23.549677 9.608360 -3.117812 -15.592124 -28.678105 -43.038571 -58.600804 -76.854014 -99.372919 -128.087391 -167.926467 -3715.288331 -4232.671783 -4232.673267 -4232.673267 -4232.673267 -4232.673267 -4232.673267 -4232.673267 -4232.673267 -4232.673267 -4232.673267 -4232.673267 -4232.673267 -4232.673267 -4232.673267 -4232.673267 -4232.673267 -4232.673267 -4232.670871 -3622.368036 678.300279 594.270180 514.254217 435.375199 357.271550 280.893892 207.793021 139.570206 78.046011 24.374260 -20.967779 -57.689631 -86.568467 -109.151316 -127.441351 -141.784155 -153.903551 -164.852148 -175.608186 -185.947130 -196.156330 -206.789112 -218.300439 -230.344954 -242.308264 -254.785558 -267.925045 -280.398889 -293.156301 -304.963003 -316.318487 -328.794337 -344.093577 -365.101700 -398.497866 -444.364399 -538.477182 -900.373187 -3773.565615 -4232.260878 -9999.0 -9999.0
-9999.0 -9999.0 722.069239 631.817246 544.212842 455.945109 364.491634 268.574413 166.743382 55.690677 -73.009624 -198.572406 -303.510428 -370.722874 -379.514990 -356.997404 -351.012160 -268.952090 -106.776423 61.411966 245.945524 412.624531 358.498781 304.009273 249.584774 195.232998 149.544015 112.568669 82.654165 59.058279 39.894348 23.549678 9.608360 -3.117812 -15.592123 -28.678105 -43.038571 -58.600804 -76.854014 -99.372919 -128.087391 -167.926467 -3715.288331 -4232.671783 -4232.673267 -4232.673267 -4232.673267 -4232.673267 -4232.673267 -4232.673267 -4232.673267 -4232.673267 -4232.673267 -4232.673267 -4232.673267 -4232.673267 -4232.673267 -4232.673267 -4232.673267 -4232.673267 -4232.670871 -3622.368036 678.300279 594.270180 514.254217 435.375199 357.271550 280.893892 207.793021 139.570206 78.046011 24.374260 -20.967779 -57.689631 -86.568467 -109.151316 -127.441351 -141.784155 -153.903551 -164.852148 -175.608186 -185.947130 -196.156330 -206.789112 -218.300439 -230.344954 -242.308264 -254.785558 -267.925045 -280.398889 -293.156301 -304.963003 -316.318487 -328.794337 -344.093577 -365.101700 -398.497866 -444.364399 -538.477181 -900.373185 -3773.565603 -4232.260878 -9999.0 -9999.0
-9999.0 -9999.0 722.093818 631.831827 544.219809 455.948194 364.492960 268.574976 166.743618 55.690787 -73.009567 -198.572370 -303.510403 -370.722859 -379.514988 -356.997404 -351.012160 -268.952090 -106.776423 61.411966 245.945524 412.624531 358.498781 304.009273 249.584775 195.232998 149.544015 112.568669 82.654165 59.058279 39.894348 23.549678 9.608360 -3.117812 -15.592123 -28.678105 -43.038571 -58.600804 -76.854014 -99.372919 -128.087391 -167.926467 -3715.288331 -4232.671783 -4232.673267 -4232.673267 -4232.673267 -4232.673267 -4232.673267 -4232.673267 -4232.673267 -4232.673267 -4232.673267 -4232.673267 -4232.673267 -4232.673267 -4232.673267 -4232.673267 -4232.673267 -4232.673267 -4232.670871 -3622.368036 678.300279 594.270180 514.254217 435.375199 357.271550 280.893892 207.793021 139.570206 78.046011 24.374260 -20.967779 -57.689631 -86.568467 -109.151316 -127.441351 -141.784155 -153.903551 -164.852148 -175.608186 -185.947130 -196.156330 -206.789112 -218.300439 -230.344954 -242.308264 -254.785558 -267.925045 -280.398889 -293.156301 -304.963003 -316.318487 -328.794337 -344.093577 -365.101700 -398.497866 -444.364399 -538.477181 -900.373181 -3773.565595 -4232.260878 -9999.0 -9999.0
-9999.0 -9999.0 722.093818 631.831827 544.219809 455.948194 364.492960 268.574976 166.743618 55.690787 -73.009567 -198.572370 -303.510403 -370.722859 -379.514988 -356.997404 -351.012160 -268.952090 -106.776423 61.411966 245.945524 412.624531 358.498781 304.009273 249.584775 195.232998 149.544015 112.568669 82.654165 59.058279 39.894348 23.549678 9.608360 -3.117812 -15.592123 -28.678105 -43.038571 -58.600804 -76.854014 -99.372919 -128.087391 -167.926467 -3715.288331 -4232.671783 -4232.673267 -4232.673267 -4232.673267 -4232.673267 -4232.673267 -4232.673267 -4232.673267 -4232.673267 -4232.673267 -4232.673267 -4232.673267 -4232.673267 -4232.673267 -4232.673267 -4232.673267 -4232.673267 -4232.670871 -3622.368036 678.300279 594.270180 514.254217 435.375199 357.271550 280.893892 207.793021 139.570206 78.046011 24.374260 -20.967779 -57.689631 -86.568467 -109.151316 -127.441351 -141.784155 -153.903551 -164.852148 -175.608186 -185.947130 -196.156330 -206.789112 -218.300439 -230.344954 -242.308264 -254.785558 -267.925045 -280.398889 -293.156301 -304.963003 -316.318487 -328.794337 -344.093577 -365.101700 -398.497866 -444.364399 -538.477181 -900.373183 -3773.565593 -4232.260878 -9999.0 -9999.0
-9999.0 -9999.0 722.069239 631.817246 544.212842 455.945109 364.491634 268.574413 166.743382 55.690677 -73.009624 -198.572406 -303.510428 -370.722874 -379.514990 -356.997404 -351.012160 -268.952090 -106.776423 61.411966 245.945524 412.624531 358.498781 304.009273 249.584774 195.232998 149.544015 112.568669 82.654165 59.058279 39.894348 23.549678 9.608360 -3.117812 -15.592123 -28.678105 -43.038571 -58.600804 -76.854014 -99.372919 -128.087391 -167.926467 -3715.288331 -4232.671783 -4232.673267 -4232.673267 -4232.673267 -4232.673267 -4232.673267 -4232.673267 -4232.673267 -4232.673267 -4232.673267 -4232.673267 -4232.673267 -4232.673267 -4232.673267 -4232.673267 -4232.673267 -4232.673267 -4232.670871 -3622.368036 678.300279 594.270180 514.254217 435.375199 357.271550 280.893892 207.793021 139.570206 78.046011 24.374260 -20.967779 -57.689631 -86.568467 -109.151316 -127.441351 -141.784155 -153.903551 -164.852148 -175.608186 -185.947130 -196.156330 -206.789112 -218.300439 -230.344954 -242.308264 -254.785558 -267.925045 -280.398889 -293.156301 -304.963003 -316.318487 -328.794337 -344.093577 -365.101700 -398.497866 -444.364399 -538.477181 -900.373184 -3773.565606 -4232.260878 -9999.0 -9999.0
-9999.0 -9999.0 722.010320 631.792106 544.203332 455.941452 364.490182 268.573823 166.743140 55.690565 -73.009682 -198.572443 -303.510454 -370.722890 -379.514992 -356.997404 -351.012160 -268.952090 -106.776421 61.411966 245.945523 412.624531 358.498781 304.009273 249.584774 195.232998 149.544015 112.568669 82.654165 59.058278 39.894348 23.549677 9.608360 -3.117812 -15.592124 -28.678105 -43.038571 -58.600804 -76.854014 -99.372919 -128.087391 -167.926467 -3715.288331 -4232.671783 -4232.673267 -4232.673267 -4232.673267 -4232.673267 -4232.673267 -4232.673267 -4232.673267 -4232.673267 -4232.673267 -4232.673267 -4232.673267 -4232.673267 -4232.673267 -4232.673267 -4232.673267 -4232.673267 -4232.670871 -3622.368036 678.300279 594.270180 514.254217 435.375199 357.271550 280.893892 207.793021 139.570206 78.046011 24.374260 -20.967779 -57.689631 -86.568467 -109.151316 -127.441351 -141.784155 -153.903551 -164.852148 -175.608186 -185.947130 -196.156330 -206.789112 -218.300439 -230.344954 -242.308264 -254.785558 -267.925045 -280.398889 -293.156301 -304.963003 -316.318487 -328.794337 -344.093577 -365.101700 -398.497866 -444.364399 -538.477182 -900.373188 -3773.565612 -4232.260878 -9999.0 -9999.0
-9999.0 -9999.0 -9999.0 -9999.0 -9999.0 -9999.0 -9999.0 -9999.0 -9999.0 -9999.0 -9999.0 -9999.0 -9999.0 -9999.0 -9999.0 -9999.0 -9999.0 -9999.0 -9999.0 -9999.0 -9999.0 -9999.0 -9999.0 -9999.0 -9999.0 -9999.0 -9999.0 -9999.0 -9999.0 -9999.0 -9999.0 -9999.0 -9999.0 -9999.0 -9999.0 -9999.0 -9999.0 -9999.0 -9999.0 -9999.0 -9999.0 -9999.0 -9999.0 -9999.0 -9999.0 -9999.0 -9999.0 -9999.0 -9999.0 -9999.0 -9999.0 -9999.0 -9999.0 -9999.0 -9999.0 -9999.0 -9999.0 -9999.0 -9999.0 -9999.0 -9999.0 -9999.0 -9999.0 -9999.0 -9999.0 -9999.0 -9999.0 -9999.0 -9999.0 -9999.0 -9999.0 -9999.0 -9999.0 -9999.0 -9999.0 -9999.0 -9999.0 -9999.0 -9999.0 -9999.0 -9999.0 -9999.0 -9999.0 -9999.0 -9999.0 -9999.0 -9999.0 -9999.0 -9999.0 -9999.0 -9999.0 -9999.0 -9999.0 -9999.0 -9999.0 -9999.0 -9999.0 -9999.0 -9999.0 -9999.0 -9999.0 -9999.0 -9999.0 -9999.0
-9999.0 -9999.0 -9999.0 -9999.0 -9999.0 -9999.0 -9999.0 -9999.0 -9999.0 -9999.0 -9999.0 -9999.0 -9999.0 -9999.0 -9999.0 -9999.0 -9999.0 -9999.0 -9999.0 -9999.0 -9999.0 -9999.0 -9999.0 -9999.0 -9999.0 -9999.0 -9999.0 -9999.0 -9999.0 -9999.0 -9999.0 -9999.0 -9999.0 -9999.0 -9999.0 -9999.0 -9999.0 -9999.0 -9999.0 -9999.0 -9999.0 -9999.0 -9999.0 -9999.0 -9999.0 -9999.0 -9999.0 -9999.0 -9999.0 -9999.0 -9999.0 -9999.0 -9999.0 -9999.0 -9999.0 -9999.0 -9999.0 -9999.0 -9999.0 -9999.0 -9999.0 -9999.0 -9999.0 -9999.0 -9999.0 -9999.0 -9999.0 -9999.0 -9999.0 -9999.0 -9999.0 -9999.0 -9999.0 -9999.0 -9999.0 -9999.0 -9999.0 -9999.0 -9999.0 -9999.0 -9999.0 -9999.0 -9999.0 -9999.0 -9999.0 -9999.0 -9999.0 -9999.0 -9999.0 -9999.0 -9999.0 -9999.0 -9999.0 -9999.0 -9999.0 -9999.0 -9999.0 -9999.0 -9999.0 -9999.0 -9999.0 -9999.0 -9999.0 -9999.0