inst/processing_geotop_simulation/geotop_simulation/out/maps3D/PwL0012N0140.asc
ncols         104
nrows         10
xllcorner     -2.000000
yllcorner     0.000000
cellsize      1.000000
NODATA_value  -9999.0
-9999.0 -9999.0 -9999.0 -9999.0 -9999.0 -9999.0 -9999.0 -9999.0 -9999.0 -9999.0 -9999.0 -9999.0 -9999.0 -9999.0 -9999.0 -9999.0 -9999.0 -9999.0 -9999.0 -9999.0 -9999.0 -9999.0 -9999.0 -9999.0 -9999.0 -9999.0 -9999.0 -9999.0 -9999.0 -9999.0 -9999.0 -9999.0 -9999.0 -9999.0 -9999.0 -9999.0 -9999.0 -9999.0 -9999.0 -9999.0 -9999.0 -9999.0 -9999.0 -9999.0 -9999.0 -9999.0 -9999.0 -9999.0 -9999.0 -9999.0 -9999.0 -9999.0 -9999.0 -9999.0 -9999.0 -9999.0 -9999.0 -9999.0 -9999.0 -9999.0 -9999.0 -9999.0 -9999.0 -9999.0 -9999.0 -9999.0 -9999.0 -9999.0 -9999.0 -9999.0 -9999.0 -9999.0 -9999.0 -9999.0 -9999.0 -9999.0 -9999.0 -9999.0 -9999.0 -9999.0 -9999.0 -9999.0 -9999.0 -9999.0 -9999.0 -9999.0 -9999.0 -9999.0 -9999.0 -9999.0 -9999.0 -9999.0 -9999.0 -9999.0 -9999.0 -9999.0 -9999.0 -9999.0 -9999.0 -9999.0 -9999.0 -9999.0 -9999.0 -9999.0
-9999.0 -9999.0 -9999.0 -9999.0 -9999.0 -9999.0 -9999.0 -9999.0 -9999.0 -9999.0 -9999.0 -9999.0 -9999.0 -9999.0 -9999.0 -9999.0 -9999.0 -9999.0 -9999.0 -9999.0 -9999.0 -9999.0 -9999.0 -9999.0 -9999.0 -9999.0 -9999.0 -9999.0 -9999.0 -9999.0 -9999.0 -9999.0 -9999.0 -9999.0 -9999.0 -9999.0 -9999.0 -9999.0 -9999.0 -9999.0 -9999.0 -9999.0 -9999.0 -9999.0 -9999.0 -9999.0 -9999.0 -9999.0 -9999.0 -9999.0 -9999.0 -9999.0 -9999.0 -9999.0 -9999.0 -9999.0 -9999.0 -9999.0 -9999.0 -9999.0 -9999.0 -9999.0 -9999.0 -9999.0 -9999.0 -9999.0 -9999.0 -9999.0 -9999.0 -9999.0 -9999.0 -9999.0 -9999.0 -9999.0 -9999.0 -9999.0 -9999.0 -9999.0 -9999.0 -9999.0 -9999.0 -9999.0 -9999.0 -9999.0 -9999.0 -9999.0 -9999.0 -9999.0 -9999.0 -9999.0 -9999.0 -9999.0 -9999.0 -9999.0 -9999.0 -9999.0 -9999.0 -9999.0 -9999.0 -9999.0 -9999.0 -9999.0 -9999.0 -9999.0
-9999.0 -9999.0 586.444450 495.557448 402.281079 307.659142 212.434771 116.952139 21.381546 -74.173093 -169.669263 -265.025467 -360.120826 -454.867608 -549.289038 -643.117694 -737.228059 -830.847613 -923.097962 -1013.349249 -1094.389494 -1161.306185 -1212.352133 -1248.694448 -1273.268251 -1289.353676 -1299.707168 -1306.321109 -1310.528823 -1313.195392 -1314.879727 -1315.941497 -1316.610954 -1317.034192 -1317.303046 -1317.476878 -1317.601665 -1317.735909 -1318.069513 -1319.847426 -1330.600270 -1396.922575 -2044.202821 -4354.479049 -4353.520018 -4314.891463 -4282.802241 -4277.999895 -4277.510241 -4277.558122 -4277.680861 -4277.812159 -4277.937987 -4278.054259 -4278.161617 -4278.282788 -4278.645269 -4281.254003 -4299.195782 -4329.363948 -4324.215210 -1874.446695 -1368.178764 -1325.715244 -1319.021395 -1318.073699 -1317.940114 -1317.919757 -1317.917457 -1317.918313 -1317.919534 -1317.920579 -1317.921389 -1317.922004 -1317.922474 -1317.922839 -1317.923127 -1317.923359 -1317.923552 -1317.923723 -1317.923890 -1317.924074 -1317.924305 -1317.924625 -1317.925098 -1317.925824 -1317.926964 -1317.928787 -1317.931741 -1317.936612 -1317.944810 -1317.958960 -1317.984103 -1318.030145 -1318.116841 -1318.284048 -1318.613957 -1319.284791 -1320.716227 -1323.985501 -1332.100173 -1355.378560 -9999.0 -9999.0
-9999.0 -9999.0 586.450464 495.559268 402.281605 307.659304 212.434823 116.952156 21.381552 -74.173091 -169.669262 -265.025467 -360.120826 -454.867608 -549.289038 -643.117694 -737.228059 -830.847613 -923.097963 -1013.349249 -1094.389494 -1161.306185 -1212.352133 -1248.694448 -1273.268251 -1289.353676 -1299.707168 -1306.321109 -1310.528823 -1313.195392 -1314.879727 -1315.941497 -1316.610954 -1317.034192 -1317.303046 -1317.476878 -1317.601665 -1317.735909 -1318.069513 -1319.847426 -1330.600270 -1396.922574 -2044.202821 -4354.479048 -4353.520018 -4314.891461 -4282.802241 -4277.999895 -4277.510241 -4277.558122 -4277.680861 -4277.812159 -4277.937987 -4278.054259 -4278.161617 -4278.282788 -4278.645269 -4281.254003 -4299.195782 -4329.363948 -4324.215210 -1874.446695 -1368.178764 -1325.715244 -1319.021395 -1318.073699 -1317.940114 -1317.919757 -1317.917457 -1317.918313 -1317.919534 -1317.920579 -1317.921389 -1317.922004 -1317.922474 -1317.922839 -1317.923127 -1317.923359 -1317.923552 -1317.923723 -1317.923890 -1317.924074 -1317.924305 -1317.924625 -1317.925098 -1317.925824 -1317.926964 -1317.928787 -1317.931741 -1317.936612 -1317.944810 -1317.958960 -1317.984103 -1318.030145 -1318.116841 -1318.284048 -1318.613957 -1319.284791 -1320.716227 -1323.985501 -1332.100173 -1355.378560 -9999.0 -9999.0
-9999.0 -9999.0 586.452081 495.560114 402.281950 307.659432 212.434869 116.952173 21.381558 -74.173089 -169.669262 -265.025467 -360.120826 -454.867608 -549.289038 -643.117694 -737.228059 -830.847614 -923.097963 -1013.349250 -1094.389494 -1161.306185 -1212.352133 -1248.694449 -1273.268251 -1289.353676 -1299.707168 -1306.321109 -1310.528823 -1313.195392 -1314.879727 -1315.941497 -1316.610954 -1317.034192 -1317.303046 -1317.476878 -1317.601665 -1317.735909 -1318.069513 -1319.847426 -1330.600270 -1396.922574 -2044.202821 -4354.479048 -4353.520018 -4314.891460 -4282.802241 -4277.999895 -4277.510241 -4277.558122 -4277.680861 -4277.812159 -4277.937987 -4278.054259 -4278.161617 -4278.282788 -4278.645269 -4281.254003 -4299.195782 -4329.363948 -4324.215210 -1874.446695 -1368.178764 -1325.715244 -1319.021395 -1318.073699 -1317.940114 -1317.919757 -1317.917457 -1317.918313 -1317.919534 -1317.920579 -1317.921389 -1317.922004 -1317.922474 -1317.922839 -1317.923127 -1317.923359 -1317.923552 -1317.923723 -1317.923890 -1317.924074 -1317.924305 -1317.924625 -1317.925098 -1317.925824 -1317.926964 -1317.928787 -1317.931741 -1317.936612 -1317.944810 -1317.958960 -1317.984103 -1318.030145 -1318.116841 -1318.284048 -1318.613957 -1319.284791 -1320.716227 -1323.985501 -1332.100173 -1355.378560 -9999.0 -9999.0
-9999.0 -9999.0 586.452081 495.560114 402.281949 307.659432 212.434869 116.952173 21.381558 -74.173089 -169.669261 -265.025467 -360.120826 -454.867608 -549.289038 -643.117694 -737.228059 -830.847614 -923.097963 -1013.349250 -1094.389494 -1161.306185 -1212.352133 -1248.694449 -1273.268251 -1289.353676 -1299.707168 -1306.321109 -1310.528823 -1313.195392 -1314.879727 -1315.941497 -1316.610954 -1317.034192 -1317.303046 -1317.476878 -1317.601665 -1317.735909 -1318.069513 -1319.847426 -1330.600270 -1396.922574 -2044.202821 -4354.479048 -4353.520018 -4314.891460 -4282.802241 -4277.999895 -4277.510241 -4277.558122 -4277.680861 -4277.812159 -4277.937987 -4278.054259 -4278.161617 -4278.282788 -4278.645269 -4281.254003 -4299.195782 -4329.363948 -4324.215210 -1874.446695 -1368.178764 -1325.715244 -1319.021395 -1318.073699 -1317.940114 -1317.919757 -1317.917457 -1317.918313 -1317.919534 -1317.920579 -1317.921389 -1317.922004 -1317.922474 -1317.922839 -1317.923127 -1317.923359 -1317.923552 -1317.923723 -1317.923890 -1317.924074 -1317.924305 -1317.924625 -1317.925098 -1317.925824 -1317.926964 -1317.928787 -1317.931741 -1317.936612 -1317.944810 -1317.958960 -1317.984103 -1318.030145 -1318.116841 -1318.284048 -1318.613957 -1319.284791 -1320.716227 -1323.985501 -1332.100173 -1355.378560 -9999.0 -9999.0
-9999.0 -9999.0 586.450464 495.559268 402.281605 307.659304 212.434823 116.952156 21.381552 -74.173091 -169.669262 -265.025467 -360.120826 -454.867608 -549.289038 -643.117694 -737.228059 -830.847613 -923.097963 -1013.349249 -1094.389494 -1161.306185 -1212.352133 -1248.694448 -1273.268251 -1289.353676 -1299.707168 -1306.321109 -1310.528823 -1313.195392 -1314.879727 -1315.941497 -1316.610954 -1317.034192 -1317.303046 -1317.476878 -1317.601665 -1317.735909 -1318.069513 -1319.847426 -1330.600270 -1396.922574 -2044.202821 -4354.479048 -4353.520018 -4314.891461 -4282.802241 -4277.999895 -4277.510241 -4277.558122 -4277.680861 -4277.812159 -4277.937987 -4278.054259 -4278.161617 -4278.282788 -4278.645269 -4281.254003 -4299.195782 -4329.363948 -4324.215210 -1874.446695 -1368.178764 -1325.715244 -1319.021395 -1318.073699 -1317.940114 -1317.919757 -1317.917457 -1317.918313 -1317.919534 -1317.920579 -1317.921389 -1317.922004 -1317.922474 -1317.922839 -1317.923127 -1317.923359 -1317.923552 -1317.923723 -1317.923890 -1317.924074 -1317.924305 -1317.924625 -1317.925098 -1317.925824 -1317.926964 -1317.928787 -1317.931741 -1317.936612 -1317.944810 -1317.958960 -1317.984103 -1318.030145 -1318.116841 -1318.284048 -1318.613957 -1319.284791 -1320.716227 -1323.985501 -1332.100173 -1355.378560 -9999.0 -9999.0
-9999.0 -9999.0 586.444450 495.557449 402.281079 307.659142 212.434771 116.952139 21.381546 -74.173093 -169.669263 -265.025467 -360.120826 -454.867608 -549.289038 -643.117694 -737.228059 -830.847613 -923.097962 -1013.349249 -1094.389494 -1161.306185 -1212.352133 -1248.694448 -1273.268251 -1289.353676 -1299.707168 -1306.321109 -1310.528823 -1313.195392 -1314.879727 -1315.941497 -1316.610954 -1317.034192 -1317.303046 -1317.476878 -1317.601665 -1317.735909 -1318.069513 -1319.847426 -1330.600270 -1396.922575 -2044.202821 -4354.479049 -4353.520018 -4314.891463 -4282.802241 -4277.999895 -4277.510241 -4277.558122 -4277.680861 -4277.812159 -4277.937987 -4278.054259 -4278.161617 -4278.282788 -4278.645269 -4281.254003 -4299.195782 -4329.363948 -4324.215210 -1874.446695 -1368.178764 -1325.715244 -1319.021395 -1318.073699 -1317.940114 -1317.919757 -1317.917457 -1317.918313 -1317.919534 -1317.920579 -1317.921389 -1317.922004 -1317.922474 -1317.922839 -1317.923127 -1317.923359 -1317.923552 -1317.923723 -1317.923890 -1317.924074 -1317.924305 -1317.924625 -1317.925098 -1317.925824 -1317.926964 -1317.928787 -1317.931741 -1317.936612 -1317.944810 -1317.958960 -1317.984103 -1318.030145 -1318.116841 -1318.284048 -1318.613957 -1319.284791 -1320.716227 -1323.985501 -1332.100173 -1355.378560 -9999.0 -9999.0
-9999.0 -9999.0 -9999.0 -9999.0 -9999.0 -9999.0 -9999.0 -9999.0 -9999.0 -9999.0 -9999.0 -9999.0 -9999.0 -9999.0 -9999.0 -9999.0 -9999.0 -9999.0 -9999.0 -9999.0 -9999.0 -9999.0 -9999.0 -9999.0 -9999.0 -9999.0 -9999.0 -9999.0 -9999.0 -9999.0 -9999.0 -9999.0 -9999.0 -9999.0 -9999.0 -9999.0 -9999.0 -9999.0 -9999.0 -9999.0 -9999.0 -9999.0 -9999.0 -9999.0 -9999.0 -9999.0 -9999.0 -9999.0 -9999.0 -9999.0 -9999.0 -9999.0 -9999.0 -9999.0 -9999.0 -9999.0 -9999.0 -9999.0 -9999.0 -9999.0 -9999.0 -9999.0 -9999.0 -9999.0 -9999.0 -9999.0 -9999.0 -9999.0 -9999.0 -9999.0 -9999.0 -9999.0 -9999.0 -9999.0 -9999.0 -9999.0 -9999.0 -9999.0 -9999.0 -9999.0 -9999.0 -9999.0 -9999.0 -9999.0 -9999.0 -9999.0 -9999.0 -9999.0 -9999.0 -9999.0 -9999.0 -9999.0 -9999.0 -9999.0 -9999.0 -9999.0 -9999.0 -9999.0 -9999.0 -9999.0 -9999.0 -9999.0 -9999.0 -9999.0
-9999.0 -9999.0 -9999.0 -9999.0 -9999.0 -9999.0 -9999.0 -9999.0 -9999.0 -9999.0 -9999.0 -9999.0 -9999.0 -9999.0 -9999.0 -9999.0 -9999.0 -9999.0 -9999.0 -9999.0 -9999.0 -9999.0 -9999.0 -9999.0 -9999.0 -9999.0 -9999.0 -9999.0 -9999.0 -9999.0 -9999.0 -9999.0 -9999.0 -9999.0 -9999.0 -9999.0 -9999.0 -9999.0 -9999.0 -9999.0 -9999.0 -9999.0 -9999.0 -9999.0 -9999.0 -9999.0 -9999.0 -9999.0 -9999.0 -9999.0 -9999.0 -9999.0 -9999.0 -9999.0 -9999.0 -9999.0 -9999.0 -9999.0 -9999.0 -9999.0 -9999.0 -9999.0 -9999.0 -9999.0 -9999.0 -9999.0 -9999.0 -9999.0 -9999.0 -9999.0 -9999.0 -9999.0 -9999.0 -9999.0 -9999.0 -9999.0 -9999.0 -9999.0 -9999.0 -9999.0 -9999.0 -9999.0 -9999.0 -9999.0 -9999.0 -9999.0 -9999.0 -9999.0 -9999.0 -9999.0 -9999.0 -9999.0 -9999.0 -9999.0 -9999.0 -9999.0 -9999.0 -9999.0 -9999.0 -9999.0 -9999.0 -9999.0 -9999.0 -9999.0