inst/processing_geotop_simulation/geotop_simulation/out/maps3D/PwL0006N0294.asc
ncols         104
nrows         10
xllcorner     -2.000000
yllcorner     0.000000
cellsize      1.000000
NODATA_value  -9999.0
-9999.0 -9999.0 -9999.0 -9999.0 -9999.0 -9999.0 -9999.0 -9999.0 -9999.0 -9999.0 -9999.0 -9999.0 -9999.0 -9999.0 -9999.0 -9999.0 -9999.0 -9999.0 -9999.0 -9999.0 -9999.0 -9999.0 -9999.0 -9999.0 -9999.0 -9999.0 -9999.0 -9999.0 -9999.0 -9999.0 -9999.0 -9999.0 -9999.0 -9999.0 -9999.0 -9999.0 -9999.0 -9999.0 -9999.0 -9999.0 -9999.0 -9999.0 -9999.0 -9999.0 -9999.0 -9999.0 -9999.0 -9999.0 -9999.0 -9999.0 -9999.0 -9999.0 -9999.0 -9999.0 -9999.0 -9999.0 -9999.0 -9999.0 -9999.0 -9999.0 -9999.0 -9999.0 -9999.0 -9999.0 -9999.0 -9999.0 -9999.0 -9999.0 -9999.0 -9999.0 -9999.0 -9999.0 -9999.0 -9999.0 -9999.0 -9999.0 -9999.0 -9999.0 -9999.0 -9999.0 -9999.0 -9999.0 -9999.0 -9999.0 -9999.0 -9999.0 -9999.0 -9999.0 -9999.0 -9999.0 -9999.0 -9999.0 -9999.0 -9999.0 -9999.0 -9999.0 -9999.0 -9999.0 -9999.0 -9999.0 -9999.0 -9999.0 -9999.0 -9999.0
-9999.0 -9999.0 -9999.0 -9999.0 -9999.0 -9999.0 -9999.0 -9999.0 -9999.0 -9999.0 -9999.0 -9999.0 -9999.0 -9999.0 -9999.0 -9999.0 -9999.0 -9999.0 -9999.0 -9999.0 -9999.0 -9999.0 -9999.0 -9999.0 -9999.0 -9999.0 -9999.0 -9999.0 -9999.0 -9999.0 -9999.0 -9999.0 -9999.0 -9999.0 -9999.0 -9999.0 -9999.0 -9999.0 -9999.0 -9999.0 -9999.0 -9999.0 -9999.0 -9999.0 -9999.0 -9999.0 -9999.0 -9999.0 -9999.0 -9999.0 -9999.0 -9999.0 -9999.0 -9999.0 -9999.0 -9999.0 -9999.0 -9999.0 -9999.0 -9999.0 -9999.0 -9999.0 -9999.0 -9999.0 -9999.0 -9999.0 -9999.0 -9999.0 -9999.0 -9999.0 -9999.0 -9999.0 -9999.0 -9999.0 -9999.0 -9999.0 -9999.0 -9999.0 -9999.0 -9999.0 -9999.0 -9999.0 -9999.0 -9999.0 -9999.0 -9999.0 -9999.0 -9999.0 -9999.0 -9999.0 -9999.0 -9999.0 -9999.0 -9999.0 -9999.0 -9999.0 -9999.0 -9999.0 -9999.0 -9999.0 -9999.0 -9999.0 -9999.0 -9999.0
-9999.0 -9999.0 275.749217 179.100020 81.047563 -17.476506 -116.182257 -214.962145 -313.756964 -412.524139 -511.211635 -609.696476 -707.728504 -805.592570 -903.247105 -1000.868407 -1098.365910 -1194.292700 -1288.402709 -1379.624404 -1465.732519 -1543.328620 -1609.352236 -1662.486779 -1703.302478 -1733.554604 -1755.393568 -1770.852165 -1781.627040 -1789.041952 -1794.089729 -1797.495009 -1799.775402 -1801.293900 -1802.301434 -1802.971502 -1803.432878 -1803.828568 -1804.535362 -1806.911094 -1813.138445 -1792.583197 -1160.224711 -1186.938269 -1168.861095 -1157.166855 -1151.712812 -1150.915652 -1150.831701 -1150.840138 -1150.861890 -1150.885265 -1150.907726 -1150.928524 -1150.947824 -1150.970243 -1151.039744 -1151.510110 -1154.388104 -1160.824352 -1169.592871 -1130.680491 -1765.955549 -1806.813147 -1805.521863 -1804.590476 -1804.392319 -1804.358899 -1804.354075 -1804.353935 -1804.354486 -1804.355035 -1804.355477 -1804.355818 -1804.356080 -1804.356284 -1804.356447 -1804.356579 -1804.356691 -1804.356791 -1804.356890 -1804.357001 -1804.357140 -1804.357332 -1804.357616 -1804.358052 -1804.358736 -1804.359833 -1804.361621 -1804.364591 -1804.369641 -1804.378465 -1804.394349 -1804.423806 -1804.479982 -1804.590067 -1804.812746 -1805.283436 -1806.341508 -1808.923028 -1815.996286 -1839.079223 -9999.0 -9999.0
-9999.0 -9999.0 275.757521 179.101928 81.048062 -17.476360 -116.182210 -214.962130 -313.756958 -412.524136 -511.211634 -609.696476 -707.728504 -805.592570 -903.247105 -1000.868407 -1098.365910 -1194.292700 -1288.402709 -1379.624404 -1465.732519 -1543.328620 -1609.352236 -1662.486779 -1703.302478 -1733.554604 -1755.393568 -1770.852165 -1781.627040 -1789.041952 -1794.089729 -1797.495009 -1799.775402 -1801.293900 -1802.301434 -1802.971502 -1803.432878 -1803.828568 -1804.535362 -1806.911094 -1813.138445 -1792.583197 -1160.224711 -1186.938269 -1168.861095 -1157.166855 -1151.712812 -1150.915652 -1150.831701 -1150.840138 -1150.861890 -1150.885265 -1150.907726 -1150.928524 -1150.947824 -1150.970243 -1151.039744 -1151.510110 -1154.388104 -1160.824352 -1169.592871 -1130.680491 -1765.955549 -1806.813147 -1805.521863 -1804.590476 -1804.392319 -1804.358899 -1804.354075 -1804.353935 -1804.354486 -1804.355035 -1804.355477 -1804.355818 -1804.356080 -1804.356284 -1804.356447 -1804.356579 -1804.356691 -1804.356791 -1804.356890 -1804.357001 -1804.357140 -1804.357332 -1804.357616 -1804.358052 -1804.358736 -1804.359833 -1804.361621 -1804.364591 -1804.369641 -1804.378465 -1804.394349 -1804.423806 -1804.479982 -1804.590067 -1804.812746 -1805.283436 -1806.341508 -1808.923028 -1815.996286 -1839.079223 -9999.0 -9999.0
-9999.0 -9999.0 275.758960 179.102726 81.048379 -17.476244 -116.182169 -214.962115 -313.756953 -412.524134 -511.211633 -609.696476 -707.728504 -805.592570 -903.247105 -1000.868407 -1098.365910 -1194.292700 -1288.402709 -1379.624404 -1465.732519 -1543.328620 -1609.352236 -1662.486779 -1703.302478 -1733.554604 -1755.393568 -1770.852165 -1781.627040 -1789.041952 -1794.089729 -1797.495009 -1799.775402 -1801.293900 -1802.301434 -1802.971502 -1803.432878 -1803.828568 -1804.535362 -1806.911094 -1813.138445 -1792.583197 -1160.224711 -1186.938269 -1168.861095 -1157.166855 -1151.712812 -1150.915652 -1150.831701 -1150.840138 -1150.861890 -1150.885265 -1150.907726 -1150.928524 -1150.947824 -1150.970243 -1151.039744 -1151.510110 -1154.388104 -1160.824352 -1169.592871 -1130.680491 -1765.955549 -1806.813147 -1805.521863 -1804.590476 -1804.392319 -1804.358899 -1804.354075 -1804.353935 -1804.354486 -1804.355035 -1804.355477 -1804.355818 -1804.356080 -1804.356284 -1804.356447 -1804.356579 -1804.356691 -1804.356791 -1804.356890 -1804.357001 -1804.357140 -1804.357332 -1804.357616 -1804.358052 -1804.358736 -1804.359833 -1804.361621 -1804.364591 -1804.369641 -1804.378465 -1804.394349 -1804.423806 -1804.479982 -1804.590067 -1804.812746 -1805.283436 -1806.341508 -1808.923028 -1815.996286 -1839.079223 -9999.0 -9999.0
-9999.0 -9999.0 275.758960 179.102726 81.048379 -17.476244 -116.182169 -214.962115 -313.756953 -412.524134 -511.211633 -609.696476 -707.728504 -805.592570 -903.247105 -1000.868407 -1098.365910 -1194.292700 -1288.402709 -1379.624404 -1465.732519 -1543.328620 -1609.352236 -1662.486779 -1703.302478 -1733.554604 -1755.393568 -1770.852165 -1781.627040 -1789.041952 -1794.089729 -1797.495009 -1799.775402 -1801.293900 -1802.301434 -1802.971502 -1803.432878 -1803.828568 -1804.535362 -1806.911094 -1813.138445 -1792.583197 -1160.224711 -1186.938269 -1168.861095 -1157.166855 -1151.712812 -1150.915652 -1150.831701 -1150.840138 -1150.861890 -1150.885265 -1150.907726 -1150.928524 -1150.947824 -1150.970243 -1151.039744 -1151.510110 -1154.388104 -1160.824352 -1169.592871 -1130.680491 -1765.955549 -1806.813147 -1805.521863 -1804.590476 -1804.392319 -1804.358899 -1804.354075 -1804.353935 -1804.354486 -1804.355035 -1804.355477 -1804.355818 -1804.356080 -1804.356284 -1804.356447 -1804.356579 -1804.356691 -1804.356791 -1804.356890 -1804.357001 -1804.357140 -1804.357332 -1804.357616 -1804.358052 -1804.358736 -1804.359833 -1804.361621 -1804.364591 -1804.369641 -1804.378465 -1804.394349 -1804.423806 -1804.479982 -1804.590067 -1804.812746 -1805.283436 -1806.341508 -1808.923028 -1815.996286 -1839.079223 -9999.0 -9999.0
-9999.0 -9999.0 275.757521 179.101928 81.048061 -17.476360 -116.182210 -214.962130 -313.756958 -412.524136 -511.211634 -609.696476 -707.728504 -805.592570 -903.247105 -1000.868407 -1098.365910 -1194.292700 -1288.402709 -1379.624404 -1465.732519 -1543.328620 -1609.352236 -1662.486779 -1703.302478 -1733.554604 -1755.393568 -1770.852165 -1781.627040 -1789.041952 -1794.089729 -1797.495009 -1799.775402 -1801.293900 -1802.301434 -1802.971502 -1803.432878 -1803.828568 -1804.535362 -1806.911094 -1813.138445 -1792.583197 -1160.224711 -1186.938269 -1168.861095 -1157.166855 -1151.712812 -1150.915652 -1150.831701 -1150.840138 -1150.861890 -1150.885265 -1150.907726 -1150.928524 -1150.947824 -1150.970243 -1151.039744 -1151.510110 -1154.388104 -1160.824352 -1169.592871 -1130.680491 -1765.955549 -1806.813147 -1805.521863 -1804.590476 -1804.392319 -1804.358899 -1804.354075 -1804.353935 -1804.354486 -1804.355035 -1804.355477 -1804.355818 -1804.356080 -1804.356284 -1804.356447 -1804.356579 -1804.356691 -1804.356791 -1804.356890 -1804.357001 -1804.357140 -1804.357332 -1804.357616 -1804.358052 -1804.358736 -1804.359833 -1804.361621 -1804.364591 -1804.369641 -1804.378465 -1804.394349 -1804.423806 -1804.479982 -1804.590067 -1804.812746 -1805.283436 -1806.341508 -1808.923028 -1815.996286 -1839.079223 -9999.0 -9999.0
-9999.0 -9999.0 275.749217 179.100020 81.047563 -17.476506 -116.182257 -214.962146 -313.756964 -412.524139 -511.211635 -609.696476 -707.728504 -805.592570 -903.247105 -1000.868407 -1098.365910 -1194.292700 -1288.402709 -1379.624404 -1465.732519 -1543.328620 -1609.352236 -1662.486779 -1703.302478 -1733.554604 -1755.393568 -1770.852165 -1781.627040 -1789.041952 -1794.089729 -1797.495009 -1799.775402 -1801.293900 -1802.301434 -1802.971502 -1803.432878 -1803.828568 -1804.535362 -1806.911094 -1813.138445 -1792.583197 -1160.224711 -1186.938269 -1168.861095 -1157.166855 -1151.712812 -1150.915652 -1150.831701 -1150.840138 -1150.861890 -1150.885265 -1150.907726 -1150.928524 -1150.947824 -1150.970243 -1151.039744 -1151.510110 -1154.388104 -1160.824352 -1169.592871 -1130.680491 -1765.955549 -1806.813147 -1805.521863 -1804.590476 -1804.392319 -1804.358899 -1804.354075 -1804.353935 -1804.354486 -1804.355035 -1804.355477 -1804.355818 -1804.356080 -1804.356284 -1804.356447 -1804.356579 -1804.356691 -1804.356791 -1804.356890 -1804.357001 -1804.357140 -1804.357332 -1804.357616 -1804.358052 -1804.358736 -1804.359833 -1804.361621 -1804.364591 -1804.369641 -1804.378465 -1804.394349 -1804.423806 -1804.479982 -1804.590067 -1804.812746 -1805.283436 -1806.341508 -1808.923028 -1815.996286 -1839.079223 -9999.0 -9999.0
-9999.0 -9999.0 -9999.0 -9999.0 -9999.0 -9999.0 -9999.0 -9999.0 -9999.0 -9999.0 -9999.0 -9999.0 -9999.0 -9999.0 -9999.0 -9999.0 -9999.0 -9999.0 -9999.0 -9999.0 -9999.0 -9999.0 -9999.0 -9999.0 -9999.0 -9999.0 -9999.0 -9999.0 -9999.0 -9999.0 -9999.0 -9999.0 -9999.0 -9999.0 -9999.0 -9999.0 -9999.0 -9999.0 -9999.0 -9999.0 -9999.0 -9999.0 -9999.0 -9999.0 -9999.0 -9999.0 -9999.0 -9999.0 -9999.0 -9999.0 -9999.0 -9999.0 -9999.0 -9999.0 -9999.0 -9999.0 -9999.0 -9999.0 -9999.0 -9999.0 -9999.0 -9999.0 -9999.0 -9999.0 -9999.0 -9999.0 -9999.0 -9999.0 -9999.0 -9999.0 -9999.0 -9999.0 -9999.0 -9999.0 -9999.0 -9999.0 -9999.0 -9999.0 -9999.0 -9999.0 -9999.0 -9999.0 -9999.0 -9999.0 -9999.0 -9999.0 -9999.0 -9999.0 -9999.0 -9999.0 -9999.0 -9999.0 -9999.0 -9999.0 -9999.0 -9999.0 -9999.0 -9999.0 -9999.0 -9999.0 -9999.0 -9999.0 -9999.0 -9999.0
-9999.0 -9999.0 -9999.0 -9999.0 -9999.0 -9999.0 -9999.0 -9999.0 -9999.0 -9999.0 -9999.0 -9999.0 -9999.0 -9999.0 -9999.0 -9999.0 -9999.0 -9999.0 -9999.0 -9999.0 -9999.0 -9999.0 -9999.0 -9999.0 -9999.0 -9999.0 -9999.0 -9999.0 -9999.0 -9999.0 -9999.0 -9999.0 -9999.0 -9999.0 -9999.0 -9999.0 -9999.0 -9999.0 -9999.0 -9999.0 -9999.0 -9999.0 -9999.0 -9999.0 -9999.0 -9999.0 -9999.0 -9999.0 -9999.0 -9999.0 -9999.0 -9999.0 -9999.0 -9999.0 -9999.0 -9999.0 -9999.0 -9999.0 -9999.0 -9999.0 -9999.0 -9999.0 -9999.0 -9999.0 -9999.0 -9999.0 -9999.0 -9999.0 -9999.0 -9999.0 -9999.0 -9999.0 -9999.0 -9999.0 -9999.0 -9999.0 -9999.0 -9999.0 -9999.0 -9999.0 -9999.0 -9999.0 -9999.0 -9999.0 -9999.0 -9999.0 -9999.0 -9999.0 -9999.0 -9999.0 -9999.0 -9999.0 -9999.0 -9999.0 -9999.0 -9999.0 -9999.0 -9999.0 -9999.0 -9999.0 -9999.0 -9999.0 -9999.0 -9999.0