inst/processing_geotop_simulation/geotop_simulation/out/maps3D/PwL0008N0135.asc
ncols         104
nrows         10
xllcorner     -2.000000
yllcorner     0.000000
cellsize      1.000000
NODATA_value  -9999.0
-9999.0 -9999.0 -9999.0 -9999.0 -9999.0 -9999.0 -9999.0 -9999.0 -9999.0 -9999.0 -9999.0 -9999.0 -9999.0 -9999.0 -9999.0 -9999.0 -9999.0 -9999.0 -9999.0 -9999.0 -9999.0 -9999.0 -9999.0 -9999.0 -9999.0 -9999.0 -9999.0 -9999.0 -9999.0 -9999.0 -9999.0 -9999.0 -9999.0 -9999.0 -9999.0 -9999.0 -9999.0 -9999.0 -9999.0 -9999.0 -9999.0 -9999.0 -9999.0 -9999.0 -9999.0 -9999.0 -9999.0 -9999.0 -9999.0 -9999.0 -9999.0 -9999.0 -9999.0 -9999.0 -9999.0 -9999.0 -9999.0 -9999.0 -9999.0 -9999.0 -9999.0 -9999.0 -9999.0 -9999.0 -9999.0 -9999.0 -9999.0 -9999.0 -9999.0 -9999.0 -9999.0 -9999.0 -9999.0 -9999.0 -9999.0 -9999.0 -9999.0 -9999.0 -9999.0 -9999.0 -9999.0 -9999.0 -9999.0 -9999.0 -9999.0 -9999.0 -9999.0 -9999.0 -9999.0 -9999.0 -9999.0 -9999.0 -9999.0 -9999.0 -9999.0 -9999.0 -9999.0 -9999.0 -9999.0 -9999.0 -9999.0 -9999.0 -9999.0 -9999.0
-9999.0 -9999.0 -9999.0 -9999.0 -9999.0 -9999.0 -9999.0 -9999.0 -9999.0 -9999.0 -9999.0 -9999.0 -9999.0 -9999.0 -9999.0 -9999.0 -9999.0 -9999.0 -9999.0 -9999.0 -9999.0 -9999.0 -9999.0 -9999.0 -9999.0 -9999.0 -9999.0 -9999.0 -9999.0 -9999.0 -9999.0 -9999.0 -9999.0 -9999.0 -9999.0 -9999.0 -9999.0 -9999.0 -9999.0 -9999.0 -9999.0 -9999.0 -9999.0 -9999.0 -9999.0 -9999.0 -9999.0 -9999.0 -9999.0 -9999.0 -9999.0 -9999.0 -9999.0 -9999.0 -9999.0 -9999.0 -9999.0 -9999.0 -9999.0 -9999.0 -9999.0 -9999.0 -9999.0 -9999.0 -9999.0 -9999.0 -9999.0 -9999.0 -9999.0 -9999.0 -9999.0 -9999.0 -9999.0 -9999.0 -9999.0 -9999.0 -9999.0 -9999.0 -9999.0 -9999.0 -9999.0 -9999.0 -9999.0 -9999.0 -9999.0 -9999.0 -9999.0 -9999.0 -9999.0 -9999.0 -9999.0 -9999.0 -9999.0 -9999.0 -9999.0 -9999.0 -9999.0 -9999.0 -9999.0 -9999.0 -9999.0 -9999.0 -9999.0 -9999.0
-9999.0 -9999.0 386.420210 298.089530 205.523973 111.251857 16.283302 -78.956595 -174.289725 -269.584059 -364.708684 -459.486651 -553.783667 -648.156202 -743.652007 -838.597660 -933.421930 -1027.614607 -1120.237391 -1202.957063 -1265.892423 -1309.700939 -1337.923526 -1355.279016 -1365.837046 -1372.408725 -1376.686005 -1379.599017 -1381.642370 -1383.091461 -1384.117824 -1384.839491 -1385.342314 -1385.689314 -1385.926356 -1386.088241 -1386.208383 -1386.335625 -1386.617401 -1388.072444 -1396.909058 -1437.849474 -1218.260124 -1329.345486 -1275.569796 -1243.914105 -1229.535676 -1227.698190 -1227.514393 -1227.536207 -1227.587537 -1227.642382 -1227.695016 -1227.743713 -1227.788672 -1227.838894 -1227.984077 -1229.010043 -1236.354422 -1253.224635 -1281.098966 -1146.741156 -1413.094108 -1392.732717 -1387.451580 -1386.653188 -1386.536250 -1386.517745 -1386.515792 -1386.516812 -1386.518145 -1386.519272 -1386.520142 -1386.520801 -1386.521303 -1386.521692 -1386.522000 -1386.522247 -1386.522453 -1386.522634 -1386.522811 -1386.523005 -1386.523249 -1386.523586 -1386.524084 -1386.524848 -1386.526049 -1386.527967 -1386.531072 -1386.536185 -1386.544772 -1386.559562 -1386.585779 -1386.633670 -1386.723628 -1386.896587 -1387.235921 -1387.918298 -1389.347312 -1392.534241 -1400.291458 -1422.580898 -9999.0 -9999.0
-9999.0 -9999.0 386.428369 298.091626 205.524540 111.252026 16.283356 -78.956577 -174.289719 -269.584057 -364.708684 -459.486651 -553.783667 -648.156202 -743.652007 -838.597660 -933.421930 -1027.614608 -1120.237391 -1202.957064 -1265.892423 -1309.700939 -1337.923526 -1355.279016 -1365.837046 -1372.408725 -1376.686006 -1379.599017 -1381.642370 -1383.091461 -1384.117824 -1384.839491 -1385.342314 -1385.689314 -1385.926356 -1386.088241 -1386.208383 -1386.335625 -1386.617401 -1388.072444 -1396.909058 -1437.849474 -1218.260124 -1329.345486 -1275.569796 -1243.914104 -1229.535676 -1227.698190 -1227.514393 -1227.536207 -1227.587537 -1227.642382 -1227.695016 -1227.743713 -1227.788672 -1227.838894 -1227.984077 -1229.010043 -1236.354422 -1253.224635 -1281.098966 -1146.741156 -1413.094108 -1392.732717 -1387.451580 -1386.653188 -1386.536250 -1386.517745 -1386.515792 -1386.516812 -1386.518145 -1386.519272 -1386.520142 -1386.520801 -1386.521303 -1386.521692 -1386.522000 -1386.522247 -1386.522453 -1386.522634 -1386.522811 -1386.523005 -1386.523249 -1386.523586 -1386.524084 -1386.524848 -1386.526049 -1386.527967 -1386.531072 -1386.536185 -1386.544772 -1386.559562 -1386.585779 -1386.633670 -1386.723628 -1386.896587 -1387.235921 -1387.918298 -1389.347312 -1392.534241 -1400.291458 -1422.580898 -9999.0 -9999.0
-9999.0 -9999.0 386.430044 298.092529 205.524902 111.252158 16.283403 -78.956561 -174.289713 -269.584055 -364.708683 -459.486651 -553.783667 -648.156202 -743.652007 -838.597660 -933.421930 -1027.614608 -1120.237391 -1202.957064 -1265.892423 -1309.700939 -1337.923526 -1355.279016 -1365.837046 -1372.408725 -1376.686006 -1379.599017 -1381.642370 -1383.091461 -1384.117824 -1384.839491 -1385.342314 -1385.689314 -1385.926356 -1386.088241 -1386.208383 -1386.335625 -1386.617401 -1388.072444 -1396.909058 -1437.849474 -1218.260124 -1329.345486 -1275.569796 -1243.914104 -1229.535676 -1227.698190 -1227.514393 -1227.536207 -1227.587537 -1227.642382 -1227.695016 -1227.743713 -1227.788672 -1227.838894 -1227.984077 -1229.010043 -1236.354422 -1253.224635 -1281.098966 -1146.741156 -1413.094108 -1392.732717 -1387.451580 -1386.653188 -1386.536250 -1386.517745 -1386.515792 -1386.516812 -1386.518145 -1386.519272 -1386.520142 -1386.520801 -1386.521303 -1386.521692 -1386.522000 -1386.522247 -1386.522453 -1386.522634 -1386.522811 -1386.523005 -1386.523249 -1386.523586 -1386.524084 -1386.524848 -1386.526049 -1386.527967 -1386.531072 -1386.536185 -1386.544772 -1386.559562 -1386.585779 -1386.633670 -1386.723628 -1386.896587 -1387.235921 -1387.918298 -1389.347312 -1392.534241 -1400.291458 -1422.580898 -9999.0 -9999.0
-9999.0 -9999.0 386.430044 298.092529 205.524902 111.252158 16.283403 -78.956561 -174.289713 -269.584055 -364.708683 -459.486650 -553.783667 -648.156202 -743.652007 -838.597660 -933.421930 -1027.614608 -1120.237391 -1202.957064 -1265.892423 -1309.700939 -1337.923526 -1355.279016 -1365.837046 -1372.408725 -1376.686006 -1379.599017 -1381.642370 -1383.091461 -1384.117824 -1384.839491 -1385.342314 -1385.689314 -1385.926356 -1386.088241 -1386.208383 -1386.335625 -1386.617401 -1388.072444 -1396.909058 -1437.849474 -1218.260124 -1329.345486 -1275.569796 -1243.914104 -1229.535676 -1227.698190 -1227.514393 -1227.536207 -1227.587537 -1227.642382 -1227.695016 -1227.743713 -1227.788672 -1227.838894 -1227.984077 -1229.010043 -1236.354422 -1253.224635 -1281.098966 -1146.741156 -1413.094108 -1392.732717 -1387.451580 -1386.653188 -1386.536250 -1386.517745 -1386.515792 -1386.516812 -1386.518145 -1386.519272 -1386.520142 -1386.520801 -1386.521303 -1386.521692 -1386.522000 -1386.522247 -1386.522453 -1386.522634 -1386.522811 -1386.523005 -1386.523249 -1386.523586 -1386.524084 -1386.524848 -1386.526049 -1386.527967 -1386.531072 -1386.536185 -1386.544772 -1386.559562 -1386.585779 -1386.633670 -1386.723628 -1386.896587 -1387.235921 -1387.918298 -1389.347312 -1392.534241 -1400.291458 -1422.580898 -9999.0 -9999.0
-9999.0 -9999.0 386.428369 298.091626 205.524540 111.252025 16.283356 -78.956578 -174.289719 -269.584057 -364.708683 -459.486651 -553.783667 -648.156202 -743.652007 -838.597660 -933.421930 -1027.614608 -1120.237391 -1202.957064 -1265.892423 -1309.700939 -1337.923526 -1355.279016 -1365.837046 -1372.408725 -1376.686006 -1379.599017 -1381.642370 -1383.091461 -1384.117824 -1384.839491 -1385.342314 -1385.689314 -1385.926356 -1386.088241 -1386.208383 -1386.335625 -1386.617401 -1388.072444 -1396.909058 -1437.849474 -1218.260124 -1329.345486 -1275.569796 -1243.914104 -1229.535676 -1227.698190 -1227.514393 -1227.536207 -1227.587537 -1227.642382 -1227.695016 -1227.743713 -1227.788672 -1227.838894 -1227.984077 -1229.010043 -1236.354422 -1253.224635 -1281.098966 -1146.741156 -1413.094108 -1392.732717 -1387.451580 -1386.653188 -1386.536250 -1386.517745 -1386.515792 -1386.516812 -1386.518145 -1386.519272 -1386.520142 -1386.520801 -1386.521303 -1386.521692 -1386.522000 -1386.522247 -1386.522453 -1386.522634 -1386.522811 -1386.523005 -1386.523249 -1386.523586 -1386.524084 -1386.524848 -1386.526049 -1386.527967 -1386.531072 -1386.536185 -1386.544772 -1386.559562 -1386.585779 -1386.633670 -1386.723628 -1386.896587 -1387.235921 -1387.918298 -1389.347312 -1392.534241 -1400.291458 -1422.580898 -9999.0 -9999.0
-9999.0 -9999.0 386.420210 298.089530 205.523973 111.251857 16.283302 -78.956595 -174.289725 -269.584059 -364.708684 -459.486651 -553.783667 -648.156202 -743.652007 -838.597660 -933.421930 -1027.614607 -1120.237391 -1202.957063 -1265.892423 -1309.700939 -1337.923526 -1355.279016 -1365.837046 -1372.408725 -1376.686005 -1379.599017 -1381.642370 -1383.091461 -1384.117824 -1384.839491 -1385.342314 -1385.689314 -1385.926356 -1386.088241 -1386.208383 -1386.335625 -1386.617401 -1388.072444 -1396.909058 -1437.849474 -1218.260124 -1329.345486 -1275.569796 -1243.914105 -1229.535676 -1227.698190 -1227.514393 -1227.536207 -1227.587537 -1227.642382 -1227.695016 -1227.743713 -1227.788672 -1227.838894 -1227.984077 -1229.010043 -1236.354422 -1253.224635 -1281.098966 -1146.741156 -1413.094108 -1392.732717 -1387.451580 -1386.653188 -1386.536250 -1386.517745 -1386.515792 -1386.516812 -1386.518145 -1386.519272 -1386.520142 -1386.520801 -1386.521303 -1386.521692 -1386.522000 -1386.522247 -1386.522453 -1386.522634 -1386.522811 -1386.523005 -1386.523249 -1386.523586 -1386.524084 -1386.524848 -1386.526049 -1386.527967 -1386.531072 -1386.536185 -1386.544772 -1386.559562 -1386.585779 -1386.633670 -1386.723628 -1386.896587 -1387.235921 -1387.918298 -1389.347312 -1392.534241 -1400.291458 -1422.580898 -9999.0 -9999.0
-9999.0 -9999.0 -9999.0 -9999.0 -9999.0 -9999.0 -9999.0 -9999.0 -9999.0 -9999.0 -9999.0 -9999.0 -9999.0 -9999.0 -9999.0 -9999.0 -9999.0 -9999.0 -9999.0 -9999.0 -9999.0 -9999.0 -9999.0 -9999.0 -9999.0 -9999.0 -9999.0 -9999.0 -9999.0 -9999.0 -9999.0 -9999.0 -9999.0 -9999.0 -9999.0 -9999.0 -9999.0 -9999.0 -9999.0 -9999.0 -9999.0 -9999.0 -9999.0 -9999.0 -9999.0 -9999.0 -9999.0 -9999.0 -9999.0 -9999.0 -9999.0 -9999.0 -9999.0 -9999.0 -9999.0 -9999.0 -9999.0 -9999.0 -9999.0 -9999.0 -9999.0 -9999.0 -9999.0 -9999.0 -9999.0 -9999.0 -9999.0 -9999.0 -9999.0 -9999.0 -9999.0 -9999.0 -9999.0 -9999.0 -9999.0 -9999.0 -9999.0 -9999.0 -9999.0 -9999.0 -9999.0 -9999.0 -9999.0 -9999.0 -9999.0 -9999.0 -9999.0 -9999.0 -9999.0 -9999.0 -9999.0 -9999.0 -9999.0 -9999.0 -9999.0 -9999.0 -9999.0 -9999.0 -9999.0 -9999.0 -9999.0 -9999.0 -9999.0 -9999.0
-9999.0 -9999.0 -9999.0 -9999.0 -9999.0 -9999.0 -9999.0 -9999.0 -9999.0 -9999.0 -9999.0 -9999.0 -9999.0 -9999.0 -9999.0 -9999.0 -9999.0 -9999.0 -9999.0 -9999.0 -9999.0 -9999.0 -9999.0 -9999.0 -9999.0 -9999.0 -9999.0 -9999.0 -9999.0 -9999.0 -9999.0 -9999.0 -9999.0 -9999.0 -9999.0 -9999.0 -9999.0 -9999.0 -9999.0 -9999.0 -9999.0 -9999.0 -9999.0 -9999.0 -9999.0 -9999.0 -9999.0 -9999.0 -9999.0 -9999.0 -9999.0 -9999.0 -9999.0 -9999.0 -9999.0 -9999.0 -9999.0 -9999.0 -9999.0 -9999.0 -9999.0 -9999.0 -9999.0 -9999.0 -9999.0 -9999.0 -9999.0 -9999.0 -9999.0 -9999.0 -9999.0 -9999.0 -9999.0 -9999.0 -9999.0 -9999.0 -9999.0 -9999.0 -9999.0 -9999.0 -9999.0 -9999.0 -9999.0 -9999.0 -9999.0 -9999.0 -9999.0 -9999.0 -9999.0 -9999.0 -9999.0 -9999.0 -9999.0 -9999.0 -9999.0 -9999.0 -9999.0 -9999.0 -9999.0 -9999.0 -9999.0 -9999.0 -9999.0 -9999.0