inst/processing_geotop_simulation/geotop_simulation/out/maps3D/PwL0018N0071.asc
ncols         104
nrows         10
xllcorner     -2.000000
yllcorner     0.000000
cellsize      1.000000
NODATA_value  -9999.0
-9999.0 -9999.0 -9999.0 -9999.0 -9999.0 -9999.0 -9999.0 -9999.0 -9999.0 -9999.0 -9999.0 -9999.0 -9999.0 -9999.0 -9999.0 -9999.0 -9999.0 -9999.0 -9999.0 -9999.0 -9999.0 -9999.0 -9999.0 -9999.0 -9999.0 -9999.0 -9999.0 -9999.0 -9999.0 -9999.0 -9999.0 -9999.0 -9999.0 -9999.0 -9999.0 -9999.0 -9999.0 -9999.0 -9999.0 -9999.0 -9999.0 -9999.0 -9999.0 -9999.0 -9999.0 -9999.0 -9999.0 -9999.0 -9999.0 -9999.0 -9999.0 -9999.0 -9999.0 -9999.0 -9999.0 -9999.0 -9999.0 -9999.0 -9999.0 -9999.0 -9999.0 -9999.0 -9999.0 -9999.0 -9999.0 -9999.0 -9999.0 -9999.0 -9999.0 -9999.0 -9999.0 -9999.0 -9999.0 -9999.0 -9999.0 -9999.0 -9999.0 -9999.0 -9999.0 -9999.0 -9999.0 -9999.0 -9999.0 -9999.0 -9999.0 -9999.0 -9999.0 -9999.0 -9999.0 -9999.0 -9999.0 -9999.0 -9999.0 -9999.0 -9999.0 -9999.0 -9999.0 -9999.0 -9999.0 -9999.0 -9999.0 -9999.0 -9999.0 -9999.0
-9999.0 -9999.0 -9999.0 -9999.0 -9999.0 -9999.0 -9999.0 -9999.0 -9999.0 -9999.0 -9999.0 -9999.0 -9999.0 -9999.0 -9999.0 -9999.0 -9999.0 -9999.0 -9999.0 -9999.0 -9999.0 -9999.0 -9999.0 -9999.0 -9999.0 -9999.0 -9999.0 -9999.0 -9999.0 -9999.0 -9999.0 -9999.0 -9999.0 -9999.0 -9999.0 -9999.0 -9999.0 -9999.0 -9999.0 -9999.0 -9999.0 -9999.0 -9999.0 -9999.0 -9999.0 -9999.0 -9999.0 -9999.0 -9999.0 -9999.0 -9999.0 -9999.0 -9999.0 -9999.0 -9999.0 -9999.0 -9999.0 -9999.0 -9999.0 -9999.0 -9999.0 -9999.0 -9999.0 -9999.0 -9999.0 -9999.0 -9999.0 -9999.0 -9999.0 -9999.0 -9999.0 -9999.0 -9999.0 -9999.0 -9999.0 -9999.0 -9999.0 -9999.0 -9999.0 -9999.0 -9999.0 -9999.0 -9999.0 -9999.0 -9999.0 -9999.0 -9999.0 -9999.0 -9999.0 -9999.0 -9999.0 -9999.0 -9999.0 -9999.0 -9999.0 -9999.0 -9999.0 -9999.0 -9999.0 -9999.0 -9999.0 -9999.0 -9999.0 -9999.0
-9999.0 -9999.0 536.543311 436.734974 337.248898 238.189498 139.663711 41.782361 -55.441778 -152.468716 -250.371903 -350.678928 -454.067709 -557.280561 -650.855533 -719.942057 -760.407704 -781.710711 -793.155033 -847.165687 -898.196448 -947.221951 -995.531382 -969.991459 -952.740141 -942.254018 -936.618575 -934.148752 -933.571011 -934.010556 -934.908131 -935.930969 -936.899691 -937.732288 -938.404379 -938.924575 -939.328262 -939.685112 -940.071426 -941.018092 -949.571290 -1048.432807 -2158.485712 -4080.926205 -4084.158362 -4084.158416 -4084.158416 -4084.158416 -4084.158416 -4084.158416 -4084.158415 -4084.158413 -4084.158408 -4084.158400 -4084.158385 -4084.158352 -4084.158263 -4084.157996 -4084.157116 -4084.153889 -4078.932308 -2049.715743 -1021.399006 -947.242051 -941.229397 -940.578610 -940.468748 -940.448839 -940.447567 -940.449821 -940.452285 -940.454308 -940.455857 -940.457030 -940.457927 -940.458624 -940.459176 -940.459622 -940.459992 -940.460316 -940.460630 -940.460974 -940.461402 -940.461990 -940.462856 -940.464183 -940.466262 -940.469573 -940.474920 -940.483685 -940.498331 -940.523399 -940.567548 -940.647736 -940.797733 -941.085328 -941.648009 -942.775249 -945.138118 -950.523529 -964.059123 -999.026670 -9999.0 -9999.0
-9999.0 -9999.0 536.543311 436.734973 337.248898 238.189498 139.663710 41.782360 -55.441779 -152.468716 -250.371903 -350.678928 -454.067710 -557.280561 -650.855533 -719.942057 -760.407704 -781.710711 -793.155033 -847.165687 -898.196448 -947.221951 -995.531382 -969.991459 -952.740141 -942.254018 -936.618575 -934.148752 -933.571011 -934.010556 -934.908131 -935.930969 -936.899691 -937.732288 -938.404379 -938.924575 -939.328262 -939.685112 -940.071426 -941.018092 -949.571290 -1048.432807 -2158.485712 -4080.926205 -4084.158362 -4084.158416 -4084.158416 -4084.158416 -4084.158416 -4084.158416 -4084.158415 -4084.158413 -4084.158408 -4084.158400 -4084.158385 -4084.158352 -4084.158263 -4084.157996 -4084.157116 -4084.153889 -4078.932308 -2049.715743 -1021.399006 -947.242051 -941.229397 -940.578610 -940.468748 -940.448839 -940.447567 -940.449821 -940.452285 -940.454308 -940.455857 -940.457030 -940.457927 -940.458624 -940.459176 -940.459622 -940.459992 -940.460316 -940.460630 -940.460974 -940.461402 -940.461990 -940.462856 -940.464183 -940.466262 -940.469573 -940.474920 -940.483685 -940.498331 -940.523399 -940.567548 -940.647736 -940.797733 -941.085328 -941.648009 -942.775249 -945.138118 -950.523529 -964.059123 -999.026670 -9999.0 -9999.0
-9999.0 -9999.0 536.543310 436.734973 337.248897 238.189497 139.663710 41.782360 -55.441779 -152.468717 -250.371903 -350.678928 -454.067710 -557.280561 -650.855533 -719.942057 -760.407704 -781.710711 -793.155033 -847.165687 -898.196448 -947.221951 -995.531382 -969.991459 -952.740141 -942.254018 -936.618575 -934.148752 -933.571011 -934.010556 -934.908131 -935.930969 -936.899691 -937.732288 -938.404379 -938.924575 -939.328262 -939.685112 -940.071426 -941.018092 -949.571290 -1048.432807 -2158.485712 -4080.926205 -4084.158362 -4084.158416 -4084.158416 -4084.158416 -4084.158416 -4084.158416 -4084.158415 -4084.158413 -4084.158408 -4084.158400 -4084.158385 -4084.158352 -4084.158263 -4084.157996 -4084.157116 -4084.153889 -4078.932308 -2049.715743 -1021.399006 -947.242051 -941.229397 -940.578610 -940.468748 -940.448839 -940.447567 -940.449821 -940.452285 -940.454308 -940.455857 -940.457030 -940.457927 -940.458624 -940.459176 -940.459622 -940.459992 -940.460316 -940.460630 -940.460974 -940.461402 -940.461990 -940.462856 -940.464183 -940.466262 -940.469573 -940.474920 -940.483685 -940.498331 -940.523399 -940.567548 -940.647736 -940.797733 -941.085328 -941.648009 -942.775249 -945.138118 -950.523529 -964.059123 -999.026670 -9999.0 -9999.0
-9999.0 -9999.0 536.543310 436.734973 337.248897 238.189497 139.663710 41.782360 -55.441779 -152.468717 -250.371903 -350.678928 -454.067710 -557.280561 -650.855533 -719.942057 -760.407704 -781.710711 -793.155033 -847.165687 -898.196448 -947.221951 -995.531382 -969.991459 -952.740141 -942.254018 -936.618575 -934.148752 -933.571011 -934.010556 -934.908131 -935.930969 -936.899691 -937.732288 -938.404379 -938.924575 -939.328262 -939.685112 -940.071426 -941.018092 -949.571290 -1048.432807 -2158.485712 -4080.926205 -4084.158362 -4084.158416 -4084.158416 -4084.158416 -4084.158416 -4084.158416 -4084.158415 -4084.158413 -4084.158408 -4084.158400 -4084.158385 -4084.158352 -4084.158263 -4084.157996 -4084.157116 -4084.153889 -4078.932308 -2049.715743 -1021.399006 -947.242051 -941.229397 -940.578610 -940.468748 -940.448839 -940.447567 -940.449821 -940.452285 -940.454308 -940.455857 -940.457030 -940.457927 -940.458624 -940.459176 -940.459622 -940.459992 -940.460316 -940.460630 -940.460974 -940.461402 -940.461990 -940.462856 -940.464183 -940.466262 -940.469573 -940.474920 -940.483685 -940.498331 -940.523399 -940.567548 -940.647736 -940.797733 -941.085328 -941.648009 -942.775249 -945.138118 -950.523529 -964.059123 -999.026670 -9999.0 -9999.0
-9999.0 -9999.0 536.543311 436.734973 337.248898 238.189498 139.663710 41.782360 -55.441779 -152.468716 -250.371903 -350.678928 -454.067710 -557.280561 -650.855533 -719.942057 -760.407704 -781.710711 -793.155033 -847.165687 -898.196448 -947.221951 -995.531382 -969.991459 -952.740141 -942.254018 -936.618575 -934.148752 -933.571011 -934.010556 -934.908131 -935.930969 -936.899691 -937.732288 -938.404379 -938.924575 -939.328262 -939.685112 -940.071426 -941.018092 -949.571290 -1048.432807 -2158.485712 -4080.926205 -4084.158362 -4084.158416 -4084.158416 -4084.158416 -4084.158416 -4084.158416 -4084.158415 -4084.158413 -4084.158408 -4084.158400 -4084.158385 -4084.158352 -4084.158263 -4084.157996 -4084.157116 -4084.153889 -4078.932308 -2049.715743 -1021.399006 -947.242051 -941.229397 -940.578610 -940.468748 -940.448839 -940.447567 -940.449821 -940.452285 -940.454308 -940.455857 -940.457030 -940.457927 -940.458624 -940.459176 -940.459622 -940.459992 -940.460316 -940.460630 -940.460974 -940.461402 -940.461990 -940.462856 -940.464183 -940.466262 -940.469573 -940.474920 -940.483685 -940.498331 -940.523399 -940.567548 -940.647736 -940.797733 -941.085328 -941.648009 -942.775249 -945.138118 -950.523529 -964.059123 -999.026670 -9999.0 -9999.0
-9999.0 -9999.0 536.543311 436.734974 337.248898 238.189498 139.663711 41.782361 -55.441778 -152.468716 -250.371903 -350.678928 -454.067709 -557.280561 -650.855533 -719.942057 -760.407704 -781.710711 -793.155033 -847.165687 -898.196448 -947.221951 -995.531382 -969.991459 -952.740141 -942.254018 -936.618575 -934.148752 -933.571011 -934.010556 -934.908131 -935.930969 -936.899691 -937.732288 -938.404379 -938.924575 -939.328262 -939.685112 -940.071426 -941.018092 -949.571290 -1048.432807 -2158.485712 -4080.926205 -4084.158362 -4084.158416 -4084.158416 -4084.158416 -4084.158416 -4084.158416 -4084.158415 -4084.158413 -4084.158408 -4084.158400 -4084.158385 -4084.158352 -4084.158263 -4084.157996 -4084.157116 -4084.153889 -4078.932308 -2049.715743 -1021.399006 -947.242051 -941.229397 -940.578610 -940.468748 -940.448839 -940.447567 -940.449821 -940.452285 -940.454308 -940.455857 -940.457030 -940.457927 -940.458624 -940.459176 -940.459622 -940.459992 -940.460316 -940.460630 -940.460974 -940.461402 -940.461990 -940.462856 -940.464183 -940.466262 -940.469573 -940.474920 -940.483685 -940.498331 -940.523399 -940.567548 -940.647736 -940.797733 -941.085328 -941.648009 -942.775249 -945.138118 -950.523529 -964.059123 -999.026670 -9999.0 -9999.0
-9999.0 -9999.0 -9999.0 -9999.0 -9999.0 -9999.0 -9999.0 -9999.0 -9999.0 -9999.0 -9999.0 -9999.0 -9999.0 -9999.0 -9999.0 -9999.0 -9999.0 -9999.0 -9999.0 -9999.0 -9999.0 -9999.0 -9999.0 -9999.0 -9999.0 -9999.0 -9999.0 -9999.0 -9999.0 -9999.0 -9999.0 -9999.0 -9999.0 -9999.0 -9999.0 -9999.0 -9999.0 -9999.0 -9999.0 -9999.0 -9999.0 -9999.0 -9999.0 -9999.0 -9999.0 -9999.0 -9999.0 -9999.0 -9999.0 -9999.0 -9999.0 -9999.0 -9999.0 -9999.0 -9999.0 -9999.0 -9999.0 -9999.0 -9999.0 -9999.0 -9999.0 -9999.0 -9999.0 -9999.0 -9999.0 -9999.0 -9999.0 -9999.0 -9999.0 -9999.0 -9999.0 -9999.0 -9999.0 -9999.0 -9999.0 -9999.0 -9999.0 -9999.0 -9999.0 -9999.0 -9999.0 -9999.0 -9999.0 -9999.0 -9999.0 -9999.0 -9999.0 -9999.0 -9999.0 -9999.0 -9999.0 -9999.0 -9999.0 -9999.0 -9999.0 -9999.0 -9999.0 -9999.0 -9999.0 -9999.0 -9999.0 -9999.0 -9999.0 -9999.0
-9999.0 -9999.0 -9999.0 -9999.0 -9999.0 -9999.0 -9999.0 -9999.0 -9999.0 -9999.0 -9999.0 -9999.0 -9999.0 -9999.0 -9999.0 -9999.0 -9999.0 -9999.0 -9999.0 -9999.0 -9999.0 -9999.0 -9999.0 -9999.0 -9999.0 -9999.0 -9999.0 -9999.0 -9999.0 -9999.0 -9999.0 -9999.0 -9999.0 -9999.0 -9999.0 -9999.0 -9999.0 -9999.0 -9999.0 -9999.0 -9999.0 -9999.0 -9999.0 -9999.0 -9999.0 -9999.0 -9999.0 -9999.0 -9999.0 -9999.0 -9999.0 -9999.0 -9999.0 -9999.0 -9999.0 -9999.0 -9999.0 -9999.0 -9999.0 -9999.0 -9999.0 -9999.0 -9999.0 -9999.0 -9999.0 -9999.0 -9999.0 -9999.0 -9999.0 -9999.0 -9999.0 -9999.0 -9999.0 -9999.0 -9999.0 -9999.0 -9999.0 -9999.0 -9999.0 -9999.0 -9999.0 -9999.0 -9999.0 -9999.0 -9999.0 -9999.0 -9999.0 -9999.0 -9999.0 -9999.0 -9999.0 -9999.0 -9999.0 -9999.0 -9999.0 -9999.0 -9999.0 -9999.0 -9999.0 -9999.0 -9999.0 -9999.0 -9999.0 -9999.0