inst/processing_geotop_simulation/geotop_simulation/out/maps3D/PwL0006N0124.asc
ncols         104
nrows         10
xllcorner     -2.000000
yllcorner     0.000000
cellsize      1.000000
NODATA_value  -9999.0
-9999.0 -9999.0 -9999.0 -9999.0 -9999.0 -9999.0 -9999.0 -9999.0 -9999.0 -9999.0 -9999.0 -9999.0 -9999.0 -9999.0 -9999.0 -9999.0 -9999.0 -9999.0 -9999.0 -9999.0 -9999.0 -9999.0 -9999.0 -9999.0 -9999.0 -9999.0 -9999.0 -9999.0 -9999.0 -9999.0 -9999.0 -9999.0 -9999.0 -9999.0 -9999.0 -9999.0 -9999.0 -9999.0 -9999.0 -9999.0 -9999.0 -9999.0 -9999.0 -9999.0 -9999.0 -9999.0 -9999.0 -9999.0 -9999.0 -9999.0 -9999.0 -9999.0 -9999.0 -9999.0 -9999.0 -9999.0 -9999.0 -9999.0 -9999.0 -9999.0 -9999.0 -9999.0 -9999.0 -9999.0 -9999.0 -9999.0 -9999.0 -9999.0 -9999.0 -9999.0 -9999.0 -9999.0 -9999.0 -9999.0 -9999.0 -9999.0 -9999.0 -9999.0 -9999.0 -9999.0 -9999.0 -9999.0 -9999.0 -9999.0 -9999.0 -9999.0 -9999.0 -9999.0 -9999.0 -9999.0 -9999.0 -9999.0 -9999.0 -9999.0 -9999.0 -9999.0 -9999.0 -9999.0 -9999.0 -9999.0 -9999.0 -9999.0 -9999.0 -9999.0
-9999.0 -9999.0 -9999.0 -9999.0 -9999.0 -9999.0 -9999.0 -9999.0 -9999.0 -9999.0 -9999.0 -9999.0 -9999.0 -9999.0 -9999.0 -9999.0 -9999.0 -9999.0 -9999.0 -9999.0 -9999.0 -9999.0 -9999.0 -9999.0 -9999.0 -9999.0 -9999.0 -9999.0 -9999.0 -9999.0 -9999.0 -9999.0 -9999.0 -9999.0 -9999.0 -9999.0 -9999.0 -9999.0 -9999.0 -9999.0 -9999.0 -9999.0 -9999.0 -9999.0 -9999.0 -9999.0 -9999.0 -9999.0 -9999.0 -9999.0 -9999.0 -9999.0 -9999.0 -9999.0 -9999.0 -9999.0 -9999.0 -9999.0 -9999.0 -9999.0 -9999.0 -9999.0 -9999.0 -9999.0 -9999.0 -9999.0 -9999.0 -9999.0 -9999.0 -9999.0 -9999.0 -9999.0 -9999.0 -9999.0 -9999.0 -9999.0 -9999.0 -9999.0 -9999.0 -9999.0 -9999.0 -9999.0 -9999.0 -9999.0 -9999.0 -9999.0 -9999.0 -9999.0 -9999.0 -9999.0 -9999.0 -9999.0 -9999.0 -9999.0 -9999.0 -9999.0 -9999.0 -9999.0 -9999.0 -9999.0 -9999.0 -9999.0 -9999.0 -9999.0
-9999.0 -9999.0 287.035372 201.127930 109.388821 15.658186 -78.838869 -173.655676 -268.566475 -363.412085 -458.070194 -552.478813 -647.474314 -745.535591 -844.829258 -942.105902 -1038.412766 -1135.504870 -1227.394493 -1296.861347 -1339.310957 -1363.442628 -1376.278273 -1383.055666 -1386.949513 -1389.599802 -1391.715313 -1393.524102 -1395.061461 -1396.321140 -1397.311339 -1398.061158 -1398.611540 -1399.005078 -1399.279926 -1399.469210 -1399.607590 -1399.744343 -1399.996849 -1401.209640 -1408.954738 -1440.669595 -1045.342017 -1073.741706 -1047.688833 -1031.823878 -1024.479609 -1023.506381 -1023.408837 -1023.422638 -1023.452882 -1023.485119 -1023.516058 -1023.544681 -1023.571072 -1023.600170 -1023.681034 -1024.237134 -1028.045678 -1036.720289 -1050.840153 -1005.858720 -1418.766686 -1405.376794 -1400.773382 -1400.075139 -1399.969435 -1399.952070 -1399.950421 -1399.951658 -1399.953160 -1399.954415 -1399.955379 -1399.956108 -1399.956663 -1399.957093 -1399.957433 -1399.957706 -1399.957933 -1399.958133 -1399.958326 -1399.958539 -1399.958805 -1399.959172 -1399.959714 -1399.960546 -1399.961851 -1399.963934 -1399.967304 -1399.972844 -1399.982132 -1399.998093 -1400.026318 -1400.077760 -1400.174185 -1400.359145 -1400.720643 -1401.442118 -1402.933078 -1406.197935 -1413.984978 -1435.974883 -9999.0 -9999.0
-9999.0 -9999.0 287.044940 201.130157 109.389405 15.658358 -78.838814 -173.655658 -268.566469 -363.412082 -458.070193 -552.478812 -647.474314 -745.535591 -844.829258 -942.105902 -1038.412766 -1135.504870 -1227.394493 -1296.861347 -1339.310957 -1363.442628 -1376.278273 -1383.055666 -1386.949513 -1389.599802 -1391.715313 -1393.524102 -1395.061461 -1396.321140 -1397.311339 -1398.061158 -1398.611540 -1399.005078 -1399.279926 -1399.469210 -1399.607590 -1399.744343 -1399.996849 -1401.209640 -1408.954738 -1440.669595 -1045.342017 -1073.741705 -1047.688833 -1031.823877 -1024.479609 -1023.506381 -1023.408837 -1023.422638 -1023.452882 -1023.485119 -1023.516058 -1023.544681 -1023.571072 -1023.600170 -1023.681034 -1024.237134 -1028.045678 -1036.720289 -1050.840153 -1005.858720 -1418.766686 -1405.376794 -1400.773382 -1400.075139 -1399.969435 -1399.952070 -1399.950421 -1399.951658 -1399.953160 -1399.954415 -1399.955379 -1399.956108 -1399.956663 -1399.957093 -1399.957433 -1399.957706 -1399.957933 -1399.958133 -1399.958326 -1399.958539 -1399.958805 -1399.959172 -1399.959714 -1399.960546 -1399.961851 -1399.963934 -1399.967304 -1399.972844 -1399.982132 -1399.998093 -1400.026318 -1400.077760 -1400.174185 -1400.359145 -1400.720643 -1401.442118 -1402.933078 -1406.197935 -1413.984978 -1435.974883 -9999.0 -9999.0
-9999.0 -9999.0 287.046598 201.131083 109.389775 15.658493 -78.838766 -173.655641 -268.566463 -363.412080 -458.070193 -552.478812 -647.474314 -745.535591 -844.829258 -942.105902 -1038.412766 -1135.504870 -1227.394494 -1296.861347 -1339.310957 -1363.442628 -1376.278273 -1383.055666 -1386.949513 -1389.599802 -1391.715313 -1393.524102 -1395.061461 -1396.321140 -1397.311339 -1398.061158 -1398.611540 -1399.005078 -1399.279926 -1399.469210 -1399.607590 -1399.744343 -1399.996849 -1401.209640 -1408.954738 -1440.669595 -1045.342017 -1073.741705 -1047.688833 -1031.823877 -1024.479609 -1023.506381 -1023.408837 -1023.422638 -1023.452882 -1023.485119 -1023.516058 -1023.544681 -1023.571072 -1023.600170 -1023.681034 -1024.237134 -1028.045678 -1036.720289 -1050.840153 -1005.858720 -1418.766686 -1405.376794 -1400.773382 -1400.075139 -1399.969435 -1399.952070 -1399.950421 -1399.951658 -1399.953160 -1399.954415 -1399.955379 -1399.956108 -1399.956663 -1399.957093 -1399.957433 -1399.957706 -1399.957933 -1399.958133 -1399.958326 -1399.958539 -1399.958805 -1399.959172 -1399.959714 -1399.960546 -1399.961851 -1399.963934 -1399.967304 -1399.972844 -1399.982132 -1399.998093 -1400.026318 -1400.077760 -1400.174185 -1400.359145 -1400.720643 -1401.442118 -1402.933078 -1406.197935 -1413.984978 -1435.974883 -9999.0 -9999.0
-9999.0 -9999.0 287.046598 201.131083 109.389775 15.658493 -78.838766 -173.655641 -268.566463 -363.412080 -458.070193 -552.478812 -647.474314 -745.535591 -844.829258 -942.105902 -1038.412766 -1135.504870 -1227.394494 -1296.861347 -1339.310957 -1363.442628 -1376.278273 -1383.055666 -1386.949513 -1389.599802 -1391.715313 -1393.524102 -1395.061461 -1396.321140 -1397.311339 -1398.061158 -1398.611540 -1399.005078 -1399.279926 -1399.469210 -1399.607590 -1399.744343 -1399.996849 -1401.209640 -1408.954738 -1440.669595 -1045.342017 -1073.741705 -1047.688833 -1031.823877 -1024.479609 -1023.506381 -1023.408837 -1023.422638 -1023.452882 -1023.485119 -1023.516058 -1023.544681 -1023.571072 -1023.600170 -1023.681034 -1024.237134 -1028.045678 -1036.720289 -1050.840153 -1005.858720 -1418.766686 -1405.376794 -1400.773382 -1400.075139 -1399.969435 -1399.952070 -1399.950421 -1399.951658 -1399.953160 -1399.954415 -1399.955379 -1399.956108 -1399.956663 -1399.957093 -1399.957433 -1399.957706 -1399.957933 -1399.958133 -1399.958326 -1399.958539 -1399.958805 -1399.959172 -1399.959714 -1399.960546 -1399.961851 -1399.963934 -1399.967304 -1399.972844 -1399.982132 -1399.998093 -1400.026318 -1400.077760 -1400.174185 -1400.359145 -1400.720643 -1401.442118 -1402.933078 -1406.197935 -1413.984978 -1435.974883 -9999.0 -9999.0
-9999.0 -9999.0 287.044941 201.130157 109.389406 15.658358 -78.838814 -173.655658 -268.566469 -363.412082 -458.070193 -552.478812 -647.474314 -745.535591 -844.829258 -942.105902 -1038.412766 -1135.504870 -1227.394493 -1296.861347 -1339.310957 -1363.442628 -1376.278273 -1383.055666 -1386.949513 -1389.599802 -1391.715313 -1393.524102 -1395.061461 -1396.321140 -1397.311339 -1398.061158 -1398.611540 -1399.005078 -1399.279926 -1399.469210 -1399.607590 -1399.744343 -1399.996849 -1401.209640 -1408.954738 -1440.669595 -1045.342017 -1073.741705 -1047.688833 -1031.823877 -1024.479609 -1023.506381 -1023.408837 -1023.422638 -1023.452882 -1023.485119 -1023.516058 -1023.544681 -1023.571072 -1023.600170 -1023.681034 -1024.237134 -1028.045678 -1036.720289 -1050.840153 -1005.858720 -1418.766686 -1405.376794 -1400.773382 -1400.075139 -1399.969435 -1399.952070 -1399.950421 -1399.951658 -1399.953160 -1399.954415 -1399.955379 -1399.956108 -1399.956663 -1399.957093 -1399.957433 -1399.957706 -1399.957933 -1399.958133 -1399.958326 -1399.958539 -1399.958805 -1399.959172 -1399.959714 -1399.960546 -1399.961851 -1399.963934 -1399.967304 -1399.972844 -1399.982132 -1399.998093 -1400.026318 -1400.077760 -1400.174185 -1400.359145 -1400.720643 -1401.442118 -1402.933078 -1406.197935 -1413.984978 -1435.974883 -9999.0 -9999.0
-9999.0 -9999.0 287.035372 201.127930 109.388821 15.658186 -78.838869 -173.655676 -268.566476 -363.412085 -458.070194 -552.478813 -647.474314 -745.535591 -844.829258 -942.105902 -1038.412766 -1135.504870 -1227.394493 -1296.861347 -1339.310957 -1363.442628 -1376.278273 -1383.055666 -1386.949513 -1389.599802 -1391.715313 -1393.524102 -1395.061461 -1396.321140 -1397.311339 -1398.061158 -1398.611540 -1399.005078 -1399.279926 -1399.469210 -1399.607590 -1399.744343 -1399.996849 -1401.209640 -1408.954738 -1440.669595 -1045.342017 -1073.741706 -1047.688833 -1031.823878 -1024.479609 -1023.506381 -1023.408837 -1023.422638 -1023.452882 -1023.485119 -1023.516058 -1023.544681 -1023.571072 -1023.600170 -1023.681034 -1024.237134 -1028.045678 -1036.720289 -1050.840153 -1005.858720 -1418.766686 -1405.376794 -1400.773382 -1400.075139 -1399.969435 -1399.952070 -1399.950421 -1399.951658 -1399.953160 -1399.954415 -1399.955379 -1399.956108 -1399.956663 -1399.957093 -1399.957433 -1399.957706 -1399.957933 -1399.958133 -1399.958326 -1399.958539 -1399.958805 -1399.959172 -1399.959714 -1399.960546 -1399.961851 -1399.963934 -1399.967304 -1399.972844 -1399.982132 -1399.998093 -1400.026318 -1400.077760 -1400.174185 -1400.359145 -1400.720643 -1401.442118 -1402.933078 -1406.197935 -1413.984978 -1435.974883 -9999.0 -9999.0
-9999.0 -9999.0 -9999.0 -9999.0 -9999.0 -9999.0 -9999.0 -9999.0 -9999.0 -9999.0 -9999.0 -9999.0 -9999.0 -9999.0 -9999.0 -9999.0 -9999.0 -9999.0 -9999.0 -9999.0 -9999.0 -9999.0 -9999.0 -9999.0 -9999.0 -9999.0 -9999.0 -9999.0 -9999.0 -9999.0 -9999.0 -9999.0 -9999.0 -9999.0 -9999.0 -9999.0 -9999.0 -9999.0 -9999.0 -9999.0 -9999.0 -9999.0 -9999.0 -9999.0 -9999.0 -9999.0 -9999.0 -9999.0 -9999.0 -9999.0 -9999.0 -9999.0 -9999.0 -9999.0 -9999.0 -9999.0 -9999.0 -9999.0 -9999.0 -9999.0 -9999.0 -9999.0 -9999.0 -9999.0 -9999.0 -9999.0 -9999.0 -9999.0 -9999.0 -9999.0 -9999.0 -9999.0 -9999.0 -9999.0 -9999.0 -9999.0 -9999.0 -9999.0 -9999.0 -9999.0 -9999.0 -9999.0 -9999.0 -9999.0 -9999.0 -9999.0 -9999.0 -9999.0 -9999.0 -9999.0 -9999.0 -9999.0 -9999.0 -9999.0 -9999.0 -9999.0 -9999.0 -9999.0 -9999.0 -9999.0 -9999.0 -9999.0 -9999.0 -9999.0
-9999.0 -9999.0 -9999.0 -9999.0 -9999.0 -9999.0 -9999.0 -9999.0 -9999.0 -9999.0 -9999.0 -9999.0 -9999.0 -9999.0 -9999.0 -9999.0 -9999.0 -9999.0 -9999.0 -9999.0 -9999.0 -9999.0 -9999.0 -9999.0 -9999.0 -9999.0 -9999.0 -9999.0 -9999.0 -9999.0 -9999.0 -9999.0 -9999.0 -9999.0 -9999.0 -9999.0 -9999.0 -9999.0 -9999.0 -9999.0 -9999.0 -9999.0 -9999.0 -9999.0 -9999.0 -9999.0 -9999.0 -9999.0 -9999.0 -9999.0 -9999.0 -9999.0 -9999.0 -9999.0 -9999.0 -9999.0 -9999.0 -9999.0 -9999.0 -9999.0 -9999.0 -9999.0 -9999.0 -9999.0 -9999.0 -9999.0 -9999.0 -9999.0 -9999.0 -9999.0 -9999.0 -9999.0 -9999.0 -9999.0 -9999.0 -9999.0 -9999.0 -9999.0 -9999.0 -9999.0 -9999.0 -9999.0 -9999.0 -9999.0 -9999.0 -9999.0 -9999.0 -9999.0 -9999.0 -9999.0 -9999.0 -9999.0 -9999.0 -9999.0 -9999.0 -9999.0 -9999.0 -9999.0 -9999.0 -9999.0 -9999.0 -9999.0 -9999.0 -9999.0