inst/processing_geotop_simulation/geotop_simulation/out/maps3D/PwL0006N0354.asc
ncols         104
nrows         10
xllcorner     -2.000000
yllcorner     0.000000
cellsize      1.000000
NODATA_value  -9999.0
-9999.0 -9999.0 -9999.0 -9999.0 -9999.0 -9999.0 -9999.0 -9999.0 -9999.0 -9999.0 -9999.0 -9999.0 -9999.0 -9999.0 -9999.0 -9999.0 -9999.0 -9999.0 -9999.0 -9999.0 -9999.0 -9999.0 -9999.0 -9999.0 -9999.0 -9999.0 -9999.0 -9999.0 -9999.0 -9999.0 -9999.0 -9999.0 -9999.0 -9999.0 -9999.0 -9999.0 -9999.0 -9999.0 -9999.0 -9999.0 -9999.0 -9999.0 -9999.0 -9999.0 -9999.0 -9999.0 -9999.0 -9999.0 -9999.0 -9999.0 -9999.0 -9999.0 -9999.0 -9999.0 -9999.0 -9999.0 -9999.0 -9999.0 -9999.0 -9999.0 -9999.0 -9999.0 -9999.0 -9999.0 -9999.0 -9999.0 -9999.0 -9999.0 -9999.0 -9999.0 -9999.0 -9999.0 -9999.0 -9999.0 -9999.0 -9999.0 -9999.0 -9999.0 -9999.0 -9999.0 -9999.0 -9999.0 -9999.0 -9999.0 -9999.0 -9999.0 -9999.0 -9999.0 -9999.0 -9999.0 -9999.0 -9999.0 -9999.0 -9999.0 -9999.0 -9999.0 -9999.0 -9999.0 -9999.0 -9999.0 -9999.0 -9999.0 -9999.0 -9999.0
-9999.0 -9999.0 -9999.0 -9999.0 -9999.0 -9999.0 -9999.0 -9999.0 -9999.0 -9999.0 -9999.0 -9999.0 -9999.0 -9999.0 -9999.0 -9999.0 -9999.0 -9999.0 -9999.0 -9999.0 -9999.0 -9999.0 -9999.0 -9999.0 -9999.0 -9999.0 -9999.0 -9999.0 -9999.0 -9999.0 -9999.0 -9999.0 -9999.0 -9999.0 -9999.0 -9999.0 -9999.0 -9999.0 -9999.0 -9999.0 -9999.0 -9999.0 -9999.0 -9999.0 -9999.0 -9999.0 -9999.0 -9999.0 -9999.0 -9999.0 -9999.0 -9999.0 -9999.0 -9999.0 -9999.0 -9999.0 -9999.0 -9999.0 -9999.0 -9999.0 -9999.0 -9999.0 -9999.0 -9999.0 -9999.0 -9999.0 -9999.0 -9999.0 -9999.0 -9999.0 -9999.0 -9999.0 -9999.0 -9999.0 -9999.0 -9999.0 -9999.0 -9999.0 -9999.0 -9999.0 -9999.0 -9999.0 -9999.0 -9999.0 -9999.0 -9999.0 -9999.0 -9999.0 -9999.0 -9999.0 -9999.0 -9999.0 -9999.0 -9999.0 -9999.0 -9999.0 -9999.0 -9999.0 -9999.0 -9999.0 -9999.0 -9999.0 -9999.0 -9999.0
-9999.0 -9999.0 274.761764 177.159197 78.551306 -20.393902 -119.469140 -218.597436 -317.738220 -416.862716 -515.938491 -614.894207 -713.587454 -812.186020 -910.661405 -1009.108791 -1107.474866 -1204.931913 -1301.226429 -1395.500866 -1486.149366 -1570.478601 -1645.326558 -1708.383644 -1758.984262 -1797.965279 -1827.041064 -1848.192880 -1863.282515 -1873.881033 -1881.231998 -1886.278869 -1889.715798 -1892.041645 -1893.608796 -1894.665207 -1895.395634 -1895.994591 -1896.899929 -1899.370475 -1903.547276 -1866.313715 -1190.944606 -1216.392625 -1199.510983 -1188.397508 -1183.206318 -1182.429402 -1182.346459 -1182.354009 -1182.374531 -1182.396636 -1182.417885 -1182.437565 -1182.455863 -1182.477440 -1182.546141 -1183.008089 -1185.759308 -1191.877485 -1199.721418 -1162.784502 -1838.825962 -1897.061363 -1897.937319 -1897.129867 -1896.916132 -1896.876590 -1896.870473 -1896.870023 -1896.870441 -1896.870907 -1896.871291 -1896.871589 -1896.871820 -1896.872002 -1896.872149 -1896.872269 -1896.872372 -1896.872465 -1896.872558 -1896.872661 -1896.872790 -1896.872967 -1896.873225 -1896.873617 -1896.874230 -1896.875210 -1896.876806 -1896.879460 -1896.883986 -1896.891921 -1896.906263 -1896.932977 -1896.984190 -1897.085309 -1897.292245 -1897.736988 -1898.758019 -1901.313064 -1908.505329 -1932.263504 -9999.0 -9999.0
-9999.0 -9999.0 274.769671 177.161012 78.551781 -20.393763 -119.469095 -218.597421 -317.738214 -416.862714 -515.938490 -614.894206 -713.587454 -812.186019 -910.661405 -1009.108791 -1107.474867 -1204.931914 -1301.226429 -1395.500866 -1486.149366 -1570.478601 -1645.326558 -1708.383644 -1758.984262 -1797.965279 -1827.041064 -1848.192880 -1863.282515 -1873.881033 -1881.231998 -1886.278869 -1889.715798 -1892.041645 -1893.608796 -1894.665207 -1895.395634 -1895.994591 -1896.899929 -1899.370475 -1903.547276 -1866.313715 -1190.944606 -1216.392625 -1199.510983 -1188.397507 -1183.206318 -1182.429402 -1182.346459 -1182.354009 -1182.374531 -1182.396636 -1182.417885 -1182.437565 -1182.455863 -1182.477440 -1182.546141 -1183.008089 -1185.759308 -1191.877485 -1199.721418 -1162.784502 -1838.825962 -1897.061363 -1897.937319 -1897.129867 -1896.916132 -1896.876590 -1896.870473 -1896.870023 -1896.870441 -1896.870907 -1896.871291 -1896.871589 -1896.871820 -1896.872002 -1896.872149 -1896.872269 -1896.872372 -1896.872465 -1896.872558 -1896.872661 -1896.872790 -1896.872967 -1896.873225 -1896.873617 -1896.874230 -1896.875210 -1896.876806 -1896.879460 -1896.883986 -1896.891921 -1896.906263 -1896.932977 -1896.984190 -1897.085309 -1897.292245 -1897.736988 -1898.758019 -1901.313064 -1908.505329 -1932.263504 -9999.0 -9999.0
-9999.0 -9999.0 274.771041 177.161772 78.552083 -20.393653 -119.469056 -218.597407 -317.738209 -416.862712 -515.938489 -614.894206 -713.587454 -812.186019 -910.661405 -1009.108791 -1107.474867 -1204.931914 -1301.226429 -1395.500866 -1486.149366 -1570.478601 -1645.326559 -1708.383644 -1758.984262 -1797.965279 -1827.041064 -1848.192880 -1863.282515 -1873.881033 -1881.231998 -1886.278869 -1889.715798 -1892.041645 -1893.608796 -1894.665207 -1895.395634 -1895.994591 -1896.899929 -1899.370475 -1903.547276 -1866.313715 -1190.944606 -1216.392625 -1199.510983 -1188.397507 -1183.206318 -1182.429402 -1182.346459 -1182.354009 -1182.374531 -1182.396636 -1182.417885 -1182.437565 -1182.455863 -1182.477440 -1182.546141 -1183.008089 -1185.759308 -1191.877485 -1199.721418 -1162.784502 -1838.825962 -1897.061363 -1897.937319 -1897.129867 -1896.916132 -1896.876590 -1896.870473 -1896.870023 -1896.870441 -1896.870907 -1896.871291 -1896.871589 -1896.871820 -1896.872002 -1896.872149 -1896.872269 -1896.872372 -1896.872465 -1896.872558 -1896.872661 -1896.872790 -1896.872967 -1896.873225 -1896.873617 -1896.874230 -1896.875210 -1896.876806 -1896.879460 -1896.883986 -1896.891921 -1896.906263 -1896.932977 -1896.984190 -1897.085309 -1897.292245 -1897.736988 -1898.758019 -1901.313064 -1908.505329 -1932.263504 -9999.0 -9999.0
-9999.0 -9999.0 274.771041 177.161772 78.552083 -20.393653 -119.469056 -218.597407 -317.738209 -416.862712 -515.938489 -614.894206 -713.587454 -812.186019 -910.661405 -1009.108791 -1107.474867 -1204.931914 -1301.226429 -1395.500866 -1486.149366 -1570.478601 -1645.326559 -1708.383644 -1758.984262 -1797.965279 -1827.041064 -1848.192880 -1863.282515 -1873.881033 -1881.231998 -1886.278869 -1889.715798 -1892.041645 -1893.608796 -1894.665207 -1895.395634 -1895.994591 -1896.899929 -1899.370475 -1903.547276 -1866.313715 -1190.944606 -1216.392625 -1199.510983 -1188.397507 -1183.206318 -1182.429402 -1182.346459 -1182.354009 -1182.374531 -1182.396636 -1182.417885 -1182.437565 -1182.455863 -1182.477440 -1182.546141 -1183.008089 -1185.759308 -1191.877485 -1199.721418 -1162.784502 -1838.825962 -1897.061363 -1897.937319 -1897.129867 -1896.916132 -1896.876590 -1896.870473 -1896.870023 -1896.870441 -1896.870907 -1896.871291 -1896.871589 -1896.871820 -1896.872002 -1896.872149 -1896.872269 -1896.872372 -1896.872465 -1896.872558 -1896.872661 -1896.872790 -1896.872967 -1896.873225 -1896.873617 -1896.874230 -1896.875210 -1896.876806 -1896.879460 -1896.883986 -1896.891921 -1896.906263 -1896.932977 -1896.984190 -1897.085309 -1897.292245 -1897.736988 -1898.758019 -1901.313064 -1908.505329 -1932.263504 -9999.0 -9999.0
-9999.0 -9999.0 274.769671 177.161012 78.551781 -20.393763 -119.469095 -218.597421 -317.738214 -416.862714 -515.938490 -614.894206 -713.587454 -812.186019 -910.661405 -1009.108791 -1107.474867 -1204.931914 -1301.226429 -1395.500866 -1486.149366 -1570.478601 -1645.326558 -1708.383644 -1758.984262 -1797.965279 -1827.041064 -1848.192880 -1863.282515 -1873.881033 -1881.231998 -1886.278869 -1889.715798 -1892.041645 -1893.608796 -1894.665207 -1895.395634 -1895.994591 -1896.899929 -1899.370475 -1903.547276 -1866.313715 -1190.944606 -1216.392625 -1199.510983 -1188.397507 -1183.206318 -1182.429402 -1182.346459 -1182.354009 -1182.374531 -1182.396636 -1182.417885 -1182.437565 -1182.455863 -1182.477440 -1182.546141 -1183.008089 -1185.759308 -1191.877485 -1199.721418 -1162.784502 -1838.825962 -1897.061363 -1897.937319 -1897.129867 -1896.916132 -1896.876590 -1896.870473 -1896.870023 -1896.870441 -1896.870907 -1896.871291 -1896.871589 -1896.871820 -1896.872002 -1896.872149 -1896.872269 -1896.872372 -1896.872465 -1896.872558 -1896.872661 -1896.872790 -1896.872967 -1896.873225 -1896.873617 -1896.874230 -1896.875210 -1896.876806 -1896.879460 -1896.883986 -1896.891921 -1896.906263 -1896.932977 -1896.984190 -1897.085309 -1897.292245 -1897.736988 -1898.758019 -1901.313064 -1908.505329 -1932.263504 -9999.0 -9999.0
-9999.0 -9999.0 274.761764 177.159197 78.551307 -20.393903 -119.469140 -218.597436 -317.738220 -416.862716 -515.938491 -614.894207 -713.587454 -812.186020 -910.661405 -1009.108791 -1107.474866 -1204.931913 -1301.226429 -1395.500866 -1486.149366 -1570.478601 -1645.326558 -1708.383644 -1758.984262 -1797.965279 -1827.041064 -1848.192880 -1863.282515 -1873.881033 -1881.231998 -1886.278869 -1889.715798 -1892.041645 -1893.608796 -1894.665207 -1895.395634 -1895.994591 -1896.899929 -1899.370475 -1903.547276 -1866.313715 -1190.944606 -1216.392625 -1199.510983 -1188.397508 -1183.206318 -1182.429402 -1182.346459 -1182.354009 -1182.374531 -1182.396636 -1182.417885 -1182.437565 -1182.455863 -1182.477440 -1182.546141 -1183.008089 -1185.759308 -1191.877485 -1199.721418 -1162.784502 -1838.825962 -1897.061363 -1897.937319 -1897.129867 -1896.916132 -1896.876590 -1896.870473 -1896.870023 -1896.870441 -1896.870907 -1896.871291 -1896.871589 -1896.871820 -1896.872002 -1896.872149 -1896.872269 -1896.872372 -1896.872465 -1896.872558 -1896.872661 -1896.872790 -1896.872967 -1896.873225 -1896.873617 -1896.874230 -1896.875210 -1896.876806 -1896.879460 -1896.883986 -1896.891921 -1896.906263 -1896.932977 -1896.984190 -1897.085309 -1897.292245 -1897.736988 -1898.758019 -1901.313064 -1908.505329 -1932.263504 -9999.0 -9999.0
-9999.0 -9999.0 -9999.0 -9999.0 -9999.0 -9999.0 -9999.0 -9999.0 -9999.0 -9999.0 -9999.0 -9999.0 -9999.0 -9999.0 -9999.0 -9999.0 -9999.0 -9999.0 -9999.0 -9999.0 -9999.0 -9999.0 -9999.0 -9999.0 -9999.0 -9999.0 -9999.0 -9999.0 -9999.0 -9999.0 -9999.0 -9999.0 -9999.0 -9999.0 -9999.0 -9999.0 -9999.0 -9999.0 -9999.0 -9999.0 -9999.0 -9999.0 -9999.0 -9999.0 -9999.0 -9999.0 -9999.0 -9999.0 -9999.0 -9999.0 -9999.0 -9999.0 -9999.0 -9999.0 -9999.0 -9999.0 -9999.0 -9999.0 -9999.0 -9999.0 -9999.0 -9999.0 -9999.0 -9999.0 -9999.0 -9999.0 -9999.0 -9999.0 -9999.0 -9999.0 -9999.0 -9999.0 -9999.0 -9999.0 -9999.0 -9999.0 -9999.0 -9999.0 -9999.0 -9999.0 -9999.0 -9999.0 -9999.0 -9999.0 -9999.0 -9999.0 -9999.0 -9999.0 -9999.0 -9999.0 -9999.0 -9999.0 -9999.0 -9999.0 -9999.0 -9999.0 -9999.0 -9999.0 -9999.0 -9999.0 -9999.0 -9999.0 -9999.0 -9999.0
-9999.0 -9999.0 -9999.0 -9999.0 -9999.0 -9999.0 -9999.0 -9999.0 -9999.0 -9999.0 -9999.0 -9999.0 -9999.0 -9999.0 -9999.0 -9999.0 -9999.0 -9999.0 -9999.0 -9999.0 -9999.0 -9999.0 -9999.0 -9999.0 -9999.0 -9999.0 -9999.0 -9999.0 -9999.0 -9999.0 -9999.0 -9999.0 -9999.0 -9999.0 -9999.0 -9999.0 -9999.0 -9999.0 -9999.0 -9999.0 -9999.0 -9999.0 -9999.0 -9999.0 -9999.0 -9999.0 -9999.0 -9999.0 -9999.0 -9999.0 -9999.0 -9999.0 -9999.0 -9999.0 -9999.0 -9999.0 -9999.0 -9999.0 -9999.0 -9999.0 -9999.0 -9999.0 -9999.0 -9999.0 -9999.0 -9999.0 -9999.0 -9999.0 -9999.0 -9999.0 -9999.0 -9999.0 -9999.0 -9999.0 -9999.0 -9999.0 -9999.0 -9999.0 -9999.0 -9999.0 -9999.0 -9999.0 -9999.0 -9999.0 -9999.0 -9999.0 -9999.0 -9999.0 -9999.0 -9999.0 -9999.0 -9999.0 -9999.0 -9999.0 -9999.0 -9999.0 -9999.0 -9999.0 -9999.0 -9999.0 -9999.0 -9999.0 -9999.0 -9999.0