inst/processing_geotop_simulation/geotop_simulation/out/maps3D/PwL0014N0299.asc
ncols         104
nrows         10
xllcorner     -2.000000
yllcorner     0.000000
cellsize      1.000000
NODATA_value  -9999.0
-9999.0 -9999.0 -9999.0 -9999.0 -9999.0 -9999.0 -9999.0 -9999.0 -9999.0 -9999.0 -9999.0 -9999.0 -9999.0 -9999.0 -9999.0 -9999.0 -9999.0 -9999.0 -9999.0 -9999.0 -9999.0 -9999.0 -9999.0 -9999.0 -9999.0 -9999.0 -9999.0 -9999.0 -9999.0 -9999.0 -9999.0 -9999.0 -9999.0 -9999.0 -9999.0 -9999.0 -9999.0 -9999.0 -9999.0 -9999.0 -9999.0 -9999.0 -9999.0 -9999.0 -9999.0 -9999.0 -9999.0 -9999.0 -9999.0 -9999.0 -9999.0 -9999.0 -9999.0 -9999.0 -9999.0 -9999.0 -9999.0 -9999.0 -9999.0 -9999.0 -9999.0 -9999.0 -9999.0 -9999.0 -9999.0 -9999.0 -9999.0 -9999.0 -9999.0 -9999.0 -9999.0 -9999.0 -9999.0 -9999.0 -9999.0 -9999.0 -9999.0 -9999.0 -9999.0 -9999.0 -9999.0 -9999.0 -9999.0 -9999.0 -9999.0 -9999.0 -9999.0 -9999.0 -9999.0 -9999.0 -9999.0 -9999.0 -9999.0 -9999.0 -9999.0 -9999.0 -9999.0 -9999.0 -9999.0 -9999.0 -9999.0 -9999.0 -9999.0 -9999.0
-9999.0 -9999.0 -9999.0 -9999.0 -9999.0 -9999.0 -9999.0 -9999.0 -9999.0 -9999.0 -9999.0 -9999.0 -9999.0 -9999.0 -9999.0 -9999.0 -9999.0 -9999.0 -9999.0 -9999.0 -9999.0 -9999.0 -9999.0 -9999.0 -9999.0 -9999.0 -9999.0 -9999.0 -9999.0 -9999.0 -9999.0 -9999.0 -9999.0 -9999.0 -9999.0 -9999.0 -9999.0 -9999.0 -9999.0 -9999.0 -9999.0 -9999.0 -9999.0 -9999.0 -9999.0 -9999.0 -9999.0 -9999.0 -9999.0 -9999.0 -9999.0 -9999.0 -9999.0 -9999.0 -9999.0 -9999.0 -9999.0 -9999.0 -9999.0 -9999.0 -9999.0 -9999.0 -9999.0 -9999.0 -9999.0 -9999.0 -9999.0 -9999.0 -9999.0 -9999.0 -9999.0 -9999.0 -9999.0 -9999.0 -9999.0 -9999.0 -9999.0 -9999.0 -9999.0 -9999.0 -9999.0 -9999.0 -9999.0 -9999.0 -9999.0 -9999.0 -9999.0 -9999.0 -9999.0 -9999.0 -9999.0 -9999.0 -9999.0 -9999.0 -9999.0 -9999.0 -9999.0 -9999.0 -9999.0 -9999.0 -9999.0 -9999.0 -9999.0 -9999.0
-9999.0 -9999.0 673.078704 575.239907 476.932015 378.309554 279.540536 180.708793 81.856181 -16.992617 -115.822994 -214.627398 -313.377432 -412.015296 -510.436487 -608.490678 -705.911709 -803.592898 -900.946814 -997.890829 -1094.260663 -1185.020206 -1269.558086 -1345.283107 -1410.273819 -1463.728782 -1505.995425 -1538.275578 -1562.213514 -1579.538063 -1591.831224 -1600.418122 -1606.342825 -1610.392400 -1613.141572 -1615.002647 -1616.278660 -1617.250637 -1618.454840 -1621.632055 -1631.792953 -1659.369673 -1906.360162 -4209.074255 -4242.946000 -4191.400051 -4150.231573 -4143.856933 -4143.200500 -4143.269533 -4143.441273 -4143.624967 -4143.801078 -4143.963852 -4144.114198 -4144.284075 -4144.789524 -4148.342096 -4171.415367 -4210.953166 -4130.840550 -1708.850078 -1621.834457 -1623.892585 -1620.355768 -1619.192684 -1618.953223 -1618.912269 -1618.906177 -1618.905805 -1618.906293 -1618.906816 -1618.907245 -1618.907580 -1618.907842 -1618.908050 -1618.908218 -1618.908358 -1618.908479 -1618.908589 -1618.908699 -1618.908820 -1618.908969 -1618.909170 -1618.909459 -1618.909894 -1618.910570 -1618.911643 -1618.913385 -1618.916275 -1618.921192 -1618.929799 -1618.945338 -1618.974264 -1619.029727 -1619.139370 -1619.364352 -1619.849698 -1620.966072 -1623.739936 -1631.365489 -1655.674845 -9999.0 -9999.0
-9999.0 -9999.0 673.083223 575.241368 476.932451 378.309690 279.540581 180.708808 81.856186 -16.992614 -115.822993 -214.627397 -313.377432 -412.015296 -510.436487 -608.490678 -705.911709 -803.592898 -900.946814 -997.890830 -1094.260663 -1185.020206 -1269.558086 -1345.283107 -1410.273820 -1463.728783 -1505.995425 -1538.275578 -1562.213514 -1579.538063 -1591.831224 -1600.418122 -1606.342826 -1610.392400 -1613.141572 -1615.002647 -1616.278660 -1617.250637 -1618.454840 -1621.632055 -1631.792953 -1659.369673 -1906.360162 -4209.074254 -4242.946000 -4191.400049 -4150.231573 -4143.856933 -4143.200500 -4143.269533 -4143.441273 -4143.624967 -4143.801078 -4143.963852 -4144.114198 -4144.284075 -4144.789524 -4148.342096 -4171.415367 -4210.953165 -4130.840550 -1708.850078 -1621.834457 -1623.892586 -1620.355768 -1619.192684 -1618.953223 -1618.912269 -1618.906177 -1618.905805 -1618.906293 -1618.906816 -1618.907245 -1618.907580 -1618.907842 -1618.908050 -1618.908218 -1618.908358 -1618.908479 -1618.908589 -1618.908699 -1618.908820 -1618.908969 -1618.909170 -1618.909459 -1618.909894 -1618.910570 -1618.911643 -1618.913385 -1618.916275 -1618.921192 -1618.929799 -1618.945338 -1618.974264 -1619.029727 -1619.139370 -1619.364352 -1619.849698 -1620.966072 -1623.739936 -1631.365489 -1655.674845 -9999.0 -9999.0
-9999.0 -9999.0 673.084577 575.242076 476.932741 378.309798 279.540620 180.708822 81.856191 -16.992613 -115.822992 -214.627397 -313.377432 -412.015296 -510.436487 -608.490678 -705.911709 -803.592898 -900.946814 -997.890830 -1094.260663 -1185.020206 -1269.558086 -1345.283107 -1410.273820 -1463.728783 -1505.995425 -1538.275578 -1562.213514 -1579.538063 -1591.831224 -1600.418122 -1606.342826 -1610.392401 -1613.141572 -1615.002647 -1616.278660 -1617.250637 -1618.454840 -1621.632055 -1631.792953 -1659.369673 -1906.360161 -4209.074254 -4242.946000 -4191.400048 -4150.231573 -4143.856933 -4143.200500 -4143.269533 -4143.441273 -4143.624967 -4143.801078 -4143.963852 -4144.114198 -4144.284075 -4144.789524 -4148.342096 -4171.415367 -4210.953165 -4130.840550 -1708.850078 -1621.834457 -1623.892586 -1620.355768 -1619.192684 -1618.953223 -1618.912269 -1618.906177 -1618.905805 -1618.906293 -1618.906816 -1618.907245 -1618.907580 -1618.907842 -1618.908050 -1618.908218 -1618.908358 -1618.908479 -1618.908589 -1618.908699 -1618.908820 -1618.908969 -1618.909170 -1618.909459 -1618.909894 -1618.910570 -1618.911643 -1618.913385 -1618.916275 -1618.921192 -1618.929799 -1618.945338 -1618.974264 -1619.029727 -1619.139370 -1619.364352 -1619.849698 -1620.966072 -1623.739936 -1631.365489 -1655.674845 -9999.0 -9999.0
-9999.0 -9999.0 673.084577 575.242076 476.932741 378.309798 279.540620 180.708822 81.856191 -16.992613 -115.822992 -214.627397 -313.377432 -412.015296 -510.436487 -608.490678 -705.911709 -803.592899 -900.946814 -997.890830 -1094.260663 -1185.020206 -1269.558086 -1345.283107 -1410.273820 -1463.728783 -1505.995425 -1538.275578 -1562.213514 -1579.538063 -1591.831224 -1600.418122 -1606.342826 -1610.392401 -1613.141572 -1615.002647 -1616.278660 -1617.250637 -1618.454840 -1621.632055 -1631.792953 -1659.369673 -1906.360161 -4209.074254 -4242.946000 -4191.400048 -4150.231573 -4143.856933 -4143.200500 -4143.269533 -4143.441273 -4143.624967 -4143.801078 -4143.963852 -4144.114198 -4144.284075 -4144.789524 -4148.342096 -4171.415367 -4210.953165 -4130.840550 -1708.850078 -1621.834457 -1623.892586 -1620.355768 -1619.192684 -1618.953223 -1618.912269 -1618.906177 -1618.905805 -1618.906293 -1618.906816 -1618.907245 -1618.907580 -1618.907842 -1618.908050 -1618.908218 -1618.908358 -1618.908479 -1618.908589 -1618.908699 -1618.908820 -1618.908969 -1618.909170 -1618.909459 -1618.909894 -1618.910570 -1618.911643 -1618.913385 -1618.916275 -1618.921192 -1618.929799 -1618.945338 -1618.974264 -1619.029727 -1619.139370 -1619.364352 -1619.849698 -1620.966072 -1623.739936 -1631.365489 -1655.674845 -9999.0 -9999.0
-9999.0 -9999.0 673.083223 575.241368 476.932451 378.309690 279.540581 180.708808 81.856186 -16.992614 -115.822993 -214.627397 -313.377432 -412.015296 -510.436487 -608.490678 -705.911709 -803.592898 -900.946814 -997.890830 -1094.260663 -1185.020206 -1269.558086 -1345.283107 -1410.273820 -1463.728783 -1505.995425 -1538.275578 -1562.213514 -1579.538063 -1591.831224 -1600.418122 -1606.342826 -1610.392400 -1613.141572 -1615.002647 -1616.278660 -1617.250637 -1618.454840 -1621.632055 -1631.792953 -1659.369673 -1906.360162 -4209.074254 -4242.946000 -4191.400049 -4150.231573 -4143.856933 -4143.200500 -4143.269533 -4143.441273 -4143.624967 -4143.801078 -4143.963852 -4144.114198 -4144.284075 -4144.789524 -4148.342096 -4171.415367 -4210.953165 -4130.840550 -1708.850078 -1621.834457 -1623.892586 -1620.355768 -1619.192684 -1618.953223 -1618.912269 -1618.906177 -1618.905805 -1618.906293 -1618.906816 -1618.907245 -1618.907580 -1618.907842 -1618.908050 -1618.908218 -1618.908358 -1618.908479 -1618.908589 -1618.908699 -1618.908820 -1618.908969 -1618.909170 -1618.909459 -1618.909894 -1618.910570 -1618.911643 -1618.913385 -1618.916275 -1618.921192 -1618.929799 -1618.945338 -1618.974264 -1619.029727 -1619.139370 -1619.364352 -1619.849698 -1620.966072 -1623.739936 -1631.365489 -1655.674845 -9999.0 -9999.0
-9999.0 -9999.0 673.078704 575.239907 476.932015 378.309554 279.540536 180.708793 81.856181 -16.992617 -115.822994 -214.627398 -313.377432 -412.015296 -510.436487 -608.490678 -705.911709 -803.592898 -900.946814 -997.890829 -1094.260663 -1185.020206 -1269.558086 -1345.283107 -1410.273819 -1463.728782 -1505.995425 -1538.275578 -1562.213514 -1579.538063 -1591.831224 -1600.418122 -1606.342825 -1610.392400 -1613.141572 -1615.002647 -1616.278660 -1617.250637 -1618.454840 -1621.632055 -1631.792953 -1659.369673 -1906.360162 -4209.074255 -4242.946000 -4191.400051 -4150.231573 -4143.856933 -4143.200500 -4143.269533 -4143.441273 -4143.624967 -4143.801078 -4143.963852 -4144.114198 -4144.284075 -4144.789524 -4148.342096 -4171.415367 -4210.953166 -4130.840550 -1708.850078 -1621.834457 -1623.892586 -1620.355768 -1619.192684 -1618.953223 -1618.912269 -1618.906177 -1618.905805 -1618.906293 -1618.906816 -1618.907245 -1618.907580 -1618.907842 -1618.908050 -1618.908218 -1618.908358 -1618.908479 -1618.908589 -1618.908699 -1618.908820 -1618.908969 -1618.909170 -1618.909459 -1618.909894 -1618.910570 -1618.911643 -1618.913385 -1618.916275 -1618.921192 -1618.929799 -1618.945338 -1618.974264 -1619.029727 -1619.139370 -1619.364352 -1619.849698 -1620.966072 -1623.739936 -1631.365489 -1655.674845 -9999.0 -9999.0
-9999.0 -9999.0 -9999.0 -9999.0 -9999.0 -9999.0 -9999.0 -9999.0 -9999.0 -9999.0 -9999.0 -9999.0 -9999.0 -9999.0 -9999.0 -9999.0 -9999.0 -9999.0 -9999.0 -9999.0 -9999.0 -9999.0 -9999.0 -9999.0 -9999.0 -9999.0 -9999.0 -9999.0 -9999.0 -9999.0 -9999.0 -9999.0 -9999.0 -9999.0 -9999.0 -9999.0 -9999.0 -9999.0 -9999.0 -9999.0 -9999.0 -9999.0 -9999.0 -9999.0 -9999.0 -9999.0 -9999.0 -9999.0 -9999.0 -9999.0 -9999.0 -9999.0 -9999.0 -9999.0 -9999.0 -9999.0 -9999.0 -9999.0 -9999.0 -9999.0 -9999.0 -9999.0 -9999.0 -9999.0 -9999.0 -9999.0 -9999.0 -9999.0 -9999.0 -9999.0 -9999.0 -9999.0 -9999.0 -9999.0 -9999.0 -9999.0 -9999.0 -9999.0 -9999.0 -9999.0 -9999.0 -9999.0 -9999.0 -9999.0 -9999.0 -9999.0 -9999.0 -9999.0 -9999.0 -9999.0 -9999.0 -9999.0 -9999.0 -9999.0 -9999.0 -9999.0 -9999.0 -9999.0 -9999.0 -9999.0 -9999.0 -9999.0 -9999.0 -9999.0
-9999.0 -9999.0 -9999.0 -9999.0 -9999.0 -9999.0 -9999.0 -9999.0 -9999.0 -9999.0 -9999.0 -9999.0 -9999.0 -9999.0 -9999.0 -9999.0 -9999.0 -9999.0 -9999.0 -9999.0 -9999.0 -9999.0 -9999.0 -9999.0 -9999.0 -9999.0 -9999.0 -9999.0 -9999.0 -9999.0 -9999.0 -9999.0 -9999.0 -9999.0 -9999.0 -9999.0 -9999.0 -9999.0 -9999.0 -9999.0 -9999.0 -9999.0 -9999.0 -9999.0 -9999.0 -9999.0 -9999.0 -9999.0 -9999.0 -9999.0 -9999.0 -9999.0 -9999.0 -9999.0 -9999.0 -9999.0 -9999.0 -9999.0 -9999.0 -9999.0 -9999.0 -9999.0 -9999.0 -9999.0 -9999.0 -9999.0 -9999.0 -9999.0 -9999.0 -9999.0 -9999.0 -9999.0 -9999.0 -9999.0 -9999.0 -9999.0 -9999.0 -9999.0 -9999.0 -9999.0 -9999.0 -9999.0 -9999.0 -9999.0 -9999.0 -9999.0 -9999.0 -9999.0 -9999.0 -9999.0 -9999.0 -9999.0 -9999.0 -9999.0 -9999.0 -9999.0 -9999.0 -9999.0 -9999.0 -9999.0 -9999.0 -9999.0 -9999.0 -9999.0