inst/processing_geotop_simulation/geotop_simulation/out/maps3D/PwL0005N0228.asc
ncols         104
nrows         10
xllcorner     -2.000000
yllcorner     0.000000
cellsize      1.000000
NODATA_value  -9999.0
-9999.0 -9999.0 -9999.0 -9999.0 -9999.0 -9999.0 -9999.0 -9999.0 -9999.0 -9999.0 -9999.0 -9999.0 -9999.0 -9999.0 -9999.0 -9999.0 -9999.0 -9999.0 -9999.0 -9999.0 -9999.0 -9999.0 -9999.0 -9999.0 -9999.0 -9999.0 -9999.0 -9999.0 -9999.0 -9999.0 -9999.0 -9999.0 -9999.0 -9999.0 -9999.0 -9999.0 -9999.0 -9999.0 -9999.0 -9999.0 -9999.0 -9999.0 -9999.0 -9999.0 -9999.0 -9999.0 -9999.0 -9999.0 -9999.0 -9999.0 -9999.0 -9999.0 -9999.0 -9999.0 -9999.0 -9999.0 -9999.0 -9999.0 -9999.0 -9999.0 -9999.0 -9999.0 -9999.0 -9999.0 -9999.0 -9999.0 -9999.0 -9999.0 -9999.0 -9999.0 -9999.0 -9999.0 -9999.0 -9999.0 -9999.0 -9999.0 -9999.0 -9999.0 -9999.0 -9999.0 -9999.0 -9999.0 -9999.0 -9999.0 -9999.0 -9999.0 -9999.0 -9999.0 -9999.0 -9999.0 -9999.0 -9999.0 -9999.0 -9999.0 -9999.0 -9999.0 -9999.0 -9999.0 -9999.0 -9999.0 -9999.0 -9999.0 -9999.0 -9999.0
-9999.0 -9999.0 -9999.0 -9999.0 -9999.0 -9999.0 -9999.0 -9999.0 -9999.0 -9999.0 -9999.0 -9999.0 -9999.0 -9999.0 -9999.0 -9999.0 -9999.0 -9999.0 -9999.0 -9999.0 -9999.0 -9999.0 -9999.0 -9999.0 -9999.0 -9999.0 -9999.0 -9999.0 -9999.0 -9999.0 -9999.0 -9999.0 -9999.0 -9999.0 -9999.0 -9999.0 -9999.0 -9999.0 -9999.0 -9999.0 -9999.0 -9999.0 -9999.0 -9999.0 -9999.0 -9999.0 -9999.0 -9999.0 -9999.0 -9999.0 -9999.0 -9999.0 -9999.0 -9999.0 -9999.0 -9999.0 -9999.0 -9999.0 -9999.0 -9999.0 -9999.0 -9999.0 -9999.0 -9999.0 -9999.0 -9999.0 -9999.0 -9999.0 -9999.0 -9999.0 -9999.0 -9999.0 -9999.0 -9999.0 -9999.0 -9999.0 -9999.0 -9999.0 -9999.0 -9999.0 -9999.0 -9999.0 -9999.0 -9999.0 -9999.0 -9999.0 -9999.0 -9999.0 -9999.0 -9999.0 -9999.0 -9999.0 -9999.0 -9999.0 -9999.0 -9999.0 -9999.0 -9999.0 -9999.0 -9999.0 -9999.0 -9999.0 -9999.0 -9999.0
-9999.0 -9999.0 228.050098 133.769737 36.955343 -60.641000 -158.540562 -256.556726 -354.581942 -452.540527 -550.312413 -647.588462 -744.189857 -840.316425 -936.105593 -1032.024755 -1127.069724 -1219.780638 -1310.168090 -1396.510310 -1474.390111 -1539.587609 -1590.493348 -1628.146673 -1654.984810 -1673.680272 -1686.528743 -1695.280838 -1701.196705 -1705.163244 -1707.800804 -1709.540972 -1710.681398 -1711.424881 -1711.908054 -1712.223865 -1712.442818 -1712.652091 -1713.132827 -1715.191501 -1722.681645 -1716.721138 -1103.695611 -1118.757921 -1102.487764 -1092.128679 -1087.291788 -1086.595200 -1086.522726 -1086.531150 -1086.551391 -1086.573080 -1086.593913 -1086.613199 -1086.631055 -1086.651421 -1086.712188 -1087.122590 -1089.674370 -1095.405328 -1103.791844 -1077.449886 -1692.547276 -1717.084757 -1714.019186 -1713.082207 -1712.917269 -1712.891458 -1712.888034 -1712.888288 -1712.889051 -1712.889749 -1712.890299 -1712.890718 -1712.891040 -1712.891289 -1712.891487 -1712.891646 -1712.891780 -1712.891899 -1712.892015 -1712.892145 -1712.892309 -1712.892536 -1712.892873 -1712.893392 -1712.894208 -1712.895514 -1712.897640 -1712.901161 -1712.907120 -1712.917478 -1712.936013 -1712.970184 -1713.034928 -1713.160679 -1713.411427 -1713.929904 -1715.061720 -1717.726539 -1724.733330 -1746.994409 -9999.0 -9999.0
-9999.0 -9999.0 228.059614 133.771810 36.955878 -60.640844 -158.540512 -256.556710 -354.581936 -452.540525 -550.312412 -647.588462 -744.189857 -840.316425 -936.105593 -1032.024755 -1127.069724 -1219.780638 -1310.168090 -1396.510310 -1474.390111 -1539.587609 -1590.493348 -1628.146673 -1654.984810 -1673.680272 -1686.528743 -1695.280838 -1701.196705 -1705.163244 -1707.800804 -1709.540972 -1710.681398 -1711.424881 -1711.908054 -1712.223865 -1712.442818 -1712.652091 -1713.132827 -1715.191501 -1722.681645 -1716.721138 -1103.695611 -1118.757920 -1102.487764 -1092.128678 -1087.291788 -1086.595200 -1086.522726 -1086.531150 -1086.551391 -1086.573080 -1086.593913 -1086.613199 -1086.631055 -1086.651421 -1086.712188 -1087.122590 -1089.674370 -1095.405328 -1103.791844 -1077.449886 -1692.547276 -1717.084757 -1714.019186 -1713.082207 -1712.917269 -1712.891458 -1712.888034 -1712.888288 -1712.889051 -1712.889749 -1712.890299 -1712.890718 -1712.891040 -1712.891289 -1712.891487 -1712.891646 -1712.891780 -1712.891899 -1712.892015 -1712.892145 -1712.892309 -1712.892536 -1712.892873 -1712.893392 -1712.894208 -1712.895514 -1712.897640 -1712.901161 -1712.907120 -1712.917478 -1712.936013 -1712.970184 -1713.034928 -1713.160679 -1713.411427 -1713.929904 -1715.061720 -1717.726539 -1724.733330 -1746.994409 -9999.0 -9999.0
-9999.0 -9999.0 228.061110 133.772663 36.956216 -60.640721 -158.540468 -256.556694 -354.581931 -452.540523 -550.312411 -647.588462 -744.189857 -840.316425 -936.105593 -1032.024755 -1127.069724 -1219.780638 -1310.168090 -1396.510310 -1474.390112 -1539.587609 -1590.493348 -1628.146673 -1654.984810 -1673.680272 -1686.528743 -1695.280838 -1701.196705 -1705.163244 -1707.800804 -1709.540972 -1710.681398 -1711.424881 -1711.908054 -1712.223865 -1712.442818 -1712.652091 -1713.132827 -1715.191501 -1722.681645 -1716.721138 -1103.695611 -1118.757920 -1102.487764 -1092.128678 -1087.291788 -1086.595200 -1086.522726 -1086.531150 -1086.551391 -1086.573080 -1086.593913 -1086.613199 -1086.631055 -1086.651421 -1086.712188 -1087.122590 -1089.674370 -1095.405328 -1103.791844 -1077.449886 -1692.547276 -1717.084757 -1714.019186 -1713.082207 -1712.917269 -1712.891458 -1712.888034 -1712.888288 -1712.889051 -1712.889749 -1712.890299 -1712.890718 -1712.891040 -1712.891289 -1712.891487 -1712.891646 -1712.891780 -1712.891899 -1712.892015 -1712.892145 -1712.892309 -1712.892536 -1712.892873 -1712.893392 -1712.894208 -1712.895514 -1712.897640 -1712.901161 -1712.907120 -1712.917478 -1712.936013 -1712.970184 -1713.034928 -1713.160679 -1713.411427 -1713.929904 -1715.061720 -1717.726539 -1724.733330 -1746.994409 -9999.0 -9999.0
-9999.0 -9999.0 228.061110 133.772663 36.956216 -60.640721 -158.540468 -256.556694 -354.581931 -452.540523 -550.312411 -647.588462 -744.189857 -840.316425 -936.105593 -1032.024755 -1127.069724 -1219.780638 -1310.168090 -1396.510310 -1474.390112 -1539.587609 -1590.493348 -1628.146673 -1654.984810 -1673.680272 -1686.528743 -1695.280838 -1701.196705 -1705.163244 -1707.800804 -1709.540972 -1710.681398 -1711.424881 -1711.908054 -1712.223865 -1712.442818 -1712.652091 -1713.132827 -1715.191501 -1722.681645 -1716.721138 -1103.695611 -1118.757920 -1102.487764 -1092.128678 -1087.291788 -1086.595200 -1086.522726 -1086.531150 -1086.551391 -1086.573080 -1086.593913 -1086.613199 -1086.631055 -1086.651421 -1086.712188 -1087.122590 -1089.674370 -1095.405328 -1103.791844 -1077.449886 -1692.547276 -1717.084757 -1714.019186 -1713.082207 -1712.917269 -1712.891458 -1712.888034 -1712.888288 -1712.889051 -1712.889749 -1712.890299 -1712.890718 -1712.891040 -1712.891289 -1712.891487 -1712.891646 -1712.891780 -1712.891899 -1712.892015 -1712.892145 -1712.892309 -1712.892536 -1712.892873 -1712.893392 -1712.894208 -1712.895514 -1712.897640 -1712.901161 -1712.907120 -1712.917478 -1712.936013 -1712.970184 -1713.034928 -1713.160679 -1713.411427 -1713.929904 -1715.061720 -1717.726539 -1724.733330 -1746.994409 -9999.0 -9999.0
-9999.0 -9999.0 228.059614 133.771810 36.955878 -60.640844 -158.540512 -256.556710 -354.581936 -452.540525 -550.312412 -647.588462 -744.189857 -840.316425 -936.105593 -1032.024755 -1127.069724 -1219.780638 -1310.168090 -1396.510310 -1474.390111 -1539.587609 -1590.493348 -1628.146673 -1654.984810 -1673.680272 -1686.528743 -1695.280838 -1701.196705 -1705.163244 -1707.800804 -1709.540972 -1710.681398 -1711.424881 -1711.908054 -1712.223865 -1712.442818 -1712.652091 -1713.132827 -1715.191501 -1722.681645 -1716.721138 -1103.695611 -1118.757920 -1102.487764 -1092.128678 -1087.291788 -1086.595200 -1086.522726 -1086.531150 -1086.551391 -1086.573080 -1086.593913 -1086.613199 -1086.631055 -1086.651421 -1086.712188 -1087.122590 -1089.674370 -1095.405328 -1103.791844 -1077.449886 -1692.547276 -1717.084757 -1714.019186 -1713.082207 -1712.917269 -1712.891458 -1712.888034 -1712.888288 -1712.889051 -1712.889749 -1712.890299 -1712.890718 -1712.891040 -1712.891289 -1712.891487 -1712.891646 -1712.891780 -1712.891899 -1712.892015 -1712.892145 -1712.892309 -1712.892536 -1712.892873 -1712.893392 -1712.894208 -1712.895514 -1712.897640 -1712.901161 -1712.907120 -1712.917478 -1712.936013 -1712.970184 -1713.034928 -1713.160679 -1713.411427 -1713.929904 -1715.061720 -1717.726539 -1724.733330 -1746.994409 -9999.0 -9999.0
-9999.0 -9999.0 228.050098 133.769737 36.955343 -60.641000 -158.540562 -256.556726 -354.581942 -452.540527 -550.312413 -647.588462 -744.189857 -840.316425 -936.105593 -1032.024755 -1127.069724 -1219.780638 -1310.168090 -1396.510310 -1474.390111 -1539.587609 -1590.493348 -1628.146673 -1654.984810 -1673.680272 -1686.528743 -1695.280838 -1701.196705 -1705.163244 -1707.800804 -1709.540972 -1710.681398 -1711.424881 -1711.908054 -1712.223865 -1712.442818 -1712.652091 -1713.132827 -1715.191501 -1722.681645 -1716.721138 -1103.695611 -1118.757921 -1102.487764 -1092.128679 -1087.291788 -1086.595200 -1086.522726 -1086.531150 -1086.551391 -1086.573080 -1086.593913 -1086.613199 -1086.631055 -1086.651421 -1086.712188 -1087.122590 -1089.674370 -1095.405328 -1103.791844 -1077.449886 -1692.547276 -1717.084757 -1714.019186 -1713.082207 -1712.917269 -1712.891458 -1712.888034 -1712.888288 -1712.889051 -1712.889749 -1712.890299 -1712.890718 -1712.891040 -1712.891289 -1712.891487 -1712.891646 -1712.891780 -1712.891899 -1712.892015 -1712.892145 -1712.892309 -1712.892536 -1712.892873 -1712.893392 -1712.894208 -1712.895514 -1712.897640 -1712.901161 -1712.907120 -1712.917478 -1712.936013 -1712.970184 -1713.034928 -1713.160679 -1713.411427 -1713.929904 -1715.061720 -1717.726539 -1724.733330 -1746.994409 -9999.0 -9999.0
-9999.0 -9999.0 -9999.0 -9999.0 -9999.0 -9999.0 -9999.0 -9999.0 -9999.0 -9999.0 -9999.0 -9999.0 -9999.0 -9999.0 -9999.0 -9999.0 -9999.0 -9999.0 -9999.0 -9999.0 -9999.0 -9999.0 -9999.0 -9999.0 -9999.0 -9999.0 -9999.0 -9999.0 -9999.0 -9999.0 -9999.0 -9999.0 -9999.0 -9999.0 -9999.0 -9999.0 -9999.0 -9999.0 -9999.0 -9999.0 -9999.0 -9999.0 -9999.0 -9999.0 -9999.0 -9999.0 -9999.0 -9999.0 -9999.0 -9999.0 -9999.0 -9999.0 -9999.0 -9999.0 -9999.0 -9999.0 -9999.0 -9999.0 -9999.0 -9999.0 -9999.0 -9999.0 -9999.0 -9999.0 -9999.0 -9999.0 -9999.0 -9999.0 -9999.0 -9999.0 -9999.0 -9999.0 -9999.0 -9999.0 -9999.0 -9999.0 -9999.0 -9999.0 -9999.0 -9999.0 -9999.0 -9999.0 -9999.0 -9999.0 -9999.0 -9999.0 -9999.0 -9999.0 -9999.0 -9999.0 -9999.0 -9999.0 -9999.0 -9999.0 -9999.0 -9999.0 -9999.0 -9999.0 -9999.0 -9999.0 -9999.0 -9999.0 -9999.0 -9999.0
-9999.0 -9999.0 -9999.0 -9999.0 -9999.0 -9999.0 -9999.0 -9999.0 -9999.0 -9999.0 -9999.0 -9999.0 -9999.0 -9999.0 -9999.0 -9999.0 -9999.0 -9999.0 -9999.0 -9999.0 -9999.0 -9999.0 -9999.0 -9999.0 -9999.0 -9999.0 -9999.0 -9999.0 -9999.0 -9999.0 -9999.0 -9999.0 -9999.0 -9999.0 -9999.0 -9999.0 -9999.0 -9999.0 -9999.0 -9999.0 -9999.0 -9999.0 -9999.0 -9999.0 -9999.0 -9999.0 -9999.0 -9999.0 -9999.0 -9999.0 -9999.0 -9999.0 -9999.0 -9999.0 -9999.0 -9999.0 -9999.0 -9999.0 -9999.0 -9999.0 -9999.0 -9999.0 -9999.0 -9999.0 -9999.0 -9999.0 -9999.0 -9999.0 -9999.0 -9999.0 -9999.0 -9999.0 -9999.0 -9999.0 -9999.0 -9999.0 -9999.0 -9999.0 -9999.0 -9999.0 -9999.0 -9999.0 -9999.0 -9999.0 -9999.0 -9999.0 -9999.0 -9999.0 -9999.0 -9999.0 -9999.0 -9999.0 -9999.0 -9999.0 -9999.0 -9999.0 -9999.0 -9999.0 -9999.0 -9999.0 -9999.0 -9999.0 -9999.0 -9999.0