inst/processing_geotop_simulation/geotop_simulation/out/maps3D/PwL0013N0456.asc
ncols         104
nrows         10
xllcorner     -2.000000
yllcorner     0.000000
cellsize      1.000000
NODATA_value  -9999.0
-9999.0 -9999.0 -9999.0 -9999.0 -9999.0 -9999.0 -9999.0 -9999.0 -9999.0 -9999.0 -9999.0 -9999.0 -9999.0 -9999.0 -9999.0 -9999.0 -9999.0 -9999.0 -9999.0 -9999.0 -9999.0 -9999.0 -9999.0 -9999.0 -9999.0 -9999.0 -9999.0 -9999.0 -9999.0 -9999.0 -9999.0 -9999.0 -9999.0 -9999.0 -9999.0 -9999.0 -9999.0 -9999.0 -9999.0 -9999.0 -9999.0 -9999.0 -9999.0 -9999.0 -9999.0 -9999.0 -9999.0 -9999.0 -9999.0 -9999.0 -9999.0 -9999.0 -9999.0 -9999.0 -9999.0 -9999.0 -9999.0 -9999.0 -9999.0 -9999.0 -9999.0 -9999.0 -9999.0 -9999.0 -9999.0 -9999.0 -9999.0 -9999.0 -9999.0 -9999.0 -9999.0 -9999.0 -9999.0 -9999.0 -9999.0 -9999.0 -9999.0 -9999.0 -9999.0 -9999.0 -9999.0 -9999.0 -9999.0 -9999.0 -9999.0 -9999.0 -9999.0 -9999.0 -9999.0 -9999.0 -9999.0 -9999.0 -9999.0 -9999.0 -9999.0 -9999.0 -9999.0 -9999.0 -9999.0 -9999.0 -9999.0 -9999.0 -9999.0 -9999.0
-9999.0 -9999.0 -9999.0 -9999.0 -9999.0 -9999.0 -9999.0 -9999.0 -9999.0 -9999.0 -9999.0 -9999.0 -9999.0 -9999.0 -9999.0 -9999.0 -9999.0 -9999.0 -9999.0 -9999.0 -9999.0 -9999.0 -9999.0 -9999.0 -9999.0 -9999.0 -9999.0 -9999.0 -9999.0 -9999.0 -9999.0 -9999.0 -9999.0 -9999.0 -9999.0 -9999.0 -9999.0 -9999.0 -9999.0 -9999.0 -9999.0 -9999.0 -9999.0 -9999.0 -9999.0 -9999.0 -9999.0 -9999.0 -9999.0 -9999.0 -9999.0 -9999.0 -9999.0 -9999.0 -9999.0 -9999.0 -9999.0 -9999.0 -9999.0 -9999.0 -9999.0 -9999.0 -9999.0 -9999.0 -9999.0 -9999.0 -9999.0 -9999.0 -9999.0 -9999.0 -9999.0 -9999.0 -9999.0 -9999.0 -9999.0 -9999.0 -9999.0 -9999.0 -9999.0 -9999.0 -9999.0 -9999.0 -9999.0 -9999.0 -9999.0 -9999.0 -9999.0 -9999.0 -9999.0 -9999.0 -9999.0 -9999.0 -9999.0 -9999.0 -9999.0 -9999.0 -9999.0 -9999.0 -9999.0 -9999.0 -9999.0 -9999.0 -9999.0 -9999.0
-9999.0 -9999.0 621.038066 522.132368 422.960645 323.627523 224.221299 124.784203 25.337377 -74.105962 -173.541433 -272.963751 -372.360459 -471.708919 -570.972417 -670.101581 -769.151490 -868.204094 -967.147560 -1065.944397 -1164.032012 -1260.210430 -1353.218367 -1440.884084 -1520.851022 -1591.156205 -1650.665486 -1699.227832 -1737.555051 -1766.934091 -1788.906567 -1805.011223 -1816.624879 -1824.892634 -1830.719892 -1834.800454 -1837.670026 -1839.812354 -1841.921131 -1845.284413 -1849.562911 -1833.551481 -1555.294028 -2320.767008 -2165.346301 -2062.120663 -2016.902772 -2010.832792 -2010.208949 -2010.268618 -2010.425084 -2010.593153 -2010.754594 -2010.904052 -2011.042609 -2011.202489 -2011.696663 -2015.152069 -2038.306267 -2092.071181 -2135.691952 -1435.694955 -1793.611777 -1841.991081 -1844.813212 -1844.218628 -1843.976596 -1843.922033 -1843.912281 -1843.911076 -1843.911308 -1843.911711 -1843.912075 -1843.912378 -1843.912631 -1843.912848 -1843.913038 -1843.913209 -1843.913370 -1843.913525 -1843.913684 -1843.913854 -1843.914050 -1843.914288 -1843.914599 -1843.915026 -1843.915645 -1843.916578 -1843.918042 -1843.920422 -1843.924432 -1843.931437 -1843.944122 -1843.967904 -1844.014039 -1844.106943 -1844.302788 -1844.740285 -1845.789276 -1848.527425 -1856.443257 -1882.175727 -9999.0 -9999.0
-9999.0 -9999.0 621.042390 522.133717 422.961041 323.627645 224.221339 124.784217 25.337382 -74.105960 -173.541432 -272.963751 -372.360459 -471.708919 -570.972417 -670.101581 -769.151490 -868.204095 -967.147560 -1065.944397 -1164.032012 -1260.210431 -1353.218367 -1440.884084 -1520.851022 -1591.156205 -1650.665486 -1699.227832 -1737.555051 -1766.934091 -1788.906567 -1805.011223 -1816.624879 -1824.892634 -1830.719892 -1834.800454 -1837.670026 -1839.812354 -1841.921131 -1845.284413 -1849.562911 -1833.551481 -1555.294028 -2320.767006 -2165.346299 -2062.120661 -2016.902772 -2010.832792 -2010.208949 -2010.268618 -2010.425084 -2010.593153 -2010.754594 -2010.904052 -2011.042609 -2011.202489 -2011.696663 -2015.152069 -2038.306267 -2092.071181 -2135.691952 -1435.694955 -1793.611777 -1841.991081 -1844.813212 -1844.218628 -1843.976596 -1843.922033 -1843.912281 -1843.911076 -1843.911308 -1843.911711 -1843.912075 -1843.912378 -1843.912631 -1843.912848 -1843.913038 -1843.913209 -1843.913370 -1843.913525 -1843.913684 -1843.913854 -1843.914049 -1843.914288 -1843.914599 -1843.915026 -1843.915645 -1843.916578 -1843.918042 -1843.920422 -1843.924432 -1843.931437 -1843.944122 -1843.967904 -1844.014039 -1844.106943 -1844.302788 -1844.740285 -1845.789276 -1848.527425 -1856.443257 -1882.175727 -9999.0 -9999.0
-9999.0 -9999.0 621.043619 522.134358 422.961302 323.627743 224.221374 124.784230 25.337387 -74.105958 -173.541432 -272.963750 -372.360459 -471.708919 -570.972417 -670.101581 -769.151490 -868.204095 -967.147560 -1065.944397 -1164.032012 -1260.210431 -1353.218367 -1440.884084 -1520.851022 -1591.156206 -1650.665486 -1699.227832 -1737.555051 -1766.934091 -1788.906567 -1805.011223 -1816.624879 -1824.892634 -1830.719892 -1834.800454 -1837.670026 -1839.812354 -1841.921131 -1845.284413 -1849.562911 -1833.551481 -1555.294028 -2320.767006 -2165.346299 -2062.120659 -2016.902772 -2010.832792 -2010.208949 -2010.268618 -2010.425084 -2010.593153 -2010.754594 -2010.904052 -2011.042609 -2011.202489 -2011.696663 -2015.152069 -2038.306267 -2092.071181 -2135.691952 -1435.694955 -1793.611777 -1841.991081 -1844.813212 -1844.218628 -1843.976596 -1843.922033 -1843.912281 -1843.911076 -1843.911308 -1843.911711 -1843.912075 -1843.912378 -1843.912631 -1843.912848 -1843.913038 -1843.913209 -1843.913370 -1843.913525 -1843.913684 -1843.913854 -1843.914049 -1843.914288 -1843.914599 -1843.915026 -1843.915645 -1843.916578 -1843.918042 -1843.920422 -1843.924432 -1843.931437 -1843.944122 -1843.967904 -1844.014039 -1844.106943 -1844.302788 -1844.740285 -1845.789276 -1848.527425 -1856.443257 -1882.175727 -9999.0 -9999.0
-9999.0 -9999.0 621.043619 522.134359 422.961302 323.627743 224.221374 124.784230 25.337387 -74.105958 -173.541431 -272.963750 -372.360458 -471.708919 -570.972417 -670.101581 -769.151490 -868.204095 -967.147560 -1065.944397 -1164.032012 -1260.210431 -1353.218367 -1440.884084 -1520.851022 -1591.156206 -1650.665486 -1699.227832 -1737.555051 -1766.934091 -1788.906567 -1805.011223 -1816.624879 -1824.892634 -1830.719892 -1834.800454 -1837.670026 -1839.812354 -1841.921131 -1845.284413 -1849.562911 -1833.551481 -1555.294028 -2320.767006 -2165.346299 -2062.120659 -2016.902772 -2010.832792 -2010.208949 -2010.268618 -2010.425084 -2010.593153 -2010.754594 -2010.904052 -2011.042609 -2011.202489 -2011.696663 -2015.152069 -2038.306267 -2092.071181 -2135.691952 -1435.694955 -1793.611777 -1841.991081 -1844.813212 -1844.218628 -1843.976596 -1843.922033 -1843.912281 -1843.911076 -1843.911308 -1843.911711 -1843.912075 -1843.912378 -1843.912631 -1843.912848 -1843.913038 -1843.913209 -1843.913370 -1843.913525 -1843.913684 -1843.913854 -1843.914049 -1843.914288 -1843.914599 -1843.915026 -1843.915645 -1843.916578 -1843.918042 -1843.920422 -1843.924432 -1843.931437 -1843.944122 -1843.967904 -1844.014039 -1844.106943 -1844.302788 -1844.740285 -1845.789276 -1848.527425 -1856.443257 -1882.175727 -9999.0 -9999.0
-9999.0 -9999.0 621.042390 522.133717 422.961041 323.627645 224.221339 124.784217 25.337382 -74.105960 -173.541432 -272.963751 -372.360459 -471.708919 -570.972417 -670.101581 -769.151490 -868.204095 -967.147560 -1065.944397 -1164.032012 -1260.210431 -1353.218367 -1440.884084 -1520.851022 -1591.156205 -1650.665486 -1699.227832 -1737.555051 -1766.934091 -1788.906567 -1805.011223 -1816.624879 -1824.892634 -1830.719892 -1834.800454 -1837.670026 -1839.812354 -1841.921131 -1845.284413 -1849.562911 -1833.551481 -1555.294028 -2320.767006 -2165.346299 -2062.120661 -2016.902772 -2010.832792 -2010.208949 -2010.268618 -2010.425084 -2010.593153 -2010.754594 -2010.904052 -2011.042609 -2011.202489 -2011.696663 -2015.152069 -2038.306267 -2092.071181 -2135.691952 -1435.694955 -1793.611777 -1841.991081 -1844.813212 -1844.218628 -1843.976596 -1843.922033 -1843.912281 -1843.911076 -1843.911308 -1843.911711 -1843.912075 -1843.912378 -1843.912631 -1843.912848 -1843.913038 -1843.913209 -1843.913370 -1843.913525 -1843.913684 -1843.913854 -1843.914049 -1843.914288 -1843.914599 -1843.915026 -1843.915645 -1843.916578 -1843.918042 -1843.920422 -1843.924432 -1843.931437 -1843.944122 -1843.967904 -1844.014039 -1844.106943 -1844.302788 -1844.740285 -1845.789276 -1848.527425 -1856.443257 -1882.175727 -9999.0 -9999.0
-9999.0 -9999.0 621.038066 522.132368 422.960645 323.627523 224.221299 124.784203 25.337377 -74.105962 -173.541433 -272.963751 -372.360459 -471.708920 -570.972417 -670.101581 -769.151490 -868.204094 -967.147560 -1065.944397 -1164.032012 -1260.210430 -1353.218367 -1440.884084 -1520.851022 -1591.156205 -1650.665486 -1699.227832 -1737.555051 -1766.934091 -1788.906567 -1805.011223 -1816.624879 -1824.892634 -1830.719892 -1834.800454 -1837.670026 -1839.812354 -1841.921131 -1845.284413 -1849.562911 -1833.551481 -1555.294028 -2320.767008 -2165.346301 -2062.120663 -2016.902772 -2010.832792 -2010.208949 -2010.268618 -2010.425084 -2010.593153 -2010.754594 -2010.904052 -2011.042609 -2011.202489 -2011.696663 -2015.152069 -2038.306267 -2092.071181 -2135.691952 -1435.694955 -1793.611777 -1841.991081 -1844.813212 -1844.218628 -1843.976596 -1843.922033 -1843.912281 -1843.911076 -1843.911308 -1843.911711 -1843.912075 -1843.912378 -1843.912631 -1843.912848 -1843.913038 -1843.913209 -1843.913370 -1843.913525 -1843.913684 -1843.913854 -1843.914050 -1843.914288 -1843.914599 -1843.915026 -1843.915645 -1843.916578 -1843.918042 -1843.920422 -1843.924432 -1843.931437 -1843.944122 -1843.967904 -1844.014039 -1844.106943 -1844.302788 -1844.740285 -1845.789276 -1848.527425 -1856.443257 -1882.175727 -9999.0 -9999.0
-9999.0 -9999.0 -9999.0 -9999.0 -9999.0 -9999.0 -9999.0 -9999.0 -9999.0 -9999.0 -9999.0 -9999.0 -9999.0 -9999.0 -9999.0 -9999.0 -9999.0 -9999.0 -9999.0 -9999.0 -9999.0 -9999.0 -9999.0 -9999.0 -9999.0 -9999.0 -9999.0 -9999.0 -9999.0 -9999.0 -9999.0 -9999.0 -9999.0 -9999.0 -9999.0 -9999.0 -9999.0 -9999.0 -9999.0 -9999.0 -9999.0 -9999.0 -9999.0 -9999.0 -9999.0 -9999.0 -9999.0 -9999.0 -9999.0 -9999.0 -9999.0 -9999.0 -9999.0 -9999.0 -9999.0 -9999.0 -9999.0 -9999.0 -9999.0 -9999.0 -9999.0 -9999.0 -9999.0 -9999.0 -9999.0 -9999.0 -9999.0 -9999.0 -9999.0 -9999.0 -9999.0 -9999.0 -9999.0 -9999.0 -9999.0 -9999.0 -9999.0 -9999.0 -9999.0 -9999.0 -9999.0 -9999.0 -9999.0 -9999.0 -9999.0 -9999.0 -9999.0 -9999.0 -9999.0 -9999.0 -9999.0 -9999.0 -9999.0 -9999.0 -9999.0 -9999.0 -9999.0 -9999.0 -9999.0 -9999.0 -9999.0 -9999.0 -9999.0 -9999.0
-9999.0 -9999.0 -9999.0 -9999.0 -9999.0 -9999.0 -9999.0 -9999.0 -9999.0 -9999.0 -9999.0 -9999.0 -9999.0 -9999.0 -9999.0 -9999.0 -9999.0 -9999.0 -9999.0 -9999.0 -9999.0 -9999.0 -9999.0 -9999.0 -9999.0 -9999.0 -9999.0 -9999.0 -9999.0 -9999.0 -9999.0 -9999.0 -9999.0 -9999.0 -9999.0 -9999.0 -9999.0 -9999.0 -9999.0 -9999.0 -9999.0 -9999.0 -9999.0 -9999.0 -9999.0 -9999.0 -9999.0 -9999.0 -9999.0 -9999.0 -9999.0 -9999.0 -9999.0 -9999.0 -9999.0 -9999.0 -9999.0 -9999.0 -9999.0 -9999.0 -9999.0 -9999.0 -9999.0 -9999.0 -9999.0 -9999.0 -9999.0 -9999.0 -9999.0 -9999.0 -9999.0 -9999.0 -9999.0 -9999.0 -9999.0 -9999.0 -9999.0 -9999.0 -9999.0 -9999.0 -9999.0 -9999.0 -9999.0 -9999.0 -9999.0 -9999.0 -9999.0 -9999.0 -9999.0 -9999.0 -9999.0 -9999.0 -9999.0 -9999.0 -9999.0 -9999.0 -9999.0 -9999.0 -9999.0 -9999.0 -9999.0 -9999.0 -9999.0 -9999.0