inst/processing_geotop_simulation/geotop_simulation/out/maps3D/PwL0003N0106.asc
ncols         104
nrows         10
xllcorner     -2.000000
yllcorner     0.000000
cellsize      1.000000
NODATA_value  -9999.0
-9999.0 -9999.0 -9999.0 -9999.0 -9999.0 -9999.0 -9999.0 -9999.0 -9999.0 -9999.0 -9999.0 -9999.0 -9999.0 -9999.0 -9999.0 -9999.0 -9999.0 -9999.0 -9999.0 -9999.0 -9999.0 -9999.0 -9999.0 -9999.0 -9999.0 -9999.0 -9999.0 -9999.0 -9999.0 -9999.0 -9999.0 -9999.0 -9999.0 -9999.0 -9999.0 -9999.0 -9999.0 -9999.0 -9999.0 -9999.0 -9999.0 -9999.0 -9999.0 -9999.0 -9999.0 -9999.0 -9999.0 -9999.0 -9999.0 -9999.0 -9999.0 -9999.0 -9999.0 -9999.0 -9999.0 -9999.0 -9999.0 -9999.0 -9999.0 -9999.0 -9999.0 -9999.0 -9999.0 -9999.0 -9999.0 -9999.0 -9999.0 -9999.0 -9999.0 -9999.0 -9999.0 -9999.0 -9999.0 -9999.0 -9999.0 -9999.0 -9999.0 -9999.0 -9999.0 -9999.0 -9999.0 -9999.0 -9999.0 -9999.0 -9999.0 -9999.0 -9999.0 -9999.0 -9999.0 -9999.0 -9999.0 -9999.0 -9999.0 -9999.0 -9999.0 -9999.0 -9999.0 -9999.0 -9999.0 -9999.0 -9999.0 -9999.0 -9999.0 -9999.0
-9999.0 -9999.0 -9999.0 -9999.0 -9999.0 -9999.0 -9999.0 -9999.0 -9999.0 -9999.0 -9999.0 -9999.0 -9999.0 -9999.0 -9999.0 -9999.0 -9999.0 -9999.0 -9999.0 -9999.0 -9999.0 -9999.0 -9999.0 -9999.0 -9999.0 -9999.0 -9999.0 -9999.0 -9999.0 -9999.0 -9999.0 -9999.0 -9999.0 -9999.0 -9999.0 -9999.0 -9999.0 -9999.0 -9999.0 -9999.0 -9999.0 -9999.0 -9999.0 -9999.0 -9999.0 -9999.0 -9999.0 -9999.0 -9999.0 -9999.0 -9999.0 -9999.0 -9999.0 -9999.0 -9999.0 -9999.0 -9999.0 -9999.0 -9999.0 -9999.0 -9999.0 -9999.0 -9999.0 -9999.0 -9999.0 -9999.0 -9999.0 -9999.0 -9999.0 -9999.0 -9999.0 -9999.0 -9999.0 -9999.0 -9999.0 -9999.0 -9999.0 -9999.0 -9999.0 -9999.0 -9999.0 -9999.0 -9999.0 -9999.0 -9999.0 -9999.0 -9999.0 -9999.0 -9999.0 -9999.0 -9999.0 -9999.0 -9999.0 -9999.0 -9999.0 -9999.0 -9999.0 -9999.0 -9999.0 -9999.0 -9999.0 -9999.0 -9999.0 -9999.0
-9999.0 -9999.0 136.086457 53.184803 -38.080029 -131.565051 -225.897506 -320.586358 -415.434682 -510.388732 -605.768859 -706.053719 -820.560864 -943.541996 -1055.625720 -1152.959526 -1260.053261 -1344.355076 -1389.316227 -1406.294798 -1410.539544 -1410.000535 -1408.584242 -1407.888436 -1408.321354 -1409.730104 -1411.736196 -1413.934880 -1416.013484 -1417.793858 -1419.214974 -1420.291608 -1421.075520 -1421.628419 -1422.007561 -1422.261888 -1422.439144 -1422.599218 -1422.823563 -1423.677837 -1429.839521 -1452.028240 -937.391306 -936.195348 -922.395487 -913.883476 -909.907394 -909.359907 -909.305491 -909.316462 -909.337694 -909.360209 -909.381813 -909.401798 -909.420164 -909.439805 -909.489493 -909.814025 -911.921700 -916.730559 -924.616810 -916.442038 -1433.849385 -1427.182167 -1423.524413 -1422.959645 -1422.865673 -1422.849288 -1422.848129 -1422.849807 -1422.851668 -1422.853195 -1422.854361 -1422.855241 -1422.855911 -1422.856430 -1422.856839 -1422.857168 -1422.857441 -1422.857679 -1422.857910 -1422.858162 -1422.858475 -1422.858907 -1422.859543 -1422.860518 -1422.862046 -1422.864480 -1422.868413 -1422.874863 -1422.885646 -1422.904111 -1422.936636 -1422.995692 -1423.106022 -1423.316973 -1423.727279 -1424.538123 -1426.182453 -1429.681480 -1437.732013 -1459.568294 -9999.0 -9999.0
-9999.0 -9999.0 136.098565 53.187168 -38.079433 -131.564878 -225.897451 -320.586340 -415.434676 -510.388730 -605.768858 -706.053719 -820.560864 -943.541996 -1055.625720 -1152.959527 -1260.053262 -1344.355076 -1389.316227 -1406.294798 -1410.539544 -1410.000535 -1408.584242 -1407.888436 -1408.321354 -1409.730104 -1411.736196 -1413.934880 -1416.013484 -1417.793858 -1419.214974 -1420.291608 -1421.075520 -1421.628419 -1422.007561 -1422.261888 -1422.439144 -1422.599218 -1422.823563 -1423.677837 -1429.839521 -1452.028240 -937.391306 -936.195348 -922.395487 -913.883476 -909.907394 -909.359907 -909.305491 -909.316462 -909.337694 -909.360209 -909.381813 -909.401798 -909.420164 -909.439805 -909.489493 -909.814025 -911.921700 -916.730559 -924.616810 -916.442038 -1433.849385 -1427.182167 -1423.524413 -1422.959645 -1422.865673 -1422.849288 -1422.848129 -1422.849807 -1422.851668 -1422.853195 -1422.854361 -1422.855241 -1422.855911 -1422.856430 -1422.856839 -1422.857168 -1422.857441 -1422.857679 -1422.857910 -1422.858162 -1422.858475 -1422.858907 -1422.859543 -1422.860518 -1422.862046 -1422.864480 -1422.868413 -1422.874863 -1422.885646 -1422.904111 -1422.936636 -1422.995692 -1423.106022 -1423.316973 -1423.727279 -1424.538123 -1426.182453 -1429.681480 -1437.732013 -1459.568294 -9999.0 -9999.0
-9999.0 -9999.0 136.100076 53.188113 -38.079057 -131.564742 -225.897403 -320.586323 -415.434670 -510.388728 -605.768857 -706.053719 -820.560864 -943.541996 -1055.625720 -1152.959527 -1260.053262 -1344.355076 -1389.316227 -1406.294798 -1410.539544 -1410.000535 -1408.584242 -1407.888436 -1408.321354 -1409.730104 -1411.736196 -1413.934880 -1416.013484 -1417.793858 -1419.214974 -1420.291608 -1421.075520 -1421.628419 -1422.007561 -1422.261888 -1422.439144 -1422.599218 -1422.823563 -1423.677837 -1429.839521 -1452.028240 -937.391306 -936.195348 -922.395487 -913.883475 -909.907394 -909.359907 -909.305491 -909.316462 -909.337694 -909.360209 -909.381813 -909.401798 -909.420164 -909.439805 -909.489493 -909.814025 -911.921700 -916.730559 -924.616810 -916.442038 -1433.849385 -1427.182167 -1423.524413 -1422.959645 -1422.865673 -1422.849288 -1422.848129 -1422.849807 -1422.851668 -1422.853195 -1422.854361 -1422.855241 -1422.855911 -1422.856430 -1422.856839 -1422.857168 -1422.857441 -1422.857679 -1422.857910 -1422.858162 -1422.858475 -1422.858907 -1422.859543 -1422.860518 -1422.862046 -1422.864480 -1422.868413 -1422.874863 -1422.885646 -1422.904111 -1422.936636 -1422.995692 -1423.106022 -1423.316973 -1423.727279 -1424.538123 -1426.182453 -1429.681480 -1437.732013 -1459.568294 -9999.0 -9999.0
-9999.0 -9999.0 136.100076 53.188113 -38.079057 -131.564742 -225.897403 -320.586323 -415.434670 -510.388728 -605.768858 -706.053719 -820.560864 -943.541996 -1055.625720 -1152.959527 -1260.053262 -1344.355076 -1389.316227 -1406.294798 -1410.539544 -1410.000535 -1408.584242 -1407.888436 -1408.321354 -1409.730104 -1411.736196 -1413.934880 -1416.013484 -1417.793858 -1419.214974 -1420.291608 -1421.075520 -1421.628419 -1422.007561 -1422.261888 -1422.439144 -1422.599218 -1422.823563 -1423.677837 -1429.839521 -1452.028240 -937.391306 -936.195348 -922.395487 -913.883475 -909.907394 -909.359907 -909.305491 -909.316462 -909.337694 -909.360209 -909.381813 -909.401798 -909.420164 -909.439805 -909.489493 -909.814025 -911.921700 -916.730559 -924.616810 -916.442038 -1433.849385 -1427.182167 -1423.524413 -1422.959645 -1422.865673 -1422.849288 -1422.848129 -1422.849807 -1422.851668 -1422.853195 -1422.854361 -1422.855241 -1422.855911 -1422.856430 -1422.856839 -1422.857168 -1422.857441 -1422.857679 -1422.857910 -1422.858162 -1422.858475 -1422.858907 -1422.859543 -1422.860518 -1422.862046 -1422.864480 -1422.868413 -1422.874863 -1422.885646 -1422.904111 -1422.936636 -1422.995692 -1423.106022 -1423.316973 -1423.727279 -1424.538123 -1426.182453 -1429.681480 -1437.732013 -1459.568294 -9999.0 -9999.0
-9999.0 -9999.0 136.098565 53.187168 -38.079433 -131.564878 -225.897451 -320.586340 -415.434676 -510.388730 -605.768858 -706.053719 -820.560864 -943.541996 -1055.625720 -1152.959527 -1260.053262 -1344.355076 -1389.316227 -1406.294798 -1410.539544 -1410.000535 -1408.584242 -1407.888436 -1408.321354 -1409.730104 -1411.736196 -1413.934880 -1416.013484 -1417.793858 -1419.214974 -1420.291608 -1421.075520 -1421.628419 -1422.007561 -1422.261888 -1422.439144 -1422.599218 -1422.823563 -1423.677837 -1429.839521 -1452.028240 -937.391306 -936.195348 -922.395487 -913.883476 -909.907394 -909.359907 -909.305491 -909.316462 -909.337694 -909.360209 -909.381813 -909.401798 -909.420164 -909.439805 -909.489493 -909.814025 -911.921700 -916.730559 -924.616810 -916.442038 -1433.849385 -1427.182167 -1423.524413 -1422.959645 -1422.865673 -1422.849288 -1422.848129 -1422.849807 -1422.851668 -1422.853195 -1422.854361 -1422.855241 -1422.855911 -1422.856430 -1422.856839 -1422.857168 -1422.857441 -1422.857679 -1422.857910 -1422.858162 -1422.858475 -1422.858907 -1422.859543 -1422.860518 -1422.862046 -1422.864480 -1422.868413 -1422.874863 -1422.885646 -1422.904111 -1422.936636 -1422.995692 -1423.106022 -1423.316973 -1423.727279 -1424.538123 -1426.182453 -1429.681480 -1437.732013 -1459.568294 -9999.0 -9999.0
-9999.0 -9999.0 136.086457 53.184803 -38.080029 -131.565051 -225.897506 -320.586358 -415.434682 -510.388732 -605.768859 -706.053719 -820.560864 -943.541996 -1055.625720 -1152.959526 -1260.053261 -1344.355076 -1389.316227 -1406.294798 -1410.539544 -1410.000535 -1408.584242 -1407.888436 -1408.321354 -1409.730104 -1411.736196 -1413.934880 -1416.013484 -1417.793858 -1419.214974 -1420.291608 -1421.075520 -1421.628419 -1422.007561 -1422.261888 -1422.439144 -1422.599218 -1422.823563 -1423.677837 -1429.839521 -1452.028240 -937.391306 -936.195348 -922.395487 -913.883476 -909.907394 -909.359907 -909.305491 -909.316462 -909.337694 -909.360209 -909.381813 -909.401798 -909.420164 -909.439805 -909.489493 -909.814025 -911.921700 -916.730559 -924.616810 -916.442038 -1433.849385 -1427.182167 -1423.524413 -1422.959645 -1422.865673 -1422.849288 -1422.848129 -1422.849807 -1422.851668 -1422.853195 -1422.854361 -1422.855241 -1422.855911 -1422.856430 -1422.856839 -1422.857168 -1422.857441 -1422.857679 -1422.857910 -1422.858162 -1422.858475 -1422.858907 -1422.859543 -1422.860518 -1422.862046 -1422.864480 -1422.868413 -1422.874863 -1422.885646 -1422.904111 -1422.936636 -1422.995692 -1423.106022 -1423.316973 -1423.727279 -1424.538123 -1426.182453 -1429.681480 -1437.732013 -1459.568294 -9999.0 -9999.0
-9999.0 -9999.0 -9999.0 -9999.0 -9999.0 -9999.0 -9999.0 -9999.0 -9999.0 -9999.0 -9999.0 -9999.0 -9999.0 -9999.0 -9999.0 -9999.0 -9999.0 -9999.0 -9999.0 -9999.0 -9999.0 -9999.0 -9999.0 -9999.0 -9999.0 -9999.0 -9999.0 -9999.0 -9999.0 -9999.0 -9999.0 -9999.0 -9999.0 -9999.0 -9999.0 -9999.0 -9999.0 -9999.0 -9999.0 -9999.0 -9999.0 -9999.0 -9999.0 -9999.0 -9999.0 -9999.0 -9999.0 -9999.0 -9999.0 -9999.0 -9999.0 -9999.0 -9999.0 -9999.0 -9999.0 -9999.0 -9999.0 -9999.0 -9999.0 -9999.0 -9999.0 -9999.0 -9999.0 -9999.0 -9999.0 -9999.0 -9999.0 -9999.0 -9999.0 -9999.0 -9999.0 -9999.0 -9999.0 -9999.0 -9999.0 -9999.0 -9999.0 -9999.0 -9999.0 -9999.0 -9999.0 -9999.0 -9999.0 -9999.0 -9999.0 -9999.0 -9999.0 -9999.0 -9999.0 -9999.0 -9999.0 -9999.0 -9999.0 -9999.0 -9999.0 -9999.0 -9999.0 -9999.0 -9999.0 -9999.0 -9999.0 -9999.0 -9999.0 -9999.0
-9999.0 -9999.0 -9999.0 -9999.0 -9999.0 -9999.0 -9999.0 -9999.0 -9999.0 -9999.0 -9999.0 -9999.0 -9999.0 -9999.0 -9999.0 -9999.0 -9999.0 -9999.0 -9999.0 -9999.0 -9999.0 -9999.0 -9999.0 -9999.0 -9999.0 -9999.0 -9999.0 -9999.0 -9999.0 -9999.0 -9999.0 -9999.0 -9999.0 -9999.0 -9999.0 -9999.0 -9999.0 -9999.0 -9999.0 -9999.0 -9999.0 -9999.0 -9999.0 -9999.0 -9999.0 -9999.0 -9999.0 -9999.0 -9999.0 -9999.0 -9999.0 -9999.0 -9999.0 -9999.0 -9999.0 -9999.0 -9999.0 -9999.0 -9999.0 -9999.0 -9999.0 -9999.0 -9999.0 -9999.0 -9999.0 -9999.0 -9999.0 -9999.0 -9999.0 -9999.0 -9999.0 -9999.0 -9999.0 -9999.0 -9999.0 -9999.0 -9999.0 -9999.0 -9999.0 -9999.0 -9999.0 -9999.0 -9999.0 -9999.0 -9999.0 -9999.0 -9999.0 -9999.0 -9999.0 -9999.0 -9999.0 -9999.0 -9999.0 -9999.0 -9999.0 -9999.0 -9999.0 -9999.0 -9999.0 -9999.0 -9999.0 -9999.0 -9999.0 -9999.0