inst/processing_geotop_simulation/geotop_simulation/out/maps3D/PwL0014N0019.asc
ncols         104
nrows         10
xllcorner     -2.000000
yllcorner     0.000000
cellsize      1.000000
NODATA_value  -9999.0
-9999.0 -9999.0 -9999.0 -9999.0 -9999.0 -9999.0 -9999.0 -9999.0 -9999.0 -9999.0 -9999.0 -9999.0 -9999.0 -9999.0 -9999.0 -9999.0 -9999.0 -9999.0 -9999.0 -9999.0 -9999.0 -9999.0 -9999.0 -9999.0 -9999.0 -9999.0 -9999.0 -9999.0 -9999.0 -9999.0 -9999.0 -9999.0 -9999.0 -9999.0 -9999.0 -9999.0 -9999.0 -9999.0 -9999.0 -9999.0 -9999.0 -9999.0 -9999.0 -9999.0 -9999.0 -9999.0 -9999.0 -9999.0 -9999.0 -9999.0 -9999.0 -9999.0 -9999.0 -9999.0 -9999.0 -9999.0 -9999.0 -9999.0 -9999.0 -9999.0 -9999.0 -9999.0 -9999.0 -9999.0 -9999.0 -9999.0 -9999.0 -9999.0 -9999.0 -9999.0 -9999.0 -9999.0 -9999.0 -9999.0 -9999.0 -9999.0 -9999.0 -9999.0 -9999.0 -9999.0 -9999.0 -9999.0 -9999.0 -9999.0 -9999.0 -9999.0 -9999.0 -9999.0 -9999.0 -9999.0 -9999.0 -9999.0 -9999.0 -9999.0 -9999.0 -9999.0 -9999.0 -9999.0 -9999.0 -9999.0 -9999.0 -9999.0 -9999.0 -9999.0
-9999.0 -9999.0 -9999.0 -9999.0 -9999.0 -9999.0 -9999.0 -9999.0 -9999.0 -9999.0 -9999.0 -9999.0 -9999.0 -9999.0 -9999.0 -9999.0 -9999.0 -9999.0 -9999.0 -9999.0 -9999.0 -9999.0 -9999.0 -9999.0 -9999.0 -9999.0 -9999.0 -9999.0 -9999.0 -9999.0 -9999.0 -9999.0 -9999.0 -9999.0 -9999.0 -9999.0 -9999.0 -9999.0 -9999.0 -9999.0 -9999.0 -9999.0 -9999.0 -9999.0 -9999.0 -9999.0 -9999.0 -9999.0 -9999.0 -9999.0 -9999.0 -9999.0 -9999.0 -9999.0 -9999.0 -9999.0 -9999.0 -9999.0 -9999.0 -9999.0 -9999.0 -9999.0 -9999.0 -9999.0 -9999.0 -9999.0 -9999.0 -9999.0 -9999.0 -9999.0 -9999.0 -9999.0 -9999.0 -9999.0 -9999.0 -9999.0 -9999.0 -9999.0 -9999.0 -9999.0 -9999.0 -9999.0 -9999.0 -9999.0 -9999.0 -9999.0 -9999.0 -9999.0 -9999.0 -9999.0 -9999.0 -9999.0 -9999.0 -9999.0 -9999.0 -9999.0 -9999.0 -9999.0 -9999.0 -9999.0 -9999.0 -9999.0 -9999.0 -9999.0
-9999.0 -9999.0 667.484307 570.715360 474.342086 375.992865 274.620556 170.631430 64.298664 -44.912953 -160.371797 -258.536563 -324.907096 -360.737494 -373.225196 -367.553833 -361.273879 -195.804170 -32.736286 148.335115 348.772102 428.918102 371.392097 308.969801 242.141338 172.055332 99.359126 24.744548 -51.212662 -126.564887 -197.174646 -256.156833 -298.483443 -324.471436 -337.607109 -342.786115 -342.915856 -338.911096 -330.230629 -319.887453 -334.008811 -317.183294 -3101.936093 -4282.144110 -4282.178218 -4282.178218 -4282.178218 -4282.178218 -4282.178218 -4282.178218 -4282.178218 -4282.178218 -4282.178218 -4282.178218 -4282.178218 -4282.178218 -4282.178218 -4282.178218 -4282.178218 -4282.178218 -4282.114248 -2933.986162 45.806738 -5.913361 -50.573335 -96.393187 -143.310966 -189.757082 -233.354236 -271.294898 -301.115219 -322.252622 -335.920029 -344.209072 -349.060573 -351.861363 -353.478741 -354.423766 -354.991927 -355.356843 -355.594273 -355.717830 -355.847236 -355.948520 -356.071804 -356.232463 -356.459644 -356.814625 -357.368186 -358.234396 -359.591019 -361.715605 -365.030714 -370.169703 -378.060586 -390.013913 -407.794622 -433.696446 -471.395099 -533.816024 -670.572785 -1028.200435 -9999.0 -9999.0
-9999.0 -9999.0 667.528568 570.732505 474.348132 375.995064 274.621405 170.631765 64.298801 -44.912897 -160.371774 -258.536556 -324.907094 -360.737494 -373.225196 -367.553833 -361.273879 -195.804170 -32.736286 148.335115 348.772102 428.918103 371.392097 308.969801 242.141338 172.055332 99.359126 24.744548 -51.212662 -126.564887 -197.174646 -256.156833 -298.483443 -324.471437 -337.607110 -342.786116 -342.915858 -338.911098 -330.230631 -319.887455 -334.008807 -317.183283 -3101.936092 -4282.144110 -4282.178218 -4282.178218 -4282.178218 -4282.178218 -4282.178218 -4282.178218 -4282.178218 -4282.178218 -4282.178218 -4282.178218 -4282.178218 -4282.178218 -4282.178218 -4282.178218 -4282.178218 -4282.178218 -4282.114248 -2933.986163 45.806738 -5.913362 -50.573336 -96.393188 -143.310966 -189.757082 -233.354237 -271.294898 -301.115220 -322.252622 -335.920030 -344.209072 -349.060574 -351.861363 -353.478741 -354.423766 -354.991927 -355.356843 -355.594273 -355.717830 -355.847236 -355.948520 -356.071804 -356.232463 -356.459644 -356.814625 -357.368186 -358.234396 -359.591019 -361.715605 -365.030713 -370.169703 -378.060586 -390.013913 -407.794621 -433.696446 -471.395099 -533.816024 -670.572785 -1028.200436 -9999.0 -9999.0
-9999.0 -9999.0 667.545314 570.742034 474.352502 375.996915 274.622181 170.632083 64.298935 -44.912841 -160.371751 -258.536548 -324.907092 -360.737493 -373.225196 -367.553833 -361.273879 -195.804170 -32.736286 148.335115 348.772102 428.918102 371.392097 308.969801 242.141338 172.055332 99.359126 24.744548 -51.212662 -126.564887 -197.174647 -256.156833 -298.483444 -324.471437 -337.607111 -342.786117 -342.915859 -338.911099 -330.230632 -319.887457 -334.008805 -317.183281 -3101.936092 -4282.144110 -4282.178218 -4282.178218 -4282.178218 -4282.178218 -4282.178218 -4282.178218 -4282.178218 -4282.178218 -4282.178218 -4282.178218 -4282.178218 -4282.178218 -4282.178218 -4282.178218 -4282.178218 -4282.178218 -4282.114248 -2933.986163 45.806738 -5.913362 -50.573336 -96.393188 -143.310966 -189.757082 -233.354237 -271.294898 -301.115220 -322.252622 -335.920030 -344.209072 -349.060574 -351.861363 -353.478741 -354.423766 -354.991927 -355.356843 -355.594273 -355.717830 -355.847236 -355.948520 -356.071804 -356.232463 -356.459644 -356.814624 -357.368186 -358.234396 -359.591019 -361.715605 -365.030714 -370.169703 -378.060586 -390.013913 -407.794622 -433.696446 -471.395099 -533.816024 -670.572785 -1028.200434 -9999.0 -9999.0
-9999.0 -9999.0 667.545314 570.742034 474.352502 375.996915 274.622181 170.632083 64.298935 -44.912841 -160.371751 -258.536548 -324.907092 -360.737493 -373.225196 -367.553833 -361.273879 -195.804170 -32.736286 148.335115 348.772102 428.918103 371.392097 308.969801 242.141338 172.055332 99.359126 24.744548 -51.212662 -126.564887 -197.174647 -256.156833 -298.483444 -324.471437 -337.607111 -342.786117 -342.915859 -338.911099 -330.230632 -319.887457 -334.008805 -317.183281 -3101.936092 -4282.144110 -4282.178218 -4282.178218 -4282.178218 -4282.178218 -4282.178218 -4282.178218 -4282.178218 -4282.178218 -4282.178218 -4282.178218 -4282.178218 -4282.178218 -4282.178218 -4282.178218 -4282.178218 -4282.178218 -4282.114248 -2933.986163 45.806738 -5.913362 -50.573335 -96.393188 -143.310966 -189.757082 -233.354237 -271.294899 -301.115220 -322.252622 -335.920030 -344.209072 -349.060574 -351.861363 -353.478741 -354.423766 -354.991927 -355.356843 -355.594273 -355.717830 -355.847236 -355.948520 -356.071804 -356.232463 -356.459644 -356.814625 -357.368186 -358.234396 -359.591019 -361.715605 -365.030713 -370.169703 -378.060586 -390.013913 -407.794622 -433.696446 -471.395099 -533.816024 -670.572784 -1028.200435 -9999.0 -9999.0
-9999.0 -9999.0 667.528568 570.732505 474.348132 375.995064 274.621405 170.631765 64.298801 -44.912897 -160.371774 -258.536556 -324.907094 -360.737494 -373.225196 -367.553833 -361.273879 -195.804170 -32.736286 148.335115 348.772102 428.918102 371.392097 308.969801 242.141338 172.055332 99.359126 24.744548 -51.212662 -126.564887 -197.174646 -256.156833 -298.483443 -324.471437 -337.607110 -342.786116 -342.915858 -338.911098 -330.230631 -319.887455 -334.008807 -317.183283 -3101.936092 -4282.144110 -4282.178218 -4282.178218 -4282.178218 -4282.178218 -4282.178218 -4282.178218 -4282.178218 -4282.178218 -4282.178218 -4282.178218 -4282.178218 -4282.178218 -4282.178218 -4282.178218 -4282.178218 -4282.178218 -4282.114248 -2933.986162 45.806738 -5.913361 -50.573336 -96.393187 -143.310966 -189.757082 -233.354237 -271.294898 -301.115220 -322.252622 -335.920029 -344.209072 -349.060573 -351.861363 -353.478741 -354.423766 -354.991927 -355.356843 -355.594273 -355.717830 -355.847236 -355.948520 -356.071804 -356.232463 -356.459644 -356.814625 -357.368186 -358.234396 -359.591019 -361.715605 -365.030714 -370.169703 -378.060586 -390.013913 -407.794622 -433.696446 -471.395099 -533.816024 -670.572785 -1028.200435 -9999.0 -9999.0
-9999.0 -9999.0 667.484307 570.715360 474.342086 375.992865 274.620556 170.631430 64.298664 -44.912953 -160.371797 -258.536563 -324.907096 -360.737494 -373.225196 -367.553833 -361.273879 -195.804170 -32.736286 148.335115 348.772102 428.918103 371.392097 308.969801 242.141338 172.055332 99.359126 24.744548 -51.212662 -126.564887 -197.174646 -256.156833 -298.483443 -324.471436 -337.607109 -342.786115 -342.915856 -338.911096 -330.230629 -319.887454 -334.008811 -317.183294 -3101.936093 -4282.144110 -4282.178218 -4282.178218 -4282.178218 -4282.178218 -4282.178218 -4282.178218 -4282.178218 -4282.178218 -4282.178218 -4282.178218 -4282.178218 -4282.178218 -4282.178218 -4282.178218 -4282.178218 -4282.178218 -4282.114248 -2933.986162 45.806739 -5.913362 -50.573335 -96.393188 -143.310966 -189.757082 -233.354236 -271.294898 -301.115219 -322.252622 -335.920029 -344.209072 -349.060573 -351.861363 -353.478741 -354.423766 -354.991927 -355.356843 -355.594273 -355.717830 -355.847236 -355.948520 -356.071804 -356.232463 -356.459644 -356.814625 -357.368186 -358.234396 -359.591019 -361.715605 -365.030713 -370.169703 -378.060586 -390.013913 -407.794621 -433.696446 -471.395099 -533.816024 -670.572785 -1028.200436 -9999.0 -9999.0
-9999.0 -9999.0 -9999.0 -9999.0 -9999.0 -9999.0 -9999.0 -9999.0 -9999.0 -9999.0 -9999.0 -9999.0 -9999.0 -9999.0 -9999.0 -9999.0 -9999.0 -9999.0 -9999.0 -9999.0 -9999.0 -9999.0 -9999.0 -9999.0 -9999.0 -9999.0 -9999.0 -9999.0 -9999.0 -9999.0 -9999.0 -9999.0 -9999.0 -9999.0 -9999.0 -9999.0 -9999.0 -9999.0 -9999.0 -9999.0 -9999.0 -9999.0 -9999.0 -9999.0 -9999.0 -9999.0 -9999.0 -9999.0 -9999.0 -9999.0 -9999.0 -9999.0 -9999.0 -9999.0 -9999.0 -9999.0 -9999.0 -9999.0 -9999.0 -9999.0 -9999.0 -9999.0 -9999.0 -9999.0 -9999.0 -9999.0 -9999.0 -9999.0 -9999.0 -9999.0 -9999.0 -9999.0 -9999.0 -9999.0 -9999.0 -9999.0 -9999.0 -9999.0 -9999.0 -9999.0 -9999.0 -9999.0 -9999.0 -9999.0 -9999.0 -9999.0 -9999.0 -9999.0 -9999.0 -9999.0 -9999.0 -9999.0 -9999.0 -9999.0 -9999.0 -9999.0 -9999.0 -9999.0 -9999.0 -9999.0 -9999.0 -9999.0 -9999.0 -9999.0
-9999.0 -9999.0 -9999.0 -9999.0 -9999.0 -9999.0 -9999.0 -9999.0 -9999.0 -9999.0 -9999.0 -9999.0 -9999.0 -9999.0 -9999.0 -9999.0 -9999.0 -9999.0 -9999.0 -9999.0 -9999.0 -9999.0 -9999.0 -9999.0 -9999.0 -9999.0 -9999.0 -9999.0 -9999.0 -9999.0 -9999.0 -9999.0 -9999.0 -9999.0 -9999.0 -9999.0 -9999.0 -9999.0 -9999.0 -9999.0 -9999.0 -9999.0 -9999.0 -9999.0 -9999.0 -9999.0 -9999.0 -9999.0 -9999.0 -9999.0 -9999.0 -9999.0 -9999.0 -9999.0 -9999.0 -9999.0 -9999.0 -9999.0 -9999.0 -9999.0 -9999.0 -9999.0 -9999.0 -9999.0 -9999.0 -9999.0 -9999.0 -9999.0 -9999.0 -9999.0 -9999.0 -9999.0 -9999.0 -9999.0 -9999.0 -9999.0 -9999.0 -9999.0 -9999.0 -9999.0 -9999.0 -9999.0 -9999.0 -9999.0 -9999.0 -9999.0 -9999.0 -9999.0 -9999.0 -9999.0 -9999.0 -9999.0 -9999.0 -9999.0 -9999.0 -9999.0 -9999.0 -9999.0 -9999.0 -9999.0 -9999.0 -9999.0 -9999.0 -9999.0