inst/processing_geotop_simulation/geotop_simulation/out/maps3D/PwL0020N0300.asc
ncols         104
nrows         10
xllcorner     -2.000000
yllcorner     0.000000
cellsize      1.000000
NODATA_value  -9999.0
-9999.0 -9999.0 -9999.0 -9999.0 -9999.0 -9999.0 -9999.0 -9999.0 -9999.0 -9999.0 -9999.0 -9999.0 -9999.0 -9999.0 -9999.0 -9999.0 -9999.0 -9999.0 -9999.0 -9999.0 -9999.0 -9999.0 -9999.0 -9999.0 -9999.0 -9999.0 -9999.0 -9999.0 -9999.0 -9999.0 -9999.0 -9999.0 -9999.0 -9999.0 -9999.0 -9999.0 -9999.0 -9999.0 -9999.0 -9999.0 -9999.0 -9999.0 -9999.0 -9999.0 -9999.0 -9999.0 -9999.0 -9999.0 -9999.0 -9999.0 -9999.0 -9999.0 -9999.0 -9999.0 -9999.0 -9999.0 -9999.0 -9999.0 -9999.0 -9999.0 -9999.0 -9999.0 -9999.0 -9999.0 -9999.0 -9999.0 -9999.0 -9999.0 -9999.0 -9999.0 -9999.0 -9999.0 -9999.0 -9999.0 -9999.0 -9999.0 -9999.0 -9999.0 -9999.0 -9999.0 -9999.0 -9999.0 -9999.0 -9999.0 -9999.0 -9999.0 -9999.0 -9999.0 -9999.0 -9999.0 -9999.0 -9999.0 -9999.0 -9999.0 -9999.0 -9999.0 -9999.0 -9999.0 -9999.0 -9999.0 -9999.0 -9999.0 -9999.0 -9999.0
-9999.0 -9999.0 -9999.0 -9999.0 -9999.0 -9999.0 -9999.0 -9999.0 -9999.0 -9999.0 -9999.0 -9999.0 -9999.0 -9999.0 -9999.0 -9999.0 -9999.0 -9999.0 -9999.0 -9999.0 -9999.0 -9999.0 -9999.0 -9999.0 -9999.0 -9999.0 -9999.0 -9999.0 -9999.0 -9999.0 -9999.0 -9999.0 -9999.0 -9999.0 -9999.0 -9999.0 -9999.0 -9999.0 -9999.0 -9999.0 -9999.0 -9999.0 -9999.0 -9999.0 -9999.0 -9999.0 -9999.0 -9999.0 -9999.0 -9999.0 -9999.0 -9999.0 -9999.0 -9999.0 -9999.0 -9999.0 -9999.0 -9999.0 -9999.0 -9999.0 -9999.0 -9999.0 -9999.0 -9999.0 -9999.0 -9999.0 -9999.0 -9999.0 -9999.0 -9999.0 -9999.0 -9999.0 -9999.0 -9999.0 -9999.0 -9999.0 -9999.0 -9999.0 -9999.0 -9999.0 -9999.0 -9999.0 -9999.0 -9999.0 -9999.0 -9999.0 -9999.0 -9999.0 -9999.0 -9999.0 -9999.0 -9999.0 -9999.0 -9999.0 -9999.0 -9999.0 -9999.0 -9999.0 -9999.0 -9999.0 -9999.0 -9999.0 -9999.0 -9999.0
-9999.0 -9999.0 970.887269 872.514542 774.027582 675.341223 576.543998 477.697051 378.834564 279.975332 181.129889 82.304302 -16.494882 -115.262067 -213.989668 -312.644043 -411.158287 -509.405269 -607.161989 -704.059086 -801.244963 -897.804573 -993.491541 -1088.015620 -1171.501566 -1246.148759 -1310.349441 -1363.407521 -1405.606501 -1438.020414 -1462.181138 -1479.747368 -1492.266755 -1501.051457 -1507.143499 -1511.335676 -1514.225971 -1516.326762 -1518.394890 -1522.546808 -1535.503353 -1581.043724 -1800.955985 -3793.575201 -3984.950572 -3984.934859 -3979.455030 -3932.333374 -3789.964325 -3565.105143 -3316.601998 -3064.765845 -2903.302699 -2799.046769 -2703.372453 -2604.954595 -2500.846459 -2392.682320 -2284.109508 -2177.889944 -2056.208057 -1526.247247 -1538.521802 -1527.154761 -1522.045507 -1520.668273 -1520.389656 -1520.341501 -1520.334201 -1520.333641 -1520.334106 -1520.334639 -1520.335087 -1520.335446 -1520.335736 -1520.335973 -1520.336172 -1520.336344 -1520.336499 -1520.336643 -1520.336789 -1520.336946 -1520.337132 -1520.337370 -1520.337696 -1520.338167 -1520.338877 -1520.339980 -1520.341746 -1520.344650 -1520.349571 -1520.358173 -1520.373711 -1520.402707 -1520.458569 -1520.569969 -1520.801806 -1521.311514 -1522.506599 -1525.510284 -1533.725933 -1559.197413 -9999.0 -9999.0
-9999.0 -9999.0 970.890190 872.515671 774.027955 675.341346 576.544040 477.697066 378.834569 279.975334 181.129890 82.304303 -16.494882 -115.262067 -213.989668 -312.644043 -411.158287 -509.405269 -607.161989 -704.059087 -801.244963 -897.804573 -993.491541 -1088.015620 -1171.501566 -1246.148759 -1310.349441 -1363.407521 -1405.606501 -1438.020414 -1462.181138 -1479.747369 -1492.266755 -1501.051457 -1507.143499 -1511.335676 -1514.225971 -1516.326762 -1518.394890 -1522.546808 -1535.503353 -1581.043724 -1800.955985 -3793.575200 -3984.950572 -3984.934859 -3979.455030 -3932.333374 -3789.964324 -3565.105141 -3316.601994 -3064.765844 -2903.302699 -2799.046769 -2703.372452 -2604.954595 -2500.846459 -2392.682320 -2284.109507 -2177.889943 -2056.208057 -1526.247247 -1538.521802 -1527.154761 -1522.045507 -1520.668273 -1520.389656 -1520.341501 -1520.334201 -1520.333641 -1520.334106 -1520.334639 -1520.335087 -1520.335446 -1520.335736 -1520.335973 -1520.336172 -1520.336344 -1520.336499 -1520.336643 -1520.336789 -1520.336946 -1520.337132 -1520.337370 -1520.337696 -1520.338167 -1520.338877 -1520.339980 -1520.341746 -1520.344650 -1520.349571 -1520.358173 -1520.373711 -1520.402707 -1520.458569 -1520.569969 -1520.801806 -1521.311514 -1522.506599 -1525.510284 -1533.725933 -1559.197413 -9999.0 -9999.0
-9999.0 -9999.0 970.891327 872.516284 774.028215 675.341446 576.544077 477.697079 378.834574 279.975336 181.129891 82.304303 -16.494882 -115.262067 -213.989668 -312.644043 -411.158287 -509.405269 -607.161989 -704.059087 -801.244964 -897.804573 -993.491541 -1088.015620 -1171.501566 -1246.148759 -1310.349441 -1363.407521 -1405.606501 -1438.020414 -1462.181138 -1479.747369 -1492.266755 -1501.051457 -1507.143499 -1511.335676 -1514.225971 -1516.326762 -1518.394890 -1522.546808 -1535.503353 -1581.043724 -1800.955985 -3793.575200 -3984.950572 -3984.934859 -3979.455030 -3932.333374 -3789.964324 -3565.105139 -3316.601992 -3064.765843 -2903.302698 -2799.046768 -2703.372453 -2604.954594 -2500.846459 -2392.682320 -2284.109507 -2177.889943 -2056.208056 -1526.247247 -1538.521802 -1527.154761 -1522.045507 -1520.668273 -1520.389656 -1520.341501 -1520.334201 -1520.333641 -1520.334106 -1520.334639 -1520.335087 -1520.335446 -1520.335736 -1520.335973 -1520.336172 -1520.336344 -1520.336499 -1520.336643 -1520.336789 -1520.336946 -1520.337132 -1520.337370 -1520.337696 -1520.338167 -1520.338877 -1520.339980 -1520.341746 -1520.344650 -1520.349571 -1520.358173 -1520.373711 -1520.402707 -1520.458569 -1520.569969 -1520.801806 -1521.311514 -1522.506599 -1525.510284 -1533.725933 -1559.197413 -9999.0 -9999.0
-9999.0 -9999.0 970.891327 872.516283 774.028215 675.341446 576.544077 477.697079 378.834574 279.975336 181.129891 82.304303 -16.494882 -115.262067 -213.989668 -312.644043 -411.158287 -509.405269 -607.161989 -704.059087 -801.244964 -897.804574 -993.491541 -1088.015620 -1171.501566 -1246.148759 -1310.349441 -1363.407521 -1405.606501 -1438.020414 -1462.181138 -1479.747369 -1492.266755 -1501.051457 -1507.143499 -1511.335676 -1514.225971 -1516.326762 -1518.394890 -1522.546808 -1535.503353 -1581.043724 -1800.955985 -3793.575200 -3984.950572 -3984.934859 -3979.455030 -3932.333374 -3789.964324 -3565.105140 -3316.601993 -3064.765843 -2903.302698 -2799.046768 -2703.372452 -2604.954594 -2500.846458 -2392.682320 -2284.109507 -2177.889943 -2056.208056 -1526.247247 -1538.521802 -1527.154761 -1522.045507 -1520.668273 -1520.389656 -1520.341501 -1520.334201 -1520.333641 -1520.334106 -1520.334639 -1520.335087 -1520.335446 -1520.335736 -1520.335973 -1520.336172 -1520.336344 -1520.336499 -1520.336643 -1520.336789 -1520.336946 -1520.337132 -1520.337370 -1520.337696 -1520.338167 -1520.338877 -1520.339980 -1520.341746 -1520.344650 -1520.349571 -1520.358173 -1520.373711 -1520.402707 -1520.458569 -1520.569969 -1520.801806 -1521.311514 -1522.506599 -1525.510284 -1533.725933 -1559.197413 -9999.0 -9999.0
-9999.0 -9999.0 970.890190 872.515671 774.027955 675.341346 576.544040 477.697066 378.834569 279.975334 181.129890 82.304303 -16.494882 -115.262067 -213.989668 -312.644043 -411.158287 -509.405269 -607.161989 -704.059087 -801.244964 -897.804573 -993.491541 -1088.015620 -1171.501566 -1246.148759 -1310.349441 -1363.407521 -1405.606501 -1438.020414 -1462.181138 -1479.747369 -1492.266755 -1501.051457 -1507.143499 -1511.335676 -1514.225971 -1516.326762 -1518.394890 -1522.546808 -1535.503353 -1581.043724 -1800.955985 -3793.575200 -3984.950572 -3984.934859 -3979.455030 -3932.333374 -3789.964324 -3565.105140 -3316.601994 -3064.765844 -2903.302699 -2799.046768 -2703.372453 -2604.954594 -2500.846459 -2392.682320 -2284.109508 -2177.889943 -2056.208057 -1526.247247 -1538.521802 -1527.154761 -1522.045507 -1520.668273 -1520.389656 -1520.341501 -1520.334201 -1520.333641 -1520.334106 -1520.334639 -1520.335087 -1520.335446 -1520.335736 -1520.335973 -1520.336172 -1520.336344 -1520.336499 -1520.336643 -1520.336789 -1520.336946 -1520.337132 -1520.337370 -1520.337696 -1520.338167 -1520.338877 -1520.339980 -1520.341746 -1520.344650 -1520.349571 -1520.358173 -1520.373711 -1520.402707 -1520.458569 -1520.569969 -1520.801806 -1521.311514 -1522.506599 -1525.510284 -1533.725933 -1559.197413 -9999.0 -9999.0
-9999.0 -9999.0 970.887270 872.514542 774.027582 675.341223 576.543998 477.697051 378.834564 279.975332 181.129889 82.304302 -16.494882 -115.262067 -213.989668 -312.644043 -411.158287 -509.405269 -607.161989 -704.059086 -801.244963 -897.804573 -993.491541 -1088.015620 -1171.501566 -1246.148759 -1310.349441 -1363.407521 -1405.606501 -1438.020414 -1462.181138 -1479.747368 -1492.266755 -1501.051457 -1507.143499 -1511.335676 -1514.225971 -1516.326762 -1518.394890 -1522.546808 -1535.503353 -1581.043724 -1800.955985 -3793.575201 -3984.950572 -3984.934859 -3979.455030 -3932.333374 -3789.964325 -3565.105143 -3316.601998 -3064.765845 -2903.302699 -2799.046769 -2703.372453 -2604.954595 -2500.846459 -2392.682321 -2284.109508 -2177.889944 -2056.208057 -1526.247247 -1538.521802 -1527.154761 -1522.045507 -1520.668273 -1520.389656 -1520.341501 -1520.334201 -1520.333641 -1520.334106 -1520.334639 -1520.335087 -1520.335446 -1520.335736 -1520.335973 -1520.336172 -1520.336344 -1520.336499 -1520.336643 -1520.336789 -1520.336946 -1520.337132 -1520.337370 -1520.337696 -1520.338167 -1520.338877 -1520.339980 -1520.341746 -1520.344650 -1520.349571 -1520.358173 -1520.373711 -1520.402707 -1520.458569 -1520.569969 -1520.801806 -1521.311514 -1522.506599 -1525.510284 -1533.725933 -1559.197413 -9999.0 -9999.0
-9999.0 -9999.0 -9999.0 -9999.0 -9999.0 -9999.0 -9999.0 -9999.0 -9999.0 -9999.0 -9999.0 -9999.0 -9999.0 -9999.0 -9999.0 -9999.0 -9999.0 -9999.0 -9999.0 -9999.0 -9999.0 -9999.0 -9999.0 -9999.0 -9999.0 -9999.0 -9999.0 -9999.0 -9999.0 -9999.0 -9999.0 -9999.0 -9999.0 -9999.0 -9999.0 -9999.0 -9999.0 -9999.0 -9999.0 -9999.0 -9999.0 -9999.0 -9999.0 -9999.0 -9999.0 -9999.0 -9999.0 -9999.0 -9999.0 -9999.0 -9999.0 -9999.0 -9999.0 -9999.0 -9999.0 -9999.0 -9999.0 -9999.0 -9999.0 -9999.0 -9999.0 -9999.0 -9999.0 -9999.0 -9999.0 -9999.0 -9999.0 -9999.0 -9999.0 -9999.0 -9999.0 -9999.0 -9999.0 -9999.0 -9999.0 -9999.0 -9999.0 -9999.0 -9999.0 -9999.0 -9999.0 -9999.0 -9999.0 -9999.0 -9999.0 -9999.0 -9999.0 -9999.0 -9999.0 -9999.0 -9999.0 -9999.0 -9999.0 -9999.0 -9999.0 -9999.0 -9999.0 -9999.0 -9999.0 -9999.0 -9999.0 -9999.0 -9999.0 -9999.0
-9999.0 -9999.0 -9999.0 -9999.0 -9999.0 -9999.0 -9999.0 -9999.0 -9999.0 -9999.0 -9999.0 -9999.0 -9999.0 -9999.0 -9999.0 -9999.0 -9999.0 -9999.0 -9999.0 -9999.0 -9999.0 -9999.0 -9999.0 -9999.0 -9999.0 -9999.0 -9999.0 -9999.0 -9999.0 -9999.0 -9999.0 -9999.0 -9999.0 -9999.0 -9999.0 -9999.0 -9999.0 -9999.0 -9999.0 -9999.0 -9999.0 -9999.0 -9999.0 -9999.0 -9999.0 -9999.0 -9999.0 -9999.0 -9999.0 -9999.0 -9999.0 -9999.0 -9999.0 -9999.0 -9999.0 -9999.0 -9999.0 -9999.0 -9999.0 -9999.0 -9999.0 -9999.0 -9999.0 -9999.0 -9999.0 -9999.0 -9999.0 -9999.0 -9999.0 -9999.0 -9999.0 -9999.0 -9999.0 -9999.0 -9999.0 -9999.0 -9999.0 -9999.0 -9999.0 -9999.0 -9999.0 -9999.0 -9999.0 -9999.0 -9999.0 -9999.0 -9999.0 -9999.0 -9999.0 -9999.0 -9999.0 -9999.0 -9999.0 -9999.0 -9999.0 -9999.0 -9999.0 -9999.0 -9999.0 -9999.0 -9999.0 -9999.0 -9999.0 -9999.0