inst/processing_geotop_simulation/geotop_simulation/out/maps3D/PwL0022N0377.asc
ncols         104
nrows         10
xllcorner     -2.000000
yllcorner     0.000000
cellsize      1.000000
NODATA_value  -9999.0
-9999.0 -9999.0 -9999.0 -9999.0 -9999.0 -9999.0 -9999.0 -9999.0 -9999.0 -9999.0 -9999.0 -9999.0 -9999.0 -9999.0 -9999.0 -9999.0 -9999.0 -9999.0 -9999.0 -9999.0 -9999.0 -9999.0 -9999.0 -9999.0 -9999.0 -9999.0 -9999.0 -9999.0 -9999.0 -9999.0 -9999.0 -9999.0 -9999.0 -9999.0 -9999.0 -9999.0 -9999.0 -9999.0 -9999.0 -9999.0 -9999.0 -9999.0 -9999.0 -9999.0 -9999.0 -9999.0 -9999.0 -9999.0 -9999.0 -9999.0 -9999.0 -9999.0 -9999.0 -9999.0 -9999.0 -9999.0 -9999.0 -9999.0 -9999.0 -9999.0 -9999.0 -9999.0 -9999.0 -9999.0 -9999.0 -9999.0 -9999.0 -9999.0 -9999.0 -9999.0 -9999.0 -9999.0 -9999.0 -9999.0 -9999.0 -9999.0 -9999.0 -9999.0 -9999.0 -9999.0 -9999.0 -9999.0 -9999.0 -9999.0 -9999.0 -9999.0 -9999.0 -9999.0 -9999.0 -9999.0 -9999.0 -9999.0 -9999.0 -9999.0 -9999.0 -9999.0 -9999.0 -9999.0 -9999.0 -9999.0 -9999.0 -9999.0 -9999.0 -9999.0
-9999.0 -9999.0 -9999.0 -9999.0 -9999.0 -9999.0 -9999.0 -9999.0 -9999.0 -9999.0 -9999.0 -9999.0 -9999.0 -9999.0 -9999.0 -9999.0 -9999.0 -9999.0 -9999.0 -9999.0 -9999.0 -9999.0 -9999.0 -9999.0 -9999.0 -9999.0 -9999.0 -9999.0 -9999.0 -9999.0 -9999.0 -9999.0 -9999.0 -9999.0 -9999.0 -9999.0 -9999.0 -9999.0 -9999.0 -9999.0 -9999.0 -9999.0 -9999.0 -9999.0 -9999.0 -9999.0 -9999.0 -9999.0 -9999.0 -9999.0 -9999.0 -9999.0 -9999.0 -9999.0 -9999.0 -9999.0 -9999.0 -9999.0 -9999.0 -9999.0 -9999.0 -9999.0 -9999.0 -9999.0 -9999.0 -9999.0 -9999.0 -9999.0 -9999.0 -9999.0 -9999.0 -9999.0 -9999.0 -9999.0 -9999.0 -9999.0 -9999.0 -9999.0 -9999.0 -9999.0 -9999.0 -9999.0 -9999.0 -9999.0 -9999.0 -9999.0 -9999.0 -9999.0 -9999.0 -9999.0 -9999.0 -9999.0 -9999.0 -9999.0 -9999.0 -9999.0 -9999.0 -9999.0 -9999.0 -9999.0 -9999.0 -9999.0 -9999.0 -9999.0
-9999.0 -9999.0 1068.202730 969.195391 870.164943 771.024798 671.819146 572.583768 473.339654 374.098614 274.867361 175.649820 76.448387 -22.732965 -121.891474 -221.023414 -320.108928 -419.109746 -517.951381 -616.494740 -714.487547 -812.592293 -910.225757 -1007.174539 -1103.150714 -1190.228513 -1269.775308 -1340.015451 -1399.812225 -1448.878863 -1487.763321 -1517.633325 -1539.975793 -1556.325104 -1568.081075 -1576.423898 -1582.311712 -1586.576555 -1590.258038 -1595.546347 -1607.754385 -1640.525698 -1639.910979 -2345.158379 -3500.638559 -3466.140495 -2816.841037 -2470.671194 -2288.804131 -2172.341550 -2087.420927 -2014.351198 -1968.519786 -1938.243575 -1909.683378 -1879.238044 -1845.683784 -1809.276292 -1771.062352 -1731.585760 -1681.364728 -1444.885870 -1596.815986 -1599.953947 -1596.973396 -1595.735407 -1595.428465 -1595.368148 -1595.358069 -1595.356973 -1595.357336 -1595.357864 -1595.358344 -1595.358757 -1595.359115 -1595.359434 -1595.359725 -1595.359997 -1595.360258 -1595.360516 -1595.360780 -1595.361060 -1595.361370 -1595.361731 -1595.362176 -1595.362753 -1595.363546 -1595.364691 -1595.366427 -1595.369177 -1595.373728 -1595.381583 -1595.395698 -1595.422056 -1595.473159 -1595.576362 -1595.795230 -1596.287376 -1597.468006 -1600.505059 -1608.996457 -1635.467268 -9999.0 -9999.0
-9999.0 -9999.0 1068.205113 969.196360 870.165274 771.024909 671.819184 572.583782 473.339659 374.098616 274.867361 175.649820 76.448387 -22.732965 -121.891473 -221.023415 -320.108928 -419.109747 -517.951381 -616.494740 -714.487547 -812.592293 -910.225757 -1007.174539 -1103.150714 -1190.228513 -1269.775308 -1340.015451 -1399.812225 -1448.878863 -1487.763321 -1517.633325 -1539.975793 -1556.325104 -1568.081075 -1576.423898 -1582.311712 -1586.576555 -1590.258038 -1595.546347 -1607.754385 -1640.525698 -1639.910979 -2345.158378 -3500.638559 -3466.140495 -2816.841036 -2470.671194 -2288.804131 -2172.341550 -2087.420926 -2014.351198 -1968.519786 -1938.243575 -1909.683378 -1879.238044 -1845.683784 -1809.276292 -1771.062352 -1731.585760 -1681.364728 -1444.885870 -1596.815986 -1599.953947 -1596.973396 -1595.735407 -1595.428465 -1595.368148 -1595.358069 -1595.356973 -1595.357336 -1595.357864 -1595.358344 -1595.358757 -1595.359115 -1595.359434 -1595.359724 -1595.359997 -1595.360258 -1595.360516 -1595.360780 -1595.361060 -1595.361370 -1595.361731 -1595.362176 -1595.362753 -1595.363546 -1595.364691 -1595.366427 -1595.369177 -1595.373728 -1595.381583 -1595.395698 -1595.422056 -1595.473159 -1595.576362 -1595.795230 -1596.287375 -1597.468006 -1600.505059 -1608.996457 -1635.467268 -9999.0 -9999.0
-9999.0 -9999.0 1068.206110 969.196904 870.165508 771.025000 671.819218 572.583794 473.339664 374.098618 274.867362 175.649820 76.448387 -22.732965 -121.891474 -221.023415 -320.108929 -419.109747 -517.951382 -616.494740 -714.487548 -812.592293 -910.225757 -1007.174539 -1103.150715 -1190.228513 -1269.775308 -1340.015452 -1399.812225 -1448.878863 -1487.763321 -1517.633325 -1539.975793 -1556.325104 -1568.081075 -1576.423898 -1582.311712 -1586.576555 -1590.258038 -1595.546347 -1607.754385 -1640.525698 -1639.910979 -2345.158378 -3500.638558 -3466.140495 -2816.841036 -2470.671193 -2288.804131 -2172.341549 -2087.420925 -2014.351198 -1968.519786 -1938.243575 -1909.683378 -1879.238044 -1845.683784 -1809.276292 -1771.062352 -1731.585760 -1681.364728 -1444.885870 -1596.815986 -1599.953947 -1596.973396 -1595.735407 -1595.428465 -1595.368148 -1595.358069 -1595.356973 -1595.357336 -1595.357864 -1595.358344 -1595.358757 -1595.359115 -1595.359434 -1595.359724 -1595.359997 -1595.360258 -1595.360516 -1595.360780 -1595.361060 -1595.361370 -1595.361731 -1595.362176 -1595.362753 -1595.363546 -1595.364691 -1595.366427 -1595.369177 -1595.373728 -1595.381583 -1595.395698 -1595.422056 -1595.473159 -1595.576362 -1595.795230 -1596.287375 -1597.468006 -1600.505059 -1608.996457 -1635.467268 -9999.0 -9999.0
-9999.0 -9999.0 1068.206109 969.196904 870.165508 771.025000 671.819218 572.583794 473.339664 374.098618 274.867362 175.649820 76.448387 -22.732965 -121.891474 -221.023415 -320.108929 -419.109747 -517.951382 -616.494740 -714.487548 -812.592293 -910.225757 -1007.174539 -1103.150715 -1190.228513 -1269.775308 -1340.015452 -1399.812225 -1448.878863 -1487.763321 -1517.633325 -1539.975793 -1556.325104 -1568.081075 -1576.423898 -1582.311712 -1586.576555 -1590.258038 -1595.546347 -1607.754385 -1640.525698 -1639.910979 -2345.158378 -3500.638558 -3466.140495 -2816.841036 -2470.671193 -2288.804131 -2172.341549 -2087.420925 -2014.351198 -1968.519786 -1938.243575 -1909.683378 -1879.238044 -1845.683783 -1809.276292 -1771.062352 -1731.585760 -1681.364728 -1444.885870 -1596.815986 -1599.953947 -1596.973396 -1595.735407 -1595.428465 -1595.368148 -1595.358069 -1595.356973 -1595.357336 -1595.357864 -1595.358344 -1595.358757 -1595.359115 -1595.359434 -1595.359724 -1595.359997 -1595.360258 -1595.360516 -1595.360780 -1595.361060 -1595.361370 -1595.361731 -1595.362176 -1595.362753 -1595.363546 -1595.364691 -1595.366427 -1595.369177 -1595.373728 -1595.381583 -1595.395698 -1595.422056 -1595.473159 -1595.576362 -1595.795230 -1596.287375 -1597.468006 -1600.505059 -1608.996457 -1635.467268 -9999.0 -9999.0
-9999.0 -9999.0 1068.205113 969.196360 870.165274 771.024909 671.819184 572.583782 473.339659 374.098616 274.867361 175.649820 76.448387 -22.732965 -121.891474 -221.023415 -320.108929 -419.109746 -517.951381 -616.494740 -714.487548 -812.592293 -910.225757 -1007.174539 -1103.150714 -1190.228513 -1269.775308 -1340.015451 -1399.812225 -1448.878863 -1487.763321 -1517.633325 -1539.975793 -1556.325104 -1568.081075 -1576.423898 -1582.311712 -1586.576555 -1590.258038 -1595.546347 -1607.754385 -1640.525698 -1639.910979 -2345.158378 -3500.638559 -3466.140495 -2816.841036 -2470.671193 -2288.804131 -2172.341550 -2087.420926 -2014.351198 -1968.519786 -1938.243575 -1909.683378 -1879.238044 -1845.683784 -1809.276292 -1771.062352 -1731.585760 -1681.364728 -1444.885870 -1596.815986 -1599.953947 -1596.973396 -1595.735407 -1595.428465 -1595.368148 -1595.358069 -1595.356973 -1595.357336 -1595.357864 -1595.358344 -1595.358757 -1595.359115 -1595.359434 -1595.359724 -1595.359997 -1595.360258 -1595.360516 -1595.360780 -1595.361060 -1595.361370 -1595.361731 -1595.362176 -1595.362753 -1595.363546 -1595.364691 -1595.366427 -1595.369177 -1595.373728 -1595.381583 -1595.395698 -1595.422056 -1595.473159 -1595.576362 -1595.795230 -1596.287375 -1597.468006 -1600.505059 -1608.996457 -1635.467268 -9999.0 -9999.0
-9999.0 -9999.0 1068.202730 969.195392 870.164943 771.024798 671.819146 572.583768 473.339654 374.098614 274.867361 175.649819 76.448387 -22.732965 -121.891473 -221.023415 -320.108928 -419.109746 -517.951381 -616.494740 -714.487547 -812.592293 -910.225757 -1007.174539 -1103.150714 -1190.228513 -1269.775308 -1340.015451 -1399.812225 -1448.878863 -1487.763321 -1517.633325 -1539.975793 -1556.325104 -1568.081075 -1576.423898 -1582.311712 -1586.576555 -1590.258038 -1595.546347 -1607.754385 -1640.525698 -1639.910979 -2345.158379 -3500.638559 -3466.140495 -2816.841037 -2470.671194 -2288.804131 -2172.341551 -2087.420927 -2014.351198 -1968.519786 -1938.243575 -1909.683378 -1879.238044 -1845.683784 -1809.276292 -1771.062352 -1731.585760 -1681.364728 -1444.885870 -1596.815986 -1599.953947 -1596.973396 -1595.735407 -1595.428465 -1595.368148 -1595.358069 -1595.356973 -1595.357336 -1595.357864 -1595.358344 -1595.358757 -1595.359115 -1595.359434 -1595.359725 -1595.359997 -1595.360258 -1595.360516 -1595.360780 -1595.361060 -1595.361370 -1595.361731 -1595.362176 -1595.362753 -1595.363546 -1595.364691 -1595.366427 -1595.369177 -1595.373728 -1595.381583 -1595.395698 -1595.422056 -1595.473159 -1595.576362 -1595.795230 -1596.287376 -1597.468006 -1600.505059 -1608.996457 -1635.467268 -9999.0 -9999.0
-9999.0 -9999.0 -9999.0 -9999.0 -9999.0 -9999.0 -9999.0 -9999.0 -9999.0 -9999.0 -9999.0 -9999.0 -9999.0 -9999.0 -9999.0 -9999.0 -9999.0 -9999.0 -9999.0 -9999.0 -9999.0 -9999.0 -9999.0 -9999.0 -9999.0 -9999.0 -9999.0 -9999.0 -9999.0 -9999.0 -9999.0 -9999.0 -9999.0 -9999.0 -9999.0 -9999.0 -9999.0 -9999.0 -9999.0 -9999.0 -9999.0 -9999.0 -9999.0 -9999.0 -9999.0 -9999.0 -9999.0 -9999.0 -9999.0 -9999.0 -9999.0 -9999.0 -9999.0 -9999.0 -9999.0 -9999.0 -9999.0 -9999.0 -9999.0 -9999.0 -9999.0 -9999.0 -9999.0 -9999.0 -9999.0 -9999.0 -9999.0 -9999.0 -9999.0 -9999.0 -9999.0 -9999.0 -9999.0 -9999.0 -9999.0 -9999.0 -9999.0 -9999.0 -9999.0 -9999.0 -9999.0 -9999.0 -9999.0 -9999.0 -9999.0 -9999.0 -9999.0 -9999.0 -9999.0 -9999.0 -9999.0 -9999.0 -9999.0 -9999.0 -9999.0 -9999.0 -9999.0 -9999.0 -9999.0 -9999.0 -9999.0 -9999.0 -9999.0 -9999.0
-9999.0 -9999.0 -9999.0 -9999.0 -9999.0 -9999.0 -9999.0 -9999.0 -9999.0 -9999.0 -9999.0 -9999.0 -9999.0 -9999.0 -9999.0 -9999.0 -9999.0 -9999.0 -9999.0 -9999.0 -9999.0 -9999.0 -9999.0 -9999.0 -9999.0 -9999.0 -9999.0 -9999.0 -9999.0 -9999.0 -9999.0 -9999.0 -9999.0 -9999.0 -9999.0 -9999.0 -9999.0 -9999.0 -9999.0 -9999.0 -9999.0 -9999.0 -9999.0 -9999.0 -9999.0 -9999.0 -9999.0 -9999.0 -9999.0 -9999.0 -9999.0 -9999.0 -9999.0 -9999.0 -9999.0 -9999.0 -9999.0 -9999.0 -9999.0 -9999.0 -9999.0 -9999.0 -9999.0 -9999.0 -9999.0 -9999.0 -9999.0 -9999.0 -9999.0 -9999.0 -9999.0 -9999.0 -9999.0 -9999.0 -9999.0 -9999.0 -9999.0 -9999.0 -9999.0 -9999.0 -9999.0 -9999.0 -9999.0 -9999.0 -9999.0 -9999.0 -9999.0 -9999.0 -9999.0 -9999.0 -9999.0 -9999.0 -9999.0 -9999.0 -9999.0 -9999.0 -9999.0 -9999.0 -9999.0 -9999.0 -9999.0 -9999.0 -9999.0 -9999.0