inst/processing_geotop_simulation/geotop_simulation/out/maps3D/PwL0003N0038.asc
ncols         104
nrows         10
xllcorner     -2.000000
yllcorner     0.000000
cellsize      1.000000
NODATA_value  -9999.0
-9999.0 -9999.0 -9999.0 -9999.0 -9999.0 -9999.0 -9999.0 -9999.0 -9999.0 -9999.0 -9999.0 -9999.0 -9999.0 -9999.0 -9999.0 -9999.0 -9999.0 -9999.0 -9999.0 -9999.0 -9999.0 -9999.0 -9999.0 -9999.0 -9999.0 -9999.0 -9999.0 -9999.0 -9999.0 -9999.0 -9999.0 -9999.0 -9999.0 -9999.0 -9999.0 -9999.0 -9999.0 -9999.0 -9999.0 -9999.0 -9999.0 -9999.0 -9999.0 -9999.0 -9999.0 -9999.0 -9999.0 -9999.0 -9999.0 -9999.0 -9999.0 -9999.0 -9999.0 -9999.0 -9999.0 -9999.0 -9999.0 -9999.0 -9999.0 -9999.0 -9999.0 -9999.0 -9999.0 -9999.0 -9999.0 -9999.0 -9999.0 -9999.0 -9999.0 -9999.0 -9999.0 -9999.0 -9999.0 -9999.0 -9999.0 -9999.0 -9999.0 -9999.0 -9999.0 -9999.0 -9999.0 -9999.0 -9999.0 -9999.0 -9999.0 -9999.0 -9999.0 -9999.0 -9999.0 -9999.0 -9999.0 -9999.0 -9999.0 -9999.0 -9999.0 -9999.0 -9999.0 -9999.0 -9999.0 -9999.0 -9999.0 -9999.0 -9999.0 -9999.0
-9999.0 -9999.0 -9999.0 -9999.0 -9999.0 -9999.0 -9999.0 -9999.0 -9999.0 -9999.0 -9999.0 -9999.0 -9999.0 -9999.0 -9999.0 -9999.0 -9999.0 -9999.0 -9999.0 -9999.0 -9999.0 -9999.0 -9999.0 -9999.0 -9999.0 -9999.0 -9999.0 -9999.0 -9999.0 -9999.0 -9999.0 -9999.0 -9999.0 -9999.0 -9999.0 -9999.0 -9999.0 -9999.0 -9999.0 -9999.0 -9999.0 -9999.0 -9999.0 -9999.0 -9999.0 -9999.0 -9999.0 -9999.0 -9999.0 -9999.0 -9999.0 -9999.0 -9999.0 -9999.0 -9999.0 -9999.0 -9999.0 -9999.0 -9999.0 -9999.0 -9999.0 -9999.0 -9999.0 -9999.0 -9999.0 -9999.0 -9999.0 -9999.0 -9999.0 -9999.0 -9999.0 -9999.0 -9999.0 -9999.0 -9999.0 -9999.0 -9999.0 -9999.0 -9999.0 -9999.0 -9999.0 -9999.0 -9999.0 -9999.0 -9999.0 -9999.0 -9999.0 -9999.0 -9999.0 -9999.0 -9999.0 -9999.0 -9999.0 -9999.0 -9999.0 -9999.0 -9999.0 -9999.0 -9999.0 -9999.0 -9999.0 -9999.0 -9999.0 -9999.0
-9999.0 -9999.0 -809.164672 -817.401143 -822.170847 -827.633421 -832.475476 -835.848842 -837.990404 -837.507710 -811.857433 -797.309093 -808.566053 -809.920843 -785.622340 -727.288427 -646.179654 -591.572321 -572.925823 -584.742596 -613.160342 -648.639990 -685.328987 -719.951692 -750.787469 -776.832392 -797.443923 -812.593687 -822.966347 -829.651863 -833.759578 -836.191711 -837.588400 -838.364656 -838.771701 -838.948730 -838.976434 -839.098106 -839.871021 -839.357518 -836.951161 -848.683513 -638.057442 -622.772993 -602.831284 -591.097702 -585.692921 -584.982196 -584.922234 -584.964884 -585.028188 -585.094218 -585.157450 -585.215877 -585.269003 -585.320291 -585.407189 -585.875024 -588.891705 -596.178003 -609.057248 -612.618646 -844.108027 -843.468222 -840.649523 -839.720817 -839.533107 -839.512604 -839.523814 -839.538567 -839.551051 -839.560560 -839.567589 -839.572803 -839.576726 -839.579730 -839.582084 -839.583953 -839.585469 -839.586762 -839.587967 -839.589238 -839.590772 -839.592839 -839.595846 -839.600413 -839.607530 -839.618793 -839.636826 -839.666050 -839.714120 -839.794746 -839.933364 -840.178711 -840.626322 -841.465013 -843.064850 -846.134051 -851.982004 -862.955721 -883.285442 -920.692550 -9999.0 -9999.0
-9999.0 -9999.0 -809.164491 -817.400928 -822.170697 -827.633357 -832.475460 -835.848842 -837.990408 -837.507713 -811.857434 -797.309093 -808.566053 -809.920843 -785.622340 -727.288427 -646.179654 -591.572321 -572.925823 -584.742596 -613.160342 -648.639990 -685.328987 -719.951692 -750.787469 -776.832392 -797.443923 -812.593687 -822.966347 -829.651863 -833.759578 -836.191711 -837.588400 -838.364656 -838.771701 -838.948730 -838.976434 -839.098106 -839.871021 -839.357518 -836.951161 -848.683513 -638.057442 -622.772992 -602.831284 -591.097702 -585.692921 -584.982196 -584.922234 -584.964884 -585.028188 -585.094218 -585.157450 -585.215877 -585.269003 -585.320291 -585.407189 -585.875024 -588.891705 -596.178003 -609.057248 -612.618646 -844.108027 -843.468222 -840.649523 -839.720817 -839.533107 -839.512604 -839.523814 -839.538567 -839.551051 -839.560560 -839.567589 -839.572803 -839.576726 -839.579730 -839.582084 -839.583953 -839.585469 -839.586762 -839.587967 -839.589238 -839.590772 -839.592839 -839.595846 -839.600413 -839.607530 -839.618793 -839.636826 -839.666050 -839.714120 -839.794746 -839.933364 -840.178711 -840.626322 -841.465013 -843.064850 -846.134051 -851.982004 -862.955721 -883.285442 -920.692550 -9999.0 -9999.0
-9999.0 -9999.0 -809.164422 -817.400825 -822.170604 -827.633311 -832.475448 -835.848843 -837.990411 -837.507716 -811.857434 -797.309093 -808.566053 -809.920843 -785.622340 -727.288427 -646.179654 -591.572321 -572.925823 -584.742596 -613.160342 -648.639990 -685.328987 -719.951692 -750.787469 -776.832392 -797.443923 -812.593687 -822.966347 -829.651863 -833.759578 -836.191711 -837.588400 -838.364656 -838.771701 -838.948730 -838.976434 -839.098106 -839.871021 -839.357518 -836.951161 -848.683513 -638.057442 -622.772992 -602.831284 -591.097702 -585.692921 -584.982196 -584.922234 -584.964884 -585.028188 -585.094218 -585.157450 -585.215877 -585.269003 -585.320291 -585.407189 -585.875024 -588.891705 -596.178003 -609.057248 -612.618646 -844.108027 -843.468222 -840.649523 -839.720817 -839.533107 -839.512604 -839.523814 -839.538567 -839.551051 -839.560560 -839.567589 -839.572803 -839.576726 -839.579730 -839.582084 -839.583953 -839.585469 -839.586762 -839.587967 -839.589238 -839.590772 -839.592839 -839.595846 -839.600413 -839.607530 -839.618793 -839.636826 -839.666050 -839.714120 -839.794746 -839.933364 -840.178711 -840.626322 -841.465013 -843.064850 -846.134051 -851.982004 -862.955721 -883.285442 -920.692550 -9999.0 -9999.0
-9999.0 -9999.0 -809.164422 -817.400825 -822.170604 -827.633311 -832.475448 -835.848843 -837.990411 -837.507716 -811.857434 -797.309093 -808.566053 -809.920843 -785.622340 -727.288427 -646.179654 -591.572321 -572.925823 -584.742596 -613.160342 -648.639990 -685.328987 -719.951692 -750.787469 -776.832392 -797.443923 -812.593687 -822.966347 -829.651863 -833.759578 -836.191711 -837.588400 -838.364656 -838.771701 -838.948730 -838.976434 -839.098106 -839.871021 -839.357518 -836.951161 -848.683513 -638.057442 -622.772992 -602.831284 -591.097702 -585.692921 -584.982196 -584.922234 -584.964884 -585.028188 -585.094218 -585.157450 -585.215877 -585.269003 -585.320291 -585.407189 -585.875024 -588.891705 -596.178003 -609.057248 -612.618646 -844.108027 -843.468222 -840.649523 -839.720817 -839.533107 -839.512604 -839.523814 -839.538567 -839.551051 -839.560560 -839.567589 -839.572803 -839.576726 -839.579730 -839.582084 -839.583953 -839.585469 -839.586762 -839.587967 -839.589238 -839.590772 -839.592839 -839.595846 -839.600413 -839.607530 -839.618793 -839.636826 -839.666050 -839.714120 -839.794746 -839.933364 -840.178711 -840.626322 -841.465013 -843.064850 -846.134051 -851.982004 -862.955721 -883.285442 -920.692550 -9999.0 -9999.0
-9999.0 -9999.0 -809.164491 -817.400928 -822.170697 -827.633357 -832.475460 -835.848842 -837.990408 -837.507713 -811.857434 -797.309093 -808.566053 -809.920843 -785.622340 -727.288427 -646.179654 -591.572321 -572.925823 -584.742596 -613.160342 -648.639990 -685.328987 -719.951692 -750.787469 -776.832392 -797.443923 -812.593687 -822.966347 -829.651863 -833.759578 -836.191711 -837.588400 -838.364656 -838.771701 -838.948730 -838.976434 -839.098106 -839.871021 -839.357518 -836.951161 -848.683513 -638.057442 -622.772992 -602.831284 -591.097702 -585.692921 -584.982196 -584.922234 -584.964884 -585.028188 -585.094218 -585.157450 -585.215877 -585.269003 -585.320291 -585.407189 -585.875024 -588.891705 -596.178003 -609.057248 -612.618646 -844.108028 -843.468222 -840.649523 -839.720817 -839.533107 -839.512604 -839.523814 -839.538567 -839.551051 -839.560560 -839.567589 -839.572803 -839.576726 -839.579730 -839.582084 -839.583953 -839.585469 -839.586762 -839.587967 -839.589238 -839.590772 -839.592839 -839.595846 -839.600413 -839.607530 -839.618793 -839.636826 -839.666050 -839.714120 -839.794746 -839.933364 -840.178711 -840.626322 -841.465013 -843.064850 -846.134051 -851.982004 -862.955721 -883.285442 -920.692550 -9999.0 -9999.0
-9999.0 -9999.0 -809.164672 -817.401143 -822.170847 -827.633421 -832.475476 -835.848842 -837.990404 -837.507710 -811.857433 -797.309093 -808.566053 -809.920843 -785.622340 -727.288427 -646.179654 -591.572321 -572.925823 -584.742596 -613.160342 -648.639990 -685.328987 -719.951692 -750.787469 -776.832392 -797.443923 -812.593687 -822.966347 -829.651863 -833.759578 -836.191711 -837.588400 -838.364656 -838.771701 -838.948730 -838.976434 -839.098106 -839.871021 -839.357518 -836.951161 -848.683513 -638.057442 -622.772993 -602.831284 -591.097702 -585.692921 -584.982196 -584.922234 -584.964884 -585.028188 -585.094218 -585.157450 -585.215877 -585.269003 -585.320291 -585.407189 -585.875024 -588.891705 -596.178003 -609.057248 -612.618646 -844.108028 -843.468222 -840.649523 -839.720817 -839.533107 -839.512604 -839.523814 -839.538567 -839.551051 -839.560560 -839.567589 -839.572803 -839.576726 -839.579730 -839.582084 -839.583953 -839.585469 -839.586762 -839.587967 -839.589238 -839.590772 -839.592839 -839.595846 -839.600413 -839.607530 -839.618793 -839.636826 -839.666050 -839.714120 -839.794746 -839.933364 -840.178711 -840.626322 -841.465013 -843.064850 -846.134051 -851.982004 -862.955721 -883.285442 -920.692550 -9999.0 -9999.0
-9999.0 -9999.0 -9999.0 -9999.0 -9999.0 -9999.0 -9999.0 -9999.0 -9999.0 -9999.0 -9999.0 -9999.0 -9999.0 -9999.0 -9999.0 -9999.0 -9999.0 -9999.0 -9999.0 -9999.0 -9999.0 -9999.0 -9999.0 -9999.0 -9999.0 -9999.0 -9999.0 -9999.0 -9999.0 -9999.0 -9999.0 -9999.0 -9999.0 -9999.0 -9999.0 -9999.0 -9999.0 -9999.0 -9999.0 -9999.0 -9999.0 -9999.0 -9999.0 -9999.0 -9999.0 -9999.0 -9999.0 -9999.0 -9999.0 -9999.0 -9999.0 -9999.0 -9999.0 -9999.0 -9999.0 -9999.0 -9999.0 -9999.0 -9999.0 -9999.0 -9999.0 -9999.0 -9999.0 -9999.0 -9999.0 -9999.0 -9999.0 -9999.0 -9999.0 -9999.0 -9999.0 -9999.0 -9999.0 -9999.0 -9999.0 -9999.0 -9999.0 -9999.0 -9999.0 -9999.0 -9999.0 -9999.0 -9999.0 -9999.0 -9999.0 -9999.0 -9999.0 -9999.0 -9999.0 -9999.0 -9999.0 -9999.0 -9999.0 -9999.0 -9999.0 -9999.0 -9999.0 -9999.0 -9999.0 -9999.0 -9999.0 -9999.0 -9999.0 -9999.0
-9999.0 -9999.0 -9999.0 -9999.0 -9999.0 -9999.0 -9999.0 -9999.0 -9999.0 -9999.0 -9999.0 -9999.0 -9999.0 -9999.0 -9999.0 -9999.0 -9999.0 -9999.0 -9999.0 -9999.0 -9999.0 -9999.0 -9999.0 -9999.0 -9999.0 -9999.0 -9999.0 -9999.0 -9999.0 -9999.0 -9999.0 -9999.0 -9999.0 -9999.0 -9999.0 -9999.0 -9999.0 -9999.0 -9999.0 -9999.0 -9999.0 -9999.0 -9999.0 -9999.0 -9999.0 -9999.0 -9999.0 -9999.0 -9999.0 -9999.0 -9999.0 -9999.0 -9999.0 -9999.0 -9999.0 -9999.0 -9999.0 -9999.0 -9999.0 -9999.0 -9999.0 -9999.0 -9999.0 -9999.0 -9999.0 -9999.0 -9999.0 -9999.0 -9999.0 -9999.0 -9999.0 -9999.0 -9999.0 -9999.0 -9999.0 -9999.0 -9999.0 -9999.0 -9999.0 -9999.0 -9999.0 -9999.0 -9999.0 -9999.0 -9999.0 -9999.0 -9999.0 -9999.0 -9999.0 -9999.0 -9999.0 -9999.0 -9999.0 -9999.0 -9999.0 -9999.0 -9999.0 -9999.0 -9999.0 -9999.0 -9999.0 -9999.0 -9999.0 -9999.0