inst/processing_geotop_simulation/geotop_simulation/out/maps3D/PwL0017N0047.asc
ncols         104
nrows         10
xllcorner     -2.000000
yllcorner     0.000000
cellsize      1.000000
NODATA_value  -9999.0
-9999.0 -9999.0 -9999.0 -9999.0 -9999.0 -9999.0 -9999.0 -9999.0 -9999.0 -9999.0 -9999.0 -9999.0 -9999.0 -9999.0 -9999.0 -9999.0 -9999.0 -9999.0 -9999.0 -9999.0 -9999.0 -9999.0 -9999.0 -9999.0 -9999.0 -9999.0 -9999.0 -9999.0 -9999.0 -9999.0 -9999.0 -9999.0 -9999.0 -9999.0 -9999.0 -9999.0 -9999.0 -9999.0 -9999.0 -9999.0 -9999.0 -9999.0 -9999.0 -9999.0 -9999.0 -9999.0 -9999.0 -9999.0 -9999.0 -9999.0 -9999.0 -9999.0 -9999.0 -9999.0 -9999.0 -9999.0 -9999.0 -9999.0 -9999.0 -9999.0 -9999.0 -9999.0 -9999.0 -9999.0 -9999.0 -9999.0 -9999.0 -9999.0 -9999.0 -9999.0 -9999.0 -9999.0 -9999.0 -9999.0 -9999.0 -9999.0 -9999.0 -9999.0 -9999.0 -9999.0 -9999.0 -9999.0 -9999.0 -9999.0 -9999.0 -9999.0 -9999.0 -9999.0 -9999.0 -9999.0 -9999.0 -9999.0 -9999.0 -9999.0 -9999.0 -9999.0 -9999.0 -9999.0 -9999.0 -9999.0 -9999.0 -9999.0 -9999.0 -9999.0
-9999.0 -9999.0 -9999.0 -9999.0 -9999.0 -9999.0 -9999.0 -9999.0 -9999.0 -9999.0 -9999.0 -9999.0 -9999.0 -9999.0 -9999.0 -9999.0 -9999.0 -9999.0 -9999.0 -9999.0 -9999.0 -9999.0 -9999.0 -9999.0 -9999.0 -9999.0 -9999.0 -9999.0 -9999.0 -9999.0 -9999.0 -9999.0 -9999.0 -9999.0 -9999.0 -9999.0 -9999.0 -9999.0 -9999.0 -9999.0 -9999.0 -9999.0 -9999.0 -9999.0 -9999.0 -9999.0 -9999.0 -9999.0 -9999.0 -9999.0 -9999.0 -9999.0 -9999.0 -9999.0 -9999.0 -9999.0 -9999.0 -9999.0 -9999.0 -9999.0 -9999.0 -9999.0 -9999.0 -9999.0 -9999.0 -9999.0 -9999.0 -9999.0 -9999.0 -9999.0 -9999.0 -9999.0 -9999.0 -9999.0 -9999.0 -9999.0 -9999.0 -9999.0 -9999.0 -9999.0 -9999.0 -9999.0 -9999.0 -9999.0 -9999.0 -9999.0 -9999.0 -9999.0 -9999.0 -9999.0 -9999.0 -9999.0 -9999.0 -9999.0 -9999.0 -9999.0 -9999.0 -9999.0 -9999.0 -9999.0 -9999.0 -9999.0 -9999.0 -9999.0
-9999.0 -9999.0 -561.838846 -643.948248 -694.189126 -722.421032 -737.783837 -745.951460 -750.158984 -751.032208 -743.928469 -731.670617 -716.562234 -696.646809 -673.423462 -653.204744 -636.363768 -623.195374 -629.729773 -649.452187 -667.064872 -685.683413 -683.281958 -671.359521 -670.842803 -676.769804 -686.215278 -697.263344 -708.549684 -719.098355 -728.260100 -735.712043 -741.430883 -745.603865 -748.519220 -750.480340 -751.774774 -752.722546 -753.541550 -753.769241 -756.736153 -808.773639 -2363.397333 -4132.737065 -4133.663358 -4133.663366 -4133.663366 -4133.663366 -4133.663366 -4133.663366 -4133.663366 -4133.663366 -4133.663366 -4133.663366 -4133.663366 -4133.663366 -4133.663366 -4133.663366 -4133.663366 -4133.663349 -4132.131038 -2259.680936 -790.662961 -758.050686 -755.074262 -754.416629 -754.264249 -754.236323 -754.235491 -754.239705 -754.244099 -754.247694 -754.250457 -754.252562 -754.254184 -754.255455 -754.256470 -754.257294 -754.257979 -754.258581 -754.259159 -754.259787 -754.260563 -754.261623 -754.263174 -754.265542 -754.269244 -754.275123 -754.284587 -754.300043 -754.325740 -754.369463 -754.445982 -754.584193 -754.841752 -755.334624 -756.296117 -758.199693 -762.061160 -770.419916 -790.992121 -844.007450 -9999.0 -9999.0
-9999.0 -9999.0 -561.838825 -643.948206 -694.189085 -722.421011 -737.783830 -745.951459 -750.158985 -751.032209 -743.928469 -731.670617 -716.562234 -696.646809 -673.423462 -653.204744 -636.363768 -623.195374 -629.729773 -649.452187 -667.064872 -685.683413 -683.281958 -671.359521 -670.842803 -676.769804 -686.215278 -697.263344 -708.549684 -719.098355 -728.260100 -735.712043 -741.430883 -745.603865 -748.519220 -750.480340 -751.774774 -752.722546 -753.541550 -753.769241 -756.736153 -808.773639 -2363.397333 -4132.737065 -4133.663358 -4133.663366 -4133.663366 -4133.663366 -4133.663366 -4133.663366 -4133.663366 -4133.663366 -4133.663366 -4133.663366 -4133.663366 -4133.663366 -4133.663366 -4133.663366 -4133.663366 -4133.663349 -4132.131038 -2259.680936 -790.662961 -758.050686 -755.074262 -754.416629 -754.264249 -754.236323 -754.235491 -754.239705 -754.244099 -754.247694 -754.250457 -754.252562 -754.254184 -754.255455 -754.256470 -754.257294 -754.257979 -754.258581 -754.259159 -754.259787 -754.260563 -754.261623 -754.263174 -754.265542 -754.269244 -754.275123 -754.284587 -754.300043 -754.325740 -754.369463 -754.445982 -754.584193 -754.841752 -755.334624 -756.296117 -758.199693 -762.061160 -770.419916 -790.992121 -844.007450 -9999.0 -9999.0
-9999.0 -9999.0 -561.838815 -643.948181 -694.189058 -722.420995 -737.783825 -745.951459 -750.158986 -751.032210 -743.928469 -731.670617 -716.562234 -696.646809 -673.423462 -653.204744 -636.363768 -623.195374 -629.729773 -649.452187 -667.064872 -685.683413 -683.281958 -671.359521 -670.842803 -676.769804 -686.215278 -697.263344 -708.549684 -719.098355 -728.260100 -735.712043 -741.430883 -745.603865 -748.519220 -750.480340 -751.774774 -752.722546 -753.541550 -753.769241 -756.736153 -808.773639 -2363.397333 -4132.737065 -4133.663358 -4133.663366 -4133.663366 -4133.663366 -4133.663366 -4133.663366 -4133.663366 -4133.663366 -4133.663366 -4133.663366 -4133.663366 -4133.663366 -4133.663366 -4133.663366 -4133.663366 -4133.663349 -4132.131038 -2259.680936 -790.662961 -758.050686 -755.074262 -754.416629 -754.264249 -754.236323 -754.235491 -754.239705 -754.244099 -754.247694 -754.250457 -754.252562 -754.254184 -754.255455 -754.256470 -754.257294 -754.257979 -754.258581 -754.259159 -754.259787 -754.260563 -754.261623 -754.263174 -754.265542 -754.269244 -754.275123 -754.284587 -754.300043 -754.325740 -754.369463 -754.445982 -754.584193 -754.841752 -755.334624 -756.296117 -758.199693 -762.061160 -770.419916 -790.992121 -844.007450 -9999.0 -9999.0
-9999.0 -9999.0 -561.838815 -643.948181 -694.189058 -722.420995 -737.783825 -745.951459 -750.158986 -751.032210 -743.928469 -731.670617 -716.562234 -696.646809 -673.423462 -653.204744 -636.363768 -623.195374 -629.729773 -649.452187 -667.064872 -685.683413 -683.281958 -671.359521 -670.842803 -676.769804 -686.215278 -697.263344 -708.549684 -719.098355 -728.260100 -735.712043 -741.430883 -745.603865 -748.519220 -750.480340 -751.774774 -752.722546 -753.541550 -753.769241 -756.736153 -808.773639 -2363.397333 -4132.737065 -4133.663358 -4133.663366 -4133.663366 -4133.663366 -4133.663366 -4133.663366 -4133.663366 -4133.663366 -4133.663366 -4133.663366 -4133.663366 -4133.663366 -4133.663366 -4133.663366 -4133.663366 -4133.663349 -4132.131038 -2259.680936 -790.662961 -758.050686 -755.074262 -754.416629 -754.264249 -754.236323 -754.235491 -754.239705 -754.244099 -754.247694 -754.250457 -754.252562 -754.254184 -754.255455 -754.256470 -754.257294 -754.257979 -754.258581 -754.259159 -754.259787 -754.260563 -754.261623 -754.263174 -754.265542 -754.269244 -754.275123 -754.284587 -754.300043 -754.325740 -754.369463 -754.445982 -754.584193 -754.841752 -755.334624 -756.296117 -758.199693 -762.061160 -770.419916 -790.992121 -844.007450 -9999.0 -9999.0
-9999.0 -9999.0 -561.838825 -643.948206 -694.189085 -722.421011 -737.783830 -745.951459 -750.158985 -751.032209 -743.928469 -731.670617 -716.562234 -696.646809 -673.423462 -653.204744 -636.363768 -623.195374 -629.729773 -649.452187 -667.064872 -685.683413 -683.281958 -671.359521 -670.842803 -676.769804 -686.215278 -697.263344 -708.549684 -719.098355 -728.260100 -735.712043 -741.430883 -745.603865 -748.519220 -750.480340 -751.774774 -752.722546 -753.541550 -753.769241 -756.736153 -808.773639 -2363.397333 -4132.737065 -4133.663358 -4133.663366 -4133.663366 -4133.663366 -4133.663366 -4133.663366 -4133.663366 -4133.663366 -4133.663366 -4133.663366 -4133.663366 -4133.663366 -4133.663366 -4133.663366 -4133.663366 -4133.663349 -4132.131038 -2259.680936 -790.662961 -758.050686 -755.074262 -754.416629 -754.264249 -754.236323 -754.235491 -754.239705 -754.244099 -754.247694 -754.250457 -754.252562 -754.254184 -754.255455 -754.256470 -754.257294 -754.257979 -754.258581 -754.259159 -754.259787 -754.260563 -754.261623 -754.263174 -754.265542 -754.269244 -754.275123 -754.284587 -754.300043 -754.325740 -754.369463 -754.445982 -754.584193 -754.841752 -755.334624 -756.296117 -758.199693 -762.061160 -770.419916 -790.992121 -844.007450 -9999.0 -9999.0
-9999.0 -9999.0 -561.838846 -643.948249 -694.189126 -722.421032 -737.783837 -745.951460 -750.158984 -751.032208 -743.928469 -731.670617 -716.562234 -696.646809 -673.423462 -653.204744 -636.363768 -623.195374 -629.729773 -649.452187 -667.064872 -685.683413 -683.281958 -671.359521 -670.842803 -676.769804 -686.215278 -697.263344 -708.549684 -719.098355 -728.260100 -735.712043 -741.430883 -745.603865 -748.519220 -750.480340 -751.774774 -752.722546 -753.541550 -753.769241 -756.736153 -808.773639 -2363.397333 -4132.737065 -4133.663358 -4133.663366 -4133.663366 -4133.663366 -4133.663366 -4133.663366 -4133.663366 -4133.663366 -4133.663366 -4133.663366 -4133.663366 -4133.663366 -4133.663366 -4133.663366 -4133.663366 -4133.663349 -4132.131038 -2259.680936 -790.662961 -758.050686 -755.074262 -754.416629 -754.264249 -754.236323 -754.235491 -754.239705 -754.244099 -754.247694 -754.250457 -754.252562 -754.254184 -754.255455 -754.256470 -754.257294 -754.257979 -754.258581 -754.259159 -754.259787 -754.260563 -754.261623 -754.263174 -754.265542 -754.269244 -754.275123 -754.284587 -754.300043 -754.325740 -754.369463 -754.445982 -754.584193 -754.841752 -755.334624 -756.296117 -758.199693 -762.061160 -770.419916 -790.992121 -844.007450 -9999.0 -9999.0
-9999.0 -9999.0 -9999.0 -9999.0 -9999.0 -9999.0 -9999.0 -9999.0 -9999.0 -9999.0 -9999.0 -9999.0 -9999.0 -9999.0 -9999.0 -9999.0 -9999.0 -9999.0 -9999.0 -9999.0 -9999.0 -9999.0 -9999.0 -9999.0 -9999.0 -9999.0 -9999.0 -9999.0 -9999.0 -9999.0 -9999.0 -9999.0 -9999.0 -9999.0 -9999.0 -9999.0 -9999.0 -9999.0 -9999.0 -9999.0 -9999.0 -9999.0 -9999.0 -9999.0 -9999.0 -9999.0 -9999.0 -9999.0 -9999.0 -9999.0 -9999.0 -9999.0 -9999.0 -9999.0 -9999.0 -9999.0 -9999.0 -9999.0 -9999.0 -9999.0 -9999.0 -9999.0 -9999.0 -9999.0 -9999.0 -9999.0 -9999.0 -9999.0 -9999.0 -9999.0 -9999.0 -9999.0 -9999.0 -9999.0 -9999.0 -9999.0 -9999.0 -9999.0 -9999.0 -9999.0 -9999.0 -9999.0 -9999.0 -9999.0 -9999.0 -9999.0 -9999.0 -9999.0 -9999.0 -9999.0 -9999.0 -9999.0 -9999.0 -9999.0 -9999.0 -9999.0 -9999.0 -9999.0 -9999.0 -9999.0 -9999.0 -9999.0 -9999.0 -9999.0
-9999.0 -9999.0 -9999.0 -9999.0 -9999.0 -9999.0 -9999.0 -9999.0 -9999.0 -9999.0 -9999.0 -9999.0 -9999.0 -9999.0 -9999.0 -9999.0 -9999.0 -9999.0 -9999.0 -9999.0 -9999.0 -9999.0 -9999.0 -9999.0 -9999.0 -9999.0 -9999.0 -9999.0 -9999.0 -9999.0 -9999.0 -9999.0 -9999.0 -9999.0 -9999.0 -9999.0 -9999.0 -9999.0 -9999.0 -9999.0 -9999.0 -9999.0 -9999.0 -9999.0 -9999.0 -9999.0 -9999.0 -9999.0 -9999.0 -9999.0 -9999.0 -9999.0 -9999.0 -9999.0 -9999.0 -9999.0 -9999.0 -9999.0 -9999.0 -9999.0 -9999.0 -9999.0 -9999.0 -9999.0 -9999.0 -9999.0 -9999.0 -9999.0 -9999.0 -9999.0 -9999.0 -9999.0 -9999.0 -9999.0 -9999.0 -9999.0 -9999.0 -9999.0 -9999.0 -9999.0 -9999.0 -9999.0 -9999.0 -9999.0 -9999.0 -9999.0 -9999.0 -9999.0 -9999.0 -9999.0 -9999.0 -9999.0 -9999.0 -9999.0 -9999.0 -9999.0 -9999.0 -9999.0 -9999.0 -9999.0 -9999.0 -9999.0 -9999.0 -9999.0