inst/processing_geotop_simulation/geotop_simulation/out/maps3D/PwL0011N0093.asc
ncols         104
nrows         10
xllcorner     -2.000000
yllcorner     0.000000
cellsize      1.000000
NODATA_value  -9999.0
-9999.0 -9999.0 -9999.0 -9999.0 -9999.0 -9999.0 -9999.0 -9999.0 -9999.0 -9999.0 -9999.0 -9999.0 -9999.0 -9999.0 -9999.0 -9999.0 -9999.0 -9999.0 -9999.0 -9999.0 -9999.0 -9999.0 -9999.0 -9999.0 -9999.0 -9999.0 -9999.0 -9999.0 -9999.0 -9999.0 -9999.0 -9999.0 -9999.0 -9999.0 -9999.0 -9999.0 -9999.0 -9999.0 -9999.0 -9999.0 -9999.0 -9999.0 -9999.0 -9999.0 -9999.0 -9999.0 -9999.0 -9999.0 -9999.0 -9999.0 -9999.0 -9999.0 -9999.0 -9999.0 -9999.0 -9999.0 -9999.0 -9999.0 -9999.0 -9999.0 -9999.0 -9999.0 -9999.0 -9999.0 -9999.0 -9999.0 -9999.0 -9999.0 -9999.0 -9999.0 -9999.0 -9999.0 -9999.0 -9999.0 -9999.0 -9999.0 -9999.0 -9999.0 -9999.0 -9999.0 -9999.0 -9999.0 -9999.0 -9999.0 -9999.0 -9999.0 -9999.0 -9999.0 -9999.0 -9999.0 -9999.0 -9999.0 -9999.0 -9999.0 -9999.0 -9999.0 -9999.0 -9999.0 -9999.0 -9999.0 -9999.0 -9999.0 -9999.0 -9999.0
-9999.0 -9999.0 -9999.0 -9999.0 -9999.0 -9999.0 -9999.0 -9999.0 -9999.0 -9999.0 -9999.0 -9999.0 -9999.0 -9999.0 -9999.0 -9999.0 -9999.0 -9999.0 -9999.0 -9999.0 -9999.0 -9999.0 -9999.0 -9999.0 -9999.0 -9999.0 -9999.0 -9999.0 -9999.0 -9999.0 -9999.0 -9999.0 -9999.0 -9999.0 -9999.0 -9999.0 -9999.0 -9999.0 -9999.0 -9999.0 -9999.0 -9999.0 -9999.0 -9999.0 -9999.0 -9999.0 -9999.0 -9999.0 -9999.0 -9999.0 -9999.0 -9999.0 -9999.0 -9999.0 -9999.0 -9999.0 -9999.0 -9999.0 -9999.0 -9999.0 -9999.0 -9999.0 -9999.0 -9999.0 -9999.0 -9999.0 -9999.0 -9999.0 -9999.0 -9999.0 -9999.0 -9999.0 -9999.0 -9999.0 -9999.0 -9999.0 -9999.0 -9999.0 -9999.0 -9999.0 -9999.0 -9999.0 -9999.0 -9999.0 -9999.0 -9999.0 -9999.0 -9999.0 -9999.0 -9999.0 -9999.0 -9999.0 -9999.0 -9999.0 -9999.0 -9999.0 -9999.0 -9999.0 -9999.0 -9999.0 -9999.0 -9999.0 -9999.0 -9999.0
-9999.0 -9999.0 534.270817 442.667745 348.613060 253.312490 157.482722 61.447982 -34.620574 -130.670548 -226.860917 -324.268719 -424.540863 -529.879984 -643.897230 -773.672556 -879.215341 -978.547468 -1067.282637 -1128.202304 -1150.349339 -1155.755145 -1154.571331 -1152.013343 -1150.173381 -1149.558405 -1149.979821 -1151.030406 -1152.327765 -1153.608920 -1154.733325 -1155.649572 -1156.358959 -1156.887545 -1157.269134 -1157.538412 -1157.735759 -1157.919676 -1158.179796 -1159.201391 -1167.600939 -1240.681811 -2116.921579 -4414.786603 -4403.251657 -4364.403875 -4331.977561 -4327.229520 -4326.745328 -4326.784233 -4326.894277 -4327.012339 -4327.125494 -4327.230063 -4327.326776 -4327.437537 -4327.782147 -4330.317220 -4348.341490 -4378.608353 -4392.429795 -1974.911253 -1217.250847 -1164.700926 -1159.027492 -1158.362668 -1158.260525 -1158.242982 -1158.241722 -1158.243493 -1158.245465 -1158.247085 -1158.248325 -1158.249261 -1158.249974 -1158.250526 -1158.250963 -1158.251314 -1158.251606 -1158.251861 -1158.252108 -1158.252378 -1158.252714 -1158.253178 -1158.253861 -1158.254907 -1158.256549 -1158.259164 -1158.263389 -1158.270320 -1158.281912 -1158.301771 -1158.336773 -1158.400372 -1158.519294 -1158.746979 -1159.191022 -1160.073962 -1161.888880 -1165.842967 -1175.144154 -1199.644714 -9999.0 -9999.0
-9999.0 -9999.0 534.277218 442.669605 348.613589 253.312650 157.482773 61.447999 -34.620569 -130.670547 -226.860917 -324.268719 -424.540863 -529.879984 -643.897231 -773.672556 -879.215341 -978.547468 -1067.282637 -1128.202304 -1150.349339 -1155.755145 -1154.571331 -1152.013343 -1150.173381 -1149.558405 -1149.979821 -1151.030406 -1152.327765 -1153.608920 -1154.733325 -1155.649572 -1156.358959 -1156.887545 -1157.269134 -1157.538412 -1157.735759 -1157.919676 -1158.179796 -1159.201391 -1167.600939 -1240.681811 -2116.921579 -4414.786603 -4403.251657 -4364.403873 -4331.977561 -4327.229520 -4326.745328 -4326.784233 -4326.894277 -4327.012339 -4327.125494 -4327.230063 -4327.326776 -4327.437537 -4327.782147 -4330.317220 -4348.341490 -4378.608353 -4392.429795 -1974.911253 -1217.250847 -1164.700926 -1159.027492 -1158.362668 -1158.260525 -1158.242982 -1158.241722 -1158.243493 -1158.245465 -1158.247085 -1158.248325 -1158.249261 -1158.249974 -1158.250526 -1158.250963 -1158.251314 -1158.251606 -1158.251861 -1158.252108 -1158.252378 -1158.252714 -1158.253178 -1158.253861 -1158.254907 -1158.256549 -1158.259164 -1158.263389 -1158.270320 -1158.281912 -1158.301771 -1158.336773 -1158.400372 -1158.519294 -1158.746979 -1159.191022 -1160.073962 -1161.888880 -1165.842967 -1175.144154 -1199.644714 -9999.0 -9999.0
-9999.0 -9999.0 534.278837 442.670454 348.613932 253.312777 157.482818 61.448014 -34.620564 -130.670545 -226.860916 -324.268719 -424.540863 -529.879984 -643.897231 -773.672556 -879.215341 -978.547468 -1067.282637 -1128.202304 -1150.349339 -1155.755145 -1154.571331 -1152.013343 -1150.173381 -1149.558405 -1149.979821 -1151.030406 -1152.327765 -1153.608920 -1154.733325 -1155.649572 -1156.358959 -1156.887545 -1157.269134 -1157.538412 -1157.735759 -1157.919676 -1158.179796 -1159.201391 -1167.600939 -1240.681811 -2116.921579 -4414.786603 -4403.251657 -4364.403872 -4331.977561 -4327.229520 -4326.745328 -4326.784233 -4326.894277 -4327.012339 -4327.125494 -4327.230063 -4327.326776 -4327.437537 -4327.782147 -4330.317220 -4348.341490 -4378.608353 -4392.429795 -1974.911253 -1217.250847 -1164.700926 -1159.027492 -1158.362668 -1158.260525 -1158.242982 -1158.241722 -1158.243493 -1158.245465 -1158.247085 -1158.248325 -1158.249261 -1158.249974 -1158.250526 -1158.250963 -1158.251314 -1158.251606 -1158.251861 -1158.252108 -1158.252378 -1158.252714 -1158.253178 -1158.253861 -1158.254907 -1158.256549 -1158.259164 -1158.263389 -1158.270320 -1158.281912 -1158.301771 -1158.336773 -1158.400372 -1158.519294 -1158.746979 -1159.191022 -1160.073962 -1161.888880 -1165.842967 -1175.144154 -1199.644714 -9999.0 -9999.0
-9999.0 -9999.0 534.278837 442.670454 348.613932 253.312777 157.482818 61.448014 -34.620564 -130.670545 -226.860916 -324.268719 -424.540863 -529.879984 -643.897231 -773.672556 -879.215341 -978.547468 -1067.282637 -1128.202304 -1150.349339 -1155.755145 -1154.571331 -1152.013343 -1150.173381 -1149.558405 -1149.979821 -1151.030406 -1152.327765 -1153.608920 -1154.733325 -1155.649572 -1156.358959 -1156.887545 -1157.269134 -1157.538412 -1157.735759 -1157.919676 -1158.179796 -1159.201391 -1167.600939 -1240.681811 -2116.921579 -4414.786603 -4403.251657 -4364.403872 -4331.977561 -4327.229520 -4326.745328 -4326.784233 -4326.894277 -4327.012339 -4327.125494 -4327.230063 -4327.326776 -4327.437537 -4327.782147 -4330.317220 -4348.341490 -4378.608353 -4392.429795 -1974.911253 -1217.250847 -1164.700926 -1159.027492 -1158.362668 -1158.260525 -1158.242982 -1158.241722 -1158.243493 -1158.245465 -1158.247085 -1158.248325 -1158.249261 -1158.249974 -1158.250526 -1158.250963 -1158.251314 -1158.251606 -1158.251861 -1158.252108 -1158.252378 -1158.252714 -1158.253178 -1158.253861 -1158.254907 -1158.256549 -1158.259164 -1158.263389 -1158.270320 -1158.281912 -1158.301771 -1158.336773 -1158.400372 -1158.519294 -1158.746979 -1159.191022 -1160.073962 -1161.888880 -1165.842967 -1175.144154 -1199.644714 -9999.0 -9999.0
-9999.0 -9999.0 534.277218 442.669605 348.613588 253.312650 157.482773 61.447999 -34.620569 -130.670547 -226.860917 -324.268719 -424.540863 -529.879984 -643.897231 -773.672556 -879.215341 -978.547468 -1067.282637 -1128.202304 -1150.349339 -1155.755145 -1154.571331 -1152.013343 -1150.173381 -1149.558405 -1149.979821 -1151.030406 -1152.327765 -1153.608920 -1154.733325 -1155.649572 -1156.358959 -1156.887545 -1157.269134 -1157.538412 -1157.735759 -1157.919676 -1158.179796 -1159.201391 -1167.600939 -1240.681811 -2116.921579 -4414.786603 -4403.251657 -4364.403873 -4331.977561 -4327.229520 -4326.745328 -4326.784233 -4326.894277 -4327.012339 -4327.125494 -4327.230063 -4327.326776 -4327.437537 -4327.782147 -4330.317220 -4348.341490 -4378.608353 -4392.429795 -1974.911253 -1217.250847 -1164.700926 -1159.027492 -1158.362668 -1158.260525 -1158.242982 -1158.241722 -1158.243493 -1158.245465 -1158.247085 -1158.248325 -1158.249261 -1158.249974 -1158.250526 -1158.250963 -1158.251314 -1158.251606 -1158.251861 -1158.252108 -1158.252378 -1158.252714 -1158.253178 -1158.253861 -1158.254907 -1158.256549 -1158.259164 -1158.263389 -1158.270320 -1158.281912 -1158.301771 -1158.336773 -1158.400372 -1158.519294 -1158.746979 -1159.191022 -1160.073962 -1161.888880 -1165.842967 -1175.144154 -1199.644714 -9999.0 -9999.0
-9999.0 -9999.0 534.270817 442.667745 348.613060 253.312490 157.482722 61.447982 -34.620574 -130.670548 -226.860917 -324.268719 -424.540863 -529.879984 -643.897230 -773.672556 -879.215341 -978.547468 -1067.282637 -1128.202304 -1150.349339 -1155.755145 -1154.571331 -1152.013343 -1150.173381 -1149.558405 -1149.979821 -1151.030406 -1152.327765 -1153.608920 -1154.733325 -1155.649572 -1156.358959 -1156.887545 -1157.269134 -1157.538412 -1157.735759 -1157.919676 -1158.179796 -1159.201391 -1167.600939 -1240.681811 -2116.921579 -4414.786603 -4403.251657 -4364.403875 -4331.977561 -4327.229520 -4326.745328 -4326.784233 -4326.894277 -4327.012339 -4327.125494 -4327.230063 -4327.326776 -4327.437537 -4327.782147 -4330.317220 -4348.341490 -4378.608353 -4392.429795 -1974.911253 -1217.250847 -1164.700926 -1159.027492 -1158.362668 -1158.260525 -1158.242982 -1158.241722 -1158.243493 -1158.245465 -1158.247085 -1158.248325 -1158.249261 -1158.249974 -1158.250526 -1158.250963 -1158.251314 -1158.251606 -1158.251861 -1158.252108 -1158.252378 -1158.252714 -1158.253178 -1158.253861 -1158.254907 -1158.256549 -1158.259164 -1158.263389 -1158.270320 -1158.281912 -1158.301771 -1158.336773 -1158.400372 -1158.519294 -1158.746979 -1159.191022 -1160.073962 -1161.888880 -1165.842967 -1175.144154 -1199.644714 -9999.0 -9999.0
-9999.0 -9999.0 -9999.0 -9999.0 -9999.0 -9999.0 -9999.0 -9999.0 -9999.0 -9999.0 -9999.0 -9999.0 -9999.0 -9999.0 -9999.0 -9999.0 -9999.0 -9999.0 -9999.0 -9999.0 -9999.0 -9999.0 -9999.0 -9999.0 -9999.0 -9999.0 -9999.0 -9999.0 -9999.0 -9999.0 -9999.0 -9999.0 -9999.0 -9999.0 -9999.0 -9999.0 -9999.0 -9999.0 -9999.0 -9999.0 -9999.0 -9999.0 -9999.0 -9999.0 -9999.0 -9999.0 -9999.0 -9999.0 -9999.0 -9999.0 -9999.0 -9999.0 -9999.0 -9999.0 -9999.0 -9999.0 -9999.0 -9999.0 -9999.0 -9999.0 -9999.0 -9999.0 -9999.0 -9999.0 -9999.0 -9999.0 -9999.0 -9999.0 -9999.0 -9999.0 -9999.0 -9999.0 -9999.0 -9999.0 -9999.0 -9999.0 -9999.0 -9999.0 -9999.0 -9999.0 -9999.0 -9999.0 -9999.0 -9999.0 -9999.0 -9999.0 -9999.0 -9999.0 -9999.0 -9999.0 -9999.0 -9999.0 -9999.0 -9999.0 -9999.0 -9999.0 -9999.0 -9999.0 -9999.0 -9999.0 -9999.0 -9999.0 -9999.0 -9999.0
-9999.0 -9999.0 -9999.0 -9999.0 -9999.0 -9999.0 -9999.0 -9999.0 -9999.0 -9999.0 -9999.0 -9999.0 -9999.0 -9999.0 -9999.0 -9999.0 -9999.0 -9999.0 -9999.0 -9999.0 -9999.0 -9999.0 -9999.0 -9999.0 -9999.0 -9999.0 -9999.0 -9999.0 -9999.0 -9999.0 -9999.0 -9999.0 -9999.0 -9999.0 -9999.0 -9999.0 -9999.0 -9999.0 -9999.0 -9999.0 -9999.0 -9999.0 -9999.0 -9999.0 -9999.0 -9999.0 -9999.0 -9999.0 -9999.0 -9999.0 -9999.0 -9999.0 -9999.0 -9999.0 -9999.0 -9999.0 -9999.0 -9999.0 -9999.0 -9999.0 -9999.0 -9999.0 -9999.0 -9999.0 -9999.0 -9999.0 -9999.0 -9999.0 -9999.0 -9999.0 -9999.0 -9999.0 -9999.0 -9999.0 -9999.0 -9999.0 -9999.0 -9999.0 -9999.0 -9999.0 -9999.0 -9999.0 -9999.0 -9999.0 -9999.0 -9999.0 -9999.0 -9999.0 -9999.0 -9999.0 -9999.0 -9999.0 -9999.0 -9999.0 -9999.0 -9999.0 -9999.0 -9999.0 -9999.0 -9999.0 -9999.0 -9999.0 -9999.0 -9999.0