inst/processing_geotop_simulation/geotop_simulation/out/maps3D/PwL0016N0357.asc
ncols         104
nrows         10
xllcorner     -2.000000
yllcorner     0.000000
cellsize      1.000000
NODATA_value  -9999.0
-9999.0 -9999.0 -9999.0 -9999.0 -9999.0 -9999.0 -9999.0 -9999.0 -9999.0 -9999.0 -9999.0 -9999.0 -9999.0 -9999.0 -9999.0 -9999.0 -9999.0 -9999.0 -9999.0 -9999.0 -9999.0 -9999.0 -9999.0 -9999.0 -9999.0 -9999.0 -9999.0 -9999.0 -9999.0 -9999.0 -9999.0 -9999.0 -9999.0 -9999.0 -9999.0 -9999.0 -9999.0 -9999.0 -9999.0 -9999.0 -9999.0 -9999.0 -9999.0 -9999.0 -9999.0 -9999.0 -9999.0 -9999.0 -9999.0 -9999.0 -9999.0 -9999.0 -9999.0 -9999.0 -9999.0 -9999.0 -9999.0 -9999.0 -9999.0 -9999.0 -9999.0 -9999.0 -9999.0 -9999.0 -9999.0 -9999.0 -9999.0 -9999.0 -9999.0 -9999.0 -9999.0 -9999.0 -9999.0 -9999.0 -9999.0 -9999.0 -9999.0 -9999.0 -9999.0 -9999.0 -9999.0 -9999.0 -9999.0 -9999.0 -9999.0 -9999.0 -9999.0 -9999.0 -9999.0 -9999.0 -9999.0 -9999.0 -9999.0 -9999.0 -9999.0 -9999.0 -9999.0 -9999.0 -9999.0 -9999.0 -9999.0 -9999.0 -9999.0 -9999.0
-9999.0 -9999.0 -9999.0 -9999.0 -9999.0 -9999.0 -9999.0 -9999.0 -9999.0 -9999.0 -9999.0 -9999.0 -9999.0 -9999.0 -9999.0 -9999.0 -9999.0 -9999.0 -9999.0 -9999.0 -9999.0 -9999.0 -9999.0 -9999.0 -9999.0 -9999.0 -9999.0 -9999.0 -9999.0 -9999.0 -9999.0 -9999.0 -9999.0 -9999.0 -9999.0 -9999.0 -9999.0 -9999.0 -9999.0 -9999.0 -9999.0 -9999.0 -9999.0 -9999.0 -9999.0 -9999.0 -9999.0 -9999.0 -9999.0 -9999.0 -9999.0 -9999.0 -9999.0 -9999.0 -9999.0 -9999.0 -9999.0 -9999.0 -9999.0 -9999.0 -9999.0 -9999.0 -9999.0 -9999.0 -9999.0 -9999.0 -9999.0 -9999.0 -9999.0 -9999.0 -9999.0 -9999.0 -9999.0 -9999.0 -9999.0 -9999.0 -9999.0 -9999.0 -9999.0 -9999.0 -9999.0 -9999.0 -9999.0 -9999.0 -9999.0 -9999.0 -9999.0 -9999.0 -9999.0 -9999.0 -9999.0 -9999.0 -9999.0 -9999.0 -9999.0 -9999.0 -9999.0 -9999.0 -9999.0 -9999.0 -9999.0 -9999.0 -9999.0 -9999.0
-9999.0 -9999.0 771.001318 672.430086 573.618870 474.607104 375.496914 276.344108 177.177488 78.012321 -21.140649 -120.275013 -219.387244 -318.457652 -417.450310 -516.305118 -614.912050 -713.092375 -811.429334 -909.500430 -1007.187582 -1104.289683 -1196.316614 -1282.623672 -1360.881497 -1429.204736 -1486.561145 -1532.916021 -1569.098397 -1596.494955 -1616.715599 -1631.331933 -1641.723011 -1649.014679 -1654.080959 -1657.579174 -1660.006317 -1661.804659 -1663.663402 -1667.361623 -1676.936061 -1698.908387 -1973.846164 -4114.090652 -4183.130364 -4183.094919 -4183.053859 -4183.046950 -4183.046172 -4183.046062 -4183.045745 -4183.044465 -4183.042224 -4183.039294 -4183.034348 -4183.024726 -4183.004075 -4182.957727 -4182.853976 -4182.523038 -4056.650757 -1776.210906 -1657.837539 -1668.605113 -1666.561976 -1665.474044 -1665.209189 -1665.159270 -1665.151258 -1665.150485 -1665.150850 -1665.151315 -1665.151713 -1665.152034 -1665.152294 -1665.152507 -1665.152688 -1665.152845 -1665.152987 -1665.153121 -1665.153256 -1665.153403 -1665.153576 -1665.153797 -1665.154097 -1665.154530 -1665.155179 -1665.156185 -1665.157794 -1665.160439 -1665.164923 -1665.172771 -1665.186973 -1665.213519 -1665.264754 -1665.367107 -1665.580454 -1666.050148 -1667.155164 -1669.965414 -1677.851503 -1703.068735 -9999.0 -9999.0
-9999.0 -9999.0 771.005040 672.431370 573.619267 474.607230 375.496957 276.344123 177.177493 78.012323 -21.140647 -120.275013 -219.387244 -318.457652 -417.450310 -516.305118 -614.912050 -713.092376 -811.429335 -909.500430 -1007.187582 -1104.289684 -1196.316614 -1282.623672 -1360.881497 -1429.204736 -1486.561145 -1532.916021 -1569.098397 -1596.494955 -1616.715599 -1631.331933 -1641.723011 -1649.014679 -1654.080959 -1657.579174 -1660.006317 -1661.804659 -1663.663402 -1667.361623 -1676.936061 -1698.908387 -1973.846164 -4114.090652 -4183.130364 -4183.094919 -4183.053859 -4183.046950 -4183.046172 -4183.046062 -4183.045745 -4183.044465 -4183.042224 -4183.039294 -4183.034348 -4183.024726 -4183.004075 -4182.957727 -4182.853976 -4182.523038 -4056.650757 -1776.210906 -1657.837539 -1668.605113 -1666.561976 -1665.474044 -1665.209189 -1665.159270 -1665.151258 -1665.150485 -1665.150850 -1665.151315 -1665.151713 -1665.152034 -1665.152294 -1665.152507 -1665.152688 -1665.152845 -1665.152987 -1665.153121 -1665.153256 -1665.153403 -1665.153576 -1665.153797 -1665.154097 -1665.154530 -1665.155179 -1665.156185 -1665.157794 -1665.160439 -1665.164923 -1665.172771 -1665.186973 -1665.213519 -1665.264754 -1665.367107 -1665.580454 -1666.050148 -1667.155164 -1669.965414 -1677.851503 -1703.068735 -9999.0 -9999.0
-9999.0 -9999.0 771.006269 672.432017 573.619535 474.607331 375.496993 276.344136 177.177498 78.012325 -21.140647 -120.275012 -219.387244 -318.457652 -417.450310 -516.305118 -614.912050 -713.092376 -811.429335 -909.500431 -1007.187582 -1104.289684 -1196.316614 -1282.623672 -1360.881497 -1429.204737 -1486.561145 -1532.916021 -1569.098397 -1596.494955 -1616.715599 -1631.331933 -1641.723011 -1649.014679 -1654.080959 -1657.579174 -1660.006317 -1661.804659 -1663.663402 -1667.361623 -1676.936061 -1698.908387 -1973.846164 -4114.090652 -4183.130364 -4183.094919 -4183.053859 -4183.046950 -4183.046172 -4183.046062 -4183.045745 -4183.044465 -4183.042224 -4183.039294 -4183.034348 -4183.024726 -4183.004075 -4182.957727 -4182.853976 -4182.523038 -4056.650757 -1776.210906 -1657.837539 -1668.605113 -1666.561976 -1665.474044 -1665.209189 -1665.159270 -1665.151258 -1665.150485 -1665.150850 -1665.151315 -1665.151713 -1665.152034 -1665.152294 -1665.152507 -1665.152688 -1665.152845 -1665.152987 -1665.153121 -1665.153256 -1665.153403 -1665.153576 -1665.153797 -1665.154097 -1665.154530 -1665.155179 -1665.156185 -1665.157794 -1665.160439 -1665.164923 -1665.172771 -1665.186973 -1665.213519 -1665.264754 -1665.367107 -1665.580454 -1666.050148 -1667.155164 -1669.965414 -1677.851503 -1703.068735 -9999.0 -9999.0
-9999.0 -9999.0 771.006269 672.432017 573.619535 474.607331 375.496993 276.344136 177.177498 78.012325 -21.140647 -120.275012 -219.387244 -318.457652 -417.450310 -516.305118 -614.912050 -713.092376 -811.429335 -909.500431 -1007.187582 -1104.289684 -1196.316614 -1282.623672 -1360.881497 -1429.204737 -1486.561145 -1532.916021 -1569.098397 -1596.494955 -1616.715599 -1631.331933 -1641.723011 -1649.014679 -1654.080959 -1657.579174 -1660.006317 -1661.804659 -1663.663402 -1667.361623 -1676.936061 -1698.908387 -1973.846164 -4114.090652 -4183.130364 -4183.094919 -4183.053859 -4183.046950 -4183.046172 -4183.046062 -4183.045745 -4183.044465 -4183.042224 -4183.039294 -4183.034348 -4183.024726 -4183.004075 -4182.957727 -4182.853976 -4182.523038 -4056.650757 -1776.210906 -1657.837539 -1668.605113 -1666.561976 -1665.474044 -1665.209189 -1665.159270 -1665.151258 -1665.150485 -1665.150850 -1665.151315 -1665.151713 -1665.152034 -1665.152294 -1665.152507 -1665.152688 -1665.152845 -1665.152987 -1665.153121 -1665.153256 -1665.153403 -1665.153576 -1665.153797 -1665.154097 -1665.154530 -1665.155179 -1665.156185 -1665.157794 -1665.160439 -1665.164923 -1665.172771 -1665.186973 -1665.213519 -1665.264754 -1665.367107 -1665.580454 -1666.050148 -1667.155164 -1669.965414 -1677.851503 -1703.068735 -9999.0 -9999.0
-9999.0 -9999.0 771.005040 672.431370 573.619267 474.607230 375.496956 276.344123 177.177493 78.012323 -21.140648 -120.275013 -219.387244 -318.457652 -417.450310 -516.305118 -614.912050 -713.092376 -811.429335 -909.500430 -1007.187582 -1104.289684 -1196.316614 -1282.623672 -1360.881497 -1429.204736 -1486.561145 -1532.916021 -1569.098397 -1596.494955 -1616.715599 -1631.331933 -1641.723011 -1649.014679 -1654.080959 -1657.579174 -1660.006317 -1661.804659 -1663.663402 -1667.361623 -1676.936061 -1698.908387 -1973.846164 -4114.090652 -4183.130364 -4183.094919 -4183.053859 -4183.046950 -4183.046172 -4183.046062 -4183.045745 -4183.044465 -4183.042224 -4183.039294 -4183.034348 -4183.024726 -4183.004075 -4182.957727 -4182.853976 -4182.523038 -4056.650757 -1776.210906 -1657.837539 -1668.605113 -1666.561976 -1665.474044 -1665.209189 -1665.159270 -1665.151258 -1665.150485 -1665.150850 -1665.151315 -1665.151713 -1665.152034 -1665.152294 -1665.152507 -1665.152688 -1665.152845 -1665.152987 -1665.153121 -1665.153256 -1665.153403 -1665.153576 -1665.153797 -1665.154097 -1665.154530 -1665.155179 -1665.156185 -1665.157794 -1665.160439 -1665.164923 -1665.172771 -1665.186973 -1665.213519 -1665.264754 -1665.367107 -1665.580454 -1666.050148 -1667.155164 -1669.965414 -1677.851503 -1703.068735 -9999.0 -9999.0
-9999.0 -9999.0 771.001318 672.430086 573.618870 474.607104 375.496915 276.344108 177.177488 78.012321 -21.140649 -120.275013 -219.387244 -318.457652 -417.450310 -516.305118 -614.912050 -713.092375 -811.429334 -909.500430 -1007.187582 -1104.289683 -1196.316614 -1282.623672 -1360.881497 -1429.204736 -1486.561145 -1532.916021 -1569.098397 -1596.494955 -1616.715599 -1631.331933 -1641.723011 -1649.014679 -1654.080959 -1657.579174 -1660.006317 -1661.804659 -1663.663402 -1667.361623 -1676.936061 -1698.908387 -1973.846164 -4114.090652 -4183.130364 -4183.094919 -4183.053859 -4183.046950 -4183.046172 -4183.046062 -4183.045745 -4183.044465 -4183.042224 -4183.039294 -4183.034348 -4183.024726 -4183.004075 -4182.957727 -4182.853976 -4182.523038 -4056.650757 -1776.210906 -1657.837539 -1668.605113 -1666.561976 -1665.474044 -1665.209189 -1665.159270 -1665.151258 -1665.150485 -1665.150850 -1665.151315 -1665.151713 -1665.152034 -1665.152294 -1665.152507 -1665.152688 -1665.152845 -1665.152987 -1665.153121 -1665.153256 -1665.153403 -1665.153576 -1665.153797 -1665.154097 -1665.154530 -1665.155179 -1665.156185 -1665.157794 -1665.160439 -1665.164923 -1665.172771 -1665.186973 -1665.213519 -1665.264754 -1665.367107 -1665.580454 -1666.050148 -1667.155164 -1669.965414 -1677.851503 -1703.068735 -9999.0 -9999.0
-9999.0 -9999.0 -9999.0 -9999.0 -9999.0 -9999.0 -9999.0 -9999.0 -9999.0 -9999.0 -9999.0 -9999.0 -9999.0 -9999.0 -9999.0 -9999.0 -9999.0 -9999.0 -9999.0 -9999.0 -9999.0 -9999.0 -9999.0 -9999.0 -9999.0 -9999.0 -9999.0 -9999.0 -9999.0 -9999.0 -9999.0 -9999.0 -9999.0 -9999.0 -9999.0 -9999.0 -9999.0 -9999.0 -9999.0 -9999.0 -9999.0 -9999.0 -9999.0 -9999.0 -9999.0 -9999.0 -9999.0 -9999.0 -9999.0 -9999.0 -9999.0 -9999.0 -9999.0 -9999.0 -9999.0 -9999.0 -9999.0 -9999.0 -9999.0 -9999.0 -9999.0 -9999.0 -9999.0 -9999.0 -9999.0 -9999.0 -9999.0 -9999.0 -9999.0 -9999.0 -9999.0 -9999.0 -9999.0 -9999.0 -9999.0 -9999.0 -9999.0 -9999.0 -9999.0 -9999.0 -9999.0 -9999.0 -9999.0 -9999.0 -9999.0 -9999.0 -9999.0 -9999.0 -9999.0 -9999.0 -9999.0 -9999.0 -9999.0 -9999.0 -9999.0 -9999.0 -9999.0 -9999.0 -9999.0 -9999.0 -9999.0 -9999.0 -9999.0 -9999.0
-9999.0 -9999.0 -9999.0 -9999.0 -9999.0 -9999.0 -9999.0 -9999.0 -9999.0 -9999.0 -9999.0 -9999.0 -9999.0 -9999.0 -9999.0 -9999.0 -9999.0 -9999.0 -9999.0 -9999.0 -9999.0 -9999.0 -9999.0 -9999.0 -9999.0 -9999.0 -9999.0 -9999.0 -9999.0 -9999.0 -9999.0 -9999.0 -9999.0 -9999.0 -9999.0 -9999.0 -9999.0 -9999.0 -9999.0 -9999.0 -9999.0 -9999.0 -9999.0 -9999.0 -9999.0 -9999.0 -9999.0 -9999.0 -9999.0 -9999.0 -9999.0 -9999.0 -9999.0 -9999.0 -9999.0 -9999.0 -9999.0 -9999.0 -9999.0 -9999.0 -9999.0 -9999.0 -9999.0 -9999.0 -9999.0 -9999.0 -9999.0 -9999.0 -9999.0 -9999.0 -9999.0 -9999.0 -9999.0 -9999.0 -9999.0 -9999.0 -9999.0 -9999.0 -9999.0 -9999.0 -9999.0 -9999.0 -9999.0 -9999.0 -9999.0 -9999.0 -9999.0 -9999.0 -9999.0 -9999.0 -9999.0 -9999.0 -9999.0 -9999.0 -9999.0 -9999.0 -9999.0 -9999.0 -9999.0 -9999.0 -9999.0 -9999.0 -9999.0 -9999.0