inst/processing_geotop_simulation/geotop_simulation/out/maps3D/PwL0000N0352.asc
ncols         104
nrows         10
xllcorner     -2.000000
yllcorner     0.000000
cellsize      1.000000
NODATA_value  -9999.0
-9999.0 -9999.0 -9999.0 -9999.0 -9999.0 -9999.0 -9999.0 -9999.0 -9999.0 -9999.0 -9999.0 -9999.0 -9999.0 -9999.0 -9999.0 -9999.0 -9999.0 -9999.0 -9999.0 -9999.0 -9999.0 -9999.0 -9999.0 -9999.0 -9999.0 -9999.0 -9999.0 -9999.0 -9999.0 -9999.0 -9999.0 -9999.0 -9999.0 -9999.0 -9999.0 -9999.0 -9999.0 -9999.0 -9999.0 -9999.0 -9999.0 -9999.0 -9999.0 -9999.0 -9999.0 -9999.0 -9999.0 -9999.0 -9999.0 -9999.0 -9999.0 -9999.0 -9999.0 -9999.0 -9999.0 -9999.0 -9999.0 -9999.0 -9999.0 -9999.0 -9999.0 -9999.0 -9999.0 -9999.0 -9999.0 -9999.0 -9999.0 -9999.0 -9999.0 -9999.0 -9999.0 -9999.0 -9999.0 -9999.0 -9999.0 -9999.0 -9999.0 -9999.0 -9999.0 -9999.0 -9999.0 -9999.0 -9999.0 -9999.0 -9999.0 -9999.0 -9999.0 -9999.0 -9999.0 -9999.0 -9999.0 -9999.0 -9999.0 -9999.0 -9999.0 -9999.0 -9999.0 -9999.0 -9999.0 -9999.0 -9999.0 -9999.0 -9999.0 -9999.0
-9999.0 -9999.0 -9999.0 -9999.0 -9999.0 -9999.0 -9999.0 -9999.0 -9999.0 -9999.0 -9999.0 -9999.0 -9999.0 -9999.0 -9999.0 -9999.0 -9999.0 -9999.0 -9999.0 -9999.0 -9999.0 -9999.0 -9999.0 -9999.0 -9999.0 -9999.0 -9999.0 -9999.0 -9999.0 -9999.0 -9999.0 -9999.0 -9999.0 -9999.0 -9999.0 -9999.0 -9999.0 -9999.0 -9999.0 -9999.0 -9999.0 -9999.0 -9999.0 -9999.0 -9999.0 -9999.0 -9999.0 -9999.0 -9999.0 -9999.0 -9999.0 -9999.0 -9999.0 -9999.0 -9999.0 -9999.0 -9999.0 -9999.0 -9999.0 -9999.0 -9999.0 -9999.0 -9999.0 -9999.0 -9999.0 -9999.0 -9999.0 -9999.0 -9999.0 -9999.0 -9999.0 -9999.0 -9999.0 -9999.0 -9999.0 -9999.0 -9999.0 -9999.0 -9999.0 -9999.0 -9999.0 -9999.0 -9999.0 -9999.0 -9999.0 -9999.0 -9999.0 -9999.0 -9999.0 -9999.0 -9999.0 -9999.0 -9999.0 -9999.0 -9999.0 -9999.0 -9999.0 -9999.0 -9999.0 -9999.0 -9999.0 -9999.0 -9999.0 -9999.0
-9999.0 -9999.0 0.028605 -95.131170 -193.679076 -292.603877 -391.665868 -490.774831 -589.885088 -688.959571 -787.937877 -886.775039 -985.431976 -1083.851530 -1182.204637 -1280.447010 -1378.145881 -1474.936046 -1570.192181 -1662.847323 -1750.927632 -1831.271593 -1900.577900 -1957.001813 -2000.704621 -2033.281815 -2056.898735 -2073.677587 -2085.417416 -2093.531490 -2099.082887 -2102.849003 -2105.386455 -2107.086978 -2108.222718 -2108.982987 -2109.509633 -2109.962313 -2110.738148 -2113.003842 -2116.025703 -2062.893830 -1280.874658 -1277.301168 -1267.276293 -1260.720706 -1257.636197 -1257.155135 -1257.102991 -1257.107967 -1257.121241 -1257.135541 -1257.149290 -1257.162026 -1257.173875 -1257.187881 -1257.232329 -1257.524436 -1259.182374 -1262.848937 -1267.922603 -1264.266471 -2039.660073 -2110.137081 -2111.564113 -2110.803002 -2110.599753 -2110.562531 -2110.556847 -2110.556481 -2110.556922 -2110.557398 -2110.557787 -2110.558089 -2110.558321 -2110.558503 -2110.558648 -2110.558767 -2110.558867 -2110.558958 -2110.559048 -2110.559149 -2110.559275 -2110.559450 -2110.559707 -2110.560100 -2110.560718 -2110.561708 -2110.563322 -2110.566008 -2110.570587 -2110.578611 -2110.593099 -2110.620053 -2110.671638 -2110.773218 -2110.980217 -2111.422486 -2112.431113 -2114.940677 -2121.990412 -2145.412585 -9999.0 -9999.0
-9999.0 -9999.0 0.089090 -95.129227 -193.678592 -292.603736 -391.665823 -490.774816 -589.885083 -688.959569 -787.937876 -886.775039 -985.431976 -1083.851530 -1182.204637 -1280.447010 -1378.145881 -1474.936046 -1570.192182 -1662.847323 -1750.927632 -1831.271593 -1900.577900 -1957.001813 -2000.704621 -2033.281815 -2056.898735 -2073.677587 -2085.417416 -2093.531490 -2099.082887 -2102.849003 -2105.386455 -2107.086978 -2108.222718 -2108.982987 -2109.509633 -2109.962313 -2110.738148 -2113.003842 -2116.025703 -2062.893830 -1280.874658 -1277.301168 -1267.276293 -1260.720706 -1257.636197 -1257.155135 -1257.102991 -1257.107967 -1257.121241 -1257.135541 -1257.149290 -1257.162026 -1257.173875 -1257.187881 -1257.232329 -1257.524436 -1259.182374 -1262.848937 -1267.922603 -1264.266471 -2039.660073 -2110.137081 -2111.564113 -2110.803002 -2110.599753 -2110.562531 -2110.556847 -2110.556481 -2110.556922 -2110.557398 -2110.557787 -2110.558089 -2110.558321 -2110.558503 -2110.558648 -2110.558767 -2110.558867 -2110.558958 -2110.559048 -2110.559149 -2110.559275 -2110.559450 -2110.559707 -2110.560100 -2110.560718 -2110.561708 -2110.563322 -2110.566008 -2110.570587 -2110.578611 -2110.593099 -2110.620053 -2110.671638 -2110.773218 -2110.980217 -2111.422486 -2112.431113 -2114.940677 -2121.990412 -2145.412585 -9999.0 -9999.0
-9999.0 -9999.0 0.089103 -95.128449 -193.678285 -292.603625 -391.665784 -490.774801 -589.885078 -688.959567 -787.937875 -886.775039 -985.431976 -1083.851530 -1182.204637 -1280.447010 -1378.145881 -1474.936047 -1570.192182 -1662.847323 -1750.927632 -1831.271593 -1900.577900 -1957.001813 -2000.704621 -2033.281815 -2056.898735 -2073.677587 -2085.417416 -2093.531490 -2099.082887 -2102.849003 -2105.386455 -2107.086978 -2108.222718 -2108.982987 -2109.509633 -2109.962313 -2110.738148 -2113.003842 -2116.025703 -2062.893830 -1280.874658 -1277.301168 -1267.276293 -1260.720706 -1257.636197 -1257.155135 -1257.102991 -1257.107967 -1257.121241 -1257.135541 -1257.149290 -1257.162026 -1257.173875 -1257.187881 -1257.232329 -1257.524436 -1259.182374 -1262.848937 -1267.922603 -1264.266471 -2039.660073 -2110.137081 -2111.564113 -2110.803002 -2110.599753 -2110.562531 -2110.556847 -2110.556481 -2110.556922 -2110.557398 -2110.557787 -2110.558089 -2110.558321 -2110.558503 -2110.558648 -2110.558767 -2110.558867 -2110.558958 -2110.559048 -2110.559149 -2110.559275 -2110.559450 -2110.559707 -2110.560100 -2110.560718 -2110.561708 -2110.563322 -2110.566008 -2110.570587 -2110.578611 -2110.593099 -2110.620053 -2110.671638 -2110.773218 -2110.980217 -2111.422486 -2112.431113 -2114.940677 -2121.990412 -2145.412585 -9999.0 -9999.0
-9999.0 -9999.0 0.089103 -95.128449 -193.678285 -292.603625 -391.665783 -490.774802 -589.885077 -688.959567 -787.937875 -886.775039 -985.431976 -1083.851530 -1182.204637 -1280.447010 -1378.145881 -1474.936047 -1570.192182 -1662.847323 -1750.927632 -1831.271593 -1900.577900 -1957.001813 -2000.704621 -2033.281815 -2056.898735 -2073.677587 -2085.417416 -2093.531490 -2099.082887 -2102.849003 -2105.386455 -2107.086978 -2108.222718 -2108.982987 -2109.509633 -2109.962313 -2110.738148 -2113.003842 -2116.025703 -2062.893830 -1280.874658 -1277.301168 -1267.276293 -1260.720706 -1257.636197 -1257.155135 -1257.102991 -1257.107967 -1257.121241 -1257.135541 -1257.149290 -1257.162026 -1257.173875 -1257.187881 -1257.232329 -1257.524436 -1259.182374 -1262.848937 -1267.922603 -1264.266471 -2039.660073 -2110.137081 -2111.564113 -2110.803002 -2110.599753 -2110.562531 -2110.556847 -2110.556481 -2110.556922 -2110.557398 -2110.557787 -2110.558089 -2110.558321 -2110.558503 -2110.558648 -2110.558767 -2110.558867 -2110.558958 -2110.559048 -2110.559149 -2110.559275 -2110.559450 -2110.559707 -2110.560100 -2110.560718 -2110.561708 -2110.563322 -2110.566008 -2110.570587 -2110.578611 -2110.593099 -2110.620053 -2110.671638 -2110.773218 -2110.980217 -2111.422486 -2112.431113 -2114.940677 -2121.990412 -2145.412585 -9999.0 -9999.0
-9999.0 -9999.0 0.089090 -95.129227 -193.678592 -292.603736 -391.665823 -490.774816 -589.885083 -688.959569 -787.937876 -886.775039 -985.431976 -1083.851530 -1182.204637 -1280.447010 -1378.145881 -1474.936046 -1570.192182 -1662.847323 -1750.927632 -1831.271593 -1900.577900 -1957.001813 -2000.704621 -2033.281815 -2056.898735 -2073.677587 -2085.417416 -2093.531490 -2099.082887 -2102.849003 -2105.386455 -2107.086978 -2108.222718 -2108.982987 -2109.509633 -2109.962313 -2110.738148 -2113.003842 -2116.025703 -2062.893830 -1280.874658 -1277.301168 -1267.276293 -1260.720706 -1257.636197 -1257.155135 -1257.102991 -1257.107967 -1257.121241 -1257.135541 -1257.149290 -1257.162026 -1257.173875 -1257.187881 -1257.232329 -1257.524436 -1259.182374 -1262.848937 -1267.922603 -1264.266471 -2039.660073 -2110.137081 -2111.564113 -2110.803002 -2110.599753 -2110.562531 -2110.556847 -2110.556481 -2110.556922 -2110.557398 -2110.557787 -2110.558089 -2110.558321 -2110.558503 -2110.558648 -2110.558767 -2110.558867 -2110.558958 -2110.559048 -2110.559149 -2110.559275 -2110.559450 -2110.559707 -2110.560100 -2110.560718 -2110.561708 -2110.563322 -2110.566008 -2110.570587 -2110.578611 -2110.593099 -2110.620053 -2110.671638 -2110.773218 -2110.980217 -2111.422486 -2112.431113 -2114.940677 -2121.990412 -2145.412585 -9999.0 -9999.0
-9999.0 -9999.0 0.028605 -95.131170 -193.679076 -292.603877 -391.665868 -490.774831 -589.885088 -688.959571 -787.937877 -886.775039 -985.431976 -1083.851530 -1182.204637 -1280.447010 -1378.145881 -1474.936046 -1570.192181 -1662.847323 -1750.927632 -1831.271593 -1900.577900 -1957.001813 -2000.704621 -2033.281815 -2056.898735 -2073.677587 -2085.417416 -2093.531490 -2099.082887 -2102.849003 -2105.386455 -2107.086978 -2108.222718 -2108.982987 -2109.509633 -2109.962313 -2110.738148 -2113.003842 -2116.025703 -2062.893830 -1280.874658 -1277.301168 -1267.276293 -1260.720706 -1257.636197 -1257.155135 -1257.102991 -1257.107967 -1257.121241 -1257.135541 -1257.149290 -1257.162026 -1257.173875 -1257.187881 -1257.232329 -1257.524436 -1259.182374 -1262.848937 -1267.922603 -1264.266471 -2039.660073 -2110.137081 -2111.564113 -2110.803002 -2110.599753 -2110.562531 -2110.556847 -2110.556481 -2110.556922 -2110.557398 -2110.557787 -2110.558089 -2110.558321 -2110.558503 -2110.558648 -2110.558767 -2110.558867 -2110.558958 -2110.559048 -2110.559149 -2110.559275 -2110.559450 -2110.559707 -2110.560100 -2110.560718 -2110.561708 -2110.563322 -2110.566008 -2110.570587 -2110.578611 -2110.593099 -2110.620053 -2110.671638 -2110.773218 -2110.980217 -2111.422486 -2112.431113 -2114.940677 -2121.990412 -2145.412585 -9999.0 -9999.0
-9999.0 -9999.0 -9999.0 -9999.0 -9999.0 -9999.0 -9999.0 -9999.0 -9999.0 -9999.0 -9999.0 -9999.0 -9999.0 -9999.0 -9999.0 -9999.0 -9999.0 -9999.0 -9999.0 -9999.0 -9999.0 -9999.0 -9999.0 -9999.0 -9999.0 -9999.0 -9999.0 -9999.0 -9999.0 -9999.0 -9999.0 -9999.0 -9999.0 -9999.0 -9999.0 -9999.0 -9999.0 -9999.0 -9999.0 -9999.0 -9999.0 -9999.0 -9999.0 -9999.0 -9999.0 -9999.0 -9999.0 -9999.0 -9999.0 -9999.0 -9999.0 -9999.0 -9999.0 -9999.0 -9999.0 -9999.0 -9999.0 -9999.0 -9999.0 -9999.0 -9999.0 -9999.0 -9999.0 -9999.0 -9999.0 -9999.0 -9999.0 -9999.0 -9999.0 -9999.0 -9999.0 -9999.0 -9999.0 -9999.0 -9999.0 -9999.0 -9999.0 -9999.0 -9999.0 -9999.0 -9999.0 -9999.0 -9999.0 -9999.0 -9999.0 -9999.0 -9999.0 -9999.0 -9999.0 -9999.0 -9999.0 -9999.0 -9999.0 -9999.0 -9999.0 -9999.0 -9999.0 -9999.0 -9999.0 -9999.0 -9999.0 -9999.0 -9999.0 -9999.0
-9999.0 -9999.0 -9999.0 -9999.0 -9999.0 -9999.0 -9999.0 -9999.0 -9999.0 -9999.0 -9999.0 -9999.0 -9999.0 -9999.0 -9999.0 -9999.0 -9999.0 -9999.0 -9999.0 -9999.0 -9999.0 -9999.0 -9999.0 -9999.0 -9999.0 -9999.0 -9999.0 -9999.0 -9999.0 -9999.0 -9999.0 -9999.0 -9999.0 -9999.0 -9999.0 -9999.0 -9999.0 -9999.0 -9999.0 -9999.0 -9999.0 -9999.0 -9999.0 -9999.0 -9999.0 -9999.0 -9999.0 -9999.0 -9999.0 -9999.0 -9999.0 -9999.0 -9999.0 -9999.0 -9999.0 -9999.0 -9999.0 -9999.0 -9999.0 -9999.0 -9999.0 -9999.0 -9999.0 -9999.0 -9999.0 -9999.0 -9999.0 -9999.0 -9999.0 -9999.0 -9999.0 -9999.0 -9999.0 -9999.0 -9999.0 -9999.0 -9999.0 -9999.0 -9999.0 -9999.0 -9999.0 -9999.0 -9999.0 -9999.0 -9999.0 -9999.0 -9999.0 -9999.0 -9999.0 -9999.0 -9999.0 -9999.0 -9999.0 -9999.0 -9999.0 -9999.0 -9999.0 -9999.0 -9999.0 -9999.0 -9999.0 -9999.0 -9999.0 -9999.0