inst/processing_geotop_simulation/geotop_simulation/out/maps3D/PwL0001N0215.asc
ncols         104
nrows         10
xllcorner     -2.000000
yllcorner     0.000000
cellsize      1.000000
NODATA_value  -9999.0
-9999.0 -9999.0 -9999.0 -9999.0 -9999.0 -9999.0 -9999.0 -9999.0 -9999.0 -9999.0 -9999.0 -9999.0 -9999.0 -9999.0 -9999.0 -9999.0 -9999.0 -9999.0 -9999.0 -9999.0 -9999.0 -9999.0 -9999.0 -9999.0 -9999.0 -9999.0 -9999.0 -9999.0 -9999.0 -9999.0 -9999.0 -9999.0 -9999.0 -9999.0 -9999.0 -9999.0 -9999.0 -9999.0 -9999.0 -9999.0 -9999.0 -9999.0 -9999.0 -9999.0 -9999.0 -9999.0 -9999.0 -9999.0 -9999.0 -9999.0 -9999.0 -9999.0 -9999.0 -9999.0 -9999.0 -9999.0 -9999.0 -9999.0 -9999.0 -9999.0 -9999.0 -9999.0 -9999.0 -9999.0 -9999.0 -9999.0 -9999.0 -9999.0 -9999.0 -9999.0 -9999.0 -9999.0 -9999.0 -9999.0 -9999.0 -9999.0 -9999.0 -9999.0 -9999.0 -9999.0 -9999.0 -9999.0 -9999.0 -9999.0 -9999.0 -9999.0 -9999.0 -9999.0 -9999.0 -9999.0 -9999.0 -9999.0 -9999.0 -9999.0 -9999.0 -9999.0 -9999.0 -9999.0 -9999.0 -9999.0 -9999.0 -9999.0 -9999.0 -9999.0
-9999.0 -9999.0 -9999.0 -9999.0 -9999.0 -9999.0 -9999.0 -9999.0 -9999.0 -9999.0 -9999.0 -9999.0 -9999.0 -9999.0 -9999.0 -9999.0 -9999.0 -9999.0 -9999.0 -9999.0 -9999.0 -9999.0 -9999.0 -9999.0 -9999.0 -9999.0 -9999.0 -9999.0 -9999.0 -9999.0 -9999.0 -9999.0 -9999.0 -9999.0 -9999.0 -9999.0 -9999.0 -9999.0 -9999.0 -9999.0 -9999.0 -9999.0 -9999.0 -9999.0 -9999.0 -9999.0 -9999.0 -9999.0 -9999.0 -9999.0 -9999.0 -9999.0 -9999.0 -9999.0 -9999.0 -9999.0 -9999.0 -9999.0 -9999.0 -9999.0 -9999.0 -9999.0 -9999.0 -9999.0 -9999.0 -9999.0 -9999.0 -9999.0 -9999.0 -9999.0 -9999.0 -9999.0 -9999.0 -9999.0 -9999.0 -9999.0 -9999.0 -9999.0 -9999.0 -9999.0 -9999.0 -9999.0 -9999.0 -9999.0 -9999.0 -9999.0 -9999.0 -9999.0 -9999.0 -9999.0 -9999.0 -9999.0 -9999.0 -9999.0 -9999.0 -9999.0 -9999.0 -9999.0 -9999.0 -9999.0 -9999.0 -9999.0 -9999.0 -9999.0
-9999.0 -9999.0 28.949757 -63.057933 -159.410894 -256.706766 -354.341835 -452.081014 -549.801108 -647.390893 -744.628247 -841.332934 -937.368271 -1032.546339 -1127.608588 -1222.359738 -1315.411049 -1406.453122 -1495.291133 -1579.094325 -1651.635351 -1708.909749 -1750.884165 -1780.149004 -1799.996632 -1813.307013 -1822.218179 -1828.191434 -1832.193815 -1834.866147 -1836.640164 -1837.810138 -1838.577033 -1839.077162 -1839.402215 -1839.615114 -1839.765945 -1839.923235 -1840.328588 -1842.187040 -1849.064688 -1835.100874 -1140.394928 -1136.955275 -1126.437667 -1119.745290 -1116.603505 -1116.137573 -1116.088887 -1116.095420 -1116.110212 -1116.126031 -1116.141226 -1116.155293 -1116.168302 -1116.182982 -1116.225451 -1116.505453 -1118.184418 -1121.949643 -1127.652194 -1123.671105 -1814.126406 -1844.000420 -1841.135754 -1840.261549 -1840.111254 -1840.087835 -1840.084811 -1840.085191 -1840.086030 -1840.086781 -1840.087370 -1840.087818 -1840.088161 -1840.088427 -1840.088637 -1840.088807 -1840.088949 -1840.089074 -1840.089198 -1840.089335 -1840.089507 -1840.089748 -1840.090103 -1840.090651 -1840.091512 -1840.092891 -1840.095132 -1840.098840 -1840.105106 -1840.115976 -1840.135389 -1840.171105 -1840.238636 -1840.369419 -1840.628937 -1841.161204 -1842.309888 -1844.978443 -1851.902284 -1873.777135 -9999.0 -9999.0
-9999.0 -9999.0 28.962940 -63.055736 -159.410346 -256.706607 -354.341784 -452.080997 -549.801102 -647.390890 -744.628246 -841.332933 -937.368271 -1032.546339 -1127.608588 -1222.359738 -1315.411049 -1406.453122 -1495.291133 -1579.094326 -1651.635351 -1708.909750 -1750.884166 -1780.149004 -1799.996632 -1813.307013 -1822.218179 -1828.191434 -1832.193815 -1834.866147 -1836.640164 -1837.810138 -1838.577033 -1839.077162 -1839.402215 -1839.615114 -1839.765945 -1839.923235 -1840.328588 -1842.187040 -1849.064687 -1835.100874 -1140.394928 -1136.955275 -1126.437667 -1119.745290 -1116.603505 -1116.137573 -1116.088887 -1116.095420 -1116.110212 -1116.126031 -1116.141226 -1116.155293 -1116.168302 -1116.182982 -1116.225451 -1116.505453 -1118.184418 -1121.949643 -1127.652194 -1123.671105 -1814.126406 -1844.000420 -1841.135754 -1840.261549 -1840.111254 -1840.087835 -1840.084811 -1840.085191 -1840.086030 -1840.086781 -1840.087370 -1840.087818 -1840.088161 -1840.088427 -1840.088637 -1840.088807 -1840.088949 -1840.089074 -1840.089198 -1840.089335 -1840.089507 -1840.089748 -1840.090103 -1840.090651 -1840.091512 -1840.092891 -1840.095132 -1840.098840 -1840.105106 -1840.115976 -1840.135389 -1840.171105 -1840.238636 -1840.369419 -1840.628937 -1841.161204 -1842.309888 -1844.978443 -1851.902284 -1873.777135 -9999.0 -9999.0
-9999.0 -9999.0 28.964158 -63.054861 -159.410001 -256.706482 -354.341740 -452.080981 -549.801096 -647.390888 -744.628245 -841.332933 -937.368271 -1032.546339 -1127.608588 -1222.359738 -1315.411049 -1406.453122 -1495.291133 -1579.094326 -1651.635351 -1708.909750 -1750.884166 -1780.149004 -1799.996632 -1813.307013 -1822.218179 -1828.191434 -1832.193815 -1834.866147 -1836.640164 -1837.810138 -1838.577033 -1839.077162 -1839.402215 -1839.615114 -1839.765945 -1839.923235 -1840.328588 -1842.187040 -1849.064687 -1835.100874 -1140.394928 -1136.955275 -1126.437667 -1119.745290 -1116.603505 -1116.137573 -1116.088887 -1116.095420 -1116.110212 -1116.126031 -1116.141226 -1116.155293 -1116.168302 -1116.182982 -1116.225451 -1116.505453 -1118.184418 -1121.949643 -1127.652194 -1123.671105 -1814.126406 -1844.000420 -1841.135754 -1840.261549 -1840.111254 -1840.087835 -1840.084811 -1840.085191 -1840.086030 -1840.086781 -1840.087370 -1840.087818 -1840.088161 -1840.088427 -1840.088637 -1840.088807 -1840.088949 -1840.089074 -1840.089198 -1840.089335 -1840.089507 -1840.089748 -1840.090103 -1840.090651 -1840.091512 -1840.092891 -1840.095132 -1840.098840 -1840.105106 -1840.115976 -1840.135389 -1840.171105 -1840.238636 -1840.369419 -1840.628937 -1841.161204 -1842.309888 -1844.978443 -1851.902284 -1873.777135 -9999.0 -9999.0
-9999.0 -9999.0 28.964158 -63.054861 -159.410001 -256.706482 -354.341740 -452.080981 -549.801096 -647.390888 -744.628245 -841.332933 -937.368271 -1032.546339 -1127.608588 -1222.359738 -1315.411049 -1406.453122 -1495.291133 -1579.094326 -1651.635351 -1708.909750 -1750.884166 -1780.149004 -1799.996632 -1813.307013 -1822.218179 -1828.191434 -1832.193815 -1834.866147 -1836.640164 -1837.810138 -1838.577033 -1839.077162 -1839.402215 -1839.615114 -1839.765945 -1839.923235 -1840.328588 -1842.187040 -1849.064687 -1835.100874 -1140.394928 -1136.955275 -1126.437667 -1119.745290 -1116.603505 -1116.137573 -1116.088887 -1116.095420 -1116.110212 -1116.126031 -1116.141226 -1116.155293 -1116.168302 -1116.182982 -1116.225451 -1116.505453 -1118.184418 -1121.949643 -1127.652194 -1123.671105 -1814.126406 -1844.000420 -1841.135754 -1840.261549 -1840.111254 -1840.087835 -1840.084811 -1840.085191 -1840.086030 -1840.086781 -1840.087370 -1840.087818 -1840.088161 -1840.088427 -1840.088637 -1840.088807 -1840.088949 -1840.089074 -1840.089198 -1840.089335 -1840.089507 -1840.089748 -1840.090103 -1840.090651 -1840.091512 -1840.092891 -1840.095132 -1840.098840 -1840.105106 -1840.115976 -1840.135389 -1840.171105 -1840.238636 -1840.369419 -1840.628937 -1841.161204 -1842.309888 -1844.978443 -1851.902284 -1873.777135 -9999.0 -9999.0
-9999.0 -9999.0 28.962940 -63.055736 -159.410347 -256.706607 -354.341784 -452.080997 -549.801102 -647.390890 -744.628246 -841.332933 -937.368271 -1032.546339 -1127.608588 -1222.359738 -1315.411049 -1406.453122 -1495.291133 -1579.094326 -1651.635351 -1708.909750 -1750.884166 -1780.149004 -1799.996632 -1813.307013 -1822.218179 -1828.191434 -1832.193815 -1834.866147 -1836.640164 -1837.810138 -1838.577033 -1839.077162 -1839.402215 -1839.615114 -1839.765945 -1839.923235 -1840.328588 -1842.187040 -1849.064687 -1835.100874 -1140.394928 -1136.955275 -1126.437667 -1119.745290 -1116.603505 -1116.137573 -1116.088887 -1116.095420 -1116.110212 -1116.126031 -1116.141226 -1116.155293 -1116.168302 -1116.182982 -1116.225451 -1116.505453 -1118.184418 -1121.949643 -1127.652194 -1123.671105 -1814.126406 -1844.000420 -1841.135754 -1840.261549 -1840.111254 -1840.087835 -1840.084811 -1840.085191 -1840.086030 -1840.086781 -1840.087370 -1840.087818 -1840.088161 -1840.088427 -1840.088637 -1840.088807 -1840.088949 -1840.089074 -1840.089198 -1840.089335 -1840.089507 -1840.089748 -1840.090103 -1840.090651 -1840.091512 -1840.092891 -1840.095132 -1840.098840 -1840.105106 -1840.115976 -1840.135389 -1840.171105 -1840.238636 -1840.369419 -1840.628937 -1841.161204 -1842.309888 -1844.978443 -1851.902284 -1873.777135 -9999.0 -9999.0
-9999.0 -9999.0 28.949757 -63.057933 -159.410894 -256.706766 -354.341835 -452.081014 -549.801108 -647.390893 -744.628247 -841.332934 -937.368271 -1032.546339 -1127.608588 -1222.359738 -1315.411049 -1406.453122 -1495.291133 -1579.094325 -1651.635351 -1708.909749 -1750.884165 -1780.149004 -1799.996632 -1813.307013 -1822.218179 -1828.191434 -1832.193815 -1834.866147 -1836.640164 -1837.810138 -1838.577033 -1839.077162 -1839.402215 -1839.615114 -1839.765945 -1839.923235 -1840.328588 -1842.187040 -1849.064688 -1835.100874 -1140.394928 -1136.955275 -1126.437667 -1119.745290 -1116.603505 -1116.137573 -1116.088887 -1116.095420 -1116.110212 -1116.126031 -1116.141226 -1116.155293 -1116.168302 -1116.182982 -1116.225451 -1116.505453 -1118.184418 -1121.949643 -1127.652194 -1123.671105 -1814.126406 -1844.000420 -1841.135754 -1840.261549 -1840.111254 -1840.087835 -1840.084811 -1840.085191 -1840.086030 -1840.086781 -1840.087370 -1840.087818 -1840.088161 -1840.088427 -1840.088637 -1840.088807 -1840.088949 -1840.089074 -1840.089198 -1840.089335 -1840.089507 -1840.089748 -1840.090103 -1840.090651 -1840.091512 -1840.092891 -1840.095132 -1840.098840 -1840.105106 -1840.115976 -1840.135389 -1840.171105 -1840.238636 -1840.369419 -1840.628937 -1841.161204 -1842.309888 -1844.978443 -1851.902284 -1873.777135 -9999.0 -9999.0
-9999.0 -9999.0 -9999.0 -9999.0 -9999.0 -9999.0 -9999.0 -9999.0 -9999.0 -9999.0 -9999.0 -9999.0 -9999.0 -9999.0 -9999.0 -9999.0 -9999.0 -9999.0 -9999.0 -9999.0 -9999.0 -9999.0 -9999.0 -9999.0 -9999.0 -9999.0 -9999.0 -9999.0 -9999.0 -9999.0 -9999.0 -9999.0 -9999.0 -9999.0 -9999.0 -9999.0 -9999.0 -9999.0 -9999.0 -9999.0 -9999.0 -9999.0 -9999.0 -9999.0 -9999.0 -9999.0 -9999.0 -9999.0 -9999.0 -9999.0 -9999.0 -9999.0 -9999.0 -9999.0 -9999.0 -9999.0 -9999.0 -9999.0 -9999.0 -9999.0 -9999.0 -9999.0 -9999.0 -9999.0 -9999.0 -9999.0 -9999.0 -9999.0 -9999.0 -9999.0 -9999.0 -9999.0 -9999.0 -9999.0 -9999.0 -9999.0 -9999.0 -9999.0 -9999.0 -9999.0 -9999.0 -9999.0 -9999.0 -9999.0 -9999.0 -9999.0 -9999.0 -9999.0 -9999.0 -9999.0 -9999.0 -9999.0 -9999.0 -9999.0 -9999.0 -9999.0 -9999.0 -9999.0 -9999.0 -9999.0 -9999.0 -9999.0 -9999.0 -9999.0
-9999.0 -9999.0 -9999.0 -9999.0 -9999.0 -9999.0 -9999.0 -9999.0 -9999.0 -9999.0 -9999.0 -9999.0 -9999.0 -9999.0 -9999.0 -9999.0 -9999.0 -9999.0 -9999.0 -9999.0 -9999.0 -9999.0 -9999.0 -9999.0 -9999.0 -9999.0 -9999.0 -9999.0 -9999.0 -9999.0 -9999.0 -9999.0 -9999.0 -9999.0 -9999.0 -9999.0 -9999.0 -9999.0 -9999.0 -9999.0 -9999.0 -9999.0 -9999.0 -9999.0 -9999.0 -9999.0 -9999.0 -9999.0 -9999.0 -9999.0 -9999.0 -9999.0 -9999.0 -9999.0 -9999.0 -9999.0 -9999.0 -9999.0 -9999.0 -9999.0 -9999.0 -9999.0 -9999.0 -9999.0 -9999.0 -9999.0 -9999.0 -9999.0 -9999.0 -9999.0 -9999.0 -9999.0 -9999.0 -9999.0 -9999.0 -9999.0 -9999.0 -9999.0 -9999.0 -9999.0 -9999.0 -9999.0 -9999.0 -9999.0 -9999.0 -9999.0 -9999.0 -9999.0 -9999.0 -9999.0 -9999.0 -9999.0 -9999.0 -9999.0 -9999.0 -9999.0 -9999.0 -9999.0 -9999.0 -9999.0 -9999.0 -9999.0 -9999.0 -9999.0