inst/processing_geotop_simulation/geotop_simulation/out/maps3D/PwL0005N0169.asc
ncols         104
nrows         10
xllcorner     -2.000000
yllcorner     0.000000
cellsize      1.000000
NODATA_value  -9999.0
-9999.0 -9999.0 -9999.0 -9999.0 -9999.0 -9999.0 -9999.0 -9999.0 -9999.0 -9999.0 -9999.0 -9999.0 -9999.0 -9999.0 -9999.0 -9999.0 -9999.0 -9999.0 -9999.0 -9999.0 -9999.0 -9999.0 -9999.0 -9999.0 -9999.0 -9999.0 -9999.0 -9999.0 -9999.0 -9999.0 -9999.0 -9999.0 -9999.0 -9999.0 -9999.0 -9999.0 -9999.0 -9999.0 -9999.0 -9999.0 -9999.0 -9999.0 -9999.0 -9999.0 -9999.0 -9999.0 -9999.0 -9999.0 -9999.0 -9999.0 -9999.0 -9999.0 -9999.0 -9999.0 -9999.0 -9999.0 -9999.0 -9999.0 -9999.0 -9999.0 -9999.0 -9999.0 -9999.0 -9999.0 -9999.0 -9999.0 -9999.0 -9999.0 -9999.0 -9999.0 -9999.0 -9999.0 -9999.0 -9999.0 -9999.0 -9999.0 -9999.0 -9999.0 -9999.0 -9999.0 -9999.0 -9999.0 -9999.0 -9999.0 -9999.0 -9999.0 -9999.0 -9999.0 -9999.0 -9999.0 -9999.0 -9999.0 -9999.0 -9999.0 -9999.0 -9999.0 -9999.0 -9999.0 -9999.0 -9999.0 -9999.0 -9999.0 -9999.0 -9999.0
-9999.0 -9999.0 -9999.0 -9999.0 -9999.0 -9999.0 -9999.0 -9999.0 -9999.0 -9999.0 -9999.0 -9999.0 -9999.0 -9999.0 -9999.0 -9999.0 -9999.0 -9999.0 -9999.0 -9999.0 -9999.0 -9999.0 -9999.0 -9999.0 -9999.0 -9999.0 -9999.0 -9999.0 -9999.0 -9999.0 -9999.0 -9999.0 -9999.0 -9999.0 -9999.0 -9999.0 -9999.0 -9999.0 -9999.0 -9999.0 -9999.0 -9999.0 -9999.0 -9999.0 -9999.0 -9999.0 -9999.0 -9999.0 -9999.0 -9999.0 -9999.0 -9999.0 -9999.0 -9999.0 -9999.0 -9999.0 -9999.0 -9999.0 -9999.0 -9999.0 -9999.0 -9999.0 -9999.0 -9999.0 -9999.0 -9999.0 -9999.0 -9999.0 -9999.0 -9999.0 -9999.0 -9999.0 -9999.0 -9999.0 -9999.0 -9999.0 -9999.0 -9999.0 -9999.0 -9999.0 -9999.0 -9999.0 -9999.0 -9999.0 -9999.0 -9999.0 -9999.0 -9999.0 -9999.0 -9999.0 -9999.0 -9999.0 -9999.0 -9999.0 -9999.0 -9999.0 -9999.0 -9999.0 -9999.0 -9999.0 -9999.0 -9999.0 -9999.0 -9999.0
-9999.0 -9999.0 231.926077 141.803387 47.316660 -48.519773 -144.876562 -241.435995 -338.010747 -434.467547 -530.604787 -625.930333 -720.239890 -814.073949 -907.775554 -1001.759007 -1095.071224 -1187.163691 -1277.902526 -1360.339088 -1426.324847 -1474.656196 -1507.797893 -1529.636558 -1543.808364 -1553.043675 -1559.155435 -1563.266652 -1566.059634 -1567.960379 -1569.249016 -1570.117085 -1570.697876 -1571.083963 -1571.339124 -1571.508669 -1571.631468 -1571.762170 -1572.088513 -1573.731406 -1581.757263 -1594.525228 -1052.011178 -1066.683349 -1048.853057 -1037.710695 -1032.518642 -1031.794721 -1031.720780 -1031.730713 -1031.753051 -1031.776908 -1031.799815 -1031.821013 -1031.840590 -1031.862460 -1031.924850 -1032.347450 -1035.072914 -1041.234562 -1050.770738 -1023.927943 -1571.830651 -1577.123066 -1572.908261 -1572.069677 -1571.939749 -1571.919613 -1571.917231 -1571.917929 -1571.919001 -1571.919928 -1571.920647 -1571.921194 -1571.921611 -1571.921934 -1571.922189 -1571.922395 -1571.922566 -1571.922718 -1571.922865 -1571.923029 -1571.923235 -1571.923520 -1571.923942 -1571.924590 -1571.925610 -1571.927240 -1571.929883 -1571.934245 -1571.941591 -1571.954282 -1571.976855 -1572.018220 -1572.096137 -1572.246373 -1572.542401 -1573.142238 -1574.413309 -1577.293989 -1584.501715 -1606.284288 -9999.0 -9999.0
-9999.0 -9999.0 231.936106 141.805579 47.317226 -48.519607 -144.876510 -241.435977 -338.010741 -434.467544 -530.604786 -625.930333 -720.239890 -814.073949 -907.775554 -1001.759007 -1095.071224 -1187.163691 -1277.902526 -1360.339088 -1426.324847 -1474.656196 -1507.797893 -1529.636558 -1543.808364 -1553.043675 -1559.155435 -1563.266652 -1566.059634 -1567.960379 -1569.249016 -1570.117085 -1570.697876 -1571.083963 -1571.339124 -1571.508669 -1571.631468 -1571.762170 -1572.088513 -1573.731406 -1581.757263 -1594.525228 -1052.011178 -1066.683348 -1048.853057 -1037.710695 -1032.518642 -1031.794721 -1031.720780 -1031.730713 -1031.753051 -1031.776908 -1031.799815 -1031.821013 -1031.840590 -1031.862460 -1031.924850 -1032.347450 -1035.072914 -1041.234562 -1050.770738 -1023.927943 -1571.830651 -1577.123066 -1572.908261 -1572.069677 -1571.939749 -1571.919613 -1571.917231 -1571.917929 -1571.919001 -1571.919928 -1571.920647 -1571.921194 -1571.921611 -1571.921934 -1571.922189 -1571.922395 -1571.922566 -1571.922718 -1571.922865 -1571.923029 -1571.923235 -1571.923520 -1571.923942 -1571.924590 -1571.925610 -1571.927240 -1571.929883 -1571.934245 -1571.941591 -1571.954282 -1571.976855 -1572.018220 -1572.096137 -1572.246373 -1572.542401 -1573.142238 -1574.413309 -1577.293989 -1584.501715 -1606.284288 -9999.0 -9999.0
-9999.0 -9999.0 231.937682 141.806479 47.317583 -48.519477 -144.876464 -241.435961 -338.010735 -434.467542 -530.604785 -625.930333 -720.239890 -814.073949 -907.775554 -1001.759007 -1095.071224 -1187.163691 -1277.902526 -1360.339089 -1426.324847 -1474.656196 -1507.797893 -1529.636558 -1543.808364 -1553.043675 -1559.155435 -1563.266652 -1566.059634 -1567.960379 -1569.249016 -1570.117085 -1570.697876 -1571.083963 -1571.339124 -1571.508669 -1571.631468 -1571.762170 -1572.088513 -1573.731406 -1581.757263 -1594.525228 -1052.011178 -1066.683348 -1048.853057 -1037.710695 -1032.518642 -1031.794721 -1031.720780 -1031.730713 -1031.753051 -1031.776908 -1031.799815 -1031.821013 -1031.840590 -1031.862460 -1031.924850 -1032.347450 -1035.072914 -1041.234562 -1050.770738 -1023.927943 -1571.830651 -1577.123066 -1572.908261 -1572.069677 -1571.939749 -1571.919613 -1571.917231 -1571.917929 -1571.919001 -1571.919928 -1571.920647 -1571.921194 -1571.921611 -1571.921934 -1571.922189 -1571.922395 -1571.922566 -1571.922718 -1571.922865 -1571.923029 -1571.923235 -1571.923520 -1571.923942 -1571.924590 -1571.925610 -1571.927240 -1571.929883 -1571.934245 -1571.941591 -1571.954282 -1571.976855 -1572.018220 -1572.096137 -1572.246373 -1572.542401 -1573.142238 -1574.413309 -1577.293989 -1584.501715 -1606.284288 -9999.0 -9999.0
-9999.0 -9999.0 231.937682 141.806479 47.317584 -48.519477 -144.876464 -241.435961 -338.010735 -434.467542 -530.604785 -625.930332 -720.239890 -814.073949 -907.775554 -1001.759007 -1095.071224 -1187.163692 -1277.902526 -1360.339089 -1426.324847 -1474.656196 -1507.797893 -1529.636558 -1543.808364 -1553.043675 -1559.155435 -1563.266652 -1566.059634 -1567.960379 -1569.249016 -1570.117085 -1570.697876 -1571.083963 -1571.339124 -1571.508669 -1571.631468 -1571.762170 -1572.088513 -1573.731406 -1581.757263 -1594.525228 -1052.011178 -1066.683348 -1048.853057 -1037.710695 -1032.518642 -1031.794721 -1031.720780 -1031.730713 -1031.753051 -1031.776908 -1031.799815 -1031.821013 -1031.840590 -1031.862460 -1031.924850 -1032.347450 -1035.072914 -1041.234562 -1050.770738 -1023.927943 -1571.830651 -1577.123066 -1572.908261 -1572.069677 -1571.939749 -1571.919613 -1571.917231 -1571.917929 -1571.919001 -1571.919928 -1571.920647 -1571.921194 -1571.921611 -1571.921934 -1571.922189 -1571.922395 -1571.922566 -1571.922718 -1571.922865 -1571.923029 -1571.923235 -1571.923520 -1571.923942 -1571.924590 -1571.925610 -1571.927240 -1571.929883 -1571.934245 -1571.941591 -1571.954282 -1571.976855 -1572.018220 -1572.096137 -1572.246373 -1572.542401 -1573.142238 -1574.413309 -1577.293989 -1584.501715 -1606.284288 -9999.0 -9999.0
-9999.0 -9999.0 231.936106 141.805579 47.317226 -48.519607 -144.876510 -241.435977 -338.010741 -434.467545 -530.604786 -625.930333 -720.239890 -814.073949 -907.775554 -1001.759007 -1095.071224 -1187.163691 -1277.902526 -1360.339088 -1426.324847 -1474.656196 -1507.797893 -1529.636558 -1543.808364 -1553.043675 -1559.155435 -1563.266652 -1566.059634 -1567.960379 -1569.249016 -1570.117085 -1570.697876 -1571.083963 -1571.339124 -1571.508669 -1571.631468 -1571.762170 -1572.088513 -1573.731406 -1581.757263 -1594.525228 -1052.011178 -1066.683348 -1048.853057 -1037.710695 -1032.518642 -1031.794721 -1031.720780 -1031.730713 -1031.753051 -1031.776908 -1031.799815 -1031.821013 -1031.840590 -1031.862460 -1031.924850 -1032.347450 -1035.072914 -1041.234562 -1050.770738 -1023.927943 -1571.830651 -1577.123066 -1572.908261 -1572.069677 -1571.939749 -1571.919613 -1571.917231 -1571.917929 -1571.919001 -1571.919928 -1571.920647 -1571.921194 -1571.921611 -1571.921934 -1571.922189 -1571.922395 -1571.922566 -1571.922718 -1571.922865 -1571.923029 -1571.923235 -1571.923520 -1571.923942 -1571.924590 -1571.925610 -1571.927240 -1571.929883 -1571.934245 -1571.941591 -1571.954282 -1571.976855 -1572.018220 -1572.096137 -1572.246373 -1572.542401 -1573.142238 -1574.413309 -1577.293989 -1584.501715 -1606.284288 -9999.0 -9999.0
-9999.0 -9999.0 231.926077 141.803387 47.316660 -48.519773 -144.876562 -241.435995 -338.010747 -434.467547 -530.604787 -625.930333 -720.239890 -814.073949 -907.775554 -1001.759007 -1095.071224 -1187.163691 -1277.902526 -1360.339088 -1426.324847 -1474.656196 -1507.797893 -1529.636558 -1543.808364 -1553.043675 -1559.155435 -1563.266652 -1566.059634 -1567.960379 -1569.249016 -1570.117085 -1570.697876 -1571.083963 -1571.339124 -1571.508669 -1571.631468 -1571.762170 -1572.088513 -1573.731406 -1581.757263 -1594.525228 -1052.011178 -1066.683349 -1048.853057 -1037.710695 -1032.518642 -1031.794721 -1031.720780 -1031.730713 -1031.753051 -1031.776908 -1031.799815 -1031.821013 -1031.840590 -1031.862460 -1031.924850 -1032.347450 -1035.072914 -1041.234562 -1050.770738 -1023.927943 -1571.830651 -1577.123066 -1572.908261 -1572.069677 -1571.939749 -1571.919613 -1571.917231 -1571.917929 -1571.919001 -1571.919928 -1571.920647 -1571.921194 -1571.921611 -1571.921934 -1571.922189 -1571.922395 -1571.922566 -1571.922718 -1571.922865 -1571.923029 -1571.923235 -1571.923520 -1571.923942 -1571.924590 -1571.925610 -1571.927240 -1571.929883 -1571.934245 -1571.941591 -1571.954282 -1571.976855 -1572.018220 -1572.096137 -1572.246373 -1572.542401 -1573.142238 -1574.413309 -1577.293989 -1584.501715 -1606.284288 -9999.0 -9999.0
-9999.0 -9999.0 -9999.0 -9999.0 -9999.0 -9999.0 -9999.0 -9999.0 -9999.0 -9999.0 -9999.0 -9999.0 -9999.0 -9999.0 -9999.0 -9999.0 -9999.0 -9999.0 -9999.0 -9999.0 -9999.0 -9999.0 -9999.0 -9999.0 -9999.0 -9999.0 -9999.0 -9999.0 -9999.0 -9999.0 -9999.0 -9999.0 -9999.0 -9999.0 -9999.0 -9999.0 -9999.0 -9999.0 -9999.0 -9999.0 -9999.0 -9999.0 -9999.0 -9999.0 -9999.0 -9999.0 -9999.0 -9999.0 -9999.0 -9999.0 -9999.0 -9999.0 -9999.0 -9999.0 -9999.0 -9999.0 -9999.0 -9999.0 -9999.0 -9999.0 -9999.0 -9999.0 -9999.0 -9999.0 -9999.0 -9999.0 -9999.0 -9999.0 -9999.0 -9999.0 -9999.0 -9999.0 -9999.0 -9999.0 -9999.0 -9999.0 -9999.0 -9999.0 -9999.0 -9999.0 -9999.0 -9999.0 -9999.0 -9999.0 -9999.0 -9999.0 -9999.0 -9999.0 -9999.0 -9999.0 -9999.0 -9999.0 -9999.0 -9999.0 -9999.0 -9999.0 -9999.0 -9999.0 -9999.0 -9999.0 -9999.0 -9999.0 -9999.0 -9999.0
-9999.0 -9999.0 -9999.0 -9999.0 -9999.0 -9999.0 -9999.0 -9999.0 -9999.0 -9999.0 -9999.0 -9999.0 -9999.0 -9999.0 -9999.0 -9999.0 -9999.0 -9999.0 -9999.0 -9999.0 -9999.0 -9999.0 -9999.0 -9999.0 -9999.0 -9999.0 -9999.0 -9999.0 -9999.0 -9999.0 -9999.0 -9999.0 -9999.0 -9999.0 -9999.0 -9999.0 -9999.0 -9999.0 -9999.0 -9999.0 -9999.0 -9999.0 -9999.0 -9999.0 -9999.0 -9999.0 -9999.0 -9999.0 -9999.0 -9999.0 -9999.0 -9999.0 -9999.0 -9999.0 -9999.0 -9999.0 -9999.0 -9999.0 -9999.0 -9999.0 -9999.0 -9999.0 -9999.0 -9999.0 -9999.0 -9999.0 -9999.0 -9999.0 -9999.0 -9999.0 -9999.0 -9999.0 -9999.0 -9999.0 -9999.0 -9999.0 -9999.0 -9999.0 -9999.0 -9999.0 -9999.0 -9999.0 -9999.0 -9999.0 -9999.0 -9999.0 -9999.0 -9999.0 -9999.0 -9999.0 -9999.0 -9999.0 -9999.0 -9999.0 -9999.0 -9999.0 -9999.0 -9999.0 -9999.0 -9999.0 -9999.0 -9999.0 -9999.0 -9999.0