inst/processing_geotop_simulation/geotop_simulation/out/maps3D/PwL0006N0344.asc
ncols         104
nrows         10
xllcorner     -2.000000
yllcorner     0.000000
cellsize      1.000000
NODATA_value  -9999.0
-9999.0 -9999.0 -9999.0 -9999.0 -9999.0 -9999.0 -9999.0 -9999.0 -9999.0 -9999.0 -9999.0 -9999.0 -9999.0 -9999.0 -9999.0 -9999.0 -9999.0 -9999.0 -9999.0 -9999.0 -9999.0 -9999.0 -9999.0 -9999.0 -9999.0 -9999.0 -9999.0 -9999.0 -9999.0 -9999.0 -9999.0 -9999.0 -9999.0 -9999.0 -9999.0 -9999.0 -9999.0 -9999.0 -9999.0 -9999.0 -9999.0 -9999.0 -9999.0 -9999.0 -9999.0 -9999.0 -9999.0 -9999.0 -9999.0 -9999.0 -9999.0 -9999.0 -9999.0 -9999.0 -9999.0 -9999.0 -9999.0 -9999.0 -9999.0 -9999.0 -9999.0 -9999.0 -9999.0 -9999.0 -9999.0 -9999.0 -9999.0 -9999.0 -9999.0 -9999.0 -9999.0 -9999.0 -9999.0 -9999.0 -9999.0 -9999.0 -9999.0 -9999.0 -9999.0 -9999.0 -9999.0 -9999.0 -9999.0 -9999.0 -9999.0 -9999.0 -9999.0 -9999.0 -9999.0 -9999.0 -9999.0 -9999.0 -9999.0 -9999.0 -9999.0 -9999.0 -9999.0 -9999.0 -9999.0 -9999.0 -9999.0 -9999.0 -9999.0 -9999.0
-9999.0 -9999.0 -9999.0 -9999.0 -9999.0 -9999.0 -9999.0 -9999.0 -9999.0 -9999.0 -9999.0 -9999.0 -9999.0 -9999.0 -9999.0 -9999.0 -9999.0 -9999.0 -9999.0 -9999.0 -9999.0 -9999.0 -9999.0 -9999.0 -9999.0 -9999.0 -9999.0 -9999.0 -9999.0 -9999.0 -9999.0 -9999.0 -9999.0 -9999.0 -9999.0 -9999.0 -9999.0 -9999.0 -9999.0 -9999.0 -9999.0 -9999.0 -9999.0 -9999.0 -9999.0 -9999.0 -9999.0 -9999.0 -9999.0 -9999.0 -9999.0 -9999.0 -9999.0 -9999.0 -9999.0 -9999.0 -9999.0 -9999.0 -9999.0 -9999.0 -9999.0 -9999.0 -9999.0 -9999.0 -9999.0 -9999.0 -9999.0 -9999.0 -9999.0 -9999.0 -9999.0 -9999.0 -9999.0 -9999.0 -9999.0 -9999.0 -9999.0 -9999.0 -9999.0 -9999.0 -9999.0 -9999.0 -9999.0 -9999.0 -9999.0 -9999.0 -9999.0 -9999.0 -9999.0 -9999.0 -9999.0 -9999.0 -9999.0 -9999.0 -9999.0 -9999.0 -9999.0 -9999.0 -9999.0 -9999.0 -9999.0 -9999.0 -9999.0 -9999.0
-9999.0 -9999.0 274.890336 177.412015 78.876470 -20.013888 -119.041008 -218.123928 -317.219699 -416.297731 -515.323200 -614.218513 -712.828286 -811.334474 -909.706446 -1008.049157 -1106.304139 -1203.564553 -1299.564607 -1393.405584 -1483.400725 -1566.751220 -1640.281161 -1701.805296 -1750.844990 -1788.394684 -1816.256554 -1836.435585 -1850.776811 -1860.816247 -1867.758508 -1872.511447 -1875.739643 -1877.918737 -1879.383510 -1880.368840 -1881.049562 -1881.611269 -1882.482642 -1884.945072 -1889.491043 -1854.935125 -1186.078263 -1211.744320 -1194.684974 -1183.486010 -1178.256232 -1177.476455 -1177.393388 -1177.401071 -1177.421774 -1177.444065 -1177.465492 -1177.485336 -1177.503781 -1177.525478 -1177.594274 -1178.057366 -1180.827120 -1186.992299 -1194.976874 -1157.715030 -1827.582139 -1883.011441 -1883.510794 -1882.677133 -1882.465196 -1882.426626 -1882.420727 -1882.420328 -1882.420766 -1882.421244 -1882.421635 -1882.421939 -1882.422175 -1882.422360 -1882.422508 -1882.422630 -1882.422733 -1882.422827 -1882.422921 -1882.423025 -1882.423155 -1882.423333 -1882.423594 -1882.423992 -1882.424615 -1882.425611 -1882.427234 -1882.429933 -1882.434533 -1882.442596 -1882.457159 -1882.484265 -1882.536186 -1882.638574 -1882.847711 -1883.295991 -1884.321722 -1886.878416 -1894.046725 -1917.692836 -9999.0 -9999.0
-9999.0 -9999.0 274.898306 177.413845 78.876948 -20.013748 -119.040963 -218.123913 -317.219694 -416.297729 -515.323199 -614.218512 -712.828285 -811.334474 -909.706446 -1008.049158 -1106.304139 -1203.564553 -1299.564607 -1393.405584 -1483.400725 -1566.751221 -1640.281161 -1701.805296 -1750.844990 -1788.394684 -1816.256554 -1836.435585 -1850.776811 -1860.816247 -1867.758508 -1872.511447 -1875.739643 -1877.918737 -1879.383510 -1880.368840 -1881.049562 -1881.611269 -1882.482642 -1884.945072 -1889.491043 -1854.935125 -1186.078263 -1211.744320 -1194.684974 -1183.486010 -1178.256232 -1177.476455 -1177.393388 -1177.401071 -1177.421774 -1177.444065 -1177.465492 -1177.485336 -1177.503781 -1177.525478 -1177.594274 -1178.057366 -1180.827120 -1186.992299 -1194.976874 -1157.715030 -1827.582139 -1883.011441 -1883.510794 -1882.677133 -1882.465196 -1882.426626 -1882.420727 -1882.420328 -1882.420766 -1882.421244 -1882.421635 -1882.421939 -1882.422175 -1882.422360 -1882.422508 -1882.422630 -1882.422733 -1882.422827 -1882.422921 -1882.423025 -1882.423155 -1882.423333 -1882.423594 -1882.423992 -1882.424615 -1882.425611 -1882.427234 -1882.429933 -1882.434533 -1882.442596 -1882.457159 -1882.484265 -1882.536186 -1882.638574 -1882.847711 -1883.295991 -1884.321722 -1886.878416 -1894.046725 -1917.692836 -9999.0 -9999.0
-9999.0 -9999.0 274.899686 177.414611 78.877252 -20.013637 -119.040924 -218.123899 -317.219689 -416.297727 -515.323198 -614.218512 -712.828285 -811.334474 -909.706446 -1008.049158 -1106.304139 -1203.564553 -1299.564607 -1393.405584 -1483.400725 -1566.751221 -1640.281161 -1701.805296 -1750.844990 -1788.394684 -1816.256554 -1836.435585 -1850.776811 -1860.816247 -1867.758508 -1872.511447 -1875.739643 -1877.918737 -1879.383510 -1880.368840 -1881.049562 -1881.611269 -1882.482642 -1884.945072 -1889.491043 -1854.935125 -1186.078263 -1211.744320 -1194.684974 -1183.486010 -1178.256232 -1177.476455 -1177.393388 -1177.401071 -1177.421774 -1177.444065 -1177.465492 -1177.485336 -1177.503781 -1177.525478 -1177.594274 -1178.057366 -1180.827120 -1186.992299 -1194.976874 -1157.715030 -1827.582139 -1883.011441 -1883.510794 -1882.677133 -1882.465196 -1882.426626 -1882.420727 -1882.420328 -1882.420766 -1882.421244 -1882.421635 -1882.421939 -1882.422175 -1882.422360 -1882.422508 -1882.422630 -1882.422733 -1882.422827 -1882.422921 -1882.423025 -1882.423155 -1882.423333 -1882.423594 -1882.423992 -1882.424615 -1882.425611 -1882.427234 -1882.429933 -1882.434533 -1882.442596 -1882.457159 -1882.484265 -1882.536186 -1882.638574 -1882.847711 -1883.295991 -1884.321722 -1886.878416 -1894.046725 -1917.692836 -9999.0 -9999.0
-9999.0 -9999.0 274.899686 177.414611 78.877252 -20.013637 -119.040924 -218.123899 -317.219688 -416.297727 -515.323198 -614.218512 -712.828285 -811.334474 -909.706446 -1008.049158 -1106.304139 -1203.564553 -1299.564607 -1393.405584 -1483.400725 -1566.751221 -1640.281161 -1701.805296 -1750.844990 -1788.394684 -1816.256554 -1836.435585 -1850.776811 -1860.816247 -1867.758508 -1872.511447 -1875.739643 -1877.918737 -1879.383510 -1880.368840 -1881.049562 -1881.611269 -1882.482642 -1884.945072 -1889.491043 -1854.935125 -1186.078263 -1211.744320 -1194.684974 -1183.486010 -1178.256232 -1177.476455 -1177.393388 -1177.401071 -1177.421774 -1177.444065 -1177.465492 -1177.485336 -1177.503781 -1177.525478 -1177.594274 -1178.057366 -1180.827120 -1186.992299 -1194.976874 -1157.715030 -1827.582139 -1883.011441 -1883.510794 -1882.677133 -1882.465196 -1882.426626 -1882.420727 -1882.420328 -1882.420766 -1882.421244 -1882.421635 -1882.421939 -1882.422175 -1882.422360 -1882.422508 -1882.422630 -1882.422733 -1882.422827 -1882.422921 -1882.423025 -1882.423155 -1882.423333 -1882.423594 -1882.423992 -1882.424615 -1882.425611 -1882.427234 -1882.429933 -1882.434533 -1882.442596 -1882.457159 -1882.484265 -1882.536186 -1882.638574 -1882.847711 -1883.295991 -1884.321722 -1886.878416 -1894.046725 -1917.692836 -9999.0 -9999.0
-9999.0 -9999.0 274.898306 177.413845 78.876948 -20.013748 -119.040963 -218.123913 -317.219694 -416.297729 -515.323199 -614.218512 -712.828285 -811.334474 -909.706446 -1008.049157 -1106.304139 -1203.564553 -1299.564607 -1393.405584 -1483.400725 -1566.751221 -1640.281161 -1701.805296 -1750.844990 -1788.394684 -1816.256554 -1836.435585 -1850.776811 -1860.816247 -1867.758508 -1872.511447 -1875.739643 -1877.918737 -1879.383510 -1880.368840 -1881.049562 -1881.611269 -1882.482642 -1884.945072 -1889.491043 -1854.935125 -1186.078263 -1211.744320 -1194.684974 -1183.486010 -1178.256232 -1177.476455 -1177.393388 -1177.401071 -1177.421774 -1177.444065 -1177.465492 -1177.485336 -1177.503781 -1177.525478 -1177.594274 -1178.057366 -1180.827120 -1186.992299 -1194.976874 -1157.715030 -1827.582139 -1883.011441 -1883.510794 -1882.677133 -1882.465196 -1882.426626 -1882.420727 -1882.420328 -1882.420766 -1882.421244 -1882.421635 -1882.421939 -1882.422175 -1882.422360 -1882.422508 -1882.422630 -1882.422733 -1882.422827 -1882.422921 -1882.423025 -1882.423155 -1882.423333 -1882.423594 -1882.423992 -1882.424615 -1882.425611 -1882.427234 -1882.429933 -1882.434533 -1882.442596 -1882.457159 -1882.484265 -1882.536186 -1882.638574 -1882.847711 -1883.295991 -1884.321722 -1886.878416 -1894.046725 -1917.692836 -9999.0 -9999.0
-9999.0 -9999.0 274.890336 177.412015 78.876470 -20.013889 -119.041008 -218.123929 -317.219699 -416.297731 -515.323200 -614.218513 -712.828286 -811.334474 -909.706446 -1008.049157 -1106.304139 -1203.564553 -1299.564607 -1393.405584 -1483.400725 -1566.751220 -1640.281161 -1701.805296 -1750.844990 -1788.394684 -1816.256554 -1836.435585 -1850.776811 -1860.816247 -1867.758508 -1872.511447 -1875.739643 -1877.918737 -1879.383510 -1880.368840 -1881.049562 -1881.611269 -1882.482642 -1884.945072 -1889.491043 -1854.935125 -1186.078263 -1211.744320 -1194.684974 -1183.486010 -1178.256232 -1177.476455 -1177.393388 -1177.401071 -1177.421774 -1177.444065 -1177.465492 -1177.485336 -1177.503781 -1177.525478 -1177.594274 -1178.057366 -1180.827120 -1186.992299 -1194.976874 -1157.715030 -1827.582139 -1883.011441 -1883.510794 -1882.677133 -1882.465196 -1882.426626 -1882.420727 -1882.420328 -1882.420766 -1882.421244 -1882.421635 -1882.421939 -1882.422175 -1882.422360 -1882.422508 -1882.422630 -1882.422733 -1882.422827 -1882.422921 -1882.423025 -1882.423155 -1882.423333 -1882.423594 -1882.423992 -1882.424615 -1882.425611 -1882.427234 -1882.429933 -1882.434533 -1882.442596 -1882.457159 -1882.484265 -1882.536186 -1882.638574 -1882.847711 -1883.295991 -1884.321722 -1886.878416 -1894.046725 -1917.692836 -9999.0 -9999.0
-9999.0 -9999.0 -9999.0 -9999.0 -9999.0 -9999.0 -9999.0 -9999.0 -9999.0 -9999.0 -9999.0 -9999.0 -9999.0 -9999.0 -9999.0 -9999.0 -9999.0 -9999.0 -9999.0 -9999.0 -9999.0 -9999.0 -9999.0 -9999.0 -9999.0 -9999.0 -9999.0 -9999.0 -9999.0 -9999.0 -9999.0 -9999.0 -9999.0 -9999.0 -9999.0 -9999.0 -9999.0 -9999.0 -9999.0 -9999.0 -9999.0 -9999.0 -9999.0 -9999.0 -9999.0 -9999.0 -9999.0 -9999.0 -9999.0 -9999.0 -9999.0 -9999.0 -9999.0 -9999.0 -9999.0 -9999.0 -9999.0 -9999.0 -9999.0 -9999.0 -9999.0 -9999.0 -9999.0 -9999.0 -9999.0 -9999.0 -9999.0 -9999.0 -9999.0 -9999.0 -9999.0 -9999.0 -9999.0 -9999.0 -9999.0 -9999.0 -9999.0 -9999.0 -9999.0 -9999.0 -9999.0 -9999.0 -9999.0 -9999.0 -9999.0 -9999.0 -9999.0 -9999.0 -9999.0 -9999.0 -9999.0 -9999.0 -9999.0 -9999.0 -9999.0 -9999.0 -9999.0 -9999.0 -9999.0 -9999.0 -9999.0 -9999.0 -9999.0 -9999.0
-9999.0 -9999.0 -9999.0 -9999.0 -9999.0 -9999.0 -9999.0 -9999.0 -9999.0 -9999.0 -9999.0 -9999.0 -9999.0 -9999.0 -9999.0 -9999.0 -9999.0 -9999.0 -9999.0 -9999.0 -9999.0 -9999.0 -9999.0 -9999.0 -9999.0 -9999.0 -9999.0 -9999.0 -9999.0 -9999.0 -9999.0 -9999.0 -9999.0 -9999.0 -9999.0 -9999.0 -9999.0 -9999.0 -9999.0 -9999.0 -9999.0 -9999.0 -9999.0 -9999.0 -9999.0 -9999.0 -9999.0 -9999.0 -9999.0 -9999.0 -9999.0 -9999.0 -9999.0 -9999.0 -9999.0 -9999.0 -9999.0 -9999.0 -9999.0 -9999.0 -9999.0 -9999.0 -9999.0 -9999.0 -9999.0 -9999.0 -9999.0 -9999.0 -9999.0 -9999.0 -9999.0 -9999.0 -9999.0 -9999.0 -9999.0 -9999.0 -9999.0 -9999.0 -9999.0 -9999.0 -9999.0 -9999.0 -9999.0 -9999.0 -9999.0 -9999.0 -9999.0 -9999.0 -9999.0 -9999.0 -9999.0 -9999.0 -9999.0 -9999.0 -9999.0 -9999.0 -9999.0 -9999.0 -9999.0 -9999.0 -9999.0 -9999.0 -9999.0 -9999.0