inst/processing_geotop_simulation/geotop_simulation/out/maps3D/PwL0017N0270.asc
ncols         104
nrows         10
xllcorner     -2.000000
yllcorner     0.000000
cellsize      1.000000
NODATA_value  -9999.0
-9999.0 -9999.0 -9999.0 -9999.0 -9999.0 -9999.0 -9999.0 -9999.0 -9999.0 -9999.0 -9999.0 -9999.0 -9999.0 -9999.0 -9999.0 -9999.0 -9999.0 -9999.0 -9999.0 -9999.0 -9999.0 -9999.0 -9999.0 -9999.0 -9999.0 -9999.0 -9999.0 -9999.0 -9999.0 -9999.0 -9999.0 -9999.0 -9999.0 -9999.0 -9999.0 -9999.0 -9999.0 -9999.0 -9999.0 -9999.0 -9999.0 -9999.0 -9999.0 -9999.0 -9999.0 -9999.0 -9999.0 -9999.0 -9999.0 -9999.0 -9999.0 -9999.0 -9999.0 -9999.0 -9999.0 -9999.0 -9999.0 -9999.0 -9999.0 -9999.0 -9999.0 -9999.0 -9999.0 -9999.0 -9999.0 -9999.0 -9999.0 -9999.0 -9999.0 -9999.0 -9999.0 -9999.0 -9999.0 -9999.0 -9999.0 -9999.0 -9999.0 -9999.0 -9999.0 -9999.0 -9999.0 -9999.0 -9999.0 -9999.0 -9999.0 -9999.0 -9999.0 -9999.0 -9999.0 -9999.0 -9999.0 -9999.0 -9999.0 -9999.0 -9999.0 -9999.0 -9999.0 -9999.0 -9999.0 -9999.0 -9999.0 -9999.0 -9999.0 -9999.0
-9999.0 -9999.0 -9999.0 -9999.0 -9999.0 -9999.0 -9999.0 -9999.0 -9999.0 -9999.0 -9999.0 -9999.0 -9999.0 -9999.0 -9999.0 -9999.0 -9999.0 -9999.0 -9999.0 -9999.0 -9999.0 -9999.0 -9999.0 -9999.0 -9999.0 -9999.0 -9999.0 -9999.0 -9999.0 -9999.0 -9999.0 -9999.0 -9999.0 -9999.0 -9999.0 -9999.0 -9999.0 -9999.0 -9999.0 -9999.0 -9999.0 -9999.0 -9999.0 -9999.0 -9999.0 -9999.0 -9999.0 -9999.0 -9999.0 -9999.0 -9999.0 -9999.0 -9999.0 -9999.0 -9999.0 -9999.0 -9999.0 -9999.0 -9999.0 -9999.0 -9999.0 -9999.0 -9999.0 -9999.0 -9999.0 -9999.0 -9999.0 -9999.0 -9999.0 -9999.0 -9999.0 -9999.0 -9999.0 -9999.0 -9999.0 -9999.0 -9999.0 -9999.0 -9999.0 -9999.0 -9999.0 -9999.0 -9999.0 -9999.0 -9999.0 -9999.0 -9999.0 -9999.0 -9999.0 -9999.0 -9999.0 -9999.0 -9999.0 -9999.0 -9999.0 -9999.0 -9999.0 -9999.0 -9999.0 -9999.0 -9999.0 -9999.0 -9999.0 -9999.0
-9999.0 -9999.0 823.112339 725.382103 627.328275 528.964388 430.443507 331.853729 233.241354 134.631113 36.037149 -62.526480 -161.055478 -259.524700 -357.876007 -456.004926 -553.718870 -650.701337 -747.276901 -843.904298 -939.873657 -1034.922246 -1125.288777 -1205.914956 -1276.803894 -1336.559167 -1384.890007 -1422.518455 -1450.849567 -1471.584898 -1486.412640 -1496.821105 -1504.022563 -1508.950729 -1512.296614 -1514.559321 -1516.103896 -1517.254137 -1518.586294 -1522.030764 -1534.331785 -1582.139024 -1991.269518 -4087.993121 -4133.659030 -4133.663363 -4133.663355 -4133.663279 -4133.662903 -4133.661651 -4133.658177 -4133.648051 -4133.631190 -4133.609236 -4133.572567 -4133.500979 -4133.342912 -4132.959089 -4131.957959 -4129.160432 -4035.403763 -1801.620241 -1542.551922 -1526.281821 -1520.899748 -1519.586185 -1519.339543 -1519.299048 -1519.293183 -1519.292901 -1519.293445 -1519.294011 -1519.294473 -1519.294834 -1519.295116 -1519.295341 -1519.295523 -1519.295674 -1519.295805 -1519.295925 -1519.296043 -1519.296174 -1519.296333 -1519.296548 -1519.296856 -1519.297318 -1519.298036 -1519.299174 -1519.301020 -1519.304080 -1519.309280 -1519.318375 -1519.334780 -1519.365296 -1519.423776 -1519.539372 -1519.776679 -1520.289238 -1521.469090 -1524.388724 -1532.297592 -1556.933752 -9999.0 -9999.0
-9999.0 -9999.0 823.116059 725.383427 627.328692 528.964521 430.443551 331.853744 233.241359 134.631115 36.037150 -62.526480 -161.055477 -259.524700 -357.876007 -456.004926 -553.718870 -650.701337 -747.276901 -843.904299 -939.873657 -1034.922246 -1125.288777 -1205.914956 -1276.803894 -1336.559167 -1384.890007 -1422.518456 -1450.849567 -1471.584898 -1486.412640 -1496.821105 -1504.022563 -1508.950729 -1512.296614 -1514.559321 -1516.103896 -1517.254137 -1518.586294 -1522.030764 -1534.331785 -1582.139024 -1991.269518 -4087.993121 -4133.659030 -4133.663363 -4133.663355 -4133.663279 -4133.662903 -4133.661651 -4133.658177 -4133.648051 -4133.631190 -4133.609236 -4133.572567 -4133.500979 -4133.342912 -4132.959089 -4131.957959 -4129.160432 -4035.403763 -1801.620241 -1542.551922 -1526.281821 -1520.899748 -1519.586185 -1519.339543 -1519.299048 -1519.293183 -1519.292901 -1519.293445 -1519.294011 -1519.294473 -1519.294834 -1519.295116 -1519.295341 -1519.295523 -1519.295674 -1519.295805 -1519.295925 -1519.296043 -1519.296174 -1519.296333 -1519.296548 -1519.296856 -1519.297318 -1519.298036 -1519.299174 -1519.301020 -1519.304080 -1519.309280 -1519.318375 -1519.334780 -1519.365296 -1519.423776 -1519.539372 -1519.776679 -1520.289238 -1521.469090 -1524.388724 -1532.297592 -1556.933752 -9999.0 -9999.0
-9999.0 -9999.0 823.117343 725.384106 627.328974 528.964628 430.443590 331.853758 233.241365 134.631117 36.037150 -62.526479 -161.055477 -259.524700 -357.876007 -456.004926 -553.718870 -650.701337 -747.276901 -843.904299 -939.873657 -1034.922246 -1125.288777 -1205.914956 -1276.803894 -1336.559168 -1384.890007 -1422.518456 -1450.849567 -1471.584899 -1486.412640 -1496.821106 -1504.022563 -1508.950729 -1512.296614 -1514.559321 -1516.103896 -1517.254137 -1518.586294 -1522.030764 -1534.331785 -1582.139024 -1991.269518 -4087.993121 -4133.659030 -4133.663363 -4133.663355 -4133.663279 -4133.662903 -4133.661651 -4133.658177 -4133.648051 -4133.631190 -4133.609236 -4133.572567 -4133.500979 -4133.342912 -4132.959089 -4131.957959 -4129.160432 -4035.403763 -1801.620241 -1542.551922 -1526.281821 -1520.899748 -1519.586185 -1519.339543 -1519.299048 -1519.293183 -1519.292901 -1519.293445 -1519.294011 -1519.294473 -1519.294834 -1519.295116 -1519.295341 -1519.295523 -1519.295674 -1519.295805 -1519.295925 -1519.296043 -1519.296174 -1519.296333 -1519.296548 -1519.296856 -1519.297318 -1519.298036 -1519.299174 -1519.301020 -1519.304080 -1519.309280 -1519.318375 -1519.334780 -1519.365296 -1519.423776 -1519.539372 -1519.776679 -1520.289238 -1521.469090 -1524.388724 -1532.297592 -1556.933752 -9999.0 -9999.0
-9999.0 -9999.0 823.117343 725.384106 627.328974 528.964628 430.443590 331.853758 233.241365 134.631117 36.037150 -62.526479 -161.055477 -259.524700 -357.876007 -456.004926 -553.718870 -650.701337 -747.276901 -843.904299 -939.873657 -1034.922246 -1125.288777 -1205.914956 -1276.803894 -1336.559168 -1384.890007 -1422.518456 -1450.849567 -1471.584899 -1486.412640 -1496.821106 -1504.022563 -1508.950729 -1512.296614 -1514.559321 -1516.103896 -1517.254137 -1518.586294 -1522.030764 -1534.331785 -1582.139024 -1991.269518 -4087.993121 -4133.659030 -4133.663363 -4133.663355 -4133.663279 -4133.662903 -4133.661651 -4133.658177 -4133.648051 -4133.631190 -4133.609236 -4133.572567 -4133.500979 -4133.342912 -4132.959089 -4131.957959 -4129.160432 -4035.403763 -1801.620241 -1542.551922 -1526.281821 -1520.899748 -1519.586185 -1519.339543 -1519.299048 -1519.293183 -1519.292901 -1519.293445 -1519.294011 -1519.294473 -1519.294834 -1519.295116 -1519.295341 -1519.295523 -1519.295674 -1519.295805 -1519.295925 -1519.296043 -1519.296174 -1519.296333 -1519.296548 -1519.296856 -1519.297318 -1519.298036 -1519.299174 -1519.301020 -1519.304080 -1519.309280 -1519.318375 -1519.334780 -1519.365296 -1519.423776 -1519.539372 -1519.776679 -1520.289238 -1521.469090 -1524.388724 -1532.297592 -1556.933752 -9999.0 -9999.0
-9999.0 -9999.0 823.116059 725.383426 627.328692 528.964521 430.443551 331.853744 233.241359 134.631115 36.037150 -62.526480 -161.055477 -259.524700 -357.876007 -456.004926 -553.718870 -650.701337 -747.276901 -843.904299 -939.873657 -1034.922246 -1125.288777 -1205.914956 -1276.803894 -1336.559167 -1384.890007 -1422.518456 -1450.849567 -1471.584898 -1486.412640 -1496.821105 -1504.022563 -1508.950729 -1512.296614 -1514.559321 -1516.103896 -1517.254137 -1518.586294 -1522.030764 -1534.331785 -1582.139024 -1991.269518 -4087.993121 -4133.659030 -4133.663363 -4133.663355 -4133.663279 -4133.662903 -4133.661651 -4133.658177 -4133.648051 -4133.631190 -4133.609236 -4133.572567 -4133.500979 -4133.342912 -4132.959089 -4131.957959 -4129.160432 -4035.403763 -1801.620241 -1542.551922 -1526.281821 -1520.899748 -1519.586185 -1519.339543 -1519.299048 -1519.293183 -1519.292901 -1519.293445 -1519.294011 -1519.294473 -1519.294834 -1519.295116 -1519.295341 -1519.295523 -1519.295674 -1519.295805 -1519.295925 -1519.296043 -1519.296174 -1519.296333 -1519.296548 -1519.296856 -1519.297318 -1519.298036 -1519.299174 -1519.301020 -1519.304080 -1519.309280 -1519.318375 -1519.334780 -1519.365296 -1519.423776 -1519.539372 -1519.776679 -1520.289238 -1521.469090 -1524.388724 -1532.297592 -1556.933752 -9999.0 -9999.0
-9999.0 -9999.0 823.112339 725.382103 627.328275 528.964388 430.443507 331.853729 233.241354 134.631113 36.037149 -62.526480 -161.055478 -259.524700 -357.876007 -456.004926 -553.718870 -650.701337 -747.276901 -843.904298 -939.873657 -1034.922246 -1125.288777 -1205.914956 -1276.803894 -1336.559167 -1384.890007 -1422.518455 -1450.849567 -1471.584898 -1486.412640 -1496.821105 -1504.022563 -1508.950729 -1512.296614 -1514.559321 -1516.103896 -1517.254137 -1518.586294 -1522.030764 -1534.331785 -1582.139024 -1991.269518 -4087.993121 -4133.659030 -4133.663363 -4133.663355 -4133.663279 -4133.662903 -4133.661651 -4133.658177 -4133.648051 -4133.631190 -4133.609236 -4133.572567 -4133.500979 -4133.342912 -4132.959089 -4131.957959 -4129.160432 -4035.403763 -1801.620241 -1542.551922 -1526.281821 -1520.899748 -1519.586185 -1519.339543 -1519.299048 -1519.293183 -1519.292901 -1519.293445 -1519.294011 -1519.294473 -1519.294834 -1519.295116 -1519.295341 -1519.295523 -1519.295674 -1519.295805 -1519.295925 -1519.296043 -1519.296174 -1519.296333 -1519.296548 -1519.296856 -1519.297318 -1519.298036 -1519.299174 -1519.301020 -1519.304080 -1519.309280 -1519.318375 -1519.334780 -1519.365296 -1519.423776 -1519.539372 -1519.776679 -1520.289238 -1521.469090 -1524.388724 -1532.297592 -1556.933752 -9999.0 -9999.0
-9999.0 -9999.0 -9999.0 -9999.0 -9999.0 -9999.0 -9999.0 -9999.0 -9999.0 -9999.0 -9999.0 -9999.0 -9999.0 -9999.0 -9999.0 -9999.0 -9999.0 -9999.0 -9999.0 -9999.0 -9999.0 -9999.0 -9999.0 -9999.0 -9999.0 -9999.0 -9999.0 -9999.0 -9999.0 -9999.0 -9999.0 -9999.0 -9999.0 -9999.0 -9999.0 -9999.0 -9999.0 -9999.0 -9999.0 -9999.0 -9999.0 -9999.0 -9999.0 -9999.0 -9999.0 -9999.0 -9999.0 -9999.0 -9999.0 -9999.0 -9999.0 -9999.0 -9999.0 -9999.0 -9999.0 -9999.0 -9999.0 -9999.0 -9999.0 -9999.0 -9999.0 -9999.0 -9999.0 -9999.0 -9999.0 -9999.0 -9999.0 -9999.0 -9999.0 -9999.0 -9999.0 -9999.0 -9999.0 -9999.0 -9999.0 -9999.0 -9999.0 -9999.0 -9999.0 -9999.0 -9999.0 -9999.0 -9999.0 -9999.0 -9999.0 -9999.0 -9999.0 -9999.0 -9999.0 -9999.0 -9999.0 -9999.0 -9999.0 -9999.0 -9999.0 -9999.0 -9999.0 -9999.0 -9999.0 -9999.0 -9999.0 -9999.0 -9999.0 -9999.0
-9999.0 -9999.0 -9999.0 -9999.0 -9999.0 -9999.0 -9999.0 -9999.0 -9999.0 -9999.0 -9999.0 -9999.0 -9999.0 -9999.0 -9999.0 -9999.0 -9999.0 -9999.0 -9999.0 -9999.0 -9999.0 -9999.0 -9999.0 -9999.0 -9999.0 -9999.0 -9999.0 -9999.0 -9999.0 -9999.0 -9999.0 -9999.0 -9999.0 -9999.0 -9999.0 -9999.0 -9999.0 -9999.0 -9999.0 -9999.0 -9999.0 -9999.0 -9999.0 -9999.0 -9999.0 -9999.0 -9999.0 -9999.0 -9999.0 -9999.0 -9999.0 -9999.0 -9999.0 -9999.0 -9999.0 -9999.0 -9999.0 -9999.0 -9999.0 -9999.0 -9999.0 -9999.0 -9999.0 -9999.0 -9999.0 -9999.0 -9999.0 -9999.0 -9999.0 -9999.0 -9999.0 -9999.0 -9999.0 -9999.0 -9999.0 -9999.0 -9999.0 -9999.0 -9999.0 -9999.0 -9999.0 -9999.0 -9999.0 -9999.0 -9999.0 -9999.0 -9999.0 -9999.0 -9999.0 -9999.0 -9999.0 -9999.0 -9999.0 -9999.0 -9999.0 -9999.0 -9999.0 -9999.0 -9999.0 -9999.0 -9999.0 -9999.0 -9999.0 -9999.0