inst/processing_geotop_simulation/geotop_simulation/out/maps3D/PwL0020N0411.asc
ncols         104
nrows         10
xllcorner     -2.000000
yllcorner     0.000000
cellsize      1.000000
NODATA_value  -9999.0
-9999.0 -9999.0 -9999.0 -9999.0 -9999.0 -9999.0 -9999.0 -9999.0 -9999.0 -9999.0 -9999.0 -9999.0 -9999.0 -9999.0 -9999.0 -9999.0 -9999.0 -9999.0 -9999.0 -9999.0 -9999.0 -9999.0 -9999.0 -9999.0 -9999.0 -9999.0 -9999.0 -9999.0 -9999.0 -9999.0 -9999.0 -9999.0 -9999.0 -9999.0 -9999.0 -9999.0 -9999.0 -9999.0 -9999.0 -9999.0 -9999.0 -9999.0 -9999.0 -9999.0 -9999.0 -9999.0 -9999.0 -9999.0 -9999.0 -9999.0 -9999.0 -9999.0 -9999.0 -9999.0 -9999.0 -9999.0 -9999.0 -9999.0 -9999.0 -9999.0 -9999.0 -9999.0 -9999.0 -9999.0 -9999.0 -9999.0 -9999.0 -9999.0 -9999.0 -9999.0 -9999.0 -9999.0 -9999.0 -9999.0 -9999.0 -9999.0 -9999.0 -9999.0 -9999.0 -9999.0 -9999.0 -9999.0 -9999.0 -9999.0 -9999.0 -9999.0 -9999.0 -9999.0 -9999.0 -9999.0 -9999.0 -9999.0 -9999.0 -9999.0 -9999.0 -9999.0 -9999.0 -9999.0 -9999.0 -9999.0 -9999.0 -9999.0 -9999.0 -9999.0
-9999.0 -9999.0 -9999.0 -9999.0 -9999.0 -9999.0 -9999.0 -9999.0 -9999.0 -9999.0 -9999.0 -9999.0 -9999.0 -9999.0 -9999.0 -9999.0 -9999.0 -9999.0 -9999.0 -9999.0 -9999.0 -9999.0 -9999.0 -9999.0 -9999.0 -9999.0 -9999.0 -9999.0 -9999.0 -9999.0 -9999.0 -9999.0 -9999.0 -9999.0 -9999.0 -9999.0 -9999.0 -9999.0 -9999.0 -9999.0 -9999.0 -9999.0 -9999.0 -9999.0 -9999.0 -9999.0 -9999.0 -9999.0 -9999.0 -9999.0 -9999.0 -9999.0 -9999.0 -9999.0 -9999.0 -9999.0 -9999.0 -9999.0 -9999.0 -9999.0 -9999.0 -9999.0 -9999.0 -9999.0 -9999.0 -9999.0 -9999.0 -9999.0 -9999.0 -9999.0 -9999.0 -9999.0 -9999.0 -9999.0 -9999.0 -9999.0 -9999.0 -9999.0 -9999.0 -9999.0 -9999.0 -9999.0 -9999.0 -9999.0 -9999.0 -9999.0 -9999.0 -9999.0 -9999.0 -9999.0 -9999.0 -9999.0 -9999.0 -9999.0 -9999.0 -9999.0 -9999.0 -9999.0 -9999.0 -9999.0 -9999.0 -9999.0 -9999.0 -9999.0
-9999.0 -9999.0 968.535743 869.471508 770.340861 671.095329 571.786111 472.448501 373.102229 273.758154 174.422371 75.098413 -24.209483 -123.498720 -222.767138 -322.000120 -421.170936 -520.228935 -619.082081 -717.569136 -816.144761 -914.407992 -1012.187902 -1109.239064 -1200.129058 -1284.869258 -1361.467452 -1428.350339 -1484.673269 -1530.447148 -1566.442775 -1593.939621 -1614.435227 -1629.408187 -1640.172731 -1647.820102 -1653.230747 -1657.174949 -1660.627967 -1665.548637 -1675.834150 -1698.683355 -1787.423567 -3533.594180 -3983.697258 -3983.554712 -3953.063996 -3782.032056 -3495.314203 -3218.632058 -2993.208771 -2799.522359 -2682.394227 -2607.106918 -2537.332453 -2464.255862 -2385.292138 -2301.735951 -2216.925027 -2133.153379 -2029.390148 -1547.793272 -1654.339379 -1667.915533 -1666.680202 -1665.644987 -1665.353222 -1665.292613 -1665.282127 -1665.280901 -1665.281212 -1665.281708 -1665.282164 -1665.282559 -1665.282903 -1665.283210 -1665.283492 -1665.283756 -1665.284011 -1665.284263 -1665.284521 -1665.284795 -1665.285099 -1665.285452 -1665.285884 -1665.286444 -1665.287210 -1665.288313 -1665.289980 -1665.292617 -1665.296979 -1665.304506 -1665.318038 -1665.343324 -1665.392390 -1665.491571 -1665.702088 -1666.175985 -1667.316238 -1670.271848 -1678.641621 -1705.058227 -9999.0 -9999.0
-9999.0 -9999.0 968.538422 869.472543 770.341203 671.095442 571.786149 472.448514 373.102234 273.758156 174.422372 75.098413 -24.209482 -123.498720 -222.767138 -322.000120 -421.170936 -520.228935 -619.082081 -717.569136 -816.144761 -914.407992 -1012.187902 -1109.239065 -1200.129058 -1284.869258 -1361.467452 -1428.350339 -1484.673269 -1530.447148 -1566.442775 -1593.939621 -1614.435227 -1629.408187 -1640.172731 -1647.820102 -1653.230747 -1657.174949 -1660.627967 -1665.548637 -1675.834150 -1698.683355 -1787.423566 -3533.594178 -3983.697258 -3983.554712 -3953.063996 -3782.032056 -3495.314202 -3218.632057 -2993.208768 -2799.522358 -2682.394226 -2607.106918 -2537.332453 -2464.255862 -2385.292137 -2301.735951 -2216.925026 -2133.153379 -2029.390148 -1547.793272 -1654.339379 -1667.915533 -1666.680202 -1665.644987 -1665.353222 -1665.292613 -1665.282127 -1665.280901 -1665.281212 -1665.281708 -1665.282164 -1665.282559 -1665.282903 -1665.283210 -1665.283492 -1665.283756 -1665.284011 -1665.284263 -1665.284521 -1665.284795 -1665.285099 -1665.285452 -1665.285884 -1665.286444 -1665.287210 -1665.288313 -1665.289980 -1665.292617 -1665.296979 -1665.304506 -1665.318038 -1665.343324 -1665.392390 -1665.491571 -1665.702088 -1666.175985 -1667.316238 -1670.271848 -1678.641621 -1705.058227 -9999.0 -9999.0
-9999.0 -9999.0 968.539466 869.473105 770.341442 671.095534 571.786183 472.448527 373.102239 273.758158 174.422373 75.098414 -24.209482 -123.498719 -222.767138 -322.000120 -421.170936 -520.228936 -619.082082 -717.569136 -816.144762 -914.407992 -1012.187903 -1109.239065 -1200.129058 -1284.869258 -1361.467453 -1428.350339 -1484.673269 -1530.447148 -1566.442775 -1593.939621 -1614.435227 -1629.408187 -1640.172731 -1647.820102 -1653.230747 -1657.174949 -1660.627967 -1665.548637 -1675.834150 -1698.683355 -1787.423566 -3533.594178 -3983.697258 -3983.554712 -3953.063996 -3782.032055 -3495.314202 -3218.632055 -2993.208766 -2799.522358 -2682.394226 -2607.106917 -2537.332453 -2464.255861 -2385.292137 -2301.735951 -2216.925027 -2133.153378 -2029.390147 -1547.793272 -1654.339379 -1667.915533 -1666.680202 -1665.644987 -1665.353222 -1665.292613 -1665.282127 -1665.280901 -1665.281212 -1665.281708 -1665.282164 -1665.282559 -1665.282903 -1665.283210 -1665.283492 -1665.283756 -1665.284011 -1665.284263 -1665.284521 -1665.284795 -1665.285099 -1665.285452 -1665.285884 -1665.286444 -1665.287210 -1665.288313 -1665.289980 -1665.292617 -1665.296979 -1665.304506 -1665.318038 -1665.343324 -1665.392390 -1665.491571 -1665.702088 -1666.175985 -1667.316238 -1670.271848 -1678.641621 -1705.058227 -9999.0 -9999.0
-9999.0 -9999.0 968.539466 869.473105 770.341441 671.095534 571.786183 472.448527 373.102239 273.758158 174.422373 75.098413 -24.209482 -123.498720 -222.767138 -322.000120 -421.170936 -520.228936 -619.082082 -717.569136 -816.144762 -914.407992 -1012.187903 -1109.239065 -1200.129058 -1284.869258 -1361.467453 -1428.350339 -1484.673269 -1530.447148 -1566.442775 -1593.939621 -1614.435227 -1629.408187 -1640.172731 -1647.820102 -1653.230747 -1657.174949 -1660.627967 -1665.548637 -1675.834150 -1698.683355 -1787.423566 -3533.594178 -3983.697258 -3983.554712 -3953.063996 -3782.032055 -3495.314202 -3218.632056 -2993.208767 -2799.522358 -2682.394226 -2607.106918 -2537.332452 -2464.255861 -2385.292137 -2301.735951 -2216.925026 -2133.153379 -2029.390147 -1547.793272 -1654.339379 -1667.915533 -1666.680202 -1665.644987 -1665.353222 -1665.292613 -1665.282127 -1665.280901 -1665.281212 -1665.281708 -1665.282164 -1665.282559 -1665.282903 -1665.283210 -1665.283492 -1665.283756 -1665.284011 -1665.284263 -1665.284521 -1665.284795 -1665.285099 -1665.285452 -1665.285884 -1665.286444 -1665.287210 -1665.288313 -1665.289980 -1665.292617 -1665.296979 -1665.304506 -1665.318038 -1665.343324 -1665.392390 -1665.491571 -1665.702088 -1666.175985 -1667.316238 -1670.271848 -1678.641621 -1705.058227 -9999.0 -9999.0
-9999.0 -9999.0 968.538422 869.472543 770.341203 671.095442 571.786149 472.448514 373.102234 273.758156 174.422372 75.098413 -24.209483 -123.498720 -222.767138 -322.000120 -421.170936 -520.228935 -619.082081 -717.569136 -816.144761 -914.407992 -1012.187903 -1109.239065 -1200.129058 -1284.869258 -1361.467452 -1428.350339 -1484.673269 -1530.447148 -1566.442775 -1593.939621 -1614.435227 -1629.408187 -1640.172731 -1647.820102 -1653.230747 -1657.174949 -1660.627967 -1665.548637 -1675.834150 -1698.683355 -1787.423566 -3533.594178 -3983.697258 -3983.554712 -3953.063996 -3782.032056 -3495.314202 -3218.632056 -2993.208768 -2799.522358 -2682.394226 -2607.106918 -2537.332453 -2464.255861 -2385.292137 -2301.735951 -2216.925027 -2133.153379 -2029.390148 -1547.793272 -1654.339379 -1667.915533 -1666.680202 -1665.644987 -1665.353222 -1665.292613 -1665.282127 -1665.280901 -1665.281212 -1665.281708 -1665.282164 -1665.282559 -1665.282903 -1665.283210 -1665.283492 -1665.283756 -1665.284011 -1665.284263 -1665.284521 -1665.284795 -1665.285099 -1665.285452 -1665.285884 -1665.286444 -1665.287210 -1665.288313 -1665.289980 -1665.292617 -1665.296979 -1665.304506 -1665.318038 -1665.343324 -1665.392390 -1665.491571 -1665.702088 -1666.175985 -1667.316238 -1670.271848 -1678.641621 -1705.058227 -9999.0 -9999.0
-9999.0 -9999.0 968.535743 869.471508 770.340861 671.095329 571.786111 472.448501 373.102229 273.758154 174.422371 75.098412 -24.209483 -123.498720 -222.767138 -322.000120 -421.170935 -520.228935 -619.082081 -717.569136 -816.144761 -914.407992 -1012.187902 -1109.239064 -1200.129058 -1284.869258 -1361.467452 -1428.350339 -1484.673269 -1530.447148 -1566.442775 -1593.939621 -1614.435227 -1629.408187 -1640.172731 -1647.820102 -1653.230747 -1657.174949 -1660.627967 -1665.548637 -1675.834150 -1698.683355 -1787.423567 -3533.594180 -3983.697258 -3983.554712 -3953.063996 -3782.032056 -3495.314203 -3218.632059 -2993.208771 -2799.522359 -2682.394227 -2607.106918 -2537.332453 -2464.255862 -2385.292138 -2301.735951 -2216.925027 -2133.153379 -2029.390148 -1547.793272 -1654.339379 -1667.915533 -1666.680202 -1665.644987 -1665.353222 -1665.292613 -1665.282127 -1665.280901 -1665.281212 -1665.281708 -1665.282164 -1665.282559 -1665.282903 -1665.283210 -1665.283492 -1665.283756 -1665.284011 -1665.284263 -1665.284521 -1665.284795 -1665.285099 -1665.285452 -1665.285884 -1665.286444 -1665.287210 -1665.288313 -1665.289980 -1665.292617 -1665.296979 -1665.304506 -1665.318038 -1665.343324 -1665.392390 -1665.491571 -1665.702088 -1666.175985 -1667.316238 -1670.271848 -1678.641621 -1705.058227 -9999.0 -9999.0
-9999.0 -9999.0 -9999.0 -9999.0 -9999.0 -9999.0 -9999.0 -9999.0 -9999.0 -9999.0 -9999.0 -9999.0 -9999.0 -9999.0 -9999.0 -9999.0 -9999.0 -9999.0 -9999.0 -9999.0 -9999.0 -9999.0 -9999.0 -9999.0 -9999.0 -9999.0 -9999.0 -9999.0 -9999.0 -9999.0 -9999.0 -9999.0 -9999.0 -9999.0 -9999.0 -9999.0 -9999.0 -9999.0 -9999.0 -9999.0 -9999.0 -9999.0 -9999.0 -9999.0 -9999.0 -9999.0 -9999.0 -9999.0 -9999.0 -9999.0 -9999.0 -9999.0 -9999.0 -9999.0 -9999.0 -9999.0 -9999.0 -9999.0 -9999.0 -9999.0 -9999.0 -9999.0 -9999.0 -9999.0 -9999.0 -9999.0 -9999.0 -9999.0 -9999.0 -9999.0 -9999.0 -9999.0 -9999.0 -9999.0 -9999.0 -9999.0 -9999.0 -9999.0 -9999.0 -9999.0 -9999.0 -9999.0 -9999.0 -9999.0 -9999.0 -9999.0 -9999.0 -9999.0 -9999.0 -9999.0 -9999.0 -9999.0 -9999.0 -9999.0 -9999.0 -9999.0 -9999.0 -9999.0 -9999.0 -9999.0 -9999.0 -9999.0 -9999.0 -9999.0
-9999.0 -9999.0 -9999.0 -9999.0 -9999.0 -9999.0 -9999.0 -9999.0 -9999.0 -9999.0 -9999.0 -9999.0 -9999.0 -9999.0 -9999.0 -9999.0 -9999.0 -9999.0 -9999.0 -9999.0 -9999.0 -9999.0 -9999.0 -9999.0 -9999.0 -9999.0 -9999.0 -9999.0 -9999.0 -9999.0 -9999.0 -9999.0 -9999.0 -9999.0 -9999.0 -9999.0 -9999.0 -9999.0 -9999.0 -9999.0 -9999.0 -9999.0 -9999.0 -9999.0 -9999.0 -9999.0 -9999.0 -9999.0 -9999.0 -9999.0 -9999.0 -9999.0 -9999.0 -9999.0 -9999.0 -9999.0 -9999.0 -9999.0 -9999.0 -9999.0 -9999.0 -9999.0 -9999.0 -9999.0 -9999.0 -9999.0 -9999.0 -9999.0 -9999.0 -9999.0 -9999.0 -9999.0 -9999.0 -9999.0 -9999.0 -9999.0 -9999.0 -9999.0 -9999.0 -9999.0 -9999.0 -9999.0 -9999.0 -9999.0 -9999.0 -9999.0 -9999.0 -9999.0 -9999.0 -9999.0 -9999.0 -9999.0 -9999.0 -9999.0 -9999.0 -9999.0 -9999.0 -9999.0 -9999.0 -9999.0 -9999.0 -9999.0 -9999.0 -9999.0