inst/processing_geotop_simulation/geotop_simulation/out/maps3D/PwL0018N0349.asc
ncols         104
nrows         10
xllcorner     -2.000000
yllcorner     0.000000
cellsize      1.000000
NODATA_value  -9999.0
-9999.0 -9999.0 -9999.0 -9999.0 -9999.0 -9999.0 -9999.0 -9999.0 -9999.0 -9999.0 -9999.0 -9999.0 -9999.0 -9999.0 -9999.0 -9999.0 -9999.0 -9999.0 -9999.0 -9999.0 -9999.0 -9999.0 -9999.0 -9999.0 -9999.0 -9999.0 -9999.0 -9999.0 -9999.0 -9999.0 -9999.0 -9999.0 -9999.0 -9999.0 -9999.0 -9999.0 -9999.0 -9999.0 -9999.0 -9999.0 -9999.0 -9999.0 -9999.0 -9999.0 -9999.0 -9999.0 -9999.0 -9999.0 -9999.0 -9999.0 -9999.0 -9999.0 -9999.0 -9999.0 -9999.0 -9999.0 -9999.0 -9999.0 -9999.0 -9999.0 -9999.0 -9999.0 -9999.0 -9999.0 -9999.0 -9999.0 -9999.0 -9999.0 -9999.0 -9999.0 -9999.0 -9999.0 -9999.0 -9999.0 -9999.0 -9999.0 -9999.0 -9999.0 -9999.0 -9999.0 -9999.0 -9999.0 -9999.0 -9999.0 -9999.0 -9999.0 -9999.0 -9999.0 -9999.0 -9999.0 -9999.0 -9999.0 -9999.0 -9999.0 -9999.0 -9999.0 -9999.0 -9999.0 -9999.0 -9999.0 -9999.0 -9999.0 -9999.0 -9999.0
-9999.0 -9999.0 -9999.0 -9999.0 -9999.0 -9999.0 -9999.0 -9999.0 -9999.0 -9999.0 -9999.0 -9999.0 -9999.0 -9999.0 -9999.0 -9999.0 -9999.0 -9999.0 -9999.0 -9999.0 -9999.0 -9999.0 -9999.0 -9999.0 -9999.0 -9999.0 -9999.0 -9999.0 -9999.0 -9999.0 -9999.0 -9999.0 -9999.0 -9999.0 -9999.0 -9999.0 -9999.0 -9999.0 -9999.0 -9999.0 -9999.0 -9999.0 -9999.0 -9999.0 -9999.0 -9999.0 -9999.0 -9999.0 -9999.0 -9999.0 -9999.0 -9999.0 -9999.0 -9999.0 -9999.0 -9999.0 -9999.0 -9999.0 -9999.0 -9999.0 -9999.0 -9999.0 -9999.0 -9999.0 -9999.0 -9999.0 -9999.0 -9999.0 -9999.0 -9999.0 -9999.0 -9999.0 -9999.0 -9999.0 -9999.0 -9999.0 -9999.0 -9999.0 -9999.0 -9999.0 -9999.0 -9999.0 -9999.0 -9999.0 -9999.0 -9999.0 -9999.0 -9999.0 -9999.0 -9999.0 -9999.0 -9999.0 -9999.0 -9999.0 -9999.0 -9999.0 -9999.0 -9999.0 -9999.0 -9999.0 -9999.0 -9999.0 -9999.0 -9999.0
-9999.0 -9999.0 870.364850 771.720189 672.914370 573.928753 474.849575 375.729237 276.595815 177.464456 78.343552 -20.759596 -119.840247 -218.894407 -317.900152 -416.818573 -515.575072 -614.037546 -711.987137 -810.113225 -907.881712 -1005.111589 -1101.546790 -1191.104163 -1273.830988 -1347.622735 -1410.988820 -1463.343147 -1505.038125 -1537.161064 -1561.212915 -1578.800215 -1591.417467 -1600.334122 -1606.563329 -1610.881652 -1613.881508 -1616.080517 -1618.238965 -1622.286794 -1633.157008 -1663.826788 -1939.905715 -4018.214292 -4084.149542 -4084.158223 -4084.152968 -4084.101117 -4083.874440 -4083.184808 -4081.419558 -4076.713886 -4069.484359 -4060.691968 -4047.057318 -4023.062205 -3978.117452 -3894.830342 -3753.558785 -3545.698438 -3190.020473 -1687.268632 -1621.285150 -1624.726549 -1621.805463 -1620.621243 -1620.344362 -1620.292733 -1620.284474 -1620.283678 -1620.284055 -1620.284536 -1620.284950 -1620.285288 -1620.285563 -1620.285793 -1620.285989 -1620.286162 -1620.286320 -1620.286470 -1620.286622 -1620.286786 -1620.286977 -1620.287217 -1620.287538 -1620.287993 -1620.288668 -1620.289704 -1620.291349 -1620.294044 -1620.298599 -1620.306560 -1620.320954 -1620.347860 -1620.399829 -1620.503838 -1620.721292 -1621.201864 -1622.336026 -1625.220538 -1633.273227 -1658.765999 -9999.0 -9999.0
-9999.0 -9999.0 870.368089 771.721374 672.914750 573.928875 474.849616 375.729251 276.595821 177.464458 78.343554 -20.759596 -119.840247 -218.894407 -317.900152 -416.818573 -515.575072 -614.037546 -711.987137 -810.113226 -907.881712 -1005.111589 -1101.546790 -1191.104164 -1273.830988 -1347.622736 -1410.988820 -1463.343147 -1505.038125 -1537.161064 -1561.212915 -1578.800215 -1591.417467 -1600.334122 -1606.563329 -1610.881652 -1613.881508 -1616.080517 -1618.238965 -1622.286794 -1633.157008 -1663.826788 -1939.905715 -4018.214292 -4084.149542 -4084.158223 -4084.152968 -4084.101117 -4083.874440 -4083.184808 -4081.419558 -4076.713886 -4069.484359 -4060.691968 -4047.057318 -4023.062205 -3978.117451 -3894.830342 -3753.558784 -3545.698438 -3190.020473 -1687.268633 -1621.285150 -1624.726549 -1621.805463 -1620.621243 -1620.344362 -1620.292733 -1620.284474 -1620.283678 -1620.284055 -1620.284536 -1620.284950 -1620.285288 -1620.285563 -1620.285793 -1620.285989 -1620.286162 -1620.286320 -1620.286470 -1620.286622 -1620.286786 -1620.286977 -1620.287217 -1620.287538 -1620.287993 -1620.288668 -1620.289704 -1620.291349 -1620.294044 -1620.298599 -1620.306560 -1620.320954 -1620.347860 -1620.399829 -1620.503838 -1620.721292 -1621.201864 -1622.336026 -1625.220538 -1633.273227 -1658.765999 -9999.0 -9999.0
-9999.0 -9999.0 870.369256 771.721995 672.915010 573.928974 474.849652 375.729265 276.595826 177.464460 78.343554 -20.759595 -119.840247 -218.894407 -317.900152 -416.818573 -515.575072 -614.037547 -711.987137 -810.113226 -907.881712 -1005.111589 -1101.546791 -1191.104164 -1273.830988 -1347.622736 -1410.988820 -1463.343147 -1505.038125 -1537.161064 -1561.212915 -1578.800215 -1591.417467 -1600.334122 -1606.563329 -1610.881652 -1613.881508 -1616.080517 -1618.238965 -1622.286794 -1633.157008 -1663.826788 -1939.905715 -4018.214292 -4084.149542 -4084.158223 -4084.152968 -4084.101117 -4083.874440 -4083.184808 -4081.419558 -4076.713885 -4069.484359 -4060.691968 -4047.057318 -4023.062205 -3978.117451 -3894.830342 -3753.558784 -3545.698437 -3190.020473 -1687.268632 -1621.285150 -1624.726549 -1621.805463 -1620.621243 -1620.344362 -1620.292733 -1620.284474 -1620.283678 -1620.284055 -1620.284536 -1620.284950 -1620.285288 -1620.285563 -1620.285793 -1620.285989 -1620.286162 -1620.286320 -1620.286470 -1620.286622 -1620.286786 -1620.286977 -1620.287217 -1620.287538 -1620.287993 -1620.288668 -1620.289704 -1620.291349 -1620.294044 -1620.298599 -1620.306560 -1620.320954 -1620.347860 -1620.399829 -1620.503838 -1620.721292 -1621.201864 -1622.336026 -1625.220538 -1633.273227 -1658.765999 -9999.0 -9999.0
-9999.0 -9999.0 870.369256 771.721995 672.915010 573.928974 474.849653 375.729264 276.595826 177.464460 78.343555 -20.759595 -119.840246 -218.894407 -317.900152 -416.818573 -515.575072 -614.037547 -711.987137 -810.113226 -907.881712 -1005.111589 -1101.546790 -1191.104164 -1273.830988 -1347.622736 -1410.988820 -1463.343147 -1505.038125 -1537.161064 -1561.212915 -1578.800215 -1591.417467 -1600.334122 -1606.563329 -1610.881652 -1613.881508 -1616.080517 -1618.238965 -1622.286794 -1633.157008 -1663.826788 -1939.905715 -4018.214292 -4084.149542 -4084.158223 -4084.152968 -4084.101117 -4083.874440 -4083.184808 -4081.419558 -4076.713886 -4069.484359 -4060.691968 -4047.057318 -4023.062205 -3978.117451 -3894.830342 -3753.558784 -3545.698437 -3190.020473 -1687.268632 -1621.285150 -1624.726549 -1621.805463 -1620.621243 -1620.344362 -1620.292733 -1620.284474 -1620.283678 -1620.284055 -1620.284536 -1620.284950 -1620.285288 -1620.285563 -1620.285793 -1620.285989 -1620.286162 -1620.286320 -1620.286470 -1620.286622 -1620.286786 -1620.286977 -1620.287217 -1620.287538 -1620.287993 -1620.288668 -1620.289704 -1620.291349 -1620.294044 -1620.298599 -1620.306560 -1620.320954 -1620.347860 -1620.399829 -1620.503838 -1620.721292 -1621.201864 -1622.336026 -1625.220538 -1633.273227 -1658.765999 -9999.0 -9999.0
-9999.0 -9999.0 870.368089 771.721375 672.914750 573.928876 474.849616 375.729252 276.595821 177.464458 78.343553 -20.759595 -119.840247 -218.894407 -317.900152 -416.818573 -515.575072 -614.037546 -711.987137 -810.113226 -907.881712 -1005.111589 -1101.546790 -1191.104164 -1273.830988 -1347.622736 -1410.988820 -1463.343147 -1505.038125 -1537.161064 -1561.212915 -1578.800215 -1591.417467 -1600.334122 -1606.563329 -1610.881652 -1613.881508 -1616.080517 -1618.238965 -1622.286794 -1633.157008 -1663.826788 -1939.905715 -4018.214292 -4084.149542 -4084.158223 -4084.152968 -4084.101117 -4083.874440 -4083.184808 -4081.419558 -4076.713886 -4069.484359 -4060.691968 -4047.057318 -4023.062205 -3978.117451 -3894.830342 -3753.558784 -3545.698437 -3190.020474 -1687.268632 -1621.285150 -1624.726549 -1621.805463 -1620.621243 -1620.344362 -1620.292733 -1620.284474 -1620.283678 -1620.284055 -1620.284536 -1620.284950 -1620.285288 -1620.285563 -1620.285793 -1620.285989 -1620.286162 -1620.286320 -1620.286470 -1620.286622 -1620.286786 -1620.286977 -1620.287217 -1620.287538 -1620.287993 -1620.288668 -1620.289704 -1620.291349 -1620.294044 -1620.298599 -1620.306560 -1620.320954 -1620.347860 -1620.399829 -1620.503838 -1620.721292 -1621.201864 -1622.336026 -1625.220538 -1633.273227 -1658.765999 -9999.0 -9999.0
-9999.0 -9999.0 870.364850 771.720188 672.914371 573.928753 474.849575 375.729237 276.595816 177.464456 78.343553 -20.759596 -119.840247 -218.894407 -317.900152 -416.818573 -515.575072 -614.037546 -711.987137 -810.113225 -907.881712 -1005.111589 -1101.546790 -1191.104163 -1273.830988 -1347.622735 -1410.988820 -1463.343147 -1505.038125 -1537.161064 -1561.212915 -1578.800215 -1591.417467 -1600.334122 -1606.563329 -1610.881652 -1613.881508 -1616.080517 -1618.238965 -1622.286794 -1633.157008 -1663.826788 -1939.905715 -4018.214292 -4084.149542 -4084.158223 -4084.152968 -4084.101117 -4083.874440 -4083.184808 -4081.419558 -4076.713886 -4069.484359 -4060.691968 -4047.057318 -4023.062205 -3978.117451 -3894.830342 -3753.558784 -3545.698438 -3190.020474 -1687.268633 -1621.285150 -1624.726549 -1621.805463 -1620.621243 -1620.344362 -1620.292733 -1620.284474 -1620.283678 -1620.284055 -1620.284536 -1620.284950 -1620.285288 -1620.285563 -1620.285793 -1620.285989 -1620.286162 -1620.286320 -1620.286470 -1620.286622 -1620.286786 -1620.286977 -1620.287217 -1620.287538 -1620.287993 -1620.288668 -1620.289704 -1620.291349 -1620.294044 -1620.298599 -1620.306560 -1620.320954 -1620.347860 -1620.399829 -1620.503838 -1620.721292 -1621.201864 -1622.336026 -1625.220538 -1633.273227 -1658.765999 -9999.0 -9999.0
-9999.0 -9999.0 -9999.0 -9999.0 -9999.0 -9999.0 -9999.0 -9999.0 -9999.0 -9999.0 -9999.0 -9999.0 -9999.0 -9999.0 -9999.0 -9999.0 -9999.0 -9999.0 -9999.0 -9999.0 -9999.0 -9999.0 -9999.0 -9999.0 -9999.0 -9999.0 -9999.0 -9999.0 -9999.0 -9999.0 -9999.0 -9999.0 -9999.0 -9999.0 -9999.0 -9999.0 -9999.0 -9999.0 -9999.0 -9999.0 -9999.0 -9999.0 -9999.0 -9999.0 -9999.0 -9999.0 -9999.0 -9999.0 -9999.0 -9999.0 -9999.0 -9999.0 -9999.0 -9999.0 -9999.0 -9999.0 -9999.0 -9999.0 -9999.0 -9999.0 -9999.0 -9999.0 -9999.0 -9999.0 -9999.0 -9999.0 -9999.0 -9999.0 -9999.0 -9999.0 -9999.0 -9999.0 -9999.0 -9999.0 -9999.0 -9999.0 -9999.0 -9999.0 -9999.0 -9999.0 -9999.0 -9999.0 -9999.0 -9999.0 -9999.0 -9999.0 -9999.0 -9999.0 -9999.0 -9999.0 -9999.0 -9999.0 -9999.0 -9999.0 -9999.0 -9999.0 -9999.0 -9999.0 -9999.0 -9999.0 -9999.0 -9999.0 -9999.0 -9999.0
-9999.0 -9999.0 -9999.0 -9999.0 -9999.0 -9999.0 -9999.0 -9999.0 -9999.0 -9999.0 -9999.0 -9999.0 -9999.0 -9999.0 -9999.0 -9999.0 -9999.0 -9999.0 -9999.0 -9999.0 -9999.0 -9999.0 -9999.0 -9999.0 -9999.0 -9999.0 -9999.0 -9999.0 -9999.0 -9999.0 -9999.0 -9999.0 -9999.0 -9999.0 -9999.0 -9999.0 -9999.0 -9999.0 -9999.0 -9999.0 -9999.0 -9999.0 -9999.0 -9999.0 -9999.0 -9999.0 -9999.0 -9999.0 -9999.0 -9999.0 -9999.0 -9999.0 -9999.0 -9999.0 -9999.0 -9999.0 -9999.0 -9999.0 -9999.0 -9999.0 -9999.0 -9999.0 -9999.0 -9999.0 -9999.0 -9999.0 -9999.0 -9999.0 -9999.0 -9999.0 -9999.0 -9999.0 -9999.0 -9999.0 -9999.0 -9999.0 -9999.0 -9999.0 -9999.0 -9999.0 -9999.0 -9999.0 -9999.0 -9999.0 -9999.0 -9999.0 -9999.0 -9999.0 -9999.0 -9999.0 -9999.0 -9999.0 -9999.0 -9999.0 -9999.0 -9999.0 -9999.0 -9999.0 -9999.0 -9999.0 -9999.0 -9999.0 -9999.0 -9999.0