inst/processing_geotop_simulation/geotop_simulation/out/maps3D/PwL0014N0103.asc
ncols         104
nrows         10
xllcorner     -2.000000
yllcorner     0.000000
cellsize      1.000000
NODATA_value  -9999.0
-9999.0 -9999.0 -9999.0 -9999.0 -9999.0 -9999.0 -9999.0 -9999.0 -9999.0 -9999.0 -9999.0 -9999.0 -9999.0 -9999.0 -9999.0 -9999.0 -9999.0 -9999.0 -9999.0 -9999.0 -9999.0 -9999.0 -9999.0 -9999.0 -9999.0 -9999.0 -9999.0 -9999.0 -9999.0 -9999.0 -9999.0 -9999.0 -9999.0 -9999.0 -9999.0 -9999.0 -9999.0 -9999.0 -9999.0 -9999.0 -9999.0 -9999.0 -9999.0 -9999.0 -9999.0 -9999.0 -9999.0 -9999.0 -9999.0 -9999.0 -9999.0 -9999.0 -9999.0 -9999.0 -9999.0 -9999.0 -9999.0 -9999.0 -9999.0 -9999.0 -9999.0 -9999.0 -9999.0 -9999.0 -9999.0 -9999.0 -9999.0 -9999.0 -9999.0 -9999.0 -9999.0 -9999.0 -9999.0 -9999.0 -9999.0 -9999.0 -9999.0 -9999.0 -9999.0 -9999.0 -9999.0 -9999.0 -9999.0 -9999.0 -9999.0 -9999.0 -9999.0 -9999.0 -9999.0 -9999.0 -9999.0 -9999.0 -9999.0 -9999.0 -9999.0 -9999.0 -9999.0 -9999.0 -9999.0 -9999.0 -9999.0 -9999.0 -9999.0 -9999.0
-9999.0 -9999.0 -9999.0 -9999.0 -9999.0 -9999.0 -9999.0 -9999.0 -9999.0 -9999.0 -9999.0 -9999.0 -9999.0 -9999.0 -9999.0 -9999.0 -9999.0 -9999.0 -9999.0 -9999.0 -9999.0 -9999.0 -9999.0 -9999.0 -9999.0 -9999.0 -9999.0 -9999.0 -9999.0 -9999.0 -9999.0 -9999.0 -9999.0 -9999.0 -9999.0 -9999.0 -9999.0 -9999.0 -9999.0 -9999.0 -9999.0 -9999.0 -9999.0 -9999.0 -9999.0 -9999.0 -9999.0 -9999.0 -9999.0 -9999.0 -9999.0 -9999.0 -9999.0 -9999.0 -9999.0 -9999.0 -9999.0 -9999.0 -9999.0 -9999.0 -9999.0 -9999.0 -9999.0 -9999.0 -9999.0 -9999.0 -9999.0 -9999.0 -9999.0 -9999.0 -9999.0 -9999.0 -9999.0 -9999.0 -9999.0 -9999.0 -9999.0 -9999.0 -9999.0 -9999.0 -9999.0 -9999.0 -9999.0 -9999.0 -9999.0 -9999.0 -9999.0 -9999.0 -9999.0 -9999.0 -9999.0 -9999.0 -9999.0 -9999.0 -9999.0 -9999.0 -9999.0 -9999.0 -9999.0 -9999.0 -9999.0 -9999.0 -9999.0 -9999.0
-9999.0 -9999.0 689.300040 598.750188 506.190481 412.263264 317.697916 222.862185 127.940934 33.032123 -61.796281 -156.562444 -251.430858 -346.923067 -443.926105 -543.978794 -649.025569 -753.639469 -851.468089 -945.659681 -1032.866666 -1090.136643 -1122.366852 -1137.929284 -1144.588316 -1147.230141 -1148.336226 -1148.960238 -1149.464633 -1149.934477 -1150.369237 -1150.753227 -1151.076850 -1151.338753 -1151.543366 -1151.700092 -1151.828796 -1151.972062 -1152.248394 -1153.621478 -1163.888014 -1251.350763 -2100.157997 -4272.096545 -4282.177975 -4282.178216 -4282.178215 -4282.178215 -4282.178215 -4282.178215 -4282.178215 -4282.178215 -4282.178215 -4282.178215 -4282.178215 -4282.178215 -4282.178215 -4282.178215 -4282.178215 -4282.177765 -4266.147833 -1988.272063 -1224.374838 -1160.171983 -1153.180068 -1152.370778 -1152.257094 -1152.238560 -1152.236859 -1152.238261 -1152.239939 -1152.241338 -1152.242414 -1152.243228 -1152.243849 -1152.244330 -1152.244711 -1152.245018 -1152.245273 -1152.245497 -1152.245714 -1152.245954 -1152.246252 -1152.246665 -1152.247274 -1152.248208 -1152.249673 -1152.252012 -1152.255794 -1152.262012 -1152.272437 -1152.290350 -1152.322030 -1152.379783 -1152.488103 -1152.696177 -1153.104216 -1153.925093 -1155.650595 -1159.533936 -1168.973617 -1194.313471 -9999.0 -9999.0
-9999.0 -9999.0 689.305270 598.751892 506.190992 412.263423 317.697968 222.862202 127.940939 33.032125 -61.796281 -156.562444 -251.430858 -346.923067 -443.926105 -543.978794 -649.025569 -753.639469 -851.468089 -945.659681 -1032.866666 -1090.136643 -1122.366851 -1137.929284 -1144.588316 -1147.230141 -1148.336226 -1148.960238 -1149.464633 -1149.934477 -1150.369237 -1150.753227 -1151.076850 -1151.338753 -1151.543366 -1151.700092 -1151.828796 -1151.972062 -1152.248394 -1153.621478 -1163.888014 -1251.350763 -2100.157997 -4272.096545 -4282.177975 -4282.178216 -4282.178215 -4282.178215 -4282.178215 -4282.178215 -4282.178215 -4282.178215 -4282.178215 -4282.178215 -4282.178215 -4282.178215 -4282.178215 -4282.178215 -4282.178215 -4282.177765 -4266.147833 -1988.272063 -1224.374838 -1160.171983 -1153.180068 -1152.370778 -1152.257094 -1152.238560 -1152.236859 -1152.238261 -1152.239939 -1152.241338 -1152.242414 -1152.243228 -1152.243849 -1152.244330 -1152.244711 -1152.245018 -1152.245273 -1152.245497 -1152.245714 -1152.245954 -1152.246252 -1152.246665 -1152.247274 -1152.248208 -1152.249673 -1152.252012 -1152.255794 -1152.262012 -1152.272437 -1152.290350 -1152.322030 -1152.379783 -1152.488103 -1152.696177 -1153.104216 -1153.925093 -1155.650595 -1159.533936 -1168.973617 -1194.313471 -9999.0 -9999.0
-9999.0 -9999.0 689.306837 598.752716 506.191330 412.263549 317.698013 222.862219 127.940945 33.032127 -61.796280 -156.562444 -251.430858 -346.923067 -443.926105 -543.978795 -649.025570 -753.639469 -851.468089 -945.659681 -1032.866666 -1090.136643 -1122.366851 -1137.929284 -1144.588316 -1147.230141 -1148.336226 -1148.960238 -1149.464633 -1149.934477 -1150.369237 -1150.753227 -1151.076850 -1151.338753 -1151.543366 -1151.700092 -1151.828796 -1151.972062 -1152.248394 -1153.621478 -1163.888014 -1251.350763 -2100.157997 -4272.096545 -4282.177975 -4282.178216 -4282.178215 -4282.178215 -4282.178215 -4282.178215 -4282.178215 -4282.178215 -4282.178215 -4282.178215 -4282.178215 -4282.178215 -4282.178215 -4282.178215 -4282.178215 -4282.177765 -4266.147833 -1988.272063 -1224.374838 -1160.171983 -1153.180068 -1152.370778 -1152.257094 -1152.238560 -1152.236859 -1152.238261 -1152.239939 -1152.241338 -1152.242414 -1152.243228 -1152.243849 -1152.244330 -1152.244711 -1152.245018 -1152.245273 -1152.245497 -1152.245714 -1152.245954 -1152.246252 -1152.246665 -1152.247274 -1152.248208 -1152.249673 -1152.252012 -1152.255794 -1152.262012 -1152.272437 -1152.290350 -1152.322030 -1152.379783 -1152.488103 -1152.696177 -1153.104216 -1153.925093 -1155.650595 -1159.533936 -1168.973617 -1194.313471 -9999.0 -9999.0
-9999.0 -9999.0 689.306837 598.752716 506.191330 412.263549 317.698013 222.862218 127.940945 33.032127 -61.796280 -156.562444 -251.430858 -346.923067 -443.926106 -543.978795 -649.025570 -753.639469 -851.468089 -945.659681 -1032.866666 -1090.136643 -1122.366851 -1137.929284 -1144.588316 -1147.230141 -1148.336226 -1148.960238 -1149.464633 -1149.934477 -1150.369237 -1150.753227 -1151.076850 -1151.338753 -1151.543366 -1151.700092 -1151.828796 -1151.972062 -1152.248394 -1153.621478 -1163.888014 -1251.350763 -2100.157997 -4272.096545 -4282.177975 -4282.178216 -4282.178215 -4282.178215 -4282.178215 -4282.178215 -4282.178215 -4282.178215 -4282.178215 -4282.178215 -4282.178215 -4282.178215 -4282.178215 -4282.178215 -4282.178215 -4282.177765 -4266.147833 -1988.272063 -1224.374838 -1160.171983 -1153.180068 -1152.370778 -1152.257094 -1152.238560 -1152.236859 -1152.238261 -1152.239939 -1152.241338 -1152.242414 -1152.243228 -1152.243849 -1152.244330 -1152.244711 -1152.245018 -1152.245273 -1152.245497 -1152.245714 -1152.245954 -1152.246252 -1152.246665 -1152.247274 -1152.248208 -1152.249673 -1152.252012 -1152.255794 -1152.262012 -1152.272437 -1152.290350 -1152.322030 -1152.379783 -1152.488103 -1152.696177 -1153.104216 -1153.925093 -1155.650595 -1159.533936 -1168.973617 -1194.313471 -9999.0 -9999.0
-9999.0 -9999.0 689.305270 598.751892 506.190992 412.263423 317.697968 222.862202 127.940939 33.032125 -61.796281 -156.562444 -251.430858 -346.923067 -443.926105 -543.978794 -649.025569 -753.639469 -851.468089 -945.659681 -1032.866666 -1090.136643 -1122.366851 -1137.929284 -1144.588316 -1147.230141 -1148.336226 -1148.960238 -1149.464633 -1149.934477 -1150.369237 -1150.753227 -1151.076850 -1151.338753 -1151.543366 -1151.700092 -1151.828796 -1151.972062 -1152.248394 -1153.621478 -1163.888014 -1251.350763 -2100.157997 -4272.096545 -4282.177975 -4282.178216 -4282.178215 -4282.178215 -4282.178215 -4282.178215 -4282.178215 -4282.178215 -4282.178215 -4282.178215 -4282.178215 -4282.178215 -4282.178215 -4282.178215 -4282.178215 -4282.177765 -4266.147833 -1988.272063 -1224.374838 -1160.171983 -1153.180068 -1152.370778 -1152.257094 -1152.238560 -1152.236859 -1152.238261 -1152.239939 -1152.241338 -1152.242414 -1152.243228 -1152.243849 -1152.244330 -1152.244711 -1152.245018 -1152.245273 -1152.245497 -1152.245714 -1152.245954 -1152.246252 -1152.246665 -1152.247274 -1152.248208 -1152.249673 -1152.252012 -1152.255794 -1152.262012 -1152.272437 -1152.290350 -1152.322030 -1152.379783 -1152.488103 -1152.696177 -1153.104216 -1153.925093 -1155.650595 -1159.533936 -1168.973617 -1194.313471 -9999.0 -9999.0
-9999.0 -9999.0 689.300040 598.750188 506.190481 412.263264 317.697916 222.862185 127.940934 33.032123 -61.796281 -156.562444 -251.430858 -346.923067 -443.926105 -543.978794 -649.025569 -753.639469 -851.468089 -945.659681 -1032.866666 -1090.136643 -1122.366852 -1137.929284 -1144.588316 -1147.230141 -1148.336226 -1148.960238 -1149.464633 -1149.934477 -1150.369237 -1150.753227 -1151.076850 -1151.338753 -1151.543366 -1151.700092 -1151.828796 -1151.972062 -1152.248394 -1153.621478 -1163.888014 -1251.350763 -2100.157997 -4272.096545 -4282.177975 -4282.178216 -4282.178215 -4282.178215 -4282.178215 -4282.178215 -4282.178215 -4282.178215 -4282.178215 -4282.178215 -4282.178215 -4282.178215 -4282.178215 -4282.178215 -4282.178215 -4282.177765 -4266.147833 -1988.272063 -1224.374838 -1160.171983 -1153.180068 -1152.370778 -1152.257094 -1152.238560 -1152.236859 -1152.238261 -1152.239939 -1152.241338 -1152.242414 -1152.243228 -1152.243849 -1152.244330 -1152.244711 -1152.245018 -1152.245273 -1152.245497 -1152.245714 -1152.245954 -1152.246252 -1152.246665 -1152.247274 -1152.248208 -1152.249673 -1152.252012 -1152.255794 -1152.262012 -1152.272437 -1152.290350 -1152.322030 -1152.379783 -1152.488103 -1152.696177 -1153.104216 -1153.925093 -1155.650595 -1159.533936 -1168.973617 -1194.313471 -9999.0 -9999.0
-9999.0 -9999.0 -9999.0 -9999.0 -9999.0 -9999.0 -9999.0 -9999.0 -9999.0 -9999.0 -9999.0 -9999.0 -9999.0 -9999.0 -9999.0 -9999.0 -9999.0 -9999.0 -9999.0 -9999.0 -9999.0 -9999.0 -9999.0 -9999.0 -9999.0 -9999.0 -9999.0 -9999.0 -9999.0 -9999.0 -9999.0 -9999.0 -9999.0 -9999.0 -9999.0 -9999.0 -9999.0 -9999.0 -9999.0 -9999.0 -9999.0 -9999.0 -9999.0 -9999.0 -9999.0 -9999.0 -9999.0 -9999.0 -9999.0 -9999.0 -9999.0 -9999.0 -9999.0 -9999.0 -9999.0 -9999.0 -9999.0 -9999.0 -9999.0 -9999.0 -9999.0 -9999.0 -9999.0 -9999.0 -9999.0 -9999.0 -9999.0 -9999.0 -9999.0 -9999.0 -9999.0 -9999.0 -9999.0 -9999.0 -9999.0 -9999.0 -9999.0 -9999.0 -9999.0 -9999.0 -9999.0 -9999.0 -9999.0 -9999.0 -9999.0 -9999.0 -9999.0 -9999.0 -9999.0 -9999.0 -9999.0 -9999.0 -9999.0 -9999.0 -9999.0 -9999.0 -9999.0 -9999.0 -9999.0 -9999.0 -9999.0 -9999.0 -9999.0 -9999.0
-9999.0 -9999.0 -9999.0 -9999.0 -9999.0 -9999.0 -9999.0 -9999.0 -9999.0 -9999.0 -9999.0 -9999.0 -9999.0 -9999.0 -9999.0 -9999.0 -9999.0 -9999.0 -9999.0 -9999.0 -9999.0 -9999.0 -9999.0 -9999.0 -9999.0 -9999.0 -9999.0 -9999.0 -9999.0 -9999.0 -9999.0 -9999.0 -9999.0 -9999.0 -9999.0 -9999.0 -9999.0 -9999.0 -9999.0 -9999.0 -9999.0 -9999.0 -9999.0 -9999.0 -9999.0 -9999.0 -9999.0 -9999.0 -9999.0 -9999.0 -9999.0 -9999.0 -9999.0 -9999.0 -9999.0 -9999.0 -9999.0 -9999.0 -9999.0 -9999.0 -9999.0 -9999.0 -9999.0 -9999.0 -9999.0 -9999.0 -9999.0 -9999.0 -9999.0 -9999.0 -9999.0 -9999.0 -9999.0 -9999.0 -9999.0 -9999.0 -9999.0 -9999.0 -9999.0 -9999.0 -9999.0 -9999.0 -9999.0 -9999.0 -9999.0 -9999.0 -9999.0 -9999.0 -9999.0 -9999.0 -9999.0 -9999.0 -9999.0 -9999.0 -9999.0 -9999.0 -9999.0 -9999.0 -9999.0 -9999.0 -9999.0 -9999.0 -9999.0 -9999.0