inst/processing_geotop_simulation/geotop_simulation/out/maps3D/PwL0008N0253.asc
ncols         104
nrows         10
xllcorner     -2.000000
yllcorner     0.000000
cellsize      1.000000
NODATA_value  -9999.0
-9999.0 -9999.0 -9999.0 -9999.0 -9999.0 -9999.0 -9999.0 -9999.0 -9999.0 -9999.0 -9999.0 -9999.0 -9999.0 -9999.0 -9999.0 -9999.0 -9999.0 -9999.0 -9999.0 -9999.0 -9999.0 -9999.0 -9999.0 -9999.0 -9999.0 -9999.0 -9999.0 -9999.0 -9999.0 -9999.0 -9999.0 -9999.0 -9999.0 -9999.0 -9999.0 -9999.0 -9999.0 -9999.0 -9999.0 -9999.0 -9999.0 -9999.0 -9999.0 -9999.0 -9999.0 -9999.0 -9999.0 -9999.0 -9999.0 -9999.0 -9999.0 -9999.0 -9999.0 -9999.0 -9999.0 -9999.0 -9999.0 -9999.0 -9999.0 -9999.0 -9999.0 -9999.0 -9999.0 -9999.0 -9999.0 -9999.0 -9999.0 -9999.0 -9999.0 -9999.0 -9999.0 -9999.0 -9999.0 -9999.0 -9999.0 -9999.0 -9999.0 -9999.0 -9999.0 -9999.0 -9999.0 -9999.0 -9999.0 -9999.0 -9999.0 -9999.0 -9999.0 -9999.0 -9999.0 -9999.0 -9999.0 -9999.0 -9999.0 -9999.0 -9999.0 -9999.0 -9999.0 -9999.0 -9999.0 -9999.0 -9999.0 -9999.0 -9999.0 -9999.0
-9999.0 -9999.0 -9999.0 -9999.0 -9999.0 -9999.0 -9999.0 -9999.0 -9999.0 -9999.0 -9999.0 -9999.0 -9999.0 -9999.0 -9999.0 -9999.0 -9999.0 -9999.0 -9999.0 -9999.0 -9999.0 -9999.0 -9999.0 -9999.0 -9999.0 -9999.0 -9999.0 -9999.0 -9999.0 -9999.0 -9999.0 -9999.0 -9999.0 -9999.0 -9999.0 -9999.0 -9999.0 -9999.0 -9999.0 -9999.0 -9999.0 -9999.0 -9999.0 -9999.0 -9999.0 -9999.0 -9999.0 -9999.0 -9999.0 -9999.0 -9999.0 -9999.0 -9999.0 -9999.0 -9999.0 -9999.0 -9999.0 -9999.0 -9999.0 -9999.0 -9999.0 -9999.0 -9999.0 -9999.0 -9999.0 -9999.0 -9999.0 -9999.0 -9999.0 -9999.0 -9999.0 -9999.0 -9999.0 -9999.0 -9999.0 -9999.0 -9999.0 -9999.0 -9999.0 -9999.0 -9999.0 -9999.0 -9999.0 -9999.0 -9999.0 -9999.0 -9999.0 -9999.0 -9999.0 -9999.0 -9999.0 -9999.0 -9999.0 -9999.0 -9999.0 -9999.0 -9999.0 -9999.0 -9999.0 -9999.0 -9999.0 -9999.0 -9999.0 -9999.0
-9999.0 -9999.0 376.429932 280.430251 182.960401 84.904800 -13.385846 -111.768126 -210.179656 -308.569827 -406.884796 -505.016474 -602.729958 -699.568388 -796.506064 -893.299372 -989.798655 -1086.078415 -1179.333015 -1269.578743 -1354.229647 -1429.666948 -1493.061434 -1543.507282 -1581.886164 -1610.099033 -1630.318946 -1644.535969 -1654.380378 -1661.108955 -1665.656604 -1668.701227 -1670.724009 -1672.060106 -1672.939429 -1673.519697 -1673.917029 -1674.258973 -1674.895769 -1677.271686 -1685.485186 -1689.440161 -1208.068528 -1287.677961 -1255.393056 -1235.155113 -1225.829025 -1224.540503 -1224.407817 -1224.421819 -1224.456857 -1224.494432 -1224.530520 -1224.563924 -1224.594860 -1224.630269 -1224.737557 -1225.479645 -1230.327466 -1241.298597 -1256.834243 -1160.049854 -1660.626138 -1679.092574 -1675.951908 -1674.935941 -1674.747004 -1674.716774 -1674.712596 -1674.712644 -1674.713297 -1674.713918 -1674.714413 -1674.714793 -1674.715084 -1674.715311 -1674.715491 -1674.715638 -1674.715761 -1674.715870 -1674.715979 -1674.716099 -1674.716251 -1674.716461 -1674.716772 -1674.717249 -1674.718000 -1674.719203 -1674.721161 -1674.724410 -1674.729923 -1674.739533 -1674.756787 -1674.788700 -1674.849391 -1674.967879 -1675.206188 -1675.705677 -1676.815894 -1679.483274 -1686.634951 -1709.521206 -9999.0 -9999.0
-9999.0 -9999.0 376.437315 280.432128 182.960907 84.904950 -13.385798 -111.768110 -210.179650 -308.569824 -406.884795 -505.016473 -602.729957 -699.568388 -796.506064 -893.299372 -989.798655 -1086.078415 -1179.333015 -1269.578743 -1354.229647 -1429.666949 -1493.061434 -1543.507283 -1581.886164 -1610.099033 -1630.318946 -1644.535969 -1654.380378 -1661.108955 -1665.656604 -1668.701227 -1670.724009 -1672.060106 -1672.939429 -1673.519697 -1673.917029 -1674.258973 -1674.895769 -1677.271686 -1685.485186 -1689.440161 -1208.068528 -1287.677961 -1255.393055 -1235.155112 -1225.829025 -1224.540503 -1224.407817 -1224.421819 -1224.456857 -1224.494432 -1224.530520 -1224.563924 -1224.594860 -1224.630269 -1224.737557 -1225.479645 -1230.327466 -1241.298597 -1256.834243 -1160.049854 -1660.626138 -1679.092574 -1675.951908 -1674.935941 -1674.747004 -1674.716774 -1674.712596 -1674.712644 -1674.713297 -1674.713918 -1674.714413 -1674.714793 -1674.715084 -1674.715311 -1674.715491 -1674.715638 -1674.715761 -1674.715870 -1674.715979 -1674.716099 -1674.716251 -1674.716461 -1674.716772 -1674.717249 -1674.718000 -1674.719203 -1674.721161 -1674.724410 -1674.729923 -1674.739533 -1674.756787 -1674.788700 -1674.849391 -1674.967879 -1675.206188 -1675.705677 -1676.815894 -1679.483274 -1686.634951 -1709.521206 -9999.0 -9999.0
-9999.0 -9999.0 376.438830 280.432940 182.961231 84.905069 -13.385756 -111.768095 -210.179644 -308.569822 -406.884794 -505.016473 -602.729957 -699.568388 -796.506064 -893.299372 -989.798655 -1086.078415 -1179.333015 -1269.578743 -1354.229647 -1429.666949 -1493.061434 -1543.507283 -1581.886164 -1610.099034 -1630.318946 -1644.535969 -1654.380378 -1661.108955 -1665.656604 -1668.701227 -1670.724009 -1672.060106 -1672.939429 -1673.519697 -1673.917029 -1674.258973 -1674.895769 -1677.271686 -1685.485186 -1689.440161 -1208.068528 -1287.677961 -1255.393055 -1235.155112 -1225.829025 -1224.540503 -1224.407817 -1224.421819 -1224.456857 -1224.494432 -1224.530520 -1224.563924 -1224.594860 -1224.630269 -1224.737557 -1225.479645 -1230.327466 -1241.298597 -1256.834243 -1160.049854 -1660.626138 -1679.092574 -1675.951908 -1674.935941 -1674.747004 -1674.716774 -1674.712596 -1674.712644 -1674.713297 -1674.713918 -1674.714413 -1674.714793 -1674.715084 -1674.715311 -1674.715491 -1674.715638 -1674.715761 -1674.715870 -1674.715979 -1674.716099 -1674.716251 -1674.716461 -1674.716772 -1674.717249 -1674.718000 -1674.719203 -1674.721161 -1674.724410 -1674.729923 -1674.739533 -1674.756787 -1674.788700 -1674.849391 -1674.967879 -1675.206188 -1675.705677 -1676.815894 -1679.483274 -1686.634951 -1709.521206 -9999.0 -9999.0
-9999.0 -9999.0 376.438830 280.432939 182.961231 84.905069 -13.385756 -111.768095 -210.179644 -308.569822 -406.884794 -505.016473 -602.729957 -699.568388 -796.506064 -893.299372 -989.798655 -1086.078415 -1179.333015 -1269.578743 -1354.229647 -1429.666949 -1493.061434 -1543.507283 -1581.886164 -1610.099034 -1630.318946 -1644.535969 -1654.380378 -1661.108955 -1665.656604 -1668.701227 -1670.724009 -1672.060106 -1672.939429 -1673.519697 -1673.917029 -1674.258973 -1674.895769 -1677.271686 -1685.485186 -1689.440161 -1208.068528 -1287.677961 -1255.393055 -1235.155112 -1225.829025 -1224.540503 -1224.407817 -1224.421819 -1224.456857 -1224.494432 -1224.530520 -1224.563924 -1224.594860 -1224.630269 -1224.737557 -1225.479645 -1230.327466 -1241.298597 -1256.834243 -1160.049854 -1660.626138 -1679.092574 -1675.951908 -1674.935941 -1674.747004 -1674.716774 -1674.712596 -1674.712644 -1674.713297 -1674.713918 -1674.714413 -1674.714793 -1674.715084 -1674.715311 -1674.715491 -1674.715638 -1674.715761 -1674.715870 -1674.715979 -1674.716099 -1674.716251 -1674.716461 -1674.716772 -1674.717249 -1674.718000 -1674.719203 -1674.721161 -1674.724410 -1674.729923 -1674.739533 -1674.756787 -1674.788700 -1674.849391 -1674.967879 -1675.206188 -1675.705677 -1676.815894 -1679.483274 -1686.634951 -1709.521206 -9999.0 -9999.0
-9999.0 -9999.0 376.437315 280.432128 182.960907 84.904951 -13.385798 -111.768110 -210.179650 -308.569824 -406.884795 -505.016473 -602.729957 -699.568388 -796.506064 -893.299372 -989.798655 -1086.078415 -1179.333015 -1269.578743 -1354.229647 -1429.666949 -1493.061434 -1543.507283 -1581.886164 -1610.099033 -1630.318946 -1644.535969 -1654.380378 -1661.108955 -1665.656604 -1668.701227 -1670.724009 -1672.060106 -1672.939429 -1673.519697 -1673.917029 -1674.258973 -1674.895769 -1677.271686 -1685.485186 -1689.440161 -1208.068528 -1287.677961 -1255.393055 -1235.155112 -1225.829025 -1224.540503 -1224.407817 -1224.421819 -1224.456857 -1224.494432 -1224.530520 -1224.563924 -1224.594860 -1224.630269 -1224.737557 -1225.479645 -1230.327466 -1241.298597 -1256.834243 -1160.049854 -1660.626138 -1679.092574 -1675.951908 -1674.935941 -1674.747004 -1674.716774 -1674.712596 -1674.712644 -1674.713297 -1674.713918 -1674.714413 -1674.714793 -1674.715084 -1674.715311 -1674.715491 -1674.715638 -1674.715761 -1674.715870 -1674.715979 -1674.716099 -1674.716251 -1674.716461 -1674.716772 -1674.717249 -1674.718000 -1674.719203 -1674.721161 -1674.724410 -1674.729923 -1674.739533 -1674.756787 -1674.788700 -1674.849391 -1674.967879 -1675.206188 -1675.705677 -1676.815894 -1679.483274 -1686.634951 -1709.521206 -9999.0 -9999.0
-9999.0 -9999.0 376.429932 280.430250 182.960401 84.904800 -13.385846 -111.768126 -210.179656 -308.569827 -406.884796 -505.016474 -602.729958 -699.568388 -796.506064 -893.299372 -989.798655 -1086.078415 -1179.333015 -1269.578743 -1354.229647 -1429.666948 -1493.061434 -1543.507282 -1581.886164 -1610.099033 -1630.318946 -1644.535969 -1654.380378 -1661.108955 -1665.656604 -1668.701227 -1670.724009 -1672.060106 -1672.939429 -1673.519697 -1673.917029 -1674.258973 -1674.895769 -1677.271686 -1685.485186 -1689.440161 -1208.068528 -1287.677961 -1255.393056 -1235.155113 -1225.829025 -1224.540503 -1224.407817 -1224.421819 -1224.456857 -1224.494432 -1224.530520 -1224.563924 -1224.594860 -1224.630269 -1224.737557 -1225.479645 -1230.327466 -1241.298597 -1256.834243 -1160.049854 -1660.626138 -1679.092574 -1675.951908 -1674.935941 -1674.747004 -1674.716774 -1674.712596 -1674.712644 -1674.713297 -1674.713918 -1674.714413 -1674.714793 -1674.715084 -1674.715311 -1674.715491 -1674.715638 -1674.715761 -1674.715870 -1674.715979 -1674.716099 -1674.716251 -1674.716461 -1674.716772 -1674.717249 -1674.718000 -1674.719203 -1674.721161 -1674.724410 -1674.729923 -1674.739533 -1674.756787 -1674.788700 -1674.849391 -1674.967879 -1675.206188 -1675.705677 -1676.815894 -1679.483274 -1686.634951 -1709.521206 -9999.0 -9999.0
-9999.0 -9999.0 -9999.0 -9999.0 -9999.0 -9999.0 -9999.0 -9999.0 -9999.0 -9999.0 -9999.0 -9999.0 -9999.0 -9999.0 -9999.0 -9999.0 -9999.0 -9999.0 -9999.0 -9999.0 -9999.0 -9999.0 -9999.0 -9999.0 -9999.0 -9999.0 -9999.0 -9999.0 -9999.0 -9999.0 -9999.0 -9999.0 -9999.0 -9999.0 -9999.0 -9999.0 -9999.0 -9999.0 -9999.0 -9999.0 -9999.0 -9999.0 -9999.0 -9999.0 -9999.0 -9999.0 -9999.0 -9999.0 -9999.0 -9999.0 -9999.0 -9999.0 -9999.0 -9999.0 -9999.0 -9999.0 -9999.0 -9999.0 -9999.0 -9999.0 -9999.0 -9999.0 -9999.0 -9999.0 -9999.0 -9999.0 -9999.0 -9999.0 -9999.0 -9999.0 -9999.0 -9999.0 -9999.0 -9999.0 -9999.0 -9999.0 -9999.0 -9999.0 -9999.0 -9999.0 -9999.0 -9999.0 -9999.0 -9999.0 -9999.0 -9999.0 -9999.0 -9999.0 -9999.0 -9999.0 -9999.0 -9999.0 -9999.0 -9999.0 -9999.0 -9999.0 -9999.0 -9999.0 -9999.0 -9999.0 -9999.0 -9999.0 -9999.0 -9999.0
-9999.0 -9999.0 -9999.0 -9999.0 -9999.0 -9999.0 -9999.0 -9999.0 -9999.0 -9999.0 -9999.0 -9999.0 -9999.0 -9999.0 -9999.0 -9999.0 -9999.0 -9999.0 -9999.0 -9999.0 -9999.0 -9999.0 -9999.0 -9999.0 -9999.0 -9999.0 -9999.0 -9999.0 -9999.0 -9999.0 -9999.0 -9999.0 -9999.0 -9999.0 -9999.0 -9999.0 -9999.0 -9999.0 -9999.0 -9999.0 -9999.0 -9999.0 -9999.0 -9999.0 -9999.0 -9999.0 -9999.0 -9999.0 -9999.0 -9999.0 -9999.0 -9999.0 -9999.0 -9999.0 -9999.0 -9999.0 -9999.0 -9999.0 -9999.0 -9999.0 -9999.0 -9999.0 -9999.0 -9999.0 -9999.0 -9999.0 -9999.0 -9999.0 -9999.0 -9999.0 -9999.0 -9999.0 -9999.0 -9999.0 -9999.0 -9999.0 -9999.0 -9999.0 -9999.0 -9999.0 -9999.0 -9999.0 -9999.0 -9999.0 -9999.0 -9999.0 -9999.0 -9999.0 -9999.0 -9999.0 -9999.0 -9999.0 -9999.0 -9999.0 -9999.0 -9999.0 -9999.0 -9999.0 -9999.0 -9999.0 -9999.0 -9999.0 -9999.0 -9999.0