inst/processing_geotop_simulation/geotop_simulation/out/maps3D/PwL0003N0116.asc
ncols         104
nrows         10
xllcorner     -2.000000
yllcorner     0.000000
cellsize      1.000000
NODATA_value  -9999.0
-9999.0 -9999.0 -9999.0 -9999.0 -9999.0 -9999.0 -9999.0 -9999.0 -9999.0 -9999.0 -9999.0 -9999.0 -9999.0 -9999.0 -9999.0 -9999.0 -9999.0 -9999.0 -9999.0 -9999.0 -9999.0 -9999.0 -9999.0 -9999.0 -9999.0 -9999.0 -9999.0 -9999.0 -9999.0 -9999.0 -9999.0 -9999.0 -9999.0 -9999.0 -9999.0 -9999.0 -9999.0 -9999.0 -9999.0 -9999.0 -9999.0 -9999.0 -9999.0 -9999.0 -9999.0 -9999.0 -9999.0 -9999.0 -9999.0 -9999.0 -9999.0 -9999.0 -9999.0 -9999.0 -9999.0 -9999.0 -9999.0 -9999.0 -9999.0 -9999.0 -9999.0 -9999.0 -9999.0 -9999.0 -9999.0 -9999.0 -9999.0 -9999.0 -9999.0 -9999.0 -9999.0 -9999.0 -9999.0 -9999.0 -9999.0 -9999.0 -9999.0 -9999.0 -9999.0 -9999.0 -9999.0 -9999.0 -9999.0 -9999.0 -9999.0 -9999.0 -9999.0 -9999.0 -9999.0 -9999.0 -9999.0 -9999.0 -9999.0 -9999.0 -9999.0 -9999.0 -9999.0 -9999.0 -9999.0 -9999.0 -9999.0 -9999.0 -9999.0 -9999.0
-9999.0 -9999.0 -9999.0 -9999.0 -9999.0 -9999.0 -9999.0 -9999.0 -9999.0 -9999.0 -9999.0 -9999.0 -9999.0 -9999.0 -9999.0 -9999.0 -9999.0 -9999.0 -9999.0 -9999.0 -9999.0 -9999.0 -9999.0 -9999.0 -9999.0 -9999.0 -9999.0 -9999.0 -9999.0 -9999.0 -9999.0 -9999.0 -9999.0 -9999.0 -9999.0 -9999.0 -9999.0 -9999.0 -9999.0 -9999.0 -9999.0 -9999.0 -9999.0 -9999.0 -9999.0 -9999.0 -9999.0 -9999.0 -9999.0 -9999.0 -9999.0 -9999.0 -9999.0 -9999.0 -9999.0 -9999.0 -9999.0 -9999.0 -9999.0 -9999.0 -9999.0 -9999.0 -9999.0 -9999.0 -9999.0 -9999.0 -9999.0 -9999.0 -9999.0 -9999.0 -9999.0 -9999.0 -9999.0 -9999.0 -9999.0 -9999.0 -9999.0 -9999.0 -9999.0 -9999.0 -9999.0 -9999.0 -9999.0 -9999.0 -9999.0 -9999.0 -9999.0 -9999.0 -9999.0 -9999.0 -9999.0 -9999.0 -9999.0 -9999.0 -9999.0 -9999.0 -9999.0 -9999.0 -9999.0 -9999.0 -9999.0 -9999.0 -9999.0 -9999.0
-9999.0 -9999.0 136.179440 53.408626 -37.783398 -131.209232 -225.482735 -320.092557 -414.799474 -509.464521 -604.048337 -699.186222 -798.389746 -905.716095 -1011.974884 -1109.772228 -1216.023840 -1317.230788 -1389.689617 -1427.069747 -1443.131701 -1449.126481 -1450.991726 -1451.722118 -1452.578482 -1453.903308 -1455.603327 -1457.435100 -1459.170364 -1460.666782 -1461.870827 -1462.790586 -1463.465898 -1463.946256 -1464.278601 -1464.504011 -1464.663927 -1464.812416 -1465.044259 -1466.036515 -1472.612048 -1492.474962 -957.570783 -956.880288 -943.308726 -934.908970 -930.983622 -930.439245 -930.384790 -930.395099 -930.415476 -930.437111 -930.457873 -930.477080 -930.494746 -930.513776 -930.562931 -930.885480 -932.965755 -937.701580 -945.399100 -936.817664 -1473.743727 -1469.593264 -1465.763667 -1465.155431 -1465.058081 -1465.041488 -1465.040112 -1465.041564 -1465.043236 -1465.044619 -1465.045678 -1465.046478 -1465.047087 -1465.047558 -1465.047931 -1465.048230 -1465.048478 -1465.048696 -1465.048906 -1465.049137 -1465.049425 -1465.049822 -1465.050407 -1465.051305 -1465.052712 -1465.054957 -1465.058584 -1465.064540 -1465.074510 -1465.091609 -1465.121782 -1465.176657 -1465.279323 -1465.475873 -1465.858846 -1466.618396 -1468.169557 -1471.507018 -1479.306600 -1500.970199 -9999.0 -9999.0
-9999.0 -9999.0 136.191557 53.410992 -37.782800 -131.209058 -225.482680 -320.092539 -414.799467 -509.464519 -604.048336 -699.186221 -798.389746 -905.716095 -1011.974884 -1109.772228 -1216.023840 -1317.230788 -1389.689618 -1427.069747 -1443.131701 -1449.126481 -1450.991726 -1451.722118 -1452.578482 -1453.903308 -1455.603327 -1457.435100 -1459.170364 -1460.666782 -1461.870827 -1462.790586 -1463.465898 -1463.946256 -1464.278601 -1464.504011 -1464.663927 -1464.812416 -1465.044259 -1466.036515 -1472.612048 -1492.474962 -957.570783 -956.880288 -943.308726 -934.908970 -930.983622 -930.439245 -930.384790 -930.395099 -930.415476 -930.437111 -930.457873 -930.477080 -930.494746 -930.513776 -930.562931 -930.885480 -932.965755 -937.701580 -945.399100 -936.817664 -1473.743727 -1469.593264 -1465.763667 -1465.155431 -1465.058081 -1465.041488 -1465.040112 -1465.041564 -1465.043236 -1465.044619 -1465.045678 -1465.046478 -1465.047087 -1465.047558 -1465.047931 -1465.048230 -1465.048478 -1465.048696 -1465.048906 -1465.049137 -1465.049425 -1465.049822 -1465.050407 -1465.051305 -1465.052712 -1465.054957 -1465.058584 -1465.064540 -1465.074510 -1465.091609 -1465.121782 -1465.176657 -1465.279323 -1465.475873 -1465.858846 -1466.618396 -1468.169557 -1471.507018 -1479.306600 -1500.970199 -9999.0 -9999.0
-9999.0 -9999.0 136.193070 53.411938 -37.782425 -131.208922 -225.482632 -320.092522 -414.799461 -509.464517 -604.048335 -699.186221 -798.389746 -905.716095 -1011.974884 -1109.772228 -1216.023841 -1317.230788 -1389.689618 -1427.069747 -1443.131701 -1449.126481 -1450.991726 -1451.722118 -1452.578482 -1453.903308 -1455.603327 -1457.435100 -1459.170364 -1460.666782 -1461.870827 -1462.790586 -1463.465898 -1463.946256 -1464.278601 -1464.504011 -1464.663927 -1464.812416 -1465.044259 -1466.036515 -1472.612048 -1492.474962 -957.570783 -956.880288 -943.308726 -934.908969 -930.983622 -930.439245 -930.384790 -930.395099 -930.415476 -930.437111 -930.457873 -930.477080 -930.494746 -930.513776 -930.562931 -930.885480 -932.965755 -937.701580 -945.399100 -936.817664 -1473.743727 -1469.593264 -1465.763667 -1465.155431 -1465.058081 -1465.041488 -1465.040112 -1465.041564 -1465.043236 -1465.044619 -1465.045678 -1465.046478 -1465.047087 -1465.047558 -1465.047931 -1465.048230 -1465.048478 -1465.048696 -1465.048906 -1465.049137 -1465.049425 -1465.049822 -1465.050407 -1465.051305 -1465.052712 -1465.054957 -1465.058584 -1465.064540 -1465.074510 -1465.091609 -1465.121782 -1465.176657 -1465.279323 -1465.475873 -1465.858846 -1466.618396 -1468.169557 -1471.507018 -1479.306600 -1500.970199 -9999.0 -9999.0
-9999.0 -9999.0 136.193070 53.411938 -37.782425 -131.208922 -225.482632 -320.092522 -414.799461 -509.464517 -604.048335 -699.186221 -798.389746 -905.716095 -1011.974884 -1109.772228 -1216.023841 -1317.230788 -1389.689618 -1427.069747 -1443.131701 -1449.126481 -1450.991726 -1451.722118 -1452.578482 -1453.903308 -1455.603327 -1457.435100 -1459.170364 -1460.666782 -1461.870827 -1462.790586 -1463.465898 -1463.946256 -1464.278601 -1464.504011 -1464.663927 -1464.812416 -1465.044259 -1466.036515 -1472.612048 -1492.474962 -957.570783 -956.880288 -943.308726 -934.908969 -930.983622 -930.439245 -930.384790 -930.395099 -930.415476 -930.437111 -930.457873 -930.477080 -930.494746 -930.513776 -930.562931 -930.885480 -932.965755 -937.701580 -945.399100 -936.817664 -1473.743727 -1469.593264 -1465.763667 -1465.155431 -1465.058081 -1465.041488 -1465.040112 -1465.041564 -1465.043236 -1465.044619 -1465.045678 -1465.046478 -1465.047087 -1465.047558 -1465.047931 -1465.048230 -1465.048478 -1465.048696 -1465.048906 -1465.049137 -1465.049425 -1465.049822 -1465.050407 -1465.051305 -1465.052712 -1465.054957 -1465.058584 -1465.064540 -1465.074510 -1465.091609 -1465.121782 -1465.176657 -1465.279323 -1465.475873 -1465.858846 -1466.618396 -1468.169557 -1471.507018 -1479.306600 -1500.970199 -9999.0 -9999.0
-9999.0 -9999.0 136.191557 53.410992 -37.782800 -131.209058 -225.482680 -320.092539 -414.799467 -509.464519 -604.048336 -699.186221 -798.389746 -905.716095 -1011.974884 -1109.772228 -1216.023840 -1317.230788 -1389.689618 -1427.069747 -1443.131701 -1449.126481 -1450.991726 -1451.722118 -1452.578482 -1453.903308 -1455.603327 -1457.435100 -1459.170364 -1460.666782 -1461.870827 -1462.790586 -1463.465898 -1463.946256 -1464.278601 -1464.504011 -1464.663927 -1464.812416 -1465.044259 -1466.036515 -1472.612048 -1492.474962 -957.570783 -956.880288 -943.308726 -934.908970 -930.983622 -930.439245 -930.384790 -930.395099 -930.415476 -930.437111 -930.457873 -930.477080 -930.494746 -930.513776 -930.562931 -930.885480 -932.965755 -937.701580 -945.399100 -936.817664 -1473.743727 -1469.593264 -1465.763667 -1465.155431 -1465.058081 -1465.041488 -1465.040112 -1465.041564 -1465.043236 -1465.044619 -1465.045678 -1465.046478 -1465.047087 -1465.047558 -1465.047931 -1465.048230 -1465.048478 -1465.048696 -1465.048906 -1465.049137 -1465.049425 -1465.049822 -1465.050407 -1465.051305 -1465.052712 -1465.054957 -1465.058584 -1465.064540 -1465.074510 -1465.091609 -1465.121782 -1465.176657 -1465.279323 -1465.475873 -1465.858846 -1466.618396 -1468.169557 -1471.507018 -1479.306600 -1500.970199 -9999.0 -9999.0
-9999.0 -9999.0 136.179440 53.408626 -37.783397 -131.209232 -225.482735 -320.092557 -414.799474 -509.464521 -604.048337 -699.186222 -798.389746 -905.716095 -1011.974884 -1109.772228 -1216.023840 -1317.230788 -1389.689617 -1427.069747 -1443.131701 -1449.126481 -1450.991726 -1451.722118 -1452.578482 -1453.903308 -1455.603327 -1457.435100 -1459.170364 -1460.666782 -1461.870827 -1462.790586 -1463.465898 -1463.946256 -1464.278601 -1464.504011 -1464.663927 -1464.812416 -1465.044259 -1466.036515 -1472.612048 -1492.474962 -957.570783 -956.880288 -943.308726 -934.908970 -930.983622 -930.439245 -930.384790 -930.395099 -930.415476 -930.437111 -930.457873 -930.477080 -930.494746 -930.513776 -930.562931 -930.885480 -932.965755 -937.701580 -945.399100 -936.817664 -1473.743727 -1469.593264 -1465.763667 -1465.155431 -1465.058081 -1465.041488 -1465.040112 -1465.041564 -1465.043236 -1465.044619 -1465.045678 -1465.046478 -1465.047087 -1465.047558 -1465.047931 -1465.048230 -1465.048478 -1465.048696 -1465.048906 -1465.049137 -1465.049425 -1465.049822 -1465.050407 -1465.051305 -1465.052712 -1465.054957 -1465.058584 -1465.064540 -1465.074510 -1465.091609 -1465.121782 -1465.176657 -1465.279323 -1465.475873 -1465.858846 -1466.618396 -1468.169557 -1471.507018 -1479.306600 -1500.970199 -9999.0 -9999.0
-9999.0 -9999.0 -9999.0 -9999.0 -9999.0 -9999.0 -9999.0 -9999.0 -9999.0 -9999.0 -9999.0 -9999.0 -9999.0 -9999.0 -9999.0 -9999.0 -9999.0 -9999.0 -9999.0 -9999.0 -9999.0 -9999.0 -9999.0 -9999.0 -9999.0 -9999.0 -9999.0 -9999.0 -9999.0 -9999.0 -9999.0 -9999.0 -9999.0 -9999.0 -9999.0 -9999.0 -9999.0 -9999.0 -9999.0 -9999.0 -9999.0 -9999.0 -9999.0 -9999.0 -9999.0 -9999.0 -9999.0 -9999.0 -9999.0 -9999.0 -9999.0 -9999.0 -9999.0 -9999.0 -9999.0 -9999.0 -9999.0 -9999.0 -9999.0 -9999.0 -9999.0 -9999.0 -9999.0 -9999.0 -9999.0 -9999.0 -9999.0 -9999.0 -9999.0 -9999.0 -9999.0 -9999.0 -9999.0 -9999.0 -9999.0 -9999.0 -9999.0 -9999.0 -9999.0 -9999.0 -9999.0 -9999.0 -9999.0 -9999.0 -9999.0 -9999.0 -9999.0 -9999.0 -9999.0 -9999.0 -9999.0 -9999.0 -9999.0 -9999.0 -9999.0 -9999.0 -9999.0 -9999.0 -9999.0 -9999.0 -9999.0 -9999.0 -9999.0 -9999.0
-9999.0 -9999.0 -9999.0 -9999.0 -9999.0 -9999.0 -9999.0 -9999.0 -9999.0 -9999.0 -9999.0 -9999.0 -9999.0 -9999.0 -9999.0 -9999.0 -9999.0 -9999.0 -9999.0 -9999.0 -9999.0 -9999.0 -9999.0 -9999.0 -9999.0 -9999.0 -9999.0 -9999.0 -9999.0 -9999.0 -9999.0 -9999.0 -9999.0 -9999.0 -9999.0 -9999.0 -9999.0 -9999.0 -9999.0 -9999.0 -9999.0 -9999.0 -9999.0 -9999.0 -9999.0 -9999.0 -9999.0 -9999.0 -9999.0 -9999.0 -9999.0 -9999.0 -9999.0 -9999.0 -9999.0 -9999.0 -9999.0 -9999.0 -9999.0 -9999.0 -9999.0 -9999.0 -9999.0 -9999.0 -9999.0 -9999.0 -9999.0 -9999.0 -9999.0 -9999.0 -9999.0 -9999.0 -9999.0 -9999.0 -9999.0 -9999.0 -9999.0 -9999.0 -9999.0 -9999.0 -9999.0 -9999.0 -9999.0 -9999.0 -9999.0 -9999.0 -9999.0 -9999.0 -9999.0 -9999.0 -9999.0 -9999.0 -9999.0 -9999.0 -9999.0 -9999.0 -9999.0 -9999.0 -9999.0 -9999.0 -9999.0 -9999.0 -9999.0 -9999.0