inst/processing_geotop_simulation/geotop_simulation/out/maps3D/PwL0007N0401.asc
ncols         104
nrows         10
xllcorner     -2.000000
yllcorner     0.000000
cellsize      1.000000
NODATA_value  -9999.0
-9999.0 -9999.0 -9999.0 -9999.0 -9999.0 -9999.0 -9999.0 -9999.0 -9999.0 -9999.0 -9999.0 -9999.0 -9999.0 -9999.0 -9999.0 -9999.0 -9999.0 -9999.0 -9999.0 -9999.0 -9999.0 -9999.0 -9999.0 -9999.0 -9999.0 -9999.0 -9999.0 -9999.0 -9999.0 -9999.0 -9999.0 -9999.0 -9999.0 -9999.0 -9999.0 -9999.0 -9999.0 -9999.0 -9999.0 -9999.0 -9999.0 -9999.0 -9999.0 -9999.0 -9999.0 -9999.0 -9999.0 -9999.0 -9999.0 -9999.0 -9999.0 -9999.0 -9999.0 -9999.0 -9999.0 -9999.0 -9999.0 -9999.0 -9999.0 -9999.0 -9999.0 -9999.0 -9999.0 -9999.0 -9999.0 -9999.0 -9999.0 -9999.0 -9999.0 -9999.0 -9999.0 -9999.0 -9999.0 -9999.0 -9999.0 -9999.0 -9999.0 -9999.0 -9999.0 -9999.0 -9999.0 -9999.0 -9999.0 -9999.0 -9999.0 -9999.0 -9999.0 -9999.0 -9999.0 -9999.0 -9999.0 -9999.0 -9999.0 -9999.0 -9999.0 -9999.0 -9999.0 -9999.0 -9999.0 -9999.0 -9999.0 -9999.0 -9999.0 -9999.0
-9999.0 -9999.0 -9999.0 -9999.0 -9999.0 -9999.0 -9999.0 -9999.0 -9999.0 -9999.0 -9999.0 -9999.0 -9999.0 -9999.0 -9999.0 -9999.0 -9999.0 -9999.0 -9999.0 -9999.0 -9999.0 -9999.0 -9999.0 -9999.0 -9999.0 -9999.0 -9999.0 -9999.0 -9999.0 -9999.0 -9999.0 -9999.0 -9999.0 -9999.0 -9999.0 -9999.0 -9999.0 -9999.0 -9999.0 -9999.0 -9999.0 -9999.0 -9999.0 -9999.0 -9999.0 -9999.0 -9999.0 -9999.0 -9999.0 -9999.0 -9999.0 -9999.0 -9999.0 -9999.0 -9999.0 -9999.0 -9999.0 -9999.0 -9999.0 -9999.0 -9999.0 -9999.0 -9999.0 -9999.0 -9999.0 -9999.0 -9999.0 -9999.0 -9999.0 -9999.0 -9999.0 -9999.0 -9999.0 -9999.0 -9999.0 -9999.0 -9999.0 -9999.0 -9999.0 -9999.0 -9999.0 -9999.0 -9999.0 -9999.0 -9999.0 -9999.0 -9999.0 -9999.0 -9999.0 -9999.0 -9999.0 -9999.0 -9999.0 -9999.0 -9999.0 -9999.0 -9999.0 -9999.0 -9999.0 -9999.0 -9999.0 -9999.0 -9999.0 -9999.0
-9999.0 -9999.0 323.907147 225.742126 126.853611 27.700416 -71.555016 -170.852449 -270.162331 -369.463838 -468.736448 -567.941569 -667.000182 -765.898055 -864.772575 -963.607415 -1062.362915 -1160.787496 -1258.350575 -1354.597547 -1448.355524 -1537.524710 -1619.221476 -1690.707485 -1750.374167 -1798.079374 -1834.857233 -1862.383310 -1882.502629 -1896.933061 -1907.128484 -1914.245947 -1919.167753 -1922.546120 -1924.852612 -1926.425246 -1927.517340 -1928.382120 -1929.511456 -1932.067452 -1934.861627 -1891.457267 -1224.544343 -1264.935695 -1245.554672 -1232.640407 -1226.620153 -1225.718109 -1225.621493 -1225.629747 -1225.652951 -1225.677975 -1225.702031 -1225.724314 -1225.745051 -1225.769677 -1225.849168 -1226.384657 -1229.570557 -1236.646699 -1245.100852 -1192.247578 -1861.871137 -1928.239593 -1930.712022 -1930.036117 -1929.814879 -1929.770370 -1929.763074 -1929.762361 -1929.762691 -1929.763109 -1929.763462 -1929.763740 -1929.763959 -1929.764133 -1929.764276 -1929.764395 -1929.764499 -1929.764595 -1929.764691 -1929.764797 -1929.764928 -1929.765102 -1929.765352 -1929.765726 -1929.766305 -1929.767224 -1929.768713 -1929.771188 -1929.775408 -1929.782822 -1929.796256 -1929.821362 -1929.869706 -1929.965798 -1930.164432 -1930.597209 -1931.607371 -1934.182502 -1941.550266 -1965.930998 -9999.0 -9999.0
-9999.0 -9999.0 323.914215 225.743834 126.854064 27.700550 -71.554973 -170.852434 -270.162326 -369.463836 -468.736447 -567.941569 -667.000182 -765.898055 -864.772575 -963.607415 -1062.362915 -1160.787496 -1258.350576 -1354.597547 -1448.355525 -1537.524710 -1619.221476 -1690.707485 -1750.374167 -1798.079374 -1834.857233 -1862.383310 -1882.502629 -1896.933061 -1907.128484 -1914.245947 -1919.167753 -1922.546120 -1924.852612 -1926.425246 -1927.517340 -1928.382120 -1929.511456 -1932.067452 -1934.861627 -1891.457267 -1224.544343 -1264.935695 -1245.554672 -1232.640407 -1226.620153 -1225.718109 -1225.621493 -1225.629747 -1225.652951 -1225.677975 -1225.702031 -1225.724314 -1225.745051 -1225.769677 -1225.849168 -1226.384657 -1229.570557 -1236.646699 -1245.100852 -1192.247578 -1861.871137 -1928.239593 -1930.712022 -1930.036117 -1929.814879 -1929.770370 -1929.763074 -1929.762361 -1929.762691 -1929.763109 -1929.763462 -1929.763740 -1929.763959 -1929.764133 -1929.764275 -1929.764395 -1929.764499 -1929.764595 -1929.764691 -1929.764797 -1929.764928 -1929.765102 -1929.765352 -1929.765726 -1929.766305 -1929.767224 -1929.768713 -1929.771188 -1929.775408 -1929.782822 -1929.796256 -1929.821362 -1929.869706 -1929.965798 -1930.164432 -1930.597209 -1931.607371 -1934.182502 -1941.550265 -1965.930998 -9999.0 -9999.0
-9999.0 -9999.0 323.915553 225.744561 126.854354 27.700656 -71.554935 -170.852420 -270.162321 -369.463834 -468.736447 -567.941569 -667.000182 -765.898055 -864.772575 -963.607415 -1062.362915 -1160.787496 -1258.350576 -1354.597547 -1448.355525 -1537.524710 -1619.221476 -1690.707485 -1750.374167 -1798.079374 -1834.857234 -1862.383310 -1882.502629 -1896.933061 -1907.128484 -1914.245947 -1919.167753 -1922.546120 -1924.852612 -1926.425246 -1927.517340 -1928.382120 -1929.511456 -1932.067452 -1934.861627 -1891.457267 -1224.544343 -1264.935695 -1245.554672 -1232.640407 -1226.620153 -1225.718109 -1225.621493 -1225.629747 -1225.652951 -1225.677975 -1225.702031 -1225.724314 -1225.745051 -1225.769677 -1225.849168 -1226.384657 -1229.570557 -1236.646699 -1245.100852 -1192.247578 -1861.871137 -1928.239593 -1930.712022 -1930.036117 -1929.814879 -1929.770370 -1929.763074 -1929.762361 -1929.762691 -1929.763109 -1929.763462 -1929.763740 -1929.763959 -1929.764133 -1929.764275 -1929.764395 -1929.764499 -1929.764595 -1929.764691 -1929.764797 -1929.764928 -1929.765102 -1929.765352 -1929.765726 -1929.766305 -1929.767224 -1929.768713 -1929.771188 -1929.775408 -1929.782822 -1929.796256 -1929.821362 -1929.869706 -1929.965798 -1930.164432 -1930.597209 -1931.607371 -1934.182502 -1941.550265 -1965.930998 -9999.0 -9999.0
-9999.0 -9999.0 323.915553 225.744561 126.854354 27.700656 -71.554935 -170.852421 -270.162321 -369.463834 -468.736447 -567.941569 -667.000182 -765.898055 -864.772575 -963.607415 -1062.362915 -1160.787496 -1258.350576 -1354.597547 -1448.355525 -1537.524710 -1619.221476 -1690.707485 -1750.374167 -1798.079374 -1834.857234 -1862.383310 -1882.502629 -1896.933061 -1907.128484 -1914.245947 -1919.167753 -1922.546120 -1924.852612 -1926.425246 -1927.517340 -1928.382120 -1929.511456 -1932.067452 -1934.861627 -1891.457267 -1224.544343 -1264.935695 -1245.554672 -1232.640407 -1226.620153 -1225.718109 -1225.621493 -1225.629747 -1225.652951 -1225.677975 -1225.702031 -1225.724314 -1225.745051 -1225.769677 -1225.849168 -1226.384657 -1229.570557 -1236.646699 -1245.100852 -1192.247578 -1861.871137 -1928.239593 -1930.712022 -1930.036117 -1929.814879 -1929.770370 -1929.763074 -1929.762361 -1929.762691 -1929.763109 -1929.763462 -1929.763740 -1929.763959 -1929.764133 -1929.764275 -1929.764395 -1929.764499 -1929.764595 -1929.764691 -1929.764797 -1929.764928 -1929.765102 -1929.765352 -1929.765726 -1929.766305 -1929.767224 -1929.768713 -1929.771188 -1929.775408 -1929.782822 -1929.796256 -1929.821362 -1929.869706 -1929.965798 -1930.164432 -1930.597209 -1931.607371 -1934.182502 -1941.550265 -1965.930998 -9999.0 -9999.0
-9999.0 -9999.0 323.914215 225.743834 126.854064 27.700550 -71.554973 -170.852434 -270.162326 -369.463836 -468.736447 -567.941569 -667.000182 -765.898055 -864.772575 -963.607415 -1062.362915 -1160.787496 -1258.350576 -1354.597547 -1448.355525 -1537.524710 -1619.221476 -1690.707485 -1750.374167 -1798.079374 -1834.857233 -1862.383310 -1882.502629 -1896.933061 -1907.128484 -1914.245947 -1919.167753 -1922.546120 -1924.852612 -1926.425246 -1927.517340 -1928.382120 -1929.511456 -1932.067452 -1934.861627 -1891.457267 -1224.544343 -1264.935695 -1245.554672 -1232.640407 -1226.620153 -1225.718109 -1225.621493 -1225.629747 -1225.652951 -1225.677975 -1225.702031 -1225.724314 -1225.745051 -1225.769677 -1225.849168 -1226.384657 -1229.570557 -1236.646699 -1245.100852 -1192.247578 -1861.871137 -1928.239593 -1930.712022 -1930.036117 -1929.814879 -1929.770370 -1929.763074 -1929.762361 -1929.762691 -1929.763109 -1929.763462 -1929.763740 -1929.763959 -1929.764133 -1929.764275 -1929.764395 -1929.764499 -1929.764595 -1929.764691 -1929.764797 -1929.764928 -1929.765102 -1929.765352 -1929.765726 -1929.766305 -1929.767224 -1929.768713 -1929.771188 -1929.775408 -1929.782822 -1929.796256 -1929.821362 -1929.869706 -1929.965798 -1930.164432 -1930.597209 -1931.607371 -1934.182502 -1941.550265 -1965.930998 -9999.0 -9999.0
-9999.0 -9999.0 323.907147 225.742126 126.853611 27.700416 -71.555016 -170.852449 -270.162331 -369.463838 -468.736448 -567.941569 -667.000182 -765.898055 -864.772575 -963.607415 -1062.362915 -1160.787496 -1258.350575 -1354.597547 -1448.355524 -1537.524710 -1619.221476 -1690.707485 -1750.374167 -1798.079374 -1834.857233 -1862.383310 -1882.502629 -1896.933061 -1907.128484 -1914.245947 -1919.167753 -1922.546120 -1924.852612 -1926.425246 -1927.517340 -1928.382120 -1929.511456 -1932.067452 -1934.861627 -1891.457267 -1224.544343 -1264.935695 -1245.554672 -1232.640407 -1226.620153 -1225.718109 -1225.621493 -1225.629747 -1225.652951 -1225.677975 -1225.702031 -1225.724314 -1225.745051 -1225.769677 -1225.849168 -1226.384657 -1229.570557 -1236.646699 -1245.100852 -1192.247578 -1861.871137 -1928.239593 -1930.712022 -1930.036117 -1929.814879 -1929.770370 -1929.763074 -1929.762361 -1929.762691 -1929.763109 -1929.763462 -1929.763740 -1929.763959 -1929.764133 -1929.764276 -1929.764395 -1929.764499 -1929.764595 -1929.764691 -1929.764797 -1929.764928 -1929.765102 -1929.765352 -1929.765726 -1929.766305 -1929.767224 -1929.768713 -1929.771188 -1929.775408 -1929.782822 -1929.796256 -1929.821362 -1929.869706 -1929.965798 -1930.164432 -1930.597209 -1931.607371 -1934.182502 -1941.550266 -1965.930998 -9999.0 -9999.0
-9999.0 -9999.0 -9999.0 -9999.0 -9999.0 -9999.0 -9999.0 -9999.0 -9999.0 -9999.0 -9999.0 -9999.0 -9999.0 -9999.0 -9999.0 -9999.0 -9999.0 -9999.0 -9999.0 -9999.0 -9999.0 -9999.0 -9999.0 -9999.0 -9999.0 -9999.0 -9999.0 -9999.0 -9999.0 -9999.0 -9999.0 -9999.0 -9999.0 -9999.0 -9999.0 -9999.0 -9999.0 -9999.0 -9999.0 -9999.0 -9999.0 -9999.0 -9999.0 -9999.0 -9999.0 -9999.0 -9999.0 -9999.0 -9999.0 -9999.0 -9999.0 -9999.0 -9999.0 -9999.0 -9999.0 -9999.0 -9999.0 -9999.0 -9999.0 -9999.0 -9999.0 -9999.0 -9999.0 -9999.0 -9999.0 -9999.0 -9999.0 -9999.0 -9999.0 -9999.0 -9999.0 -9999.0 -9999.0 -9999.0 -9999.0 -9999.0 -9999.0 -9999.0 -9999.0 -9999.0 -9999.0 -9999.0 -9999.0 -9999.0 -9999.0 -9999.0 -9999.0 -9999.0 -9999.0 -9999.0 -9999.0 -9999.0 -9999.0 -9999.0 -9999.0 -9999.0 -9999.0 -9999.0 -9999.0 -9999.0 -9999.0 -9999.0 -9999.0 -9999.0
-9999.0 -9999.0 -9999.0 -9999.0 -9999.0 -9999.0 -9999.0 -9999.0 -9999.0 -9999.0 -9999.0 -9999.0 -9999.0 -9999.0 -9999.0 -9999.0 -9999.0 -9999.0 -9999.0 -9999.0 -9999.0 -9999.0 -9999.0 -9999.0 -9999.0 -9999.0 -9999.0 -9999.0 -9999.0 -9999.0 -9999.0 -9999.0 -9999.0 -9999.0 -9999.0 -9999.0 -9999.0 -9999.0 -9999.0 -9999.0 -9999.0 -9999.0 -9999.0 -9999.0 -9999.0 -9999.0 -9999.0 -9999.0 -9999.0 -9999.0 -9999.0 -9999.0 -9999.0 -9999.0 -9999.0 -9999.0 -9999.0 -9999.0 -9999.0 -9999.0 -9999.0 -9999.0 -9999.0 -9999.0 -9999.0 -9999.0 -9999.0 -9999.0 -9999.0 -9999.0 -9999.0 -9999.0 -9999.0 -9999.0 -9999.0 -9999.0 -9999.0 -9999.0 -9999.0 -9999.0 -9999.0 -9999.0 -9999.0 -9999.0 -9999.0 -9999.0 -9999.0 -9999.0 -9999.0 -9999.0 -9999.0 -9999.0 -9999.0 -9999.0 -9999.0 -9999.0 -9999.0 -9999.0 -9999.0 -9999.0 -9999.0 -9999.0 -9999.0 -9999.0