inst/processing_geotop_simulation/geotop_simulation/out/maps3D/PwL0013N0056.asc
ncols         104
nrows         10
xllcorner     -2.000000
yllcorner     0.000000
cellsize      1.000000
NODATA_value  -9999.0
-9999.0 -9999.0 -9999.0 -9999.0 -9999.0 -9999.0 -9999.0 -9999.0 -9999.0 -9999.0 -9999.0 -9999.0 -9999.0 -9999.0 -9999.0 -9999.0 -9999.0 -9999.0 -9999.0 -9999.0 -9999.0 -9999.0 -9999.0 -9999.0 -9999.0 -9999.0 -9999.0 -9999.0 -9999.0 -9999.0 -9999.0 -9999.0 -9999.0 -9999.0 -9999.0 -9999.0 -9999.0 -9999.0 -9999.0 -9999.0 -9999.0 -9999.0 -9999.0 -9999.0 -9999.0 -9999.0 -9999.0 -9999.0 -9999.0 -9999.0 -9999.0 -9999.0 -9999.0 -9999.0 -9999.0 -9999.0 -9999.0 -9999.0 -9999.0 -9999.0 -9999.0 -9999.0 -9999.0 -9999.0 -9999.0 -9999.0 -9999.0 -9999.0 -9999.0 -9999.0 -9999.0 -9999.0 -9999.0 -9999.0 -9999.0 -9999.0 -9999.0 -9999.0 -9999.0 -9999.0 -9999.0 -9999.0 -9999.0 -9999.0 -9999.0 -9999.0 -9999.0 -9999.0 -9999.0 -9999.0 -9999.0 -9999.0 -9999.0 -9999.0 -9999.0 -9999.0 -9999.0 -9999.0 -9999.0 -9999.0 -9999.0 -9999.0 -9999.0 -9999.0
-9999.0 -9999.0 -9999.0 -9999.0 -9999.0 -9999.0 -9999.0 -9999.0 -9999.0 -9999.0 -9999.0 -9999.0 -9999.0 -9999.0 -9999.0 -9999.0 -9999.0 -9999.0 -9999.0 -9999.0 -9999.0 -9999.0 -9999.0 -9999.0 -9999.0 -9999.0 -9999.0 -9999.0 -9999.0 -9999.0 -9999.0 -9999.0 -9999.0 -9999.0 -9999.0 -9999.0 -9999.0 -9999.0 -9999.0 -9999.0 -9999.0 -9999.0 -9999.0 -9999.0 -9999.0 -9999.0 -9999.0 -9999.0 -9999.0 -9999.0 -9999.0 -9999.0 -9999.0 -9999.0 -9999.0 -9999.0 -9999.0 -9999.0 -9999.0 -9999.0 -9999.0 -9999.0 -9999.0 -9999.0 -9999.0 -9999.0 -9999.0 -9999.0 -9999.0 -9999.0 -9999.0 -9999.0 -9999.0 -9999.0 -9999.0 -9999.0 -9999.0 -9999.0 -9999.0 -9999.0 -9999.0 -9999.0 -9999.0 -9999.0 -9999.0 -9999.0 -9999.0 -9999.0 -9999.0 -9999.0 -9999.0 -9999.0 -9999.0 -9999.0 -9999.0 -9999.0 -9999.0 -9999.0 -9999.0 -9999.0 -9999.0 -9999.0 -9999.0 -9999.0
-9999.0 -9999.0 -283.615165 -397.753693 -523.849389 -655.224430 -766.972644 -835.507972 -866.757310 -877.399877 -865.755240 -843.549885 -820.426326 -796.170252 -775.171553 -760.699393 -773.668880 -810.080028 -845.526640 -881.849101 -886.404300 -864.980260 -853.279805 -849.100031 -850.073607 -854.220124 -859.979916 -866.188771 -872.064489 -877.169757 -881.332580 -884.559017 -886.957339 -888.677747 -889.872708 -890.677686 -891.218765 -891.653693 -892.082544 -892.378078 -896.870522 -969.542092 -2256.273853 -4329.418054 -4331.683146 -4331.683168 -4331.683168 -4331.683168 -4331.683168 -4331.683168 -4331.683168 -4331.683168 -4331.683168 -4331.683168 -4331.683168 -4331.683168 -4331.683168 -4331.683168 -4331.683168 -4331.683126 -4328.135477 -2157.493994 -950.205775 -896.583452 -893.061678 -892.517168 -892.398967 -892.377879 -892.377917 -892.381718 -892.385486 -892.388511 -892.390809 -892.392542 -892.393865 -892.394891 -892.395705 -892.396359 -892.396900 -892.397372 -892.397824 -892.398314 -892.398917 -892.399743 -892.400953 -892.402801 -892.405692 -892.410286 -892.417681 -892.429758 -892.449836 -892.483983 -892.543693 -892.651369 -892.851495 -893.232944 -893.973028 -895.427437 -898.341430 -904.460533 -918.407915 -952.016094 -9999.0 -9999.0
-9999.0 -9999.0 -283.615166 -397.753691 -523.849387 -655.224424 -766.972641 -835.507972 -866.757311 -877.399878 -865.755240 -843.549885 -820.426326 -796.170252 -775.171553 -760.699393 -773.668880 -810.080028 -845.526640 -881.849101 -886.404300 -864.980260 -853.279805 -849.100031 -850.073607 -854.220124 -859.979916 -866.188771 -872.064489 -877.169757 -881.332580 -884.559017 -886.957339 -888.677747 -889.872708 -890.677686 -891.218765 -891.653693 -892.082544 -892.378078 -896.870522 -969.542092 -2256.273853 -4329.418054 -4331.683146 -4331.683168 -4331.683168 -4331.683168 -4331.683168 -4331.683168 -4331.683168 -4331.683168 -4331.683168 -4331.683168 -4331.683168 -4331.683168 -4331.683168 -4331.683168 -4331.683168 -4331.683126 -4328.135477 -2157.493994 -950.205775 -896.583452 -893.061678 -892.517168 -892.398967 -892.377879 -892.377917 -892.381718 -892.385486 -892.388511 -892.390809 -892.392542 -892.393865 -892.394891 -892.395705 -892.396359 -892.396900 -892.397372 -892.397824 -892.398314 -892.398917 -892.399743 -892.400953 -892.402801 -892.405692 -892.410286 -892.417681 -892.429758 -892.449836 -892.483983 -892.543693 -892.651369 -892.851495 -893.232944 -893.973028 -895.427437 -898.341430 -904.460533 -918.407915 -952.016094 -9999.0 -9999.0
-9999.0 -9999.0 -283.615166 -397.753691 -523.849383 -655.224421 -766.972639 -835.507972 -866.757312 -877.399879 -865.755240 -843.549885 -820.426326 -796.170252 -775.171553 -760.699393 -773.668880 -810.080028 -845.526640 -881.849101 -886.404300 -864.980260 -853.279805 -849.100031 -850.073607 -854.220124 -859.979916 -866.188771 -872.064489 -877.169757 -881.332580 -884.559017 -886.957339 -888.677747 -889.872708 -890.677686 -891.218765 -891.653693 -892.082544 -892.378078 -896.870522 -969.542092 -2256.273853 -4329.418054 -4331.683146 -4331.683168 -4331.683168 -4331.683168 -4331.683168 -4331.683168 -4331.683168 -4331.683168 -4331.683168 -4331.683168 -4331.683168 -4331.683168 -4331.683168 -4331.683168 -4331.683168 -4331.683126 -4328.135477 -2157.493994 -950.205775 -896.583452 -893.061678 -892.517168 -892.398967 -892.377879 -892.377917 -892.381718 -892.385486 -892.388511 -892.390809 -892.392542 -892.393865 -892.394891 -892.395705 -892.396359 -892.396900 -892.397372 -892.397824 -892.398314 -892.398917 -892.399743 -892.400953 -892.402801 -892.405692 -892.410286 -892.417681 -892.429758 -892.449836 -892.483983 -892.543693 -892.651369 -892.851495 -893.232944 -893.973028 -895.427437 -898.341430 -904.460533 -918.407915 -952.016094 -9999.0 -9999.0
-9999.0 -9999.0 -283.615167 -397.753691 -523.849384 -655.224420 -766.972639 -835.507972 -866.757312 -877.399879 -865.755240 -843.549885 -820.426326 -796.170252 -775.171553 -760.699393 -773.668880 -810.080028 -845.526640 -881.849101 -886.404300 -864.980260 -853.279805 -849.100031 -850.073607 -854.220124 -859.979916 -866.188771 -872.064489 -877.169757 -881.332580 -884.559017 -886.957339 -888.677747 -889.872708 -890.677686 -891.218765 -891.653693 -892.082544 -892.378078 -896.870522 -969.542092 -2256.273853 -4329.418054 -4331.683146 -4331.683168 -4331.683168 -4331.683168 -4331.683168 -4331.683168 -4331.683168 -4331.683168 -4331.683168 -4331.683168 -4331.683168 -4331.683168 -4331.683168 -4331.683168 -4331.683168 -4331.683126 -4328.135477 -2157.493994 -950.205775 -896.583452 -893.061678 -892.517168 -892.398967 -892.377879 -892.377917 -892.381718 -892.385486 -892.388511 -892.390809 -892.392542 -892.393865 -892.394891 -892.395705 -892.396359 -892.396900 -892.397372 -892.397824 -892.398314 -892.398917 -892.399743 -892.400953 -892.402801 -892.405692 -892.410286 -892.417681 -892.429758 -892.449836 -892.483983 -892.543693 -892.651369 -892.851495 -893.232944 -893.973028 -895.427437 -898.341430 -904.460533 -918.407915 -952.016094 -9999.0 -9999.0
-9999.0 -9999.0 -283.615166 -397.753692 -523.849386 -655.224425 -766.972641 -835.507972 -866.757311 -877.399878 -865.755240 -843.549885 -820.426326 -796.170252 -775.171553 -760.699393 -773.668880 -810.080028 -845.526640 -881.849101 -886.404300 -864.980260 -853.279805 -849.100031 -850.073607 -854.220124 -859.979916 -866.188771 -872.064489 -877.169757 -881.332580 -884.559017 -886.957339 -888.677747 -889.872708 -890.677686 -891.218765 -891.653693 -892.082544 -892.378078 -896.870522 -969.542092 -2256.273853 -4329.418054 -4331.683146 -4331.683168 -4331.683168 -4331.683168 -4331.683168 -4331.683168 -4331.683168 -4331.683168 -4331.683168 -4331.683168 -4331.683168 -4331.683168 -4331.683168 -4331.683168 -4331.683168 -4331.683126 -4328.135477 -2157.493994 -950.205775 -896.583452 -893.061678 -892.517168 -892.398967 -892.377879 -892.377917 -892.381718 -892.385486 -892.388511 -892.390809 -892.392542 -892.393865 -892.394891 -892.395705 -892.396359 -892.396900 -892.397372 -892.397824 -892.398314 -892.398917 -892.399743 -892.400953 -892.402801 -892.405692 -892.410286 -892.417681 -892.429758 -892.449836 -892.483983 -892.543693 -892.651369 -892.851495 -893.232944 -893.973028 -895.427437 -898.341430 -904.460533 -918.407915 -952.016094 -9999.0 -9999.0
-9999.0 -9999.0 -283.615165 -397.753692 -523.849390 -655.224430 -766.972644 -835.507972 -866.757310 -877.399877 -865.755240 -843.549885 -820.426326 -796.170252 -775.171553 -760.699393 -773.668880 -810.080028 -845.526640 -881.849101 -886.404300 -864.980260 -853.279805 -849.100031 -850.073607 -854.220124 -859.979916 -866.188771 -872.064489 -877.169757 -881.332580 -884.559017 -886.957339 -888.677747 -889.872708 -890.677686 -891.218765 -891.653693 -892.082544 -892.378078 -896.870522 -969.542092 -2256.273853 -4329.418054 -4331.683146 -4331.683168 -4331.683168 -4331.683168 -4331.683168 -4331.683168 -4331.683168 -4331.683168 -4331.683168 -4331.683168 -4331.683168 -4331.683168 -4331.683168 -4331.683168 -4331.683168 -4331.683126 -4328.135477 -2157.493994 -950.205775 -896.583452 -893.061678 -892.517168 -892.398967 -892.377879 -892.377917 -892.381718 -892.385486 -892.388511 -892.390809 -892.392542 -892.393865 -892.394891 -892.395705 -892.396359 -892.396900 -892.397372 -892.397824 -892.398314 -892.398917 -892.399743 -892.400953 -892.402801 -892.405692 -892.410286 -892.417681 -892.429758 -892.449836 -892.483983 -892.543693 -892.651369 -892.851495 -893.232944 -893.973028 -895.427437 -898.341430 -904.460533 -918.407915 -952.016094 -9999.0 -9999.0
-9999.0 -9999.0 -9999.0 -9999.0 -9999.0 -9999.0 -9999.0 -9999.0 -9999.0 -9999.0 -9999.0 -9999.0 -9999.0 -9999.0 -9999.0 -9999.0 -9999.0 -9999.0 -9999.0 -9999.0 -9999.0 -9999.0 -9999.0 -9999.0 -9999.0 -9999.0 -9999.0 -9999.0 -9999.0 -9999.0 -9999.0 -9999.0 -9999.0 -9999.0 -9999.0 -9999.0 -9999.0 -9999.0 -9999.0 -9999.0 -9999.0 -9999.0 -9999.0 -9999.0 -9999.0 -9999.0 -9999.0 -9999.0 -9999.0 -9999.0 -9999.0 -9999.0 -9999.0 -9999.0 -9999.0 -9999.0 -9999.0 -9999.0 -9999.0 -9999.0 -9999.0 -9999.0 -9999.0 -9999.0 -9999.0 -9999.0 -9999.0 -9999.0 -9999.0 -9999.0 -9999.0 -9999.0 -9999.0 -9999.0 -9999.0 -9999.0 -9999.0 -9999.0 -9999.0 -9999.0 -9999.0 -9999.0 -9999.0 -9999.0 -9999.0 -9999.0 -9999.0 -9999.0 -9999.0 -9999.0 -9999.0 -9999.0 -9999.0 -9999.0 -9999.0 -9999.0 -9999.0 -9999.0 -9999.0 -9999.0 -9999.0 -9999.0 -9999.0 -9999.0
-9999.0 -9999.0 -9999.0 -9999.0 -9999.0 -9999.0 -9999.0 -9999.0 -9999.0 -9999.0 -9999.0 -9999.0 -9999.0 -9999.0 -9999.0 -9999.0 -9999.0 -9999.0 -9999.0 -9999.0 -9999.0 -9999.0 -9999.0 -9999.0 -9999.0 -9999.0 -9999.0 -9999.0 -9999.0 -9999.0 -9999.0 -9999.0 -9999.0 -9999.0 -9999.0 -9999.0 -9999.0 -9999.0 -9999.0 -9999.0 -9999.0 -9999.0 -9999.0 -9999.0 -9999.0 -9999.0 -9999.0 -9999.0 -9999.0 -9999.0 -9999.0 -9999.0 -9999.0 -9999.0 -9999.0 -9999.0 -9999.0 -9999.0 -9999.0 -9999.0 -9999.0 -9999.0 -9999.0 -9999.0 -9999.0 -9999.0 -9999.0 -9999.0 -9999.0 -9999.0 -9999.0 -9999.0 -9999.0 -9999.0 -9999.0 -9999.0 -9999.0 -9999.0 -9999.0 -9999.0 -9999.0 -9999.0 -9999.0 -9999.0 -9999.0 -9999.0 -9999.0 -9999.0 -9999.0 -9999.0 -9999.0 -9999.0 -9999.0 -9999.0 -9999.0 -9999.0 -9999.0 -9999.0 -9999.0 -9999.0 -9999.0 -9999.0 -9999.0 -9999.0