inst/processing_geotop_simulation/geotop_simulation/out/maps3D/PwL0014N0079.asc
ncols         104
nrows         10
xllcorner     -2.000000
yllcorner     0.000000
cellsize      1.000000
NODATA_value  -9999.0
-9999.0 -9999.0 -9999.0 -9999.0 -9999.0 -9999.0 -9999.0 -9999.0 -9999.0 -9999.0 -9999.0 -9999.0 -9999.0 -9999.0 -9999.0 -9999.0 -9999.0 -9999.0 -9999.0 -9999.0 -9999.0 -9999.0 -9999.0 -9999.0 -9999.0 -9999.0 -9999.0 -9999.0 -9999.0 -9999.0 -9999.0 -9999.0 -9999.0 -9999.0 -9999.0 -9999.0 -9999.0 -9999.0 -9999.0 -9999.0 -9999.0 -9999.0 -9999.0 -9999.0 -9999.0 -9999.0 -9999.0 -9999.0 -9999.0 -9999.0 -9999.0 -9999.0 -9999.0 -9999.0 -9999.0 -9999.0 -9999.0 -9999.0 -9999.0 -9999.0 -9999.0 -9999.0 -9999.0 -9999.0 -9999.0 -9999.0 -9999.0 -9999.0 -9999.0 -9999.0 -9999.0 -9999.0 -9999.0 -9999.0 -9999.0 -9999.0 -9999.0 -9999.0 -9999.0 -9999.0 -9999.0 -9999.0 -9999.0 -9999.0 -9999.0 -9999.0 -9999.0 -9999.0 -9999.0 -9999.0 -9999.0 -9999.0 -9999.0 -9999.0 -9999.0 -9999.0 -9999.0 -9999.0 -9999.0 -9999.0 -9999.0 -9999.0 -9999.0 -9999.0
-9999.0 -9999.0 -9999.0 -9999.0 -9999.0 -9999.0 -9999.0 -9999.0 -9999.0 -9999.0 -9999.0 -9999.0 -9999.0 -9999.0 -9999.0 -9999.0 -9999.0 -9999.0 -9999.0 -9999.0 -9999.0 -9999.0 -9999.0 -9999.0 -9999.0 -9999.0 -9999.0 -9999.0 -9999.0 -9999.0 -9999.0 -9999.0 -9999.0 -9999.0 -9999.0 -9999.0 -9999.0 -9999.0 -9999.0 -9999.0 -9999.0 -9999.0 -9999.0 -9999.0 -9999.0 -9999.0 -9999.0 -9999.0 -9999.0 -9999.0 -9999.0 -9999.0 -9999.0 -9999.0 -9999.0 -9999.0 -9999.0 -9999.0 -9999.0 -9999.0 -9999.0 -9999.0 -9999.0 -9999.0 -9999.0 -9999.0 -9999.0 -9999.0 -9999.0 -9999.0 -9999.0 -9999.0 -9999.0 -9999.0 -9999.0 -9999.0 -9999.0 -9999.0 -9999.0 -9999.0 -9999.0 -9999.0 -9999.0 -9999.0 -9999.0 -9999.0 -9999.0 -9999.0 -9999.0 -9999.0 -9999.0 -9999.0 -9999.0 -9999.0 -9999.0 -9999.0 -9999.0 -9999.0 -9999.0 -9999.0 -9999.0 -9999.0 -9999.0 -9999.0
-9999.0 -9999.0 540.226679 440.137646 340.164637 240.439019 141.039855 42.008114 -56.620660 -155.137986 -254.473568 -356.147431 -461.407568 -568.948384 -673.032750 -764.343570 -830.400073 -898.422253 -959.690324 -1016.406932 -1070.653971 -1060.088280 -1048.093358 -1038.631588 -1032.617473 -1029.632475 -1028.828443 -1029.350640 -1030.523039 -1031.894951 -1033.208513 -1034.341999 -1035.258028 -1035.964552 -1036.489770 -1036.869661 -1037.150456 -1037.401388 -1037.702120 -1038.617894 -1046.992225 -1137.448037 -2146.454857 -4276.641145 -4282.178126 -4282.178218 -4282.178218 -4282.178218 -4282.178218 -4282.178218 -4282.178218 -4282.178218 -4282.178218 -4282.178218 -4282.178218 -4282.178218 -4282.178218 -4282.178218 -4282.178218 -4282.178048 -4273.452754 -2038.865104 -1113.817116 -1044.565144 -1038.644713 -1038.001694 -1037.897659 -1037.879261 -1037.878159 -1037.880288 -1037.882592 -1037.884475 -1037.885914 -1037.887000 -1037.887829 -1037.888472 -1037.888981 -1037.889390 -1037.889729 -1037.890026 -1037.890313 -1037.890627 -1037.891017 -1037.891554 -1037.892344 -1037.893553 -1037.895450 -1037.898470 -1037.903345 -1037.911337 -1037.924688 -1037.947529 -1037.987733 -1038.060697 -1038.197021 -1038.457938 -1038.966790 -1039.978922 -1042.064108 -1046.646083 -1057.560324 -1085.503852 -9999.0 -9999.0
-9999.0 -9999.0 540.226678 440.137645 340.164636 240.439018 141.039854 42.008114 -56.620660 -155.137986 -254.473569 -356.147431 -461.407569 -568.948384 -673.032750 -764.343570 -830.400073 -898.422253 -959.690324 -1016.406932 -1070.653971 -1060.088280 -1048.093358 -1038.631588 -1032.617473 -1029.632475 -1028.828443 -1029.350640 -1030.523039 -1031.894951 -1033.208513 -1034.341999 -1035.258028 -1035.964552 -1036.489770 -1036.869661 -1037.150456 -1037.401388 -1037.702120 -1038.617894 -1046.992225 -1137.448037 -2146.454857 -4276.641145 -4282.178126 -4282.178218 -4282.178218 -4282.178218 -4282.178218 -4282.178218 -4282.178218 -4282.178218 -4282.178218 -4282.178218 -4282.178218 -4282.178218 -4282.178218 -4282.178218 -4282.178218 -4282.178048 -4273.452754 -2038.865104 -1113.817116 -1044.565144 -1038.644713 -1038.001694 -1037.897659 -1037.879261 -1037.878159 -1037.880288 -1037.882592 -1037.884475 -1037.885914 -1037.887000 -1037.887829 -1037.888472 -1037.888981 -1037.889390 -1037.889729 -1037.890026 -1037.890313 -1037.890627 -1037.891017 -1037.891554 -1037.892344 -1037.893553 -1037.895450 -1037.898470 -1037.903345 -1037.911337 -1037.924688 -1037.947529 -1037.987733 -1038.060697 -1038.197021 -1038.457938 -1038.966790 -1039.978922 -1042.064108 -1046.646083 -1057.560324 -1085.503852 -9999.0 -9999.0
-9999.0 -9999.0 540.226678 440.137645 340.164636 240.439018 141.039854 42.008113 -56.620661 -155.137987 -254.473569 -356.147431 -461.407569 -568.948384 -673.032750 -764.343570 -830.400073 -898.422253 -959.690324 -1016.406932 -1070.653971 -1060.088280 -1048.093358 -1038.631588 -1032.617473 -1029.632475 -1028.828443 -1029.350640 -1030.523039 -1031.894951 -1033.208513 -1034.341999 -1035.258028 -1035.964552 -1036.489770 -1036.869661 -1037.150456 -1037.401388 -1037.702120 -1038.617894 -1046.992225 -1137.448037 -2146.454857 -4276.641145 -4282.178126 -4282.178218 -4282.178218 -4282.178218 -4282.178218 -4282.178218 -4282.178218 -4282.178218 -4282.178218 -4282.178218 -4282.178218 -4282.178218 -4282.178218 -4282.178218 -4282.178218 -4282.178048 -4273.452754 -2038.865104 -1113.817116 -1044.565144 -1038.644713 -1038.001694 -1037.897659 -1037.879261 -1037.878159 -1037.880288 -1037.882592 -1037.884475 -1037.885914 -1037.887000 -1037.887829 -1037.888472 -1037.888981 -1037.889390 -1037.889729 -1037.890026 -1037.890313 -1037.890627 -1037.891017 -1037.891554 -1037.892344 -1037.893553 -1037.895450 -1037.898470 -1037.903345 -1037.911337 -1037.924688 -1037.947529 -1037.987733 -1038.060697 -1038.197021 -1038.457938 -1038.966790 -1039.978922 -1042.064108 -1046.646083 -1057.560324 -1085.503852 -9999.0 -9999.0
-9999.0 -9999.0 540.226678 440.137645 340.164636 240.439018 141.039854 42.008113 -56.620661 -155.137987 -254.473569 -356.147431 -461.407569 -568.948384 -673.032750 -764.343570 -830.400073 -898.422253 -959.690324 -1016.406932 -1070.653971 -1060.088280 -1048.093358 -1038.631588 -1032.617473 -1029.632475 -1028.828443 -1029.350640 -1030.523039 -1031.894951 -1033.208513 -1034.341999 -1035.258028 -1035.964552 -1036.489770 -1036.869661 -1037.150456 -1037.401388 -1037.702120 -1038.617894 -1046.992225 -1137.448037 -2146.454857 -4276.641145 -4282.178126 -4282.178218 -4282.178218 -4282.178218 -4282.178218 -4282.178218 -4282.178218 -4282.178218 -4282.178218 -4282.178218 -4282.178218 -4282.178218 -4282.178218 -4282.178218 -4282.178218 -4282.178048 -4273.452754 -2038.865104 -1113.817116 -1044.565144 -1038.644713 -1038.001694 -1037.897659 -1037.879261 -1037.878159 -1037.880288 -1037.882592 -1037.884475 -1037.885914 -1037.887000 -1037.887829 -1037.888472 -1037.888981 -1037.889390 -1037.889729 -1037.890026 -1037.890313 -1037.890627 -1037.891017 -1037.891554 -1037.892344 -1037.893553 -1037.895450 -1037.898470 -1037.903345 -1037.911337 -1037.924688 -1037.947529 -1037.987733 -1038.060697 -1038.197021 -1038.457938 -1038.966790 -1039.978922 -1042.064108 -1046.646083 -1057.560324 -1085.503852 -9999.0 -9999.0
-9999.0 -9999.0 540.226678 440.137645 340.164636 240.439018 141.039854 42.008113 -56.620660 -155.137986 -254.473569 -356.147431 -461.407569 -568.948384 -673.032750 -764.343570 -830.400073 -898.422253 -959.690324 -1016.406932 -1070.653971 -1060.088280 -1048.093358 -1038.631588 -1032.617473 -1029.632475 -1028.828443 -1029.350640 -1030.523039 -1031.894951 -1033.208513 -1034.341999 -1035.258028 -1035.964552 -1036.489770 -1036.869661 -1037.150456 -1037.401388 -1037.702120 -1038.617894 -1046.992225 -1137.448037 -2146.454857 -4276.641145 -4282.178126 -4282.178218 -4282.178218 -4282.178218 -4282.178218 -4282.178218 -4282.178218 -4282.178218 -4282.178218 -4282.178218 -4282.178218 -4282.178218 -4282.178218 -4282.178218 -4282.178218 -4282.178048 -4273.452754 -2038.865104 -1113.817116 -1044.565144 -1038.644713 -1038.001694 -1037.897659 -1037.879261 -1037.878159 -1037.880288 -1037.882592 -1037.884475 -1037.885914 -1037.887000 -1037.887829 -1037.888472 -1037.888981 -1037.889390 -1037.889729 -1037.890026 -1037.890313 -1037.890627 -1037.891017 -1037.891554 -1037.892344 -1037.893553 -1037.895450 -1037.898470 -1037.903345 -1037.911337 -1037.924688 -1037.947529 -1037.987733 -1038.060697 -1038.197021 -1038.457938 -1038.966790 -1039.978922 -1042.064108 -1046.646083 -1057.560324 -1085.503852 -9999.0 -9999.0
-9999.0 -9999.0 540.226679 440.137646 340.164637 240.439019 141.039854 42.008114 -56.620660 -155.137986 -254.473568 -356.147431 -461.407569 -568.948384 -673.032750 -764.343570 -830.400073 -898.422253 -959.690324 -1016.406932 -1070.653971 -1060.088280 -1048.093358 -1038.631588 -1032.617473 -1029.632475 -1028.828443 -1029.350640 -1030.523039 -1031.894951 -1033.208513 -1034.341999 -1035.258028 -1035.964552 -1036.489770 -1036.869661 -1037.150456 -1037.401388 -1037.702120 -1038.617894 -1046.992225 -1137.448037 -2146.454857 -4276.641145 -4282.178126 -4282.178218 -4282.178218 -4282.178218 -4282.178218 -4282.178218 -4282.178218 -4282.178218 -4282.178218 -4282.178218 -4282.178218 -4282.178218 -4282.178218 -4282.178218 -4282.178218 -4282.178048 -4273.452754 -2038.865104 -1113.817116 -1044.565144 -1038.644713 -1038.001694 -1037.897659 -1037.879261 -1037.878159 -1037.880288 -1037.882592 -1037.884475 -1037.885914 -1037.887000 -1037.887829 -1037.888472 -1037.888981 -1037.889390 -1037.889729 -1037.890026 -1037.890313 -1037.890627 -1037.891017 -1037.891554 -1037.892344 -1037.893553 -1037.895450 -1037.898470 -1037.903345 -1037.911337 -1037.924688 -1037.947529 -1037.987733 -1038.060697 -1038.197021 -1038.457938 -1038.966790 -1039.978922 -1042.064108 -1046.646083 -1057.560324 -1085.503852 -9999.0 -9999.0
-9999.0 -9999.0 -9999.0 -9999.0 -9999.0 -9999.0 -9999.0 -9999.0 -9999.0 -9999.0 -9999.0 -9999.0 -9999.0 -9999.0 -9999.0 -9999.0 -9999.0 -9999.0 -9999.0 -9999.0 -9999.0 -9999.0 -9999.0 -9999.0 -9999.0 -9999.0 -9999.0 -9999.0 -9999.0 -9999.0 -9999.0 -9999.0 -9999.0 -9999.0 -9999.0 -9999.0 -9999.0 -9999.0 -9999.0 -9999.0 -9999.0 -9999.0 -9999.0 -9999.0 -9999.0 -9999.0 -9999.0 -9999.0 -9999.0 -9999.0 -9999.0 -9999.0 -9999.0 -9999.0 -9999.0 -9999.0 -9999.0 -9999.0 -9999.0 -9999.0 -9999.0 -9999.0 -9999.0 -9999.0 -9999.0 -9999.0 -9999.0 -9999.0 -9999.0 -9999.0 -9999.0 -9999.0 -9999.0 -9999.0 -9999.0 -9999.0 -9999.0 -9999.0 -9999.0 -9999.0 -9999.0 -9999.0 -9999.0 -9999.0 -9999.0 -9999.0 -9999.0 -9999.0 -9999.0 -9999.0 -9999.0 -9999.0 -9999.0 -9999.0 -9999.0 -9999.0 -9999.0 -9999.0 -9999.0 -9999.0 -9999.0 -9999.0 -9999.0 -9999.0
-9999.0 -9999.0 -9999.0 -9999.0 -9999.0 -9999.0 -9999.0 -9999.0 -9999.0 -9999.0 -9999.0 -9999.0 -9999.0 -9999.0 -9999.0 -9999.0 -9999.0 -9999.0 -9999.0 -9999.0 -9999.0 -9999.0 -9999.0 -9999.0 -9999.0 -9999.0 -9999.0 -9999.0 -9999.0 -9999.0 -9999.0 -9999.0 -9999.0 -9999.0 -9999.0 -9999.0 -9999.0 -9999.0 -9999.0 -9999.0 -9999.0 -9999.0 -9999.0 -9999.0 -9999.0 -9999.0 -9999.0 -9999.0 -9999.0 -9999.0 -9999.0 -9999.0 -9999.0 -9999.0 -9999.0 -9999.0 -9999.0 -9999.0 -9999.0 -9999.0 -9999.0 -9999.0 -9999.0 -9999.0 -9999.0 -9999.0 -9999.0 -9999.0 -9999.0 -9999.0 -9999.0 -9999.0 -9999.0 -9999.0 -9999.0 -9999.0 -9999.0 -9999.0 -9999.0 -9999.0 -9999.0 -9999.0 -9999.0 -9999.0 -9999.0 -9999.0 -9999.0 -9999.0 -9999.0 -9999.0 -9999.0 -9999.0 -9999.0 -9999.0 -9999.0 -9999.0 -9999.0 -9999.0 -9999.0 -9999.0 -9999.0 -9999.0 -9999.0 -9999.0