inst/processing_geotop_simulation/geotop_simulation/out/maps3D/PwL0014N0384.asc
ncols         104
nrows         10
xllcorner     -2.000000
yllcorner     0.000000
cellsize      1.000000
NODATA_value  -9999.0
-9999.0 -9999.0 -9999.0 -9999.0 -9999.0 -9999.0 -9999.0 -9999.0 -9999.0 -9999.0 -9999.0 -9999.0 -9999.0 -9999.0 -9999.0 -9999.0 -9999.0 -9999.0 -9999.0 -9999.0 -9999.0 -9999.0 -9999.0 -9999.0 -9999.0 -9999.0 -9999.0 -9999.0 -9999.0 -9999.0 -9999.0 -9999.0 -9999.0 -9999.0 -9999.0 -9999.0 -9999.0 -9999.0 -9999.0 -9999.0 -9999.0 -9999.0 -9999.0 -9999.0 -9999.0 -9999.0 -9999.0 -9999.0 -9999.0 -9999.0 -9999.0 -9999.0 -9999.0 -9999.0 -9999.0 -9999.0 -9999.0 -9999.0 -9999.0 -9999.0 -9999.0 -9999.0 -9999.0 -9999.0 -9999.0 -9999.0 -9999.0 -9999.0 -9999.0 -9999.0 -9999.0 -9999.0 -9999.0 -9999.0 -9999.0 -9999.0 -9999.0 -9999.0 -9999.0 -9999.0 -9999.0 -9999.0 -9999.0 -9999.0 -9999.0 -9999.0 -9999.0 -9999.0 -9999.0 -9999.0 -9999.0 -9999.0 -9999.0 -9999.0 -9999.0 -9999.0 -9999.0 -9999.0 -9999.0 -9999.0 -9999.0 -9999.0 -9999.0 -9999.0
-9999.0 -9999.0 -9999.0 -9999.0 -9999.0 -9999.0 -9999.0 -9999.0 -9999.0 -9999.0 -9999.0 -9999.0 -9999.0 -9999.0 -9999.0 -9999.0 -9999.0 -9999.0 -9999.0 -9999.0 -9999.0 -9999.0 -9999.0 -9999.0 -9999.0 -9999.0 -9999.0 -9999.0 -9999.0 -9999.0 -9999.0 -9999.0 -9999.0 -9999.0 -9999.0 -9999.0 -9999.0 -9999.0 -9999.0 -9999.0 -9999.0 -9999.0 -9999.0 -9999.0 -9999.0 -9999.0 -9999.0 -9999.0 -9999.0 -9999.0 -9999.0 -9999.0 -9999.0 -9999.0 -9999.0 -9999.0 -9999.0 -9999.0 -9999.0 -9999.0 -9999.0 -9999.0 -9999.0 -9999.0 -9999.0 -9999.0 -9999.0 -9999.0 -9999.0 -9999.0 -9999.0 -9999.0 -9999.0 -9999.0 -9999.0 -9999.0 -9999.0 -9999.0 -9999.0 -9999.0 -9999.0 -9999.0 -9999.0 -9999.0 -9999.0 -9999.0 -9999.0 -9999.0 -9999.0 -9999.0 -9999.0 -9999.0 -9999.0 -9999.0 -9999.0 -9999.0 -9999.0 -9999.0 -9999.0 -9999.0 -9999.0 -9999.0 -9999.0 -9999.0
-9999.0 -9999.0 671.371099 572.756516 473.840282 374.722200 275.510265 176.258332 76.993290 -22.268715 -121.518825 -220.753150 -319.957431 -419.103220 -518.141037 -616.999604 -715.552390 -814.220950 -912.711101 -1010.962429 -1108.866934 -1203.667149 -1294.437191 -1378.811395 -1454.466382 -1519.701429 -1573.790058 -1617.013487 -1650.434372 -1675.555255 -1693.999096 -1707.285370 -1716.712508 -1723.322501 -1727.915497 -1731.089643 -1733.297556 -1734.949450 -1736.697814 -1740.127641 -1747.667216 -1753.479225 -1761.563521 -3906.859599 -3672.525581 -3401.868249 -3269.283432 -3251.666662 -3249.877699 -3250.060600 -3250.522928 -3251.018493 -3251.494259 -3251.934541 -3252.341969 -3252.805931 -3254.206224 -3264.095144 -3332.458369 -3484.916409 -3544.582770 -1582.917042 -1713.645153 -1739.591830 -1739.220084 -1738.292667 -1738.038221 -1737.988089 -1737.979834 -1737.978980 -1737.979307 -1737.979745 -1737.980124 -1737.980429 -1737.980676 -1737.980880 -1737.981052 -1737.981202 -1737.981337 -1737.981465 -1737.981594 -1737.981735 -1737.981901 -1737.982113 -1737.982401 -1737.982817 -1737.983441 -1737.984408 -1737.985955 -1737.988500 -1737.992817 -1738.000381 -1738.014077 -1738.039699 -1738.089185 -1738.188118 -1738.394490 -1738.849290 -1739.921811 -1742.665827 -1750.447999 -1775.605774 -9999.0 -9999.0
-9999.0 -9999.0 671.375323 572.757881 473.840689 374.722327 275.510307 176.258347 76.993295 -22.268713 -121.518824 -220.753149 -319.957431 -419.103220 -518.141037 -616.999605 -715.552390 -814.220950 -912.711101 -1010.962429 -1108.866934 -1203.667150 -1294.437191 -1378.811395 -1454.466382 -1519.701429 -1573.790058 -1617.013487 -1650.434372 -1675.555255 -1693.999096 -1707.285370 -1716.712508 -1723.322501 -1727.915497 -1731.089643 -1733.297556 -1734.949450 -1736.697814 -1740.127641 -1747.667216 -1753.479225 -1761.563521 -3906.859598 -3672.525577 -3401.868241 -3269.283432 -3251.666662 -3249.877699 -3250.060600 -3250.522928 -3251.018493 -3251.494259 -3251.934541 -3252.341969 -3252.805931 -3254.206224 -3264.095144 -3332.458369 -3484.916408 -3544.582770 -1582.917042 -1713.645153 -1739.591830 -1739.220084 -1738.292667 -1738.038221 -1737.988089 -1737.979834 -1737.978980 -1737.979307 -1737.979745 -1737.980124 -1737.980429 -1737.980676 -1737.980880 -1737.981052 -1737.981202 -1737.981337 -1737.981465 -1737.981594 -1737.981735 -1737.981901 -1737.982113 -1737.982401 -1737.982817 -1737.983441 -1737.984408 -1737.985955 -1737.988500 -1737.992817 -1738.000381 -1738.014077 -1738.039699 -1738.089185 -1738.188118 -1738.394490 -1738.849290 -1739.921811 -1742.665827 -1750.447999 -1775.605774 -9999.0 -9999.0
-9999.0 -9999.0 671.376588 572.758543 473.840960 374.722428 275.510344 176.258360 76.993300 -22.268711 -121.518824 -220.753149 -319.957431 -419.103220 -518.141037 -616.999605 -715.552390 -814.220951 -912.711101 -1010.962429 -1108.866934 -1203.667150 -1294.437191 -1378.811395 -1454.466382 -1519.701429 -1573.790059 -1617.013487 -1650.434372 -1675.555255 -1693.999096 -1707.285370 -1716.712508 -1723.322501 -1727.915497 -1731.089643 -1733.297556 -1734.949450 -1736.697814 -1740.127641 -1747.667216 -1753.479225 -1761.563521 -3906.859598 -3672.525576 -3401.868238 -3269.283432 -3251.666662 -3249.877699 -3250.060600 -3250.522928 -3251.018493 -3251.494259 -3251.934541 -3252.341969 -3252.805931 -3254.206224 -3264.095144 -3332.458369 -3484.916408 -3544.582770 -1582.917042 -1713.645153 -1739.591830 -1739.220084 -1738.292667 -1738.038221 -1737.988089 -1737.979834 -1737.978980 -1737.979307 -1737.979745 -1737.980124 -1737.980429 -1737.980676 -1737.980880 -1737.981052 -1737.981202 -1737.981337 -1737.981465 -1737.981594 -1737.981735 -1737.981901 -1737.982113 -1737.982401 -1737.982817 -1737.983441 -1737.984408 -1737.985955 -1737.988500 -1737.992817 -1738.000381 -1738.014077 -1738.039699 -1738.089185 -1738.188118 -1738.394490 -1738.849290 -1739.921811 -1742.665827 -1750.447999 -1775.605774 -9999.0 -9999.0
-9999.0 -9999.0 671.376588 572.758543 473.840960 374.722428 275.510344 176.258360 76.993300 -22.268711 -121.518824 -220.753149 -319.957431 -419.103220 -518.141037 -616.999605 -715.552390 -814.220951 -912.711101 -1010.962429 -1108.866934 -1203.667150 -1294.437191 -1378.811395 -1454.466382 -1519.701429 -1573.790059 -1617.013487 -1650.434372 -1675.555255 -1693.999096 -1707.285370 -1716.712508 -1723.322501 -1727.915497 -1731.089643 -1733.297556 -1734.949450 -1736.697814 -1740.127641 -1747.667216 -1753.479225 -1761.563521 -3906.859598 -3672.525576 -3401.868238 -3269.283432 -3251.666662 -3249.877699 -3250.060600 -3250.522928 -3251.018493 -3251.494259 -3251.934541 -3252.341969 -3252.805931 -3254.206224 -3264.095144 -3332.458369 -3484.916408 -3544.582770 -1582.917042 -1713.645153 -1739.591830 -1739.220084 -1738.292667 -1738.038221 -1737.988089 -1737.979834 -1737.978980 -1737.979307 -1737.979745 -1737.980124 -1737.980429 -1737.980676 -1737.980880 -1737.981052 -1737.981202 -1737.981337 -1737.981465 -1737.981594 -1737.981735 -1737.981901 -1737.982113 -1737.982401 -1737.982817 -1737.983441 -1737.984408 -1737.985955 -1737.988500 -1737.992817 -1738.000381 -1738.014077 -1738.039699 -1738.089185 -1738.188118 -1738.394490 -1738.849290 -1739.921811 -1742.665827 -1750.447999 -1775.605774 -9999.0 -9999.0
-9999.0 -9999.0 671.375323 572.757881 473.840689 374.722327 275.510307 176.258347 76.993295 -22.268713 -121.518824 -220.753149 -319.957431 -419.103220 -518.141037 -616.999605 -715.552390 -814.220950 -912.711101 -1010.962429 -1108.866934 -1203.667149 -1294.437191 -1378.811395 -1454.466382 -1519.701429 -1573.790058 -1617.013487 -1650.434372 -1675.555255 -1693.999096 -1707.285370 -1716.712508 -1723.322501 -1727.915497 -1731.089643 -1733.297556 -1734.949450 -1736.697814 -1740.127641 -1747.667216 -1753.479225 -1761.563521 -3906.859598 -3672.525577 -3401.868241 -3269.283432 -3251.666662 -3249.877699 -3250.060600 -3250.522928 -3251.018493 -3251.494259 -3251.934541 -3252.341969 -3252.805931 -3254.206224 -3264.095144 -3332.458369 -3484.916408 -3544.582770 -1582.917042 -1713.645153 -1739.591830 -1739.220084 -1738.292667 -1738.038221 -1737.988089 -1737.979834 -1737.978980 -1737.979307 -1737.979745 -1737.980124 -1737.980429 -1737.980676 -1737.980880 -1737.981052 -1737.981202 -1737.981337 -1737.981465 -1737.981594 -1737.981735 -1737.981901 -1737.982113 -1737.982401 -1737.982817 -1737.983441 -1737.984408 -1737.985955 -1737.988500 -1737.992817 -1738.000381 -1738.014077 -1738.039699 -1738.089185 -1738.188118 -1738.394490 -1738.849290 -1739.921811 -1742.665827 -1750.447999 -1775.605774 -9999.0 -9999.0
-9999.0 -9999.0 671.371099 572.756516 473.840282 374.722200 275.510265 176.258332 76.993290 -22.268715 -121.518825 -220.753150 -319.957431 -419.103220 -518.141037 -616.999605 -715.552390 -814.220950 -912.711101 -1010.962429 -1108.866934 -1203.667149 -1294.437191 -1378.811395 -1454.466382 -1519.701429 -1573.790058 -1617.013487 -1650.434372 -1675.555255 -1693.999096 -1707.285370 -1716.712508 -1723.322501 -1727.915497 -1731.089643 -1733.297556 -1734.949450 -1736.697814 -1740.127641 -1747.667216 -1753.479225 -1761.563521 -3906.859599 -3672.525581 -3401.868249 -3269.283432 -3251.666662 -3249.877699 -3250.060600 -3250.522928 -3251.018493 -3251.494259 -3251.934541 -3252.341969 -3252.805931 -3254.206224 -3264.095144 -3332.458369 -3484.916409 -3544.582770 -1582.917042 -1713.645153 -1739.591830 -1739.220084 -1738.292667 -1738.038221 -1737.988089 -1737.979834 -1737.978980 -1737.979307 -1737.979745 -1737.980124 -1737.980429 -1737.980676 -1737.980880 -1737.981052 -1737.981202 -1737.981337 -1737.981465 -1737.981594 -1737.981735 -1737.981901 -1737.982113 -1737.982401 -1737.982817 -1737.983441 -1737.984408 -1737.985955 -1737.988500 -1737.992817 -1738.000381 -1738.014077 -1738.039699 -1738.089185 -1738.188118 -1738.394490 -1738.849290 -1739.921811 -1742.665827 -1750.447999 -1775.605774 -9999.0 -9999.0
-9999.0 -9999.0 -9999.0 -9999.0 -9999.0 -9999.0 -9999.0 -9999.0 -9999.0 -9999.0 -9999.0 -9999.0 -9999.0 -9999.0 -9999.0 -9999.0 -9999.0 -9999.0 -9999.0 -9999.0 -9999.0 -9999.0 -9999.0 -9999.0 -9999.0 -9999.0 -9999.0 -9999.0 -9999.0 -9999.0 -9999.0 -9999.0 -9999.0 -9999.0 -9999.0 -9999.0 -9999.0 -9999.0 -9999.0 -9999.0 -9999.0 -9999.0 -9999.0 -9999.0 -9999.0 -9999.0 -9999.0 -9999.0 -9999.0 -9999.0 -9999.0 -9999.0 -9999.0 -9999.0 -9999.0 -9999.0 -9999.0 -9999.0 -9999.0 -9999.0 -9999.0 -9999.0 -9999.0 -9999.0 -9999.0 -9999.0 -9999.0 -9999.0 -9999.0 -9999.0 -9999.0 -9999.0 -9999.0 -9999.0 -9999.0 -9999.0 -9999.0 -9999.0 -9999.0 -9999.0 -9999.0 -9999.0 -9999.0 -9999.0 -9999.0 -9999.0 -9999.0 -9999.0 -9999.0 -9999.0 -9999.0 -9999.0 -9999.0 -9999.0 -9999.0 -9999.0 -9999.0 -9999.0 -9999.0 -9999.0 -9999.0 -9999.0 -9999.0 -9999.0
-9999.0 -9999.0 -9999.0 -9999.0 -9999.0 -9999.0 -9999.0 -9999.0 -9999.0 -9999.0 -9999.0 -9999.0 -9999.0 -9999.0 -9999.0 -9999.0 -9999.0 -9999.0 -9999.0 -9999.0 -9999.0 -9999.0 -9999.0 -9999.0 -9999.0 -9999.0 -9999.0 -9999.0 -9999.0 -9999.0 -9999.0 -9999.0 -9999.0 -9999.0 -9999.0 -9999.0 -9999.0 -9999.0 -9999.0 -9999.0 -9999.0 -9999.0 -9999.0 -9999.0 -9999.0 -9999.0 -9999.0 -9999.0 -9999.0 -9999.0 -9999.0 -9999.0 -9999.0 -9999.0 -9999.0 -9999.0 -9999.0 -9999.0 -9999.0 -9999.0 -9999.0 -9999.0 -9999.0 -9999.0 -9999.0 -9999.0 -9999.0 -9999.0 -9999.0 -9999.0 -9999.0 -9999.0 -9999.0 -9999.0 -9999.0 -9999.0 -9999.0 -9999.0 -9999.0 -9999.0 -9999.0 -9999.0 -9999.0 -9999.0 -9999.0 -9999.0 -9999.0 -9999.0 -9999.0 -9999.0 -9999.0 -9999.0 -9999.0 -9999.0 -9999.0 -9999.0 -9999.0 -9999.0 -9999.0 -9999.0 -9999.0 -9999.0 -9999.0 -9999.0