inst/processing_geotop_simulation/geotop_simulation/out/maps3D/PwL0015N0270.asc
ncols         104
nrows         10
xllcorner     -2.000000
yllcorner     0.000000
cellsize      1.000000
NODATA_value  -9999.0
-9999.0 -9999.0 -9999.0 -9999.0 -9999.0 -9999.0 -9999.0 -9999.0 -9999.0 -9999.0 -9999.0 -9999.0 -9999.0 -9999.0 -9999.0 -9999.0 -9999.0 -9999.0 -9999.0 -9999.0 -9999.0 -9999.0 -9999.0 -9999.0 -9999.0 -9999.0 -9999.0 -9999.0 -9999.0 -9999.0 -9999.0 -9999.0 -9999.0 -9999.0 -9999.0 -9999.0 -9999.0 -9999.0 -9999.0 -9999.0 -9999.0 -9999.0 -9999.0 -9999.0 -9999.0 -9999.0 -9999.0 -9999.0 -9999.0 -9999.0 -9999.0 -9999.0 -9999.0 -9999.0 -9999.0 -9999.0 -9999.0 -9999.0 -9999.0 -9999.0 -9999.0 -9999.0 -9999.0 -9999.0 -9999.0 -9999.0 -9999.0 -9999.0 -9999.0 -9999.0 -9999.0 -9999.0 -9999.0 -9999.0 -9999.0 -9999.0 -9999.0 -9999.0 -9999.0 -9999.0 -9999.0 -9999.0 -9999.0 -9999.0 -9999.0 -9999.0 -9999.0 -9999.0 -9999.0 -9999.0 -9999.0 -9999.0 -9999.0 -9999.0 -9999.0 -9999.0 -9999.0 -9999.0 -9999.0 -9999.0 -9999.0 -9999.0 -9999.0 -9999.0
-9999.0 -9999.0 -9999.0 -9999.0 -9999.0 -9999.0 -9999.0 -9999.0 -9999.0 -9999.0 -9999.0 -9999.0 -9999.0 -9999.0 -9999.0 -9999.0 -9999.0 -9999.0 -9999.0 -9999.0 -9999.0 -9999.0 -9999.0 -9999.0 -9999.0 -9999.0 -9999.0 -9999.0 -9999.0 -9999.0 -9999.0 -9999.0 -9999.0 -9999.0 -9999.0 -9999.0 -9999.0 -9999.0 -9999.0 -9999.0 -9999.0 -9999.0 -9999.0 -9999.0 -9999.0 -9999.0 -9999.0 -9999.0 -9999.0 -9999.0 -9999.0 -9999.0 -9999.0 -9999.0 -9999.0 -9999.0 -9999.0 -9999.0 -9999.0 -9999.0 -9999.0 -9999.0 -9999.0 -9999.0 -9999.0 -9999.0 -9999.0 -9999.0 -9999.0 -9999.0 -9999.0 -9999.0 -9999.0 -9999.0 -9999.0 -9999.0 -9999.0 -9999.0 -9999.0 -9999.0 -9999.0 -9999.0 -9999.0 -9999.0 -9999.0 -9999.0 -9999.0 -9999.0 -9999.0 -9999.0 -9999.0 -9999.0 -9999.0 -9999.0 -9999.0 -9999.0 -9999.0 -9999.0 -9999.0 -9999.0 -9999.0 -9999.0 -9999.0 -9999.0
-9999.0 -9999.0 723.763641 626.256777 528.271581 429.929548 331.416665 232.829951 134.218633 35.609101 -62.978331 -161.536816 -260.043371 -358.442435 -456.628206 -554.436642 -651.575144 -748.335361 -845.174332 -941.526705 -1037.185333 -1129.180588 -1213.060742 -1287.930118 -1351.913837 -1404.287731 -1445.482166 -1476.767268 -1499.830720 -1516.419982 -1528.116833 -1536.234395 -1541.798870 -1545.577791 -1548.127217 -1549.842899 -1551.013110 -1551.902488 -1553.027339 -1556.199481 -1567.572649 -1608.246507 -2002.049268 -4183.875181 -4232.624823 -4232.561463 -4232.498366 -4232.487972 -4232.486894 -4232.487008 -4232.487289 -4232.487590 -4232.487877 -4232.488141 -4232.488384 -4232.488654 -4232.489459 -4232.495185 -4232.531612 -4232.579081 -4150.285273 -1845.329896 -1570.650507 -1559.756289 -1554.929407 -1553.688893 -1553.454748 -1553.416385 -1553.410860 -1553.410634 -1553.411189 -1553.411755 -1553.412215 -1553.412573 -1553.412852 -1553.413071 -1553.413248 -1553.413395 -1553.413520 -1553.413633 -1553.413745 -1553.413870 -1553.414023 -1553.414232 -1553.414534 -1553.414992 -1553.415706 -1553.416843 -1553.418690 -1553.421754 -1553.426964 -1553.436074 -1553.452496 -1553.483013 -1553.541406 -1553.656518 -1553.891779 -1554.396696 -1555.550943 -1558.393794 -1566.101796 -1590.336797 -9999.0 -9999.0
-9999.0 -9999.0 723.767946 626.258216 528.272018 429.929685 331.416710 232.829967 134.218638 35.609103 -62.978331 -161.536816 -260.043370 -358.442435 -456.628206 -554.436642 -651.575144 -748.335361 -845.174332 -941.526705 -1037.185333 -1129.180588 -1213.060743 -1287.930118 -1351.913837 -1404.287731 -1445.482166 -1476.767268 -1499.830721 -1516.419982 -1528.116834 -1536.234395 -1541.798870 -1545.577791 -1548.127217 -1549.842899 -1551.013110 -1551.902488 -1553.027339 -1556.199481 -1567.572649 -1608.246507 -2002.049267 -4183.875181 -4232.624823 -4232.561463 -4232.498366 -4232.487972 -4232.486894 -4232.487008 -4232.487289 -4232.487590 -4232.487877 -4232.488141 -4232.488384 -4232.488654 -4232.489459 -4232.495185 -4232.531612 -4232.579081 -4150.285273 -1845.329896 -1570.650507 -1559.756289 -1554.929407 -1553.688893 -1553.454748 -1553.416385 -1553.410860 -1553.410634 -1553.411189 -1553.411755 -1553.412215 -1553.412573 -1553.412852 -1553.413071 -1553.413248 -1553.413395 -1553.413520 -1553.413633 -1553.413745 -1553.413870 -1553.414023 -1553.414232 -1553.414534 -1553.414992 -1553.415706 -1553.416843 -1553.418690 -1553.421754 -1553.426964 -1553.436074 -1553.452496 -1553.483013 -1553.541406 -1553.656518 -1553.891779 -1554.396696 -1555.550943 -1558.393794 -1566.101796 -1590.336797 -9999.0 -9999.0
-9999.0 -9999.0 723.769302 626.258928 528.272311 429.929795 331.416750 232.829982 134.218644 35.609105 -62.978330 -161.536816 -260.043370 -358.442435 -456.628206 -554.436642 -651.575144 -748.335361 -845.174332 -941.526705 -1037.185333 -1129.180588 -1213.060743 -1287.930118 -1351.913837 -1404.287732 -1445.482166 -1476.767268 -1499.830721 -1516.419982 -1528.116834 -1536.234395 -1541.798870 -1545.577791 -1548.127217 -1549.842899 -1551.013110 -1551.902488 -1553.027339 -1556.199481 -1567.572649 -1608.246507 -2002.049267 -4183.875181 -4232.624823 -4232.561463 -4232.498366 -4232.487972 -4232.486894 -4232.487008 -4232.487289 -4232.487590 -4232.487877 -4232.488141 -4232.488384 -4232.488654 -4232.489459 -4232.495185 -4232.531612 -4232.579081 -4150.285273 -1845.329896 -1570.650507 -1559.756289 -1554.929407 -1553.688893 -1553.454748 -1553.416385 -1553.410860 -1553.410634 -1553.411189 -1553.411755 -1553.412215 -1553.412573 -1553.412852 -1553.413071 -1553.413248 -1553.413395 -1553.413520 -1553.413633 -1553.413745 -1553.413870 -1553.414023 -1553.414232 -1553.414534 -1553.414992 -1553.415706 -1553.416843 -1553.418690 -1553.421754 -1553.426964 -1553.436074 -1553.452496 -1553.483013 -1553.541406 -1553.656518 -1553.891779 -1554.396696 -1555.550943 -1558.393794 -1566.101796 -1590.336797 -9999.0 -9999.0
-9999.0 -9999.0 723.769302 626.258928 528.272311 429.929795 331.416750 232.829982 134.218644 35.609105 -62.978330 -161.536816 -260.043370 -358.442435 -456.628206 -554.436642 -651.575144 -748.335361 -845.174332 -941.526705 -1037.185333 -1129.180588 -1213.060743 -1287.930118 -1351.913837 -1404.287732 -1445.482166 -1476.767268 -1499.830721 -1516.419982 -1528.116834 -1536.234395 -1541.798870 -1545.577791 -1548.127217 -1549.842899 -1551.013110 -1551.902488 -1553.027339 -1556.199481 -1567.572649 -1608.246507 -2002.049267 -4183.875181 -4232.624823 -4232.561463 -4232.498366 -4232.487972 -4232.486894 -4232.487008 -4232.487289 -4232.487590 -4232.487877 -4232.488141 -4232.488384 -4232.488654 -4232.489459 -4232.495185 -4232.531612 -4232.579081 -4150.285273 -1845.329896 -1570.650507 -1559.756289 -1554.929407 -1553.688893 -1553.454748 -1553.416385 -1553.410860 -1553.410634 -1553.411189 -1553.411755 -1553.412215 -1553.412573 -1553.412852 -1553.413071 -1553.413248 -1553.413395 -1553.413520 -1553.413633 -1553.413745 -1553.413870 -1553.414023 -1553.414232 -1553.414534 -1553.414992 -1553.415706 -1553.416843 -1553.418690 -1553.421754 -1553.426964 -1553.436074 -1553.452496 -1553.483013 -1553.541406 -1553.656518 -1553.891779 -1554.396696 -1555.550943 -1558.393794 -1566.101796 -1590.336797 -9999.0 -9999.0
-9999.0 -9999.0 723.767946 626.258216 528.272018 429.929685 331.416710 232.829967 134.218639 35.609103 -62.978331 -161.536816 -260.043370 -358.442435 -456.628206 -554.436642 -651.575144 -748.335361 -845.174332 -941.526705 -1037.185333 -1129.180588 -1213.060743 -1287.930118 -1351.913837 -1404.287731 -1445.482166 -1476.767268 -1499.830721 -1516.419982 -1528.116834 -1536.234395 -1541.798870 -1545.577791 -1548.127217 -1549.842899 -1551.013110 -1551.902488 -1553.027339 -1556.199481 -1567.572649 -1608.246507 -2002.049267 -4183.875181 -4232.624823 -4232.561463 -4232.498366 -4232.487972 -4232.486894 -4232.487008 -4232.487289 -4232.487590 -4232.487877 -4232.488141 -4232.488384 -4232.488654 -4232.489459 -4232.495185 -4232.531612 -4232.579081 -4150.285273 -1845.329896 -1570.650507 -1559.756289 -1554.929407 -1553.688893 -1553.454748 -1553.416385 -1553.410860 -1553.410634 -1553.411189 -1553.411755 -1553.412215 -1553.412573 -1553.412852 -1553.413071 -1553.413248 -1553.413395 -1553.413520 -1553.413633 -1553.413745 -1553.413870 -1553.414023 -1553.414232 -1553.414534 -1553.414992 -1553.415706 -1553.416843 -1553.418690 -1553.421754 -1553.426964 -1553.436074 -1553.452496 -1553.483013 -1553.541406 -1553.656518 -1553.891779 -1554.396696 -1555.550943 -1558.393794 -1566.101796 -1590.336797 -9999.0 -9999.0
-9999.0 -9999.0 723.763641 626.256777 528.271581 429.929548 331.416665 232.829952 134.218633 35.609101 -62.978331 -161.536816 -260.043371 -358.442435 -456.628206 -554.436642 -651.575144 -748.335361 -845.174332 -941.526705 -1037.185333 -1129.180588 -1213.060742 -1287.930118 -1351.913837 -1404.287731 -1445.482166 -1476.767268 -1499.830720 -1516.419982 -1528.116833 -1536.234395 -1541.798870 -1545.577791 -1548.127217 -1549.842899 -1551.013110 -1551.902488 -1553.027339 -1556.199481 -1567.572649 -1608.246507 -2002.049268 -4183.875181 -4232.624823 -4232.561463 -4232.498366 -4232.487972 -4232.486894 -4232.487008 -4232.487289 -4232.487590 -4232.487877 -4232.488141 -4232.488384 -4232.488654 -4232.489459 -4232.495185 -4232.531612 -4232.579081 -4150.285273 -1845.329896 -1570.650507 -1559.756289 -1554.929407 -1553.688893 -1553.454748 -1553.416385 -1553.410860 -1553.410634 -1553.411189 -1553.411755 -1553.412215 -1553.412573 -1553.412852 -1553.413071 -1553.413248 -1553.413395 -1553.413520 -1553.413633 -1553.413745 -1553.413870 -1553.414023 -1553.414232 -1553.414534 -1553.414992 -1553.415706 -1553.416843 -1553.418690 -1553.421754 -1553.426964 -1553.436074 -1553.452496 -1553.483013 -1553.541406 -1553.656518 -1553.891779 -1554.396696 -1555.550943 -1558.393794 -1566.101796 -1590.336797 -9999.0 -9999.0
-9999.0 -9999.0 -9999.0 -9999.0 -9999.0 -9999.0 -9999.0 -9999.0 -9999.0 -9999.0 -9999.0 -9999.0 -9999.0 -9999.0 -9999.0 -9999.0 -9999.0 -9999.0 -9999.0 -9999.0 -9999.0 -9999.0 -9999.0 -9999.0 -9999.0 -9999.0 -9999.0 -9999.0 -9999.0 -9999.0 -9999.0 -9999.0 -9999.0 -9999.0 -9999.0 -9999.0 -9999.0 -9999.0 -9999.0 -9999.0 -9999.0 -9999.0 -9999.0 -9999.0 -9999.0 -9999.0 -9999.0 -9999.0 -9999.0 -9999.0 -9999.0 -9999.0 -9999.0 -9999.0 -9999.0 -9999.0 -9999.0 -9999.0 -9999.0 -9999.0 -9999.0 -9999.0 -9999.0 -9999.0 -9999.0 -9999.0 -9999.0 -9999.0 -9999.0 -9999.0 -9999.0 -9999.0 -9999.0 -9999.0 -9999.0 -9999.0 -9999.0 -9999.0 -9999.0 -9999.0 -9999.0 -9999.0 -9999.0 -9999.0 -9999.0 -9999.0 -9999.0 -9999.0 -9999.0 -9999.0 -9999.0 -9999.0 -9999.0 -9999.0 -9999.0 -9999.0 -9999.0 -9999.0 -9999.0 -9999.0 -9999.0 -9999.0 -9999.0 -9999.0
-9999.0 -9999.0 -9999.0 -9999.0 -9999.0 -9999.0 -9999.0 -9999.0 -9999.0 -9999.0 -9999.0 -9999.0 -9999.0 -9999.0 -9999.0 -9999.0 -9999.0 -9999.0 -9999.0 -9999.0 -9999.0 -9999.0 -9999.0 -9999.0 -9999.0 -9999.0 -9999.0 -9999.0 -9999.0 -9999.0 -9999.0 -9999.0 -9999.0 -9999.0 -9999.0 -9999.0 -9999.0 -9999.0 -9999.0 -9999.0 -9999.0 -9999.0 -9999.0 -9999.0 -9999.0 -9999.0 -9999.0 -9999.0 -9999.0 -9999.0 -9999.0 -9999.0 -9999.0 -9999.0 -9999.0 -9999.0 -9999.0 -9999.0 -9999.0 -9999.0 -9999.0 -9999.0 -9999.0 -9999.0 -9999.0 -9999.0 -9999.0 -9999.0 -9999.0 -9999.0 -9999.0 -9999.0 -9999.0 -9999.0 -9999.0 -9999.0 -9999.0 -9999.0 -9999.0 -9999.0 -9999.0 -9999.0 -9999.0 -9999.0 -9999.0 -9999.0 -9999.0 -9999.0 -9999.0 -9999.0 -9999.0 -9999.0 -9999.0 -9999.0 -9999.0 -9999.0 -9999.0 -9999.0 -9999.0 -9999.0 -9999.0 -9999.0 -9999.0 -9999.0