inst/processing_geotop_simulation/geotop_simulation/out/maps3D/PwL0014N0193.asc
ncols         104
nrows         10
xllcorner     -2.000000
yllcorner     0.000000
cellsize      1.000000
NODATA_value  -9999.0
-9999.0 -9999.0 -9999.0 -9999.0 -9999.0 -9999.0 -9999.0 -9999.0 -9999.0 -9999.0 -9999.0 -9999.0 -9999.0 -9999.0 -9999.0 -9999.0 -9999.0 -9999.0 -9999.0 -9999.0 -9999.0 -9999.0 -9999.0 -9999.0 -9999.0 -9999.0 -9999.0 -9999.0 -9999.0 -9999.0 -9999.0 -9999.0 -9999.0 -9999.0 -9999.0 -9999.0 -9999.0 -9999.0 -9999.0 -9999.0 -9999.0 -9999.0 -9999.0 -9999.0 -9999.0 -9999.0 -9999.0 -9999.0 -9999.0 -9999.0 -9999.0 -9999.0 -9999.0 -9999.0 -9999.0 -9999.0 -9999.0 -9999.0 -9999.0 -9999.0 -9999.0 -9999.0 -9999.0 -9999.0 -9999.0 -9999.0 -9999.0 -9999.0 -9999.0 -9999.0 -9999.0 -9999.0 -9999.0 -9999.0 -9999.0 -9999.0 -9999.0 -9999.0 -9999.0 -9999.0 -9999.0 -9999.0 -9999.0 -9999.0 -9999.0 -9999.0 -9999.0 -9999.0 -9999.0 -9999.0 -9999.0 -9999.0 -9999.0 -9999.0 -9999.0 -9999.0 -9999.0 -9999.0 -9999.0 -9999.0 -9999.0 -9999.0 -9999.0 -9999.0
-9999.0 -9999.0 -9999.0 -9999.0 -9999.0 -9999.0 -9999.0 -9999.0 -9999.0 -9999.0 -9999.0 -9999.0 -9999.0 -9999.0 -9999.0 -9999.0 -9999.0 -9999.0 -9999.0 -9999.0 -9999.0 -9999.0 -9999.0 -9999.0 -9999.0 -9999.0 -9999.0 -9999.0 -9999.0 -9999.0 -9999.0 -9999.0 -9999.0 -9999.0 -9999.0 -9999.0 -9999.0 -9999.0 -9999.0 -9999.0 -9999.0 -9999.0 -9999.0 -9999.0 -9999.0 -9999.0 -9999.0 -9999.0 -9999.0 -9999.0 -9999.0 -9999.0 -9999.0 -9999.0 -9999.0 -9999.0 -9999.0 -9999.0 -9999.0 -9999.0 -9999.0 -9999.0 -9999.0 -9999.0 -9999.0 -9999.0 -9999.0 -9999.0 -9999.0 -9999.0 -9999.0 -9999.0 -9999.0 -9999.0 -9999.0 -9999.0 -9999.0 -9999.0 -9999.0 -9999.0 -9999.0 -9999.0 -9999.0 -9999.0 -9999.0 -9999.0 -9999.0 -9999.0 -9999.0 -9999.0 -9999.0 -9999.0 -9999.0 -9999.0 -9999.0 -9999.0 -9999.0 -9999.0 -9999.0 -9999.0 -9999.0 -9999.0 -9999.0 -9999.0
-9999.0 -9999.0 679.203796 584.135649 488.005939 391.160292 293.979228 196.652643 99.275418 1.901890 -95.429869 -192.700888 -289.838973 -386.695027 -483.012721 -578.439505 -672.425011 -767.193187 -861.405544 -954.734192 -1046.820328 -1128.205964 -1199.284790 -1258.182705 -1304.646230 -1339.769279 -1365.402377 -1383.584700 -1396.185262 -1404.750353 -1410.480122 -1414.264108 -1416.738400 -1418.344823 -1419.383333 -1420.056035 -1420.505818 -1420.870725 -1421.493885 -1424.011369 -1436.009741 -1495.736713 -2034.774875 -4251.371903 -4282.136066 -4282.075167 -4282.016571 -4282.007130 -4282.006157 -4282.006257 -4282.006507 -4282.006775 -4282.007031 -4282.007268 -4282.007487 -4282.007733 -4282.008463 -4282.013642 -4282.047433 -4282.096523 -4231.690525 -1900.362321 -1462.179333 -1429.465452 -1422.799546 -1421.618525 -1421.435837 -1421.408473 -1421.404928 -1421.405239 -1421.406078 -1421.406839 -1421.407440 -1421.407900 -1421.408253 -1421.408527 -1421.408745 -1421.408922 -1421.409070 -1421.409202 -1421.409332 -1421.409475 -1421.409655 -1421.409905 -1421.410272 -1421.410836 -1421.411723 -1421.413141 -1421.415448 -1421.419266 -1421.425730 -1421.436962 -1421.457067 -1421.494147 -1421.564476 -1421.701401 -1421.975844 -1422.548733 -1423.816045 -1426.827659 -1434.642240 -1458.228162 -9999.0 -9999.0
-9999.0 -9999.0 679.208763 584.137258 488.006420 391.160442 293.979277 196.652660 99.275424 1.901892 -95.429868 -192.700887 -289.838973 -386.695027 -483.012722 -578.439505 -672.425011 -767.193187 -861.405544 -954.734192 -1046.820328 -1128.205965 -1199.284790 -1258.182705 -1304.646230 -1339.769279 -1365.402378 -1383.584700 -1396.185262 -1404.750353 -1410.480122 -1414.264108 -1416.738400 -1418.344823 -1419.383333 -1420.056035 -1420.505818 -1420.870725 -1421.493885 -1424.011369 -1436.009741 -1495.736713 -2034.774875 -4251.371903 -4282.136066 -4282.075167 -4282.016571 -4282.007130 -4282.006157 -4282.006257 -4282.006507 -4282.006775 -4282.007031 -4282.007268 -4282.007487 -4282.007733 -4282.008463 -4282.013642 -4282.047433 -4282.096523 -4231.690525 -1900.362321 -1462.179333 -1429.465452 -1422.799546 -1421.618525 -1421.435837 -1421.408473 -1421.404928 -1421.405239 -1421.406078 -1421.406839 -1421.407440 -1421.407900 -1421.408253 -1421.408527 -1421.408745 -1421.408922 -1421.409070 -1421.409202 -1421.409332 -1421.409475 -1421.409655 -1421.409905 -1421.410272 -1421.410836 -1421.411723 -1421.413141 -1421.415448 -1421.419266 -1421.425730 -1421.436962 -1421.457067 -1421.494147 -1421.564476 -1421.701401 -1421.975844 -1422.548733 -1423.816045 -1426.827659 -1434.642240 -1458.228162 -9999.0 -9999.0
-9999.0 -9999.0 679.210252 584.138038 488.006739 391.160561 293.979320 196.652675 99.275429 1.901894 -95.429867 -192.700887 -289.838973 -386.695027 -483.012721 -578.439505 -672.425011 -767.193187 -861.405544 -954.734192 -1046.820328 -1128.205965 -1199.284790 -1258.182705 -1304.646230 -1339.769280 -1365.402378 -1383.584700 -1396.185262 -1404.750353 -1410.480122 -1414.264108 -1416.738400 -1418.344823 -1419.383333 -1420.056035 -1420.505818 -1420.870725 -1421.493885 -1424.011369 -1436.009741 -1495.736713 -2034.774875 -4251.371903 -4282.136066 -4282.075167 -4282.016571 -4282.007130 -4282.006157 -4282.006257 -4282.006507 -4282.006775 -4282.007031 -4282.007268 -4282.007487 -4282.007733 -4282.008463 -4282.013642 -4282.047433 -4282.096523 -4231.690525 -1900.362321 -1462.179333 -1429.465452 -1422.799546 -1421.618525 -1421.435837 -1421.408473 -1421.404928 -1421.405239 -1421.406078 -1421.406839 -1421.407440 -1421.407900 -1421.408253 -1421.408527 -1421.408745 -1421.408922 -1421.409070 -1421.409202 -1421.409332 -1421.409475 -1421.409655 -1421.409905 -1421.410272 -1421.410836 -1421.411723 -1421.413141 -1421.415448 -1421.419266 -1421.425730 -1421.436962 -1421.457067 -1421.494147 -1421.564476 -1421.701401 -1421.975844 -1422.548733 -1423.816045 -1426.827659 -1434.642240 -1458.228162 -9999.0 -9999.0
-9999.0 -9999.0 679.210252 584.138038 488.006739 391.160561 293.979320 196.652675 99.275429 1.901894 -95.429867 -192.700887 -289.838973 -386.695027 -483.012722 -578.439505 -672.425011 -767.193187 -861.405544 -954.734192 -1046.820328 -1128.205965 -1199.284790 -1258.182705 -1304.646230 -1339.769280 -1365.402378 -1383.584700 -1396.185262 -1404.750353 -1410.480122 -1414.264108 -1416.738400 -1418.344823 -1419.383333 -1420.056035 -1420.505818 -1420.870725 -1421.493885 -1424.011369 -1436.009741 -1495.736713 -2034.774875 -4251.371903 -4282.136066 -4282.075167 -4282.016571 -4282.007130 -4282.006157 -4282.006257 -4282.006507 -4282.006775 -4282.007031 -4282.007268 -4282.007487 -4282.007733 -4282.008463 -4282.013642 -4282.047433 -4282.096523 -4231.690525 -1900.362321 -1462.179333 -1429.465452 -1422.799546 -1421.618525 -1421.435837 -1421.408473 -1421.404928 -1421.405239 -1421.406078 -1421.406839 -1421.407440 -1421.407900 -1421.408253 -1421.408527 -1421.408745 -1421.408922 -1421.409070 -1421.409202 -1421.409332 -1421.409475 -1421.409655 -1421.409905 -1421.410272 -1421.410836 -1421.411723 -1421.413141 -1421.415448 -1421.419266 -1421.425730 -1421.436962 -1421.457067 -1421.494147 -1421.564476 -1421.701401 -1421.975844 -1422.548733 -1423.816045 -1426.827659 -1434.642240 -1458.228162 -9999.0 -9999.0
-9999.0 -9999.0 679.208763 584.137258 488.006420 391.160442 293.979277 196.652660 99.275424 1.901892 -95.429868 -192.700887 -289.838973 -386.695027 -483.012721 -578.439505 -672.425011 -767.193187 -861.405544 -954.734192 -1046.820328 -1128.205965 -1199.284790 -1258.182705 -1304.646230 -1339.769279 -1365.402378 -1383.584700 -1396.185262 -1404.750353 -1410.480122 -1414.264108 -1416.738400 -1418.344823 -1419.383333 -1420.056035 -1420.505818 -1420.870725 -1421.493885 -1424.011369 -1436.009741 -1495.736713 -2034.774875 -4251.371903 -4282.136066 -4282.075167 -4282.016571 -4282.007130 -4282.006157 -4282.006257 -4282.006507 -4282.006775 -4282.007031 -4282.007268 -4282.007487 -4282.007733 -4282.008463 -4282.013642 -4282.047433 -4282.096523 -4231.690525 -1900.362321 -1462.179333 -1429.465452 -1422.799546 -1421.618525 -1421.435837 -1421.408473 -1421.404928 -1421.405239 -1421.406078 -1421.406839 -1421.407440 -1421.407900 -1421.408253 -1421.408527 -1421.408745 -1421.408922 -1421.409070 -1421.409202 -1421.409332 -1421.409475 -1421.409655 -1421.409905 -1421.410272 -1421.410836 -1421.411723 -1421.413141 -1421.415448 -1421.419266 -1421.425730 -1421.436962 -1421.457067 -1421.494147 -1421.564476 -1421.701401 -1421.975844 -1422.548733 -1423.816045 -1426.827659 -1434.642240 -1458.228162 -9999.0 -9999.0
-9999.0 -9999.0 679.203796 584.135649 488.005939 391.160292 293.979228 196.652643 99.275418 1.901890 -95.429869 -192.700887 -289.838973 -386.695027 -483.012722 -578.439505 -672.425011 -767.193186 -861.405544 -954.734192 -1046.820328 -1128.205964 -1199.284790 -1258.182705 -1304.646230 -1339.769279 -1365.402377 -1383.584700 -1396.185262 -1404.750353 -1410.480122 -1414.264108 -1416.738400 -1418.344823 -1419.383333 -1420.056035 -1420.505818 -1420.870725 -1421.493885 -1424.011369 -1436.009741 -1495.736713 -2034.774875 -4251.371903 -4282.136066 -4282.075167 -4282.016571 -4282.007130 -4282.006157 -4282.006257 -4282.006507 -4282.006775 -4282.007031 -4282.007268 -4282.007487 -4282.007733 -4282.008463 -4282.013642 -4282.047433 -4282.096523 -4231.690525 -1900.362321 -1462.179333 -1429.465452 -1422.799546 -1421.618525 -1421.435837 -1421.408473 -1421.404928 -1421.405239 -1421.406078 -1421.406839 -1421.407440 -1421.407900 -1421.408253 -1421.408527 -1421.408745 -1421.408922 -1421.409070 -1421.409202 -1421.409332 -1421.409475 -1421.409655 -1421.409905 -1421.410272 -1421.410836 -1421.411723 -1421.413141 -1421.415448 -1421.419266 -1421.425730 -1421.436962 -1421.457067 -1421.494147 -1421.564476 -1421.701401 -1421.975844 -1422.548733 -1423.816045 -1426.827659 -1434.642240 -1458.228162 -9999.0 -9999.0
-9999.0 -9999.0 -9999.0 -9999.0 -9999.0 -9999.0 -9999.0 -9999.0 -9999.0 -9999.0 -9999.0 -9999.0 -9999.0 -9999.0 -9999.0 -9999.0 -9999.0 -9999.0 -9999.0 -9999.0 -9999.0 -9999.0 -9999.0 -9999.0 -9999.0 -9999.0 -9999.0 -9999.0 -9999.0 -9999.0 -9999.0 -9999.0 -9999.0 -9999.0 -9999.0 -9999.0 -9999.0 -9999.0 -9999.0 -9999.0 -9999.0 -9999.0 -9999.0 -9999.0 -9999.0 -9999.0 -9999.0 -9999.0 -9999.0 -9999.0 -9999.0 -9999.0 -9999.0 -9999.0 -9999.0 -9999.0 -9999.0 -9999.0 -9999.0 -9999.0 -9999.0 -9999.0 -9999.0 -9999.0 -9999.0 -9999.0 -9999.0 -9999.0 -9999.0 -9999.0 -9999.0 -9999.0 -9999.0 -9999.0 -9999.0 -9999.0 -9999.0 -9999.0 -9999.0 -9999.0 -9999.0 -9999.0 -9999.0 -9999.0 -9999.0 -9999.0 -9999.0 -9999.0 -9999.0 -9999.0 -9999.0 -9999.0 -9999.0 -9999.0 -9999.0 -9999.0 -9999.0 -9999.0 -9999.0 -9999.0 -9999.0 -9999.0 -9999.0 -9999.0
-9999.0 -9999.0 -9999.0 -9999.0 -9999.0 -9999.0 -9999.0 -9999.0 -9999.0 -9999.0 -9999.0 -9999.0 -9999.0 -9999.0 -9999.0 -9999.0 -9999.0 -9999.0 -9999.0 -9999.0 -9999.0 -9999.0 -9999.0 -9999.0 -9999.0 -9999.0 -9999.0 -9999.0 -9999.0 -9999.0 -9999.0 -9999.0 -9999.0 -9999.0 -9999.0 -9999.0 -9999.0 -9999.0 -9999.0 -9999.0 -9999.0 -9999.0 -9999.0 -9999.0 -9999.0 -9999.0 -9999.0 -9999.0 -9999.0 -9999.0 -9999.0 -9999.0 -9999.0 -9999.0 -9999.0 -9999.0 -9999.0 -9999.0 -9999.0 -9999.0 -9999.0 -9999.0 -9999.0 -9999.0 -9999.0 -9999.0 -9999.0 -9999.0 -9999.0 -9999.0 -9999.0 -9999.0 -9999.0 -9999.0 -9999.0 -9999.0 -9999.0 -9999.0 -9999.0 -9999.0 -9999.0 -9999.0 -9999.0 -9999.0 -9999.0 -9999.0 -9999.0 -9999.0 -9999.0 -9999.0 -9999.0 -9999.0 -9999.0 -9999.0 -9999.0 -9999.0 -9999.0 -9999.0 -9999.0 -9999.0 -9999.0 -9999.0 -9999.0 -9999.0