inst/processing_geotop_simulation/geotop_simulation/out/maps3D/PwL0007N0337.asc
ncols         104
nrows         10
xllcorner     -2.000000
yllcorner     0.000000
cellsize      1.000000
NODATA_value  -9999.0
-9999.0 -9999.0 -9999.0 -9999.0 -9999.0 -9999.0 -9999.0 -9999.0 -9999.0 -9999.0 -9999.0 -9999.0 -9999.0 -9999.0 -9999.0 -9999.0 -9999.0 -9999.0 -9999.0 -9999.0 -9999.0 -9999.0 -9999.0 -9999.0 -9999.0 -9999.0 -9999.0 -9999.0 -9999.0 -9999.0 -9999.0 -9999.0 -9999.0 -9999.0 -9999.0 -9999.0 -9999.0 -9999.0 -9999.0 -9999.0 -9999.0 -9999.0 -9999.0 -9999.0 -9999.0 -9999.0 -9999.0 -9999.0 -9999.0 -9999.0 -9999.0 -9999.0 -9999.0 -9999.0 -9999.0 -9999.0 -9999.0 -9999.0 -9999.0 -9999.0 -9999.0 -9999.0 -9999.0 -9999.0 -9999.0 -9999.0 -9999.0 -9999.0 -9999.0 -9999.0 -9999.0 -9999.0 -9999.0 -9999.0 -9999.0 -9999.0 -9999.0 -9999.0 -9999.0 -9999.0 -9999.0 -9999.0 -9999.0 -9999.0 -9999.0 -9999.0 -9999.0 -9999.0 -9999.0 -9999.0 -9999.0 -9999.0 -9999.0 -9999.0 -9999.0 -9999.0 -9999.0 -9999.0 -9999.0 -9999.0 -9999.0 -9999.0 -9999.0 -9999.0
-9999.0 -9999.0 -9999.0 -9999.0 -9999.0 -9999.0 -9999.0 -9999.0 -9999.0 -9999.0 -9999.0 -9999.0 -9999.0 -9999.0 -9999.0 -9999.0 -9999.0 -9999.0 -9999.0 -9999.0 -9999.0 -9999.0 -9999.0 -9999.0 -9999.0 -9999.0 -9999.0 -9999.0 -9999.0 -9999.0 -9999.0 -9999.0 -9999.0 -9999.0 -9999.0 -9999.0 -9999.0 -9999.0 -9999.0 -9999.0 -9999.0 -9999.0 -9999.0 -9999.0 -9999.0 -9999.0 -9999.0 -9999.0 -9999.0 -9999.0 -9999.0 -9999.0 -9999.0 -9999.0 -9999.0 -9999.0 -9999.0 -9999.0 -9999.0 -9999.0 -9999.0 -9999.0 -9999.0 -9999.0 -9999.0 -9999.0 -9999.0 -9999.0 -9999.0 -9999.0 -9999.0 -9999.0 -9999.0 -9999.0 -9999.0 -9999.0 -9999.0 -9999.0 -9999.0 -9999.0 -9999.0 -9999.0 -9999.0 -9999.0 -9999.0 -9999.0 -9999.0 -9999.0 -9999.0 -9999.0 -9999.0 -9999.0 -9999.0 -9999.0 -9999.0 -9999.0 -9999.0 -9999.0 -9999.0 -9999.0 -9999.0 -9999.0 -9999.0 -9999.0
-9999.0 -9999.0 324.652522 227.132629 128.636006 29.781687 -69.210986 -168.260416 -267.325919 -366.377270 -465.383353 -564.280659 -662.935129 -761.315704 -859.657275 -957.938772 -1056.089665 -1153.668051 -1249.775852 -1343.807798 -1434.137844 -1518.046353 -1592.406449 -1654.989946 -1705.192031 -1743.865946 -1772.714192 -1793.698170 -1808.662284 -1819.165296 -1826.442795 -1831.433050 -1834.826602 -1837.119566 -1838.662077 -1839.700149 -1840.416493 -1841.002301 -1841.893469 -1844.422024 -1849.662464 -1822.931356 -1199.714594 -1242.803724 -1221.773664 -1208.044009 -1201.657581 -1200.723249 -1200.624507 -1200.633760 -1200.658471 -1200.685060 -1200.710613 -1200.734276 -1200.756256 -1200.781986 -1200.863054 -1201.413285 -1204.777322 -1212.295076 -1221.965195 -1165.534107 -1794.192057 -1842.993483 -1842.993172 -1842.121785 -1841.907638 -1841.869047 -1841.863175 -1841.862788 -1841.863235 -1841.863719 -1841.864116 -1841.864424 -1841.864662 -1841.864850 -1841.865000 -1841.865124 -1841.865229 -1841.865325 -1841.865420 -1841.865525 -1841.865657 -1841.865838 -1841.866102 -1841.866504 -1841.867134 -1841.868141 -1841.869780 -1841.872507 -1841.877152 -1841.885291 -1841.899989 -1841.927345 -1841.979737 -1842.083049 -1842.294063 -1842.746326 -1843.780790 -1846.356031 -1853.557187 -1877.233481 -9999.0 -9999.0
-9999.0 -9999.0 324.659941 227.134423 128.636482 29.781828 -69.210941 -168.260401 -267.325913 -366.377267 -465.383352 -564.280658 -662.935129 -761.315704 -859.657275 -957.938772 -1056.089665 -1153.668052 -1249.775852 -1343.807799 -1434.137844 -1518.046354 -1592.406449 -1654.989946 -1705.192031 -1743.865946 -1772.714192 -1793.698170 -1808.662284 -1819.165296 -1826.442795 -1831.433050 -1834.826602 -1837.119566 -1838.662077 -1839.700149 -1840.416493 -1841.002301 -1841.893469 -1844.422024 -1849.662464 -1822.931356 -1199.714594 -1242.803724 -1221.773664 -1208.044008 -1201.657581 -1200.723249 -1200.624507 -1200.633760 -1200.658471 -1200.685060 -1200.710613 -1200.734276 -1200.756256 -1200.781986 -1200.863054 -1201.413285 -1204.777322 -1212.295076 -1221.965195 -1165.534107 -1794.192057 -1842.993483 -1842.993172 -1842.121785 -1841.907638 -1841.869047 -1841.863175 -1841.862788 -1841.863235 -1841.863719 -1841.864116 -1841.864424 -1841.864662 -1841.864850 -1841.865000 -1841.865124 -1841.865229 -1841.865325 -1841.865420 -1841.865525 -1841.865657 -1841.865838 -1841.866102 -1841.866504 -1841.867134 -1841.868141 -1841.869780 -1841.872507 -1841.877152 -1841.885291 -1841.899989 -1841.927345 -1841.979737 -1842.083049 -1842.294063 -1842.746326 -1843.780790 -1846.356031 -1853.557187 -1877.233481 -9999.0 -9999.0
-9999.0 -9999.0 324.661346 227.135187 128.636786 29.781939 -69.210902 -168.260386 -267.325908 -366.377265 -465.383351 -564.280658 -662.935128 -761.315704 -859.657275 -957.938772 -1056.089665 -1153.668052 -1249.775852 -1343.807799 -1434.137845 -1518.046354 -1592.406449 -1654.989946 -1705.192032 -1743.865946 -1772.714192 -1793.698170 -1808.662284 -1819.165296 -1826.442795 -1831.433050 -1834.826602 -1837.119566 -1838.662077 -1839.700149 -1840.416493 -1841.002301 -1841.893469 -1844.422024 -1849.662464 -1822.931356 -1199.714594 -1242.803724 -1221.773664 -1208.044008 -1201.657581 -1200.723249 -1200.624507 -1200.633760 -1200.658471 -1200.685060 -1200.710613 -1200.734276 -1200.756256 -1200.781986 -1200.863054 -1201.413285 -1204.777322 -1212.295076 -1221.965195 -1165.534107 -1794.192057 -1842.993483 -1842.993172 -1842.121785 -1841.907638 -1841.869047 -1841.863175 -1841.862788 -1841.863235 -1841.863719 -1841.864116 -1841.864424 -1841.864662 -1841.864850 -1841.865000 -1841.865124 -1841.865229 -1841.865325 -1841.865420 -1841.865525 -1841.865657 -1841.865838 -1841.866102 -1841.866504 -1841.867134 -1841.868141 -1841.869780 -1841.872507 -1841.877152 -1841.885291 -1841.899989 -1841.927345 -1841.979737 -1842.083049 -1842.294063 -1842.746326 -1843.780790 -1846.356031 -1853.557187 -1877.233481 -9999.0 -9999.0
-9999.0 -9999.0 324.661346 227.135187 128.636786 29.781939 -69.210901 -168.260387 -267.325908 -366.377265 -465.383351 -564.280658 -662.935128 -761.315704 -859.657275 -957.938772 -1056.089665 -1153.668052 -1249.775852 -1343.807799 -1434.137845 -1518.046354 -1592.406449 -1654.989946 -1705.192032 -1743.865946 -1772.714192 -1793.698170 -1808.662284 -1819.165296 -1826.442795 -1831.433050 -1834.826602 -1837.119566 -1838.662077 -1839.700149 -1840.416493 -1841.002301 -1841.893469 -1844.422024 -1849.662464 -1822.931356 -1199.714594 -1242.803724 -1221.773664 -1208.044008 -1201.657581 -1200.723249 -1200.624507 -1200.633760 -1200.658471 -1200.685060 -1200.710613 -1200.734276 -1200.756256 -1200.781986 -1200.863054 -1201.413285 -1204.777322 -1212.295076 -1221.965195 -1165.534107 -1794.192057 -1842.993483 -1842.993172 -1842.121785 -1841.907638 -1841.869047 -1841.863175 -1841.862788 -1841.863235 -1841.863719 -1841.864116 -1841.864424 -1841.864662 -1841.864850 -1841.865000 -1841.865124 -1841.865229 -1841.865325 -1841.865420 -1841.865525 -1841.865657 -1841.865838 -1841.866102 -1841.866504 -1841.867134 -1841.868141 -1841.869780 -1841.872507 -1841.877152 -1841.885291 -1841.899989 -1841.927345 -1841.979737 -1842.083049 -1842.294063 -1842.746326 -1843.780790 -1846.356031 -1853.557187 -1877.233481 -9999.0 -9999.0
-9999.0 -9999.0 324.659941 227.134423 128.636482 29.781828 -69.210941 -168.260401 -267.325913 -366.377267 -465.383352 -564.280658 -662.935129 -761.315704 -859.657275 -957.938772 -1056.089665 -1153.668052 -1249.775852 -1343.807799 -1434.137844 -1518.046354 -1592.406449 -1654.989946 -1705.192031 -1743.865946 -1772.714192 -1793.698170 -1808.662284 -1819.165296 -1826.442795 -1831.433050 -1834.826602 -1837.119566 -1838.662077 -1839.700149 -1840.416493 -1841.002301 -1841.893469 -1844.422024 -1849.662464 -1822.931356 -1199.714594 -1242.803724 -1221.773664 -1208.044008 -1201.657581 -1200.723249 -1200.624507 -1200.633760 -1200.658471 -1200.685060 -1200.710613 -1200.734276 -1200.756256 -1200.781986 -1200.863054 -1201.413285 -1204.777322 -1212.295076 -1221.965195 -1165.534107 -1794.192057 -1842.993483 -1842.993172 -1842.121785 -1841.907638 -1841.869047 -1841.863175 -1841.862788 -1841.863235 -1841.863719 -1841.864116 -1841.864424 -1841.864662 -1841.864850 -1841.865000 -1841.865124 -1841.865229 -1841.865325 -1841.865420 -1841.865525 -1841.865657 -1841.865838 -1841.866102 -1841.866504 -1841.867134 -1841.868141 -1841.869780 -1841.872507 -1841.877152 -1841.885291 -1841.899989 -1841.927345 -1841.979737 -1842.083049 -1842.294063 -1842.746326 -1843.780790 -1846.356031 -1853.557187 -1877.233481 -9999.0 -9999.0
-9999.0 -9999.0 324.652522 227.132629 128.636006 29.781687 -69.210986 -168.260416 -267.325919 -366.377270 -465.383353 -564.280659 -662.935129 -761.315704 -859.657275 -957.938772 -1056.089665 -1153.668051 -1249.775852 -1343.807798 -1434.137844 -1518.046353 -1592.406449 -1654.989946 -1705.192031 -1743.865946 -1772.714192 -1793.698170 -1808.662284 -1819.165296 -1826.442795 -1831.433050 -1834.826602 -1837.119566 -1838.662077 -1839.700149 -1840.416493 -1841.002301 -1841.893469 -1844.422024 -1849.662464 -1822.931356 -1199.714594 -1242.803724 -1221.773664 -1208.044009 -1201.657581 -1200.723249 -1200.624507 -1200.633760 -1200.658471 -1200.685060 -1200.710613 -1200.734276 -1200.756256 -1200.781986 -1200.863054 -1201.413285 -1204.777322 -1212.295076 -1221.965195 -1165.534107 -1794.192057 -1842.993483 -1842.993172 -1842.121785 -1841.907638 -1841.869047 -1841.863175 -1841.862788 -1841.863235 -1841.863719 -1841.864116 -1841.864424 -1841.864662 -1841.864850 -1841.865000 -1841.865124 -1841.865229 -1841.865325 -1841.865420 -1841.865525 -1841.865657 -1841.865838 -1841.866102 -1841.866504 -1841.867134 -1841.868141 -1841.869780 -1841.872507 -1841.877152 -1841.885291 -1841.899989 -1841.927345 -1841.979737 -1842.083049 -1842.294063 -1842.746326 -1843.780790 -1846.356031 -1853.557187 -1877.233481 -9999.0 -9999.0
-9999.0 -9999.0 -9999.0 -9999.0 -9999.0 -9999.0 -9999.0 -9999.0 -9999.0 -9999.0 -9999.0 -9999.0 -9999.0 -9999.0 -9999.0 -9999.0 -9999.0 -9999.0 -9999.0 -9999.0 -9999.0 -9999.0 -9999.0 -9999.0 -9999.0 -9999.0 -9999.0 -9999.0 -9999.0 -9999.0 -9999.0 -9999.0 -9999.0 -9999.0 -9999.0 -9999.0 -9999.0 -9999.0 -9999.0 -9999.0 -9999.0 -9999.0 -9999.0 -9999.0 -9999.0 -9999.0 -9999.0 -9999.0 -9999.0 -9999.0 -9999.0 -9999.0 -9999.0 -9999.0 -9999.0 -9999.0 -9999.0 -9999.0 -9999.0 -9999.0 -9999.0 -9999.0 -9999.0 -9999.0 -9999.0 -9999.0 -9999.0 -9999.0 -9999.0 -9999.0 -9999.0 -9999.0 -9999.0 -9999.0 -9999.0 -9999.0 -9999.0 -9999.0 -9999.0 -9999.0 -9999.0 -9999.0 -9999.0 -9999.0 -9999.0 -9999.0 -9999.0 -9999.0 -9999.0 -9999.0 -9999.0 -9999.0 -9999.0 -9999.0 -9999.0 -9999.0 -9999.0 -9999.0 -9999.0 -9999.0 -9999.0 -9999.0 -9999.0 -9999.0
-9999.0 -9999.0 -9999.0 -9999.0 -9999.0 -9999.0 -9999.0 -9999.0 -9999.0 -9999.0 -9999.0 -9999.0 -9999.0 -9999.0 -9999.0 -9999.0 -9999.0 -9999.0 -9999.0 -9999.0 -9999.0 -9999.0 -9999.0 -9999.0 -9999.0 -9999.0 -9999.0 -9999.0 -9999.0 -9999.0 -9999.0 -9999.0 -9999.0 -9999.0 -9999.0 -9999.0 -9999.0 -9999.0 -9999.0 -9999.0 -9999.0 -9999.0 -9999.0 -9999.0 -9999.0 -9999.0 -9999.0 -9999.0 -9999.0 -9999.0 -9999.0 -9999.0 -9999.0 -9999.0 -9999.0 -9999.0 -9999.0 -9999.0 -9999.0 -9999.0 -9999.0 -9999.0 -9999.0 -9999.0 -9999.0 -9999.0 -9999.0 -9999.0 -9999.0 -9999.0 -9999.0 -9999.0 -9999.0 -9999.0 -9999.0 -9999.0 -9999.0 -9999.0 -9999.0 -9999.0 -9999.0 -9999.0 -9999.0 -9999.0 -9999.0 -9999.0 -9999.0 -9999.0 -9999.0 -9999.0 -9999.0 -9999.0 -9999.0 -9999.0 -9999.0 -9999.0 -9999.0 -9999.0 -9999.0 -9999.0 -9999.0 -9999.0 -9999.0 -9999.0