inst/processing_geotop_simulation/geotop_simulation/out/maps3D/PwL0011N0444.asc
ncols         104
nrows         10
xllcorner     -2.000000
yllcorner     0.000000
cellsize      1.000000
NODATA_value  -9999.0
-9999.0 -9999.0 -9999.0 -9999.0 -9999.0 -9999.0 -9999.0 -9999.0 -9999.0 -9999.0 -9999.0 -9999.0 -9999.0 -9999.0 -9999.0 -9999.0 -9999.0 -9999.0 -9999.0 -9999.0 -9999.0 -9999.0 -9999.0 -9999.0 -9999.0 -9999.0 -9999.0 -9999.0 -9999.0 -9999.0 -9999.0 -9999.0 -9999.0 -9999.0 -9999.0 -9999.0 -9999.0 -9999.0 -9999.0 -9999.0 -9999.0 -9999.0 -9999.0 -9999.0 -9999.0 -9999.0 -9999.0 -9999.0 -9999.0 -9999.0 -9999.0 -9999.0 -9999.0 -9999.0 -9999.0 -9999.0 -9999.0 -9999.0 -9999.0 -9999.0 -9999.0 -9999.0 -9999.0 -9999.0 -9999.0 -9999.0 -9999.0 -9999.0 -9999.0 -9999.0 -9999.0 -9999.0 -9999.0 -9999.0 -9999.0 -9999.0 -9999.0 -9999.0 -9999.0 -9999.0 -9999.0 -9999.0 -9999.0 -9999.0 -9999.0 -9999.0 -9999.0 -9999.0 -9999.0 -9999.0 -9999.0 -9999.0 -9999.0 -9999.0 -9999.0 -9999.0 -9999.0 -9999.0 -9999.0 -9999.0 -9999.0 -9999.0 -9999.0 -9999.0
-9999.0 -9999.0 -9999.0 -9999.0 -9999.0 -9999.0 -9999.0 -9999.0 -9999.0 -9999.0 -9999.0 -9999.0 -9999.0 -9999.0 -9999.0 -9999.0 -9999.0 -9999.0 -9999.0 -9999.0 -9999.0 -9999.0 -9999.0 -9999.0 -9999.0 -9999.0 -9999.0 -9999.0 -9999.0 -9999.0 -9999.0 -9999.0 -9999.0 -9999.0 -9999.0 -9999.0 -9999.0 -9999.0 -9999.0 -9999.0 -9999.0 -9999.0 -9999.0 -9999.0 -9999.0 -9999.0 -9999.0 -9999.0 -9999.0 -9999.0 -9999.0 -9999.0 -9999.0 -9999.0 -9999.0 -9999.0 -9999.0 -9999.0 -9999.0 -9999.0 -9999.0 -9999.0 -9999.0 -9999.0 -9999.0 -9999.0 -9999.0 -9999.0 -9999.0 -9999.0 -9999.0 -9999.0 -9999.0 -9999.0 -9999.0 -9999.0 -9999.0 -9999.0 -9999.0 -9999.0 -9999.0 -9999.0 -9999.0 -9999.0 -9999.0 -9999.0 -9999.0 -9999.0 -9999.0 -9999.0 -9999.0 -9999.0 -9999.0 -9999.0 -9999.0 -9999.0 -9999.0 -9999.0 -9999.0 -9999.0 -9999.0 -9999.0 -9999.0 -9999.0
-9999.0 -9999.0 521.963287 423.225081 324.116804 224.820477 125.442908 26.031845 -73.387530 -172.805190 -272.213570 -371.600164 -470.943995 -570.202837 -669.317590 -768.360879 -867.410807 -966.366130 -1065.208843 -1163.530854 -1260.475267 -1355.080435 -1445.372594 -1528.846038 -1603.129172 -1666.627826 -1718.832836 -1760.253961 -1792.116115 -1815.993930 -1833.508992 -1846.137016 -1855.117499 -1861.435376 -1865.843491 -1868.904522 -1871.047236 -1872.667866 -1874.383521 -1877.400558 -1880.792038 -1854.225476 -1386.810575 -1632.785540 -1575.843341 -1538.202422 -1521.142316 -1518.747130 -1518.497047 -1518.519588 -1518.580744 -1518.646548 -1518.709776 -1518.768320 -1518.822680 -1518.886172 -1519.086469 -1520.469924 -1529.323415 -1549.403801 -1569.536347 -1314.731023 -1817.435271 -1873.489394 -1876.513771 -1875.921065 -1875.686592 -1875.635067 -1875.626052 -1875.624986 -1875.625236 -1875.625631 -1875.625980 -1875.626265 -1875.626498 -1875.626691 -1875.626857 -1875.627003 -1875.627136 -1875.627263 -1875.627391 -1875.627531 -1875.627695 -1875.627902 -1875.628180 -1875.628576 -1875.629165 -1875.630073 -1875.631518 -1875.633891 -1875.637916 -1875.644971 -1875.657766 -1875.681745 -1875.728180 -1875.821342 -1876.016627 -1876.449844 -1877.481305 -1880.159464 -1887.896317 -1913.225482 -9999.0 -9999.0
-9999.0 -9999.0 521.968348 423.226545 324.117219 224.820603 125.442949 26.031859 -73.387525 -172.805187 -272.213569 -371.600163 -470.943994 -570.202837 -669.317590 -768.360879 -867.410807 -966.366131 -1065.208843 -1163.530855 -1260.475268 -1355.080436 -1445.372594 -1528.846038 -1603.129172 -1666.627826 -1718.832836 -1760.253961 -1792.116115 -1815.993930 -1833.508992 -1846.137016 -1855.117499 -1861.435376 -1865.843491 -1868.904522 -1871.047236 -1872.667866 -1874.383521 -1877.400558 -1880.792038 -1854.225476 -1386.810575 -1632.785539 -1575.843340 -1538.202421 -1521.142316 -1518.747130 -1518.497047 -1518.519588 -1518.580744 -1518.646548 -1518.709776 -1518.768320 -1518.822680 -1518.886172 -1519.086469 -1520.469924 -1529.323415 -1549.403801 -1569.536347 -1314.731023 -1817.435271 -1873.489394 -1876.513771 -1875.921065 -1875.686592 -1875.635067 -1875.626052 -1875.624986 -1875.625236 -1875.625631 -1875.625980 -1875.626265 -1875.626498 -1875.626691 -1875.626857 -1875.627003 -1875.627136 -1875.627263 -1875.627391 -1875.627531 -1875.627695 -1875.627902 -1875.628180 -1875.628576 -1875.629165 -1875.630073 -1875.631518 -1875.633891 -1875.637916 -1875.644971 -1875.657766 -1875.681745 -1875.728180 -1875.821341 -1876.016627 -1876.449844 -1877.481305 -1880.159464 -1887.896317 -1913.225482 -9999.0 -9999.0
-9999.0 -9999.0 521.969629 423.227215 324.117489 224.820703 125.442985 26.031872 -73.387520 -172.805186 -272.213568 -371.600163 -470.943994 -570.202837 -669.317590 -768.360879 -867.410807 -966.366131 -1065.208844 -1163.530855 -1260.475268 -1355.080436 -1445.372594 -1528.846038 -1603.129172 -1666.627826 -1718.832836 -1760.253961 -1792.116115 -1815.993930 -1833.508992 -1846.137016 -1855.117499 -1861.435376 -1865.843491 -1868.904522 -1871.047236 -1872.667866 -1874.383521 -1877.400558 -1880.792038 -1854.225476 -1386.810575 -1632.785539 -1575.843340 -1538.202421 -1521.142316 -1518.747130 -1518.497047 -1518.519588 -1518.580744 -1518.646548 -1518.709776 -1518.768320 -1518.822680 -1518.886172 -1519.086469 -1520.469924 -1529.323415 -1549.403801 -1569.536347 -1314.731023 -1817.435271 -1873.489394 -1876.513771 -1875.921065 -1875.686592 -1875.635067 -1875.626052 -1875.624986 -1875.625236 -1875.625631 -1875.625980 -1875.626265 -1875.626498 -1875.626691 -1875.626857 -1875.627003 -1875.627136 -1875.627263 -1875.627391 -1875.627531 -1875.627695 -1875.627902 -1875.628180 -1875.628576 -1875.629165 -1875.630073 -1875.631518 -1875.633891 -1875.637916 -1875.644971 -1875.657766 -1875.681745 -1875.728180 -1875.821341 -1876.016627 -1876.449844 -1877.481305 -1880.159464 -1887.896317 -1913.225482 -9999.0 -9999.0
-9999.0 -9999.0 521.969629 423.227215 324.117489 224.820703 125.442985 26.031872 -73.387520 -172.805186 -272.213568 -371.600163 -470.943994 -570.202837 -669.317590 -768.360879 -867.410807 -966.366131 -1065.208844 -1163.530855 -1260.475268 -1355.080436 -1445.372594 -1528.846038 -1603.129172 -1666.627826 -1718.832836 -1760.253961 -1792.116115 -1815.993930 -1833.508992 -1846.137016 -1855.117499 -1861.435376 -1865.843491 -1868.904522 -1871.047236 -1872.667866 -1874.383521 -1877.400558 -1880.792038 -1854.225476 -1386.810575 -1632.785539 -1575.843340 -1538.202421 -1521.142316 -1518.747130 -1518.497047 -1518.519588 -1518.580744 -1518.646548 -1518.709776 -1518.768320 -1518.822680 -1518.886172 -1519.086469 -1520.469924 -1529.323415 -1549.403801 -1569.536347 -1314.731023 -1817.435271 -1873.489394 -1876.513771 -1875.921065 -1875.686592 -1875.635067 -1875.626052 -1875.624986 -1875.625236 -1875.625631 -1875.625980 -1875.626265 -1875.626498 -1875.626691 -1875.626857 -1875.627003 -1875.627136 -1875.627263 -1875.627391 -1875.627531 -1875.627695 -1875.627902 -1875.628180 -1875.628576 -1875.629165 -1875.630073 -1875.631518 -1875.633891 -1875.637916 -1875.644971 -1875.657766 -1875.681745 -1875.728180 -1875.821341 -1876.016627 -1876.449844 -1877.481305 -1880.159464 -1887.896317 -1913.225482 -9999.0 -9999.0
-9999.0 -9999.0 521.968349 423.226545 324.117219 224.820603 125.442949 26.031859 -73.387525 -172.805187 -272.213569 -371.600163 -470.943994 -570.202837 -669.317590 -768.360879 -867.410807 -966.366131 -1065.208843 -1163.530855 -1260.475268 -1355.080436 -1445.372594 -1528.846038 -1603.129172 -1666.627826 -1718.832836 -1760.253961 -1792.116115 -1815.993930 -1833.508992 -1846.137016 -1855.117499 -1861.435376 -1865.843491 -1868.904522 -1871.047236 -1872.667866 -1874.383521 -1877.400558 -1880.792038 -1854.225476 -1386.810575 -1632.785539 -1575.843340 -1538.202421 -1521.142316 -1518.747130 -1518.497047 -1518.519588 -1518.580744 -1518.646548 -1518.709776 -1518.768320 -1518.822680 -1518.886172 -1519.086469 -1520.469924 -1529.323415 -1549.403801 -1569.536347 -1314.731023 -1817.435271 -1873.489394 -1876.513771 -1875.921065 -1875.686592 -1875.635067 -1875.626052 -1875.624986 -1875.625236 -1875.625631 -1875.625980 -1875.626265 -1875.626498 -1875.626691 -1875.626857 -1875.627003 -1875.627136 -1875.627263 -1875.627391 -1875.627531 -1875.627695 -1875.627902 -1875.628180 -1875.628576 -1875.629165 -1875.630073 -1875.631518 -1875.633891 -1875.637916 -1875.644971 -1875.657766 -1875.681745 -1875.728180 -1875.821341 -1876.016627 -1876.449844 -1877.481305 -1880.159464 -1887.896317 -1913.225482 -9999.0 -9999.0
-9999.0 -9999.0 521.963287 423.225082 324.116804 224.820477 125.442908 26.031845 -73.387530 -172.805190 -272.213570 -371.600164 -470.943995 -570.202837 -669.317590 -768.360879 -867.410807 -966.366130 -1065.208843 -1163.530854 -1260.475267 -1355.080435 -1445.372594 -1528.846038 -1603.129172 -1666.627826 -1718.832836 -1760.253961 -1792.116115 -1815.993930 -1833.508992 -1846.137016 -1855.117499 -1861.435376 -1865.843491 -1868.904522 -1871.047236 -1872.667866 -1874.383521 -1877.400558 -1880.792038 -1854.225476 -1386.810575 -1632.785540 -1575.843341 -1538.202422 -1521.142316 -1518.747130 -1518.497047 -1518.519588 -1518.580744 -1518.646548 -1518.709776 -1518.768320 -1518.822680 -1518.886172 -1519.086469 -1520.469924 -1529.323415 -1549.403801 -1569.536347 -1314.731023 -1817.435271 -1873.489394 -1876.513771 -1875.921065 -1875.686592 -1875.635067 -1875.626052 -1875.624986 -1875.625236 -1875.625631 -1875.625980 -1875.626265 -1875.626498 -1875.626691 -1875.626857 -1875.627003 -1875.627136 -1875.627263 -1875.627391 -1875.627531 -1875.627695 -1875.627902 -1875.628180 -1875.628576 -1875.629165 -1875.630073 -1875.631518 -1875.633891 -1875.637916 -1875.644971 -1875.657766 -1875.681745 -1875.728180 -1875.821342 -1876.016627 -1876.449844 -1877.481305 -1880.159464 -1887.896317 -1913.225482 -9999.0 -9999.0
-9999.0 -9999.0 -9999.0 -9999.0 -9999.0 -9999.0 -9999.0 -9999.0 -9999.0 -9999.0 -9999.0 -9999.0 -9999.0 -9999.0 -9999.0 -9999.0 -9999.0 -9999.0 -9999.0 -9999.0 -9999.0 -9999.0 -9999.0 -9999.0 -9999.0 -9999.0 -9999.0 -9999.0 -9999.0 -9999.0 -9999.0 -9999.0 -9999.0 -9999.0 -9999.0 -9999.0 -9999.0 -9999.0 -9999.0 -9999.0 -9999.0 -9999.0 -9999.0 -9999.0 -9999.0 -9999.0 -9999.0 -9999.0 -9999.0 -9999.0 -9999.0 -9999.0 -9999.0 -9999.0 -9999.0 -9999.0 -9999.0 -9999.0 -9999.0 -9999.0 -9999.0 -9999.0 -9999.0 -9999.0 -9999.0 -9999.0 -9999.0 -9999.0 -9999.0 -9999.0 -9999.0 -9999.0 -9999.0 -9999.0 -9999.0 -9999.0 -9999.0 -9999.0 -9999.0 -9999.0 -9999.0 -9999.0 -9999.0 -9999.0 -9999.0 -9999.0 -9999.0 -9999.0 -9999.0 -9999.0 -9999.0 -9999.0 -9999.0 -9999.0 -9999.0 -9999.0 -9999.0 -9999.0 -9999.0 -9999.0 -9999.0 -9999.0 -9999.0 -9999.0
-9999.0 -9999.0 -9999.0 -9999.0 -9999.0 -9999.0 -9999.0 -9999.0 -9999.0 -9999.0 -9999.0 -9999.0 -9999.0 -9999.0 -9999.0 -9999.0 -9999.0 -9999.0 -9999.0 -9999.0 -9999.0 -9999.0 -9999.0 -9999.0 -9999.0 -9999.0 -9999.0 -9999.0 -9999.0 -9999.0 -9999.0 -9999.0 -9999.0 -9999.0 -9999.0 -9999.0 -9999.0 -9999.0 -9999.0 -9999.0 -9999.0 -9999.0 -9999.0 -9999.0 -9999.0 -9999.0 -9999.0 -9999.0 -9999.0 -9999.0 -9999.0 -9999.0 -9999.0 -9999.0 -9999.0 -9999.0 -9999.0 -9999.0 -9999.0 -9999.0 -9999.0 -9999.0 -9999.0 -9999.0 -9999.0 -9999.0 -9999.0 -9999.0 -9999.0 -9999.0 -9999.0 -9999.0 -9999.0 -9999.0 -9999.0 -9999.0 -9999.0 -9999.0 -9999.0 -9999.0 -9999.0 -9999.0 -9999.0 -9999.0 -9999.0 -9999.0 -9999.0 -9999.0 -9999.0 -9999.0 -9999.0 -9999.0 -9999.0 -9999.0 -9999.0 -9999.0 -9999.0 -9999.0 -9999.0 -9999.0 -9999.0 -9999.0 -9999.0 -9999.0