inst/processing_geotop_simulation/geotop_simulation/out/maps3D/PwL0015N0047.asc
ncols         104
nrows         10
xllcorner     -2.000000
yllcorner     0.000000
cellsize      1.000000
NODATA_value  -9999.0
-9999.0 -9999.0 -9999.0 -9999.0 -9999.0 -9999.0 -9999.0 -9999.0 -9999.0 -9999.0 -9999.0 -9999.0 -9999.0 -9999.0 -9999.0 -9999.0 -9999.0 -9999.0 -9999.0 -9999.0 -9999.0 -9999.0 -9999.0 -9999.0 -9999.0 -9999.0 -9999.0 -9999.0 -9999.0 -9999.0 -9999.0 -9999.0 -9999.0 -9999.0 -9999.0 -9999.0 -9999.0 -9999.0 -9999.0 -9999.0 -9999.0 -9999.0 -9999.0 -9999.0 -9999.0 -9999.0 -9999.0 -9999.0 -9999.0 -9999.0 -9999.0 -9999.0 -9999.0 -9999.0 -9999.0 -9999.0 -9999.0 -9999.0 -9999.0 -9999.0 -9999.0 -9999.0 -9999.0 -9999.0 -9999.0 -9999.0 -9999.0 -9999.0 -9999.0 -9999.0 -9999.0 -9999.0 -9999.0 -9999.0 -9999.0 -9999.0 -9999.0 -9999.0 -9999.0 -9999.0 -9999.0 -9999.0 -9999.0 -9999.0 -9999.0 -9999.0 -9999.0 -9999.0 -9999.0 -9999.0 -9999.0 -9999.0 -9999.0 -9999.0 -9999.0 -9999.0 -9999.0 -9999.0 -9999.0 -9999.0 -9999.0 -9999.0 -9999.0 -9999.0
-9999.0 -9999.0 -9999.0 -9999.0 -9999.0 -9999.0 -9999.0 -9999.0 -9999.0 -9999.0 -9999.0 -9999.0 -9999.0 -9999.0 -9999.0 -9999.0 -9999.0 -9999.0 -9999.0 -9999.0 -9999.0 -9999.0 -9999.0 -9999.0 -9999.0 -9999.0 -9999.0 -9999.0 -9999.0 -9999.0 -9999.0 -9999.0 -9999.0 -9999.0 -9999.0 -9999.0 -9999.0 -9999.0 -9999.0 -9999.0 -9999.0 -9999.0 -9999.0 -9999.0 -9999.0 -9999.0 -9999.0 -9999.0 -9999.0 -9999.0 -9999.0 -9999.0 -9999.0 -9999.0 -9999.0 -9999.0 -9999.0 -9999.0 -9999.0 -9999.0 -9999.0 -9999.0 -9999.0 -9999.0 -9999.0 -9999.0 -9999.0 -9999.0 -9999.0 -9999.0 -9999.0 -9999.0 -9999.0 -9999.0 -9999.0 -9999.0 -9999.0 -9999.0 -9999.0 -9999.0 -9999.0 -9999.0 -9999.0 -9999.0 -9999.0 -9999.0 -9999.0 -9999.0 -9999.0 -9999.0 -9999.0 -9999.0 -9999.0 -9999.0 -9999.0 -9999.0 -9999.0 -9999.0 -9999.0 -9999.0 -9999.0 -9999.0 -9999.0 -9999.0
-9999.0 -9999.0 -651.195971 -708.760786 -739.356410 -755.982288 -765.164745 -770.186867 -772.808132 -772.675288 -763.476212 -748.729858 -731.603434 -710.086244 -685.959901 -665.436528 -648.306418 -652.923770 -672.655115 -690.125926 -708.648092 -704.718354 -690.038814 -687.687861 -692.606734 -701.713051 -712.942017 -724.780404 -736.091653 -746.094802 -754.359118 -760.782586 -765.516811 -768.851125 -771.108584 -772.582922 -773.530948 -774.240654 -774.911071 -775.006889 -777.627605 -829.224595 -2358.304609 -4231.578603 -4232.673258 -4232.673267 -4232.673267 -4232.673267 -4232.673267 -4232.673267 -4232.673267 -4232.673267 -4232.673267 -4232.673267 -4232.673267 -4232.673267 -4232.673267 -4232.673267 -4232.673267 -4232.673249 -4230.894535 -2256.194677 -812.230904 -779.029344 -776.150687 -775.507038 -775.358638 -775.332260 -775.332209 -775.336907 -775.341624 -775.345438 -775.348351 -775.350562 -775.352258 -775.353582 -775.354637 -775.355491 -775.356198 -775.356816 -775.357408 -775.358050 -775.358840 -775.359918 -775.361495 -775.363900 -775.367659 -775.373628 -775.383231 -775.398900 -775.424922 -775.469128 -775.546344 -775.685503 -775.944206 -776.437993 -777.398240 -779.289420 -783.081281 -791.066635 -809.694983 -855.301878 -9999.0 -9999.0
-9999.0 -9999.0 -651.195931 -708.760726 -739.356361 -755.982264 -765.164738 -770.186867 -772.808133 -772.675289 -763.476213 -748.729858 -731.603434 -710.086244 -685.959901 -665.436528 -648.306418 -652.923770 -672.655115 -690.125926 -708.648092 -704.718354 -690.038814 -687.687861 -692.606734 -701.713051 -712.942017 -724.780404 -736.091653 -746.094802 -754.359118 -760.782586 -765.516811 -768.851125 -771.108584 -772.582922 -773.530948 -774.240654 -774.911071 -775.006889 -777.627605 -829.224595 -2358.304609 -4231.578603 -4232.673258 -4232.673267 -4232.673267 -4232.673267 -4232.673267 -4232.673267 -4232.673267 -4232.673267 -4232.673267 -4232.673267 -4232.673267 -4232.673267 -4232.673267 -4232.673267 -4232.673267 -4232.673249 -4230.894535 -2256.194677 -812.230904 -779.029344 -776.150687 -775.507038 -775.358638 -775.332260 -775.332209 -775.336907 -775.341624 -775.345438 -775.348351 -775.350562 -775.352258 -775.353582 -775.354637 -775.355491 -775.356198 -775.356816 -775.357408 -775.358050 -775.358840 -775.359918 -775.361495 -775.363900 -775.367659 -775.373628 -775.383231 -775.398900 -775.424922 -775.469128 -775.546344 -775.685503 -775.944206 -776.437993 -777.398240 -779.289420 -783.081281 -791.066635 -809.694983 -855.301878 -9999.0 -9999.0
-9999.0 -9999.0 -651.195912 -708.760692 -739.356328 -755.982246 -765.164733 -770.186867 -772.808134 -772.675290 -763.476213 -748.729858 -731.603434 -710.086244 -685.959901 -665.436528 -648.306418 -652.923770 -672.655115 -690.125926 -708.648092 -704.718354 -690.038814 -687.687861 -692.606734 -701.713051 -712.942017 -724.780404 -736.091653 -746.094802 -754.359118 -760.782586 -765.516811 -768.851125 -771.108584 -772.582922 -773.530948 -774.240654 -774.911071 -775.006889 -777.627605 -829.224595 -2358.304609 -4231.578603 -4232.673258 -4232.673267 -4232.673267 -4232.673267 -4232.673267 -4232.673267 -4232.673267 -4232.673267 -4232.673267 -4232.673267 -4232.673267 -4232.673267 -4232.673267 -4232.673267 -4232.673267 -4232.673249 -4230.894535 -2256.194677 -812.230904 -779.029344 -776.150687 -775.507038 -775.358638 -775.332260 -775.332209 -775.336907 -775.341624 -775.345438 -775.348351 -775.350562 -775.352258 -775.353582 -775.354637 -775.355491 -775.356198 -775.356816 -775.357408 -775.358050 -775.358840 -775.359918 -775.361495 -775.363900 -775.367659 -775.373628 -775.383231 -775.398900 -775.424922 -775.469128 -775.546344 -775.685503 -775.944206 -776.437993 -777.398240 -779.289420 -783.081281 -791.066635 -809.694983 -855.301878 -9999.0 -9999.0
-9999.0 -9999.0 -651.195912 -708.760692 -739.356328 -755.982246 -765.164733 -770.186867 -772.808134 -772.675290 -763.476213 -748.729858 -731.603434 -710.086244 -685.959901 -665.436528 -648.306418 -652.923770 -672.655115 -690.125926 -708.648092 -704.718354 -690.038814 -687.687861 -692.606734 -701.713051 -712.942017 -724.780404 -736.091653 -746.094802 -754.359118 -760.782586 -765.516811 -768.851125 -771.108584 -772.582922 -773.530948 -774.240654 -774.911071 -775.006889 -777.627605 -829.224595 -2358.304609 -4231.578603 -4232.673258 -4232.673267 -4232.673267 -4232.673267 -4232.673267 -4232.673267 -4232.673267 -4232.673267 -4232.673267 -4232.673267 -4232.673267 -4232.673267 -4232.673267 -4232.673267 -4232.673267 -4232.673249 -4230.894535 -2256.194677 -812.230904 -779.029344 -776.150687 -775.507038 -775.358638 -775.332260 -775.332209 -775.336907 -775.341624 -775.345438 -775.348351 -775.350562 -775.352258 -775.353582 -775.354637 -775.355491 -775.356198 -775.356816 -775.357408 -775.358050 -775.358840 -775.359918 -775.361495 -775.363900 -775.367659 -775.373628 -775.383231 -775.398900 -775.424922 -775.469128 -775.546344 -775.685503 -775.944206 -776.437993 -777.398240 -779.289420 -783.081281 -791.066635 -809.694983 -855.301878 -9999.0 -9999.0
-9999.0 -9999.0 -651.195931 -708.760726 -739.356361 -755.982264 -765.164738 -770.186867 -772.808133 -772.675289 -763.476213 -748.729858 -731.603434 -710.086244 -685.959901 -665.436528 -648.306418 -652.923770 -672.655115 -690.125926 -708.648092 -704.718354 -690.038814 -687.687861 -692.606734 -701.713051 -712.942017 -724.780404 -736.091653 -746.094802 -754.359118 -760.782586 -765.516811 -768.851125 -771.108584 -772.582922 -773.530948 -774.240654 -774.911071 -775.006889 -777.627605 -829.224595 -2358.304609 -4231.578603 -4232.673258 -4232.673267 -4232.673267 -4232.673267 -4232.673267 -4232.673267 -4232.673267 -4232.673267 -4232.673267 -4232.673267 -4232.673267 -4232.673267 -4232.673267 -4232.673267 -4232.673267 -4232.673249 -4230.894535 -2256.194677 -812.230904 -779.029344 -776.150687 -775.507038 -775.358638 -775.332260 -775.332209 -775.336907 -775.341624 -775.345438 -775.348351 -775.350562 -775.352258 -775.353582 -775.354637 -775.355491 -775.356198 -775.356816 -775.357408 -775.358050 -775.358840 -775.359918 -775.361495 -775.363900 -775.367659 -775.373628 -775.383231 -775.398900 -775.424922 -775.469128 -775.546344 -775.685503 -775.944206 -776.437993 -777.398240 -779.289420 -783.081281 -791.066635 -809.694983 -855.301878 -9999.0 -9999.0
-9999.0 -9999.0 -651.195971 -708.760786 -739.356410 -755.982288 -765.164745 -770.186867 -772.808132 -772.675288 -763.476212 -748.729858 -731.603434 -710.086244 -685.959901 -665.436528 -648.306418 -652.923770 -672.655115 -690.125926 -708.648092 -704.718354 -690.038814 -687.687861 -692.606734 -701.713051 -712.942017 -724.780404 -736.091653 -746.094802 -754.359118 -760.782586 -765.516811 -768.851125 -771.108584 -772.582922 -773.530948 -774.240654 -774.911071 -775.006889 -777.627605 -829.224595 -2358.304609 -4231.578603 -4232.673258 -4232.673267 -4232.673267 -4232.673267 -4232.673267 -4232.673267 -4232.673267 -4232.673267 -4232.673267 -4232.673267 -4232.673267 -4232.673267 -4232.673267 -4232.673267 -4232.673267 -4232.673249 -4230.894535 -2256.194677 -812.230904 -779.029344 -776.150687 -775.507038 -775.358638 -775.332260 -775.332209 -775.336907 -775.341624 -775.345438 -775.348351 -775.350562 -775.352258 -775.353582 -775.354637 -775.355491 -775.356198 -775.356816 -775.357408 -775.358050 -775.358840 -775.359918 -775.361495 -775.363900 -775.367659 -775.373628 -775.383231 -775.398900 -775.424922 -775.469128 -775.546344 -775.685503 -775.944206 -776.437993 -777.398240 -779.289420 -783.081281 -791.066635 -809.694983 -855.301878 -9999.0 -9999.0
-9999.0 -9999.0 -9999.0 -9999.0 -9999.0 -9999.0 -9999.0 -9999.0 -9999.0 -9999.0 -9999.0 -9999.0 -9999.0 -9999.0 -9999.0 -9999.0 -9999.0 -9999.0 -9999.0 -9999.0 -9999.0 -9999.0 -9999.0 -9999.0 -9999.0 -9999.0 -9999.0 -9999.0 -9999.0 -9999.0 -9999.0 -9999.0 -9999.0 -9999.0 -9999.0 -9999.0 -9999.0 -9999.0 -9999.0 -9999.0 -9999.0 -9999.0 -9999.0 -9999.0 -9999.0 -9999.0 -9999.0 -9999.0 -9999.0 -9999.0 -9999.0 -9999.0 -9999.0 -9999.0 -9999.0 -9999.0 -9999.0 -9999.0 -9999.0 -9999.0 -9999.0 -9999.0 -9999.0 -9999.0 -9999.0 -9999.0 -9999.0 -9999.0 -9999.0 -9999.0 -9999.0 -9999.0 -9999.0 -9999.0 -9999.0 -9999.0 -9999.0 -9999.0 -9999.0 -9999.0 -9999.0 -9999.0 -9999.0 -9999.0 -9999.0 -9999.0 -9999.0 -9999.0 -9999.0 -9999.0 -9999.0 -9999.0 -9999.0 -9999.0 -9999.0 -9999.0 -9999.0 -9999.0 -9999.0 -9999.0 -9999.0 -9999.0 -9999.0 -9999.0
-9999.0 -9999.0 -9999.0 -9999.0 -9999.0 -9999.0 -9999.0 -9999.0 -9999.0 -9999.0 -9999.0 -9999.0 -9999.0 -9999.0 -9999.0 -9999.0 -9999.0 -9999.0 -9999.0 -9999.0 -9999.0 -9999.0 -9999.0 -9999.0 -9999.0 -9999.0 -9999.0 -9999.0 -9999.0 -9999.0 -9999.0 -9999.0 -9999.0 -9999.0 -9999.0 -9999.0 -9999.0 -9999.0 -9999.0 -9999.0 -9999.0 -9999.0 -9999.0 -9999.0 -9999.0 -9999.0 -9999.0 -9999.0 -9999.0 -9999.0 -9999.0 -9999.0 -9999.0 -9999.0 -9999.0 -9999.0 -9999.0 -9999.0 -9999.0 -9999.0 -9999.0 -9999.0 -9999.0 -9999.0 -9999.0 -9999.0 -9999.0 -9999.0 -9999.0 -9999.0 -9999.0 -9999.0 -9999.0 -9999.0 -9999.0 -9999.0 -9999.0 -9999.0 -9999.0 -9999.0 -9999.0 -9999.0 -9999.0 -9999.0 -9999.0 -9999.0 -9999.0 -9999.0 -9999.0 -9999.0 -9999.0 -9999.0 -9999.0 -9999.0 -9999.0 -9999.0 -9999.0 -9999.0 -9999.0 -9999.0 -9999.0 -9999.0 -9999.0 -9999.0