inst/processing_geotop_simulation/geotop_simulation/out/maps3D/PwL0007N0354.asc
ncols         104
nrows         10
xllcorner     -2.000000
yllcorner     0.000000
cellsize      1.000000
NODATA_value  -9999.0
-9999.0 -9999.0 -9999.0 -9999.0 -9999.0 -9999.0 -9999.0 -9999.0 -9999.0 -9999.0 -9999.0 -9999.0 -9999.0 -9999.0 -9999.0 -9999.0 -9999.0 -9999.0 -9999.0 -9999.0 -9999.0 -9999.0 -9999.0 -9999.0 -9999.0 -9999.0 -9999.0 -9999.0 -9999.0 -9999.0 -9999.0 -9999.0 -9999.0 -9999.0 -9999.0 -9999.0 -9999.0 -9999.0 -9999.0 -9999.0 -9999.0 -9999.0 -9999.0 -9999.0 -9999.0 -9999.0 -9999.0 -9999.0 -9999.0 -9999.0 -9999.0 -9999.0 -9999.0 -9999.0 -9999.0 -9999.0 -9999.0 -9999.0 -9999.0 -9999.0 -9999.0 -9999.0 -9999.0 -9999.0 -9999.0 -9999.0 -9999.0 -9999.0 -9999.0 -9999.0 -9999.0 -9999.0 -9999.0 -9999.0 -9999.0 -9999.0 -9999.0 -9999.0 -9999.0 -9999.0 -9999.0 -9999.0 -9999.0 -9999.0 -9999.0 -9999.0 -9999.0 -9999.0 -9999.0 -9999.0 -9999.0 -9999.0 -9999.0 -9999.0 -9999.0 -9999.0 -9999.0 -9999.0 -9999.0 -9999.0 -9999.0 -9999.0 -9999.0 -9999.0
-9999.0 -9999.0 -9999.0 -9999.0 -9999.0 -9999.0 -9999.0 -9999.0 -9999.0 -9999.0 -9999.0 -9999.0 -9999.0 -9999.0 -9999.0 -9999.0 -9999.0 -9999.0 -9999.0 -9999.0 -9999.0 -9999.0 -9999.0 -9999.0 -9999.0 -9999.0 -9999.0 -9999.0 -9999.0 -9999.0 -9999.0 -9999.0 -9999.0 -9999.0 -9999.0 -9999.0 -9999.0 -9999.0 -9999.0 -9999.0 -9999.0 -9999.0 -9999.0 -9999.0 -9999.0 -9999.0 -9999.0 -9999.0 -9999.0 -9999.0 -9999.0 -9999.0 -9999.0 -9999.0 -9999.0 -9999.0 -9999.0 -9999.0 -9999.0 -9999.0 -9999.0 -9999.0 -9999.0 -9999.0 -9999.0 -9999.0 -9999.0 -9999.0 -9999.0 -9999.0 -9999.0 -9999.0 -9999.0 -9999.0 -9999.0 -9999.0 -9999.0 -9999.0 -9999.0 -9999.0 -9999.0 -9999.0 -9999.0 -9999.0 -9999.0 -9999.0 -9999.0 -9999.0 -9999.0 -9999.0 -9999.0 -9999.0 -9999.0 -9999.0 -9999.0 -9999.0 -9999.0 -9999.0 -9999.0 -9999.0 -9999.0 -9999.0 -9999.0 -9999.0
-9999.0 -9999.0 324.413351 226.686544 128.064185 29.113964 -69.963018 -169.092024 -268.235968 -367.367765 -466.459662 -565.456537 -664.242746 -762.793088 -861.309838 -959.772943 -1058.122051 -1155.978204 -1252.558372 -1347.287839 -1438.673693 -1524.174547 -1600.702408 -1665.842981 -1718.689071 -1759.823526 -1790.786004 -1813.482858 -1829.776471 -1841.279667 -1849.292415 -1854.813809 -1858.585902 -1861.145792 -1862.874968 -1864.042890 -1864.850110 -1865.503776 -1866.456079 -1869.001956 -1873.626292 -1842.310070 -1206.493536 -1248.839420 -1228.293419 -1214.806515 -1208.529350 -1207.604853 -1207.506790 -1207.515753 -1207.540017 -1207.566142 -1207.591251 -1207.614504 -1207.636114 -1207.661511 -1207.742068 -1208.287735 -1211.598507 -1218.985111 -1228.302979 -1172.871954 -1813.333552 -1866.939247 -1867.578335 -1866.751096 -1866.533780 -1866.493511 -1866.487261 -1866.486788 -1866.487201 -1866.487665 -1866.488047 -1866.488346 -1866.488578 -1866.488760 -1866.488907 -1866.489029 -1866.489133 -1866.489228 -1866.489322 -1866.489427 -1866.489557 -1866.489735 -1866.489994 -1866.490386 -1866.491000 -1866.491979 -1866.493572 -1866.496222 -1866.500738 -1866.508659 -1866.522978 -1866.549657 -1866.600831 -1866.701955 -1866.909175 -1867.355318 -1868.381544 -1870.953403 -1878.194120 -1902.059560 -9999.0 -9999.0
-9999.0 -9999.0 324.420672 226.688314 128.064655 29.114103 -69.962973 -169.092009 -268.235962 -367.367763 -466.459660 -565.456537 -664.242746 -762.793088 -861.309838 -959.772943 -1058.122052 -1155.978205 -1252.558372 -1347.287839 -1438.673693 -1524.174547 -1600.702408 -1665.842981 -1718.689071 -1759.823526 -1790.786004 -1813.482859 -1829.776471 -1841.279667 -1849.292415 -1854.813809 -1858.585902 -1861.145792 -1862.874968 -1864.042890 -1864.850110 -1865.503776 -1866.456079 -1869.001956 -1873.626292 -1842.310070 -1206.493536 -1248.839419 -1228.293418 -1214.806514 -1208.529350 -1207.604853 -1207.506790 -1207.515753 -1207.540017 -1207.566142 -1207.591251 -1207.614504 -1207.636114 -1207.661511 -1207.742068 -1208.287735 -1211.598507 -1218.985111 -1228.302979 -1172.871954 -1813.333552 -1866.939247 -1867.578335 -1866.751096 -1866.533780 -1866.493511 -1866.487261 -1866.486788 -1866.487201 -1866.487665 -1866.488047 -1866.488346 -1866.488578 -1866.488760 -1866.488907 -1866.489029 -1866.489133 -1866.489228 -1866.489322 -1866.489427 -1866.489557 -1866.489735 -1866.489994 -1866.490386 -1866.491000 -1866.491979 -1866.493572 -1866.496222 -1866.500738 -1866.508659 -1866.522978 -1866.549657 -1866.600831 -1866.701955 -1866.909175 -1867.355318 -1868.381544 -1870.953403 -1878.194120 -1902.059560 -9999.0 -9999.0
-9999.0 -9999.0 324.422057 226.689067 128.064955 29.114213 -69.962934 -169.091995 -268.235957 -367.367761 -466.459660 -565.456536 -664.242746 -762.793088 -861.309838 -959.772943 -1058.122052 -1155.978205 -1252.558372 -1347.287839 -1438.673693 -1524.174547 -1600.702408 -1665.842981 -1718.689071 -1759.823526 -1790.786004 -1813.482859 -1829.776471 -1841.279667 -1849.292415 -1854.813809 -1858.585902 -1861.145792 -1862.874968 -1864.042890 -1864.850110 -1865.503776 -1866.456079 -1869.001956 -1873.626292 -1842.310070 -1206.493536 -1248.839419 -1228.293418 -1214.806514 -1208.529350 -1207.604853 -1207.506790 -1207.515753 -1207.540017 -1207.566142 -1207.591251 -1207.614504 -1207.636114 -1207.661511 -1207.742068 -1208.287735 -1211.598507 -1218.985111 -1228.302979 -1172.871954 -1813.333552 -1866.939247 -1867.578335 -1866.751096 -1866.533780 -1866.493511 -1866.487261 -1866.486788 -1866.487201 -1866.487665 -1866.488047 -1866.488346 -1866.488578 -1866.488760 -1866.488907 -1866.489029 -1866.489133 -1866.489228 -1866.489322 -1866.489427 -1866.489557 -1866.489735 -1866.489994 -1866.490386 -1866.491000 -1866.491979 -1866.493572 -1866.496222 -1866.500738 -1866.508659 -1866.522978 -1866.549657 -1866.600831 -1866.701955 -1866.909175 -1867.355318 -1868.381544 -1870.953403 -1878.194120 -1902.059560 -9999.0 -9999.0
-9999.0 -9999.0 324.422057 226.689067 128.064955 29.114213 -69.962934 -169.091995 -268.235957 -367.367761 -466.459660 -565.456537 -664.242746 -762.793088 -861.309838 -959.772943 -1058.122052 -1155.978205 -1252.558372 -1347.287839 -1438.673693 -1524.174547 -1600.702408 -1665.842981 -1718.689071 -1759.823526 -1790.786004 -1813.482859 -1829.776471 -1841.279667 -1849.292415 -1854.813809 -1858.585902 -1861.145792 -1862.874968 -1864.042890 -1864.850110 -1865.503776 -1866.456079 -1869.001956 -1873.626292 -1842.310070 -1206.493536 -1248.839419 -1228.293418 -1214.806514 -1208.529350 -1207.604853 -1207.506790 -1207.515753 -1207.540017 -1207.566142 -1207.591251 -1207.614504 -1207.636114 -1207.661511 -1207.742068 -1208.287735 -1211.598507 -1218.985111 -1228.302979 -1172.871954 -1813.333552 -1866.939247 -1867.578335 -1866.751096 -1866.533780 -1866.493511 -1866.487261 -1866.486788 -1866.487201 -1866.487665 -1866.488047 -1866.488346 -1866.488578 -1866.488760 -1866.488907 -1866.489029 -1866.489133 -1866.489228 -1866.489322 -1866.489427 -1866.489557 -1866.489735 -1866.489994 -1866.490386 -1866.491000 -1866.491979 -1866.493572 -1866.496222 -1866.500738 -1866.508659 -1866.522978 -1866.549657 -1866.600831 -1866.701955 -1866.909175 -1867.355318 -1868.381544 -1870.953403 -1878.194120 -1902.059560 -9999.0 -9999.0
-9999.0 -9999.0 324.420671 226.688314 128.064655 29.114104 -69.962973 -169.092008 -268.235963 -367.367763 -466.459661 -565.456537 -664.242746 -762.793088 -861.309838 -959.772943 -1058.122052 -1155.978205 -1252.558372 -1347.287839 -1438.673693 -1524.174547 -1600.702408 -1665.842981 -1718.689071 -1759.823526 -1790.786004 -1813.482859 -1829.776471 -1841.279667 -1849.292415 -1854.813809 -1858.585902 -1861.145792 -1862.874968 -1864.042890 -1864.850110 -1865.503776 -1866.456079 -1869.001956 -1873.626292 -1842.310070 -1206.493536 -1248.839419 -1228.293418 -1214.806514 -1208.529350 -1207.604853 -1207.506790 -1207.515753 -1207.540017 -1207.566142 -1207.591251 -1207.614504 -1207.636114 -1207.661511 -1207.742068 -1208.287735 -1211.598507 -1218.985111 -1228.302979 -1172.871954 -1813.333552 -1866.939247 -1867.578335 -1866.751096 -1866.533780 -1866.493511 -1866.487261 -1866.486788 -1866.487201 -1866.487665 -1866.488047 -1866.488346 -1866.488578 -1866.488760 -1866.488907 -1866.489029 -1866.489133 -1866.489228 -1866.489322 -1866.489427 -1866.489557 -1866.489735 -1866.489994 -1866.490386 -1866.491000 -1866.491979 -1866.493572 -1866.496222 -1866.500738 -1866.508659 -1866.522978 -1866.549657 -1866.600831 -1866.701955 -1866.909175 -1867.355318 -1868.381544 -1870.953403 -1878.194120 -1902.059560 -9999.0 -9999.0
-9999.0 -9999.0 324.413351 226.686543 128.064186 29.113964 -69.963018 -169.092024 -268.235968 -367.367765 -466.459662 -565.456537 -664.242746 -762.793088 -861.309838 -959.772943 -1058.122051 -1155.978204 -1252.558372 -1347.287839 -1438.673693 -1524.174547 -1600.702408 -1665.842981 -1718.689071 -1759.823526 -1790.786004 -1813.482858 -1829.776471 -1841.279667 -1849.292415 -1854.813809 -1858.585902 -1861.145792 -1862.874968 -1864.042890 -1864.850110 -1865.503776 -1866.456079 -1869.001956 -1873.626292 -1842.310070 -1206.493536 -1248.839420 -1228.293419 -1214.806515 -1208.529350 -1207.604853 -1207.506790 -1207.515753 -1207.540017 -1207.566142 -1207.591251 -1207.614504 -1207.636114 -1207.661511 -1207.742068 -1208.287735 -1211.598507 -1218.985111 -1228.302979 -1172.871954 -1813.333552 -1866.939247 -1867.578335 -1866.751096 -1866.533780 -1866.493511 -1866.487261 -1866.486788 -1866.487201 -1866.487665 -1866.488047 -1866.488346 -1866.488578 -1866.488760 -1866.488907 -1866.489029 -1866.489133 -1866.489228 -1866.489322 -1866.489427 -1866.489557 -1866.489735 -1866.489994 -1866.490386 -1866.491000 -1866.491979 -1866.493572 -1866.496222 -1866.500738 -1866.508659 -1866.522978 -1866.549657 -1866.600831 -1866.701955 -1866.909175 -1867.355318 -1868.381544 -1870.953403 -1878.194120 -1902.059560 -9999.0 -9999.0
-9999.0 -9999.0 -9999.0 -9999.0 -9999.0 -9999.0 -9999.0 -9999.0 -9999.0 -9999.0 -9999.0 -9999.0 -9999.0 -9999.0 -9999.0 -9999.0 -9999.0 -9999.0 -9999.0 -9999.0 -9999.0 -9999.0 -9999.0 -9999.0 -9999.0 -9999.0 -9999.0 -9999.0 -9999.0 -9999.0 -9999.0 -9999.0 -9999.0 -9999.0 -9999.0 -9999.0 -9999.0 -9999.0 -9999.0 -9999.0 -9999.0 -9999.0 -9999.0 -9999.0 -9999.0 -9999.0 -9999.0 -9999.0 -9999.0 -9999.0 -9999.0 -9999.0 -9999.0 -9999.0 -9999.0 -9999.0 -9999.0 -9999.0 -9999.0 -9999.0 -9999.0 -9999.0 -9999.0 -9999.0 -9999.0 -9999.0 -9999.0 -9999.0 -9999.0 -9999.0 -9999.0 -9999.0 -9999.0 -9999.0 -9999.0 -9999.0 -9999.0 -9999.0 -9999.0 -9999.0 -9999.0 -9999.0 -9999.0 -9999.0 -9999.0 -9999.0 -9999.0 -9999.0 -9999.0 -9999.0 -9999.0 -9999.0 -9999.0 -9999.0 -9999.0 -9999.0 -9999.0 -9999.0 -9999.0 -9999.0 -9999.0 -9999.0 -9999.0 -9999.0
-9999.0 -9999.0 -9999.0 -9999.0 -9999.0 -9999.0 -9999.0 -9999.0 -9999.0 -9999.0 -9999.0 -9999.0 -9999.0 -9999.0 -9999.0 -9999.0 -9999.0 -9999.0 -9999.0 -9999.0 -9999.0 -9999.0 -9999.0 -9999.0 -9999.0 -9999.0 -9999.0 -9999.0 -9999.0 -9999.0 -9999.0 -9999.0 -9999.0 -9999.0 -9999.0 -9999.0 -9999.0 -9999.0 -9999.0 -9999.0 -9999.0 -9999.0 -9999.0 -9999.0 -9999.0 -9999.0 -9999.0 -9999.0 -9999.0 -9999.0 -9999.0 -9999.0 -9999.0 -9999.0 -9999.0 -9999.0 -9999.0 -9999.0 -9999.0 -9999.0 -9999.0 -9999.0 -9999.0 -9999.0 -9999.0 -9999.0 -9999.0 -9999.0 -9999.0 -9999.0 -9999.0 -9999.0 -9999.0 -9999.0 -9999.0 -9999.0 -9999.0 -9999.0 -9999.0 -9999.0 -9999.0 -9999.0 -9999.0 -9999.0 -9999.0 -9999.0 -9999.0 -9999.0 -9999.0 -9999.0 -9999.0 -9999.0 -9999.0 -9999.0 -9999.0 -9999.0 -9999.0 -9999.0 -9999.0 -9999.0 -9999.0 -9999.0 -9999.0 -9999.0