inst/processing_geotop_simulation/geotop_simulation/out/maps3D/PwL0011N0168.asc
ncols         104
nrows         10
xllcorner     -2.000000
yllcorner     0.000000
cellsize      1.000000
NODATA_value  -9999.0
-9999.0 -9999.0 -9999.0 -9999.0 -9999.0 -9999.0 -9999.0 -9999.0 -9999.0 -9999.0 -9999.0 -9999.0 -9999.0 -9999.0 -9999.0 -9999.0 -9999.0 -9999.0 -9999.0 -9999.0 -9999.0 -9999.0 -9999.0 -9999.0 -9999.0 -9999.0 -9999.0 -9999.0 -9999.0 -9999.0 -9999.0 -9999.0 -9999.0 -9999.0 -9999.0 -9999.0 -9999.0 -9999.0 -9999.0 -9999.0 -9999.0 -9999.0 -9999.0 -9999.0 -9999.0 -9999.0 -9999.0 -9999.0 -9999.0 -9999.0 -9999.0 -9999.0 -9999.0 -9999.0 -9999.0 -9999.0 -9999.0 -9999.0 -9999.0 -9999.0 -9999.0 -9999.0 -9999.0 -9999.0 -9999.0 -9999.0 -9999.0 -9999.0 -9999.0 -9999.0 -9999.0 -9999.0 -9999.0 -9999.0 -9999.0 -9999.0 -9999.0 -9999.0 -9999.0 -9999.0 -9999.0 -9999.0 -9999.0 -9999.0 -9999.0 -9999.0 -9999.0 -9999.0 -9999.0 -9999.0 -9999.0 -9999.0 -9999.0 -9999.0 -9999.0 -9999.0 -9999.0 -9999.0 -9999.0 -9999.0 -9999.0 -9999.0 -9999.0 -9999.0
-9999.0 -9999.0 -9999.0 -9999.0 -9999.0 -9999.0 -9999.0 -9999.0 -9999.0 -9999.0 -9999.0 -9999.0 -9999.0 -9999.0 -9999.0 -9999.0 -9999.0 -9999.0 -9999.0 -9999.0 -9999.0 -9999.0 -9999.0 -9999.0 -9999.0 -9999.0 -9999.0 -9999.0 -9999.0 -9999.0 -9999.0 -9999.0 -9999.0 -9999.0 -9999.0 -9999.0 -9999.0 -9999.0 -9999.0 -9999.0 -9999.0 -9999.0 -9999.0 -9999.0 -9999.0 -9999.0 -9999.0 -9999.0 -9999.0 -9999.0 -9999.0 -9999.0 -9999.0 -9999.0 -9999.0 -9999.0 -9999.0 -9999.0 -9999.0 -9999.0 -9999.0 -9999.0 -9999.0 -9999.0 -9999.0 -9999.0 -9999.0 -9999.0 -9999.0 -9999.0 -9999.0 -9999.0 -9999.0 -9999.0 -9999.0 -9999.0 -9999.0 -9999.0 -9999.0 -9999.0 -9999.0 -9999.0 -9999.0 -9999.0 -9999.0 -9999.0 -9999.0 -9999.0 -9999.0 -9999.0 -9999.0 -9999.0 -9999.0 -9999.0 -9999.0 -9999.0 -9999.0 -9999.0 -9999.0 -9999.0 -9999.0 -9999.0 -9999.0 -9999.0
-9999.0 -9999.0 532.334077 439.630119 344.811475 248.910817 152.540166 55.969639 -40.658311 -137.276936 -233.826988 -330.202540 -426.204698 -521.468287 -615.586745 -709.220854 -803.180146 -896.819843 -989.973603 -1079.927042 -1160.828801 -1229.686413 -1284.540932 -1325.787829 -1355.429176 -1376.056149 -1390.104697 -1399.530002 -1405.776598 -1409.869803 -1412.524211 -1414.230275 -1415.319310 -1416.011327 -1416.450174 -1416.730673 -1416.922349 -1417.103838 -1417.517327 -1419.535228 -1430.143728 -1480.609182 -1715.667179 -2901.926405 -2545.496055 -2355.020654 -2274.905228 -2265.203695 -2264.238872 -2264.339865 -2264.590907 -2264.859617 -2265.117512 -2265.356138 -2265.576665 -2265.825044 -2266.561315 -2271.874967 -2311.865867 -2407.555984 -2569.295291 -1534.001232 -1450.992976 -1424.626020 -1418.522230 -1417.508431 -1417.358146 -1417.335549 -1417.332791 -1417.333376 -1417.334387 -1417.335272 -1417.335963 -1417.336489 -1417.336891 -1417.337203 -1417.337450 -1417.337649 -1417.337816 -1417.337963 -1417.338107 -1417.338267 -1417.338467 -1417.338746 -1417.339157 -1417.339789 -1417.340783 -1417.342373 -1417.344953 -1417.349216 -1417.356409 -1417.368860 -1417.391054 -1417.431815 -1417.508779 -1417.657693 -1417.952989 -1418.558496 -1419.865566 -1422.891110 -1430.557813 -1453.410613 -9999.0 -9999.0
-9999.0 -9999.0 532.340423 439.631962 344.811998 248.910976 152.540217 55.969656 -40.658305 -137.276934 -233.826987 -330.202539 -426.204698 -521.468287 -615.586745 -709.220855 -803.180146 -896.819844 -989.973603 -1079.927042 -1160.828801 -1229.686413 -1284.540932 -1325.787829 -1355.429176 -1376.056149 -1390.104697 -1399.530002 -1405.776598 -1409.869803 -1412.524211 -1414.230275 -1415.319310 -1416.011327 -1416.450174 -1416.730673 -1416.922349 -1417.103838 -1417.517327 -1419.535228 -1430.143728 -1480.609182 -1715.667179 -2901.926403 -2545.496052 -2355.020648 -2274.905229 -2265.203695 -2264.238872 -2264.339865 -2264.590907 -2264.859617 -2265.117512 -2265.356138 -2265.576665 -2265.825044 -2266.561315 -2271.874967 -2311.865867 -2407.555983 -2569.295291 -1534.001232 -1450.992976 -1424.626020 -1418.522230 -1417.508431 -1417.358146 -1417.335549 -1417.332791 -1417.333376 -1417.334387 -1417.335272 -1417.335963 -1417.336489 -1417.336891 -1417.337203 -1417.337450 -1417.337649 -1417.337816 -1417.337963 -1417.338107 -1417.338267 -1417.338467 -1417.338746 -1417.339157 -1417.339789 -1417.340783 -1417.342373 -1417.344953 -1417.349216 -1417.356409 -1417.368860 -1417.391054 -1417.431815 -1417.508779 -1417.657693 -1417.952989 -1418.558496 -1419.865566 -1422.891110 -1430.557813 -1453.410613 -9999.0 -9999.0
-9999.0 -9999.0 532.342028 439.632804 344.812338 248.911102 152.540262 55.969672 -40.658299 -137.276932 -233.826986 -330.202539 -426.204698 -521.468287 -615.586745 -709.220855 -803.180147 -896.819844 -989.973603 -1079.927043 -1160.828802 -1229.686413 -1284.540932 -1325.787829 -1355.429176 -1376.056149 -1390.104697 -1399.530002 -1405.776598 -1409.869803 -1412.524211 -1414.230275 -1415.319310 -1416.011327 -1416.450174 -1416.730673 -1416.922349 -1417.103838 -1417.517327 -1419.535228 -1430.143728 -1480.609182 -1715.667178 -2901.926403 -2545.496051 -2355.020646 -2274.905229 -2265.203695 -2264.238872 -2264.339865 -2264.590907 -2264.859617 -2265.117512 -2265.356138 -2265.576665 -2265.825044 -2266.561315 -2271.874967 -2311.865867 -2407.555983 -2569.295290 -1534.001232 -1450.992976 -1424.626020 -1418.522230 -1417.508431 -1417.358146 -1417.335549 -1417.332791 -1417.333376 -1417.334387 -1417.335272 -1417.335963 -1417.336489 -1417.336891 -1417.337203 -1417.337450 -1417.337649 -1417.337816 -1417.337963 -1417.338107 -1417.338267 -1417.338467 -1417.338746 -1417.339157 -1417.339789 -1417.340783 -1417.342373 -1417.344953 -1417.349216 -1417.356409 -1417.368860 -1417.391054 -1417.431815 -1417.508779 -1417.657693 -1417.952989 -1418.558496 -1419.865566 -1422.891110 -1430.557813 -1453.410613 -9999.0 -9999.0
-9999.0 -9999.0 532.342028 439.632804 344.812338 248.911102 152.540262 55.969672 -40.658299 -137.276932 -233.826986 -330.202539 -426.204698 -521.468287 -615.586745 -709.220855 -803.180147 -896.819844 -989.973603 -1079.927043 -1160.828802 -1229.686413 -1284.540932 -1325.787829 -1355.429176 -1376.056149 -1390.104697 -1399.530002 -1405.776598 -1409.869803 -1412.524211 -1414.230275 -1415.319310 -1416.011327 -1416.450174 -1416.730673 -1416.922349 -1417.103838 -1417.517327 -1419.535228 -1430.143728 -1480.609182 -1715.667178 -2901.926403 -2545.496051 -2355.020646 -2274.905229 -2265.203695 -2264.238872 -2264.339865 -2264.590907 -2264.859617 -2265.117512 -2265.356138 -2265.576665 -2265.825044 -2266.561315 -2271.874967 -2311.865867 -2407.555983 -2569.295290 -1534.001232 -1450.992976 -1424.626020 -1418.522230 -1417.508431 -1417.358146 -1417.335549 -1417.332791 -1417.333376 -1417.334387 -1417.335272 -1417.335963 -1417.336489 -1417.336891 -1417.337203 -1417.337450 -1417.337649 -1417.337816 -1417.337963 -1417.338107 -1417.338267 -1417.338467 -1417.338746 -1417.339157 -1417.339789 -1417.340783 -1417.342373 -1417.344953 -1417.349216 -1417.356409 -1417.368860 -1417.391054 -1417.431815 -1417.508779 -1417.657693 -1417.952989 -1418.558496 -1419.865566 -1422.891110 -1430.557813 -1453.410613 -9999.0 -9999.0
-9999.0 -9999.0 532.340423 439.631962 344.811998 248.910976 152.540217 55.969656 -40.658305 -137.276934 -233.826987 -330.202539 -426.204698 -521.468287 -615.586745 -709.220855 -803.180146 -896.819844 -989.973603 -1079.927042 -1160.828801 -1229.686413 -1284.540932 -1325.787829 -1355.429176 -1376.056149 -1390.104697 -1399.530002 -1405.776598 -1409.869803 -1412.524211 -1414.230275 -1415.319310 -1416.011327 -1416.450174 -1416.730673 -1416.922349 -1417.103838 -1417.517327 -1419.535228 -1430.143728 -1480.609182 -1715.667179 -2901.926403 -2545.496052 -2355.020648 -2274.905229 -2265.203695 -2264.238872 -2264.339865 -2264.590907 -2264.859617 -2265.117512 -2265.356138 -2265.576665 -2265.825044 -2266.561315 -2271.874967 -2311.865867 -2407.555983 -2569.295291 -1534.001232 -1450.992976 -1424.626020 -1418.522230 -1417.508431 -1417.358146 -1417.335549 -1417.332791 -1417.333376 -1417.334387 -1417.335272 -1417.335963 -1417.336489 -1417.336891 -1417.337203 -1417.337450 -1417.337649 -1417.337816 -1417.337963 -1417.338107 -1417.338267 -1417.338467 -1417.338746 -1417.339157 -1417.339789 -1417.340783 -1417.342373 -1417.344953 -1417.349216 -1417.356409 -1417.368860 -1417.391054 -1417.431815 -1417.508779 -1417.657693 -1417.952989 -1418.558496 -1419.865566 -1422.891110 -1430.557813 -1453.410613 -9999.0 -9999.0
-9999.0 -9999.0 532.334077 439.630119 344.811475 248.910817 152.540166 55.969639 -40.658311 -137.276936 -233.826988 -330.202540 -426.204698 -521.468287 -615.586745 -709.220854 -803.180146 -896.819843 -989.973603 -1079.927042 -1160.828801 -1229.686413 -1284.540932 -1325.787829 -1355.429176 -1376.056149 -1390.104697 -1399.530002 -1405.776598 -1409.869803 -1412.524211 -1414.230275 -1415.319310 -1416.011327 -1416.450174 -1416.730673 -1416.922349 -1417.103838 -1417.517327 -1419.535228 -1430.143728 -1480.609182 -1715.667179 -2901.926405 -2545.496055 -2355.020653 -2274.905228 -2265.203695 -2264.238872 -2264.339865 -2264.590907 -2264.859617 -2265.117512 -2265.356138 -2265.576665 -2265.825044 -2266.561315 -2271.874967 -2311.865867 -2407.555984 -2569.295291 -1534.001232 -1450.992976 -1424.626020 -1418.522230 -1417.508431 -1417.358146 -1417.335549 -1417.332791 -1417.333376 -1417.334387 -1417.335272 -1417.335963 -1417.336489 -1417.336891 -1417.337203 -1417.337450 -1417.337649 -1417.337816 -1417.337963 -1417.338107 -1417.338267 -1417.338467 -1417.338746 -1417.339157 -1417.339789 -1417.340783 -1417.342373 -1417.344953 -1417.349216 -1417.356409 -1417.368860 -1417.391054 -1417.431815 -1417.508779 -1417.657693 -1417.952989 -1418.558496 -1419.865566 -1422.891110 -1430.557813 -1453.410613 -9999.0 -9999.0
-9999.0 -9999.0 -9999.0 -9999.0 -9999.0 -9999.0 -9999.0 -9999.0 -9999.0 -9999.0 -9999.0 -9999.0 -9999.0 -9999.0 -9999.0 -9999.0 -9999.0 -9999.0 -9999.0 -9999.0 -9999.0 -9999.0 -9999.0 -9999.0 -9999.0 -9999.0 -9999.0 -9999.0 -9999.0 -9999.0 -9999.0 -9999.0 -9999.0 -9999.0 -9999.0 -9999.0 -9999.0 -9999.0 -9999.0 -9999.0 -9999.0 -9999.0 -9999.0 -9999.0 -9999.0 -9999.0 -9999.0 -9999.0 -9999.0 -9999.0 -9999.0 -9999.0 -9999.0 -9999.0 -9999.0 -9999.0 -9999.0 -9999.0 -9999.0 -9999.0 -9999.0 -9999.0 -9999.0 -9999.0 -9999.0 -9999.0 -9999.0 -9999.0 -9999.0 -9999.0 -9999.0 -9999.0 -9999.0 -9999.0 -9999.0 -9999.0 -9999.0 -9999.0 -9999.0 -9999.0 -9999.0 -9999.0 -9999.0 -9999.0 -9999.0 -9999.0 -9999.0 -9999.0 -9999.0 -9999.0 -9999.0 -9999.0 -9999.0 -9999.0 -9999.0 -9999.0 -9999.0 -9999.0 -9999.0 -9999.0 -9999.0 -9999.0 -9999.0 -9999.0
-9999.0 -9999.0 -9999.0 -9999.0 -9999.0 -9999.0 -9999.0 -9999.0 -9999.0 -9999.0 -9999.0 -9999.0 -9999.0 -9999.0 -9999.0 -9999.0 -9999.0 -9999.0 -9999.0 -9999.0 -9999.0 -9999.0 -9999.0 -9999.0 -9999.0 -9999.0 -9999.0 -9999.0 -9999.0 -9999.0 -9999.0 -9999.0 -9999.0 -9999.0 -9999.0 -9999.0 -9999.0 -9999.0 -9999.0 -9999.0 -9999.0 -9999.0 -9999.0 -9999.0 -9999.0 -9999.0 -9999.0 -9999.0 -9999.0 -9999.0 -9999.0 -9999.0 -9999.0 -9999.0 -9999.0 -9999.0 -9999.0 -9999.0 -9999.0 -9999.0 -9999.0 -9999.0 -9999.0 -9999.0 -9999.0 -9999.0 -9999.0 -9999.0 -9999.0 -9999.0 -9999.0 -9999.0 -9999.0 -9999.0 -9999.0 -9999.0 -9999.0 -9999.0 -9999.0 -9999.0 -9999.0 -9999.0 -9999.0 -9999.0 -9999.0 -9999.0 -9999.0 -9999.0 -9999.0 -9999.0 -9999.0 -9999.0 -9999.0 -9999.0 -9999.0 -9999.0 -9999.0 -9999.0 -9999.0 -9999.0 -9999.0 -9999.0 -9999.0 -9999.0