inst/processing_geotop_simulation/geotop_simulation/out/maps3D/PwL0014N0201.asc
ncols         104
nrows         10
xllcorner     -2.000000
yllcorner     0.000000
cellsize      1.000000
NODATA_value  -9999.0
-9999.0 -9999.0 -9999.0 -9999.0 -9999.0 -9999.0 -9999.0 -9999.0 -9999.0 -9999.0 -9999.0 -9999.0 -9999.0 -9999.0 -9999.0 -9999.0 -9999.0 -9999.0 -9999.0 -9999.0 -9999.0 -9999.0 -9999.0 -9999.0 -9999.0 -9999.0 -9999.0 -9999.0 -9999.0 -9999.0 -9999.0 -9999.0 -9999.0 -9999.0 -9999.0 -9999.0 -9999.0 -9999.0 -9999.0 -9999.0 -9999.0 -9999.0 -9999.0 -9999.0 -9999.0 -9999.0 -9999.0 -9999.0 -9999.0 -9999.0 -9999.0 -9999.0 -9999.0 -9999.0 -9999.0 -9999.0 -9999.0 -9999.0 -9999.0 -9999.0 -9999.0 -9999.0 -9999.0 -9999.0 -9999.0 -9999.0 -9999.0 -9999.0 -9999.0 -9999.0 -9999.0 -9999.0 -9999.0 -9999.0 -9999.0 -9999.0 -9999.0 -9999.0 -9999.0 -9999.0 -9999.0 -9999.0 -9999.0 -9999.0 -9999.0 -9999.0 -9999.0 -9999.0 -9999.0 -9999.0 -9999.0 -9999.0 -9999.0 -9999.0 -9999.0 -9999.0 -9999.0 -9999.0 -9999.0 -9999.0 -9999.0 -9999.0 -9999.0 -9999.0
-9999.0 -9999.0 -9999.0 -9999.0 -9999.0 -9999.0 -9999.0 -9999.0 -9999.0 -9999.0 -9999.0 -9999.0 -9999.0 -9999.0 -9999.0 -9999.0 -9999.0 -9999.0 -9999.0 -9999.0 -9999.0 -9999.0 -9999.0 -9999.0 -9999.0 -9999.0 -9999.0 -9999.0 -9999.0 -9999.0 -9999.0 -9999.0 -9999.0 -9999.0 -9999.0 -9999.0 -9999.0 -9999.0 -9999.0 -9999.0 -9999.0 -9999.0 -9999.0 -9999.0 -9999.0 -9999.0 -9999.0 -9999.0 -9999.0 -9999.0 -9999.0 -9999.0 -9999.0 -9999.0 -9999.0 -9999.0 -9999.0 -9999.0 -9999.0 -9999.0 -9999.0 -9999.0 -9999.0 -9999.0 -9999.0 -9999.0 -9999.0 -9999.0 -9999.0 -9999.0 -9999.0 -9999.0 -9999.0 -9999.0 -9999.0 -9999.0 -9999.0 -9999.0 -9999.0 -9999.0 -9999.0 -9999.0 -9999.0 -9999.0 -9999.0 -9999.0 -9999.0 -9999.0 -9999.0 -9999.0 -9999.0 -9999.0 -9999.0 -9999.0 -9999.0 -9999.0 -9999.0 -9999.0 -9999.0 -9999.0 -9999.0 -9999.0 -9999.0 -9999.0
-9999.0 -9999.0 678.413209 582.988596 486.578218 389.503474 292.117734 194.597500 97.030805 -0.534175 -98.059993 -195.528577 -292.872328 -389.949676 -486.513782 -582.223672 -676.536346 -771.591108 -866.112675 -959.824009 -1052.378805 -1134.638470 -1206.974240 -1267.394351 -1315.466280 -1352.115639 -1379.081298 -1398.355829 -1411.810254 -1421.019518 -1427.222084 -1431.345655 -1434.059684 -1435.833041 -1436.986567 -1437.737940 -1438.241588 -1438.645945 -1439.311564 -1441.900308 -1453.853926 -1510.992644 -2029.962169 -4249.344653 -4282.097580 -4281.977703 -4281.864301 -4281.846013 -4281.844127 -4281.844322 -4281.844809 -4281.845330 -4281.845829 -4281.846290 -4281.846715 -4281.847194 -4281.848611 -4281.858660 -4281.924026 -4282.021992 -4228.104398 -1890.371954 -1477.066718 -1447.152372 -1440.663195 -1439.469178 -1439.280802 -1439.252416 -1439.248693 -1439.248945 -1439.249745 -1439.250480 -1439.251061 -1439.251505 -1439.251847 -1439.252113 -1439.252325 -1439.252496 -1439.252640 -1439.252769 -1439.252895 -1439.253035 -1439.253210 -1439.253452 -1439.253810 -1439.254358 -1439.255220 -1439.256598 -1439.258840 -1439.262554 -1439.268843 -1439.279781 -1439.299376 -1439.335544 -1439.404204 -1439.538039 -1439.806795 -1440.369394 -1441.618249 -1444.597246 -1452.367027 -1475.969886 -9999.0 -9999.0
-9999.0 -9999.0 678.418140 582.990193 486.578696 389.503623 292.117782 194.597516 97.030811 -0.534173 -98.059992 -195.528576 -292.872328 -389.949676 -486.513782 -582.223672 -676.536346 -771.591108 -866.112675 -959.824009 -1052.378806 -1134.638471 -1206.974241 -1267.394351 -1315.466281 -1352.115639 -1379.081298 -1398.355829 -1411.810255 -1421.019518 -1427.222084 -1431.345655 -1434.059684 -1435.833041 -1436.986567 -1437.737940 -1438.241588 -1438.645945 -1439.311564 -1441.900308 -1453.853926 -1510.992644 -2029.962169 -4249.344653 -4282.097580 -4281.977703 -4281.864301 -4281.846013 -4281.844127 -4281.844322 -4281.844809 -4281.845330 -4281.845829 -4281.846290 -4281.846715 -4281.847194 -4281.848611 -4281.858660 -4281.924026 -4282.021992 -4228.104398 -1890.371954 -1477.066718 -1447.152372 -1440.663195 -1439.469178 -1439.280802 -1439.252416 -1439.248693 -1439.248945 -1439.249745 -1439.250480 -1439.251061 -1439.251505 -1439.251847 -1439.252113 -1439.252325 -1439.252496 -1439.252640 -1439.252769 -1439.252895 -1439.253035 -1439.253210 -1439.253452 -1439.253810 -1439.254358 -1439.255220 -1439.256598 -1439.258840 -1439.262554 -1439.268843 -1439.279781 -1439.299376 -1439.335544 -1439.404204 -1439.538039 -1439.806795 -1440.369394 -1441.618249 -1444.597246 -1452.367027 -1475.969886 -9999.0 -9999.0
-9999.0 -9999.0 678.419618 582.990967 486.579012 389.503741 292.117825 194.597532 97.030817 -0.534171 -98.059991 -195.528576 -292.872327 -389.949676 -486.513782 -582.223672 -676.536346 -771.591108 -866.112675 -959.824010 -1052.378806 -1134.638471 -1206.974241 -1267.394351 -1315.466281 -1352.115639 -1379.081298 -1398.355829 -1411.810255 -1421.019518 -1427.222084 -1431.345655 -1434.059684 -1435.833041 -1436.986567 -1437.737940 -1438.241588 -1438.645945 -1439.311564 -1441.900308 -1453.853926 -1510.992644 -2029.962169 -4249.344653 -4282.097580 -4281.977703 -4281.864301 -4281.846013 -4281.844127 -4281.844322 -4281.844809 -4281.845330 -4281.845829 -4281.846290 -4281.846715 -4281.847194 -4281.848611 -4281.858660 -4281.924026 -4282.021992 -4228.104398 -1890.371954 -1477.066718 -1447.152372 -1440.663195 -1439.469178 -1439.280802 -1439.252416 -1439.248693 -1439.248945 -1439.249745 -1439.250480 -1439.251061 -1439.251505 -1439.251847 -1439.252113 -1439.252325 -1439.252496 -1439.252640 -1439.252769 -1439.252895 -1439.253035 -1439.253210 -1439.253452 -1439.253810 -1439.254358 -1439.255220 -1439.256598 -1439.258840 -1439.262554 -1439.268843 -1439.279781 -1439.299376 -1439.335544 -1439.404204 -1439.538039 -1439.806795 -1440.369394 -1441.618249 -1444.597246 -1452.367027 -1475.969886 -9999.0 -9999.0
-9999.0 -9999.0 678.419618 582.990967 486.579012 389.503741 292.117825 194.597532 97.030817 -0.534171 -98.059991 -195.528576 -292.872328 -389.949676 -486.513782 -582.223672 -676.536346 -771.591108 -866.112675 -959.824010 -1052.378806 -1134.638471 -1206.974241 -1267.394351 -1315.466281 -1352.115639 -1379.081298 -1398.355829 -1411.810255 -1421.019518 -1427.222084 -1431.345655 -1434.059684 -1435.833041 -1436.986567 -1437.737940 -1438.241588 -1438.645945 -1439.311564 -1441.900308 -1453.853926 -1510.992644 -2029.962169 -4249.344653 -4282.097580 -4281.977703 -4281.864301 -4281.846013 -4281.844127 -4281.844322 -4281.844809 -4281.845330 -4281.845829 -4281.846290 -4281.846715 -4281.847194 -4281.848611 -4281.858660 -4281.924026 -4282.021992 -4228.104398 -1890.371954 -1477.066718 -1447.152372 -1440.663195 -1439.469178 -1439.280802 -1439.252416 -1439.248693 -1439.248945 -1439.249745 -1439.250480 -1439.251061 -1439.251505 -1439.251847 -1439.252113 -1439.252325 -1439.252496 -1439.252640 -1439.252769 -1439.252895 -1439.253035 -1439.253210 -1439.253452 -1439.253810 -1439.254358 -1439.255220 -1439.256598 -1439.258840 -1439.262554 -1439.268843 -1439.279781 -1439.299376 -1439.335544 -1439.404204 -1439.538039 -1439.806795 -1440.369394 -1441.618249 -1444.597246 -1452.367027 -1475.969886 -9999.0 -9999.0
-9999.0 -9999.0 678.418140 582.990193 486.578696 389.503623 292.117782 194.597516 97.030811 -0.534173 -98.059992 -195.528576 -292.872328 -389.949676 -486.513782 -582.223672 -676.536346 -771.591108 -866.112675 -959.824010 -1052.378805 -1134.638471 -1206.974241 -1267.394351 -1315.466281 -1352.115639 -1379.081298 -1398.355829 -1411.810255 -1421.019518 -1427.222084 -1431.345655 -1434.059684 -1435.833041 -1436.986567 -1437.737940 -1438.241588 -1438.645945 -1439.311564 -1441.900308 -1453.853926 -1510.992644 -2029.962169 -4249.344653 -4282.097580 -4281.977703 -4281.864301 -4281.846013 -4281.844127 -4281.844322 -4281.844809 -4281.845330 -4281.845829 -4281.846290 -4281.846715 -4281.847194 -4281.848611 -4281.858660 -4281.924026 -4282.021992 -4228.104398 -1890.371954 -1477.066718 -1447.152372 -1440.663195 -1439.469178 -1439.280802 -1439.252416 -1439.248693 -1439.248945 -1439.249745 -1439.250480 -1439.251061 -1439.251505 -1439.251847 -1439.252113 -1439.252325 -1439.252496 -1439.252640 -1439.252769 -1439.252895 -1439.253035 -1439.253210 -1439.253452 -1439.253810 -1439.254358 -1439.255220 -1439.256598 -1439.258840 -1439.262554 -1439.268843 -1439.279781 -1439.299376 -1439.335544 -1439.404204 -1439.538039 -1439.806795 -1440.369394 -1441.618249 -1444.597246 -1452.367027 -1475.969886 -9999.0 -9999.0
-9999.0 -9999.0 678.413209 582.988596 486.578218 389.503474 292.117734 194.597500 97.030805 -0.534175 -98.059993 -195.528577 -292.872328 -389.949676 -486.513782 -582.223672 -676.536346 -771.591108 -866.112675 -959.824009 -1052.378805 -1134.638470 -1206.974240 -1267.394351 -1315.466280 -1352.115639 -1379.081298 -1398.355829 -1411.810254 -1421.019518 -1427.222084 -1431.345655 -1434.059684 -1435.833041 -1436.986567 -1437.737940 -1438.241588 -1438.645945 -1439.311564 -1441.900308 -1453.853926 -1510.992644 -2029.962169 -4249.344653 -4282.097580 -4281.977703 -4281.864301 -4281.846013 -4281.844127 -4281.844322 -4281.844809 -4281.845330 -4281.845829 -4281.846290 -4281.846715 -4281.847194 -4281.848611 -4281.858660 -4281.924026 -4282.021992 -4228.104398 -1890.371954 -1477.066718 -1447.152372 -1440.663195 -1439.469178 -1439.280802 -1439.252416 -1439.248693 -1439.248945 -1439.249745 -1439.250480 -1439.251061 -1439.251505 -1439.251847 -1439.252113 -1439.252325 -1439.252496 -1439.252640 -1439.252769 -1439.252895 -1439.253035 -1439.253210 -1439.253452 -1439.253810 -1439.254358 -1439.255220 -1439.256598 -1439.258840 -1439.262554 -1439.268843 -1439.279781 -1439.299376 -1439.335544 -1439.404204 -1439.538039 -1439.806795 -1440.369394 -1441.618249 -1444.597246 -1452.367027 -1475.969886 -9999.0 -9999.0
-9999.0 -9999.0 -9999.0 -9999.0 -9999.0 -9999.0 -9999.0 -9999.0 -9999.0 -9999.0 -9999.0 -9999.0 -9999.0 -9999.0 -9999.0 -9999.0 -9999.0 -9999.0 -9999.0 -9999.0 -9999.0 -9999.0 -9999.0 -9999.0 -9999.0 -9999.0 -9999.0 -9999.0 -9999.0 -9999.0 -9999.0 -9999.0 -9999.0 -9999.0 -9999.0 -9999.0 -9999.0 -9999.0 -9999.0 -9999.0 -9999.0 -9999.0 -9999.0 -9999.0 -9999.0 -9999.0 -9999.0 -9999.0 -9999.0 -9999.0 -9999.0 -9999.0 -9999.0 -9999.0 -9999.0 -9999.0 -9999.0 -9999.0 -9999.0 -9999.0 -9999.0 -9999.0 -9999.0 -9999.0 -9999.0 -9999.0 -9999.0 -9999.0 -9999.0 -9999.0 -9999.0 -9999.0 -9999.0 -9999.0 -9999.0 -9999.0 -9999.0 -9999.0 -9999.0 -9999.0 -9999.0 -9999.0 -9999.0 -9999.0 -9999.0 -9999.0 -9999.0 -9999.0 -9999.0 -9999.0 -9999.0 -9999.0 -9999.0 -9999.0 -9999.0 -9999.0 -9999.0 -9999.0 -9999.0 -9999.0 -9999.0 -9999.0 -9999.0 -9999.0
-9999.0 -9999.0 -9999.0 -9999.0 -9999.0 -9999.0 -9999.0 -9999.0 -9999.0 -9999.0 -9999.0 -9999.0 -9999.0 -9999.0 -9999.0 -9999.0 -9999.0 -9999.0 -9999.0 -9999.0 -9999.0 -9999.0 -9999.0 -9999.0 -9999.0 -9999.0 -9999.0 -9999.0 -9999.0 -9999.0 -9999.0 -9999.0 -9999.0 -9999.0 -9999.0 -9999.0 -9999.0 -9999.0 -9999.0 -9999.0 -9999.0 -9999.0 -9999.0 -9999.0 -9999.0 -9999.0 -9999.0 -9999.0 -9999.0 -9999.0 -9999.0 -9999.0 -9999.0 -9999.0 -9999.0 -9999.0 -9999.0 -9999.0 -9999.0 -9999.0 -9999.0 -9999.0 -9999.0 -9999.0 -9999.0 -9999.0 -9999.0 -9999.0 -9999.0 -9999.0 -9999.0 -9999.0 -9999.0 -9999.0 -9999.0 -9999.0 -9999.0 -9999.0 -9999.0 -9999.0 -9999.0 -9999.0 -9999.0 -9999.0 -9999.0 -9999.0 -9999.0 -9999.0 -9999.0 -9999.0 -9999.0 -9999.0 -9999.0 -9999.0 -9999.0 -9999.0 -9999.0 -9999.0 -9999.0 -9999.0 -9999.0 -9999.0 -9999.0 -9999.0