inst/processing_geotop_simulation/geotop_simulation/out/maps3D/PwL0014N0283.asc
ncols         104
nrows         10
xllcorner     -2.000000
yllcorner     0.000000
cellsize      1.000000
NODATA_value  -9999.0
-9999.0 -9999.0 -9999.0 -9999.0 -9999.0 -9999.0 -9999.0 -9999.0 -9999.0 -9999.0 -9999.0 -9999.0 -9999.0 -9999.0 -9999.0 -9999.0 -9999.0 -9999.0 -9999.0 -9999.0 -9999.0 -9999.0 -9999.0 -9999.0 -9999.0 -9999.0 -9999.0 -9999.0 -9999.0 -9999.0 -9999.0 -9999.0 -9999.0 -9999.0 -9999.0 -9999.0 -9999.0 -9999.0 -9999.0 -9999.0 -9999.0 -9999.0 -9999.0 -9999.0 -9999.0 -9999.0 -9999.0 -9999.0 -9999.0 -9999.0 -9999.0 -9999.0 -9999.0 -9999.0 -9999.0 -9999.0 -9999.0 -9999.0 -9999.0 -9999.0 -9999.0 -9999.0 -9999.0 -9999.0 -9999.0 -9999.0 -9999.0 -9999.0 -9999.0 -9999.0 -9999.0 -9999.0 -9999.0 -9999.0 -9999.0 -9999.0 -9999.0 -9999.0 -9999.0 -9999.0 -9999.0 -9999.0 -9999.0 -9999.0 -9999.0 -9999.0 -9999.0 -9999.0 -9999.0 -9999.0 -9999.0 -9999.0 -9999.0 -9999.0 -9999.0 -9999.0 -9999.0 -9999.0 -9999.0 -9999.0 -9999.0 -9999.0 -9999.0 -9999.0
-9999.0 -9999.0 -9999.0 -9999.0 -9999.0 -9999.0 -9999.0 -9999.0 -9999.0 -9999.0 -9999.0 -9999.0 -9999.0 -9999.0 -9999.0 -9999.0 -9999.0 -9999.0 -9999.0 -9999.0 -9999.0 -9999.0 -9999.0 -9999.0 -9999.0 -9999.0 -9999.0 -9999.0 -9999.0 -9999.0 -9999.0 -9999.0 -9999.0 -9999.0 -9999.0 -9999.0 -9999.0 -9999.0 -9999.0 -9999.0 -9999.0 -9999.0 -9999.0 -9999.0 -9999.0 -9999.0 -9999.0 -9999.0 -9999.0 -9999.0 -9999.0 -9999.0 -9999.0 -9999.0 -9999.0 -9999.0 -9999.0 -9999.0 -9999.0 -9999.0 -9999.0 -9999.0 -9999.0 -9999.0 -9999.0 -9999.0 -9999.0 -9999.0 -9999.0 -9999.0 -9999.0 -9999.0 -9999.0 -9999.0 -9999.0 -9999.0 -9999.0 -9999.0 -9999.0 -9999.0 -9999.0 -9999.0 -9999.0 -9999.0 -9999.0 -9999.0 -9999.0 -9999.0 -9999.0 -9999.0 -9999.0 -9999.0 -9999.0 -9999.0 -9999.0 -9999.0 -9999.0 -9999.0 -9999.0 -9999.0 -9999.0 -9999.0 -9999.0 -9999.0
-9999.0 -9999.0 673.591528 575.985452 477.860196 379.386588 280.750594 182.045020 83.316200 -15.408694 -114.113233 -212.788598 -311.402188 -409.886707 -508.120365 -605.928556 -703.004073 -800.389928 -897.413833 -993.987580 -1089.928764 -1179.614748 -1262.568959 -1336.211221 -1398.777460 -1449.703335 -1489.565783 -1519.726981 -1541.905694 -1557.835709 -1569.061976 -1576.854570 -1582.200209 -1585.834477 -1588.289549 -1589.944261 -1591.075569 -1591.941640 -1593.053727 -1596.163075 -1606.734543 -1638.858293 -1934.412159 -4220.893096 -4264.791926 -4239.869179 -4218.423855 -4215.007647 -4214.654786 -4214.691984 -4214.784374 -4214.883159 -4214.977840 -4215.065329 -4215.146110 -4215.237275 -4215.507962 -4217.408904 -4229.607584 -4249.568824 -4163.882521 -1739.407173 -1601.785150 -1598.949605 -1594.860945 -1593.672296 -1593.438690 -1593.399702 -1593.394014 -1593.393738 -1593.394264 -1593.394810 -1593.395256 -1593.395602 -1593.395872 -1593.396085 -1593.396256 -1593.396398 -1593.396520 -1593.396630 -1593.396740 -1593.396861 -1593.397011 -1593.397214 -1593.397509 -1593.397955 -1593.398650 -1593.399756 -1593.401554 -1593.404538 -1593.409612 -1593.418490 -1593.434502 -1593.464273 -1593.521268 -1593.633690 -1593.863606 -1594.357401 -1595.487347 -1598.277876 -1605.893526 -1630.053651 -9999.0 -9999.0
-9999.0 -9999.0 673.596109 575.986933 477.860639 379.386725 280.750639 182.045035 83.316206 -15.408692 -114.113232 -212.788597 -311.402188 -409.886708 -508.120365 -605.928556 -703.004073 -800.389928 -897.413834 -993.987580 -1089.928764 -1179.614748 -1262.568959 -1336.211222 -1398.777461 -1449.703335 -1489.565783 -1519.726982 -1541.905695 -1557.835709 -1569.061976 -1576.854570 -1582.200209 -1585.834477 -1588.289549 -1589.944261 -1591.075569 -1591.941640 -1593.053727 -1596.163075 -1606.734543 -1638.858293 -1934.412159 -4220.893096 -4264.791926 -4239.869178 -4218.423855 -4215.007647 -4214.654786 -4214.691984 -4214.784374 -4214.883159 -4214.977840 -4215.065329 -4215.146110 -4215.237275 -4215.507962 -4217.408904 -4229.607583 -4249.568824 -4163.882521 -1739.407174 -1601.785150 -1598.949605 -1594.860945 -1593.672296 -1593.438690 -1593.399702 -1593.394014 -1593.393738 -1593.394264 -1593.394810 -1593.395256 -1593.395602 -1593.395872 -1593.396085 -1593.396256 -1593.396398 -1593.396520 -1593.396630 -1593.396740 -1593.396861 -1593.397011 -1593.397214 -1593.397509 -1593.397955 -1593.398650 -1593.399756 -1593.401554 -1593.404538 -1593.409612 -1593.418490 -1593.434502 -1593.464273 -1593.521268 -1593.633690 -1593.863606 -1594.357401 -1595.487347 -1598.277876 -1605.893526 -1630.053651 -9999.0 -9999.0
-9999.0 -9999.0 673.597482 575.987652 477.860932 379.386835 280.750679 182.045049 83.316211 -15.408689 -114.113231 -212.788597 -311.402188 -409.886707 -508.120365 -605.928556 -703.004073 -800.389929 -897.413834 -993.987580 -1089.928764 -1179.614748 -1262.568960 -1336.211222 -1398.777461 -1449.703335 -1489.565784 -1519.726982 -1541.905695 -1557.835709 -1569.061976 -1576.854570 -1582.200209 -1585.834477 -1588.289549 -1589.944261 -1591.075569 -1591.941640 -1593.053727 -1596.163075 -1606.734543 -1638.858293 -1934.412159 -4220.893096 -4264.791926 -4239.869178 -4218.423855 -4215.007647 -4214.654786 -4214.691984 -4214.784374 -4214.883159 -4214.977840 -4215.065329 -4215.146110 -4215.237275 -4215.507962 -4217.408904 -4229.607583 -4249.568824 -4163.882521 -1739.407174 -1601.785150 -1598.949605 -1594.860945 -1593.672296 -1593.438690 -1593.399702 -1593.394014 -1593.393738 -1593.394264 -1593.394810 -1593.395256 -1593.395602 -1593.395872 -1593.396085 -1593.396256 -1593.396398 -1593.396520 -1593.396630 -1593.396740 -1593.396861 -1593.397011 -1593.397214 -1593.397509 -1593.397955 -1593.398650 -1593.399756 -1593.401554 -1593.404538 -1593.409612 -1593.418490 -1593.434502 -1593.464273 -1593.521268 -1593.633690 -1593.863606 -1594.357401 -1595.487347 -1598.277876 -1605.893526 -1630.053651 -9999.0 -9999.0
-9999.0 -9999.0 673.597482 575.987651 477.860932 379.386835 280.750679 182.045049 83.316211 -15.408690 -114.113231 -212.788597 -311.402188 -409.886707 -508.120365 -605.928556 -703.004073 -800.389929 -897.413834 -993.987580 -1089.928764 -1179.614748 -1262.568960 -1336.211222 -1398.777461 -1449.703335 -1489.565784 -1519.726982 -1541.905695 -1557.835709 -1569.061976 -1576.854570 -1582.200209 -1585.834477 -1588.289549 -1589.944261 -1591.075569 -1591.941640 -1593.053727 -1596.163075 -1606.734543 -1638.858293 -1934.412159 -4220.893096 -4264.791926 -4239.869178 -4218.423855 -4215.007647 -4214.654786 -4214.691984 -4214.784374 -4214.883159 -4214.977840 -4215.065329 -4215.146110 -4215.237275 -4215.507962 -4217.408904 -4229.607583 -4249.568824 -4163.882521 -1739.407174 -1601.785150 -1598.949605 -1594.860945 -1593.672296 -1593.438690 -1593.399702 -1593.394014 -1593.393738 -1593.394264 -1593.394810 -1593.395256 -1593.395602 -1593.395872 -1593.396085 -1593.396256 -1593.396398 -1593.396520 -1593.396630 -1593.396740 -1593.396861 -1593.397011 -1593.397214 -1593.397509 -1593.397955 -1593.398650 -1593.399756 -1593.401554 -1593.404538 -1593.409612 -1593.418490 -1593.434502 -1593.464273 -1593.521268 -1593.633690 -1593.863606 -1594.357401 -1595.487347 -1598.277876 -1605.893526 -1630.053651 -9999.0 -9999.0
-9999.0 -9999.0 673.596109 575.986933 477.860638 379.386725 280.750639 182.045035 83.316206 -15.408691 -114.113232 -212.788597 -311.402188 -409.886707 -508.120365 -605.928556 -703.004073 -800.389928 -897.413834 -993.987580 -1089.928764 -1179.614748 -1262.568959 -1336.211222 -1398.777461 -1449.703335 -1489.565783 -1519.726982 -1541.905695 -1557.835709 -1569.061976 -1576.854570 -1582.200209 -1585.834477 -1588.289549 -1589.944261 -1591.075569 -1591.941640 -1593.053727 -1596.163075 -1606.734543 -1638.858293 -1934.412159 -4220.893096 -4264.791926 -4239.869178 -4218.423855 -4215.007647 -4214.654786 -4214.691984 -4214.784374 -4214.883159 -4214.977840 -4215.065329 -4215.146110 -4215.237275 -4215.507962 -4217.408904 -4229.607583 -4249.568824 -4163.882521 -1739.407174 -1601.785150 -1598.949605 -1594.860945 -1593.672296 -1593.438690 -1593.399702 -1593.394014 -1593.393738 -1593.394264 -1593.394810 -1593.395256 -1593.395602 -1593.395872 -1593.396085 -1593.396256 -1593.396398 -1593.396520 -1593.396630 -1593.396740 -1593.396861 -1593.397011 -1593.397214 -1593.397509 -1593.397955 -1593.398650 -1593.399756 -1593.401554 -1593.404538 -1593.409612 -1593.418490 -1593.434502 -1593.464273 -1593.521268 -1593.633690 -1593.863606 -1594.357401 -1595.487347 -1598.277876 -1605.893526 -1630.053651 -9999.0 -9999.0
-9999.0 -9999.0 673.591528 575.985452 477.860196 379.386587 280.750594 182.045019 83.316201 -15.408694 -114.113233 -212.788598 -311.402188 -409.886708 -508.120365 -605.928556 -703.004073 -800.389928 -897.413833 -993.987580 -1089.928764 -1179.614748 -1262.568959 -1336.211221 -1398.777460 -1449.703335 -1489.565783 -1519.726981 -1541.905694 -1557.835709 -1569.061976 -1576.854570 -1582.200209 -1585.834477 -1588.289549 -1589.944261 -1591.075569 -1591.941640 -1593.053727 -1596.163075 -1606.734543 -1638.858293 -1934.412159 -4220.893096 -4264.791926 -4239.869179 -4218.423855 -4215.007647 -4214.654786 -4214.691984 -4214.784374 -4214.883159 -4214.977840 -4215.065329 -4215.146110 -4215.237275 -4215.507962 -4217.408904 -4229.607584 -4249.568824 -4163.882521 -1739.407174 -1601.785150 -1598.949605 -1594.860945 -1593.672296 -1593.438690 -1593.399702 -1593.394014 -1593.393738 -1593.394264 -1593.394810 -1593.395256 -1593.395602 -1593.395872 -1593.396085 -1593.396256 -1593.396398 -1593.396520 -1593.396630 -1593.396740 -1593.396861 -1593.397011 -1593.397214 -1593.397509 -1593.397955 -1593.398650 -1593.399756 -1593.401554 -1593.404538 -1593.409612 -1593.418490 -1593.434502 -1593.464273 -1593.521268 -1593.633690 -1593.863606 -1594.357401 -1595.487347 -1598.277876 -1605.893526 -1630.053651 -9999.0 -9999.0
-9999.0 -9999.0 -9999.0 -9999.0 -9999.0 -9999.0 -9999.0 -9999.0 -9999.0 -9999.0 -9999.0 -9999.0 -9999.0 -9999.0 -9999.0 -9999.0 -9999.0 -9999.0 -9999.0 -9999.0 -9999.0 -9999.0 -9999.0 -9999.0 -9999.0 -9999.0 -9999.0 -9999.0 -9999.0 -9999.0 -9999.0 -9999.0 -9999.0 -9999.0 -9999.0 -9999.0 -9999.0 -9999.0 -9999.0 -9999.0 -9999.0 -9999.0 -9999.0 -9999.0 -9999.0 -9999.0 -9999.0 -9999.0 -9999.0 -9999.0 -9999.0 -9999.0 -9999.0 -9999.0 -9999.0 -9999.0 -9999.0 -9999.0 -9999.0 -9999.0 -9999.0 -9999.0 -9999.0 -9999.0 -9999.0 -9999.0 -9999.0 -9999.0 -9999.0 -9999.0 -9999.0 -9999.0 -9999.0 -9999.0 -9999.0 -9999.0 -9999.0 -9999.0 -9999.0 -9999.0 -9999.0 -9999.0 -9999.0 -9999.0 -9999.0 -9999.0 -9999.0 -9999.0 -9999.0 -9999.0 -9999.0 -9999.0 -9999.0 -9999.0 -9999.0 -9999.0 -9999.0 -9999.0 -9999.0 -9999.0 -9999.0 -9999.0 -9999.0 -9999.0
-9999.0 -9999.0 -9999.0 -9999.0 -9999.0 -9999.0 -9999.0 -9999.0 -9999.0 -9999.0 -9999.0 -9999.0 -9999.0 -9999.0 -9999.0 -9999.0 -9999.0 -9999.0 -9999.0 -9999.0 -9999.0 -9999.0 -9999.0 -9999.0 -9999.0 -9999.0 -9999.0 -9999.0 -9999.0 -9999.0 -9999.0 -9999.0 -9999.0 -9999.0 -9999.0 -9999.0 -9999.0 -9999.0 -9999.0 -9999.0 -9999.0 -9999.0 -9999.0 -9999.0 -9999.0 -9999.0 -9999.0 -9999.0 -9999.0 -9999.0 -9999.0 -9999.0 -9999.0 -9999.0 -9999.0 -9999.0 -9999.0 -9999.0 -9999.0 -9999.0 -9999.0 -9999.0 -9999.0 -9999.0 -9999.0 -9999.0 -9999.0 -9999.0 -9999.0 -9999.0 -9999.0 -9999.0 -9999.0 -9999.0 -9999.0 -9999.0 -9999.0 -9999.0 -9999.0 -9999.0 -9999.0 -9999.0 -9999.0 -9999.0 -9999.0 -9999.0 -9999.0 -9999.0 -9999.0 -9999.0 -9999.0 -9999.0 -9999.0 -9999.0 -9999.0 -9999.0 -9999.0 -9999.0 -9999.0 -9999.0 -9999.0 -9999.0 -9999.0 -9999.0