inst/processing_geotop_simulation/geotop_simulation/out/maps3D/PwL0015N0024.asc
ncols         104
nrows         10
xllcorner     -2.000000
yllcorner     0.000000
cellsize      1.000000
NODATA_value  -9999.0
-9999.0 -9999.0 -9999.0 -9999.0 -9999.0 -9999.0 -9999.0 -9999.0 -9999.0 -9999.0 -9999.0 -9999.0 -9999.0 -9999.0 -9999.0 -9999.0 -9999.0 -9999.0 -9999.0 -9999.0 -9999.0 -9999.0 -9999.0 -9999.0 -9999.0 -9999.0 -9999.0 -9999.0 -9999.0 -9999.0 -9999.0 -9999.0 -9999.0 -9999.0 -9999.0 -9999.0 -9999.0 -9999.0 -9999.0 -9999.0 -9999.0 -9999.0 -9999.0 -9999.0 -9999.0 -9999.0 -9999.0 -9999.0 -9999.0 -9999.0 -9999.0 -9999.0 -9999.0 -9999.0 -9999.0 -9999.0 -9999.0 -9999.0 -9999.0 -9999.0 -9999.0 -9999.0 -9999.0 -9999.0 -9999.0 -9999.0 -9999.0 -9999.0 -9999.0 -9999.0 -9999.0 -9999.0 -9999.0 -9999.0 -9999.0 -9999.0 -9999.0 -9999.0 -9999.0 -9999.0 -9999.0 -9999.0 -9999.0 -9999.0 -9999.0 -9999.0 -9999.0 -9999.0 -9999.0 -9999.0 -9999.0 -9999.0 -9999.0 -9999.0 -9999.0 -9999.0 -9999.0 -9999.0 -9999.0 -9999.0 -9999.0 -9999.0 -9999.0 -9999.0
-9999.0 -9999.0 -9999.0 -9999.0 -9999.0 -9999.0 -9999.0 -9999.0 -9999.0 -9999.0 -9999.0 -9999.0 -9999.0 -9999.0 -9999.0 -9999.0 -9999.0 -9999.0 -9999.0 -9999.0 -9999.0 -9999.0 -9999.0 -9999.0 -9999.0 -9999.0 -9999.0 -9999.0 -9999.0 -9999.0 -9999.0 -9999.0 -9999.0 -9999.0 -9999.0 -9999.0 -9999.0 -9999.0 -9999.0 -9999.0 -9999.0 -9999.0 -9999.0 -9999.0 -9999.0 -9999.0 -9999.0 -9999.0 -9999.0 -9999.0 -9999.0 -9999.0 -9999.0 -9999.0 -9999.0 -9999.0 -9999.0 -9999.0 -9999.0 -9999.0 -9999.0 -9999.0 -9999.0 -9999.0 -9999.0 -9999.0 -9999.0 -9999.0 -9999.0 -9999.0 -9999.0 -9999.0 -9999.0 -9999.0 -9999.0 -9999.0 -9999.0 -9999.0 -9999.0 -9999.0 -9999.0 -9999.0 -9999.0 -9999.0 -9999.0 -9999.0 -9999.0 -9999.0 -9999.0 -9999.0 -9999.0 -9999.0 -9999.0 -9999.0 -9999.0 -9999.0 -9999.0 -9999.0 -9999.0 -9999.0 -9999.0 -9999.0 -9999.0 -9999.0
-9999.0 -9999.0 709.037196 610.344902 512.013160 411.842382 309.108816 204.345609 97.949306 -10.887699 -125.705119 -228.512841 -305.872806 -352.487968 -371.985502 -369.484955 -364.331099 -277.919315 -120.024360 44.806543 226.907568 422.745363 357.471715 286.169144 210.461954 131.374470 50.044805 -32.600440 -114.702943 -191.708254 -255.964482 -301.212162 -327.794746 -340.905306 -346.013191 -346.498938 -343.829750 -337.174532 -328.770120 -397.312183 -414.163807 -257.048936 -2884.642485 -4232.591235 -4232.673267 -4232.673267 -4232.673267 -4232.673267 -4232.673267 -4232.673267 -4232.673267 -4232.673267 -4232.673267 -4232.673267 -4232.673267 -4232.673267 -4232.673267 -4232.673267 -4232.673267 -4232.673267 -4232.519038 -2738.107156 -256.636955 -296.506207 -320.103050 -333.759863 -342.050157 -347.206638 -350.428283 -352.440166 -353.730784 -354.534936 -355.032452 -355.355390 -355.558878 -355.686919 -355.766049 -355.816858 -355.852835 -355.882396 -355.909936 -355.937540 -355.977825 -356.036625 -356.127143 -356.267525 -356.488013 -356.835517 -357.384006 -358.247257 -359.604141 -361.730998 -365.049843 -370.194187 -378.090852 -390.046714 -407.813497 -433.600616 -470.233444 -524.250013 -625.161764 -858.749460 -9999.0 -9999.0
-9999.0 -9999.0 709.121600 610.378108 512.024616 411.846337 309.110260 204.346150 97.949513 -10.887620 -125.705088 -228.512830 -305.872803 -352.487968 -371.985502 -369.484955 -364.331099 -277.919315 -120.024360 44.806543 226.907568 422.745363 357.471715 286.169144 210.461954 131.374470 50.044805 -32.600440 -114.702943 -191.708254 -255.964482 -301.212162 -327.794746 -340.905306 -346.013191 -346.498937 -343.829751 -337.174531 -328.770121 -397.312183 -414.163803 -257.048930 -2884.642484 -4232.591235 -4232.673267 -4232.673267 -4232.673267 -4232.673267 -4232.673267 -4232.673267 -4232.673267 -4232.673267 -4232.673267 -4232.673267 -4232.673267 -4232.673267 -4232.673267 -4232.673267 -4232.673267 -4232.673267 -4232.519038 -2738.107156 -256.636955 -296.506206 -320.103050 -333.759862 -342.050157 -347.206638 -350.428283 -352.440166 -353.730784 -354.534936 -355.032452 -355.355390 -355.558878 -355.686919 -355.766049 -355.816858 -355.852835 -355.882396 -355.909936 -355.937540 -355.977825 -356.036625 -356.127143 -356.267525 -356.488013 -356.835517 -357.384006 -358.247257 -359.604141 -361.730998 -365.049843 -370.194187 -378.090852 -390.046714 -407.813497 -433.600616 -470.233444 -524.250013 -625.161764 -858.749460 -9999.0 -9999.0
-9999.0 -9999.0 709.163381 610.399336 512.033468 411.849772 309.111599 204.346670 97.949716 -10.887541 -125.705056 -228.512819 -305.872800 -352.487967 -371.985502 -369.484955 -364.331099 -277.919315 -120.024360 44.806543 226.907568 422.745363 357.471715 286.169144 210.461954 131.374470 50.044805 -32.600440 -114.702943 -191.708254 -255.964482 -301.212162 -327.794746 -340.905306 -346.013190 -346.498938 -343.829750 -337.174531 -328.770122 -397.312183 -414.163801 -257.048929 -2884.642484 -4232.591235 -4232.673267 -4232.673267 -4232.673267 -4232.673267 -4232.673267 -4232.673267 -4232.673267 -4232.673267 -4232.673267 -4232.673267 -4232.673267 -4232.673267 -4232.673267 -4232.673267 -4232.673267 -4232.673267 -4232.519038 -2738.107156 -256.636955 -296.506206 -320.103050 -333.759862 -342.050157 -347.206638 -350.428283 -352.440165 -353.730784 -354.534936 -355.032452 -355.355389 -355.558878 -355.686919 -355.766049 -355.816857 -355.852834 -355.882396 -355.909935 -355.937540 -355.977825 -356.036625 -356.127143 -356.267525 -356.488013 -356.835517 -357.384006 -358.247257 -359.604141 -361.730998 -365.049843 -370.194187 -378.090852 -390.046714 -407.813497 -433.600616 -470.233444 -524.250013 -625.161764 -858.749460 -9999.0 -9999.0
-9999.0 -9999.0 709.163381 610.399336 512.033468 411.849772 309.111598 204.346670 97.949716 -10.887541 -125.705056 -228.512818 -305.872800 -352.487967 -371.985502 -369.484955 -364.331100 -277.919315 -120.024360 44.806543 226.907568 422.745363 357.471715 286.169144 210.461954 131.374470 50.044805 -32.600440 -114.702943 -191.708254 -255.964482 -301.212162 -327.794746 -340.905306 -346.013190 -346.498938 -343.829750 -337.174531 -328.770122 -397.312183 -414.163801 -257.048929 -2884.642484 -4232.591235 -4232.673267 -4232.673267 -4232.673267 -4232.673267 -4232.673267 -4232.673267 -4232.673267 -4232.673267 -4232.673267 -4232.673267 -4232.673267 -4232.673267 -4232.673267 -4232.673267 -4232.673267 -4232.673267 -4232.519038 -2738.107156 -256.636954 -296.506206 -320.103050 -333.759862 -342.050157 -347.206638 -350.428283 -352.440165 -353.730784 -354.534936 -355.032452 -355.355389 -355.558878 -355.686919 -355.766049 -355.816857 -355.852834 -355.882396 -355.909935 -355.937540 -355.977825 -356.036625 -356.127143 -356.267525 -356.488013 -356.835517 -357.384006 -358.247257 -359.604141 -361.730998 -365.049843 -370.194187 -378.090852 -390.046714 -407.813497 -433.600616 -470.233444 -524.250013 -625.161764 -858.749460 -9999.0 -9999.0
-9999.0 -9999.0 709.121601 610.378108 512.024616 411.846337 309.110261 204.346150 97.949514 -10.887620 -125.705087 -228.512830 -305.872803 -352.487968 -371.985502 -369.484955 -364.331099 -277.919315 -120.024360 44.806543 226.907568 422.745363 357.471715 286.169144 210.461954 131.374470 50.044805 -32.600440 -114.702943 -191.708254 -255.964482 -301.212162 -327.794747 -340.905306 -346.013191 -346.498937 -343.829751 -337.174531 -328.770121 -397.312183 -414.163804 -257.048930 -2884.642484 -4232.591235 -4232.673267 -4232.673267 -4232.673267 -4232.673267 -4232.673267 -4232.673267 -4232.673267 -4232.673267 -4232.673267 -4232.673267 -4232.673267 -4232.673267 -4232.673267 -4232.673267 -4232.673267 -4232.673267 -4232.519038 -2738.107156 -256.636955 -296.506206 -320.103050 -333.759862 -342.050157 -347.206638 -350.428283 -352.440166 -353.730784 -354.534936 -355.032452 -355.355390 -355.558878 -355.686919 -355.766049 -355.816858 -355.852835 -355.882396 -355.909936 -355.937540 -355.977825 -356.036625 -356.127143 -356.267525 -356.488013 -356.835517 -357.384006 -358.247257 -359.604141 -361.730998 -365.049843 -370.194187 -378.090852 -390.046714 -407.813497 -433.600616 -470.233444 -524.250013 -625.161764 -858.749460 -9999.0 -9999.0
-9999.0 -9999.0 709.037196 610.344902 512.013160 411.842382 309.108816 204.345609 97.949306 -10.887699 -125.705120 -228.512840 -305.872806 -352.487968 -371.985502 -369.484955 -364.331099 -277.919315 -120.024360 44.806543 226.907568 422.745363 357.471715 286.169144 210.461954 131.374470 50.044805 -32.600440 -114.702943 -191.708254 -255.964482 -301.212162 -327.794746 -340.905306 -346.013190 -346.498938 -343.829750 -337.174532 -328.770120 -397.312183 -414.163807 -257.048937 -2884.642485 -4232.591235 -4232.673267 -4232.673267 -4232.673267 -4232.673267 -4232.673267 -4232.673267 -4232.673267 -4232.673267 -4232.673267 -4232.673267 -4232.673267 -4232.673267 -4232.673267 -4232.673267 -4232.673267 -4232.673267 -4232.519038 -2738.107156 -256.636954 -296.506207 -320.103050 -333.759863 -342.050157 -347.206638 -350.428283 -352.440166 -353.730784 -354.534936 -355.032452 -355.355390 -355.558878 -355.686919 -355.766049 -355.816858 -355.852835 -355.882396 -355.909936 -355.937540 -355.977825 -356.036625 -356.127143 -356.267525 -356.488013 -356.835517 -357.384006 -358.247257 -359.604141 -361.730998 -365.049843 -370.194187 -378.090852 -390.046714 -407.813497 -433.600616 -470.233444 -524.250013 -625.161764 -858.749461 -9999.0 -9999.0
-9999.0 -9999.0 -9999.0 -9999.0 -9999.0 -9999.0 -9999.0 -9999.0 -9999.0 -9999.0 -9999.0 -9999.0 -9999.0 -9999.0 -9999.0 -9999.0 -9999.0 -9999.0 -9999.0 -9999.0 -9999.0 -9999.0 -9999.0 -9999.0 -9999.0 -9999.0 -9999.0 -9999.0 -9999.0 -9999.0 -9999.0 -9999.0 -9999.0 -9999.0 -9999.0 -9999.0 -9999.0 -9999.0 -9999.0 -9999.0 -9999.0 -9999.0 -9999.0 -9999.0 -9999.0 -9999.0 -9999.0 -9999.0 -9999.0 -9999.0 -9999.0 -9999.0 -9999.0 -9999.0 -9999.0 -9999.0 -9999.0 -9999.0 -9999.0 -9999.0 -9999.0 -9999.0 -9999.0 -9999.0 -9999.0 -9999.0 -9999.0 -9999.0 -9999.0 -9999.0 -9999.0 -9999.0 -9999.0 -9999.0 -9999.0 -9999.0 -9999.0 -9999.0 -9999.0 -9999.0 -9999.0 -9999.0 -9999.0 -9999.0 -9999.0 -9999.0 -9999.0 -9999.0 -9999.0 -9999.0 -9999.0 -9999.0 -9999.0 -9999.0 -9999.0 -9999.0 -9999.0 -9999.0 -9999.0 -9999.0 -9999.0 -9999.0 -9999.0 -9999.0
-9999.0 -9999.0 -9999.0 -9999.0 -9999.0 -9999.0 -9999.0 -9999.0 -9999.0 -9999.0 -9999.0 -9999.0 -9999.0 -9999.0 -9999.0 -9999.0 -9999.0 -9999.0 -9999.0 -9999.0 -9999.0 -9999.0 -9999.0 -9999.0 -9999.0 -9999.0 -9999.0 -9999.0 -9999.0 -9999.0 -9999.0 -9999.0 -9999.0 -9999.0 -9999.0 -9999.0 -9999.0 -9999.0 -9999.0 -9999.0 -9999.0 -9999.0 -9999.0 -9999.0 -9999.0 -9999.0 -9999.0 -9999.0 -9999.0 -9999.0 -9999.0 -9999.0 -9999.0 -9999.0 -9999.0 -9999.0 -9999.0 -9999.0 -9999.0 -9999.0 -9999.0 -9999.0 -9999.0 -9999.0 -9999.0 -9999.0 -9999.0 -9999.0 -9999.0 -9999.0 -9999.0 -9999.0 -9999.0 -9999.0 -9999.0 -9999.0 -9999.0 -9999.0 -9999.0 -9999.0 -9999.0 -9999.0 -9999.0 -9999.0 -9999.0 -9999.0 -9999.0 -9999.0 -9999.0 -9999.0 -9999.0 -9999.0 -9999.0 -9999.0 -9999.0 -9999.0 -9999.0 -9999.0 -9999.0 -9999.0 -9999.0 -9999.0 -9999.0 -9999.0