inst/processing_geotop_simulation/geotop_simulation/out/maps3D/PwL0001N0062.asc
ncols         104
nrows         10
xllcorner     -2.000000
yllcorner     0.000000
cellsize      1.000000
NODATA_value  -9999.0
-9999.0 -9999.0 -9999.0 -9999.0 -9999.0 -9999.0 -9999.0 -9999.0 -9999.0 -9999.0 -9999.0 -9999.0 -9999.0 -9999.0 -9999.0 -9999.0 -9999.0 -9999.0 -9999.0 -9999.0 -9999.0 -9999.0 -9999.0 -9999.0 -9999.0 -9999.0 -9999.0 -9999.0 -9999.0 -9999.0 -9999.0 -9999.0 -9999.0 -9999.0 -9999.0 -9999.0 -9999.0 -9999.0 -9999.0 -9999.0 -9999.0 -9999.0 -9999.0 -9999.0 -9999.0 -9999.0 -9999.0 -9999.0 -9999.0 -9999.0 -9999.0 -9999.0 -9999.0 -9999.0 -9999.0 -9999.0 -9999.0 -9999.0 -9999.0 -9999.0 -9999.0 -9999.0 -9999.0 -9999.0 -9999.0 -9999.0 -9999.0 -9999.0 -9999.0 -9999.0 -9999.0 -9999.0 -9999.0 -9999.0 -9999.0 -9999.0 -9999.0 -9999.0 -9999.0 -9999.0 -9999.0 -9999.0 -9999.0 -9999.0 -9999.0 -9999.0 -9999.0 -9999.0 -9999.0 -9999.0 -9999.0 -9999.0 -9999.0 -9999.0 -9999.0 -9999.0 -9999.0 -9999.0 -9999.0 -9999.0 -9999.0 -9999.0 -9999.0 -9999.0
-9999.0 -9999.0 -9999.0 -9999.0 -9999.0 -9999.0 -9999.0 -9999.0 -9999.0 -9999.0 -9999.0 -9999.0 -9999.0 -9999.0 -9999.0 -9999.0 -9999.0 -9999.0 -9999.0 -9999.0 -9999.0 -9999.0 -9999.0 -9999.0 -9999.0 -9999.0 -9999.0 -9999.0 -9999.0 -9999.0 -9999.0 -9999.0 -9999.0 -9999.0 -9999.0 -9999.0 -9999.0 -9999.0 -9999.0 -9999.0 -9999.0 -9999.0 -9999.0 -9999.0 -9999.0 -9999.0 -9999.0 -9999.0 -9999.0 -9999.0 -9999.0 -9999.0 -9999.0 -9999.0 -9999.0 -9999.0 -9999.0 -9999.0 -9999.0 -9999.0 -9999.0 -9999.0 -9999.0 -9999.0 -9999.0 -9999.0 -9999.0 -9999.0 -9999.0 -9999.0 -9999.0 -9999.0 -9999.0 -9999.0 -9999.0 -9999.0 -9999.0 -9999.0 -9999.0 -9999.0 -9999.0 -9999.0 -9999.0 -9999.0 -9999.0 -9999.0 -9999.0 -9999.0 -9999.0 -9999.0 -9999.0 -9999.0 -9999.0 -9999.0 -9999.0 -9999.0 -9999.0 -9999.0 -9999.0 -9999.0 -9999.0 -9999.0 -9999.0 -9999.0
-9999.0 -9999.0 -694.808654 -905.508490 -1093.969922 -1188.161894 -1221.312297 -1231.888341 -1235.392047 -1225.317986 -1156.106204 -1126.544660 -1131.944573 -1147.623499 -1179.430757 -1212.872481 -1222.776400 -1214.585146 -1200.818055 -1189.354918 -1182.784286 -1181.127236 -1183.515751 -1188.871539 -1196.103266 -1204.166451 -1212.108329 -1219.186790 -1224.985091 -1229.415424 -1232.616146 -1234.827637 -1236.302126 -1237.255771 -1237.853589 -1238.213697 -1238.431452 -1238.633310 -1238.899030 -1238.957860 -1241.291202 -1260.831315 -821.902802 -813.651929 -801.757636 -794.555760 -791.199719 -790.741860 -790.699260 -790.716440 -790.744324 -790.773605 -790.801676 -790.827630 -790.851326 -790.875124 -790.923365 -791.208756 -793.035489 -797.308507 -804.621716 -805.385208 -1247.326878 -1241.461806 -1239.506217 -1239.047270 -1238.941965 -1238.924045 -1238.925023 -1238.929173 -1238.933098 -1238.936202 -1238.938539 -1238.940292 -1238.941623 -1238.942651 -1238.943461 -1238.944111 -1238.944644 -1238.945107 -1238.945547 -1238.946021 -1238.946603 -1238.947397 -1238.948559 -1238.950331 -1238.953102 -1238.957502 -1238.964578 -1238.976114 -1238.995252 -1239.027706 -1239.084253 -1239.185816 -1239.373768 -1239.730377 -1240.418284 -1241.756428 -1244.375853 -1249.592460 -1260.423400 -1285.183673 -9999.0 -9999.0
-9999.0 -9999.0 -694.808650 -905.508466 -1093.969889 -1188.161876 -1221.312291 -1231.888341 -1235.392048 -1225.317987 -1156.106204 -1126.544660 -1131.944573 -1147.623499 -1179.430757 -1212.872481 -1222.776400 -1214.585146 -1200.818055 -1189.354918 -1182.784286 -1181.127236 -1183.515751 -1188.871539 -1196.103266 -1204.166451 -1212.108329 -1219.186790 -1224.985091 -1229.415424 -1232.616146 -1234.827637 -1236.302126 -1237.255771 -1237.853589 -1238.213697 -1238.431452 -1238.633310 -1238.899030 -1238.957860 -1241.291202 -1260.831315 -821.902802 -813.651929 -801.757636 -794.555760 -791.199719 -790.741860 -790.699260 -790.716440 -790.744324 -790.773605 -790.801676 -790.827630 -790.851326 -790.875124 -790.923365 -791.208756 -793.035489 -797.308507 -804.621716 -805.385208 -1247.326878 -1241.461806 -1239.506217 -1239.047270 -1238.941965 -1238.924045 -1238.925023 -1238.929173 -1238.933098 -1238.936202 -1238.938539 -1238.940292 -1238.941623 -1238.942651 -1238.943461 -1238.944111 -1238.944644 -1238.945107 -1238.945547 -1238.946021 -1238.946603 -1238.947397 -1238.948559 -1238.950331 -1238.953102 -1238.957502 -1238.964578 -1238.976114 -1238.995252 -1239.027706 -1239.084253 -1239.185816 -1239.373768 -1239.730377 -1240.418284 -1241.756428 -1244.375853 -1249.592460 -1260.423400 -1285.183673 -9999.0 -9999.0
-9999.0 -9999.0 -694.808647 -905.508453 -1093.969867 -1188.161862 -1221.312287 -1231.888341 -1235.392049 -1225.317987 -1156.106204 -1126.544660 -1131.944573 -1147.623499 -1179.430757 -1212.872481 -1222.776400 -1214.585146 -1200.818055 -1189.354918 -1182.784286 -1181.127236 -1183.515751 -1188.871539 -1196.103266 -1204.166451 -1212.108329 -1219.186790 -1224.985091 -1229.415424 -1232.616146 -1234.827637 -1236.302126 -1237.255771 -1237.853589 -1238.213697 -1238.431452 -1238.633310 -1238.899030 -1238.957860 -1241.291202 -1260.831315 -821.902802 -813.651929 -801.757636 -794.555760 -791.199719 -790.741860 -790.699260 -790.716440 -790.744324 -790.773605 -790.801676 -790.827630 -790.851326 -790.875124 -790.923365 -791.208756 -793.035489 -797.308507 -804.621716 -805.385208 -1247.326878 -1241.461806 -1239.506217 -1239.047270 -1238.941965 -1238.924045 -1238.925023 -1238.929173 -1238.933098 -1238.936202 -1238.938539 -1238.940292 -1238.941623 -1238.942651 -1238.943461 -1238.944111 -1238.944644 -1238.945107 -1238.945547 -1238.946021 -1238.946603 -1238.947397 -1238.948559 -1238.950331 -1238.953102 -1238.957502 -1238.964578 -1238.976114 -1238.995252 -1239.027706 -1239.084253 -1239.185816 -1239.373768 -1239.730377 -1240.418284 -1241.756428 -1244.375853 -1249.592460 -1260.423400 -1285.183673 -9999.0 -9999.0
-9999.0 -9999.0 -694.808647 -905.508453 -1093.969867 -1188.161862 -1221.312287 -1231.888341 -1235.392049 -1225.317987 -1156.106204 -1126.544660 -1131.944573 -1147.623499 -1179.430757 -1212.872481 -1222.776400 -1214.585146 -1200.818055 -1189.354918 -1182.784286 -1181.127236 -1183.515751 -1188.871539 -1196.103266 -1204.166451 -1212.108329 -1219.186790 -1224.985091 -1229.415424 -1232.616146 -1234.827637 -1236.302126 -1237.255771 -1237.853589 -1238.213697 -1238.431452 -1238.633310 -1238.899030 -1238.957860 -1241.291202 -1260.831315 -821.902802 -813.651929 -801.757636 -794.555760 -791.199719 -790.741860 -790.699260 -790.716440 -790.744324 -790.773605 -790.801676 -790.827630 -790.851326 -790.875124 -790.923365 -791.208756 -793.035489 -797.308507 -804.621716 -805.385208 -1247.326878 -1241.461806 -1239.506217 -1239.047270 -1238.941965 -1238.924045 -1238.925023 -1238.929173 -1238.933098 -1238.936202 -1238.938539 -1238.940292 -1238.941623 -1238.942651 -1238.943461 -1238.944111 -1238.944644 -1238.945107 -1238.945547 -1238.946021 -1238.946603 -1238.947397 -1238.948559 -1238.950331 -1238.953102 -1238.957502 -1238.964578 -1238.976114 -1238.995252 -1239.027706 -1239.084253 -1239.185816 -1239.373768 -1239.730377 -1240.418284 -1241.756428 -1244.375853 -1249.592460 -1260.423400 -1285.183673 -9999.0 -9999.0
-9999.0 -9999.0 -694.808650 -905.508466 -1093.969888 -1188.161876 -1221.312291 -1231.888341 -1235.392048 -1225.317987 -1156.106204 -1126.544660 -1131.944573 -1147.623499 -1179.430757 -1212.872481 -1222.776400 -1214.585146 -1200.818055 -1189.354918 -1182.784286 -1181.127236 -1183.515751 -1188.871539 -1196.103266 -1204.166451 -1212.108329 -1219.186790 -1224.985091 -1229.415424 -1232.616146 -1234.827637 -1236.302126 -1237.255771 -1237.853589 -1238.213697 -1238.431452 -1238.633310 -1238.899030 -1238.957860 -1241.291202 -1260.831315 -821.902802 -813.651929 -801.757636 -794.555760 -791.199719 -790.741860 -790.699260 -790.716440 -790.744324 -790.773605 -790.801676 -790.827630 -790.851326 -790.875124 -790.923365 -791.208756 -793.035489 -797.308507 -804.621716 -805.385208 -1247.326878 -1241.461806 -1239.506217 -1239.047270 -1238.941965 -1238.924045 -1238.925023 -1238.929173 -1238.933098 -1238.936202 -1238.938539 -1238.940292 -1238.941623 -1238.942651 -1238.943461 -1238.944111 -1238.944644 -1238.945107 -1238.945547 -1238.946021 -1238.946603 -1238.947397 -1238.948559 -1238.950331 -1238.953102 -1238.957502 -1238.964578 -1238.976114 -1238.995252 -1239.027706 -1239.084253 -1239.185816 -1239.373768 -1239.730377 -1240.418284 -1241.756428 -1244.375853 -1249.592460 -1260.423400 -1285.183673 -9999.0 -9999.0
-9999.0 -9999.0 -694.808654 -905.508490 -1093.969922 -1188.161894 -1221.312297 -1231.888341 -1235.392047 -1225.317986 -1156.106204 -1126.544660 -1131.944573 -1147.623499 -1179.430757 -1212.872481 -1222.776400 -1214.585146 -1200.818055 -1189.354918 -1182.784286 -1181.127236 -1183.515751 -1188.871539 -1196.103266 -1204.166451 -1212.108329 -1219.186790 -1224.985091 -1229.415424 -1232.616146 -1234.827637 -1236.302126 -1237.255771 -1237.853589 -1238.213697 -1238.431452 -1238.633310 -1238.899030 -1238.957860 -1241.291202 -1260.831315 -821.902802 -813.651929 -801.757636 -794.555760 -791.199719 -790.741860 -790.699260 -790.716440 -790.744324 -790.773605 -790.801676 -790.827630 -790.851326 -790.875124 -790.923365 -791.208756 -793.035489 -797.308507 -804.621716 -805.385208 -1247.326878 -1241.461806 -1239.506217 -1239.047270 -1238.941965 -1238.924045 -1238.925023 -1238.929173 -1238.933098 -1238.936202 -1238.938539 -1238.940292 -1238.941623 -1238.942651 -1238.943461 -1238.944111 -1238.944644 -1238.945107 -1238.945547 -1238.946021 -1238.946603 -1238.947397 -1238.948559 -1238.950331 -1238.953102 -1238.957502 -1238.964578 -1238.976114 -1238.995252 -1239.027706 -1239.084253 -1239.185816 -1239.373768 -1239.730377 -1240.418284 -1241.756428 -1244.375853 -1249.592460 -1260.423400 -1285.183673 -9999.0 -9999.0
-9999.0 -9999.0 -9999.0 -9999.0 -9999.0 -9999.0 -9999.0 -9999.0 -9999.0 -9999.0 -9999.0 -9999.0 -9999.0 -9999.0 -9999.0 -9999.0 -9999.0 -9999.0 -9999.0 -9999.0 -9999.0 -9999.0 -9999.0 -9999.0 -9999.0 -9999.0 -9999.0 -9999.0 -9999.0 -9999.0 -9999.0 -9999.0 -9999.0 -9999.0 -9999.0 -9999.0 -9999.0 -9999.0 -9999.0 -9999.0 -9999.0 -9999.0 -9999.0 -9999.0 -9999.0 -9999.0 -9999.0 -9999.0 -9999.0 -9999.0 -9999.0 -9999.0 -9999.0 -9999.0 -9999.0 -9999.0 -9999.0 -9999.0 -9999.0 -9999.0 -9999.0 -9999.0 -9999.0 -9999.0 -9999.0 -9999.0 -9999.0 -9999.0 -9999.0 -9999.0 -9999.0 -9999.0 -9999.0 -9999.0 -9999.0 -9999.0 -9999.0 -9999.0 -9999.0 -9999.0 -9999.0 -9999.0 -9999.0 -9999.0 -9999.0 -9999.0 -9999.0 -9999.0 -9999.0 -9999.0 -9999.0 -9999.0 -9999.0 -9999.0 -9999.0 -9999.0 -9999.0 -9999.0 -9999.0 -9999.0 -9999.0 -9999.0 -9999.0 -9999.0
-9999.0 -9999.0 -9999.0 -9999.0 -9999.0 -9999.0 -9999.0 -9999.0 -9999.0 -9999.0 -9999.0 -9999.0 -9999.0 -9999.0 -9999.0 -9999.0 -9999.0 -9999.0 -9999.0 -9999.0 -9999.0 -9999.0 -9999.0 -9999.0 -9999.0 -9999.0 -9999.0 -9999.0 -9999.0 -9999.0 -9999.0 -9999.0 -9999.0 -9999.0 -9999.0 -9999.0 -9999.0 -9999.0 -9999.0 -9999.0 -9999.0 -9999.0 -9999.0 -9999.0 -9999.0 -9999.0 -9999.0 -9999.0 -9999.0 -9999.0 -9999.0 -9999.0 -9999.0 -9999.0 -9999.0 -9999.0 -9999.0 -9999.0 -9999.0 -9999.0 -9999.0 -9999.0 -9999.0 -9999.0 -9999.0 -9999.0 -9999.0 -9999.0 -9999.0 -9999.0 -9999.0 -9999.0 -9999.0 -9999.0 -9999.0 -9999.0 -9999.0 -9999.0 -9999.0 -9999.0 -9999.0 -9999.0 -9999.0 -9999.0 -9999.0 -9999.0 -9999.0 -9999.0 -9999.0 -9999.0 -9999.0 -9999.0 -9999.0 -9999.0 -9999.0 -9999.0 -9999.0 -9999.0 -9999.0 -9999.0 -9999.0 -9999.0 -9999.0 -9999.0