inst/processing_geotop_simulation/geotop_simulation/out/maps3D/PwL0008N0211.asc
ncols         104
nrows         10
xllcorner     -2.000000
yllcorner     0.000000
cellsize      1.000000
NODATA_value  -9999.0
-9999.0 -9999.0 -9999.0 -9999.0 -9999.0 -9999.0 -9999.0 -9999.0 -9999.0 -9999.0 -9999.0 -9999.0 -9999.0 -9999.0 -9999.0 -9999.0 -9999.0 -9999.0 -9999.0 -9999.0 -9999.0 -9999.0 -9999.0 -9999.0 -9999.0 -9999.0 -9999.0 -9999.0 -9999.0 -9999.0 -9999.0 -9999.0 -9999.0 -9999.0 -9999.0 -9999.0 -9999.0 -9999.0 -9999.0 -9999.0 -9999.0 -9999.0 -9999.0 -9999.0 -9999.0 -9999.0 -9999.0 -9999.0 -9999.0 -9999.0 -9999.0 -9999.0 -9999.0 -9999.0 -9999.0 -9999.0 -9999.0 -9999.0 -9999.0 -9999.0 -9999.0 -9999.0 -9999.0 -9999.0 -9999.0 -9999.0 -9999.0 -9999.0 -9999.0 -9999.0 -9999.0 -9999.0 -9999.0 -9999.0 -9999.0 -9999.0 -9999.0 -9999.0 -9999.0 -9999.0 -9999.0 -9999.0 -9999.0 -9999.0 -9999.0 -9999.0 -9999.0 -9999.0 -9999.0 -9999.0 -9999.0 -9999.0 -9999.0 -9999.0 -9999.0 -9999.0 -9999.0 -9999.0 -9999.0 -9999.0 -9999.0 -9999.0 -9999.0 -9999.0
-9999.0 -9999.0 -9999.0 -9999.0 -9999.0 -9999.0 -9999.0 -9999.0 -9999.0 -9999.0 -9999.0 -9999.0 -9999.0 -9999.0 -9999.0 -9999.0 -9999.0 -9999.0 -9999.0 -9999.0 -9999.0 -9999.0 -9999.0 -9999.0 -9999.0 -9999.0 -9999.0 -9999.0 -9999.0 -9999.0 -9999.0 -9999.0 -9999.0 -9999.0 -9999.0 -9999.0 -9999.0 -9999.0 -9999.0 -9999.0 -9999.0 -9999.0 -9999.0 -9999.0 -9999.0 -9999.0 -9999.0 -9999.0 -9999.0 -9999.0 -9999.0 -9999.0 -9999.0 -9999.0 -9999.0 -9999.0 -9999.0 -9999.0 -9999.0 -9999.0 -9999.0 -9999.0 -9999.0 -9999.0 -9999.0 -9999.0 -9999.0 -9999.0 -9999.0 -9999.0 -9999.0 -9999.0 -9999.0 -9999.0 -9999.0 -9999.0 -9999.0 -9999.0 -9999.0 -9999.0 -9999.0 -9999.0 -9999.0 -9999.0 -9999.0 -9999.0 -9999.0 -9999.0 -9999.0 -9999.0 -9999.0 -9999.0 -9999.0 -9999.0 -9999.0 -9999.0 -9999.0 -9999.0 -9999.0 -9999.0 -9999.0 -9999.0 -9999.0 -9999.0
-9999.0 -9999.0 378.557456 284.205455 187.782261 90.532550 -7.050686 -104.763347 -202.517405 -300.238987 -397.847582 -495.180292 -591.884963 -687.302328 -782.912277 -878.349984 -973.455232 -1068.441641 -1159.804909 -1247.573801 -1327.683498 -1396.087548 -1450.830463 -1492.338953 -1522.565139 -1543.968442 -1558.843310 -1569.043525 -1575.960165 -1580.600966 -1583.683948 -1585.713929 -1587.040797 -1587.903287 -1588.462055 -1588.825811 -1589.075276 -1589.303741 -1589.797166 -1591.941855 -1600.916654 -1617.950910 -1201.757212 -1288.533472 -1251.764045 -1229.148592 -1218.765983 -1217.365053 -1217.222245 -1217.238132 -1217.276822 -1217.318254 -1217.358036 -1217.394853 -1217.428910 -1217.467527 -1217.582437 -1218.382182 -1223.752023 -1235.964366 -1254.224096 -1148.776391 -1590.146384 -1595.056599 -1590.777202 -1589.777821 -1589.611752 -1589.586208 -1589.582873 -1589.583184 -1589.583994 -1589.584727 -1589.585304 -1589.585745 -1589.586082 -1589.586344 -1589.586551 -1589.586719 -1589.586859 -1589.586984 -1589.587106 -1589.587242 -1589.587414 -1589.587652 -1589.588004 -1589.588545 -1589.589396 -1589.590760 -1589.592977 -1589.596647 -1589.602856 -1589.613641 -1589.632929 -1589.668469 -1589.735780 -1589.866478 -1590.127040 -1590.665751 -1591.841462 -1594.603729 -1601.804218 -1624.295720 -9999.0 -9999.0
-9999.0 -9999.0 378.565126 284.207408 187.782788 90.532707 -7.050636 -104.763330 -202.517399 -300.238984 -397.847581 -495.180292 -591.884963 -687.302328 -782.912277 -878.349984 -973.455232 -1068.441641 -1159.804909 -1247.573801 -1327.683498 -1396.087548 -1450.830463 -1492.338953 -1522.565139 -1543.968443 -1558.843311 -1569.043525 -1575.960165 -1580.600966 -1583.683948 -1585.713930 -1587.040797 -1587.903287 -1588.462055 -1588.825811 -1589.075276 -1589.303741 -1589.797166 -1591.941855 -1600.916654 -1617.950910 -1201.757211 -1288.533471 -1251.764045 -1229.148592 -1218.765983 -1217.365053 -1217.222245 -1217.238132 -1217.276822 -1217.318254 -1217.358036 -1217.394853 -1217.428910 -1217.467527 -1217.582437 -1218.382182 -1223.752023 -1235.964366 -1254.224096 -1148.776391 -1590.146384 -1595.056599 -1590.777202 -1589.777821 -1589.611752 -1589.586208 -1589.582873 -1589.583184 -1589.583994 -1589.584727 -1589.585304 -1589.585745 -1589.586082 -1589.586344 -1589.586551 -1589.586719 -1589.586859 -1589.586984 -1589.587106 -1589.587242 -1589.587414 -1589.587652 -1589.588004 -1589.588545 -1589.589396 -1589.590760 -1589.592977 -1589.596647 -1589.602856 -1589.613641 -1589.632929 -1589.668469 -1589.735780 -1589.866478 -1590.127040 -1590.665751 -1591.841462 -1594.603729 -1601.804218 -1624.295720 -9999.0 -9999.0
-9999.0 -9999.0 378.566700 284.208252 187.783125 90.532830 -7.050592 -104.763315 -202.517393 -300.238982 -397.847580 -495.180291 -591.884963 -687.302328 -782.912277 -878.349984 -973.455232 -1068.441641 -1159.804910 -1247.573801 -1327.683498 -1396.087549 -1450.830464 -1492.338953 -1522.565139 -1543.968443 -1558.843311 -1569.043525 -1575.960165 -1580.600966 -1583.683948 -1585.713930 -1587.040797 -1587.903287 -1588.462055 -1588.825811 -1589.075276 -1589.303741 -1589.797166 -1591.941855 -1600.916654 -1617.950910 -1201.757211 -1288.533471 -1251.764044 -1229.148591 -1218.765983 -1217.365053 -1217.222245 -1217.238132 -1217.276822 -1217.318254 -1217.358036 -1217.394853 -1217.428910 -1217.467527 -1217.582437 -1218.382182 -1223.752023 -1235.964366 -1254.224096 -1148.776391 -1590.146384 -1595.056599 -1590.777202 -1589.777821 -1589.611752 -1589.586208 -1589.582873 -1589.583184 -1589.583994 -1589.584727 -1589.585304 -1589.585745 -1589.586082 -1589.586344 -1589.586551 -1589.586719 -1589.586859 -1589.586984 -1589.587106 -1589.587242 -1589.587414 -1589.587652 -1589.588004 -1589.588545 -1589.589396 -1589.590760 -1589.592977 -1589.596647 -1589.602856 -1589.613641 -1589.632929 -1589.668469 -1589.735780 -1589.866478 -1590.127040 -1590.665751 -1591.841462 -1594.603729 -1601.804218 -1624.295720 -9999.0 -9999.0
-9999.0 -9999.0 378.566700 284.208252 187.783125 90.532830 -7.050592 -104.763314 -202.517394 -300.238982 -397.847580 -495.180291 -591.884963 -687.302328 -782.912277 -878.349984 -973.455232 -1068.441641 -1159.804910 -1247.573801 -1327.683498 -1396.087549 -1450.830464 -1492.338953 -1522.565139 -1543.968443 -1558.843311 -1569.043525 -1575.960165 -1580.600966 -1583.683948 -1585.713930 -1587.040797 -1587.903287 -1588.462055 -1588.825811 -1589.075276 -1589.303741 -1589.797166 -1591.941855 -1600.916654 -1617.950910 -1201.757211 -1288.533471 -1251.764044 -1229.148591 -1218.765983 -1217.365053 -1217.222245 -1217.238132 -1217.276822 -1217.318254 -1217.358036 -1217.394853 -1217.428910 -1217.467527 -1217.582437 -1218.382182 -1223.752023 -1235.964366 -1254.224096 -1148.776391 -1590.146384 -1595.056599 -1590.777202 -1589.777821 -1589.611752 -1589.586208 -1589.582873 -1589.583184 -1589.583994 -1589.584727 -1589.585304 -1589.585745 -1589.586082 -1589.586344 -1589.586551 -1589.586719 -1589.586859 -1589.586984 -1589.587106 -1589.587242 -1589.587414 -1589.587652 -1589.588004 -1589.588545 -1589.589396 -1589.590760 -1589.592977 -1589.596647 -1589.602856 -1589.613641 -1589.632929 -1589.668469 -1589.735780 -1589.866478 -1590.127040 -1590.665751 -1591.841462 -1594.603729 -1601.804218 -1624.295720 -9999.0 -9999.0
-9999.0 -9999.0 378.565126 284.207408 187.782788 90.532706 -7.050636 -104.763330 -202.517399 -300.238984 -397.847581 -495.180292 -591.884963 -687.302328 -782.912277 -878.349984 -973.455232 -1068.441641 -1159.804909 -1247.573801 -1327.683498 -1396.087548 -1450.830463 -1492.338953 -1522.565139 -1543.968443 -1558.843311 -1569.043525 -1575.960165 -1580.600966 -1583.683948 -1585.713930 -1587.040797 -1587.903287 -1588.462055 -1588.825811 -1589.075276 -1589.303741 -1589.797166 -1591.941855 -1600.916654 -1617.950910 -1201.757211 -1288.533471 -1251.764045 -1229.148592 -1218.765983 -1217.365053 -1217.222245 -1217.238132 -1217.276822 -1217.318254 -1217.358036 -1217.394853 -1217.428910 -1217.467527 -1217.582437 -1218.382182 -1223.752023 -1235.964366 -1254.224096 -1148.776391 -1590.146384 -1595.056599 -1590.777202 -1589.777821 -1589.611752 -1589.586208 -1589.582873 -1589.583184 -1589.583994 -1589.584727 -1589.585304 -1589.585745 -1589.586082 -1589.586344 -1589.586551 -1589.586719 -1589.586859 -1589.586984 -1589.587106 -1589.587242 -1589.587414 -1589.587652 -1589.588004 -1589.588545 -1589.589396 -1589.590760 -1589.592977 -1589.596647 -1589.602856 -1589.613641 -1589.632929 -1589.668469 -1589.735780 -1589.866478 -1590.127040 -1590.665751 -1591.841462 -1594.603729 -1601.804218 -1624.295720 -9999.0 -9999.0
-9999.0 -9999.0 378.557456 284.205455 187.782261 90.532550 -7.050686 -104.763347 -202.517405 -300.238987 -397.847582 -495.180292 -591.884963 -687.302328 -782.912277 -878.349984 -973.455232 -1068.441641 -1159.804909 -1247.573801 -1327.683498 -1396.087548 -1450.830463 -1492.338953 -1522.565139 -1543.968442 -1558.843310 -1569.043525 -1575.960165 -1580.600966 -1583.683948 -1585.713929 -1587.040797 -1587.903287 -1588.462055 -1588.825811 -1589.075276 -1589.303741 -1589.797166 -1591.941855 -1600.916654 -1617.950910 -1201.757212 -1288.533472 -1251.764045 -1229.148592 -1218.765983 -1217.365053 -1217.222245 -1217.238132 -1217.276822 -1217.318254 -1217.358036 -1217.394853 -1217.428910 -1217.467527 -1217.582437 -1218.382182 -1223.752023 -1235.964366 -1254.224096 -1148.776391 -1590.146384 -1595.056599 -1590.777202 -1589.777821 -1589.611752 -1589.586208 -1589.582873 -1589.583184 -1589.583994 -1589.584727 -1589.585304 -1589.585745 -1589.586082 -1589.586344 -1589.586551 -1589.586719 -1589.586859 -1589.586984 -1589.587106 -1589.587242 -1589.587414 -1589.587652 -1589.588004 -1589.588545 -1589.589396 -1589.590760 -1589.592977 -1589.596647 -1589.602856 -1589.613641 -1589.632929 -1589.668469 -1589.735780 -1589.866478 -1590.127040 -1590.665751 -1591.841462 -1594.603729 -1601.804218 -1624.295720 -9999.0 -9999.0
-9999.0 -9999.0 -9999.0 -9999.0 -9999.0 -9999.0 -9999.0 -9999.0 -9999.0 -9999.0 -9999.0 -9999.0 -9999.0 -9999.0 -9999.0 -9999.0 -9999.0 -9999.0 -9999.0 -9999.0 -9999.0 -9999.0 -9999.0 -9999.0 -9999.0 -9999.0 -9999.0 -9999.0 -9999.0 -9999.0 -9999.0 -9999.0 -9999.0 -9999.0 -9999.0 -9999.0 -9999.0 -9999.0 -9999.0 -9999.0 -9999.0 -9999.0 -9999.0 -9999.0 -9999.0 -9999.0 -9999.0 -9999.0 -9999.0 -9999.0 -9999.0 -9999.0 -9999.0 -9999.0 -9999.0 -9999.0 -9999.0 -9999.0 -9999.0 -9999.0 -9999.0 -9999.0 -9999.0 -9999.0 -9999.0 -9999.0 -9999.0 -9999.0 -9999.0 -9999.0 -9999.0 -9999.0 -9999.0 -9999.0 -9999.0 -9999.0 -9999.0 -9999.0 -9999.0 -9999.0 -9999.0 -9999.0 -9999.0 -9999.0 -9999.0 -9999.0 -9999.0 -9999.0 -9999.0 -9999.0 -9999.0 -9999.0 -9999.0 -9999.0 -9999.0 -9999.0 -9999.0 -9999.0 -9999.0 -9999.0 -9999.0 -9999.0 -9999.0 -9999.0
-9999.0 -9999.0 -9999.0 -9999.0 -9999.0 -9999.0 -9999.0 -9999.0 -9999.0 -9999.0 -9999.0 -9999.0 -9999.0 -9999.0 -9999.0 -9999.0 -9999.0 -9999.0 -9999.0 -9999.0 -9999.0 -9999.0 -9999.0 -9999.0 -9999.0 -9999.0 -9999.0 -9999.0 -9999.0 -9999.0 -9999.0 -9999.0 -9999.0 -9999.0 -9999.0 -9999.0 -9999.0 -9999.0 -9999.0 -9999.0 -9999.0 -9999.0 -9999.0 -9999.0 -9999.0 -9999.0 -9999.0 -9999.0 -9999.0 -9999.0 -9999.0 -9999.0 -9999.0 -9999.0 -9999.0 -9999.0 -9999.0 -9999.0 -9999.0 -9999.0 -9999.0 -9999.0 -9999.0 -9999.0 -9999.0 -9999.0 -9999.0 -9999.0 -9999.0 -9999.0 -9999.0 -9999.0 -9999.0 -9999.0 -9999.0 -9999.0 -9999.0 -9999.0 -9999.0 -9999.0 -9999.0 -9999.0 -9999.0 -9999.0 -9999.0 -9999.0 -9999.0 -9999.0 -9999.0 -9999.0 -9999.0 -9999.0 -9999.0 -9999.0 -9999.0 -9999.0 -9999.0 -9999.0 -9999.0 -9999.0 -9999.0 -9999.0 -9999.0 -9999.0