inst/processing_geotop_simulation/geotop_simulation/out/maps3D/PwL0020N0449.asc
ncols         104
nrows         10
xllcorner     -2.000000
yllcorner     0.000000
cellsize      1.000000
NODATA_value  -9999.0
-9999.0 -9999.0 -9999.0 -9999.0 -9999.0 -9999.0 -9999.0 -9999.0 -9999.0 -9999.0 -9999.0 -9999.0 -9999.0 -9999.0 -9999.0 -9999.0 -9999.0 -9999.0 -9999.0 -9999.0 -9999.0 -9999.0 -9999.0 -9999.0 -9999.0 -9999.0 -9999.0 -9999.0 -9999.0 -9999.0 -9999.0 -9999.0 -9999.0 -9999.0 -9999.0 -9999.0 -9999.0 -9999.0 -9999.0 -9999.0 -9999.0 -9999.0 -9999.0 -9999.0 -9999.0 -9999.0 -9999.0 -9999.0 -9999.0 -9999.0 -9999.0 -9999.0 -9999.0 -9999.0 -9999.0 -9999.0 -9999.0 -9999.0 -9999.0 -9999.0 -9999.0 -9999.0 -9999.0 -9999.0 -9999.0 -9999.0 -9999.0 -9999.0 -9999.0 -9999.0 -9999.0 -9999.0 -9999.0 -9999.0 -9999.0 -9999.0 -9999.0 -9999.0 -9999.0 -9999.0 -9999.0 -9999.0 -9999.0 -9999.0 -9999.0 -9999.0 -9999.0 -9999.0 -9999.0 -9999.0 -9999.0 -9999.0 -9999.0 -9999.0 -9999.0 -9999.0 -9999.0 -9999.0 -9999.0 -9999.0 -9999.0 -9999.0 -9999.0 -9999.0
-9999.0 -9999.0 -9999.0 -9999.0 -9999.0 -9999.0 -9999.0 -9999.0 -9999.0 -9999.0 -9999.0 -9999.0 -9999.0 -9999.0 -9999.0 -9999.0 -9999.0 -9999.0 -9999.0 -9999.0 -9999.0 -9999.0 -9999.0 -9999.0 -9999.0 -9999.0 -9999.0 -9999.0 -9999.0 -9999.0 -9999.0 -9999.0 -9999.0 -9999.0 -9999.0 -9999.0 -9999.0 -9999.0 -9999.0 -9999.0 -9999.0 -9999.0 -9999.0 -9999.0 -9999.0 -9999.0 -9999.0 -9999.0 -9999.0 -9999.0 -9999.0 -9999.0 -9999.0 -9999.0 -9999.0 -9999.0 -9999.0 -9999.0 -9999.0 -9999.0 -9999.0 -9999.0 -9999.0 -9999.0 -9999.0 -9999.0 -9999.0 -9999.0 -9999.0 -9999.0 -9999.0 -9999.0 -9999.0 -9999.0 -9999.0 -9999.0 -9999.0 -9999.0 -9999.0 -9999.0 -9999.0 -9999.0 -9999.0 -9999.0 -9999.0 -9999.0 -9999.0 -9999.0 -9999.0 -9999.0 -9999.0 -9999.0 -9999.0 -9999.0 -9999.0 -9999.0 -9999.0 -9999.0 -9999.0 -9999.0 -9999.0 -9999.0 -9999.0 -9999.0
-9999.0 -9999.0 968.106387 868.915791 769.667604 670.320003 570.917325 471.490125 372.055480 272.622792 173.197339 73.782184 -25.618933 -125.003875 -224.371214 -323.709537 -422.998105 -522.198417 -621.240684 -720.002036 -818.826070 -917.400098 -1015.576723 -1113.134045 -1205.608586 -1292.679501 -1372.364074 -1442.955152 -1503.350347 -1553.245829 -1593.123468 -1624.059096 -1647.450068 -1664.762886 -1677.357799 -1686.401187 -1692.857580 -1697.579574 -1701.604251 -1706.794492 -1716.063801 -1732.383776 -1786.926003 -3446.485313 -3982.701772 -3982.459890 -3935.935606 -3715.243240 -3404.570624 -3134.983977 -2925.652305 -2748.269873 -2640.535431 -2570.852022 -2505.998855 -2437.859327 -2364.091971 -2285.958713 -2206.511920 -2127.641797 -2027.231739 -1554.876667 -1687.589773 -1708.638974 -1708.787482 -1707.917870 -1707.632262 -1707.568748 -1707.557269 -1707.555835 -1707.556124 -1707.556639 -1707.557129 -1707.557566 -1707.557957 -1707.558315 -1707.558652 -1707.558976 -1707.559293 -1707.559611 -1707.559937 -1707.560282 -1707.560659 -1707.561086 -1707.561593 -1707.562226 -1707.563060 -1707.564220 -1707.565925 -1707.568566 -1707.572866 -1707.580218 -1707.593364 -1707.617884 -1707.665509 -1707.762115 -1707.968324 -1708.435796 -1709.569810 -1712.536979 -1721.009278 -1747.776686 -9999.0 -9999.0
-9999.0 -9999.0 968.108997 868.916799 769.667938 670.320113 570.917362 471.490138 372.055485 272.622795 173.197340 73.782185 -25.618933 -125.003875 -224.371213 -323.709537 -422.998105 -522.198417 -621.240684 -720.002037 -818.826070 -917.400098 -1015.576723 -1113.134045 -1205.608586 -1292.679501 -1372.364074 -1442.955153 -1503.350347 -1553.245829 -1593.123468 -1624.059096 -1647.450068 -1664.762886 -1677.357799 -1686.401187 -1692.857580 -1697.579574 -1701.604251 -1706.794492 -1716.063801 -1732.383776 -1786.926003 -3446.485311 -3982.701772 -3982.459890 -3935.935606 -3715.243240 -3404.570623 -3134.983976 -2925.652302 -2748.269872 -2640.535431 -2570.852022 -2505.998855 -2437.859327 -2364.091971 -2285.958712 -2206.511919 -2127.641797 -2027.231740 -1554.876667 -1687.589773 -1708.638974 -1708.787482 -1707.917870 -1707.632262 -1707.568748 -1707.557269 -1707.555835 -1707.556124 -1707.556639 -1707.557129 -1707.557566 -1707.557957 -1707.558315 -1707.558652 -1707.558976 -1707.559293 -1707.559611 -1707.559937 -1707.560282 -1707.560659 -1707.561086 -1707.561593 -1707.562226 -1707.563060 -1707.564220 -1707.565925 -1707.568566 -1707.572866 -1707.580217 -1707.593364 -1707.617884 -1707.665509 -1707.762115 -1707.968324 -1708.435796 -1709.569810 -1712.536979 -1721.009278 -1747.776686 -9999.0 -9999.0
-9999.0 -9999.0 968.110014 868.917347 769.668170 670.320202 570.917395 471.490150 372.055490 272.622797 173.197341 73.782185 -25.618933 -125.003875 -224.371213 -323.709537 -422.998105 -522.198417 -621.240684 -720.002037 -818.826070 -917.400099 -1015.576723 -1113.134045 -1205.608586 -1292.679501 -1372.364074 -1442.955153 -1503.350347 -1553.245829 -1593.123468 -1624.059096 -1647.450068 -1664.762886 -1677.357799 -1686.401187 -1692.857580 -1697.579574 -1701.604251 -1706.794492 -1716.063801 -1732.383776 -1786.926003 -3446.485311 -3982.701772 -3982.459890 -3935.935606 -3715.243239 -3404.570623 -3134.983974 -2925.652301 -2748.269872 -2640.535431 -2570.852022 -2505.998855 -2437.859327 -2364.091971 -2285.958712 -2206.511919 -2127.641797 -2027.231739 -1554.876667 -1687.589773 -1708.638974 -1708.787482 -1707.917870 -1707.632262 -1707.568748 -1707.557269 -1707.555835 -1707.556124 -1707.556639 -1707.557129 -1707.557566 -1707.557957 -1707.558315 -1707.558652 -1707.558976 -1707.559293 -1707.559611 -1707.559937 -1707.560282 -1707.560659 -1707.561086 -1707.561593 -1707.562226 -1707.563060 -1707.564220 -1707.565925 -1707.568566 -1707.572866 -1707.580217 -1707.593364 -1707.617884 -1707.665509 -1707.762115 -1707.968324 -1708.435796 -1709.569810 -1712.536979 -1721.009278 -1747.776686 -9999.0 -9999.0
-9999.0 -9999.0 968.110014 868.917347 769.668170 670.320202 570.917395 471.490150 372.055490 272.622796 173.197341 73.782185 -25.618933 -125.003875 -224.371213 -323.709537 -422.998105 -522.198417 -621.240684 -720.002037 -818.826070 -917.400099 -1015.576723 -1113.134045 -1205.608586 -1292.679501 -1372.364074 -1442.955153 -1503.350347 -1553.245829 -1593.123468 -1624.059096 -1647.450068 -1664.762886 -1677.357799 -1686.401187 -1692.857580 -1697.579574 -1701.604251 -1706.794492 -1716.063801 -1732.383776 -1786.926003 -3446.485311 -3982.701772 -3982.459890 -3935.935606 -3715.243239 -3404.570623 -3134.983975 -2925.652301 -2748.269872 -2640.535431 -2570.852022 -2505.998854 -2437.859327 -2364.091970 -2285.958712 -2206.511919 -2127.641797 -2027.231739 -1554.876667 -1687.589773 -1708.638974 -1708.787482 -1707.917870 -1707.632262 -1707.568748 -1707.557269 -1707.555835 -1707.556124 -1707.556639 -1707.557129 -1707.557566 -1707.557957 -1707.558315 -1707.558652 -1707.558976 -1707.559293 -1707.559611 -1707.559937 -1707.560282 -1707.560659 -1707.561086 -1707.561593 -1707.562226 -1707.563060 -1707.564220 -1707.565925 -1707.568566 -1707.572866 -1707.580217 -1707.593364 -1707.617884 -1707.665509 -1707.762115 -1707.968324 -1708.435796 -1709.569810 -1712.536979 -1721.009278 -1747.776686 -9999.0 -9999.0
-9999.0 -9999.0 968.108997 868.916799 769.667938 670.320113 570.917362 471.490138 372.055485 272.622795 173.197340 73.782185 -25.618933 -125.003875 -224.371214 -323.709537 -422.998105 -522.198417 -621.240684 -720.002037 -818.826070 -917.400098 -1015.576723 -1113.134045 -1205.608586 -1292.679501 -1372.364074 -1442.955153 -1503.350347 -1553.245829 -1593.123468 -1624.059096 -1647.450068 -1664.762886 -1677.357799 -1686.401187 -1692.857580 -1697.579574 -1701.604251 -1706.794492 -1716.063801 -1732.383776 -1786.926003 -3446.485311 -3982.701772 -3982.459890 -3935.935606 -3715.243240 -3404.570623 -3134.983975 -2925.652302 -2748.269872 -2640.535431 -2570.852022 -2505.998855 -2437.859327 -2364.091971 -2285.958712 -2206.511919 -2127.641797 -2027.231740 -1554.876667 -1687.589773 -1708.638974 -1708.787482 -1707.917870 -1707.632262 -1707.568748 -1707.557269 -1707.555835 -1707.556124 -1707.556639 -1707.557129 -1707.557566 -1707.557957 -1707.558315 -1707.558652 -1707.558976 -1707.559293 -1707.559611 -1707.559937 -1707.560282 -1707.560659 -1707.561086 -1707.561593 -1707.562226 -1707.563060 -1707.564220 -1707.565925 -1707.568566 -1707.572866 -1707.580217 -1707.593364 -1707.617884 -1707.665509 -1707.762115 -1707.968324 -1708.435796 -1709.569810 -1712.536979 -1721.009278 -1747.776686 -9999.0 -9999.0
-9999.0 -9999.0 968.106387 868.915791 769.667604 670.320003 570.917325 471.490125 372.055480 272.622792 173.197339 73.782184 -25.618933 -125.003875 -224.371214 -323.709537 -422.998105 -522.198417 -621.240684 -720.002036 -818.826070 -917.400098 -1015.576723 -1113.134045 -1205.608586 -1292.679501 -1372.364074 -1442.955152 -1503.350347 -1553.245829 -1593.123468 -1624.059096 -1647.450068 -1664.762886 -1677.357799 -1686.401187 -1692.857580 -1697.579574 -1701.604251 -1706.794492 -1716.063801 -1732.383776 -1786.926003 -3446.485313 -3982.701772 -3982.459890 -3935.935606 -3715.243240 -3404.570624 -3134.983978 -2925.652305 -2748.269873 -2640.535431 -2570.852022 -2505.998855 -2437.859327 -2364.091971 -2285.958713 -2206.511920 -2127.641797 -2027.231740 -1554.876667 -1687.589773 -1708.638974 -1708.787482 -1707.917870 -1707.632262 -1707.568748 -1707.557269 -1707.555835 -1707.556124 -1707.556639 -1707.557129 -1707.557566 -1707.557957 -1707.558315 -1707.558652 -1707.558976 -1707.559293 -1707.559611 -1707.559937 -1707.560282 -1707.560659 -1707.561086 -1707.561593 -1707.562226 -1707.563060 -1707.564220 -1707.565925 -1707.568566 -1707.572866 -1707.580218 -1707.593364 -1707.617884 -1707.665509 -1707.762115 -1707.968324 -1708.435796 -1709.569810 -1712.536979 -1721.009278 -1747.776686 -9999.0 -9999.0
-9999.0 -9999.0 -9999.0 -9999.0 -9999.0 -9999.0 -9999.0 -9999.0 -9999.0 -9999.0 -9999.0 -9999.0 -9999.0 -9999.0 -9999.0 -9999.0 -9999.0 -9999.0 -9999.0 -9999.0 -9999.0 -9999.0 -9999.0 -9999.0 -9999.0 -9999.0 -9999.0 -9999.0 -9999.0 -9999.0 -9999.0 -9999.0 -9999.0 -9999.0 -9999.0 -9999.0 -9999.0 -9999.0 -9999.0 -9999.0 -9999.0 -9999.0 -9999.0 -9999.0 -9999.0 -9999.0 -9999.0 -9999.0 -9999.0 -9999.0 -9999.0 -9999.0 -9999.0 -9999.0 -9999.0 -9999.0 -9999.0 -9999.0 -9999.0 -9999.0 -9999.0 -9999.0 -9999.0 -9999.0 -9999.0 -9999.0 -9999.0 -9999.0 -9999.0 -9999.0 -9999.0 -9999.0 -9999.0 -9999.0 -9999.0 -9999.0 -9999.0 -9999.0 -9999.0 -9999.0 -9999.0 -9999.0 -9999.0 -9999.0 -9999.0 -9999.0 -9999.0 -9999.0 -9999.0 -9999.0 -9999.0 -9999.0 -9999.0 -9999.0 -9999.0 -9999.0 -9999.0 -9999.0 -9999.0 -9999.0 -9999.0 -9999.0 -9999.0 -9999.0
-9999.0 -9999.0 -9999.0 -9999.0 -9999.0 -9999.0 -9999.0 -9999.0 -9999.0 -9999.0 -9999.0 -9999.0 -9999.0 -9999.0 -9999.0 -9999.0 -9999.0 -9999.0 -9999.0 -9999.0 -9999.0 -9999.0 -9999.0 -9999.0 -9999.0 -9999.0 -9999.0 -9999.0 -9999.0 -9999.0 -9999.0 -9999.0 -9999.0 -9999.0 -9999.0 -9999.0 -9999.0 -9999.0 -9999.0 -9999.0 -9999.0 -9999.0 -9999.0 -9999.0 -9999.0 -9999.0 -9999.0 -9999.0 -9999.0 -9999.0 -9999.0 -9999.0 -9999.0 -9999.0 -9999.0 -9999.0 -9999.0 -9999.0 -9999.0 -9999.0 -9999.0 -9999.0 -9999.0 -9999.0 -9999.0 -9999.0 -9999.0 -9999.0 -9999.0 -9999.0 -9999.0 -9999.0 -9999.0 -9999.0 -9999.0 -9999.0 -9999.0 -9999.0 -9999.0 -9999.0 -9999.0 -9999.0 -9999.0 -9999.0 -9999.0 -9999.0 -9999.0 -9999.0 -9999.0 -9999.0 -9999.0 -9999.0 -9999.0 -9999.0 -9999.0 -9999.0 -9999.0 -9999.0 -9999.0 -9999.0 -9999.0 -9999.0 -9999.0 -9999.0