inst/processing_geotop_simulation/geotop_simulation/out/maps3D/PwL0013N0275.asc
ncols         104
nrows         10
xllcorner     -2.000000
yllcorner     0.000000
cellsize      1.000000
NODATA_value  -9999.0
-9999.0 -9999.0 -9999.0 -9999.0 -9999.0 -9999.0 -9999.0 -9999.0 -9999.0 -9999.0 -9999.0 -9999.0 -9999.0 -9999.0 -9999.0 -9999.0 -9999.0 -9999.0 -9999.0 -9999.0 -9999.0 -9999.0 -9999.0 -9999.0 -9999.0 -9999.0 -9999.0 -9999.0 -9999.0 -9999.0 -9999.0 -9999.0 -9999.0 -9999.0 -9999.0 -9999.0 -9999.0 -9999.0 -9999.0 -9999.0 -9999.0 -9999.0 -9999.0 -9999.0 -9999.0 -9999.0 -9999.0 -9999.0 -9999.0 -9999.0 -9999.0 -9999.0 -9999.0 -9999.0 -9999.0 -9999.0 -9999.0 -9999.0 -9999.0 -9999.0 -9999.0 -9999.0 -9999.0 -9999.0 -9999.0 -9999.0 -9999.0 -9999.0 -9999.0 -9999.0 -9999.0 -9999.0 -9999.0 -9999.0 -9999.0 -9999.0 -9999.0 -9999.0 -9999.0 -9999.0 -9999.0 -9999.0 -9999.0 -9999.0 -9999.0 -9999.0 -9999.0 -9999.0 -9999.0 -9999.0 -9999.0 -9999.0 -9999.0 -9999.0 -9999.0 -9999.0 -9999.0 -9999.0 -9999.0 -9999.0 -9999.0 -9999.0 -9999.0 -9999.0
-9999.0 -9999.0 -9999.0 -9999.0 -9999.0 -9999.0 -9999.0 -9999.0 -9999.0 -9999.0 -9999.0 -9999.0 -9999.0 -9999.0 -9999.0 -9999.0 -9999.0 -9999.0 -9999.0 -9999.0 -9999.0 -9999.0 -9999.0 -9999.0 -9999.0 -9999.0 -9999.0 -9999.0 -9999.0 -9999.0 -9999.0 -9999.0 -9999.0 -9999.0 -9999.0 -9999.0 -9999.0 -9999.0 -9999.0 -9999.0 -9999.0 -9999.0 -9999.0 -9999.0 -9999.0 -9999.0 -9999.0 -9999.0 -9999.0 -9999.0 -9999.0 -9999.0 -9999.0 -9999.0 -9999.0 -9999.0 -9999.0 -9999.0 -9999.0 -9999.0 -9999.0 -9999.0 -9999.0 -9999.0 -9999.0 -9999.0 -9999.0 -9999.0 -9999.0 -9999.0 -9999.0 -9999.0 -9999.0 -9999.0 -9999.0 -9999.0 -9999.0 -9999.0 -9999.0 -9999.0 -9999.0 -9999.0 -9999.0 -9999.0 -9999.0 -9999.0 -9999.0 -9999.0 -9999.0 -9999.0 -9999.0 -9999.0 -9999.0 -9999.0 -9999.0 -9999.0 -9999.0 -9999.0 -9999.0 -9999.0 -9999.0 -9999.0 -9999.0 -9999.0
-9999.0 -9999.0 624.200071 526.852350 428.863453 330.484059 231.927118 133.294591 34.637173 -64.013291 -162.644564 -261.235397 -359.739506 -458.057242 -556.021586 -653.412837 -750.469706 -847.587202 -944.323898 -1040.608081 -1134.280125 -1221.764203 -1301.488350 -1370.977673 -1428.849937 -1475.036582 -1510.541894 -1536.986284 -1556.173968 -1569.802014 -1579.315559 -1585.866001 -1590.327982 -1593.342696 -1595.368061 -1596.726950 -1597.654747 -1598.376040 -1599.364700 -1602.317891 -1612.566247 -1641.500493 -1803.044791 -3962.408288 -3661.698051 -3378.841371 -3241.664067 -3223.952765 -3222.171187 -3222.358565 -3222.824570 -3223.323544 -3223.802462 -3224.245588 -3224.655267 -3225.118439 -3226.498418 -3236.331028 -3306.601159 -3464.419473 -3608.297792 -1614.623743 -1605.670114 -1605.013379 -1600.974455 -1599.811376 -1599.586922 -1599.549930 -1599.544601 -1599.544399 -1599.544953 -1599.545514 -1599.545969 -1599.546321 -1599.546595 -1599.546809 -1599.546982 -1599.547123 -1599.547244 -1599.547353 -1599.547461 -1599.547581 -1599.547729 -1599.547933 -1599.548229 -1599.548681 -1599.549386 -1599.550512 -1599.552343 -1599.555383 -1599.560553 -1599.569591 -1599.585878 -1599.616126 -1599.673947 -1599.787734 -1600.019583 -1600.514963 -1601.641888 -1604.409807 -1611.935952 -1635.842548 -9999.0 -9999.0
-9999.0 -9999.0 624.205038 526.853901 428.863908 330.484199 231.927164 133.294607 34.637178 -64.013288 -162.644563 -261.235396 -359.739505 -458.057242 -556.021586 -653.412837 -750.469706 -847.587202 -944.323898 -1040.608081 -1134.280126 -1221.764203 -1301.488350 -1370.977673 -1428.849937 -1475.036582 -1510.541894 -1536.986284 -1556.173968 -1569.802014 -1579.315559 -1585.866001 -1590.327982 -1593.342696 -1595.368061 -1596.726950 -1597.654747 -1598.376040 -1599.364700 -1602.317891 -1612.566247 -1641.500493 -1803.044790 -3962.408286 -3661.698047 -3378.841363 -3241.664068 -3223.952765 -3222.171187 -3222.358565 -3222.824570 -3223.323544 -3223.802462 -3224.245588 -3224.655267 -3225.118439 -3226.498418 -3236.331028 -3306.601159 -3464.419473 -3608.297792 -1614.623743 -1605.670114 -1605.013379 -1600.974455 -1599.811376 -1599.586922 -1599.549930 -1599.544601 -1599.544399 -1599.544953 -1599.545514 -1599.545969 -1599.546321 -1599.546595 -1599.546809 -1599.546982 -1599.547123 -1599.547244 -1599.547353 -1599.547461 -1599.547581 -1599.547729 -1599.547933 -1599.548229 -1599.548681 -1599.549386 -1599.550512 -1599.552343 -1599.555383 -1599.560553 -1599.569591 -1599.585878 -1599.616126 -1599.673947 -1599.787734 -1600.019583 -1600.514963 -1601.641888 -1604.409807 -1611.935952 -1635.842548 -9999.0 -9999.0
-9999.0 -9999.0 624.206450 526.854638 428.864208 330.484311 231.927204 133.294622 34.637184 -64.013286 -162.644563 -261.235396 -359.739505 -458.057242 -556.021586 -653.412837 -750.469706 -847.587202 -944.323898 -1040.608081 -1134.280126 -1221.764203 -1301.488350 -1370.977674 -1428.849937 -1475.036582 -1510.541894 -1536.986284 -1556.173968 -1569.802014 -1579.315559 -1585.866001 -1590.327982 -1593.342696 -1595.368061 -1596.726950 -1597.654747 -1598.376040 -1599.364700 -1602.317891 -1612.566247 -1641.500493 -1803.044790 -3962.408286 -3661.698046 -3378.841359 -3241.664068 -3223.952765 -3222.171187 -3222.358565 -3222.824570 -3223.323544 -3223.802462 -3224.245588 -3224.655267 -3225.118439 -3226.498418 -3236.331028 -3306.601159 -3464.419473 -3608.297791 -1614.623743 -1605.670114 -1605.013379 -1600.974455 -1599.811376 -1599.586922 -1599.549930 -1599.544601 -1599.544399 -1599.544953 -1599.545514 -1599.545969 -1599.546321 -1599.546595 -1599.546809 -1599.546982 -1599.547123 -1599.547244 -1599.547353 -1599.547461 -1599.547581 -1599.547729 -1599.547933 -1599.548229 -1599.548681 -1599.549386 -1599.550512 -1599.552343 -1599.555383 -1599.560553 -1599.569591 -1599.585878 -1599.616126 -1599.673947 -1599.787734 -1600.019583 -1600.514963 -1601.641888 -1604.409807 -1611.935952 -1635.842548 -9999.0 -9999.0
-9999.0 -9999.0 624.206450 526.854638 428.864208 330.484311 231.927204 133.294622 34.637184 -64.013286 -162.644563 -261.235396 -359.739505 -458.057242 -556.021586 -653.412838 -750.469706 -847.587202 -944.323898 -1040.608081 -1134.280126 -1221.764203 -1301.488350 -1370.977674 -1428.849937 -1475.036582 -1510.541894 -1536.986284 -1556.173968 -1569.802014 -1579.315559 -1585.866001 -1590.327982 -1593.342696 -1595.368061 -1596.726950 -1597.654747 -1598.376040 -1599.364700 -1602.317891 -1612.566247 -1641.500493 -1803.044790 -3962.408286 -3661.698046 -3378.841359 -3241.664068 -3223.952765 -3222.171187 -3222.358565 -3222.824570 -3223.323544 -3223.802462 -3224.245588 -3224.655267 -3225.118439 -3226.498418 -3236.331028 -3306.601159 -3464.419473 -3608.297791 -1614.623743 -1605.670114 -1605.013379 -1600.974455 -1599.811376 -1599.586922 -1599.549930 -1599.544601 -1599.544399 -1599.544953 -1599.545514 -1599.545969 -1599.546321 -1599.546595 -1599.546809 -1599.546982 -1599.547123 -1599.547244 -1599.547353 -1599.547461 -1599.547581 -1599.547729 -1599.547933 -1599.548229 -1599.548681 -1599.549386 -1599.550512 -1599.552343 -1599.555383 -1599.560553 -1599.569591 -1599.585878 -1599.616126 -1599.673947 -1599.787734 -1600.019583 -1600.514963 -1601.641888 -1604.409807 -1611.935952 -1635.842548 -9999.0 -9999.0
-9999.0 -9999.0 624.205038 526.853901 428.863908 330.484199 231.927164 133.294607 34.637178 -64.013288 -162.644563 -261.235396 -359.739505 -458.057242 -556.021586 -653.412837 -750.469706 -847.587202 -944.323898 -1040.608081 -1134.280126 -1221.764203 -1301.488350 -1370.977673 -1428.849937 -1475.036582 -1510.541894 -1536.986284 -1556.173968 -1569.802014 -1579.315559 -1585.866001 -1590.327982 -1593.342696 -1595.368061 -1596.726950 -1597.654747 -1598.376040 -1599.364700 -1602.317891 -1612.566247 -1641.500493 -1803.044790 -3962.408286 -3661.698047 -3378.841363 -3241.664068 -3223.952765 -3222.171187 -3222.358565 -3222.824570 -3223.323544 -3223.802462 -3224.245588 -3224.655267 -3225.118439 -3226.498418 -3236.331028 -3306.601159 -3464.419473 -3608.297792 -1614.623743 -1605.670114 -1605.013379 -1600.974455 -1599.811376 -1599.586922 -1599.549930 -1599.544601 -1599.544399 -1599.544953 -1599.545514 -1599.545969 -1599.546321 -1599.546595 -1599.546809 -1599.546982 -1599.547123 -1599.547244 -1599.547353 -1599.547461 -1599.547581 -1599.547729 -1599.547933 -1599.548229 -1599.548681 -1599.549386 -1599.550512 -1599.552343 -1599.555383 -1599.560553 -1599.569591 -1599.585878 -1599.616126 -1599.673947 -1599.787734 -1600.019583 -1600.514963 -1601.641888 -1604.409807 -1611.935952 -1635.842548 -9999.0 -9999.0
-9999.0 -9999.0 624.200071 526.852350 428.863453 330.484059 231.927118 133.294591 34.637173 -64.013291 -162.644564 -261.235397 -359.739505 -458.057242 -556.021586 -653.412837 -750.469706 -847.587202 -944.323898 -1040.608081 -1134.280125 -1221.764203 -1301.488350 -1370.977673 -1428.849937 -1475.036582 -1510.541894 -1536.986284 -1556.173968 -1569.802014 -1579.315559 -1585.866001 -1590.327982 -1593.342696 -1595.368061 -1596.726950 -1597.654747 -1598.376040 -1599.364700 -1602.317891 -1612.566247 -1641.500493 -1803.044791 -3962.408288 -3661.698051 -3378.841371 -3241.664067 -3223.952765 -3222.171187 -3222.358565 -3222.824570 -3223.323544 -3223.802462 -3224.245588 -3224.655267 -3225.118439 -3226.498418 -3236.331028 -3306.601159 -3464.419473 -3608.297792 -1614.623743 -1605.670114 -1605.013379 -1600.974455 -1599.811376 -1599.586922 -1599.549930 -1599.544601 -1599.544399 -1599.544953 -1599.545514 -1599.545969 -1599.546321 -1599.546595 -1599.546809 -1599.546982 -1599.547123 -1599.547244 -1599.547353 -1599.547461 -1599.547581 -1599.547729 -1599.547933 -1599.548229 -1599.548681 -1599.549386 -1599.550512 -1599.552343 -1599.555383 -1599.560553 -1599.569591 -1599.585878 -1599.616126 -1599.673947 -1599.787734 -1600.019583 -1600.514963 -1601.641888 -1604.409807 -1611.935952 -1635.842548 -9999.0 -9999.0
-9999.0 -9999.0 -9999.0 -9999.0 -9999.0 -9999.0 -9999.0 -9999.0 -9999.0 -9999.0 -9999.0 -9999.0 -9999.0 -9999.0 -9999.0 -9999.0 -9999.0 -9999.0 -9999.0 -9999.0 -9999.0 -9999.0 -9999.0 -9999.0 -9999.0 -9999.0 -9999.0 -9999.0 -9999.0 -9999.0 -9999.0 -9999.0 -9999.0 -9999.0 -9999.0 -9999.0 -9999.0 -9999.0 -9999.0 -9999.0 -9999.0 -9999.0 -9999.0 -9999.0 -9999.0 -9999.0 -9999.0 -9999.0 -9999.0 -9999.0 -9999.0 -9999.0 -9999.0 -9999.0 -9999.0 -9999.0 -9999.0 -9999.0 -9999.0 -9999.0 -9999.0 -9999.0 -9999.0 -9999.0 -9999.0 -9999.0 -9999.0 -9999.0 -9999.0 -9999.0 -9999.0 -9999.0 -9999.0 -9999.0 -9999.0 -9999.0 -9999.0 -9999.0 -9999.0 -9999.0 -9999.0 -9999.0 -9999.0 -9999.0 -9999.0 -9999.0 -9999.0 -9999.0 -9999.0 -9999.0 -9999.0 -9999.0 -9999.0 -9999.0 -9999.0 -9999.0 -9999.0 -9999.0 -9999.0 -9999.0 -9999.0 -9999.0 -9999.0 -9999.0
-9999.0 -9999.0 -9999.0 -9999.0 -9999.0 -9999.0 -9999.0 -9999.0 -9999.0 -9999.0 -9999.0 -9999.0 -9999.0 -9999.0 -9999.0 -9999.0 -9999.0 -9999.0 -9999.0 -9999.0 -9999.0 -9999.0 -9999.0 -9999.0 -9999.0 -9999.0 -9999.0 -9999.0 -9999.0 -9999.0 -9999.0 -9999.0 -9999.0 -9999.0 -9999.0 -9999.0 -9999.0 -9999.0 -9999.0 -9999.0 -9999.0 -9999.0 -9999.0 -9999.0 -9999.0 -9999.0 -9999.0 -9999.0 -9999.0 -9999.0 -9999.0 -9999.0 -9999.0 -9999.0 -9999.0 -9999.0 -9999.0 -9999.0 -9999.0 -9999.0 -9999.0 -9999.0 -9999.0 -9999.0 -9999.0 -9999.0 -9999.0 -9999.0 -9999.0 -9999.0 -9999.0 -9999.0 -9999.0 -9999.0 -9999.0 -9999.0 -9999.0 -9999.0 -9999.0 -9999.0 -9999.0 -9999.0 -9999.0 -9999.0 -9999.0 -9999.0 -9999.0 -9999.0 -9999.0 -9999.0 -9999.0 -9999.0 -9999.0 -9999.0 -9999.0 -9999.0 -9999.0 -9999.0 -9999.0 -9999.0 -9999.0 -9999.0 -9999.0 -9999.0