inst/processing_geotop_simulation/geotop_simulation/out/maps3D/PwL0006N0248.asc
ncols         104
nrows         10
xllcorner     -2.000000
yllcorner     0.000000
cellsize      1.000000
NODATA_value  -9999.0
-9999.0 -9999.0 -9999.0 -9999.0 -9999.0 -9999.0 -9999.0 -9999.0 -9999.0 -9999.0 -9999.0 -9999.0 -9999.0 -9999.0 -9999.0 -9999.0 -9999.0 -9999.0 -9999.0 -9999.0 -9999.0 -9999.0 -9999.0 -9999.0 -9999.0 -9999.0 -9999.0 -9999.0 -9999.0 -9999.0 -9999.0 -9999.0 -9999.0 -9999.0 -9999.0 -9999.0 -9999.0 -9999.0 -9999.0 -9999.0 -9999.0 -9999.0 -9999.0 -9999.0 -9999.0 -9999.0 -9999.0 -9999.0 -9999.0 -9999.0 -9999.0 -9999.0 -9999.0 -9999.0 -9999.0 -9999.0 -9999.0 -9999.0 -9999.0 -9999.0 -9999.0 -9999.0 -9999.0 -9999.0 -9999.0 -9999.0 -9999.0 -9999.0 -9999.0 -9999.0 -9999.0 -9999.0 -9999.0 -9999.0 -9999.0 -9999.0 -9999.0 -9999.0 -9999.0 -9999.0 -9999.0 -9999.0 -9999.0 -9999.0 -9999.0 -9999.0 -9999.0 -9999.0 -9999.0 -9999.0 -9999.0 -9999.0 -9999.0 -9999.0 -9999.0 -9999.0 -9999.0 -9999.0 -9999.0 -9999.0 -9999.0 -9999.0 -9999.0 -9999.0
-9999.0 -9999.0 -9999.0 -9999.0 -9999.0 -9999.0 -9999.0 -9999.0 -9999.0 -9999.0 -9999.0 -9999.0 -9999.0 -9999.0 -9999.0 -9999.0 -9999.0 -9999.0 -9999.0 -9999.0 -9999.0 -9999.0 -9999.0 -9999.0 -9999.0 -9999.0 -9999.0 -9999.0 -9999.0 -9999.0 -9999.0 -9999.0 -9999.0 -9999.0 -9999.0 -9999.0 -9999.0 -9999.0 -9999.0 -9999.0 -9999.0 -9999.0 -9999.0 -9999.0 -9999.0 -9999.0 -9999.0 -9999.0 -9999.0 -9999.0 -9999.0 -9999.0 -9999.0 -9999.0 -9999.0 -9999.0 -9999.0 -9999.0 -9999.0 -9999.0 -9999.0 -9999.0 -9999.0 -9999.0 -9999.0 -9999.0 -9999.0 -9999.0 -9999.0 -9999.0 -9999.0 -9999.0 -9999.0 -9999.0 -9999.0 -9999.0 -9999.0 -9999.0 -9999.0 -9999.0 -9999.0 -9999.0 -9999.0 -9999.0 -9999.0 -9999.0 -9999.0 -9999.0 -9999.0 -9999.0 -9999.0 -9999.0 -9999.0 -9999.0 -9999.0 -9999.0 -9999.0 -9999.0 -9999.0 -9999.0 -9999.0 -9999.0 -9999.0 -9999.0
-9999.0 -9999.0 277.064878 181.682729 84.369569 -13.593879 -111.807586 -210.123609 -308.457079 -406.747464 -504.914487 -602.763484 -699.898443 -796.773222 -893.336984 -989.877429 -1086.274187 -1180.366792 -1272.220347 -1360.551899 -1442.098426 -1512.859596 -1570.389898 -1614.630325 -1647.250156 -1670.605790 -1686.998446 -1698.341008 -1706.098827 -1711.349610 -1714.869599 -1717.209375 -1718.753741 -1719.767612 -1720.431045 -1720.866982 -1721.167083 -1721.438440 -1722.000018 -1724.214367 -1731.668145 -1724.865053 -1133.807346 -1161.396110 -1142.107139 -1129.809391 -1124.083117 -1123.263448 -1123.178113 -1123.187420 -1123.210435 -1123.235120 -1123.258833 -1123.280786 -1123.301125 -1123.324458 -1123.395101 -1123.875490 -1126.885666 -1133.648532 -1143.307340 -1102.834285 -1699.023416 -1725.690999 -1722.943811 -1721.979086 -1721.800493 -1721.772052 -1721.768167 -1721.768283 -1721.768967 -1721.769608 -1721.770117 -1721.770506 -1721.770805 -1721.771037 -1721.771221 -1721.771370 -1721.771495 -1721.771606 -1721.771716 -1721.771838 -1721.771992 -1721.772206 -1721.772523 -1721.773010 -1721.773776 -1721.775004 -1721.777003 -1721.780318 -1721.785939 -1721.795726 -1721.813279 -1721.845706 -1721.907288 -1722.027266 -1722.267722 -1722.768951 -1723.875195 -1726.514139 -1733.555221 -1756.133305 -9999.0 -9999.0
-9999.0 -9999.0 277.073526 181.684718 84.370089 -13.593726 -111.807537 -210.123593 -308.457073 -406.747462 -504.914486 -602.763483 -699.898443 -796.773222 -893.336984 -989.877429 -1086.274187 -1180.366793 -1272.220347 -1360.551899 -1442.098426 -1512.859596 -1570.389898 -1614.630325 -1647.250156 -1670.605790 -1686.998446 -1698.341008 -1706.098827 -1711.349610 -1714.869599 -1717.209375 -1718.753741 -1719.767612 -1720.431045 -1720.866982 -1721.167083 -1721.438440 -1722.000018 -1724.214367 -1731.668145 -1724.865053 -1133.807346 -1161.396110 -1142.107139 -1129.809391 -1124.083117 -1123.263448 -1123.178113 -1123.187420 -1123.210435 -1123.235120 -1123.258833 -1123.280786 -1123.301125 -1123.324458 -1123.395101 -1123.875490 -1126.885666 -1133.648532 -1143.307340 -1102.834285 -1699.023416 -1725.690999 -1722.943811 -1721.979086 -1721.800493 -1721.772052 -1721.768167 -1721.768283 -1721.768967 -1721.769608 -1721.770117 -1721.770506 -1721.770805 -1721.771037 -1721.771221 -1721.771370 -1721.771495 -1721.771606 -1721.771716 -1721.771838 -1721.771992 -1721.772206 -1721.772523 -1721.773010 -1721.773776 -1721.775004 -1721.777003 -1721.780318 -1721.785939 -1721.795726 -1721.813279 -1721.845706 -1721.907288 -1722.027266 -1722.267722 -1722.768951 -1723.875195 -1726.514139 -1733.555221 -1756.133305 -9999.0 -9999.0
-9999.0 -9999.0 277.075024 181.685550 84.370419 -13.593605 -111.807495 -210.123578 -308.457068 -406.747460 -504.914485 -602.763483 -699.898443 -796.773222 -893.336984 -989.877429 -1086.274187 -1180.366793 -1272.220347 -1360.551899 -1442.098426 -1512.859596 -1570.389899 -1614.630325 -1647.250156 -1670.605790 -1686.998446 -1698.341008 -1706.098827 -1711.349610 -1714.869599 -1717.209375 -1718.753741 -1719.767612 -1720.431045 -1720.866982 -1721.167083 -1721.438440 -1722.000018 -1724.214367 -1731.668145 -1724.865053 -1133.807345 -1161.396110 -1142.107139 -1129.809390 -1124.083117 -1123.263448 -1123.178113 -1123.187420 -1123.210435 -1123.235120 -1123.258833 -1123.280786 -1123.301125 -1123.324458 -1123.395101 -1123.875490 -1126.885666 -1133.648532 -1143.307340 -1102.834285 -1699.023416 -1725.690999 -1722.943811 -1721.979086 -1721.800493 -1721.772052 -1721.768167 -1721.768283 -1721.768967 -1721.769608 -1721.770117 -1721.770506 -1721.770805 -1721.771037 -1721.771221 -1721.771370 -1721.771495 -1721.771606 -1721.771716 -1721.771838 -1721.771992 -1721.772206 -1721.772523 -1721.773010 -1721.773776 -1721.775004 -1721.777003 -1721.780318 -1721.785939 -1721.795726 -1721.813279 -1721.845706 -1721.907288 -1722.027266 -1722.267722 -1722.768951 -1723.875195 -1726.514139 -1733.555221 -1756.133305 -9999.0 -9999.0
-9999.0 -9999.0 277.075024 181.685550 84.370420 -13.593605 -111.807495 -210.123578 -308.457068 -406.747460 -504.914485 -602.763483 -699.898443 -796.773222 -893.336984 -989.877429 -1086.274187 -1180.366793 -1272.220347 -1360.551899 -1442.098426 -1512.859596 -1570.389899 -1614.630325 -1647.250156 -1670.605790 -1686.998446 -1698.341008 -1706.098827 -1711.349610 -1714.869599 -1717.209375 -1718.753741 -1719.767612 -1720.431045 -1720.866982 -1721.167083 -1721.438440 -1722.000018 -1724.214367 -1731.668145 -1724.865053 -1133.807345 -1161.396110 -1142.107139 -1129.809390 -1124.083117 -1123.263448 -1123.178113 -1123.187420 -1123.210435 -1123.235120 -1123.258833 -1123.280786 -1123.301125 -1123.324458 -1123.395101 -1123.875490 -1126.885666 -1133.648532 -1143.307340 -1102.834285 -1699.023416 -1725.690999 -1722.943811 -1721.979086 -1721.800493 -1721.772052 -1721.768167 -1721.768283 -1721.768967 -1721.769608 -1721.770117 -1721.770506 -1721.770805 -1721.771037 -1721.771221 -1721.771370 -1721.771495 -1721.771606 -1721.771716 -1721.771838 -1721.771992 -1721.772206 -1721.772523 -1721.773010 -1721.773776 -1721.775004 -1721.777003 -1721.780318 -1721.785939 -1721.795726 -1721.813279 -1721.845706 -1721.907288 -1722.027266 -1722.267722 -1722.768951 -1723.875195 -1726.514139 -1733.555221 -1756.133305 -9999.0 -9999.0
-9999.0 -9999.0 277.073526 181.684718 84.370089 -13.593726 -111.807537 -210.123593 -308.457073 -406.747462 -504.914486 -602.763483 -699.898443 -796.773222 -893.336984 -989.877429 -1086.274187 -1180.366793 -1272.220347 -1360.551899 -1442.098426 -1512.859596 -1570.389898 -1614.630325 -1647.250156 -1670.605790 -1686.998446 -1698.341008 -1706.098827 -1711.349610 -1714.869599 -1717.209375 -1718.753741 -1719.767612 -1720.431045 -1720.866982 -1721.167083 -1721.438440 -1722.000018 -1724.214367 -1731.668145 -1724.865053 -1133.807346 -1161.396110 -1142.107139 -1129.809391 -1124.083117 -1123.263448 -1123.178113 -1123.187420 -1123.210435 -1123.235120 -1123.258833 -1123.280786 -1123.301125 -1123.324458 -1123.395101 -1123.875490 -1126.885666 -1133.648532 -1143.307340 -1102.834285 -1699.023416 -1725.690999 -1722.943811 -1721.979086 -1721.800493 -1721.772052 -1721.768167 -1721.768283 -1721.768967 -1721.769608 -1721.770117 -1721.770506 -1721.770805 -1721.771037 -1721.771221 -1721.771370 -1721.771495 -1721.771606 -1721.771716 -1721.771838 -1721.771992 -1721.772206 -1721.772523 -1721.773010 -1721.773776 -1721.775004 -1721.777003 -1721.780318 -1721.785939 -1721.795726 -1721.813279 -1721.845706 -1721.907288 -1722.027266 -1722.267722 -1722.768951 -1723.875195 -1726.514139 -1733.555221 -1756.133305 -9999.0 -9999.0
-9999.0 -9999.0 277.064878 181.682729 84.369569 -13.593879 -111.807586 -210.123609 -308.457079 -406.747464 -504.914487 -602.763484 -699.898443 -796.773222 -893.336984 -989.877429 -1086.274187 -1180.366792 -1272.220347 -1360.551899 -1442.098426 -1512.859596 -1570.389898 -1614.630325 -1647.250156 -1670.605790 -1686.998446 -1698.341008 -1706.098827 -1711.349610 -1714.869599 -1717.209375 -1718.753741 -1719.767612 -1720.431045 -1720.866982 -1721.167083 -1721.438440 -1722.000018 -1724.214367 -1731.668145 -1724.865053 -1133.807346 -1161.396110 -1142.107139 -1129.809391 -1124.083117 -1123.263448 -1123.178113 -1123.187420 -1123.210435 -1123.235120 -1123.258833 -1123.280786 -1123.301125 -1123.324458 -1123.395101 -1123.875490 -1126.885666 -1133.648532 -1143.307340 -1102.834285 -1699.023416 -1725.690999 -1722.943811 -1721.979086 -1721.800493 -1721.772052 -1721.768167 -1721.768283 -1721.768967 -1721.769608 -1721.770117 -1721.770506 -1721.770805 -1721.771037 -1721.771221 -1721.771370 -1721.771495 -1721.771606 -1721.771716 -1721.771838 -1721.771992 -1721.772206 -1721.772523 -1721.773010 -1721.773776 -1721.775004 -1721.777003 -1721.780318 -1721.785939 -1721.795726 -1721.813279 -1721.845706 -1721.907288 -1722.027266 -1722.267722 -1722.768951 -1723.875195 -1726.514139 -1733.555221 -1756.133305 -9999.0 -9999.0
-9999.0 -9999.0 -9999.0 -9999.0 -9999.0 -9999.0 -9999.0 -9999.0 -9999.0 -9999.0 -9999.0 -9999.0 -9999.0 -9999.0 -9999.0 -9999.0 -9999.0 -9999.0 -9999.0 -9999.0 -9999.0 -9999.0 -9999.0 -9999.0 -9999.0 -9999.0 -9999.0 -9999.0 -9999.0 -9999.0 -9999.0 -9999.0 -9999.0 -9999.0 -9999.0 -9999.0 -9999.0 -9999.0 -9999.0 -9999.0 -9999.0 -9999.0 -9999.0 -9999.0 -9999.0 -9999.0 -9999.0 -9999.0 -9999.0 -9999.0 -9999.0 -9999.0 -9999.0 -9999.0 -9999.0 -9999.0 -9999.0 -9999.0 -9999.0 -9999.0 -9999.0 -9999.0 -9999.0 -9999.0 -9999.0 -9999.0 -9999.0 -9999.0 -9999.0 -9999.0 -9999.0 -9999.0 -9999.0 -9999.0 -9999.0 -9999.0 -9999.0 -9999.0 -9999.0 -9999.0 -9999.0 -9999.0 -9999.0 -9999.0 -9999.0 -9999.0 -9999.0 -9999.0 -9999.0 -9999.0 -9999.0 -9999.0 -9999.0 -9999.0 -9999.0 -9999.0 -9999.0 -9999.0 -9999.0 -9999.0 -9999.0 -9999.0 -9999.0 -9999.0
-9999.0 -9999.0 -9999.0 -9999.0 -9999.0 -9999.0 -9999.0 -9999.0 -9999.0 -9999.0 -9999.0 -9999.0 -9999.0 -9999.0 -9999.0 -9999.0 -9999.0 -9999.0 -9999.0 -9999.0 -9999.0 -9999.0 -9999.0 -9999.0 -9999.0 -9999.0 -9999.0 -9999.0 -9999.0 -9999.0 -9999.0 -9999.0 -9999.0 -9999.0 -9999.0 -9999.0 -9999.0 -9999.0 -9999.0 -9999.0 -9999.0 -9999.0 -9999.0 -9999.0 -9999.0 -9999.0 -9999.0 -9999.0 -9999.0 -9999.0 -9999.0 -9999.0 -9999.0 -9999.0 -9999.0 -9999.0 -9999.0 -9999.0 -9999.0 -9999.0 -9999.0 -9999.0 -9999.0 -9999.0 -9999.0 -9999.0 -9999.0 -9999.0 -9999.0 -9999.0 -9999.0 -9999.0 -9999.0 -9999.0 -9999.0 -9999.0 -9999.0 -9999.0 -9999.0 -9999.0 -9999.0 -9999.0 -9999.0 -9999.0 -9999.0 -9999.0 -9999.0 -9999.0 -9999.0 -9999.0 -9999.0 -9999.0 -9999.0 -9999.0 -9999.0 -9999.0 -9999.0 -9999.0 -9999.0 -9999.0 -9999.0 -9999.0 -9999.0 -9999.0