inst/processing_geotop_simulation/geotop_simulation/out/maps3D/PwL0021N0162.asc
ncols         104
nrows         10
xllcorner     -2.000000
yllcorner     0.000000
cellsize      1.000000
NODATA_value  -9999.0
-9999.0 -9999.0 -9999.0 -9999.0 -9999.0 -9999.0 -9999.0 -9999.0 -9999.0 -9999.0 -9999.0 -9999.0 -9999.0 -9999.0 -9999.0 -9999.0 -9999.0 -9999.0 -9999.0 -9999.0 -9999.0 -9999.0 -9999.0 -9999.0 -9999.0 -9999.0 -9999.0 -9999.0 -9999.0 -9999.0 -9999.0 -9999.0 -9999.0 -9999.0 -9999.0 -9999.0 -9999.0 -9999.0 -9999.0 -9999.0 -9999.0 -9999.0 -9999.0 -9999.0 -9999.0 -9999.0 -9999.0 -9999.0 -9999.0 -9999.0 -9999.0 -9999.0 -9999.0 -9999.0 -9999.0 -9999.0 -9999.0 -9999.0 -9999.0 -9999.0 -9999.0 -9999.0 -9999.0 -9999.0 -9999.0 -9999.0 -9999.0 -9999.0 -9999.0 -9999.0 -9999.0 -9999.0 -9999.0 -9999.0 -9999.0 -9999.0 -9999.0 -9999.0 -9999.0 -9999.0 -9999.0 -9999.0 -9999.0 -9999.0 -9999.0 -9999.0 -9999.0 -9999.0 -9999.0 -9999.0 -9999.0 -9999.0 -9999.0 -9999.0 -9999.0 -9999.0 -9999.0 -9999.0 -9999.0 -9999.0 -9999.0 -9999.0 -9999.0 -9999.0
-9999.0 -9999.0 -9999.0 -9999.0 -9999.0 -9999.0 -9999.0 -9999.0 -9999.0 -9999.0 -9999.0 -9999.0 -9999.0 -9999.0 -9999.0 -9999.0 -9999.0 -9999.0 -9999.0 -9999.0 -9999.0 -9999.0 -9999.0 -9999.0 -9999.0 -9999.0 -9999.0 -9999.0 -9999.0 -9999.0 -9999.0 -9999.0 -9999.0 -9999.0 -9999.0 -9999.0 -9999.0 -9999.0 -9999.0 -9999.0 -9999.0 -9999.0 -9999.0 -9999.0 -9999.0 -9999.0 -9999.0 -9999.0 -9999.0 -9999.0 -9999.0 -9999.0 -9999.0 -9999.0 -9999.0 -9999.0 -9999.0 -9999.0 -9999.0 -9999.0 -9999.0 -9999.0 -9999.0 -9999.0 -9999.0 -9999.0 -9999.0 -9999.0 -9999.0 -9999.0 -9999.0 -9999.0 -9999.0 -9999.0 -9999.0 -9999.0 -9999.0 -9999.0 -9999.0 -9999.0 -9999.0 -9999.0 -9999.0 -9999.0 -9999.0 -9999.0 -9999.0 -9999.0 -9999.0 -9999.0 -9999.0 -9999.0 -9999.0 -9999.0 -9999.0 -9999.0 -9999.0 -9999.0 -9999.0 -9999.0 -9999.0 -9999.0 -9999.0 -9999.0
-9999.0 -9999.0 1032.523813 937.371737 842.007016 746.083577 649.835126 553.437183 456.990502 360.551053 264.150201 167.805721 71.527572 -24.667765 -120.766701 -216.721859 -312.414856 -407.636228 -501.999018 -594.733075 -686.093811 -777.025488 -866.366798 -953.867599 -1030.417546 -1088.399935 -1134.091903 -1168.464317 -1193.276544 -1210.571372 -1222.287472 -1230.048821 -1235.104598 -1238.359080 -1240.438510 -1241.765357 -1242.627233 -1243.256796 -1244.074290 -1246.946786 -1261.267139 -1342.069530 -1748.518627 -3682.364528 -3935.453866 -3935.421764 -3926.903910 -3841.187021 -3600.307452 -3282.791988 -2985.344230 -2717.412171 -2557.718971 -2458.155569 -2368.457120 -2277.392714 -2181.930724 -2083.393804 -1985.129379 -1889.877165 -1789.944321 -1406.966016 -1302.803400 -1254.567058 -1245.873255 -1244.532360 -1244.339348 -1244.311249 -1244.307701 -1244.308121 -1244.309075 -1244.309935 -1244.310613 -1244.311135 -1244.311537 -1244.311851 -1244.312102 -1244.312306 -1244.312478 -1244.312631 -1244.312781 -1244.312945 -1244.313150 -1244.313431 -1244.313843 -1244.314472 -1244.315459 -1244.317037 -1244.319599 -1244.323838 -1244.331011 -1244.343474 -1244.365783 -1244.406943 -1244.485107 -1244.637767 -1244.946003 -1245.599084 -1247.078262 -1250.675990 -1259.974992 -1286.226230 -9999.0 -9999.0
-9999.0 -9999.0 1032.526886 937.372959 842.007428 746.083713 649.835173 553.437199 456.990508 360.551055 264.150202 167.805721 71.527572 -24.667765 -120.766701 -216.721859 -312.414856 -407.636228 -501.999018 -594.733076 -686.093811 -777.025489 -866.366798 -953.867599 -1030.417546 -1088.399936 -1134.091903 -1168.464317 -1193.276544 -1210.571372 -1222.287472 -1230.048821 -1235.104598 -1238.359080 -1240.438510 -1241.765357 -1242.627233 -1243.256796 -1244.074290 -1246.946786 -1261.267139 -1342.069530 -1748.518626 -3682.364527 -3935.453866 -3935.421764 -3926.903910 -3841.187021 -3600.307452 -3282.791986 -2985.344226 -2717.412169 -2557.718970 -2458.155569 -2368.457119 -2277.392714 -2181.930723 -2083.393804 -1985.129378 -1889.877165 -1789.944322 -1406.966016 -1302.803400 -1254.567058 -1245.873255 -1244.532360 -1244.339348 -1244.311249 -1244.307701 -1244.308121 -1244.309075 -1244.309935 -1244.310613 -1244.311135 -1244.311537 -1244.311851 -1244.312102 -1244.312306 -1244.312478 -1244.312631 -1244.312781 -1244.312945 -1244.313150 -1244.313431 -1244.313843 -1244.314472 -1244.315459 -1244.317037 -1244.319599 -1244.323838 -1244.331011 -1244.343474 -1244.365783 -1244.406943 -1244.485107 -1244.637767 -1244.946003 -1245.599084 -1247.078262 -1250.675990 -1259.974992 -1286.226230 -9999.0 -9999.0
-9999.0 -9999.0 1032.528128 937.373633 842.007716 746.083825 649.835214 553.437214 456.990513 360.551057 264.150203 167.805721 71.527572 -24.667765 -120.766701 -216.721859 -312.414856 -407.636228 -501.999018 -594.733076 -686.093812 -777.025489 -866.366798 -953.867599 -1030.417546 -1088.399936 -1134.091903 -1168.464318 -1193.276544 -1210.571372 -1222.287472 -1230.048821 -1235.104598 -1238.359080 -1240.438510 -1241.765357 -1242.627233 -1243.256796 -1244.074290 -1246.946786 -1261.267139 -1342.069530 -1748.518626 -3682.364526 -3935.453866 -3935.421764 -3926.903910 -3841.187020 -3600.307451 -3282.791984 -2985.344224 -2717.412168 -2557.718970 -2458.155569 -2368.457119 -2277.392713 -2181.930723 -2083.393804 -1985.129378 -1889.877165 -1789.944321 -1406.966016 -1302.803400 -1254.567058 -1245.873255 -1244.532360 -1244.339348 -1244.311249 -1244.307701 -1244.308121 -1244.309075 -1244.309935 -1244.310613 -1244.311135 -1244.311537 -1244.311851 -1244.312102 -1244.312306 -1244.312478 -1244.312631 -1244.312781 -1244.312945 -1244.313150 -1244.313431 -1244.313843 -1244.314472 -1244.315459 -1244.317037 -1244.319599 -1244.323838 -1244.331011 -1244.343474 -1244.365783 -1244.406943 -1244.485107 -1244.637767 -1244.946003 -1245.599084 -1247.078262 -1250.675990 -1259.974992 -1286.226230 -9999.0 -9999.0
-9999.0 -9999.0 1032.528129 937.373633 842.007716 746.083825 649.835214 553.437214 456.990514 360.551057 264.150203 167.805721 71.527572 -24.667765 -120.766701 -216.721859 -312.414856 -407.636229 -501.999018 -594.733076 -686.093811 -777.025489 -866.366798 -953.867599 -1030.417546 -1088.399936 -1134.091903 -1168.464318 -1193.276544 -1210.571372 -1222.287472 -1230.048821 -1235.104598 -1238.359080 -1240.438510 -1241.765357 -1242.627233 -1243.256796 -1244.074290 -1246.946786 -1261.267139 -1342.069530 -1748.518626 -3682.364527 -3935.453866 -3935.421764 -3926.903910 -3841.187020 -3600.307452 -3282.791985 -2985.344224 -2717.412169 -2557.718970 -2458.155569 -2368.457119 -2277.392713 -2181.930723 -2083.393804 -1985.129378 -1889.877165 -1789.944321 -1406.966016 -1302.803400 -1254.567058 -1245.873255 -1244.532360 -1244.339348 -1244.311249 -1244.307701 -1244.308121 -1244.309075 -1244.309935 -1244.310613 -1244.311135 -1244.311537 -1244.311851 -1244.312102 -1244.312306 -1244.312478 -1244.312631 -1244.312781 -1244.312945 -1244.313150 -1244.313431 -1244.313843 -1244.314472 -1244.315459 -1244.317037 -1244.319599 -1244.323838 -1244.331011 -1244.343474 -1244.365783 -1244.406943 -1244.485107 -1244.637767 -1244.946003 -1245.599084 -1247.078262 -1250.675990 -1259.974992 -1286.226230 -9999.0 -9999.0
-9999.0 -9999.0 1032.526886 937.372959 842.007428 746.083713 649.835173 553.437199 456.990508 360.551055 264.150202 167.805721 71.527572 -24.667765 -120.766701 -216.721859 -312.414856 -407.636228 -501.999018 -594.733076 -686.093811 -777.025489 -866.366798 -953.867599 -1030.417546 -1088.399936 -1134.091903 -1168.464317 -1193.276544 -1210.571372 -1222.287472 -1230.048821 -1235.104598 -1238.359080 -1240.438510 -1241.765357 -1242.627233 -1243.256796 -1244.074290 -1246.946786 -1261.267139 -1342.069530 -1748.518626 -3682.364527 -3935.453866 -3935.421764 -3926.903910 -3841.187021 -3600.307452 -3282.791985 -2985.344226 -2717.412169 -2557.718970 -2458.155569 -2368.457119 -2277.392713 -2181.930723 -2083.393804 -1985.129378 -1889.877165 -1789.944322 -1406.966016 -1302.803400 -1254.567058 -1245.873255 -1244.532360 -1244.339348 -1244.311249 -1244.307701 -1244.308121 -1244.309075 -1244.309935 -1244.310613 -1244.311135 -1244.311537 -1244.311851 -1244.312102 -1244.312306 -1244.312478 -1244.312631 -1244.312781 -1244.312945 -1244.313150 -1244.313431 -1244.313843 -1244.314472 -1244.315459 -1244.317037 -1244.319599 -1244.323838 -1244.331011 -1244.343474 -1244.365783 -1244.406943 -1244.485107 -1244.637767 -1244.946003 -1245.599084 -1247.078262 -1250.675990 -1259.974992 -1286.226230 -9999.0 -9999.0
-9999.0 -9999.0 1032.523814 937.371737 842.007016 746.083577 649.835126 553.437183 456.990502 360.551053 264.150201 167.805720 71.527572 -24.667765 -120.766701 -216.721859 -312.414855 -407.636228 -501.999018 -594.733075 -686.093811 -777.025488 -866.366798 -953.867599 -1030.417546 -1088.399935 -1134.091903 -1168.464317 -1193.276544 -1210.571372 -1222.287472 -1230.048821 -1235.104598 -1238.359080 -1240.438510 -1241.765357 -1242.627233 -1243.256796 -1244.074290 -1246.946786 -1261.267139 -1342.069530 -1748.518627 -3682.364528 -3935.453866 -3935.421764 -3926.903910 -3841.187021 -3600.307452 -3282.791989 -2985.344230 -2717.412171 -2557.718971 -2458.155569 -2368.457119 -2277.392714 -2181.930724 -2083.393804 -1985.129379 -1889.877165 -1789.944322 -1406.966016 -1302.803400 -1254.567058 -1245.873255 -1244.532360 -1244.339348 -1244.311249 -1244.307701 -1244.308121 -1244.309075 -1244.309935 -1244.310613 -1244.311135 -1244.311537 -1244.311851 -1244.312102 -1244.312306 -1244.312478 -1244.312631 -1244.312781 -1244.312945 -1244.313150 -1244.313431 -1244.313843 -1244.314472 -1244.315459 -1244.317037 -1244.319599 -1244.323838 -1244.331011 -1244.343474 -1244.365783 -1244.406943 -1244.485107 -1244.637767 -1244.946003 -1245.599084 -1247.078262 -1250.675990 -1259.974992 -1286.226230 -9999.0 -9999.0
-9999.0 -9999.0 -9999.0 -9999.0 -9999.0 -9999.0 -9999.0 -9999.0 -9999.0 -9999.0 -9999.0 -9999.0 -9999.0 -9999.0 -9999.0 -9999.0 -9999.0 -9999.0 -9999.0 -9999.0 -9999.0 -9999.0 -9999.0 -9999.0 -9999.0 -9999.0 -9999.0 -9999.0 -9999.0 -9999.0 -9999.0 -9999.0 -9999.0 -9999.0 -9999.0 -9999.0 -9999.0 -9999.0 -9999.0 -9999.0 -9999.0 -9999.0 -9999.0 -9999.0 -9999.0 -9999.0 -9999.0 -9999.0 -9999.0 -9999.0 -9999.0 -9999.0 -9999.0 -9999.0 -9999.0 -9999.0 -9999.0 -9999.0 -9999.0 -9999.0 -9999.0 -9999.0 -9999.0 -9999.0 -9999.0 -9999.0 -9999.0 -9999.0 -9999.0 -9999.0 -9999.0 -9999.0 -9999.0 -9999.0 -9999.0 -9999.0 -9999.0 -9999.0 -9999.0 -9999.0 -9999.0 -9999.0 -9999.0 -9999.0 -9999.0 -9999.0 -9999.0 -9999.0 -9999.0 -9999.0 -9999.0 -9999.0 -9999.0 -9999.0 -9999.0 -9999.0 -9999.0 -9999.0 -9999.0 -9999.0 -9999.0 -9999.0 -9999.0 -9999.0
-9999.0 -9999.0 -9999.0 -9999.0 -9999.0 -9999.0 -9999.0 -9999.0 -9999.0 -9999.0 -9999.0 -9999.0 -9999.0 -9999.0 -9999.0 -9999.0 -9999.0 -9999.0 -9999.0 -9999.0 -9999.0 -9999.0 -9999.0 -9999.0 -9999.0 -9999.0 -9999.0 -9999.0 -9999.0 -9999.0 -9999.0 -9999.0 -9999.0 -9999.0 -9999.0 -9999.0 -9999.0 -9999.0 -9999.0 -9999.0 -9999.0 -9999.0 -9999.0 -9999.0 -9999.0 -9999.0 -9999.0 -9999.0 -9999.0 -9999.0 -9999.0 -9999.0 -9999.0 -9999.0 -9999.0 -9999.0 -9999.0 -9999.0 -9999.0 -9999.0 -9999.0 -9999.0 -9999.0 -9999.0 -9999.0 -9999.0 -9999.0 -9999.0 -9999.0 -9999.0 -9999.0 -9999.0 -9999.0 -9999.0 -9999.0 -9999.0 -9999.0 -9999.0 -9999.0 -9999.0 -9999.0 -9999.0 -9999.0 -9999.0 -9999.0 -9999.0 -9999.0 -9999.0 -9999.0 -9999.0 -9999.0 -9999.0 -9999.0 -9999.0 -9999.0 -9999.0 -9999.0 -9999.0 -9999.0 -9999.0 -9999.0 -9999.0 -9999.0 -9999.0