inst/processing_geotop_simulation/geotop_simulation/out/maps3D/PwL0013N0058.asc
ncols         104
nrows         10
xllcorner     -2.000000
yllcorner     0.000000
cellsize      1.000000
NODATA_value  -9999.0
-9999.0 -9999.0 -9999.0 -9999.0 -9999.0 -9999.0 -9999.0 -9999.0 -9999.0 -9999.0 -9999.0 -9999.0 -9999.0 -9999.0 -9999.0 -9999.0 -9999.0 -9999.0 -9999.0 -9999.0 -9999.0 -9999.0 -9999.0 -9999.0 -9999.0 -9999.0 -9999.0 -9999.0 -9999.0 -9999.0 -9999.0 -9999.0 -9999.0 -9999.0 -9999.0 -9999.0 -9999.0 -9999.0 -9999.0 -9999.0 -9999.0 -9999.0 -9999.0 -9999.0 -9999.0 -9999.0 -9999.0 -9999.0 -9999.0 -9999.0 -9999.0 -9999.0 -9999.0 -9999.0 -9999.0 -9999.0 -9999.0 -9999.0 -9999.0 -9999.0 -9999.0 -9999.0 -9999.0 -9999.0 -9999.0 -9999.0 -9999.0 -9999.0 -9999.0 -9999.0 -9999.0 -9999.0 -9999.0 -9999.0 -9999.0 -9999.0 -9999.0 -9999.0 -9999.0 -9999.0 -9999.0 -9999.0 -9999.0 -9999.0 -9999.0 -9999.0 -9999.0 -9999.0 -9999.0 -9999.0 -9999.0 -9999.0 -9999.0 -9999.0 -9999.0 -9999.0 -9999.0 -9999.0 -9999.0 -9999.0 -9999.0 -9999.0 -9999.0 -9999.0
-9999.0 -9999.0 -9999.0 -9999.0 -9999.0 -9999.0 -9999.0 -9999.0 -9999.0 -9999.0 -9999.0 -9999.0 -9999.0 -9999.0 -9999.0 -9999.0 -9999.0 -9999.0 -9999.0 -9999.0 -9999.0 -9999.0 -9999.0 -9999.0 -9999.0 -9999.0 -9999.0 -9999.0 -9999.0 -9999.0 -9999.0 -9999.0 -9999.0 -9999.0 -9999.0 -9999.0 -9999.0 -9999.0 -9999.0 -9999.0 -9999.0 -9999.0 -9999.0 -9999.0 -9999.0 -9999.0 -9999.0 -9999.0 -9999.0 -9999.0 -9999.0 -9999.0 -9999.0 -9999.0 -9999.0 -9999.0 -9999.0 -9999.0 -9999.0 -9999.0 -9999.0 -9999.0 -9999.0 -9999.0 -9999.0 -9999.0 -9999.0 -9999.0 -9999.0 -9999.0 -9999.0 -9999.0 -9999.0 -9999.0 -9999.0 -9999.0 -9999.0 -9999.0 -9999.0 -9999.0 -9999.0 -9999.0 -9999.0 -9999.0 -9999.0 -9999.0 -9999.0 -9999.0 -9999.0 -9999.0 -9999.0 -9999.0 -9999.0 -9999.0 -9999.0 -9999.0 -9999.0 -9999.0 -9999.0 -9999.0 -9999.0 -9999.0 -9999.0 -9999.0
-9999.0 -9999.0 -182.519627 -287.578092 -400.618629 -525.222513 -656.661833 -772.092338 -846.876226 -878.145457 -874.602632 -854.967461 -832.632667 -808.846935 -788.718052 -775.301919 -789.716720 -828.233367 -865.910751 -904.418021 -910.811217 -889.709090 -877.436423 -872.362047 -872.374930 -875.598955 -880.516960 -885.985162 -891.232989 -895.827427 -899.593025 -902.524799 -904.714438 -906.293516 -907.396965 -908.145666 -908.653950 -909.066064 -909.473269 -909.825765 -914.740278 -990.519762 -2240.835020 -4329.159382 -4331.683142 -4331.683168 -4331.683168 -4331.683168 -4331.683168 -4331.683168 -4331.683168 -4331.683168 -4331.683168 -4331.683168 -4331.683168 -4331.683168 -4331.683168 -4331.683168 -4331.683168 -4331.683119 -4327.737646 -2140.949502 -971.026310 -914.186490 -910.441063 -909.900366 -909.785564 -909.764977 -909.764887 -909.768469 -909.772041 -909.774912 -909.777093 -909.778738 -909.779993 -909.780967 -909.781739 -909.782360 -909.782873 -909.783320 -909.783749 -909.784214 -909.784788 -909.785574 -909.786726 -909.788486 -909.791239 -909.795615 -909.802662 -909.814174 -909.833321 -909.865903 -909.922910 -910.025771 -910.217033 -910.581695 -911.289396 -912.681173 -915.475457 -921.365973 -934.842495 -967.493985 -9999.0 -9999.0
-9999.0 -9999.0 -182.519626 -287.578091 -400.618626 -525.222511 -656.661830 -772.092336 -846.876226 -878.145458 -874.602632 -854.967461 -832.632667 -808.846935 -788.718052 -775.301919 -789.716720 -828.233367 -865.910751 -904.418021 -910.811217 -889.709090 -877.436423 -872.362047 -872.374930 -875.598955 -880.516960 -885.985162 -891.232989 -895.827427 -899.593025 -902.524799 -904.714438 -906.293516 -907.396965 -908.145666 -908.653950 -909.066064 -909.473269 -909.825765 -914.740278 -990.519762 -2240.835020 -4329.159382 -4331.683142 -4331.683168 -4331.683168 -4331.683168 -4331.683168 -4331.683168 -4331.683168 -4331.683168 -4331.683168 -4331.683168 -4331.683168 -4331.683168 -4331.683168 -4331.683168 -4331.683168 -4331.683119 -4327.737646 -2140.949502 -971.026310 -914.186490 -910.441063 -909.900366 -909.785564 -909.764977 -909.764887 -909.768469 -909.772041 -909.774912 -909.777093 -909.778738 -909.779993 -909.780967 -909.781739 -909.782360 -909.782873 -909.783320 -909.783749 -909.784214 -909.784788 -909.785574 -909.786726 -909.788486 -909.791239 -909.795615 -909.802662 -909.814174 -909.833321 -909.865903 -909.922910 -910.025771 -910.217033 -910.581695 -911.289396 -912.681173 -915.475457 -921.365973 -934.842495 -967.493985 -9999.0 -9999.0
-9999.0 -9999.0 -182.519626 -287.578090 -400.618626 -525.222508 -656.661829 -772.092336 -846.876227 -878.145458 -874.602632 -854.967461 -832.632667 -808.846935 -788.718052 -775.301919 -789.716720 -828.233367 -865.910751 -904.418021 -910.811217 -889.709090 -877.436423 -872.362047 -872.374930 -875.598955 -880.516960 -885.985162 -891.232989 -895.827427 -899.593025 -902.524799 -904.714438 -906.293516 -907.396965 -908.145666 -908.653950 -909.066064 -909.473269 -909.825765 -914.740278 -990.519762 -2240.835020 -4329.159382 -4331.683142 -4331.683168 -4331.683168 -4331.683168 -4331.683168 -4331.683168 -4331.683168 -4331.683168 -4331.683168 -4331.683168 -4331.683168 -4331.683168 -4331.683168 -4331.683168 -4331.683168 -4331.683119 -4327.737646 -2140.949502 -971.026310 -914.186490 -910.441063 -909.900366 -909.785564 -909.764977 -909.764887 -909.768469 -909.772041 -909.774912 -909.777093 -909.778738 -909.779993 -909.780967 -909.781739 -909.782360 -909.782873 -909.783320 -909.783749 -909.784214 -909.784788 -909.785574 -909.786726 -909.788486 -909.791239 -909.795615 -909.802662 -909.814174 -909.833321 -909.865903 -909.922910 -910.025771 -910.217033 -910.581695 -911.289396 -912.681173 -915.475457 -921.365973 -934.842495 -967.493985 -9999.0 -9999.0
-9999.0 -9999.0 -182.519626 -287.578090 -400.618626 -525.222508 -656.661829 -772.092336 -846.876227 -878.145458 -874.602632 -854.967461 -832.632667 -808.846935 -788.718052 -775.301919 -789.716720 -828.233367 -865.910751 -904.418021 -910.811217 -889.709090 -877.436423 -872.362047 -872.374930 -875.598955 -880.516960 -885.985162 -891.232989 -895.827427 -899.593025 -902.524799 -904.714438 -906.293516 -907.396965 -908.145666 -908.653950 -909.066064 -909.473269 -909.825765 -914.740278 -990.519762 -2240.835020 -4329.159382 -4331.683142 -4331.683168 -4331.683168 -4331.683168 -4331.683168 -4331.683168 -4331.683168 -4331.683168 -4331.683168 -4331.683168 -4331.683168 -4331.683168 -4331.683168 -4331.683168 -4331.683168 -4331.683119 -4327.737646 -2140.949502 -971.026310 -914.186490 -910.441063 -909.900366 -909.785564 -909.764977 -909.764887 -909.768469 -909.772041 -909.774912 -909.777093 -909.778738 -909.779993 -909.780967 -909.781739 -909.782360 -909.782873 -909.783320 -909.783749 -909.784214 -909.784788 -909.785574 -909.786726 -909.788486 -909.791239 -909.795615 -909.802662 -909.814174 -909.833321 -909.865903 -909.922910 -910.025771 -910.217033 -910.581695 -911.289396 -912.681173 -915.475457 -921.365973 -934.842495 -967.493985 -9999.0 -9999.0
-9999.0 -9999.0 -182.519627 -287.578090 -400.618626 -525.222511 -656.661830 -772.092336 -846.876226 -878.145458 -874.602632 -854.967461 -832.632667 -808.846935 -788.718052 -775.301919 -789.716720 -828.233367 -865.910751 -904.418021 -910.811217 -889.709090 -877.436423 -872.362047 -872.374930 -875.598955 -880.516960 -885.985162 -891.232989 -895.827427 -899.593025 -902.524799 -904.714438 -906.293516 -907.396965 -908.145666 -908.653950 -909.066064 -909.473269 -909.825765 -914.740278 -990.519762 -2240.835020 -4329.159382 -4331.683142 -4331.683168 -4331.683168 -4331.683168 -4331.683168 -4331.683168 -4331.683168 -4331.683168 -4331.683168 -4331.683168 -4331.683168 -4331.683168 -4331.683168 -4331.683168 -4331.683168 -4331.683119 -4327.737646 -2140.949502 -971.026310 -914.186490 -910.441063 -909.900366 -909.785564 -909.764977 -909.764887 -909.768469 -909.772041 -909.774912 -909.777093 -909.778738 -909.779993 -909.780967 -909.781739 -909.782360 -909.782873 -909.783320 -909.783749 -909.784214 -909.784788 -909.785574 -909.786726 -909.788486 -909.791239 -909.795615 -909.802662 -909.814174 -909.833321 -909.865903 -909.922910 -910.025771 -910.217033 -910.581695 -911.289396 -912.681173 -915.475457 -921.365973 -934.842495 -967.493985 -9999.0 -9999.0
-9999.0 -9999.0 -182.519626 -287.578092 -400.618628 -525.222513 -656.661833 -772.092337 -846.876226 -878.145457 -874.602632 -854.967461 -832.632667 -808.846935 -788.718052 -775.301919 -789.716720 -828.233367 -865.910751 -904.418021 -910.811217 -889.709090 -877.436423 -872.362047 -872.374930 -875.598955 -880.516960 -885.985162 -891.232989 -895.827427 -899.593025 -902.524799 -904.714438 -906.293516 -907.396965 -908.145666 -908.653950 -909.066064 -909.473269 -909.825765 -914.740278 -990.519762 -2240.835020 -4329.159382 -4331.683142 -4331.683168 -4331.683168 -4331.683168 -4331.683168 -4331.683168 -4331.683168 -4331.683168 -4331.683168 -4331.683168 -4331.683168 -4331.683168 -4331.683168 -4331.683168 -4331.683168 -4331.683119 -4327.737646 -2140.949502 -971.026310 -914.186490 -910.441063 -909.900366 -909.785564 -909.764977 -909.764887 -909.768469 -909.772041 -909.774912 -909.777093 -909.778738 -909.779993 -909.780967 -909.781739 -909.782360 -909.782873 -909.783320 -909.783749 -909.784214 -909.784788 -909.785574 -909.786726 -909.788486 -909.791239 -909.795615 -909.802662 -909.814174 -909.833321 -909.865903 -909.922910 -910.025771 -910.217033 -910.581695 -911.289396 -912.681173 -915.475457 -921.365973 -934.842495 -967.493985 -9999.0 -9999.0
-9999.0 -9999.0 -9999.0 -9999.0 -9999.0 -9999.0 -9999.0 -9999.0 -9999.0 -9999.0 -9999.0 -9999.0 -9999.0 -9999.0 -9999.0 -9999.0 -9999.0 -9999.0 -9999.0 -9999.0 -9999.0 -9999.0 -9999.0 -9999.0 -9999.0 -9999.0 -9999.0 -9999.0 -9999.0 -9999.0 -9999.0 -9999.0 -9999.0 -9999.0 -9999.0 -9999.0 -9999.0 -9999.0 -9999.0 -9999.0 -9999.0 -9999.0 -9999.0 -9999.0 -9999.0 -9999.0 -9999.0 -9999.0 -9999.0 -9999.0 -9999.0 -9999.0 -9999.0 -9999.0 -9999.0 -9999.0 -9999.0 -9999.0 -9999.0 -9999.0 -9999.0 -9999.0 -9999.0 -9999.0 -9999.0 -9999.0 -9999.0 -9999.0 -9999.0 -9999.0 -9999.0 -9999.0 -9999.0 -9999.0 -9999.0 -9999.0 -9999.0 -9999.0 -9999.0 -9999.0 -9999.0 -9999.0 -9999.0 -9999.0 -9999.0 -9999.0 -9999.0 -9999.0 -9999.0 -9999.0 -9999.0 -9999.0 -9999.0 -9999.0 -9999.0 -9999.0 -9999.0 -9999.0 -9999.0 -9999.0 -9999.0 -9999.0 -9999.0 -9999.0
-9999.0 -9999.0 -9999.0 -9999.0 -9999.0 -9999.0 -9999.0 -9999.0 -9999.0 -9999.0 -9999.0 -9999.0 -9999.0 -9999.0 -9999.0 -9999.0 -9999.0 -9999.0 -9999.0 -9999.0 -9999.0 -9999.0 -9999.0 -9999.0 -9999.0 -9999.0 -9999.0 -9999.0 -9999.0 -9999.0 -9999.0 -9999.0 -9999.0 -9999.0 -9999.0 -9999.0 -9999.0 -9999.0 -9999.0 -9999.0 -9999.0 -9999.0 -9999.0 -9999.0 -9999.0 -9999.0 -9999.0 -9999.0 -9999.0 -9999.0 -9999.0 -9999.0 -9999.0 -9999.0 -9999.0 -9999.0 -9999.0 -9999.0 -9999.0 -9999.0 -9999.0 -9999.0 -9999.0 -9999.0 -9999.0 -9999.0 -9999.0 -9999.0 -9999.0 -9999.0 -9999.0 -9999.0 -9999.0 -9999.0 -9999.0 -9999.0 -9999.0 -9999.0 -9999.0 -9999.0 -9999.0 -9999.0 -9999.0 -9999.0 -9999.0 -9999.0 -9999.0 -9999.0 -9999.0 -9999.0 -9999.0 -9999.0 -9999.0 -9999.0 -9999.0 -9999.0 -9999.0 -9999.0 -9999.0 -9999.0 -9999.0 -9999.0 -9999.0 -9999.0