inst/processing_geotop_simulation/geotop_simulation/out/maps3D/PwL0009N0126.asc
ncols         104
nrows         10
xllcorner     -2.000000
yllcorner     0.000000
cellsize      1.000000
NODATA_value  -9999.0
-9999.0 -9999.0 -9999.0 -9999.0 -9999.0 -9999.0 -9999.0 -9999.0 -9999.0 -9999.0 -9999.0 -9999.0 -9999.0 -9999.0 -9999.0 -9999.0 -9999.0 -9999.0 -9999.0 -9999.0 -9999.0 -9999.0 -9999.0 -9999.0 -9999.0 -9999.0 -9999.0 -9999.0 -9999.0 -9999.0 -9999.0 -9999.0 -9999.0 -9999.0 -9999.0 -9999.0 -9999.0 -9999.0 -9999.0 -9999.0 -9999.0 -9999.0 -9999.0 -9999.0 -9999.0 -9999.0 -9999.0 -9999.0 -9999.0 -9999.0 -9999.0 -9999.0 -9999.0 -9999.0 -9999.0 -9999.0 -9999.0 -9999.0 -9999.0 -9999.0 -9999.0 -9999.0 -9999.0 -9999.0 -9999.0 -9999.0 -9999.0 -9999.0 -9999.0 -9999.0 -9999.0 -9999.0 -9999.0 -9999.0 -9999.0 -9999.0 -9999.0 -9999.0 -9999.0 -9999.0 -9999.0 -9999.0 -9999.0 -9999.0 -9999.0 -9999.0 -9999.0 -9999.0 -9999.0 -9999.0 -9999.0 -9999.0 -9999.0 -9999.0 -9999.0 -9999.0 -9999.0 -9999.0 -9999.0 -9999.0 -9999.0 -9999.0 -9999.0 -9999.0
-9999.0 -9999.0 -9999.0 -9999.0 -9999.0 -9999.0 -9999.0 -9999.0 -9999.0 -9999.0 -9999.0 -9999.0 -9999.0 -9999.0 -9999.0 -9999.0 -9999.0 -9999.0 -9999.0 -9999.0 -9999.0 -9999.0 -9999.0 -9999.0 -9999.0 -9999.0 -9999.0 -9999.0 -9999.0 -9999.0 -9999.0 -9999.0 -9999.0 -9999.0 -9999.0 -9999.0 -9999.0 -9999.0 -9999.0 -9999.0 -9999.0 -9999.0 -9999.0 -9999.0 -9999.0 -9999.0 -9999.0 -9999.0 -9999.0 -9999.0 -9999.0 -9999.0 -9999.0 -9999.0 -9999.0 -9999.0 -9999.0 -9999.0 -9999.0 -9999.0 -9999.0 -9999.0 -9999.0 -9999.0 -9999.0 -9999.0 -9999.0 -9999.0 -9999.0 -9999.0 -9999.0 -9999.0 -9999.0 -9999.0 -9999.0 -9999.0 -9999.0 -9999.0 -9999.0 -9999.0 -9999.0 -9999.0 -9999.0 -9999.0 -9999.0 -9999.0 -9999.0 -9999.0 -9999.0 -9999.0 -9999.0 -9999.0 -9999.0 -9999.0 -9999.0 -9999.0 -9999.0 -9999.0 -9999.0 -9999.0 -9999.0 -9999.0 -9999.0 -9999.0
-9999.0 -9999.0 437.820133 349.706378 257.578535 163.697324 69.082484 -25.826703 -120.826570 -215.818294 -310.696451 -405.366481 -499.951823 -595.514000 -692.816781 -788.915402 -884.688569 -978.979687 -1070.045512 -1154.981558 -1218.673711 -1262.063883 -1289.118675 -1305.102841 -1314.440428 -1320.076378 -1323.702268 -1326.192713 -1327.977377 -1329.276566 -1330.221226 -1330.901800 -1331.386476 -1331.727473 -1331.964324 -1332.128299 -1332.251234 -1332.381034 -1332.654630 -1334.057620 -1343.109848 -1393.320460 -1396.591547 -1664.063469 -1556.666745 -1496.399117 -1469.684914 -1466.384702 -1466.056209 -1466.092189 -1466.179760 -1466.273410 -1466.363275 -1466.446414 -1466.523203 -1466.609313 -1466.861745 -1468.674646 -1482.157371 -1513.526041 -1567.412270 -1282.338677 -1368.210452 -1339.090592 -1333.497216 -1332.709677 -1332.595484 -1332.577242 -1332.575397 -1332.576524 -1332.577948 -1332.579145 -1332.580067 -1332.580765 -1332.581297 -1332.581709 -1332.582035 -1332.582297 -1332.582515 -1332.582707 -1332.582894 -1332.583099 -1332.583356 -1332.583712 -1332.584236 -1332.585042 -1332.586306 -1332.588325 -1332.591593 -1332.596971 -1332.605997 -1332.621529 -1332.649036 -1332.699241 -1332.793478 -1332.974543 -1333.329454 -1334.042018 -1335.530710 -1338.840796 -1346.847915 -1369.473566 -9999.0 -9999.0
-9999.0 -9999.0 437.827730 349.708421 257.579097 163.697492 69.082538 -25.826685 -120.826564 -215.818291 -310.696451 -405.366480 -499.951823 -595.514000 -692.816781 -788.915402 -884.688570 -978.979687 -1070.045512 -1154.981558 -1218.673711 -1262.063883 -1289.118675 -1305.102841 -1314.440428 -1320.076378 -1323.702268 -1326.192713 -1327.977377 -1329.276566 -1330.221226 -1330.901800 -1331.386476 -1331.727473 -1331.964324 -1332.128299 -1332.251234 -1332.381034 -1332.654630 -1334.057620 -1343.109848 -1393.320460 -1396.591546 -1664.063468 -1556.666744 -1496.399116 -1469.684914 -1466.384702 -1466.056209 -1466.092189 -1466.179760 -1466.273410 -1466.363275 -1466.446414 -1466.523203 -1466.609313 -1466.861745 -1468.674646 -1482.157371 -1513.526041 -1567.412270 -1282.338677 -1368.210452 -1339.090592 -1333.497216 -1332.709677 -1332.595484 -1332.577242 -1332.575397 -1332.576524 -1332.577948 -1332.579145 -1332.580067 -1332.580765 -1332.581297 -1332.581709 -1332.582035 -1332.582297 -1332.582515 -1332.582707 -1332.582894 -1332.583099 -1332.583356 -1332.583712 -1332.584236 -1332.585042 -1332.586306 -1332.588325 -1332.591593 -1332.596971 -1332.605997 -1332.621529 -1332.649036 -1332.699241 -1332.793478 -1332.974543 -1333.329454 -1334.042018 -1335.530710 -1338.840796 -1346.847915 -1369.473566 -9999.0 -9999.0
-9999.0 -9999.0 437.829412 349.709317 257.579457 163.697625 69.082586 -25.826668 -120.826558 -215.818289 -310.696450 -405.366480 -499.951823 -595.514000 -692.816781 -788.915402 -884.688570 -978.979687 -1070.045512 -1154.981558 -1218.673711 -1262.063883 -1289.118675 -1305.102841 -1314.440428 -1320.076378 -1323.702268 -1326.192713 -1327.977377 -1329.276566 -1330.221226 -1330.901800 -1331.386476 -1331.727473 -1331.964324 -1332.128299 -1332.251234 -1332.381034 -1332.654630 -1334.057620 -1343.109848 -1393.320460 -1396.591546 -1664.063468 -1556.666744 -1496.399115 -1469.684914 -1466.384702 -1466.056209 -1466.092189 -1466.179760 -1466.273410 -1466.363275 -1466.446414 -1466.523203 -1466.609313 -1466.861745 -1468.674646 -1482.157371 -1513.526041 -1567.412269 -1282.338677 -1368.210452 -1339.090592 -1333.497216 -1332.709677 -1332.595484 -1332.577242 -1332.575397 -1332.576524 -1332.577948 -1332.579145 -1332.580067 -1332.580765 -1332.581297 -1332.581709 -1332.582035 -1332.582297 -1332.582515 -1332.582707 -1332.582894 -1332.583099 -1332.583356 -1332.583712 -1332.584236 -1332.585042 -1332.586306 -1332.588325 -1332.591593 -1332.596971 -1332.605997 -1332.621529 -1332.649036 -1332.699241 -1332.793478 -1332.974543 -1333.329454 -1334.042018 -1335.530710 -1338.840796 -1346.847915 -1369.473566 -9999.0 -9999.0
-9999.0 -9999.0 437.829412 349.709317 257.579457 163.697625 69.082586 -25.826668 -120.826558 -215.818289 -310.696450 -405.366480 -499.951823 -595.514000 -692.816781 -788.915402 -884.688570 -978.979687 -1070.045512 -1154.981558 -1218.673711 -1262.063883 -1289.118675 -1305.102841 -1314.440428 -1320.076378 -1323.702268 -1326.192713 -1327.977377 -1329.276566 -1330.221226 -1330.901800 -1331.386476 -1331.727473 -1331.964324 -1332.128299 -1332.251234 -1332.381034 -1332.654630 -1334.057620 -1343.109848 -1393.320460 -1396.591546 -1664.063468 -1556.666744 -1496.399115 -1469.684914 -1466.384702 -1466.056209 -1466.092189 -1466.179760 -1466.273410 -1466.363275 -1466.446414 -1466.523203 -1466.609313 -1466.861745 -1468.674646 -1482.157371 -1513.526041 -1567.412269 -1282.338677 -1368.210452 -1339.090592 -1333.497216 -1332.709677 -1332.595484 -1332.577242 -1332.575397 -1332.576524 -1332.577948 -1332.579145 -1332.580067 -1332.580765 -1332.581297 -1332.581709 -1332.582035 -1332.582297 -1332.582515 -1332.582707 -1332.582894 -1332.583099 -1332.583356 -1332.583712 -1332.584236 -1332.585042 -1332.586306 -1332.588325 -1332.591593 -1332.596971 -1332.605997 -1332.621529 -1332.649036 -1332.699241 -1332.793478 -1332.974543 -1333.329454 -1334.042018 -1335.530710 -1338.840796 -1346.847915 -1369.473566 -9999.0 -9999.0
-9999.0 -9999.0 437.827730 349.708421 257.579097 163.697492 69.082538 -25.826685 -120.826564 -215.818292 -310.696451 -405.366480 -499.951823 -595.514000 -692.816781 -788.915402 -884.688570 -978.979687 -1070.045512 -1154.981558 -1218.673711 -1262.063883 -1289.118675 -1305.102841 -1314.440428 -1320.076378 -1323.702268 -1326.192713 -1327.977377 -1329.276566 -1330.221226 -1330.901800 -1331.386476 -1331.727473 -1331.964324 -1332.128299 -1332.251234 -1332.381034 -1332.654630 -1334.057620 -1343.109848 -1393.320460 -1396.591546 -1664.063468 -1556.666744 -1496.399116 -1469.684914 -1466.384702 -1466.056209 -1466.092189 -1466.179760 -1466.273410 -1466.363275 -1466.446414 -1466.523203 -1466.609313 -1466.861745 -1468.674646 -1482.157371 -1513.526041 -1567.412270 -1282.338677 -1368.210452 -1339.090592 -1333.497216 -1332.709677 -1332.595484 -1332.577242 -1332.575397 -1332.576524 -1332.577948 -1332.579145 -1332.580067 -1332.580765 -1332.581297 -1332.581709 -1332.582035 -1332.582297 -1332.582515 -1332.582707 -1332.582894 -1332.583099 -1332.583356 -1332.583712 -1332.584236 -1332.585042 -1332.586306 -1332.588325 -1332.591593 -1332.596971 -1332.605997 -1332.621529 -1332.649036 -1332.699241 -1332.793478 -1332.974543 -1333.329454 -1334.042018 -1335.530710 -1338.840796 -1346.847915 -1369.473566 -9999.0 -9999.0
-9999.0 -9999.0 437.820132 349.706378 257.578535 163.697324 69.082484 -25.826703 -120.826570 -215.818294 -310.696451 -405.366481 -499.951823 -595.514000 -692.816781 -788.915402 -884.688569 -978.979687 -1070.045512 -1154.981558 -1218.673711 -1262.063883 -1289.118675 -1305.102841 -1314.440428 -1320.076378 -1323.702268 -1326.192713 -1327.977377 -1329.276566 -1330.221226 -1330.901800 -1331.386476 -1331.727473 -1331.964324 -1332.128299 -1332.251234 -1332.381034 -1332.654630 -1334.057620 -1343.109848 -1393.320460 -1396.591547 -1664.063469 -1556.666745 -1496.399117 -1469.684914 -1466.384702 -1466.056209 -1466.092189 -1466.179760 -1466.273410 -1466.363275 -1466.446414 -1466.523203 -1466.609313 -1466.861745 -1468.674646 -1482.157371 -1513.526041 -1567.412270 -1282.338677 -1368.210452 -1339.090592 -1333.497216 -1332.709677 -1332.595484 -1332.577242 -1332.575397 -1332.576524 -1332.577948 -1332.579145 -1332.580067 -1332.580765 -1332.581297 -1332.581709 -1332.582035 -1332.582297 -1332.582515 -1332.582707 -1332.582894 -1332.583099 -1332.583356 -1332.583712 -1332.584236 -1332.585042 -1332.586306 -1332.588325 -1332.591593 -1332.596971 -1332.605997 -1332.621529 -1332.649036 -1332.699241 -1332.793478 -1332.974543 -1333.329454 -1334.042018 -1335.530710 -1338.840796 -1346.847915 -1369.473566 -9999.0 -9999.0
-9999.0 -9999.0 -9999.0 -9999.0 -9999.0 -9999.0 -9999.0 -9999.0 -9999.0 -9999.0 -9999.0 -9999.0 -9999.0 -9999.0 -9999.0 -9999.0 -9999.0 -9999.0 -9999.0 -9999.0 -9999.0 -9999.0 -9999.0 -9999.0 -9999.0 -9999.0 -9999.0 -9999.0 -9999.0 -9999.0 -9999.0 -9999.0 -9999.0 -9999.0 -9999.0 -9999.0 -9999.0 -9999.0 -9999.0 -9999.0 -9999.0 -9999.0 -9999.0 -9999.0 -9999.0 -9999.0 -9999.0 -9999.0 -9999.0 -9999.0 -9999.0 -9999.0 -9999.0 -9999.0 -9999.0 -9999.0 -9999.0 -9999.0 -9999.0 -9999.0 -9999.0 -9999.0 -9999.0 -9999.0 -9999.0 -9999.0 -9999.0 -9999.0 -9999.0 -9999.0 -9999.0 -9999.0 -9999.0 -9999.0 -9999.0 -9999.0 -9999.0 -9999.0 -9999.0 -9999.0 -9999.0 -9999.0 -9999.0 -9999.0 -9999.0 -9999.0 -9999.0 -9999.0 -9999.0 -9999.0 -9999.0 -9999.0 -9999.0 -9999.0 -9999.0 -9999.0 -9999.0 -9999.0 -9999.0 -9999.0 -9999.0 -9999.0 -9999.0 -9999.0
-9999.0 -9999.0 -9999.0 -9999.0 -9999.0 -9999.0 -9999.0 -9999.0 -9999.0 -9999.0 -9999.0 -9999.0 -9999.0 -9999.0 -9999.0 -9999.0 -9999.0 -9999.0 -9999.0 -9999.0 -9999.0 -9999.0 -9999.0 -9999.0 -9999.0 -9999.0 -9999.0 -9999.0 -9999.0 -9999.0 -9999.0 -9999.0 -9999.0 -9999.0 -9999.0 -9999.0 -9999.0 -9999.0 -9999.0 -9999.0 -9999.0 -9999.0 -9999.0 -9999.0 -9999.0 -9999.0 -9999.0 -9999.0 -9999.0 -9999.0 -9999.0 -9999.0 -9999.0 -9999.0 -9999.0 -9999.0 -9999.0 -9999.0 -9999.0 -9999.0 -9999.0 -9999.0 -9999.0 -9999.0 -9999.0 -9999.0 -9999.0 -9999.0 -9999.0 -9999.0 -9999.0 -9999.0 -9999.0 -9999.0 -9999.0 -9999.0 -9999.0 -9999.0 -9999.0 -9999.0 -9999.0 -9999.0 -9999.0 -9999.0 -9999.0 -9999.0 -9999.0 -9999.0 -9999.0 -9999.0 -9999.0 -9999.0 -9999.0 -9999.0 -9999.0 -9999.0 -9999.0 -9999.0 -9999.0 -9999.0 -9999.0 -9999.0 -9999.0 -9999.0