inst/processing_geotop_simulation/geotop_simulation/out/maps3D/PwL0001N0415.asc
ncols         104
nrows         10
xllcorner     -2.000000
yllcorner     0.000000
cellsize      1.000000
NODATA_value  -9999.0
-9999.0 -9999.0 -9999.0 -9999.0 -9999.0 -9999.0 -9999.0 -9999.0 -9999.0 -9999.0 -9999.0 -9999.0 -9999.0 -9999.0 -9999.0 -9999.0 -9999.0 -9999.0 -9999.0 -9999.0 -9999.0 -9999.0 -9999.0 -9999.0 -9999.0 -9999.0 -9999.0 -9999.0 -9999.0 -9999.0 -9999.0 -9999.0 -9999.0 -9999.0 -9999.0 -9999.0 -9999.0 -9999.0 -9999.0 -9999.0 -9999.0 -9999.0 -9999.0 -9999.0 -9999.0 -9999.0 -9999.0 -9999.0 -9999.0 -9999.0 -9999.0 -9999.0 -9999.0 -9999.0 -9999.0 -9999.0 -9999.0 -9999.0 -9999.0 -9999.0 -9999.0 -9999.0 -9999.0 -9999.0 -9999.0 -9999.0 -9999.0 -9999.0 -9999.0 -9999.0 -9999.0 -9999.0 -9999.0 -9999.0 -9999.0 -9999.0 -9999.0 -9999.0 -9999.0 -9999.0 -9999.0 -9999.0 -9999.0 -9999.0 -9999.0 -9999.0 -9999.0 -9999.0 -9999.0 -9999.0 -9999.0 -9999.0 -9999.0 -9999.0 -9999.0 -9999.0 -9999.0 -9999.0 -9999.0 -9999.0 -9999.0 -9999.0 -9999.0 -9999.0
-9999.0 -9999.0 -9999.0 -9999.0 -9999.0 -9999.0 -9999.0 -9999.0 -9999.0 -9999.0 -9999.0 -9999.0 -9999.0 -9999.0 -9999.0 -9999.0 -9999.0 -9999.0 -9999.0 -9999.0 -9999.0 -9999.0 -9999.0 -9999.0 -9999.0 -9999.0 -9999.0 -9999.0 -9999.0 -9999.0 -9999.0 -9999.0 -9999.0 -9999.0 -9999.0 -9999.0 -9999.0 -9999.0 -9999.0 -9999.0 -9999.0 -9999.0 -9999.0 -9999.0 -9999.0 -9999.0 -9999.0 -9999.0 -9999.0 -9999.0 -9999.0 -9999.0 -9999.0 -9999.0 -9999.0 -9999.0 -9999.0 -9999.0 -9999.0 -9999.0 -9999.0 -9999.0 -9999.0 -9999.0 -9999.0 -9999.0 -9999.0 -9999.0 -9999.0 -9999.0 -9999.0 -9999.0 -9999.0 -9999.0 -9999.0 -9999.0 -9999.0 -9999.0 -9999.0 -9999.0 -9999.0 -9999.0 -9999.0 -9999.0 -9999.0 -9999.0 -9999.0 -9999.0 -9999.0 -9999.0 -9999.0 -9999.0 -9999.0 -9999.0 -9999.0 -9999.0 -9999.0 -9999.0 -9999.0 -9999.0 -9999.0 -9999.0 -9999.0 -9999.0
-9999.0 -9999.0 26.017069 -71.571130 -170.476016 -269.665459 -368.958741 -468.288976 -567.622471 -666.932934 -766.183153 -865.346805 -964.400343 -1063.312428 -1162.183651 -1260.985685 -1359.470304 -1457.430097 -1554.471796 -1649.826917 -1742.025179 -1828.531298 -1906.096458 -1972.032419 -2025.276343 -2066.450188 -2097.233759 -2119.669860 -2135.708914 -2147.004021 -2154.864112 -2160.281815 -2163.987658 -2166.507454 -2168.213717 -2169.369749 -2170.173395 -2170.834510 -2171.795948 -2174.042192 -2174.523434 -2105.833669 -1295.334588 -1291.360041 -1281.517116 -1275.008447 -1271.943037 -1271.455913 -1271.402402 -1271.406925 -1271.419818 -1271.433743 -1271.447137 -1271.459548 -1271.471120 -1271.485031 -1271.530459 -1271.827655 -1273.479925 -1277.113610 -1281.947206 -1278.789993 -2081.740862 -2168.761809 -2172.621425 -2172.055657 -2171.846545 -2171.803824 -2171.796814 -2171.796141 -2171.796470 -2171.796881 -2171.797226 -2171.797496 -2171.797707 -2171.797873 -2171.798008 -2171.798119 -2171.798215 -2171.798303 -2171.798391 -2171.798489 -2171.798610 -2171.798775 -2171.799014 -2171.799376 -2171.799941 -2171.800843 -2171.802310 -2171.804753 -2171.808926 -2171.816260 -2171.829550 -2171.854378 -2171.902142 -2171.996917 -2172.192295 -2172.616523 -2173.603779 -2176.119043 -2183.343918 -2207.471464 -9999.0 -9999.0
-9999.0 -9999.0 26.028249 -71.569276 -170.475554 -269.665325 -368.958698 -468.288961 -567.622465 -666.932932 -766.183152 -865.346804 -964.400343 -1063.312428 -1162.183651 -1260.985685 -1359.470304 -1457.430097 -1554.471797 -1649.826918 -1742.025180 -1828.531298 -1906.096458 -1972.032419 -2025.276343 -2066.450189 -2097.233759 -2119.669860 -2135.708914 -2147.004021 -2154.864112 -2160.281815 -2163.987658 -2166.507454 -2168.213717 -2169.369749 -2170.173395 -2170.834510 -2171.795948 -2174.042192 -2174.523434 -2105.833669 -1295.334588 -1291.360041 -1281.517116 -1275.008447 -1271.943037 -1271.455913 -1271.402402 -1271.406925 -1271.419818 -1271.433743 -1271.447137 -1271.459548 -1271.471120 -1271.485031 -1271.530459 -1271.827655 -1273.479925 -1277.113610 -1281.947206 -1278.789993 -2081.740862 -2168.761809 -2172.621425 -2172.055657 -2171.846545 -2171.803824 -2171.796814 -2171.796141 -2171.796470 -2171.796881 -2171.797226 -2171.797496 -2171.797707 -2171.797873 -2171.798008 -2171.798119 -2171.798215 -2171.798303 -2171.798391 -2171.798489 -2171.798610 -2171.798775 -2171.799014 -2171.799376 -2171.799941 -2171.800843 -2171.802310 -2171.804753 -2171.808926 -2171.816260 -2171.829550 -2171.854378 -2171.902142 -2171.996917 -2172.192295 -2172.616523 -2173.603779 -2176.119043 -2183.343918 -2207.471464 -9999.0 -9999.0
-9999.0 -9999.0 26.029282 -71.568534 -170.475262 -269.665219 -368.958661 -468.288948 -567.622460 -666.932930 -766.183151 -865.346804 -964.400343 -1063.312428 -1162.183651 -1260.985685 -1359.470305 -1457.430097 -1554.471797 -1649.826918 -1742.025180 -1828.531298 -1906.096458 -1972.032419 -2025.276343 -2066.450189 -2097.233760 -2119.669860 -2135.708914 -2147.004021 -2154.864112 -2160.281815 -2163.987658 -2166.507454 -2168.213717 -2169.369749 -2170.173395 -2170.834510 -2171.795948 -2174.042192 -2174.523434 -2105.833669 -1295.334588 -1291.360041 -1281.517116 -1275.008447 -1271.943037 -1271.455913 -1271.402402 -1271.406925 -1271.419818 -1271.433743 -1271.447137 -1271.459548 -1271.471120 -1271.485031 -1271.530459 -1271.827655 -1273.479925 -1277.113610 -1281.947206 -1278.789993 -2081.740862 -2168.761809 -2172.621425 -2172.055657 -2171.846545 -2171.803824 -2171.796814 -2171.796141 -2171.796470 -2171.796881 -2171.797226 -2171.797496 -2171.797707 -2171.797873 -2171.798008 -2171.798119 -2171.798215 -2171.798303 -2171.798391 -2171.798489 -2171.798610 -2171.798775 -2171.799014 -2171.799376 -2171.799941 -2171.800843 -2171.802310 -2171.804753 -2171.808926 -2171.816260 -2171.829550 -2171.854378 -2171.902142 -2171.996917 -2172.192295 -2172.616523 -2173.603779 -2176.119043 -2183.343918 -2207.471464 -9999.0 -9999.0
-9999.0 -9999.0 26.029282 -71.568534 -170.475262 -269.665219 -368.958661 -468.288948 -567.622460 -666.932930 -766.183151 -865.346804 -964.400343 -1063.312428 -1162.183651 -1260.985686 -1359.470305 -1457.430097 -1554.471797 -1649.826918 -1742.025180 -1828.531298 -1906.096458 -1972.032419 -2025.276343 -2066.450189 -2097.233760 -2119.669860 -2135.708914 -2147.004021 -2154.864112 -2160.281815 -2163.987658 -2166.507454 -2168.213717 -2169.369749 -2170.173395 -2170.834510 -2171.795948 -2174.042192 -2174.523434 -2105.833669 -1295.334588 -1291.360041 -1281.517116 -1275.008447 -1271.943037 -1271.455913 -1271.402402 -1271.406925 -1271.419818 -1271.433743 -1271.447137 -1271.459548 -1271.471120 -1271.485031 -1271.530459 -1271.827655 -1273.479925 -1277.113610 -1281.947206 -1278.789993 -2081.740862 -2168.761809 -2172.621425 -2172.055657 -2171.846545 -2171.803824 -2171.796814 -2171.796141 -2171.796470 -2171.796881 -2171.797226 -2171.797496 -2171.797707 -2171.797873 -2171.798008 -2171.798119 -2171.798215 -2171.798303 -2171.798391 -2171.798489 -2171.798610 -2171.798775 -2171.799014 -2171.799376 -2171.799941 -2171.800843 -2171.802310 -2171.804753 -2171.808926 -2171.816260 -2171.829550 -2171.854378 -2171.902142 -2171.996917 -2172.192295 -2172.616523 -2173.603779 -2176.119043 -2183.343918 -2207.471464 -9999.0 -9999.0
-9999.0 -9999.0 26.028249 -71.569276 -170.475554 -269.665325 -368.958698 -468.288961 -567.622465 -666.932932 -766.183152 -865.346804 -964.400343 -1063.312428 -1162.183651 -1260.985685 -1359.470304 -1457.430097 -1554.471797 -1649.826918 -1742.025180 -1828.531298 -1906.096458 -1972.032419 -2025.276343 -2066.450189 -2097.233759 -2119.669860 -2135.708914 -2147.004021 -2154.864112 -2160.281815 -2163.987658 -2166.507454 -2168.213717 -2169.369749 -2170.173395 -2170.834510 -2171.795948 -2174.042192 -2174.523434 -2105.833669 -1295.334588 -1291.360041 -1281.517116 -1275.008447 -1271.943037 -1271.455913 -1271.402402 -1271.406925 -1271.419818 -1271.433743 -1271.447137 -1271.459548 -1271.471120 -1271.485031 -1271.530459 -1271.827655 -1273.479925 -1277.113610 -1281.947206 -1278.789993 -2081.740862 -2168.761809 -2172.621425 -2172.055657 -2171.846545 -2171.803824 -2171.796814 -2171.796141 -2171.796470 -2171.796881 -2171.797226 -2171.797496 -2171.797707 -2171.797873 -2171.798008 -2171.798119 -2171.798215 -2171.798303 -2171.798391 -2171.798489 -2171.798610 -2171.798775 -2171.799014 -2171.799376 -2171.799941 -2171.800843 -2171.802310 -2171.804753 -2171.808926 -2171.816260 -2171.829550 -2171.854378 -2171.902142 -2171.996917 -2172.192295 -2172.616523 -2173.603779 -2176.119043 -2183.343918 -2207.471464 -9999.0 -9999.0
-9999.0 -9999.0 26.017069 -71.571130 -170.476016 -269.665459 -368.958741 -468.288976 -567.622471 -666.932935 -766.183153 -865.346805 -964.400343 -1063.312428 -1162.183651 -1260.985685 -1359.470304 -1457.430097 -1554.471796 -1649.826917 -1742.025179 -1828.531298 -1906.096458 -1972.032419 -2025.276343 -2066.450188 -2097.233759 -2119.669860 -2135.708914 -2147.004021 -2154.864112 -2160.281815 -2163.987658 -2166.507454 -2168.213717 -2169.369749 -2170.173395 -2170.834510 -2171.795948 -2174.042192 -2174.523434 -2105.833669 -1295.334588 -1291.360041 -1281.517116 -1275.008447 -1271.943037 -1271.455913 -1271.402402 -1271.406925 -1271.419818 -1271.433743 -1271.447137 -1271.459548 -1271.471120 -1271.485031 -1271.530459 -1271.827655 -1273.479925 -1277.113610 -1281.947206 -1278.789993 -2081.740862 -2168.761809 -2172.621425 -2172.055657 -2171.846545 -2171.803824 -2171.796814 -2171.796141 -2171.796470 -2171.796881 -2171.797226 -2171.797496 -2171.797707 -2171.797873 -2171.798008 -2171.798119 -2171.798215 -2171.798303 -2171.798391 -2171.798489 -2171.798610 -2171.798775 -2171.799014 -2171.799376 -2171.799941 -2171.800843 -2171.802310 -2171.804753 -2171.808926 -2171.816260 -2171.829550 -2171.854378 -2171.902142 -2171.996917 -2172.192295 -2172.616523 -2173.603779 -2176.119043 -2183.343918 -2207.471464 -9999.0 -9999.0
-9999.0 -9999.0 -9999.0 -9999.0 -9999.0 -9999.0 -9999.0 -9999.0 -9999.0 -9999.0 -9999.0 -9999.0 -9999.0 -9999.0 -9999.0 -9999.0 -9999.0 -9999.0 -9999.0 -9999.0 -9999.0 -9999.0 -9999.0 -9999.0 -9999.0 -9999.0 -9999.0 -9999.0 -9999.0 -9999.0 -9999.0 -9999.0 -9999.0 -9999.0 -9999.0 -9999.0 -9999.0 -9999.0 -9999.0 -9999.0 -9999.0 -9999.0 -9999.0 -9999.0 -9999.0 -9999.0 -9999.0 -9999.0 -9999.0 -9999.0 -9999.0 -9999.0 -9999.0 -9999.0 -9999.0 -9999.0 -9999.0 -9999.0 -9999.0 -9999.0 -9999.0 -9999.0 -9999.0 -9999.0 -9999.0 -9999.0 -9999.0 -9999.0 -9999.0 -9999.0 -9999.0 -9999.0 -9999.0 -9999.0 -9999.0 -9999.0 -9999.0 -9999.0 -9999.0 -9999.0 -9999.0 -9999.0 -9999.0 -9999.0 -9999.0 -9999.0 -9999.0 -9999.0 -9999.0 -9999.0 -9999.0 -9999.0 -9999.0 -9999.0 -9999.0 -9999.0 -9999.0 -9999.0 -9999.0 -9999.0 -9999.0 -9999.0 -9999.0 -9999.0
-9999.0 -9999.0 -9999.0 -9999.0 -9999.0 -9999.0 -9999.0 -9999.0 -9999.0 -9999.0 -9999.0 -9999.0 -9999.0 -9999.0 -9999.0 -9999.0 -9999.0 -9999.0 -9999.0 -9999.0 -9999.0 -9999.0 -9999.0 -9999.0 -9999.0 -9999.0 -9999.0 -9999.0 -9999.0 -9999.0 -9999.0 -9999.0 -9999.0 -9999.0 -9999.0 -9999.0 -9999.0 -9999.0 -9999.0 -9999.0 -9999.0 -9999.0 -9999.0 -9999.0 -9999.0 -9999.0 -9999.0 -9999.0 -9999.0 -9999.0 -9999.0 -9999.0 -9999.0 -9999.0 -9999.0 -9999.0 -9999.0 -9999.0 -9999.0 -9999.0 -9999.0 -9999.0 -9999.0 -9999.0 -9999.0 -9999.0 -9999.0 -9999.0 -9999.0 -9999.0 -9999.0 -9999.0 -9999.0 -9999.0 -9999.0 -9999.0 -9999.0 -9999.0 -9999.0 -9999.0 -9999.0 -9999.0 -9999.0 -9999.0 -9999.0 -9999.0 -9999.0 -9999.0 -9999.0 -9999.0 -9999.0 -9999.0 -9999.0 -9999.0 -9999.0 -9999.0 -9999.0 -9999.0 -9999.0 -9999.0 -9999.0 -9999.0 -9999.0 -9999.0