inst/processing_geotop_simulation/geotop_simulation/out/maps3D/PwL0013N0078.asc
ncols         104
nrows         10
xllcorner     -2.000000
yllcorner     0.000000
cellsize      1.000000
NODATA_value  -9999.0
-9999.0 -9999.0 -9999.0 -9999.0 -9999.0 -9999.0 -9999.0 -9999.0 -9999.0 -9999.0 -9999.0 -9999.0 -9999.0 -9999.0 -9999.0 -9999.0 -9999.0 -9999.0 -9999.0 -9999.0 -9999.0 -9999.0 -9999.0 -9999.0 -9999.0 -9999.0 -9999.0 -9999.0 -9999.0 -9999.0 -9999.0 -9999.0 -9999.0 -9999.0 -9999.0 -9999.0 -9999.0 -9999.0 -9999.0 -9999.0 -9999.0 -9999.0 -9999.0 -9999.0 -9999.0 -9999.0 -9999.0 -9999.0 -9999.0 -9999.0 -9999.0 -9999.0 -9999.0 -9999.0 -9999.0 -9999.0 -9999.0 -9999.0 -9999.0 -9999.0 -9999.0 -9999.0 -9999.0 -9999.0 -9999.0 -9999.0 -9999.0 -9999.0 -9999.0 -9999.0 -9999.0 -9999.0 -9999.0 -9999.0 -9999.0 -9999.0 -9999.0 -9999.0 -9999.0 -9999.0 -9999.0 -9999.0 -9999.0 -9999.0 -9999.0 -9999.0 -9999.0 -9999.0 -9999.0 -9999.0 -9999.0 -9999.0 -9999.0 -9999.0 -9999.0 -9999.0 -9999.0 -9999.0 -9999.0 -9999.0 -9999.0 -9999.0 -9999.0 -9999.0
-9999.0 -9999.0 -9999.0 -9999.0 -9999.0 -9999.0 -9999.0 -9999.0 -9999.0 -9999.0 -9999.0 -9999.0 -9999.0 -9999.0 -9999.0 -9999.0 -9999.0 -9999.0 -9999.0 -9999.0 -9999.0 -9999.0 -9999.0 -9999.0 -9999.0 -9999.0 -9999.0 -9999.0 -9999.0 -9999.0 -9999.0 -9999.0 -9999.0 -9999.0 -9999.0 -9999.0 -9999.0 -9999.0 -9999.0 -9999.0 -9999.0 -9999.0 -9999.0 -9999.0 -9999.0 -9999.0 -9999.0 -9999.0 -9999.0 -9999.0 -9999.0 -9999.0 -9999.0 -9999.0 -9999.0 -9999.0 -9999.0 -9999.0 -9999.0 -9999.0 -9999.0 -9999.0 -9999.0 -9999.0 -9999.0 -9999.0 -9999.0 -9999.0 -9999.0 -9999.0 -9999.0 -9999.0 -9999.0 -9999.0 -9999.0 -9999.0 -9999.0 -9999.0 -9999.0 -9999.0 -9999.0 -9999.0 -9999.0 -9999.0 -9999.0 -9999.0 -9999.0 -9999.0 -9999.0 -9999.0 -9999.0 -9999.0 -9999.0 -9999.0 -9999.0 -9999.0 -9999.0 -9999.0 -9999.0 -9999.0 -9999.0 -9999.0 -9999.0 -9999.0
-9999.0 -9999.0 468.117928 368.047139 268.114065 168.450964 69.130077 -29.801542 -128.526770 -227.825301 -329.270831 -434.489073 -543.470235 -650.877710 -746.109674 -817.805287 -876.984926 -938.512936 -995.113970 -1049.070631 -1071.787540 -1060.428004 -1049.484792 -1041.617162 -1037.155249 -1035.482857 -1035.713955 -1037.014481 -1038.748201 -1040.508648 -1042.080121 -1043.377501 -1044.392870 -1045.156341 -1045.711784 -1046.105642 -1046.391028 -1046.642442 -1046.936617 -1047.776192 -1055.677404 -1141.571693 -2153.621294 -4325.991453 -4331.683076 -4331.683161 -4331.683157 -4331.683157 -4331.683157 -4331.683157 -4331.683157 -4331.683157 -4331.683157 -4331.683157 -4331.683157 -4331.683157 -4331.683157 -4331.683157 -4331.683159 -4331.682999 -4322.780393 -2047.280156 -1118.944432 -1053.417197 -1047.844373 -1047.227450 -1047.124899 -1047.106678 -1047.105696 -1047.107922 -1047.110300 -1047.112238 -1047.113718 -1047.114834 -1047.115686 -1047.116346 -1047.116868 -1047.117288 -1047.117635 -1047.117940 -1047.118234 -1047.118555 -1047.118953 -1047.119501 -1047.120307 -1047.121541 -1047.123475 -1047.126555 -1047.131525 -1047.139668 -1047.153265 -1047.176512 -1047.217397 -1047.291538 -1047.429958 -1047.694681 -1048.210312 -1049.233095 -1051.327507 -1055.881708 -1066.596413 -1093.891631 -9999.0 -9999.0
-9999.0 -9999.0 468.117928 368.047138 268.114064 168.450963 69.130076 -29.801542 -128.526770 -227.825302 -329.270831 -434.489074 -543.470236 -650.877710 -746.109675 -817.805287 -876.984926 -938.512936 -995.113970 -1049.070631 -1071.787540 -1060.428004 -1049.484792 -1041.617162 -1037.155249 -1035.482857 -1035.713955 -1037.014481 -1038.748201 -1040.508648 -1042.080121 -1043.377501 -1044.392870 -1045.156341 -1045.711784 -1046.105642 -1046.391028 -1046.642442 -1046.936617 -1047.776192 -1055.677404 -1141.571693 -2153.621293 -4325.991453 -4331.683076 -4331.683161 -4331.683157 -4331.683157 -4331.683157 -4331.683157 -4331.683157 -4331.683157 -4331.683157 -4331.683157 -4331.683157 -4331.683157 -4331.683157 -4331.683157 -4331.683159 -4331.682999 -4322.780393 -2047.280156 -1118.944432 -1053.417197 -1047.844373 -1047.227450 -1047.124899 -1047.106678 -1047.105696 -1047.107922 -1047.110300 -1047.112238 -1047.113718 -1047.114834 -1047.115686 -1047.116346 -1047.116868 -1047.117288 -1047.117635 -1047.117940 -1047.118234 -1047.118555 -1047.118953 -1047.119501 -1047.120307 -1047.121541 -1047.123475 -1047.126555 -1047.131525 -1047.139668 -1047.153265 -1047.176512 -1047.217397 -1047.291538 -1047.429958 -1047.694681 -1048.210312 -1049.233095 -1051.327507 -1055.881708 -1066.596413 -1093.891631 -9999.0 -9999.0
-9999.0 -9999.0 468.117927 368.047138 268.114064 168.450963 69.130076 -29.801542 -128.526770 -227.825302 -329.270831 -434.489074 -543.470236 -650.877711 -746.109675 -817.805287 -876.984926 -938.512936 -995.113970 -1049.070631 -1071.787540 -1060.428004 -1049.484792 -1041.617162 -1037.155249 -1035.482857 -1035.713955 -1037.014481 -1038.748201 -1040.508648 -1042.080121 -1043.377501 -1044.392870 -1045.156341 -1045.711784 -1046.105642 -1046.391028 -1046.642442 -1046.936617 -1047.776192 -1055.677404 -1141.571693 -2153.621293 -4325.991453 -4331.683076 -4331.683161 -4331.683157 -4331.683157 -4331.683157 -4331.683157 -4331.683157 -4331.683157 -4331.683157 -4331.683157 -4331.683157 -4331.683157 -4331.683157 -4331.683157 -4331.683159 -4331.682999 -4322.780393 -2047.280156 -1118.944432 -1053.417197 -1047.844373 -1047.227450 -1047.124899 -1047.106678 -1047.105696 -1047.107922 -1047.110300 -1047.112238 -1047.113718 -1047.114834 -1047.115686 -1047.116346 -1047.116868 -1047.117288 -1047.117635 -1047.117940 -1047.118234 -1047.118555 -1047.118953 -1047.119501 -1047.120307 -1047.121541 -1047.123475 -1047.126555 -1047.131525 -1047.139668 -1047.153265 -1047.176512 -1047.217397 -1047.291538 -1047.429958 -1047.694681 -1048.210312 -1049.233095 -1051.327507 -1055.881708 -1066.596413 -1093.891631 -9999.0 -9999.0
-9999.0 -9999.0 468.117927 368.047138 268.114064 168.450963 69.130076 -29.801542 -128.526770 -227.825302 -329.270831 -434.489074 -543.470236 -650.877710 -746.109675 -817.805287 -876.984926 -938.512936 -995.113970 -1049.070631 -1071.787540 -1060.428004 -1049.484792 -1041.617162 -1037.155249 -1035.482857 -1035.713955 -1037.014481 -1038.748201 -1040.508648 -1042.080121 -1043.377501 -1044.392870 -1045.156341 -1045.711784 -1046.105642 -1046.391028 -1046.642442 -1046.936617 -1047.776192 -1055.677404 -1141.571693 -2153.621293 -4325.991453 -4331.683076 -4331.683161 -4331.683157 -4331.683157 -4331.683157 -4331.683157 -4331.683157 -4331.683157 -4331.683157 -4331.683157 -4331.683157 -4331.683157 -4331.683157 -4331.683157 -4331.683159 -4331.682999 -4322.780393 -2047.280156 -1118.944432 -1053.417197 -1047.844373 -1047.227450 -1047.124899 -1047.106678 -1047.105696 -1047.107922 -1047.110300 -1047.112238 -1047.113718 -1047.114834 -1047.115686 -1047.116346 -1047.116868 -1047.117288 -1047.117635 -1047.117940 -1047.118234 -1047.118555 -1047.118953 -1047.119501 -1047.120307 -1047.121541 -1047.123475 -1047.126555 -1047.131525 -1047.139668 -1047.153265 -1047.176512 -1047.217397 -1047.291538 -1047.429958 -1047.694681 -1048.210312 -1049.233095 -1051.327507 -1055.881708 -1066.596413 -1093.891631 -9999.0 -9999.0
-9999.0 -9999.0 468.117928 368.047138 268.114064 168.450963 69.130076 -29.801542 -128.526770 -227.825302 -329.270831 -434.489074 -543.470236 -650.877710 -746.109675 -817.805287 -876.984926 -938.512936 -995.113970 -1049.070631 -1071.787540 -1060.428004 -1049.484792 -1041.617162 -1037.155249 -1035.482857 -1035.713955 -1037.014481 -1038.748201 -1040.508648 -1042.080121 -1043.377501 -1044.392870 -1045.156341 -1045.711784 -1046.105642 -1046.391028 -1046.642442 -1046.936617 -1047.776192 -1055.677404 -1141.571693 -2153.621293 -4325.991453 -4331.683076 -4331.683161 -4331.683157 -4331.683157 -4331.683157 -4331.683157 -4331.683157 -4331.683157 -4331.683157 -4331.683157 -4331.683157 -4331.683157 -4331.683157 -4331.683157 -4331.683159 -4331.682999 -4322.780393 -2047.280156 -1118.944432 -1053.417197 -1047.844373 -1047.227450 -1047.124899 -1047.106678 -1047.105696 -1047.107922 -1047.110300 -1047.112238 -1047.113718 -1047.114834 -1047.115686 -1047.116346 -1047.116868 -1047.117288 -1047.117635 -1047.117940 -1047.118234 -1047.118555 -1047.118953 -1047.119501 -1047.120307 -1047.121541 -1047.123475 -1047.126555 -1047.131525 -1047.139668 -1047.153265 -1047.176512 -1047.217397 -1047.291538 -1047.429958 -1047.694681 -1048.210312 -1049.233095 -1051.327507 -1055.881708 -1066.596413 -1093.891631 -9999.0 -9999.0
-9999.0 -9999.0 468.117929 368.047139 268.114065 168.450964 69.130077 -29.801542 -128.526770 -227.825301 -329.270831 -434.489073 -543.470236 -650.877710 -746.109674 -817.805287 -876.984926 -938.512936 -995.113970 -1049.070631 -1071.787540 -1060.428004 -1049.484792 -1041.617162 -1037.155249 -1035.482857 -1035.713955 -1037.014481 -1038.748201 -1040.508648 -1042.080121 -1043.377501 -1044.392870 -1045.156341 -1045.711784 -1046.105642 -1046.391028 -1046.642442 -1046.936617 -1047.776192 -1055.677404 -1141.571693 -2153.621294 -4325.991453 -4331.683076 -4331.683161 -4331.683157 -4331.683157 -4331.683157 -4331.683157 -4331.683157 -4331.683157 -4331.683157 -4331.683157 -4331.683157 -4331.683157 -4331.683157 -4331.683157 -4331.683159 -4331.682999 -4322.780393 -2047.280156 -1118.944432 -1053.417197 -1047.844373 -1047.227450 -1047.124899 -1047.106678 -1047.105696 -1047.107922 -1047.110300 -1047.112238 -1047.113718 -1047.114834 -1047.115686 -1047.116346 -1047.116868 -1047.117288 -1047.117635 -1047.117940 -1047.118234 -1047.118555 -1047.118953 -1047.119501 -1047.120307 -1047.121541 -1047.123475 -1047.126555 -1047.131525 -1047.139668 -1047.153265 -1047.176512 -1047.217397 -1047.291538 -1047.429958 -1047.694681 -1048.210312 -1049.233095 -1051.327507 -1055.881708 -1066.596413 -1093.891631 -9999.0 -9999.0
-9999.0 -9999.0 -9999.0 -9999.0 -9999.0 -9999.0 -9999.0 -9999.0 -9999.0 -9999.0 -9999.0 -9999.0 -9999.0 -9999.0 -9999.0 -9999.0 -9999.0 -9999.0 -9999.0 -9999.0 -9999.0 -9999.0 -9999.0 -9999.0 -9999.0 -9999.0 -9999.0 -9999.0 -9999.0 -9999.0 -9999.0 -9999.0 -9999.0 -9999.0 -9999.0 -9999.0 -9999.0 -9999.0 -9999.0 -9999.0 -9999.0 -9999.0 -9999.0 -9999.0 -9999.0 -9999.0 -9999.0 -9999.0 -9999.0 -9999.0 -9999.0 -9999.0 -9999.0 -9999.0 -9999.0 -9999.0 -9999.0 -9999.0 -9999.0 -9999.0 -9999.0 -9999.0 -9999.0 -9999.0 -9999.0 -9999.0 -9999.0 -9999.0 -9999.0 -9999.0 -9999.0 -9999.0 -9999.0 -9999.0 -9999.0 -9999.0 -9999.0 -9999.0 -9999.0 -9999.0 -9999.0 -9999.0 -9999.0 -9999.0 -9999.0 -9999.0 -9999.0 -9999.0 -9999.0 -9999.0 -9999.0 -9999.0 -9999.0 -9999.0 -9999.0 -9999.0 -9999.0 -9999.0 -9999.0 -9999.0 -9999.0 -9999.0 -9999.0 -9999.0
-9999.0 -9999.0 -9999.0 -9999.0 -9999.0 -9999.0 -9999.0 -9999.0 -9999.0 -9999.0 -9999.0 -9999.0 -9999.0 -9999.0 -9999.0 -9999.0 -9999.0 -9999.0 -9999.0 -9999.0 -9999.0 -9999.0 -9999.0 -9999.0 -9999.0 -9999.0 -9999.0 -9999.0 -9999.0 -9999.0 -9999.0 -9999.0 -9999.0 -9999.0 -9999.0 -9999.0 -9999.0 -9999.0 -9999.0 -9999.0 -9999.0 -9999.0 -9999.0 -9999.0 -9999.0 -9999.0 -9999.0 -9999.0 -9999.0 -9999.0 -9999.0 -9999.0 -9999.0 -9999.0 -9999.0 -9999.0 -9999.0 -9999.0 -9999.0 -9999.0 -9999.0 -9999.0 -9999.0 -9999.0 -9999.0 -9999.0 -9999.0 -9999.0 -9999.0 -9999.0 -9999.0 -9999.0 -9999.0 -9999.0 -9999.0 -9999.0 -9999.0 -9999.0 -9999.0 -9999.0 -9999.0 -9999.0 -9999.0 -9999.0 -9999.0 -9999.0 -9999.0 -9999.0 -9999.0 -9999.0 -9999.0 -9999.0 -9999.0 -9999.0 -9999.0 -9999.0 -9999.0 -9999.0 -9999.0 -9999.0 -9999.0 -9999.0 -9999.0 -9999.0