inst/processing_geotop_simulation/geotop_simulation/out/maps3D/PwL0012N0008.asc
ncols         104
nrows         10
xllcorner     -2.000000
yllcorner     0.000000
cellsize      1.000000
NODATA_value  -9999.0
-9999.0 -9999.0 -9999.0 -9999.0 -9999.0 -9999.0 -9999.0 -9999.0 -9999.0 -9999.0 -9999.0 -9999.0 -9999.0 -9999.0 -9999.0 -9999.0 -9999.0 -9999.0 -9999.0 -9999.0 -9999.0 -9999.0 -9999.0 -9999.0 -9999.0 -9999.0 -9999.0 -9999.0 -9999.0 -9999.0 -9999.0 -9999.0 -9999.0 -9999.0 -9999.0 -9999.0 -9999.0 -9999.0 -9999.0 -9999.0 -9999.0 -9999.0 -9999.0 -9999.0 -9999.0 -9999.0 -9999.0 -9999.0 -9999.0 -9999.0 -9999.0 -9999.0 -9999.0 -9999.0 -9999.0 -9999.0 -9999.0 -9999.0 -9999.0 -9999.0 -9999.0 -9999.0 -9999.0 -9999.0 -9999.0 -9999.0 -9999.0 -9999.0 -9999.0 -9999.0 -9999.0 -9999.0 -9999.0 -9999.0 -9999.0 -9999.0 -9999.0 -9999.0 -9999.0 -9999.0 -9999.0 -9999.0 -9999.0 -9999.0 -9999.0 -9999.0 -9999.0 -9999.0 -9999.0 -9999.0 -9999.0 -9999.0 -9999.0 -9999.0 -9999.0 -9999.0 -9999.0 -9999.0 -9999.0 -9999.0 -9999.0 -9999.0 -9999.0 -9999.0
-9999.0 -9999.0 -9999.0 -9999.0 -9999.0 -9999.0 -9999.0 -9999.0 -9999.0 -9999.0 -9999.0 -9999.0 -9999.0 -9999.0 -9999.0 -9999.0 -9999.0 -9999.0 -9999.0 -9999.0 -9999.0 -9999.0 -9999.0 -9999.0 -9999.0 -9999.0 -9999.0 -9999.0 -9999.0 -9999.0 -9999.0 -9999.0 -9999.0 -9999.0 -9999.0 -9999.0 -9999.0 -9999.0 -9999.0 -9999.0 -9999.0 -9999.0 -9999.0 -9999.0 -9999.0 -9999.0 -9999.0 -9999.0 -9999.0 -9999.0 -9999.0 -9999.0 -9999.0 -9999.0 -9999.0 -9999.0 -9999.0 -9999.0 -9999.0 -9999.0 -9999.0 -9999.0 -9999.0 -9999.0 -9999.0 -9999.0 -9999.0 -9999.0 -9999.0 -9999.0 -9999.0 -9999.0 -9999.0 -9999.0 -9999.0 -9999.0 -9999.0 -9999.0 -9999.0 -9999.0 -9999.0 -9999.0 -9999.0 -9999.0 -9999.0 -9999.0 -9999.0 -9999.0 -9999.0 -9999.0 -9999.0 -9999.0 -9999.0 -9999.0 -9999.0 -9999.0 -9999.0 -9999.0 -9999.0 -9999.0 -9999.0 -9999.0 -9999.0 -9999.0
-9999.0 -9999.0 576.456279 493.859223 415.932743 339.780299 263.144687 183.708669 99.079285 2.235537 -120.530355 -242.707374 -366.923122 -413.674449 -444.306274 -392.925397 -271.661737 -223.071016 -128.015162 81.145488 181.745330 134.317570 86.537372 54.011390 34.959221 25.332930 21.942530 22.401136 24.884210 28.016794 31.903841 35.790882 39.156518 41.692816 43.133526 43.137609 41.262998 36.878531 28.942758 15.450257 -6.615956 -47.434177 -4007.403748 -4381.187660 -4381.188119 -4381.188119 -4381.188119 -4381.188119 -4381.188119 -4381.188119 -4381.188119 -4381.188119 -4381.188119 -4381.188119 -4381.188119 -4381.188119 -4381.188119 -4381.188119 -4381.188119 -4381.188119 -4381.187468 -3956.013881 508.454570 428.068498 352.151552 278.459804 207.264783 140.361783 80.521293 29.918317 -10.386102 -39.742353 -60.571560 -75.558060 -85.441029 -92.382378 -97.692227 -102.193854 -106.430423 -110.702082 -115.183490 -120.093894 -125.769586 -132.631020 -139.757490 -147.617435 -156.497694 -166.639694 -178.709121 -191.234933 -204.130840 -218.401248 -234.971952 -255.113382 -281.054132 -317.302170 -375.101991 -455.195280 -579.455732 -984.866419 -3465.172356 -4374.001923 -9999.0 -9999.0
-9999.0 -9999.0 576.536660 493.891142 415.944354 339.784707 263.146435 183.709393 99.079596 2.235676 -120.530268 -242.707298 -366.923057 -413.674437 -444.306274 -392.925397 -271.661737 -223.071016 -128.015162 81.145489 181.745331 134.317570 86.537373 54.011391 34.959222 25.332931 21.942530 22.401136 24.884210 28.016794 31.903842 35.790882 39.156518 41.692816 43.133526 43.137609 41.262999 36.878531 28.942758 15.450257 -6.615956 -47.434177 -4007.403748 -4381.187660 -4381.188119 -4381.188119 -4381.188119 -4381.188119 -4381.188119 -4381.188119 -4381.188119 -4381.188119 -4381.188119 -4381.188119 -4381.188119 -4381.188119 -4381.188119 -4381.188119 -4381.188119 -4381.188119 -4381.187468 -3956.013881 508.454570 428.068498 352.151552 278.459804 207.264783 140.361783 80.521293 29.918317 -10.386102 -39.742353 -60.571560 -75.558060 -85.441029 -92.382378 -97.692227 -102.193854 -106.430423 -110.702082 -115.183490 -120.093894 -125.769586 -132.631020 -139.757490 -147.617435 -156.497694 -166.639694 -178.709121 -191.234933 -204.130840 -218.401248 -234.971952 -255.113382 -281.054131 -317.302170 -375.101991 -455.195280 -579.455731 -984.866416 -3465.172336 -4374.001923 -9999.0 -9999.0
-9999.0 -9999.0 576.564992 493.908311 415.952578 339.788365 263.148016 183.710080 99.079899 2.235813 -120.530182 -242.707224 -366.922991 -413.674426 -444.306273 -392.925397 -271.661737 -223.071016 -128.015162 81.145489 181.745331 134.317570 86.537373 54.011391 34.959222 25.332931 21.942531 22.401136 24.884210 28.016794 31.903842 35.790882 39.156518 41.692816 43.133526 43.137609 41.262999 36.878531 28.942758 15.450257 -6.615956 -47.434177 -4007.403748 -4381.187660 -4381.188119 -4381.188119 -4381.188119 -4381.188119 -4381.188119 -4381.188119 -4381.188119 -4381.188119 -4381.188119 -4381.188119 -4381.188119 -4381.188119 -4381.188119 -4381.188119 -4381.188119 -4381.188119 -4381.187468 -3956.013881 508.454570 428.068498 352.151552 278.459804 207.264783 140.361783 80.521293 29.918317 -10.386102 -39.742353 -60.571560 -75.558060 -85.441029 -92.382378 -97.692227 -102.193854 -106.430423 -110.702082 -115.183490 -120.093894 -125.769586 -132.631020 -139.757490 -147.617435 -156.497694 -166.639694 -178.709121 -191.234933 -204.130840 -218.401248 -234.971952 -255.113382 -281.054131 -317.302170 -375.101990 -455.195279 -579.455731 -984.866410 -3465.172326 -4374.001923 -9999.0 -9999.0
-9999.0 -9999.0 576.564992 493.908311 415.952578 339.788365 263.148016 183.710080 99.079899 2.235813 -120.530182 -242.707224 -366.922991 -413.674426 -444.306273 -392.925397 -271.661737 -223.071016 -128.015162 81.145489 181.745331 134.317570 86.537373 54.011391 34.959222 25.332931 21.942531 22.401136 24.884210 28.016794 31.903842 35.790882 39.156518 41.692816 43.133526 43.137609 41.262999 36.878531 28.942758 15.450257 -6.615956 -47.434177 -4007.403748 -4381.187660 -4381.188119 -4381.188119 -4381.188119 -4381.188119 -4381.188119 -4381.188119 -4381.188119 -4381.188119 -4381.188119 -4381.188119 -4381.188119 -4381.188119 -4381.188119 -4381.188119 -4381.188119 -4381.188119 -4381.187468 -3956.013881 508.454570 428.068498 352.151552 278.459804 207.264783 140.361783 80.521293 29.918317 -10.386102 -39.742353 -60.571560 -75.558060 -85.441029 -92.382378 -97.692227 -102.193854 -106.430423 -110.702082 -115.183490 -120.093894 -125.769586 -132.631020 -139.757490 -147.617435 -156.497694 -166.639694 -178.709121 -191.234933 -204.130840 -218.401248 -234.971952 -255.113382 -281.054131 -317.302170 -375.101990 -455.195279 -579.455730 -984.866412 -3465.172317 -4374.001923 -9999.0 -9999.0
-9999.0 -9999.0 576.536660 493.891142 415.944354 339.784707 263.146435 183.709393 99.079596 2.235676 -120.530268 -242.707298 -366.923057 -413.674437 -444.306274 -392.925397 -271.661737 -223.071016 -128.015162 81.145489 181.745331 134.317570 86.537373 54.011391 34.959222 25.332931 21.942530 22.401136 24.884210 28.016794 31.903842 35.790882 39.156518 41.692816 43.133526 43.137609 41.262999 36.878531 28.942758 15.450257 -6.615956 -47.434177 -4007.403748 -4381.187660 -4381.188119 -4381.188119 -4381.188119 -4381.188119 -4381.188119 -4381.188119 -4381.188119 -4381.188119 -4381.188119 -4381.188119 -4381.188119 -4381.188119 -4381.188119 -4381.188119 -4381.188119 -4381.188119 -4381.187468 -3956.013881 508.454570 428.068498 352.151552 278.459804 207.264783 140.361783 80.521293 29.918317 -10.386102 -39.742353 -60.571560 -75.558060 -85.441029 -92.382378 -97.692227 -102.193854 -106.430423 -110.702082 -115.183490 -120.093894 -125.769586 -132.631020 -139.757490 -147.617435 -156.497694 -166.639694 -178.709121 -191.234933 -204.130840 -218.401248 -234.971952 -255.113382 -281.054131 -317.302170 -375.101991 -455.195280 -579.455731 -984.866414 -3465.172344 -4374.001923 -9999.0 -9999.0
-9999.0 -9999.0 576.456279 493.859223 415.932743 339.780299 263.144687 183.708669 99.079285 2.235537 -120.530355 -242.707374 -366.923122 -413.674448 -444.306274 -392.925397 -271.661737 -223.071016 -128.015162 81.145488 181.745330 134.317570 86.537372 54.011390 34.959221 25.332930 21.942530 22.401136 24.884210 28.016794 31.903841 35.790882 39.156518 41.692816 43.133526 43.137609 41.262998 36.878531 28.942758 15.450257 -6.615956 -47.434177 -4007.403748 -4381.187660 -4381.188119 -4381.188119 -4381.188119 -4381.188119 -4381.188119 -4381.188119 -4381.188119 -4381.188119 -4381.188119 -4381.188119 -4381.188119 -4381.188119 -4381.188119 -4381.188119 -4381.188119 -4381.188119 -4381.187468 -3956.013881 508.454570 428.068498 352.151552 278.459804 207.264783 140.361783 80.521293 29.918317 -10.386102 -39.742353 -60.571560 -75.558060 -85.441029 -92.382378 -97.692227 -102.193854 -106.430423 -110.702082 -115.183490 -120.093894 -125.769586 -132.631020 -139.757490 -147.617435 -156.497694 -166.639694 -178.709121 -191.234933 -204.130840 -218.401248 -234.971952 -255.113382 -281.054132 -317.302171 -375.101991 -455.195280 -579.455732 -984.866420 -3465.172348 -4374.001923 -9999.0 -9999.0
-9999.0 -9999.0 -9999.0 -9999.0 -9999.0 -9999.0 -9999.0 -9999.0 -9999.0 -9999.0 -9999.0 -9999.0 -9999.0 -9999.0 -9999.0 -9999.0 -9999.0 -9999.0 -9999.0 -9999.0 -9999.0 -9999.0 -9999.0 -9999.0 -9999.0 -9999.0 -9999.0 -9999.0 -9999.0 -9999.0 -9999.0 -9999.0 -9999.0 -9999.0 -9999.0 -9999.0 -9999.0 -9999.0 -9999.0 -9999.0 -9999.0 -9999.0 -9999.0 -9999.0 -9999.0 -9999.0 -9999.0 -9999.0 -9999.0 -9999.0 -9999.0 -9999.0 -9999.0 -9999.0 -9999.0 -9999.0 -9999.0 -9999.0 -9999.0 -9999.0 -9999.0 -9999.0 -9999.0 -9999.0 -9999.0 -9999.0 -9999.0 -9999.0 -9999.0 -9999.0 -9999.0 -9999.0 -9999.0 -9999.0 -9999.0 -9999.0 -9999.0 -9999.0 -9999.0 -9999.0 -9999.0 -9999.0 -9999.0 -9999.0 -9999.0 -9999.0 -9999.0 -9999.0 -9999.0 -9999.0 -9999.0 -9999.0 -9999.0 -9999.0 -9999.0 -9999.0 -9999.0 -9999.0 -9999.0 -9999.0 -9999.0 -9999.0 -9999.0 -9999.0
-9999.0 -9999.0 -9999.0 -9999.0 -9999.0 -9999.0 -9999.0 -9999.0 -9999.0 -9999.0 -9999.0 -9999.0 -9999.0 -9999.0 -9999.0 -9999.0 -9999.0 -9999.0 -9999.0 -9999.0 -9999.0 -9999.0 -9999.0 -9999.0 -9999.0 -9999.0 -9999.0 -9999.0 -9999.0 -9999.0 -9999.0 -9999.0 -9999.0 -9999.0 -9999.0 -9999.0 -9999.0 -9999.0 -9999.0 -9999.0 -9999.0 -9999.0 -9999.0 -9999.0 -9999.0 -9999.0 -9999.0 -9999.0 -9999.0 -9999.0 -9999.0 -9999.0 -9999.0 -9999.0 -9999.0 -9999.0 -9999.0 -9999.0 -9999.0 -9999.0 -9999.0 -9999.0 -9999.0 -9999.0 -9999.0 -9999.0 -9999.0 -9999.0 -9999.0 -9999.0 -9999.0 -9999.0 -9999.0 -9999.0 -9999.0 -9999.0 -9999.0 -9999.0 -9999.0 -9999.0 -9999.0 -9999.0 -9999.0 -9999.0 -9999.0 -9999.0 -9999.0 -9999.0 -9999.0 -9999.0 -9999.0 -9999.0 -9999.0 -9999.0 -9999.0 -9999.0 -9999.0 -9999.0 -9999.0 -9999.0 -9999.0 -9999.0 -9999.0 -9999.0