inst/processing_geotop_simulation/geotop_simulation/out/maps3D/PwL0004N0068.asc
ncols         104
nrows         10
xllcorner     -2.000000
yllcorner     0.000000
cellsize      1.000000
NODATA_value  -9999.0
-9999.0 -9999.0 -9999.0 -9999.0 -9999.0 -9999.0 -9999.0 -9999.0 -9999.0 -9999.0 -9999.0 -9999.0 -9999.0 -9999.0 -9999.0 -9999.0 -9999.0 -9999.0 -9999.0 -9999.0 -9999.0 -9999.0 -9999.0 -9999.0 -9999.0 -9999.0 -9999.0 -9999.0 -9999.0 -9999.0 -9999.0 -9999.0 -9999.0 -9999.0 -9999.0 -9999.0 -9999.0 -9999.0 -9999.0 -9999.0 -9999.0 -9999.0 -9999.0 -9999.0 -9999.0 -9999.0 -9999.0 -9999.0 -9999.0 -9999.0 -9999.0 -9999.0 -9999.0 -9999.0 -9999.0 -9999.0 -9999.0 -9999.0 -9999.0 -9999.0 -9999.0 -9999.0 -9999.0 -9999.0 -9999.0 -9999.0 -9999.0 -9999.0 -9999.0 -9999.0 -9999.0 -9999.0 -9999.0 -9999.0 -9999.0 -9999.0 -9999.0 -9999.0 -9999.0 -9999.0 -9999.0 -9999.0 -9999.0 -9999.0 -9999.0 -9999.0 -9999.0 -9999.0 -9999.0 -9999.0 -9999.0 -9999.0 -9999.0 -9999.0 -9999.0 -9999.0 -9999.0 -9999.0 -9999.0 -9999.0 -9999.0 -9999.0 -9999.0 -9999.0
-9999.0 -9999.0 -9999.0 -9999.0 -9999.0 -9999.0 -9999.0 -9999.0 -9999.0 -9999.0 -9999.0 -9999.0 -9999.0 -9999.0 -9999.0 -9999.0 -9999.0 -9999.0 -9999.0 -9999.0 -9999.0 -9999.0 -9999.0 -9999.0 -9999.0 -9999.0 -9999.0 -9999.0 -9999.0 -9999.0 -9999.0 -9999.0 -9999.0 -9999.0 -9999.0 -9999.0 -9999.0 -9999.0 -9999.0 -9999.0 -9999.0 -9999.0 -9999.0 -9999.0 -9999.0 -9999.0 -9999.0 -9999.0 -9999.0 -9999.0 -9999.0 -9999.0 -9999.0 -9999.0 -9999.0 -9999.0 -9999.0 -9999.0 -9999.0 -9999.0 -9999.0 -9999.0 -9999.0 -9999.0 -9999.0 -9999.0 -9999.0 -9999.0 -9999.0 -9999.0 -9999.0 -9999.0 -9999.0 -9999.0 -9999.0 -9999.0 -9999.0 -9999.0 -9999.0 -9999.0 -9999.0 -9999.0 -9999.0 -9999.0 -9999.0 -9999.0 -9999.0 -9999.0 -9999.0 -9999.0 -9999.0 -9999.0 -9999.0 -9999.0 -9999.0 -9999.0 -9999.0 -9999.0 -9999.0 -9999.0 -9999.0 -9999.0 -9999.0 -9999.0
-9999.0 -9999.0 -249.692145 -354.644568 -469.674852 -609.336628 -777.214207 -947.370799 -1072.371866 -1126.668892 -1090.808267 -1033.020291 -1037.514392 -1055.418936 -1087.865947 -1137.776217 -1161.985555 -1164.850426 -1156.080693 -1145.189653 -1136.955964 -1132.752211 -1132.366756 -1135.011869 -1139.738302 -1145.596873 -1151.714714 -1157.396102 -1162.213167 -1166.013934 -1168.847387 -1170.867095 -1172.256280 -1173.183489 -1173.784453 -1174.161447 -1174.401216 -1174.613380 -1174.863714 -1175.097375 -1178.628300 -1207.257132 -857.082049 -856.447845 -837.330079 -825.790106 -820.430619 -819.729309 -819.661599 -819.678205 -819.708394 -819.740282 -819.770860 -819.799135 -819.825049 -819.852083 -819.915627 -820.327325 -823.151628 -829.660434 -840.772421 -828.825585 -1191.698757 -1178.009737 -1175.505338 -1175.047357 -1174.948051 -1174.930542 -1174.930825 -1174.934215 -1174.937515 -1174.940145 -1174.942132 -1174.943625 -1174.944760 -1174.945637 -1174.946329 -1174.946884 -1174.947341 -1174.947739 -1174.948118 -1174.948529 -1174.949034 -1174.949725 -1174.950738 -1174.952285 -1174.954704 -1174.958549 -1174.964738 -1174.974842 -1174.991633 -1175.020172 -1175.070026 -1175.159808 -1175.326363 -1175.643000 -1176.254962 -1177.449253 -1179.805354 -1184.576880 -1194.765547 -1219.017578 -9999.0 -9999.0
-9999.0 -9999.0 -249.692145 -354.644568 -469.674852 -609.336627 -777.214206 -947.370798 -1072.371866 -1126.668892 -1090.808267 -1033.020291 -1037.514392 -1055.418936 -1087.865947 -1137.776217 -1161.985555 -1164.850426 -1156.080693 -1145.189653 -1136.955964 -1132.752211 -1132.366756 -1135.011869 -1139.738302 -1145.596873 -1151.714714 -1157.396102 -1162.213167 -1166.013934 -1168.847387 -1170.867095 -1172.256280 -1173.183489 -1173.784453 -1174.161447 -1174.401216 -1174.613380 -1174.863714 -1175.097375 -1178.628300 -1207.257132 -857.082049 -856.447845 -837.330079 -825.790106 -820.430619 -819.729309 -819.661599 -819.678205 -819.708394 -819.740282 -819.770860 -819.799135 -819.825049 -819.852083 -819.915627 -820.327325 -823.151628 -829.660434 -840.772421 -828.825585 -1191.698757 -1178.009737 -1175.505338 -1175.047357 -1174.948051 -1174.930542 -1174.930825 -1174.934215 -1174.937515 -1174.940145 -1174.942132 -1174.943625 -1174.944760 -1174.945637 -1174.946329 -1174.946884 -1174.947341 -1174.947739 -1174.948118 -1174.948529 -1174.949034 -1174.949725 -1174.950738 -1174.952285 -1174.954704 -1174.958549 -1174.964738 -1174.974842 -1174.991633 -1175.020172 -1175.070026 -1175.159808 -1175.326363 -1175.643000 -1176.254962 -1177.449253 -1179.805354 -1184.576880 -1194.765547 -1219.017578 -9999.0 -9999.0
-9999.0 -9999.0 -249.692144 -354.644568 -469.674852 -609.336627 -777.214206 -947.370798 -1072.371867 -1126.668893 -1090.808267 -1033.020291 -1037.514392 -1055.418936 -1087.865947 -1137.776217 -1161.985555 -1164.850426 -1156.080693 -1145.189653 -1136.955964 -1132.752211 -1132.366756 -1135.011869 -1139.738302 -1145.596873 -1151.714714 -1157.396102 -1162.213167 -1166.013934 -1168.847387 -1170.867095 -1172.256280 -1173.183489 -1173.784453 -1174.161447 -1174.401216 -1174.613380 -1174.863714 -1175.097375 -1178.628300 -1207.257132 -857.082049 -856.447845 -837.330079 -825.790105 -820.430619 -819.729309 -819.661599 -819.678205 -819.708394 -819.740282 -819.770860 -819.799135 -819.825049 -819.852083 -819.915627 -820.327325 -823.151628 -829.660434 -840.772421 -828.825585 -1191.698757 -1178.009737 -1175.505338 -1175.047357 -1174.948051 -1174.930542 -1174.930825 -1174.934215 -1174.937515 -1174.940145 -1174.942132 -1174.943625 -1174.944760 -1174.945637 -1174.946329 -1174.946884 -1174.947341 -1174.947739 -1174.948118 -1174.948529 -1174.949034 -1174.949725 -1174.950738 -1174.952285 -1174.954704 -1174.958549 -1174.964738 -1174.974842 -1174.991633 -1175.020172 -1175.070026 -1175.159808 -1175.326363 -1175.643000 -1176.254962 -1177.449253 -1179.805354 -1184.576880 -1194.765547 -1219.017578 -9999.0 -9999.0
-9999.0 -9999.0 -249.692145 -354.644568 -469.674852 -609.336627 -777.214206 -947.370798 -1072.371867 -1126.668893 -1090.808267 -1033.020291 -1037.514392 -1055.418936 -1087.865947 -1137.776217 -1161.985555 -1164.850426 -1156.080693 -1145.189653 -1136.955964 -1132.752211 -1132.366756 -1135.011869 -1139.738302 -1145.596873 -1151.714714 -1157.396102 -1162.213167 -1166.013934 -1168.847387 -1170.867095 -1172.256280 -1173.183489 -1173.784453 -1174.161447 -1174.401216 -1174.613380 -1174.863714 -1175.097375 -1178.628300 -1207.257132 -857.082049 -856.447845 -837.330079 -825.790105 -820.430619 -819.729309 -819.661599 -819.678205 -819.708394 -819.740282 -819.770860 -819.799135 -819.825049 -819.852083 -819.915627 -820.327325 -823.151628 -829.660434 -840.772421 -828.825585 -1191.698757 -1178.009737 -1175.505338 -1175.047357 -1174.948051 -1174.930542 -1174.930825 -1174.934215 -1174.937515 -1174.940145 -1174.942132 -1174.943625 -1174.944760 -1174.945637 -1174.946329 -1174.946884 -1174.947341 -1174.947739 -1174.948118 -1174.948529 -1174.949034 -1174.949725 -1174.950738 -1174.952285 -1174.954704 -1174.958549 -1174.964738 -1174.974842 -1174.991633 -1175.020172 -1175.070026 -1175.159808 -1175.326363 -1175.643000 -1176.254962 -1177.449253 -1179.805354 -1184.576880 -1194.765547 -1219.017578 -9999.0 -9999.0
-9999.0 -9999.0 -249.692145 -354.644568 -469.674852 -609.336627 -777.214206 -947.370798 -1072.371866 -1126.668892 -1090.808267 -1033.020291 -1037.514392 -1055.418936 -1087.865947 -1137.776217 -1161.985555 -1164.850426 -1156.080693 -1145.189653 -1136.955964 -1132.752211 -1132.366756 -1135.011869 -1139.738302 -1145.596873 -1151.714714 -1157.396102 -1162.213167 -1166.013934 -1168.847387 -1170.867095 -1172.256280 -1173.183489 -1173.784453 -1174.161447 -1174.401216 -1174.613380 -1174.863714 -1175.097375 -1178.628300 -1207.257132 -857.082049 -856.447845 -837.330079 -825.790106 -820.430619 -819.729309 -819.661599 -819.678205 -819.708394 -819.740282 -819.770860 -819.799135 -819.825049 -819.852083 -819.915627 -820.327325 -823.151628 -829.660434 -840.772421 -828.825585 -1191.698757 -1178.009737 -1175.505338 -1175.047357 -1174.948051 -1174.930542 -1174.930825 -1174.934215 -1174.937515 -1174.940145 -1174.942132 -1174.943625 -1174.944760 -1174.945637 -1174.946329 -1174.946884 -1174.947341 -1174.947739 -1174.948118 -1174.948529 -1174.949034 -1174.949725 -1174.950738 -1174.952285 -1174.954704 -1174.958549 -1174.964738 -1174.974842 -1174.991633 -1175.020172 -1175.070026 -1175.159808 -1175.326363 -1175.643000 -1176.254962 -1177.449253 -1179.805354 -1184.576880 -1194.765547 -1219.017578 -9999.0 -9999.0
-9999.0 -9999.0 -249.692145 -354.644568 -469.674852 -609.336628 -777.214207 -947.370799 -1072.371866 -1126.668892 -1090.808267 -1033.020291 -1037.514392 -1055.418936 -1087.865947 -1137.776217 -1161.985555 -1164.850426 -1156.080693 -1145.189653 -1136.955964 -1132.752211 -1132.366756 -1135.011869 -1139.738302 -1145.596873 -1151.714714 -1157.396102 -1162.213167 -1166.013934 -1168.847387 -1170.867095 -1172.256280 -1173.183489 -1173.784453 -1174.161447 -1174.401216 -1174.613380 -1174.863714 -1175.097375 -1178.628300 -1207.257132 -857.082049 -856.447845 -837.330079 -825.790106 -820.430619 -819.729309 -819.661599 -819.678205 -819.708394 -819.740282 -819.770860 -819.799135 -819.825049 -819.852083 -819.915627 -820.327325 -823.151628 -829.660434 -840.772421 -828.825585 -1191.698757 -1178.009737 -1175.505338 -1175.047357 -1174.948051 -1174.930542 -1174.930825 -1174.934215 -1174.937515 -1174.940145 -1174.942132 -1174.943625 -1174.944760 -1174.945637 -1174.946329 -1174.946884 -1174.947341 -1174.947739 -1174.948118 -1174.948529 -1174.949034 -1174.949725 -1174.950738 -1174.952285 -1174.954704 -1174.958549 -1174.964738 -1174.974842 -1174.991633 -1175.020172 -1175.070026 -1175.159808 -1175.326363 -1175.643000 -1176.254962 -1177.449253 -1179.805354 -1184.576880 -1194.765547 -1219.017578 -9999.0 -9999.0
-9999.0 -9999.0 -9999.0 -9999.0 -9999.0 -9999.0 -9999.0 -9999.0 -9999.0 -9999.0 -9999.0 -9999.0 -9999.0 -9999.0 -9999.0 -9999.0 -9999.0 -9999.0 -9999.0 -9999.0 -9999.0 -9999.0 -9999.0 -9999.0 -9999.0 -9999.0 -9999.0 -9999.0 -9999.0 -9999.0 -9999.0 -9999.0 -9999.0 -9999.0 -9999.0 -9999.0 -9999.0 -9999.0 -9999.0 -9999.0 -9999.0 -9999.0 -9999.0 -9999.0 -9999.0 -9999.0 -9999.0 -9999.0 -9999.0 -9999.0 -9999.0 -9999.0 -9999.0 -9999.0 -9999.0 -9999.0 -9999.0 -9999.0 -9999.0 -9999.0 -9999.0 -9999.0 -9999.0 -9999.0 -9999.0 -9999.0 -9999.0 -9999.0 -9999.0 -9999.0 -9999.0 -9999.0 -9999.0 -9999.0 -9999.0 -9999.0 -9999.0 -9999.0 -9999.0 -9999.0 -9999.0 -9999.0 -9999.0 -9999.0 -9999.0 -9999.0 -9999.0 -9999.0 -9999.0 -9999.0 -9999.0 -9999.0 -9999.0 -9999.0 -9999.0 -9999.0 -9999.0 -9999.0 -9999.0 -9999.0 -9999.0 -9999.0 -9999.0 -9999.0
-9999.0 -9999.0 -9999.0 -9999.0 -9999.0 -9999.0 -9999.0 -9999.0 -9999.0 -9999.0 -9999.0 -9999.0 -9999.0 -9999.0 -9999.0 -9999.0 -9999.0 -9999.0 -9999.0 -9999.0 -9999.0 -9999.0 -9999.0 -9999.0 -9999.0 -9999.0 -9999.0 -9999.0 -9999.0 -9999.0 -9999.0 -9999.0 -9999.0 -9999.0 -9999.0 -9999.0 -9999.0 -9999.0 -9999.0 -9999.0 -9999.0 -9999.0 -9999.0 -9999.0 -9999.0 -9999.0 -9999.0 -9999.0 -9999.0 -9999.0 -9999.0 -9999.0 -9999.0 -9999.0 -9999.0 -9999.0 -9999.0 -9999.0 -9999.0 -9999.0 -9999.0 -9999.0 -9999.0 -9999.0 -9999.0 -9999.0 -9999.0 -9999.0 -9999.0 -9999.0 -9999.0 -9999.0 -9999.0 -9999.0 -9999.0 -9999.0 -9999.0 -9999.0 -9999.0 -9999.0 -9999.0 -9999.0 -9999.0 -9999.0 -9999.0 -9999.0 -9999.0 -9999.0 -9999.0 -9999.0 -9999.0 -9999.0 -9999.0 -9999.0 -9999.0 -9999.0 -9999.0 -9999.0 -9999.0 -9999.0 -9999.0 -9999.0 -9999.0 -9999.0