inst/processing_geotop_simulation/geotop_simulation/out/maps3D/PwL0010N0477.asc
ncols         104
nrows         10
xllcorner     -2.000000
yllcorner     0.000000
cellsize      1.000000
NODATA_value  -9999.0
-9999.0 -9999.0 -9999.0 -9999.0 -9999.0 -9999.0 -9999.0 -9999.0 -9999.0 -9999.0 -9999.0 -9999.0 -9999.0 -9999.0 -9999.0 -9999.0 -9999.0 -9999.0 -9999.0 -9999.0 -9999.0 -9999.0 -9999.0 -9999.0 -9999.0 -9999.0 -9999.0 -9999.0 -9999.0 -9999.0 -9999.0 -9999.0 -9999.0 -9999.0 -9999.0 -9999.0 -9999.0 -9999.0 -9999.0 -9999.0 -9999.0 -9999.0 -9999.0 -9999.0 -9999.0 -9999.0 -9999.0 -9999.0 -9999.0 -9999.0 -9999.0 -9999.0 -9999.0 -9999.0 -9999.0 -9999.0 -9999.0 -9999.0 -9999.0 -9999.0 -9999.0 -9999.0 -9999.0 -9999.0 -9999.0 -9999.0 -9999.0 -9999.0 -9999.0 -9999.0 -9999.0 -9999.0 -9999.0 -9999.0 -9999.0 -9999.0 -9999.0 -9999.0 -9999.0 -9999.0 -9999.0 -9999.0 -9999.0 -9999.0 -9999.0 -9999.0 -9999.0 -9999.0 -9999.0 -9999.0 -9999.0 -9999.0 -9999.0 -9999.0 -9999.0 -9999.0 -9999.0 -9999.0 -9999.0 -9999.0 -9999.0 -9999.0 -9999.0 -9999.0
-9999.0 -9999.0 -9999.0 -9999.0 -9999.0 -9999.0 -9999.0 -9999.0 -9999.0 -9999.0 -9999.0 -9999.0 -9999.0 -9999.0 -9999.0 -9999.0 -9999.0 -9999.0 -9999.0 -9999.0 -9999.0 -9999.0 -9999.0 -9999.0 -9999.0 -9999.0 -9999.0 -9999.0 -9999.0 -9999.0 -9999.0 -9999.0 -9999.0 -9999.0 -9999.0 -9999.0 -9999.0 -9999.0 -9999.0 -9999.0 -9999.0 -9999.0 -9999.0 -9999.0 -9999.0 -9999.0 -9999.0 -9999.0 -9999.0 -9999.0 -9999.0 -9999.0 -9999.0 -9999.0 -9999.0 -9999.0 -9999.0 -9999.0 -9999.0 -9999.0 -9999.0 -9999.0 -9999.0 -9999.0 -9999.0 -9999.0 -9999.0 -9999.0 -9999.0 -9999.0 -9999.0 -9999.0 -9999.0 -9999.0 -9999.0 -9999.0 -9999.0 -9999.0 -9999.0 -9999.0 -9999.0 -9999.0 -9999.0 -9999.0 -9999.0 -9999.0 -9999.0 -9999.0 -9999.0 -9999.0 -9999.0 -9999.0 -9999.0 -9999.0 -9999.0 -9999.0 -9999.0 -9999.0 -9999.0 -9999.0 -9999.0 -9999.0 -9999.0 -9999.0
-9999.0 -9999.0 472.147885 373.331052 274.137164 174.767121 75.322678 -24.151042 -123.632895 -223.113534 -322.584190 -422.032140 -521.435050 -620.749242 -719.921198 -819.147647 -918.310881 -1017.401211 -1116.410700 -1214.677834 -1311.889377 -1406.926482 -1497.868343 -1582.203774 -1657.492845 -1722.049541 -1775.284518 -1817.652207 -1850.346542 -1874.930397 -1893.027073 -1906.122420 -1915.470484 -1922.072243 -1926.696213 -1929.919451 -1932.183953 -1933.898381 -1935.675717 -1938.534044 -1939.911779 -1899.026176 -1331.102530 -1473.988116 -1437.283886 -1412.421024 -1400.998354 -1399.338909 -1399.163026 -1399.177802 -1399.219567 -1399.264594 -1399.307873 -1399.347956 -1399.385239 -1399.429360 -1399.571506 -1400.542150 -1406.522168 -1419.920633 -1433.048133 -1276.564563 -1863.517726 -1933.059228 -1937.759772 -1937.346391 -1937.122897 -1937.070364 -1937.060838 -1937.059640 -1937.059851 -1937.060229 -1937.060569 -1937.060849 -1937.061080 -1937.061274 -1937.061442 -1937.061591 -1937.061729 -1937.061861 -1937.061996 -1937.062142 -1937.062311 -1937.062522 -1937.062803 -1937.063197 -1937.063777 -1937.064665 -1937.066072 -1937.068375 -1937.072274 -1937.079106 -1937.091502 -1937.114759 -1937.159870 -1937.250619 -1937.441582 -1937.867387 -1938.887931 -1941.559679 -1949.338520 -1974.868476 -9999.0 -9999.0
-9999.0 -9999.0 472.153226 373.332534 274.137576 174.767246 75.322718 -24.151028 -123.632890 -223.113532 -322.584189 -422.032140 -521.435050 -620.749242 -719.921197 -819.147647 -918.310881 -1017.401212 -1116.410700 -1214.677834 -1311.889377 -1406.926482 -1497.868343 -1582.203774 -1657.492845 -1722.049542 -1775.284519 -1817.652207 -1850.346542 -1874.930397 -1893.027073 -1906.122420 -1915.470484 -1922.072243 -1926.696213 -1929.919451 -1932.183953 -1933.898381 -1935.675717 -1938.534044 -1939.911779 -1899.026176 -1331.102529 -1473.988116 -1437.283886 -1412.421023 -1400.998354 -1399.338909 -1399.163026 -1399.177802 -1399.219567 -1399.264594 -1399.307873 -1399.347956 -1399.385239 -1399.429360 -1399.571506 -1400.542150 -1406.522168 -1419.920633 -1433.048133 -1276.564563 -1863.517726 -1933.059228 -1937.759772 -1937.346391 -1937.122897 -1937.070363 -1937.060838 -1937.059640 -1937.059851 -1937.060229 -1937.060569 -1937.060849 -1937.061080 -1937.061274 -1937.061442 -1937.061591 -1937.061729 -1937.061861 -1937.061996 -1937.062142 -1937.062311 -1937.062522 -1937.062803 -1937.063197 -1937.063777 -1937.064665 -1937.066072 -1937.068375 -1937.072274 -1937.079106 -1937.091502 -1937.114759 -1937.159870 -1937.250619 -1937.441582 -1937.867386 -1938.887931 -1941.559679 -1949.338519 -1974.868476 -9999.0 -9999.0
-9999.0 -9999.0 472.154492 373.333200 274.137843 174.767344 75.322753 -24.151016 -123.632885 -223.113530 -322.584188 -422.032139 -521.435050 -620.749242 -719.921197 -819.147647 -918.310882 -1017.401212 -1116.410701 -1214.677834 -1311.889377 -1406.926482 -1497.868343 -1582.203774 -1657.492845 -1722.049542 -1775.284519 -1817.652207 -1850.346542 -1874.930397 -1893.027073 -1906.122421 -1915.470484 -1922.072243 -1926.696213 -1929.919451 -1932.183953 -1933.898381 -1935.675717 -1938.534044 -1939.911779 -1899.026176 -1331.102529 -1473.988116 -1437.283886 -1412.421023 -1400.998354 -1399.338909 -1399.163026 -1399.177802 -1399.219567 -1399.264594 -1399.307873 -1399.347956 -1399.385239 -1399.429360 -1399.571506 -1400.542150 -1406.522168 -1419.920633 -1433.048133 -1276.564563 -1863.517726 -1933.059228 -1937.759772 -1937.346391 -1937.122897 -1937.070363 -1937.060838 -1937.059640 -1937.059851 -1937.060229 -1937.060569 -1937.060849 -1937.061080 -1937.061274 -1937.061442 -1937.061591 -1937.061729 -1937.061861 -1937.061996 -1937.062142 -1937.062311 -1937.062522 -1937.062803 -1937.063197 -1937.063777 -1937.064665 -1937.066072 -1937.068375 -1937.072274 -1937.079106 -1937.091502 -1937.114759 -1937.159870 -1937.250619 -1937.441582 -1937.867386 -1938.887931 -1941.559679 -1949.338519 -1974.868476 -9999.0 -9999.0
-9999.0 -9999.0 472.154492 373.333200 274.137843 174.767344 75.322753 -24.151016 -123.632885 -223.113530 -322.584188 -422.032139 -521.435050 -620.749242 -719.921197 -819.147647 -918.310882 -1017.401212 -1116.410701 -1214.677834 -1311.889377 -1406.926482 -1497.868343 -1582.203774 -1657.492845 -1722.049542 -1775.284519 -1817.652207 -1850.346542 -1874.930397 -1893.027073 -1906.122421 -1915.470484 -1922.072243 -1926.696213 -1929.919451 -1932.183953 -1933.898381 -1935.675717 -1938.534044 -1939.911779 -1899.026176 -1331.102529 -1473.988116 -1437.283886 -1412.421023 -1400.998354 -1399.338909 -1399.163026 -1399.177802 -1399.219567 -1399.264594 -1399.307873 -1399.347956 -1399.385239 -1399.429360 -1399.571506 -1400.542150 -1406.522168 -1419.920633 -1433.048133 -1276.564563 -1863.517726 -1933.059228 -1937.759772 -1937.346391 -1937.122897 -1937.070363 -1937.060838 -1937.059640 -1937.059851 -1937.060229 -1937.060569 -1937.060849 -1937.061080 -1937.061274 -1937.061442 -1937.061591 -1937.061729 -1937.061861 -1937.061996 -1937.062142 -1937.062311 -1937.062522 -1937.062803 -1937.063197 -1937.063777 -1937.064665 -1937.066072 -1937.068375 -1937.072274 -1937.079106 -1937.091502 -1937.114759 -1937.159870 -1937.250619 -1937.441582 -1937.867386 -1938.887931 -1941.559679 -1949.338519 -1974.868476 -9999.0 -9999.0
-9999.0 -9999.0 472.153226 373.332534 274.137576 174.767246 75.322718 -24.151028 -123.632890 -223.113532 -322.584189 -422.032139 -521.435050 -620.749242 -719.921197 -819.147647 -918.310882 -1017.401212 -1116.410701 -1214.677834 -1311.889377 -1406.926482 -1497.868343 -1582.203774 -1657.492845 -1722.049542 -1775.284519 -1817.652207 -1850.346542 -1874.930397 -1893.027073 -1906.122420 -1915.470484 -1922.072243 -1926.696213 -1929.919451 -1932.183953 -1933.898381 -1935.675717 -1938.534044 -1939.911779 -1899.026176 -1331.102529 -1473.988116 -1437.283886 -1412.421023 -1400.998354 -1399.338909 -1399.163026 -1399.177802 -1399.219567 -1399.264594 -1399.307873 -1399.347956 -1399.385239 -1399.429360 -1399.571506 -1400.542150 -1406.522168 -1419.920633 -1433.048133 -1276.564563 -1863.517726 -1933.059228 -1937.759772 -1937.346391 -1937.122897 -1937.070363 -1937.060838 -1937.059640 -1937.059851 -1937.060229 -1937.060569 -1937.060849 -1937.061080 -1937.061274 -1937.061442 -1937.061591 -1937.061729 -1937.061861 -1937.061996 -1937.062142 -1937.062311 -1937.062522 -1937.062803 -1937.063197 -1937.063777 -1937.064665 -1937.066072 -1937.068375 -1937.072274 -1937.079106 -1937.091502 -1937.114759 -1937.159870 -1937.250619 -1937.441582 -1937.867386 -1938.887931 -1941.559679 -1949.338519 -1974.868476 -9999.0 -9999.0
-9999.0 -9999.0 472.147885 373.331052 274.137164 174.767121 75.322678 -24.151042 -123.632895 -223.113534 -322.584190 -422.032140 -521.435050 -620.749242 -719.921197 -819.147647 -918.310881 -1017.401211 -1116.410700 -1214.677834 -1311.889377 -1406.926482 -1497.868343 -1582.203774 -1657.492845 -1722.049541 -1775.284518 -1817.652207 -1850.346542 -1874.930397 -1893.027073 -1906.122420 -1915.470484 -1922.072243 -1926.696213 -1929.919451 -1932.183953 -1933.898381 -1935.675717 -1938.534044 -1939.911779 -1899.026176 -1331.102530 -1473.988116 -1437.283886 -1412.421024 -1400.998354 -1399.338909 -1399.163026 -1399.177802 -1399.219567 -1399.264594 -1399.307873 -1399.347956 -1399.385239 -1399.429360 -1399.571506 -1400.542150 -1406.522168 -1419.920633 -1433.048133 -1276.564563 -1863.517726 -1933.059228 -1937.759772 -1937.346391 -1937.122897 -1937.070364 -1937.060838 -1937.059640 -1937.059851 -1937.060229 -1937.060569 -1937.060849 -1937.061080 -1937.061274 -1937.061442 -1937.061591 -1937.061729 -1937.061861 -1937.061996 -1937.062142 -1937.062311 -1937.062522 -1937.062803 -1937.063197 -1937.063777 -1937.064665 -1937.066072 -1937.068375 -1937.072274 -1937.079106 -1937.091502 -1937.114759 -1937.159870 -1937.250619 -1937.441582 -1937.867387 -1938.887931 -1941.559679 -1949.338520 -1974.868476 -9999.0 -9999.0
-9999.0 -9999.0 -9999.0 -9999.0 -9999.0 -9999.0 -9999.0 -9999.0 -9999.0 -9999.0 -9999.0 -9999.0 -9999.0 -9999.0 -9999.0 -9999.0 -9999.0 -9999.0 -9999.0 -9999.0 -9999.0 -9999.0 -9999.0 -9999.0 -9999.0 -9999.0 -9999.0 -9999.0 -9999.0 -9999.0 -9999.0 -9999.0 -9999.0 -9999.0 -9999.0 -9999.0 -9999.0 -9999.0 -9999.0 -9999.0 -9999.0 -9999.0 -9999.0 -9999.0 -9999.0 -9999.0 -9999.0 -9999.0 -9999.0 -9999.0 -9999.0 -9999.0 -9999.0 -9999.0 -9999.0 -9999.0 -9999.0 -9999.0 -9999.0 -9999.0 -9999.0 -9999.0 -9999.0 -9999.0 -9999.0 -9999.0 -9999.0 -9999.0 -9999.0 -9999.0 -9999.0 -9999.0 -9999.0 -9999.0 -9999.0 -9999.0 -9999.0 -9999.0 -9999.0 -9999.0 -9999.0 -9999.0 -9999.0 -9999.0 -9999.0 -9999.0 -9999.0 -9999.0 -9999.0 -9999.0 -9999.0 -9999.0 -9999.0 -9999.0 -9999.0 -9999.0 -9999.0 -9999.0 -9999.0 -9999.0 -9999.0 -9999.0 -9999.0 -9999.0
-9999.0 -9999.0 -9999.0 -9999.0 -9999.0 -9999.0 -9999.0 -9999.0 -9999.0 -9999.0 -9999.0 -9999.0 -9999.0 -9999.0 -9999.0 -9999.0 -9999.0 -9999.0 -9999.0 -9999.0 -9999.0 -9999.0 -9999.0 -9999.0 -9999.0 -9999.0 -9999.0 -9999.0 -9999.0 -9999.0 -9999.0 -9999.0 -9999.0 -9999.0 -9999.0 -9999.0 -9999.0 -9999.0 -9999.0 -9999.0 -9999.0 -9999.0 -9999.0 -9999.0 -9999.0 -9999.0 -9999.0 -9999.0 -9999.0 -9999.0 -9999.0 -9999.0 -9999.0 -9999.0 -9999.0 -9999.0 -9999.0 -9999.0 -9999.0 -9999.0 -9999.0 -9999.0 -9999.0 -9999.0 -9999.0 -9999.0 -9999.0 -9999.0 -9999.0 -9999.0 -9999.0 -9999.0 -9999.0 -9999.0 -9999.0 -9999.0 -9999.0 -9999.0 -9999.0 -9999.0 -9999.0 -9999.0 -9999.0 -9999.0 -9999.0 -9999.0 -9999.0 -9999.0 -9999.0 -9999.0 -9999.0 -9999.0 -9999.0 -9999.0 -9999.0 -9999.0 -9999.0 -9999.0 -9999.0 -9999.0 -9999.0 -9999.0 -9999.0 -9999.0