inst/processing_geotop_simulation/geotop_simulation/out/maps3D/PwL0003N0198.asc
ncols         104
nrows         10
xllcorner     -2.000000
yllcorner     0.000000
cellsize      1.000000
NODATA_value  -9999.0
-9999.0 -9999.0 -9999.0 -9999.0 -9999.0 -9999.0 -9999.0 -9999.0 -9999.0 -9999.0 -9999.0 -9999.0 -9999.0 -9999.0 -9999.0 -9999.0 -9999.0 -9999.0 -9999.0 -9999.0 -9999.0 -9999.0 -9999.0 -9999.0 -9999.0 -9999.0 -9999.0 -9999.0 -9999.0 -9999.0 -9999.0 -9999.0 -9999.0 -9999.0 -9999.0 -9999.0 -9999.0 -9999.0 -9999.0 -9999.0 -9999.0 -9999.0 -9999.0 -9999.0 -9999.0 -9999.0 -9999.0 -9999.0 -9999.0 -9999.0 -9999.0 -9999.0 -9999.0 -9999.0 -9999.0 -9999.0 -9999.0 -9999.0 -9999.0 -9999.0 -9999.0 -9999.0 -9999.0 -9999.0 -9999.0 -9999.0 -9999.0 -9999.0 -9999.0 -9999.0 -9999.0 -9999.0 -9999.0 -9999.0 -9999.0 -9999.0 -9999.0 -9999.0 -9999.0 -9999.0 -9999.0 -9999.0 -9999.0 -9999.0 -9999.0 -9999.0 -9999.0 -9999.0 -9999.0 -9999.0 -9999.0 -9999.0 -9999.0 -9999.0 -9999.0 -9999.0 -9999.0 -9999.0 -9999.0 -9999.0 -9999.0 -9999.0 -9999.0 -9999.0
-9999.0 -9999.0 -9999.0 -9999.0 -9999.0 -9999.0 -9999.0 -9999.0 -9999.0 -9999.0 -9999.0 -9999.0 -9999.0 -9999.0 -9999.0 -9999.0 -9999.0 -9999.0 -9999.0 -9999.0 -9999.0 -9999.0 -9999.0 -9999.0 -9999.0 -9999.0 -9999.0 -9999.0 -9999.0 -9999.0 -9999.0 -9999.0 -9999.0 -9999.0 -9999.0 -9999.0 -9999.0 -9999.0 -9999.0 -9999.0 -9999.0 -9999.0 -9999.0 -9999.0 -9999.0 -9999.0 -9999.0 -9999.0 -9999.0 -9999.0 -9999.0 -9999.0 -9999.0 -9999.0 -9999.0 -9999.0 -9999.0 -9999.0 -9999.0 -9999.0 -9999.0 -9999.0 -9999.0 -9999.0 -9999.0 -9999.0 -9999.0 -9999.0 -9999.0 -9999.0 -9999.0 -9999.0 -9999.0 -9999.0 -9999.0 -9999.0 -9999.0 -9999.0 -9999.0 -9999.0 -9999.0 -9999.0 -9999.0 -9999.0 -9999.0 -9999.0 -9999.0 -9999.0 -9999.0 -9999.0 -9999.0 -9999.0 -9999.0 -9999.0 -9999.0 -9999.0 -9999.0 -9999.0 -9999.0 -9999.0 -9999.0 -9999.0 -9999.0 -9999.0
-9999.0 -9999.0 129.699471 38.020755 -57.748827 -154.596646 -251.846091 -349.227974 -446.598374 -543.841243 -640.709811 -736.857116 -832.373369 -926.995641 -1021.440049 -1115.982164 -1208.648316 -1299.628806 -1388.794677 -1472.196251 -1542.694521 -1596.968696 -1635.868004 -1662.497303 -1680.306213 -1692.137515 -1700.020851 -1705.301016 -1708.845896 -1711.220858 -1712.803838 -1713.852190 -1714.542188 -1714.993904 -1715.288464 -1715.481972 -1715.619990 -1715.765438 -1716.141085 -1717.931312 -1725.280627 -1720.494623 -1074.047872 -1075.313658 -1062.910228 -1055.048231 -1051.364929 -1050.829217 -1050.773664 -1050.781133 -1050.797996 -1050.816022 -1050.833335 -1050.849360 -1050.864173 -1050.880832 -1050.928797 -1051.247806 -1053.204877 -1057.604588 -1064.285492 -1054.275672 -1698.952359 -1720.341776 -1716.955739 -1716.088685 -1715.945698 -1715.923558 -1715.920774 -1715.921259 -1715.922172 -1715.922978 -1715.923608 -1715.924087 -1715.924453 -1715.924737 -1715.924961 -1715.925142 -1715.925293 -1715.925427 -1715.925558 -1715.925704 -1715.925887 -1715.926141 -1715.926518 -1715.927097 -1715.928008 -1715.929466 -1715.931834 -1715.935748 -1715.942355 -1715.953800 -1715.974209 -1716.011707 -1716.082511 -1716.219412 -1716.490356 -1717.043601 -1718.229731 -1720.960958 -1727.958245 -1749.757434 -9999.0 -9999.0
-9999.0 -9999.0 129.710905 38.022961 -57.748272 -154.596485 -251.846040 -349.227957 -446.598368 -543.841241 -640.709810 -736.857116 -832.373368 -926.995641 -1021.440049 -1115.982164 -1208.648317 -1299.628806 -1388.794677 -1472.196251 -1542.694522 -1596.968696 -1635.868004 -1662.497303 -1680.306213 -1692.137515 -1700.020851 -1705.301016 -1708.845896 -1711.220858 -1712.803838 -1713.852190 -1714.542188 -1714.993904 -1715.288464 -1715.481972 -1715.619990 -1715.765438 -1716.141085 -1717.931312 -1725.280627 -1720.494623 -1074.047872 -1075.313658 -1062.910228 -1055.048231 -1051.364929 -1050.829217 -1050.773664 -1050.781133 -1050.797996 -1050.816022 -1050.833335 -1050.849360 -1050.864173 -1050.880832 -1050.928797 -1051.247806 -1053.204877 -1057.604588 -1064.285492 -1054.275672 -1698.952359 -1720.341776 -1716.955739 -1716.088685 -1715.945698 -1715.923558 -1715.920774 -1715.921259 -1715.922172 -1715.922978 -1715.923608 -1715.924087 -1715.924453 -1715.924737 -1715.924961 -1715.925142 -1715.925293 -1715.925427 -1715.925558 -1715.925704 -1715.925887 -1715.926141 -1715.926518 -1715.927097 -1715.928008 -1715.929466 -1715.931834 -1715.935748 -1715.942355 -1715.953800 -1715.974209 -1716.011707 -1716.082511 -1716.219412 -1716.490356 -1717.043601 -1718.229731 -1720.960958 -1727.958245 -1749.757434 -9999.0 -9999.0
-9999.0 -9999.0 129.712331 38.023847 -57.747921 -154.596358 -251.845995 -349.227941 -446.598362 -543.841239 -640.709809 -736.857116 -832.373368 -926.995641 -1021.440049 -1115.982164 -1208.648317 -1299.628806 -1388.794678 -1472.196251 -1542.694522 -1596.968696 -1635.868004 -1662.497303 -1680.306213 -1692.137515 -1700.020851 -1705.301016 -1708.845896 -1711.220858 -1712.803838 -1713.852190 -1714.542188 -1714.993904 -1715.288464 -1715.481972 -1715.619990 -1715.765438 -1716.141085 -1717.931312 -1725.280627 -1720.494623 -1074.047872 -1075.313658 -1062.910228 -1055.048231 -1051.364929 -1050.829217 -1050.773664 -1050.781133 -1050.797996 -1050.816022 -1050.833335 -1050.849360 -1050.864173 -1050.880832 -1050.928797 -1051.247806 -1053.204877 -1057.604588 -1064.285492 -1054.275673 -1698.952359 -1720.341776 -1716.955739 -1716.088685 -1715.945698 -1715.923558 -1715.920774 -1715.921259 -1715.922172 -1715.922978 -1715.923608 -1715.924087 -1715.924453 -1715.924737 -1715.924961 -1715.925142 -1715.925293 -1715.925427 -1715.925558 -1715.925704 -1715.925887 -1715.926141 -1715.926518 -1715.927097 -1715.928008 -1715.929466 -1715.931834 -1715.935748 -1715.942355 -1715.953800 -1715.974209 -1716.011707 -1716.082511 -1716.219412 -1716.490356 -1717.043601 -1718.229731 -1720.960958 -1727.958245 -1749.757434 -9999.0 -9999.0
-9999.0 -9999.0 129.712331 38.023847 -57.747921 -154.596358 -251.845995 -349.227941 -446.598362 -543.841239 -640.709809 -736.857116 -832.373368 -926.995641 -1021.440049 -1115.982164 -1208.648317 -1299.628806 -1388.794678 -1472.196251 -1542.694522 -1596.968696 -1635.868004 -1662.497303 -1680.306213 -1692.137515 -1700.020851 -1705.301016 -1708.845896 -1711.220858 -1712.803838 -1713.852190 -1714.542188 -1714.993904 -1715.288464 -1715.481972 -1715.619990 -1715.765438 -1716.141085 -1717.931312 -1725.280627 -1720.494623 -1074.047872 -1075.313658 -1062.910228 -1055.048231 -1051.364929 -1050.829217 -1050.773664 -1050.781133 -1050.797996 -1050.816022 -1050.833335 -1050.849360 -1050.864173 -1050.880832 -1050.928797 -1051.247806 -1053.204877 -1057.604588 -1064.285492 -1054.275673 -1698.952359 -1720.341776 -1716.955739 -1716.088685 -1715.945698 -1715.923558 -1715.920774 -1715.921259 -1715.922172 -1715.922978 -1715.923608 -1715.924087 -1715.924453 -1715.924737 -1715.924961 -1715.925142 -1715.925293 -1715.925427 -1715.925558 -1715.925704 -1715.925887 -1715.926141 -1715.926518 -1715.927097 -1715.928008 -1715.929466 -1715.931834 -1715.935748 -1715.942355 -1715.953800 -1715.974209 -1716.011707 -1716.082511 -1716.219412 -1716.490356 -1717.043601 -1718.229731 -1720.960958 -1727.958245 -1749.757434 -9999.0 -9999.0
-9999.0 -9999.0 129.710905 38.022961 -57.748272 -154.596485 -251.846040 -349.227956 -446.598368 -543.841241 -640.709810 -736.857116 -832.373368 -926.995641 -1021.440049 -1115.982164 -1208.648317 -1299.628806 -1388.794677 -1472.196251 -1542.694522 -1596.968696 -1635.868004 -1662.497303 -1680.306213 -1692.137515 -1700.020851 -1705.301016 -1708.845896 -1711.220858 -1712.803838 -1713.852190 -1714.542188 -1714.993904 -1715.288464 -1715.481972 -1715.619990 -1715.765438 -1716.141085 -1717.931312 -1725.280627 -1720.494623 -1074.047872 -1075.313658 -1062.910228 -1055.048231 -1051.364929 -1050.829217 -1050.773664 -1050.781133 -1050.797996 -1050.816022 -1050.833335 -1050.849360 -1050.864173 -1050.880832 -1050.928797 -1051.247806 -1053.204877 -1057.604588 -1064.285492 -1054.275672 -1698.952359 -1720.341776 -1716.955739 -1716.088685 -1715.945698 -1715.923558 -1715.920774 -1715.921259 -1715.922172 -1715.922978 -1715.923608 -1715.924087 -1715.924453 -1715.924737 -1715.924961 -1715.925142 -1715.925293 -1715.925427 -1715.925558 -1715.925704 -1715.925887 -1715.926141 -1715.926518 -1715.927097 -1715.928008 -1715.929466 -1715.931834 -1715.935748 -1715.942355 -1715.953800 -1715.974209 -1716.011707 -1716.082511 -1716.219412 -1716.490356 -1717.043601 -1718.229731 -1720.960958 -1727.958245 -1749.757434 -9999.0 -9999.0
-9999.0 -9999.0 129.699471 38.020755 -57.748827 -154.596646 -251.846091 -349.227974 -446.598374 -543.841243 -640.709811 -736.857116 -832.373369 -926.995641 -1021.440049 -1115.982164 -1208.648317 -1299.628806 -1388.794677 -1472.196251 -1542.694521 -1596.968696 -1635.868004 -1662.497303 -1680.306213 -1692.137515 -1700.020851 -1705.301016 -1708.845896 -1711.220858 -1712.803838 -1713.852190 -1714.542188 -1714.993904 -1715.288464 -1715.481972 -1715.619990 -1715.765438 -1716.141085 -1717.931312 -1725.280627 -1720.494623 -1074.047872 -1075.313658 -1062.910228 -1055.048231 -1051.364929 -1050.829217 -1050.773664 -1050.781133 -1050.797996 -1050.816022 -1050.833335 -1050.849360 -1050.864173 -1050.880832 -1050.928797 -1051.247806 -1053.204877 -1057.604588 -1064.285492 -1054.275672 -1698.952359 -1720.341776 -1716.955739 -1716.088685 -1715.945698 -1715.923558 -1715.920774 -1715.921259 -1715.922172 -1715.922978 -1715.923608 -1715.924087 -1715.924453 -1715.924737 -1715.924961 -1715.925142 -1715.925293 -1715.925427 -1715.925558 -1715.925704 -1715.925887 -1715.926141 -1715.926518 -1715.927097 -1715.928008 -1715.929466 -1715.931834 -1715.935748 -1715.942355 -1715.953800 -1715.974209 -1716.011707 -1716.082511 -1716.219412 -1716.490356 -1717.043601 -1718.229731 -1720.960958 -1727.958245 -1749.757434 -9999.0 -9999.0
-9999.0 -9999.0 -9999.0 -9999.0 -9999.0 -9999.0 -9999.0 -9999.0 -9999.0 -9999.0 -9999.0 -9999.0 -9999.0 -9999.0 -9999.0 -9999.0 -9999.0 -9999.0 -9999.0 -9999.0 -9999.0 -9999.0 -9999.0 -9999.0 -9999.0 -9999.0 -9999.0 -9999.0 -9999.0 -9999.0 -9999.0 -9999.0 -9999.0 -9999.0 -9999.0 -9999.0 -9999.0 -9999.0 -9999.0 -9999.0 -9999.0 -9999.0 -9999.0 -9999.0 -9999.0 -9999.0 -9999.0 -9999.0 -9999.0 -9999.0 -9999.0 -9999.0 -9999.0 -9999.0 -9999.0 -9999.0 -9999.0 -9999.0 -9999.0 -9999.0 -9999.0 -9999.0 -9999.0 -9999.0 -9999.0 -9999.0 -9999.0 -9999.0 -9999.0 -9999.0 -9999.0 -9999.0 -9999.0 -9999.0 -9999.0 -9999.0 -9999.0 -9999.0 -9999.0 -9999.0 -9999.0 -9999.0 -9999.0 -9999.0 -9999.0 -9999.0 -9999.0 -9999.0 -9999.0 -9999.0 -9999.0 -9999.0 -9999.0 -9999.0 -9999.0 -9999.0 -9999.0 -9999.0 -9999.0 -9999.0 -9999.0 -9999.0 -9999.0 -9999.0
-9999.0 -9999.0 -9999.0 -9999.0 -9999.0 -9999.0 -9999.0 -9999.0 -9999.0 -9999.0 -9999.0 -9999.0 -9999.0 -9999.0 -9999.0 -9999.0 -9999.0 -9999.0 -9999.0 -9999.0 -9999.0 -9999.0 -9999.0 -9999.0 -9999.0 -9999.0 -9999.0 -9999.0 -9999.0 -9999.0 -9999.0 -9999.0 -9999.0 -9999.0 -9999.0 -9999.0 -9999.0 -9999.0 -9999.0 -9999.0 -9999.0 -9999.0 -9999.0 -9999.0 -9999.0 -9999.0 -9999.0 -9999.0 -9999.0 -9999.0 -9999.0 -9999.0 -9999.0 -9999.0 -9999.0 -9999.0 -9999.0 -9999.0 -9999.0 -9999.0 -9999.0 -9999.0 -9999.0 -9999.0 -9999.0 -9999.0 -9999.0 -9999.0 -9999.0 -9999.0 -9999.0 -9999.0 -9999.0 -9999.0 -9999.0 -9999.0 -9999.0 -9999.0 -9999.0 -9999.0 -9999.0 -9999.0 -9999.0 -9999.0 -9999.0 -9999.0 -9999.0 -9999.0 -9999.0 -9999.0 -9999.0 -9999.0 -9999.0 -9999.0 -9999.0 -9999.0 -9999.0 -9999.0 -9999.0 -9999.0 -9999.0 -9999.0 -9999.0 -9999.0