inst/processing_geotop_simulation/geotop_simulation/out/maps3D/PwL0006N0217.asc
ncols         104
nrows         10
xllcorner     -2.000000
yllcorner     0.000000
cellsize      1.000000
NODATA_value  -9999.0
-9999.0 -9999.0 -9999.0 -9999.0 -9999.0 -9999.0 -9999.0 -9999.0 -9999.0 -9999.0 -9999.0 -9999.0 -9999.0 -9999.0 -9999.0 -9999.0 -9999.0 -9999.0 -9999.0 -9999.0 -9999.0 -9999.0 -9999.0 -9999.0 -9999.0 -9999.0 -9999.0 -9999.0 -9999.0 -9999.0 -9999.0 -9999.0 -9999.0 -9999.0 -9999.0 -9999.0 -9999.0 -9999.0 -9999.0 -9999.0 -9999.0 -9999.0 -9999.0 -9999.0 -9999.0 -9999.0 -9999.0 -9999.0 -9999.0 -9999.0 -9999.0 -9999.0 -9999.0 -9999.0 -9999.0 -9999.0 -9999.0 -9999.0 -9999.0 -9999.0 -9999.0 -9999.0 -9999.0 -9999.0 -9999.0 -9999.0 -9999.0 -9999.0 -9999.0 -9999.0 -9999.0 -9999.0 -9999.0 -9999.0 -9999.0 -9999.0 -9999.0 -9999.0 -9999.0 -9999.0 -9999.0 -9999.0 -9999.0 -9999.0 -9999.0 -9999.0 -9999.0 -9999.0 -9999.0 -9999.0 -9999.0 -9999.0 -9999.0 -9999.0 -9999.0 -9999.0 -9999.0 -9999.0 -9999.0 -9999.0 -9999.0 -9999.0 -9999.0 -9999.0
-9999.0 -9999.0 -9999.0 -9999.0 -9999.0 -9999.0 -9999.0 -9999.0 -9999.0 -9999.0 -9999.0 -9999.0 -9999.0 -9999.0 -9999.0 -9999.0 -9999.0 -9999.0 -9999.0 -9999.0 -9999.0 -9999.0 -9999.0 -9999.0 -9999.0 -9999.0 -9999.0 -9999.0 -9999.0 -9999.0 -9999.0 -9999.0 -9999.0 -9999.0 -9999.0 -9999.0 -9999.0 -9999.0 -9999.0 -9999.0 -9999.0 -9999.0 -9999.0 -9999.0 -9999.0 -9999.0 -9999.0 -9999.0 -9999.0 -9999.0 -9999.0 -9999.0 -9999.0 -9999.0 -9999.0 -9999.0 -9999.0 -9999.0 -9999.0 -9999.0 -9999.0 -9999.0 -9999.0 -9999.0 -9999.0 -9999.0 -9999.0 -9999.0 -9999.0 -9999.0 -9999.0 -9999.0 -9999.0 -9999.0 -9999.0 -9999.0 -9999.0 -9999.0 -9999.0 -9999.0 -9999.0 -9999.0 -9999.0 -9999.0 -9999.0 -9999.0 -9999.0 -9999.0 -9999.0 -9999.0 -9999.0 -9999.0 -9999.0 -9999.0 -9999.0 -9999.0 -9999.0 -9999.0 -9999.0 -9999.0 -9999.0 -9999.0 -9999.0 -9999.0
-9999.0 -9999.0 278.457139 184.411617 87.879656 -9.491330 -107.184821 -205.010409 -302.856750 -400.643651 -498.262120 -595.448161 -691.668767 -787.558629 -883.070055 -978.587721 -1073.995138 -1166.661232 -1257.139434 -1343.568315 -1421.307008 -1486.210714 -1536.811918 -1574.215729 -1600.865211 -1619.420454 -1632.164541 -1640.838486 -1646.695477 -1650.617492 -1653.221467 -1654.936519 -1656.058402 -1656.788386 -1657.261836 -1657.570670 -1657.784445 -1657.988209 -1658.455836 -1660.507099 -1668.545046 -1671.419047 -1114.272993 -1142.361349 -1122.037142 -1109.207582 -1103.239713 -1102.398857 -1102.312048 -1102.322090 -1102.346215 -1102.372055 -1102.396872 -1102.419843 -1102.441102 -1102.465272 -1102.537148 -1103.027419 -1106.155726 -1113.206085 -1123.601529 -1082.045022 -1646.212528 -1662.936617 -1659.363505 -1658.412547 -1658.250500 -1658.225374 -1658.222084 -1658.222392 -1658.223193 -1658.223918 -1658.224489 -1658.224924 -1658.225257 -1658.225516 -1658.225720 -1658.225886 -1658.226024 -1658.226147 -1658.226267 -1658.226402 -1658.226571 -1658.226806 -1658.227153 -1658.227688 -1658.228530 -1658.229878 -1658.232070 -1658.235698 -1658.241837 -1658.252497 -1658.271561 -1658.306682 -1658.373181 -1658.502233 -1658.759242 -1659.289609 -1660.444125 -1663.151320 -1670.220873 -1692.487739 -9999.0 -9999.0
-9999.0 -9999.0 278.466034 184.413665 87.880191 -9.491173 -107.184772 -205.010393 -302.856744 -400.643649 -498.262119 -595.448161 -691.668767 -787.558629 -883.070055 -978.587721 -1073.995138 -1166.661232 -1257.139434 -1343.568316 -1421.307008 -1486.210714 -1536.811918 -1574.215729 -1600.865211 -1619.420454 -1632.164541 -1640.838486 -1646.695477 -1650.617492 -1653.221467 -1654.936519 -1656.058402 -1656.788386 -1657.261836 -1657.570670 -1657.784445 -1657.988209 -1658.455836 -1660.507099 -1668.545046 -1671.419047 -1114.272993 -1142.361349 -1122.037142 -1109.207581 -1103.239713 -1102.398857 -1102.312048 -1102.322090 -1102.346215 -1102.372055 -1102.396872 -1102.419843 -1102.441102 -1102.465272 -1102.537148 -1103.027419 -1106.155726 -1113.206085 -1123.601529 -1082.045022 -1646.212529 -1662.936617 -1659.363505 -1658.412547 -1658.250500 -1658.225374 -1658.222084 -1658.222392 -1658.223193 -1658.223918 -1658.224489 -1658.224924 -1658.225257 -1658.225516 -1658.225720 -1658.225886 -1658.226024 -1658.226147 -1658.226267 -1658.226402 -1658.226571 -1658.226806 -1658.227153 -1658.227688 -1658.228530 -1658.229878 -1658.232070 -1658.235698 -1658.241837 -1658.252497 -1658.271561 -1658.306682 -1658.373181 -1658.502233 -1658.759242 -1659.289609 -1660.444125 -1663.151320 -1670.220873 -1692.487739 -9999.0 -9999.0
-9999.0 -9999.0 278.467575 184.414521 87.880531 -9.491049 -107.184728 -205.010377 -302.856739 -400.643647 -498.262118 -595.448160 -691.668767 -787.558629 -883.070055 -978.587721 -1073.995138 -1166.661232 -1257.139434 -1343.568316 -1421.307008 -1486.210714 -1536.811918 -1574.215729 -1600.865211 -1619.420454 -1632.164541 -1640.838486 -1646.695477 -1650.617492 -1653.221467 -1654.936519 -1656.058402 -1656.788386 -1657.261836 -1657.570670 -1657.784445 -1657.988209 -1658.455836 -1660.507099 -1668.545046 -1671.419047 -1114.272993 -1142.361349 -1122.037142 -1109.207581 -1103.239713 -1102.398857 -1102.312048 -1102.322090 -1102.346215 -1102.372055 -1102.396872 -1102.419843 -1102.441102 -1102.465272 -1102.537148 -1103.027419 -1106.155726 -1113.206085 -1123.601529 -1082.045022 -1646.212529 -1662.936617 -1659.363505 -1658.412547 -1658.250500 -1658.225374 -1658.222084 -1658.222392 -1658.223193 -1658.223918 -1658.224489 -1658.224924 -1658.225257 -1658.225516 -1658.225720 -1658.225886 -1658.226024 -1658.226147 -1658.226267 -1658.226402 -1658.226571 -1658.226806 -1658.227153 -1658.227688 -1658.228530 -1658.229878 -1658.232070 -1658.235698 -1658.241837 -1658.252497 -1658.271561 -1658.306682 -1658.373181 -1658.502233 -1658.759242 -1659.289609 -1660.444125 -1663.151320 -1670.220873 -1692.487739 -9999.0 -9999.0
-9999.0 -9999.0 278.467575 184.414521 87.880531 -9.491049 -107.184728 -205.010377 -302.856739 -400.643647 -498.262118 -595.448160 -691.668767 -787.558629 -883.070055 -978.587721 -1073.995138 -1166.661232 -1257.139434 -1343.568316 -1421.307008 -1486.210714 -1536.811918 -1574.215729 -1600.865211 -1619.420454 -1632.164541 -1640.838486 -1646.695477 -1650.617492 -1653.221467 -1654.936519 -1656.058402 -1656.788386 -1657.261836 -1657.570670 -1657.784445 -1657.988209 -1658.455836 -1660.507099 -1668.545046 -1671.419047 -1114.272993 -1142.361349 -1122.037142 -1109.207581 -1103.239713 -1102.398857 -1102.312048 -1102.322090 -1102.346215 -1102.372055 -1102.396872 -1102.419843 -1102.441102 -1102.465272 -1102.537148 -1103.027419 -1106.155726 -1113.206085 -1123.601529 -1082.045022 -1646.212529 -1662.936617 -1659.363505 -1658.412547 -1658.250500 -1658.225374 -1658.222084 -1658.222392 -1658.223193 -1658.223918 -1658.224489 -1658.224924 -1658.225257 -1658.225516 -1658.225720 -1658.225886 -1658.226024 -1658.226147 -1658.226267 -1658.226402 -1658.226571 -1658.226806 -1658.227153 -1658.227688 -1658.228530 -1658.229878 -1658.232070 -1658.235698 -1658.241837 -1658.252497 -1658.271561 -1658.306682 -1658.373181 -1658.502233 -1658.759242 -1659.289609 -1660.444125 -1663.151320 -1670.220873 -1692.487739 -9999.0 -9999.0
-9999.0 -9999.0 278.466034 184.413665 87.880191 -9.491173 -107.184772 -205.010393 -302.856744 -400.643649 -498.262119 -595.448161 -691.668767 -787.558629 -883.070055 -978.587721 -1073.995138 -1166.661232 -1257.139434 -1343.568316 -1421.307008 -1486.210714 -1536.811918 -1574.215729 -1600.865211 -1619.420454 -1632.164541 -1640.838486 -1646.695477 -1650.617492 -1653.221467 -1654.936519 -1656.058402 -1656.788386 -1657.261836 -1657.570670 -1657.784445 -1657.988209 -1658.455836 -1660.507099 -1668.545046 -1671.419047 -1114.272993 -1142.361349 -1122.037142 -1109.207581 -1103.239713 -1102.398857 -1102.312048 -1102.322090 -1102.346215 -1102.372055 -1102.396872 -1102.419843 -1102.441102 -1102.465272 -1102.537148 -1103.027419 -1106.155726 -1113.206085 -1123.601529 -1082.045022 -1646.212529 -1662.936617 -1659.363505 -1658.412547 -1658.250500 -1658.225374 -1658.222084 -1658.222392 -1658.223193 -1658.223918 -1658.224489 -1658.224924 -1658.225257 -1658.225516 -1658.225720 -1658.225886 -1658.226024 -1658.226147 -1658.226267 -1658.226402 -1658.226571 -1658.226806 -1658.227153 -1658.227688 -1658.228530 -1658.229878 -1658.232070 -1658.235698 -1658.241837 -1658.252497 -1658.271561 -1658.306682 -1658.373181 -1658.502233 -1658.759242 -1659.289609 -1660.444125 -1663.151320 -1670.220873 -1692.487739 -9999.0 -9999.0
-9999.0 -9999.0 278.457139 184.411617 87.879656 -9.491330 -107.184821 -205.010409 -302.856750 -400.643651 -498.262120 -595.448161 -691.668768 -787.558629 -883.070055 -978.587721 -1073.995138 -1166.661232 -1257.139434 -1343.568315 -1421.307008 -1486.210714 -1536.811918 -1574.215729 -1600.865211 -1619.420454 -1632.164541 -1640.838486 -1646.695477 -1650.617492 -1653.221467 -1654.936519 -1656.058402 -1656.788386 -1657.261836 -1657.570670 -1657.784445 -1657.988209 -1658.455836 -1660.507099 -1668.545046 -1671.419047 -1114.272993 -1142.361349 -1122.037142 -1109.207582 -1103.239713 -1102.398857 -1102.312048 -1102.322090 -1102.346215 -1102.372055 -1102.396872 -1102.419843 -1102.441102 -1102.465272 -1102.537148 -1103.027419 -1106.155726 -1113.206085 -1123.601529 -1082.045022 -1646.212529 -1662.936617 -1659.363505 -1658.412547 -1658.250500 -1658.225374 -1658.222084 -1658.222392 -1658.223193 -1658.223918 -1658.224489 -1658.224924 -1658.225257 -1658.225516 -1658.225720 -1658.225886 -1658.226024 -1658.226147 -1658.226267 -1658.226402 -1658.226571 -1658.226806 -1658.227153 -1658.227688 -1658.228530 -1658.229878 -1658.232070 -1658.235698 -1658.241837 -1658.252497 -1658.271561 -1658.306682 -1658.373181 -1658.502233 -1658.759242 -1659.289609 -1660.444125 -1663.151320 -1670.220873 -1692.487739 -9999.0 -9999.0
-9999.0 -9999.0 -9999.0 -9999.0 -9999.0 -9999.0 -9999.0 -9999.0 -9999.0 -9999.0 -9999.0 -9999.0 -9999.0 -9999.0 -9999.0 -9999.0 -9999.0 -9999.0 -9999.0 -9999.0 -9999.0 -9999.0 -9999.0 -9999.0 -9999.0 -9999.0 -9999.0 -9999.0 -9999.0 -9999.0 -9999.0 -9999.0 -9999.0 -9999.0 -9999.0 -9999.0 -9999.0 -9999.0 -9999.0 -9999.0 -9999.0 -9999.0 -9999.0 -9999.0 -9999.0 -9999.0 -9999.0 -9999.0 -9999.0 -9999.0 -9999.0 -9999.0 -9999.0 -9999.0 -9999.0 -9999.0 -9999.0 -9999.0 -9999.0 -9999.0 -9999.0 -9999.0 -9999.0 -9999.0 -9999.0 -9999.0 -9999.0 -9999.0 -9999.0 -9999.0 -9999.0 -9999.0 -9999.0 -9999.0 -9999.0 -9999.0 -9999.0 -9999.0 -9999.0 -9999.0 -9999.0 -9999.0 -9999.0 -9999.0 -9999.0 -9999.0 -9999.0 -9999.0 -9999.0 -9999.0 -9999.0 -9999.0 -9999.0 -9999.0 -9999.0 -9999.0 -9999.0 -9999.0 -9999.0 -9999.0 -9999.0 -9999.0 -9999.0 -9999.0
-9999.0 -9999.0 -9999.0 -9999.0 -9999.0 -9999.0 -9999.0 -9999.0 -9999.0 -9999.0 -9999.0 -9999.0 -9999.0 -9999.0 -9999.0 -9999.0 -9999.0 -9999.0 -9999.0 -9999.0 -9999.0 -9999.0 -9999.0 -9999.0 -9999.0 -9999.0 -9999.0 -9999.0 -9999.0 -9999.0 -9999.0 -9999.0 -9999.0 -9999.0 -9999.0 -9999.0 -9999.0 -9999.0 -9999.0 -9999.0 -9999.0 -9999.0 -9999.0 -9999.0 -9999.0 -9999.0 -9999.0 -9999.0 -9999.0 -9999.0 -9999.0 -9999.0 -9999.0 -9999.0 -9999.0 -9999.0 -9999.0 -9999.0 -9999.0 -9999.0 -9999.0 -9999.0 -9999.0 -9999.0 -9999.0 -9999.0 -9999.0 -9999.0 -9999.0 -9999.0 -9999.0 -9999.0 -9999.0 -9999.0 -9999.0 -9999.0 -9999.0 -9999.0 -9999.0 -9999.0 -9999.0 -9999.0 -9999.0 -9999.0 -9999.0 -9999.0 -9999.0 -9999.0 -9999.0 -9999.0 -9999.0 -9999.0 -9999.0 -9999.0 -9999.0 -9999.0 -9999.0 -9999.0 -9999.0 -9999.0 -9999.0 -9999.0 -9999.0 -9999.0