inst/processing_geotop_simulation/geotop_simulation/out/maps3D/PwL0001N0300.asc
ncols         104
nrows         10
xllcorner     -2.000000
yllcorner     0.000000
cellsize      1.000000
NODATA_value  -9999.0
-9999.0 -9999.0 -9999.0 -9999.0 -9999.0 -9999.0 -9999.0 -9999.0 -9999.0 -9999.0 -9999.0 -9999.0 -9999.0 -9999.0 -9999.0 -9999.0 -9999.0 -9999.0 -9999.0 -9999.0 -9999.0 -9999.0 -9999.0 -9999.0 -9999.0 -9999.0 -9999.0 -9999.0 -9999.0 -9999.0 -9999.0 -9999.0 -9999.0 -9999.0 -9999.0 -9999.0 -9999.0 -9999.0 -9999.0 -9999.0 -9999.0 -9999.0 -9999.0 -9999.0 -9999.0 -9999.0 -9999.0 -9999.0 -9999.0 -9999.0 -9999.0 -9999.0 -9999.0 -9999.0 -9999.0 -9999.0 -9999.0 -9999.0 -9999.0 -9999.0 -9999.0 -9999.0 -9999.0 -9999.0 -9999.0 -9999.0 -9999.0 -9999.0 -9999.0 -9999.0 -9999.0 -9999.0 -9999.0 -9999.0 -9999.0 -9999.0 -9999.0 -9999.0 -9999.0 -9999.0 -9999.0 -9999.0 -9999.0 -9999.0 -9999.0 -9999.0 -9999.0 -9999.0 -9999.0 -9999.0 -9999.0 -9999.0 -9999.0 -9999.0 -9999.0 -9999.0 -9999.0 -9999.0 -9999.0 -9999.0 -9999.0 -9999.0 -9999.0 -9999.0
-9999.0 -9999.0 -9999.0 -9999.0 -9999.0 -9999.0 -9999.0 -9999.0 -9999.0 -9999.0 -9999.0 -9999.0 -9999.0 -9999.0 -9999.0 -9999.0 -9999.0 -9999.0 -9999.0 -9999.0 -9999.0 -9999.0 -9999.0 -9999.0 -9999.0 -9999.0 -9999.0 -9999.0 -9999.0 -9999.0 -9999.0 -9999.0 -9999.0 -9999.0 -9999.0 -9999.0 -9999.0 -9999.0 -9999.0 -9999.0 -9999.0 -9999.0 -9999.0 -9999.0 -9999.0 -9999.0 -9999.0 -9999.0 -9999.0 -9999.0 -9999.0 -9999.0 -9999.0 -9999.0 -9999.0 -9999.0 -9999.0 -9999.0 -9999.0 -9999.0 -9999.0 -9999.0 -9999.0 -9999.0 -9999.0 -9999.0 -9999.0 -9999.0 -9999.0 -9999.0 -9999.0 -9999.0 -9999.0 -9999.0 -9999.0 -9999.0 -9999.0 -9999.0 -9999.0 -9999.0 -9999.0 -9999.0 -9999.0 -9999.0 -9999.0 -9999.0 -9999.0 -9999.0 -9999.0 -9999.0 -9999.0 -9999.0 -9999.0 -9999.0 -9999.0 -9999.0 -9999.0 -9999.0 -9999.0 -9999.0 -9999.0 -9999.0 -9999.0 -9999.0
-9999.0 -9999.0 26.983343 -68.757765 -166.820096 -265.384762 -364.131589 -462.938270 -561.742688 -660.491415 -759.089221 -857.460497 -955.540717 -1053.232752 -1150.823130 -1248.242709 -1344.778250 -1439.886035 -1532.797487 -1622.271111 -1705.688767 -1779.265718 -1840.055294 -1887.386840 -1922.594462 -1947.962363 -1965.854285 -1978.287332 -1986.828070 -1992.636961 -1996.552803 -1999.171983 -2000.912505 -2002.063324 -2002.821956 -2003.324099 -2003.671720 -2003.986496 -2004.616441 -2006.812768 -2011.647078 -1972.531984 -1218.415688 -1215.046504 -1204.854417 -1198.254230 -1195.151275 -1194.675622 -1194.624696 -1194.630136 -1194.643831 -1194.658548 -1194.672693 -1194.685794 -1194.697957 -1194.712112 -1194.755758 -1195.043411 -1196.707385 -1200.405324 -1205.696174 -1201.758275 -1950.060138 -2005.867831 -2005.446776 -2004.585128 -2004.395771 -2004.363693 -2004.359076 -2004.358970 -2004.359527 -2004.360077 -2004.360519 -2004.360859 -2004.361120 -2004.361324 -2004.361485 -2004.361616 -2004.361726 -2004.361825 -2004.361922 -2004.362031 -2004.362169 -2004.362359 -2004.362642 -2004.363075 -2004.363758 -2004.364853 -2004.366638 -2004.369604 -2004.374645 -2004.383451 -2004.399295 -2004.428656 -2004.484599 -2004.594062 -2004.814922 -2005.280019 -2006.320993 -2008.852784 -2015.795032 -2038.616767 -9999.0 -9999.0
-9999.0 -9999.0 26.995565 -68.755735 -166.819590 -265.384615 -364.131542 -462.938254 -561.742683 -660.491413 -759.089220 -857.460497 -955.540717 -1053.232752 -1150.823130 -1248.242709 -1344.778250 -1439.886035 -1532.797487 -1622.271111 -1705.688767 -1779.265718 -1840.055295 -1887.386840 -1922.594462 -1947.962363 -1965.854285 -1978.287332 -1986.828070 -1992.636961 -1996.552803 -1999.171983 -2000.912505 -2002.063324 -2002.821956 -2003.324099 -2003.671720 -2003.986496 -2004.616441 -2006.812768 -2011.647078 -1972.531984 -1218.415688 -1215.046504 -1204.854417 -1198.254230 -1195.151275 -1194.675622 -1194.624696 -1194.630136 -1194.643831 -1194.658548 -1194.672693 -1194.685794 -1194.697957 -1194.712112 -1194.755758 -1195.043411 -1196.707385 -1200.405324 -1205.696174 -1201.758275 -1950.060138 -2005.867831 -2005.446776 -2004.585128 -2004.395771 -2004.363693 -2004.359076 -2004.358970 -2004.359527 -2004.360077 -2004.360519 -2004.360859 -2004.361120 -2004.361324 -2004.361485 -2004.361616 -2004.361726 -2004.361825 -2004.361922 -2004.362031 -2004.362169 -2004.362359 -2004.362642 -2004.363075 -2004.363758 -2004.364853 -2004.366638 -2004.369604 -2004.374645 -2004.383451 -2004.399295 -2004.428656 -2004.484599 -2004.594062 -2004.814922 -2005.280019 -2006.320993 -2008.852784 -2015.795032 -2038.616767 -9999.0 -9999.0
-9999.0 -9999.0 26.996694 -68.754924 -166.819271 -265.384500 -364.131501 -462.938239 -561.742677 -660.491411 -759.089220 -857.460496 -955.540717 -1053.232752 -1150.823130 -1248.242709 -1344.778250 -1439.886035 -1532.797487 -1622.271111 -1705.688767 -1779.265718 -1840.055295 -1887.386840 -1922.594462 -1947.962363 -1965.854285 -1978.287332 -1986.828070 -1992.636961 -1996.552803 -1999.171983 -2000.912505 -2002.063324 -2002.821956 -2003.324099 -2003.671720 -2003.986496 -2004.616441 -2006.812768 -2011.647078 -1972.531984 -1218.415688 -1215.046504 -1204.854417 -1198.254230 -1195.151275 -1194.675622 -1194.624696 -1194.630136 -1194.643831 -1194.658548 -1194.672693 -1194.685794 -1194.697957 -1194.712112 -1194.755758 -1195.043411 -1196.707385 -1200.405324 -1205.696174 -1201.758275 -1950.060138 -2005.867831 -2005.446776 -2004.585128 -2004.395771 -2004.363693 -2004.359076 -2004.358970 -2004.359527 -2004.360077 -2004.360519 -2004.360859 -2004.361120 -2004.361324 -2004.361485 -2004.361616 -2004.361726 -2004.361825 -2004.361922 -2004.362031 -2004.362169 -2004.362359 -2004.362642 -2004.363075 -2004.363758 -2004.364853 -2004.366638 -2004.369604 -2004.374645 -2004.383451 -2004.399295 -2004.428656 -2004.484599 -2004.594062 -2004.814922 -2005.280019 -2006.320993 -2008.852784 -2015.795032 -2038.616767 -9999.0 -9999.0
-9999.0 -9999.0 26.996694 -68.754924 -166.819271 -265.384500 -364.131501 -462.938239 -561.742677 -660.491411 -759.089220 -857.460496 -955.540717 -1053.232752 -1150.823130 -1248.242709 -1344.778250 -1439.886035 -1532.797487 -1622.271111 -1705.688767 -1779.265718 -1840.055295 -1887.386840 -1922.594462 -1947.962363 -1965.854285 -1978.287332 -1986.828070 -1992.636961 -1996.552803 -1999.171983 -2000.912505 -2002.063324 -2002.821956 -2003.324099 -2003.671720 -2003.986496 -2004.616441 -2006.812768 -2011.647078 -1972.531984 -1218.415688 -1215.046504 -1204.854417 -1198.254230 -1195.151275 -1194.675622 -1194.624696 -1194.630136 -1194.643831 -1194.658548 -1194.672693 -1194.685794 -1194.697957 -1194.712112 -1194.755758 -1195.043411 -1196.707385 -1200.405324 -1205.696174 -1201.758275 -1950.060138 -2005.867831 -2005.446776 -2004.585128 -2004.395771 -2004.363693 -2004.359076 -2004.358970 -2004.359527 -2004.360077 -2004.360519 -2004.360859 -2004.361120 -2004.361324 -2004.361485 -2004.361616 -2004.361726 -2004.361825 -2004.361922 -2004.362031 -2004.362169 -2004.362359 -2004.362642 -2004.363075 -2004.363758 -2004.364853 -2004.366638 -2004.369604 -2004.374645 -2004.383451 -2004.399295 -2004.428656 -2004.484599 -2004.594062 -2004.814922 -2005.280019 -2006.320993 -2008.852784 -2015.795032 -2038.616767 -9999.0 -9999.0
-9999.0 -9999.0 26.995565 -68.755735 -166.819591 -265.384615 -364.131542 -462.938254 -561.742683 -660.491413 -759.089220 -857.460496 -955.540717 -1053.232752 -1150.823130 -1248.242709 -1344.778250 -1439.886035 -1532.797487 -1622.271111 -1705.688767 -1779.265718 -1840.055295 -1887.386840 -1922.594462 -1947.962363 -1965.854285 -1978.287332 -1986.828070 -1992.636961 -1996.552803 -1999.171983 -2000.912505 -2002.063324 -2002.821956 -2003.324099 -2003.671720 -2003.986496 -2004.616441 -2006.812768 -2011.647078 -1972.531984 -1218.415688 -1215.046504 -1204.854417 -1198.254230 -1195.151275 -1194.675622 -1194.624696 -1194.630136 -1194.643831 -1194.658548 -1194.672693 -1194.685794 -1194.697957 -1194.712112 -1194.755758 -1195.043411 -1196.707385 -1200.405324 -1205.696174 -1201.758275 -1950.060138 -2005.867831 -2005.446776 -2004.585128 -2004.395771 -2004.363693 -2004.359076 -2004.358970 -2004.359527 -2004.360077 -2004.360519 -2004.360859 -2004.361120 -2004.361324 -2004.361485 -2004.361616 -2004.361726 -2004.361825 -2004.361922 -2004.362031 -2004.362169 -2004.362359 -2004.362642 -2004.363075 -2004.363758 -2004.364853 -2004.366638 -2004.369604 -2004.374645 -2004.383451 -2004.399295 -2004.428656 -2004.484599 -2004.594062 -2004.814922 -2005.280019 -2006.320993 -2008.852784 -2015.795032 -2038.616767 -9999.0 -9999.0
-9999.0 -9999.0 26.983343 -68.757765 -166.820096 -265.384762 -364.131589 -462.938270 -561.742688 -660.491415 -759.089221 -857.460497 -955.540717 -1053.232752 -1150.823130 -1248.242709 -1344.778250 -1439.886035 -1532.797487 -1622.271111 -1705.688767 -1779.265718 -1840.055294 -1887.386840 -1922.594462 -1947.962363 -1965.854285 -1978.287332 -1986.828070 -1992.636961 -1996.552803 -1999.171983 -2000.912505 -2002.063324 -2002.821956 -2003.324099 -2003.671720 -2003.986496 -2004.616441 -2006.812768 -2011.647078 -1972.531984 -1218.415688 -1215.046504 -1204.854417 -1198.254230 -1195.151275 -1194.675622 -1194.624696 -1194.630136 -1194.643831 -1194.658548 -1194.672693 -1194.685794 -1194.697957 -1194.712112 -1194.755758 -1195.043411 -1196.707385 -1200.405324 -1205.696174 -1201.758275 -1950.060138 -2005.867831 -2005.446776 -2004.585128 -2004.395771 -2004.363693 -2004.359076 -2004.358970 -2004.359527 -2004.360077 -2004.360519 -2004.360859 -2004.361120 -2004.361324 -2004.361485 -2004.361616 -2004.361726 -2004.361825 -2004.361922 -2004.362031 -2004.362169 -2004.362359 -2004.362642 -2004.363075 -2004.363758 -2004.364853 -2004.366638 -2004.369604 -2004.374645 -2004.383451 -2004.399295 -2004.428656 -2004.484599 -2004.594062 -2004.814922 -2005.280019 -2006.320993 -2008.852784 -2015.795032 -2038.616767 -9999.0 -9999.0
-9999.0 -9999.0 -9999.0 -9999.0 -9999.0 -9999.0 -9999.0 -9999.0 -9999.0 -9999.0 -9999.0 -9999.0 -9999.0 -9999.0 -9999.0 -9999.0 -9999.0 -9999.0 -9999.0 -9999.0 -9999.0 -9999.0 -9999.0 -9999.0 -9999.0 -9999.0 -9999.0 -9999.0 -9999.0 -9999.0 -9999.0 -9999.0 -9999.0 -9999.0 -9999.0 -9999.0 -9999.0 -9999.0 -9999.0 -9999.0 -9999.0 -9999.0 -9999.0 -9999.0 -9999.0 -9999.0 -9999.0 -9999.0 -9999.0 -9999.0 -9999.0 -9999.0 -9999.0 -9999.0 -9999.0 -9999.0 -9999.0 -9999.0 -9999.0 -9999.0 -9999.0 -9999.0 -9999.0 -9999.0 -9999.0 -9999.0 -9999.0 -9999.0 -9999.0 -9999.0 -9999.0 -9999.0 -9999.0 -9999.0 -9999.0 -9999.0 -9999.0 -9999.0 -9999.0 -9999.0 -9999.0 -9999.0 -9999.0 -9999.0 -9999.0 -9999.0 -9999.0 -9999.0 -9999.0 -9999.0 -9999.0 -9999.0 -9999.0 -9999.0 -9999.0 -9999.0 -9999.0 -9999.0 -9999.0 -9999.0 -9999.0 -9999.0 -9999.0 -9999.0
-9999.0 -9999.0 -9999.0 -9999.0 -9999.0 -9999.0 -9999.0 -9999.0 -9999.0 -9999.0 -9999.0 -9999.0 -9999.0 -9999.0 -9999.0 -9999.0 -9999.0 -9999.0 -9999.0 -9999.0 -9999.0 -9999.0 -9999.0 -9999.0 -9999.0 -9999.0 -9999.0 -9999.0 -9999.0 -9999.0 -9999.0 -9999.0 -9999.0 -9999.0 -9999.0 -9999.0 -9999.0 -9999.0 -9999.0 -9999.0 -9999.0 -9999.0 -9999.0 -9999.0 -9999.0 -9999.0 -9999.0 -9999.0 -9999.0 -9999.0 -9999.0 -9999.0 -9999.0 -9999.0 -9999.0 -9999.0 -9999.0 -9999.0 -9999.0 -9999.0 -9999.0 -9999.0 -9999.0 -9999.0 -9999.0 -9999.0 -9999.0 -9999.0 -9999.0 -9999.0 -9999.0 -9999.0 -9999.0 -9999.0 -9999.0 -9999.0 -9999.0 -9999.0 -9999.0 -9999.0 -9999.0 -9999.0 -9999.0 -9999.0 -9999.0 -9999.0 -9999.0 -9999.0 -9999.0 -9999.0 -9999.0 -9999.0 -9999.0 -9999.0 -9999.0 -9999.0 -9999.0 -9999.0 -9999.0 -9999.0 -9999.0 -9999.0 -9999.0 -9999.0