inst/processing_geotop_simulation/geotop_simulation/out/maps3D/PwL0012N0455.asc
ncols         104
nrows         10
xllcorner     -2.000000
yllcorner     0.000000
cellsize      1.000000
NODATA_value  -9999.0
-9999.0 -9999.0 -9999.0 -9999.0 -9999.0 -9999.0 -9999.0 -9999.0 -9999.0 -9999.0 -9999.0 -9999.0 -9999.0 -9999.0 -9999.0 -9999.0 -9999.0 -9999.0 -9999.0 -9999.0 -9999.0 -9999.0 -9999.0 -9999.0 -9999.0 -9999.0 -9999.0 -9999.0 -9999.0 -9999.0 -9999.0 -9999.0 -9999.0 -9999.0 -9999.0 -9999.0 -9999.0 -9999.0 -9999.0 -9999.0 -9999.0 -9999.0 -9999.0 -9999.0 -9999.0 -9999.0 -9999.0 -9999.0 -9999.0 -9999.0 -9999.0 -9999.0 -9999.0 -9999.0 -9999.0 -9999.0 -9999.0 -9999.0 -9999.0 -9999.0 -9999.0 -9999.0 -9999.0 -9999.0 -9999.0 -9999.0 -9999.0 -9999.0 -9999.0 -9999.0 -9999.0 -9999.0 -9999.0 -9999.0 -9999.0 -9999.0 -9999.0 -9999.0 -9999.0 -9999.0 -9999.0 -9999.0 -9999.0 -9999.0 -9999.0 -9999.0 -9999.0 -9999.0 -9999.0 -9999.0 -9999.0 -9999.0 -9999.0 -9999.0 -9999.0 -9999.0 -9999.0 -9999.0 -9999.0 -9999.0 -9999.0 -9999.0 -9999.0 -9999.0
-9999.0 -9999.0 -9999.0 -9999.0 -9999.0 -9999.0 -9999.0 -9999.0 -9999.0 -9999.0 -9999.0 -9999.0 -9999.0 -9999.0 -9999.0 -9999.0 -9999.0 -9999.0 -9999.0 -9999.0 -9999.0 -9999.0 -9999.0 -9999.0 -9999.0 -9999.0 -9999.0 -9999.0 -9999.0 -9999.0 -9999.0 -9999.0 -9999.0 -9999.0 -9999.0 -9999.0 -9999.0 -9999.0 -9999.0 -9999.0 -9999.0 -9999.0 -9999.0 -9999.0 -9999.0 -9999.0 -9999.0 -9999.0 -9999.0 -9999.0 -9999.0 -9999.0 -9999.0 -9999.0 -9999.0 -9999.0 -9999.0 -9999.0 -9999.0 -9999.0 -9999.0 -9999.0 -9999.0 -9999.0 -9999.0 -9999.0 -9999.0 -9999.0 -9999.0 -9999.0 -9999.0 -9999.0 -9999.0 -9999.0 -9999.0 -9999.0 -9999.0 -9999.0 -9999.0 -9999.0 -9999.0 -9999.0 -9999.0 -9999.0 -9999.0 -9999.0 -9999.0 -9999.0 -9999.0 -9999.0 -9999.0 -9999.0 -9999.0 -9999.0 -9999.0 -9999.0 -9999.0 -9999.0 -9999.0 -9999.0 -9999.0 -9999.0 -9999.0 -9999.0
-9999.0 -9999.0 571.464279 472.617994 373.462309 274.135203 174.732310 75.297625 -24.145866 -123.586486 -223.019390 -322.435808 -421.820163 -521.142416 -620.357118 -719.410070 -818.525370 -917.552494 -1016.470446 -1115.244035 -1212.727402 -1308.306717 -1400.257707 -1486.252752 -1563.900361 -1631.366205 -1687.768799 -1733.243860 -1768.739232 -1795.684198 -1815.669770 -1830.216632 -1840.646358 -1848.035559 -1853.222686 -1856.843227 -1859.385092 -1861.292997 -1863.224696 -1866.406375 -1870.034288 -1847.802330 -1459.579681 -1870.230792 -1783.066251 -1725.560535 -1699.848059 -1696.308586 -1695.941686 -1695.975622 -1696.066316 -1696.163826 -1696.257504 -1696.344237 -1696.424711 -1696.518187 -1696.810415 -1698.840624 -1712.106885 -1742.477528 -1770.430962 -1368.058065 -1809.298668 -1862.616183 -1865.746870 -1865.176847 -1864.939594 -1864.886247 -1864.876756 -1864.875596 -1864.875829 -1864.876225 -1864.876580 -1864.876874 -1864.877117 -1864.877322 -1864.877500 -1864.877660 -1864.877807 -1864.877950 -1864.878095 -1864.878251 -1864.878432 -1864.878656 -1864.878951 -1864.879363 -1864.879965 -1864.880883 -1864.882331 -1864.884696 -1864.888692 -1864.895686 -1864.908361 -1864.932125 -1864.978201 -1865.070866 -1865.265818 -1865.700273 -1866.739670 -1869.449562 -1877.290239 -1902.869409 -9999.0 -9999.0
-9999.0 -9999.0 571.468941 472.619395 373.462713 274.135327 174.732350 75.297639 -24.145860 -123.586484 -223.019389 -322.435808 -421.820162 -521.142416 -620.357117 -719.410070 -818.525370 -917.552494 -1016.470447 -1115.244035 -1212.727402 -1308.306718 -1400.257707 -1486.252752 -1563.900361 -1631.366205 -1687.768799 -1733.243861 -1768.739232 -1795.684198 -1815.669770 -1830.216632 -1840.646358 -1848.035559 -1853.222686 -1856.843227 -1859.385092 -1861.292997 -1863.224696 -1866.406375 -1870.034288 -1847.802330 -1459.579681 -1870.230791 -1783.066250 -1725.560534 -1699.848059 -1696.308586 -1695.941686 -1695.975622 -1696.066316 -1696.163826 -1696.257504 -1696.344237 -1696.424711 -1696.518187 -1696.810415 -1698.840624 -1712.106885 -1742.477528 -1770.430962 -1368.058065 -1809.298668 -1862.616183 -1865.746870 -1865.176847 -1864.939594 -1864.886247 -1864.876756 -1864.875596 -1864.875829 -1864.876225 -1864.876580 -1864.876874 -1864.877117 -1864.877322 -1864.877500 -1864.877660 -1864.877807 -1864.877950 -1864.878095 -1864.878251 -1864.878432 -1864.878656 -1864.878951 -1864.879363 -1864.879965 -1864.880882 -1864.882331 -1864.884696 -1864.888692 -1864.895686 -1864.908361 -1864.932125 -1864.978201 -1865.070866 -1865.265818 -1865.700273 -1866.739670 -1869.449562 -1877.290238 -1902.869409 -9999.0 -9999.0
-9999.0 -9999.0 571.470194 472.620049 373.462977 274.135425 174.732386 75.297652 -24.145856 -123.586482 -223.019388 -322.435807 -421.820162 -521.142415 -620.357117 -719.410070 -818.525370 -917.552494 -1016.470447 -1115.244035 -1212.727403 -1308.306718 -1400.257707 -1486.252752 -1563.900361 -1631.366205 -1687.768800 -1733.243861 -1768.739232 -1795.684198 -1815.669770 -1830.216632 -1840.646358 -1848.035559 -1853.222686 -1856.843227 -1859.385092 -1861.292997 -1863.224696 -1866.406375 -1870.034288 -1847.802330 -1459.579681 -1870.230791 -1783.066250 -1725.560533 -1699.848059 -1696.308586 -1695.941686 -1695.975622 -1696.066316 -1696.163826 -1696.257504 -1696.344237 -1696.424711 -1696.518187 -1696.810415 -1698.840624 -1712.106885 -1742.477528 -1770.430961 -1368.058065 -1809.298668 -1862.616183 -1865.746870 -1865.176847 -1864.939594 -1864.886247 -1864.876756 -1864.875596 -1864.875829 -1864.876225 -1864.876580 -1864.876874 -1864.877117 -1864.877322 -1864.877500 -1864.877660 -1864.877807 -1864.877950 -1864.878095 -1864.878251 -1864.878432 -1864.878656 -1864.878951 -1864.879363 -1864.879965 -1864.880882 -1864.882331 -1864.884696 -1864.888692 -1864.895686 -1864.908361 -1864.932125 -1864.978201 -1865.070866 -1865.265818 -1865.700273 -1866.739670 -1869.449562 -1877.290238 -1902.869409 -9999.0 -9999.0
-9999.0 -9999.0 571.470194 472.620049 373.462977 274.135425 174.732386 75.297652 -24.145855 -123.586482 -223.019388 -322.435807 -421.820162 -521.142415 -620.357117 -719.410070 -818.525370 -917.552494 -1016.470447 -1115.244035 -1212.727403 -1308.306718 -1400.257707 -1486.252752 -1563.900361 -1631.366205 -1687.768800 -1733.243861 -1768.739232 -1795.684198 -1815.669770 -1830.216632 -1840.646358 -1848.035559 -1853.222686 -1856.843227 -1859.385092 -1861.292997 -1863.224696 -1866.406375 -1870.034288 -1847.802330 -1459.579681 -1870.230791 -1783.066250 -1725.560533 -1699.848059 -1696.308586 -1695.941686 -1695.975622 -1696.066316 -1696.163826 -1696.257504 -1696.344237 -1696.424711 -1696.518187 -1696.810415 -1698.840624 -1712.106885 -1742.477528 -1770.430961 -1368.058065 -1809.298668 -1862.616183 -1865.746870 -1865.176847 -1864.939594 -1864.886247 -1864.876756 -1864.875596 -1864.875829 -1864.876225 -1864.876580 -1864.876874 -1864.877117 -1864.877322 -1864.877500 -1864.877660 -1864.877807 -1864.877950 -1864.878095 -1864.878251 -1864.878432 -1864.878656 -1864.878951 -1864.879363 -1864.879965 -1864.880882 -1864.882331 -1864.884696 -1864.888692 -1864.895686 -1864.908361 -1864.932125 -1864.978201 -1865.070866 -1865.265818 -1865.700273 -1866.739670 -1869.449562 -1877.290238 -1902.869409 -9999.0 -9999.0
-9999.0 -9999.0 571.468941 472.619395 373.462713 274.135327 174.732350 75.297639 -24.145860 -123.586484 -223.019389 -322.435808 -421.820162 -521.142416 -620.357117 -719.410070 -818.525370 -917.552494 -1016.470447 -1115.244035 -1212.727402 -1308.306718 -1400.257707 -1486.252752 -1563.900361 -1631.366205 -1687.768799 -1733.243861 -1768.739232 -1795.684198 -1815.669770 -1830.216632 -1840.646358 -1848.035559 -1853.222686 -1856.843227 -1859.385092 -1861.292997 -1863.224696 -1866.406375 -1870.034288 -1847.802330 -1459.579681 -1870.230791 -1783.066250 -1725.560534 -1699.848059 -1696.308586 -1695.941686 -1695.975622 -1696.066316 -1696.163826 -1696.257504 -1696.344237 -1696.424711 -1696.518187 -1696.810415 -1698.840624 -1712.106885 -1742.477528 -1770.430962 -1368.058065 -1809.298668 -1862.616183 -1865.746870 -1865.176847 -1864.939594 -1864.886247 -1864.876756 -1864.875596 -1864.875829 -1864.876225 -1864.876580 -1864.876874 -1864.877117 -1864.877322 -1864.877500 -1864.877660 -1864.877807 -1864.877950 -1864.878095 -1864.878251 -1864.878432 -1864.878656 -1864.878951 -1864.879363 -1864.879965 -1864.880882 -1864.882331 -1864.884696 -1864.888692 -1864.895686 -1864.908361 -1864.932125 -1864.978201 -1865.070866 -1865.265818 -1865.700273 -1866.739670 -1869.449562 -1877.290238 -1902.869409 -9999.0 -9999.0
-9999.0 -9999.0 571.464279 472.617994 373.462309 274.135203 174.732310 75.297625 -24.145865 -123.586486 -223.019390 -322.435808 -421.820163 -521.142416 -620.357117 -719.410070 -818.525370 -917.552494 -1016.470446 -1115.244035 -1212.727402 -1308.306717 -1400.257707 -1486.252752 -1563.900361 -1631.366205 -1687.768799 -1733.243860 -1768.739232 -1795.684198 -1815.669770 -1830.216632 -1840.646358 -1848.035559 -1853.222686 -1856.843227 -1859.385092 -1861.292997 -1863.224696 -1866.406375 -1870.034288 -1847.802330 -1459.579681 -1870.230792 -1783.066251 -1725.560535 -1699.848059 -1696.308586 -1695.941686 -1695.975622 -1696.066316 -1696.163826 -1696.257504 -1696.344237 -1696.424711 -1696.518187 -1696.810415 -1698.840624 -1712.106885 -1742.477528 -1770.430962 -1368.058065 -1809.298668 -1862.616183 -1865.746870 -1865.176847 -1864.939594 -1864.886247 -1864.876756 -1864.875596 -1864.875829 -1864.876225 -1864.876580 -1864.876874 -1864.877117 -1864.877322 -1864.877500 -1864.877660 -1864.877807 -1864.877950 -1864.878095 -1864.878251 -1864.878432 -1864.878656 -1864.878951 -1864.879363 -1864.879965 -1864.880883 -1864.882331 -1864.884696 -1864.888692 -1864.895686 -1864.908361 -1864.932125 -1864.978201 -1865.070866 -1865.265818 -1865.700273 -1866.739670 -1869.449562 -1877.290239 -1902.869409 -9999.0 -9999.0
-9999.0 -9999.0 -9999.0 -9999.0 -9999.0 -9999.0 -9999.0 -9999.0 -9999.0 -9999.0 -9999.0 -9999.0 -9999.0 -9999.0 -9999.0 -9999.0 -9999.0 -9999.0 -9999.0 -9999.0 -9999.0 -9999.0 -9999.0 -9999.0 -9999.0 -9999.0 -9999.0 -9999.0 -9999.0 -9999.0 -9999.0 -9999.0 -9999.0 -9999.0 -9999.0 -9999.0 -9999.0 -9999.0 -9999.0 -9999.0 -9999.0 -9999.0 -9999.0 -9999.0 -9999.0 -9999.0 -9999.0 -9999.0 -9999.0 -9999.0 -9999.0 -9999.0 -9999.0 -9999.0 -9999.0 -9999.0 -9999.0 -9999.0 -9999.0 -9999.0 -9999.0 -9999.0 -9999.0 -9999.0 -9999.0 -9999.0 -9999.0 -9999.0 -9999.0 -9999.0 -9999.0 -9999.0 -9999.0 -9999.0 -9999.0 -9999.0 -9999.0 -9999.0 -9999.0 -9999.0 -9999.0 -9999.0 -9999.0 -9999.0 -9999.0 -9999.0 -9999.0 -9999.0 -9999.0 -9999.0 -9999.0 -9999.0 -9999.0 -9999.0 -9999.0 -9999.0 -9999.0 -9999.0 -9999.0 -9999.0 -9999.0 -9999.0 -9999.0 -9999.0
-9999.0 -9999.0 -9999.0 -9999.0 -9999.0 -9999.0 -9999.0 -9999.0 -9999.0 -9999.0 -9999.0 -9999.0 -9999.0 -9999.0 -9999.0 -9999.0 -9999.0 -9999.0 -9999.0 -9999.0 -9999.0 -9999.0 -9999.0 -9999.0 -9999.0 -9999.0 -9999.0 -9999.0 -9999.0 -9999.0 -9999.0 -9999.0 -9999.0 -9999.0 -9999.0 -9999.0 -9999.0 -9999.0 -9999.0 -9999.0 -9999.0 -9999.0 -9999.0 -9999.0 -9999.0 -9999.0 -9999.0 -9999.0 -9999.0 -9999.0 -9999.0 -9999.0 -9999.0 -9999.0 -9999.0 -9999.0 -9999.0 -9999.0 -9999.0 -9999.0 -9999.0 -9999.0 -9999.0 -9999.0 -9999.0 -9999.0 -9999.0 -9999.0 -9999.0 -9999.0 -9999.0 -9999.0 -9999.0 -9999.0 -9999.0 -9999.0 -9999.0 -9999.0 -9999.0 -9999.0 -9999.0 -9999.0 -9999.0 -9999.0 -9999.0 -9999.0 -9999.0 -9999.0 -9999.0 -9999.0 -9999.0 -9999.0 -9999.0 -9999.0 -9999.0 -9999.0 -9999.0 -9999.0 -9999.0 -9999.0 -9999.0 -9999.0 -9999.0 -9999.0