inst/processing_geotop_simulation/geotop_simulation/out/maps3D/PwL0009N0462.asc
ncols         104
nrows         10
xllcorner     -2.000000
yllcorner     0.000000
cellsize      1.000000
NODATA_value  -9999.0
-9999.0 -9999.0 -9999.0 -9999.0 -9999.0 -9999.0 -9999.0 -9999.0 -9999.0 -9999.0 -9999.0 -9999.0 -9999.0 -9999.0 -9999.0 -9999.0 -9999.0 -9999.0 -9999.0 -9999.0 -9999.0 -9999.0 -9999.0 -9999.0 -9999.0 -9999.0 -9999.0 -9999.0 -9999.0 -9999.0 -9999.0 -9999.0 -9999.0 -9999.0 -9999.0 -9999.0 -9999.0 -9999.0 -9999.0 -9999.0 -9999.0 -9999.0 -9999.0 -9999.0 -9999.0 -9999.0 -9999.0 -9999.0 -9999.0 -9999.0 -9999.0 -9999.0 -9999.0 -9999.0 -9999.0 -9999.0 -9999.0 -9999.0 -9999.0 -9999.0 -9999.0 -9999.0 -9999.0 -9999.0 -9999.0 -9999.0 -9999.0 -9999.0 -9999.0 -9999.0 -9999.0 -9999.0 -9999.0 -9999.0 -9999.0 -9999.0 -9999.0 -9999.0 -9999.0 -9999.0 -9999.0 -9999.0 -9999.0 -9999.0 -9999.0 -9999.0 -9999.0 -9999.0 -9999.0 -9999.0 -9999.0 -9999.0 -9999.0 -9999.0 -9999.0 -9999.0 -9999.0 -9999.0 -9999.0 -9999.0 -9999.0 -9999.0 -9999.0 -9999.0
-9999.0 -9999.0 -9999.0 -9999.0 -9999.0 -9999.0 -9999.0 -9999.0 -9999.0 -9999.0 -9999.0 -9999.0 -9999.0 -9999.0 -9999.0 -9999.0 -9999.0 -9999.0 -9999.0 -9999.0 -9999.0 -9999.0 -9999.0 -9999.0 -9999.0 -9999.0 -9999.0 -9999.0 -9999.0 -9999.0 -9999.0 -9999.0 -9999.0 -9999.0 -9999.0 -9999.0 -9999.0 -9999.0 -9999.0 -9999.0 -9999.0 -9999.0 -9999.0 -9999.0 -9999.0 -9999.0 -9999.0 -9999.0 -9999.0 -9999.0 -9999.0 -9999.0 -9999.0 -9999.0 -9999.0 -9999.0 -9999.0 -9999.0 -9999.0 -9999.0 -9999.0 -9999.0 -9999.0 -9999.0 -9999.0 -9999.0 -9999.0 -9999.0 -9999.0 -9999.0 -9999.0 -9999.0 -9999.0 -9999.0 -9999.0 -9999.0 -9999.0 -9999.0 -9999.0 -9999.0 -9999.0 -9999.0 -9999.0 -9999.0 -9999.0 -9999.0 -9999.0 -9999.0 -9999.0 -9999.0 -9999.0 -9999.0 -9999.0 -9999.0 -9999.0 -9999.0 -9999.0 -9999.0 -9999.0 -9999.0 -9999.0 -9999.0 -9999.0 -9999.0
-9999.0 -9999.0 422.655588 323.966121 224.825951 125.491743 26.077642 -73.366839 -172.821260 -272.273795 -371.712644 -471.121395 -570.468464 -669.692684 -768.833243 -867.993898 -967.087422 -1066.108307 -1164.820912 -1262.736578 -1359.320954 -1453.231692 -1542.278262 -1623.785742 -1695.390402 -1755.715813 -1804.589315 -1842.843493 -1871.924286 -1893.505773 -1909.212987 -1920.468372 -1928.434885 -1934.019151 -1937.904799 -1940.598176 -1942.484418 -1943.925701 -1945.498521 -1948.229324 -1949.595670 -1904.991713 -1290.756874 -1384.224170 -1355.932704 -1336.803182 -1327.956818 -1326.651681 -1326.512476 -1326.523972 -1326.556826 -1326.592268 -1326.626339 -1326.657896 -1326.687267 -1326.722180 -1326.835364 -1327.603726 -1332.256334 -1342.628720 -1353.448110 -1245.957571 -1871.372085 -1942.843979 -1947.240771 -1946.778390 -1946.555484 -1946.504794 -1946.495799 -1946.494714 -1946.494946 -1946.495326 -1946.495662 -1946.495936 -1946.496158 -1946.496341 -1946.496497 -1946.496634 -1946.496758 -1946.496875 -1946.496995 -1946.497125 -1946.497278 -1946.497474 -1946.497739 -1946.498119 -1946.498688 -1946.499571 -1946.500980 -1946.503301 -1946.507243 -1946.514163 -1946.526721 -1946.550272 -1946.595882 -1946.687383 -1946.879135 -1947.304474 -1948.318117 -1950.958120 -1958.626145 -1983.879396 -9999.0 -9999.0
-9999.0 -9999.0 422.661405 323.967666 224.826374 125.491870 26.077683 -73.366825 -172.821255 -272.273793 -371.712643 -471.121395 -570.468464 -669.692684 -768.833243 -867.993898 -967.087422 -1066.108307 -1164.820912 -1262.736578 -1359.320954 -1453.231693 -1542.278262 -1623.785742 -1695.390402 -1755.715813 -1804.589315 -1842.843493 -1871.924286 -1893.505773 -1909.212987 -1920.468372 -1928.434885 -1934.019151 -1937.904799 -1940.598176 -1942.484418 -1943.925701 -1945.498521 -1948.229324 -1949.595670 -1904.991713 -1290.756874 -1384.224170 -1355.932703 -1336.803181 -1327.956818 -1326.651681 -1326.512476 -1326.523972 -1326.556826 -1326.592268 -1326.626339 -1326.657896 -1326.687267 -1326.722180 -1326.835364 -1327.603726 -1332.256334 -1342.628720 -1353.448110 -1245.957571 -1871.372085 -1942.843979 -1947.240771 -1946.778390 -1946.555484 -1946.504794 -1946.495799 -1946.494714 -1946.494946 -1946.495326 -1946.495662 -1946.495936 -1946.496158 -1946.496341 -1946.496497 -1946.496634 -1946.496758 -1946.496875 -1946.496995 -1946.497125 -1946.497278 -1946.497474 -1946.497739 -1946.498119 -1946.498688 -1946.499570 -1946.500980 -1946.503301 -1946.507243 -1946.514163 -1946.526721 -1946.550271 -1946.595882 -1946.687383 -1946.879135 -1947.304474 -1948.318117 -1950.958120 -1958.626145 -1983.879396 -9999.0 -9999.0
-9999.0 -9999.0 422.662692 323.968348 224.826647 125.491970 26.077719 -73.366812 -172.821250 -272.273791 -371.712642 -471.121394 -570.468464 -669.692684 -768.833243 -867.993898 -967.087423 -1066.108307 -1164.820912 -1262.736578 -1359.320954 -1453.231693 -1542.278262 -1623.785742 -1695.390402 -1755.715813 -1804.589315 -1842.843493 -1871.924286 -1893.505773 -1909.212987 -1920.468372 -1928.434885 -1934.019151 -1937.904799 -1940.598176 -1942.484418 -1943.925701 -1945.498521 -1948.229324 -1949.595670 -1904.991713 -1290.756874 -1384.224170 -1355.932703 -1336.803181 -1327.956818 -1326.651681 -1326.512476 -1326.523972 -1326.556826 -1326.592268 -1326.626339 -1326.657896 -1326.687267 -1326.722180 -1326.835364 -1327.603726 -1332.256334 -1342.628720 -1353.448110 -1245.957571 -1871.372085 -1942.843979 -1947.240771 -1946.778390 -1946.555484 -1946.504794 -1946.495799 -1946.494714 -1946.494946 -1946.495326 -1946.495662 -1946.495936 -1946.496158 -1946.496341 -1946.496497 -1946.496634 -1946.496758 -1946.496875 -1946.496995 -1946.497125 -1946.497278 -1946.497474 -1946.497739 -1946.498119 -1946.498688 -1946.499570 -1946.500980 -1946.503301 -1946.507243 -1946.514163 -1946.526721 -1946.550271 -1946.595882 -1946.687383 -1946.879135 -1947.304474 -1948.318117 -1950.958120 -1958.626145 -1983.879396 -9999.0 -9999.0
-9999.0 -9999.0 422.662692 323.968348 224.826647 125.491970 26.077719 -73.366812 -172.821250 -272.273791 -371.712642 -471.121394 -570.468464 -669.692684 -768.833243 -867.993898 -967.087423 -1066.108307 -1164.820912 -1262.736578 -1359.320954 -1453.231693 -1542.278262 -1623.785742 -1695.390402 -1755.715813 -1804.589315 -1842.843493 -1871.924286 -1893.505773 -1909.212987 -1920.468372 -1928.434885 -1934.019151 -1937.904799 -1940.598176 -1942.484418 -1943.925701 -1945.498521 -1948.229324 -1949.595670 -1904.991713 -1290.756874 -1384.224170 -1355.932703 -1336.803181 -1327.956818 -1326.651681 -1326.512476 -1326.523972 -1326.556826 -1326.592268 -1326.626339 -1326.657896 -1326.687267 -1326.722180 -1326.835364 -1327.603726 -1332.256334 -1342.628720 -1353.448110 -1245.957571 -1871.372085 -1942.843979 -1947.240771 -1946.778390 -1946.555484 -1946.504794 -1946.495799 -1946.494714 -1946.494946 -1946.495326 -1946.495662 -1946.495936 -1946.496158 -1946.496341 -1946.496497 -1946.496634 -1946.496758 -1946.496875 -1946.496995 -1946.497125 -1946.497278 -1946.497474 -1946.497739 -1946.498119 -1946.498688 -1946.499570 -1946.500980 -1946.503301 -1946.507243 -1946.514163 -1946.526721 -1946.550271 -1946.595882 -1946.687383 -1946.879135 -1947.304474 -1948.318117 -1950.958120 -1958.626145 -1983.879396 -9999.0 -9999.0
-9999.0 -9999.0 422.661405 323.967666 224.826374 125.491870 26.077683 -73.366825 -172.821255 -272.273792 -371.712643 -471.121395 -570.468464 -669.692684 -768.833243 -867.993898 -967.087423 -1066.108307 -1164.820912 -1262.736578 -1359.320954 -1453.231693 -1542.278262 -1623.785742 -1695.390402 -1755.715813 -1804.589315 -1842.843493 -1871.924286 -1893.505773 -1909.212987 -1920.468372 -1928.434885 -1934.019151 -1937.904799 -1940.598176 -1942.484418 -1943.925701 -1945.498521 -1948.229324 -1949.595670 -1904.991713 -1290.756874 -1384.224170 -1355.932703 -1336.803181 -1327.956818 -1326.651681 -1326.512476 -1326.523972 -1326.556826 -1326.592268 -1326.626339 -1326.657896 -1326.687267 -1326.722180 -1326.835364 -1327.603726 -1332.256334 -1342.628720 -1353.448110 -1245.957571 -1871.372085 -1942.843979 -1947.240771 -1946.778390 -1946.555484 -1946.504794 -1946.495799 -1946.494714 -1946.494946 -1946.495326 -1946.495662 -1946.495936 -1946.496158 -1946.496341 -1946.496497 -1946.496634 -1946.496758 -1946.496875 -1946.496995 -1946.497125 -1946.497278 -1946.497474 -1946.497739 -1946.498119 -1946.498688 -1946.499570 -1946.500980 -1946.503301 -1946.507243 -1946.514163 -1946.526721 -1946.550271 -1946.595882 -1946.687383 -1946.879135 -1947.304474 -1948.318117 -1950.958120 -1958.626145 -1983.879396 -9999.0 -9999.0
-9999.0 -9999.0 422.655588 323.966121 224.825951 125.491743 26.077642 -73.366839 -172.821260 -272.273795 -371.712644 -471.121395 -570.468464 -669.692684 -768.833243 -867.993898 -967.087422 -1066.108307 -1164.820912 -1262.736578 -1359.320954 -1453.231692 -1542.278262 -1623.785742 -1695.390402 -1755.715813 -1804.589315 -1842.843493 -1871.924286 -1893.505773 -1909.212987 -1920.468372 -1928.434885 -1934.019151 -1937.904799 -1940.598176 -1942.484418 -1943.925701 -1945.498521 -1948.229324 -1949.595670 -1904.991713 -1290.756874 -1384.224170 -1355.932704 -1336.803182 -1327.956818 -1326.651681 -1326.512476 -1326.523972 -1326.556826 -1326.592268 -1326.626339 -1326.657896 -1326.687267 -1326.722180 -1326.835364 -1327.603726 -1332.256334 -1342.628720 -1353.448110 -1245.957571 -1871.372085 -1942.843979 -1947.240771 -1946.778390 -1946.555484 -1946.504794 -1946.495799 -1946.494714 -1946.494946 -1946.495326 -1946.495662 -1946.495936 -1946.496158 -1946.496341 -1946.496497 -1946.496634 -1946.496758 -1946.496875 -1946.496995 -1946.497125 -1946.497278 -1946.497474 -1946.497739 -1946.498119 -1946.498688 -1946.499571 -1946.500980 -1946.503301 -1946.507243 -1946.514163 -1946.526721 -1946.550272 -1946.595882 -1946.687383 -1946.879135 -1947.304474 -1948.318117 -1950.958120 -1958.626145 -1983.879396 -9999.0 -9999.0
-9999.0 -9999.0 -9999.0 -9999.0 -9999.0 -9999.0 -9999.0 -9999.0 -9999.0 -9999.0 -9999.0 -9999.0 -9999.0 -9999.0 -9999.0 -9999.0 -9999.0 -9999.0 -9999.0 -9999.0 -9999.0 -9999.0 -9999.0 -9999.0 -9999.0 -9999.0 -9999.0 -9999.0 -9999.0 -9999.0 -9999.0 -9999.0 -9999.0 -9999.0 -9999.0 -9999.0 -9999.0 -9999.0 -9999.0 -9999.0 -9999.0 -9999.0 -9999.0 -9999.0 -9999.0 -9999.0 -9999.0 -9999.0 -9999.0 -9999.0 -9999.0 -9999.0 -9999.0 -9999.0 -9999.0 -9999.0 -9999.0 -9999.0 -9999.0 -9999.0 -9999.0 -9999.0 -9999.0 -9999.0 -9999.0 -9999.0 -9999.0 -9999.0 -9999.0 -9999.0 -9999.0 -9999.0 -9999.0 -9999.0 -9999.0 -9999.0 -9999.0 -9999.0 -9999.0 -9999.0 -9999.0 -9999.0 -9999.0 -9999.0 -9999.0 -9999.0 -9999.0 -9999.0 -9999.0 -9999.0 -9999.0 -9999.0 -9999.0 -9999.0 -9999.0 -9999.0 -9999.0 -9999.0 -9999.0 -9999.0 -9999.0 -9999.0 -9999.0 -9999.0
-9999.0 -9999.0 -9999.0 -9999.0 -9999.0 -9999.0 -9999.0 -9999.0 -9999.0 -9999.0 -9999.0 -9999.0 -9999.0 -9999.0 -9999.0 -9999.0 -9999.0 -9999.0 -9999.0 -9999.0 -9999.0 -9999.0 -9999.0 -9999.0 -9999.0 -9999.0 -9999.0 -9999.0 -9999.0 -9999.0 -9999.0 -9999.0 -9999.0 -9999.0 -9999.0 -9999.0 -9999.0 -9999.0 -9999.0 -9999.0 -9999.0 -9999.0 -9999.0 -9999.0 -9999.0 -9999.0 -9999.0 -9999.0 -9999.0 -9999.0 -9999.0 -9999.0 -9999.0 -9999.0 -9999.0 -9999.0 -9999.0 -9999.0 -9999.0 -9999.0 -9999.0 -9999.0 -9999.0 -9999.0 -9999.0 -9999.0 -9999.0 -9999.0 -9999.0 -9999.0 -9999.0 -9999.0 -9999.0 -9999.0 -9999.0 -9999.0 -9999.0 -9999.0 -9999.0 -9999.0 -9999.0 -9999.0 -9999.0 -9999.0 -9999.0 -9999.0 -9999.0 -9999.0 -9999.0 -9999.0 -9999.0 -9999.0 -9999.0 -9999.0 -9999.0 -9999.0 -9999.0 -9999.0 -9999.0 -9999.0 -9999.0 -9999.0 -9999.0 -9999.0