inst/processing_geotop_simulation/geotop_simulation/out/maps3D/PwL0019N0312.asc
ncols         104
nrows         10
xllcorner     -2.000000
yllcorner     0.000000
cellsize      1.000000
NODATA_value  -9999.0
-9999.0 -9999.0 -9999.0 -9999.0 -9999.0 -9999.0 -9999.0 -9999.0 -9999.0 -9999.0 -9999.0 -9999.0 -9999.0 -9999.0 -9999.0 -9999.0 -9999.0 -9999.0 -9999.0 -9999.0 -9999.0 -9999.0 -9999.0 -9999.0 -9999.0 -9999.0 -9999.0 -9999.0 -9999.0 -9999.0 -9999.0 -9999.0 -9999.0 -9999.0 -9999.0 -9999.0 -9999.0 -9999.0 -9999.0 -9999.0 -9999.0 -9999.0 -9999.0 -9999.0 -9999.0 -9999.0 -9999.0 -9999.0 -9999.0 -9999.0 -9999.0 -9999.0 -9999.0 -9999.0 -9999.0 -9999.0 -9999.0 -9999.0 -9999.0 -9999.0 -9999.0 -9999.0 -9999.0 -9999.0 -9999.0 -9999.0 -9999.0 -9999.0 -9999.0 -9999.0 -9999.0 -9999.0 -9999.0 -9999.0 -9999.0 -9999.0 -9999.0 -9999.0 -9999.0 -9999.0 -9999.0 -9999.0 -9999.0 -9999.0 -9999.0 -9999.0 -9999.0 -9999.0 -9999.0 -9999.0 -9999.0 -9999.0 -9999.0 -9999.0 -9999.0 -9999.0 -9999.0 -9999.0 -9999.0 -9999.0 -9999.0 -9999.0 -9999.0 -9999.0
-9999.0 -9999.0 -9999.0 -9999.0 -9999.0 -9999.0 -9999.0 -9999.0 -9999.0 -9999.0 -9999.0 -9999.0 -9999.0 -9999.0 -9999.0 -9999.0 -9999.0 -9999.0 -9999.0 -9999.0 -9999.0 -9999.0 -9999.0 -9999.0 -9999.0 -9999.0 -9999.0 -9999.0 -9999.0 -9999.0 -9999.0 -9999.0 -9999.0 -9999.0 -9999.0 -9999.0 -9999.0 -9999.0 -9999.0 -9999.0 -9999.0 -9999.0 -9999.0 -9999.0 -9999.0 -9999.0 -9999.0 -9999.0 -9999.0 -9999.0 -9999.0 -9999.0 -9999.0 -9999.0 -9999.0 -9999.0 -9999.0 -9999.0 -9999.0 -9999.0 -9999.0 -9999.0 -9999.0 -9999.0 -9999.0 -9999.0 -9999.0 -9999.0 -9999.0 -9999.0 -9999.0 -9999.0 -9999.0 -9999.0 -9999.0 -9999.0 -9999.0 -9999.0 -9999.0 -9999.0 -9999.0 -9999.0 -9999.0 -9999.0 -9999.0 -9999.0 -9999.0 -9999.0 -9999.0 -9999.0 -9999.0 -9999.0 -9999.0 -9999.0 -9999.0 -9999.0 -9999.0 -9999.0 -9999.0 -9999.0 -9999.0 -9999.0 -9999.0 -9999.0
-9999.0 -9999.0 920.883824 822.467425 723.901592 625.133286 526.256142 427.330629 328.389819 229.451716 130.526353 31.620040 -67.258804 -166.108405 -264.910408 -363.624274 -462.170243 -560.402847 -658.073539 -755.397621 -852.680725 -949.335665 -1045.106219 -1136.338617 -1218.291051 -1291.047326 -1353.161984 -1404.136727 -1444.430828 -1475.229276 -1498.102137 -1514.690990 -1526.496372 -1534.774276 -1540.514149 -1544.465339 -1547.192692 -1549.184825 -1551.177754 -1555.214318 -1567.485722 -1608.904033 -1887.802273 -3969.935571 -4034.641986 -4034.648647 -4034.515280 -4033.204890 -4027.562560 -4011.071342 -3972.613386 -3888.854174 -3791.950136 -3702.804603 -3598.616443 -3467.538241 -3304.220440 -3114.575626 -2914.899401 -2721.103739 -2501.483540 -1609.205207 -1566.545330 -1559.084961 -1554.604861 -1553.287868 -1553.012218 -1552.963749 -1552.956314 -1552.955709 -1552.956151 -1552.956667 -1552.957102 -1552.957451 -1552.957732 -1552.957962 -1552.958156 -1552.958324 -1552.958474 -1552.958615 -1552.958757 -1552.958910 -1552.959092 -1552.959324 -1552.959643 -1552.960104 -1552.960798 -1552.961877 -1552.963604 -1552.966445 -1552.971260 -1552.979680 -1552.994897 -1553.023301 -1553.078040 -1553.187213 -1553.414393 -1553.913665 -1555.084172 -1558.031897 -1566.142551 -1591.502818 -9999.0 -9999.0
-9999.0 -9999.0 920.886929 822.468594 723.901973 625.133410 526.256184 427.330644 328.389824 229.451718 130.526354 31.620041 -67.258803 -166.108405 -264.910408 -363.624274 -462.170243 -560.402847 -658.073539 -755.397622 -852.680725 -949.335665 -1045.106219 -1136.338617 -1218.291051 -1291.047326 -1353.161984 -1404.136727 -1444.430828 -1475.229277 -1498.102137 -1514.690990 -1526.496372 -1534.774276 -1540.514149 -1544.465339 -1547.192692 -1549.184825 -1551.177754 -1555.214318 -1567.485722 -1608.904033 -1887.802273 -3969.935571 -4034.641986 -4034.648647 -4034.515280 -4033.204890 -4027.562560 -4011.071342 -3972.613385 -3888.854174 -3791.950135 -3702.804603 -3598.616442 -3467.538240 -3304.220439 -3114.575626 -2914.899400 -2721.103739 -2501.483540 -1609.205207 -1566.545330 -1559.084961 -1554.604861 -1553.287868 -1553.012218 -1552.963749 -1552.956314 -1552.955709 -1552.956151 -1552.956667 -1552.957102 -1552.957451 -1552.957732 -1552.957962 -1552.958156 -1552.958324 -1552.958474 -1552.958615 -1552.958757 -1552.958910 -1552.959092 -1552.959324 -1552.959643 -1552.960104 -1552.960798 -1552.961877 -1552.963604 -1552.966445 -1552.971260 -1552.979680 -1552.994897 -1553.023301 -1553.078040 -1553.187213 -1553.414393 -1553.913665 -1555.084172 -1558.031897 -1566.142551 -1591.502818 -9999.0 -9999.0
-9999.0 -9999.0 920.888094 822.469218 723.902235 625.133510 526.256221 427.330657 328.389829 229.451720 130.526355 31.620041 -67.258803 -166.108405 -264.910408 -363.624274 -462.170243 -560.402847 -658.073539 -755.397622 -852.680726 -949.335665 -1045.106219 -1136.338617 -1218.291051 -1291.047326 -1353.161984 -1404.136727 -1444.430828 -1475.229277 -1498.102137 -1514.690990 -1526.496372 -1534.774276 -1540.514149 -1544.465339 -1547.192692 -1549.184826 -1551.177754 -1555.214318 -1567.485722 -1608.904033 -1887.802273 -3969.935571 -4034.641986 -4034.648647 -4034.515280 -4033.204890 -4027.562560 -4011.071342 -3972.613385 -3888.854173 -3791.950135 -3702.804602 -3598.616442 -3467.538240 -3304.220439 -3114.575625 -2914.899400 -2721.103739 -2501.483540 -1609.205207 -1566.545330 -1559.084961 -1554.604861 -1553.287868 -1553.012218 -1552.963749 -1552.956314 -1552.955709 -1552.956151 -1552.956667 -1552.957102 -1552.957451 -1552.957732 -1552.957962 -1552.958156 -1552.958324 -1552.958474 -1552.958615 -1552.958757 -1552.958910 -1552.959092 -1552.959324 -1552.959643 -1552.960104 -1552.960798 -1552.961877 -1552.963604 -1552.966445 -1552.971260 -1552.979680 -1552.994897 -1553.023301 -1553.078040 -1553.187213 -1553.414393 -1553.913665 -1555.084172 -1558.031897 -1566.142551 -1591.502818 -9999.0 -9999.0
-9999.0 -9999.0 920.888094 822.469218 723.902235 625.133510 526.256221 427.330657 328.389829 229.451720 130.526355 31.620041 -67.258803 -166.108405 -264.910408 -363.624274 -462.170243 -560.402847 -658.073539 -755.397622 -852.680725 -949.335665 -1045.106219 -1136.338617 -1218.291051 -1291.047326 -1353.161984 -1404.136727 -1444.430828 -1475.229277 -1498.102137 -1514.690990 -1526.496372 -1534.774276 -1540.514149 -1544.465339 -1547.192692 -1549.184826 -1551.177754 -1555.214318 -1567.485722 -1608.904033 -1887.802273 -3969.935571 -4034.641986 -4034.648647 -4034.515280 -4033.204890 -4027.562560 -4011.071342 -3972.613385 -3888.854173 -3791.950135 -3702.804602 -3598.616442 -3467.538240 -3304.220439 -3114.575625 -2914.899399 -2721.103739 -2501.483540 -1609.205207 -1566.545330 -1559.084961 -1554.604861 -1553.287868 -1553.012218 -1552.963749 -1552.956314 -1552.955709 -1552.956151 -1552.956667 -1552.957102 -1552.957451 -1552.957732 -1552.957962 -1552.958156 -1552.958324 -1552.958474 -1552.958615 -1552.958757 -1552.958910 -1552.959092 -1552.959324 -1552.959643 -1552.960104 -1552.960798 -1552.961877 -1552.963604 -1552.966445 -1552.971260 -1552.979680 -1552.994897 -1553.023301 -1553.078040 -1553.187213 -1553.414393 -1553.913665 -1555.084172 -1558.031897 -1566.142551 -1591.502818 -9999.0 -9999.0
-9999.0 -9999.0 920.886929 822.468594 723.901973 625.133410 526.256184 427.330644 328.389824 229.451718 130.526354 31.620041 -67.258803 -166.108405 -264.910408 -363.624274 -462.170243 -560.402847 -658.073539 -755.397621 -852.680725 -949.335665 -1045.106219 -1136.338617 -1218.291051 -1291.047326 -1353.161984 -1404.136727 -1444.430828 -1475.229277 -1498.102137 -1514.690990 -1526.496372 -1534.774276 -1540.514149 -1544.465339 -1547.192692 -1549.184825 -1551.177754 -1555.214318 -1567.485722 -1608.904033 -1887.802273 -3969.935571 -4034.641986 -4034.648647 -4034.515280 -4033.204890 -4027.562560 -4011.071342 -3972.613385 -3888.854174 -3791.950135 -3702.804602 -3598.616442 -3467.538240 -3304.220439 -3114.575625 -2914.899400 -2721.103739 -2501.483540 -1609.205207 -1566.545330 -1559.084961 -1554.604861 -1553.287868 -1553.012218 -1552.963749 -1552.956314 -1552.955709 -1552.956151 -1552.956667 -1552.957102 -1552.957451 -1552.957732 -1552.957962 -1552.958156 -1552.958324 -1552.958474 -1552.958615 -1552.958757 -1552.958910 -1552.959092 -1552.959324 -1552.959643 -1552.960104 -1552.960798 -1552.961877 -1552.963604 -1552.966445 -1552.971260 -1552.979680 -1552.994897 -1553.023301 -1553.078040 -1553.187213 -1553.414393 -1553.913665 -1555.084172 -1558.031897 -1566.142551 -1591.502818 -9999.0 -9999.0
-9999.0 -9999.0 920.883824 822.467425 723.901592 625.133286 526.256142 427.330629 328.389819 229.451715 130.526353 31.620040 -67.258803 -166.108405 -264.910408 -363.624274 -462.170243 -560.402847 -658.073539 -755.397621 -852.680725 -949.335665 -1045.106218 -1136.338617 -1218.291051 -1291.047326 -1353.161984 -1404.136727 -1444.430828 -1475.229276 -1498.102137 -1514.690990 -1526.496372 -1534.774276 -1540.514149 -1544.465339 -1547.192692 -1549.184825 -1551.177754 -1555.214318 -1567.485722 -1608.904033 -1887.802273 -3969.935571 -4034.641986 -4034.648647 -4034.515280 -4033.204890 -4027.562560 -4011.071343 -3972.613386 -3888.854174 -3791.950136 -3702.804603 -3598.616442 -3467.538241 -3304.220440 -3114.575626 -2914.899400 -2721.103740 -2501.483541 -1609.205207 -1566.545330 -1559.084961 -1554.604861 -1553.287868 -1553.012218 -1552.963749 -1552.956314 -1552.955709 -1552.956151 -1552.956667 -1552.957102 -1552.957451 -1552.957732 -1552.957962 -1552.958156 -1552.958324 -1552.958474 -1552.958615 -1552.958757 -1552.958910 -1552.959092 -1552.959324 -1552.959643 -1552.960104 -1552.960798 -1552.961877 -1552.963604 -1552.966445 -1552.971260 -1552.979680 -1552.994897 -1553.023301 -1553.078040 -1553.187213 -1553.414393 -1553.913665 -1555.084172 -1558.031897 -1566.142551 -1591.502818 -9999.0 -9999.0
-9999.0 -9999.0 -9999.0 -9999.0 -9999.0 -9999.0 -9999.0 -9999.0 -9999.0 -9999.0 -9999.0 -9999.0 -9999.0 -9999.0 -9999.0 -9999.0 -9999.0 -9999.0 -9999.0 -9999.0 -9999.0 -9999.0 -9999.0 -9999.0 -9999.0 -9999.0 -9999.0 -9999.0 -9999.0 -9999.0 -9999.0 -9999.0 -9999.0 -9999.0 -9999.0 -9999.0 -9999.0 -9999.0 -9999.0 -9999.0 -9999.0 -9999.0 -9999.0 -9999.0 -9999.0 -9999.0 -9999.0 -9999.0 -9999.0 -9999.0 -9999.0 -9999.0 -9999.0 -9999.0 -9999.0 -9999.0 -9999.0 -9999.0 -9999.0 -9999.0 -9999.0 -9999.0 -9999.0 -9999.0 -9999.0 -9999.0 -9999.0 -9999.0 -9999.0 -9999.0 -9999.0 -9999.0 -9999.0 -9999.0 -9999.0 -9999.0 -9999.0 -9999.0 -9999.0 -9999.0 -9999.0 -9999.0 -9999.0 -9999.0 -9999.0 -9999.0 -9999.0 -9999.0 -9999.0 -9999.0 -9999.0 -9999.0 -9999.0 -9999.0 -9999.0 -9999.0 -9999.0 -9999.0 -9999.0 -9999.0 -9999.0 -9999.0 -9999.0 -9999.0
-9999.0 -9999.0 -9999.0 -9999.0 -9999.0 -9999.0 -9999.0 -9999.0 -9999.0 -9999.0 -9999.0 -9999.0 -9999.0 -9999.0 -9999.0 -9999.0 -9999.0 -9999.0 -9999.0 -9999.0 -9999.0 -9999.0 -9999.0 -9999.0 -9999.0 -9999.0 -9999.0 -9999.0 -9999.0 -9999.0 -9999.0 -9999.0 -9999.0 -9999.0 -9999.0 -9999.0 -9999.0 -9999.0 -9999.0 -9999.0 -9999.0 -9999.0 -9999.0 -9999.0 -9999.0 -9999.0 -9999.0 -9999.0 -9999.0 -9999.0 -9999.0 -9999.0 -9999.0 -9999.0 -9999.0 -9999.0 -9999.0 -9999.0 -9999.0 -9999.0 -9999.0 -9999.0 -9999.0 -9999.0 -9999.0 -9999.0 -9999.0 -9999.0 -9999.0 -9999.0 -9999.0 -9999.0 -9999.0 -9999.0 -9999.0 -9999.0 -9999.0 -9999.0 -9999.0 -9999.0 -9999.0 -9999.0 -9999.0 -9999.0 -9999.0 -9999.0 -9999.0 -9999.0 -9999.0 -9999.0 -9999.0 -9999.0 -9999.0 -9999.0 -9999.0 -9999.0 -9999.0 -9999.0 -9999.0 -9999.0 -9999.0 -9999.0 -9999.0 -9999.0