inst/processing_geotop_simulation/geotop_simulation/out/maps3D/PwL0015N0048.asc
ncols         104
nrows         10
xllcorner     -2.000000
yllcorner     0.000000
cellsize      1.000000
NODATA_value  -9999.0
-9999.0 -9999.0 -9999.0 -9999.0 -9999.0 -9999.0 -9999.0 -9999.0 -9999.0 -9999.0 -9999.0 -9999.0 -9999.0 -9999.0 -9999.0 -9999.0 -9999.0 -9999.0 -9999.0 -9999.0 -9999.0 -9999.0 -9999.0 -9999.0 -9999.0 -9999.0 -9999.0 -9999.0 -9999.0 -9999.0 -9999.0 -9999.0 -9999.0 -9999.0 -9999.0 -9999.0 -9999.0 -9999.0 -9999.0 -9999.0 -9999.0 -9999.0 -9999.0 -9999.0 -9999.0 -9999.0 -9999.0 -9999.0 -9999.0 -9999.0 -9999.0 -9999.0 -9999.0 -9999.0 -9999.0 -9999.0 -9999.0 -9999.0 -9999.0 -9999.0 -9999.0 -9999.0 -9999.0 -9999.0 -9999.0 -9999.0 -9999.0 -9999.0 -9999.0 -9999.0 -9999.0 -9999.0 -9999.0 -9999.0 -9999.0 -9999.0 -9999.0 -9999.0 -9999.0 -9999.0 -9999.0 -9999.0 -9999.0 -9999.0 -9999.0 -9999.0 -9999.0 -9999.0 -9999.0 -9999.0 -9999.0 -9999.0 -9999.0 -9999.0 -9999.0 -9999.0 -9999.0 -9999.0 -9999.0 -9999.0 -9999.0 -9999.0 -9999.0 -9999.0
-9999.0 -9999.0 -9999.0 -9999.0 -9999.0 -9999.0 -9999.0 -9999.0 -9999.0 -9999.0 -9999.0 -9999.0 -9999.0 -9999.0 -9999.0 -9999.0 -9999.0 -9999.0 -9999.0 -9999.0 -9999.0 -9999.0 -9999.0 -9999.0 -9999.0 -9999.0 -9999.0 -9999.0 -9999.0 -9999.0 -9999.0 -9999.0 -9999.0 -9999.0 -9999.0 -9999.0 -9999.0 -9999.0 -9999.0 -9999.0 -9999.0 -9999.0 -9999.0 -9999.0 -9999.0 -9999.0 -9999.0 -9999.0 -9999.0 -9999.0 -9999.0 -9999.0 -9999.0 -9999.0 -9999.0 -9999.0 -9999.0 -9999.0 -9999.0 -9999.0 -9999.0 -9999.0 -9999.0 -9999.0 -9999.0 -9999.0 -9999.0 -9999.0 -9999.0 -9999.0 -9999.0 -9999.0 -9999.0 -9999.0 -9999.0 -9999.0 -9999.0 -9999.0 -9999.0 -9999.0 -9999.0 -9999.0 -9999.0 -9999.0 -9999.0 -9999.0 -9999.0 -9999.0 -9999.0 -9999.0 -9999.0 -9999.0 -9999.0 -9999.0 -9999.0 -9999.0 -9999.0 -9999.0 -9999.0 -9999.0 -9999.0 -9999.0 -9999.0 -9999.0
-9999.0 -9999.0 -625.440247 -699.294746 -740.520370 -762.572351 -774.394906 -780.670441 -783.864416 -783.856608 -774.179836 -758.704867 -741.032486 -719.368610 -695.853046 -676.266703 -659.962754 -666.351089 -689.271636 -710.173937 -732.113734 -729.139928 -712.833437 -708.899104 -712.354572 -720.086652 -730.002639 -740.598860 -750.785015 -759.837244 -767.362464 -773.258818 -777.645852 -780.767088 -782.902035 -784.310670 -785.226183 -785.915504 -786.560568 -786.696179 -789.610814 -844.163543 -2345.621653 -4231.497838 -4232.673257 -4232.673267 -4232.673267 -4232.673267 -4232.673267 -4232.673267 -4232.673267 -4232.673267 -4232.673267 -4232.673267 -4232.673267 -4232.673267 -4232.673267 -4232.673267 -4232.673267 -4232.673247 -4230.768687 -2243.980417 -826.469048 -790.726839 -787.788248 -787.162796 -787.019074 -786.993468 -786.993412 -786.997960 -787.002521 -787.006206 -787.009019 -787.011152 -787.012787 -787.014063 -787.015079 -787.015900 -787.016580 -787.017175 -787.017745 -787.018362 -787.019122 -787.020160 -787.021679 -787.023996 -787.027617 -787.033368 -787.042622 -787.057724 -787.082810 -787.125435 -787.199910 -787.334158 -787.583753 -788.060125 -788.986367 -790.810661 -794.471746 -802.199904 -820.264181 -864.547304 -9999.0 -9999.0
-9999.0 -9999.0 -625.440218 -699.294696 -740.520325 -762.572328 -774.394899 -780.670441 -783.864417 -783.856609 -774.179836 -758.704867 -741.032486 -719.368610 -695.853046 -676.266703 -659.962754 -666.351089 -689.271636 -710.173937 -732.113734 -729.139928 -712.833437 -708.899104 -712.354572 -720.086652 -730.002639 -740.598860 -750.785015 -759.837244 -767.362464 -773.258818 -777.645852 -780.767088 -782.902035 -784.310670 -785.226183 -785.915504 -786.560568 -786.696179 -789.610814 -844.163543 -2345.621653 -4231.497838 -4232.673257 -4232.673267 -4232.673267 -4232.673267 -4232.673267 -4232.673267 -4232.673267 -4232.673267 -4232.673267 -4232.673267 -4232.673267 -4232.673267 -4232.673267 -4232.673267 -4232.673267 -4232.673247 -4230.768687 -2243.980417 -826.469048 -790.726839 -787.788248 -787.162796 -787.019074 -786.993468 -786.993412 -786.997960 -787.002521 -787.006206 -787.009019 -787.011152 -787.012787 -787.014063 -787.015079 -787.015900 -787.016580 -787.017175 -787.017745 -787.018362 -787.019122 -787.020160 -787.021679 -787.023996 -787.027617 -787.033368 -787.042622 -787.057724 -787.082810 -787.125435 -787.199910 -787.334158 -787.583753 -788.060125 -788.986367 -790.810661 -794.471746 -802.199904 -820.264181 -864.547304 -9999.0 -9999.0
-9999.0 -9999.0 -625.440204 -699.294667 -740.520295 -762.572312 -774.394894 -780.670441 -783.864418 -783.856610 -774.179836 -758.704867 -741.032486 -719.368610 -695.853046 -676.266703 -659.962754 -666.351089 -689.271636 -710.173937 -732.113734 -729.139928 -712.833437 -708.899104 -712.354572 -720.086652 -730.002639 -740.598860 -750.785015 -759.837244 -767.362464 -773.258818 -777.645852 -780.767088 -782.902035 -784.310670 -785.226183 -785.915504 -786.560568 -786.696179 -789.610814 -844.163543 -2345.621653 -4231.497838 -4232.673257 -4232.673267 -4232.673267 -4232.673267 -4232.673267 -4232.673267 -4232.673267 -4232.673267 -4232.673267 -4232.673267 -4232.673267 -4232.673267 -4232.673267 -4232.673267 -4232.673267 -4232.673247 -4230.768687 -2243.980417 -826.469048 -790.726839 -787.788248 -787.162796 -787.019074 -786.993468 -786.993412 -786.997960 -787.002521 -787.006206 -787.009019 -787.011152 -787.012787 -787.014063 -787.015079 -787.015900 -787.016580 -787.017175 -787.017745 -787.018362 -787.019122 -787.020160 -787.021679 -787.023996 -787.027617 -787.033368 -787.042622 -787.057724 -787.082810 -787.125435 -787.199910 -787.334158 -787.583753 -788.060125 -788.986367 -790.810661 -794.471746 -802.199904 -820.264181 -864.547304 -9999.0 -9999.0
-9999.0 -9999.0 -625.440204 -699.294667 -740.520295 -762.572312 -774.394894 -780.670441 -783.864418 -783.856610 -774.179836 -758.704867 -741.032486 -719.368610 -695.853046 -676.266703 -659.962754 -666.351089 -689.271636 -710.173937 -732.113734 -729.139928 -712.833437 -708.899104 -712.354572 -720.086652 -730.002639 -740.598860 -750.785015 -759.837244 -767.362464 -773.258818 -777.645852 -780.767088 -782.902035 -784.310670 -785.226183 -785.915504 -786.560568 -786.696179 -789.610814 -844.163543 -2345.621653 -4231.497838 -4232.673257 -4232.673267 -4232.673267 -4232.673267 -4232.673267 -4232.673267 -4232.673267 -4232.673267 -4232.673267 -4232.673267 -4232.673267 -4232.673267 -4232.673267 -4232.673267 -4232.673267 -4232.673247 -4230.768687 -2243.980417 -826.469048 -790.726839 -787.788248 -787.162796 -787.019074 -786.993468 -786.993412 -786.997960 -787.002521 -787.006206 -787.009019 -787.011152 -787.012787 -787.014063 -787.015079 -787.015900 -787.016580 -787.017175 -787.017745 -787.018362 -787.019122 -787.020160 -787.021679 -787.023996 -787.027617 -787.033368 -787.042622 -787.057724 -787.082810 -787.125435 -787.199910 -787.334158 -787.583753 -788.060125 -788.986367 -790.810661 -794.471746 -802.199904 -820.264181 -864.547304 -9999.0 -9999.0
-9999.0 -9999.0 -625.440218 -699.294696 -740.520325 -762.572328 -774.394899 -780.670441 -783.864417 -783.856609 -774.179836 -758.704867 -741.032486 -719.368610 -695.853046 -676.266703 -659.962754 -666.351089 -689.271636 -710.173937 -732.113734 -729.139928 -712.833437 -708.899104 -712.354572 -720.086652 -730.002639 -740.598860 -750.785015 -759.837244 -767.362464 -773.258818 -777.645852 -780.767088 -782.902035 -784.310670 -785.226183 -785.915504 -786.560568 -786.696179 -789.610814 -844.163543 -2345.621653 -4231.497838 -4232.673257 -4232.673267 -4232.673267 -4232.673267 -4232.673267 -4232.673267 -4232.673267 -4232.673267 -4232.673267 -4232.673267 -4232.673267 -4232.673267 -4232.673267 -4232.673267 -4232.673267 -4232.673247 -4230.768687 -2243.980417 -826.469048 -790.726839 -787.788248 -787.162796 -787.019074 -786.993468 -786.993412 -786.997960 -787.002521 -787.006206 -787.009019 -787.011152 -787.012787 -787.014063 -787.015079 -787.015900 -787.016580 -787.017175 -787.017745 -787.018362 -787.019122 -787.020160 -787.021679 -787.023996 -787.027617 -787.033368 -787.042622 -787.057724 -787.082810 -787.125435 -787.199910 -787.334158 -787.583753 -788.060125 -788.986367 -790.810661 -794.471746 -802.199904 -820.264181 -864.547304 -9999.0 -9999.0
-9999.0 -9999.0 -625.440247 -699.294746 -740.520370 -762.572351 -774.394906 -780.670441 -783.864416 -783.856608 -774.179836 -758.704867 -741.032486 -719.368610 -695.853046 -676.266703 -659.962754 -666.351089 -689.271636 -710.173937 -732.113734 -729.139928 -712.833437 -708.899104 -712.354572 -720.086652 -730.002639 -740.598860 -750.785015 -759.837244 -767.362464 -773.258818 -777.645852 -780.767088 -782.902035 -784.310670 -785.226183 -785.915504 -786.560568 -786.696179 -789.610814 -844.163543 -2345.621653 -4231.497838 -4232.673257 -4232.673267 -4232.673267 -4232.673267 -4232.673267 -4232.673267 -4232.673267 -4232.673267 -4232.673267 -4232.673267 -4232.673267 -4232.673267 -4232.673267 -4232.673267 -4232.673267 -4232.673247 -4230.768687 -2243.980417 -826.469048 -790.726839 -787.788248 -787.162796 -787.019074 -786.993468 -786.993412 -786.997960 -787.002521 -787.006206 -787.009019 -787.011152 -787.012787 -787.014063 -787.015079 -787.015900 -787.016580 -787.017175 -787.017745 -787.018362 -787.019122 -787.020160 -787.021679 -787.023996 -787.027617 -787.033368 -787.042622 -787.057724 -787.082810 -787.125435 -787.199910 -787.334158 -787.583753 -788.060125 -788.986367 -790.810661 -794.471746 -802.199904 -820.264181 -864.547304 -9999.0 -9999.0
-9999.0 -9999.0 -9999.0 -9999.0 -9999.0 -9999.0 -9999.0 -9999.0 -9999.0 -9999.0 -9999.0 -9999.0 -9999.0 -9999.0 -9999.0 -9999.0 -9999.0 -9999.0 -9999.0 -9999.0 -9999.0 -9999.0 -9999.0 -9999.0 -9999.0 -9999.0 -9999.0 -9999.0 -9999.0 -9999.0 -9999.0 -9999.0 -9999.0 -9999.0 -9999.0 -9999.0 -9999.0 -9999.0 -9999.0 -9999.0 -9999.0 -9999.0 -9999.0 -9999.0 -9999.0 -9999.0 -9999.0 -9999.0 -9999.0 -9999.0 -9999.0 -9999.0 -9999.0 -9999.0 -9999.0 -9999.0 -9999.0 -9999.0 -9999.0 -9999.0 -9999.0 -9999.0 -9999.0 -9999.0 -9999.0 -9999.0 -9999.0 -9999.0 -9999.0 -9999.0 -9999.0 -9999.0 -9999.0 -9999.0 -9999.0 -9999.0 -9999.0 -9999.0 -9999.0 -9999.0 -9999.0 -9999.0 -9999.0 -9999.0 -9999.0 -9999.0 -9999.0 -9999.0 -9999.0 -9999.0 -9999.0 -9999.0 -9999.0 -9999.0 -9999.0 -9999.0 -9999.0 -9999.0 -9999.0 -9999.0 -9999.0 -9999.0 -9999.0 -9999.0
-9999.0 -9999.0 -9999.0 -9999.0 -9999.0 -9999.0 -9999.0 -9999.0 -9999.0 -9999.0 -9999.0 -9999.0 -9999.0 -9999.0 -9999.0 -9999.0 -9999.0 -9999.0 -9999.0 -9999.0 -9999.0 -9999.0 -9999.0 -9999.0 -9999.0 -9999.0 -9999.0 -9999.0 -9999.0 -9999.0 -9999.0 -9999.0 -9999.0 -9999.0 -9999.0 -9999.0 -9999.0 -9999.0 -9999.0 -9999.0 -9999.0 -9999.0 -9999.0 -9999.0 -9999.0 -9999.0 -9999.0 -9999.0 -9999.0 -9999.0 -9999.0 -9999.0 -9999.0 -9999.0 -9999.0 -9999.0 -9999.0 -9999.0 -9999.0 -9999.0 -9999.0 -9999.0 -9999.0 -9999.0 -9999.0 -9999.0 -9999.0 -9999.0 -9999.0 -9999.0 -9999.0 -9999.0 -9999.0 -9999.0 -9999.0 -9999.0 -9999.0 -9999.0 -9999.0 -9999.0 -9999.0 -9999.0 -9999.0 -9999.0 -9999.0 -9999.0 -9999.0 -9999.0 -9999.0 -9999.0 -9999.0 -9999.0 -9999.0 -9999.0 -9999.0 -9999.0 -9999.0 -9999.0 -9999.0 -9999.0 -9999.0 -9999.0 -9999.0 -9999.0