inst/processing_geotop_simulation/geotop_simulation/out/maps3D/PwL0012N0388.asc
ncols         104
nrows         10
xllcorner     -2.000000
yllcorner     0.000000
cellsize      1.000000
NODATA_value  -9999.0
-9999.0 -9999.0 -9999.0 -9999.0 -9999.0 -9999.0 -9999.0 -9999.0 -9999.0 -9999.0 -9999.0 -9999.0 -9999.0 -9999.0 -9999.0 -9999.0 -9999.0 -9999.0 -9999.0 -9999.0 -9999.0 -9999.0 -9999.0 -9999.0 -9999.0 -9999.0 -9999.0 -9999.0 -9999.0 -9999.0 -9999.0 -9999.0 -9999.0 -9999.0 -9999.0 -9999.0 -9999.0 -9999.0 -9999.0 -9999.0 -9999.0 -9999.0 -9999.0 -9999.0 -9999.0 -9999.0 -9999.0 -9999.0 -9999.0 -9999.0 -9999.0 -9999.0 -9999.0 -9999.0 -9999.0 -9999.0 -9999.0 -9999.0 -9999.0 -9999.0 -9999.0 -9999.0 -9999.0 -9999.0 -9999.0 -9999.0 -9999.0 -9999.0 -9999.0 -9999.0 -9999.0 -9999.0 -9999.0 -9999.0 -9999.0 -9999.0 -9999.0 -9999.0 -9999.0 -9999.0 -9999.0 -9999.0 -9999.0 -9999.0 -9999.0 -9999.0 -9999.0 -9999.0 -9999.0 -9999.0 -9999.0 -9999.0 -9999.0 -9999.0 -9999.0 -9999.0 -9999.0 -9999.0 -9999.0 -9999.0 -9999.0 -9999.0 -9999.0 -9999.0
-9999.0 -9999.0 -9999.0 -9999.0 -9999.0 -9999.0 -9999.0 -9999.0 -9999.0 -9999.0 -9999.0 -9999.0 -9999.0 -9999.0 -9999.0 -9999.0 -9999.0 -9999.0 -9999.0 -9999.0 -9999.0 -9999.0 -9999.0 -9999.0 -9999.0 -9999.0 -9999.0 -9999.0 -9999.0 -9999.0 -9999.0 -9999.0 -9999.0 -9999.0 -9999.0 -9999.0 -9999.0 -9999.0 -9999.0 -9999.0 -9999.0 -9999.0 -9999.0 -9999.0 -9999.0 -9999.0 -9999.0 -9999.0 -9999.0 -9999.0 -9999.0 -9999.0 -9999.0 -9999.0 -9999.0 -9999.0 -9999.0 -9999.0 -9999.0 -9999.0 -9999.0 -9999.0 -9999.0 -9999.0 -9999.0 -9999.0 -9999.0 -9999.0 -9999.0 -9999.0 -9999.0 -9999.0 -9999.0 -9999.0 -9999.0 -9999.0 -9999.0 -9999.0 -9999.0 -9999.0 -9999.0 -9999.0 -9999.0 -9999.0 -9999.0 -9999.0 -9999.0 -9999.0 -9999.0 -9999.0 -9999.0 -9999.0 -9999.0 -9999.0 -9999.0 -9999.0 -9999.0 -9999.0 -9999.0 -9999.0 -9999.0 -9999.0 -9999.0 -9999.0
-9999.0 -9999.0 572.111806 473.613056 374.712251 275.588485 176.366052 77.102149 -22.173435 -121.445317 -220.706849 -319.944703 -419.135164 -518.229397 -617.152697 -715.816043 -814.582814 -913.207170 -1011.654384 -1109.874154 -1205.980394 -1299.213472 -1387.387092 -1467.935167 -1538.637110 -1598.198330 -1646.449351 -1684.186444 -1712.818777 -1733.999434 -1749.347083 -1760.285244 -1767.979205 -1773.335979 -1777.036827 -1779.583179 -1781.352278 -1782.694700 -1784.204200 -1787.331316 -1793.500941 -1786.615066 -1492.663391 -2013.736009 -1896.369951 -1822.654449 -1790.170842 -1785.822831 -1785.377103 -1785.420653 -1785.533567 -1785.654789 -1785.771218 -1785.878997 -1785.978873 -1786.093748 -1786.446682 -1788.918066 -1805.561845 -1844.103501 -1885.722423 -1388.061782 -1749.181672 -1785.767038 -1786.218695 -1785.369621 -1785.126249 -1785.078065 -1785.070148 -1785.069343 -1785.069670 -1785.070101 -1785.070469 -1785.070764 -1785.070999 -1785.071191 -1785.071351 -1785.071489 -1785.071611 -1785.071726 -1785.071842 -1785.071969 -1785.072120 -1785.072317 -1785.072590 -1785.072989 -1785.073595 -1785.074544 -1785.076070 -1785.078590 -1785.082876 -1785.090392 -1785.104009 -1785.129474 -1785.178609 -1785.276641 -1785.480484 -1785.927924 -1786.979351 -1789.665969 -1797.307306 -1822.200516 -9999.0 -9999.0
-9999.0 -9999.0 572.116691 473.614525 374.712675 275.588615 176.366094 77.102163 -22.173429 -121.445315 -220.706848 -319.944702 -419.135164 -518.229397 -617.152697 -715.816043 -814.582814 -913.207171 -1011.654384 -1109.874155 -1205.980394 -1299.213472 -1387.387092 -1467.935168 -1538.637110 -1598.198330 -1646.449351 -1684.186444 -1712.818777 -1733.999434 -1749.347083 -1760.285244 -1767.979205 -1773.335979 -1777.036827 -1779.583179 -1781.352278 -1782.694700 -1784.204199 -1787.331316 -1793.500941 -1786.615066 -1492.663391 -2013.736008 -1896.369950 -1822.654447 -1790.170842 -1785.822831 -1785.377103 -1785.420653 -1785.533567 -1785.654789 -1785.771218 -1785.878997 -1785.978873 -1786.093748 -1786.446682 -1788.918066 -1805.561845 -1844.103501 -1885.722423 -1388.061782 -1749.181672 -1785.767038 -1786.218695 -1785.369621 -1785.126249 -1785.078065 -1785.070148 -1785.069343 -1785.069670 -1785.070101 -1785.070469 -1785.070763 -1785.070999 -1785.071191 -1785.071351 -1785.071489 -1785.071611 -1785.071726 -1785.071842 -1785.071969 -1785.072120 -1785.072317 -1785.072590 -1785.072989 -1785.073595 -1785.074544 -1785.076070 -1785.078590 -1785.082876 -1785.090392 -1785.104009 -1785.129474 -1785.178609 -1785.276641 -1785.480484 -1785.927924 -1786.979351 -1789.665969 -1797.307306 -1822.200516 -9999.0 -9999.0
-9999.0 -9999.0 572.118003 473.615210 374.712952 275.588718 176.366131 77.102177 -22.173424 -121.445313 -220.706847 -319.944702 -419.135164 -518.229397 -617.152697 -715.816043 -814.582814 -913.207171 -1011.654385 -1109.874155 -1205.980394 -1299.213472 -1387.387092 -1467.935168 -1538.637110 -1598.198330 -1646.449351 -1684.186444 -1712.818777 -1733.999434 -1749.347083 -1760.285244 -1767.979205 -1773.335979 -1777.036827 -1779.583179 -1781.352278 -1782.694700 -1784.204199 -1787.331316 -1793.500941 -1786.615066 -1492.663391 -2013.736008 -1896.369950 -1822.654446 -1790.170842 -1785.822831 -1785.377103 -1785.420653 -1785.533567 -1785.654789 -1785.771218 -1785.878997 -1785.978873 -1786.093748 -1786.446682 -1788.918066 -1805.561845 -1844.103501 -1885.722423 -1388.061782 -1749.181672 -1785.767038 -1786.218695 -1785.369621 -1785.126249 -1785.078065 -1785.070148 -1785.069343 -1785.069670 -1785.070101 -1785.070469 -1785.070763 -1785.070999 -1785.071191 -1785.071351 -1785.071489 -1785.071611 -1785.071726 -1785.071842 -1785.071969 -1785.072120 -1785.072317 -1785.072590 -1785.072989 -1785.073595 -1785.074544 -1785.076070 -1785.078590 -1785.082876 -1785.090392 -1785.104009 -1785.129474 -1785.178609 -1785.276641 -1785.480484 -1785.927924 -1786.979351 -1789.665969 -1797.307306 -1822.200516 -9999.0 -9999.0
-9999.0 -9999.0 572.118003 473.615210 374.712952 275.588718 176.366131 77.102177 -22.173424 -121.445313 -220.706847 -319.944702 -419.135163 -518.229397 -617.152697 -715.816044 -814.582814 -913.207171 -1011.654384 -1109.874155 -1205.980394 -1299.213472 -1387.387092 -1467.935168 -1538.637110 -1598.198330 -1646.449351 -1684.186444 -1712.818777 -1733.999434 -1749.347083 -1760.285244 -1767.979205 -1773.335979 -1777.036827 -1779.583179 -1781.352278 -1782.694700 -1784.204199 -1787.331316 -1793.500941 -1786.615066 -1492.663391 -2013.736008 -1896.369950 -1822.654446 -1790.170842 -1785.822831 -1785.377103 -1785.420653 -1785.533567 -1785.654789 -1785.771218 -1785.878997 -1785.978873 -1786.093748 -1786.446682 -1788.918066 -1805.561845 -1844.103501 -1885.722423 -1388.061782 -1749.181672 -1785.767038 -1786.218695 -1785.369621 -1785.126249 -1785.078065 -1785.070148 -1785.069343 -1785.069670 -1785.070101 -1785.070469 -1785.070763 -1785.070999 -1785.071191 -1785.071351 -1785.071489 -1785.071611 -1785.071726 -1785.071842 -1785.071969 -1785.072120 -1785.072317 -1785.072590 -1785.072989 -1785.073595 -1785.074544 -1785.076070 -1785.078590 -1785.082876 -1785.090392 -1785.104009 -1785.129474 -1785.178609 -1785.276641 -1785.480484 -1785.927924 -1786.979351 -1789.665969 -1797.307306 -1822.200516 -9999.0 -9999.0
-9999.0 -9999.0 572.116691 473.614525 374.712675 275.588615 176.366094 77.102163 -22.173429 -121.445315 -220.706848 -319.944702 -419.135164 -518.229397 -617.152697 -715.816043 -814.582814 -913.207171 -1011.654384 -1109.874155 -1205.980394 -1299.213472 -1387.387092 -1467.935168 -1538.637110 -1598.198330 -1646.449351 -1684.186444 -1712.818777 -1733.999434 -1749.347083 -1760.285244 -1767.979205 -1773.335979 -1777.036827 -1779.583179 -1781.352278 -1782.694700 -1784.204199 -1787.331316 -1793.500941 -1786.615066 -1492.663391 -2013.736008 -1896.369950 -1822.654447 -1790.170842 -1785.822831 -1785.377103 -1785.420653 -1785.533567 -1785.654789 -1785.771218 -1785.878997 -1785.978873 -1786.093748 -1786.446682 -1788.918066 -1805.561845 -1844.103501 -1885.722423 -1388.061782 -1749.181672 -1785.767038 -1786.218695 -1785.369621 -1785.126249 -1785.078065 -1785.070148 -1785.069343 -1785.069670 -1785.070101 -1785.070469 -1785.070763 -1785.070999 -1785.071191 -1785.071351 -1785.071489 -1785.071611 -1785.071726 -1785.071842 -1785.071969 -1785.072120 -1785.072317 -1785.072590 -1785.072989 -1785.073595 -1785.074544 -1785.076070 -1785.078590 -1785.082876 -1785.090392 -1785.104009 -1785.129474 -1785.178609 -1785.276641 -1785.480484 -1785.927924 -1786.979351 -1789.665969 -1797.307306 -1822.200516 -9999.0 -9999.0
-9999.0 -9999.0 572.111806 473.613056 374.712251 275.588485 176.366052 77.102149 -22.173435 -121.445317 -220.706849 -319.944703 -419.135164 -518.229397 -617.152697 -715.816043 -814.582814 -913.207170 -1011.654384 -1109.874154 -1205.980394 -1299.213472 -1387.387091 -1467.935167 -1538.637110 -1598.198330 -1646.449351 -1684.186444 -1712.818777 -1733.999434 -1749.347083 -1760.285244 -1767.979205 -1773.335979 -1777.036827 -1779.583179 -1781.352278 -1782.694700 -1784.204200 -1787.331316 -1793.500941 -1786.615066 -1492.663391 -2013.736009 -1896.369951 -1822.654449 -1790.170842 -1785.822831 -1785.377103 -1785.420653 -1785.533567 -1785.654789 -1785.771218 -1785.878997 -1785.978873 -1786.093748 -1786.446682 -1788.918066 -1805.561845 -1844.103501 -1885.722423 -1388.061782 -1749.181672 -1785.767038 -1786.218695 -1785.369621 -1785.126249 -1785.078065 -1785.070148 -1785.069343 -1785.069670 -1785.070101 -1785.070469 -1785.070764 -1785.070999 -1785.071191 -1785.071351 -1785.071489 -1785.071611 -1785.071726 -1785.071842 -1785.071969 -1785.072120 -1785.072317 -1785.072590 -1785.072989 -1785.073595 -1785.074544 -1785.076070 -1785.078590 -1785.082876 -1785.090392 -1785.104009 -1785.129474 -1785.178609 -1785.276641 -1785.480484 -1785.927924 -1786.979351 -1789.665969 -1797.307306 -1822.200516 -9999.0 -9999.0
-9999.0 -9999.0 -9999.0 -9999.0 -9999.0 -9999.0 -9999.0 -9999.0 -9999.0 -9999.0 -9999.0 -9999.0 -9999.0 -9999.0 -9999.0 -9999.0 -9999.0 -9999.0 -9999.0 -9999.0 -9999.0 -9999.0 -9999.0 -9999.0 -9999.0 -9999.0 -9999.0 -9999.0 -9999.0 -9999.0 -9999.0 -9999.0 -9999.0 -9999.0 -9999.0 -9999.0 -9999.0 -9999.0 -9999.0 -9999.0 -9999.0 -9999.0 -9999.0 -9999.0 -9999.0 -9999.0 -9999.0 -9999.0 -9999.0 -9999.0 -9999.0 -9999.0 -9999.0 -9999.0 -9999.0 -9999.0 -9999.0 -9999.0 -9999.0 -9999.0 -9999.0 -9999.0 -9999.0 -9999.0 -9999.0 -9999.0 -9999.0 -9999.0 -9999.0 -9999.0 -9999.0 -9999.0 -9999.0 -9999.0 -9999.0 -9999.0 -9999.0 -9999.0 -9999.0 -9999.0 -9999.0 -9999.0 -9999.0 -9999.0 -9999.0 -9999.0 -9999.0 -9999.0 -9999.0 -9999.0 -9999.0 -9999.0 -9999.0 -9999.0 -9999.0 -9999.0 -9999.0 -9999.0 -9999.0 -9999.0 -9999.0 -9999.0 -9999.0 -9999.0
-9999.0 -9999.0 -9999.0 -9999.0 -9999.0 -9999.0 -9999.0 -9999.0 -9999.0 -9999.0 -9999.0 -9999.0 -9999.0 -9999.0 -9999.0 -9999.0 -9999.0 -9999.0 -9999.0 -9999.0 -9999.0 -9999.0 -9999.0 -9999.0 -9999.0 -9999.0 -9999.0 -9999.0 -9999.0 -9999.0 -9999.0 -9999.0 -9999.0 -9999.0 -9999.0 -9999.0 -9999.0 -9999.0 -9999.0 -9999.0 -9999.0 -9999.0 -9999.0 -9999.0 -9999.0 -9999.0 -9999.0 -9999.0 -9999.0 -9999.0 -9999.0 -9999.0 -9999.0 -9999.0 -9999.0 -9999.0 -9999.0 -9999.0 -9999.0 -9999.0 -9999.0 -9999.0 -9999.0 -9999.0 -9999.0 -9999.0 -9999.0 -9999.0 -9999.0 -9999.0 -9999.0 -9999.0 -9999.0 -9999.0 -9999.0 -9999.0 -9999.0 -9999.0 -9999.0 -9999.0 -9999.0 -9999.0 -9999.0 -9999.0 -9999.0 -9999.0 -9999.0 -9999.0 -9999.0 -9999.0 -9999.0 -9999.0 -9999.0 -9999.0 -9999.0 -9999.0 -9999.0 -9999.0 -9999.0 -9999.0 -9999.0 -9999.0 -9999.0 -9999.0