inst/processing_geotop_simulation/geotop_simulation/out/maps3D/PwL0000N0291.asc
ncols         104
nrows         10
xllcorner     -2.000000
yllcorner     0.000000
cellsize      1.000000
NODATA_value  -9999.0
-9999.0 -9999.0 -9999.0 -9999.0 -9999.0 -9999.0 -9999.0 -9999.0 -9999.0 -9999.0 -9999.0 -9999.0 -9999.0 -9999.0 -9999.0 -9999.0 -9999.0 -9999.0 -9999.0 -9999.0 -9999.0 -9999.0 -9999.0 -9999.0 -9999.0 -9999.0 -9999.0 -9999.0 -9999.0 -9999.0 -9999.0 -9999.0 -9999.0 -9999.0 -9999.0 -9999.0 -9999.0 -9999.0 -9999.0 -9999.0 -9999.0 -9999.0 -9999.0 -9999.0 -9999.0 -9999.0 -9999.0 -9999.0 -9999.0 -9999.0 -9999.0 -9999.0 -9999.0 -9999.0 -9999.0 -9999.0 -9999.0 -9999.0 -9999.0 -9999.0 -9999.0 -9999.0 -9999.0 -9999.0 -9999.0 -9999.0 -9999.0 -9999.0 -9999.0 -9999.0 -9999.0 -9999.0 -9999.0 -9999.0 -9999.0 -9999.0 -9999.0 -9999.0 -9999.0 -9999.0 -9999.0 -9999.0 -9999.0 -9999.0 -9999.0 -9999.0 -9999.0 -9999.0 -9999.0 -9999.0 -9999.0 -9999.0 -9999.0 -9999.0 -9999.0 -9999.0 -9999.0 -9999.0 -9999.0 -9999.0 -9999.0 -9999.0 -9999.0 -9999.0
-9999.0 -9999.0 -9999.0 -9999.0 -9999.0 -9999.0 -9999.0 -9999.0 -9999.0 -9999.0 -9999.0 -9999.0 -9999.0 -9999.0 -9999.0 -9999.0 -9999.0 -9999.0 -9999.0 -9999.0 -9999.0 -9999.0 -9999.0 -9999.0 -9999.0 -9999.0 -9999.0 -9999.0 -9999.0 -9999.0 -9999.0 -9999.0 -9999.0 -9999.0 -9999.0 -9999.0 -9999.0 -9999.0 -9999.0 -9999.0 -9999.0 -9999.0 -9999.0 -9999.0 -9999.0 -9999.0 -9999.0 -9999.0 -9999.0 -9999.0 -9999.0 -9999.0 -9999.0 -9999.0 -9999.0 -9999.0 -9999.0 -9999.0 -9999.0 -9999.0 -9999.0 -9999.0 -9999.0 -9999.0 -9999.0 -9999.0 -9999.0 -9999.0 -9999.0 -9999.0 -9999.0 -9999.0 -9999.0 -9999.0 -9999.0 -9999.0 -9999.0 -9999.0 -9999.0 -9999.0 -9999.0 -9999.0 -9999.0 -9999.0 -9999.0 -9999.0 -9999.0 -9999.0 -9999.0 -9999.0 -9999.0 -9999.0 -9999.0 -9999.0 -9999.0 -9999.0 -9999.0 -9999.0 -9999.0 -9999.0 -9999.0 -9999.0 -9999.0 -9999.0
-9999.0 -9999.0 0.029859 -93.133990 -191.083564 -289.564576 -388.238131 -486.974442 -585.707405 -684.379801 -782.887681 -881.148030 -979.090708 -1076.609514 -1174.019789 -1271.245868 -1367.510663 -1462.241675 -1554.668354 -1643.522237 -1726.012237 -1798.236112 -1857.372796 -1903.009364 -1936.692071 -1960.806444 -1977.728520 -1989.440946 -1997.460638 -2002.899835 -2006.556948 -2008.996948 -2010.614401 -2011.681239 -2012.382825 -2012.846263 -2013.167208 -2013.461113 -2014.066313 -2016.241204 -2021.354131 -1984.774634 -1236.013221 -1232.664092 -1222.441108 -1215.832491 -1212.726015 -1212.251338 -1212.200633 -1212.206164 -1212.219946 -1212.234749 -1212.248977 -1212.262154 -1212.274382 -1212.288572 -1212.332084 -1212.618943 -1214.284143 -1217.988071 -1223.318688 -1219.347761 -1962.443206 -2015.616444 -2014.896468 -2014.023902 -2013.837768 -2013.806613 -2013.802175 -2013.802115 -2013.802695 -2013.803262 -2013.803715 -2013.804063 -2013.804331 -2013.804539 -2013.804704 -2013.804837 -2013.804950 -2013.805050 -2013.805150 -2013.805260 -2013.805401 -2013.805595 -2013.805883 -2013.806325 -2013.807022 -2013.808139 -2013.809960 -2013.812984 -2013.818122 -2013.827091 -2013.843216 -2013.873079 -2013.929931 -2014.041053 -2014.264869 -2014.734952 -2015.783431 -2018.322571 -2025.251433 -2047.968848 -9999.0 -9999.0
-9999.0 -9999.0 0.096088 -93.131945 -191.083055 -289.564428 -388.238084 -486.974426 -585.707399 -684.379798 -782.887680 -881.148029 -979.090708 -1076.609514 -1174.019789 -1271.245868 -1367.510663 -1462.241675 -1554.668354 -1643.522237 -1726.012237 -1798.236112 -1857.372796 -1903.009364 -1936.692071 -1960.806444 -1977.728520 -1989.440947 -1997.460638 -2002.899835 -2006.556948 -2008.996948 -2010.614401 -2011.681239 -2012.382825 -2012.846263 -2013.167208 -2013.461113 -2014.066313 -2016.241204 -2021.354131 -1984.774634 -1236.013221 -1232.664092 -1222.441108 -1215.832491 -1212.726015 -1212.251338 -1212.200633 -1212.206164 -1212.219946 -1212.234749 -1212.248977 -1212.262154 -1212.274382 -1212.288572 -1212.332084 -1212.618943 -1214.284143 -1217.988071 -1223.318688 -1219.347761 -1962.443206 -2015.616444 -2014.896468 -2014.023902 -2013.837768 -2013.806613 -2013.802175 -2013.802115 -2013.802695 -2013.803262 -2013.803715 -2013.804063 -2013.804331 -2013.804539 -2013.804704 -2013.804837 -2013.804950 -2013.805050 -2013.805150 -2013.805260 -2013.805401 -2013.805595 -2013.805883 -2013.806325 -2013.807022 -2013.808139 -2013.809960 -2013.812984 -2013.818122 -2013.827091 -2013.843216 -2013.873079 -2013.929931 -2014.041053 -2014.264869 -2014.734952 -2015.783431 -2018.322571 -2025.251433 -2047.968848 -9999.0 -9999.0
-9999.0 -9999.0 0.096098 -93.131127 -191.082733 -289.564312 -388.238042 -486.974411 -585.707393 -684.379796 -782.887679 -881.148029 -979.090707 -1076.609514 -1174.019789 -1271.245868 -1367.510663 -1462.241675 -1554.668354 -1643.522237 -1726.012237 -1798.236112 -1857.372797 -1903.009364 -1936.692071 -1960.806445 -1977.728520 -1989.440947 -1997.460638 -2002.899835 -2006.556948 -2008.996948 -2010.614401 -2011.681239 -2012.382825 -2012.846263 -2013.167208 -2013.461113 -2014.066313 -2016.241204 -2021.354131 -1984.774634 -1236.013221 -1232.664092 -1222.441108 -1215.832491 -1212.726015 -1212.251338 -1212.200633 -1212.206164 -1212.219946 -1212.234749 -1212.248977 -1212.262154 -1212.274382 -1212.288572 -1212.332084 -1212.618943 -1214.284143 -1217.988071 -1223.318688 -1219.347761 -1962.443206 -2015.616444 -2014.896468 -2014.023902 -2013.837768 -2013.806613 -2013.802175 -2013.802115 -2013.802695 -2013.803262 -2013.803715 -2013.804063 -2013.804331 -2013.804539 -2013.804704 -2013.804837 -2013.804950 -2013.805050 -2013.805150 -2013.805260 -2013.805401 -2013.805595 -2013.805883 -2013.806325 -2013.807022 -2013.808139 -2013.809960 -2013.812984 -2013.818122 -2013.827091 -2013.843216 -2013.873079 -2013.929931 -2014.041053 -2014.264869 -2014.734952 -2015.783431 -2018.322571 -2025.251433 -2047.968848 -9999.0 -9999.0
-9999.0 -9999.0 0.096098 -93.131127 -191.082733 -289.564312 -388.238042 -486.974411 -585.707393 -684.379796 -782.887679 -881.148029 -979.090707 -1076.609514 -1174.019789 -1271.245868 -1367.510663 -1462.241676 -1554.668354 -1643.522237 -1726.012237 -1798.236112 -1857.372797 -1903.009364 -1936.692071 -1960.806445 -1977.728520 -1989.440947 -1997.460638 -2002.899835 -2006.556948 -2008.996948 -2010.614401 -2011.681239 -2012.382825 -2012.846263 -2013.167208 -2013.461113 -2014.066313 -2016.241204 -2021.354131 -1984.774634 -1236.013221 -1232.664092 -1222.441108 -1215.832491 -1212.726015 -1212.251338 -1212.200633 -1212.206164 -1212.219946 -1212.234749 -1212.248977 -1212.262154 -1212.274382 -1212.288572 -1212.332084 -1212.618943 -1214.284143 -1217.988071 -1223.318688 -1219.347761 -1962.443206 -2015.616444 -2014.896468 -2014.023902 -2013.837768 -2013.806613 -2013.802175 -2013.802115 -2013.802695 -2013.803262 -2013.803715 -2013.804063 -2013.804331 -2013.804539 -2013.804704 -2013.804837 -2013.804950 -2013.805050 -2013.805150 -2013.805260 -2013.805401 -2013.805595 -2013.805883 -2013.806325 -2013.807022 -2013.808139 -2013.809960 -2013.812984 -2013.818122 -2013.827091 -2013.843216 -2013.873079 -2013.929931 -2014.041053 -2014.264869 -2014.734952 -2015.783431 -2018.322571 -2025.251433 -2047.968848 -9999.0 -9999.0
-9999.0 -9999.0 0.096088 -93.131945 -191.083055 -289.564428 -388.238084 -486.974426 -585.707399 -684.379798 -782.887680 -881.148029 -979.090708 -1076.609514 -1174.019789 -1271.245868 -1367.510663 -1462.241675 -1554.668354 -1643.522237 -1726.012237 -1798.236112 -1857.372796 -1903.009364 -1936.692071 -1960.806444 -1977.728520 -1989.440947 -1997.460638 -2002.899835 -2006.556948 -2008.996948 -2010.614401 -2011.681239 -2012.382825 -2012.846263 -2013.167208 -2013.461113 -2014.066313 -2016.241204 -2021.354131 -1984.774634 -1236.013221 -1232.664092 -1222.441108 -1215.832491 -1212.726015 -1212.251338 -1212.200633 -1212.206164 -1212.219946 -1212.234749 -1212.248977 -1212.262154 -1212.274382 -1212.288572 -1212.332084 -1212.618943 -1214.284143 -1217.988071 -1223.318688 -1219.347761 -1962.443206 -2015.616444 -2014.896468 -2014.023902 -2013.837768 -2013.806613 -2013.802175 -2013.802115 -2013.802695 -2013.803262 -2013.803715 -2013.804063 -2013.804331 -2013.804539 -2013.804704 -2013.804837 -2013.804950 -2013.805050 -2013.805150 -2013.805260 -2013.805401 -2013.805595 -2013.805883 -2013.806325 -2013.807022 -2013.808139 -2013.809960 -2013.812984 -2013.818122 -2013.827091 -2013.843216 -2013.873079 -2013.929931 -2014.041053 -2014.264869 -2014.734952 -2015.783431 -2018.322571 -2025.251433 -2047.968848 -9999.0 -9999.0
-9999.0 -9999.0 0.029859 -93.133990 -191.083564 -289.564576 -388.238131 -486.974442 -585.707405 -684.379801 -782.887681 -881.148030 -979.090708 -1076.609514 -1174.019789 -1271.245868 -1367.510663 -1462.241675 -1554.668354 -1643.522237 -1726.012237 -1798.236112 -1857.372796 -1903.009364 -1936.692071 -1960.806444 -1977.728520 -1989.440946 -1997.460638 -2002.899835 -2006.556948 -2008.996948 -2010.614401 -2011.681239 -2012.382825 -2012.846263 -2013.167208 -2013.461113 -2014.066313 -2016.241204 -2021.354131 -1984.774634 -1236.013221 -1232.664092 -1222.441108 -1215.832491 -1212.726015 -1212.251338 -1212.200633 -1212.206164 -1212.219946 -1212.234749 -1212.248977 -1212.262154 -1212.274382 -1212.288572 -1212.332084 -1212.618943 -1214.284143 -1217.988071 -1223.318688 -1219.347761 -1962.443206 -2015.616444 -2014.896468 -2014.023902 -2013.837768 -2013.806613 -2013.802175 -2013.802115 -2013.802695 -2013.803262 -2013.803715 -2013.804063 -2013.804331 -2013.804539 -2013.804704 -2013.804837 -2013.804950 -2013.805050 -2013.805150 -2013.805260 -2013.805401 -2013.805595 -2013.805883 -2013.806325 -2013.807022 -2013.808139 -2013.809960 -2013.812984 -2013.818122 -2013.827091 -2013.843216 -2013.873079 -2013.929931 -2014.041053 -2014.264869 -2014.734952 -2015.783431 -2018.322571 -2025.251433 -2047.968848 -9999.0 -9999.0
-9999.0 -9999.0 -9999.0 -9999.0 -9999.0 -9999.0 -9999.0 -9999.0 -9999.0 -9999.0 -9999.0 -9999.0 -9999.0 -9999.0 -9999.0 -9999.0 -9999.0 -9999.0 -9999.0 -9999.0 -9999.0 -9999.0 -9999.0 -9999.0 -9999.0 -9999.0 -9999.0 -9999.0 -9999.0 -9999.0 -9999.0 -9999.0 -9999.0 -9999.0 -9999.0 -9999.0 -9999.0 -9999.0 -9999.0 -9999.0 -9999.0 -9999.0 -9999.0 -9999.0 -9999.0 -9999.0 -9999.0 -9999.0 -9999.0 -9999.0 -9999.0 -9999.0 -9999.0 -9999.0 -9999.0 -9999.0 -9999.0 -9999.0 -9999.0 -9999.0 -9999.0 -9999.0 -9999.0 -9999.0 -9999.0 -9999.0 -9999.0 -9999.0 -9999.0 -9999.0 -9999.0 -9999.0 -9999.0 -9999.0 -9999.0 -9999.0 -9999.0 -9999.0 -9999.0 -9999.0 -9999.0 -9999.0 -9999.0 -9999.0 -9999.0 -9999.0 -9999.0 -9999.0 -9999.0 -9999.0 -9999.0 -9999.0 -9999.0 -9999.0 -9999.0 -9999.0 -9999.0 -9999.0 -9999.0 -9999.0 -9999.0 -9999.0 -9999.0 -9999.0
-9999.0 -9999.0 -9999.0 -9999.0 -9999.0 -9999.0 -9999.0 -9999.0 -9999.0 -9999.0 -9999.0 -9999.0 -9999.0 -9999.0 -9999.0 -9999.0 -9999.0 -9999.0 -9999.0 -9999.0 -9999.0 -9999.0 -9999.0 -9999.0 -9999.0 -9999.0 -9999.0 -9999.0 -9999.0 -9999.0 -9999.0 -9999.0 -9999.0 -9999.0 -9999.0 -9999.0 -9999.0 -9999.0 -9999.0 -9999.0 -9999.0 -9999.0 -9999.0 -9999.0 -9999.0 -9999.0 -9999.0 -9999.0 -9999.0 -9999.0 -9999.0 -9999.0 -9999.0 -9999.0 -9999.0 -9999.0 -9999.0 -9999.0 -9999.0 -9999.0 -9999.0 -9999.0 -9999.0 -9999.0 -9999.0 -9999.0 -9999.0 -9999.0 -9999.0 -9999.0 -9999.0 -9999.0 -9999.0 -9999.0 -9999.0 -9999.0 -9999.0 -9999.0 -9999.0 -9999.0 -9999.0 -9999.0 -9999.0 -9999.0 -9999.0 -9999.0 -9999.0 -9999.0 -9999.0 -9999.0 -9999.0 -9999.0 -9999.0 -9999.0 -9999.0 -9999.0 -9999.0 -9999.0 -9999.0 -9999.0 -9999.0 -9999.0 -9999.0 -9999.0