inst/processing_geotop_simulation/geotop_simulation/out/maps3D/PwL0002N0008.asc
ncols         104
nrows         10
xllcorner     -2.000000
yllcorner     0.000000
cellsize      1.000000
NODATA_value  -9999.0
-9999.0 -9999.0 -9999.0 -9999.0 -9999.0 -9999.0 -9999.0 -9999.0 -9999.0 -9999.0 -9999.0 -9999.0 -9999.0 -9999.0 -9999.0 -9999.0 -9999.0 -9999.0 -9999.0 -9999.0 -9999.0 -9999.0 -9999.0 -9999.0 -9999.0 -9999.0 -9999.0 -9999.0 -9999.0 -9999.0 -9999.0 -9999.0 -9999.0 -9999.0 -9999.0 -9999.0 -9999.0 -9999.0 -9999.0 -9999.0 -9999.0 -9999.0 -9999.0 -9999.0 -9999.0 -9999.0 -9999.0 -9999.0 -9999.0 -9999.0 -9999.0 -9999.0 -9999.0 -9999.0 -9999.0 -9999.0 -9999.0 -9999.0 -9999.0 -9999.0 -9999.0 -9999.0 -9999.0 -9999.0 -9999.0 -9999.0 -9999.0 -9999.0 -9999.0 -9999.0 -9999.0 -9999.0 -9999.0 -9999.0 -9999.0 -9999.0 -9999.0 -9999.0 -9999.0 -9999.0 -9999.0 -9999.0 -9999.0 -9999.0 -9999.0 -9999.0 -9999.0 -9999.0 -9999.0 -9999.0 -9999.0 -9999.0 -9999.0 -9999.0 -9999.0 -9999.0 -9999.0 -9999.0 -9999.0 -9999.0 -9999.0 -9999.0 -9999.0 -9999.0
-9999.0 -9999.0 -9999.0 -9999.0 -9999.0 -9999.0 -9999.0 -9999.0 -9999.0 -9999.0 -9999.0 -9999.0 -9999.0 -9999.0 -9999.0 -9999.0 -9999.0 -9999.0 -9999.0 -9999.0 -9999.0 -9999.0 -9999.0 -9999.0 -9999.0 -9999.0 -9999.0 -9999.0 -9999.0 -9999.0 -9999.0 -9999.0 -9999.0 -9999.0 -9999.0 -9999.0 -9999.0 -9999.0 -9999.0 -9999.0 -9999.0 -9999.0 -9999.0 -9999.0 -9999.0 -9999.0 -9999.0 -9999.0 -9999.0 -9999.0 -9999.0 -9999.0 -9999.0 -9999.0 -9999.0 -9999.0 -9999.0 -9999.0 -9999.0 -9999.0 -9999.0 -9999.0 -9999.0 -9999.0 -9999.0 -9999.0 -9999.0 -9999.0 -9999.0 -9999.0 -9999.0 -9999.0 -9999.0 -9999.0 -9999.0 -9999.0 -9999.0 -9999.0 -9999.0 -9999.0 -9999.0 -9999.0 -9999.0 -9999.0 -9999.0 -9999.0 -9999.0 -9999.0 -9999.0 -9999.0 -9999.0 -9999.0 -9999.0 -9999.0 -9999.0 -9999.0 -9999.0 -9999.0 -9999.0 -9999.0 -9999.0 -9999.0 -9999.0 -9999.0
-9999.0 -9999.0 82.092308 2.304377 -74.047563 -144.308186 -204.189784 -248.625233 -273.191253 -274.917857 -362.426040 -293.794609 -257.594898 -235.252034 -192.028937 -135.883290 -148.258713 -170.759709 -202.595733 -233.553190 -260.365074 -282.109963 -299.711755 -311.590684 -319.347650 -324.313984 -327.323003 -329.073921 -330.037991 -330.532007 -330.630173 -330.479622 -330.197874 -329.806252 -329.336550 -328.679156 -327.520334 -325.238447 -320.605793 -311.158279 -291.943559 -253.497915 -580.281749 -530.489215 -489.328070 -462.459361 -449.107985 -447.375848 -447.191319 -447.173461 -447.172419 -447.173034 -447.173774 -447.174496 -447.175338 -447.177845 -447.196996 -447.284935 -447.521822 -448.692487 -455.463035 -467.455937 13.738469 -62.648883 -133.529717 -194.356176 -242.258575 -277.219381 -301.444992 -317.795795 -328.816370 -335.965391 -340.792072 -344.094801 -346.278386 -347.750239 -348.783467 -349.545311 -350.136187 -350.605130 -351.013835 -351.423506 -351.862347 -352.365387 -352.850212 -353.339392 -353.906441 -354.539604 -355.397533 -356.558187 -358.130699 -360.408416 -363.824524 -369.023418 -376.953974 -388.975162 -406.941700 -433.125003 -470.291379 -521.828317 -590.931396 -680.079440 -9999.0 -9999.0
-9999.0 -9999.0 82.213558 2.339603 -74.035899 -144.304108 -204.188401 -248.624783 -273.191115 -274.917816 -362.426031 -293.794604 -257.594896 -235.252033 -192.028937 -135.883290 -148.258713 -170.759709 -202.595733 -233.553190 -260.365074 -282.109962 -299.711755 -311.590683 -319.347649 -324.313983 -327.323002 -329.073920 -330.037990 -330.532006 -330.630172 -330.479622 -330.197874 -329.806252 -329.336550 -328.679156 -327.520333 -325.238447 -320.605793 -311.158279 -291.943559 -253.497915 -580.281749 -530.489215 -489.328070 -462.459361 -449.107985 -447.375848 -447.191319 -447.173461 -447.172419 -447.173034 -447.173774 -447.174496 -447.175338 -447.177845 -447.196996 -447.284935 -447.521822 -448.692487 -455.463035 -467.455937 13.738469 -62.648883 -133.529717 -194.356176 -242.258575 -277.219381 -301.444992 -317.795795 -328.816370 -335.965391 -340.792072 -344.094801 -346.278386 -347.750239 -348.783467 -349.545311 -350.136187 -350.605130 -351.013835 -351.423506 -351.862347 -352.365387 -352.850212 -353.339392 -353.906441 -354.539604 -355.397533 -356.558188 -358.130699 -360.408416 -363.824524 -369.023418 -376.953974 -388.975162 -406.941700 -433.125003 -470.291379 -521.828318 -590.931396 -680.079440 -9999.0 -9999.0
-9999.0 -9999.0 82.238054 2.356789 -74.027817 -144.300757 -204.187161 -248.624361 -273.190981 -274.917776 -362.426023 -293.794599 -257.594893 -235.252032 -192.028936 -135.883290 -148.258713 -170.759709 -202.595733 -233.553189 -260.365074 -282.109962 -299.711754 -311.590683 -319.347648 -324.313983 -327.323002 -329.073919 -330.037990 -330.532006 -330.630172 -330.479622 -330.197874 -329.806252 -329.336550 -328.679156 -327.520333 -325.238447 -320.605793 -311.158279 -291.943559 -253.497915 -580.281749 -530.489215 -489.328069 -462.459359 -449.107985 -447.375848 -447.191319 -447.173461 -447.172419 -447.173034 -447.173774 -447.174496 -447.175338 -447.177845 -447.196996 -447.284935 -447.521822 -448.692487 -455.463035 -467.455937 13.738469 -62.648883 -133.529717 -194.356176 -242.258575 -277.219381 -301.444992 -317.795795 -328.816370 -335.965391 -340.792072 -344.094801 -346.278386 -347.750239 -348.783467 -349.545311 -350.136187 -350.605130 -351.013835 -351.423506 -351.862347 -352.365387 -352.850212 -353.339392 -353.906441 -354.539604 -355.397533 -356.558187 -358.130699 -360.408416 -363.824524 -369.023418 -376.953974 -388.975162 -406.941700 -433.125003 -470.291379 -521.828317 -590.931396 -680.079440 -9999.0 -9999.0
-9999.0 -9999.0 82.238054 2.356789 -74.027817 -144.300757 -204.187161 -248.624361 -273.190981 -274.917776 -362.426023 -293.794599 -257.594893 -235.252032 -192.028936 -135.883290 -148.258713 -170.759709 -202.595733 -233.553189 -260.365074 -282.109962 -299.711754 -311.590683 -319.347648 -324.313983 -327.323002 -329.073919 -330.037990 -330.532006 -330.630172 -330.479622 -330.197874 -329.806252 -329.336550 -328.679156 -327.520333 -325.238447 -320.605793 -311.158279 -291.943559 -253.497915 -580.281749 -530.489215 -489.328069 -462.459359 -449.107985 -447.375848 -447.191319 -447.173461 -447.172419 -447.173034 -447.173774 -447.174496 -447.175338 -447.177845 -447.196996 -447.284935 -447.521822 -448.692487 -455.463035 -467.455937 13.738469 -62.648883 -133.529717 -194.356176 -242.258575 -277.219381 -301.444992 -317.795795 -328.816370 -335.965391 -340.792072 -344.094801 -346.278386 -347.750239 -348.783467 -349.545311 -350.136187 -350.605130 -351.013835 -351.423506 -351.862347 -352.365387 -352.850212 -353.339392 -353.906441 -354.539604 -355.397533 -356.558188 -358.130699 -360.408416 -363.824524 -369.023418 -376.953974 -388.975162 -406.941700 -433.125003 -470.291379 -521.828318 -590.931396 -680.079440 -9999.0 -9999.0
-9999.0 -9999.0 82.213558 2.339603 -74.035899 -144.304108 -204.188401 -248.624783 -273.191115 -274.917816 -362.426031 -293.794604 -257.594896 -235.252033 -192.028937 -135.883290 -148.258713 -170.759709 -202.595733 -233.553190 -260.365074 -282.109962 -299.711755 -311.590683 -319.347649 -324.313983 -327.323002 -329.073920 -330.037990 -330.532006 -330.630172 -330.479622 -330.197874 -329.806252 -329.336550 -328.679156 -327.520333 -325.238447 -320.605793 -311.158279 -291.943559 -253.497915 -580.281749 -530.489215 -489.328070 -462.459361 -449.107985 -447.375848 -447.191319 -447.173461 -447.172419 -447.173034 -447.173774 -447.174496 -447.175338 -447.177845 -447.196996 -447.284935 -447.521822 -448.692487 -455.463035 -467.455937 13.738469 -62.648883 -133.529717 -194.356176 -242.258575 -277.219381 -301.444992 -317.795795 -328.816370 -335.965391 -340.792072 -344.094801 -346.278386 -347.750239 -348.783467 -349.545311 -350.136187 -350.605130 -351.013835 -351.423506 -351.862347 -352.365387 -352.850212 -353.339392 -353.906441 -354.539604 -355.397533 -356.558187 -358.130699 -360.408416 -363.824524 -369.023418 -376.953974 -388.975162 -406.941700 -433.125003 -470.291379 -521.828317 -590.931396 -680.079440 -9999.0 -9999.0
-9999.0 -9999.0 82.092308 2.304377 -74.047563 -144.308186 -204.189784 -248.625233 -273.191253 -274.917857 -362.426040 -293.794609 -257.594898 -235.252034 -192.028937 -135.883290 -148.258713 -170.759709 -202.595733 -233.553190 -260.365074 -282.109963 -299.711755 -311.590684 -319.347650 -324.313984 -327.323003 -329.073921 -330.037991 -330.532007 -330.630173 -330.479622 -330.197874 -329.806252 -329.336550 -328.679156 -327.520334 -325.238447 -320.605793 -311.158279 -291.943559 -253.497915 -580.281749 -530.489215 -489.328070 -462.459361 -449.107985 -447.375848 -447.191319 -447.173461 -447.172419 -447.173034 -447.173774 -447.174496 -447.175338 -447.177845 -447.196996 -447.284935 -447.521822 -448.692487 -455.463035 -467.455937 13.738469 -62.648883 -133.529717 -194.356176 -242.258575 -277.219381 -301.444992 -317.795795 -328.816370 -335.965391 -340.792072 -344.094801 -346.278386 -347.750239 -348.783467 -349.545311 -350.136187 -350.605130 -351.013835 -351.423506 -351.862347 -352.365387 -352.850212 -353.339392 -353.906441 -354.539604 -355.397533 -356.558188 -358.130699 -360.408416 -363.824524 -369.023418 -376.953974 -388.975162 -406.941700 -433.125003 -470.291379 -521.828318 -590.931396 -680.079440 -9999.0 -9999.0
-9999.0 -9999.0 -9999.0 -9999.0 -9999.0 -9999.0 -9999.0 -9999.0 -9999.0 -9999.0 -9999.0 -9999.0 -9999.0 -9999.0 -9999.0 -9999.0 -9999.0 -9999.0 -9999.0 -9999.0 -9999.0 -9999.0 -9999.0 -9999.0 -9999.0 -9999.0 -9999.0 -9999.0 -9999.0 -9999.0 -9999.0 -9999.0 -9999.0 -9999.0 -9999.0 -9999.0 -9999.0 -9999.0 -9999.0 -9999.0 -9999.0 -9999.0 -9999.0 -9999.0 -9999.0 -9999.0 -9999.0 -9999.0 -9999.0 -9999.0 -9999.0 -9999.0 -9999.0 -9999.0 -9999.0 -9999.0 -9999.0 -9999.0 -9999.0 -9999.0 -9999.0 -9999.0 -9999.0 -9999.0 -9999.0 -9999.0 -9999.0 -9999.0 -9999.0 -9999.0 -9999.0 -9999.0 -9999.0 -9999.0 -9999.0 -9999.0 -9999.0 -9999.0 -9999.0 -9999.0 -9999.0 -9999.0 -9999.0 -9999.0 -9999.0 -9999.0 -9999.0 -9999.0 -9999.0 -9999.0 -9999.0 -9999.0 -9999.0 -9999.0 -9999.0 -9999.0 -9999.0 -9999.0 -9999.0 -9999.0 -9999.0 -9999.0 -9999.0 -9999.0
-9999.0 -9999.0 -9999.0 -9999.0 -9999.0 -9999.0 -9999.0 -9999.0 -9999.0 -9999.0 -9999.0 -9999.0 -9999.0 -9999.0 -9999.0 -9999.0 -9999.0 -9999.0 -9999.0 -9999.0 -9999.0 -9999.0 -9999.0 -9999.0 -9999.0 -9999.0 -9999.0 -9999.0 -9999.0 -9999.0 -9999.0 -9999.0 -9999.0 -9999.0 -9999.0 -9999.0 -9999.0 -9999.0 -9999.0 -9999.0 -9999.0 -9999.0 -9999.0 -9999.0 -9999.0 -9999.0 -9999.0 -9999.0 -9999.0 -9999.0 -9999.0 -9999.0 -9999.0 -9999.0 -9999.0 -9999.0 -9999.0 -9999.0 -9999.0 -9999.0 -9999.0 -9999.0 -9999.0 -9999.0 -9999.0 -9999.0 -9999.0 -9999.0 -9999.0 -9999.0 -9999.0 -9999.0 -9999.0 -9999.0 -9999.0 -9999.0 -9999.0 -9999.0 -9999.0 -9999.0 -9999.0 -9999.0 -9999.0 -9999.0 -9999.0 -9999.0 -9999.0 -9999.0 -9999.0 -9999.0 -9999.0 -9999.0 -9999.0 -9999.0 -9999.0 -9999.0 -9999.0 -9999.0 -9999.0 -9999.0 -9999.0 -9999.0 -9999.0 -9999.0