inst/processing_geotop_simulation/geotop_simulation/out/maps3D/PwL0001N0216.asc
ncols         104
nrows         10
xllcorner     -2.000000
yllcorner     0.000000
cellsize      1.000000
NODATA_value  -9999.0
-9999.0 -9999.0 -9999.0 -9999.0 -9999.0 -9999.0 -9999.0 -9999.0 -9999.0 -9999.0 -9999.0 -9999.0 -9999.0 -9999.0 -9999.0 -9999.0 -9999.0 -9999.0 -9999.0 -9999.0 -9999.0 -9999.0 -9999.0 -9999.0 -9999.0 -9999.0 -9999.0 -9999.0 -9999.0 -9999.0 -9999.0 -9999.0 -9999.0 -9999.0 -9999.0 -9999.0 -9999.0 -9999.0 -9999.0 -9999.0 -9999.0 -9999.0 -9999.0 -9999.0 -9999.0 -9999.0 -9999.0 -9999.0 -9999.0 -9999.0 -9999.0 -9999.0 -9999.0 -9999.0 -9999.0 -9999.0 -9999.0 -9999.0 -9999.0 -9999.0 -9999.0 -9999.0 -9999.0 -9999.0 -9999.0 -9999.0 -9999.0 -9999.0 -9999.0 -9999.0 -9999.0 -9999.0 -9999.0 -9999.0 -9999.0 -9999.0 -9999.0 -9999.0 -9999.0 -9999.0 -9999.0 -9999.0 -9999.0 -9999.0 -9999.0 -9999.0 -9999.0 -9999.0 -9999.0 -9999.0 -9999.0 -9999.0 -9999.0 -9999.0 -9999.0 -9999.0 -9999.0 -9999.0 -9999.0 -9999.0 -9999.0 -9999.0 -9999.0 -9999.0
-9999.0 -9999.0 -9999.0 -9999.0 -9999.0 -9999.0 -9999.0 -9999.0 -9999.0 -9999.0 -9999.0 -9999.0 -9999.0 -9999.0 -9999.0 -9999.0 -9999.0 -9999.0 -9999.0 -9999.0 -9999.0 -9999.0 -9999.0 -9999.0 -9999.0 -9999.0 -9999.0 -9999.0 -9999.0 -9999.0 -9999.0 -9999.0 -9999.0 -9999.0 -9999.0 -9999.0 -9999.0 -9999.0 -9999.0 -9999.0 -9999.0 -9999.0 -9999.0 -9999.0 -9999.0 -9999.0 -9999.0 -9999.0 -9999.0 -9999.0 -9999.0 -9999.0 -9999.0 -9999.0 -9999.0 -9999.0 -9999.0 -9999.0 -9999.0 -9999.0 -9999.0 -9999.0 -9999.0 -9999.0 -9999.0 -9999.0 -9999.0 -9999.0 -9999.0 -9999.0 -9999.0 -9999.0 -9999.0 -9999.0 -9999.0 -9999.0 -9999.0 -9999.0 -9999.0 -9999.0 -9999.0 -9999.0 -9999.0 -9999.0 -9999.0 -9999.0 -9999.0 -9999.0 -9999.0 -9999.0 -9999.0 -9999.0 -9999.0 -9999.0 -9999.0 -9999.0 -9999.0 -9999.0 -9999.0 -9999.0 -9999.0 -9999.0 -9999.0 -9999.0
-9999.0 -9999.0 28.912895 -63.164446 -159.549368 -256.868971 -354.524825 -452.283926 -550.024200 -647.635483 -744.897821 -841.632846 -937.704738 -1032.925504 -1128.028294 -1222.821035 -1315.919499 -1406.997551 -1495.849871 -1579.710991 -1652.428782 -1709.966329 -1752.221878 -1781.736342 -1801.782297 -1815.239601 -1824.254728 -1830.299292 -1834.349536 -1837.053489 -1838.848148 -1840.031472 -1840.806941 -1841.312551 -1841.641105 -1841.856253 -1842.008568 -1842.167104 -1842.574909 -1844.439293 -1851.302274 -1837.028984 -1141.481027 -1138.046423 -1127.533197 -1120.842123 -1117.700892 -1117.234839 -1117.186125 -1117.192641 -1117.207415 -1117.223216 -1117.238394 -1117.252445 -1117.265440 -1117.280110 -1117.322591 -1117.602682 -1119.281409 -1123.045648 -1128.742762 -1124.757814 -1816.033736 -1846.224863 -1843.382650 -1842.507305 -1842.356453 -1842.332937 -1842.329896 -1842.330269 -1842.331103 -1842.331851 -1842.332438 -1842.332884 -1842.333226 -1842.333491 -1842.333700 -1842.333869 -1842.334010 -1842.334135 -1842.334258 -1842.334395 -1842.334567 -1842.334806 -1842.335161 -1842.335706 -1842.336565 -1842.337939 -1842.340173 -1842.343869 -1842.350115 -1842.360951 -1842.380306 -1842.415919 -1842.483261 -1842.613694 -1842.872567 -1843.403689 -1844.550456 -1847.216216 -1854.138317 -1876.023231 -9999.0 -9999.0
-9999.0 -9999.0 28.926067 -63.162251 -159.548821 -256.868813 -354.524775 -452.283909 -550.024194 -647.635481 -744.897820 -841.632845 -937.704738 -1032.925504 -1128.028294 -1222.821035 -1315.919499 -1406.997551 -1495.849872 -1579.710991 -1652.428782 -1709.966329 -1752.221878 -1781.736342 -1801.782297 -1815.239601 -1824.254728 -1830.299292 -1834.349536 -1837.053489 -1838.848148 -1840.031472 -1840.806941 -1841.312551 -1841.641105 -1841.856253 -1842.008568 -1842.167104 -1842.574909 -1844.439293 -1851.302274 -1837.028984 -1141.481027 -1138.046423 -1127.533196 -1120.842123 -1117.700892 -1117.234839 -1117.186125 -1117.192641 -1117.207415 -1117.223216 -1117.238394 -1117.252445 -1117.265440 -1117.280110 -1117.322591 -1117.602682 -1119.281409 -1123.045648 -1128.742762 -1124.757814 -1816.033736 -1846.224863 -1843.382650 -1842.507305 -1842.356453 -1842.332937 -1842.329896 -1842.330269 -1842.331103 -1842.331851 -1842.332438 -1842.332884 -1842.333226 -1842.333491 -1842.333700 -1842.333869 -1842.334010 -1842.334135 -1842.334258 -1842.334395 -1842.334567 -1842.334806 -1842.335161 -1842.335706 -1842.336565 -1842.337939 -1842.340173 -1842.343869 -1842.350115 -1842.360951 -1842.380306 -1842.415919 -1842.483261 -1842.613694 -1842.872567 -1843.403689 -1844.550456 -1847.216216 -1854.138317 -1876.023231 -9999.0 -9999.0
-9999.0 -9999.0 28.927283 -63.161377 -159.548476 -256.868688 -354.524731 -452.283893 -550.024189 -647.635479 -744.897819 -841.632845 -937.704738 -1032.925504 -1128.028294 -1222.821035 -1315.919499 -1406.997551 -1495.849872 -1579.710991 -1652.428782 -1709.966330 -1752.221878 -1781.736342 -1801.782297 -1815.239601 -1824.254728 -1830.299292 -1834.349536 -1837.053489 -1838.848148 -1840.031472 -1840.806941 -1841.312551 -1841.641105 -1841.856253 -1842.008568 -1842.167104 -1842.574909 -1844.439293 -1851.302274 -1837.028984 -1141.481027 -1138.046423 -1127.533196 -1120.842123 -1117.700892 -1117.234839 -1117.186125 -1117.192641 -1117.207415 -1117.223216 -1117.238394 -1117.252445 -1117.265440 -1117.280110 -1117.322591 -1117.602682 -1119.281409 -1123.045648 -1128.742762 -1124.757814 -1816.033736 -1846.224863 -1843.382650 -1842.507305 -1842.356453 -1842.332937 -1842.329896 -1842.330269 -1842.331103 -1842.331851 -1842.332438 -1842.332884 -1842.333226 -1842.333491 -1842.333700 -1842.333869 -1842.334010 -1842.334135 -1842.334258 -1842.334395 -1842.334567 -1842.334806 -1842.335161 -1842.335706 -1842.336565 -1842.337939 -1842.340173 -1842.343869 -1842.350115 -1842.360951 -1842.380306 -1842.415919 -1842.483261 -1842.613694 -1842.872567 -1843.403689 -1844.550456 -1847.216216 -1854.138317 -1876.023231 -9999.0 -9999.0
-9999.0 -9999.0 28.927283 -63.161377 -159.548476 -256.868688 -354.524731 -452.283893 -550.024189 -647.635479 -744.897819 -841.632845 -937.704738 -1032.925504 -1128.028294 -1222.821035 -1315.919499 -1406.997551 -1495.849872 -1579.710991 -1652.428782 -1709.966330 -1752.221878 -1781.736342 -1801.782297 -1815.239601 -1824.254728 -1830.299292 -1834.349536 -1837.053489 -1838.848148 -1840.031472 -1840.806941 -1841.312551 -1841.641105 -1841.856253 -1842.008568 -1842.167104 -1842.574909 -1844.439293 -1851.302274 -1837.028984 -1141.481027 -1138.046423 -1127.533196 -1120.842123 -1117.700892 -1117.234839 -1117.186125 -1117.192641 -1117.207415 -1117.223216 -1117.238394 -1117.252445 -1117.265440 -1117.280110 -1117.322591 -1117.602682 -1119.281409 -1123.045648 -1128.742762 -1124.757814 -1816.033736 -1846.224863 -1843.382650 -1842.507305 -1842.356453 -1842.332937 -1842.329896 -1842.330269 -1842.331103 -1842.331851 -1842.332438 -1842.332884 -1842.333226 -1842.333491 -1842.333700 -1842.333869 -1842.334010 -1842.334135 -1842.334258 -1842.334395 -1842.334567 -1842.334806 -1842.335161 -1842.335706 -1842.336565 -1842.337939 -1842.340173 -1842.343869 -1842.350115 -1842.360951 -1842.380306 -1842.415919 -1842.483261 -1842.613694 -1842.872567 -1843.403689 -1844.550456 -1847.216216 -1854.138317 -1876.023231 -9999.0 -9999.0
-9999.0 -9999.0 28.926067 -63.162251 -159.548821 -256.868812 -354.524775 -452.283909 -550.024194 -647.635481 -744.897820 -841.632845 -937.704738 -1032.925504 -1128.028294 -1222.821035 -1315.919499 -1406.997551 -1495.849871 -1579.710991 -1652.428782 -1709.966329 -1752.221878 -1781.736342 -1801.782297 -1815.239601 -1824.254728 -1830.299292 -1834.349536 -1837.053489 -1838.848148 -1840.031472 -1840.806941 -1841.312551 -1841.641105 -1841.856253 -1842.008568 -1842.167104 -1842.574909 -1844.439293 -1851.302274 -1837.028984 -1141.481027 -1138.046423 -1127.533196 -1120.842123 -1117.700892 -1117.234839 -1117.186125 -1117.192641 -1117.207415 -1117.223216 -1117.238394 -1117.252445 -1117.265440 -1117.280110 -1117.322591 -1117.602682 -1119.281409 -1123.045648 -1128.742762 -1124.757814 -1816.033736 -1846.224863 -1843.382650 -1842.507305 -1842.356453 -1842.332937 -1842.329896 -1842.330269 -1842.331103 -1842.331851 -1842.332438 -1842.332884 -1842.333226 -1842.333491 -1842.333700 -1842.333869 -1842.334010 -1842.334135 -1842.334258 -1842.334395 -1842.334567 -1842.334806 -1842.335161 -1842.335706 -1842.336565 -1842.337939 -1842.340173 -1842.343869 -1842.350115 -1842.360951 -1842.380306 -1842.415919 -1842.483261 -1842.613694 -1842.872567 -1843.403689 -1844.550456 -1847.216216 -1854.138317 -1876.023231 -9999.0 -9999.0
-9999.0 -9999.0 28.912895 -63.164446 -159.549368 -256.868971 -354.524825 -452.283926 -550.024200 -647.635483 -744.897821 -841.632846 -937.704738 -1032.925504 -1128.028294 -1222.821035 -1315.919499 -1406.997551 -1495.849871 -1579.710991 -1652.428782 -1709.966329 -1752.221878 -1781.736342 -1801.782297 -1815.239601 -1824.254728 -1830.299292 -1834.349536 -1837.053489 -1838.848148 -1840.031472 -1840.806941 -1841.312551 -1841.641105 -1841.856253 -1842.008568 -1842.167104 -1842.574909 -1844.439293 -1851.302274 -1837.028984 -1141.481027 -1138.046423 -1127.533197 -1120.842123 -1117.700892 -1117.234839 -1117.186125 -1117.192641 -1117.207415 -1117.223216 -1117.238394 -1117.252445 -1117.265440 -1117.280110 -1117.322591 -1117.602682 -1119.281409 -1123.045648 -1128.742762 -1124.757814 -1816.033736 -1846.224863 -1843.382650 -1842.507305 -1842.356453 -1842.332937 -1842.329896 -1842.330269 -1842.331103 -1842.331851 -1842.332438 -1842.332884 -1842.333226 -1842.333491 -1842.333700 -1842.333869 -1842.334010 -1842.334135 -1842.334258 -1842.334395 -1842.334567 -1842.334806 -1842.335161 -1842.335706 -1842.336565 -1842.337939 -1842.340173 -1842.343869 -1842.350115 -1842.360951 -1842.380306 -1842.415919 -1842.483261 -1842.613694 -1842.872567 -1843.403689 -1844.550456 -1847.216216 -1854.138317 -1876.023231 -9999.0 -9999.0
-9999.0 -9999.0 -9999.0 -9999.0 -9999.0 -9999.0 -9999.0 -9999.0 -9999.0 -9999.0 -9999.0 -9999.0 -9999.0 -9999.0 -9999.0 -9999.0 -9999.0 -9999.0 -9999.0 -9999.0 -9999.0 -9999.0 -9999.0 -9999.0 -9999.0 -9999.0 -9999.0 -9999.0 -9999.0 -9999.0 -9999.0 -9999.0 -9999.0 -9999.0 -9999.0 -9999.0 -9999.0 -9999.0 -9999.0 -9999.0 -9999.0 -9999.0 -9999.0 -9999.0 -9999.0 -9999.0 -9999.0 -9999.0 -9999.0 -9999.0 -9999.0 -9999.0 -9999.0 -9999.0 -9999.0 -9999.0 -9999.0 -9999.0 -9999.0 -9999.0 -9999.0 -9999.0 -9999.0 -9999.0 -9999.0 -9999.0 -9999.0 -9999.0 -9999.0 -9999.0 -9999.0 -9999.0 -9999.0 -9999.0 -9999.0 -9999.0 -9999.0 -9999.0 -9999.0 -9999.0 -9999.0 -9999.0 -9999.0 -9999.0 -9999.0 -9999.0 -9999.0 -9999.0 -9999.0 -9999.0 -9999.0 -9999.0 -9999.0 -9999.0 -9999.0 -9999.0 -9999.0 -9999.0 -9999.0 -9999.0 -9999.0 -9999.0 -9999.0 -9999.0
-9999.0 -9999.0 -9999.0 -9999.0 -9999.0 -9999.0 -9999.0 -9999.0 -9999.0 -9999.0 -9999.0 -9999.0 -9999.0 -9999.0 -9999.0 -9999.0 -9999.0 -9999.0 -9999.0 -9999.0 -9999.0 -9999.0 -9999.0 -9999.0 -9999.0 -9999.0 -9999.0 -9999.0 -9999.0 -9999.0 -9999.0 -9999.0 -9999.0 -9999.0 -9999.0 -9999.0 -9999.0 -9999.0 -9999.0 -9999.0 -9999.0 -9999.0 -9999.0 -9999.0 -9999.0 -9999.0 -9999.0 -9999.0 -9999.0 -9999.0 -9999.0 -9999.0 -9999.0 -9999.0 -9999.0 -9999.0 -9999.0 -9999.0 -9999.0 -9999.0 -9999.0 -9999.0 -9999.0 -9999.0 -9999.0 -9999.0 -9999.0 -9999.0 -9999.0 -9999.0 -9999.0 -9999.0 -9999.0 -9999.0 -9999.0 -9999.0 -9999.0 -9999.0 -9999.0 -9999.0 -9999.0 -9999.0 -9999.0 -9999.0 -9999.0 -9999.0 -9999.0 -9999.0 -9999.0 -9999.0 -9999.0 -9999.0 -9999.0 -9999.0 -9999.0 -9999.0 -9999.0 -9999.0 -9999.0 -9999.0 -9999.0 -9999.0 -9999.0 -9999.0