inst/processing_geotop_simulation/geotop_simulation/out/maps3D/PwL0008N0223.asc
ncols         104
nrows         10
xllcorner     -2.000000
yllcorner     0.000000
cellsize      1.000000
NODATA_value  -9999.0
-9999.0 -9999.0 -9999.0 -9999.0 -9999.0 -9999.0 -9999.0 -9999.0 -9999.0 -9999.0 -9999.0 -9999.0 -9999.0 -9999.0 -9999.0 -9999.0 -9999.0 -9999.0 -9999.0 -9999.0 -9999.0 -9999.0 -9999.0 -9999.0 -9999.0 -9999.0 -9999.0 -9999.0 -9999.0 -9999.0 -9999.0 -9999.0 -9999.0 -9999.0 -9999.0 -9999.0 -9999.0 -9999.0 -9999.0 -9999.0 -9999.0 -9999.0 -9999.0 -9999.0 -9999.0 -9999.0 -9999.0 -9999.0 -9999.0 -9999.0 -9999.0 -9999.0 -9999.0 -9999.0 -9999.0 -9999.0 -9999.0 -9999.0 -9999.0 -9999.0 -9999.0 -9999.0 -9999.0 -9999.0 -9999.0 -9999.0 -9999.0 -9999.0 -9999.0 -9999.0 -9999.0 -9999.0 -9999.0 -9999.0 -9999.0 -9999.0 -9999.0 -9999.0 -9999.0 -9999.0 -9999.0 -9999.0 -9999.0 -9999.0 -9999.0 -9999.0 -9999.0 -9999.0 -9999.0 -9999.0 -9999.0 -9999.0 -9999.0 -9999.0 -9999.0 -9999.0 -9999.0 -9999.0 -9999.0 -9999.0 -9999.0 -9999.0 -9999.0 -9999.0
-9999.0 -9999.0 -9999.0 -9999.0 -9999.0 -9999.0 -9999.0 -9999.0 -9999.0 -9999.0 -9999.0 -9999.0 -9999.0 -9999.0 -9999.0 -9999.0 -9999.0 -9999.0 -9999.0 -9999.0 -9999.0 -9999.0 -9999.0 -9999.0 -9999.0 -9999.0 -9999.0 -9999.0 -9999.0 -9999.0 -9999.0 -9999.0 -9999.0 -9999.0 -9999.0 -9999.0 -9999.0 -9999.0 -9999.0 -9999.0 -9999.0 -9999.0 -9999.0 -9999.0 -9999.0 -9999.0 -9999.0 -9999.0 -9999.0 -9999.0 -9999.0 -9999.0 -9999.0 -9999.0 -9999.0 -9999.0 -9999.0 -9999.0 -9999.0 -9999.0 -9999.0 -9999.0 -9999.0 -9999.0 -9999.0 -9999.0 -9999.0 -9999.0 -9999.0 -9999.0 -9999.0 -9999.0 -9999.0 -9999.0 -9999.0 -9999.0 -9999.0 -9999.0 -9999.0 -9999.0 -9999.0 -9999.0 -9999.0 -9999.0 -9999.0 -9999.0 -9999.0 -9999.0 -9999.0 -9999.0 -9999.0 -9999.0 -9999.0 -9999.0 -9999.0 -9999.0 -9999.0 -9999.0 -9999.0 -9999.0 -9999.0 -9999.0 -9999.0 -9999.0
-9999.0 -9999.0 377.832383 282.919604 186.139955 88.615703 -9.208454 -107.149180 -205.127014 -303.075759 -400.923526 -498.524932 -595.565733 -691.445491 -787.481915 -883.350549 -978.887263 -1074.255831 -1166.107864 -1254.560374 -1336.087042 -1406.708595 -1464.129265 -1508.344238 -1540.990688 -1564.381085 -1580.792805 -1592.133181 -1599.871363 -1605.091855 -1608.577489 -1610.883743 -1612.398334 -1613.387421 -1614.031129 -1614.451794 -1614.739836 -1614.997990 -1615.531621 -1617.751736 -1626.553388 -1639.813314 -1203.044834 -1287.532228 -1252.220290 -1230.389233 -1220.356922 -1218.993595 -1218.854210 -1218.869491 -1218.906986 -1218.947154 -1218.985725 -1219.021423 -1219.054456 -1219.092012 -1219.204348 -1219.984730 -1225.181296 -1236.983357 -1254.361387 -1151.687494 -1611.670929 -1620.517472 -1616.534572 -1615.524310 -1615.351216 -1615.324353 -1615.320784 -1615.321015 -1615.321775 -1615.322472 -1615.323022 -1615.323443 -1615.323765 -1615.324015 -1615.324214 -1615.324374 -1615.324509 -1615.324628 -1615.324746 -1615.324877 -1615.325042 -1615.325270 -1615.325609 -1615.326129 -1615.326948 -1615.328259 -1615.330392 -1615.333926 -1615.339910 -1615.350315 -1615.368945 -1615.403312 -1615.468479 -1615.595211 -1615.848508 -1616.374310 -1617.528150 -1620.257310 -1627.433070 -1650.028389 -9999.0 -9999.0
-9999.0 -9999.0 377.839969 282.921535 186.140475 88.615858 -9.208404 -107.149163 -205.127008 -303.075757 -400.923525 -498.524931 -595.565733 -691.445491 -787.481915 -883.350549 -978.887263 -1074.255831 -1166.107864 -1254.560374 -1336.087042 -1406.708595 -1464.129265 -1508.344238 -1540.990688 -1564.381085 -1580.792805 -1592.133181 -1599.871363 -1605.091855 -1608.577489 -1610.883743 -1612.398334 -1613.387421 -1614.031129 -1614.451794 -1614.739836 -1614.997990 -1615.531621 -1617.751736 -1626.553388 -1639.813314 -1203.044834 -1287.532228 -1252.220289 -1230.389232 -1220.356922 -1218.993595 -1218.854210 -1218.869491 -1218.906986 -1218.947154 -1218.985725 -1219.021423 -1219.054456 -1219.092012 -1219.204348 -1219.984730 -1225.181296 -1236.983357 -1254.361387 -1151.687494 -1611.670929 -1620.517472 -1616.534572 -1615.524310 -1615.351216 -1615.324353 -1615.320784 -1615.321015 -1615.321775 -1615.322472 -1615.323022 -1615.323443 -1615.323765 -1615.324015 -1615.324214 -1615.324374 -1615.324509 -1615.324628 -1615.324746 -1615.324877 -1615.325042 -1615.325270 -1615.325609 -1615.326129 -1615.326948 -1615.328259 -1615.330392 -1615.333926 -1615.339910 -1615.350315 -1615.368945 -1615.403312 -1615.468479 -1615.595211 -1615.848508 -1616.374310 -1617.528150 -1620.257310 -1627.433070 -1650.028389 -9999.0 -9999.0
-9999.0 -9999.0 377.841527 282.922369 186.140809 88.615980 -9.208361 -107.149148 -205.127003 -303.075755 -400.923524 -498.524931 -595.565733 -691.445491 -787.481915 -883.350549 -978.887263 -1074.255831 -1166.107864 -1254.560375 -1336.087042 -1406.708595 -1464.129265 -1508.344238 -1540.990688 -1564.381086 -1580.792805 -1592.133181 -1599.871363 -1605.091855 -1608.577489 -1610.883743 -1612.398334 -1613.387421 -1614.031129 -1614.451794 -1614.739836 -1614.997990 -1615.531621 -1617.751736 -1626.553388 -1639.813314 -1203.044834 -1287.532228 -1252.220289 -1230.389232 -1220.356922 -1218.993595 -1218.854210 -1218.869491 -1218.906986 -1218.947154 -1218.985725 -1219.021423 -1219.054456 -1219.092012 -1219.204348 -1219.984730 -1225.181296 -1236.983357 -1254.361387 -1151.687494 -1611.670929 -1620.517472 -1616.534572 -1615.524310 -1615.351216 -1615.324353 -1615.320784 -1615.321015 -1615.321775 -1615.322472 -1615.323022 -1615.323443 -1615.323765 -1615.324015 -1615.324214 -1615.324374 -1615.324509 -1615.324628 -1615.324746 -1615.324877 -1615.325042 -1615.325270 -1615.325609 -1615.326129 -1615.326948 -1615.328259 -1615.330392 -1615.333926 -1615.339910 -1615.350315 -1615.368945 -1615.403312 -1615.468479 -1615.595211 -1615.848508 -1616.374310 -1617.528150 -1620.257310 -1627.433070 -1650.028389 -9999.0 -9999.0
-9999.0 -9999.0 377.841527 282.922369 186.140809 88.615980 -9.208361 -107.149148 -205.127003 -303.075755 -400.923524 -498.524931 -595.565733 -691.445491 -787.481915 -883.350549 -978.887263 -1074.255831 -1166.107864 -1254.560375 -1336.087042 -1406.708595 -1464.129265 -1508.344238 -1540.990688 -1564.381086 -1580.792805 -1592.133181 -1599.871363 -1605.091855 -1608.577489 -1610.883743 -1612.398334 -1613.387421 -1614.031129 -1614.451794 -1614.739836 -1614.997990 -1615.531621 -1617.751736 -1626.553388 -1639.813314 -1203.044834 -1287.532228 -1252.220289 -1230.389232 -1220.356922 -1218.993595 -1218.854210 -1218.869491 -1218.906986 -1218.947154 -1218.985725 -1219.021423 -1219.054456 -1219.092012 -1219.204348 -1219.984730 -1225.181296 -1236.983357 -1254.361387 -1151.687494 -1611.670929 -1620.517472 -1616.534572 -1615.524310 -1615.351216 -1615.324353 -1615.320784 -1615.321015 -1615.321775 -1615.322472 -1615.323022 -1615.323443 -1615.323765 -1615.324015 -1615.324214 -1615.324374 -1615.324509 -1615.324628 -1615.324746 -1615.324877 -1615.325042 -1615.325270 -1615.325609 -1615.326129 -1615.326948 -1615.328259 -1615.330392 -1615.333926 -1615.339910 -1615.350315 -1615.368945 -1615.403312 -1615.468479 -1615.595211 -1615.848508 -1616.374310 -1617.528150 -1620.257310 -1627.433070 -1650.028389 -9999.0 -9999.0
-9999.0 -9999.0 377.839969 282.921535 186.140475 88.615858 -9.208404 -107.149163 -205.127008 -303.075757 -400.923525 -498.524931 -595.565733 -691.445491 -787.481915 -883.350549 -978.887263 -1074.255831 -1166.107864 -1254.560374 -1336.087042 -1406.708595 -1464.129265 -1508.344238 -1540.990688 -1564.381085 -1580.792805 -1592.133181 -1599.871363 -1605.091855 -1608.577489 -1610.883743 -1612.398334 -1613.387421 -1614.031129 -1614.451794 -1614.739836 -1614.997990 -1615.531621 -1617.751736 -1626.553388 -1639.813314 -1203.044834 -1287.532228 -1252.220289 -1230.389232 -1220.356922 -1218.993595 -1218.854210 -1218.869491 -1218.906986 -1218.947154 -1218.985725 -1219.021423 -1219.054456 -1219.092012 -1219.204348 -1219.984730 -1225.181296 -1236.983357 -1254.361387 -1151.687494 -1611.670929 -1620.517472 -1616.534572 -1615.524310 -1615.351216 -1615.324353 -1615.320784 -1615.321015 -1615.321775 -1615.322472 -1615.323022 -1615.323443 -1615.323765 -1615.324015 -1615.324214 -1615.324374 -1615.324509 -1615.324628 -1615.324746 -1615.324877 -1615.325042 -1615.325270 -1615.325609 -1615.326129 -1615.326948 -1615.328259 -1615.330392 -1615.333926 -1615.339910 -1615.350315 -1615.368945 -1615.403312 -1615.468479 -1615.595211 -1615.848508 -1616.374310 -1617.528150 -1620.257310 -1627.433070 -1650.028389 -9999.0 -9999.0
-9999.0 -9999.0 377.832383 282.919604 186.139955 88.615703 -9.208454 -107.149180 -205.127014 -303.075759 -400.923526 -498.524932 -595.565733 -691.445491 -787.481915 -883.350549 -978.887263 -1074.255831 -1166.107864 -1254.560374 -1336.087042 -1406.708595 -1464.129265 -1508.344238 -1540.990688 -1564.381085 -1580.792805 -1592.133181 -1599.871363 -1605.091855 -1608.577489 -1610.883743 -1612.398334 -1613.387421 -1614.031129 -1614.451794 -1614.739836 -1614.997990 -1615.531621 -1617.751736 -1626.553388 -1639.813314 -1203.044834 -1287.532228 -1252.220290 -1230.389233 -1220.356922 -1218.993595 -1218.854210 -1218.869491 -1218.906986 -1218.947154 -1218.985725 -1219.021423 -1219.054456 -1219.092012 -1219.204348 -1219.984730 -1225.181296 -1236.983357 -1254.361387 -1151.687494 -1611.670929 -1620.517472 -1616.534572 -1615.524310 -1615.351216 -1615.324353 -1615.320784 -1615.321015 -1615.321775 -1615.322472 -1615.323022 -1615.323443 -1615.323765 -1615.324015 -1615.324214 -1615.324374 -1615.324509 -1615.324628 -1615.324746 -1615.324877 -1615.325042 -1615.325270 -1615.325609 -1615.326129 -1615.326948 -1615.328259 -1615.330392 -1615.333926 -1615.339910 -1615.350315 -1615.368945 -1615.403312 -1615.468479 -1615.595211 -1615.848508 -1616.374310 -1617.528150 -1620.257310 -1627.433070 -1650.028389 -9999.0 -9999.0
-9999.0 -9999.0 -9999.0 -9999.0 -9999.0 -9999.0 -9999.0 -9999.0 -9999.0 -9999.0 -9999.0 -9999.0 -9999.0 -9999.0 -9999.0 -9999.0 -9999.0 -9999.0 -9999.0 -9999.0 -9999.0 -9999.0 -9999.0 -9999.0 -9999.0 -9999.0 -9999.0 -9999.0 -9999.0 -9999.0 -9999.0 -9999.0 -9999.0 -9999.0 -9999.0 -9999.0 -9999.0 -9999.0 -9999.0 -9999.0 -9999.0 -9999.0 -9999.0 -9999.0 -9999.0 -9999.0 -9999.0 -9999.0 -9999.0 -9999.0 -9999.0 -9999.0 -9999.0 -9999.0 -9999.0 -9999.0 -9999.0 -9999.0 -9999.0 -9999.0 -9999.0 -9999.0 -9999.0 -9999.0 -9999.0 -9999.0 -9999.0 -9999.0 -9999.0 -9999.0 -9999.0 -9999.0 -9999.0 -9999.0 -9999.0 -9999.0 -9999.0 -9999.0 -9999.0 -9999.0 -9999.0 -9999.0 -9999.0 -9999.0 -9999.0 -9999.0 -9999.0 -9999.0 -9999.0 -9999.0 -9999.0 -9999.0 -9999.0 -9999.0 -9999.0 -9999.0 -9999.0 -9999.0 -9999.0 -9999.0 -9999.0 -9999.0 -9999.0 -9999.0
-9999.0 -9999.0 -9999.0 -9999.0 -9999.0 -9999.0 -9999.0 -9999.0 -9999.0 -9999.0 -9999.0 -9999.0 -9999.0 -9999.0 -9999.0 -9999.0 -9999.0 -9999.0 -9999.0 -9999.0 -9999.0 -9999.0 -9999.0 -9999.0 -9999.0 -9999.0 -9999.0 -9999.0 -9999.0 -9999.0 -9999.0 -9999.0 -9999.0 -9999.0 -9999.0 -9999.0 -9999.0 -9999.0 -9999.0 -9999.0 -9999.0 -9999.0 -9999.0 -9999.0 -9999.0 -9999.0 -9999.0 -9999.0 -9999.0 -9999.0 -9999.0 -9999.0 -9999.0 -9999.0 -9999.0 -9999.0 -9999.0 -9999.0 -9999.0 -9999.0 -9999.0 -9999.0 -9999.0 -9999.0 -9999.0 -9999.0 -9999.0 -9999.0 -9999.0 -9999.0 -9999.0 -9999.0 -9999.0 -9999.0 -9999.0 -9999.0 -9999.0 -9999.0 -9999.0 -9999.0 -9999.0 -9999.0 -9999.0 -9999.0 -9999.0 -9999.0 -9999.0 -9999.0 -9999.0 -9999.0 -9999.0 -9999.0 -9999.0 -9999.0 -9999.0 -9999.0 -9999.0 -9999.0 -9999.0 -9999.0 -9999.0 -9999.0 -9999.0 -9999.0