inst/processing_geotop_simulation/geotop_simulation/out/maps3D/PwL0003N0273.asc
ncols         104
nrows         10
xllcorner     -2.000000
yllcorner     0.000000
cellsize      1.000000
NODATA_value  -9999.0
-9999.0 -9999.0 -9999.0 -9999.0 -9999.0 -9999.0 -9999.0 -9999.0 -9999.0 -9999.0 -9999.0 -9999.0 -9999.0 -9999.0 -9999.0 -9999.0 -9999.0 -9999.0 -9999.0 -9999.0 -9999.0 -9999.0 -9999.0 -9999.0 -9999.0 -9999.0 -9999.0 -9999.0 -9999.0 -9999.0 -9999.0 -9999.0 -9999.0 -9999.0 -9999.0 -9999.0 -9999.0 -9999.0 -9999.0 -9999.0 -9999.0 -9999.0 -9999.0 -9999.0 -9999.0 -9999.0 -9999.0 -9999.0 -9999.0 -9999.0 -9999.0 -9999.0 -9999.0 -9999.0 -9999.0 -9999.0 -9999.0 -9999.0 -9999.0 -9999.0 -9999.0 -9999.0 -9999.0 -9999.0 -9999.0 -9999.0 -9999.0 -9999.0 -9999.0 -9999.0 -9999.0 -9999.0 -9999.0 -9999.0 -9999.0 -9999.0 -9999.0 -9999.0 -9999.0 -9999.0 -9999.0 -9999.0 -9999.0 -9999.0 -9999.0 -9999.0 -9999.0 -9999.0 -9999.0 -9999.0 -9999.0 -9999.0 -9999.0 -9999.0 -9999.0 -9999.0 -9999.0 -9999.0 -9999.0 -9999.0 -9999.0 -9999.0 -9999.0 -9999.0
-9999.0 -9999.0 -9999.0 -9999.0 -9999.0 -9999.0 -9999.0 -9999.0 -9999.0 -9999.0 -9999.0 -9999.0 -9999.0 -9999.0 -9999.0 -9999.0 -9999.0 -9999.0 -9999.0 -9999.0 -9999.0 -9999.0 -9999.0 -9999.0 -9999.0 -9999.0 -9999.0 -9999.0 -9999.0 -9999.0 -9999.0 -9999.0 -9999.0 -9999.0 -9999.0 -9999.0 -9999.0 -9999.0 -9999.0 -9999.0 -9999.0 -9999.0 -9999.0 -9999.0 -9999.0 -9999.0 -9999.0 -9999.0 -9999.0 -9999.0 -9999.0 -9999.0 -9999.0 -9999.0 -9999.0 -9999.0 -9999.0 -9999.0 -9999.0 -9999.0 -9999.0 -9999.0 -9999.0 -9999.0 -9999.0 -9999.0 -9999.0 -9999.0 -9999.0 -9999.0 -9999.0 -9999.0 -9999.0 -9999.0 -9999.0 -9999.0 -9999.0 -9999.0 -9999.0 -9999.0 -9999.0 -9999.0 -9999.0 -9999.0 -9999.0 -9999.0 -9999.0 -9999.0 -9999.0 -9999.0 -9999.0 -9999.0 -9999.0 -9999.0 -9999.0 -9999.0 -9999.0 -9999.0 -9999.0 -9999.0 -9999.0 -9999.0 -9999.0 -9999.0
-9999.0 -9999.0 126.985966 31.519105 -66.182234 -164.471650 -262.979662 -361.562754 -460.145047 -558.669040 -657.016602 -755.022457 -852.714052 -949.929101 -1046.968563 -1144.001819 -1239.875880 -1334.090219 -1425.921654 -1514.075167 -1595.470744 -1666.076930 -1723.301483 -1767.066010 -1799.135757 -1821.969853 -1837.927277 -1848.936462 -1856.454159 -1861.539949 -1864.950718 -1867.220332 -1868.720702 -1869.707518 -1870.354615 -1870.780929 -1871.075954 -1871.348012 -1871.922614 -1874.087847 -1879.982273 -1852.215675 -1143.809506 -1145.382308 -1133.599175 -1125.994884 -1122.426908 -1121.890626 -1121.833753 -1121.840016 -1121.855520 -1121.872165 -1121.888160 -1121.902971 -1121.916709 -1121.932588 -1121.981015 -1122.302712 -1124.206155 -1128.450413 -1134.535677 -1124.535691 -1829.247840 -1874.220594 -1872.780146 -1871.877680 -1871.696151 -1871.666420 -1871.662261 -1871.662282 -1871.662906 -1871.663503 -1871.663979 -1871.664344 -1871.664624 -1871.664841 -1871.665014 -1871.665154 -1871.665271 -1871.665376 -1871.665479 -1871.665594 -1871.665740 -1871.665942 -1871.666241 -1871.666702 -1871.667426 -1871.668588 -1871.670481 -1871.673622 -1871.678953 -1871.688250 -1871.704944 -1871.735825 -1871.794542 -1871.909114 -1872.139264 -1872.620688 -1873.688527 -1876.255689 -1883.195215 -1905.782057 -9999.0 -9999.0
-9999.0 -9999.0 126.996652 31.521159 -66.181717 -164.471499 -262.979614 -361.562737 -460.145041 -558.669037 -657.016601 -755.022457 -852.714052 -949.929101 -1046.968564 -1144.001819 -1239.875880 -1334.090219 -1425.921655 -1514.075168 -1595.470745 -1666.076930 -1723.301483 -1767.066010 -1799.135757 -1821.969853 -1837.927277 -1848.936462 -1856.454159 -1861.539949 -1864.950718 -1867.220332 -1868.720702 -1869.707518 -1870.354615 -1870.780929 -1871.075954 -1871.348012 -1871.922614 -1874.087847 -1879.982273 -1852.215675 -1143.809506 -1145.382308 -1133.599175 -1125.994884 -1122.426908 -1121.890626 -1121.833753 -1121.840016 -1121.855520 -1121.872165 -1121.888160 -1121.902971 -1121.916709 -1121.932588 -1121.981015 -1122.302712 -1124.206155 -1128.450413 -1134.535677 -1124.535691 -1829.247840 -1874.220594 -1872.780146 -1871.877680 -1871.696151 -1871.666420 -1871.662261 -1871.662282 -1871.662906 -1871.663503 -1871.663979 -1871.664344 -1871.664624 -1871.664841 -1871.665014 -1871.665154 -1871.665271 -1871.665376 -1871.665479 -1871.665594 -1871.665740 -1871.665942 -1871.666241 -1871.666702 -1871.667426 -1871.668588 -1871.670481 -1871.673622 -1871.678953 -1871.688250 -1871.704944 -1871.735825 -1871.794542 -1871.909114 -1872.139264 -1872.620688 -1873.688527 -1876.255689 -1883.195215 -1905.782057 -9999.0 -9999.0
-9999.0 -9999.0 126.997985 31.521987 -66.181391 -164.471381 -262.979573 -361.562722 -460.145036 -558.669035 -657.016600 -755.022456 -852.714052 -949.929101 -1046.968564 -1144.001819 -1239.875880 -1334.090219 -1425.921655 -1514.075168 -1595.470745 -1666.076930 -1723.301483 -1767.066010 -1799.135757 -1821.969853 -1837.927277 -1848.936462 -1856.454159 -1861.539949 -1864.950718 -1867.220332 -1868.720702 -1869.707518 -1870.354615 -1870.780929 -1871.075954 -1871.348012 -1871.922614 -1874.087847 -1879.982273 -1852.215675 -1143.809506 -1145.382308 -1133.599175 -1125.994884 -1122.426908 -1121.890626 -1121.833753 -1121.840016 -1121.855520 -1121.872165 -1121.888160 -1121.902971 -1121.916709 -1121.932588 -1121.981015 -1122.302712 -1124.206155 -1128.450413 -1134.535677 -1124.535691 -1829.247840 -1874.220594 -1872.780146 -1871.877680 -1871.696151 -1871.666420 -1871.662261 -1871.662282 -1871.662906 -1871.663503 -1871.663979 -1871.664344 -1871.664624 -1871.664841 -1871.665014 -1871.665154 -1871.665271 -1871.665376 -1871.665479 -1871.665594 -1871.665740 -1871.665942 -1871.666241 -1871.666702 -1871.667426 -1871.668588 -1871.670481 -1871.673622 -1871.678953 -1871.688250 -1871.704944 -1871.735825 -1871.794542 -1871.909114 -1872.139264 -1872.620688 -1873.688527 -1876.255689 -1883.195215 -1905.782057 -9999.0 -9999.0
-9999.0 -9999.0 126.997985 31.521987 -66.181391 -164.471381 -262.979573 -361.562722 -460.145036 -558.669035 -657.016600 -755.022456 -852.714052 -949.929101 -1046.968564 -1144.001819 -1239.875880 -1334.090219 -1425.921655 -1514.075168 -1595.470745 -1666.076930 -1723.301483 -1767.066010 -1799.135757 -1821.969853 -1837.927277 -1848.936462 -1856.454159 -1861.539949 -1864.950718 -1867.220332 -1868.720702 -1869.707518 -1870.354615 -1870.780929 -1871.075954 -1871.348012 -1871.922614 -1874.087847 -1879.982273 -1852.215675 -1143.809506 -1145.382308 -1133.599175 -1125.994884 -1122.426908 -1121.890626 -1121.833753 -1121.840016 -1121.855520 -1121.872165 -1121.888160 -1121.902971 -1121.916709 -1121.932588 -1121.981015 -1122.302712 -1124.206155 -1128.450413 -1134.535677 -1124.535691 -1829.247840 -1874.220594 -1872.780146 -1871.877680 -1871.696151 -1871.666420 -1871.662261 -1871.662282 -1871.662906 -1871.663503 -1871.663979 -1871.664344 -1871.664624 -1871.664841 -1871.665014 -1871.665154 -1871.665271 -1871.665376 -1871.665479 -1871.665594 -1871.665740 -1871.665942 -1871.666241 -1871.666702 -1871.667426 -1871.668588 -1871.670481 -1871.673622 -1871.678953 -1871.688250 -1871.704944 -1871.735825 -1871.794542 -1871.909114 -1872.139264 -1872.620688 -1873.688527 -1876.255689 -1883.195215 -1905.782057 -9999.0 -9999.0
-9999.0 -9999.0 126.996652 31.521159 -66.181717 -164.471499 -262.979614 -361.562737 -460.145041 -558.669037 -657.016601 -755.022457 -852.714052 -949.929101 -1046.968564 -1144.001819 -1239.875880 -1334.090219 -1425.921655 -1514.075168 -1595.470745 -1666.076930 -1723.301483 -1767.066010 -1799.135757 -1821.969853 -1837.927277 -1848.936462 -1856.454159 -1861.539949 -1864.950718 -1867.220332 -1868.720702 -1869.707518 -1870.354615 -1870.780929 -1871.075954 -1871.348012 -1871.922614 -1874.087847 -1879.982273 -1852.215675 -1143.809506 -1145.382308 -1133.599175 -1125.994884 -1122.426908 -1121.890626 -1121.833753 -1121.840016 -1121.855520 -1121.872165 -1121.888160 -1121.902971 -1121.916709 -1121.932588 -1121.981015 -1122.302712 -1124.206155 -1128.450413 -1134.535677 -1124.535691 -1829.247840 -1874.220594 -1872.780146 -1871.877680 -1871.696151 -1871.666420 -1871.662261 -1871.662282 -1871.662906 -1871.663503 -1871.663979 -1871.664344 -1871.664624 -1871.664841 -1871.665014 -1871.665154 -1871.665271 -1871.665376 -1871.665479 -1871.665594 -1871.665740 -1871.665942 -1871.666241 -1871.666702 -1871.667426 -1871.668588 -1871.670481 -1871.673622 -1871.678953 -1871.688250 -1871.704944 -1871.735825 -1871.794542 -1871.909114 -1872.139264 -1872.620688 -1873.688527 -1876.255689 -1883.195215 -1905.782057 -9999.0 -9999.0
-9999.0 -9999.0 126.985966 31.519105 -66.182234 -164.471650 -262.979662 -361.562754 -460.145047 -558.669040 -657.016602 -755.022457 -852.714052 -949.929101 -1046.968563 -1144.001819 -1239.875880 -1334.090219 -1425.921654 -1514.075167 -1595.470744 -1666.076930 -1723.301483 -1767.066010 -1799.135757 -1821.969853 -1837.927277 -1848.936462 -1856.454159 -1861.539949 -1864.950718 -1867.220332 -1868.720702 -1869.707518 -1870.354615 -1870.780929 -1871.075954 -1871.348012 -1871.922614 -1874.087847 -1879.982273 -1852.215675 -1143.809506 -1145.382308 -1133.599175 -1125.994884 -1122.426908 -1121.890626 -1121.833753 -1121.840016 -1121.855520 -1121.872165 -1121.888160 -1121.902971 -1121.916709 -1121.932588 -1121.981015 -1122.302712 -1124.206155 -1128.450413 -1134.535677 -1124.535691 -1829.247840 -1874.220594 -1872.780146 -1871.877680 -1871.696151 -1871.666420 -1871.662261 -1871.662282 -1871.662906 -1871.663503 -1871.663979 -1871.664344 -1871.664624 -1871.664841 -1871.665014 -1871.665154 -1871.665271 -1871.665376 -1871.665479 -1871.665594 -1871.665740 -1871.665942 -1871.666241 -1871.666702 -1871.667426 -1871.668588 -1871.670481 -1871.673622 -1871.678953 -1871.688250 -1871.704944 -1871.735825 -1871.794542 -1871.909114 -1872.139264 -1872.620688 -1873.688527 -1876.255689 -1883.195215 -1905.782057 -9999.0 -9999.0
-9999.0 -9999.0 -9999.0 -9999.0 -9999.0 -9999.0 -9999.0 -9999.0 -9999.0 -9999.0 -9999.0 -9999.0 -9999.0 -9999.0 -9999.0 -9999.0 -9999.0 -9999.0 -9999.0 -9999.0 -9999.0 -9999.0 -9999.0 -9999.0 -9999.0 -9999.0 -9999.0 -9999.0 -9999.0 -9999.0 -9999.0 -9999.0 -9999.0 -9999.0 -9999.0 -9999.0 -9999.0 -9999.0 -9999.0 -9999.0 -9999.0 -9999.0 -9999.0 -9999.0 -9999.0 -9999.0 -9999.0 -9999.0 -9999.0 -9999.0 -9999.0 -9999.0 -9999.0 -9999.0 -9999.0 -9999.0 -9999.0 -9999.0 -9999.0 -9999.0 -9999.0 -9999.0 -9999.0 -9999.0 -9999.0 -9999.0 -9999.0 -9999.0 -9999.0 -9999.0 -9999.0 -9999.0 -9999.0 -9999.0 -9999.0 -9999.0 -9999.0 -9999.0 -9999.0 -9999.0 -9999.0 -9999.0 -9999.0 -9999.0 -9999.0 -9999.0 -9999.0 -9999.0 -9999.0 -9999.0 -9999.0 -9999.0 -9999.0 -9999.0 -9999.0 -9999.0 -9999.0 -9999.0 -9999.0 -9999.0 -9999.0 -9999.0 -9999.0 -9999.0
-9999.0 -9999.0 -9999.0 -9999.0 -9999.0 -9999.0 -9999.0 -9999.0 -9999.0 -9999.0 -9999.0 -9999.0 -9999.0 -9999.0 -9999.0 -9999.0 -9999.0 -9999.0 -9999.0 -9999.0 -9999.0 -9999.0 -9999.0 -9999.0 -9999.0 -9999.0 -9999.0 -9999.0 -9999.0 -9999.0 -9999.0 -9999.0 -9999.0 -9999.0 -9999.0 -9999.0 -9999.0 -9999.0 -9999.0 -9999.0 -9999.0 -9999.0 -9999.0 -9999.0 -9999.0 -9999.0 -9999.0 -9999.0 -9999.0 -9999.0 -9999.0 -9999.0 -9999.0 -9999.0 -9999.0 -9999.0 -9999.0 -9999.0 -9999.0 -9999.0 -9999.0 -9999.0 -9999.0 -9999.0 -9999.0 -9999.0 -9999.0 -9999.0 -9999.0 -9999.0 -9999.0 -9999.0 -9999.0 -9999.0 -9999.0 -9999.0 -9999.0 -9999.0 -9999.0 -9999.0 -9999.0 -9999.0 -9999.0 -9999.0 -9999.0 -9999.0 -9999.0 -9999.0 -9999.0 -9999.0 -9999.0 -9999.0 -9999.0 -9999.0 -9999.0 -9999.0 -9999.0 -9999.0 -9999.0 -9999.0 -9999.0 -9999.0 -9999.0 -9999.0