inst/processing_geotop_simulation/geotop_simulation/out/maps3D/PwL0002N0242.asc
ncols         104
nrows         10
xllcorner     -2.000000
yllcorner     0.000000
cellsize      1.000000
NODATA_value  -9999.0
-9999.0 -9999.0 -9999.0 -9999.0 -9999.0 -9999.0 -9999.0 -9999.0 -9999.0 -9999.0 -9999.0 -9999.0 -9999.0 -9999.0 -9999.0 -9999.0 -9999.0 -9999.0 -9999.0 -9999.0 -9999.0 -9999.0 -9999.0 -9999.0 -9999.0 -9999.0 -9999.0 -9999.0 -9999.0 -9999.0 -9999.0 -9999.0 -9999.0 -9999.0 -9999.0 -9999.0 -9999.0 -9999.0 -9999.0 -9999.0 -9999.0 -9999.0 -9999.0 -9999.0 -9999.0 -9999.0 -9999.0 -9999.0 -9999.0 -9999.0 -9999.0 -9999.0 -9999.0 -9999.0 -9999.0 -9999.0 -9999.0 -9999.0 -9999.0 -9999.0 -9999.0 -9999.0 -9999.0 -9999.0 -9999.0 -9999.0 -9999.0 -9999.0 -9999.0 -9999.0 -9999.0 -9999.0 -9999.0 -9999.0 -9999.0 -9999.0 -9999.0 -9999.0 -9999.0 -9999.0 -9999.0 -9999.0 -9999.0 -9999.0 -9999.0 -9999.0 -9999.0 -9999.0 -9999.0 -9999.0 -9999.0 -9999.0 -9999.0 -9999.0 -9999.0 -9999.0 -9999.0 -9999.0 -9999.0 -9999.0 -9999.0 -9999.0 -9999.0 -9999.0
-9999.0 -9999.0 -9999.0 -9999.0 -9999.0 -9999.0 -9999.0 -9999.0 -9999.0 -9999.0 -9999.0 -9999.0 -9999.0 -9999.0 -9999.0 -9999.0 -9999.0 -9999.0 -9999.0 -9999.0 -9999.0 -9999.0 -9999.0 -9999.0 -9999.0 -9999.0 -9999.0 -9999.0 -9999.0 -9999.0 -9999.0 -9999.0 -9999.0 -9999.0 -9999.0 -9999.0 -9999.0 -9999.0 -9999.0 -9999.0 -9999.0 -9999.0 -9999.0 -9999.0 -9999.0 -9999.0 -9999.0 -9999.0 -9999.0 -9999.0 -9999.0 -9999.0 -9999.0 -9999.0 -9999.0 -9999.0 -9999.0 -9999.0 -9999.0 -9999.0 -9999.0 -9999.0 -9999.0 -9999.0 -9999.0 -9999.0 -9999.0 -9999.0 -9999.0 -9999.0 -9999.0 -9999.0 -9999.0 -9999.0 -9999.0 -9999.0 -9999.0 -9999.0 -9999.0 -9999.0 -9999.0 -9999.0 -9999.0 -9999.0 -9999.0 -9999.0 -9999.0 -9999.0 -9999.0 -9999.0 -9999.0 -9999.0 -9999.0 -9999.0 -9999.0 -9999.0 -9999.0 -9999.0 -9999.0 -9999.0 -9999.0 -9999.0 -9999.0 -9999.0
-9999.0 -9999.0 77.964014 -16.007561 -113.103393 -210.948986 -309.067685 -407.273739 -505.470428 -603.577262 -701.400978 -798.838038 -895.770600 -992.034295 -1088.178897 -1184.065720 -1278.514729 -1370.943384 -1460.832404 -1546.497032 -1623.543287 -1687.620121 -1737.142093 -1773.348806 -1798.877410 -1816.503334 -1828.537148 -1836.697637 -1842.198274 -1845.880749 -1848.327768 -1849.942047 -1851.000230 -1851.690410 -1852.139227 -1852.432980 -1852.637860 -1852.839073 -1853.318214 -1855.333870 -1861.815168 -1840.853509 -1136.160349 -1134.440331 -1123.478184 -1116.457456 -1113.161724 -1112.669182 -1112.617310 -1112.623623 -1112.638545 -1112.654532 -1112.669892 -1112.684114 -1112.697286 -1112.712329 -1112.757035 -1113.052867 -1114.813058 -1118.748697 -1124.569701 -1118.492766 -1819.029073 -1856.395281 -1854.146777 -1853.247789 -1853.082255 -1853.056009 -1853.052482 -1853.052687 -1853.053415 -1853.054085 -1853.054615 -1853.055019 -1853.055329 -1853.055569 -1853.055759 -1853.055913 -1853.056041 -1853.056156 -1853.056268 -1853.056394 -1853.056552 -1853.056772 -1853.057098 -1853.057599 -1853.058389 -1853.059654 -1853.061713 -1853.065124 -1853.070902 -1853.080949 -1853.098941 -1853.132128 -1853.195040 -1853.317296 -1853.561255 -1854.066252 -1855.170518 -1857.778996 -1864.687415 -1886.875622 -9999.0 -9999.0
-9999.0 -9999.0 77.975901 -16.005429 -113.102860 -210.948831 -309.067635 -407.273722 -505.470422 -603.577260 -701.400978 -798.838037 -895.770600 -992.034295 -1088.178897 -1184.065720 -1278.514729 -1370.943384 -1460.832404 -1546.497033 -1623.543287 -1687.620122 -1737.142093 -1773.348806 -1798.877411 -1816.503334 -1828.537148 -1836.697637 -1842.198274 -1845.880749 -1848.327768 -1849.942047 -1851.000230 -1851.690410 -1852.139227 -1852.432980 -1852.637860 -1852.839073 -1853.318214 -1855.333870 -1861.815168 -1840.853509 -1136.160349 -1134.440331 -1123.478184 -1116.457456 -1113.161724 -1112.669182 -1112.617310 -1112.623623 -1112.638545 -1112.654532 -1112.669892 -1112.684114 -1112.697286 -1112.712329 -1112.757035 -1113.052867 -1114.813058 -1118.748697 -1124.569701 -1118.492766 -1819.029073 -1856.395281 -1854.146777 -1853.247789 -1853.082255 -1853.056009 -1853.052482 -1853.052687 -1853.053415 -1853.054085 -1853.054615 -1853.055019 -1853.055329 -1853.055569 -1853.055759 -1853.055913 -1853.056041 -1853.056156 -1853.056268 -1853.056394 -1853.056552 -1853.056772 -1853.057098 -1853.057599 -1853.058389 -1853.059654 -1853.061713 -1853.065124 -1853.070902 -1853.080949 -1853.098941 -1853.132128 -1853.195040 -1853.317296 -1853.561255 -1854.066252 -1855.170518 -1857.778996 -1864.687415 -1886.875622 -9999.0 -9999.0
-9999.0 -9999.0 77.977191 -16.004575 -113.102523 -210.948709 -309.067592 -407.273707 -505.470417 -603.577258 -701.400977 -798.838037 -895.770600 -992.034295 -1088.178897 -1184.065720 -1278.514729 -1370.943384 -1460.832404 -1546.497033 -1623.543287 -1687.620122 -1737.142094 -1773.348806 -1798.877411 -1816.503334 -1828.537149 -1836.697637 -1842.198274 -1845.880749 -1848.327768 -1849.942047 -1851.000230 -1851.690410 -1852.139227 -1852.432980 -1852.637860 -1852.839073 -1853.318214 -1855.333870 -1861.815168 -1840.853509 -1136.160349 -1134.440331 -1123.478184 -1116.457456 -1113.161724 -1112.669182 -1112.617310 -1112.623623 -1112.638545 -1112.654532 -1112.669892 -1112.684114 -1112.697286 -1112.712329 -1112.757035 -1113.052867 -1114.813058 -1118.748697 -1124.569701 -1118.492766 -1819.029073 -1856.395281 -1854.146777 -1853.247789 -1853.082255 -1853.056009 -1853.052482 -1853.052687 -1853.053415 -1853.054085 -1853.054615 -1853.055019 -1853.055329 -1853.055569 -1853.055759 -1853.055913 -1853.056041 -1853.056156 -1853.056268 -1853.056394 -1853.056552 -1853.056772 -1853.057098 -1853.057599 -1853.058389 -1853.059654 -1853.061713 -1853.065124 -1853.070902 -1853.080949 -1853.098941 -1853.132128 -1853.195040 -1853.317296 -1853.561255 -1854.066252 -1855.170518 -1857.778996 -1864.687415 -1886.875622 -9999.0 -9999.0
-9999.0 -9999.0 77.977191 -16.004575 -113.102523 -210.948709 -309.067592 -407.273707 -505.470417 -603.577258 -701.400977 -798.838037 -895.770600 -992.034295 -1088.178897 -1184.065720 -1278.514729 -1370.943384 -1460.832404 -1546.497033 -1623.543287 -1687.620122 -1737.142094 -1773.348806 -1798.877411 -1816.503334 -1828.537149 -1836.697637 -1842.198274 -1845.880749 -1848.327768 -1849.942047 -1851.000230 -1851.690410 -1852.139227 -1852.432980 -1852.637860 -1852.839073 -1853.318214 -1855.333870 -1861.815168 -1840.853509 -1136.160349 -1134.440331 -1123.478184 -1116.457456 -1113.161724 -1112.669182 -1112.617310 -1112.623623 -1112.638545 -1112.654532 -1112.669892 -1112.684114 -1112.697286 -1112.712329 -1112.757035 -1113.052867 -1114.813058 -1118.748697 -1124.569701 -1118.492766 -1819.029073 -1856.395281 -1854.146777 -1853.247789 -1853.082255 -1853.056009 -1853.052482 -1853.052687 -1853.053415 -1853.054085 -1853.054615 -1853.055019 -1853.055329 -1853.055569 -1853.055759 -1853.055913 -1853.056041 -1853.056156 -1853.056268 -1853.056394 -1853.056552 -1853.056772 -1853.057098 -1853.057599 -1853.058389 -1853.059654 -1853.061713 -1853.065124 -1853.070902 -1853.080949 -1853.098941 -1853.132128 -1853.195040 -1853.317296 -1853.561255 -1854.066252 -1855.170518 -1857.778996 -1864.687415 -1886.875622 -9999.0 -9999.0
-9999.0 -9999.0 77.975901 -16.005429 -113.102860 -210.948831 -309.067635 -407.273722 -505.470422 -603.577260 -701.400978 -798.838038 -895.770600 -992.034295 -1088.178897 -1184.065720 -1278.514729 -1370.943384 -1460.832404 -1546.497033 -1623.543287 -1687.620122 -1737.142093 -1773.348806 -1798.877411 -1816.503334 -1828.537148 -1836.697637 -1842.198274 -1845.880749 -1848.327768 -1849.942047 -1851.000230 -1851.690410 -1852.139227 -1852.432980 -1852.637860 -1852.839073 -1853.318214 -1855.333870 -1861.815168 -1840.853509 -1136.160349 -1134.440331 -1123.478184 -1116.457456 -1113.161724 -1112.669182 -1112.617310 -1112.623623 -1112.638545 -1112.654532 -1112.669892 -1112.684114 -1112.697286 -1112.712329 -1112.757035 -1113.052867 -1114.813058 -1118.748697 -1124.569701 -1118.492766 -1819.029073 -1856.395281 -1854.146777 -1853.247789 -1853.082255 -1853.056009 -1853.052482 -1853.052687 -1853.053415 -1853.054085 -1853.054615 -1853.055019 -1853.055329 -1853.055569 -1853.055759 -1853.055913 -1853.056041 -1853.056156 -1853.056268 -1853.056394 -1853.056552 -1853.056772 -1853.057098 -1853.057599 -1853.058389 -1853.059654 -1853.061713 -1853.065124 -1853.070902 -1853.080949 -1853.098941 -1853.132128 -1853.195040 -1853.317296 -1853.561255 -1854.066252 -1855.170518 -1857.778996 -1864.687415 -1886.875622 -9999.0 -9999.0
-9999.0 -9999.0 77.964014 -16.007561 -113.103392 -210.948986 -309.067685 -407.273739 -505.470428 -603.577262 -701.400978 -798.838038 -895.770600 -992.034295 -1088.178897 -1184.065720 -1278.514729 -1370.943384 -1460.832404 -1546.497032 -1623.543287 -1687.620121 -1737.142093 -1773.348806 -1798.877410 -1816.503334 -1828.537148 -1836.697637 -1842.198274 -1845.880749 -1848.327768 -1849.942047 -1851.000230 -1851.690410 -1852.139227 -1852.432980 -1852.637860 -1852.839073 -1853.318214 -1855.333870 -1861.815168 -1840.853509 -1136.160349 -1134.440331 -1123.478184 -1116.457456 -1113.161724 -1112.669182 -1112.617310 -1112.623623 -1112.638545 -1112.654532 -1112.669892 -1112.684114 -1112.697286 -1112.712329 -1112.757035 -1113.052867 -1114.813058 -1118.748697 -1124.569701 -1118.492766 -1819.029073 -1856.395281 -1854.146777 -1853.247789 -1853.082255 -1853.056009 -1853.052482 -1853.052687 -1853.053415 -1853.054085 -1853.054615 -1853.055019 -1853.055329 -1853.055569 -1853.055759 -1853.055913 -1853.056041 -1853.056156 -1853.056268 -1853.056394 -1853.056552 -1853.056772 -1853.057098 -1853.057599 -1853.058389 -1853.059654 -1853.061713 -1853.065124 -1853.070902 -1853.080949 -1853.098941 -1853.132128 -1853.195040 -1853.317296 -1853.561255 -1854.066252 -1855.170518 -1857.778996 -1864.687415 -1886.875622 -9999.0 -9999.0
-9999.0 -9999.0 -9999.0 -9999.0 -9999.0 -9999.0 -9999.0 -9999.0 -9999.0 -9999.0 -9999.0 -9999.0 -9999.0 -9999.0 -9999.0 -9999.0 -9999.0 -9999.0 -9999.0 -9999.0 -9999.0 -9999.0 -9999.0 -9999.0 -9999.0 -9999.0 -9999.0 -9999.0 -9999.0 -9999.0 -9999.0 -9999.0 -9999.0 -9999.0 -9999.0 -9999.0 -9999.0 -9999.0 -9999.0 -9999.0 -9999.0 -9999.0 -9999.0 -9999.0 -9999.0 -9999.0 -9999.0 -9999.0 -9999.0 -9999.0 -9999.0 -9999.0 -9999.0 -9999.0 -9999.0 -9999.0 -9999.0 -9999.0 -9999.0 -9999.0 -9999.0 -9999.0 -9999.0 -9999.0 -9999.0 -9999.0 -9999.0 -9999.0 -9999.0 -9999.0 -9999.0 -9999.0 -9999.0 -9999.0 -9999.0 -9999.0 -9999.0 -9999.0 -9999.0 -9999.0 -9999.0 -9999.0 -9999.0 -9999.0 -9999.0 -9999.0 -9999.0 -9999.0 -9999.0 -9999.0 -9999.0 -9999.0 -9999.0 -9999.0 -9999.0 -9999.0 -9999.0 -9999.0 -9999.0 -9999.0 -9999.0 -9999.0 -9999.0 -9999.0
-9999.0 -9999.0 -9999.0 -9999.0 -9999.0 -9999.0 -9999.0 -9999.0 -9999.0 -9999.0 -9999.0 -9999.0 -9999.0 -9999.0 -9999.0 -9999.0 -9999.0 -9999.0 -9999.0 -9999.0 -9999.0 -9999.0 -9999.0 -9999.0 -9999.0 -9999.0 -9999.0 -9999.0 -9999.0 -9999.0 -9999.0 -9999.0 -9999.0 -9999.0 -9999.0 -9999.0 -9999.0 -9999.0 -9999.0 -9999.0 -9999.0 -9999.0 -9999.0 -9999.0 -9999.0 -9999.0 -9999.0 -9999.0 -9999.0 -9999.0 -9999.0 -9999.0 -9999.0 -9999.0 -9999.0 -9999.0 -9999.0 -9999.0 -9999.0 -9999.0 -9999.0 -9999.0 -9999.0 -9999.0 -9999.0 -9999.0 -9999.0 -9999.0 -9999.0 -9999.0 -9999.0 -9999.0 -9999.0 -9999.0 -9999.0 -9999.0 -9999.0 -9999.0 -9999.0 -9999.0 -9999.0 -9999.0 -9999.0 -9999.0 -9999.0 -9999.0 -9999.0 -9999.0 -9999.0 -9999.0 -9999.0 -9999.0 -9999.0 -9999.0 -9999.0 -9999.0 -9999.0 -9999.0 -9999.0 -9999.0 -9999.0 -9999.0 -9999.0 -9999.0