inst/processing_geotop_simulation/geotop_simulation/out/maps3D/PwL0014N0291.asc
ncols         104
nrows         10
xllcorner     -2.000000
yllcorner     0.000000
cellsize      1.000000
NODATA_value  -9999.0
-9999.0 -9999.0 -9999.0 -9999.0 -9999.0 -9999.0 -9999.0 -9999.0 -9999.0 -9999.0 -9999.0 -9999.0 -9999.0 -9999.0 -9999.0 -9999.0 -9999.0 -9999.0 -9999.0 -9999.0 -9999.0 -9999.0 -9999.0 -9999.0 -9999.0 -9999.0 -9999.0 -9999.0 -9999.0 -9999.0 -9999.0 -9999.0 -9999.0 -9999.0 -9999.0 -9999.0 -9999.0 -9999.0 -9999.0 -9999.0 -9999.0 -9999.0 -9999.0 -9999.0 -9999.0 -9999.0 -9999.0 -9999.0 -9999.0 -9999.0 -9999.0 -9999.0 -9999.0 -9999.0 -9999.0 -9999.0 -9999.0 -9999.0 -9999.0 -9999.0 -9999.0 -9999.0 -9999.0 -9999.0 -9999.0 -9999.0 -9999.0 -9999.0 -9999.0 -9999.0 -9999.0 -9999.0 -9999.0 -9999.0 -9999.0 -9999.0 -9999.0 -9999.0 -9999.0 -9999.0 -9999.0 -9999.0 -9999.0 -9999.0 -9999.0 -9999.0 -9999.0 -9999.0 -9999.0 -9999.0 -9999.0 -9999.0 -9999.0 -9999.0 -9999.0 -9999.0 -9999.0 -9999.0 -9999.0 -9999.0 -9999.0 -9999.0 -9999.0 -9999.0
-9999.0 -9999.0 -9999.0 -9999.0 -9999.0 -9999.0 -9999.0 -9999.0 -9999.0 -9999.0 -9999.0 -9999.0 -9999.0 -9999.0 -9999.0 -9999.0 -9999.0 -9999.0 -9999.0 -9999.0 -9999.0 -9999.0 -9999.0 -9999.0 -9999.0 -9999.0 -9999.0 -9999.0 -9999.0 -9999.0 -9999.0 -9999.0 -9999.0 -9999.0 -9999.0 -9999.0 -9999.0 -9999.0 -9999.0 -9999.0 -9999.0 -9999.0 -9999.0 -9999.0 -9999.0 -9999.0 -9999.0 -9999.0 -9999.0 -9999.0 -9999.0 -9999.0 -9999.0 -9999.0 -9999.0 -9999.0 -9999.0 -9999.0 -9999.0 -9999.0 -9999.0 -9999.0 -9999.0 -9999.0 -9999.0 -9999.0 -9999.0 -9999.0 -9999.0 -9999.0 -9999.0 -9999.0 -9999.0 -9999.0 -9999.0 -9999.0 -9999.0 -9999.0 -9999.0 -9999.0 -9999.0 -9999.0 -9999.0 -9999.0 -9999.0 -9999.0 -9999.0 -9999.0 -9999.0 -9999.0 -9999.0 -9999.0 -9999.0 -9999.0 -9999.0 -9999.0 -9999.0 -9999.0 -9999.0 -9999.0 -9999.0 -9999.0 -9999.0 -9999.0
-9999.0 -9999.0 673.324017 575.596559 477.376038 378.824782 280.119398 181.348008 82.554616 -16.234904 -115.005079 -213.747743 -312.432484 -410.996944 -509.328312 -607.264574 -704.519680 -802.058815 -899.253442 -996.018444 -1092.181037 -1182.418262 -1266.182951 -1340.886358 -1404.681826 -1456.883806 -1497.953942 -1529.175380 -1552.231421 -1568.854986 -1580.610657 -1588.796655 -1594.428642 -1598.268003 -1600.868142 -1602.624541 -1603.827096 -1604.745338 -1605.903166 -1609.047497 -1619.418023 -1649.249199 -1920.573505 -4215.612251 -4255.789625 -4219.353859 -4189.060302 -4184.297561 -4183.806303 -4183.858036 -4183.986624 -4184.124136 -4184.255951 -4184.377769 -4184.490265 -4184.617297 -4184.994853 -4187.647175 -4204.760656 -4233.372947 -4149.263978 -1723.899451 -1611.946995 -1611.571786 -1607.756674 -1606.579952 -1606.343295 -1606.303317 -1606.297427 -1606.297103 -1606.297610 -1606.298144 -1606.298581 -1606.298921 -1606.299187 -1606.299397 -1606.299567 -1606.299708 -1606.299829 -1606.299939 -1606.300049 -1606.300170 -1606.300319 -1606.300521 -1606.300812 -1606.301252 -1606.301937 -1606.303027 -1606.304796 -1606.307731 -1606.312724 -1606.321463 -1606.337232 -1606.366569 -1606.422777 -1606.533770 -1606.761145 -1607.250575 -1608.373461 -1611.155085 -1618.774616 -1643.008557 -9999.0 -9999.0
-9999.0 -9999.0 673.328566 575.598030 477.376477 378.824919 280.119442 181.348024 82.554621 -16.234902 -115.005078 -213.747742 -312.432484 -410.996944 -509.328312 -607.264574 -704.519681 -802.058815 -899.253442 -996.018444 -1092.181037 -1182.418262 -1266.182952 -1340.886358 -1404.681826 -1456.883806 -1497.953942 -1529.175380 -1552.231421 -1568.854986 -1580.610657 -1588.796655 -1594.428642 -1598.268003 -1600.868142 -1602.624541 -1603.827096 -1604.745338 -1605.903166 -1609.047497 -1619.418023 -1649.249199 -1920.573504 -4215.612251 -4255.789624 -4219.353857 -4189.060302 -4184.297561 -4183.806303 -4183.858036 -4183.986624 -4184.124136 -4184.255951 -4184.377769 -4184.490265 -4184.617297 -4184.994853 -4187.647175 -4204.760656 -4233.372947 -4149.263978 -1723.899451 -1611.946995 -1611.571786 -1607.756674 -1606.579952 -1606.343295 -1606.303317 -1606.297427 -1606.297103 -1606.297610 -1606.298144 -1606.298581 -1606.298921 -1606.299187 -1606.299397 -1606.299567 -1606.299708 -1606.299829 -1606.299939 -1606.300049 -1606.300170 -1606.300319 -1606.300521 -1606.300812 -1606.301252 -1606.301937 -1606.303027 -1606.304796 -1606.307731 -1606.312724 -1606.321463 -1606.337232 -1606.366569 -1606.422777 -1606.533770 -1606.761145 -1607.250575 -1608.373461 -1611.155085 -1618.774616 -1643.008557 -9999.0 -9999.0
-9999.0 -9999.0 673.329929 575.598743 477.376768 378.825028 280.119482 181.348038 82.554627 -16.234900 -115.005077 -213.747742 -312.432484 -410.996944 -509.328312 -607.264574 -704.519681 -802.058815 -899.253442 -996.018444 -1092.181038 -1182.418262 -1266.182952 -1340.886358 -1404.681827 -1456.883806 -1497.953942 -1529.175380 -1552.231421 -1568.854986 -1580.610657 -1588.796655 -1594.428642 -1598.268003 -1600.868142 -1602.624541 -1603.827096 -1604.745338 -1605.903166 -1609.047497 -1619.418023 -1649.249199 -1920.573504 -4215.612251 -4255.789624 -4219.353856 -4189.060302 -4184.297561 -4183.806303 -4183.858036 -4183.986624 -4184.124136 -4184.255951 -4184.377769 -4184.490265 -4184.617297 -4184.994853 -4187.647175 -4204.760656 -4233.372947 -4149.263978 -1723.899451 -1611.946995 -1611.571786 -1607.756674 -1606.579952 -1606.343295 -1606.303317 -1606.297427 -1606.297103 -1606.297610 -1606.298144 -1606.298581 -1606.298921 -1606.299187 -1606.299397 -1606.299567 -1606.299708 -1606.299829 -1606.299939 -1606.300049 -1606.300170 -1606.300319 -1606.300521 -1606.300812 -1606.301252 -1606.301937 -1606.303027 -1606.304796 -1606.307731 -1606.312724 -1606.321463 -1606.337232 -1606.366569 -1606.422777 -1606.533770 -1606.761145 -1607.250575 -1608.373461 -1611.155085 -1618.774616 -1643.008557 -9999.0 -9999.0
-9999.0 -9999.0 673.329929 575.598743 477.376768 378.825028 280.119482 181.348038 82.554627 -16.234900 -115.005077 -213.747742 -312.432484 -410.996944 -509.328312 -607.264574 -704.519681 -802.058815 -899.253442 -996.018444 -1092.181038 -1182.418262 -1266.182952 -1340.886358 -1404.681827 -1456.883806 -1497.953942 -1529.175380 -1552.231421 -1568.854986 -1580.610657 -1588.796655 -1594.428642 -1598.268003 -1600.868142 -1602.624541 -1603.827096 -1604.745338 -1605.903166 -1609.047497 -1619.418023 -1649.249199 -1920.573504 -4215.612251 -4255.789624 -4219.353856 -4189.060302 -4184.297561 -4183.806303 -4183.858036 -4183.986624 -4184.124136 -4184.255951 -4184.377769 -4184.490265 -4184.617297 -4184.994853 -4187.647175 -4204.760656 -4233.372947 -4149.263978 -1723.899451 -1611.946995 -1611.571786 -1607.756674 -1606.579952 -1606.343295 -1606.303317 -1606.297427 -1606.297103 -1606.297610 -1606.298144 -1606.298581 -1606.298921 -1606.299187 -1606.299397 -1606.299567 -1606.299708 -1606.299829 -1606.299939 -1606.300049 -1606.300170 -1606.300319 -1606.300521 -1606.300812 -1606.301252 -1606.301937 -1606.303027 -1606.304796 -1606.307731 -1606.312724 -1606.321463 -1606.337232 -1606.366569 -1606.422777 -1606.533770 -1606.761145 -1607.250575 -1608.373461 -1611.155085 -1618.774616 -1643.008557 -9999.0 -9999.0
-9999.0 -9999.0 673.328566 575.598030 477.376477 378.824919 280.119442 181.348024 82.554621 -16.234902 -115.005078 -213.747742 -312.432484 -410.996944 -509.328312 -607.264574 -704.519681 -802.058815 -899.253442 -996.018444 -1092.181037 -1182.418262 -1266.182952 -1340.886358 -1404.681826 -1456.883806 -1497.953942 -1529.175380 -1552.231421 -1568.854986 -1580.610657 -1588.796655 -1594.428642 -1598.268003 -1600.868142 -1602.624541 -1603.827096 -1604.745338 -1605.903166 -1609.047497 -1619.418023 -1649.249199 -1920.573504 -4215.612251 -4255.789624 -4219.353857 -4189.060302 -4184.297561 -4183.806303 -4183.858036 -4183.986624 -4184.124136 -4184.255951 -4184.377769 -4184.490265 -4184.617297 -4184.994853 -4187.647175 -4204.760656 -4233.372947 -4149.263978 -1723.899451 -1611.946995 -1611.571786 -1607.756674 -1606.579952 -1606.343295 -1606.303317 -1606.297427 -1606.297103 -1606.297610 -1606.298144 -1606.298581 -1606.298921 -1606.299187 -1606.299397 -1606.299567 -1606.299708 -1606.299829 -1606.299939 -1606.300049 -1606.300170 -1606.300319 -1606.300521 -1606.300812 -1606.301252 -1606.301937 -1606.303027 -1606.304796 -1606.307731 -1606.312724 -1606.321463 -1606.337232 -1606.366569 -1606.422777 -1606.533770 -1606.761145 -1607.250575 -1608.373461 -1611.155085 -1618.774616 -1643.008557 -9999.0 -9999.0
-9999.0 -9999.0 673.324017 575.596559 477.376038 378.824782 280.119398 181.348008 82.554616 -16.234904 -115.005079 -213.747743 -312.432484 -410.996944 -509.328312 -607.264574 -704.519680 -802.058815 -899.253442 -996.018444 -1092.181037 -1182.418262 -1266.182951 -1340.886358 -1404.681826 -1456.883806 -1497.953942 -1529.175380 -1552.231421 -1568.854986 -1580.610657 -1588.796655 -1594.428642 -1598.268003 -1600.868142 -1602.624541 -1603.827096 -1604.745338 -1605.903166 -1609.047497 -1619.418023 -1649.249199 -1920.573505 -4215.612251 -4255.789625 -4219.353859 -4189.060302 -4184.297561 -4183.806303 -4183.858036 -4183.986624 -4184.124136 -4184.255951 -4184.377769 -4184.490265 -4184.617297 -4184.994853 -4187.647175 -4204.760656 -4233.372947 -4149.263978 -1723.899451 -1611.946995 -1611.571786 -1607.756674 -1606.579952 -1606.343295 -1606.303317 -1606.297427 -1606.297103 -1606.297610 -1606.298144 -1606.298581 -1606.298921 -1606.299187 -1606.299397 -1606.299567 -1606.299708 -1606.299829 -1606.299939 -1606.300049 -1606.300170 -1606.300319 -1606.300521 -1606.300812 -1606.301252 -1606.301937 -1606.303027 -1606.304796 -1606.307731 -1606.312724 -1606.321463 -1606.337232 -1606.366569 -1606.422777 -1606.533770 -1606.761145 -1607.250575 -1608.373461 -1611.155085 -1618.774616 -1643.008557 -9999.0 -9999.0
-9999.0 -9999.0 -9999.0 -9999.0 -9999.0 -9999.0 -9999.0 -9999.0 -9999.0 -9999.0 -9999.0 -9999.0 -9999.0 -9999.0 -9999.0 -9999.0 -9999.0 -9999.0 -9999.0 -9999.0 -9999.0 -9999.0 -9999.0 -9999.0 -9999.0 -9999.0 -9999.0 -9999.0 -9999.0 -9999.0 -9999.0 -9999.0 -9999.0 -9999.0 -9999.0 -9999.0 -9999.0 -9999.0 -9999.0 -9999.0 -9999.0 -9999.0 -9999.0 -9999.0 -9999.0 -9999.0 -9999.0 -9999.0 -9999.0 -9999.0 -9999.0 -9999.0 -9999.0 -9999.0 -9999.0 -9999.0 -9999.0 -9999.0 -9999.0 -9999.0 -9999.0 -9999.0 -9999.0 -9999.0 -9999.0 -9999.0 -9999.0 -9999.0 -9999.0 -9999.0 -9999.0 -9999.0 -9999.0 -9999.0 -9999.0 -9999.0 -9999.0 -9999.0 -9999.0 -9999.0 -9999.0 -9999.0 -9999.0 -9999.0 -9999.0 -9999.0 -9999.0 -9999.0 -9999.0 -9999.0 -9999.0 -9999.0 -9999.0 -9999.0 -9999.0 -9999.0 -9999.0 -9999.0 -9999.0 -9999.0 -9999.0 -9999.0 -9999.0 -9999.0
-9999.0 -9999.0 -9999.0 -9999.0 -9999.0 -9999.0 -9999.0 -9999.0 -9999.0 -9999.0 -9999.0 -9999.0 -9999.0 -9999.0 -9999.0 -9999.0 -9999.0 -9999.0 -9999.0 -9999.0 -9999.0 -9999.0 -9999.0 -9999.0 -9999.0 -9999.0 -9999.0 -9999.0 -9999.0 -9999.0 -9999.0 -9999.0 -9999.0 -9999.0 -9999.0 -9999.0 -9999.0 -9999.0 -9999.0 -9999.0 -9999.0 -9999.0 -9999.0 -9999.0 -9999.0 -9999.0 -9999.0 -9999.0 -9999.0 -9999.0 -9999.0 -9999.0 -9999.0 -9999.0 -9999.0 -9999.0 -9999.0 -9999.0 -9999.0 -9999.0 -9999.0 -9999.0 -9999.0 -9999.0 -9999.0 -9999.0 -9999.0 -9999.0 -9999.0 -9999.0 -9999.0 -9999.0 -9999.0 -9999.0 -9999.0 -9999.0 -9999.0 -9999.0 -9999.0 -9999.0 -9999.0 -9999.0 -9999.0 -9999.0 -9999.0 -9999.0 -9999.0 -9999.0 -9999.0 -9999.0 -9999.0 -9999.0 -9999.0 -9999.0 -9999.0 -9999.0 -9999.0 -9999.0 -9999.0 -9999.0 -9999.0 -9999.0 -9999.0 -9999.0