inst/processing_geotop_simulation/geotop_simulation/out/maps3D/PwL0020N0062.asc
ncols         104
nrows         10
xllcorner     -2.000000
yllcorner     0.000000
cellsize      1.000000
NODATA_value  -9999.0
-9999.0 -9999.0 -9999.0 -9999.0 -9999.0 -9999.0 -9999.0 -9999.0 -9999.0 -9999.0 -9999.0 -9999.0 -9999.0 -9999.0 -9999.0 -9999.0 -9999.0 -9999.0 -9999.0 -9999.0 -9999.0 -9999.0 -9999.0 -9999.0 -9999.0 -9999.0 -9999.0 -9999.0 -9999.0 -9999.0 -9999.0 -9999.0 -9999.0 -9999.0 -9999.0 -9999.0 -9999.0 -9999.0 -9999.0 -9999.0 -9999.0 -9999.0 -9999.0 -9999.0 -9999.0 -9999.0 -9999.0 -9999.0 -9999.0 -9999.0 -9999.0 -9999.0 -9999.0 -9999.0 -9999.0 -9999.0 -9999.0 -9999.0 -9999.0 -9999.0 -9999.0 -9999.0 -9999.0 -9999.0 -9999.0 -9999.0 -9999.0 -9999.0 -9999.0 -9999.0 -9999.0 -9999.0 -9999.0 -9999.0 -9999.0 -9999.0 -9999.0 -9999.0 -9999.0 -9999.0 -9999.0 -9999.0 -9999.0 -9999.0 -9999.0 -9999.0 -9999.0 -9999.0 -9999.0 -9999.0 -9999.0 -9999.0 -9999.0 -9999.0 -9999.0 -9999.0 -9999.0 -9999.0 -9999.0 -9999.0 -9999.0 -9999.0 -9999.0 -9999.0
-9999.0 -9999.0 -9999.0 -9999.0 -9999.0 -9999.0 -9999.0 -9999.0 -9999.0 -9999.0 -9999.0 -9999.0 -9999.0 -9999.0 -9999.0 -9999.0 -9999.0 -9999.0 -9999.0 -9999.0 -9999.0 -9999.0 -9999.0 -9999.0 -9999.0 -9999.0 -9999.0 -9999.0 -9999.0 -9999.0 -9999.0 -9999.0 -9999.0 -9999.0 -9999.0 -9999.0 -9999.0 -9999.0 -9999.0 -9999.0 -9999.0 -9999.0 -9999.0 -9999.0 -9999.0 -9999.0 -9999.0 -9999.0 -9999.0 -9999.0 -9999.0 -9999.0 -9999.0 -9999.0 -9999.0 -9999.0 -9999.0 -9999.0 -9999.0 -9999.0 -9999.0 -9999.0 -9999.0 -9999.0 -9999.0 -9999.0 -9999.0 -9999.0 -9999.0 -9999.0 -9999.0 -9999.0 -9999.0 -9999.0 -9999.0 -9999.0 -9999.0 -9999.0 -9999.0 -9999.0 -9999.0 -9999.0 -9999.0 -9999.0 -9999.0 -9999.0 -9999.0 -9999.0 -9999.0 -9999.0 -9999.0 -9999.0 -9999.0 -9999.0 -9999.0 -9999.0 -9999.0 -9999.0 -9999.0 -9999.0 -9999.0 -9999.0 -9999.0 -9999.0
-9999.0 -9999.0 335.444120 236.078219 137.446626 39.608850 -57.441143 -154.358246 -252.663606 -354.699805 -461.497782 -568.048127 -659.261013 -711.991632 -733.043913 -739.815757 -739.507445 -736.801198 -734.103552 -732.553028 -779.819035 -824.364805 -867.334496 -910.204269 -879.178911 -861.656626 -852.646136 -848.843581 -848.067493 -848.910388 -850.487731 -852.267787 -853.956603 -855.415116 -856.599459 -857.521029 -858.230810 -858.824722 -859.380117 -860.219644 -867.542379 -957.304224 -2206.570019 -3983.299329 -3985.148487 -3985.148515 -3985.148508 -3985.148363 -3985.147189 -3985.141593 -3985.120429 -3985.036548 -3984.861481 -3984.596228 -3984.090385 -3982.949587 -3979.961235 -3971.178886 -3944.042969 -3864.674564 -3665.018563 -1930.769331 -927.784262 -865.811770 -860.866512 -860.257273 -860.140216 -860.118259 -860.116903 -860.119476 -860.122285 -860.124596 -860.126371 -860.127718 -860.128751 -860.129556 -860.130196 -860.130714 -860.131144 -860.131522 -860.131888 -860.132288 -860.132786 -860.133470 -860.134476 -860.136017 -860.138430 -860.142271 -860.148470 -860.158628 -860.175589 -860.204598 -860.255653 -860.348354 -860.521794 -860.854613 -861.506623 -862.815512 -865.576004 -872.001594 -888.955753 -934.100202 -9999.0 -9999.0
-9999.0 -9999.0 335.444121 236.078220 137.446627 39.608851 -57.441143 -154.358246 -252.663605 -354.699805 -461.497782 -568.048126 -659.261012 -711.991632 -733.043913 -739.815757 -739.507445 -736.801198 -734.103552 -732.553028 -779.819035 -824.364805 -867.334496 -910.204269 -879.178911 -861.656626 -852.646136 -848.843581 -848.067493 -848.910388 -850.487731 -852.267787 -853.956603 -855.415116 -856.599459 -857.521029 -858.230810 -858.824722 -859.380117 -860.219644 -867.542379 -957.304224 -2206.570019 -3983.299329 -3985.148487 -3985.148515 -3985.148508 -3985.148363 -3985.147189 -3985.141593 -3985.120429 -3985.036548 -3984.861481 -3984.596228 -3984.090385 -3982.949587 -3979.961235 -3971.178886 -3944.042969 -3864.674564 -3665.018563 -1930.769331 -927.784262 -865.811770 -860.866512 -860.257273 -860.140216 -860.118259 -860.116903 -860.119476 -860.122285 -860.124596 -860.126371 -860.127718 -860.128751 -860.129556 -860.130196 -860.130714 -860.131144 -860.131522 -860.131888 -860.132288 -860.132786 -860.133470 -860.134476 -860.136017 -860.138430 -860.142271 -860.148470 -860.158628 -860.175589 -860.204598 -860.255653 -860.348354 -860.521794 -860.854613 -861.506623 -862.815512 -865.576004 -872.001594 -888.955753 -934.100202 -9999.0 -9999.0
-9999.0 -9999.0 335.444121 236.078220 137.446628 39.608851 -57.441143 -154.358246 -252.663605 -354.699805 -461.497781 -568.048126 -659.261012 -711.991632 -733.043913 -739.815757 -739.507445 -736.801198 -734.103552 -732.553028 -779.819035 -824.364805 -867.334496 -910.204269 -879.178911 -861.656626 -852.646136 -848.843581 -848.067493 -848.910388 -850.487731 -852.267787 -853.956603 -855.415116 -856.599459 -857.521029 -858.230810 -858.824722 -859.380117 -860.219644 -867.542379 -957.304224 -2206.570019 -3983.299329 -3985.148487 -3985.148515 -3985.148508 -3985.148363 -3985.147189 -3985.141593 -3985.120429 -3985.036548 -3984.861481 -3984.596228 -3984.090385 -3982.949587 -3979.961235 -3971.178886 -3944.042969 -3864.674564 -3665.018563 -1930.769331 -927.784262 -865.811770 -860.866512 -860.257273 -860.140216 -860.118259 -860.116903 -860.119476 -860.122285 -860.124596 -860.126371 -860.127718 -860.128751 -860.129556 -860.130196 -860.130714 -860.131144 -860.131522 -860.131888 -860.132288 -860.132786 -860.133470 -860.134476 -860.136017 -860.138430 -860.142271 -860.148470 -860.158628 -860.175589 -860.204598 -860.255653 -860.348354 -860.521794 -860.854613 -861.506623 -862.815512 -865.576004 -872.001594 -888.955753 -934.100202 -9999.0 -9999.0
-9999.0 -9999.0 335.444121 236.078220 137.446628 39.608851 -57.441142 -154.358246 -252.663605 -354.699805 -461.497781 -568.048126 -659.261012 -711.991632 -733.043913 -739.815757 -739.507445 -736.801198 -734.103552 -732.553028 -779.819035 -824.364805 -867.334496 -910.204269 -879.178911 -861.656626 -852.646136 -848.843581 -848.067493 -848.910388 -850.487731 -852.267787 -853.956603 -855.415116 -856.599459 -857.521029 -858.230810 -858.824722 -859.380117 -860.219644 -867.542379 -957.304224 -2206.570019 -3983.299329 -3985.148487 -3985.148515 -3985.148508 -3985.148363 -3985.147189 -3985.141593 -3985.120429 -3985.036548 -3984.861481 -3984.596228 -3984.090385 -3982.949587 -3979.961235 -3971.178886 -3944.042969 -3864.674564 -3665.018563 -1930.769331 -927.784262 -865.811770 -860.866512 -860.257273 -860.140216 -860.118259 -860.116903 -860.119476 -860.122285 -860.124596 -860.126371 -860.127718 -860.128751 -860.129556 -860.130196 -860.130714 -860.131144 -860.131522 -860.131888 -860.132288 -860.132786 -860.133470 -860.134476 -860.136017 -860.138430 -860.142271 -860.148470 -860.158628 -860.175589 -860.204598 -860.255653 -860.348354 -860.521794 -860.854613 -861.506623 -862.815512 -865.576004 -872.001594 -888.955753 -934.100202 -9999.0 -9999.0
-9999.0 -9999.0 335.444120 236.078220 137.446627 39.608851 -57.441143 -154.358246 -252.663605 -354.699805 -461.497782 -568.048126 -659.261012 -711.991632 -733.043913 -739.815757 -739.507445 -736.801198 -734.103552 -732.553028 -779.819035 -824.364805 -867.334496 -910.204269 -879.178911 -861.656626 -852.646136 -848.843581 -848.067493 -848.910388 -850.487731 -852.267787 -853.956603 -855.415116 -856.599459 -857.521029 -858.230810 -858.824722 -859.380117 -860.219644 -867.542379 -957.304224 -2206.570019 -3983.299329 -3985.148487 -3985.148515 -3985.148508 -3985.148363 -3985.147189 -3985.141593 -3985.120429 -3985.036548 -3984.861481 -3984.596228 -3984.090385 -3982.949587 -3979.961235 -3971.178886 -3944.042969 -3864.674564 -3665.018563 -1930.769331 -927.784262 -865.811770 -860.866512 -860.257273 -860.140216 -860.118259 -860.116903 -860.119476 -860.122285 -860.124596 -860.126371 -860.127718 -860.128751 -860.129556 -860.130196 -860.130714 -860.131144 -860.131522 -860.131888 -860.132288 -860.132786 -860.133470 -860.134476 -860.136017 -860.138430 -860.142271 -860.148470 -860.158628 -860.175589 -860.204598 -860.255653 -860.348354 -860.521794 -860.854613 -861.506623 -862.815512 -865.576004 -872.001594 -888.955753 -934.100202 -9999.0 -9999.0
-9999.0 -9999.0 335.444120 236.078219 137.446627 39.608850 -57.441143 -154.358246 -252.663606 -354.699805 -461.497782 -568.048127 -659.261013 -711.991632 -733.043913 -739.815757 -739.507445 -736.801198 -734.103552 -732.553028 -779.819035 -824.364805 -867.334496 -910.204269 -879.178911 -861.656626 -852.646136 -848.843581 -848.067493 -848.910388 -850.487731 -852.267787 -853.956603 -855.415116 -856.599459 -857.521029 -858.230810 -858.824722 -859.380117 -860.219644 -867.542379 -957.304224 -2206.570019 -3983.299329 -3985.148487 -3985.148515 -3985.148508 -3985.148363 -3985.147189 -3985.141593 -3985.120429 -3985.036548 -3984.861481 -3984.596228 -3984.090385 -3982.949587 -3979.961235 -3971.178886 -3944.042969 -3864.674564 -3665.018564 -1930.769331 -927.784262 -865.811770 -860.866512 -860.257273 -860.140216 -860.118259 -860.116903 -860.119476 -860.122285 -860.124596 -860.126371 -860.127718 -860.128751 -860.129556 -860.130196 -860.130714 -860.131144 -860.131522 -860.131888 -860.132288 -860.132786 -860.133470 -860.134476 -860.136017 -860.138430 -860.142271 -860.148470 -860.158628 -860.175589 -860.204598 -860.255653 -860.348354 -860.521794 -860.854613 -861.506623 -862.815512 -865.576004 -872.001594 -888.955753 -934.100202 -9999.0 -9999.0
-9999.0 -9999.0 -9999.0 -9999.0 -9999.0 -9999.0 -9999.0 -9999.0 -9999.0 -9999.0 -9999.0 -9999.0 -9999.0 -9999.0 -9999.0 -9999.0 -9999.0 -9999.0 -9999.0 -9999.0 -9999.0 -9999.0 -9999.0 -9999.0 -9999.0 -9999.0 -9999.0 -9999.0 -9999.0 -9999.0 -9999.0 -9999.0 -9999.0 -9999.0 -9999.0 -9999.0 -9999.0 -9999.0 -9999.0 -9999.0 -9999.0 -9999.0 -9999.0 -9999.0 -9999.0 -9999.0 -9999.0 -9999.0 -9999.0 -9999.0 -9999.0 -9999.0 -9999.0 -9999.0 -9999.0 -9999.0 -9999.0 -9999.0 -9999.0 -9999.0 -9999.0 -9999.0 -9999.0 -9999.0 -9999.0 -9999.0 -9999.0 -9999.0 -9999.0 -9999.0 -9999.0 -9999.0 -9999.0 -9999.0 -9999.0 -9999.0 -9999.0 -9999.0 -9999.0 -9999.0 -9999.0 -9999.0 -9999.0 -9999.0 -9999.0 -9999.0 -9999.0 -9999.0 -9999.0 -9999.0 -9999.0 -9999.0 -9999.0 -9999.0 -9999.0 -9999.0 -9999.0 -9999.0 -9999.0 -9999.0 -9999.0 -9999.0 -9999.0 -9999.0
-9999.0 -9999.0 -9999.0 -9999.0 -9999.0 -9999.0 -9999.0 -9999.0 -9999.0 -9999.0 -9999.0 -9999.0 -9999.0 -9999.0 -9999.0 -9999.0 -9999.0 -9999.0 -9999.0 -9999.0 -9999.0 -9999.0 -9999.0 -9999.0 -9999.0 -9999.0 -9999.0 -9999.0 -9999.0 -9999.0 -9999.0 -9999.0 -9999.0 -9999.0 -9999.0 -9999.0 -9999.0 -9999.0 -9999.0 -9999.0 -9999.0 -9999.0 -9999.0 -9999.0 -9999.0 -9999.0 -9999.0 -9999.0 -9999.0 -9999.0 -9999.0 -9999.0 -9999.0 -9999.0 -9999.0 -9999.0 -9999.0 -9999.0 -9999.0 -9999.0 -9999.0 -9999.0 -9999.0 -9999.0 -9999.0 -9999.0 -9999.0 -9999.0 -9999.0 -9999.0 -9999.0 -9999.0 -9999.0 -9999.0 -9999.0 -9999.0 -9999.0 -9999.0 -9999.0 -9999.0 -9999.0 -9999.0 -9999.0 -9999.0 -9999.0 -9999.0 -9999.0 -9999.0 -9999.0 -9999.0 -9999.0 -9999.0 -9999.0 -9999.0 -9999.0 -9999.0 -9999.0 -9999.0 -9999.0 -9999.0 -9999.0 -9999.0 -9999.0 -9999.0