inst/processing_geotop_simulation/geotop_simulation/out/maps3D/PwL0001N0247.asc
ncols         104
nrows         10
xllcorner     -2.000000
yllcorner     0.000000
cellsize      1.000000
NODATA_value  -9999.0
-9999.0 -9999.0 -9999.0 -9999.0 -9999.0 -9999.0 -9999.0 -9999.0 -9999.0 -9999.0 -9999.0 -9999.0 -9999.0 -9999.0 -9999.0 -9999.0 -9999.0 -9999.0 -9999.0 -9999.0 -9999.0 -9999.0 -9999.0 -9999.0 -9999.0 -9999.0 -9999.0 -9999.0 -9999.0 -9999.0 -9999.0 -9999.0 -9999.0 -9999.0 -9999.0 -9999.0 -9999.0 -9999.0 -9999.0 -9999.0 -9999.0 -9999.0 -9999.0 -9999.0 -9999.0 -9999.0 -9999.0 -9999.0 -9999.0 -9999.0 -9999.0 -9999.0 -9999.0 -9999.0 -9999.0 -9999.0 -9999.0 -9999.0 -9999.0 -9999.0 -9999.0 -9999.0 -9999.0 -9999.0 -9999.0 -9999.0 -9999.0 -9999.0 -9999.0 -9999.0 -9999.0 -9999.0 -9999.0 -9999.0 -9999.0 -9999.0 -9999.0 -9999.0 -9999.0 -9999.0 -9999.0 -9999.0 -9999.0 -9999.0 -9999.0 -9999.0 -9999.0 -9999.0 -9999.0 -9999.0 -9999.0 -9999.0 -9999.0 -9999.0 -9999.0 -9999.0 -9999.0 -9999.0 -9999.0 -9999.0 -9999.0 -9999.0 -9999.0 -9999.0
-9999.0 -9999.0 -9999.0 -9999.0 -9999.0 -9999.0 -9999.0 -9999.0 -9999.0 -9999.0 -9999.0 -9999.0 -9999.0 -9999.0 -9999.0 -9999.0 -9999.0 -9999.0 -9999.0 -9999.0 -9999.0 -9999.0 -9999.0 -9999.0 -9999.0 -9999.0 -9999.0 -9999.0 -9999.0 -9999.0 -9999.0 -9999.0 -9999.0 -9999.0 -9999.0 -9999.0 -9999.0 -9999.0 -9999.0 -9999.0 -9999.0 -9999.0 -9999.0 -9999.0 -9999.0 -9999.0 -9999.0 -9999.0 -9999.0 -9999.0 -9999.0 -9999.0 -9999.0 -9999.0 -9999.0 -9999.0 -9999.0 -9999.0 -9999.0 -9999.0 -9999.0 -9999.0 -9999.0 -9999.0 -9999.0 -9999.0 -9999.0 -9999.0 -9999.0 -9999.0 -9999.0 -9999.0 -9999.0 -9999.0 -9999.0 -9999.0 -9999.0 -9999.0 -9999.0 -9999.0 -9999.0 -9999.0 -9999.0 -9999.0 -9999.0 -9999.0 -9999.0 -9999.0 -9999.0 -9999.0 -9999.0 -9999.0 -9999.0 -9999.0 -9999.0 -9999.0 -9999.0 -9999.0 -9999.0 -9999.0 -9999.0 -9999.0 -9999.0 -9999.0
-9999.0 -9999.0 27.970969 -65.890585 -163.093355 -261.020170 -359.208276 -457.478307 -555.737612 -653.903729 -751.815212 -849.339956 -946.372126 -1042.752949 -1138.997196 -1234.980733 -1329.554210 -1422.112815 -1512.094052 -1597.879113 -1675.235375 -1739.803519 -1789.874670 -1826.582235 -1852.516454 -1870.448307 -1882.702909 -1891.018360 -1896.625852 -1900.381174 -1902.877455 -1904.524840 -1905.605156 -1906.310077 -1906.768698 -1907.069000 -1907.278403 -1907.483712 -1907.970550 -1909.994009 -1916.275627 -1892.549322 -1172.853938 -1169.517948 -1159.133002 -1152.479220 -1149.353753 -1148.884032 -1148.834459 -1148.840509 -1148.854802 -1148.870116 -1148.884831 -1148.898456 -1148.911076 -1148.925497 -1148.968374 -1149.251283 -1150.923533 -1154.660053 -1160.196820 -1156.152111 -1870.951046 -1910.851402 -1908.792505 -1907.897952 -1907.730834 -1907.704219 -1907.700622 -1907.700803 -1907.701516 -1907.702175 -1907.702696 -1907.703095 -1907.703400 -1907.703636 -1907.703824 -1907.703975 -1907.704102 -1907.704215 -1907.704326 -1907.704449 -1907.704606 -1907.704823 -1907.705144 -1907.705639 -1907.706419 -1907.707668 -1907.709701 -1907.713071 -1907.718779 -1907.728709 -1907.746496 -1907.779318 -1907.841560 -1907.962565 -1908.204198 -1908.704942 -1909.801648 -1912.397850 -1919.294583 -1941.510084 -9999.0 -9999.0
-9999.0 -9999.0 27.983774 -65.888455 -163.092824 -261.020016 -359.208227 -457.478290 -555.737606 -653.903727 -751.815211 -849.339956 -946.372126 -1042.752948 -1138.997196 -1234.980733 -1329.554211 -1422.112815 -1512.094052 -1597.879113 -1675.235376 -1739.803519 -1789.874670 -1826.582235 -1852.516454 -1870.448307 -1882.702909 -1891.018360 -1896.625852 -1900.381174 -1902.877455 -1904.524840 -1905.605156 -1906.310077 -1906.768698 -1907.069000 -1907.278403 -1907.483712 -1907.970550 -1909.994009 -1916.275627 -1892.549322 -1172.853938 -1169.517948 -1159.133002 -1152.479220 -1149.353753 -1148.884032 -1148.834459 -1148.840509 -1148.854802 -1148.870116 -1148.884831 -1148.898456 -1148.911076 -1148.925497 -1148.968374 -1149.251283 -1150.923533 -1154.660053 -1160.196820 -1156.152111 -1870.951046 -1910.851402 -1908.792505 -1907.897952 -1907.730834 -1907.704219 -1907.700622 -1907.700803 -1907.701516 -1907.702175 -1907.702696 -1907.703095 -1907.703400 -1907.703636 -1907.703824 -1907.703975 -1907.704102 -1907.704215 -1907.704326 -1907.704449 -1907.704606 -1907.704823 -1907.705144 -1907.705639 -1907.706419 -1907.707668 -1907.709701 -1907.713071 -1907.718779 -1907.728709 -1907.746496 -1907.779318 -1907.841560 -1907.962565 -1908.204198 -1908.704942 -1909.801648 -1912.397850 -1919.294583 -1941.510084 -9999.0 -9999.0
-9999.0 -9999.0 27.984957 -65.887604 -163.092489 -261.019895 -359.208184 -457.478275 -555.737600 -653.903725 -751.815210 -849.339955 -946.372126 -1042.752948 -1138.997196 -1234.980733 -1329.554211 -1422.112815 -1512.094052 -1597.879113 -1675.235376 -1739.803519 -1789.874670 -1826.582235 -1852.516454 -1870.448307 -1882.702909 -1891.018360 -1896.625852 -1900.381174 -1902.877455 -1904.524840 -1905.605156 -1906.310077 -1906.768698 -1907.069000 -1907.278403 -1907.483712 -1907.970550 -1909.994009 -1916.275627 -1892.549322 -1172.853938 -1169.517948 -1159.133002 -1152.479220 -1149.353753 -1148.884032 -1148.834459 -1148.840509 -1148.854802 -1148.870116 -1148.884831 -1148.898456 -1148.911076 -1148.925497 -1148.968374 -1149.251283 -1150.923533 -1154.660053 -1160.196820 -1156.152111 -1870.951046 -1910.851402 -1908.792505 -1907.897952 -1907.730834 -1907.704219 -1907.700622 -1907.700803 -1907.701516 -1907.702175 -1907.702696 -1907.703095 -1907.703400 -1907.703636 -1907.703824 -1907.703975 -1907.704102 -1907.704215 -1907.704326 -1907.704449 -1907.704606 -1907.704823 -1907.705144 -1907.705639 -1907.706419 -1907.707668 -1907.709701 -1907.713071 -1907.718779 -1907.728709 -1907.746496 -1907.779318 -1907.841560 -1907.962565 -1908.204198 -1908.704942 -1909.801648 -1912.397850 -1919.294583 -1941.510084 -9999.0 -9999.0
-9999.0 -9999.0 27.984957 -65.887604 -163.092489 -261.019895 -359.208184 -457.478275 -555.737600 -653.903725 -751.815210 -849.339955 -946.372126 -1042.752948 -1138.997196 -1234.980733 -1329.554211 -1422.112815 -1512.094052 -1597.879113 -1675.235376 -1739.803519 -1789.874670 -1826.582235 -1852.516454 -1870.448307 -1882.702909 -1891.018360 -1896.625852 -1900.381174 -1902.877455 -1904.524840 -1905.605156 -1906.310077 -1906.768698 -1907.069000 -1907.278403 -1907.483712 -1907.970550 -1909.994009 -1916.275627 -1892.549322 -1172.853938 -1169.517948 -1159.133002 -1152.479220 -1149.353753 -1148.884032 -1148.834459 -1148.840509 -1148.854802 -1148.870116 -1148.884831 -1148.898456 -1148.911076 -1148.925497 -1148.968374 -1149.251283 -1150.923533 -1154.660053 -1160.196820 -1156.152111 -1870.951046 -1910.851402 -1908.792505 -1907.897952 -1907.730834 -1907.704219 -1907.700622 -1907.700803 -1907.701516 -1907.702175 -1907.702696 -1907.703095 -1907.703400 -1907.703636 -1907.703824 -1907.703975 -1907.704102 -1907.704215 -1907.704326 -1907.704449 -1907.704606 -1907.704823 -1907.705144 -1907.705639 -1907.706419 -1907.707668 -1907.709701 -1907.713071 -1907.718779 -1907.728709 -1907.746496 -1907.779318 -1907.841560 -1907.962565 -1908.204198 -1908.704942 -1909.801648 -1912.397850 -1919.294583 -1941.510084 -9999.0 -9999.0
-9999.0 -9999.0 27.983774 -65.888454 -163.092824 -261.020016 -359.208227 -457.478290 -555.737606 -653.903727 -751.815211 -849.339956 -946.372126 -1042.752948 -1138.997196 -1234.980733 -1329.554211 -1422.112815 -1512.094052 -1597.879113 -1675.235376 -1739.803519 -1789.874670 -1826.582235 -1852.516454 -1870.448307 -1882.702909 -1891.018360 -1896.625852 -1900.381174 -1902.877455 -1904.524840 -1905.605156 -1906.310077 -1906.768698 -1907.069000 -1907.278403 -1907.483712 -1907.970550 -1909.994009 -1916.275627 -1892.549322 -1172.853938 -1169.517948 -1159.133002 -1152.479220 -1149.353753 -1148.884032 -1148.834459 -1148.840509 -1148.854802 -1148.870116 -1148.884831 -1148.898456 -1148.911076 -1148.925497 -1148.968374 -1149.251283 -1150.923533 -1154.660053 -1160.196820 -1156.152111 -1870.951046 -1910.851402 -1908.792505 -1907.897952 -1907.730834 -1907.704219 -1907.700622 -1907.700803 -1907.701516 -1907.702175 -1907.702696 -1907.703095 -1907.703400 -1907.703636 -1907.703824 -1907.703975 -1907.704102 -1907.704215 -1907.704326 -1907.704449 -1907.704606 -1907.704823 -1907.705144 -1907.705639 -1907.706419 -1907.707668 -1907.709701 -1907.713071 -1907.718779 -1907.728709 -1907.746496 -1907.779318 -1907.841560 -1907.962565 -1908.204198 -1908.704942 -1909.801648 -1912.397850 -1919.294583 -1941.510084 -9999.0 -9999.0
-9999.0 -9999.0 27.970969 -65.890585 -163.093355 -261.020170 -359.208276 -457.478307 -555.737612 -653.903729 -751.815212 -849.339956 -946.372126 -1042.752949 -1138.997196 -1234.980733 -1329.554210 -1422.112815 -1512.094052 -1597.879113 -1675.235375 -1739.803519 -1789.874670 -1826.582235 -1852.516454 -1870.448307 -1882.702909 -1891.018360 -1896.625852 -1900.381174 -1902.877455 -1904.524840 -1905.605156 -1906.310077 -1906.768698 -1907.069000 -1907.278403 -1907.483712 -1907.970550 -1909.994009 -1916.275627 -1892.549322 -1172.853938 -1169.517948 -1159.133002 -1152.479220 -1149.353753 -1148.884032 -1148.834459 -1148.840509 -1148.854802 -1148.870116 -1148.884831 -1148.898456 -1148.911076 -1148.925497 -1148.968374 -1149.251283 -1150.923533 -1154.660053 -1160.196820 -1156.152111 -1870.951046 -1910.851402 -1908.792505 -1907.897952 -1907.730834 -1907.704219 -1907.700622 -1907.700803 -1907.701516 -1907.702175 -1907.702696 -1907.703095 -1907.703400 -1907.703636 -1907.703824 -1907.703975 -1907.704102 -1907.704215 -1907.704326 -1907.704449 -1907.704606 -1907.704823 -1907.705144 -1907.705639 -1907.706419 -1907.707668 -1907.709701 -1907.713071 -1907.718779 -1907.728709 -1907.746496 -1907.779318 -1907.841560 -1907.962565 -1908.204198 -1908.704942 -1909.801648 -1912.397850 -1919.294583 -1941.510084 -9999.0 -9999.0
-9999.0 -9999.0 -9999.0 -9999.0 -9999.0 -9999.0 -9999.0 -9999.0 -9999.0 -9999.0 -9999.0 -9999.0 -9999.0 -9999.0 -9999.0 -9999.0 -9999.0 -9999.0 -9999.0 -9999.0 -9999.0 -9999.0 -9999.0 -9999.0 -9999.0 -9999.0 -9999.0 -9999.0 -9999.0 -9999.0 -9999.0 -9999.0 -9999.0 -9999.0 -9999.0 -9999.0 -9999.0 -9999.0 -9999.0 -9999.0 -9999.0 -9999.0 -9999.0 -9999.0 -9999.0 -9999.0 -9999.0 -9999.0 -9999.0 -9999.0 -9999.0 -9999.0 -9999.0 -9999.0 -9999.0 -9999.0 -9999.0 -9999.0 -9999.0 -9999.0 -9999.0 -9999.0 -9999.0 -9999.0 -9999.0 -9999.0 -9999.0 -9999.0 -9999.0 -9999.0 -9999.0 -9999.0 -9999.0 -9999.0 -9999.0 -9999.0 -9999.0 -9999.0 -9999.0 -9999.0 -9999.0 -9999.0 -9999.0 -9999.0 -9999.0 -9999.0 -9999.0 -9999.0 -9999.0 -9999.0 -9999.0 -9999.0 -9999.0 -9999.0 -9999.0 -9999.0 -9999.0 -9999.0 -9999.0 -9999.0 -9999.0 -9999.0 -9999.0 -9999.0
-9999.0 -9999.0 -9999.0 -9999.0 -9999.0 -9999.0 -9999.0 -9999.0 -9999.0 -9999.0 -9999.0 -9999.0 -9999.0 -9999.0 -9999.0 -9999.0 -9999.0 -9999.0 -9999.0 -9999.0 -9999.0 -9999.0 -9999.0 -9999.0 -9999.0 -9999.0 -9999.0 -9999.0 -9999.0 -9999.0 -9999.0 -9999.0 -9999.0 -9999.0 -9999.0 -9999.0 -9999.0 -9999.0 -9999.0 -9999.0 -9999.0 -9999.0 -9999.0 -9999.0 -9999.0 -9999.0 -9999.0 -9999.0 -9999.0 -9999.0 -9999.0 -9999.0 -9999.0 -9999.0 -9999.0 -9999.0 -9999.0 -9999.0 -9999.0 -9999.0 -9999.0 -9999.0 -9999.0 -9999.0 -9999.0 -9999.0 -9999.0 -9999.0 -9999.0 -9999.0 -9999.0 -9999.0 -9999.0 -9999.0 -9999.0 -9999.0 -9999.0 -9999.0 -9999.0 -9999.0 -9999.0 -9999.0 -9999.0 -9999.0 -9999.0 -9999.0 -9999.0 -9999.0 -9999.0 -9999.0 -9999.0 -9999.0 -9999.0 -9999.0 -9999.0 -9999.0 -9999.0 -9999.0 -9999.0 -9999.0 -9999.0 -9999.0 -9999.0 -9999.0