inst/processing_geotop_simulation/geotop_simulation/out/maps3D/PwL0005N0447.asc
ncols         104
nrows         10
xllcorner     -2.000000
yllcorner     0.000000
cellsize      1.000000
NODATA_value  -9999.0
-9999.0 -9999.0 -9999.0 -9999.0 -9999.0 -9999.0 -9999.0 -9999.0 -9999.0 -9999.0 -9999.0 -9999.0 -9999.0 -9999.0 -9999.0 -9999.0 -9999.0 -9999.0 -9999.0 -9999.0 -9999.0 -9999.0 -9999.0 -9999.0 -9999.0 -9999.0 -9999.0 -9999.0 -9999.0 -9999.0 -9999.0 -9999.0 -9999.0 -9999.0 -9999.0 -9999.0 -9999.0 -9999.0 -9999.0 -9999.0 -9999.0 -9999.0 -9999.0 -9999.0 -9999.0 -9999.0 -9999.0 -9999.0 -9999.0 -9999.0 -9999.0 -9999.0 -9999.0 -9999.0 -9999.0 -9999.0 -9999.0 -9999.0 -9999.0 -9999.0 -9999.0 -9999.0 -9999.0 -9999.0 -9999.0 -9999.0 -9999.0 -9999.0 -9999.0 -9999.0 -9999.0 -9999.0 -9999.0 -9999.0 -9999.0 -9999.0 -9999.0 -9999.0 -9999.0 -9999.0 -9999.0 -9999.0 -9999.0 -9999.0 -9999.0 -9999.0 -9999.0 -9999.0 -9999.0 -9999.0 -9999.0 -9999.0 -9999.0 -9999.0 -9999.0 -9999.0 -9999.0 -9999.0 -9999.0 -9999.0 -9999.0 -9999.0 -9999.0 -9999.0
-9999.0 -9999.0 -9999.0 -9999.0 -9999.0 -9999.0 -9999.0 -9999.0 -9999.0 -9999.0 -9999.0 -9999.0 -9999.0 -9999.0 -9999.0 -9999.0 -9999.0 -9999.0 -9999.0 -9999.0 -9999.0 -9999.0 -9999.0 -9999.0 -9999.0 -9999.0 -9999.0 -9999.0 -9999.0 -9999.0 -9999.0 -9999.0 -9999.0 -9999.0 -9999.0 -9999.0 -9999.0 -9999.0 -9999.0 -9999.0 -9999.0 -9999.0 -9999.0 -9999.0 -9999.0 -9999.0 -9999.0 -9999.0 -9999.0 -9999.0 -9999.0 -9999.0 -9999.0 -9999.0 -9999.0 -9999.0 -9999.0 -9999.0 -9999.0 -9999.0 -9999.0 -9999.0 -9999.0 -9999.0 -9999.0 -9999.0 -9999.0 -9999.0 -9999.0 -9999.0 -9999.0 -9999.0 -9999.0 -9999.0 -9999.0 -9999.0 -9999.0 -9999.0 -9999.0 -9999.0 -9999.0 -9999.0 -9999.0 -9999.0 -9999.0 -9999.0 -9999.0 -9999.0 -9999.0 -9999.0 -9999.0 -9999.0 -9999.0 -9999.0 -9999.0 -9999.0 -9999.0 -9999.0 -9999.0 -9999.0 -9999.0 -9999.0 -9999.0 -9999.0
-9999.0 -9999.0 224.348264 126.056163 27.004027 -72.281646 -171.657925 -271.069948 -370.490137 -469.899603 -569.277201 -668.576673 -767.775441 -866.903456 -965.972452 -1065.041407 -1163.967372 -1262.494608 -1360.432589 -1457.262440 -1551.923485 -1642.451430 -1725.995631 -1799.648139 -1861.524380 -1911.253753 -1949.752755 -1978.672101 -1999.883844 -2015.152810 -2025.982159 -2033.573124 -2038.844939 -2042.479601 -2044.972208 -2046.679319 -2047.869760 -2048.812014 -2049.998260 -2052.356781 -2052.322475 -1986.936948 -1231.503098 -1244.312172 -1230.889965 -1221.848618 -1217.605551 -1216.942141 -1216.869559 -1216.875249 -1216.892112 -1216.910345 -1216.927882 -1216.944132 -1216.959292 -1216.977608 -1217.038176 -1217.438878 -1219.709499 -1224.704190 -1230.702825 -1208.371484 -1959.625767 -2046.304963 -2051.061715 -2050.598113 -2050.385199 -2050.338608 -2050.330603 -2050.329714 -2050.329982 -2050.330366 -2050.330697 -2050.330959 -2050.331167 -2050.331334 -2050.331472 -2050.331588 -2050.331691 -2050.331786 -2050.331882 -2050.331987 -2050.332116 -2050.332287 -2050.332528 -2050.332887 -2050.333439 -2050.334311 -2050.335723 -2050.338067 -2050.342066 -2050.349101 -2050.361870 -2050.385782 -2050.431951 -2050.524078 -2050.715602 -2051.136137 -2052.127668 -2054.687746 -2062.107680 -2086.786310 -9999.0 -9999.0
-9999.0 -9999.0 224.356254 126.057897 27.004473 -72.281515 -171.657883 -271.069933 -370.490131 -469.899601 -569.277200 -668.576673 -767.775441 -866.903456 -965.972452 -1065.041407 -1163.967372 -1262.494608 -1360.432590 -1457.262440 -1551.923485 -1642.451430 -1725.995631 -1799.648139 -1861.524380 -1911.253753 -1949.752755 -1978.672101 -1999.883844 -2015.152810 -2025.982159 -2033.573124 -2038.844939 -2042.479601 -2044.972208 -2046.679319 -2047.869760 -2048.812014 -2049.998260 -2052.356781 -2052.322475 -1986.936948 -1231.503098 -1244.312172 -1230.889964 -1221.848618 -1217.605551 -1216.942141 -1216.869559 -1216.875249 -1216.892112 -1216.910345 -1216.927882 -1216.944132 -1216.959292 -1216.977608 -1217.038176 -1217.438878 -1219.709499 -1224.704190 -1230.702825 -1208.371484 -1959.625767 -2046.304963 -2051.061715 -2050.598113 -2050.385199 -2050.338608 -2050.330603 -2050.329714 -2050.329982 -2050.330366 -2050.330697 -2050.330959 -2050.331167 -2050.331334 -2050.331472 -2050.331588 -2050.331691 -2050.331786 -2050.331882 -2050.331987 -2050.332116 -2050.332287 -2050.332528 -2050.332887 -2050.333439 -2050.334311 -2050.335723 -2050.338067 -2050.342066 -2050.349101 -2050.361870 -2050.385782 -2050.431951 -2050.524078 -2050.715602 -2051.136137 -2052.127668 -2054.687746 -2062.107680 -2086.786310 -9999.0 -9999.0
-9999.0 -9999.0 224.357509 126.058614 27.004757 -72.281413 -171.657846 -271.069920 -370.490126 -469.899599 -569.277199 -668.576672 -767.775441 -866.903456 -965.972452 -1065.041407 -1163.967372 -1262.494609 -1360.432590 -1457.262440 -1551.923485 -1642.451430 -1725.995631 -1799.648139 -1861.524380 -1911.253753 -1949.752755 -1978.672101 -1999.883844 -2015.152810 -2025.982159 -2033.573124 -2038.844939 -2042.479601 -2044.972208 -2046.679319 -2047.869760 -2048.812014 -2049.998260 -2052.356781 -2052.322475 -1986.936948 -1231.503098 -1244.312172 -1230.889964 -1221.848618 -1217.605551 -1216.942141 -1216.869559 -1216.875249 -1216.892112 -1216.910345 -1216.927882 -1216.944132 -1216.959292 -1216.977608 -1217.038176 -1217.438878 -1219.709499 -1224.704190 -1230.702825 -1208.371484 -1959.625767 -2046.304963 -2051.061715 -2050.598113 -2050.385199 -2050.338608 -2050.330603 -2050.329714 -2050.329982 -2050.330366 -2050.330697 -2050.330959 -2050.331167 -2050.331334 -2050.331472 -2050.331588 -2050.331691 -2050.331786 -2050.331882 -2050.331987 -2050.332116 -2050.332287 -2050.332528 -2050.332887 -2050.333439 -2050.334311 -2050.335723 -2050.338067 -2050.342066 -2050.349101 -2050.361870 -2050.385782 -2050.431951 -2050.524078 -2050.715602 -2051.136137 -2052.127668 -2054.687746 -2062.107680 -2086.786310 -9999.0 -9999.0
-9999.0 -9999.0 224.357509 126.058614 27.004757 -72.281413 -171.657846 -271.069920 -370.490126 -469.899599 -569.277199 -668.576672 -767.775440 -866.903456 -965.972452 -1065.041407 -1163.967372 -1262.494609 -1360.432590 -1457.262440 -1551.923485 -1642.451430 -1725.995631 -1799.648139 -1861.524380 -1911.253753 -1949.752755 -1978.672101 -1999.883844 -2015.152810 -2025.982159 -2033.573124 -2038.844939 -2042.479601 -2044.972208 -2046.679319 -2047.869760 -2048.812014 -2049.998260 -2052.356781 -2052.322475 -1986.936948 -1231.503098 -1244.312172 -1230.889964 -1221.848618 -1217.605551 -1216.942141 -1216.869559 -1216.875249 -1216.892112 -1216.910345 -1216.927882 -1216.944132 -1216.959292 -1216.977608 -1217.038176 -1217.438878 -1219.709499 -1224.704190 -1230.702825 -1208.371484 -1959.625767 -2046.304963 -2051.061715 -2050.598113 -2050.385199 -2050.338608 -2050.330603 -2050.329714 -2050.329982 -2050.330366 -2050.330697 -2050.330959 -2050.331167 -2050.331334 -2050.331472 -2050.331588 -2050.331691 -2050.331786 -2050.331882 -2050.331987 -2050.332116 -2050.332287 -2050.332528 -2050.332887 -2050.333439 -2050.334311 -2050.335723 -2050.338067 -2050.342066 -2050.349101 -2050.361870 -2050.385782 -2050.431951 -2050.524078 -2050.715602 -2051.136137 -2052.127668 -2054.687746 -2062.107680 -2086.786310 -9999.0 -9999.0
-9999.0 -9999.0 224.356254 126.057897 27.004473 -72.281515 -171.657883 -271.069933 -370.490131 -469.899601 -569.277200 -668.576673 -767.775441 -866.903456 -965.972452 -1065.041407 -1163.967372 -1262.494608 -1360.432590 -1457.262440 -1551.923485 -1642.451430 -1725.995631 -1799.648139 -1861.524380 -1911.253753 -1949.752755 -1978.672101 -1999.883844 -2015.152810 -2025.982159 -2033.573124 -2038.844939 -2042.479601 -2044.972208 -2046.679319 -2047.869760 -2048.812014 -2049.998260 -2052.356781 -2052.322475 -1986.936948 -1231.503098 -1244.312172 -1230.889964 -1221.848618 -1217.605551 -1216.942141 -1216.869559 -1216.875249 -1216.892112 -1216.910345 -1216.927882 -1216.944132 -1216.959292 -1216.977608 -1217.038176 -1217.438878 -1219.709499 -1224.704190 -1230.702825 -1208.371484 -1959.625767 -2046.304963 -2051.061715 -2050.598113 -2050.385199 -2050.338608 -2050.330603 -2050.329714 -2050.329982 -2050.330366 -2050.330697 -2050.330959 -2050.331167 -2050.331334 -2050.331472 -2050.331588 -2050.331691 -2050.331786 -2050.331882 -2050.331987 -2050.332116 -2050.332287 -2050.332528 -2050.332887 -2050.333439 -2050.334311 -2050.335723 -2050.338067 -2050.342066 -2050.349101 -2050.361870 -2050.385782 -2050.431951 -2050.524078 -2050.715602 -2051.136137 -2052.127668 -2054.687746 -2062.107680 -2086.786310 -9999.0 -9999.0
-9999.0 -9999.0 224.348264 126.056163 27.004027 -72.281646 -171.657925 -271.069948 -370.490136 -469.899603 -569.277201 -668.576673 -767.775441 -866.903456 -965.972452 -1065.041407 -1163.967372 -1262.494608 -1360.432589 -1457.262440 -1551.923485 -1642.451430 -1725.995631 -1799.648139 -1861.524380 -1911.253753 -1949.752755 -1978.672101 -1999.883844 -2015.152810 -2025.982159 -2033.573124 -2038.844939 -2042.479601 -2044.972208 -2046.679319 -2047.869760 -2048.812014 -2049.998260 -2052.356781 -2052.322475 -1986.936948 -1231.503098 -1244.312172 -1230.889965 -1221.848618 -1217.605551 -1216.942141 -1216.869559 -1216.875249 -1216.892112 -1216.910345 -1216.927882 -1216.944132 -1216.959292 -1216.977608 -1217.038176 -1217.438878 -1219.709499 -1224.704190 -1230.702825 -1208.371484 -1959.625767 -2046.304963 -2051.061715 -2050.598113 -2050.385199 -2050.338608 -2050.330603 -2050.329714 -2050.329982 -2050.330366 -2050.330697 -2050.330959 -2050.331167 -2050.331334 -2050.331472 -2050.331588 -2050.331691 -2050.331786 -2050.331882 -2050.331987 -2050.332116 -2050.332287 -2050.332528 -2050.332887 -2050.333439 -2050.334311 -2050.335723 -2050.338067 -2050.342066 -2050.349101 -2050.361870 -2050.385782 -2050.431951 -2050.524078 -2050.715602 -2051.136137 -2052.127668 -2054.687746 -2062.107680 -2086.786310 -9999.0 -9999.0
-9999.0 -9999.0 -9999.0 -9999.0 -9999.0 -9999.0 -9999.0 -9999.0 -9999.0 -9999.0 -9999.0 -9999.0 -9999.0 -9999.0 -9999.0 -9999.0 -9999.0 -9999.0 -9999.0 -9999.0 -9999.0 -9999.0 -9999.0 -9999.0 -9999.0 -9999.0 -9999.0 -9999.0 -9999.0 -9999.0 -9999.0 -9999.0 -9999.0 -9999.0 -9999.0 -9999.0 -9999.0 -9999.0 -9999.0 -9999.0 -9999.0 -9999.0 -9999.0 -9999.0 -9999.0 -9999.0 -9999.0 -9999.0 -9999.0 -9999.0 -9999.0 -9999.0 -9999.0 -9999.0 -9999.0 -9999.0 -9999.0 -9999.0 -9999.0 -9999.0 -9999.0 -9999.0 -9999.0 -9999.0 -9999.0 -9999.0 -9999.0 -9999.0 -9999.0 -9999.0 -9999.0 -9999.0 -9999.0 -9999.0 -9999.0 -9999.0 -9999.0 -9999.0 -9999.0 -9999.0 -9999.0 -9999.0 -9999.0 -9999.0 -9999.0 -9999.0 -9999.0 -9999.0 -9999.0 -9999.0 -9999.0 -9999.0 -9999.0 -9999.0 -9999.0 -9999.0 -9999.0 -9999.0 -9999.0 -9999.0 -9999.0 -9999.0 -9999.0 -9999.0
-9999.0 -9999.0 -9999.0 -9999.0 -9999.0 -9999.0 -9999.0 -9999.0 -9999.0 -9999.0 -9999.0 -9999.0 -9999.0 -9999.0 -9999.0 -9999.0 -9999.0 -9999.0 -9999.0 -9999.0 -9999.0 -9999.0 -9999.0 -9999.0 -9999.0 -9999.0 -9999.0 -9999.0 -9999.0 -9999.0 -9999.0 -9999.0 -9999.0 -9999.0 -9999.0 -9999.0 -9999.0 -9999.0 -9999.0 -9999.0 -9999.0 -9999.0 -9999.0 -9999.0 -9999.0 -9999.0 -9999.0 -9999.0 -9999.0 -9999.0 -9999.0 -9999.0 -9999.0 -9999.0 -9999.0 -9999.0 -9999.0 -9999.0 -9999.0 -9999.0 -9999.0 -9999.0 -9999.0 -9999.0 -9999.0 -9999.0 -9999.0 -9999.0 -9999.0 -9999.0 -9999.0 -9999.0 -9999.0 -9999.0 -9999.0 -9999.0 -9999.0 -9999.0 -9999.0 -9999.0 -9999.0 -9999.0 -9999.0 -9999.0 -9999.0 -9999.0 -9999.0 -9999.0 -9999.0 -9999.0 -9999.0 -9999.0 -9999.0 -9999.0 -9999.0 -9999.0 -9999.0 -9999.0 -9999.0 -9999.0 -9999.0 -9999.0 -9999.0 -9999.0