inst/processing_geotop_simulation/geotop_simulation/out/maps3D/PwL0006N0353.asc
ncols         104
nrows         10
xllcorner     -2.000000
yllcorner     0.000000
cellsize      1.000000
NODATA_value  -9999.0
-9999.0 -9999.0 -9999.0 -9999.0 -9999.0 -9999.0 -9999.0 -9999.0 -9999.0 -9999.0 -9999.0 -9999.0 -9999.0 -9999.0 -9999.0 -9999.0 -9999.0 -9999.0 -9999.0 -9999.0 -9999.0 -9999.0 -9999.0 -9999.0 -9999.0 -9999.0 -9999.0 -9999.0 -9999.0 -9999.0 -9999.0 -9999.0 -9999.0 -9999.0 -9999.0 -9999.0 -9999.0 -9999.0 -9999.0 -9999.0 -9999.0 -9999.0 -9999.0 -9999.0 -9999.0 -9999.0 -9999.0 -9999.0 -9999.0 -9999.0 -9999.0 -9999.0 -9999.0 -9999.0 -9999.0 -9999.0 -9999.0 -9999.0 -9999.0 -9999.0 -9999.0 -9999.0 -9999.0 -9999.0 -9999.0 -9999.0 -9999.0 -9999.0 -9999.0 -9999.0 -9999.0 -9999.0 -9999.0 -9999.0 -9999.0 -9999.0 -9999.0 -9999.0 -9999.0 -9999.0 -9999.0 -9999.0 -9999.0 -9999.0 -9999.0 -9999.0 -9999.0 -9999.0 -9999.0 -9999.0 -9999.0 -9999.0 -9999.0 -9999.0 -9999.0 -9999.0 -9999.0 -9999.0 -9999.0 -9999.0 -9999.0 -9999.0 -9999.0 -9999.0
-9999.0 -9999.0 -9999.0 -9999.0 -9999.0 -9999.0 -9999.0 -9999.0 -9999.0 -9999.0 -9999.0 -9999.0 -9999.0 -9999.0 -9999.0 -9999.0 -9999.0 -9999.0 -9999.0 -9999.0 -9999.0 -9999.0 -9999.0 -9999.0 -9999.0 -9999.0 -9999.0 -9999.0 -9999.0 -9999.0 -9999.0 -9999.0 -9999.0 -9999.0 -9999.0 -9999.0 -9999.0 -9999.0 -9999.0 -9999.0 -9999.0 -9999.0 -9999.0 -9999.0 -9999.0 -9999.0 -9999.0 -9999.0 -9999.0 -9999.0 -9999.0 -9999.0 -9999.0 -9999.0 -9999.0 -9999.0 -9999.0 -9999.0 -9999.0 -9999.0 -9999.0 -9999.0 -9999.0 -9999.0 -9999.0 -9999.0 -9999.0 -9999.0 -9999.0 -9999.0 -9999.0 -9999.0 -9999.0 -9999.0 -9999.0 -9999.0 -9999.0 -9999.0 -9999.0 -9999.0 -9999.0 -9999.0 -9999.0 -9999.0 -9999.0 -9999.0 -9999.0 -9999.0 -9999.0 -9999.0 -9999.0 -9999.0 -9999.0 -9999.0 -9999.0 -9999.0 -9999.0 -9999.0 -9999.0 -9999.0 -9999.0 -9999.0 -9999.0 -9999.0
-9999.0 -9999.0 274.774106 177.183467 78.582520 -20.357425 -119.428044 -218.551986 -317.688453 -416.808494 -515.879442 -614.829358 -713.514598 -812.104322 -910.569820 -1009.007190 -1107.362631 -1204.800882 -1301.067107 -1395.299571 -1485.884533 -1570.118290 -1644.837033 -1707.742950 -1758.188775 -1797.027157 -1825.981477 -1847.035629 -1862.049921 -1872.592028 -1879.901676 -1884.918785 -1888.334548 -1890.645494 -1892.202238 -1893.251416 -1893.976781 -1894.571951 -1895.473874 -1897.943733 -1902.157876 -1865.190343 -1190.462160 -1215.932084 -1199.032990 -1187.911140 -1182.716173 -1181.938980 -1181.856025 -1181.863587 -1181.884127 -1181.906251 -1181.927517 -1181.947213 -1181.965526 -1181.987115 -1182.055824 -1182.517883 -1185.270914 -1191.393697 -1199.251486 -1162.282161 -1837.715838 -1895.672244 -1896.510313 -1895.700147 -1895.486577 -1895.447132 -1895.441036 -1895.440592 -1895.441012 -1895.441479 -1895.441863 -1895.442162 -1895.442394 -1895.442576 -1895.442722 -1895.442843 -1895.442946 -1895.443039 -1895.443132 -1895.443236 -1895.443365 -1895.443541 -1895.443799 -1895.444192 -1895.444806 -1895.445788 -1895.447386 -1895.450045 -1895.454578 -1895.462526 -1895.476889 -1895.503641 -1895.554923 -1895.656166 -1895.863316 -1896.308401 -1897.329879 -1899.885047 -1907.074858 -1930.821846 -9999.0 -9999.0
-9999.0 -9999.0 274.782020 177.185284 78.582995 -20.357285 -119.427999 -218.551971 -317.688448 -416.808492 -515.879441 -614.829358 -713.514598 -812.104322 -910.569820 -1009.007190 -1107.362631 -1204.800882 -1301.067107 -1395.299572 -1485.884533 -1570.118290 -1644.837033 -1707.742950 -1758.188775 -1797.027157 -1825.981477 -1847.035629 -1862.049921 -1872.592028 -1879.901676 -1884.918785 -1888.334548 -1890.645494 -1892.202238 -1893.251416 -1893.976781 -1894.571951 -1895.473874 -1897.943733 -1902.157876 -1865.190343 -1190.462160 -1215.932083 -1199.032989 -1187.911139 -1182.716173 -1181.938980 -1181.856025 -1181.863587 -1181.884127 -1181.906251 -1181.927517 -1181.947213 -1181.965526 -1181.987115 -1182.055824 -1182.517883 -1185.270914 -1191.393697 -1199.251486 -1162.282161 -1837.715838 -1895.672244 -1896.510313 -1895.700147 -1895.486577 -1895.447132 -1895.441036 -1895.440592 -1895.441012 -1895.441479 -1895.441863 -1895.442162 -1895.442394 -1895.442576 -1895.442722 -1895.442843 -1895.442946 -1895.443039 -1895.443132 -1895.443236 -1895.443365 -1895.443541 -1895.443799 -1895.444192 -1895.444806 -1895.445788 -1895.447386 -1895.450045 -1895.454578 -1895.462526 -1895.476889 -1895.503641 -1895.554923 -1895.656166 -1895.863316 -1896.308401 -1897.329879 -1899.885047 -1907.074858 -1930.821846 -9999.0 -9999.0
-9999.0 -9999.0 274.783390 177.186044 78.583297 -20.357175 -119.427960 -218.551957 -317.688443 -416.808490 -515.879440 -614.829357 -713.514598 -812.104322 -910.569820 -1009.007190 -1107.362632 -1204.800882 -1301.067107 -1395.299572 -1485.884533 -1570.118290 -1644.837034 -1707.742951 -1758.188775 -1797.027157 -1825.981477 -1847.035629 -1862.049921 -1872.592028 -1879.901676 -1884.918785 -1888.334548 -1890.645494 -1892.202238 -1893.251416 -1893.976781 -1894.571951 -1895.473874 -1897.943733 -1902.157876 -1865.190343 -1190.462160 -1215.932083 -1199.032989 -1187.911139 -1182.716173 -1181.938980 -1181.856025 -1181.863587 -1181.884127 -1181.906251 -1181.927517 -1181.947213 -1181.965526 -1181.987115 -1182.055824 -1182.517883 -1185.270914 -1191.393697 -1199.251486 -1162.282161 -1837.715838 -1895.672244 -1896.510313 -1895.700147 -1895.486577 -1895.447132 -1895.441036 -1895.440592 -1895.441012 -1895.441479 -1895.441863 -1895.442162 -1895.442394 -1895.442576 -1895.442722 -1895.442843 -1895.442946 -1895.443039 -1895.443132 -1895.443236 -1895.443365 -1895.443541 -1895.443799 -1895.444192 -1895.444806 -1895.445788 -1895.447386 -1895.450045 -1895.454578 -1895.462526 -1895.476889 -1895.503641 -1895.554923 -1895.656166 -1895.863316 -1896.308401 -1897.329879 -1899.885047 -1907.074858 -1930.821846 -9999.0 -9999.0
-9999.0 -9999.0 274.783390 177.186044 78.583297 -20.357175 -119.427960 -218.551957 -317.688442 -416.808490 -515.879440 -614.829357 -713.514598 -812.104322 -910.569820 -1009.007190 -1107.362632 -1204.800882 -1301.067107 -1395.299572 -1485.884533 -1570.118290 -1644.837034 -1707.742951 -1758.188775 -1797.027157 -1825.981477 -1847.035629 -1862.049921 -1872.592028 -1879.901676 -1884.918785 -1888.334548 -1890.645494 -1892.202238 -1893.251416 -1893.976781 -1894.571951 -1895.473874 -1897.943733 -1902.157876 -1865.190343 -1190.462160 -1215.932083 -1199.032989 -1187.911139 -1182.716173 -1181.938980 -1181.856025 -1181.863587 -1181.884127 -1181.906251 -1181.927517 -1181.947213 -1181.965526 -1181.987115 -1182.055824 -1182.517883 -1185.270914 -1191.393697 -1199.251486 -1162.282161 -1837.715838 -1895.672244 -1896.510313 -1895.700147 -1895.486577 -1895.447132 -1895.441036 -1895.440592 -1895.441012 -1895.441479 -1895.441863 -1895.442162 -1895.442394 -1895.442576 -1895.442722 -1895.442843 -1895.442946 -1895.443039 -1895.443132 -1895.443236 -1895.443365 -1895.443541 -1895.443799 -1895.444192 -1895.444806 -1895.445788 -1895.447386 -1895.450045 -1895.454578 -1895.462526 -1895.476889 -1895.503641 -1895.554923 -1895.656166 -1895.863316 -1896.308401 -1897.329879 -1899.885047 -1907.074858 -1930.821846 -9999.0 -9999.0
-9999.0 -9999.0 274.782020 177.185284 78.582995 -20.357285 -119.427999 -218.551971 -317.688448 -416.808492 -515.879441 -614.829357 -713.514598 -812.104322 -910.569820 -1009.007190 -1107.362631 -1204.800882 -1301.067107 -1395.299572 -1485.884533 -1570.118290 -1644.837033 -1707.742950 -1758.188775 -1797.027157 -1825.981477 -1847.035629 -1862.049921 -1872.592028 -1879.901676 -1884.918785 -1888.334548 -1890.645494 -1892.202238 -1893.251416 -1893.976781 -1894.571951 -1895.473874 -1897.943733 -1902.157876 -1865.190343 -1190.462160 -1215.932083 -1199.032989 -1187.911139 -1182.716173 -1181.938980 -1181.856025 -1181.863587 -1181.884127 -1181.906251 -1181.927517 -1181.947213 -1181.965526 -1181.987115 -1182.055824 -1182.517883 -1185.270914 -1191.393697 -1199.251486 -1162.282161 -1837.715838 -1895.672244 -1896.510313 -1895.700147 -1895.486577 -1895.447132 -1895.441036 -1895.440592 -1895.441012 -1895.441479 -1895.441863 -1895.442162 -1895.442394 -1895.442576 -1895.442722 -1895.442843 -1895.442946 -1895.443039 -1895.443132 -1895.443236 -1895.443365 -1895.443541 -1895.443799 -1895.444192 -1895.444806 -1895.445788 -1895.447386 -1895.450045 -1895.454578 -1895.462526 -1895.476889 -1895.503641 -1895.554923 -1895.656166 -1895.863316 -1896.308401 -1897.329879 -1899.885047 -1907.074858 -1930.821846 -9999.0 -9999.0
-9999.0 -9999.0 274.774106 177.183467 78.582520 -20.357425 -119.428044 -218.551986 -317.688453 -416.808494 -515.879442 -614.829358 -713.514598 -812.104323 -910.569820 -1009.007190 -1107.362631 -1204.800882 -1301.067107 -1395.299571 -1485.884533 -1570.118290 -1644.837033 -1707.742950 -1758.188775 -1797.027157 -1825.981477 -1847.035629 -1862.049921 -1872.592028 -1879.901676 -1884.918785 -1888.334548 -1890.645494 -1892.202238 -1893.251416 -1893.976781 -1894.571951 -1895.473874 -1897.943733 -1902.157876 -1865.190343 -1190.462160 -1215.932084 -1199.032990 -1187.911140 -1182.716173 -1181.938980 -1181.856025 -1181.863587 -1181.884127 -1181.906251 -1181.927517 -1181.947213 -1181.965526 -1181.987115 -1182.055824 -1182.517883 -1185.270914 -1191.393697 -1199.251486 -1162.282161 -1837.715838 -1895.672244 -1896.510313 -1895.700147 -1895.486577 -1895.447132 -1895.441036 -1895.440592 -1895.441012 -1895.441479 -1895.441863 -1895.442162 -1895.442394 -1895.442576 -1895.442722 -1895.442843 -1895.442946 -1895.443039 -1895.443132 -1895.443236 -1895.443365 -1895.443541 -1895.443799 -1895.444192 -1895.444806 -1895.445788 -1895.447386 -1895.450045 -1895.454578 -1895.462526 -1895.476889 -1895.503641 -1895.554923 -1895.656166 -1895.863316 -1896.308401 -1897.329879 -1899.885047 -1907.074858 -1930.821846 -9999.0 -9999.0
-9999.0 -9999.0 -9999.0 -9999.0 -9999.0 -9999.0 -9999.0 -9999.0 -9999.0 -9999.0 -9999.0 -9999.0 -9999.0 -9999.0 -9999.0 -9999.0 -9999.0 -9999.0 -9999.0 -9999.0 -9999.0 -9999.0 -9999.0 -9999.0 -9999.0 -9999.0 -9999.0 -9999.0 -9999.0 -9999.0 -9999.0 -9999.0 -9999.0 -9999.0 -9999.0 -9999.0 -9999.0 -9999.0 -9999.0 -9999.0 -9999.0 -9999.0 -9999.0 -9999.0 -9999.0 -9999.0 -9999.0 -9999.0 -9999.0 -9999.0 -9999.0 -9999.0 -9999.0 -9999.0 -9999.0 -9999.0 -9999.0 -9999.0 -9999.0 -9999.0 -9999.0 -9999.0 -9999.0 -9999.0 -9999.0 -9999.0 -9999.0 -9999.0 -9999.0 -9999.0 -9999.0 -9999.0 -9999.0 -9999.0 -9999.0 -9999.0 -9999.0 -9999.0 -9999.0 -9999.0 -9999.0 -9999.0 -9999.0 -9999.0 -9999.0 -9999.0 -9999.0 -9999.0 -9999.0 -9999.0 -9999.0 -9999.0 -9999.0 -9999.0 -9999.0 -9999.0 -9999.0 -9999.0 -9999.0 -9999.0 -9999.0 -9999.0 -9999.0 -9999.0
-9999.0 -9999.0 -9999.0 -9999.0 -9999.0 -9999.0 -9999.0 -9999.0 -9999.0 -9999.0 -9999.0 -9999.0 -9999.0 -9999.0 -9999.0 -9999.0 -9999.0 -9999.0 -9999.0 -9999.0 -9999.0 -9999.0 -9999.0 -9999.0 -9999.0 -9999.0 -9999.0 -9999.0 -9999.0 -9999.0 -9999.0 -9999.0 -9999.0 -9999.0 -9999.0 -9999.0 -9999.0 -9999.0 -9999.0 -9999.0 -9999.0 -9999.0 -9999.0 -9999.0 -9999.0 -9999.0 -9999.0 -9999.0 -9999.0 -9999.0 -9999.0 -9999.0 -9999.0 -9999.0 -9999.0 -9999.0 -9999.0 -9999.0 -9999.0 -9999.0 -9999.0 -9999.0 -9999.0 -9999.0 -9999.0 -9999.0 -9999.0 -9999.0 -9999.0 -9999.0 -9999.0 -9999.0 -9999.0 -9999.0 -9999.0 -9999.0 -9999.0 -9999.0 -9999.0 -9999.0 -9999.0 -9999.0 -9999.0 -9999.0 -9999.0 -9999.0 -9999.0 -9999.0 -9999.0 -9999.0 -9999.0 -9999.0 -9999.0 -9999.0 -9999.0 -9999.0 -9999.0 -9999.0 -9999.0 -9999.0 -9999.0 -9999.0 -9999.0 -9999.0