inst/processing_geotop_simulation/geotop_simulation/out/maps3D/PwL0014N0226.asc
ncols         104
nrows         10
xllcorner     -2.000000
yllcorner     0.000000
cellsize      1.000000
NODATA_value  -9999.0
-9999.0 -9999.0 -9999.0 -9999.0 -9999.0 -9999.0 -9999.0 -9999.0 -9999.0 -9999.0 -9999.0 -9999.0 -9999.0 -9999.0 -9999.0 -9999.0 -9999.0 -9999.0 -9999.0 -9999.0 -9999.0 -9999.0 -9999.0 -9999.0 -9999.0 -9999.0 -9999.0 -9999.0 -9999.0 -9999.0 -9999.0 -9999.0 -9999.0 -9999.0 -9999.0 -9999.0 -9999.0 -9999.0 -9999.0 -9999.0 -9999.0 -9999.0 -9999.0 -9999.0 -9999.0 -9999.0 -9999.0 -9999.0 -9999.0 -9999.0 -9999.0 -9999.0 -9999.0 -9999.0 -9999.0 -9999.0 -9999.0 -9999.0 -9999.0 -9999.0 -9999.0 -9999.0 -9999.0 -9999.0 -9999.0 -9999.0 -9999.0 -9999.0 -9999.0 -9999.0 -9999.0 -9999.0 -9999.0 -9999.0 -9999.0 -9999.0 -9999.0 -9999.0 -9999.0 -9999.0 -9999.0 -9999.0 -9999.0 -9999.0 -9999.0 -9999.0 -9999.0 -9999.0 -9999.0 -9999.0 -9999.0 -9999.0 -9999.0 -9999.0 -9999.0 -9999.0 -9999.0 -9999.0 -9999.0 -9999.0 -9999.0 -9999.0 -9999.0 -9999.0
-9999.0 -9999.0 -9999.0 -9999.0 -9999.0 -9999.0 -9999.0 -9999.0 -9999.0 -9999.0 -9999.0 -9999.0 -9999.0 -9999.0 -9999.0 -9999.0 -9999.0 -9999.0 -9999.0 -9999.0 -9999.0 -9999.0 -9999.0 -9999.0 -9999.0 -9999.0 -9999.0 -9999.0 -9999.0 -9999.0 -9999.0 -9999.0 -9999.0 -9999.0 -9999.0 -9999.0 -9999.0 -9999.0 -9999.0 -9999.0 -9999.0 -9999.0 -9999.0 -9999.0 -9999.0 -9999.0 -9999.0 -9999.0 -9999.0 -9999.0 -9999.0 -9999.0 -9999.0 -9999.0 -9999.0 -9999.0 -9999.0 -9999.0 -9999.0 -9999.0 -9999.0 -9999.0 -9999.0 -9999.0 -9999.0 -9999.0 -9999.0 -9999.0 -9999.0 -9999.0 -9999.0 -9999.0 -9999.0 -9999.0 -9999.0 -9999.0 -9999.0 -9999.0 -9999.0 -9999.0 -9999.0 -9999.0 -9999.0 -9999.0 -9999.0 -9999.0 -9999.0 -9999.0 -9999.0 -9999.0 -9999.0 -9999.0 -9999.0 -9999.0 -9999.0 -9999.0 -9999.0 -9999.0 -9999.0 -9999.0 -9999.0 -9999.0 -9999.0 -9999.0
-9999.0 -9999.0 676.406021 580.074804 482.951120 385.294260 287.388224 189.374829 91.324885 -6.721455 -104.736960 -202.706661 -300.576009 -398.229601 -495.461322 -591.981589 -687.306134 -783.217185 -878.647183 -973.429460 -1067.273379 -1152.127350 -1228.148304 -1293.051591 -1345.903627 -1387.134350 -1418.137621 -1440.749163 -1456.831382 -1468.036138 -1475.712613 -1480.901645 -1484.372900 -1486.677219 -1488.199200 -1489.204431 -1489.883243 -1490.416553 -1491.215704 -1494.000356 -1505.692052 -1554.919847 -2010.886640 -4242.688595 -4281.651755 -4280.860763 -4280.127691 -4280.008479 -4279.996161 -4279.997452 -4280.000661 -4280.004090 -4280.007376 -4280.010411 -4280.013212 -4280.016364 -4280.025691 -4280.091496 -4280.514542 -4281.168774 -4215.650422 -1851.569816 -1519.883044 -1498.563874 -1492.707905 -1491.490339 -1491.285552 -1491.253913 -1491.249617 -1491.249695 -1491.250395 -1491.251057 -1491.251584 -1491.251990 -1491.252303 -1491.252547 -1491.252742 -1491.252900 -1491.253034 -1491.253153 -1491.253271 -1491.253402 -1491.253565 -1491.253790 -1491.254121 -1491.254628 -1491.255424 -1491.256697 -1491.258767 -1491.262201 -1491.268026 -1491.278179 -1491.296410 -1491.330143 -1491.394353 -1491.519974 -1491.773696 -1492.309310 -1493.510359 -1496.407833 -1504.081122 -1527.796011 -9999.0 -9999.0
-9999.0 -9999.0 676.410842 580.076364 482.951586 385.294406 287.388272 189.374846 91.324891 -6.721453 -104.736959 -202.706661 -300.576009 -398.229600 -495.461322 -591.981589 -687.306134 -783.217185 -878.647183 -973.429460 -1067.273379 -1152.127350 -1228.148304 -1293.051591 -1345.903628 -1387.134350 -1418.137621 -1440.749163 -1456.831382 -1468.036138 -1475.712613 -1480.901645 -1484.372900 -1486.677219 -1488.199200 -1489.204431 -1489.883243 -1490.416553 -1491.215704 -1494.000356 -1505.692052 -1554.919847 -2010.886640 -4242.688595 -4281.651755 -4280.860763 -4280.127691 -4280.008479 -4279.996161 -4279.997452 -4280.000661 -4280.004090 -4280.007376 -4280.010411 -4280.013212 -4280.016364 -4280.025691 -4280.091496 -4280.514542 -4281.168774 -4215.650422 -1851.569816 -1519.883044 -1498.563874 -1492.707905 -1491.490339 -1491.285552 -1491.253913 -1491.249617 -1491.249695 -1491.250395 -1491.251057 -1491.251584 -1491.251990 -1491.252303 -1491.252547 -1491.252742 -1491.252900 -1491.253034 -1491.253153 -1491.253271 -1491.253402 -1491.253565 -1491.253790 -1491.254121 -1491.254628 -1491.255424 -1491.256697 -1491.258767 -1491.262201 -1491.268026 -1491.278179 -1491.296410 -1491.330143 -1491.394353 -1491.519974 -1491.773696 -1492.309310 -1493.510359 -1496.407833 -1504.081122 -1527.796011 -9999.0 -9999.0
-9999.0 -9999.0 676.412287 580.077120 482.951895 385.294521 287.388314 189.374861 91.324896 -6.721451 -104.736958 -202.706661 -300.576009 -398.229600 -495.461322 -591.981589 -687.306134 -783.217185 -878.647183 -973.429460 -1067.273379 -1152.127350 -1228.148304 -1293.051591 -1345.903628 -1387.134350 -1418.137621 -1440.749163 -1456.831382 -1468.036138 -1475.712613 -1480.901645 -1484.372900 -1486.677219 -1488.199200 -1489.204431 -1489.883243 -1490.416553 -1491.215704 -1494.000356 -1505.692052 -1554.919847 -2010.886640 -4242.688595 -4281.651754 -4280.860763 -4280.127691 -4280.008479 -4279.996161 -4279.997452 -4280.000661 -4280.004090 -4280.007376 -4280.010411 -4280.013212 -4280.016364 -4280.025691 -4280.091496 -4280.514542 -4281.168774 -4215.650422 -1851.569816 -1519.883044 -1498.563874 -1492.707905 -1491.490339 -1491.285552 -1491.253913 -1491.249617 -1491.249695 -1491.250395 -1491.251057 -1491.251584 -1491.251990 -1491.252303 -1491.252547 -1491.252742 -1491.252900 -1491.253034 -1491.253153 -1491.253271 -1491.253402 -1491.253565 -1491.253790 -1491.254121 -1491.254628 -1491.255424 -1491.256697 -1491.258767 -1491.262201 -1491.268026 -1491.278179 -1491.296410 -1491.330143 -1491.394353 -1491.519974 -1491.773696 -1492.309310 -1493.510359 -1496.407833 -1504.081122 -1527.796011 -9999.0 -9999.0
-9999.0 -9999.0 676.412287 580.077120 482.951895 385.294521 287.388314 189.374861 91.324896 -6.721451 -104.736958 -202.706661 -300.576009 -398.229600 -495.461322 -591.981589 -687.306134 -783.217185 -878.647183 -973.429460 -1067.273379 -1152.127350 -1228.148304 -1293.051591 -1345.903628 -1387.134350 -1418.137621 -1440.749163 -1456.831382 -1468.036138 -1475.712613 -1480.901645 -1484.372900 -1486.677219 -1488.199200 -1489.204431 -1489.883243 -1490.416553 -1491.215704 -1494.000356 -1505.692052 -1554.919847 -2010.886640 -4242.688595 -4281.651754 -4280.860763 -4280.127691 -4280.008479 -4279.996161 -4279.997452 -4280.000661 -4280.004090 -4280.007376 -4280.010411 -4280.013212 -4280.016364 -4280.025691 -4280.091496 -4280.514542 -4281.168774 -4215.650422 -1851.569816 -1519.883044 -1498.563874 -1492.707905 -1491.490339 -1491.285552 -1491.253913 -1491.249617 -1491.249695 -1491.250395 -1491.251057 -1491.251584 -1491.251990 -1491.252303 -1491.252547 -1491.252742 -1491.252900 -1491.253034 -1491.253153 -1491.253271 -1491.253402 -1491.253565 -1491.253790 -1491.254121 -1491.254628 -1491.255424 -1491.256697 -1491.258767 -1491.262201 -1491.268026 -1491.278179 -1491.296410 -1491.330143 -1491.394353 -1491.519974 -1491.773696 -1492.309310 -1493.510359 -1496.407833 -1504.081122 -1527.796011 -9999.0 -9999.0
-9999.0 -9999.0 676.410842 580.076364 482.951586 385.294405 287.388272 189.374846 91.324891 -6.721453 -104.736959 -202.706661 -300.576009 -398.229601 -495.461322 -591.981589 -687.306134 -783.217185 -878.647183 -973.429460 -1067.273379 -1152.127350 -1228.148304 -1293.051591 -1345.903628 -1387.134350 -1418.137621 -1440.749163 -1456.831382 -1468.036138 -1475.712613 -1480.901645 -1484.372900 -1486.677219 -1488.199200 -1489.204431 -1489.883243 -1490.416553 -1491.215704 -1494.000356 -1505.692052 -1554.919847 -2010.886640 -4242.688595 -4281.651755 -4280.860763 -4280.127691 -4280.008479 -4279.996161 -4279.997452 -4280.000661 -4280.004090 -4280.007376 -4280.010411 -4280.013212 -4280.016364 -4280.025691 -4280.091496 -4280.514542 -4281.168774 -4215.650422 -1851.569816 -1519.883044 -1498.563874 -1492.707905 -1491.490339 -1491.285552 -1491.253913 -1491.249617 -1491.249695 -1491.250395 -1491.251057 -1491.251584 -1491.251990 -1491.252303 -1491.252547 -1491.252742 -1491.252900 -1491.253034 -1491.253153 -1491.253271 -1491.253402 -1491.253565 -1491.253790 -1491.254121 -1491.254628 -1491.255424 -1491.256697 -1491.258767 -1491.262201 -1491.268026 -1491.278179 -1491.296410 -1491.330143 -1491.394353 -1491.519974 -1491.773696 -1492.309310 -1493.510359 -1496.407833 -1504.081122 -1527.796011 -9999.0 -9999.0
-9999.0 -9999.0 676.406021 580.074804 482.951120 385.294260 287.388224 189.374829 91.324885 -6.721455 -104.736960 -202.706661 -300.576009 -398.229601 -495.461322 -591.981589 -687.306134 -783.217185 -878.647183 -973.429460 -1067.273379 -1152.127350 -1228.148304 -1293.051591 -1345.903627 -1387.134350 -1418.137621 -1440.749163 -1456.831382 -1468.036138 -1475.712613 -1480.901645 -1484.372900 -1486.677219 -1488.199200 -1489.204431 -1489.883243 -1490.416553 -1491.215704 -1494.000356 -1505.692052 -1554.919847 -2010.886640 -4242.688595 -4281.651755 -4280.860763 -4280.127691 -4280.008479 -4279.996161 -4279.997452 -4280.000661 -4280.004090 -4280.007376 -4280.010411 -4280.013212 -4280.016364 -4280.025691 -4280.091496 -4280.514542 -4281.168774 -4215.650422 -1851.569816 -1519.883044 -1498.563874 -1492.707905 -1491.490339 -1491.285552 -1491.253913 -1491.249617 -1491.249695 -1491.250395 -1491.251057 -1491.251584 -1491.251990 -1491.252303 -1491.252547 -1491.252742 -1491.252900 -1491.253034 -1491.253153 -1491.253271 -1491.253402 -1491.253565 -1491.253790 -1491.254121 -1491.254628 -1491.255424 -1491.256697 -1491.258767 -1491.262201 -1491.268026 -1491.278179 -1491.296410 -1491.330143 -1491.394353 -1491.519974 -1491.773696 -1492.309310 -1493.510359 -1496.407833 -1504.081122 -1527.796011 -9999.0 -9999.0
-9999.0 -9999.0 -9999.0 -9999.0 -9999.0 -9999.0 -9999.0 -9999.0 -9999.0 -9999.0 -9999.0 -9999.0 -9999.0 -9999.0 -9999.0 -9999.0 -9999.0 -9999.0 -9999.0 -9999.0 -9999.0 -9999.0 -9999.0 -9999.0 -9999.0 -9999.0 -9999.0 -9999.0 -9999.0 -9999.0 -9999.0 -9999.0 -9999.0 -9999.0 -9999.0 -9999.0 -9999.0 -9999.0 -9999.0 -9999.0 -9999.0 -9999.0 -9999.0 -9999.0 -9999.0 -9999.0 -9999.0 -9999.0 -9999.0 -9999.0 -9999.0 -9999.0 -9999.0 -9999.0 -9999.0 -9999.0 -9999.0 -9999.0 -9999.0 -9999.0 -9999.0 -9999.0 -9999.0 -9999.0 -9999.0 -9999.0 -9999.0 -9999.0 -9999.0 -9999.0 -9999.0 -9999.0 -9999.0 -9999.0 -9999.0 -9999.0 -9999.0 -9999.0 -9999.0 -9999.0 -9999.0 -9999.0 -9999.0 -9999.0 -9999.0 -9999.0 -9999.0 -9999.0 -9999.0 -9999.0 -9999.0 -9999.0 -9999.0 -9999.0 -9999.0 -9999.0 -9999.0 -9999.0 -9999.0 -9999.0 -9999.0 -9999.0 -9999.0 -9999.0
-9999.0 -9999.0 -9999.0 -9999.0 -9999.0 -9999.0 -9999.0 -9999.0 -9999.0 -9999.0 -9999.0 -9999.0 -9999.0 -9999.0 -9999.0 -9999.0 -9999.0 -9999.0 -9999.0 -9999.0 -9999.0 -9999.0 -9999.0 -9999.0 -9999.0 -9999.0 -9999.0 -9999.0 -9999.0 -9999.0 -9999.0 -9999.0 -9999.0 -9999.0 -9999.0 -9999.0 -9999.0 -9999.0 -9999.0 -9999.0 -9999.0 -9999.0 -9999.0 -9999.0 -9999.0 -9999.0 -9999.0 -9999.0 -9999.0 -9999.0 -9999.0 -9999.0 -9999.0 -9999.0 -9999.0 -9999.0 -9999.0 -9999.0 -9999.0 -9999.0 -9999.0 -9999.0 -9999.0 -9999.0 -9999.0 -9999.0 -9999.0 -9999.0 -9999.0 -9999.0 -9999.0 -9999.0 -9999.0 -9999.0 -9999.0 -9999.0 -9999.0 -9999.0 -9999.0 -9999.0 -9999.0 -9999.0 -9999.0 -9999.0 -9999.0 -9999.0 -9999.0 -9999.0 -9999.0 -9999.0 -9999.0 -9999.0 -9999.0 -9999.0 -9999.0 -9999.0 -9999.0 -9999.0 -9999.0 -9999.0 -9999.0 -9999.0 -9999.0 -9999.0