inst/processing_geotop_simulation/geotop_simulation/out/maps3D/PwL0022N0016.asc
ncols         104
nrows         10
xllcorner     -2.000000
yllcorner     0.000000
cellsize      1.000000
NODATA_value  -9999.0
-9999.0 -9999.0 -9999.0 -9999.0 -9999.0 -9999.0 -9999.0 -9999.0 -9999.0 -9999.0 -9999.0 -9999.0 -9999.0 -9999.0 -9999.0 -9999.0 -9999.0 -9999.0 -9999.0 -9999.0 -9999.0 -9999.0 -9999.0 -9999.0 -9999.0 -9999.0 -9999.0 -9999.0 -9999.0 -9999.0 -9999.0 -9999.0 -9999.0 -9999.0 -9999.0 -9999.0 -9999.0 -9999.0 -9999.0 -9999.0 -9999.0 -9999.0 -9999.0 -9999.0 -9999.0 -9999.0 -9999.0 -9999.0 -9999.0 -9999.0 -9999.0 -9999.0 -9999.0 -9999.0 -9999.0 -9999.0 -9999.0 -9999.0 -9999.0 -9999.0 -9999.0 -9999.0 -9999.0 -9999.0 -9999.0 -9999.0 -9999.0 -9999.0 -9999.0 -9999.0 -9999.0 -9999.0 -9999.0 -9999.0 -9999.0 -9999.0 -9999.0 -9999.0 -9999.0 -9999.0 -9999.0 -9999.0 -9999.0 -9999.0 -9999.0 -9999.0 -9999.0 -9999.0 -9999.0 -9999.0 -9999.0 -9999.0 -9999.0 -9999.0 -9999.0 -9999.0 -9999.0 -9999.0 -9999.0 -9999.0 -9999.0 -9999.0 -9999.0 -9999.0
-9999.0 -9999.0 -9999.0 -9999.0 -9999.0 -9999.0 -9999.0 -9999.0 -9999.0 -9999.0 -9999.0 -9999.0 -9999.0 -9999.0 -9999.0 -9999.0 -9999.0 -9999.0 -9999.0 -9999.0 -9999.0 -9999.0 -9999.0 -9999.0 -9999.0 -9999.0 -9999.0 -9999.0 -9999.0 -9999.0 -9999.0 -9999.0 -9999.0 -9999.0 -9999.0 -9999.0 -9999.0 -9999.0 -9999.0 -9999.0 -9999.0 -9999.0 -9999.0 -9999.0 -9999.0 -9999.0 -9999.0 -9999.0 -9999.0 -9999.0 -9999.0 -9999.0 -9999.0 -9999.0 -9999.0 -9999.0 -9999.0 -9999.0 -9999.0 -9999.0 -9999.0 -9999.0 -9999.0 -9999.0 -9999.0 -9999.0 -9999.0 -9999.0 -9999.0 -9999.0 -9999.0 -9999.0 -9999.0 -9999.0 -9999.0 -9999.0 -9999.0 -9999.0 -9999.0 -9999.0 -9999.0 -9999.0 -9999.0 -9999.0 -9999.0 -9999.0 -9999.0 -9999.0 -9999.0 -9999.0 -9999.0 -9999.0 -9999.0 -9999.0 -9999.0 -9999.0 -9999.0 -9999.0 -9999.0 -9999.0 -9999.0 -9999.0 -9999.0 -9999.0
-9999.0 -9999.0 1062.089446 965.670524 870.028211 772.700191 672.275337 568.516290 461.077525 348.043589 225.121104 101.631034 -19.836510 -134.909164 -232.990645 -287.857689 -312.172336 -324.447262 -328.944766 -330.472378 -330.676281 -120.382165 88.799684 309.110019 528.900877 603.131337 534.789696 465.320547 394.951930 324.090102 252.907559 185.870389 123.263589 64.856296 10.118382 -41.681062 -91.127166 -138.713253 -184.312189 -225.992159 -251.961640 -236.718398 -3376.977864 -3886.135568 -3886.138614 -3886.138614 -3886.138614 -3886.138614 -3886.138614 -3886.138614 -3886.138614 -3886.138614 -3886.138614 -3886.138614 -3886.138614 -3886.138614 -3886.138614 -3886.138614 -3886.138614 -3886.138614 -3886.132688 -3239.308502 832.403805 771.276001 705.918634 638.305970 569.413910 499.838426 430.280047 361.266516 293.598764 227.784465 164.457565 104.301613 47.775912 -4.690781 -52.627756 -95.670900 -134.012670 -167.454488 -196.200051 -221.537612 -242.862878 -261.988984 -278.093473 -292.629117 -304.967737 -315.926118 -325.192431 -333.338544 -340.332258 -346.910520 -353.177713 -360.446402 -370.164708 -384.301588 -406.550414 -441.696347 -543.282173 -1437.504283 -3878.110095 -3886.409462 -9999.0 -9999.0
-9999.0 -9999.0 1062.121322 965.685973 870.034492 772.702660 672.276308 568.516680 461.077686 348.043657 225.121134 101.631047 -19.836504 -134.909161 -232.990643 -287.857688 -312.172336 -324.447262 -328.944766 -330.472378 -330.676281 -120.382165 88.799684 309.110019 528.900877 603.131337 534.789696 465.320547 394.951931 324.090102 252.907559 185.870389 123.263589 64.856296 10.118382 -41.681062 -91.127166 -138.713253 -184.312189 -225.992159 -251.961640 -236.718398 -3376.977864 -3886.135568 -3886.138614 -3886.138614 -3886.138614 -3886.138614 -3886.138614 -3886.138614 -3886.138614 -3886.138614 -3886.138614 -3886.138614 -3886.138614 -3886.138614 -3886.138614 -3886.138614 -3886.138614 -3886.138614 -3886.132688 -3239.308502 832.403805 771.276001 705.918634 638.305970 569.413910 499.838426 430.280047 361.266516 293.598764 227.784465 164.457565 104.301613 47.775912 -4.690781 -52.627756 -95.670900 -134.012670 -167.454488 -196.200051 -221.537612 -242.862878 -261.988984 -278.093473 -292.629117 -304.967737 -315.926118 -325.192431 -333.338544 -340.332258 -346.910520 -353.177713 -360.446402 -370.164708 -384.301588 -406.550414 -441.696347 -543.282173 -1437.504277 -3878.110094 -3886.409462 -9999.0 -9999.0
-9999.0 -9999.0 1062.137850 965.695949 870.039319 772.704785 672.277201 568.517052 461.077844 348.043725 225.121163 101.631061 -19.836498 -134.909158 -232.990641 -287.857688 -312.172336 -324.447261 -328.944766 -330.472378 -330.676281 -120.382165 88.799684 309.110019 528.900877 603.131337 534.789696 465.320547 394.951931 324.090103 252.907559 185.870389 123.263589 64.856296 10.118382 -41.681062 -91.127166 -138.713253 -184.312189 -225.992160 -251.961640 -236.718399 -3376.977864 -3886.135568 -3886.138614 -3886.138614 -3886.138614 -3886.138614 -3886.138614 -3886.138614 -3886.138614 -3886.138614 -3886.138614 -3886.138614 -3886.138614 -3886.138614 -3886.138614 -3886.138614 -3886.138614 -3886.138614 -3886.132688 -3239.308502 832.403805 771.276001 705.918634 638.305970 569.413910 499.838426 430.280047 361.266516 293.598764 227.784465 164.457565 104.301613 47.775912 -4.690781 -52.627756 -95.670900 -134.012670 -167.454488 -196.200051 -221.537612 -242.862878 -261.988984 -278.093473 -292.629117 -304.967737 -315.926118 -325.192431 -333.338544 -340.332258 -346.910520 -353.177713 -360.446402 -370.164708 -384.301588 -406.550414 -441.696347 -543.282173 -1437.504266 -3878.110094 -3886.409462 -9999.0 -9999.0
-9999.0 -9999.0 1062.137850 965.695949 870.039319 772.704785 672.277201 568.517052 461.077844 348.043725 225.121163 101.631061 -19.836498 -134.909158 -232.990641 -287.857688 -312.172336 -324.447261 -328.944766 -330.472378 -330.676281 -120.382165 88.799684 309.110019 528.900877 603.131337 534.789696 465.320547 394.951931 324.090103 252.907559 185.870389 123.263589 64.856296 10.118382 -41.681062 -91.127166 -138.713253 -184.312189 -225.992160 -251.961640 -236.718399 -3376.977864 -3886.135568 -3886.138614 -3886.138614 -3886.138614 -3886.138614 -3886.138614 -3886.138614 -3886.138614 -3886.138614 -3886.138614 -3886.138614 -3886.138614 -3886.138614 -3886.138614 -3886.138614 -3886.138614 -3886.138614 -3886.132688 -3239.308502 832.403805 771.276001 705.918634 638.305970 569.413910 499.838426 430.280047 361.266516 293.598764 227.784465 164.457565 104.301613 47.775912 -4.690781 -52.627756 -95.670900 -134.012670 -167.454488 -196.200051 -221.537612 -242.862878 -261.988984 -278.093473 -292.629117 -304.967737 -315.926118 -325.192431 -333.338544 -340.332258 -346.910520 -353.177713 -360.446402 -370.164708 -384.301588 -406.550414 -441.696347 -543.282172 -1437.504269 -3878.110094 -3886.409462 -9999.0 -9999.0
-9999.0 -9999.0 1062.121322 965.685973 870.034492 772.702660 672.276308 568.516680 461.077686 348.043657 225.121134 101.631047 -19.836504 -134.909161 -232.990643 -287.857688 -312.172336 -324.447262 -328.944766 -330.472378 -330.676281 -120.382165 88.799684 309.110019 528.900877 603.131337 534.789696 465.320547 394.951931 324.090102 252.907559 185.870389 123.263589 64.856296 10.118382 -41.681062 -91.127166 -138.713253 -184.312189 -225.992159 -251.961640 -236.718398 -3376.977864 -3886.135568 -3886.138614 -3886.138614 -3886.138614 -3886.138614 -3886.138614 -3886.138614 -3886.138614 -3886.138614 -3886.138614 -3886.138614 -3886.138614 -3886.138614 -3886.138614 -3886.138614 -3886.138614 -3886.138614 -3886.132688 -3239.308502 832.403805 771.276001 705.918634 638.305970 569.413910 499.838426 430.280047 361.266516 293.598764 227.784465 164.457565 104.301613 47.775912 -4.690781 -52.627756 -95.670900 -134.012670 -167.454488 -196.200051 -221.537612 -242.862878 -261.988984 -278.093473 -292.629117 -304.967737 -315.926118 -325.192431 -333.338544 -340.332258 -346.910520 -353.177713 -360.446402 -370.164708 -384.301588 -406.550414 -441.696347 -543.282173 -1437.504274 -3878.110094 -3886.409462 -9999.0 -9999.0
-9999.0 -9999.0 1062.089446 965.670524 870.028211 772.700191 672.275337 568.516290 461.077525 348.043589 225.121104 101.631034 -19.836510 -134.909164 -232.990645 -287.857689 -312.172336 -324.447262 -328.944766 -330.472378 -330.676281 -120.382165 88.799684 309.110019 528.900877 603.131337 534.789696 465.320547 394.951930 324.090102 252.907559 185.870389 123.263589 64.856296 10.118382 -41.681062 -91.127166 -138.713253 -184.312189 -225.992159 -251.961640 -236.718398 -3376.977864 -3886.135568 -3886.138614 -3886.138614 -3886.138614 -3886.138614 -3886.138614 -3886.138614 -3886.138614 -3886.138614 -3886.138614 -3886.138614 -3886.138614 -3886.138614 -3886.138614 -3886.138614 -3886.138614 -3886.138614 -3886.132688 -3239.308502 832.403805 771.276001 705.918634 638.305970 569.413910 499.838426 430.280047 361.266516 293.598764 227.784465 164.457565 104.301613 47.775912 -4.690781 -52.627756 -95.670900 -134.012670 -167.454488 -196.200051 -221.537612 -242.862878 -261.988984 -278.093473 -292.629117 -304.967737 -315.926118 -325.192431 -333.338544 -340.332258 -346.910520 -353.177713 -360.446402 -370.164708 -384.301588 -406.550414 -441.696347 -543.282173 -1437.504286 -3878.110095 -3886.409462 -9999.0 -9999.0
-9999.0 -9999.0 -9999.0 -9999.0 -9999.0 -9999.0 -9999.0 -9999.0 -9999.0 -9999.0 -9999.0 -9999.0 -9999.0 -9999.0 -9999.0 -9999.0 -9999.0 -9999.0 -9999.0 -9999.0 -9999.0 -9999.0 -9999.0 -9999.0 -9999.0 -9999.0 -9999.0 -9999.0 -9999.0 -9999.0 -9999.0 -9999.0 -9999.0 -9999.0 -9999.0 -9999.0 -9999.0 -9999.0 -9999.0 -9999.0 -9999.0 -9999.0 -9999.0 -9999.0 -9999.0 -9999.0 -9999.0 -9999.0 -9999.0 -9999.0 -9999.0 -9999.0 -9999.0 -9999.0 -9999.0 -9999.0 -9999.0 -9999.0 -9999.0 -9999.0 -9999.0 -9999.0 -9999.0 -9999.0 -9999.0 -9999.0 -9999.0 -9999.0 -9999.0 -9999.0 -9999.0 -9999.0 -9999.0 -9999.0 -9999.0 -9999.0 -9999.0 -9999.0 -9999.0 -9999.0 -9999.0 -9999.0 -9999.0 -9999.0 -9999.0 -9999.0 -9999.0 -9999.0 -9999.0 -9999.0 -9999.0 -9999.0 -9999.0 -9999.0 -9999.0 -9999.0 -9999.0 -9999.0 -9999.0 -9999.0 -9999.0 -9999.0 -9999.0 -9999.0
-9999.0 -9999.0 -9999.0 -9999.0 -9999.0 -9999.0 -9999.0 -9999.0 -9999.0 -9999.0 -9999.0 -9999.0 -9999.0 -9999.0 -9999.0 -9999.0 -9999.0 -9999.0 -9999.0 -9999.0 -9999.0 -9999.0 -9999.0 -9999.0 -9999.0 -9999.0 -9999.0 -9999.0 -9999.0 -9999.0 -9999.0 -9999.0 -9999.0 -9999.0 -9999.0 -9999.0 -9999.0 -9999.0 -9999.0 -9999.0 -9999.0 -9999.0 -9999.0 -9999.0 -9999.0 -9999.0 -9999.0 -9999.0 -9999.0 -9999.0 -9999.0 -9999.0 -9999.0 -9999.0 -9999.0 -9999.0 -9999.0 -9999.0 -9999.0 -9999.0 -9999.0 -9999.0 -9999.0 -9999.0 -9999.0 -9999.0 -9999.0 -9999.0 -9999.0 -9999.0 -9999.0 -9999.0 -9999.0 -9999.0 -9999.0 -9999.0 -9999.0 -9999.0 -9999.0 -9999.0 -9999.0 -9999.0 -9999.0 -9999.0 -9999.0 -9999.0 -9999.0 -9999.0 -9999.0 -9999.0 -9999.0 -9999.0 -9999.0 -9999.0 -9999.0 -9999.0 -9999.0 -9999.0 -9999.0 -9999.0 -9999.0 -9999.0 -9999.0 -9999.0