inst/processing_geotop_simulation/geotop_simulation/out/maps3D/PwL0014N0101.asc
ncols         104
nrows         10
xllcorner     -2.000000
yllcorner     0.000000
cellsize      1.000000
NODATA_value  -9999.0
-9999.0 -9999.0 -9999.0 -9999.0 -9999.0 -9999.0 -9999.0 -9999.0 -9999.0 -9999.0 -9999.0 -9999.0 -9999.0 -9999.0 -9999.0 -9999.0 -9999.0 -9999.0 -9999.0 -9999.0 -9999.0 -9999.0 -9999.0 -9999.0 -9999.0 -9999.0 -9999.0 -9999.0 -9999.0 -9999.0 -9999.0 -9999.0 -9999.0 -9999.0 -9999.0 -9999.0 -9999.0 -9999.0 -9999.0 -9999.0 -9999.0 -9999.0 -9999.0 -9999.0 -9999.0 -9999.0 -9999.0 -9999.0 -9999.0 -9999.0 -9999.0 -9999.0 -9999.0 -9999.0 -9999.0 -9999.0 -9999.0 -9999.0 -9999.0 -9999.0 -9999.0 -9999.0 -9999.0 -9999.0 -9999.0 -9999.0 -9999.0 -9999.0 -9999.0 -9999.0 -9999.0 -9999.0 -9999.0 -9999.0 -9999.0 -9999.0 -9999.0 -9999.0 -9999.0 -9999.0 -9999.0 -9999.0 -9999.0 -9999.0 -9999.0 -9999.0 -9999.0 -9999.0 -9999.0 -9999.0 -9999.0 -9999.0 -9999.0 -9999.0 -9999.0 -9999.0 -9999.0 -9999.0 -9999.0 -9999.0 -9999.0 -9999.0 -9999.0 -9999.0
-9999.0 -9999.0 -9999.0 -9999.0 -9999.0 -9999.0 -9999.0 -9999.0 -9999.0 -9999.0 -9999.0 -9999.0 -9999.0 -9999.0 -9999.0 -9999.0 -9999.0 -9999.0 -9999.0 -9999.0 -9999.0 -9999.0 -9999.0 -9999.0 -9999.0 -9999.0 -9999.0 -9999.0 -9999.0 -9999.0 -9999.0 -9999.0 -9999.0 -9999.0 -9999.0 -9999.0 -9999.0 -9999.0 -9999.0 -9999.0 -9999.0 -9999.0 -9999.0 -9999.0 -9999.0 -9999.0 -9999.0 -9999.0 -9999.0 -9999.0 -9999.0 -9999.0 -9999.0 -9999.0 -9999.0 -9999.0 -9999.0 -9999.0 -9999.0 -9999.0 -9999.0 -9999.0 -9999.0 -9999.0 -9999.0 -9999.0 -9999.0 -9999.0 -9999.0 -9999.0 -9999.0 -9999.0 -9999.0 -9999.0 -9999.0 -9999.0 -9999.0 -9999.0 -9999.0 -9999.0 -9999.0 -9999.0 -9999.0 -9999.0 -9999.0 -9999.0 -9999.0 -9999.0 -9999.0 -9999.0 -9999.0 -9999.0 -9999.0 -9999.0 -9999.0 -9999.0 -9999.0 -9999.0 -9999.0 -9999.0 -9999.0 -9999.0 -9999.0 -9999.0
-9999.0 -9999.0 688.785677 598.003749 505.260098 411.182064 316.482604 221.521551 126.479934 31.453789 -63.491891 -158.389261 -253.432202 -349.195253 -446.689513 -547.696230 -654.497883 -760.940552 -859.644490 -954.259043 -1040.966480 -1093.813285 -1121.580774 -1133.826500 -1138.397661 -1139.852647 -1140.334556 -1140.657126 -1141.033956 -1141.464245 -1141.900107 -1142.301070 -1142.645366 -1142.926262 -1143.146292 -1143.314616 -1143.451671 -1143.600838 -1143.876594 -1145.215568 -1155.365502 -1243.271853 -2102.972105 -4272.500337 -4282.177991 -4282.178216 -4282.178216 -4282.178216 -4282.178216 -4282.178216 -4282.178216 -4282.178216 -4282.178216 -4282.178216 -4282.178216 -4282.178216 -4282.178216 -4282.178216 -4282.178216 -4282.177795 -4266.800971 -1991.377376 -1216.537310 -1151.743646 -1144.807386 -1144.011440 -1143.898971 -1143.880515 -1143.878858 -1143.880305 -1143.882021 -1143.883450 -1143.884547 -1143.885378 -1143.886011 -1143.886503 -1143.886891 -1143.887204 -1143.887464 -1143.887693 -1143.887914 -1143.888158 -1143.888462 -1143.888883 -1143.889503 -1143.890453 -1143.891945 -1143.894325 -1143.898175 -1143.904501 -1143.915106 -1143.933321 -1143.965525 -1144.024211 -1144.134250 -1144.345562 -1144.759755 -1145.592233 -1147.339453 -1151.264971 -1160.791899 -1186.271190 -9999.0 -9999.0
-9999.0 -9999.0 688.790896 598.005449 505.260607 411.182222 316.482655 221.521568 126.479939 31.453791 -63.491890 -158.389261 -253.432202 -349.195254 -446.689514 -547.696231 -654.497884 -760.940553 -859.644490 -954.259043 -1040.966480 -1093.813285 -1121.580774 -1133.826500 -1138.397661 -1139.852647 -1140.334556 -1140.657126 -1141.033956 -1141.464245 -1141.900107 -1142.301070 -1142.645366 -1142.926262 -1143.146292 -1143.314616 -1143.451671 -1143.600838 -1143.876594 -1145.215568 -1155.365502 -1243.271853 -2102.972104 -4272.500337 -4282.177991 -4282.178216 -4282.178216 -4282.178216 -4282.178216 -4282.178216 -4282.178216 -4282.178216 -4282.178216 -4282.178216 -4282.178216 -4282.178216 -4282.178216 -4282.178216 -4282.178216 -4282.177795 -4266.800971 -1991.377376 -1216.537310 -1151.743646 -1144.807386 -1144.011440 -1143.898971 -1143.880515 -1143.878858 -1143.880305 -1143.882021 -1143.883450 -1143.884547 -1143.885378 -1143.886011 -1143.886503 -1143.886891 -1143.887204 -1143.887464 -1143.887693 -1143.887914 -1143.888158 -1143.888462 -1143.888883 -1143.889503 -1143.890453 -1143.891945 -1143.894325 -1143.898175 -1143.904501 -1143.915106 -1143.933321 -1143.965525 -1144.024211 -1144.134250 -1144.345562 -1144.759755 -1145.592233 -1147.339453 -1151.264971 -1160.791899 -1186.271190 -9999.0 -9999.0
-9999.0 -9999.0 688.792461 598.006272 505.260945 411.182349 316.482701 221.521584 126.479945 31.453793 -63.491890 -158.389261 -253.432202 -349.195254 -446.689514 -547.696231 -654.497884 -760.940553 -859.644490 -954.259043 -1040.966480 -1093.813285 -1121.580774 -1133.826500 -1138.397661 -1139.852647 -1140.334556 -1140.657126 -1141.033956 -1141.464245 -1141.900107 -1142.301070 -1142.645366 -1142.926262 -1143.146292 -1143.314616 -1143.451671 -1143.600838 -1143.876594 -1145.215568 -1155.365502 -1243.271853 -2102.972104 -4272.500337 -4282.177991 -4282.178216 -4282.178216 -4282.178216 -4282.178216 -4282.178216 -4282.178216 -4282.178216 -4282.178216 -4282.178216 -4282.178216 -4282.178216 -4282.178216 -4282.178216 -4282.178216 -4282.177795 -4266.800971 -1991.377376 -1216.537310 -1151.743646 -1144.807386 -1144.011440 -1143.898971 -1143.880515 -1143.878858 -1143.880305 -1143.882021 -1143.883450 -1143.884547 -1143.885378 -1143.886011 -1143.886503 -1143.886891 -1143.887204 -1143.887464 -1143.887693 -1143.887914 -1143.888158 -1143.888462 -1143.888883 -1143.889503 -1143.890453 -1143.891945 -1143.894325 -1143.898175 -1143.904501 -1143.915106 -1143.933321 -1143.965525 -1144.024211 -1144.134250 -1144.345562 -1144.759755 -1145.592233 -1147.339453 -1151.264971 -1160.791899 -1186.271190 -9999.0 -9999.0
-9999.0 -9999.0 688.792461 598.006272 505.260945 411.182349 316.482701 221.521584 126.479945 31.453793 -63.491890 -158.389261 -253.432202 -349.195254 -446.689514 -547.696231 -654.497884 -760.940553 -859.644490 -954.259043 -1040.966480 -1093.813285 -1121.580774 -1133.826500 -1138.397661 -1139.852647 -1140.334556 -1140.657126 -1141.033956 -1141.464245 -1141.900107 -1142.301070 -1142.645366 -1142.926262 -1143.146292 -1143.314616 -1143.451671 -1143.600838 -1143.876594 -1145.215568 -1155.365502 -1243.271853 -2102.972104 -4272.500337 -4282.177991 -4282.178216 -4282.178216 -4282.178216 -4282.178216 -4282.178216 -4282.178216 -4282.178216 -4282.178216 -4282.178216 -4282.178216 -4282.178216 -4282.178216 -4282.178216 -4282.178216 -4282.177795 -4266.800971 -1991.377376 -1216.537310 -1151.743646 -1144.807386 -1144.011440 -1143.898971 -1143.880515 -1143.878858 -1143.880305 -1143.882021 -1143.883450 -1143.884547 -1143.885378 -1143.886011 -1143.886503 -1143.886891 -1143.887204 -1143.887464 -1143.887693 -1143.887914 -1143.888158 -1143.888462 -1143.888883 -1143.889503 -1143.890453 -1143.891945 -1143.894325 -1143.898175 -1143.904501 -1143.915106 -1143.933321 -1143.965525 -1144.024211 -1144.134250 -1144.345562 -1144.759755 -1145.592233 -1147.339453 -1151.264971 -1160.791899 -1186.271190 -9999.0 -9999.0
-9999.0 -9999.0 688.790896 598.005449 505.260607 411.182222 316.482655 221.521568 126.479939 31.453791 -63.491890 -158.389261 -253.432202 -349.195254 -446.689514 -547.696231 -654.497884 -760.940553 -859.644490 -954.259043 -1040.966480 -1093.813285 -1121.580774 -1133.826500 -1138.397661 -1139.852647 -1140.334556 -1140.657126 -1141.033956 -1141.464245 -1141.900107 -1142.301070 -1142.645366 -1142.926262 -1143.146292 -1143.314616 -1143.451671 -1143.600838 -1143.876594 -1145.215568 -1155.365502 -1243.271853 -2102.972104 -4272.500337 -4282.177991 -4282.178216 -4282.178216 -4282.178216 -4282.178216 -4282.178216 -4282.178216 -4282.178216 -4282.178216 -4282.178216 -4282.178216 -4282.178216 -4282.178216 -4282.178216 -4282.178216 -4282.177795 -4266.800971 -1991.377376 -1216.537310 -1151.743646 -1144.807386 -1144.011440 -1143.898971 -1143.880515 -1143.878858 -1143.880305 -1143.882021 -1143.883450 -1143.884547 -1143.885378 -1143.886011 -1143.886503 -1143.886891 -1143.887204 -1143.887464 -1143.887693 -1143.887914 -1143.888158 -1143.888462 -1143.888883 -1143.889503 -1143.890453 -1143.891945 -1143.894325 -1143.898175 -1143.904501 -1143.915106 -1143.933321 -1143.965525 -1144.024211 -1144.134250 -1144.345562 -1144.759755 -1145.592233 -1147.339453 -1151.264971 -1160.791899 -1186.271190 -9999.0 -9999.0
-9999.0 -9999.0 688.785677 598.003749 505.260098 411.182064 316.482604 221.521551 126.479934 31.453789 -63.491891 -158.389261 -253.432202 -349.195253 -446.689513 -547.696230 -654.497883 -760.940552 -859.644490 -954.259043 -1040.966480 -1093.813285 -1121.580774 -1133.826500 -1138.397661 -1139.852647 -1140.334556 -1140.657126 -1141.033956 -1141.464245 -1141.900107 -1142.301070 -1142.645366 -1142.926262 -1143.146292 -1143.314616 -1143.451671 -1143.600838 -1143.876594 -1145.215568 -1155.365502 -1243.271853 -2102.972105 -4272.500337 -4282.177991 -4282.178216 -4282.178216 -4282.178216 -4282.178216 -4282.178216 -4282.178216 -4282.178216 -4282.178216 -4282.178216 -4282.178216 -4282.178216 -4282.178216 -4282.178216 -4282.178216 -4282.177795 -4266.800971 -1991.377376 -1216.537310 -1151.743646 -1144.807386 -1144.011440 -1143.898971 -1143.880515 -1143.878858 -1143.880305 -1143.882021 -1143.883450 -1143.884547 -1143.885378 -1143.886011 -1143.886503 -1143.886891 -1143.887204 -1143.887464 -1143.887693 -1143.887914 -1143.888158 -1143.888462 -1143.888883 -1143.889503 -1143.890453 -1143.891945 -1143.894325 -1143.898175 -1143.904501 -1143.915106 -1143.933321 -1143.965525 -1144.024211 -1144.134250 -1144.345562 -1144.759755 -1145.592233 -1147.339453 -1151.264971 -1160.791899 -1186.271191 -9999.0 -9999.0
-9999.0 -9999.0 -9999.0 -9999.0 -9999.0 -9999.0 -9999.0 -9999.0 -9999.0 -9999.0 -9999.0 -9999.0 -9999.0 -9999.0 -9999.0 -9999.0 -9999.0 -9999.0 -9999.0 -9999.0 -9999.0 -9999.0 -9999.0 -9999.0 -9999.0 -9999.0 -9999.0 -9999.0 -9999.0 -9999.0 -9999.0 -9999.0 -9999.0 -9999.0 -9999.0 -9999.0 -9999.0 -9999.0 -9999.0 -9999.0 -9999.0 -9999.0 -9999.0 -9999.0 -9999.0 -9999.0 -9999.0 -9999.0 -9999.0 -9999.0 -9999.0 -9999.0 -9999.0 -9999.0 -9999.0 -9999.0 -9999.0 -9999.0 -9999.0 -9999.0 -9999.0 -9999.0 -9999.0 -9999.0 -9999.0 -9999.0 -9999.0 -9999.0 -9999.0 -9999.0 -9999.0 -9999.0 -9999.0 -9999.0 -9999.0 -9999.0 -9999.0 -9999.0 -9999.0 -9999.0 -9999.0 -9999.0 -9999.0 -9999.0 -9999.0 -9999.0 -9999.0 -9999.0 -9999.0 -9999.0 -9999.0 -9999.0 -9999.0 -9999.0 -9999.0 -9999.0 -9999.0 -9999.0 -9999.0 -9999.0 -9999.0 -9999.0 -9999.0 -9999.0
-9999.0 -9999.0 -9999.0 -9999.0 -9999.0 -9999.0 -9999.0 -9999.0 -9999.0 -9999.0 -9999.0 -9999.0 -9999.0 -9999.0 -9999.0 -9999.0 -9999.0 -9999.0 -9999.0 -9999.0 -9999.0 -9999.0 -9999.0 -9999.0 -9999.0 -9999.0 -9999.0 -9999.0 -9999.0 -9999.0 -9999.0 -9999.0 -9999.0 -9999.0 -9999.0 -9999.0 -9999.0 -9999.0 -9999.0 -9999.0 -9999.0 -9999.0 -9999.0 -9999.0 -9999.0 -9999.0 -9999.0 -9999.0 -9999.0 -9999.0 -9999.0 -9999.0 -9999.0 -9999.0 -9999.0 -9999.0 -9999.0 -9999.0 -9999.0 -9999.0 -9999.0 -9999.0 -9999.0 -9999.0 -9999.0 -9999.0 -9999.0 -9999.0 -9999.0 -9999.0 -9999.0 -9999.0 -9999.0 -9999.0 -9999.0 -9999.0 -9999.0 -9999.0 -9999.0 -9999.0 -9999.0 -9999.0 -9999.0 -9999.0 -9999.0 -9999.0 -9999.0 -9999.0 -9999.0 -9999.0 -9999.0 -9999.0 -9999.0 -9999.0 -9999.0 -9999.0 -9999.0 -9999.0 -9999.0 -9999.0 -9999.0 -9999.0 -9999.0 -9999.0