inst/processing_geotop_simulation/geotop_simulation/out/maps3D/PwL0010N0234.asc
ncols         104
nrows         10
xllcorner     -2.000000
yllcorner     0.000000
cellsize      1.000000
NODATA_value  -9999.0
-9999.0 -9999.0 -9999.0 -9999.0 -9999.0 -9999.0 -9999.0 -9999.0 -9999.0 -9999.0 -9999.0 -9999.0 -9999.0 -9999.0 -9999.0 -9999.0 -9999.0 -9999.0 -9999.0 -9999.0 -9999.0 -9999.0 -9999.0 -9999.0 -9999.0 -9999.0 -9999.0 -9999.0 -9999.0 -9999.0 -9999.0 -9999.0 -9999.0 -9999.0 -9999.0 -9999.0 -9999.0 -9999.0 -9999.0 -9999.0 -9999.0 -9999.0 -9999.0 -9999.0 -9999.0 -9999.0 -9999.0 -9999.0 -9999.0 -9999.0 -9999.0 -9999.0 -9999.0 -9999.0 -9999.0 -9999.0 -9999.0 -9999.0 -9999.0 -9999.0 -9999.0 -9999.0 -9999.0 -9999.0 -9999.0 -9999.0 -9999.0 -9999.0 -9999.0 -9999.0 -9999.0 -9999.0 -9999.0 -9999.0 -9999.0 -9999.0 -9999.0 -9999.0 -9999.0 -9999.0 -9999.0 -9999.0 -9999.0 -9999.0 -9999.0 -9999.0 -9999.0 -9999.0 -9999.0 -9999.0 -9999.0 -9999.0 -9999.0 -9999.0 -9999.0 -9999.0 -9999.0 -9999.0 -9999.0 -9999.0 -9999.0 -9999.0 -9999.0 -9999.0
-9999.0 -9999.0 -9999.0 -9999.0 -9999.0 -9999.0 -9999.0 -9999.0 -9999.0 -9999.0 -9999.0 -9999.0 -9999.0 -9999.0 -9999.0 -9999.0 -9999.0 -9999.0 -9999.0 -9999.0 -9999.0 -9999.0 -9999.0 -9999.0 -9999.0 -9999.0 -9999.0 -9999.0 -9999.0 -9999.0 -9999.0 -9999.0 -9999.0 -9999.0 -9999.0 -9999.0 -9999.0 -9999.0 -9999.0 -9999.0 -9999.0 -9999.0 -9999.0 -9999.0 -9999.0 -9999.0 -9999.0 -9999.0 -9999.0 -9999.0 -9999.0 -9999.0 -9999.0 -9999.0 -9999.0 -9999.0 -9999.0 -9999.0 -9999.0 -9999.0 -9999.0 -9999.0 -9999.0 -9999.0 -9999.0 -9999.0 -9999.0 -9999.0 -9999.0 -9999.0 -9999.0 -9999.0 -9999.0 -9999.0 -9999.0 -9999.0 -9999.0 -9999.0 -9999.0 -9999.0 -9999.0 -9999.0 -9999.0 -9999.0 -9999.0 -9999.0 -9999.0 -9999.0 -9999.0 -9999.0 -9999.0 -9999.0 -9999.0 -9999.0 -9999.0 -9999.0 -9999.0 -9999.0 -9999.0 -9999.0 -9999.0 -9999.0 -9999.0 -9999.0
-9999.0 -9999.0 476.838816 381.024906 283.885794 186.124695 88.099409 -10.033088 -108.194830 -206.350035 -304.450936 -402.420890 -500.095682 -597.131468 -693.111897 -789.567096 -885.636348 -981.334356 -1076.780295 -1167.638215 -1253.316169 -1330.311743 -1395.752260 -1448.480341 -1489.065212 -1519.184446 -1540.919764 -1556.269237 -1566.921546 -1574.206271 -1579.126255 -1582.414798 -1584.594739 -1586.030858 -1586.973285 -1587.593122 -1588.014978 -1588.370355 -1589.010369 -1591.455401 -1601.036324 -1623.852880 -1379.162428 -1652.595518 -1571.055366 -1522.588128 -1500.821613 -1497.978054 -1497.690300 -1497.720919 -1497.796845 -1497.878173 -1497.956253 -1498.028510 -1498.095347 -1498.171148 -1498.397794 -1499.997084 -1511.129927 -1536.765586 -1574.515083 -1288.819073 -1592.705068 -1594.482637 -1590.161396 -1589.082961 -1588.894638 -1588.865183 -1588.861187 -1588.861306 -1588.862008 -1588.862665 -1588.863188 -1588.863588 -1588.863895 -1588.864135 -1588.864325 -1588.864479 -1588.864609 -1588.864724 -1588.864838 -1588.864964 -1588.865124 -1588.865344 -1588.865670 -1588.866170 -1588.866956 -1588.868214 -1588.870263 -1588.873660 -1588.879419 -1588.889451 -1588.907445 -1588.940700 -1589.003895 -1589.127171 -1589.374845 -1589.893233 -1591.043173 -1593.794268 -1601.095718 -1624.107934 -9999.0 -9999.0
-9999.0 -9999.0 476.845268 381.026701 283.886294 186.124846 88.099457 -10.033072 -108.194824 -206.350033 -304.450935 -402.420890 -500.095681 -597.131468 -693.111897 -789.567096 -885.636348 -981.334356 -1076.780295 -1167.638216 -1253.316170 -1330.311743 -1395.752261 -1448.480341 -1489.065212 -1519.184447 -1540.919765 -1556.269237 -1566.921546 -1574.206271 -1579.126255 -1582.414798 -1584.594739 -1586.030858 -1586.973285 -1587.593122 -1588.014978 -1588.370355 -1589.010369 -1591.455401 -1601.036324 -1623.852880 -1379.162428 -1652.595517 -1571.055365 -1522.588126 -1500.821613 -1497.978054 -1497.690300 -1497.720919 -1497.796845 -1497.878173 -1497.956253 -1498.028510 -1498.095347 -1498.171148 -1498.397794 -1499.997084 -1511.129927 -1536.765586 -1574.515083 -1288.819073 -1592.705068 -1594.482637 -1590.161396 -1589.082961 -1588.894638 -1588.865183 -1588.861187 -1588.861306 -1588.862008 -1588.862665 -1588.863188 -1588.863588 -1588.863895 -1588.864135 -1588.864325 -1588.864479 -1588.864609 -1588.864724 -1588.864838 -1588.864964 -1588.865124 -1588.865344 -1588.865670 -1588.866170 -1588.866956 -1588.868214 -1588.870263 -1588.873660 -1588.879419 -1588.889451 -1588.907445 -1588.940700 -1589.003895 -1589.127171 -1589.374845 -1589.893233 -1591.043173 -1593.794268 -1601.095718 -1624.107934 -9999.0 -9999.0
-9999.0 -9999.0 476.846798 381.027505 283.886618 186.124965 88.099500 -10.033056 -108.194819 -206.350031 -304.450934 -402.420889 -500.095681 -597.131468 -693.111897 -789.567096 -885.636348 -981.334356 -1076.780295 -1167.638216 -1253.316170 -1330.311743 -1395.752261 -1448.480342 -1489.065212 -1519.184447 -1540.919765 -1556.269237 -1566.921546 -1574.206271 -1579.126255 -1582.414798 -1584.594739 -1586.030858 -1586.973285 -1587.593122 -1588.014978 -1588.370355 -1589.010369 -1591.455401 -1601.036324 -1623.852880 -1379.162428 -1652.595517 -1571.055365 -1522.588126 -1500.821613 -1497.978054 -1497.690300 -1497.720919 -1497.796845 -1497.878173 -1497.956253 -1498.028510 -1498.095347 -1498.171148 -1498.397794 -1499.997084 -1511.129927 -1536.765586 -1574.515083 -1288.819073 -1592.705068 -1594.482637 -1590.161396 -1589.082961 -1588.894638 -1588.865183 -1588.861187 -1588.861306 -1588.862008 -1588.862665 -1588.863188 -1588.863588 -1588.863895 -1588.864135 -1588.864325 -1588.864479 -1588.864609 -1588.864724 -1588.864838 -1588.864964 -1588.865124 -1588.865344 -1588.865670 -1588.866170 -1588.866956 -1588.868214 -1588.870263 -1588.873660 -1588.879419 -1588.889451 -1588.907445 -1588.940700 -1589.003895 -1589.127171 -1589.374845 -1589.893233 -1591.043173 -1593.794268 -1601.095718 -1624.107934 -9999.0 -9999.0
-9999.0 -9999.0 476.846798 381.027505 283.886618 186.124965 88.099500 -10.033056 -108.194819 -206.350031 -304.450935 -402.420889 -500.095681 -597.131468 -693.111897 -789.567096 -885.636348 -981.334356 -1076.780295 -1167.638216 -1253.316170 -1330.311743 -1395.752261 -1448.480342 -1489.065212 -1519.184447 -1540.919765 -1556.269237 -1566.921546 -1574.206271 -1579.126255 -1582.414798 -1584.594739 -1586.030858 -1586.973285 -1587.593122 -1588.014978 -1588.370355 -1589.010369 -1591.455401 -1601.036324 -1623.852880 -1379.162428 -1652.595517 -1571.055365 -1522.588126 -1500.821613 -1497.978054 -1497.690300 -1497.720919 -1497.796845 -1497.878173 -1497.956253 -1498.028510 -1498.095347 -1498.171148 -1498.397794 -1499.997084 -1511.129927 -1536.765586 -1574.515083 -1288.819073 -1592.705068 -1594.482637 -1590.161396 -1589.082961 -1588.894638 -1588.865183 -1588.861187 -1588.861306 -1588.862008 -1588.862665 -1588.863188 -1588.863588 -1588.863895 -1588.864135 -1588.864325 -1588.864479 -1588.864609 -1588.864724 -1588.864838 -1588.864964 -1588.865124 -1588.865344 -1588.865670 -1588.866170 -1588.866956 -1588.868214 -1588.870263 -1588.873660 -1588.879419 -1588.889451 -1588.907445 -1588.940700 -1589.003895 -1589.127171 -1589.374845 -1589.893233 -1591.043173 -1593.794268 -1601.095718 -1624.107934 -9999.0 -9999.0
-9999.0 -9999.0 476.845268 381.026700 283.886294 186.124846 88.099457 -10.033072 -108.194824 -206.350033 -304.450935 -402.420890 -500.095681 -597.131468 -693.111897 -789.567096 -885.636348 -981.334356 -1076.780295 -1167.638216 -1253.316170 -1330.311743 -1395.752261 -1448.480342 -1489.065212 -1519.184447 -1540.919765 -1556.269237 -1566.921546 -1574.206271 -1579.126255 -1582.414798 -1584.594739 -1586.030858 -1586.973285 -1587.593122 -1588.014978 -1588.370355 -1589.010369 -1591.455401 -1601.036324 -1623.852880 -1379.162428 -1652.595517 -1571.055365 -1522.588126 -1500.821613 -1497.978054 -1497.690300 -1497.720919 -1497.796845 -1497.878173 -1497.956253 -1498.028510 -1498.095347 -1498.171148 -1498.397794 -1499.997084 -1511.129927 -1536.765586 -1574.515083 -1288.819073 -1592.705068 -1594.482637 -1590.161396 -1589.082961 -1588.894638 -1588.865183 -1588.861187 -1588.861306 -1588.862008 -1588.862665 -1588.863188 -1588.863588 -1588.863895 -1588.864135 -1588.864325 -1588.864479 -1588.864609 -1588.864724 -1588.864838 -1588.864964 -1588.865124 -1588.865344 -1588.865670 -1588.866170 -1588.866956 -1588.868214 -1588.870263 -1588.873660 -1588.879419 -1588.889451 -1588.907445 -1588.940700 -1589.003895 -1589.127171 -1589.374845 -1589.893233 -1591.043173 -1593.794268 -1601.095718 -1624.107934 -9999.0 -9999.0
-9999.0 -9999.0 476.838816 381.024906 283.885794 186.124695 88.099409 -10.033088 -108.194830 -206.350035 -304.450936 -402.420890 -500.095682 -597.131468 -693.111897 -789.567096 -885.636348 -981.334356 -1076.780295 -1167.638215 -1253.316169 -1330.311743 -1395.752260 -1448.480341 -1489.065212 -1519.184446 -1540.919764 -1556.269237 -1566.921546 -1574.206271 -1579.126255 -1582.414798 -1584.594739 -1586.030858 -1586.973285 -1587.593122 -1588.014978 -1588.370355 -1589.010369 -1591.455401 -1601.036324 -1623.852880 -1379.162428 -1652.595518 -1571.055366 -1522.588128 -1500.821613 -1497.978054 -1497.690300 -1497.720919 -1497.796845 -1497.878173 -1497.956253 -1498.028510 -1498.095347 -1498.171148 -1498.397794 -1499.997084 -1511.129927 -1536.765586 -1574.515083 -1288.819073 -1592.705068 -1594.482637 -1590.161396 -1589.082961 -1588.894638 -1588.865183 -1588.861187 -1588.861306 -1588.862008 -1588.862665 -1588.863188 -1588.863588 -1588.863895 -1588.864135 -1588.864325 -1588.864479 -1588.864609 -1588.864724 -1588.864838 -1588.864964 -1588.865124 -1588.865344 -1588.865670 -1588.866170 -1588.866956 -1588.868214 -1588.870263 -1588.873660 -1588.879419 -1588.889451 -1588.907445 -1588.940700 -1589.003895 -1589.127171 -1589.374845 -1589.893233 -1591.043173 -1593.794268 -1601.095718 -1624.107934 -9999.0 -9999.0
-9999.0 -9999.0 -9999.0 -9999.0 -9999.0 -9999.0 -9999.0 -9999.0 -9999.0 -9999.0 -9999.0 -9999.0 -9999.0 -9999.0 -9999.0 -9999.0 -9999.0 -9999.0 -9999.0 -9999.0 -9999.0 -9999.0 -9999.0 -9999.0 -9999.0 -9999.0 -9999.0 -9999.0 -9999.0 -9999.0 -9999.0 -9999.0 -9999.0 -9999.0 -9999.0 -9999.0 -9999.0 -9999.0 -9999.0 -9999.0 -9999.0 -9999.0 -9999.0 -9999.0 -9999.0 -9999.0 -9999.0 -9999.0 -9999.0 -9999.0 -9999.0 -9999.0 -9999.0 -9999.0 -9999.0 -9999.0 -9999.0 -9999.0 -9999.0 -9999.0 -9999.0 -9999.0 -9999.0 -9999.0 -9999.0 -9999.0 -9999.0 -9999.0 -9999.0 -9999.0 -9999.0 -9999.0 -9999.0 -9999.0 -9999.0 -9999.0 -9999.0 -9999.0 -9999.0 -9999.0 -9999.0 -9999.0 -9999.0 -9999.0 -9999.0 -9999.0 -9999.0 -9999.0 -9999.0 -9999.0 -9999.0 -9999.0 -9999.0 -9999.0 -9999.0 -9999.0 -9999.0 -9999.0 -9999.0 -9999.0 -9999.0 -9999.0 -9999.0 -9999.0
-9999.0 -9999.0 -9999.0 -9999.0 -9999.0 -9999.0 -9999.0 -9999.0 -9999.0 -9999.0 -9999.0 -9999.0 -9999.0 -9999.0 -9999.0 -9999.0 -9999.0 -9999.0 -9999.0 -9999.0 -9999.0 -9999.0 -9999.0 -9999.0 -9999.0 -9999.0 -9999.0 -9999.0 -9999.0 -9999.0 -9999.0 -9999.0 -9999.0 -9999.0 -9999.0 -9999.0 -9999.0 -9999.0 -9999.0 -9999.0 -9999.0 -9999.0 -9999.0 -9999.0 -9999.0 -9999.0 -9999.0 -9999.0 -9999.0 -9999.0 -9999.0 -9999.0 -9999.0 -9999.0 -9999.0 -9999.0 -9999.0 -9999.0 -9999.0 -9999.0 -9999.0 -9999.0 -9999.0 -9999.0 -9999.0 -9999.0 -9999.0 -9999.0 -9999.0 -9999.0 -9999.0 -9999.0 -9999.0 -9999.0 -9999.0 -9999.0 -9999.0 -9999.0 -9999.0 -9999.0 -9999.0 -9999.0 -9999.0 -9999.0 -9999.0 -9999.0 -9999.0 -9999.0 -9999.0 -9999.0 -9999.0 -9999.0 -9999.0 -9999.0 -9999.0 -9999.0 -9999.0 -9999.0 -9999.0 -9999.0 -9999.0 -9999.0 -9999.0 -9999.0