inst/processing_geotop_simulation/geotop_simulation/out/maps3D/PwL0003N0127.asc
ncols         104
nrows         10
xllcorner     -2.000000
yllcorner     0.000000
cellsize      1.000000
NODATA_value  -9999.0
-9999.0 -9999.0 -9999.0 -9999.0 -9999.0 -9999.0 -9999.0 -9999.0 -9999.0 -9999.0 -9999.0 -9999.0 -9999.0 -9999.0 -9999.0 -9999.0 -9999.0 -9999.0 -9999.0 -9999.0 -9999.0 -9999.0 -9999.0 -9999.0 -9999.0 -9999.0 -9999.0 -9999.0 -9999.0 -9999.0 -9999.0 -9999.0 -9999.0 -9999.0 -9999.0 -9999.0 -9999.0 -9999.0 -9999.0 -9999.0 -9999.0 -9999.0 -9999.0 -9999.0 -9999.0 -9999.0 -9999.0 -9999.0 -9999.0 -9999.0 -9999.0 -9999.0 -9999.0 -9999.0 -9999.0 -9999.0 -9999.0 -9999.0 -9999.0 -9999.0 -9999.0 -9999.0 -9999.0 -9999.0 -9999.0 -9999.0 -9999.0 -9999.0 -9999.0 -9999.0 -9999.0 -9999.0 -9999.0 -9999.0 -9999.0 -9999.0 -9999.0 -9999.0 -9999.0 -9999.0 -9999.0 -9999.0 -9999.0 -9999.0 -9999.0 -9999.0 -9999.0 -9999.0 -9999.0 -9999.0 -9999.0 -9999.0 -9999.0 -9999.0 -9999.0 -9999.0 -9999.0 -9999.0 -9999.0 -9999.0 -9999.0 -9999.0 -9999.0 -9999.0
-9999.0 -9999.0 -9999.0 -9999.0 -9999.0 -9999.0 -9999.0 -9999.0 -9999.0 -9999.0 -9999.0 -9999.0 -9999.0 -9999.0 -9999.0 -9999.0 -9999.0 -9999.0 -9999.0 -9999.0 -9999.0 -9999.0 -9999.0 -9999.0 -9999.0 -9999.0 -9999.0 -9999.0 -9999.0 -9999.0 -9999.0 -9999.0 -9999.0 -9999.0 -9999.0 -9999.0 -9999.0 -9999.0 -9999.0 -9999.0 -9999.0 -9999.0 -9999.0 -9999.0 -9999.0 -9999.0 -9999.0 -9999.0 -9999.0 -9999.0 -9999.0 -9999.0 -9999.0 -9999.0 -9999.0 -9999.0 -9999.0 -9999.0 -9999.0 -9999.0 -9999.0 -9999.0 -9999.0 -9999.0 -9999.0 -9999.0 -9999.0 -9999.0 -9999.0 -9999.0 -9999.0 -9999.0 -9999.0 -9999.0 -9999.0 -9999.0 -9999.0 -9999.0 -9999.0 -9999.0 -9999.0 -9999.0 -9999.0 -9999.0 -9999.0 -9999.0 -9999.0 -9999.0 -9999.0 -9999.0 -9999.0 -9999.0 -9999.0 -9999.0 -9999.0 -9999.0 -9999.0 -9999.0 -9999.0 -9999.0 -9999.0 -9999.0 -9999.0 -9999.0
-9999.0 -9999.0 135.473762 51.731106 -39.953003 -133.745435 -228.334785 -323.221224 -418.140542 -512.922662 -607.355223 -701.453309 -796.419679 -894.509051 -993.972933 -1090.266816 -1190.570016 -1292.935405 -1380.513698 -1437.392888 -1467.319015 -1482.312551 -1489.466976 -1493.050647 -1495.286030 -1497.148427 -1498.939526 -1500.654133 -1502.200066 -1503.505172 -1504.546223 -1505.339549 -1505.922645 -1506.338764 -1506.628129 -1506.826031 -1506.968864 -1507.106527 -1507.349753 -1508.481210 -1515.402018 -1532.366320 -977.604256 -977.368082 -964.015321 -955.721007 -951.843049 -951.301216 -951.246677 -951.256389 -951.276007 -951.296858 -951.316871 -951.335387 -951.352431 -951.370924 -951.419660 -951.740705 -953.795862 -958.464253 -965.979210 -957.037641 -1513.114109 -1512.031575 -1508.087096 -1507.432128 -1507.329973 -1507.312989 -1507.311401 -1507.312651 -1507.314157 -1507.315412 -1507.316376 -1507.317105 -1507.317660 -1507.318090 -1507.318429 -1507.318702 -1507.318929 -1507.319128 -1507.319321 -1507.319533 -1507.319798 -1507.320164 -1507.320704 -1507.321532 -1507.322833 -1507.324907 -1507.328262 -1507.333776 -1507.343020 -1507.358898 -1507.386965 -1507.438096 -1507.533896 -1507.717554 -1508.076121 -1508.790093 -1510.259047 -1513.455299 -1521.042522 -1542.599384 -9999.0 -9999.0
-9999.0 -9999.0 135.485834 51.733463 -39.952409 -133.745262 -228.334731 -323.221205 -418.140536 -512.922660 -607.355222 -701.453309 -796.419679 -894.509051 -993.972933 -1090.266816 -1190.570016 -1292.935405 -1380.513698 -1437.392888 -1467.319015 -1482.312551 -1489.466976 -1493.050647 -1495.286030 -1497.148427 -1498.939526 -1500.654133 -1502.200066 -1503.505172 -1504.546223 -1505.339549 -1505.922645 -1506.338764 -1506.628129 -1506.826031 -1506.968864 -1507.106527 -1507.349753 -1508.481210 -1515.402018 -1532.366320 -977.604256 -977.368082 -964.015321 -955.721007 -951.843049 -951.301216 -951.246677 -951.256389 -951.276007 -951.296858 -951.316871 -951.335387 -951.352431 -951.370924 -951.419660 -951.740705 -953.795862 -958.464253 -965.979210 -957.037641 -1513.114109 -1512.031575 -1508.087096 -1507.432128 -1507.329973 -1507.312989 -1507.311401 -1507.312651 -1507.314157 -1507.315412 -1507.316376 -1507.317105 -1507.317660 -1507.318090 -1507.318429 -1507.318702 -1507.318929 -1507.319128 -1507.319321 -1507.319533 -1507.319798 -1507.320164 -1507.320704 -1507.321532 -1507.322833 -1507.324907 -1507.328262 -1507.333776 -1507.343020 -1507.358898 -1507.386965 -1507.438096 -1507.533896 -1507.717554 -1508.076121 -1508.790093 -1510.259047 -1513.455299 -1521.042522 -1542.599384 -9999.0 -9999.0
-9999.0 -9999.0 135.487340 51.734405 -39.952035 -133.745127 -228.334683 -323.221189 -418.140530 -512.922658 -607.355221 -701.453308 -796.419679 -894.509051 -993.972933 -1090.266816 -1190.570016 -1292.935405 -1380.513698 -1437.392888 -1467.319015 -1482.312551 -1489.466976 -1493.050647 -1495.286030 -1497.148427 -1498.939526 -1500.654133 -1502.200066 -1503.505172 -1504.546223 -1505.339549 -1505.922645 -1506.338764 -1506.628129 -1506.826031 -1506.968864 -1507.106527 -1507.349753 -1508.481210 -1515.402018 -1532.366320 -977.604256 -977.368082 -964.015321 -955.721007 -951.843049 -951.301216 -951.246677 -951.256389 -951.276007 -951.296858 -951.316871 -951.335387 -951.352431 -951.370924 -951.419660 -951.740705 -953.795862 -958.464253 -965.979210 -957.037641 -1513.114109 -1512.031575 -1508.087096 -1507.432128 -1507.329973 -1507.312989 -1507.311401 -1507.312651 -1507.314157 -1507.315412 -1507.316376 -1507.317105 -1507.317660 -1507.318090 -1507.318429 -1507.318702 -1507.318929 -1507.319128 -1507.319321 -1507.319533 -1507.319798 -1507.320164 -1507.320704 -1507.321532 -1507.322833 -1507.324907 -1507.328262 -1507.333776 -1507.343020 -1507.358898 -1507.386965 -1507.438096 -1507.533896 -1507.717554 -1508.076121 -1508.790093 -1510.259047 -1513.455299 -1521.042522 -1542.599384 -9999.0 -9999.0
-9999.0 -9999.0 135.487340 51.734405 -39.952035 -133.745127 -228.334683 -323.221188 -418.140530 -512.922657 -607.355221 -701.453308 -796.419679 -894.509051 -993.972933 -1090.266816 -1190.570016 -1292.935405 -1380.513698 -1437.392888 -1467.319015 -1482.312551 -1489.466976 -1493.050647 -1495.286030 -1497.148427 -1498.939526 -1500.654133 -1502.200066 -1503.505172 -1504.546223 -1505.339549 -1505.922645 -1506.338764 -1506.628129 -1506.826031 -1506.968864 -1507.106527 -1507.349753 -1508.481210 -1515.402018 -1532.366320 -977.604256 -977.368082 -964.015321 -955.721007 -951.843049 -951.301216 -951.246677 -951.256389 -951.276007 -951.296858 -951.316871 -951.335387 -951.352431 -951.370924 -951.419660 -951.740705 -953.795862 -958.464253 -965.979210 -957.037641 -1513.114109 -1512.031575 -1508.087096 -1507.432128 -1507.329973 -1507.312989 -1507.311401 -1507.312651 -1507.314157 -1507.315412 -1507.316376 -1507.317105 -1507.317660 -1507.318090 -1507.318429 -1507.318702 -1507.318929 -1507.319128 -1507.319321 -1507.319533 -1507.319798 -1507.320164 -1507.320704 -1507.321532 -1507.322833 -1507.324907 -1507.328262 -1507.333776 -1507.343020 -1507.358898 -1507.386965 -1507.438096 -1507.533896 -1507.717554 -1508.076121 -1508.790093 -1510.259047 -1513.455299 -1521.042522 -1542.599384 -9999.0 -9999.0
-9999.0 -9999.0 135.485834 51.733463 -39.952409 -133.745262 -228.334731 -323.221205 -418.140536 -512.922660 -607.355222 -701.453309 -796.419679 -894.509051 -993.972933 -1090.266816 -1190.570016 -1292.935405 -1380.513698 -1437.392888 -1467.319015 -1482.312551 -1489.466976 -1493.050647 -1495.286030 -1497.148427 -1498.939526 -1500.654133 -1502.200066 -1503.505172 -1504.546223 -1505.339549 -1505.922645 -1506.338764 -1506.628129 -1506.826031 -1506.968864 -1507.106527 -1507.349753 -1508.481210 -1515.402018 -1532.366320 -977.604256 -977.368082 -964.015321 -955.721007 -951.843049 -951.301216 -951.246677 -951.256389 -951.276007 -951.296858 -951.316871 -951.335387 -951.352431 -951.370924 -951.419660 -951.740705 -953.795862 -958.464253 -965.979210 -957.037641 -1513.114109 -1512.031575 -1508.087096 -1507.432128 -1507.329973 -1507.312989 -1507.311401 -1507.312651 -1507.314157 -1507.315412 -1507.316376 -1507.317105 -1507.317660 -1507.318090 -1507.318429 -1507.318702 -1507.318929 -1507.319128 -1507.319321 -1507.319533 -1507.319798 -1507.320164 -1507.320704 -1507.321532 -1507.322833 -1507.324907 -1507.328262 -1507.333776 -1507.343020 -1507.358898 -1507.386965 -1507.438096 -1507.533896 -1507.717554 -1508.076121 -1508.790093 -1510.259047 -1513.455299 -1521.042522 -1542.599384 -9999.0 -9999.0
-9999.0 -9999.0 135.473762 51.731106 -39.953003 -133.745435 -228.334786 -323.221223 -418.140542 -512.922662 -607.355223 -701.453309 -796.419679 -894.509051 -993.972933 -1090.266816 -1190.570016 -1292.935405 -1380.513698 -1437.392888 -1467.319015 -1482.312551 -1489.466976 -1493.050647 -1495.286030 -1497.148427 -1498.939526 -1500.654133 -1502.200066 -1503.505172 -1504.546223 -1505.339549 -1505.922645 -1506.338764 -1506.628129 -1506.826031 -1506.968864 -1507.106527 -1507.349753 -1508.481210 -1515.402018 -1532.366320 -977.604256 -977.368082 -964.015321 -955.721007 -951.843049 -951.301216 -951.246677 -951.256389 -951.276007 -951.296858 -951.316871 -951.335387 -951.352431 -951.370924 -951.419660 -951.740705 -953.795862 -958.464253 -965.979210 -957.037641 -1513.114109 -1512.031575 -1508.087096 -1507.432128 -1507.329973 -1507.312989 -1507.311401 -1507.312651 -1507.314157 -1507.315412 -1507.316376 -1507.317105 -1507.317660 -1507.318090 -1507.318429 -1507.318702 -1507.318929 -1507.319128 -1507.319321 -1507.319533 -1507.319798 -1507.320164 -1507.320704 -1507.321532 -1507.322833 -1507.324907 -1507.328262 -1507.333776 -1507.343020 -1507.358898 -1507.386965 -1507.438096 -1507.533896 -1507.717554 -1508.076121 -1508.790093 -1510.259047 -1513.455299 -1521.042522 -1542.599384 -9999.0 -9999.0
-9999.0 -9999.0 -9999.0 -9999.0 -9999.0 -9999.0 -9999.0 -9999.0 -9999.0 -9999.0 -9999.0 -9999.0 -9999.0 -9999.0 -9999.0 -9999.0 -9999.0 -9999.0 -9999.0 -9999.0 -9999.0 -9999.0 -9999.0 -9999.0 -9999.0 -9999.0 -9999.0 -9999.0 -9999.0 -9999.0 -9999.0 -9999.0 -9999.0 -9999.0 -9999.0 -9999.0 -9999.0 -9999.0 -9999.0 -9999.0 -9999.0 -9999.0 -9999.0 -9999.0 -9999.0 -9999.0 -9999.0 -9999.0 -9999.0 -9999.0 -9999.0 -9999.0 -9999.0 -9999.0 -9999.0 -9999.0 -9999.0 -9999.0 -9999.0 -9999.0 -9999.0 -9999.0 -9999.0 -9999.0 -9999.0 -9999.0 -9999.0 -9999.0 -9999.0 -9999.0 -9999.0 -9999.0 -9999.0 -9999.0 -9999.0 -9999.0 -9999.0 -9999.0 -9999.0 -9999.0 -9999.0 -9999.0 -9999.0 -9999.0 -9999.0 -9999.0 -9999.0 -9999.0 -9999.0 -9999.0 -9999.0 -9999.0 -9999.0 -9999.0 -9999.0 -9999.0 -9999.0 -9999.0 -9999.0 -9999.0 -9999.0 -9999.0 -9999.0 -9999.0
-9999.0 -9999.0 -9999.0 -9999.0 -9999.0 -9999.0 -9999.0 -9999.0 -9999.0 -9999.0 -9999.0 -9999.0 -9999.0 -9999.0 -9999.0 -9999.0 -9999.0 -9999.0 -9999.0 -9999.0 -9999.0 -9999.0 -9999.0 -9999.0 -9999.0 -9999.0 -9999.0 -9999.0 -9999.0 -9999.0 -9999.0 -9999.0 -9999.0 -9999.0 -9999.0 -9999.0 -9999.0 -9999.0 -9999.0 -9999.0 -9999.0 -9999.0 -9999.0 -9999.0 -9999.0 -9999.0 -9999.0 -9999.0 -9999.0 -9999.0 -9999.0 -9999.0 -9999.0 -9999.0 -9999.0 -9999.0 -9999.0 -9999.0 -9999.0 -9999.0 -9999.0 -9999.0 -9999.0 -9999.0 -9999.0 -9999.0 -9999.0 -9999.0 -9999.0 -9999.0 -9999.0 -9999.0 -9999.0 -9999.0 -9999.0 -9999.0 -9999.0 -9999.0 -9999.0 -9999.0 -9999.0 -9999.0 -9999.0 -9999.0 -9999.0 -9999.0 -9999.0 -9999.0 -9999.0 -9999.0 -9999.0 -9999.0 -9999.0 -9999.0 -9999.0 -9999.0 -9999.0 -9999.0 -9999.0 -9999.0 -9999.0 -9999.0 -9999.0 -9999.0