inst/processing_geotop_simulation/geotop_simulation/out/maps3D/PwL0002N0078.asc
ncols         104
nrows         10
xllcorner     -2.000000
yllcorner     0.000000
cellsize      1.000000
NODATA_value  -9999.0
-9999.0 -9999.0 -9999.0 -9999.0 -9999.0 -9999.0 -9999.0 -9999.0 -9999.0 -9999.0 -9999.0 -9999.0 -9999.0 -9999.0 -9999.0 -9999.0 -9999.0 -9999.0 -9999.0 -9999.0 -9999.0 -9999.0 -9999.0 -9999.0 -9999.0 -9999.0 -9999.0 -9999.0 -9999.0 -9999.0 -9999.0 -9999.0 -9999.0 -9999.0 -9999.0 -9999.0 -9999.0 -9999.0 -9999.0 -9999.0 -9999.0 -9999.0 -9999.0 -9999.0 -9999.0 -9999.0 -9999.0 -9999.0 -9999.0 -9999.0 -9999.0 -9999.0 -9999.0 -9999.0 -9999.0 -9999.0 -9999.0 -9999.0 -9999.0 -9999.0 -9999.0 -9999.0 -9999.0 -9999.0 -9999.0 -9999.0 -9999.0 -9999.0 -9999.0 -9999.0 -9999.0 -9999.0 -9999.0 -9999.0 -9999.0 -9999.0 -9999.0 -9999.0 -9999.0 -9999.0 -9999.0 -9999.0 -9999.0 -9999.0 -9999.0 -9999.0 -9999.0 -9999.0 -9999.0 -9999.0 -9999.0 -9999.0 -9999.0 -9999.0 -9999.0 -9999.0 -9999.0 -9999.0 -9999.0 -9999.0 -9999.0 -9999.0 -9999.0 -9999.0
-9999.0 -9999.0 -9999.0 -9999.0 -9999.0 -9999.0 -9999.0 -9999.0 -9999.0 -9999.0 -9999.0 -9999.0 -9999.0 -9999.0 -9999.0 -9999.0 -9999.0 -9999.0 -9999.0 -9999.0 -9999.0 -9999.0 -9999.0 -9999.0 -9999.0 -9999.0 -9999.0 -9999.0 -9999.0 -9999.0 -9999.0 -9999.0 -9999.0 -9999.0 -9999.0 -9999.0 -9999.0 -9999.0 -9999.0 -9999.0 -9999.0 -9999.0 -9999.0 -9999.0 -9999.0 -9999.0 -9999.0 -9999.0 -9999.0 -9999.0 -9999.0 -9999.0 -9999.0 -9999.0 -9999.0 -9999.0 -9999.0 -9999.0 -9999.0 -9999.0 -9999.0 -9999.0 -9999.0 -9999.0 -9999.0 -9999.0 -9999.0 -9999.0 -9999.0 -9999.0 -9999.0 -9999.0 -9999.0 -9999.0 -9999.0 -9999.0 -9999.0 -9999.0 -9999.0 -9999.0 -9999.0 -9999.0 -9999.0 -9999.0 -9999.0 -9999.0 -9999.0 -9999.0 -9999.0 -9999.0 -9999.0 -9999.0 -9999.0 -9999.0 -9999.0 -9999.0 -9999.0 -9999.0 -9999.0 -9999.0 -9999.0 -9999.0 -9999.0 -9999.0
-9999.0 -9999.0 -76.799015 -177.247270 -278.329910 -381.112318 -488.019064 -605.989910 -753.982360 -937.164706 -1094.840893 -1137.300094 -1156.166425 -1180.350906 -1221.342501 -1269.590625 -1298.639109 -1307.214150 -1302.984080 -1294.623674 -1287.197823 -1282.641952 -1281.216789 -1282.462032 -1285.651356 -1289.995229 -1294.741400 -1299.274048 -1303.196128 -1306.342335 -1308.722057 -1310.441181 -1311.638824 -1312.448323 -1312.979936 -1313.318929 -1313.539777 -1313.733732 -1313.959471 -1314.339118 -1318.475393 -1341.455834 -866.987212 -861.273855 -848.654947 -840.947778 -837.350327 -836.859099 -836.811700 -836.825238 -836.848949 -836.873960 -836.897945 -836.920127 -836.940439 -836.961436 -837.008974 -837.306209 -839.235067 -843.685024 -851.176249 -848.617509 -1325.846893 -1317.252705 -1314.592932 -1314.136586 -1314.043266 -1314.026503 -1314.026297 -1314.029065 -1314.031837 -1314.034062 -1314.035747 -1314.037014 -1314.037978 -1314.038723 -1314.039311 -1314.039783 -1314.040172 -1314.040511 -1314.040836 -1314.041188 -1314.041623 -1314.042218 -1314.043093 -1314.044429 -1314.046521 -1314.049848 -1314.055207 -1314.063968 -1314.078548 -1314.103378 -1314.146850 -1314.225310 -1314.371137 -1314.648763 -1315.186016 -1316.236939 -1318.321615 -1322.588899 -1331.861011 -1354.818270 -9999.0 -9999.0
-9999.0 -9999.0 -76.799016 -177.247271 -278.329911 -381.112319 -488.019064 -605.989911 -753.982361 -937.164706 -1094.840894 -1137.300094 -1156.166425 -1180.350906 -1221.342501 -1269.590625 -1298.639109 -1307.214150 -1302.984080 -1294.623674 -1287.197823 -1282.641952 -1281.216789 -1282.462032 -1285.651356 -1289.995229 -1294.741400 -1299.274048 -1303.196128 -1306.342335 -1308.722057 -1310.441181 -1311.638824 -1312.448323 -1312.979936 -1313.318929 -1313.539777 -1313.733732 -1313.959471 -1314.339118 -1318.475393 -1341.455834 -866.987212 -861.273855 -848.654947 -840.947778 -837.350327 -836.859099 -836.811700 -836.825238 -836.848949 -836.873960 -836.897945 -836.920127 -836.940439 -836.961436 -837.008974 -837.306209 -839.235067 -843.685024 -851.176249 -848.617509 -1325.846893 -1317.252705 -1314.592932 -1314.136586 -1314.043266 -1314.026503 -1314.026297 -1314.029065 -1314.031837 -1314.034062 -1314.035747 -1314.037014 -1314.037978 -1314.038723 -1314.039311 -1314.039783 -1314.040172 -1314.040511 -1314.040836 -1314.041188 -1314.041623 -1314.042218 -1314.043093 -1314.044429 -1314.046521 -1314.049848 -1314.055207 -1314.063968 -1314.078548 -1314.103378 -1314.146850 -1314.225310 -1314.371137 -1314.648763 -1315.186016 -1316.236939 -1318.321615 -1322.588899 -1331.861011 -1354.818270 -9999.0 -9999.0
-9999.0 -9999.0 -76.799016 -177.247271 -278.329911 -381.112319 -488.019064 -605.989911 -753.982361 -937.164707 -1094.840894 -1137.300094 -1156.166425 -1180.350906 -1221.342501 -1269.590625 -1298.639109 -1307.214150 -1302.984080 -1294.623674 -1287.197823 -1282.641952 -1281.216789 -1282.462032 -1285.651356 -1289.995229 -1294.741400 -1299.274048 -1303.196128 -1306.342335 -1308.722057 -1310.441181 -1311.638824 -1312.448323 -1312.979936 -1313.318929 -1313.539777 -1313.733732 -1313.959471 -1314.339118 -1318.475393 -1341.455834 -866.987212 -861.273855 -848.654947 -840.947778 -837.350327 -836.859099 -836.811700 -836.825238 -836.848949 -836.873960 -836.897945 -836.920127 -836.940439 -836.961436 -837.008974 -837.306209 -839.235067 -843.685024 -851.176249 -848.617509 -1325.846893 -1317.252705 -1314.592932 -1314.136586 -1314.043266 -1314.026503 -1314.026297 -1314.029065 -1314.031837 -1314.034062 -1314.035747 -1314.037014 -1314.037978 -1314.038723 -1314.039311 -1314.039783 -1314.040172 -1314.040511 -1314.040836 -1314.041188 -1314.041623 -1314.042218 -1314.043093 -1314.044429 -1314.046521 -1314.049848 -1314.055207 -1314.063968 -1314.078548 -1314.103378 -1314.146850 -1314.225310 -1314.371137 -1314.648763 -1315.186016 -1316.236939 -1318.321615 -1322.588899 -1331.861011 -1354.818270 -9999.0 -9999.0
-9999.0 -9999.0 -76.799016 -177.247271 -278.329911 -381.112319 -488.019064 -605.989911 -753.982361 -937.164707 -1094.840894 -1137.300094 -1156.166425 -1180.350906 -1221.342501 -1269.590625 -1298.639109 -1307.214150 -1302.984080 -1294.623674 -1287.197823 -1282.641952 -1281.216789 -1282.462032 -1285.651356 -1289.995229 -1294.741400 -1299.274048 -1303.196128 -1306.342335 -1308.722057 -1310.441181 -1311.638824 -1312.448323 -1312.979936 -1313.318929 -1313.539777 -1313.733732 -1313.959471 -1314.339118 -1318.475393 -1341.455834 -866.987212 -861.273855 -848.654947 -840.947778 -837.350327 -836.859099 -836.811700 -836.825238 -836.848949 -836.873960 -836.897945 -836.920127 -836.940439 -836.961436 -837.008974 -837.306209 -839.235067 -843.685024 -851.176249 -848.617509 -1325.846893 -1317.252705 -1314.592932 -1314.136586 -1314.043266 -1314.026503 -1314.026297 -1314.029065 -1314.031837 -1314.034062 -1314.035747 -1314.037014 -1314.037978 -1314.038723 -1314.039311 -1314.039783 -1314.040172 -1314.040511 -1314.040836 -1314.041188 -1314.041623 -1314.042218 -1314.043093 -1314.044429 -1314.046521 -1314.049848 -1314.055207 -1314.063968 -1314.078548 -1314.103378 -1314.146850 -1314.225310 -1314.371137 -1314.648763 -1315.186016 -1316.236939 -1318.321615 -1322.588899 -1331.861011 -1354.818270 -9999.0 -9999.0
-9999.0 -9999.0 -76.799016 -177.247271 -278.329911 -381.112319 -488.019064 -605.989911 -753.982361 -937.164706 -1094.840894 -1137.300094 -1156.166425 -1180.350906 -1221.342501 -1269.590625 -1298.639109 -1307.214150 -1302.984080 -1294.623674 -1287.197823 -1282.641952 -1281.216789 -1282.462032 -1285.651356 -1289.995229 -1294.741400 -1299.274048 -1303.196128 -1306.342335 -1308.722057 -1310.441181 -1311.638824 -1312.448323 -1312.979936 -1313.318929 -1313.539777 -1313.733732 -1313.959471 -1314.339118 -1318.475393 -1341.455834 -866.987212 -861.273855 -848.654947 -840.947778 -837.350327 -836.859099 -836.811700 -836.825238 -836.848949 -836.873960 -836.897945 -836.920127 -836.940439 -836.961436 -837.008974 -837.306209 -839.235067 -843.685024 -851.176249 -848.617509 -1325.846893 -1317.252705 -1314.592932 -1314.136586 -1314.043266 -1314.026503 -1314.026297 -1314.029065 -1314.031837 -1314.034062 -1314.035747 -1314.037014 -1314.037978 -1314.038723 -1314.039311 -1314.039783 -1314.040172 -1314.040511 -1314.040836 -1314.041188 -1314.041623 -1314.042218 -1314.043093 -1314.044429 -1314.046521 -1314.049848 -1314.055207 -1314.063968 -1314.078548 -1314.103378 -1314.146850 -1314.225310 -1314.371137 -1314.648763 -1315.186016 -1316.236939 -1318.321615 -1322.588899 -1331.861011 -1354.818270 -9999.0 -9999.0
-9999.0 -9999.0 -76.799015 -177.247270 -278.329910 -381.112318 -488.019064 -605.989910 -753.982360 -937.164705 -1094.840893 -1137.300094 -1156.166425 -1180.350906 -1221.342501 -1269.590625 -1298.639109 -1307.214150 -1302.984080 -1294.623674 -1287.197823 -1282.641952 -1281.216789 -1282.462032 -1285.651356 -1289.995229 -1294.741400 -1299.274048 -1303.196128 -1306.342335 -1308.722057 -1310.441181 -1311.638824 -1312.448323 -1312.979936 -1313.318929 -1313.539777 -1313.733732 -1313.959471 -1314.339118 -1318.475393 -1341.455834 -866.987212 -861.273855 -848.654947 -840.947778 -837.350327 -836.859099 -836.811700 -836.825238 -836.848949 -836.873960 -836.897945 -836.920127 -836.940439 -836.961436 -837.008974 -837.306209 -839.235067 -843.685024 -851.176249 -848.617509 -1325.846893 -1317.252705 -1314.592932 -1314.136586 -1314.043266 -1314.026503 -1314.026297 -1314.029065 -1314.031837 -1314.034062 -1314.035747 -1314.037014 -1314.037978 -1314.038723 -1314.039311 -1314.039783 -1314.040172 -1314.040511 -1314.040836 -1314.041188 -1314.041623 -1314.042218 -1314.043093 -1314.044429 -1314.046521 -1314.049848 -1314.055207 -1314.063968 -1314.078548 -1314.103378 -1314.146850 -1314.225310 -1314.371137 -1314.648763 -1315.186016 -1316.236939 -1318.321615 -1322.588899 -1331.861011 -1354.818270 -9999.0 -9999.0
-9999.0 -9999.0 -9999.0 -9999.0 -9999.0 -9999.0 -9999.0 -9999.0 -9999.0 -9999.0 -9999.0 -9999.0 -9999.0 -9999.0 -9999.0 -9999.0 -9999.0 -9999.0 -9999.0 -9999.0 -9999.0 -9999.0 -9999.0 -9999.0 -9999.0 -9999.0 -9999.0 -9999.0 -9999.0 -9999.0 -9999.0 -9999.0 -9999.0 -9999.0 -9999.0 -9999.0 -9999.0 -9999.0 -9999.0 -9999.0 -9999.0 -9999.0 -9999.0 -9999.0 -9999.0 -9999.0 -9999.0 -9999.0 -9999.0 -9999.0 -9999.0 -9999.0 -9999.0 -9999.0 -9999.0 -9999.0 -9999.0 -9999.0 -9999.0 -9999.0 -9999.0 -9999.0 -9999.0 -9999.0 -9999.0 -9999.0 -9999.0 -9999.0 -9999.0 -9999.0 -9999.0 -9999.0 -9999.0 -9999.0 -9999.0 -9999.0 -9999.0 -9999.0 -9999.0 -9999.0 -9999.0 -9999.0 -9999.0 -9999.0 -9999.0 -9999.0 -9999.0 -9999.0 -9999.0 -9999.0 -9999.0 -9999.0 -9999.0 -9999.0 -9999.0 -9999.0 -9999.0 -9999.0 -9999.0 -9999.0 -9999.0 -9999.0 -9999.0 -9999.0
-9999.0 -9999.0 -9999.0 -9999.0 -9999.0 -9999.0 -9999.0 -9999.0 -9999.0 -9999.0 -9999.0 -9999.0 -9999.0 -9999.0 -9999.0 -9999.0 -9999.0 -9999.0 -9999.0 -9999.0 -9999.0 -9999.0 -9999.0 -9999.0 -9999.0 -9999.0 -9999.0 -9999.0 -9999.0 -9999.0 -9999.0 -9999.0 -9999.0 -9999.0 -9999.0 -9999.0 -9999.0 -9999.0 -9999.0 -9999.0 -9999.0 -9999.0 -9999.0 -9999.0 -9999.0 -9999.0 -9999.0 -9999.0 -9999.0 -9999.0 -9999.0 -9999.0 -9999.0 -9999.0 -9999.0 -9999.0 -9999.0 -9999.0 -9999.0 -9999.0 -9999.0 -9999.0 -9999.0 -9999.0 -9999.0 -9999.0 -9999.0 -9999.0 -9999.0 -9999.0 -9999.0 -9999.0 -9999.0 -9999.0 -9999.0 -9999.0 -9999.0 -9999.0 -9999.0 -9999.0 -9999.0 -9999.0 -9999.0 -9999.0 -9999.0 -9999.0 -9999.0 -9999.0 -9999.0 -9999.0 -9999.0 -9999.0 -9999.0 -9999.0 -9999.0 -9999.0 -9999.0 -9999.0 -9999.0 -9999.0 -9999.0 -9999.0 -9999.0 -9999.0