inst/processing_geotop_simulation/geotop_simulation/out/maps3D/PwL0001N0296.asc
ncols         104
nrows         10
xllcorner     -2.000000
yllcorner     0.000000
cellsize      1.000000
NODATA_value  -9999.0
-9999.0 -9999.0 -9999.0 -9999.0 -9999.0 -9999.0 -9999.0 -9999.0 -9999.0 -9999.0 -9999.0 -9999.0 -9999.0 -9999.0 -9999.0 -9999.0 -9999.0 -9999.0 -9999.0 -9999.0 -9999.0 -9999.0 -9999.0 -9999.0 -9999.0 -9999.0 -9999.0 -9999.0 -9999.0 -9999.0 -9999.0 -9999.0 -9999.0 -9999.0 -9999.0 -9999.0 -9999.0 -9999.0 -9999.0 -9999.0 -9999.0 -9999.0 -9999.0 -9999.0 -9999.0 -9999.0 -9999.0 -9999.0 -9999.0 -9999.0 -9999.0 -9999.0 -9999.0 -9999.0 -9999.0 -9999.0 -9999.0 -9999.0 -9999.0 -9999.0 -9999.0 -9999.0 -9999.0 -9999.0 -9999.0 -9999.0 -9999.0 -9999.0 -9999.0 -9999.0 -9999.0 -9999.0 -9999.0 -9999.0 -9999.0 -9999.0 -9999.0 -9999.0 -9999.0 -9999.0 -9999.0 -9999.0 -9999.0 -9999.0 -9999.0 -9999.0 -9999.0 -9999.0 -9999.0 -9999.0 -9999.0 -9999.0 -9999.0 -9999.0 -9999.0 -9999.0 -9999.0 -9999.0 -9999.0 -9999.0 -9999.0 -9999.0 -9999.0 -9999.0
-9999.0 -9999.0 -9999.0 -9999.0 -9999.0 -9999.0 -9999.0 -9999.0 -9999.0 -9999.0 -9999.0 -9999.0 -9999.0 -9999.0 -9999.0 -9999.0 -9999.0 -9999.0 -9999.0 -9999.0 -9999.0 -9999.0 -9999.0 -9999.0 -9999.0 -9999.0 -9999.0 -9999.0 -9999.0 -9999.0 -9999.0 -9999.0 -9999.0 -9999.0 -9999.0 -9999.0 -9999.0 -9999.0 -9999.0 -9999.0 -9999.0 -9999.0 -9999.0 -9999.0 -9999.0 -9999.0 -9999.0 -9999.0 -9999.0 -9999.0 -9999.0 -9999.0 -9999.0 -9999.0 -9999.0 -9999.0 -9999.0 -9999.0 -9999.0 -9999.0 -9999.0 -9999.0 -9999.0 -9999.0 -9999.0 -9999.0 -9999.0 -9999.0 -9999.0 -9999.0 -9999.0 -9999.0 -9999.0 -9999.0 -9999.0 -9999.0 -9999.0 -9999.0 -9999.0 -9999.0 -9999.0 -9999.0 -9999.0 -9999.0 -9999.0 -9999.0 -9999.0 -9999.0 -9999.0 -9999.0 -9999.0 -9999.0 -9999.0 -9999.0 -9999.0 -9999.0 -9999.0 -9999.0 -9999.0 -9999.0 -9999.0 -9999.0 -9999.0 -9999.0
-9999.0 -9999.0 27.039323 -68.595016 -166.608577 -265.137061 -363.852198 -462.628447 -561.401966 -660.117685 -758.676599 -856.999908 -955.020657 -1052.637766 -1150.150185 -1247.485968 -1343.904083 -1438.847691 -1531.545995 -1620.745862 -1703.755756 -1776.738768 -1836.800934 -1883.383927 -1917.915933 -1942.726971 -1960.187111 -1972.298754 -1980.606743 -1986.250271 -1990.050243 -1992.589088 -1994.274374 -1995.387463 -1996.120443 -1996.605168 -1996.940777 -1997.246166 -1997.865095 -2000.052267 -2005.011864 -1967.019723 -1215.261617 -1211.901984 -1201.696245 -1195.092341 -1191.987834 -1191.512614 -1191.461785 -1191.467265 -1191.480998 -1191.495753 -1191.509934 -1191.523068 -1191.535260 -1191.549430 -1191.593016 -1191.880317 -1193.544828 -1197.245405 -1202.553841 -1198.600607 -1944.609858 -1999.250207 -1998.695402 -1997.828648 -1997.640695 -1997.609027 -1997.604489 -1997.604403 -1997.604971 -1997.605528 -1997.605975 -1997.606319 -1997.606583 -1997.606788 -1997.606951 -1997.607083 -1997.607194 -1997.607294 -1997.607392 -1997.607502 -1997.607640 -1997.607833 -1997.608117 -1997.608555 -1997.609244 -1997.610348 -1997.612149 -1997.615140 -1997.620224 -1997.629101 -1997.645068 -1997.674648 -1997.730989 -1997.841176 -1998.063326 -1998.530594 -1999.574821 -2002.109727 -2009.045793 -2031.821144 -9999.0 -9999.0
-9999.0 -9999.0 27.051587 -68.592980 -166.608069 -265.136913 -363.852150 -462.628431 -561.401960 -660.117683 -758.676598 -856.999908 -955.020657 -1052.637766 -1150.150185 -1247.485968 -1343.904083 -1438.847691 -1531.545995 -1620.745862 -1703.755756 -1776.738769 -1836.800934 -1883.383927 -1917.915933 -1942.726971 -1960.187111 -1972.298754 -1980.606743 -1986.250271 -1990.050243 -1992.589088 -1994.274374 -1995.387463 -1996.120443 -1996.605168 -1996.940777 -1997.246166 -1997.865095 -2000.052267 -2005.011864 -1967.019723 -1215.261617 -1211.901984 -1201.696245 -1195.092340 -1191.987834 -1191.512614 -1191.461785 -1191.467265 -1191.480998 -1191.495753 -1191.509934 -1191.523068 -1191.535260 -1191.549430 -1191.593016 -1191.880317 -1193.544828 -1197.245405 -1202.553841 -1198.600607 -1944.609858 -1999.250207 -1998.695402 -1997.828648 -1997.640695 -1997.609027 -1997.604489 -1997.604403 -1997.604971 -1997.605528 -1997.605975 -1997.606319 -1997.606583 -1997.606788 -1997.606951 -1997.607083 -1997.607194 -1997.607294 -1997.607392 -1997.607502 -1997.607640 -1997.607833 -1997.608117 -1997.608555 -1997.609244 -1997.610348 -1997.612149 -1997.615140 -1997.620224 -1997.629101 -1997.645068 -1997.674648 -1997.730989 -1997.841176 -1998.063326 -1998.530594 -1999.574821 -2002.109727 -2009.045793 -2031.821144 -9999.0 -9999.0
-9999.0 -9999.0 27.052719 -68.592165 -166.607748 -265.136797 -363.852109 -462.628416 -561.401955 -660.117681 -758.676597 -856.999907 -955.020657 -1052.637766 -1150.150185 -1247.485968 -1343.904083 -1438.847691 -1531.545995 -1620.745862 -1703.755756 -1776.738769 -1836.800934 -1883.383928 -1917.915933 -1942.726971 -1960.187111 -1972.298754 -1980.606743 -1986.250271 -1990.050243 -1992.589088 -1994.274374 -1995.387463 -1996.120443 -1996.605168 -1996.940777 -1997.246166 -1997.865095 -2000.052267 -2005.011864 -1967.019723 -1215.261617 -1211.901984 -1201.696245 -1195.092340 -1191.987834 -1191.512614 -1191.461785 -1191.467265 -1191.480998 -1191.495753 -1191.509934 -1191.523068 -1191.535260 -1191.549430 -1191.593016 -1191.880317 -1193.544828 -1197.245405 -1202.553841 -1198.600607 -1944.609858 -1999.250207 -1998.695402 -1997.828648 -1997.640695 -1997.609027 -1997.604489 -1997.604403 -1997.604971 -1997.605528 -1997.605975 -1997.606319 -1997.606583 -1997.606788 -1997.606951 -1997.607083 -1997.607194 -1997.607294 -1997.607392 -1997.607502 -1997.607640 -1997.607833 -1997.608117 -1997.608555 -1997.609244 -1997.610348 -1997.612149 -1997.615140 -1997.620224 -1997.629101 -1997.645068 -1997.674648 -1997.730989 -1997.841176 -1998.063326 -1998.530594 -1999.574821 -2002.109727 -2009.045793 -2031.821144 -9999.0 -9999.0
-9999.0 -9999.0 27.052719 -68.592166 -166.607748 -265.136797 -363.852109 -462.628416 -561.401955 -660.117681 -758.676597 -856.999907 -955.020657 -1052.637766 -1150.150185 -1247.485968 -1343.904083 -1438.847691 -1531.545995 -1620.745862 -1703.755756 -1776.738769 -1836.800934 -1883.383928 -1917.915933 -1942.726971 -1960.187111 -1972.298754 -1980.606743 -1986.250271 -1990.050243 -1992.589088 -1994.274374 -1995.387463 -1996.120443 -1996.605168 -1996.940777 -1997.246166 -1997.865095 -2000.052267 -2005.011864 -1967.019723 -1215.261617 -1211.901984 -1201.696245 -1195.092340 -1191.987834 -1191.512614 -1191.461785 -1191.467265 -1191.480998 -1191.495753 -1191.509934 -1191.523068 -1191.535260 -1191.549430 -1191.593016 -1191.880317 -1193.544828 -1197.245405 -1202.553841 -1198.600607 -1944.609858 -1999.250207 -1998.695402 -1997.828648 -1997.640695 -1997.609027 -1997.604489 -1997.604403 -1997.604971 -1997.605528 -1997.605975 -1997.606319 -1997.606583 -1997.606788 -1997.606951 -1997.607083 -1997.607194 -1997.607294 -1997.607392 -1997.607502 -1997.607640 -1997.607833 -1997.608117 -1997.608555 -1997.609244 -1997.610348 -1997.612149 -1997.615140 -1997.620224 -1997.629101 -1997.645068 -1997.674648 -1997.730989 -1997.841176 -1998.063326 -1998.530594 -1999.574821 -2002.109727 -2009.045793 -2031.821144 -9999.0 -9999.0
-9999.0 -9999.0 27.051587 -68.592980 -166.608069 -265.136913 -363.852151 -462.628431 -561.401960 -660.117683 -758.676598 -856.999908 -955.020657 -1052.637766 -1150.150185 -1247.485968 -1343.904083 -1438.847691 -1531.545995 -1620.745862 -1703.755756 -1776.738769 -1836.800934 -1883.383927 -1917.915933 -1942.726971 -1960.187111 -1972.298754 -1980.606743 -1986.250271 -1990.050243 -1992.589088 -1994.274374 -1995.387463 -1996.120443 -1996.605168 -1996.940777 -1997.246166 -1997.865095 -2000.052267 -2005.011864 -1967.019723 -1215.261617 -1211.901984 -1201.696245 -1195.092340 -1191.987834 -1191.512614 -1191.461785 -1191.467265 -1191.480998 -1191.495753 -1191.509934 -1191.523068 -1191.535260 -1191.549430 -1191.593016 -1191.880317 -1193.544828 -1197.245405 -1202.553841 -1198.600607 -1944.609858 -1999.250207 -1998.695402 -1997.828648 -1997.640695 -1997.609027 -1997.604489 -1997.604403 -1997.604971 -1997.605528 -1997.605975 -1997.606319 -1997.606583 -1997.606788 -1997.606951 -1997.607083 -1997.607194 -1997.607294 -1997.607392 -1997.607502 -1997.607640 -1997.607833 -1997.608117 -1997.608555 -1997.609244 -1997.610348 -1997.612149 -1997.615140 -1997.620224 -1997.629101 -1997.645068 -1997.674648 -1997.730989 -1997.841176 -1998.063326 -1998.530594 -1999.574821 -2002.109727 -2009.045793 -2031.821144 -9999.0 -9999.0
-9999.0 -9999.0 27.039323 -68.595016 -166.608576 -265.137061 -363.852197 -462.628447 -561.401966 -660.117685 -758.676599 -856.999908 -955.020657 -1052.637766 -1150.150185 -1247.485968 -1343.904083 -1438.847691 -1531.545995 -1620.745862 -1703.755756 -1776.738768 -1836.800934 -1883.383927 -1917.915933 -1942.726971 -1960.187111 -1972.298754 -1980.606743 -1986.250271 -1990.050243 -1992.589088 -1994.274374 -1995.387463 -1996.120443 -1996.605168 -1996.940777 -1997.246166 -1997.865095 -2000.052267 -2005.011864 -1967.019723 -1215.261617 -1211.901984 -1201.696245 -1195.092341 -1191.987834 -1191.512614 -1191.461785 -1191.467265 -1191.480998 -1191.495753 -1191.509934 -1191.523068 -1191.535260 -1191.549430 -1191.593016 -1191.880317 -1193.544828 -1197.245405 -1202.553841 -1198.600607 -1944.609858 -1999.250207 -1998.695402 -1997.828648 -1997.640695 -1997.609027 -1997.604489 -1997.604403 -1997.604971 -1997.605528 -1997.605975 -1997.606319 -1997.606583 -1997.606788 -1997.606951 -1997.607083 -1997.607194 -1997.607294 -1997.607392 -1997.607502 -1997.607640 -1997.607833 -1997.608117 -1997.608555 -1997.609244 -1997.610348 -1997.612149 -1997.615140 -1997.620224 -1997.629101 -1997.645068 -1997.674648 -1997.730989 -1997.841176 -1998.063326 -1998.530594 -1999.574821 -2002.109727 -2009.045793 -2031.821144 -9999.0 -9999.0
-9999.0 -9999.0 -9999.0 -9999.0 -9999.0 -9999.0 -9999.0 -9999.0 -9999.0 -9999.0 -9999.0 -9999.0 -9999.0 -9999.0 -9999.0 -9999.0 -9999.0 -9999.0 -9999.0 -9999.0 -9999.0 -9999.0 -9999.0 -9999.0 -9999.0 -9999.0 -9999.0 -9999.0 -9999.0 -9999.0 -9999.0 -9999.0 -9999.0 -9999.0 -9999.0 -9999.0 -9999.0 -9999.0 -9999.0 -9999.0 -9999.0 -9999.0 -9999.0 -9999.0 -9999.0 -9999.0 -9999.0 -9999.0 -9999.0 -9999.0 -9999.0 -9999.0 -9999.0 -9999.0 -9999.0 -9999.0 -9999.0 -9999.0 -9999.0 -9999.0 -9999.0 -9999.0 -9999.0 -9999.0 -9999.0 -9999.0 -9999.0 -9999.0 -9999.0 -9999.0 -9999.0 -9999.0 -9999.0 -9999.0 -9999.0 -9999.0 -9999.0 -9999.0 -9999.0 -9999.0 -9999.0 -9999.0 -9999.0 -9999.0 -9999.0 -9999.0 -9999.0 -9999.0 -9999.0 -9999.0 -9999.0 -9999.0 -9999.0 -9999.0 -9999.0 -9999.0 -9999.0 -9999.0 -9999.0 -9999.0 -9999.0 -9999.0 -9999.0 -9999.0
-9999.0 -9999.0 -9999.0 -9999.0 -9999.0 -9999.0 -9999.0 -9999.0 -9999.0 -9999.0 -9999.0 -9999.0 -9999.0 -9999.0 -9999.0 -9999.0 -9999.0 -9999.0 -9999.0 -9999.0 -9999.0 -9999.0 -9999.0 -9999.0 -9999.0 -9999.0 -9999.0 -9999.0 -9999.0 -9999.0 -9999.0 -9999.0 -9999.0 -9999.0 -9999.0 -9999.0 -9999.0 -9999.0 -9999.0 -9999.0 -9999.0 -9999.0 -9999.0 -9999.0 -9999.0 -9999.0 -9999.0 -9999.0 -9999.0 -9999.0 -9999.0 -9999.0 -9999.0 -9999.0 -9999.0 -9999.0 -9999.0 -9999.0 -9999.0 -9999.0 -9999.0 -9999.0 -9999.0 -9999.0 -9999.0 -9999.0 -9999.0 -9999.0 -9999.0 -9999.0 -9999.0 -9999.0 -9999.0 -9999.0 -9999.0 -9999.0 -9999.0 -9999.0 -9999.0 -9999.0 -9999.0 -9999.0 -9999.0 -9999.0 -9999.0 -9999.0 -9999.0 -9999.0 -9999.0 -9999.0 -9999.0 -9999.0 -9999.0 -9999.0 -9999.0 -9999.0 -9999.0 -9999.0 -9999.0 -9999.0 -9999.0 -9999.0 -9999.0 -9999.0