inst/processing_geotop_simulation/geotop_simulation/out/maps3D/PwL0012N0065.asc
ncols         104
nrows         10
xllcorner     -2.000000
yllcorner     0.000000
cellsize      1.000000
NODATA_value  -9999.0
-9999.0 -9999.0 -9999.0 -9999.0 -9999.0 -9999.0 -9999.0 -9999.0 -9999.0 -9999.0 -9999.0 -9999.0 -9999.0 -9999.0 -9999.0 -9999.0 -9999.0 -9999.0 -9999.0 -9999.0 -9999.0 -9999.0 -9999.0 -9999.0 -9999.0 -9999.0 -9999.0 -9999.0 -9999.0 -9999.0 -9999.0 -9999.0 -9999.0 -9999.0 -9999.0 -9999.0 -9999.0 -9999.0 -9999.0 -9999.0 -9999.0 -9999.0 -9999.0 -9999.0 -9999.0 -9999.0 -9999.0 -9999.0 -9999.0 -9999.0 -9999.0 -9999.0 -9999.0 -9999.0 -9999.0 -9999.0 -9999.0 -9999.0 -9999.0 -9999.0 -9999.0 -9999.0 -9999.0 -9999.0 -9999.0 -9999.0 -9999.0 -9999.0 -9999.0 -9999.0 -9999.0 -9999.0 -9999.0 -9999.0 -9999.0 -9999.0 -9999.0 -9999.0 -9999.0 -9999.0 -9999.0 -9999.0 -9999.0 -9999.0 -9999.0 -9999.0 -9999.0 -9999.0 -9999.0 -9999.0 -9999.0 -9999.0 -9999.0 -9999.0 -9999.0 -9999.0 -9999.0 -9999.0 -9999.0 -9999.0 -9999.0 -9999.0 -9999.0 -9999.0
-9999.0 -9999.0 -9999.0 -9999.0 -9999.0 -9999.0 -9999.0 -9999.0 -9999.0 -9999.0 -9999.0 -9999.0 -9999.0 -9999.0 -9999.0 -9999.0 -9999.0 -9999.0 -9999.0 -9999.0 -9999.0 -9999.0 -9999.0 -9999.0 -9999.0 -9999.0 -9999.0 -9999.0 -9999.0 -9999.0 -9999.0 -9999.0 -9999.0 -9999.0 -9999.0 -9999.0 -9999.0 -9999.0 -9999.0 -9999.0 -9999.0 -9999.0 -9999.0 -9999.0 -9999.0 -9999.0 -9999.0 -9999.0 -9999.0 -9999.0 -9999.0 -9999.0 -9999.0 -9999.0 -9999.0 -9999.0 -9999.0 -9999.0 -9999.0 -9999.0 -9999.0 -9999.0 -9999.0 -9999.0 -9999.0 -9999.0 -9999.0 -9999.0 -9999.0 -9999.0 -9999.0 -9999.0 -9999.0 -9999.0 -9999.0 -9999.0 -9999.0 -9999.0 -9999.0 -9999.0 -9999.0 -9999.0 -9999.0 -9999.0 -9999.0 -9999.0 -9999.0 -9999.0 -9999.0 -9999.0 -9999.0 -9999.0 -9999.0 -9999.0 -9999.0 -9999.0 -9999.0 -9999.0 -9999.0 -9999.0 -9999.0 -9999.0 -9999.0 -9999.0
-9999.0 -9999.0 49.228726 -50.477997 -150.248914 -251.616965 -357.679398 -472.441137 -598.041245 -726.409145 -823.115504 -861.488798 -862.328853 -848.411914 -834.535629 -826.451315 -870.925677 -914.140323 -957.408289 -1002.370773 -983.748738 -967.956015 -957.693930 -952.748531 -951.921484 -953.856612 -957.327716 -961.360122 -965.286128 -968.732677 -971.552221 -973.741322 -975.373265 -976.549999 -977.373697 -977.934947 -978.321129 -978.643991 -978.978105 -979.466002 -985.316152 -1062.925854 -2202.620442 -4377.420366 -4381.187998 -4381.187920 -4381.187804 -4381.187787 -4381.187785 -4381.187785 -4381.187785 -4381.187786 -4381.187786 -4381.187786 -4381.187787 -4381.187787 -4381.187788 -4381.187797 -4381.187862 -4381.187883 -4375.356808 -2100.710639 -1043.201403 -984.128198 -979.865909 -979.327678 -979.221643 -979.202546 -979.202199 -979.205251 -979.208336 -979.210822 -979.212710 -979.214134 -979.215220 -979.216061 -979.216726 -979.217261 -979.217703 -979.218090 -979.218460 -979.218862 -979.219360 -979.220042 -979.221043 -979.222573 -979.224969 -979.228777 -979.234915 -979.244951 -979.261659 -979.290128 -979.340009 -979.430126 -979.597841 -979.917736 -980.538688 -981.760978 -984.221584 -989.424436 -1001.299068 -1030.393300 -9999.0 -9999.0
-9999.0 -9999.0 49.228728 -50.477996 -150.248912 -251.616963 -357.679396 -472.441136 -598.041244 -726.409144 -823.115503 -861.488798 -862.328853 -848.411914 -834.535629 -826.451315 -870.925677 -914.140323 -957.408289 -1002.370773 -983.748738 -967.956015 -957.693930 -952.748531 -951.921484 -953.856612 -957.327716 -961.360122 -965.286128 -968.732677 -971.552221 -973.741322 -975.373265 -976.549999 -977.373697 -977.934947 -978.321129 -978.643991 -978.978105 -979.466002 -985.316152 -1062.925854 -2202.620441 -4377.420366 -4381.187998 -4381.187920 -4381.187804 -4381.187787 -4381.187785 -4381.187785 -4381.187785 -4381.187786 -4381.187786 -4381.187786 -4381.187787 -4381.187787 -4381.187788 -4381.187797 -4381.187862 -4381.187883 -4375.356808 -2100.710639 -1043.201403 -984.128198 -979.865909 -979.327678 -979.221643 -979.202546 -979.202199 -979.205251 -979.208336 -979.210822 -979.212710 -979.214134 -979.215220 -979.216061 -979.216726 -979.217261 -979.217703 -979.218090 -979.218460 -979.218862 -979.219360 -979.220042 -979.221043 -979.222573 -979.224969 -979.228777 -979.234915 -979.244951 -979.261659 -979.290128 -979.340009 -979.430126 -979.597841 -979.917736 -980.538688 -981.760978 -984.221584 -989.424436 -1001.299068 -1030.393300 -9999.0 -9999.0
-9999.0 -9999.0 49.228728 -50.477995 -150.248911 -251.616962 -357.679395 -472.441134 -598.041243 -726.409144 -823.115503 -861.488798 -862.328853 -848.411914 -834.535629 -826.451315 -870.925677 -914.140323 -957.408289 -1002.370773 -983.748738 -967.956015 -957.693930 -952.748531 -951.921484 -953.856612 -957.327716 -961.360122 -965.286128 -968.732677 -971.552221 -973.741322 -975.373265 -976.549999 -977.373697 -977.934947 -978.321129 -978.643991 -978.978105 -979.466002 -985.316152 -1062.925854 -2202.620441 -4377.420366 -4381.187998 -4381.187920 -4381.187804 -4381.187787 -4381.187785 -4381.187785 -4381.187785 -4381.187786 -4381.187786 -4381.187786 -4381.187787 -4381.187787 -4381.187788 -4381.187797 -4381.187862 -4381.187883 -4375.356808 -2100.710639 -1043.201403 -984.128198 -979.865909 -979.327678 -979.221643 -979.202546 -979.202199 -979.205251 -979.208336 -979.210822 -979.212710 -979.214134 -979.215220 -979.216061 -979.216726 -979.217261 -979.217703 -979.218090 -979.218460 -979.218862 -979.219360 -979.220042 -979.221043 -979.222573 -979.224969 -979.228777 -979.234915 -979.244951 -979.261659 -979.290128 -979.340009 -979.430126 -979.597841 -979.917736 -980.538688 -981.760978 -984.221584 -989.424436 -1001.299068 -1030.393300 -9999.0 -9999.0
-9999.0 -9999.0 49.228729 -50.477995 -150.248911 -251.616962 -357.679395 -472.441135 -598.041243 -726.409144 -823.115503 -861.488798 -862.328853 -848.411914 -834.535629 -826.451315 -870.925677 -914.140323 -957.408289 -1002.370773 -983.748738 -967.956015 -957.693930 -952.748531 -951.921484 -953.856612 -957.327716 -961.360122 -965.286128 -968.732677 -971.552221 -973.741322 -975.373265 -976.549999 -977.373697 -977.934947 -978.321129 -978.643991 -978.978105 -979.466002 -985.316152 -1062.925854 -2202.620441 -4377.420366 -4381.187998 -4381.187920 -4381.187804 -4381.187787 -4381.187785 -4381.187785 -4381.187785 -4381.187786 -4381.187786 -4381.187786 -4381.187787 -4381.187787 -4381.187788 -4381.187797 -4381.187862 -4381.187883 -4375.356808 -2100.710639 -1043.201403 -984.128198 -979.865909 -979.327678 -979.221643 -979.202546 -979.202199 -979.205251 -979.208336 -979.210822 -979.212710 -979.214134 -979.215220 -979.216061 -979.216726 -979.217261 -979.217703 -979.218090 -979.218460 -979.218862 -979.219360 -979.220042 -979.221043 -979.222573 -979.224969 -979.228777 -979.234915 -979.244951 -979.261659 -979.290128 -979.340009 -979.430126 -979.597841 -979.917736 -980.538688 -981.760978 -984.221584 -989.424436 -1001.299068 -1030.393300 -9999.0 -9999.0
-9999.0 -9999.0 49.228728 -50.477996 -150.248912 -251.616963 -357.679396 -472.441136 -598.041244 -726.409144 -823.115503 -861.488798 -862.328853 -848.411914 -834.535629 -826.451315 -870.925677 -914.140323 -957.408289 -1002.370773 -983.748738 -967.956015 -957.693930 -952.748531 -951.921484 -953.856612 -957.327716 -961.360122 -965.286128 -968.732677 -971.552221 -973.741322 -975.373265 -976.549999 -977.373697 -977.934947 -978.321129 -978.643991 -978.978105 -979.466002 -985.316152 -1062.925854 -2202.620441 -4377.420366 -4381.187998 -4381.187920 -4381.187804 -4381.187787 -4381.187785 -4381.187785 -4381.187785 -4381.187786 -4381.187786 -4381.187786 -4381.187787 -4381.187787 -4381.187788 -4381.187797 -4381.187862 -4381.187883 -4375.356808 -2100.710639 -1043.201403 -984.128198 -979.865909 -979.327678 -979.221643 -979.202546 -979.202199 -979.205251 -979.208336 -979.210822 -979.212710 -979.214134 -979.215220 -979.216061 -979.216726 -979.217261 -979.217703 -979.218090 -979.218460 -979.218862 -979.219360 -979.220042 -979.221043 -979.222573 -979.224969 -979.228777 -979.234915 -979.244951 -979.261659 -979.290128 -979.340009 -979.430126 -979.597841 -979.917736 -980.538688 -981.760978 -984.221584 -989.424436 -1001.299068 -1030.393300 -9999.0 -9999.0
-9999.0 -9999.0 49.228726 -50.477998 -150.248914 -251.616966 -357.679398 -472.441138 -598.041245 -726.409145 -823.115504 -861.488798 -862.328853 -848.411914 -834.535629 -826.451315 -870.925677 -914.140323 -957.408289 -1002.370773 -983.748738 -967.956015 -957.693930 -952.748531 -951.921484 -953.856612 -957.327716 -961.360122 -965.286128 -968.732677 -971.552221 -973.741322 -975.373265 -976.549999 -977.373697 -977.934947 -978.321129 -978.643991 -978.978105 -979.466002 -985.316152 -1062.925854 -2202.620442 -4377.420366 -4381.187998 -4381.187920 -4381.187804 -4381.187787 -4381.187785 -4381.187785 -4381.187785 -4381.187786 -4381.187786 -4381.187786 -4381.187787 -4381.187787 -4381.187788 -4381.187797 -4381.187862 -4381.187883 -4375.356808 -2100.710639 -1043.201403 -984.128198 -979.865909 -979.327678 -979.221643 -979.202546 -979.202199 -979.205251 -979.208336 -979.210822 -979.212710 -979.214134 -979.215220 -979.216061 -979.216726 -979.217261 -979.217703 -979.218090 -979.218460 -979.218862 -979.219360 -979.220042 -979.221043 -979.222573 -979.224969 -979.228777 -979.234915 -979.244951 -979.261659 -979.290128 -979.340009 -979.430126 -979.597841 -979.917736 -980.538688 -981.760978 -984.221584 -989.424436 -1001.299068 -1030.393300 -9999.0 -9999.0
-9999.0 -9999.0 -9999.0 -9999.0 -9999.0 -9999.0 -9999.0 -9999.0 -9999.0 -9999.0 -9999.0 -9999.0 -9999.0 -9999.0 -9999.0 -9999.0 -9999.0 -9999.0 -9999.0 -9999.0 -9999.0 -9999.0 -9999.0 -9999.0 -9999.0 -9999.0 -9999.0 -9999.0 -9999.0 -9999.0 -9999.0 -9999.0 -9999.0 -9999.0 -9999.0 -9999.0 -9999.0 -9999.0 -9999.0 -9999.0 -9999.0 -9999.0 -9999.0 -9999.0 -9999.0 -9999.0 -9999.0 -9999.0 -9999.0 -9999.0 -9999.0 -9999.0 -9999.0 -9999.0 -9999.0 -9999.0 -9999.0 -9999.0 -9999.0 -9999.0 -9999.0 -9999.0 -9999.0 -9999.0 -9999.0 -9999.0 -9999.0 -9999.0 -9999.0 -9999.0 -9999.0 -9999.0 -9999.0 -9999.0 -9999.0 -9999.0 -9999.0 -9999.0 -9999.0 -9999.0 -9999.0 -9999.0 -9999.0 -9999.0 -9999.0 -9999.0 -9999.0 -9999.0 -9999.0 -9999.0 -9999.0 -9999.0 -9999.0 -9999.0 -9999.0 -9999.0 -9999.0 -9999.0 -9999.0 -9999.0 -9999.0 -9999.0 -9999.0 -9999.0
-9999.0 -9999.0 -9999.0 -9999.0 -9999.0 -9999.0 -9999.0 -9999.0 -9999.0 -9999.0 -9999.0 -9999.0 -9999.0 -9999.0 -9999.0 -9999.0 -9999.0 -9999.0 -9999.0 -9999.0 -9999.0 -9999.0 -9999.0 -9999.0 -9999.0 -9999.0 -9999.0 -9999.0 -9999.0 -9999.0 -9999.0 -9999.0 -9999.0 -9999.0 -9999.0 -9999.0 -9999.0 -9999.0 -9999.0 -9999.0 -9999.0 -9999.0 -9999.0 -9999.0 -9999.0 -9999.0 -9999.0 -9999.0 -9999.0 -9999.0 -9999.0 -9999.0 -9999.0 -9999.0 -9999.0 -9999.0 -9999.0 -9999.0 -9999.0 -9999.0 -9999.0 -9999.0 -9999.0 -9999.0 -9999.0 -9999.0 -9999.0 -9999.0 -9999.0 -9999.0 -9999.0 -9999.0 -9999.0 -9999.0 -9999.0 -9999.0 -9999.0 -9999.0 -9999.0 -9999.0 -9999.0 -9999.0 -9999.0 -9999.0 -9999.0 -9999.0 -9999.0 -9999.0 -9999.0 -9999.0 -9999.0 -9999.0 -9999.0 -9999.0 -9999.0 -9999.0 -9999.0 -9999.0 -9999.0 -9999.0 -9999.0 -9999.0 -9999.0 -9999.0