inst/processing_geotop_simulation/geotop_simulation/out/maps3D/PwL0012N0423.asc
ncols         104
nrows         10
xllcorner     -2.000000
yllcorner     0.000000
cellsize      1.000000
NODATA_value  -9999.0
-9999.0 -9999.0 -9999.0 -9999.0 -9999.0 -9999.0 -9999.0 -9999.0 -9999.0 -9999.0 -9999.0 -9999.0 -9999.0 -9999.0 -9999.0 -9999.0 -9999.0 -9999.0 -9999.0 -9999.0 -9999.0 -9999.0 -9999.0 -9999.0 -9999.0 -9999.0 -9999.0 -9999.0 -9999.0 -9999.0 -9999.0 -9999.0 -9999.0 -9999.0 -9999.0 -9999.0 -9999.0 -9999.0 -9999.0 -9999.0 -9999.0 -9999.0 -9999.0 -9999.0 -9999.0 -9999.0 -9999.0 -9999.0 -9999.0 -9999.0 -9999.0 -9999.0 -9999.0 -9999.0 -9999.0 -9999.0 -9999.0 -9999.0 -9999.0 -9999.0 -9999.0 -9999.0 -9999.0 -9999.0 -9999.0 -9999.0 -9999.0 -9999.0 -9999.0 -9999.0 -9999.0 -9999.0 -9999.0 -9999.0 -9999.0 -9999.0 -9999.0 -9999.0 -9999.0 -9999.0 -9999.0 -9999.0 -9999.0 -9999.0 -9999.0 -9999.0 -9999.0 -9999.0 -9999.0 -9999.0 -9999.0 -9999.0 -9999.0 -9999.0 -9999.0 -9999.0 -9999.0 -9999.0 -9999.0 -9999.0 -9999.0 -9999.0 -9999.0 -9999.0
-9999.0 -9999.0 -9999.0 -9999.0 -9999.0 -9999.0 -9999.0 -9999.0 -9999.0 -9999.0 -9999.0 -9999.0 -9999.0 -9999.0 -9999.0 -9999.0 -9999.0 -9999.0 -9999.0 -9999.0 -9999.0 -9999.0 -9999.0 -9999.0 -9999.0 -9999.0 -9999.0 -9999.0 -9999.0 -9999.0 -9999.0 -9999.0 -9999.0 -9999.0 -9999.0 -9999.0 -9999.0 -9999.0 -9999.0 -9999.0 -9999.0 -9999.0 -9999.0 -9999.0 -9999.0 -9999.0 -9999.0 -9999.0 -9999.0 -9999.0 -9999.0 -9999.0 -9999.0 -9999.0 -9999.0 -9999.0 -9999.0 -9999.0 -9999.0 -9999.0 -9999.0 -9999.0 -9999.0 -9999.0 -9999.0 -9999.0 -9999.0 -9999.0 -9999.0 -9999.0 -9999.0 -9999.0 -9999.0 -9999.0 -9999.0 -9999.0 -9999.0 -9999.0 -9999.0 -9999.0 -9999.0 -9999.0 -9999.0 -9999.0 -9999.0 -9999.0 -9999.0 -9999.0 -9999.0 -9999.0 -9999.0 -9999.0 -9999.0 -9999.0 -9999.0 -9999.0 -9999.0 -9999.0 -9999.0 -9999.0 -9999.0 -9999.0 -9999.0 -9999.0
-9999.0 -9999.0 571.735255 473.034429 373.985405 274.743385 175.416006 76.052789 -23.320423 -122.690415 -222.051650 -321.393395 -420.696971 -519.924884 -619.020131 -717.914679 -816.887762 -915.750931 -1014.477004 -1113.023014 -1209.939820 -1304.536039 -1394.871832 -1478.488396 -1553.041276 -1616.918327 -1669.555922 -1711.401758 -1743.634856 -1767.808186 -1785.541885 -1798.322039 -1807.402891 -1813.783801 -1818.229550 -1821.311650 -1823.464579 -1825.087675 -1826.809790 -1829.972033 -1834.838172 -1819.722935 -1473.039015 -1929.036277 -1829.531883 -1765.531673 -1737.095245 -1733.229598 -1732.830971 -1732.868844 -1732.968563 -1733.075701 -1733.178616 -1733.273893 -1733.362241 -1733.464378 -1733.781045 -1735.989114 -1750.616764 -1784.268214 -1817.758217 -1375.966887 -1781.706135 -1827.224567 -1829.065883 -1828.354085 -1828.112099 -1828.060998 -1828.052246 -1828.051254 -1828.051529 -1828.051938 -1828.052296 -1828.052588 -1828.052824 -1828.053021 -1828.053188 -1828.053335 -1828.053468 -1828.053595 -1828.053724 -1828.053863 -1828.054027 -1828.054235 -1828.054516 -1828.054918 -1828.055518 -1828.056444 -1828.057922 -1828.060350 -1828.064468 -1828.071685 -1828.084768 -1828.109272 -1828.156677 -1828.251663 -1828.450409 -1828.890209 -1829.933663 -1832.629183 -1840.370430 -1865.625201 -9999.0 -9999.0
-9999.0 -9999.0 571.740019 473.035861 373.985818 274.743512 175.416047 76.052803 -23.320418 -122.690413 -222.051649 -321.393394 -420.696971 -519.924884 -619.020130 -717.914680 -816.887762 -915.750931 -1014.477004 -1113.023014 -1209.939820 -1304.536039 -1394.871832 -1478.488397 -1553.041276 -1616.918327 -1669.555922 -1711.401758 -1743.634856 -1767.808186 -1785.541885 -1798.322039 -1807.402891 -1813.783801 -1818.229550 -1821.311650 -1823.464579 -1825.087675 -1826.809790 -1829.972033 -1834.838172 -1819.722935 -1473.039015 -1929.036277 -1829.531882 -1765.531671 -1737.095245 -1733.229598 -1732.830971 -1732.868844 -1732.968563 -1733.075701 -1733.178616 -1733.273893 -1733.362241 -1733.464378 -1733.781045 -1735.989114 -1750.616764 -1784.268214 -1817.758217 -1375.966887 -1781.706135 -1827.224567 -1829.065883 -1828.354085 -1828.112099 -1828.060998 -1828.052246 -1828.051254 -1828.051529 -1828.051938 -1828.052296 -1828.052588 -1828.052824 -1828.053021 -1828.053188 -1828.053335 -1828.053468 -1828.053595 -1828.053724 -1828.053863 -1828.054027 -1828.054235 -1828.054516 -1828.054918 -1828.055518 -1828.056444 -1828.057922 -1828.060350 -1828.064468 -1828.071685 -1828.084768 -1828.109272 -1828.156677 -1828.251663 -1828.450409 -1828.890209 -1829.933663 -1832.629183 -1840.370430 -1865.625201 -9999.0 -9999.0
-9999.0 -9999.0 571.741299 473.036530 373.986088 274.743612 175.416083 76.052816 -23.320413 -122.690411 -222.051649 -321.393394 -420.696971 -519.924883 -619.020131 -717.914680 -816.887762 -915.750931 -1014.477005 -1113.023014 -1209.939820 -1304.536040 -1394.871832 -1478.488397 -1553.041276 -1616.918327 -1669.555922 -1711.401758 -1743.634856 -1767.808186 -1785.541885 -1798.322039 -1807.402891 -1813.783801 -1818.229550 -1821.311650 -1823.464579 -1825.087675 -1826.809790 -1829.972033 -1834.838172 -1819.722935 -1473.039015 -1929.036277 -1829.531881 -1765.531671 -1737.095245 -1733.229598 -1732.830971 -1732.868844 -1732.968563 -1733.075701 -1733.178616 -1733.273893 -1733.362241 -1733.464378 -1733.781045 -1735.989114 -1750.616764 -1784.268214 -1817.758216 -1375.966887 -1781.706134 -1827.224567 -1829.065883 -1828.354085 -1828.112099 -1828.060998 -1828.052246 -1828.051254 -1828.051529 -1828.051938 -1828.052296 -1828.052588 -1828.052824 -1828.053021 -1828.053188 -1828.053335 -1828.053468 -1828.053595 -1828.053724 -1828.053863 -1828.054027 -1828.054235 -1828.054516 -1828.054918 -1828.055518 -1828.056444 -1828.057922 -1828.060350 -1828.064468 -1828.071685 -1828.084768 -1828.109272 -1828.156677 -1828.251663 -1828.450409 -1828.890209 -1829.933663 -1832.629183 -1840.370430 -1865.625201 -9999.0 -9999.0
-9999.0 -9999.0 571.741299 473.036530 373.986088 274.743612 175.416083 76.052816 -23.320413 -122.690411 -222.051649 -321.393394 -420.696971 -519.924883 -619.020130 -717.914680 -816.887762 -915.750931 -1014.477005 -1113.023014 -1209.939820 -1304.536040 -1394.871832 -1478.488397 -1553.041276 -1616.918327 -1669.555922 -1711.401758 -1743.634856 -1767.808186 -1785.541885 -1798.322039 -1807.402891 -1813.783801 -1818.229550 -1821.311650 -1823.464579 -1825.087675 -1826.809790 -1829.972033 -1834.838172 -1819.722935 -1473.039015 -1929.036277 -1829.531881 -1765.531671 -1737.095245 -1733.229598 -1732.830971 -1732.868844 -1732.968563 -1733.075701 -1733.178616 -1733.273893 -1733.362241 -1733.464378 -1733.781045 -1735.989114 -1750.616764 -1784.268214 -1817.758216 -1375.966887 -1781.706135 -1827.224567 -1829.065883 -1828.354085 -1828.112099 -1828.060998 -1828.052246 -1828.051254 -1828.051529 -1828.051938 -1828.052296 -1828.052588 -1828.052824 -1828.053021 -1828.053188 -1828.053335 -1828.053468 -1828.053595 -1828.053724 -1828.053863 -1828.054027 -1828.054235 -1828.054516 -1828.054918 -1828.055518 -1828.056444 -1828.057922 -1828.060350 -1828.064468 -1828.071685 -1828.084768 -1828.109272 -1828.156677 -1828.251663 -1828.450409 -1828.890209 -1829.933663 -1832.629183 -1840.370430 -1865.625201 -9999.0 -9999.0
-9999.0 -9999.0 571.740019 473.035861 373.985818 274.743512 175.416047 76.052803 -23.320418 -122.690413 -222.051649 -321.393394 -420.696971 -519.924883 -619.020131 -717.914680 -816.887762 -915.750931 -1014.477004 -1113.023014 -1209.939820 -1304.536039 -1394.871832 -1478.488396 -1553.041276 -1616.918327 -1669.555922 -1711.401758 -1743.634856 -1767.808186 -1785.541885 -1798.322039 -1807.402891 -1813.783801 -1818.229550 -1821.311650 -1823.464579 -1825.087675 -1826.809790 -1829.972033 -1834.838172 -1819.722935 -1473.039015 -1929.036277 -1829.531882 -1765.531671 -1737.095245 -1733.229598 -1732.830971 -1732.868844 -1732.968563 -1733.075701 -1733.178616 -1733.273893 -1733.362241 -1733.464378 -1733.781045 -1735.989114 -1750.616764 -1784.268214 -1817.758217 -1375.966887 -1781.706135 -1827.224567 -1829.065883 -1828.354085 -1828.112099 -1828.060998 -1828.052246 -1828.051254 -1828.051529 -1828.051938 -1828.052296 -1828.052588 -1828.052824 -1828.053021 -1828.053188 -1828.053335 -1828.053468 -1828.053595 -1828.053724 -1828.053863 -1828.054027 -1828.054235 -1828.054516 -1828.054918 -1828.055518 -1828.056444 -1828.057922 -1828.060350 -1828.064468 -1828.071685 -1828.084768 -1828.109272 -1828.156677 -1828.251663 -1828.450409 -1828.890209 -1829.933663 -1832.629183 -1840.370430 -1865.625201 -9999.0 -9999.0
-9999.0 -9999.0 571.735255 473.034429 373.985405 274.743385 175.416005 76.052789 -23.320423 -122.690415 -222.051650 -321.393395 -420.696971 -519.924884 -619.020130 -717.914680 -816.887761 -915.750931 -1014.477004 -1113.023014 -1209.939820 -1304.536039 -1394.871832 -1478.488396 -1553.041276 -1616.918327 -1669.555922 -1711.401758 -1743.634856 -1767.808186 -1785.541885 -1798.322039 -1807.402891 -1813.783801 -1818.229550 -1821.311650 -1823.464579 -1825.087675 -1826.809790 -1829.972033 -1834.838172 -1819.722935 -1473.039015 -1929.036277 -1829.531883 -1765.531673 -1737.095245 -1733.229598 -1732.830971 -1732.868844 -1732.968563 -1733.075701 -1733.178616 -1733.273893 -1733.362241 -1733.464378 -1733.781045 -1735.989114 -1750.616764 -1784.268214 -1817.758217 -1375.966887 -1781.706135 -1827.224567 -1829.065883 -1828.354085 -1828.112099 -1828.060998 -1828.052246 -1828.051254 -1828.051529 -1828.051938 -1828.052296 -1828.052588 -1828.052824 -1828.053021 -1828.053188 -1828.053335 -1828.053468 -1828.053595 -1828.053724 -1828.053863 -1828.054027 -1828.054235 -1828.054516 -1828.054918 -1828.055518 -1828.056444 -1828.057922 -1828.060350 -1828.064468 -1828.071685 -1828.084768 -1828.109272 -1828.156677 -1828.251663 -1828.450409 -1828.890209 -1829.933663 -1832.629183 -1840.370430 -1865.625201 -9999.0 -9999.0
-9999.0 -9999.0 -9999.0 -9999.0 -9999.0 -9999.0 -9999.0 -9999.0 -9999.0 -9999.0 -9999.0 -9999.0 -9999.0 -9999.0 -9999.0 -9999.0 -9999.0 -9999.0 -9999.0 -9999.0 -9999.0 -9999.0 -9999.0 -9999.0 -9999.0 -9999.0 -9999.0 -9999.0 -9999.0 -9999.0 -9999.0 -9999.0 -9999.0 -9999.0 -9999.0 -9999.0 -9999.0 -9999.0 -9999.0 -9999.0 -9999.0 -9999.0 -9999.0 -9999.0 -9999.0 -9999.0 -9999.0 -9999.0 -9999.0 -9999.0 -9999.0 -9999.0 -9999.0 -9999.0 -9999.0 -9999.0 -9999.0 -9999.0 -9999.0 -9999.0 -9999.0 -9999.0 -9999.0 -9999.0 -9999.0 -9999.0 -9999.0 -9999.0 -9999.0 -9999.0 -9999.0 -9999.0 -9999.0 -9999.0 -9999.0 -9999.0 -9999.0 -9999.0 -9999.0 -9999.0 -9999.0 -9999.0 -9999.0 -9999.0 -9999.0 -9999.0 -9999.0 -9999.0 -9999.0 -9999.0 -9999.0 -9999.0 -9999.0 -9999.0 -9999.0 -9999.0 -9999.0 -9999.0 -9999.0 -9999.0 -9999.0 -9999.0 -9999.0 -9999.0
-9999.0 -9999.0 -9999.0 -9999.0 -9999.0 -9999.0 -9999.0 -9999.0 -9999.0 -9999.0 -9999.0 -9999.0 -9999.0 -9999.0 -9999.0 -9999.0 -9999.0 -9999.0 -9999.0 -9999.0 -9999.0 -9999.0 -9999.0 -9999.0 -9999.0 -9999.0 -9999.0 -9999.0 -9999.0 -9999.0 -9999.0 -9999.0 -9999.0 -9999.0 -9999.0 -9999.0 -9999.0 -9999.0 -9999.0 -9999.0 -9999.0 -9999.0 -9999.0 -9999.0 -9999.0 -9999.0 -9999.0 -9999.0 -9999.0 -9999.0 -9999.0 -9999.0 -9999.0 -9999.0 -9999.0 -9999.0 -9999.0 -9999.0 -9999.0 -9999.0 -9999.0 -9999.0 -9999.0 -9999.0 -9999.0 -9999.0 -9999.0 -9999.0 -9999.0 -9999.0 -9999.0 -9999.0 -9999.0 -9999.0 -9999.0 -9999.0 -9999.0 -9999.0 -9999.0 -9999.0 -9999.0 -9999.0 -9999.0 -9999.0 -9999.0 -9999.0 -9999.0 -9999.0 -9999.0 -9999.0 -9999.0 -9999.0 -9999.0 -9999.0 -9999.0 -9999.0 -9999.0 -9999.0 -9999.0 -9999.0 -9999.0 -9999.0 -9999.0 -9999.0