inst/processing_geotop_simulation/geotop_simulation/out/maps3D/PwL0022N0228.asc
ncols         104
nrows         10
xllcorner     -2.000000
yllcorner     0.000000
cellsize      1.000000
NODATA_value  -9999.0
-9999.0 -9999.0 -9999.0 -9999.0 -9999.0 -9999.0 -9999.0 -9999.0 -9999.0 -9999.0 -9999.0 -9999.0 -9999.0 -9999.0 -9999.0 -9999.0 -9999.0 -9999.0 -9999.0 -9999.0 -9999.0 -9999.0 -9999.0 -9999.0 -9999.0 -9999.0 -9999.0 -9999.0 -9999.0 -9999.0 -9999.0 -9999.0 -9999.0 -9999.0 -9999.0 -9999.0 -9999.0 -9999.0 -9999.0 -9999.0 -9999.0 -9999.0 -9999.0 -9999.0 -9999.0 -9999.0 -9999.0 -9999.0 -9999.0 -9999.0 -9999.0 -9999.0 -9999.0 -9999.0 -9999.0 -9999.0 -9999.0 -9999.0 -9999.0 -9999.0 -9999.0 -9999.0 -9999.0 -9999.0 -9999.0 -9999.0 -9999.0 -9999.0 -9999.0 -9999.0 -9999.0 -9999.0 -9999.0 -9999.0 -9999.0 -9999.0 -9999.0 -9999.0 -9999.0 -9999.0 -9999.0 -9999.0 -9999.0 -9999.0 -9999.0 -9999.0 -9999.0 -9999.0 -9999.0 -9999.0 -9999.0 -9999.0 -9999.0 -9999.0 -9999.0 -9999.0 -9999.0 -9999.0 -9999.0 -9999.0 -9999.0 -9999.0 -9999.0 -9999.0
-9999.0 -9999.0 -9999.0 -9999.0 -9999.0 -9999.0 -9999.0 -9999.0 -9999.0 -9999.0 -9999.0 -9999.0 -9999.0 -9999.0 -9999.0 -9999.0 -9999.0 -9999.0 -9999.0 -9999.0 -9999.0 -9999.0 -9999.0 -9999.0 -9999.0 -9999.0 -9999.0 -9999.0 -9999.0 -9999.0 -9999.0 -9999.0 -9999.0 -9999.0 -9999.0 -9999.0 -9999.0 -9999.0 -9999.0 -9999.0 -9999.0 -9999.0 -9999.0 -9999.0 -9999.0 -9999.0 -9999.0 -9999.0 -9999.0 -9999.0 -9999.0 -9999.0 -9999.0 -9999.0 -9999.0 -9999.0 -9999.0 -9999.0 -9999.0 -9999.0 -9999.0 -9999.0 -9999.0 -9999.0 -9999.0 -9999.0 -9999.0 -9999.0 -9999.0 -9999.0 -9999.0 -9999.0 -9999.0 -9999.0 -9999.0 -9999.0 -9999.0 -9999.0 -9999.0 -9999.0 -9999.0 -9999.0 -9999.0 -9999.0 -9999.0 -9999.0 -9999.0 -9999.0 -9999.0 -9999.0 -9999.0 -9999.0 -9999.0 -9999.0 -9999.0 -9999.0 -9999.0 -9999.0 -9999.0 -9999.0 -9999.0 -9999.0 -9999.0 -9999.0
-9999.0 -9999.0 1074.062940 976.568693 879.019866 781.195419 683.205292 585.138983 487.049009 388.964860 290.903222 192.873700 94.881876 -3.066026 -100.958829 -198.780698 -296.464166 -393.874718 -490.768084 -586.709124 -680.935262 -775.664962 -869.292394 -961.554280 -1052.179449 -1124.545200 -1185.899815 -1235.750309 -1274.651460 -1303.929503 -1325.296632 -1340.503985 -1351.116373 -1358.412658 -1363.375394 -1366.729560 -1369.005475 -1370.642695 -1372.309341 -1376.191933 -1390.880122 -1453.603762 -1598.014703 -2467.698436 -3802.084222 -3787.074678 -3175.517000 -2645.765705 -2380.313222 -2217.236665 -2100.485377 -2002.196809 -1942.327218 -1903.559563 -1867.412532 -1829.292457 -1787.678199 -1742.955616 -1696.592301 -1649.612208 -1595.223596 -1362.349399 -1412.609644 -1383.094023 -1375.523154 -1374.020069 -1373.765472 -1373.725826 -1373.720311 -1373.720183 -1373.720835 -1373.721485 -1373.722014 -1373.722428 -1373.722753 -1373.723012 -1373.723224 -1373.723401 -1373.723554 -1373.723693 -1373.723830 -1373.723981 -1373.724163 -1373.724405 -1373.724750 -1373.725266 -1373.726064 -1373.727326 -1373.729369 -1373.732749 -1373.738486 -1373.748504 -1373.766553 -1373.800096 -1373.864364 -1373.991523 -1374.253425 -1374.822898 -1376.144694 -1379.418672 -1388.095380 -1413.819207 -9999.0 -9999.0
-9999.0 -9999.0 1074.065641 976.569791 879.020241 781.195545 683.205335 585.138998 487.049015 388.964862 290.903223 192.873700 94.881876 -3.066026 -100.958829 -198.780698 -296.464166 -393.874718 -490.768085 -586.709124 -680.935262 -775.664962 -869.292394 -961.554280 -1052.179449 -1124.545200 -1185.899815 -1235.750310 -1274.651460 -1303.929504 -1325.296632 -1340.503986 -1351.116373 -1358.412658 -1363.375394 -1366.729560 -1369.005475 -1370.642695 -1372.309341 -1376.191933 -1390.880122 -1453.603762 -1598.014703 -2467.698435 -3802.084222 -3787.074678 -3175.517000 -2645.765704 -2380.313222 -2217.236665 -2100.485375 -2002.196809 -1942.327218 -1903.559563 -1867.412532 -1829.292457 -1787.678199 -1742.955616 -1696.592301 -1649.612208 -1595.223596 -1362.349399 -1412.609644 -1383.094023 -1375.523154 -1374.020069 -1373.765472 -1373.725826 -1373.720311 -1373.720183 -1373.720835 -1373.721485 -1373.722014 -1373.722428 -1373.722753 -1373.723012 -1373.723224 -1373.723401 -1373.723554 -1373.723693 -1373.723830 -1373.723981 -1373.724163 -1373.724405 -1373.724750 -1373.725266 -1373.726064 -1373.727326 -1373.729369 -1373.732749 -1373.738486 -1373.748504 -1373.766553 -1373.800096 -1373.864364 -1373.991523 -1374.253425 -1374.822898 -1376.144694 -1379.418672 -1388.095380 -1413.819207 -9999.0 -9999.0
-9999.0 -9999.0 1074.066771 976.570409 879.020507 781.195648 683.205373 585.139012 487.049020 388.964864 290.903224 192.873701 94.881877 -3.066026 -100.958829 -198.780698 -296.464166 -393.874718 -490.768085 -586.709124 -680.935263 -775.664962 -869.292395 -961.554280 -1052.179449 -1124.545200 -1185.899816 -1235.750310 -1274.651461 -1303.929504 -1325.296632 -1340.503986 -1351.116373 -1358.412658 -1363.375394 -1366.729560 -1369.005475 -1370.642695 -1372.309341 -1376.191933 -1390.880122 -1453.603762 -1598.014703 -2467.698435 -3802.084222 -3787.074678 -3175.516999 -2645.765703 -2380.313222 -2217.236663 -2100.485375 -2002.196809 -1942.327218 -1903.559563 -1867.412532 -1829.292457 -1787.678199 -1742.955616 -1696.592301 -1649.612208 -1595.223596 -1362.349399 -1412.609644 -1383.094023 -1375.523154 -1374.020069 -1373.765472 -1373.725826 -1373.720311 -1373.720183 -1373.720835 -1373.721485 -1373.722014 -1373.722428 -1373.722753 -1373.723012 -1373.723224 -1373.723401 -1373.723554 -1373.723693 -1373.723830 -1373.723981 -1373.724163 -1373.724405 -1373.724750 -1373.725266 -1373.726064 -1373.727326 -1373.729369 -1373.732749 -1373.738486 -1373.748504 -1373.766553 -1373.800096 -1373.864364 -1373.991523 -1374.253425 -1374.822898 -1376.144694 -1379.418672 -1388.095380 -1413.819207 -9999.0 -9999.0
-9999.0 -9999.0 1074.066771 976.570409 879.020507 781.195648 683.205373 585.139012 487.049020 388.964864 290.903224 192.873701 94.881877 -3.066025 -100.958829 -198.780698 -296.464166 -393.874718 -490.768085 -586.709124 -680.935263 -775.664962 -869.292395 -961.554280 -1052.179449 -1124.545200 -1185.899816 -1235.750310 -1274.651461 -1303.929504 -1325.296632 -1340.503986 -1351.116373 -1358.412658 -1363.375394 -1366.729560 -1369.005475 -1370.642695 -1372.309341 -1376.191933 -1390.880122 -1453.603762 -1598.014703 -2467.698435 -3802.084222 -3787.074678 -3175.516999 -2645.765703 -2380.313222 -2217.236664 -2100.485375 -2002.196809 -1942.327218 -1903.559563 -1867.412532 -1829.292457 -1787.678199 -1742.955616 -1696.592301 -1649.612208 -1595.223596 -1362.349399 -1412.609644 -1383.094023 -1375.523154 -1374.020069 -1373.765472 -1373.725826 -1373.720311 -1373.720183 -1373.720835 -1373.721485 -1373.722014 -1373.722428 -1373.722753 -1373.723012 -1373.723224 -1373.723401 -1373.723554 -1373.723693 -1373.723830 -1373.723981 -1373.724163 -1373.724405 -1373.724750 -1373.725266 -1373.726064 -1373.727326 -1373.729369 -1373.732749 -1373.738486 -1373.748504 -1373.766553 -1373.800096 -1373.864364 -1373.991523 -1374.253425 -1374.822898 -1376.144694 -1379.418672 -1388.095380 -1413.819207 -9999.0 -9999.0
-9999.0 -9999.0 1074.065641 976.569791 879.020241 781.195545 683.205335 585.138998 487.049015 388.964862 290.903223 192.873700 94.881876 -3.066026 -100.958829 -198.780698 -296.464166 -393.874718 -490.768084 -586.709124 -680.935262 -775.664962 -869.292394 -961.554280 -1052.179449 -1124.545200 -1185.899815 -1235.750310 -1274.651460 -1303.929504 -1325.296632 -1340.503986 -1351.116373 -1358.412658 -1363.375394 -1366.729560 -1369.005475 -1370.642695 -1372.309341 -1376.191933 -1390.880122 -1453.603762 -1598.014703 -2467.698435 -3802.084222 -3787.074678 -3175.517000 -2645.765704 -2380.313222 -2217.236664 -2100.485375 -2002.196809 -1942.327218 -1903.559563 -1867.412532 -1829.292457 -1787.678199 -1742.955616 -1696.592301 -1649.612208 -1595.223596 -1362.349399 -1412.609644 -1383.094023 -1375.523154 -1374.020069 -1373.765472 -1373.725826 -1373.720311 -1373.720183 -1373.720835 -1373.721485 -1373.722014 -1373.722428 -1373.722753 -1373.723012 -1373.723224 -1373.723401 -1373.723554 -1373.723693 -1373.723830 -1373.723981 -1373.724163 -1373.724405 -1373.724750 -1373.725266 -1373.726064 -1373.727326 -1373.729369 -1373.732749 -1373.738486 -1373.748504 -1373.766553 -1373.800096 -1373.864364 -1373.991523 -1374.253425 -1374.822898 -1376.144694 -1379.418672 -1388.095380 -1413.819207 -9999.0 -9999.0
-9999.0 -9999.0 1074.062940 976.568693 879.019866 781.195419 683.205292 585.138983 487.049009 388.964860 290.903222 192.873700 94.881876 -3.066026 -100.958829 -198.780698 -296.464166 -393.874718 -490.768084 -586.709124 -680.935262 -775.664962 -869.292394 -961.554280 -1052.179449 -1124.545200 -1185.899815 -1235.750309 -1274.651460 -1303.929503 -1325.296632 -1340.503985 -1351.116373 -1358.412658 -1363.375394 -1366.729560 -1369.005475 -1370.642695 -1372.309341 -1376.191933 -1390.880122 -1453.603762 -1598.014703 -2467.698436 -3802.084222 -3787.074678 -3175.517000 -2645.765705 -2380.313222 -2217.236666 -2100.485377 -2002.196809 -1942.327218 -1903.559563 -1867.412532 -1829.292457 -1787.678199 -1742.955616 -1696.592301 -1649.612208 -1595.223596 -1362.349399 -1412.609644 -1383.094023 -1375.523154 -1374.020069 -1373.765472 -1373.725826 -1373.720311 -1373.720183 -1373.720835 -1373.721485 -1373.722014 -1373.722428 -1373.722753 -1373.723012 -1373.723224 -1373.723401 -1373.723554 -1373.723693 -1373.723830 -1373.723981 -1373.724163 -1373.724405 -1373.724750 -1373.725266 -1373.726064 -1373.727326 -1373.729369 -1373.732749 -1373.738486 -1373.748504 -1373.766553 -1373.800096 -1373.864364 -1373.991523 -1374.253425 -1374.822898 -1376.144694 -1379.418672 -1388.095380 -1413.819207 -9999.0 -9999.0
-9999.0 -9999.0 -9999.0 -9999.0 -9999.0 -9999.0 -9999.0 -9999.0 -9999.0 -9999.0 -9999.0 -9999.0 -9999.0 -9999.0 -9999.0 -9999.0 -9999.0 -9999.0 -9999.0 -9999.0 -9999.0 -9999.0 -9999.0 -9999.0 -9999.0 -9999.0 -9999.0 -9999.0 -9999.0 -9999.0 -9999.0 -9999.0 -9999.0 -9999.0 -9999.0 -9999.0 -9999.0 -9999.0 -9999.0 -9999.0 -9999.0 -9999.0 -9999.0 -9999.0 -9999.0 -9999.0 -9999.0 -9999.0 -9999.0 -9999.0 -9999.0 -9999.0 -9999.0 -9999.0 -9999.0 -9999.0 -9999.0 -9999.0 -9999.0 -9999.0 -9999.0 -9999.0 -9999.0 -9999.0 -9999.0 -9999.0 -9999.0 -9999.0 -9999.0 -9999.0 -9999.0 -9999.0 -9999.0 -9999.0 -9999.0 -9999.0 -9999.0 -9999.0 -9999.0 -9999.0 -9999.0 -9999.0 -9999.0 -9999.0 -9999.0 -9999.0 -9999.0 -9999.0 -9999.0 -9999.0 -9999.0 -9999.0 -9999.0 -9999.0 -9999.0 -9999.0 -9999.0 -9999.0 -9999.0 -9999.0 -9999.0 -9999.0 -9999.0 -9999.0
-9999.0 -9999.0 -9999.0 -9999.0 -9999.0 -9999.0 -9999.0 -9999.0 -9999.0 -9999.0 -9999.0 -9999.0 -9999.0 -9999.0 -9999.0 -9999.0 -9999.0 -9999.0 -9999.0 -9999.0 -9999.0 -9999.0 -9999.0 -9999.0 -9999.0 -9999.0 -9999.0 -9999.0 -9999.0 -9999.0 -9999.0 -9999.0 -9999.0 -9999.0 -9999.0 -9999.0 -9999.0 -9999.0 -9999.0 -9999.0 -9999.0 -9999.0 -9999.0 -9999.0 -9999.0 -9999.0 -9999.0 -9999.0 -9999.0 -9999.0 -9999.0 -9999.0 -9999.0 -9999.0 -9999.0 -9999.0 -9999.0 -9999.0 -9999.0 -9999.0 -9999.0 -9999.0 -9999.0 -9999.0 -9999.0 -9999.0 -9999.0 -9999.0 -9999.0 -9999.0 -9999.0 -9999.0 -9999.0 -9999.0 -9999.0 -9999.0 -9999.0 -9999.0 -9999.0 -9999.0 -9999.0 -9999.0 -9999.0 -9999.0 -9999.0 -9999.0 -9999.0 -9999.0 -9999.0 -9999.0 -9999.0 -9999.0 -9999.0 -9999.0 -9999.0 -9999.0 -9999.0 -9999.0 -9999.0 -9999.0 -9999.0 -9999.0 -9999.0 -9999.0