inst/processing_geotop_simulation/geotop_simulation/out/maps3D/PwL0012N0071.asc
ncols         104
nrows         10
xllcorner     -2.000000
yllcorner     0.000000
cellsize      1.000000
NODATA_value  -9999.0
-9999.0 -9999.0 -9999.0 -9999.0 -9999.0 -9999.0 -9999.0 -9999.0 -9999.0 -9999.0 -9999.0 -9999.0 -9999.0 -9999.0 -9999.0 -9999.0 -9999.0 -9999.0 -9999.0 -9999.0 -9999.0 -9999.0 -9999.0 -9999.0 -9999.0 -9999.0 -9999.0 -9999.0 -9999.0 -9999.0 -9999.0 -9999.0 -9999.0 -9999.0 -9999.0 -9999.0 -9999.0 -9999.0 -9999.0 -9999.0 -9999.0 -9999.0 -9999.0 -9999.0 -9999.0 -9999.0 -9999.0 -9999.0 -9999.0 -9999.0 -9999.0 -9999.0 -9999.0 -9999.0 -9999.0 -9999.0 -9999.0 -9999.0 -9999.0 -9999.0 -9999.0 -9999.0 -9999.0 -9999.0 -9999.0 -9999.0 -9999.0 -9999.0 -9999.0 -9999.0 -9999.0 -9999.0 -9999.0 -9999.0 -9999.0 -9999.0 -9999.0 -9999.0 -9999.0 -9999.0 -9999.0 -9999.0 -9999.0 -9999.0 -9999.0 -9999.0 -9999.0 -9999.0 -9999.0 -9999.0 -9999.0 -9999.0 -9999.0 -9999.0 -9999.0 -9999.0 -9999.0 -9999.0 -9999.0 -9999.0 -9999.0 -9999.0 -9999.0 -9999.0
-9999.0 -9999.0 -9999.0 -9999.0 -9999.0 -9999.0 -9999.0 -9999.0 -9999.0 -9999.0 -9999.0 -9999.0 -9999.0 -9999.0 -9999.0 -9999.0 -9999.0 -9999.0 -9999.0 -9999.0 -9999.0 -9999.0 -9999.0 -9999.0 -9999.0 -9999.0 -9999.0 -9999.0 -9999.0 -9999.0 -9999.0 -9999.0 -9999.0 -9999.0 -9999.0 -9999.0 -9999.0 -9999.0 -9999.0 -9999.0 -9999.0 -9999.0 -9999.0 -9999.0 -9999.0 -9999.0 -9999.0 -9999.0 -9999.0 -9999.0 -9999.0 -9999.0 -9999.0 -9999.0 -9999.0 -9999.0 -9999.0 -9999.0 -9999.0 -9999.0 -9999.0 -9999.0 -9999.0 -9999.0 -9999.0 -9999.0 -9999.0 -9999.0 -9999.0 -9999.0 -9999.0 -9999.0 -9999.0 -9999.0 -9999.0 -9999.0 -9999.0 -9999.0 -9999.0 -9999.0 -9999.0 -9999.0 -9999.0 -9999.0 -9999.0 -9999.0 -9999.0 -9999.0 -9999.0 -9999.0 -9999.0 -9999.0 -9999.0 -9999.0 -9999.0 -9999.0 -9999.0 -9999.0 -9999.0 -9999.0 -9999.0 -9999.0 -9999.0 -9999.0
-9999.0 -9999.0 239.065292 139.198325 39.641049 -59.521426 -158.704378 -259.250234 -363.750537 -475.298932 -593.017910 -705.327443 -791.064997 -831.047871 -845.001542 -852.194090 -902.436881 -950.542631 -998.040554 -1046.597448 -1032.940265 -1018.929879 -1008.580475 -1002.635776 -1000.454173 -1000.974729 -1003.123806 -1006.002572 -1008.973434 -1011.663593 -1013.907656 -1015.674862 -1017.007919 -1017.979588 -1018.667023 -1019.141058 -1019.473123 -1019.756315 -1020.062171 -1020.693231 -1027.394945 -1107.191336 -2178.993468 -4376.417419 -4381.187653 -4381.187088 -4381.186497 -4381.186407 -4381.186398 -4381.186398 -4381.186400 -4381.186402 -4381.186403 -4381.186405 -4381.186407 -4381.186408 -4381.186415 -4381.186462 -4381.186797 -4381.187202 -4373.796860 -2075.301872 -1086.454009 -1025.716227 -1020.939455 -1020.378647 -1020.276048 -1020.257587 -1020.256959 -1020.259605 -1020.262337 -1020.264548 -1020.266231 -1020.267500 -1020.268467 -1020.269216 -1020.269809 -1020.270286 -1020.270680 -1020.271025 -1020.271356 -1020.271716 -1020.272163 -1020.272776 -1020.273678 -1020.275056 -1020.277215 -1020.280649 -1020.286188 -1020.295251 -1020.310359 -1020.336137 -1020.381375 -1020.463229 -1020.615758 -1020.906970 -1021.472875 -1022.589623 -1024.850901 -1029.677838 -1040.801426 -1068.530889 -9999.0 -9999.0
-9999.0 -9999.0 239.065291 139.198325 39.641049 -59.521426 -158.704378 -259.250234 -363.750538 -475.298933 -593.017910 -705.327443 -791.064997 -831.047871 -845.001542 -852.194090 -902.436881 -950.542631 -998.040554 -1046.597448 -1032.940265 -1018.929879 -1008.580475 -1002.635776 -1000.454173 -1000.974729 -1003.123806 -1006.002572 -1008.973434 -1011.663593 -1013.907656 -1015.674862 -1017.007919 -1017.979588 -1018.667023 -1019.141058 -1019.473123 -1019.756315 -1020.062171 -1020.693231 -1027.394945 -1107.191336 -2178.993468 -4376.417419 -4381.187653 -4381.187088 -4381.186497 -4381.186407 -4381.186398 -4381.186398 -4381.186400 -4381.186402 -4381.186403 -4381.186405 -4381.186407 -4381.186408 -4381.186415 -4381.186462 -4381.186797 -4381.187202 -4373.796860 -2075.301872 -1086.454009 -1025.716227 -1020.939455 -1020.378647 -1020.276048 -1020.257587 -1020.256959 -1020.259605 -1020.262337 -1020.264548 -1020.266231 -1020.267500 -1020.268467 -1020.269216 -1020.269809 -1020.270286 -1020.270680 -1020.271025 -1020.271356 -1020.271716 -1020.272163 -1020.272776 -1020.273678 -1020.275056 -1020.277215 -1020.280649 -1020.286188 -1020.295251 -1020.310359 -1020.336137 -1020.381375 -1020.463229 -1020.615758 -1020.906970 -1021.472875 -1022.589623 -1024.850901 -1029.677838 -1040.801426 -1068.530889 -9999.0 -9999.0
-9999.0 -9999.0 239.065291 139.198324 39.641048 -59.521427 -158.704378 -259.250235 -363.750538 -475.298933 -593.017910 -705.327444 -791.064998 -831.047871 -845.001542 -852.194090 -902.436881 -950.542631 -998.040554 -1046.597448 -1032.940265 -1018.929879 -1008.580475 -1002.635776 -1000.454173 -1000.974729 -1003.123806 -1006.002572 -1008.973434 -1011.663593 -1013.907656 -1015.674862 -1017.007919 -1017.979588 -1018.667023 -1019.141058 -1019.473123 -1019.756315 -1020.062171 -1020.693231 -1027.394945 -1107.191336 -2178.993468 -4376.417419 -4381.187653 -4381.187088 -4381.186497 -4381.186407 -4381.186398 -4381.186398 -4381.186400 -4381.186402 -4381.186403 -4381.186405 -4381.186407 -4381.186408 -4381.186415 -4381.186462 -4381.186797 -4381.187202 -4373.796860 -2075.301872 -1086.454009 -1025.716227 -1020.939455 -1020.378647 -1020.276048 -1020.257587 -1020.256959 -1020.259605 -1020.262337 -1020.264548 -1020.266231 -1020.267500 -1020.268467 -1020.269216 -1020.269809 -1020.270286 -1020.270680 -1020.271025 -1020.271356 -1020.271716 -1020.272163 -1020.272776 -1020.273678 -1020.275056 -1020.277215 -1020.280649 -1020.286188 -1020.295251 -1020.310359 -1020.336137 -1020.381375 -1020.463229 -1020.615758 -1020.906970 -1021.472875 -1022.589623 -1024.850901 -1029.677838 -1040.801426 -1068.530889 -9999.0 -9999.0
-9999.0 -9999.0 239.065291 139.198324 39.641048 -59.521427 -158.704379 -259.250235 -363.750538 -475.298933 -593.017910 -705.327444 -791.064998 -831.047871 -845.001542 -852.194090 -902.436881 -950.542631 -998.040554 -1046.597448 -1032.940265 -1018.929879 -1008.580475 -1002.635776 -1000.454173 -1000.974729 -1003.123806 -1006.002572 -1008.973434 -1011.663593 -1013.907656 -1015.674862 -1017.007919 -1017.979588 -1018.667023 -1019.141058 -1019.473123 -1019.756315 -1020.062171 -1020.693231 -1027.394945 -1107.191336 -2178.993468 -4376.417419 -4381.187653 -4381.187088 -4381.186497 -4381.186407 -4381.186398 -4381.186398 -4381.186400 -4381.186402 -4381.186403 -4381.186405 -4381.186407 -4381.186408 -4381.186415 -4381.186462 -4381.186797 -4381.187202 -4373.796860 -2075.301872 -1086.454009 -1025.716227 -1020.939455 -1020.378647 -1020.276048 -1020.257587 -1020.256959 -1020.259605 -1020.262337 -1020.264548 -1020.266231 -1020.267500 -1020.268467 -1020.269216 -1020.269809 -1020.270286 -1020.270680 -1020.271025 -1020.271356 -1020.271716 -1020.272163 -1020.272776 -1020.273678 -1020.275056 -1020.277215 -1020.280649 -1020.286188 -1020.295251 -1020.310359 -1020.336137 -1020.381375 -1020.463229 -1020.615758 -1020.906970 -1021.472875 -1022.589623 -1024.850901 -1029.677838 -1040.801426 -1068.530889 -9999.0 -9999.0
-9999.0 -9999.0 239.065291 139.198325 39.641049 -59.521426 -158.704378 -259.250234 -363.750538 -475.298933 -593.017910 -705.327443 -791.064997 -831.047871 -845.001542 -852.194090 -902.436881 -950.542631 -998.040554 -1046.597448 -1032.940265 -1018.929879 -1008.580475 -1002.635776 -1000.454173 -1000.974729 -1003.123806 -1006.002572 -1008.973434 -1011.663593 -1013.907656 -1015.674862 -1017.007919 -1017.979588 -1018.667023 -1019.141058 -1019.473123 -1019.756315 -1020.062171 -1020.693231 -1027.394945 -1107.191336 -2178.993468 -4376.417419 -4381.187653 -4381.187088 -4381.186497 -4381.186407 -4381.186398 -4381.186398 -4381.186400 -4381.186402 -4381.186403 -4381.186405 -4381.186407 -4381.186408 -4381.186415 -4381.186462 -4381.186797 -4381.187202 -4373.796860 -2075.301872 -1086.454009 -1025.716227 -1020.939455 -1020.378647 -1020.276048 -1020.257587 -1020.256959 -1020.259605 -1020.262337 -1020.264548 -1020.266231 -1020.267500 -1020.268467 -1020.269216 -1020.269809 -1020.270286 -1020.270680 -1020.271025 -1020.271356 -1020.271716 -1020.272163 -1020.272776 -1020.273678 -1020.275056 -1020.277215 -1020.280649 -1020.286188 -1020.295251 -1020.310359 -1020.336137 -1020.381375 -1020.463229 -1020.615758 -1020.906970 -1021.472875 -1022.589623 -1024.850901 -1029.677838 -1040.801426 -1068.530889 -9999.0 -9999.0
-9999.0 -9999.0 239.065292 139.198325 39.641049 -59.521426 -158.704378 -259.250234 -363.750537 -475.298932 -593.017910 -705.327443 -791.064997 -831.047871 -845.001542 -852.194090 -902.436881 -950.542631 -998.040554 -1046.597448 -1032.940265 -1018.929879 -1008.580475 -1002.635776 -1000.454173 -1000.974729 -1003.123806 -1006.002572 -1008.973434 -1011.663593 -1013.907656 -1015.674862 -1017.007919 -1017.979588 -1018.667023 -1019.141058 -1019.473123 -1019.756315 -1020.062171 -1020.693231 -1027.394945 -1107.191336 -2178.993468 -4376.417419 -4381.187653 -4381.187088 -4381.186497 -4381.186407 -4381.186398 -4381.186398 -4381.186400 -4381.186402 -4381.186403 -4381.186405 -4381.186407 -4381.186408 -4381.186415 -4381.186462 -4381.186797 -4381.187202 -4373.796860 -2075.301872 -1086.454009 -1025.716227 -1020.939455 -1020.378647 -1020.276048 -1020.257587 -1020.256959 -1020.259605 -1020.262337 -1020.264548 -1020.266231 -1020.267500 -1020.268467 -1020.269216 -1020.269809 -1020.270286 -1020.270680 -1020.271025 -1020.271356 -1020.271716 -1020.272163 -1020.272776 -1020.273678 -1020.275056 -1020.277215 -1020.280649 -1020.286188 -1020.295251 -1020.310359 -1020.336137 -1020.381375 -1020.463229 -1020.615758 -1020.906970 -1021.472875 -1022.589623 -1024.850901 -1029.677838 -1040.801426 -1068.530889 -9999.0 -9999.0
-9999.0 -9999.0 -9999.0 -9999.0 -9999.0 -9999.0 -9999.0 -9999.0 -9999.0 -9999.0 -9999.0 -9999.0 -9999.0 -9999.0 -9999.0 -9999.0 -9999.0 -9999.0 -9999.0 -9999.0 -9999.0 -9999.0 -9999.0 -9999.0 -9999.0 -9999.0 -9999.0 -9999.0 -9999.0 -9999.0 -9999.0 -9999.0 -9999.0 -9999.0 -9999.0 -9999.0 -9999.0 -9999.0 -9999.0 -9999.0 -9999.0 -9999.0 -9999.0 -9999.0 -9999.0 -9999.0 -9999.0 -9999.0 -9999.0 -9999.0 -9999.0 -9999.0 -9999.0 -9999.0 -9999.0 -9999.0 -9999.0 -9999.0 -9999.0 -9999.0 -9999.0 -9999.0 -9999.0 -9999.0 -9999.0 -9999.0 -9999.0 -9999.0 -9999.0 -9999.0 -9999.0 -9999.0 -9999.0 -9999.0 -9999.0 -9999.0 -9999.0 -9999.0 -9999.0 -9999.0 -9999.0 -9999.0 -9999.0 -9999.0 -9999.0 -9999.0 -9999.0 -9999.0 -9999.0 -9999.0 -9999.0 -9999.0 -9999.0 -9999.0 -9999.0 -9999.0 -9999.0 -9999.0 -9999.0 -9999.0 -9999.0 -9999.0 -9999.0 -9999.0
-9999.0 -9999.0 -9999.0 -9999.0 -9999.0 -9999.0 -9999.0 -9999.0 -9999.0 -9999.0 -9999.0 -9999.0 -9999.0 -9999.0 -9999.0 -9999.0 -9999.0 -9999.0 -9999.0 -9999.0 -9999.0 -9999.0 -9999.0 -9999.0 -9999.0 -9999.0 -9999.0 -9999.0 -9999.0 -9999.0 -9999.0 -9999.0 -9999.0 -9999.0 -9999.0 -9999.0 -9999.0 -9999.0 -9999.0 -9999.0 -9999.0 -9999.0 -9999.0 -9999.0 -9999.0 -9999.0 -9999.0 -9999.0 -9999.0 -9999.0 -9999.0 -9999.0 -9999.0 -9999.0 -9999.0 -9999.0 -9999.0 -9999.0 -9999.0 -9999.0 -9999.0 -9999.0 -9999.0 -9999.0 -9999.0 -9999.0 -9999.0 -9999.0 -9999.0 -9999.0 -9999.0 -9999.0 -9999.0 -9999.0 -9999.0 -9999.0 -9999.0 -9999.0 -9999.0 -9999.0 -9999.0 -9999.0 -9999.0 -9999.0 -9999.0 -9999.0 -9999.0 -9999.0 -9999.0 -9999.0 -9999.0 -9999.0 -9999.0 -9999.0 -9999.0 -9999.0 -9999.0 -9999.0 -9999.0 -9999.0 -9999.0 -9999.0 -9999.0 -9999.0