inst/processing_geotop_simulation/geotop_simulation/out/maps3D/PwL0008N0478.asc
ncols         104
nrows         10
xllcorner     -2.000000
yllcorner     0.000000
cellsize      1.000000
NODATA_value  -9999.0
-9999.0 -9999.0 -9999.0 -9999.0 -9999.0 -9999.0 -9999.0 -9999.0 -9999.0 -9999.0 -9999.0 -9999.0 -9999.0 -9999.0 -9999.0 -9999.0 -9999.0 -9999.0 -9999.0 -9999.0 -9999.0 -9999.0 -9999.0 -9999.0 -9999.0 -9999.0 -9999.0 -9999.0 -9999.0 -9999.0 -9999.0 -9999.0 -9999.0 -9999.0 -9999.0 -9999.0 -9999.0 -9999.0 -9999.0 -9999.0 -9999.0 -9999.0 -9999.0 -9999.0 -9999.0 -9999.0 -9999.0 -9999.0 -9999.0 -9999.0 -9999.0 -9999.0 -9999.0 -9999.0 -9999.0 -9999.0 -9999.0 -9999.0 -9999.0 -9999.0 -9999.0 -9999.0 -9999.0 -9999.0 -9999.0 -9999.0 -9999.0 -9999.0 -9999.0 -9999.0 -9999.0 -9999.0 -9999.0 -9999.0 -9999.0 -9999.0 -9999.0 -9999.0 -9999.0 -9999.0 -9999.0 -9999.0 -9999.0 -9999.0 -9999.0 -9999.0 -9999.0 -9999.0 -9999.0 -9999.0 -9999.0 -9999.0 -9999.0 -9999.0 -9999.0 -9999.0 -9999.0 -9999.0 -9999.0 -9999.0 -9999.0 -9999.0 -9999.0 -9999.0
-9999.0 -9999.0 -9999.0 -9999.0 -9999.0 -9999.0 -9999.0 -9999.0 -9999.0 -9999.0 -9999.0 -9999.0 -9999.0 -9999.0 -9999.0 -9999.0 -9999.0 -9999.0 -9999.0 -9999.0 -9999.0 -9999.0 -9999.0 -9999.0 -9999.0 -9999.0 -9999.0 -9999.0 -9999.0 -9999.0 -9999.0 -9999.0 -9999.0 -9999.0 -9999.0 -9999.0 -9999.0 -9999.0 -9999.0 -9999.0 -9999.0 -9999.0 -9999.0 -9999.0 -9999.0 -9999.0 -9999.0 -9999.0 -9999.0 -9999.0 -9999.0 -9999.0 -9999.0 -9999.0 -9999.0 -9999.0 -9999.0 -9999.0 -9999.0 -9999.0 -9999.0 -9999.0 -9999.0 -9999.0 -9999.0 -9999.0 -9999.0 -9999.0 -9999.0 -9999.0 -9999.0 -9999.0 -9999.0 -9999.0 -9999.0 -9999.0 -9999.0 -9999.0 -9999.0 -9999.0 -9999.0 -9999.0 -9999.0 -9999.0 -9999.0 -9999.0 -9999.0 -9999.0 -9999.0 -9999.0 -9999.0 -9999.0 -9999.0 -9999.0 -9999.0 -9999.0 -9999.0 -9999.0 -9999.0 -9999.0 -9999.0 -9999.0 -9999.0 -9999.0
-9999.0 -9999.0 372.970377 274.277925 175.102574 75.735512 -23.707712 -123.180828 -222.663808 -322.143830 -421.608216 -521.038452 -620.397704 -719.619192 -818.854202 -918.056771 -1017.203280 -1116.295578 -1214.886292 -1312.817020 -1409.410199 -1503.300720 -1592.250476 -1673.523922 -1744.725926 -1804.507373 -1852.767276 -1890.416859 -1918.959426 -1940.096924 -1955.458268 -1966.455579 -1974.235690 -1979.688595 -1983.483410 -1986.114971 -1987.959995 -1989.374599 -1990.921822 -1993.512882 -1993.589521 -1938.593148 -1267.963683 -1327.007378 -1305.210888 -1290.349601 -1283.434955 -1282.390125 -1282.277412 -1282.286274 -1282.312375 -1282.340572 -1282.367685 -1282.392802 -1282.416211 -1282.444303 -1282.536646 -1283.157656 -1286.817226 -1294.920519 -1303.463451 -1231.535541 -1906.510142 -1987.182876 -1992.527658 -1992.160732 -1991.944756 -1991.894018 -1991.884876 -1991.883745 -1991.883959 -1991.884330 -1991.884659 -1991.884927 -1991.885145 -1991.885325 -1991.885478 -1991.885613 -1991.885735 -1991.885851 -1991.885969 -1991.886097 -1991.886249 -1991.886441 -1991.886702 -1991.887077 -1991.887637 -1991.888505 -1991.889891 -1991.892174 -1991.896054 -1991.902866 -1991.915235 -1991.938443 -1991.983417 -1992.073717 -1992.263176 -1992.684122 -1993.689730 -1996.317975 -2003.981741 -2029.279299 -9999.0 -9999.0
-9999.0 -9999.0 372.976589 274.279502 175.102998 75.735639 -23.707671 -123.180814 -222.663803 -322.143828 -421.608215 -521.038451 -620.397704 -719.619192 -818.854202 -918.056771 -1017.203280 -1116.295578 -1214.886292 -1312.817020 -1409.410199 -1503.300720 -1592.250476 -1673.523922 -1744.725926 -1804.507373 -1852.767276 -1890.416859 -1918.959426 -1940.096924 -1955.458268 -1966.455579 -1974.235690 -1979.688595 -1983.483410 -1986.114971 -1987.959995 -1989.374599 -1990.921822 -1993.512882 -1993.589521 -1938.593148 -1267.963682 -1327.007378 -1305.210888 -1290.349601 -1283.434955 -1282.390125 -1282.277412 -1282.286274 -1282.312375 -1282.340572 -1282.367685 -1282.392802 -1282.416211 -1282.444303 -1282.536646 -1283.157656 -1286.817226 -1294.920519 -1303.463451 -1231.535541 -1906.510142 -1987.182876 -1992.527658 -1992.160732 -1991.944756 -1991.894018 -1991.884876 -1991.883745 -1991.883959 -1991.884330 -1991.884659 -1991.884927 -1991.885145 -1991.885325 -1991.885478 -1991.885613 -1991.885735 -1991.885851 -1991.885969 -1991.886097 -1991.886249 -1991.886441 -1991.886702 -1991.887077 -1991.887637 -1991.888505 -1991.889891 -1991.892174 -1991.896054 -1991.902866 -1991.915235 -1991.938443 -1991.983417 -1992.073717 -1992.263176 -1992.684122 -1993.689730 -1996.317975 -2003.981741 -2029.279299 -9999.0 -9999.0
-9999.0 -9999.0 372.977865 274.280185 175.103270 75.735738 -23.707636 -123.180801 -222.663798 -322.143826 -421.608214 -521.038451 -620.397703 -719.619192 -818.854202 -918.056771 -1017.203280 -1116.295578 -1214.886292 -1312.817020 -1409.410199 -1503.300721 -1592.250476 -1673.523923 -1744.725926 -1804.507373 -1852.767276 -1890.416859 -1918.959426 -1940.096924 -1955.458268 -1966.455579 -1974.235690 -1979.688595 -1983.483410 -1986.114971 -1987.959995 -1989.374599 -1990.921822 -1993.512882 -1993.589521 -1938.593148 -1267.963682 -1327.007378 -1305.210888 -1290.349600 -1283.434955 -1282.390125 -1282.277412 -1282.286274 -1282.312375 -1282.340572 -1282.367685 -1282.392802 -1282.416211 -1282.444303 -1282.536646 -1283.157656 -1286.817226 -1294.920519 -1303.463451 -1231.535541 -1906.510142 -1987.182876 -1992.527658 -1992.160732 -1991.944756 -1991.894018 -1991.884876 -1991.883745 -1991.883959 -1991.884330 -1991.884659 -1991.884927 -1991.885145 -1991.885325 -1991.885478 -1991.885613 -1991.885735 -1991.885851 -1991.885969 -1991.886097 -1991.886249 -1991.886441 -1991.886702 -1991.887077 -1991.887637 -1991.888505 -1991.889891 -1991.892174 -1991.896054 -1991.902866 -1991.915235 -1991.938443 -1991.983417 -1992.073717 -1992.263176 -1992.684122 -1993.689730 -1996.317975 -2003.981741 -2029.279299 -9999.0 -9999.0
-9999.0 -9999.0 372.977865 274.280185 175.103270 75.735738 -23.707636 -123.180801 -222.663798 -322.143826 -421.608214 -521.038451 -620.397703 -719.619192 -818.854202 -918.056771 -1017.203280 -1116.295578 -1214.886292 -1312.817020 -1409.410199 -1503.300721 -1592.250476 -1673.523923 -1744.725926 -1804.507373 -1852.767276 -1890.416859 -1918.959426 -1940.096924 -1955.458268 -1966.455579 -1974.235690 -1979.688595 -1983.483410 -1986.114971 -1987.959995 -1989.374599 -1990.921822 -1993.512882 -1993.589521 -1938.593148 -1267.963682 -1327.007378 -1305.210888 -1290.349600 -1283.434955 -1282.390125 -1282.277412 -1282.286274 -1282.312375 -1282.340572 -1282.367685 -1282.392802 -1282.416211 -1282.444303 -1282.536646 -1283.157656 -1286.817226 -1294.920519 -1303.463451 -1231.535541 -1906.510142 -1987.182876 -1992.527658 -1992.160732 -1991.944756 -1991.894018 -1991.884876 -1991.883745 -1991.883959 -1991.884330 -1991.884659 -1991.884927 -1991.885145 -1991.885325 -1991.885478 -1991.885613 -1991.885735 -1991.885851 -1991.885969 -1991.886097 -1991.886249 -1991.886441 -1991.886702 -1991.887077 -1991.887637 -1991.888505 -1991.889891 -1991.892174 -1991.896054 -1991.902866 -1991.915235 -1991.938443 -1991.983417 -1992.073717 -1992.263176 -1992.684122 -1993.689730 -1996.317975 -2003.981741 -2029.279299 -9999.0 -9999.0
-9999.0 -9999.0 372.976589 274.279502 175.102998 75.735639 -23.707671 -123.180814 -222.663803 -322.143827 -421.608215 -521.038451 -620.397704 -719.619192 -818.854202 -918.056771 -1017.203280 -1116.295578 -1214.886292 -1312.817020 -1409.410199 -1503.300720 -1592.250476 -1673.523922 -1744.725926 -1804.507373 -1852.767276 -1890.416859 -1918.959426 -1940.096924 -1955.458268 -1966.455579 -1974.235690 -1979.688595 -1983.483410 -1986.114971 -1987.959995 -1989.374599 -1990.921822 -1993.512882 -1993.589521 -1938.593148 -1267.963682 -1327.007378 -1305.210888 -1290.349601 -1283.434955 -1282.390125 -1282.277412 -1282.286274 -1282.312375 -1282.340572 -1282.367685 -1282.392802 -1282.416211 -1282.444303 -1282.536646 -1283.157656 -1286.817226 -1294.920519 -1303.463451 -1231.535541 -1906.510142 -1987.182876 -1992.527658 -1992.160732 -1991.944756 -1991.894018 -1991.884876 -1991.883745 -1991.883959 -1991.884330 -1991.884659 -1991.884927 -1991.885145 -1991.885325 -1991.885478 -1991.885613 -1991.885735 -1991.885851 -1991.885969 -1991.886097 -1991.886249 -1991.886441 -1991.886702 -1991.887077 -1991.887637 -1991.888505 -1991.889891 -1991.892174 -1991.896054 -1991.902866 -1991.915235 -1991.938443 -1991.983417 -1992.073717 -1992.263176 -1992.684122 -1993.689730 -1996.317975 -2003.981741 -2029.279299 -9999.0 -9999.0
-9999.0 -9999.0 372.970377 274.277925 175.102574 75.735512 -23.707712 -123.180828 -222.663808 -322.143830 -421.608216 -521.038452 -620.397704 -719.619192 -818.854202 -918.056771 -1017.203280 -1116.295578 -1214.886292 -1312.817020 -1409.410199 -1503.300720 -1592.250476 -1673.523922 -1744.725926 -1804.507373 -1852.767276 -1890.416859 -1918.959426 -1940.096924 -1955.458268 -1966.455579 -1974.235690 -1979.688595 -1983.483410 -1986.114971 -1987.959995 -1989.374599 -1990.921822 -1993.512882 -1993.589521 -1938.593148 -1267.963683 -1327.007378 -1305.210888 -1290.349601 -1283.434955 -1282.390125 -1282.277412 -1282.286274 -1282.312375 -1282.340572 -1282.367685 -1282.392802 -1282.416211 -1282.444303 -1282.536646 -1283.157656 -1286.817226 -1294.920519 -1303.463451 -1231.535541 -1906.510142 -1987.182876 -1992.527658 -1992.160732 -1991.944756 -1991.894018 -1991.884876 -1991.883745 -1991.883959 -1991.884330 -1991.884659 -1991.884927 -1991.885145 -1991.885325 -1991.885478 -1991.885613 -1991.885735 -1991.885851 -1991.885969 -1991.886097 -1991.886249 -1991.886441 -1991.886702 -1991.887077 -1991.887637 -1991.888505 -1991.889891 -1991.892174 -1991.896054 -1991.902866 -1991.915235 -1991.938443 -1991.983417 -1992.073717 -1992.263176 -1992.684122 -1993.689730 -1996.317975 -2003.981741 -2029.279299 -9999.0 -9999.0
-9999.0 -9999.0 -9999.0 -9999.0 -9999.0 -9999.0 -9999.0 -9999.0 -9999.0 -9999.0 -9999.0 -9999.0 -9999.0 -9999.0 -9999.0 -9999.0 -9999.0 -9999.0 -9999.0 -9999.0 -9999.0 -9999.0 -9999.0 -9999.0 -9999.0 -9999.0 -9999.0 -9999.0 -9999.0 -9999.0 -9999.0 -9999.0 -9999.0 -9999.0 -9999.0 -9999.0 -9999.0 -9999.0 -9999.0 -9999.0 -9999.0 -9999.0 -9999.0 -9999.0 -9999.0 -9999.0 -9999.0 -9999.0 -9999.0 -9999.0 -9999.0 -9999.0 -9999.0 -9999.0 -9999.0 -9999.0 -9999.0 -9999.0 -9999.0 -9999.0 -9999.0 -9999.0 -9999.0 -9999.0 -9999.0 -9999.0 -9999.0 -9999.0 -9999.0 -9999.0 -9999.0 -9999.0 -9999.0 -9999.0 -9999.0 -9999.0 -9999.0 -9999.0 -9999.0 -9999.0 -9999.0 -9999.0 -9999.0 -9999.0 -9999.0 -9999.0 -9999.0 -9999.0 -9999.0 -9999.0 -9999.0 -9999.0 -9999.0 -9999.0 -9999.0 -9999.0 -9999.0 -9999.0 -9999.0 -9999.0 -9999.0 -9999.0 -9999.0 -9999.0
-9999.0 -9999.0 -9999.0 -9999.0 -9999.0 -9999.0 -9999.0 -9999.0 -9999.0 -9999.0 -9999.0 -9999.0 -9999.0 -9999.0 -9999.0 -9999.0 -9999.0 -9999.0 -9999.0 -9999.0 -9999.0 -9999.0 -9999.0 -9999.0 -9999.0 -9999.0 -9999.0 -9999.0 -9999.0 -9999.0 -9999.0 -9999.0 -9999.0 -9999.0 -9999.0 -9999.0 -9999.0 -9999.0 -9999.0 -9999.0 -9999.0 -9999.0 -9999.0 -9999.0 -9999.0 -9999.0 -9999.0 -9999.0 -9999.0 -9999.0 -9999.0 -9999.0 -9999.0 -9999.0 -9999.0 -9999.0 -9999.0 -9999.0 -9999.0 -9999.0 -9999.0 -9999.0 -9999.0 -9999.0 -9999.0 -9999.0 -9999.0 -9999.0 -9999.0 -9999.0 -9999.0 -9999.0 -9999.0 -9999.0 -9999.0 -9999.0 -9999.0 -9999.0 -9999.0 -9999.0 -9999.0 -9999.0 -9999.0 -9999.0 -9999.0 -9999.0 -9999.0 -9999.0 -9999.0 -9999.0 -9999.0 -9999.0 -9999.0 -9999.0 -9999.0 -9999.0 -9999.0 -9999.0 -9999.0 -9999.0 -9999.0 -9999.0 -9999.0 -9999.0