inst/processing_geotop_simulation/geotop_simulation/out/maps3D/PwL0012N0093.asc
ncols         104
nrows         10
xllcorner     -2.000000
yllcorner     0.000000
cellsize      1.000000
NODATA_value  -9999.0
-9999.0 -9999.0 -9999.0 -9999.0 -9999.0 -9999.0 -9999.0 -9999.0 -9999.0 -9999.0 -9999.0 -9999.0 -9999.0 -9999.0 -9999.0 -9999.0 -9999.0 -9999.0 -9999.0 -9999.0 -9999.0 -9999.0 -9999.0 -9999.0 -9999.0 -9999.0 -9999.0 -9999.0 -9999.0 -9999.0 -9999.0 -9999.0 -9999.0 -9999.0 -9999.0 -9999.0 -9999.0 -9999.0 -9999.0 -9999.0 -9999.0 -9999.0 -9999.0 -9999.0 -9999.0 -9999.0 -9999.0 -9999.0 -9999.0 -9999.0 -9999.0 -9999.0 -9999.0 -9999.0 -9999.0 -9999.0 -9999.0 -9999.0 -9999.0 -9999.0 -9999.0 -9999.0 -9999.0 -9999.0 -9999.0 -9999.0 -9999.0 -9999.0 -9999.0 -9999.0 -9999.0 -9999.0 -9999.0 -9999.0 -9999.0 -9999.0 -9999.0 -9999.0 -9999.0 -9999.0 -9999.0 -9999.0 -9999.0 -9999.0 -9999.0 -9999.0 -9999.0 -9999.0 -9999.0 -9999.0 -9999.0 -9999.0 -9999.0 -9999.0 -9999.0 -9999.0 -9999.0 -9999.0 -9999.0 -9999.0 -9999.0 -9999.0 -9999.0 -9999.0
-9999.0 -9999.0 -9999.0 -9999.0 -9999.0 -9999.0 -9999.0 -9999.0 -9999.0 -9999.0 -9999.0 -9999.0 -9999.0 -9999.0 -9999.0 -9999.0 -9999.0 -9999.0 -9999.0 -9999.0 -9999.0 -9999.0 -9999.0 -9999.0 -9999.0 -9999.0 -9999.0 -9999.0 -9999.0 -9999.0 -9999.0 -9999.0 -9999.0 -9999.0 -9999.0 -9999.0 -9999.0 -9999.0 -9999.0 -9999.0 -9999.0 -9999.0 -9999.0 -9999.0 -9999.0 -9999.0 -9999.0 -9999.0 -9999.0 -9999.0 -9999.0 -9999.0 -9999.0 -9999.0 -9999.0 -9999.0 -9999.0 -9999.0 -9999.0 -9999.0 -9999.0 -9999.0 -9999.0 -9999.0 -9999.0 -9999.0 -9999.0 -9999.0 -9999.0 -9999.0 -9999.0 -9999.0 -9999.0 -9999.0 -9999.0 -9999.0 -9999.0 -9999.0 -9999.0 -9999.0 -9999.0 -9999.0 -9999.0 -9999.0 -9999.0 -9999.0 -9999.0 -9999.0 -9999.0 -9999.0 -9999.0 -9999.0 -9999.0 -9999.0 -9999.0 -9999.0 -9999.0 -9999.0 -9999.0 -9999.0 -9999.0 -9999.0 -9999.0 -9999.0
-9999.0 -9999.0 584.328629 492.317009 398.174583 302.851470 207.015428 110.979789 14.902075 -81.130020 -177.193777 -273.846469 -372.175824 -473.952134 -581.993380 -701.435001 -819.902372 -921.612069 -1015.110404 -1096.137551 -1128.365648 -1138.710912 -1139.314943 -1137.035325 -1134.873328 -1133.764690 -1133.703258 -1134.349186 -1135.335542 -1136.392174 -1137.362763 -1138.178553 -1138.825340 -1139.316847 -1139.677831 -1139.936765 -1140.129914 -1140.313103 -1140.579398 -1141.658570 -1150.479613 -1229.793537 -2126.433224 -4372.180939 -4381.142694 -4381.071115 -4381.003984 -4380.993627 -4380.992562 -4380.992643 -4380.992879 -4380.993132 -4380.993374 -4380.993598 -4380.993805 -4380.994043 -4380.994793 -4381.000313 -4381.038595 -4381.097956 -4367.085444 -2016.038215 -1205.722468 -1147.474031 -1141.454863 -1140.764858 -1140.660790 -1140.643025 -1140.641695 -1140.643426 -1140.645370 -1140.646971 -1140.648196 -1140.649121 -1140.649827 -1140.650374 -1140.650806 -1140.651154 -1140.651442 -1140.651695 -1140.651940 -1140.652208 -1140.652542 -1140.653003 -1140.653681 -1140.654721 -1140.656352 -1140.658951 -1140.663150 -1140.670042 -1140.681572 -1140.701333 -1140.736180 -1140.799530 -1140.918043 -1141.145071 -1141.588261 -1142.471383 -1144.294774 -1148.296484 -1157.783436 -1182.775663 -9999.0 -9999.0
-9999.0 -9999.0 584.334569 492.318802 398.175101 302.851629 207.015479 110.979805 14.902080 -81.130019 -177.193777 -273.846469 -372.175824 -473.952134 -581.993381 -701.435001 -819.902372 -921.612069 -1015.110404 -1096.137551 -1128.365648 -1138.710912 -1139.314943 -1137.035325 -1134.873328 -1133.764690 -1133.703258 -1134.349186 -1135.335542 -1136.392174 -1137.362763 -1138.178553 -1138.825340 -1139.316847 -1139.677831 -1139.936765 -1140.129914 -1140.313103 -1140.579398 -1141.658570 -1150.479613 -1229.793537 -2126.433223 -4372.180939 -4381.142694 -4381.071115 -4381.003984 -4380.993627 -4380.992562 -4380.992643 -4380.992879 -4380.993132 -4380.993374 -4380.993598 -4380.993805 -4380.994043 -4380.994793 -4381.000313 -4381.038595 -4381.097956 -4367.085444 -2016.038215 -1205.722468 -1147.474031 -1141.454863 -1140.764858 -1140.660790 -1140.643025 -1140.641695 -1140.643426 -1140.645370 -1140.646971 -1140.648196 -1140.649121 -1140.649827 -1140.650374 -1140.650806 -1140.651154 -1140.651442 -1140.651695 -1140.651940 -1140.652208 -1140.652542 -1140.653003 -1140.653681 -1140.654721 -1140.656352 -1140.658951 -1140.663150 -1140.670042 -1140.681572 -1140.701333 -1140.736180 -1140.799530 -1140.918043 -1141.145071 -1141.588261 -1142.471383 -1144.294774 -1148.296484 -1157.783436 -1182.775663 -9999.0 -9999.0
-9999.0 -9999.0 584.336165 492.319637 398.175440 302.851754 207.015523 110.979821 14.902086 -81.130017 -177.193777 -273.846469 -372.175824 -473.952135 -581.993381 -701.435001 -819.902372 -921.612069 -1015.110404 -1096.137551 -1128.365648 -1138.710912 -1139.314943 -1137.035325 -1134.873328 -1133.764690 -1133.703258 -1134.349186 -1135.335542 -1136.392174 -1137.362763 -1138.178553 -1138.825340 -1139.316847 -1139.677831 -1139.936765 -1140.129914 -1140.313103 -1140.579398 -1141.658570 -1150.479613 -1229.793537 -2126.433223 -4372.180939 -4381.142694 -4381.071115 -4381.003984 -4380.993627 -4380.992562 -4380.992643 -4380.992879 -4380.993132 -4380.993374 -4380.993598 -4380.993805 -4380.994043 -4380.994793 -4381.000313 -4381.038595 -4381.097956 -4367.085444 -2016.038215 -1205.722468 -1147.474031 -1141.454863 -1140.764858 -1140.660790 -1140.643025 -1140.641695 -1140.643426 -1140.645370 -1140.646971 -1140.648196 -1140.649121 -1140.649827 -1140.650374 -1140.650806 -1140.651154 -1140.651442 -1140.651695 -1140.651940 -1140.652208 -1140.652542 -1140.653003 -1140.653681 -1140.654721 -1140.656352 -1140.658951 -1140.663150 -1140.670042 -1140.681572 -1140.701333 -1140.736180 -1140.799530 -1140.918043 -1141.145071 -1141.588261 -1142.471383 -1144.294774 -1148.296484 -1157.783436 -1182.775663 -9999.0 -9999.0
-9999.0 -9999.0 584.336165 492.319637 398.175440 302.851754 207.015523 110.979821 14.902086 -81.130017 -177.193777 -273.846469 -372.175824 -473.952135 -581.993381 -701.435001 -819.902372 -921.612069 -1015.110404 -1096.137551 -1128.365648 -1138.710912 -1139.314943 -1137.035325 -1134.873328 -1133.764690 -1133.703258 -1134.349186 -1135.335542 -1136.392174 -1137.362763 -1138.178553 -1138.825340 -1139.316847 -1139.677831 -1139.936765 -1140.129914 -1140.313103 -1140.579398 -1141.658570 -1150.479613 -1229.793537 -2126.433223 -4372.180939 -4381.142694 -4381.071115 -4381.003984 -4380.993627 -4380.992562 -4380.992643 -4380.992879 -4380.993132 -4380.993374 -4380.993598 -4380.993805 -4380.994043 -4380.994793 -4381.000313 -4381.038595 -4381.097956 -4367.085444 -2016.038215 -1205.722468 -1147.474031 -1141.454863 -1140.764858 -1140.660790 -1140.643025 -1140.641695 -1140.643426 -1140.645370 -1140.646971 -1140.648196 -1140.649121 -1140.649827 -1140.650374 -1140.650806 -1140.651154 -1140.651442 -1140.651695 -1140.651940 -1140.652208 -1140.652542 -1140.653003 -1140.653681 -1140.654721 -1140.656352 -1140.658951 -1140.663150 -1140.670042 -1140.681572 -1140.701333 -1140.736180 -1140.799530 -1140.918043 -1141.145071 -1141.588261 -1142.471383 -1144.294774 -1148.296484 -1157.783436 -1182.775663 -9999.0 -9999.0
-9999.0 -9999.0 584.334569 492.318802 398.175101 302.851629 207.015478 110.979805 14.902080 -81.130019 -177.193777 -273.846469 -372.175824 -473.952134 -581.993381 -701.435001 -819.902372 -921.612069 -1015.110404 -1096.137551 -1128.365648 -1138.710912 -1139.314943 -1137.035325 -1134.873328 -1133.764690 -1133.703258 -1134.349186 -1135.335542 -1136.392174 -1137.362763 -1138.178553 -1138.825340 -1139.316847 -1139.677831 -1139.936765 -1140.129914 -1140.313103 -1140.579398 -1141.658570 -1150.479613 -1229.793537 -2126.433223 -4372.180939 -4381.142694 -4381.071115 -4381.003984 -4380.993627 -4380.992562 -4380.992643 -4380.992879 -4380.993132 -4380.993374 -4380.993598 -4380.993805 -4380.994043 -4380.994793 -4381.000313 -4381.038595 -4381.097956 -4367.085444 -2016.038215 -1205.722468 -1147.474031 -1141.454863 -1140.764858 -1140.660790 -1140.643025 -1140.641695 -1140.643426 -1140.645370 -1140.646971 -1140.648196 -1140.649121 -1140.649827 -1140.650374 -1140.650806 -1140.651154 -1140.651442 -1140.651695 -1140.651940 -1140.652208 -1140.652542 -1140.653003 -1140.653681 -1140.654721 -1140.656352 -1140.658951 -1140.663150 -1140.670042 -1140.681572 -1140.701333 -1140.736180 -1140.799530 -1140.918043 -1141.145071 -1141.588261 -1142.471383 -1144.294774 -1148.296484 -1157.783436 -1182.775663 -9999.0 -9999.0
-9999.0 -9999.0 584.328629 492.317009 398.174583 302.851470 207.015428 110.979789 14.902075 -81.130020 -177.193777 -273.846469 -372.175824 -473.952134 -581.993380 -701.435001 -819.902372 -921.612069 -1015.110404 -1096.137551 -1128.365648 -1138.710912 -1139.314943 -1137.035325 -1134.873328 -1133.764690 -1133.703258 -1134.349186 -1135.335542 -1136.392174 -1137.362763 -1138.178553 -1138.825340 -1139.316847 -1139.677831 -1139.936765 -1140.129914 -1140.313103 -1140.579398 -1141.658570 -1150.479613 -1229.793537 -2126.433224 -4372.180939 -4381.142694 -4381.071115 -4381.003984 -4380.993627 -4380.992562 -4380.992643 -4380.992879 -4380.993132 -4380.993374 -4380.993598 -4380.993805 -4380.994043 -4380.994793 -4381.000313 -4381.038595 -4381.097956 -4367.085444 -2016.038215 -1205.722468 -1147.474031 -1141.454863 -1140.764858 -1140.660790 -1140.643025 -1140.641695 -1140.643426 -1140.645370 -1140.646971 -1140.648196 -1140.649121 -1140.649827 -1140.650374 -1140.650806 -1140.651154 -1140.651442 -1140.651695 -1140.651940 -1140.652208 -1140.652542 -1140.653003 -1140.653681 -1140.654721 -1140.656352 -1140.658951 -1140.663150 -1140.670042 -1140.681572 -1140.701333 -1140.736180 -1140.799530 -1140.918043 -1141.145071 -1141.588261 -1142.471383 -1144.294774 -1148.296484 -1157.783436 -1182.775663 -9999.0 -9999.0
-9999.0 -9999.0 -9999.0 -9999.0 -9999.0 -9999.0 -9999.0 -9999.0 -9999.0 -9999.0 -9999.0 -9999.0 -9999.0 -9999.0 -9999.0 -9999.0 -9999.0 -9999.0 -9999.0 -9999.0 -9999.0 -9999.0 -9999.0 -9999.0 -9999.0 -9999.0 -9999.0 -9999.0 -9999.0 -9999.0 -9999.0 -9999.0 -9999.0 -9999.0 -9999.0 -9999.0 -9999.0 -9999.0 -9999.0 -9999.0 -9999.0 -9999.0 -9999.0 -9999.0 -9999.0 -9999.0 -9999.0 -9999.0 -9999.0 -9999.0 -9999.0 -9999.0 -9999.0 -9999.0 -9999.0 -9999.0 -9999.0 -9999.0 -9999.0 -9999.0 -9999.0 -9999.0 -9999.0 -9999.0 -9999.0 -9999.0 -9999.0 -9999.0 -9999.0 -9999.0 -9999.0 -9999.0 -9999.0 -9999.0 -9999.0 -9999.0 -9999.0 -9999.0 -9999.0 -9999.0 -9999.0 -9999.0 -9999.0 -9999.0 -9999.0 -9999.0 -9999.0 -9999.0 -9999.0 -9999.0 -9999.0 -9999.0 -9999.0 -9999.0 -9999.0 -9999.0 -9999.0 -9999.0 -9999.0 -9999.0 -9999.0 -9999.0 -9999.0 -9999.0
-9999.0 -9999.0 -9999.0 -9999.0 -9999.0 -9999.0 -9999.0 -9999.0 -9999.0 -9999.0 -9999.0 -9999.0 -9999.0 -9999.0 -9999.0 -9999.0 -9999.0 -9999.0 -9999.0 -9999.0 -9999.0 -9999.0 -9999.0 -9999.0 -9999.0 -9999.0 -9999.0 -9999.0 -9999.0 -9999.0 -9999.0 -9999.0 -9999.0 -9999.0 -9999.0 -9999.0 -9999.0 -9999.0 -9999.0 -9999.0 -9999.0 -9999.0 -9999.0 -9999.0 -9999.0 -9999.0 -9999.0 -9999.0 -9999.0 -9999.0 -9999.0 -9999.0 -9999.0 -9999.0 -9999.0 -9999.0 -9999.0 -9999.0 -9999.0 -9999.0 -9999.0 -9999.0 -9999.0 -9999.0 -9999.0 -9999.0 -9999.0 -9999.0 -9999.0 -9999.0 -9999.0 -9999.0 -9999.0 -9999.0 -9999.0 -9999.0 -9999.0 -9999.0 -9999.0 -9999.0 -9999.0 -9999.0 -9999.0 -9999.0 -9999.0 -9999.0 -9999.0 -9999.0 -9999.0 -9999.0 -9999.0 -9999.0 -9999.0 -9999.0 -9999.0 -9999.0 -9999.0 -9999.0 -9999.0 -9999.0 -9999.0 -9999.0 -9999.0 -9999.0