inst/processing_geotop_simulation/geotop_simulation/out/maps3D/PwL0022N0044.asc
ncols         104
nrows         10
xllcorner     -2.000000
yllcorner     0.000000
cellsize      1.000000
NODATA_value  -9999.0
-9999.0 -9999.0 -9999.0 -9999.0 -9999.0 -9999.0 -9999.0 -9999.0 -9999.0 -9999.0 -9999.0 -9999.0 -9999.0 -9999.0 -9999.0 -9999.0 -9999.0 -9999.0 -9999.0 -9999.0 -9999.0 -9999.0 -9999.0 -9999.0 -9999.0 -9999.0 -9999.0 -9999.0 -9999.0 -9999.0 -9999.0 -9999.0 -9999.0 -9999.0 -9999.0 -9999.0 -9999.0 -9999.0 -9999.0 -9999.0 -9999.0 -9999.0 -9999.0 -9999.0 -9999.0 -9999.0 -9999.0 -9999.0 -9999.0 -9999.0 -9999.0 -9999.0 -9999.0 -9999.0 -9999.0 -9999.0 -9999.0 -9999.0 -9999.0 -9999.0 -9999.0 -9999.0 -9999.0 -9999.0 -9999.0 -9999.0 -9999.0 -9999.0 -9999.0 -9999.0 -9999.0 -9999.0 -9999.0 -9999.0 -9999.0 -9999.0 -9999.0 -9999.0 -9999.0 -9999.0 -9999.0 -9999.0 -9999.0 -9999.0 -9999.0 -9999.0 -9999.0 -9999.0 -9999.0 -9999.0 -9999.0 -9999.0 -9999.0 -9999.0 -9999.0 -9999.0 -9999.0 -9999.0 -9999.0 -9999.0 -9999.0 -9999.0 -9999.0 -9999.0
-9999.0 -9999.0 -9999.0 -9999.0 -9999.0 -9999.0 -9999.0 -9999.0 -9999.0 -9999.0 -9999.0 -9999.0 -9999.0 -9999.0 -9999.0 -9999.0 -9999.0 -9999.0 -9999.0 -9999.0 -9999.0 -9999.0 -9999.0 -9999.0 -9999.0 -9999.0 -9999.0 -9999.0 -9999.0 -9999.0 -9999.0 -9999.0 -9999.0 -9999.0 -9999.0 -9999.0 -9999.0 -9999.0 -9999.0 -9999.0 -9999.0 -9999.0 -9999.0 -9999.0 -9999.0 -9999.0 -9999.0 -9999.0 -9999.0 -9999.0 -9999.0 -9999.0 -9999.0 -9999.0 -9999.0 -9999.0 -9999.0 -9999.0 -9999.0 -9999.0 -9999.0 -9999.0 -9999.0 -9999.0 -9999.0 -9999.0 -9999.0 -9999.0 -9999.0 -9999.0 -9999.0 -9999.0 -9999.0 -9999.0 -9999.0 -9999.0 -9999.0 -9999.0 -9999.0 -9999.0 -9999.0 -9999.0 -9999.0 -9999.0 -9999.0 -9999.0 -9999.0 -9999.0 -9999.0 -9999.0 -9999.0 -9999.0 -9999.0 -9999.0 -9999.0 -9999.0 -9999.0 -9999.0 -9999.0 -9999.0 -9999.0 -9999.0 -9999.0 -9999.0
-9999.0 -9999.0 -414.237734 -506.500683 -575.037270 -619.298588 -645.287087 -659.623427 -667.256612 -670.638317 -668.520661 -662.508915 -652.705077 -636.297810 -612.928625 -590.427357 -571.487556 -556.359710 -544.864813 -536.494290 -530.577740 -530.223899 -525.371522 -519.064838 -512.944891 -517.837058 -530.482958 -547.887642 -568.354649 -589.448331 -609.298412 -626.577457 -640.597267 -651.288272 -659.022262 -664.381305 -667.991556 -670.500269 -672.369665 -673.120478 -675.889929 -715.606585 -2284.352291 -3877.536645 -3886.138421 -3886.138561 -3886.125249 -3885.715080 -3881.753029 -3859.865931 -3782.938373 -3579.533557 -3347.024817 -3151.416123 -2945.055678 -2715.838601 -2467.787569 -2218.818667 -1989.771586 -1793.530138 -1627.871371 -1303.967144 -698.184789 -678.740974 -675.695867 -674.896819 -674.706608 -674.668626 -674.664355 -674.667062 -674.670693 -674.673874 -674.676405 -674.678384 -674.679942 -674.681189 -674.682205 -674.683042 -674.683750 -674.684381 -674.684998 -674.685675 -674.686518 -674.687674 -674.689369 -674.691956 -674.696001 -674.702433 -674.712801 -674.729770 -674.758076 -674.806455 -674.891619 -675.046553 -675.337719 -675.900405 -677.011734 -679.253903 -683.978885 -695.164922 -728.599729 -833.448974 -9999.0 -9999.0
-9999.0 -9999.0 -414.237725 -506.500658 -575.037239 -619.298570 -645.287081 -659.623426 -667.256614 -670.638319 -668.520661 -662.508915 -652.705077 -636.297810 -612.928625 -590.427357 -571.487556 -556.359710 -544.864813 -536.494290 -530.577740 -530.223899 -525.371522 -519.064838 -512.944891 -517.837058 -530.482958 -547.887642 -568.354649 -589.448331 -609.298412 -626.577457 -640.597267 -651.288272 -659.022262 -664.381305 -667.991556 -670.500269 -672.369665 -673.120478 -675.889929 -715.606585 -2284.352290 -3877.536645 -3886.138421 -3886.138561 -3886.125249 -3885.715080 -3881.753029 -3859.865931 -3782.938372 -3579.533555 -3347.024817 -3151.416123 -2945.055676 -2715.838600 -2467.787567 -2218.818667 -1989.771585 -1793.530138 -1627.871371 -1303.967145 -698.184789 -678.740974 -675.695867 -674.896819 -674.706608 -674.668626 -674.664355 -674.667062 -674.670693 -674.673874 -674.676405 -674.678384 -674.679942 -674.681189 -674.682205 -674.683042 -674.683750 -674.684381 -674.684998 -674.685675 -674.686518 -674.687674 -674.689369 -674.691956 -674.696001 -674.702433 -674.712801 -674.729770 -674.758076 -674.806455 -674.891619 -675.046553 -675.337719 -675.900405 -677.011734 -679.253903 -683.978885 -695.164922 -728.599729 -833.448974 -9999.0 -9999.0
-9999.0 -9999.0 -414.237721 -506.500643 -575.037218 -619.298556 -645.287076 -659.623427 -667.256615 -670.638320 -668.520662 -662.508915 -652.705077 -636.297810 -612.928625 -590.427357 -571.487556 -556.359710 -544.864813 -536.494290 -530.577740 -530.223899 -525.371522 -519.064838 -512.944891 -517.837058 -530.482958 -547.887642 -568.354649 -589.448331 -609.298412 -626.577457 -640.597267 -651.288272 -659.022262 -664.381305 -667.991556 -670.500269 -672.369665 -673.120478 -675.889929 -715.606585 -2284.352290 -3877.536645 -3886.138421 -3886.138561 -3886.125249 -3885.715080 -3881.753029 -3859.865930 -3782.938371 -3579.533554 -3347.024816 -3151.416122 -2945.055676 -2715.838599 -2467.787567 -2218.818666 -1989.771585 -1793.530137 -1627.871371 -1303.967144 -698.184789 -678.740974 -675.695867 -674.896819 -674.706608 -674.668626 -674.664355 -674.667062 -674.670693 -674.673874 -674.676405 -674.678384 -674.679942 -674.681189 -674.682205 -674.683042 -674.683750 -674.684381 -674.684998 -674.685675 -674.686518 -674.687674 -674.689369 -674.691956 -674.696001 -674.702433 -674.712801 -674.729770 -674.758076 -674.806455 -674.891619 -675.046553 -675.337719 -675.900405 -677.011734 -679.253903 -683.978885 -695.164922 -728.599729 -833.448974 -9999.0 -9999.0
-9999.0 -9999.0 -414.237721 -506.500643 -575.037218 -619.298556 -645.287076 -659.623427 -667.256615 -670.638320 -668.520662 -662.508915 -652.705077 -636.297810 -612.928625 -590.427357 -571.487556 -556.359710 -544.864813 -536.494290 -530.577740 -530.223899 -525.371522 -519.064838 -512.944891 -517.837058 -530.482958 -547.887642 -568.354649 -589.448331 -609.298412 -626.577457 -640.597267 -651.288272 -659.022262 -664.381305 -667.991556 -670.500269 -672.369665 -673.120478 -675.889929 -715.606585 -2284.352290 -3877.536645 -3886.138421 -3886.138561 -3886.125249 -3885.715080 -3881.753029 -3859.865931 -3782.938371 -3579.533554 -3347.024816 -3151.416122 -2945.055676 -2715.838600 -2467.787567 -2218.818666 -1989.771584 -1793.530138 -1627.871371 -1303.967144 -698.184789 -678.740974 -675.695867 -674.896819 -674.706608 -674.668626 -674.664355 -674.667062 -674.670693 -674.673874 -674.676405 -674.678384 -674.679942 -674.681189 -674.682205 -674.683042 -674.683750 -674.684381 -674.684998 -674.685675 -674.686518 -674.687674 -674.689369 -674.691956 -674.696001 -674.702433 -674.712801 -674.729770 -674.758076 -674.806455 -674.891619 -675.046553 -675.337719 -675.900405 -677.011734 -679.253903 -683.978885 -695.164922 -728.599729 -833.448974 -9999.0 -9999.0
-9999.0 -9999.0 -414.237726 -506.500657 -575.037239 -619.298570 -645.287081 -659.623426 -667.256614 -670.638319 -668.520661 -662.508915 -652.705077 -636.297810 -612.928625 -590.427357 -571.487556 -556.359710 -544.864813 -536.494290 -530.577740 -530.223899 -525.371522 -519.064838 -512.944891 -517.837058 -530.482958 -547.887642 -568.354649 -589.448331 -609.298412 -626.577457 -640.597267 -651.288272 -659.022262 -664.381305 -667.991556 -670.500269 -672.369665 -673.120478 -675.889929 -715.606585 -2284.352290 -3877.536645 -3886.138421 -3886.138561 -3886.125249 -3885.715080 -3881.753029 -3859.865931 -3782.938372 -3579.533555 -3347.024817 -3151.416122 -2945.055677 -2715.838600 -2467.787568 -2218.818666 -1989.771585 -1793.530138 -1627.871371 -1303.967144 -698.184789 -678.740974 -675.695867 -674.896819 -674.706608 -674.668626 -674.664355 -674.667062 -674.670693 -674.673874 -674.676405 -674.678384 -674.679942 -674.681189 -674.682205 -674.683042 -674.683750 -674.684381 -674.684998 -674.685675 -674.686518 -674.687674 -674.689369 -674.691956 -674.696001 -674.702433 -674.712801 -674.729770 -674.758076 -674.806455 -674.891619 -675.046553 -675.337719 -675.900405 -677.011734 -679.253903 -683.978885 -695.164922 -728.599729 -833.448974 -9999.0 -9999.0
-9999.0 -9999.0 -414.237734 -506.500683 -575.037270 -619.298588 -645.287087 -659.623427 -667.256612 -670.638317 -668.520661 -662.508915 -652.705077 -636.297810 -612.928625 -590.427357 -571.487556 -556.359710 -544.864813 -536.494290 -530.577740 -530.223899 -525.371522 -519.064838 -512.944891 -517.837058 -530.482958 -547.887642 -568.354649 -589.448331 -609.298412 -626.577457 -640.597267 -651.288272 -659.022262 -664.381305 -667.991556 -670.500269 -672.369665 -673.120478 -675.889929 -715.606585 -2284.352291 -3877.536645 -3886.138421 -3886.138561 -3886.125249 -3885.715080 -3881.753029 -3859.865931 -3782.938374 -3579.533557 -3347.024817 -3151.416123 -2945.055677 -2715.838601 -2467.787569 -2218.818668 -1989.771585 -1793.530138 -1627.871371 -1303.967144 -698.184789 -678.740974 -675.695867 -674.896819 -674.706608 -674.668626 -674.664355 -674.667062 -674.670693 -674.673874 -674.676405 -674.678384 -674.679942 -674.681189 -674.682205 -674.683042 -674.683750 -674.684381 -674.684998 -674.685675 -674.686518 -674.687674 -674.689369 -674.691956 -674.696001 -674.702433 -674.712801 -674.729770 -674.758076 -674.806455 -674.891619 -675.046553 -675.337719 -675.900405 -677.011734 -679.253903 -683.978885 -695.164922 -728.599729 -833.448974 -9999.0 -9999.0
-9999.0 -9999.0 -9999.0 -9999.0 -9999.0 -9999.0 -9999.0 -9999.0 -9999.0 -9999.0 -9999.0 -9999.0 -9999.0 -9999.0 -9999.0 -9999.0 -9999.0 -9999.0 -9999.0 -9999.0 -9999.0 -9999.0 -9999.0 -9999.0 -9999.0 -9999.0 -9999.0 -9999.0 -9999.0 -9999.0 -9999.0 -9999.0 -9999.0 -9999.0 -9999.0 -9999.0 -9999.0 -9999.0 -9999.0 -9999.0 -9999.0 -9999.0 -9999.0 -9999.0 -9999.0 -9999.0 -9999.0 -9999.0 -9999.0 -9999.0 -9999.0 -9999.0 -9999.0 -9999.0 -9999.0 -9999.0 -9999.0 -9999.0 -9999.0 -9999.0 -9999.0 -9999.0 -9999.0 -9999.0 -9999.0 -9999.0 -9999.0 -9999.0 -9999.0 -9999.0 -9999.0 -9999.0 -9999.0 -9999.0 -9999.0 -9999.0 -9999.0 -9999.0 -9999.0 -9999.0 -9999.0 -9999.0 -9999.0 -9999.0 -9999.0 -9999.0 -9999.0 -9999.0 -9999.0 -9999.0 -9999.0 -9999.0 -9999.0 -9999.0 -9999.0 -9999.0 -9999.0 -9999.0 -9999.0 -9999.0 -9999.0 -9999.0 -9999.0 -9999.0
-9999.0 -9999.0 -9999.0 -9999.0 -9999.0 -9999.0 -9999.0 -9999.0 -9999.0 -9999.0 -9999.0 -9999.0 -9999.0 -9999.0 -9999.0 -9999.0 -9999.0 -9999.0 -9999.0 -9999.0 -9999.0 -9999.0 -9999.0 -9999.0 -9999.0 -9999.0 -9999.0 -9999.0 -9999.0 -9999.0 -9999.0 -9999.0 -9999.0 -9999.0 -9999.0 -9999.0 -9999.0 -9999.0 -9999.0 -9999.0 -9999.0 -9999.0 -9999.0 -9999.0 -9999.0 -9999.0 -9999.0 -9999.0 -9999.0 -9999.0 -9999.0 -9999.0 -9999.0 -9999.0 -9999.0 -9999.0 -9999.0 -9999.0 -9999.0 -9999.0 -9999.0 -9999.0 -9999.0 -9999.0 -9999.0 -9999.0 -9999.0 -9999.0 -9999.0 -9999.0 -9999.0 -9999.0 -9999.0 -9999.0 -9999.0 -9999.0 -9999.0 -9999.0 -9999.0 -9999.0 -9999.0 -9999.0 -9999.0 -9999.0 -9999.0 -9999.0 -9999.0 -9999.0 -9999.0 -9999.0 -9999.0 -9999.0 -9999.0 -9999.0 -9999.0 -9999.0 -9999.0 -9999.0 -9999.0 -9999.0 -9999.0 -9999.0 -9999.0 -9999.0