inst/processing_geotop_simulation/geotop_simulation/out/maps3D/PwL0011N0164.asc
ncols         104
nrows         10
xllcorner     -2.000000
yllcorner     0.000000
cellsize      1.000000
NODATA_value  -9999.0
-9999.0 -9999.0 -9999.0 -9999.0 -9999.0 -9999.0 -9999.0 -9999.0 -9999.0 -9999.0 -9999.0 -9999.0 -9999.0 -9999.0 -9999.0 -9999.0 -9999.0 -9999.0 -9999.0 -9999.0 -9999.0 -9999.0 -9999.0 -9999.0 -9999.0 -9999.0 -9999.0 -9999.0 -9999.0 -9999.0 -9999.0 -9999.0 -9999.0 -9999.0 -9999.0 -9999.0 -9999.0 -9999.0 -9999.0 -9999.0 -9999.0 -9999.0 -9999.0 -9999.0 -9999.0 -9999.0 -9999.0 -9999.0 -9999.0 -9999.0 -9999.0 -9999.0 -9999.0 -9999.0 -9999.0 -9999.0 -9999.0 -9999.0 -9999.0 -9999.0 -9999.0 -9999.0 -9999.0 -9999.0 -9999.0 -9999.0 -9999.0 -9999.0 -9999.0 -9999.0 -9999.0 -9999.0 -9999.0 -9999.0 -9999.0 -9999.0 -9999.0 -9999.0 -9999.0 -9999.0 -9999.0 -9999.0 -9999.0 -9999.0 -9999.0 -9999.0 -9999.0 -9999.0 -9999.0 -9999.0 -9999.0 -9999.0 -9999.0 -9999.0 -9999.0 -9999.0 -9999.0 -9999.0 -9999.0 -9999.0 -9999.0 -9999.0 -9999.0 -9999.0
-9999.0 -9999.0 -9999.0 -9999.0 -9999.0 -9999.0 -9999.0 -9999.0 -9999.0 -9999.0 -9999.0 -9999.0 -9999.0 -9999.0 -9999.0 -9999.0 -9999.0 -9999.0 -9999.0 -9999.0 -9999.0 -9999.0 -9999.0 -9999.0 -9999.0 -9999.0 -9999.0 -9999.0 -9999.0 -9999.0 -9999.0 -9999.0 -9999.0 -9999.0 -9999.0 -9999.0 -9999.0 -9999.0 -9999.0 -9999.0 -9999.0 -9999.0 -9999.0 -9999.0 -9999.0 -9999.0 -9999.0 -9999.0 -9999.0 -9999.0 -9999.0 -9999.0 -9999.0 -9999.0 -9999.0 -9999.0 -9999.0 -9999.0 -9999.0 -9999.0 -9999.0 -9999.0 -9999.0 -9999.0 -9999.0 -9999.0 -9999.0 -9999.0 -9999.0 -9999.0 -9999.0 -9999.0 -9999.0 -9999.0 -9999.0 -9999.0 -9999.0 -9999.0 -9999.0 -9999.0 -9999.0 -9999.0 -9999.0 -9999.0 -9999.0 -9999.0 -9999.0 -9999.0 -9999.0 -9999.0 -9999.0 -9999.0 -9999.0 -9999.0 -9999.0 -9999.0 -9999.0 -9999.0 -9999.0 -9999.0 -9999.0 -9999.0 -9999.0 -9999.0
-9999.0 -9999.0 532.848098 440.440491 345.832731 250.101464 153.880439 57.451081 -39.038587 -135.518662 -231.928655 -328.160462 -424.014341 -519.137464 -613.154917 -706.705042 -800.582229 -894.146426 -987.165635 -1076.945097 -1157.422550 -1225.482668 -1279.288368 -1319.408733 -1347.998668 -1367.739119 -1381.093014 -1390.001922 -1395.879032 -1399.715317 -1402.195055 -1403.784512 -1404.796852 -1405.439019 -1405.845734 -1406.105600 -1406.283949 -1406.455752 -1406.854589 -1408.831806 -1419.420682 -1471.213108 -1734.197016 -2994.072003 -2617.227931 -2413.937962 -2328.361754 -2318.029179 -2317.002174 -2317.109223 -2317.375789 -2317.661122 -2317.934967 -2318.188351 -2318.422517 -2318.686266 -2319.468467 -2325.120400 -2367.801829 -2469.976267 -2643.139513 -1547.853469 -1441.831142 -1414.002300 -1407.846321 -1406.844485 -1406.697096 -1406.674911 -1406.672229 -1406.672851 -1406.673889 -1406.674795 -1406.675501 -1406.676038 -1406.676449 -1406.676768 -1406.677020 -1406.677223 -1406.677393 -1406.677543 -1406.677690 -1406.677853 -1406.678057 -1406.678341 -1406.678760 -1406.679403 -1406.680416 -1406.682035 -1406.684663 -1406.689002 -1406.696320 -1406.708984 -1406.731545 -1406.772962 -1406.851130 -1407.002289 -1407.301766 -1407.914913 -1409.235651 -1412.285188 -1419.987267 -1442.843356 -9999.0 -9999.0
-9999.0 -9999.0 532.854465 440.442341 345.833256 250.101624 153.880491 57.451099 -39.038581 -135.518660 -231.928655 -328.160461 -424.014341 -519.137464 -613.154917 -706.705042 -800.582229 -894.146427 -987.165636 -1076.945097 -1157.422550 -1225.482668 -1279.288368 -1319.408733 -1347.998668 -1367.739119 -1381.093014 -1390.001922 -1395.879032 -1399.715317 -1402.195055 -1403.784512 -1404.796852 -1405.439019 -1405.845734 -1406.105600 -1406.283949 -1406.455752 -1406.854589 -1408.831806 -1419.420682 -1471.213108 -1734.197016 -2994.072000 -2617.227928 -2413.937956 -2328.361754 -2318.029179 -2317.002174 -2317.109223 -2317.375789 -2317.661122 -2317.934967 -2318.188351 -2318.422517 -2318.686266 -2319.468467 -2325.120400 -2367.801829 -2469.976267 -2643.139514 -1547.853469 -1441.831142 -1414.002300 -1407.846321 -1406.844485 -1406.697096 -1406.674911 -1406.672229 -1406.672851 -1406.673889 -1406.674795 -1406.675501 -1406.676038 -1406.676449 -1406.676768 -1406.677020 -1406.677223 -1406.677393 -1406.677543 -1406.677690 -1406.677853 -1406.678057 -1406.678341 -1406.678760 -1406.679403 -1406.680416 -1406.682035 -1406.684663 -1406.689002 -1406.696320 -1406.708984 -1406.731545 -1406.772962 -1406.851130 -1407.002289 -1407.301766 -1407.914913 -1409.235651 -1412.285188 -1419.987267 -1442.843356 -9999.0 -9999.0
-9999.0 -9999.0 532.856076 440.443185 345.833598 250.101751 153.880536 57.451115 -39.038575 -135.518658 -231.928654 -328.160461 -424.014341 -519.137464 -613.154918 -706.705042 -800.582229 -894.146427 -987.165636 -1076.945098 -1157.422550 -1225.482668 -1279.288368 -1319.408733 -1347.998668 -1367.739119 -1381.093015 -1390.001922 -1395.879032 -1399.715317 -1402.195055 -1403.784512 -1404.796852 -1405.439019 -1405.845734 -1406.105600 -1406.283949 -1406.455752 -1406.854589 -1408.831806 -1419.420682 -1471.213108 -1734.197016 -2994.072000 -2617.227927 -2413.937954 -2328.361754 -2318.029179 -2317.002174 -2317.109223 -2317.375789 -2317.661122 -2317.934967 -2318.188351 -2318.422517 -2318.686266 -2319.468467 -2325.120400 -2367.801829 -2469.976267 -2643.139513 -1547.853469 -1441.831142 -1414.002300 -1407.846321 -1406.844485 -1406.697096 -1406.674911 -1406.672229 -1406.672851 -1406.673889 -1406.674795 -1406.675501 -1406.676038 -1406.676449 -1406.676768 -1406.677020 -1406.677223 -1406.677393 -1406.677543 -1406.677690 -1406.677853 -1406.678057 -1406.678341 -1406.678760 -1406.679403 -1406.680416 -1406.682035 -1406.684663 -1406.689002 -1406.696320 -1406.708984 -1406.731545 -1406.772962 -1406.851130 -1407.002289 -1407.301766 -1407.914913 -1409.235651 -1412.285188 -1419.987267 -1442.843356 -9999.0 -9999.0
-9999.0 -9999.0 532.856076 440.443185 345.833598 250.101751 153.880536 57.451115 -39.038575 -135.518658 -231.928654 -328.160461 -424.014341 -519.137464 -613.154917 -706.705042 -800.582229 -894.146427 -987.165636 -1076.945098 -1157.422550 -1225.482668 -1279.288368 -1319.408733 -1347.998668 -1367.739119 -1381.093015 -1390.001922 -1395.879032 -1399.715317 -1402.195055 -1403.784512 -1404.796852 -1405.439019 -1405.845734 -1406.105600 -1406.283949 -1406.455752 -1406.854589 -1408.831806 -1419.420682 -1471.213108 -1734.197016 -2994.072000 -2617.227927 -2413.937954 -2328.361754 -2318.029179 -2317.002174 -2317.109223 -2317.375789 -2317.661122 -2317.934967 -2318.188351 -2318.422517 -2318.686266 -2319.468467 -2325.120400 -2367.801829 -2469.976267 -2643.139513 -1547.853469 -1441.831142 -1414.002300 -1407.846321 -1406.844485 -1406.697096 -1406.674911 -1406.672229 -1406.672851 -1406.673889 -1406.674795 -1406.675501 -1406.676038 -1406.676449 -1406.676768 -1406.677020 -1406.677223 -1406.677393 -1406.677543 -1406.677690 -1406.677853 -1406.678057 -1406.678341 -1406.678760 -1406.679403 -1406.680416 -1406.682035 -1406.684663 -1406.689002 -1406.696320 -1406.708984 -1406.731545 -1406.772962 -1406.851130 -1407.002289 -1407.301766 -1407.914913 -1409.235651 -1412.285188 -1419.987267 -1442.843356 -9999.0 -9999.0
-9999.0 -9999.0 532.854465 440.442341 345.833256 250.101624 153.880491 57.451099 -39.038581 -135.518660 -231.928655 -328.160461 -424.014341 -519.137464 -613.154917 -706.705042 -800.582229 -894.146427 -987.165636 -1076.945097 -1157.422550 -1225.482668 -1279.288368 -1319.408733 -1347.998668 -1367.739119 -1381.093014 -1390.001922 -1395.879032 -1399.715317 -1402.195055 -1403.784512 -1404.796852 -1405.439019 -1405.845734 -1406.105600 -1406.283949 -1406.455752 -1406.854589 -1408.831806 -1419.420682 -1471.213108 -1734.197016 -2994.072000 -2617.227928 -2413.937956 -2328.361754 -2318.029179 -2317.002174 -2317.109223 -2317.375789 -2317.661122 -2317.934967 -2318.188351 -2318.422517 -2318.686266 -2319.468467 -2325.120400 -2367.801829 -2469.976267 -2643.139514 -1547.853469 -1441.831142 -1414.002300 -1407.846321 -1406.844485 -1406.697096 -1406.674911 -1406.672229 -1406.672851 -1406.673889 -1406.674795 -1406.675501 -1406.676038 -1406.676449 -1406.676768 -1406.677020 -1406.677223 -1406.677393 -1406.677543 -1406.677690 -1406.677853 -1406.678057 -1406.678341 -1406.678760 -1406.679403 -1406.680416 -1406.682035 -1406.684663 -1406.689002 -1406.696320 -1406.708984 -1406.731545 -1406.772962 -1406.851130 -1407.002289 -1407.301766 -1407.914913 -1409.235651 -1412.285188 -1419.987267 -1442.843356 -9999.0 -9999.0
-9999.0 -9999.0 532.848098 440.440491 345.832731 250.101464 153.880439 57.451081 -39.038587 -135.518662 -231.928655 -328.160462 -424.014341 -519.137464 -613.154917 -706.705042 -800.582229 -894.146426 -987.165635 -1076.945097 -1157.422550 -1225.482668 -1279.288368 -1319.408733 -1347.998668 -1367.739119 -1381.093014 -1390.001922 -1395.879032 -1399.715317 -1402.195055 -1403.784512 -1404.796852 -1405.439019 -1405.845734 -1406.105600 -1406.283949 -1406.455752 -1406.854589 -1408.831806 -1419.420682 -1471.213108 -1734.197016 -2994.072003 -2617.227931 -2413.937962 -2328.361754 -2318.029179 -2317.002174 -2317.109223 -2317.375789 -2317.661122 -2317.934967 -2318.188351 -2318.422517 -2318.686266 -2319.468467 -2325.120400 -2367.801829 -2469.976267 -2643.139513 -1547.853469 -1441.831142 -1414.002300 -1407.846321 -1406.844485 -1406.697096 -1406.674911 -1406.672229 -1406.672851 -1406.673889 -1406.674795 -1406.675501 -1406.676038 -1406.676449 -1406.676768 -1406.677020 -1406.677223 -1406.677393 -1406.677543 -1406.677690 -1406.677853 -1406.678057 -1406.678341 -1406.678760 -1406.679403 -1406.680416 -1406.682035 -1406.684663 -1406.689002 -1406.696320 -1406.708984 -1406.731545 -1406.772962 -1406.851130 -1407.002289 -1407.301766 -1407.914913 -1409.235651 -1412.285188 -1419.987267 -1442.843356 -9999.0 -9999.0
-9999.0 -9999.0 -9999.0 -9999.0 -9999.0 -9999.0 -9999.0 -9999.0 -9999.0 -9999.0 -9999.0 -9999.0 -9999.0 -9999.0 -9999.0 -9999.0 -9999.0 -9999.0 -9999.0 -9999.0 -9999.0 -9999.0 -9999.0 -9999.0 -9999.0 -9999.0 -9999.0 -9999.0 -9999.0 -9999.0 -9999.0 -9999.0 -9999.0 -9999.0 -9999.0 -9999.0 -9999.0 -9999.0 -9999.0 -9999.0 -9999.0 -9999.0 -9999.0 -9999.0 -9999.0 -9999.0 -9999.0 -9999.0 -9999.0 -9999.0 -9999.0 -9999.0 -9999.0 -9999.0 -9999.0 -9999.0 -9999.0 -9999.0 -9999.0 -9999.0 -9999.0 -9999.0 -9999.0 -9999.0 -9999.0 -9999.0 -9999.0 -9999.0 -9999.0 -9999.0 -9999.0 -9999.0 -9999.0 -9999.0 -9999.0 -9999.0 -9999.0 -9999.0 -9999.0 -9999.0 -9999.0 -9999.0 -9999.0 -9999.0 -9999.0 -9999.0 -9999.0 -9999.0 -9999.0 -9999.0 -9999.0 -9999.0 -9999.0 -9999.0 -9999.0 -9999.0 -9999.0 -9999.0 -9999.0 -9999.0 -9999.0 -9999.0 -9999.0 -9999.0
-9999.0 -9999.0 -9999.0 -9999.0 -9999.0 -9999.0 -9999.0 -9999.0 -9999.0 -9999.0 -9999.0 -9999.0 -9999.0 -9999.0 -9999.0 -9999.0 -9999.0 -9999.0 -9999.0 -9999.0 -9999.0 -9999.0 -9999.0 -9999.0 -9999.0 -9999.0 -9999.0 -9999.0 -9999.0 -9999.0 -9999.0 -9999.0 -9999.0 -9999.0 -9999.0 -9999.0 -9999.0 -9999.0 -9999.0 -9999.0 -9999.0 -9999.0 -9999.0 -9999.0 -9999.0 -9999.0 -9999.0 -9999.0 -9999.0 -9999.0 -9999.0 -9999.0 -9999.0 -9999.0 -9999.0 -9999.0 -9999.0 -9999.0 -9999.0 -9999.0 -9999.0 -9999.0 -9999.0 -9999.0 -9999.0 -9999.0 -9999.0 -9999.0 -9999.0 -9999.0 -9999.0 -9999.0 -9999.0 -9999.0 -9999.0 -9999.0 -9999.0 -9999.0 -9999.0 -9999.0 -9999.0 -9999.0 -9999.0 -9999.0 -9999.0 -9999.0 -9999.0 -9999.0 -9999.0 -9999.0 -9999.0 -9999.0 -9999.0 -9999.0 -9999.0 -9999.0 -9999.0 -9999.0 -9999.0 -9999.0 -9999.0 -9999.0 -9999.0 -9999.0