inst/processing_geotop_simulation/geotop_simulation/out/maps3D/PwL0009N0274.asc
ncols         104
nrows         10
xllcorner     -2.000000
yllcorner     0.000000
cellsize      1.000000
NODATA_value  -9999.0
-9999.0 -9999.0 -9999.0 -9999.0 -9999.0 -9999.0 -9999.0 -9999.0 -9999.0 -9999.0 -9999.0 -9999.0 -9999.0 -9999.0 -9999.0 -9999.0 -9999.0 -9999.0 -9999.0 -9999.0 -9999.0 -9999.0 -9999.0 -9999.0 -9999.0 -9999.0 -9999.0 -9999.0 -9999.0 -9999.0 -9999.0 -9999.0 -9999.0 -9999.0 -9999.0 -9999.0 -9999.0 -9999.0 -9999.0 -9999.0 -9999.0 -9999.0 -9999.0 -9999.0 -9999.0 -9999.0 -9999.0 -9999.0 -9999.0 -9999.0 -9999.0 -9999.0 -9999.0 -9999.0 -9999.0 -9999.0 -9999.0 -9999.0 -9999.0 -9999.0 -9999.0 -9999.0 -9999.0 -9999.0 -9999.0 -9999.0 -9999.0 -9999.0 -9999.0 -9999.0 -9999.0 -9999.0 -9999.0 -9999.0 -9999.0 -9999.0 -9999.0 -9999.0 -9999.0 -9999.0 -9999.0 -9999.0 -9999.0 -9999.0 -9999.0 -9999.0 -9999.0 -9999.0 -9999.0 -9999.0 -9999.0 -9999.0 -9999.0 -9999.0 -9999.0 -9999.0 -9999.0 -9999.0 -9999.0 -9999.0 -9999.0 -9999.0 -9999.0 -9999.0
-9999.0 -9999.0 -9999.0 -9999.0 -9999.0 -9999.0 -9999.0 -9999.0 -9999.0 -9999.0 -9999.0 -9999.0 -9999.0 -9999.0 -9999.0 -9999.0 -9999.0 -9999.0 -9999.0 -9999.0 -9999.0 -9999.0 -9999.0 -9999.0 -9999.0 -9999.0 -9999.0 -9999.0 -9999.0 -9999.0 -9999.0 -9999.0 -9999.0 -9999.0 -9999.0 -9999.0 -9999.0 -9999.0 -9999.0 -9999.0 -9999.0 -9999.0 -9999.0 -9999.0 -9999.0 -9999.0 -9999.0 -9999.0 -9999.0 -9999.0 -9999.0 -9999.0 -9999.0 -9999.0 -9999.0 -9999.0 -9999.0 -9999.0 -9999.0 -9999.0 -9999.0 -9999.0 -9999.0 -9999.0 -9999.0 -9999.0 -9999.0 -9999.0 -9999.0 -9999.0 -9999.0 -9999.0 -9999.0 -9999.0 -9999.0 -9999.0 -9999.0 -9999.0 -9999.0 -9999.0 -9999.0 -9999.0 -9999.0 -9999.0 -9999.0 -9999.0 -9999.0 -9999.0 -9999.0 -9999.0 -9999.0 -9999.0 -9999.0 -9999.0 -9999.0 -9999.0 -9999.0 -9999.0 -9999.0 -9999.0 -9999.0 -9999.0 -9999.0 -9999.0
-9999.0 -9999.0 425.428655 328.693926 230.840902 132.504993 33.969203 -64.643464 -163.280870 -261.908659 -360.487278 -458.949522 -557.149007 -654.785752 -752.029326 -849.404680 -946.498258 -1043.311580 -1138.768430 -1231.015798 -1318.790249 -1398.968200 -1468.510619 -1525.742943 -1570.697750 -1604.684162 -1629.618975 -1647.490181 -1660.062219 -1668.772060 -1674.730090 -1678.763506 -1681.471449 -1683.278072 -1684.478415 -1685.276933 -1685.823701 -1686.276276 -1687.028686 -1689.572253 -1697.756662 -1701.959760 -1270.445211 -1400.283975 -1357.286209 -1330.450386 -1318.173254 -1316.495794 -1316.323452 -1316.341165 -1316.386009 -1316.434113 -1316.480312 -1316.523075 -1316.562683 -1316.608072 -1316.746187 -1317.706821 -1324.061442 -1338.501007 -1358.415003 -1210.923534 -1671.192050 -1690.976185 -1688.195528 -1687.163516 -1686.960564 -1686.927214 -1686.922472 -1686.922377 -1686.922960 -1686.923535 -1686.923997 -1686.924352 -1686.924626 -1686.924840 -1686.925010 -1686.925149 -1686.925266 -1686.925372 -1686.925475 -1686.925591 -1686.925736 -1686.925937 -1686.926232 -1686.926685 -1686.927395 -1686.928533 -1686.930386 -1686.933463 -1686.938692 -1686.947824 -1686.964254 -1686.994709 -1687.052773 -1687.166544 -1687.396695 -1687.883270 -1688.976698 -1691.636346 -1698.858174 -1722.104615 -9999.0 -9999.0
-9999.0 -9999.0 425.435370 328.695713 230.841392 132.505140 33.969250 -64.643448 -163.280864 -261.908657 -360.487277 -458.949522 -557.149006 -654.785752 -752.029326 -849.404680 -946.498258 -1043.311580 -1138.768430 -1231.015798 -1318.790249 -1398.968201 -1468.510619 -1525.742943 -1570.697750 -1604.684162 -1629.618975 -1647.490181 -1660.062219 -1668.772060 -1674.730090 -1678.763506 -1681.471449 -1683.278072 -1684.478415 -1685.276933 -1685.823701 -1686.276276 -1687.028686 -1689.572253 -1697.756662 -1701.959760 -1270.445211 -1400.283975 -1357.286209 -1330.450386 -1318.173254 -1316.495794 -1316.323452 -1316.341165 -1316.386009 -1316.434113 -1316.480312 -1316.523075 -1316.562683 -1316.608072 -1316.746187 -1317.706821 -1324.061442 -1338.501007 -1358.415003 -1210.923534 -1671.192050 -1690.976185 -1688.195528 -1687.163516 -1686.960564 -1686.927214 -1686.922472 -1686.922377 -1686.922960 -1686.923535 -1686.923997 -1686.924352 -1686.924626 -1686.924840 -1686.925010 -1686.925149 -1686.925266 -1686.925372 -1686.925475 -1686.925591 -1686.925736 -1686.925937 -1686.926232 -1686.926685 -1686.927395 -1686.928533 -1686.930386 -1686.933463 -1686.938692 -1686.947824 -1686.964254 -1686.994709 -1687.052773 -1687.166544 -1687.396695 -1687.883270 -1688.976698 -1691.636346 -1698.858174 -1722.104615 -9999.0 -9999.0
-9999.0 -9999.0 425.436855 328.696500 230.841707 132.505255 33.969291 -64.643433 -163.280859 -261.908655 -360.487276 -458.949521 -557.149006 -654.785751 -752.029326 -849.404680 -946.498258 -1043.311580 -1138.768430 -1231.015798 -1318.790249 -1398.968201 -1468.510619 -1525.742943 -1570.697750 -1604.684162 -1629.618975 -1647.490181 -1660.062219 -1668.772060 -1674.730090 -1678.763506 -1681.471449 -1683.278072 -1684.478415 -1685.276933 -1685.823701 -1686.276276 -1687.028686 -1689.572253 -1697.756662 -1701.959760 -1270.445211 -1400.283975 -1357.286208 -1330.450385 -1318.173254 -1316.495794 -1316.323452 -1316.341165 -1316.386009 -1316.434113 -1316.480312 -1316.523075 -1316.562683 -1316.608072 -1316.746187 -1317.706821 -1324.061442 -1338.501007 -1358.415003 -1210.923534 -1671.192050 -1690.976185 -1688.195528 -1687.163516 -1686.960564 -1686.927214 -1686.922472 -1686.922377 -1686.922960 -1686.923535 -1686.923997 -1686.924352 -1686.924626 -1686.924840 -1686.925010 -1686.925149 -1686.925266 -1686.925372 -1686.925475 -1686.925591 -1686.925736 -1686.925937 -1686.926232 -1686.926685 -1686.927395 -1686.928533 -1686.930386 -1686.933463 -1686.938692 -1686.947824 -1686.964254 -1686.994709 -1687.052773 -1687.166544 -1687.396695 -1687.883270 -1688.976698 -1691.636346 -1698.858174 -1722.104615 -9999.0 -9999.0
-9999.0 -9999.0 425.436855 328.696500 230.841707 132.505255 33.969291 -64.643433 -163.280859 -261.908655 -360.487276 -458.949522 -557.149006 -654.785751 -752.029326 -849.404680 -946.498258 -1043.311580 -1138.768430 -1231.015798 -1318.790249 -1398.968201 -1468.510619 -1525.742943 -1570.697750 -1604.684162 -1629.618975 -1647.490181 -1660.062219 -1668.772060 -1674.730090 -1678.763506 -1681.471449 -1683.278072 -1684.478415 -1685.276933 -1685.823701 -1686.276276 -1687.028686 -1689.572253 -1697.756662 -1701.959760 -1270.445211 -1400.283975 -1357.286208 -1330.450385 -1318.173254 -1316.495794 -1316.323452 -1316.341165 -1316.386009 -1316.434113 -1316.480312 -1316.523075 -1316.562683 -1316.608072 -1316.746187 -1317.706821 -1324.061442 -1338.501007 -1358.415003 -1210.923534 -1671.192050 -1690.976185 -1688.195528 -1687.163516 -1686.960564 -1686.927214 -1686.922472 -1686.922377 -1686.922960 -1686.923535 -1686.923997 -1686.924352 -1686.924626 -1686.924840 -1686.925010 -1686.925149 -1686.925266 -1686.925372 -1686.925475 -1686.925591 -1686.925736 -1686.925937 -1686.926232 -1686.926685 -1686.927395 -1686.928533 -1686.930386 -1686.933463 -1686.938692 -1686.947824 -1686.964254 -1686.994709 -1687.052773 -1687.166544 -1687.396695 -1687.883270 -1688.976698 -1691.636346 -1698.858174 -1722.104615 -9999.0 -9999.0
-9999.0 -9999.0 425.435370 328.695713 230.841392 132.505140 33.969250 -64.643448 -163.280864 -261.908657 -360.487277 -458.949522 -557.149006 -654.785751 -752.029326 -849.404680 -946.498258 -1043.311580 -1138.768430 -1231.015798 -1318.790249 -1398.968201 -1468.510619 -1525.742943 -1570.697750 -1604.684162 -1629.618975 -1647.490181 -1660.062219 -1668.772060 -1674.730090 -1678.763506 -1681.471449 -1683.278072 -1684.478415 -1685.276933 -1685.823701 -1686.276276 -1687.028686 -1689.572253 -1697.756662 -1701.959760 -1270.445211 -1400.283975 -1357.286209 -1330.450386 -1318.173254 -1316.495794 -1316.323452 -1316.341165 -1316.386009 -1316.434113 -1316.480312 -1316.523075 -1316.562683 -1316.608072 -1316.746187 -1317.706821 -1324.061442 -1338.501007 -1358.415003 -1210.923534 -1671.192050 -1690.976185 -1688.195528 -1687.163516 -1686.960564 -1686.927214 -1686.922472 -1686.922377 -1686.922960 -1686.923535 -1686.923997 -1686.924352 -1686.924626 -1686.924840 -1686.925010 -1686.925149 -1686.925266 -1686.925372 -1686.925475 -1686.925591 -1686.925736 -1686.925937 -1686.926232 -1686.926685 -1686.927395 -1686.928533 -1686.930386 -1686.933463 -1686.938692 -1686.947824 -1686.964254 -1686.994709 -1687.052773 -1687.166544 -1687.396695 -1687.883270 -1688.976698 -1691.636346 -1698.858174 -1722.104615 -9999.0 -9999.0
-9999.0 -9999.0 425.428655 328.693926 230.840902 132.504993 33.969203 -64.643464 -163.280870 -261.908659 -360.487278 -458.949522 -557.149007 -654.785752 -752.029326 -849.404680 -946.498258 -1043.311580 -1138.768430 -1231.015798 -1318.790249 -1398.968200 -1468.510619 -1525.742943 -1570.697750 -1604.684162 -1629.618975 -1647.490181 -1660.062219 -1668.772060 -1674.730090 -1678.763506 -1681.471449 -1683.278072 -1684.478415 -1685.276933 -1685.823701 -1686.276276 -1687.028686 -1689.572253 -1697.756662 -1701.959760 -1270.445211 -1400.283975 -1357.286209 -1330.450386 -1318.173254 -1316.495794 -1316.323452 -1316.341165 -1316.386009 -1316.434113 -1316.480312 -1316.523075 -1316.562683 -1316.608072 -1316.746187 -1317.706821 -1324.061442 -1338.501007 -1358.415003 -1210.923534 -1671.192050 -1690.976185 -1688.195528 -1687.163516 -1686.960564 -1686.927214 -1686.922472 -1686.922377 -1686.922960 -1686.923535 -1686.923997 -1686.924352 -1686.924626 -1686.924840 -1686.925010 -1686.925149 -1686.925266 -1686.925372 -1686.925475 -1686.925591 -1686.925736 -1686.925937 -1686.926232 -1686.926685 -1686.927395 -1686.928533 -1686.930386 -1686.933463 -1686.938692 -1686.947824 -1686.964254 -1686.994709 -1687.052773 -1687.166544 -1687.396695 -1687.883270 -1688.976698 -1691.636346 -1698.858174 -1722.104615 -9999.0 -9999.0
-9999.0 -9999.0 -9999.0 -9999.0 -9999.0 -9999.0 -9999.0 -9999.0 -9999.0 -9999.0 -9999.0 -9999.0 -9999.0 -9999.0 -9999.0 -9999.0 -9999.0 -9999.0 -9999.0 -9999.0 -9999.0 -9999.0 -9999.0 -9999.0 -9999.0 -9999.0 -9999.0 -9999.0 -9999.0 -9999.0 -9999.0 -9999.0 -9999.0 -9999.0 -9999.0 -9999.0 -9999.0 -9999.0 -9999.0 -9999.0 -9999.0 -9999.0 -9999.0 -9999.0 -9999.0 -9999.0 -9999.0 -9999.0 -9999.0 -9999.0 -9999.0 -9999.0 -9999.0 -9999.0 -9999.0 -9999.0 -9999.0 -9999.0 -9999.0 -9999.0 -9999.0 -9999.0 -9999.0 -9999.0 -9999.0 -9999.0 -9999.0 -9999.0 -9999.0 -9999.0 -9999.0 -9999.0 -9999.0 -9999.0 -9999.0 -9999.0 -9999.0 -9999.0 -9999.0 -9999.0 -9999.0 -9999.0 -9999.0 -9999.0 -9999.0 -9999.0 -9999.0 -9999.0 -9999.0 -9999.0 -9999.0 -9999.0 -9999.0 -9999.0 -9999.0 -9999.0 -9999.0 -9999.0 -9999.0 -9999.0 -9999.0 -9999.0 -9999.0 -9999.0
-9999.0 -9999.0 -9999.0 -9999.0 -9999.0 -9999.0 -9999.0 -9999.0 -9999.0 -9999.0 -9999.0 -9999.0 -9999.0 -9999.0 -9999.0 -9999.0 -9999.0 -9999.0 -9999.0 -9999.0 -9999.0 -9999.0 -9999.0 -9999.0 -9999.0 -9999.0 -9999.0 -9999.0 -9999.0 -9999.0 -9999.0 -9999.0 -9999.0 -9999.0 -9999.0 -9999.0 -9999.0 -9999.0 -9999.0 -9999.0 -9999.0 -9999.0 -9999.0 -9999.0 -9999.0 -9999.0 -9999.0 -9999.0 -9999.0 -9999.0 -9999.0 -9999.0 -9999.0 -9999.0 -9999.0 -9999.0 -9999.0 -9999.0 -9999.0 -9999.0 -9999.0 -9999.0 -9999.0 -9999.0 -9999.0 -9999.0 -9999.0 -9999.0 -9999.0 -9999.0 -9999.0 -9999.0 -9999.0 -9999.0 -9999.0 -9999.0 -9999.0 -9999.0 -9999.0 -9999.0 -9999.0 -9999.0 -9999.0 -9999.0 -9999.0 -9999.0 -9999.0 -9999.0 -9999.0 -9999.0 -9999.0 -9999.0 -9999.0 -9999.0 -9999.0 -9999.0 -9999.0 -9999.0 -9999.0 -9999.0 -9999.0 -9999.0 -9999.0 -9999.0