inst/processing_geotop_simulation/geotop_simulation/out/maps3D/PwL0007N0123.asc
ncols         104
nrows         10
xllcorner     -2.000000
yllcorner     0.000000
cellsize      1.000000
NODATA_value  -9999.0
-9999.0 -9999.0 -9999.0 -9999.0 -9999.0 -9999.0 -9999.0 -9999.0 -9999.0 -9999.0 -9999.0 -9999.0 -9999.0 -9999.0 -9999.0 -9999.0 -9999.0 -9999.0 -9999.0 -9999.0 -9999.0 -9999.0 -9999.0 -9999.0 -9999.0 -9999.0 -9999.0 -9999.0 -9999.0 -9999.0 -9999.0 -9999.0 -9999.0 -9999.0 -9999.0 -9999.0 -9999.0 -9999.0 -9999.0 -9999.0 -9999.0 -9999.0 -9999.0 -9999.0 -9999.0 -9999.0 -9999.0 -9999.0 -9999.0 -9999.0 -9999.0 -9999.0 -9999.0 -9999.0 -9999.0 -9999.0 -9999.0 -9999.0 -9999.0 -9999.0 -9999.0 -9999.0 -9999.0 -9999.0 -9999.0 -9999.0 -9999.0 -9999.0 -9999.0 -9999.0 -9999.0 -9999.0 -9999.0 -9999.0 -9999.0 -9999.0 -9999.0 -9999.0 -9999.0 -9999.0 -9999.0 -9999.0 -9999.0 -9999.0 -9999.0 -9999.0 -9999.0 -9999.0 -9999.0 -9999.0 -9999.0 -9999.0 -9999.0 -9999.0 -9999.0 -9999.0 -9999.0 -9999.0 -9999.0 -9999.0 -9999.0 -9999.0 -9999.0 -9999.0
-9999.0 -9999.0 -9999.0 -9999.0 -9999.0 -9999.0 -9999.0 -9999.0 -9999.0 -9999.0 -9999.0 -9999.0 -9999.0 -9999.0 -9999.0 -9999.0 -9999.0 -9999.0 -9999.0 -9999.0 -9999.0 -9999.0 -9999.0 -9999.0 -9999.0 -9999.0 -9999.0 -9999.0 -9999.0 -9999.0 -9999.0 -9999.0 -9999.0 -9999.0 -9999.0 -9999.0 -9999.0 -9999.0 -9999.0 -9999.0 -9999.0 -9999.0 -9999.0 -9999.0 -9999.0 -9999.0 -9999.0 -9999.0 -9999.0 -9999.0 -9999.0 -9999.0 -9999.0 -9999.0 -9999.0 -9999.0 -9999.0 -9999.0 -9999.0 -9999.0 -9999.0 -9999.0 -9999.0 -9999.0 -9999.0 -9999.0 -9999.0 -9999.0 -9999.0 -9999.0 -9999.0 -9999.0 -9999.0 -9999.0 -9999.0 -9999.0 -9999.0 -9999.0 -9999.0 -9999.0 -9999.0 -9999.0 -9999.0 -9999.0 -9999.0 -9999.0 -9999.0 -9999.0 -9999.0 -9999.0 -9999.0 -9999.0 -9999.0 -9999.0 -9999.0 -9999.0 -9999.0 -9999.0 -9999.0 -9999.0 -9999.0 -9999.0 -9999.0 -9999.0
-9999.0 -9999.0 337.500396 250.946607 159.169592 65.453364 -29.027602 -123.816778 -218.710493 -313.565472 -408.268434 -502.770898 -597.729725 -695.682806 -794.735971 -892.079422 -988.600824 -1082.359619 -1175.936605 -1250.430782 -1298.471635 -1326.999711 -1342.710240 -1351.158758 -1355.941601 -1359.023706 -1361.322633 -1363.189265 -1364.727150 -1365.965797 -1366.930746 -1367.658359 -1368.191753 -1368.573394 -1368.840483 -1369.025077 -1369.160946 -1369.296991 -1369.553727 -1370.804395 -1378.909962 -1416.868362 -1116.752199 -1173.696777 -1136.518820 -1114.234649 -1103.996584 -1102.670531 -1102.537944 -1102.555118 -1102.594070 -1102.635636 -1102.675523 -1102.712425 -1102.746469 -1102.784222 -1102.891134 -1103.638140 -1108.901750 -1120.931836 -1140.752943 -1062.937452 -1393.964046 -1375.244667 -1370.348062 -1369.629893 -1369.522527 -1369.504983 -1369.503304 -1369.504533 -1369.506032 -1369.507284 -1369.508247 -1369.508975 -1369.509530 -1369.509960 -1369.510300 -1369.510573 -1369.510799 -1369.510999 -1369.511193 -1369.511405 -1369.511671 -1369.512039 -1369.512582 -1369.513414 -1369.514720 -1369.516805 -1369.520179 -1369.525724 -1369.535025 -1369.551010 -1369.579283 -1369.630824 -1369.727455 -1369.912864 -1370.275436 -1370.999885 -1372.500271 -1375.796159 -1383.676487 -1405.873821 -9999.0 -9999.0
-9999.0 -9999.0 337.509259 250.948778 159.170170 65.453535 -29.027548 -123.816759 -218.710487 -313.565470 -408.268434 -502.770898 -597.729725 -695.682806 -794.735971 -892.079422 -988.600824 -1082.359619 -1175.936605 -1250.430782 -1298.471635 -1326.999711 -1342.710240 -1351.158758 -1355.941601 -1359.023706 -1361.322633 -1363.189265 -1364.727150 -1365.965797 -1366.930746 -1367.658359 -1368.191753 -1368.573394 -1368.840483 -1369.025077 -1369.160946 -1369.296991 -1369.553727 -1370.804395 -1378.909962 -1416.868362 -1116.752199 -1173.696777 -1136.518820 -1114.234649 -1103.996584 -1102.670531 -1102.537944 -1102.555118 -1102.594070 -1102.635636 -1102.675523 -1102.712425 -1102.746469 -1102.784222 -1102.891134 -1103.638140 -1108.901750 -1120.931836 -1140.752943 -1062.937452 -1393.964046 -1375.244667 -1370.348062 -1369.629893 -1369.522527 -1369.504983 -1369.503304 -1369.504533 -1369.506032 -1369.507284 -1369.508247 -1369.508975 -1369.509530 -1369.509960 -1369.510300 -1369.510573 -1369.510799 -1369.510999 -1369.511193 -1369.511405 -1369.511671 -1369.512039 -1369.512582 -1369.513414 -1369.514720 -1369.516805 -1369.520179 -1369.525724 -1369.535025 -1369.551010 -1369.579283 -1369.630824 -1369.727455 -1369.912864 -1370.275436 -1370.999885 -1372.500271 -1375.796159 -1383.676487 -1405.873821 -9999.0 -9999.0
-9999.0 -9999.0 337.510937 250.949696 159.170538 65.453670 -29.027500 -123.816743 -218.710481 -313.565468 -408.268433 -502.770898 -597.729725 -695.682806 -794.735972 -892.079422 -988.600824 -1082.359619 -1175.936605 -1250.430782 -1298.471635 -1326.999711 -1342.710240 -1351.158758 -1355.941601 -1359.023706 -1361.322633 -1363.189265 -1364.727150 -1365.965797 -1366.930746 -1367.658359 -1368.191753 -1368.573394 -1368.840483 -1369.025077 -1369.160946 -1369.296991 -1369.553727 -1370.804395 -1378.909962 -1416.868362 -1116.752199 -1173.696777 -1136.518820 -1114.234649 -1103.996584 -1102.670531 -1102.537944 -1102.555118 -1102.594070 -1102.635636 -1102.675523 -1102.712425 -1102.746469 -1102.784222 -1102.891134 -1103.638140 -1108.901750 -1120.931836 -1140.752943 -1062.937452 -1393.964046 -1375.244667 -1370.348062 -1369.629893 -1369.522527 -1369.504983 -1369.503304 -1369.504533 -1369.506032 -1369.507284 -1369.508247 -1369.508975 -1369.509530 -1369.509960 -1369.510300 -1369.510573 -1369.510799 -1369.510999 -1369.511193 -1369.511405 -1369.511671 -1369.512039 -1369.512582 -1369.513414 -1369.514720 -1369.516805 -1369.520179 -1369.525724 -1369.535025 -1369.551010 -1369.579283 -1369.630824 -1369.727455 -1369.912864 -1370.275436 -1370.999885 -1372.500271 -1375.796159 -1383.676487 -1405.873821 -9999.0 -9999.0
-9999.0 -9999.0 337.510937 250.949696 159.170537 65.453670 -29.027500 -123.816743 -218.710481 -313.565468 -408.268433 -502.770898 -597.729725 -695.682806 -794.735972 -892.079422 -988.600824 -1082.359619 -1175.936605 -1250.430782 -1298.471635 -1326.999711 -1342.710240 -1351.158758 -1355.941601 -1359.023706 -1361.322633 -1363.189265 -1364.727150 -1365.965797 -1366.930746 -1367.658359 -1368.191753 -1368.573394 -1368.840483 -1369.025077 -1369.160946 -1369.296991 -1369.553727 -1370.804395 -1378.909962 -1416.868362 -1116.752199 -1173.696777 -1136.518820 -1114.234649 -1103.996584 -1102.670531 -1102.537944 -1102.555118 -1102.594070 -1102.635636 -1102.675523 -1102.712425 -1102.746469 -1102.784222 -1102.891134 -1103.638140 -1108.901750 -1120.931836 -1140.752943 -1062.937452 -1393.964046 -1375.244667 -1370.348062 -1369.629893 -1369.522527 -1369.504983 -1369.503304 -1369.504533 -1369.506032 -1369.507284 -1369.508247 -1369.508975 -1369.509530 -1369.509960 -1369.510300 -1369.510573 -1369.510799 -1369.510999 -1369.511193 -1369.511405 -1369.511671 -1369.512039 -1369.512582 -1369.513414 -1369.514720 -1369.516805 -1369.520179 -1369.525724 -1369.535025 -1369.551010 -1369.579283 -1369.630824 -1369.727455 -1369.912864 -1370.275436 -1370.999885 -1372.500271 -1375.796159 -1383.676487 -1405.873821 -9999.0 -9999.0
-9999.0 -9999.0 337.509259 250.948778 159.170170 65.453535 -29.027547 -123.816760 -218.710487 -313.565470 -408.268434 -502.770898 -597.729725 -695.682806 -794.735971 -892.079422 -988.600824 -1082.359619 -1175.936605 -1250.430782 -1298.471635 -1326.999711 -1342.710240 -1351.158758 -1355.941601 -1359.023706 -1361.322633 -1363.189265 -1364.727150 -1365.965797 -1366.930746 -1367.658359 -1368.191753 -1368.573394 -1368.840483 -1369.025077 -1369.160946 -1369.296991 -1369.553727 -1370.804395 -1378.909962 -1416.868362 -1116.752199 -1173.696777 -1136.518820 -1114.234649 -1103.996584 -1102.670531 -1102.537944 -1102.555118 -1102.594070 -1102.635636 -1102.675523 -1102.712425 -1102.746469 -1102.784222 -1102.891134 -1103.638140 -1108.901750 -1120.931836 -1140.752943 -1062.937452 -1393.964046 -1375.244667 -1370.348062 -1369.629893 -1369.522527 -1369.504983 -1369.503304 -1369.504533 -1369.506032 -1369.507284 -1369.508247 -1369.508975 -1369.509530 -1369.509960 -1369.510300 -1369.510573 -1369.510799 -1369.510999 -1369.511193 -1369.511405 -1369.511671 -1369.512039 -1369.512582 -1369.513414 -1369.514720 -1369.516805 -1369.520179 -1369.525724 -1369.535025 -1369.551010 -1369.579283 -1369.630824 -1369.727455 -1369.912864 -1370.275436 -1370.999885 -1372.500271 -1375.796159 -1383.676487 -1405.873821 -9999.0 -9999.0
-9999.0 -9999.0 337.500396 250.946607 159.169592 65.453364 -29.027602 -123.816777 -218.710493 -313.565472 -408.268435 -502.770898 -597.729725 -695.682806 -794.735971 -892.079422 -988.600824 -1082.359619 -1175.936605 -1250.430782 -1298.471635 -1326.999711 -1342.710240 -1351.158758 -1355.941601 -1359.023706 -1361.322633 -1363.189265 -1364.727150 -1365.965797 -1366.930746 -1367.658359 -1368.191753 -1368.573394 -1368.840483 -1369.025077 -1369.160946 -1369.296991 -1369.553727 -1370.804395 -1378.909962 -1416.868362 -1116.752199 -1173.696777 -1136.518820 -1114.234649 -1103.996584 -1102.670531 -1102.537944 -1102.555118 -1102.594070 -1102.635636 -1102.675523 -1102.712425 -1102.746469 -1102.784222 -1102.891134 -1103.638140 -1108.901750 -1120.931836 -1140.752943 -1062.937452 -1393.964046 -1375.244667 -1370.348062 -1369.629893 -1369.522527 -1369.504983 -1369.503304 -1369.504533 -1369.506032 -1369.507284 -1369.508247 -1369.508975 -1369.509530 -1369.509960 -1369.510300 -1369.510573 -1369.510799 -1369.510999 -1369.511193 -1369.511405 -1369.511671 -1369.512039 -1369.512582 -1369.513414 -1369.514720 -1369.516805 -1369.520179 -1369.525724 -1369.535025 -1369.551010 -1369.579283 -1369.630824 -1369.727455 -1369.912864 -1370.275436 -1370.999885 -1372.500271 -1375.796159 -1383.676487 -1405.873821 -9999.0 -9999.0
-9999.0 -9999.0 -9999.0 -9999.0 -9999.0 -9999.0 -9999.0 -9999.0 -9999.0 -9999.0 -9999.0 -9999.0 -9999.0 -9999.0 -9999.0 -9999.0 -9999.0 -9999.0 -9999.0 -9999.0 -9999.0 -9999.0 -9999.0 -9999.0 -9999.0 -9999.0 -9999.0 -9999.0 -9999.0 -9999.0 -9999.0 -9999.0 -9999.0 -9999.0 -9999.0 -9999.0 -9999.0 -9999.0 -9999.0 -9999.0 -9999.0 -9999.0 -9999.0 -9999.0 -9999.0 -9999.0 -9999.0 -9999.0 -9999.0 -9999.0 -9999.0 -9999.0 -9999.0 -9999.0 -9999.0 -9999.0 -9999.0 -9999.0 -9999.0 -9999.0 -9999.0 -9999.0 -9999.0 -9999.0 -9999.0 -9999.0 -9999.0 -9999.0 -9999.0 -9999.0 -9999.0 -9999.0 -9999.0 -9999.0 -9999.0 -9999.0 -9999.0 -9999.0 -9999.0 -9999.0 -9999.0 -9999.0 -9999.0 -9999.0 -9999.0 -9999.0 -9999.0 -9999.0 -9999.0 -9999.0 -9999.0 -9999.0 -9999.0 -9999.0 -9999.0 -9999.0 -9999.0 -9999.0 -9999.0 -9999.0 -9999.0 -9999.0 -9999.0 -9999.0
-9999.0 -9999.0 -9999.0 -9999.0 -9999.0 -9999.0 -9999.0 -9999.0 -9999.0 -9999.0 -9999.0 -9999.0 -9999.0 -9999.0 -9999.0 -9999.0 -9999.0 -9999.0 -9999.0 -9999.0 -9999.0 -9999.0 -9999.0 -9999.0 -9999.0 -9999.0 -9999.0 -9999.0 -9999.0 -9999.0 -9999.0 -9999.0 -9999.0 -9999.0 -9999.0 -9999.0 -9999.0 -9999.0 -9999.0 -9999.0 -9999.0 -9999.0 -9999.0 -9999.0 -9999.0 -9999.0 -9999.0 -9999.0 -9999.0 -9999.0 -9999.0 -9999.0 -9999.0 -9999.0 -9999.0 -9999.0 -9999.0 -9999.0 -9999.0 -9999.0 -9999.0 -9999.0 -9999.0 -9999.0 -9999.0 -9999.0 -9999.0 -9999.0 -9999.0 -9999.0 -9999.0 -9999.0 -9999.0 -9999.0 -9999.0 -9999.0 -9999.0 -9999.0 -9999.0 -9999.0 -9999.0 -9999.0 -9999.0 -9999.0 -9999.0 -9999.0 -9999.0 -9999.0 -9999.0 -9999.0 -9999.0 -9999.0 -9999.0 -9999.0 -9999.0 -9999.0 -9999.0 -9999.0 -9999.0 -9999.0 -9999.0 -9999.0 -9999.0 -9999.0