inst/processing_geotop_simulation/geotop_simulation/out/maps3D/PwL0015N0193.asc
ncols         104
nrows         10
xllcorner     -2.000000
yllcorner     0.000000
cellsize      1.000000
NODATA_value  -9999.0
-9999.0 -9999.0 -9999.0 -9999.0 -9999.0 -9999.0 -9999.0 -9999.0 -9999.0 -9999.0 -9999.0 -9999.0 -9999.0 -9999.0 -9999.0 -9999.0 -9999.0 -9999.0 -9999.0 -9999.0 -9999.0 -9999.0 -9999.0 -9999.0 -9999.0 -9999.0 -9999.0 -9999.0 -9999.0 -9999.0 -9999.0 -9999.0 -9999.0 -9999.0 -9999.0 -9999.0 -9999.0 -9999.0 -9999.0 -9999.0 -9999.0 -9999.0 -9999.0 -9999.0 -9999.0 -9999.0 -9999.0 -9999.0 -9999.0 -9999.0 -9999.0 -9999.0 -9999.0 -9999.0 -9999.0 -9999.0 -9999.0 -9999.0 -9999.0 -9999.0 -9999.0 -9999.0 -9999.0 -9999.0 -9999.0 -9999.0 -9999.0 -9999.0 -9999.0 -9999.0 -9999.0 -9999.0 -9999.0 -9999.0 -9999.0 -9999.0 -9999.0 -9999.0 -9999.0 -9999.0 -9999.0 -9999.0 -9999.0 -9999.0 -9999.0 -9999.0 -9999.0 -9999.0 -9999.0 -9999.0 -9999.0 -9999.0 -9999.0 -9999.0 -9999.0 -9999.0 -9999.0 -9999.0 -9999.0 -9999.0 -9999.0 -9999.0 -9999.0 -9999.0
-9999.0 -9999.0 -9999.0 -9999.0 -9999.0 -9999.0 -9999.0 -9999.0 -9999.0 -9999.0 -9999.0 -9999.0 -9999.0 -9999.0 -9999.0 -9999.0 -9999.0 -9999.0 -9999.0 -9999.0 -9999.0 -9999.0 -9999.0 -9999.0 -9999.0 -9999.0 -9999.0 -9999.0 -9999.0 -9999.0 -9999.0 -9999.0 -9999.0 -9999.0 -9999.0 -9999.0 -9999.0 -9999.0 -9999.0 -9999.0 -9999.0 -9999.0 -9999.0 -9999.0 -9999.0 -9999.0 -9999.0 -9999.0 -9999.0 -9999.0 -9999.0 -9999.0 -9999.0 -9999.0 -9999.0 -9999.0 -9999.0 -9999.0 -9999.0 -9999.0 -9999.0 -9999.0 -9999.0 -9999.0 -9999.0 -9999.0 -9999.0 -9999.0 -9999.0 -9999.0 -9999.0 -9999.0 -9999.0 -9999.0 -9999.0 -9999.0 -9999.0 -9999.0 -9999.0 -9999.0 -9999.0 -9999.0 -9999.0 -9999.0 -9999.0 -9999.0 -9999.0 -9999.0 -9999.0 -9999.0 -9999.0 -9999.0 -9999.0 -9999.0 -9999.0 -9999.0 -9999.0 -9999.0 -9999.0 -9999.0 -9999.0 -9999.0 -9999.0 -9999.0
-9999.0 -9999.0 729.045437 633.746650 537.552732 440.687536 343.499443 246.170210 148.792145 51.415423 -45.923000 -143.206857 -240.392408 -337.371483 -433.945298 -529.815647 -624.502846 -718.631287 -812.999588 -906.474315 -998.690071 -1085.185787 -1159.580258 -1222.343759 -1272.749338 -1311.473937 -1340.123145 -1360.667695 -1375.026942 -1384.852382 -1391.459849 -1395.842102 -1398.717811 -1400.590564 -1401.804478 -1402.592293 -1403.117890 -1403.534985 -1404.206261 -1406.822373 -1419.261553 -1483.324792 -2031.191577 -4203.051000 -4232.671415 -4232.672904 -4232.672697 -4232.672664 -4232.672660 -4232.672661 -4232.672662 -4232.672663 -4232.672663 -4232.672664 -4232.672665 -4232.672666 -4232.672668 -4232.672685 -4232.672800 -4232.669595 -4184.103418 -1907.009672 -1448.803584 -1412.570161 -1405.604067 -1404.386137 -1404.198185 -1404.170090 -1404.166437 -1404.166726 -1404.167556 -1404.168313 -1404.168911 -1404.169369 -1404.169721 -1404.169995 -1404.170213 -1404.170389 -1404.170538 -1404.170670 -1404.170800 -1404.170944 -1404.171124 -1404.171373 -1404.171739 -1404.172302 -1404.173186 -1404.174599 -1404.176898 -1404.180705 -1404.187151 -1404.198357 -1404.218424 -1404.255452 -1404.325730 -1404.462699 -1404.737753 -1405.313768 -1406.593545 -1409.647169 -1417.580802 -1441.417863 -9999.0 -9999.0
-9999.0 -9999.0 729.050052 633.748195 537.553202 440.687683 343.499491 246.170226 148.792151 51.415426 -45.922999 -143.206857 -240.392408 -337.371482 -433.945298 -529.815647 -624.502846 -718.631287 -812.999588 -906.474315 -998.690071 -1085.185787 -1159.580258 -1222.343759 -1272.749339 -1311.473937 -1340.123146 -1360.667695 -1375.026942 -1384.852382 -1391.459849 -1395.842102 -1398.717811 -1400.590564 -1401.804478 -1402.592293 -1403.117890 -1403.534985 -1404.206261 -1406.822373 -1419.261553 -1483.324792 -2031.191577 -4203.051000 -4232.671415 -4232.672904 -4232.672697 -4232.672664 -4232.672660 -4232.672661 -4232.672662 -4232.672663 -4232.672663 -4232.672664 -4232.672665 -4232.672666 -4232.672668 -4232.672685 -4232.672800 -4232.669595 -4184.103418 -1907.009672 -1448.803584 -1412.570161 -1405.604067 -1404.386137 -1404.198185 -1404.170090 -1404.166437 -1404.166726 -1404.167556 -1404.168313 -1404.168911 -1404.169369 -1404.169721 -1404.169995 -1404.170213 -1404.170389 -1404.170538 -1404.170670 -1404.170800 -1404.170944 -1404.171124 -1404.171373 -1404.171739 -1404.172302 -1404.173186 -1404.174599 -1404.176898 -1404.180705 -1404.187151 -1404.198357 -1404.218424 -1404.255452 -1404.325730 -1404.462699 -1404.737753 -1405.313768 -1406.593545 -1409.647169 -1417.580802 -1441.417863 -9999.0 -9999.0
-9999.0 -9999.0 729.051506 633.748959 537.553516 440.687801 343.499534 246.170242 148.792157 51.415428 -45.922998 -143.206857 -240.392407 -337.371482 -433.945298 -529.815647 -624.502846 -718.631287 -812.999588 -906.474315 -998.690071 -1085.185787 -1159.580258 -1222.343759 -1272.749339 -1311.473937 -1340.123146 -1360.667695 -1375.026942 -1384.852382 -1391.459849 -1395.842102 -1398.717811 -1400.590564 -1401.804478 -1402.592293 -1403.117890 -1403.534985 -1404.206261 -1406.822373 -1419.261553 -1483.324792 -2031.191577 -4203.051000 -4232.671415 -4232.672904 -4232.672697 -4232.672664 -4232.672660 -4232.672661 -4232.672662 -4232.672663 -4232.672663 -4232.672664 -4232.672665 -4232.672666 -4232.672668 -4232.672685 -4232.672800 -4232.669595 -4184.103418 -1907.009672 -1448.803584 -1412.570161 -1405.604067 -1404.386137 -1404.198185 -1404.170090 -1404.166437 -1404.166726 -1404.167556 -1404.168313 -1404.168911 -1404.169369 -1404.169721 -1404.169995 -1404.170213 -1404.170389 -1404.170538 -1404.170670 -1404.170800 -1404.170944 -1404.171124 -1404.171373 -1404.171739 -1404.172302 -1404.173186 -1404.174599 -1404.176898 -1404.180705 -1404.187151 -1404.198357 -1404.218424 -1404.255452 -1404.325730 -1404.462699 -1404.737753 -1405.313768 -1406.593545 -1409.647169 -1417.580802 -1441.417863 -9999.0 -9999.0
-9999.0 -9999.0 729.051506 633.748959 537.553516 440.687801 343.499534 246.170242 148.792157 51.415428 -45.922998 -143.206856 -240.392408 -337.371482 -433.945298 -529.815647 -624.502846 -718.631287 -812.999588 -906.474315 -998.690071 -1085.185787 -1159.580258 -1222.343759 -1272.749339 -1311.473937 -1340.123146 -1360.667695 -1375.026942 -1384.852382 -1391.459849 -1395.842102 -1398.717811 -1400.590564 -1401.804478 -1402.592293 -1403.117890 -1403.534985 -1404.206261 -1406.822373 -1419.261553 -1483.324792 -2031.191577 -4203.051000 -4232.671415 -4232.672904 -4232.672697 -4232.672664 -4232.672660 -4232.672661 -4232.672662 -4232.672663 -4232.672663 -4232.672664 -4232.672665 -4232.672666 -4232.672668 -4232.672685 -4232.672800 -4232.669595 -4184.103418 -1907.009672 -1448.803584 -1412.570161 -1405.604067 -1404.386137 -1404.198185 -1404.170090 -1404.166437 -1404.166726 -1404.167556 -1404.168313 -1404.168911 -1404.169369 -1404.169721 -1404.169995 -1404.170213 -1404.170389 -1404.170538 -1404.170670 -1404.170800 -1404.170944 -1404.171124 -1404.171373 -1404.171739 -1404.172302 -1404.173186 -1404.174599 -1404.176898 -1404.180705 -1404.187151 -1404.198357 -1404.218424 -1404.255452 -1404.325730 -1404.462699 -1404.737753 -1405.313768 -1406.593545 -1409.647169 -1417.580802 -1441.417863 -9999.0 -9999.0
-9999.0 -9999.0 729.050052 633.748195 537.553202 440.687683 343.499491 246.170226 148.792151 51.415426 -45.922999 -143.206857 -240.392408 -337.371482 -433.945298 -529.815647 -624.502846 -718.631287 -812.999588 -906.474315 -998.690071 -1085.185787 -1159.580258 -1222.343759 -1272.749339 -1311.473937 -1340.123146 -1360.667695 -1375.026942 -1384.852382 -1391.459849 -1395.842102 -1398.717811 -1400.590564 -1401.804478 -1402.592293 -1403.117890 -1403.534985 -1404.206261 -1406.822373 -1419.261553 -1483.324792 -2031.191577 -4203.051000 -4232.671415 -4232.672904 -4232.672697 -4232.672664 -4232.672660 -4232.672661 -4232.672662 -4232.672663 -4232.672663 -4232.672664 -4232.672665 -4232.672666 -4232.672668 -4232.672685 -4232.672800 -4232.669595 -4184.103418 -1907.009672 -1448.803584 -1412.570161 -1405.604067 -1404.386137 -1404.198185 -1404.170090 -1404.166437 -1404.166726 -1404.167556 -1404.168313 -1404.168911 -1404.169369 -1404.169721 -1404.169995 -1404.170213 -1404.170389 -1404.170538 -1404.170670 -1404.170800 -1404.170944 -1404.171124 -1404.171373 -1404.171739 -1404.172302 -1404.173186 -1404.174599 -1404.176898 -1404.180705 -1404.187151 -1404.198357 -1404.218424 -1404.255452 -1404.325730 -1404.462699 -1404.737753 -1405.313768 -1406.593545 -1409.647169 -1417.580802 -1441.417863 -9999.0 -9999.0
-9999.0 -9999.0 729.045437 633.746650 537.552732 440.687535 343.499443 246.170210 148.792145 51.415423 -45.923000 -143.206857 -240.392408 -337.371482 -433.945298 -529.815647 -624.502846 -718.631287 -812.999588 -906.474315 -998.690071 -1085.185787 -1159.580258 -1222.343759 -1272.749338 -1311.473937 -1340.123145 -1360.667695 -1375.026942 -1384.852382 -1391.459849 -1395.842102 -1398.717811 -1400.590564 -1401.804478 -1402.592293 -1403.117890 -1403.534985 -1404.206261 -1406.822373 -1419.261553 -1483.324792 -2031.191577 -4203.051000 -4232.671415 -4232.672904 -4232.672697 -4232.672664 -4232.672660 -4232.672661 -4232.672662 -4232.672663 -4232.672663 -4232.672664 -4232.672665 -4232.672666 -4232.672668 -4232.672685 -4232.672800 -4232.669595 -4184.103418 -1907.009672 -1448.803584 -1412.570161 -1405.604067 -1404.386137 -1404.198185 -1404.170090 -1404.166437 -1404.166726 -1404.167556 -1404.168313 -1404.168911 -1404.169369 -1404.169721 -1404.169995 -1404.170213 -1404.170389 -1404.170538 -1404.170670 -1404.170800 -1404.170944 -1404.171124 -1404.171373 -1404.171739 -1404.172302 -1404.173186 -1404.174599 -1404.176898 -1404.180705 -1404.187151 -1404.198357 -1404.218424 -1404.255452 -1404.325730 -1404.462699 -1404.737753 -1405.313768 -1406.593545 -1409.647169 -1417.580802 -1441.417863 -9999.0 -9999.0
-9999.0 -9999.0 -9999.0 -9999.0 -9999.0 -9999.0 -9999.0 -9999.0 -9999.0 -9999.0 -9999.0 -9999.0 -9999.0 -9999.0 -9999.0 -9999.0 -9999.0 -9999.0 -9999.0 -9999.0 -9999.0 -9999.0 -9999.0 -9999.0 -9999.0 -9999.0 -9999.0 -9999.0 -9999.0 -9999.0 -9999.0 -9999.0 -9999.0 -9999.0 -9999.0 -9999.0 -9999.0 -9999.0 -9999.0 -9999.0 -9999.0 -9999.0 -9999.0 -9999.0 -9999.0 -9999.0 -9999.0 -9999.0 -9999.0 -9999.0 -9999.0 -9999.0 -9999.0 -9999.0 -9999.0 -9999.0 -9999.0 -9999.0 -9999.0 -9999.0 -9999.0 -9999.0 -9999.0 -9999.0 -9999.0 -9999.0 -9999.0 -9999.0 -9999.0 -9999.0 -9999.0 -9999.0 -9999.0 -9999.0 -9999.0 -9999.0 -9999.0 -9999.0 -9999.0 -9999.0 -9999.0 -9999.0 -9999.0 -9999.0 -9999.0 -9999.0 -9999.0 -9999.0 -9999.0 -9999.0 -9999.0 -9999.0 -9999.0 -9999.0 -9999.0 -9999.0 -9999.0 -9999.0 -9999.0 -9999.0 -9999.0 -9999.0 -9999.0 -9999.0
-9999.0 -9999.0 -9999.0 -9999.0 -9999.0 -9999.0 -9999.0 -9999.0 -9999.0 -9999.0 -9999.0 -9999.0 -9999.0 -9999.0 -9999.0 -9999.0 -9999.0 -9999.0 -9999.0 -9999.0 -9999.0 -9999.0 -9999.0 -9999.0 -9999.0 -9999.0 -9999.0 -9999.0 -9999.0 -9999.0 -9999.0 -9999.0 -9999.0 -9999.0 -9999.0 -9999.0 -9999.0 -9999.0 -9999.0 -9999.0 -9999.0 -9999.0 -9999.0 -9999.0 -9999.0 -9999.0 -9999.0 -9999.0 -9999.0 -9999.0 -9999.0 -9999.0 -9999.0 -9999.0 -9999.0 -9999.0 -9999.0 -9999.0 -9999.0 -9999.0 -9999.0 -9999.0 -9999.0 -9999.0 -9999.0 -9999.0 -9999.0 -9999.0 -9999.0 -9999.0 -9999.0 -9999.0 -9999.0 -9999.0 -9999.0 -9999.0 -9999.0 -9999.0 -9999.0 -9999.0 -9999.0 -9999.0 -9999.0 -9999.0 -9999.0 -9999.0 -9999.0 -9999.0 -9999.0 -9999.0 -9999.0 -9999.0 -9999.0 -9999.0 -9999.0 -9999.0 -9999.0 -9999.0 -9999.0 -9999.0 -9999.0 -9999.0 -9999.0 -9999.0