inst/processing_geotop_simulation/geotop_simulation/out/maps3D/PwL0020N0444.asc
ncols         104
nrows         10
xllcorner     -2.000000
yllcorner     0.000000
cellsize      1.000000
NODATA_value  -9999.0
-9999.0 -9999.0 -9999.0 -9999.0 -9999.0 -9999.0 -9999.0 -9999.0 -9999.0 -9999.0 -9999.0 -9999.0 -9999.0 -9999.0 -9999.0 -9999.0 -9999.0 -9999.0 -9999.0 -9999.0 -9999.0 -9999.0 -9999.0 -9999.0 -9999.0 -9999.0 -9999.0 -9999.0 -9999.0 -9999.0 -9999.0 -9999.0 -9999.0 -9999.0 -9999.0 -9999.0 -9999.0 -9999.0 -9999.0 -9999.0 -9999.0 -9999.0 -9999.0 -9999.0 -9999.0 -9999.0 -9999.0 -9999.0 -9999.0 -9999.0 -9999.0 -9999.0 -9999.0 -9999.0 -9999.0 -9999.0 -9999.0 -9999.0 -9999.0 -9999.0 -9999.0 -9999.0 -9999.0 -9999.0 -9999.0 -9999.0 -9999.0 -9999.0 -9999.0 -9999.0 -9999.0 -9999.0 -9999.0 -9999.0 -9999.0 -9999.0 -9999.0 -9999.0 -9999.0 -9999.0 -9999.0 -9999.0 -9999.0 -9999.0 -9999.0 -9999.0 -9999.0 -9999.0 -9999.0 -9999.0 -9999.0 -9999.0 -9999.0 -9999.0 -9999.0 -9999.0 -9999.0 -9999.0 -9999.0 -9999.0 -9999.0 -9999.0 -9999.0 -9999.0
-9999.0 -9999.0 -9999.0 -9999.0 -9999.0 -9999.0 -9999.0 -9999.0 -9999.0 -9999.0 -9999.0 -9999.0 -9999.0 -9999.0 -9999.0 -9999.0 -9999.0 -9999.0 -9999.0 -9999.0 -9999.0 -9999.0 -9999.0 -9999.0 -9999.0 -9999.0 -9999.0 -9999.0 -9999.0 -9999.0 -9999.0 -9999.0 -9999.0 -9999.0 -9999.0 -9999.0 -9999.0 -9999.0 -9999.0 -9999.0 -9999.0 -9999.0 -9999.0 -9999.0 -9999.0 -9999.0 -9999.0 -9999.0 -9999.0 -9999.0 -9999.0 -9999.0 -9999.0 -9999.0 -9999.0 -9999.0 -9999.0 -9999.0 -9999.0 -9999.0 -9999.0 -9999.0 -9999.0 -9999.0 -9999.0 -9999.0 -9999.0 -9999.0 -9999.0 -9999.0 -9999.0 -9999.0 -9999.0 -9999.0 -9999.0 -9999.0 -9999.0 -9999.0 -9999.0 -9999.0 -9999.0 -9999.0 -9999.0 -9999.0 -9999.0 -9999.0 -9999.0 -9999.0 -9999.0 -9999.0 -9999.0 -9999.0 -9999.0 -9999.0 -9999.0 -9999.0 -9999.0 -9999.0 -9999.0 -9999.0 -9999.0 -9999.0 -9999.0 -9999.0
-9999.0 -9999.0 968.156749 868.980974 769.746574 670.410943 571.019226 471.602533 372.178253 272.755959 173.341025 73.936568 -25.453611 -124.827322 -224.183066 -323.509049 -422.783885 -521.967715 -620.988253 -719.718248 -818.513607 -917.051612 -1015.181919 -1112.679527 -1204.965424 -1291.754791 -1371.061260 -1441.191618 -1501.073723 -1550.442816 -1589.818345 -1620.304050 -1643.312312 -1660.313063 -1672.661937 -1681.516373 -1687.830374 -1692.446016 -1696.392663 -1701.546785 -1710.950833 -1728.098488 -1786.929323 -3457.568626 -3982.856173 -3982.629596 -3938.454426 -3724.193158 -3415.919096 -3145.060013 -2933.644727 -2754.299916 -2645.460233 -2575.116206 -2509.677434 -2440.943332 -2366.543911 -2287.749759 -2207.654123 -2128.197570 -2027.397492 -1553.994586 -1683.357638 -1703.451370 -1703.417180 -1702.524653 -1702.237951 -1702.174778 -1702.163425 -1702.162018 -1702.162309 -1702.162821 -1702.163305 -1702.163735 -1702.164119 -1702.164470 -1702.164799 -1702.165114 -1702.165422 -1702.165730 -1702.166047 -1702.166381 -1702.166747 -1702.167163 -1702.167660 -1702.168282 -1702.169105 -1702.170256 -1702.171954 -1702.174592 -1702.178897 -1702.186267 -1702.199458 -1702.224067 -1702.271863 -1702.368775 -1702.575489 -1703.043686 -1704.178261 -1707.143358 -1715.601329 -1742.322556 -9999.0 -9999.0
-9999.0 -9999.0 968.159367 868.981986 769.746909 670.411054 571.019264 471.602546 372.178259 272.755962 173.341026 73.936569 -25.453610 -124.827322 -224.183066 -323.509049 -422.783885 -521.967716 -620.988253 -719.718249 -818.513607 -917.051612 -1015.181920 -1112.679527 -1204.965425 -1291.754792 -1371.061260 -1441.191618 -1501.073723 -1550.442816 -1589.818345 -1620.304050 -1643.312312 -1660.313063 -1672.661937 -1681.516373 -1687.830374 -1692.446016 -1696.392663 -1701.546785 -1710.950833 -1728.098487 -1786.929322 -3457.568625 -3982.856172 -3982.629596 -3938.454426 -3724.193157 -3415.919096 -3145.060012 -2933.644724 -2754.299915 -2645.460233 -2575.116206 -2509.677434 -2440.943332 -2366.543910 -2287.749759 -2207.654122 -2128.197570 -2027.397492 -1553.994586 -1683.357638 -1703.451369 -1703.417180 -1702.524653 -1702.237951 -1702.174778 -1702.163425 -1702.162018 -1702.162309 -1702.162821 -1702.163305 -1702.163735 -1702.164119 -1702.164470 -1702.164799 -1702.165114 -1702.165422 -1702.165730 -1702.166047 -1702.166381 -1702.166747 -1702.167163 -1702.167659 -1702.168282 -1702.169105 -1702.170256 -1702.171954 -1702.174592 -1702.178897 -1702.186267 -1702.199458 -1702.224067 -1702.271863 -1702.368775 -1702.575489 -1703.043686 -1704.178261 -1707.143358 -1715.601329 -1742.322556 -9999.0 -9999.0
-9999.0 -9999.0 968.160388 868.982536 769.747142 670.411143 571.019297 471.602559 372.178263 272.755964 173.341027 73.936569 -25.453610 -124.827322 -224.183066 -323.509049 -422.783885 -521.967716 -620.988253 -719.718249 -818.513607 -917.051612 -1015.181920 -1112.679528 -1204.965425 -1291.754792 -1371.061260 -1441.191618 -1501.073723 -1550.442816 -1589.818345 -1620.304050 -1643.312312 -1660.313063 -1672.661937 -1681.516373 -1687.830374 -1692.446016 -1696.392663 -1701.546785 -1710.950833 -1728.098487 -1786.929322 -3457.568624 -3982.856172 -3982.629596 -3938.454426 -3724.193157 -3415.919095 -3145.060010 -2933.644722 -2754.299915 -2645.460233 -2575.116206 -2509.677434 -2440.943332 -2366.543910 -2287.749758 -2207.654122 -2128.197569 -2027.397492 -1553.994586 -1683.357638 -1703.451369 -1703.417180 -1702.524653 -1702.237951 -1702.174778 -1702.163425 -1702.162018 -1702.162309 -1702.162821 -1702.163305 -1702.163735 -1702.164119 -1702.164470 -1702.164799 -1702.165114 -1702.165422 -1702.165730 -1702.166047 -1702.166381 -1702.166747 -1702.167163 -1702.167659 -1702.168282 -1702.169105 -1702.170256 -1702.171954 -1702.174592 -1702.178897 -1702.186267 -1702.199458 -1702.224067 -1702.271863 -1702.368775 -1702.575489 -1703.043686 -1704.178261 -1707.143358 -1715.601329 -1742.322556 -9999.0 -9999.0
-9999.0 -9999.0 968.160388 868.982536 769.747142 670.411143 571.019297 471.602559 372.178263 272.755964 173.341027 73.936569 -25.453610 -124.827322 -224.183066 -323.509049 -422.783885 -521.967716 -620.988253 -719.718249 -818.513607 -917.051612 -1015.181920 -1112.679528 -1204.965425 -1291.754792 -1371.061260 -1441.191618 -1501.073723 -1550.442816 -1589.818345 -1620.304050 -1643.312312 -1660.313063 -1672.661937 -1681.516373 -1687.830374 -1692.446016 -1696.392663 -1701.546785 -1710.950833 -1728.098487 -1786.929322 -3457.568624 -3982.856172 -3982.629596 -3938.454426 -3724.193157 -3415.919095 -3145.060011 -2933.644723 -2754.299915 -2645.460233 -2575.116206 -2509.677434 -2440.943332 -2366.543910 -2287.749758 -2207.654122 -2128.197569 -2027.397492 -1553.994586 -1683.357638 -1703.451369 -1703.417180 -1702.524653 -1702.237951 -1702.174778 -1702.163425 -1702.162018 -1702.162309 -1702.162821 -1702.163305 -1702.163735 -1702.164119 -1702.164470 -1702.164799 -1702.165114 -1702.165422 -1702.165730 -1702.166047 -1702.166381 -1702.166747 -1702.167163 -1702.167659 -1702.168282 -1702.169105 -1702.170256 -1702.171954 -1702.174592 -1702.178897 -1702.186267 -1702.199458 -1702.224067 -1702.271863 -1702.368775 -1702.575489 -1703.043686 -1704.178261 -1707.143358 -1715.601329 -1742.322556 -9999.0 -9999.0
-9999.0 -9999.0 968.159367 868.981986 769.746909 670.411054 571.019264 471.602546 372.178259 272.755962 173.341026 73.936569 -25.453611 -124.827322 -224.183066 -323.509049 -422.783885 -521.967716 -620.988253 -719.718249 -818.513607 -917.051612 -1015.181920 -1112.679527 -1204.965425 -1291.754792 -1371.061260 -1441.191618 -1501.073723 -1550.442816 -1589.818345 -1620.304050 -1643.312312 -1660.313063 -1672.661937 -1681.516373 -1687.830374 -1692.446016 -1696.392663 -1701.546785 -1710.950833 -1728.098487 -1786.929322 -3457.568624 -3982.856172 -3982.629596 -3938.454426 -3724.193157 -3415.919096 -3145.060011 -2933.644724 -2754.299915 -2645.460233 -2575.116206 -2509.677434 -2440.943332 -2366.543911 -2287.749758 -2207.654123 -2128.197569 -2027.397492 -1553.994586 -1683.357638 -1703.451369 -1703.417180 -1702.524653 -1702.237951 -1702.174778 -1702.163425 -1702.162018 -1702.162309 -1702.162821 -1702.163305 -1702.163735 -1702.164119 -1702.164470 -1702.164799 -1702.165114 -1702.165422 -1702.165730 -1702.166047 -1702.166381 -1702.166747 -1702.167163 -1702.167659 -1702.168282 -1702.169105 -1702.170256 -1702.171954 -1702.174592 -1702.178897 -1702.186267 -1702.199458 -1702.224067 -1702.271863 -1702.368775 -1702.575489 -1703.043686 -1704.178261 -1707.143358 -1715.601329 -1742.322556 -9999.0 -9999.0
-9999.0 -9999.0 968.156749 868.980974 769.746574 670.410943 571.019226 471.602533 372.178253 272.755959 173.341025 73.936568 -25.453611 -124.827322 -224.183066 -323.509049 -422.783885 -521.967715 -620.988253 -719.718248 -818.513607 -917.051612 -1015.181919 -1112.679527 -1204.965424 -1291.754791 -1371.061260 -1441.191618 -1501.073723 -1550.442816 -1589.818345 -1620.304050 -1643.312312 -1660.313063 -1672.661937 -1681.516373 -1687.830374 -1692.446016 -1696.392663 -1701.546785 -1710.950833 -1728.098488 -1786.929323 -3457.568626 -3982.856173 -3982.629596 -3938.454426 -3724.193158 -3415.919096 -3145.060014 -2933.644727 -2754.299916 -2645.460233 -2575.116206 -2509.677434 -2440.943332 -2366.543911 -2287.749759 -2207.654123 -2128.197570 -2027.397492 -1553.994586 -1683.357638 -1703.451370 -1703.417180 -1702.524653 -1702.237951 -1702.174778 -1702.163425 -1702.162018 -1702.162309 -1702.162821 -1702.163305 -1702.163735 -1702.164119 -1702.164470 -1702.164799 -1702.165114 -1702.165422 -1702.165730 -1702.166047 -1702.166381 -1702.166747 -1702.167163 -1702.167660 -1702.168282 -1702.169105 -1702.170256 -1702.171954 -1702.174592 -1702.178897 -1702.186267 -1702.199458 -1702.224067 -1702.271863 -1702.368775 -1702.575489 -1703.043686 -1704.178261 -1707.143358 -1715.601329 -1742.322556 -9999.0 -9999.0
-9999.0 -9999.0 -9999.0 -9999.0 -9999.0 -9999.0 -9999.0 -9999.0 -9999.0 -9999.0 -9999.0 -9999.0 -9999.0 -9999.0 -9999.0 -9999.0 -9999.0 -9999.0 -9999.0 -9999.0 -9999.0 -9999.0 -9999.0 -9999.0 -9999.0 -9999.0 -9999.0 -9999.0 -9999.0 -9999.0 -9999.0 -9999.0 -9999.0 -9999.0 -9999.0 -9999.0 -9999.0 -9999.0 -9999.0 -9999.0 -9999.0 -9999.0 -9999.0 -9999.0 -9999.0 -9999.0 -9999.0 -9999.0 -9999.0 -9999.0 -9999.0 -9999.0 -9999.0 -9999.0 -9999.0 -9999.0 -9999.0 -9999.0 -9999.0 -9999.0 -9999.0 -9999.0 -9999.0 -9999.0 -9999.0 -9999.0 -9999.0 -9999.0 -9999.0 -9999.0 -9999.0 -9999.0 -9999.0 -9999.0 -9999.0 -9999.0 -9999.0 -9999.0 -9999.0 -9999.0 -9999.0 -9999.0 -9999.0 -9999.0 -9999.0 -9999.0 -9999.0 -9999.0 -9999.0 -9999.0 -9999.0 -9999.0 -9999.0 -9999.0 -9999.0 -9999.0 -9999.0 -9999.0 -9999.0 -9999.0 -9999.0 -9999.0 -9999.0 -9999.0
-9999.0 -9999.0 -9999.0 -9999.0 -9999.0 -9999.0 -9999.0 -9999.0 -9999.0 -9999.0 -9999.0 -9999.0 -9999.0 -9999.0 -9999.0 -9999.0 -9999.0 -9999.0 -9999.0 -9999.0 -9999.0 -9999.0 -9999.0 -9999.0 -9999.0 -9999.0 -9999.0 -9999.0 -9999.0 -9999.0 -9999.0 -9999.0 -9999.0 -9999.0 -9999.0 -9999.0 -9999.0 -9999.0 -9999.0 -9999.0 -9999.0 -9999.0 -9999.0 -9999.0 -9999.0 -9999.0 -9999.0 -9999.0 -9999.0 -9999.0 -9999.0 -9999.0 -9999.0 -9999.0 -9999.0 -9999.0 -9999.0 -9999.0 -9999.0 -9999.0 -9999.0 -9999.0 -9999.0 -9999.0 -9999.0 -9999.0 -9999.0 -9999.0 -9999.0 -9999.0 -9999.0 -9999.0 -9999.0 -9999.0 -9999.0 -9999.0 -9999.0 -9999.0 -9999.0 -9999.0 -9999.0 -9999.0 -9999.0 -9999.0 -9999.0 -9999.0 -9999.0 -9999.0 -9999.0 -9999.0 -9999.0 -9999.0 -9999.0 -9999.0 -9999.0 -9999.0 -9999.0 -9999.0 -9999.0 -9999.0 -9999.0 -9999.0 -9999.0 -9999.0