inst/processing_geotop_simulation/geotop_simulation/out/maps3D/PwL0002N0346.asc
ncols         104
nrows         10
xllcorner     -2.000000
yllcorner     0.000000
cellsize      1.000000
NODATA_value  -9999.0
-9999.0 -9999.0 -9999.0 -9999.0 -9999.0 -9999.0 -9999.0 -9999.0 -9999.0 -9999.0 -9999.0 -9999.0 -9999.0 -9999.0 -9999.0 -9999.0 -9999.0 -9999.0 -9999.0 -9999.0 -9999.0 -9999.0 -9999.0 -9999.0 -9999.0 -9999.0 -9999.0 -9999.0 -9999.0 -9999.0 -9999.0 -9999.0 -9999.0 -9999.0 -9999.0 -9999.0 -9999.0 -9999.0 -9999.0 -9999.0 -9999.0 -9999.0 -9999.0 -9999.0 -9999.0 -9999.0 -9999.0 -9999.0 -9999.0 -9999.0 -9999.0 -9999.0 -9999.0 -9999.0 -9999.0 -9999.0 -9999.0 -9999.0 -9999.0 -9999.0 -9999.0 -9999.0 -9999.0 -9999.0 -9999.0 -9999.0 -9999.0 -9999.0 -9999.0 -9999.0 -9999.0 -9999.0 -9999.0 -9999.0 -9999.0 -9999.0 -9999.0 -9999.0 -9999.0 -9999.0 -9999.0 -9999.0 -9999.0 -9999.0 -9999.0 -9999.0 -9999.0 -9999.0 -9999.0 -9999.0 -9999.0 -9999.0 -9999.0 -9999.0 -9999.0 -9999.0 -9999.0 -9999.0 -9999.0 -9999.0 -9999.0 -9999.0 -9999.0 -9999.0
-9999.0 -9999.0 -9999.0 -9999.0 -9999.0 -9999.0 -9999.0 -9999.0 -9999.0 -9999.0 -9999.0 -9999.0 -9999.0 -9999.0 -9999.0 -9999.0 -9999.0 -9999.0 -9999.0 -9999.0 -9999.0 -9999.0 -9999.0 -9999.0 -9999.0 -9999.0 -9999.0 -9999.0 -9999.0 -9999.0 -9999.0 -9999.0 -9999.0 -9999.0 -9999.0 -9999.0 -9999.0 -9999.0 -9999.0 -9999.0 -9999.0 -9999.0 -9999.0 -9999.0 -9999.0 -9999.0 -9999.0 -9999.0 -9999.0 -9999.0 -9999.0 -9999.0 -9999.0 -9999.0 -9999.0 -9999.0 -9999.0 -9999.0 -9999.0 -9999.0 -9999.0 -9999.0 -9999.0 -9999.0 -9999.0 -9999.0 -9999.0 -9999.0 -9999.0 -9999.0 -9999.0 -9999.0 -9999.0 -9999.0 -9999.0 -9999.0 -9999.0 -9999.0 -9999.0 -9999.0 -9999.0 -9999.0 -9999.0 -9999.0 -9999.0 -9999.0 -9999.0 -9999.0 -9999.0 -9999.0 -9999.0 -9999.0 -9999.0 -9999.0 -9999.0 -9999.0 -9999.0 -9999.0 -9999.0 -9999.0 -9999.0 -9999.0 -9999.0 -9999.0
-9999.0 -9999.0 76.168034 -20.720574 -119.225854 -218.118032 -317.151886 -416.235016 -515.320049 -614.371163 -713.314818 -812.117773 -910.735570 -1009.107292 -1107.415425 -1205.612450 -1303.246842 -1399.942354 -1495.062907 -1587.533577 -1675.354245 -1755.333706 -1824.191683 -1880.149031 -1923.428148 -1955.655317 -1979.000196 -1995.575478 -2007.166466 -2015.173282 -2020.648148 -2024.360077 -2026.859415 -2028.533289 -2029.650486 -2030.397864 -2030.915342 -2031.360456 -2032.128189 -2034.405384 -2037.739878 -1987.308913 -1218.212939 -1216.299000 -1205.805775 -1198.941027 -1195.712866 -1195.211797 -1195.157600 -1195.162783 -1195.176584 -1195.191449 -1195.205742 -1195.218981 -1195.231295 -1195.245836 -1195.291922 -1195.595519 -1197.328160 -1201.162607 -1206.444072 -1200.788101 -1963.858075 -2031.807142 -2032.969137 -2032.189760 -2031.986894 -2031.950070 -2031.944480 -2031.944136 -2031.944588 -2031.945071 -2031.945464 -2031.945769 -2031.946004 -2031.946188 -2031.946335 -2031.946455 -2031.946556 -2031.946648 -2031.946738 -2031.946840 -2031.946967 -2031.947144 -2031.947403 -2031.947800 -2031.948424 -2031.949423 -2031.951052 -2031.953764 -2031.958385 -2031.966480 -2031.981092 -2032.008268 -2032.060257 -2032.162579 -2032.370922 -2032.815547 -2033.827986 -2036.341999 -2043.387933 -2066.766603 -9999.0 -9999.0
-9999.0 -9999.0 76.178913 -20.718629 -119.225368 -218.117891 -317.151841 -416.235000 -515.320043 -614.371160 -713.314817 -812.117772 -910.735569 -1009.107292 -1107.415425 -1205.612450 -1303.246842 -1399.942354 -1495.062907 -1587.533578 -1675.354245 -1755.333706 -1824.191683 -1880.149031 -1923.428148 -1955.655317 -1979.000196 -1995.575478 -2007.166466 -2015.173282 -2020.648148 -2024.360077 -2026.859415 -2028.533289 -2029.650486 -2030.397864 -2030.915342 -2031.360456 -2032.128189 -2034.405384 -2037.739878 -1987.308913 -1218.212939 -1216.299000 -1205.805775 -1198.941027 -1195.712866 -1195.211797 -1195.157600 -1195.162783 -1195.176584 -1195.191449 -1195.205742 -1195.218981 -1195.231295 -1195.245836 -1195.291922 -1195.595519 -1197.328160 -1201.162607 -1206.444072 -1200.788101 -1963.858075 -2031.807142 -2032.969137 -2032.189760 -2031.986894 -2031.950070 -2031.944480 -2031.944136 -2031.944588 -2031.945071 -2031.945464 -2031.945769 -2031.946004 -2031.946188 -2031.946335 -2031.946455 -2031.946556 -2031.946648 -2031.946738 -2031.946840 -2031.946967 -2031.947144 -2031.947403 -2031.947800 -2031.948424 -2031.949423 -2031.951052 -2031.953764 -2031.958385 -2031.966480 -2031.981092 -2032.008268 -2032.060257 -2032.162579 -2032.370922 -2032.815547 -2033.827986 -2036.341999 -2043.387933 -2066.766603 -9999.0 -9999.0
-9999.0 -9999.0 76.180093 -20.717848 -119.225061 -218.117779 -317.151801 -416.234986 -515.320038 -614.371158 -713.314816 -812.117772 -910.735569 -1009.107292 -1107.415425 -1205.612450 -1303.246842 -1399.942354 -1495.062907 -1587.533578 -1675.354245 -1755.333707 -1824.191683 -1880.149031 -1923.428148 -1955.655317 -1979.000196 -1995.575478 -2007.166466 -2015.173282 -2020.648148 -2024.360077 -2026.859415 -2028.533289 -2029.650486 -2030.397864 -2030.915342 -2031.360456 -2032.128189 -2034.405384 -2037.739878 -1987.308913 -1218.212939 -1216.299000 -1205.805775 -1198.941027 -1195.712866 -1195.211797 -1195.157600 -1195.162783 -1195.176584 -1195.191449 -1195.205742 -1195.218981 -1195.231295 -1195.245836 -1195.291922 -1195.595519 -1197.328160 -1201.162607 -1206.444072 -1200.788101 -1963.858075 -2031.807142 -2032.969137 -2032.189760 -2031.986894 -2031.950070 -2031.944480 -2031.944136 -2031.944588 -2031.945071 -2031.945464 -2031.945769 -2031.946004 -2031.946188 -2031.946335 -2031.946455 -2031.946556 -2031.946648 -2031.946738 -2031.946840 -2031.946967 -2031.947144 -2031.947403 -2031.947800 -2031.948424 -2031.949423 -2031.951052 -2031.953764 -2031.958385 -2031.966480 -2031.981092 -2032.008268 -2032.060257 -2032.162579 -2032.370922 -2032.815547 -2033.827986 -2036.341999 -2043.387933 -2066.766603 -9999.0 -9999.0
-9999.0 -9999.0 76.180093 -20.717848 -119.225061 -218.117779 -317.151801 -416.234986 -515.320038 -614.371158 -713.314816 -812.117772 -910.735569 -1009.107292 -1107.415425 -1205.612450 -1303.246842 -1399.942354 -1495.062907 -1587.533578 -1675.354245 -1755.333707 -1824.191683 -1880.149031 -1923.428148 -1955.655317 -1979.000196 -1995.575478 -2007.166466 -2015.173282 -2020.648148 -2024.360077 -2026.859415 -2028.533289 -2029.650486 -2030.397864 -2030.915342 -2031.360456 -2032.128189 -2034.405384 -2037.739878 -1987.308913 -1218.212939 -1216.299000 -1205.805775 -1198.941027 -1195.712866 -1195.211797 -1195.157600 -1195.162783 -1195.176584 -1195.191449 -1195.205742 -1195.218981 -1195.231295 -1195.245836 -1195.291922 -1195.595519 -1197.328160 -1201.162607 -1206.444072 -1200.788101 -1963.858075 -2031.807142 -2032.969137 -2032.189760 -2031.986894 -2031.950070 -2031.944480 -2031.944136 -2031.944588 -2031.945071 -2031.945464 -2031.945769 -2031.946004 -2031.946188 -2031.946335 -2031.946455 -2031.946556 -2031.946648 -2031.946738 -2031.946840 -2031.946967 -2031.947144 -2031.947403 -2031.947800 -2031.948424 -2031.949423 -2031.951052 -2031.953764 -2031.958385 -2031.966480 -2031.981092 -2032.008268 -2032.060257 -2032.162579 -2032.370922 -2032.815547 -2033.827986 -2036.341999 -2043.387933 -2066.766603 -9999.0 -9999.0
-9999.0 -9999.0 76.178913 -20.718629 -119.225368 -218.117891 -317.151841 -416.235000 -515.320043 -614.371160 -713.314817 -812.117772 -910.735569 -1009.107292 -1107.415425 -1205.612450 -1303.246842 -1399.942354 -1495.062907 -1587.533577 -1675.354245 -1755.333706 -1824.191683 -1880.149031 -1923.428148 -1955.655317 -1979.000196 -1995.575478 -2007.166466 -2015.173282 -2020.648148 -2024.360077 -2026.859415 -2028.533289 -2029.650486 -2030.397864 -2030.915342 -2031.360456 -2032.128189 -2034.405384 -2037.739878 -1987.308913 -1218.212939 -1216.299000 -1205.805775 -1198.941027 -1195.712866 -1195.211797 -1195.157600 -1195.162783 -1195.176584 -1195.191449 -1195.205742 -1195.218981 -1195.231295 -1195.245836 -1195.291922 -1195.595519 -1197.328160 -1201.162607 -1206.444072 -1200.788101 -1963.858075 -2031.807142 -2032.969137 -2032.189760 -2031.986894 -2031.950070 -2031.944480 -2031.944136 -2031.944588 -2031.945071 -2031.945464 -2031.945769 -2031.946004 -2031.946188 -2031.946335 -2031.946455 -2031.946556 -2031.946648 -2031.946738 -2031.946840 -2031.946967 -2031.947144 -2031.947403 -2031.947800 -2031.948424 -2031.949423 -2031.951052 -2031.953764 -2031.958385 -2031.966480 -2031.981092 -2032.008268 -2032.060257 -2032.162579 -2032.370922 -2032.815547 -2033.827986 -2036.341999 -2043.387933 -2066.766603 -9999.0 -9999.0
-9999.0 -9999.0 76.168034 -20.720574 -119.225854 -218.118032 -317.151886 -416.235016 -515.320049 -614.371163 -713.314818 -812.117773 -910.735570 -1009.107292 -1107.415425 -1205.612450 -1303.246842 -1399.942354 -1495.062907 -1587.533577 -1675.354245 -1755.333706 -1824.191683 -1880.149031 -1923.428148 -1955.655317 -1979.000196 -1995.575478 -2007.166466 -2015.173282 -2020.648148 -2024.360077 -2026.859415 -2028.533289 -2029.650486 -2030.397864 -2030.915342 -2031.360456 -2032.128189 -2034.405384 -2037.739878 -1987.308913 -1218.212939 -1216.299000 -1205.805775 -1198.941027 -1195.712866 -1195.211797 -1195.157600 -1195.162783 -1195.176584 -1195.191449 -1195.205742 -1195.218981 -1195.231295 -1195.245836 -1195.291922 -1195.595519 -1197.328160 -1201.162607 -1206.444072 -1200.788101 -1963.858075 -2031.807142 -2032.969137 -2032.189760 -2031.986894 -2031.950070 -2031.944480 -2031.944136 -2031.944588 -2031.945071 -2031.945464 -2031.945769 -2031.946004 -2031.946188 -2031.946335 -2031.946455 -2031.946556 -2031.946648 -2031.946738 -2031.946840 -2031.946967 -2031.947144 -2031.947403 -2031.947800 -2031.948424 -2031.949423 -2031.951052 -2031.953764 -2031.958385 -2031.966480 -2031.981092 -2032.008268 -2032.060257 -2032.162579 -2032.370922 -2032.815547 -2033.827986 -2036.341999 -2043.387933 -2066.766603 -9999.0 -9999.0
-9999.0 -9999.0 -9999.0 -9999.0 -9999.0 -9999.0 -9999.0 -9999.0 -9999.0 -9999.0 -9999.0 -9999.0 -9999.0 -9999.0 -9999.0 -9999.0 -9999.0 -9999.0 -9999.0 -9999.0 -9999.0 -9999.0 -9999.0 -9999.0 -9999.0 -9999.0 -9999.0 -9999.0 -9999.0 -9999.0 -9999.0 -9999.0 -9999.0 -9999.0 -9999.0 -9999.0 -9999.0 -9999.0 -9999.0 -9999.0 -9999.0 -9999.0 -9999.0 -9999.0 -9999.0 -9999.0 -9999.0 -9999.0 -9999.0 -9999.0 -9999.0 -9999.0 -9999.0 -9999.0 -9999.0 -9999.0 -9999.0 -9999.0 -9999.0 -9999.0 -9999.0 -9999.0 -9999.0 -9999.0 -9999.0 -9999.0 -9999.0 -9999.0 -9999.0 -9999.0 -9999.0 -9999.0 -9999.0 -9999.0 -9999.0 -9999.0 -9999.0 -9999.0 -9999.0 -9999.0 -9999.0 -9999.0 -9999.0 -9999.0 -9999.0 -9999.0 -9999.0 -9999.0 -9999.0 -9999.0 -9999.0 -9999.0 -9999.0 -9999.0 -9999.0 -9999.0 -9999.0 -9999.0 -9999.0 -9999.0 -9999.0 -9999.0 -9999.0 -9999.0
-9999.0 -9999.0 -9999.0 -9999.0 -9999.0 -9999.0 -9999.0 -9999.0 -9999.0 -9999.0 -9999.0 -9999.0 -9999.0 -9999.0 -9999.0 -9999.0 -9999.0 -9999.0 -9999.0 -9999.0 -9999.0 -9999.0 -9999.0 -9999.0 -9999.0 -9999.0 -9999.0 -9999.0 -9999.0 -9999.0 -9999.0 -9999.0 -9999.0 -9999.0 -9999.0 -9999.0 -9999.0 -9999.0 -9999.0 -9999.0 -9999.0 -9999.0 -9999.0 -9999.0 -9999.0 -9999.0 -9999.0 -9999.0 -9999.0 -9999.0 -9999.0 -9999.0 -9999.0 -9999.0 -9999.0 -9999.0 -9999.0 -9999.0 -9999.0 -9999.0 -9999.0 -9999.0 -9999.0 -9999.0 -9999.0 -9999.0 -9999.0 -9999.0 -9999.0 -9999.0 -9999.0 -9999.0 -9999.0 -9999.0 -9999.0 -9999.0 -9999.0 -9999.0 -9999.0 -9999.0 -9999.0 -9999.0 -9999.0 -9999.0 -9999.0 -9999.0 -9999.0 -9999.0 -9999.0 -9999.0 -9999.0 -9999.0 -9999.0 -9999.0 -9999.0 -9999.0 -9999.0 -9999.0 -9999.0 -9999.0 -9999.0 -9999.0 -9999.0 -9999.0