inst/processing_geotop_simulation/geotop_simulation/out/maps3D/PwL0017N0155.asc
ncols         104
nrows         10
xllcorner     -2.000000
yllcorner     0.000000
cellsize      1.000000
NODATA_value  -9999.0
-9999.0 -9999.0 -9999.0 -9999.0 -9999.0 -9999.0 -9999.0 -9999.0 -9999.0 -9999.0 -9999.0 -9999.0 -9999.0 -9999.0 -9999.0 -9999.0 -9999.0 -9999.0 -9999.0 -9999.0 -9999.0 -9999.0 -9999.0 -9999.0 -9999.0 -9999.0 -9999.0 -9999.0 -9999.0 -9999.0 -9999.0 -9999.0 -9999.0 -9999.0 -9999.0 -9999.0 -9999.0 -9999.0 -9999.0 -9999.0 -9999.0 -9999.0 -9999.0 -9999.0 -9999.0 -9999.0 -9999.0 -9999.0 -9999.0 -9999.0 -9999.0 -9999.0 -9999.0 -9999.0 -9999.0 -9999.0 -9999.0 -9999.0 -9999.0 -9999.0 -9999.0 -9999.0 -9999.0 -9999.0 -9999.0 -9999.0 -9999.0 -9999.0 -9999.0 -9999.0 -9999.0 -9999.0 -9999.0 -9999.0 -9999.0 -9999.0 -9999.0 -9999.0 -9999.0 -9999.0 -9999.0 -9999.0 -9999.0 -9999.0 -9999.0 -9999.0 -9999.0 -9999.0 -9999.0 -9999.0 -9999.0 -9999.0 -9999.0 -9999.0 -9999.0 -9999.0 -9999.0 -9999.0 -9999.0 -9999.0 -9999.0 -9999.0 -9999.0 -9999.0
-9999.0 -9999.0 -9999.0 -9999.0 -9999.0 -9999.0 -9999.0 -9999.0 -9999.0 -9999.0 -9999.0 -9999.0 -9999.0 -9999.0 -9999.0 -9999.0 -9999.0 -9999.0 -9999.0 -9999.0 -9999.0 -9999.0 -9999.0 -9999.0 -9999.0 -9999.0 -9999.0 -9999.0 -9999.0 -9999.0 -9999.0 -9999.0 -9999.0 -9999.0 -9999.0 -9999.0 -9999.0 -9999.0 -9999.0 -9999.0 -9999.0 -9999.0 -9999.0 -9999.0 -9999.0 -9999.0 -9999.0 -9999.0 -9999.0 -9999.0 -9999.0 -9999.0 -9999.0 -9999.0 -9999.0 -9999.0 -9999.0 -9999.0 -9999.0 -9999.0 -9999.0 -9999.0 -9999.0 -9999.0 -9999.0 -9999.0 -9999.0 -9999.0 -9999.0 -9999.0 -9999.0 -9999.0 -9999.0 -9999.0 -9999.0 -9999.0 -9999.0 -9999.0 -9999.0 -9999.0 -9999.0 -9999.0 -9999.0 -9999.0 -9999.0 -9999.0 -9999.0 -9999.0 -9999.0 -9999.0 -9999.0 -9999.0 -9999.0 -9999.0 -9999.0 -9999.0 -9999.0 -9999.0 -9999.0 -9999.0 -9999.0 -9999.0 -9999.0 -9999.0
-9999.0 -9999.0 834.108171 740.325847 645.674630 550.181910 454.259451 358.145786 261.966654 165.789197 69.650186 -26.418428 -122.398125 -218.243535 -313.848151 -409.034441 -503.534454 -596.935360 -689.483656 -781.506801 -871.979903 -960.725405 -1041.172763 -1105.428672 -1156.567794 -1195.201520 -1223.100009 -1242.506085 -1255.597791 -1264.210674 -1269.763395 -1273.287002 -1275.497074 -1276.872769 -1277.726013 -1278.257875 -1278.604264 -1278.888705 -1279.411172 -1281.781323 -1294.825534 -1376.819729 -2031.204310 -4114.552081 -4133.662468 -4133.663366 -4133.663366 -4133.663366 -4133.663365 -4133.663359 -4133.663342 -4133.663285 -4133.663181 -4133.663038 -4133.662785 -4133.662260 -4133.661014 -4133.657732 -4133.648337 -4133.617552 -4101.544642 -1897.774187 -1342.002430 -1288.772343 -1280.682450 -1279.498771 -1279.331711 -1279.307187 -1279.304185 -1279.304757 -1279.305791 -1279.306702 -1279.307416 -1279.307960 -1279.308378 -1279.308703 -1279.308960 -1279.309169 -1279.309344 -1279.309499 -1279.309650 -1279.309818 -1279.310027 -1279.310317 -1279.310745 -1279.311401 -1279.312432 -1279.314080 -1279.316757 -1279.321181 -1279.328651 -1279.341597 -1279.364704 -1279.407204 -1279.487611 -1279.643723 -1279.955478 -1280.603531 -1282.033067 -1285.420838 -1294.059756 -1318.807647 -9999.0 -9999.0
-9999.0 -9999.0 834.112289 740.327316 645.675093 550.182058 454.259500 358.145802 261.966660 165.789199 69.650186 -26.418428 -122.398125 -218.243535 -313.848151 -409.034441 -503.534454 -596.935360 -689.483657 -781.506801 -871.979903 -960.725406 -1041.172764 -1105.428672 -1156.567795 -1195.201520 -1223.100009 -1242.506086 -1255.597791 -1264.210674 -1269.763395 -1273.287002 -1275.497074 -1276.872769 -1277.726013 -1278.257875 -1278.604264 -1278.888705 -1279.411172 -1281.781323 -1294.825534 -1376.819729 -2031.204310 -4114.552081 -4133.662468 -4133.663366 -4133.663366 -4133.663366 -4133.663365 -4133.663359 -4133.663342 -4133.663285 -4133.663181 -4133.663038 -4133.662785 -4133.662260 -4133.661014 -4133.657732 -4133.648337 -4133.617552 -4101.544642 -1897.774187 -1342.002430 -1288.772343 -1280.682450 -1279.498771 -1279.331711 -1279.307187 -1279.304185 -1279.304757 -1279.305791 -1279.306702 -1279.307416 -1279.307960 -1279.308378 -1279.308703 -1279.308960 -1279.309169 -1279.309344 -1279.309499 -1279.309650 -1279.309818 -1279.310027 -1279.310317 -1279.310745 -1279.311401 -1279.312432 -1279.314080 -1279.316757 -1279.321181 -1279.328651 -1279.341597 -1279.364704 -1279.407204 -1279.487611 -1279.643723 -1279.955478 -1280.603531 -1282.033067 -1285.420838 -1294.059756 -1318.807647 -9999.0 -9999.0
-9999.0 -9999.0 834.113711 740.328070 645.675407 550.182177 454.259543 358.145818 261.966666 165.789201 69.650187 -26.418428 -122.398125 -218.243535 -313.848151 -409.034441 -503.534454 -596.935361 -689.483657 -781.506801 -871.979904 -960.725406 -1041.172764 -1105.428673 -1156.567795 -1195.201520 -1223.100009 -1242.506086 -1255.597791 -1264.210674 -1269.763395 -1273.287002 -1275.497074 -1276.872769 -1277.726013 -1278.257875 -1278.604264 -1278.888705 -1279.411172 -1281.781323 -1294.825534 -1376.819729 -2031.204310 -4114.552081 -4133.662468 -4133.663366 -4133.663366 -4133.663366 -4133.663365 -4133.663359 -4133.663342 -4133.663285 -4133.663181 -4133.663038 -4133.662785 -4133.662260 -4133.661014 -4133.657732 -4133.648337 -4133.617552 -4101.544642 -1897.774187 -1342.002430 -1288.772343 -1280.682450 -1279.498771 -1279.331711 -1279.307187 -1279.304185 -1279.304757 -1279.305791 -1279.306702 -1279.307416 -1279.307960 -1279.308378 -1279.308703 -1279.308960 -1279.309169 -1279.309344 -1279.309499 -1279.309650 -1279.309818 -1279.310027 -1279.310317 -1279.310745 -1279.311401 -1279.312432 -1279.314080 -1279.316757 -1279.321181 -1279.328651 -1279.341597 -1279.364704 -1279.407204 -1279.487611 -1279.643723 -1279.955478 -1280.603531 -1282.033067 -1285.420838 -1294.059756 -1318.807647 -9999.0 -9999.0
-9999.0 -9999.0 834.113711 740.328070 645.675407 550.182177 454.259543 358.145818 261.966666 165.789201 69.650187 -26.418428 -122.398125 -218.243535 -313.848151 -409.034441 -503.534454 -596.935361 -689.483657 -781.506801 -871.979904 -960.725406 -1041.172764 -1105.428673 -1156.567795 -1195.201520 -1223.100009 -1242.506086 -1255.597791 -1264.210674 -1269.763395 -1273.287002 -1275.497074 -1276.872769 -1277.726013 -1278.257875 -1278.604264 -1278.888705 -1279.411172 -1281.781323 -1294.825534 -1376.819729 -2031.204310 -4114.552081 -4133.662468 -4133.663366 -4133.663366 -4133.663366 -4133.663365 -4133.663359 -4133.663342 -4133.663285 -4133.663181 -4133.663038 -4133.662785 -4133.662260 -4133.661014 -4133.657732 -4133.648337 -4133.617552 -4101.544642 -1897.774187 -1342.002430 -1288.772343 -1280.682450 -1279.498771 -1279.331711 -1279.307187 -1279.304185 -1279.304757 -1279.305791 -1279.306702 -1279.307416 -1279.307960 -1279.308378 -1279.308703 -1279.308960 -1279.309169 -1279.309344 -1279.309499 -1279.309650 -1279.309818 -1279.310027 -1279.310317 -1279.310745 -1279.311401 -1279.312432 -1279.314080 -1279.316757 -1279.321181 -1279.328651 -1279.341597 -1279.364704 -1279.407204 -1279.487611 -1279.643723 -1279.955478 -1280.603531 -1282.033067 -1285.420838 -1294.059756 -1318.807647 -9999.0 -9999.0
-9999.0 -9999.0 834.112289 740.327316 645.675093 550.182058 454.259500 358.145802 261.966660 165.789199 69.650186 -26.418428 -122.398125 -218.243535 -313.848151 -409.034441 -503.534454 -596.935360 -689.483657 -781.506801 -871.979903 -960.725406 -1041.172764 -1105.428672 -1156.567795 -1195.201520 -1223.100009 -1242.506086 -1255.597791 -1264.210674 -1269.763395 -1273.287002 -1275.497074 -1276.872769 -1277.726013 -1278.257875 -1278.604264 -1278.888705 -1279.411172 -1281.781323 -1294.825534 -1376.819729 -2031.204310 -4114.552081 -4133.662468 -4133.663366 -4133.663366 -4133.663366 -4133.663365 -4133.663359 -4133.663342 -4133.663285 -4133.663181 -4133.663038 -4133.662785 -4133.662260 -4133.661014 -4133.657732 -4133.648337 -4133.617552 -4101.544642 -1897.774187 -1342.002430 -1288.772343 -1280.682450 -1279.498771 -1279.331711 -1279.307187 -1279.304185 -1279.304757 -1279.305791 -1279.306702 -1279.307416 -1279.307960 -1279.308378 -1279.308703 -1279.308960 -1279.309169 -1279.309344 -1279.309499 -1279.309650 -1279.309818 -1279.310027 -1279.310317 -1279.310745 -1279.311401 -1279.312432 -1279.314080 -1279.316757 -1279.321181 -1279.328651 -1279.341597 -1279.364704 -1279.407204 -1279.487611 -1279.643723 -1279.955478 -1280.603531 -1282.033067 -1285.420838 -1294.059756 -1318.807647 -9999.0 -9999.0
-9999.0 -9999.0 834.108171 740.325847 645.674630 550.181910 454.259451 358.145786 261.966654 165.789197 69.650186 -26.418428 -122.398125 -218.243535 -313.848151 -409.034441 -503.534454 -596.935360 -689.483656 -781.506800 -871.979903 -960.725405 -1041.172763 -1105.428672 -1156.567794 -1195.201520 -1223.100009 -1242.506085 -1255.597791 -1264.210674 -1269.763395 -1273.287002 -1275.497074 -1276.872769 -1277.726013 -1278.257875 -1278.604264 -1278.888705 -1279.411172 -1281.781323 -1294.825534 -1376.819729 -2031.204310 -4114.552081 -4133.662468 -4133.663366 -4133.663366 -4133.663366 -4133.663365 -4133.663359 -4133.663342 -4133.663285 -4133.663181 -4133.663038 -4133.662785 -4133.662260 -4133.661014 -4133.657732 -4133.648337 -4133.617552 -4101.544642 -1897.774187 -1342.002430 -1288.772343 -1280.682450 -1279.498771 -1279.331711 -1279.307187 -1279.304185 -1279.304757 -1279.305791 -1279.306702 -1279.307416 -1279.307960 -1279.308378 -1279.308703 -1279.308960 -1279.309169 -1279.309344 -1279.309499 -1279.309650 -1279.309818 -1279.310027 -1279.310317 -1279.310745 -1279.311401 -1279.312432 -1279.314080 -1279.316757 -1279.321181 -1279.328651 -1279.341597 -1279.364704 -1279.407204 -1279.487611 -1279.643723 -1279.955478 -1280.603531 -1282.033067 -1285.420838 -1294.059756 -1318.807647 -9999.0 -9999.0
-9999.0 -9999.0 -9999.0 -9999.0 -9999.0 -9999.0 -9999.0 -9999.0 -9999.0 -9999.0 -9999.0 -9999.0 -9999.0 -9999.0 -9999.0 -9999.0 -9999.0 -9999.0 -9999.0 -9999.0 -9999.0 -9999.0 -9999.0 -9999.0 -9999.0 -9999.0 -9999.0 -9999.0 -9999.0 -9999.0 -9999.0 -9999.0 -9999.0 -9999.0 -9999.0 -9999.0 -9999.0 -9999.0 -9999.0 -9999.0 -9999.0 -9999.0 -9999.0 -9999.0 -9999.0 -9999.0 -9999.0 -9999.0 -9999.0 -9999.0 -9999.0 -9999.0 -9999.0 -9999.0 -9999.0 -9999.0 -9999.0 -9999.0 -9999.0 -9999.0 -9999.0 -9999.0 -9999.0 -9999.0 -9999.0 -9999.0 -9999.0 -9999.0 -9999.0 -9999.0 -9999.0 -9999.0 -9999.0 -9999.0 -9999.0 -9999.0 -9999.0 -9999.0 -9999.0 -9999.0 -9999.0 -9999.0 -9999.0 -9999.0 -9999.0 -9999.0 -9999.0 -9999.0 -9999.0 -9999.0 -9999.0 -9999.0 -9999.0 -9999.0 -9999.0 -9999.0 -9999.0 -9999.0 -9999.0 -9999.0 -9999.0 -9999.0 -9999.0 -9999.0
-9999.0 -9999.0 -9999.0 -9999.0 -9999.0 -9999.0 -9999.0 -9999.0 -9999.0 -9999.0 -9999.0 -9999.0 -9999.0 -9999.0 -9999.0 -9999.0 -9999.0 -9999.0 -9999.0 -9999.0 -9999.0 -9999.0 -9999.0 -9999.0 -9999.0 -9999.0 -9999.0 -9999.0 -9999.0 -9999.0 -9999.0 -9999.0 -9999.0 -9999.0 -9999.0 -9999.0 -9999.0 -9999.0 -9999.0 -9999.0 -9999.0 -9999.0 -9999.0 -9999.0 -9999.0 -9999.0 -9999.0 -9999.0 -9999.0 -9999.0 -9999.0 -9999.0 -9999.0 -9999.0 -9999.0 -9999.0 -9999.0 -9999.0 -9999.0 -9999.0 -9999.0 -9999.0 -9999.0 -9999.0 -9999.0 -9999.0 -9999.0 -9999.0 -9999.0 -9999.0 -9999.0 -9999.0 -9999.0 -9999.0 -9999.0 -9999.0 -9999.0 -9999.0 -9999.0 -9999.0 -9999.0 -9999.0 -9999.0 -9999.0 -9999.0 -9999.0 -9999.0 -9999.0 -9999.0 -9999.0 -9999.0 -9999.0 -9999.0 -9999.0 -9999.0 -9999.0 -9999.0 -9999.0 -9999.0 -9999.0 -9999.0 -9999.0 -9999.0 -9999.0