inst/processing_geotop_simulation/geotop_simulation/out/maps3D/PwL0018N0180.asc
ncols         104
nrows         10
xllcorner     -2.000000
yllcorner     0.000000
cellsize      1.000000
NODATA_value  -9999.0
-9999.0 -9999.0 -9999.0 -9999.0 -9999.0 -9999.0 -9999.0 -9999.0 -9999.0 -9999.0 -9999.0 -9999.0 -9999.0 -9999.0 -9999.0 -9999.0 -9999.0 -9999.0 -9999.0 -9999.0 -9999.0 -9999.0 -9999.0 -9999.0 -9999.0 -9999.0 -9999.0 -9999.0 -9999.0 -9999.0 -9999.0 -9999.0 -9999.0 -9999.0 -9999.0 -9999.0 -9999.0 -9999.0 -9999.0 -9999.0 -9999.0 -9999.0 -9999.0 -9999.0 -9999.0 -9999.0 -9999.0 -9999.0 -9999.0 -9999.0 -9999.0 -9999.0 -9999.0 -9999.0 -9999.0 -9999.0 -9999.0 -9999.0 -9999.0 -9999.0 -9999.0 -9999.0 -9999.0 -9999.0 -9999.0 -9999.0 -9999.0 -9999.0 -9999.0 -9999.0 -9999.0 -9999.0 -9999.0 -9999.0 -9999.0 -9999.0 -9999.0 -9999.0 -9999.0 -9999.0 -9999.0 -9999.0 -9999.0 -9999.0 -9999.0 -9999.0 -9999.0 -9999.0 -9999.0 -9999.0 -9999.0 -9999.0 -9999.0 -9999.0 -9999.0 -9999.0 -9999.0 -9999.0 -9999.0 -9999.0 -9999.0 -9999.0 -9999.0 -9999.0
-9999.0 -9999.0 -9999.0 -9999.0 -9999.0 -9999.0 -9999.0 -9999.0 -9999.0 -9999.0 -9999.0 -9999.0 -9999.0 -9999.0 -9999.0 -9999.0 -9999.0 -9999.0 -9999.0 -9999.0 -9999.0 -9999.0 -9999.0 -9999.0 -9999.0 -9999.0 -9999.0 -9999.0 -9999.0 -9999.0 -9999.0 -9999.0 -9999.0 -9999.0 -9999.0 -9999.0 -9999.0 -9999.0 -9999.0 -9999.0 -9999.0 -9999.0 -9999.0 -9999.0 -9999.0 -9999.0 -9999.0 -9999.0 -9999.0 -9999.0 -9999.0 -9999.0 -9999.0 -9999.0 -9999.0 -9999.0 -9999.0 -9999.0 -9999.0 -9999.0 -9999.0 -9999.0 -9999.0 -9999.0 -9999.0 -9999.0 -9999.0 -9999.0 -9999.0 -9999.0 -9999.0 -9999.0 -9999.0 -9999.0 -9999.0 -9999.0 -9999.0 -9999.0 -9999.0 -9999.0 -9999.0 -9999.0 -9999.0 -9999.0 -9999.0 -9999.0 -9999.0 -9999.0 -9999.0 -9999.0 -9999.0 -9999.0 -9999.0 -9999.0 -9999.0 -9999.0 -9999.0 -9999.0 -9999.0 -9999.0 -9999.0 -9999.0 -9999.0 -9999.0
-9999.0 -9999.0 880.135943 784.770222 688.865030 592.348088 495.510082 398.529854 301.501986 204.477431 107.484351 10.541548 -86.328265 -183.107626 -279.712664 -375.988050 -471.663176 -566.326285 -659.319651 -752.805824 -845.038047 -935.801338 -1024.937245 -1097.008532 -1157.322519 -1205.437549 -1242.166606 -1269.141454 -1288.313624 -1301.574335 -1310.546461 -1316.512689 -1320.428443 -1322.974603 -1324.620621 -1325.684549 -1326.387014 -1326.919823 -1327.679874 -1330.470256 -1344.069703 -1419.990851 -2005.625784 -4060.368957 -4084.157004 -4084.158415 -4084.158402 -4084.158217 -4084.157215 -4084.153602 -4084.142886 -4084.109783 -4084.052062 -4083.974169 -4083.839763 -4083.568523 -4082.948868 -4081.390386 -4077.161059 -4064.937565 -3980.115489 -1793.290640 -1382.562266 -1337.263490 -1329.302289 -1328.004223 -1327.810460 -1327.781894 -1327.778218 -1327.778544 -1327.779415 -1327.780208 -1327.780834 -1327.781315 -1327.781685 -1327.781974 -1327.782204 -1327.782391 -1327.782548 -1327.782688 -1327.782825 -1327.782977 -1327.783166 -1327.783427 -1327.783810 -1327.784397 -1327.785318 -1327.786791 -1327.789184 -1327.793147 -1327.799856 -1327.811519 -1327.832406 -1327.870958 -1327.944167 -1328.087045 -1328.374852 -1328.981197 -1330.340584 -1333.610468 -1342.076818 -1366.838585 -9999.0 -9999.0
-9999.0 -9999.0 880.139694 784.771599 688.865471 592.348230 495.510129 398.529870 301.501991 204.477433 107.484351 10.541548 -86.328265 -183.107626 -279.712664 -375.988050 -471.663176 -566.326285 -659.319652 -752.805825 -845.038047 -935.801338 -1024.937246 -1097.008533 -1157.322520 -1205.437549 -1242.166606 -1269.141454 -1288.313624 -1301.574335 -1310.546461 -1316.512689 -1320.428443 -1322.974603 -1324.620621 -1325.684549 -1326.387014 -1326.919823 -1327.679874 -1330.470256 -1344.069703 -1419.990851 -2005.625784 -4060.368957 -4084.157004 -4084.158415 -4084.158402 -4084.158217 -4084.157215 -4084.153602 -4084.142886 -4084.109783 -4084.052062 -4083.974169 -4083.839763 -4083.568523 -4082.948868 -4081.390386 -4077.161059 -4064.937565 -3980.115489 -1793.290640 -1382.562266 -1337.263490 -1329.302289 -1328.004223 -1327.810460 -1327.781894 -1327.778218 -1327.778544 -1327.779415 -1327.780208 -1327.780834 -1327.781315 -1327.781685 -1327.781974 -1327.782204 -1327.782391 -1327.782548 -1327.782688 -1327.782825 -1327.782977 -1327.783166 -1327.783427 -1327.783810 -1327.784397 -1327.785318 -1327.786791 -1327.789184 -1327.793147 -1327.799856 -1327.811519 -1327.832406 -1327.870958 -1327.944167 -1328.087045 -1328.374852 -1328.981197 -1330.340584 -1333.610468 -1342.076818 -1366.838585 -9999.0 -9999.0
-9999.0 -9999.0 880.141046 784.772318 688.865772 592.348345 495.510171 398.529885 301.501997 204.477435 107.484352 10.541548 -86.328264 -183.107626 -279.712664 -375.988050 -471.663176 -566.326285 -659.319652 -752.805825 -845.038047 -935.801338 -1024.937246 -1097.008533 -1157.322520 -1205.437549 -1242.166606 -1269.141454 -1288.313624 -1301.574336 -1310.546461 -1316.512689 -1320.428443 -1322.974603 -1324.620621 -1325.684549 -1326.387014 -1326.919823 -1327.679874 -1330.470256 -1344.069703 -1419.990851 -2005.625784 -4060.368957 -4084.157004 -4084.158415 -4084.158402 -4084.158217 -4084.157215 -4084.153602 -4084.142886 -4084.109783 -4084.052062 -4083.974169 -4083.839763 -4083.568523 -4082.948868 -4081.390386 -4077.161059 -4064.937565 -3980.115489 -1793.290640 -1382.562266 -1337.263490 -1329.302289 -1328.004223 -1327.810460 -1327.781894 -1327.778218 -1327.778544 -1327.779415 -1327.780208 -1327.780834 -1327.781315 -1327.781685 -1327.781974 -1327.782204 -1327.782391 -1327.782548 -1327.782688 -1327.782825 -1327.782977 -1327.783166 -1327.783427 -1327.783810 -1327.784397 -1327.785318 -1327.786791 -1327.789184 -1327.793147 -1327.799856 -1327.811519 -1327.832406 -1327.870958 -1327.944167 -1328.087045 -1328.374852 -1328.981197 -1330.340584 -1333.610468 -1342.076818 -1366.838585 -9999.0 -9999.0
-9999.0 -9999.0 880.141046 784.772318 688.865772 592.348345 495.510171 398.529885 301.501997 204.477435 107.484352 10.541548 -86.328265 -183.107626 -279.712664 -375.988050 -471.663176 -566.326285 -659.319652 -752.805825 -845.038047 -935.801338 -1024.937246 -1097.008533 -1157.322520 -1205.437549 -1242.166606 -1269.141454 -1288.313624 -1301.574336 -1310.546461 -1316.512689 -1320.428443 -1322.974603 -1324.620621 -1325.684549 -1326.387014 -1326.919823 -1327.679874 -1330.470256 -1344.069703 -1419.990851 -2005.625784 -4060.368957 -4084.157004 -4084.158415 -4084.158402 -4084.158217 -4084.157215 -4084.153602 -4084.142886 -4084.109783 -4084.052062 -4083.974169 -4083.839763 -4083.568523 -4082.948868 -4081.390386 -4077.161059 -4064.937565 -3980.115489 -1793.290640 -1382.562266 -1337.263490 -1329.302289 -1328.004223 -1327.810460 -1327.781894 -1327.778218 -1327.778544 -1327.779415 -1327.780208 -1327.780834 -1327.781315 -1327.781685 -1327.781974 -1327.782204 -1327.782391 -1327.782548 -1327.782688 -1327.782825 -1327.782977 -1327.783166 -1327.783427 -1327.783810 -1327.784397 -1327.785318 -1327.786791 -1327.789184 -1327.793147 -1327.799856 -1327.811519 -1327.832406 -1327.870958 -1327.944167 -1328.087045 -1328.374852 -1328.981197 -1330.340584 -1333.610468 -1342.076818 -1366.838585 -9999.0 -9999.0
-9999.0 -9999.0 880.139694 784.771598 688.865471 592.348230 495.510129 398.529870 301.501991 204.477433 107.484351 10.541548 -86.328265 -183.107626 -279.712664 -375.988050 -471.663176 -566.326285 -659.319652 -752.805825 -845.038047 -935.801338 -1024.937246 -1097.008533 -1157.322520 -1205.437549 -1242.166606 -1269.141454 -1288.313624 -1301.574335 -1310.546461 -1316.512689 -1320.428443 -1322.974603 -1324.620621 -1325.684549 -1326.387014 -1326.919823 -1327.679874 -1330.470256 -1344.069703 -1419.990851 -2005.625784 -4060.368957 -4084.157004 -4084.158415 -4084.158402 -4084.158217 -4084.157215 -4084.153602 -4084.142886 -4084.109783 -4084.052062 -4083.974169 -4083.839763 -4083.568523 -4082.948868 -4081.390386 -4077.161059 -4064.937565 -3980.115490 -1793.290640 -1382.562266 -1337.263490 -1329.302289 -1328.004223 -1327.810460 -1327.781894 -1327.778218 -1327.778544 -1327.779415 -1327.780208 -1327.780834 -1327.781315 -1327.781685 -1327.781974 -1327.782204 -1327.782391 -1327.782548 -1327.782688 -1327.782825 -1327.782977 -1327.783166 -1327.783427 -1327.783810 -1327.784397 -1327.785318 -1327.786791 -1327.789184 -1327.793147 -1327.799856 -1327.811519 -1327.832406 -1327.870958 -1327.944167 -1328.087045 -1328.374852 -1328.981197 -1330.340584 -1333.610468 -1342.076818 -1366.838585 -9999.0 -9999.0
-9999.0 -9999.0 880.135942 784.770222 688.865030 592.348088 495.510082 398.529854 301.501986 204.477431 107.484351 10.541548 -86.328265 -183.107626 -279.712664 -375.988050 -471.663176 -566.326285 -659.319651 -752.805824 -845.038047 -935.801338 -1024.937245 -1097.008532 -1157.322519 -1205.437549 -1242.166606 -1269.141454 -1288.313624 -1301.574335 -1310.546461 -1316.512689 -1320.428443 -1322.974603 -1324.620621 -1325.684549 -1326.387014 -1326.919823 -1327.679874 -1330.470256 -1344.069703 -1419.990851 -2005.625784 -4060.368957 -4084.157004 -4084.158415 -4084.158402 -4084.158217 -4084.157215 -4084.153602 -4084.142886 -4084.109783 -4084.052062 -4083.974169 -4083.839763 -4083.568523 -4082.948868 -4081.390386 -4077.161059 -4064.937565 -3980.115490 -1793.290640 -1382.562266 -1337.263490 -1329.302289 -1328.004223 -1327.810460 -1327.781894 -1327.778218 -1327.778544 -1327.779415 -1327.780208 -1327.780834 -1327.781315 -1327.781685 -1327.781974 -1327.782204 -1327.782391 -1327.782548 -1327.782688 -1327.782825 -1327.782977 -1327.783166 -1327.783427 -1327.783810 -1327.784397 -1327.785318 -1327.786791 -1327.789184 -1327.793147 -1327.799856 -1327.811519 -1327.832406 -1327.870958 -1327.944167 -1328.087045 -1328.374852 -1328.981197 -1330.340584 -1333.610468 -1342.076818 -1366.838585 -9999.0 -9999.0
-9999.0 -9999.0 -9999.0 -9999.0 -9999.0 -9999.0 -9999.0 -9999.0 -9999.0 -9999.0 -9999.0 -9999.0 -9999.0 -9999.0 -9999.0 -9999.0 -9999.0 -9999.0 -9999.0 -9999.0 -9999.0 -9999.0 -9999.0 -9999.0 -9999.0 -9999.0 -9999.0 -9999.0 -9999.0 -9999.0 -9999.0 -9999.0 -9999.0 -9999.0 -9999.0 -9999.0 -9999.0 -9999.0 -9999.0 -9999.0 -9999.0 -9999.0 -9999.0 -9999.0 -9999.0 -9999.0 -9999.0 -9999.0 -9999.0 -9999.0 -9999.0 -9999.0 -9999.0 -9999.0 -9999.0 -9999.0 -9999.0 -9999.0 -9999.0 -9999.0 -9999.0 -9999.0 -9999.0 -9999.0 -9999.0 -9999.0 -9999.0 -9999.0 -9999.0 -9999.0 -9999.0 -9999.0 -9999.0 -9999.0 -9999.0 -9999.0 -9999.0 -9999.0 -9999.0 -9999.0 -9999.0 -9999.0 -9999.0 -9999.0 -9999.0 -9999.0 -9999.0 -9999.0 -9999.0 -9999.0 -9999.0 -9999.0 -9999.0 -9999.0 -9999.0 -9999.0 -9999.0 -9999.0 -9999.0 -9999.0 -9999.0 -9999.0 -9999.0 -9999.0
-9999.0 -9999.0 -9999.0 -9999.0 -9999.0 -9999.0 -9999.0 -9999.0 -9999.0 -9999.0 -9999.0 -9999.0 -9999.0 -9999.0 -9999.0 -9999.0 -9999.0 -9999.0 -9999.0 -9999.0 -9999.0 -9999.0 -9999.0 -9999.0 -9999.0 -9999.0 -9999.0 -9999.0 -9999.0 -9999.0 -9999.0 -9999.0 -9999.0 -9999.0 -9999.0 -9999.0 -9999.0 -9999.0 -9999.0 -9999.0 -9999.0 -9999.0 -9999.0 -9999.0 -9999.0 -9999.0 -9999.0 -9999.0 -9999.0 -9999.0 -9999.0 -9999.0 -9999.0 -9999.0 -9999.0 -9999.0 -9999.0 -9999.0 -9999.0 -9999.0 -9999.0 -9999.0 -9999.0 -9999.0 -9999.0 -9999.0 -9999.0 -9999.0 -9999.0 -9999.0 -9999.0 -9999.0 -9999.0 -9999.0 -9999.0 -9999.0 -9999.0 -9999.0 -9999.0 -9999.0 -9999.0 -9999.0 -9999.0 -9999.0 -9999.0 -9999.0 -9999.0 -9999.0 -9999.0 -9999.0 -9999.0 -9999.0 -9999.0 -9999.0 -9999.0 -9999.0 -9999.0 -9999.0 -9999.0 -9999.0 -9999.0 -9999.0 -9999.0 -9999.0