inst/processing_geotop_simulation/geotop_simulation/out/maps3D/PwL0017N0058.asc
ncols         104
nrows         10
xllcorner     -2.000000
yllcorner     0.000000
cellsize      1.000000
NODATA_value  -9999.0
-9999.0 -9999.0 -9999.0 -9999.0 -9999.0 -9999.0 -9999.0 -9999.0 -9999.0 -9999.0 -9999.0 -9999.0 -9999.0 -9999.0 -9999.0 -9999.0 -9999.0 -9999.0 -9999.0 -9999.0 -9999.0 -9999.0 -9999.0 -9999.0 -9999.0 -9999.0 -9999.0 -9999.0 -9999.0 -9999.0 -9999.0 -9999.0 -9999.0 -9999.0 -9999.0 -9999.0 -9999.0 -9999.0 -9999.0 -9999.0 -9999.0 -9999.0 -9999.0 -9999.0 -9999.0 -9999.0 -9999.0 -9999.0 -9999.0 -9999.0 -9999.0 -9999.0 -9999.0 -9999.0 -9999.0 -9999.0 -9999.0 -9999.0 -9999.0 -9999.0 -9999.0 -9999.0 -9999.0 -9999.0 -9999.0 -9999.0 -9999.0 -9999.0 -9999.0 -9999.0 -9999.0 -9999.0 -9999.0 -9999.0 -9999.0 -9999.0 -9999.0 -9999.0 -9999.0 -9999.0 -9999.0 -9999.0 -9999.0 -9999.0 -9999.0 -9999.0 -9999.0 -9999.0 -9999.0 -9999.0 -9999.0 -9999.0 -9999.0 -9999.0 -9999.0 -9999.0 -9999.0 -9999.0 -9999.0 -9999.0 -9999.0 -9999.0 -9999.0 -9999.0
-9999.0 -9999.0 -9999.0 -9999.0 -9999.0 -9999.0 -9999.0 -9999.0 -9999.0 -9999.0 -9999.0 -9999.0 -9999.0 -9999.0 -9999.0 -9999.0 -9999.0 -9999.0 -9999.0 -9999.0 -9999.0 -9999.0 -9999.0 -9999.0 -9999.0 -9999.0 -9999.0 -9999.0 -9999.0 -9999.0 -9999.0 -9999.0 -9999.0 -9999.0 -9999.0 -9999.0 -9999.0 -9999.0 -9999.0 -9999.0 -9999.0 -9999.0 -9999.0 -9999.0 -9999.0 -9999.0 -9999.0 -9999.0 -9999.0 -9999.0 -9999.0 -9999.0 -9999.0 -9999.0 -9999.0 -9999.0 -9999.0 -9999.0 -9999.0 -9999.0 -9999.0 -9999.0 -9999.0 -9999.0 -9999.0 -9999.0 -9999.0 -9999.0 -9999.0 -9999.0 -9999.0 -9999.0 -9999.0 -9999.0 -9999.0 -9999.0 -9999.0 -9999.0 -9999.0 -9999.0 -9999.0 -9999.0 -9999.0 -9999.0 -9999.0 -9999.0 -9999.0 -9999.0 -9999.0 -9999.0 -9999.0 -9999.0 -9999.0 -9999.0 -9999.0 -9999.0 -9999.0 -9999.0 -9999.0 -9999.0 -9999.0 -9999.0 -9999.0 -9999.0
-9999.0 -9999.0 18.132782 -81.207932 -181.083526 -283.861576 -393.027854 -510.552362 -630.338788 -731.629558 -784.983405 -797.213802 -791.239360 -776.323936 -760.319201 -748.189478 -737.903419 -729.774700 -748.234408 -789.217118 -828.648276 -868.097791 -871.909094 -850.054010 -838.956909 -834.868026 -835.042184 -837.550182 -841.091484 -844.844702 -848.334473 -851.326318 -853.746399 -855.617348 -857.010662 -858.016598 -858.739251 -859.318526 -859.847141 -860.412617 -866.310975 -950.113378 -2241.156833 -4131.791182 -4133.663343 -4133.663366 -4133.663366 -4133.663366 -4133.663366 -4133.663366 -4133.663366 -4133.663366 -4133.663366 -4133.663366 -4133.663366 -4133.663366 -4133.663366 -4133.663366 -4133.663366 -4133.663321 -4130.645829 -2140.864173 -925.914892 -865.354126 -861.131297 -860.557698 -860.438935 -860.416978 -860.416190 -860.419333 -860.422605 -860.425267 -860.427301 -860.428842 -860.430022 -860.430940 -860.431669 -860.432258 -860.432746 -860.433174 -860.433586 -860.434035 -860.434590 -860.435352 -860.436471 -860.438182 -860.440859 -860.445117 -860.451982 -860.463210 -860.481918 -860.513828 -860.569814 -860.671145 -860.860155 -861.221730 -861.926666 -863.325862 -866.197674 -872.547069 -888.225396 -928.254250 -9999.0 -9999.0
-9999.0 -9999.0 18.132783 -81.207932 -181.083525 -283.861576 -393.027854 -510.552361 -630.338788 -731.629558 -784.983404 -797.213802 -791.239360 -776.323936 -760.319201 -748.189478 -737.903419 -729.774700 -748.234408 -789.217118 -828.648276 -868.097791 -871.909094 -850.054010 -838.956909 -834.868026 -835.042184 -837.550182 -841.091484 -844.844702 -848.334473 -851.326318 -853.746399 -855.617348 -857.010662 -858.016598 -858.739251 -859.318526 -859.847141 -860.412617 -866.310975 -950.113378 -2241.156833 -4131.791182 -4133.663343 -4133.663366 -4133.663366 -4133.663366 -4133.663366 -4133.663366 -4133.663366 -4133.663366 -4133.663366 -4133.663366 -4133.663366 -4133.663366 -4133.663366 -4133.663366 -4133.663366 -4133.663321 -4130.645829 -2140.864174 -925.914892 -865.354126 -861.131297 -860.557698 -860.438935 -860.416978 -860.416190 -860.419333 -860.422605 -860.425267 -860.427301 -860.428842 -860.430022 -860.430940 -860.431669 -860.432258 -860.432746 -860.433174 -860.433586 -860.434035 -860.434590 -860.435352 -860.436471 -860.438182 -860.440859 -860.445117 -860.451982 -860.463210 -860.481918 -860.513828 -860.569814 -860.671145 -860.860155 -861.221730 -861.926666 -863.325862 -866.197674 -872.547069 -888.225396 -928.254250 -9999.0 -9999.0
-9999.0 -9999.0 18.132783 -81.207932 -181.083525 -283.861575 -393.027853 -510.552360 -630.338788 -731.629558 -784.983404 -797.213802 -791.239360 -776.323936 -760.319201 -748.189478 -737.903419 -729.774700 -748.234408 -789.217118 -828.648276 -868.097791 -871.909094 -850.054010 -838.956909 -834.868026 -835.042184 -837.550182 -841.091484 -844.844702 -848.334473 -851.326318 -853.746399 -855.617348 -857.010662 -858.016598 -858.739251 -859.318526 -859.847141 -860.412617 -866.310975 -950.113378 -2241.156833 -4131.791182 -4133.663343 -4133.663366 -4133.663366 -4133.663366 -4133.663366 -4133.663366 -4133.663366 -4133.663366 -4133.663366 -4133.663366 -4133.663366 -4133.663366 -4133.663366 -4133.663366 -4133.663366 -4133.663321 -4130.645829 -2140.864173 -925.914892 -865.354126 -861.131297 -860.557698 -860.438935 -860.416978 -860.416190 -860.419333 -860.422605 -860.425267 -860.427301 -860.428842 -860.430022 -860.430940 -860.431669 -860.432258 -860.432746 -860.433174 -860.433586 -860.434035 -860.434590 -860.435352 -860.436471 -860.438182 -860.440859 -860.445117 -860.451982 -860.463210 -860.481918 -860.513828 -860.569814 -860.671145 -860.860155 -861.221730 -861.926666 -863.325862 -866.197674 -872.547069 -888.225396 -928.254250 -9999.0 -9999.0
-9999.0 -9999.0 18.132784 -81.207932 -181.083525 -283.861575 -393.027853 -510.552360 -630.338788 -731.629558 -784.983404 -797.213802 -791.239360 -776.323936 -760.319201 -748.189478 -737.903419 -729.774700 -748.234408 -789.217118 -828.648276 -868.097791 -871.909094 -850.054010 -838.956909 -834.868026 -835.042184 -837.550182 -841.091484 -844.844702 -848.334473 -851.326318 -853.746399 -855.617348 -857.010662 -858.016598 -858.739251 -859.318526 -859.847141 -860.412617 -866.310975 -950.113378 -2241.156833 -4131.791182 -4133.663343 -4133.663366 -4133.663366 -4133.663366 -4133.663366 -4133.663366 -4133.663366 -4133.663366 -4133.663366 -4133.663366 -4133.663366 -4133.663366 -4133.663366 -4133.663366 -4133.663366 -4133.663321 -4130.645829 -2140.864173 -925.914892 -865.354126 -861.131297 -860.557698 -860.438935 -860.416978 -860.416190 -860.419333 -860.422605 -860.425267 -860.427301 -860.428842 -860.430022 -860.430940 -860.431669 -860.432258 -860.432746 -860.433174 -860.433586 -860.434035 -860.434590 -860.435352 -860.436471 -860.438182 -860.440859 -860.445117 -860.451982 -860.463210 -860.481918 -860.513828 -860.569814 -860.671145 -860.860155 -861.221730 -861.926666 -863.325862 -866.197674 -872.547069 -888.225396 -928.254250 -9999.0 -9999.0
-9999.0 -9999.0 18.132783 -81.207932 -181.083525 -283.861575 -393.027854 -510.552360 -630.338788 -731.629558 -784.983404 -797.213802 -791.239360 -776.323936 -760.319201 -748.189478 -737.903419 -729.774700 -748.234408 -789.217118 -828.648276 -868.097791 -871.909094 -850.054010 -838.956909 -834.868026 -835.042184 -837.550182 -841.091484 -844.844702 -848.334473 -851.326318 -853.746399 -855.617348 -857.010662 -858.016598 -858.739251 -859.318526 -859.847141 -860.412617 -866.310975 -950.113378 -2241.156833 -4131.791182 -4133.663343 -4133.663366 -4133.663366 -4133.663366 -4133.663366 -4133.663366 -4133.663366 -4133.663366 -4133.663366 -4133.663366 -4133.663366 -4133.663366 -4133.663366 -4133.663366 -4133.663366 -4133.663321 -4130.645829 -2140.864174 -925.914892 -865.354126 -861.131297 -860.557698 -860.438935 -860.416978 -860.416190 -860.419333 -860.422605 -860.425267 -860.427301 -860.428842 -860.430022 -860.430940 -860.431669 -860.432258 -860.432746 -860.433174 -860.433586 -860.434035 -860.434590 -860.435352 -860.436471 -860.438182 -860.440859 -860.445117 -860.451982 -860.463210 -860.481918 -860.513828 -860.569814 -860.671145 -860.860155 -861.221730 -861.926666 -863.325862 -866.197674 -872.547069 -888.225396 -928.254250 -9999.0 -9999.0
-9999.0 -9999.0 18.132783 -81.207933 -181.083525 -283.861576 -393.027854 -510.552362 -630.338788 -731.629558 -784.983405 -797.213802 -791.239360 -776.323936 -760.319201 -748.189478 -737.903419 -729.774700 -748.234408 -789.217118 -828.648276 -868.097791 -871.909094 -850.054010 -838.956909 -834.868026 -835.042184 -837.550182 -841.091484 -844.844702 -848.334473 -851.326318 -853.746399 -855.617348 -857.010662 -858.016598 -858.739251 -859.318526 -859.847141 -860.412617 -866.310975 -950.113378 -2241.156833 -4131.791182 -4133.663343 -4133.663366 -4133.663366 -4133.663366 -4133.663366 -4133.663366 -4133.663366 -4133.663366 -4133.663366 -4133.663366 -4133.663366 -4133.663366 -4133.663366 -4133.663366 -4133.663366 -4133.663321 -4130.645829 -2140.864174 -925.914892 -865.354126 -861.131297 -860.557698 -860.438935 -860.416978 -860.416190 -860.419333 -860.422605 -860.425267 -860.427301 -860.428842 -860.430022 -860.430940 -860.431669 -860.432258 -860.432746 -860.433174 -860.433586 -860.434035 -860.434590 -860.435352 -860.436471 -860.438182 -860.440859 -860.445117 -860.451982 -860.463210 -860.481918 -860.513828 -860.569814 -860.671145 -860.860155 -861.221730 -861.926666 -863.325862 -866.197674 -872.547069 -888.225396 -928.254250 -9999.0 -9999.0
-9999.0 -9999.0 -9999.0 -9999.0 -9999.0 -9999.0 -9999.0 -9999.0 -9999.0 -9999.0 -9999.0 -9999.0 -9999.0 -9999.0 -9999.0 -9999.0 -9999.0 -9999.0 -9999.0 -9999.0 -9999.0 -9999.0 -9999.0 -9999.0 -9999.0 -9999.0 -9999.0 -9999.0 -9999.0 -9999.0 -9999.0 -9999.0 -9999.0 -9999.0 -9999.0 -9999.0 -9999.0 -9999.0 -9999.0 -9999.0 -9999.0 -9999.0 -9999.0 -9999.0 -9999.0 -9999.0 -9999.0 -9999.0 -9999.0 -9999.0 -9999.0 -9999.0 -9999.0 -9999.0 -9999.0 -9999.0 -9999.0 -9999.0 -9999.0 -9999.0 -9999.0 -9999.0 -9999.0 -9999.0 -9999.0 -9999.0 -9999.0 -9999.0 -9999.0 -9999.0 -9999.0 -9999.0 -9999.0 -9999.0 -9999.0 -9999.0 -9999.0 -9999.0 -9999.0 -9999.0 -9999.0 -9999.0 -9999.0 -9999.0 -9999.0 -9999.0 -9999.0 -9999.0 -9999.0 -9999.0 -9999.0 -9999.0 -9999.0 -9999.0 -9999.0 -9999.0 -9999.0 -9999.0 -9999.0 -9999.0 -9999.0 -9999.0 -9999.0 -9999.0
-9999.0 -9999.0 -9999.0 -9999.0 -9999.0 -9999.0 -9999.0 -9999.0 -9999.0 -9999.0 -9999.0 -9999.0 -9999.0 -9999.0 -9999.0 -9999.0 -9999.0 -9999.0 -9999.0 -9999.0 -9999.0 -9999.0 -9999.0 -9999.0 -9999.0 -9999.0 -9999.0 -9999.0 -9999.0 -9999.0 -9999.0 -9999.0 -9999.0 -9999.0 -9999.0 -9999.0 -9999.0 -9999.0 -9999.0 -9999.0 -9999.0 -9999.0 -9999.0 -9999.0 -9999.0 -9999.0 -9999.0 -9999.0 -9999.0 -9999.0 -9999.0 -9999.0 -9999.0 -9999.0 -9999.0 -9999.0 -9999.0 -9999.0 -9999.0 -9999.0 -9999.0 -9999.0 -9999.0 -9999.0 -9999.0 -9999.0 -9999.0 -9999.0 -9999.0 -9999.0 -9999.0 -9999.0 -9999.0 -9999.0 -9999.0 -9999.0 -9999.0 -9999.0 -9999.0 -9999.0 -9999.0 -9999.0 -9999.0 -9999.0 -9999.0 -9999.0 -9999.0 -9999.0 -9999.0 -9999.0 -9999.0 -9999.0 -9999.0 -9999.0 -9999.0 -9999.0 -9999.0 -9999.0 -9999.0 -9999.0 -9999.0 -9999.0 -9999.0 -9999.0