inst/processing_geotop_simulation/geotop_simulation/out/maps3D/PwL0009N0231.asc
ncols         104
nrows         10
xllcorner     -2.000000
yllcorner     0.000000
cellsize      1.000000
NODATA_value  -9999.0
-9999.0 -9999.0 -9999.0 -9999.0 -9999.0 -9999.0 -9999.0 -9999.0 -9999.0 -9999.0 -9999.0 -9999.0 -9999.0 -9999.0 -9999.0 -9999.0 -9999.0 -9999.0 -9999.0 -9999.0 -9999.0 -9999.0 -9999.0 -9999.0 -9999.0 -9999.0 -9999.0 -9999.0 -9999.0 -9999.0 -9999.0 -9999.0 -9999.0 -9999.0 -9999.0 -9999.0 -9999.0 -9999.0 -9999.0 -9999.0 -9999.0 -9999.0 -9999.0 -9999.0 -9999.0 -9999.0 -9999.0 -9999.0 -9999.0 -9999.0 -9999.0 -9999.0 -9999.0 -9999.0 -9999.0 -9999.0 -9999.0 -9999.0 -9999.0 -9999.0 -9999.0 -9999.0 -9999.0 -9999.0 -9999.0 -9999.0 -9999.0 -9999.0 -9999.0 -9999.0 -9999.0 -9999.0 -9999.0 -9999.0 -9999.0 -9999.0 -9999.0 -9999.0 -9999.0 -9999.0 -9999.0 -9999.0 -9999.0 -9999.0 -9999.0 -9999.0 -9999.0 -9999.0 -9999.0 -9999.0 -9999.0 -9999.0 -9999.0 -9999.0 -9999.0 -9999.0 -9999.0 -9999.0 -9999.0 -9999.0 -9999.0 -9999.0 -9999.0 -9999.0
-9999.0 -9999.0 -9999.0 -9999.0 -9999.0 -9999.0 -9999.0 -9999.0 -9999.0 -9999.0 -9999.0 -9999.0 -9999.0 -9999.0 -9999.0 -9999.0 -9999.0 -9999.0 -9999.0 -9999.0 -9999.0 -9999.0 -9999.0 -9999.0 -9999.0 -9999.0 -9999.0 -9999.0 -9999.0 -9999.0 -9999.0 -9999.0 -9999.0 -9999.0 -9999.0 -9999.0 -9999.0 -9999.0 -9999.0 -9999.0 -9999.0 -9999.0 -9999.0 -9999.0 -9999.0 -9999.0 -9999.0 -9999.0 -9999.0 -9999.0 -9999.0 -9999.0 -9999.0 -9999.0 -9999.0 -9999.0 -9999.0 -9999.0 -9999.0 -9999.0 -9999.0 -9999.0 -9999.0 -9999.0 -9999.0 -9999.0 -9999.0 -9999.0 -9999.0 -9999.0 -9999.0 -9999.0 -9999.0 -9999.0 -9999.0 -9999.0 -9999.0 -9999.0 -9999.0 -9999.0 -9999.0 -9999.0 -9999.0 -9999.0 -9999.0 -9999.0 -9999.0 -9999.0 -9999.0 -9999.0 -9999.0 -9999.0 -9999.0 -9999.0 -9999.0 -9999.0 -9999.0 -9999.0 -9999.0 -9999.0 -9999.0 -9999.0 -9999.0 -9999.0
-9999.0 -9999.0 427.209365 331.725337 234.697738 137.002679 39.030543 -59.048861 -157.162612 -255.261303 -353.286790 -451.136471 -548.586891 -645.185690 -741.206100 -837.450320 -933.323919 -1028.897982 -1122.769501 -1212.573319 -1296.478660 -1370.748158 -1432.700134 -1481.651099 -1518.650181 -1545.685061 -1564.952132 -1578.426749 -1587.707590 -1594.016338 -1598.255886 -1601.077301 -1602.940251 -1604.163088 -1604.962838 -1605.487479 -1605.845414 -1606.154877 -1606.747224 -1609.091060 -1618.231924 -1635.488540 -1276.985402 -1423.654684 -1373.152139 -1342.418047 -1328.424540 -1326.556049 -1326.365868 -1326.386285 -1326.436794 -1326.490909 -1326.542867 -1326.590953 -1326.635445 -1326.686009 -1326.837501 -1327.898106 -1335.104629 -1351.560944 -1375.709192 -1210.263878 -1605.742073 -1611.904166 -1607.823162 -1606.778018 -1606.596056 -1606.567652 -1606.563824 -1606.563984 -1606.564705 -1606.565375 -1606.565906 -1606.566312 -1606.566624 -1606.566867 -1606.567059 -1606.567215 -1606.567345 -1606.567462 -1606.567577 -1606.567704 -1606.567865 -1606.568088 -1606.568417 -1606.568923 -1606.569719 -1606.570993 -1606.573068 -1606.576505 -1606.582332 -1606.592475 -1606.610655 -1606.644232 -1606.707982 -1606.832187 -1607.081194 -1607.600612 -1608.747819 -1611.480488 -1618.712349 -1641.534171 -9999.0 -9999.0
-9999.0 -9999.0 427.216344 331.727195 234.698247 137.002832 39.030592 -59.048845 -157.162606 -255.261301 -353.286789 -451.136470 -548.586891 -645.185690 -741.206100 -837.450320 -933.323919 -1028.897982 -1122.769501 -1212.573320 -1296.478660 -1370.748158 -1432.700135 -1481.651100 -1518.650181 -1545.685061 -1564.952132 -1578.426749 -1587.707590 -1594.016338 -1598.255886 -1601.077301 -1602.940251 -1604.163088 -1604.962838 -1605.487479 -1605.845414 -1606.154877 -1606.747224 -1609.091060 -1618.231924 -1635.488540 -1276.985402 -1423.654684 -1373.152138 -1342.418046 -1328.424540 -1326.556049 -1326.365867 -1326.386285 -1326.436794 -1326.490909 -1326.542867 -1326.590953 -1326.635445 -1326.686009 -1326.837501 -1327.898106 -1335.104629 -1351.560944 -1375.709192 -1210.263878 -1605.742073 -1611.904166 -1607.823162 -1606.778018 -1606.596056 -1606.567652 -1606.563824 -1606.563984 -1606.564705 -1606.565375 -1606.565906 -1606.566312 -1606.566624 -1606.566867 -1606.567059 -1606.567215 -1606.567345 -1606.567462 -1606.567577 -1606.567704 -1606.567865 -1606.568088 -1606.568417 -1606.568923 -1606.569719 -1606.570993 -1606.573068 -1606.576505 -1606.582332 -1606.592475 -1606.610655 -1606.644232 -1606.707982 -1606.832187 -1607.081194 -1607.600612 -1608.747819 -1611.480488 -1618.712349 -1641.534171 -9999.0 -9999.0
-9999.0 -9999.0 427.217888 331.728014 234.698575 137.002952 39.030635 -59.048829 -157.162601 -255.261299 -353.286788 -451.136470 -548.586890 -645.185690 -741.206100 -837.450320 -933.323919 -1028.897982 -1122.769501 -1212.573320 -1296.478660 -1370.748158 -1432.700135 -1481.651100 -1518.650181 -1545.685061 -1564.952132 -1578.426750 -1587.707590 -1594.016339 -1598.255886 -1601.077301 -1602.940251 -1604.163088 -1604.962838 -1605.487479 -1605.845414 -1606.154877 -1606.747224 -1609.091060 -1618.231924 -1635.488540 -1276.985402 -1423.654684 -1373.152138 -1342.418046 -1328.424540 -1326.556049 -1326.365867 -1326.386285 -1326.436794 -1326.490909 -1326.542867 -1326.590953 -1326.635445 -1326.686009 -1326.837501 -1327.898106 -1335.104629 -1351.560944 -1375.709192 -1210.263878 -1605.742073 -1611.904166 -1607.823162 -1606.778018 -1606.596056 -1606.567652 -1606.563824 -1606.563984 -1606.564705 -1606.565375 -1606.565906 -1606.566312 -1606.566624 -1606.566867 -1606.567059 -1606.567215 -1606.567345 -1606.567462 -1606.567577 -1606.567704 -1606.567865 -1606.568088 -1606.568417 -1606.568923 -1606.569719 -1606.570993 -1606.573068 -1606.576505 -1606.582332 -1606.592475 -1606.610655 -1606.644232 -1606.707982 -1606.832187 -1607.081194 -1607.600612 -1608.747819 -1611.480488 -1618.712349 -1641.534171 -9999.0 -9999.0
-9999.0 -9999.0 427.217888 331.728014 234.698575 137.002952 39.030635 -59.048829 -157.162601 -255.261299 -353.286788 -451.136470 -548.586891 -645.185690 -741.206100 -837.450320 -933.323919 -1028.897982 -1122.769501 -1212.573320 -1296.478660 -1370.748158 -1432.700135 -1481.651100 -1518.650181 -1545.685061 -1564.952132 -1578.426750 -1587.707590 -1594.016339 -1598.255886 -1601.077301 -1602.940251 -1604.163088 -1604.962838 -1605.487479 -1605.845414 -1606.154877 -1606.747224 -1609.091060 -1618.231924 -1635.488540 -1276.985402 -1423.654684 -1373.152138 -1342.418046 -1328.424540 -1326.556049 -1326.365867 -1326.386285 -1326.436794 -1326.490909 -1326.542867 -1326.590953 -1326.635445 -1326.686009 -1326.837501 -1327.898106 -1335.104629 -1351.560944 -1375.709192 -1210.263878 -1605.742073 -1611.904166 -1607.823162 -1606.778018 -1606.596056 -1606.567652 -1606.563824 -1606.563984 -1606.564705 -1606.565375 -1606.565906 -1606.566312 -1606.566624 -1606.566867 -1606.567059 -1606.567215 -1606.567345 -1606.567462 -1606.567577 -1606.567704 -1606.567865 -1606.568088 -1606.568417 -1606.568923 -1606.569719 -1606.570993 -1606.573068 -1606.576505 -1606.582332 -1606.592475 -1606.610655 -1606.644232 -1606.707982 -1606.832187 -1607.081194 -1607.600612 -1608.747819 -1611.480488 -1618.712349 -1641.534171 -9999.0 -9999.0
-9999.0 -9999.0 427.216344 331.727195 234.698247 137.002832 39.030592 -59.048845 -157.162606 -255.261301 -353.286789 -451.136471 -548.586891 -645.185690 -741.206100 -837.450320 -933.323919 -1028.897982 -1122.769501 -1212.573320 -1296.478660 -1370.748158 -1432.700135 -1481.651100 -1518.650181 -1545.685061 -1564.952132 -1578.426749 -1587.707590 -1594.016338 -1598.255886 -1601.077301 -1602.940251 -1604.163088 -1604.962838 -1605.487479 -1605.845414 -1606.154877 -1606.747224 -1609.091060 -1618.231924 -1635.488540 -1276.985402 -1423.654684 -1373.152138 -1342.418046 -1328.424540 -1326.556049 -1326.365867 -1326.386285 -1326.436794 -1326.490909 -1326.542867 -1326.590953 -1326.635445 -1326.686009 -1326.837501 -1327.898106 -1335.104629 -1351.560944 -1375.709192 -1210.263878 -1605.742073 -1611.904166 -1607.823162 -1606.778018 -1606.596056 -1606.567652 -1606.563824 -1606.563984 -1606.564705 -1606.565375 -1606.565906 -1606.566312 -1606.566624 -1606.566867 -1606.567059 -1606.567215 -1606.567345 -1606.567462 -1606.567577 -1606.567704 -1606.567865 -1606.568088 -1606.568417 -1606.568923 -1606.569719 -1606.570993 -1606.573068 -1606.576505 -1606.582332 -1606.592475 -1606.610655 -1606.644232 -1606.707982 -1606.832187 -1607.081194 -1607.600612 -1608.747819 -1611.480488 -1618.712349 -1641.534171 -9999.0 -9999.0
-9999.0 -9999.0 427.209365 331.725337 234.697738 137.002679 39.030543 -59.048861 -157.162612 -255.261303 -353.286790 -451.136471 -548.586891 -645.185690 -741.206100 -837.450320 -933.323919 -1028.897982 -1122.769501 -1212.573319 -1296.478660 -1370.748158 -1432.700134 -1481.651099 -1518.650181 -1545.685061 -1564.952132 -1578.426749 -1587.707590 -1594.016338 -1598.255886 -1601.077301 -1602.940251 -1604.163088 -1604.962838 -1605.487479 -1605.845414 -1606.154877 -1606.747224 -1609.091060 -1618.231924 -1635.488540 -1276.985402 -1423.654684 -1373.152139 -1342.418047 -1328.424540 -1326.556049 -1326.365868 -1326.386285 -1326.436794 -1326.490909 -1326.542867 -1326.590953 -1326.635445 -1326.686009 -1326.837501 -1327.898106 -1335.104629 -1351.560944 -1375.709192 -1210.263878 -1605.742073 -1611.904166 -1607.823162 -1606.778018 -1606.596056 -1606.567652 -1606.563824 -1606.563984 -1606.564705 -1606.565375 -1606.565906 -1606.566312 -1606.566624 -1606.566867 -1606.567059 -1606.567215 -1606.567345 -1606.567462 -1606.567577 -1606.567704 -1606.567865 -1606.568088 -1606.568417 -1606.568923 -1606.569719 -1606.570993 -1606.573068 -1606.576505 -1606.582332 -1606.592475 -1606.610655 -1606.644232 -1606.707982 -1606.832187 -1607.081194 -1607.600612 -1608.747819 -1611.480488 -1618.712349 -1641.534171 -9999.0 -9999.0
-9999.0 -9999.0 -9999.0 -9999.0 -9999.0 -9999.0 -9999.0 -9999.0 -9999.0 -9999.0 -9999.0 -9999.0 -9999.0 -9999.0 -9999.0 -9999.0 -9999.0 -9999.0 -9999.0 -9999.0 -9999.0 -9999.0 -9999.0 -9999.0 -9999.0 -9999.0 -9999.0 -9999.0 -9999.0 -9999.0 -9999.0 -9999.0 -9999.0 -9999.0 -9999.0 -9999.0 -9999.0 -9999.0 -9999.0 -9999.0 -9999.0 -9999.0 -9999.0 -9999.0 -9999.0 -9999.0 -9999.0 -9999.0 -9999.0 -9999.0 -9999.0 -9999.0 -9999.0 -9999.0 -9999.0 -9999.0 -9999.0 -9999.0 -9999.0 -9999.0 -9999.0 -9999.0 -9999.0 -9999.0 -9999.0 -9999.0 -9999.0 -9999.0 -9999.0 -9999.0 -9999.0 -9999.0 -9999.0 -9999.0 -9999.0 -9999.0 -9999.0 -9999.0 -9999.0 -9999.0 -9999.0 -9999.0 -9999.0 -9999.0 -9999.0 -9999.0 -9999.0 -9999.0 -9999.0 -9999.0 -9999.0 -9999.0 -9999.0 -9999.0 -9999.0 -9999.0 -9999.0 -9999.0 -9999.0 -9999.0 -9999.0 -9999.0 -9999.0 -9999.0
-9999.0 -9999.0 -9999.0 -9999.0 -9999.0 -9999.0 -9999.0 -9999.0 -9999.0 -9999.0 -9999.0 -9999.0 -9999.0 -9999.0 -9999.0 -9999.0 -9999.0 -9999.0 -9999.0 -9999.0 -9999.0 -9999.0 -9999.0 -9999.0 -9999.0 -9999.0 -9999.0 -9999.0 -9999.0 -9999.0 -9999.0 -9999.0 -9999.0 -9999.0 -9999.0 -9999.0 -9999.0 -9999.0 -9999.0 -9999.0 -9999.0 -9999.0 -9999.0 -9999.0 -9999.0 -9999.0 -9999.0 -9999.0 -9999.0 -9999.0 -9999.0 -9999.0 -9999.0 -9999.0 -9999.0 -9999.0 -9999.0 -9999.0 -9999.0 -9999.0 -9999.0 -9999.0 -9999.0 -9999.0 -9999.0 -9999.0 -9999.0 -9999.0 -9999.0 -9999.0 -9999.0 -9999.0 -9999.0 -9999.0 -9999.0 -9999.0 -9999.0 -9999.0 -9999.0 -9999.0 -9999.0 -9999.0 -9999.0 -9999.0 -9999.0 -9999.0 -9999.0 -9999.0 -9999.0 -9999.0 -9999.0 -9999.0 -9999.0 -9999.0 -9999.0 -9999.0 -9999.0 -9999.0 -9999.0 -9999.0 -9999.0 -9999.0 -9999.0 -9999.0