inst/processing_geotop_simulation/geotop_simulation/out/maps3D/PwL0000N0386.asc
ncols         104
nrows         10
xllcorner     -2.000000
yllcorner     0.000000
cellsize      1.000000
NODATA_value  -9999.0
-9999.0 -9999.0 -9999.0 -9999.0 -9999.0 -9999.0 -9999.0 -9999.0 -9999.0 -9999.0 -9999.0 -9999.0 -9999.0 -9999.0 -9999.0 -9999.0 -9999.0 -9999.0 -9999.0 -9999.0 -9999.0 -9999.0 -9999.0 -9999.0 -9999.0 -9999.0 -9999.0 -9999.0 -9999.0 -9999.0 -9999.0 -9999.0 -9999.0 -9999.0 -9999.0 -9999.0 -9999.0 -9999.0 -9999.0 -9999.0 -9999.0 -9999.0 -9999.0 -9999.0 -9999.0 -9999.0 -9999.0 -9999.0 -9999.0 -9999.0 -9999.0 -9999.0 -9999.0 -9999.0 -9999.0 -9999.0 -9999.0 -9999.0 -9999.0 -9999.0 -9999.0 -9999.0 -9999.0 -9999.0 -9999.0 -9999.0 -9999.0 -9999.0 -9999.0 -9999.0 -9999.0 -9999.0 -9999.0 -9999.0 -9999.0 -9999.0 -9999.0 -9999.0 -9999.0 -9999.0 -9999.0 -9999.0 -9999.0 -9999.0 -9999.0 -9999.0 -9999.0 -9999.0 -9999.0 -9999.0 -9999.0 -9999.0 -9999.0 -9999.0 -9999.0 -9999.0 -9999.0 -9999.0 -9999.0 -9999.0 -9999.0 -9999.0 -9999.0 -9999.0
-9999.0 -9999.0 -9999.0 -9999.0 -9999.0 -9999.0 -9999.0 -9999.0 -9999.0 -9999.0 -9999.0 -9999.0 -9999.0 -9999.0 -9999.0 -9999.0 -9999.0 -9999.0 -9999.0 -9999.0 -9999.0 -9999.0 -9999.0 -9999.0 -9999.0 -9999.0 -9999.0 -9999.0 -9999.0 -9999.0 -9999.0 -9999.0 -9999.0 -9999.0 -9999.0 -9999.0 -9999.0 -9999.0 -9999.0 -9999.0 -9999.0 -9999.0 -9999.0 -9999.0 -9999.0 -9999.0 -9999.0 -9999.0 -9999.0 -9999.0 -9999.0 -9999.0 -9999.0 -9999.0 -9999.0 -9999.0 -9999.0 -9999.0 -9999.0 -9999.0 -9999.0 -9999.0 -9999.0 -9999.0 -9999.0 -9999.0 -9999.0 -9999.0 -9999.0 -9999.0 -9999.0 -9999.0 -9999.0 -9999.0 -9999.0 -9999.0 -9999.0 -9999.0 -9999.0 -9999.0 -9999.0 -9999.0 -9999.0 -9999.0 -9999.0 -9999.0 -9999.0 -9999.0 -9999.0 -9999.0 -9999.0 -9999.0 -9999.0 -9999.0 -9999.0 -9999.0 -9999.0 -9999.0 -9999.0 -9999.0 -9999.0 -9999.0 -9999.0 -9999.0
-9999.0 -9999.0 0.027978 -95.848520 -194.611207 -293.695245 -392.896435 -492.138628 -591.383387 -690.600269 -789.743091 -888.778619 -987.677485 -1086.398682 -1185.069290 -1283.654835 -1381.837423 -1479.347649 -1575.691376 -1669.958351 -1760.459330 -1844.381792 -1918.407780 -1980.168750 -2029.132431 -2066.379068 -2093.840848 -2113.624500 -2127.629293 -2137.407989 -2144.160647 -2148.781861 -2151.921560 -2154.042673 -2155.470221 -2156.432241 -2157.099775 -2157.659027 -2158.533513 -2160.800976 -2162.489345 -2100.773412 -1302.779476 -1299.006805 -1289.082529 -1282.553040 -1279.479194 -1278.994797 -1278.941902 -1278.946622 -1278.959677 -1278.973760 -1278.987305 -1278.999854 -1279.011542 -1279.025488 -1279.070465 -1279.365362 -1281.020072 -1284.668360 -1289.609770 -1286.205239 -2077.069208 -2156.636922 -2159.356809 -2158.692137 -2158.484237 -2158.443924 -2158.437526 -2158.436994 -2158.437372 -2158.437810 -2158.438173 -2158.438455 -2158.438674 -2158.438847 -2158.438985 -2158.439099 -2158.439196 -2158.439285 -2158.439372 -2158.439471 -2158.439593 -2158.439761 -2158.440007 -2158.440382 -2158.440968 -2158.441906 -2158.443434 -2158.445979 -2158.450321 -2158.457945 -2158.471739 -2158.497461 -2158.546828 -2158.644443 -2158.844619 -2159.276129 -2160.271316 -2162.780483 -2169.920313 -2193.727165 -9999.0 -9999.0
-9999.0 -9999.0 0.085727 -95.846627 -194.610735 -293.695108 -392.896391 -492.138613 -591.383381 -690.600267 -789.743090 -888.778618 -987.677485 -1086.398682 -1185.069290 -1283.654835 -1381.837423 -1479.347650 -1575.691376 -1669.958351 -1760.459330 -1844.381792 -1918.407780 -1980.168750 -2029.132431 -2066.379068 -2093.840848 -2113.624500 -2127.629293 -2137.407989 -2144.160647 -2148.781861 -2151.921560 -2154.042673 -2155.470221 -2156.432241 -2157.099775 -2157.659027 -2158.533513 -2160.800976 -2162.489345 -2100.773412 -1302.779476 -1299.006805 -1289.082529 -1282.553040 -1279.479194 -1278.994797 -1278.941902 -1278.946622 -1278.959677 -1278.973760 -1278.987305 -1278.999854 -1279.011542 -1279.025488 -1279.070465 -1279.365362 -1281.020072 -1284.668360 -1289.609770 -1286.205239 -2077.069208 -2156.636922 -2159.356809 -2158.692137 -2158.484237 -2158.443924 -2158.437526 -2158.436994 -2158.437372 -2158.437810 -2158.438173 -2158.438455 -2158.438674 -2158.438847 -2158.438985 -2158.439099 -2158.439196 -2158.439285 -2158.439372 -2158.439471 -2158.439593 -2158.439761 -2158.440007 -2158.440382 -2158.440968 -2158.441906 -2158.443434 -2158.445979 -2158.450321 -2158.457945 -2158.471739 -2158.497461 -2158.546828 -2158.644443 -2158.844619 -2159.276129 -2160.271316 -2162.780482 -2169.920313 -2193.727165 -9999.0 -9999.0
-9999.0 -9999.0 0.085743 -95.845870 -194.610437 -293.695000 -392.896352 -492.138599 -591.383376 -690.600265 -789.743089 -888.778618 -987.677485 -1086.398682 -1185.069290 -1283.654835 -1381.837423 -1479.347650 -1575.691377 -1669.958351 -1760.459330 -1844.381792 -1918.407780 -1980.168750 -2029.132431 -2066.379068 -2093.840848 -2113.624500 -2127.629293 -2137.407989 -2144.160647 -2148.781861 -2151.921560 -2154.042673 -2155.470221 -2156.432241 -2157.099775 -2157.659027 -2158.533513 -2160.800976 -2162.489345 -2100.773412 -1302.779476 -1299.006805 -1289.082529 -1282.553040 -1279.479194 -1278.994797 -1278.941902 -1278.946622 -1278.959677 -1278.973760 -1278.987305 -1278.999854 -1279.011542 -1279.025488 -1279.070465 -1279.365362 -1281.020072 -1284.668360 -1289.609770 -1286.205239 -2077.069208 -2156.636922 -2159.356809 -2158.692137 -2158.484237 -2158.443924 -2158.437526 -2158.436994 -2158.437372 -2158.437810 -2158.438173 -2158.438455 -2158.438674 -2158.438847 -2158.438985 -2158.439099 -2158.439196 -2158.439285 -2158.439372 -2158.439471 -2158.439593 -2158.439761 -2158.440007 -2158.440382 -2158.440968 -2158.441906 -2158.443434 -2158.445979 -2158.450321 -2158.457945 -2158.471739 -2158.497461 -2158.546828 -2158.644443 -2158.844619 -2159.276129 -2160.271316 -2162.780482 -2169.920313 -2193.727165 -9999.0 -9999.0
-9999.0 -9999.0 0.085743 -95.845869 -194.610437 -293.695000 -392.896352 -492.138599 -591.383376 -690.600265 -789.743089 -888.778618 -987.677484 -1086.398682 -1185.069290 -1283.654835 -1381.837423 -1479.347650 -1575.691377 -1669.958351 -1760.459330 -1844.381792 -1918.407780 -1980.168750 -2029.132431 -2066.379068 -2093.840848 -2113.624500 -2127.629293 -2137.407989 -2144.160647 -2148.781861 -2151.921560 -2154.042673 -2155.470221 -2156.432241 -2157.099775 -2157.659027 -2158.533513 -2160.800976 -2162.489345 -2100.773412 -1302.779476 -1299.006805 -1289.082529 -1282.553040 -1279.479194 -1278.994797 -1278.941902 -1278.946622 -1278.959677 -1278.973760 -1278.987305 -1278.999854 -1279.011542 -1279.025488 -1279.070465 -1279.365362 -1281.020072 -1284.668360 -1289.609770 -1286.205239 -2077.069208 -2156.636922 -2159.356809 -2158.692137 -2158.484237 -2158.443924 -2158.437526 -2158.436994 -2158.437372 -2158.437810 -2158.438173 -2158.438455 -2158.438674 -2158.438847 -2158.438985 -2158.439099 -2158.439196 -2158.439285 -2158.439372 -2158.439471 -2158.439593 -2158.439761 -2158.440007 -2158.440382 -2158.440968 -2158.441906 -2158.443434 -2158.445979 -2158.450321 -2158.457945 -2158.471739 -2158.497461 -2158.546828 -2158.644443 -2158.844619 -2159.276129 -2160.271316 -2162.780482 -2169.920313 -2193.727165 -9999.0 -9999.0
-9999.0 -9999.0 0.085727 -95.846627 -194.610735 -293.695108 -392.896391 -492.138613 -591.383381 -690.600267 -789.743090 -888.778618 -987.677485 -1086.398682 -1185.069290 -1283.654835 -1381.837423 -1479.347650 -1575.691376 -1669.958351 -1760.459330 -1844.381792 -1918.407780 -1980.168750 -2029.132431 -2066.379068 -2093.840848 -2113.624500 -2127.629293 -2137.407989 -2144.160647 -2148.781861 -2151.921560 -2154.042673 -2155.470221 -2156.432241 -2157.099775 -2157.659027 -2158.533513 -2160.800976 -2162.489345 -2100.773412 -1302.779476 -1299.006805 -1289.082529 -1282.553040 -1279.479194 -1278.994797 -1278.941902 -1278.946622 -1278.959677 -1278.973760 -1278.987305 -1278.999854 -1279.011542 -1279.025488 -1279.070465 -1279.365362 -1281.020072 -1284.668360 -1289.609770 -1286.205239 -2077.069208 -2156.636922 -2159.356809 -2158.692137 -2158.484237 -2158.443924 -2158.437526 -2158.436994 -2158.437372 -2158.437810 -2158.438173 -2158.438455 -2158.438674 -2158.438847 -2158.438985 -2158.439099 -2158.439196 -2158.439285 -2158.439372 -2158.439471 -2158.439593 -2158.439761 -2158.440007 -2158.440382 -2158.440968 -2158.441906 -2158.443434 -2158.445979 -2158.450321 -2158.457945 -2158.471739 -2158.497461 -2158.546828 -2158.644443 -2158.844619 -2159.276129 -2160.271316 -2162.780482 -2169.920313 -2193.727165 -9999.0 -9999.0
-9999.0 -9999.0 0.027978 -95.848520 -194.611207 -293.695245 -392.896435 -492.138628 -591.383387 -690.600269 -789.743091 -888.778619 -987.677485 -1086.398682 -1185.069290 -1283.654835 -1381.837423 -1479.347650 -1575.691376 -1669.958351 -1760.459330 -1844.381792 -1918.407780 -1980.168750 -2029.132431 -2066.379068 -2093.840848 -2113.624500 -2127.629293 -2137.407989 -2144.160647 -2148.781861 -2151.921560 -2154.042673 -2155.470221 -2156.432241 -2157.099775 -2157.659027 -2158.533513 -2160.800976 -2162.489345 -2100.773412 -1302.779476 -1299.006805 -1289.082529 -1282.553040 -1279.479194 -1278.994797 -1278.941902 -1278.946622 -1278.959677 -1278.973760 -1278.987305 -1278.999854 -1279.011542 -1279.025488 -1279.070465 -1279.365362 -1281.020072 -1284.668360 -1289.609770 -1286.205239 -2077.069208 -2156.636922 -2159.356809 -2158.692137 -2158.484237 -2158.443924 -2158.437526 -2158.436994 -2158.437372 -2158.437810 -2158.438173 -2158.438455 -2158.438674 -2158.438847 -2158.438985 -2158.439099 -2158.439196 -2158.439285 -2158.439372 -2158.439471 -2158.439593 -2158.439761 -2158.440007 -2158.440382 -2158.440968 -2158.441906 -2158.443434 -2158.445979 -2158.450321 -2158.457945 -2158.471739 -2158.497461 -2158.546828 -2158.644443 -2158.844619 -2159.276129 -2160.271316 -2162.780483 -2169.920313 -2193.727165 -9999.0 -9999.0
-9999.0 -9999.0 -9999.0 -9999.0 -9999.0 -9999.0 -9999.0 -9999.0 -9999.0 -9999.0 -9999.0 -9999.0 -9999.0 -9999.0 -9999.0 -9999.0 -9999.0 -9999.0 -9999.0 -9999.0 -9999.0 -9999.0 -9999.0 -9999.0 -9999.0 -9999.0 -9999.0 -9999.0 -9999.0 -9999.0 -9999.0 -9999.0 -9999.0 -9999.0 -9999.0 -9999.0 -9999.0 -9999.0 -9999.0 -9999.0 -9999.0 -9999.0 -9999.0 -9999.0 -9999.0 -9999.0 -9999.0 -9999.0 -9999.0 -9999.0 -9999.0 -9999.0 -9999.0 -9999.0 -9999.0 -9999.0 -9999.0 -9999.0 -9999.0 -9999.0 -9999.0 -9999.0 -9999.0 -9999.0 -9999.0 -9999.0 -9999.0 -9999.0 -9999.0 -9999.0 -9999.0 -9999.0 -9999.0 -9999.0 -9999.0 -9999.0 -9999.0 -9999.0 -9999.0 -9999.0 -9999.0 -9999.0 -9999.0 -9999.0 -9999.0 -9999.0 -9999.0 -9999.0 -9999.0 -9999.0 -9999.0 -9999.0 -9999.0 -9999.0 -9999.0 -9999.0 -9999.0 -9999.0 -9999.0 -9999.0 -9999.0 -9999.0 -9999.0 -9999.0
-9999.0 -9999.0 -9999.0 -9999.0 -9999.0 -9999.0 -9999.0 -9999.0 -9999.0 -9999.0 -9999.0 -9999.0 -9999.0 -9999.0 -9999.0 -9999.0 -9999.0 -9999.0 -9999.0 -9999.0 -9999.0 -9999.0 -9999.0 -9999.0 -9999.0 -9999.0 -9999.0 -9999.0 -9999.0 -9999.0 -9999.0 -9999.0 -9999.0 -9999.0 -9999.0 -9999.0 -9999.0 -9999.0 -9999.0 -9999.0 -9999.0 -9999.0 -9999.0 -9999.0 -9999.0 -9999.0 -9999.0 -9999.0 -9999.0 -9999.0 -9999.0 -9999.0 -9999.0 -9999.0 -9999.0 -9999.0 -9999.0 -9999.0 -9999.0 -9999.0 -9999.0 -9999.0 -9999.0 -9999.0 -9999.0 -9999.0 -9999.0 -9999.0 -9999.0 -9999.0 -9999.0 -9999.0 -9999.0 -9999.0 -9999.0 -9999.0 -9999.0 -9999.0 -9999.0 -9999.0 -9999.0 -9999.0 -9999.0 -9999.0 -9999.0 -9999.0 -9999.0 -9999.0 -9999.0 -9999.0 -9999.0 -9999.0 -9999.0 -9999.0 -9999.0 -9999.0 -9999.0 -9999.0 -9999.0 -9999.0 -9999.0 -9999.0 -9999.0 -9999.0