inst/processing_geotop_simulation/geotop_simulation/out/maps3D/PwL0015N0154.asc
ncols         104
nrows         10
xllcorner     -2.000000
yllcorner     0.000000
cellsize      1.000000
NODATA_value  -9999.0
-9999.0 -9999.0 -9999.0 -9999.0 -9999.0 -9999.0 -9999.0 -9999.0 -9999.0 -9999.0 -9999.0 -9999.0 -9999.0 -9999.0 -9999.0 -9999.0 -9999.0 -9999.0 -9999.0 -9999.0 -9999.0 -9999.0 -9999.0 -9999.0 -9999.0 -9999.0 -9999.0 -9999.0 -9999.0 -9999.0 -9999.0 -9999.0 -9999.0 -9999.0 -9999.0 -9999.0 -9999.0 -9999.0 -9999.0 -9999.0 -9999.0 -9999.0 -9999.0 -9999.0 -9999.0 -9999.0 -9999.0 -9999.0 -9999.0 -9999.0 -9999.0 -9999.0 -9999.0 -9999.0 -9999.0 -9999.0 -9999.0 -9999.0 -9999.0 -9999.0 -9999.0 -9999.0 -9999.0 -9999.0 -9999.0 -9999.0 -9999.0 -9999.0 -9999.0 -9999.0 -9999.0 -9999.0 -9999.0 -9999.0 -9999.0 -9999.0 -9999.0 -9999.0 -9999.0 -9999.0 -9999.0 -9999.0 -9999.0 -9999.0 -9999.0 -9999.0 -9999.0 -9999.0 -9999.0 -9999.0 -9999.0 -9999.0 -9999.0 -9999.0 -9999.0 -9999.0 -9999.0 -9999.0 -9999.0 -9999.0 -9999.0 -9999.0 -9999.0 -9999.0
-9999.0 -9999.0 -9999.0 -9999.0 -9999.0 -9999.0 -9999.0 -9999.0 -9999.0 -9999.0 -9999.0 -9999.0 -9999.0 -9999.0 -9999.0 -9999.0 -9999.0 -9999.0 -9999.0 -9999.0 -9999.0 -9999.0 -9999.0 -9999.0 -9999.0 -9999.0 -9999.0 -9999.0 -9999.0 -9999.0 -9999.0 -9999.0 -9999.0 -9999.0 -9999.0 -9999.0 -9999.0 -9999.0 -9999.0 -9999.0 -9999.0 -9999.0 -9999.0 -9999.0 -9999.0 -9999.0 -9999.0 -9999.0 -9999.0 -9999.0 -9999.0 -9999.0 -9999.0 -9999.0 -9999.0 -9999.0 -9999.0 -9999.0 -9999.0 -9999.0 -9999.0 -9999.0 -9999.0 -9999.0 -9999.0 -9999.0 -9999.0 -9999.0 -9999.0 -9999.0 -9999.0 -9999.0 -9999.0 -9999.0 -9999.0 -9999.0 -9999.0 -9999.0 -9999.0 -9999.0 -9999.0 -9999.0 -9999.0 -9999.0 -9999.0 -9999.0 -9999.0 -9999.0 -9999.0 -9999.0 -9999.0 -9999.0 -9999.0 -9999.0 -9999.0 -9999.0 -9999.0 -9999.0 -9999.0 -9999.0 -9999.0 -9999.0 -9999.0 -9999.0
-9999.0 -9999.0 734.332693 641.228692 546.821909 451.436077 355.577554 259.512005 163.374617 67.236392 -28.852109 -124.863931 -220.752684 -316.406034 -411.660000 -506.261779 -599.859683 -692.930330 -785.803915 -877.291763 -967.045187 -1050.085663 -1118.619073 -1173.683698 -1215.496168 -1245.756691 -1266.836339 -1281.089999 -1290.501938 -1296.595859 -1300.478501 -1302.921133 -1304.443851 -1305.387888 -1305.972126 -1306.336705 -1306.578245 -1306.792628 -1307.243007 -1309.427498 -1321.702577 -1398.260226 -2048.387494 -4212.175826 -4232.672381 -4232.673261 -4232.673257 -4232.673256 -4232.673256 -4232.673256 -4232.673256 -4232.673256 -4232.673256 -4232.673256 -4232.673256 -4232.673256 -4232.673256 -4232.673257 -4232.673259 -4232.671553 -4199.345163 -1929.458921 -1365.869817 -1315.961742 -1308.380442 -1307.270507 -1307.113471 -1307.090223 -1307.087416 -1307.088044 -1307.089107 -1307.090038 -1307.090763 -1307.091316 -1307.091740 -1307.092069 -1307.092329 -1307.092540 -1307.092716 -1307.092872 -1307.093025 -1307.093193 -1307.093405 -1307.093698 -1307.094130 -1307.094794 -1307.095838 -1307.097507 -1307.100217 -1307.104692 -1307.112243 -1307.125316 -1307.148621 -1307.191438 -1307.272332 -1307.429056 -1307.740779 -1308.384000 -1309.787281 -1313.073598 -1321.400402 -1345.452805 -9999.0 -9999.0
-9999.0 -9999.0 734.337461 641.230292 546.822396 451.436230 355.577604 259.512022 163.374623 67.236395 -28.852109 -124.863931 -220.752684 -316.406034 -411.660000 -506.261779 -599.859683 -692.930331 -785.803915 -877.291764 -967.045187 -1050.085663 -1118.619074 -1173.683698 -1215.496168 -1245.756691 -1266.836340 -1281.089999 -1290.501938 -1296.595859 -1300.478501 -1302.921133 -1304.443851 -1305.387888 -1305.972126 -1306.336705 -1306.578245 -1306.792628 -1307.243007 -1309.427498 -1321.702577 -1398.260226 -2048.387494 -4212.175826 -4232.672381 -4232.673261 -4232.673257 -4232.673256 -4232.673256 -4232.673256 -4232.673256 -4232.673256 -4232.673256 -4232.673256 -4232.673256 -4232.673256 -4232.673256 -4232.673257 -4232.673259 -4232.671553 -4199.345163 -1929.458921 -1365.869817 -1315.961742 -1308.380442 -1307.270507 -1307.113471 -1307.090223 -1307.087416 -1307.088044 -1307.089107 -1307.090038 -1307.090763 -1307.091316 -1307.091740 -1307.092069 -1307.092329 -1307.092540 -1307.092716 -1307.092872 -1307.093025 -1307.093193 -1307.093405 -1307.093698 -1307.094130 -1307.094794 -1307.095838 -1307.097507 -1307.100217 -1307.104692 -1307.112243 -1307.125316 -1307.148621 -1307.191438 -1307.272332 -1307.429056 -1307.740779 -1308.384000 -1309.787281 -1313.073598 -1321.400402 -1345.452805 -9999.0 -9999.0
-9999.0 -9999.0 734.338964 641.231081 546.822721 451.436353 355.577648 259.512038 163.374629 67.236396 -28.852108 -124.863931 -220.752684 -316.406034 -411.660000 -506.261779 -599.859684 -692.930331 -785.803915 -877.291764 -967.045187 -1050.085663 -1118.619074 -1173.683698 -1215.496168 -1245.756691 -1266.836340 -1281.089999 -1290.501938 -1296.595859 -1300.478501 -1302.921133 -1304.443851 -1305.387888 -1305.972126 -1306.336705 -1306.578245 -1306.792628 -1307.243007 -1309.427498 -1321.702577 -1398.260226 -2048.387494 -4212.175826 -4232.672381 -4232.673261 -4232.673257 -4232.673256 -4232.673256 -4232.673256 -4232.673256 -4232.673256 -4232.673256 -4232.673256 -4232.673256 -4232.673256 -4232.673256 -4232.673257 -4232.673259 -4232.671553 -4199.345163 -1929.458921 -1365.869817 -1315.961742 -1308.380442 -1307.270507 -1307.113471 -1307.090223 -1307.087416 -1307.088044 -1307.089107 -1307.090038 -1307.090763 -1307.091316 -1307.091740 -1307.092069 -1307.092329 -1307.092540 -1307.092716 -1307.092872 -1307.093025 -1307.093193 -1307.093405 -1307.093698 -1307.094130 -1307.094794 -1307.095838 -1307.097507 -1307.100217 -1307.104692 -1307.112243 -1307.125316 -1307.148621 -1307.191438 -1307.272332 -1307.429056 -1307.740779 -1308.384000 -1309.787281 -1313.073598 -1321.400402 -1345.452805 -9999.0 -9999.0
-9999.0 -9999.0 734.338964 641.231081 546.822721 451.436353 355.577648 259.512038 163.374629 67.236397 -28.852108 -124.863931 -220.752684 -316.406034 -411.660000 -506.261779 -599.859684 -692.930331 -785.803915 -877.291764 -967.045187 -1050.085663 -1118.619074 -1173.683698 -1215.496168 -1245.756691 -1266.836340 -1281.089999 -1290.501938 -1296.595859 -1300.478501 -1302.921133 -1304.443851 -1305.387888 -1305.972126 -1306.336705 -1306.578245 -1306.792628 -1307.243007 -1309.427498 -1321.702577 -1398.260226 -2048.387494 -4212.175826 -4232.672381 -4232.673261 -4232.673257 -4232.673256 -4232.673256 -4232.673256 -4232.673256 -4232.673256 -4232.673256 -4232.673256 -4232.673256 -4232.673256 -4232.673256 -4232.673257 -4232.673259 -4232.671553 -4199.345163 -1929.458921 -1365.869817 -1315.961742 -1308.380442 -1307.270507 -1307.113471 -1307.090223 -1307.087416 -1307.088044 -1307.089107 -1307.090038 -1307.090763 -1307.091316 -1307.091740 -1307.092069 -1307.092329 -1307.092540 -1307.092716 -1307.092872 -1307.093025 -1307.093193 -1307.093405 -1307.093698 -1307.094130 -1307.094794 -1307.095838 -1307.097507 -1307.100217 -1307.104692 -1307.112243 -1307.125316 -1307.148621 -1307.191438 -1307.272332 -1307.429056 -1307.740779 -1308.384000 -1309.787281 -1313.073598 -1321.400402 -1345.452805 -9999.0 -9999.0
-9999.0 -9999.0 734.337461 641.230292 546.822396 451.436230 355.577604 259.512022 163.374623 67.236394 -28.852109 -124.863931 -220.752684 -316.406034 -411.660000 -506.261779 -599.859683 -692.930331 -785.803915 -877.291764 -967.045187 -1050.085663 -1118.619074 -1173.683698 -1215.496168 -1245.756691 -1266.836340 -1281.089999 -1290.501938 -1296.595859 -1300.478501 -1302.921133 -1304.443851 -1305.387888 -1305.972126 -1306.336705 -1306.578245 -1306.792628 -1307.243007 -1309.427498 -1321.702577 -1398.260226 -2048.387494 -4212.175826 -4232.672381 -4232.673261 -4232.673257 -4232.673256 -4232.673256 -4232.673256 -4232.673256 -4232.673256 -4232.673256 -4232.673256 -4232.673256 -4232.673256 -4232.673256 -4232.673257 -4232.673259 -4232.671553 -4199.345163 -1929.458921 -1365.869817 -1315.961742 -1308.380442 -1307.270507 -1307.113471 -1307.090223 -1307.087416 -1307.088044 -1307.089107 -1307.090038 -1307.090763 -1307.091316 -1307.091740 -1307.092069 -1307.092329 -1307.092540 -1307.092716 -1307.092872 -1307.093025 -1307.093193 -1307.093405 -1307.093698 -1307.094130 -1307.094794 -1307.095838 -1307.097507 -1307.100217 -1307.104692 -1307.112243 -1307.125316 -1307.148621 -1307.191438 -1307.272332 -1307.429056 -1307.740779 -1308.384000 -1309.787281 -1313.073598 -1321.400402 -1345.452805 -9999.0 -9999.0
-9999.0 -9999.0 734.332693 641.228692 546.821909 451.436077 355.577554 259.512005 163.374617 67.236393 -28.852109 -124.863931 -220.752684 -316.406034 -411.660000 -506.261779 -599.859683 -692.930330 -785.803915 -877.291763 -967.045187 -1050.085663 -1118.619073 -1173.683698 -1215.496168 -1245.756691 -1266.836339 -1281.089999 -1290.501938 -1296.595859 -1300.478501 -1302.921133 -1304.443851 -1305.387888 -1305.972126 -1306.336705 -1306.578245 -1306.792628 -1307.243007 -1309.427498 -1321.702577 -1398.260226 -2048.387494 -4212.175826 -4232.672381 -4232.673261 -4232.673257 -4232.673256 -4232.673256 -4232.673256 -4232.673256 -4232.673256 -4232.673256 -4232.673256 -4232.673256 -4232.673256 -4232.673256 -4232.673257 -4232.673259 -4232.671553 -4199.345163 -1929.458921 -1365.869817 -1315.961742 -1308.380442 -1307.270507 -1307.113471 -1307.090223 -1307.087416 -1307.088044 -1307.089107 -1307.090038 -1307.090763 -1307.091316 -1307.091740 -1307.092069 -1307.092329 -1307.092540 -1307.092716 -1307.092872 -1307.093025 -1307.093193 -1307.093405 -1307.093698 -1307.094130 -1307.094794 -1307.095838 -1307.097507 -1307.100217 -1307.104692 -1307.112243 -1307.125316 -1307.148621 -1307.191438 -1307.272332 -1307.429056 -1307.740779 -1308.384000 -1309.787281 -1313.073598 -1321.400402 -1345.452805 -9999.0 -9999.0
-9999.0 -9999.0 -9999.0 -9999.0 -9999.0 -9999.0 -9999.0 -9999.0 -9999.0 -9999.0 -9999.0 -9999.0 -9999.0 -9999.0 -9999.0 -9999.0 -9999.0 -9999.0 -9999.0 -9999.0 -9999.0 -9999.0 -9999.0 -9999.0 -9999.0 -9999.0 -9999.0 -9999.0 -9999.0 -9999.0 -9999.0 -9999.0 -9999.0 -9999.0 -9999.0 -9999.0 -9999.0 -9999.0 -9999.0 -9999.0 -9999.0 -9999.0 -9999.0 -9999.0 -9999.0 -9999.0 -9999.0 -9999.0 -9999.0 -9999.0 -9999.0 -9999.0 -9999.0 -9999.0 -9999.0 -9999.0 -9999.0 -9999.0 -9999.0 -9999.0 -9999.0 -9999.0 -9999.0 -9999.0 -9999.0 -9999.0 -9999.0 -9999.0 -9999.0 -9999.0 -9999.0 -9999.0 -9999.0 -9999.0 -9999.0 -9999.0 -9999.0 -9999.0 -9999.0 -9999.0 -9999.0 -9999.0 -9999.0 -9999.0 -9999.0 -9999.0 -9999.0 -9999.0 -9999.0 -9999.0 -9999.0 -9999.0 -9999.0 -9999.0 -9999.0 -9999.0 -9999.0 -9999.0 -9999.0 -9999.0 -9999.0 -9999.0 -9999.0 -9999.0
-9999.0 -9999.0 -9999.0 -9999.0 -9999.0 -9999.0 -9999.0 -9999.0 -9999.0 -9999.0 -9999.0 -9999.0 -9999.0 -9999.0 -9999.0 -9999.0 -9999.0 -9999.0 -9999.0 -9999.0 -9999.0 -9999.0 -9999.0 -9999.0 -9999.0 -9999.0 -9999.0 -9999.0 -9999.0 -9999.0 -9999.0 -9999.0 -9999.0 -9999.0 -9999.0 -9999.0 -9999.0 -9999.0 -9999.0 -9999.0 -9999.0 -9999.0 -9999.0 -9999.0 -9999.0 -9999.0 -9999.0 -9999.0 -9999.0 -9999.0 -9999.0 -9999.0 -9999.0 -9999.0 -9999.0 -9999.0 -9999.0 -9999.0 -9999.0 -9999.0 -9999.0 -9999.0 -9999.0 -9999.0 -9999.0 -9999.0 -9999.0 -9999.0 -9999.0 -9999.0 -9999.0 -9999.0 -9999.0 -9999.0 -9999.0 -9999.0 -9999.0 -9999.0 -9999.0 -9999.0 -9999.0 -9999.0 -9999.0 -9999.0 -9999.0 -9999.0 -9999.0 -9999.0 -9999.0 -9999.0 -9999.0 -9999.0 -9999.0 -9999.0 -9999.0 -9999.0 -9999.0 -9999.0 -9999.0 -9999.0 -9999.0 -9999.0 -9999.0 -9999.0