inst/processing_geotop_simulation/geotop_simulation/out/maps3D/PwL0012N0172.asc
ncols         104
nrows         10
xllcorner     -2.000000
yllcorner     0.000000
cellsize      1.000000
NODATA_value  -9999.0
-9999.0 -9999.0 -9999.0 -9999.0 -9999.0 -9999.0 -9999.0 -9999.0 -9999.0 -9999.0 -9999.0 -9999.0 -9999.0 -9999.0 -9999.0 -9999.0 -9999.0 -9999.0 -9999.0 -9999.0 -9999.0 -9999.0 -9999.0 -9999.0 -9999.0 -9999.0 -9999.0 -9999.0 -9999.0 -9999.0 -9999.0 -9999.0 -9999.0 -9999.0 -9999.0 -9999.0 -9999.0 -9999.0 -9999.0 -9999.0 -9999.0 -9999.0 -9999.0 -9999.0 -9999.0 -9999.0 -9999.0 -9999.0 -9999.0 -9999.0 -9999.0 -9999.0 -9999.0 -9999.0 -9999.0 -9999.0 -9999.0 -9999.0 -9999.0 -9999.0 -9999.0 -9999.0 -9999.0 -9999.0 -9999.0 -9999.0 -9999.0 -9999.0 -9999.0 -9999.0 -9999.0 -9999.0 -9999.0 -9999.0 -9999.0 -9999.0 -9999.0 -9999.0 -9999.0 -9999.0 -9999.0 -9999.0 -9999.0 -9999.0 -9999.0 -9999.0 -9999.0 -9999.0 -9999.0 -9999.0 -9999.0 -9999.0 -9999.0 -9999.0 -9999.0 -9999.0 -9999.0 -9999.0 -9999.0 -9999.0 -9999.0 -9999.0 -9999.0 -9999.0
-9999.0 -9999.0 -9999.0 -9999.0 -9999.0 -9999.0 -9999.0 -9999.0 -9999.0 -9999.0 -9999.0 -9999.0 -9999.0 -9999.0 -9999.0 -9999.0 -9999.0 -9999.0 -9999.0 -9999.0 -9999.0 -9999.0 -9999.0 -9999.0 -9999.0 -9999.0 -9999.0 -9999.0 -9999.0 -9999.0 -9999.0 -9999.0 -9999.0 -9999.0 -9999.0 -9999.0 -9999.0 -9999.0 -9999.0 -9999.0 -9999.0 -9999.0 -9999.0 -9999.0 -9999.0 -9999.0 -9999.0 -9999.0 -9999.0 -9999.0 -9999.0 -9999.0 -9999.0 -9999.0 -9999.0 -9999.0 -9999.0 -9999.0 -9999.0 -9999.0 -9999.0 -9999.0 -9999.0 -9999.0 -9999.0 -9999.0 -9999.0 -9999.0 -9999.0 -9999.0 -9999.0 -9999.0 -9999.0 -9999.0 -9999.0 -9999.0 -9999.0 -9999.0 -9999.0 -9999.0 -9999.0 -9999.0 -9999.0 -9999.0 -9999.0 -9999.0 -9999.0 -9999.0 -9999.0 -9999.0 -9999.0 -9999.0 -9999.0 -9999.0 -9999.0 -9999.0 -9999.0 -9999.0 -9999.0 -9999.0 -9999.0 -9999.0 -9999.0 -9999.0
-9999.0 -9999.0 581.806398 488.476992 393.381581 297.298397 200.777414 104.069122 7.298716 -89.457255 -186.164902 -282.743887 -379.047294 -474.787829 -569.591459 -663.022878 -757.217757 -851.016891 -944.257918 -1036.434841 -1119.905881 -1192.828201 -1252.659331 -1299.003080 -1333.217812 -1357.566678 -1374.436601 -1385.893838 -1393.550200 -1398.594658 -1401.877419 -1403.991796 -1405.342882 -1406.201603 -1406.745961 -1407.093234 -1407.327651 -1407.539429 -1407.992553 -1410.130219 -1421.224134 -1476.864643 -1937.091709 -4235.259201 -4042.521675 -3807.636352 -3674.848115 -3657.452001 -3655.707309 -3655.886796 -3656.336363 -3656.817428 -3657.278898 -3657.705694 -3658.099980 -3658.544175 -3659.863361 -3669.368555 -3738.584627 -3883.004919 -4028.111831 -1730.968674 -1446.094379 -1415.453806 -1409.059804 -1407.999332 -1407.841758 -1407.818184 -1407.815266 -1407.815793 -1407.816767 -1407.817626 -1407.818297 -1407.818809 -1407.819201 -1407.819505 -1407.819745 -1407.819940 -1407.820102 -1407.820247 -1407.820388 -1407.820544 -1407.820740 -1407.821013 -1407.821415 -1407.822033 -1407.823005 -1407.824560 -1407.827085 -1407.831258 -1407.838305 -1407.850513 -1407.872294 -1407.912335 -1407.988013 -1408.134635 -1408.426082 -1409.026215 -1410.329635 -1413.367221 -1421.106291 -1444.194414 -9999.0 -9999.0
-9999.0 -9999.0 581.812267 488.478763 393.382093 297.298553 200.777465 104.069139 7.298722 -89.457252 -186.164902 -282.743887 -379.047294 -474.787829 -569.591459 -663.022878 -757.217757 -851.016891 -944.257919 -1036.434841 -1119.905882 -1192.828201 -1252.659331 -1299.003080 -1333.217812 -1357.566678 -1374.436601 -1385.893838 -1393.550200 -1398.594658 -1401.877419 -1403.991796 -1405.342882 -1406.201603 -1406.745961 -1407.093234 -1407.327651 -1407.539429 -1407.992553 -1410.130219 -1421.224134 -1476.864643 -1937.091708 -4235.259200 -4042.521672 -3807.636344 -3674.848115 -3657.452001 -3655.707309 -3655.886796 -3656.336363 -3656.817428 -3657.278898 -3657.705694 -3658.099980 -3658.544175 -3659.863361 -3669.368555 -3738.584627 -3883.004919 -4028.111831 -1730.968674 -1446.094379 -1415.453806 -1409.059804 -1407.999332 -1407.841758 -1407.818184 -1407.815266 -1407.815793 -1407.816767 -1407.817626 -1407.818297 -1407.818809 -1407.819201 -1407.819505 -1407.819745 -1407.819940 -1407.820102 -1407.820247 -1407.820388 -1407.820544 -1407.820740 -1407.821013 -1407.821415 -1407.822033 -1407.823005 -1407.824560 -1407.827085 -1407.831258 -1407.838305 -1407.850513 -1407.872294 -1407.912335 -1407.988013 -1408.134635 -1408.426082 -1409.026215 -1410.329635 -1413.367221 -1421.106291 -1444.194414 -9999.0 -9999.0
-9999.0 -9999.0 581.813843 488.479588 393.382427 297.298678 200.777509 104.069155 7.298727 -89.457250 -186.164901 -282.743886 -379.047294 -474.787829 -569.591459 -663.022878 -757.217757 -851.016892 -944.257919 -1036.434841 -1119.905882 -1192.828201 -1252.659331 -1299.003080 -1333.217812 -1357.566678 -1374.436601 -1385.893838 -1393.550200 -1398.594658 -1401.877419 -1403.991796 -1405.342882 -1406.201603 -1406.745961 -1407.093234 -1407.327651 -1407.539429 -1407.992553 -1410.130219 -1421.224134 -1476.864643 -1937.091708 -4235.259200 -4042.521671 -3807.636340 -3674.848115 -3657.452001 -3655.707309 -3655.886796 -3656.336363 -3656.817428 -3657.278898 -3657.705694 -3658.099980 -3658.544175 -3659.863361 -3669.368555 -3738.584627 -3883.004919 -4028.111831 -1730.968674 -1446.094379 -1415.453806 -1409.059804 -1407.999332 -1407.841758 -1407.818184 -1407.815266 -1407.815793 -1407.816767 -1407.817626 -1407.818297 -1407.818809 -1407.819201 -1407.819505 -1407.819745 -1407.819940 -1407.820102 -1407.820247 -1407.820388 -1407.820544 -1407.820740 -1407.821013 -1407.821415 -1407.822033 -1407.823005 -1407.824560 -1407.827085 -1407.831258 -1407.838305 -1407.850513 -1407.872294 -1407.912335 -1407.988013 -1408.134635 -1408.426082 -1409.026215 -1410.329635 -1413.367221 -1421.106291 -1444.194414 -9999.0 -9999.0
-9999.0 -9999.0 581.813843 488.479588 393.382427 297.298678 200.777509 104.069155 7.298727 -89.457250 -186.164901 -282.743886 -379.047294 -474.787829 -569.591459 -663.022878 -757.217758 -851.016892 -944.257919 -1036.434841 -1119.905882 -1192.828201 -1252.659331 -1299.003080 -1333.217812 -1357.566678 -1374.436601 -1385.893838 -1393.550200 -1398.594658 -1401.877419 -1403.991796 -1405.342882 -1406.201603 -1406.745961 -1407.093234 -1407.327651 -1407.539429 -1407.992553 -1410.130219 -1421.224134 -1476.864643 -1937.091708 -4235.259200 -4042.521672 -3807.636340 -3674.848115 -3657.452001 -3655.707309 -3655.886796 -3656.336363 -3656.817428 -3657.278898 -3657.705694 -3658.099980 -3658.544175 -3659.863361 -3669.368555 -3738.584627 -3883.004919 -4028.111831 -1730.968674 -1446.094379 -1415.453806 -1409.059804 -1407.999332 -1407.841758 -1407.818184 -1407.815266 -1407.815793 -1407.816767 -1407.817626 -1407.818297 -1407.818809 -1407.819201 -1407.819505 -1407.819745 -1407.819940 -1407.820102 -1407.820247 -1407.820388 -1407.820544 -1407.820740 -1407.821013 -1407.821415 -1407.822033 -1407.823005 -1407.824560 -1407.827085 -1407.831258 -1407.838305 -1407.850513 -1407.872294 -1407.912335 -1407.988013 -1408.134635 -1408.426082 -1409.026215 -1410.329635 -1413.367221 -1421.106291 -1444.194414 -9999.0 -9999.0
-9999.0 -9999.0 581.812267 488.478763 393.382093 297.298553 200.777465 104.069139 7.298722 -89.457252 -186.164902 -282.743887 -379.047294 -474.787829 -569.591459 -663.022878 -757.217757 -851.016891 -944.257919 -1036.434841 -1119.905882 -1192.828201 -1252.659331 -1299.003080 -1333.217812 -1357.566678 -1374.436601 -1385.893838 -1393.550200 -1398.594658 -1401.877419 -1403.991796 -1405.342882 -1406.201603 -1406.745961 -1407.093234 -1407.327651 -1407.539429 -1407.992553 -1410.130219 -1421.224134 -1476.864643 -1937.091708 -4235.259200 -4042.521672 -3807.636344 -3674.848115 -3657.452001 -3655.707309 -3655.886796 -3656.336363 -3656.817428 -3657.278898 -3657.705694 -3658.099980 -3658.544175 -3659.863361 -3669.368555 -3738.584627 -3883.004919 -4028.111831 -1730.968674 -1446.094379 -1415.453806 -1409.059804 -1407.999332 -1407.841758 -1407.818184 -1407.815266 -1407.815793 -1407.816767 -1407.817626 -1407.818297 -1407.818809 -1407.819201 -1407.819505 -1407.819745 -1407.819940 -1407.820102 -1407.820247 -1407.820388 -1407.820544 -1407.820740 -1407.821013 -1407.821415 -1407.822033 -1407.823005 -1407.824560 -1407.827085 -1407.831258 -1407.838305 -1407.850513 -1407.872294 -1407.912335 -1407.988013 -1408.134635 -1408.426082 -1409.026215 -1410.329635 -1413.367221 -1421.106291 -1444.194414 -9999.0 -9999.0
-9999.0 -9999.0 581.806398 488.476992 393.381581 297.298397 200.777414 104.069122 7.298716 -89.457254 -186.164902 -282.743887 -379.047294 -474.787829 -569.591459 -663.022878 -757.217757 -851.016891 -944.257918 -1036.434841 -1119.905881 -1192.828201 -1252.659331 -1299.003080 -1333.217812 -1357.566678 -1374.436601 -1385.893838 -1393.550200 -1398.594658 -1401.877419 -1403.991796 -1405.342882 -1406.201603 -1406.745961 -1407.093234 -1407.327651 -1407.539429 -1407.992553 -1410.130219 -1421.224134 -1476.864643 -1937.091709 -4235.259201 -4042.521675 -3807.636352 -3674.848115 -3657.452001 -3655.707309 -3655.886796 -3656.336363 -3656.817428 -3657.278898 -3657.705694 -3658.099980 -3658.544175 -3659.863361 -3669.368555 -3738.584627 -3883.004919 -4028.111831 -1730.968674 -1446.094379 -1415.453806 -1409.059804 -1407.999332 -1407.841758 -1407.818184 -1407.815266 -1407.815793 -1407.816767 -1407.817626 -1407.818297 -1407.818809 -1407.819201 -1407.819505 -1407.819745 -1407.819940 -1407.820102 -1407.820247 -1407.820388 -1407.820544 -1407.820740 -1407.821013 -1407.821415 -1407.822033 -1407.823005 -1407.824560 -1407.827085 -1407.831258 -1407.838305 -1407.850513 -1407.872294 -1407.912335 -1407.988013 -1408.134635 -1408.426082 -1409.026215 -1410.329635 -1413.367221 -1421.106291 -1444.194414 -9999.0 -9999.0
-9999.0 -9999.0 -9999.0 -9999.0 -9999.0 -9999.0 -9999.0 -9999.0 -9999.0 -9999.0 -9999.0 -9999.0 -9999.0 -9999.0 -9999.0 -9999.0 -9999.0 -9999.0 -9999.0 -9999.0 -9999.0 -9999.0 -9999.0 -9999.0 -9999.0 -9999.0 -9999.0 -9999.0 -9999.0 -9999.0 -9999.0 -9999.0 -9999.0 -9999.0 -9999.0 -9999.0 -9999.0 -9999.0 -9999.0 -9999.0 -9999.0 -9999.0 -9999.0 -9999.0 -9999.0 -9999.0 -9999.0 -9999.0 -9999.0 -9999.0 -9999.0 -9999.0 -9999.0 -9999.0 -9999.0 -9999.0 -9999.0 -9999.0 -9999.0 -9999.0 -9999.0 -9999.0 -9999.0 -9999.0 -9999.0 -9999.0 -9999.0 -9999.0 -9999.0 -9999.0 -9999.0 -9999.0 -9999.0 -9999.0 -9999.0 -9999.0 -9999.0 -9999.0 -9999.0 -9999.0 -9999.0 -9999.0 -9999.0 -9999.0 -9999.0 -9999.0 -9999.0 -9999.0 -9999.0 -9999.0 -9999.0 -9999.0 -9999.0 -9999.0 -9999.0 -9999.0 -9999.0 -9999.0 -9999.0 -9999.0 -9999.0 -9999.0 -9999.0 -9999.0
-9999.0 -9999.0 -9999.0 -9999.0 -9999.0 -9999.0 -9999.0 -9999.0 -9999.0 -9999.0 -9999.0 -9999.0 -9999.0 -9999.0 -9999.0 -9999.0 -9999.0 -9999.0 -9999.0 -9999.0 -9999.0 -9999.0 -9999.0 -9999.0 -9999.0 -9999.0 -9999.0 -9999.0 -9999.0 -9999.0 -9999.0 -9999.0 -9999.0 -9999.0 -9999.0 -9999.0 -9999.0 -9999.0 -9999.0 -9999.0 -9999.0 -9999.0 -9999.0 -9999.0 -9999.0 -9999.0 -9999.0 -9999.0 -9999.0 -9999.0 -9999.0 -9999.0 -9999.0 -9999.0 -9999.0 -9999.0 -9999.0 -9999.0 -9999.0 -9999.0 -9999.0 -9999.0 -9999.0 -9999.0 -9999.0 -9999.0 -9999.0 -9999.0 -9999.0 -9999.0 -9999.0 -9999.0 -9999.0 -9999.0 -9999.0 -9999.0 -9999.0 -9999.0 -9999.0 -9999.0 -9999.0 -9999.0 -9999.0 -9999.0 -9999.0 -9999.0 -9999.0 -9999.0 -9999.0 -9999.0 -9999.0 -9999.0 -9999.0 -9999.0 -9999.0 -9999.0 -9999.0 -9999.0 -9999.0 -9999.0 -9999.0 -9999.0 -9999.0 -9999.0