inst/processing_geotop_simulation/geotop_simulation/out/maps3D/PwL0005N0276.asc
ncols         104
nrows         10
xllcorner     -2.000000
yllcorner     0.000000
cellsize      1.000000
NODATA_value  -9999.0
-9999.0 -9999.0 -9999.0 -9999.0 -9999.0 -9999.0 -9999.0 -9999.0 -9999.0 -9999.0 -9999.0 -9999.0 -9999.0 -9999.0 -9999.0 -9999.0 -9999.0 -9999.0 -9999.0 -9999.0 -9999.0 -9999.0 -9999.0 -9999.0 -9999.0 -9999.0 -9999.0 -9999.0 -9999.0 -9999.0 -9999.0 -9999.0 -9999.0 -9999.0 -9999.0 -9999.0 -9999.0 -9999.0 -9999.0 -9999.0 -9999.0 -9999.0 -9999.0 -9999.0 -9999.0 -9999.0 -9999.0 -9999.0 -9999.0 -9999.0 -9999.0 -9999.0 -9999.0 -9999.0 -9999.0 -9999.0 -9999.0 -9999.0 -9999.0 -9999.0 -9999.0 -9999.0 -9999.0 -9999.0 -9999.0 -9999.0 -9999.0 -9999.0 -9999.0 -9999.0 -9999.0 -9999.0 -9999.0 -9999.0 -9999.0 -9999.0 -9999.0 -9999.0 -9999.0 -9999.0 -9999.0 -9999.0 -9999.0 -9999.0 -9999.0 -9999.0 -9999.0 -9999.0 -9999.0 -9999.0 -9999.0 -9999.0 -9999.0 -9999.0 -9999.0 -9999.0 -9999.0 -9999.0 -9999.0 -9999.0 -9999.0 -9999.0 -9999.0 -9999.0
-9999.0 -9999.0 -9999.0 -9999.0 -9999.0 -9999.0 -9999.0 -9999.0 -9999.0 -9999.0 -9999.0 -9999.0 -9999.0 -9999.0 -9999.0 -9999.0 -9999.0 -9999.0 -9999.0 -9999.0 -9999.0 -9999.0 -9999.0 -9999.0 -9999.0 -9999.0 -9999.0 -9999.0 -9999.0 -9999.0 -9999.0 -9999.0 -9999.0 -9999.0 -9999.0 -9999.0 -9999.0 -9999.0 -9999.0 -9999.0 -9999.0 -9999.0 -9999.0 -9999.0 -9999.0 -9999.0 -9999.0 -9999.0 -9999.0 -9999.0 -9999.0 -9999.0 -9999.0 -9999.0 -9999.0 -9999.0 -9999.0 -9999.0 -9999.0 -9999.0 -9999.0 -9999.0 -9999.0 -9999.0 -9999.0 -9999.0 -9999.0 -9999.0 -9999.0 -9999.0 -9999.0 -9999.0 -9999.0 -9999.0 -9999.0 -9999.0 -9999.0 -9999.0 -9999.0 -9999.0 -9999.0 -9999.0 -9999.0 -9999.0 -9999.0 -9999.0 -9999.0 -9999.0 -9999.0 -9999.0 -9999.0 -9999.0 -9999.0 -9999.0 -9999.0 -9999.0 -9999.0 -9999.0 -9999.0 -9999.0 -9999.0 -9999.0 -9999.0 -9999.0
-9999.0 -9999.0 226.439883 130.419036 32.632452 -65.698124 -164.239684 -262.862965 -361.495646 -460.087572 -558.563708 -656.733403 -754.484599 -851.930106 -949.138894 -1046.398801 -1143.053812 -1237.987217 -1330.772808 -1420.223278 -1503.628596 -1577.205809 -1638.135914 -1685.801034 -1721.466981 -1747.314776 -1765.635090 -1778.413562 -1787.214178 -1793.209089 -1797.253271 -1799.958595 -1801.755774 -1802.943304 -1803.725443 -1804.242423 -1804.598827 -1804.915801 -1805.538221 -1807.802043 -1814.177575 -1793.578243 -1138.251864 -1153.129037 -1137.736173 -1127.802938 -1123.159101 -1122.475467 -1122.403417 -1122.410995 -1122.430122 -1122.450663 -1122.470400 -1122.488675 -1122.505627 -1122.525246 -1122.585502 -1122.990906 -1125.449749 -1130.945200 -1138.639645 -1113.002978 -1768.552080 -1808.131562 -1806.462600 -1805.531652 -1805.343736 -1805.312818 -1805.308459 -1805.308435 -1805.309039 -1805.309624 -1805.310092 -1805.310451 -1805.310726 -1805.310941 -1805.311111 -1805.311249 -1805.311366 -1805.311469 -1805.311572 -1805.311686 -1805.311830 -1805.312030 -1805.312326 -1805.312781 -1805.313496 -1805.314643 -1805.316511 -1805.319612 -1805.324878 -1805.334067 -1805.350580 -1805.381148 -1805.439324 -1805.552996 -1805.781859 -1806.262257 -1807.332538 -1809.917145 -1816.925532 -1839.704466 -9999.0 -9999.0
-9999.0 -9999.0 226.448997 130.421019 32.632963 -65.697975 -164.239636 -262.862949 -361.495640 -460.087570 -558.563707 -656.733403 -754.484598 -851.930106 -949.138894 -1046.398802 -1143.053812 -1237.987217 -1330.772808 -1420.223278 -1503.628596 -1577.205809 -1638.135914 -1685.801034 -1721.466981 -1747.314776 -1765.635091 -1778.413563 -1787.214178 -1793.209089 -1797.253271 -1799.958595 -1801.755774 -1802.943304 -1803.725443 -1804.242423 -1804.598827 -1804.915801 -1805.538221 -1807.802043 -1814.177575 -1793.578243 -1138.251864 -1153.129037 -1137.736173 -1127.802938 -1123.159101 -1122.475467 -1122.403417 -1122.410995 -1122.430122 -1122.450663 -1122.470400 -1122.488675 -1122.505627 -1122.525246 -1122.585502 -1122.990906 -1125.449749 -1130.945200 -1138.639645 -1113.002978 -1768.552080 -1808.131562 -1806.462600 -1805.531652 -1805.343736 -1805.312818 -1805.308459 -1805.308435 -1805.309039 -1805.309624 -1805.310092 -1805.310451 -1805.310726 -1805.310941 -1805.311111 -1805.311249 -1805.311366 -1805.311469 -1805.311572 -1805.311686 -1805.311830 -1805.312030 -1805.312326 -1805.312781 -1805.313496 -1805.314643 -1805.316511 -1805.319612 -1805.324878 -1805.334067 -1805.350580 -1805.381148 -1805.439324 -1805.552996 -1805.781859 -1806.262257 -1807.332538 -1809.917145 -1816.925532 -1839.704466 -9999.0 -9999.0
-9999.0 -9999.0 226.450429 130.421836 32.633287 -65.697857 -164.239595 -262.862934 -361.495635 -460.087568 -558.563706 -656.733402 -754.484598 -851.930106 -949.138894 -1046.398802 -1143.053812 -1237.987217 -1330.772808 -1420.223278 -1503.628596 -1577.205809 -1638.135914 -1685.801034 -1721.466981 -1747.314776 -1765.635091 -1778.413563 -1787.214178 -1793.209089 -1797.253271 -1799.958595 -1801.755774 -1802.943304 -1803.725443 -1804.242423 -1804.598827 -1804.915801 -1805.538221 -1807.802043 -1814.177575 -1793.578243 -1138.251864 -1153.129037 -1137.736173 -1127.802938 -1123.159101 -1122.475467 -1122.403417 -1122.410995 -1122.430122 -1122.450663 -1122.470400 -1122.488675 -1122.505627 -1122.525246 -1122.585502 -1122.990906 -1125.449749 -1130.945200 -1138.639645 -1113.002978 -1768.552080 -1808.131562 -1806.462600 -1805.531652 -1805.343736 -1805.312818 -1805.308459 -1805.308435 -1805.309039 -1805.309624 -1805.310092 -1805.310451 -1805.310726 -1805.310941 -1805.311111 -1805.311249 -1805.311366 -1805.311469 -1805.311572 -1805.311686 -1805.311830 -1805.312030 -1805.312326 -1805.312781 -1805.313496 -1805.314643 -1805.316511 -1805.319612 -1805.324878 -1805.334067 -1805.350580 -1805.381148 -1805.439324 -1805.552996 -1805.781859 -1806.262257 -1807.332538 -1809.917145 -1816.925532 -1839.704466 -9999.0 -9999.0
-9999.0 -9999.0 226.450429 130.421836 32.633287 -65.697857 -164.239595 -262.862934 -361.495635 -460.087568 -558.563706 -656.733402 -754.484598 -851.930106 -949.138894 -1046.398802 -1143.053812 -1237.987217 -1330.772808 -1420.223278 -1503.628596 -1577.205809 -1638.135914 -1685.801034 -1721.466981 -1747.314776 -1765.635091 -1778.413563 -1787.214178 -1793.209089 -1797.253271 -1799.958595 -1801.755774 -1802.943304 -1803.725443 -1804.242423 -1804.598827 -1804.915801 -1805.538221 -1807.802043 -1814.177575 -1793.578243 -1138.251864 -1153.129037 -1137.736173 -1127.802938 -1123.159101 -1122.475467 -1122.403417 -1122.410995 -1122.430122 -1122.450663 -1122.470400 -1122.488675 -1122.505627 -1122.525246 -1122.585502 -1122.990906 -1125.449749 -1130.945200 -1138.639645 -1113.002978 -1768.552080 -1808.131562 -1806.462600 -1805.531652 -1805.343736 -1805.312818 -1805.308459 -1805.308435 -1805.309039 -1805.309624 -1805.310092 -1805.310451 -1805.310726 -1805.310941 -1805.311111 -1805.311249 -1805.311366 -1805.311469 -1805.311572 -1805.311686 -1805.311830 -1805.312030 -1805.312326 -1805.312781 -1805.313496 -1805.314643 -1805.316511 -1805.319612 -1805.324878 -1805.334067 -1805.350580 -1805.381148 -1805.439324 -1805.552996 -1805.781859 -1806.262257 -1807.332538 -1809.917145 -1816.925532 -1839.704466 -9999.0 -9999.0
-9999.0 -9999.0 226.448997 130.421019 32.632963 -65.697975 -164.239636 -262.862949 -361.495640 -460.087570 -558.563707 -656.733403 -754.484598 -851.930106 -949.138894 -1046.398802 -1143.053812 -1237.987217 -1330.772808 -1420.223278 -1503.628596 -1577.205809 -1638.135914 -1685.801034 -1721.466981 -1747.314776 -1765.635091 -1778.413563 -1787.214178 -1793.209089 -1797.253271 -1799.958595 -1801.755774 -1802.943304 -1803.725443 -1804.242423 -1804.598827 -1804.915801 -1805.538221 -1807.802043 -1814.177575 -1793.578243 -1138.251864 -1153.129037 -1137.736173 -1127.802938 -1123.159101 -1122.475467 -1122.403417 -1122.410995 -1122.430122 -1122.450663 -1122.470400 -1122.488675 -1122.505627 -1122.525246 -1122.585502 -1122.990906 -1125.449749 -1130.945200 -1138.639645 -1113.002978 -1768.552080 -1808.131562 -1806.462600 -1805.531652 -1805.343736 -1805.312818 -1805.308459 -1805.308435 -1805.309039 -1805.309624 -1805.310092 -1805.310451 -1805.310726 -1805.310941 -1805.311111 -1805.311249 -1805.311366 -1805.311469 -1805.311572 -1805.311686 -1805.311830 -1805.312030 -1805.312326 -1805.312781 -1805.313496 -1805.314643 -1805.316511 -1805.319612 -1805.324878 -1805.334067 -1805.350580 -1805.381148 -1805.439324 -1805.552996 -1805.781859 -1806.262257 -1807.332538 -1809.917145 -1816.925532 -1839.704466 -9999.0 -9999.0
-9999.0 -9999.0 226.439883 130.419036 32.632452 -65.698124 -164.239684 -262.862965 -361.495646 -460.087572 -558.563708 -656.733403 -754.484598 -851.930106 -949.138894 -1046.398801 -1143.053812 -1237.987217 -1330.772808 -1420.223278 -1503.628596 -1577.205809 -1638.135914 -1685.801034 -1721.466981 -1747.314776 -1765.635090 -1778.413562 -1787.214178 -1793.209089 -1797.253271 -1799.958595 -1801.755774 -1802.943304 -1803.725443 -1804.242423 -1804.598827 -1804.915801 -1805.538221 -1807.802043 -1814.177575 -1793.578243 -1138.251864 -1153.129037 -1137.736173 -1127.802938 -1123.159101 -1122.475467 -1122.403417 -1122.410995 -1122.430122 -1122.450663 -1122.470400 -1122.488675 -1122.505627 -1122.525246 -1122.585502 -1122.990906 -1125.449749 -1130.945200 -1138.639645 -1113.002978 -1768.552080 -1808.131562 -1806.462600 -1805.531652 -1805.343736 -1805.312818 -1805.308459 -1805.308435 -1805.309039 -1805.309624 -1805.310092 -1805.310451 -1805.310726 -1805.310941 -1805.311111 -1805.311249 -1805.311366 -1805.311469 -1805.311572 -1805.311686 -1805.311830 -1805.312030 -1805.312326 -1805.312781 -1805.313496 -1805.314643 -1805.316511 -1805.319612 -1805.324878 -1805.334067 -1805.350580 -1805.381148 -1805.439324 -1805.552996 -1805.781859 -1806.262257 -1807.332538 -1809.917145 -1816.925532 -1839.704466 -9999.0 -9999.0
-9999.0 -9999.0 -9999.0 -9999.0 -9999.0 -9999.0 -9999.0 -9999.0 -9999.0 -9999.0 -9999.0 -9999.0 -9999.0 -9999.0 -9999.0 -9999.0 -9999.0 -9999.0 -9999.0 -9999.0 -9999.0 -9999.0 -9999.0 -9999.0 -9999.0 -9999.0 -9999.0 -9999.0 -9999.0 -9999.0 -9999.0 -9999.0 -9999.0 -9999.0 -9999.0 -9999.0 -9999.0 -9999.0 -9999.0 -9999.0 -9999.0 -9999.0 -9999.0 -9999.0 -9999.0 -9999.0 -9999.0 -9999.0 -9999.0 -9999.0 -9999.0 -9999.0 -9999.0 -9999.0 -9999.0 -9999.0 -9999.0 -9999.0 -9999.0 -9999.0 -9999.0 -9999.0 -9999.0 -9999.0 -9999.0 -9999.0 -9999.0 -9999.0 -9999.0 -9999.0 -9999.0 -9999.0 -9999.0 -9999.0 -9999.0 -9999.0 -9999.0 -9999.0 -9999.0 -9999.0 -9999.0 -9999.0 -9999.0 -9999.0 -9999.0 -9999.0 -9999.0 -9999.0 -9999.0 -9999.0 -9999.0 -9999.0 -9999.0 -9999.0 -9999.0 -9999.0 -9999.0 -9999.0 -9999.0 -9999.0 -9999.0 -9999.0 -9999.0 -9999.0
-9999.0 -9999.0 -9999.0 -9999.0 -9999.0 -9999.0 -9999.0 -9999.0 -9999.0 -9999.0 -9999.0 -9999.0 -9999.0 -9999.0 -9999.0 -9999.0 -9999.0 -9999.0 -9999.0 -9999.0 -9999.0 -9999.0 -9999.0 -9999.0 -9999.0 -9999.0 -9999.0 -9999.0 -9999.0 -9999.0 -9999.0 -9999.0 -9999.0 -9999.0 -9999.0 -9999.0 -9999.0 -9999.0 -9999.0 -9999.0 -9999.0 -9999.0 -9999.0 -9999.0 -9999.0 -9999.0 -9999.0 -9999.0 -9999.0 -9999.0 -9999.0 -9999.0 -9999.0 -9999.0 -9999.0 -9999.0 -9999.0 -9999.0 -9999.0 -9999.0 -9999.0 -9999.0 -9999.0 -9999.0 -9999.0 -9999.0 -9999.0 -9999.0 -9999.0 -9999.0 -9999.0 -9999.0 -9999.0 -9999.0 -9999.0 -9999.0 -9999.0 -9999.0 -9999.0 -9999.0 -9999.0 -9999.0 -9999.0 -9999.0 -9999.0 -9999.0 -9999.0 -9999.0 -9999.0 -9999.0 -9999.0 -9999.0 -9999.0 -9999.0 -9999.0 -9999.0 -9999.0 -9999.0 -9999.0 -9999.0 -9999.0 -9999.0 -9999.0 -9999.0