inst/processing_geotop_simulation/geotop_simulation/out/maps3D/PwL0018N0474.asc
ncols         104
nrows         10
xllcorner     -2.000000
yllcorner     0.000000
cellsize      1.000000
NODATA_value  -9999.0
-9999.0 -9999.0 -9999.0 -9999.0 -9999.0 -9999.0 -9999.0 -9999.0 -9999.0 -9999.0 -9999.0 -9999.0 -9999.0 -9999.0 -9999.0 -9999.0 -9999.0 -9999.0 -9999.0 -9999.0 -9999.0 -9999.0 -9999.0 -9999.0 -9999.0 -9999.0 -9999.0 -9999.0 -9999.0 -9999.0 -9999.0 -9999.0 -9999.0 -9999.0 -9999.0 -9999.0 -9999.0 -9999.0 -9999.0 -9999.0 -9999.0 -9999.0 -9999.0 -9999.0 -9999.0 -9999.0 -9999.0 -9999.0 -9999.0 -9999.0 -9999.0 -9999.0 -9999.0 -9999.0 -9999.0 -9999.0 -9999.0 -9999.0 -9999.0 -9999.0 -9999.0 -9999.0 -9999.0 -9999.0 -9999.0 -9999.0 -9999.0 -9999.0 -9999.0 -9999.0 -9999.0 -9999.0 -9999.0 -9999.0 -9999.0 -9999.0 -9999.0 -9999.0 -9999.0 -9999.0 -9999.0 -9999.0 -9999.0 -9999.0 -9999.0 -9999.0 -9999.0 -9999.0 -9999.0 -9999.0 -9999.0 -9999.0 -9999.0 -9999.0 -9999.0 -9999.0 -9999.0 -9999.0 -9999.0 -9999.0 -9999.0 -9999.0 -9999.0 -9999.0
-9999.0 -9999.0 -9999.0 -9999.0 -9999.0 -9999.0 -9999.0 -9999.0 -9999.0 -9999.0 -9999.0 -9999.0 -9999.0 -9999.0 -9999.0 -9999.0 -9999.0 -9999.0 -9999.0 -9999.0 -9999.0 -9999.0 -9999.0 -9999.0 -9999.0 -9999.0 -9999.0 -9999.0 -9999.0 -9999.0 -9999.0 -9999.0 -9999.0 -9999.0 -9999.0 -9999.0 -9999.0 -9999.0 -9999.0 -9999.0 -9999.0 -9999.0 -9999.0 -9999.0 -9999.0 -9999.0 -9999.0 -9999.0 -9999.0 -9999.0 -9999.0 -9999.0 -9999.0 -9999.0 -9999.0 -9999.0 -9999.0 -9999.0 -9999.0 -9999.0 -9999.0 -9999.0 -9999.0 -9999.0 -9999.0 -9999.0 -9999.0 -9999.0 -9999.0 -9999.0 -9999.0 -9999.0 -9999.0 -9999.0 -9999.0 -9999.0 -9999.0 -9999.0 -9999.0 -9999.0 -9999.0 -9999.0 -9999.0 -9999.0 -9999.0 -9999.0 -9999.0 -9999.0 -9999.0 -9999.0 -9999.0 -9999.0 -9999.0 -9999.0 -9999.0 -9999.0 -9999.0 -9999.0 -9999.0 -9999.0 -9999.0 -9999.0 -9999.0 -9999.0
-9999.0 -9999.0 868.753051 769.564909 670.279684 570.886607 471.437533 371.963934 272.482670 173.002843 73.529499 -25.932764 -125.381460 -224.815473 -324.225467 -423.595362 -522.895792 -622.075449 -721.049111 -820.083559 -918.957262 -1017.572228 -1115.758524 -1210.544117 -1301.111683 -1385.439799 -1461.585684 -1528.054812 -1584.081552 -1629.724524 -1665.758214 -1693.430062 -1714.188578 -1729.463646 -1740.531292 -1748.458421 -1754.114740 -1758.270114 -1761.873170 -1766.534931 -1773.708564 -1779.220404 -1908.480238 -3981.492877 -4084.136754 -4084.155107 -4084.097813 -4083.611291 -4081.699552 -4076.399826 -4064.062007 -4035.016272 -3996.484438 -3955.901084 -3901.891182 -3823.321893 -3708.137874 -3549.749262 -3354.950499 -3141.278571 -2839.116314 -1657.697904 -1734.572372 -1766.236756 -1767.992063 -1767.316543 -1767.050538 -1766.988417 -1766.976910 -1766.975415 -1766.975661 -1766.976140 -1766.976597 -1766.977002 -1766.977363 -1766.977693 -1766.978001 -1766.978296 -1766.978584 -1766.978873 -1766.979169 -1766.979483 -1766.979827 -1766.980219 -1766.980688 -1766.981278 -1766.982062 -1766.983163 -1766.984791 -1766.987328 -1766.991480 -1766.998599 -1767.011362 -1767.035200 -1767.081537 -1767.175544 -1767.376154 -1767.830958 -1768.936286 -1771.843718 -1780.215917 -1806.890053 -9999.0 -9999.0
-9999.0 -9999.0 868.756015 769.565994 670.280031 570.886719 471.437571 371.963947 272.482675 173.002845 73.529500 -25.932763 -125.381459 -224.815473 -324.225467 -423.595362 -522.895792 -622.075449 -721.049111 -820.083559 -918.957262 -1017.572229 -1115.758524 -1210.544117 -1301.111684 -1385.439799 -1461.585685 -1528.054812 -1584.081552 -1629.724524 -1665.758214 -1693.430062 -1714.188578 -1729.463646 -1740.531292 -1748.458421 -1754.114740 -1758.270114 -1761.873170 -1766.534931 -1773.708564 -1779.220404 -1908.480238 -3981.492877 -4084.136754 -4084.155107 -4084.097813 -4083.611291 -4081.699552 -4076.399826 -4064.062007 -4035.016272 -3996.484438 -3955.901084 -3901.891182 -3823.321893 -3708.137873 -3549.749262 -3354.950498 -3141.278571 -2839.116314 -1657.697904 -1734.572372 -1766.236756 -1767.992063 -1767.316543 -1767.050538 -1766.988417 -1766.976910 -1766.975415 -1766.975661 -1766.976139 -1766.976597 -1766.977002 -1766.977363 -1766.977693 -1766.978001 -1766.978296 -1766.978584 -1766.978873 -1766.979169 -1766.979483 -1766.979827 -1766.980219 -1766.980688 -1766.981278 -1766.982062 -1766.983163 -1766.984791 -1766.987328 -1766.991480 -1766.998599 -1767.011362 -1767.035200 -1767.081537 -1767.175544 -1767.376154 -1767.830958 -1768.936286 -1771.843718 -1780.215917 -1806.890053 -9999.0 -9999.0
-9999.0 -9999.0 868.757082 769.566561 670.280268 570.886809 471.437604 371.963959 272.482680 173.002847 73.529501 -25.932763 -125.381459 -224.815473 -324.225467 -423.595362 -522.895792 -622.075449 -721.049111 -820.083559 -918.957262 -1017.572229 -1115.758524 -1210.544117 -1301.111684 -1385.439799 -1461.585685 -1528.054812 -1584.081552 -1629.724524 -1665.758214 -1693.430062 -1714.188578 -1729.463646 -1740.531292 -1748.458421 -1754.114740 -1758.270114 -1761.873170 -1766.534931 -1773.708564 -1779.220403 -1908.480238 -3981.492877 -4084.136754 -4084.155107 -4084.097813 -4083.611291 -4081.699552 -4076.399826 -4064.062007 -4035.016272 -3996.484438 -3955.901084 -3901.891182 -3823.321893 -3708.137873 -3549.749261 -3354.950498 -3141.278571 -2839.116314 -1657.697904 -1734.572372 -1766.236756 -1767.992063 -1767.316543 -1767.050538 -1766.988417 -1766.976910 -1766.975415 -1766.975661 -1766.976139 -1766.976597 -1766.977002 -1766.977363 -1766.977693 -1766.978001 -1766.978296 -1766.978584 -1766.978873 -1766.979169 -1766.979483 -1766.979827 -1766.980219 -1766.980688 -1766.981278 -1766.982062 -1766.983163 -1766.984791 -1766.987328 -1766.991480 -1766.998599 -1767.011362 -1767.035200 -1767.081537 -1767.175544 -1767.376154 -1767.830958 -1768.936286 -1771.843718 -1780.215917 -1806.890053 -9999.0 -9999.0
-9999.0 -9999.0 868.757082 769.566561 670.280268 570.886809 471.437604 371.963959 272.482680 173.002847 73.529501 -25.932763 -125.381459 -224.815473 -324.225467 -423.595362 -522.895792 -622.075449 -721.049111 -820.083559 -918.957262 -1017.572229 -1115.758524 -1210.544117 -1301.111684 -1385.439799 -1461.585685 -1528.054812 -1584.081552 -1629.724524 -1665.758214 -1693.430062 -1714.188578 -1729.463646 -1740.531292 -1748.458421 -1754.114740 -1758.270114 -1761.873170 -1766.534931 -1773.708564 -1779.220403 -1908.480238 -3981.492877 -4084.136754 -4084.155107 -4084.097813 -4083.611291 -4081.699552 -4076.399826 -4064.062007 -4035.016272 -3996.484438 -3955.901084 -3901.891182 -3823.321893 -3708.137873 -3549.749261 -3354.950498 -3141.278571 -2839.116314 -1657.697904 -1734.572372 -1766.236756 -1767.992063 -1767.316543 -1767.050538 -1766.988417 -1766.976910 -1766.975415 -1766.975661 -1766.976139 -1766.976597 -1766.977002 -1766.977363 -1766.977693 -1766.978001 -1766.978296 -1766.978584 -1766.978873 -1766.979169 -1766.979483 -1766.979827 -1766.980219 -1766.980688 -1766.981278 -1766.982062 -1766.983163 -1766.984791 -1766.987328 -1766.991480 -1766.998599 -1767.011362 -1767.035200 -1767.081537 -1767.175544 -1767.376154 -1767.830958 -1768.936286 -1771.843718 -1780.215917 -1806.890053 -9999.0 -9999.0
-9999.0 -9999.0 868.756015 769.565994 670.280031 570.886719 471.437571 371.963947 272.482675 173.002845 73.529500 -25.932763 -125.381459 -224.815473 -324.225467 -423.595362 -522.895792 -622.075449 -721.049111 -820.083559 -918.957262 -1017.572229 -1115.758524 -1210.544117 -1301.111684 -1385.439799 -1461.585685 -1528.054812 -1584.081552 -1629.724524 -1665.758214 -1693.430062 -1714.188578 -1729.463646 -1740.531292 -1748.458421 -1754.114740 -1758.270114 -1761.873170 -1766.534931 -1773.708564 -1779.220404 -1908.480238 -3981.492877 -4084.136754 -4084.155107 -4084.097813 -4083.611291 -4081.699552 -4076.399826 -4064.062007 -4035.016272 -3996.484438 -3955.901084 -3901.891182 -3823.321893 -3708.137873 -3549.749261 -3354.950498 -3141.278571 -2839.116314 -1657.697904 -1734.572372 -1766.236756 -1767.992063 -1767.316543 -1767.050538 -1766.988417 -1766.976910 -1766.975415 -1766.975661 -1766.976139 -1766.976597 -1766.977002 -1766.977363 -1766.977693 -1766.978001 -1766.978296 -1766.978584 -1766.978873 -1766.979169 -1766.979483 -1766.979827 -1766.980219 -1766.980688 -1766.981278 -1766.982062 -1766.983163 -1766.984791 -1766.987328 -1766.991480 -1766.998599 -1767.011362 -1767.035200 -1767.081537 -1767.175544 -1767.376154 -1767.830958 -1768.936286 -1771.843718 -1780.215917 -1806.890053 -9999.0 -9999.0
-9999.0 -9999.0 868.753051 769.564909 670.279684 570.886607 471.437533 371.963934 272.482670 173.002843 73.529499 -25.932764 -125.381460 -224.815473 -324.225467 -423.595362 -522.895792 -622.075449 -721.049111 -820.083559 -918.957262 -1017.572228 -1115.758524 -1210.544117 -1301.111683 -1385.439799 -1461.585685 -1528.054812 -1584.081552 -1629.724524 -1665.758214 -1693.430062 -1714.188578 -1729.463646 -1740.531292 -1748.458421 -1754.114740 -1758.270114 -1761.873170 -1766.534931 -1773.708564 -1779.220404 -1908.480238 -3981.492877 -4084.136754 -4084.155107 -4084.097813 -4083.611291 -4081.699552 -4076.399826 -4064.062007 -4035.016272 -3996.484438 -3955.901085 -3901.891182 -3823.321893 -3708.137874 -3549.749262 -3354.950498 -3141.278572 -2839.116315 -1657.697904 -1734.572372 -1766.236756 -1767.992063 -1767.316543 -1767.050538 -1766.988417 -1766.976910 -1766.975415 -1766.975661 -1766.976140 -1766.976597 -1766.977002 -1766.977363 -1766.977693 -1766.978001 -1766.978296 -1766.978584 -1766.978873 -1766.979169 -1766.979483 -1766.979827 -1766.980219 -1766.980688 -1766.981278 -1766.982062 -1766.983163 -1766.984791 -1766.987328 -1766.991480 -1766.998599 -1767.011362 -1767.035200 -1767.081537 -1767.175544 -1767.376154 -1767.830958 -1768.936286 -1771.843718 -1780.215917 -1806.890053 -9999.0 -9999.0
-9999.0 -9999.0 -9999.0 -9999.0 -9999.0 -9999.0 -9999.0 -9999.0 -9999.0 -9999.0 -9999.0 -9999.0 -9999.0 -9999.0 -9999.0 -9999.0 -9999.0 -9999.0 -9999.0 -9999.0 -9999.0 -9999.0 -9999.0 -9999.0 -9999.0 -9999.0 -9999.0 -9999.0 -9999.0 -9999.0 -9999.0 -9999.0 -9999.0 -9999.0 -9999.0 -9999.0 -9999.0 -9999.0 -9999.0 -9999.0 -9999.0 -9999.0 -9999.0 -9999.0 -9999.0 -9999.0 -9999.0 -9999.0 -9999.0 -9999.0 -9999.0 -9999.0 -9999.0 -9999.0 -9999.0 -9999.0 -9999.0 -9999.0 -9999.0 -9999.0 -9999.0 -9999.0 -9999.0 -9999.0 -9999.0 -9999.0 -9999.0 -9999.0 -9999.0 -9999.0 -9999.0 -9999.0 -9999.0 -9999.0 -9999.0 -9999.0 -9999.0 -9999.0 -9999.0 -9999.0 -9999.0 -9999.0 -9999.0 -9999.0 -9999.0 -9999.0 -9999.0 -9999.0 -9999.0 -9999.0 -9999.0 -9999.0 -9999.0 -9999.0 -9999.0 -9999.0 -9999.0 -9999.0 -9999.0 -9999.0 -9999.0 -9999.0 -9999.0 -9999.0
-9999.0 -9999.0 -9999.0 -9999.0 -9999.0 -9999.0 -9999.0 -9999.0 -9999.0 -9999.0 -9999.0 -9999.0 -9999.0 -9999.0 -9999.0 -9999.0 -9999.0 -9999.0 -9999.0 -9999.0 -9999.0 -9999.0 -9999.0 -9999.0 -9999.0 -9999.0 -9999.0 -9999.0 -9999.0 -9999.0 -9999.0 -9999.0 -9999.0 -9999.0 -9999.0 -9999.0 -9999.0 -9999.0 -9999.0 -9999.0 -9999.0 -9999.0 -9999.0 -9999.0 -9999.0 -9999.0 -9999.0 -9999.0 -9999.0 -9999.0 -9999.0 -9999.0 -9999.0 -9999.0 -9999.0 -9999.0 -9999.0 -9999.0 -9999.0 -9999.0 -9999.0 -9999.0 -9999.0 -9999.0 -9999.0 -9999.0 -9999.0 -9999.0 -9999.0 -9999.0 -9999.0 -9999.0 -9999.0 -9999.0 -9999.0 -9999.0 -9999.0 -9999.0 -9999.0 -9999.0 -9999.0 -9999.0 -9999.0 -9999.0 -9999.0 -9999.0 -9999.0 -9999.0 -9999.0 -9999.0 -9999.0 -9999.0 -9999.0 -9999.0 -9999.0 -9999.0 -9999.0 -9999.0 -9999.0 -9999.0 -9999.0 -9999.0 -9999.0 -9999.0